py_wake/examples/data/AJ_ParqueFicticio/Ridge area   Sector 8   Height 200m   Orographic speed.grd
DSAA
90  129
 262878   265103
 6504214   6507414
 .1345283   1.404401
[rows 27 to 53 of 129, columns 0 to 61 of 90]
.7970713 .799796 .8051767 .8104413 .815111 .8199293 .8245214 .8286551 .8335031 .8385386 .8425247 .8452898 .8476179 .8498386 .8530032 .8568757 .8613055 .8659059 .8699986 .8744872 .8830876 .8926767 .9015747 .9111472 .9203379 .9308154 .9431357 .95805 .9749367 .9913672 1.007722 1.023716 1.040394 1.057161 1.071999 1.087824 1.10434 1.120689 1.138989 1.155378 1.167311 1.180568 1.194315 1.205724 1.209949 1.205183 1.191893 1.168351 1.136756 1.097425 1.044055 .9674508 .8486819 .6863099 .5258829 .416865 .3823765 .4039651 .44448 .4824703 .5083125 .5221944
.7967789 .8010095 .8073335 .8133472 .8193473 .8259261 .8321264 .8381441 .8440432 .8489332 .8521749 .8533934 .8523299 .8503984 .8488619 .8486405 .8498161 .8517937 .8540397 .8570763 .8633234 .869989 .8761886 .8841203 .8914587 .8998631 .9114372 .9258639 .9430409 .9611686 .9783942 .9949448 1.012846 1.030648 1.047554 1.064429 1.081854 1.098624 1.117659 1.135474 1.150617 1.167137 1.183888 1.195968 1.198598 1.192163 1.177659 1.152439 1.118367 1.077389 1.017352 .9234191 .78396 .6149326 .4681465 .3845342 .3675912 .3951827 .4385158 .4792839 .5074006 .5246506
.7964053 .8021224 .8089802 .8151843 .8220387 .8299813 .8377456 .8458478 .8536218 .8596643 .8616069 .859312 .8555594 .8515045 .8473864 .8441934 .8420349 .8409998 .8401957 .8409007 .8446434 .8478746 .8506514 .856024 .8613598 .8668529 .8776754 .8927923 .9109882 .9296201 .9471707 .9644458 .9823071 1.001431 1.020531 1.038353 1.056814 1.07499 1.095486 1.115776 1.134751 1.15539 1.176178 1.189122 1.190293 1.182135 1.165624 1.138711 1.102329 1.058111 .9886847 .876396 .721953 .5539426 .4231597 .3620515 .3591441 .3905661 .4344467 .4768604 .5075344 .5272402
.795198 .8021086 .8093423 .8157613 .8231135 .8313629 .839773 .8490389 .8582594 .8652372 .8652297 .8611005 .8561581 .8519264 .8478816 .8435202 .839153 .8346923 .830291 .8283479 .830247 .8298218 .8293598 .8329272 .8360309 .8388362 .8497231 .8664986 .8843395 .9020333 .9195586 .9358718 .9517098 .9719357 .9931948 1.012652 1.031961 1.052056 1.075058 1.098796 1.122591 1.148785 1.17338 1.185657 1.185894 1.176396 1.156915 1.128107 1.088984 1.03971 .9610787 .8369648 .6786861 .5158989 .3944571 .3489272 .3589699 .3925199 .4345145 .4770084 .5098748 .5314058
.7906848 .7980888 .8055223 .8117817 .8192795 .8277162 .836191 .8448508 .8531328 .8587282 .858592 .856165 .8531186 .8500977 .847015 .8431905 .8379288 .8322594 .8282369 .827174 .8268673 .8252255 .8246179 .8270139 .8285789 .8316724 .8415648 .8559611 .870018 .8843855 .8998396 .9155466 .9323201 .9518245 .9717653 .9914609 1.011329 1.032859 1.058118 1.08515 1.112983 1.1433 1.16868 1.179734 1.180072 1.17041 1.148783 1.11859 1.078516 1.026712 .9453941 .8180163 .6630681 .5101585 .391944 .3514725 .3690862 .4037388 .4432767 .4832852 .5171024 .5402126
.7850006 .7926872 .8001849 .8062003 .8133118 .821022 .8283898 .8352407 .8414481 .8453556 .8459914 .8456598 .8453636 .8447742 .843284 .8401905 .8354977 .8323255 .8321795 .8321838 .8313126 .8309771 .8312371 .832167 .8335124 .8367111 .8437549 .8541901 .8644982 .8755407 .8893926 .9047715 .9219926 .9387576 .9555402 .9737919 .9936376 1.016158 1.04297 1.07205 1.102913 1.135608 1.159998 1.170894 1.172009 1.162648 1.141607 1.110763 1.071671 1.019508 .9389856 .8152788 .66688 .5238258 .4063732 .3613367 .3812577 .4172404 .4557029 .4940046 .5274182 .55158
.7783251 .7865904 .7943459 .8001321 .8068707 .8138098 .8199475 .8248709 .8289852 .8317198 .8334936 .8350598 .836814 .837985 .83758 .8352787 .8323043 .834058 .8384339 .8405853 .8412573 .8413284 .8414024 .8418956 .8420421 .8433273 .8484806 .8566119 .8646275 .8748246 .8864784 .8986827 .9144668 .9290382 .9433617 .9608913 .9803343 1.002727 1.0295 1.059178 1.092897 1.127566 1.150818 1.162227 1.164261 1.155138 1.136088 1.105831 1.067277 1.017367 .9444636 .8328568 .6921487 .5538344 .4419418 .3892288 .4005845 .4339106 .4706438 .5074046 .5405656 .5649521
.7708938 .7804698 .7890093 .7949598 .8020843 .8088306 .8142442 .8184374 .8214987 .8235446 .8262215 .8291684 .8320721 .833751 .8332599 .8311406 .8316117 .8380868 .845386 .8505978 .8525174 .8530814 .8539755 .8539487 .8528532 .8537819 .8582568 .8659101 .876024 .8860549 .8953414 .9062974 .9192802 .9309791 .9450758 .9619229 .9782874 .9998186 1.02444 1.052405 1.087206 1.121378 1.142956 1.155317 1.15881 1.150555 1.134247 1.106461 1.070751 1.027381 .9642488 .8687611 .7368238 .6011187 .4957129 .438534 .4315381 .454605 .4873873 .5216928 .5539959 .5794705
.7654485 .7765956 .7856333 .7917799 .8004367 .8083122 .8147032 .8196725 .8230603 .8254965 .8282408 .8308851 .8337492 .8351943 .8346491 .8337521 .837482 .845135 .8528506 .8588322 .8628361 .8661507 .8685434 .8697863 .8708869 .8737848 .8789194 .8881855 .8998392 .9102226 .920294 .9310883 .9412993 .9518818 .9656329 .9792899 .9941579 1.012891 1.033502 1.056888 1.088342 1.119182 1.138539 1.151771 1.157176 1.151262 1.137552 1.113706 1.080577 1.043308 .9939396 .9177365 .8052194 .6785314 .5675713 .4924336 .4683789 .4802428 .5063004 .5366798 .5665528 .5915347
.7631915 .7745452 .7834222 .7895821 .8007043 .8106319 .8188472 .8251452 .8296029 .8329992 .8355989 .8380495 .8413356 .8428262 .8430685 .8447872 .8488438 .8551567 .8623472 .8683049 .8742986 .880239 .8849099 .8902128 .8955618 .9015872 .909927 .9213005 .9343945 .9454172 .9546736 .9635382 .9727023 .9833551 .9958108 1.008201 1.020941 1.03591 1.051303 1.069863 1.094985 1.12068 1.138625 1.153054 1.161187 1.158378 1.145741 1.123376 1.095962 1.064415 1.026735 .9681595 .8755199 .7588751 .6433331 .5523811 .5080542 .507569 .5266033 .5521601 .5788003 .6013532
.7637451 .7737086 .7818045 .7884086 .802439 .8146861 .8247932 .8325251 .8382952 .8429936 .846204 .8499692 .8543789 .8567166 .8585393 .8607509 .8635774 .8686249 .8746924 .8812085 .8902905 .8982421 .9063328 .9152418 .9248086 .9347432 .945885 .9596704 .9748673 .9853924 .9933174 1.001381 1.010438 1.020569 1.030381 1.041108 1.052052 1.061921 1.070905 1.084343 1.105233 1.127881 1.145858 1.161187 1.171034 1.171714 1.158534 1.136969 1.113522 1.086518 1.053448 1.009579 .934656 .8278038 .7125039 .6122144 .5516179 .5360078 .5463291 .5677478 .5912644 .6114895
.7678666 .7741852 .7811934 .7895874 .8058104 .8194005 .8307998 .8398533 .8469798 .8538217 .8593758 .8664029 .8729838 .8771551 .878768 .8802948 .8839878 .8896508 .8951924 .9040163 .9151976 .9252939 .9348482 .9458269 .9577331 .9705785 .9840699 .9988461 1.014174 1.026159 1.035267 1.043049 1.051041 1.059124 1.067367 1.075351 1.082188 1.087918 1.094207 1.105544 1.123268 1.144108 1.161999 1.175887 1.185256 1.186074 1.173253 1.153075 1.131055 1.10729 1.077649 1.03865 .9754155 .8771386 .7619989 .6573668 .586207 .5581669 .5631726 .582028 .6033682 .6218806
.7722794 .7769344 .7834614 .7949451 .8111789 .8250543 .8377307 .8484613 .8576123 .8660712 .8739436 .8837187 .8926788 .8989035 .9025901 .9062328 .9125405 .9193735 .928397 .9386988 .9493832 .9596223 .9698899 .9825187 .9950932 1.009054 1.023507 1.037673 1.052289 1.065585 1.076172 1.085023 1.093882 1.100448 1.106362 1.111599 1.116899 1.12067 1.124644 1.133399 1.147762 1.165433 1.18001 1.190748 1.197896 1.197069 1.185667 1.169565 1.149738 1.125999 1.098756 1.061865 1.000714 .90551 .7916339 .6824217 .6048637 .5740682 .5767552 .593913 .6140622 .6312734
.7789505 .783993 .7911078 .8038089 .8178856 .8310278 .8445064 .856468 .8675714 .8784404 .8896417 .9024103 .9137377 .9221832 .9298638 .9383878 .9464598 .9558789 .96731 .9778474 .9875819 .9970099 1.008569 1.022844 1.036768 1.051299 1.064946 1.078462 1.092897 1.106505 1.118167 1.127889 1.136708 1.141841 1.145164 1.147963 1.150485 1.152635 1.154939 1.160949 1.171123 1.184383 1.196276 1.205365 1.211845 1.210646 1.200428 1.185023 1.165457 1.141549 1.115203 1.081565 1.019399 .9204673 .8079057 .6987936 .6173308 .5847706 .5881382 .6054271 .6252144 .6425521
.7903256 .7954351 .8023595 .8122298 .8237413 .8360935 .850527 .8636715 .8768184 .8902232 .9046403 .9202464 .9341809 .9465826 .9586567 .9706597 .9821278 .9931177 1.005302 1.015265 1.024414 1.035437 1.048489 1.064105 1.078861 1.093673 1.106379 1.119081 1.131688 1.145739 1.155826 1.165717 1.172842 1.175246 1.177004 1.180778 1.182535 1.180933 1.180252 1.183397 1.191347 1.204827 1.215629 1.221627 1.225372 1.223726 1.214494 1.197615 1.17756 1.154528 1.12719 1.09182 1.031219 .931043 .8168088 .7080355 .6264773 .5936822 .5977677 .6164277 .6365904 .6535506
.8034182 .8069613 .8109174 .8167581 .8271134 .8403513 .8563188 .870621 .8853607 .9004924 .9175738 .9357818 .9522705 .9676545 .9825917 .9973809 1.011316 1.024102 1.035841 1.046699 1.058333 1.069514 1.082595 1.097444 1.111765 1.125249 1.137123 1.148622 1.160718 1.173227 1.181308 1.190133 1.193641 1.195149 1.197859 1.200849 1.199689 1.196052 1.195125 1.198502 1.20783 1.217916 1.224452 1.228378 1.23181 1.230614 1.222089 1.207404 1.18673 1.162266 1.132164 1.093004 1.03377 .9357607 .8191723 .7114527 .6343029 .6033583 .6084886 .6285872 .6496342 .6677412
.8138133 .8154694 .8173645 .8213305 .8301591 .8444882 .8609495 .8754298 .8915978 .9087443 .9281315 .9483679 .9668209 .9844296 1.001161 1.01752 1.032836 1.047243 1.06091 1.073882 1.085493 1.095695 1.10744 1.119726 1.131776 1.143053 1.152603 1.162303 1.173782 1.184416 1.191728 1.198666 1.201145 1.203529 1.206715 1.207814 1.206392 1.204791 1.205821 1.210153 1.216301 1.222339 1.22836 1.232836 1.236332 1.235041 1.226206 1.211747 1.191789 1.165392 1.132768 1.090807 1.029852 .9329147 .8164164 .712342 .6419466 .6161192 .6228638 .6441047 .6667559 .687045
.8279878 .8276503 .8274145 .8302026 .8379245 .8493952 .862799 .8762597 .8937789 .9130896 .9341487 .9558344 .9764234 .9962251 1.015103 1.033158 1.048977 1.063882 1.078824 1.093355 1.104875 1.115039 1.125364 1.134498 1.143237 1.151093 1.157896 1.16612 1.176629 1.185956 1.192149 1.197347 1.199743 1.202788 1.205992 1.206972 1.207187 1.208707 1.211846 1.215165 1.218975 1.224524 1.23153 1.237228 1.241179 1.239079 1.228733 1.213274 1.193455 1.166291 1.132445 1.088956 1.026448 .9318102 .8164209 .7141516 .6490197 .6288962 .6395401 .6626507 .6865253 .7084314
.8464416 .8449877 .8434188 .8446838 .8487605 .8533452 .8617077 .8736625 .8919685 .912826 .9356224 .9590638 .9809743 1.001789 1.021584 1.040095 1.055361 1.069585 1.084771 1.099262 1.110385 1.12036 1.129408 1.13599 1.14186 1.147135 1.152327 1.15989 1.169786 1.177379 1.181292 1.184924 1.187704 1.191581 1.195811 1.198149 1.200179 1.204185 1.209216 1.213182 1.21814 1.225881 1.235918 1.242421 1.244965 1.241625 1.229918 1.213 1.192593 1.166488 1.132018 1.088194 1.025356 .93282 .8184107 .7163088 .6558467 .6416028 .6564111 .6818959 .707751 .7325576
.8652679 .860368 .8551127 .8525547 .8515912 .8513104 .8554217 .8662936 .8853626 .9066518 .9290728 .9520804 .9734333 .9939848 1.014223 1.032238 1.046446 1.059533 1.072908 1.084725 1.094064 1.102767 1.109502 1.113932 1.11797 1.122708 1.128217 1.135269 1.144224 1.151341 1.155675 1.159861 1.164366 1.16958 1.175084 1.179105 1.182893 1.189058 1.196122 1.202099 1.20992 1.220731 1.23249 1.238222 1.240106 1.237143 1.227749 1.211983 1.191563 1.166444 1.132697 1.089503 1.026944 .9365062 .8255966 .725422 .6698952 .6576028 .6730998 .7001272 .7280504 .7562109
.8829926 .8758871 .8676503 .8607814 .8544992 .8499162 .8502426 .8586175 .8757383 .8941907 .9138249 .9345279 .9536195 .9732962 .9918829 1.007434 1.020042 1.031222 1.042114 1.051612 1.058788 1.065177 1.069591 1.0727 1.076586 1.081721 1.087855 1.094693 1.103159 1.111337 1.118349 1.124646 1.132013 1.139119 1.145789 1.151905 1.15767 1.165631 1.175062 1.183671 1.19413 1.207489 1.220561 1.227579 1.23185 1.230147 1.223569 1.212115 1.193398 1.168841 1.13595 1.093008 1.03218 .9457138 .8412417 .7463492 .6916867 .6799439 .6954245 .724445 .7561162 .7887556
.9024485 .8945751 .8859529 .8763365 .8658373 .858311 .8553873 .8581983 .8669717 .8789048 .8943824 .9125134 .9291454 .9466951 .9644567 .9787027 .9889618 .9983447 1.007379 1.01475 1.01994 1.024176 1.027057 1.028996 1.031121 1.03616 1.043256 1.050874 1.058984 1.067101 1.075895 1.085346 1.094772 1.104398 1.113063 1.121479 1.13019 1.140223 1.152543 1.16468 1.177349 1.19299 1.207606 1.2164 1.223164 1.224275 1.220288 1.21314 1.198283 1.173708 1.141125 1.098287 1.038981 .9558658 .8579101 .7692072 .7143183 .7031217 .7211959 .7520824 .7874838 .82529
.9241415 .9155856 .9056423 .8931312 .881036 .8710708 .8642666 .8602111 .8592481 .8636819 .8746985 .8896427 .904066 .9200742 .9376523 .9497054 .958801 .96593 .9721923 .9778642 .9819104 .9842784 .9857609 .9871239 .9886682 .9917423 .9984891 1.006249 1.014089 1.023037 1.032519 1.04314 1.05456 1.067176 1.07885 1.089184 1.100734 1.114173 1.129799 1.145954 1.160569 1.178389 1.194983 1.205994 1.215618 1.220633 1.219664 1.213995 1.203062 1.179275 1.146339 1.103407 1.044953 .9649137 .8710229 .7884492 .7385198 .7282009 .7464109 .7798886 .8211067 .8668836
.9465933 .9373996 .9258491 .9127067 .8988674 .8842278 .871942 .8614032 .8544992 .8541281 .8614261 .8730037 .8865088 .901562 .9157632 .9238344 .9303074 .9344646 .9371979 .9406645 .9440253 .9459277 .94693 .9493616 .9510115 .9521893 .9567387 .96332 .9709027 .9793585 .9871716 .9978972 1.011953 1.027612 1.041752 1.054016 1.068587 1.086861 1.106254 1.126737 1.14398 1.16431 1.183766 1.197852 1.210986 1.220222 1.222168 1.216488 1.205736 1.184118 1.150791 1.107961 1.050629 .9745126 .8860405 .8104154 .7668002 .758315 .7784719 .8172579 .866738 .922031
.9700761 .9621971 .9504645 .9363262 .9201687 .9024981 .88648 .8703697 .8585984 .8526726 .8549097 .8646577 .8791115 .8913299 .8983691 .9004841 .9015219 .9036543 .9030952 .9033763 .9061194 .9089508 .9115854 .9147379 .9180112 .9195558 .9206515 .9258809 .9283163 .9318137 .9403724 .9508954 .9676483 .9857934 1.000469 1.013822 1.033907 1.057006 1.080948 1.105732 1.127587 1.151552 1.174845 1.192802 1.210385 1.224156 1.227529 1.220574 1.208648 1.189147 1.156534 1.113226 1.057472 .9867125 .9089752 .8417907 .8035501 .7979076 .821027 .8645036 .9199392 .9817899
.9922544 .9855502 .9751409 .9615037 .9425809 .9223514 .9007289 .8799787 .8633106 .8507827 .8491659 .8598674 .8750327 .8834782 .883374 .8778036 .8733047 .8740918 .8716308 .8684794 .870527 .8752086 .8800483 .8854466 .8902588 .8912938 .8901793 .8920383 .8902763 .8884125 .8966057 .9065292 .9240203 .944684 .9613061 .9774802 1.001161 1.027523 1.054802 1.083502 1.111664 1.140766 1.168685 1.191525 1.214755 1.232948 1.236351 1.227597 1.214284 1.195325 1.164328 1.120495 1.067209 1.001531 .9337236 .8811404 .8491192 .8447827 .8678291 .915286 .9775468 1.044927
1.013725 1.006219 .9954918 .9812556 .962424 .9409378 .9166434 .895376 .8751879 .8580201 .8547532 .8633941 .8755177 .8791566 .8745236 .8633144 .8557389 .8542599 .8493404 .8439733 .8458741 .8517556 .8589424 .8669742 .8730276 .8740891 .8728716 .8758526 .8721873 .8666624 .874162 .8830848 .8999861 .9217634 .9405732 .9589537 .9814165 1.006122 1.034926 1.068492 1.102367 1.13608 1.167976 1.195785 1.224528 1.244932 1.247316 1.237607 1.222911 1.203695 1.17514 1.134529 1.085601 1.027248 .9669064 .924086 .9039312 .9038233 .9261848 .974483 1.037706 1.105855
