py_wake/examples/data/AJ_ParqueFicticio/Ridge area   Sector 1   Height 200m   Mean speed.grd
DSAA
90  129
 262878   265103
 6504214   6507414
 .3740217   5.395012
[rows 81 to 107 of 129, columns 0 to 61 of 90]
3.203275 3.22169 3.250147 3.280487 3.315372 3.360632 3.416657 3.484256 3.558635 3.622107 3.677768 3.729476 3.75859 3.770679 3.777328 3.784469 3.791599 3.784036 3.773753 3.764228 3.747666 3.730711 3.697987 3.653546 3.598386 3.544842 3.496232 3.459988 3.441694 3.433499 3.428279 3.437651 3.488763 3.591334 3.727451 3.869594 4.001567 4.127553 4.249117 4.360813 4.446616 4.520197 4.579231 4.604194 4.604922 4.594049 4.567221 4.529364 4.454146 4.338012 4.21655 4.080988 3.94475 3.814692 3.706089 3.627634 3.577799 3.546665 3.536038 3.546974 3.567338 3.591856
3.45114 3.49843 3.545094 3.588867 3.63635 3.684386 3.738712 3.797248 3.847097 3.899701 3.961606 4.016192 4.050268 4.066977 4.071684 4.065651 4.050437 4.04526 4.047479 4.047868 4.026041 3.986312 3.936085 3.890698 3.84868 3.810405 3.767865 3.73448 3.717874 3.704786 3.697273 3.702181 3.742073 3.831335 3.940656 4.058804 4.183666 4.30701 4.427411 4.527172 4.602043 4.663826 4.696129 4.695473 4.678935 4.65462 4.618002 4.573703 4.476955 4.357672 4.228921 4.081903 3.932679 3.785295 3.65322 3.543192 3.456519 3.389792 3.358107 3.364526 3.385351 3.414044
3.661136 3.721282 3.78338 3.839674 3.888881 3.944726 3.999441 4.040229 4.08014 4.130982 4.18199 4.223812 4.25794 4.271667 4.258811 4.237084 4.219309 4.210887 4.211782 4.212284 4.180805 4.136254 4.088036 4.049111 4.022909 3.999303 3.96926 3.946398 3.937671 3.924935 3.912742 3.916149 3.953042 4.029095 4.129199 4.234376 4.349266 4.463211 4.574096 4.656837 4.721147 4.76798 4.784797 4.775715 4.749453 4.713545 4.672348 4.61878 4.515779 4.400936 4.270989 4.120904 3.965554 3.812386 3.665068 3.529763 3.411845 3.312602 3.252156 3.229743 3.227922 3.251464
3.865182 3.932268 3.994372 4.045874 4.091706 4.137882 4.17631 4.207552 4.239168 4.273717 4.302004 4.321723 4.331713 4.32847 4.311587 4.287883 4.267854 4.253414 4.240414 4.223588 4.200308 4.166008 4.129727 4.100515 4.083712 4.083519 4.082566 4.080964 4.089073 4.089899 4.090641 4.108631 4.149702 4.220904 4.310358 4.40298 4.495626 4.593765 4.684042 4.751274 4.80632 4.843128 4.852832 4.839236 4.80619 4.765886 4.721858 4.65392 4.553751 4.450545 4.329982 4.194095 4.04891 3.89751 3.742478 3.594646 3.458869 3.336021 3.239805 3.16786 3.129333 3.127122
4.036787 4.099523 4.154104 4.201029 4.243641 4.275296 4.299464 4.321582 4.339765 4.349085 4.345948 4.326902 4.294751 4.262241 4.236536 4.213058 4.189379 4.165468 4.138722 4.117722 4.101768 4.079934 4.057431 4.044107 4.047664 4.074594 4.111145 4.146886 4.185033 4.212242 4.24474 4.28512 4.339349 4.406558 4.484488 4.561306 4.629676 4.706038 4.771368 4.821475 4.863102 4.887658 4.892965 4.879895 4.844816 4.801692 4.749773 4.677811 4.592957 4.504487 4.398664 4.281329 4.150544 4.006378 3.851227 3.700852 3.563357 3.428968 3.299826 3.18193 3.091185 3.033232
4.162652 4.213774 4.259201 4.299559 4.331349 4.346447 4.350193 4.347469 4.339172 4.320614 4.284511 4.233665 4.176489 4.125905 4.085996 4.057572 4.037727 4.013667 3.989738 3.969061 3.950587 3.935719 3.926529 3.93617 3.965274 4.020062 4.093888 4.168697 4.241998 4.304108 4.366961 4.440942 4.505919 4.570584 4.634528 4.687393 4.739925 4.795637 4.838632 4.870875 4.890518 4.891851 4.87788 4.852254 4.810074 4.762917 4.71698 4.666942 4.613078 4.546548 4.461339 4.36612 4.251696 4.118114 3.970117 3.824078 3.692613 3.554681 3.404369 3.256232 3.121401 3.0005
4.228467 4.263301 4.291349 4.313827 4.324759 4.317783 4.298217 4.269909 4.234242 4.190675 4.137247 4.075138 4.009812 3.947395 3.890492 3.851982 3.840764 3.834528 3.825166 3.807854 3.791417 3.779173 3.787263 3.825748 3.882069 3.960114 4.068382 4.174289 4.279016 4.376162 4.466758 4.550978 4.6264 4.695249 4.747071 4.788712 4.83036 4.867376 4.890678 4.902153 4.894752 4.868785 4.830004 4.782793 4.728719 4.688588 4.660407 4.633279 4.605488 4.562697 4.501237 4.427707 4.335708 4.225126 4.096541 3.961874 3.83514 3.705028 3.560732 3.41141 3.266847 3.112855
4.232945 4.249795 4.259891 4.261863 4.250197 4.225459 4.188371 4.138867 4.077765 4.004744 3.930883 3.858103 3.789773 3.722887 3.67192 3.636449 3.617558 3.624831 3.642419 3.648371 3.647205 3.658659 3.685279 3.747259 3.835389 3.935559 4.067575 4.194801 4.317509 4.430968 4.534219 4.626609 4.70909 4.776505 4.823667 4.860712 4.893189 4.915118 4.922167 4.910911 4.877941 4.83315 4.78034 4.722284 4.660435 4.61691 4.58987 4.567577 4.549832 4.530169 4.499505 4.454217 4.394302 4.318071 4.220288 4.107141 3.990654 3.871891 3.742097 3.606381 3.47215 3.319704
4.198957 4.199124 4.192872 4.174721 4.137202 4.088625 4.032208 3.964261 3.883304 3.791806 3.700466 3.620743 3.553432 3.493894 3.449789 3.418613 3.399 3.426148 3.464741 3.499433 3.522236 3.562848 3.608394 3.694119 3.811461 3.941017 4.078625 4.215766 4.352895 4.477141 4.590559 4.691667 4.77829 4.840805 4.883527 4.916731 4.9405 4.947364 4.935435 4.900558 4.844511 4.778066 4.70284 4.621243 4.53514 4.484014 4.462741 4.453826 4.457797 4.460702 4.463009 4.453946 4.429158 4.384633 4.319349 4.235032 4.138029 4.035484 3.922408 3.798993 3.67718 3.543849
4.12874 4.114247 4.0983 4.064144 4.002594 3.929162 3.850544 3.76987 3.681423 3.591606 3.515868 3.438102 3.358713 3.293959 3.265423 3.263995 3.26782 3.295231 3.343815 3.382646 3.42431 3.490685 3.55248 3.659291 3.805034 3.957544 4.104106 4.24975 4.393235 4.521482 4.638947 4.743198 4.827476 4.88176 4.917057 4.942951 4.957183 4.950404 4.920037 4.862856 4.771617 4.667573 4.572438 4.479675 4.389342 4.340352 4.319571 4.321577 4.340503 4.364025 4.391658 4.417197 4.421049 4.402563 4.364834 4.311772 4.246218 4.171569 4.082115 3.968445 3.848645 3.726917
3.99656 3.970637 3.941314 3.896505 3.826986 3.744735 3.661815 3.583245 3.516241 3.456115 3.396074 3.33206 3.261287 3.204118 3.194031 3.230818 3.261683 3.29537 3.349146 3.39303 3.440341 3.520166 3.588136 3.70735 3.865477 4.014465 4.157837 4.303891 4.439172 4.555817 4.662926 4.754622 4.825592 4.869392 4.893767 4.90702 4.903783 4.879241 4.83134 4.748467 4.643667 4.539757 4.440362 4.335772 4.24087 4.188106 4.166313 4.168602 4.18987 4.233286 4.283372 4.331768 4.354227 4.350906 4.332349 4.308241 4.278423 4.237403 4.179158 4.092454 3.988175 3.876316
3.786476 3.757411 3.714468 3.655081 3.590729 3.520044 3.451892 3.404508 3.36821 3.33889 3.310911 3.281714 3.258517 3.247211 3.268866 3.317481 3.357106 3.408871 3.473912 3.522253 3.578764 3.666636 3.751329 3.866902 4.002875 4.13053 4.254709 4.382195 4.49615 4.589453 4.673843 4.739661 4.786283 4.814834 4.827509 4.826404 4.802211 4.755011 4.686504 4.593325 4.49223 4.383944 4.270777 4.157812 4.072095 4.023758 4.006968 4.015475 4.041705 4.084794 4.134948 4.185166 4.217872 4.227476 4.229249 4.233831 4.238235 4.229251 4.202736 4.15823 4.090851 4.005261
3.54759 3.520438 3.476643 3.423055 3.358585 3.31084 3.268592 3.245355 3.235883 3.247178 3.265587 3.285457 3.309603 3.339057 3.393009 3.451431 3.498321 3.56164 3.629932 3.691197 3.772523 3.857398 3.951729 4.059783 4.166235 4.273706 4.377231 4.47645 4.559369 4.628702 4.688822 4.72906 4.750506 4.757162 4.751225 4.733127 4.68912 4.624424 4.538031 4.432096 4.314987 4.200167 4.082221 3.984509 3.904342 3.855003 3.837656 3.852876 3.882452 3.92228 3.97071 4.02153 4.059777 4.077305 4.094298 4.120347 4.150512 4.175396 4.189355 4.192248 4.16873 4.114693
3.348709 3.317893 3.294709 3.263128 3.231684 3.188781 3.141634 3.131947 3.165258 3.207392 3.257992 3.322193 3.379092 3.439391 3.518126 3.590184 3.655863 3.723832 3.790664 3.86706 3.949059 4.042407 4.137671 4.22782 4.317967 4.402139 4.484853 4.558153 4.612929 4.65982 4.69724 4.716126 4.713469 4.692139 4.661223 4.619677 4.556494 4.479051 4.383182 4.271935 4.153421 4.034362 3.932302 3.83711 3.755204 3.704064 3.684916 3.690635 3.712549 3.750212 3.801251 3.85119 3.887946 3.911119 3.934859 3.971326 4.025197 4.082774 4.134717 4.177059 4.199859 4.189425
3.207314 3.183007 3.175376 3.181495 3.171388 3.147684 3.132213 3.141575 3.199052 3.257046 3.321694 3.409008 3.486568 3.566314 3.656751 3.738549 3.813614 3.884843 3.958601 4.038209 4.124964 4.213985 4.302946 4.385942 4.458386 4.520856 4.578383 4.62085 4.648563 4.669937 4.681034 4.678126 4.658599 4.621912 4.57649 4.518877 4.44836 4.365769 4.266179 4.148081 4.03275 3.93023 3.829896 3.728033 3.633986 3.573362 3.54575 3.544215 3.56272 3.598229 3.644625 3.689519 3.72443 3.746108 3.772249 3.813851 3.882027 3.962977 4.043462 4.115296 4.169222 4.194592
3.100631 3.097276 3.111624 3.139392 3.153558 3.168626 3.187839 3.219794 3.294479 3.364206 3.442474 3.532599 3.622064 3.714501 3.80523 3.889664 3.971497 4.059394 4.144778 4.225691 4.304237 4.384403 4.46386 4.533917 4.58783 4.631433 4.65992 4.669817 4.670981 4.665424 4.649421 4.623469 4.58698 4.537842 4.481762 4.414688 4.338538 4.253472 4.151216 4.05176 3.952332 3.852787 3.749275 3.638787 3.534163 3.45935 3.422365 3.4172 3.430314 3.457235 3.490766 3.532363 3.569657 3.592829 3.617923 3.661303 3.731397 3.817812 3.909547 4.000128 4.077545 4.135007
3.044216 3.058976 3.092193 3.132755 3.172179 3.215571 3.257066 3.314676 3.401668 3.485372 3.575422 3.667611 3.760804 3.861547 3.960263 4.05456 4.145158 4.236035 4.323813 4.403411 4.478082 4.549172 4.612071 4.65618 4.687278 4.708962 4.71279 4.70048 4.678859 4.64666 4.601497 4.550236 4.492031 4.429955 4.365328 4.292297 4.214959 4.132231 4.053513 3.978344 3.88766 3.786635 3.678685 3.563364 3.446842 3.357011 3.308197 3.293169 3.293385 3.315018 3.350736 3.396097 3.425012 3.443916 3.469802 3.51134 3.579588 3.661986 3.760346 3.869767 3.972138 4.059115
3.072997 3.089252 3.124823 3.165229 3.218272 3.276725 3.332314 3.412851 3.506879 3.604852 3.704069 3.805748 3.905526 4.004873 4.103823 4.199509 4.287884 4.373441 4.454386 4.529182 4.596488 4.652187 4.693338 4.717026 4.728983 4.730409 4.716785 4.689781 4.653896 4.605127 4.542649 4.474518 4.39993 4.323565 4.245639 4.165267 4.090028 4.016504 3.967464 3.90885 3.835623 3.744874 3.639614 3.521652 3.397772 3.287663 3.218477 3.187095 3.174413 3.192025 3.224917 3.267606 3.286433 3.300336 3.324149 3.365648 3.425331 3.501536 3.60209 3.732165 3.863271 3.978049
3.163571 3.189 3.221793 3.254361 3.310952 3.37493 3.440435 3.530722 3.630522 3.728828 3.826411 3.924359 4.021482 4.1146 4.203594 4.289845 4.370371 4.444963 4.512145 4.572397 4.623885 4.66344 4.688691 4.699073 4.697641 4.686468 4.665246 4.63384 4.594366 4.540443 4.470678 4.391435 4.304205 4.213078 4.12434 4.041659 3.971698 3.921028 3.889025 3.852705 3.805486 3.732834 3.636006 3.520955 3.396528 3.275782 3.184533 3.128345 3.097711 3.09458 3.11075 3.140779 3.160453 3.173392 3.196003 3.23696 3.294036 3.363378 3.454534 3.577903 3.718211 3.851645
1.70141E+38 1.70141E+38 1.70141E+38 1.70141E+38 1.70141E+38 1.70141E+38 1.70141E+38 1.70141E+38 1.70141E+38 1.70141E+38 1.70141E+38 1.70141E+38 1.70141E+38 1.70141E+38 1.70141E+38 1.70141E+38 1.70141E+38 1.70141E+38 1.70141E+38 1.70141E+38 1.70141E+38 1.70141E+38 1.70141E+38 1.70141E+38 1.70141E+38 1.70141E+38 1.70141E+38 1.70141E+38 1.70141E+38 1.70141E+38 1.70141E+38 1.70141E+38 1.70141E+38 1.70141E+38 1.70141E+38 1.70141E+38 1.70141E+38 1.70141E+38 1.70141E+38 1.70141E+38 1.70141E+38 1.70141E+38 1.70141E+38 1.70141E+38 1.70141E+38 1.70141E+38 1.70141E+38 1.70141E+38 1.70141E+38 1.70141E+38 1.70141E+38 1.70141E+38 1.70141E+38 1.70141E+38 1.70141E+38 1.70141E+38 1.70141E+38 1.70141E+38 1.70141E+38 1.70141E+38 1.70141E+38 1.70141E+38
1.70141E+38 1.70141E+38 1.70141E+38 1.70141E+38 1.70141E+38 1.70141E+38 1.70141E+38 1.70141E+38 1.70141E+38 1.70141E+38 1.70141E+38 1.70141E+38 1.70141E+38 1.70141E+38 1.70141E+38 1.70141E+38 1.70141E+38 1.70141E+38 1.70141E+38 1.70141E+38 1.70141E+38 1.70141E+38 1.70141E+38 1.70141E+38 1.70141E+38 1.70141E+38 1.70141E+38 1.70141E+38 1.70141E+38 1.70141E+38 1.70141E+38 1.70141E+38 1.70141E+38 1.70141E+38 1.70141E+38 1.70141E+38 1.70141E+38 1.70141E+38 1.70141E+38 1.70141E+38 1.70141E+38 1.70141E+38 1.70141E+38 1.70141E+38 1.70141E+38 1.70141E+38 1.70141E+38 1.70141E+38 1.70141E+38 1.70141E+38 1.70141E+38 1.70141E+38 1.70141E+38 1.70141E+38 1.70141E+38 1.70141E+38 1.70141E+38 1.70141E+38 1.70141E+38 1.70141E+38 1.70141E+38 1.70141E+38
1.70141E+38 1.70141E+38 1.70141E+38 1.70141E+38 1.70141E+38 1.70141E+38 1.70141E+38 1.70141E+38 1.70141E+38 1.70141E+38 1.70141E+38 1.70141E+38 1.70141E+38 1.70141E+38 1.70141E+38 1.70141E+38 1.70141E+38 1.70141E+38 1.70141E+38 1.70141E+38 1.70141E+38 1.70141E+38 1.70141E+38 1.70141E+38 1.70141E+38 1.70141E+38 1.70141E+38 1.70141E+38 1.70141E+38 1.70141E+38 1.70141E+38 1.70141E+38 1.70141E+38 1.70141E+38 1.70141E+38 1.70141E+38 1.70141E+38 1.70141E+38 1.70141E+38 1.70141E+38 1.70141E+38 1.70141E+38 1.70141E+38 1.70141E+38 1.70141E+38 1.70141E+38 1.70141E+38 1.70141E+38 1.70141E+38 1.70141E+38 1.70141E+38 1.70141E+38 1.70141E+38 1.70141E+38 1.70141E+38 1.70141E+38 1.70141E+38 1.70141E+38 1.70141E+38 1.70141E+38 1.70141E+38 1.70141E+38
1.70141E+38 1.70141E+38 1.70141E+38 1.70141E+38 1.70141E+38 1.70141E+38 1.70141E+38 1.70141E+38 1.70141E+38 1.70141E+38 1.70141E+38 1.70141E+38 1.70141E+38 1.70141E+38 1.70141E+38 1.70141E+38 1.70141E+38 1.70141E+38 1.70141E+38 1.70141E+38 1.70141E+38 1.70141E+38 1.70141E+38 1.70141E+38 1.70141E+38 1.70141E+38 1.70141E+38 1.70141E+38 1.70141E+38 1.70141E+38 1.70141E+38 1.70141E+38 1.70141E+38 1.70141E+38 1.70141E+38 1.70141E+38 1.70141E+38 1.70141E+38 1.70141E+38 1.70141E+38 1.70141E+38 1.70141E+38 1.70141E+38 1.70141E+38 1.70141E+38 1.70141E+38 1.70141E+38 1.70141E+38 1.70141E+38 1.70141E+38 1.70141E+38 1.70141E+38 1.70141E+38 1.70141E+38 1.70141E+38 1.70141E+38 1.70141E+38 1.70141E+38 1.70141E+38 1.70141E+38 1.70141E+38 1.70141E+38
1.70141E+38 1.70141E+38 1.70141E+38 1.70141E+38 1.70141E+38 1.70141E+38 1.70141E+38 1.70141E+38 1.70141E+38 1.70141E+38 1.70141E+38 1.70141E+38 1.70141E+38 1.70141E+38 1.70141E+38 1.70141E+38 1.70141E+38 1.70141E+38 1.70141E+38 1.70141E+38 1.70141E+38 1.70141E+38 1.70141E+38 1.70141E+38 1.70141E+38 1.70141E+38 1.70141E+38 1.70141E+38 1.70141E+38 1.70141E+38 1.70141E+38 1.70141E+38 1.70141E+38 1.70141E+38 1.70141E+38 1.70141E+38 1.70141E+38 1.70141E+38 1.70141E+38 1.70141E+38 1.70141E+38 1.70141E+38 1.70141E+38 1.70141E+38 1.70141E+38 1.70141E+38 1.70141E+38 1.70141E+38 1.70141E+38 1.70141E+38 1.70141E+38 1.70141E+38 1.70141E+38 1.70141E+38 1.70141E+38 1.70141E+38 1.70141E+38 1.70141E+38 1.70141E+38 1.70141E+38 1.70141E+38 1.70141E+38
1.70141E+38 1.70141E+38 1.70141E+38 1.70141E+38 1.70141E+38 1.70141E+38 1.70141E+38 1.70141E+38 1.70141E+38 1.70141E+38 1.70141E+38 1.70141E+38 1.70141E+38 1.70141E+38 1.70141E+38 1.70141E+38 1.70141E+38 1.70141E+38 1.70141E+38 1.70141E+38 1.70141E+38 1.70141E+38 1.70141E+38 1.70141E+38 1.70141E+38 1.70141E+38 1.70141E+38 1.70141E+38 1.70141E+38 1.70141E+38 1.70141E+38 1.70141E+38 1.70141E+38 1.70141E+38 1.70141E+38 1.70141E+38 1.70141E+38 1.70141E+38 1.70141E+38 1.70141E+38 1.70141E+38 1.70141E+38 1.70141E+38 1.70141E+38 1.70141E+38 1.70141E+38 1.70141E+38 1.70141E+38 1.70141E+38 1.70141E+38 1.70141E+38 1.70141E+38 1.70141E+38 1.70141E+38 1.70141E+38 1.70141E+38 1.70141E+38 1.70141E+38 1.70141E+38 1.70141E+38 1.70141E+38 1.70141E+38
1.70141E+38 1.70141E+38 1.70141E+38 1.70141E+38 1.70141E+38 1.70141E+38 1.70141E+38 1.70141E+38 1.70141E+38 1.70141E+38 1.70141E+38 1.70141E+38 1.70141E+38 1.70141E+38 1.70141E+38 1.70141E+38 1.70141E+38 1.70141E+38 1.70141E+38 1.70141E+38 1.70141E+38 1.70141E+38 1.70141E+38 1.70141E+38 1.70141E+38 1.70141E+38 1.70141E+38 1.70141E+38 1.70141E+38 1.70141E+38 1.70141E+38 1.70141E+38 1.70141E+38 1.70141E+38 1.70141E+38 1.70141E+38 1.70141E+38 1.70141E+38 1.70141E+38 1.70141E+38 1.70141E+38 1.70141E+38 1.70141E+38 1.70141E+38 1.70141E+38 1.70141E+38 1.70141E+38 1.70141E+38 1.70141E+38 1.70141E+38 1.70141E+38 1.70141E+38 1.70141E+38 1.70141E+38 1.70141E+38 1.70141E+38 1.70141E+38 1.70141E+38 1.70141E+38 1.70141E+38 1.70141E+38 1.70141E+38
1.70141E+38 1.70141E+38 1.70141E+38 1.70141E+38 1.70141E+38 1.70141E+38 1.70141E+38 1.70141E+38 1.70141E+38 1.70141E+38 1.70141E+38 1.70141E+38 1.70141E+38 1.70141E+38 1.70141E+38 1.70141E+38 1.70141E+38 1.70141E+38 1.70141E+38 1.70141E+38 1.70141E+38 1.70141E+38 1.70141E+38 1.70141E+38 1.70141E+38 1.70141E+38 1.70141E+38 1.70141E+38 1.70141E+38 1.70141E+38 1.70141E+38 1.70141E+38 1.70141E+38 1.70141E+38 1.70141E+38 1.70141E+38 1.70141E+38 1.70141E+38 1.70141E+38 1.70141E+38 1.70141E+38 1.70141E+38 1.70141E+38 1.70141E+38 1.70141E+38 1.70141E+38 1.70141E+38 1.70141E+38 1.70141E+38 1.70141E+38 1.70141E+38 1.70141E+38 1.70141E+38 1.70141E+38 1.70141E+38 1.70141E+38 1.70141E+38 1.70141E+38 1.70141E+38 1.70141E+38 1.70141E+38 1.70141E+38
