py_wake/examples/data/AJ_ParqueFicticio/Ridge area   Sector 4   Height 200m   Turbulence intensity.grd
DSAA
90  129
 262878   265103
 6504214   6507414
 11.9956   100
[rows 54 to 80 of 129, columns 0 to 61 of 90]
33.06449 35.38712 38.71445 43.68697 49.30558 55.64331 62.66243 69.88773 77.7553 85.41782 91.43683 96.90958 100 100 100 100 100 100 100 100 100 100 100 100 100 100 100 100 87.78053 76.83656 65.37488 55.67378 47.14825 39.13077 32.6958 27.23789 22.64077 19.24795 16.84737 15.25136 14.26453 13.58492 13.08134 12.64935 12.27726 12.09636 12.13327 12.35168 12.72267 13.27488 13.97419 14.90528 15.95747 16.94588 17.93836 18.56504 18.76211 18.69535 18.39043 17.78822 16.99146 16.27912
31.65826 33.39733 35.94509 39.86306 44.98074 50.36393 55.97212 61.61838 67.26637 72.24001 75.76851 78.55628 83.21276 91.81138 100 100 100 100 100 100 100 100 100 100 100 100 88.68479 77.01001 67.41356 59.08207 51.79787 44.84328 38.91644 33.90861 29.53843 25.39456 21.37498 18.40004 16.33404 14.91787 14.00765 13.38423 12.92158 12.51014 12.1935 12.05121 12.07138 12.2524 12.56725 13.06875 13.72343 14.53299 15.44461 16.27783 17.06064 17.62307 17.81838 17.77872 17.57757 17.16965 16.65781 16.20221
30.40268 31.63401 33.52261 36.62022 40.99935 45.46692 50.16167 54.65186 58.75971 62.10367 64.10328 65.15824 67.45341 73.11913 81.23738 91.69479 100 100 100 100 100 100 100 100 93.4429 79.26866 68.7841 60.53664 53.70668 47.54476 41.90076 36.70439 32.21643 28.64352 25.4075 22.23064 19.43088 17.24931 15.69423 14.5283 13.73085 13.1873 12.76696 12.39381 12.13687 12.01656 12.02673 12.18837 12.47158 12.8928 13.50156 14.24454 15.06529 15.83177 16.54774 17.10051 17.32786 17.33162 17.20736 16.93644 16.5899 16.25725
29.19523 30.06005 31.47521 33.88749 37.27915 41.08009 44.96716 48.43448 51.44328 53.79193 55.18401 55.38128 56.19778 59.22243 64.48984 71.34033 79.4822 88.11369 97.47052 100 100 99.79116 93.85236 85.11039 73.80498 63.5351 55.76355 49.45854 44.25541 39.22698 34.64244 30.56332 27.11964 24.17 21.48432 19.21975 17.39629 16.0258 14.96605 14.10524 13.46169 12.99766 12.62386 12.31021 12.10368 11.9956 12.00159 12.1454 12.40929 12.77598 13.29961 13.97986 14.75032 15.48729 16.16027 16.71931 17.03356 17.11021 17.05791 16.87531 16.6289 16.41243
28.14671 28.65585 29.71118 31.64807 34.27143 37.23406 40.29092 43.24222 45.65636 47.27714 47.95349 47.97667 48.2379 49.93039 53.22532 57.35432 62.27329 67.54364 73.71922 77.73046 77.659 75.43533 71.8342 66.2775 59.49635 52.45501 46.53727 41.69603 37.27558 33.09275 29.28208 25.88434 23.08071 20.72581 18.75797 17.14671 15.93184 15.02478 14.29645 13.7126 13.24245 12.85322 12.53101 12.28038 12.09473 11.996 12.0008 12.12821 12.36843 12.71095 13.16139 13.74901 14.45886 15.14924 15.7895 16.33704 16.72184 16.91466 16.95451 16.89864 16.803 16.73569
27.15085 27.37659 28.07177 29.50301 31.54923 33.92994 36.36824 38.68983 40.64088 42.00002 42.43684 42.29613 42.27662 43.21611 45.28777 47.83574 50.81723 54.27055 57.76445 60.06002 60.07662 59.11397 56.67342 52.68299 48.08801 43.61056 39.49219 35.68758 32.13027 28.65789 25.38702 22.50889 20.16417 18.37837 16.9704 15.85073 15.04322 14.41066 13.89671 13.47155 13.10305 12.77611 12.51501 12.30066 12.1137 12.01724 12.02524 12.13689 12.34681 12.66434 13.07885 13.57085 14.18083 14.83235 15.44263 15.99022 16.40141 16.67936 16.88164 17.00352 17.10409 17.18583
26.1281 26.15165 26.52181 27.51461 29.09011 30.98137 32.90947 34.7141 36.31324 37.56852 37.97127 37.77715 37.56487 37.99138 39.10764 40.43409 42.16369 44.34874 46.60949 48.32637 48.07692 47.2532 45.79335 42.93126 39.65718 36.53194 33.50365 30.70679 27.93293 25.23963 22.61249 20.18842 18.23868 16.902 15.90461 15.11111 14.54907 14.09341 13.69654 13.36142 13.03745 12.76283 12.54666 12.34499 12.14379 12.0535 12.07554 12.17287 12.34042 12.62351 13.00739 13.44486 13.95066 14.53692 15.12805 15.68331 16.14984 16.50973 16.85157 17.19162 17.50389 17.72859
25.05974 24.97312 25.14378 25.80778 27.03287 28.51698 30.01534 31.45586 32.7817 33.86845 34.28611 34.23761 33.92002 33.79265 34.15076 34.88771 35.8513 37.11996 38.44293 39.34507 39.29253 38.69917 37.70435 35.7262 33.32116 31.04862 28.92274 26.7787 24.54694 22.47406 20.47729 18.63119 17.13701 16.14087 15.36896 14.78724 14.35314 13.96295 13.63187 13.32815 13.02742 12.78961 12.59187 12.38891 12.17562 12.1071 12.15272 12.24395 12.37075 12.58259 12.92138 13.32413 13.77261 14.28608 14.85193 15.44269 16.00721 16.48175 16.94481 17.45542 18.00369 18.41754
24.0381 23.88986 23.91974 24.32228 25.25863 26.42381 27.6574 28.8667 29.98274 30.90122 31.30374 31.23366 30.98164 30.81196 30.72565 31.04441 31.40032 31.90869 32.33302 32.5926 32.69038 32.13617 31.33431 29.96428 28.35833 26.70206 25.17297 23.7107 22.12438 20.47796 19.01995 17.63437 16.56745 15.76346 15.14158 14.68348 14.28608 13.93598 13.63757 13.34085 13.05835 12.83674 12.63431 12.41888 12.21112 12.17174 12.2363 12.32628 12.43112 12.57096 12.82409 13.18656 13.6186 14.09636 14.62305 15.24723 15.90937 16.50907 17.08447 17.74224 18.54982 19.27854
23.2003 22.96126 22.81624 23.10242 23.84192 24.76705 25.75438 26.73099 27.64697 28.43134 28.95038 29.16225 29.01679 28.6361 28.16013 27.98512 28.03239 28.0763 28.07167 27.8879 27.67066 27.30991 26.56172 25.60756 24.40091 23.37597 22.48252 21.46355 20.25691 19.11647 18.00052 16.99351 16.21598 15.55442 15.0424 14.65643 14.29812 13.97821 13.68907 13.39656 13.12553 12.90613 12.69472 12.46501 12.26471 12.24028 12.30803 12.39636 12.49152 12.59165 12.75184 13.04828 13.46909 13.93729 14.42535 15.05401 15.80144 16.50414 17.18583 17.97745 19.02154 20.06659
22.64177 22.31557 22.04774 22.33588 23.01476 23.82598 24.6868 25.53898 26.3262 26.98761 27.44321 27.62741 27.46825 26.95727 26.2324 25.79527 25.78497 25.69373 25.30245 24.55968 24.25191 24.09133 23.61715 22.6767 21.72148 21.22989 20.688 19.85037 18.99191 18.18682 17.32116 16.58319 15.9852 15.44011 15.01365 14.67286 14.35453 14.06743 13.79381 13.50595 13.23109 13.00679 12.79276 12.55968 12.35004 12.30807 12.3622 12.44555 12.53487 12.62064 12.71914 12.93241 13.33047 13.79473 14.26493 14.85682 15.67784 16.45255 17.22836 18.10957 19.28879 20.51007
22.33985 21.99055 21.6611 21.83585 22.41003 23.07674 23.81581 24.60532 25.35927 25.96633 26.40403 26.63916 26.55171 26.03594 25.23284 24.6606 24.36211 24.07912 23.58325 22.81954 22.4204 22.21839 21.79136 20.968 20.32099 19.92055 19.47286 18.81803 18.2118 17.58871 16.92576 16.36428 15.8886 15.4478 15.0745 14.76199 14.48811 14.23813 13.97032 13.67506 13.38532 13.14467 12.92463 12.6963 12.47073 12.37794 12.3955 12.46834 12.55299 12.63463 12.70531 12.85618 13.21696 13.67927 14.14678 14.68725 15.55801 16.37422 17.20574 18.11864 19.31621 20.57647
22.2052 21.87182 21.57729 21.5322 21.98038 22.56828 23.23709 24.02917 24.85017 25.54274 26.05649 26.3729 26.32679 25.79077 24.8723 24.05561 23.64528 23.2527 22.75655 22.11932 21.65432 21.25002 20.79095 20.19714 19.64648 19.1746 18.69118 18.16957 17.68711 17.19389 16.66185 16.22621 15.85475 15.50283 15.16829 14.89039 14.67778 14.47023 14.20141 13.89494 13.59295 13.31426 13.07144 12.84583 12.6199 12.45982 12.41994 12.4684 12.54762 12.62975 12.69346 12.81184 13.14656 13.59918 14.06141 14.55598 15.4276 16.2588 17.12074 18.04439 19.20082 20.44965
22.23123 21.92642 21.68838 21.60726 21.78596 22.22715 22.83415 23.65654 24.61758 25.46293 26.08307 26.47523 26.42892 25.81757 24.8128 23.70895 23.16678 22.839 22.41385 21.7736 21.20835 20.82929 20.39165 19.82357 19.29329 18.86638 18.40631 17.89371 17.50153 17.06344 16.53386 16.15232 15.89278 15.6327 15.31213 15.05126 14.89641 14.72981 14.47019 14.14904 13.8225 13.50877 13.2261 12.98644 12.76109 12.56111 12.4582 12.45947 12.52913 12.6132 12.67988 12.78612 13.1059 13.5466 13.99311 14.45585 15.29493 16.10872 16.97507 17.89783 18.99524 20.17215
22.44968 22.14744 21.94412 21.92228 22.09659 22.38406 22.92594 23.84691 24.99514 25.99607 26.67419 27.03748 26.89237 26.13943 25.09879 23.97167 23.12545 22.71973 22.33344 21.73051 21.07583 20.66683 20.26326 19.7192 19.19633 18.8031 18.39602 17.96542 17.59468 17.15421 16.66867 16.26953 16.05472 15.87099 15.58804 15.33294 15.18089 15.02884 14.77829 14.43223 14.0601 13.71561 13.38779 13.10734 12.88055 12.67337 12.5187 12.46121 12.50461 12.59233 12.66657 12.77185 13.08338 13.51719 13.95301 14.40737 15.22013 16.01135 16.84509 17.72437 18.74403 19.82959
22.8157 22.56166 22.38316 22.48178 22.82479 23.26117 23.9175 24.89173 25.96332 26.83011 27.5014 27.82959 27.62304 26.90843 25.88726 24.76974 23.81915 23.19563 22.63872 22.07244 21.4705 20.90935 20.46961 19.99666 19.49716 19.00734 18.63343 18.34577 17.96519 17.5073 17.09266 16.69059 16.45818 16.3248 16.14541 15.91294 15.70822 15.48984 15.16511 14.7555 14.31744 13.92607 13.55497 13.21667 12.97258 12.77523 12.59597 12.48169 12.48032 12.56639 12.6492 12.76101 13.06886 13.5004 13.93482 14.42665 15.21538 15.99519 16.7833 17.60021 18.50774 19.44384
23.35386 23.13272 23.06432 23.36472 23.92006 24.57146 25.4218 26.49842 27.59471 28.46546 28.91377 28.9797 28.80171 28.16286 27.14213 26.03022 25.10276 24.38483 23.66453 22.97538 22.39714 21.78132 21.21441 20.73585 20.22508 19.76069 19.35628 19.11463 18.73995 18.40395 17.99629 17.64165 17.40589 17.29239 17.13328 16.9489 16.7297 16.3961 15.87823 15.18771 14.60262 14.12834 13.70289 13.31434 13.02672 12.84276 12.66395 12.51515 12.46734 12.53366 12.62563 12.74589 13.04609 13.47208 13.90959 14.44954 15.18995 15.94774 16.70634 17.47976 18.27716 19.08217
24.03988 23.94958 23.99026 24.41952 25.23493 26.17986 27.25283 28.44803 29.66403 30.61871 31.04733 31.186 30.8794 29.89407 28.79722 27.72575 26.90103 26.13761 25.38033 24.6572 23.94978 23.26826 22.71013 22.19549 21.66761 21.23405 20.91035 20.67995 20.44623 20.16796 19.78486 19.4068 19.14139 18.95334 18.74954 18.53607 18.2118 17.88165 17.3098 16.06014 14.9487 14.30707 13.8125 13.38202 13.04697 12.85862 12.69468 12.53665 12.45379 12.49057 12.58722 12.7253 13.0163 13.42612 13.86957 14.43951 15.12021 15.84812 16.58532 17.31269 18.04323 18.75402
24.97453 25.06159 25.24126 25.8511 26.98366 28.25073 29.55713 30.8606 32.1357 33.1238 33.64631 33.86028 33.58778 32.67085 31.40105 30.29436 29.42957 28.63288 27.89341 27.19784 26.47844 25.71819 25.16884 24.76025 24.35545 23.99707 23.72399 23.59265 23.41208 23.19331 22.80534 22.2972 21.90543 21.60866 21.39879 20.95726 20.1207 19.50776 18.8553 17.20379 15.39274 14.44558 13.86577 13.413 13.03805 12.83191 12.6819 12.53177 12.4386 12.45692 12.56172 12.71848 12.99485 13.37465 13.82454 14.38833 15.01727 15.71443 16.40999 17.10478 17.79824 18.45948
26.28156 26.55661 26.97499 27.88398 29.29064 30.74687 32.17694 33.5816 34.86677 35.82999 36.38438 36.71537 36.63725 35.95286 34.90099 33.84559 33.03046 32.20428 31.55782 30.90441 30.21795 29.64713 29.22826 28.94393 28.75599 28.56054 28.36921 28.25671 28.08521 27.88547 27.44158 26.92028 26.09679 25.36379 24.93512 24.02787 22.52465 21.24065 19.86024 17.8832 15.67678 14.5019 13.85717 13.40385 13.00702 12.78297 12.64323 12.50731 12.4285 12.4485 12.56249 12.72723 12.98913 13.34264 13.78665 14.31791 14.90556 15.56343 16.21166 16.86353 17.49484 18.10664
28.0105 28.45245 29.15177 30.3957 31.99981 33.65862 35.30122 36.82626 37.97814 38.91373 39.76353 40.36129 40.45967 39.87892 38.99703 38.34409 37.56803 36.81387 36.23875 35.48658 34.78418 34.61815 34.78503 34.77712 34.86296 35.08188 35.47601 35.66796 35.76376 35.42048 34.78871 34.17676 32.57636 30.69581 29.35477 27.92384 25.81176 23.3948 20.91262 18.32968 15.85298 14.5224 13.83167 13.38256 12.97559 12.73808 12.60683 12.48633 12.43479 12.4729 12.59553 12.76126 13.00894 13.34859 13.76919 14.24898 14.80434 15.40029 15.98852 16.58682 17.17184 17.72924
29.92963 30.62722 31.68763 33.15973 35.04712 37.10931 39.15124 40.56406 40.97704 41.60981 42.55627 43.71858 44.82951 44.85251 43.80181 43.24416 43.13482 42.53266 41.63057 40.62773 39.93707 40.18079 41.15134 42.26524 42.81839 43.23567 44.45176 46.31764 47.93684 47.03912 45.77406 45.1681 42.57604 38.67783 35.36745 32.2113 28.60467 24.89204 21.6051 18.46511 15.84889 14.50003 13.82127 13.37941 12.9659 12.71897 12.59342 12.48791 12.46667 12.53152 12.66522 12.82967 13.06762 13.39984 13.78176 14.20133 14.7147 15.24237 15.75368 16.27771 16.82085 17.32583
31.92959 32.81464 34.12112 35.79018 37.91922 40.23823 42.39635 43.31929 43.08687 43.56749 44.50897 45.89323 47.47057 48.19684 47.64397 47.58656 48.11473 47.95506 46.96088 45.86115 45.60655 46.4782 48.17264 50.28964 51.81408 52.94294 55.21251 58.59 62.14833 61.90234 59.63008 58.14068 54.73894 47.35054 40.6642 34.81013 29.4118 24.64741 20.97304 17.75519 15.48696 14.37 13.79485 13.38205 12.97466 12.72523 12.60565 12.5156 12.52389 12.61665 12.76497 12.94011 13.18213 13.49518 13.83586 14.20503 14.64363 15.09006 15.52015 15.97526 16.49725 16.96223
34.07175 35.09098 36.47367 38.14823 40.18914 42.11708 43.49625 43.75785 43.64441 44.08745 44.94737 46.32152 47.45843 48.26825 48.93612 49.58889 50.60299 51.09346 51.16145 50.89297 51.17953 52.49761 54.59804 57.21001 59.7943 62.48025 66.10043 70.46708 74.58977 75.28894 72.98668 69.43127 61.80655 51.92589 42.64712 34.83796 28.22816 22.91758 19.15817 16.47407 14.93389 14.17952 13.74633 13.37081 12.99321 12.7538 12.63875 12.56543 12.59838 12.7176 12.90219 13.11165 13.35114 13.63515 13.94527 14.26223 14.60858 14.96828 15.32438 15.71398 16.16945 16.55744
36.13658 37.31859 38.62809 39.81659 41.27087 42.66509 43.53578 43.34259 43.23164 43.64115 44.21563 44.79138 45.81559 46.92291 48.09067 49.14585 50.29575 51.77414 52.96202 53.77272 54.68233 56.37048 58.57739 60.86183 63.60071 67.57729 72.20455 76.79485 80.18399 81.19018 79.32727 73.38686 62.57286 51.01954 40.31809 31.80189 25.19113 20.39954 17.26544 15.44278 14.52719 14.03358 13.68084 13.32415 12.99604 12.78904 12.67905 12.62261 12.67213 12.82901 13.0671 13.31533 13.55876 13.82755 14.10615 14.371 14.62946 14.90421 15.18175 15.48715 15.86189 16.17471
37.49011 38.6622 39.66651 40.07001 40.87881 41.94523 42.48477 42.16052 41.9924 42.07699 42.19912 42.67136 43.47809 44.49491 45.55548 46.88356 48.4109 50.1201 51.69346 53.14662 54.67651 56.52307 58.32417 60.03096 62.42022 66.13829 70.30139 73.32652 74.93513 75.94012 73.85416 66.62173 57.02905 45.38893 34.74556 27.0186 21.64765 18.07588 15.93513 14.8379 14.27553 13.90983 13.58609 13.2518 12.97241 12.80982 12.70789 12.66768 12.73244 12.94417 13.21377 13.51562 13.80065 14.06528 14.31441 14.53314 14.7237 14.922 15.11522 15.32101 15.62652 15.87639
37.4361 38.15353 38.55702 38.71642 39.21405 39.77873 39.95964 39.91577 39.72872 39.60534 39.61197 39.81369 40.28238 41.04305 42.24234 43.59261 45.0936 46.71476 48.09816 49.71997 51.24868 52.78771 54.07579 55.35981 56.98818 59.10455 61.16069 62.28529 62.74135 62.26375 59.3175 53.54573 46.15828 36.82947 28.57885 22.68088 18.83615 16.47976 15.15332 14.49011 14.09423 13.76615 13.45659 13.17049 12.94789 12.81327 12.72224 12.69497 12.78632 13.02902 13.32835 13.68755 14.02921 14.32333 14.57086 14.75827 14.89062 15.02014 15.14568 15.26786 15.47985 15.69011
