py_wake/examples/data/AJ_ParqueFicticio/Ridge area   Sector 3   Height 200m   Power density.grd
DSAA
90  129
 262878   265103
 6504214   6507414
 .03849026   297.6544
[rows 81 to 107 of 129, columns 0 to 61 of 90]
7.890644 8.002723 8.27875 8.507018 8.737068 9.055449 9.471436 9.991665 10.82439 11.80815 13.12954 14.96501 16.70125 17.86687 18.30942 18.63317 18.98594 18.91926 18.97229 19.0014 18.23751 17.78108 17.07379 16.27518 15.21322 14.11492 12.89472 12.01812 11.69703 11.9614 13.20858 16.47285 24.43373 39.91827 65.60222 96.84772 124.6386 147.1169 167.9092 187.5329 205.6571 225.6422 244.7487 251.3096 249.3534 240.4717 233.7623 229.1179 218.0583 193.3812 171.2474 148.7006 128.7167 112.1561 99.11857 89.64007 83.03531 77.86272 73.93605 71.11448 68.56562 66.45061
10.3238 10.8515 11.42653 11.91818 12.43265 13.09892 13.94779 14.77633 15.46814 16.46303 18.26019 20.59582 22.94835 24.73256 25.52139 25.88717 25.84425 26.43903 28.05833 29.91925 29.41854 27.89277 26.1695 25.44539 25.24984 25.23956 24.62331 24.38289 25.29929 26.85797 30.09816 36.11508 47.85464 71.43626 99.63988 126.5479 150.1175 171.1514 193.0199 212.4695 229.7501 246.1258 256.5126 256.0393 249.7258 234.1129 229.5686 223.277 207.3568 183.4312 162.0304 139.4713 120.0245 103.9638 91.49157 82.38852 76.0258 71.14366 67.87553 65.94363 64.02782 62.41684
13.39438 14.36789 15.46935 16.41132 17.06786 18.10007 19.554 20.11405 20.47071 21.8037 23.67576 25.47019 28.34489 31.03488 30.76719 29.70107 29.51912 30.98555 34.48493 38.80657 37.53718 35.20097 33.54611 33.58459 35.4245 37.8801 39.0178 40.78895 44.63451 48.49546 53.72836 64.00555 81.04102 104.8783 129.6097 151.6027 172.7868 194.6265 217.3742 235.9816 251.4197 262.4549 264.9846 259.8288 247.628 229.4156 224.2799 215.6455 196.2886 174.9778 154.2908 132.5929 114.0528 98.69637 86.56673 77.32843 71.0749 66.53757 63.68899 61.88366 60.10199 58.97819
17.94989 19.55585 21.3002 22.73069 24.09398 25.40572 25.97816 25.97525 26.22033 27.33355 28.20383 28.7173 29.53776 29.87808 28.95856 27.89489 28.06615 29.84431 33.14569 36.57287 37.09349 36.13886 35.72338 36.78563 40.07506 45.63805 51.08611 56.76303 65.13609 73.13116 82.23132 96.29649 114.2231 134.0737 154.4139 174.1201 194.095 217.4229 239.6641 257.1715 270.3614 275.8005 271.3572 262.0936 244.1959 225.1047 217.6759 206.1066 185.845 167.2574 147.8772 128.1653 111.3078 96.4317 84.31512 74.89808 68.67471 64.28539 61.38138 59.05228 57.18085 56.18151
23.75767 25.72083 27.48103 28.94142 30.55186 31.10479 30.71267 30.32034 30.33558 30.454 29.72741 27.96156 25.6549 23.3608 21.8327 21.36575 21.6855 22.88806 24.78049 27.0279 28.8966 29.90185 31.11492 33.8045 38.80782 47.14794 57.59002 68.91057 82.17973 93.77451 107.7913 124.3398 140.8696 158.0373 176.4886 195.3042 215.3258 239.1187 259.3611 275.4371 285.6743 286.7234 276.6768 262.1709 239.6801 218.9948 209.0429 194.6926 176.6845 160.5466 142.8322 125.3564 109.9521 95.66648 83.54418 73.87921 67.9444 63.54326 60.22419 57.28695 54.99199 53.64415
28.82075 30.69627 32.28726 33.79633 35.09916 34.6884 33.25842 31.73492 30.5715 29.41352 26.88955 23.32266 19.62517 16.39244 14.34499 13.88772 14.30153 14.94872 15.82981 17.18752 19.01814 20.95086 23.4254 27.90882 34.64553 45.01286 59.86512 76.87875 94.94962 110.9607 127.6722 145.1186 161.2528 178.9208 197.0081 214.867 235.1409 257.6563 275.7561 289.0965 294.7016 290.9402 277.4414 257.9623 230.8973 208.4326 196.6058 183.1082 168.689 154.5332 138.4398 123.2294 108.9733 95.38347 83.58961 74.02479 68.24982 63.61395 59.54211 55.99741 53.39268 51.55975
32.63873 34.12982 35.1931 36.11286 36.28082 34.59827 32.09874 29.39479 26.85622 24.21024 20.86766 17.18142 13.68353 10.53589 8.677011 7.815089 7.751862 8.178627 8.853374 9.76205 11.53536 13.56401 16.92167 23.11154 31.58352 43.78362 63.28027 85.27151 106.9108 126.2163 144.3893 161.7622 179.7549 198.7708 215.7641 233.0793 252.7664 272.5717 287.6295 296.9592 296.3931 287.3463 270.2602 247.1837 217.1767 196.3357 184.9529 173.081 161.1067 148.5269 134.0605 120.7112 107.8011 95.6253 84.58883 75.24839 69.4914 64.76951 60.45844 56.43884 53.7751 51.61277
34.70214 35.48901 35.91628 35.78371 34.36124 31.67758 28.48862 25.12579 21.66557 18.01371 14.44353 11.19503 8.414595 5.996384 4.679063 3.85341 3.451812 3.594836 4.086993 5.371435 7.089793 9.551668 13.15205 20.31771 31.50554 47.22399 70.42303 95.77692 119.9277 140.8322 159.8292 178.3322 198.1458 216.7961 232.5638 248.9889 267.028 283.1725 293.7357 297.6544 292.0287 278.2722 258.7361 234.6663 204.9463 184.3857 173.3855 162.4556 151.8784 140.9609 128.9791 117.6763 106.7641 96.42171 86.19625 77.31004 71.40958 66.92348 62.65046 58.50902 55.62151 53.25218
35.6727 35.62555 35.35315 34.18837 31.18822 27.40758 23.62293 19.93966 16.18246 12.64833 9.462283 6.83146 4.723543 3.161853 2.283533 1.708893 1.352575 1.503782 2.351928 3.496729 4.974886 7.290707 10.91847 18.68528 33.10033 53.8479 80.21632 108.0041 133.8394 155.3559 175.4916 195.4524 216.293 233.6765 248.2816 263.1749 278.4063 289.1046 294.0831 292.0186 281.0366 263.6708 242.0085 216.3952 186.6859 168.9753 159.1992 150.0962 142.0132 133.0487 123.736 114.9959 106.0597 97.18485 87.80901 79.50575 73.70048 69.54823 65.73744 61.52209 58.21792 55.78503
35.80266 34.86164 34.14665 32.05888 27.80022 23.22396 18.9484 15.29428 11.88403 8.948771 6.420108 4.379839 2.840166 1.90966 1.573091 1.473403 1.470067 1.739752 2.254117 2.85709 3.893374 5.806933 9.198782 17.51671 35.69445 62.33141 92.61146 122.3706 148.3396 170.428 191.8186 213.1575 233.2486 248.3559 261.2323 273.8257 285.1888 288.9271 287.0787 277.4879 260.3957 239.5694 216.7686 192.0576 164.3645 153.9474 145.7172 138.5923 132.3321 125.3432 118.5234 112.136 105.0025 96.82494 87.98792 80.51867 75.3485 71.79458 68.628 64.43211 60.98977 58.37086
34.56709 33.01253 31.41636 28.60234 24.12383 19.48604 15.45341 12.22813 9.456726 7.10175 5.168523 3.529597 2.206945 1.469329 1.279189 1.324298 1.379946 1.559196 1.922749 2.38027 3.284132 5.735745 10.03962 21.80921 46.6252 77.61082 109.1654 138.7537 163.2896 185.2057 207.3682 228.1286 245.9432 257.866 267.9606 277.6871 283.4859 280.6467 270.1299 251.6671 229.8115 210.8534 190.2707 167.4901 148.2245 139.0713 132.4356 127.0042 122.2375 117.7724 113.2092 108.6647 102.2679 94.05156 85.7229 79.4877 75.50594 72.71306 69.94556 66.32324 63.35406 61.0633
31.77804 30.10672 27.87111 24.4591 20.4129 16.47551 13.01842 10.3077 8.151842 6.427429 4.939174 3.613787 2.576247 1.851706 1.491328 1.467485 1.444499 1.657323 2.195335 2.882216 4.850458 10.4967 20.94049 41.62672 71.90067 102.4202 130.0821 156.1579 179.027 200.1651 221.3984 239.9439 254.3902 262.4167 269.0386 273.5161 271.9455 262.9044 244.8742 220.3062 199.261 180.2198 160.8367 143.7495 132.6212 125.1834 120.2982 116.5681 113.477 110.4562 107.1085 103.2294 97.2058 89.18301 81.67921 76.67207 73.85496 71.70171 69.45996 67.16587 65.39475 63.83802
28.66578 27.20907 24.73486 21.50949 17.73175 14.21979 11.23574 9.103309 7.50864 6.424674 5.500941 4.624046 3.869289 3.28023 3.105887 3.078016 3.061739 3.670572 4.98842 7.615403 14.43779 27.17953 48.1733 75.76474 103.2741 128.311 151.4977 174.0997 194.7689 215.01 234.2825 249.6053 260.2498 264.3998 265.9934 264.3702 255.4764 240.1051 216.7101 189.1477 166.5798 152.2605 140.0589 128.8904 119.0427 112.7223 108.9117 106.856 105.0484 102.9705 100.4594 97.35925 91.58848 83.95014 77.43171 73.30269 71.08896 69.6433 68.53944 67.87961 67.29549 66.53796
26.18654 24.34041 22.73582 20.36378 17.23265 13.82393 10.69229 8.873722 8.135987 7.514083 7.040436 6.832073 6.484525 6.301692 6.758691 7.313107 8.173463 10.18873 13.94158 21.37308 34.69054 55.74718 80.59706 104.5358 126.6747 147.4608 169.036 190.2164 209.5434 228.5281 244.637 256.2529 261.8747 260.6625 257.088 248.2864 233.7072 213.2859 186.32 167.5361 152.5685 139.0993 127.5577 117.2037 108.2046 102.5627 99.67213 98.17228 96.81923 95.42999 93.78176 91.15597 85.55106 78.69659 72.83318 69.17213 67.68732 67.09276 67.10648 67.74734 68.51115 68.73267
23.93045 22.55164 21.61151 20.27958 17.87619 14.9703 12.58688 11.15883 11.04617 10.83302 10.77093 11.43798 11.89653 12.72054 14.49269 16.44281 19.27796 23.7717 31.30472 43.19606 60.65897 82.22372 104.5699 124.8209 143.8875 163.5518 184.6087 203.7756 221.666 238.2802 250.593 257.3878 258.2297 252.6062 244.3988 230.7432 212.2613 188.4211 168.5602 155.5229 141.4203 129.4044 118.6557 108.564 99.60032 94.11011 91.4145 90.28091 89.53792 88.83083 87.59309 85.14979 80.16036 73.7374 68.49592 65.15832 64.13999 64.28261 65.15804 66.65986 68.30272 69.27181
21.84829 21.41083 21.1044 20.70967 19.30317 17.78979 16.45978 15.73823 16.53044 17.04774 18.01186 19.70094 21.74484 24.5441 27.7 31.44394 36.38713 44.09103 54.90115 68.86365 85.62594 104.5476 123.9174 142.0158 159.4264 178.9039 198.0733 214.4915 230.3133 243.811 251.9852 254.5925 250.3245 241.0132 228.867 212.0804 191.0073 165.5784 156.2437 144.6194 132.5805 121.6753 111.4193 101.3073 92.41335 86.93301 84.44054 83.70309 83.30405 82.71051 81.40628 79.35587 75.234 69.41843 64.55254 61.51326 60.69321 61.01381 62.25865 64.26228 66.3944 67.92139
19.83351 20.6775 21.36402 21.67609 21.58224 21.46967 21.21186 21.84652 23.92759 25.91253 28.42101 31.02162 34.25882 38.51851 43.53826 49.29256 56.39752 66.21805 78.65608 92.21931 107.4213 124.2273 141.8169 157.3213 173.1892 191.206 207.3807 221.4927 234.5865 244.4986 247.9172 246.3765 237.8241 225.8762 210.9032 192.0869 169.9693 152.4795 144.6508 135.404 125.0452 114.9689 104.9559 95.12117 86.27747 80.61742 78.22158 77.72112 77.13268 76.73859 75.82479 74.49457 70.83633 65.46285 60.8895 58.0542 57.20632 57.38533 58.85683 61.44637 64.12962 66.35877
19.17384 20.00387 21.17288 22.17569 23.3131 24.39215 25.17826 27.27728 30.17547 33.29815 36.88953 41.17019 46.01255 51.69223 58.51236 66.48631 75.1432 85.82292 97.89189 110.8504 125.1309 140.1665 155.2812 168.734 182.8742 197.6564 210.7246 222.4887 232.9441 239.6421 239.3791 234.2772 223.4022 209.1152 192.403 172.7969 150.8496 140.0378 134.0419 126.7957 118.576 109.9437 100.5571 90.96587 82.214 76.1041 73.28921 72.44356 71.73705 71.49404 70.97292 70.13398 66.59083 61.76568 57.58599 54.8465 53.72807 53.69697 55.17765 58.40412 61.89323 64.77119
20.02497 21.19143 22.52739 23.58343 25.35792 27.10955 28.81891 32.07268 36.09492 40.3656 44.95399 50.24382 56.48557 63.36923 71.13811 79.88969 89.51022 100.2883 111.3475 123.1219 135.7236 149.2277 162.0879 173.7044 186.0237 197.9706 208.0653 217.6694 226.1486 230.0383 227.6715 220.0563 207.3579 191.4496 173.8759 155.1327 134.848 128.5384 124.2714 119.1351 113.6395 106.6044 97.93169 88.76279 80.22258 73.7283 70.3456 68.83574 67.78505 67.18617 66.53488 65.64422 62.69324 58.5307 54.7 52.13269 50.8181 50.65937 52.04258 55.07381 58.86971 62.14869
1.70141E+38 1.70141E+38 1.70141E+38 1.70141E+38 1.70141E+38 1.70141E+38 1.70141E+38 1.70141E+38 1.70141E+38 1.70141E+38 1.70141E+38 1.70141E+38 1.70141E+38 1.70141E+38 1.70141E+38 1.70141E+38 1.70141E+38 1.70141E+38 1.70141E+38 1.70141E+38 1.70141E+38 1.70141E+38 1.70141E+38 1.70141E+38 1.70141E+38 1.70141E+38 1.70141E+38 1.70141E+38 1.70141E+38 1.70141E+38 1.70141E+38 1.70141E+38 1.70141E+38 1.70141E+38 1.70141E+38 1.70141E+38 1.70141E+38 1.70141E+38 1.70141E+38 1.70141E+38 1.70141E+38 1.70141E+38 1.70141E+38 1.70141E+38 1.70141E+38 1.70141E+38 1.70141E+38 1.70141E+38 1.70141E+38 1.70141E+38 1.70141E+38 1.70141E+38 1.70141E+38 1.70141E+38 1.70141E+38 1.70141E+38 1.70141E+38 1.70141E+38 1.70141E+38 1.70141E+38 1.70141E+38 1.70141E+38
1.70141E+38 1.70141E+38 1.70141E+38 1.70141E+38 1.70141E+38 1.70141E+38 1.70141E+38 1.70141E+38 1.70141E+38 1.70141E+38 1.70141E+38 1.70141E+38 1.70141E+38 1.70141E+38 1.70141E+38 1.70141E+38 1.70141E+38 1.70141E+38 1.70141E+38 1.70141E+38 1.70141E+38 1.70141E+38 1.70141E+38 1.70141E+38 1.70141E+38 1.70141E+38 1.70141E+38 1.70141E+38 1.70141E+38 1.70141E+38 1.70141E+38 1.70141E+38 1.70141E+38 1.70141E+38 1.70141E+38 1.70141E+38 1.70141E+38 1.70141E+38 1.70141E+38 1.70141E+38 1.70141E+38 1.70141E+38 1.70141E+38 1.70141E+38 1.70141E+38 1.70141E+38 1.70141E+38 1.70141E+38 1.70141E+38 1.70141E+38 1.70141E+38 1.70141E+38 1.70141E+38 1.70141E+38 1.70141E+38 1.70141E+38 1.70141E+38 1.70141E+38 1.70141E+38 1.70141E+38 1.70141E+38 1.70141E+38
1.70141E+38 1.70141E+38 1.70141E+38 1.70141E+38 1.70141E+38 1.70141E+38 1.70141E+38 1.70141E+38 1.70141E+38 1.70141E+38 1.70141E+38 1.70141E+38 1.70141E+38 1.70141E+38 1.70141E+38 1.70141E+38 1.70141E+38 1.70141E+38 1.70141E+38 1.70141E+38 1.70141E+38 1.70141E+38 1.70141E+38 1.70141E+38 1.70141E+38 1.70141E+38 1.70141E+38 1.70141E+38 1.70141E+38 1.70141E+38 1.70141E+38 1.70141E+38 1.70141E+38 1.70141E+38 1.70141E+38 1.70141E+38 1.70141E+38 1.70141E+38 1.70141E+38 1.70141E+38 1.70141E+38 1.70141E+38 1.70141E+38 1.70141E+38 1.70141E+38 1.70141E+38 1.70141E+38 1.70141E+38 1.70141E+38 1.70141E+38 1.70141E+38 1.70141E+38 1.70141E+38 1.70141E+38 1.70141E+38 1.70141E+38 1.70141E+38 1.70141E+38 1.70141E+38 1.70141E+38 1.70141E+38 1.70141E+38
1.70141E+38 1.70141E+38 1.70141E+38 1.70141E+38 1.70141E+38 1.70141E+38 1.70141E+38 1.70141E+38 1.70141E+38 1.70141E+38 1.70141E+38 1.70141E+38 1.70141E+38 1.70141E+38 1.70141E+38 1.70141E+38 1.70141E+38 1.70141E+38 1.70141E+38 1.70141E+38 1.70141E+38 1.70141E+38 1.70141E+38 1.70141E+38 1.70141E+38 1.70141E+38 1.70141E+38 1.70141E+38 1.70141E+38 1.70141E+38 1.70141E+38 1.70141E+38 1.70141E+38 1.70141E+38 1.70141E+38 1.70141E+38 1.70141E+38 1.70141E+38 1.70141E+38 1.70141E+38 1.70141E+38 1.70141E+38 1.70141E+38 1.70141E+38 1.70141E+38 1.70141E+38 1.70141E+38 1.70141E+38 1.70141E+38 1.70141E+38 1.70141E+38 1.70141E+38 1.70141E+38 1.70141E+38 1.70141E+38 1.70141E+38 1.70141E+38 1.70141E+38 1.70141E+38 1.70141E+38 1.70141E+38 1.70141E+38
1.70141E+38 1.70141E+38 1.70141E+38 1.70141E+38 1.70141E+38 1.70141E+38 1.70141E+38 1.70141E+38 1.70141E+38 1.70141E+38 1.70141E+38 1.70141E+38 1.70141E+38 1.70141E+38 1.70141E+38 1.70141E+38 1.70141E+38 1.70141E+38 1.70141E+38 1.70141E+38 1.70141E+38 1.70141E+38 1.70141E+38 1.70141E+38 1.70141E+38 1.70141E+38 1.70141E+38 1.70141E+38 1.70141E+38 1.70141E+38 1.70141E+38 1.70141E+38 1.70141E+38 1.70141E+38 1.70141E+38 1.70141E+38 1.70141E+38 1.70141E+38 1.70141E+38 1.70141E+38 1.70141E+38 1.70141E+38 1.70141E+38 1.70141E+38 1.70141E+38 1.70141E+38 1.70141E+38 1.70141E+38 1.70141E+38 1.70141E+38 1.70141E+38 1.70141E+38 1.70141E+38 1.70141E+38 1.70141E+38 1.70141E+38 1.70141E+38 1.70141E+38 1.70141E+38 1.70141E+38 1.70141E+38 1.70141E+38
1.70141E+38 1.70141E+38 1.70141E+38 1.70141E+38 1.70141E+38 1.70141E+38 1.70141E+38 1.70141E+38 1.70141E+38 1.70141E+38 1.70141E+38 1.70141E+38 1.70141E+38 1.70141E+38 1.70141E+38 1.70141E+38 1.70141E+38 1.70141E+38 1.70141E+38 1.70141E+38 1.70141E+38 1.70141E+38 1.70141E+38 1.70141E+38 1.70141E+38 1.70141E+38 1.70141E+38 1.70141E+38 1.70141E+38 1.70141E+38 1.70141E+38 1.70141E+38 1.70141E+38 1.70141E+38 1.70141E+38 1.70141E+38 1.70141E+38 1.70141E+38 1.70141E+38 1.70141E+38 1.70141E+38 1.70141E+38 1.70141E+38 1.70141E+38 1.70141E+38 1.70141E+38 1.70141E+38 1.70141E+38 1.70141E+38 1.70141E+38 1.70141E+38 1.70141E+38 1.70141E+38 1.70141E+38 1.70141E+38 1.70141E+38 1.70141E+38 1.70141E+38 1.70141E+38 1.70141E+38 1.70141E+38 1.70141E+38
1.70141E+38 1.70141E+38 1.70141E+38 1.70141E+38 1.70141E+38 1.70141E+38 1.70141E+38 1.70141E+38 1.70141E+38 1.70141E+38 1.70141E+38 1.70141E+38 1.70141E+38 1.70141E+38 1.70141E+38 1.70141E+38 1.70141E+38 1.70141E+38 1.70141E+38 1.70141E+38 1.70141E+38 1.70141E+38 1.70141E+38 1.70141E+38 1.70141E+38 1.70141E+38 1.70141E+38 1.70141E+38 1.70141E+38 1.70141E+38 1.70141E+38 1.70141E+38 1.70141E+38 1.70141E+38 1.70141E+38 1.70141E+38 1.70141E+38 1.70141E+38 1.70141E+38 1.70141E+38 1.70141E+38 1.70141E+38 1.70141E+38 1.70141E+38 1.70141E+38 1.70141E+38 1.70141E+38 1.70141E+38 1.70141E+38 1.70141E+38 1.70141E+38 1.70141E+38 1.70141E+38 1.70141E+38 1.70141E+38 1.70141E+38 1.70141E+38 1.70141E+38 1.70141E+38 1.70141E+38 1.70141E+38 1.70141E+38
1.70141E+38 1.70141E+38 1.70141E+38 1.70141E+38 1.70141E+38 1.70141E+38 1.70141E+38 1.70141E+38 1.70141E+38 1.70141E+38 1.70141E+38 1.70141E+38 1.70141E+38 1.70141E+38 1.70141E+38 1.70141E+38 1.70141E+38 1.70141E+38 1.70141E+38 1.70141E+38 1.70141E+38 1.70141E+38 1.70141E+38 1.70141E+38 1.70141E+38 1.70141E+38 1.70141E+38 1.70141E+38 1.70141E+38 1.70141E+38 1.70141E+38 1.70141E+38 1.70141E+38 1.70141E+38 1.70141E+38 1.70141E+38 1.70141E+38 1.70141E+38 1.70141E+38 1.70141E+38 1.70141E+38 1.70141E+38 1.70141E+38 1.70141E+38 1.70141E+38 1.70141E+38 1.70141E+38 1.70141E+38 1.70141E+38 1.70141E+38 1.70141E+38 1.70141E+38 1.70141E+38 1.70141E+38 1.70141E+38 1.70141E+38 1.70141E+38 1.70141E+38 1.70141E+38 1.70141E+38 1.70141E+38 1.70141E+38
