py_wake/examples/data/AJ_ParqueFicticio/Ridge area   Sector 2   Height 30m   Flow inclination.grd
DSAA
90  129
 262878   265103
 6504214   6507414
-17.53808   18.61598
[rows 27 to 53 of 129, columns 0 to 60 of 90]
-8.698181 -9.072796 -9.420443 -9.76846 -10.14669 -10.53195 -10.90444 -11.25792 -11.51289 -11.63516 -11.6682 -11.63629 -11.54103 -11.3877 -11.20503 -11.04508 -10.92464 -10.82487 -10.75438 -10.73822 -10.65773 -10.51927 -10.35469 -10.15919 -9.966291 -9.811996 -9.689622 -9.597542 -9.484303 -9.347157 -9.204603 -9.107785 -9.077613 -8.98068 -8.941508 -8.867137 -8.701946 -8.450031 -8.052198 -7.503323 -7.002039 -6.37 -5.574139 -4.572248 -3.442503 -2.246547 -1.034154 .2654203 1.385416 2.342141 3.168399 3.378188 3.153762 2.8077 2.502966 2.685328 3.615724 11.9851 10.16805 8.187648 5.039419
-8.702593 -9.038977 -9.323366 -9.616641 -9.949805 -10.29254 -10.64294 -10.98168 -11.2448 -11.39442 -11.45899 -11.47804 -11.51133 -11.5261 -11.51385 -11.50651 -11.50274 -11.51225 -11.55912 -11.65832 -11.66562 -11.6039 -11.51268 -11.35453 -11.16027 -10.9812 -10.81015 -10.56818 -10.25682 -9.929159 -9.617559 -9.359744 -9.176901 -8.995061 -8.856704 -8.722947 -8.540218 -8.31894 -7.974692 -7.485424 -6.990018 -6.346804 -5.49551 -4.40844 -3.234222 -2.015564 -.7963002 .5038095 1.643422 2.506757 3.25369 3.311553 2.840932 2.110155 1.318459 1.003519 2.750968 3.527799 9.593902 7.069766 3.148009
-8.754174 -9.046193 -9.278558 -9.523231 -9.792309 -10.05963 -10.35077 -10.63588 -10.88502 -11.011 -11.09241 -11.20851 -11.3738 -11.55006 -11.71687 -11.87193 -12.02216 -12.14948 -12.31186 -12.5242 -12.63933 -12.70878 -12.76509 -12.72805 -12.6243 -12.51183 -12.31405 -11.97988 -11.539 -11.03939 -10.57093 -10.13649 -9.784631 -9.478727 -9.205362 -8.979368 -8.747274 -8.514301 -8.19202 -7.743037 -7.248404 -6.583148 -5.63269 -4.438615 -3.20842 -1.941012 -.6787717 .5752376 1.719447 2.558132 3.228982 3.162984 2.462423 1.422267 .2360223 -.6886084 1.974281 3.857579 9.008736 5.624407 1.051796
-8.765234 -9.012283 -9.205844 -9.418005 -9.63591 -9.840316 -10.05325 -10.23454 -10.41202 -10.48393 -10.64695 -10.90076 -11.20461 -11.50291 -11.78687 -12.08007 -12.37059 -12.67409 -13.03146 -13.41613 -13.6752 -13.9456 -14.21154 -14.33373 -14.3776 -14.39837 -14.21671 -13.76729 -13.22205 -12.63832 -12.0331 -11.44692 -10.95344 -10.47573 -10.02826 -9.660007 -9.339466 -9.048315 -8.690795 -8.210977 -7.640173 -6.851631 -5.738464 -4.477702 -3.237536 -1.93979 -.6321858 .5343882 1.631568 2.430562 2.969641 2.813726 1.966615 .7614381 -.6656325 -2.063683 1.116063 4.758687 8.744452 3.764984 -1.293223
-8.854521 -9.070892 -9.235728 -9.419806 -9.58616 -9.72829 -9.859068 -9.948597 -10.05551 -10.11639 -10.34216 -10.67674 -11.07118 -11.44538 -11.79481 -12.1613 -12.57475 -13.0441 -13.52899 -13.96474 -14.34088 -14.75257 -15.1456 -15.40555 -15.62245 -15.76509 -15.68975 -15.27677 -14.76814 -14.20865 -13.60703 -13.0037 -12.40992 -11.77616 -11.16687 -10.6354 -10.18085 -9.769073 -9.30784 -8.729817 -8.043796 -7.07201 -5.82628 -4.529516 -3.25443 -1.967556 -.6433963 .4433505 1.391739 2.072329 2.445396 2.279011 1.433942 .245078 -1.201916 -2.858043 -2.291235 1.64057 7.41053 1.446943 -3.77328
-9.012494 -9.222731 -9.381312 -9.562568 -9.704892 -9.811973 -9.8934 -9.941036 -10.0241 -10.11329 -10.36624 -10.71649 -11.11412 -11.50068 -11.87504 -12.28504 -12.78884 -13.34156 -13.82591 -14.26826 -14.71131 -15.15 -15.56974 -15.93354 -16.24038 -16.45757 -16.50242 -16.32582 -15.94581 -15.50691 -14.9495 -14.33118 -13.65934 -12.98377 -12.33131 -11.71455 -11.15238 -10.61932 -10.03314 -9.341215 -8.539542 -7.410044 -6.100254 -4.798774 -3.457121 -2.196037 -.8812439 .199615 .9995112 1.554782 1.788626 1.62403 .8753984 -.1755552 -1.508011 -3.210199 -4.33807 -2.695925 -2.884009 -.863645 -5.572338
-9.232273 -9.450246 -9.614099 -9.810129 -9.954608 -10.06326 -10.1397 -10.19511 -10.29031 -10.43031 -10.70017 -11.04356 -11.41093 -11.76316 -12.12165 -12.53694 -13.08647 -13.6074 -14.02468 -14.4318 -14.84572 -15.28267 -15.72652 -16.13519 -16.52435 -16.85421 -17.01233 -16.98868 -16.84677 -16.49424 -16.03149 -15.51317 -14.85859 -14.19961 -13.56129 -12.8894 -12.23792 -11.59677 -10.89802 -10.10622 -9.168427 -7.880499 -6.520873 -5.222184 -3.827821 -2.573023 -1.335542 -.2416269 .4646883 .8618886 .9736865 .8063684 .2375681 -.5849679 -1.701399 -3.219671 -4.712956 -3.780771 -3.355946 -4.511094 -6.33604
-9.53007 -9.752376 -9.922558 -10.15464 -10.32343 -10.46497 -10.58235 -10.69454 -10.83471 -11.01171 -11.25479 -11.54358 -11.84975 -12.16432 -12.52796 -12.97337 -13.48076 -13.8788 -14.18063 -14.48596 -14.86744 -15.30117 -15.73266 -16.1729 -16.64556 -17.04866 -17.28846 -17.35825 -17.28049 -17.08887 -16.75958 -16.33475 -15.77483 -15.21502 -14.59789 -13.91297 -13.26902 -12.55844 -11.78602 -10.9259 -9.859913 -8.478682 -7.097781 -5.798891 -4.363648 -3.098539 -1.911035 -.8404622 -.1778284 .131164 .1856876 -.0005881789 -.4514779 -1.120367 -2.008908 -3.150364 -4.576604 -5.410196 -4.690779 -5.623186 -6.917861
-9.890806 -10.08632 -10.24065 -10.50647 -10.68471 -10.85351 -10.99501 -11.13492 -11.3146 -11.52923 -11.76742 -12.04283 -12.32179 -12.62837 -13.00632 -13.45519 -13.85024 -14.12578 -14.36524 -14.61065 -14.92483 -15.285 -15.6837 -16.12444 -16.58892 -16.98899 -17.28493 -17.38874 -17.32047 -17.22419 -17.04303 -16.66736 -16.22699 -15.74361 -15.15625 -14.54402 -13.91603 -13.20461 -12.43337 -11.58078 -10.46074 -9.072877 -7.722185 -6.451635 -5.00841 -3.73169 -2.514382 -1.507775 -.8295355 -.5582926 -.5237912 -.6579235 -1.031019 -1.611274 -2.323225 -3.170003 -4.320699 -5.592398 -5.463078 -5.890153 -7.377015
-10.22931 -10.38582 -10.52775 -10.83638 -11.00772 -11.17338 -11.30521 -11.44979 -11.64332 -11.86036 -12.11094 -12.40516 -12.67389 -12.98892 -13.37627 -13.77235 -14.11406 -14.35245 -14.53565 -14.76902 -15.02073 -15.30121 -15.6526 -16.01661 -16.40264 -16.76425 -17.03059 -17.1449 -17.09253 -17.00035 -16.89701 -16.71044 -16.36151 -15.91623 -15.37279 -14.78549 -14.1858 -13.49381 -12.76911 -11.95987 -10.91198 -9.630851 -8.339048 -7.088879 -5.656876 -4.326837 -3.056466 -2.075984 -1.424252 -1.086045 -.9873994 -1.052968 -1.343897 -1.885898 -2.590826 -3.364082 -4.278997 -5.548106 -6.500159 -6.067283 -7.628791
-10.52231 -10.64358 -10.79382 -11.13882 -11.27441 -11.40459 -11.50057 -11.62558 -11.82291 -12.06238 -12.36041 -12.66852 -12.93844 -13.24097 -13.58663 -13.94231 -14.3069 -14.56397 -14.76214 -14.96662 -15.12136 -15.33616 -15.58494 -15.85408 -16.14056 -16.41845 -16.64028 -16.73044 -16.64544 -16.58397 -16.55723 -16.44946 -16.21442 -15.78719 -15.32182 -14.76615 -14.15479 -13.53039 -12.93009 -12.22749 -11.26369 -10.08107 -8.839211 -7.565804 -6.18556 -4.757917 -3.496696 -2.503158 -1.854397 -1.432941 -1.23432 -1.222586 -1.385427 -1.871391 -2.656358 -3.569576 -4.530842 -5.549914 -6.820006 -6.234722 -7.692564
-10.73004 -10.86293 -11.05739 -11.41066 -11.50679 -11.59432 -11.66301 -11.7692 -11.95398 -12.15809 -12.44426 -12.72092 -12.96355 -13.24211 -13.59109 -13.98525 -14.3592 -14.63375 -14.89759 -15.0688 -15.11352 -15.21573 -15.3888 -15.5743 -15.78316 -15.97092 -16.1296 -16.18894 -16.10347 -16.0189 -15.96359 -15.88708 -15.72954 -15.44842 -15.01521 -14.5222 -14.00774 -13.49371 -12.97246 -12.31478 -11.42115 -10.28449 -9.051332 -7.776453 -6.432467 -4.971205 -3.756559 -2.768225 -2.10782 -1.606395 -1.315014 -1.173798 -1.211476 -1.603197 -2.437394 -3.540984 -4.743722 -5.812703 -6.993781 -7.512054 -7.622118
-10.91626 -11.04601 -11.27982 -11.58884 -11.64747 -11.71126 -11.75532 -11.84358 -12.01203 -12.21579 -12.48355 -12.70095 -12.89083 -13.13972 -13.48911 -13.87033 -14.19809 -14.4864 -14.69201 -14.81932 -14.86007 -14.92033 -15.02691 -15.10418 -15.261 -15.37515 -15.45788 -15.50493 -15.44678 -15.33167 -15.23292 -15.14261 -14.93214 -14.72886 -14.40083 -14.00071 -13.52842 -13.06779 -12.61244 -12.02066 -11.20078 -10.1196 -8.95901 -7.745558 -6.487422 -5.110159 -3.929862 -2.909894 -2.168525 -1.571262 -1.216627 -.9825966 -.9022899 -1.202121 -2.084887 -3.325029 -4.839723 -6.197149 -7.182962 -7.709321 -7.284326
-11.11798 -11.19976 -11.38582 -11.60447 -11.69926 -11.77649 -11.79973 -11.85914 -11.99062 -12.16506 -12.3892 -12.55294 -12.70045 -12.92643 -13.2089 -13.48755 -13.77163 -14.00378 -14.13769 -14.22901 -14.28333 -14.37601 -14.4471 -14.43868 -14.48007 -14.50592 -14.55511 -14.58057 -14.49738 -14.35998 -14.19115 -14.05188 -13.80765 -13.61153 -13.41799 -13.13801 -12.79173 -12.39251 -11.99478 -11.47813 -10.77997 -9.854356 -8.799184 -7.652868 -6.421473 -5.117546 -3.946697 -2.880076 -2.066134 -1.419103 -.9868465 -.6832053 -.5235395 -.7762352 -1.712272 -3.042319 -4.752172 -6.524218 -7.41677 -7.387033 -6.583919
-11.28872 -11.30659 -11.38568 -11.5509 -11.64383 -11.79931 -11.83409 -11.87663 -11.96166 -12.08537 -12.22994 -12.30519 -12.38514 -12.52106 -12.70276 -12.89464 -13.09169 -13.27302 -13.33658 -13.43752 -13.53356 -13.57637 -13.57876 -13.47334 -13.41657 -13.29891 -13.29506 -13.28834 -13.24733 -13.02813 -12.8541 -12.64098 -12.37781 -12.24991 -12.16664 -11.91067 -11.58685 -11.34956 -11.10273 -10.73276 -10.18696 -9.280844 -8.234612 -7.187614 -6.063533 -4.844772 -3.706386 -2.680667 -1.852099 -1.15217 -.6197956 -.2576564 -.1354203 -.4258921 -1.399451 -2.783722 -4.576684 -6.621476 -7.378758 -6.645164 -8.418165
-11.31542 -11.25568 -11.29805 -11.48458 -11.61663 -11.80722 -11.84758 -11.90242 -11.93094 -12.00087 -12.07016 -12.06318 -12.06759 -12.08685 -12.11697 -12.14847 -12.20868 -12.29645 -12.3783 -12.46185 -12.4842 -12.50304 -12.44792 -12.27349 -12.12871 -11.9753 -11.8902 -11.84951 -11.78442 -11.52601 -11.3786 -11.1128 -10.95562 -10.89686 -10.81733 -10.60405 -10.43028 -10.3666 -10.24925 -9.97772 -9.396249 -8.585623 -7.707582 -6.790308 -5.73134 -4.546578 -3.412093 -2.371695 -1.484412 -.7504089 -.1752756 .1862371 .2272406 -.1236016 -1.1166 -2.563292 -4.349059 -6.255982 -6.710928 -5.769216 -9.984277
-11.44382 -11.32507 -11.36938 -11.54595 -11.66402 -11.81179 -11.79122 -11.84185 -11.89468 -11.91552 -11.87809 -11.75688 -11.66121 -11.57657 -11.52196 -11.45098 -11.40139 -11.3873 -11.38377 -11.3738 -11.32832 -11.30806 -11.21014 -11.01886 -10.81755 -10.59078 -10.46868 -10.4579 -10.39648 -10.14689 -9.99469 -9.759607 -9.662576 -9.622432 -9.5475 -9.444698 -9.399703 -9.415565 -9.344077 -9.08356 -8.622416 -8.010105 -7.23491 -6.380827 -5.377231 -4.216745 -3.0947 -2.059969 -1.173598 -.3759205 .200104 .5355445 .5081283 .0309298 -1.040385 -2.542163 -4.203912 -5.678977 -5.5814 -5.261109 -9.406014
-11.55447 -11.37954 -11.40672 -11.59061 -11.68765 -11.82051 -11.81379 -11.85484 -11.83082 -11.7983 -11.71632 -11.54573 -11.33275 -11.10481 -10.89453 -10.65994 -10.46539 -10.32634 -10.21237 -10.07527 -9.977365 -9.919228 -9.789862 -9.616462 -9.429082 -9.228632 -9.145796 -9.164739 -9.116329 -8.854426 -8.683824 -8.478689 -8.427762 -8.406663 -8.349843 -8.326556 -8.365722 -8.411841 -8.358344 -8.19865 -7.910491 -7.464303 -6.805236 -5.999171 -5.022373 -3.89284 -2.785958 -1.749216 -.8577377 -.06518456 .5088916 .7996734 .7021444 .1090716 -1.029321 -2.580583 -4.146204 -5.166996 -4.379266 -4.64877 -7.259048
-11.63646 -11.35049 -11.29846 -11.41612 -11.49482 -11.70751 -11.84709 -11.96419 -11.90546 -11.75406 -11.5212 -11.19116 -10.85307 -10.50727 -10.17434 -9.806921 -9.49261 -9.231258 -8.959431 -8.664275 -8.435181 -8.25518 -8.055197 -7.869626 -7.71086 -7.572008 -7.568832 -7.585075 -7.585061 -7.403486 -7.319965 -7.233108 -7.238922 -7.272711 -7.267752 -7.284162 -7.361216 -7.436373 -7.415926 -7.347378 -7.173522 -6.824469 -6.182406 -5.378885 -4.461725 -3.437508 -2.441481 -1.464916 -.6115008 .1467228 .7262888 .9678985 .8186557 .1498934 -1.050804 -2.66489 -4.190796 -4.832165 -4.001903 -3.817805 -5.015731
-11.69337 -11.34202 -11.23938 -11.28833 -11.41231 -11.69192 -11.98217 -12.20943 -12.1389 -11.87811 -11.5127 -11.03698 -10.54206 -10.00579 -9.446263 -8.887399 -8.439023 -8.05079 -7.631742 -7.209607 -6.888672 -6.597154 -6.324357 -6.155579 -6.093081 -6.144226 -6.19869 -6.200802 -6.23146 -6.191591 -6.218405 -6.237591 -6.303239 -6.356794 -6.402142 -6.463911 -6.561636 -6.654465 -6.656349 -6.634832 -6.51441 -6.199203 -5.579708 -4.862871 -4.028461 -3.098536 -2.20192 -1.292491 -.4632197 .2719229 .8385907 1.066182 .8840966 .167514 -1.080886 -2.725598 -4.217223 -4.674259 -3.751407 -2.84296 -2.862337
-11.83053 -11.41966 -11.27214 -11.25461 -11.40273 -11.73927 -12.1716 -12.52693 -12.51614 -12.26168 -11.87948 -11.34232 -10.81742 -10.20388 -9.484951 -8.758561 -8.142653 -7.636362 -7.145714 -6.635284 -6.176466 -5.793966 -5.489327 -5.333426 -5.317833 -5.385476 -5.472403 -5.513382 -5.53611 -5.54071 -5.617879 -5.705648 -5.801512 -5.876411 -5.951627 -6.05704 -6.190615 -6.310167 -6.343245 -6.337163 -6.220603 -5.905677 -5.304353 -4.640976 -3.837402 -2.957745 -2.116131 -1.292328 -.4443246 .3120082 .8768473 1.107519 .8972247 .169215 -1.062856 -2.645947 -4.101583 -4.643313 -3.76352 -2.477596 -1.609679
-11.99751 -11.54728 -11.31586 -11.25031 -11.41754 -11.76782 -12.22334 -12.65341 -12.8265 -12.75157 -12.47707 -11.98817 -11.52322 -10.97833 -10.21854 -9.396249 -8.651419 -8.032756 -7.450769 -6.876906 -6.380774 -5.983702 -5.686026 -5.471574 -5.405315 -5.487474 -5.590377 -5.651166 -5.658564 -5.631319 -5.676592 -5.739712 -5.804427 -5.866394 -5.936591 -6.04125 -6.179279 -6.309752 -6.353894 -6.319521 -6.200592 -5.878134 -5.291177 -4.654491 -3.87128 -3.006081 -2.15555 -1.34767 -.4958535 .3326351 .9085682 1.143609 .9172463 .1991547 -.9907354 -2.47812 -3.88262 -4.617098 -4.15252 -2.998489 -2.34688
-12.12711 -11.68033 -11.37543 -11.27728 -11.39926 -11.68686 -12.10073 -12.5779 -12.98995 -13.22261 -13.11893 -12.74874 -12.41811 -12.12229 -11.43223 -10.66091 -9.8542 -9.102972 -8.451435 -7.842906 -7.313242 -6.905437 -6.605456 -6.427623 -6.354863 -6.363588 -6.424944 -6.465796 -6.489492 -6.467407 -6.417999 -6.372499 -6.364708 -6.34721 -6.349829 -6.39976 -6.508773 -6.61393 -6.641914 -6.555399 -6.411484 -6.076996 -5.507842 -4.889732 -4.115122 -3.222561 -2.302616 -1.444123 -.5762886 .312181 .933439 1.162279 .9042284 .1740232 -.9843318 -2.387641 -3.651222 -4.424965 -4.376265 -3.702682 -3.399704
-12.18489 -11.80613 -11.49173 -11.34484 -11.41066 -11.69206 -12.1381 -12.65094 -13.15745 -13.56301 -13.60392 -13.34901 -13.04955 -12.96535 -12.60661 -12.17545 -11.52751 -10.77652 -10.10856 -9.466757 -8.917733 -8.481225 -8.208114 -8.027482 -7.936934 -7.955667 -7.986576 -8.008179 -7.995623 -7.923295 -7.827031 -7.720711 -7.585148 -7.409818 -7.263998 -7.20821 -7.215216 -7.211999 -7.17147 -7.01826 -6.847446 -6.498232 -5.939134 -5.325538 -4.538774 -3.573801 -2.532999 -1.593881 -.6765767 .167697 .848355 1.073 .7953012 .04752113 -1.088657 -2.403105 -3.487914 -4.174576 -4.305742 -3.975193 -3.801529
-12.13769 -11.83017 -11.56166 -11.38981 -11.35575 -11.6157 -12.05154 -12.63206 -13.21021 -13.71637 -13.88115 -13.64955 -13.1806 -13.01192 -13.06181 -13.30792 -13.3396 -12.74032 -12.13704 -11.50885 -10.86925 -10.37299 -10.03154 -9.795706 -9.661376 -9.647153 -9.686013 -9.686733 -9.694721 -9.724998 -9.650396 -9.51652 -9.26774 -8.950644 -8.675141 -8.50366 -8.341161 -8.166361 -7.98578 -7.734074 -7.486517 -7.098582 -6.518663 -5.890701 -5.07402 -4.005293 -2.831191 -1.828337 -.8762839 -.07279821 .6182212 .8645513 .5604588 -.1930427 -1.274875 -2.486937 -3.425893 -3.983201 -4.117626 -3.910269 -3.774186
-11.98309 -11.71642 -11.48682 -11.28013 -11.27958 -11.5212 -12.02476 -12.71423 -13.33972 -13.97036 -14.22802 -13.94565 -13.26582 -12.81542 -12.76735 -13.32573 -14.49751 -14.5336 -14.18163 -13.73314 -13.05707 -12.43464 -11.97965 -11.64311 -11.40099 -11.34644 -11.39599 -11.41789 -11.48934 -11.6305 -11.58113 -11.46761 -11.17663 -10.77754 -10.41904 -10.11891 -9.767405 -9.405592 -9.072629 -8.709987 -8.329559 -7.839462 -7.190177 -6.506513 -5.61267 -4.413022 -3.147307 -2.114446 -1.146322 -.3812275 .2662874 .5087374 .1731343 -.5629112 -1.561591 -2.619385 -3.431726 -3.888863 -3.999692 -3.86786 -3.73542
-11.77301 -11.58741 -11.4136 -11.18772 -11.21586 -11.44488 -12.01219 -12.76422 -13.49095 -14.28499 -14.58264 -14.29915 -13.57531 -12.8967 -12.25904 -11.87589 -13.624 -15.00832 -15.49575 -15.48414 -14.91985 -14.26206 -13.71939 -13.28145 -12.956 -12.85706 -12.89699 -12.89531 -13.00557 -13.23687 -13.22037 -13.14057 -12.87187 -12.42972 -12.00871 -11.62049 -11.19152 -10.75075 -10.29825 -9.792514 -9.266779 -8.660568 -7.905305 -7.088187 -6.025823 -4.677489 -3.40148 -2.377321 -1.450342 -.7095931 -.145007 .0468514 -.2854224 -.9929287 -1.892276 -2.810355 -3.465648 -3.820435 -3.919858 -3.799876 -3.604025
