py_wake/examples/data/AJ_ParqueFicticio/Ridge area   Sector 10   Height 30m   Turbulence intensity.grd
DSAA
90  129
 262878   265103
 6504214   6507414
 8.154901   100
[rows 56 to 83 of 129, columns 0 to 62 of 90]
10.71352 10.76696 10.94769 11.31654 11.91919 12.81945 14.38867 16.76163 19.80398 22.64627 23.859 23.63477 23.71087 25.4698 27.67697 29.95154 31.57492 32.44951 32.50571 31.2611 28.63946 26.07858 24.0392 22.1907 20.59725 19.41687 18.51788 17.78565 17.18002 16.54729 15.90204 15.26262 14.71072 14.28713 13.903 13.49165 13.05118 12.6086 12.17347 11.6647 11.08022 10.50663 10.02075 9.590975 9.274505 9.142943 9.130463 9.276154 9.524138 9.835372 10.28712 11.18001 13.34206 17.59239 24.51646 32.97506 40.06881 45.07985 48.02053 48.0959 45.8366 42.77283 39.79298
10.634 10.63294 10.75473 11.07451 11.5729 12.26988 13.34657 14.88173 16.8316 18.82324 20.11765 20.05411 20.11129 21.36629 23.55374 25.91384 27.96053 29.25434 30.06156 29.67681 27.84757 25.90589 24.31547 22.71029 21.15302 19.86461 18.8576 18.03477 17.35284 16.6438 15.94388 15.25438 14.67784 14.19663 13.74174 13.31201 12.8975 12.51366 12.11186 11.6276 11.04385 10.47826 9.984879 9.557158 9.284948 9.127807 9.080313 9.182281 9.39336 9.65 10.00124 10.58478 11.90946 14.63665 19.14508 25.25632 31.50741 36.54847 40.30093 41.82524 41.53317 40.74057 39.93471
10.6102 10.5401 10.61253 10.89228 11.31165 11.84468 12.53777 13.53112 14.78088 15.92447 16.60315 16.76549 16.96593 17.92963 19.7458 21.72166 23.63496 25.1897 26.65214 27.07087 26.23548 25.13064 24.01225 22.68239 21.2691 19.991 18.94538 18.10435 17.34418 16.58973 15.85092 15.14915 14.54642 14.03082 13.5557 13.09916 12.68971 12.29854 11.87529 11.39695 10.86199 10.33035 9.840416 9.482468 9.230943 9.057442 8.9892 9.05788 9.228509 9.454665 9.737262 10.13799 10.89813 12.37904 14.91575 18.55685 23.1207 27.68878 31.50653 34.38438 36.30662 37.86481 38.91027
10.61513 10.487 10.49366 10.69852 11.05954 11.52326 12.04484 12.67684 13.44071 14.18261 14.62149 14.76104 14.91974 15.57075 16.91159 18.4383 20.02164 21.62232 23.05505 23.87715 23.7974 23.43158 22.7503 21.66524 20.46224 19.36642 18.41035 17.62779 16.9103 16.18326 15.44359 14.72278 14.08495 13.5775 13.1275 12.68872 12.30771 11.91853 11.48259 11.02202 10.55506 10.07094 9.668222 9.379619 9.120687 8.935416 8.860867 8.911976 9.049835 9.251532 9.504788 9.797272 10.2521 11.0721 12.43989 14.50285 17.23189 20.60699 24.44315 28.22005 31.85522 34.87144 36.81381
10.62163 10.44803 10.38485 10.51162 10.81759 11.23123 11.66352 12.11246 12.61716 13.15733 13.49229 13.57876 13.66163 14.06013 14.86386 15.81823 17.0108 18.39368 19.76142 20.837 21.01004 20.94872 20.69778 19.91496 18.97536 18.13883 17.38782 16.75763 16.12855 15.50139 14.83953 14.13776 13.48934 13.01916 12.60543 12.19431 11.85591 11.50031 11.09137 10.69604 10.2644 9.846881 9.5438 9.279687 9.002204 8.801146 8.749125 8.788213 8.879832 9.066856 9.308441 9.563616 9.870378 10.37359 11.19499 12.4619 14.30691 16.82017 20.24997 24.58778 29.134 32.91292 36.063
10.60492 10.41043 10.30632 10.36528 10.62487 10.98193 11.34746 11.71401 12.0968 12.50179 12.78371 12.93064 12.97905 13.1173 13.49131 14.07333 14.86 15.8772 16.98908 17.91636 18.3154 18.46727 18.45951 17.99509 17.32097 16.73013 16.24442 15.78133 15.25239 14.73028 14.16535 13.544 12.96621 12.55243 12.15369 11.80614 11.51215 11.16145 10.80851 10.45708 10.04982 9.702954 9.448901 9.190744 8.903019 8.727622 8.726328 8.756416 8.791738 8.908332 9.125997 9.371728 9.632691 9.995033 10.59304 11.56294 13.1263 15.41164 18.70409 23.25291 28.55977 33.75814 39.10326
10.57667 10.38111 10.24684 10.24327 10.45231 10.75386 11.08398 11.41976 11.75322 12.08421 12.3173 12.4299 12.49864 12.61632 12.78222 13.13877 13.58546 14.17622 14.79893 15.3842 15.91246 16.14243 16.23165 16.00987 15.62717 15.24522 14.95937 14.70583 14.34735 13.90168 13.465 12.94903 12.51346 12.12887 11.77294 11.49751 11.20873 10.88944 10.59075 10.25875 9.890268 9.592479 9.339317 9.07634 8.806361 8.686629 8.709406 8.735886 8.750593 8.791423 8.934834 9.157918 9.425046 9.751301 10.2472 11.11895 12.67006 15.08923 18.60926 23.61745 30.2244 37.32284 44.98281
10.57759 10.3599 10.16389 10.13102 10.30065 10.55428 10.83881 11.13393 11.42733 11.71336 11.96235 12.15918 12.27257 12.32471 12.34324 12.47106 12.73467 13.0594 13.42328 13.73237 14.03331 14.29427 14.3725 14.32477 14.06745 13.91423 13.84983 13.70596 13.41621 13.11956 12.75789 12.36517 12.04435 11.70623 11.41057 11.18864 10.93578 10.66258 10.39228 10.08239 9.753334 9.48084 9.228449 8.956877 8.700761 8.628341 8.653735 8.679291 8.69225 8.703472 8.763454 8.936052 9.208319 9.534984 9.973186 10.7893 12.39094 15.10215 19.1732 25.14355 33.7086 42.92774 51.84271
10.62797 10.37803 10.12751 10.09873 10.25767 10.48238 10.73733 11.0089 11.28319 11.55049 11.79206 11.98848 12.10856 12.12715 12.05482 12.06161 12.27108 12.50252 12.65897 12.65013 12.8109 13.0821 13.23238 13.12007 12.93087 12.97308 13.00586 12.85607 12.65299 12.45304 12.1501 11.85758 11.60496 11.325 11.08778 10.89757 10.68751 10.46769 10.24122 9.964561 9.653177 9.392324 9.156705 8.900058 8.645334 8.554821 8.575663 8.603593 8.620799 8.630319 8.648715 8.753545 9.015938 9.355497 9.770101 10.51723 12.18744 15.25441 20.12302 27.53854 38.04306 48.72863 57.45541
10.72414 10.46285 10.18171 10.10614 10.23045 10.41048 10.6307 10.88985 11.16826 11.43596 11.68623 11.91235 12.07491 12.10774 12.00987 11.95883 12.04035 12.15848 12.21848 12.14342 12.21592 12.40251 12.49743 12.36993 12.28639 12.32278 12.33687 12.21398 12.08749 11.9314 11.69781 11.47484 11.27521 11.06341 10.86841 10.69984 10.54197 10.38804 10.1982 9.940765 9.639476 9.373708 9.144472 8.907562 8.660619 8.514331 8.503063 8.534514 8.560256 8.576319 8.587234 8.653285 8.892032 9.247801 9.671465 10.36953 12.16034 15.65295 21.41962 30.3075 42.03533 51.02284 53.39612
10.81505 10.55651 10.29825 10.12823 10.20181 10.35569 10.5537 10.81512 11.12165 11.42817 11.71984 11.99663 12.2104 12.26576 12.13483 11.97931 11.99097 12.03445 12.05121 11.98993 11.99282 12.03655 12.05622 11.988 11.91588 11.87796 11.82936 11.73621 11.64452 11.53034 11.3482 11.17639 11.03229 10.88555 10.72438 10.58281 10.48822 10.40468 10.24697 10.00704 9.733491 9.442839 9.188142 8.96049 8.735717 8.537127 8.46506 8.492207 8.53066 8.558704 8.579055 8.637336 8.872118 9.245517 9.693134 10.38582 12.33439 16.33005 23.28907 33.59353 44.20334 44.31532 36.01714
10.888 10.64321 10.41887 10.24656 10.20791 10.30452 10.48349 10.75695 11.10866 11.47185 11.81709 12.15161 12.40895 12.46613 12.31631 12.03241 11.9564 11.99632 12.01306 11.91953 11.83662 11.84792 11.83759 11.74861 11.65261 11.60959 11.54936 11.43952 11.38131 11.29002 11.09523 10.93874 10.86212 10.78698 10.6452 10.51963 10.48527 10.46311 10.35329 10.14183 9.878531 9.583381 9.291317 9.050229 8.832157 8.618587 8.486288 8.48013 8.528895 8.575533 8.613022 8.681218 8.929498 9.326037 9.807905 10.53067 12.70168 17.32166 25.69963 37.14281 42.57276 31.17359 37.28906
10.95588 10.71534 10.5087 10.37165 10.33682 10.37052 10.51386 10.80427 11.20524 11.62852 12.02877 12.40419 12.67783 12.70525 12.54484 12.24858 12.01991 11.99723 12.00774 11.90889 11.75431 11.71621 11.69128 11.58823 11.47408 11.42837 11.37843 11.30275 11.25363 11.16016 10.98581 10.81787 10.76485 10.7495 10.65501 10.54963 10.53375 10.55323 10.49975 10.32295 10.0509 9.760293 9.444657 9.149331 8.927749 8.726921 8.55865 8.494205 8.537419 8.607229 8.667512 8.755505 9.027487 9.460582 10.00454 10.84919 13.508 19.16635 29.24045 40.96872 37.39611 33.62819 40.29251
11.02013 10.80197 10.59798 10.49646 10.50271 10.56336 10.71215 10.99831 11.38885 11.81622 12.24125 12.63965 12.9261 12.996 12.85832 12.57288 12.2849 12.14835 12.05609 11.9533 11.81108 11.68003 11.61555 11.5341 11.42539 11.32315 11.27303 11.26783 11.22021 11.11432 10.98792 10.83777 10.76696 10.77281 10.75701 10.7077 10.70057 10.72253 10.67743 10.52349 10.25198 9.95295 9.630609 9.267378 9.009517 8.824883 8.65649 8.533271 8.546252 8.63478 8.722222 8.836935 9.140887 9.629946 10.28546 11.44764 14.99664 22.31504 34.61593 45.3469 30.79591 37.50445 44.28879
11.10197 10.89241 10.69747 10.63319 10.68576 10.77926 10.94951 11.22492 11.58826 12.00544 12.42283 12.82226 13.15126 13.26596 13.14337 12.87635 12.61687 12.44263 12.2587 12.08342 11.95377 11.79318 11.6571 11.56451 11.45232 11.358 11.28854 11.30038 11.261 11.19938 11.07833 10.94534 10.86941 10.87455 10.88559 10.91054 10.96053 11.01492 10.98399 10.76164 10.47519 10.16769 9.815212 9.41942 9.066849 8.891235 8.739246 8.598842 8.562972 8.650571 8.766715 8.912751 9.249362 9.80248 10.60487 12.24245 16.75152 25.58694 40.07805 49.89583 36.05018 42.65565 49.00568
11.21969 11.00984 10.81001 10.75163 10.85232 11.00427 11.20049 11.47186 11.82921 12.23942 12.61032 13.00488 13.38299 13.46805 13.33697 13.0922 12.90691 12.72395 12.52779 12.33113 12.13503 11.94242 11.79929 11.68788 11.56441 11.4823 11.44052 11.44412 11.41862 11.36406 11.25206 11.12177 11.04652 11.0417 11.06504 11.12189 11.19928 11.35347 11.46509 11.18745 10.72277 10.37351 10.00215 9.579214 9.142829 8.929265 8.798924 8.673231 8.604098 8.675458 8.819725 9.014771 9.38666 9.990704 10.9489 13.07158 18.23563 28.05523 44.72642 57.95666 43.03611 49.29701 54.73048
11.35386 11.18165 10.99049 10.93207 11.06946 11.26845 11.48598 11.75573 12.10704 12.51471 12.89669 13.25073 13.54282 13.63273 13.51257 13.31719 13.14792 12.96828 12.77968 12.59062 12.3758 12.13213 11.96731 11.87567 11.77172 11.6891 11.64002 11.6457 11.63591 11.60097 11.52141 11.40722 11.33336 11.32137 11.37783 11.44062 11.45901 11.61322 11.82952 11.60844 10.99059 10.52155 10.11871 9.672758 9.213306 8.936806 8.831584 8.733975 8.68483 8.764871 8.955486 9.212215 9.612325 10.24886 11.40036 13.94561 19.5612 29.98795 45.1954 58.66584 18.9894 21.35634 23.37044
11.56201 11.40566 11.24782 11.20412 11.34569 11.55033 11.77952 12.05171 12.39539 12.76756 13.11414 13.45518 13.75728 13.85346 13.73289 13.50292 13.35927 13.16982 13.00343 12.8103 12.57876 12.36773 12.19825 12.1009 12.02804 11.96413 11.92843 11.94779 11.96742 11.97952 11.93518 11.87193 11.7641 11.70345 11.76992 11.80822 11.76681 11.83369 11.91022 11.72418 11.09553 10.55905 10.11737 9.67091 9.22176 8.919272 8.844825 8.785186 8.786259 8.914325 9.152735 9.451105 9.886047 10.61379 12.07399 15.15413 21.44145 32.21616 44.21051 42.74603 17.13438 19.07589 20.78645
11.80177 11.64606 11.52021 11.50924 11.64422 11.85705 12.11593 12.41016 12.70346 13.01702 13.37894 13.72545 13.99311 14.05765 13.95823 13.88598 13.7285 13.52683 13.35407 13.06184 12.72272 12.56089 12.50815 12.42566 12.36957 12.36187 12.41687 12.48815 12.57714 12.60994 12.59314 12.61524 12.46888 12.26909 12.23094 12.1956 12.10351 12.01636 11.92492 11.67464 11.07363 10.52988 10.04949 9.602214 9.178552 8.892606 8.851509 8.832572 8.89238 9.078343 9.354269 9.690537 10.20634 11.21103 13.25818 17.23586 24.80885 35.84088 43.85462 35.02934 15.72556 17.6035 19.19495
11.98019 11.85933 11.78803 11.80247 11.95372 12.21438 12.53885 12.81387 12.89749 13.03566 13.28212 13.6225 14.03355 14.20472 13.98838 13.86975 13.9189 13.79649 13.51145 13.1254 12.74869 12.62231 12.6882 12.78788 12.74601 12.67667 12.78761 13.05937 13.36178 13.37934 13.36293 13.52556 13.42442 12.9883 12.69406 12.48284 12.25515 12.02729 11.84861 11.51598 10.9189 10.38395 9.911839 9.497893 9.113352 8.862783 8.852528 8.87343 8.995196 9.239917 9.557194 9.959383 10.70726 12.35125 15.41569 20.88335 30.63116 42.18027 45.37982 34.34045 20.79636 21.46243 23.15207
12.1293 12.02624 12.00371 12.05105 12.22574 12.5136 12.84907 13.02489 12.90997 12.92732 13.05263 13.28777 13.60241 13.76732 13.59882 13.51541 13.60388 13.56304 13.27449 12.8833 12.60492 12.54858 12.64434 12.80044 12.82496 12.77227 12.91051 13.22465 13.61057 13.72032 13.71259 13.8936 13.84884 13.31665 12.85121 12.46824 12.12206 11.79981 11.55157 11.14375 10.59537 10.10661 9.6794 9.329205 9.00621 8.811693 8.831714 8.897428 9.084012 9.383092 9.764226 10.37437 11.72305 14.4865 19.33717 27.71146 41.25203 53.38279 37.1329 29.61287 26.28605 24.26129 25.95478
12.33637 12.25513 12.25699 12.31921 12.49505 12.73337 12.935 12.93622 12.78704 12.744 12.77977 12.90885 12.99883 13.02469 12.9974 12.95778 12.9888 12.95787 12.83327 12.6026 12.40076 12.34179 12.38276 12.46707 12.51171 12.55424 12.71139 12.96553 13.23005 13.33754 13.42319 13.55196 13.44823 13.07064 12.62455 12.21365 11.82375 11.44047 11.07325 10.62635 10.16432 9.758177 9.428722 9.156242 8.904063 8.774313 8.806284 8.89698 9.13062 9.477132 10.05224 11.21886 13.64685 18.27715 26.63618 41.71175 57.32631 32.72402 25.16911 23.50293 24.12804 25.62113 27.20018
12.58785 12.57731 12.61302 12.61987 12.73318 12.90762 13.01901 12.88247 12.70339 12.6292 12.57335 12.49635 12.49659 12.49787 12.48067 12.43539 12.40154 12.42334 12.39466 12.28439 12.14676 12.09166 12.08412 12.06777 12.07281 12.17759 12.3526 12.52997 12.66623 12.78718 12.92828 13.00011 12.88845 12.62391 12.21242 11.80781 11.41456 11.00902 10.56761 10.15827 9.821145 9.478665 9.209455 8.978757 8.792898 8.741138 8.789133 8.914429 9.131404 9.553986 10.52751 12.59579 16.64018 24.32764 40.42984 55.32383 28.38466 22.46702 22.96539 23.64884 24.45602 25.21239 26.10355
12.81733 12.87764 12.93321 12.82859 12.83969 12.9686 13.00476 12.80735 12.60907 12.45522 12.29222 12.17883 12.11891 12.06236 12.00622 11.98312 11.98518 12.01085 11.99373 11.94015 11.87563 11.84549 11.80816 11.75204 11.75009 11.85054 11.99343 12.08897 12.18405 12.33121 12.45899 12.47492 12.42857 12.17576 11.75831 11.35963 10.98326 10.57586 10.19993 9.865302 9.543786 9.258583 9.036355 8.840028 8.712429 8.712556 8.77505 8.918194 9.150981 9.666476 11.04856 14.09844 20.27097 33.52703 56.07856 24.12191 25.07378 25.41485 25.50526 25.55625 25.70922 25.81894 26.18678
12.95937 12.98907 12.94699 12.81456 12.78597 12.80558 12.72865 12.57612 12.37392 12.17735 12.00201 11.83885 11.71102 11.60881 11.59014 11.6053 11.64003 11.67962 11.66071 11.63565 11.60181 11.58222 11.54754 11.5137 11.51686 11.56871 11.65146 11.72206 11.80624 11.91327 11.98761 11.99901 11.95613 11.70531 11.32901 10.98364 10.68045 10.33541 9.957458 9.62834 9.331446 9.088947 8.889427 8.742159 8.680065 8.695175 8.768278 8.911786 9.173926 9.843404 11.43095 15.15041 23.2132 55.24611 26.16742 28.4711 28.72001 28.37536 28.11651 27.91569 27.82531 27.71442 27.75787
12.98646 12.86839 12.71884 12.59634 12.5046 12.41228 12.29908 12.16755 12.002 11.84194 11.66047 11.44718 11.29331 11.24194 11.28709 11.34216 11.37771 11.41118 11.38891 11.34804 11.36324 11.35946 11.35116 11.3286 11.33031 11.34167 11.38592 11.43277 11.46854 11.51178 11.54979 11.5508 11.47871 11.30435 11.05202 10.76195 10.45617 10.11324 9.759744 9.435996 9.187692 8.955871 8.772283 8.684068 8.670057 8.68769 8.766288 8.900307 9.212267 10.01414 11.88445 15.76133 23.50118 25.4315 30.53524 32.94128 32.33859 31.17926 30.81191 30.89481 31.008 31.10156 31.21291
12.84695 12.631 12.41625 12.24049 12.09705 11.97201 11.84171 11.7412 11.67008 11.56223 11.38302 11.19308 11.03668 10.96012 11.00544 11.08543 11.17534 11.20893 11.14883 11.0579 11.09748 11.17521 11.2477 11.25603 11.21809 11.17902 11.18484 11.19138 11.17131 11.17599 11.20465 11.22403 11.17928 10.99713 10.76429 10.52005 10.2328 9.909842 9.562927 9.288154 9.085263 8.85622 8.700737 8.66509 8.66211 8.684558 8.763131 8.887293 9.240586 10.12831 12.19243 16.40578 23.54493 31.59688 34.66965 37.90098 35.96054 34.09493 33.5602 34.10709 36.09477 37.02521 37.72291
12.68388 12.39929 12.11948 11.90478 11.77578 11.63534 11.50969 11.47956 11.45423 11.32638 11.17085 11.04541 10.87439 10.75771 10.83816 10.97663 11.08365 11.10938 11.02288 10.89566 10.98516 11.11655 11.22775 11.26109 11.20204 11.11032 11.07553 11.03895 10.9626 10.94679 10.95968 10.94789 10.87593 10.69764 10.4804 10.27539 10.00898 9.714725 9.395117 9.188303 9.014228 8.80754 8.679266 8.658733 8.659308 8.685403 8.757675 8.889501 9.249241 10.12804 12.16134 16.25429 23.0084 30.5744 36.42133 36.35824 35.57581 35.36356 38.18861 38.75475 41.72542 47.13131 49.18937
