py_wake/examples/data/AJ_ParqueFicticio/Ridge area   Sector 10   Height 30m   Weibull-A.grd
DSAA
90  129
 262878   265103
 6504214   6507414
 .3239926   12.37747
[rows 54 to 80 of 129, columns 0 to 61 of 90]
9.230586 9.057316 8.801955 8.467475 8.092381 7.604532 6.98204 6.324007 5.569483 4.793825 4.55852 4.687272 4.796303 4.671531 4.421215 4.158297 4.02967 4.143633 4.341669 4.658186 5.139737 5.626441 6.074437 6.469429 6.789841 6.990727 7.141582 7.329989 7.458641 7.587333 7.791699 8.007191 8.234124 8.475533 8.682967 8.898242 9.158905 9.442147 9.77022 10.15634 10.58449 11.03883 11.43812 11.77422 12.06325 12.17512 12.07138 11.78632 11.39492 10.94984 10.49945 9.859693 8.648029 6.833758 4.880909 3.669033 3.149336 3.00074 3.112621 3.507803 4.20628 5.007465
9.301911 9.171806 8.959211 8.655646 8.261314 7.802692 7.238101 6.597272 5.924777 5.388242 5.220415 5.308381 5.313415 5.092073 4.788174 4.498452 4.316226 4.26623 4.346549 4.592378 4.984405 5.422679 5.833036 6.214818 6.563611 6.824546 7.044309 7.243608 7.415858 7.598869 7.803565 8.038672 8.26024 8.450802 8.621696 8.816442 9.078012 9.355061 9.660414 10.0274 10.45706 10.91829 11.32451 11.68769 11.97882 12.07495 12.00283 11.7626 11.41064 10.98216 10.53472 9.982727 9.008912 7.500737 5.771663 4.465883 3.81952 3.582909 3.601775 3.886314 4.366982 4.863926
9.361534 9.279096 9.113768 8.836565 8.444255 8.027028 7.51946 6.939838 6.340919 5.890728 5.760623 5.855153 5.867827 5.561807 5.182487 4.825314 4.586748 4.456804 4.42765 4.554817 4.884385 5.266191 5.62351 6.001009 6.374365 6.686416 6.947115 7.175074 7.375493 7.590418 7.825215 8.073524 8.296892 8.474504 8.646041 8.846875 9.077974 9.329292 9.603742 9.956033 10.39211 10.84686 11.25524 11.63144 11.89461 11.98651 11.9458 11.74245 11.42212 11.04179 10.60363 10.11124 9.363364 8.18224 6.669145 5.342486 4.598531 4.261169 4.158743 4.273952 4.541075 4.858361
9.417379 9.372827 9.245819 8.99793 8.648938 8.25631 7.829272 7.39251 6.955833 6.587346 6.408747 6.491694 6.533248 6.294161 5.849396 5.38045 4.988727 4.74216 4.590521 4.618854 4.87644 5.196943 5.500017 5.849622 6.232409 6.581952 6.87577 7.130671 7.353758 7.60403 7.865951 8.124826 8.35049 8.548495 8.750104 8.955654 9.170801 9.387165 9.640785 9.977796 10.40911 10.85041 11.25569 11.60929 11.82932 11.93104 11.91573 11.74797 11.45988 11.126 10.73191 10.29314 9.734586 8.895285 7.746853 6.517056 5.611879 5.108026 4.842787 4.811937 4.924205 5.047174
9.441825 9.442952 9.350782 9.129245 8.820175 8.470628 8.113936 7.750936 7.409344 7.160848 7.060013 7.093959 7.123209 6.953922 6.56996 6.13664 5.711001 5.366668 5.05935 4.964491 5.108261 5.324017 5.564801 5.878625 6.243062 6.599133 6.908736 7.170857 7.42397 7.692816 7.971553 8.249353 8.494913 8.713425 8.922821 9.13965 9.348825 9.567114 9.828569 10.15086 10.53529 10.93963 11.32158 11.60668 11.80442 11.91553 11.91728 11.78163 11.53375 11.23256 10.89132 10.51017 10.07252 9.525956 8.784766 7.880029 6.971826 6.278251 5.83218 5.558219 5.398929 5.256956
9.449142 9.491151 9.442491 9.267492 8.992879 8.665106 8.344042 8.044277 7.774144 7.567453 7.483315 7.501549 7.524645 7.41836 7.135664 6.78643 6.412671 6.037289 5.717465 5.550934 5.584322 5.68309 5.86388 6.150495 6.481777 6.800908 7.093978 7.348612 7.595469 7.862368 8.150454 8.444636 8.714304 8.939254 9.152626 9.373506 9.580278 9.805134 10.07166 10.37533 10.70855 11.068 11.3752 11.6033 11.8047 11.92691 11.93597 11.82339 11.61466 11.34053 11.02213 10.69595 10.33849 9.92759 9.434895 8.826183 8.148702 7.452911 6.794551 6.247097 5.772466 5.396772
9.458306 9.531063 9.526983 9.401957 9.163569 8.857516 8.564196 8.303522 8.072793 7.878335 7.790524 7.801231 7.824247 7.759275 7.581291 7.360432 7.076468 6.736566 6.412031 6.177176 6.165812 6.214889 6.316747 6.557451 6.844719 7.110906 7.361493 7.584545 7.818601 8.065452 8.340061 8.644032 8.934288 9.158191 9.367936 9.586154 9.782338 10.00485 10.2703 10.53667 10.84489 11.15225 11.38677 11.59341 11.8105 11.9446 11.94004 11.8432 11.6858 11.43759 11.12907 10.82091 10.51501 10.16901 9.774476 9.31821 8.778996 8.16 7.432575 6.643032 5.921912 5.371161
9.479735 9.569344 9.596631 9.515326 9.303845 9.030295 8.767975 8.528893 8.316451 8.134325 8.035876 8.009691 8.029087 8.021512 7.940588 7.796548 7.596537 7.337722 7.066339 6.859207 6.788723 6.789258 6.838253 7.016384 7.25447 7.470219 7.658782 7.847517 8.067015 8.293642 8.548893 8.837552 9.114129 9.327565 9.540517 9.737599 9.921233 10.14721 10.38967 10.64005 10.92991 11.18697 11.38576 11.58788 11.8168 11.9341 11.89448 11.80381 11.69631 11.51655 11.23654 10.93264 10.64059 10.32889 9.964123 9.536289 9.01024 8.382374 7.605186 6.686326 5.769119 5.01434
9.503354 9.600407 9.65554 9.609977 9.425393 9.186031 8.942545 8.713085 8.509481 8.33723 8.235986 8.203022 8.20106 8.188942 8.16489 8.076247 7.958949 7.803524 7.646979 7.514538 7.408644 7.393623 7.419462 7.541043 7.709892 7.876669 8.01619 8.15112 8.328356 8.542572 8.764225 9.024234 9.25471 9.466561 9.669137 9.840225 10.02709 10.24206 10.46022 10.70601 10.97188 11.19692 11.39445 11.60473 11.82707 11.90686 11.84577 11.75829 11.67191 11.56034 11.35459 11.07207 10.76462 10.45199 10.10222 9.666192 9.093821 8.373479 7.492984 6.434783 5.30583 4.382204
9.49917 9.615433 9.708998 9.679628 9.521443 9.313345 9.09574 8.884769 8.692317 8.525491 8.399527 8.318451 8.291088 8.299897 8.327745 8.311152 8.240456 8.156667 8.070782 8.015535 7.962959 7.927074 7.958771 8.039683 8.176468 8.273592 8.343266 8.446604 8.607477 8.776764 8.979314 9.198583 9.389714 9.590243 9.772722 9.924012 10.09838 10.29386 10.49998 10.73733 10.98166 11.19274 11.39366 11.61601 11.83449 11.88744 11.82348 11.73787 11.65715 11.57421 11.44647 11.21436 10.89705 10.56714 10.22651 9.788029 9.167138 8.316368 7.255377 6.003396 4.680277 3.678943
9.46179 9.597519 9.725096 9.705055 9.557817 9.366666 9.163057 8.96059 8.772756 8.60906 8.479182 8.390771 8.355361 8.37678 8.440907 8.468412 8.411958 8.356023 8.337383 8.386205 8.370636 8.320589 8.323976 8.428504 8.550004 8.577209 8.610181 8.716324 8.846753 8.981964 9.165423 9.346743 9.511353 9.690624 9.850452 9.988497 10.14288 10.31203 10.49734 10.7174 10.95405 11.16186 11.358 11.5775 11.80163 11.87391 11.82094 11.73612 11.65351 11.57458 11.48582 11.31866 11.00834 10.65641 10.3142 9.893517 9.230735 8.238591 6.95785 5.489944 4.063372 3.084628
9.400535 9.543538 9.690397 9.6984 9.573313 9.406098 9.219893 9.020774 8.826582 8.657983 8.518891 8.412342 8.356343 8.373861 8.45299 8.507931 8.500188 8.483436 8.497626 8.570193 8.582752 8.556158 8.573387 8.680861 8.768312 8.79473 8.832436 8.928451 9.028418 9.145504 9.301992 9.452869 9.592231 9.740017 9.879965 10.0056 10.13004 10.26203 10.42683 10.63204 10.86703 11.08343 11.28033 11.49091 11.71766 11.84331 11.82688 11.74504 11.65585 11.5714 11.48991 11.36022 11.07017 10.69958 10.34253 9.943496 9.237239 8.101034 6.614695 4.979738 3.527289 2.660387
9.335445 9.475201 9.612215 9.667742 9.574535 9.424238 9.249618 9.046559 8.833534 8.641365 8.479698 8.349074 8.273108 8.286511 8.385419 8.489676 8.513025 8.524405 8.553688 8.621808 8.660785 8.682541 8.721961 8.804791 8.885815 8.939365 8.999943 9.084517 9.169414 9.268928 9.40366 9.530466 9.640489 9.753816 9.875442 9.984708 10.06977 10.15753 10.30026 10.48986 10.714 10.95458 11.17518 11.38321 11.59622 11.77772 11.8252 11.7595 11.66101 11.56562 11.4743 11.35223 11.06713 10.68374 10.31251 9.927761 9.187077 7.908135 6.193076 4.419381 3.027764 2.547706
9.275442 9.40468 9.51834 9.582142 9.545535 9.428711 9.265519 9.054417 8.813429 8.588422 8.399364 8.244175 8.153415 8.171695 8.284885 8.448286 8.51133 8.524652 8.553687 8.633843 8.70646 8.739079 8.786198 8.872526 8.956663 9.011606 9.076014 9.165245 9.234266 9.323644 9.464161 9.582605 9.656713 9.7302 9.838712 9.936276 9.982351 10.02993 10.13358 10.30962 10.53309 10.7882 11.0469 11.27164 11.48041 11.68299 11.79537 11.77305 11.67144 11.55928 11.4513 11.32023 11.02661 10.6312 10.24894 9.873554 9.093385 7.65659 5.693491 3.811467 2.632094 4.00279
9.215495 9.339165 9.437967 9.482575 9.449347 9.366717 9.223033 9.000173 8.728246 8.470539 8.258049 8.091331 8.001241 8.036819 8.158476 8.33335 8.464631 8.503862 8.535361 8.617306 8.71918 8.769758 8.81914 8.903329 8.987713 9.040027 9.096138 9.167125 9.228376 9.31669 9.447751 9.570034 9.627128 9.663675 9.744326 9.830018 9.861459 9.874681 9.942703 10.10419 10.34131 10.6044 10.89603 11.17291 11.38841 11.582 11.73506 11.77536 11.69045 11.55887 11.42958 11.28059 10.97148 10.55893 10.15944 9.767992 8.862177 7.176381 5.027481 3.175931 2.666651 3.750986
9.140611 9.253236 9.350454 9.37994 9.328528 9.234081 9.086361 8.861151 8.591125 8.333204 8.114866 7.945699 7.857526 7.881436 7.996637 8.169785 8.330253 8.419352 8.491557 8.573956 8.672195 8.759868 8.813876 8.8794 8.957635 9.029078 9.078203 9.1103 9.166067 9.255508 9.360274 9.473085 9.534278 9.550843 9.582253 9.633492 9.652575 9.660911 9.730314 9.888117 10.1362 10.41613 10.72889 11.07463 11.32564 11.50564 11.66336 11.75983 11.71505 11.57181 11.41814 11.24511 10.91564 10.47763 10.04712 9.57519 8.403357 6.393322 4.178327 2.534728 4.195862 3.409052
9.054454 9.159102 9.24941 9.255524 9.179908 9.071994 8.911139 8.690656 8.440236 8.193056 7.984693 7.820808 7.71975 7.729516 7.840153 8.005893 8.159856 8.270905 8.382254 8.487218 8.575332 8.671074 8.751711 8.81585 8.890126 8.953706 9.00356 9.017161 9.061021 9.122375 9.216497 9.315537 9.375102 9.383577 9.388759 9.38424 9.369568 9.368141 9.444795 9.660723 9.93067 10.22818 10.57417 10.96525 11.2987 11.47319 11.61506 11.7307 11.73127 11.59665 11.41828 11.21795 10.87015 10.40924 9.941893 9.324021 7.869258 5.681957 3.502921 2.082342 3.66169 3.041245
8.945547 9.046821 9.13633 9.135039 9.027678 8.880457 8.707145 8.49556 8.259205 8.030607 7.852993 7.695086 7.578434 7.599391 7.706402 7.854105 7.978294 8.095648 8.214561 8.332047 8.446442 8.556452 8.640153 8.708108 8.781462 8.833618 8.864739 8.872828 8.900889 8.949409 9.030972 9.121952 9.173905 9.179691 9.171355 9.149467 9.124791 9.076227 9.091043 9.357022 9.740561 10.06965 10.43678 10.86113 11.27545 11.48196 11.60075 11.70361 11.72905 11.61097 11.41095 11.17239 10.80832 10.34233 9.837179 9.057981 7.458391 5.24555 3.120471 1.811871 3.128049 2.666123
8.821661 8.900061 8.981981 8.970311 8.83022 8.655253 8.479257 8.284233 8.071117 7.862887 7.692554 7.555128 7.460424 7.463516 7.558068 7.684342 7.800336 7.918554 8.037989 8.156692 8.282179 8.413107 8.505098 8.562664 8.62401 8.671154 8.699431 8.700842 8.714897 8.747994 8.80451 8.879847 8.933262 8.950861 8.933919 8.919805 8.935874 8.894446 8.861175 9.101369 9.570496 9.968994 10.36011 10.80648 11.26332 11.52315 11.61773 11.69329 11.70215 11.57696 11.34329 11.06189 10.69314 10.24596 9.697366 8.802996 7.173309 4.988218 3.006145 1.708398 6.432288 5.857993
8.652405 8.715006 8.76429 8.733202 8.588698 8.417343 8.249272 8.078288 7.89282 7.718298 7.568455 7.432245 7.325069 7.313474 7.393165 7.520759 7.62436 7.746891 7.860682 7.984319 8.118971 8.23802 8.331319 8.388852 8.434132 8.470344 8.488237 8.478746 8.474368 8.481956 8.52358 8.581203 8.665068 8.723389 8.71833 8.730591 8.786898 8.797508 8.830709 9.043973 9.517109 9.95608 10.37419 10.82543 11.29604 11.5857 11.65212 11.69084 11.65684 11.49403 11.22595 10.92214 10.55666 10.11425 9.498286 8.495941 6.837478 4.751263 2.941749 1.970903 6.838597 6.315912
8.450819 8.493223 8.513904 8.463129 8.330247 8.169323 8.006818 7.850637 7.711007 7.568815 7.411108 7.268353 7.167872 7.161864 7.227932 7.291929 7.39441 7.519969 7.637042 7.799795 7.975113 8.070571 8.114782 8.164943 8.201333 8.211311 8.188908 8.15787 8.127069 8.131399 8.166729 8.196445 8.31555 8.458236 8.520429 8.580437 8.669264 8.757225 8.868526 9.10493 9.559663 10.00781 10.45368 10.90753 11.37057 11.65382 11.68764 11.68496 11.59669 11.38502 11.09406 10.78031 10.4126 9.917321 9.165782 8.010265 6.288742 4.40027 2.838309 2.149482 7.20408 6.541916
8.254093 8.274554 8.26471 8.206209 8.077966 7.910042 7.739012 7.618499 7.586977 7.520577 7.404252 7.251899 7.081723 7.021888 7.12846 7.201769 7.216505 7.313952 7.483057 7.690856 7.885267 7.962262 7.952128 7.926205 7.959371 7.997343 7.950733 7.83504 7.718699 7.741188 7.78686 7.769417 7.887754 8.152143 8.343214 8.49163 8.646537 8.801888 8.957457 9.233552 9.687866 10.14018 10.58762 11.02244 11.46263 11.71615 11.71724 11.67267 11.52697 11.2656 10.95447 10.62989 10.2182 9.559886 8.584753 7.232509 5.474052 3.830115 2.662037 2.260725 2.403728 4.164384
8.084208 8.098788 8.069315 8.004745 7.881157 7.718618 7.563069 7.501891 7.565048 7.554216 7.4883 7.372653 7.230152 7.160088 7.240827 7.29121 7.278697 7.337929 7.51155 7.726291 7.881983 7.928002 7.901485 7.849044 7.855609 7.891174 7.836408 7.706917 7.560724 7.551379 7.603785 7.590698 7.695878 8.010468 8.286695 8.520015 8.737385 8.948346 9.1496 9.471833 9.913177 10.35469 10.78241 11.17901 11.57425 11.77676 11.74651 11.65798 11.45332 11.14793 10.81248 10.43268 9.853208 8.908018 7.606784 6.024084 4.373227 3.090964 2.680983 2.669939 2.5236 2.618886
7.905036 7.915806 7.887589 7.83358 7.730787 7.616883 7.542826 7.565119 7.644117 7.66309 7.639249 7.567329 7.513825 7.493258 7.504448 7.528161 7.528017 7.569902 7.663662 7.806081 7.928006 7.975468 7.974026 7.953166 7.949624 7.944834 7.887302 7.791016 7.701293 7.691205 7.704167 7.714986 7.842066 8.096046 8.375693 8.636171 8.891388 9.154794 9.436991 9.799435 10.21456 10.61976 10.98101 11.3192 11.64676 11.79075 11.7502 11.64327 11.39095 11.05275 10.64322 10.08164 9.183669 7.822269 6.13402 4.439362 3.138131 2.955946 3.579525 4.041559 4.097772 2.874032
7.729772 7.715137 7.689568 7.686978 7.63629 7.569105 7.547457 7.6358 7.731576 7.769977 7.79195 7.812901 7.796459 7.780972 7.779649 7.797516 7.816932 7.819798 7.856494 7.935518 8.024023 8.068475 8.089503 8.113607 8.124967 8.08944 8.024672 7.963939 7.926624 7.905919 7.892091 7.923279 8.052577 8.265811 8.544374 8.82016 9.101164 9.408796 9.76207 10.1308 10.48594 10.84917 11.16601 11.4682 11.71859 11.78413 11.72415 11.58348 11.34622 10.97349 10.40976 9.521093 8.149981 6.343953 4.408724 3.016289 3.407105 5.212348 5.205465 4.98706 4.695946 4.409663
7.609628 7.575775 7.559197 7.624721 7.632005 7.59163 7.604249 7.720683 7.829969 7.909593 7.985397 8.028502 8.042624 8.05056 8.062744 8.063556 8.058921 8.05071 8.071208 8.112853 8.159275 8.187666 8.220321 8.261942 8.274927 8.238536 8.185223 8.158481 8.135639 8.098257 8.083923 8.134645 8.236376 8.451901 8.748535 9.043033 9.343833 9.689657 10.04436 10.38695 10.73139 11.05229 11.33412 11.59591 11.76739 11.77197 11.69227 11.52748 11.27665 10.88853 10.15581 8.869132 6.970606 4.780068 2.888468 5.394944 5.386451 5.314973 5.217221 5.092416 4.939365 4.827213
7.588195 7.585849 7.621493 7.69861 7.725522 7.73305 7.788568 7.88027 7.992804 8.097289 8.187837 8.2633 8.31298 8.343486 8.333155 8.31189 8.28757 8.26778 8.283797 8.303267 8.326894 8.344523 8.37264 8.402157 8.412909 8.399084 8.371209 8.353428 8.332694 8.30724 8.309102 8.357272 8.455077 8.675065 8.968695 9.262486 9.556253 9.898006 10.27203 10.61949 10.94211 11.23307 11.49348 11.69366 11.78082 11.75522 11.65764 11.48375 11.21455 10.7655 9.95548 8.376325 6.082819 3.246096 5.486106 5.279468 5.2134 5.158185 5.084498 5.026958 4.969317 4.947409
