py_wake/examples/data/AJ_ParqueFicticio/Ridge area   Sector 1   Height 200m   Orographic speed.grd
DSAA
90  129
 262878   265103
 6504214   6507414
 .1009244   1.460559
[rows 81 to 107 of 129, columns 0 to 61 of 90]
.8715694 .8765797 .8843224 .8925776 .9020693 .9147648 .9306361 .9496953 .9703825 .9879244 1.003286 1.017548 1.025675 1.029374 1.031993 1.034869 1.037704 1.036381 1.033414 1.029835 1.024425 1.018865 1.009412 .9968907 .981416 .9660814 .9517934 .9414175 .9364399 .9342101 .9327899 .9353399 .9492467 .9771549 1.014191 1.052866 1.088774 1.123053 1.15559 1.185497 1.208682 1.228754 1.245203 1.252715 1.252939 1.249981 1.242681 1.232381 1.211915 1.180316 1.147268 1.110383 1.073315 1.037928 1.008378 .9870317 .9734722 .9650013 .9621096 .9650852 .9706258 .9778482
.9390098 .9518772 .9645736 .9764836 .9894031 1.002473 1.017339 1.032456 1.045619 1.05913 1.075167 1.090104 1.100142 1.105293 1.107422 1.107887 1.106616 1.105883 1.106017 1.104811 1.09808 1.086851 1.072968 1.06017 1.048037 1.036761 1.025187 1.016103 1.011585 1.008024 1.00598 1.007315 1.018169 1.042456 1.072201 1.103171 1.135268 1.167529 1.199676 1.226534 1.246939 1.264503 1.274515 1.275594 1.272996 1.266461 1.256498 1.244445 1.218121 1.185665 1.150634 1.110632 1.07003 1.029929 .9939933 .9640562 .9404736 .9223179 .9136971 .9154434 .9211096 .9289168
.9961472 1.012512 1.02848 1.042336 1.053896 1.067362 1.081109 1.091487 1.101607 1.114659 1.127998 1.139285 1.149386 1.155154 1.154233 1.150748 1.148031 1.147086 1.148035 1.147926 1.139314 1.127015 1.113571 1.102336 1.094581 1.088158 1.079983 1.073763 1.071389 1.067923 1.064606 1.065533 1.075571 1.096264 1.121209 1.147404 1.177024 1.206917 1.236641 1.259044 1.276758 1.290457 1.296447 1.295736 1.291112 1.282494 1.271285 1.256709 1.228684 1.197437 1.16208 1.121244 1.078975 1.0373 .997217 .9604022 .9283183 .9013155 .8848689 .8787706 .8782752 .8846809
1.045707 1.063415 1.079634 1.092759 1.104073 1.115615 1.125436 1.133476 1.141523 1.150451 1.157875 1.163232 1.166689 1.167553 1.165981 1.162374 1.158888 1.156011 1.153519 1.150711 1.144457 1.134867 1.124443 1.115696 1.111124 1.111072 1.110813 1.110377 1.112583 1.112808 1.11301 1.117905 1.129079 1.146044 1.167617 1.19098 1.214919 1.240861 1.265099 1.283345 1.29844 1.309174 1.313197 1.311625 1.305716 1.296735 1.284756 1.266271 1.239016 1.210935 1.178131 1.141158 1.101655 1.060461 1.018279 .9780561 .9411131 .9076877 .8815086 .8619332 .8514506 .8508491
1.088505 1.105168 1.119597 1.131793 1.142794 1.1509 1.157078 1.162788 1.167452 1.16977 1.168814 1.163884 1.156195 1.149396 1.145602 1.142251 1.137859 1.132859 1.127249 1.12236 1.117926 1.111481 1.104554 1.100349 1.101316 1.108644 1.118589 1.128313 1.138693 1.146096 1.154938 1.165925 1.178443 1.193609 1.212773 1.232519 1.250415 1.270829 1.288392 1.302025 1.313277 1.320141 1.322635 1.321489 1.315602 1.306477 1.292351 1.272771 1.249683 1.225612 1.196819 1.164894 1.129309 1.090083 1.047868 1.006953 .9695428 .9329773 .8978395 .8657615 .8410708 .8253028
1.121367 1.134854 1.146793 1.157339 1.165577 1.169334 1.170065 1.169134 1.166856 1.161989 1.152596 1.139577 1.125393 1.113693 1.105989 1.102137 1.09971 1.094742 1.08831 1.082633 1.077495 1.072786 1.069113 1.07098 1.078899 1.093806 1.113893 1.134248 1.154192 1.171091 1.188097 1.205463 1.22042 1.235943 1.252143 1.266063 1.280004 1.295083 1.306675 1.315519 1.320637 1.320745 1.317423 1.31277 1.305981 1.295927 1.283428 1.269814 1.255158 1.237056 1.213872 1.187964 1.156831 1.120485 1.080217 1.040482 1.004712 .9671821 .9262843 .885978 .8492923 .8163969
1.139171 1.14816 1.155355 1.161068 1.163665 1.161536 1.156123 1.148391 1.138818 1.12754 1.114067 1.098684 1.082906 1.068546 1.057139 1.050335 1.048122 1.046878 1.044451 1.039809 1.035099 1.030882 1.031188 1.040936 1.05626 1.077495 1.106953 1.135705 1.162942 1.187664 1.210528 1.231674 1.250573 1.268343 1.281987 1.293284 1.30452 1.314557 1.320856 1.324045 1.321772 1.314355 1.304195 1.293632 1.284111 1.275703 1.268036 1.260654 1.253093 1.24145 1.224728 1.204721 1.179689 1.149601 1.114615 1.077974 1.043491 1.00809 .9688287 .9281999 .8888662 .8469672
1.141029 1.145014 1.147229 1.147317 1.14376 1.13682 1.126755 1.113566 1.097512 1.078944 1.060887 1.043793 1.028324 1.013848 1.001413 .993046 .9890425 .9915412 .9962699 .997593 .9965928 .9979027 1.002716 1.01958 1.043559 1.070814 1.104444 1.137448 1.169551 1.19906 1.225937 1.249941 1.271551 1.289632 1.302498 1.312781 1.321653 1.327446 1.329252 1.326201 1.317055 1.304553 1.290642 1.277155 1.265611 1.256201 1.248844 1.242778 1.23795 1.2326 1.224256 1.211934 1.195632 1.174891 1.148285 1.117499 1.085805 1.053491 1.018175 .9812489 .9447266 .903248
1.1325 1.131819 1.129435 1.123995 1.113452 1.100238 1.085359 1.06795 1.047555 1.025353 1.004085 .9851567 .967957 .9535367 .9432662 .936313 .9323737 .9398828 .9498438 .9581177 .9626386 .9706647 .9817968 1.005121 1.037049 1.069981 1.105001 1.140725 1.176864 1.209609 1.239682 1.266577 1.289846 1.306953 1.31889 1.328161 1.334612 1.336 1.332447 1.322869 1.307533 1.28935 1.269537 1.249862 1.232221 1.220042 1.214253 1.211828 1.212908 1.213699 1.214326 1.21186 1.205185 1.194163 1.177489 1.155362 1.129066 1.100774 1.06936 1.035048 1.000881 .9642351
1.11386 1.109145 1.104024 1.094309 1.077594 1.058291 1.038305 1.018765 .9980397 .9772289 .9566216 .9367632 .9173666 .9021322 .8963336 .8972044 .8990288 .9063486 .918302 .9269878 .9354112 .9497696 .9665834 .9956452 1.034768 1.072831 1.110484 1.148747 1.186912 1.221126 1.252659 1.280733 1.303457 1.31833 1.328313 1.335485 1.33913 1.336458 1.327667 1.311843 1.287061 1.259341 1.2351 1.213318 1.194283 1.180953 1.175299 1.175845 1.180994 1.187394 1.194913 1.201862 1.204307 1.200946 1.192517 1.179643 1.162396 1.141772 1.116661 1.084851 1.050946 1.016228
1.078166 1.070363 1.061816 1.049654 1.031637 1.011085 .9913519 .9739409 .9567232 .9403636 .9253513 .9098271 .8929202 .8797762 .8786021 .8887584 .8969505 .9053785 .9179853 .9272742 .9367573 .957791 .9762848 1.008721 1.049537 1.087146 1.124413 1.163308 1.199756 1.231281 1.260298 1.285096 1.303974 1.315606 1.322361 1.325833 1.324411 1.316745 1.303095 1.280464 1.252566 1.225508 1.200594 1.17601 1.153885 1.139529 1.133599 1.134222 1.140009 1.151822 1.165449 1.178656 1.186711 1.188248 1.185872 1.181486 1.174466 1.163558 1.147504 1.123274 1.093233 1.060575
1.021345 1.01289 1.001324 .9863679 .9711381 .9550875 .9392145 .926322 .9164459 .909638 .9036138 .8973599 .8925517 .8906021 .8968233 .909528 .9195758 .9321653 .9475797 .9583589 .9737348 .9976436 1.020688 1.051339 1.085059 1.117773 1.1506 1.185174 1.216385 1.242002 1.26495 1.282685 1.294724 1.301644 1.304605 1.303665 1.296142 1.282467 1.263578 1.23873 1.212597 1.185008 1.157378 1.131286 1.107964 1.094812 1.090243 1.092558 1.099695 1.111419 1.125065 1.138729 1.149533 1.155081 1.158796 1.162793 1.165765 1.1644 1.157746 1.145351 1.125381 1.099589
.9570791 .9497547 .9391854 .9273481 .9136805 .9008362 .8893411 .8830184 .8812172 .8856249 .8917646 .8981111 .905196 .9133541 .9275353 .9426578 .954527 .9702587 .9876569 1.004326 1.026454 1.049548 1.074499 1.100853 1.127808 1.155984 1.184103 1.211731 1.235019 1.25438 1.270593 1.281123 1.286063 1.286633 1.2839 1.277781 1.264725 1.246718 1.223764 1.196544 1.167097 1.13877 1.11028 1.084133 1.06232 1.048896 1.044176 1.048317 1.056364 1.067201 1.080378 1.094206 1.105621 1.113503 1.121645 1.131932 1.142767 1.151594 1.156711 1.157786 1.150266 1.133361
.9042613 .8970904 .8934267 .8878543 .879299 .8676257 .8547975 .8522078 .862431 .8748023 .8892286 .9069238 .9223645 .9384559 .9591683 .9780094 .9949546 1.013206 1.03139 1.052176 1.074487 1.09841 1.121835 1.144537 1.168059 1.190716 1.213897 1.234926 1.250937 1.264277 1.274073 1.278336 1.276333 1.268909 1.258972 1.246218 1.228302 1.207732 1.183513 1.156258 1.127268 1.097697 1.069928 1.044027 1.021742 1.007827 1.002617 1.004173 1.010136 1.020383 1.034271 1.047858 1.057859 1.066976 1.076796 1.090213 1.108076 1.126499 1.142686 1.155223 1.161322 1.15718
.8675368 .862927 .8639782 .8656432 .8628931 .8564436 .8522341 .8547813 .8710629 .8873539 .9052768 .928959 .9498522 .9711321 .9951032 1.01721 1.037634 1.057015 1.077084 1.097788 1.119311 1.141723 1.164518 1.186315 1.205786 1.223104 1.239777 1.252571 1.261344 1.267758 1.270331 1.268268 1.261095 1.249206 1.235223 1.218367 1.199174 1.178347 1.154545 1.126795 1.097258 1.069364 1.042065 1.014349 .9887601 .9722649 .9647521 .9643345 .9693694 .9790313 .9916547 1.00387 1.013369 1.020415 1.030504 1.045107 1.066978 1.092196 1.116783 1.138194 1.153778 1.160871
.840334 .84169 .8466323 .8541875 .8580418 .8621415 .8673692 .8760639 .8963845 .9153563 .9366521 .9611741 .9855164 1.010667 1.035353 1.058327 1.080245 1.102344 1.123957 1.144607 1.164919 1.185849 1.206956 1.225969 1.240857 1.253204 1.261852 1.265742 1.267163 1.266234 1.261503 1.253152 1.241061 1.225651 1.208856 1.189978 1.170329 1.150401 1.127811 1.102431 1.075378 1.048293 1.020129 .9900662 .9615996 .9412439 .9311808 .9297752 .9333436 .9406683 .9497917 .9611097 .9712569 .9775618 .9864275 1.001066 1.023178 1.04992 1.078045 1.105446 1.128626 1.145749
.826348 .8323073 .8413451 .8523817 .8631082 .8749148 .886205 .90188 .9255493 .9483241 .9728253 .9979089 1.023265 1.049436 1.074867 1.099112 1.12243 1.146091 1.169213 1.190361 1.21038 1.229508 1.246684 1.259044 1.267891 1.27405 1.275573 1.273057 1.267921 1.259681 1.247152 1.232102 1.214292 1.195562 1.176815 1.157143 1.138549 1.121192 1.102908 1.082456 1.057781 1.030294 1.000922 .9695446 .9378406 .9133988 .9001172 .8960283 .896087 .9019729 .9116914 .9240336 .9319008 .9370443 .9443284 .9578936 .9790764 1.004548 1.034632 1.067622 1.09832 1.124392
.8343777 .8402715 .8502235 .8612173 .8756498 .8915541 .9066791 .9285919 .9541759 .9795328 1.005225 1.031651 1.057642 1.083625 1.109659 1.134988 1.158464 1.181382 1.203273 1.223683 1.242103 1.257367 1.268675 1.275472 1.279 1.279308 1.275572 1.268561 1.259041 1.246071 1.228974 1.209664 1.187953 1.165879 1.144146 1.123423 1.106777 1.092838 1.079495 1.063547 1.043623 1.018931 .9902914 .9581955 .9244892 .8945301 .8757055 .8671669 .8637162 .8685081 .8774578 .8890727 .8941955 .8979781 .9044574 .9161396 .9344099 .9577374 .988227 1.02704 1.066033 1.100278
.8583429 .8661373 .8758962 .885417 .9008668 .9176083 .9343311 .9576716 .983629 1.009266 1.034849 1.060681 1.086478 1.11134 1.135233 1.158542 1.18045 1.200884 1.219429 1.236152 1.250289 1.261005 1.267614 1.270421 1.269986 1.266564 1.260307 1.251627 1.240774 1.226168 1.207183 1.185218 1.160692 1.13528 1.111404 1.09099 1.076955 1.066861 1.058153 1.04827 1.035423 1.015655 .9893096 .9580057 .9241506 .8912974 .8664698 .8511817 .8428466 .8419946 .8463944 .8545648 .8599178 .8634384 .8695906 .8807344 .8966239 .9174339 .944634 .9810928 1.022609 1.062454
1.70141E+38 1.70141E+38 1.70141E+38 1.70141E+38 1.70141E+38 1.70141E+38 1.70141E+38 1.70141E+38 1.70141E+38 1.70141E+38 1.70141E+38 1.70141E+38 1.70141E+38 1.70141E+38 1.70141E+38 1.70141E+38 1.70141E+38 1.70141E+38 1.70141E+38 1.70141E+38 1.70141E+38 1.70141E+38 1.70141E+38 1.70141E+38 1.70141E+38 1.70141E+38 1.70141E+38 1.70141E+38 1.70141E+38 1.70141E+38 1.70141E+38 1.70141E+38 1.70141E+38 1.70141E+38 1.70141E+38 1.70141E+38 1.70141E+38 1.70141E+38 1.70141E+38 1.70141E+38 1.70141E+38 1.70141E+38 1.70141E+38 1.70141E+38 1.70141E+38 1.70141E+38 1.70141E+38 1.70141E+38 1.70141E+38 1.70141E+38 1.70141E+38 1.70141E+38 1.70141E+38 1.70141E+38 1.70141E+38 1.70141E+38 1.70141E+38 1.70141E+38 1.70141E+38 1.70141E+38 1.70141E+38 1.70141E+38
1.70141E+38 1.70141E+38 1.70141E+38 1.70141E+38 1.70141E+38 1.70141E+38 1.70141E+38 1.70141E+38 1.70141E+38 1.70141E+38 1.70141E+38 1.70141E+38 1.70141E+38 1.70141E+38 1.70141E+38 1.70141E+38 1.70141E+38 1.70141E+38 1.70141E+38 1.70141E+38 1.70141E+38 1.70141E+38 1.70141E+38 1.70141E+38 1.70141E+38 1.70141E+38 1.70141E+38 1.70141E+38 1.70141E+38 1.70141E+38 1.70141E+38 1.70141E+38 1.70141E+38 1.70141E+38 1.70141E+38 1.70141E+38 1.70141E+38 1.70141E+38 1.70141E+38 1.70141E+38 1.70141E+38 1.70141E+38 1.70141E+38 1.70141E+38 1.70141E+38 1.70141E+38 1.70141E+38 1.70141E+38 1.70141E+38 1.70141E+38 1.70141E+38 1.70141E+38 1.70141E+38 1.70141E+38 1.70141E+38 1.70141E+38 1.70141E+38 1.70141E+38 1.70141E+38 1.70141E+38 1.70141E+38 1.70141E+38
1.70141E+38 1.70141E+38 1.70141E+38 1.70141E+38 1.70141E+38 1.70141E+38 1.70141E+38 1.70141E+38 1.70141E+38 1.70141E+38 1.70141E+38 1.70141E+38 1.70141E+38 1.70141E+38 1.70141E+38 1.70141E+38 1.70141E+38 1.70141E+38 1.70141E+38 1.70141E+38 1.70141E+38 1.70141E+38 1.70141E+38 1.70141E+38 1.70141E+38 1.70141E+38 1.70141E+38 1.70141E+38 1.70141E+38 1.70141E+38 1.70141E+38 1.70141E+38 1.70141E+38 1.70141E+38 1.70141E+38 1.70141E+38 1.70141E+38 1.70141E+38 1.70141E+38 1.70141E+38 1.70141E+38 1.70141E+38 1.70141E+38 1.70141E+38 1.70141E+38 1.70141E+38 1.70141E+38 1.70141E+38 1.70141E+38 1.70141E+38 1.70141E+38 1.70141E+38 1.70141E+38 1.70141E+38 1.70141E+38 1.70141E+38 1.70141E+38 1.70141E+38 1.70141E+38 1.70141E+38 1.70141E+38 1.70141E+38
1.70141E+38 1.70141E+38 1.70141E+38 1.70141E+38 1.70141E+38 1.70141E+38 1.70141E+38 1.70141E+38 1.70141E+38 1.70141E+38 1.70141E+38 1.70141E+38 1.70141E+38 1.70141E+38 1.70141E+38 1.70141E+38 1.70141E+38 1.70141E+38 1.70141E+38 1.70141E+38 1.70141E+38 1.70141E+38 1.70141E+38 1.70141E+38 1.70141E+38 1.70141E+38 1.70141E+38 1.70141E+38 1.70141E+38 1.70141E+38 1.70141E+38 1.70141E+38 1.70141E+38 1.70141E+38 1.70141E+38 1.70141E+38 1.70141E+38 1.70141E+38 1.70141E+38 1.70141E+38 1.70141E+38 1.70141E+38 1.70141E+38 1.70141E+38 1.70141E+38 1.70141E+38 1.70141E+38 1.70141E+38 1.70141E+38 1.70141E+38 1.70141E+38 1.70141E+38 1.70141E+38 1.70141E+38 1.70141E+38 1.70141E+38 1.70141E+38 1.70141E+38 1.70141E+38 1.70141E+38 1.70141E+38 1.70141E+38
1.70141E+38 1.70141E+38 1.70141E+38 1.70141E+38 1.70141E+38 1.70141E+38 1.70141E+38 1.70141E+38 1.70141E+38 1.70141E+38 1.70141E+38 1.70141E+38 1.70141E+38 1.70141E+38 1.70141E+38 1.70141E+38 1.70141E+38 1.70141E+38 1.70141E+38 1.70141E+38 1.70141E+38 1.70141E+38 1.70141E+38 1.70141E+38 1.70141E+38 1.70141E+38 1.70141E+38 1.70141E+38 1.70141E+38 1.70141E+38 1.70141E+38 1.70141E+38 1.70141E+38 1.70141E+38 1.70141E+38 1.70141E+38 1.70141E+38 1.70141E+38 1.70141E+38 1.70141E+38 1.70141E+38 1.70141E+38 1.70141E+38 1.70141E+38 1.70141E+38 1.70141E+38 1.70141E+38 1.70141E+38 1.70141E+38 1.70141E+38 1.70141E+38 1.70141E+38 1.70141E+38 1.70141E+38 1.70141E+38 1.70141E+38 1.70141E+38 1.70141E+38 1.70141E+38 1.70141E+38 1.70141E+38 1.70141E+38
1.70141E+38 1.70141E+38 1.70141E+38 1.70141E+38 1.70141E+38 1.70141E+38 1.70141E+38 1.70141E+38 1.70141E+38 1.70141E+38 1.70141E+38 1.70141E+38 1.70141E+38 1.70141E+38 1.70141E+38 1.70141E+38 1.70141E+38 1.70141E+38 1.70141E+38 1.70141E+38 1.70141E+38 1.70141E+38 1.70141E+38 1.70141E+38 1.70141E+38 1.70141E+38 1.70141E+38 1.70141E+38 1.70141E+38 1.70141E+38 1.70141E+38 1.70141E+38 1.70141E+38 1.70141E+38 1.70141E+38 1.70141E+38 1.70141E+38 1.70141E+38 1.70141E+38 1.70141E+38 1.70141E+38 1.70141E+38 1.70141E+38 1.70141E+38 1.70141E+38 1.70141E+38 1.70141E+38 1.70141E+38 1.70141E+38 1.70141E+38 1.70141E+38 1.70141E+38 1.70141E+38 1.70141E+38 1.70141E+38 1.70141E+38 1.70141E+38 1.70141E+38 1.70141E+38 1.70141E+38 1.70141E+38 1.70141E+38
1.70141E+38 1.70141E+38 1.70141E+38 1.70141E+38 1.70141E+38 1.70141E+38 1.70141E+38 1.70141E+38 1.70141E+38 1.70141E+38 1.70141E+38 1.70141E+38 1.70141E+38 1.70141E+38 1.70141E+38 1.70141E+38 1.70141E+38 1.70141E+38 1.70141E+38 1.70141E+38 1.70141E+38 1.70141E+38 1.70141E+38 1.70141E+38 1.70141E+38 1.70141E+38 1.70141E+38 1.70141E+38 1.70141E+38 1.70141E+38 1.70141E+38 1.70141E+38 1.70141E+38 1.70141E+38 1.70141E+38 1.70141E+38 1.70141E+38 1.70141E+38 1.70141E+38 1.70141E+38 1.70141E+38 1.70141E+38 1.70141E+38 1.70141E+38 1.70141E+38 1.70141E+38 1.70141E+38 1.70141E+38 1.70141E+38 1.70141E+38 1.70141E+38 1.70141E+38 1.70141E+38 1.70141E+38 1.70141E+38 1.70141E+38 1.70141E+38 1.70141E+38 1.70141E+38 1.70141E+38 1.70141E+38 1.70141E+38
1.70141E+38 1.70141E+38 1.70141E+38 1.70141E+38 1.70141E+38 1.70141E+38 1.70141E+38 1.70141E+38 1.70141E+38 1.70141E+38 1.70141E+38 1.70141E+38 1.70141E+38 1.70141E+38 1.70141E+38 1.70141E+38 1.70141E+38 1.70141E+38 1.70141E+38 1.70141E+38 1.70141E+38 1.70141E+38 1.70141E+38 1.70141E+38 1.70141E+38 1.70141E+38 1.70141E+38 1.70141E+38 1.70141E+38 1.70141E+38 1.70141E+38 1.70141E+38 1.70141E+38 1.70141E+38 1.70141E+38 1.70141E+38 1.70141E+38 1.70141E+38 1.70141E+38 1.70141E+38 1.70141E+38 1.70141E+38 1.70141E+38 1.70141E+38 1.70141E+38 1.70141E+38 1.70141E+38 1.70141E+38 1.70141E+38 1.70141E+38 1.70141E+38 1.70141E+38 1.70141E+38 1.70141E+38 1.70141E+38 1.70141E+38 1.70141E+38 1.70141E+38 1.70141E+38 1.70141E+38 1.70141E+38 1.70141E+38
