py_wake/examples/data/AJ_ParqueFicticio/Ridge area   Sector 11   Height 200m   Weibull-A.grd
DSAA
90  129
 262878   265103
 6504214   6507414
 .3014333   10.29954
[rows 27 to 53 of 129, columns 0 to 61 of 90]
6.485946 6.553719 6.652093 6.748836 6.836989 6.916286 6.978034 7.015123 7.02369 6.993077 6.933606 6.86075 6.791851 6.739228 6.716636 6.720865 6.743644 6.778427 6.810464 6.841896 6.927184 7.030045 7.134134 7.246771 7.349419 7.46911 7.607092 7.776459 7.987165 8.176981 8.36585 8.548445 8.721091 8.899182 9.029943 9.163157 9.293194 9.413082 9.536167 9.599938 9.563944 9.452699 9.297932 9.098412 8.851056 8.568062 8.288616 7.922259 7.128846 5.669511 3.540097 1.500753 2.850624 2.304049 1.710801 1.410518 1.151003 1.468113 1.534365 1.475197 1.291615 1.103448
6.39785 6.46988 6.57177 6.675526 6.782264 6.890623 6.985399 7.063324 7.115351 7.107245 7.059584 6.993185 6.914072 6.834149 6.767551 6.727266 6.714582 6.718436 6.727894 6.737445 6.778695 6.832697 6.888402 6.965742 7.030923 7.111312 7.222352 7.358292 7.539209 7.725935 7.901364 8.077837 8.261925 8.461204 8.623648 8.782934 8.952779 9.112673 9.287326 9.426175 9.465993 9.427793 9.33301 9.140903 8.869619 8.560763 8.264479 7.849609 6.892002 5.239453 3.082976 1.671858 2.730166 2.000075 1.437666 1.268114 1.102276 1.026683 1.259311 1.149093 .9503797 .8187423
6.309975 6.386667 6.487004 6.588733 6.704066 6.830605 6.951264 7.067284 7.167758 7.206601 7.179754 7.113081 7.035423 6.956192 6.875788 6.808574 6.763506 6.736595 6.712914 6.695347 6.698002 6.700925 6.702282 6.732266 6.756712 6.781484 6.857538 6.962429 7.105836 7.266236 7.416943 7.572226 7.747381 7.956308 8.1557 8.340398 8.547744 8.758286 8.985743 9.197395 9.320161 9.382049 9.358429 9.198961 8.920741 8.581553 8.249211 7.781442 6.700692 4.895171 2.788375 1.855121 2.213441 1.6918 1.293773 1.300464 1.065425 1.024996 1.059381 .8759277 .6882369 .7393671
6.215528 6.296453 6.394145 6.49308 6.611966 6.743086 6.874059 7.011427 7.14973 7.241306 7.245468 7.199169 7.134048 7.069611 7.005075 6.939993 6.885276 6.839083 6.786375 6.739939 6.723583 6.684729 6.642249 6.635049 6.615683 6.586196 6.636343 6.730249 6.840959 6.962479 7.08302 7.194773 7.314404 7.501356 7.717428 7.920385 8.142254 8.388879 8.666446 8.94242 9.158236 9.315721 9.369517 9.259281 9.005814 8.654005 8.267631 7.757023 6.607764 4.758617 2.749286 1.750964 2.063049 1.623037 1.277789 1.246938 1.076008 1.040491 .9139752 .6429944 .5716891 .6783389
6.105297 6.185047 6.279949 6.372528 6.491057 6.626106 6.762122 6.905323 7.050183 7.165194 7.209143 7.209537 7.183707 7.144467 7.103053 7.059804 7.016923 6.974739 6.929205 6.888803 6.856139 6.809044 6.760562 6.734286 6.687567 6.641442 6.656476 6.701759 6.743919 6.800706 6.874427 6.955978 7.050419 7.201602 7.392813 7.598115 7.825459 8.088853 8.394177 8.711106 8.986896 9.204617 9.31741 9.263391 9.049736 8.720529 8.301689 7.764926 6.662416 4.898294 3.006526 1.957695 2.273128 1.682136 1.535803 1.239728 1.122716 1.100016 .8395203 .4341756 .4889252 .6184103
5.997702 6.074564 6.165595 6.25418 6.370773 6.502708 6.629845 6.762068 6.897991 7.028613 7.107306 7.149502 7.16705 7.16542 7.151907 7.130592 7.106411 7.093539 7.083492 7.057849 7.02336 6.990674 6.954385 6.915896 6.865361 6.809603 6.791638 6.78985 6.772819 6.760361 6.781374 6.830369 6.906579 7.012348 7.157332 7.340007 7.558959 7.823215 8.139298 8.477958 8.798414 9.066019 9.215213 9.211563 9.037983 8.736032 8.326874 7.789827 6.823404 5.222971 3.428788 3.251642 2.328654 2.015162 1.566814 1.257254 1.177678 1.173188 1.142288 .3368812 .4184912 .5707226
5.879011 5.953041 6.040215 6.124317 6.235169 6.360868 6.486734 6.614089 6.743637 6.879739 6.988517 7.067899 7.121145 7.14853 7.155982 7.150564 7.14317 7.167072 7.201384 7.20386 7.188558 7.169223 7.144093 7.11148 7.063356 7.005315 6.957464 6.940961 6.890841 6.840011 6.812794 6.805983 6.852601 6.923331 7.021791 7.173037 7.370099 7.612751 7.913436 8.25381 8.606458 8.919145 9.095287 9.12941 8.998711 8.717923 8.336885 7.82401 6.993352 5.611442 3.971057 3.492612 2.389559 2.086798 1.665038 1.356068 1.261617 1.257936 1.237741 .3014333 .3673747 .5476619
5.748612 5.81977 5.905159 5.988381 6.106792 6.239189 6.371025 6.505025 6.635758 6.769616 6.896594 7.004609 7.08511 7.130844 7.144714 7.137488 7.144754 7.196352 7.256339 7.297255 7.309749 7.307529 7.304034 7.287384 7.248532 7.207279 7.174582 7.139435 7.112848 7.061212 7.007533 6.976368 6.986723 7.012475 7.077832 7.191425 7.328372 7.53255 7.788198 8.096709 8.460001 8.78929 8.979653 9.044126 8.954344 8.698701 8.342472 7.869397 7.192987 6.111255 4.646095 3.23508 2.512348 2.096681 1.823619 1.548034 1.399518 1.360141 1.337907 .3239926 .3479488 .5664226
5.63727 5.699947 5.772522 5.849689 5.984384 6.134975 6.286712 6.440174 6.587975 6.731856 6.870201 6.9921 7.086029 7.138512 7.151555 7.140401 7.154644 7.208405 7.270267 7.323072 7.359808 7.387781 7.410728 7.422984 7.419437 7.421607 7.428439 7.441252 7.42137 7.393014 7.358696 7.33215 7.317055 7.311048 7.347437 7.395741 7.479425 7.624234 7.819009 8.066091 8.393167 8.70443 8.892735 8.975203 8.924809 8.698547 8.363242 7.941635 7.369911 6.555593 5.401978 4.039157 2.910837 2.308149 1.930769 1.704029 1.572252 1.494081 1.280569 .5851957 .4358882 .653978
5.555238 5.587943 5.634586 5.693973 5.849056 6.023691 6.201732 6.380076 6.553233 6.717767 6.870582 7.00566 7.112541 7.165872 7.177903 7.176745 7.185175 7.217735 7.268817 7.317739 7.361937 7.410432 7.455227 7.509928 7.560755 7.616417 7.689365 7.77546 7.822851 7.794741 7.780029 7.753517 7.727344 7.703839 7.703721 7.711822 7.742959 7.823561 7.951802 8.144351 8.408908 8.672553 8.846304 8.931287 8.928461 8.734805 8.413588 8.015668 7.553284 6.943305 6.113634 4.970254 3.725856 2.775335 2.212929 1.851539 1.645202 1.513823 1.30891 .8128945 .6123649 .7940255
5.506503 5.482985 5.488068 5.519917 5.694082 5.893363 6.098274 6.301752 6.504237 6.691267 6.84939 6.999732 7.126786 7.19442 7.220149 7.224134 7.225135 7.237156 7.264406 7.297147 7.349417 7.402258 7.4682 7.557125 7.663475 7.782873 7.91968 8.075882 8.208792 8.242871 8.205852 8.184357 8.146624 8.113699 8.077127 8.056041 8.048582 8.072779 8.130981 8.263433 8.480323 8.700524 8.856736 8.934011 8.960547 8.816502 8.510572 8.128949 7.735613 7.259203 6.625609 5.785159 4.648521 3.511005 2.661359 2.136817 1.82307 1.633303 1.425485 1.04515 .8161068 1.329199
5.524909 5.408318 5.350472 5.351795 5.524393 5.736879 5.964241 6.193712 6.401471 6.591518 6.770935 6.954739 7.106174 7.201355 7.240759 7.262041 7.268795 7.283714 7.28455 7.300268 7.346256 7.40512 7.485365 7.597102 7.745049 7.918026 8.110602 8.315818 8.501516 8.604382 8.620116 8.593608 8.547055 8.50198 8.449378 8.405616 8.364445 8.340877 8.359956 8.45392 8.623174 8.806243 8.941564 9.003321 9.020207 8.904722 8.636825 8.281409 7.913258 7.515078 7.014198 6.343063 5.377435 4.209867 3.169791 2.453869 2.03958 1.788177 1.572899 1.286194 1.479514 1.148701
5.564289 5.370272 5.24373 5.233103 5.378071 5.5741 5.811831 6.066092 6.261322 6.460046 6.654344 6.859945 7.034837 7.156661 7.225266 7.262888 7.298316 7.327221 7.341194 7.348587 7.374043 7.427766 7.523033 7.664544 7.840269 8.04123 8.266721 8.49731 8.70964 8.859795 8.932133 8.952278 8.916158 8.861952 8.816577 8.756303 8.699699 8.655158 8.646074 8.706944 8.832919 8.974984 9.068786 9.109736 9.100859 8.985682 8.74177 8.434567 8.096725 7.719709 7.303633 6.734093 5.843404 4.670288 3.544702 2.688161 2.194077 1.932496 1.727998 1.477835 1.360081 1.100644
5.633544 5.38848 5.202991 5.161629 5.248966 5.424067 5.661543 5.875724 6.069833 6.27779 6.49196 6.719783 6.915761 7.055892 7.156733 7.2378 7.282971 7.324821 7.365981 7.37924 7.394504 7.438478 7.544547 7.714424 7.917866 8.148706 8.396939 8.635259 8.869143 9.043896 9.163837 9.229033 9.249944 9.208771 9.156916 9.106229 9.03274 8.973629 8.949243 8.980406 9.067623 9.165709 9.221117 9.238831 9.216905 9.101606 8.869272 8.57058 8.246905 7.887134 7.50282 7.013965 6.140567 4.907485 3.744436 2.841424 2.294879 2.016752 1.842682 1.619796 1.286013 1.294107
5.758565 5.475058 5.232116 5.108304 5.131646 5.27944 5.516703 5.678271 5.845865 6.039567 6.269402 6.514101 6.726213 6.894187 7.028526 7.13883 7.220439 7.281142 7.346756 7.379997 7.391999 7.445172 7.557721 7.741554 7.946825 8.182831 8.425325 8.687672 8.958695 9.156291 9.303556 9.408269 9.474706 9.476263 9.456738 9.422615 9.355769 9.280449 9.234252 9.239503 9.2939 9.376235 9.413466 9.397062 9.34918 9.229504 9.012381 8.702864 8.368939 8.022305 7.631283 7.128021 6.280393 5.001839 3.769811 2.849333 2.300888 2.016485 1.831122 1.631082 1.5537 1.630787
5.93118 5.606604 5.285208 5.050268 5.013586 5.143877 5.342411 5.455136 5.601871 5.773497 5.988176 6.233846 6.461329 6.646299 6.800505 6.934453 7.052939 7.16187 7.260642 7.327998 7.382925 7.445138 7.549437 7.717861 7.915005 8.134701 8.362963 8.61848 8.894451 9.147443 9.319969 9.46382 9.556831 9.608293 9.633755 9.644642 9.601374 9.509635 9.459841 9.452313 9.500546 9.56041 9.570992 9.526905 9.459024 9.323682 9.104475 8.820967 8.474897 8.107327 7.679682 7.105786 6.229708 4.914554 3.597852 2.67103 2.171761 1.90274 1.716238 1.667826 1.78524 1.941123
6.105373 5.744417 5.365309 5.04867 4.922324 5.016754 5.105333 5.180032 5.309139 5.466341 5.673488 5.911114 6.122102 6.309141 6.487843 6.643669 6.790896 6.949608 7.114119 7.252045 7.349605 7.425652 7.521545 7.65915 7.823597 8.014055 8.215905 8.462231 8.747737 9.007481 9.220139 9.399612 9.521832 9.622934 9.697989 9.74193 9.74974 9.714172 9.65806 9.644486 9.671497 9.704132 9.707342 9.653365 9.568213 9.412493 9.174842 8.885292 8.550655 8.153753 7.682071 7.024987 6.029391 4.639307 3.280228 2.384383 1.934398 1.659921 1.519366 1.603825 1.782401 2.021585
6.32752 5.940693 5.517867 5.14762 4.941094 4.818157 4.804221 4.828296 4.944994 5.100574 5.298182 5.524637 5.739872 5.944462 6.132297 6.306158 6.457815 6.653565 6.883031 7.107217 7.263665 7.380236 7.483718 7.58678 7.719127 7.870435 8.032187 8.262003 8.563155 8.830826 9.046389 9.256819 9.405049 9.544959 9.663648 9.743568 9.799415 9.830134 9.824452 9.797283 9.804386 9.835665 9.84234 9.784582 9.691855 9.518714 9.249937 8.933566 8.591469 8.182067 7.670672 6.931778 5.793407 4.32846 2.94841 2.055068 1.578754 1.251031 1.276658 1.460281 1.762585 2.113778
6.591702 6.208363 5.76732 5.30173 4.883668 4.57118 4.432806 4.40576 4.509979 4.662089 4.855305 5.079112 5.293113 5.5139 5.734155 5.951966 6.126347 6.312362 6.558995 6.824962 7.035155 7.200452 7.343568 7.43372 7.539191 7.65929 7.784074 7.987698 8.301632 8.597737 8.810075 9.024148 9.197118 9.365834 9.530285 9.645285 9.736567 9.823201 9.875549 9.887893 9.890771 9.935594 9.966142 9.918051 9.811617 9.634384 9.350076 8.990467 8.611073 8.196663 7.648319 6.84162 5.575723 4.02324 2.607484 1.665004 1.083149 .9210692 1.128288 1.50669 1.869915 2.283492
6.854965 6.457108 5.912751 5.269429 4.669225 4.187793 3.928891 3.870024 3.937324 4.074867 4.257003 4.478068 4.693217 4.922034 5.177834 5.440664 5.660821 5.875242 6.137083 6.411156 6.634604 6.815192 6.959642 7.049653 7.147636 7.275114 7.399034 7.572093 7.866839 8.211108 8.438178 8.667519 8.879442 9.072013 9.274503 9.432607 9.552233 9.681108 9.784642 9.838879 9.881674 9.943541 10.00315 9.97382 9.865409 9.687742 9.424299 9.060344 8.637686 8.196404 7.629876 6.778251 5.409585 3.766761 2.33084 1.353571 .7815512 .9235057 1.450463 1.821248 2.169408 2.566894
7.098635 6.685908 6.046772 5.20719 4.383776 3.747295 3.382826 3.224529 3.277117 3.416645 3.594036 3.804735 4.003253 4.245387 4.506528 4.770112 5.024579 5.278406 5.570592 5.865806 6.111774 6.3136 6.468582 6.567976 6.665361 6.789105 6.919161 7.069214 7.300968 7.617378 7.903696 8.170527 8.440968 8.673341 8.901186 9.110411 9.268776 9.432396 9.589318 9.684679 9.764066 9.865275 9.953669 9.956024 9.877973 9.700831 9.446579 9.12291 8.690097 8.216322 7.636778 6.752188 5.336291 3.64986 2.241628 1.323965 1.02662 1.338264 1.778626 2.108477 2.479501 2.912894
7.347461 6.932472 6.287117 5.34322 4.287373 3.454069 2.898753 2.656947 2.652456 2.760399 2.927263 3.133079 3.312594 3.536208 3.810509 4.09145 4.356349 4.641941 4.961887 5.273237 5.529411 5.734254 5.893746 5.994983 6.070624 6.19853 6.359475 6.531145 6.742099 7.024683 7.333301 7.629671 7.914324 8.183125 8.445145 8.70078 8.91797 9.114324 9.327075 9.479901 9.597934 9.749762 9.871872 9.898863 9.854267 9.697746 9.442983 9.146589 8.756987 8.261703 7.670319 6.762007 5.32916 3.64548 2.308916 1.581882 1.425627 1.623534 1.975224 2.322027 2.73631 3.235728
7.59143 7.205865 6.597038 5.585382 4.374931 3.300234 2.576185 2.212556 2.119898 2.186858 2.337822 2.523846 2.686452 2.885095 3.16016 3.431604 3.720886 4.012855 4.331453 4.657873 4.936316 5.145159 5.309547 5.430203 5.511477 5.611524 5.780024 5.968817 6.181462 6.45034 6.75314 7.068213 7.376377 7.687423 7.967358 8.223716 8.477211 8.728691 8.996343 9.222381 9.399465 9.601391 9.764194 9.824097 9.811495 9.686732 9.438609 9.135174 8.792221 8.316484 7.712081 6.780267 5.349636 3.731444 2.487128 1.965178 1.790817 1.924555 2.172898 2.531961 3.009045 3.599865
7.824784 7.455593 6.925538 6.009434 4.666706 3.327262 2.353495 1.836645 1.714078 1.778702 1.919625 2.080038 2.235138 2.412828 2.637325 2.858932 3.129155 3.400832 3.684065 3.999287 4.29954 4.537618 4.72336 4.89522 5.014787 5.113125 5.275409 5.469245 5.688776 5.943137 6.206871 6.511129 6.834717 7.165643 7.466803 7.733031 8.014489 8.318925 8.631765 8.942913 9.174375 9.42514 9.637484 9.742478 9.767949 9.679073 9.444572 9.130005 8.787185 8.362415 7.753231 6.810094 5.418467 3.922993 2.801236 2.31008 2.116025 2.200495 2.420195 2.805125 3.391523 4.061938
8.044742 7.700727 7.257836 6.528782 5.26309 3.706581 2.427179 1.684463 1.491401 1.553852 1.674124 1.816162 1.974179 2.123418 2.262841 2.403054 2.590159 2.828335 3.061486 3.33379 3.641476 3.926344 4.174337 4.397835 4.586604 4.732432 4.882295 5.089862 5.26988 5.47601 5.732546 6.011413 6.340512 6.670415 6.954356 7.210209 7.52654 7.876533 8.236793 8.613555 8.917717 9.224168 9.496769 9.659607 9.73891 9.696636 9.474408 9.147645 8.799337 8.409951 7.826709 6.894198 5.579519 4.22041 3.210367 2.668855 2.439364 2.478973 2.739755 3.257184 3.897839 4.549603
8.247053 7.919771 7.545126 7.017227 5.94968 4.385425 2.758018 1.669269 1.309475 1.365636 1.496602 1.639045 1.805358 1.940068 2.019663 2.06362 2.15114 2.339385 2.530143 2.751077 3.058783 3.39747 3.717154 4.018 4.272993 4.451855 4.602997 4.791473 4.941997 5.095778 5.334348 5.58293 5.900131 6.233405 6.517071 6.776234 7.102612 7.468859 7.855716 8.274193 8.655148 9.019374 9.348261 9.578975 9.729403 9.747318 9.554883 9.224704 8.870709 8.491805 7.957693 7.07314 5.865331 4.606761 3.653418 3.132952 2.894016 2.963861 3.274319 3.796886 4.438639 5.058777
8.437002 8.117728 7.766862 7.341329 6.55626 5.109548 3.396196 1.969385 1.286249 1.190443 1.343083 1.52903 1.727643 1.851145 1.899728 1.878773 1.898914 2.029829 2.169587 2.35166 2.668532 3.054561 3.450773 3.838866 4.156088 4.362615 4.519726 4.715318 4.835374 4.93069 5.145597 5.358339 5.642828 5.973953 6.270371 6.546447 6.85425 7.191395 7.57966 8.031069 8.471308 8.876655 9.234447 9.51484 9.729129 9.813243 9.675704 9.37407 9.017261 8.63885 8.165092 7.411837 6.347512 5.194924 4.250595 3.736916 3.590099 3.689246 3.942661 4.405551 4.97555 5.525407
