py_wake/examples/data/AJ_ParqueFicticio/Ridge area   Sector 12   Height 200m   Power density.grd
DSAA
90  129
 262878   265103
 6504214   6507414
 .02268139   298.0662
[rows 81 to 107 of 129, columns 0 to 61 of 90]
74.49821 76.98145 79.54568 82.01331 84.68735 87.68758 90.71529 94.62096 99.55913 104.4427 108.795 112.5617 114.2115 113.6612 112.2361 111.1893 110.6489 109.6521 108.7628 107.4373 106.0926 105.9549 106.097 106.1638 105.7124 104.0569 101.5548 98.93238 96.40471 94.12852 92.67594 92.73323 95.37711 100.363 107.6085 116.2934 125.7215 136.2368 147.2451 157.5208 166.3427 175.1101 182.368 187.4127 190.226 193.1781 194.5505 194.5355 187.8178 177.228 165.1232 151.8365 138.8255 54.3434 40.20531 39.1969 41.40447 44.99698 49.03752 52.62832 53.84557 52.27475
87.39426 91.33973 95.01849 98.25216 101.7318 105.1145 109.0523 112.7222 116.4888 120.5701 126.8264 132.231 135.1945 135.5546 135.7307 134.8093 132.5416 129.543 128.2017 127.5459 125.6524 123.9602 122.7063 122.4382 122.1761 121.1028 118.7539 116.0702 113.3589 110.3813 108.1623 107.0625 108.308 112.8289 119.0157 126.6827 135.5223 145.9343 156.9699 166.7431 175.4194 185.0702 192.2522 195.9081 199.5031 201.517 202.7559 202.7108 195.0451 184.4456 171.2285 155.8215 140.4091 125.8629 36.7292 34.75873 35.38588 36.90288 38.77357 40.47034 40.83145 40.24453
98.96336 104.4426 109.15 113.0044 115.9031 120.8067 126.6968 132.5133 138.0142 143.4482 148.7827 154.2583 157.7724 159.3271 158.5514 156.4756 154.0298 151.1391 148.2919 143.6613 139.3781 137.091 135.4111 135.0049 135.4983 135.6137 133.9651 131.8371 129.7344 126.6738 123.7158 121.6941 121.9382 125.315 130.3582 135.8393 143.9233 153.4934 163.9332 172.381 181.0135 190.9473 198.7027 203.1093 207.4505 209.9794 211.685 211.3048 205.4434 194.5436 180.7963 164.3527 147.1436 130.8793 116.0817 103.5934 94.59792 88.43029 33.9157 34.26507 33.92453 33.59607
116.5846 121.7609 126.7541 131.2592 135.0466 139.6326 144.5557 148.781 152.7742 156.4395 159.7298 163.2024 164.9089 166.1272 166.0979 164.3612 161.188 157.9886 153.8784 150.0703 146.7023 143.4442 140.2857 139.7553 140.5441 142.3386 142.9607 142.6027 142.1894 140.453 138.443 137.0461 137.0535 138.8208 141.9134 146.1382 151.8398 159.7757 168.2036 175.0808 183.2349 193.3183 202.4798 208.408 213.7826 217.622 220.2784 219.507 215.2202 205.7405 192.9123 177.1446 159.7679 142.3006 125.5483 110.9651 99.72031 91.03517 84.20837 77.31062 70.76922 65.83179
130.9621 136.4794 141.0007 145.4026 148.945 152.0906 155.8933 159.2085 161.758 162.9136 163.058 162.0696 160.1288 158.359 157.8946 156.1276 153.1929 148.7767 143.9079 139.8371 137.6441 136.1746 134.9186 135.2953 136.8542 140.2845 143.8366 146.7722 149.3912 150.3465 151.4022 152.1171 152.4721 152.3393 153.9854 156.7814 160.1283 165.853 171.6604 176.4627 183.1354 191.9671 201.9874 210.6006 217.7736 223.1607 226.5257 227.6751 224.9926 217.7191 206.2624 192.1129 175.3275 157.3201 139.2744 123.3692 110.828 99.74912 88.85204 76.99367 65.31264 55.95357
139.7563 144.3984 148.7496 152.5971 155.6672 157.7999 159.1256 159.7582 159.5677 158.2357 155.4357 150.9318 146.5723 142.8895 141.0108 139.146 136.6278 132.513 126.6929 125.8474 125.275 124.9762 125.0131 126.3415 128.7459 133.2889 139.225 145.311 151.3512 155.9151 160.5457 163.5976 164.5973 164.3501 164.8339 165.4716 167.6702 171.4183 174.8522 177.6885 181.932 187.6758 195.116 203.7522 212.8195 219.7447 225.5527 230.0908 231.6996 227.5936 219.6202 207.8763 192.436 173.9867 155.3293 138.6588 125.425 112.2624 97.51705 83.67245 70.2574 57.73762
142.7788 145.9254 148.4642 150.4691 152.0015 152.4897 151.5774 149.597 146.6546 142.749 139.0368 134.1743 129.1122 124.3728 120.5598 116.9025 115.7379 115.946 115.6361 114.9839 114.392 113.9057 114.4039 116.8452 119.9637 124.8868 132.6124 141.2816 149.3886 156.5305 162.8042 167.9014 171.0085 172.3168 172.4462 172.4542 174.2604 176.7284 178.2251 179.1427 180.4751 183.1421 187.8462 194.2392 202.8523 211.0238 219.317 227.0388 232.5254 233.7188 229.0734 220.393 207.7356 191.8499 174.0301 156.6528 142.4875 128.34 116.8059 103.5974 87.38697 70.98143
139.8655 141.2173 141.8498 141.7813 141.3972 140.7499 138.6861 134.588 129.7346 123.1375 117.7583 112.2471 107.9497 105.5721 103.3374 101.6984 101.2162 102.2929 103.8057 104.5183 104.738 105.1342 106.0826 109.3236 113.4888 119.1196 126.8314 135.6242 144.9245 153.7251 161.6977 168.3539 173.2324 175.683 176.4536 177.0439 178.7502 180.6722 181.14 179.9655 178.3037 178.9913 181.8735 186.7294 194.0569 201.7243 210.2572 219.1662 226.3374 231.8806 232.2151 227.8379 219.4954 207.6737 192.8636 177.2075 162.6437 148.4965 138.7596 125.4674 109.9374 91.96714
133.7085 133.4511 132.5215 130.6594 127.8197 125.2848 121.8097 116.7265 110.4349 103.6648 100.7355 97.64959 94.75971 92.42316 90.68035 89.21921 88.43922 90.29985 92.71555 94.83475 96.13481 97.57045 99.2345 102.9944 108.1093 114.0021 121.3599 130.3056 140.3431 149.9728 159.1564 167.3979 174.0568 177.4583 178.8068 180.3106 182.2888 184.089 183.6935 180.4606 176.3495 174.3665 174.5327 176.3508 180.4487 186.2414 195.8607 205.3293 215.4721 223.4616 229.5085 230.7289 227.5599 219.9231 209.8355 197.548 184.081 171.3816 160.1953 146.9708 131.9876 115.6839
124.7625 123.1387 121.1577 118.0285 113.7565 109.0207 104.0545 100.1848 97.83575 94.89022 91.61829 88.25394 84.86761 82.55717 81.62031 81.51372 81.51855 82.993 85.22784 87.23495 89.10286 91.35715 93.4924 97.59973 103.8155 109.9688 117.5229 126.5293 136.4582 146.1263 155.659 164.7063 172.7104 176.9968 178.7708 180.7587 183.1681 185.5029 184.7811 180.6005 172.9028 166.9642 165.3497 165.526 167.0579 171.3532 178.6319 188.2069 199.5389 210.0742 219.576 225.9982 228.0896 225.6418 220.1922 211.9021 202.0952 189.8752 178.485 165.522 150.5437 134.6018
110.4513 107.5964 104.3295 100.7749 97.38445 95.16682 93.41653 92.33298 90.35722 88.40012 86.35791 83.87012 81.05371 78.65399 78.25997 79.61741 80.70779 81.97974 84.35416 86.24309 88.0209 91.16505 93.1125 97.39769 103.5952 109.4777 116.5219 125.1921 134.0128 142.3446 150.8893 158.9989 166.7087 171.6997 173.8037 175.6097 177.4061 179.4246 179.5555 174.9574 167.6673 161.0424 157.2794 154.8689 153.5926 156.0016 161.5435 169.6832 179.9614 191.7568 203.6202 213.455 219.2307 220.3579 218.6291 215.4047 210.3895 202.5725 190.8517 176.8324 162.8299 147.5911
89.15942 85.98142 85.39913 85.5097 85.2352 84.45239 83.33597 82.89413 82.72083 82.80889 82.64355 82.24852 81.36985 80.83733 81.52474 82.97478 84.34871 86.51089 89.3295 91.28646 93.89394 97.60504 100.4647 104.8423 109.4388 114.3554 119.8718 126.7803 133.8066 140.128 146.9255 152.8366 158.3843 163.0309 165.7495 167.9253 169.3621 170.088 169.7206 166.1575 159.8719 152.924 147.3301 143.5179 140.1769 140.5612 144.799 152.0146 161.4181 171.9997 183.3617 193.5654 201.9398 205.5849 207.0344 207.2213 207.0583 204.0959 197.9151 188.3634 173.697 156.703
70.92998 72.51091 73.67188 74.52377 74.6249 73.9342 73.64156 74.43266 75.75014 78.12719 80.32121 82.07716 83.43635 84.547 86.74267 89.00232 90.72449 93.43448 96.64108 99.70285 103.8049 107.7268 111.6224 114.937 118.2685 122.1643 126.2262 130.8256 135.2715 139.7488 144.9353 149.0411 152.5236 155.6366 157.9539 160.3123 161.4691 161.8599 160.987 157.3981 150.5394 143.5952 136.7622 131.2588 126.9104 125.6989 128.2935 134.7143 143.2552 152.4594 162.9911 173.2753 181.3448 186.1102 189.4239 192.8248 196.1998 197.6746 197.587 195.3075 187.223 173.6312
61.71595 63.48549 66.04092 67.72176 68.1603 67.67236 66.97818 68.26507 71.47487 74.83224 78.49265 82.39633 85.43713 88.42872 92.21961 95.56987 98.51987 101.9116 105.3245 109.4031 113.9009 118.7463 122.1541 124.7116 127.2985 129.7084 132.2512 134.9546 137.0463 139.8566 143.5395 146.4525 148.2652 149.448 150.5584 152.3386 153.2295 153.8327 153.1336 149.8053 143.4253 135.1941 128.018 121.2488 115.6222 113.1267 114.3261 118.7134 125.6131 134.1738 143.7246 153.2355 160.4059 165.0298 168.4607 172.4359 178.2707 184.5031 189.2632 193.0344 193.2537 186.1653
55.99401 57.91133 61.0574 63.6015 65.03912 65.39047 65.97382 67.82298 71.88471 75.77892 79.98889 85.14818 89.53226 93.83252 98.69691 103.1251 107.243 111.1592 115.179 119.6062 123.7499 127.9681 131.5681 134.26 136.2952 137.5287 138.4501 138.8784 138.797 139.5213 140.9742 142.5141 143.844 144.4868 145.2484 146.5228 147.9796 149.2435 149.0289 145.7706 138.4747 130.6006 122.8414 114.467 107.0183 103.0346 102.8447 105.8702 111.5795 118.9484 127.1554 135.5274 141.9286 145.4978 147.7996 151.0445 157.2171 165.0764 173.9184 181.9995 187.4679 187.2439
51.7168 54.36136 57.43971 60.97003 63.43722 65.48267 67.57824 70.33072 75.10468 79.50925 84.37695 89.85081 95.21881 100.7233 106.1612 111.1013 116.1518 120.816 125.2027 129.3452 133.3376 137.4969 140.992 143.4998 145.1095 146.0041 145.4168 143.2671 141.1102 139.4944 138.4584 138.0028 138.4161 138.6571 139.3865 140.6867 142.6716 144.9943 145.7678 142.6891 136.2595 128.658 119.5175 109.6911 100.7204 95.02867 93.58364 95.67519 100.1792 106.0434 112.3662 119.5894 125.477 127.7172 128.9374 130.9082 135.2832 142.901 152.2978 162.1537 171.1316 177.1459
49.29391 52.35023 55.63691 59.49196 62.98079 66.28803 69.4016 73.35452 78.83292 84.08824 89.74476 95.53773 101.3171 107.471 113.1416 118.3401 123.2946 128.5494 133.7261 138.4115 142.6904 146.8999 150.2687 151.6444 152.2645 152.7793 151.296 147.8243 144.0195 139.9816 136.1741 133.3889 131.933 131.3699 131.9765 133.4472 136.2256 139.9544 141.7054 140.5687 135.8154 127.2891 117.3397 106.5428 96.11452 88.89673 86.10001 86.8837 89.66771 94.27512 99.89503 106.4683 110.9279 112.2051 111.8509 111.751 114.2934 119.6279 128.1766 139.8729 151.9726 162.9873
50.05664 52.79598 55.98027 59.52789 63.48716 67.42719 71.13295 76.26317 82.43388 88.16068 93.96402 99.97682 105.7792 111.5253 117.3782 123.0428 128.1647 133.2576 138.2327 142.961 147.6254 151.6872 154.803 155.6681 155.6346 155.5939 153.884 150.0658 145.7003 140.3244 134.7234 130.2105 126.9897 125.0512 124.5781 125.6319 129.113 133.6144 137.1245 138.6137 135.5778 128.1456 118.0482 106.5031 95.05821 85.94209 81.28272 80.64671 81.51839 84.90974 89.41457 94.96131 97.98463 97.99553 96.04673 94.02676 93.96281 96.32956 102.2208 114.6269 130.3722 147.1273
53.26957 56.18194 59.41551 62.51667 66.5596 70.5205 74.27537 79.48768 85.33565 91.08662 96.78223 102.5835 108.3722 113.8679 119.0907 124.1476 128.9133 133.5088 137.6682 141.5599 145.5175 149.1597 152.1861 153.2775 153.281 153.2755 152.4138 149.4144 145.3211 139.652 133.108 127.2168 122.4461 118.9438 117.2871 117.9506 121.9001 127.0205 132.4582 136.0943 136.1652 131.501 122.216 110.5618 98.51167 87.98242 81.10318 77.8537 76.77522 77.7078 80.4921 84.12733 86.74002 85.47757 82.27812 78.71057 76.10519 75.37801 78.55438 88.39364 105.5298 126.1345
1.70141E+38 1.70141E+38 1.70141E+38 1.70141E+38 1.70141E+38 1.70141E+38 1.70141E+38 1.70141E+38 1.70141E+38 1.70141E+38 1.70141E+38 1.70141E+38 1.70141E+38 1.70141E+38 1.70141E+38 1.70141E+38 1.70141E+38 1.70141E+38 1.70141E+38 1.70141E+38 1.70141E+38 1.70141E+38 1.70141E+38 1.70141E+38 1.70141E+38 1.70141E+38 1.70141E+38 1.70141E+38 1.70141E+38 1.70141E+38 1.70141E+38 1.70141E+38 1.70141E+38 1.70141E+38 1.70141E+38 1.70141E+38 1.70141E+38 1.70141E+38 1.70141E+38 1.70141E+38 1.70141E+38 1.70141E+38 1.70141E+38 1.70141E+38 1.70141E+38 1.70141E+38 1.70141E+38 1.70141E+38 1.70141E+38 1.70141E+38 1.70141E+38 1.70141E+38 1.70141E+38 1.70141E+38 1.70141E+38 1.70141E+38 1.70141E+38 1.70141E+38 1.70141E+38 1.70141E+38 1.70141E+38 1.70141E+38
1.70141E+38 1.70141E+38 1.70141E+38 1.70141E+38 1.70141E+38 1.70141E+38 1.70141E+38 1.70141E+38 1.70141E+38 1.70141E+38 1.70141E+38 1.70141E+38 1.70141E+38 1.70141E+38 1.70141E+38 1.70141E+38 1.70141E+38 1.70141E+38 1.70141E+38 1.70141E+38 1.70141E+38 1.70141E+38 1.70141E+38 1.70141E+38 1.70141E+38 1.70141E+38 1.70141E+38 1.70141E+38 1.70141E+38 1.70141E+38 1.70141E+38 1.70141E+38 1.70141E+38 1.70141E+38 1.70141E+38 1.70141E+38 1.70141E+38 1.70141E+38 1.70141E+38 1.70141E+38 1.70141E+38 1.70141E+38 1.70141E+38 1.70141E+38 1.70141E+38 1.70141E+38 1.70141E+38 1.70141E+38 1.70141E+38 1.70141E+38 1.70141E+38 1.70141E+38 1.70141E+38 1.70141E+38 1.70141E+38 1.70141E+38 1.70141E+38 1.70141E+38 1.70141E+38 1.70141E+38 1.70141E+38 1.70141E+38
1.70141E+38 1.70141E+38 1.70141E+38 1.70141E+38 1.70141E+38 1.70141E+38 1.70141E+38 1.70141E+38 1.70141E+38 1.70141E+38 1.70141E+38 1.70141E+38 1.70141E+38 1.70141E+38 1.70141E+38 1.70141E+38 1.70141E+38 1.70141E+38 1.70141E+38 1.70141E+38 1.70141E+38 1.70141E+38 1.70141E+38 1.70141E+38 1.70141E+38 1.70141E+38 1.70141E+38 1.70141E+38 1.70141E+38 1.70141E+38 1.70141E+38 1.70141E+38 1.70141E+38 1.70141E+38 1.70141E+38 1.70141E+38 1.70141E+38 1.70141E+38 1.70141E+38 1.70141E+38 1.70141E+38 1.70141E+38 1.70141E+38 1.70141E+38 1.70141E+38 1.70141E+38 1.70141E+38 1.70141E+38 1.70141E+38 1.70141E+38 1.70141E+38 1.70141E+38 1.70141E+38 1.70141E+38 1.70141E+38 1.70141E+38 1.70141E+38 1.70141E+38 1.70141E+38 1.70141E+38 1.70141E+38 1.70141E+38
1.70141E+38 1.70141E+38 1.70141E+38 1.70141E+38 1.70141E+38 1.70141E+38 1.70141E+38 1.70141E+38 1.70141E+38 1.70141E+38 1.70141E+38 1.70141E+38 1.70141E+38 1.70141E+38 1.70141E+38 1.70141E+38 1.70141E+38 1.70141E+38 1.70141E+38 1.70141E+38 1.70141E+38 1.70141E+38 1.70141E+38 1.70141E+38 1.70141E+38 1.70141E+38 1.70141E+38 1.70141E+38 1.70141E+38 1.70141E+38 1.70141E+38 1.70141E+38 1.70141E+38 1.70141E+38 1.70141E+38 1.70141E+38 1.70141E+38 1.70141E+38 1.70141E+38 1.70141E+38 1.70141E+38 1.70141E+38 1.70141E+38 1.70141E+38 1.70141E+38 1.70141E+38 1.70141E+38 1.70141E+38 1.70141E+38 1.70141E+38 1.70141E+38 1.70141E+38 1.70141E+38 1.70141E+38 1.70141E+38 1.70141E+38 1.70141E+38 1.70141E+38 1.70141E+38 1.70141E+38 1.70141E+38 1.70141E+38
1.70141E+38 1.70141E+38 1.70141E+38 1.70141E+38 1.70141E+38 1.70141E+38 1.70141E+38 1.70141E+38 1.70141E+38 1.70141E+38 1.70141E+38 1.70141E+38 1.70141E+38 1.70141E+38 1.70141E+38 1.70141E+38 1.70141E+38 1.70141E+38 1.70141E+38 1.70141E+38 1.70141E+38 1.70141E+38 1.70141E+38 1.70141E+38 1.70141E+38 1.70141E+38 1.70141E+38 1.70141E+38 1.70141E+38 1.70141E+38 1.70141E+38 1.70141E+38 1.70141E+38 1.70141E+38 1.70141E+38 1.70141E+38 1.70141E+38 1.70141E+38 1.70141E+38 1.70141E+38 1.70141E+38 1.70141E+38 1.70141E+38 1.70141E+38 1.70141E+38 1.70141E+38 1.70141E+38 1.70141E+38 1.70141E+38 1.70141E+38 1.70141E+38 1.70141E+38 1.70141E+38 1.70141E+38 1.70141E+38 1.70141E+38 1.70141E+38 1.70141E+38 1.70141E+38 1.70141E+38 1.70141E+38 1.70141E+38
1.70141E+38 1.70141E+38 1.70141E+38 1.70141E+38 1.70141E+38 1.70141E+38 1.70141E+38 1.70141E+38 1.70141E+38 1.70141E+38 1.70141E+38 1.70141E+38 1.70141E+38 1.70141E+38 1.70141E+38 1.70141E+38 1.70141E+38 1.70141E+38 1.70141E+38 1.70141E+38 1.70141E+38 1.70141E+38 1.70141E+38 1.70141E+38 1.70141E+38 1.70141E+38 1.70141E+38 1.70141E+38 1.70141E+38 1.70141E+38 1.70141E+38 1.70141E+38 1.70141E+38 1.70141E+38 1.70141E+38 1.70141E+38 1.70141E+38 1.70141E+38 1.70141E+38 1.70141E+38 1.70141E+38 1.70141E+38 1.70141E+38 1.70141E+38 1.70141E+38 1.70141E+38 1.70141E+38 1.70141E+38 1.70141E+38 1.70141E+38 1.70141E+38 1.70141E+38 1.70141E+38 1.70141E+38 1.70141E+38 1.70141E+38 1.70141E+38 1.70141E+38 1.70141E+38 1.70141E+38 1.70141E+38 1.70141E+38
1.70141E+38 1.70141E+38 1.70141E+38 1.70141E+38 1.70141E+38 1.70141E+38 1.70141E+38 1.70141E+38 1.70141E+38 1.70141E+38 1.70141E+38 1.70141E+38 1.70141E+38 1.70141E+38 1.70141E+38 1.70141E+38 1.70141E+38 1.70141E+38 1.70141E+38 1.70141E+38 1.70141E+38 1.70141E+38 1.70141E+38 1.70141E+38 1.70141E+38 1.70141E+38 1.70141E+38 1.70141E+38 1.70141E+38 1.70141E+38 1.70141E+38 1.70141E+38 1.70141E+38 1.70141E+38 1.70141E+38 1.70141E+38 1.70141E+38 1.70141E+38 1.70141E+38 1.70141E+38 1.70141E+38 1.70141E+38 1.70141E+38 1.70141E+38 1.70141E+38 1.70141E+38 1.70141E+38 1.70141E+38 1.70141E+38 1.70141E+38 1.70141E+38 1.70141E+38 1.70141E+38 1.70141E+38 1.70141E+38 1.70141E+38 1.70141E+38 1.70141E+38 1.70141E+38 1.70141E+38 1.70141E+38 1.70141E+38
1.70141E+38 1.70141E+38 1.70141E+38 1.70141E+38 1.70141E+38 1.70141E+38 1.70141E+38 1.70141E+38 1.70141E+38 1.70141E+38 1.70141E+38 1.70141E+38 1.70141E+38 1.70141E+38 1.70141E+38 1.70141E+38 1.70141E+38 1.70141E+38 1.70141E+38 1.70141E+38 1.70141E+38 1.70141E+38 1.70141E+38 1.70141E+38 1.70141E+38 1.70141E+38 1.70141E+38 1.70141E+38 1.70141E+38 1.70141E+38 1.70141E+38 1.70141E+38 1.70141E+38 1.70141E+38 1.70141E+38 1.70141E+38 1.70141E+38 1.70141E+38 1.70141E+38 1.70141E+38 1.70141E+38 1.70141E+38 1.70141E+38 1.70141E+38 1.70141E+38 1.70141E+38 1.70141E+38 1.70141E+38 1.70141E+38 1.70141E+38 1.70141E+38 1.70141E+38 1.70141E+38 1.70141E+38 1.70141E+38 1.70141E+38 1.70141E+38 1.70141E+38 1.70141E+38 1.70141E+38 1.70141E+38 1.70141E+38
