py_wake/examples/data/AJ_ParqueFicticio/Ridge area   Sector 5   Height 200m   Flow inclination.grd
DSAA
90  129
 262878   265103
 6504214   6507414
-14.33182   21.02349
[rows 54 to 80 of 129, columns 0 to 59 of 90]
.7514232 2.473485 4.005603 5.363541 5.890479 5.820353 5.109128 4.039327 2.819516 1.450801 -.0931068 -1.572565 -2.995864 -4.401492 -5.723979 -6.829182 -7.538321 -7.953239 -8.048224 -8.010089 -8.512609 -9.500832 -10.46215 -11.19143 -11.64943 -11.90211 -12.04534 -12.07373 -12.0185 -11.81133 -11.53736 -11.27107 -10.99661 -10.68034 -10.39126 -10.09865 -9.768286 -9.427333 -9.03746 -8.511775 -7.732401 -6.593626 -5.153464 -3.497903 -1.308948 1.302733 3.980764 6.465153 8.874499 11.00424 12.86083 14.52482 15.53394 15.88895 15.73794 14.79477 13.46334 11.98577 10.35455 8.642118
-.1605951 1.57391 3.208629 4.719579 5.760867 5.927162 5.390045 4.480294 3.338799 2.068827 .6822692 -.5178385 -1.476912 -2.44823 -3.503922 -4.58603 -5.572903 -6.287933 -6.656227 -6.793966 -7.188056 -8.010214 -8.932035 -9.679667 -10.28548 -10.59305 -10.74029 -10.80032 -10.75491 -10.52512 -10.29037 -10.01305 -9.743473 -9.527542 -9.335913 -9.135554 -8.879027 -8.613887 -8.321563 -7.907143 -7.245374 -6.230654 -4.930636 -3.383063 -1.225679 1.052828 3.543874 5.921362 8.2193 10.51191 12.44576 14.02696 15.03373 15.36517 15.20084 14.35088 13.03667 11.58387 10.02534 8.434553
-1.068099 .6212601 2.278007 3.94905 5.269036 5.724015 5.468582 4.794296 3.76372 2.573692 1.223435 .1550009 -.5069366 -1.018176 -1.723127 -2.609966 -3.64657 -4.571163 -5.22798 -5.644534 -6.241109 -7.057085 -7.823527 -8.559834 -9.099463 -9.404653 -9.568074 -9.632161 -9.640424 -9.408959 -9.155501 -8.86927 -8.582154 -8.364943 -8.184347 -8.02548 -7.872546 -7.697987 -7.506776 -7.184578 -6.596369 -5.695662 -4.532109 -3.053307 -1.093676 .9351751 3.22648 5.519321 7.636993 9.816421 11.9123 13.53149 14.5692 14.93659 14.80927 14.04912 12.77558 11.35952 9.901243 8.453734
-1.989066 -.3261439 1.349895 3.032785 4.330196 5.193377 5.205719 4.624286 3.654659 2.619952 1.500634 .5416965 -.09267145 -.366741 -.7132953 -1.185213 -1.876701 -2.719197 -3.506278 -4.26359 -5.14905 -6.051268 -6.806799 -7.478342 -8.022955 -8.357727 -8.549685 -8.636272 -8.669366 -8.527876 -8.260956 -7.956911 -7.670246 -7.424181 -7.217861 -7.05298 -6.901436 -6.764219 -6.617928 -6.374979 -5.869937 -5.070675 -4.003127 -2.61063 -.9484884 .9110139 3.005574 5.177577 7.15617 9.118997 11.09212 12.80492 13.93682 14.42494 14.3829 13.789 12.67443 11.33785 9.983777 8.659569
-2.869003 -1.232698 .5175603 2.264332 3.5477 4.445868 4.63881 4.384789 3.57028 2.53207 1.425968 .5860772 .04995377 -.07101275 -.2537794 -.548389 -1.012694 -1.651736 -2.268179 -3.108783 -4.101243 -5.018414 -5.798323 -6.484816 -7.057768 -7.448514 -7.686449 -7.830259 -7.911556 -7.91539 -7.698194 -7.399661 -7.091906 -6.824112 -6.617001 -6.425371 -6.253105 -6.092564 -5.912052 -5.657567 -5.232062 -4.535752 -3.518634 -2.30419 -.8336257 .9032175 2.829735 4.872643 6.714966 8.564436 10.22827 11.86718 13.10336 13.71283 13.82647 13.43638 12.59968 11.48822 10.2928 9.121231
-3.556886 -1.982662 -.2511265 1.456628 2.792324 3.710658 3.990846 3.849248 3.206085 2.266736 1.216061 .4518263 .02834152 -.01301885 -.00633192 -.08963685 -.3218269 -.7203429 -1.298489 -2.130948 -3.078224 -3.954822 -4.811781 -5.568331 -6.186194 -6.646492 -6.96459 -7.203351 -7.357021 -7.446761 -7.448699 -7.201218 -6.87853 -6.605803 -6.406726 -6.195646 -6.022636 -5.864512 -5.653036 -5.37842 -4.960783 -4.266101 -3.361888 -2.301083 -.9629593 .7330033 2.518716 4.409393 6.16568 7.979365 9.487712 10.87466 12.10445 12.90576 13.21055 13.07421 12.4864 11.66136 10.73997 9.754589
-4.191278 -2.766625 -1.154892 .4692003 1.824731 2.751612 3.152646 3.106757 2.645992 1.872594 .8860233 .07133698 -.3120725 -.3129711 -.2138164 -.2232169 -.281353 -.4404587 -.7799459 -1.385037 -2.278851 -3.13479 -3.99638 -4.812401 -5.466946 -5.994136 -6.400063 -6.727 -6.959663 -7.138504 -7.237935 -7.232095 -6.970767 -6.735302 -6.555726 -6.354277 -6.191752 -6.017525 -5.768256 -5.477934 -5.018563 -4.309171 -3.516467 -2.558549 -1.323746 .3428811 1.949232 3.606912 5.295037 7.187953 8.713456 10.00326 11.11577 12.05961 12.60124 12.73083 12.43981 11.88258 11.23956 10.50179
-4.847022 -3.577452 -2.138059 -.6354955 .6541692 1.496508 1.890619 1.908404 1.59392 1.001814 .2020231 -.4833793 -.9188235 -1.089453 -.9921935 -.8937669 -.7889004 -.7396887 -.8366458 -1.191512 -1.866843 -2.599803 -3.39462 -4.215177 -4.906312 -5.474463 -5.957653 -6.405766 -6.739697 -7.003645 -7.204076 -7.280596 -7.20273 -7.06876 -6.895269 -6.712766 -6.566412 -6.365904 -6.112572 -5.803314 -5.293445 -4.586547 -3.858138 -2.966344 -1.783545 -.1423118 1.261648 2.696306 4.225002 6.085889 7.809 9.184655 10.27609 11.2466 12.02822 12.48134 12.518 12.2253 11.80856 11.29804
-5.621484 -4.468935 -3.064769 -1.571052 -.2919075 .5765797 1.037685 1.132319 .8758368 .3095255 -.54683 -1.4132 -1.892776 -2.066518 -1.93341 -1.719059 -1.562242 -1.477 -1.550628 -1.710031 -2.082315 -2.690368 -3.335635 -4.047178 -4.667898 -5.258445 -5.79418 -6.279883 -6.68713 -7.009769 -7.267786 -7.398149 -7.420141 -7.416035 -7.308679 -7.190162 -7.061165 -6.855143 -6.616891 -6.289392 -5.754655 -5.072984 -4.335004 -3.423369 -2.174376 -.5823542 .6876845 1.955376 3.278821 4.917549 6.732152 8.322185 9.555258 10.58329 11.52439 12.32436 12.68665 12.64618 12.4413 12.17179
-6.645128 -5.644053 -4.3644 -3.107827 -2.1505 -1.482458 -1.106436 -.9965169 -1.155419 -1.53785 -2.084684 -2.674031 -3.096106 -3.30138 -3.204647 -2.997614 -2.960287 -2.894093 -2.868383 -2.826941 -3.04316 -3.459899 -4.012378 -4.532694 -4.97841 -5.493759 -5.992327 -6.445757 -6.845366 -7.193443 -7.456432 -7.610191 -7.705491 -7.750544 -7.71349 -7.658573 -7.562289 -7.40019 -7.19708 -6.878568 -6.353846 -5.70791 -4.971412 -4.045105 -2.660403 -1.120887 .1077828 1.277119 2.454616 3.847066 5.53072 7.359905 8.827698 9.960454 11.00555 12.11785 12.83936 13.04905 13.01297 12.92666
-7.84224 -6.9678 -5.709137 -4.440055 -3.479362 -2.790411 -2.39099 -2.268816 -2.426892 -2.801541 -3.330838 -3.925734 -4.44616 -4.760156 -4.791723 -4.591584 -4.447105 -4.364532 -4.414014 -4.358975 -4.492328 -4.721621 -5.097829 -5.471786 -5.749181 -6.102415 -6.490519 -6.852345 -7.209032 -7.532773 -7.771525 -7.936816 -8.081484 -8.148951 -8.152372 -8.167897 -8.117015 -8.023201 -7.883437 -7.605653 -7.090765 -6.457273 -5.74296 -4.836641 -3.400676 -1.785385 -.5062432 .6460994 1.740983 2.973234 4.440478 6.353199 8.062835 9.340294 10.46666 11.73709 12.89728 13.31372 13.49617 13.57544
-9.078307 -8.295651 -7.089529 -5.808883 -4.854309 -4.165698 -3.735063 -3.595912 -3.774529 -4.189048 -4.741573 -5.359886 -5.967897 -6.353338 -6.407209 -6.196484 -6.037153 -5.985457 -6.063955 -6.005537 -5.983592 -6.062103 -6.325919 -6.5697 -6.708149 -6.898122 -7.175316 -7.440005 -7.743202 -8.025172 -8.237464 -8.403263 -8.561211 -8.662907 -8.694843 -8.724416 -8.72167 -8.715779 -8.636884 -8.403685 -7.931507 -7.293013 -6.585714 -5.707554 -4.40806 -2.672457 -1.223063 .006196228 1.108666 2.267375 3.582381 5.437636 7.305155 8.728168 9.932141 11.24741 12.8686 13.42522 13.83218 14.0526
-10.10245 -9.403904 -8.409492 -7.087065 -6.109475 -5.422142 -4.96476 -4.80471 -5.004092 -5.487819 -6.098759 -6.767656 -7.449163 -7.891816 -7.983677 -7.713865 -7.564936 -7.50666 -7.557805 -7.491846 -7.41997 -7.430555 -7.58191 -7.710857 -7.776076 -7.87246 -8.035617 -8.194228 -8.415804 -8.628373 -8.770961 -8.90209 -9.034626 -9.154902 -9.206188 -9.228797 -9.281169 -9.375483 -9.381731 -9.203718 -8.818082 -8.17099 -7.416183 -6.53763 -5.3945 -3.70123 -2.017296 -.6492229 .5414844 1.704061 2.970193 4.743192 6.687634 8.188498 9.441711 10.74391 12.68392 13.37207 13.99667 14.34811
-10.94293 -10.31993 -9.53228 -8.455856 -7.398638 -6.628658 -6.094534 -5.89213 -6.077308 -6.614452 -7.282063 -8.016954 -8.78617 -9.283553 -9.455562 -9.131498 -8.928166 -8.888425 -8.944985 -8.871467 -8.719572 -8.714437 -8.791171 -8.843128 -8.853672 -8.936625 -9.060813 -9.138694 -9.315252 -9.462296 -9.499698 -9.535251 -9.642904 -9.785427 -9.815399 -9.771841 -9.849482 -10.0039 -10.08237 -9.965784 -9.644644 -9.078439 -8.275459 -7.370361 -6.284447 -4.774965 -2.962689 -1.35485 -.02313627 1.218772 2.502968 4.247931 6.229933 7.750395 9.01719 10.28634 12.37161 13.15554 13.96163 14.44341
-11.55882 -10.9813 -10.28908 -9.487422 -8.702545 -7.978761 -7.392739 -7.134339 -7.276176 -7.830011 -8.529716 -9.285618 -10.08567 -10.60248 -10.84366 -10.6826 -10.30458 -10.17833 -10.21211 -10.17724 -9.955653 -9.886889 -9.931577 -9.951759 -9.900587 -9.953312 -10.06188 -10.14264 -10.28912 -10.40003 -10.41147 -10.32078 -10.34914 -10.499 -10.54797 -10.4832 -10.53431 -10.69446 -10.82599 -10.7742 -10.46445 -9.967213 -9.180264 -8.151784 -7.058466 -5.706209 -3.967987 -2.146505 -.5904894 .765079 2.111863 3.859632 5.865674 7.395784 8.655478 9.90002 11.98267 12.80543 13.69467 14.27992
-11.91796 -11.42176 -10.77693 -10.13652 -9.614349 -9.107738 -8.596975 -8.258641 -8.318233 -8.772564 -9.4684 -10.243 -11.10684 -11.73101 -12.07059 -12.06368 -11.76234 -11.5238 -11.40837 -11.35342 -11.20435 -11.01215 -10.96891 -10.97768 -10.92102 -10.87564 -10.93197 -11.09545 -11.23874 -11.30565 -11.34398 -11.24865 -11.1888 -11.29485 -11.40284 -11.42231 -11.44801 -11.5535 -11.63447 -11.59721 -11.3029 -10.82836 -10.11507 -8.969138 -7.738543 -6.436073 -4.860231 -2.954106 -1.151355 .3546911 1.79567 3.574502 5.612797 7.178267 8.455378 9.782238 11.7371 12.61343 13.45672 14.03545
-12.11781 -11.64749 -10.99836 -10.39786 -9.993397 -9.604459 -9.217364 -8.961054 -9.079072 -9.535273 -10.23179 -11.00979 -11.92387 -12.60646 -13.01023 -13.09691 -12.92953 -12.77374 -12.57238 -12.37832 -12.25961 -12.04659 -11.86963 -11.82027 -11.75838 -11.73436 -11.7179 -11.88262 -12.02615 -12.14238 -12.15751 -12.09133 -12.01572 -12.07206 -12.17402 -12.2923 -12.39394 -12.52353 -12.56689 -12.38043 -12.06003 -11.57975 -10.85213 -9.739997 -8.228906 -6.939505 -5.50174 -3.704656 -1.767207 -.05529885 1.462823 3.284627 5.3449 6.985541 8.329372 9.827597 11.51277 12.46134 13.27413 13.85063
-12.19769 -11.72359 -11.02273 -10.3474 -9.941377 -9.688299 -9.472795 -9.360008 -9.531789 -10.0328 -10.7258 -11.49952 -12.4739 -13.17981 -13.59373 -13.70166 -13.70549 -13.62332 -13.47508 -13.28425 -13.07438 -12.84165 -12.64991 -12.5637 -12.4517 -12.43391 -12.43949 -12.57186 -12.68068 -12.79298 -12.81114 -12.74015 -12.66733 -12.6851 -12.7588 -12.90571 -13.02715 -13.25785 -13.42581 -13.16375 -12.61316 -12.10093 -11.38468 -10.32987 -8.67084 -7.177553 -5.777791 -4.13934 -2.193676 -.3412355 1.252309 3.044131 5.017919 6.702069 8.161669 9.830586 11.26776 12.30966 13.09866 13.6486
-12.12893 -11.7019 -11.01832 -10.26811 -9.815889 -9.625486 -9.553094 -9.572494 -9.820634 -10.32909 -11.01659 -11.76647 -12.74156 -13.48671 -13.91313 -14.07846 -14.14331 -14.13111 -14.0435 -13.92252 -13.71539 -13.43666 -13.20936 -13.13773 -13.05158 -13.00639 -12.98544 -13.0804 -13.19257 -13.29604 -13.30767 -13.23328 -13.16504 -13.15695 -13.24024 -13.36834 -13.382 -13.55205 -13.76745 -13.57666 -12.91044 -12.27068 -11.53425 -10.4727 -8.871044 -7.089872 -5.726824 -4.198241 -2.417839 -.5856892 1.011071 2.736393 4.578362 6.282177 7.896256 9.603415 10.92294 12.06322 12.85399 13.40514
-11.88811 -11.43795 -10.8309 -10.10791 -9.684165 -9.547108 -9.592876 -9.713626 -10.01365 -10.45651 -11.05109 -11.73759 -12.64202 -13.4331 -13.94745 -14.1703 -14.32005 -14.33182 -14.30268 -14.21756 -14.0137 -13.79697 -13.58978 -13.50992 -13.46317 -13.43364 -13.39061 -13.44345 -13.52629 -13.6344 -13.67855 -13.67795 -13.58352 -13.48096 -13.52066 -13.57555 -13.49033 -13.51606 -13.55856 -13.40905 -12.76407 -12.05308 -11.25735 -10.17675 -8.668886 -6.69684 -5.36272 -3.875806 -2.247055 -.5203657 1.018617 2.63308 4.328817 5.975914 7.641404 9.227667 10.53454 11.69847 12.51135 13.10122
-11.42599 -10.95275 -10.37204 -9.810522 -9.506857 -9.477173 -9.614973 -9.860583 -10.10878 -10.40816 -10.85609 -11.44517 -12.19646 -12.91197 -13.37766 -13.7208 -13.96413 -14.06252 -14.09867 -13.97919 -13.67658 -13.49201 -13.41341 -13.35898 -13.31923 -13.33154 -13.40182 -13.54556 -13.72342 -13.89889 -13.97717 -14.08389 -14.01572 -13.77083 -13.6635 -13.58892 -13.42961 -13.28418 -13.15765 -12.9524 -12.34813 -11.63513 -10.76806 -9.640159 -8.160443 -6.091216 -4.766275 -3.280091 -1.750497 -.1754057 1.234138 2.700295 4.252179 5.813255 7.348309 8.747243 10.04502 11.13447 11.97349 12.63252
-10.7988 -10.30259 -9.812796 -9.438797 -9.273058 -9.368796 -9.653914 -10.0747 -10.13349 -10.17185 -10.34705 -10.75941 -11.43957 -12.24702 -12.60921 -12.86381 -13.22628 -13.4515 -13.45175 -13.27004 -12.91215 -12.71477 -12.72272 -12.8394 -12.88837 -12.86279 -12.97275 -13.25765 -13.64708 -13.89972 -14.00916 -14.24391 -14.2957 -13.92169 -13.59035 -13.31361 -13.02363 -12.74283 -12.53345 -12.24286 -11.62233 -10.88874 -9.987944 -8.872953 -7.41914 -5.340456 -4.019376 -2.519548 -1.051191 .3775147 1.652185 2.963701 4.366351 5.765358 7.024504 8.216702 9.453838 10.39856 11.19519 11.89263
-10.19292 -9.702259 -9.376694 -9.147418 -9.103993 -9.276212 -9.681742 -10.19909 -10.02404 -9.858027 -9.786534 -9.984397 -10.45444 -11.17972 -11.46558 -11.65703 -12.01696 -12.35398 -12.38688 -12.19869 -11.92253 -11.77805 -11.80207 -11.96384 -12.1258 -12.13879 -12.27304 -12.5746 -13.02853 -13.37788 -13.51348 -13.7408 -13.86094 -13.50618 -13.10245 -12.7031 -12.3112 -11.91965 -11.62956 -11.24548 -10.63588 -9.891868 -8.976436 -7.908182 -6.473612 -4.482273 -3.159314 -1.6454 -.2152333 1.113581 2.291374 3.45871 4.654195 5.774708 6.727636 7.678751 8.688711 9.498184 10.22618 10.94189
-9.685606 -9.343308 -9.222195 -9.110504 -9.187387 -9.379433 -9.714334 -9.907403 -9.582865 -9.275592 -9.021178 -8.98097 -9.137486 -9.476954 -9.723991 -9.912064 -10.18162 -10.52705 -10.75748 -10.79586 -10.68778 -10.62692 -10.66278 -10.78288 -10.9438 -11.06299 -11.27486 -11.59336 -11.98083 -12.30624 -12.52447 -12.73714 -12.82624 -12.63866 -12.29983 -11.90883 -11.487 -11.04167 -10.63751 -10.16238 -9.56274 -8.76782 -7.848236 -6.817347 -5.385583 -3.592423 -2.237839 -.7068679 .7143059 2.040633 3.207393 4.225774 5.12498 5.911734 6.578417 7.23313 7.922391 8.549143 9.159166 9.849108
-9.143756 -9.069743 -9.215028 -9.164156 -9.177182 -9.26874 -9.471103 -9.349013 -8.909451 -8.499131 -8.121773 -7.816267 -7.701025 -7.763838 -7.863411 -8.045856 -8.213946 -8.539186 -8.853504 -9.093938 -9.204659 -9.291753 -9.399772 -9.503442 -9.624356 -9.8179 -10.12523 -10.45108 -10.78145 -11.10682 -11.40319 -11.63983 -11.74363 -11.66566 -11.38844 -11.04443 -10.66106 -10.24138 -9.75322 -9.208002 -8.572239 -7.716132 -6.786631 -5.692736 -4.20968 -2.68833 -1.287697 .2525254 1.694483 3.170794 4.43077 5.292066 5.889961 6.360373 6.717501 7.014812 7.352861 7.756148 8.183146 8.730968
-8.593672 -8.683763 -8.961572 -8.816113 -8.636378 -8.569881 -8.634012 -8.411528 -7.983752 -7.553555 -7.113102 -6.692782 -6.461624 -6.319909 -6.348267 -6.474457 -6.610046 -6.91085 -7.187256 -7.461367 -7.699628 -7.917409 -8.135697 -8.292877 -8.432333 -8.625772 -8.938479 -9.250661 -9.572443 -9.912531 -10.2632 -10.53776 -10.75097 -10.7734 -10.57786 -10.30491 -9.986789 -9.595351 -9.043308 -8.44764 -7.699333 -6.821674 -5.856485 -4.687181 -3.183328 -1.8442 -.3873361 1.162816 2.703068 4.445204 5.706106 6.53113 6.952894 7.141038 7.19027 7.149188 7.124106 7.215063 7.372208 7.671134
-8.044991 -8.044848 -8.079865 -7.836627 -7.595699 -7.428309 -7.356122 -7.2273 -6.9658 -6.655859 -6.313074 -5.892524 -5.65638 -5.419085 -5.435076 -5.585546 -5.67021 -5.930956 -6.137187 -6.312649 -6.614157 -6.891222 -7.184113 -7.392499 -7.561858 -7.717089 -7.959545 -8.223444 -8.48777 -8.799253 -9.153255 -9.476377 -9.776818 -9.925314 -9.871361 -9.697943 -9.446635 -9.082656 -8.497844 -7.81682 -6.979039 -6.060472 -4.966796 -3.730786 -2.373753 -1.083868 .402218 1.962485 3.713481 5.618088 6.897607 7.829762 8.217332 8.23156 8.002454 7.625028 7.25419 7.014415 6.85848 6.837939
