py_wake/examples/data/AJ_ParqueFicticio/Ridge area   Sector 1   Height 30m   Power density.grd
DSAA
90  129
 262878   265103
 6504214   6507414
 .06721084   186.2864
[rows 27 to 53 of 129, columns 0 to 61 of 90]
14.75115 14.24736 14.29924 14.63889 15.36141 16.48392 17.89764 19.31477 20.6369 21.58726 21.95055 21.73898 21.15262 20.52306 20.23429 20.36959 20.83249 21.35927 21.57311 21.473 21.46693 21.44485 21.25073 21.26664 21.28612 21.68304 22.49765 23.91874 26.33491 29.14439 32.47985 36.33206 40.4865 44.87365 48.46332 51.76101 54.51402 56.64896 58.81474 59.97199 59.48463 58.39331 57.09226 55.76796 54.09861 52.01776 49.85452 46.79818 43.22215 39.23481 34.57842 30.19875 26.18928 22.09476 18.07117 14.32718 10.95041 3.773731 2.890847 2.196053 1.658223 1.304111
13.74708 13.33041 13.45718 13.91701 14.8747 16.37647 18.17059 20.0319 21.7103 22.81398 23.21148 22.9438 22.08244 21.05021 20.23821 19.86703 19.88331 19.99893 19.89649 19.52462 19.07852 18.5754 17.94916 17.59002 17.26292 17.15551 17.49968 18.35771 20.05313 22.42427 25.16191 28.38158 32.25581 36.51697 40.4663 44.06239 47.36069 50.04526 52.85715 55.11665 56.04678 56.3167 56.04416 55.03336 53.00181 50.63586 48.34578 45.23714 41.42089 37.45209 32.82988 28.51034 24.72386 20.94348 17.33595 14.06047 10.81367 8.017039 2.712595 2.040991 1.524661 1.22303
12.75013 12.39236 12.55007 13.04635 14.17119 15.88218 18.00195 20.35894 22.55934 24.06851 24.52263 23.98222 22.96378 21.83358 20.81549 20.16724 19.77107 19.41443 18.90653 18.16351 17.37466 16.44371 15.40219 14.67742 14.04271 13.44431 13.41756 13.9406 15.12868 16.86393 18.93624 21.49632 24.66886 28.57706 32.68989 36.38235 40.02505 43.34863 46.81168 50.13397 52.47841 54.24957 55.35328 55.0939 52.91895 50.0603 47.23982 43.94978 39.92295 35.7833 31.06754 26.79778 23.2939 19.8714 16.65487 13.76085 10.68571 7.847734 2.555904 1.901721 1.422181 1.170622
11.62347 11.33875 11.51471 12.04459 13.24377 15.05715 17.25675 19.84463 22.50263 24.51142 25.05205 24.5169 23.57924 22.6093 21.76856 21.04757 20.44567 19.75933 18.81548 17.75849 16.84078 15.53913 14.20216 13.3209 12.38793 11.42187 11.16597 11.51134 12.22064 13.3293 14.80835 16.52934 18.6274 21.92582 25.93782 29.72077 33.40477 37.19075 41.31874 45.55411 49.2457 52.70802 55.40186 55.89177 54.13823 50.94843 47.12165 43.32513 38.8276 34.31384 29.5887 25.53749 22.42735 19.32856 16.28395 13.56738 10.86235 8.043165 2.504306 1.846513 1.378518 1.17196
10.26842 10.02511 10.18285 10.72037 11.89856 13.71476 15.93294 18.45123 20.9871 23.10879 23.97244 24.03771 23.55232 22.93014 22.40148 21.98167 21.41127 20.65094 19.75495 18.81176 17.74832 16.41728 15.13043 14.1454 13.05598 11.97528 11.47562 11.39024 11.44118 11.85286 12.72347 13.97436 15.68978 18.27496 21.49892 24.96123 28.49988 32.33763 36.74865 41.49115 45.97654 50.41695 53.93841 55.20938 54.34452 51.77108 47.42447 43.02474 38.30061 33.69371 29.19724 25.30233 22.47674 19.75351 16.73713 14.03485 11.73945 9.145464 2.803479 1.965994 1.445506 1.327694
8.946242 8.70645 8.868674 9.400556 10.54212 12.26132 14.32524 16.60865 18.90519 20.89487 22.03493 22.59259 22.70564 22.63349 22.52073 22.38532 22.02202 21.68753 21.25281 20.57124 19.53832 18.47323 17.39552 16.31532 15.17254 14.07888 13.29156 12.72892 12.16835 11.8821 12.20715 13.05444 14.44585 16.271 18.59625 21.45384 24.71583 28.41355 32.81995 37.66974 42.58289 47.54261 51.25015 53.17513 53.19619 51.4117 47.73708 43.05708 38.4164 33.7805 29.46842 25.77764 9.652876 20.8101 17.83141 14.81395 12.8432 10.53521 7.820006 2.265383 1.692301 1.652453
7.670468 7.452773 7.633639 8.173154 9.315632 10.93721 12.89364 14.9506 16.9656 18.79761 20.15091 21.04125 21.63902 21.98795 22.20551 22.32967 22.31837 22.58565 22.85794 22.60214 21.92552 21.11534 20.20399 19.26743 18.10736 16.8836 15.93748 15.20243 14.1812 13.43221 13.1553 13.22465 14.08148 15.30694 16.89297 19.26713 22.20893 25.56801 29.66245 34.30787 39.48074 44.86098 48.66952 50.98021 51.77327 50.50428 47.91402 43.55824 38.92706 34.50512 30.65998 8.097776 24.7936 22.56446 19.93046 16.85877 14.65235 12.20883 9.272947 2.602014 2.306864 2.270297
6.480582 6.321544 6.552129 7.133217 8.303113 9.946972 11.83058 13.83386 15.73624 17.43647 18.93346 20.07836 20.96811 21.57047 21.93866 22.16878 22.52421 23.39312 24.22934 24.65493 24.45538 23.96707 23.48961 22.70502 21.58558 20.52877 19.69525 18.98227 18.19994 17.31739 16.40989 15.92779 16.12745 16.63571 17.80327 19.82921 22.06497 25.09501 28.63283 32.73694 37.90632 43.19924 46.87552 49.44201 50.85498 50.07338 48.42024 44.9956 40.89973 37.07579 33.4015 30.26104 27.55907 25.30157 23.09679 20.46287 17.58307 14.31347 10.86112 6.998685 3.759338 3.375401
5.500645 5.386497 5.636567 6.225541 7.516216 9.268559 11.27244 13.40005 15.40362 17.17527 18.73614 19.96612 20.97003 21.77814 22.27047 22.66669 23.38635 24.47653 25.51189 26.23117 26.68464 26.89606 26.96593 26.64439 26.09761 25.54725 25.04481 24.80078 24.51627 23.66555 22.77499 22.07088 21.61944 21.55295 22.41432 23.63156 25.37825 27.83037 30.66272 33.84565 38.32165 43.03238 46.37903 49.08721 50.96339 50.78564 49.69929 47.47529 43.90938 40.73666 37.8233 34.94937 32.28445 30.05924 27.71778 24.54518 21.17906 17.17994 12.80277 8.552046 5.271441 3.58804
4.782002 4.615692 4.822516 5.390998 6.79837 8.669975 10.84135 13.13969 15.36538 17.32084 18.95193 20.36067 21.6107 22.55477 23.3065 24.02518 24.84141 25.83129 26.95525 27.9602 28.90681 29.80138 30.47791 31.02743 31.44885 31.65755 31.98221 32.46565 32.75737 32.19983 31.3816 30.45622 29.67347 29.28209 29.63799 30.31261 31.3591 32.95833 34.84322 37.21214 40.5615 44.26353 47.24063 50.06041 52.63688 53.02126 52.06283 50.23704 47.92751 45.4587 43.40843 40.95365 38.26906 35.8589 33.2081 29.54302 25.44419 20.62964 15.26877 10.21601 6.470244 4.069755
4.269727 3.965999 4.089346 4.629889 6.105926 8.088392 10.40583 12.8646 15.27017 17.49451 19.4063 21.11831 22.79779 24.0194 25.03675 26.0085 26.81983 27.75477 28.88407 30.11734 31.72889 33.11677 34.51645 35.88265 37.24232 38.53439 39.68764 41.00623 42.27947 42.22375 41.22387 40.20279 39.31937 38.81963 38.52245 38.63635 39.02361 39.60055 40.20274 41.53279 44.11857 47.16068 49.95937 52.75249 55.78221 57.05001 55.82023 53.91142 52.29535 50.57922 48.81138 47.18663 44.69946 41.96146 39.12029 35.22312 30.61235 24.74161 18.06106 12.08569 7.732776 1.49946
4.03209 3.450722 3.458082 3.978164 5.455807 7.439533 9.793669 12.35902 14.90593 17.429 19.74734 22.1357 24.32154 26.06985 27.31291 28.30753 29.39771 30.71184 31.90822 33.5706 35.70609 37.72969 39.52214 41.49564 43.58989 45.67502 47.7645 49.73961 51.64491 52.39704 51.88179 51.13453 50.1105 49.30896 48.55992 48.1576 47.70585 47.30286 47.16277 47.84655 49.75581 52.33882 54.93831 57.33148 59.94309 61.39417 60.36504 58.4904 56.90026 55.65599 54.27917 52.71923 50.41246 47.40306 44.26731 40.25634 35.39656 28.48119 20.82053 14.04122 2.552251 1.910006
3.899392 3.107155 2.989396 3.540445 4.892187 6.766875 9.124679 11.78467 14.52505 17.22834 19.90649 22.84611 25.64433 28.05147 29.79167 31.30459 33.05808 34.8857 36.90611 39.07712 41.25578 43.4968 45.77416 48.24746 50.91559 53.52534 56.28807 58.7061 60.97586 62.54115 62.87404 62.64263 62.05068 61.14062 60.18575 59.02433 58.07883 57.08041 56.24325 56.2709 57.34715 59.16753 60.8422 62.52126 64.31194 65.2262 64.41315 63.36761 62.07668 60.60142 59.49965 57.93277 55.17902 51.61017 48.18861 43.7671 38.53804 31.63726 23.40846 15.75985 3.252706 2.837156
3.922069 2.985144 2.760767 3.254722 4.373773 6.071847 8.321989 10.95579 13.80714 16.77605 19.83591 23.34544 26.74827 29.70771 32.28579 34.92914 37.30775 39.97581 42.92993 45.53105 47.87976 50.14666 52.74701 56.0389 59.28055 62.60379 65.5491 68.38744 71.20736 73.29372 74.46329 74.91145 74.98347 74.07678 73.04633 71.45248 69.65837 68.08253 66.62526 65.79363 65.90203 66.60039 67.33491 68.46358 69.85364 70.40878 69.48657 68.1668 66.78066 65.19145 64.0723 62.78945 59.41283 54.83582 51.00528 46.58421 40.96459 33.9028 25.58806 17.38262 4.714818 7.251379
4.274209 3.109095 2.717628 2.98493 3.848539 5.317859 7.466896 9.986901 12.95286 16.30932 19.96393 23.82232 27.27643 30.96691 34.50597 38.1139 41.68278 45.18225 48.94123 51.99567 54.35829 57.05949 60.25957 64.09834 67.96529 71.72298 75.08045 78.19613 81.10952 83.52977 85.14645 86.1352 86.65269 85.78643 84.72337 83.90815 82.07138 79.34399 76.83495 75.09099 74.37096 74.8658 75.16891 75.25261 75.69807 75.93457 75.0965 72.92929 71.01407 69.41353 67.83878 66.01136 62.64707 57.62913 53.21522 48.78585 42.90858 35.56644 27.23458 18.90493 12.7988 8.948705
5.002987 3.418843 2.708653 2.657442 3.290934 4.496123 6.358722 8.707417 11.63645 15.22972 19.47038 24.15567 28.56179 32.64787 36.57095 40.64583 45.04839 49.25472 53.41309 57.09956 60.36064 63.54397 67.16213 71.07186 74.7614 78.23022 81.61508 84.76068 87.82693 90.38835 91.99875 93.40273 93.7797 93.44781 93.08681 92.81981 90.95257 87.81537 84.94319 82.8238 82.08543 81.78717 80.91808 80.05848 80.00842 79.85548 78.90292 77.3457 74.90115 72.60189 70.17421 67.46554 64.18852 59.33989 54.53531 50.08953 44.5057 37.1054 28.70041 20.76012 15.04967 11.95087
5.945802 3.856533 2.909613 2.475118 2.660742 3.540124 5.096759 7.174591 10.08932 13.74273 18.28122 23.49919 28.62303 33.55659 38.35115 43.28432 48.73235 54.08585 59.30143 63.78756 67.67052 70.78323 74.05402 77.62843 80.86042 83.69382 85.27181 86.5729 89.59985 92.25303 94.04741 95.68674 96.34717 96.90723 97.42085 97.37047 96.36415 94.27536 91.85101 89.82648 88.20636 86.75671 85.47745 84.40154 83.93179 83.27202 81.84105 80.11835 77.86466 74.77528 71.55705 68.1442 64.47528 59.78639 55.00991 50.89764 45.64047 38.86028 30.79611 23.42862 18.94562 16.88685
7.741157 5.117547 3.32418 2.417761 2.28385 2.782027 3.890447 5.579782 8.26622 11.87084 16.35791 21.63801 27.1312 32.58786 38.07461 43.93998 49.7971 55.89302 62.20141 68.00442 72.22402 75.805 79.03932 81.65583 84.22389 85.88976 87.12077 88.02463 88.97891 91.38374 92.94182 94.48374 95.4574 96.65792 97.84009 98.46426 98.65265 98.19756 96.89055 94.92051 92.87518 91.34769 90.14626 89.11041 88.52821 87.20803 84.70722 82.20392 79.8075 76.40987 72.64226 68.71146 64.61137 60.11295 55.44101 51.29124 46.3442 40.38758 33.57154 27.70174 24.57159 23.22403
10.94966 7.230164 4.356943 2.790312 2.23177 2.267061 2.912328 4.204356 6.496833 9.720492 13.89366 18.95798 24.22789 29.63921 35.28865 41.42005 47.30077 53.42241 59.96954 66.1332 70.9039 74.71027 78.02068 80.26753 81.88788 83.02866 83.70811 84.64721 86.02937 86.64294 87.69621 89.04758 90.33163 92.08466 94.17223 95.7019 96.909 97.90083 97.99838 96.99197 95.70033 94.94954 94.63684 93.82703 92.71349 91.08847 87.8769 84.1432 81.0183 77.68893 73.51006 69.31198 64.94054 60.46304 55.78245 51.44686 46.61895 41.50124 36.55449 33.02618 31.49412 30.40308
15.72349 10.15358 5.854362 3.324229 2.25002 1.905748 2.165946 3.031175 4.869685 7.511734 10.86377 14.97499 19.31619 23.93681 29.09146 34.71377 40.18502 45.67231 51.3901 56.6803 61.17218 64.71226 67.72802 69.69443 71.13981 72.43972 73.26653 74.04285 75.16127 76.22633 77.67964 79.32696 81.23751 83.36733 86.15264 88.60348 90.59279 92.65324 94.01928 94.23196 94.27012 94.70882 95.23145 94.7215 93.50947 92.09983 89.80413 86.09998 82.23184 78.64929 74.42079 70.15782 65.62691 61.07403 56.51461 52.28408 47.96301 43.32526 39.70191 38.45883 38.41251 38.06646
21.75808 14.16482 8.537391 4.509162 2.633922 1.905235 1.825628 2.315724 3.627272 5.522484 7.916493 10.82991 13.85476 17.36974 21.21131 25.39184 29.9214 34.55887 39.41402 43.77528 47.34944 50.39551 52.74683 54.53157 56.06389 57.49873 58.58488 59.15879 60.10035 61.7598 64.45208 66.69933 69.45222 72.14484 75.22354 78.64167 81.56379 84.48693 87.08961 88.46317 89.58978 91.08888 92.43898 92.85599 92.70718 91.57846 90.08495 87.88327 84.10805 80.0806 75.72332 71.29745 66.85786 62.38968 58.0958 54.25172 50.38032 46.51538 44.26783 44.7485 46.63809 48.14761
29.15006 20.55407 13.40854 7.636467 4.181557 2.649143 2.115961 2.216599 2.87772 4.020548 5.572124 7.51246 9.369863 11.6491 14.48512 17.62572 20.90217 24.6998 28.84287 32.60984 35.478 37.79959 39.72118 41.09521 41.87811 43.21336 44.62025 45.50833 46.15188 48.2302 51.07886 54.04803 57.04724 60.38592 63.86241 67.9388 72.03124 75.79166 79.60738 82.36395 84.42731 86.85994 88.99961 90.1133 90.91191 90.62861 89.62997 88.76631 86.32876 81.96699 77.32108 72.67359 68.26271 63.7646 59.60579 56.26628 52.72707 49.95614 49.60771 51.63532 55.39165 59.55448
37.54168 28.97277 20.22663 12.61724 7.321527 4.436543 3.067813 2.546482 2.569689 3.092889 4.026405 5.214406 6.249439 7.559895 9.504565 11.56222 14.02345 16.87104 20.13041 23.44921 26.09702 27.99517 29.58875 30.80362 31.48232 31.96868 33.12199 34.35361 35.51902 37.25796 39.55528 42.26743 45.28097 48.99009 52.97795 57.23236 62.17461 67.10038 72.0134 76.1871 79.05917 82.3882 85.4517 87.33502 88.94379 89.66592 89.21088 88.62349 87.59874 83.71049 78.78271 73.90039 69.44717 64.97344 60.6515 57.62429 55.16055 53.66227 54.28629 57.82735 63.69122 70.49902
46.17673 37.98908 28.77133 19.69516 12.46488 7.46602 4.62363 3.174073 2.659422 2.815147 3.401455 4.085482 4.665648 5.344779 6.363663 7.378047 8.95508 10.90826 13.3132 16.09039 18.65355 20.6949 22.27851 23.87382 24.88906 25.36151 26.16381 27.05458 28.04906 29.27037 30.6006 32.70147 35.52564 39.06983 42.95208 47.07418 52.29163 58.4235 64.32965 69.93903 73.79449 78.03104 82.143 84.98953 87.42608 89.05197 89.11533 88.43602 87.51189 84.77146 79.87653 74.9173 70.47097 66.18336 61.91667 59.25182 57.92442 57.66535 59.63797 64.90083 72.90311 81.89695
54.54303 47.57664 38.84277 29.31718 20.03384 12.60974 7.753501 4.813428 3.476957 3.148223 3.359808 3.789721 4.136207 4.305296 4.437078 4.620084 5.275603 6.60795 8.315346 10.46469 12.91048 15.22349 17.33185 19.33323 20.85961 21.55825 21.83607 22.52614 22.71985 23.10605 24.21454 25.7634 28.31577 31.38798 34.47964 37.98374 43.50931 50.16783 56.81507 63.38734 68.53787 73.85485 79.21938 83.29973 86.87527 89.50243 89.70932 88.60577 87.42149 85.47031 81.10188 76.03701 71.60437 67.65525 64.13839 62.14354 61.65569 62.77946 66.24763 73.02853 81.99852 92.08535
62.4814 56.41276 49.10447 40.21136 29.95151 20.40382 12.64348 7.654677 5.002885 3.855131 3.667867 3.978417 4.154705 3.891406 3.385373 2.902734 2.905385 3.738372 5.011647 6.660474 8.874673 11.48116 14.07726 16.52779 18.382 19.10503 19.1556 19.3756 19.16208 18.96095 19.8147 20.94315 23.11365 25.94137 28.71864 31.95948 37.15082 43.60771 50.36903 57.30961 63.69914 70.11397 76.70325 82.27863 87.48568 91.46095 91.78014 90.07752 88.34616 86.44798 82.71229 77.58174 73.24094 69.45638 66.96024 66.19096 66.63603 68.65549 72.77335 80.37819 90.69325 102.3164
69.97934 64.19785 57.61983 49.62609 40.21822 29.69708 19.8252 12.78476 8.10493 5.70611 5.136652 5.192652 4.914485 4.004244 2.999464 2.078044 1.790744 2.281308 3.23 4.646918 6.784544 9.518762 12.58369 15.70852 18.02978 18.90781 18.97242 19.32278 18.80884 18.06013 18.71106 19.48178 21.29142 24.01122 26.8278 30.07206 34.5761 40.16566 46.67348 54.04362 61.25411 68.35453 75.56517 82.24187 88.97126 94.16979 94.94201 93.09164 90.67247 88.34946 85.10634 80.60558 76.52199 73.03568 71.12458 71.1395 72.92691 75.92104 80.55567 88.61279 99.4332 111.7446
