py_wake/examples/data/AJ_ParqueFicticio/Ridge area   Sector 1   Height 200m   Weibull-A.grd
DSAA
90  129
 262878   265103
 6504214   6507414
 .4201423   6.074468
[rows 81 to 107 of 129, columns 0 to 61 of 90]
3.609669 3.63042 3.662487 3.696676 3.735987 3.786989 3.850123 3.926298 4.010113 4.081637 4.14436 4.202628 4.235436 4.249058 4.256255 4.264302 4.272336 4.263814 4.252227 4.241495 4.222832 4.203727 4.166855 4.116778 4.054625 3.994292 3.939792 3.898951 3.878336 3.869101 3.863219 3.87378 3.931376 4.04696 4.200346 4.360522 4.509239 4.651208 4.787862 4.913721 5.010402 5.093313 5.159831 5.18832 5.18914 5.176888 5.146656 5.103996 5.019235 4.888368 4.751496 4.598735 4.445214 4.298655 4.176274 4.087865 4.031708 3.996624 3.984649 3.996972 4.019919 4.047549
3.88898 3.94227 3.994853 4.04418 4.097687 4.151817 4.213035 4.278701 4.334573 4.393534 4.462955 4.524449 4.563167 4.581993 4.587296 4.580821 4.563992 4.558159 4.560659 4.561097 4.536502 4.491736 4.435142 4.384 4.336956 4.293825 4.245887 4.208267 4.189554 4.174806 4.16634 4.17187 4.216823 4.31741 4.4406 4.573419 4.713459 4.852071 4.987708 5.100094 5.18444 5.254042 5.290816 5.29045 5.272542 5.245143 5.20388 5.153961 5.044938 4.910522 4.765437 4.599767 4.431611 4.265529 4.116698 3.99271 3.895042 3.819849 3.784144 3.791377 3.814844 3.847178
4.125618 4.193395 4.263074 4.326209 4.381027 4.443616 4.50491 4.550509 4.59546 4.652368 4.709813 4.756914 4.795717 4.811542 4.797422 4.773296 4.753615 4.74446 4.745793 4.746688 4.711216 4.661013 4.606677 4.562814 4.533288 4.506688 4.472832 4.447071 4.437237 4.422884 4.409144 4.412983 4.454557 4.540259 4.652421 4.770245 4.898947 5.027293 5.151803 5.244994 5.317828 5.370986 5.390322 5.38048 5.351636 5.311544 5.265121 5.204756 5.088688 4.959275 4.812841 4.643716 4.468657 4.296057 4.130048 3.977577 3.8447 3.732866 3.664751 3.639494 3.637442 3.663972
4.354012 4.429247 4.4992 4.556866 4.608135 4.659769 4.703043 4.738225 4.773443 4.812347 4.844198 4.866403 4.878046 4.874781 4.85614 4.830172 4.80761 4.791692 4.777729 4.759428 4.733194 4.694542 4.653658 4.62074 4.601805 4.601588 4.600514 4.598709 4.607847 4.608777 4.609613 4.629885 4.676167 4.755746 4.855489 4.95945 5.063422 5.173561 5.275231 5.350949 5.412942 5.454814 5.46657 5.451651 5.415195 5.370526 5.320911 5.244355 5.131477 5.015177 4.879319 4.726192 4.562588 4.39198 4.21728 4.050692 3.89769 3.759256 3.650834 3.569761 3.526346 3.523855
4.545923 4.616571 4.678037 4.730498 4.77848 4.813734 4.840945 4.865848 4.886322 4.896816 4.893283 4.871839 4.836031 4.800194 4.771609 4.745884 4.719553 4.692956 4.66347 4.639808 4.621831 4.597228 4.57219 4.557176 4.561184 4.59153 4.632718 4.672994 4.715981 4.746642 4.783262 4.828766 4.8892 4.963856 5.05126 5.137004 5.21359 5.299582 5.373152 5.429579 5.476457 5.504547 5.510945 5.497056 5.458716 5.410873 5.352368 5.271276 5.175657 5.075963 4.956715 4.824494 4.677116 4.51466 4.339825 4.170372 4.015433 3.863995 3.718469 3.585616 3.483358 3.418053
4.686903 4.744462 4.795611 4.841052 4.876437 4.893436 4.897652 4.894587 4.885245 4.864352 4.824109 4.767247 4.703245 4.647006 4.602752 4.571397 4.549359 4.522559 4.495596 4.472298 4.451482 4.434729 4.424681 4.435544 4.468341 4.53008 4.613272 4.697572 4.780172 4.850163 4.920989 5.003314 5.075782 5.148237 5.219468 5.278586 5.337744 5.400045 5.448459 5.484766 5.506885 5.508832 5.493535 5.465505 5.419571 5.36718 5.315415 5.259028 5.198331 5.12336 5.027341 4.920042 4.791101 4.640571 4.473798 4.309232 4.161088 4.005657 3.836275 3.669344 3.517408 3.381169
4.760608 4.799826 4.831404 4.85671 4.869018 4.861164 4.839136 4.807265 4.76711 4.718454 4.658677 4.58911 4.516251 4.446622 4.383467 4.340676 4.327734 4.320707 4.310158 4.290651 4.27213 4.258334 4.267746 4.311114 4.37458 4.462526 4.58453 4.703873 4.821552 4.930331 5.032035 5.126541 5.210712 5.287852 5.345791 5.392684 5.439145 5.480826 5.506617 5.519537 5.511652 5.482856 5.439615 5.387265 5.327908 5.283421 5.251665 5.221095 5.189778 5.141559 5.072301 4.989442 4.885771 4.76116 4.616262 4.46451 4.321698 4.175078 4.012476 3.844209 3.681306 3.507777
4.765239 4.784209 4.795574 4.797794 4.784661 4.757222 4.715466 4.660122 4.591325 4.509838 4.427013 4.346038 4.269685 4.195203 4.13777 4.097514 4.076228 4.084424 4.104241 4.110948 4.109634 4.12254 4.152824 4.222667 4.321978 4.434856 4.582989 4.725661 4.863898 4.990975 5.107276 5.210948 5.303441 5.378938 5.431608 5.473321 5.509893 5.534135 5.542072 5.529398 5.492723 5.442287 5.383684 5.319109 5.250971 5.202649 5.172178 5.147057 5.127061 5.104904 5.070349 5.019315 4.951799 4.865897 4.755708 4.628207 4.496942 4.363111 4.21685 4.063916 3.912656 3.740869
4.726978 4.727165 4.720127 4.699693 4.657858 4.603167 4.540031 4.463888 4.373429 4.271032 4.169069 4.0801 4.00425 3.936885 3.887187 3.852059 3.829697 3.860284 3.903768 3.942855 3.96882 4.014581 4.066185 4.162786 4.295014 4.440394 4.594783 4.748575 4.902665 5.042217 5.169949 5.283399 5.380948 5.450906 5.499012 5.535951 5.562714 5.570442 5.557011 5.517742 5.455079 5.38026 5.296402 5.205298 5.1098 5.052893 5.028921 5.018875 5.023349 5.026623 5.029223 5.01901 4.991077 4.940903 4.867337 4.772323 4.663013 4.547459 4.420037 4.280965 4.143697 3.993451
4.647535 4.631615 4.613663 4.575605 4.506687 4.424366 4.336191 4.246325 4.147315 4.047266 3.96192 3.874287 3.784564 3.7116 3.679194 3.677584 3.681894 3.712518 3.767519 3.81127 3.858479 3.933541 4.003177 4.123539 4.287474 4.458379 4.622803 4.786492 4.947328 5.09175 5.223608 5.340997 5.435455 5.496576 5.536318 5.565473 5.581498 5.573865 5.539673 5.475291 5.372998 5.256266 5.149936 5.046587 4.94621 4.891005 4.867587 4.869848 4.891174 4.917681 4.94882 4.977599 4.981939 4.961108 4.918251 4.858462 4.784595 4.700482 4.599686 4.471604 4.336915 4.199744
4.499128 4.469945 4.437317 4.387237 4.309661 4.217694 4.124925 4.037564 3.962341 3.894586 3.826927 3.754792 3.674786 3.610368 3.598755 3.640203 3.674979 3.712935 3.773525 3.823232 3.876812 3.966763 4.043356 4.177694 4.355282 4.522175 4.682971 4.846715 4.998654 5.129583 5.250182 5.353426 5.432879 5.482192 5.509634 5.525017 5.521373 5.493739 5.440248 5.346931 5.229345 5.112735 5.001557 4.884825 4.778901 4.719443 4.694885 4.697465 4.721431 4.770355 4.826796 4.881331 4.90664 4.902897 4.881647 4.854483 4.820884 4.774663 4.709033 4.611337 4.493836 4.367794
4.262627 4.230271 4.182613 4.116401 4.044543 3.9658 3.889827 3.836432 3.795529 3.762489 3.73096 3.697803 3.671664 3.658924 3.683326 3.738104 3.782753 3.841082 3.914369 3.969115 4.032795 4.131815 4.227253 4.357187 4.509447 4.652215 4.79133 4.934497 5.062402 5.167455 5.262033 5.336134 5.388624 5.420767 5.435038 5.433794 5.407008 5.353864 5.277158 5.172654 5.05921 4.938008 4.811253 4.685306 4.588714 4.534245 4.515324 4.524911 4.554469 4.603024 4.659542 4.716131 4.752986 4.763808 4.765475 4.770638 4.775274 4.765151 4.735276 4.685131 4.609214 4.513088
3.994379 3.964129 3.915741 3.856249 3.784682 3.73088 3.683273 3.657087 3.646414 3.659141 3.679886 3.702277 3.729487 3.762416 3.823474 3.889308 3.942147 4.013499 4.090455 4.159492 4.251136 4.346779 4.452768 4.573556 4.692784 4.813106 4.928906 5.040221 5.133582 5.211211 5.278898 5.323741 5.347884 5.355837 5.349154 5.328778 5.279675 5.207254 5.110386 4.991868 4.860336 4.732049 4.599805 4.490016 4.399679 4.34408 4.324533 4.341683 4.375012 4.419893 4.474467 4.531734 4.574833 4.594585 4.613414 4.642765 4.676435 4.704472 4.7202 4.72346 4.696961 4.636077
3.771062 3.736942 3.711662 3.677115 3.641682 3.593336 3.540208 3.529291 3.566828 3.614308 3.671327 3.743673 3.807791 3.875741 3.964464 4.045665 4.119676 4.196268 4.271578 4.357667 4.450069 4.554632 4.661301 4.762153 4.862953 4.957355 5.050093 5.132213 5.193454 5.246246 5.28792 5.309181 5.30619 5.282176 5.247826 5.201486 5.130762 5.043967 4.936777 4.812207 4.679384 4.546194 4.431186 4.323917 4.23162 4.173992 4.152415 4.158859 4.183553 4.225995 4.283509 4.339783 4.381203 4.407315 4.433759 4.47485 4.535241 4.600114 4.658311 4.706014 4.731702 4.720279
3.612397 3.585823 3.57823 3.585126 3.573736 3.547025 3.529591 3.540141 3.60491 3.670262 3.743111 3.841503 3.928902 4.018766 4.120677 4.212852 4.297441 4.377706 4.460822 4.550214 4.647323 4.746929 4.846773 4.939507 5.020696 5.090633 5.154991 5.202372 5.233572 5.257183 5.269676 5.266402 5.24442 5.203567 5.152429 5.087991 5.009001 4.916788 4.805723 4.673696 4.544378 4.428851 4.315788 4.201002 4.095023 4.026708 3.995593 3.993863 4.014716 4.05473 4.107012 4.157601 4.196942 4.22137 4.250827 4.297409 4.374229 4.465137 4.55582 4.63643 4.697185 4.725768
3.493022 3.489741 3.50639 3.537681 3.553644 3.570623 3.592274 3.628284 3.712444 3.791017 3.879215 3.980774 4.081589 4.185753 4.287993 4.383139 4.475042 4.573771 4.669308 4.760115 4.848228 4.938151 5.027259 5.105753 5.166048 5.214723 5.246797 5.257501 5.258359 5.252103 5.234087 5.204872 5.163795 5.108917 5.046202 4.971085 4.88612 4.791047 4.677228 4.5658 4.453757 4.341583 4.224939 4.100433 3.982536 3.898232 3.856555 3.850734 3.865512 3.895848 3.933633 3.980507 4.022533 4.048645 4.076922 4.125805 4.204501 4.301872 4.404937 4.506996 4.593899 4.658637
3.429716 3.447062 3.484493 3.530202 3.574627 3.623525 3.670284 3.735203 3.833232 3.927555 4.029029 4.132914 4.23793 4.351152 4.461764 4.567673 4.669397 4.771406 4.86991 4.959181 5.042876 5.122932 5.193344 5.243013 5.277601 5.302016 5.305882 5.292023 5.267227 5.230979 5.180137 5.12243 5.056906 4.987453 4.915104 4.833659 4.747307 4.65551 4.567774 4.48307 4.38088 4.267039 4.145393 4.015441 3.884137 3.782909 3.727903 3.710968 3.711211 3.735588 3.775838 3.826954 3.859537 3.880839 3.91001 3.956818 4.033724 4.126289 4.237121 4.360116 4.475458 4.573135
3.462141 3.480939 3.521264 3.566795 3.626569 3.692437 3.755079 3.845833 3.95179 4.061633 4.173129 4.287373 4.399458 4.511028 4.622134 4.729543 4.829073 4.925037 5.015785 5.100009 5.175376 5.23809 5.284424 5.311095 5.324559 5.326164 5.31038 5.279977 5.239576 5.184224 5.113889 5.03719 4.953223 4.867674 4.780342 4.690608 4.607295 4.526071 4.470809 4.404759 4.322242 4.21998 4.101366 3.968438 3.828841 3.704763 3.6268 3.591436 3.577145 3.596991 3.634057 3.682161 3.703377 3.719043 3.745878 3.792641 3.859896 3.94577 4.058799 4.205366 4.352797 4.482118
3.563928 3.593087 3.630284 3.667236 3.731007 3.802837 3.876382 3.97783 4.089675 4.200096 4.310011 4.420004 4.529047 4.63355 4.733768 4.830507 4.921182 5.004768 5.080411 5.147821 5.205789 5.250321 5.278749 5.290438 5.288826 5.276689 5.252795 5.216996 5.172554 5.111845 5.0333 4.944085 4.845877 4.743679 4.644143 4.551771 4.474648 4.418482 4.382419 4.34149 4.288281 4.206412 4.0973 3.967652 3.827439 3.691375 3.588549 3.525233 3.490712 3.487183 3.505405 3.539244 3.561414 3.575994 3.601474 3.647627 3.711945 3.790083 3.892804 4.031545 4.189642 4.339697
1.70141E+38 1.70141E+38 1.70141E+38 1.70141E+38 1.70141E+38 1.70141E+38 1.70141E+38 1.70141E+38 1.70141E+38 1.70141E+38 1.70141E+38 1.70141E+38 1.70141E+38 1.70141E+38 1.70141E+38 1.70141E+38 1.70141E+38 1.70141E+38 1.70141E+38 1.70141E+38 1.70141E+38 1.70141E+38 1.70141E+38 1.70141E+38 1.70141E+38 1.70141E+38 1.70141E+38 1.70141E+38 1.70141E+38 1.70141E+38 1.70141E+38 1.70141E+38 1.70141E+38 1.70141E+38 1.70141E+38 1.70141E+38 1.70141E+38 1.70141E+38 1.70141E+38 1.70141E+38 1.70141E+38 1.70141E+38 1.70141E+38 1.70141E+38 1.70141E+38 1.70141E+38 1.70141E+38 1.70141E+38 1.70141E+38 1.70141E+38 1.70141E+38 1.70141E+38 1.70141E+38 1.70141E+38 1.70141E+38 1.70141E+38 1.70141E+38 1.70141E+38 1.70141E+38 1.70141E+38 1.70141E+38 1.70141E+38
1.70141E+38 1.70141E+38 1.70141E+38 1.70141E+38 1.70141E+38 1.70141E+38 1.70141E+38 1.70141E+38 1.70141E+38 1.70141E+38 1.70141E+38 1.70141E+38 1.70141E+38 1.70141E+38 1.70141E+38 1.70141E+38 1.70141E+38 1.70141E+38 1.70141E+38 1.70141E+38 1.70141E+38 1.70141E+38 1.70141E+38 1.70141E+38 1.70141E+38 1.70141E+38 1.70141E+38 1.70141E+38 1.70141E+38 1.70141E+38 1.70141E+38 1.70141E+38 1.70141E+38 1.70141E+38 1.70141E+38 1.70141E+38 1.70141E+38 1.70141E+38 1.70141E+38 1.70141E+38 1.70141E+38 1.70141E+38 1.70141E+38 1.70141E+38 1.70141E+38 1.70141E+38 1.70141E+38 1.70141E+38 1.70141E+38 1.70141E+38 1.70141E+38 1.70141E+38 1.70141E+38 1.70141E+38 1.70141E+38 1.70141E+38 1.70141E+38 1.70141E+38 1.70141E+38 1.70141E+38 1.70141E+38 1.70141E+38
1.70141E+38 1.70141E+38 1.70141E+38 1.70141E+38 1.70141E+38 1.70141E+38 1.70141E+38 1.70141E+38 1.70141E+38 1.70141E+38 1.70141E+38 1.70141E+38 1.70141E+38 1.70141E+38 1.70141E+38 1.70141E+38 1.70141E+38 1.70141E+38 1.70141E+38 1.70141E+38 1.70141E+38 1.70141E+38 1.70141E+38 1.70141E+38 1.70141E+38 1.70141E+38 1.70141E+38 1.70141E+38 1.70141E+38 1.70141E+38 1.70141E+38 1.70141E+38 1.70141E+38 1.70141E+38 1.70141E+38 1.70141E+38 1.70141E+38 1.70141E+38 1.70141E+38 1.70141E+38 1.70141E+38 1.70141E+38 1.70141E+38 1.70141E+38 1.70141E+38 1.70141E+38 1.70141E+38 1.70141E+38 1.70141E+38 1.70141E+38 1.70141E+38 1.70141E+38 1.70141E+38 1.70141E+38 1.70141E+38 1.70141E+38 1.70141E+38 1.70141E+38 1.70141E+38 1.70141E+38 1.70141E+38 1.70141E+38
1.70141E+38 1.70141E+38 1.70141E+38 1.70141E+38 1.70141E+38 1.70141E+38 1.70141E+38 1.70141E+38 1.70141E+38 1.70141E+38 1.70141E+38 1.70141E+38 1.70141E+38 1.70141E+38 1.70141E+38 1.70141E+38 1.70141E+38 1.70141E+38 1.70141E+38 1.70141E+38 1.70141E+38 1.70141E+38 1.70141E+38 1.70141E+38 1.70141E+38 1.70141E+38 1.70141E+38 1.70141E+38 1.70141E+38 1.70141E+38 1.70141E+38 1.70141E+38 1.70141E+38 1.70141E+38 1.70141E+38 1.70141E+38 1.70141E+38 1.70141E+38 1.70141E+38 1.70141E+38 1.70141E+38 1.70141E+38 1.70141E+38 1.70141E+38 1.70141E+38 1.70141E+38 1.70141E+38 1.70141E+38 1.70141E+38 1.70141E+38 1.70141E+38 1.70141E+38 1.70141E+38 1.70141E+38 1.70141E+38 1.70141E+38 1.70141E+38 1.70141E+38 1.70141E+38 1.70141E+38 1.70141E+38 1.70141E+38
1.70141E+38 1.70141E+38 1.70141E+38 1.70141E+38 1.70141E+38 1.70141E+38 1.70141E+38 1.70141E+38 1.70141E+38 1.70141E+38 1.70141E+38 1.70141E+38 1.70141E+38 1.70141E+38 1.70141E+38 1.70141E+38 1.70141E+38 1.70141E+38 1.70141E+38 1.70141E+38 1.70141E+38 1.70141E+38 1.70141E+38 1.70141E+38 1.70141E+38 1.70141E+38 1.70141E+38 1.70141E+38 1.70141E+38 1.70141E+38 1.70141E+38 1.70141E+38 1.70141E+38 1.70141E+38 1.70141E+38 1.70141E+38 1.70141E+38 1.70141E+38 1.70141E+38 1.70141E+38 1.70141E+38 1.70141E+38 1.70141E+38 1.70141E+38 1.70141E+38 1.70141E+38 1.70141E+38 1.70141E+38 1.70141E+38 1.70141E+38 1.70141E+38 1.70141E+38 1.70141E+38 1.70141E+38 1.70141E+38 1.70141E+38 1.70141E+38 1.70141E+38 1.70141E+38 1.70141E+38 1.70141E+38 1.70141E+38
1.70141E+38 1.70141E+38 1.70141E+38 1.70141E+38 1.70141E+38 1.70141E+38 1.70141E+38 1.70141E+38 1.70141E+38 1.70141E+38 1.70141E+38 1.70141E+38 1.70141E+38 1.70141E+38 1.70141E+38 1.70141E+38 1.70141E+38 1.70141E+38 1.70141E+38 1.70141E+38 1.70141E+38 1.70141E+38 1.70141E+38 1.70141E+38 1.70141E+38 1.70141E+38 1.70141E+38 1.70141E+38 1.70141E+38 1.70141E+38 1.70141E+38 1.70141E+38 1.70141E+38 1.70141E+38 1.70141E+38 1.70141E+38 1.70141E+38 1.70141E+38 1.70141E+38 1.70141E+38 1.70141E+38 1.70141E+38 1.70141E+38 1.70141E+38 1.70141E+38 1.70141E+38 1.70141E+38 1.70141E+38 1.70141E+38 1.70141E+38 1.70141E+38 1.70141E+38 1.70141E+38 1.70141E+38 1.70141E+38 1.70141E+38 1.70141E+38 1.70141E+38 1.70141E+38 1.70141E+38 1.70141E+38 1.70141E+38
1.70141E+38 1.70141E+38 1.70141E+38 1.70141E+38 1.70141E+38 1.70141E+38 1.70141E+38 1.70141E+38 1.70141E+38 1.70141E+38 1.70141E+38 1.70141E+38 1.70141E+38 1.70141E+38 1.70141E+38 1.70141E+38 1.70141E+38 1.70141E+38 1.70141E+38 1.70141E+38 1.70141E+38 1.70141E+38 1.70141E+38 1.70141E+38 1.70141E+38 1.70141E+38 1.70141E+38 1.70141E+38 1.70141E+38 1.70141E+38 1.70141E+38 1.70141E+38 1.70141E+38 1.70141E+38 1.70141E+38 1.70141E+38 1.70141E+38 1.70141E+38 1.70141E+38 1.70141E+38 1.70141E+38 1.70141E+38 1.70141E+38 1.70141E+38 1.70141E+38 1.70141E+38 1.70141E+38 1.70141E+38 1.70141E+38 1.70141E+38 1.70141E+38 1.70141E+38 1.70141E+38 1.70141E+38 1.70141E+38 1.70141E+38 1.70141E+38 1.70141E+38 1.70141E+38 1.70141E+38 1.70141E+38 1.70141E+38
1.70141E+38 1.70141E+38 1.70141E+38 1.70141E+38 1.70141E+38 1.70141E+38 1.70141E+38 1.70141E+38 1.70141E+38 1.70141E+38 1.70141E+38 1.70141E+38 1.70141E+38 1.70141E+38 1.70141E+38 1.70141E+38 1.70141E+38 1.70141E+38 1.70141E+38 1.70141E+38 1.70141E+38 1.70141E+38 1.70141E+38 1.70141E+38 1.70141E+38 1.70141E+38 1.70141E+38 1.70141E+38 1.70141E+38 1.70141E+38 1.70141E+38 1.70141E+38 1.70141E+38 1.70141E+38 1.70141E+38 1.70141E+38 1.70141E+38 1.70141E+38 1.70141E+38 1.70141E+38 1.70141E+38 1.70141E+38 1.70141E+38 1.70141E+38 1.70141E+38 1.70141E+38 1.70141E+38 1.70141E+38 1.70141E+38 1.70141E+38 1.70141E+38 1.70141E+38 1.70141E+38 1.70141E+38 1.70141E+38 1.70141E+38 1.70141E+38 1.70141E+38 1.70141E+38 1.70141E+38 1.70141E+38 1.70141E+38
