py_wake/examples/data/AJ_ParqueFicticio/Ridge area   Sector 1   Height 30m   Flow inclination.grd
DSAA
90  129
 262878   265103
 6504214   6507414
-15.66734   16.86704
[rows 54 to 80 of 129, columns 0 to 60 of 90]
-9.728642 -10.43996 -11.08959 -11.65771 -12.00612 -12.25026 -12.42405 -12.44815 -12.37912 -12.26522 -11.93946 -11.11512 -9.702465 -8.119009 -6.650114 -4.602059 -6.794442 -10.61534 -14.07294 -15.23635 -14.35352 -12.86874 -11.34421 -9.997381 -8.932137 -8.229611 -7.718533 -7.236863 -6.876405 -6.546791 -6.180861 -5.829939 -5.473351 -5.108116 -4.742385 -4.368583 -4.019541 -3.709557 -3.424055 -3.201848 -3.109505 -3.157843 -3.312755 -3.544188 -3.832734 -4.248519 -4.814068 -5.451015 -6.094578 -6.651377 -7.150695 -7.678756 -8.150931 -8.50728 -8.972511 -9.354913 -9.60675 -9.744841 -9.630902 -9.071202 -7.958359
-9.277528 -10.03021 -10.72666 -11.35043 -11.84796 -12.17573 -12.33115 -12.34839 -12.26297 -12.05133 -11.59826 -10.84518 -9.855164 -8.703135 -7.529194 -5.956782 -4.923618 -7.384181 -11.36428 -13.52207 -13.51908 -12.63899 -11.55814 -10.49769 -9.569692 -8.911654 -8.40865 -8.003114 -7.673908 -7.383585 -7.115381 -6.838614 -6.577956 -6.31117 -6.017713 -5.681568 -5.311882 -4.960628 -4.618608 -4.303049 -4.05476 -3.901581 -3.860444 -3.89078 -4.008806 -4.270585 -4.708481 -5.239733 -5.810529 -6.461945 -7.025298 -7.522144 -7.939409 -8.196201 -8.544811 -8.784686 -8.862688 -8.750157 -8.389461 -7.632268 -6.452062
-8.816501 -9.528689 -10.21656 -10.91513 -11.58589 -12.00165 -12.22593 -12.27072 -12.15229 -11.86518 -11.36689 -10.62173 -9.781334 -9.053703 -8.400982 -7.94681 -7.799856 -8.41625 -10.05187 -11.80719 -12.4157 -12.09636 -11.47353 -10.6772 -9.906848 -9.317217 -8.868035 -8.514492 -8.238321 -7.998037 -7.768542 -7.54563 -7.342032 -7.155081 -6.92873 -6.641405 -6.317478 -5.977164 -5.630732 -5.262224 -4.907851 -4.612895 -4.399364 -4.2326 -4.190888 -4.348858 -4.66359 -5.101192 -5.588873 -6.170549 -6.815741 -7.350756 -7.727121 -7.935177 -8.165687 -8.265526 -8.127616 -7.764424 -7.179753 -6.305336 -5.114723
-8.242427 -8.950539 -9.642112 -10.374 -11.09506 -11.68793 -12.02637 -12.06644 -11.91526 -11.59917 -11.14877 -10.44099 -9.706061 -9.184302 -8.969254 -8.981225 -9.200171 -9.538399 -10.13548 -11.05818 -11.63818 -11.62442 -11.31421 -10.77275 -10.14589 -9.602703 -9.19501 -8.86855 -8.628672 -8.400734 -8.196902 -8.018478 -7.856671 -7.682378 -7.455915 -7.214673 -6.945342 -6.674034 -6.36675 -5.979479 -5.532011 -5.129694 -4.782606 -4.46526 -4.352302 -4.420289 -4.632288 -4.977512 -5.387129 -5.839198 -6.386373 -6.95169 -7.329147 -7.551855 -7.693469 -7.67787 -7.411492 -6.854356 -6.072883 -5.00531 -3.661134
-7.658255 -8.337818 -9.085233 -9.921052 -10.68194 -11.29342 -11.68249 -11.83646 -11.71228 -11.35983 -10.86869 -10.24751 -9.632727 -9.18977 -9.074841 -9.210434 -9.531476 -9.941889 -10.39291 -10.92374 -11.29753 -11.37103 -11.22426 -10.87181 -10.3903 -9.89141 -9.463256 -9.117847 -8.820768 -8.560674 -8.352402 -8.171696 -8.015221 -7.828325 -7.612019 -7.365208 -7.105612 -6.842203 -6.543043 -6.16999 -5.711485 -5.238831 -4.775723 -4.458752 -4.353815 -4.382178 -4.518772 -4.784343 -5.117274 -5.482473 -5.866709 -6.331651 -6.720591 -6.905229 -6.960712 -6.825474 -6.477767 -5.82376 -4.85595 -3.642062 -2.206503
-7.13117 -7.787594 -8.524529 -9.343796 -10.1134 -10.74923 -11.17618 -11.37116 -11.26427 -10.94952 -10.49816 -9.968505 -9.475574 -9.149377 -9.110715 -9.281714 -9.583563 -9.967854 -10.42544 -10.8544 -11.13623 -11.2409 -11.15287 -10.8772 -10.47077 -10.01283 -9.561583 -9.167122 -8.821925 -8.487072 -8.188358 -7.957036 -7.742746 -7.520654 -7.277002 -7.009649 -6.723497 -6.420192 -6.074677 -5.662413 -5.231122 -4.745234 -4.304857 -4.063308 -3.988389 -4.007767 -4.083656 -4.301349 -4.628316 -4.963016 -5.268651 -5.577589 -5.872201 -6.044617 -6.027014 -5.785673 -5.2914 -4.538613 -3.52371 -2.247449 -.7909958
-6.504864 -7.056448 -7.698612 -8.447328 -9.204823 -9.857805 -10.32905 -10.53061 -10.48372 -10.26085 -9.857497 -9.368596 -8.994538 -8.837358 -8.894537 -9.089394 -9.395734 -9.777149 -10.23577 -10.69826 -10.94191 -11.0292 -11.00256 -10.76196 -10.37851 -9.922583 -9.433456 -8.992695 -8.573988 -8.160347 -7.762258 -7.390457 -7.032506 -6.729261 -6.430018 -6.087135 -5.768991 -5.43997 -5.058507 -4.683026 -4.275833 -3.83515 -3.508347 -3.307603 -3.197293 -3.0955 -3.087714 -3.267024 -3.632331 -4.126488 -4.51119 -4.776757 -4.944155 -5.039547 -4.956725 -4.602484 -3.988976 -3.138678 -2.1026 -.8740213 .554962
-5.618167 -6.085512 -6.63458 -7.283772 -7.971857 -8.554231 -8.956847 -9.139558 -9.149463 -9.018186 -8.736124 -8.414211 -8.106297 -7.974421 -8.115653 -8.438002 -8.841038 -9.283498 -9.768385 -10.24151 -10.53317 -10.64744 -10.65928 -10.44945 -10.01393 -9.489326 -8.946684 -8.390252 -7.857309 -7.34512 -6.863684 -6.389857 -5.940937 -5.597609 -5.232022 -4.870619 -4.53528 -4.159666 -3.783769 -3.441324 -3.074313 -2.755482 -2.535748 -2.366998 -2.196192 -2.037682 -2.009556 -2.164289 -2.528283 -3.099089 -3.652368 -3.972852 -4.050868 -4.015295 -3.871724 -3.473534 -2.805785 -1.906783 -.8351918 .3997938 1.814481
-4.314661 -4.773464 -5.332538 -5.918352 -6.563329 -7.119991 -7.500952 -7.714458 -7.742323 -7.589094 -7.213404 -6.761 -6.531053 -6.618129 -6.90101 -7.368331 -7.829566 -8.283274 -8.733611 -9.180422 -9.551992 -9.649577 -9.665614 -9.46885 -9.067472 -8.510963 -7.931123 -7.38904 -6.808845 -6.216783 -5.691092 -5.122409 -4.617097 -4.177485 -3.741362 -3.344575 -2.979912 -2.642852 -2.338456 -2.023598 -1.731003 -1.524359 -1.399551 -1.327138 -1.209015 -1.136477 -1.174766 -1.330119 -1.639518 -2.124625 -2.720579 -3.114957 -3.195529 -3.093602 -2.906767 -2.508778 -1.8518 -.983436 .06347846 1.273132 2.676194
-2.492128 -2.9149 -3.303486 -3.643306 -3.983633 -4.32358 -4.613564 -4.807406 -4.87452 -4.828453 -4.698771 -4.571106 -4.533874 -4.68954 -5.026705 -5.468307 -5.898895 -6.372374 -6.916531 -7.396478 -7.702483 -7.829474 -7.807806 -7.698664 -7.337362 -6.869129 -6.420732 -5.938155 -5.350447 -4.811471 -4.268221 -3.701291 -3.178709 -2.678199 -2.215004 -1.795989 -1.389643 -1.02673 -.7418926 -.5150834 -.2962845 -.1591772 -.08588245 -.0782759 -.1291348 -.2388665 -.3893963 -.586686 -.8659615 -1.249804 -1.734811 -2.165512 -2.290884 -2.166474 -1.980032 -1.635959 -1.051641 -.2587808 .7202799 1.858843 3.15879
-.2651963 -.6114793 -1.017367 -1.466266 -1.908597 -2.301056 -2.585689 -2.72153 -2.702222 -2.579348 -2.395263 -2.215023 -2.134664 -2.235933 -2.508069 -2.981591 -3.56723 -4.079421 -4.502971 -4.82351 -5.139012 -5.369291 -5.45078 -5.313705 -5.03549 -4.812325 -4.528841 -4.097175 -3.606248 -3.144733 -2.62599 -2.089098 -1.558913 -1.044048 -.569667 -.1150258 .3349867 .7251356 1.014227 1.175485 1.270899 1.321345 1.331132 1.261344 1.000149 .6371367 .3184919 .04115552 -.2279544 -.5241215 -.8629293 -1.192169 -1.328612 -1.201997 -1.028416 -.7322113 -.2396604 .4203945 1.255296 2.232015 3.336344
1.996474 1.714616 1.286931 .7653411 .3181932 -.05645773 -.2970662 -.3490289 -.2151756 .01746505 .2733268 .4827185 .5724611 .4622481 .1124498 -.4432332 -1.01623 -1.47057 -1.791496 -2.065717 -2.456683 -2.773141 -2.866983 -2.7484 -2.660099 -2.603717 -2.421793 -2.068453 -1.719264 -1.316558 -.8495911 -.3634046 .1656679 .6868482 1.149179 1.593602 2.062561 2.47169 2.71834 2.805543 2.814859 2.748 2.644493 2.483976 2.148993 1.550092 1.022883 .6307305 .334133 .09190354 -.1231027 -.310517 -.3709246 -.2536519 -.07164519 .1641651 .5584888 1.063188 1.732849 2.527219 3.412786
3.943944 3.797858 3.48941 2.882897 2.4072 2.08479 1.924597 1.963709 2.205087 2.556946 2.889008 3.112858 3.166301 3.006907 2.586963 1.942181 1.39537 .9971005 .6986831 .399153 .05185827 -.2134953 -.3138248 -.2912082 -.262323 -.2092099 -.07800383 .1111618 .3440117 .6226686 .9395775 1.330175 1.790967 2.243836 2.660041 3.089546 3.55298 3.950631 4.184403 4.238777 4.185406 3.953968 3.683713 3.413103 3.016849 2.340579 1.677493 1.1771 .8363884 .6068915 .4622722 .3982789 .4446966 .5851794 .7932947 1.005526 1.347816 1.719628 2.246541 2.886092 3.598356
5.716692 5.706661 5.5931 5.228358 4.681316 4.263201 4.073058 4.140899 4.456156 4.86663 5.21436 5.416121 5.433195 5.251557 4.849159 4.137141 3.542568 3.223241 2.964885 2.644846 2.29774 2.107781 2.021339 2.01445 2.07374 2.205291 2.326995 2.447954 2.63552 2.806454 2.969127 3.224577 3.611659 3.99561 4.268755 4.528009 4.859181 5.161244 5.320777 5.277376 5.169514 4.906833 4.501966 4.1046 3.673843 3.087247 2.353874 1.729547 1.320021 1.081201 .9747613 .9859911 1.111469 1.307331 1.584946 1.819618 2.163545 2.466295 2.882269 3.372948 3.905104
7.040075 7.163828 7.274685 7.361434 7.231477 6.976571 6.811758 6.864638 7.064753 7.314283 7.509657 7.548387 7.442171 7.234945 6.943014 6.383856 5.662699 5.236026 4.993148 4.743614 4.406492 4.207794 4.181145 4.22893 4.294403 4.36521 4.499745 4.66837 4.796921 4.942765 5.064951 5.135251 5.343935 5.638544 5.860995 5.976308 6.064506 6.183916 6.230543 6.167853 5.938801 5.616255 5.141859 4.579983 4.121453 3.620727 2.97392 2.299298 1.803458 1.556722 1.478953 1.565219 1.787145 2.080644 2.455177 2.844599 3.310648 3.619109 3.934559 4.212786 4.497405
8.034797 8.301847 8.536194 8.86509 9.167707 9.271501 9.195111 9.045262 8.876485 8.803741 8.810594 8.763739 8.679586 8.683874 8.565969 8.191045 7.643389 7.143038 6.77973 6.566861 6.339689 6.082632 6.037033 6.140017 6.145891 6.108241 6.229548 6.464931 6.611545 6.712801 6.836033 6.885876 6.927977 7.07193 7.244093 7.291481 7.195131 7.07052 6.933148 6.748431 6.435397 6.045935 5.577229 4.940642 4.374903 3.913587 3.375621 2.776909 2.297366 2.055349 2.025647 2.180711 2.475857 2.844412 3.288144 3.838652 4.33189 4.591045 4.835244 5.028889 5.144688
8.847685 9.098853 9.353974 9.742192 10.16009 10.37799 10.29183 10.03568 9.73144 9.518813 9.386058 9.269181 9.221654 9.247416 9.269933 9.066999 8.757471 8.48171 8.159549 7.863379 7.681646 7.507226 7.405916 7.39583 7.41239 7.452058 7.494534 7.641421 7.772295 7.88638 7.885323 7.839665 7.746061 7.676243 7.661959 7.696669 7.632095 7.467318 7.217209 6.781925 6.389966 5.974574 5.498625 4.91244 4.290145 3.929977 3.60046 3.208377 2.842737 2.669543 2.717054 2.938255 3.267013 3.645337 4.085923 4.659034 5.164013 5.372819 5.520249 5.599665 5.597037
9.460025 9.663448 9.790695 10.00948 10.34241 10.59933 10.47948 10.05005 9.573956 9.23775 9.032312 8.909598 8.806662 8.785607 8.873376 8.814367 8.740183 8.708545 8.628637 8.452435 8.271256 8.169751 8.115738 8.103083 8.092901 8.121374 8.156446 8.182951 8.166532 8.097131 7.932471 7.777334 7.552347 7.279819 7.030527 6.846072 6.625404 6.544295 6.533182 6.175575 5.624559 5.268523 4.920969 4.524938 4.014093 3.729028 3.584031 3.482655 3.412932 3.455287 3.663297 4.001736 4.326022 4.609579 4.938506 5.379428 5.716552 5.922989 5.979584 5.990418 5.751149
9.890541 10.12004 10.15949 10.23609 10.37299 10.32121 9.845699 9.139584 8.465934 7.990496 7.756773 7.609222 7.490233 7.56108 7.773046 7.803275 7.808502 7.955097 8.077698 8.095213 8.037915 7.980251 7.998439 8.094749 8.143658 8.11802 8.022097 7.922506 7.785886 7.612733 7.338543 6.964708 6.530558 6.048065 5.626047 5.249673 4.807542 4.567257 4.613202 4.588183 4.231553 3.974895 3.786622 3.606997 3.371213 3.312598 3.438064 3.684899 4.006083 4.383854 4.793681 5.16933 5.420319 5.587086 5.80055 6.070726 6.206336 6.333532 6.41572 6.340668 6.234824
10.12323 10.21292 10.2547 10.13013 9.779362 9.145601 8.227244 7.288273 6.492383 5.918274 5.615433 5.458607 5.314229 5.440282 5.843184 5.99283 6.093302 6.372546 6.606825 6.711515 6.84284 7.055168 7.241884 7.401983 7.508644 7.48555 7.320449 7.075939 6.771269 6.419077 5.995121 5.552159 4.970276 4.312493 3.77369 3.333048 2.870234 2.571383 2.515693 2.635093 2.567525 2.478862 2.432198 2.454118 2.521264 2.779929 3.167568 3.692511 4.306468 4.930846 5.452572 5.854149 6.142152 6.359138 6.571088 6.705238 6.715525 6.706576 6.66152 6.625978 6.468544
9.515571 9.471416 9.236523 8.791006 8.017241 6.958634 5.812704 4.799873 3.976915 3.394345 3.077543 2.923795 2.725621 2.764597 3.14276 3.367471 3.521886 3.857863 4.116042 4.273495 4.496695 4.867283 5.234284 5.401398 5.438467 5.373644 5.232378 5.037742 4.860022 4.568551 4.090229 3.696588 3.229551 2.555429 2.002643 1.597422 1.238509 .97823 .882844 .9826796 1.059331 1.158714 1.293074 1.504523 1.802694 2.320414 2.900366 3.623112 4.437491 5.237478 5.88712 6.406355 6.812605 7.1562 7.394987 7.428648 7.364639 7.205626 6.990449 6.776508 6.597501
7.914801 7.616714 7.098605 6.295831 5.240824 3.94235 2.783429 2.03525 1.43992 .9594278 .6000564 .3988042 .1910374 .2421178 .6679637 .8795446 .9706197 1.192606 1.347274 1.514352 1.81313 2.135043 2.397156 2.534757 2.497265 2.296229 1.957357 1.51176 1.101558 .9486842 .8113193 .8034599 .9851311 .8711289 .3860876 .00639665 -.2836474 -.4899739 -.5378565 -.4444521 -.2975575 -.09514759 .1775181 .5731086 1.112915 1.892043 2.661877 3.5692 4.555112 5.510397 6.321861 7.013972 7.626501 8.126023 8.349044 8.314597 8.158873 7.855588 7.463218 7.049192 6.679607
5.792698 5.123088 4.292863 3.269165 2.058965 .8523561 .0455645 -.1450285 -.3893549 -.6651077 -.9684363 -1.182179 -1.383653 -1.390714 -1.024923 -.8366943 -.8473514 -.859372 -.8612015 -.7371351 -.5080168 -.2856156 -.1380104 -.1117468 -.1975637 -.4154656 -.812986 -1.329085 -1.658761 -1.744004 -1.817661 -1.917374 -1.585346 -1.282348 -1.148313 -1.422068 -1.61667 -1.748331 -1.754756 -1.652112 -1.448398 -1.16125 -.7572165 -.2017533 .572091 1.563613 2.495047 3.561609 4.694485 5.809039 6.848202 7.836309 8.705448 9.255889 9.451546 9.414397 9.139902 8.655577 8.089042 7.497492 6.918589
3.549095 2.628129 1.607681 .5303279 -.5113671 -1.247591 -1.479352 -1.376584 -1.448523 -1.62928 -1.880062 -2.074005 -2.158439 -2.15107 -1.967083 -1.84075 -1.940595 -2.150498 -2.359881 -2.403218 -2.290258 -2.130837 -2.012072 -1.991408 -2.078739 -2.269112 -2.561773 -2.877986 -2.926816 -2.872197 -2.969682 -2.907953 -2.841944 -2.724757 -2.569278 -2.684809 -2.753206 -2.760844 -2.691921 -2.541032 -2.290896 -1.926245 -1.423368 -.7535704 .233171 1.362256 2.431178 3.614912 4.845108 6.125739 7.503531 8.810606 9.740705 10.27003 10.50753 10.44148 10.06658 9.498199 8.838639 8.106644 7.398474
1.08661 .09023223 -.8167178 -1.621995 -2.24413 -2.521004 -2.374576 -2.145471 -2.148441 -2.326891 -2.548277 -2.661666 -2.721703 -2.722287 -2.657254 -2.625587 -2.777269 -3.086405 -3.402196 -3.586141 -3.571245 -3.453429 -3.335762 -3.26547 -3.2883 -3.428081 -3.62445 -3.806912 -3.906098 -3.919791 -3.999989 -4.058027 -4.001603 -3.829701 -3.759949 -3.726367 -3.661655 -3.53349 -3.356123 -3.136185 -2.836023 -2.369935 -1.776219 -.9888516 .1402095 1.302331 2.467836 3.714693 5.004348 6.470976 8.004986 9.302331 10.22846 10.82521 11.10738 11.08007 10.72143 10.15577 9.473745 8.717713 7.973028
-1.138204 -2.006721 -2.596218 -2.991655 -3.246851 -3.265178 -2.996501 -2.769914 -2.787474 -2.971609 -3.133891 -3.226505 -3.243945 -3.231668 -3.207761 -3.258042 -3.487083 -3.817094 -4.147842 -4.389414 -4.470417 -4.413094 -4.30055 -4.197726 -4.184824 -4.279788 -4.392792 -4.453178 -4.534672 -4.689437 -4.867878 -5.053088 -5.029234 -4.833264 -4.638872 -4.476025 -4.298549 -4.05582 -3.76746 -3.465976 -3.068208 -2.514446 -1.795327 -.815491 .36611 1.456395 2.621822 3.833706 5.122789 6.66245 8.062606 9.267498 10.2107 10.83543 11.17302 11.22873 11.02216 10.61055 10.01255 9.302491 8.632392
-2.694076 -3.300427 -3.652936 -3.859231 -3.909248 -3.796166 -3.53126 -3.359516 -3.392888 -3.52271 -3.605893 -3.61821 -3.569869 -3.500963 -3.526118 -3.625689 -3.908969 -4.254821 -4.573574 -4.839007 -4.945156 -4.919899 -4.833708 -4.767211 -4.763601 -4.822177 -4.891121 -4.935555 -5.053245 -5.356539 -5.648035 -5.842268 -5.835802 -5.598978 -5.303997 -5.028873 -4.746753 -4.384851 -3.966609 -3.532849 -3.007996 -2.38703 -1.527691 -.4351287 .7011817 1.754246 2.865815 3.99082 5.258795 6.621771 7.772599 8.83007 9.701513 10.3637 10.80585 11.00976 10.96358 10.7267 10.33723 9.805519 9.225281
