py_wake/examples/data/AJ_ParqueFicticio/Ridge area   Sector 7   Height 200m   Orographic turn.grd
DSAA
90  129
 262878   265103
 6504214   6507414
-15.10643   14.46258
[rows 27 to 53 of 129, columns 0 to 59 of 90]
-6.135929 -6.347791 -6.531103 -6.688011 -6.809889 -6.861819 -6.826849 -6.68259 -6.387278 -5.957903 -5.455693 -4.933455 -4.438084 -4.023805 -3.708998 -3.490195 -3.346289 -3.261489 -3.21566 -3.187542 -3.186628 -3.209259 -3.245192 -3.282199 -3.301319 -3.298756 -3.283395 -3.28686 -3.336342 -3.40826 -3.494316 -3.549743 -3.586462 -3.616266 -3.629956 -3.648947 -3.677041 -3.749068 -3.833586 -3.868967 -3.79386 -3.531131 -3.070149 -2.515764 -1.990846 -1.567827 -1.266382 -1.062288 -.9891991 -1.088312 -1.290704 -1.579195 -1.997999 -2.55495 -3.188921 -3.838758 -4.41796 -4.95966 -5.465364 -5.955829
-5.761713 -5.937029 -6.106185 -6.277032 -6.43468 -6.543123 -6.587057 -6.542221 -6.3633 -6.042776 -5.632608 -5.211848 -4.81411 -4.438162 -4.102741 -3.834088 -3.639935 -3.508734 -3.412689 -3.323567 -3.249852 -3.20831 -3.189303 -3.185283 -3.1724 -3.140797 -3.095701 -3.056359 -3.052423 -3.069526 -3.100741 -3.122397 -3.144391 -3.181709 -3.211754 -3.271895 -3.380607 -3.550619 -3.768157 -3.94831 -4.006464 -3.88469 -3.53287 -3.037572 -2.549257 -2.133909 -1.846365 -1.688718 -1.642169 -1.736965 -1.948847 -2.250438 -2.682993 -3.241001 -3.816683 -4.355925 -4.848665 -5.311576 -5.683931 -6.044165
-5.363967 -5.506809 -5.656705 -5.819586 -5.981731 -6.118824 -6.222977 -6.271146 -6.213744 -6.016358 -5.748516 -5.487669 -5.224435 -4.94543 -4.64896 -4.368487 -4.139501 -3.958624 -3.807056 -3.658898 -3.517186 -3.400447 -3.305085 -3.232913 -3.167311 -3.082788 -2.998373 -2.926001 -2.87832 -2.854724 -2.847093 -2.83645 -2.836178 -2.858516 -2.890231 -2.967389 -3.123546 -3.356526 -3.660962 -3.948848 -4.119711 -4.105766 -3.857817 -3.454826 -3.045578 -2.659325 -2.377476 -2.245617 -2.222135 -2.323586 -2.560876 -2.879153 -3.30568 -3.832524 -4.336637 -4.776683 -5.231866 -5.619523 -5.834683 -6.010938
-4.920737 -5.045028 -5.18195 -5.33428 -5.490959 -5.632514 -5.75329 -5.850608 -5.908358 -5.893654 -5.845482 -5.760691 -5.61035 -5.41942 -5.199066 -4.9729 -4.777253 -4.619663 -4.454342 -4.262527 -4.071734 -3.882704 -3.698076 -3.538678 -3.387901 -3.213506 -3.062272 -2.94854 -2.854132 -2.78106 -2.721259 -2.670598 -2.640618 -2.641569 -2.664126 -2.735298 -2.90038 -3.154511 -3.482537 -3.806597 -4.029378 -4.090186 -3.974255 -3.743916 -3.473685 -3.164752 -2.896958 -2.766898 -2.757424 -2.86237 -3.10281 -3.403903 -3.775484 -4.24007 -4.665856 -5.00423 -5.353464 -5.643525 -5.734167 -5.699914
-4.490565 -4.604378 -4.734213 -4.878558 -5.031273 -5.173943 -5.302687 -5.435522 -5.600874 -5.777288 -5.914945 -5.971498 -5.91869 -5.794795 -5.64611 -5.504066 -5.402082 -5.315994 -5.176085 -4.977452 -4.782735 -4.585368 -4.370869 -4.162688 -3.947827 -3.707368 -3.476262 -3.27003 -3.071378 -2.899059 -2.763564 -2.663844 -2.595763 -2.555129 -2.541147 -2.580982 -2.710457 -2.931084 -3.226871 -3.533781 -3.770686 -3.893759 -3.941098 -3.921566 -3.832154 -3.682285 -3.495003 -3.333623 -3.287631 -3.339746 -3.510784 -3.741673 -4.007431 -4.355237 -4.714801 -4.932861 -5.099891 -5.247859 -5.275449 -5.183991
-4.096257 -4.202536 -4.334959 -4.486015 -4.64917 -4.811715 -4.975012 -5.16402 -5.417924 -5.711329 -5.953413 -6.098263 -6.126126 -6.070065 -5.98614 -5.921376 -5.901057 -5.869711 -5.759052 -5.604859 -5.441471 -5.267817 -5.084406 -4.888623 -4.674262 -4.43747 -4.177398 -3.894541 -3.582666 -3.26513 -2.994114 -2.785344 -2.641918 -2.539967 -2.472887 -2.466762 -2.550116 -2.718562 -2.963995 -3.248645 -3.511977 -3.717705 -3.903399 -4.039559 -4.078466 -4.065423 -3.987412 -3.842077 -3.744114 -3.736596 -3.825657 -3.957771 -4.090194 -4.28687 -4.566538 -4.680012 -4.639631 -4.66395 -4.695198 -4.663443
-3.722991 -3.820102 -3.962074 -4.139046 -4.338872 -4.546165 -4.76292 -5.013017 -5.332535 -5.695833 -6.001099 -6.197686 -6.270028 -6.257383 -6.224949 -6.215378 -6.229201 -6.210168 -6.142413 -6.042133 -5.929092 -5.82984 -5.721756 -5.592665 -5.444777 -5.264062 -5.037186 -4.753139 -4.365734 -3.914119 -3.488673 -3.112399 -2.840793 -2.649697 -2.501994 -2.426001 -2.446707 -2.554416 -2.750076 -3.007341 -3.279721 -3.546699 -3.830267 -4.088334 -4.221183 -4.306318 -4.311934 -4.215093 -4.099267 -4.011891 -3.962378 -3.94905 -3.943979 -4.01081 -4.15405 -4.162151 -3.996169 -3.983623 -4.080931 -4.157591
-3.361692 -3.438548 -3.593906 -3.812733 -4.067873 -4.339512 -4.629385 -4.947298 -5.30654 -5.685771 -6.010851 -6.240151 -6.358588 -6.396994 -6.407484 -6.411646 -6.382238 -6.313549 -6.265003 -6.243784 -6.235854 -6.226936 -6.215731 -6.202541 -6.163851 -6.067046 -5.912159 -5.673742 -5.29103 -4.802186 -4.275419 -3.762532 -3.338854 -2.999557 -2.724241 -2.54582 -2.464417 -2.490282 -2.621604 -2.836257 -3.102638 -3.40188 -3.729172 -4.04914 -4.238154 -4.365367 -4.404624 -4.354373 -4.209305 -4.044264 -3.906842 -3.75057 -3.623664 -3.54596 -3.479736 -3.376229 -3.334228 -3.398427 -3.570834 -3.79799
-2.987841 -3.015978 -3.16868 -3.423417 -3.735646 -4.072599 -4.425136 -4.804206 -5.212245 -5.610113 -5.956673 -6.228453 -6.396697 -6.479963 -6.513822 -6.48662 -6.388869 -6.304861 -6.26872 -6.281229 -6.335214 -6.39896 -6.485209 -6.579029 -6.626108 -6.621958 -6.553019 -6.384678 -6.064512 -5.599162 -5.064195 -4.518487 -4.003645 -3.536381 -3.146072 -2.833469 -2.625392 -2.548124 -2.597878 -2.742751 -2.972425 -3.274133 -3.613477 -3.9404 -4.141134 -4.249959 -4.270269 -4.223289 -4.115391 -3.906809 -3.667476 -3.400086 -3.145339 -2.951283 -2.84808 -2.810828 -2.841032 -3.00843 -3.279903 -3.621473
-2.592182 -2.543378 -2.672191 -2.935355 -3.282561 -3.66722 -4.071714 -4.505915 -4.959697 -5.395195 -5.797045 -6.129804 -6.346497 -6.469721 -6.511911 -6.456737 -6.344067 -6.253339 -6.213847 -6.232533 -6.285058 -6.372976 -6.499043 -6.628447 -6.725136 -6.777181 -6.775371 -6.701728 -6.478279 -6.097948 -5.641208 -5.136673 -4.603389 -4.06454 -3.580162 -3.18119 -2.865413 -2.681839 -2.653008 -2.749561 -2.940511 -3.202798 -3.487088 -3.766355 -3.9298 -3.991902 -3.991345 -3.9536 -3.835845 -3.608948 -3.33981 -3.068408 -2.764151 -2.534185 -2.457569 -2.494862 -2.611935 -2.835905 -3.219972 -3.70088
-2.203387 -2.043958 -2.115302 -2.338746 -2.68897 -3.107199 -3.554899 -4.043247 -4.564294 -5.072677 -5.538999 -5.922255 -6.183647 -6.32823 -6.376803 -6.359137 -6.297756 -6.201553 -6.138241 -6.115641 -6.120534 -6.168621 -6.261179 -6.381457 -6.484085 -6.559133 -6.595274 -6.590418 -6.504872 -6.298664 -5.962438 -5.512344 -4.986747 -4.474275 -3.981017 -3.514362 -3.135718 -2.909727 -2.828181 -2.86282 -2.982232 -3.159074 -3.338864 -3.517519 -3.640078 -3.666659 -3.666463 -3.601878 -3.465477 -3.276717 -3.036889 -2.769937 -2.522266 -2.331532 -2.302829 -2.432548 -2.638763 -2.961452 -3.47235 -4.027505
-1.914968 -1.55047 -1.501818 -1.640732 -1.967045 -2.404509 -2.891997 -3.421702 -3.977691 -4.529659 -5.051838 -5.480573 -5.792521 -6.000212 -6.128587 -6.191891 -6.160072 -6.084954 -5.976603 -5.835287 -5.749719 -5.756849 -5.812228 -5.889685 -5.969595 -6.052522 -6.118685 -6.16235 -6.192867 -6.12232 -5.929174 -5.637552 -5.230868 -4.751229 -4.279491 -3.860999 -3.509201 -3.24303 -3.085609 -3.020662 -3.047441 -3.107217 -3.174741 -3.258104 -3.330451 -3.363515 -3.386163 -3.331372 -3.154446 -2.962193 -2.773659 -2.560482 -2.389668 -2.329036 -2.414121 -2.629979 -2.991014 -3.453081 -3.965086 -4.53852
-1.700296 -1.10754 -.8583977 -.8780863 -1.155935 -1.597392 -2.109615 -2.674582 -3.261303 -3.840704 -4.377989 -4.836058 -5.209939 -5.507362 -5.717309 -5.809732 -5.795413 -5.729067 -5.571036 -5.367702 -5.219666 -5.166385 -5.199825 -5.249818 -5.306598 -5.371328 -5.459096 -5.576639 -5.68083 -5.696384 -5.624242 -5.445807 -5.153737 -4.823723 -4.481072 -4.107508 -3.758826 -3.490395 -3.30344 -3.187348 -3.12193 -3.090936 -3.091806 -3.126043 -3.172597 -3.187018 -3.160979 -3.058406 -2.897692 -2.733577 -2.596271 -2.480607 -2.400528 -2.451493 -2.665387 -3.000456 -3.447995 -3.99764 -4.605857 -5.205979
-1.475556 -.6665336 -.1989228 -.08416077 -.2860752 -.6882297 -1.191197 -1.763801 -2.3694 -2.974342 -3.53246 -4.017934 -4.434954 -4.778394 -5.019166 -5.139258 -5.153671 -5.089924 -4.934905 -4.72569 -4.564765 -4.474444 -4.435647 -4.44021 -4.486082 -4.557326 -4.670476 -4.818926 -4.962015 -5.038075 -5.041279 -4.996177 -4.844341 -4.6641 -4.492983 -4.266177 -3.963761 -3.698923 -3.510087 -3.36836 -3.287934 -3.226452 -3.151387 -3.102055 -3.085298 -3.051227 -2.970167 -2.835496 -2.710013 -2.596024 -2.496931 -2.468801 -2.547904 -2.713993 -3.001492 -3.429206 -3.976938 -4.583741 -5.21282 -5.864939
-1.247134 -.2287115 .4555312 .7296978 .6175804 .2728599 -.2100413 -.7709259 -1.361177 -1.950876 -2.497243 -2.996095 -3.440536 -3.802341 -4.064909 -4.2294 -4.290081 -4.255867 -4.152029 -4.018231 -3.82658 -3.637934 -3.512346 -3.4515 -3.45196 -3.528508 -3.68674 -3.884726 -4.068577 -4.174611 -4.281401 -4.336703 -4.349825 -4.380295 -4.358083 -4.230599 -4.041553 -3.8756 -3.728662 -3.599599 -3.477127 -3.323713 -3.205194 -3.138991 -3.100072 -3.045358 -2.96359 -2.834944 -2.651633 -2.524981 -2.482381 -2.56223 -2.789879 -3.070292 -3.379726 -3.852687 -4.479366 -5.137191 -5.788904 -6.44026
-1.160597 .06132246 .9780198 1.500558 1.542757 1.285009 .8428543 .3128765 -.2475653 -.8187596 -1.361683 -1.862773 -2.296867 -2.632388 -2.877585 -3.059768 -3.189322 -3.268661 -3.279103 -3.181392 -2.976553 -2.730723 -2.508641 -2.383221 -2.376568 -2.458313 -2.611594 -2.836189 -3.060266 -3.255859 -3.457024 -3.635397 -3.845104 -4.013789 -4.079895 -4.102613 -4.121475 -4.079095 -3.957379 -3.783138 -3.601666 -3.50389 -3.441021 -3.347633 -3.242697 -3.127003 -3.014599 -2.896857 -2.744994 -2.61899 -2.61324 -2.754744 -3.044459 -3.43924 -3.849709 -4.360403 -4.982817 -5.633678 -6.250584 -6.862269
-1.179472 .2611504 1.422675 2.235729 2.551792 2.406298 1.991353 1.483131 .9443489 .4206662 -.07987287 -.5761983 -1.027054 -1.39848 -1.678983 -1.879734 -2.047278 -2.198344 -2.285304 -2.243412 -2.076408 -1.849637 -1.598775 -1.422068 -1.356332 -1.412778 -1.590361 -1.850503 -2.110198 -2.37575 -2.6675 -2.982712 -3.302536 -3.576325 -3.771042 -3.959005 -4.123917 -4.170543 -4.080646 -3.928858 -3.829496 -3.786641 -3.720896 -3.596175 -3.447647 -3.292504 -3.153306 -3.029317 -2.900793 -2.79798 -2.807564 -2.969972 -3.291726 -3.744169 -4.208573 -4.71275 -5.319873 -5.950207 -6.538836 -7.029349
-1.429969 .2436682 1.677444 2.764084 3.374451 3.455788 3.170221 2.737008 2.235005 1.732728 1.252097 .7643278 .3156924 -.06309104 -.3579484 -.5734125 -.7567371 -.9531441 -1.119234 -1.185033 -1.135143 -.9768357 -.7492329 -.5701015 -.5005599 -.5446022 -.7084431 -.9876335 -1.299327 -1.591597 -1.920095 -2.317533 -2.715927 -3.084138 -3.406772 -3.710711 -3.974193 -4.11093 -4.116362 -4.07651 -4.069637 -4.069002 -4.007281 -3.852321 -3.676538 -3.502375 -3.345163 -3.204376 -3.097665 -3.02403 -3.024209 -3.1754 -3.49156 -3.939601 -4.431954 -4.945734 -5.534299 -6.108423 -6.595552 -6.961247
-1.8359 -.02711131 1.598184 2.942748 3.873659 4.30716 4.284606 3.998479 3.573886 3.113265 2.668832 2.207015 1.766588 1.359442 1.017908 .7534975 .5515101 .3581915 .1676301 .01869293 -.03369077 .01150964 .1314726 .2655509 .3206725 .2817615 .1595532 -.08104216 -.4445302 -.8176741 -1.212109 -1.677118 -2.127679 -2.571594 -2.980769 -3.350599 -3.689916 -3.940268 -4.080569 -4.160861 -4.222434 -4.239224 -4.17454 -4.041423 -3.930956 -3.815448 -3.682145 -3.499568 -3.329291 -3.232097 -3.219845 -3.340341 -3.62774 -4.053154 -4.557607 -5.076906 -5.611652 -6.074057 -6.42585 -6.660107
-2.475673 -.5609993 1.295365 2.913569 4.138157 4.976174 5.344653 5.281839 4.956575 4.559501 4.184154 3.761231 3.344444 2.937178 2.550095 2.200232 1.925378 1.718589 1.51299 1.293714 1.149362 1.114582 1.126758 1.15976 1.150967 1.086475 1.001291 .8229244 .4218581 -.08541559 -.5568349 -1.065221 -1.556461 -2.038594 -2.526354 -2.960644 -3.348854 -3.681062 -3.931283 -4.113937 -4.240162 -4.299992 -4.315947 -4.296869 -4.253864 -4.171998 -4.05351 -3.869927 -3.613775 -3.433532 -3.370271 -3.444751 -3.700015 -4.091663 -4.565638 -5.039529 -5.462059 -5.832028 -6.106473 -6.245043
-3.234281 -1.332967 .6487093 2.559695 4.132516 5.307697 6.084291 6.372826 6.211549 5.909568 5.613953 5.243303 4.848134 4.424217 4.000432 3.574559 3.200949 2.899548 2.606713 2.32355 2.119085 1.999626 1.935334 1.918062 1.885782 1.814074 1.712309 1.537191 1.160138 .6137965 .0718495 -.4761666 -1.011944 -1.534093 -2.078961 -2.590382 -3.039476 -3.45193 -3.792383 -4.040703 -4.226829 -4.363112 -4.469407 -4.531567 -4.520478 -4.455128 -4.331625 -4.147196 -3.855784 -3.583555 -3.451226 -3.477601 -3.685336 -4.021805 -4.424814 -4.823072 -5.158307 -5.4457 -5.602116 -5.538748
-4.031247 -2.204753 -.2385191 1.723767 3.524173 5.006394 6.130526 6.835808 7.084579 7.032886 6.883684 6.612353 6.286989 5.861459 5.335532 4.802201 4.336311 3.921895 3.534067 3.171649 2.896281 2.717965 2.598089 2.537163 2.48449 2.384599 2.257308 2.076965 1.728378 1.200822 .6257076 .05390832 -.5095195 -1.074092 -1.654432 -2.219454 -2.722294 -3.196395 -3.615925 -3.931826 -4.180614 -4.386448 -4.556444 -4.676316 -4.703275 -4.630215 -4.481458 -4.270916 -4.007964 -3.707765 -3.508908 -3.478128 -3.628208 -3.913616 -4.246347 -4.563178 -4.822416 -4.946284 -4.887354 -4.657083
-4.831036 -3.138863 -1.256299 .7140077 2.623447 4.275033 5.603911 6.610223 7.312559 7.672016 7.8039 7.765684 7.612078 7.281042 6.665558 6.031397 5.427668 4.908861 4.418379 3.962312 3.60785 3.365968 3.19059 3.067302 2.973048 2.881231 2.745851 2.559421 2.216135 1.689242 1.115877 .5394009 -.04189495 -.6338133 -1.238838 -1.833885 -2.388072 -2.905242 -3.377261 -3.749918 -4.065605 -4.349044 -4.583718 -4.745687 -4.789213 -4.687099 -4.499038 -4.267465 -4.03517 -3.789166 -3.568486 -3.484254 -3.566895 -3.777486 -4.030145 -4.243618 -4.361848 -4.31933 -4.110844 -3.734303
-5.591097 -4.081881 -2.305197 -.3938302 1.492055 3.220133 4.741071 6.001266 6.964137 7.580066 7.966155 8.274436 8.448298 8.362134 7.876435 7.267664 6.57737 5.953223 5.374725 4.824203 4.370742 4.044864 3.800225 3.588884 3.422005 3.29287 3.154604 2.982855 2.65785 2.145111 1.571084 .9756157 .3787254 -.2282347 -.846549 -1.455301 -2.028561 -2.572727 -3.085857 -3.51852 -3.89799 -4.242892 -4.522395 -4.711982 -4.758204 -4.62525 -4.402969 -4.162673 -3.969195 -3.779937 -3.577134 -3.443385 -3.454925 -3.576739 -3.726072 -3.784454 -3.723802 -3.509917 -3.093672 -2.457396
-6.226699 -4.925144 -3.357003 -1.574403 .2261268 1.928498 3.430951 4.760947 5.906977 6.770059 7.455935 8.068726 8.55133 8.851362 8.817253 8.457513 7.890089 7.189484 6.54707 5.934103 5.360194 4.889409 4.501808 4.182317 3.9023 3.685279 3.540411 3.367469 3.118884 2.685104 2.074862 1.442816 .7971041 .1588945 -.4705692 -1.088563 -1.679204 -2.237149 -2.764688 -3.235912 -3.652501 -4.032996 -4.344089 -4.557941 -4.602658 -4.445208 -4.222272 -3.998161 -3.815799 -3.656045 -3.48612 -3.323461 -3.251534 -3.250301 -3.239089 -3.126634 -2.843886 -2.399114 -1.770903 -.9930727
-6.722809 -5.615643 -4.297503 -2.768754 -1.135958 .4601412 1.933458 3.276784 4.536161 5.613443 6.585077 7.415634 8.122538 8.75025 9.265739 9.485039 9.275038 8.591421 7.888784 7.253458 6.539481 5.848056 5.250804 4.742076 4.332958 4.047794 3.871976 3.72947 3.537336 3.223572 2.623657 1.949966 1.238391 .526211 -.1410003 -.7696412 -1.363141 -1.923851 -2.453846 -2.937921 -3.353791 -3.722378 -4.033427 -4.255963 -4.300568 -4.15011 -3.972811 -3.785105 -3.604669 -3.449404 -3.295506 -3.116543 -2.938285 -2.788451 -2.596716 -2.293815 -1.84212 -1.19449 -.3719808 .57912
-7.11953 -6.203044 -5.067016 -3.743627 -2.346137 -.9422324 .4078761 1.669449 2.868619 4.047008 5.147765 6.149103 7.068144 8.020819 8.939242 9.771294 9.996356 9.539166 8.950521 8.332577 7.471745 6.553504 5.709025 4.967071 4.423061 4.079886 3.859554 3.657289 3.505868 3.319234 2.790345 2.160737 1.444625 .7074955 .02980962 -.5843135 -1.148369 -1.683625 -2.185617 -2.635874 -3.01605 -3.332908 -3.583612 -3.764085 -3.810139 -3.743062 -3.682723 -3.56775 -3.388883 -3.201392 -3.034927 -2.808532 -2.508163 -2.185215 -1.788087 -1.294519 -.6609867 .1266191 1.091061 2.157699
