py_wake/examples/data/AJ_ParqueFicticio/Ridge area   Sector 5   Height 30m   Turbulence intensity.grd
DSAA
90  129
 262878   265103
 6504214   6507414
 12.499   100
[rows 27 to 53 of 129, columns 0 to 61 of 90]
24.70846 24.7155 24.52398 24.34812 24.20026 24.06068 23.98031 23.98576 24.04017 24.21329 24.56723 25.03751 25.49532 25.84455 25.96372 25.87244 25.60253 25.21761 24.8392 24.39775 23.50414 22.5027 21.54179 20.56621 19.68153 18.77175 17.86224 16.96141 16.14348 15.51675 15.0093 14.60704 14.25825 13.98494 13.78246 13.58008 13.38869 13.21762 13.04217 12.92741 12.89955 12.93702 13.05635 13.24873 13.50203 13.80899 14.16762 14.62841 15.14651 15.70003 16.41096 17.11407 17.78078 18.48686 19.21577 20.1639 35.51199 22.86932 24.1836 25.93927 28.11124 30.85468
25.83884 25.79929 25.57815 25.36757 25.12677 24.85017 24.6247 24.43726 24.3226 24.41193 24.73956 25.20407 25.77561 26.33795 26.78063 26.97865 26.90413 26.64782 26.315 25.85524 25.0252 24.11339 23.22967 22.18874 21.25402 20.28179 19.1973 18.12554 17.11275 16.28258 15.65264 15.15867 14.73164 14.39747 14.14789 13.91505 13.71351 13.51161 13.28747 13.11792 13.03088 13.00059 13.06662 13.23845 13.49133 13.81291 14.18467 14.64349 15.1872 15.76083 16.48179 17.21777 17.89696 18.61913 19.45448 20.55487 36.31713 34.37022 25.17695 27.10221 29.53323 32.40767
27.00578 26.90895 26.68061 26.47392 26.17145 25.78401 25.41593 25.02519 24.66917 24.55451 24.83829 25.41687 26.03805 26.62158 27.17948 27.57655 27.73557 27.63217 27.47668 27.14516 26.47697 25.82473 25.18392 24.24266 23.32821 22.43668 21.16923 19.78942 18.46846 17.38063 16.55355 15.89382 15.34821 14.90012 14.58304 14.32631 14.08773 13.85662 13.59994 13.38485 13.23644 13.13764 13.13427 13.26149 13.49608 13.82701 14.22263 14.68162 15.24247 15.84449 16.57527 17.34536 18.03565 18.77743 19.84511 34.90012 35.09946 35.55691 26.87701 28.41425 31.00716 34.11269
28.22269 28.06682 27.83003 27.61119 27.2505 26.81942 26.38381 25.86794 25.28452 24.90411 25.14708 25.72908 26.36153 26.86374 27.3059 27.72269 27.94711 28.05537 28.16261 28.02683 27.42794 27.10773 26.77824 25.95273 25.20331 24.52756 23.13212 21.44577 19.93641 18.66869 17.64302 16.87167 16.26289 15.65284 15.16742 14.81429 14.52152 14.25515 13.97712 13.72758 13.51881 13.34382 13.25075 13.3087 13.50118 13.81929 14.24477 14.72036 15.29992 15.94028 16.68237 17.47973 18.18103 18.99266 20.29595 31.93436 32.71943 35.10886 27.67022 29.83427 32.54585 36.00109
29.56504 29.37499 29.12378 28.90942 28.4992 28.00128 27.49755 26.94781 26.32265 25.89484 26.0162 26.37081 26.79798 27.20223 27.54641 27.84351 28.08951 28.24299 28.2466 27.96964 27.56422 27.31559 26.95602 26.22105 25.62199 24.93254 23.65127 22.15338 20.8836 19.73748 18.78418 17.95221 17.20814 16.48015 15.86699 15.39175 15.01902 14.69951 14.39066 14.10773 13.8413 13.59498 13.41805 13.40001 13.53707 13.80379 14.2295 14.73821 15.32933 16.00031 16.74945 17.57428 18.30725 19.25067 26.62061 28.01847 28.94663 32.28439 28.0252 31.01867 33.94137 37.75095
30.91577 30.69515 30.42091 30.18627 29.73164 29.19686 28.66824 28.14139 27.5813 27.20117 27.20141 27.35919 27.55285 27.7753 28.02544 28.29608 28.5312 28.43104 28.00867 27.61258 27.29463 26.86682 26.34281 25.73754 25.11289 24.35353 23.32776 22.19683 21.26936 20.45992 19.68413 18.86479 18.06025 17.33311 16.67126 16.08286 15.59046 15.17843 14.81003 14.47951 14.15371 13.84367 13.61124 13.52539 13.61478 13.82671 14.20884 14.73695 15.33367 16.02373 16.78674 17.6326 18.41124 19.45592 20.99641 22.73368 24.04122 26.87994 37.04385 31.60271 35.1837 39.46816
32.27777 32.01477 31.70735 31.44187 30.92265 30.34041 29.79299 29.31576 28.8664 28.54348 28.40394 28.3739 28.39553 28.50752 28.73825 29.04333 29.24005 28.72762 27.87174 27.31039 26.86016 26.35114 25.78857 25.15601 24.54136 23.86176 22.93794 21.96427 21.27902 20.65813 20.14412 19.58534 18.8506 18.15528 17.50278 16.82025 16.19982 15.67425 15.21673 14.82161 14.43707 14.07614 13.81027 13.66703 13.70807 13.88258 14.20483 14.72546 15.33035 16.02702 16.79656 17.64742 18.48501 19.61574 21.11901 22.95241 24.52273 26.16048 28.62189 31.92856 36.04396 41.1292
33.64042 33.3098 32.95053 32.63364 31.99658 31.34253 30.76453 30.27458 29.88429 29.60929 29.36215 29.17213 29.06544 29.13763 29.4321 29.86141 29.88532 29.06345 28.0411 27.18745 26.60582 26.0668 25.38444 24.71822 24.13489 23.41944 22.49116 21.53996 20.75167 20.18809 19.8974 19.54341 19.03358 18.5215 17.92688 17.25566 16.6562 16.06256 15.54487 15.09445 14.66139 14.26868 13.98803 13.80509 13.79931 13.94772 14.22608 14.69508 15.28674 15.95604 16.7283 17.59638 18.49842 19.69236 21.10728 22.78961 24.65376 26.6732 29.08911 32.44614 36.88364 43.00259
34.85509 34.49482 34.15349 33.81844 33.00055 32.21803 31.53814 30.97162 30.53544 30.19948 29.88406 29.62455 29.44594 29.50903 29.8235 30.21373 30.05452 29.23725 28.30128 27.47263 26.75287 26.00379 25.20626 24.43091 23.66943 22.76591 21.7968 20.74903 19.87955 19.36042 19.01706 18.75263 18.4656 18.13657 17.66567 17.19678 16.69456 16.17185 15.69125 15.24737 14.80307 14.40454 14.12136 13.91428 13.87203 13.99997 14.25989 14.6599 15.21023 15.84552 16.5715 17.43009 18.35659 19.5133 20.91789 22.65182 24.67709 26.97539 29.54067 33.09727 37.99649 46.53256
35.86178 35.6379 35.39762 35.08882 34.02972 33.06588 32.23469 31.55912 31.01787 30.56673 30.19113 29.85734 29.57594 29.59805 29.83105 29.96056 29.7834 29.26449 28.497 27.7847 27.0248 26.14259 25.25985 24.22221 23.16018 22.08735 20.94989 19.81177 18.9063 18.38605 18.04022 17.84338 17.65394 17.43418 17.1245 16.80326 16.45141 16.06499 15.67395 15.26904 14.84918 14.47149 14.1992 13.98787 13.90937 14.0249 14.27312 14.63573 15.10687 15.69825 16.35972 17.15883 18.09792 19.2092 20.63213 22.40692 24.64943 27.07816 29.88076 33.77928 40.36538 53.19088
36.69193 36.79474 36.74589 36.46588 35.14416 33.96834 32.97248 32.17503 31.49614 30.89146 30.41741 29.92359 29.50266 29.42713 29.47764 29.46747 29.34429 29.02323 28.55591 27.99769 27.13959 26.277 25.25702 24.03541 22.73608 21.46448 20.23629 19.0312 18.0245 17.48436 17.19169 16.98296 16.85225 16.68427 16.5134 16.31062 16.08593 15.82819 15.54098 15.19253 14.80423 14.4549 14.19919 14.01266 13.90617 14.00028 14.23257 14.58885 15.01216 15.5438 16.17178 16.8884 17.78496 18.8696 20.31513 22.07143 24.35559 27.00295 30.18389 34.31367 44.45886 47.44378
37.18253 37.98263 38.24732 37.90927 36.38054 35.03347 33.86984 32.92733 32.13107 31.35997 30.69221 29.92451 29.31129 29.00636 28.98974 28.97124 28.79803 28.44991 28.18878 27.70411 26.92051 26.05116 25.00411 23.73929 22.35565 20.97356 19.68148 18.48089 17.46782 16.84569 16.49455 16.24955 16.1088 16.00471 15.90351 15.77725 15.65016 15.49234 15.27491 14.98131 14.63902 14.32851 14.10042 13.94984 13.85857 13.9337 14.1435 14.48427 14.9097 15.41021 15.98849 16.67927 17.53373 18.56162 20.05294 21.79346 23.98984 26.92589 30.41018 34.63347 40.53355 48.22508
37.55189 39.00969 39.73295 39.29457 37.82741 36.39715 35.05256 33.90724 32.88879 31.95225 31.07841 30.08913 29.28264 28.78766 28.5772 28.43742 28.10859 27.74317 27.30198 26.81576 26.19814 25.42303 24.44593 23.23136 21.91166 20.55964 19.26243 18.10055 17.12384 16.43334 16.00015 15.70465 15.51283 15.39254 15.30335 15.23365 15.15097 15.04969 14.89136 14.65384 14.37459 14.11865 13.94036 13.82603 13.77011 13.84842 14.05813 14.37268 14.78145 15.28301 15.82735 16.48487 17.35439 18.39852 19.90716 21.71278 23.94351 26.86079 30.43734 34.9115 40.90989 48.7165
37.76495 39.74549 40.9614 40.72203 39.60981 38.21762 36.70425 35.34798 34.06781 32.86024 31.66996 30.44421 29.46573 28.83681 28.36222 27.86304 27.47244 26.95899 26.33279 25.8476 25.34227 24.72313 23.78289 22.56788 21.33476 20.11817 18.91163 17.81614 16.84215 16.13983 15.64728 15.29105 15.04612 14.9031 14.7711 14.70028 14.65895 14.59081 14.47011 14.28741 14.06391 13.86274 13.73768 13.65911 13.63473 13.72534 13.94653 14.26986 14.67208 15.16225 15.70286 16.31807 17.18815 18.31857 19.86858 21.69266 23.9711 26.98039 30.45529 34.92502 40.86212 47.59743
37.65029 40.10247 41.93281 42.48005 41.89262 40.62172 38.93047 37.34591 35.76146 34.22815 32.69246 31.2074 30.03481 29.1338 28.35447 27.62628 26.96266 26.33681 25.59307 25.05585 24.67819 24.06857 23.17635 21.99608 20.84625 19.67036 18.61958 17.59804 16.66769 15.94153 15.43014 15.02572 14.73273 14.55442 14.3949 14.25621 14.19244 14.15189 14.06547 13.92602 13.74956 13.58293 13.49479 13.4591 13.47047 13.57618 13.79533 14.13571 14.56524 15.05114 15.60542 16.23414 17.05552 18.23584 19.89466 21.73302 24.05643 27.15154 30.65186 34.81845 39.87657 44.81309
36.96266 40.09911 42.81129 44.56472 44.68922 43.59388 41.77425 39.98053 38.07776 36.21304 34.28478 32.4805 31.04945 29.8931 28.8704 27.89526 26.96615 26.06846 25.2618 24.64578 24.08076 23.52861 22.75933 21.71222 20.61681 19.53831 18.54559 17.5822 16.67372 15.91412 15.38392 14.92196 14.60547 14.3687 14.15852 13.97656 13.87337 13.81059 13.73175 13.62242 13.47656 13.3426 13.28204 13.2806 13.32023 13.44955 13.67443 13.98897 14.43174 14.9527 15.54478 16.22281 17.02137 18.17826 19.93085 21.81885 24.12566 27.27072 30.81864 34.51798 38.50364 41.23837
36.22186 39.97794 43.40631 46.25041 47.58986 46.95889 45.26319 43.43755 41.20306 38.94109 36.57886 34.36722 32.5714 31.04232 29.73253 28.56349 27.46653 26.35267 25.28153 24.39717 23.73194 23.18442 22.49577 21.6179 20.64935 19.64881 18.70958 17.75129 16.8097 16.04838 15.47343 14.96993 14.62027 14.31219 14.04725 13.8401 13.68986 13.5813 13.4799 13.37117 13.25467 13.14698 13.09775 13.11413 13.17445 13.32491 13.56656 13.88702 14.31342 14.87594 15.51686 16.24856 17.09201 18.26126 20.07143 21.98492 24.23415 27.17431 30.63689 33.89811 36.35808 37.07792
35.10207 39.31937 43.27802 46.85721 49.32962 50.05796 49.33779 47.90645 45.40504 42.607 39.71585 37.01929 34.71864 32.73158 31.01958 29.53236 28.29355 27.04157 25.72769 24.50555 23.65701 22.96036 22.26688 21.55281 20.70029 19.8137 18.96162 17.99096 16.97758 16.21645 15.63133 15.11042 14.72551 14.36137 14.05141 13.81675 13.62117 13.45517 13.32106 13.20601 13.09267 12.99017 12.93929 12.96302 13.03263 13.19703 13.46176 13.80364 14.22891 14.80396 15.49859 16.28836 17.20848 18.41855 20.26103 22.18754 24.41484 27.13104 30.04438 32.52418 33.78278 33.43045
33.71233 38.05862 42.17261 46.20366 49.77409 52.52287 53.59107 53.1306 50.73118 47.53368 44.00258 40.60258 37.68885 35.1377 32.93583 31.0465 29.6291 28.30763 26.81884 25.36798 24.33188 23.415 22.52717 21.84998 21.06659 20.24081 19.42956 18.43943 17.31758 16.48419 15.89565 15.35275 14.92434 14.51806 14.16599 13.90353 13.67212 13.45234 13.27676 13.14306 13.01185 12.89447 12.82218 12.83636 12.9053 13.06253 13.33247 13.71215 14.17311 14.75151 15.49708 16.34683 17.34916 18.63581 20.51437 22.45854 24.66511 27.14124 29.4698 31.07699 31.26015 29.91096
32.28551 36.65182 41.13787 45.67505 50.21346 54.68134 57.90873 58.99014 57.21743 54.06356 50.2312 46.17357 42.54519 39.32227 36.42503 34.00751 32.22258 30.65131 29.01808 27.50655 26.29373 25.19517 24.23165 23.45296 22.59374 21.59203 20.59892 19.50579 18.22838 17.13598 16.38893 15.75959 15.24514 14.79586 14.39607 14.09582 13.83966 13.58025 13.36465 13.20136 13.04137 12.89049 12.78447 12.77102 12.83136 12.97743 13.22183 13.59983 14.11308 14.72758 15.51151 16.42244 17.50751 18.8962 20.75313 22.67816 24.70451 26.9712 28.97797 29.809 29.06797 27.30025
31.02329 35.16176 39.86819 44.92826 50.35247 55.92772 60.9247 64.06007 63.91502 61.99955 58.73503 54.4673 50.24563 45.90118 42.10896 39.05512 36.63678 34.57937 32.6047 30.89766 29.57025 28.38827 27.41373 26.60368 25.61827 24.37235 23.00377 21.56652 19.98007 18.46978 17.31898 16.45383 15.74799 15.19842 14.73856 14.3741 14.08055 13.78742 13.53052 13.33652 13.14482 12.95768 12.81827 12.7702 12.80303 12.93993 13.16889 13.50196 14.03297 14.70686 15.53515 16.51722 17.6685 19.13463 20.93279 22.70442 24.55 26.50215 28.16503 28.3268 26.9623 24.90209
29.84129 33.60173 38.13531 43.1879 49.03873 55.16563 61.04407 66.04349 69.06507 70.03362 68.80048 65.36974 61.37748 56.22274 50.91595 46.59323 43.35756 40.48712 37.88774 35.83002 34.37201 33.20794 32.27994 31.5482 30.69337 29.25278 27.28359 25.1469 22.93773 20.76077 18.95289 17.57259 16.5518 15.77938 15.19605 14.73756 14.37772 14.04783 13.74344 13.50599 13.28322 13.06132 12.89165 12.81439 12.81177 12.93064 13.1568 13.4588 13.93747 14.66325 15.5478 16.5998 17.81463 19.33479 21.06999 22.67008 24.34684 25.98837 27.02102 26.72108 25.03696 22.91184
28.66309 31.98675 36.2979 41.22493 46.92189 53.07206 59.2797 65.53267 71.35099 75.57767 77.3885 76.70112 74.9479 70.5072 63.71653 58.08893 53.28193 49.39662 46.00434 43.27623 41.44796 40.33213 39.54998 38.92049 38.41401 37.10137 34.40588 31.25905 27.92097 24.61401 21.80885 19.56668 17.93016 16.71701 15.85613 15.23983 14.76154 14.36167 14.00272 13.71447 13.46014 13.20047 12.9946 12.88674 12.84944 12.94173 13.16258 13.46866 13.88503 14.59645 15.53854 16.65486 17.93518 19.48813 21.21275 22.69762 24.07395 25.35636 26.03598 25.39015 23.52157 21.38042
27.50229 30.41894 34.47854 38.98728 44.33728 50.47417 56.99359 63.976 70.81646 76.3187 79.70242 81.75643 83.07161 82.01324 77.57811 73.01257 67.21834 62.41688 58.25941 54.54476 51.87122 50.36557 49.91528 49.06794 48.20338 46.8731 43.73392 39.61571 34.79145 30.26879 26.47301 23.07611 20.33565 18.3217 16.96366 16.03268 15.32341 14.76379 14.31826 13.96432 13.67604 13.37451 13.1272 12.98047 12.90483 12.96502 13.17378 13.48761 13.89904 14.53984 15.50954 16.67441 18.00417 19.55691 21.24576 22.62797 23.70635 24.6066 24.90655 23.95373 22.00998 19.97015
26.38783 28.82686 32.34887 36.48943 41.46825 47.19554 53.3818 60.24134 67.14677 73.15934 77.38337 80.07 81.94981 84.32182 86.13029 86.70355 84.06015 79.32866 75.15954 70.63998 66.43684 64.40394 62.94951 61.26744 59.17526 56.95709 53.91291 48.8205 43.57893 38.35918 32.9911 28.24106 24.01737 20.87042 18.8214 17.37891 16.17965 15.31923 14.71364 14.27056 13.93124 13.58668 13.29239 13.09584 12.97068 12.98866 13.18154 13.50032 13.92223 14.50708 15.44185 16.64342 17.99802 19.53246 21.09487 22.32593 23.19137 23.72363 23.62558 22.52437 20.78863 19.05701
25.35876 27.39263 30.27269 33.91013 38.49121 43.71957 49.7264 56.14214 62.93448 69.39764 73.96911 76.04665 77.58646 81.35013 87.54211 94.57121 98.16785 96.18615 93.75287 90.09692 84.75708 80.81694 77.04339 73.15349 69.42987 66.56158 63.44736 58.41627 53.21978 47.65498 40.74806 34.63336 28.84162 24.33706 21.2944 19.09883 17.30754 16.04291 15.20394 14.63144 14.21671 13.83092 13.49221 13.23704 13.04553 13.00226 13.16275 13.48107 13.91092 14.47773 15.34473 16.54848 17.89498 19.40209 20.89655 21.87963 22.55746 22.90651 22.71874 21.63098 20.00174 18.42716
24.41208 26.20356 28.67533 31.93671 35.87844 40.62441 46.1371 51.70202 57.89378 64.08308 67.99618 69.82522 71.65915 76.47853 84.30788 95.10846 100 100 100 100 100 93.94118 86.90542 80.0144 74.48621 70.85873 67.40955 62.27336 58.13075 53.39767 45.96421 39.37556 32.80101 27.18138 23.24852 20.42757 18.30146 16.79118 15.7294 14.9869 14.48359 14.06006 13.69447 13.38677 13.127 13.00877 13.11083 13.40665 13.83975 14.41501 15.20519 16.32762 17.62802 19.06168 20.53615 21.44753 21.92083 22.10218 21.87287 20.84698 19.36942 18.00622
