py_wake/examples/data/AJ_ParqueFicticio/Ridge area   Sector 7   Height 200m   Power density.grd
DSAA
90  129
 262878   265103
 6504214   6507414
 .8078354   239.5189
[rows 54 to 80 of 129, columns 0 to 61 of 90]
127.5504 120.0498 110.9236 100.133 89.93546 79.89796 70.55999 61.3475 51.79015 45.02404 41.43775 39.12852 37.09221 33.90059 29.75501 25.41307 21.8537 19.93077 18.60559 18.16853 19.46377 21.76421 24.70424 27.77081 30.39599 31.28124 31.34964 32.24543 32.11324 31.84927 33.24787 35.38872 38.39397 42.8348 47.29239 52.26183 58.25016 64.80724 72.12653 80.22313 88.80979 97.72584 105.8811 113.0922 120.2101 125.2758 126.9655 126.3275 123.9765 120.3533 116.6464 112.3719 108.53 106.7013 109.5643 116.0652 123.6943 131.9002 141.7935 152.9924 164.9564 174.952
133.6732 128.0603 120.5785 111.3929 100.673 90.36331 81.16618 72.67628 64.25212 56.45198 50.79293 48.74991 46.16687 42.07961 37.14503 32.16005 27.84572 24.56106 22.30716 21.30618 21.84711 23.78591 26.43848 29.47266 32.79843 35.0246 36.6253 37.69857 38.32492 39.12237 40.49089 42.9388 45.54183 48.16639 50.99671 54.8275 60.70313 67.12962 73.88201 81.41187 89.77529 98.72008 106.8978 114.477 121.4482 125.9045 128.4511 129.0848 128.3058 125.1613 121.2588 117.3046 113.9538 112.4695 113.4151 122.2915 131.0871 140.0144 148.8939 157.6729 168.1279 177.5235
140.4487 136.7479 131.2216 123.2339 112.7142 102.3686 92.85046 84.51913 76.82239 69.99986 64.63495 59.88553 57.38058 52.56262 46.86794 40.86596 35.62841 31.13865 27.46482 25.1691 25.25373 26.97877 29.31142 32.81762 37.04286 40.57263 43.11213 44.80138 45.75168 47.27503 49.34775 51.9275 54.49368 56.48043 58.8094 62.33736 66.99813 72.39777 78.02216 85.01059 93.33589 101.8455 109.7571 117.4265 123.548 127.4871 130.4371 131.5061 131.5805 130.1991 126.6642 122.713 119.6599 118.38 121.1916 127.7974 135.7338 144.5188 153.3863 162.35 170.8734 178.0176
147.8469 145.4044 141.2451 134.5252 125.6734 115.6644 105.9036 98.28629 91.70432 85.83223 80.6659 77.33284 72.98081 66.2225 60.08805 52.99123 45.89608 39.87894 34.62038 31.19365 30.94924 32.43034 34.43878 37.85647 42.58479 47.10479 50.53024 52.98655 54.51194 56.95887 59.69001 62.5134 65.07956 67.65424 70.75219 74.12078 77.94711 81.80701 86.31155 92.53468 100.5758 108.5002 115.9068 122.6827 127.1099 130.7172 133.5647 134.82 135.1331 135.0105 133.2784 129.974 126.9719 125.4638 129.4655 135.295 141.9623 149.5278 157.3548 165.032 171.79 176.8947
154.2564 153.1425 149.7646 143.8114 136.5213 128.2585 120.0461 112.2863 106.097 101.5826 98.1184 95.28468 91.77348 86.05563 77.69189 68.10162 59.40323 52.60698 45.59635 41.08871 39.89995 40.5766 42.17073 45.39789 50.14107 55.1725 59.38726 62.53072 65.09757 68.17868 71.66122 75.19677 78.42588 81.70939 85.07566 88.78955 92.60316 96.40373 100.8111 106.2178 112.5547 119.1756 125.7115 130.202 133.264 136.2678 138.7901 139.9654 140.2819 140.119 139.5915 137.6906 135.1214 133.9545 138.8111 144.1288 149.5144 155.1269 160.8687 166.4403 170.4536 172.6674
161.1087 161.4983 159.7293 155.4217 149.4255 142.2828 134.8988 128.1888 122.7739 118.8346 116.3991 114.5783 111.8042 106.8338 98.93491 89.84918 79.95743 69.69338 60.06066 53.80314 51.53672 50.93888 52.26397 55.69589 60.44862 65.45587 70.13564 73.9937 77.29119 80.52502 84.79713 89.43446 93.8998 97.9033 101.7764 105.9203 109.8814 113.8761 118.2594 122.9942 127.5181 132.5197 136.6736 139.2787 141.8876 144.6552 147.0298 147.933 147.5912 146.65 145.6746 144.6805 143.0962 141.9791 147.0829 151.8688 156.3962 160.3022 163.2742 165.758 166.7578 166.0733
169.7816 171.1737 171.2068 168.9371 164.744 159.104 153.3216 147.6447 143.1496 139.1743 136.8449 135.6618 133.893 129.6591 122.7807 115.0986 105.8731 95.38893 84.60969 74.85692 69.52983 66.5039 65.2989 68.45606 73.06492 77.88792 82.7234 86.9155 90.95133 94.97558 99.33853 104.1064 109.8766 114.4662 118.6963 123.1532 126.9334 130.5799 134.4491 137.7103 140.9699 144.1356 146.0939 148.0475 150.7811 153.8412 155.7185 156.4382 156.0786 153.8907 151.557 150.0698 149.2628 148.5621 153.2675 157.3694 160.663 162.8946 163.709 162.846 160.7392 157.4704
180.6587 182.3773 182.9729 181.7634 179.0936 175.2573 171.4221 167.4424 164.3388 161.1929 159.2607 158.202 157.1963 154.3907 149.0492 142.0121 133.6022 123.7579 113.0483 102.7585 95.52663 90.80122 87.65421 87.45898 89.22609 92.71827 96.89456 101.1723 105.6374 110.216 115.083 120.4982 125.2603 128.8608 132.5762 136.6681 140.0735 143.4919 146.3879 148.6633 150.8994 152.3446 153.0319 154.2269 156.4513 158.4237 158.8854 159.3724 159.8717 158.7745 156.0226 153.8885 153.1131 152.7244 156.2846 159.1601 160.6539 160.8906 159.7686 156.8177 152.306 146.9066
192.3873 194.4954 195.7813 196.9792 196.4288 194.457 191.5266 189.1654 186.4167 183.7069 182.067 181.3173 179.906 177.0044 172.402 166.4604 160.3575 152.7959 144.0952 134.6741 126.1752 121.0292 116.8528 114.2177 113.2566 114.0638 115.4476 117.146 120.7096 124.9106 129.2096 134.0125 138.3547 141.9877 145.2439 147.5226 149.52 151.7414 153.8064 155.4986 156.8477 157.4197 157.7334 158.1726 159.0006 159.0063 158.1931 158.2899 159.2515 160.1647 159.0074 156.8995 155.5451 154.7616 156.5853 158.6085 158.3412 156.5793 153.6345 148.8557 141.9828 134.2912
200.815 203.7831 205.943 207.1971 207.7307 207.3069 206.2273 205.7556 204.5562 202.5199 200.0786 198.0509 196.3979 194.6025 192.0432 188.4943 184.2933 179.321 172.8804 165.2665 158.167 152.4969 148.0263 143.1976 139.9115 137.5927 135.5956 133.8121 135.2889 138.1224 141.2681 144.9869 148.0503 151.2058 153.6019 155.376 156.8322 157.228 157.356 158.5255 159.2106 159.461 159.7098 160.0326 159.9085 158.4022 156.9244 156.5934 157.4234 159.1187 160.1102 159.0143 157.4 156.1303 156.2139 157.4377 156.1003 152.8213 148.0933 141.6555 132.9556 123.2124
201.9497 205.7238 207.911 208.8651 209.028 208.3526 207.8262 208.1501 207.7972 207.17 206.1255 205.0687 204.4529 203.6953 202.5131 200.5434 197.6521 194.5726 190.8651 186.4333 181.265 175.536 170.0482 165.1464 160.5714 155.5475 151.22 147.528 147.2398 148.4542 150.6267 152.748 154.9283 156.8065 158.1265 159.274 159.8989 159.6541 158.0763 157.4154 157.8057 157.8073 157.744 157.9902 158.0986 156.7378 154.9665 154.3204 154.942 156.635 158.7692 159.4896 158.2646 156.7239 155.0266 156.2122 153.9694 149.9696 144.0667 136.5414 126.5633 115.7859
194.519 198.5567 202.2031 204.0085 204.4482 204.2143 204.5859 204.8055 205.0139 204.5078 203.7664 202.7292 201.6625 201.2389 200.3201 199.3867 198.1146 196.5996 194.3687 191.8139 188.1843 183.7421 178.8414 174.2884 169.8285 164.9542 159.7805 154.8248 154.3926 154.4962 155.0558 155.9913 156.7656 157.4863 157.5542 157.5921 157.0288 155.5944 153.3396 151.0373 151.4986 151.5523 151.4666 151.8574 153.0592 153.4038 152.3586 151.7209 152.1973 153.7295 155.9943 157.819 157.4863 155.9458 154.1219 153.3721 151.4728 147.3012 141.1533 133.5077 123.4651 112.4303
180.6684 184.872 189.5014 193.1075 194.318 194.0799 194.238 193.8719 192.9581 191.7895 189.926 188.0807 186.4206 185.7684 186.2306 186.7488 186.5924 185.8771 184.7681 183.0688 181.2492 178.7924 175.2281 171.1045 167.6474 164.1271 159.8091 156.6516 156.1766 155.3249 154.6169 154.2999 153.7073 153.0017 151.8384 150.5808 148.4294 145.6459 142.8521 140.1255 140.7199 141.7844 142.6124 143.516 145.4122 148.2104 149.1452 148.9062 149.4134 150.8085 152.8754 154.8433 154.9495 153.6155 152.0396 149.89 148.638 145.2065 139.4152 132.0529 122.3882 111.1708
163.8239 167.3445 171.836 177.1665 180.2726 180.4324 179.8386 178.3387 175.9231 172.9503 169.7651 166.6311 164.4726 164.2279 165.4586 167.6592 168.0356 167.3386 166.4087 165.8026 165.1335 163.4263 160.9257 158.131 155.4255 152.3983 151.4442 151.4683 150.7092 149.925 149.259 148.3519 146.527 144.5261 142.4429 140.1875 136.7514 132.9891 129.6889 127.2653 128.3943 130.424 132.7351 134.7597 137.5118 141.6155 144.8559 145.928 146.7378 148.2049 150.2392 152.1666 152.3613 151.2884 150.1429 148.4817 146.4159 143.6762 138.5117 131.3585 122.0053 111.0153
145.248 148.3698 151.9568 156.4733 160.471 162.5613 162.4784 160.262 156.1798 151.4164 147.2656 143.6875 141.3349 140.9481 142.0103 144.5411 146.3436 145.6955 144.6442 144.2797 144.4142 143.2821 141.1342 138.971 138.2112 138.306 138.3256 138.2296 137.5128 137.0156 136.4711 135.6256 133.4856 130.6133 128.3729 125.7425 122.312 118.3745 114.8076 113.2757 115.3764 118.2097 121.9341 125.8749 129.4955 134.0607 139.1822 142.5588 144.1804 145.9874 148.1973 150.2157 150.4584 149.4558 148.4521 147.0164 143.2541 140.6341 136.1615 129.6593 120.9978 110.5977
127.3476 129.3798 132.4318 135.2674 137.6479 139.0536 138.8889 136.9944 133.3098 128.952 124.4806 121.0285 119.0008 118.0983 118.5323 120.1283 122.0031 122.3394 121.684 120.6935 120.4408 120.1285 119.2244 119.9158 120.6338 121.2179 120.9228 119.9002 119.1616 118.8348 118.0895 117.16 115.4004 112.3955 109.3722 106.5039 103.7442 100.7236 98.30817 98.3765 101.3294 105.2108 110.0561 116.2728 121.3334 126.3918 132.4257 138.4304 141.824 144.3083 146.9123 148.9723 148.8808 147.2535 145.4807 142.8954 137.7385 132.6219 128.6022 123.5428 116.7242 108.6235
110.6726 112.3463 114.5106 115.8316 116.1372 115.5805 113.4783 109.895 105.8564 100.6416 95.90524 92.60355 90.61211 90.88641 92.6038 94.72201 96.31169 97.43703 97.84628 97.57576 97.22961 99.16679 100.7996 101.5219 102.2795 102.5324 102.3067 100.8686 99.79199 98.56768 97.53186 96.42577 94.63799 91.65781 88.57014 85.22648 82.22601 80.22887 79.43474 82.65107 86.75372 91.68624 98.03944 105.9194 113.779 119.5749 126.1701 133.5307 139.167 142.6908 145.7199 147.9108 147.4787 145.068 142.2408 138.1051 132.1393 126.3862 120.7862 116.1327 111.07 104.7098
95.77905 96.41981 98.1638 97.85082 93.90147 87.83255 81.19314 75.08661 68.25559 61.0376 57.10722 54.36482 52.80337 55.72831 59.87589 63.91954 65.94384 68.31964 70.97043 74.44139 77.45219 80.17609 82.07045 83.14954 83.90138 83.9712 83.21813 81.7991 80.33141 78.85641 77.5788 76.32423 74.49374 72.02528 69.30462 66.03507 63.18652 60.40792 59.56212 65.19058 73.17007 79.50967 86.86523 96.04681 106.302 113.752 120.8585 128.7921 136.3178 141.296 144.6712 146.4066 145.4913 142.6258 139.0258 133.7754 127.4575 121.5001 115.8521 110.4282 105.5167 99.73957
83.82338 80.27723 78.30296 74.47001 64.5475 53.37138 45.14996 39.53682 33.85406 28.50824 24.76396 22.64021 22.43526 24.80409 29.00608 32.66305 36.27545 40.59238 45.33006 49.84526 54.35144 58.82318 61.76048 62.97613 63.75433 63.88052 63.49597 62.22122 60.58201 58.71307 57.44954 56.94687 55.87663 54.13058 51.68308 49.62074 48.73046 47.2318 46.45673 51.59568 61.84568 70.37978 78.62545 88.68322 99.98389 109.3809 116.5671 124.169 131.3978 136.4115 139.1488 140.2038 139.5776 137.5883 134.2127 129.0652 123.2165 117.2401 111.5588 106.1326 26.83248 20.66431
68.23212 62.00436 54.30165 43.21205 30.00048 21.04732 17.22503 14.78852 11.5415 9.145977 7.940042 7.622587 8.096769 8.950886 10.6502 13.29883 15.8045 19.25659 22.75002 26.74182 31.27758 35.21745 38.43153 40.24114 40.84647 41.04036 41.08157 40.46981 39.48895 38.15709 37.64165 37.59943 38.65212 39.14215 38.10377 37.86469 39.43252 40.24595 41.73153 46.27764 56.21953 65.72585 74.76728 85.15705 96.65422 106.8192 113.433 120.0191 125.7866 129.5711 131.6084 132.7542 132.8958 131.8803 129.0497 124.5736 119.4119 113.6368 108.0018 102.4691 97.12974 90.02174
49.87576 41.79998 32.29252 21.63099 12.3758 6.356137 3.32563 2.240579 2.222328 2.547814 2.844668 3.218853 3.58888 4.045208 4.444989 4.560738 5.462241 7.552304 9.647703 12.54462 16.12712 18.3449 19.49238 20.93857 21.69255 21.48784 20.67249 20.13708 19.4566 19.27576 19.62004 20.1653 22.90745 26.34676 28.66349 30.92945 33.66129 36.52143 39.88916 44.91639 54.23264 63.96632 73.96747 84.77114 96.09074 105.9296 111.7173 117.2599 121.6096 124.2466 126.0497 127.4603 127.8931 126.7923 124.0234 120.233 115.4372 110.2313 104.9734 99.67567 93.75961 86.41123
35.21267 26.35013 17.59624 10.44575 5.38095 2.545699 1.281717 .9877858 1.366655 1.931251 2.344331 2.510606 2.384067 2.390383 2.716132 2.766628 2.632029 3.122114 4.324268 6.256552 8.869289 10.30465 10.20887 9.976376 10.57324 11.14203 10.46355 9.039314 7.972641 8.617455 9.565911 10.16643 12.82361 18.11669 23.05579 27.36134 31.61735 35.74893 39.69404 45.32716 54.639 64.49038 74.76542 85.45744 96.52759 105.8706 110.9538 115.632 118.697 120.3613 121.8258 123.0751 122.9543 120.8819 118.1238 115.0545 110.6304 106.0258 101.5309 96.82076 90.95364 83.74624
25.41943 17.87875 11.08503 6.236839 3.257454 1.742184 1.678881 1.024063 1.579591 2.273735 2.799817 2.975189 2.785544 2.61783 2.813276 2.751294 2.474659 2.701313 3.776139 5.54806 7.26597 8.109535 8.08842 7.652267 7.816974 8.315582 7.910856 6.906338 6.00911 6.34515 7.351704 8.144979 10.3902 15.77081 21.81765 27.7586 33.29979 38.39021 42.79521 49.25134 58.45131 68.18288 78.35374 88.34509 98.83285 107.0298 111.2114 114.7395 116.2794 116.9463 117.6945 117.5688 115.6116 112.6708 109.9175 107.0988 103.5956 100.2056 97.04316 93.51634 88.36061 81.78521
18.08392 12.34386 7.735984 4.613613 2.798418 2.430494 1.710733 1.905904 2.725973 3.697612 4.445139 4.652632 4.797209 4.732433 4.501086 4.272334 3.951356 4.119748 4.815367 6.130107 7.578827 8.506594 8.858139 8.795075 8.800347 8.890735 8.603195 8.066984 7.739758 8.197586 9.035466 10.20951 13.02692 18.07329 24.33295 30.93225 37.34391 43.58055 49.61262 57.188 66.06201 75.65034 84.93043 93.54046 102.7718 108.9768 112.2054 114.285 114.406 113.9166 112.1189 108.7877 105.1321 101.706 98.57731 95.98422 93.7394 91.87097 90.1724 88.0916 84.48319 80.00528
13.38684 8.798508 5.778551 4.173722 3.209811 2.790543 2.831417 3.612869 5.032367 6.448443 7.688979 8.879712 9.13965 8.804395 8.22957 7.904194 7.766232 7.483436 7.675748 8.500276 9.794174 10.804 11.51519 12.10996 12.31959 11.88125 11.37969 11.18028 11.43814 11.89296 12.55373 14.12874 17.56294 22.62574 29.33548 36.58296 43.82926 51.16318 58.97742 67.29343 75.87624 85.0537 93.16139 100.9099 108.2397 111.7189 113.725 114.0458 112.9038 110.3413 104.5408 98.42572 93.54958 89.35841 85.80148 83.27267 82.09212 81.50335 80.95863 80.36692 79.03432 77.02026
11.88635 7.882513 5.627262 5.065436 4.678708 4.444963 4.877722 6.567706 8.999928 11.61433 14.17903 15.71315 16.02088 15.64175 15.30542 14.64277 14.03114 13.42048 13.30922 13.68249 14.50988 15.33396 16.31583 17.30034 17.48544 16.71467 16.04273 16.17671 16.49862 16.55683 17.15063 19.16783 22.53458 28.19915 35.99437 44.20471 52.31772 60.77663 69.77752 78.36659 86.91113 94.76022 101.8214 109.0807 114.043 115.1848 115.6653 114.3365 111.8964 105.7864 97.6457 89.6841 82.92818 77.62441 73.51218 70.82281 69.729 69.48694 69.88237 70.70259 71.13969 71.39769
13.74777 10.21986 8.557253 8.246879 8.062201 8.324375 9.7344 12.42945 16.54338 21.09999 24.8123 27.10461 27.89343 27.75652 26.69789 25.38982 24.11583 22.91471 22.45316 22.09711 22.60168 23.38865 24.40855 25.03339 24.88731 24.18962 23.54343 23.40282 23.28591 23.20056 23.8933 25.85366 29.19773 35.39424 43.7826 52.79424 61.84296 71.29124 81.04824 90.14084 98.40275 104.9517 111.4019 116.8738 118.8401 118.695 117.6679 115.2204 111.139 102.6627 93.26221 83.73956 75.01481 67.85775 62.2976 58.75346 57.48746 56.75946 57.21923 58.57581 60.12006 61.66056
