py_wake/examples/data/AJ_ParqueFicticio/Ridge area   Sector 6   Height 200m   Turbulence intensity.grd
DSAA
90  129
 262878   265103
 6504214   6507414
 12.90642   98.28019
[rows 81 to 107 of 129, columns 0 to 61 of 90]
38.76532 36.90178 34.99853 33.38801 32.08331 31.0153 30.11289 29.17095 28.07803 27.12676 26.30047 25.51502 25.04867 24.90685 24.88265 24.8261 24.71658 24.83303 24.99027 25.17241 25.31849 25.26079 25.22236 25.23197 25.34488 25.51445 25.76063 25.95876 26.04147 25.96118 25.66505 25.0561 24.02582 22.71759 21.30744 19.95542 18.80757 17.82806 17.03456 16.4026 15.97629 15.64082 15.38145 15.22287 15.15007 15.10731 15.12294 15.18569 15.51623 16.01534 16.63754 17.38833 18.15702 18.89645 19.51354 19.97974 20.30264 20.55717 20.74915 20.89243 21.10957 21.40397
34.00338 31.94024 30.14244 28.73199 27.58184 26.75773 26.02285 25.33449 24.78834 24.24051 23.52194 22.7964 22.31696 22.16372 22.14924 22.15954 22.25217 22.28696 22.20828 22.17764 22.34973 22.60966 22.85679 22.93893 22.95988 23.00531 23.15593 23.27846 23.31423 23.3077 23.16017 22.83768 22.18981 21.17642 20.1033 19.0754 18.12089 17.2688 16.55047 16.03496 15.68026 15.33386 15.12478 15.05474 15.00811 14.99052 15.02359 15.08745 15.50849 16.05043 16.76128 17.6718 18.65602 31.92931 20.60496 21.3792 21.94261 22.33774 22.51919 22.53621 22.60679 22.76527
30.47075 28.44988 26.74759 25.50181 24.72126 24.08034 23.53686 23.25955 22.9982 22.52211 21.98451 21.49851 20.92301 20.527 20.6044 20.82462 20.99681 21.01482 20.8115 20.57195 20.85266 21.20618 21.46865 21.49803 21.3591 21.24525 21.28632 21.30096 21.23279 21.23587 21.23471 21.10413 20.68884 19.94537 19.13916 18.38159 17.58512 16.87578 16.24623 15.84191 15.51315 15.17161 14.96898 14.90182 14.85565 14.84663 14.87539 14.96078 15.35934 15.91271 16.65916 17.66542 18.8321 30.31498 35.48809 39.23939 39.61765 38.54155 24.15853 24.21086 24.24661 24.27404
27.86123 26.03341 24.59298 23.63358 23.05399 22.5968 22.30491 22.14909 21.93602 21.57042 21.24407 20.96203 20.59938 20.30232 20.2873 20.42594 20.57736 20.63755 20.54253 20.38073 20.52169 20.75505 20.92697 20.92383 20.70535 20.39803 20.20157 20.05072 19.84836 19.77155 19.74006 19.59314 19.29286 18.83501 18.27262 17.715 17.16241 16.59024 16.09106 15.77086 15.45765 15.12338 14.89258 14.80273 14.73912 14.70543 14.71153 14.85286 15.19077 15.69931 16.40863 17.35322 18.52756 27.52239 34.04395 38.66631 41.32915 40.45617 39.38042 38.91983 39.21906 39.91451
25.96282 24.4201 23.26919 22.48104 21.93015 21.66165 21.54745 21.42277 21.2381 21.04485 20.95286 20.93383 20.89375 20.77957 20.70123 20.72236 20.8359 20.92874 20.96162 20.9124 20.96217 21.08017 21.14576 21.04833 20.74732 20.26175 19.81022 19.40845 19.01733 18.78948 18.54642 18.30039 18.07777 17.83103 17.4731 17.08355 16.75882 16.3402 15.99269 15.75639 15.48334 15.18105 14.92234 14.75964 14.6589 14.59422 14.60868 14.73653 15.00285 15.4413 16.07304 16.89592 17.97278 23.03822 31.348 36.40325 39.88173 41.40282 40.39239 39.83542 40.02551 40.72715
24.63556 23.38397 22.44971 21.76296 21.28183 21.14235 21.16506 21.17939 21.09946 20.99656 21.06611 21.24499 21.39157 21.42083 21.42391 21.39247 21.3869 21.46052 21.55521 21.60159 21.6851 21.74081 21.70699 21.45633 21.03464 20.42831 19.77948 19.15397 18.56946 18.14692 17.75036 17.38611 17.1839 17.03692 16.82285 16.64571 16.42315 16.12918 15.91146 15.75423 15.56508 15.36627 15.17292 14.99771 14.83435 14.72498 14.67688 14.70871 14.85794 15.20393 15.73046 16.4103 17.34862 18.54539 27.79543 33.08802 36.69753 39.41207 40.96484 40.65474 40.74633 41.47404
23.81024 22.78989 22.05383 21.50599 21.148 21.10424 21.2198 21.36674 21.46134 21.49383 21.61697 21.81161 21.99366 22.11368 22.22965 22.27324 22.25572 22.24199 22.26863 22.34089 22.42582 22.45677 22.30344 21.87497 21.33959 20.68241 19.86301 19.08907 18.39206 17.8196 17.33466 16.9394 16.6845 16.49821 16.39377 16.30982 16.13765 15.93811 15.82333 15.74803 15.68176 15.60341 15.49985 15.37832 15.19689 15.02519 14.89513 14.84016 14.86615 15.07457 15.46624 16.01015 16.77074 17.7638 23.25836 29.29656 33.02044 35.91129 38.45986 40.44046 40.86128 41.49773
23.40953 22.58174 21.98956 21.59464 21.40183 21.41494 21.56812 21.79145 22.01829 22.24284 22.45418 22.66 22.83228 22.98958 23.17061 23.32783 23.40608 23.31923 23.19396 23.15263 23.13257 23.01193 22.73769 22.15475 21.51468 20.78872 19.9231 19.0992 18.34151 17.70251 17.17114 16.74658 16.43482 16.2362 16.15619 16.0825 15.93953 15.79566 15.73983 15.77029 15.84095 15.83596 15.78897 15.7024 15.54162 15.36821 15.21509 15.12227 15.07934 15.13838 15.3694 15.76434 16.32373 17.06907 18.03454 25.27249 29.44851 32.37182 34.99252 37.4617 39.62196 40.8022
23.2213 22.55331 22.06804 21.80579 21.80791 21.93885 22.13029 22.39544 22.70193 23.03961 23.35974 23.64556 23.89933 24.1216 24.33665 24.54947 24.69757 24.54353 24.31288 24.08841 23.87942 23.55921 23.13037 22.44701 21.65347 20.84747 20.00037 19.1638 18.35938 17.68265 17.10549 16.63027 16.26307 16.07461 16.00699 15.91856 15.78478 15.67121 15.66718 15.81182 16.00046 16.10669 16.15797 16.15777 16.07927 15.92744 15.73245 15.57524 15.43826 15.39069 15.4497 15.66045 16.02104 16.52789 17.21162 20.2253 26.00593 29.22973 31.75887 34.19581 36.51934 38.95353
23.19439 22.66929 22.22547 22.06137 22.23495 22.51657 22.8137 23.10699 23.43363 23.79331 24.17175 24.54676 24.98178 25.36148 25.57266 25.6979 25.79848 25.66322 25.37302 25.08582 24.70876 24.19927 23.62113 22.80964 21.86022 20.95115 20.07912 19.21683 18.38882 17.69885 17.1025 16.59184 16.17437 15.98802 15.92667 15.83688 15.70395 15.59817 15.64558 15.85684 16.2532 16.53583 16.65266 16.69094 16.67605 16.57957 16.38577 16.16714 15.95062 15.79738 15.72324 15.73965 15.90977 16.24376 16.69745 17.23169 22.08001 26.52307 29.2076 31.5791 33.75412 36.14381
23.51478 23.10068 22.756 22.63249 22.85912 23.21549 23.55067 23.82874 24.13051 24.45087 24.77963 25.18351 25.69736 26.15835 26.32722 26.24718 26.21282 26.07746 25.77127 25.44695 25.00524 24.32189 23.7152 22.81602 21.79 20.89797 20.04895 19.17484 18.40123 17.77794 17.21818 16.74093 16.3361 16.13632 16.07457 16.00472 15.90887 15.82965 15.86631 16.15408 16.57327 16.93214 17.14259 17.29278 17.37289 17.315 17.12324 16.88595 16.64075 16.38145 16.18966 16.0655 16.09959 16.31751 16.62349 16.94073 17.29066 23.72245 27.41914 29.89445 31.85156 33.93979
24.36644 23.98257 23.7607 23.75454 23.94912 24.26725 24.59735 24.83067 25.00968 25.15154 25.31562 25.55163 25.82037 26.04725 26.06947 25.94717 25.86401 25.61597 25.23199 24.87424 24.30474 23.53523 22.83656 21.99656 21.14727 20.42386 19.72455 18.98294 18.33827 17.84334 17.37325 17.0046 16.69435 16.49724 16.40502 16.32407 16.26909 16.26306 16.3389 16.61475 17.03538 17.46622 17.78638 18.03533 18.2137 18.17032 17.95448 17.66708 17.38049 17.09864 16.86851 16.68624 16.63524 16.75667 16.94112 17.0921 17.23649 19.81394 25.82592 28.83643 30.69712 32.40271
25.62665 25.23235 25.06961 25.10012 25.35957 25.67887 25.94802 26.04436 26.04404 25.8917 25.73315 25.63587 25.58996 25.55013 25.37249 25.18972 25.05034 24.70886 24.2412 23.71018 22.96935 22.2329 21.51012 20.81922 20.24076 19.67943 19.15741 18.63601 18.20892 17.84109 17.46595 17.19942 16.99596 16.86369 16.78788 16.69956 16.68664 16.72601 16.86033 17.18053 17.68337 18.15376 18.60894 18.95611 19.20404 19.20235 18.96484 18.58732 18.24139 17.93855 17.67534 17.45926 17.36477 17.4256 17.51547 17.54602 17.54621 17.58521 22.12013 27.10083 29.57642 31.24861
27.00633 26.67184 26.3705 26.31649 26.51406 26.87203 27.26495 27.25448 26.88416 26.47103 26.03351 25.58793 25.29514 25.01188 24.61651 24.28165 23.95279 23.51263 23.00638 22.35117 21.62128 20.8921 20.29232 19.83059 19.40713 19.03907 18.67719 18.33057 18.09513 17.83667 17.55033 17.35893 17.2607 17.23906 17.23148 17.18567 17.2162 17.27395 17.43786 17.77223 18.30972 18.91056 19.46776 19.95902 20.3563 20.4189 20.15504 19.72947 19.31257 18.93077 18.58306 18.3335 18.23686 18.25489 18.2983 18.26284 18.12841 17.98415 17.85929 21.06431 26.94918 29.71679
28.29087 27.96128 27.55731 27.29503 27.34562 27.60565 27.76889 27.59383 26.99219 26.43442 25.86482 25.20484 24.72306 24.25891 23.7212 23.23161 22.75712 22.26811 21.71324 21.10275 20.46661 19.85652 19.3699 18.98536 18.67876 18.46211 18.2486 18.09628 18.02351 17.89901 17.74827 17.63969 17.5856 17.61782 17.651 17.66016 17.68496 17.74053 17.89142 18.2817 18.8908 19.53017 20.21474 20.95147 21.626 21.83322 21.57915 21.06296 20.50809 20.00994 19.59226 19.30326 19.18494 19.2163 19.21359 19.13596 18.91173 18.62441 18.32452 18.03736 17.82611 24.54373
29.56768 29.082 28.57466 28.10161 27.93638 27.82429 27.6467 27.26644 26.5163 25.87425 25.20479 24.51242 23.89268 23.27745 22.68557 22.14866 21.61631 21.04672 20.48415 19.94322 19.45284 18.97264 18.56364 18.23609 18.0207 17.8627 17.79992 17.86686 17.94607 17.97946 17.99468 18.01455 18.02635 18.10248 18.15796 18.19251 18.21022 18.21087 18.342 18.70103 19.32391 20.04881 20.90964 21.93585 22.94301 23.43321 23.23263 22.58826 21.88839 21.27053 20.78935 20.41144 20.21336 20.21577 20.18757 20.07107 19.81574 19.47391 19.089 18.67699 18.31169 18.05186
30.58474 29.96055 29.30713 28.69428 28.23246 27.79263 27.36437 26.74335 25.88128 25.14151 24.41998 23.74748 23.10395 22.43532 21.79195 21.19555 20.63926 20.05655 19.49454 19.00661 18.56686 18.14518 17.79516 17.61028 17.50293 17.39267 17.43692 17.62728 17.83851 18.05599 18.27835 18.47151 18.62 18.76312 18.84065 18.88545 18.86521 18.76553 18.80058 19.07041 19.67974 20.52707 21.5721 22.86797 24.27973 32.68407 36.88726 24.41046 23.64727 22.85202 22.16608 21.61644 21.36947 21.30954 21.25534 21.11247 20.83751 20.49122 20.03199 19.47358 18.93409 18.47759
30.77305 30.23217 29.57371 28.94794 28.28898 27.64687 27.0498 26.23905 25.36996 24.59455 23.86606 23.14512 22.46784 21.7974 21.11892 20.46734 19.88632 19.35041 18.84255 18.38368 17.95755 17.59859 17.32848 17.24193 17.21432 17.18049 17.28112 17.52643 17.80802 18.1606 18.55483 18.91271 19.21904 19.4748 19.63873 19.7137 19.59449 19.40187 19.3087 19.46988 19.95138 20.79046 21.9545 23.4759 26.88881 38.4992 37.17182 37.16821 37.98754 27.90128 23.73957 23.00962 22.70609 22.58408 22.47707 22.31804 22.03516 21.65394 21.10562 20.35367 19.60312 18.95512
30.20991 29.67116 29.09996 28.56854 27.85496 27.19113 26.61553 25.78475 24.91701 24.13253 23.40021 22.68559 21.98472 21.32025 20.68792 20.07445 19.49999 19.01225 18.58298 18.19445 17.83758 17.53198 17.31017 17.24278 17.24619 17.2537 17.35443 17.59895 17.90366 18.33423 18.8567 19.37456 19.84843 20.26357 20.53378 20.62139 20.38641 20.08558 19.86673 19.85225 20.10586 20.79834 21.94974 23.54712 31.06899 39.21547 38.18686 38.2252 38.0654 38.47057 33.97098 26.19932 24.27454 24.06027 23.89852 23.70285 23.40364 22.95667 22.30733 21.42375 20.50864 19.71124
1.70141E+38 1.70141E+38 1.70141E+38 1.70141E+38 1.70141E+38 1.70141E+38 1.70141E+38 1.70141E+38 1.70141E+38 1.70141E+38 1.70141E+38 1.70141E+38 1.70141E+38 1.70141E+38 1.70141E+38 1.70141E+38 1.70141E+38 1.70141E+38 1.70141E+38 1.70141E+38 1.70141E+38 1.70141E+38 1.70141E+38 1.70141E+38 1.70141E+38 1.70141E+38 1.70141E+38 1.70141E+38 1.70141E+38 1.70141E+38 1.70141E+38 1.70141E+38 1.70141E+38 1.70141E+38 1.70141E+38 1.70141E+38 1.70141E+38 1.70141E+38 1.70141E+38 1.70141E+38 1.70141E+38 1.70141E+38 1.70141E+38 1.70141E+38 1.70141E+38 1.70141E+38 1.70141E+38 1.70141E+38 1.70141E+38 1.70141E+38 1.70141E+38 1.70141E+38 1.70141E+38 1.70141E+38 1.70141E+38 1.70141E+38 1.70141E+38 1.70141E+38 1.70141E+38 1.70141E+38 1.70141E+38 1.70141E+38
1.70141E+38 1.70141E+38 1.70141E+38 1.70141E+38 1.70141E+38 1.70141E+38 1.70141E+38 1.70141E+38 1.70141E+38 1.70141E+38 1.70141E+38 1.70141E+38 1.70141E+38 1.70141E+38 1.70141E+38 1.70141E+38 1.70141E+38 1.70141E+38 1.70141E+38 1.70141E+38 1.70141E+38 1.70141E+38 1.70141E+38 1.70141E+38 1.70141E+38 1.70141E+38 1.70141E+38 1.70141E+38 1.70141E+38 1.70141E+38 1.70141E+38 1.70141E+38 1.70141E+38 1.70141E+38 1.70141E+38 1.70141E+38 1.70141E+38 1.70141E+38 1.70141E+38 1.70141E+38 1.70141E+38 1.70141E+38 1.70141E+38 1.70141E+38 1.70141E+38 1.70141E+38 1.70141E+38 1.70141E+38 1.70141E+38 1.70141E+38 1.70141E+38 1.70141E+38 1.70141E+38 1.70141E+38 1.70141E+38 1.70141E+38 1.70141E+38 1.70141E+38 1.70141E+38 1.70141E+38 1.70141E+38 1.70141E+38
1.70141E+38 1.70141E+38 1.70141E+38 1.70141E+38 1.70141E+38 1.70141E+38 1.70141E+38 1.70141E+38 1.70141E+38 1.70141E+38 1.70141E+38 1.70141E+38 1.70141E+38 1.70141E+38 1.70141E+38 1.70141E+38 1.70141E+38 1.70141E+38 1.70141E+38 1.70141E+38 1.70141E+38 1.70141E+38 1.70141E+38 1.70141E+38 1.70141E+38 1.70141E+38 1.70141E+38 1.70141E+38 1.70141E+38 1.70141E+38 1.70141E+38 1.70141E+38 1.70141E+38 1.70141E+38 1.70141E+38 1.70141E+38 1.70141E+38 1.70141E+38 1.70141E+38 1.70141E+38 1.70141E+38 1.70141E+38 1.70141E+38 1.70141E+38 1.70141E+38 1.70141E+38 1.70141E+38 1.70141E+38 1.70141E+38 1.70141E+38 1.70141E+38 1.70141E+38 1.70141E+38 1.70141E+38 1.70141E+38 1.70141E+38 1.70141E+38 1.70141E+38 1.70141E+38 1.70141E+38 1.70141E+38 1.70141E+38
1.70141E+38 1.70141E+38 1.70141E+38 1.70141E+38 1.70141E+38 1.70141E+38 1.70141E+38 1.70141E+38 1.70141E+38 1.70141E+38 1.70141E+38 1.70141E+38 1.70141E+38 1.70141E+38 1.70141E+38 1.70141E+38 1.70141E+38 1.70141E+38 1.70141E+38 1.70141E+38 1.70141E+38 1.70141E+38 1.70141E+38 1.70141E+38 1.70141E+38 1.70141E+38 1.70141E+38 1.70141E+38 1.70141E+38 1.70141E+38 1.70141E+38 1.70141E+38 1.70141E+38 1.70141E+38 1.70141E+38 1.70141E+38 1.70141E+38 1.70141E+38 1.70141E+38 1.70141E+38 1.70141E+38 1.70141E+38 1.70141E+38 1.70141E+38 1.70141E+38 1.70141E+38 1.70141E+38 1.70141E+38 1.70141E+38 1.70141E+38 1.70141E+38 1.70141E+38 1.70141E+38 1.70141E+38 1.70141E+38 1.70141E+38 1.70141E+38 1.70141E+38 1.70141E+38 1.70141E+38 1.70141E+38 1.70141E+38
1.70141E+38 1.70141E+38 1.70141E+38 1.70141E+38 1.70141E+38 1.70141E+38 1.70141E+38 1.70141E+38 1.70141E+38 1.70141E+38 1.70141E+38 1.70141E+38 1.70141E+38 1.70141E+38 1.70141E+38 1.70141E+38 1.70141E+38 1.70141E+38 1.70141E+38 1.70141E+38 1.70141E+38 1.70141E+38 1.70141E+38 1.70141E+38 1.70141E+38 1.70141E+38 1.70141E+38 1.70141E+38 1.70141E+38 1.70141E+38 1.70141E+38 1.70141E+38 1.70141E+38 1.70141E+38 1.70141E+38 1.70141E+38 1.70141E+38 1.70141E+38 1.70141E+38 1.70141E+38 1.70141E+38 1.70141E+38 1.70141E+38 1.70141E+38 1.70141E+38 1.70141E+38 1.70141E+38 1.70141E+38 1.70141E+38 1.70141E+38 1.70141E+38 1.70141E+38 1.70141E+38 1.70141E+38 1.70141E+38 1.70141E+38 1.70141E+38 1.70141E+38 1.70141E+38 1.70141E+38 1.70141E+38 1.70141E+38
1.70141E+38 1.70141E+38 1.70141E+38 1.70141E+38 1.70141E+38 1.70141E+38 1.70141E+38 1.70141E+38 1.70141E+38 1.70141E+38 1.70141E+38 1.70141E+38 1.70141E+38 1.70141E+38 1.70141E+38 1.70141E+38 1.70141E+38 1.70141E+38 1.70141E+38 1.70141E+38 1.70141E+38 1.70141E+38 1.70141E+38 1.70141E+38 1.70141E+38 1.70141E+38 1.70141E+38 1.70141E+38 1.70141E+38 1.70141E+38 1.70141E+38 1.70141E+38 1.70141E+38 1.70141E+38 1.70141E+38 1.70141E+38 1.70141E+38 1.70141E+38 1.70141E+38 1.70141E+38 1.70141E+38 1.70141E+38 1.70141E+38 1.70141E+38 1.70141E+38 1.70141E+38 1.70141E+38 1.70141E+38 1.70141E+38 1.70141E+38 1.70141E+38 1.70141E+38 1.70141E+38 1.70141E+38 1.70141E+38 1.70141E+38 1.70141E+38 1.70141E+38 1.70141E+38 1.70141E+38 1.70141E+38 1.70141E+38
1.70141E+38 1.70141E+38 1.70141E+38 1.70141E+38 1.70141E+38 1.70141E+38 1.70141E+38 1.70141E+38 1.70141E+38 1.70141E+38 1.70141E+38 1.70141E+38 1.70141E+38 1.70141E+38 1.70141E+38 1.70141E+38 1.70141E+38 1.70141E+38 1.70141E+38 1.70141E+38 1.70141E+38 1.70141E+38 1.70141E+38 1.70141E+38 1.70141E+38 1.70141E+38 1.70141E+38 1.70141E+38 1.70141E+38 1.70141E+38 1.70141E+38 1.70141E+38 1.70141E+38 1.70141E+38 1.70141E+38 1.70141E+38 1.70141E+38 1.70141E+38 1.70141E+38 1.70141E+38 1.70141E+38 1.70141E+38 1.70141E+38 1.70141E+38 1.70141E+38 1.70141E+38 1.70141E+38 1.70141E+38 1.70141E+38 1.70141E+38 1.70141E+38 1.70141E+38 1.70141E+38 1.70141E+38 1.70141E+38 1.70141E+38 1.70141E+38 1.70141E+38 1.70141E+38 1.70141E+38 1.70141E+38 1.70141E+38
1.70141E+38 1.70141E+38 1.70141E+38 1.70141E+38 1.70141E+38 1.70141E+38 1.70141E+38 1.70141E+38 1.70141E+38 1.70141E+38 1.70141E+38 1.70141E+38 1.70141E+38 1.70141E+38 1.70141E+38 1.70141E+38 1.70141E+38 1.70141E+38 1.70141E+38 1.70141E+38 1.70141E+38 1.70141E+38 1.70141E+38 1.70141E+38 1.70141E+38 1.70141E+38 1.70141E+38 1.70141E+38 1.70141E+38 1.70141E+38 1.70141E+38 1.70141E+38 1.70141E+38 1.70141E+38 1.70141E+38 1.70141E+38 1.70141E+38 1.70141E+38 1.70141E+38 1.70141E+38 1.70141E+38 1.70141E+38 1.70141E+38 1.70141E+38 1.70141E+38 1.70141E+38 1.70141E+38 1.70141E+38 1.70141E+38 1.70141E+38 1.70141E+38 1.70141E+38 1.70141E+38 1.70141E+38 1.70141E+38 1.70141E+38 1.70141E+38 1.70141E+38 1.70141E+38 1.70141E+38 1.70141E+38 1.70141E+38
