py_wake/examples/data/AJ_ParqueFicticio/Ridge area   Sector 7   Height 200m   Weibull-A.grd
DSAA
90  129
 262878   265103
 6504214   6507414
 .9411393   7.10943
[rows 54 to 80 of 129, columns 0 to 61 of 90]
5.731674 5.612042 5.458439 5.269875 5.081406 4.886056 4.693113 4.488329 4.255697 4.066447 3.954145 3.879744 3.808611 3.690278 3.522954 3.326346 3.14706 3.047882 2.986601 2.980321 3.069021 3.196947 3.338672 3.472664 3.578581 3.614065 3.616272 3.65153 3.646122 3.635685 3.687855 3.766629 3.871677 4.016949 4.153118 4.295222 4.454959 4.617862 4.787304 4.961996 5.135002 5.303352 5.448718 5.571229 5.68718 5.766934 5.792834 5.782588 5.745531 5.687707 5.627189 5.555778 5.489815 5.456976 5.499052 5.606609 5.732839 5.863285 6.008464 6.165282 6.320206 6.448844
5.825768 5.738247 5.619166 5.464864 5.280284 5.090272 4.912757 4.740801 4.555612 4.374279 4.237019 4.179951 4.105218 3.977304 3.810757 3.621521 3.441484 3.293421 3.191336 3.154622 3.194036 3.294871 3.415543 3.54271 3.67107 3.753545 3.809563 3.846079 3.866895 3.893162 3.939287 4.018471 4.099415 4.17799 4.259551 4.365002 4.517241 4.672971 4.826358 4.986843 5.153972 5.321708 5.46654 5.59438 5.707142 5.776912 5.81584 5.825068 5.812587 5.763446 5.701406 5.637032 5.581023 5.554963 5.568842 5.706757 5.844202 5.978168 6.106522 6.226778 6.364336 6.481155
5.923832 5.869259 5.784192 5.658946 5.487293 5.310721 5.13994 4.983001 4.83084 4.687459 4.574632 4.476846 4.415829 4.288736 4.126253 3.938819 3.756748 3.586023 3.437937 3.344103 3.358305 3.438229 3.537102 3.672675 3.823853 3.941458 4.021772 4.073306 4.101532 4.147882 4.20901 4.282527 4.353327 4.406885 4.467927 4.556922 4.669245 4.79301 4.91562 5.059939 5.221891 5.377889 5.515409 5.642613 5.740317 5.801406 5.846162 5.861862 5.862374 5.840793 5.785973 5.723511 5.673924 5.651971 5.692432 5.795006 5.916394 6.045588 6.171281 6.291542 6.39979 6.49039
6.027393 5.992056 5.929528 5.831116 5.697064 5.53582 5.374716 5.239838 5.12446 5.014913 4.916833 4.855129 4.772947 4.634243 4.486454 4.302279 4.09931 3.908669 3.725886 3.602051 3.597769 3.658196 3.733306 3.852687 4.006719 4.143601 4.241472 4.308825 4.349405 4.414996 4.485953 4.557092 4.620047 4.681573 4.753385 4.829082 4.912234 4.993444 5.084949 5.205995 5.354505 5.493416 5.617361 5.726323 5.795458 5.850503 5.893063 5.91132 5.915366 5.912801 5.886169 5.835546 5.788586 5.763938 5.820642 5.910115 6.0094 6.118432 6.225278 6.327061 6.414564 6.477234
6.114329 6.097815 6.050457 5.966412 5.860802 5.736873 5.608615 5.482158 5.381685 5.30672 5.248462 5.20043 5.138676 5.032206 4.86982 4.672114 4.47123 4.29384 4.094034 3.954819 3.920201 3.94322 3.995294 4.094386 4.232097 4.369005 4.477315 4.554647 4.615795 4.68908 4.7692 4.847988 4.917957 4.987168 5.056228 5.130261 5.204164 5.275874 5.356601 5.452337 5.560414 5.669089 5.772556 5.841795 5.888172 5.932803 5.96959 5.98629 5.990344 5.987288 5.978784 5.950134 5.911284 5.892643 5.959055 6.037693 6.115651 6.195187 6.27489 6.345878 6.398406 6.425337
6.204507 6.207897 6.183132 6.12445 6.0417 5.940703 5.835585 5.734263 5.654665 5.596112 5.55813 5.529765 5.485519 5.401127 5.267008 5.102825 4.912491 4.700575 4.484389 4.330236 4.270987 4.255307 4.29299 4.384585 4.50564 4.626507 4.733952 4.818867 4.889027 4.95795 5.045854 5.137961 5.223791 5.298623 5.369173 5.442661 5.51121 5.578738 5.651006 5.727084 5.798058 5.87452 5.936731 5.975319 6.013354 6.052952 6.08633 6.098695 6.093543 6.079803 6.06534 6.050374 6.026766 6.009497 6.076666 6.145417 6.20958 6.264665 6.30701 6.337822 6.349523 6.339808
6.312173 6.330601 6.329212 6.29873 6.243297 6.170807 6.092081 6.015673 5.956446 5.903427 5.870788 5.854617 5.82735 5.763316 5.659827 5.537059 5.385134 5.201248 4.999778 4.806335 4.700212 4.641487 4.623602 4.698317 4.801095 4.904109 5.003179 5.085871 5.162969 5.239745 5.320575 5.406259 5.50623 5.583562 5.653158 5.724707 5.784249 5.840663 5.89942 5.948287 5.996412 6.042472 6.070905 6.098901 6.137272 6.17941 6.204815 6.214329 6.209228 6.179201 6.146784 6.125546 6.113348 6.102326 6.162046 6.220084 6.266798 6.299344 6.310912 6.300842 6.272139 6.228034
6.442496 6.464188 6.469482 6.455771 6.421221 6.374825 6.325014 6.275514 6.239111 6.201788 6.179993 6.16696 6.15208 6.116056 6.042593 5.943738 5.821741 5.672785 5.501963 5.330078 5.207299 5.127572 5.077336 5.083387 5.129375 5.199081 5.277561 5.353581 5.430728 5.507592 5.589337 5.67527 5.753348 5.809692 5.866708 5.92811 5.978481 6.028322 6.070175 6.102954 6.134934 6.1558 6.166105 6.183153 6.213844 6.240659 6.246828 6.253204 6.259652 6.244731 6.207404 6.177898 6.16643 6.159926 6.203365 6.244643 6.26752 6.274002 6.26023 6.222176 6.160184 6.084934
6.577226 6.602536 6.618196 6.629661 6.623678 6.601394 6.567941 6.540714 6.514439 6.485574 6.466632 6.458462 6.44248 6.405677 6.347643 6.274371 6.194552 6.09339 5.973318 5.838177 5.713341 5.63803 5.578345 5.544549 5.539748 5.563606 5.592085 5.623157 5.678942 5.745848 5.810443 5.883454 5.945736 5.999088 6.04632 6.081838 6.11074 6.142439 6.171665 6.195698 6.215038 6.223823 6.229045 6.235888 6.247769 6.248405 6.237741 6.239014 6.251622 6.26338 6.247533 6.218763 6.199695 6.188047 6.210793 6.235694 6.235384 6.215313 6.176733 6.112493 6.017268 5.904666
6.669785 6.703989 6.726066 6.740697 6.74681 6.742293 6.730555 6.731229 6.721029 6.701614 6.677689 6.655534 6.63769 6.618282 6.587297 6.544485 6.496176 6.435113 6.355036 6.258368 6.168276 6.094602 6.038228 5.978243 5.941195 5.917016 5.894446 5.877094 5.902629 5.942808 5.989316 6.040754 6.084706 6.126868 6.160708 6.185853 6.206652 6.215932 6.21908 6.235909 6.246279 6.250765 6.255142 6.260492 6.259875 6.240489 6.221021 6.216645 6.227608 6.249872 6.262537 6.24736 6.224976 6.206958 6.206661 6.221035 6.203871 6.163037 6.101654 6.012149 5.884162 5.734558
6.67966 6.719732 6.74507 6.75625 6.758324 6.751166 6.748498 6.755007 6.75711 6.753364 6.745166 6.736956 6.730934 6.723593 6.708895 6.685248 6.653664 6.616849 6.5755 6.522629 6.459952 6.391997 6.328461 6.271131 6.219462 6.162834 6.11141 6.072617 6.072636 6.090808 6.119578 6.149827 6.178048 6.204553 6.223464 6.23738 6.246982 6.245224 6.228492 6.221195 6.227715 6.228945 6.229202 6.233564 6.23605 6.218554 6.19504 6.186419 6.194714 6.217195 6.245248 6.254199 6.236991 6.215411 6.191534 6.202985 6.176024 6.122334 6.043563 5.936496 5.78802 5.616436
6.59058 6.637543 6.676667 6.697518 6.705695 6.703425 6.710611 6.718975 6.724255 6.724668 6.719671 6.711494 6.703146 6.69659 6.687601 6.675508 6.662241 6.643322 6.619197 6.588581 6.547846 6.496824 6.442381 6.39139 6.340424 6.2856 6.228109 6.174473 6.170124 6.172948 6.181933 6.193372 6.205086 6.213543 6.21586 6.215185 6.209082 6.191376 6.1626 6.13544 6.143069 6.145024 6.144954 6.151311 6.168581 6.173985 6.160091 6.151485 6.157917 6.178513 6.208706 6.232559 6.227204 6.205505 6.179869 6.168183 6.140355 6.083624 6.000293 5.889895 5.738049 5.559236
6.426747 6.474954 6.530112 6.572694 6.58696 6.584598 6.592459 6.594158 6.589495 6.579041 6.563424 6.545164 6.529134 6.522425 6.526363 6.530986 6.53024 6.522956 6.508331 6.489583 6.469196 6.440987 6.401805 6.357857 6.318712 6.280674 6.234064 6.201578 6.194163 6.184238 6.176242 6.170924 6.164351 6.15373 6.139397 6.12114 6.092958 6.055678 6.017882 5.983081 5.992842 6.009262 6.022123 6.03589 6.063413 6.103134 6.116446 6.113207 6.12014 6.139129 6.167049 6.193193 6.193742 6.174619 6.152114 6.121464 6.102112 6.052439 5.97332 5.866149 5.719062 5.538309
6.222278 6.262504 6.316628 6.379743 6.417831 6.420254 6.419221 6.406997 6.383326 6.352522 6.318709 6.285104 6.260958 6.256145 6.273047 6.299644 6.305566 6.297857 6.287258 6.280905 6.273751 6.25585 6.230196 6.200383 6.171224 6.139618 6.130527 6.132226 6.123222 6.111426 6.103805 6.090292 6.066357 6.037283 6.009362 5.976193 5.927893 5.873905 5.825959 5.793035 5.811429 5.843272 5.878942 5.909841 5.950891 6.010644 6.057022 6.072165 6.083387 6.103595 6.131395 6.157319 6.159105 6.143354 6.126553 6.102452 6.071801 6.031349 5.958157 5.853586 5.710837 5.5335
5.981699 6.017739 6.06174 6.116839 6.166595 6.193987 6.198898 6.176001 6.128163 6.072882 6.021996 5.978108 5.948349 5.943912 5.960113 5.994283 6.020576 6.015335 6.001882 6.000604 6.006347 5.99428 5.972699 5.950539 5.943363 5.945912 5.947394 5.947269 5.938158 5.929871 5.923357 5.910028 5.877432 5.835909 5.801063 5.76224 5.707905 5.646793 5.592734 5.571196 5.606799 5.653738 5.713965 5.776269 5.832272 5.901134 5.976426 6.024991 6.04784 6.073 6.103491 6.130891 6.133369 6.118447 6.103475 6.082335 6.027776 5.98846 5.92183 5.825844 5.692731 5.524271
5.731375 5.755462 5.79132 5.825391 5.85467 5.875039 5.872966 5.851379 5.805991 5.746905 5.687122 5.639141 5.610433 5.599518 5.607581 5.634059 5.667084 5.67596 5.669381 5.659844 5.661791 5.662757 5.654214 5.666274 5.678764 5.689139 5.685628 5.670566 5.659998 5.653737 5.640785 5.627123 5.597545 5.549366 5.497756 5.450179 5.401364 5.351496 5.311548 5.313958 5.368011 5.437173 5.520931 5.624645 5.70641 5.785739 5.877486 5.966022 6.014692 6.049627 6.085798 6.113922 6.111815 6.088136 6.06229 6.02461 5.94899 5.872056 5.809713 5.730045 5.622343 5.491034
5.479708 5.496653 5.52316 5.535159 5.530366 5.514153 5.478087 5.422267 5.362277 5.279801 5.204954 5.153762 5.123614 5.129596 5.162831 5.203211 5.237909 5.261692 5.276889 5.279737 5.281005 5.317066 5.347294 5.361142 5.373426 5.378939 5.376043 5.351623 5.333488 5.310422 5.292798 5.271604 5.237596 5.182783 5.122568 5.058017 4.998714 4.958785 4.94546 5.012721 5.095799 5.192154 5.311081 5.451507 5.58482 5.679225 5.782875 5.894326 5.976799 6.026939 6.069289 6.099342 6.092476 6.057686 6.016642 5.95598 5.866716 5.777994 5.688995 5.612566 5.529615 5.421788
5.23131 5.235336 5.252053 5.233248 5.145658 5.008502 4.859512 4.727129 4.590815 4.438232 4.359527 4.308175 4.281582 4.363624 4.472153 4.569897 4.622568 4.684301 4.751024 4.828436 4.893879 4.951785 4.99161 5.014461 5.030597 5.030958 5.016772 4.988917 4.959753 4.928094 4.902252 4.874623 4.834192 4.780931 4.718743 4.644019 4.576973 4.511432 4.491172 4.629882 4.813358 4.950189 5.100083 5.275654 5.459029 5.58502 5.700079 5.823248 5.935451 6.007123 6.054543 6.078321 6.064652 6.023168 5.970535 5.892486 5.796036 5.701994 5.609889 5.518587 5.43539 5.334192
5.002387 4.931622 4.881561 4.780478 4.524547 4.185248 3.886044 3.689655 3.532703 3.380126 3.271442 3.211786 3.214931 3.329065 3.51105 3.655194 3.787727 3.933349 4.083457 4.217516 4.3438 4.46275 4.536887 4.567407 4.58708 4.591001 4.582609 4.550669 4.511104 4.463192 4.431768 4.417882 4.38904 4.343565 4.277747 4.220771 4.197911 4.155168 4.133083 4.281516 4.550021 4.752182 4.932732 5.13659 5.348087 5.512199 5.631422 5.752265 5.862626 5.936574 5.975851 5.990437 5.980608 5.950832 5.90021 5.821866 5.730463 5.633986 5.539151 5.44553 1.90717 1.700351
4.669014 4.52305 4.327976 4.010962 3.53683 3.060896 2.704455 2.493222 2.359988 2.276823 2.245092 2.249891 2.295832 2.374231 2.509069 2.694375 2.848285 3.044293 3.223328 3.408563 3.599868 3.750693 3.86557 3.92614 3.948108 3.955098 3.95717 3.936521 3.905153 3.859847 3.841559 3.840899 3.878859 3.895977 3.863489 3.857717 3.911143 3.938717 3.987541 4.128633 4.407198 4.64468 4.8504 5.067319 5.287768 5.468629 5.580214 5.68704 5.777328 5.834831 5.865001 5.881489 5.882797 5.866653 5.822838 5.752864 5.670257 5.575085 5.479084 5.381585 5.286338 5.153993
4.204221 3.964365 3.63801 3.183335 2.642777 2.116452 1.705466 1.49514 1.491135 1.56073 1.619225 1.687449 1.74997 1.821489 1.879983 1.896536 2.004397 2.207752 2.392482 2.622346 2.866907 3.001456 3.067411 3.146191 3.185499 3.177371 3.135869 3.109104 3.074222 3.065263 3.08536 3.116954 3.257157 3.416333 3.514485 3.605605 3.70973 3.812984 3.927873 4.087716 4.35458 4.602792 4.833048 5.059662 5.277446 5.453329 5.551742 5.642776 5.712091 5.753044 5.780451 5.801463 5.807267 5.789392 5.745398 5.684521 5.605916 5.518192 5.426811 5.331692 5.226068 5.083653
3.742323 3.397958 2.970311 2.496532 2.001364 1.559494 1.240669 1.137558 1.267728 1.422768 1.517861 1.553044 1.526613 1.528166 1.594998 1.605155 1.578987 1.671858 1.864106 2.108953 2.366842 2.488729 2.484473 2.465878 2.514605 2.559429 2.506795 2.387789 2.290241 2.350897 2.43472 2.485155 2.685866 3.01476 3.268044 3.460989 3.632947 3.785915 3.921552 4.100319 4.365626 4.615522 4.850554 5.073417 5.285495 5.452278 5.538916 5.616254 5.665616 5.691778 5.714417 5.733379 5.730648 5.696945 5.651797 5.600796 5.526126 5.446324 5.366177 5.281889 5.172887 5.028342
3.356167 2.985041 2.545577 2.101636 1.692578 1.37282 1.236399 1.15111 1.330267 1.502229 1.610341 1.643438 1.607883 1.575143 1.613748 1.602126 1.546789 1.592979 1.781639 2.02602 2.217198 2.300341 2.29872 2.25698 2.273477 2.321294 2.283386 2.182629 2.083982 2.12256 2.229875 2.307868 2.503656 2.878358 3.208378 3.477746 3.696509 3.877305 4.021559 4.215928 4.465418 4.702476 4.927383 5.130253 5.327437 5.472145 5.543109 5.601511 5.626396 5.636788 5.648315 5.64558 5.612947 5.563577 5.516466 5.467342 5.4053 5.343839 5.285143 5.220482 5.120648 4.988355
2.995329 2.637652 2.257441 1.900335 1.608743 1.480062 1.36564 1.415962 1.59569 1.76668 1.878784 1.907795 1.927622 1.919206 1.887728 1.855529 1.808154 1.833841 1.932168 2.09459 2.248608 2.337325 2.369507 2.364261 2.365147 2.373652 2.348175 2.298696 2.267557 2.3119 2.388679 2.48855 2.699932 3.012345 3.327493 3.605905 3.840964 4.045342 4.22548 4.432126 4.652249 4.869061 5.062257 5.229412 5.397615 5.505188 5.55952 5.593852 5.595575 5.587086 5.556701 5.49997 5.436411 5.375346 5.318221 5.269708 5.226758 5.190183 5.156325 5.116691 5.043993 4.949454
2.709059 2.355669 2.047878 1.837675 1.683893 1.607361 1.615449 1.752579 1.957725 2.126818 2.255699 2.367049 2.39031 2.361089 2.308915 2.278481 2.265555 2.238074 2.257479 2.336051 2.449557 2.5315 2.586347 2.63062 2.646192 2.614847 2.577929 2.563214 2.583261 2.617596 2.665793 2.773613 2.983155 3.247081 3.542035 3.813982 4.052321 4.268416 4.477242 4.680285 4.873137 5.06395 5.221576 5.363963 5.492115 5.551062 5.584456 5.589674 5.570579 5.527344 5.427404 5.318052 5.22739 5.146728 5.076096 5.024335 4.999128 4.985736 4.975185 4.961545 4.930386 4.884606
2.603569 2.270699 2.029707 1.960207 1.909373 1.877349 1.936791 2.139273 2.376766 2.588258 2.766894 2.863872 2.882966 2.860538 2.840399 2.799266 2.760172 2.719932 2.712824 2.73842 2.793045 2.845452 2.905469 2.963346 2.974407 2.930487 2.891126 2.899677 2.919346 2.92334 2.958521 3.071045 3.242195 3.495047 3.792768 4.063221 4.299626 4.521651 4.736555 4.925257 5.099895 5.250641 5.379382 5.50568 5.588963 5.607985 5.615974 5.594189 5.553611 5.449383 5.304322 5.154474 5.020109 4.909252 4.81957 4.758727 4.732837 4.726105 4.731905 4.747153 4.753628 4.758077
2.733122 2.476269 2.334423 2.306403 2.289552 2.314585 2.439106 2.646827 2.912298 3.159152 3.335328 3.435808 3.469533 3.464513 3.420464 3.364179 3.307409 3.251998 3.230497 3.2138 3.2386 3.276305 3.323838 3.352559 3.346591 3.31555 3.286286 3.280312 3.27544 3.272065 3.305041 3.393941 3.535389 3.770948 4.049585 4.311981 4.547232 4.769811 4.98014 5.16168 5.316526 5.433425 5.543893 5.634377 5.666458 5.664433 5.648091 5.608377 5.540632 5.394533 5.222931 5.036998 4.853892 4.69273 4.559402 4.469904 4.436371 4.410999 4.414405 4.444182 4.47795 4.514772
