py_wake/examples/data/AJ_ParqueFicticio/Ridge area   Sector 9   Height 200m   Turbulence intensity.grd
DSAA
90  129
 262878   265103
 6504214   6507414
 8.696575   100
[rows 28 to 55 of 129, columns 0 to 62 of 90]
16.44344 16.44255 16.3387 16.23083 16.10031 15.92273 15.73713 15.53158 15.29855 15.09261 14.95856 14.89392 14.88387 14.8893 14.88347 14.85043 14.78985 14.71647 14.65365 14.58387 14.43561 14.28791 14.15748 14.00198 13.87861 13.74713 13.5625 13.32289 13.03486 12.74522 12.47975 12.2365 11.97701 11.71757 11.48114 11.25014 11.0136 10.79652 10.55922 10.34403 10.17481 10.00639 9.842804 9.725787 9.694756 9.742562 9.859341 10.0689 10.41089 11.14078 13.11159 17.87993 40.79768 55.89017 88.66355 100 83.62536 86.02338 74.6077 69.50737 66.39253 65.27555 65.72374
16.44685 16.41542 16.3104 16.21508 16.0755 15.87541 15.66313 15.41201 15.12771 14.87441 14.74915 14.73925 14.76383 14.79099 14.81704 14.82271 14.80579 14.76831 14.73714 14.68279 14.55846 14.45598 14.3736 14.24887 14.14948 14.0627 13.88458 13.63031 13.32401 13.02122 12.74841 12.49308 12.23881 11.96853 11.70767 11.47058 11.23087 11.00737 10.76463 10.53472 10.33655 10.13834 9.944273 9.826269 9.815153 9.881126 10.01209 10.23141 10.62399 11.54941 14.06308 19.93613 33.989 61.78835 94.22167 77.25996 88.14378 87.1636 77.89206 73.17516 70.16032 68.85355 68.8818
16.43048 16.37539 16.27352 16.18498 16.03909 15.83776 15.61804 15.34701 15.02713 14.74022 14.65284 14.67567 14.71764 14.74308 14.76241 14.78623 14.8055 14.81931 14.8352 14.80763 14.70564 14.66069 14.6297 14.52989 14.46251 14.41891 14.22835 13.93061 13.61517 13.31576 13.03415 12.78373 12.55205 12.26435 11.97457 11.71882 11.47468 11.23673 10.9751 10.71743 10.47854 10.23163 10.00561 9.900832 9.908559 9.999283 10.16612 10.40818 10.88236 12.08898 15.22048 22.20403 36.69513 66.5961 97.95779 83.49905 91.59454 89.0229 81.30334 77.86842 75.3254 73.91614 73.63295
16.45346 16.39151 16.29334 16.21732 16.06653 15.85565 15.62614 15.36456 15.06469 14.81069 14.73357 14.72888 14.73996 14.74978 14.75994 14.78515 14.83597 14.88094 14.88566 14.83561 14.7752 14.75296 14.72213 14.64025 14.59327 14.53377 14.34202 14.065 13.79798 13.54099 13.28271 13.03574 12.78058 12.4918 12.21142 11.94852 11.69896 11.44765 11.16453 10.87564 10.59977 10.31039 10.0772 9.990888 10.00469 10.11002 10.3148 10.59537 11.18036 12.67698 16.28308 24.15355 39.82855 70.79904 80.93037 90.8973 97.31363 93.88288 83.98251 81.36404 79.71561 78.46756 77.71288
16.47975 16.41917 16.32857 16.26392 16.1163 15.91199 15.69269 15.46046 15.2076 15.00119 14.91626 14.87586 14.84218 14.81822 14.81764 14.85677 14.93135 14.9502 14.88829 14.82262 14.7786 14.7345 14.68279 14.61973 14.56556 14.48757 14.33062 14.10961 13.89973 13.69116 13.45078 13.20117 12.92807 12.66771 12.42264 12.17176 11.91841 11.65128 11.34774 11.03603 10.7291 10.41022 10.1832 10.10296 10.11371 10.22425 10.4388 10.76088 11.46713 13.27711 17.33876 25.86371 42.40023 89.81836 100 100 100 100 88.1791 83.27808 82.35066 81.64175 83.3227
16.51473 16.45592 16.37577 16.32863 16.18925 15.99622 15.79504 15.59965 15.40195 15.23861 15.13364 15.05241 14.97666 14.92612 14.92614 14.98642 15.06798 15.01845 14.88723 14.79305 14.72948 14.67816 14.62305 14.55992 14.51483 14.45691 14.32553 14.14121 13.96818 13.76855 13.55835 13.35119 13.09087 12.85687 12.63854 12.38391 12.12428 11.84648 11.53364 11.21135 10.86931 10.52207 10.29942 10.21344 10.21718 10.32892 10.53304 10.87143 11.69269 13.78017 18.08661 26.70452 67.08166 88.15688 100 100 100 100 100 82.14536 100 100 97.80325
16.55487 16.49006 16.42214 16.39985 16.26448 16.08581 15.90823 15.73641 15.57828 15.44451 15.31866 15.20069 15.09219 15.03202 15.04899 15.13517 15.17831 15.0571 14.89208 14.76049 14.68859 14.636 14.56877 14.51437 14.48767 14.42872 14.30766 14.13145 13.91461 13.71122 13.53676 13.34365 13.1223 12.9333 12.7132 12.45681 12.22727 11.94602 11.64603 11.33653 10.97193 10.62093 10.4083 10.30845 10.29678 10.40072 10.582 10.89273 11.67228 13.70299 17.99406 34.87629 59.92498 81.89387 97.53716 100 100 100 100 100 100 100 100
16.53666 16.47061 16.43608 16.45725 16.31704 16.14371 15.97205 15.8087 15.67116 15.54521 15.41353 15.28781 15.16335 15.10365 15.12947 15.20184 15.18254 15.04823 14.89253 14.77071 14.68624 14.60555 14.53394 14.47457 14.41691 14.32684 14.19349 13.98145 13.72425 13.50346 13.30483 13.10352 12.92294 12.74867 12.53241 12.31973 12.10525 11.85083 11.59235 11.33083 10.9962 10.67381 10.47961 10.36732 10.33455 10.41298 10.56686 10.82639 11.47829 13.22641 16.97886 27.93553 45.82318 66.61496 83.57442 100 100 100 100 100 100 100 100
16.42781 16.3992 16.42139 16.50133 16.34519 16.16878 15.99476 15.83997 15.7099 15.58279 15.46524 15.33953 15.19361 15.13032 15.14088 15.15014 15.10896 15.00312 14.87377 14.7784 14.68348 14.588 14.5135 14.41148 14.29896 14.16654 13.98284 13.73017 13.43056 13.17741 12.97341 12.78815 12.61677 12.43385 12.23286 12.03452 11.84232 11.62877 11.42863 11.21733 10.94977 10.6818 10.50078 10.36977 10.30884 10.35203 10.49125 10.73069 11.20015 12.52531 15.48166 23.13546 51.04411 50.15895 66.54057 85.78297 100 100 100 100 100 100 82.567
16.24137 16.28644 16.38148 16.50915 16.33585 16.15771 15.98744 15.84748 15.72908 15.60464 15.49942 15.35331 15.18394 15.09942 15.06877 15.04895 15.01491 14.92911 14.83758 14.75878 14.6341 14.54063 14.44354 14.31035 14.14858 13.96329 13.74164 13.45016 13.10042 12.83416 12.63486 12.44863 12.2652 12.07536 11.89883 11.71784 11.53797 11.3792 11.25081 11.09536 10.8714 10.63342 10.44831 10.29539 10.21372 10.21556 10.35918 10.58863 10.92779 11.86974 14.19528 19.56077 33.6749 86.05691 52.23431 69.74315 90.62845 100 100 100 100 82.04832 82.7942
15.97486 16.13209 16.30446 16.44007 16.26978 16.11435 15.96525 15.84583 15.74503 15.61981 15.50576 15.31177 15.11312 14.99035 14.95723 14.9454 14.88989 14.79502 14.72381 14.61616 14.47975 14.3788 14.28364 14.13691 13.95665 13.73802 13.48402 13.17766 12.82417 12.5292 12.29891 12.10203 11.91465 11.74167 11.57248 11.41104 11.26986 11.15485 11.05324 10.91467 10.71906 10.49389 10.29977 10.15082 10.06428 10.06042 10.19792 10.41137 10.69213 11.35619 13.10301 17.19119 26.86877 52.13564 93.59834 58.72252 76.84364 95.98392 100 100 81.66681 82.11951 83.57117
15.70372 15.91773 16.14641 16.25353 16.14778 16.04249 15.91353 15.80899 15.71214 15.60057 15.47354 15.24746 15.02419 14.88153 14.82087 14.7746 14.67805 14.57698 14.4411 14.30991 14.19875 14.1192 14.03738 13.87683 13.70024 13.47523 13.21208 12.92126 12.58564 12.26951 12.01208 11.7942 11.58136 11.4151 11.2584 11.11734 10.98501 10.88224 10.79549 10.67178 10.49951 10.29615 10.12553 10.00067 9.924767 9.933413 10.05245 10.22444 10.45863 10.97793 12.27332 15.44541 23.11065 41.27814 81.30119 74.60009 69.61771 84.71278 97.09762 100 80.8989 82.06887 84.57456
15.40503 15.61225 15.85315 15.96814 15.9787 15.94834 15.8509 15.76446 15.664 15.54936 15.39121 15.13667 14.89962 14.7466 14.63191 14.4984 14.38572 14.24601 14.0569 13.91715 13.83239 13.79176 13.71334 13.55155 13.3758 13.15036 12.91062 12.64331 12.31407 11.99834 11.72517 11.48989 11.26468 11.10528 10.96695 10.83735 10.72608 10.63272 10.54985 10.43763 10.29214 10.12158 9.969509 9.855127 9.776426 9.782503 9.884713 10.04559 10.26027 10.68588 11.68943 14.07934 20.41749 35.14828 61.13649 90.77601 71.63116 80.23759 89.16061 93.34989 79.97419 82.01651 85.58121
15.04442 15.22205 15.46356 15.66543 15.79611 15.84684 15.78393 15.72371 15.62022 15.4836 15.27539 14.99315 14.74608 14.54789 14.37088 14.1944 14.02875 13.86524 13.65799 13.52175 13.45664 13.3994 13.31473 13.15178 12.98711 12.7751 12.57156 12.31805 12.02705 11.70236 11.45233 11.20875 10.99308 10.8599 10.73917 10.58897 10.47516 10.41351 10.3497 10.25209 10.11962 9.936764 9.784078 9.689096 9.628462 9.631444 9.718067 9.887889 10.09808 10.44621 11.27137 13.28442 18.47915 30.32204 48.91082 77.01141 79.83696 83.47893 89.31901 100 93.03654 87.82786 89.34353
14.67776 14.83871 15.11369 15.41369 15.63078 15.72833 15.69173 15.65889 15.55905 15.4211 15.17617 14.85648 14.57431 14.32769 14.10561 13.88941 13.69242 13.49985 13.31083 13.16438 13.04805 12.98365 12.8967 12.75567 12.60718 12.43628 12.26683 12.04879 11.76658 11.4574 11.24381 11.00285 10.83826 10.71624 10.58053 10.43088 10.34216 10.29867 10.23237 10.12823 9.968704 9.802716 9.682112 9.601259 9.539819 9.534595 9.610242 9.754607 9.961702 10.2837 11.03163 12.87766 17.30951 26.83942 40.62656 56.68972 71.92882 82.6599 94.08657 100 100 91.92657 84.86457
14.37852 14.52694 14.80059 15.13138 15.41993 15.55433 15.56721 15.58838 15.49586 15.34562 15.07086 14.72585 14.4172 14.1292 13.8717 13.6317 13.42236 13.21329 12.99584 12.80181 12.67033 12.60058 12.51495 12.40823 12.28816 12.15198 12.02992 11.85377 11.58009 11.30955 11.11731 10.90646 10.77367 10.64392 10.49728 10.37696 10.29474 10.22704 10.13766 10.01588 9.877073 9.745396 9.625656 9.535268 9.470922 9.463449 9.536489 9.672082 9.864083 10.18211 10.89678 12.63179 16.70115 24.79377 35.56028 45.3591 56.70389 68.34535 79.12672 86.23299 86.32438 78.7823 70.46739
14.06326 14.20208 14.45912 14.78379 15.09061 15.32175 15.45249 15.54741 15.45619 15.2803 14.99049 14.63719 14.2962 13.96541 13.6594 13.3789 13.16731 12.96249 12.72645 12.48964 12.34802 12.25528 12.1668 12.09868 12.01343 11.92373 11.85184 11.70752 11.44533 11.20098 11.03724 10.86512 10.75137 10.62272 10.48114 10.37705 10.28822 10.18538 10.06816 9.953828 9.837229 9.708379 9.57763 9.474524 9.404225 9.402398 9.484963 9.622299 9.803929 10.11142 10.79057 12.45209 16.28349 23.42409 32.59294 39.83137 46.86667 56.88209 65.3981 70.3911 68.87914 63.86976 58.84044
13.71983 13.84172 14.06334 14.36004 14.6896 15.06523 15.34523 15.51296 15.42527 15.2296 14.91794 14.54244 14.18662 13.8342 13.49724 13.18588 12.97398 12.78405 12.54185 12.2936 12.14457 12.02985 11.92882 11.88769 11.83545 11.77708 11.73244 11.61246 11.37088 11.15122 11.02962 10.89491 10.78818 10.66402 10.52654 10.42622 10.33311 10.20765 10.06915 9.950739 9.826935 9.680511 9.521997 9.411321 9.351845 9.357491 9.449024 9.594936 9.775997 10.05799 10.70298 12.2741 15.93565 22.5813 31.24984 38.21037 43.10743 51.24031 57.35353 60.18823 58.95341 56.39737 53.96933
13.40728 13.54591 13.76054 14.04724 14.42388 14.88952 15.29065 15.50443 15.39858 15.18212 14.87775 14.50939 14.1621 13.81147 13.45188 13.1286 12.91049 12.7163 12.48562 12.26686 12.11981 11.9986 11.91556 11.89109 11.86067 11.80172 11.74194 11.64496 11.4518 11.2554 11.13733 11.01806 10.90241 10.78007 10.64543 10.54017 10.44661 10.31117 10.15938 10.02829 9.882064 9.708719 9.533514 9.429459 9.375848 9.376912 9.446982 9.582474 9.762854 10.02682 10.62123 12.05563 15.55821 22.01074 30.80122 38.93606 44.23442 50.76732 56.6179 58.45076 56.24598 54.6691 52.54676
13.15088 13.29331 13.49977 13.78442 14.20416 14.72503 15.20909 15.47535 15.38054 15.18096 14.89959 14.55081 14.2364 13.87139 13.51413 13.21303 12.98814 12.79272 12.57371 12.36877 12.22441 12.11203 12.04686 12.03116 12.00589 11.9481 11.88062 11.79422 11.64482 11.47431 11.34162 11.22196 11.08897 10.96206 10.83635 10.7223 10.61952 10.48021 10.31475 10.16544 10.00091 9.806759 9.621531 9.509021 9.437185 9.429752 9.475203 9.573628 9.741213 9.998122 10.54759 11.85757 15.0243 21.21001 30.20594 39.98581 47.43677 53.59375 59.04687 59.02762 56.29341 53.80639 50.84532
12.91391 13.03685 13.21583 13.48661 13.92231 14.45845 14.9776 15.33443 15.40274 15.27814 15.009 14.64548 14.35387 14.0061 13.63563 13.33452 13.12048 12.92519 12.71098 12.51996 12.3858 12.28714 12.23122 12.21763 12.21471 12.16475 12.08494 11.99172 11.87343 11.73734 11.60329 11.46663 11.32895 11.19021 11.06416 10.94399 10.82331 10.67859 10.49628 10.31739 10.13867 9.927917 9.732749 9.608859 9.519051 9.490345 9.51461 9.575032 9.709844 9.96707 10.49025 11.70162 14.52199 20.29671 29.32758 40.59208 51.41505 59.04395 62.16069 60.8653 56.31073 52.15191 47.80939
12.68386 12.78761 12.95754 13.22161 13.61669 14.12889 14.68122 15.19023 15.51083 15.5099 15.23022 14.82809 14.5197 14.16877 13.76722 13.48998 13.27191 13.0932 12.91129 12.7347 12.60226 12.52039 12.47221 12.45061 12.4462 12.41877 12.34049 12.24772 12.14943 12.02932 11.9039 11.76904 11.62555 11.46738 11.32611 11.20476 11.06904 10.90249 10.6997 10.48569 10.29553 10.07015 9.861286 9.722018 9.611034 9.551707 9.551906 9.599363 9.698173 9.945674 10.45952 11.61469 14.19946 19.45568 28.47945 40.7911 53.60382 62.48247 65.31604 62.13722 54.91599 48.73452 42.96527
12.47295 12.56099 12.72789 12.96988 13.33264 13.86516 14.50697 15.19377 15.70495 15.8034 15.50577 15.06459 14.68186 14.30579 13.92988 13.70352 13.49418 13.3387 13.20244 13.04764 12.91271 12.82902 12.78018 12.73125 12.71236 12.69812 12.63592 12.55052 12.46119 12.36475 12.27637 12.15615 11.99271 11.80863 11.6538 11.53109 11.37736 11.16916 10.93802 10.68545 10.4762 10.23291 10.00261 9.841358 9.703541 9.610734 9.588502 9.638288 9.733432 9.953533 10.45507 11.5664 13.99253 18.74662 27.38962 39.97285 53.21907 63.33221 65.71453 59.22794 49.81652 42.52282 36.75638
12.27308 12.32813 12.47903 12.71587 13.06108 13.56503 14.22662 15.04064 15.73554 16.02752 15.81439 15.3188 14.8086 14.45315 14.20408 14.06258 13.90229 13.72542 13.62003 13.49496 13.34663 13.23591 13.15432 13.07876 13.02772 12.99995 12.96887 12.88501 12.85168 12.82753 12.74433 12.63672 12.44362 12.23264 12.08288 11.96547 11.75509 11.4994 11.22669 10.93657 10.68595 10.41255 10.14945 9.958713 9.786131 9.657265 9.628963 9.69546 9.803834 9.994259 10.45661 11.52343 13.8201 18.17231 25.82236 37.69354 50.29246 59.00359 59.16508 51.78959 42.94862 36.25382 31.06948
12.09657 12.12565 12.25568 12.47703 12.82293 13.29287 13.97939 14.84022 15.71307 16.30387 16.22076 15.60359 14.98792 14.69353 14.62199 14.65106 14.56935 14.33719 14.21904 14.11671 13.932 13.7523 13.60901 13.47735 13.38785 13.3646 13.36641 13.31801 13.34005 13.38933 13.30564 13.20265 12.9891 12.73491 12.55957 12.40799 12.15105 11.86053 11.55881 11.23516 10.92031 10.59744 10.29179 10.06006 9.839205 9.673637 9.657219 9.751981 9.879457 10.0611 10.46948 11.46658 13.5978 17.57813 24.4448 34.1661 44.77674 51.7764 51.73006 44.71922 36.59752 30.68566 26.36454
11.93616 11.96914 12.09056 12.30582 12.63443 13.08129 13.74894 14.55568 15.53476 16.38388 16.37581 15.75621 15.17178 15.01802 15.11728 15.36267 15.36824 15.11465 14.98407 14.87536 14.61445 14.3341 14.09054 13.86984 13.72006 13.70192 13.72142 13.66222 13.72329 13.8299 13.73725 13.62824 13.39023 13.08833 12.8609 12.6643 12.419 12.1563 11.84568 11.47228 11.09948 10.7325 10.39188 10.1179 9.845164 9.659476 9.663066 9.782462 9.938176 10.12992 10.48288 11.32394 13.18406 16.64575 22.82327 30.96076 38.21537 42.73117 42.86376 37.51575 31.24003 26.42841 23.06853
11.80372 11.84314 11.9638 12.18658 12.49536 12.92242 13.50453 14.22214 15.12012 15.89364 15.96339 15.53016 15.12819 15.11253 15.34183 15.65856 15.84604 15.78025 15.70262 15.54284 15.19507 14.83454 14.50414 14.20906 13.97186 13.87946 13.85428 13.74884 13.74953 13.74646 13.6161 13.4459 13.24368 13.02062 12.86825 12.70784 12.46909 12.20311 11.9012 11.55589 11.1729 10.75552 10.39431 10.1082 9.810896 9.657405 9.667791 9.775515 9.941175 10.15857 10.46802 11.12794 12.60829 15.32619 20.49665 27.03664 32.55747 35.38502 34.88781 31.55973 27.08321 23.54581 21.83502
11.78212 11.77298 11.8412 12.02542 12.3661 12.78465 13.29286 13.92724 14.69124 15.32099 15.41326 15.04433 14.75965 14.88765 15.24603 15.6786 16.00395 16.15795 16.19339 16.04826 15.68923 15.26255 14.8849 14.53129 14.19706 13.97606 13.79673 13.66172 13.57661 13.46707 13.32936 13.11924 12.91426 12.77876 12.6939 12.57015 12.32432 12.06056 11.80268 11.50246 11.1343 10.72157 10.37019 10.06467 9.781047 9.674264 9.674313 9.758987 9.903422 10.12063 10.41335 10.94634 12.09472 14.15188 17.72765 22.80468 26.81367 28.75 28.65818 26.70285 24.21699 22.45542 21.4207
