py_wake/examples/data/AJ_ParqueFicticio/Ridge area   Sector 10   Height 30m   Turbulence intensity.grd
DSAA
90  129
 262878   265103
 6504214   6507414
 8.154901   100
[rows 28 to 55 of 129, columns 0 to 62 of 90]
15.35416 15.30986 15.15501 14.99185 14.80648 14.58192 14.36241 14.1419 13.92286 13.76146 13.69254 13.69616 13.74942 13.81189 13.85424 13.8525 13.80629 13.73524 13.67087 13.6072 13.45882 13.30479 13.1668 12.99381 12.86642 12.73088 12.5334 12.27901 11.95865 11.64093 11.35748 11.09824 10.82346 10.5311 10.27669 10.02596 9.755001 9.501264 9.217564 8.96278 8.787069 8.642421 8.566616 8.596348 8.73647 8.956665 9.248013 9.926311 11.83245 16.07576 24.63185 37.64998 38.79 58.08054 83.44131 100 80.4026 83.29933 74.6077 69.50737 66.39253 65.27555 69.34034
15.47812 15.41853 15.27373 15.13164 14.9399 14.68751 14.43005 14.14655 13.8486 13.61568 13.52911 13.55989 13.61811 13.67435 13.72692 13.7518 13.73959 13.69485 13.65031 13.58171 13.44208 13.32082 13.21917 13.06657 12.95083 12.85816 12.66249 12.3981 12.07945 11.76342 11.48671 11.23365 10.97875 10.68943 10.4128 10.16306 9.893703 9.635375 9.348722 9.076457 8.868393 8.699599 8.599176 8.632634 8.806305 9.075576 9.448656 10.3965 13.12118 18.93498 30.07475 36.67032 43.67644 61.63787 86.9249 69.01502 82.01527 81.94317 77.89206 73.17516 70.16032 74.275 78.22936
15.59082 15.52012 15.3886 15.2627 15.06805 14.81491 14.54725 14.23331 13.87436 13.56582 13.47358 13.50341 13.55723 13.59343 13.62056 13.64722 13.65487 13.63961 13.61807 13.55319 13.41133 13.32164 13.24554 13.09803 12.99268 12.93162 12.73922 12.46001 12.16497 11.87643 11.60982 11.38037 11.17121 10.88804 10.58738 10.3228 10.05614 9.786573 9.4911 9.200823 8.964211 8.760022 8.624109 8.654006 8.838233 9.141222 9.608502 10.83909 14.48209 22.32221 35.64223 27.94305 44.53447 63.67746 88.28561 70.81541 79.95952 79.41173 81.30334 77.86842 81.62016 90.05044 92.36961
15.73484 15.66845 15.54921 15.44612 15.25087 14.98694 14.70605 14.39111 14.03241 13.71558 13.59252 13.56122 13.56145 13.57048 13.57862 13.59358 13.61635 13.61329 13.5663 13.46997 13.35412 13.26751 13.17293 13.02661 12.91805 12.81909 12.61799 12.3541 12.11359 11.88085 11.6519 11.44269 11.2429 10.99752 10.73201 10.47557 10.22065 9.951373 9.646917 9.33532 9.06259 8.815318 8.65315 8.669765 8.844685 9.150442 9.66705 11.07705 15.34028 24.79961 40.01551 25.39963 44.10304 63.42171 57.63164 70.09766 75.68681 74.62541 83.98251 81.36404 100 100 100
15.86559 15.81161 15.70705 15.62065 15.42913 15.16715 14.88926 14.59076 14.26462 13.96881 13.81056 13.72058 13.65696 13.61854 13.60631 13.62542 13.66126 13.62451 13.50901 13.3934 13.29122 13.18071 13.05813 12.91819 12.78725 12.63511 12.42806 12.18588 11.98297 11.80286 11.61354 11.42421 11.22811 11.03236 10.82299 10.59804 10.36222 10.0996 9.791792 9.46625 9.159831 8.872825 8.695402 8.688322 8.843581 9.14437 9.637878 11.03556 15.34631 25.58922 44.74181 27.56881 44.10843 56.00989 55.827 67.94551 71.06252 69.44026 68.69924 92.29823 100 100 100
15.98866 15.94853 15.8625 15.79699 15.60786 15.34765 15.07589 14.80251 14.52211 14.25599 14.0595 13.91125 13.79209 13.71714 13.69764 13.73099 13.77039 13.66981 13.48533 13.34103 13.22317 13.10333 12.96963 12.82081 12.6798 12.51678 12.27975 12.03347 11.83506 11.66399 11.50635 11.36182 11.18849 11.03018 10.86898 10.67378 10.4614 10.21524 9.919588 9.593388 9.253565 8.928211 8.736248 8.701562 8.82684 9.119076 9.563596 10.76091 14.72213 24.58037 46.58079 28.85203 75.86715 79.60962 65.24166 67.36391 69.03239 67.2422 63.11526 100 100 100 100
16.09767 16.07235 16.01069 15.97279 15.77756 15.51865 15.25551 14.98996 14.73982 14.50465 14.28321 14.08722 13.92324 13.82637 13.81447 13.87111 13.87914 13.71956 13.5089 13.3256 13.19242 13.06804 12.9183 12.76743 12.62819 12.44856 12.20227 11.90983 11.66083 11.47291 11.33114 11.19713 11.05497 10.93558 10.79379 10.62437 10.45989 10.2357 9.972509 9.668665 9.307795 8.964965 8.763248 8.699498 8.787284 9.055685 9.464754 10.37018 13.45199 21.30295 40.0649 58.38038 65.17619 81.89387 90.36203 84.16273 86.70773 97.08993 100 100 100 100 100
16.12904 16.13812 16.13972 16.16225 15.95431 15.6885 15.41842 15.14911 14.90324 14.66893 14.43696 14.22278 14.03131 13.92408 13.91405 13.95844 13.91655 13.7498 13.55125 13.37735 13.23045 13.07828 12.92212 12.76263 12.59674 12.38998 12.13204 11.80451 11.47384 11.26139 11.09502 10.94801 10.82351 10.71665 10.58169 10.45428 10.3178 10.13218 9.910755 9.648562 9.302961 8.969114 8.76651 8.677225 8.725553 8.951952 9.327403 9.978071 12.12817 17.73661 30.12019 48.84993 49.37746 66.61496 83.57442 100 100 100 100 100 100 100 100
16.05651 16.15586 16.25892 16.37741 16.15342 15.87765 15.59517 15.32217 15.06785 14.81842 14.58375 14.35382 14.12869 14.00938 13.98029 13.96302 13.90127 13.76737 13.59736 13.44818 13.29465 13.13079 12.97553 12.78337 12.575 12.34137 12.05244 11.69877 11.32607 11.04162 10.85702 10.70639 10.5781 10.46103 10.33764 10.22178 10.10832 9.961596 9.787634 9.559529 9.254182 8.952346 8.752648 8.645826 8.647273 8.826578 9.167728 9.702977 11.04445 14.6661 22.23387 35.12717 41.31273 50.15895 66.54057 85.78297 100 100 100 100 100 100 82.567
15.88311 16.12327 16.36078 16.58733 16.36226 16.08764 15.80453 15.53847 15.27707 15.00368 14.75791 14.48794 14.2225 14.07648 14.00504 13.95098 13.88535 13.77184 13.64282 13.51634 13.34172 13.18843 13.02279 12.81087 12.5665 12.29591 11.98611 11.61077 11.19728 10.88691 10.656 10.48862 10.34696 10.21491 10.10295 9.992688 9.888291 9.778675 9.656571 9.469487 9.194994 8.918267 8.718161 8.602832 8.567487 8.694161 9.00412 9.468235 10.31441 12.5585 17.43869 25.70311 36.47557 38.13495 52.23431 69.74315 90.62845 100 100 100 100 82.04832 82.7942
15.58017 16.02686 16.42105 16.71803 16.53173 16.30795 16.0509 15.80236 15.55312 15.26372 14.98826 14.6433 14.32739 14.12085 14.03199 13.9711 13.87523 13.74216 13.63889 13.50676 13.33702 13.18456 13.02445 12.80886 12.55409 12.26028 11.92758 11.54486 11.1276 10.78612 10.52599 10.30541 10.13975 10.00563 9.889717 9.78454 9.696536 9.617746 9.518922 9.351705 9.108063 8.850705 8.652205 8.53729 8.492134 8.586844 8.853049 9.253051 9.864945 11.28084 14.452 20.23914 29.30477 38.37376 43.22676 58.72252 76.84364 95.98392 100 100 81.66681 82.11951 83.99654
15.23812 15.82703 16.37523 16.70304 16.64984 16.52031 16.31718 16.09917 15.84686 15.55838 15.25416 14.85264 14.48559 14.23155 14.08934 13.98451 13.84023 13.69451 13.53195 13.38748 13.25522 13.13364 12.98707 12.75897 12.50887 12.21271 11.87285 11.5006 11.09407 10.72782 10.43744 10.19387 9.977978 9.827796 9.701308 9.600081 9.51348 9.441027 9.355171 9.203531 8.986246 8.751199 8.573146 8.466143 8.42538 8.507687 8.736525 9.064376 9.526812 10.49936 12.56415 16.73716 24.3263 34.78069 41.72736 53.23825 69.61771 84.71278 97.09762 100 80.8989 82.06887 93.11212
14.86862 15.52462 16.17347 16.57122 16.72377 16.72836 16.58784 16.41949 16.1977 15.90984 15.55186 15.09159 14.68137 14.39812 14.18414 13.96981 13.80263 13.61469 13.39123 13.23945 13.1395 13.06229 12.92415 12.69078 12.43457 12.13244 11.8117 11.45725 11.05084 10.67806 10.36698 10.1018 9.863741 9.69725 9.545355 9.430893 9.350765 9.281857 9.196495 9.057643 8.864416 8.656986 8.499039 8.3995 8.356372 8.423579 8.621341 8.916724 9.301858 9.999475 11.40259 14.27182 20.59775 31.28959 42.21894 50.55107 65.98648 80.23759 89.16061 93.34989 79.97419 90.79116 98.76414
14.45078 15.13055 15.84699 16.42725 16.79266 16.94596 16.872 16.75972 16.55019 16.26514 15.87914 15.37894 14.93604 14.58563 14.28688 14.01019 13.76518 13.54222 13.28399 13.11723 13.04617 12.97021 12.83963 12.60425 12.35713 12.05307 11.75088 11.4003 11.01466 10.6224 10.31652 10.03049 9.783457 9.622484 9.472576 9.30341 9.192884 9.13872 9.064324 8.93902 8.765366 8.559252 8.405974 8.323882 8.291827 8.348838 8.517182 8.797522 9.147826 9.670841 10.70512 12.88408 17.8688 27.77464 41.11697 52.51772 66.22793 78.37337 83.23138 82.89725 100 100 95.07865
14.01357 14.70516 15.5207 16.33787 16.91344 17.18857 17.17083 17.11543 16.92746 16.65429 16.2137 15.67043 15.20725 14.80953 14.45561 14.1222 13.81764 13.52639 13.25345 13.06118 12.9303 12.85662 12.74322 12.53828 12.30099 12.02365 11.74209 11.40791 11.0147 10.61002 10.31655 10.00765 9.782651 9.610758 9.434857 9.251175 9.131406 9.055365 8.975528 8.851892 8.668938 8.479051 8.346396 8.277223 8.249155 8.305273 8.462956 8.703648 9.028275 9.486774 10.35311 12.21241 16.23366 24.78815 38.95861 56.85278 71.81924 79.10567 82.31982 92.06967 100 95.08195 84.1394
13.64271 14.3429 15.23108 16.22698 17.09683 17.5111 17.57362 17.60934 17.42364 17.13495 16.65125 16.04817 15.50928 15.01326 14.61864 14.26388 13.9459 13.61722 13.28075 13.0033 12.83421 12.7478 12.63796 12.47411 12.2693 12.02432 11.78144 11.46807 11.05673 10.66247 10.36792 10.05815 9.843511 9.645612 9.441209 9.269389 9.140583 9.033082 8.906989 8.764931 8.60182 8.439383 8.308039 8.237207 8.214302 8.277084 8.437696 8.669273 8.959672 9.392591 10.18007 11.85701 15.42855 22.93037 36.50177 56.60226 75.10083 81.36312 82.24216 85.76151 86.32438 78.58907 67.4431
13.2702 13.96109 14.8972 16.0119 17.12119 17.89731 18.2539 18.45247 18.23426 17.85773 17.3058 16.64253 16.01561 15.42098 14.88682 14.41135 14.04118 13.71858 13.34379 12.97655 12.75954 12.61937 12.49207 12.37756 12.21232 12.01603 11.83 11.54103 11.11137 10.71871 10.43664 10.14249 9.929529 9.714748 9.495692 9.326181 9.181561 9.031897 8.874817 8.717365 8.566553 8.410519 8.275209 8.202612 8.181076 8.251115 8.424706 8.662787 8.939428 9.342758 10.08712 11.63817 14.97398 21.65076 33.99234 52.92234 69.3533 72.76396 70.48224 70.3911 68.87914 63.19799 54.80002
12.89545 13.52259 14.41078 15.55668 16.90779 18.33326 19.28594 19.76359 19.51992 19.02435 18.3333 17.52312 16.78602 16.06373 15.39675 14.79062 14.37253 13.99263 13.52172 13.04645 12.79016 12.59156 12.40789 12.3134 12.1859 12.03358 11.89112 11.63801 11.20461 10.79834 10.54164 10.266 10.04344 9.819319 9.58856 9.413487 9.257685 9.07614 8.889639 8.726319 8.554083 8.389775 8.240021 8.164642 8.154901 8.225411 8.401318 8.655848 8.944233 9.323622 10.05492 11.55727 14.78335 21.05438 32.57732 50.19232 61.91789 58.96337 57.35353 60.18823 58.95341 54.8349 48.16048
12.56815 13.14184 13.99322 15.20388 16.89138 19.08321 21.01637 21.97239 21.62958 20.928 20.09418 19.10295 18.21244 17.33653 16.45366 15.64664 15.08557 14.60804 14.06243 13.53119 13.14017 12.83963 12.60122 12.46868 12.34544 12.18176 12.02541 11.80856 11.42607 10.99844 10.71674 10.44509 10.1956 9.963498 9.72246 9.529322 9.368517 9.16985 8.961663 8.784682 8.596517 8.403781 8.242954 8.166768 8.163426 8.232312 8.386699 8.633186 8.942966 9.332773 10.07284 11.61995 14.92602 21.32603 32.7873 49.50592 54.8047 50.76732 56.6179 58.45076 55.91771 51.37872 44.12279
12.30317 12.80721 13.58397 14.82902 16.81709 19.7543 23.07436 25.18527 24.94818 24.08078 23.04 21.78195 20.71312 19.45945 18.27373 17.24016 16.40262 15.70892 14.98408 14.31756 13.81242 13.42582 13.1352 12.96665 12.80645 12.59318 12.3796 12.149 11.79267 11.31739 10.95601 10.67389 10.38917 10.13781 9.898927 9.683329 9.504308 9.297217 9.06814 8.871733 8.670475 8.463422 8.294094 8.207307 8.189663 8.260674 8.406404 8.621413 8.934107 9.351298 10.12123 11.78289 15.33694 22.20601 34.19277 49.79451 52.90393 53.47335 59.04687 59.02762 54.37373 48.37717 40.47846
12.0665 12.50579 13.12901 14.18808 16.13639 19.41874 23.92023 28.05874 29.65191 29.2714 27.96601 26.12428 24.80766 23.10594 21.21936 19.62787 18.4153 17.33722 16.28092 15.37413 14.71058 14.21616 13.84566 13.63398 13.49863 13.25952 12.9635 12.67311 12.33046 11.8753 11.41984 11.02194 10.66336 10.34334 10.10077 9.87427 9.668728 9.454851 9.205946 8.97871 8.76696 8.555111 8.374803 8.278945 8.246167 8.308586 8.459236 8.660642 8.948382 9.389606 10.19161 11.97183 15.85694 23.57356 36.68631 51.59904 56.85906 59.24223 62.10997 60.31535 53.63909 46.12066 37.82023
11.84146 12.23215 12.75662 13.58245 15.13091 18.00636 22.84765 29.49691 35.32845 37.27085 35.90693 33.24459 31.52374 29.16451 25.86138 23.37592 21.28667 19.65655 18.1619 16.85398 15.88884 15.24571 14.77211 14.45877 14.30071 14.11461 13.77162 13.41449 13.03838 12.56917 12.07177 11.59929 11.17553 10.77409 10.44061 10.15996 9.895802 9.65823 9.391357 9.126889 8.920117 8.695765 8.497352 8.387917 8.339039 8.385946 8.542878 8.765938 9.035223 9.473649 10.30427 12.19438 16.42372 25.09727 39.7978 54.85958 62.55772 65.94508 66.93131 63.24797 53.89706 44.53285 35.59717
11.6278 11.98236 12.46858 13.16268 14.26795 16.57387 21.30048 30.19957 41.27687 47.21266 46.10124 42.85541 40.39287 37.11935 32.34842 28.85419 25.41519 22.92853 20.91308 19.04716 17.58232 16.61268 15.9615 15.4329 15.15401 15.00163 14.66871 14.27615 13.85297 13.36703 12.89356 12.37971 11.87373 11.39192 10.99269 10.6786 10.36911 10.04692 9.728303 9.406403 9.168773 8.91219 8.682649 8.547192 8.475826 8.503345 8.665664 8.921958 9.217836 9.631389 10.48271 12.47191 17.02861 26.47073 42.47899 59.09518 68.62676 73.25197 73.14613 65.78789 53.29924 42.45526 33.8224
11.42444 11.73232 12.17545 12.78816 13.83111 15.49142 18.7482 26.75372 40.99447 53.38958 55.51047 51.4076 46.69102 43.70706 40.03917 36.25328 31.72178 27.6061 24.83286 22.32235 20.11964 18.5477 17.48348 16.70176 16.17374 15.89229 15.6105 15.15301 14.80213 14.38314 13.86783 13.34151 12.74859 12.19567 11.76848 11.4359 11.04425 10.63595 10.24293 9.841866 9.533723 9.225028 8.94229 8.762923 8.651851 8.648728 8.820419 9.115486 9.44493 9.846575 10.69364 12.80963 17.69779 27.65695 44.08167 62.18995 73.41831 78.10151 75.60188 66.00629 53.13352 41.95289 33.33433
11.23477 11.50389 11.89417 12.4249 13.34842 14.95658 17.32482 22.53303 35.27394 53.80934 61.04921 53.45493 46.32473 44.74172 45.20555 44.66976 40.38881 34.09356 30.06454 26.8595 23.64163 21.13177 19.42013 18.18633 17.35558 16.93386 16.62248 16.16606 15.84713 15.52259 14.97423 14.45271 13.79879 13.15627 12.67014 12.28717 11.82691 11.34733 10.88099 10.40352 9.993566 9.610199 9.261711 9.019435 8.844317 8.790441 8.96251 9.290251 9.64825 10.05789 10.88433 13.09903 18.19159 28.50142 45.01587 61.77186 73.29313 78.12347 76.04532 66.26665 52.78625 41.5817 33.21956
11.04786 11.29763 11.65948 12.14898 12.92667 14.39813 16.85094 19.79281 27.76986 43.04695 49.61215 43.91754 39.44095 40.46043 43.8508 48.25912 46.32752 39.76501 35.24725 31.51589 27.26554 23.8132 21.37065 19.5948 18.45415 17.86004 17.45753 16.91192 16.61352 16.40117 15.84877 15.35239 14.71349 14.00965 13.44677 12.98016 12.49794 12.01684 11.51076 10.95404 10.44378 9.984304 9.581268 9.274893 9.025315 8.91148 9.059631 9.386654 9.764503 10.18597 10.95345 13.01748 17.8826 27.6014 43.29318 58.77617 68.12446 72.61362 72.1994 64.00537 51.88591 41.31273 33.61972
10.86791 11.08307 11.4207 11.90012 12.58467 13.90812 16.14318 19.09916 23.41008 29.78403 33.04707 32.57065 32.06203 33.72964 36.84897 40.25897 41.71075 39.65081 36.80666 33.22452 28.89459 25.37276 22.68465 20.67306 19.25241 18.46483 17.91366 17.25698 16.85158 16.5287 15.98339 15.45848 14.93923 14.36369 13.88669 13.42778 12.92334 12.42953 11.91255 11.35963 10.80555 10.26256 9.810533 9.459453 9.15652 9.020686 9.118167 9.383663 9.739516 10.16555 10.82261 12.50377 16.56558 24.46694 37.62077 51.0742 60.16648 64.97574 65.24139 59.91599 50.35286 41.43505 35.92835
10.78401 10.92206 11.18313 11.59878 12.25644 13.39995 15.3356 18.12361 21.76336 25.52202 27.2574 27.04312 27.22346 28.89202 31.32341 33.9286 35.67368 35.99433 34.88702 32.33661 29.00091 25.9048 23.45753 21.51986 19.97611 18.96261 18.19726 17.52677 16.9768 16.45816 15.92104 15.33368 14.81636 14.37753 13.9982 13.59894 13.09104 12.59944 12.1098 11.57751 11.00863 10.43531 9.958239 9.563085 9.230169 9.106036 9.145262 9.340642 9.635381 10.02103 10.57321 11.83447 14.92708 20.87337 30.34381 41.09996 49.34821 54.43495 56.25029 53.68329 48.12967 42.78205 38.51294
