py_wake/examples/data/AJ_ParqueFicticio/Ridge area   Sector 2   Height 30m   Flow inclination.grd
DSAA
90  129
 262878   265103
 6504214   6507414
-17.53808   18.61598
[rows 81 to 107 of 129, columns 0 to 60 of 90]
-8.641041 -8.775953 -8.851405 -8.933534 -9.069251 -9.224652 -9.406919 -9.552378 -9.537878 -9.520865 -9.532267 -9.512456 -9.55334 -9.593527 -9.66689 -9.63614 -9.57547 -9.701673 -9.831786 -9.849116 -9.78875 -9.550054 -9.436265 -9.483694 -9.74849 -10.12043 -10.55396 -10.88752 -11.01197 -10.89767 -10.55121 -10.03815 -9.447884 -8.922512 -8.477626 -8.117294 -7.877746 -7.679706 -7.369013 -6.782903 -5.960278 -4.810997 -3.15325 -1.446958 .1532136 1.826992 3.602322 5.441512 7.795286 9.895255 11.70388 13.42049 14.74286 15.79678 16.5041 16.88293 17.0323 17.0766 16.94999 16.66208 16.34361
-9.029897 -9.060748 -9.060579 -9.042738 -9.03054 -9.081629 -9.07711 -9.01544 -8.98949 -8.938392 -8.731296 -8.522818 -8.46738 -8.380147 -8.249292 -8.15153 -8.263597 -8.451653 -8.648958 -8.639762 -8.648118 -8.627291 -8.701074 -8.822558 -9.112417 -9.458956 -9.832949 -10.16822 -10.3401 -10.34928 -10.17442 -9.861872 -9.435946 -8.950109 -8.50265 -8.118685 -7.746377 -7.320679 -6.661723 -5.826665 -4.85582 -3.479748 -1.79439 -.3385349 1.136101 2.673898 4.294319 6.017008 8.346915 10.06665 11.73512 13.33193 14.51506 15.44371 16.01228 16.33331 16.47374 16.54211 16.43571 16.21819 16.00246
-9.227428 -9.115398 -8.931067 -8.737822 -8.595156 -8.36022 -8.092879 -7.9931 -7.924217 -7.668856 -7.267807 -6.920564 -6.596264 -6.343945 -6.396893 -6.55581 -6.796704 -6.996953 -7.120062 -7.105062 -7.375441 -7.592024 -7.835043 -8.0471 -8.324865 -8.65099 -9.070284 -9.459809 -9.68844 -9.808142 -9.795204 -9.63473 -9.337143 -8.934918 -8.497418 -8.048764 -7.458883 -6.730017 -5.662472 -4.603049 -3.449577 -2.00351 -.3940804 .9514819 2.320574 3.690377 5.168021 6.804096 8.868928 10.24152 11.68647 13.02764 13.99076 14.73738 15.18769 15.40917 15.42596 15.41173 15.29655 15.20406 15.16591
-9.073723 -8.786353 -8.42246 -8.105758 -7.757143 -7.303402 -6.940248 -6.737502 -6.514844 -6.082004 -5.57552 -5.099013 -4.675344 -4.449865 -4.546436 -4.820328 -5.18525 -5.46472 -5.671572 -5.830115 -6.230471 -6.601873 -6.970219 -7.28235 -7.567442 -7.932091 -8.383072 -8.841494 -9.151538 -9.375884 -9.471032 -9.371913 -9.136973 -8.790627 -8.317576 -7.723491 -6.953157 -5.904505 -4.517203 -3.238316 -1.899948 -.4110338 1.122871 2.40658 3.662838 4.880603 6.238927 7.785503 9.406533 10.48304 11.65547 12.6635 13.39439 13.97506 14.31842 14.41996 14.28201 14.17757 14.05483 14.03873 14.0644
-8.405049 -7.94704 -7.487188 -7.053679 -6.487036 -5.948509 -5.546003 -5.233257 -4.895697 -4.412081 -3.847976 -3.313664 -2.963788 -2.922845 -3.203541 -3.645049 -4.127882 -4.551796 -4.918539 -5.264912 -5.763723 -6.213158 -6.619917 -6.93744 -7.194359 -7.517678 -7.931952 -8.384368 -8.736814 -9.002952 -9.087947 -8.972907 -8.737388 -8.364935 -7.782774 -7.016713 -6.124332 -4.821462 -3.245128 -1.770505 -.2381667 1.331264 2.832738 4.085997 5.223031 6.332109 7.584808 8.86142 9.956218 10.7956 11.72724 12.44252 12.98848 13.41042 13.63146 13.57705 13.27237 13.09291 12.97879 12.94746 12.94271
-7.307404 -6.777972 -6.227652 -5.648315 -4.926866 -4.280786 -3.743713 -3.280362 -2.877971 -2.475215 -2.10121 -1.861731 -1.826351 -1.996007 -2.371044 -2.92399 -3.609192 -4.240817 -4.836933 -5.371843 -5.9307 -6.399294 -6.780364 -7.008982 -7.155411 -7.333087 -7.649179 -8.03072 -8.371229 -8.611709 -8.618572 -8.380414 -8.061621 -7.55232 -6.816727 -6.020674 -4.995137 -3.509674 -1.834063 -.1800398 1.524107 3.194275 4.790411 6.164168 7.279581 8.280019 9.197909 9.979469 10.66235 11.29982 11.98851 12.45201 12.84153 13.07668 13.13103 12.90233 12.47903 12.23531 12.08852 11.96357 11.83788
-5.77748 -5.171928 -4.537078 -3.829669 -3.058174 -2.434528 -1.973204 -1.608054 -1.255985 -.9748113 -.8698599 -.9684367 -1.283463 -1.75737 -2.325781 -3.003199 -3.774947 -4.603416 -5.395903 -6.088699 -6.691653 -7.107286 -7.343176 -7.34956 -7.320919 -7.353117 -7.493783 -7.760369 -8.003991 -8.098454 -7.972124 -7.622442 -7.11302 -6.349204 -5.56388 -4.725219 -3.625268 -2.028217 -.2861314 1.531567 3.322948 4.977964 6.489516 7.783044 8.832926 9.649126 10.37183 10.98961 11.46206 11.99098 12.46437 12.7407 12.93129 12.92718 12.79181 12.3783 11.83105 11.42253 11.15812 10.89979 10.64577
-4.215033 -3.613677 -2.950154 -2.192148 -1.430381 -.893325 -.5265939 -.2968711 -.1004524 -.05435337 -.2306505 -.680311 -1.38398 -2.150366 -2.992488 -3.862892 -4.735273 -5.624437 -6.487143 -7.21842 -7.736055 -7.979373 -7.972469 -7.684537 -7.477227 -7.375489 -7.388997 -7.53122 -7.642824 -7.593383 -7.30963 -6.805447 -6.025024 -5.019682 -4.153944 -3.231002 -2.054667 -.3965155 1.417941 3.349033 5.189532 6.773707 8.181446 9.381108 10.34594 11.10469 11.72103 12.23726 12.5954 12.90276 13.08491 13.14989 13.11767 12.9447 12.70007 12.1589 11.48275 10.87904 10.46762 10.08868 9.747746
-2.735984 -2.182051 -1.553874 -.8208693 -.09409025 .3716471 .5829734 .5611637 .4158355 .02685331 -.5895084 -1.429832 -2.385223 -3.42611 -4.543255 -5.616151 -6.560239 -7.335543 -8.030983 -8.562781 -8.816969 -8.798049 -8.434138 -7.94374 -7.603125 -7.40799 -7.349779 -7.361127 -7.285795 -7.032592 -6.531082 -5.82326 -4.780548 -3.6154 -2.655554 -1.626997 -.3748907 1.319721 3.187184 5.182315 7.043135 8.616302 10.01768 11.24753 12.27896 12.91478 13.27162 13.4806 13.51698 13.65185 13.65388 13.53391 13.38864 13.10999 12.75323 12.07214 11.27835 10.53125 10.00381 9.552204 9.182687
-1.217491 -.7635849 -.2683186 .3307884 .8528579 1.063035 .9952376 .6485443 .04039761 -.7923176 -1.838865 -2.970086 -4.236474 -5.50623 -6.643762 -7.612408 -8.272663 -8.717441 -9.206525 -9.525194 -9.52744 -9.40774 -8.866376 -8.294351 -7.861561 -7.573925 -7.394255 -7.213786 -6.875189 -6.344443 -5.54384 -4.540624 -3.231302 -1.922597 -.8319399 .3075591 1.661862 3.323352 5.166675 7.177484 9.176359 10.70373 11.82739 12.77945 13.57827 14.04902 14.31436 14.42722 14.42351 14.40717 14.27032 14.07048 13.86311 13.66134 13.30127 12.56176 11.59657 10.64339 9.911777 9.331051 8.771709
.3041906 .656673 1.048954 1.414064 1.525959 1.318479 .7825077 .003862676 -1.012372 -2.212797 -3.461826 -4.804437 -6.152505 -7.142643 -7.84986 -8.403522 -8.728237 -8.934754 -9.466596 -9.842922 -9.947683 -9.863798 -9.407533 -8.798368 -8.248252 -7.837162 -7.47589 -7.020233 -6.365486 -5.523298 -4.375764 -3.054283 -1.550783 -.1154971 1.104351 2.369967 3.895976 5.57522 7.401154 9.404834 10.99843 12.14394 13.15424 14.13904 14.92059 15.23543 15.31692 15.2957 15.21476 15.05508 14.88704 14.75964 14.73956 14.67319 14.27466 13.41631 12.34897 11.32457 10.43223 9.593292 8.750631
1.5634 1.700103 1.874177 1.924134 1.611502 .9629232 .04482897 -1.088698 -2.405089 -3.678895 -4.960681 -6.282086 -7.057711 -7.666125 -8.227157 -8.812675 -9.277348 -9.688875 -10.25296 -10.69677 -10.68275 -10.28543 -9.739415 -9.127775 -8.552694 -8.016878 -7.442024 -6.668202 -5.707366 -4.619209 -3.217627 -1.685973 -.04374706 1.51877 2.856853 4.21503 5.76889 7.416909 9.211441 11.03408 12.44539 13.61535 14.58702 15.41537 15.98168 16.1003 16.04121 15.90374 15.77869 15.66808 15.64996 15.68789 15.8239 15.7945 15.33668 14.3858 13.23507 12.11317 11.01399 9.901659 8.842177
1.961127 1.888414 1.72655 1.398001 .7633695 -.1962532 -1.40272 -2.72192 -4.000992 -5.147544 -6.216518 -7.167118 -7.667936 -8.115873 -8.725607 -9.343725 -9.923178 -10.46535 -10.87259 -10.94627 -10.68722 -10.28428 -9.777045 -9.222207 -8.610267 -7.889747 -7.049693 -5.986401 -4.817741 -3.534745 -1.978779 -.3557844 1.321828 2.936478 4.363523 5.810873 7.347183 8.908243 10.58089 12.2415 13.65211 14.67657 15.51623 16.25509 16.6723 16.71384 16.56975 16.32789 16.17648 16.09229 16.11392 16.17322 16.49646 16.54203 16.07631 15.1551 14.02671 12.8131 11.52659 10.24068 9.083322
1.287433 .9175957 .4084721 -.1871867 -.9737165 -2.030269 -3.278036 -4.549667 -5.560316 -6.478737 -7.299497 -8.001225 -8.591131 -9.064011 -9.525091 -10.00045 -10.42456 -10.67996 -10.82217 -10.77658 -10.54551 -10.14676 -9.663163 -9.111238 -8.357966 -7.46129 -6.33259 -5.008196 -3.67471 -2.216784 -.5665032 1.101663 2.807612 4.438659 5.866949 7.304744 8.701464 10.07089 11.50785 12.93853 14.15247 15.13329 15.90206 16.51996 16.90051 16.90958 16.74927 16.59719 16.53664 16.48095 16.50899 16.6566 17.07763 17.10414 16.7277 15.90223 14.75018 13.47756 12.12562 10.79808 9.602487
-.02561814 -.5892081 -1.214317 -1.90178 -2.736158 -3.824386 -4.968482 -6.024349 -6.785042 -7.49906 -8.144979 -8.678558 -9.176285 -9.598271 -9.941927 -10.21227 -10.42203 -10.57579 -10.62785 -10.55516 -10.31923 -9.887927 -9.297139 -8.582708 -7.70256 -6.659552 -5.285696 -3.821502 -2.362516 -.7585747 .9781906 2.667921 4.306888 5.786739 7.099907 8.383215 9.554587 10.69837 11.90319 13.17509 14.24579 15.05752 15.75758 16.42308 16.86087 16.87609 16.71276 16.52949 16.43232 16.38815 16.48891 16.71166 17.12686 17.30169 16.98198 16.249 15.19273 14.00068 12.71763 11.46575 10.35305
-1.559884 -2.228488 -2.907851 -3.595657 -4.390293 -5.301299 -6.196819 -7.008711 -7.619341 -8.216394 -8.733262 -9.150845 -9.501231 -9.753515 -9.94759 -10.1111 -10.2298 -10.25321 -10.18546 -10.03978 -9.756657 -9.249768 -8.487359 -7.567281 -6.598951 -5.398378 -3.934863 -2.49718 -.9790776 .6986157 2.476404 4.174103 5.810378 7.214917 8.42393 9.526332 10.46441 11.34611 12.28566 13.24953 14.08466 14.81208 15.53275 16.21271 16.64252 16.68343 16.51438 16.32919 16.27367 16.30217 16.47228 16.65917 17.03301 17.26657 17.05857 16.44628 15.54233 14.52251 13.38365 12.21475 11.10985
-3.201801 -3.85455 -4.475692 -5.085032 -5.761394 -6.460435 -7.151369 -7.74324 -8.189757 -8.625524 -8.996637 -9.311275 -9.548613 -9.695787 -9.789228 -9.81932 -9.78254 -9.633391 -9.385338 -9.132422 -8.700229 -8.041698 -7.055732 -6.07078 -5.060185 -3.779111 -2.361125 -1.002769 .5004916 2.20364 3.976877 5.662031 7.264101 8.60815 9.712708 10.63128 11.30303 11.88071 12.47525 13.11733 13.81992 14.50537 15.19066 15.81922 16.2504 16.29985 16.10867 15.96496 15.97099 16.02477 16.15711 16.31566 16.78794 17.07394 16.98289 16.45907 15.69434 14.80903 13.73347 12.57893 11.49031
-4.592426 -5.197394 -5.748285 -6.333865 -6.875933 -7.39801 -7.925558 -8.31571 -8.618056 -8.887687 -9.111249 -9.268651 -9.352136 -9.329298 -9.225086 -9.052514 -8.849877 -8.501264 -8.069531 -7.598301 -6.954094 -6.165335 -5.150473 -4.221895 -3.242814 -2.041459 -.7205731 .5704154 1.99162 3.622687 5.282145 6.895293 8.40221 9.69381 10.73223 11.48857 11.90481 12.20971 12.52284 12.94159 13.36101 13.89572 14.4844 15.07355 15.48496 15.6083 15.49712 15.44056 15.48419 15.54943 15.70258 15.92678 16.44721 16.74023 16.7457 16.37769 15.79174 15.0316 14.04924 12.92076 11.84573
-5.699146 -6.244376 -6.753185 -7.284811 -7.703391 -8.100669 -8.489054 -8.723834 -8.873304 -8.982345 -9.043478 -9.040477 -8.938674 -8.749116 -8.480727 -8.122622 -7.709779 -7.179302 -6.59967 -5.948834 -5.177156 -4.297655 -3.311238 -2.393843 -1.446276 -.3701914 .7779796 1.936594 3.274959 4.887298 6.515871 8.100822 9.552128 10.78654 11.68256 12.20786 12.3485 12.38644 12.43502 12.57837 12.74811 13.17222 13.68199 14.1881 14.53258 14.6602 14.59982 14.60635 14.71064 14.8728 15.11147 15.43033 15.92728 16.25078 16.30126 16.02799 15.54985 14.86791 14.03694 13.12823 12.26244
1.70141E+38 1.70141E+38 1.70141E+38 1.70141E+38 1.70141E+38 1.70141E+38 1.70141E+38 1.70141E+38 1.70141E+38 1.70141E+38 1.70141E+38 1.70141E+38 1.70141E+38 1.70141E+38 1.70141E+38 1.70141E+38 1.70141E+38 1.70141E+38 1.70141E+38 1.70141E+38 1.70141E+38 1.70141E+38 1.70141E+38 1.70141E+38 1.70141E+38 1.70141E+38 1.70141E+38 1.70141E+38 1.70141E+38 1.70141E+38 1.70141E+38 1.70141E+38 1.70141E+38 1.70141E+38 1.70141E+38 1.70141E+38 1.70141E+38 1.70141E+38 1.70141E+38 1.70141E+38 1.70141E+38 1.70141E+38 1.70141E+38 1.70141E+38 1.70141E+38 1.70141E+38 1.70141E+38 1.70141E+38 1.70141E+38 1.70141E+38 1.70141E+38 1.70141E+38 1.70141E+38 1.70141E+38 1.70141E+38 1.70141E+38 1.70141E+38 1.70141E+38 1.70141E+38 1.70141E+38 1.70141E+38
1.70141E+38 1.70141E+38 1.70141E+38 1.70141E+38 1.70141E+38 1.70141E+38 1.70141E+38 1.70141E+38 1.70141E+38 1.70141E+38 1.70141E+38 1.70141E+38 1.70141E+38 1.70141E+38 1.70141E+38 1.70141E+38 1.70141E+38 1.70141E+38 1.70141E+38 1.70141E+38 1.70141E+38 1.70141E+38 1.70141E+38 1.70141E+38 1.70141E+38 1.70141E+38 1.70141E+38 1.70141E+38 1.70141E+38 1.70141E+38 1.70141E+38 1.70141E+38 1.70141E+38 1.70141E+38 1.70141E+38 1.70141E+38 1.70141E+38 1.70141E+38 1.70141E+38 1.70141E+38 1.70141E+38 1.70141E+38 1.70141E+38 1.70141E+38 1.70141E+38 1.70141E+38 1.70141E+38 1.70141E+38 1.70141E+38 1.70141E+38 1.70141E+38 1.70141E+38 1.70141E+38 1.70141E+38 1.70141E+38 1.70141E+38 1.70141E+38 1.70141E+38 1.70141E+38 1.70141E+38 1.70141E+38
1.70141E+38 1.70141E+38 1.70141E+38 1.70141E+38 1.70141E+38 1.70141E+38 1.70141E+38 1.70141E+38 1.70141E+38 1.70141E+38 1.70141E+38 1.70141E+38 1.70141E+38 1.70141E+38 1.70141E+38 1.70141E+38 1.70141E+38 1.70141E+38 1.70141E+38 1.70141E+38 1.70141E+38 1.70141E+38 1.70141E+38 1.70141E+38 1.70141E+38 1.70141E+38 1.70141E+38 1.70141E+38 1.70141E+38 1.70141E+38 1.70141E+38 1.70141E+38 1.70141E+38 1.70141E+38 1.70141E+38 1.70141E+38 1.70141E+38 1.70141E+38 1.70141E+38 1.70141E+38 1.70141E+38 1.70141E+38 1.70141E+38 1.70141E+38 1.70141E+38 1.70141E+38 1.70141E+38 1.70141E+38 1.70141E+38 1.70141E+38 1.70141E+38 1.70141E+38 1.70141E+38 1.70141E+38 1.70141E+38 1.70141E+38 1.70141E+38 1.70141E+38 1.70141E+38 1.70141E+38 1.70141E+38
1.70141E+38 1.70141E+38 1.70141E+38 1.70141E+38 1.70141E+38 1.70141E+38 1.70141E+38 1.70141E+38 1.70141E+38 1.70141E+38 1.70141E+38 1.70141E+38 1.70141E+38 1.70141E+38 1.70141E+38 1.70141E+38 1.70141E+38 1.70141E+38 1.70141E+38 1.70141E+38 1.70141E+38 1.70141E+38 1.70141E+38 1.70141E+38 1.70141E+38 1.70141E+38 1.70141E+38 1.70141E+38 1.70141E+38 1.70141E+38 1.70141E+38 1.70141E+38 1.70141E+38 1.70141E+38 1.70141E+38 1.70141E+38 1.70141E+38 1.70141E+38 1.70141E+38 1.70141E+38 1.70141E+38 1.70141E+38 1.70141E+38 1.70141E+38 1.70141E+38 1.70141E+38 1.70141E+38 1.70141E+38 1.70141E+38 1.70141E+38 1.70141E+38 1.70141E+38 1.70141E+38 1.70141E+38 1.70141E+38 1.70141E+38 1.70141E+38 1.70141E+38 1.70141E+38 1.70141E+38 1.70141E+38
1.70141E+38 1.70141E+38 1.70141E+38 1.70141E+38 1.70141E+38 1.70141E+38 1.70141E+38 1.70141E+38 1.70141E+38 1.70141E+38 1.70141E+38 1.70141E+38 1.70141E+38 1.70141E+38 1.70141E+38 1.70141E+38 1.70141E+38 1.70141E+38 1.70141E+38 1.70141E+38 1.70141E+38 1.70141E+38 1.70141E+38 1.70141E+38 1.70141E+38 1.70141E+38 1.70141E+38 1.70141E+38 1.70141E+38 1.70141E+38 1.70141E+38 1.70141E+38 1.70141E+38 1.70141E+38 1.70141E+38 1.70141E+38 1.70141E+38 1.70141E+38 1.70141E+38 1.70141E+38 1.70141E+38 1.70141E+38 1.70141E+38 1.70141E+38 1.70141E+38 1.70141E+38 1.70141E+38 1.70141E+38 1.70141E+38 1.70141E+38 1.70141E+38 1.70141E+38 1.70141E+38 1.70141E+38 1.70141E+38 1.70141E+38 1.70141E+38 1.70141E+38 1.70141E+38 1.70141E+38 1.70141E+38
1.70141E+38 1.70141E+38 1.70141E+38 1.70141E+38 1.70141E+38 1.70141E+38 1.70141E+38 1.70141E+38 1.70141E+38 1.70141E+38 1.70141E+38 1.70141E+38 1.70141E+38 1.70141E+38 1.70141E+38 1.70141E+38 1.70141E+38 1.70141E+38 1.70141E+38 1.70141E+38 1.70141E+38 1.70141E+38 1.70141E+38 1.70141E+38 1.70141E+38 1.70141E+38 1.70141E+38 1.70141E+38 1.70141E+38 1.70141E+38 1.70141E+38 1.70141E+38 1.70141E+38 1.70141E+38 1.70141E+38 1.70141E+38 1.70141E+38 1.70141E+38 1.70141E+38 1.70141E+38 1.70141E+38 1.70141E+38 1.70141E+38 1.70141E+38 1.70141E+38 1.70141E+38 1.70141E+38 1.70141E+38 1.70141E+38 1.70141E+38 1.70141E+38 1.70141E+38 1.70141E+38 1.70141E+38 1.70141E+38 1.70141E+38 1.70141E+38 1.70141E+38 1.70141E+38 1.70141E+38 1.70141E+38
1.70141E+38 1.70141E+38 1.70141E+38 1.70141E+38 1.70141E+38 1.70141E+38 1.70141E+38 1.70141E+38 1.70141E+38 1.70141E+38 1.70141E+38 1.70141E+38 1.70141E+38 1.70141E+38 1.70141E+38 1.70141E+38 1.70141E+38 1.70141E+38 1.70141E+38 1.70141E+38 1.70141E+38 1.70141E+38 1.70141E+38 1.70141E+38 1.70141E+38 1.70141E+38 1.70141E+38 1.70141E+38 1.70141E+38 1.70141E+38 1.70141E+38 1.70141E+38 1.70141E+38 1.70141E+38 1.70141E+38 1.70141E+38 1.70141E+38 1.70141E+38 1.70141E+38 1.70141E+38 1.70141E+38 1.70141E+38 1.70141E+38 1.70141E+38 1.70141E+38 1.70141E+38 1.70141E+38 1.70141E+38 1.70141E+38 1.70141E+38 1.70141E+38 1.70141E+38 1.70141E+38 1.70141E+38 1.70141E+38 1.70141E+38 1.70141E+38 1.70141E+38 1.70141E+38 1.70141E+38 1.70141E+38
1.70141E+38 1.70141E+38 1.70141E+38 1.70141E+38 1.70141E+38 1.70141E+38 1.70141E+38 1.70141E+38 1.70141E+38 1.70141E+38 1.70141E+38 1.70141E+38 1.70141E+38 1.70141E+38 1.70141E+38 1.70141E+38 1.70141E+38 1.70141E+38 1.70141E+38 1.70141E+38 1.70141E+38 1.70141E+38 1.70141E+38 1.70141E+38 1.70141E+38 1.70141E+38 1.70141E+38 1.70141E+38 1.70141E+38 1.70141E+38 1.70141E+38 1.70141E+38 1.70141E+38 1.70141E+38 1.70141E+38 1.70141E+38 1.70141E+38 1.70141E+38 1.70141E+38 1.70141E+38 1.70141E+38 1.70141E+38 1.70141E+38 1.70141E+38 1.70141E+38 1.70141E+38 1.70141E+38 1.70141E+38 1.70141E+38 1.70141E+38 1.70141E+38 1.70141E+38 1.70141E+38 1.70141E+38 1.70141E+38 1.70141E+38 1.70141E+38 1.70141E+38 1.70141E+38 1.70141E+38 1.70141E+38
