py_wake/examples/data/AJ_ParqueFicticio/Ridge area   Sector 10   Height 30m   Flow inclination.grd
DSAA
90  129
 262878   265103
 6504214   6507414
-21.86246   24.38721
[rows 27 to 53 of 129, columns 0 to 60 of 90]
8.954485 9.470461 9.84719 10.11663 10.33118 10.46099 10.51916 10.54662 10.51317 10.42001 10.37868 10.46958 10.72796 11.11319 11.56718 12.01314 12.44834 12.83702 13.24822 13.82209 14.27629 14.59729 14.91289 15.15744 15.47002 15.82908 16.15563 16.35619 16.1814 15.92455 15.60189 15.19885 14.84937 14.1802 13.64249 13.06369 12.33305 11.47237 10.29954 8.720418 7.222958 5.682642 4.021422 2.326974 .7798779 -.4891652 -1.357513 -1.999053 -2.483961 -2.975991 -2.000095 .8697864 -4.728599 -3.858162 -.7964004 8.292397 -4.191875 4.310069 6.743152 8.41926 8.943741
9.141639 9.720007 10.14476 10.48118 10.75748 10.90504 10.96245 10.94091 10.78893 10.53291 10.31714 10.25405 10.37929 10.65804 11.04836 11.4884 11.94074 12.36136 12.7935 13.34122 13.78945 14.14059 14.53553 14.84725 15.21076 15.69091 16.10911 16.40861 16.41074 16.20802 15.96707 15.6874 15.38611 14.84259 14.30026 13.76325 13.05718 12.2492 11.15077 9.623431 8.111918 6.486237 4.631138 2.714566 1.067292 -.1489701 -.8421503 -1.319515 -1.761614 -1.94179 -.01405597 6.71663 -4.109584 -1.810104 4.852801 12.11414 -3.514405 6.26969 10.26867 11.2919 11.70871
9.273259 9.887286 10.35466 10.76945 11.11767 11.31191 11.40796 11.37249 11.16256 10.75314 10.38227 10.2219 10.26936 10.45793 10.75338 11.12183 11.55164 11.96107 12.40079 12.92177 13.31461 13.66605 14.10425 14.47451 14.86382 15.45221 15.97488 16.32423 16.41517 16.29076 16.12435 15.9507 15.75972 15.3788 14.85481 14.37393 13.75259 13.01852 12.02996 10.6115 9.109921 7.399985 5.341399 3.227645 1.487018 .2775555 -.3078862 -.6596395 -1.012967 -.3208631 2.300525 4.534189 -1.391753 1.637484 5.037535 -8.538796 -2.497142 2.311232 14.75554 15.08903 15.25846
9.331806 9.977513 10.48746 10.97482 11.38506 11.63476 11.79008 11.76722 11.57668 11.05745 10.63388 10.42481 10.40787 10.53193 10.7374 11.01365 11.37947 11.76299 12.19071 12.68087 13.00025 13.33634 13.78883 14.16376 14.55567 15.17686 15.71706 15.98882 16.06892 16.02066 15.9095 15.80543 15.79686 15.59517 15.17523 14.766 14.29341 13.69136 12.83114 11.55561 10.08202 8.299603 6.052902 3.827899 2.067106 .8297257 .255714 -.01317762 -.2049128 1.002658 5.113328 -.8695809 -.9167492 1.29311 5.001884 -8.483583 .07415722 .7580407 20.11771 19.63792 17.75712
9.298937 9.995588 10.55381 11.11231 11.57874 11.87279 12.0632 12.06952 11.93826 11.43771 11.05207 10.83536 10.7648 10.8091 10.94181 11.14844 11.47798 11.87109 12.26516 12.6299 12.91603 13.23732 13.63457 13.97006 14.34998 14.87281 15.27763 15.42931 15.4863 15.50762 15.47184 15.43568 15.4448 15.34557 15.11131 14.83049 14.51515 14.08761 13.3843 12.25981 10.8517 8.962569 6.61565 4.389164 2.616384 1.381678 .7898882 .5687557 .5575916 2.142672 6.306372 -3.638732 -1.522174 .6179752 -9.84869 -8.001455 -.2014136 .224688 24.38721 23.61767 15.39409
9.181497 9.940362 10.55346 11.17587 11.68917 12.02092 12.23534 12.28369 12.21584 11.84422 11.54018 11.34385 11.23888 11.21047 11.27677 11.45168 11.81079 12.23302 12.53548 12.77911 13.03254 13.30942 13.61416 13.90333 14.2288 14.64913 14.91301 14.94012 14.90945 14.92181 14.90132 14.89217 14.84376 14.79382 14.73249 14.6169 14.46067 14.20699 13.66984 12.71437 11.3956 9.40737 7.036879 4.876357 3.033178 1.789506 1.218468 1.02026 1.062441 2.807967 6.921328 -2.827771 -.9871375 -2.587094 -9.985065 -7.123357 -.06068276 .1656861 -1.128606 23.8954 6.772129
8.992188 9.822062 10.49883 11.19473 11.75447 12.11874 12.35103 12.44463 12.44409 12.24672 12.04035 11.86833 11.73083 11.64299 11.67071 11.86367 12.29595 12.72834 12.9431 13.09386 13.27844 13.50611 13.74796 13.97059 14.23814 14.5765 14.81798 14.72644 14.55804 14.40399 14.28321 14.25411 14.16495 14.12909 14.16976 14.15204 14.1191 14.0091 13.64509 12.90292 11.68224 9.647015 7.318018 5.252851 3.332693 2.024744 1.436612 1.260141 1.241902 2.880924 6.570108 -1.276809 6.99661 6.560884 -.9148859 -3.703086 1.002407 1.594887 -.2911996 13.10828 -.2700927
8.734469 9.637443 10.38922 11.18726 11.8021 12.20472 12.46986 12.60206 12.6489 12.59974 12.48803 12.34797 12.1909 12.05872 12.07395 12.31905 12.81378 13.19291 13.38577 13.49649 13.64102 13.84191 14.03616 14.214 14.46402 14.73007 14.90242 14.86343 14.48619 14.09939 13.83319 13.65432 13.47413 13.44086 13.4534 13.42071 13.47235 13.43476 13.20623 12.69585 11.58271 9.634469 7.433614 5.48009 3.514729 2.108945 1.413785 1.244821 1.177757 2.134238 5.064798 7.397282 3.222584 5.213498 5.681987 3.290482 4.494528 6.530344 6.254212 2.278891 .9836792
8.390237 9.355863 10.20101 11.15454 11.8471 12.31163 12.62255 12.79965 12.89009 12.91825 12.86352 12.77023 12.60367 12.45809 12.48419 12.75663 13.20435 13.54766 13.7509 13.89969 14.08402 14.2683 14.4651 14.65375 14.87085 15.06756 15.17572 15.04906 14.61697 14.02823 13.55841 13.17398 12.89006 12.74861 12.6443 12.55797 12.57517 12.53871 12.38778 12.05402 11.09902 9.363917 7.384054 5.565504 3.575713 2.071544 1.152025 .9118508 .84292 1.022021 3.190329 5.208405 -1.163583 .7109653 2.133242 3.493812 4.317926 4.580466 4.111172 3.08829 .3448652
7.941212 8.963549 9.917457 11.06647 11.85738 12.40702 12.77961 13.01853 13.17199 13.24678 13.25094 13.21245 13.02844 12.87958 12.91443 13.1326 13.48574 13.8119 14.04449 14.2764 14.4985 14.70738 14.9581 15.17048 15.34803 15.49748 15.52869 15.31746 14.74667 14.08572 13.43379 12.87417 12.47804 12.1482 11.9059 11.68875 11.60441 11.50213 11.40187 11.17725 10.41071 8.955367 7.203135 5.528068 3.579456 1.941627 .771975 .3218095 .2623887 .1619626 .5751768 1.517928 -1.050434 -3.586538 -2.594908 -1.44534 -.1052657 1.087622 4.001249 4.299137 -1.759901
7.381388 8.453805 9.532773 10.8711 11.78101 12.44169 12.90436 13.2353 13.48519 13.61267 13.69015 13.67784 13.48525 13.31522 13.32203 13.46629 13.7648 14.0275 14.29254 14.61299 14.82823 15.09107 15.38474 15.63862 15.80677 15.90686 15.88198 15.61529 14.92978 14.12675 13.50666 12.78546 12.20226 11.68881 11.28381 10.94194 10.68418 10.52033 10.45827 10.33576 9.723003 8.487332 6.916884 5.275705 3.502914 1.726015 .345886 -.347174 -.4908389 -.6194064 -.8817499 -.9139575 -.9343314 -6.457036 -6.25815 -5.514225 -3.433487 .5761269 5.794809 3.910444 -4.444485
6.678914 7.732166 8.953667 10.44432 11.53716 12.33784 12.93711 13.38989 13.77601 14.00445 14.18916 14.18494 13.99107 13.78301 13.74258 13.86311 14.09337 14.26918 14.51814 14.80963 15.0201 15.32526 15.66313 15.94579 16.14354 16.2274 16.15765 15.85793 15.16728 14.31537 13.53634 12.85755 12.09067 11.44121 10.85273 10.37939 9.997469 9.777148 9.704106 9.574186 9.052648 7.945562 6.47716 4.856591 3.207549 1.372987 -.0916377 -.9743483 -1.27076 -1.408098 -1.689821 -2.107075 -2.354424 -3.527114 -8.249328 -7.605666 -4.142681 3.488502 7.821733 .6924818 23.19148
5.995142 6.964049 8.212814 9.687056 10.91628 12.00331 12.84143 13.4539 13.97736 14.33783 14.63157 14.67218 14.49237 14.30965 14.24344 14.30836 14.43107 14.57209 14.69762 14.86238 15.06807 15.40401 15.81795 16.09395 16.32343 16.39415 16.31355 16.03691 15.39764 14.54473 13.6787 12.92203 12.08259 11.36918 10.65868 10.04134 9.545683 9.216604 9.069362 8.89774 8.381251 7.333631 5.942786 4.386408 2.777985 .9578903 -.5699241 -1.587456 -2.04757 -2.272461 -2.462317 -2.818435 -3.290799 -3.598616 -6.910016 -7.146786 -1.28991 7.465818 5.896143 -2.697166 23.46526
5.333155 6.156085 7.311028 8.687757 10.00929 11.29735 12.39122 13.3557 14.08482 14.60773 15.01154 15.09834 14.96312 14.84082 14.78893 14.75484 14.78763 14.86882 14.84607 14.88393 15.0566 15.42725 15.87369 16.14768 16.39207 16.42986 16.376 16.1534 15.55625 14.73452 13.84164 13.02371 12.08224 11.31531 10.67243 9.926296 9.288189 8.864699 8.629373 8.368386 7.844053 6.843016 5.479162 3.989454 2.39262 .613259 -.9885404 -2.186433 -2.824671 -3.154952 -3.31361 -3.536107 -4.029388 -4.011864 -5.158542 -4.966277 2.679767 9.171276 3.514556 -1.99014 23.46686
4.650516 5.292315 6.240973 7.486073 8.836235 10.29874 11.59319 12.80256 13.88297 14.74247 15.26797 15.42995 15.39575 15.32827 15.26983 15.2078 15.14632 15.13709 15.0124 14.94992 15.07547 15.40598 15.84492 16.11084 16.36734 16.4006 16.39867 16.19113 15.7065 14.85681 14.01935 13.14047 12.17864 11.36815 10.72466 9.992379 9.237732 8.700354 8.386466 8.057728 7.529578 6.48679 5.076478 3.607776 2.044527 .3196942 -1.305121 -2.679652 -3.504829 -3.955726 -4.190477 -4.384851 -4.805755 -4.960623 -4.429355 -2.16984 6.692453 9.79838 6.797506 2.91126 -3.291777
3.928994 4.346326 5.055157 6.120413 7.415026 8.966336 10.40713 11.84276 13.15712 14.31751 15.20414 15.60947 15.69431 15.67622 15.63743 15.56813 15.4837 15.39818 15.22081 15.09687 15.07839 15.32372 15.70047 15.98409 16.24882 16.34125 16.41212 16.28134 15.87938 14.98528 14.24887 13.30199 12.4163 11.63973 10.93355 10.128 9.359445 8.829757 8.41459 7.992527 7.33181 6.239103 4.851112 3.378868 1.809887 .05909938 -1.603593 -2.983304 -4.0042 -4.624406 -5.008442 -5.247262 -5.608448 -5.863384 -4.238711 .9703134 10.72418 14.46187 10.00426 .3466346 -3.314558
3.294872 3.475158 3.966216 4.772882 5.825336 7.269854 8.761366 10.38426 11.94394 13.36583 14.49583 15.18063 15.61867 15.82906 15.83969 15.77721 15.71931 15.63734 15.43919 15.19569 15.05734 15.2075 15.47019 15.74755 16.03033 16.19208 16.38007 16.3821 16.01724 15.16134 14.49778 13.56912 12.7835 12.05149 11.26832 10.459 9.725314 9.133095 8.639763 8.074334 7.312004 6.252844 4.864375 3.329318 1.704716 -.1167494 -1.837902 -3.266729 -4.323782 -5.110851 -5.630563 -5.952962 -6.304734 -6.475263 -4.017403 2.696795 9.72745 10.77717 3.206568 -3.371009 -7.200098
2.827402 2.751165 3.034784 3.587254 4.274927 5.342893 6.695619 8.379361 10.15749 11.83293 13.24551 14.23746 14.93387 15.33078 15.55918 15.61427 15.70879 15.71781 15.56718 15.24135 15.03455 15.06985 15.18116 15.43297 15.72594 15.96122 16.28034 16.42952 16.11554 15.29331 14.71159 13.89265 13.20023 12.52923 11.72231 10.94824 10.27544 9.642879 8.989442 8.328437 7.546999 6.49512 5.067538 3.437522 1.746239 -.1563608 -1.978299 -3.471335 -4.560736 -5.408624 -6.008928 -6.462991 -6.817308 -6.850008 -4.381852 .1867239 4.988703 2.911811 -4.376226 -10.4269 -15.66362
2.520308 2.163709 2.242445 2.499274 2.775329 3.303184 4.268445 5.788067 7.678871 9.58676 11.31328 12.65228 13.677 14.35699 14.78136 14.94215 15.13715 15.37073 15.4048 15.17283 14.95646 14.91447 14.88816 15.09615 15.40968 15.71817 16.13287 16.41876 16.22695 15.42503 14.93973 14.27969 13.66212 13.06351 12.27947 11.54463 10.93566 10.29689 9.529973 8.779381 7.995201 6.926512 5.422022 3.665015 1.913792 -.001216769 -1.884479 -3.51234 -4.672171 -5.50588 -6.159659 -6.68387 -7.126143 -7.125257 -5.551825 -2.241985 .3391466 -4.92053 -11.47297 -14.38041 -16.28425
2.368554 1.717668 1.621312 1.615168 1.555896 1.533433 1.839972 2.849446 4.586667 6.557328 8.510696 10.2074 11.63176 12.73808 13.49381 13.90778 14.25666 14.62474 14.80048 14.74111 14.64874 14.64005 14.61818 14.82126 15.188 15.53788 15.9785 16.36112 16.41039 15.719 15.26683 14.75989 14.18941 13.6406 12.93556 12.21977 11.6601 11.05059 10.23363 9.437483 8.600859 7.480957 5.868047 4.038675 2.204556 .2787868 -1.551477 -3.269477 -4.555368 -5.410688 -6.053512 -6.567038 -7.188494 -7.296776 -6.078631 -2.317104 -2.743003 -10.21589 -11.36061 -13.03175 -13.94371
2.339275 1.517256 1.28986 1.140964 .9163108 .6267179 .463943 .7194111 1.750518 3.334926 5.209968 7.06567 8.811858 10.33862 11.48159 12.29214 12.90907 13.47474 13.85214 14.00501 14.06345 14.11281 14.16437 14.4004 14.83433 15.27856 15.71571 16.14192 16.39145 16.05533 15.66435 15.28569 14.77056 14.22863 13.63636 12.97263 12.42668 11.86421 11.03992 10.19564 9.314065 8.11568 6.413126 4.57556 2.666342 .6851246 -1.123428 -2.761176 -4.177238 -5.099504 -5.713167 -6.209177 -6.864457 -7.073599 -5.332042 -1.294667 -2.397954 -6.385283 -6.913569 -9.064327 -10.75622
2.390019 1.529667 1.163754 1.009319 .8285512 .5869786 .4542358 .4259683 .5473687 1.234637 2.532106 4.112419 5.741857 7.45834 8.922031 10.07779 11.03531 11.89384 12.56377 12.97551 13.23554 13.41409 13.58054 13.85386 14.33984 14.89716 15.34954 15.77275 16.13487 16.15599 15.96731 15.69811 15.32595 14.82392 14.31469 13.76055 13.22459 12.70825 11.92084 11.00131 10.0723 8.80099 7.035215 5.19411 3.242087 1.202686 -.6646362 -2.237957 -3.628224 -4.6555 -5.244991 -5.698418 -6.248978 -6.335979 -3.510524 .9148282 -.2852405 .2335917 -.9012983 -5.53656 -8.816057
2.601846 1.617793 1.066128 .9738975 .9205311 .8026353 .892449 1.399629 2.094456 2.42958 2.71201 3.204807 3.929998 5.015817 6.201378 7.453055 8.72071 9.88507 10.92912 11.71424 12.20658 12.56568 12.88978 13.20451 13.68799 14.30721 14.83415 15.29663 15.71829 15.97903 16.05107 15.95076 15.73734 15.32727 14.88537 14.49365 14.05331 13.55576 12.82961 11.83021 10.8529 9.53925 7.734186 5.876215 3.899214 1.789233 -.1917212 -1.828152 -3.110129 -4.15303 -4.731686 -5.124901 -5.534278 -5.370149 -1.656282 .2057106 .6085092 2.985907 1.082042 -5.554016 -9.367123
2.978163 1.889744 1.169059 .9209032 1.042784 1.126509 1.653254 3.630844 7.250797 8.382811 7.703864 6.651796 5.667515 4.917581 4.651314 5.176309 6.410468 7.736696 9.088754 10.26323 11.11565 11.69321 12.1989 12.60413 13.00443 13.59949 14.18464 14.67523 15.14311 15.54068 15.83543 15.97938 15.92495 15.64029 15.2976 15.06287 14.7899 14.32551 13.68696 12.6569 11.65429 10.3322 8.513018 6.634814 4.617756 2.405612 .2578246 -1.476484 -2.771152 -3.666024 -4.220178 -4.541067 -4.802831 -4.4758 -1.782317 -.5609968 -.1366825 .4590602 -2.239281 -7.587492 -11.61073
3.502936 2.343012 1.494086 1.030001 1.028623 1.24084 1.648557 3.672444 10.09172 14.0077 13.43522 11.06647 8.471627 6.492069 4.983673 4.373175 4.988303 6.16875 7.52536 8.953177 10.13477 10.98981 11.65983 12.14745 12.51116 12.99587 13.56758 14.02152 14.47605 15.05709 15.48202 15.83264 15.90815 15.72772 15.53132 15.49841 15.36358 14.99296 14.45029 13.50524 12.48371 11.17067 9.354511 7.470273 5.397532 3.030546 .6703411 -1.170438 -2.499146 -3.265412 -3.746339 -4.001779 -4.141442 -3.824669 -1.959688 -.2093776 -.1230574 -.8847124 -4.734748 -10.06019 -8.831162
4.120159 2.870071 1.954075 1.353511 1.210151 1.371077 1.717332 2.916222 8.325645 16.07728 17.00309 13.25718 10.19029 8.503002 7.207232 6.144111 5.861722 6.268614 7.189675 8.503629 9.771833 10.7576 11.50075 12.01652 12.308 12.69835 13.21986 13.63069 14.04314 14.7717 15.25933 15.72682 15.9159 15.80161 15.70466 15.78582 15.74963 15.50761 15.10154 14.3237 13.30075 11.99181 10.20451 8.33721 6.197115 3.64919 1.108156 -.8394244 -2.210668 -2.945906 -3.337915 -3.551508 -3.620958 -3.20836 -.815699 .3732471 -.117393 -1.769327 -5.187291 -7.589453 -7.427637
4.851655 3.472183 2.464761 1.74918 1.515768 1.610323 1.946375 2.642401 5.080787 11.06485 13.55481 11.98837 10.38936 9.968261 9.955094 10.00939 9.442967 8.773484 8.892619 9.708303 10.58091 11.33905 11.95493 12.3798 12.5757 12.90547 13.40012 13.75529 14.12874 14.90769 15.38481 15.82886 16.05062 15.94193 15.87164 15.94393 15.95706 15.85638 15.61115 14.98244 13.98351 12.66596 10.92629 9.097376 6.895442 4.198132 1.617562 -.4179539 -1.858906 -2.639479 -2.994504 -3.185205 -3.267971 -2.865909 .0110718 .1562742 -.9397033 -2.368129 -4.134044 -5.904192 -6.242554
