py_wake/examples/data/AJ_ParqueFicticio/Ridge area   Sector 4   Height 200m   Orographic turn.grd
DSAA
90  129
 262878   265103
 6504214   6507414
-14.11011   50.15718
[rows 54 to 80 of 129, columns 0 to 59 of 90]
4.672694 3.50411 2.108951 .4413733 -1.213828 -2.73458 -4.091477 -5.207639 -5.960906 -6.315506 -6.159122 -6.1532 -6.73733 -7.871102 -9.397865 -11.15768 -12.53032 -12.97418 -12.91103 -11.76764 -9.55454 -7.547016 -5.880148 -4.406881 -2.906175 -1.499654 -.06778637 1.326774 2.479948 3.418945 3.979001 4.200081 4.135301 3.948495 3.822251 3.724849 3.589194 3.409687 3.1828 2.92632 2.645732 2.360044 2.136006 1.89702 1.552565 1.377267 1.142534 .7945374 .3693464 -.2169604 -.7639247 -1.425456 -2.193336 -3.022826 -3.94784 -4.85264 -5.675607 -6.490214 -7.20832 -7.72646
4.616827 3.533318 2.235203 .6941581 -.8710241 -2.324822 -3.580763 -4.601708 -5.253555 -5.548879 -5.465868 -5.524268 -6.195833 -7.392469 -8.794552 -10.25616 -11.30979 -11.729 -11.31094 -9.719245 -7.420393 -5.182364 -3.473296 -2.118478 -.8258932 .401509 1.563704 2.544458 3.383003 3.962749 4.232928 4.194272 3.973552 3.734599 3.53251 3.325741 3.073696 2.825976 2.591552 2.349274 2.082242 1.819163 1.609467 1.38436 1.176656 1.148154 1.013851 .7512726 .4568154 -.07977627 -.7305231 -1.44626 -2.313667 -3.257759 -4.318367 -5.381392 -6.329801 -7.221509 -8.02573 -8.642156
4.473668 3.467267 2.288322 .9565875 -.3890202 -1.789437 -2.958856 -3.923988 -4.519559 -4.806888 -4.753705 -4.800686 -5.258284 -6.371654 -7.570362 -8.76748 -9.573222 -9.874068 -9.518814 -8.144436 -5.854532 -3.622993 -1.872695 -.47502 .6739326 1.649681 2.469234 3.129244 3.644169 3.907098 3.920795 3.714127 3.422733 3.160834 2.915133 2.651743 2.404198 2.182262 1.99102 1.784781 1.545063 1.321002 1.125438 .9397777 .9077451 .9026246 .8361942 .6408959 .4306729 .02440322 -.6083806 -1.388863 -2.330806 -3.38306 -4.555275 -5.774179 -6.873339 -7.865217 -8.778054 -9.524921
4.244676 3.362463 2.331254 1.21981 .07909281 -1.190427 -2.284453 -3.19586 -3.74052 -4.018835 -4.051171 -4.094821 -4.319691 -5.105235 -6.018362 -6.972899 -7.740026 -8.023075 -7.798538 -6.600254 -4.565757 -2.556847 -.8974428 .4274103 1.410258 2.144621 2.700239 3.11914 3.399286 3.454547 3.325873 3.07455 2.780928 2.497789 2.231222 1.981948 1.772713 1.607746 1.450101 1.273194 1.075712 .888788 .7088015 .6380008 .6869242 .6790855 .6521643 .509183 .3249196 -.01620572 -.5016108 -1.293063 -2.277408 -3.419268 -4.688085 -6.043727 -7.333864 -8.470146 -9.492451 -10.31776
4.051087 3.289756 2.409192 1.44278 .420461 -.6518406 -1.638212 -2.509509 -3.06198 -3.314591 -3.321837 -3.327087 -3.471979 -3.950898 -4.575739 -5.206122 -5.757582 -5.976858 -5.889319 -4.980529 -3.435376 -1.87094 -.4630972 .6692984 1.453821 1.994477 2.368827 2.645099 2.78065 2.761333 2.616276 2.384424 2.113206 1.863886 1.650335 1.444173 1.283052 1.149322 .9975308 .8397033 .6926476 .535509 .4368557 .4813873 .5363954 .5079547 .4936664 .3927881 .2186739 -.1278818 -.5274489 -1.197566 -2.183099 -3.380421 -4.721363 -6.158267 -7.576253 -8.879601 -9.992121 -10.90166
3.804002 3.215062 2.466779 1.608553 .690091 -.2163259 -1.086539 -1.8649 -2.432045 -2.695746 -2.684047 -2.615321 -2.675329 -2.906521 -3.327629 -3.757435 -4.149812 -4.366682 -4.266496 -3.650842 -2.607341 -1.529051 -.4440966 .4382647 1.017983 1.416425 1.690043 1.896659 1.997353 1.991248 1.893459 1.721663 1.498251 1.312082 1.147085 .9834391 .8598984 .7456223 .6083087 .4929862 .3758655 .2652623 .2821434 .367824 .4231397 .354613 .3748623 .3612394 .2048207 -.1512837 -.5761174 -1.16671 -2.070255 -3.292908 -4.672949 -6.166319 -7.609969 -8.955545 -10.18853 -11.21147
3.50904 3.051368 2.436748 1.694729 .9180765 .1631813 -.6029496 -1.292681 -1.829684 -2.112136 -2.123693 -1.999558 -1.929974 -1.971643 -2.221019 -2.481605 -2.746319 -2.933058 -2.931718 -2.661705 -2.023974 -1.326772 -.6089645 .01085581 .4054191 .6853947 .9109667 1.096558 1.199043 1.22602 1.189877 1.080789 .9267018 .7991849 .6630868 .546676 .458851 .3598284 .2690186 .1994614 .117492 .0828864 .1452384 .2303443 .2490136 .1958205 .2972412 .3844908 .3241096 .01322196 -.5054525 -1.144363 -1.987787 -3.152081 -4.545177 -6.055111 -7.520737 -8.844314 -10.10079 -11.2723
3.160714 2.835245 2.355198 1.728344 1.091083 .453138 -.1960619 -.7887283 -1.259697 -1.539904 -1.585961 -1.467066 -1.315064 -1.179931 -1.26811 -1.427107 -1.593762 -1.746626 -1.811813 -1.779229 -1.528487 -1.163455 -.7649595 -.3917153 -.1668851 .01279837 .1923397 .3583748 .4653101 .5025204 .4990245 .434466 .3710798 .2824997 .1804433 .1190154 .05998822 .00209293 -.02306479 -.04664219 -.06430269 -.02739017 .03422745 .0939694 .07044942 .09167358 .2375891 .3745584 .4247984 .242607 -.3181044 -1.068882 -1.935243 -2.990522 -4.315854 -5.828329 -7.325732 -8.653514 -9.881792 -11.08131
2.786616 2.59551 2.198345 1.679448 1.201318 .6868945 .1645876 -.3357722 -.7496372 -1.023622 -1.097365 -.9615986 -.7376654 -.5217302 -.4901718 -.6192902 -.7170745 -.831413 -.8904821 -.9956058 -1.027976 -.9199662 -.7515933 -.5799328 -.5404246 -.4502119 -.3227933 -.2144509 -.1483974 -.1150527 -.1253528 -.1583473 -.1751425 -.2298787 -.2829565 -.3037083 -.3201222 -.3088584 -.2708618 -.2306659 -.170379 -.07614033 .003494449 .06520146 .03610632 .1225128 .2312762 .3393066 .3997434 .3292493 -.1240897 -.9455955 -1.852748 -2.827 -4.004989 -5.461818 -6.95806 -8.284559 -9.467278 -10.62944
2.370378 2.262484 1.935921 1.576035 1.262372 .8953416 .4992224 .104373 -.22915 -.4545631 -.5347834 -.4509346 -.2138316 .01043242 .1005208 -.0003859842 -.05479754 -.1208486 -.1767841 -.3799721 -.5360343 -.6016064 -.5563576 -.55278 -.647346 -.6447411 -.6053082 -.6018072 -.5960746 -.5952811 -.6283851 -.6492594 -.6652024 -.6810941 -.6882299 -.6847822 -.6554307 -.5752404 -.4707491 -.3547348 -.2229119 -.08867442 .02789731 .1321706 .1934071 .2687549 .289145 .3103208 .2934388 .2268961 -.06874148 -.8218201 -1.733971 -2.634434 -3.646335 -4.936175 -6.427924 -7.679003 -8.822037 -9.923025
1.902614 1.871876 1.728287 1.559496 1.370003 1.101846 .7681163 .4321977 .1621652 -.004555835 -.05706355 .01736303 .2369408 .443042 .5547069 .5293464 .4713714 .3963598 .3018874 .08797484 -.105316 -.2564847 -.3424321 -.4581963 -.5833473 -.6819096 -.7587211 -.8447028 -.8949035 -.9470689 -.9996066 -1.033478 -1.056264 -1.037646 -1.012854 -.9900162 -.9202597 -.7830601 -.6216198 -.4410788 -.2442703 -.07555392 .07283267 .2176819 .4134161 .4687196 .3862576 .2923971 .1655158 .02696501 -.1985655 -.7721887 -1.619514 -2.441704 -3.29571 -4.332098 -5.785088 -6.895584 -7.990748 -8.997705
1.388757 1.453054 1.555858 1.549355 1.459365 1.2757 1.006834 .7370415 .5333442 .4306024 .4132808 .4915679 .6757889 .8486724 .9614759 .9493201 .8687555 .7451419 .5953537 .4188913 .2091229 .004654959 -.1888772 -.3656643 -.5089092 -.6750905 -.8346978 -.9779274 -1.082138 -1.169298 -1.243189 -1.302132 -1.330675 -1.289072 -1.239838 -1.196394 -1.096582 -.9214227 -.7200137 -.5021557 -.2508778 -.0429535 .1163793 .2692477 .536559 .6387981 .473979 .2730313 .03317922 -.1937578 -.4467358 -.8531423 -1.562183 -2.277801 -2.984329 -3.774258 -5.084939 -6.040504 -7.042418 -7.934047
.8395054 .9883299 1.280035 1.468164 1.497252 1.419776 1.252658 1.083184 .9611599 .9289733 .9518833 1.034796 1.16332 1.266021 1.332081 1.276101 1.158384 .9934501 .8068108 .6415723 .4039492 .1604093 -.09259633 -.3060647 -.4857359 -.6755343 -.8628976 -1.02845 -1.153309 -1.253166 -1.341161 -1.421287 -1.453057 -1.399128 -1.326665 -1.258144 -1.138962 -.960056 -.7524602 -.5246465 -.2663346 -.02912406 .1302295 .2700289 .4892886 .6478285 .4996611 .2208716 -.09582201 -.405425 -.7026098 -1.042754 -1.598025 -2.178232 -2.745569 -3.342085 -4.381608 -5.192822 -6.060743 -6.832112
.3241453 .5432791 .871793 1.269718 1.490389 1.562913 1.545061 1.520637 1.52446 1.572292 1.626479 1.681428 1.701303 1.670825 1.618092 1.536707 1.351888 1.183728 .973217 .7790816 .5136144 .2505724 -.02717611 -.2686428 -.4863404 -.6919817 -.889571 -1.038624 -1.16214 -1.264898 -1.330606 -1.398561 -1.429395 -1.378822 -1.280848 -1.173432 -1.043571 -.8980241 -.7302611 -.5353277 -.3297934 -.1066034 .06060435 .1651488 .2825631 .4433781 .4042693 .1161228 -.2534329 -.6138489 -.9406314 -1.253508 -1.696343 -2.160962 -2.602692 -3.048001 -3.7548 -4.398273 -5.071469 -5.699334
-.07797436 .1958973 .524948 .9678366 1.403451 1.711189 1.962226 2.18764 2.394423 2.483615 2.507705 2.451018 2.279896 2.050041 1.839989 1.7371 1.546886 1.352117 1.105357 .8664142 .6174843 .3298746 .03523179 -.2213573 -.43911 -.6632307 -.8751018 -.9932847 -1.120548 -1.223993 -1.256948 -1.269558 -1.284313 -1.260841 -1.162961 -1.009149 -.8882201 -.7912192 -.7049091 -.5938685 -.4632393 -.3015281 -.1368785 -.07066035 -.03991162 .0609252 .1166091 -.07841236 -.4761118 -.8508171 -1.184708 -1.468524 -1.822778 -2.197012 -2.532519 -2.869436 -3.215492 -3.695513 -4.115833 -4.559121
-.3082277 .02035919 .3844943 .862098 1.410444 1.965143 2.543844 3.063749 3.428416 3.530883 3.465777 3.248063 2.854151 2.447883 2.089931 1.879181 1.733823 1.542515 1.250481 .9638761 .7461718 .4586979 .1520564 -.1080008 -.3174463 -.5322305 -.7367687 -.8562012 -.9914101 -1.080516 -1.113676 -1.078268 -1.052433 -1.044601 -.9826334 -.836885 -.73962 -.709768 -.7348296 -.7585037 -.7168452 -.638869 -.5229876 -.4341716 -.4888914 -.4667135 -.4012794 -.4729861 -.7851045 -1.167965 -1.459873 -1.68234 -1.92597 -2.209384 -2.445371 -2.692611 -2.683127 -3.024722 -3.226654 -3.49595
-.2850708 .1151938 .5758603 1.133344 1.771319 2.49496 3.287219 4.007378 4.456333 4.597509 4.444327 4.08541 3.543515 2.973795 2.444007 2.082352 1.92576 1.734313 1.459308 1.166418 .9217493 .6657361 .3777535 .1244066 -.08778407 -.2607668 -.4178587 -.5476333 -.6848993 -.7638046 -.8117836 -.7766383 -.7280736 -.7260646 -.7338817 -.6907507 -.6822847 -.7766244 -.9310873 -1.098963 -1.176586 -1.175266 -1.126262 -1.025766 -1.080688 -1.162522 -1.149969 -1.125391 -1.289171 -1.600111 -1.807934 -1.902996 -1.961144 -2.112878 -2.237991 -2.357405 -2.131716 -2.330945 -2.405432 -2.545637
-.0491058 .4543437 1.060505 1.749061 2.506045 3.344554 4.233773 5.027314 5.535078 5.677594 5.447755 5.016179 4.377132 3.621365 2.938667 2.460955 2.222886 1.988627 1.737548 1.487189 1.221653 .9750375 .7462626 .5297272 .3618298 .2212263 .1293291 .01220158 -.1101956 -.220791 -.3033311 -.3270108 -.3274164 -.3950452 -.502956 -.629566 -.8211362 -1.099051 -1.407665 -1.695579 -1.868995 -1.926504 -1.917993 -1.845468 -1.806869 -1.992346 -2.029101 -2.011039 -2.013796 -2.148897 -2.223652 -2.119098 -1.93755 -1.914316 -1.917307 -1.832184 -1.556672 -1.603365 -1.588869 -1.640578
.3752374 .9781935 1.740436 2.628336 3.582242 4.515435 5.428042 6.193241 6.669636 6.735221 6.447454 5.955553 5.207619 4.366077 3.569225 3.02454 2.684589 2.399659 2.151242 1.918464 1.6808 1.457708 1.299586 1.16637 1.078363 .9999068 .9391552 .8465092 .7241089 .5816579 .4234037 .2710093 .1268877 -.09260598 -.3378508 -.6919801 -1.151089 -1.645918 -2.132521 -2.522155 -2.712078 -2.76764 -2.772254 -2.721265 -2.64404 -2.849583 -2.921258 -2.937885 -2.828503 -2.749543 -2.637605 -2.340051 -1.978759 -1.768059 -1.600716 -1.27591 -.9995931 -.8750092 -.7815865 -.7666764
1.015292 1.727921 2.622226 3.762354 4.879902 5.848561 6.699362 7.413923 7.779529 7.746462 7.370645 6.823804 6.029875 5.153791 4.327021 3.719594 3.331828 3.007187 2.771886 2.53478 2.295817 2.166065 2.12549 2.085287 2.094769 2.093038 2.08596 2.022293 1.883276 1.683274 1.39175 1.113043 .7102692 .2310894 -.2374877 -.8722256 -1.582596 -2.266154 -2.891507 -3.349082 -3.527746 -3.543864 -3.537478 -3.502422 -3.451606 -3.613645 -3.696887 -3.721028 -3.56816 -3.327885 -3.052441 -2.627663 -2.167161 -1.782633 -1.367545 -.8462967 -.4898549 -.1674793 .02280927 .1123332
1.911919 2.711896 3.712131 4.981581 6.146759 7.138295 7.975355 8.625091 8.805492 8.634521 8.239141 7.681846 6.889799 5.993487 5.117864 4.509856 4.074084 3.778109 3.558736 3.296891 3.062989 3.024322 3.153886 3.233338 3.322617 3.397266 3.529593 3.541924 3.477851 3.171771 2.723944 2.2678 1.521049 .6345745 -.1718042 -1.039299 -1.909008 -2.74041 -3.449636 -3.957125 -4.157399 -4.172762 -4.15675 -4.131532 -4.115004 -4.221523 -4.30603 -4.322927 -4.170377 -3.872737 -3.519986 -3.025964 -2.48159 -1.912861 -1.23246 -.5579454 -.02370843 .4812966 .8117127 1.006151
2.997841 3.852383 4.941465 6.152084 7.331651 8.365172 9.253302 9.76522 9.585769 9.250066 8.797898 8.2926 7.678094 6.879754 5.926031 5.247659 4.875532 4.610075 4.321014 4.029027 3.861763 3.936158 4.21043 4.533582 4.710488 4.756971 4.97084 5.278542 5.495232 4.977779 4.289134 3.683031 2.57939 1.038678 -.2492687 -1.31587 -2.248874 -3.076886 -3.764607 -4.288151 -4.528179 -4.588846 -4.609462 -4.624346 -4.647362 -4.693834 -4.780969 -4.784989 -4.654871 -4.383728 -4.025534 -3.489254 -2.824596 -2.051462 -1.186848 -.3609749 .4072854 1.052198 1.528448 1.848608
4.187365 5.078176 6.140266 7.26246 8.394677 9.37451 10.14974 10.32478 9.92192 9.540301 9.099072 8.63311 8.086211 7.33108 6.414652 5.7795 5.423524 5.158434 4.851778 4.589839 4.586314 4.827275 5.218872 5.656786 5.921239 6.031755 6.32651 6.748564 7.084223 6.572745 5.580083 4.656909 3.21351 1.111285 -.5028278 -1.663503 -2.54632 -3.282798 -3.89486 -4.394111 -4.665291 -4.800146 -4.893714 -4.990419 -5.06778 -5.037101 -5.127429 -5.10895 -5.013052 -4.820971 -4.491857 -3.914107 -3.108068 -2.163282 -1.196631 -.2156711 .7479241 1.503773 2.103493 2.558735
5.355097 6.294436 7.314838 8.315536 9.28144 10.00859 10.40058 10.20183 9.782874 9.39698 8.986835 8.539316 7.873738 7.057743 6.375069 5.834874 5.461381 5.210305 5.048874 4.964216 5.073019 5.371733 5.767912 6.17167 6.473009 6.731352 7.065253 7.425414 7.550262 6.933982 5.915568 4.697937 2.893629 .8452833 -.7263951 -1.798613 -2.61774 -3.329018 -3.925737 -4.37617 -4.652314 -4.858782 -5.043875 -5.243927 -5.377482 -5.261668 -5.332216 -5.273537 -5.201037 -5.090704 -4.788685 -4.171048 -3.263739 -2.250996 -1.224804 -.1360533 .9175386 1.76423 2.479306 3.057317
6.338344 7.289059 8.238976 8.942367 9.518292 9.933008 10.07908 9.68223 9.242192 8.883425 8.423341 7.702803 7.054826 6.346372 5.771883 5.293684 4.908326 4.825334 4.811745 4.842771 4.988765 5.283631 5.621635 5.846338 6.04562 6.407957 6.779013 6.958723 6.759731 6.205404 5.383737 4.142171 2.379127 .6629384 -.741586 -1.7746 -2.648188 -3.398034 -3.975957 -4.355701 -4.644936 -4.897918 -5.160557 -5.404467 -5.529733 -5.364795 -5.362488 -5.241951 -5.174179 -5.068805 -4.718012 -4.125827 -3.267941 -2.280993 -1.248505 -.1672105 .8847749 1.792949 2.59898 3.274086
7.037069 7.861917 8.534627 8.795865 9.013909 9.227818 9.1597 8.703847 8.262071 7.819662 7.232353 6.558305 5.955991 5.21666 4.663941 4.32121 4.117311 4.130731 4.151213 4.189483 4.368288 4.635801 4.866933 4.960898 5.095533 5.391745 5.656422 5.582401 5.30302 4.988904 4.403018 3.320678 2.035168 .5189865 -.912783 -2.031118 -2.92839 -3.602247 -4.067587 -4.394331 -4.693962 -4.975534 -5.295022 -5.495903 -5.476603 -5.322769 -5.200729 -5.001659 -4.91918 -4.701954 -4.280814 -3.795855 -3.083039 -2.219085 -1.268894 -.2742695 .7156678 1.640324 2.471048 3.208702
7.325346 7.826988 8.006847 7.984232 7.980456 7.895284 7.557692 7.178849 6.748392 6.299675 5.811816 5.190023 4.5694 3.865662 3.478019 3.292104 3.251249 3.335814 3.371156 3.360751 3.494588 3.664685 3.825686 3.930368 4.028295 4.107271 4.136665 3.99315 3.767691 3.502213 3.023407 2.244356 1.262101 -.1461744 -1.551621 -2.640386 -3.402364 -3.89257 -4.241313 -4.549265 -4.812665 -5.09332 -5.404163 -5.501917 -5.334614 -5.149021 -4.888893 -4.601253 -4.489674 -4.021606 -3.631738 -3.222133 -2.676682 -2.008338 -1.220342 -.3654623 .5194615 1.379054 2.180166 2.937058
