py_wake/examples/data/AJ_ParqueFicticio/Ridge area   Sector 1   Height 200m   Orographic turn.grd
DSAA
90  129
 262878   265103
 6504214   6507414
-47.65217   16.78557
[rows 27 to 53 of 129, columns 0 to 60 of 90]
-7.998905 -8.077752 -8.027852 -7.913583 -7.780243 -7.623555 -7.440454 -7.211136 -6.877882 -6.445211 -5.963709 -5.474798 -5.022853 -4.657984 -4.40384 -4.270486 -4.236516 -4.260804 -4.293795 -4.305425 -4.290278 -4.277346 -4.317562 -4.381477 -4.452035 -4.507538 -4.533624 -4.559484 -4.574758 -4.545603 -4.492705 -4.403172 -4.295477 -4.183272 -4.061829 -3.95015 -3.859853 -3.808946 -3.764954 -3.695544 -3.537512 -3.200278 -2.674567 -2.052862 -1.460063 -.9602794 -.5708899 -.275255 -.09553998 -.05685816 -.1123867 -.2651179 -.5787935 -1.127206 -1.987859 -3.234473 -4.855492 -6.833593 -9.087255 -11.6654 -14.59008
-7.733744 -7.739668 -7.635649 -7.49872 -7.371017 -7.253789 -7.144424 -7.010464 -6.795961 -6.483276 -6.10877 -5.741765 -5.424807 -5.152857 -4.940238 -4.807191 -4.755697 -4.75542 -4.753155 -4.713341 -4.642855 -4.596765 -4.619579 -4.676804 -4.748727 -4.818869 -4.834401 -4.811041 -4.743567 -4.607319 -4.446265 -4.274996 -4.10245 -3.963655 -3.81868 -3.715962 -3.679973 -3.704194 -3.760728 -3.788051 -3.715925 -3.478957 -3.042192 -2.482562 -1.934152 -1.443913 -1.067515 -.8135539 -.6517071 -.5892015 -.6071274 -.693898 -.9069221 -1.323615 -2.017973 -3.088939 -4.611087 -6.558928 -8.740373 -11.23673 -14.11221
-7.434311 -7.366927 -7.209236 -7.038951 -6.895565 -6.792822 -6.734813 -6.68424 -6.583494 -6.397818 -6.182955 -5.999303 -5.829195 -5.673818 -5.536346 -5.43608 -5.389818 -5.368453 -5.34324 -5.2784 -5.181048 -5.13244 -5.174007 -5.261447 -5.363547 -5.477645 -5.505833 -5.422495 -5.237816 -4.987923 -4.709796 -4.401044 -4.120404 -3.89421 -3.689545 -3.555379 -3.526808 -3.582924 -3.701131 -3.800248 -3.799405 -3.634639 -3.271045 -2.79512 -2.337487 -1.885648 -1.517921 -1.284492 -1.133088 -1.045249 -1.015139 -1.008811 -1.081512 -1.323079 -1.832091 -2.731636 -4.175568 -6.073241 -8.158757 -10.49437 -13.22215
-7.085857 -6.957933 -6.753226 -6.548847 -6.391329 -6.296037 -6.256525 -6.251838 -6.257014 -6.243998 -6.252904 -6.250384 -6.194743 -6.113997 -6.043365 -6.004019 -6.005371 -6.035336 -6.040212 -5.973704 -5.854433 -5.829319 -5.901352 -6.004591 -6.145952 -6.312634 -6.335385 -6.197748 -5.975358 -5.661228 -5.263041 -4.829735 -4.408152 -4.020442 -3.691046 -3.467943 -3.394146 -3.430948 -3.537893 -3.640162 -3.652671 -3.526309 -3.278708 -2.978318 -2.669124 -2.321892 -1.986864 -1.745132 -1.577911 -1.434997 -1.306857 -1.154837 -1.046343 -1.087212 -1.374324 -2.079417 -3.356883 -5.118615 -7.098657 -9.193992 -11.77381
-6.792772 -6.61618 -6.366989 -6.132173 -5.962986 -5.875464 -5.860558 -5.909118 -6.027742 -6.188866 -6.3487 -6.448887 -6.464919 -6.436014 -6.41088 -6.421954 -6.486935 -6.557459 -6.543312 -6.423055 -6.313004 -6.301562 -6.36273 -6.464781 -6.633354 -6.797352 -6.845664 -6.771208 -6.617541 -6.344078 -5.942496 -5.437248 -4.858822 -4.281977 -3.795117 -3.441149 -3.259839 -3.226041 -3.284768 -3.362928 -3.383159 -3.309196 -3.19851 -3.076203 -2.917527 -2.716625 -2.481937 -2.216008 -1.987518 -1.744565 -1.469481 -1.14164 -.836796 -.6715651 -.7480972 -1.216609 -2.224255 -3.706119 -5.497674 -7.478885 -9.855121
-6.509941 -6.292152 -6.014944 -5.774813 -5.626768 -5.58035 -5.623035 -5.748188 -5.966287 -6.236525 -6.468266 -6.609731 -6.655219 -6.655794 -6.664526 -6.715345 -6.81039 -6.856606 -6.769048 -6.627333 -6.52561 -6.487679 -6.532743 -6.650214 -6.806387 -6.964195 -7.076102 -7.10269 -7.051668 -6.864672 -6.479577 -5.937582 -5.286006 -4.613434 -4.002653 -3.516551 -3.209105 -3.073733 -3.057992 -3.104796 -3.143869 -3.143726 -3.150923 -3.145881 -3.079076 -2.978661 -2.837943 -2.597262 -2.300729 -1.9577 -1.536837 -1.039339 -.5470213 -.1882778 -.06033872 -.2811344 -.997176 -2.211039 -3.796834 -5.672881 -7.933426
-6.224917 -5.961494 -5.664862 -5.444785 -5.351896 -5.37804 -5.501873 -5.708659 -5.998052 -6.324975 -6.584724 -6.738248 -6.7913 -6.798369 -6.821808 -6.887283 -6.961052 -6.913514 -6.757275 -6.606443 -6.502275 -6.491869 -6.565168 -6.69048 -6.86128 -7.051215 -7.192938 -7.266371 -7.284617 -7.148081 -6.841696 -6.383534 -5.747763 -5.04117 -4.348692 -3.737555 -3.298597 -3.050628 -2.9487 -2.942404 -2.96631 -3.005825 -3.089519 -3.170928 -3.163015 -3.127469 -3.027826 -2.820899 -2.478678 -2.023457 -1.457287 -.8168709 -.1767095 .332327 .6303972 .6375382 .1849833 -.8150916 -2.242527 -3.985687 -6.150588
-5.910315 -5.581743 -5.271027 -5.096065 -5.086903 -5.209562 -5.432278 -5.71558 -6.036427 -6.359222 -6.599843 -6.742511 -6.808539 -6.845365 -6.893287 -6.944773 -6.914478 -6.740139 -6.53697 -6.385614 -6.335608 -6.376344 -6.472973 -6.629431 -6.828365 -7.014776 -7.14985 -7.229403 -7.220432 -7.115222 -6.911371 -6.554113 -6.026212 -5.397995 -4.715781 -4.066164 -3.549886 -3.192986 -2.98686 -2.898483 -2.876092 -2.918669 -3.02268 -3.128318 -3.144975 -3.123458 -3.015142 -2.820382 -2.448045 -1.932205 -1.298209 -.5562383 .1941432 .8353704 1.290707 1.46559 1.159862 .3170077 -.9574032 -2.621487 -4.670049
-5.48623 -5.07199 -4.748903 -4.620306 -4.692686 -4.903519 -5.20219 -5.545283 -5.901413 -6.221322 -6.458824 -6.621035 -6.711645 -6.767466 -6.814026 -6.807997 -6.662935 -6.443672 -6.237264 -6.092596 -6.05884 -6.110781 -6.231814 -6.408459 -6.590334 -6.750318 -6.890108 -6.959795 -6.945624 -6.866664 -6.702514 -6.426586 -6.035156 -5.53754 -4.951221 -4.363609 -3.829953 -3.408992 -3.122372 -2.949851 -2.858717 -2.86846 -2.956003 -3.039794 -3.038718 -2.976885 -2.830428 -2.609586 -2.258288 -1.714677 -1.051031 -.2913431 .4979616 1.188015 1.698385 1.962835 1.815906 1.128672 -.03147528 -1.599178 -3.590144
-4.930707 -4.440157 -4.104174 -4.006794 -4.14264 -4.424664 -4.78794 -5.183982 -5.569529 -5.899109 -6.16214 -6.356972 -6.464493 -6.535228 -6.561217 -6.482555 -6.303721 -6.082973 -5.875693 -5.745419 -5.70627 -5.744478 -5.8625 -6.006094 -6.153404 -6.304791 -6.437288 -6.530634 -6.555401 -6.511484 -6.40164 -6.215238 -5.91589 -5.518841 -5.044627 -4.545563 -4.042391 -3.600634 -3.276374 -3.05765 -2.920814 -2.87464 -2.888568 -2.901818 -2.844843 -2.726942 -2.549019 -2.30765 -1.941641 -1.421411 -.7985051 -.1038041 .6620851 1.353444 1.867709 2.172368 2.147277 1.63364 .5854166 -.9248778 -2.804698
-4.271079 -3.70353 -3.336706 -3.229747 -3.405374 -3.75197 -4.17609 -4.627353 -5.06889 -5.447041 -5.745412 -5.953511 -6.068493 -6.13532 -6.136598 -6.060186 -5.908741 -5.689749 -5.477695 -5.330019 -5.246975 -5.258369 -5.333949 -5.448792 -5.577677 -5.730128 -5.885096 -6.016025 -6.093997 -6.125226 -6.081308 -5.948929 -5.71234 -5.396719 -5.037842 -4.612303 -4.15985 -3.759242 -3.45512 -3.21557 -3.01984 -2.887374 -2.793876 -2.707658 -2.585294 -2.4224 -2.252744 -1.989174 -1.600229 -1.124534 -.561019 .07028428 .7389609 1.369269 1.851279 2.148253 2.196973 1.797402 .8409556 -.549036 -2.277459
-3.572886 -2.89497 -2.462128 -2.321117 -2.535379 -2.948697 -3.438601 -3.934381 -4.390766 -4.774985 -5.09106 -5.30706 -5.445562 -5.54274 -5.585512 -5.546458 -5.395008 -5.181715 -4.96754 -4.751229 -4.616039 -4.602226 -4.663294 -4.762761 -4.886355 -5.052538 -5.245222 -5.428128 -5.573589 -5.656638 -5.680727 -5.6234 -5.473086 -5.225622 -4.944725 -4.607772 -4.240838 -3.887431 -3.590472 -3.323867 -3.074655 -2.852568 -2.662933 -2.503687 -2.340354 -2.167893 -2.000705 -1.739904 -1.330523 -.8653898 -.3702451 .1824877 .7604672 1.283221 1.68727 1.955845 1.998048 1.659022 .8591229 -.3846185 -1.982424
-2.83017 -2.017737 -1.481062 -1.306727 -1.540944 -2.004131 -2.547219 -3.092259 -3.583454 -3.987283 -4.294572 -4.505399 -4.667061 -4.802803 -4.878917 -4.833192 -4.6662 -4.466252 -4.22739 -4.000619 -3.859061 -3.822153 -3.876223 -3.972531 -4.11304 -4.294913 -4.52148 -4.774864 -4.986901 -5.109036 -5.177974 -5.175668 -5.084726 -4.942117 -4.757695 -4.504392 -4.188629 -3.89294 -3.623759 -3.351599 -3.077454 -2.818093 -2.599936 -2.410266 -2.221895 -2.019921 -1.793391 -1.483102 -1.103815 -.6870505 -.2519549 .2096946 .7029994 1.140577 1.461719 1.686379 1.756074 1.49034 .7618129 -.3891691 -1.826588
-2.005068 -1.075906 -.4599594 -.2831343 -.5038419 -.9745057 -1.542518 -2.10739 -2.60989 -3.020961 -3.329268 -3.55575 -3.744652 -3.891938 -3.942472 -3.87797 -3.734733 -3.553693 -3.34827 -3.153878 -3.03118 -2.981975 -2.994847 -3.066142 -3.21481 -3.426885 -3.696269 -3.988338 -4.233008 -4.399005 -4.512103 -4.585769 -4.575141 -4.550099 -4.488825 -4.351728 -4.109346 -3.843882 -3.610394 -3.372082 -3.127457 -2.877444 -2.62177 -2.373927 -2.143805 -1.910984 -1.648509 -1.318227 -.9572896 -.5787413 -.185426 .1802828 .5402725 .9072447 1.200549 1.394184 1.462107 1.281301 .7034936 -.3692205 -1.68197
-1.188595 -.1566997 .5218786 .7571146 .5805793 .1265906 -.4649116 -1.038484 -1.532576 -1.929253 -2.220871 -2.448324 -2.636882 -2.763167 -2.797961 -2.748039 -2.650762 -2.527976 -2.3997 -2.298015 -2.166977 -2.047178 -1.997077 -2.035043 -2.171322 -2.397781 -2.715935 -3.060294 -3.346018 -3.539693 -3.736577 -3.878774 -3.990439 -4.119236 -4.153598 -4.05755 -3.932775 -3.813764 -3.646491 -3.430531 -3.171397 -2.871498 -2.618162 -2.391709 -2.153899 -1.894346 -1.629654 -1.325221 -.9278658 -.5430915 -.1957632 .0924448 .3357156 .6165101 .907966 1.109241 1.195065 1.099161 .6640533 -.249504 -1.354433
-.5668051 .5978869 1.400923 1.807565 1.709772 1.267392 .6500223 .08266774 -.3883604 -.7615665 -1.049794 -1.285583 -1.458019 -1.529953 -1.505492 -1.443029 -1.406177 -1.408578 -1.404115 -1.336355 -1.213283 -1.073768 -.9708192 -.9729652 -1.115601 -1.363481 -1.686671 -2.053068 -2.383656 -2.666431 -2.955757 -3.205146 -3.481556 -3.704643 -3.79877 -3.814946 -3.858434 -3.848801 -3.715057 -3.487324 -3.203704 -2.985493 -2.796713 -2.550775 -2.262809 -1.963089 -1.669407 -1.366025 -1.015748 -.635955 -.3085895 -.04575904 .1568697 .3498522 .5827737 .7950728 .9569953 .9830816 .7287529 .04946911 -.829772
-.08807514 1.283856 2.246711 2.825839 2.923154 2.490424 1.83727 1.280741 .8177132 .4830853 .2257769 -.01399303 -.1844439 -.2544755 -.2184159 -.1373491 -.1241706 -.2017809 -.2934228 -.3167318 -.2553865 -.1450081 -.03764354 -.02655498 -.1411901 -.3818282 -.7418306 -1.159431 -1.533388 -1.882797 -2.250159 -2.616554 -2.985913 -3.280432 -3.466822 -3.627464 -3.770409 -3.819491 -3.721081 -3.526392 -3.3499 -3.205593 -3.021476 -2.75576 -2.43964 -2.110176 -1.798826 -1.48725 -1.152258 -.7969835 -.4672418 -.196423 .008305872 .1815702 .4052339 .6609481 .8948226 1.05174 .9715323 .5897979 .1027245
-.02858996 1.605441 2.801718 3.523852 3.777142 3.538785 3.032878 2.567475 2.117444 1.769551 1.512494 1.281141 1.14002 1.115327 1.191267 1.287204 1.301126 1.180133 .9996222 .8491125 .7798333 .7978093 .8471789 .8300111 .6905336 .4401794 .08793744 -.3451267 -.7742462 -1.167352 -1.585481 -2.047186 -2.490949 -2.853995 -3.133952 -3.385091 -3.588013 -3.679233 -3.659017 -3.587869 -3.51598 -3.414595 -3.23309 -2.94049 -2.614228 -2.297155 -1.990192 -1.659771 -1.328256 -.9883338 -.643217 -.344963 -.1056341 .09712436 .3297546 .6200012 .9371076 1.25486 1.449453 1.398132 1.224226
-.4172099 1.368532 2.780469 3.691497 4.171886 4.356529 4.188543 3.887912 3.484303 3.147606 2.900056 2.675079 2.570357 2.56782 2.652056 2.728044 2.750786 2.665942 2.461088 2.205993 2.023151 1.91026 1.811742 1.708237 1.515717 1.243448 .9259927 .5309543 .0260767 -.4905089 -1.002954 -1.53847 -2.024019 -2.445305 -2.792764 -3.087166 -3.335615 -3.495115 -3.567122 -3.595089 -3.585371 -3.492927 -3.307892 -3.061519 -2.818896 -2.565439 -2.304298 -1.955462 -1.552716 -1.170409 -.8019997 -.4609629 -.1731285 .0771995 .3424639 .6858234 1.117888 1.62564 2.093297 2.353697 2.454587
-1.134739 .7672519 2.517385 3.778224 4.534552 5.093456 5.362583 5.277297 4.903209 4.572287 4.379748 4.206529 4.218188 4.368476 4.505478 4.530627 4.476266 4.348004 4.090939 3.744891 3.433141 3.202299 2.948455 2.684487 2.369391 2.023517 1.707894 1.341199 .7689773 .09330646 -.5095818 -1.105805 -1.631352 -2.078851 -2.490336 -2.838086 -3.122483 -3.330265 -3.472574 -3.568877 -3.593854 -3.52983 -3.414258 -3.273583 -3.09615 -2.860805 -2.597867 -2.272373 -1.806966 -1.340911 -.9181975 -.5307657 -.19936 .1136639 .4555936 .8943097 1.473093 2.140548 2.81529 3.352353 3.715654
-1.884634 -.0997524 1.831455 3.526121 4.652159 5.443719 6.07037 6.339389 6.117697 5.899115 5.808469 5.736973 5.914068 6.171587 6.421552 6.509084 6.359484 6.063862 5.640474 5.182041 4.760136 4.360225 3.961346 3.574325 3.152667 2.700582 2.28472 1.871759 1.304911 .568193 -.1289046 -.776498 -1.342281 -1.823192 -2.274504 -2.662115 -2.976952 -3.24452 -3.447879 -3.576677 -3.627398 -3.611595 -3.557978 -3.46904 -3.312167 -3.104602 -2.822372 -2.477858 -2.009869 -1.46851 -.979831 -.5431489 -.1552889 .2307663 .6686017 1.215094 1.921532 2.745764 3.622859 4.44994 4.996675
-2.568264 -1.072491 .7031782 2.504681 3.956123 4.915751 5.691186 6.368959 6.814116 7.025734 7.146867 7.224085 7.702817 8.24286 8.514913 8.549372 8.318229 7.771145 7.09126 6.427034 5.858644 5.319114 4.77069 4.258425 3.723951 3.146116 2.6108 2.118867 1.557457 .8386281 .1015289 -.5592436 -1.162224 -1.672141 -2.125083 -2.524051 -2.843317 -3.130144 -3.363461 -3.520468 -3.610884 -3.647615 -3.645756 -3.600823 -3.462486 -3.243518 -2.938128 -2.544754 -2.104599 -1.570195 -1.028212 -.5376462 -.08738122 .3761373 .9216039 1.583632 2.407582 3.410821 4.502517 5.476678 6.098665
-3.140065 -1.963662 -.4557431 1.302312 2.842406 3.891433 4.7227 5.655169 6.780458 7.610859 8.094659 8.510029 9.448222 10.46766 10.75574 10.79049 10.28996 9.494818 8.542045 7.606033 6.790198 6.066844 5.350399 4.651022 4.010646 3.371449 2.726728 2.130584 1.513411 .8416249 .1546914 -.5045255 -1.107933 -1.610438 -2.02784 -2.411508 -2.729798 -2.991547 -3.223642 -3.391505 -3.52676 -3.618119 -3.662116 -3.649004 -3.52201 -3.272004 -2.936902 -2.522581 -2.08252 -1.613219 -1.065675 -.5254272 .0009383189 .5657884 1.238735 2.047878 3.006058 4.137837 5.346701 6.388803 6.986059
-3.576881 -2.637788 -1.420286 .07605564 1.558483 2.77084 3.744762 4.795464 6.08835 7.174898 7.89521 8.751054 10.19742 11.81045 12.62186 12.95966 12.24814 11.16482 9.964035 8.710667 7.578907 6.596624 5.671505 4.75886 3.946208 3.216679 2.505856 1.836585 1.209268 .5681291 -.09667047 -.7194878 -1.252008 -1.688769 -2.04986 -2.378171 -2.645771 -2.834521 -3.039773 -3.207143 -3.377258 -3.511025 -3.585765 -3.593391 -3.467925 -3.189955 -2.828662 -2.419118 -2.001554 -1.561295 -1.037981 -.4485637 .1581135 .8347529 1.652444 2.63552 3.737227 4.961843 6.227411 7.251736 7.750246
-3.909435 -3.135709 -2.200286 -1.026977 .2628033 1.455596 2.435925 3.466596 4.678187 5.870937 6.866095 7.911254 9.456996 11.71695 13.79917 14.88641 14.4322 12.89821 11.41646 9.921727 8.404514 7.046949 5.830912 4.709929 3.704219 2.84961 2.080476 1.359477 .6771687 .002401722 -.6150526 -1.168095 -1.612537 -1.965068 -2.266169 -2.516226 -2.643883 -2.721918 -2.84602 -2.989383 -3.15228 -3.296849 -3.38652 -3.415193 -3.293409 -2.998755 -2.650295 -2.260658 -1.845518 -1.411073 -.9151554 -.2992761 .3994547 1.211256 2.177729 3.302075 4.539622 5.834507 7.076116 7.991873 8.393833
-4.187515 -3.503014 -2.742841 -1.859243 -.8356311 .2185561 1.208791 2.190234 3.324117 4.604491 5.744077 6.659817 8.052815 10.53624 13.8718 16.58568 16.78557 14.65771 12.69099 10.97978 9.058764 7.255051 5.72503 4.388079 3.246912 2.305204 1.476646 .7058932 -.02891713 -.7244976 -1.313276 -1.812194 -2.181532 -2.438643 -2.634836 -2.745034 -2.724981 -2.681634 -2.708612 -2.7889 -2.879168 -2.97905 -3.054787 -3.091151 -2.971674 -2.689401 -2.40605 -2.062776 -1.653226 -1.208661 -.7161782 -.07979652 .7291257 1.691735 2.817624 4.03947 5.332355 6.660235 7.899074 8.757284 9.09538
-4.417161 -3.833463 -3.152781 -2.38703 -1.563806 -.7034637 .1628213 .9731426 1.923515 3.120749 4.158282 4.972035 6.139444 8.421812 11.86732 15.83466 16.66796 14.57875 12.65349 10.91407 8.760761 6.718569 5.020667 3.594138 2.457048 1.542584 .7360761 -.006265991 -.7236193 -1.412004 -1.947231 -2.387285 -2.672623 -2.805762 -2.870475 -2.864322 -2.779355 -2.664512 -2.571657 -2.523428 -2.533312 -2.573383 -2.587974 -2.58584 -2.47778 -2.284223 -2.125503 -1.86918 -1.469186 -.9903849 -.4711723 .2058348 1.10841 2.207736 3.481734 4.807981 6.106501 7.391694 8.599109 9.440905 9.795445
