py_wake/examples/data/AJ_ParqueFicticio/Ridge area   Sector 8   Height 200m   Orographic speed.grd
DSAA
90  129
 262878   265103
 6504214   6507414
 .1345283   1.404401
[rows 54 to 80 of 129, columns 0 to 61 of 90]
1.033426 1.02533 1.0138 .9978748 .9801135 .9580658 .9353256 .9153975 .8955783 .8804228 .8760688 .8806025 .8879665 .8885839 .8825908 .8725718 .8622729 .8548453 .8467841 .8414095 .8428951 .8475588 .8543807 .8624185 .8705457 .874063 .8760962 .8825734 .8832986 .8840508 .8928636 .9041881 .9169759 .9320568 .9444839 .9594887 .9809963 1.005637 1.034153 1.066797 1.103031 1.141883 1.176424 1.206341 1.237022 1.254278 1.256178 1.248518 1.234732 1.215143 1.190035 1.155716 1.113814 1.066682 1.014425 .9787067 .9644546 .9691455 .9939601 1.038369 1.097217 1.156828
1.04468 1.039729 1.031786 1.01885 .9989691 .976447 .9554765 .9364064 .9188848 .9067972 .9033135 .9072435 .9117274 .9089394 .9009182 .8899021 .8788155 .8683773 .8586192 .8520558 .8511536 .8549764 .8600674 .8673159 .8776 .8862543 .8947992 .9026461 .9086335 .9158089 .9244161 .9375845 .9498118 .9583508 .965255 .9765691 .9977272 1.021587 1.046912 1.076867 1.112949 1.152364 1.186998 1.218906 1.247516 1.260194 1.262957 1.257847 1.247078 1.229345 1.20689 1.178174 1.143633 1.107096 1.06911 1.040739 1.032251 1.040981 1.063952 1.101379 1.146628 1.188621
1.059234 1.058281 1.053722 1.042149 1.02121 1.000073 .9789208 .9605777 .9457066 .9362521 .9343804 .9394639 .9430287 .9372122 .9267046 .9134874 .9005285 .8874753 .8743128 .8640494 .8633536 .8674724 .8720223 .8811968 .894776 .9082066 .9202271 .930685 .9387726 .9482273 .9594583 .9726777 .9844503 .9918914 .9994264 1.011626 1.02804 1.047293 1.067709 1.095234 1.131042 1.168407 1.202035 1.234522 1.256756 1.266861 1.270533 1.26631 1.257119 1.244216 1.224625 1.200379 1.173013 1.144298 1.114206 1.091651 1.088317 1.099466 1.119869 1.148739 1.181539 1.212437
1.077932 1.077818 1.074705 1.064464 1.047187 1.026783 1.007161 .9927823 .9810585 .972986 .9697391 .9761712 .9799922 .975934 .9627457 .9459196 .9283285 .9125412 .896698 .8851692 .8852766 .8898564 .8941643 .90361 .919107 .9357759 .9504887 .963097 .9730943 .9850785 .997611 1.010546 1.022015 1.032764 1.044615 1.057054 1.070588 1.083831 1.100688 1.125683 1.1595 1.193312 1.224727 1.252448 1.266555 1.275843 1.279626 1.276065 1.26761 1.258793 1.244806 1.226064 1.204742 1.182187 1.159864 1.141628 1.137066 1.146473 1.162951 1.185285 1.208827 1.227939
1.09435 1.095786 1.09298 1.083092 1.06977 1.054144 1.038859 1.025279 1.015483 1.011292 1.01123 1.015005 1.016631 1.011376 .9977557 .9817306 .9648877 .9487823 .9305604 .9191145 .9185088 .9214897 .9257749 .9356672 .9515702 .9695166 .9859422 .9997539 1.012834 1.026195 1.039884 1.05388 1.067302 1.080538 1.093249 1.106934 1.119781 1.132857 1.149869 1.17216 1.198755 1.226808 1.253368 1.27027 1.279482 1.288046 1.291715 1.288566 1.281116 1.273443 1.263988 1.250846 1.235217 1.220852 1.206412 1.193633 1.186437 1.189206 1.199489 1.21193 1.222466 1.227677
1.111769 1.114953 1.114781 1.108747 1.098818 1.086107 1.07373 1.063248 1.055941 1.052308 1.05226 1.054789 1.055174 1.048237 1.03419 1.018498 1.002488 .9859075 .9703013 .9598191 .957626 .9588932 .9643255 .9761449 .9925475 1.009785 1.026688 1.041171 1.055011 1.069605 1.085098 1.101197 1.117683 1.132218 1.145873 1.160122 1.17294 1.186343 1.203155 1.222121 1.241457 1.263284 1.279433 1.288252 1.296491 1.305382 1.308868 1.305025 1.297157 1.289055 1.280152 1.271919 1.262391 1.253252 1.244919 1.236547 1.230102 1.226287 1.224513 1.223873 1.220046 1.212929
1.134011 1.139148 1.141914 1.139774 1.133073 1.123805 1.115065 1.108137 1.102545 1.098214 1.097458 1.098676 1.097194 1.089396 1.077171 1.06444 1.049788 1.033021 1.016585 1.004039 1.002612 1.004542 1.009193 1.02156 1.037834 1.054386 1.070473 1.08446 1.098998 1.114071 1.130734 1.149307 1.168152 1.182826 1.196739 1.210785 1.221894 1.234045 1.248352 1.261501 1.276373 1.290991 1.298218 1.304731 1.31457 1.324707 1.32557 1.320234 1.313186 1.303051 1.293457 1.286957 1.282681 1.27805 1.273345 1.267717 1.259579 1.249256 1.236062 1.220759 1.204071 1.186939
1.162285 1.167618 1.171235 1.171866 1.167719 1.161779 1.156586 1.151885 1.147337 1.143209 1.141885 1.141417 1.140589 1.135109 1.125272 1.113388 1.099749 1.084459 1.069461 1.058667 1.055595 1.056514 1.060435 1.071231 1.086495 1.102021 1.115813 1.12918 1.143494 1.158636 1.175066 1.193418 1.210634 1.223909 1.237704 1.249065 1.258365 1.269363 1.279354 1.288524 1.299478 1.307113 1.310352 1.316077 1.326669 1.333263 1.328482 1.32168 1.317012 1.310245 1.301952 1.297055 1.295969 1.29445 1.290445 1.283687 1.27062 1.251649 1.227976 1.201375 1.173818 1.148333
1.193341 1.197745 1.201877 1.205885 1.205274 1.20268 1.199403 1.195837 1.192414 1.189595 1.188696 1.187308 1.18268 1.174157 1.165169 1.155646 1.147067 1.137697 1.128211 1.120581 1.116701 1.118277 1.121563 1.129207 1.141283 1.154307 1.164763 1.173769 1.185522 1.199335 1.213176 1.229248 1.242407 1.254696 1.266479 1.275077 1.283365 1.291494 1.297634 1.304071 1.31099 1.314261 1.316631 1.321286 1.330003 1.330203 1.322076 1.315453 1.31254 1.311539 1.308421 1.30584 1.304804 1.303261 1.29867 1.28883 1.269987 1.242265 1.20866 1.171237 1.133013 1.098238
1.221249 1.226832 1.23368 1.238309 1.237925 1.235689 1.233088 1.230492 1.227623 1.224117 1.220106 1.215143 1.209675 1.204195 1.199745 1.196402 1.192121 1.186545 1.180405 1.177454 1.177997 1.179985 1.182987 1.187086 1.196386 1.203453 1.207459 1.213388 1.222951 1.23282 1.244283 1.256466 1.266216 1.276317 1.284786 1.290937 1.297202 1.302302 1.305839 1.309676 1.313271 1.314659 1.316734 1.320888 1.326834 1.32244 1.314184 1.308713 1.307151 1.309458 1.312534 1.313177 1.311653 1.308799 1.303293 1.290311 1.26671 1.231856 1.189383 1.140953 1.091589 1.048559
1.239216 1.245463 1.251199 1.251749 1.248664 1.245116 1.24204 1.239595 1.2373 1.234591 1.231616 1.228449 1.225096 1.2226 1.221331 1.219783 1.216844 1.215217 1.215843 1.219734 1.222152 1.222764 1.22431 1.229455 1.235486 1.236832 1.23823 1.243708 1.250424 1.257366 1.26643 1.274974 1.282082 1.289143 1.294337 1.298334 1.301993 1.303836 1.304328 1.305311 1.306815 1.307207 1.308199 1.311304 1.315634 1.312178 1.305442 1.301657 1.301721 1.305793 1.312648 1.317919 1.316282 1.31146 1.304838 1.29029 1.262763 1.222148 1.172479 1.115271 1.057028 1.008682
1.243236 1.249431 1.253971 1.253179 1.249833 1.246498 1.243506 1.240604 1.237408 1.233855 1.230142 1.226389 1.222904 1.221085 1.220788 1.220807 1.221797 1.224469 1.228915 1.234241 1.237017 1.239498 1.243493 1.249365 1.252536 1.253712 1.25594 1.26076 1.265154 1.270076 1.276244 1.281644 1.286148 1.28962 1.291543 1.292956 1.293277 1.291267 1.288806 1.288191 1.289024 1.289142 1.289898 1.292793 1.298048 1.299412 1.296762 1.295065 1.296885 1.302324 1.310965 1.318617 1.317637 1.310402 1.30185 1.286869 1.255963 1.211475 1.158116 1.096127 1.032149 .9799266
1.235709 1.241979 1.245824 1.246264 1.242875 1.238611 1.234172 1.228768 1.222223 1.214938 1.207694 1.201183 1.19688 1.196308 1.199082 1.203272 1.207334 1.212705 1.218726 1.224783 1.230065 1.235668 1.241669 1.247541 1.251608 1.255296 1.259231 1.263639 1.266829 1.269588 1.272906 1.275608 1.276879 1.276563 1.275562 1.274102 1.270229 1.264364 1.260401 1.259445 1.259963 1.262344 1.265902 1.27 1.276766 1.284869 1.289249 1.289953 1.2933 1.299719 1.308975 1.31706 1.31521 1.305625 1.295469 1.281093 1.248545 1.202648 1.147327 1.08219 1.01368 .9565541
1.22206 1.227001 1.229979 1.230361 1.228274 1.223163 1.216088 1.206294 1.19401 1.181229 1.169881 1.160792 1.156335 1.158057 1.164743 1.174023 1.180471 1.186117 1.192631 1.200424 1.208299 1.215067 1.222134 1.229537 1.235955 1.241071 1.246084 1.250879 1.252997 1.254702 1.257523 1.258584 1.256541 1.252666 1.249274 1.245162 1.237558 1.229274 1.224493 1.223863 1.22644 1.232042 1.240016 1.247757 1.257798 1.270543 1.281328 1.286422 1.291288 1.298473 1.307903 1.315916 1.312589 1.30118 1.289827 1.276317 1.242988 1.19722 1.140149 1.071549 .998078 .9357362
1.20187 1.205526 1.207303 1.206106 1.20207 1.196824 1.188196 1.17411 1.155862 1.137741 1.122935 1.112777 1.109521 1.114243 1.123575 1.134744 1.144906 1.15141 1.158093 1.167297 1.177169 1.184641 1.192132 1.200593 1.207679 1.212555 1.217184 1.220557 1.221754 1.223495 1.225599 1.225546 1.221299 1.215027 1.210397 1.205081 1.196636 1.187816 1.182784 1.183464 1.1901 1.199345 1.212263 1.227176 1.241071 1.256496 1.272454 1.284052 1.29126 1.299021 1.308309 1.315932 1.311043 1.297603 1.284303 1.269815 1.233006 1.18591 1.127765 1.058079 .9811566 .9139546
1.178445 1.17932 1.17877 1.173645 1.164512 1.153993 1.1405 1.122821 1.103181 1.08457 1.068329 1.057252 1.055597 1.062586 1.074675 1.08814 1.100372 1.109544 1.11862 1.127769 1.136923 1.146183 1.153903 1.16128 1.167764 1.173517 1.176871 1.176985 1.177569 1.17917 1.179632 1.178778 1.174605 1.167455 1.160247 1.152811 1.144844 1.138093 1.136327 1.139925 1.150401 1.164393 1.182379 1.206076 1.22624 1.244405 1.263447 1.28217 1.293475 1.301869 1.31064 1.31702 1.309452 1.292415 1.274953 1.254693 1.210491 1.159294 1.099526 1.030066 .9543228 .8877698
1.151417 1.149227 1.145571 1.135973 1.121301 1.105083 1.08563 1.061381 1.033223 1.005262 .9811318 .9631552 .9565681 .9681646 .9922838 1.017428 1.035851 1.050668 1.066493 1.080878 1.090957 1.10089 1.110195 1.117394 1.123793 1.128137 1.130599 1.128773 1.128025 1.126144 1.12537 1.122931 1.116881 1.106807 1.096324 1.083242 1.06854 1.058396 1.060982 1.080449 1.101937 1.124148 1.151124 1.183026 1.215072 1.237272 1.259207 1.28146 1.29763 1.306806 1.313642 1.317036 1.30553 1.284099 1.261881 1.233945 1.185068 1.131598 1.069823 .9987108 .9238755 .8574085
1.119931 1.11572 1.110029 1.098084 1.078944 1.055698 1.026194 .9857247 .9321012 .8770984 .8331857 .7962514 .7745482 .7938976 .8336081 .8783099 .9090975 .9377425 .9674557 .9953821 1.019508 1.038391 1.051267 1.060478 1.068343 1.071962 1.071447 1.067674 1.063927 1.058843 1.054476 1.048471 1.037096 1.021349 1.00446 .9847438 .9644192 .940143 .9303389 .9737397 1.033489 1.074546 1.115233 1.159767 1.204572 1.234824 1.259102 1.283103 1.302751 1.312445 1.316125 1.313815 1.29728 1.272359 1.246187 1.211343 1.161434 1.106456 1.04333 .9713247 .8945267 .8255503
1.084776 1.076924 1.068833 1.054105 1.028576 .9957945 .9534416 .8946784 .8164468 .7377436 .670145 .6164915 .5815933 .5860912 .6245237 .6702693 .7112581 .7525182 .7948543 .8365108 .8798717 .9207727 .9469798 .960606 .9713233 .9770966 .9782183 .9727572 .9660085 .9559374 .9474248 .9405797 .9270535 .9074647 .8827932 .8643195 .8589465 .8400545 .8217804 .8663961 .9581091 1.025905 1.081761 1.140284 1.19606 1.237328 1.262664 1.286536 1.304065 1.310037 1.306641 1.296623 1.276965 1.252379 1.22407 1.185882 1.138184 1.081781 1.017786 .9453538 .8662372 .7921006
1.040105 1.028541 1.015484 .9938157 .9603983 .9206988 .8717459 .8047712 .720712 .6413881 .573513 .5155081 .4715098 .4538033 .4601938 .4848123 .5111176 .5489973 .5864481 .6304308 .6832551 .731052 .7698855 .7942773 .8085969 .8179746 .823365 .8209596 .8167264 .8083521 .8022062 .7938995 .7927215 .7873623 .7695848 .7640139 .7764296 .7804195 .7886595 .8288017 .9204793 1.000563 1.066942 1.133443 1.196405 1.243878 1.267353 1.288037 1.300122 1.298942 1.288497 1.274289 1.254352 1.230237 1.199389 1.159979 1.114298 1.057239 .9929736 .920177 .8405588 .7618592
.9858292 .9702103 .9500006 .9171606 .8739179 .8260353 .7740839 .7144273 .6528633 .5950715 .5374079 .4887251 .4529397 .4329822 .4246695 .4189399 .4243769 .4389116 .4575353 .4912036 .5361449 .5689884 .5922347 .6186838 .637554 .6466972 .6462787 .6444262 .6394043 .6388868 .6407178 .6360297 .6504723 .6737662 .6830906 .6963536 .7212555 .7507649 .7840571 .8329405 .918574 .9993359 1.07261 1.142448 1.206836 1.253153 1.272355 1.288052 1.293584 1.285478 1.270651 1.254286 1.23324 1.205588 1.170703 1.131534 1.085105 1.028932 .9659869 .8949603 .8167244 .7363459
.933349 .9102147 .8790438 .8377828 .7837002 .724167 .669935 .6349481 .6250154 .6038713 .5694527 .5287365 .4894771 .465284 .4571131 .4462182 .4321662 .4287736 .4370176 .4570748 .4852338 .5032595 .5100676 .5153331 .5308189 .5466354 .546094 .5317076 .5164655 .523764 .532605 .5274064 .5425501 .5881708 .6281728 .6641508 .7057194 .750792 .7939744 .8526998 .938279 1.018073 1.091493 1.158946 1.221478 1.263354 1.277482 1.287475 1.28527 1.270228 1.251122 1.231229 1.204782 1.16857 1.130483 1.092561 1.044805 .9911321 .9334233 .8683949 .7931743 .7151844
.8874082 .8624411 .8269197 .7823681 .7270747 .6692198 .6242251 .6137128 .6366029 .6360793 .6191152 .5893711 .5545076 .5279738 .5163558 .50028 .4784538 .4640492 .462772 .4724044 .4833141 .4878296 .4875397 .4860341 .4934858 .5062523 .5072471 .4972702 .4836729 .4873795 .4996206 .5013246 .5158373 .5658274 .6190867 .6717741 .7255656 .7802901 .8298257 .8971037 .9793828 1.05527 1.124756 1.185173 1.242469 1.275598 1.283874 1.286711 1.275045 1.252668 1.227219 1.196651 1.155757 1.109895 1.067472 1.026336 .9802784 .9339549 .8875818 .8349025 .7685611 .6986554
.8403789 .815704 .7834176 .7452286 .7017729 .6650019 .6472585 .657995 .6822651 .6892129 .6831682 .6629413 .6438364 .6236936 .6022314 .5803341 .5542451 .5322036 .5168265 .5111737 .5093425 .5052006 .5008706 .4985458 .5013264 .5063154 .5066295 .5027929 .4995104 .5062568 .5165843 .5264731 .5502742 .5937827 .6470916 .7037519 .7631621 .825907 .8887585 .9619738 1.036788 1.107458 1.167908 1.218504 1.267041 1.287506 1.29019 1.284866 1.264531 1.234857 1.193349 1.140386 1.083818 1.02777 .9741122 .926289 .883405 .8464883 .813153 .7789742 .7331247 .683131
.7963919 .7677214 .7393511 .7196638 .6972917 .6783174 .6746659 .7001792 .7267408 .7370633 .7418688 .7472293 .7393026 .7244578 .7050099 .6845345 .6614267 .6296417 .6012864 .5805445 .566519 .5528347 .5426702 .5397885 .5399131 .5361515 .5316272 .5306903 .5353264 .542724 .5513061 .5674967 .59817 .6397238 .6948158 .7539263 .8162364 .883571 .9563651 1.029052 1.096387 1.15945 1.209842 1.253601 1.290959 1.297841 1.294852 1.280921 1.25385 1.212662 1.147253 1.075313 1.005364 .9337805 .8643463 .8059053 .7652671 .7358721 .715202 .6995656 .679919 .6563099
.7727368 .7428023 .7199746 .7209811 .7170596 .7068445 .7110618 .742106 .770336 .7897678 .8072713 .8175833 .819401 .8172119 .8109465 .7943379 .7701358 .737325 .705823 .6768982 .6513841 .6279302 .6117087 .6040503 .5973524 .58668 .5779926 .5784317 .5827366 .5858524 .5941421 .6152532 .643849 .6896273 .7512227 .8141705 .87796 .9478657 1.02264 1.090282 1.152235 1.203878 1.246556 1.285133 1.308284 1.305318 1.296395 1.275455 1.2432 1.183104 1.103701 1.018942 .9307544 .8396882 .7539772 .6876568 .6460734 .6214057 .610296 .6069583 .6048957 .6054608
.7824084 .7628914 .7554449 .7616856 .7637261 .7660759 .7813398 .8058576 .8341758 .8584998 .8772759 .8929108 .9044449 .9128942 .9105052 .8973848 .8749997 .8436397 .8133234 .7816995 .7523069 .724714 .7025712 .6850776 .6699807 .656682 .6463913 .6424546 .641743 .6437015 .6533362 .6731376 .7009913 .749265 .8113033 .8754532 .9404594 1.010701 1.082749 1.146484 1.200866 1.242558 1.280467 1.308964 1.316317 1.308363 1.293799 1.268673 1.23033 1.157156 1.071377 .9758406 .8680764 .7530387 .6484088 .5745983 .5364099 .5174143 .5081981 .5082712 .5139912 .5264391
