py_wake/examples/data/AJ_ParqueFicticio/Ridge area   Sector 10   Height 200m   Power density.grd
DSAA
90  129
 262878   265103
 6504214   6507414
 .02814009   1275.047
[rows 27 to 53 of 129, columns 0 to 61 of 90]
197.2066 200.8806 208.6814 216.6308 224.5916 233.4308 241.5457 248.6951 255.1177 259.9856 260.9344 259.5593 257.3601 256.5084 258.1334 261.9046 267.2686 273.4545 278.7278 284.1288 296.1471 309.8023 323.2521 338.0087 351.6844 368.4149 390.4723 419.5986 455.7551 490.5566 527.5597 564.079 604.8719 650.5767 691.3069 738.6502 793.4244 852.8246 924.1041 988.752 1028.567 1059.146 1070.63 1055.659 1012.997 950.3782 881.4779 805.8627 688.3386 469.7374 219.8738 75.9977 39.19414 11.95186 3.411855 1.830805 1.468705 3.466837 4.200918 5.371121 6.506142 7.310027
192.015 196.462 204.1178 212.1941 221.548 232.0896 242.5429 253.0444 263.1092 270.0508 271.8546 270.6035 267.4987 264.4901 262.5309 263.3526 266.5687 271.1963 275.9456 281.3212 291.6233 302.6566 313.3669 326.759 338.4474 352.3622 372.937 399.352 432.7282 467.6364 501.7521 536.1595 575.7563 621.2344 663.8353 710.3974 765.1387 823.6219 895.7442 964.8784 1015.705 1057.377 1075.711 1056.682 1003.092 929.8488 855.3766 773.3544 612.1233 355.8874 136.755 44.33224 27.47582 6.276255 1.864421 1.124841 1.289651 1.043419 4.00075 5.229167 6.423292 7.342282
187.7051 192.4299 199.7887 207.5825 216.9889 228.6419 241.1257 254.5304 268.3561 278.7575 281.3858 278.7151 275.0392 271.8577 269.1675 268.115 269.1575 272.0966 275.4287 280.4261 289.511 297.9406 305.8546 317.3322 327.557 338.0912 357.2239 383.136 415.026 448.348 480.2316 512.429 548.2203 591.234 635.324 680.8706 733.7241 791.5468 863.0905 936.2247 997.1647 1049.17 1077.718 1059.39 998.1388 914.1294 832.974 738.2255 525.8029 253.6032 86.14137 35.57117 12.9906 4.591643 1.640571 2.114613 1.164264 1.038003 3.248228 4.144757 5.050825 4.737869
183.339 188.4455 195.6686 202.7179 212.2313 224.2034 236.7692 251.4325 267.9071 282.215 285.8378 283.4893 280.0838 277.7497 276.0526 274.2609 274.0721 275.7438 277.6416 282.0141 290.7823 296.8533 302.689 313.3222 322.2755 330.0288 348.2434 374.6208 403.4613 432.9435 462.316 491.0577 519.6422 560.3829 605.1498 649.0626 699.6668 756.795 828.0237 904.152 972.3529 1036.261 1077.184 1060.528 997.8116 908.0567 819.6072 705.5742 444.0062 174.4786 60.77951 55.91779 15.64264 4.315625 1.559721 1.863569 1.198858 1.085339 2.604805 3.147877 3.126123 2.643566
178.2298 183.245 189.7885 196.1226 205.7818 217.5669 230.3024 245.0168 261.2109 275.4407 281.1472 282.1144 281.581 280.6707 279.9196 279.1258 278.476 279.5512 283.3411 289.4007 296.6529 302.4919 309.2717 319.7533 328.6564 338.1929 356.6601 381.042 405.1433 429.6594 455.4964 480.6851 507.6607 542.3586 581.1385 622.0142 667.6304 722.3792 792.4096 869.8163 946.8976 1022.069 1068.893 1057.31 997.73 908.1117 814.9321 687.3833 398.4507 137.2403 49.17074 107.4428 20.58134 4.551522 3.47612 1.830635 1.361102 1.281584 2.190043 2.532306 1.697169 1.232143
173.4402 178.1824 184.2835 190.1062 199.1917 210.8615 223.08 236.357 251.16 264.2977 271.7987 275.8644 278.6534 280.2081 280.5962 280.2925 279.6418 283.118 290.5733 297.9117 304.5862 312.1329 320.864 331.1332 341.6943 355.0567 373.7773 396.6214 416.9008 436.6314 458.9334 481.6613 507.8675 535.4553 566.8984 602.325 643.4414 693.9147 760.3488 839.2205 922.4876 1006.914 1056.857 1051.884 997.7927 909.5389 815.9122 689.0018 399.6804 129.317 39.27092 91.59188 30.30077 5.182128 3.688928 1.908378 1.569983 1.553551 1.435472 1.847657 .6058697 .1543434
168.8508 173.3216 178.952 184.2209 193.0914 204.1107 216.0107 227.937 240.2637 252.418 261.7679 268.722 274.6188 278.0002 278.9075 277.9907 277.8406 285.1357 297.0568 306.3106 314.289 322.8911 332.8044 344.2245 356.03 370.6856 391.9986 415.615 435.7276 454.3871 472.6815 490.5403 513.2424 536.04 560.5441 591.0262 627.3837 674.1544 735.689 811.171 901.5622 992.0562 1043.769 1046.003 1000.213 914.3538 821.5502 708.2353 436.135 145.8748 35.27713 83.32922 4.554671 2.943915 2.918112 2.019948 1.715977 1.733875 1.824667 .7233876 .04109833 .1362706
164.3519 168.6312 173.9886 178.683 187.709 198.5449 209.6637 221.351 232.4095 243.3554 253.5423 263.0992 270.7878 275.6656 276.4205 274.7873 276.6075 286.9796 300.4507 312.2798 321.7063 331.1778 343.2862 355.7799 368.508 385.4133 408.8045 437.1476 462.5941 482.5932 499.0105 515.3173 533.4003 550.5101 572.4991 599.5707 629.2589 671.3359 725.5747 795.2809 887.7566 980.1744 1032.695 1041.022 1006.817 926.7146 832.3479 735.5916 515.7559 210.9953 48.27116 14.52894 7.98169 3.184555 1.864626 1.64215 1.296091 1.039705 .5014188 .02814009 .03488725 .1506297
162.0479 165.7143 169.509 173.016 182.7459 193.7816 205.0938 216.5801 227.8242 238.5726 249.7209 260.2945 269.4163 274.593 275.9284 275.1303 279.2926 289.9039 302.3745 313.9428 325.1026 336.85 350.2286 364.4727 380.3157 401.2773 427.4841 461.2463 495.9207 519.2325 537.4986 554.6532 570.4756 585.9512 606.2105 626.7044 652.5435 689.0216 735.1726 797.197 884.3175 970.965 1023.061 1040.723 1017.664 948.7211 855.0802 763.9201 604.9741 321.6696 98.75915 27.65048 20.2379 7.088206 2.9762 1.317338 .7034299 .3171317 .1055135 .05560465 .06853185 .2316431
162.4272 164.0491 165.6962 167.4058 177.4986 189.0912 200.7905 212.4367 223.7505 235.5113 247.0588 258.3107 269.5249 275.5655 277.7083 279.8342 284.726 293.5394 304.9338 315.3866 326.7699 340.0865 353.6622 371.5199 391.5286 415.4038 446.6197 485.4014 526.584 558.7442 580.8076 598.7165 614.7731 630.9304 648.7897 667.611 689.9282 719.1334 757.1531 811.4789 888.5393 967.9789 1021.19 1044.638 1033.46 976.1758 888.1473 790.5875 679.8174 464.7481 211.4173 66.00349 36.5366 19.01499 7.212035 2.851487 1.149051 .5023484 .2319687 .1349012 .1898677 .414285
165.6394 163.8504 162.6868 162.3234 172.6587 184.0279 195.7419 207.4899 219.1376 231.5473 243.8271 257.3992 270.3026 277.8847 282.5912 286.5505 291.578 299.2487 308.1143 317.4534 330.0311 342.8841 357.4461 377.2216 400.5628 428.3011 462.7943 505.6866 554.4333 591.8964 620.9765 642.3625 660.6377 678.6216 695.2721 713.4732 732.0569 754.4396 783.147 829.8682 899.2047 973.6303 1026.409 1054.084 1053.906 1009.855 926.0194 827.2054 734.5297 586.9391 357.4642 152.016 57.71745 44.82965 17.10434 6.413341 2.437351 1.01312 .4779668 .3433971 .4490768 5.523483
172.4327 164.7509 159.7343 158.586 168.903 179.4927 190.3309 201.353 212.9681 225.9985 239.2719 255.8993 271.1397 282.1029 287.6717 292.3733 298.9836 307.6696 315.3026 324.7533 336.8531 349.135 364.0158 383.8623 408.3229 439.0607 475.7201 521.2289 572.5237 617.101 651.5466 682.2314 705.9241 724.8188 742.1432 759.0437 774.9619 790.6957 813.9278 855.8495 919.3929 989.4606 1043.974 1072.216 1078.234 1042.814 966.4321 871.0569 780.2114 671.0035 493.4727 269.1038 107.6052 48.53856 31.57619 11.94363 4.489517 1.802132 .9166644 .7661768 5.08042 5.254052
181.5467 168.6128 159.5801 157.9024 165.0085 173.7796 184.6655 195.5081 206.7322 219.7832 234.4525 252.7287 270.045 283.395 291.9451 299.1811 308.3814 318.0294 328.769 338.6302 348.4331 358.8388 372.5962 393.9646 418.3579 449.0067 487.2119 531.8973 584.5693 633.9546 675.1944 710.6488 743.3015 765.6179 785.4789 802.2935 817.4734 832.1887 852.0506 891.4229 949.2433 1014.536 1066.487 1093.876 1100.58 1071.142 1000.648 914.2288 827.2195 730.3984 598.9052 392.5431 176.9267 66.45071 36.3847 16.5062 6.229994 2.739699 1.566385 1.294091 4.847936 4.944176
193.3235 176.254 163.8925 160.0152 162.571 168.3221 177.4913 187.6022 199.5747 213.24 228.9122 249.2185 268.0594 282.6125 294.77 307.2991 318.0965 330.1983 344.2229 354.3657 362.18 370.0042 383.2644 405.0092 429.8889 461.0301 497.1842 541.5082 594.2407 646.8828 692.2211 733.8365 771.5969 797.0936 822.2938 844.3193 858.9045 872.3414 891.4169 927.7914 981.587 1043.046 1091.324 1117.643 1127.294 1100.882 1038.911 954.5614 868.766 778.412 672.4739 509.5818 264.8828 92.14986 36.80371 19.16873 7.287589 3.320889 2.204669 1.890054 4.618156 2.822989
208.865 188.2089 172.0708 162.9964 160.5614 163.3138 170.8332 179.4871 190.8745 205.0254 222.8063 244.3053 264.0562 281.3008 297.2531 312.9699 327.7249 341.9935 358.0667 369.1664 375.4194 382.8604 395.4185 416.4762 440.5568 471.4473 505.9361 549.9993 601.4221 656.7006 702.3895 748.354 788.0792 815.9127 843.515 874.9309 895.8397 907.4026 926.035 959.8137 1010.159 1071.76 1120.918 1143.909 1151.899 1130.71 1074.201 992.4666 905.5237 819.9858 723.1454 585.8289 357.9671 134.0428 42.12222 17.01629 6.918625 3.480236 2.696798 2.74697 1.583888 2.202105
227.6704 202.976 181.3851 165.4825 158.8381 159.0744 165.3083 172.3681 182.7888 196.0325 214.5543 237.1063 258.344 278.1219 296.4281 314.5202 331.9916 349.6877 366.928 379.8788 389.3357 396.2836 407.3317 425.7355 448.478 476.7054 508.784 550.1791 602.1572 657.9652 702.5009 751.484 789.7482 820.7992 854.2033 889.0453 913.3038 930.2044 951.406 987.2576 1039.659 1097.786 1143.94 1167.261 1175.807 1156.38 1102.579 1027.688 940.3111 852.3099 755.842 624.4551 427.3036 189.1116 57.16249 15.3768 5.189705 3.202607 2.952018 2.899486 2.571426 3.576545
246.6503 217.7964 191.1854 170.333 157.8435 155.8183 159.8498 164.7876 174.2968 186.6633 204.9914 227.6784 249.975 272.3171 292.6013 312.0769 330.5256 350.4496 371.5266 389.4976 400.9652 408.3883 418.6121 433.3999 452.8316 477.4081 504.6298 544.1499 596.7928 649.3793 694.0887 742.4074 778.1865 814.9987 853.6243 887.6884 916.3141 941.6652 972.9747 1011.163 1061.552 1115.236 1163.832 1189.689 1198.857 1179.212 1126.512 1052.331 966.6653 874.9153 777.1581 649.2055 465.4833 236.5456 81.757 22.22596 7.001575 4.414989 4.181849 4.409956 5.034766 7.390198
269.2301 236.097 204.6135 179.2499 162.1431 154.1966 153.2726 155.0895 163.7912 176.4652 194.0311 215.7208 238.6515 262.3397 285.5703 308.1167 327.3341 347.0003 370.1145 392.9064 407.2704 417.8721 428.6379 439.9787 456.672 476.9806 498.7599 535.1865 587.9734 638.6848 679.6537 725.8905 761.4027 801.1563 842.4382 877.703 909.1093 944.4379 984.1528 1026.925 1075.372 1131.649 1183.662 1214.259 1224.291 1204.223 1149.023 1070.781 986.8098 894.2837 794.0184 670.3635 491.1494 274.8014 110.5249 36.41786 14.1701 9.388355 8.79778 9.530274 11.11633 15.79546
296.0703 260.3121 224.8854 195.0089 171.6237 154.3909 146.1481 144.6384 152.1231 164.2058 181.4631 202.7285 224.8474 249.1498 274.0663 298.8742 318.0709 337.4548 362.7555 389.0798 405.5949 419.4346 432.7848 441.9755 455.2403 472.309 490.6252 522.041 573.2283 623.0671 659.6884 702.3041 738.598 779.4483 822.5261 858.7519 892.8763 935.886 984.4943 1029.91 1083.119 1143.103 1204.23 1236.638 1245.307 1225.434 1170.548 1090.2 1000.016 908.3022 806.8161 686.4067 508.417 296.1482 129.4799 48.54533 23.28353 18.61451 18.24116 16.98205 19.90212 26.99225
324.235 285.511 245.1123 209.104 178.1081 152.0146 136.401 131.8121 138.8134 150.3305 165.5203 185.1004 205.2424 228.0444 253.6071 279.2513 299.8132 319.6508 344.0841 369.761 389.1983 405.7134 420.0024 428.9791 440.3477 456.5259 474.3868 500.6038 544.9872 594.0528 630.7233 669.9907 709.528 750.1588 793.886 832.7954 868.3768 916.9991 970.0645 1019.698 1079.553 1148.504 1214.484 1250.389 1259.865 1240.247 1187.772 1109.579 1014.748 918.822 814.4734 690.6512 510.8383 293.2344 130.1112 51.91297 30.53104 27.24355 20.71908 20.60505 25.82308 35.37563
352.1624 312.1305 267.7723 224.7039 184.8761 151.1097 128.0683 118.7221 123.8082 133.6329 146.6416 163.7458 181.2675 203.1509 227.55 251.0244 272.4001 293.3748 317.5338 342.8373 363.422 380.6772 394.5049 403.3999 413.9552 430.0128 448.0755 470.8311 507.8703 554.343 594.6295 632.7899 675.0685 716.3178 758.3557 800.0931 839.7043 889.3215 949.1238 1004.517 1067.786 1143.291 1216.038 1255.299 1270.5 1252.171 1201.159 1127.762 1031.976 928.8117 821.1092 689.9084 499.0675 275.0191 117.9128 48.42707 30.11208 24.82911 19.6177 21.49867 29.56946 43.26186
379.3659 339.909 296.6101 250.0543 201.5101 158.7184 128.3618 111.7598 108.8777 114.1541 125.3763 140.9315 155.2884 174.5061 198.716 222.0431 242.5055 264.1452 289.0194 314.1383 335.2841 353.0224 367.1639 375.9795 383.648 398.4868 417.7235 440.0844 469.778 507.9478 549.4084 591.1298 635.1548 680.0821 720.6661 763.1716 806.6188 857.3892 921.7577 985.0367 1053.66 1132.924 1208.845 1254.779 1274.923 1261.068 1210.198 1138.846 1047.146 937.6389 825.3895 686.6925 479.7284 246.6696 97.42216 39.3694 23.38082 19.56773 18.08942 21.40282 32.04846 50.5936
407.3781 368.1628 326.093 278.155 227.5072 177.7362 137.2521 109.4595 95.02818 93.59712 102.4052 116.9062 128.8196 145.4209 169.5579 191.3672 212.9708 233.9205 257.6154 283.6044 306.3915 324.3728 339.281 350.119 357.634 367.9886 385.9601 407.1844 432.5438 465.9966 503.6542 544.2106 587.3912 633.291 677.1981 720.1728 768.4293 822.0582 889.6494 960.8512 1030.96 1114.28 1195.711 1245.727 1275.047 1266.403 1216.656 1140.335 1050.787 941.0262 825.8683 679.3201 457.5047 218.43 75.96325 29.29201 17.57263 15.08808 15.64453 19.90879 33.34545 57.84129
435.2426 396.3229 351.9254 305.8337 257.09 200.8258 147.0684 106.1087 82.5798 75.71405 82.97594 95.70582 107.4243 121.4744 142.8734 160.7646 182.5123 202.4013 223.0338 248.3627 273.3474 293.6916 310.3151 325.6366 335.3595 343.4585 358.9728 378.226 400.8511 429.0425 460.063 496.55 538.8579 585.0779 627.8466 667.7237 716.0089 774.782 845.0243 923.4543 996.5617 1084.852 1172.521 1230.513 1266.91 1267.162 1218.973 1135.863 1042.193 935.4376 818.9863 666.8188 433.8914 194.6201 61.01596 22.08811 13.50753 11.57524 12.76319 19.2789 36.89738 69.46494
463.0984 425.8324 380.8157 334.5758 282.0314 227.532 170.1477 115.018 80.88467 66.94768 69.67831 82.09818 96.49364 106.6513 117.5965 129.187 146.2459 167.0031 184.9577 207.0643 233.119 257.2052 277.9841 297.2699 311.3263 321.2741 333.5256 352.7271 369.9177 390.1856 418.5534 450.8033 491.8472 535.5289 573.1255 608.6508 657.6122 717.4124 788.2505 870.4432 951.0208 1043.06 1136.187 1203.957 1252.308 1263.463 1216.423 1125.666 1025.317 921.1515 806.7706 649.6784 407.989 174.253 53.88817 18.81717 11.34103 10.06506 12.27638 20.28012 40.02252 76.21178
488.9405 454.0867 410.5978 363.7281 310.0257 250.6133 191.4285 132.0233 85.44023 62.69565 60.63506 75.34143 92.57263 99.34605 98.66227 98.01339 107.1603 127.0781 143.4237 161.8348 187.2985 215.21 240.4046 264.0862 282.8723 295.0984 305.853 322.6627 335.8656 350.9918 377.0253 404.9703 443.553 485.1999 520.7938 554.1273 600.8695 658.7057 726.9835 808.9386 895.1304 992.4955 1091.449 1168.356 1231.724 1255.017 1210.955 1115.3 1009.868 904.5873 793.7307 632.8781 388.7327 160.6749 50.32536 19.6833 12.10389 10.85882 12.99929 21.25124 42.5528 81.48034
512.9067 479.4048 437.1436 388.7164 337.0296 275.4049 208.0864 154.6052 100.0225 67.42671 64.14544 77.42087 91.99348 93.1949 87.39409 77.28966 79.23459 93.70321 106.5395 120.9906 145.3368 173.3945 201.8754 229.9344 253.012 267.2776 278.8126 296.7764 308.1838 319.5395 343.5655 369.2949 404.3558 443.7566 478.8545 513.5241 557.0927 607.1823 670.0472 752.1835 844.2775 945.6666 1045.146 1130.471 1206.268 1239.539 1201.769 1107.399 998.8752 891.2544 785.0715 633.8768 397.716 171.0048 55.92905 23.72185 16.52123 15.11369 16.71594 25.05137 46.46606 84.86913
