py_wake/examples/data/AJ_ParqueFicticio/Ridge area   Sector 8   Height 30m   Power density.grd
DSAA
90  129
 262878   265103
 6504214   6507414
 .03522964   565.9951
[rows 81 to 107 of 129, columns 0 to 61 of 90]
92.17736 91.64368 93.30817 95.68045 99.43553 105.5986 113.8802 124.0002 135.5896 145.7183 155.1714 165.37 171.9363 174.4282 172.2135 166.5235 157.8316 144.9212 131.8269 120.3573 107.5606 97.16557 87.3926 79.31708 72.86049 68.48135 64.94825 62.73648 62.21156 62.85696 64.89171 69.37126 78.23676 92.4183 112.2753 137.7973 167.7478 203.0415 242.0791 280.8357 310.5734 336.6996 360.2204 369.9604 364.5429 355.022 339.6035 319.4932 284.9682 234.5477 186.1687 137.8061 92.15955 55.62134 33.88438 20.46267 14.89842 14.27711 13.36 12.59343 13.06933 14.59395
117.4581 121.5456 126.93 133.3091 140.9395 149.6974 160.6148 171.4418 180.209 188.5844 200.0775 210.2079 216.6931 220.2147 219.8309 214.2135 202.7963 189.7242 176.489 166.6483 151.7288 134.6211 118.3343 106.4965 98.57222 93.79288 89.53182 86.91696 86.53845 87.03185 88.96755 93.28078 102.4285 119.4956 141.6615 168.2639 200.2866 237.7039 279.2095 313.9439 338.7896 362.5421 377.0209 375.2986 366.5807 354.1176 336.5759 316.7161 275.87 226.875 178.6449 128.2322 67.65264 38.21716 23.43221 10.60151 9.56841 10.09278 9.990341 9.034379 7.112041 7.87374
146.2491 154.2112 163.8854 173.8107 183.5135 195.1299 207.3532 215.9568 223.4573 232.8521 242.7124 250.0946 255.9987 258.0366 253.3635 244.3465 233.2328 222.0665 212.5155 203.4156 184.0359 161.7372 140.9706 127.4641 119.9463 116.0804 112.2766 110.3841 111.9901 113.2497 114.8535 119.9832 131.1575 150.2932 174.5858 201.6312 235.2317 271.9819 311.67 338.7791 358.7557 376.5431 382.895 376.193 365.0266 350.3122 331.8362 310.5233 267.9331 222.8243 176.6086 125.9505 31.76447 40.98997 21.64194 17.94177 16.18073 15.1189 8.025414 7.629767 6.120722 4.59081
180.2301 191.0366 202.4218 212.6046 222.5211 233.6379 241.9498 248.3171 254.6259 262.2679 268.5024 272.2007 273.9795 270.5752 262.7968 253.2625 242.9469 232.8275 221.9233 208.4299 190.4887 170.7828 152.1184 136.4855 128.8559 126.7442 126.696 127.9275 133.0352 137.0905 141.9633 152.1662 167.2912 187.6141 212.7147 240.1732 269.7283 302.5834 334.807 354.3723 369.2012 381.2012 381.2283 371.6868 358.3895 342.3686 324.5772 298.0782 257.2512 218.3461 176.2386 114.3914 38.80465 56.07753 29.3693 19.79275 18.02542 16.59687 15.94393 15.76648 16.08438 17.02543
211.5098 222.9709 233.5446 243.2561 253.5382 261.2738 266.3828 270.9565 275.3307 278.3035 278.4333 275.0238 268.3674 259.6519 249.9733 241.1441 231.4916 220.8191 208.3223 192.6257 176.4539 159.9325 144.3906 132.9673 126.9416 126.8524 131.0154 137.8574 148.4969 158.3761 171.9773 190.2734 209.4707 230.5035 255.6451 280.6613 302.7869 329.7603 351.5351 363.3638 372.4345 376.1765 372.1753 361.7681 347.1401 331.467 309.8246 281.0992 246.5564 213.5361 176.186 108.0907 38.69693 88.73377 45.67845 26.0988 19.20897 16.99579 15.56643 14.54461 14.09355 14.31079
237.367 247.302 256.6816 265.484 273.4424 277.2146 278.5272 278.3879 277.6546 274.6688 267.4526 257.4772 245.9805 235.1273 225.4222 216.8467 209.2462 199.205 186.5463 172.2238 158.3598 145.1058 133.535 125.688 122.284 124.0193 132.0535 144.4573 161.2428 179.2541 201.6558 228.2822 250.9968 273.6743 296.2651 312.7395 330.0144 350.0866 362.3394 367.2539 367.4092 361.0217 348.9056 334.0558 318.2977 300.6393 280.0153 257.3929 233.1096 205.5962 171.4529 107.162 41.58905 144.34 77.31836 44.92698 28.82062 20.74172 16.59596 14.50087 13.45262 13.02435
254.1941 261.4948 267.5363 272.7502 275.6301 274.2303 270.266 264.9291 258.9327 250.9128 240.583 228.657 216.6859 205.6891 195.8477 187.9285 181.0835 173.7628 165.7261 155.2274 143.6464 132.5044 123.9377 119.9663 119.1188 122.869 134.7995 152.0317 174.1803 199.7886 228.1018 257.615 284.048 309.8011 326.535 338.0107 351.1919 364.7589 367.7561 364.9408 353.5862 336.3939 316.9095 297.0183 278.874 263.0074 246.8529 229.9819 212.9585 190.8304 158.553 103.5035 47.60383 119.8013 133.5452 84.57443 57.07888 40.03575 28.91127 22.22116 18.64297 16.45648
259.9041 263.2909 265.3042 266.1078 263.2108 257.2658 249.6545 240.6041 230.4954 218.3953 205.7221 193.6901 183.0182 173.714 165.816 159.4685 153.9073 149.9842 145.8173 139.3183 131.068 123.9171 118.537 117.8431 120.591 127.6021 142.0197 162.168 188.8818 218.8675 250.4412 281.6358 310.9069 335.5157 348.2131 356.8102 365.2864 371.9899 367.9987 354.9807 332.127 308.0384 284.3924 262.6413 243.9259 227.9199 212.5994 196.9358 181.8385 164.9682 139.0993 95.00822 51.27501 66.90968 216.3353 145.3606 104.6036 79.26236 59.60349 45.11912 36.01007 29.64887
257.1125 256.2766 254.314 250.4055 242.3461 231.8451 221.3829 210.1252 197.6026 184.4864 172.2204 161.2513 151.4706 143.5942 137.7439 133.3252 129.424 128.7072 127.6621 125.0896 120.6793 117.783 115.9018 118.558 125.264 135.9457 152.157 175.4264 206.4493 239.2186 273.0469 305.6054 336.0067 356.38 364.8462 370.8528 374.745 374.396 362.5413 338.827 307.1767 276.4792 249.0632 224.1071 201.5286 183.6017 169.6821 156.463 146.0129 131.9256 115.4425 84.91714 52.6743 27.17228 169.2221 238.2386 173.0184 136.0298 108.9913 86.2877 70.28693 58.60638
246.7099 242.448 237.8124 229.7554 216.8962 203.3446 190.4296 179.4787 168.4507 157.8326 146.8509 136.2985 125.8955 117.8719 114.0124 113.0678 112.6405 113.3269 114.4822 113.4066 112.0962 113.0159 114.5262 120.5676 131.9134 146.9742 166.7383 194.036 228.1831 262.4233 297.3063 330.3935 358.9784 373.5149 378.014 379.4066 378.1271 370.611 350.6346 318.5728 275.2995 238.0822 209.4874 183.7141 159.5944 138.7562 123.6941 112.1993 103.9117 95.03084 88.21637 71.49812 49.63941 28.60423 80.52205 277.9276 271.2531 218.732 180.0622 145.7151 121.2134 103.5439
226.4468 219.8324 212.4663 201.749 188.1496 175.7455 164.4769 154.9052 145.5221 136.6742 128.3552 119.5417 110.1684 102.8539 100.8725 103.2446 105.1495 107.1771 109.9664 110.7094 111.4092 116.1279 120.182 130.5042 146.6672 165.6644 188.9936 219.9769 254.3553 286.266 318.9923 348.0205 369.7086 377.949 377.4235 373.334 365.0032 347.6577 322.4117 282.5649 239.9171 203.6203 172.5155 141.0254 111.6961 90.92498 78.31073 70.14821 64.3953 61.59286 63.54094 55.51736 40.21075 23.85794 12.04079 162.9326 364.7919 322.7463 276.5319 231.1971 196.9221 170.4458
195.3698 188.0881 178.9538 168.6604 158.2385 148.2335 138.6699 130.8279 124.2582 118.9111 113.7292 108.2671 103.6329 100.5958 101.2058 104.4536 106.9923 111.1147 116.0399 118.7146 123.7684 132.3132 141.8009 156.6322 175.4315 196.981 221.9017 252.9549 283.7305 310.3912 337.1331 357.6638 369.5921 370.1997 364.8762 355.593 339.8458 315.4279 284.7156 245.0752 204.4594 162.7283 123.5838 89.46208 62.81208 48.63039 41.95611 38.97623 37.44931 36.88647 43.4545 39.70702 29.23738 17.81997 9.326419 63.81049 215.7293 410.8271 373.0913 336.7199 302.5029 269.523
162.0536 156.1438 149.8708 141.8206 131.9641 122.255 113.7788 108.1785 104.7492 103.779 103.3187 102.9078 102.8966 103.8241 107.9969 112.5307 115.9434 122.1315 129.2034 136.7151 148.3439 160.8755 176.8472 195.2364 215.9105 239.2424 264.3615 291.3545 314.0091 333.9882 352.9808 364.3843 367.1613 360.3207 348.5963 334.7173 312.5544 284.7361 252.2202 212.8457 166.2359 115.415 72.42005 44.03058 28.14586 21.38131 19.27455 19.49301 20.03933 20.55122 30.22869 29.85527 22.83083 14.5174 8.528742 4.03636 74.70583 232.2478 448.8487 436.6932 418.8681 392.1136
137.7119 132.4219 128.3302 122.5292 114.0492 103.662 93.41753 89.21468 91.19589 93.71696 96.84608 101.3513 105.2497 110.1697 118.1424 125.3431 132.3946 141.5395 152.1946 166.4212 182.6075 200.7954 219.9239 239.0027 259.466 280.9422 304.242 326.4059 340.8728 354.1611 365.1024 368.1172 362.7353 348.021 329.6044 309.6937 283.7991 255.4375 223.4673 185.4966 132.2578 74.08989 37.07965 18.55319 11.12051 9.735613 9.656011 10.07861 10.63873 12.1719 23.0185 24.81762 19.56907 13.1856 8.274889 5.243943 2.914509 26.96706 174.5044 422.3758 507.4524 501.643
120.2948 115.4845 112.5124 108.9921 102.1248 93.24101 86.45738 84.25536 88.92976 93.25286 98.27168 106.5039 113.8993 122.7723 134.9866 147.5701 160.028 173.0384 188.1839 205.674 224.4104 244.513 266.4388 287.442 305.6462 320.1714 339.9207 353.6821 360.8968 366.8733 368.4159 362.4628 350.4124 331.4122 310.023 286.4641 260.7401 234.1267 204.2626 165.3023 104.8898 49.31328 19.42016 7.224331 5.061469 4.898562 5.124487 5.382478 5.782709 11.26347 20.96942 23.17151 18.85881 13.03323 8.643798 5.855744 4.379663 3.552588 2.369952 1.86307 193.8634 561.0701
106.0769 103.3277 101.2558 99.53993 95.17908 90.8975 88.08364 88.47189 95.29553 101.195 108.9876 119.32 132.3726 147.4688 163.2038 178.8234 194.3852 211.8418 231.3308 250.766 270.3617 292.0418 314.7445 335.8574 349.3706 358.2993 370.7365 375.0161 374.8107 372.4561 364.6317 350.6046 333.2489 311.1718 288.2384 264.1769 239.792 215.3013 187.1021 149.4691 87.09088 34.69077 11.18219 12.49539 5.580373 1.056804 1.581195 1.884968 6.089176 15.61497 22.55204 24.13685 20.04811 14.00077 9.462791 6.619646 5.037214 4.267807 4.334551 5.046656 6.101216 6.348501
96.80978 95.71127 95.15645 94.58065 93.20108 92.63418 92.77153 96.88757 106.103 115.6286 128.8472 143.0959 159.0714 176.9563 195.3566 214.083 233.3755 254.5421 277.0285 297.9207 319.7632 342.0173 363.157 377.2371 384.4981 386.2313 391.3014 388.9431 382.3663 372.5112 355.5421 334.1731 311.0329 286.4424 263.4177 240.386 218.3729 196.8345 172.3212 136.9452 75.17474 25.59444 33.04035 41.68591 42.85371 52.14637 37.60751 31.92501 22.15977 23.5035 26.75054 27.72698 23.24614 16.23447 10.87429 7.561939 5.749401 4.677117 4.515311 5.432368 7.15127 9.615279
95.61764 94.78604 95.03919 94.66404 95.63168 97.6432 100.0423 108.3223 121.9845 136.7378 152.3754 169.62 187.9439 207.5232 228.6456 250.4017 271.7644 294.1903 317.1052 339.1632 361.1866 380.0727 394.0791 400.5611 400.6456 399.2554 397.8703 390.5929 379.8249 364.0972 341.4883 316.1442 289.2966 262.891 238.9669 216.6628 197.6719 179.5529 158.4111 125.1125 68.83376 33.36089 49.2329 65.8826 93.20013 45.03555 28.14999 24.93079 27.55739 35.26648 34.09431 32.76172 27.86614 19.97225 13.33195 9.003031 6.589162 5.229805 4.71367 5.413439 7.065423 9.455623
101.1657 101.8116 102.5566 102.3155 104.9921 108.4965 114.468 127.1345 142.8765 159.3322 176.5829 194.8782 214.7283 235.2959 255.9727 277.9415 300.0137 321.7059 342.3108 362.2722 379.5415 392.0332 398.3596 397.2723 393.7135 393.4293 388.7526 379.6383 368.4528 350.9826 325.6796 297.7435 268.1633 240.1312 215.4957 194.5947 178.3473 163.6019 145.6566 116.9315 68.8211 38.34616 56.05879 79.78555 109.3955 52.29285 28.69565 21.16484 20.56106 24.41386 30.8397 37.49067 33.85706 25.24612 17.2599 11.57179 8.114065 6.189787 5.290676 5.408874 6.627653 8.64235
1.70141E+38 1.70141E+38 1.70141E+38 1.70141E+38 1.70141E+38 1.70141E+38 1.70141E+38 1.70141E+38 1.70141E+38 1.70141E+38 1.70141E+38 1.70141E+38 1.70141E+38 1.70141E+38 1.70141E+38 1.70141E+38 1.70141E+38 1.70141E+38 1.70141E+38 1.70141E+38 1.70141E+38 1.70141E+38 1.70141E+38 1.70141E+38 1.70141E+38 1.70141E+38 1.70141E+38 1.70141E+38 1.70141E+38 1.70141E+38 1.70141E+38 1.70141E+38 1.70141E+38 1.70141E+38 1.70141E+38 1.70141E+38 1.70141E+38 1.70141E+38 1.70141E+38 1.70141E+38 1.70141E+38 1.70141E+38 1.70141E+38 1.70141E+38 1.70141E+38 1.70141E+38 1.70141E+38 1.70141E+38 1.70141E+38 1.70141E+38 1.70141E+38 1.70141E+38 1.70141E+38 1.70141E+38 1.70141E+38 1.70141E+38 1.70141E+38 1.70141E+38 1.70141E+38 1.70141E+38 1.70141E+38 1.70141E+38
1.70141E+38 1.70141E+38 1.70141E+38 1.70141E+38 1.70141E+38 1.70141E+38 1.70141E+38 1.70141E+38 1.70141E+38 1.70141E+38 1.70141E+38 1.70141E+38 1.70141E+38 1.70141E+38 1.70141E+38 1.70141E+38 1.70141E+38 1.70141E+38 1.70141E+38 1.70141E+38 1.70141E+38 1.70141E+38 1.70141E+38 1.70141E+38 1.70141E+38 1.70141E+38 1.70141E+38 1.70141E+38 1.70141E+38 1.70141E+38 1.70141E+38 1.70141E+38 1.70141E+38 1.70141E+38 1.70141E+38 1.70141E+38 1.70141E+38 1.70141E+38 1.70141E+38 1.70141E+38 1.70141E+38 1.70141E+38 1.70141E+38 1.70141E+38 1.70141E+38 1.70141E+38 1.70141E+38 1.70141E+38 1.70141E+38 1.70141E+38 1.70141E+38 1.70141E+38 1.70141E+38 1.70141E+38 1.70141E+38 1.70141E+38 1.70141E+38 1.70141E+38 1.70141E+38 1.70141E+38 1.70141E+38 1.70141E+38
1.70141E+38 1.70141E+38 1.70141E+38 1.70141E+38 1.70141E+38 1.70141E+38 1.70141E+38 1.70141E+38 1.70141E+38 1.70141E+38 1.70141E+38 1.70141E+38 1.70141E+38 1.70141E+38 1.70141E+38 1.70141E+38 1.70141E+38 1.70141E+38 1.70141E+38 1.70141E+38 1.70141E+38 1.70141E+38 1.70141E+38 1.70141E+38 1.70141E+38 1.70141E+38 1.70141E+38 1.70141E+38 1.70141E+38 1.70141E+38 1.70141E+38 1.70141E+38 1.70141E+38 1.70141E+38 1.70141E+38 1.70141E+38 1.70141E+38 1.70141E+38 1.70141E+38 1.70141E+38 1.70141E+38 1.70141E+38 1.70141E+38 1.70141E+38 1.70141E+38 1.70141E+38 1.70141E+38 1.70141E+38 1.70141E+38 1.70141E+38 1.70141E+38 1.70141E+38 1.70141E+38 1.70141E+38 1.70141E+38 1.70141E+38 1.70141E+38 1.70141E+38 1.70141E+38 1.70141E+38 1.70141E+38 1.70141E+38
1.70141E+38 1.70141E+38 1.70141E+38 1.70141E+38 1.70141E+38 1.70141E+38 1.70141E+38 1.70141E+38 1.70141E+38 1.70141E+38 1.70141E+38 1.70141E+38 1.70141E+38 1.70141E+38 1.70141E+38 1.70141E+38 1.70141E+38 1.70141E+38 1.70141E+38 1.70141E+38 1.70141E+38 1.70141E+38 1.70141E+38 1.70141E+38 1.70141E+38 1.70141E+38 1.70141E+38 1.70141E+38 1.70141E+38 1.70141E+38 1.70141E+38 1.70141E+38 1.70141E+38 1.70141E+38 1.70141E+38 1.70141E+38 1.70141E+38 1.70141E+38 1.70141E+38 1.70141E+38 1.70141E+38 1.70141E+38 1.70141E+38 1.70141E+38 1.70141E+38 1.70141E+38 1.70141E+38 1.70141E+38 1.70141E+38 1.70141E+38 1.70141E+38 1.70141E+38 1.70141E+38 1.70141E+38 1.70141E+38 1.70141E+38 1.70141E+38 1.70141E+38 1.70141E+38 1.70141E+38 1.70141E+38 1.70141E+38
1.70141E+38 1.70141E+38 1.70141E+38 1.70141E+38 1.70141E+38 1.70141E+38 1.70141E+38 1.70141E+38 1.70141E+38 1.70141E+38 1.70141E+38 1.70141E+38 1.70141E+38 1.70141E+38 1.70141E+38 1.70141E+38 1.70141E+38 1.70141E+38 1.70141E+38 1.70141E+38 1.70141E+38 1.70141E+38 1.70141E+38 1.70141E+38 1.70141E+38 1.70141E+38 1.70141E+38 1.70141E+38 1.70141E+38 1.70141E+38 1.70141E+38 1.70141E+38 1.70141E+38 1.70141E+38 1.70141E+38 1.70141E+38 1.70141E+38 1.70141E+38 1.70141E+38 1.70141E+38 1.70141E+38 1.70141E+38 1.70141E+38 1.70141E+38 1.70141E+38 1.70141E+38 1.70141E+38 1.70141E+38 1.70141E+38 1.70141E+38 1.70141E+38 1.70141E+38 1.70141E+38 1.70141E+38 1.70141E+38 1.70141E+38 1.70141E+38 1.70141E+38 1.70141E+38 1.70141E+38 1.70141E+38 1.70141E+38
1.70141E+38 1.70141E+38 1.70141E+38 1.70141E+38 1.70141E+38 1.70141E+38 1.70141E+38 1.70141E+38 1.70141E+38 1.70141E+38 1.70141E+38 1.70141E+38 1.70141E+38 1.70141E+38 1.70141E+38 1.70141E+38 1.70141E+38 1.70141E+38 1.70141E+38 1.70141E+38 1.70141E+38 1.70141E+38 1.70141E+38 1.70141E+38 1.70141E+38 1.70141E+38 1.70141E+38 1.70141E+38 1.70141E+38 1.70141E+38 1.70141E+38 1.70141E+38 1.70141E+38 1.70141E+38 1.70141E+38 1.70141E+38 1.70141E+38 1.70141E+38 1.70141E+38 1.70141E+38 1.70141E+38 1.70141E+38 1.70141E+38 1.70141E+38 1.70141E+38 1.70141E+38 1.70141E+38 1.70141E+38 1.70141E+38 1.70141E+38 1.70141E+38 1.70141E+38 1.70141E+38 1.70141E+38 1.70141E+38 1.70141E+38 1.70141E+38 1.70141E+38 1.70141E+38 1.70141E+38 1.70141E+38 1.70141E+38
1.70141E+38 1.70141E+38 1.70141E+38 1.70141E+38 1.70141E+38 1.70141E+38 1.70141E+38 1.70141E+38 1.70141E+38 1.70141E+38 1.70141E+38 1.70141E+38 1.70141E+38 1.70141E+38 1.70141E+38 1.70141E+38 1.70141E+38 1.70141E+38 1.70141E+38 1.70141E+38 1.70141E+38 1.70141E+38 1.70141E+38 1.70141E+38 1.70141E+38 1.70141E+38 1.70141E+38 1.70141E+38 1.70141E+38 1.70141E+38 1.70141E+38 1.70141E+38 1.70141E+38 1.70141E+38 1.70141E+38 1.70141E+38 1.70141E+38 1.70141E+38 1.70141E+38 1.70141E+38 1.70141E+38 1.70141E+38 1.70141E+38 1.70141E+38 1.70141E+38 1.70141E+38 1.70141E+38 1.70141E+38 1.70141E+38 1.70141E+38 1.70141E+38 1.70141E+38 1.70141E+38 1.70141E+38 1.70141E+38 1.70141E+38 1.70141E+38 1.70141E+38 1.70141E+38 1.70141E+38 1.70141E+38 1.70141E+38
1.70141E+38 1.70141E+38 1.70141E+38 1.70141E+38 1.70141E+38 1.70141E+38 1.70141E+38 1.70141E+38 1.70141E+38 1.70141E+38 1.70141E+38 1.70141E+38 1.70141E+38 1.70141E+38 1.70141E+38 1.70141E+38 1.70141E+38 1.70141E+38 1.70141E+38 1.70141E+38 1.70141E+38 1.70141E+38 1.70141E+38 1.70141E+38 1.70141E+38 1.70141E+38 1.70141E+38 1.70141E+38 1.70141E+38 1.70141E+38 1.70141E+38 1.70141E+38 1.70141E+38 1.70141E+38 1.70141E+38 1.70141E+38 1.70141E+38 1.70141E+38 1.70141E+38 1.70141E+38 1.70141E+38 1.70141E+38 1.70141E+38 1.70141E+38 1.70141E+38 1.70141E+38 1.70141E+38 1.70141E+38 1.70141E+38 1.70141E+38 1.70141E+38 1.70141E+38 1.70141E+38 1.70141E+38 1.70141E+38 1.70141E+38 1.70141E+38 1.70141E+38 1.70141E+38 1.70141E+38 1.70141E+38 1.70141E+38
