py_wake/examples/data/AJ_ParqueFicticio/Ridge area   Sector 11   Height 200m   Weibull-A.grd
DSAA
90  129
 262878   265103
 6504214   6507414
 .3014333   10.29954
[rows 54 to 80 of 129, columns 0 to 61 of 90]
8.59336 8.3026 7.961452 7.553633 6.964828 5.794504 4.250924 2.835976 1.816346 1.472438 1.543362 1.761517 1.958705 2.031182 2.026691 1.989974 1.966519 2.012104 2.096831 2.272692 2.602671 3.009707 3.453376 3.891911 4.273101 4.521461 4.6996 4.912969 5.047992 5.161632 5.360683 5.564113 5.779391 6.036916 6.272851 6.523922 6.824565 7.151455 7.523922 7.947553 8.394664 8.835055 9.205326 9.50233 9.738789 9.853516 9.781433 9.554166 9.235314 8.853831 8.437446 7.850535 7.005302 6.04261 5.133233 4.603097 4.438813 4.496445 4.700005 5.038162 5.483754 5.912029
8.691532 8.44527 8.140436 7.771193 7.263696 6.419839 5.232235 3.956 2.943855 2.472302 2.457828 2.66222 2.781678 2.69972 2.544964 2.394026 2.299954 2.267655 2.30602 2.468528 2.782449 3.203623 3.654349 4.101164 4.51763 4.820851 5.059717 5.260423 5.427759 5.592288 5.767087 5.977365 6.172035 6.345087 6.511392 6.711605 6.999012 7.306777 7.638848 8.017621 8.434487 8.858013 9.219195 9.521115 9.764611 9.870172 9.847925 9.686906 9.437379 9.099113 8.713636 8.253754 7.634339 6.900828 6.158185 5.617113 5.407759 5.385124 5.473011 5.669943 5.909088 6.080279
8.78072 8.58688 8.327172 7.98689 7.557348 6.987772 6.170184 5.195921 4.355558 3.882913 3.837152 4.035614 4.118049 3.852625 3.512595 3.18981 2.964071 2.817286 2.749811 2.828361 3.138313 3.556112 3.977999 4.432519 4.874074 5.220713 5.488002 5.704478 5.883504 6.066933 6.266463 6.476892 6.665565 6.805796 6.945792 7.123619 7.34073 7.58523 7.846884 8.174577 8.559294 8.939481 9.272073 9.563348 9.790097 9.890386 9.900288 9.781897 9.579232 9.313519 8.966477 8.573753 8.113332 7.577367 6.985943 6.483495 6.242832 6.138376 6.091002 6.104347 6.127405 6.114432
8.863912 8.718124 8.497766 8.191481 7.83307 7.408079 6.878963 6.292295 5.732328 5.35427 5.229377 5.388993 5.484138 5.28345 4.875231 4.423979 4.025929 3.745806 3.53482 3.512155 3.77536 4.143384 4.492396 4.887481 5.30864 5.671059 5.951375 6.181466 6.368217 6.576835 6.788935 6.992106 7.160513 7.304706 7.456711 7.610323 7.773513 7.943294 8.140533 8.404241 8.741197 9.074975 9.373581 9.635531 9.824507 9.926952 9.952435 9.866241 9.694328 9.478456 9.200262 8.863559 8.489343 8.079419 7.637502 7.202085 6.888525 6.667149 6.469197 6.319011 6.182888 5.9983
8.902905 8.828119 8.650162 8.374245 8.056027 7.703873 7.336127 6.931166 6.562407 6.326829 6.270958 6.348322 6.406541 6.289921 5.989455 5.644692 5.294908 4.995265 4.675958 4.560422 4.702826 4.926403 5.166705 5.470076 5.814379 6.138055 6.403976 6.618867 6.82296 7.035585 7.246243 7.44568 7.609437 7.751979 7.890452 8.033649 8.17382 8.322643 8.498214 8.712342 8.975175 9.251061 9.516759 9.728117 9.894219 9.99144 10.02115 9.957808 9.814184 9.619193 9.391504 9.115013 8.796984 8.469042 8.119696 7.755579 7.394195 7.02981 6.685421 6.345622 5.99579 5.597099
8.920568 8.902366 8.789643 8.565337 8.269168 7.954515 7.653732 7.362356 7.104428 6.928945 6.888884 6.940533 6.984848 6.917162 6.709416 6.468495 6.207499 5.936141 5.694248 5.571657 5.610857 5.69069 5.839567 6.076494 6.341153 6.589395 6.811975 7.006158 7.190645 7.388448 7.596747 7.798774 7.970982 8.111721 8.245714 8.382999 8.511735 8.653911 8.818313 9.006724 9.218668 9.445282 9.658551 9.830467 9.993726 10.08843 10.1188 10.07603 9.957253 9.771447 9.55039 9.315913 9.048131 8.754564 8.44862 8.117248 7.763504 7.319929 6.778094 6.204984 5.584508 4.986194
8.934231 8.957993 8.902296 8.735466 8.479272 8.197964 7.932163 7.697774 7.49821 7.346326 7.301641 7.342577 7.387794 7.359203 7.242972 7.096626 6.914767 6.701741 6.491828 6.327646 6.317164 6.344081 6.409983 6.583034 6.785309 6.970666 7.151464 7.318616 7.493269 7.66528 7.853771 8.056351 8.240574 8.383373 8.513833 8.648208 8.772047 8.905547 9.062766 9.224729 9.412261 9.601283 9.765286 9.919171 10.08163 10.17856 10.20361 10.17962 10.10152 9.935571 9.704038 9.467012 9.22731 8.957747 8.665943 8.346188 7.97322 7.483744 6.788605 5.933212 5.04541 4.305506
8.953345 9.006181 8.992269 8.874168 8.658885 8.412678 8.180083 7.974515 7.801781 7.66871 7.615808 7.626715 7.670749 7.691643 7.650344 7.555679 7.428068 7.267951 7.102128 6.969305 6.914113 6.902734 6.919673 7.022705 7.165277 7.297287 7.421858 7.553904 7.710012 7.871258 8.05266 8.239445 8.41503 8.554521 8.686893 8.81369 8.933509 9.070418 9.215675 9.368613 9.544346 9.706959 9.844446 9.985736 10.13634 10.21891 10.22364 10.2062 10.16603 10.05864 9.843722 9.59207 9.347637 9.092126 8.802425 8.466272 8.038107 7.462588 6.610873 5.53 4.411621 3.635472
8.965944 9.042296 9.064906 8.992264 8.827552 8.62291 8.415765 8.224883 8.062818 7.935713 7.872517 7.872159 7.904306 7.928637 7.929038 7.866422 7.782779 7.677039 7.571887 7.478068 7.394818 7.366055 7.364591 7.421543 7.503747 7.592161 7.676535 7.767236 7.885595 8.028341 8.18004 8.355343 8.516836 8.653588 8.781117 8.896049 9.0198 9.156348 9.296325 9.45096 9.619395 9.771377 9.907678 10.05063 10.18176 10.24036 10.22375 10.19893 10.1686 10.11098 9.958574 9.713633 9.444412 9.179255 8.890448 8.534088 8.047573 7.354577 6.360369 5.075123 3.835554 2.989421
8.935922 9.038379 9.100928 9.059326 8.932107 8.767865 8.594334 8.426771 8.277701 8.154996 8.071078 8.032014 8.045732 8.086193 8.128115 8.11392 8.057072 7.995196 7.929468 7.867766 7.795083 7.741834 7.736429 7.762537 7.814832 7.853654 7.891027 7.952322 8.047474 8.154002 8.285354 8.429444 8.566673 8.713088 8.831859 8.93532 9.052983 9.185455 9.325183 9.482423 9.648548 9.797648 9.938978 10.09212 10.22899 10.26785 10.23534 10.19275 10.15366 10.10952 10.01912 9.817647 9.535501 9.252692 8.964934 8.605279 8.089437 7.315603 6.209532 4.767402 3.436288 2.548161
8.843887 8.971975 9.080547 9.071825 8.968107 8.825183 8.665963 8.507168 8.365205 8.248381 8.163563 8.118942 8.12622 8.175179 8.244562 8.270803 8.229436 8.182282 8.151383 8.147973 8.093753 8.025294 7.994199 8.019578 8.054267 8.050509 8.057389 8.107419 8.175438 8.254119 8.366882 8.482471 8.597949 8.729024 8.851707 8.943997 9.049525 9.170954 9.30395 9.459525 9.631688 9.783525 9.924679 10.07881 10.2403 10.29772 10.25586 10.19316 10.13678 10.08563 10.02371 9.88303 9.612347 9.315687 9.027688 8.688764 8.16933 7.367355 6.195809 4.713848 3.283324 2.331467
8.686791 8.832152 8.983842 9.02665 8.954926 8.841374 8.702909 8.550817 8.405644 8.28681 8.196115 8.136292 8.123368 8.166641 8.247598 8.297742 8.288074 8.262031 8.247116 8.264086 8.237074 8.181871 8.148571 8.168344 8.185205 8.180631 8.181828 8.21805 8.262856 8.324665 8.41591 8.508391 8.602429 8.711659 8.823176 8.90825 8.99314 9.093285 9.217643 9.372691 9.552409 9.718054 9.860345 10.01409 10.18867 10.29954 10.2779 10.20107 10.12583 10.06125 10.0004 9.899809 9.659702 9.360439 9.069374 8.75642 8.247131 7.459986 6.310439 4.860281 3.359289 2.299856
8.492473 8.643574 8.8107 8.92441 8.897346 8.805642 8.682527 8.531049 8.373817 8.238267 8.130101 8.050575 8.017959 8.053202 8.147507 8.234009 8.24404 8.235258 8.231089 8.251255 8.245008 8.219085 8.198176 8.205737 8.219828 8.231526 8.247365 8.278692 8.315516 8.368155 8.44645 8.521085 8.594105 8.680686 8.778506 8.844521 8.900924 8.970207 9.080339 9.231709 9.409855 9.602727 9.766335 9.920276 10.08501 10.24774 10.28248 10.21465 10.12421 10.04498 9.975804 9.888848 9.670336 9.377768 9.094766 8.807268 8.329771 7.602346 6.533251 5.092696 3.487421 2.266418
8.278071 8.42633 8.579855 8.723308 8.777406 8.737754 8.636845 8.486786 8.311485 8.150261 8.017796 7.912577 7.857565 7.884436 7.980964 8.113849 8.15127 8.142632 8.140277 8.172003 8.188498 8.169461 8.155921 8.167989 8.187662 8.199905 8.221364 8.262545 8.295491 8.348512 8.438187 8.511481 8.560804 8.622506 8.699511 8.760526 8.791339 8.829969 8.915701 9.05864 9.235363 9.438253 9.640162 9.805439 9.964931 10.13916 10.24463 10.22118 10.12689 10.03656 9.96102 9.876968 9.671616 9.391275 9.121696 8.862503 8.431287 7.794832 6.820892 5.326842 3.478703 1.959836
8.053951 8.198426 8.336521 8.457419 8.531782 8.55271 8.502192 8.369319 8.182343 7.99106 7.831245 7.705551 7.636055 7.658346 7.746316 7.887816 7.990385 8.005206 8.002507 8.03224 8.076182 8.070538 8.056067 8.073861 8.106713 8.117419 8.131908 8.166545 8.201135 8.256763 8.349812 8.441203 8.483733 8.49657 8.546522 8.610013 8.638331 8.657434 8.716805 8.845297 9.029779 9.235821 9.468444 9.677637 9.833376 9.995518 10.14727 10.19698 10.12745 10.03112 9.952814 9.870148 9.674732 9.403328 9.147058 8.902042 8.503613 7.938628 7.055147 5.478951 3.177047 2.07666
7.884679 8.006192 8.125135 8.197959 8.242867 8.267504 8.244069 8.140374 7.970516 7.78019 7.609288 7.470624 7.385673 7.382133 7.451948 7.579067 7.710711 7.7796 7.81144 7.837447 7.882193 7.910726 7.917892 7.934729 7.96964 7.999435 8.010373 8.017235 8.051155 8.112891 8.188983 8.255606 8.288522 8.287614 8.299332 8.341009 8.37543 8.402729 8.46449 8.584057 8.772357 8.990054 9.235708 9.510933 9.692671 9.839631 9.999292 10.12159 10.11305 10.02387 9.947292 9.86812 9.681984 9.41291 9.159571 8.898255 8.507124 7.962013 7.106082 5.347101 2.622667 3.478364
7.732903 7.849557 7.96015 8.006981 8.000435 7.990556 7.966579 7.881639 7.731172 7.553763 7.386157 7.239522 7.129353 7.09925 7.146659 7.250403 7.371103 7.460415 7.534935 7.602563 7.655157 7.712986 7.751856 7.775539 7.808912 7.83999 7.862109 7.85158 7.855534 7.876091 7.922769 7.98066 8.014778 8.007524 7.997398 7.997432 8.003182 8.021202 8.094847 8.266443 8.465382 8.695555 8.96741 9.284244 9.548672 9.684822 9.834794 9.991189 10.05759 10.00587 9.936493 9.867142 9.696996 9.436213 9.181428 8.895435 8.517052 8.006178 7.183372 5.21922 1.91573 3.231724
7.581671 7.681705 7.780674 7.815835 7.777502 7.724119 7.676674 7.610248 7.487549 7.324886 7.162859 7.005998 6.871436 6.834107 6.876451 6.96573 7.053985 7.146089 7.236699 7.322156 7.396758 7.46534 7.509907 7.540086 7.574165 7.591645 7.595939 7.5825 7.581841 7.596645 7.637914 7.691339 7.728818 7.731711 7.718377 7.695956 7.672796 7.628534 7.636627 7.851433 8.147682 8.396357 8.68394 9.019904 9.376163 9.538627 9.675846 9.834364 9.954083 9.960419 9.908129 9.843297 9.695492 9.460755 9.208881 8.912107 8.556319 8.092765 7.483163 5.800878 3.719216 2.954728
7.379007 7.456053 7.551731 7.591337 7.536161 7.452118 7.37045 7.293723 7.176628 7.022782 6.863617 6.708932 6.566632 6.514608 6.545 6.611545 6.686735 6.771341 6.857883 6.942895 7.03119 7.124815 7.188715 7.221985 7.259772 7.287231 7.302386 7.294562 7.2932 7.30359 7.344355 7.411848 7.464989 7.481719 7.464123 7.444167 7.442631 7.38443 7.320504 7.487568 7.853758 8.157194 8.45768 8.803014 9.200878 9.414876 9.539133 9.68158 9.806821 9.846329 9.807682 9.747781 9.630702 9.444485 9.210958 8.930014 8.606911 8.187123 7.655354 7.024093 6.266994 5.795734
7.132736 7.196441 7.270152 7.30772 7.259972 7.180461 7.09942 7.015285 6.905815 6.762935 6.612742 6.464601 6.317008 6.235574 6.22564 6.274178 6.331876 6.415246 6.490168 6.570947 6.661361 6.74734 6.824505 6.869958 6.903593 6.932199 6.95987 6.96788 6.977404 6.995245 7.040625 7.110415 7.205659 7.264894 7.260243 7.255296 7.280116 7.254588 7.228286 7.344533 7.696263 8.028699 8.34123 8.685289 9.081038 9.329802 9.439861 9.561601 9.663427 9.7014 9.673875 9.628292 9.541903 9.396897 9.193742 8.94795 8.661967 8.291133 7.836561 7.292732 6.643977 6.203768
6.876266 6.935385 6.99147 7.013355 6.97955 6.913165 6.838342 6.762991 6.670187 6.544297 6.382833 6.223646 6.08254 6.008252 5.984537 5.975498 6.017724 6.093071 6.160405 6.259631 6.373249 6.434279 6.474913 6.531423 6.574691 6.590092 6.58838 6.588422 6.593439 6.623987 6.67731 6.737088 6.874307 7.016688 7.069264 7.094965 7.138122 7.165322 7.19973 7.323575 7.643799 7.972595 8.299932 8.646649 9.026245 9.282205 9.38025 9.481471 9.551798 9.57097 9.549719 9.518336 9.453629 9.330504 9.159242 8.960381 8.706086 8.389222 8.005747 7.544246 7.006156 6.578675
6.692217 6.728233 6.757296 6.768187 6.732288 6.657143 6.578509 6.530986 6.514727 6.439528 6.302149 6.121189 5.917557 5.801435 5.811986 5.808581 5.774592 5.826309 5.938515 6.080914 6.226785 6.284592 6.279052 6.268677 6.31563 6.361562 6.339435 6.264672 6.19908 6.242929 6.307263 6.327826 6.461223 6.709148 6.873448 6.975346 7.069946 7.148499 7.216238 7.367134 7.675813 7.994098 8.31217 8.645996 9.00223 9.257316 9.345369 9.428936 9.469154 9.46185 9.435155 9.407125 9.347217 9.230665 9.092978 8.943237 8.727408 8.459303 8.146502 7.773054 7.327703 6.924364
6.579689 6.61523 6.628261 6.626382 6.585573 6.508676 6.434174 6.41236 6.463459 6.435035 6.338415 6.179127 5.981421 5.837303 5.834736 5.814245 5.740512 5.747448 5.878208 6.058299 6.197639 6.246616 6.23321 6.194619 6.208364 6.257822 6.235893 6.148516 6.042005 6.044477 6.113311 6.129042 6.238577 6.531034 6.775989 6.961779 7.11571 7.24257 7.34122 7.519125 7.80635 8.099178 8.394551 8.69837 9.017053 9.255294 9.335025 9.398389 9.406227 9.369715 9.323778 9.270103 9.187131 9.080156 8.970722 8.852235 8.686912 8.477194 7.151631 5.513975 7.609808 7.277054
6.473338 6.517488 6.542819 6.548447 6.519796 6.480255 6.463805 6.49141 6.549814 6.549755 6.494456 6.370616 6.251999 6.150531 6.08362 6.038934 5.968307 5.954301 6.010369 6.137426 6.259803 6.318532 6.328674 6.310205 6.302365 6.31129 6.284103 6.215683 6.142686 6.135408 6.168394 6.200373 6.326945 6.573673 6.824732 7.04088 7.22919 7.402115 7.558972 7.763237 8.017535 8.286343 8.545172 8.803445 9.066407 9.269428 9.344151 9.386508 9.369226 9.30323 9.198282 9.078058 8.972762 8.874076 8.773498 8.676098 8.55703 5.478317 4.303348 3.645936 3.171355 5.100746
6.385992 6.41149 6.444503 6.492437 6.500001 6.490919 6.509811 6.593858 6.674752 6.698501 6.689236 6.657938 6.583242 6.495927 6.425083 6.383353 6.352057 6.305673 6.297897 6.346292 6.425333 6.472162 6.497964 6.519574 6.523433 6.4907 6.442034 6.393025 6.358298 6.342491 6.34622 6.390637 6.526297 6.730744 6.97244 7.193141 7.395745 7.598368 7.80353 8.020017 8.245933 8.491805 8.716978 8.946062 9.156996 9.303209 9.371899 9.393088 9.360753 9.248612 9.06386 8.882314 8.747923 8.635633 8.531403 8.434865 4.655663 3.805233 3.579686 3.388422 3.202974 3.044166
6.384438 6.389322 6.414623 6.509195 6.557908 6.55993 6.595509 6.709486 6.812466 6.87843 6.925017 6.92253 6.886266 6.82968 6.791829 6.755055 6.716707 6.674738 6.652829 6.653726 6.675723 6.695251 6.724932 6.761115 6.768037 6.727266 6.673821 6.645531 6.618716 6.58061 6.570884 6.621367 6.719808 6.906876 7.147169 7.369908 7.579121 7.800739 8.033532 8.249347 8.466166 8.68182 8.878356 9.082713 9.257448 9.36051 9.417868 9.428179 9.380564 9.202772 8.975148 8.746275 8.556504 8.408044 7.966819 3.918078 3.96135 3.86944 3.686023 3.466116 3.30533 3.235022
6.514403 6.536899 6.583813 6.667456 6.717867 6.745493 6.805334 6.895872 7.005347 7.100858 7.170547 7.206317 7.208119 7.184227 7.143218 7.106612 7.06824 7.027093 7.006001 6.980731 6.976281 6.983243 7.006081 7.029522 7.034161 7.011419 6.973357 6.942524 6.905603 6.862812 6.846599 6.874546 6.9424 7.104296 7.31914 7.535409 7.74893 7.982321 8.226926 8.448639 8.659225 8.859507 9.0438 9.210678 9.340086 9.427173 9.477059 9.48823 9.412039 9.206845 8.956275 8.688383 8.442058 8.229661 4.383193 4.653751 4.463238 4.22468 4.005401 3.85328 3.759906 3.77092
