py_wake/examples/data/AJ_ParqueFicticio/Ridge area   Sector 6   Height 200m   Orographic turn.grd
DSAA
90  129
 262878   265103
 6504214   6507414
-38.26102   10.82532
[rows 78 to 103 of 129, columns 0 to 59 of 90]
-15.23845 -15.60519 -15.35942 -14.6099 -13.67774 -12.7381 -11.72853 -10.45365 -9.373591 -8.785407 -8.392859 -7.874288 -7.56451 -7.270881 -6.852479 -6.209976 -5.644133 -5.408613 -5.253011 -5.040762 -4.753355 -4.615842 -4.628166 -4.718628 -4.861593 -5.043344 -5.179152 -5.30379 -5.378227 -5.44964 -5.520411 -5.640799 -5.838463 -6.190081 -6.591143 -6.978163 -7.339322 -7.6512 -7.928722 -8.129928 -8.337329 -8.536866 -8.762177 -9.03914 -9.285241 -9.30886 -9.400108 -9.421622 -9.297877 -9.069641 -8.81602 -8.56267 -8.258522 -7.917215 -7.560896 -7.164225 -6.667566 -6.132467 -5.590202 -5.069185
-15.24611 -15.6672 -15.39868 -14.01523 -12.63806 -11.66426 -10.60759 -9.127757 -8.040164 -7.280489 -6.629463 -6.182255 -5.785208 -5.3561 -4.726675 -4.202468 -3.838145 -3.681486 -3.659546 -3.654768 -3.600529 -3.615741 -3.699968 -3.854192 -4.100514 -4.410965 -4.67301 -4.873594 -5.051926 -5.225869 -5.35914 -5.483991 -5.672117 -5.970221 -6.27779 -6.566759 -6.82762 -7.086302 -7.334044 -7.543692 -7.78895 -8.042723 -8.327764 -8.603174 -8.853229 -9.007607 -9.184718 -9.276063 -9.253544 -9.138962 -8.933757 -8.761222 -8.58843 -8.382954 -8.130944 -7.821287 -7.439852 -6.98533 -6.467477 -5.931134
-13.14399 -13.28818 -12.73069 -11.46596 -10.25409 -9.200164 -8.043231 -6.88296 -5.874285 -5.077242 -4.52135 -4.095938 -3.632174 -3.114357 -2.577878 -2.19747 -1.994238 -1.948883 -2.035528 -2.149937 -2.159982 -2.252879 -2.437849 -2.757658 -3.151481 -3.562552 -3.942212 -4.305267 -4.630522 -4.872081 -5.04594 -5.189926 -5.344083 -5.555928 -5.767079 -5.96904 -6.154924 -6.388586 -6.639966 -6.874921 -7.148195 -7.480361 -7.814162 -8.099534 -8.385514 -8.656227 -8.906309 -9.057195 -9.167726 -9.028198 -8.881926 -8.783674 -8.719678 -8.678304 -8.600443 -8.457374 -8.216543 -7.861231 -7.433038 -6.945912
-9.809752 -9.363842 -8.625057 -7.743304 -6.74249 -5.714997 -4.795576 -3.882726 -3.062375 -2.479236 -2.06024 -1.686051 -1.419562 -1.179893 -.7952812 -.4167315 -.2207863 -.2925955 -.5033722 -.7026418 -.7042723 -.8130519 -1.102135 -1.561521 -2.107052 -2.6557 -3.157671 -3.639965 -4.065769 -4.367224 -4.581192 -4.726733 -4.859064 -5.025139 -5.149282 -5.267734 -5.420099 -5.652921 -5.906694 -6.127853 -6.420879 -6.802824 -7.169558 -7.49016 -7.871946 -8.234019 -8.555243 -8.769671 -9.004346 -8.818194 -8.744178 -8.683801 -8.69777 -8.822235 -8.933996 -8.982999 -8.940933 -8.777472 -8.505053 -8.137888
-6.22028 -5.661647 -4.990607 -4.217559 -3.355116 -2.583379 -1.820194 -1.107352 -.6407745 -.2955315 .005588432 .2046048 .314662 .5808873 .9692246 1.130392 1.14582 .9772938 .7134171 .527624 .5006957 .28823 -.06181453 -.5868924 -1.208434 -1.831791 -2.406323 -2.976629 -3.497019 -3.861896 -4.124753 -4.291447 -4.379257 -4.459059 -4.49941 -4.534124 -4.645756 -4.846985 -5.099272 -5.29765 -5.622278 -6.09474 -6.544845 -6.903357 -7.347592 -7.758568 -8.127334 -8.390147 -8.6328 -8.491034 -8.513606 -8.494755 -8.587214 -8.802272 -9.071492 -9.348945 -9.592724 -9.714595 -9.66142 -9.4373
-3.370602 -2.833904 -2.228014 -1.594329 -.9881616 -.37552 .1909737 .6580995 1.019963 1.310186 1.554146 1.709971 1.711514 1.712718 1.868983 1.979286 2.007829 1.872346 1.572861 1.224541 1.117841 .9223011 .6306117 .1580299 -.4903234 -1.191381 -1.820409 -2.437333 -3.028875 -3.446165 -3.762822 -3.937707 -3.960946 -3.940095 -3.901354 -3.852854 -3.921859 -4.118445 -4.377801 -4.59817 -4.983887 -5.517301 -5.983494 -6.351173 -6.819741 -7.260383 -7.660299 -7.988826 -8.145873 -8.10498 -8.161252 -8.141783 -8.268822 -8.493592 -8.866926 -9.323738 -9.849284 -10.27118 -10.49524 -10.52986
-1.186204 -.7579257 -.3129145 .1182394 .5661714 1.04548 1.470344 1.845702 2.155023 2.365653 2.553133 2.677991 2.614413 2.460518 2.429298 2.438266 2.435251 2.311247 1.994892 1.58851 1.387197 1.212217 .9757525 .5774935 -.02476571 -.7480175 -1.421625 -2.060983 -2.673569 -3.093392 -3.403777 -3.549171 -3.52788 -3.431562 -3.34338 -3.273877 -3.32297 -3.566232 -3.827342 -4.065803 -4.460572 -5.005183 -5.477411 -5.878878 -6.35768 -6.815777 -7.22727 -7.625804 -7.751948 -7.792213 -7.806175 -7.709212 -7.761687 -7.910548 -8.297205 -8.820497 -9.564323 -10.26238 -10.81949 -11.21873
.565758 .8282622 1.09984 1.376802 1.67431 2.032179 2.388092 2.697019 2.899089 3.012519 3.125287 3.136339 2.959762 2.684704 2.498131 2.39118 2.300649 2.112742 1.800836 1.437086 1.217442 1.071942 .8826885 .5545948 .06492792 -.5702128 -1.200443 -1.796543 -2.334045 -2.675356 -2.954717 -3.091439 -3.051007 -2.933784 -2.819439 -2.77019 -2.869126 -3.159644 -3.411041 -3.652393 -4.026279 -4.542168 -5.028616 -5.46319 -5.927597 -6.404211 -6.881246 -7.301439 -7.452217 -7.526447 -7.48158 -7.339449 -7.315688 -7.355429 -7.668028 -8.137836 -8.960635 -9.839192 -10.69351 -11.41019
1.839876 1.978243 2.14356 2.299914 2.474934 2.758529 3.050375 3.247763 3.262051 3.15344 3.066087 2.929068 2.706931 2.423362 2.190834 1.967235 1.753658 1.499386 1.18997 .8955733 .726103 .6282108 .5025714 .2572827 -.07838518 -.5487318 -1.057102 -1.548014 -1.97614 -2.231812 -2.429445 -2.571974 -2.580654 -2.495966 -2.405216 -2.402838 -2.575485 -2.900053 -3.140264 -3.377407 -3.71915 -4.188705 -4.702981 -5.242044 -5.805981 -6.397114 -6.906573 -7.243527 -7.353109 -7.405771 -7.291332 -7.120159 -7.033964 -6.992433 -7.183003 -7.511809 -8.272844 -9.225102 -10.2882 -11.23036
2.772673 2.793529 2.828233 2.843493 2.858273 2.959224 3.071794 3.133753 3.051777 2.817505 2.583533 2.33915 2.067321 1.756369 1.491896 1.218255 .923448 .5963448 .2964895 .06811629 -.03797516 -.05550009 -.08409122 -.2293538 -.3913892 -.6592218 -.9927082 -1.314844 -1.575594 -1.75696 -1.951008 -2.111355 -2.192187 -2.188448 -2.126416 -2.164806 -2.400591 -2.749436 -2.991463 -3.232171 -3.55296 -4.035374 -4.628569 -5.277988 -5.930022 -6.528657 -6.985167 -7.281462 -7.395357 -7.42814 -7.283492 -7.126949 -6.972908 -6.828217 -6.825354 -6.951466 -7.54919 -8.396213 -9.433904 -10.39759
3.293035 3.188764 3.07485 2.960944 2.858011 2.808117 2.765341 2.667543 2.457276 2.118614 1.756674 1.395972 1.059842 .7286827 .4255894 .1076158 -.2106441 -.5536394 -.8024268 -.9272623 -.9270288 -.839724 -.7319848 -.746238 -.7410337 -.8050196 -.9397376 -1.11073 -1.275782 -1.425406 -1.609343 -1.771534 -1.918796 -1.951278 -1.92468 -2.014709 -2.316715 -2.691928 -2.964688 -3.195577 -3.47711 -3.969678 -4.590609 -5.27072 -5.939471 -6.558487 -7.060329 -7.429595 -7.660119 -7.716272 -7.542538 -7.359545 -7.096573 -6.813076 -6.596962 -6.523727 -6.896123 -7.531282 -8.38996 -9.238946
3.498409 3.276418 3.006167 2.770624 2.582303 2.389709 2.15974 1.864967 1.499833 1.029664 .5585229 .1264449 -.2593664 -.6282675 -.9846961 -1.330191 -1.642546 -1.898005 -2.009098 -1.973132 -1.83126 -1.621361 -1.365074 -1.225174 -1.073905 -.9762585 -.9294978 -.9581774 -1.024717 -1.118399 -1.290112 -1.486772 -1.714608 -1.768337 -1.779727 -1.934321 -2.306859 -2.719726 -3.041314 -3.266396 -3.509336 -3.97755 -4.627254 -5.369744 -6.142979 -6.876462 -7.466821 -7.880956 -8.09479 -8.145167 -7.949198 -7.673281 -7.292195 -6.881644 -6.483591 -6.240798 -6.384415 -6.817028 -7.453475 -8.141821
3.463104 3.125062 2.696853 2.327417 2.019033 1.675168 1.279107 .805144 .3068672 -.2462256 -.7867963 -1.287823 -1.741373 -2.142983 -2.514068 -2.794647 -3.006464 -3.156283 -3.153001 -3.007161 -2.776435 -2.465096 -2.063229 -1.752972 -1.430636 -1.153425 -.9321821 -.8238091 -.7843911 -.8202967 -.9620419 -1.17797 -1.478554 -1.583645 -1.667577 -1.896966 -2.343898 -2.821058 -3.200192 -3.457483 -3.687518 -4.252368 -5.009398 -5.790277 -6.558374 -7.303774 -7.925128 -8.349006 -8.574591 -8.592597 -8.406894 -8.069076 -7.59543 -7.110764 -6.627702 -6.326498 -6.329628 -6.540545 -6.923135 -7.430991
3.131264 2.694821 2.127971 1.612532 1.184012 .7133579 .2057025 -.3490218 -.9108405 -1.489752 -2.02523 -2.507605 -2.963771 -3.358674 -3.693735 -3.840051 -3.920054 -3.977084 -3.895269 -3.689964 -3.445484 -3.07306 -2.608385 -2.157922 -1.679367 -1.241939 -.8860971 -.6936881 -.5716085 -.5665488 -.7081946 -.9442256 -1.297835 -1.496403 -1.688133 -2.013974 -2.536822 -3.11705 -3.626599 -3.975391 -4.288004 -4.800724 -5.482005 -6.243973 -7.030363 -7.815912 -8.475511 -8.938526 -9.206078 -9.182357 -8.975602 -8.619385 -8.139782 -7.643664 -7.159817 -6.818329 -6.704042 -6.777741 -7.002861 -7.355857
2.39079 1.816042 1.114935 .461071 -.07400534 -.5665876 -1.08531 -1.643563 -2.168848 -2.643351 -3.060151 -3.41213 -3.680533 -3.898067 -4.103504 -4.152738 -4.135139 -4.084802 -3.927535 -3.707792 -3.442804 -3.05419 -2.597886 -2.110543 -1.619451 -1.157678 -.7679644 -.5423069 -.4141176 -.432832 -.6248889 -.8843527 -1.262035 -1.570304 -1.926773 -2.420798 -3.028968 -3.692054 -4.297476 -4.705423 -5.028522 -5.498838 -6.169622 -6.928732 -7.706441 -8.475642 -9.108899 -9.542057 -9.779552 -9.803236 -9.682985 -9.444468 -9.026854 -8.517878 -8.001637 -7.621389 -7.429667 -7.419718 -7.548353 -7.734346
1.28537 .5841698 -.2240541 -.9273826 -1.519664 -2.027436 -2.499275 -2.945222 -3.333191 -3.587244 -3.752827 -3.870516 -3.916997 -3.964934 -4.013696 -3.969768 -3.874969 -3.713336 -3.465518 -3.177188 -2.868338 -2.513219 -2.105614 -1.683771 -1.262604 -.8796082 -.5841582 -.3925937 -.2815426 -.360914 -.626936 -.9430888 -1.355852 -1.739993 -2.230712 -2.870897 -3.563738 -4.312595 -4.988061 -5.467626 -5.889439 -6.385495 -7.032756 -7.760064 -8.487391 -9.233292 -9.853043 -10.25482 -10.47698 -10.56207 -10.49942 -10.32169 -9.938374 -9.418332 -8.900071 -8.505455 -8.29693 -8.189919 -8.148101 -8.128416
.06971552 -.7421184 -1.520387 -2.164338 -2.690578 -3.165964 -3.62865 -3.967394 -4.090873 -4.108773 -4.061554 -3.95137 -3.808785 -3.706496 -3.595746 -3.423961 -3.205278 -2.951308 -2.643705 -2.314377 -2.012582 -1.767627 -1.50067 -1.18644 -.8936698 -.6251936 -.4268831 -.2797509 -.1957765 -.3312146 -.6444394 -1.011384 -1.46258 -1.949993 -2.592085 -3.36849 -4.18308 -5.024603 -5.765551 -6.316966 -6.766224 -7.299639 -7.923288 -8.605289 -9.294978 -9.99506 -10.57524 -10.99925 -11.25399 -11.36861 -11.31223 -11.17862 -10.82734 -10.29228 -9.79597 -9.428237 -9.173817 -8.956445 -8.78252 -8.645443
-1.034921 -1.825379 -2.515293 -3.023959 -3.427422 -3.776341 -3.995764 -4.14358 -4.097716 -3.954707 -3.788253 -3.533166 -3.27393 -3.051057 -2.804561 -2.529886 -2.25491 -1.98351 -1.684378 -1.39277 -1.169324 -1.02894 -.8938025 -.7168177 -.562269 -.4406963 -.3494578 -.2532776 -.230192 -.3975755 -.7206922 -1.150016 -1.694798 -2.265643 -2.992481 -3.830825 -4.721794 -5.61057 -6.392611 -7.019251 -7.552258 -8.107078 -8.712497 -9.382118 -10.08096 -10.78253 -11.37559 -11.81143 -12.0538 -12.15164 -12.09061 -11.92913 -11.56657 -11.09155 -10.6254 -10.26382 -9.978574 -9.686047 -9.427038 -9.218465
-1.976981 -2.625983 -3.171953 -3.504114 -3.708945 -3.76475 -3.710062 -3.67776 -3.495847 -3.242535 -2.964063 -2.628309 -2.287955 -1.98808 -1.709742 -1.418993 -1.130462 -.8750946 -.6318452 -.4295968 -.323751 -.3063212 -.2913898 -.2252835 -.2261665 -.3171289 -.3708211 -.342557 -.4127311 -.6030132 -.9055642 -1.340515 -1.920022 -2.557665 -3.353677 -4.24906 -5.215909 -6.168676 -7.017696 -7.70512 -8.288576 -8.878523 -9.502092 -10.18502 -10.90307 -11.63344 -12.23207 -12.63721 -12.84445 -12.91839 -12.85898 -12.65723 -12.27751 -11.78611 -11.34733 -10.97512 -10.69144 -10.40966 -10.18634 -10.0086
-2.591916 -3.061991 -3.398558 -3.546972 -3.537863 -3.368239 -3.124113 -2.912251 -2.590079 -2.225386 -1.859258 -1.492708 -1.144974 -.8487506 -.5699837 -.2725416 .01812365 .2328024 .3965391 .5021279 .5172465 .4232061 .2722408 .20754 .04957949 -.2659166 -.4806463 -.5761759 -.7378516 -.939041 -1.210738 -1.640882 -2.216142 -2.904387 -3.754527 -4.708383 -5.751414 -6.768912 -7.650051 -8.370224 -9.011127 -9.677392 -10.34111 -11.04024 -11.80587 -12.57352 -13.18869 -13.57513 -13.76186 -13.75911 -13.57992 -13.28418 -12.91207 -12.41397 -11.99945 -11.6436 -11.38681 -11.1715 -10.99819 -10.80853
-2.576231 -2.945507 -3.153675 -3.194749 -3.056867 -2.739865 -2.357944 -1.983665 -1.555529 -1.119795 -.7095955 -.3312286 .008368255 .3151409 .586385 .843596 1.092477 1.267088 1.381548 1.404856 1.277109 1.007247 .6611449 .4312157 .1160235 -.3524219 -.7200683 -.9715095 -1.249838 -1.473749 -1.693062 -2.060533 -2.586281 -3.275945 -4.149674 -5.1623 -6.274366 -7.348694 -8.271978 -9.058268 -9.721704 -10.39769 -11.06629 -11.78411 -12.57873 -13.42708 -14.10249 -14.48778 -14.63988 -14.53112 -14.25287 -13.88832 -13.4845 -12.9872 -12.56406 -12.24131 -12.03284 -11.87439 -11.73188 -11.46238
-2.001541 -2.276255 -2.404678 -2.403836 -2.211051 -1.839781 -1.393996 -.9405178 -.4782223 -.03710209 .3683769 .7260501 1.01766 1.280949 1.513551 1.734169 1.91406 2.010885 2.06508 2.006325 1.767195 1.334771 .8316123 .4111875 -.07424479 -.6731317 -1.196247 -1.596119 -1.947069 -2.157659 -2.296408 -2.561682 -3.005673 -3.658578 -4.533033 -5.586073 -6.755659 -7.882795 -8.858212 -9.653074 -10.3021 -10.93181 -11.57917 -12.27794 -13.05985 -13.92765 -14.68302 -15.13503 -15.28036 -15.17564 -14.88018 -14.47961 -13.96923 -13.48173 -13.07195 -12.78193 -12.60366 -12.45695 -12.28747 -11.97643
1.70141E+38 1.70141E+38 1.70141E+38 1.70141E+38 1.70141E+38 1.70141E+38 1.70141E+38 1.70141E+38 1.70141E+38 1.70141E+38 1.70141E+38 1.70141E+38 1.70141E+38 1.70141E+38 1.70141E+38 1.70141E+38 1.70141E+38 1.70141E+38 1.70141E+38 1.70141E+38 1.70141E+38 1.70141E+38 1.70141E+38 1.70141E+38 1.70141E+38 1.70141E+38 1.70141E+38 1.70141E+38 1.70141E+38 1.70141E+38 1.70141E+38 1.70141E+38 1.70141E+38 1.70141E+38 1.70141E+38 1.70141E+38 1.70141E+38 1.70141E+38 1.70141E+38 1.70141E+38 1.70141E+38 1.70141E+38 1.70141E+38 1.70141E+38 1.70141E+38 1.70141E+38 1.70141E+38 1.70141E+38 1.70141E+38 1.70141E+38 1.70141E+38 1.70141E+38 1.70141E+38 1.70141E+38 1.70141E+38 1.70141E+38 1.70141E+38 1.70141E+38 1.70141E+38 1.70141E+38
1.70141E+38 1.70141E+38 1.70141E+38 1.70141E+38 1.70141E+38 1.70141E+38 1.70141E+38 1.70141E+38 1.70141E+38 1.70141E+38 1.70141E+38 1.70141E+38 1.70141E+38 1.70141E+38 1.70141E+38 1.70141E+38 1.70141E+38 1.70141E+38 1.70141E+38 1.70141E+38 1.70141E+38 1.70141E+38 1.70141E+38 1.70141E+38 1.70141E+38 1.70141E+38 1.70141E+38 1.70141E+38 1.70141E+38 1.70141E+38 1.70141E+38 1.70141E+38 1.70141E+38 1.70141E+38 1.70141E+38 1.70141E+38 1.70141E+38 1.70141E+38 1.70141E+38 1.70141E+38 1.70141E+38 1.70141E+38 1.70141E+38 1.70141E+38 1.70141E+38 1.70141E+38 1.70141E+38 1.70141E+38 1.70141E+38 1.70141E+38 1.70141E+38 1.70141E+38 1.70141E+38 1.70141E+38 1.70141E+38 1.70141E+38 1.70141E+38 1.70141E+38 1.70141E+38 1.70141E+38
1.70141E+38 1.70141E+38 1.70141E+38 1.70141E+38 1.70141E+38 1.70141E+38 1.70141E+38 1.70141E+38 1.70141E+38 1.70141E+38 1.70141E+38 1.70141E+38 1.70141E+38 1.70141E+38 1.70141E+38 1.70141E+38 1.70141E+38 1.70141E+38 1.70141E+38 1.70141E+38 1.70141E+38 1.70141E+38 1.70141E+38 1.70141E+38 1.70141E+38 1.70141E+38 1.70141E+38 1.70141E+38 1.70141E+38 1.70141E+38 1.70141E+38 1.70141E+38 1.70141E+38 1.70141E+38 1.70141E+38 1.70141E+38 1.70141E+38 1.70141E+38 1.70141E+38 1.70141E+38 1.70141E+38 1.70141E+38 1.70141E+38 1.70141E+38 1.70141E+38 1.70141E+38 1.70141E+38 1.70141E+38 1.70141E+38 1.70141E+38 1.70141E+38 1.70141E+38 1.70141E+38 1.70141E+38 1.70141E+38 1.70141E+38 1.70141E+38 1.70141E+38 1.70141E+38 1.70141E+38
1.70141E+38 1.70141E+38 1.70141E+38 1.70141E+38 1.70141E+38 1.70141E+38 1.70141E+38 1.70141E+38 1.70141E+38 1.70141E+38 1.70141E+38 1.70141E+38 1.70141E+38 1.70141E+38 1.70141E+38 1.70141E+38 1.70141E+38 1.70141E+38 1.70141E+38 1.70141E+38 1.70141E+38 1.70141E+38 1.70141E+38 1.70141E+38 1.70141E+38 1.70141E+38 1.70141E+38 1.70141E+38 1.70141E+38 1.70141E+38 1.70141E+38 1.70141E+38 1.70141E+38 1.70141E+38 1.70141E+38 1.70141E+38 1.70141E+38 1.70141E+38 1.70141E+38 1.70141E+38 1.70141E+38 1.70141E+38 1.70141E+38 1.70141E+38 1.70141E+38 1.70141E+38 1.70141E+38 1.70141E+38 1.70141E+38 1.70141E+38 1.70141E+38 1.70141E+38 1.70141E+38 1.70141E+38 1.70141E+38 1.70141E+38 1.70141E+38 1.70141E+38 1.70141E+38 1.70141E+38
