py_wake/examples/data/AJ_ParqueFicticio/Ridge area   Sector 12   Height 200m   Power density.grd
DSAA
90  129
 262878   265103
 6504214   6507414
 .02268139   298.0662
[rows 27 to 53 of 129, columns 0 to 61 of 90]
82.26357 83.80811 84.96471 85.467 84.67954 81.94759 77.90327 72.55589 67.76233 65.11432 62.11914 59.15269 56.77108 55.54441 55.61236 56.64351 57.90955 58.6595 58.37553 57.25669 57.1417 58.0198 60.15793 63.94633 68.79041 74.72355 80.95867 88.18418 96.39281 104.0788 112.0171 120.1593 127.797 136.2897 142.2531 148.7147 154.7681 160.184 166.4698 169.5282 167.8944 164.1649 157.0184 148.5511 138.2096 126.86 115.258 101.6419 86.75513 71.519 53.79121 36.67869 22.80611 13.08296 6.563522 2.875167 1.468705 .9432483 .6829149 .5308552 .4906553 .5531287
78.35342 79.69838 81.30107 82.21574 82.20672 80.68 78.28255 74.34908 69.68085 67.4301 64.72686 62.11343 59.57698 57.5868 56.35494 55.8408 55.4815 54.63388 53.13384 51.08945 50.39329 50.81599 52.53407 55.83339 59.62269 63.56027 68.04014 72.94633 78.97282 85.62845 91.96099 98.9981 106.6382 114.9114 122.1056 129.4859 137.103 144.0863 152.3828 158.818 161.165 160.9341 157.2291 149.2079 138.5062 125.8896 113.7164 99.86452 84.48669 68.57827 50.56713 33.3971 20.40771 11.40151 3.005118 2.117248 1.289651 1.043419 .4327054 .3396572 .3428733 .4316505
73.90378 75.27764 76.75372 77.57057 77.84126 77.24212 76.27228 74.39407 71.55766 69.69036 67.59369 64.80373 62.32876 60.33387 58.44268 56.61916 54.6046 52.24631 49.59708 47.33326 46.46463 46.99546 48.15911 50.59532 52.89801 54.66847 57.44172 60.58135 64.89093 69.97313 74.92344 80.41515 86.67349 94.56239 102.6108 110.0144 118.5151 127.023 136.5694 146.4045 152.801 156.9192 157.1745 151.4641 140.2975 126.8035 113.0419 98.51015 82.17355 65.51772 47.07125 30.01679 18.06575 5.23458 2.10607 2.114613 1.164264 1.038003 .26148 .2086661 .2349982 .3362299
68.26949 69.52866 70.68134 71.17335 71.31639 70.94892 70.70964 70.48551 69.57501 69.45544 68.36787 66.27518 64.27675 62.68484 61.03604 58.5163 55.32249 52.07054 48.93805 47.03673 47.09479 47.55141 48.18493 49.76511 50.42292 50.25838 51.34384 53.65293 56.38614 59.57924 63.15728 66.84545 70.72428 77.27608 85.22807 92.91256 101.0516 110.4525 121.3861 133.0339 143.1189 151.796 156.8185 154.0932 144.9121 130.768 114.0316 97.88893 80.26657 62.46812 43.69891 27.30131 8.89004 4.050216 1.925677 1.863569 1.198858 1.085339 .144996 .1191129 .1552249 .2595165
61.11949 61.89521 62.28757 62.11977 61.63763 61.26248 60.99419 61.01778 61.78515 64.10176 64.85428 64.79004 64.31638 63.50431 61.86958 59.28378 56.3339 53.57792 51.68839 51.36701 52.31329 53.08442 53.74876 54.34653 53.91233 52.66528 52.57088 53.18652 53.86656 55.08438 57.04514 59.32853 62.28128 67.14474 73.13574 79.77556 87.24243 96.39293 107.3689 120.1595 132.6064 144.2775 152.466 153.4249 146.4098 134.0206 116.3779 97.82619 79.20073 60.78317 42.28132 13.70295 7.094536 3.685471 3.599734 1.830635 1.361102 1.281584 .06740563 .06080436 .09703354 .1965019
53.4377 53.61119 53.39674 52.40925 51.2009 50.23916 50.69478 52.00386 54.12848 56.86935 59.00774 60.62668 61.61267 61.52713 60.42924 58.61784 56.79408 56.19233 57.16022 58.68643 60.3465 61.64445 62.13465 61.79776 60.53753 58.87301 57.59264 56.73242 55.61627 54.57255 55.00044 56.31445 58.25204 61.18284 64.94373 69.99708 76.2085 84.317 94.95248 107.9384 121.8172 135.5253 145.1937 148.772 144.7939 134.4555 118.3405 98.54777 79.15252 60.24231 41.81353 12.19536 8.637708 8.772034 3.688928 1.908378 1.569983 1.553551 1.435472 .03168939 .06080277 .1543434
47.20961 46.67093 45.87828 44.55261 43.79938 43.62 43.96249 45.05576 47.00312 49.95393 53.11879 55.86321 57.64774 58.13474 57.6731 56.79607 57.10186 59.60789 63.73897 67.36703 69.69962 71.08845 71.08482 70.35403 68.40449 66.17822 64.42268 62.87545 60.37016 58.29059 56.82845 55.90886 56.79916 57.96199 59.92045 63.33571 68.41714 75.3378 84.96539 97.12257 111.8795 127.6239 138.2539 143.4893 141.441 132.4808 118.8873 99.52863 79.57252 60.55618 43.06678 26.13893 16.79989 9.448118 4.423864 2.392844 1.928778 1.913635 1.824667 .02268139 .04109833 .1362706
42.22522 41.44951 40.39886 38.75001 38.04741 37.84988 38.44175 39.68636 41.84143 44.97989 48.58051 51.81598 53.95103 54.7423 55.09666 55.79582 58.60212 64.08517 70.28992 75.47797 78.49226 79.71169 79.99649 79.11709 77.27674 75.0018 73.4593 71.78354 69.542 66.85113 63.72281 61.67629 60.73654 60.08202 60.6824 63.05405 66.10826 71.71485 79.78799 90.83666 105.7224 121.6331 132.3222 138.5115 138.3677 130.6317 119.014 101.7538 82.67182 64.62716 47.11431 31.59779 19.25563 10.85967 5.806992 3.556175 2.630535 2.417009 2.302513 2.057131 1.539594 .1506297
37.7705 36.68941 35.16879 33.25478 32.74263 33.0859 34.11402 35.9997 38.75681 42.22716 45.91157 49.09826 51.48117 53.25021 55.04254 57.67135 62.6774 69.41846 76.06923 81.49946 84.82258 86.98779 88.14577 87.95995 87.03926 86.07671 85.10509 84.48458 83.12492 80.096 76.71676 73.86478 71.50816 69.47836 69.25659 69.45205 71.35139 75.68495 82.08438 90.952 104.5178 118.7207 128.6295 135.1456 136.8283 130.4082 119.5102 105.1427 87.60526 70.68317 54.24704 37.98431 24.16088 14.38051 8.225635 5.137479 3.726172 3.200814 2.944505 3.002575 3.057329 4.069614
34.33855 32.31802 29.99291 27.66188 27.57765 28.37426 30.05527 32.68813 36.07047 39.94296 43.73259 47.14363 50.4921 53.84603 57.91899 62.95219 69.05407 75.47492 81.61105 86.29984 89.7283 92.79198 94.69945 96.36103 97.62677 98.16032 99.16543 100.4399 100.0406 97.22553 93.96144 90.22615 86.96832 84.0629 82.83659 82.04903 82.44574 84.95212 89.56155 96.64215 107.5053 119.0553 128.1676 134.4999 137.5688 132.3078 121.7083 108.4128 93.77179 78.33755 63.10976 46.77237 31.22695 19.45317 11.69296 7.485338 5.283805 4.378258 4.072781 4.397748 4.95564 6.268517
31.57845 28.1246 25.01419 22.23119 22.44561 23.69836 25.94222 29.01275 32.86061 38.63115 45.90155 51.48655 55.76617 59.05695 63.88315 70.7614 76.82274 82.36236 87.04273 90.93925 94.81829 97.99934 101.03 104.5343 107.6609 110.4051 113.1801 116.5072 118.6187 117.0863 113.6729 109.5364 105.5529 102.2463 99.62515 98.07253 97.21085 97.92988 99.82349 104.5734 113.4675 122.9484 131.0479 136.2248 140.5603 137.1757 126.3229 113.3263 100.1859 86.11864 71.16138 56.03936 39.61003 25.59414 16.1105 10.72967 7.649507 6.150192 5.749256 6.397391 7.532335 4.867474
29.92241 24.24006 20.07944 17.28881 17.63827 19.02619 21.32533 24.52041 31.29322 41.52207 50.78217 58.54393 64.97016 70.40715 75.29245 79.61156 85.74215 90.88863 94.29983 97.66299 101.5392 105.124 108.6452 112.4695 116.8963 121.4454 126.199 131.3427 135.4401 136.4173 134.6512 131.437 127.0748 123.2278 119.336 116.7558 114.5126 113.0819 113.3163 116.5215 123.5266 131.3351 137.8644 142.1296 145.1638 142.4011 132.2491 119.4673 106.3136 93.47 79.31789 64.45617 47.74225 31.99957 20.72544 14.30734 10.4486 8.322422 7.971581 9.070175 4.495299 6.100046
28.37685 21.02268 15.90182 13.37853 13.35257 14.43945 16.61943 20.16126 31.81167 43.11567 53.67025 63.38418 72.7913 81.52658 88.87163 94.49904 98.73927 101.6333 104.657 107.6758 110.5683 113.3079 116.9525 121.4575 126.4739 132.4449 138.5691 144.6845 150.2591 154.1339 154.6328 153.201 150.255 146.2742 142.5479 138.4445 134.9998 132.1745 130.8418 132.4778 137.3846 143.0524 147.0863 149.5987 150.6107 146.9167 137.6191 126.1072 113.9257 100.7801 87.74411 72.84288 55.08775 37.82489 25.10246 17.55454 13.04155 10.88782 10.74998 12.26233 5.919203 7.32474
27.30917 18.60935 12.83091 10.23619 9.598005 10.20174 12.01472 18.93826 31.08315 42.83169 54.39264 66.51017 78.97547 90.84879 101.1707 109.4316 114.8734 118.6991 121.4116 122.9302 124.8124 127.72 132.2278 138.0981 144.1185 148.4351 151.133 157.773 165.1146 170.2772 174.0481 174.929 174.3069 171.0572 167.6013 162.9527 157.624 153.4411 150.7711 150.9186 153.1839 156.1438 157.7351 158.7247 158.6663 154.2611 144.8129 133.2903 121.1337 108.0687 95.38601 81.73294 62.83547 43.2975 29.43751 21.04932 15.86854 13.63116 13.96246 16.01719 7.459143 8.705195
27.3023 17.1098 10.52813 7.359826 6.282826 6.498708 7.940928 17.92182 29.08197 40.15759 52.15611 66.54055 82.10738 96.41774 109.0128 119.5905 127.4897 132.4689 136.0349 137.9008 138.8912 142.1313 147.7932 155.1227 163.3773 171.3895 177.4945 179.8074 178.1146 183.9198 189.4609 192.5395 194.1335 192.3271 189.5632 186.7867 181.7917 176.0652 171.2497 168.8667 168.9912 171.1173 172.116 170.2382 168.1868 163.5527 154.4003 141.4588 128.4023 115.6945 102.6018 88.53244 70.32916 49.42632 34.15985 24.69408 19.0052 16.6431 17.35537 20.19535 20.83437 16.38077
28.22746 15.90542 8.23796 4.643751 3.528716 3.678466 6.937194 16.69798 25.61849 35.13291 47.43517 63.00296 79.59982 95.18504 109.1621 121.1046 130.9795 138.0877 142.9903 145.7485 148.0661 151.2943 156.1228 164.0112 172.8681 181.3236 189.4108 195.1363 196.719 192.6982 196.0849 201.4098 204.8411 205.4679 204.9132 204.0317 199.9796 193.3552 187.6626 184.7034 184.5063 185.1603 183.4811 180.0162 176.7435 170.6574 161.8246 150.3735 136.5824 122.7924 108.4704 93.32638 75.77728 55.34649 38.86288 28.34675 22.46536 20.03695 21.11418 24.86198 25.64881 26.70712
29.07931 14.41554 6.094499 2.704971 1.753861 1.921879 8.225942 14.34958 20.31696 28.54844 40.55066 56.03202 72.57147 88.24294 102.375 114.6506 125.1907 134.5111 142.2035 147.9105 151.3714 154.3496 158.3115 164.3937 171.6272 179.7006 187.0131 193.6693 197.0956 196.6897 194.1902 201.1767 205.6815 209.2221 212.0796 212.639 211.1242 207.2036 202.5413 199.1905 198.002 196.5634 194.1691 190.1203 185.8888 179.2054 168.926 157.3441 144.2647 129.1216 113.8459 97.25758 79.28313 59.60867 42.76774 31.86319 26.04386 24.09978 25.62079 26.78608 28.29133 31.09955
32.2376 14.11613 4.902086 1.746295 .9585093 5.598386 8.641769 10.70988 14.01908 20.89765 31.91829 46.56168 62.30528 77.79959 92.01753 104.417 114.9383 124.5496 134.2709 142.5273 148.6711 153.1552 157.233 161.5405 166.7676 172.4535 177.587 183.852 189.5158 191.3619 190.3161 194.6726 200.5356 206.2517 210.9218 214.192 215.6195 215.6737 213.8436 211.006 209.2489 207.8531 205.7371 201.6761 197.2171 189.3881 177.0833 163.9968 151.2066 135.6084 118.9816 101.5667 83.12601 63.87719 46.87695 35.27015 29.35349 28.12242 26.95487 27.01154 29.69871 33.87387
38.9278 16.6183 5.201576 3.82284 6.727548 8.36507 7.605531 6.482867 7.675225 12.98783 22.62863 35.95914 50.23736 64.55408 78.06161 90.34516 99.7731 107.9781 117.4584 127.2705 134.7782 141.3044 146.7326 149.7427 153.3223 156.4827 159.9845 164.4824 171.0515 175.4105 174.4423 181.2201 188.1513 195.4023 202.576 208.0117 211.7969 215.436 217.2583 216.9473 217.0654 217.4446 217.3866 214.174 208.8528 200.7589 187.2768 172.0536 156.9849 141.4742 124.0458 106.2579 87.40063 68.1804 50.6734 38.17137 32.25106 27.71272 24.66776 26.27654 30.99755 37.70143
49.13799 21.48629 9.985605 8.903804 9.118103 8.051137 5.230246 2.491755 4.452207 9.765637 17.80243 28.26513 39.28854 50.29721 61.21843 71.08723 78.04628 84.50082 91.43913 99.10457 106.4611 112.2969 117.4324 120.3436 123.1566 126.1687 128.6417 131.319 135.5425 143.3839 151.6583 160.2585 168.727 176.8402 185.8155 193.5156 199.0552 205.2862 210.4329 213.7874 216.455 219.711 222.6205 220.8263 215.5821 207.3134 196.2786 180.5782 163.3938 146.9179 129.2759 111.7505 92.28873 72.55798 54.59725 41.5713 36.20784 25.07811 23.46481 27.44351 34.59875 42.55912
61.17245 30.59571 14.69913 9.391277 6.746245 4.526384 1.904598 1.331921 3.388753 7.305346 13.18315 20.83098 28.84441 37.59096 46.09947 53.5002 59.1338 63.21889 67.45116 71.69242 75.57373 78.81573 81.54696 83.28879 85.39014 88.53114 91.99683 96.1106 103.2843 114.4872 124.6404 133.9932 144.2343 153.5693 163.1956 173.2041 180.8663 189.1419 198.1448 203.8468 209.2993 215.9965 220.5912 221.2843 218.5696 211.5138 201.192 189.0513 171.8132 153.728 135.4907 117.2049 97.88069 77.74268 59.49619 46.69831 38.57602 27.69957 26.63384 31.91017 40.79417 50.32128
74.85509 45.48158 22.03382 9.574712 3.477003 .7371711 .8030753 1.397299 2.825582 5.472321 9.541779 14.98966 20.47084 26.62945 33.39193 39.16228 43.03286 46.21403 49.66977 53.29342 56.1584 58.74441 61.04227 62.3709 63.38773 66.16402 70.03094 74.23332 79.67814 87.33714 97.17934 107.77 118.234 128.9608 139.7778 150.9076 161.3336 171.4825 183.4831 192.7605 201.3454 210.0114 217.479 220.062 219.6972 213.7474 204.6405 194.2462 180.0167 161.0077 141.8127 122.8916 103.7274 82.66824 64.09055 51.77569 42.03242 32.28469 32.58563 38.27003 48.0943 58.92266
89.87181 64.88841 36.57512 15.45422 4.831574 1.934323 1.558561 1.875045 2.748271 4.461259 7.266046 11.0401 14.65656 18.65509 23.76608 27.64365 30.60571 32.65627 35.21235 38.19164 41.00654 43.21191 45.13472 46.59044 47.40364 48.73336 51.70594 55.31962 59.60748 65.82054 73.73513 83.18289 93.21379 104.6525 116.5512 128.1868 140.7398 153.9458 168.0456 181.5638 191.797 203.4785 212.7243 217.3051 218.9509 215.7769 206.8336 196.6542 185.5108 167.9153 147.8285 128.4498 108.4046 87.11631 67.59415 55.42728 46.76398 38.01298 37.91666 44.0592 54.95485 67.99139
104.4179 84.16037 57.1138 30.56888 13.129 5.219372 3.248581 2.84987 3.259339 4.531573 6.832705 9.708486 12.30949 14.77535 17.61068 19.3005 21.01113 22.09104 23.49022 25.87362 28.74211 31.16652 33.1442 35.29988 36.35308 37.0001 39.02466 41.81006 45.37526 50.02879 55.42158 63.00621 72.2295 83.4536 95.01208 106.547 120.2099 135.693 151.9127 168.9637 181.626 195.5201 207.3045 214.9698 218.6796 216.8528 208.8145 198.4025 187.6268 173.4246 153.2883 132.8168 112.2166 90.92893 71.03666 58.96569 51.52253 44.00088 43.89938 50.79971 64.0804 80.88824
118.9952 102.6665 81.082 55.06408 30.42831 14.65444 7.971985 5.625673 5.161906 5.918644 7.832039 10.5047 12.90965 13.8034 13.77404 13.27824 13.26758 13.98939 14.59449 16.10229 18.69409 21.48034 23.98277 26.37911 28.26045 29.39403 30.51177 32.85843 34.86261 37.67963 42.32971 48.22778 56.78513 66.94785 77.0174 87.68347 101.7806 118.3135 136.2042 154.8874 170.9345 186.5886 201.1876 211.8618 218.3784 218.8537 211.4457 200.96 189.819 176.7742 157.8877 136.757 115.7114 94.82765 76.09128 64.01494 57.26244 50.80073 51.78937 60.60015 76.03365 94.7058
133.3508 119.0778 102.7546 81.99089 55.73603 32.2267 17.42482 11.29153 8.783156 8.334876 9.768665 12.74367 15.03886 14.36226 11.70175 9.000524 7.794786 8.146823 8.543838 9.359187 11.41948 14.27464 17.20639 20.20729 22.63736 23.91496 24.74247 26.36601 27.69501 29.39909 33.39327 38.37219 45.98825 55.6142 65.36819 75.6246 89.08078 104.9211 122.1447 141.1057 159.5383 177.1942 194.2656 207.7297 217.9673 222.3725 216.2563 204.4707 192.9781 179.8697 162.3417 140.8637 119.6667 99.10054 81.1143 70.53015 64.89993 59.31408 60.76528 71.18758 88.66246 109.3473
147.9777 134.0329 119.3664 102.0487 80.63567 55.06937 33.00426 21.72167 16.30723 13.72014 14.91906 17.96525 19.45662 16.58759 11.75815 7.23564 5.373213 5.289566 5.35954 5.783223 7.475923 10.16738 13.39381 17.03774 20.08295 21.59483 22.59815 24.60756 25.76504 26.85782 30.82132 35.33747 42.3653 52.1256 62.21403 72.47255 84.32627 97.76221 113.581 132.5231 151.7337 170.7922 188.6943 204.3665 217.862 225.1479 222.332 211.2263 198.4901 184.0731 167.3647 146.9922 126.4404 105.9411 87.61089 77.28425 74.15067 70.85659 73.32816 84.44824 102.607 123.3159
