py_wake/examples/data/AJ_ParqueFicticio/Ridge area   Sector 3   Height 200m   Flow inclination.grd
DSAA
90  129
 262878   265103
 6504214   6507414
-20.26172   19.17503
[rows 54 to 80 of 129, columns 0 to 59 of 90]
-9.455413 -8.652668 -8.016165 -7.633001 -7.710318 -8.200231 -9.246919 -10.49266 -11.79829 -13.08181 -14.01446 -14.42683 -14.44479 -14.55494 -14.85268 -15.21286 -15.27007 -14.74681 -13.90847 -13.3463 -13.91733 -15.18886 -16.13877 -16.70178 -16.92696 -16.98922 -16.96382 -16.81149 -16.7266 -16.65302 -16.41949 -16.13785 -15.79774 -15.37448 -14.98787 -14.60976 -14.16975 -13.70224 -13.18211 -12.55104 -11.7478 -10.6623 -9.35279 -7.906143 -5.911884 -3.644474 -1.423223 .5461994 2.365145 3.997697 5.333707 6.381016 6.778921 6.750478 6.327206 5.417591 4.353135 3.283438 2.147457 1.11652
-9.747211 -8.929629 -8.21273 -7.700948 -7.581425 -8.050905 -9.020214 -10.22118 -11.55978 -12.82473 -13.78323 -14.19845 -14.18622 -14.31093 -14.6671 -15.18316 -15.64004 -15.79953 -15.67366 -15.56968 -15.95592 -16.64429 -17.21877 -17.50555 -17.51399 -17.36706 -17.23281 -17.07854 -16.94731 -16.78645 -16.57699 -16.26807 -15.93154 -15.62436 -15.34434 -15.03152 -14.58461 -14.09972 -13.60009 -12.99549 -12.17677 -11.04551 -9.715219 -8.187245 -6.077557 -4.006088 -1.863241 .09555196 1.844925 3.496933 4.844873 5.825796 6.248396 6.291702 5.992304 5.277197 4.348754 3.461402 2.547114 1.780673
-10.0836 -9.216242 -8.439188 -7.814766 -7.659493 -8.005723 -8.90007 -10.07651 -11.40722 -12.61268 -13.5447 -13.93889 -13.87456 -13.95061 -14.27155 -14.81139 -15.46158 -16.0089 -16.38346 -16.65696 -17.01525 -17.42548 -17.76859 -17.90422 -17.73432 -17.50335 -17.3121 -17.13201 -17.00308 -16.82704 -16.59342 -16.28461 -15.96661 -15.72233 -15.48246 -15.17024 -14.78818 -14.34489 -13.89501 -13.30269 -12.43658 -11.27755 -9.916572 -8.240745 -6.218778 -4.290057 -2.246677 -.3054162 1.347464 2.908189 4.294092 5.260496 5.71736 5.858774 5.688632 5.161742 4.436078 3.767649 3.143153 2.66713
-10.35171 -9.475847 -8.624084 -7.963953 -7.827495 -8.015212 -8.816373 -9.863759 -11.10854 -12.26292 -13.21965 -13.55286 -13.53504 -13.45932 -13.75234 -14.27486 -14.99169 -15.7227 -16.40345 -16.991 -17.33828 -17.59166 -17.84066 -17.94348 -17.79119 -17.50505 -17.26738 -17.0682 -16.94465 -16.7469 -16.50902 -16.22196 -15.94425 -15.68529 -15.39938 -15.09224 -14.74419 -14.39439 -13.98684 -13.39452 -12.47108 -11.28557 -9.853921 -8.112473 -6.327067 -4.478826 -2.544817 -.6562229 .9290672 2.4125 3.727947 4.746144 5.292345 5.533331 5.507048 5.209403 4.747893 4.334539 4.012046 3.865216
-10.60712 -9.683469 -8.807673 -8.152958 -8.005051 -8.115698 -8.770763 -9.674981 -10.82333 -11.86635 -12.709 -13.05027 -13.10588 -13.00112 -13.25657 -13.69839 -14.31256 -15.02116 -15.84639 -16.61341 -17.0391 -17.32246 -17.57525 -17.66923 -17.57287 -17.32261 -17.0818 -16.90514 -16.73815 -16.54567 -16.31263 -16.03177 -15.74227 -15.44845 -15.15773 -14.81423 -14.47483 -14.12559 -13.68642 -13.06154 -12.16217 -10.96754 -9.45571 -7.90558 -6.3186 -4.555849 -2.729465 -.9092546 .6228762 2.098592 3.301195 4.325945 4.973676 5.368665 5.551577 5.516581 5.345562 5.231268 5.23268 5.387473
-10.84434 -9.965949 -9.088647 -8.414474 -8.14039 -8.170948 -8.674505 -9.419642 -10.37024 -11.30162 -12.11157 -12.50307 -12.59615 -12.57627 -12.85045 -13.27955 -13.82464 -14.49468 -15.26606 -16.03008 -16.54038 -16.89733 -17.16422 -17.22345 -17.10328 -16.92175 -16.71484 -16.54567 -16.39602 -16.22339 -15.97895 -15.67945 -15.3192 -14.98866 -14.67002 -14.28802 -13.91673 -13.5268 -12.99608 -12.31134 -11.45179 -10.23347 -8.867393 -7.553072 -6.133799 -4.408802 -2.673292 -.979002 .4818486 1.965614 3.117321 4.074374 4.813056 5.402424 5.82451 6.098112 6.253375 6.454566 6.758678 7.155214
-10.95812 -10.11737 -9.250402 -8.548714 -8.165841 -8.147721 -8.505567 -9.082182 -9.829839 -10.64179 -11.37465 -11.78181 -11.9456 -12.06517 -12.34144 -12.72353 -13.20789 -13.84397 -14.59599 -15.39049 -15.91891 -16.28421 -16.59829 -16.65518 -16.51677 -16.33672 -16.12785 -16.00124 -15.86288 -15.72192 -15.49736 -15.13959 -14.65893 -14.28395 -13.91273 -13.46206 -13.08039 -12.64804 -12.05074 -11.40082 -10.52456 -9.348034 -8.228387 -7.073877 -5.722346 -3.912407 -2.287472 -.8026965 .5358037 1.953479 3.08527 4.018807 4.790412 5.564508 6.270638 6.877281 7.371965 7.857288 8.422439 9.014932
-10.83711 -10.0505 -9.207888 -8.437215 -7.934131 -7.821327 -8.011111 -8.418945 -9.008615 -9.721471 -10.42891 -10.93404 -11.15458 -11.31998 -11.57881 -11.96614 -12.45239 -13.08842 -13.83043 -14.55828 -15.11642 -15.52523 -15.86315 -15.95523 -15.82031 -15.62177 -15.44047 -15.30081 -15.13398 -14.95352 -14.71845 -14.35504 -13.84288 -13.44566 -12.98203 -12.52998 -12.14984 -11.64379 -11.06416 -10.44103 -9.561045 -8.518923 -7.567831 -6.504963 -5.132091 -3.286641 -1.843409 -.5606882 .6021073 1.875375 3.051548 4.037573 4.908114 5.819804 6.790347 7.723421 8.551046 9.280606 10.06624 10.87797
-10.44304 -9.796139 -9.052869 -8.26621 -7.769358 -7.604774 -7.684751 -7.956105 -8.393011 -8.923903 -9.427705 -9.819531 -10.10329 -10.47324 -10.79052 -11.20268 -11.6755 -12.23583 -12.88052 -13.5002 -14.04935 -14.45157 -14.78949 -14.94232 -14.83745 -14.63959 -14.47677 -14.3955 -14.2522 -14.02599 -13.78911 -13.37702 -12.9298 -12.47869 -11.95871 -11.52093 -11.09544 -10.58105 -10.06094 -9.461329 -8.642612 -7.75317 -6.897567 -5.916437 -4.507419 -2.799176 -1.538656 -.4233278 .5911316 1.716255 2.918406 4.079109 5.109898 6.125473 7.26844 8.506543 9.612347 10.54405 11.46433 12.47881
-9.79444 -9.232955 -8.393473 -7.4673 -6.864072 -6.565503 -6.529438 -6.692307 -7.02905 -7.489976 -8.013015 -8.553099 -9.016286 -9.486336 -9.864638 -10.15454 -10.55588 -11.06168 -11.71497 -12.24762 -12.68535 -13.04609 -13.36062 -13.59018 -13.47161 -13.34416 -13.31833 -13.29165 -13.13903 -12.95766 -12.69971 -12.30431 -11.90911 -11.42101 -10.89544 -10.46587 -10.02054 -9.529422 -9.053778 -8.506543 -7.787073 -7.015916 -6.229373 -5.316657 -3.937572 -2.44237 -1.30931 -.319897 .5904798 1.59709 2.761623 4.120264 5.365076 6.478366 7.705504 9.147899 10.51848 11.60696 12.63297 13.75381
-9.015376 -8.487079 -7.638719 -6.783546 -6.237784 -5.927191 -5.822154 -5.88238 -6.106516 -6.464506 -6.904011 -7.38231 -7.880256 -8.371627 -8.744972 -9.019126 -9.450951 -9.942174 -10.50414 -10.81961 -11.15391 -11.5102 -11.89607 -12.07431 -11.95504 -11.98922 -12.08082 -12.04334 -11.92707 -11.78499 -11.51532 -11.14789 -10.76067 -10.26851 -9.758103 -9.309935 -8.850992 -8.399641 -7.999193 -7.557803 -6.965127 -6.300616 -5.611364 -4.804666 -3.609054 -2.264189 -1.205443 -.2811162 .5791844 1.534291 2.643635 4.154704 5.640654 6.88542 8.159422 9.678114 11.36275 12.50945 13.60704 14.73212
-8.217781 -7.714958 -6.924525 -6.101441 -5.545946 -5.203934 -5.00281 -4.932582 -5.030589 -5.296602 -5.66608 -6.107121 -6.652651 -7.208158 -7.667876 -8.001967 -8.39444 -8.817805 -9.265575 -9.507595 -9.829344 -10.17749 -10.51582 -10.63703 -10.63875 -10.73692 -10.84473 -10.79743 -10.71713 -10.57896 -10.31549 -9.969565 -9.547164 -9.073263 -8.589609 -8.129207 -7.675343 -7.300941 -7.02797 -6.722543 -6.269419 -5.725611 -5.153225 -4.457748 -3.492521 -2.272284 -1.213035 -.2897209 .5759437 1.524787 2.625514 4.211064 5.921978 7.320582 8.630337 10.12162 12.11717 13.24877 14.39059 15.46542
-7.53651 -6.998123 -6.315197 -5.552084 -4.976472 -4.570254 -4.24642 -4.029564 -3.990974 -4.164417 -4.488785 -4.935025 -5.562869 -6.218506 -6.794926 -7.157866 -7.51944 -7.867014 -8.253751 -8.506182 -8.765221 -9.040218 -9.310981 -9.446137 -9.491268 -9.557894 -9.631544 -9.58884 -9.524994 -9.421741 -9.200887 -8.845477 -8.415905 -8.000941 -7.550699 -7.071748 -6.643061 -6.384546 -6.243818 -6.059644 -5.801119 -5.422854 -4.94367 -4.352872 -3.598387 -2.53046 -1.370504 -.369635 .5600933 1.545898 2.681788 4.318855 6.206536 7.718859 9.058747 10.5143 12.72133 13.84957 15.04065 16.08187
-6.845397 -6.270065 -5.608422 -4.892177 -4.334257 -3.928436 -3.546602 -3.234651 -3.068977 -3.205409 -3.540034 -4.027305 -4.734865 -5.464041 -6.126447 -6.523905 -6.852699 -7.12253 -7.470523 -7.756412 -7.960491 -8.16789 -8.383787 -8.510458 -8.514891 -8.518925 -8.526798 -8.432072 -8.372453 -8.304521 -8.075576 -7.668106 -7.255394 -6.920598 -6.568148 -6.153755 -5.840803 -5.726671 -5.72812 -5.704734 -5.595953 -5.357658 -4.962466 -4.449572 -3.784001 -2.826736 -1.646746 -.5109262 .5216428 1.588285 2.791498 4.48355 6.487032 8.085846 9.480159 10.92299 13.2398 14.39085 15.62792 16.64311
-6.254148 -5.650316 -4.946848 -4.171224 -3.520142 -3.042587 -2.576081 -2.165998 -1.980034 -2.205246 -2.673846 -3.30691 -4.133597 -4.916425 -5.560204 -5.988743 -6.302809 -6.586096 -6.90073 -7.189344 -7.3613 -7.5334 -7.692604 -7.784982 -7.757238 -7.729423 -7.666378 -7.534178 -7.483682 -7.331339 -7.037765 -6.653772 -6.28381 -6.015507 -5.749015 -5.47387 -5.326183 -5.334907 -5.456816 -5.568485 -5.56893 -5.459818 -5.175596 -4.675057 -4.025474 -3.149427 -2.002697 -.7287055 .473122 1.652021 2.950166 4.723574 6.844709 8.554274 10.03598 11.57782 13.99365 15.18853 16.39525 17.2993
-5.735771 -5.112169 -4.360464 -3.533317 -2.865584 -2.304686 -1.808589 -1.475539 -1.524115 -1.885035 -2.501525 -3.196935 -4.021384 -4.681748 -5.258864 -5.666346 -5.931631 -6.23458 -6.559462 -6.813745 -6.99513 -7.162831 -7.295467 -7.362616 -7.356381 -7.315149 -7.201929 -7.064852 -6.879663 -6.638665 -6.344573 -5.97235 -5.653927 -5.460923 -5.305556 -5.177196 -5.161082 -5.310646 -5.52598 -5.703995 -5.755466 -5.713764 -5.523415 -5.009934 -4.303252 -3.463205 -2.395211 -1.021314 .4119031 1.754431 3.177387 5.05477 7.286779 9.121768 10.70648 12.44023 14.76747 15.9778 17.08554 17.90338
-5.14346 -4.523976 -3.776974 -3.002734 -2.443231 -2.095786 -1.870156 -1.735934 -1.938242 -2.380568 -2.983091 -3.568488 -4.266197 -4.888818 -5.414302 -5.769887 -5.961859 -6.220453 -6.510474 -6.763849 -6.979918 -7.145344 -7.286716 -7.385437 -7.37152 -7.330965 -7.180956 -6.997362 -6.785196 -6.560472 -6.338653 -6.089368 -5.861856 -5.757417 -5.726435 -5.734254 -5.795842 -5.976154 -6.155969 -6.231398 -6.226921 -6.189777 -6.013355 -5.554622 -4.649078 -3.727041 -2.624335 -1.204552 .4281907 2.032805 3.590368 5.555726 7.833926 9.762516 11.42834 13.35356 15.38469 16.61091 17.61201 18.3293
-4.536474 -4.077793 -3.456983 -2.781385 -2.293447 -2.089668 -2.140491 -2.477706 -2.9756 -3.551303 -4.199533 -4.711681 -5.233505 -5.684651 -6.094065 -6.350496 -6.498768 -6.682568 -6.887805 -7.110029 -7.33958 -7.536436 -7.666334 -7.812576 -7.861082 -7.82543 -7.656643 -7.570715 -7.459409 -7.370039 -7.24727 -7.11561 -7.019601 -7.036448 -7.107168 -7.230445 -7.310627 -7.412837 -7.439593 -7.21406 -6.926708 -6.773345 -6.537016 -6.054839 -5.037821 -3.886857 -2.702692 -1.221426 .6112461 2.488408 4.247302 6.296116 8.50801 10.42405 12.13608 14.12832 15.78801 17.00266 17.9116 18.54945
-4.056703 -3.661593 -3.185961 -2.62697 -2.299668 -2.368277 -2.744735 -3.354434 -4.185909 -5.124333 -5.799536 -6.290258 -6.756827 -7.064512 -7.289871 -7.406657 -7.493771 -7.606835 -7.72471 -7.896175 -8.106769 -8.334292 -8.517302 -8.736493 -8.844242 -8.910269 -8.93005 -8.971144 -8.966565 -8.95452 -8.910701 -8.835701 -8.79668 -8.838101 -8.943316 -9.044812 -8.956462 -8.878534 -8.70259 -8.231544 -7.666711 -7.330233 -7.014299 -6.454866 -5.41729 -3.894028 -2.556006 -.9060848 1.078693 3.203409 5.142566 7.16262 9.187829 11.01555 12.78862 14.67973 16.08935 17.29581 18.12391 18.69696
-3.642397 -3.359027 -3.041712 -2.666988 -2.687737 -3.124885 -3.82221 -4.610986 -5.539529 -6.482113 -7.365212 -8.066212 -8.464711 -8.692013 -8.796514 -8.835964 -8.882137 -8.938919 -9.015326 -9.160477 -9.333063 -9.5233 -9.71086 -10.00835 -10.33677 -10.67735 -10.93882 -11.16098 -11.25736 -11.28774 -11.2204 -11.09168 -10.88824 -10.72332 -10.64538 -10.47131 -10.07733 -9.678633 -9.210258 -8.674903 -8.086537 -7.684722 -7.309474 -6.674988 -5.584547 -3.725742 -2.225778 -.4064076 1.661701 3.866884 5.831039 7.758844 9.676726 11.49803 13.33358 15.02312 16.34012 17.47446 18.22768 18.75297
-3.673298 -3.555061 -3.408442 -3.340499 -3.660535 -4.321444 -5.15146 -6.053484 -6.95259 -7.781517 -8.557939 -9.255324 -9.852753 -10.24263 -10.38151 -10.4379 -10.47721 -10.51334 -10.59719 -10.73168 -10.77352 -10.94456 -11.26368 -11.71065 -12.286 -12.99321 -13.71794 -14.31524 -14.64222 -14.64355 -14.41966 -14.00528 -13.1908 -12.43532 -11.8636 -11.29564 -10.63171 -9.987775 -9.35641 -8.813435 -8.29365 -7.838318 -7.370274 -6.642155 -5.452971 -3.367159 -1.735339 .2304361 2.360003 4.54743 6.48455 8.369955 10.25847 12.12776 13.89049 15.35437 16.6331 17.5981 18.25235 18.70433
-4.392186 -4.336892 -4.35047 -4.544159 -5.005258 -5.744038 -6.633817 -7.579048 -8.255124 -8.855657 -9.436392 -10.02549 -10.60076 -11.10791 -11.37411 -11.57447 -11.76833 -11.91313 -12.00905 -12.0846 -12.14024 -12.35937 -12.77605 -13.38361 -14.10933 -15.02935 -16.29791 -17.97226 -19.70406 -18.27922 -17.45689 -16.24283 -14.03494 -12.59313 -11.97827 -11.37653 -10.71724 -10.08218 -9.447705 -8.919047 -8.442364 -7.987621 -7.436096 -6.581691 -5.208964 -2.920655 -1.137049 .9871896 3.198613 5.372286 7.317137 9.207077 11.14759 13.02749 14.55201 15.79029 16.965 17.72004 18.21296 18.54704
-5.519762 -5.587187 -5.773361 -6.059153 -6.568728 -7.264243 -8.080719 -8.886763 -9.247518 -9.606103 -9.978522 -10.43232 -10.93123 -11.48188 -11.83794 -12.1346 -12.44251 -12.7241 -12.8819 -12.96823 -13.09071 -13.36742 -13.7971 -14.39399 -15.07899 -15.91066 -17.10222 -18.78665 -20.26172 -16.96383 -15.43636 -13.37133 -11.16632 -10.42807 -10.81783 -11.10736 -10.76591 -10.21803 -9.61908 -9.072247 -8.579138 -8.083504 -7.419221 -6.426569 -4.809028 -2.383325 -.4395605 1.839517 4.14622 6.370555 8.427815 10.45385 12.45043 14.14662 15.39509 16.44143 17.33693 17.83463 18.12755 18.32456
-6.797611 -7.006855 -7.327589 -7.659618 -8.166162 -8.726748 -9.333776 -9.797721 -9.963877 -10.16595 -10.39637 -10.72647 -11.11952 -11.56037 -11.95102 -12.29964 -12.63415 -12.96653 -13.22116 -13.38949 -13.5629 -13.84107 -14.21137 -14.67058 -15.15572 -15.68782 -16.24384 -16.53089 -14.41846 -13.5892 -12.96835 -11.27657 -9.839499 -9.451923 -10.79686 -11.34039 -10.93942 -10.34639 -9.759933 -9.206993 -8.698595 -8.093874 -7.27635 -6.098978 -4.205894 -1.775517 .3513695 2.760622 5.151259 7.538403 9.914446 12.11278 13.91662 15.31229 16.36113 17.13195 17.65979 17.9293 18.05387 18.0833
-8.113744 -8.462667 -8.904067 -9.180238 -9.543802 -9.950261 -10.39254 -10.57352 -10.59346 -10.69563 -10.8353 -10.98764 -11.26171 -11.58915 -11.91401 -12.23264 -12.48886 -12.84901 -13.16185 -13.41296 -13.6267 -13.89802 -14.22086 -14.55818 -14.94469 -15.31971 -15.44243 -14.78897 -12.98593 -12.03492 -10.63344 -10.54314 -10.8064 -11.54365 -11.86862 -11.57304 -11.004 -10.40522 -9.842514 -9.322854 -8.768518 -7.985594 -6.973395 -5.525961 -3.363917 -1.074408 1.21614 3.708845 6.191896 8.910913 11.52432 13.5968 15.15591 16.35227 17.18392 17.68207 17.8995 17.96544 17.91316 17.78303
-9.31045 -9.687363 -10.15011 -10.28337 -10.48829 -10.80247 -11.1576 -11.23051 -11.18311 -11.1894 -11.19667 -11.23775 -11.40342 -11.55367 -11.74824 -11.99995 -12.20619 -12.53745 -12.82662 -13.10744 -13.39102 -13.67906 -13.9637 -14.21703 -14.50933 -14.79092 -14.88779 -14.65178 -13.92185 -12.22953 -10.52129 -10.8343 -11.5696 -11.85721 -11.78516 -11.39003 -10.89111 -10.39522 -9.888459 -9.37957 -8.669902 -7.713355 -6.446309 -4.669637 -2.378101 -.2510732 2.114082 4.605049 7.203794 10.24757 12.74461 14.74467 16.19764 17.18936 17.80911 18.08288 18.10624 18.0238 17.79939 17.53721
-10.38174 -10.65893 -10.92131 -10.9881 -11.1489 -11.37553 -11.57377 -11.64223 -11.55659 -11.46826 -11.42261 -11.34429 -11.36965 -11.30023 -11.37016 -11.55538 -11.7356 -12.05928 -12.32211 -12.57966 -12.87437 -13.1605 -13.45291 -13.69269 -13.93831 -14.13315 -14.21921 -14.12209 -13.83204 -13.17603 -12.29059 -11.80282 -11.59492 -11.56271 -11.37933 -11.04657 -10.69509 -10.32483 -9.856848 -9.255285 -8.366023 -7.240681 -5.652921 -3.644889 -1.478616 .6263864 2.982125 5.423818 8.226168 11.23894 13.55183 15.53637 16.9227 17.83225 18.33076 18.45753 18.31651 18.08895 17.77127 17.41802
