py_wake/examples/data/AJ_ParqueFicticio/Ridge area   Sector 4   Height 200m   Orographic turn.grd
DSAA
90  129
 262878   265103
 6504214   6507414
-14.11011   50.15718
[rows 27 to 53 of 129, columns 0 to 59 of 90]
15.41817 15.45287 15.30379 15.10632 14.85498 14.50727 14.10162 13.6473 13.11176 12.55993 12.09802 11.71574 11.37589 11.04602 10.70143 10.33838 9.952768 9.551439 9.150776 8.712339 8.187407 7.663709 7.196216 6.743722 6.328919 5.944434 5.606323 5.329118 5.149834 4.978888 4.862195 4.734072 4.591322 4.457482 4.32535 4.172617 3.982332 3.785216 3.487687 3.136657 2.734253 2.131112 1.326056 .4521532 -.2986819 -.8926203 -1.313256 -1.616811 -1.695685 -1.352996 -.8249596 .1044574 1.256941 2.797175 4.55307 6.544552 8.554621 10.82154 13.30169 16.09889
15.80051 15.76839 15.59998 15.40922 15.14994 14.7884 14.38192 13.90436 13.35912 12.82421 12.39692 12.05662 11.78061 11.49306 11.17902 10.81059 10.39698 9.94393 9.468124 8.935874 8.327125 7.730861 7.176002 6.619418 6.104965 5.636612 5.224452 4.908346 4.7219 4.577476 4.489044 4.412868 4.32183 4.261634 4.169305 4.085793 3.987653 3.881137 3.719154 3.499355 3.158038 2.621532 1.826354 .9612179 .2380631 -.3557937 -.7698929 -.9485402 -.9366157 -.5473519 .1319022 1.174817 2.440138 4.054505 5.850117 7.782746 9.855348 12.2885 14.86276 17.69675
16.15592 16.05453 15.86633 15.68278 15.4133 15.04792 14.64422 14.15503 13.60155 13.0572 12.70695 12.4997 12.29416 12.03266 11.73794 11.37879 10.96541 10.48659 9.983837 9.4046 8.739659 8.105848 7.49536 6.855307 6.238179 5.661912 5.13194 4.71125 4.450602 4.304798 4.225243 4.177197 4.148379 4.134392 4.084209 4.048088 4.020398 3.972155 3.900794 3.764027 3.478292 2.97988 2.220179 1.433982 .7800973 .1921356 -.2262667 -.3034822 -.1926558 .2565664 1.110932 2.249098 3.602818 5.228405 7.019728 8.893123 11.0877 13.70293 16.4214 19.24007
16.45794 16.3016 16.09167 15.89009 15.5928 15.23553 14.84907 14.38375 13.84 13.30653 13.08276 12.97784 12.83696 12.5796 12.26292 11.91822 11.52465 11.07371 10.58931 10.00334 9.294208 8.674255 8.062164 7.365557 6.698367 6.067183 5.416057 4.853709 4.471367 4.245442 4.124421 4.072624 4.067864 4.081304 4.072107 4.058085 4.064461 4.040263 3.99387 3.88528 3.627076 3.131171 2.468829 1.847243 1.30448 .8042991 .4091913 .3680839 .5946566 1.123746 2.095505 3.250051 4.599066 6.203011 8.053043 9.954534 12.13039 14.81911 17.816 20.56509
16.72455 16.5315 16.29418 16.07558 15.74569 15.36283 14.96536 14.55062 14.09948 13.73008 13.57872 13.46362 13.29084 13.04174 12.73161 12.38931 12.03914 11.62701 11.11053 10.47497 9.828679 9.242306 8.634195 7.954285 7.3156 6.67754 5.971243 5.305573 4.793087 4.433458 4.205676 4.078702 4.015387 4.010732 4.023984 4.028353 4.039123 4.019193 3.96723 3.856404 3.610576 3.13429 2.651553 2.200345 1.751488 1.413454 1.137357 1.094221 1.401351 1.956455 2.914044 4.04499 5.323777 6.83855 8.784396 10.74374 12.67615 15.07356 18.22924 21.4428
16.90664 16.67372 16.40187 16.14914 15.78464 15.38782 14.99985 14.64993 14.31236 14.10818 13.99643 13.8751 13.66491 13.396 13.1047 12.81844 12.52529 12.07147 11.44537 10.82598 10.27327 9.706229 9.122387 8.532523 7.937102 7.304989 6.607943 5.902163 5.291812 4.79946 4.428728 4.182211 4.028155 3.969278 3.961663 3.965441 3.971763 3.948522 3.88908 3.782132 3.552382 3.132691 2.809249 2.499915 2.119782 1.911141 1.791129 1.783044 2.100795 2.670113 3.546476 4.601047 5.754763 7.141046 9.162421 11.30963 12.98994 15.01674 18.01187 21.64684
16.98609 16.70034 16.38716 16.10392 15.70475 15.29661 14.92461 14.63592 14.40188 14.3039 14.19899 14.05788 13.83217 13.57686 13.34521 13.14438 12.90296 12.35948 11.66491 11.08909 10.58962 10.09328 9.591103 9.066446 8.529606 7.944723 7.256724 6.521653 5.837145 5.223832 4.73244 4.370312 4.118676 3.98962 3.930017 3.901444 3.896066 3.874191 3.822285 3.729387 3.507704 3.146701 2.923391 2.714485 2.406232 2.264291 2.257351 2.312787 2.654947 3.206008 3.910695 4.800936 5.820866 7.140651 9.015906 11.19509 12.96743 14.91006 17.7329 21.42843
16.93786 16.57184 16.20382 15.88915 15.44175 15.0229 14.66899 14.40599 14.22534 14.16582 14.05804 13.90528 13.68949 13.48136 13.33869 13.24539 12.99293 12.40661 11.76864 11.2175 10.79038 10.39597 9.956692 9.510711 9.063554 8.518393 7.84654 7.097717 6.314397 5.619581 5.05467 4.583763 4.236238 4.018822 3.873035 3.786835 3.765622 3.739658 3.709738 3.648749 3.43828 3.153035 2.988238 2.834814 2.577426 2.451205 2.43277 2.590554 2.884775 3.340615 3.924567 4.618666 5.550997 6.794611 8.346555 10.18172 12.32005 14.69006 17.51785 21.36611
16.70432 16.24445 15.82879 15.48214 14.9608 14.51279 14.15069 13.89723 13.73955 13.66592 13.56545 13.43447 13.2449 13.09579 13.02346 12.96192 12.66873 12.16469 11.65749 11.23236 10.87706 10.52942 10.18004 9.822487 9.420743 8.899482 8.272622 7.50662 6.66766 5.928213 5.303403 4.7583 4.340889 4.013284 3.766793 3.602571 3.526856 3.483652 3.476878 3.463368 3.308084 3.10668 2.972598 2.851948 2.609998 2.426284 2.349258 2.515842 2.820905 3.162303 3.58754 4.111899 4.855374 5.921907 7.348639 9.218385 11.47876 14.17087 17.35397 21.42083
16.30404 15.77445 15.30178 14.88942 14.24938 13.73485 13.34272 13.09015 12.94737 12.8664 12.80724 12.71256 12.55229 12.45442 12.41213 12.28799 12.0379 11.68403 11.31449 11.02583 10.75295 10.48826 10.25216 9.937712 9.546093 9.062406 8.445247 7.699384 6.861292 6.097912 5.456989 4.882834 4.404009 3.982043 3.653669 3.404584 3.259583 3.190476 3.20605 3.220798 3.137442 2.999959 2.867032 2.731089 2.497007 2.210775 2.126141 2.249799 2.497265 2.718334 2.976468 3.38617 3.964491 4.900148 6.287652 8.191895 10.69453 13.60071 17.11047 21.57012
15.8231 15.2391 14.68948 14.13949 13.33986 12.72097 12.28445 12.02798 11.90675 11.84646 11.84316 11.77225 11.65498 11.59161 11.53797 11.41847 11.24739 11.00216 10.76566 10.58809 10.37315 10.23781 10.07881 9.818721 9.446816 8.961553 8.374522 7.665731 6.853025 6.134439 5.529837 4.95651 4.422505 3.953759 3.56706 3.264119 3.044806 2.96399 2.987623 3.013049 2.950818 2.806878 2.635114 2.436519 2.226913 1.874128 1.840427 1.865743 2.015048 2.146889 2.339005 2.575348 3.056195 3.932692 5.292625 7.16551 9.741399 12.9939 16.9624 21.62219
15.28513 14.74942 14.11444 13.33515 12.34477 11.59129 11.07302 10.77463 10.65787 10.63542 10.68043 10.64378 10.58261 10.54113 10.53901 10.49379 10.36387 10.17279 10.03308 9.895039 9.760388 9.689386 9.60235 9.381236 9.047667 8.575171 8.02373 7.396348 6.696187 6.054357 5.490301 4.960606 4.417603 3.969509 3.556975 3.224614 2.973063 2.858886 2.844937 2.824053 2.734837 2.533904 2.310503 2.076913 1.856764 1.561324 1.507878 1.486005 1.51706 1.544145 1.692865 1.852198 2.231133 3.09131 4.500522 6.337749 8.935311 12.56311 16.79122 21.45099
14.76108 14.28004 13.61101 12.59881 11.47818 10.58447 9.938135 9.54455 9.363509 9.342956 9.402697 9.426577 9.440598 9.480895 9.526111 9.516344 9.411457 9.297837 9.131085 9.006927 8.939981 8.916529 8.8499 8.624362 8.333728 7.917513 7.443964 6.938485 6.384002 5.833993 5.345337 4.893545 4.399043 4.006724 3.637714 3.293686 3.023166 2.865285 2.795119 2.71472 2.56908 2.319754 2.068719 1.832693 1.588253 1.339275 1.192015 1.065776 1.007318 1.000833 1.081362 1.2451 1.61712 2.471142 3.918838 5.835387 8.517765 12.11119 16.41976 21.21543
14.16409 13.75271 13.11709 12.04972 10.89154 9.879647 9.065331 8.521198 8.222069 8.136282 8.160883 8.220049 8.312027 8.431129 8.507703 8.48593 8.438213 8.334097 8.145083 8.017579 7.955803 7.942495 7.855505 7.634447 7.37597 7.032073 6.690291 6.319883 5.89757 5.462736 5.091757 4.722533 4.342583 4.037428 3.767065 3.446795 3.166737 2.98841 2.872929 2.742374 2.55915 2.270619 1.962794 1.702333 1.414336 1.151991 .9191757 .7131696 .586029 .5536567 .563849 .7039191 1.181046 2.098495 3.514523 5.440774 8.203309 11.83454 15.92816 20.63067
13.34259 13.0261 12.53154 11.69116 10.61588 9.548582 8.58332 7.870836 7.400379 7.176445 7.109213 7.152147 7.27088 7.388631 7.451692 7.448112 7.382425 7.27181 7.084149 6.931183 6.835581 6.74951 6.631244 6.439017 6.247019 6.007895 5.797499 5.544557 5.279119 4.946935 4.730601 4.459062 4.239822 4.068055 3.892642 3.616582 3.364445 3.213081 3.075348 2.905729 2.657187 2.30554 1.938344 1.652346 1.339898 1.029956 .7568631 .5427236 .3128731 .1941386 .1724448 .3375067 .8803563 1.859297 3.252838 5.181607 7.94778 11.5635 15.5386 19.83545
12.16096 11.93708 11.69561 11.24812 10.42339 9.447673 8.471346 7.670889 7.052622 6.656813 6.43579 6.373455 6.408062 6.443979 6.441682 6.385467 6.286722 6.133597 5.95093 5.751309 5.554516 5.4101 5.263953 5.131546 5.010414 4.906519 4.828012 4.727812 4.58274 4.398202 4.325619 4.178564 4.144 4.087101 3.957083 3.781132 3.648845 3.537032 3.365067 3.137269 2.808436 2.467698 2.108264 1.776729 1.394227 1.010219 .7003444 .4443914 .1838816 -.01840745 -.04070296 .1515182 .6772757 1.678732 3.091487 5.022836 7.678848 11.21769 15.06432 18.82834
10.68575 10.41056 10.28221 10.15445 9.80033 9.190806 8.477654 7.801577 7.158975 6.622835 6.216465 5.969988 5.823221 5.696116 5.554264 5.38879 5.218966 5.023266 4.801143 4.540541 4.313397 4.115508 3.933997 3.828322 3.772752 3.776082 3.82127 3.866981 3.85997 3.849279 3.896338 3.9195 4.012715 4.046511 3.989899 3.963276 3.934352 3.835885 3.640976 3.382189 3.08802 2.781916 2.386049 1.978924 1.529481 1.078719 .7176215 .4164069 .1610314 -.07013264 -.1188352 .06715999 .5640962 1.550114 2.949021 4.830879 7.34392 10.59133 14.27433 17.59104
9.006968 8.528918 8.306805 8.279454 8.332389 8.354971 8.243163 7.988541 7.541024 6.980915 6.415832 5.936985 5.527135 5.169742 4.830773 4.503158 4.214175 3.94739 3.68554 3.412307 3.177842 2.945575 2.740323 2.624636 2.593256 2.659105 2.782512 2.95489 3.115194 3.258329 3.42941 3.611903 3.799179 3.932675 3.9898 4.074206 4.121845 4.0399 3.854932 3.654845 3.416394 3.108311 2.668404 2.201919 1.715443 1.247871 .8501182 .4819853 .1909378 -.03119777 -.1352746 .0246264 .4786771 1.388787 2.740971 4.57324 6.989669 9.962162 13.12736 15.86403
7.397882 6.619461 6.139436 5.970194 6.185599 6.71823 7.35158 7.831889 7.931637 7.598595 6.983891 6.271982 5.554846 4.907711 4.324621 3.807087 3.352981 2.957903 2.626933 2.362913 2.12186 1.878061 1.680432 1.531683 1.487984 1.564217 1.711683 1.989505 2.355735 2.683268 2.964694 3.269484 3.521797 3.741485 3.908215 4.076978 4.192284 4.162846 4.029066 3.885345 3.671845 3.344076 2.873908 2.405932 1.948022 1.518173 1.13096 .6895728 .3060528 .03236561 -.1145976 -.01555274 .3839388 1.201256 2.501581 4.296864 6.615768 9.320454 12.00834 14.17798
6.171755 5.097943 4.256295 3.715665 3.727463 4.285778 5.413404 6.775636 7.823858 8.141202 7.797349 7.016254 6.024023 5.043956 4.151469 3.403626 2.734284 2.146064 1.68909 1.378418 1.096627 .8167799 .5945004 .3818662 .2783703 .3624268 .5518696 .912487 1.486028 2.093352 2.498238 2.901655 3.212816 3.492852 3.742702 3.960632 4.13522 4.182045 4.128151 4.036526 3.839642 3.496451 3.067848 2.67748 2.247229 1.838039 1.449702 1.014178 .4879681 .1134478 -.09182649 -.07746562 .2729423 1.004288 2.215734 3.925837 6.007891 8.520226 11.01038 12.68373
5.38253 4.08742 2.897256 1.885311 1.40455 1.573043 2.597597 4.477361 6.570129 7.960805 8.403105 7.984479 6.970716 5.688372 4.457295 3.392936 2.438118 1.605361 .9773424 .5598356 .2173794 -.1193657 -.4099902 -.7323671 -.9459812 -.919621 -.714267 -.3005187 .4092367 1.286047 1.932124 2.465643 2.887942 3.226764 3.545806 3.804305 3.997005 4.106543 4.1211 4.064245 3.915552 3.607381 3.256097 2.922759 2.499279 2.089324 1.676455 1.262645 .6899695 .1856361 -.09380761 -.1570258 .1183769 .7528031 1.830284 3.351077 5.217919 7.458444 9.702915 10.80887
4.954199 3.516779 2.100685 .7892554 -.2150148 -.6001956 -.09285885 1.512416 3.93236 6.308901 7.935859 8.46655 7.987506 6.775298 5.296995 3.867819 2.554855 1.377846 .4852519 -.1013038 -.5268656 -.8871775 -1.194878 -1.568792 -1.928113 -2.036547 -1.869827 -1.456205 -.7350548 .253164 1.171476 1.923992 2.518292 2.962048 3.331516 3.633257 3.837389 3.980172 4.040981 4.006364 3.911202 3.656004 3.370204 3.074752 2.680379 2.227042 1.761502 1.319473 .8138034 .249915 -.1141872 -.2527565 -.07982693 .4440472 1.35353 2.639691 4.282136 6.141878 7.727576 8.286849
4.786589 3.288069 1.738063 .1876295 -1.136161 -1.988978 -2.107153 -1.336931 .3981296 2.902256 5.4189 7.189721 7.913283 7.570926 6.338953 4.760759 3.069261 1.481866 .1515237 -.7774574 -1.360484 -1.77135 -2.043756 -2.283364 -2.548419 -2.730369 -2.633282 -2.310665 -1.700504 -.7531644 .2863266 1.260955 2.07214 2.690059 3.133113 3.475698 3.698201 3.83309 3.910467 3.893591 3.846674 3.654752 3.420877 3.142898 2.755866 2.239378 1.700395 1.23624 .7751684 .290748 -.1576185 -.3655973 -.3133892 .0690248 .802005 1.822221 3.044576 4.376502 5.422172 5.425395
4.767705 3.267701 1.631638 -.04740344 -1.607566 -2.8926 -3.665981 -3.786464 -3.02209 -1.196075 1.158252 3.304124 4.926664 5.973433 6.008214 5.150734 3.480747 1.669164 -.1548282 -1.660481 -2.616266 -3.175909 -3.423022 -3.357845 -3.198922 -3.048824 -2.756789 -2.380982 -1.880523 -1.172255 -.3174559 .6772769 1.645695 2.43832 2.989794 3.374462 3.61435 3.722727 3.783234 3.771705 3.735027 3.594655 3.395658 3.128792 2.726637 2.140464 1.535606 1.068829 .6200318 .2388487 -.2385674 -.5397948 -.6225961 -.4381077 .04894323 .7056355 1.392611 2.095871 2.502841 1.995101
4.774593 3.328305 1.722068 -.0396947 -1.736854 -3.25534 -4.432307 -5.16758 -5.225062 -4.326495 -2.814498 -1.240543 .1196363 1.384641 2.361092 2.705911 1.961669 .5988913 -1.259716 -3.275174 -4.695386 -5.407897 -5.506878 -5.095079 -4.279521 -3.415116 -2.623175 -1.786469 -1.249927 -.7817391 -.1100565 .6762354 1.582341 2.390712 2.974031 3.380926 3.61534 3.696986 3.706246 3.672281 3.597085 3.466884 3.284943 3.028051 2.604981 1.969958 1.349864 .8936306 .4346355 .08055609 -.3768361 -.7829964 -1.021157 -1.098975 -.9873791 -.7629754 -.6443718 -.6226929 -.8529748 -1.529766
4.757829 3.357237 1.838551 .08564961 -1.59128 -3.241195 -4.659771 -5.699282 -6.319893 -6.189972 -5.449538 -4.49149 -3.859284 -3.546442 -3.476385 -3.620775 -3.892716 -4.110196 -5.131036 -6.872595 -7.995637 -8.240754 -7.814112 -6.778269 -5.329294 -3.890134 -2.52102 -1.144102 -.1815002 .4159703 1.037637 1.574395 2.160175 2.741134 3.198146 3.533789 3.711883 3.740793 3.679882 3.577882 3.418732 3.244962 3.059523 2.804821 2.372949 1.769647 1.222192 .7657075 .2927101 -.1061705 -.5473309 -1.044281 -1.483907 -1.852804 -2.156413 -2.414801 -2.763996 -3.215415 -3.753355 -4.354536
4.738302 3.415341 1.938524 .2294433 -1.389319 -3.042724 -4.498353 -5.642242 -6.50408 -6.829364 -6.48508 -6.048489 -6.120306 -6.809605 -8.005373 -9.899427 -11.11012 -11.02834 -11.32386 -11.71212 -10.86274 -9.595663 -8.212521 -6.606276 -4.944687 -3.385466 -1.799924 -.1322165 1.131227 2.083291 2.793524 3.192928 3.361337 3.480394 3.623568 3.750859 3.78805 3.731009 3.580199 3.365422 3.116322 2.876985 2.667753 2.41519 2.006669 1.569558 1.181962 .7458922 .2717148 -.2354725 -.686588 -1.279911 -1.90699 -2.550762 -3.22773 -3.864541 -4.528618 -5.232693 -5.901852 -6.393726
