py_wake/examples/data/AJ_ParqueFicticio/Ridge area   Sector All   Height 30m   Mean speed.grd
DSAA
90  129
 262878   265103
 6504214   6507414
 2.09529   8.368607
[rows 81 to 107 of 129, columns 0 to 61 of 90]
4.625178 4.682207 4.749997 4.808679 4.860948 4.918163 4.984323 5.061254 5.155807 5.245932 5.334925 5.425287 5.481194 5.492329 5.466874 5.437313 5.414892 5.383259 5.365198 5.350289 5.316131 5.300043 5.28606 5.278411 5.267296 5.254502 5.230881 5.212658 5.205495 5.206245 5.226596 5.288241 5.42695 5.648779 5.923256 6.216994 6.504273 6.79482 7.078375 7.336331 7.544878 7.746787 7.917291 8.010241 8.034509 8.02516 7.973709 7.884356 7.693493 7.340423 6.801391 6.048413 5.286646 4.810057 4.5611 4.424075 4.369791 4.34411 4.334768 4.342938 4.351595 4.361573
4.841754 4.936703 5.02848 5.105382 5.176306 5.242064 5.315094 5.384189 5.444082 5.513883 5.606443 5.69721 5.762073 5.783669 5.75988 5.722107 5.676709 5.652809 5.66144 5.674762 5.635546 5.582016 5.533843 5.519404 5.526505 5.539771 5.535609 5.535664 5.5505 5.561133 5.587566 5.643498 5.763128 5.972188 6.212937 6.460153 6.722285 6.996294 7.274136 7.49817 7.678198 7.870659 8.003017 8.043781 8.049822 8.028323 7.97037 7.884417 7.66626 7.291658 6.708925 5.910151 5.149805 4.715176 4.449067 4.298504 4.216707 4.171348 4.16013 4.177367 4.185824 4.207281
5.04003 5.160212 5.276299 5.369651 5.435716 5.507243 5.574616 5.610929 5.64925 5.72121 5.799176 5.86343 5.937067 5.979664 5.940701 5.87758 5.826595 5.8099 5.837057 5.876011 5.817956 5.746876 5.691334 5.678012 5.709234 5.754572 5.774523 5.800903 5.849771 5.878644 5.907677 5.966511 6.082129 6.268782 6.47947 6.689318 6.930151 7.184069 7.440072 7.618979 7.776148 7.94155 8.041224 8.05944 8.055597 8.026135 7.969049 7.878325 7.657082 7.287938 6.703906 5.911265 5.179928 4.748666 4.446246 4.253449 4.139483 4.071215 4.046294 4.048073 4.046342 4.055773
5.209683 5.343966 5.466771 5.559171 5.629504 5.692091 5.731907 5.754431 5.789952 5.851092 5.900865 5.935486 5.973479 5.990345 5.955454 5.901595 5.858214 5.841518 5.853713 5.873159 5.832119 5.776032 5.732946 5.724423 5.761294 5.838399 5.90783 5.973798 6.062251 6.123109 6.183212 6.277419 6.401521 6.557076 6.739151 6.926852 7.124465 7.3545 7.567424 7.706942 7.837943 7.971035 8.048703 8.056062 8.043709 8.015094 7.962735 7.854589 7.646155 7.307914 6.76089 6.043926 5.359289 4.896833 4.554852 4.299315 4.150932 4.061698 4.006997 3.965166 3.935214 3.928483
5.35392 5.489066 5.603413 5.695539 5.776319 5.818264 5.833111 5.850062 5.882116 5.919157 5.932055 5.920057 5.896925 5.872195 5.84012 5.805084 5.770893 5.750763 5.741325 5.738028 5.712436 5.674447 5.645812 5.651461 5.701745 5.805352 5.928039 6.052579 6.192749 6.300005 6.426104 6.568032 6.700443 6.835933 6.993853 7.154362 7.310614 7.51017 7.673556 7.777648 7.87496 7.965048 8.021419 8.03003 8.015007 7.989802 7.930735 7.821136 7.644623 7.351256 6.859225 6.233816 5.607054 5.124267 4.74577 4.439163 4.243565 4.115499 4.022208 3.934193 3.857991 3.805534
5.468623 5.590352 5.694058 5.785803 5.8623 5.885438 5.87849 5.870961 5.878927 5.892041 5.868346 5.813993 5.752506 5.70138 5.655963 5.629219 5.617696 5.602079 5.583289 5.567904 5.538158 5.508637 5.49333 5.52451 5.595304 5.720572 5.890566 6.073253 6.266728 6.43499 6.616202 6.802627 6.949682 7.084617 7.218372 7.33427 7.473635 7.643174 7.762739 7.835648 7.89 7.925752 7.940056 7.933725 7.917028 7.889819 7.839406 7.759777 7.635671 7.39196 6.964596 6.432651 5.867558 5.390532 4.996203 4.672309 4.445712 4.25916 4.097114 3.962352 3.842712 3.733249
5.538869 5.644252 5.731627 5.808782 5.863444 5.863701 5.834704 5.800776 5.774479 5.753851 5.70966 5.644656 5.574063 5.509334 5.449597 5.41284 5.405817 5.410006 5.408059 5.389606 5.360536 5.331705 5.33383 5.399512 5.494945 5.637958 5.853662 6.083018 6.317749 6.538929 6.756068 6.959176 7.131107 7.280931 7.386559 7.481412 7.611769 7.75328 7.837783 7.8772 7.87909 7.859752 7.832447 7.79878 7.771443 7.749948 7.720006 7.669314 7.589633 7.401042 7.046371 6.596107 6.106326 5.666101 5.288085 4.967993 4.735619 4.53141 4.324595 4.130812 3.973327 3.819304
5.555039 5.640357 5.712666 5.767379 5.788376 5.769137 5.726849 5.673957 5.620232 5.560514 5.494965 5.423399 5.352812 5.285447 5.222621 5.179721 5.160336 5.178845 5.205069 5.207264 5.192805 5.189697 5.210092 5.307105 5.442904 5.615256 5.853234 6.108461 6.373052 6.62237 6.859572 7.075714 7.270198 7.418828 7.509297 7.599124 7.719023 7.835863 7.894459 7.89351 7.839049 7.776929 7.720253 7.66748 7.627815 7.601766 7.578205 7.540011 7.480127 7.343695 7.069662 6.706526 6.308842 5.927949 5.578607 5.274945 5.049424 4.860128 4.65428 4.436301 4.245718 4.060718
5.534414 5.599284 5.658189 5.690827 5.673087 5.625033 5.568449 5.503292 5.431447 5.35185 5.270064 5.188868 5.107396 5.03731 4.984487 4.945181 4.919015 4.954238 4.997037 5.025639 5.036481 5.066436 5.115358 5.243297 5.425792 5.635958 5.883014 6.155956 6.443618 6.704938 6.95382 7.183104 7.391828 7.528329 7.606791 7.693774 7.802794 7.896661 7.928649 7.885417 7.781154 7.676069 7.586489 7.504141 7.433554 7.392622 7.379836 7.361515 7.333081 7.23218 7.040606 6.777526 6.471641 6.156582 5.845355 5.569922 5.355247 5.186145 5.007568 4.794594 4.59374 4.397492
5.47916 5.521551 5.574155 5.588542 5.535036 5.458453 5.380439 5.309595 5.234482 5.157465 5.074919 4.98612 4.889916 4.810964 4.776006 4.766762 4.760112 4.788967 4.837204 4.866259 4.899598 4.963978 5.042015 5.202301 5.434487 5.685676 5.954313 6.246147 6.539555 6.800462 7.051141 7.284194 7.493539 7.615084 7.683411 7.761812 7.855655 7.926984 7.931229 7.854661 7.68883 7.52931 7.41912 7.321219 7.232131 7.171534 7.151254 7.14546 7.13627 7.07657 6.953441 6.786042 6.564448 6.300483 6.035149 5.804253 5.626352 5.481987 5.335768 5.139915 4.94264 4.746058
5.359963 5.384472 5.4172 5.41738 5.351871 5.263865 5.181791 5.116926 5.052287 4.988622 4.925007 4.849069 4.757697 4.682178 4.664211 4.692012 4.70888 4.738381 4.78859 4.822464 4.870627 4.98024 5.080512 5.27909 5.548223 5.813784 6.087169 6.386397 6.663079 6.904444 7.142714 7.356486 7.541999 7.648856 7.707757 7.773673 7.842507 7.883631 7.867412 7.751933 7.565477 7.393806 7.261757 7.130657 7.005612 6.925752 6.898962 6.895422 6.890204 6.877021 6.81806 6.71549 6.546906 6.319429 6.095065 5.921203 5.799365 5.698911 5.592649 5.440954 5.271409 5.084808
5.159668 5.180882 5.192897 5.168388 5.108428 5.031313 4.954622 4.899125 4.857864 4.827525 4.79479 4.750942 4.705653 4.673546 4.685331 4.72286 4.746173 4.794543 4.860978 4.908456 5.001663 5.154741 5.315794 5.541674 5.797494 6.047073 6.296814 6.567798 6.809092 7.016884 7.227984 7.40358 7.54741 7.63454 7.68694 7.743161 7.783734 7.790018 7.746926 7.617156 7.430432 7.238011 7.063633 6.898224 6.737411 6.645662 6.619895 6.631946 6.647956 6.65449 6.626557 6.559458 6.427132 6.232604 6.046846 5.923008 5.855882 5.800437 5.740737 5.66248 5.552656 5.405055
4.922755 4.945508 4.95157 4.928692 4.866174 4.791054 4.719233 4.680624 4.66537 4.675463 4.688421 4.695167 4.698791 4.70967 4.758034 4.807955 4.84173 4.909462 4.994275 5.09089 5.251182 5.440367 5.654531 5.881256 6.104479 6.329636 6.552205 6.775322 6.961147 7.134466 7.311857 7.448091 7.549807 7.607966 7.643823 7.685846 7.698225 7.680846 7.61712 7.477625 7.272034 7.054997 6.832996 6.626355 6.438897 6.328729 6.303554 6.34429 6.387606 6.414814 6.416404 6.380883 6.271832 6.100111 5.942167 5.848297 5.815819 5.809904 5.808943 5.809001 5.770988 5.681006
4.708434 4.722067 4.747886 4.742022 4.692616 4.61121 4.521255 4.49144 4.525625 4.564073 4.609269 4.667541 4.70876 4.759243 4.844303 4.918953 4.989789 5.083712 5.191021 5.340698 5.530712 5.755927 5.976941 6.180924 6.386153 6.57979 6.777482 6.959727 7.098435 7.239026 7.379022 7.48052 7.543996 7.565522 7.575462 7.592639 7.582226 7.55263 7.481555 7.342446 7.130517 6.875818 6.617393 6.36532 6.135728 6.010993 5.989445 6.03583 6.097937 6.156162 6.197567 6.187612 6.090612 5.939347 5.793489 5.707657 5.701847 5.736912 5.790189 5.85563 5.899758 5.886113
4.529668 4.5417 4.577322 4.595631 4.564825 4.499008 4.441943 4.4305 4.492336 4.545839 4.606519 4.697414 4.770781 4.85648 4.968555 5.073945 5.18021 5.296692 5.437481 5.604956 5.802103 6.022717 6.24222 6.443103 6.628487 6.802674 6.975992 7.112248 7.213568 7.317445 7.4107 7.47248 7.505221 7.500529 7.491997 7.485651 7.469136 7.439929 7.372866 7.23497 7.012054 6.749203 6.463308 6.156829 5.885875 5.726781 5.689346 5.740295 5.826341 5.912933 5.976486 5.985715 5.908565 5.759732 5.625869 5.540992 5.543188 5.602325 5.694509 5.804856 5.906925 5.965398
4.366081 4.395772 4.437783 4.475641 4.469505 4.449884 4.434258 4.449622 4.532971 4.601418 4.684621 4.786672 4.890859 5.013089 5.141821 5.263975 5.389577 5.538984 5.702066 5.873394 6.060112 6.270871 6.484846 6.675893 6.841236 7.010617 7.15275 7.240036 7.309951 7.374527 7.418006 7.435431 7.436148 7.40823 7.383058 7.360381 7.340495 7.319623 7.263185 7.143811 6.92957 6.659411 6.347291 6.004687 5.687283 5.477854 5.413589 5.461785 5.555536 5.656583 5.731564 5.769241 5.722857 5.580132 5.444821 5.359656 5.356436 5.415435 5.52419 5.667707 5.812055 5.928814
4.243858 4.287474 4.339866 4.387539 4.413819 4.433109 4.446816 4.498555 4.602501 4.697672 4.807421 4.923046 5.045956 5.185044 5.326677 5.465664 5.608663 5.773594 5.949307 6.118773 6.303052 6.508315 6.716455 6.873781 7.014692 7.172571 7.285338 7.34419 7.389301 7.414354 7.405182 7.375805 7.334685 7.281332 7.23932 7.204126 7.186679 7.181604 7.152238 7.064619 6.86815 6.590877 6.26214 5.89887 5.536289 5.28583 5.18251 5.200164 5.265038 5.373271 5.478726 5.554312 5.522479 5.389693 5.250039 5.158085 5.146787 5.190202 5.307291 5.488282 5.674778 5.836092
4.210485 4.24945 4.302745 4.347447 4.397043 4.441954 4.478287 4.570024 4.690344 4.809625 4.93458 5.069237 5.207267 5.352969 5.507022 5.66355 5.812769 5.975995 6.142318 6.309745 6.496366 6.688627 6.873548 7.004188 7.126786 7.262372 7.356811 7.403266 7.434233 7.429386 7.377673 7.308498 7.228755 7.14601 7.077263 7.026461 7.0158 7.029623 7.032482 6.979055 6.824497 6.571777 6.244836 5.866937 5.483873 5.169486 5.007786 4.983054 5.016222 5.110499 5.221363 5.321176 5.299871 5.180069 5.043956 4.941724 4.911075 4.939566 5.049437 5.264545 5.504543 5.714642
4.245861 4.294848 4.347057 4.385345 4.449121 4.507487 4.562114 4.671369 4.802737 4.933353 5.066063 5.205232 5.353587 5.502372 5.650544 5.801404 5.950198 6.106273 6.2561 6.411044 6.579826 6.755899 6.920052 7.042799 7.156568 7.276143 7.367535 7.418128 7.447323 7.425127 7.340896 7.233339 7.114959 6.995563 6.897806 6.835497 6.83344 6.867993 6.901391 6.892756 6.801735 6.597153 6.292772 5.917506 5.528601 5.174991 4.941044 4.841138 4.82289 4.870568 4.950913 5.041224 5.051905 4.956999 4.831533 4.729382 4.681717 4.697624 4.792511 4.99309 5.253753 5.504746
1.70141E+38 1.70141E+38 1.70141E+38 1.70141E+38 1.70141E+38 1.70141E+38 1.70141E+38 1.70141E+38 1.70141E+38 1.70141E+38 1.70141E+38 1.70141E+38 1.70141E+38 1.70141E+38 1.70141E+38 1.70141E+38 1.70141E+38 1.70141E+38 1.70141E+38 1.70141E+38 1.70141E+38 1.70141E+38 1.70141E+38 1.70141E+38 1.70141E+38 1.70141E+38 1.70141E+38 1.70141E+38 1.70141E+38 1.70141E+38 1.70141E+38 1.70141E+38 1.70141E+38 1.70141E+38 1.70141E+38 1.70141E+38 1.70141E+38 1.70141E+38 1.70141E+38 1.70141E+38 1.70141E+38 1.70141E+38 1.70141E+38 1.70141E+38 1.70141E+38 1.70141E+38 1.70141E+38 1.70141E+38 1.70141E+38 1.70141E+38 1.70141E+38 1.70141E+38 1.70141E+38 1.70141E+38 1.70141E+38 1.70141E+38 1.70141E+38 1.70141E+38 1.70141E+38 1.70141E+38 1.70141E+38 1.70141E+38
1.70141E+38 1.70141E+38 1.70141E+38 1.70141E+38 1.70141E+38 1.70141E+38 1.70141E+38 1.70141E+38 1.70141E+38 1.70141E+38 1.70141E+38 1.70141E+38 1.70141E+38 1.70141E+38 1.70141E+38 1.70141E+38 1.70141E+38 1.70141E+38 1.70141E+38 1.70141E+38 1.70141E+38 1.70141E+38 1.70141E+38 1.70141E+38 1.70141E+38 1.70141E+38 1.70141E+38 1.70141E+38 1.70141E+38 1.70141E+38 1.70141E+38 1.70141E+38 1.70141E+38 1.70141E+38 1.70141E+38 1.70141E+38 1.70141E+38 1.70141E+38 1.70141E+38 1.70141E+38 1.70141E+38 1.70141E+38 1.70141E+38 1.70141E+38 1.70141E+38 1.70141E+38 1.70141E+38 1.70141E+38 1.70141E+38 1.70141E+38 1.70141E+38 1.70141E+38 1.70141E+38 1.70141E+38 1.70141E+38 1.70141E+38 1.70141E+38 1.70141E+38 1.70141E+38 1.70141E+38 1.70141E+38 1.70141E+38
1.70141E+38 1.70141E+38 1.70141E+38 1.70141E+38 1.70141E+38 1.70141E+38 1.70141E+38 1.70141E+38 1.70141E+38 1.70141E+38 1.70141E+38 1.70141E+38 1.70141E+38 1.70141E+38 1.70141E+38 1.70141E+38 1.70141E+38 1.70141E+38 1.70141E+38 1.70141E+38 1.70141E+38 1.70141E+38 1.70141E+38 1.70141E+38 1.70141E+38 1.70141E+38 1.70141E+38 1.70141E+38 1.70141E+38 1.70141E+38 1.70141E+38 1.70141E+38 1.70141E+38 1.70141E+38 1.70141E+38 1.70141E+38 1.70141E+38 1.70141E+38 1.70141E+38 1.70141E+38 1.70141E+38 1.70141E+38 1.70141E+38 1.70141E+38 1.70141E+38 1.70141E+38 1.70141E+38 1.70141E+38 1.70141E+38 1.70141E+38 1.70141E+38 1.70141E+38 1.70141E+38 1.70141E+38 1.70141E+38 1.70141E+38 1.70141E+38 1.70141E+38 1.70141E+38 1.70141E+38 1.70141E+38 1.70141E+38
1.70141E+38 1.70141E+38 1.70141E+38 1.70141E+38 1.70141E+38 1.70141E+38 1.70141E+38 1.70141E+38 1.70141E+38 1.70141E+38 1.70141E+38 1.70141E+38 1.70141E+38 1.70141E+38 1.70141E+38 1.70141E+38 1.70141E+38 1.70141E+38 1.70141E+38 1.70141E+38 1.70141E+38 1.70141E+38 1.70141E+38 1.70141E+38 1.70141E+38 1.70141E+38 1.70141E+38 1.70141E+38 1.70141E+38 1.70141E+38 1.70141E+38 1.70141E+38 1.70141E+38 1.70141E+38 1.70141E+38 1.70141E+38 1.70141E+38 1.70141E+38 1.70141E+38 1.70141E+38 1.70141E+38 1.70141E+38 1.70141E+38 1.70141E+38 1.70141E+38 1.70141E+38 1.70141E+38 1.70141E+38 1.70141E+38 1.70141E+38 1.70141E+38 1.70141E+38 1.70141E+38 1.70141E+38 1.70141E+38 1.70141E+38 1.70141E+38 1.70141E+38 1.70141E+38 1.70141E+38 1.70141E+38 1.70141E+38
1.70141E+38 1.70141E+38 1.70141E+38 1.70141E+38 1.70141E+38 1.70141E+38 1.70141E+38 1.70141E+38 1.70141E+38 1.70141E+38 1.70141E+38 1.70141E+38 1.70141E+38 1.70141E+38 1.70141E+38 1.70141E+38 1.70141E+38 1.70141E+38 1.70141E+38 1.70141E+38 1.70141E+38 1.70141E+38 1.70141E+38 1.70141E+38 1.70141E+38 1.70141E+38 1.70141E+38 1.70141E+38 1.70141E+38 1.70141E+38 1.70141E+38 1.70141E+38 1.70141E+38 1.70141E+38 1.70141E+38 1.70141E+38 1.70141E+38 1.70141E+38 1.70141E+38 1.70141E+38 1.70141E+38 1.70141E+38 1.70141E+38 1.70141E+38 1.70141E+38 1.70141E+38 1.70141E+38 1.70141E+38 1.70141E+38 1.70141E+38 1.70141E+38 1.70141E+38 1.70141E+38 1.70141E+38 1.70141E+38 1.70141E+38 1.70141E+38 1.70141E+38 1.70141E+38 1.70141E+38 1.70141E+38 1.70141E+38
1.70141E+38 1.70141E+38 1.70141E+38 1.70141E+38 1.70141E+38 1.70141E+38 1.70141E+38 1.70141E+38 1.70141E+38 1.70141E+38 1.70141E+38 1.70141E+38 1.70141E+38 1.70141E+38 1.70141E+38 1.70141E+38 1.70141E+38 1.70141E+38 1.70141E+38 1.70141E+38 1.70141E+38 1.70141E+38 1.70141E+38 1.70141E+38 1.70141E+38 1.70141E+38 1.70141E+38 1.70141E+38 1.70141E+38 1.70141E+38 1.70141E+38 1.70141E+38 1.70141E+38 1.70141E+38 1.70141E+38 1.70141E+38 1.70141E+38 1.70141E+38 1.70141E+38 1.70141E+38 1.70141E+38 1.70141E+38 1.70141E+38 1.70141E+38 1.70141E+38 1.70141E+38 1.70141E+38 1.70141E+38 1.70141E+38 1.70141E+38 1.70141E+38 1.70141E+38 1.70141E+38 1.70141E+38 1.70141E+38 1.70141E+38 1.70141E+38 1.70141E+38 1.70141E+38 1.70141E+38 1.70141E+38 1.70141E+38
1.70141E+38 1.70141E+38 1.70141E+38 1.70141E+38 1.70141E+38 1.70141E+38 1.70141E+38 1.70141E+38 1.70141E+38 1.70141E+38 1.70141E+38 1.70141E+38 1.70141E+38 1.70141E+38 1.70141E+38 1.70141E+38 1.70141E+38 1.70141E+38 1.70141E+38 1.70141E+38 1.70141E+38 1.70141E+38 1.70141E+38 1.70141E+38 1.70141E+38 1.70141E+38 1.70141E+38 1.70141E+38 1.70141E+38 1.70141E+38 1.70141E+38 1.70141E+38 1.70141E+38 1.70141E+38 1.70141E+38 1.70141E+38 1.70141E+38 1.70141E+38 1.70141E+38 1.70141E+38 1.70141E+38 1.70141E+38 1.70141E+38 1.70141E+38 1.70141E+38 1.70141E+38 1.70141E+38 1.70141E+38 1.70141E+38 1.70141E+38 1.70141E+38 1.70141E+38 1.70141E+38 1.70141E+38 1.70141E+38 1.70141E+38 1.70141E+38 1.70141E+38 1.70141E+38 1.70141E+38 1.70141E+38 1.70141E+38
1.70141E+38 1.70141E+38 1.70141E+38 1.70141E+38 1.70141E+38 1.70141E+38 1.70141E+38 1.70141E+38 1.70141E+38 1.70141E+38 1.70141E+38 1.70141E+38 1.70141E+38 1.70141E+38 1.70141E+38 1.70141E+38 1.70141E+38 1.70141E+38 1.70141E+38 1.70141E+38 1.70141E+38 1.70141E+38 1.70141E+38 1.70141E+38 1.70141E+38 1.70141E+38 1.70141E+38 1.70141E+38 1.70141E+38 1.70141E+38 1.70141E+38 1.70141E+38 1.70141E+38 1.70141E+38 1.70141E+38 1.70141E+38 1.70141E+38 1.70141E+38 1.70141E+38 1.70141E+38 1.70141E+38 1.70141E+38 1.70141E+38 1.70141E+38 1.70141E+38 1.70141E+38 1.70141E+38 1.70141E+38 1.70141E+38 1.70141E+38 1.70141E+38 1.70141E+38 1.70141E+38 1.70141E+38 1.70141E+38 1.70141E+38 1.70141E+38 1.70141E+38 1.70141E+38 1.70141E+38 1.70141E+38 1.70141E+38
