py_wake/examples/data/AJ_ParqueFicticio/Ridge area   Sector 2   Height 200m   Mean speed.grd
DSAA
90  129
 262878   265103
 6504214   6507414
 .752207   5.028252
[rows 54 to 80 of 129, columns 0 to 61 of 90]
3.009555 2.944999 2.854975 2.739869 2.611439 2.450289 2.288517 2.146423 2.007622 1.898589 1.84289 1.814785 1.782009 1.696141 1.578009 1.485695 1.470199 1.531227 1.601678 1.677653 1.77024 1.853941 1.924747 1.980298 2.017293 2.018953 2.012466 2.042937 2.063396 2.101318 2.199245 2.316354 2.447257 2.596984 2.731714 2.869327 3.023203 3.180234 3.342634 3.506206 3.6657 3.821324 3.95403 4.070592 4.182621 4.250221 4.268981 4.256677 4.224992 4.17888 4.124568 4.060178 4.002726 3.964947 3.939176 3.948043 3.98834 4.051105 4.144237 4.257366 4.391349 4.526948
3.079436 3.040017 2.979461 2.891504 2.754901 2.603464 2.460075 2.329636 2.212038 2.123614 2.079113 2.076329 2.062697 1.983894 1.866935 1.759275 1.705546 1.698939 1.722076 1.7699 1.838557 1.914993 1.981106 2.039139 2.094721 2.128998 2.159605 2.193866 2.237323 2.30547 2.395848 2.519266 2.63968 2.745843 2.845916 2.960539 3.110672 3.260897 3.408218 3.558829 3.712288 3.864588 3.995555 4.115742 4.218025 4.272926 4.296857 4.293752 4.271573 4.230665 4.181164 4.127886 4.083508 4.060706 4.054685 4.0734 4.124026 4.195161 4.296435 4.411967 4.535153 4.651347
3.153783 3.139759 3.10883 3.034848 2.901673 2.765374 2.627178 2.506537 2.407991 2.338869 2.312846 2.320921 2.318041 2.253952 2.160536 2.055335 1.977158 1.924403 1.889881 1.883467 1.92932 1.992818 2.049177 2.119237 2.199564 2.267892 2.324729 2.377346 2.433155 2.512151 2.615559 2.736266 2.850878 2.940319 3.029004 3.135731 3.254884 3.378896 3.500854 3.638391 3.787207 3.92864 4.053548 4.169976 4.25325 4.301333 4.32828 4.328557 4.312617 4.286956 4.244294 4.200248 4.168084 4.155219 4.158685 4.185604 4.244722 4.323493 4.427243 4.541957 4.655308 4.757815
3.239012 3.238106 3.219887 3.158508 3.053437 2.922061 2.795238 2.695652 2.615515 2.55799 2.530143 2.550475 2.563687 2.527263 2.435396 2.322007 2.210644 2.127272 2.060128 2.033636 2.07081 2.128543 2.176749 2.239864 2.322181 2.40878 2.489859 2.561862 2.629717 2.723151 2.83306 2.949786 3.056564 3.15275 3.251259 3.348135 3.444064 3.535855 3.635442 3.756145 3.893807 4.022044 4.136992 4.234697 4.295695 4.340353 4.366503 4.369219 4.35698 4.343325 4.315905 4.283677 4.259552 4.254002 4.267401 4.300387 4.358613 4.436746 4.537561 4.648685 4.749657 4.830353
3.313308 3.323533 3.310742 3.255021 3.174515 3.070468 2.965761 2.868432 2.795599 2.753604 2.741463 2.754177 2.765184 2.738987 2.663492 2.569874 2.469304 2.38134 2.290666 2.252791 2.278109 2.3225 2.36864 2.433555 2.51904 2.607206 2.684616 2.75221 2.83287 2.928316 3.040841 3.159369 3.26886 3.369242 3.463615 3.556872 3.643213 3.726219 3.818643 3.922017 4.032959 4.141704 4.23906 4.30527 4.352451 4.392683 4.416787 4.419928 4.410787 4.400086 4.385048 4.366207 4.352647 4.3578 4.379108 4.417587 4.472965 4.543093 4.633059 4.727334 4.802982 4.855802
3.387733 3.407441 3.409085 3.373192 3.307989 3.219124 3.128976 3.04558 2.979987 2.93744 2.926415 2.936952 2.945175 2.920832 2.856034 2.777591 2.693872 2.607963 2.533069 2.496131 2.509219 2.534769 2.580755 2.652358 2.737474 2.821908 2.901558 2.971673 3.041056 3.124742 3.238215 3.362899 3.481333 3.581708 3.673351 3.762784 3.842158 3.921947 4.007754 4.095908 4.183067 4.26964 4.335129 4.379683 4.424443 4.46523 4.486311 4.485968 4.475378 4.461632 4.447476 4.439735 4.437929 4.449652 4.476717 4.517562 4.570191 4.628047 4.694039 4.762297 4.808176 4.831884
3.473573 3.502116 3.51943 3.503643 3.452493 3.379913 3.305023 3.23649 3.175048 3.124194 3.106393 3.112773 3.118054 3.095998 3.047585 2.991812 2.923495 2.845752 2.774524 2.727757 2.742818 2.769694 2.805768 2.876511 2.959386 3.03787 3.114575 3.183121 3.254345 3.333551 3.429233 3.559944 3.685882 3.783739 3.871344 3.9547 4.025037 4.095942 4.169839 4.237302 4.308265 4.369805 4.410284 4.448065 4.498431 4.538814 4.548248 4.542363 4.531794 4.512636 4.497727 4.494968 4.505193 4.524161 4.553014 4.591156 4.633759 4.674428 4.710804 4.752092 4.768797 4.763219
3.577812 3.607111 3.628809 3.627555 3.58874 3.53319 3.475475 3.417328 3.359112 3.306484 3.281763 3.275684 3.280469 3.2726 3.242328 3.195135 3.137961 3.073326 3.013814 2.979417 2.985746 3.009432 3.040704 3.10256 3.181386 3.254853 3.321514 3.386588 3.458137 3.53377 3.633682 3.740318 3.858258 3.949948 4.034341 4.105177 4.166491 4.230382 4.287516 4.340818 4.396264 4.435532 4.463372 4.49685 4.546748 4.57161 4.564856 4.55557 4.551124 4.543765 4.534298 4.537181 4.553448 4.575429 4.600337 4.627969 4.652647 4.671503 4.678318 4.687655 4.678989 4.646224
3.688676 3.715708 3.743074 3.761603 3.740303 3.700735 3.651212 3.597463 3.54262 3.491716 3.461535 3.447177 3.433133 3.412957 3.394114 3.361153 3.327182 3.288081 3.256212 3.240375 3.239119 3.267654 3.299946 3.35131 3.415925 3.481396 3.536282 3.585441 3.644572 3.723176 3.811968 3.905404 3.992468 4.080062 4.155669 4.214869 4.271254 4.323184 4.366066 4.408953 4.44909 4.4752 4.498792 4.528858 4.566993 4.572205 4.557735 4.548801 4.550238 4.558985 4.565066 4.574629 4.589345 4.607731 4.626317 4.640483 4.645187 4.64007 4.623392 4.587371 4.545798 4.479789
3.78523 3.817899 3.858011 3.877528 3.85977 3.825958 3.78458 3.739213 3.690013 3.638931 3.59295 3.555559 3.532212 3.523267 3.526066 3.521237 3.501055 3.480193 3.464994 3.472602 3.492075 3.51661 3.552648 3.593776 3.651613 3.693779 3.723539 3.761635 3.813343 3.885168 3.964312 4.039576 4.104142 4.182047 4.245186 4.294441 4.341739 4.381766 4.414397 4.446101 4.473816 4.493331 4.513907 4.540601 4.565491 4.559234 4.544998 4.538894 4.545291 4.563759 4.586752 4.60572 4.618277 4.629965 4.641541 4.643124 4.631031 4.60275 4.563759 4.50203 4.406059 4.30757
3.840353 3.877264 3.916595 3.919792 3.895411 3.863485 3.828881 3.791865 3.751108 3.70686 3.66391 3.627014 3.602018 3.59866 3.614491 3.621183 3.602806 3.592842 3.607073 3.653537 3.680326 3.694754 3.722285 3.77531 3.825544 3.842827 3.861026 3.899553 3.949259 4.012409 4.080227 4.138503 4.191746 4.256055 4.306405 4.346852 4.382502 4.408654 4.428155 4.448072 4.468094 4.48263 4.497856 4.518904 4.539161 4.537569 4.528297 4.527673 4.539713 4.563736 4.59737 4.627909 4.63934 4.643668 4.647609 4.63983 4.612815 4.564324 4.506637 4.426218 4.310519 4.179591
3.845284 3.882052 3.919063 3.925426 3.904824 3.88149 3.854641 3.820389 3.778209 3.731895 3.68334 3.635437 3.598441 3.589119 3.606304 3.62143 3.626217 3.633607 3.659613 3.709608 3.74481 3.76836 3.804605 3.861811 3.901803 3.923748 3.946606 3.982391 4.037718 4.091177 4.14296 4.185911 4.235822 4.283142 4.32061 4.351028 4.372185 4.382277 4.391137 4.405614 4.422369 4.435151 4.449299 4.469409 4.492618 4.506929 4.511035 4.517566 4.535376 4.56359 4.601756 4.63794 4.649631 4.645836 4.641097 4.627828 4.587552 4.525481 4.456469 4.367454 4.245924 4.111685
3.816455 3.849927 3.877022 3.898316 3.882805 3.859974 3.83309 3.792605 3.737868 3.675167 3.610158 3.546257 3.498401 3.486613 3.513145 3.550397 3.567136 3.585149 3.61263 3.655486 3.700682 3.746489 3.794374 3.846115 3.893125 3.933274 3.970323 4.023278 4.075706 4.116627 4.154218 4.19336 4.235218 4.266495 4.292793 4.310945 4.313608 4.307896 4.310483 4.321751 4.336568 4.358467 4.381433 4.405335 4.434365 4.47241 4.497101 4.511459 4.533757 4.564668 4.603983 4.641125 4.649056 4.638474 4.627986 4.612845 4.562127 4.492976 4.416228 4.322026 4.199936 4.065623
3.770933 3.791304 3.811373 3.827547 3.832515 3.816318 3.78606 3.732487 3.652644 3.562588 3.475615 3.396073 3.343637 3.338443 3.376103 3.441935 3.47316 3.483661 3.503391 3.547459 3.60214 3.648005 3.69951 3.758856 3.814759 3.859858 3.923564 3.993861 4.036924 4.072039 4.117438 4.163755 4.18765 4.201348 4.219208 4.227685 4.214368 4.197203 4.194866 4.208604 4.233052 4.26647 4.305408 4.342078 4.384242 4.434956 4.480287 4.509313 4.536548 4.570055 4.609633 4.645789 4.649821 4.634861 4.620335 4.604093 4.544131 4.469827 4.384315 4.283213 4.159931 4.028074
3.736771 3.746327 3.743994 3.721054 3.711636 3.697365 3.657363 3.576113 3.461618 3.346183 3.247133 3.16979 3.130806 3.147135 3.196151 3.265561 3.327584 3.346881 3.361002 3.400227 3.459476 3.505125 3.552063 3.610773 3.666889 3.734144 3.805896 3.863052 3.902467 3.951285 4.007257 4.051223 4.0662 4.068799 4.079328 4.082961 4.068846 4.050055 4.047356 4.069719 4.113281 4.162028 4.220422 4.282007 4.337401 4.396993 4.459472 4.508945 4.545002 4.580893 4.620681 4.655168 4.654642 4.633917 4.613361 4.590429 4.512104 4.426815 4.330581 4.226349 4.1061 3.981018
3.679208 3.674125 3.660899 3.615401 3.54243 3.472545 3.400705 3.298912 3.183378 3.076494 2.987633 2.923315 2.898319 2.913094 2.961221 3.030092 3.099634 3.14181 3.175296 3.206874 3.249773 3.30368 3.347301 3.390671 3.461723 3.544267 3.604149 3.639715 3.69523 3.754009 3.799457 3.837412 3.852104 3.846798 3.83973 3.837605 3.834625 3.834727 3.855613 3.899377 3.968187 4.042075 4.12304 4.215671 4.292615 4.362285 4.436874 4.510191 4.559838 4.599088 4.637615 4.667167 4.657639 4.625392 4.591527 4.548517 4.444418 4.346305 4.242653 4.138745 4.027127 3.919348
3.588816 3.569921 3.540499 3.4686 3.357263 3.227016 3.118228 3.0058 2.894396 2.795538 2.720953 2.66898 2.640483 2.650309 2.698775 2.765216 2.825378 2.872404 2.921074 2.964422 2.995931 3.042431 3.091192 3.146239 3.213384 3.270483 3.323966 3.360387 3.408879 3.446611 3.489297 3.520393 3.530584 3.518385 3.508111 3.497916 3.495914 3.519491 3.580157 3.690573 3.800507 3.907743 4.022698 4.144865 4.259541 4.342663 4.426647 4.512232 4.579059 4.62356 4.658875 4.680356 4.658672 4.612304 4.562344 4.493843 4.374507 4.26695 4.156818 4.050602 3.948195 3.853798
3.467832 3.437093 3.394488 3.307477 3.166489 2.997838 2.849061 2.72309 2.606767 2.511249 2.451748 2.403965 2.37055 2.392177 2.443707 2.506592 2.54921 2.592871 2.637611 2.677711 2.718048 2.760323 2.813056 2.858816 2.90387 2.938487 2.967803 2.991699 3.026542 3.062954 3.104556 3.137828 3.151986 3.153184 3.153129 3.149819 3.162374 3.177377 3.233035 3.419678 3.634794 3.786047 3.931088 4.080688 4.228448 4.335471 4.428121 4.522774 4.602595 4.651762 4.67918 4.681012 4.642373 4.583849 4.51982 4.428279 4.306582 4.19391 4.081588 3.975312 3.87689 3.789209
3.320862 3.266466 3.206933 3.10095 2.927166 2.725769 2.56874 2.43566 2.321587 2.240834 2.188355 2.151518 2.126633 2.140733 2.191729 2.243134 2.281945 2.31888 2.352675 2.380922 2.423438 2.480724 2.516173 2.527423 2.539453 2.548399 2.556895 2.561522 2.583493 2.613876 2.661736 2.719505 2.758344 2.781332 2.789268 2.817958 2.892787 2.939113 2.990078 3.196624 3.498752 3.709296 3.879268 4.047255 4.214116 4.345015 4.439785 4.532602 4.605855 4.645236 4.653766 4.636274 4.591651 4.533807 4.462062 4.358627 4.243456 4.125878 4.011626 3.904822 3.807054 3.720529
3.114588 3.040445 2.955446 2.823042 2.63658 2.450302 2.307699 2.17635 2.066634 1.99587 1.963302 1.946652 1.925031 1.926129 1.951065 1.991763 2.019432 2.05313 2.076345 2.103821 2.138567 2.162977 2.172971 2.159267 2.128965 2.097711 2.075426 2.057888 2.067584 2.096909 2.1589 2.230238 2.327402 2.412357 2.459051 2.541153 2.680888 2.800383 2.932298 3.147211 3.466815 3.704796 3.88869 4.061063 4.233095 4.371217 4.459626 4.541401 4.597955 4.619134 4.613285 4.589923 4.547313 4.489397 4.406963 4.297904 4.185422 4.062898 3.94742 3.838711 3.741444 3.654333
2.86822 2.782982 2.679158 2.529506 2.349673 2.194396 2.058274 1.931998 1.838806 1.778529 1.737003 1.721627 1.724049 1.744709 1.767815 1.775662 1.798501 1.822447 1.832927 1.861393 1.8981 1.885376 1.839558 1.816431 1.775714 1.708486 1.618342 1.534473 1.466429 1.466411 1.538032 1.621 1.782811 1.978648 2.128714 2.290109 2.494977 2.71402 2.934143 3.186069 3.503532 3.74554 3.937543 4.10983 4.27788 4.408444 4.486736 4.555498 4.595391 4.601917 4.589272 4.56274 4.517738 4.44832 4.351046 4.240321 4.122251 3.998003 3.882378 3.77416 3.677389 3.589808
2.653301 2.546695 2.418521 2.268402 2.092335 1.951994 1.813755 1.714501 1.686181 1.661993 1.633278 1.605338 1.573947 1.58008 1.636234 1.66098 1.649648 1.664291 1.698843 1.739076 1.770841 1.745369 1.673837 1.596073 1.549542 1.494539 1.380643 1.222444 1.076016 1.030658 1.034164 1.045566 1.178172 1.45895 1.780615 2.078866 2.396788 2.709946 2.982891 3.26978 3.583769 3.817451 4.003368 4.169217 4.331094 4.449998 4.518962 4.574745 4.598537 4.593366 4.574502 4.541896 4.483233 4.391478 4.283194 4.172101 4.046852 3.922446 3.809983 3.707291 3.612842 3.527367
2.479528 2.371378 2.236642 2.086397 1.933362 1.805141 1.685693 1.628385 1.65296 1.650525 1.637159 1.615979 1.588777 1.588682 1.644391 1.666403 1.645246 1.646487 1.689329 1.737861 1.749691 1.708686 1.630251 1.537058 1.470366 1.409437 1.287398 1.112332 .9297173 .8407072 .8259941 .8183223 .9153798 1.208165 1.570281 2.022691 2.453565 2.83906 3.139954 3.43792 3.716962 3.924226 4.095185 4.248532 4.398931 4.49789 4.555591 4.595065 4.601448 4.586069 4.556902 4.503141 4.414265 4.302576 4.188998 4.072687 3.946655 3.830525 3.728298 3.634417 3.544351 3.466544
2.312905 2.209431 2.089464 1.960779 1.848958 1.778108 1.73523 1.738876 1.76996 1.77476 1.769576 1.753226 1.773489 1.797764 1.812011 1.820269 1.801966 1.793608 1.795874 1.81001 1.807224 1.769919 1.708133 1.633454 1.558304 1.476141 1.352506 1.187478 1.015574 .9048369 .8495212 .8365103 .9445782 1.211105 1.624165 2.147018 2.639765 3.066305 3.391546 3.666413 3.88483 4.059101 4.207322 4.343164 4.474293 4.546933 4.592022 4.612356 4.603138 4.575446 4.51376 4.417009 4.30085 4.180657 4.061071 3.943114 3.82866 3.725857 3.632943 3.549479 3.477221 3.420288
2.169978 2.052948 1.950553 1.886065 1.842231 1.829294 1.843836 1.912477 1.964204 1.974673 1.987256 2.030039 2.056417 2.071809 2.07056 2.071953 2.064648 2.028504 1.995972 1.975223 1.956282 1.917747 1.871075 1.830121 1.777575 1.682531 1.555093 1.410969 1.264459 1.130286 1.035138 1.017671 1.140266 1.436688 1.940763 2.468545 2.955414 3.354203 3.654315 3.87505 4.044797 4.194542 4.325574 4.449419 4.552649 4.596774 4.624456 4.623419 4.599932 4.543905 4.432747 4.302647 4.172882 4.044556 3.921376 3.807618 3.708078 3.619576 3.538836 3.471655 3.421894 3.384625
2.129345 2.003804 1.921165 1.940474 1.959768 1.973065 2.024922 2.135457 2.20877 2.252 2.29934 2.334136 2.35879 2.37738 2.38621 2.373174 2.343484 2.299978 2.261546 2.22622 2.186905 2.139271 2.103607 2.081935 2.039258 1.947953 1.831108 1.716032 1.581676 1.431761 1.333605 1.405612 1.570459 1.916139 2.410437 2.900203 3.316228 3.638509 3.875206 4.04562 4.190378 4.320285 4.440548 4.550301 4.619541 4.642805 4.64988 4.629777 4.591622 4.489633 4.348578 4.198929 4.050884 3.914786 3.791168 3.683281 3.592915 3.514134 3.447855 3.392548 3.358496 3.338414
2.254789 2.170722 2.147643 2.190708 2.222724 2.268299 2.352391 2.443904 2.525751 2.589279 2.635574 2.671875 2.70328 2.727166 2.716074 2.688046 2.646372 2.596595 2.559726 2.517633 2.477534 2.436138 2.407511 2.381105 2.342568 2.279301 2.192297 2.094643 1.981244 1.912686 1.90739 1.98392 2.140208 2.470068 2.903816 3.30942 3.629938 3.8698 4.052244 4.19762 4.327239 4.444111 4.554906 4.637018 4.672547 4.680698 4.66783 4.633401 4.575977 4.438214 4.285117 4.120434 3.956521 3.806834 3.673553 3.563073 3.477996 3.408965 3.352208 3.305766 3.273452 3.261495
