py_wake/examples/data/AJ_ParqueFicticio/Ridge area   Sector All   Height 30m   Mean speed.grd
DSAA
90  129
 262878   265103
 6504214   6507414
 2.09529   8.368607
[rows 54 to 80 of 129, columns 0 to 61 of 90]
6.184923 6.020997 5.804801 5.52864 5.209763 4.786464 4.30737 3.876873 3.524533 3.312059 3.27031 3.311246 3.335868 3.273506 3.160871 3.043633 2.967639 2.956867 2.968451 3.023699 3.153776 3.319538 3.504314 3.693296 3.866561 3.983123 4.0798 4.220214 4.326334 4.441366 4.630608 4.839189 5.064718 5.314795 5.541561 5.775563 6.037717 6.302253 6.579946 6.875834 7.183787 7.500945 7.781865 8.026136 8.242084 8.348992 8.319673 8.179615 7.969021 7.702099 7.41029 7.03443 6.50778 5.860572 5.193776 4.766617 4.594573 4.577679 4.676056 4.894048 5.220002 5.557772
6.267308 6.141427 5.962617 5.719536 5.404228 5.035424 4.630088 4.229872 3.890612 3.685002 3.63658 3.675107 3.667436 3.549312 3.38423 3.220741 3.103024 3.037965 3.019011 3.061553 3.17563 3.341093 3.523659 3.718643 3.922107 4.089706 4.24433 4.395267 4.539688 4.700185 4.878995 5.09257 5.296905 5.478463 5.64885 5.842554 6.091573 6.341075 6.592727 6.86681 7.166305 7.479444 7.75813 8.013115 8.223896 8.320904 8.314641 8.206637 8.029588 7.781816 7.496962 7.165538 6.727847 6.18875 5.616219 5.180053 4.984171 4.951812 5.019789 5.187459 5.412549 5.61791
6.34148 6.257164 6.118461 5.901934 5.604002 5.288475 4.943574 4.597463 4.299545 4.108958 4.066377 4.117065 4.116112 3.952561 3.737537 3.518727 3.347813 3.2242 3.147362 3.143912 3.253255 3.417307 3.592485 3.805307 4.041561 4.255032 4.443819 4.61734 4.777604 4.952981 5.146725 5.353721 5.544665 5.697905 5.848998 6.027112 6.22751 6.436996 6.649737 6.901757 7.193986 7.490946 7.760938 8.014857 8.203075 8.294315 8.306443 8.220503 8.066642 7.861384 7.593246 7.289141 6.92599 6.484498 5.984734 5.558258 5.344691 5.285482 5.308995 5.404136 5.53569 5.66249
6.413559 6.359241 6.250781 6.062284 5.80865 5.521197 5.232935 4.972229 4.745293 4.582196 4.514532 4.567396 4.589825 4.469792 4.236685 3.972728 3.724887 3.535541 3.387083 3.337446 3.433937 3.589561 3.749675 3.956178 4.205066 4.446189 4.656399 4.846881 5.016723 5.208725 5.40913 5.607546 5.782937 5.940926 6.103356 6.265628 6.430457 6.591591 6.770329 6.995225 7.26992 7.54593 7.802243 8.032523 8.1885 8.280169 8.303407 8.236495 8.100404 7.928866 7.703597 7.432854 7.125805 6.769474 6.367207 5.972724 5.707405 5.591207 5.553823 5.587016 5.652166 5.697999
6.459782 6.440405 6.357759 6.189363 5.970831 5.726957 5.489327 5.262415 5.076478 4.961029 4.926535 4.954839 4.971656 4.887465 4.694901 4.469829 4.233387 4.021122 3.807655 3.711447 3.765446 3.87612 4.009771 4.197143 4.429545 4.667825 4.882863 5.071308 5.258121 5.455471 5.657208 5.856715 6.033496 6.194428 6.348678 6.504043 6.65134 6.799152 6.96787 7.166913 7.398378 7.641502 7.874905 8.057981 8.195389 8.285708 8.31437 8.262884 8.146417 7.991632 7.804016 7.577467 7.316183 7.038018 6.731123 6.411879 6.124522 5.927666 5.816604 5.753455 5.710434 5.650208
6.495366 6.508412 6.460209 6.328858 6.138546 5.921385 5.713141 5.523745 5.368422 5.265315 5.235538 5.256652 5.270756 5.210159 5.05901 4.878685 4.682858 4.476417 4.287078 4.17636 4.182355 4.231929 4.337977 4.511304 4.718455 4.92699 5.126528 5.308055 5.486572 5.679346 5.885118 6.091009 6.278927 6.437457 6.585364 6.733251 6.868566 7.010969 7.1726 7.351942 7.545789 7.755156 7.93988 8.08681 8.222927 8.314399 8.344231 8.304604 8.206502 8.062502 7.886553 7.698126 7.482271 7.246109 6.999049 6.739463 6.489025 6.254609 6.037188 5.852701 5.676631 5.51744
6.537069 6.575019 6.563299 6.472071 6.312389 6.123899 5.941784 5.781452 5.645006 5.539604 5.502483 5.518669 5.533343 5.491509 5.387106 5.26434 5.113198 4.934362 4.758019 4.622951 4.613013 4.640885 4.703143 4.849356 5.027988 5.202704 5.376537 5.538547 5.708924 5.888324 6.084196 6.295166 6.492957 6.646739 6.78723 6.927814 7.051788 7.184708 7.336307 7.489346 7.66391 7.838581 7.979408 8.111788 8.25417 8.347912 8.368607 8.339241 8.270072 8.138512 7.964521 7.787705 7.607245 7.403313 7.184257 6.95474 6.71436 6.461651 6.172441 5.856127 5.555834 5.314457
6.594594 6.645411 6.656009 6.598188 6.467616 6.309379 6.156703 6.017049 5.893442 5.792645 5.74732 5.742732 5.75841 5.751017 5.694101 5.602064 5.485631 5.34306 5.196362 5.082912 5.044392 5.048394 5.081861 5.190515 5.339745 5.485386 5.622436 5.76394 5.924232 6.088762 6.268969 6.465289 6.650229 6.793781 6.932258 7.057927 7.172272 7.30341 7.438294 7.577889 7.739082 7.883283 8.002086 8.127861 8.271958 8.350997 8.350121 8.32555 8.287301 8.19911 8.041419 7.866877 7.698428 7.518203 7.311062 7.07942 6.813875 6.517141 6.165668 5.756038 5.343035 5.021547
6.656817 6.71538 6.745377 6.721542 6.625068 6.497194 6.363439 6.23529 6.120462 6.025441 5.975552 5.965271 5.966156 5.952567 5.925109 5.860551 5.787128 5.695536 5.605207 5.527478 5.469349 5.468112 5.490224 5.565509 5.671868 5.788116 5.893715 5.997053 6.12533 6.27665 6.429235 6.601291 6.753947 6.892612 7.021732 7.131485 7.2462 7.369869 7.490932 7.62535 7.772765 7.900034 8.017385 8.144667 8.279148 8.332824 8.316398 8.291722 8.26757 8.22543 8.116557 7.954802 7.778993 7.601507 7.403173 7.16116 6.860885 6.505778 6.087053 5.590292 5.071607 4.657167
6.693996 6.766507 6.823639 6.816367 6.740655 6.636535 6.524639 6.414715 6.312454 6.222493 6.154365 6.111164 6.097482 6.100755 6.109359 6.090285 6.046154 5.99519 5.941924 5.90309 5.87277 5.858542 5.882137 5.92997 6.013328 6.081884 6.137226 6.212389 6.321815 6.437754 6.570894 6.711812 6.836314 6.963833 7.078256 7.174889 7.281076 7.393485 7.507658 7.636639 7.77309 7.893877 8.013712 8.14803 8.278175 8.314113 8.292589 8.265969 8.244158 8.223115 8.168626 8.040432 7.859904 7.67477 7.48315 7.237936 6.910243 6.501623 6.013113 5.43252 4.823284 4.338965
6.682164 6.769014 6.847602 6.842253 6.771247 6.677108 6.575359 6.474825 6.381927 6.300586 6.235942 6.193363 6.179175 6.193374 6.227409 6.237756 6.203442 6.17165 6.162961 6.18857 6.177659 6.14989 6.152793 6.210352 6.279121 6.298933 6.324954 6.394152 6.478263 6.566562 6.681871 6.79447 6.899077 7.010007 7.107857 7.193802 7.286686 7.383536 7.485342 7.6058 7.739642 7.859352 7.977133 8.111851 8.250109 8.297526 8.279024 8.249908 8.226051 8.209002 8.185979 8.10404 7.930709 7.735633 7.545888 7.312055 6.96503 6.51329 5.959784 5.317369 4.652359 4.133986
6.61431 6.70793 6.80333 6.819151 6.76404 6.68763 6.598814 6.50248 6.408568 6.326554 6.257569 6.203973 6.176502 6.187338 6.230059 6.258137 6.256696 6.251452 6.264444 6.30783 6.315601 6.301332 6.310792 6.369534 6.416456 6.434387 6.459683 6.518774 6.580404 6.652701 6.746099 6.836147 6.921974 7.011004 7.093923 7.169051 7.242335 7.317127 7.406983 7.52316 7.659132 7.785652 7.905196 8.037433 8.185779 8.270988 8.273355 8.24435 8.216472 8.196911 8.183217 8.132948 7.977087 7.775214 7.581847 7.364454 7.003038 6.519283 5.924376 5.251143 4.567259 4.040134
6.513373 6.606692 6.701718 6.755871 6.721251 6.654422 6.571535 6.471069 6.363107 6.263851 6.177943 6.10688 6.065816 6.073787 6.130639 6.191115 6.209904 6.224133 6.24745 6.290634 6.317583 6.335543 6.359933 6.405717 6.452021 6.489859 6.531349 6.584286 6.636646 6.696117 6.773314 6.8459 6.91132 6.977636 7.046783 7.108205 7.155383 7.203701 7.282797 7.396377 7.530648 7.676899 7.813583 7.94715 8.092953 8.222536 8.26704 8.247296 8.215611 8.190812 8.174959 8.136741 7.990572 7.786988 7.592522 7.390956 7.027966 6.524913 5.896935 5.201311 4.520823 4.009468
6.395958 6.481737 6.563843 6.627895 6.638381 6.594428 6.517029 6.406969 6.274587 6.147092 6.037132 5.945803 5.893734 5.904762 5.973403 6.075146 6.117802 6.132322 6.156157 6.209605 6.258294 6.283278 6.314776 6.366889 6.420072 6.460894 6.508491 6.56911 6.614161 6.670353 6.754277 6.821679 6.863371 6.905118 6.966655 7.019652 7.042153 7.066925 7.131731 7.241792 7.380883 7.541659 7.70669 7.85392 8.000497 8.150683 8.243737 8.253411 8.221885 8.190892 8.169575 8.132698 7.988656 7.784932 7.592154 7.404552 7.046033 6.530624 5.870461 5.154518 4.490215 4.030345
6.263346 6.343058 6.412222 6.458368 6.469226 6.451708 6.389094 6.268156 6.108607 5.950987 5.819565 5.717819 5.665874 5.689056 5.764287 5.877071 5.968585 6.00098 6.025813 6.081549 6.15064 6.185949 6.218663 6.273913 6.331449 6.370292 6.412733 6.463648 6.507016 6.566344 6.648574 6.723049 6.754903 6.77503 6.822921 6.871906 6.889521 6.902565 6.953482 7.061358 7.216114 7.388313 7.580444 7.764213 7.916316 8.065899 8.194583 8.250973 8.233012 8.195747 8.167571 8.127048 7.981169 7.773983 7.579311 7.392155 7.015022 6.463948 5.784051 5.084196 4.46157 4.079236
6.132381 6.19566 6.252315 6.269231 6.250703 6.214528 6.144415 6.021398 5.863397 5.703619 5.565576 5.460599 5.41013 5.426178 5.498788 5.611685 5.725578 5.796517 5.851489 5.906946 5.973107 6.034189 6.075087 6.121384 6.1763 6.230071 6.266431 6.289504 6.330598 6.3926 6.459714 6.531113 6.568727 6.576944 6.594071 6.626091 6.649802 6.674547 6.738334 6.854292 7.025805 7.217304 7.430624 7.664453 7.841152 7.985961 8.12627 8.22914 8.24312 8.204477 8.168803 8.120852 7.968891 7.751506 7.544821 7.326293 6.890432 6.27038 5.581775 4.932646 4.417728 4.117701
5.992415 6.044682 6.088324 6.078553 6.024105 5.959079 5.870877 5.745656 5.589519 5.425643 5.282928 5.171335 5.105207 5.114507 5.192106 5.308219 5.421888 5.511968 5.600817 5.683128 5.748964 5.821474 5.884912 5.93318 5.986677 6.033715 6.071303 6.080574 6.111074 6.1483 6.207951 6.268086 6.301548 6.300739 6.301587 6.304592 6.309022 6.335322 6.422679 6.604613 6.80931 7.026907 7.272674 7.544811 7.779611 7.923394 8.060579 8.186231 8.238976 8.211838 8.167988 8.110644 7.953726 7.726486 7.502975 7.23069 6.733294 6.073619 5.39229 4.789095 4.38118 4.130243
5.833491 5.880049 5.918702 5.897931 5.811563 5.707313 5.592607 5.455643 5.285502 5.104238 4.953471 4.821527 4.729191 4.751395 4.843021 4.969201 5.074451 5.178632 5.284956 5.386783 5.483148 5.573071 5.642213 5.698655 5.755449 5.794894 5.8168 5.822548 5.839151 5.865399 5.912343 5.962506 5.991266 5.994148 5.98979 5.97773 5.973003 5.957932 6.003262 6.259027 6.585246 6.84398 7.116718 7.420421 7.715706 7.882605 8.010583 8.136135 8.214855 8.205599 8.153384 8.077891 7.917327 7.691241 7.451848 7.124616 6.594807 5.925465 5.263741 4.715604 4.359899 4.130362
5.655225 5.678023 5.705953 5.676152 5.561172 5.422991 5.284568 5.138796 4.965004 4.78054 4.616412 4.475178 4.370875 4.369158 4.460092 4.576476 4.685851 4.798265 4.911992 5.02291 5.139645 5.261278 5.346613 5.399537 5.451268 5.490993 5.515834 5.517357 5.523307 5.534705 5.571316 5.626991 5.664276 5.67491 5.660915 5.661407 5.704092 5.702659 5.712445 5.962503 6.385232 6.713422 7.010998 7.334534 7.662892 7.865743 7.980777 8.091399 8.164008 8.155518 8.085882 7.98911 7.832705 7.62472 7.373303 7.014219 6.482466 5.81199 5.174417 4.677033 4.355669 4.129225
5.419815 5.423716 5.426919 5.379521 5.257122 5.118789 4.981228 4.83813 4.676868 4.514392 4.367061 4.230396 4.115778 4.077183 4.113467 4.203142 4.291588 4.405472 4.509019 4.622781 4.750837 4.865851 4.959647 5.019652 5.061212 5.095842 5.124242 5.13137 5.139351 5.149502 5.186542 5.236238 5.315596 5.37382 5.380623 5.415826 5.505058 5.56477 5.650408 5.88159 6.309115 6.67144 6.988279 7.314799 7.652207 7.873542 7.970452 8.05727 8.102078 8.072196 7.983858 7.876939 7.728323 7.534035 7.270468 6.894706 6.362897 5.709682 5.109806 4.660537 4.373528 4.148983
5.149306 5.144112 5.12711 5.061045 4.947138 4.81734 4.685792 4.558369 4.439344 4.313369 4.169979 4.039168 3.939917 3.907803 3.92423 3.946659 4.012529 4.103269 4.189894 4.313852 4.45231 4.531968 4.57645 4.632829 4.674128 4.69111 4.684306 4.678167 4.671587 4.693554 4.739668 4.784418 4.910917 5.060528 5.145033 5.231778 5.355385 5.493604 5.65801 5.913523 6.32232 6.687912 7.021885 7.349473 7.680986 7.896968 7.972477 8.032331 8.041018 7.981105 7.879236 7.76709 7.621144 7.415304 7.124292 6.729055 6.187247 5.588637 5.058876 4.677299 4.411907 4.191899
4.923519 4.89897 4.856735 4.788644 4.677749 4.542951 4.412122 4.328928 4.310355 4.254331 4.150399 4.016398 3.873108 3.81026 3.852528 3.87801 3.875973 3.938251 4.049728 4.189471 4.325244 4.379379 4.371156 4.35489 4.38687 4.421529 4.39414 4.318403 4.250124 4.289951 4.348925 4.367526 4.495642 4.746477 4.949496 5.121271 5.308795 5.508168 5.710448 5.998456 6.40104 6.761163 7.091444 7.406461 7.723844 7.92263 7.977765 8.010968 7.981539 7.889708 7.772614 7.651117 7.486932 7.231261 6.894209 6.473881 5.942347 5.431214 5.025284 4.722487 4.474048 4.261584
4.752881 4.730117 4.680277 4.612048 4.508907 4.385396 4.27524 4.241729 4.296373 4.285162 4.222064 4.114205 3.984171 3.907887 3.937829 3.950258 3.924006 3.954001 4.066099 4.209957 4.313092 4.339523 4.314694 4.271914 4.274204 4.300766 4.267881 4.186074 4.096859 4.108171 4.170516 4.195039 4.310568 4.599494 4.87842 5.134605 5.386003 5.636333 5.869284 6.183143 6.55775 6.894907 7.205463 7.493929 7.784456 7.950688 7.985456 7.989608 7.920929 7.798829 7.660037 7.501505 7.269159 6.933852 6.529044 6.081934 5.626883 5.254977 4.996772 4.767416 4.549518 4.357275
4.595821 4.580709 4.544592 4.494097 4.417382 4.343157 4.301601 4.327147 4.391117 4.404068 4.37527 4.29771 4.234402 4.192033 4.17334 4.168633 4.144797 4.155711 4.205982 4.296042 4.372607 4.395677 4.382963 4.354805 4.340439 4.333042 4.295878 4.234623 4.18008 4.188568 4.225022 4.268229 4.406164 4.661021 4.953543 5.245656 5.538868 5.835855 6.123775 6.446678 6.773756 7.081721 7.356211 7.608569 7.855755 7.974694 7.991421 7.965248 7.864496 7.71559 7.51919 7.264504 6.923102 6.483758 6.009989 5.594176 5.276621 5.089874 4.924571 4.771002 4.606635 4.458799
4.465997 4.439164 4.415162 4.415054 4.387508 4.353697 4.352845 4.43214 4.513274 4.544131 4.555098 4.562948 4.53392 4.500065 4.475784 4.471586 4.468258 4.442335 4.439156 4.470755 4.515254 4.528783 4.526887 4.52902 4.522329 4.483955 4.43337 4.391921 4.373004 4.37298 4.387312 4.445683 4.596785 4.829542 5.133063 5.447275 5.763198 6.082691 6.403042 6.709532 6.996205 7.272375 7.510621 7.736636 7.929173 7.994109 7.992927 7.93738 7.815013 7.625828 7.328286 6.934729 6.450489 5.922116 5.460011 5.15319 5.012966 4.90571 4.816356 4.730114 4.628618 4.533455
4.412549 4.376408 4.363091 4.421497 4.441622 4.425894 4.449691 4.557144 4.655428 4.725735 4.788632 4.817932 4.819567 4.812319 4.81476 4.804047 4.783375 4.750353 4.732604 4.729497 4.733593 4.727612 4.731014 4.745643 4.738661 4.692947 4.642035 4.621564 4.609114 4.588756 4.596416 4.670534 4.801045 5.043399 5.373415 5.70422 6.021554 6.342223 6.660102 6.941475 7.205114 7.442339 7.65287 7.852519 7.986092 8.00996 7.989951 7.912731 7.775558 7.517073 7.122042 6.574974 5.945843 5.395857 5.028872 4.861744 4.766104 4.714654 4.681189 4.647728 4.597141 4.553123
4.47162 4.464199 4.492014 4.558682 4.592367 4.61263 4.67145 4.76133 4.868242 4.965523 5.044051 5.102234 5.138774 5.159644 5.152162 5.133183 5.103951 5.06522 5.045146 5.021095 5.007268 4.995055 4.995516 4.997562 4.985922 4.956498 4.921101 4.900481 4.880933 4.863633 4.880105 4.949167 5.071987 5.317585 5.640173 5.964466 6.271031 6.579116 6.881553 7.148652 7.388829 7.597974 7.79082 7.944201 8.015848 8.019388 7.981975 7.894286 7.73689 7.422079 6.942702 6.269827 5.550209 5.017115 4.757304 4.607512 4.552122 4.529361 4.516862 4.513694 4.500327 4.489341
