py_wake/examples/data/AJ_ParqueFicticio/Ridge area   Sector 4   Height 200m   Orographic turn.grd
DSAA
90  129
 262878   265103
 6504214   6507414
-14.11011   50.15718
[rows 81 to 107 of 129, columns 0 to 59 of 90]
6.962497 7.000806 6.825507 6.629661 6.379296 6.020795 5.597188 5.23256 4.894061 4.597419 4.197503 3.664523 3.151422 2.671462 2.468899 2.407798 2.491971 2.603317 2.66186 2.506102 2.62471 2.711729 2.87203 2.972533 3.011931 2.914091 2.795147 2.593795 2.266055 1.876497 1.396992 .7163064 -.2947292 -1.511424 -2.643077 -3.467906 -3.981586 -4.297321 -4.596283 -4.859263 -5.057898 -5.26471 -5.453938 -5.365898 -5.152992 -4.846311 -4.45934 -4.069887 -3.856757 -3.185631 -2.817567 -2.431793 -2.019662 -1.560252 -.9870432 -.3398949 .367031 1.103414 1.831191 2.533162
5.868788 5.661162 5.316359 4.923231 4.53512 4.113972 3.664361 3.353692 3.195528 3.009689 2.68037 2.356867 2.056318 1.740375 1.642662 1.694372 1.903632 2.012416 1.974584 1.697076 1.773594 1.960632 2.214324 2.294595 2.1916 1.911212 1.634834 1.274417 .737642 .1807977 -.4528162 -1.200654 -2.112201 -3.086675 -3.846644 -4.323897 -4.620301 -4.834113 -5.109266 -5.30375 -5.42468 -5.443829 -5.403423 -5.188738 -4.895815 -4.441647 -3.942464 -3.434094 -2.940223 -2.249762 -1.831805 -1.424719 -1.105036 -.8023499 -.4766242 -.07986253 .4067779 .9559775 1.522871 2.096793
4.556179 4.239164 3.809866 3.377231 2.99099 2.567373 2.221235 2.066232 1.979927 1.76555 1.539643 1.40836 1.245358 1.102314 1.201442 1.405391 1.585929 1.623967 1.469954 1.192768 1.338436 1.592986 1.811958 1.8201 1.540115 1.075909 .6419966 .1044018 -.6429516 -1.339944 -2.02443 -2.783276 -3.57086 -4.245407 -4.720031 -5.031481 -5.231966 -5.446283 -5.678372 -5.83284 -5.844635 -5.652695 -5.372508 -5.048098 -4.593306 -4.003973 -3.386808 -2.737338 -1.854672 -1.203271 -.6665927 -.18725 .06482063 .239389 .3478003 .519321 .7668905 1.056361 1.363887 1.725391
3.279289 2.942718 2.563654 2.222849 1.834563 1.489418 1.312214 1.226724 1.125155 .9390503 .8242626 .8073533 .8575632 1.013391 1.229505 1.437791 1.531024 1.496652 1.354008 1.270858 1.320361 1.492977 1.579138 1.488481 1.140664 .5341525 -.1328992 -.830113 -1.655316 -2.372985 -3.040843 -3.760015 -4.395124 -4.891279 -5.258864 -5.549116 -5.787816 -6.042271 -6.243992 -6.376101 -6.292696 -5.918436 -5.4046 -4.943724 -4.308238 -3.583063 -2.804634 -1.943879 -.8028912 -.122792 .5445731 1.115826 1.371094 1.48586 1.454759 1.457204 1.472787 1.476753 1.481761 1.579331
2.136879 1.851938 1.591385 1.333131 .9882176 .7784674 .7128446 .6680985 .5863599 .4905733 .4990211 .6420227 .9088818 1.276045 1.55254 1.705041 1.712836 1.626379 1.514674 1.504743 1.469153 1.499647 1.441409 1.199394 .7186491 .005095612 -.8151597 -1.620293 -2.422056 -3.061023 -3.6614 -4.252853 -4.755668 -5.235551 -5.630785 -5.949173 -6.273184 -6.548901 -6.740964 -6.863392 -6.721928 -6.246078 -5.54252 -4.869666 -4.061959 -3.176406 -2.189761 -1.064552 .1307338 .9002946 1.69324 2.343043 2.679359 2.8447 2.79853 2.708938 2.532131 2.278237 1.981984 1.80536
1.215966 1.015695 .8430293 .6499038 .4498756 .3919233 .42152 .4674282 .4995962 .5560651 .741609 1.045714 1.413874 1.808486 2.114669 2.238691 2.121546 1.967677 1.811794 1.726437 1.62619 1.51504 1.269677 .7591951 .07925948 -.7369934 -1.660588 -2.490539 -3.183643 -3.715831 -4.172097 -4.589506 -5.026032 -5.541756 -5.964373 -6.338772 -6.655591 -6.916921 -7.09554 -7.202083 -7.017616 -6.520983 -5.772111 -4.918036 -3.924307 -2.824509 -1.600601 -.3313299 .8826246 1.787574 2.712908 3.431934 3.922135 4.212549 4.249899 4.163271 3.879533 3.496978 2.97578 2.544258
.612967 .499381 .4042825 .3154489 .3172501 .449713 .6104199 .7731697 .9336558 1.177856 1.528639 1.927841 2.302302 2.66248 2.944798 3.034089 2.869726 2.559645 2.204206 1.984218 1.731025 1.457839 .9304447 .04362744 -.8972519 -1.841767 -2.863395 -3.651116 -4.191921 -4.556988 -4.845754 -5.115619 -5.495741 -5.94702 -6.340718 -6.698042 -6.950134 -7.134762 -7.277468 -7.334826 -7.12302 -6.616074 -5.844115 -4.91728 -3.798665 -2.554824 -1.217431 .1166425 1.381145 2.491155 3.545568 4.358095 5.01411 5.435974 5.625692 5.644086 5.380312 5.011172 4.408229 3.786546
.3320788 .3176884 .3125866 .3536864 .5686162 .9043428 1.22205 1.527444 1.862749 2.301823 2.812974 3.291641 3.676202 4.001162 4.213878 4.206848 4.029056 3.50011 2.842837 2.308534 1.809617 1.147824 .3005615 -.9605818 -2.260918 -3.410634 -4.420307 -5.07562 -5.419754 -5.577557 -5.695448 -5.835845 -6.111284 -6.437445 -6.747058 -7.013518 -7.167786 -7.225682 -7.275152 -7.279547 -7.07434 -6.542455 -5.767807 -4.825706 -3.692497 -2.398144 -1.011247 .3801287 1.727409 3.016568 4.169232 5.079281 5.830941 6.360171 6.752337 6.954881 6.845811 6.559506 6.020957 5.327873
.3322544 .4255132 .5353287 .7305784 1.177308 1.752547 2.3053 2.788884 3.372261 3.9465 4.584039 5.146546 5.635905 5.976581 6.034623 5.880751 5.569852 4.674555 3.685745 2.734313 1.820201 .6492466 -.6609814 -2.334225 -4.001425 -5.303378 -6.186312 -6.634027 -6.728036 -6.68017 -6.638281 -6.639704 -6.748678 -6.940575 -7.160461 -7.301001 -7.318466 -7.199214 -7.107018 -7.041926 -6.831914 -6.319561 -5.563465 -4.635379 -3.539933 -2.251434 -.851752 .5634208 1.917714 3.280696 4.511803 5.492693 6.302261 6.940455 7.564078 7.98367 8.110546 7.946753 7.576205 6.95936
.605508 .8231227 1.056808 1.455331 2.198057 3.011348 3.852952 4.559349 5.313098 5.979818 6.668793 7.343673 8.008141 8.436841 8.262193 7.679077 6.90787 5.801201 4.433772 3.192746 1.7471 -.07891653 -1.946101 -4.046874 -5.964338 -7.217878 -7.855967 -8.026336 -7.88212 -7.693022 -7.545226 -7.422153 -7.316122 -7.359033 -7.480967 -7.506285 -7.369232 -7.042371 -6.785601 -6.548775 -6.331602 -5.874069 -5.129723 -4.257021 -3.233012 -2.073749 -.7670311 .5806575 1.921961 3.292486 4.522637 5.552868 6.432376 7.238153 8.061707 8.669765 8.983799 8.995256 8.839115 8.47428
1.208122 1.563904 2.020684 2.746382 3.747324 4.807462 5.821463 6.675946 7.487978 8.210591 8.823712 9.46511 10.1309 10.48663 9.9852 8.751073 7.504332 6.107511 4.35534 2.712151 .820532 -1.686693 -3.813967 -6.050587 -7.771467 -8.647023 -8.940026 -8.855866 -8.616602 -8.427162 -8.256813 -8.083486 -7.84308 -7.720852 -7.713076 -7.624677 -7.349375 -6.859247 -6.344761 -5.904584 -5.530783 -5.151474 -4.541508 -3.806773 -2.893426 -1.888576 -.733079 .4910902 1.753558 3.041757 4.218906 5.307186 6.327467 7.356158 8.33172 9.039001 9.447478 9.630749 9.736767 9.700784
2.14622 2.684219 3.424636 4.542537 5.789448 7.015723 8.191651 9.184797 9.951111 10.498 10.91614 11.33038 11.45685 11.16936 10.04086 8.395343 6.857718 4.922114 2.72466 .8574567 -1.401549 -3.873639 -5.903786 -7.641172 -8.735229 -9.182487 -9.284343 -9.166324 -8.994784 -8.896107 -8.741135 -8.577549 -8.313569 -8.04128 -7.839108 -7.557946 -7.099445 -6.505342 -5.814153 -5.163092 -4.755579 -4.385217 -3.886721 -3.251137 -2.51462 -1.710033 -.7369874 .3378729 1.461773 2.630478 3.771589 4.912639 6.087921 7.277121 8.333095 9.091434 9.602214 9.973183 10.28797 10.45848
3.183906 4.014221 5.059457 6.358981 7.878947 9.368964 10.74959 11.75819 12.3978 12.58475 12.50763 12.24706 11.59174 10.51781 8.582945 6.561491 4.833058 2.685532 .567867 -1.355023 -3.556209 -5.535307 -7.162575 -8.255342 -8.829291 -9.043916 -9.159802 -9.190711 -9.217093 -9.204798 -9.045713 -8.868057 -8.595791 -8.243606 -7.869974 -7.36327 -6.731848 -6.014266 -5.206507 -4.466999 -4.002612 -3.596631 -3.205772 -2.689255 -2.160678 -1.554155 -.7722418 .1509709 1.156648 2.226163 3.347725 4.471561 5.743727 7.003181 8.058514 8.852784 9.487443 10.03184 10.47177 10.76188
3.940673 5.121726 6.293381 7.686473 9.292686 11.07017 12.89932 13.9652 13.97787 13.76004 13.16858 11.93954 10.52365 8.684443 6.194155 4.071237 2.243744 .399865 -1.277379 -3.086375 -4.905022 -6.481713 -7.551106 -8.164396 -8.49188 -8.738895 -8.985922 -9.166308 -9.364652 -9.411156 -9.237592 -8.998992 -8.679369 -8.257291 -7.756193 -7.058299 -6.287229 -5.434656 -4.541013 -3.765323 -3.231133 -2.864027 -2.556834 -2.211944 -1.880217 -1.447595 -.8351185 -.0463892 .8809639 1.888287 2.972629 4.077651 5.385063 6.596273 7.612148 8.42285 9.114086 9.754832 10.27551 10.63934
4.047281 5.403955 6.725733 8.11917 9.771644 11.60839 13.14692 13.9473 13.38954 12.723 11.68169 9.712783 7.816744 5.733705 3.499441 1.707049 .1558713 -1.321879 -2.881416 -4.439742 -5.846601 -6.84601 -7.465543 -7.827901 -8.090394 -8.423125 -8.763937 -9.064191 -9.372144 -9.480344 -9.356273 -9.081532 -8.656722 -8.140095 -7.52313 -6.713977 -5.806376 -4.841335 -3.888435 -3.071301 -2.536531 -2.187298 -1.977238 -1.804354 -1.657413 -1.387605 -.8939002 -.1882658 .6687858 1.603069 2.643045 3.768573 5.025943 6.142817 7.088447 7.849491 8.521863 9.184604 9.762623 10.24011
3.215961 4.565508 5.928646 7.232099 8.714008 10.00661 10.92939 11.19564 10.11604 9.085794 7.683317 5.927737 4.216095 2.484432 .9580639 -.3396568 -1.603144 -3.012763 -4.364437 -5.499992 -6.359301 -6.895725 -7.260074 -7.506424 -7.755203 -8.04881 -8.405841 -8.81834 -9.18604 -9.368299 -9.328295 -9.091785 -8.595456 -8.00556 -7.280884 -6.383547 -5.37254 -4.291451 -3.259627 -2.365532 -1.84723 -1.557282 -1.42925 -1.407213 -1.468078 -1.418701 -1.053804 -.4167731 .3994486 1.317534 2.354658 3.459479 4.641265 5.678727 6.525346 7.211545 7.818016 8.452394 9.059726 9.637812
1.050781 2.307458 3.506673 4.634862 5.622163 6.282717 6.675556 6.378284 5.264885 4.26033 3.143857 2.080418 1.01907 -.1215449 -1.219018 -2.290792 -3.373362 -4.473784 -5.402166 -6.058507 -6.512842 -6.768001 -6.964427 -7.204798 -7.46472 -7.660141 -7.968573 -8.385093 -8.757705 -9.022283 -9.089307 -8.933563 -8.473285 -7.868774 -7.070031 -6.104603 -5.004404 -3.814706 -2.681664 -1.741667 -1.162974 -.9217718 -.8572882 -.9784071 -1.277611 -1.495417 -1.336709 -.7953869 -.01470149 .9378198 2.002053 3.069961 4.197513 5.179635 5.940052 6.551793 7.103689 7.703074 8.308794 8.938375
-2.212684 -1.109033 -.1326319 .7715816 1.346888 1.65797 1.850803 1.479965 .8870079 .3404003 -.2130419 -.8285844 -1.520732 -2.306818 -3.154973 -4.004158 -4.757147 -5.426802 -5.932321 -6.274364 -6.476598 -6.593328 -6.697597 -6.932768 -7.176532 -7.302534 -7.512749 -7.861936 -8.176362 -8.473256 -8.624659 -8.549066 -8.191904 -7.639538 -6.859184 -5.887179 -4.72463 -3.460768 -2.237156 -1.204321 -.5042608 -.2309332 -.2165619 -.4570066 -.9582887 -1.518654 -1.663805 -1.283965 -.5978214 .364309 1.453713 2.559729 3.68111 4.585974 5.309618 5.885966 6.448849 7.033239 7.620132 8.242865
-5.351512 -4.442818 -3.630727 -2.893961 -2.444752 -2.137243 -1.887103 -1.92413 -2.087168 -2.285071 -2.545824 -2.894679 -3.385369 -3.938499 -4.505162 -5.059186 -5.539107 -5.92376 -6.20527 -6.406232 -6.514664 -6.573845 -6.609366 -6.761743 -6.934783 -6.984827 -7.050587 -7.274113 -7.502773 -7.781116 -7.997812 -8.030362 -7.804462 -7.362723 -6.663674 -5.725052 -4.543414 -3.232327 -1.939023 -.7884536 .0360242 .4382521 .493628 .2330522 -.3618469 -1.156341 -1.708795 -1.70531 -1.253515 -.4407578 .6018084 1.759447 2.938593 3.782431 4.474839 5.033918 5.617266 6.212609 6.810094 7.448406
1.70141E+38 1.70141E+38 1.70141E+38 1.70141E+38 1.70141E+38 1.70141E+38 1.70141E+38 1.70141E+38 1.70141E+38 1.70141E+38 1.70141E+38 1.70141E+38 1.70141E+38 1.70141E+38 1.70141E+38 1.70141E+38 1.70141E+38 1.70141E+38 1.70141E+38 1.70141E+38 1.70141E+38 1.70141E+38 1.70141E+38 1.70141E+38 1.70141E+38 1.70141E+38 1.70141E+38 1.70141E+38 1.70141E+38 1.70141E+38 1.70141E+38 1.70141E+38 1.70141E+38 1.70141E+38 1.70141E+38 1.70141E+38 1.70141E+38 1.70141E+38 1.70141E+38 1.70141E+38 1.70141E+38 1.70141E+38 1.70141E+38 1.70141E+38 1.70141E+38 1.70141E+38 1.70141E+38 1.70141E+38 1.70141E+38 1.70141E+38 1.70141E+38 1.70141E+38 1.70141E+38 1.70141E+38 1.70141E+38 1.70141E+38 1.70141E+38 1.70141E+38 1.70141E+38 1.70141E+38
1.70141E+38 1.70141E+38 1.70141E+38 1.70141E+38 1.70141E+38 1.70141E+38 1.70141E+38 1.70141E+38 1.70141E+38 1.70141E+38 1.70141E+38 1.70141E+38 1.70141E+38 1.70141E+38 1.70141E+38 1.70141E+38 1.70141E+38 1.70141E+38 1.70141E+38 1.70141E+38 1.70141E+38 1.70141E+38 1.70141E+38 1.70141E+38 1.70141E+38 1.70141E+38 1.70141E+38 1.70141E+38 1.70141E+38 1.70141E+38 1.70141E+38 1.70141E+38 1.70141E+38 1.70141E+38 1.70141E+38 1.70141E+38 1.70141E+38 1.70141E+38 1.70141E+38 1.70141E+38 1.70141E+38 1.70141E+38 1.70141E+38 1.70141E+38 1.70141E+38 1.70141E+38 1.70141E+38 1.70141E+38 1.70141E+38 1.70141E+38 1.70141E+38 1.70141E+38 1.70141E+38 1.70141E+38 1.70141E+38 1.70141E+38 1.70141E+38 1.70141E+38 1.70141E+38 1.70141E+38
1.70141E+38 1.70141E+38 1.70141E+38 1.70141E+38 1.70141E+38 1.70141E+38 1.70141E+38 1.70141E+38 1.70141E+38 1.70141E+38 1.70141E+38 1.70141E+38 1.70141E+38 1.70141E+38 1.70141E+38 1.70141E+38 1.70141E+38 1.70141E+38 1.70141E+38 1.70141E+38 1.70141E+38 1.70141E+38 1.70141E+38 1.70141E+38 1.70141E+38 1.70141E+38 1.70141E+38 1.70141E+38 1.70141E+38 1.70141E+38 1.70141E+38 1.70141E+38 1.70141E+38 1.70141E+38 1.70141E+38 1.70141E+38 1.70141E+38 1.70141E+38 1.70141E+38 1.70141E+38 1.70141E+38 1.70141E+38 1.70141E+38 1.70141E+38 1.70141E+38 1.70141E+38 1.70141E+38 1.70141E+38 1.70141E+38 1.70141E+38 1.70141E+38 1.70141E+38 1.70141E+38 1.70141E+38 1.70141E+38 1.70141E+38 1.70141E+38 1.70141E+38 1.70141E+38 1.70141E+38
1.70141E+38 1.70141E+38 1.70141E+38 1.70141E+38 1.70141E+38 1.70141E+38 1.70141E+38 1.70141E+38 1.70141E+38 1.70141E+38 1.70141E+38 1.70141E+38 1.70141E+38 1.70141E+38 1.70141E+38 1.70141E+38 1.70141E+38 1.70141E+38 1.70141E+38 1.70141E+38 1.70141E+38 1.70141E+38 1.70141E+38 1.70141E+38 1.70141E+38 1.70141E+38 1.70141E+38 1.70141E+38 1.70141E+38 1.70141E+38 1.70141E+38 1.70141E+38 1.70141E+38 1.70141E+38 1.70141E+38 1.70141E+38 1.70141E+38 1.70141E+38 1.70141E+38 1.70141E+38 1.70141E+38 1.70141E+38 1.70141E+38 1.70141E+38 1.70141E+38 1.70141E+38 1.70141E+38 1.70141E+38 1.70141E+38 1.70141E+38 1.70141E+38 1.70141E+38 1.70141E+38 1.70141E+38 1.70141E+38 1.70141E+38 1.70141E+38 1.70141E+38 1.70141E+38 1.70141E+38
1.70141E+38 1.70141E+38 1.70141E+38 1.70141E+38 1.70141E+38 1.70141E+38 1.70141E+38 1.70141E+38 1.70141E+38 1.70141E+38 1.70141E+38 1.70141E+38 1.70141E+38 1.70141E+38 1.70141E+38 1.70141E+38 1.70141E+38 1.70141E+38 1.70141E+38 1.70141E+38 1.70141E+38 1.70141E+38 1.70141E+38 1.70141E+38 1.70141E+38 1.70141E+38 1.70141E+38 1.70141E+38 1.70141E+38 1.70141E+38 1.70141E+38 1.70141E+38 1.70141E+38 1.70141E+38 1.70141E+38 1.70141E+38 1.70141E+38 1.70141E+38 1.70141E+38 1.70141E+38 1.70141E+38 1.70141E+38 1.70141E+38 1.70141E+38 1.70141E+38 1.70141E+38 1.70141E+38 1.70141E+38 1.70141E+38 1.70141E+38 1.70141E+38 1.70141E+38 1.70141E+38 1.70141E+38 1.70141E+38 1.70141E+38 1.70141E+38 1.70141E+38 1.70141E+38 1.70141E+38
1.70141E+38 1.70141E+38 1.70141E+38 1.70141E+38 1.70141E+38 1.70141E+38 1.70141E+38 1.70141E+38 1.70141E+38 1.70141E+38 1.70141E+38 1.70141E+38 1.70141E+38 1.70141E+38 1.70141E+38 1.70141E+38 1.70141E+38 1.70141E+38 1.70141E+38 1.70141E+38 1.70141E+38 1.70141E+38 1.70141E+38 1.70141E+38 1.70141E+38 1.70141E+38 1.70141E+38 1.70141E+38 1.70141E+38 1.70141E+38 1.70141E+38 1.70141E+38 1.70141E+38 1.70141E+38 1.70141E+38 1.70141E+38 1.70141E+38 1.70141E+38 1.70141E+38 1.70141E+38 1.70141E+38 1.70141E+38 1.70141E+38 1.70141E+38 1.70141E+38 1.70141E+38 1.70141E+38 1.70141E+38 1.70141E+38 1.70141E+38 1.70141E+38 1.70141E+38 1.70141E+38 1.70141E+38 1.70141E+38 1.70141E+38 1.70141E+38 1.70141E+38 1.70141E+38 1.70141E+38
1.70141E+38 1.70141E+38 1.70141E+38 1.70141E+38 1.70141E+38 1.70141E+38 1.70141E+38 1.70141E+38 1.70141E+38 1.70141E+38 1.70141E+38 1.70141E+38 1.70141E+38 1.70141E+38 1.70141E+38 1.70141E+38 1.70141E+38 1.70141E+38 1.70141E+38 1.70141E+38 1.70141E+38 1.70141E+38 1.70141E+38 1.70141E+38 1.70141E+38 1.70141E+38 1.70141E+38 1.70141E+38 1.70141E+38 1.70141E+38 1.70141E+38 1.70141E+38 1.70141E+38 1.70141E+38 1.70141E+38 1.70141E+38 1.70141E+38 1.70141E+38 1.70141E+38 1.70141E+38 1.70141E+38 1.70141E+38 1.70141E+38 1.70141E+38 1.70141E+38 1.70141E+38 1.70141E+38 1.70141E+38 1.70141E+38 1.70141E+38 1.70141E+38 1.70141E+38 1.70141E+38 1.70141E+38 1.70141E+38 1.70141E+38 1.70141E+38 1.70141E+38 1.70141E+38 1.70141E+38
1.70141E+38 1.70141E+38 1.70141E+38 1.70141E+38 1.70141E+38 1.70141E+38 1.70141E+38 1.70141E+38 1.70141E+38 1.70141E+38 1.70141E+38 1.70141E+38 1.70141E+38 1.70141E+38 1.70141E+38 1.70141E+38 1.70141E+38 1.70141E+38 1.70141E+38 1.70141E+38 1.70141E+38 1.70141E+38 1.70141E+38 1.70141E+38 1.70141E+38 1.70141E+38 1.70141E+38 1.70141E+38 1.70141E+38 1.70141E+38 1.70141E+38 1.70141E+38 1.70141E+38 1.70141E+38 1.70141E+38 1.70141E+38 1.70141E+38 1.70141E+38 1.70141E+38 1.70141E+38 1.70141E+38 1.70141E+38 1.70141E+38 1.70141E+38 1.70141E+38 1.70141E+38 1.70141E+38 1.70141E+38 1.70141E+38 1.70141E+38 1.70141E+38 1.70141E+38 1.70141E+38 1.70141E+38 1.70141E+38 1.70141E+38 1.70141E+38 1.70141E+38 1.70141E+38 1.70141E+38
