py_wake/examples/data/AJ_ParqueFicticio/Ridge area   Sector 11   Height 30m   Power density.grd
DSAA
90  129
 262878   265103
 6504214   6507414
 .02268139   926.6217
[rows 27 to 53 of 129, columns 0 to 61 of 90]
221.5952 228.4846 238.7708 248.6225 258.3211 267.8286 274.8882 279.7469 281.236 278.6768 272.7351 264.7134 256.6942 251.2274 248.5647 249.4568 252.422 256.1628 259.6237 263.6641 273.4118 286.1936 298.823 312.907 326.8697 342.7684 361.7506 387.9169 420.8663 451.1027 483.7653 516.881 549.648 584.897 612.0571 642.2465 672.8731 704.2092 739.4939 760.1609 759.7923 741.8423 712.1171 669.2064 618.0266 560.8066 506.437 441.2202 317.1294 157.021 42.66714 7.069037 22.18609 11.73195 4.019765 2.452042 1.468705 2.521931 3.028427 3.214978 2.752066 1.896348
213.1397 219.7988 230.1909 241.0989 252.6706 264.7827 275.662 285.4282 292.243 292.3934 287.0551 279.5392 270.6658 262.4938 255.3738 251.2985 250.3233 251.7981 253.305 254.829 260.6155 268.0066 275.0787 284.9171 293.4796 304.1626 319.1447 338.0355 364.1381 392.4669 419.3656 447.6314 478.4373 513.3729 544.4307 576.1651 611.3314 647.6395 690.7083 725.6759 740.8083 740.1296 722.1033 682.4645 625.4967 560.9079 504.9241 431.6645 286.5089 122.2393 27.07014 8.674616 19.4888 6.713943 2.249313 1.617219 1.289651 1.043419 2.099761 2.085083 1.46046 .5312695
204.9152 211.8701 221.8607 232.3005 243.9905 257.8684 272.1721 285.8076 297.9461 303.9769 301.7999 294.0169 285.0324 276.0346 267.7108 261.0488 256.9951 255.0305 253.4428 252.5531 254.6004 256.7271 258.7282 263.4068 267.5122 270.9798 281.4838 295.9471 316.0572 337.5767 358.6417 381.2461 407.8948 440.0727 473.5079 504.5004 544.0905 584.7702 634.5778 683.8644 715.316 733.5942 732.1594 697.3821 638.0793 568.2698 505.0651 422.9677 263.2531 98.62746 20.28725 9.623835 15.04149 4.315814 1.699995 2.114613 1.164264 1.038003 1.451921 1.150902 .4115882 .3362299
196.2753 203.451 212.9217 222.8017 234.5623 248.5989 263.1578 279.0222 296.2781 308.2655 309.3262 303.9961 296.3774 288.9567 282.2992 275.6739 270.3582 266.0981 261.7759 258.8738 259.4742 257.5405 254.5484 255.6304 255.3446 253.9249 261.0456 273.6128 287.8925 304.1003 319.8404 334.8872 351.5304 378.7815 410.7892 442.2945 480.0486 524.5049 577.76 636.0425 684.7185 722.3156 738.9832 715.2537 658.2244 584.3288 511.4331 421.4549 253.856 90.82249 19.57202 6.775244 12.0281 3.843835 1.633844 1.863569 1.198858 1.085339 1.086962 .5453317 .1552249 .2595165
186.4331 193.7093 202.1638 211.0896 222.9195 236.3996 251.0539 267.122 284.6909 299.2933 305.3431 305.232 302.5069 298.1184 293.4984 289.3776 284.6675 281.4351 277.8332 275.5686 274.2829 270.6131 267.5456 267.1603 264.4088 261.0282 264.8997 272.5229 279.1332 287.7421 297.841 308.2725 321.7004 341.4242 367.823 397.6942 432.7163 477.4311 533.028 595.1315 652.8862 703.08 731.0413 720.4481 671.8032 601.3678 520.8316 426.5793 263.2145 99.81937 24.25065 17.35985 13.16734 4.384209 3.47612 1.830635 1.361102 1.281584 .9657947 .1411151 .09703354 .1965019
177.5546 183.9274 192.1881 199.9946 211.2295 224.4453 237.6766 252.5528 268.4869 283.8068 293.2477 298.318 301.037 300.6595 299.4895 297.3535 294.8746 294.4968 295.1844 294.6882 292.4026 290.3719 288.6896 286.7917 283.4614 280.3586 280.3625 283.2615 283.4868 284.3343 288.5619 295.5372 306.2407 320.2323 340.1919 365.3857 397.4141 438.7412 492.0404 555.4907 620.3015 680.1866 713.8551 712.7718 673.2385 608.1973 528.7198 434.6678 287.865 123.3066 34.45469 37.95827 13.10394 7.83755 3.688928 1.908378 1.569983 1.553551 1.435472 .03168939 .06080277 .1543434
168.3858 174.3077 181.9521 189.0876 199.3906 211.524 224.6724 237.9767 252.0364 267.3987 280.0778 289.5293 295.9238 299.1598 299.9152 299.0618 297.9622 302.1669 308.4875 310.8387 310.9442 310.5636 309.4637 308.2419 305.0727 301.542 299.422 300.5724 297.4598 293.4112 292.4474 294.1673 300.9782 311.1525 325.4202 346.5951 374.3669 410.8345 459.5033 519.1728 588.0137 653.8482 692.8923 700.4594 670.7598 610.0851 533.8428 444.5379 315.7273 157.3294 53.35128 39.86274 13.66599 8.697807 4.423864 2.392844 1.928778 1.913635 1.824667 .02268139 .04109833 .1362706
158.9256 164.3992 171.215 178.4326 189.0816 201.4845 214.3549 227.9837 241.8169 255.942 269.7702 282.4312 291.3862 296.8633 298.4128 297.3322 298.0468 305.7375 314.6733 321.3075 324.2937 325.3597 327.0932 327.1089 325.0409 322.7139 323.3958 322.9881 322.9175 319.5389 315.9842 314.5457 317.7553 324.2241 334.2281 351.4662 371.6251 403.2007 443.76 496.48 563.9117 631.7655 673.2613 685.3348 665.0388 609.838 539.9672 455.089 349.043 209.4573 87.79411 29.3407 15.25258 9.100464 5.806992 3.556175 2.630535 2.417009 2.302513 .02814009 .03488725 .1506297
151.3206 155.9397 161.8632 167.9159 179.2045 192.9133 206.9105 221.7185 236.5796 251.6233 266.6142 280.1823 291.4033 297.7159 298.462 297.573 299.1404 306.3937 315.5666 322.9884 328.394 333.4915 337.9838 341.9301 343.769 346.4577 351.747 358.1191 361.0358 360.841 358.7941 359.0505 359.9683 362.3048 369.8784 379.4458 393.4921 416.4597 448.8263 490.6773 552.2979 615.5077 655.9066 674.0348 660.4348 613.6025 545.5706 467.4674 376.4568 263.4495 143.3525 57.54094 22.07264 11.62993 7.056512 4.839226 3.726172 3.200814 2.477333 .7743949 .06853185 .2316431
146.6072 148.7442 152.4039 156.383 168.9487 183.9196 199.558 215.5197 232.2435 248.7983 265.3278 280.4089 293.2036 299.6271 300.9315 301.2719 302.8098 307.4139 314.4568 321.3364 327.6932 334.7181 341.3484 349.4481 358.0147 368.3839 382.5854 399.3423 412.9295 415.0779 417.2291 416.3802 415.6577 415.4339 417.7502 422.8143 429.0601 443.7297 467.0972 501.4744 553.3077 606.5264 643.3317 663.9456 660.9583 620.9979 555.1942 480.3875 403.6179 313.8046 212.3098 111.3293 45.43187 18.96454 10.01758 6.201652 4.537447 3.729497 2.938076 1.430796 .1898677 .414285
144.2216 142.3081 142.6229 144.6543 157.8287 173.5012 190.1643 207.6331 226.479 244.6506 261.578 278.9408 294.1529 302.3709 305.3989 306.3785 306.9834 309.7122 312.9623 317.6903 324.2699 331.7972 340.4236 353.2239 368.8599 387.8533 411.274 440.0346 467.6496 479.4465 480.5791 480.5809 477.8085 475.9501 473.5357 472.4539 473.8049 479.3158 492.5849 518.3726 561.6614 608.0984 643.1735 659.8644 665.5601 633.9907 572.3725 499.0802 430.3818 357.1335 271.7942 178.7516 90.5349 38.02409 16.62812 9.020817 6.074916 4.761004 3.81382 2.264494 .4490768 2.431048
146.3808 137.9903 133.9036 133.923 146.3867 162.0745 179.1931 197.5702 215.8641 234.3472 253.186 274.1044 291.4591 303.0667 307.8301 310.3164 311.6517 314.0379 314.6226 317.1282 322.8556 330.3661 340.8929 356.0294 377.7278 404.129 435.9471 472.8012 509.6757 534.6898 544.3316 546.3232 543.2048 537.4041 531.8106 526.4034 521.5571 520.0526 526.5858 545.9167 582.6098 624.0423 654.9871 670.5358 674.1338 650.6713 593.9223 523.8894 457.3935 392.0606 320.0954 236.1783 141.7747 66.45992 27.75035 13.11503 8.168255 6.111009 4.950174 3.380934 3.047666 1.514889
150.26 136.1511 127.3999 126.9024 136.4969 149.8147 166.6129 185.5742 202.9053 221.5756 240.8109 263.5544 283.2861 297.981 305.6708 310.219 315.2321 318.7176 321.0043 321.689 324.7477 331.5876 343.3828 363.5902 388.7637 419.95 456.834 497.9334 540.7943 574.3127 593.9642 603.7695 604.091 597.6841 593.178 584.1199 575.9019 570.1651 571.4807 586.8242 616.0214 651.8251 676.3697 687.5034 687.5334 663.8989 611.5004 549.5468 486.4378 421.9268 356.4651 279.6698 181.2084 90.67054 38.67078 16.93413 9.956358 7.612659 6.318524 4.655393 2.342873 .9555148
156.274 138.2334 125.8062 123.4642 128.6426 138.7538 153.9969 169.8537 186.1546 204.2649 225.118 248.2151 269.6524 286.0954 297.5677 307.5053 313.0175 318.153 323.9884 325.4496 327.1852 332.7623 346.0647 369.5817 399.1659 434.6266 475.0406 517.2672 563.7599 602.8609 631.1924 650.6961 659.6776 657.3441 652.9018 647.1108 634.8342 625.7184 623.9298 633.8295 657.907 685.2752 701.7589 709.9587 706.9808 682.9478 634.1802 572.5253 508.7933 445.4098 382.5295 311.8285 208.1971 104.2065 45.17625 19.81957 11.34845 8.756065 7.578652 5.790989 1.663682 1.459078
167.251 145.3206 128.9698 121.0341 121.2096 128.2715 141.3932 153.2803 167.0886 183.6086 204.1575 227.6501 249.7444 267.3805 283.0222 295.5678 305.5175 312.9889 321.2111 326.0516 327.3723 333.4138 348.4292 373.2165 403.2661 439.7794 479.5187 525.1312 575.1857 617.7235 652.0071 678.5812 697.6332 704.6005 705.2911 704.6631 695.0499 681.882 677.1212 681.8235 699.5951 724.301 739.2465 739.6716 730.5578 705.0566 658.6888 593.4608 526.4502 464.0523 398.5558 323.1161 219.2815 108.6937 45.57652 20.03103 11.8313 9.179065 7.549451 4.957954 3.067528 3.406647
182.1138 155.9448 133.2518 117.6112 113.3349 117.6772 127.7615 135.8951 147.0109 160.7683 179.1703 201.4017 222.9184 241.7628 257.4724 272.6922 285.9317 299.0766 311.3132 319.7628 326.7147 333.9704 347.8817 371.3066 399.1402 432.837 468.7115 512.4268 563.9147 612.7384 650.4789 685.2888 710.2704 724.8858 735.6904 745.2833 740.7313 727.1699 721.4222 723.4023 740.3748 760.6009 769.5956 763.3834 751.6044 722.0341 672.4871 611.8923 543.039 474.3332 402.3067 317.1017 210.8179 101.3462 39.28603 17.23652 11.00309 8.327029 6.024548 4.102201 4.650127 5.882363
197.4202 166.236 137.7332 115.738 105.13 106.387 111.4802 116.3441 125.138 136.44 152.3682 172.1133 190.978 208.7755 225.6615 241.4627 256.9761 274.4661 294.1096 310.5002 322.9028 332.7452 345.496 363.601 387.1405 414.704 446.37 486.0718 537.5847 586.2681 628.176 668.0815 697.2457 722.6434 744.6097 759.9718 767.2414 766.476 761.0281 763.6981 776.214 790.4558 797.8573 789.0786 772.8787 738.0195 683.7248 621.3 552.4158 477.9861 398.9352 302.727 188.3804 84.08488 30.16279 13.78856 9.368697 6.403934 3.593417 3.391937 4.559196 6.505464
217.8346 181.2676 145.6633 117.9554 101.4133 93.75636 92.88321 94.21291 101.1131 110.841 124.0848 140.5125 157.3893 174.6125 191.4653 207.9758 223.1004 243.1503 268.2332 294.2706 313.0794 328.1031 340.9854 354.9554 372.6246 394.5886 418.03 454.4664 505.4085 553.6978 594.6772 638.0598 670.2566 703.4263 734.7849 756.4112 772.9033 785.7335 792.1639 793.665 803.7888 817.9975 826.4105 816.4761 798.0493 758.3577 696.1668 627.4551 556.8004 479.9329 394.683 288.2426 165.2357 67.73158 23.06499 10.96847 7.03758 3.1637 1.708493 2.630745 4.664652 7.900075
243.4914 203.4959 161.5484 124.898 97.61813 80.03617 72.95178 71.57681 76.70753 84.64526 95.50214 109.1933 123.434 139.3615 156.5474 174.8642 190.4807 208.1439 233.2462 262.4901 286.5087 306.1496 323.6849 335.4705 349.6486 365.4197 383.2258 412.6864 462.7386 513.4718 550.6511 592.6403 628.3445 666.2195 703.079 731.9225 756.1705 781.9314 800.1778 811.263 820.3957 838.1182 852.6719 844.9815 822.7414 781.3171 714.454 635.5075 558.7644 479.5085 388.8363 275.4819 145.6823 54.65446 17.78998 8.527217 4.073509 .6407406 1.499315 3.879187 6.518374 10.7944
272.1558 226.4235 173.0632 122.5321 85.26293 61.5155 50.78458 48.50977 51.81191 57.67159 65.34992 75.59755 86.7067 99.65072 115.5823 133.9321 150.3234 167.8848 191.1395 217.6739 240.995 260.9659 277.6601 288.3306 300.2648 315.5589 331.6533 355.1255 396.8231 449.6344 488.678 529.1216 569.7623 608.6088 651.3243 686.3876 715.924 748.5484 778.2828 797.0889 815.7869 839.9266 859.508 856.5829 833.6705 791.7903 729.1598 648.2641 560.4761 477.9008 383.685 266.3108 132.2984 45.56303 14.77596 7.225626 1.034287 .6744922 4.090674 6.229015 9.455244 14.82486
300.37 249.8407 184.9102 118.1382 70.51207 44.05005 32.40472 28.84848 30.8353 34.7239 39.94999 46.97621 54.38071 64.61806 77.00601 90.99181 105.964 122.7206 144.0971 167.6492 189.452 208.1375 223.6462 233.9202 244.2705 257.8932 272.7426 291.3109 321.3712 365.493 407.8394 450.1111 495.8165 538.7637 581.8395 624.9044 659.2519 696.0505 736.5547 764.3157 789.1601 820.2123 849.1352 851.8807 836.6611 794.8132 734.1162 659.5815 568.8486 479.8236 383.4859 261.7061 126.6129 42.25092 14.52033 7.222467 .8854524 2.47712 5.458084 8.211019 12.91649 20.61127
329.4372 277.5023 207.6008 127.4988 65.89832 34.46902 21.17584 16.86034 16.76747 18.61823 21.8203 26.44466 31.06278 37.55345 46.81542 57.88943 69.80561 84.36773 102.9356 123.4286 141.8079 158.0167 171.4231 180.262 187.4983 199.4198 215.151 233.4161 257.1729 290.5716 330.211 372.4534 415.2885 459.8018 503.6095 550.2465 591.9899 634.7758 681.517 720.817 751.6674 793.9514 828.3406 839.618 830.5225 793.8763 733.0889 664.4772 580.1404 486.2176 387.3093 262.0301 126.0534 42.44636 15.77127 8.147016 2.369821 3.50289 6.489699 10.30553 16.73688 27.53141
361.17 309.7527 238.3783 145.4599 69.94073 30.566 15.05542 9.758307 8.556463 9.204115 11.08491 13.82516 16.61601 20.56243 26.92344 34.35022 43.74655 54.96302 69.23341 86.00885 102.2765 116.0174 127.3889 136.1609 142.6294 150.8129 164.6526 181.6265 201.5334 229.3671 262.9214 300.322 340.9746 385.5424 428.7776 471.067 515.5053 562.2496 616.6804 667.4027 709.9836 760.4206 803.7993 820.6773 819.6415 790.994 731.873 661.8038 586.9212 495.7319 393.5047 263.3409 127.4607 45.37002 17.84119 9.897561 4.694702 5.831173 8.396038 13.18849 22.02448 37.60485
392.2359 341.0255 274.1283 180.0651 84.9949 30.89744 11.13449 5.348851 4.359475 4.883103 6.151488 7.88552 9.804775 12.25664 15.86197 20.02777 26.23624 33.73912 43.08078 55.20799 68.53325 80.48761 90.95138 101.1576 108.9611 116.043 127.6865 142.5476 160.7029 183.0471 208.298 239.517 275.9485 316.7651 357.0354 396.2107 439.4178 490.9188 547.8671 610.3622 662.1255 719.3621 772.906 800.325 808.6503 788.9323 733.0455 660.4966 585.7408 503.7837 399.6776 266.7251 132.3913 51.95554 22.17954 12.7495 7.740402 8.71029 11.59255 18.0498 31.65668 54.09499
424.76 373.5418 313.6091 229.4948 122.0697 44.00294 11.95554 4.068692 3.010314 3.533305 4.520664 5.848306 7.354942 8.80116 10.3018 12.05694 15.00523 19.57314 25.00711 32.44176 42.238 52.89642 63.50841 74.19922 84.3333 93.08463 103.0101 116.9447 130.4435 146.6527 167.5708 193.0283 224.9116 260.0642 293.5508 324.9702 368.2079 420.3565 480.1977 548.5725 609.9086 676.2848 739.5406 782.2468 803.6279 792.9989 741.9427 666.0657 589.6985 512.2378 410.9813 276.6185 144.4914 63.60593 30.15044 17.50619 11.85092 12.44406 16.80318 28.23164 48.36104 76.67088
456.0559 404.9043 351.0658 283.2271 173.9805 73.17915 19.72837 3.996759 2.573901 3.260135 4.24369 5.3445 6.49911 7.296607 7.590207 7.742432 8.716044 11.23289 14.36159 18.55353 25.47716 34.67621 45.37077 57.24838 68.99026 78.41116 87.63387 99.35677 109.5921 120.7852 138.4149 158.0225 184.5953 215.4695 244.526 272.9865 312.2065 360.5645 419.077 487.7584 559.2762 634.0823 707.3987 762.729 801.0795 807.5513 760.7175 682.8049 603.9723 528.6576 431.7783 300.2172 168.2144 81.59412 41.85226 26.48884 19.77481 21.25102 28.65897 44.68019 71.34786 105.5626
486.6687 435.5656 382.5033 323.1671 231.4059 112.3225 37.40205 6.717866 2.403519 3.285707 4.36602 5.275001 6.218927 6.683489 6.497897 5.874258 6.02853 7.421473 9.216557 11.87097 17.22379 25.57481 36.61948 50.07327 63.66481 74.00571 83.213 94.98288 102.972 110.1233 125.0347 140.6059 162.5051 190.845 218.4714 246.8942 281.4365 323.7568 377.572 448.6056 525.908 606.1766 683.7932 749.565 803.128 823.7261 789.6002 716.2117 635.9906 556.3917 467.5301 346.2127 214.2109 116.3347 63.95588 43.38057 37.72132 40.94926 49.98976 69.7346 100.412 137.4403
