py_wake/examples/data/AJ_ParqueFicticio/Ridge area   Sector 6   Height 200m   Weibull-k.grd
DSAA
90  129
 262878   265103
 6504214   6507414
 1.052734   2.669922
[rows 54 to 80 of 129, columns 0 to 61 of 90]
2.427734 2.431641 2.439453 2.455078 2.478516 2.498047 2.498047 2.490234 2.470703 2.455078 2.447266 2.447266 2.435547 2.412109 2.376953 2.330078 2.283203 2.244141 2.205078 2.177734 2.185547 2.224609 2.287109 2.361328 2.419922 2.451172 2.466797 2.466797 2.458984 2.458984 2.458984 2.455078 2.451172 2.447266 2.439453 2.435547 2.427734 2.423828 2.416016 2.412109 2.408203 2.404297 2.400391 2.396484 2.392578 2.392578 2.392578 2.396484 2.404297 2.412109 2.419922 2.431641 2.443359 2.451172 2.458984 2.482422 2.501953 2.513672 2.525391 2.529297 2.525391 2.517578
2.423828 2.431641 2.435547 2.447266 2.474609 2.494141 2.501953 2.498047 2.490234 2.482422 2.478516 2.474609 2.466797 2.447266 2.416016 2.373047 2.326172 2.279297 2.240234 2.212891 2.216797 2.255859 2.318359 2.384766 2.443359 2.470703 2.478516 2.470703 2.458984 2.458984 2.455078 2.451172 2.447266 2.443359 2.439453 2.435547 2.427734 2.423828 2.419922 2.416016 2.412109 2.412109 2.408203 2.404297 2.400391 2.396484 2.396484 2.400391 2.408203 2.416016 2.423828 2.435547 2.443359 2.455078 2.458984 2.474609 2.490234 2.505859 2.513672 2.517578 2.517578 2.513672
2.427734 2.431641 2.435547 2.447266 2.470703 2.494141 2.505859 2.505859 2.501953 2.498047 2.494141 2.494141 2.486328 2.470703 2.447266 2.412109 2.373047 2.330078 2.291016 2.263672 2.267578 2.306641 2.357422 2.419922 2.466797 2.486328 2.486328 2.474609 2.458984 2.458984 2.455078 2.451172 2.447266 2.443359 2.439453 2.435547 2.431641 2.427734 2.423828 2.423828 2.419922 2.416016 2.412109 2.412109 2.408203 2.404297 2.404297 2.404297 2.412109 2.416016 2.427734 2.435547 2.447266 2.455078 2.458984 2.466797 2.482422 2.494141 2.501953 2.505859 2.505859 2.505859
2.431641 2.431641 2.435547 2.447266 2.470703 2.490234 2.505859 2.509766 2.509766 2.509766 2.505859 2.501953 2.498047 2.486328 2.470703 2.447266 2.416016 2.380859 2.345703 2.322266 2.330078 2.361328 2.404297 2.451172 2.486328 2.498047 2.494141 2.478516 2.466797 2.458984 2.455078 2.451172 2.447266 2.443359 2.439453 2.439453 2.435547 2.431641 2.431641 2.427734 2.427734 2.423828 2.419922 2.419922 2.412109 2.412109 2.412109 2.412109 2.416016 2.423828 2.431641 2.439453 2.447266 2.458984 2.458984 2.462891 2.474609 2.482422 2.490234 2.494141 2.498047 2.498047
2.439453 2.435547 2.439453 2.451172 2.470703 2.490234 2.505859 2.517578 2.517578 2.517578 2.513672 2.509766 2.505859 2.498047 2.486328 2.470703 2.451172 2.431641 2.404297 2.384766 2.392578 2.416016 2.447266 2.482422 2.505859 2.509766 2.501953 2.490234 2.474609 2.458984 2.455078 2.451172 2.451172 2.447266 2.443359 2.443359 2.439453 2.439453 2.435547 2.435547 2.435547 2.431641 2.427734 2.423828 2.419922 2.416016 2.416016 2.419922 2.419922 2.427734 2.435547 2.443359 2.451172 2.458984 2.458984 2.458984 2.466797 2.474609 2.482422 2.486328 2.490234 2.490234
2.447266 2.447266 2.447266 2.458984 2.478516 2.498047 2.509766 2.521484 2.521484 2.521484 2.517578 2.517578 2.509766 2.505859 2.498047 2.486328 2.474609 2.462891 2.447266 2.435547 2.443359 2.455078 2.478516 2.501953 2.517578 2.517578 2.509766 2.498047 2.486328 2.474609 2.458984 2.455078 2.455078 2.451172 2.451172 2.447266 2.447266 2.447266 2.443359 2.443359 2.439453 2.439453 2.435547 2.431641 2.427734 2.423828 2.423828 2.423828 2.427734 2.431641 2.435547 2.443359 2.451172 2.458984 2.458984 2.458984 2.458984 2.466797 2.470703 2.478516 2.482422 2.486328
2.462891 2.458984 2.458984 2.466797 2.486328 2.501953 2.517578 2.525391 2.529297 2.529297 2.525391 2.521484 2.517578 2.513672 2.505859 2.501953 2.494141 2.486328 2.478516 2.470703 2.474609 2.486328 2.501953 2.517578 2.525391 2.521484 2.517578 2.505859 2.494141 2.482422 2.470703 2.462891 2.458984 2.455078 2.455078 2.455078 2.451172 2.451172 2.451172 2.447266 2.447266 2.443359 2.439453 2.435547 2.431641 2.431641 2.431641 2.431641 2.431641 2.435547 2.439453 2.443359 2.451172 2.458984 2.458984 2.458984 2.458984 2.462891 2.466797 2.470703 2.478516 2.478516
2.474609 2.474609 2.474609 2.482422 2.494141 2.509766 2.521484 2.529297 2.533203 2.533203 2.529297 2.525391 2.521484 2.521484 2.517578 2.509766 2.505859 2.501953 2.498047 2.494141 2.498047 2.505859 2.517578 2.525391 2.529297 2.529297 2.521484 2.513672 2.505859 2.494141 2.482422 2.470703 2.462891 2.458984 2.458984 2.458984 2.458984 2.455078 2.455078 2.451172 2.451172 2.447266 2.443359 2.439453 2.435547 2.435547 2.435547 2.431641 2.431641 2.435547 2.439453 2.447266 2.451172 2.458984 2.458984 2.458984 2.458984 2.458984 2.462891 2.466797 2.470703 2.470703
2.490234 2.486328 2.486328 2.490234 2.505859 2.517578 2.529297 2.537109 2.541016 2.537109 2.537109 2.533203 2.529297 2.525391 2.521484 2.517578 2.517578 2.513672 2.513672 2.513672 2.517578 2.521484 2.529297 2.533203 2.533203 2.533203 2.525391 2.521484 2.513672 2.501953 2.490234 2.478516 2.466797 2.462891 2.458984 2.458984 2.458984 2.458984 2.458984 2.455078 2.451172 2.447266 2.447266 2.443359 2.439453 2.435547 2.435547 2.435547 2.431641 2.435547 2.439453 2.443359 2.451172 2.458984 2.458984 2.458984 2.458984 2.458984 2.458984 2.458984 2.462891 2.462891
2.501953 2.498047 2.498047 2.505859 2.513672 2.525391 2.537109 2.541016 2.544922 2.544922 2.541016 2.537109 2.533203 2.529297 2.529297 2.529297 2.525391 2.525391 2.525391 2.525391 2.529297 2.533203 2.537109 2.537109 2.537109 2.533203 2.529297 2.525391 2.517578 2.505859 2.494141 2.482422 2.474609 2.466797 2.458984 2.458984 2.458984 2.458984 2.458984 2.455078 2.455078 2.451172 2.447266 2.443359 2.439453 2.435547 2.435547 2.435547 2.435547 2.435547 2.439453 2.443359 2.451172 2.455078 2.458984 2.458984 2.458984 2.458984 2.458984 2.458984 2.458984 2.458984
2.513672 2.509766 2.505859 2.509766 2.521484 2.529297 2.537109 2.544922 2.544922 2.544922 2.544922 2.541016 2.537109 2.533203 2.533203 2.533203 2.533203 2.533203 2.533203 2.537109 2.541016 2.541016 2.541016 2.541016 2.541016 2.537109 2.533203 2.525391 2.517578 2.509766 2.498047 2.486328 2.478516 2.466797 2.462891 2.458984 2.458984 2.458984 2.458984 2.458984 2.455078 2.451172 2.447266 2.443359 2.439453 2.435547 2.435547 2.435547 2.435547 2.435547 2.439453 2.443359 2.451172 2.455078 2.458984 2.458984 2.458984 2.458984 2.458984 2.458984 2.458984 2.458984
2.517578 2.513672 2.509766 2.513672 2.521484 2.533203 2.541016 2.544922 2.548828 2.548828 2.544922 2.541016 2.537109 2.537109 2.537109 2.537109 2.537109 2.537109 2.541016 2.541016 2.544922 2.544922 2.544922 2.544922 2.541016 2.537109 2.533203 2.529297 2.521484 2.509766 2.498047 2.490234 2.478516 2.470703 2.462891 2.458984 2.458984 2.458984 2.458984 2.458984 2.455078 2.451172 2.447266 2.443359 2.439453 2.435547 2.435547 2.435547 2.435547 2.435547 2.439453 2.443359 2.447266 2.455078 2.458984 2.458984 2.458984 2.458984 2.458984 2.458984 2.458984 2.458984
2.517578 2.517578 2.513672 2.513672 2.521484 2.533203 2.541016 2.544922 2.548828 2.548828 2.544922 2.541016 2.537109 2.537109 2.537109 2.537109 2.541016 2.541016 2.544922 2.544922 2.548828 2.548828 2.548828 2.544922 2.541016 2.537109 2.533203 2.525391 2.517578 2.509766 2.498047 2.486328 2.478516 2.466797 2.462891 2.458984 2.458984 2.458984 2.458984 2.458984 2.455078 2.451172 2.447266 2.443359 2.435547 2.435547 2.431641 2.431641 2.435547 2.435547 2.439453 2.443359 2.447266 2.451172 2.455078 2.458984 2.458984 2.458984 2.458984 2.458984 2.458984 2.458984
2.513672 2.513672 2.513672 2.513672 2.521484 2.529297 2.537109 2.544922 2.548828 2.548828 2.544922 2.537109 2.533203 2.533203 2.537109 2.541016 2.541016 2.544922 2.548828 2.548828 2.548828 2.548828 2.548828 2.544922 2.541016 2.537109 2.533203 2.525391 2.517578 2.509766 2.494141 2.482422 2.474609 2.466797 2.458984 2.458984 2.458984 2.458984 2.458984 2.458984 2.455078 2.451172 2.447266 2.439453 2.435547 2.431641 2.431641 2.431641 2.435547 2.435547 2.439453 2.443359 2.447266 2.451172 2.455078 2.458984 2.458984 2.458984 2.458984 2.458984 2.458984 2.458984
2.509766 2.509766 2.509766 2.513672 2.517578 2.525391 2.533203 2.541016 2.544922 2.544922 2.537109 2.533203 2.529297 2.529297 2.533203 2.541016 2.544922 2.544922 2.548828 2.548828 2.548828 2.548828 2.544922 2.544922 2.541016 2.537109 2.529297 2.521484 2.513672 2.501953 2.490234 2.478516 2.466797 2.462891 2.458984 2.458984 2.458984 2.458984 2.458984 2.458984 2.455078 2.451172 2.443359 2.439453 2.435547 2.431641 2.431641 2.431641 2.435547 2.435547 2.439453 2.443359 2.447266 2.451172 2.455078 2.455078 2.458984 2.458984 2.458984 2.458984 2.458984 2.458984
2.501953 2.501953 2.501953 2.505859 2.513672 2.521484 2.529297 2.537109 2.537109 2.537109 2.529297 2.525391 2.521484 2.525391 2.529297 2.537109 2.541016 2.544922 2.544922 2.544922 2.544922 2.544922 2.541016 2.541016 2.533203 2.529297 2.525391 2.517578 2.509766 2.498047 2.482422 2.470703 2.462891 2.458984 2.458984 2.458984 2.458984 2.458984 2.458984 2.458984 2.451172 2.447266 2.443359 2.439453 2.435547 2.431641 2.431641 2.431641 2.435547 2.435547 2.439453 2.443359 2.447266 2.451172 2.451172 2.455078 2.458984 2.458984 2.458984 2.458984 2.458984 2.458984
2.490234 2.490234 2.490234 2.494141 2.501953 2.509766 2.517578 2.525391 2.529297 2.525391 2.521484 2.517578 2.517578 2.521484 2.525391 2.533203 2.537109 2.541016 2.541016 2.541016 2.541016 2.537109 2.533203 2.529297 2.525391 2.521484 2.513672 2.505859 2.498047 2.486328 2.474609 2.462891 2.458984 2.458984 2.458984 2.458984 2.458984 2.458984 2.458984 2.455078 2.451172 2.447266 2.443359 2.435547 2.435547 2.435547 2.431641 2.431641 2.435547 2.439453 2.439453 2.443359 2.443359 2.447266 2.451172 2.451172 2.455078 2.458984 2.458984 2.458984 2.458984 2.458984
2.478516 2.478516 2.478516 2.482422 2.490234 2.494141 2.501953 2.509766 2.513672 2.517578 2.513672 2.513672 2.517578 2.525391 2.529297 2.529297 2.533203 2.533203 2.533203 2.533203 2.529297 2.525391 2.521484 2.517578 2.513672 2.505859 2.498047 2.490234 2.482422 2.470703 2.458984 2.458984 2.458984 2.458984 2.458984 2.458984 2.458984 2.458984 2.458984 2.455078 2.447266 2.443359 2.439453 2.435547 2.435547 2.435547 2.435547 2.435547 2.435547 2.439453 2.443359 2.443359 2.443359 2.447266 2.447266 2.451172 2.451172 2.455078 2.455078 2.458984 2.458984 2.458984
2.462891 2.458984 2.462891 2.466797 2.466797 2.466797 2.466797 2.466797 2.474609 2.482422 2.494141 2.509766 2.517578 2.521484 2.521484 2.521484 2.521484 2.521484 2.521484 2.517578 2.513672 2.509766 2.505859 2.498047 2.494141 2.486328 2.478516 2.470703 2.462891 2.458984 2.458984 2.458984 2.458984 2.458984 2.458984 2.458984 2.458984 2.458984 2.455078 2.451172 2.447266 2.443359 2.439453 2.435547 2.435547 2.435547 2.435547 2.439453 2.439453 2.439453 2.443359 2.443359 2.443359 2.443359 2.447266 2.447266 2.451172 2.451172 2.455078 2.455078 2.458984 2.458984
2.455078 2.455078 2.455078 2.455078 2.447266 2.423828 2.388672 2.369141 2.376953 2.396484 2.423828 2.451172 2.466797 2.474609 2.478516 2.482422 2.486328 2.490234 2.490234 2.486328 2.482422 2.478516 2.474609 2.466797 2.462891 2.458984 2.458984 2.458984 2.458984 2.458984 2.458984 2.458984 2.458984 2.458984 2.458984 2.458984 2.458984 2.455078 2.451172 2.447266 2.443359 2.439453 2.435547 2.435547 2.435547 2.439453 2.439453 2.439453 2.439453 2.443359 2.443359 2.443359 2.443359 2.443359 2.443359 2.443359 2.447266 2.447266 2.451172 2.455078 2.455078 2.455078
2.439453 2.447266 2.455078 2.451172 2.427734 2.388672 2.345703 2.314453 2.322266 2.341797 2.365234 2.388672 2.408203 2.423828 2.435547 2.447266 2.458984 2.458984 2.458984 2.458984 2.458984 2.458984 2.458984 2.458984 2.458984 2.458984 2.458984 2.458984 2.458984 2.458984 2.458984 2.458984 2.458984 2.458984 2.458984 2.455078 2.455078 2.451172 2.447266 2.443359 2.439453 2.439453 2.435547 2.435547 2.439453 2.439453 2.443359 2.443359 2.443359 2.443359 2.443359 2.443359 2.443359 2.443359 2.443359 2.443359 2.443359 2.447266 2.447266 2.451172 2.451172 2.455078
2.412109 2.435547 2.455078 2.439453 2.412109 2.404297 2.400391 2.380859 2.345703 2.341797 2.349609 2.361328 2.373047 2.384766 2.396484 2.408203 2.419922 2.435547 2.451172 2.458984 2.458984 2.458984 2.458984 2.458984 2.458984 2.455078 2.455078 2.451172 2.447266 2.447266 2.447266 2.447266 2.447266 2.451172 2.451172 2.451172 2.447266 2.443359 2.443359 2.439453 2.435547 2.435547 2.439453 2.439453 2.439453 2.443359 2.443359 2.443359 2.443359 2.443359 2.443359 2.443359 2.443359 2.443359 2.439453 2.439453 2.439453 2.443359 2.443359 2.447266 2.447266 2.451172
2.400391 2.443359 2.451172 2.431641 2.427734 2.458984 2.458984 2.427734 2.353516 2.337891 2.345703 2.353516 2.361328 2.365234 2.376953 2.384766 2.388672 2.400391 2.419922 2.435547 2.443359 2.443359 2.443359 2.439453 2.439453 2.439453 2.435547 2.431641 2.423828 2.423828 2.427734 2.431641 2.435547 2.439453 2.443359 2.443359 2.443359 2.439453 2.435547 2.435547 2.435547 2.439453 2.439453 2.443359 2.443359 2.443359 2.447266 2.447266 2.447266 2.447266 2.447266 2.443359 2.443359 2.439453 2.439453 2.439453 2.435547 2.439453 2.439453 2.443359 2.443359 2.447266
2.412109 2.451172 2.447266 2.431641 2.451172 2.458984 2.455078 2.388672 2.349609 2.349609 2.357422 2.365234 2.376953 2.384766 2.388672 2.388672 2.392578 2.396484 2.408203 2.419922 2.431641 2.435547 2.435547 2.435547 2.431641 2.431641 2.431641 2.427734 2.423828 2.423828 2.427734 2.427734 2.431641 2.435547 2.439453 2.439453 2.439453 2.435547 2.435547 2.435547 2.439453 2.443359 2.443359 2.447266 2.447266 2.447266 2.447266 2.447266 2.447266 2.447266 2.447266 2.443359 2.443359 2.439453 2.435547 2.435547 2.431641 2.431641 2.435547 2.435547 2.439453 2.443359
2.435547 2.451172 2.439453 2.435547 2.447266 2.443359 2.416016 2.380859 2.365234 2.373047 2.380859 2.396484 2.404297 2.408203 2.408203 2.412109 2.416016 2.416016 2.419922 2.427734 2.431641 2.435547 2.439453 2.439453 2.435547 2.435547 2.431641 2.431641 2.431641 2.431641 2.427734 2.431641 2.431641 2.435547 2.435547 2.439453 2.439453 2.439453 2.439453 2.439453 2.443359 2.447266 2.447266 2.447266 2.447266 2.447266 2.447266 2.447266 2.447266 2.447266 2.447266 2.443359 2.443359 2.439453 2.435547 2.431641 2.427734 2.427734 2.427734 2.431641 2.435547 2.439453
2.451172 2.447266 2.435547 2.431641 2.431641 2.419922 2.400391 2.388672 2.392578 2.404297 2.412109 2.419922 2.423828 2.427734 2.427734 2.431641 2.431641 2.435547 2.435547 2.439453 2.439453 2.443359 2.443359 2.443359 2.439453 2.439453 2.435547 2.435547 2.435547 2.431641 2.431641 2.431641 2.435547 2.435547 2.439453 2.439453 2.443359 2.443359 2.443359 2.447266 2.447266 2.451172 2.451172 2.451172 2.451172 2.451172 2.451172 2.447266 2.447266 2.447266 2.447266 2.443359 2.439453 2.435547 2.431641 2.427734 2.423828 2.419922 2.423828 2.423828 2.427734 2.435547
2.455078 2.447266 2.435547 2.431641 2.427734 2.419922 2.416016 2.416016 2.423828 2.431641 2.435547 2.439453 2.443359 2.443359 2.443359 2.447266 2.447266 2.447266 2.447266 2.447266 2.447266 2.447266 2.447266 2.447266 2.443359 2.443359 2.439453 2.439453 2.435547 2.435547 2.435547 2.435547 2.439453 2.439453 2.443359 2.443359 2.447266 2.447266 2.447266 2.451172 2.451172 2.451172 2.451172 2.451172 2.451172 2.451172 2.451172 2.447266 2.447266 2.447266 2.447266 2.443359 2.439453 2.435547 2.427734 2.419922 2.416016 2.416016 2.416016 2.419922 2.423828 2.427734
