py_wake/examples/data/AJ_ParqueFicticio/Ridge area   Sector 11   Height 30m   Orographic speed.grd
DSAA
90  129
 262878   265103
 6504214   6507414
 .04091964   1.46441
[rows 27 to 53 of 129, columns 0 to 61 of 90]
.8764667 .8858522 .899224 .9122579 .9240598 .9345238 .9424257 .9469222 .9481952 .9454114 .9381116 .9283101 .9186916 .9113798 .9083397 .909215 .9128755 .918145 .922777 .9274036 .9396248 .9540892 .9687372 .9847592 .9993448 1.016438 1.036655 1.062227 1.093198 1.121011 1.148447 1.174537 1.200317 1.227046 1.247524 1.269437 1.292523 1.315626 1.341843 1.361212 1.366639 1.363803 1.351043 1.327284 1.293548 1.251632 1.208801 1.152641 1.027176 .7808431 .4429003 .1746333 .1684073 .1644127 .1580766 .1629783 .1556346 .1417326 .1272126 .1169207 .1138485 .1184447
.8643613 .8742265 .8880755 .9021711 .9165927 .9310725 .9435797 .9537043 .9602954 .9608645 .955323 .9466696 .9362895 .9261687 .9181187 .9138997 .913597 .9157297 .91847 .9215433 .9297479 .9394597 .9492946 .9620778 .9727259 .9853881 1.002848 1.024517 1.0519 1.079305 1.104522 1.129122 1.155339 1.183573 1.207424 1.231719 1.258938 1.28625 1.318262 1.345905 1.360752 1.367445 1.361898 1.339377 1.302197 1.256171 1.211129 1.147115 .9943776 .7240565 .3886546 .185181 .185267 .169633 .1540468 .149414 .139032 .1238722 .1092704 .100759 .1010377 .1090593
.8523021 .8627421 .8763689 .8902088 .9057862 .9228045 .9389876 .9543555 .9674747 .9737718 .971211 .962812 .9530568 .9434931 .9341682 .9269449 .9229903 .9218659 .9214634 .9226103 .9277008 .932617 .9372937 .9458029 .9528171 .9597456 .9744073 .9937162 1.017588 1.04206 1.064294 1.086016 1.109797 1.137985 1.16512 1.191062 1.221336 1.253276 1.290508 1.326167 1.351193 1.368344 1.37171 1.35283 1.314552 1.264821 1.215115 1.142819 .9691451 .682152 .3548964 .205255 .195631 .171408 .1489882 .1362533 .1232212 .1070206 .09238897 .08566266 .08909249 .1003587
.8393938 .8503472 .8635911 .8770323 .8930772 .9107358 .9283121 .9466593 .9650845 .9783439 .9800153 .9745802 .9666479 .9591281 .9519504 .9450169 .9399098 .9367669 .9337844 .9328008 .9365961 .9373807 .9377697 .9431241 .9463832 .9480791 .9598641 .9776195 .9970388 1.016836 1.035446 1.052099 1.069401 1.095263 1.124236 1.152053 1.183522 1.219301 1.261083 1.303311 1.337777 1.365353 1.378726 1.365733 1.3305 1.279725 1.223692 1.145912 .9608492 .6637979 .3497406 .2233366 .2032531 .1728908 .1446636 .1258791 .1094929 .09110067 .07591122 .0710696 .0776018 .09207428
.8245581 .8353214 .8480826 .8605954 .8765798 .8946932 .912941 .9321147 .9521735 .9693368 .9761693 .9768896 .9741636 .9697828 .9652452 .9607713 .9568436 .9543762 .9528568 .9530444 .9545569 .9542336 .9541948 .9575588 .9585261 .9595244 .9681992 .9811912 .9931071 1.005764 1.019281 1.032588 1.047108 1.068034 1.093438 1.120879 1.152001 1.189088 1.233463 1.280263 1.322429 1.358465 1.379086 1.372878 1.342917 1.295227 1.235534 1.156079 .9788811 .6912932 .3898421 .2447789 .2107582 .1772468 .1440814 .1202797 .1016153 .08026002 .05881865 .05681123 .06636811 .08394122
.8103825 .8206305 .832843 .8446895 .8603458 .8781733 .8961812 .9149713 .934689 .953341 .9644485 .9705032 .9733129 .9735065 .9721331 .9698722 .9678898 .9691839 .9724509 .9741878 .9747327 .9756569 .9767751 .9783937 .979126 .9808324 .9866731 .994827 1.000508 1.00588 1.013907 1.024051 1.037052 1.052976 1.073284 1.098154 1.127871 1.16448 1.20926 1.258275 1.306443 1.349405 1.374281 1.374268 1.349549 1.305491 1.246902 1.169929 1.016856 .7530124 .4594776 .2789405 .2191102 .1824221 .1458706 .1171688 .09740481 .07600596 .05351155 .04573192 .05680763 .07746783
.7966508 .8063506 .8180308 .8293291 .8450172 .86285 .8807685 .8987395 .9171348 .9359248 .9506996 .9614381 .9686645 .9722622 .9730058 .9721342 .9719141 .9780166 .9867122 .9913094 .9934605 .9954016 .997301 .999142 .9998311 1.001085 1.00605 1.012649 1.015227 1.016871 1.020265 1.025458 1.036137 1.048816 1.064777 1.086754 1.113818 1.14767 1.189827 1.238223 1.290461 1.338716 1.366446 1.371846 1.352816 1.312053 1.256449 1.184619 1.057559 .8299652 .5554208 .338418 .2403057 .1903559 .1519331 .1198893 .09638474 .07302254 .04740717 .04091964 .04986816 .07433625
.7833259 .7925823 .8038272 .8148829 .8315689 .8501279 .8685308 .8869968 .9048548 .9226685 .9393975 .9536064 .9641983 .9700114 .9713942 .9700796 .9717911 .9812117 .9923303 1.000979 1.005865 1.009159 1.012972 1.015857 1.016875 1.019268 1.025135 1.033057 1.038886 1.041065 1.042349 1.04594 1.053673 1.062626 1.076074 1.094564 1.115353 1.144744 1.180934 1.224919 1.278084 1.327922 1.357063 1.366878 1.35364 1.316818 1.264607 1.19763 1.098672 .9248064 .6796032 .4404183 .2897929 .2132446 .1671216 .1327162 .1027475 .07482275 .05180942 .04398109 .04723024 .07688135
.7731104 .7810743 .7903731 .8001506 .8185597 .838806 .858938 .8789739 .8980527 .9165582 .9343863 .9502044 .9627051 .9695619 .971101 .9698142 .9727589 .9819846 .9925678 1.001636 1.008637 1.014894 1.020832 1.026196 1.030489 1.036896 1.046261 1.059444 1.071208 1.076686 1.080621 1.085333 1.090732 1.096864 1.107581 1.11928 1.134343 1.156809 1.185671 1.222342 1.271217 1.318511 1.347624 1.360842 1.353335 1.321395 1.272389 1.210544 1.128941 1.003796 .8154857 .5882943 .3952947 .2785174 .2084682 .1588031 .1210528 .09088115 .06837095 .05520434 .05916604 .08876493
.76734 .7712793 .7768894 .7838028 .8041411 .8263016 .8485071 .8703213 .8913808 .9116685 .9307454 .9481651 .9627442 .9704223 .9726942 .9735369 .9760367 .9820806 .9904353 .9981108 1.005318 1.013017 1.020417 1.029871 1.03988 1.051957 1.068398 1.089388 1.109191 1.120124 1.126856 1.131706 1.135827 1.139942 1.14614 1.153138 1.162126 1.177085 1.198002 1.228284 1.270032 1.311815 1.339826 1.354504 1.353468 1.327004 1.28063 1.221535 1.153912 1.063609 .9340526 .7490854 .5458194 .3871256 .2800991 .2054882 .1517103 .115095 .08892541 .07419673 .08312003 .1077732
.7661092 .7631128 .76327 .7663288 .7878653 .8114308 .8351567 .8583099 .8815059 .9045977 .9257867 .9460161 .9630839 .9720581 .9759278 .9780907 .9797983 .9829576 .9874782 .992357 .9997391 1.006838 1.015806 1.028745 1.044982 1.064559 1.088301 1.117143 1.146242 1.163861 1.172771 1.178183 1.180857 1.183439 1.18523 1.188264 1.192679 1.200638 1.213351 1.236706 1.272587 1.309497 1.336376 1.350704 1.35443 1.334581 1.291358 1.234947 1.175911 1.105732 1.010853 .8796353 .6976928 .5153999 .3736474 .2693133 .1949862 .145454 .1131857 .1013345 .1107746 .1288054
.7719263 .7573299 .7501231 .7501237 .7711151 .7941783 .8183082 .8422403 .8662075 .8913842 .9153261 .9400339 .9603102 .9729722 .9779785 .9804136 .9827401 .9859244 .9867516 .9889215 .994603 1.00174 1.011957 1.027472 1.048581 1.07465 1.104998 1.139048 1.173134 1.197483 1.211152 1.219642 1.222536 1.223107 1.22265 1.222746 1.223079 1.225255 1.233016 1.251708 1.281886 1.314716 1.339751 1.352936 1.357281 1.341693 1.30364 1.251437 1.196015 1.13628 1.061791 .9602186 .8093854 .6244552 .4584873 .3314281 .2390801 .1762811 .1406585 .1324465 .136689 .1493791
.7802585 .7562392 .7407481 .7392423 .7554191 .7755676 .798922 .823096 .8481962 .87414 .8997524 .9272199 .9505574 .966718 .9755318 .9800822 .9843053 .9874714 .9895748 .990476 .9931611 .9992155 1.011071 1.030517 1.054978 1.084333 1.118143 1.154373 1.190448 1.219223 1.23808 1.250541 1.257007 1.25794 1.258304 1.256712 1.255056 1.254614 1.259016 1.273944 1.29903 1.327345 1.348203 1.359411 1.36207 1.347462 1.312864 1.266717 1.215311 1.158435 1.095454 1.009975 .8735122 .6904777 .5131201 .3692443 .266723 .2027396 .1681989 .1577659 .159026 .1738481
.7916842 .761699 .7395743 .7343097 .7418452 .7565537 .7772963 .7996572 .824234 .8506268 .8784515 .9084571 .9343646 .9527655 .9657574 .9760923 .9814646 .9863169 .9913105 .9924827 .993847 .9989819 1.012606 1.03537 1.062874 1.094406 1.128268 1.164175 1.201603 1.232393 1.255533 1.272533 1.284122 1.287735 1.290509 1.290841 1.287424 1.285039 1.287745 1.299309 1.31986 1.343194 1.35967 1.368199 1.369449 1.355408 1.323121 1.278749 1.229162 1.174461 1.115671 1.041358 .9086331 .7184662 .5369272 .3881882 .2810849 .2162058 .188534 .1790356 .1858818 .2095929
.8091164 .7746781 .7461512 .7306997 .7284321 .7363426 .7535789 .7727847 .7955561 .8212984 .8502377 .8817797 .9092543 .9308793 .9481705 .9621865 .9723978 .9798109 .9881349 .9922633 .9934486 1.000041 1.014839 1.039542 1.067305 1.09939 1.13228 1.167982 1.20487 1.237589 1.263044 1.284323 1.300311 1.308071 1.313841 1.319415 1.318986 1.315066 1.31568 1.324148 1.3406 1.361514 1.375608 1.380365 1.378831 1.364635 1.33449 1.289608 1.238807 1.185529 1.125721 1.048861 .9192 .7225041 .53111 .3802975 .2763037 .2196455 .2016657 .2028385 .2215067 .2498438
.8313008 .7915056 .7530698 .7233055 .7110671 .71329 .7271098 .742417 .762351 .7856706 .8148467 .8474081 .8758 .8989903 .9182385 .9351041 .9499744 .9638938 .9767441 .9855614 .9928696 1.000877 1.014722 1.03729 1.063764 1.093364 1.123961 1.158419 1.195915 1.230693 1.25759 1.283524 1.301906 1.314984 1.326047 1.336316 1.339762 1.337606 1.338115 1.344937 1.36045 1.378404 1.389613 1.391261 1.3874 1.371393 1.340613 1.298402 1.246357 1.190243 1.125185 1.037413 .9019839 .6989995 .4942496 .34176 .2510889 .2136755 .207731 .2230748 .2454556 .271796
.8519701 .8058469 .7578416 .7153003 .6889377 .6853034 .6948431 .7049765 .7225134 .7438717 .7720241 .8043186 .8329842 .8583887 .880055 .8990818 .917134 .9371375 .9584962 .9767691 .9897587 .9997301 1.012516 1.030677 1.052509 1.077744 1.104519 1.137444 1.176222 1.211653 1.240421 1.269909 1.29093 1.309938 1.327109 1.34034 1.348882 1.353075 1.35678 1.364251 1.377098 1.391608 1.402088 1.402578 1.396591 1.378048 1.344868 1.301632 1.25048 1.190463 1.118949 1.018006 .8634893 .6484652 .4367127 .290403 .2183846 .1942962 .1990772 .2176995 .2392851 .2673568
.8777059 .8251188 .7668143 .7127617 .6736993 .6557888 .6538612 .6571064 .6729563 .6940957 .7209499 .7517261 .7809731 .8087692 .8342829 .8578972 .8784894 .902364 .9312875 .9603567 .9805903 .9957717 1.009361 1.022706 1.039923 1.059693 1.080735 1.111305 1.152005 1.188232 1.217106 1.248088 1.271816 1.295497 1.317705 1.334315 1.347941 1.359993 1.369706 1.378254 1.389613 1.403723 1.414825 1.414646 1.407336 1.386574 1.349733 1.303227 1.250972 1.189119 1.111761 .9979189 .8209504 .5942122 .3802275 .2406615 .1788269 .1590665 .1732974 .1941966 .2217475 .2600683
.9088757 .853734 .7882587 .7216751 .6647367 .6221725 .6033099 .5996 .6137546 .6344231 .6606826 .6911028 .7201886 .7501951 .7801268 .8097232 .8334091 .8586755 .8921855 .9283175 .9543628 .9752081 .9935253 1.004825 1.018221 1.033555 1.049627 1.076459 1.11856 1.158099 1.186146 1.217574 1.244086 1.271031 1.298001 1.318084 1.335562 1.354499 1.371024 1.383322 1.396662 1.412604 1.426489 1.427216 1.418208 1.396771 1.35818 1.306644 1.249595 1.186685 1.103956 .9795069 .782383 .5426372 .3263647 .1901055 .1313716 .1250337 .1483352 .178779 .2177722 .2697683
.9411611 .8823066 .8048856 .7172772 .6355464 .5699894 .5347258 .5266894 .5418277 .5630757 .587391 .6159629 .6436707 .6733769 .7069209 .741506 .7702644 .7992149 .8347896 .8720239 .9023688 .9268818 .9464774 .9586618 .9711433 .9871566 1.00314 1.025898 1.064822 1.109801 1.142107 1.175017 1.206039 1.235302 1.266238 1.291149 1.311636 1.335431 1.357904 1.374712 1.392377 1.412579 1.430076 1.43306 1.423788 1.401785 1.365066 1.312808 1.250003 1.183447 1.097726 .96614 .7528779 .5000333 .2845981 .1541729 .1076184 .1251274 .1687214 .2119049 .2580667 .3102478
.970726 .9112822 .8231274 .7088043 .5966927 .5100373 .4604109 .4468879 .461201 .4811231 .5035836 .5298726 .5549069 .5862542 .6206995 .6557854 .6897222 .7237907 .7629731 .8022675 .8346881 .8612369 .881516 .8944604 .9075494 .9246597 .9431303 .9651732 .9993413 1.044524 1.084145 1.120271 1.157364 1.190577 1.223428 1.253793 1.278628 1.30631 1.335045 1.356898 1.378677 1.403647 1.424728 1.43119 1.42529 1.403178 1.367138 1.319129 1.25483 1.183809 1.096123 .959168 .7385005 .4796353 .2705403 .1541554 .1393663 .1747044 .217027 .2608435 .3104043 .3661699
.9993814 .943234 .8558512 .7273299 .5835814 .470516 .4040841 .3794254 .3819682 .3955514 .4152603 .440049 .4623622 .491345 .5280318 .5664813 .6032444 .6429139 .6869839 .7295253 .764262 .7920551 .8135831 .8274806 .838403 .8563473 .8789629 .9037495 .9346915 .9750238 1.018138 1.059881 1.100394 1.138924 1.174073 1.208424 1.239284 1.27034 1.305075 1.333985 1.360053 1.390005 1.415007 1.424718 1.422795 1.403169 1.366995 1.321782 1.262452 1.18852 1.099179 .9583616 .7351 .4768862 .2791728 .1902597 .1935304 .2203861 .2580506 .3026399 .3560883 .419566
1.028454 .9766739 .895398 .7603075 .5955104 .4546391 .3636767 .3193626 .3081802 .3149465 .3313188 .352749 .3728638 .3992977 .4372403 .4762889 .5184249 .5610846 .6066585 .6523549 .6910207 .7202334 .7432767 .7605643 .7729986 .7883901 .8125862 .8398687 .8708217 .9091472 .951255 .9947278 1.037637 1.080787 1.119684 1.155697 1.191894 1.228204 1.268442 1.305628 1.336378 1.3717 1.401704 1.41558 1.417977 1.402627 1.367528 1.321037 1.267215 1.195563 1.104354 .9595116 .7366433 .4886016 .3051558 .2449293 .243103 .2612456 .294042 .3396396 .4009731 .4768883
1.057185 1.007779 .9359891 .8119711 .6334357 .454452 .3272148 .2588952 .2415906 .2471604 .26117 .2791298 .2989673 .324703 .3588864 .3944182 .4368623 .4792509 .5221104 .5675116 .6096266 .6431486 .6698179 .6944208 .7128407 .7294417 .7542087 .783174 .8153189 .8518264 .889447 .9314207 .9756177 1.020363 1.060701 1.096835 1.135702 1.178624 1.224261 1.270693 1.307757 1.349041 1.385269 1.405166 1.413004 1.40303 1.370064 1.321897 1.267809 1.202453 1.11019 .9632049 .7463142 .5173549 .3528191 .2961896 .2872476 .2987005 .3285079 .3805647 .4579753 .5459281
1.085236 1.039186 .9789833 .8789733 .7037862 .4968336 .3313044 .2274393 .1932676 .1958533 .2073048 .223786 .246013 .271167 .2983542 .3271073 .3618965 .4015966 .4394772 .4802841 .523621 .563342 .5984492 .630753 .6590496 .6828723 .7080722 .7401155 .7686624 .8001062 .8367226 .8755905 .919839 .9635798 1.000926 1.034622 1.076751 1.124166 1.174854 1.228864 1.274858 1.323035 1.366731 1.394485 1.41001 1.40687 1.37619 1.326433 1.271399 1.210391 1.121273 .9758407 .7708715 .5630636 .4152817 .3487695 .331138 .3364993 .3718788 .4420883 .5290133 .6167241
1.111841 1.068103 1.017185 .9448287 .7954183 .5772925 .3666944 .2244665 .1606611 .1529446 .1640445 .1850054 .2126967 .2370294 .2575337 .2775288 .30336 .3373567 .3701833 .4051352 .4482193 .4943825 .5388173 .5815737 .6192969 .6485831 .6754549 .7068209 .7325042 .7584987 .7930502 .8279985 .8701383 .9130891 .9493055 .982655 1.025238 1.073825 1.127127 1.185962 1.241597 1.296986 1.347679 1.384216 1.409634 1.41492 1.388309 1.338573 1.283103 1.223692 1.141313 1.003803 .815267 .6227043 .4827943 .4155113 .3928529 .4023128 .44443 .5153296 .6023968 .6865208
1.137158 1.094666 1.047071 .9889281 .8796003 .6761978 .4402931 .2667989 .1666105 .1335464 .1448907 .1744339 .2063331 .2257941 .2387476 .2497321 .2693257 .2973402 .3244548 .355128 .3988281 .4504901 .5041961 .5576254 .6033388 .6364205 .6641719 .6961098 .7180819 .7376619 .7693377 .8001687 .8382232 .8802361 .9173797 .9527348 .9934195 1.038739 1.09197 1.154998 1.218327 1.279305 1.333712 1.376842 1.411332 1.42481 1.405361 1.360211 1.305212 1.246226 1.173067 1.056173 .8899531 .7127596 .5725943 .5022969 .4873361 .500766 .5351329 .5979265 .6752491 .7498295
