py_wake/examples/data/AJ_ParqueFicticio/Ridge area   Sector All   Height 200m   Elevation.grd
DSAA
90  129
 262878   265103
 6504214   6507414
 200.1461   600.0008
[rows 54 to 80 of 129, columns 0 to 61 of 90]
362.1596 361.2837 358.885 354.708 350.189 344.947 340.2698 336.844 334.3415 333.5096 335.1806 338.295 341.4266 343.3306 344.4093 345.4905 347.6158 351.5395 356.4227 362.5475 370.3837 378.9778 387.9451 396.9663 405.713 413.4818 420.8841 429.0281 436.5862 444.1269 452.7284 461.4652 470.3089 479.498 488.3122 497.1841 506.4445 515.7961 525.4023 535.2657 545.1332 554.7695 563.2502 570.4182 577.0247 581.3787 581.7728 579.3906 575.0455 569.0507 562.0275 553.4642 544.371 535.6018 527.0413 520.4048 515.8701 513.0087 511.8381 512.69 515.6417 519.4751
368.1154 368.569 367.4543 364.3362 359.4061 354.3856 350.2188 347.0488 345.0327 344.7673 346.6746 349.943 352.7061 353.9323 354.4149 354.9044 356.2587 358.7902 362.6145 368.0265 375.0338 383.1986 391.8394 400.7573 409.9027 418.4581 426.7754 434.9622 443.03 451.2117 459.5129 468.2623 476.7645 484.8384 492.6915 500.8488 509.9423 519.1008 528.2614 537.6694 547.3029 556.8845 565.3312 572.7389 579.325 582.9446 584.0267 582.6005 579.2723 573.5526 566.6269 558.6688 550.1762 542.0713 534.3446 527.9077 523.5587 520.8882 519.5699 519.8389 521.336 522.9899
373.6709 375.556 375.7924 373.463 368.6669 364.1201 360.0231 357.0303 355.4482 355.5625 357.8168 361.5085 364.6398 365.4253 365.4454 365.3467 366.0352 367.5913 370.1797 374.3621 380.834 388.5942 396.8078 405.8441 415.4116 424.6311 433.4258 441.9231 450.1685 458.5192 467.0509 475.698 484.0322 491.6484 499.1598 507.0867 515.35 523.8126 532.1978 541.1476 550.6331 559.8177 568.0028 575.5199 581.47 584.7197 586.2833 585.2603 582.6298 578.1722 571.5087 563.906 555.9893 548.3252 540.9561 534.6661 530.416 527.6925 525.9837 525.3309 525.4222 525.7401
379.3906 381.9977 383.1182 381.6566 378.1478 373.6786 369.8469 367.4876 366.3983 366.7054 368.6356 372.6192 376.3091 377.8853 377.7101 377.0933 376.7919 377.5164 379.0235 382.3403 388.3211 395.6614 403.3723 412.0708 421.6851 431.2821 440.3829 449.1686 457.5417 466.1966 474.8994 483.462 491.58 499.3489 507.1679 514.871 522.5607 530.0609 537.6984 546.0446 555.2034 563.9216 571.7683 578.9014 583.7197 586.9851 588.7 588.0262 585.6949 582.277 576.7975 569.732 562.1534 554.7111 547.7104 541.4447 536.7138 533.5032 531.1526 529.7163 528.835 527.8489
383.9576 387.5402 389.2894 388.3174 386.0457 382.7554 379.7285 377.3222 376.3493 377.1174 379.532 383.2412 386.8918 388.9345 389.154 388.9547 388.7543 389.2005 389.8142 392.4873 397.7492 404.2675 411.4434 419.6985 428.9331 438.4376 447.6304 456.3937 465.1006 473.9256 482.7263 491.4165 499.6363 507.5665 515.2994 522.9671 530.412 537.6652 545.1207 552.9336 561.1034 569.0323 576.602 582.4651 586.6096 589.7814 591.545 591.1096 589.1089 585.9145 581.6295 575.5308 568.41 561.4431 554.7152 548.5628 543.2445 539.0829 535.9338 533.3267 530.9573 528.3168
387.9636 392.3563 395.0428 395.193 393.7173 391.2262 388.8765 387.0341 386.2734 386.9693 389.3874 393.0132 396.6122 398.9059 399.5381 399.7863 399.9922 400.2917 401.1622 403.5703 408.1098 413.6173 420.3392 428.3672 437.1752 446.1702 455.1106 463.7983 472.3748 481.1854 490.169 499.0799 507.6349 515.6335 523.3265 530.9467 538.2153 545.4154 552.7662 560.2544 567.4846 574.7471 581.1758 585.9998 590.1684 593.4288 595.3182 594.9951 593.0361 589.7829 585.6832 580.756 574.4976 567.7883 561.2655 555.069 549.5721 544.6517 540.0717 535.9087 531.7212 527.5532
391.94 397.0146 400.7754 402.1152 401.3646 399.6266 397.9195 396.7223 396.1428 396.4871 398.6238 402.1843 405.8331 408.3549 409.6781 410.8153 411.5452 411.9773 412.7355 414.4876 418.7626 423.9154 429.8553 437.4465 445.7952 454.1847 462.6821 471.0096 479.45 488.0495 496.9033 506.0209 514.9496 522.968 530.5535 538.1557 545.2111 552.1506 559.3593 566.1497 572.9541 579.4757 584.605 589.1377 593.6506 597.4478 599.0176 598.8932 597.4568 593.7585 589.4231 584.8743 579.74 573.5591 567.0885 560.7632 554.8071 549.1772 543.3674 537.3767 531.5106 526.0608
396.2672 401.6523 405.8801 408.2204 408.1891 407.3013 406.4152 405.7147 405.3097 405.5621 407.3576 410.3016 413.976 417.3539 419.6153 421.1913 422.4279 423.2949 424.2925 426.1893 429.8152 434.465 439.7997 446.6797 454.4884 462.3114 470.0653 477.9635 486.2282 494.5271 503.1281 512.0085 520.7977 528.5997 536.234 543.5231 550.244 557.1831 563.9359 570.3246 576.87 582.5726 587.0503 591.4658 596.1068 599.5231 599.9908 599.9895 599.6723 597.2738 592.9261 588.3789 583.8159 578.3876 571.9628 565.172 558.2913 551.6613 544.8556 537.6346 530.2609 523.4866
400.4709 405.9261 410.4207 413.8419 414.6262 414.444 413.9234 413.4347 413.1932 413.5136 415.1808 418.1133 421.4399 424.5356 427.4565 429.5533 431.6602 433.4857 435.5329 437.983 440.9889 445.4506 450.453 456.6056 463.4632 470.6892 477.784 484.8187 492.3424 500.4251 508.429 516.8445 524.9016 532.5844 540.0033 546.8232 553.584 560.3271 566.6271 572.8981 579.0797 584.2957 588.871 593.3485 597.6092 599.9746 599.9993 599.9988 599.9866 599.2678 596.2405 591.8734 587.1589 581.9896 575.806 568.5473 560.7771 553.0557 545.3118 537.038 528.2156 519.7037
403.5071 409.3759 414.8447 418.726 420.0172 420.3002 420.243 420.1529 420.1862 420.5602 421.6126 423.4862 426.3377 429.8621 433.673 436.9376 439.6651 442.3502 445.0504 448.2087 451.7688 455.7732 460.7402 466.1956 472.5753 478.7708 484.6685 490.9774 498.1137 505.3801 512.9516 520.6956 528.04 535.418 542.4288 548.8264 555.3109 561.735 567.8798 574.0108 579.8693 584.9404 589.6666 594.4282 598.6022 599.9998 599.9995 599.9989 599.9982 599.9269 598.7307 595.1499 590.2322 585.0306 579.1198 571.572 563.0639 554.3926 545.7209 536.3718 526.1454 516.0562
404.4561 410.8919 417.1292 420.5557 421.7514 422.2654 422.5455 422.8092 423.1968 423.847 424.9974 426.8823 429.7006 433.5426 438.1042 442.127 444.8849 447.864 451.6477 456.5453 460.4332 463.8448 468.1487 473.906 480.0948 484.9742 490.0296 496.2055 502.7503 509.3117 516.4565 523.5112 530.3175 537.2351 543.7287 549.7874 555.8888 561.8726 567.6247 573.4697 579.3082 584.3656 588.9615 593.6591 598.0967 600 599.9998 599.9993 599.9985 599.9957 599.7547 597.717 592.9113 587.5184 581.7908 574.3966 565.2371 555.7898 546.2452 536.0524 524.8286 513.6856
403.0751 409.6698 416.2823 420.3504 421.9332 423.051 423.7486 424.1497 424.5309 425.2291 426.2999 427.8809 430.3202 434.052 438.8372 443.2847 447.0625 450.7676 455.094 460.3802 464.7334 468.3882 472.7767 478.6231 484.1541 488.9482 493.9194 499.8172 505.7575 511.8925 518.412 524.851 531.1274 537.3781 543.3775 549.1053 554.635 559.9418 565.334 571.0667 576.9558 582.2063 586.8275 591.4194 596.0264 599.3118 599.9973 599.9997 599.999 599.9982 599.9882 598.8824 594.7988 589.2146 583.5098 576.5251 566.8987 556.9636 546.876 536.213 524.4805 512.6972
400.2431 406.7998 413.0124 418.6848 420.9062 422.2392 423.1306 423.4064 423.3914 423.595 424.2248 425.3847 427.5352 431.2042 436.3388 441.7105 446.0349 450.3365 454.932 460.0319 464.8238 469.5071 474.3489 479.6977 485.1697 490.5303 495.9651 501.6243 507.2929 513.0219 519.0436 524.9532 530.6442 536.2431 541.7952 547.077 551.8372 556.3913 561.4897 567.1329 572.8761 578.7022 583.8912 588.5295 593.0763 597.6669 599.8605 599.9969 599.9996 599.9988 599.9977 599.1387 595.4588 589.9493 584.383 577.8611 568.1862 558.0466 547.5762 536.5613 524.5558 512.2707
396.2842 402.624 408.4741 413.9348 418.1136 420.2722 421.3483 421.3089 420.4883 419.8746 419.8964 420.6316 422.6549 426.5189 431.9728 438.523 443.5609 447.7994 452.3369 457.7126 463.1446 467.9466 472.9532 478.4939 484.1324 489.4683 494.9738 500.8455 506.2038 511.7303 517.931 523.6553 528.5815 533.4231 538.77 543.8332 547.907 551.8459 556.5757 562.1298 568.0539 574.2236 580.2531 585.3673 590.1609 595.1217 598.9113 599.9454 600.0002 599.9996 599.9987 599.1912 595.6538 590.2786 584.8998 578.8284 569.2767 559.1208 548.3223 536.9293 524.6768 512.1372
391.2755 397.4877 403.0861 407.9442 411.7757 414.8618 416.3549 415.8649 414.2614 412.9912 412.6902 413.4655 415.7935 420.1822 425.8893 432.5072 438.92 443.7682 448.349 453.7683 459.7281 464.8317 469.8423 475.4453 481.1768 486.4062 491.7039 497.2013 502.444 507.9733 513.9492 519.7671 524.3931 528.6019 533.4758 538.3621 542.4175 546.1735 550.6144 556.1254 562.5415 569.0516 575.7757 582.1031 587.2184 592.1481 596.8965 599.5839 600.0005 600.0003 599.9996 599.207 595.6838 590.2917 584.9407 578.9246 569.2618 559.0577 548.1863 536.7422 524.4133 511.8024
385.8729 391.4905 396.778 400.7325 403.5819 405.8318 406.9478 406.5282 405.3463 404.3923 404.2576 405.2714 407.8863 412.1711 417.8441 424.4419 431.2342 437.1405 442.7094 448.1882 453.9382 459.7682 465.0574 470.3863 475.9322 481.5729 486.6767 491.3206 496.4002 501.9268 507.3164 512.7881 517.5068 521.4385 525.4537 529.8146 534.1036 538.407 543.3857 549.1682 556.0245 563.1736 570.4655 578.1812 584.212 589.212 594.1312 598.532 599.899 600.0008 600.0005 599.1799 595.4922 589.8223 584.1385 577.3773 567.47 557.0653 546.2422 534.9794 523.0672 510.9917
379.6052 384.8838 389.7261 392.8452 394.5979 395.9261 396.5022 396.1914 395.3991 394.7937 395.0395 396.3226 398.8111 402.9773 408.7006 415.2972 421.9412 428.2167 434.5765 440.8163 446.5732 452.5754 458.468 463.8794 469.3642 474.6652 479.7761 484.1178 488.9004 493.6648 498.8257 503.8675 508.3731 512.1547 515.9473 519.769 523.7545 528.3672 534.0388 541.3289 548.8951 556.7172 564.9505 573.4776 581.3411 586.5873 591.5663 596.5186 599.4681 599.9903 599.9866 599.0776 595.1195 589.0269 582.8025 575.0051 565.0386 554.5541 543.6732 532.4503 521.0058 509.4696
372.4181 377.4586 382.0848 384.9087 385.7545 386.0236 386.0162 385.6792 384.9873 384.5966 385.2617 386.6169 388.9299 393.4562 399.3254 405.925 412.1935 418.6113 425.1428 431.6121 438.0433 444.3545 450.265 455.8593 461.4016 466.4897 471.1595 475.4973 479.9824 484.578 489.4763 494.3375 498.7743 502.8112 506.7421 510.5499 514.6431 518.7936 523.9885 532.3461 542.1163 550.8202 559.68 568.9147 578.1374 584.345 589.3688 594.2235 598.2663 599.504 599.3435 597.883 593.6895 587.5775 580.9224 572.4004 562.527 551.9996 541.0746 529.906 518.6329 507.4416
364.5281 368.7312 372.9041 375.4107 375.6418 375.2831 375.0039 374.8259 374.537 374.6039 375.4655 377.0728 379.5665 383.8682 389.7764 396.1324 402.4424 408.8621 415.3449 421.7634 428.3408 435.1044 441.2154 446.6346 451.98 457.0718 461.8775 466.237 470.6413 475.0986 479.96 485.1195 489.8918 494.2703 498.2949 502.6315 507.75 512.3912 517.2917 525.4318 536.4836 546.5266 555.9266 565.6422 575.3264 582.6906 587.6155 592.1298 595.8475 597.1984 596.4769 594.3782 590.4862 585.0626 578.2078 569.5562 559.9509 549.3423 538.4071 527.2704 516.0541 504.942
354.8525 358.5948 361.9965 363.9859 364.3565 364.3639 364.4483 364.5858 364.813 365.5433 366.9554 368.8554 371.3758 375.272 380.4501 386.5868 392.698 399.2237 405.528 411.9396 418.5828 425.0149 431.1404 436.6471 441.7477 446.7434 451.6942 456.3298 460.9782 465.636 470.7446 476.0263 481.7306 487.1044 491.745 496.8805 502.8698 508.6159 514.8069 522.7783 533.8649 544.5271 554.3795 564.2319 573.9491 581.754 586.3073 590.2196 593.0021 593.6124 592.484 590.3418 586.8468 581.8634 574.9517 566.516 557.1459 546.6143 535.7386 524.584 513.4443 502.3486
344.4435 348.002 350.9115 352.5265 353.306 353.7647 354.2209 354.8499 355.9792 357.4534 358.9453 360.9736 363.8311 367.9863 373.024 378.1976 384.2518 390.6439 396.8676 403.6597 410.6337 416.5391 421.8234 427.3557 432.54 437.3031 441.7428 446.3406 450.9546 456.0378 461.5374 467.0538 473.7358 480.7227 486.8142 492.9542 499.6474 506.6863 514.1212 522.5634 533.4222 544.1516 554.3888 564.3184 573.8117 581.3699 585.3771 588.6266 590.4139 590.2501 588.9266 586.8067 583.3966 578.1457 571.1292 563.1045 553.804 543.6019 532.9572 521.9338 510.8449 499.7813
335.5588 338.499 340.7924 342.5181 343.4687 343.9726 344.6089 346.267 349.5062 352.4127 354.6721 356.5921 358.5091 362.0741 367.7875 373.2256 378.142 384.2632 391.2725 398.6331 405.7941 411.4353 415.9216 420.2601 425.4736 430.7587 435.0286 438.5534 442.3335 447.9698 453.9681 459.4153 466.4405 475.2361 483.3515 490.9675 498.772 506.7664 514.7523 523.7166 534.6075 545.2513 555.3994 565.0183 574.1089 581.195 584.6718 587.2894 588.0904 587.1981 585.5638 583.2695 579.3569 573.3048 566.4202 558.8585 549.6724 539.8815 529.7825 519.233 508.2588 497.344
328.3335 331.3004 333.4824 335.2276 336.4097 337.2924 338.5762 341.5572 346.539 350.4894 353.6234 356.0659 358.2238 361.5367 367.0843 372.2892 376.7716 382.3627 389.523 397.1091 403.7563 408.9867 413.2837 417.2601 422.0929 427.4053 431.7459 435.3166 438.9182 444.2816 450.6105 456.4465 463.5855 473.2273 482.6427 491.627 500.4252 509.1665 517.5638 527.0471 537.7296 548.0063 557.7388 566.6417 575.0962 581.3802 584.2604 586.0931 585.7947 584.2009 582.0287 578.6819 573.4365 567.0054 560.2545 552.824 544.2604 535.2234 525.925 516.084 505.509 495.0575
321.7894 325.0295 327.7022 329.9985 332.0052 334.3628 337.5795 342.1741 347.5965 352.1813 356.0602 359.0927 362.7256 366.7836 371.2234 375.9978 380.4323 385.5757 391.4026 397.9175 404.1379 409.4079 414.0225 418.3376 422.9282 427.7198 432.0947 436.1366 440.4556 445.9391 451.9939 458.263 465.9231 475.158 484.8102 494.3551 503.7762 513.2357 522.5417 532.4725 542.6322 552.4385 561.3339 569.1776 576.6445 581.6719 583.9989 584.8992 583.7409 581.4311 577.4716 572.0197 565.9952 559.4308 552.3888 545.1086 537.3669 529.2437 520.7672 511.8648 502.2169 492.7738
316.5163 319.64 322.8499 326.6685 330.3199 334.0829 338.5786 344.692 350.7834 355.8742 360.6622 365.6492 369.8762 373.9678 378.1674 382.8324 387.5572 391.746 396.3433 401.6354 407.2582 412.3571 417.1759 422.0717 426.8081 431.009 435.1281 439.5335 444.5078 449.9175 455.6826 462.2569 470.2326 479.1875 489.0065 498.8897 508.7194 518.6682 528.7585 538.7705 548.3026 557.45 565.3435 572.4796 578.6631 582.0597 583.7667 583.6457 581.8928 578.2344 571.8135 564.9533 558.2022 551.0952 543.7852 536.5386 529.4598 522.0881 514.5016 506.6355 498.2631 489.993
314.1217 317.2451 321.0549 326.7869 331.9567 336.4009 341.7129 348.8176 355.5639 361.7261 367.8064 373.1696 377.8996 382.411 387.1288 391.4775 395.611 399.463 403.597 408.0703 412.7888 417.3949 422.2327 427.2982 431.9481 435.917 439.9487 444.6892 449.7281 454.7773 460.4562 467.3201 475.0056 484.1257 494.3845 504.6026 514.6631 524.9263 535.3093 545.0262 554.0967 562.1727 569.1484 575.7274 580.5243 582.538 583.488 582.579 580.2229 574.2491 566.7069 558.705 550.6789 542.8525 535.1772 527.8406 520.8314 513.9167 507.193 500.3311 493.0323 485.9578
315.8711 319.9605 325.1075 331.3614 337.0106 342.4411 348.7591 355.6446 362.8284 369.7917 376.2225 382.1263 387.5133 392.5341 396.8811 400.8827 404.6053 408.1138 412.0029 415.8108 420.0376 424.375 429.0158 433.672 438.0848 442.2484 446.4617 451.0883 455.8888 460.9312 466.7133 473.4323 480.9231 490.0818 500.3208 510.6418 520.8458 531.198 541.4982 550.9527 559.4845 566.6064 573.0339 578.4244 581.4681 582.7929 582.988 581.6744 578.2484 570.9629 562.6913 553.6251 544.3605 535.3995 526.8668 519.0331 511.9636 505.2693 498.8276 492.5914 486.1241 479.7621
