py_wake/examples/data/AJ_ParqueFicticio/Ridge area   Sector 10   Height 30m   Flow inclination.grd
DSAA
90  129
 262878   265103
 6504214   6507414
-21.86246   24.38721
[rows 81 to 107 of 129, columns 0 to 60 of 90]
11.37893 11.45044 11.46329 11.42259 11.41169 11.45819 11.50846 11.50633 11.41721 11.31012 11.11719 10.67719 10.19643 9.656953 9.368502 9.299355 9.333195 9.55138 9.733135 9.720882 9.812612 9.964774 10.21905 10.45893 10.69742 10.90274 11.1878 11.57399 12.01746 12.58915 13.3196 14.17981 15.08226 15.76991 16.09689 16.14088 15.91075 15.31061 14.26223 12.88684 11.45853 9.946246 7.966365 5.993818 4.250929 2.65767 1.099685 -.2258085 -1.678964 -2.577935 -3.058314 -2.409441 2.221513 -5.846292 -3.616499 -1.950666 .5062694 .1112965 -1.67742 -4.747779 -8.398273
12.3571 12.27965 12.10229 11.86161 11.68211 11.55517 11.37254 11.22265 11.19686 11.18551 10.97037 10.61113 10.18765 9.585751 9.216477 9.150331 9.297415 9.593291 9.849023 9.703933 9.744364 9.945898 10.33007 10.74586 11.1367 11.38216 11.6745 12.04943 12.39978 12.83177 13.4216 14.13196 14.89854 15.39972 15.56024 15.53814 15.18737 14.47193 13.21091 11.7769 10.41959 8.827229 6.744654 4.931472 3.34569 1.829992 .3800437 -.8526708 -2.445321 -3.233764 -3.760057 -2.909348 .8691227 8.815392 -3.11395 .5178586 4.381544 -.8392383 -2.130405 -2.101383 -2.26494
12.96259 12.74933 12.3868 11.96246 11.67226 11.3756 11.02867 10.86226 10.88146 10.81317 10.55143 10.29131 9.947115 9.395262 9.054021 9.047463 9.271091 9.617064 9.913538 9.756724 9.816483 10.10089 10.60313 11.17778 11.71625 12.02982 12.33187 12.69565 12.93349 13.21098 13.65878 14.16463 14.64509 14.89707 14.85274 14.6988 14.18989 13.39102 11.96297 10.60095 9.303995 7.709871 5.7383 4.058546 2.561131 1.135856 -.235218 -1.491779 -3.005938 -3.754561 -4.377627 -3.850367 -.4180407 7.025921 13.14301 10.10961 4.291657 1.189762 -2.364206 -2.749906 -2.065143
13.25395 12.92049 12.41486 11.92243 11.46366 10.98132 10.61264 10.45379 10.42659 10.27086 9.989802 9.768121 9.528821 9.153553 8.93884 9.006063 9.269588 9.61716 9.917745 9.897943 10.043 10.42348 11.02655 11.71899 12.40466 12.85427 13.17167 13.49848 13.63315 13.77099 14.0403 14.20596 14.29226 14.25084 13.99607 13.58786 13.00779 12.12753 10.64091 9.376502 8.120563 6.635183 4.848388 3.276348 1.878884 .5565106 -.7640752 -2.122261 -3.427451 -4.17361 -4.918972 -4.992511 -2.733367 2.930815 7.704526 12.21857 8.788731 5.469875 3.063547 1.298159 .07983852
13.20584 12.78267 12.23898 11.72654 11.07583 10.47446 10.12588 9.96225 9.866482 9.643882 9.34492 9.136434 9.016379 8.918288 8.921352 9.088955 9.383077 9.711653 10.01411 10.16259 10.42402 10.89915 11.60222 12.40336 13.18519 13.79332 14.15703 14.43563 14.449 14.45428 14.45329 14.18234 13.85981 13.48957 12.97325 12.36206 11.73468 10.75951 9.283288 8.064144 6.840511 5.500991 3.98369 2.554343 1.273421 .05438354 -1.253238 -2.561531 -3.660661 -4.439084 -5.30478 -5.836679 -4.988852 -1.655221 2.675604 5.987143 9.117298 9.167046 6.599954 4.100482 1.907718
12.84759 12.4112 11.88137 11.32576 10.57419 9.910614 9.528214 9.338729 9.232149 9.021345 8.737696 8.608162 8.628374 8.760463 8.979472 9.31958 9.651304 9.970661 10.27571 10.52663 10.91575 11.49343 12.30545 13.19086 14.01476 14.76359 15.15761 15.37126 15.27569 15.08699 14.75047 14.07405 13.40508 12.66564 11.87098 11.1989 10.49865 9.36123 7.912739 6.65314 5.428614 4.2262 2.979518 1.771372 .6282673 -.4973969 -1.686345 -2.785306 -3.723158 -4.556191 -5.497541 -6.253308 -6.482828 -4.979588 -1.917036 .2672386 1.760405 3.607241 4.711274 3.95435 2.104513
12.30691 11.86697 11.33332 10.72852 9.97416 9.319156 8.928363 8.734192 8.628096 8.509649 8.334142 8.315063 8.451144 8.730019 9.108313 9.610067 10.05147 10.43781 10.72889 11.04181 11.5057 12.184 13.09192 14.02015 14.82672 15.65591 16.02318 16.13877 15.91011 15.4731 14.82797 13.9202 12.97339 11.8372 10.88126 10.13311 9.343649 8.024238 6.560895 5.191338 3.952725 2.870228 1.837248 .873861 -.04177558 -.9614651 -1.92828 -2.874072 -3.692943 -4.552447 -5.498669 -6.374197 -7.136865 -7.112531 -5.53553 -3.237085 -2.249796 -1.614636 -1.083718 -.9452446 -1.348176
11.72376 11.31428 10.7673 10.11033 9.396234 8.818873 8.437773 8.262056 8.13763 8.11382 8.093089 8.212712 8.476783 8.869353 9.369766 9.954211 10.53152 11.03275 11.342 11.67836 12.21299 12.9484 13.89781 14.83673 15.57496 16.31414 16.62129 16.64454 16.24609 15.60253 14.73644 13.67454 12.45801 11.02636 10.00104 9.134387 8.23787 6.777127 5.235936 3.729442 2.46473 1.522636 .68876 -.06064772 -.7358959 -1.421429 -2.166112 -2.950826 -3.680865 -4.506684 -5.395086 -6.309029 -7.246843 -7.991198 -8.127779 -7.169752 -5.450895 -3.760196 -2.656189 -2.316428 -2.420453
11.15507 10.79326 10.24474 9.539201 8.850521 8.40197 8.08256 7.955536 7.867381 7.924386 8.040904 8.268278 8.652678 9.160081 9.749466 10.3369 11.01643 11.59864 11.98817 12.37943 12.99616 13.74079 14.68595 15.59428 16.22046 16.75087 16.96493 16.86466 16.25293 15.46373 14.44748 13.26398 11.81003 10.20976 9.148513 8.178327 7.16716 5.611078 3.971083 2.327545 1.022113 .1840935 -.5023746 -1.073086 -1.555748 -1.964925 -2.44386 -3.038292 -3.644452 -4.403637 -5.192907 -6.046494 -6.995943 -7.94961 -8.862776 -9.378404 -9.1772 -7.93812 -6.23505 -4.691683 -3.625419
10.61915 10.32038 9.812049 9.072309 8.434429 8.109007 7.941276 7.902071 7.940545 8.055971 8.247472 8.484647 8.909748 9.510739 10.21657 10.82491 11.49126 12.13785 12.58835 13.06717 13.78273 14.48407 15.38453 16.21194 16.67052 16.95634 16.99421 16.66716 15.85343 14.97105 13.8549 12.57798 10.98585 9.33789 8.233822 7.197472 6.063107 4.493354 2.781614 1.048241 -.3992697 -1.189476 -1.688868 -2.096395 -2.406615 -2.562286 -2.770249 -3.1171 -3.57878 -4.237035 -4.922782 -5.672141 -6.581506 -7.586108 -8.586048 -9.359058 -9.928993 -10.26094 -10.2091 -9.91325 -9.365418
10.19427 9.932137 9.502505 8.803502 8.271728 8.063311 8.069304 8.176998 8.34463 8.492906 8.697178 8.941227 9.40258 10.06463 10.85735 11.46411 12.05666 12.68752 13.15631 13.70377 14.4831 15.05751 15.86124 16.49008 16.70403 16.73251 16.57282 15.98136 15.01526 14.10618 12.92189 11.60366 10.06232 8.444399 7.288559 6.196493 4.927474 3.393669 1.644115 -.2224269 -1.577049 -2.310371 -2.726367 -3.063154 -3.236644 -3.186742 -3.156999 -3.282031 -3.56573 -4.033608 -4.624612 -5.321125 -6.22161 -7.227849 -8.137528 -8.698977 -9.156733 -9.649824 -10.20257 -10.83753 -11.17542
9.964433 9.69828 9.311919 8.772322 8.396437 8.306299 8.463484 8.713769 8.972475 9.2311 9.499522 9.807978 10.31043 10.9762 11.69427 12.2173 12.77727 13.37782 13.82742 14.44217 15.09536 15.54686 16.03466 16.28472 16.26646 16.0262 15.64659 14.86127 13.83925 12.95303 11.74386 10.43481 9.027974 7.524958 6.34012 5.177321 3.799271 2.312934 .5992416 -1.19782 -2.454978 -3.248316 -3.680036 -3.967251 -4.021058 -3.787585 -3.561599 -3.482051 -3.598891 -3.899989 -4.402851 -5.028012 -5.953345 -6.876457 -7.584948 -7.86825 -8.123631 -8.508987 -9.009664 -9.69408 -10.40352
9.895817 9.687276 9.379248 8.969892 8.729736 8.764986 9.016126 9.43954 9.859758 10.26295 10.62692 11.0153 11.51412 12.1444 12.69417 13.09088 13.60527 14.10625 14.57448 15.13122 15.55869 15.80069 15.8688 15.76198 15.47699 14.96612 14.34301 13.41664 12.45916 11.59193 10.40106 9.126695 7.828658 6.493086 5.360353 4.160045 2.789515 1.344777 -.2893016 -1.957836 -3.22338 -3.999044 -4.452104 -4.688829 -4.670472 -4.345208 -3.968479 -3.706385 -3.692362 -3.862481 -4.275771 -4.819988 -5.700738 -6.514262 -6.973446 -7.001841 -7.024359 -7.213373 -7.533288 -8.021255 -8.804865
9.889343 9.877339 9.699546 9.393761 9.214015 9.27864 9.684958 10.3527 10.90304 11.40531 11.89243 12.30289 12.75899 13.33301 13.70841 14.00302 14.3745 14.74527 15.15679 15.5324 15.77895 15.74724 15.46349 15.08724 14.48948 13.8051 12.95942 11.89998 10.98767 10.10294 8.969275 7.752201 6.530797 5.319854 4.293771 3.142004 1.875831 .5202923 -.9998014 -2.551746 -3.775038 -4.568098 -5.045992 -5.274307 -5.234306 -4.861621 -4.388649 -3.989489 -3.834649 -3.871773 -4.163673 -4.637803 -5.470697 -6.117482 -6.415951 -6.216014 -5.981847 -5.930167 -6.040161 -6.356337 -7.014436
9.992974 10.20449 10.19809 10.02152 9.872591 10.04264 10.5526 11.36977 11.95787 12.4949 13.06075 13.45957 13.86818 14.29244 14.50488 14.68582 14.91998 15.19049 15.43153 15.61526 15.67705 15.45658 14.93569 14.27031 13.47547 12.64518 11.54501 10.41867 9.489284 8.554718 7.478102 6.371128 5.240267 4.165307 3.248389 2.233489 1.144068 -.07869755 -1.470752 -2.962537 -4.150213 -4.94546 -5.47659 -5.77108 -5.763816 -5.372545 -4.841566 -4.349512 -4.067899 -3.969987 -4.143696 -4.53791 -5.236371 -5.7714 -5.940863 -5.567236 -5.100009 -4.803624 -4.690001 -4.850336 -5.369703
10.27099 10.60418 10.77216 10.72848 10.74697 11.03882 11.61168 12.44665 12.99513 13.51258 14.02195 14.37886 14.69981 14.9157 15.01002 15.09712 15.25682 15.37311 15.41496 15.42922 15.35191 14.9711 14.23258 13.34525 12.48807 11.48024 10.17686 9.029075 8.03334 7.018789 5.961655 4.980264 3.971828 3.050979 2.262649 1.422923 .5404454 -.5113806 -1.777062 -3.158325 -4.338712 -5.188586 -5.830139 -6.230017 -6.281352 -5.917416 -5.342593 -4.761558 -4.369666 -4.160421 -4.217365 -4.450001 -4.997435 -5.453213 -5.521741 -5.018754 -4.371084 -3.834543 -3.468751 -3.438886 -3.825876
10.59018 11.04702 11.3351 11.49949 11.69645 12.05891 12.68162 13.45186 13.9175 14.3369 14.69592 14.95298 15.16362 15.25238 15.26303 15.24646 15.28748 15.27841 15.15008 15.06493 14.80514 14.28625 13.32325 12.36108 11.51338 10.37843 8.989105 7.790208 6.686001 5.539221 4.455679 3.542661 2.67983 1.943552 1.331632 .7086493 .06760712 -.7703473 -1.864931 -3.115441 -4.334831 -5.323303 -6.100503 -6.621207 -6.781469 -6.494047 -5.909742 -5.283105 -4.798853 -4.459475 -4.367675 -4.445607 -4.874534 -5.209323 -5.193867 -4.609844 -3.841921 -3.091838 -2.483047 -2.259686 -2.50744
10.90614 11.44378 11.79792 12.15227 12.47726 12.88254 13.53871 14.16792 14.54068 14.84173 15.08228 15.22979 15.31401 15.29837 15.22737 15.08857 15.01933 14.87939 14.66072 14.48603 14.05426 13.44672 12.41902 11.47062 10.60344 9.451571 8.051616 6.778637 5.551497 4.233665 3.094945 2.189656 1.434985 .8637311 .4462914 .08718871 -.2674962 -.8557675 -1.73225 -2.885506 -4.084424 -5.222594 -6.174642 -6.866202 -7.179414 -7.023115 -6.534018 -5.906546 -5.348896 -4.887884 -4.640154 -4.576828 -4.902556 -5.090866 -5.006629 -4.389085 -3.543737 -2.599963 -1.707502 -1.451537 -1.720348
11.28261 11.80674 12.18414 12.64861 13.01803 13.43242 14.04586 14.54881 14.82809 15.02229 15.15681 15.22991 15.20169 15.08635 14.95196 14.7397 14.57849 14.32832 14.06217 13.80502 13.35294 12.70823 11.7302 10.7874 9.877294 8.757429 7.391824 6.043783 4.698639 3.185561 1.924523 .9613421 .2618696 -.1926082 -.4019285 -.4711839 -.5168061 -.8367446 -1.477474 -2.469617 -3.573936 -4.847997 -5.983824 -6.870712 -7.357288 -7.373413 -7.028741 -6.555518 -5.995934 -5.471655 -5.095118 -4.898499 -5.047022 -5.12655 -4.97469 -4.397414 -3.535923 -2.506702 -1.612247 -1.255635 -1.030777
1.70141E+38 1.70141E+38 1.70141E+38 1.70141E+38 1.70141E+38 1.70141E+38 1.70141E+38 1.70141E+38 1.70141E+38 1.70141E+38 1.70141E+38 1.70141E+38 1.70141E+38 1.70141E+38 1.70141E+38 1.70141E+38 1.70141E+38 1.70141E+38 1.70141E+38 1.70141E+38 1.70141E+38 1.70141E+38 1.70141E+38 1.70141E+38 1.70141E+38 1.70141E+38 1.70141E+38 1.70141E+38 1.70141E+38 1.70141E+38 1.70141E+38 1.70141E+38 1.70141E+38 1.70141E+38 1.70141E+38 1.70141E+38 1.70141E+38 1.70141E+38 1.70141E+38 1.70141E+38 1.70141E+38 1.70141E+38 1.70141E+38 1.70141E+38 1.70141E+38 1.70141E+38 1.70141E+38 1.70141E+38 1.70141E+38 1.70141E+38 1.70141E+38 1.70141E+38 1.70141E+38 1.70141E+38 1.70141E+38 1.70141E+38 1.70141E+38 1.70141E+38 1.70141E+38 1.70141E+38 1.70141E+38
1.70141E+38 1.70141E+38 1.70141E+38 1.70141E+38 1.70141E+38 1.70141E+38 1.70141E+38 1.70141E+38 1.70141E+38 1.70141E+38 1.70141E+38 1.70141E+38 1.70141E+38 1.70141E+38 1.70141E+38 1.70141E+38 1.70141E+38 1.70141E+38 1.70141E+38 1.70141E+38 1.70141E+38 1.70141E+38 1.70141E+38 1.70141E+38 1.70141E+38 1.70141E+38 1.70141E+38 1.70141E+38 1.70141E+38 1.70141E+38 1.70141E+38 1.70141E+38 1.70141E+38 1.70141E+38 1.70141E+38 1.70141E+38 1.70141E+38 1.70141E+38 1.70141E+38 1.70141E+38 1.70141E+38 1.70141E+38 1.70141E+38 1.70141E+38 1.70141E+38 1.70141E+38 1.70141E+38 1.70141E+38 1.70141E+38 1.70141E+38 1.70141E+38 1.70141E+38 1.70141E+38 1.70141E+38 1.70141E+38 1.70141E+38 1.70141E+38 1.70141E+38 1.70141E+38 1.70141E+38 1.70141E+38
1.70141E+38 1.70141E+38 1.70141E+38 1.70141E+38 1.70141E+38 1.70141E+38 1.70141E+38 1.70141E+38 1.70141E+38 1.70141E+38 1.70141E+38 1.70141E+38 1.70141E+38 1.70141E+38 1.70141E+38 1.70141E+38 1.70141E+38 1.70141E+38 1.70141E+38 1.70141E+38 1.70141E+38 1.70141E+38 1.70141E+38 1.70141E+38 1.70141E+38 1.70141E+38 1.70141E+38 1.70141E+38 1.70141E+38 1.70141E+38 1.70141E+38 1.70141E+38 1.70141E+38 1.70141E+38 1.70141E+38 1.70141E+38 1.70141E+38 1.70141E+38 1.70141E+38 1.70141E+38 1.70141E+38 1.70141E+38 1.70141E+38 1.70141E+38 1.70141E+38 1.70141E+38 1.70141E+38 1.70141E+38 1.70141E+38 1.70141E+38 1.70141E+38 1.70141E+38 1.70141E+38 1.70141E+38 1.70141E+38 1.70141E+38 1.70141E+38 1.70141E+38 1.70141E+38 1.70141E+38 1.70141E+38
1.70141E+38 1.70141E+38 1.70141E+38 1.70141E+38 1.70141E+38 1.70141E+38 1.70141E+38 1.70141E+38 1.70141E+38 1.70141E+38 1.70141E+38 1.70141E+38 1.70141E+38 1.70141E+38 1.70141E+38 1.70141E+38 1.70141E+38 1.70141E+38 1.70141E+38 1.70141E+38 1.70141E+38 1.70141E+38 1.70141E+38 1.70141E+38 1.70141E+38 1.70141E+38 1.70141E+38 1.70141E+38 1.70141E+38 1.70141E+38 1.70141E+38 1.70141E+38 1.70141E+38 1.70141E+38 1.70141E+38 1.70141E+38 1.70141E+38 1.70141E+38 1.70141E+38 1.70141E+38 1.70141E+38 1.70141E+38 1.70141E+38 1.70141E+38 1.70141E+38 1.70141E+38 1.70141E+38 1.70141E+38 1.70141E+38 1.70141E+38 1.70141E+38 1.70141E+38 1.70141E+38 1.70141E+38 1.70141E+38 1.70141E+38 1.70141E+38 1.70141E+38 1.70141E+38 1.70141E+38 1.70141E+38
1.70141E+38 1.70141E+38 1.70141E+38 1.70141E+38 1.70141E+38 1.70141E+38 1.70141E+38 1.70141E+38 1.70141E+38 1.70141E+38 1.70141E+38 1.70141E+38 1.70141E+38 1.70141E+38 1.70141E+38 1.70141E+38 1.70141E+38 1.70141E+38 1.70141E+38 1.70141E+38 1.70141E+38 1.70141E+38 1.70141E+38 1.70141E+38 1.70141E+38 1.70141E+38 1.70141E+38 1.70141E+38 1.70141E+38 1.70141E+38 1.70141E+38 1.70141E+38 1.70141E+38 1.70141E+38 1.70141E+38 1.70141E+38 1.70141E+38 1.70141E+38 1.70141E+38 1.70141E+38 1.70141E+38 1.70141E+38 1.70141E+38 1.70141E+38 1.70141E+38 1.70141E+38 1.70141E+38 1.70141E+38 1.70141E+38 1.70141E+38 1.70141E+38 1.70141E+38 1.70141E+38 1.70141E+38 1.70141E+38 1.70141E+38 1.70141E+38 1.70141E+38 1.70141E+38 1.70141E+38 1.70141E+38
1.70141E+38 1.70141E+38 1.70141E+38 1.70141E+38 1.70141E+38 1.70141E+38 1.70141E+38 1.70141E+38 1.70141E+38 1.70141E+38 1.70141E+38 1.70141E+38 1.70141E+38 1.70141E+38 1.70141E+38 1.70141E+38 1.70141E+38 1.70141E+38 1.70141E+38 1.70141E+38 1.70141E+38 1.70141E+38 1.70141E+38 1.70141E+38 1.70141E+38 1.70141E+38 1.70141E+38 1.70141E+38 1.70141E+38 1.70141E+38 1.70141E+38 1.70141E+38 1.70141E+38 1.70141E+38 1.70141E+38 1.70141E+38 1.70141E+38 1.70141E+38 1.70141E+38 1.70141E+38 1.70141E+38 1.70141E+38 1.70141E+38 1.70141E+38 1.70141E+38 1.70141E+38 1.70141E+38 1.70141E+38 1.70141E+38 1.70141E+38 1.70141E+38 1.70141E+38 1.70141E+38 1.70141E+38 1.70141E+38 1.70141E+38 1.70141E+38 1.70141E+38 1.70141E+38 1.70141E+38 1.70141E+38
1.70141E+38 1.70141E+38 1.70141E+38 1.70141E+38 1.70141E+38 1.70141E+38 1.70141E+38 1.70141E+38 1.70141E+38 1.70141E+38 1.70141E+38 1.70141E+38 1.70141E+38 1.70141E+38 1.70141E+38 1.70141E+38 1.70141E+38 1.70141E+38 1.70141E+38 1.70141E+38 1.70141E+38 1.70141E+38 1.70141E+38 1.70141E+38 1.70141E+38 1.70141E+38 1.70141E+38 1.70141E+38 1.70141E+38 1.70141E+38 1.70141E+38 1.70141E+38 1.70141E+38 1.70141E+38 1.70141E+38 1.70141E+38 1.70141E+38 1.70141E+38 1.70141E+38 1.70141E+38 1.70141E+38 1.70141E+38 1.70141E+38 1.70141E+38 1.70141E+38 1.70141E+38 1.70141E+38 1.70141E+38 1.70141E+38 1.70141E+38 1.70141E+38 1.70141E+38 1.70141E+38 1.70141E+38 1.70141E+38 1.70141E+38 1.70141E+38 1.70141E+38 1.70141E+38 1.70141E+38 1.70141E+38
1.70141E+38 1.70141E+38 1.70141E+38 1.70141E+38 1.70141E+38 1.70141E+38 1.70141E+38 1.70141E+38 1.70141E+38 1.70141E+38 1.70141E+38 1.70141E+38 1.70141E+38 1.70141E+38 1.70141E+38 1.70141E+38 1.70141E+38 1.70141E+38 1.70141E+38 1.70141E+38 1.70141E+38 1.70141E+38 1.70141E+38 1.70141E+38 1.70141E+38 1.70141E+38 1.70141E+38 1.70141E+38 1.70141E+38 1.70141E+38 1.70141E+38 1.70141E+38 1.70141E+38 1.70141E+38 1.70141E+38 1.70141E+38 1.70141E+38 1.70141E+38 1.70141E+38 1.70141E+38 1.70141E+38 1.70141E+38 1.70141E+38 1.70141E+38 1.70141E+38 1.70141E+38 1.70141E+38 1.70141E+38 1.70141E+38 1.70141E+38 1.70141E+38 1.70141E+38 1.70141E+38 1.70141E+38 1.70141E+38 1.70141E+38 1.70141E+38 1.70141E+38 1.70141E+38 1.70141E+38 1.70141E+38
