py_wake/examples/data/AJ_ParqueFicticio/Ridge area   Sector 9   Height 30m   Mean speed.grd
DSAA
90  129
 262878   265103
 6504214   6507414
 .2875556   10.04636
[rows 81 to 107 of 129, columns 0 to 61 of 90]
5.765708 5.798825 5.858666 5.917356 5.977401 6.053852 6.146392 6.247485 6.355349 6.449986 6.553066 6.66984 6.763102 6.83036 6.850008 6.848453 6.834204 6.799297 6.775521 6.772219 6.734459 6.68782 6.613977 6.529486 6.447604 6.374533 6.299334 6.236089 6.195411 6.169892 6.163064 6.192035 6.303997 6.516308 6.79534 7.114434 7.459076 7.838676 8.228945 8.580627 8.823543 9.02054 9.177239 9.187221 9.041292 8.822521 8.533945 8.185432 7.724497 6.879676 5.371086 3.254953 1.422506 3.911941 3.207533 2.740718 2.542627 2.506104 2.450646 2.4023 2.431635 2.522164
5.998041 6.088779 6.190329 6.28877 6.383722 6.477818 6.593885 6.692976 6.757906 6.830174 6.932213 7.025707 7.097966 7.150454 7.153033 7.119657 7.067071 7.034466 7.038598 7.064837 7.027532 6.951183 6.854612 6.768967 6.697634 6.655699 6.608558 6.572711 6.566155 6.565006 6.594594 6.660199 6.792129 7.02421 7.303232 7.59739 7.929175 8.283355 8.654893 8.931336 9.104784 9.261837 9.330151 9.242629 9.064425 8.827099 8.528268 8.195426 7.693303 6.773087 5.136314 3.037648 1.709776 3.344322 2.803602 2.270031 2.193044 2.231731 2.223583 2.149793 1.984576 2.052598
6.249658 6.383247 6.527527 6.654991 6.757135 6.867229 6.960417 7.004652 7.042611 7.118372 7.200401 7.257647 7.314928 7.342243 7.296019 7.227484 7.169374 7.146358 7.164225 7.192882 7.129773 7.046064 6.962381 6.894705 6.85956 6.843606 6.821067 6.819291 6.863865 6.91025 6.964616 7.067928 7.24204 7.492982 7.775403 8.058497 8.376438 8.699559 9.024081 9.214148 9.333715 9.42749 9.414444 9.275939 9.076691 8.823926 8.527641 8.198228 7.680375 6.726822 5.064398 3.046528 4.730695 3.474458 2.799259 2.655051 2.564244 2.507187 2.066474 2.031446 1.887129 1.714248
6.51036 6.664686 6.813707 6.931467 7.038067 7.133924 7.186257 7.209615 7.246461 7.312078 7.361291 7.385612 7.399535 7.375652 7.301583 7.225162 7.171885 7.153428 7.159471 7.153103 7.086398 7.01075 6.945854 6.907726 6.894369 6.913684 6.9449 6.992614 7.087576 7.179657 7.290554 7.469615 7.693185 7.949659 8.228908 8.507579 8.775938 9.063504 9.316227 9.439309 9.51112 9.541103 9.467195 9.294513 9.072604 8.814679 8.524974 8.165255 7.65499 6.712251 5.10597 3.426506 5.305632 3.918231 3.126492 2.743142 2.657893 2.585986 2.550817 2.540581 2.556875 2.605224
6.748632 6.90379 7.036216 7.14729 7.25647 7.319503 7.33898 7.353041 7.382529 7.420353 7.429516 7.402966 7.349315 7.27278 7.18624 7.115462 7.066308 7.042289 7.027358 6.999046 6.942112 6.88073 6.832377 6.812013 6.831346 6.891169 6.983576 7.099814 7.260246 7.415792 7.619003 7.874526 8.130822 8.39113 8.661808 8.909515 9.124426 9.371821 9.551515 9.625579 9.649233 9.614492 9.492008 9.298215 9.061692 8.802559 8.49222 8.119034 7.647098 6.755868 5.245781 3.9129 6.084809 4.626523 3.643488 3.008008 2.714753 2.60639 2.530272 2.472815 2.446239 2.458099
6.946368 7.085748 7.203423 7.309601 7.401041 7.432372 7.426624 7.414575 7.410465 7.406677 7.362556 7.282642 7.187788 7.092134 6.999442 6.932732 6.896226 6.869569 6.84355 6.808748 6.751734 6.699069 6.666152 6.681934 6.742426 6.847032 7.006768 7.19786 7.425896 7.661155 7.940003 8.248356 8.521082 8.789062 9.031669 9.219436 9.404926 9.61535 9.733541 9.769096 9.739509 9.637843 9.461256 9.231493 8.972294 8.691181 8.375166 8.039046 7.634332 6.817799 5.439557 4.340619 5.932692 5.495969 4.369864 3.605129 3.107967 2.785334 2.584782 2.470155 2.40831 2.381731
7.09121 7.210465 7.308088 7.393281 7.44645 7.435692 7.394891 7.349334 7.308203 7.262399 7.182 7.080346 6.973639 6.871845 6.774824 6.706637 6.672466 6.654251 6.634601 6.595894 6.548014 6.507373 6.50561 6.571955 6.678876 6.830879 7.062585 7.323424 7.614956 7.919471 8.239334 8.555443 8.843882 9.116778 9.309301 9.463531 9.630347 9.798684 9.868362 9.86202 9.769633 9.599997 9.37394 9.109998 8.829919 8.549534 8.256923 7.951836 7.589845 6.860525 5.651218 4.684225 5.538529 6.382624 5.274664 4.451693 3.905033 3.46824 3.110306 2.847934 2.685055 2.574799
7.167459 7.260178 7.336319 7.391024 7.397466 7.348311 7.279819 7.205084 7.129315 7.042022 6.935746 6.823449 6.713208 6.609058 6.510884 6.441772 6.395531 6.390604 6.399867 6.387185 6.360704 6.356326 6.392968 6.512459 6.682371 6.894829 7.176299 7.486658 7.828871 8.168855 8.506645 8.825175 9.124688 9.375017 9.527321 9.662019 9.806005 9.927272 9.955743 9.898359 9.739573 9.516365 9.261698 8.985452 8.70309 8.425312 8.142819 7.839097 7.467875 6.814703 5.783642 4.946994 5.301105 7.223794 6.211932 5.351538 4.779194 4.355442 3.95907 3.606736 3.344294 3.133337
7.188995 7.253104 7.30597 7.327476 7.284203 7.194858 7.096259 6.995447 6.889074 6.77742 6.654608 6.533761 6.411166 6.299643 6.215008 6.155108 6.111688 6.1375 6.171227 6.19062 6.1964 6.237757 6.323287 6.499142 6.739109 7.014315 7.33022 7.684394 8.069561 8.426176 8.770741 9.088766 9.382701 9.592347 9.711627 9.824596 9.940067 10.01025 9.99238 9.876967 9.656622 9.391003 9.10951 8.813529 8.512959 8.227984 7.960855 7.671079 7.328771 6.730039 5.877141 5.151072 5.138335 7.691987 7.12231 6.287899 5.652511 5.215266 4.842142 4.477668 4.180178 3.932993
7.161576 7.193452 7.225361 7.212317 7.117158 6.990815 6.860496 6.739226 6.614277 6.494545 6.37012 6.250906 6.124243 6.012718 5.95119 5.927527 5.913615 5.941497 5.992528 6.020138 6.057832 6.150381 6.288749 6.521746 6.835455 7.1742 7.536834 7.937728 8.344528 8.701965 9.04283 9.350372 9.615759 9.776771 9.866392 9.951038 10.0302 10.04636 9.975796 9.802775 9.510405 9.190048 8.89114 8.593145 8.292479 8.005044 7.741807 7.47042 7.148512 6.641308 5.944597 5.313841 5.074574 6.048 7.842966 7.151586 6.566787 6.110457 5.725002 5.333047 5.013752 4.755482
7.059917 7.064803 7.066008 7.015219 6.88797 6.73624 6.590075 6.464245 6.340962 6.239179 6.143715 6.03957 5.921414 5.824306 5.79948 5.835533 5.857448 5.891727 5.952091 5.990589 6.052179 6.219813 6.395621 6.686596 7.054452 7.429214 7.82035 8.248899 8.644399 8.97918 9.299586 9.572763 9.787165 9.89847 9.955824 10.00835 10.04201 9.999579 9.871242 9.626676 9.290309 8.965749 8.667177 8.355451 8.028411 7.729166 7.471116 7.215983 6.912072 6.525809 5.986611 5.426738 5.080975 5.491387 8.220725 7.731167 7.317446 6.956439 6.605442 6.220756 5.894841 5.615924
6.869541 6.856901 6.826047 6.730342 6.589096 6.43788 6.288219 6.168406 6.078148 6.006754 5.941199 5.87147 5.814493 5.784536 5.817133 5.882345 5.9219 5.986406 6.068423 6.124843 6.26516 6.489936 6.737482 7.06355 7.427683 7.803709 8.188478 8.5968 8.947371 9.238679 9.517638 9.736154 9.890597 9.952674 9.973536 9.9881 9.96326 9.863789 9.682487 9.393354 9.055603 8.718741 8.388526 8.038925 7.657363 7.339811 7.100524 6.903194 6.684058 6.392217 5.950479 5.456023 5.072983 5.184309 6.460431 8.012504 7.77018 7.538172 7.2984 7.051429 6.802274 6.543641
6.629623 6.599938 6.541053 6.438841 6.293399 6.135835 5.996149 5.892889 5.822837 5.79398 5.781103 5.775744 5.785252 5.815609 5.904612 5.994072 6.056133 6.152351 6.270917 6.411215 6.628793 6.887642 7.194535 7.527205 7.875819 8.236682 8.59753 8.950927 9.230125 9.472992 9.698069 9.855342 9.949135 9.96522 9.944061 9.915537 9.83218 9.688807 9.47221 9.164471 8.813088 8.45082 8.049247 7.596355 7.109665 6.734913 6.529132 6.455429 6.367371 6.199281 5.86668 5.454805 5.039985 4.912242 5.385026 6.86965 7.948435 7.851616 7.761246 7.689449 7.582056 7.415428
6.385424 6.333567 6.28617 6.198687 6.072563 5.926906 5.764834 5.668094 5.660095 5.665892 5.690799 5.752441 5.810078 5.891553 6.025959 6.145013 6.268157 6.419077 6.573373 6.770865 7.013124 7.308475 7.628352 7.95239 8.294089 8.619901 8.952262 9.249679 9.468055 9.664713 9.832076 9.931325 9.967799 9.93079 9.861343 9.781436 9.648669 9.475124 9.243496 8.940506 8.597124 8.198435 7.714351 7.097519 6.394771 5.916361 5.763173 5.817325 5.899841 5.911595 5.733672 5.413918 4.991783 4.718413 4.751971 5.214916 6.278158 7.930933 7.967286 8.036181 8.082524 8.050418
6.163956 6.112091 6.075619 6.014626 5.923397 5.797234 5.684133 5.624322 5.661523 5.692455 5.739014 5.839585 5.931977 6.054506 6.227588 6.394273 6.554657 6.720811 6.910923 7.127217 7.379941 7.679777 8.005465 8.330427 8.642908 8.947048 9.245807 9.479361 9.648651 9.798009 9.904543 9.941545 9.919821 9.835217 9.730024 9.608624 9.452879 9.270985 9.043323 8.749961 8.416 8.026842 7.490654 6.697263 5.734835 5.085038 4.923403 5.109033 5.395483 5.578368 5.552482 5.334291 4.941089 4.57267 4.363137 4.347609 4.543903 4.990435 5.861767 7.845118 8.276546 8.355902
5.962866 5.934612 5.911687 5.882458 5.821916 5.756152 5.702531 5.690336 5.766516 5.826495 5.910581 6.029419 6.168522 6.342183 6.524105 6.695909 6.866049 7.059896 7.270424 7.490193 7.739892 8.036816 8.362562 8.66988 8.942759 9.228759 9.476358 9.64456 9.771729 9.872936 9.918292 9.896461 9.824425 9.699318 9.561911 9.409519 9.240763 9.060515 8.841472 8.571774 8.269377 7.909736 7.361381 6.421098 5.330747 4.514888 4.253971 4.506048 4.899362 5.188734 5.304181 5.220235 4.900451 4.476881 4.125505 3.872962 3.716063 3.623118 3.594389 3.663817 3.918514 4.669106
5.814434 5.810233 5.812188 5.801358 5.782723 5.770971 5.759784 5.803329 5.920079 6.035146 6.167103 6.310501 6.468646 6.648655 6.830398 7.010689 7.193513 7.399948 7.620466 7.838285 8.093706 8.386164 8.699295 8.955246 9.186818 9.438419 9.626564 9.746663 9.838995 9.894835 9.879111 9.801795 9.677957 9.515575 9.349133 9.172955 8.999775 8.830776 8.636862 8.405602 8.135088 7.812704 7.158569 6.151191 4.932297 4.047215 3.928088 4.166939 4.466772 4.813207 5.046459 5.096334 4.85392 4.417058 3.977415 3.589235 3.257759 2.920262 2.578443 2.228669 1.828625 1.564832
5.773055 5.777242 5.79576 5.798306 5.817769 5.847734 5.877684 5.987929 6.130194 6.274175 6.428006 6.59325 6.76535 6.947137 7.135029 7.326897 7.513052 7.721237 7.934112 8.153934 8.407999 8.677029 8.943936 9.150349 9.347701 9.547134 9.687717 9.775221 9.837959 9.85315 9.786561 9.6668 9.502597 9.30926 9.112405 8.916096 8.747272 8.595916 8.433197 8.235517 8.00954 7.704254 7.06287 6.059567 4.768405 3.687115 3.151978 3.727598 4.395091 4.680492 4.84742 4.942066 4.770832 4.369821 3.896975 3.427384 2.986224 2.52573 2.045438 1.824601 1.825186 1.810146
5.818757 5.846611 5.877275 5.892177 5.947124 6.007246 6.067883 6.199924 6.358942 6.518966 6.682868 6.852513 7.033703 7.215333 7.397085 7.583825 7.770209 7.971758 8.1691 8.378328 8.606598 8.844491 9.065166 9.239892 9.403477 9.553543 9.66207 9.731634 9.778334 9.766585 9.663259 9.506178 9.306637 9.080611 8.857506 8.652616 8.495915 8.366701 8.233844 8.075651 7.905774 7.648042 7.079935 6.153481 4.956762 3.874562 3.171407 2.864954 3.747607 4.384698 4.663042 4.74929 4.634894 4.307941 3.861775 3.379808 2.889142 2.384899 1.978544 1.934802 1.959662 1.996845
1.70141E+38 1.70141E+38 1.70141E+38 1.70141E+38 1.70141E+38 1.70141E+38 1.70141E+38 1.70141E+38 1.70141E+38 1.70141E+38 1.70141E+38 1.70141E+38 1.70141E+38 1.70141E+38 1.70141E+38 1.70141E+38 1.70141E+38 1.70141E+38 1.70141E+38 1.70141E+38 1.70141E+38 1.70141E+38 1.70141E+38 1.70141E+38 1.70141E+38 1.70141E+38 1.70141E+38 1.70141E+38 1.70141E+38 1.70141E+38 1.70141E+38 1.70141E+38 1.70141E+38 1.70141E+38 1.70141E+38 1.70141E+38 1.70141E+38 1.70141E+38 1.70141E+38 1.70141E+38 1.70141E+38 1.70141E+38 1.70141E+38 1.70141E+38 1.70141E+38 1.70141E+38 1.70141E+38 1.70141E+38 1.70141E+38 1.70141E+38 1.70141E+38 1.70141E+38 1.70141E+38 1.70141E+38 1.70141E+38 1.70141E+38 1.70141E+38 1.70141E+38 1.70141E+38 1.70141E+38 1.70141E+38 1.70141E+38
1.70141E+38 1.70141E+38 1.70141E+38 1.70141E+38 1.70141E+38 1.70141E+38 1.70141E+38 1.70141E+38 1.70141E+38 1.70141E+38 1.70141E+38 1.70141E+38 1.70141E+38 1.70141E+38 1.70141E+38 1.70141E+38 1.70141E+38 1.70141E+38 1.70141E+38 1.70141E+38 1.70141E+38 1.70141E+38 1.70141E+38 1.70141E+38 1.70141E+38 1.70141E+38 1.70141E+38 1.70141E+38 1.70141E+38 1.70141E+38 1.70141E+38 1.70141E+38 1.70141E+38 1.70141E+38 1.70141E+38 1.70141E+38 1.70141E+38 1.70141E+38 1.70141E+38 1.70141E+38 1.70141E+38 1.70141E+38 1.70141E+38 1.70141E+38 1.70141E+38 1.70141E+38 1.70141E+38 1.70141E+38 1.70141E+38 1.70141E+38 1.70141E+38 1.70141E+38 1.70141E+38 1.70141E+38 1.70141E+38 1.70141E+38 1.70141E+38 1.70141E+38 1.70141E+38 1.70141E+38 1.70141E+38 1.70141E+38
1.70141E+38 1.70141E+38 1.70141E+38 1.70141E+38 1.70141E+38 1.70141E+38 1.70141E+38 1.70141E+38 1.70141E+38 1.70141E+38 1.70141E+38 1.70141E+38 1.70141E+38 1.70141E+38 1.70141E+38 1.70141E+38 1.70141E+38 1.70141E+38 1.70141E+38 1.70141E+38 1.70141E+38 1.70141E+38 1.70141E+38 1.70141E+38 1.70141E+38 1.70141E+38 1.70141E+38 1.70141E+38 1.70141E+38 1.70141E+38 1.70141E+38 1.70141E+38 1.70141E+38 1.70141E+38 1.70141E+38 1.70141E+38 1.70141E+38 1.70141E+38 1.70141E+38 1.70141E+38 1.70141E+38 1.70141E+38 1.70141E+38 1.70141E+38 1.70141E+38 1.70141E+38 1.70141E+38 1.70141E+38 1.70141E+38 1.70141E+38 1.70141E+38 1.70141E+38 1.70141E+38 1.70141E+38 1.70141E+38 1.70141E+38 1.70141E+38 1.70141E+38 1.70141E+38 1.70141E+38 1.70141E+38 1.70141E+38
1.70141E+38 1.70141E+38 1.70141E+38 1.70141E+38 1.70141E+38 1.70141E+38 1.70141E+38 1.70141E+38 1.70141E+38 1.70141E+38 1.70141E+38 1.70141E+38 1.70141E+38 1.70141E+38 1.70141E+38 1.70141E+38 1.70141E+38 1.70141E+38 1.70141E+38 1.70141E+38 1.70141E+38 1.70141E+38 1.70141E+38 1.70141E+38 1.70141E+38 1.70141E+38 1.70141E+38 1.70141E+38 1.70141E+38 1.70141E+38 1.70141E+38 1.70141E+38 1.70141E+38 1.70141E+38 1.70141E+38 1.70141E+38 1.70141E+38 1.70141E+38 1.70141E+38 1.70141E+38 1.70141E+38 1.70141E+38 1.70141E+38 1.70141E+38 1.70141E+38 1.70141E+38 1.70141E+38 1.70141E+38 1.70141E+38 1.70141E+38 1.70141E+38 1.70141E+38 1.70141E+38 1.70141E+38 1.70141E+38 1.70141E+38 1.70141E+38 1.70141E+38 1.70141E+38 1.70141E+38 1.70141E+38 1.70141E+38
1.70141E+38 1.70141E+38 1.70141E+38 1.70141E+38 1.70141E+38 1.70141E+38 1.70141E+38 1.70141E+38 1.70141E+38 1.70141E+38 1.70141E+38 1.70141E+38 1.70141E+38 1.70141E+38 1.70141E+38 1.70141E+38 1.70141E+38 1.70141E+38 1.70141E+38 1.70141E+38 1.70141E+38 1.70141E+38 1.70141E+38 1.70141E+38 1.70141E+38 1.70141E+38 1.70141E+38 1.70141E+38 1.70141E+38 1.70141E+38 1.70141E+38 1.70141E+38 1.70141E+38 1.70141E+38 1.70141E+38 1.70141E+38 1.70141E+38 1.70141E+38 1.70141E+38 1.70141E+38 1.70141E+38 1.70141E+38 1.70141E+38 1.70141E+38 1.70141E+38 1.70141E+38 1.70141E+38 1.70141E+38 1.70141E+38 1.70141E+38 1.70141E+38 1.70141E+38 1.70141E+38 1.70141E+38 1.70141E+38 1.70141E+38 1.70141E+38 1.70141E+38 1.70141E+38 1.70141E+38 1.70141E+38 1.70141E+38
1.70141E+38 1.70141E+38 1.70141E+38 1.70141E+38 1.70141E+38 1.70141E+38 1.70141E+38 1.70141E+38 1.70141E+38 1.70141E+38 1.70141E+38 1.70141E+38 1.70141E+38 1.70141E+38 1.70141E+38 1.70141E+38 1.70141E+38 1.70141E+38 1.70141E+38 1.70141E+38 1.70141E+38 1.70141E+38 1.70141E+38 1.70141E+38 1.70141E+38 1.70141E+38 1.70141E+38 1.70141E+38 1.70141E+38 1.70141E+38 1.70141E+38 1.70141E+38 1.70141E+38 1.70141E+38 1.70141E+38 1.70141E+38 1.70141E+38 1.70141E+38 1.70141E+38 1.70141E+38 1.70141E+38 1.70141E+38 1.70141E+38 1.70141E+38 1.70141E+38 1.70141E+38 1.70141E+38 1.70141E+38 1.70141E+38 1.70141E+38 1.70141E+38 1.70141E+38 1.70141E+38 1.70141E+38 1.70141E+38 1.70141E+38 1.70141E+38 1.70141E+38 1.70141E+38 1.70141E+38 1.70141E+38 1.70141E+38
1.70141E+38 1.70141E+38 1.70141E+38 1.70141E+38 1.70141E+38 1.70141E+38 1.70141E+38 1.70141E+38 1.70141E+38 1.70141E+38 1.70141E+38 1.70141E+38 1.70141E+38 1.70141E+38 1.70141E+38 1.70141E+38 1.70141E+38 1.70141E+38 1.70141E+38 1.70141E+38 1.70141E+38 1.70141E+38 1.70141E+38 1.70141E+38 1.70141E+38 1.70141E+38 1.70141E+38 1.70141E+38 1.70141E+38 1.70141E+38 1.70141E+38 1.70141E+38 1.70141E+38 1.70141E+38 1.70141E+38 1.70141E+38 1.70141E+38 1.70141E+38 1.70141E+38 1.70141E+38 1.70141E+38 1.70141E+38 1.70141E+38 1.70141E+38 1.70141E+38 1.70141E+38 1.70141E+38 1.70141E+38 1.70141E+38 1.70141E+38 1.70141E+38 1.70141E+38 1.70141E+38 1.70141E+38 1.70141E+38 1.70141E+38 1.70141E+38 1.70141E+38 1.70141E+38 1.70141E+38 1.70141E+38 1.70141E+38
1.70141E+38 1.70141E+38 1.70141E+38 1.70141E+38 1.70141E+38 1.70141E+38 1.70141E+38 1.70141E+38 1.70141E+38 1.70141E+38 1.70141E+38 1.70141E+38 1.70141E+38 1.70141E+38 1.70141E+38 1.70141E+38 1.70141E+38 1.70141E+38 1.70141E+38 1.70141E+38 1.70141E+38 1.70141E+38 1.70141E+38 1.70141E+38 1.70141E+38 1.70141E+38 1.70141E+38 1.70141E+38 1.70141E+38 1.70141E+38 1.70141E+38 1.70141E+38 1.70141E+38 1.70141E+38 1.70141E+38 1.70141E+38 1.70141E+38 1.70141E+38 1.70141E+38 1.70141E+38 1.70141E+38 1.70141E+38 1.70141E+38 1.70141E+38 1.70141E+38 1.70141E+38 1.70141E+38 1.70141E+38 1.70141E+38 1.70141E+38 1.70141E+38 1.70141E+38 1.70141E+38 1.70141E+38 1.70141E+38 1.70141E+38 1.70141E+38 1.70141E+38 1.70141E+38 1.70141E+38 1.70141E+38 1.70141E+38
