py_wake/examples/data/AJ_ParqueFicticio/Ridge area   Sector 9   Height 30m   Orographic turn.grd
DSAA
90  129
 262878   265103
 6504214   6507414
-179.9595   179.9429
[rows 81 to 107 of 129, columns 0 to 60 of 90]
3.752997 3.919352 3.892796 3.735331 3.431611 2.989384 2.484129 1.970719 1.555133 1.274169 1.030467 .7703928 .5391955 .2172869 -.1457373 -.3786826 -.4407722 -.3239798 -.0287941 .172433 .3362147 .5459394 .8855868 1.344765 1.87332 2.333724 2.721747 3.064294 3.271789 3.3111 3.248503 3.096487 2.817576 2.470376 2.009675 1.52146 1.079527 .7311156 .4474804 .1826145 .10895 .2253723 .2308936 .3261054 .5525948 .7447503 .9531651 1.263546 1.78806 2.648984 3.123133 3.317784 5.756293 154.5936 168.6447 168.9661 168.6471 168.3578 168.1795 168.1479 168.2792
1.639999 1.631256 1.494501 1.200506 .8161443 .384606 -.0866782 -.5283989 -.8188961 -.9895804 -1.155229 -1.279007 -1.335681 -1.455124 -1.688015 -1.839831 -1.860301 -1.733534 -1.434045 -1.186049 -1.040311 -.8092521 -.4622039 .002455284 .5268888 .9817929 1.348473 1.669102 1.852147 1.866987 1.78939 1.62182 1.342944 .955716 .4834694 .04902051 -.3290752 -.5656465 -.775791 -.9201176 -.9048252 -.7164554 -.5824185 -.4508821 -.3242014 -.2068175 -.1036698 .06950288 .5118334 .8545509 .3016304 -2.232486 -16.55019 -173.2297 179.9429 177.407 176.0931 175.2648 174.6959 174.3275 174.1638
-.4083773 -.4449418 -.5794033 -.8212946 -1.132775 -1.487098 -1.836756 -2.16899 -2.390246 -2.479097 -2.547268 -2.583491 -2.503709 -2.444319 -2.572547 -2.672891 -2.665861 -2.523848 -2.226606 -1.890263 -1.765925 -1.578628 -1.304532 -.9132106 -.45265 -.007940981 .3338532 .6159716 .7783825 .7680078 .7003676 .4987536 .1386222 -.2872112 -.7406986 -1.161206 -1.481882 -1.6071 -1.715804 -1.784693 -1.732691 -1.498238 -1.281003 -1.203235 -1.161531 -1.131526 -1.149399 -1.146546 -.8821743 -1.100546 -2.774977 -8.964204 -59.45814 -162.4295 -172.9343 -176.8045 -178.7315 -179.9595 179.1938 178.6341 178.3204
-2.142539 -2.105161 -2.138281 -2.243184 -2.437603 -2.689721 -2.943681 -3.189764 -3.315844 -3.290781 -3.263116 -3.220581 -3.068368 -2.887839 -2.883942 -2.919461 -2.888856 -2.738178 -2.459622 -2.068843 -1.930283 -1.802173 -1.630704 -1.352731 -1.001557 -.6012111 -.319167 -.1149439 -.001180844 -.07179405 -.1949559 -.4908604 -.9122992 -1.349948 -1.762989 -2.136975 -2.340928 -2.342563 -2.367066 -2.419353 -2.382599 -2.172387 -1.933515 -1.897446 -1.918196 -1.984047 -2.11688 -2.286403 -2.291517 -3.030575 -5.685806 -14.28198 -65.12841 -151.8801 -166.586 -171.9217 -174.5886 -176.3085 -177.4841 -178.2498 -178.7055
-3.512419 -3.359316 -3.279641 -3.255859 -3.296198 -3.457232 -3.658648 -3.815328 -3.81237 -3.657453 -3.500716 -3.325846 -3.092925 -2.819209 -2.677709 -2.595641 -2.501012 -2.329077 -2.079041 -1.737815 -1.60024 -1.531731 -1.465627 -1.322229 -1.143303 -.8774562 -.7034429 -.624667 -.6239113 -.789062 -1.020875 -1.379304 -1.788273 -2.217174 -2.598406 -2.868459 -2.963237 -2.870657 -2.828635 -2.88493 -2.876674 -2.741874 -2.55444 -2.552492 -2.636638 -2.784307 -3.017938 -3.332125 -3.620879 -4.752526 -8.079098 -17.43788 -58.03943 -138.6369 -159.5619 -166.9308 -170.6407 -173.0278 -174.6812 -175.7479 -176.3802
-4.452148 -4.199742 -4.020941 -3.87918 -3.76187 -3.793898 -3.883369 -3.9171 -3.799637 -3.507627 -3.23219 -2.981557 -2.697792 -2.381665 -2.164788 -2.004772 -1.852612 -1.656589 -1.442668 -1.185925 -1.084373 -1.07826 -1.121287 -1.122469 -1.141176 -1.067482 -1.041777 -1.100299 -1.229797 -1.495922 -1.774983 -2.094117 -2.431282 -2.813319 -3.13811 -3.331369 -3.304749 -3.180976 -3.107405 -3.169692 -3.183782 -3.105808 -2.981097 -2.989847 -3.128575 -3.380749 -3.736642 -4.210042 -4.74136 -6.174531 -9.862109 -18.81802 -49.70964 -121.8103 -151.0551 -161.2311 -166.3716 -169.62 -171.9019 -173.3949 -174.2803
-4.924386 -4.561419 -4.262926 -3.991614 -3.735749 -3.622733 -3.593547 -3.514153 -3.321717 -2.988484 -2.655739 -2.364884 -2.070225 -1.769073 -1.523537 -1.321479 -1.124914 -.9172576 -.7364948 -.5655456 -.5221785 -.5865783 -.7456271 -.8920351 -1.099263 -1.25186 -1.40323 -1.587535 -1.802588 -2.086304 -2.336684 -2.577444 -2.830485 -3.168917 -3.447811 -3.612099 -3.514096 -3.347585 -3.250793 -3.304027 -3.339169 -3.29876 -3.216824 -3.229686 -3.377098 -3.699839 -4.175085 -4.827813 -5.610399 -7.285324 -11.11515 -19.4248 -42.60624 -100.3612 -139.8415 -154.3019 -161.4581 -165.8454 -168.961 -171.0989 -172.3948
-5.023908 -4.572389 -4.145005 -3.763748 -3.439623 -3.204592 -3.042518 -2.856232 -2.580043 -2.229704 -1.859954 -1.568051 -1.306994 -1.05654 -.8251001 -.6271703 -.411035 -.2105069 -.05941761 .01686952 -.01708729 -.1904977 -.4742507 -.7633362 -1.139724 -1.497585 -1.795163 -2.065055 -2.333824 -2.59977 -2.793453 -2.947762 -3.089576 -3.361227 -3.609494 -3.742266 -3.607705 -3.389779 -3.27089 -3.306741 -3.376611 -3.388218 -3.36895 -3.434011 -3.630936 -4.008182 -4.559354 -5.341776 -6.414295 -8.345198 -12.19585 -19.67702 -36.42093 -76.76621 -124.0717 -145.3222 -155.4149 -161.4242 -165.6293 -168.6406 -170.553
-4.873944 -4.357881 -3.80702 -3.314641 -2.922204 -2.595714 -2.31057 -2.039003 -1.6862 -1.340935 -.9797273 -.6974024 -.4571521 -.2426323 -.04076345 .1300891 .2963748 .4375476 .5323688 .5201231 .3985041 .1135463 -.2962489 -.7206201 -1.231325 -1.735666 -2.158618 -2.512321 -2.826847 -3.076423 -3.224929 -3.309959 -3.342253 -3.527548 -3.749577 -3.826394 -3.662579 -3.367009 -3.198091 -3.189455 -3.286206 -3.356383 -3.361321 -3.444582 -3.678338 -4.120565 -4.763423 -5.66825 -6.931828 -9.117515 -12.80944 -18.95767 -30.54724 -55.85421 -101.3741 -132.6409 -147.4306 -155.8796 -161.5698 -165.7427 -168.479
-4.521507 -3.990346 -3.344125 -2.747826 -2.290376 -1.902773 -1.511663 -1.149068 -.7573347 -.4107369 -.07207456 .2057908 .4500596 .6623621 .8361436 .9310701 .9647805 1.01981 1.01856 .9405617 .7482523 .3445081 -.1829756 -.7387314 -1.386674 -2.016567 -2.541205 -2.944661 -3.282008 -3.510366 -3.61539 -3.638262 -3.551496 -3.619378 -3.797413 -3.815725 -3.646049 -3.302337 -3.074294 -2.995168 -3.059477 -3.151342 -3.161385 -3.258684 -3.512081 -4.002513 -4.734199 -5.771521 -7.274616 -9.591344 -13.02792 -17.8276 -25.79669 -42.3639 -76.43448 -114.3148 -136.1192 -148.4247 -156.3513 -162.0724 -165.8968
-3.937822 -3.396347 -2.738427 -2.083877 -1.604227 -1.206793 -.8025543 -.3919669 .021512 .3993584 .7439625 1.045146 1.304847 1.493551 1.579006 1.515226 1.408734 1.34331 1.206241 1.027941 .7569318 .2339032 -.3782874 -1.060938 -1.78107 -2.441451 -2.978108 -3.352361 -3.644632 -3.794681 -3.806426 -3.759793 -3.60134 -3.546918 -3.645078 -3.582853 -3.386763 -3.040883 -2.756352 -2.626498 -2.666115 -2.784587 -2.841401 -2.960487 -3.223722 -3.746022 -4.549055 -5.697237 -7.415821 -9.733683 -12.80303 -16.74814 -22.97436 -35.2869 -59.53649 -93.24979 -120.5731 -138.2559 -149.6723 -157.4582 -162.704
-3.071335 -2.507544 -1.854893 -1.209629 -.76068 -.4218465 -.08487546 .3009575 .6949018 1.064091 1.390952 1.664169 1.813763 1.855095 1.774216 1.5822 1.382126 1.155885 .8691843 .5803879 .1494835 -.4364158 -1.123936 -1.819897 -2.461174 -3.02858 -3.466883 -3.738963 -3.924033 -3.97128 -3.85765 -3.718575 -3.508002 -3.333816 -3.310918 -3.148667 -2.881333 -2.532335 -2.214192 -2.051474 -2.13539 -2.285785 -2.422395 -2.560112 -2.809419 -3.339936 -4.221767 -5.486109 -7.308331 -9.697501 -12.6312 -16.14384 -21.3056 -30.75733 -47.62024 -72.87601 -100.6514 -124.3357 -140.8448 -151.5521 -158.7666
-2.07139 -1.476487 -.8472518 -.2771307 .1301211 .4295402 .7099805 1.031667 1.349888 1.60479 1.800507 1.906156 1.861247 1.739088 1.490005 1.186153 .8766152 .497137 .08852272 -.3663828 -.9013208 -1.445101 -2.063254 -2.63608 -3.142862 -3.551803 -3.84572 -4.02627 -4.122439 -4.088078 -3.868476 -3.644291 -3.395503 -3.150092 -2.993805 -2.725629 -2.386041 -2.036744 -1.717059 -1.550507 -1.630163 -1.745249 -1.86482 -1.947445 -2.122685 -2.649355 -3.668713 -5.124026 -7.094101 -9.561524 -12.32687 -15.3293 -19.39595 -26.1958 -37.06916 -53.29291 -75.78461 -102.0187 -125.5788 -141.9849 -152.933
-1.177415 -.5587294 .03098346 .5547662 .9252941 1.227949 1.52083 1.770957 1.867964 1.907616 1.906785 1.768682 1.527625 1.2268 .8134553 .3840415 -.08040626 -.5601454 -1.047381 -1.567425 -2.045665 -2.465015 -2.89053 -3.277951 -3.604506 -3.829641 -4.001829 -4.111857 -4.166009 -4.09341 -3.836394 -3.557452 -3.255551 -2.946107 -2.670406 -2.296436 -1.890769 -1.529556 -1.231876 -1.104752 -1.191453 -1.267671 -1.296511 -1.208722 -1.134682 -1.562975 -2.757839 -4.564929 -6.843053 -9.382901 -11.89885 -14.52007 -17.69978 -22.24162 -28.79168 -37.82002 -50.0108 -67.87697 -92.82639 -119.4088 -139.9264
-.4931368 .07758458 .6315401 1.103362 1.446775 1.707642 1.856802 1.943713 1.844562 1.671563 1.464352 1.112419 .7093903 .2528629 -.2569614 -.7808957 -1.30477 -1.801466 -2.29938 -2.748482 -3.093194 -3.320849 -3.545497 -3.772407 -3.907592 -3.93616 -3.981286 -4.008876 -4.015016 -3.912066 -3.66671 -3.373696 -3.046188 -2.724071 -2.394943 -1.97452 -1.533962 -1.151495 -.8575943 -.7355893 -.8251869 -.8962139 -.8382831 -.5188463 -.04775348 -.2027672 -1.483191 -3.644389 -6.211727 -8.826404 -11.27752 -13.61897 -16.02275 -19.00982 -22.50716 -26.61503 -31.20631 -37.25351 -46.45724 -62.7118 -92.68119
-.03076043 .4401475 .9075195 1.29996 1.560728 1.645996 1.601228 1.495896 1.232893 .8928837 .492062 .01807379 -.4961863 -1.030685 -1.54881 -2.082418 -2.60416 -3.072307 -3.501011 -3.833194 -4.036101 -4.084993 -4.11227 -4.164203 -4.117424 -3.943892 -3.829154 -3.772458 -3.708026 -3.580966 -3.369124 -3.104341 -2.772693 -2.454803 -2.113145 -1.695699 -1.258785 -.8592171 -.5516776 -.4126107 -.4946385 -.5719013 -.4658993 .03017094 .8675564 1.107466 -.09214946 -2.491927 -5.375129 -8.147171 -10.60789 -12.6263 -14.42976 -16.35127 -18.10338 -19.48725 -20.32784 -20.92122 -21.49772 -22.44958 -24.90825
.1293095 .5000816 .8235305 1.102903 1.211574 1.124205 .9254339 .639798 .2445579 -.2300214 -.7469611 -1.275498 -1.812044 -2.331844 -2.817761 -3.310797 -3.785535 -4.181287 -4.515847 -4.741385 -4.817133 -4.6783 -4.473969 -4.349747 -4.148121 -3.794952 -3.532492 -3.393673 -3.251629 -3.10301 -2.925121 -2.705814 -2.405264 -2.108038 -1.779766 -1.386902 -.9747502 -.5745248 -.2540704 -.09777776 -.1355011 -.2176766 -.1192727 .4251926 1.491042 2.126732 1.204676 -1.244555 -4.448566 -7.38526 -9.718234 -11.41322 -12.89411 -14.14732 -14.91627 -14.96303 -14.15854 -12.72718 -10.76227 -8.584059 -6.437865
-.1470073 .1427837 .3497739 .5106645 .4875957 .2715181 -.05284252 -.4665335 -.9302284 -1.449924 -1.978435 -2.494917 -2.988333 -3.450265 -3.871046 -4.28161 -4.657975 -4.934134 -5.141046 -5.240021 -5.140285 -4.85027 -4.474129 -4.221335 -3.91002 -3.437237 -3.037377 -2.808592 -2.601149 -2.452458 -2.344381 -2.198024 -1.968013 -1.716328 -1.416002 -1.054987 -.672728 -.28686 .04197667 .2349977 .2566027 .183444 .2369632 .6947076 1.748869 2.701358 2.256453 .06742548 -3.211575 -6.236254 -8.560608 -10.12003 -11.42279 -12.27983 -12.4758 -11.88855 -10.42817 -8.28949 -5.658891 -3.022711 -.621202
-.8488643 -.6529779 -.5276576 -.4743117 -.5852645 -.8694193 -1.262628 -1.695038 -2.146677 -2.618801 -3.088351 -3.524211 -3.91555 -4.271761 -4.579503 -4.865195 -5.108053 -5.248845 -5.327439 -5.293538 -5.052811 -4.653294 -4.159848 -3.774519 -3.364713 -2.834231 -2.327175 -2.001759 -1.747756 -1.615018 -1.606091 -1.579249 -1.468445 -1.304239 -1.072122 -.7643105 -.411299 -.03037443 .3155821 .5605072 .6503435 .6202611 .6313584 .9335325 1.780554 2.841299 3.020004 1.494033 -1.503554 -4.737212 -7.318778 -8.996066 -10.07023 -10.66734 -10.56254 -9.679285 -7.984393 -5.669651 -2.967179 -.2620434 2.12678
1.70141E+38 1.70141E+38 1.70141E+38 1.70141E+38 1.70141E+38 1.70141E+38 1.70141E+38 1.70141E+38 1.70141E+38 1.70141E+38 1.70141E+38 1.70141E+38 1.70141E+38 1.70141E+38 1.70141E+38 1.70141E+38 1.70141E+38 1.70141E+38 1.70141E+38 1.70141E+38 1.70141E+38 1.70141E+38 1.70141E+38 1.70141E+38 1.70141E+38 1.70141E+38 1.70141E+38 1.70141E+38 1.70141E+38 1.70141E+38 1.70141E+38 1.70141E+38 1.70141E+38 1.70141E+38 1.70141E+38 1.70141E+38 1.70141E+38 1.70141E+38 1.70141E+38 1.70141E+38 1.70141E+38 1.70141E+38 1.70141E+38 1.70141E+38 1.70141E+38 1.70141E+38 1.70141E+38 1.70141E+38 1.70141E+38 1.70141E+38 1.70141E+38 1.70141E+38 1.70141E+38 1.70141E+38 1.70141E+38 1.70141E+38 1.70141E+38 1.70141E+38 1.70141E+38 1.70141E+38 1.70141E+38
1.70141E+38 1.70141E+38 1.70141E+38 1.70141E+38 1.70141E+38 1.70141E+38 1.70141E+38 1.70141E+38 1.70141E+38 1.70141E+38 1.70141E+38 1.70141E+38 1.70141E+38 1.70141E+38 1.70141E+38 1.70141E+38 1.70141E+38 1.70141E+38 1.70141E+38 1.70141E+38 1.70141E+38 1.70141E+38 1.70141E+38 1.70141E+38 1.70141E+38 1.70141E+38 1.70141E+38 1.70141E+38 1.70141E+38 1.70141E+38 1.70141E+38 1.70141E+38 1.70141E+38 1.70141E+38 1.70141E+38 1.70141E+38 1.70141E+38 1.70141E+38 1.70141E+38 1.70141E+38 1.70141E+38 1.70141E+38 1.70141E+38 1.70141E+38 1.70141E+38 1.70141E+38 1.70141E+38 1.70141E+38 1.70141E+38 1.70141E+38 1.70141E+38 1.70141E+38 1.70141E+38 1.70141E+38 1.70141E+38 1.70141E+38 1.70141E+38 1.70141E+38 1.70141E+38 1.70141E+38 1.70141E+38
1.70141E+38 1.70141E+38 1.70141E+38 1.70141E+38 1.70141E+38 1.70141E+38 1.70141E+38 1.70141E+38 1.70141E+38 1.70141E+38 1.70141E+38 1.70141E+38 1.70141E+38 1.70141E+38 1.70141E+38 1.70141E+38 1.70141E+38 1.70141E+38 1.70141E+38 1.70141E+38 1.70141E+38 1.70141E+38 1.70141E+38 1.70141E+38 1.70141E+38 1.70141E+38 1.70141E+38 1.70141E+38 1.70141E+38 1.70141E+38 1.70141E+38 1.70141E+38 1.70141E+38 1.70141E+38 1.70141E+38 1.70141E+38 1.70141E+38 1.70141E+38 1.70141E+38 1.70141E+38 1.70141E+38 1.70141E+38 1.70141E+38 1.70141E+38 1.70141E+38 1.70141E+38 1.70141E+38 1.70141E+38 1.70141E+38 1.70141E+38 1.70141E+38 1.70141E+38 1.70141E+38 1.70141E+38 1.70141E+38 1.70141E+38 1.70141E+38 1.70141E+38 1.70141E+38 1.70141E+38 1.70141E+38
1.70141E+38 1.70141E+38 1.70141E+38 1.70141E+38 1.70141E+38 1.70141E+38 1.70141E+38 1.70141E+38 1.70141E+38 1.70141E+38 1.70141E+38 1.70141E+38 1.70141E+38 1.70141E+38 1.70141E+38 1.70141E+38 1.70141E+38 1.70141E+38 1.70141E+38 1.70141E+38 1.70141E+38 1.70141E+38 1.70141E+38 1.70141E+38 1.70141E+38 1.70141E+38 1.70141E+38 1.70141E+38 1.70141E+38 1.70141E+38 1.70141E+38 1.70141E+38 1.70141E+38 1.70141E+38 1.70141E+38 1.70141E+38 1.70141E+38 1.70141E+38 1.70141E+38 1.70141E+38 1.70141E+38 1.70141E+38 1.70141E+38 1.70141E+38 1.70141E+38 1.70141E+38 1.70141E+38 1.70141E+38 1.70141E+38 1.70141E+38 1.70141E+38 1.70141E+38 1.70141E+38 1.70141E+38 1.70141E+38 1.70141E+38 1.70141E+38 1.70141E+38 1.70141E+38 1.70141E+38 1.70141E+38
1.70141E+38 1.70141E+38 1.70141E+38 1.70141E+38 1.70141E+38 1.70141E+38 1.70141E+38 1.70141E+38 1.70141E+38 1.70141E+38 1.70141E+38 1.70141E+38 1.70141E+38 1.70141E+38 1.70141E+38 1.70141E+38 1.70141E+38 1.70141E+38 1.70141E+38 1.70141E+38 1.70141E+38 1.70141E+38 1.70141E+38 1.70141E+38 1.70141E+38 1.70141E+38 1.70141E+38 1.70141E+38 1.70141E+38 1.70141E+38 1.70141E+38 1.70141E+38 1.70141E+38 1.70141E+38 1.70141E+38 1.70141E+38 1.70141E+38 1.70141E+38 1.70141E+38 1.70141E+38 1.70141E+38 1.70141E+38 1.70141E+38 1.70141E+38 1.70141E+38 1.70141E+38 1.70141E+38 1.70141E+38 1.70141E+38 1.70141E+38 1.70141E+38 1.70141E+38 1.70141E+38 1.70141E+38 1.70141E+38 1.70141E+38 1.70141E+38 1.70141E+38 1.70141E+38 1.70141E+38 1.70141E+38
1.70141E+38 1.70141E+38 1.70141E+38 1.70141E+38 1.70141E+38 1.70141E+38 1.70141E+38 1.70141E+38 1.70141E+38 1.70141E+38 1.70141E+38 1.70141E+38 1.70141E+38 1.70141E+38 1.70141E+38 1.70141E+38 1.70141E+38 1.70141E+38 1.70141E+38 1.70141E+38 1.70141E+38 1.70141E+38 1.70141E+38 1.70141E+38 1.70141E+38 1.70141E+38 1.70141E+38 1.70141E+38 1.70141E+38 1.70141E+38 1.70141E+38 1.70141E+38 1.70141E+38 1.70141E+38 1.70141E+38 1.70141E+38 1.70141E+38 1.70141E+38 1.70141E+38 1.70141E+38 1.70141E+38 1.70141E+38 1.70141E+38 1.70141E+38 1.70141E+38 1.70141E+38 1.70141E+38 1.70141E+38 1.70141E+38 1.70141E+38 1.70141E+38 1.70141E+38 1.70141E+38 1.70141E+38 1.70141E+38 1.70141E+38 1.70141E+38 1.70141E+38 1.70141E+38 1.70141E+38 1.70141E+38
1.70141E+38 1.70141E+38 1.70141E+38 1.70141E+38 1.70141E+38 1.70141E+38 1.70141E+38 1.70141E+38 1.70141E+38 1.70141E+38 1.70141E+38 1.70141E+38 1.70141E+38 1.70141E+38 1.70141E+38 1.70141E+38 1.70141E+38 1.70141E+38 1.70141E+38 1.70141E+38 1.70141E+38 1.70141E+38 1.70141E+38 1.70141E+38 1.70141E+38 1.70141E+38 1.70141E+38 1.70141E+38 1.70141E+38 1.70141E+38 1.70141E+38 1.70141E+38 1.70141E+38 1.70141E+38 1.70141E+38 1.70141E+38 1.70141E+38 1.70141E+38 1.70141E+38 1.70141E+38 1.70141E+38 1.70141E+38 1.70141E+38 1.70141E+38 1.70141E+38 1.70141E+38 1.70141E+38 1.70141E+38 1.70141E+38 1.70141E+38 1.70141E+38 1.70141E+38 1.70141E+38 1.70141E+38 1.70141E+38 1.70141E+38 1.70141E+38 1.70141E+38 1.70141E+38 1.70141E+38 1.70141E+38
1.70141E+38 1.70141E+38 1.70141E+38 1.70141E+38 1.70141E+38 1.70141E+38 1.70141E+38 1.70141E+38 1.70141E+38 1.70141E+38 1.70141E+38 1.70141E+38 1.70141E+38 1.70141E+38 1.70141E+38 1.70141E+38 1.70141E+38 1.70141E+38 1.70141E+38 1.70141E+38 1.70141E+38 1.70141E+38 1.70141E+38 1.70141E+38 1.70141E+38 1.70141E+38 1.70141E+38 1.70141E+38 1.70141E+38 1.70141E+38 1.70141E+38 1.70141E+38 1.70141E+38 1.70141E+38 1.70141E+38 1.70141E+38 1.70141E+38 1.70141E+38 1.70141E+38 1.70141E+38 1.70141E+38 1.70141E+38 1.70141E+38 1.70141E+38 1.70141E+38 1.70141E+38 1.70141E+38 1.70141E+38 1.70141E+38 1.70141E+38 1.70141E+38 1.70141E+38 1.70141E+38 1.70141E+38 1.70141E+38 1.70141E+38 1.70141E+38 1.70141E+38 1.70141E+38 1.70141E+38 1.70141E+38
