py_wake/examples/data/AJ_ParqueFicticio/Ridge area   Sector 8   Height 200m   Weibull-k.grd
DSAA
90  129
 262878   265103
 6504214   6507414
 .7675781   2.552734
[rows 54 to 80 of 129, columns 0 to 61 of 90]
2.505859 2.505859 2.501953 2.498047 2.498047 2.498047 2.498047 2.501953 2.501953 2.494141 2.474609 2.455078 2.431641 2.408203 2.388672 2.365234 2.345703 2.333984 2.326172 2.322266 2.326172 2.341797 2.357422 2.376953 2.388672 2.392578 2.392578 2.392578 2.392578 2.392578 2.396484 2.404297 2.412109 2.423828 2.431641 2.443359 2.451172 2.455078 2.462891 2.462891 2.462891 2.462891 2.462891 2.462891 2.462891 2.462891 2.466797 2.470703 2.474609 2.482422 2.486328 2.494141 2.501953 2.509766 2.509766 2.509766 2.505859 2.501953 2.501953 2.509766 2.513672 2.513672
2.505859 2.501953 2.501953 2.498047 2.498047 2.498047 2.501953 2.501953 2.505859 2.505859 2.498047 2.482422 2.462891 2.447266 2.427734 2.408203 2.388672 2.373047 2.365234 2.357422 2.357422 2.365234 2.380859 2.396484 2.408203 2.416016 2.419922 2.423828 2.423828 2.427734 2.427734 2.431641 2.435547 2.439453 2.443359 2.447266 2.455078 2.458984 2.462891 2.462891 2.462891 2.458984 2.458984 2.455078 2.458984 2.458984 2.462891 2.470703 2.474609 2.478516 2.486328 2.490234 2.494141 2.501953 2.505859 2.509766 2.509766 2.509766 2.509766 2.513672 2.509766 2.509766
2.501953 2.501953 2.498047 2.498047 2.498047 2.498047 2.501953 2.505859 2.505859 2.505859 2.505859 2.501953 2.490234 2.474609 2.458984 2.443359 2.427734 2.416016 2.404297 2.392578 2.388672 2.396484 2.408203 2.419922 2.431641 2.439453 2.447266 2.451172 2.451172 2.455078 2.455078 2.455078 2.455078 2.458984 2.458984 2.458984 2.458984 2.462891 2.462891 2.462891 2.462891 2.458984 2.455078 2.455078 2.455078 2.458984 2.462891 2.466797 2.474609 2.478516 2.482422 2.486328 2.490234 2.490234 2.498047 2.501953 2.505859 2.505859 2.505859 2.505859 2.501953 2.501953
2.501953 2.501953 2.498047 2.498047 2.498047 2.501953 2.505859 2.505859 2.509766 2.509766 2.509766 2.505859 2.501953 2.501953 2.490234 2.478516 2.466797 2.451172 2.439453 2.427734 2.423828 2.427734 2.435547 2.443359 2.455078 2.458984 2.462891 2.470703 2.470703 2.474609 2.474609 2.474609 2.474609 2.474609 2.474609 2.474609 2.470703 2.470703 2.470703 2.466797 2.462891 2.458984 2.455078 2.455078 2.455078 2.458984 2.458984 2.466797 2.470703 2.474609 2.478516 2.482422 2.482422 2.486328 2.486328 2.490234 2.490234 2.494141 2.494141 2.494141 2.490234 2.494141
2.501953 2.501953 2.498047 2.498047 2.501953 2.501953 2.505859 2.509766 2.513672 2.513672 2.509766 2.509766 2.505859 2.505859 2.505859 2.505859 2.501953 2.490234 2.478516 2.470703 2.462891 2.458984 2.462891 2.466797 2.470703 2.474609 2.478516 2.482422 2.486328 2.486328 2.490234 2.490234 2.486328 2.486328 2.486328 2.486328 2.482422 2.482422 2.478516 2.474609 2.466797 2.462891 2.458984 2.458984 2.458984 2.458984 2.462891 2.466797 2.470703 2.474609 2.478516 2.478516 2.478516 2.478516 2.478516 2.478516 2.478516 2.478516 2.482422 2.482422 2.482422 2.486328
2.501953 2.501953 2.501953 2.501953 2.501953 2.505859 2.509766 2.513672 2.513672 2.513672 2.513672 2.513672 2.509766 2.509766 2.509766 2.509766 2.509766 2.509766 2.509766 2.505859 2.494141 2.490234 2.486328 2.482422 2.482422 2.486328 2.490234 2.490234 2.494141 2.494141 2.498047 2.498047 2.494141 2.494141 2.494141 2.490234 2.490234 2.486328 2.482422 2.478516 2.474609 2.466797 2.466797 2.462891 2.462891 2.462891 2.462891 2.466797 2.470703 2.474609 2.474609 2.478516 2.478516 2.474609 2.470703 2.470703 2.470703 2.470703 2.470703 2.474609 2.474609 2.478516
2.505859 2.501953 2.501953 2.501953 2.505859 2.509766 2.513672 2.513672 2.517578 2.517578 2.517578 2.517578 2.517578 2.513672 2.513672 2.513672 2.513672 2.513672 2.513672 2.513672 2.509766 2.509766 2.509766 2.501953 2.498047 2.494141 2.494141 2.494141 2.498047 2.498047 2.498047 2.498047 2.498047 2.498047 2.494141 2.494141 2.494141 2.490234 2.486328 2.482422 2.478516 2.470703 2.470703 2.466797 2.466797 2.466797 2.466797 2.470703 2.474609 2.474609 2.474609 2.474609 2.474609 2.470703 2.466797 2.462891 2.462891 2.462891 2.466797 2.470703 2.466797 2.462891
2.505859 2.505859 2.505859 2.505859 2.509766 2.513672 2.513672 2.517578 2.517578 2.521484 2.521484 2.521484 2.521484 2.517578 2.517578 2.517578 2.517578 2.517578 2.517578 2.517578 2.517578 2.513672 2.513672 2.509766 2.509766 2.505859 2.501953 2.501953 2.498047 2.498047 2.498047 2.494141 2.498047 2.498047 2.494141 2.494141 2.494141 2.490234 2.486328 2.482422 2.478516 2.474609 2.470703 2.470703 2.466797 2.466797 2.466797 2.474609 2.474609 2.478516 2.478516 2.474609 2.470703 2.466797 2.462891 2.458984 2.458984 2.462891 2.466797 2.470703 2.458984 2.439453
2.509766 2.509766 2.509766 2.509766 2.513672 2.513672 2.517578 2.521484 2.521484 2.521484 2.521484 2.521484 2.521484 2.521484 2.521484 2.521484 2.521484 2.521484 2.521484 2.521484 2.517578 2.517578 2.517578 2.513672 2.513672 2.509766 2.509766 2.505859 2.501953 2.501953 2.498047 2.494141 2.490234 2.490234 2.490234 2.490234 2.490234 2.486328 2.486328 2.482422 2.478516 2.474609 2.474609 2.470703 2.466797 2.466797 2.466797 2.470703 2.474609 2.478516 2.474609 2.474609 2.470703 2.466797 2.462891 2.458984 2.458984 2.458984 2.466797 2.474609 2.447266 2.396484
2.513672 2.509766 2.509766 2.509766 2.513672 2.517578 2.517578 2.521484 2.521484 2.521484 2.521484 2.521484 2.521484 2.521484 2.521484 2.521484 2.521484 2.521484 2.521484 2.521484 2.521484 2.521484 2.517578 2.517578 2.513672 2.513672 2.513672 2.509766 2.505859 2.501953 2.494141 2.490234 2.490234 2.486328 2.486328 2.486328 2.486328 2.482422 2.482422 2.482422 2.478516 2.474609 2.474609 2.470703 2.466797 2.466797 2.466797 2.470703 2.474609 2.474609 2.474609 2.470703 2.466797 2.462891 2.462891 2.458984 2.458984 2.462891 2.466797 2.478516 2.447266 2.365234
2.513672 2.513672 2.509766 2.509766 2.513672 2.517578 2.517578 2.521484 2.521484 2.521484 2.521484 2.521484 2.521484 2.521484 2.521484 2.521484 2.521484 2.521484 2.521484 2.521484 2.521484 2.521484 2.521484 2.517578 2.517578 2.513672 2.513672 2.509766 2.505859 2.501953 2.494141 2.490234 2.486328 2.482422 2.482422 2.482422 2.478516 2.478516 2.478516 2.478516 2.474609 2.474609 2.474609 2.470703 2.470703 2.466797 2.466797 2.470703 2.470703 2.470703 2.470703 2.466797 2.466797 2.462891 2.458984 2.458984 2.458984 2.462891 2.470703 2.482422 2.462891 2.384766
2.513672 2.513672 2.509766 2.509766 2.513672 2.513672 2.517578 2.517578 2.521484 2.521484 2.521484 2.521484 2.521484 2.521484 2.521484 2.521484 2.521484 2.521484 2.521484 2.521484 2.521484 2.521484 2.517578 2.517578 2.517578 2.513672 2.513672 2.513672 2.505859 2.498047 2.490234 2.486328 2.478516 2.478516 2.478516 2.474609 2.474609 2.474609 2.474609 2.474609 2.474609 2.470703 2.470703 2.470703 2.466797 2.466797 2.466797 2.466797 2.466797 2.466797 2.462891 2.462891 2.462891 2.462891 2.458984 2.458984 2.462891 2.466797 2.474609 2.482422 2.494141 2.443359
2.509766 2.509766 2.509766 2.509766 2.509766 2.513672 2.513672 2.517578 2.517578 2.521484 2.521484 2.521484 2.521484 2.521484 2.521484 2.521484 2.521484 2.521484 2.521484 2.521484 2.517578 2.517578 2.517578 2.517578 2.513672 2.513672 2.513672 2.509766 2.501953 2.494141 2.486328 2.478516 2.474609 2.474609 2.470703 2.470703 2.466797 2.466797 2.466797 2.466797 2.466797 2.466797 2.466797 2.466797 2.466797 2.466797 2.462891 2.462891 2.462891 2.458984 2.458984 2.458984 2.458984 2.458984 2.458984 2.458984 2.462891 2.470703 2.478516 2.486328 2.498047 2.501953
2.509766 2.509766 2.505859 2.505859 2.509766 2.509766 2.513672 2.513672 2.517578 2.517578 2.517578 2.521484 2.521484 2.521484 2.521484 2.517578 2.517578 2.517578 2.517578 2.517578 2.517578 2.517578 2.513672 2.513672 2.513672 2.509766 2.505859 2.498047 2.494141 2.486328 2.482422 2.474609 2.470703 2.470703 2.466797 2.462891 2.462891 2.462891 2.462891 2.462891 2.462891 2.462891 2.462891 2.462891 2.462891 2.458984 2.458984 2.458984 2.455078 2.455078 2.455078 2.451172 2.455078 2.455078 2.458984 2.458984 2.466797 2.474609 2.482422 2.490234 2.498047 2.505859
2.505859 2.505859 2.505859 2.505859 2.505859 2.505859 2.509766 2.509766 2.513672 2.517578 2.517578 2.517578 2.517578 2.517578 2.517578 2.517578 2.513672 2.513672 2.513672 2.513672 2.513672 2.509766 2.509766 2.509766 2.505859 2.501953 2.494141 2.490234 2.482422 2.478516 2.474609 2.470703 2.466797 2.462891 2.458984 2.458984 2.455078 2.455078 2.455078 2.455078 2.455078 2.455078 2.455078 2.455078 2.455078 2.455078 2.455078 2.451172 2.451172 2.451172 2.447266 2.447266 2.447266 2.451172 2.458984 2.462891 2.466797 2.478516 2.486328 2.494141 2.501953 2.505859
2.501953 2.501953 2.501953 2.501953 2.501953 2.505859 2.505859 2.505859 2.509766 2.513672 2.517578 2.517578 2.517578 2.517578 2.517578 2.513672 2.513672 2.509766 2.509766 2.509766 2.509766 2.505859 2.505859 2.498047 2.494141 2.486328 2.482422 2.474609 2.470703 2.466797 2.466797 2.462891 2.458984 2.455078 2.451172 2.451172 2.447266 2.447266 2.447266 2.447266 2.447266 2.447266 2.447266 2.447266 2.447266 2.447266 2.447266 2.447266 2.443359 2.443359 2.443359 2.443359 2.443359 2.451172 2.455078 2.462891 2.470703 2.482422 2.490234 2.501953 2.505859 2.505859
2.501953 2.501953 2.505859 2.505859 2.501953 2.501953 2.501953 2.501953 2.505859 2.505859 2.509766 2.509766 2.509766 2.509766 2.509766 2.509766 2.505859 2.505859 2.505859 2.505859 2.501953 2.498047 2.490234 2.486328 2.478516 2.474609 2.470703 2.466797 2.462891 2.458984 2.455078 2.451172 2.447266 2.443359 2.443359 2.439453 2.439453 2.443359 2.443359 2.439453 2.439453 2.439453 2.439453 2.439453 2.435547 2.435547 2.435547 2.435547 2.435547 2.435547 2.435547 2.439453 2.443359 2.447266 2.455078 2.462891 2.474609 2.486328 2.494141 2.501953 2.505859 2.505859
2.505859 2.509766 2.509766 2.509766 2.509766 2.505859 2.501953 2.494141 2.486328 2.470703 2.458984 2.451172 2.443359 2.455078 2.466797 2.478516 2.486328 2.490234 2.494141 2.490234 2.486328 2.482422 2.478516 2.474609 2.470703 2.466797 2.462891 2.458984 2.455078 2.447266 2.443359 2.439453 2.439453 2.435547 2.435547 2.435547 2.435547 2.439453 2.443359 2.439453 2.435547 2.435547 2.431641 2.427734 2.423828 2.423828 2.423828 2.423828 2.427734 2.427734 2.431641 2.435547 2.443359 2.447266 2.455078 2.462891 2.474609 2.486328 2.498047 2.505859 2.505859 2.505859
2.498047 2.505859 2.509766 2.509766 2.509766 2.509766 2.509766 2.509766 2.486328 2.443359 2.388672 2.341797 2.322266 2.341797 2.376953 2.423828 2.455078 2.478516 2.486328 2.482422 2.478516 2.474609 2.470703 2.466797 2.458984 2.455078 2.451172 2.447266 2.443359 2.435547 2.431641 2.431641 2.431641 2.431641 2.431641 2.435547 2.435547 2.443359 2.447266 2.443359 2.435547 2.431641 2.427734 2.419922 2.412109 2.412109 2.412109 2.412109 2.412109 2.419922 2.423828 2.431641 2.439453 2.447266 2.458984 2.466797 2.478516 2.486328 2.498047 2.505859 1.251953 1.537109
2.486328 2.494141 2.498047 2.505859 2.509766 2.509766 2.509766 2.509766 2.509766 2.509766 2.509766 2.501953 2.490234 2.486328 2.482422 2.478516 2.474609 2.470703 2.466797 2.458984 2.455078 2.451172 2.447266 2.443359 2.439453 2.435547 2.431641 2.427734 2.423828 2.419922 2.416016 2.419922 2.423828 2.427734 2.431641 2.435547 2.435547 2.439453 2.443359 2.443359 2.435547 2.427734 2.419922 2.412109 2.404297 2.400391 2.396484 2.400391 2.400391 2.408203 2.416016 2.427734 2.435547 2.447266 2.458984 2.466797 2.478516 2.490234 2.498047 2.505859 .9707031 .9628906
2.466797 2.466797 2.462891 2.443359 2.416016 2.384766 2.369141 2.357422 2.330078 2.310547 2.291016 2.291016 2.310547 2.333984 2.353516 2.353516 2.365234 2.384766 2.400391 2.416016 2.427734 2.423828 2.416016 2.412109 2.408203 2.400391 2.392578 2.388672 2.384766 2.380859 2.384766 2.396484 2.412109 2.423828 2.431641 2.435547 2.435547 2.435547 2.435547 2.435547 2.427734 2.423828 2.412109 2.404297 2.396484 2.388672 2.388672 2.388672 2.392578 2.400391 2.412109 2.423828 2.435547 2.447266 2.458984 2.466797 2.478516 2.490234 2.501953 2.505859 2.505859 .9472656
2.439453 2.419922 2.384766 2.326172 2.236328 2.123047 2.021484 1.990234 2.060547 2.115234 2.138672 2.130859 2.095703 2.080078 2.123047 2.134766 2.119141 2.166016 2.251953 2.326172 2.373047 2.384766 2.373047 2.357422 2.353516 2.349609 2.333984 2.314453 2.294922 2.306641 2.326172 2.341797 2.380859 2.412109 2.427734 2.431641 2.435547 2.435547 2.431641 2.427734 2.419922 2.412109 2.404297 2.396484 2.384766 2.380859 2.380859 2.384766 2.388672 2.396484 2.408203 2.419922 2.435547 2.447266 2.458984 2.470703 2.482422 2.494141 2.501953 2.505859 2.505859 1.123047
2.400391 2.361328 2.291016 2.193359 2.060547 1.923828 1.822266 1.845703 1.994141 2.080078 2.115234 2.107422 2.072266 2.037109 2.064453 2.064453 2.037109 2.068359 2.177734 2.279297 2.333984 2.349609 2.341797 2.326172 2.322266 2.322266 2.306641 2.283203 2.259766 2.275391 2.298828 2.322266 2.365234 2.408203 2.427734 2.435547 2.435547 2.435547 2.431641 2.423828 2.416016 2.404297 2.396484 2.384766 2.376953 2.373047 2.376953 2.380859 2.384766 2.396484 2.408203 2.423828 2.435547 2.451172 2.466797 2.478516 2.486328 2.498047 2.505859 2.505859 2.505859 2.505859
2.353516 2.291016 2.201172 2.083984 1.966797 1.884766 1.880859 1.966797 2.091797 2.166016 2.193359 2.189453 2.185547 2.173828 2.158203 2.146484 2.138672 2.158203 2.208984 2.271484 2.322266 2.349609 2.357422 2.357422 2.353516 2.349609 2.341797 2.330078 2.326172 2.333984 2.345703 2.365234 2.396484 2.419922 2.435547 2.439453 2.443359 2.439453 2.431641 2.423828 2.412109 2.400391 2.392578 2.380859 2.373047 2.369141 2.373047 2.376953 2.384766 2.396484 2.412109 2.427734 2.443359 2.462891 2.474609 2.486328 2.494141 2.501953 2.505859 2.505859 2.505859 2.505859
2.310547 2.228516 2.126953 2.044922 1.986328 1.970703 2.013672 2.115234 2.212891 2.267578 2.294922 2.310547 2.306641 2.291016 2.271484 2.263672 2.267578 2.267578 2.279297 2.306641 2.345703 2.369141 2.388672 2.400391 2.400391 2.396484 2.392578 2.388672 2.392578 2.396484 2.400391 2.408203 2.423828 2.439453 2.443359 2.447266 2.447266 2.443359 2.435547 2.423828 2.412109 2.400391 2.388672 2.380859 2.373047 2.369141 2.373047 2.376953 2.384766 2.396484 2.412109 2.431641 2.451172 2.470703 2.486328 2.494141 2.498047 2.505859 2.505859 2.505859 2.505859 2.505859
2.294922 2.212891 2.134766 2.103516 2.095703 2.107422 2.162109 2.251953 2.322266 2.365234 2.388672 2.396484 2.388672 2.376953 2.369141 2.361328 2.357422 2.353516 2.357422 2.365234 2.380859 2.400391 2.416016 2.427734 2.431641 2.431641 2.431641 2.431641 2.431641 2.431641 2.431641 2.439453 2.447266 2.451172 2.455078 2.455078 2.451172 2.447266 2.435547 2.427734 2.412109 2.400391 2.388672 2.380859 2.376953 2.376953 2.376953 2.380859 2.392578 2.404297 2.419922 2.439453 2.462891 2.482422 2.490234 2.482422 2.490234 2.505859 2.505859 2.505859 2.505859 2.505859
2.330078 2.275391 2.240234 2.232422 2.240234 2.267578 2.314453 2.369141 2.416016 2.443359 2.455078 2.458984 2.455078 2.447266 2.439453 2.435547 2.431641 2.423828 2.423828 2.419922 2.427734 2.435547 2.447266 2.455078 2.458984 2.458984 2.458984 2.458984 2.458984 2.458984 2.455078 2.458984 2.458984 2.462891 2.462891 2.458984 2.455078 2.447266 2.439453 2.427734 2.416016 2.404297 2.392578 2.384766 2.380859 2.380859 2.384766 2.388672 2.396484 2.412109 2.427734 2.447266 2.470703 2.486328 2.466797 2.447266 2.505859 2.505859 2.505859 2.505859 2.505859 2.505859
