py_wake/examples/data/AJ_ParqueFicticio/Ridge area   Sector 5   Height 30m   Turbulence intensity.grd
DSAA
90  129
 262878   265103
 6504214   6507414
 12.499   100
[rows 54 to 80 of 129, columns 0 to 61 of 90]
23.56358 25.06513 27.23943 30.36277 33.92688 38.18432 42.82501 47.47195 52.43853 56.99416 59.86815 61.76064 64.27913 69.20548 76.6251 86.05016 95.70182 100 100 100 100 97.63004 88.76382 80.23363 72.87376 67.93916 63.74568 57.88639 53.13093 48.14961 41.91737 36.33642 31.41657 26.98017 23.65976 20.97726 18.79017 17.22131 16.08299 15.27612 14.70094 14.22603 13.83633 13.49382 13.19873 13.02537 13.05958 13.28711 13.68409 14.2771 15.01411 16.01342 17.20753 18.49049 19.9048 20.78918 21.19734 21.25193 20.91533 20.07543 18.87788 17.78703
23.12244 24.30025 26.05889 28.71198 32.19324 36.10133 40.10548 44.06629 47.93134 51.14465 53.06263 54.23927 56.51308 61.20415 67.90917 76.2234 85.00014 93.18827 99.64988 100 100 93.49561 85.46072 77.04366 68.65789 61.98687 56.11259 50.75889 45.75436 40.71491 36.14055 31.66929 28.03937 25.20442 22.88558 20.78354 18.80351 17.33215 16.25619 15.44244 14.82566 14.31697 13.90307 13.52826 13.22171 13.04358 13.03227 13.20042 13.51366 14.05584 14.77088 15.67175 16.74552 17.8712 19.09622 19.93911 20.29753 20.29579 20.00408 19.36273 18.54983 17.84633
22.80946 23.68204 25.05225 27.29409 30.48821 33.96903 37.60599 41.07678 44.19596 46.64385 47.92043 48.45192 49.94899 54.07727 59.8824 67.03873 74.54103 82.0287 88.79257 92.74461 90.94535 85.56573 78.97501 70.82015 62.27108 55.0792 49.18711 44.1889 39.88413 35.56651 31.63925 28.12279 25.28738 23.24155 21.49601 19.85034 18.38758 17.18759 16.25894 15.46547 14.82076 14.30708 13.88686 13.50541 13.20631 13.03788 12.99966 13.13509 13.396 13.82663 14.49206 15.32871 16.29415 17.30597 18.37955 19.22538 19.56802 19.57014 19.36941 18.95506 18.44561 17.97869
22.5432 23.20858 24.32626 26.15861 28.75209 31.94105 35.21305 38.10097 40.56304 42.50903 43.7451 44.01033 44.77184 47.43824 52.00575 57.88379 64.57597 71.07636 77.37875 81.04144 79.48662 75.15344 70.08327 63.40731 55.814 49.05603 43.63737 39.11996 35.41936 31.70747 28.32882 25.48219 23.26022 21.49402 19.9532 18.67613 17.60314 16.73791 15.99235 15.29272 14.67743 14.18579 13.78172 13.42298 13.15941 13.00113 12.95329 13.06159 13.29258 13.63938 14.17126 14.91217 15.78085 16.69903 17.63395 18.47398 18.92609 19.04233 18.98342 18.74731 18.42978 18.16897
22.39017 22.85898 23.76349 25.38648 27.54798 30.17941 32.912 35.58955 37.79728 39.32095 40.11127 40.41302 40.94916 42.7979 46.14804 50.31081 55.12849 59.96791 65.25424 68.20128 67.32814 64.52722 60.72059 55.53978 49.54724 43.8922 39.1954 35.37627 31.97552 28.84385 25.93465 23.44634 21.52818 19.9928 18.72498 17.65186 16.78913 16.08805 15.46708 14.91129 14.41191 13.97801 13.60294 13.29578 13.06191 12.92214 12.87615 12.9635 13.16415 13.47653 13.89248 14.48549 15.24712 16.05943 16.89843 17.70245 18.28012 18.60601 18.72044 18.71002 18.64169 18.61611
22.27515 22.57638 23.27711 24.60685 26.46524 28.71459 31.03626 33.28947 35.22234 36.61419 37.2575 37.4701 37.85524 39.15083 41.60886 44.61129 48.03222 51.76119 55.28206 57.33848 56.97329 55.47617 52.54967 48.33258 43.72114 39.39323 35.57471 32.32758 29.45345 26.72346 24.19362 21.91801 20.12551 18.78803 17.70477 16.79274 16.08701 15.48939 14.96926 14.50892 14.10167 13.73196 13.41452 13.14861 12.92198 12.79779 12.75673 12.82237 12.9969 13.28952 13.66955 14.14151 14.77401 15.52512 16.3121 17.09671 17.73973 18.20412 18.58732 18.86386 19.1142 19.33667
22.16546 22.33549 22.80385 23.82794 25.39339 27.28246 29.23635 31.10005 32.79085 34.16822 34.82029 34.95631 35.13247 35.97219 37.58198 39.44616 41.72301 44.40528 47.05155 48.97759 48.65866 47.51195 45.60475 42.35965 38.82382 35.56455 32.53677 29.87794 27.38767 25.05505 22.8481 20.80431 19.08863 17.89185 16.95126 16.15458 15.55455 15.04791 14.59065 14.20254 13.83773 13.51947 13.2542 13.00988 12.78539 12.67076 12.63946 12.67893 12.80541 13.07857 13.46002 13.89846 14.4253 15.09929 15.86072 16.64425 17.37272 17.9726 18.56778 19.19429 19.79147 20.26479
21.99777 22.10029 22.43997 23.22592 24.53444 26.08343 27.66177 29.20258 30.65168 31.88909 32.55132 32.82672 32.88856 33.13 33.94344 35.1721 36.64997 38.43325 40.23968 41.54036 41.61721 40.9075 39.66289 37.38221 34.71672 32.24727 29.99871 27.82306 25.63684 23.65354 21.74565 19.95938 18.45598 17.39288 16.50282 15.79789 15.25724 14.76867 14.35215 13.98709 13.64131 13.36174 13.12849 12.90412 12.6915 12.60038 12.59383 12.62111 12.69369 12.88985 13.25891 13.70479 14.19764 14.7919 15.52739 16.36044 17.22436 18.02555 18.82298 19.71333 20.68338 21.48074
21.80682 21.8549 22.08799 22.64187 23.68983 24.96012 26.30978 27.65672 28.93293 30.03678 30.66891 30.83828 30.85812 31.0152 31.35185 32.12117 32.91885 33.8583 34.68229 35.32642 35.65202 35.09526 34.1987 32.6936 30.95377 29.12785 27.44806 25.87515 24.19772 22.45512 20.90025 19.37482 18.13193 17.13339 16.30027 15.65281 15.09558 14.61373 14.21486 13.84745 13.5142 13.25061 13.02141 12.8033 12.61686 12.56021 12.58586 12.62536 12.68144 12.79525 13.08367 13.52337 14.03149 14.59873 15.29616 16.18074 17.18604 18.17759 19.18766 20.36091 21.75874 23.09889
21.76131 21.72481 21.79407 22.21739 23.04416 24.05058 25.1291 26.21684 27.26448 28.20868 28.9283 29.37893 29.51105 29.46578 29.3965 29.63201 29.996 30.32673 30.61844 30.77398 30.76166 30.46792 29.69289 28.72558 27.4831 26.34691 25.33085 24.19018 22.81563 21.4881 20.16586 18.91353 17.87891 16.93613 16.17358 15.57021 15.02291 14.54957 14.14683 13.7753 13.45044 13.19218 12.95919 12.73119 12.55249 12.52533 12.57886 12.64211 12.71202 12.79383 12.97676 13.36158 13.8838 14.45236 15.10871 16.00502 17.13212 18.28206 19.45793 20.8525 22.67678 24.54204
21.94899 21.79925 21.69927 22.09495 22.85587 23.7552 24.71774 25.68273 26.59263 27.4024 28.04533 28.45788 28.5637 28.383 28.02113 27.90376 28.15532 28.29766 28.12613 27.60116 27.41766 27.33105 26.88703 25.95461 24.94672 24.39811 23.77625 22.79757 21.73923 20.71809 19.58866 18.56361 17.64878 16.78756 16.09162 15.52637 15.0039 14.55196 14.15731 13.78353 13.45184 13.19392 12.96337 12.73035 12.52821 12.499 12.57165 12.66278 12.75692 12.84679 12.96553 13.25257 13.76092 14.33985 14.96492 15.80623 17.0223 18.27946 19.60368 21.14799 23.19931 25.34184
22.38223 22.164 21.92924 22.1702 22.80817 23.55965 24.40787 25.31232 26.18449 26.93592 27.5584 28.01531 28.1886 27.99771 27.53978 27.26266 27.19623 27.1029 26.76274 26.09799 25.75164 25.59747 25.20185 24.35205 23.62872 23.16552 22.64058 21.83607 21.03341 20.18335 19.24783 18.37297 17.55637 16.78905 16.133 15.58514 15.1006 14.67909 14.2814 13.89372 13.54228 13.26938 13.03938 12.81342 12.58124 12.50056 12.56432 12.67825 12.80077 12.91341 13.01886 13.22742 13.68841 14.27054 14.87824 15.63804 16.90254 18.21346 19.61543 21.20652 23.28883 25.48973
22.94277 22.69608 22.42507 22.39932 22.89961 23.57166 24.35294 25.25452 26.1831 27.00428 27.69038 28.22005 28.44588 28.2508 27.68373 27.16795 26.95792 26.70569 26.30691 25.70988 25.25563 24.84731 24.38917 23.75959 23.11558 22.52937 21.91698 21.22812 20.53728 19.81194 19.00722 18.23368 17.52266 16.84792 16.22617 15.70376 15.28684 14.91494 14.51142 14.10319 13.73243 13.41698 13.16745 12.94804 12.71866 12.56202 12.57507 12.69372 12.83872 12.97751 13.09375 13.26901 13.69261 14.26062 14.84606 15.5252 16.7587 18.06763 19.49513 21.08423 23.08405 25.25295
23.59797 23.34894 23.11123 22.97904 23.16136 23.67162 24.38433 25.30191 26.34102 27.29462 28.08933 28.7116 28.97308 28.73419 28.08738 27.26586 26.90724 26.66258 26.28432 25.6526 25.09109 24.69757 24.24916 23.64198 23.02646 22.48343 21.86824 21.1337 20.51652 19.81777 18.93799 18.17418 17.59586 17.02794 16.39873 15.86975 15.53112 15.21999 14.82949 14.39886 13.99864 13.64152 13.34556 13.11602 12.90159 12.70137 12.63248 12.7168 12.87493 13.03417 13.1645 13.33016 13.73312 14.28174 14.83662 15.43969 16.58943 17.83484 19.23753 20.80056 22.69294 24.75242
24.33965 24.07819 23.88593 23.81165 23.92348 24.21528 24.79211 25.73158 26.89941 28.01306 28.90679 29.56835 29.81027 29.48438 28.80495 27.88911 27.16424 26.80452 26.44804 25.85193 25.19224 24.79256 24.40512 23.84377 23.25384 22.77639 22.23855 21.58799 20.98093 20.24318 19.32314 18.47027 17.92492 17.46063 16.85613 16.30073 15.94943 15.65684 15.27811 14.80653 14.3344 13.93294 13.57864 13.30569 13.10242 12.90489 12.76446 12.77185 12.91679 13.0889 13.23064 13.39286 13.78229 14.31818 14.84847 15.40984 16.48225 17.65312 18.96435 20.43276 22.1978 24.12648
25.1066 24.88869 24.73636 24.79323 25.01394 25.32989 25.85578 26.73992 27.86321 28.99912 29.95532 30.66293 30.92104 30.64401 29.96026 29.0118 28.08648 27.44554 26.91599 26.38178 25.77951 25.24793 24.86399 24.42096 23.88811 23.32248 22.8595 22.44225 21.85433 21.06905 20.22017 19.36462 18.75788 18.34569 17.87447 17.34033 16.88738 16.47067 15.95896 15.3773 14.78931 14.30669 13.88975 13.53593 13.31934 13.14187 12.97273 12.88967 12.97454 13.14709 13.2923 13.45364 13.83654 14.37343 14.90219 15.50102 16.52878 17.67101 18.8929 20.23156 21.78776 23.47017
25.93878 25.72819 25.59952 25.76176 26.12049 26.52692 27.09548 27.95235 29.05023 30.19792 31.19395 31.96978 32.35754 32.14895 31.4395 30.45542 29.47845 28.68548 27.94645 27.28189 26.72836 26.15723 25.65729 25.24003 24.74788 24.25706 23.79921 23.51179 23.02332 22.39878 21.6053 20.83788 20.23935 19.8713 19.48089 19.07302 18.63593 18.05136 17.23846 16.22302 15.40416 14.78383 14.27046 13.83567 13.55267 13.39905 13.23374 13.09025 13.08552 13.2213 13.35656 13.50479 13.86676 14.39955 14.93766 15.60865 16.5814 17.67407 18.84397 20.10969 21.48099 22.92623
26.87147 26.61436 26.44311 26.62481 27.13982 27.72306 28.4031 29.29065 30.43799 31.66054 32.69714 33.6003 34.14983 33.87128 33.08619 32.0597 31.14161 30.27508 29.44644 28.69339 28.00742 27.37106 26.86832 26.41316 25.92105 25.51666 25.20653 24.97853 24.57185 24.07068 23.41488 22.6693 22.11553 21.73808 21.377 21.03481 20.57446 20.11236 19.31279 17.64577 16.17324 15.34101 14.71843 14.20194 13.81939 13.65391 13.49996 13.33594 13.24688 13.31105 13.42882 13.57408 13.90323 14.40242 14.94678 15.66761 16.58523 17.63124 18.75313 19.94366 21.19586 22.46392
27.91413 27.70123 27.49305 27.66119 28.30214 29.06874 29.88358 30.81955 31.9841 33.24692 34.37379 35.34974 35.97939 35.8052 34.98192 33.98944 33.05633 32.15718 31.31184 30.53951 29.78342 28.99954 28.438 28.04797 27.63095 27.26978 26.99204 26.81314 26.56692 26.19358 25.56226 24.79401 24.19623 23.77351 23.47964 22.9883 22.11538 21.52434 20.88012 19.04166 16.97454 15.85273 15.13691 14.56384 14.10348 13.89435 13.75284 13.59707 13.47798 13.48865 13.59309 13.73519 14.01249 14.4363 14.97136 15.67983 16.5323 17.54193 18.61552 19.74147 20.90636 22.06558
29.15247 28.97125 28.80721 28.98697 29.66988 30.48858 31.39326 32.36407 33.4913 34.68166 35.77996 36.78152 37.54314 37.60871 37.07658 36.17984 35.31767 34.35547 33.54099 32.74479 31.9404 31.21401 30.62609 30.25191 29.99169 29.71574 29.43004 29.27953 29.06998 28.79714 28.23179 27.52109 26.51548 25.65966 25.15757 24.33283 23.07073 22.06715 20.98832 19.36604 17.36479 16.1729 15.42837 14.846 14.34571 14.09478 13.96544 13.82637 13.7218 13.72135 13.81571 13.94231 14.1737 14.52946 15.02901 15.67982 16.46322 17.41148 18.4202 19.48849 20.56618 21.63961
31.24439 31.09439 30.94397 31.0806 31.5863 32.23342 32.98247 33.795 34.73578 35.84938 37.13543 38.35237 39.27014 39.40851 39.03154 38.54434 37.62909 36.59478 35.72377 34.68075 33.67308 33.14043 32.88541 32.54422 32.34157 32.35716 32.56482 32.7077 32.77777 32.46061 31.81338 31.06048 29.42116 27.59916 26.34107 25.06215 23.55494 22.09459 20.7074 19.19324 17.47967 16.368 15.61809 15.03338 14.51952 14.24606 14.13068 14.01082 13.94137 13.95646 14.0423 14.1505 14.34713 14.67068 15.12255 15.68547 16.4023 17.24418 18.15497 19.14123 20.15056 21.15142
33.78461 33.79719 33.71284 33.70073 34.04134 34.64373 35.33939 35.81551 36.10248 36.84915 38.08862 39.67293 41.44623 42.05481 41.15028 40.43996 40.01329 38.85751 37.41041 35.98458 34.83404 34.50679 34.76639 35.11642 34.998 34.87532 35.35868 36.32749 37.11979 36.43248 35.44247 34.78571 32.75987 29.58481 27.13471 25.18176 23.33676 21.70405 20.3507 18.92879 17.4437 16.45148 15.74779 15.18103 14.66481 14.37621 14.27116 14.16981 14.1444 14.19197 14.28253 14.38016 14.56376 14.88248 15.27211 15.73196 16.36851 17.09301 17.86373 18.71595 19.65281 20.57555
36.01878 35.88227 35.73967 35.66868 35.92561 36.48991 37.09991 37.18299 36.77023 37.13549 38.03995 39.41803 41.08714 41.9198 41.11181 40.52657 40.4161 39.63934 38.08037 36.49682 35.56639 35.48012 35.93818 36.59602 36.71406 36.53444 36.97512 37.93082 38.87582 38.29466 36.93855 35.95134 33.81704 30.03909 26.92696 24.47447 22.4789 20.87267 19.66426 18.39816 17.21373 16.3942 15.7753 15.25897 14.76805 14.48378 14.39241 14.31758 14.34581 14.43646 14.54962 14.67918 14.89254 15.1923 15.52343 15.90011 16.40297 16.9827 17.59765 18.28148 19.06874 19.85316
37.95033 37.45221 36.99245 36.72047 36.74606 36.85993 36.84125 36.45409 35.99135 36.08716 36.5859 37.56747 38.27394 38.61417 38.59047 38.34886 38.36939 38.0711 37.41269 36.42982 35.7034 35.57074 35.81264 36.21498 36.41993 36.45473 36.7242 37.2663 37.53616 36.63241 35.44526 34.11794 31.80918 28.68972 25.79629 23.41111 21.48753 19.94101 18.76221 17.70254 16.84457 16.19999 15.70031 15.26551 14.83636 14.5812 14.50088 14.45931 14.53495 14.67703 14.88374 15.11446 15.35089 15.62277 15.92103 16.22226 16.57943 17.00051 17.46085 17.94859 18.54791 19.14536
39.14084 38.5757 37.84683 37.0505 36.64454 36.42207 36.06982 35.24834 34.65209 34.55354 34.63548 34.71561 35.05675 35.35057 35.51295 35.43661 35.37977 35.59993 35.6479 35.34439 34.90805 34.77024 34.75461 34.67807 34.6526 34.90757 35.22068 35.27301 34.81591 34.02384 33.10248 31.70026 29.4983 26.95334 24.36162 22.18258 20.43672 19.04507 17.95723 17.12353 16.49623 15.98111 15.57692 15.19378 14.85195 14.66292 14.59531 14.59223 14.70274 14.9288 15.28736 15.62785 15.90367 16.17853 16.4505 16.68979 16.91506 17.18925 17.49431 17.80433 18.18974 18.58351
38.83439 38.39051 37.63062 36.31969 35.58713 35.33625 34.87225 33.86916 33.13408 32.69334 32.32974 32.24904 32.34477 32.48371 32.4942 32.61939 32.83519 33.14914 33.31959 33.35165 33.3031 33.32512 33.16327 32.78774 32.58295 32.76749 32.91057 32.52711 32.09635 31.69392 30.94166 29.54534 27.76986 25.42592 22.9693 20.99252 19.48164 18.28012 17.35448 16.70111 16.19788 15.79279 15.45266 15.1008 14.82946 14.70982 14.65913 14.68733 14.83208 15.19946 15.65334 16.11445 16.49965 16.81017 17.06975 17.26654 17.41356 17.56714 17.71768 17.87352 18.06662 18.26557
36.80757 36.22963 35.35942 34.28032 33.65265 33.26894 32.69005 31.97418 31.21985 30.60017 30.14274 29.86227 29.73357 29.72587 29.92838 30.16687 30.4889 30.86627 31.03848 31.25491 31.33841 31.31669 31.06845 30.71307 30.42284 30.25293 30.14683 29.86979 29.58062 29.23977 28.54679 27.40606 25.95191 23.88827 21.764 20.04264 18.74429 17.71774 16.93101 16.37661 15.94313 15.60015 15.29282 15.01092 14.81931 14.7301 14.69413 14.73289 14.93451 15.3814 15.91264 16.49864 17.02784 17.44649 17.76114 17.95828 18.05064 18.11707 18.16697 18.19999 18.2533 18.30606
