py_wake/examples/data/AJ_ParqueFicticio/Ridge area   Sector 4   Height 30m   Power density.grd
DSAA
90  129
 262878   265103
 6504214   6507414
 .05175276   756.9068
[rows 27 to 53 of 129, columns 0 to 61 of 90]
16.08906 16.46194 17.30458 18.17968 19.04324 19.90116 20.64189 21.12645 21.47763 21.49877 21.04509 20.26299 19.52192 19.01887 19.02082 19.47303 20.33308 21.5407 22.78988 24.29743 27.5815 32.14913 37.4641 44.30094 52.24615 62.66578 76.31296 94.58888 118.1227 143.2909 169.7932 197.2948 226.1481 256.0519 283.6922 314.5662 348.8345 393.9836 449.4487 501.6467 546.4304 590.8767 628.8895 652.7932 656.1712 639.9301 607.6727 554.9803 490.6883 420.7398 343.2812 273.2565 217.0154 166.7337 122.4942 92.75369 73.05273 57.42426 45.23842 35.46081 27.18876 19.76276
14.03542 14.46626 15.26224 16.13673 17.0981 18.20192 19.25318 20.23634 21.03316 21.28254 20.91001 20.1307 19.07614 18.01557 17.21098 16.85415 16.96904 17.385 18.00179 18.84058 20.73034 23.36086 26.51173 31.10863 36.47486 43.68504 54.29184 68.9136 89.2114 113.7128 139.7995 167.4126 198.1158 229.5002 259.6971 291.6467 330.8837 374.8411 428.0728 481.9695 533.473 587.2133 634.4438 660.3792 660.1865 638.969 601.9293 544.4298 474.5273 401.9469 324.2592 253.4566 197.9844 148.624 107.7312 84.80417 66.47873 51.03194 39.61612 30.98766 23.6598 17.41137
12.20596 12.65392 13.35612 14.08903 15.03218 16.19798 17.4105 18.71095 20.01898 20.75588 20.46636 19.37573 18.18446 17.04171 15.94209 15.12026 14.64782 14.48459 14.43253 14.6821 15.62904 16.82744 18.27144 20.83464 24.07896 28.12791 35.47178 46.77024 63.26921 84.19618 108.0324 134.8411 164.9327 198.0478 234.3183 270.4575 309.5279 352.3936 403.7825 458.9486 516.3826 578.8775 635.7669 664.896 662.6578 637.7932 593.5942 531.7217 457.8238 382.6446 303.9924 233.4574 178.9325 130.8581 97.78457 77.04445 60.05031 45.16948 34.24666 26.73952 20.53591 15.16265
10.54789 10.98351 11.57425 12.18938 13.0233 14.04497 15.15287 16.47226 17.99613 19.2024 18.98584 17.93268 16.74433 15.75785 14.84465 13.95693 13.25267 12.71759 12.2049 12.05781 12.63705 13.00753 13.50927 15.05822 16.94996 19.14709 24.31645 33.2094 45.68778 62.07645 82.1983 106.1213 134.3118 169.8055 208.6411 246.4231 284.9257 327.7429 378.151 434.5533 497.0657 568.0879 632.5181 663.6427 662.8392 636.0073 584.5096 517.3761 439.714 361.6952 283.4557 214.73 162.0387 116.7594 88.50314 68.93688 54.23303 40.54491 29.79434 23.18691 17.85792 13.08534
8.988641 9.333694 9.796986 10.23872 10.91812 11.77857 12.70357 13.78302 15.03063 16.05366 16.08384 15.57703 14.85391 14.12174 13.43124 12.77095 12.10024 11.53357 11.18611 11.23469 11.5692 11.84068 12.404 13.77207 15.31189 17.45393 21.90096 29.04756 38.24126 50.39924 69.60251 92.53481 118.9024 151.0549 187.0072 224.4424 262.5134 305.1986 355.317 412.2694 478.2811 554.1701 620.1746 654.9229 658.1758 632.4758 576.7568 503.1123 422.3336 343.0614 267.0799 200.1044 148.2785 109.5774 81.89072 62.63955 50.29634 38.94637 28.34967 21.03536 15.99069 11.61937
7.676078 7.921296 8.255119 8.567241 9.081587 9.724141 10.42142 11.17249 12.01815 12.73095 12.90894 12.78056 12.51749 12.16118 11.73722 11.24587 10.74316 10.59086 10.83423 11.15141 11.51171 12.15557 13.14672 14.56524 16.44569 19.14663 23.43676 29.64012 37.0358 47.33927 65.39434 86.43105 111.2871 138.8532 169.8744 204.5837 242.3959 284.7899 334.1881 391.3702 459.0438 537.0782 602.0835 640.4031 647.5744 624.0274 569.3794 491.1523 408.4642 328.2379 254.0059 188.7986 138.0582 104.2665 77.22277 57.27075 46.40278 37.22441 27.7797 20.05484 14.61092 10.44467
6.56478 6.729835 6.960061 7.156766 7.532506 8.008963 8.509489 8.995598 9.500338 9.958551 10.22921 10.34084 10.35496 10.23608 9.979414 9.631238 9.361693 9.75512 10.62515 11.33586 12.07483 13.07767 14.42316 16.26205 18.56311 21.61176 26.39615 32.95602 39.92108 49.49498 66.99507 85.33679 107.6241 131.8071 158.3508 190.4945 226.9029 267.7938 315.5845 371.2779 439.8599 517.7427 580.015 623.2692 634.18 612.0318 561.962 482.7238 397.4294 316.9762 245.6772 183.1044 132.4077 100.5441 75.27077 55.45422 43.6798 35.18309 26.88382 19.43311 13.71452 9.463179
5.643252 5.747204 5.896647 6.017962 6.317569 6.690012 7.056675 7.419138 7.753174 8.051364 8.341721 8.59582 8.761821 8.768805 8.580986 8.289566 8.316772 9.110781 10.31263 11.59034 12.76458 14.11213 16.04996 18.44998 21.24579 25.20756 31.21442 39.30497 48.86819 59.00195 76.24793 95.27753 116.2346 137.3482 161.9174 191.5222 222.9283 260.96 304.9427 356.75 424.5586 498.9611 558.5126 604.4963 619.1375 599.7578 554.543 478.7463 394.2159 315.8182 245.7423 184.4502 131.849 99.11315 75.43339 57.02648 43.29267 33.44283 25.55023 18.4155 12.78986 8.67979
4.95232 4.992442 5.04531 5.091015 5.364785 5.702759 6.039378 6.375095 6.675366 6.957091 7.267404 7.556458 7.815443 7.900208 7.797093 7.641554 7.944404 8.854677 10.10906 11.55411 13.17479 15.23431 17.90721 21.22931 25.41377 31.36536 39.47932 50.8374 64.36672 77.21166 93.43997 116.0617 137.1953 157.8896 181.9176 206.7418 234.4257 267.6643 306.1888 352.2905 414.9856 483.8309 540.1805 587.1614 606.2501 591.5088 549.1285 479.5238 397.6855 322.1977 254.766 193.7479 139.9702 103.5812 78.60859 58.65194 43.66636 32.80259 24.39875 17.33388 11.68041 7.780299
4.450103 4.379986 4.330116 4.293818 4.575628 4.912334 5.258052 5.597359 5.928708 6.265612 6.613045 6.974941 7.359654 7.556303 7.595871 7.732481 8.153355 8.997336 10.26469 11.7789 13.73858 16.49661 19.94454 24.82334 31.30852 39.81997 51.41174 67.0473 84.94244 101.2288 116.6637 138.8785 161.8063 183.838 206.6886 229.6791 253.8708 281.9619 314.5417 356.2406 411.9023 473.5911 526.9892 574.6458 599.0906 589.0237 547.021 481.1176 407.7173 335.886 272.074 211.2537 154.9954 111.782 84.03175 61.98741 44.77711 32.67845 23.71116 16.38405 10.78273 6.783494
4.083834 3.86414 3.708242 3.615162 3.899877 4.241149 4.598779 4.95369 5.335837 5.769419 6.199677 6.721587 7.304667 7.663216 7.946866 8.302662 8.817599 9.668525 10.92646 12.55637 15.11856 18.40865 22.92254 29.38713 38.26456 49.79629 64.65575 84.27413 107.3654 126.9854 143.6879 160.1069 185.6013 209.6598 231.9552 253.6359 276.046 299.5291 325.8608 362.4669 413.6402 470.9004 522.7491 567.7441 596.3214 592.2387 550.0458 487.3239 420.383 353.9914 290.6336 232.9716 174.4568 122.7123 91.26871 66.98491 47.7097 33.35995 23.21605 15.74573 10.11883 6.104046
3.864372 3.420151 3.157466 3.045548 3.310432 3.62801 3.98633 4.36728 4.785512 5.318974 5.902185 6.698593 7.556195 8.263319 8.724735 9.242311 10.03554 11.26478 12.61025 14.65599 17.82694 21.93885 27.3715 35.04022 45.69176 59.6376 77.17905 99.28709 125.123 148.6121 168.3942 187.0407 206.7242 231.3885 254.3823 276.0999 296.5417 316.4522 340.0077 373.9947 421.6559 476.6957 526.7697 568.5617 597.3625 594.9961 556.7785 498.9088 434.6477 372.2609 311.1646 253.1663 193.9493 134.442 98.52184 71.95595 50.80918 34.02214 22.90145 15.321 9.629562 5.714697
3.67264 3.065802 2.696382 2.590163 2.767772 3.030385 3.379394 3.789608 4.284163 4.892667 5.624422 6.650629 7.808183 8.883041 9.766719 10.66597 12.03992 13.73872 15.90737 18.58462 22.06552 26.61646 32.79339 41.67526 53.30441 68.44307 87.732 111.0366 137.7238 164.351 187.8824 209.4821 228.8892 248.1077 272.3607 294.417 314.8157 333.5835 355.9195 388.8511 434.0012 486.5615 533.3676 571.6444 598.5799 596.5793 562.9158 512.4747 452.3001 389.0869 329.8469 271.942 209.0746 143.966 104.1913 74.84947 51.83173 34.47887 22.75177 14.7893 9.105662 5.198296
3.521942 2.811855 2.358394 2.204659 2.247316 2.420197 2.727496 3.126951 3.654842 4.347763 5.258 6.517258 7.967354 9.366604 10.82811 12.61098 14.49501 16.94101 20.14435 23.40178 27.04107 31.48896 38.16188 48.09682 60.90375 77.19814 96.96551 120.6529 148.9376 177.0331 203.283 227.9123 250.2764 267.8726 285.6127 308.6357 328.8347 347.9009 370.4842 402.0644 445.4067 495.442 539.1965 574.8546 600.7355 599.8723 570.1836 523.4121 465.6082 403.3136 344.6584 288.1702 221.0692 149.5015 107.7137 76.91963 52.18941 34.11376 22.49584 14.40572 8.653064 5.045779
3.490623 2.670033 2.118217 1.833778 1.749764 1.823056 2.062516 2.409726 2.923555 3.647153 4.665466 6.089161 7.762396 9.606567 11.71305 14.15991 16.95853 20.08197 24.15228 27.99746 31.39869 36.14878 43.14748 53.92592 67.33749 84.84817 105.0488 129.5699 157.8309 187.6999 214.8134 241.4272 265.7226 283.8481 302.021 322.1237 340.5385 358.1566 380.251 411.2237 454.0291 504.4359 547.6602 580.1796 603.551 604.7487 579.7492 532.921 475.8041 415.7427 355.3914 296.1664 228.8882 154.8865 109.9025 77.59441 51.9906 33.35995 21.75273 14.02876 8.536403 5.314885
3.616865 2.637965 1.938967 1.507871 1.325745 1.321827 1.479815 1.75424 2.194703 2.846605 3.848634 5.303217 7.089554 9.169456 11.61992 14.55545 18.0297 22.06764 26.54988 30.89313 35.48419 40.33591 47.12448 57.58753 71.22945 88.27457 108.2249 132.6188 161.5967 192.2652 218.8893 246.9458 270.1141 290.0587 311.0253 333.4865 349.5711 361.8082 383.1159 415.7571 461.2955 510.221 551.6008 582.5455 606.2899 607.9478 585.4962 544.2428 486.9066 424.5486 360.6555 296.3085 230.3637 158.2671 110.8631 77.2842 51.74147 32.84196 21.15082 13.85895 8.647796 6.247469
3.883343 2.706342 1.862425 1.321938 1.039201 .9711111 1.050161 1.225065 1.562269 2.097192 2.967635 4.290927 5.994131 8.130407 10.68372 13.70178 17.2985 21.75098 27.1141 32.83521 38.2228 43.28347 49.95041 59.37112 71.83264 87.72625 106.1889 129.5112 159.0278 188.7573 215.2061 243.1123 265.5241 288.3443 311.9353 333.5533 351.9432 368.6148 388.7543 418.9545 462.4061 508.8091 552.1474 585.4176 610.3311 612.6081 589.8937 550.4308 496.2096 430.381 362.0458 294.2194 226.9113 158.0308 110.5331 76.64322 51.72775 33.50698 21.5583 14.43211 10.0838 8.884552
4.52861 3.033148 1.967087 1.297645 .9233262 .7658136 .7649471 .8384145 1.064754 1.468787 2.141607 3.195702 4.663962 6.620941 9.08753 12.09537 15.45108 19.66693 25.32136 32.29325 38.67552 44.91769 52.00816 60.13754 71.30667 85.16493 101.0695 123.2006 153.4229 182.6435 207.8832 234.2478 256.634 280.8235 305.6968 327.448 348.3562 371.0038 395.436 421.6365 458.0307 505.5898 553.1924 589.3141 615.2139 617.2324 593.9258 554.0881 502.0044 435.4505 363.9274 292.9546 223.2903 157.779 110.9104 76.47144 51.78524 34.46596 23.4299 16.85485 13.44308 13.63869
5.742002 3.794069 2.380263 1.471337 .9712937 .7141864 .6091684 .6015133 .7269262 .9896515 1.455648 2.222197 3.323788 4.878899 6.954184 9.622103 12.45151 15.82228 20.74222 27.28713 33.55797 40.34785 48.45409 55.86016 65.53624 77.41326 91.1926 111.6392 142.1262 171.7034 195.218 220.0264 242.9834 267.6779 293.5099 315.6501 338.3714 365.2351 394.0282 421.8224 454.221 502.8734 556.3817 594.3654 619.8116 623.0742 599.6641 558.9955 505.6091 441.0396 366.465 293.3227 221.8023 158.3283 111.7026 76.68743 52.18339 35.83985 26.06263 20.76629 19.70515 24.17885
7.681395 5.038091 3.082552 1.838368 1.157084 .7481824 .5421226 .4705459 .5195038 .6595507 .9131265 1.350426 1.995915 2.934841 4.299527 6.106497 8.073934 10.4073 13.69178 17.91726 22.54429 27.87582 33.83329 39.76897 47.43897 58.40196 71.59699 89.16082 115.7111 146.4525 171.9916 197.4193 222.5157 247.9388 274.6666 298.671 321.6491 350.9872 382.0132 412.5766 448.5218 498.3538 554.8832 594.0693 620.2628 624.5125 606.803 568.2922 512.7717 446.9183 370.914 296.3373 223.3386 160.5891 114.2825 79.00203 55.41949 38.83309 29.10048 25.61673 28.54466 37.47881
10.44468 7.003036 4.30048 2.53998 1.516108 .913571 .5890504 .4425315 .4215887 .4601993 .578553 .7663776 1.020115 1.482426 2.1538 3.02853 4.084843 5.360886 7.137629 9.408009 11.94286 14.93566 18.29231 21.93243 27.10588 34.97133 45.80666 60.15026 81.06644 108.7207 137.2252 164.799 193.7406 221.5209 248.9632 275.4775 300.8484 331.2368 365.1369 398.2302 437.3476 490.0896 547.4639 589.7217 620.4012 626.7418 612.9425 582.0945 526.8478 457.1843 378.8467 301.9403 228.7647 166.3039 120.2307 85.66778 61.59275 44.64245 34.48489 33.51183 41.14437 55.27663
14.24339 9.937291 6.375615 3.843636 2.25096 1.323215 .8110929 .5398481 .4133188 .3632597 .3951767 .5113124 .5822064 .6911548 .9314612 1.30702 1.7415 2.326791 3.164201 4.22119 5.381227 6.733932 8.28952 9.99773 12.29675 17.96391 26.37505 37.52135 52.25263 71.07938 96.40882 126.4674 157.408 188.7218 218.7061 248.2399 277.2654 309.0065 345.76 383.334 424.7699 481.4058 539.6999 585.0392 620.5901 631.3685 621.0483 595.1389 546.4207 472.1414 389.911 309.8781 236.9276 174.1905 128.0073 94.19379 69.1965 52.1197 43.70625 44.84426 56.79375 75.74989
19.29296 14.06943 9.413671 5.798205 3.472333 2.055626 1.235421 .7575285 .4893305 .3535014 .2928999 .3409924 .3995076 .430484 .4705356 .5054876 .6666189 .8750247 1.182704 1.610455 2.10518 2.619021 3.194918 4.074513 6.145656 8.974789 13.5185 20.16686 29.71147 43.34076 61.71393 85.23299 115.1221 149.8708 184.2619 216.8496 250.1003 285.4116 325.1938 367.2962 411.0624 471.3528 531.5572 581.2695 622.5407 640.5932 632.4003 606.6912 564.2271 489.7196 403.1058 319.7834 246.1286 182.8914 135.2954 101.8507 78.63348 62.06624 53.85331 57.16413 73.37113 96.35838
25.58538 19.42085 13.49745 8.668754 5.33468 3.16235 1.871797 1.105248 .6743118 .4497001 .3361216 .2693807 .2239012 .2772448 .306778 .2688834 .2527669 .303039 .3823774 .519704 .7083499 .9088829 1.616243 2.408962 3.278495 4.412796 6.387939 9.644193 15.04641 23.16955 34.38661 51.10438 74.87257 107.1384 143.8918 180.0697 217.745 259.2618 303.0316 349.8469 398.3157 460.5572 523.6127 578.1848 626.3712 651.9626 646.9001 617.7201 575.6448 506.4399 417.6497 331.327 256.7607 192.6383 143.7827 110.5991 89.89198 74.88544 67.99467 73.63515 93.79124 124.1001
32.97842 26.21066 19.1042 12.7844 8.073647 4.909114 2.952488 1.75017 1.065312 .6913278 .492505 .3771938 .2985064 .2288235 .1745815 .1347403 .1148317 .1143313 .1205774 .1476926 .2083301 .6944047 1.173263 1.57 1.930276 2.338635 2.990906 4.47629 6.772794 10.47782 16.68201 26.56691 43.4648 68.61286 101.3509 137.612 182.0855 230.0635 279.0807 330.9948 384.9604 448.9702 515.3495 575.3922 631.6772 665.1515 661.2169 628.4081 584.0333 519.8398 433.3412 344.769 269.4537 205.4372 156.3642 122.9467 102.9954 90.39108 86.5206 96.36971 120.441 152.8914
41.15618 34.01458 26.13311 18.39342 11.92774 7.481007 4.54549 2.771595 1.711214 1.09938 .7826787 .6203442 .4946238 .3508902 .2209993 .1315922 .08560693 .06802149 .05616611 .05175276 .1311955 .4882145 .7991893 1.061814 1.244691 1.338067 1.443779 1.970416 2.751958 4.107862 6.945717 11.99257 22.25392 41.51916 68.39214 102.8012 149.1441 201.3382 255.4165 312.6783 372.161 438.2492 507.2596 572.8439 636.9313 676.913 672.9454 638.5765 591.4441 529.7863 448.3052 359.3549 284.4278 221.0205 171.4445 141.2286 122.4925 111.6254 109.474 122.5216 149.8846 183.7958
49.97325 42.3379 33.77604 24.79305 16.87912 10.93695 6.861439 4.417007 2.822258 1.858564 1.392295 1.145068 .9215594 .6347672 .3818701 .2079449 .1263554 .09043854 .06621846 .05278544 .06666724 .2158125 .4047945 .615653 .7762594 .8111963 .8456085 1.391104 2.042992 2.878757 4.923091 8.458202 15.95994 30.97148 54.21752 86.6491 130.0469 180.7007 238.8212 301.9559 365.7798 433.5173 502.6582 571.8389 642.0313 683.5298 681.5776 648.8241 600.5822 538.5225 462.8158 378.2248 303.929 242.0772 193.5321 163.7406 148.7696 141.2368 140.9441 155.4364 181.8377 212.6653
