py_wake/examples/data/AJ_ParqueFicticio/Ridge area   Sector 7   Height 200m   Orographic turn.grd
DSAA
90  129
 262878   265103
 6504214   6507414
-15.10643   14.46258
[rows 54 to 80 of 129, columns 0 to 59 of 90]
-7.351928 -6.73783 -5.841101 -4.64727 -3.311942 -2.063473 -.8866155 .2109267 1.246697 2.270958 3.275692 4.337627 5.451765 6.550287 7.594408 8.479091 9.063108 9.136277 8.859047 8.297538 7.423197 6.490211 5.557547 4.713896 4.027984 3.5761 3.274853 2.959266 2.716337 2.483735 2.045864 1.541796 1.024254 .4697075 -.04344747 -.5440204 -1.035649 -1.493284 -1.902643 -2.264571 -2.566366 -2.792865 -2.969283 -3.103909 -3.189503 -3.294075 -3.375985 -3.361523 -3.211406 -2.97038 -2.706489 -2.394812 -1.989008 -1.502323 -.9366016 -.2343042 .5443771 1.450082 2.493564 3.582656
-7.533407 -7.069194 -6.336012 -5.34277 -4.171215 -2.98928 -1.882817 -.894973 -.005275807 .8393877 1.652702 2.513921 3.534287 4.662259 5.770923 6.753201 7.479511 7.887392 7.887032 7.48725 6.818953 5.960468 5.054873 4.208509 3.45722 2.906276 2.481002 2.132648 1.80817 1.479729 1.140891 .7397993 .3614432 .01995738 -.3013986 -.6121448 -.9612769 -1.306994 -1.622337 -1.884952 -2.078059 -2.23385 -2.375995 -2.49588 -2.633184 -2.838504 -2.988471 -3.038074 -2.970565 -2.75079 -2.406141 -1.99569 -1.477989 -.8503049 -.1091048 .739676 1.663219 2.666757 3.718888 4.736953
-7.502972 -7.147705 -6.585663 -5.831619 -4.86748 -3.778199 -2.749909 -1.807326 -.9581657 -.1835967 .4733376 1.087764 1.839541 2.830606 3.893057 4.910778 5.728652 6.316836 6.598391 6.527888 6.039033 5.288114 4.484416 3.655469 2.899771 2.316504 1.856234 1.465788 1.107401 .771183 .4444333 .1169436 -.2000742 -.4507115 -.6429027 -.8033513 -.9791115 -1.186187 -1.382064 -1.541809 -1.650707 -1.73608 -1.82055 -1.928291 -2.139614 -2.392068 -2.574101 -2.669716 -2.650492 -2.480968 -2.122473 -1.614667 -.9676729 -.204178 .6625074 1.645994 2.677367 3.699842 4.685708 5.576698
-7.262557 -7.076837 -6.679019 -6.124268 -5.371937 -4.42882 -3.404842 -2.45703 -1.690549 -1.045875 -.4528859 .05849156 .5547968 1.195745 1.985499 2.876519 3.796704 4.568044 5.113452 5.285765 4.993513 4.407476 3.780335 3.118604 2.468397 1.917759 1.467768 1.047249 .6768723 .3303571 -.001557015 -.2959364 -.5434371 -.7300178 -.8717716 -.9753273 -1.059425 -1.15792 -1.215121 -1.241616 -1.266072 -1.298566 -1.338319 -1.465719 -1.725542 -1.975295 -2.165525 -2.280022 -2.274716 -2.124716 -1.811161 -1.269057 -.5423167 .3265298 1.317131 2.413082 3.5313 4.562872 5.49481 6.274018
-6.974184 -6.931097 -6.70422 -6.297385 -5.636931 -4.806733 -3.882461 -2.96184 -2.14424 -1.509096 -1.027787 -.6643704 -.368211 .01309351 .5421839 1.188193 1.931855 2.621473 3.272694 3.681779 3.689683 3.394322 2.995399 2.561379 2.117283 1.690544 1.286589 .9100001 .5406293 .177514 -.1427462 -.4206554 -.6186235 -.7566096 -.863458 -.9317963 -1.003048 -1.046854 -1.037983 -.9759399 -.9190629 -.9060463 -.971166 -1.167037 -1.425386 -1.632223 -1.797585 -1.904384 -1.889808 -1.73076 -1.437765 -.9594457 -.2108548 .7377643 1.798509 2.929044 4.078015 5.151006 6.03993 6.728166
-6.655235 -6.720898 -6.570648 -6.211185 -5.62041 -4.875638 -4.046649 -3.201343 -2.410893 -1.815098 -1.436508 -1.207967 -1.062042 -.8980797 -.588779 -.1222469 .4770648 1.127234 1.742357 2.211397 2.419477 2.442072 2.285971 2.056488 1.819277 1.564052 1.279915 .9662892 .6573844 .3429271 .03108704 -.2283932 -.3994472 -.51563 -.6013161 -.6598345 -.6981027 -.7173542 -.6818077 -.6335875 -.5903416 -.5777646 -.7015818 -.9466832 -1.179567 -1.335987 -1.475955 -1.592236 -1.591897 -1.42757 -1.124799 -.6611533 .05170225 1.010898 2.10267 3.253555 4.368212 5.383317 6.247066 6.878281
-6.206268 -6.310641 -6.237517 -5.95837 -5.475655 -4.830389 -4.07337 -3.282272 -2.545955 -1.96254 -1.594519 -1.471526 -1.526729 -1.55467 -1.414786 -1.123515 -.7155264 -.2090447 .3542116 .9411233 1.326036 1.538154 1.646529 1.640751 1.592232 1.519469 1.350661 1.124573 .9013562 .6741506 .4554778 .2542781 .0957422 -.02387266 -.09835055 -.1604649 -.2277901 -.2525055 -.2561609 -.2620773 -.2577291 -.3152929 -.4981469 -.7241793 -.892557 -1.017001 -1.195753 -1.389754 -1.453751 -1.313249 -.9616926 -.4552999 .2461287 1.178103 2.267345 3.399183 4.459859 5.382374 6.165554 6.778912
-5.635254 -5.76137 -5.728818 -5.494113 -5.097861 -4.547781 -3.904244 -3.243805 -2.631628 -2.131421 -1.813482 -1.683354 -1.711879 -1.856742 -1.90093 -1.782695 -1.565939 -1.234482 -.7751253 -.1852723 .3439425 .7287784 1.048038 1.258889 1.392991 1.477262 1.461571 1.376779 1.232528 1.121736 1.007648 .8841833 .7283422 .60074 .5094891 .3996154 .3101915 .2499687 .1722163 .09179691 .01326532 -.1269137 -.3141246 -.4800869 -.5957898 -.7528369 -.9997611 -1.273 -1.424517 -1.344054 -.958484 -.3508457 .4004938 1.281094 2.305655 3.404219 4.427556 5.27549 5.966392 6.509836
-5.005228 -5.216931 -5.290669 -5.119295 -4.783946 -4.285527 -3.695891 -3.076941 -2.476107 -1.936106 -1.564045 -1.498079 -1.705808 -1.989744 -2.165613 -2.168789 -2.027305 -1.764079 -1.411107 -.9189599 -.3316214 .113714 .5054505 .8790524 1.209944 1.428229 1.524006 1.551962 1.566973 1.540424 1.526902 1.484687 1.363064 1.252448 1.151766 1.02262 .8853 .7412083 .5792919 .4122037 .2306807 .006945359 -.2138345 -.3733965 -.4818846 -.6692851 -.9136015 -1.155617 -1.314133 -1.286663 -.9412696 -.2972257 .4803739 1.317691 2.255323 3.285462 4.264264 5.071862 5.713049 6.21058
-4.243495 -4.465027 -4.491025 -4.333842 -4.112533 -3.794654 -3.379026 -2.904928 -2.42511 -1.990078 -1.677193 -1.569016 -1.694935 -1.942423 -2.110291 -2.052452 -1.947476 -1.859912 -1.67616 -1.249515 -.6543413 -.1362194 .2486357 .6502061 1.072461 1.383066 1.560393 1.712617 1.837535 1.909292 1.968305 1.984064 1.926883 1.835166 1.714131 1.578479 1.415428 1.206024 .9628946 .7054675 .4352523 .1537147 -.1136601 -.338408 -.5156249 -.7133753 -.9032521 -1.060299 -1.154876 -1.12565 -.8512605 -.2695842 .4878606 1.274102 2.104805 3.035009 3.966905 4.73467 5.33642 5.794879
-3.430386 -3.705276 -3.880817 -3.913284 -3.809835 -3.550002 -3.163982 -2.711766 -2.261842 -1.85672 -1.541929 -1.383458 -1.430636 -1.604269 -1.767265 -1.828327 -1.78982 -1.663378 -1.44965 -1.065435 -.5736238 -.140464 .2543044 .6685382 1.057418 1.366107 1.627806 1.871579 2.075656 2.230078 2.355114 2.427879 2.421986 2.350277 2.238832 2.110151 1.927533 1.669157 1.357069 1.003297 .6384881 .3067685 -.007930672 -.3279353 -.6262886 -.8295795 -.9427332 -.9902619 -.9857013 -.9026766 -.6739552 -.1898456 .4740402 1.184673 1.903623 2.695851 3.537416 4.244902 4.81571 5.253791
-2.661907 -3.020999 -3.374099 -3.561023 -3.541303 -3.324072 -2.951304 -2.492575 -2.041117 -1.643488 -1.315884 -1.11191 -1.089018 -1.22279 -1.403803 -1.49547 -1.430385 -1.231817 -.970655 -.7046687 -.3844565 .02718677 .4762715 .8630695 1.153012 1.440857 1.76195 2.06599 2.322363 2.537685 2.717937 2.839192 2.888601 2.837634 2.726525 2.598717 2.409902 2.108028 1.719584 1.288972 .8418868 .4315965 .06847726 -.2926106 -.6842802 -.9313459 -.9959434 -.9401796 -.8277581 -.6651897 -.4296915 -.04033545 .4965974 1.087165 1.678251 2.322824 3.043476 3.670118 4.195116 4.60539
-2.001818 -2.396044 -2.891396 -3.225764 -3.284607 -3.112169 -2.764694 -2.312665 -1.853761 -1.456222 -1.129394 -.8975866 -.805784 -.866307 -1.01559 -1.078567 -.9657583 -.741358 -.4831059 -.2462799 .02851853 .3925766 .8082183 1.163762 1.428238 1.685546 1.980469 2.286697 2.549743 2.772025 2.973717 3.135439 3.210757 3.175931 3.083735 2.97102 2.782056 2.461459 2.03545 1.547978 1.012115 .5105151 .1112083 -.2557651 -.6653311 -.9417403 -.9760244 -.8645884 -.6690663 -.4367072 -.1726926 .1644685 .5791887 1.030597 1.493054 1.996838 2.556007 3.072715 3.528928 3.890548
-1.407699 -1.847899 -2.389019 -2.895344 -3.106157 -3.014027 -2.708883 -2.281414 -1.83679 -1.430486 -1.055516 -.7486393 -.5648664 -.5292422 -.6151276 -.6618874 -.504845 -.2418879 .01664172 .2389675 .516034 .8653476 1.230147 1.562711 1.851556 2.121691 2.383923 2.638448 2.867284 3.044358 3.204534 3.370658 3.477237 3.447399 3.31242 3.158213 2.970565 2.672593 2.252318 1.737198 1.179331 .6389485 .1863593 -.1716893 -.5039939 -.7864372 -.8627382 -.7466576 -.497597 -.2145937 .07320993 .3788179 .7066568 1.045071 1.381422 1.739657 2.113506 2.47254 2.81141 3.093515
-.9581277 -1.439992 -1.997817 -2.547539 -2.933584 -3.002066 -2.77699 -2.377137 -1.933756 -1.501805 -1.07215 -.6830319 -.383232 -.2173863 -.1793366 -.2085916 -.08823337 .2029597 .5102688 .7554225 .9988194 1.334392 1.700591 2.023198 2.297635 2.576178 2.85235 3.079376 3.272643 3.436958 3.547235 3.620474 3.697979 3.687369 3.544415 3.332781 3.099611 2.818124 2.431064 1.921372 1.350916 .8025368 .3207622 -.02436747 -.2687888 -.5019453 -.6152585 -.531455 -.278131 .03496339 .329139 .6038107 .8554626 1.090357 1.304955 1.507764 1.64222 1.780332 1.942977 2.132548
-.6336582 -1.167917 -1.784174 -2.391042 -2.861747 -3.053077 -2.958995 -2.639668 -2.193524 -1.68463 -1.165181 -.6837165 -.2726445 .02699693 .176626 .2234033 .3525719 .6386032 .9827649 1.282524 1.518863 1.803165 2.156858 2.472299 2.711616 2.958058 3.239535 3.487068 3.668306 3.826327 3.933546 3.953059 3.966008 3.966138 3.865176 3.61766 3.313822 2.995893 2.610286 2.124767 1.564445 1.031054 .5599639 .2157329 .02549812 -.1265451 -.2375505 -.1868024 .02670601 .3271359 .6074596 .8373251 1.007108 1.136438 1.228005 1.269794 1.173168 1.133723 1.148425 1.213822
-.4322689 -1.046415 -1.732878 -2.422203 -3.001812 -3.298048 -3.272701 -2.975352 -2.548916 -2.062737 -1.541689 -.9991114 -.4492903 .0441916 .3711819 .5240017 .7186013 1.056216 1.433558 1.7467 1.991236 2.233563 2.524651 2.827773 3.061521 3.283532 3.521896 3.773429 3.973862 4.154861 4.256534 4.274106 4.248492 4.224839 4.131886 3.919461 3.619877 3.28013 2.875693 2.339123 1.784834 1.268705 .8339753 .524107 .4204 .3952772 .3541399 .3658984 .502219 .7263446 .9137855 1.018657 1.055315 1.059228 1.035969 .9440854 .7032985 .5507756 .4783885 .4742993
-.3102616 -1.008386 -1.759156 -2.485603 -3.113471 -3.548653 -3.73372 -3.634406 -3.373209 -3.017668 -2.53444 -1.909108 -1.140461 -.3300936 .3073623 .6917167 1.010771 1.41938 1.870273 2.228326 2.433541 2.620629 2.867091 3.119331 3.323957 3.52834 3.75495 3.977343 4.176489 4.352598 4.462059 4.469239 4.409156 4.338796 4.23316 4.016873 3.702982 3.421038 3.099886 2.55026 1.95506 1.520689 1.188433 .9745474 .9373323 1.006005 1.047875 1.065605 1.111753 1.203705 1.264871 1.205991 1.050132 .8891866 .7411761 .5265605 .2161345 .00135197 -.1310043 -.1874627
-.182336 -.9107673 -1.688363 -2.40604 -3.039342 -3.667882 -4.291882 -4.640519 -4.598964 -4.311355 -3.77477 -2.937768 -1.907125 -.8284076 .1202652 .8314044 1.347465 1.838575 2.349656 2.768761 2.960058 3.03489 3.181503 3.383104 3.554611 3.721898 3.913498 4.114794 4.295127 4.454029 4.549582 4.520955 4.395313 4.254828 4.124795 3.870485 3.494586 3.202041 2.960819 2.545648 2.035556 1.701523 1.519935 1.460543 1.550071 1.729491 1.864339 1.92588 1.897574 1.815962 1.652333 1.351126 .97831 .6599483 .3846703 .05222358 -.2970916 -.5594527 -.7390481 -.8343955
.07213146 -.6245354 -1.298248 -1.855681 -2.29011 -2.931746 -4.014143 -4.910783 -4.923843 -4.462255 -3.79845 -2.90351 -1.888737 -.8550518 .1897905 1.135035 1.893191 2.456208 2.973309 3.354856 3.502026 3.517556 3.532808 3.606868 3.713759 3.825232 3.956902 4.110799 4.257557 4.36603 4.408398 4.349164 4.139367 3.892982 3.685663 3.393277 3.022703 2.717955 2.467661 2.215803 1.959511 1.822937 1.834583 1.96403 2.212439 2.473233 2.650502 2.718443 2.628585 2.402949 2.045755 1.578979 1.067788 .5917248 .1314714 -.3475352 -.7687919 -1.108139 -1.346355 -1.490263
.6191025 .1351684 -.1434576 -.114073 .1965814 .2311844 -.6166119 -1.655027 -1.856627 -1.73219 -1.43981 -1.064898 -.6067225 -.05782992 .6760671 1.645842 2.480747 3.098438 3.531419 3.658229 3.622949 3.59508 3.554681 3.477373 3.435556 3.433538 3.470352 3.547 3.638603 3.670352 3.656039 3.583706 3.383545 3.119822 2.865962 2.591261 2.315882 2.092176 1.952207 1.91869 1.967988 2.087454 2.293668 2.559786 2.898305 3.178332 3.350933 3.395138 3.257165 2.939356 2.458388 1.874167 1.238311 .5902591 -.07552009 -.7074831 -1.254859 -1.698783 -2.005484 -2.18982
1.545824 1.62543 2.153362 3.171638 4.826196 6.583913 7.382344 6.180954 3.279138 1.384343 .4810427 .211722 .5176316 .9360452 1.159854 1.693725 2.47648 3.028502 3.213308 3.140906 3.038459 2.967735 2.842725 2.649725 2.481509 2.364768 2.204441 1.979112 1.791578 1.78141 1.804805 1.718469 1.700511 1.764831 1.688967 1.562567 1.469088 1.431797 1.496949 1.714224 2.043395 2.417628 2.814989 3.197341 3.583679 3.834881 3.974376 3.98128 3.807977 3.430243 2.861493 2.170455 1.401327 .5607874 -.3027731 -1.078477 -1.752724 -2.300143 -2.68905 -2.929563
2.825557 3.583254 4.988252 7.030013 9.787357 12.52087 13.54605 10.48627 4.944188 2.030032 .6768532 .2695344 .5046908 .8469965 .9132659 1.24096 1.661299 1.8814 1.970195 2.022579 2.069549 2.047892 1.883176 1.57961 1.317175 1.193576 .9605954 .5445697 .004886284 -.2299926 -.1503188 -.2287498 -.1391036 .3020321 .5193276 .6332321 .7312565 .8867103 1.169875 1.636071 2.200631 2.785187 3.32813 3.801285 4.203261 4.401924 4.497332 4.46884 4.278938 3.866997 3.237798 2.458321 1.521684 .4701644 -.5565436 -1.491508 -2.318181 -2.953048 -3.391724 -3.68202
4.485958 5.894613 7.88151 10.32259 12.82624 13.89098 12.14017 7.643851 3.166457 .7795041 -.2851621 -.5173681 -.4604529 -.1699356 .2058029 .5230004 .7306526 .7629432 .8298101 .9838478 1.146466 1.209435 1.124308 .8937638 .6368546 .4760655 .2767948 -.06885636 -.5178794 -.8102568 -.9417121 -1.049618 -.9040308 -.5475365 -.2414815 .02155356 .2758097 .6099811 1.098957 1.747867 2.4603 3.160538 3.784176 4.32641 4.716197 4.851448 4.883963 4.823871 4.616485 4.203673 3.569619 2.686862 1.556027 .3499612 -.8217342 -1.913546 -2.849786 -3.568606 -4.094719 -4.456895
6.150118 8.111414 10.28448 11.91045 12.61653 11.75473 8.955157 4.748328 1.44208 -.3219809 -1.175093 -1.501028 -1.315059 -.8806426 -.4296726 -.1352184 .03715185 .1551518 .219227 .3182727 .4571409 .5290628 .4909107 .3745423 .2113934 .00737668 -.2280538 -.5083997 -.7794924 -1.033845 -1.253849 -1.338029 -1.159947 -.8858249 -.5409321 -.1799053 .2097791 .6990797 1.335515 2.070997 2.84373 3.545938 4.160622 4.683168 5.032579 5.132921 5.102554 5.017496 4.775402 4.36508 3.743294 2.791965 1.592265 .2949427 -1.01099 -2.243791 -3.287528 -4.096253 -4.696229 -5.115388
6.922486 8.884656 10.4808 10.57225 9.89115 8.413172 5.725417 2.494707 .1812507 -1.117164 -1.763441 -1.918429 -1.695863 -1.293056 -.9408324 -.6462998 -.4370717 -.3118994 -.2285128 -.132185 -.03681794 -.0041119 -.04974622 -.1514647 -.3160151 -.5400498 -.7778272 -.9683411 -1.149798 -1.360285 -1.500667 -1.450937 -1.254539 -.8917986 -.4341087 .02101878 .5114527 1.10181 1.799109 2.541646 3.278128 3.939351 4.525222 4.944603 5.162379 5.196022 5.109372 4.978566 4.711977 4.340835 3.680192 2.767616 1.600951 .2487257 -1.158848 -2.507519 -3.670674 -4.585457 -5.242641 -5.693449
6.193518 7.393082 7.859687 7.451508 6.552043 5.002268 2.908807 .8771164 -.6266457 -1.49167 -1.918161 -2.01405 -1.827482 -1.475429 -1.142566 -.9439366 -.8117048 -.7195725 -.6423759 -.5055218 -.4030902 -.398589 -.4777175 -.641104 -.8516309 -1.062995 -1.262047 -1.429606 -1.559522 -1.629306 -1.600913 -1.441501 -1.123581 -.6097958 -.05208674 .487602 1.069012 1.719843 2.400227 3.077124 3.68544 4.261144 4.766471 5.088877 5.191292 5.108955 4.949722 4.733668 4.453867 4.040526 3.403437 2.595181 1.527991 .1998422 -1.290924 -2.786361 -4.080219 -5.080112 -5.814737 -6.316336
