py_wake/examples/data/AJ_ParqueFicticio/Ridge area   Sector 5   Height 30m   Power density.grd
DSAA
90  129
 262878   265103
 6504214   6507414
 2.6045   815.4562
[rows 27 to 53 of 129, columns 0 to 61 of 90]
124.6409 127.0997 131.6615 136.4059 140.3823 143.9722 146.4096 147.0999 146.313 143.4229 138.114 131.4604 125.1058 120.3209 118.1717 118.3663 120.7467 124.4639 128.2476 132.8223 143.8118 157.885 172.5113 189.539 206.7296 227.1479 251.1259 280.1638 314.1415 346.5409 379.1799 411.512 445.5654 479.737 510.7719 545.1526 581.9205 619.8344 660.7223 693.7097 712.7375 721.4753 716.5986 698.8006 669.0382 631.795 588.4722 534.3907 476.9203 422.6891 363.0027 311.6754 271.4525 237.2021 208.2236 183.7292 69.0449 144.6915 131.5913 119.978 108.7886 96.82845
113.9042 116.4487 121.162 126.0071 131.3233 136.9926 141.8133 145.7757 148.2129 147.2389 142.8806 136.727 129.4077 122.3255 116.6651 113.6928 113.5389 115.1315 117.4911 120.5186 127.6815 136.898 146.8302 160.303 173.8126 189.8836 211.4719 237.7281 269.5444 302.5495 334.8472 366.7075 401.4909 437.2066 470.8874 507.1946 545.4178 586.5347 634.029 676.8527 708.2325 731.4595 735.9561 718.6295 685.3088 642.6859 594.9036 538.5238 476.6399 419.7948 359.6096 307.1324 267.0602 233.3353 203.881 179.9767 67.26423 61.73848 125.73 114.4536 103.4651 91.47923
103.902 106.6079 111.0047 115.5855 121.28 128.175 134.9932 142.1322 148.5293 151.2491 148.4494 141.5729 134.0754 127.0213 120.4109 115.4361 112.7719 111.835 111.2803 112.1931 116.2538 120.7866 125.4576 134.1802 143.5045 153.5478 171.563 196.1732 226.5273 259.006 290.6548 322.5461 356.6118 393.881 429.9524 465.9986 505.7681 549.7194 600.9137 651.5268 695.0427 731.9437 749.2589 737.652 704.2877 656.3683 601.2866 542.0441 477.3006 416.6893 356.13 302.4334 262.4712 229.196 198.0116 82.5868 67.14007 59.70552 116.9671 108.3476 97.89323 85.96419
94.28188 97.22136 101.2999 105.5864 111.3539 118.2617 125.7013 134.3141 144.1653 151.2224 150.2916 144.4693 137.5239 131.8476 126.7417 121.8752 117.8326 114.7996 111.4519 110.1493 112.9672 113.5607 114.3962 119.8674 125.2937 130.2199 144.9616 168.0578 194.9605 224.1632 254.2209 283.0914 312.2617 349.0216 388.1302 425.9333 466.1781 511.2496 564.0764 620.1059 674.0073 723.3444 755.1355 753.6459 726.1528 676.835 612.7034 547.6453 479.499 414.8007 353.5345 299.1306 259.5696 225.7085 192.3882 86.29645 68.58721 59.9553 113.5138 102.9609 92.52967 80.7728
84.43492 87.35309 91.09505 94.9559 100.4986 107.3665 114.8546 123.427 133.3921 141.7556 143.7569 141.8725 138.4876 134.6636 131.2058 127.6889 123.9485 120.6452 118.1053 117.8843 119.0891 118.8984 119.7061 124.1309 127.5573 132.1317 144.6457 163.112 182.7058 204.8341 228.9807 254.6072 282.447 316.3005 353.2385 390.7043 430.4557 475.2693 527.4553 585.5496 645.085 703.1637 747.1604 758.9052 740.0585 698.0494 631.2006 557.3107 485.2818 417.1404 355.0839 299.6069 259.4749 224.3906 135.1659 100.7637 78.69318 64.95473 115.6216 101.4066 89.4038 77.42415
75.79546 78.49551 82.0414 85.46098 90.64877 97.17199 104.1274 111.9014 120.6613 128.7294 132.7928 134.2125 134.4986 133.603 131.975 129.4374 126.7575 126.0788 127.6199 128.851 129.6115 131.2879 133.913 137.4304 141.2814 147.2304 157.3686 171.0453 184.2605 198.405 216.2406 238.0094 263.4948 291.7157 323.4225 358.9292 397.6554 441.5226 493.412 551.2925 615.4966 679.2018 730.8294 754.5132 743.5688 709.9166 649.5712 570.2412 494.4565 423.4339 359.6229 303.092 261.2019 225.314 189.8387 161.7097 147.5235 104.0448 62.98817 102.6291 88.36581 75.53224
68.09756 70.63168 73.93338 77.21144 82.21265 88.41266 95.00233 101.7225 108.9456 116.3123 121.7879 125.8247 128.4256 129.4537 129.019 127.2383 125.584 129.0939 135.3058 139.1949 141.7581 144.7803 148.3793 152.7891 157.1253 162.8875 172.7917 185.2215 194.5262 204.8148 216.0219 229.9089 250.4051 273.4983 299.3866 332.01 369.9483 412.7165 463.3334 520.564 586.6476 654.9997 709.8427 743.8159 740.9816 713.4398 662.326 583.6671 505.079 432.5138 367.6909 310.9206 265.8741 227.9044 194.0054 164.8827 147.6978 136.0558 122.385 105.5346 89.55009 74.80048
61.29407 63.77337 67.02087 70.19644 75.47005 81.64535 87.99712 94.57032 101.0165 107.2421 113.5747 119.1052 123.3296 125.2645 124.7544 122.7575 123.1891 129.7623 138.6691 146.1972 151.0137 155.3464 161.0338 166.7712 171.7587 178.8881 190.4067 204.2883 216.9892 227.1698 234.085 243.1731 257.2572 273.6494 295.1046 323.7763 355.8073 396.3755 443.9477 498.7888 565.185 633.9098 688.7548 729.386 735.0164 711.218 667.4703 597.3016 519.1998 447.7795 381.9402 323.3126 274.827 233.77 201.1201 174.0558 153.0372 137.9543 124.0866 107.4638 91.10277 74.17028
56.02749 58.30664 60.97058 63.9185 69.52328 76.13847 82.8521 89.76144 96.49073 102.8706 109.5021 115.365 120.3277 122.6122 122.1825 120.6958 123.046 130.1555 138.7702 146.914 154.0142 161.3529 169.6401 178.0652 186.8588 198.3856 213.1377 231.8228 249.5451 261.3677 270.5094 278.4064 287.5793 298.909 316.9657 337.5719 364.1801 398.9284 440.78 489.6215 552.0877 618.0154 671.337 714.4641 726.5998 706.6907 665.902 605.5626 532.8129 464.326 401.6353 342.5117 290.9619 248.0487 213.3968 184.0509 160.3524 142.9261 126.1425 109.2076 91.94604 69.92657
52.36615 53.65865 55.39495 57.58017 63.62727 70.64812 77.94948 85.27513 92.54361 99.5827 106.3869 112.8936 118.7412 121.4126 121.8503 122.4542 125.2216 130.7643 138.0578 145.3292 153.2694 162.9957 173.4187 186.5488 201.1772 218.0859 239.2036 264.4018 287.7447 302.7909 314.2361 321.5323 328.6635 337.6431 351.1432 366.6812 387.2553 414.5179 448.7778 492.6648 548.0839 607.8787 657.9933 701.0288 719.994 702.6227 662.6535 606.8746 544.9519 480.9532 422.4622 365.8535 311.8759 266.2175 228.7512 197.0131 169.8523 148.0096 129.5946 111.3467 89.3717 60.31184
49.98888 49.54097 50.02301 51.38097 57.61649 64.83021 72.35149 79.85298 87.62864 95.53004 102.9428 110.616 117.7844 121.6596 123.7317 125.5494 127.7851 131.5014 136.981 143.1575 152.3698 162.5702 175.4908 192.1124 212.4526 235.4042 261.8459 293.4835 325.1908 345.1595 357.7057 367.5953 374.015 382.0172 390.763 402.4962 417.5239 437.4108 463.3219 500.7034 551.3008 605.38 651.9473 690.4617 714.0638 700.981 663.2538 608.7062 552.7809 495.2264 439.0073 386.6304 333.5997 285.1666 244.9321 212.0661 182.8234 155.4156 133.8923 114.6064 82.85831 75.64407
49.35042 46.07081 44.96737 45.87923 51.71785 58.41559 65.68997 73.07166 80.73549 89.21392 97.74059 107.5602 116.6885 122.9011 125.5669 127.5592 130.3564 134.6897 138.0219 144.0292 153.7663 165.449 179.1745 197.4321 220.7274 248.2138 279.3461 314.6902 351.4471 378.6811 396.8355 411.6433 420.6426 427.4387 433.951 442.6398 452.4048 465.7108 486.8061 519.1295 563.4986 611.8472 654.6413 687.2177 709.5726 700.54 666.6572 615.6523 560.4017 505.847 453.6167 402.5881 350.6711 301.6125 258.4338 224.5466 193.6726 162.5576 138.3501 118.3612 97.9353 77.50785
49.35402 43.75208 41.00365 41.71547 46.20499 51.85846 58.50173 65.58319 73.30165 81.80776 90.96397 102.1027 112.7191 120.8135 125.6889 128.9884 133.7011 138.6665 144.2383 150.4845 158.7613 169.5316 184.3879 204.9936 229.5225 258.2726 292.1818 329.5028 368.2481 401.7561 427.432 447.3614 462.2497 472.5276 480.1293 485.591 493.0919 503.1079 519.2255 546.8365 585.3373 627.8402 663.5732 691.6074 708.8622 701.1614 668.2843 622.8116 570.0879 515.2197 465.7556 416.5707 363.7814 312.4316 268.0518 232.636 198.6894 167.7847 142.7291 120.8936 99.61014 78.24045
50.02399 42.75842 38.6527 38.5239 41.04375 45.16224 50.83045 57.18064 64.57541 73.10674 82.92114 94.89932 106.4145 115.4589 122.8238 130.2647 136.1081 143.2904 151.6901 158.4426 165.6594 174.5558 189.4969 211.436 237.7538 268.9462 302.6943 340.3474 381.5901 418.3488 449.8074 476.3635 497.1768 510.7737 524.0643 531.295 535.8385 543.0849 556.9392 579.942 613.6616 649.6407 678.3082 701.7041 715.5858 707.2281 674.847 628.8301 577.2814 524.0873 474.4924 428.0964 375.7641 320.6495 274.2911 238.2254 201.7898 169.8253 145.2512 122.7545 100.6155 80.62217
51.90231 43.03433 37.32292 35.2148 35.84695 38.54263 43.14865 48.58221 55.29034 63.46805 73.30973 85.31122 96.97443 107.5743 117.6657 127.5157 136.7667 145.6252 156.459 164.4888 170.1666 179.2837 193.9 216.3382 242.1122 273.8968 308.3642 347.4187 388.5771 428.1238 463.0019 493.9871 520.4451 538.1462 555.2043 570.9332 578.8369 583.519 594.2877 614.1021 642.6326 675.8497 700.7987 717.8712 727.2401 717.3619 687.3265 639.9501 585.1472 531.5887 480.8511 433.225 384.2903 328.9559 279.0587 240.1208 202.8384 169.6874 144.1929 122.5587 101.9455 84.41394
54.9942 44.07188 36.1273 31.59766 30.6777 32.28065 35.93941 40.3605 46.19262 53.32232 62.68435 74.02407 85.41669 96.42487 107.3702 118.897 130.8846 143.2771 155.2944 164.9691 173.6551 182.2534 195.0442 215.1836 239.9588 269.0657 301.8026 340.2618 383.9267 425.4996 461.2679 496.896 525.4612 549.37 571.5448 593.0795 606.4511 614.1832 625.4395 643.3863 670.3979 700.4829 721.5073 734.1556 739.4391 726.0142 696.2194 653.297 596.985 539.2621 484.3072 433.6136 385.8655 333.8168 282.0655 240.3687 202.7136 168.0937 141.181 120.5201 101.9731 88.78613
57.92064 44.83037 35.08673 28.84631 26.10039 26.65871 29.23904 32.4336 37.25592 43.32827 51.53856 61.85159 72.62876 83.93912 95.39686 107.2679 119.7131 133.8851 149.0052 162.7126 173.5443 182.2702 193.6552 210.1994 231.3559 257.2187 286.3844 322.6191 367.3081 409.2252 446.3285 484.2542 515.588 545.5222 573.6353 598.967 619.1317 634.0115 650.3759 670.4605 695.1164 723.0195 743.2485 753.5293 755.4644 738.8356 705.093 661.6261 607.723 545.7241 486.6119 431.902 382.5016 332.0016 280.4389 236.832 199.4854 166.1814 138.2256 117.7287 103.1311 95.02078
63.07709 47.29703 35.38741 27.74553 23.60241 22.42978 23.20175 24.94713 28.63834 33.77954 40.68327 49.4726 59.33398 70.36056 82.10986 94.48793 106.4703 120.3441 137.1025 155.1276 168.7681 180.1432 191.8417 204.9608 222.8258 244.4514 268.9757 303.0331 347.7136 389.42 425.3384 463.0564 495.9189 530.2723 563.6823 592.436 618.8828 643.6387 666.0867 689.3432 715.6346 743.7206 765.7343 774.9611 775.1952 755.4864 717.5999 669.6086 615.7871 552.8932 488.5956 430.6616 377.595 327.1242 276.4807 230.7232 193.1963 161.1584 135.4701 117.1448 105.9306 101.5317
70.88544 52.44413 38.28464 28.81601 22.87174 19.39564 18.27721 18.70723 21.19582 25.11476 30.65235 37.94966 46.39449 56.31957 67.52426 79.78001 90.8283 102.5974 118.4711 137.0056 152.0439 166.1503 180.8284 192.4965 207.4608 225.522 246.326 277.0992 321.8455 363.907 397.3867 433.7891 467.734 504.3206 541.4835 573.6376 605.0873 638.2237 668.6233 697.0056 727.8359 760.177 785.6823 795.9666 795.4216 776.2598 737.4827 683.0649 622.7855 558.9044 490.5745 428.5995 372.6859 320.4863 269.2978 221.6047 183.7468 153.1309 130.5656 115.7249 109.2145 111.2323
80.91857 58.78644 41.55111 29.80986 22.06194 16.88876 14.25618 13.66865 15.12526 17.74525 21.42459 26.60903 32.80208 40.30508 49.65476 60.13412 69.72345 79.64296 92.32755 106.9429 120.45 133.8524 146.7854 157.5965 170.736 188.4944 208.9617 236.3627 277.3945 322.4515 358.2594 394.8897 430.9726 468.2778 507.9181 543.0982 577.0748 615.4711 652.5894 686.2703 723.6132 761.9003 793.3462 808.3162 808.7009 791.2629 756.629 702.6682 633.3051 563.8097 492.1273 426.4546 367.2267 312.4021 260.3502 212.4149 175.7306 145.5831 123.8322 112.8227 112.1644 119.8691
92.14069 67.0713 46.68778 31.85736 22.00097 15.66679 12.00077 10.49267 10.91481 12.1747 14.16512 17.21879 20.95875 26.26419 32.83684 40.11678 47.56779 55.40563 65.00334 75.7317 85.71945 95.68247 104.8148 112.6401 123.0121 138.484 158.5486 184.2902 220.5862 264.8661 306.6184 345.9684 386.588 425.6236 465.4837 504.47 540.9158 582.1848 624.5941 663.1341 705.8842 750.3298 788.1564 809.6074 815.1408 799.162 766.5934 720.3679 649.2091 570.76 493.7261 423.611 361.7491 305.1003 252.1044 206.1444 170.3135 141.3018 120.4216 113.3206 119.0181 133.7475
105.4782 78.11081 55.04393 37.14354 24.58173 16.66566 12.01448 9.489031 8.540824 8.538881 9.245429 10.77219 12.59597 15.56737 19.96248 24.98333 29.88907 35.56246 42.53792 49.96269 56.62761 62.75931 68.30634 72.72299 78.02925 89.15611 106.8939 130.5367 162.1053 201.8561 246.5966 291.9071 335.8054 378.868 420.5193 461.5742 501.3752 544.3502 591.3446 636.1287 682.7042 732.233 775.5357 802.8857 815.4562 802.3665 770.1926 728.0156 665.2631 579.6411 496.0703 420.6755 356.351 298.0628 244.3516 200.3382 165.2026 137.9178 121.2433 117.9247 129.2632 150.224
121.6707 92.20364 66.00407 44.45441 29.30937 19.49624 13.52582 9.817757 7.633255 6.655575 6.530249 6.997544 7.592702 8.903824 11.51888 14.37712 17.64193 21.07378 25.26923 30.06813 34.42577 37.76919 40.56129 43.1095 45.77151 51.13709 63.12027 81.00216 105.7825 140.2838 182.6432 230.4386 278.7861 327.0207 372.5799 415.2429 458.6422 504.3203 554.6943 604.4635 654.5609 709.3015 757.6614 790.403 809.5289 800.7057 768.6155 725.8486 671.3992 588.928 499.0209 418.2635 350.5716 291.0815 235.5864 192.8027 161.1832 136.5754 122.2214 122.6258 139.2524 166.1822
140.3203 109.1442 79.43141 54.71613 36.39417 23.80991 15.88375 10.84256 7.839108 6.342746 5.812442 5.672795 5.672101 6.085763 7.183302 8.306526 10.01026 11.74147 13.70425 16.27144 18.99339 21.11432 22.6283 24.78625 26.87202 29.64274 36.37966 47.6901 65.25373 90.49906 122.6141 165.5064 216.1301 269.4085 319.0607 364.5331 410.7576 460.9034 514.0181 569.4243 621.967 680.4468 734.623 773.7073 799.4233 795.5935 764.1897 719.6761 665.709 592.8947 500.8944 415.9809 345.3229 285.1923 229.4501 187.3173 159.1387 138.0244 126.7879 131.7159 154.1818 186.9983
161.1776 129.7875 97.68685 68.97639 46.50813 30.70789 20.45036 13.67195 9.558969 7.326263 6.289064 5.873843 5.715652 5.486633 5.333928 5.289405 5.653919 6.406417 7.090664 8.120808 9.667583 11.17169 12.65428 14.38625 16.51258 18.85781 22.36112 29.7309 39.36693 53.79613 77.33832 110.5187 157.1217 210.2062 259.702 306.5601 359.8333 414.8256 470.7494 528.9666 584.5187 646.0314 706.013 752.6331 786.4661 789.8121 759.6642 712.4059 657.5697 591.4141 502.8762 414.6658 341.6071 281.1849 228.1292 187.2715 160.9591 143.661 136.8943 146.0078 170.5723 204.0882
182.46 151.7626 119.2771 87.50088 60.21386 40.46002 26.77069 17.95058 12.3066 8.972255 7.389626 6.950588 6.732837 5.967723 4.859361 3.882316 3.46667 3.667478 3.832987 4.107863 4.937342 6.122056 7.536345 9.294908 11.30772 13.1148 15.30279 19.5921 25.08335 33.07391 48.96735 72.35826 109.6388 157.4698 206.1002 255.2388 312.1081 370.3467 427.8303 486.7136 544.9799 609.3062 673.1219 727.6562 771.5963 783.6087 757.8705 708.9076 652.1065 587.5354 505.1296 416.0061 340.6762 279.3041 228.2077 191.5013 167.1843 151.7268 146.2672 157.3954 184.6199 218.9669
204.2798 173.4958 140.1204 105.9336 75.91143 52.27772 35.18682 24.39336 16.8933 12.16615 10.13404 9.486778 8.917276 7.374453 5.460442 3.714087 2.886633 2.734629 2.606064 2.6045 3.140532 4.161653 5.631765 7.657503 9.897244 11.75556 13.81042 17.77993 21.79865 26.97059 39.33995 57.06493 86.45325 128.7411 176.0387 225.8939 279.6661 334.6096 391.4528 451.2796 511.254 574.8813 639.1898 699.1357 752.136 776.1281 759.2154 713.3082 654.6383 586.4708 509.6339 423.4167 346.7974 284.5449 232.1007 196.5179 176.0431 163.4855 159.0565 170.8821 197.5307 230.0701
