py_wake/examples/data/AJ_ParqueFicticio/Ridge area   Sector 7   Height 30m   Flow inclination.grd
DSAA
90  129
 262878   265103
 6504214   6507414
-16.96069   24.8176
[rows 26 to 51 of 129, columns 0 to 59 of 90]
3.773607 4.114944 4.527945 4.968425 5.42141 5.854845 6.231049 6.506282 6.636702 6.567008 6.29213 5.825375 5.195963 4.464067 3.728119 3.028749 2.382885 1.799943 1.291721 .876776 .5989996 .4044614 .2770514 .2170885 .22397 .2926447 .4010632 .5816998 .8579748 1.170463 1.587742 2.062941 2.559133 3.059695 3.508034 4.036501 4.575969 5.143723 5.789694 6.391424 6.890205 7.346632 7.652052 7.77657 7.714191 7.523829 7.289337 7.006815 6.653584 6.330049 6.083945 5.861374 5.714815 5.628689 5.599549 5.502565 12.99926 3.030976 2.669503 4.789085
3.505603 3.780946 4.113657 4.490436 4.916477 5.365879 5.806067 6.206905 6.481052 6.574286 6.485292 6.216261 5.74066 5.116334 4.423657 3.731393 3.077379 2.472748 1.927428 1.44627 1.049118 .7317832 .48017 .3086211 .1975927 .1479403 .1352471 .1707147 .298447 .5174628 .8019183 1.153493 1.538147 1.986759 2.399402 2.838048 3.298644 3.778252 4.377329 5.055352 5.747446 6.429255 6.95241 7.24737 7.32823 7.260746 7.129107 6.96834 6.753759 6.558931 6.43906 6.321648 6.269634 6.27055 6.280436 6.177695 16.95535 5.87174 6.70939 7.395916
3.304618 3.510806 3.755616 4.053012 4.422042 4.843785 5.288463 5.728888 6.097964 6.329333 6.381475 6.262405 6.009605 5.628322 5.12818 4.555085 3.955455 3.37605 2.83894 2.343354 1.878148 1.463014 1.107411 .8393081 .6561508 .5407469 .4891899 .4830638 .5463858 .6607313 .8006992 .9871057 1.225843 1.516513 1.811534 2.121413 2.493577 2.920367 3.498082 4.212616 4.978327 5.7746 6.487042 6.970273 7.210356 7.260034 7.200239 7.125153 7.037363 6.959633 6.942799 6.919022 6.950334 7.040895 6.919202 7.061842 17.36184 16.92965 9.242075 9.578827
3.168796 3.30555 3.469434 3.680212 3.957132 4.290029 4.672041 5.085698 5.49376 5.802781 5.963763 6.025345 6.004151 5.900339 5.686738 5.343928 4.909258 4.422181 3.930341 3.452468 2.969701 2.499814 2.109434 1.815058 1.568677 1.378603 1.274636 1.224579 1.217022 1.232111 1.267797 1.335231 1.441089 1.596929 1.776395 1.955306 2.209277 2.557291 3.064043 3.75381 4.555951 5.427494 6.244064 6.853497 7.250154 7.443251 7.472036 7.4712 7.489848 7.515662 7.603645 7.693791 7.811956 7.810421 7.72892 16.61093 17.64806 18.31083 12.43039 12.36505
3.014816 3.074472 3.165741 3.301842 3.496658 3.735805 4.011466 4.31138 4.647038 4.970257 5.273932 5.565226 5.7863 5.921571 5.964632 5.898434 5.717562 5.474841 5.202459 4.881029 4.494616 4.07003 3.654359 3.331141 3.018773 2.750106 2.573367 2.454214 2.364081 2.295446 2.238806 2.185477 2.161274 2.206345 2.281983 2.352855 2.474828 2.717866 3.117421 3.696168 4.405151 5.19982 5.98847 6.651914 7.202923 7.622393 7.838636 7.955551 8.104898 8.264832 8.482157 8.699764 8.901266 8.808162 8.90486 15.71769 17.11587 18.76995 16.27577 15.67808
2.970602 2.949712 2.969173 3.030478 3.142043 3.290814 3.457539 3.636601 3.866823 4.188315 4.587786 5.032068 5.448068 5.771725 6.002879 6.150588 6.239549 6.310243 6.33703 6.247976 6.05562 5.819957 5.51886 5.158182 4.895153 4.63219 4.389567 4.168931 3.969517 3.801174 3.657304 3.532392 3.435081 3.3675 3.308433 3.25686 3.243331 3.330407 3.556834 3.940164 4.455781 5.057239 5.681354 6.326204 6.943516 7.539387 8.067085 8.433167 8.775948 9.117951 9.480042 9.825151 10.06378 9.905729 11.40495 14.64335 15.5205 16.63641 19.06834 18.48027
3.072583 2.988784 2.954492 2.967207 3.023362 3.107093 3.202153 3.312675 3.491713 3.805945 4.237585 4.732223 5.225592 5.656773 6.011602 6.312903 6.606636 6.915598 7.155339 7.284464 7.321289 7.270273 7.139953 6.933611 6.667428 6.439024 6.259106 6.064237 5.856691 5.644342 5.426645 5.214436 5.014619 4.828002 4.651425 4.484821 4.349461 4.285009 4.323022 4.490073 4.798738 5.227396 5.708545 6.298204 6.937515 7.59569 8.315196 8.944256 9.478636 9.99361 10.49671 10.95923 11.21684 8.367795 11.353 14.37124 14.8216 15.17607 15.03618 20.683
3.309215 3.171095 3.091566 3.073053 3.109334 3.178555 3.262319 3.364785 3.53832 3.854881 4.307401 4.826234 5.339371 5.792287 6.18756 6.567248 6.975058 7.374532 7.725669 8.017653 8.205199 8.323341 8.385708 8.371816 8.300482 8.176477 8.032724 8.002122 7.93578 7.770979 7.529165 7.2504 6.94631 6.653402 6.377293 6.099289 5.833487 5.60893 5.451124 5.400889 5.490095 5.720979 6.052608 6.543706 7.183493 7.863695 8.656383 9.496714 10.22981 10.92819 11.54765 12.07937 8.189056 8.671034 10.9735 13.79418 14.6297 15.13706 17.61158 22.07014
3.730514 3.529772 3.400241 3.363404 3.408665 3.503495 3.632011 3.799474 4.025959 4.346005 4.768445 5.250414 5.740145 6.198233 6.630367 7.061453 7.487252 7.829748 8.129552 8.438985 8.755672 9.041477 9.27822 9.485037 9.673171 9.797747 9.838103 9.831316 9.918594 9.92289 9.814629 9.584513 9.252981 8.909023 8.541517 8.135322 7.7346 7.340093 6.973804 6.695093 6.552686 6.573908 6.744894 7.108037 7.693585 8.359648 9.12224 10.02661 10.88407 11.66 12.4024 13.03165 10.51159 10.6904 11.20784 12.40044 13.68584 14.02405 12.80807 22.59307
4.352952 4.045474 3.82351 3.740192 3.778171 3.897726 4.067984 4.286741 4.580757 4.946533 5.36894 5.841074 6.330431 6.810797 7.284772 7.739857 8.084312 8.33672 8.582291 8.85596 9.187111 9.536643 9.889594 10.27845 10.65421 10.97178 11.22653 11.39542 11.49399 11.57683 11.61943 11.51512 11.30051 11.00357 10.61432 10.17406 9.684131 9.151795 8.629956 8.167128 7.803759 7.613846 7.642805 7.884579 8.386885 8.999268 9.687183 10.46947 11.34364 12.14736 12.90243 13.56658 14.01829 13.06406 13.0041 13.16738 13.62168 13.83035 15.70906 23.12381
5.105093 4.653605 4.314483 4.162345 4.153875 4.247239 4.406468 4.63464 4.955066 5.340979 5.789552 6.302702 6.832179 7.363989 7.885018 8.332986 8.646932 8.868797 9.077224 9.339375 9.647748 9.980776 10.36469 10.77541 11.19993 11.58913 11.9118 12.17784 12.41014 12.56482 12.61286 12.70107 12.65903 12.48186 12.14095 11.72589 11.22961 10.63299 10.02551 9.475185 9.018207 8.725122 8.644956 8.74812 9.127401 9.637911 10.21251 10.85086 11.57701 12.29631 12.91443 13.52779 14.0006 14.12616 15.27212 14.52131 14.55519 14.92175 17.11412 22.60404
5.965164 5.358348 4.89593 4.65635 4.537368 4.54273 4.632821 4.819474 5.134156 5.564115 6.081797 6.652565 7.236804 7.809 8.326226 8.773611 9.161321 9.437753 9.664861 9.921635 10.17557 10.44944 10.73342 11.04925 11.38624 11.71662 11.99887 12.22064 12.45159 12.77268 13.04663 13.20134 13.23834 13.15564 12.9735 12.64968 12.17942 11.63265 11.09699 10.58205 10.1069 9.757142 9.584682 9.530668 9.710308 10.07344 10.5717 11.11778 11.62884 12.18026 12.69991 13.13116 13.52402 13.70609 13.38143 15.4616 15.40118 15.60518 17.25461 21.13395
6.858972 6.172825 5.610123 5.260449 4.982186 4.844616 4.830529 4.94412 5.19872 5.574732 6.076931 6.659606 7.25799 7.87291 8.455683 9.019113 9.491014 9.871805 10.20942 10.42469 10.54178 10.69546 10.88279 11.06973 11.25821 11.45151 11.63371 11.76416 11.93327 12.25743 12.597 12.88882 13.08997 13.14233 13.09525 12.89645 12.63615 12.2829 11.87543 11.4011 10.91034 10.50303 10.20308 10.03941 10.01842 10.20524 10.58872 11.10587 11.55555 11.92943 12.30392 12.63345 12.8711 12.96577 12.65464 13.35611 15.27892 15.85174 16.40278 16.81852
7.796922 7.092174 6.446683 5.923185 5.454393 5.160029 5.02104 5.040175 5.226623 5.550131 5.994685 6.499616 7.056788 7.673807 8.346273 8.978289 9.481571 9.924706 10.25978 10.43843 10.51289 10.55803 10.65113 10.74358 10.83441 10.89321 10.92885 10.99032 11.13124 11.36848 11.6963 12.02124 12.26678 12.40522 12.46717 12.49173 12.3572 12.14169 11.85412 11.48109 11.0581 10.6475 10.33622 10.15301 10.10447 10.24901 10.5475 10.89312 11.22616 11.5098 11.74681 12.0106 12.23581 12.21747 11.9174 11.80248 13.84101 14.98073 14.86718 13.44482
8.844798 8.086066 7.269197 6.460655 5.79294 5.374805 5.149088 5.065161 5.129836 5.35776 5.720533 6.151611 6.652907 7.24155 7.86688 8.463355 8.975244 9.38152 9.675125 9.84111 9.914968 9.978206 9.999751 9.972066 9.950049 9.913519 9.870841 9.862992 9.906053 10.06822 10.27474 10.54181 10.78909 10.99242 11.17423 11.36747 11.47069 11.39745 11.2462 11.00981 10.72457 10.48975 10.29537 10.1323 10.05751 10.15959 10.3935 10.61603 10.79727 11.00116 11.14707 11.28472 11.52 11.49924 11.25595 11.21017 11.67767 13.29595 13.29792 10.6329
9.932395 9.081645 8.018757 6.968114 6.121876 5.550894 5.169033 4.977904 4.986091 5.14403 5.348347 5.629119 6.009588 6.483278 6.999907 7.511989 7.985152 8.368058 8.611601 8.835158 8.989488 8.984707 8.892295 8.724761 8.554993 8.360112 8.235184 8.170641 8.192029 8.238173 8.36538 8.560916 8.740498 9.041036 9.367348 9.638381 9.818942 9.956834 10.03532 10.02272 9.972893 9.817647 9.652283 9.548223 9.538717 9.647602 9.871225 10.18293 10.37145 10.46126 10.51617 10.57533 10.77748 10.80711 10.71253 10.75824 11.47711 13.4323 11.60348 18.23679
10.85269 9.964127 8.784472 7.607788 6.588886 5.829947 5.262342 4.889256 4.70668 4.702619 4.848698 5.085283 5.32332 5.617908 5.925676 6.236197 6.555473 6.875977 7.185259 7.449832 7.579382 7.564646 7.389738 7.088297 6.790385 6.525639 6.303229 6.152842 6.100604 6.091596 6.194988 6.330477 6.567571 6.950174 7.310362 7.615263 7.983929 8.37182 8.680439 8.876228 8.867621 8.795897 8.838922 8.915394 9.001214 9.132088 9.312538 9.541296 9.774471 9.886046 9.937949 10.00651 10.09265 10.11786 10.13359 10.33427 11.39184 14.47208 16.78795 18.42368
12.02228 11.12505 9.883857 8.574545 7.323448 6.30091 5.428568 4.808781 4.457594 4.260728 4.174697 4.191419 4.326169 4.542935 4.789663 5.015259 5.195961 5.415672 5.67129 5.904358 6.004914 5.984702 5.78736 5.421361 5.033577 4.637256 4.321069 4.137105 4.039254 4.002611 4.059358 4.217476 4.484951 4.873669 5.277616 5.695673 6.209741 6.761208 7.201584 7.494757 7.655625 7.824374 8.041718 8.254065 8.442225 8.628159 8.824714 9.033576 9.263042 9.437935 9.537034 9.644753 9.667921 9.70174 9.806978 10.11156 11.16397 13.83696 16.02286 17.42259
13.16642 12.36343 11.14136 9.730577 8.251773 6.922268 5.806551 4.971946 4.353958 3.89348 3.597527 3.406158 3.334498 3.345577 3.396911 3.436683 3.462897 3.55892 3.741508 3.923832 4.021566 4.013949 3.811192 3.46197 3.079095 2.715409 2.440307 2.301578 2.217384 2.155476 2.132987 2.243487 2.483459 2.851199 3.295187 3.784478 4.360038 4.984573 5.534962 5.982304 6.375551 6.767994 7.196085 7.554395 7.842252 8.121058 8.381639 8.600001 8.810143 9.056848 9.245251 9.414129 9.428256 9.471232 9.603706 9.959214 10.88751 13.01982 14.84261 16.00023
14.10479 13.37276 12.20173 10.71527 9.073123 7.56884 6.298486 5.320882 4.540427 3.874419 3.296252 2.791163 2.395802 2.165705 2.043145 1.937033 1.7997 1.704915 1.699161 1.746408 1.757026 1.730397 1.599241 1.31093 .9808047 .6570545 .3769391 .2242134 .2556755 .2206942 .1960855 .3322451 .5789358 .9486085 1.417273 1.911448 2.483227 3.139105 3.788647 4.389141 4.959912 5.513163 6.059305 6.506121 6.901938 7.342046 7.817708 8.231095 8.513237 8.792034 9.058461 9.262375 9.323881 9.380421 9.534943 9.952854 10.81026 12.25765 13.60211 14.44428
14.76503 14.30702 13.34764 11.85982 10.1833 8.557764 7.095911 5.927311 4.944807 4.059655 3.248969 2.507325 1.868294 1.350062 .9444838 .6099343 .309824 .04773441 -.1566029 -.2874416 -.3660301 -.4510954 -.5861798 -.7882403 -.9882447 -1.156186 -1.35268 -1.542656 -1.533879 -1.391416 -1.348118 -1.213505 -.9662215 -.6528188 -.2129999 .2727041 .7933416 1.442056 2.149812 2.823297 3.490692 4.138773 4.776114 5.377038 5.960526 6.552474 7.178579 7.822884 8.295345 8.642266 8.965738 9.200983 9.303733 9.395289 9.584431 10.06253 10.9256 11.73693 12.59766 13.09514
15.30528 15.16608 14.59617 13.32572 11.70507 10.01427 8.392941 6.957707 5.702173 4.600494 3.608882 2.677567 1.866413 1.189598 .5849388 .06385874 -.3613103 -.7158386 -.9870258 -1.198655 -1.376932 -1.516451 -1.669138 -1.860179 -2.035195 -2.195035 -2.367903 -2.546724 -2.610656 -2.486602 -2.388932 -2.260337 -2.012059 -1.720039 -1.342699 -.8613133 -.3393147 .2749192 .9935524 1.700613 2.393427 3.09592 3.812499 4.520754 5.247276 5.960425 6.665402 7.408812 8.095825 8.55422 8.923866 9.195297 9.328837 9.453654 9.652276 10.12224 10.96482 11.69765 12.15864 12.52748
15.60326 15.73976 15.46553 14.56384 13.23837 11.65547 9.967308 8.30395 6.770096 5.471602 4.336054 3.262941 2.290777 1.476247 .7656288 .1416961 -.3914763 -.8028941 -1.124276 -1.389277 -1.617106 -1.800683 -1.983159 -2.194951 -2.395906 -2.535504 -2.668199 -2.824517 -2.940454 -2.926551 -2.822742 -2.714743 -2.54304 -2.284749 -1.96755 -1.539176 -1.026777 -.4482156 .2504238 .964948 1.664372 2.401249 3.169408 3.926664 4.736461 5.543302 6.299395 7.016443 7.777504 8.40345 8.850466 9.172071 9.32599 9.458356 9.642961 10.06939 10.89256 11.92266 12.44919 13.02739
15.58396 15.96976 16.00342 15.56976 14.50004 13.0396 11.3764 9.690886 8.116569 6.739906 5.483234 4.265541 3.126716 2.1702 1.319648 .584081 -.008117973 -.4910538 -.8548957 -1.139189 -1.384152 -1.594803 -1.797918 -2.002576 -2.199457 -2.37337 -2.50578 -2.654659 -2.779007 -2.789787 -2.711531 -2.678124 -2.572349 -2.379075 -2.12031 -1.788197 -1.326976 -.7780398 -.1286859 .5693685 1.229779 1.972318 2.784414 3.59621 4.458162 5.316289 6.090377 6.76759 7.444857 8.165649 8.730308 9.135037 9.346754 9.522853 9.727332 10.13339 10.91835 11.90506 12.74782 13.31465
15.24048 15.87934 16.25879 16.25601 15.55233 14.45096 13.06217 11.47679 9.891761 8.464388 7.144193 5.826263 4.495661 3.294584 2.1938 1.290209 .6213716 .08565819 -.2982771 -.5688605 -.7932809 -1.012528 -1.222594 -1.419413 -1.627399 -1.805314 -1.931398 -2.065919 -2.186016 -2.228114 -2.180337 -2.161704 -2.093161 -1.974538 -1.805988 -1.56935 -1.206723 -.7245046 -.1645298 .4853057 1.116602 1.840474 2.668917 3.514505 4.401831 5.274519 6.038024 6.671992 7.271044 7.979571 8.655687 9.170727 9.443431 9.674533 9.941307 10.37547 11.09506 12.03655 12.86774 13.30821
14.61181 15.37309 16.0062 16.32652 16.1386 15.36511 14.24345 12.9894 11.63745 10.30826 9.038671 7.726306 6.248787 4.736568 3.323648 2.208498 1.448056 .8771226 .4626308 .1933329 -.01629913 -.2219373 -.4242328 -.6279851 -.8260071 -.9918821 -1.120747 -1.225322 -1.366725 -1.420223 -1.343425 -1.282694 -1.223837 -1.157308 -1.075954 -.9172799 -.6225765 -.2412848 .2048168 .7437556 1.320719 1.991897 2.785386 3.626704 4.518361 5.382413 6.128953 6.732118 7.299634 7.933088 8.658096 9.285974 9.659531 9.951752 10.2605 10.71214 11.35291 12.11218 12.67989 12.87942
