py_wake/examples/data/AJ_ParqueFicticio/Ridge area   Sector 5   Height 30m   Power density.grd
DSAA
90  129
 262878   265103
 6504214   6507414
 2.6045   815.4562
[rows 54 to 80 of 129, columns 0 to 61 of 90]
224.6581 196.2425 162.29 124.3296 91.37442 64.76547 45.7202 33.08316 24.17885 18.60217 16.04487 14.77352 13.25786 10.66798 7.810336 5.431517 3.899707 3.153028 2.725391 2.648436 3.142344 4.15386 5.795529 8.203652 11.35255 14.33479 17.61113 23.52648 29.84469 37.86544 52.62434 72.51837 98.6605 133.8907 172.1647 215.6577 265.8252 317.1263 370.1625 425.7868 484.9251 549.2402 611.8597 672.8386 728.4269 761.0068 756.1502 721.1234 666.5379 593.2728 517.545 436.1905 360.4503 298.5485 245.0309 207.701 187.4385 177.2477 175.981 186.6621 210.2256 237.7125
236.0624 213.2722 183.4083 146.6221 108.3877 78.36687 57.39574 43.02128 33.20526 27.21539 24.50594 23.28905 20.95805 16.70067 12.25286 8.615166 6.157293 4.653196 3.823403 3.613463 4.0364 5.167919 7.031007 9.884193 14.28538 19.58235 26.25242 34.72849 45.32167 59.0417 76.56112 100.6523 127.6076 155.4494 184.9347 220.0569 265.5757 312.0541 359.5149 410.596 466.9376 529.181 590.6603 652.4026 706.7513 740.475 744.6741 719.4541 676.8254 608.6942 530.8391 451.35 376.9619 316.437 265.7212 226.861 206.3745 197.3923 196.3428 205.0693 221.2038 237.8164
245.0855 228.8395 204.3981 168.9761 128.0942 95.30815 71.19015 54.71904 43.88804 37.37242 34.77541 34.25568 32.06931 25.82093 19.26851 13.76154 9.955073 7.409591 5.802838 5.127586 5.593072 6.952847 9.090219 12.88926 19.14569 27.45757 37.58446 49.77308 64.06738 81.67096 103.6448 130.197 158.1459 183.2226 209.5207 241.0516 277.1697 316.1915 356.6612 404.3706 458.8275 517.5228 576.0887 636.2618 688.0375 720.2127 730.4021 712.5446 677.9013 623.6701 548.4933 469.4257 395.9552 335.4496 284.7393 245.606 224.5545 215.715 213.5104 218.1756 227.3437 237.3337
252.6003 241.4573 221.3707 189.0496 150.8548 114.8135 87.6298 69.72586 58.03138 50.69779 46.96877 47.02375 45.93951 39.75935 30.89141 22.67905 16.31645 12.10401 9.229244 7.957603 8.518475 10.26458 12.83406 17.47588 25.54886 36.82491 50.26039 66.03295 83.21822 105.1069 130.6844 158.8599 186.3276 213.3181 242.4002 271.6374 301.8689 332.7885 367.0716 409.5643 461.6687 516.6798 571.6922 627.6751 672.493 703.5558 717.4474 705.1838 675.2319 631.7437 570.8031 496.2721 423.4256 361.3856 310.7443 270.5055 244.7336 232.7349 227.4091 228.3429 232.8661 236.7267
254.4664 249.7793 233.7972 203.8817 168.9427 134.4902 106.7734 85.90676 72.28518 64.73065 61.59411 61.33277 60.56021 54.78449 44.98203 35.41993 27.09879 20.93629 15.91763 13.66804 14.08927 15.97146 19.08623 24.76403 34.29311 47.6322 63.58548 81.18575 101.8859 127.0869 155.4074 186.2663 215.7368 244.5973 273.3788 302.515 330.9017 359.9226 392.3752 430.0918 474.7586 524.2886 576.1712 623.7795 664.7605 694.6819 709.8354 702.1547 677.5036 638.4942 589.4025 526.9653 457.5463 396.1333 344.1386 302.8697 271.3491 252.1966 241.9364 236.5838 233.766 230.3433
253.3764 254.4529 243.9573 219.0583 186.6261 153.5093 125.719 104.1004 88.99944 79.92857 76.57436 76.46181 75.95619 70.84044 60.80335 50.43533 40.8761 32.5885 26.30054 23.00539 22.96184 24.37285 28.12302 35.35351 46.32623 60.58102 77.56178 96.53519 118.2156 144.7224 176.4621 210.6039 243.8196 273.8563 302.5118 331.4845 358.5451 386.9541 418.4539 453.9279 493.6096 538.1918 582.8281 625.0879 666.2689 695.3297 711.5404 708.6783 688.6284 651.7777 605.5117 554.0382 493.1027 431.4249 378.0002 333.5202 300.0559 274.91 255.5275 241.4221 229.4084 219.2637
251.6977 257.1017 253.0188 234.3083 205.2261 174.1925 146.9277 125.2372 108.6802 97.03335 92.39612 92.46095 92.87215 88.80059 79.97655 70.57832 60.38076 50.16185 41.63598 36.00563 35.68647 37.2121 40.7525 49.08436 61.17563 75.50996 92.65942 111.5799 133.929 160.4173 192.2555 229.8465 266.7909 297.4505 325.5551 354.1227 380.2387 407.5189 438.6876 471.2391 509.1941 549.5502 587.3945 626.8468 669.9661 699.6451 714.7224 718.0098 707.0885 672.8602 624.6463 575.4474 523.2228 465.4491 410.1203 362.1187 324.2058 294.0681 267.0035 242.4393 221.5976 206.0263
251.3106 258.7349 258.6407 245.5029 220.4522 192.8984 168.0455 146.8239 129.5483 116.5296 110.3119 108.473 109.2154 108.4884 102.8099 94.04135 84.0321 73.12103 63.13133 56.21041 54.23663 55.10324 58.11866 66.38462 78.95042 93.09336 108.5758 126.8633 149.6729 175.4035 206.0899 242.162 279.3584 309.2955 337.9489 365.2486 390.588 418.9937 449.2592 481.3491 519.0306 555.6682 589.6447 627.7971 669.6456 696.2584 707.5651 714.749 714.2315 694.132 647.7256 596.7156 547.1027 494.6606 438.8514 385.6609 339.3788 303.1227 270.4722 239.2709 210.6123 189.5962
251.6388 260.7258 264.0817 257.0048 236.9867 212.4872 188.6765 167.3698 149.2508 135.172 127.6049 125.7089 125.9828 125.0689 122.3254 115.1908 107.6344 98.82405 91.0639 84.59373 80.04963 80.86952 83.71742 91.34669 102.173 115.6676 129.7942 144.9234 164.6689 189.9002 217.1586 249.8343 281.735 311.9904 340.7212 366.4563 393.5329 422.6132 452.3265 485.4945 522.6553 557.3313 592.3109 630.7006 669.7608 690.7333 697.1707 703.4402 708.0964 704.077 672.1683 621.4171 568.8503 518.2369 464.5022 406.3412 351.4393 307.0038 269.6056 233.8045 197.7263 169.2059
247.0894 258.3172 266.1667 262.4063 246.5256 226.5542 206.0653 186.7052 169.6542 155.2437 144.8694 138.6397 136.7629 137.4017 138.4845 135.644 130.5503 125.3116 120.1019 116.0302 113.1114 112.2588 116.0472 122.1565 132.4472 142.3341 151.5022 163.7238 181.9471 202.7221 227.5703 255.6192 282.6897 311.8245 339.7917 364.3503 391.524 420.3132 450.1459 484.3141 520.3395 555.2502 591.6364 632.6622 671.6195 687.6161 691.3466 694.9335 699.271 702.5002 689.494 647.5429 592.3345 540.9017 489.3008 429.0841 365.5435 313.7996 270.9644 230.1762 188.0592 153.2654
235.226 248.9397 261.7051 258.7986 244.5473 226.8739 208.231 190.7272 175.0252 161.7392 151.6628 144.9425 142.6965 144.4009 148.747 149.8912 145.2595 141.4799 141.0228 144.8609 143.804 140.6843 141.9509 150.2447 160.5914 164.3841 169.4407 181.3226 196.4922 213.3365 235.8156 259.5016 283.6227 310.8032 336.6658 361.1373 386.6385 413.7107 442.5582 475.6628 512.5651 547.054 583.1651 625.5404 669.2817 687.4455 689.1851 690.2982 691.9791 695.2869 694.7651 668.0706 614.761 560.8849 511.0424 453.6074 383.0777 325.1174 276.2038 231.6155 185.5434 147.5443
216.3759 230.8295 246.6759 248.3447 237.836 223.7263 207.5342 190.9239 175.408 162.4871 152.0897 144.0321 140.0477 141.1313 146.3483 149.5408 149.1748 148.2446 150.2543 157.0108 158.6719 156.5956 158.0299 167.0004 174.7159 178.1085 182.8932 193.4813 205.3438 219.9728 239.1544 259.4219 280.8994 304.903 328.9496 352.2916 374.765 398.56 425.5509 457.9495 495.4535 531.6718 567.7233 608.4868 656.8857 686.2431 691.577 689.6302 688.6717 689.3687 692.3563 678.2775 631.1531 576.3109 528.1958 476.0506 400.5674 338.6487 285.7556 238.7521 191.0904 151.5571
195.8847 209.3003 224.2846 233.3799 226.6893 214.9565 200.6447 184.3123 167.8386 153.7237 142.1458 132.9741 127.6784 128.0216 134.0156 140.3173 142.0836 143.5276 146.6499 152.6268 156.3671 158.9029 162.1214 168.5531 175.7701 182.4028 189.8621 199.646 210.4566 223.4842 240.5546 258.5204 277.1684 297.8503 320.1646 341.2162 358.9235 377.4166 402.5166 433.759 470.1605 509.9133 549.1098 588.9483 636.0098 678.5768 694.1935 692.7884 688.6058 686.6225 688.3335 680.332 638.2281 585.4697 539.2137 493.011 418.4005 354.2895 298.7927 249.8852 202.1799 161.075
175.4015 186.9627 198.9974 209.1102 211.2047 204.0272 191.7358 175.2572 157.0484 141.0352 128.1086 117.9018 112.0572 112.32 118.3251 128.2276 132.2467 133.6236 136.3022 142.7151 148.4882 151.3016 154.9085 161.6638 169.0506 175.4218 183.6356 195.0921 204.9729 218.0007 237.5892 255.8875 270.73 287.3792 309.3535 328.6141 341.4978 355.2423 376.4468 406.2589 442.0906 483.9442 527.4733 568.7681 613.2957 661.2362 691.2407 695.9045 690.9043 686.257 686.1173 679.6686 640.8835 590.6586 546.8539 506.04 435.5338 372.0379 315.0128 264.6107 216.3489 174.4503
155.4109 165.4756 174.7675 181.6963 184.2371 182.4794 174.016 158.3788 139.3464 122.3492 109.2005 99.51515 94.30345 95.23272 100.5599 109.9608 118.4365 121.4725 123.7263 129.3367 136.6015 140.1087 143.1584 149.3566 156.715 162.5523 169.6423 179.261 189.039 202.8541 222.6324 243.2078 256.9325 269.4565 287.7864 305.8053 317.9982 328.886 346.8698 375.0402 412.6214 454.5594 502.5898 549.5098 592.191 638.1082 679.1461 696.8276 692.9145 686.6264 684.8911 678.8547 642.0409 592.6273 551.3383 512.6172 446.9297 384.7783 329.5942 279.6089 231.7023 189.4205
137.6065 145.1462 152.2459 155.2024 154.5591 151.7795 145.0931 132.4996 116.9182 102.1741 90.42001 81.74077 77.25527 77.33868 81.55194 89.21847 98.08234 104.0207 108.554 113.1963 119.0314 124.5442 128.1228 132.6158 139.0009 146.3944 152.4573 157.813 166.7243 180.5962 197.0497 215.9992 230.4141 239.8968 250.1478 264.0143 277.0234 290.5388 310.7477 339.6695 378.6614 422.1143 471.991 527.4593 571.7944 612.946 656.5867 688.6958 693.5721 686.2137 683.9109 677.0977 641.3593 591.6904 550.1946 508.3099 445.7512 385.1123 333.437 287.0451 243.0724 204
120.6367 126.8057 132.3141 132.7693 129.2373 124.8971 118.1669 107.8913 95.38918 83.18132 73.41908 66.08755 61.6726 61.2353 64.55377 70.58085 77.4892 83.3894 89.3545 95.0532 99.8294 105.4069 110.6423 114.9545 120.6234 126.7911 132.7788 136.2997 143.2375 152.5999 166.2897 181.182 192.5535 198.6049 205.2403 212.9094 222.0801 236.2884 260.6382 299.7466 342.3185 387.982 439.9051 499.1237 551.8538 589.3622 629.539 668.2955 686.0835 682.6573 679.5314 673.862 640.485 591.9642 548.9508 502.2668 443.1953 385.1957 335.3743 290.649 250.9776 215.6238
104.2116 109.7596 114.821 114.8061 109.363 102.9088 95.65549 86.83088 76.34911 66.26698 58.53545 52.28597 48.0904 48.16474 51.022 55.8414 60.43998 65.38958 70.64218 75.95135 81.41159 87.09158 91.89951 96.59129 102.1165 107.0876 111.0595 114.1437 119.4381 126.5057 136.6105 147.1722 155.5359 161.2057 166.5412 171.7492 179.5393 187.9568 205.1476 250.687 308.0514 356.357 408.5149 469.3577 530.5547 567.812 603.7117 641.9325 668.7331 672.9535 670.8159 664.6946 635.6189 591.4047 548.8146 498.617 442.3049 386.9507 338.5465 295.7434 257.842 225.4585
88.76984 92.37201 96.57241 96.4738 90.46586 83.23621 76.09223 68.78824 60.60078 52.7808 46.49624 41.53489 38.13485 37.78344 40.09517 43.49821 47.00253 50.80822 54.85637 59.02866 63.88562 69.83788 74.7867 78.50638 82.90042 87.30666 91.17532 94.07633 97.77901 102.0928 108.9853 118.1318 126.0884 132.0185 136.3681 143.4231 156.3024 165.7206 177.0954 216.3949 280.446 334.3688 386.2382 445.0212 509.1832 550.0157 581.3838 613.9434 641.6038 650.6144 648.1924 641.8298 620.5434 585.1764 544.0447 495.6494 443.6111 390.6322 343.4669 301.7483 264.905 233.7282
71.79161 74.16988 76.75533 76.45654 71.77047 66.26797 60.78365 55.11447 49.02042 43.40195 38.73584 34.81601 31.7747 30.82501 31.66829 33.89548 36.22762 39.33821 42.22798 45.58847 49.74605 54.15652 58.52502 61.97776 64.94863 68.17403 71.48108 73.83538 76.45035 79.49404 84.9134 92.14514 102.8595 112.9469 119.7585 130.2094 146.8508 161.6324 179.6579 213.151 271.5146 325.166 375.7787 431.7921 495.0293 537.9511 564.371 591.8938 614.1521 621.8124 619.0208 613.9169 598.0725 571.4044 535.019 491.7925 444.8597 395.7308 350.6312 309.6953 274.1159 243.5376
55.77292 57.57418 59.09851 58.46912 55.59235 51.9274 48.03122 44.31041 40.64788 36.84459 32.81383 29.37331 26.85993 26.08007 26.44106 26.98377 28.75359 31.22215 33.6121 37.19437 41.52916 44.44899 46.45365 49.28828 51.66237 53.06005 53.54543 54.35242 55.35442 58.25755 63.12368 69.10256 81.68675 97.97505 111.3156 125.833 144.4481 165.0383 188.3451 220.6343 272.1029 322.3514 373.0677 427.9655 489.1972 531.0083 553.9914 575.8967 590.8342 594.5109 590.9956 586.6456 574.4845 551.386 520.2117 484.8579 443.6049 400.8788 359.9436 321.0612 286.032 255.7541
45.01508 45.80512 46.3201 46.05827 44.18498 41.36008 38.47469 36.77975 36.22567 34.46592 31.40644 27.73829 24.08032 22.59904 23.59241 24.29698 24.50678 26.44081 29.81473 34.23479 38.92583 41.23967 41.36324 41.23811 43.02251 44.93419 44.47649 42.09642 40.47555 43.91552 48.96366 53.13189 64.19547 85.35629 106.6719 127.2623 149.9342 173.7438 197.9122 230.7233 278.5308 326.4132 375.0967 427.9127 486.7866 527.5084 546.7954 565.0523 571.7809 569.752 564.0428 558.5429 546.2941 523.4923 498.9258 472.7216 438.5525 402.6079 368.5774 334.7009 300.9567 271.4426
38.73185 39.71894 40.09114 39.96304 38.69667 36.58915 34.59108 34.36313 35.86159 35.33457 33.26939 30.03089 26.42397 24.47479 25.31029 25.82376 25.53992 26.82491 30.58587 35.6377 39.79816 41.40108 41.09407 40.03822 40.78582 42.6124 42.28263 40.19669 38.21827 40.81177 46.37531 51.1708 61.36089 84.15995 110.2117 136.728 163.6202 190.3467 215.6137 249.7604 294.3635 339.0311 385.0696 434.5826 489.3201 526.6991 542.8919 556.5104 555.4134 547.0288 536.2838 525.6355 508.511 487.9805 468.2857 449.3426 425.5623 399.5408 373.951 347.1509 316.8355 289.4928
34.38615 35.88388 36.90328 37.40316 36.99707 36.36283 36.27018 37.59142 39.56054 39.85738 38.77877 36.07389 34.03506 32.79923 32.38057 32.61109 32.33557 33.23549 35.49567 39.40317 43.19482 45.10894 45.56525 45.26218 45.5876 46.55272 46.64491 45.90689 45.86373 49.4666 54.87086 61.30462 73.74516 95.32746 122.0851 150.7896 180.5767 211.0675 241.4956 277.6972 318.4269 360.5952 402.744 446.7192 494.9901 526.8152 541.3203 549.6282 543.2685 529.0789 506.7146 483.8521 463.8676 445.1447 428.6695 415.9981 402.2228 386.8834 370.6632 352.6895 329.4847 308.1987
32.07356 33.29771 34.82018 36.75602 37.67992 38.10999 39.17062 42.27399 45.16538 46.3202 46.70999 46.89826 45.79488 44.64005 43.92426 44.2886 44.72818 44.42767 45.03522 47.18427 50.24478 52.19149 53.5695 55.11853 56.34372 56.34112 56.21419 56.91578 59.33717 63.13008 68.02608 75.68887 89.89217 110.5708 138.3717 168.9236 201.0352 234.5883 270.0681 306.7792 344.595 384.3802 422.9351 464.3366 503.781 528.5423 541.3796 546.0015 536.0964 512.9111 476.6303 443.4728 420.2342 401.2828 386.2695 376.9657 371.3991 364.663 357.5363 348.7059 335.0332 321.4808
32.73674 33.66007 35.30964 38.89762 41.1025 41.85346 43.6096 48.09021 52.26186 55.47734 58.55244 59.99264 60.35364 60.10038 60.63366 60.75514 60.47094 59.78117 59.76208 60.51508 61.99544 63.21746 65.32098 68.34467 70.51127 70.46607 70.49597 72.85717 75.62696 77.92017 82.1125 90.89761 103.9252 125.8536 156.7002 189.6222 223.0309 259.043 296.6577 333.0994 369.4348 406.3392 441.6274 480.6211 513.6818 532.1291 543.7079 545.8158 533.6429 498.1859 454.7363 414.3767 383.7195 362.0284 347.4764 339.1925 336.6593 335.4812 335.8866 335.8066 330.0255 324.7568
37.38009 39.01161 41.68559 45.61935 48.20615 50.09546 53.23798 57.70998 63.31776 68.94894 73.94485 77.84285 80.53532 81.96486 82.03666 81.8047 80.95141 79.62522 79.34063 78.51896 79.04564 80.17076 82.86149 86.19446 88.86567 90.32266 91.29835 93.33603 95.02309 96.74128 100.8459 108.9143 121.2016 143.9381 175.1319 209.1316 243.3228 280.5715 319.1705 355.9344 392.3431 426.7362 461.1942 494.2364 520.2029 536.8361 547.829 549.8383 533.5063 491.7998 444.3308 397.6836 359.5196 331.817 313.6252 303.9513 301.8301 303.4274 306.7269 311.5567 312.6665 312.8398
