py_wake/examples/data/AJ_ParqueFicticio/Ridge area   Sector 10   Height 30m   Mean speed.grd
DSAA
90  129
 262878   265103
 6504214   6507414
 .2875556   10.96452
[rows 54 to 80 of 129, columns 0 to 61 of 90]
8.178654 8.025327 7.799061 7.502857 7.170495 6.738072 6.186507 5.60345 4.932658 4.252019 4.052707 4.166758 4.264105 4.160815 3.951248 3.733554 3.627524 3.72412 3.890141 4.157357 4.568978 4.989981 5.381752 5.729749 6.013112 6.191026 6.324654 6.491566 6.605538 6.719474 6.900502 7.091374 7.292407 7.506358 7.690212 7.881119 8.112168 8.363247 8.654205 8.99649 9.375897 9.778512 10.13221 10.42994 10.6858 10.78489 10.69301 10.44032 10.09362 9.699224 9.300001 8.733209 7.659979 6.052904 4.322715 3.250559 2.795553 2.666491 2.761653 3.107296 3.725155 4.43529
8.241851 8.126573 7.9384 7.669592 7.320183 6.913654 6.413392 5.84558 5.248718 4.771946 4.623295 4.701221 4.70595 4.511411 4.246089 3.995959 3.841042 3.800325 3.870373 4.081999 4.421566 4.804855 5.166165 5.503864 5.812946 6.044215 6.239035 6.41562 6.568181 6.730272 6.911571 7.11987 7.316044 7.484894 7.636255 7.808845 8.040719 8.286344 8.556942 8.882277 9.263019 9.671582 10.03142 10.35313 10.61085 10.69616 10.63228 10.41948 10.10755 9.728002 9.331377 8.842306 7.979739 6.64367 5.111513 3.956524 3.389736 3.182685 3.196065 3.44343 3.867479 4.307619
8.294679 8.221635 8.075346 7.829728 7.482283 7.11243 6.662694 6.149114 5.618052 5.218361 5.102843 5.186579 5.197567 4.925906 4.589631 4.273704 4.063604 3.949953 3.925069 4.036976 4.326882 4.663923 4.980211 5.314795 5.645864 5.922483 6.153573 6.355493 6.533116 6.723495 6.931475 7.151423 7.34917 7.506495 7.658322 7.836213 8.041032 8.263766 8.50687 8.819057 9.205477 9.608308 9.970057 10.30313 10.53625 10.61765 10.58176 10.40147 10.11772 9.78082 9.392563 8.956269 8.293698 7.247303 5.906443 4.73201 4.076735 3.779777 3.687541 3.786582 4.021734 4.302649
8.34416 8.304685 8.192351 7.972706 7.663479 7.315588 6.937206 6.550209 6.163287 5.836518 5.678148 5.751639 5.788336 5.576054 5.181479 4.765601 4.418307 4.199739 4.065384 4.090473 4.31864 4.602638 4.87128 5.181219 5.520588 5.830388 6.090756 6.316667 6.514288 6.73599 6.968011 7.197334 7.397106 7.572505 7.750968 7.933048 8.123499 8.315154 8.539811 8.838475 9.220535 9.611453 9.97045 10.28351 10.47841 10.56851 10.55496 10.40635 10.15116 9.855416 9.506185 9.117393 8.622512 7.878985 6.861405 5.771568 4.970198 4.524551 4.289472 4.26154 4.360986 4.470252
8.36582 8.366818 8.285356 8.08906 7.815206 7.505486 7.189435 6.867795 6.565124 6.344942 6.255596 6.285674 6.311592 6.161312 5.820737 5.436406 5.05897 4.753583 4.481136 4.397061 4.524457 4.715672 4.929081 5.20721 5.530195 5.845807 6.120173 6.352492 6.576719 6.814883 7.06181 7.307907 7.525304 7.718741 7.904234 8.096311 8.28146 8.474827 8.706431 8.991781 9.33231 9.690478 10.02882 10.28136 10.45652 10.55495 10.5565 10.43634 10.21676 9.949964 9.647533 9.309771 8.922106 8.437842 7.781199 6.979623 6.174904 5.560436 5.165416 4.923056 4.782373 4.657012
8.372508 8.40973 8.366614 8.211555 7.968231 7.677804 7.393322 7.127713 6.888359 6.705218 6.630667 6.646823 6.667288 6.573113 6.322628 6.012911 5.68127 5.348291 5.064613 4.916945 4.946447 5.034008 5.194227 5.448287 5.741848 6.024763 6.284387 6.510083 6.728772 6.965216 7.220429 7.481044 7.71994 7.919073 8.107946 8.303615 8.486639 8.685826 8.921924 9.190932 9.485941 9.804358 10.07648 10.27854 10.45694 10.5652 10.57323 10.4735 10.2886 10.04577 9.763561 9.474625 9.157836 8.793863 8.357433 7.818236 7.218123 6.601896 6.018917 5.534259 5.114084 4.781538
8.380628 8.445095 8.44148 8.330699 8.119473 7.848292 7.588392 7.35742 7.15298 6.980679 6.902873 6.91236 6.932753 6.875185 6.71748 6.521785 6.270175 5.96873 5.680818 5.472416 5.46225 5.505623 5.595856 5.809199 6.063688 6.299501 6.521613 6.719217 6.926569 7.145257 7.388536 7.657826 7.914967 8.113176 8.298988 8.492146 8.665941 8.862895 9.098044 9.334017 9.606893 9.879158 10.08691 10.26996 10.46227 10.58087 10.57702 10.49124 10.3518 10.13193 9.858629 9.585646 9.314504 9.008003 8.658514 8.25434 7.776827 7.228618 6.584466 5.885239 5.246812 4.759276
8.399615 8.479013 8.503192 8.43115 8.243767 8.001385 7.768953 7.557112 7.368876 7.207501 7.120269 7.097068 7.114254 7.107542 7.035838 6.908211 6.730989 6.501663 6.261201 6.07767 6.014943 6.015157 6.058434 6.216126 6.427058 6.618065 6.785119 6.952324 7.146782 7.347413 7.573542 7.829268 8.074289 8.263374 8.451877 8.626471 8.78915 8.989174 9.203966 9.425767 9.682369 9.910092 10.08619 10.26524 10.46785 10.57176 10.53666 10.45652 10.36129 10.20224 9.954185 9.684792 9.42607 9.149954 8.826818 8.447818 7.981958 7.425746 6.737503 5.923832 5.111899 4.443105
8.420543 8.506537 8.555389 8.515018 8.351465 8.139376 7.923633 7.720317 7.539912 7.387287 7.297578 7.268371 7.266633 7.255895 7.234584 7.156041 7.052107 6.914392 6.775683 6.658333 6.564504 6.551195 6.573928 6.681513 6.830821 6.978432 7.101899 7.221439 7.378312 7.568091 7.764307 7.994651 8.198832 8.386513 8.56582 8.717386 8.882933 9.073373 9.266638 9.484382 9.719726 9.919086 10.09408 10.28035 10.47713 10.54781 10.49369 10.4162 10.33986 10.24103 10.05895 9.808486 9.536123 9.259167 8.949321 8.563211 8.056151 7.418141 6.638368 5.701216 4.701388 3.882982
8.416836 8.519852 8.602756 8.576733 8.436571 8.252184 8.059373 7.87244 7.701915 7.554097 7.442485 7.370647 7.346403 7.354208 7.378883 7.364181 7.301539 7.227297 7.151198 7.102246 7.05566 7.023864 7.05195 7.123643 7.244512 7.330249 7.391819 7.483373 7.625746 7.775568 7.954855 8.149108 8.318433 8.495929 8.657585 8.791613 8.946079 9.11926 9.301858 9.512128 9.728578 9.915567 10.09357 10.29054 10.48389 10.53061 10.47395 10.3983 10.3268 10.25332 10.14035 9.934725 9.653623 9.361354 9.059757 8.671304 8.121411 7.367989 6.428262 5.319487 4.147099 3.259765
8.383715 8.503979 8.61702 8.599262 8.468801 8.299429 8.11902 7.939622 7.773189 7.628145 7.513065 7.434728 7.403352 7.42233 7.479151 7.503522 7.4535 7.403939 7.387423 7.430682 7.416887 7.372542 7.375543 7.468161 7.575632 7.599576 7.628618 7.722334 7.837732 7.95736 8.119892 8.280364 8.426194 8.584855 8.726446 8.848739 8.985509 9.135519 9.299685 9.494638 9.704297 9.888394 10.06215 10.25642 10.45498 10.51882 10.47189 10.39675 10.32357 10.25364 10.17521 10.02712 9.752211 9.440612 9.137443 8.76493 8.177918 7.29939 6.165074 4.864646 3.599994 2.731951
8.329439 8.456148 8.586274 8.593366 8.482531 8.334369 8.16938 7.992948 7.820882 7.671493 7.54825 7.453841 7.404222 7.419744 7.489857 7.538538 7.531677 7.516834 7.529408 7.593707 7.604835 7.58127 7.596537 7.691765 7.769251 7.792469 7.825536 7.910441 7.998837 8.102408 8.240882 8.374383 8.497845 8.628613 8.752591 8.863892 8.974132 9.091227 9.237223 9.419203 9.627394 9.819101 9.993346 10.17972 10.38059 10.49171 10.47716 10.40465 10.32545 10.25083 10.17864 10.06375 9.806983 9.478857 9.162724 8.809384 8.184022 7.177827 5.861427 4.411771 3.12389 2.363413
8.271766 8.395597 8.517 8.5662 8.483614 8.350442 8.195717 8.015796 7.827043 7.656769 7.513522 7.397782 7.330471 7.342347 7.429985 7.522363 7.543052 7.553135 7.579082 7.63944 7.673976 7.693253 7.728182 7.801575 7.873366 7.920621 7.974127 8.048713 8.123755 8.211755 8.330952 8.443127 8.540596 8.640837 8.748584 8.845382 8.920738 8.998652 9.125091 9.293243 9.49182 9.704949 9.900197 10.0843 10.27282 10.4336 10.47566 10.41728 10.33003 10.24552 10.16462 10.05648 9.804105 9.464651 9.136123 8.795444 8.139748 7.007238 5.487558 3.913819 2.700143 2.298852
8.218599 8.333112 8.433822 8.490354 8.457918 8.354404 8.209807 8.022758 7.809228 7.609858 7.442341 7.304835 7.224416 7.240613 7.340907 7.485689 7.54155 7.553354 7.579081 7.650105 7.714447 7.74335 7.7851 7.861592 7.936142 7.984461 8.041346 8.120237 8.181211 8.26023 8.384551 8.489317 8.55497 8.619915 8.716045 8.802477 8.843455 8.885604 8.977431 9.133565 9.331541 9.557364 9.786375 9.985281 10.17004 10.34949 10.44904 10.4291 10.33908 10.23973 10.14407 10.02797 9.768036 9.418107 9.07963 8.74742 8.056918 6.784514 5.043636 3.38432 2.416248 3.553457
8.165483 8.275062 8.362606 8.402132 8.37269 8.299475 8.172162 7.974694 7.73375 7.505407 7.317128 7.169406 7.089581 7.121104 7.2289 7.383849 7.500172 7.534933 7.562843 7.635451 7.725718 7.770533 7.814289 7.888885 7.963291 8.009461 8.05901 8.121727 8.175829 8.253903 8.369848 8.47818 8.528605 8.560982 8.632429 8.708344 8.736356 8.74807 8.808331 8.951396 9.161459 9.394361 9.652532 9.897636 10.08837 10.25967 10.39525 10.43096 10.35574 10.23918 10.12465 9.992677 9.719028 9.353907 9.000337 8.653898 7.852063 6.35855 4.452364 2.858192 2.47266 3.329919
8.098578 8.198549 8.284862 8.311191 8.265637 8.181952 8.051062 7.851512 7.612253 7.38372 7.190259 7.040367 6.962241 6.983426 7.085501 7.23892 7.381104 7.460052 7.52403 7.597041 7.684086 7.761769 7.809433 7.867146 7.936298 7.999423 8.042784 8.071056 8.120302 8.199389 8.292201 8.392139 8.446349 8.460866 8.48869 8.534242 8.551147 8.558688 8.620173 8.759812 8.979423 9.227237 9.50413 9.810227 10.03242 10.1917 10.3314 10.41686 10.37719 10.25031 10.11419 9.96108 9.669391 9.281711 8.90067 8.482915 7.445372 5.66349 3.703429 2.345798 3.724855 3.026368
8.021905 8.114619 8.194805 8.200392 8.133751 8.038332 7.895804 7.700443 7.478557 7.25954 7.074918 6.929707 6.840163 6.848815 6.946847 7.093702 7.230123 7.328519 7.427181 7.520001 7.597913 7.682569 7.753853 7.810511 7.875999 7.932326 7.976336 7.988239 8.026943 8.081296 8.164527 8.252263 8.305029 8.312536 8.317126 8.313124 8.300278 8.299014 8.36692 8.558048 8.797031 9.060417 9.366606 9.712874 10.00809 10.1625 10.28817 10.39059 10.39125 10.27201 10.11401 9.936718 9.628937 9.220808 8.807126 8.260084 6.971584 5.032227 3.111897 1.970298 3.250647 2.69985
7.924942 8.014818 8.09428 8.093475 7.998521 7.868426 7.715054 7.527576 7.318152 7.115601 6.958223 6.818309 6.714949 6.733518 6.828168 6.958735 7.068766 7.172594 7.277791 7.38188 7.483078 7.580388 7.65439 7.714451 7.779435 7.825493 7.852919 7.860084 7.884806 7.927787 8.000039 8.080633 8.126656 8.131781 8.124396 8.105006 8.083004 8.039853 8.05285 8.288454 8.628062 8.919436 9.244487 9.620233 9.98707 10.16986 10.27508 10.36618 10.38884 10.2844 10.10723 9.896067 9.573867 9.161243 8.713915 8.023822 6.606859 4.645481 2.773145 1.701113 2.77691 2.366837
7.8149 7.884501 7.957219 7.947197 7.823411 7.668725 7.513131 7.340329 7.15132 6.96682 6.815898 6.694134 6.610223 6.612673 6.696164 6.807763 6.910389 7.014991 7.120664 7.22582 7.336852 7.452836 7.534196 7.585191 7.639398 7.681159 7.706208 7.707458 7.719908 7.749227 7.79929 7.866025 7.913342 7.928932 7.913795 7.901166 7.915282 7.878468 7.848773 8.061407 8.47693 8.829791 9.176096 9.571322 9.975951 10.20598 10.28975 10.35667 10.36462 10.25387 10.04704 9.797913 9.471437 9.075348 8.589428 7.797127 6.353356 4.418429 2.710859 1.718546 5.708898 5.198833
7.664687 7.720276 7.764223 7.736976 7.609263 7.457764 7.309018 7.157522 6.993036 6.838269 6.705366 6.584424 6.489227 6.478715 6.549309 6.662224 6.753879 6.862421 6.963106 7.072513 7.191679 7.297132 7.379775 7.430737 7.470845 7.502921 7.518771 7.510364 7.506485 7.513207 7.550076 7.601119 7.675405 7.727065 7.722469 7.733213 7.782982 7.792267 7.821583 8.010372 8.429324 8.818122 9.18826 9.587815 10.00462 10.26116 10.31999 10.35429 10.32417 10.18009 9.942753 9.673761 9.350058 8.958218 8.412395 7.524374 6.055295 4.214504 2.717428 2.078215 6.069512 5.605226
7.485981 7.523677 7.542128 7.497426 7.379987 7.237712 7.093739 6.955228 6.831386 6.705034 6.564975 6.438213 6.349018 6.343518 6.401963 6.458562 6.549331 6.660541 6.764234 6.908386 7.06376 7.148216 7.187375 7.231802 7.264034 7.272872 7.253028 7.225538 7.198258 7.202093 7.233385 7.259704 7.365197 7.491674 7.54676 7.599812 7.678487 7.756395 7.854873 8.064181 8.466846 8.863667 9.258477 9.660345 10.07044 10.3213 10.35125 10.34888 10.2708 10.08333 9.825727 9.547852 9.222086 8.783278 8.117375 7.093978 5.571918 3.925938 2.690571 2.255801 6.393892 5.814873
7.311715 7.32997 7.321377 7.269686 7.156343 7.007578 6.856061 6.749048 6.721001 6.661945 6.558591 6.423359 6.272297 6.21911 6.313499 6.378365 6.391356 6.477604 6.62743 6.811532 6.983784 7.051908 7.042867 7.019791 7.049164 7.082793 7.041465 6.938913 6.835813 6.855768 6.896244 6.880768 6.985651 7.219948 7.389304 7.520905 7.658103 7.795779 7.93348 8.177926 8.580301 8.980734 9.37693 9.761951 10.1518 10.37633 10.3773 10.3379 10.20887 9.977473 9.701913 9.414446 9.049682 8.466328 7.602849 6.40811 4.867139 3.479106 2.597863 2.361651 2.528566 3.940311
7.161353 7.174393 7.148284 7.091214 6.981861 6.83787 6.699944 6.645626 6.701574 6.691862 6.633244 6.5306 6.404097 6.341789 6.413216 6.457781 6.44656 6.498957 6.652728 6.842983 6.980875 7.021565 6.997953 6.951406 6.95713 6.988627 6.940058 6.825305 6.695807 6.687532 6.733951 6.722362 6.815528 7.094276 7.339114 7.54589 7.738566 7.925411 8.103659 8.388966 8.779686 9.170631 9.549372 9.90055 10.25053 10.42994 10.40314 10.32481 10.14363 9.873169 9.576079 9.239574 8.726096 7.889197 6.740327 5.355651 3.948532 2.930075 2.674419 2.730814 2.618763 2.729647
7.002756 7.012425 6.987428 6.939713 6.848774 6.747866 6.682258 6.701885 6.77187 6.78855 6.767429 6.703478 6.655964 6.637531 6.647243 6.668058 6.667833 6.704767 6.787722 6.913863 7.021852 7.063889 7.062471 7.043921 7.040649 7.036345 6.985289 6.899924 6.820398 6.811464 6.822944 6.832525 6.945136 7.17021 7.418001 7.648923 7.875049 8.108346 8.358196 8.679114 9.046612 9.405323 9.725139 10.02457 10.31463 10.44219 10.40636 10.31179 10.08832 9.788792 9.426034 8.928432 8.133182 6.931483 5.458711 4.021862 2.977597 2.963352 3.493232 3.857623 3.888146 2.906494
6.847621 6.834657 6.812133 6.809964 6.765059 6.705539 6.686492 6.764758 6.849608 6.883629 6.902959 6.921394 6.906698 6.892733 6.891438 6.907043 6.924138 6.926572 6.958973 7.028873 7.107267 7.14664 7.165266 7.186512 7.196489 7.164929 7.107469 7.053537 7.020413 7.002006 6.989695 7.017317 7.131896 7.3209 7.567701 7.812035 8.060921 8.333391 8.646206 8.972512 9.286802 9.608374 9.88891 10.15644 10.37818 10.43629 10.38329 10.25876 10.04879 9.718598 9.219219 8.431914 7.220253 5.644875 4.014567 2.888077 3.362257 4.772661 4.778589 4.609588 4.375292 4.140105
6.741439 6.711448 6.696762 6.754809 6.761396 6.725626 6.736942 6.840096 6.936917 7.00746 7.074618 7.112663 7.125034 7.131934 7.142463 7.143058 7.138825 7.131552 7.149592 7.186368 7.227489 7.252637 7.281679 7.318431 7.329934 7.297588 7.250256 7.22646 7.206131 7.172832 7.160136 7.204968 7.295072 7.486063 7.7488 8.009644 8.27607 8.58215 8.896036 9.199207 9.504123 9.788196 10.03769 10.26949 10.4214 10.42552 10.35497 10.20917 9.987094 9.64343 8.994314 7.854812 6.187558 4.333695 2.807917 4.898596 4.922532 4.876557 4.799796 4.701248 4.57411 4.479003
6.722855 6.720777 6.75222 6.820541 6.844522 6.851191 6.900377 6.981773 7.081476 7.174048 7.254272 7.320972 7.364838 7.391716 7.382417 7.363444 7.341762 7.324231 7.338419 7.355532 7.376463 7.39208 7.416987 7.443135 7.45266 7.440413 7.415591 7.399587 7.381104 7.358445 7.359985 7.402542 7.489072 7.683927 7.943893 8.20402 8.463995 8.766511 9.097507 9.405012 9.690613 9.948256 10.17883 10.35606 10.4333 10.41068 10.32431 10.17043 9.932024 9.534472 8.817074 7.418548 5.421484 3.114856 4.983335 4.838988 4.796281 4.750834 4.691144 4.643632 4.593187 4.570148
