py_wake/examples/data/AJ_ParqueFicticio/Ridge area   Sector 3   Height 200m   Turbulence intensity.grd
DSAA
90  129
 262878   265103
 6504214   6507414
 11.85211   100
[rows 56 to 83 of 129, columns 0 to 61 of 90]
24.86528 25.22582 25.78451 26.82534 28.57641 30.60601 32.5292 34.04331 35.02093 35.32924 34.81629 33.98205 33.93909 35.48523 37.91426 41.00404 44.16695 47.13526 49.46733 49.89775 47.65638 44.62194 41.65519 38.3255 35.48509 33.31562 31.46687 29.81421 28.29314 26.66842 24.96238 23.24593 21.74257 20.591 19.50239 18.33014 17.18727 16.1929 15.38868 14.67832 14.09871 13.66136 13.31765 13.01545 12.82522 12.72103 12.69547 12.74956 12.89236 13.10095 13.39132 13.73178 14.06982 14.39974 14.7078 14.94369 15.03417 15.022 14.92655 14.74539 14.51802 14.29376
24.78278 25.01501 25.47691 26.42791 27.86739 29.75348 31.47634 32.72013 33.45427 33.62174 33.15842 32.19202 31.71581 32.4697 34.18676 36.466 39.05001 41.45378 43.6608 44.3121 42.6203 40.25111 37.9781 35.30305 32.66092 30.39889 28.50871 26.84696 25.3948 23.81713 22.27779 20.86978 19.70166 18.70851 17.76168 16.90216 16.1371 15.48525 14.89186 14.31753 13.81507 13.4239 13.10536 12.86185 12.70967 12.60948 12.58114 12.62359 12.74493 12.91761 13.16227 13.44763 13.74041 14.03296 14.30939 14.54071 14.66995 14.69796 14.64363 14.51331 14.35548 14.21622
24.80152 24.93109 25.35343 26.26481 27.47973 29.04876 30.51507 31.72951 32.39613 32.43066 31.85387 30.98615 30.37566 30.62768 31.67126 33.06099 34.74055 36.43203 38.30111 38.89266 37.80585 36.22315 34.46284 32.29235 29.90333 27.82965 26.08885 24.59484 23.15199 21.72563 20.38751 19.1743 18.17714 17.33239 16.58958 15.92011 15.35594 14.86299 14.3913 13.95024 13.55715 13.21657 12.94988 12.76543 12.62201 12.52042 12.48805 12.52127 12.62146 12.76593 12.97062 13.20327 13.44215 13.6896 13.93852 14.16111 14.3175 14.39584 14.39933 14.34665 14.28444 14.24261
24.84632 24.8951 25.20308 25.9558 27.06422 28.45267 29.74511 30.80723 31.45052 31.58134 31.07404 30.25506 29.59597 29.55756 30.14345 30.94618 31.94018 33.11994 34.22803 34.62938 33.96059 33.00071 31.56908 29.67331 27.69139 25.84028 24.18151 22.80801 21.54749 20.28985 19.08385 18.0011 17.0991 16.39416 15.78962 15.25103 14.81117 14.40476 14.01859 13.67004 13.34803 13.06426 12.86353 12.70856 12.56141 12.45072 12.42391 12.45924 12.54128 12.66325 12.8335 13.01692 13.20061 13.40152 13.61978 13.83202 14.00714 14.13107 14.21649 14.26113 14.30393 14.34643
24.82779 24.80129 24.97878 25.5698 26.5822 27.80366 28.93803 29.86345 30.51327 30.81225 30.47283 29.76143 29.09435 28.85704 29.02708 29.30895 29.80651 30.53465 31.26575 31.66657 31.07017 30.25896 29.20869 27.59521 25.90774 24.37142 22.94502 21.66939 20.43992 19.27584 18.19323 17.18062 16.34423 15.74112 15.23334 14.79029 14.43343 14.09463 13.77635 13.49271 13.21226 12.9877 12.82596 12.67867 12.51476 12.41572 12.41107 12.45681 12.53066 12.62873 12.75736 12.89223 13.02156 13.17174 13.3601 13.56336 13.76277 13.93499 14.10094 14.24684 14.39322 14.5105
24.69324 24.64278 24.75765 25.2215 26.13676 27.19961 28.18659 29.04421 29.7176 30.11611 29.96555 29.46729 28.80467 28.31573 28.13465 28.17722 28.34713 28.68868 29.04912 29.16168 28.7618 28.1042 27.26693 25.95579 24.49255 23.16782 21.98134 20.83245 19.67286 18.60829 17.58901 16.64137 15.88496 15.34675 14.88767 14.51963 14.20777 13.90516 13.64149 13.39239 13.15091 12.97263 12.82699 12.67879 12.50634 12.4398 12.45345 12.50393 12.57133 12.64389 12.72637 12.80942 12.8967 13.00819 13.16919 13.36659 13.59115 13.80855 14.03741 14.2739 14.53099 14.734
24.51131 24.46125 24.50652 24.79655 25.56455 26.48302 27.4082 28.25053 28.94099 29.392 29.39757 29.05378 28.59875 28.19086 27.78596 27.61082 27.44398 27.38098 27.2833 27.08703 26.81574 26.18711 25.44451 24.38349 23.20747 22.06065 21.04655 20.0978 19.09307 18.07816 17.16928 16.31221 15.6534 15.12551 14.69983 14.37423 14.07805 13.81336 13.58605 13.36124 13.15562 13.00399 12.86573 12.71533 12.55406 12.5185 12.54182 12.58386 12.62895 12.67334 12.71648 12.75803 12.81885 12.90499 13.04425 13.23728 13.48268 13.7354 14.00075 14.30689 14.66753 14.9808
24.3661 24.23957 24.09663 24.32415 25.03015 25.8866 26.7564 27.56536 28.26801 28.80714 29.08709 29.09032 28.79448 28.27772 27.61458 27.09793 26.76344 26.43965 26.0945 25.59061 25.09554 24.57424 23.84953 22.98937 21.94917 21.08763 20.34501 19.51189 18.57099 17.69692 16.8453 16.08931 15.49947 14.99403 14.60347 14.30336 14.02862 13.79527 13.59288 13.39285 13.21459 13.07568 12.94131 12.79499 12.66193 12.63419 12.65051 12.67644 12.69613 12.71 12.72259 12.73375 12.77849 12.85325 12.98007 13.16469 13.4271 13.70531 13.9993 14.34398 14.79928 15.20538
24.40542 24.20896 24.00199 24.35354 25.11232 25.95917 26.7992 27.58923 28.28791 28.84979 29.20582 29.30519 29.09681 28.53139 27.70563 27.03629 26.68384 26.22787 25.52409 24.52286 23.94933 23.57018 22.98214 22.02728 21.08032 20.53395 19.93551 19.08856 18.24508 17.46081 16.64806 15.96573 15.40986 14.93278 14.56899 14.2836 14.03714 13.83749 13.66371 13.48861 13.32752 13.19635 13.06774 12.92906 12.8123 12.77482 12.76649 12.76935 12.76421 12.75114 12.73303 12.72634 12.76451 12.84266 12.96075 13.13743 13.42103 13.71834 14.03583 14.40179 14.89214 15.36073
24.71137 24.51143 24.30649 24.59925 25.32938 26.0977 26.89366 27.72758 28.53023 29.19683 29.70045 30.00775 29.99574 29.51212 28.65851 27.88006 27.2454 26.5649 25.68285 24.58015 23.85331 23.36078 22.70318 21.71828 20.93722 20.37878 19.76417 18.94499 18.18247 17.42497 16.65646 16.00219 15.46259 15.0144 14.65595 14.37044 14.1509 13.98502 13.82819 13.66031 13.5049 13.37576 13.24645 13.10938 12.98732 12.92396 12.87837 12.85222 12.82319 12.78972 12.7465 12.72515 12.76737 12.85669 12.97572 13.14544 13.4495 13.76097 14.09729 14.47621 14.97458 15.46017
25.1835 25.01546 24.93842 24.99879 25.66216 26.44604 27.27868 28.26471 29.32257 30.29076 31.0872 31.67382 31.84379 31.40713 30.44553 29.38973 28.61646 27.77221 26.8009 25.70651 24.77906 23.94997 23.12353 22.22275 21.391 20.6402 19.87918 19.08015 18.3346 17.60495 16.85103 16.19965 15.67578 15.24325 14.86906 14.57711 14.38581 14.24253 14.08026 13.90752 13.74909 13.59889 13.45356 13.31115 13.17335 13.06036 12.97596 12.9164 12.86724 12.81928 12.76279 12.7276 12.77854 12.88352 13.00955 13.17689 13.50022 13.82438 14.17944 14.57273 15.06922 15.56552
25.78031 25.67454 25.69126 25.85068 26.21538 26.9066 27.80525 29.03383 30.5411 31.98612 33.17704 34.06942 34.35788 33.84893 32.74125 31.31087 30.35133 29.5894 28.64316 27.41322 26.20815 25.27148 24.32281 23.27905 22.30611 21.48361 20.62971 19.71515 18.98036 18.20656 17.31818 16.60998 16.12245 15.70867 15.27859 14.94575 14.76356 14.61315 14.42029 14.20882 14.01206 13.83039 13.65609 13.49131 13.3281 13.17905 13.06158 12.96381 12.89135 12.83217 12.77182 12.73228 12.79097 12.91068 13.05706 13.22882 13.5758 13.91154 14.28483 14.69134 15.17592 15.65783
26.59568 26.52207 26.58931 26.90706 27.47054 28.11889 29.16914 30.88064 33.05864 35.07378 36.63317 37.64452 37.80058 36.98874 35.70232 34.22049 32.82532 31.9452 31.01019 29.70994 28.25391 27.13929 26.0966 24.92962 23.83455 22.9539 22.06938 21.18015 20.36616 19.44453 18.45248 17.58316 17.03176 16.59212 16.08281 15.64841 15.37208 15.15038 14.88269 14.57563 14.29161 14.06157 13.84598 13.63954 13.45106 13.27683 13.12575 12.99616 12.8925 12.8242 12.76543 12.73097 12.80086 12.93695 13.1069 13.30313 13.69678 14.05474 14.44654 14.85079 15.30744 15.75614
27.5519 27.6327 27.80206 28.40884 29.32885 30.44033 31.99902 34.24628 36.8605 39.29694 41.04096 42.07335 42.06501 41.22125 39.841 38.268 36.74613 35.52092 34.24236 32.9045 31.46221 29.96305 28.71467 27.52976 26.36788 25.23363 24.35215 23.69176 22.78278 21.70128 20.67766 19.67092 18.90104 18.33966 17.77265 17.16584 16.63275 16.15068 15.61802 15.08415 14.62479 14.29367 14.01722 13.76313 13.53892 13.34443 13.16131 12.99917 12.86785 12.78659 12.73616 12.71951 12.8096 12.96613 13.16166 13.39711 13.83019 14.20195 14.59821 14.99812 15.42761 15.82493
28.63966 28.7498 28.95271 29.81532 31.2819 33.04883 35.26269 37.86403 40.76319 43.5576 45.79587 47.36176 47.64133 46.80653 45.24043 43.52039 42.06401 40.69799 39.10417 37.46067 35.96752 34.27775 32.62042 31.25087 29.94301 28.83368 27.87555 27.31037 26.50695 25.70831 24.59036 23.46372 22.55053 21.88648 21.1216 20.31869 19.4575 18.43938 17.26124 15.99686 15.10638 14.55025 14.15711 13.8442 13.5738 13.35008 13.14461 12.96216 12.81739 12.72522 12.68913 12.70144 12.82054 13.00045 13.21978 13.50583 13.94048 14.31809 14.72072 15.11709 15.50959 15.86978
29.93246 30.05312 30.3132 31.30784 33.17857 35.47878 38.23055 41.56293 45.14098 48.34392 50.78748 52.80854 54.02708 53.43287 51.7227 49.8636 48.64915 47.27428 45.68409 44.00657 42.15665 40.21866 38.45492 36.82768 35.30112 34.08961 33.25098 32.69058 32.04179 31.32372 30.33099 29.27859 28.38655 27.58295 26.65352 25.64135 24.27346 22.84074 20.99631 18.12282 15.91159 14.86684 14.26857 13.87755 13.5747 13.30962 13.08726 12.87972 12.73015 12.64234 12.62503 12.68326 12.84228 13.05036 13.29391 13.62851 14.04423 14.42425 14.81178 15.20239 15.57787 15.91714
31.41038 31.80411 32.26549 33.49038 35.83121 38.65973 41.79906 45.28609 49.27955 53.41011 56.35552 58.76392 60.32939 60.17749 58.73634 57.32323 56.27167 55.15136 53.89882 52.50536 50.69981 48.44654 46.58073 45.04582 43.3126 41.77056 40.60986 39.97911 39.44582 38.99087 38.18632 37.07035 36.19744 35.4879 34.86788 33.54298 30.93068 28.62112 26.04936 21.37509 17.13638 15.23045 14.34511 13.87099 13.52966 13.23339 13.00091 12.78345 12.64149 12.5791 12.59541 12.69585 12.88102 13.10738 13.37546 13.74044 14.13135 14.53517 14.92991 15.30704 15.65734 15.97723
33.47015 34.16885 35.01746 36.65417 39.31767 42.32658 45.57397 49.12457 53.03076 56.91606 60.56807 64.19357 66.35544 67.05708 66.54502 65.48045 64.87646 63.99583 63.43612 62.6103 61.23329 59.60503 57.94574 56.6572 55.43425 54.02441 52.57633 51.56709 50.68868 50.06155 49.03412 47.96675 46.32784 45.02251 44.49104 42.60861 38.53413 34.26352 29.40337 23.58266 18.09906 15.47863 14.3538 13.8272 13.45592 13.14935 12.91762 12.70597 12.57851 12.54361 12.59024 12.71243 12.90601 13.14644 13.44794 13.82302 14.20837 14.63147 15.02725 15.41061 15.75959 16.07334
35.97876 36.94637 38.19745 40.24998 43.05085 46.20101 49.65004 53.27021 56.78845 60.3345 64.27502 68.24672 71.69345 73.42159 73.62877 74.01537 73.70862 73.32994 73.49015 72.87852 71.47321 71.63213 72.55539 72.57458 72.59534 72.73409 72.9304 72.29261 71.43475 69.72266 67.44028 65.61872 61.58612 57.19841 54.52312 50.55087 44.64325 37.68763 30.73677 24.06239 18.32559 15.50284 14.29464 13.76723 13.38342 13.08085 12.85863 12.66184 12.55186 12.53914 12.60606 12.74193 12.94348 13.20532 13.53494 13.90588 14.30562 14.72597 15.11489 15.49253 15.83941 16.15495
38.24495 39.61678 41.38991 43.68602 46.70523 50.2509 54.07238 57.28358 59.26881 61.72396 65.03191 69.20154 74.09367 77.07418 77.10835 78.0295 80.29917 80.73545 79.84848 78.46764 77.71574 80.09004 85.06992 90.71384 93.82626 95.88367 100 100 100 100 100 97.59017 88.45585 73.11305 62.8219 54.71301 46.02274 37.27906 29.78451 22.99746 17.73012 15.21659 14.17107 13.69849 13.31124 13.02424 12.81902 12.64841 12.56318 12.57124 12.65411 12.80385 13.02602 13.31865 13.6589 14.0215 14.43325 14.83382 15.20099 15.55477 15.89544 16.20285
40.07178 41.60589 43.6603 46.13564 49.23573 52.78569 56.38301 58.5882 59.04647 60.53392 62.81264 66.05834 70.19012 73.3285 73.73383 75.11288 78.29343 79.98727 79.07522 77.64035 78.46362 82.86295 90.4628 100 100 100 100 100 100 100 100 100 100 83.8083 65.76801 52.56668 41.57391 32.48856 25.8596 20.25332 16.43904 14.69157 13.9655 13.57519 13.20548 12.95965 12.78205 12.65216 12.60215 12.63351 12.73639 12.91277 13.1735 13.49646 13.83701 14.20085 14.60117 14.96175 15.28982 15.60973 15.93604 16.21575
41.69151 43.27062 45.26187 47.55228 50.20634 52.70588 54.65311 55.42065 55.58807 56.41423 57.72324 59.83701 61.61311 63.21038 64.70226 66.22365 68.80344 70.80794 72.03975 72.43758 73.93629 78.09686 84.83121 94.10303 100 100 100 100 100 100 100 100 100 80.37007 59.80941 45.26707 34.3747 26.30999 20.9282 17.18726 15.08767 14.15886 13.73023 13.39644 13.06085 12.87606 12.73947 12.66228 12.65657 12.71821 12.86293 13.08937 13.39059 13.72959 14.07821 14.4359 14.7918 15.10916 15.40337 15.68094 15.97289 16.19394
42.87593 44.64978 46.41621 47.784 49.37847 50.83682 51.70319 51.38475 51.18361 51.57383 52.00399 52.24028 53.00301 54.02199 55.17969 56.18764 57.51481 59.74702 61.82653 63.37589 65.04091 68.31132 72.9466 78.36688 85.27171 94.9678 100 100 100 100 100 100 88.19388 66.23581 47.99617 35.37517 26.72163 20.91024 17.25622 15.19088 14.22082 13.77083 13.46907 13.15874 12.88502 12.76776 12.68804 12.67054 12.71364 12.83176 13.04387 13.31337 13.63939 13.99853 14.35623 14.69487 15.00228 15.27695 15.53106 15.75871 15.99709 16.16581
42.71993 44.46889 45.81135 45.95357 46.58562 47.61171 48.02296 47.40895 47.00509 46.79857 46.43488 46.34745 46.47055 46.77275 47.0307 47.6462 48.45936 49.87875 51.35963 52.89409 54.71598 57.20378 59.90413 62.71553 66.84073 73.25627 80.36588 85.22791 88.4353 91.02197 89.55024 80.74183 67.56319 50.82768 36.2664 26.76139 20.87457 17.26051 15.19062 14.19407 13.73396 13.44672 13.16378 12.89298 12.70982 12.64879 12.63279 12.67285 12.76155 12.9621 13.23719 13.55791 13.92115 14.29245 14.64966 14.9688 15.24089 15.48564 15.69206 15.87132 16.06237 16.18874
40.91349 41.91298 42.39803 42.43594 42.90209 43.50881 43.6876 43.59599 43.22614 42.74622 42.23883 41.75089 41.2674 40.83956 40.6624 40.75481 41.20073 42.00668 42.71206 43.79018 44.99979 46.51268 48.09658 49.80861 52.21562 55.39151 58.7769 61.24428 63.10111 64.08375 62.37934 57.02149 48.77001 37.33888 27.39401 20.94353 17.23176 15.17916 14.13035 13.65594 13.38248 13.11743 12.84547 12.63974 12.54359 12.5331 12.57742 12.66897 12.80402 13.09586 13.41586 13.79816 14.20203 14.59688 14.96899 15.28516 15.53369 15.74491 15.91731 16.06096 16.20539 16.30734
38.66953 38.84262 38.93131 39.20749 39.59396 39.93943 40.20674 40.35023 40.11764 39.70196 38.881 37.73817 36.7876 36.26203 36.17357 36.1075 35.99947 36.13207 36.19948 36.32959 37.10004 37.73453 38.64108 39.62323 40.82007 42.10567 43.60277 44.69715 45.02002 44.52485 42.85189 39.35826 33.49234 26.78741 21.1261 17.29488 15.14945 14.07319 13.55542 13.28118 13.05028 12.778 12.54511 12.42248 12.3879 12.42922 12.52355 12.66198 12.85509 13.21243 13.57924 14.02616 14.47264 14.90619 15.29853 15.61262 15.84802 16.05151 16.21029 16.31917 16.42961 16.51052
36.7896 36.73997 36.74894 36.95921 37.23874 37.22034 37.08823 37.01899 36.98739 36.67553 35.87236 34.82339 33.80565 33.08829 32.81061 32.64771 32.61891 32.24743 31.40006 30.49695 30.65924 31.35075 32.24988 32.71977 32.78266 32.75719 33.06202 33.09989 32.49975 31.61771 30.05803 27.69919 24.22843 20.26814 17.17088 15.16749 14.04961 13.49368 13.17206 12.94975 12.71933 12.47616 12.30862 12.24865 12.25669 12.3433 12.47626 12.6551 12.92078 13.29956 13.713 14.2183 14.70212 15.17608 15.58731 15.92517 16.18009 16.39615 16.53635 16.60604 16.68364 16.73752
34.73171 34.55838 34.37527 34.35407 34.50695 34.5148 34.51385 34.84933 35.08771 34.72337 34.10667 33.46888 32.29801 31.27267 31.37741 31.6704 31.53993 30.70689 29.12665 27.45243 27.62417 28.20293 28.71118 28.61775 27.80583 26.83694 26.38366 25.75728 24.61173 23.60895 22.51174 20.99467 18.93395 16.73877 15.10249 14.0978 13.514 13.14704 12.86582 12.65001 12.43508 12.24308 12.13052 12.11445 12.16072 12.2805 12.44409 12.65715 12.99183 13.36888 13.81105 14.337 14.83124 15.32209 15.75474 16.12975 16.39614 16.61429 16.74456 16.81926 16.90911 16.94623
