py_wake/examples/data/AJ_ParqueFicticio/Ridge area   Sector 2   Height 30m   Weibull-A.grd
DSAA
90  129
 262878   265103
 6504214   6507414
 .8492776   5.677649
[rows 54 to 80 of 129, columns 0 to 61 of 90]
3.397931 3.325045 3.223403 3.093326 2.948157 2.766048 2.583384 2.422982 2.266376 2.143569 2.080898 2.049204 2.012198 1.915141 1.780915 1.675369 1.658064 1.72817 1.808364 1.894321 1.998865 2.093256 2.172876 2.234998 2.276232 2.277754 2.270436 2.305247 2.328851 2.372162 2.483073 2.615491 2.763366 2.932446 3.084577 3.239966 3.413721 3.591034 3.774399 3.959082 4.139164 4.314866 4.464711 4.596307 4.722805 4.7991 4.820318 4.806425 4.770669 4.718626 4.6573 4.584608 4.519734 4.477062 4.447918 4.457839 4.503214 4.573929 4.67908 4.806809 4.958144 5.111353
3.47683 3.432324 3.363909 3.264475 3.11002 2.938911 2.776893 2.629604 2.496864 2.39719 2.34712 2.344296 2.329038 2.240075 2.108089 1.986494 1.925789 1.918375 1.944522 1.99852 2.076048 2.162341 2.236878 2.302138 2.364617 2.403204 2.437807 2.476689 2.525997 2.603119 2.705282 2.844686 2.980655 3.100527 3.213526 3.342955 3.512486 3.682118 3.848455 4.018519 4.191769 4.363717 4.511579 4.647288 4.762746 4.824737 4.851758 4.848288 4.823245 4.777074 4.72118 4.661021 4.610911 4.585144 4.578281 4.599341 4.656374 4.736517 4.85086 4.981363 5.120509 5.251811
3.560772 3.544938 3.509926 3.426211 3.275658 3.121567 2.965398 2.829049 2.717823 2.639862 2.610653 2.619963 2.616805 2.544496 2.439077 2.320349 2.232059 2.172467 2.133561 2.126413 2.178338 2.250151 2.31386 2.392986 2.483668 2.560789 2.624979 2.684413 2.747452 2.836652 2.953413 3.089697 3.219101 3.320093 3.420247 3.540768 3.675321 3.815361 3.953069 4.108358 4.276378 4.436041 4.577062 4.708492 4.80252 4.856813 4.887239 4.887553 4.869589 4.840614 4.792443 4.742708 4.706356 4.691797 4.695681 4.725943 4.792592 4.881409 4.998548 5.128129 5.256236 5.372076
3.656951 3.655881 3.635216 3.565764 3.446921 3.298375 3.154962 3.042429 2.951848 2.886926 2.855568 2.8787 2.893734 2.852678 2.748982 2.620992 2.49529 2.401135 2.325346 2.295535 2.337627 2.402922 2.457455 2.528818 2.621853 2.719627 2.811283 2.892634 2.969249 3.074772 3.198895 3.330712 3.451304 3.559926 3.671178 3.780583 3.888927 3.992586 4.105045 4.241323 4.396747 4.541533 4.671282 4.781571 4.850447 4.900837 4.930365 4.933466 4.919646 4.904227 4.873266 4.836877 4.809602 4.803306 4.818391 4.855545 4.921183 5.009277 5.123102 5.248631 5.362763 5.453979
3.740741 3.75223 3.73774 3.674667 3.583539 3.465827 3.347361 3.237288 3.154943 3.107477 3.093775 3.108272 3.12084 3.091273 3.006068 2.900409 2.786904 2.687561 2.585226 2.542543 2.571283 2.621549 2.673831 2.747251 2.843887 2.943549 3.031019 3.107376 3.198445 3.306208 3.43336 3.567286 3.690969 3.804335 3.910939 4.016281 4.113791 4.20754 4.311911 4.428635 4.553873 4.67665 4.786554 4.861294 4.914533 4.959959 4.987143 4.990723 4.980402 4.968318 4.951339 4.93003 4.91472 4.920463 4.944476 4.987828 5.050294 5.129348 5.230923 5.33743 5.422972 5.482714
3.824603 3.846853 3.848593 3.807949 3.734073 3.633551 3.531576 3.437216 3.363032 3.314859 3.302332 3.314222 3.323588 3.296196 3.222993 3.134472 3.039995 2.943049 2.858458 2.816915 2.831821 2.860849 2.91294 2.993994 3.090296 3.185764 3.275781 3.355034 3.433452 3.527983 3.656133 3.797062 3.930879 4.044238 4.147763 4.24879 4.338442 4.42855 4.52545 4.624974 4.723369 4.82111 4.895031 4.945317 4.995821 5.041876 5.065679 5.065291 5.053334 5.037813 5.021795 5.013054 5.010983 5.024173 5.054686 5.100709 5.160069 5.22533 5.299772 5.37697 5.428836 5.455708
3.921333 3.953555 3.973036 3.955075 3.897119 3.814963 3.730191 3.652594 3.583082 3.525517 3.505344 3.512452 3.518411 3.493522 3.438802 3.37587 3.298783 3.211059 3.130688 3.078 3.095151 3.125708 3.166644 3.246764 3.340569 3.429409 3.516167 3.593658 3.674172 3.763689 3.871886 4.019613 4.161895 4.272408 4.371371 4.465521 4.544956 4.625027 4.708471 4.784631 4.864738 4.934212 4.979892 5.022531 5.079364 5.124962 5.135615 5.12897 5.117035 5.095404 5.078534 5.075419 5.086933 5.108303 5.140784 5.183802 5.231843 5.277697 5.318767 5.365448 5.384375 5.378126
4.038871 4.071945 4.096368 4.094801 4.050832 3.987882 3.922488 3.856767 3.790889 3.731319 3.703236 3.696182 3.701482 3.692602 3.658347 3.605005 3.540496 3.46757 3.400423 3.361703 3.369024 3.396013 3.431553 3.501683 3.590954 3.674162 3.749611 3.823253 3.904144 3.989644 4.102804 4.223362 4.356595 4.460145 4.555461 4.635449 4.704688 4.776835 4.841345 4.901517 4.964103 5.008428 5.039836 5.077617 5.133921 5.161994 5.154367 5.143882 5.138862 5.130553 5.119828 5.123051 5.141371 5.166142 5.194216 5.225368 5.253168 5.274457 5.282088 5.292631 5.28291 5.245979
4.163873 4.194387 4.225199 4.246037 4.22174 4.176903 4.120828 4.060067 3.997986 3.940445 3.906192 3.889793 3.873842 3.850869 3.829509 3.79221 3.753882 3.70967 3.673811 3.656048 3.654727 3.687219 3.723941 3.782261 3.855527 3.929744 3.991919 4.047621 4.114501 4.203588 4.304179 4.409831 4.50818 4.60709 4.692468 4.75932 4.822986 4.881621 4.930027 4.978431 5.023738 5.053193 5.079831 5.113758 5.156781 5.16263 5.146327 5.136239 5.137861 5.147703 5.15457 5.165334 5.181904 5.202615 5.22355 5.239497 5.244745 5.238967 5.220074 5.179339 5.132466 5.057938
4.272785 4.309662 4.35494 4.376892 4.356673 4.318328 4.271441 4.220148 4.164425 4.106676 4.054689 4.012293 3.985746 3.97544 3.978491 3.972939 3.950054 3.926414 3.909368 3.918064 3.940139 3.968035 4.009008 4.055816 4.121461 4.169313 4.203148 4.246382 4.304968 4.386628 4.476283 4.561372 4.634289 4.722257 4.793548 4.849151 4.902558 4.947754 4.984578 5.020362 5.051657 5.073666 5.096876 5.12698 5.155085 5.147984 5.13191 5.125018 5.132241 5.153093 5.179023 5.200439 5.214571 5.227719 5.240739 5.242479 5.228825 5.19683 5.152745 5.082985 4.974559 4.863361
4.335008 4.376674 4.421071 4.424598 4.396902 4.360683 4.321537 4.279663 4.233573 4.183531 4.134967 4.093227 4.064826 4.060831 4.078482 4.085922 4.064971 4.053729 4.069786 4.122428 4.152767 4.169159 4.200544 4.260783 4.317771 4.337549 4.358344 4.402073 4.458608 4.530467 4.607252 4.673089 4.733191 4.805806 4.862638 4.908309 4.948548 4.978079 5.000099 5.022561 5.045169 5.06156 5.078752 5.102481 5.125354 5.123521 5.113052 5.112347 5.125942 5.153035 5.191011 5.225446 5.238353 5.243191 5.247591 5.238807 5.208258 5.153507 5.088312 4.997453 4.866761 4.71887
4.340656 4.382161 4.423939 4.431038 4.407617 4.381189 4.350702 4.311952 4.264346 4.211978 4.157176 4.103024 4.06108 4.050366 4.069557 4.08642 4.091712 4.099941 4.129284 4.18592 4.225751 4.25243 4.293545 4.358514 4.403934 4.428976 4.454947 4.495585 4.558818 4.619551 4.678117 4.726602 4.782923 4.836329 4.878636 4.912961 4.936851 4.948246 4.95825 4.974597 4.993479 5.007912 5.023888 5.046594 5.072765 5.088924 5.093561 5.100935 5.121012 5.15287 5.195917 5.236773 5.249924 5.24564 5.240289 5.225255 5.179781 5.10965 5.031729 4.931165 4.793891 4.642269
4.308267 4.346052 4.376638 4.4006 4.382928 4.357077 4.326558 4.280775 4.218992 4.148221 4.074843 4.002632 3.948535 3.935058 3.964721 4.006668 4.025358 4.045585 4.076596 4.125057 4.176166 4.22796 4.282299 4.340989 4.394233 4.439817 4.481884 4.542301 4.602005 4.648376 4.690815 4.734931 4.782159 4.817476 4.84717 4.867632 4.87064 4.864223 4.867144 4.879868 4.896598 4.921325 4.947222 4.974211 5.00699 5.049916 5.077795 5.094007 5.119184 5.15404 5.198431 5.240321 5.249276 5.237327 5.225485 5.208339 5.151073 5.072996 4.98634 4.879977 4.742082 4.590376
4.257219 4.280089 4.302677 4.320864 4.326396 4.307958 4.273722 4.213089 4.122964 4.021313 3.923141 3.833358 3.774169 3.768155 3.810416 3.884539 3.919692 3.931448 3.953621 4.003352 4.065156 4.117108 4.175426 4.242682 4.306038 4.357186 4.429775 4.509648 4.558385 4.598 4.649169 4.701406 4.728386 4.743853 4.764019 4.773591 4.758554 4.739203 4.736564 4.752076 4.779681 4.817415 4.861381 4.902755 4.950364 5.007626 5.05881 5.091538 5.122289 5.160122 5.204762 5.245586 5.250139 5.233248 5.216846 5.198507 5.130804 5.046907 4.9504 4.836245 4.697001 4.548121
4.219416 4.230115 4.227319 4.200908 4.190212 4.173972 4.128673 4.036809 3.90749 3.777187 3.665447 3.578206 3.534134 3.552501 3.607693 3.685892 3.755739 3.777434 3.793291 3.837561 3.904513 3.956125 4.009271 4.075782 4.139355 4.216065 4.297486 4.362039 4.406407 4.461418 4.524573 4.574215 4.591125 4.594103 4.605992 4.610137 4.594242 4.573024 4.570005 4.595257 4.644414 4.699456 4.76539 4.834927 4.897429 4.964715 5.035261 5.091123 5.131787 5.172312 5.217237 5.256125 5.255532 5.232182 5.208972 5.183079 5.094689 4.998434 4.889804 4.772113 4.636335 4.4951
4.154417 4.14869 4.133788 4.082406 3.999771 3.920464 3.839247 3.724157 3.593671 3.472949 3.372698 3.300144 3.271925 3.288551 3.342763 3.420381 3.498818 3.546283 3.584008 3.61965 3.668072 3.729068 3.778448 3.827547 3.908529 4.002085 4.069594 4.109496 4.172014 4.238377 4.289689 4.332603 4.349246 4.343307 4.335418 4.333102 4.329777 4.329919 4.353501 4.402918 4.480584 4.564014 4.65539 4.759982 4.846861 4.92548 5.009699 5.092482 5.148539 5.192856 5.236306 5.269674 5.258915 5.222556 5.184319 5.135804 5.01831 4.907559 4.790555 4.673262 4.547228 4.425529
4.052152 4.030892 3.997724 3.916606 3.790925 3.643567 3.520581 3.393514 3.267598 3.155946 3.071745 3.013117 2.98099 2.992038 3.046708 3.121614 3.189473 3.242503 3.297384 3.346316 3.381884 3.434437 3.489604 3.552325 3.628468 3.692755 3.752736 3.793592 3.848258 3.890854 3.939194 3.974437 3.986064 3.972458 3.960953 3.949553 3.947354 3.974002 4.042503 4.167178 4.29128 4.412335 4.542093 4.67999 4.809471 4.903278 4.998104 5.094738 5.170191 5.220437 5.260311 5.284565 5.260082 5.207779 5.151368 5.07407 4.939371 4.817989 4.69369 4.573781 4.458146 4.351557
3.915427 3.880803 3.832771 3.734609 3.575513 3.384928 3.216726 3.074499 2.943087 2.835171 2.767958 2.714048 2.676324 2.70074 2.75888 2.829833 2.877947 2.927195 2.977659 3.022928 3.068466 3.116237 3.176232 3.228097 3.278807 3.317479 3.350118 3.376671 3.415807 3.457002 3.50432 3.542201 3.558458 3.56003 3.560149 3.556544 3.570793 3.587769 3.650616 3.861328 4.104167 4.274926 4.438613 4.607483 4.774318 4.895157 4.999722 5.106593 5.196718 5.25228 5.283237 5.285306 5.241678 5.17565 5.103401 5.000087 4.862707 4.735551 4.608768 4.488779 4.377665 4.278658
3.749342 3.688026 3.620898 3.501386 3.305276 3.077618 2.90023 2.749976 2.621183 2.530008 2.470693 2.429103 2.401007 2.416926 2.474502 2.53251 2.576328 2.617989 2.656143 2.688034 2.736261 2.801124 2.841196 2.853818 2.867187 2.876869 2.885755 2.890213 2.914545 2.94882 3.003396 3.06928 3.113676 3.140055 3.149282 3.181872 3.266432 3.318755 3.376304 3.609502 3.950558 4.188226 4.380104 4.569734 4.758092 4.905888 5.012832 5.117628 5.200337 5.244863 5.254495 5.234792 5.184409 5.119147 5.038186 4.921472 4.791462 4.658753 4.529784 4.409204 4.298821 4.201123
3.516294 3.432693 3.336868 3.187571 2.977151 2.766507 2.605502 2.457202 2.333328 2.253433 2.216662 2.197863 2.173423 2.174692 2.202846 2.248766 2.280005 2.318052 2.344339 2.375502 2.414808 2.442375 2.453651 2.438178 2.403951 2.36856 2.342933 2.321953 2.331299 2.363544 2.433857 2.515465 2.626416 2.723181 2.776375 2.869321 3.027177 3.162118 3.311061 3.553707 3.914497 4.183144 4.3907 4.585282 4.779463 4.935354 5.035173 5.127501 5.191354 5.21533 5.208725 5.182411 5.134347 5.069003 4.976018 4.852907 4.725967 4.587679 4.457305 4.33457 4.224741 4.126374
3.237978 3.141918 3.024885 2.856151 2.653122 2.477577 2.323889 2.181318 2.076099 2.008044 1.961159 1.943799 1.946533 1.969859 1.995948 2.004807 2.030593 2.057629 2.069462 2.101643 2.143239 2.128871 2.076949 2.050837 2.004865 1.928962 1.827185 1.732494 1.655669 1.655702 1.734298 1.827234 2.01091 2.233135 2.403265 2.585839 2.817252 3.0646 3.313144 3.597564 3.95593 4.229111 4.445818 4.640289 4.829971 4.977324 5.065718 5.143353 5.188394 5.195827 5.181613 5.151719 5.100955 5.02267 4.91288 4.787922 4.654684 4.514421 4.383879 4.261673 4.152391 4.053497
2.995291 2.875057 2.730575 2.561376 2.362346 2.203895 2.047816 1.935754 1.903778 1.876469 1.844049 1.812503 1.777061 1.783986 1.847386 1.875325 1.862532 1.879063 1.918075 1.9635 1.999364 1.970605 1.889842 1.802043 1.749507 1.687406 1.558812 1.380198 1.214857 1.163662 1.167621 1.180494 1.330213 1.647257 2.010465 2.347302 2.706378 3.059997 3.368188 3.69207 4.046528 4.310264 4.520141 4.707284 4.889992 5.024168 5.102029 5.16501 5.191872 5.186108 5.164875 5.128184 5.061995 4.958488 4.836298 4.710947 4.569581 4.429123 4.302111 4.18611 4.079439 3.982909
2.79912 2.677186 2.525327 2.355904 2.182858 2.03809 1.903228 1.838524 1.866271 1.863521 1.84843 1.824517 1.793805 1.793698 1.856596 1.881449 1.857561 1.858963 1.907333 1.962128 1.975485 1.929188 1.840631 1.735412 1.660113 1.591336 1.453563 1.255888 1.049655 .9490627 .9324034 .9237602 1.033376 1.364025 1.77304 2.283705 2.770402 3.205764 3.545513 3.881898 4.196881 4.430822 4.623754 4.796775 4.96651 5.078238 5.143307 5.187874 5.195158 5.177795 5.145003 5.084365 4.984123 4.858107 4.729971 4.598718 4.456455 4.325318 4.209806 4.103702 4.001903 3.914014
2.611074 2.494434 2.359226 2.214044 2.087562 2.007569 1.959157 1.963274 1.998369 2.003789 1.997936 1.979476 2.002353 2.029761 2.045846 2.055171 2.034506 2.025069 2.027628 2.043588 2.040442 1.998323 1.928564 1.844248 1.759416 1.666685 1.52712 1.340797 1.146666 1.021551 .9590127 .944308 1.066372 1.367359 1.833726 2.423423 2.980517 3.462317 3.829563 4.139843 4.386384 4.583067 4.750364 4.903619 5.051597 5.133533 5.184439 5.207396 5.196989 5.165801 5.096229 4.987116 4.856067 4.720447 4.585523 4.452423 4.323221 4.207109 4.102038 4.007568 3.925948 3.861669
2.449852 2.317867 2.202435 2.12965 2.079967 2.06536 2.081779 2.159278 2.21768 2.2295 2.243707 2.292011 2.321793 2.339171 2.337761 2.339334 2.331086 2.290278 2.253547 2.230121 2.208735 2.165228 2.112533 2.066294 2.006967 1.899658 1.75579 1.593051 1.427634 1.276146 1.16872 1.148999 1.287415 1.621561 2.188061 2.785958 3.336831 3.787344 4.126209 4.375381 4.567004 4.735992 4.883821 5.023585 5.140062 5.189804 5.221057 5.219811 5.193369 5.130114 5.004763 4.857934 4.711536 4.566773 4.427758 4.299412 4.187063 4.087101 3.995749 3.919664 3.863482 3.821404
2.404181 2.262485 2.169304 2.191077 2.212672 2.227684 2.286234 2.411032 2.493807 2.542615 2.596065 2.635351 2.663186 2.684175 2.694145 2.679427 2.645871 2.596751 2.55336 2.513509 2.46912 2.415339 2.375073 2.350604 2.302419 2.199331 2.067409 1.937482 1.785787 1.616527 1.505765 1.58039 1.762276 2.155289 2.71817 3.27381 3.744301 4.108336 4.375597 4.567975 4.731334 4.877966 5.013633 5.137486 5.215585 5.241773 5.249762 5.226989 5.183987 5.068841 4.909661 4.740831 4.57379 4.420208 4.280735 4.158993 4.057021 3.968048 3.893078 3.830349 3.791902 3.769229
2.546027 2.451113 2.425057 2.473596 2.509562 2.561018 2.655961 2.759284 2.851693 2.92342 2.975689 3.016675 3.052132 3.0791 3.066536 3.034853 2.987767 2.931569 2.889943 2.842453 2.797217 2.75048 2.718194 2.688381 2.644871 2.57344 2.475208 2.364952 2.237112 2.157779 2.145449 2.228003 2.406327 2.78398 3.277096 3.736314 4.098544 4.369453 4.575453 4.739556 4.885862 5.017715 5.14275 5.235393 5.275431 5.284633 5.270027 5.231156 5.166324 5.010788 4.838012 4.652205 4.467192 4.298276 4.147868 4.023213 3.927228 3.849311 3.785165 3.732518 3.695884 3.682384
