py_wake/examples/data/AJ_ParqueFicticio/Ridge area   Sector 10   Height 30m   Weibull-A.grd
DSAA
90  129
 262878   265103
 6504214   6507414
 .3239926   12.37747
[rows 27 to 53 of 129, columns 0 to 61 of 90]
6.585083 6.62698 6.710251 6.795917 6.879686 6.967294 7.048635 7.11895 7.184254 7.231011 7.244157 7.232554 7.216333 7.209605 7.226198 7.262776 7.313701 7.371471 7.420349 7.469812 7.575861 7.69289 7.805011 7.924499 8.032474 8.16052 8.319469 8.524407 8.765822 8.986732 9.206497 9.417453 9.64244 9.882696 10.08776 10.31599 10.56788 10.82812 11.12465 11.38066 11.53795 11.6573 11.69495 11.63027 11.47093 11.23317 10.95781 10.64158 10.1108 8.9131 6.864177 4.524924 3.465471 2.513027 1.671909 1.229159 1.151003 1.723976 1.837254 1.993372 2.124209 2.207632
6.52982 6.578318 6.664192 6.752517 6.848971 6.957612 7.062223 7.16437 7.259724 7.324454 7.345182 7.335062 7.307966 7.281529 7.267781 7.276675 7.307655 7.351309 7.395651 7.445105 7.536876 7.632862 7.723999 7.834821 7.929482 8.03916 8.191838 8.38374 8.614245 8.843194 9.056433 9.262094 9.488016 9.73064 9.951354 10.1819 10.44011 10.70256 11.0093 11.28828 11.48515 11.64677 11.7097 11.63545 11.43463 11.14787 10.84478 10.49282 9.723514 8.119196 5.699288 3.155126 2.912798 1.945459 1.283215 1.034753 1.102276 1.026683 1.807743 1.975844 2.115384 2.211166
6.480813 6.536102 6.619897 6.70356 6.804987 6.92648 7.049083 7.179211 7.308756 7.40364 7.431393 7.408876 7.377177 7.34966 7.326393 7.317997 7.32878 7.356789 7.388199 7.434217 7.515453 7.589568 7.658075 7.754807 7.839375 7.924735 8.074042 8.267559 8.493933 8.718616 8.923708 9.122001 9.332851 9.574193 9.80986 10.03776 10.29429 10.56105 10.8733 11.17518 11.4151 11.61234 11.71319 11.64186 11.41223 11.08105 10.74553 10.32337 9.239857 7.208982 4.520183 2.555146 2.030278 1.665664 1.213874 1.300464 1.065425 1.024996 1.686599 1.828758 1.952761 1.784377
6.433113 6.493691 6.574319 6.653903 6.7581 6.881711 7.009812 7.153591 7.308567 7.435122 7.468189 7.448755 7.419837 7.400272 7.386301 7.374629 7.374169 7.387234 7.405471 7.44562 7.52374 7.577403 7.628415 7.718678 7.793501 7.857488 7.998417 8.191086 8.395329 8.598028 8.791248 8.96876 9.146529 9.382862 9.634067 9.869321 10.12269 10.39886 10.71878 11.04104 11.31494 11.55527 11.70242 11.64258 11.40773 11.05317 10.67954 10.16095 8.723054 6.249247 3.461908 3.147211 2.34998 1.656782 1.202234 1.246938 1.076008 1.040491 1.567157 1.668766 1.556665 1.345933
6.37286 6.433472 6.51066 6.583833 6.689021 6.816188 6.948559 7.092409 7.247368 7.378603 7.427522 7.437337 7.433876 7.427077 7.421687 7.415924 7.411404 7.422216 7.453754 7.508072 7.571925 7.622908 7.681131 7.768842 7.842188 7.919276 8.056144 8.230995 8.396091 8.560976 8.728091 8.888929 9.055074 9.25996 9.483143 9.708079 9.947524 10.22021 10.54386 10.88494 11.20072 11.48763 11.66291 11.62166 11.39876 11.04521 10.64631 10.05608 8.396531 5.663281 2.857509 5.54459 2.820806 1.694153 1.535803 1.239728 1.122716 1.100016 1.479475 1.552347 1.107987 .9380329
6.315321 6.373729 6.447143 6.515858 6.61972 6.745475 6.87518 7.010863 7.153144 7.277659 7.344349 7.382303 7.408561 7.42373 7.428543 7.423973 7.419545 7.451634 7.51811 7.582544 7.640406 7.704731 7.77771 7.861681 7.946305 8.050591 8.184703 8.339423 8.473908 8.600094 8.738623 8.883255 9.040126 9.203757 9.383409 9.5824 9.803308 10.06571 10.38543 10.73638 11.08885 11.41551 11.60374 11.58679 11.38464 11.03732 10.63754 10.04692 8.38753 5.545525 2.642869 5.258072 3.63501 1.696985 1.566814 1.257254 1.177678 1.173188 1.142288 1.29535 .6167867 .5707226
6.259181 6.31529 6.384418 6.447958 6.551493 6.675611 6.801809 6.926599 7.051134 7.166854 7.252917 7.31828 7.369865 7.401566 7.411101 7.404395 7.404494 7.470483 7.571815 7.651476 7.719132 7.79075 7.871553 7.962509 8.054475 8.165522 8.321318 8.476261 8.601436 8.712808 8.82238 8.93031 9.064326 9.194847 9.335471 9.509022 9.707674 9.950917 10.25306 10.6008 10.98444 11.34385 11.5402 11.54986 11.37906 11.04261 10.64371 10.12217 8.616659 5.842644 2.863069 5.095956 1.769632 1.468892 1.402965 1.255455 1.185559 1.181451 1.237741 .6204842 .3673747 .5476619
6.2058 6.260551 6.324929 6.382784 6.49017 6.614518 6.737576 6.859409 6.973618 7.080207 7.179511 7.267299 7.339194 7.381465 7.389733 7.376605 7.394464 7.48776 7.60195 7.702526 7.781209 7.858764 7.951917 8.049277 8.146142 8.270947 8.437295 8.630338 8.785296 8.900292 8.989835 9.080439 9.183442 9.278503 9.398391 9.546883 9.704576 9.923889 10.19221 10.51695 10.91343 11.28322 11.4838 11.52152 11.38911 11.07778 10.67649 10.23313 9.092298 6.693788 3.656638 1.928082 2.134048 1.570404 1.27322 1.143531 1.002095 .8301336 .5062883 .3239926 .3479488 .5664226
6.176868 6.224444 6.273007 6.317414 6.432665 6.561475 6.688616 6.813111 6.927948 7.037099 7.143888 7.242093 7.32759 7.37596 7.386284 7.380694 7.419518 7.514416 7.622838 7.721009 7.810131 7.905244 8.007225 8.116533 8.234692 8.381907 8.562986 8.785343 9.00278 9.131761 9.231441 9.32225 9.403461 9.480938 9.586723 9.69585 9.825063 10.0075 10.23381 10.51686 10.89024 11.2435 11.44353 11.51065 11.42033 11.15042 10.76416 10.34985 9.567908 7.744922 5.039292 2.596925 2.910921 2.051077 1.535286 1.169589 .9139048 .6840535 .5036443 .4066789 .4358882 .653978
6.182065 6.203819 6.225823 6.24853 6.373453 6.508433 6.64193 6.769903 6.889969 7.007605 7.119222 7.227661 7.329573 7.385746 7.406538 7.427116 7.472023 7.550378 7.645701 7.734275 7.828463 7.932261 8.038785 8.170753 8.317419 8.485749 8.69208 8.939601 9.192479 9.37841 9.489876 9.579908 9.658033 9.734961 9.823506 9.915061 10.01705 10.15879 10.33722 10.58146 10.90932 11.22812 11.42706 11.51558 11.47533 11.25346 10.89257 10.46581 9.934901 8.74929 6.681878 4.196699 3.100884 2.850912 2.062857 1.513456 1.11744 .8477967 .6550697 .5466007 .6123649 .7940255
6.220461 6.199054 6.18552 6.184822 6.315245 6.452899 6.589016 6.71744 6.842898 6.971788 7.091943 7.220147 7.340952 7.410889 7.451121 7.487626 7.533056 7.600568 7.677034 7.756027 7.859529 7.959223 8.072868 8.21817 8.387108 8.579287 8.802789 9.069905 9.355634 9.568681 9.725174 9.829035 9.914577 9.996774 10.07062 10.15033 10.23491 10.33534 10.46191 10.66321 10.95498 11.24656 11.44839 11.54657 11.54709 11.37837 11.04213 10.62195 10.19194 9.450341 7.999979 5.91857 3.876952 3.795633 2.751869 1.983582 1.436225 1.071447 .8337958 .7465258 .8161068 2.057302
6.299799 6.202876 6.142918 6.132019 6.26675 6.397044 6.528099 6.65382 6.778578 6.916292 7.051323 7.210255 7.352937 7.449668 7.500307 7.542859 7.601284 7.67633 7.741377 7.820233 7.918656 8.016278 8.127692 8.275571 8.450713 8.656986 8.894719 9.169083 9.463895 9.706397 9.890601 10.04583 10.15398 10.23666 10.31019 10.3803 10.44449 10.5115 10.61029 10.78644 11.04431 11.31517 11.51591 11.61487 11.63203 11.49772 11.19753 10.80357 10.4014 9.879086 8.910137 7.258494 5.179138 3.622144 3.376778 2.44113 1.761049 1.298544 1.036183 .9757311 2.001836 2.02382
6.404328 6.243484 6.130732 6.110387 6.20787 6.326051 6.460253 6.586389 6.715119 6.855814 7.004396 7.18436 7.34732 7.465582 7.542049 7.605908 7.685297 7.766854 7.855612 7.935732 8.014013 8.095531 8.200336 8.353487 8.525468 8.731936 8.972358 9.242102 9.536931 9.801546 10.0125 10.19175 10.34782 10.44782 10.53002 10.59691 10.65539 10.71076 10.79194 10.94749 11.17624 11.42375 11.60643 11.70074 11.71982 11.6031 11.33596 10.98717 10.61413 10.16994 9.506645 8.251124 6.273587 4.301187 3.393492 2.719724 1.964691 1.493453 1.239069 1.162264 1.971284 1.983715
6.535382 6.331773 6.175227 6.127264 6.163968 6.245858 6.367566 6.496698 6.634262 6.784682 6.95241 7.151794 7.330296 7.463078 7.570977 7.679166 7.770399 7.870119 7.982518 8.062571 8.123787 8.184288 8.283582 8.436722 8.609167 8.815462 9.043474 9.304047 9.600338 9.874983 10.10362 10.30497 10.48135 10.60222 10.71471 10.79711 10.85081 10.89883 10.97424 11.11317 11.31553 11.53818 11.70412 11.7931 11.81645 11.71764 11.48113 11.15432 10.79669 10.39561 9.883229 9.003164 7.221219 4.990573 3.493917 2.859293 2.070491 1.592658 1.388878 1.318964 1.940071 1.573688
6.704535 6.467284 6.268766 6.154589 6.127824 6.16981 6.273398 6.388066 6.531106 6.696799 6.887626 7.10516 7.294447 7.452567 7.5935 7.727663 7.849837 7.964681 8.090201 8.175428 8.22361 8.280049 8.37229 8.521366 8.685637 8.887391 9.102374 9.358802 9.645409 9.931589 10.16 10.37995 10.56325 10.68832 10.80943 10.94398 11.02727 11.06608 11.13277 11.25804 11.44299 11.66236 11.82315 11.89884 11.91577 11.8308 11.62361 11.30794 10.95449 10.58499 10.13267 9.42849 7.981181 5.728539 3.826452 2.750704 2.035282 1.618004 1.485623 1.494329 1.330619 1.484829
6.901765 6.630669 6.375138 6.177818 6.092135 6.102278 6.188479 6.285889 6.420884 6.583433 6.796037 7.035138 7.242059 7.425131 7.587388 7.74151 7.885075 8.02552 8.157997 8.255406 8.325834 8.377501 8.45725 8.585688 8.739012 8.921873 9.120964 9.365394 9.65511 9.944028 10.16671 10.40092 10.57271 10.71179 10.85737 11.00525 11.10606 11.17529 11.25106 11.37713 11.56656 11.76948 11.91707 11.98715 12.00551 11.92748 11.73285 11.44812 11.10065 10.72959 10.29003 9.632713 8.449739 6.397347 4.250541 2.702627 1.849557 1.574034 1.550515 1.57539 1.564255 1.745875
7.09032 6.789825 6.489176 6.229663 6.068382 6.043572 6.10274 6.172569 6.299977 6.459701 6.676143 6.925899 7.157189 7.37359 7.555185 7.722085 7.874208 8.032246 8.193052 8.325871 8.409377 8.463369 8.535943 8.638054 8.76819 8.927131 9.100715 9.331758 9.627133 9.905577 10.12679 10.35976 10.52631 10.6877 10.85644 11.00119 11.1152 11.21826 11.3427 11.48585 11.6599 11.84424 11.99881 12.07671 12.09683 12.01882 11.82465 11.54636 11.2163 10.83599 10.39773 9.759563 8.676428 6.823737 4.641046 2.870556 1.93005 1.705508 1.757895 1.852025 1.957462 2.224441
7.30586 6.979944 6.63921 6.334728 6.111995 6.005458 5.994771 6.022917 6.144518 6.310459 6.528123 6.778141 7.022707 7.260449 7.48155 7.6831 7.849215 8.006255 8.183257 8.350959 8.454234 8.529501 8.604654 8.682427 8.793612 8.924947 9.065554 9.280412 9.579724 9.851144 10.06062 10.28255 10.45035 10.62732 10.80947 10.95581 11.08705 11.23084 11.38793 11.55222 11.72246 11.90926 12.0795 12.16698 12.18963 12.11095 11.91034 11.62622 11.30082 10.92231 10.479 9.870747 8.819382 7.11341 4.985871 3.136026 2.190829 2.041881 2.227194 2.422394 2.549652 2.866324
7.550281 7.219707 6.85996 6.519986 6.22399 5.98433 5.864451 5.839246 5.949581 6.118 6.340584 6.598276 6.849379 7.104093 7.349996 7.578716 7.750813 7.918386 8.121594 8.323751 8.442709 8.540341 8.632694 8.695813 8.784501 8.895607 9.011858 9.203383 9.498576 9.769852 9.96067 10.16942 10.34455 10.53018 10.72354 10.87647 11.02096 11.19752 11.38536 11.55969 11.75717 11.96163 12.1566 12.25468 12.27239 12.1951 11.99747 11.70321 11.36331 10.99123 10.54157 9.950114 8.917594 7.263655 5.185692 3.33683 2.515917 2.695485 3.008877 2.937517 3.096869 3.428041
7.795544 7.458011 7.071568 6.681509 6.29323 5.92253 5.670672 5.583714 5.689431 5.8621 6.076571 6.331048 6.580292 6.839565 7.110515 7.36702 7.560682 7.740974 7.950712 8.157603 8.311832 8.437766 8.541957 8.608479 8.686333 8.794101 8.910069 9.074234 9.338318 9.614196 9.811287 10.01393 10.20583 10.39552 10.5967 10.76509 10.9187 11.11655 11.32946 11.52162 11.73973 11.98141 12.19771 12.30682 12.32693 12.25106 12.06898 11.78494 11.42572 11.04021 10.58654 9.981993 8.942814 7.245728 5.194787 3.432194 2.96163 3.440788 3.139986 3.133842 3.37871 3.752679
8.01975 7.695833 7.298585 6.855278 6.366987 5.868168 5.465717 5.273067 5.348587 5.508345 5.711774 5.960172 6.195966 6.478361 6.766202 7.032895 7.260331 7.467391 7.696038 7.916757 8.089705 8.229515 8.337903 8.406166 8.485036 8.599762 8.72508 8.877086 9.107215 9.388561 9.61824 9.822974 10.03602 10.23514 10.4346 10.62097 10.79142 11.00266 11.24179 11.4588 11.69685 11.96343 12.19783 12.32351 12.3625 12.29118 12.1154 11.85624 11.49713 11.08686 10.6218 9.98476 8.889465 7.12282 5.081182 3.494717 3.204704 3.336664 3.084011 3.179333 3.535858 4.014429
8.224404 7.927632 7.567887 7.126017 6.574374 5.952419 5.39209 5.028872 4.938838 5.028274 5.219005 5.482198 5.702688 5.98787 6.319973 6.627306 6.882656 7.12933 7.393168 7.639341 7.832705 7.986204 8.105252 8.179443 8.240697 8.351966 8.490885 8.646554 8.843814 9.092557 9.345181 9.587775 9.827732 10.05752 10.25692 10.45333 10.64642 10.86817 11.1318 11.38373 11.63964 11.92186 12.17389 12.3166 12.37747 12.32114 12.14676 11.89647 11.56049 11.12879 10.64685 9.975566 8.788616 6.910976 4.852074 3.456135 3.07958 3.076051 3.002497 3.175482 3.633161 4.230927
8.425479 8.144862 7.820704 7.412393 6.894043 6.230422 5.506869 4.882509 4.501082 4.43121 4.598121 4.875167 5.085371 5.368416 5.772948 6.119448 6.443126 6.729047 7.0218 7.307719 7.541662 7.712666 7.84711 7.943751 8.006256 8.089006 8.229177 8.388122 8.569763 8.796579 9.043221 9.29577 9.547356 9.801994 10.03128 10.24684 10.47403 10.71546 10.99995 11.28912 11.54991 11.85065 12.12425 12.28721 12.37279 12.33943 12.16943 11.90278 11.58092 11.14909 10.6504 9.946016 8.665749 6.674847 4.564948 3.308478 2.876703 2.802153 2.861304 3.100617 3.682605 4.425451
8.616837 8.350914 8.028723 7.656979 7.225045 6.586889 5.704515 4.752525 4.078877 3.83636 3.978704 4.249934 4.470687 4.755495 5.17737 5.529816 5.919386 6.24809 6.555509 6.881348 7.173628 7.392184 7.556248 7.701418 7.787624 7.856031 7.983232 8.138509 8.312926 8.518939 8.735188 8.980586 9.245078 9.514471 9.753206 9.967732 10.21037 10.49064 10.80212 11.13008 11.41439 11.73985 12.03995 12.23177 12.34705 12.34288 12.17834 11.88831 11.545 11.12851 10.62214 9.890842 8.528546 6.465679 4.34604 3.119074 2.680557 2.568208 2.665008 3.068439 3.810183 4.705643
8.796538 8.55682 8.246238 7.893115 7.454659 6.938391 6.177878 5.018397 4.010323 3.515866 3.521776 3.807192 4.121679 4.337429 4.594696 4.871065 5.246748 5.651485 5.975807 6.323791 6.684233 6.983014 7.216976 7.412548 7.551004 7.645332 7.751909 7.913108 8.050599 8.214684 8.424893 8.656306 8.932247 9.205913 9.433149 9.636343 9.900749 10.20521 10.53914 10.90215 11.2271 11.58158 11.91429 12.14354 12.30023 12.33207 12.17112 11.85377 11.48339 11.0729 10.57557 9.811505 8.373672 6.27752 4.24131 3.001253 2.539603 2.443717 2.620704 3.112198 3.914447 4.854886
8.960484 8.745482 8.459442 8.123056 7.696891 7.1685 6.551613 5.56273 4.271327 3.424773 3.27116 3.675758 4.090199 4.220742 4.203514 4.210809 4.463745 4.929811 5.290696 5.640862 6.072167 6.47727 6.806848 7.083276 7.283985 7.402218 7.505793 7.655831 7.769602 7.89539 8.101645 8.317308 8.594264 8.876361 9.104948 9.311867 9.583807 9.894907 10.23888 10.62367 10.99713 11.38589 11.75052 12.02313 12.23347 12.30606 12.15441 11.81863 11.42664 11.00741 10.5248 9.73708 8.261703 6.14575 4.180493 3.048819 2.567519 2.464671 2.631656 3.138808 3.984314 4.957273
9.107697 8.908266 8.637527 8.308241 7.917446 7.40051 6.739056 6.102835 4.921831 3.809503 3.612161 3.996725 4.342677 4.328891 4.134496 3.85335 3.916068 4.318456 4.649529 4.988582 5.475613 5.967927 6.391729 6.755441 7.022164 7.170011 7.285847 7.449466 7.549922 7.643634 7.845866 8.048284 8.311427 8.598367 8.84023 9.065161 9.326963 9.615731 9.954461 10.35924 10.77481 11.19379 11.57693 11.88692 12.14974 12.25686 12.12535 11.79779 11.39179 10.95956 10.4929 9.75328 8.342652 6.297503 4.333235 3.209113 2.782378 2.675483 2.796591 3.27784 4.081563 5.01315
