py_wake/examples/data/AJ_ParqueFicticio/Ridge area   Sector 9   Height 200m   Turbulence intensity.grd
DSAA
90  129
 262878   265103
 6504214   6507414
 8.696575   100
[rows 84 to 111 of 129, columns 0 to 62 of 90]
12.90824 12.62733 12.3452 12.13704 11.96587 11.80185 11.72296 11.71538 11.68282 11.57029 11.48242 11.44252 11.40138 11.42047 11.55832 11.71077 11.80597 11.81554 11.75676 11.71151 11.82871 11.99098 12.14591 12.25878 12.38654 12.45603 12.52415 12.5841 12.53187 12.50714 12.48725 12.30959 12.0281 11.68471 11.29908 10.93156 10.60629 10.25892 9.921428 9.772135 9.666974 9.582086 9.63913 9.851604 10.12988 10.47944 10.92345 11.64452 13.1314 16.85547 25.17703 39.48541 24.55483 32.98672 39.68552 43.56751 44.454 46.00999 47.25381 48.07902 48.3269 47.87659 47.123
12.42255 12.13139 11.88498 11.68904 11.48957 11.38691 11.37783 11.37958 11.34493 11.28595 11.28337 11.35334 11.47595 11.63265 11.80381 11.94444 12.03789 12.06717 12.06753 12.08808 12.18535 12.31876 12.44355 12.54699 12.58844 12.55034 12.44615 12.31315 12.09501 11.92713 11.69123 11.36026 11.05029 10.75896 10.44512 10.16627 9.980974 9.74259 9.55352 9.496764 9.470685 9.493262 9.610179 9.828089 10.1256 10.48033 10.98711 11.75845 13.20281 16.89049 24.83125 33.66001 20.74554 27.62765 34.23288 40.05585 43.14034 44.39337 45.84505 47.35804 48.45601 48.82425 48.68864
11.99286 11.73849 11.52547 11.33467 11.15916 11.11276 11.14957 11.19927 11.22552 11.24015 11.34452 11.53026 11.74712 11.95976 12.16671 12.31349 12.38477 12.43242 12.47386 12.53195 12.66703 12.8166 12.94565 12.97813 12.91953 12.77382 12.50103 12.1796 11.80497 11.46838 11.08747 10.66638 10.3521 10.07346 9.819798 9.660222 9.525171 9.353873 9.270544 9.275207 9.332288 9.468867 9.69169 9.972569 10.30149 10.70396 11.22391 11.93861 13.26297 16.80055 23.98557 29.94267 19.79744 22.72643 28.40833 33.99408 38.83434 42.40564 45.00456 46.92285 48.37285 49.39055 49.79393
11.64428 11.42979 11.25716 11.1042 11.00149 11.03248 11.13292 11.24615 11.3499 11.45615 11.6352 11.86488 12.10923 12.34822 12.5866 12.76277 12.85294 12.90254 12.96145 13.0801 13.23671 13.40221 13.48438 13.40006 13.23252 12.97816 12.52849 12.05102 11.5549 11.08509 10.63857 10.22766 9.900277 9.602315 9.419354 9.305806 9.190239 9.071343 9.057828 9.118876 9.272193 9.510703 9.811088 10.15887 10.5349 10.93936 11.43018 12.13051 13.42277 16.71782 22.84875 27.52081 20.45106 18.99125 23.10109 27.10647 30.85607 34.65364 38.31137 41.56101 44.0648 46.15392 47.80385
11.41752 11.25396 11.11749 11.0203 11.01439 11.1158 11.26467 11.43272 11.6069 11.80728 12.04794 12.30968 12.57736 12.84861 13.12903 13.35415 13.5289 13.58752 13.60822 13.70017 13.84686 13.94209 13.95058 13.73363 13.40211 12.99938 12.44522 11.88018 11.29996 10.77779 10.31502 9.91924 9.581244 9.301425 9.156543 9.050898 8.952074 8.880108 8.910578 9.043888 9.294958 9.595731 9.936399 10.31087 10.70554 11.12451 11.63111 12.40009 13.83552 16.92988 22.14853 25.93894 21.46516 16.23245 19.3173 22.31798 24.67514 27.00031 29.75799 32.77705 35.57061 38.27803 40.97809
11.28077 11.1691 11.06747 11.02623 11.12052 11.30621 11.51657 11.7389 11.97908 12.23834 12.53539 12.84877 13.19601 13.55211 13.8768 14.15862 14.4095 14.42088 14.39902 14.42444 14.51341 14.49471 14.38037 14.01091 13.4856 12.92219 12.31045 11.67866 11.03195 10.49854 10.03874 9.654469 9.322972 9.087069 8.970878 8.870936 8.787638 8.7565 8.831176 9.042213 9.367867 9.730913 10.12135 10.54606 11.00468 11.48442 12.02844 12.85153 14.27178 17.21701 21.65758 25.03185 22.88918 14.52481 16.45708 18.96613 20.97147 22.38024 23.83578 25.68454 27.61933 29.62704 31.94487
11.22474 11.17366 11.09923 11.1155 11.31046 11.57512 11.85897 12.13644 12.43601 12.74484 13.09044 13.47132 13.92909 14.39801 14.73672 14.95984 15.16278 15.21231 15.16221 15.20717 15.23002 15.06258 14.80856 14.27637 13.53537 12.80716 12.10452 11.40173 10.735 10.21898 9.779973 9.416617 9.113008 8.928911 8.838424 8.757192 8.696575 8.705344 8.833062 9.102365 9.538899 9.990328 10.41431 10.87364 11.40269 11.98938 12.63321 13.49499 14.89202 17.48002 21.28439 24.48467 24.23662 18.1088 14.39565 16.32402 18.03088 19.36329 20.43143 21.62971 22.82887 24.03816 25.41548
11.30851 11.30615 11.29232 11.37559 11.62995 11.95718 12.29359 12.60828 12.94573 13.28621 13.64116 14.05923 14.57557 15.07668 15.33536 15.35263 15.44277 15.50486 15.45261 15.50435 15.49723 15.11961 14.79954 14.12266 13.25791 12.47896 11.75587 11.03286 10.41391 9.958553 9.560356 9.243848 9.000715 8.865271 8.799918 8.745764 8.726118 8.791236 8.965296 9.317764 9.780531 10.24744 10.73252 11.33856 12.09801 12.86972 13.59948 14.45756 15.79447 17.85595 21.02022 24.13558 25.02104 20.83892 13.28309 14.62 15.77654 16.78829 17.76201 18.84369 19.78989 20.7064 21.73348
11.55751 11.58345 11.63538 11.81913 12.11794 12.47203 12.8643 13.24208 13.5997 13.931 14.26553 14.64031 14.9924 15.27391 15.32243 15.23826 15.28047 15.2378 15.12922 15.16445 14.95287 14.47136 13.98443 13.2908 12.54677 11.85489 11.22494 10.59766 10.08387 9.717546 9.383465 9.136054 8.966805 8.877623 8.83103 8.800501 8.827243 8.949242 9.178267 9.561143 10.02924 10.59486 11.30369 12.23519 13.4179 14.44037 15.18492 15.81771 16.7526 18.34624 21.08877 24.0648 25.60145 23.21677 16.92996 13.74815 14.44368 15.11134 15.78704 16.47434 17.17435 17.93446 18.9279
11.89804 11.96106 12.08419 12.30711 12.65495 13.08471 13.57025 14.01558 14.40432 14.66416 14.87129 15.05813 15.19162 15.26304 15.09819 14.937 14.91321 14.76675 14.58763 14.39768 13.97739 13.48334 12.89642 12.28747 11.69925 11.12533 10.61231 10.13428 9.772936 9.49099 9.229926 9.050838 8.94465 8.904531 8.893221 8.892872 8.968838 9.121799 9.379004 9.777287 10.32109 11.09729 12.23615 13.80138 15.70919 17.2389 17.95383 17.99906 18.2466 19.18408 21.42218 24.11854 26.26557 25.85501 21.88452 16.02005 13.87735 14.21148 14.51878 14.75715 15.08383 15.58785 16.47331
12.27324 12.40605 12.53016 12.75595 13.11803 13.62598 14.27831 14.79099 15.00934 15.19217 15.30845 15.26651 15.2474 15.14638 14.82498 14.57758 14.36624 14.09893 13.86192 13.51988 13.08804 12.55548 12.01071 11.50423 10.98813 10.5443 10.12768 9.762418 9.515852 9.30296 9.115289 8.997926 8.950706 8.967223 9.003325 9.04955 9.165714 9.332912 9.591244 9.987369 10.60186 11.65321 13.28473 15.79207 19.14891 21.67684 22.24779 21.45924 20.65272 20.61193 22.10847 24.40018 26.9296 28.09199 26.91722 23.29284 18.22336 13.97639 13.96144 13.84906 13.79157 13.96412 14.61597
12.67008 12.83512 12.96361 13.16108 13.51568 14.02765 14.56144 14.96927 15.03294 15.14105 15.21017 15.05272 14.94281 14.72552 14.34103 14.00996 13.71906 13.44323 13.12648 12.76746 12.35371 11.86863 11.36219 10.89139 10.46252 10.09072 9.7477 9.489287 9.320295 9.172661 9.064128 9.014306 9.016063 9.073797 9.142921 9.229577 9.355097 9.517077 9.760328 10.15958 10.83257 11.9641 13.90843 17.39574 22.66036 27.08204 27.95513 25.89506 23.48287 22.4762 23.17435 24.99133 27.63651 29.92494 31.13709 30.89962 29.03435 25.52209 20.47596 14.21328 13.35389 13.25574 13.61058
13.11038 13.24992 13.37665 13.53347 13.84077 14.19196 14.53547 14.77483 14.70045 14.71084 14.65489 14.48576 14.29794 13.98708 13.64194 13.33665 13.05531 12.72965 12.38808 12.05393 11.69557 11.26598 10.80311 10.3818 10.04121 9.707269 9.443004 9.288612 9.177696 9.09169 9.057537 9.074901 9.127329 9.224282 9.324774 9.440409 9.571846 9.721726 9.950541 10.32837 10.97333 12.04714 14.06493 18.39226 24.51912 30.5125 32.85422 30.04766 26.67759 25.02465 24.83513 25.93012 28.35651 31.39968 34.2466 36.77149 38.86172 40.45573 41.1957 40.41208 37.01595 29.00149 14.15412
13.51192 13.61442 13.69985 13.82435 14.01649 14.20554 14.41798 14.46671 14.27769 14.14008 13.97781 13.78874 13.56108 13.26185 12.95715 12.66558 12.38219 12.05808 11.7185 11.42238 11.0893 10.70166 10.2792 9.963942 9.706704 9.420401 9.236482 9.144635 9.079886 9.053561 9.093443 9.175858 9.291225 9.431646 9.565007 9.706567 9.840074 9.973688 10.17057 10.50231 11.08704 12.01429 14.66579 19.56316 27.13931 34.85187 38.08761 35.77911 31.78058 28.56381 27.04115 27.10093 29.15339 32.56828 36.49069 40.78689 45.5394 51.57792 58.95951 67.76781 79.27481 88.17953 88.71859
13.68646 13.78534 13.84118 13.95471 14.03323 14.09855 14.19864 14.05602 13.83463 13.62398 13.39585 13.1426 12.88402 12.60282 12.30567 12.00599 11.74117 11.44319 11.14738 10.87004 10.54935 10.2218 9.889702 9.666597 9.469585 9.261687 9.136447 9.081161 9.047682 9.067811 9.163143 9.295596 9.46285 9.648481 9.828852 10.00457 10.14047 10.26017 10.42562 10.71983 11.18988 12.10661 14.73841 19.62838 27.59703 36.90682 43.3868 42.35518 37.55322 32.79625 29.91305 28.84916 30.27206 33.53326 37.88865 43.18327 49.48106 57.76772 68.32659 74.45366 75.41763 76.53261 78.20449
13.64636 13.68484 13.71694 13.81426 13.79859 13.78448 13.81542 13.63656 13.37361 13.1173 12.86167 12.60029 12.31945 12.04497 11.78139 11.5112 11.25566 10.98168 10.73188 10.48367 10.21546 9.942831 9.687886 9.508421 9.35476 9.215274 9.12269 9.080111 9.061742 9.113261 9.251304 9.43231 9.648877 9.886927 10.11691 10.32421 10.465 10.57365 10.71333 10.9493 11.27489 12.03596 14.31128 18.59452 25.49735 34.34413 42.41159 46.66333 43.03005 37.69316 33.75066 31.63704 31.9941 34.51358 38.53329 43.77977 50.41289 58.89282 67.47626 69.75316 69.72709 69.00402 68.81412
1.70141E+38 1.70141E+38 1.70141E+38 1.70141E+38 1.70141E+38 1.70141E+38 1.70141E+38 1.70141E+38 1.70141E+38 1.70141E+38 1.70141E+38 1.70141E+38 1.70141E+38 1.70141E+38 1.70141E+38 1.70141E+38 1.70141E+38 1.70141E+38 1.70141E+38 1.70141E+38 1.70141E+38 1.70141E+38 1.70141E+38 1.70141E+38 1.70141E+38 1.70141E+38 1.70141E+38 1.70141E+38 1.70141E+38 1.70141E+38 1.70141E+38 1.70141E+38 1.70141E+38 1.70141E+38 1.70141E+38 1.70141E+38 1.70141E+38 1.70141E+38 1.70141E+38 1.70141E+38 1.70141E+38 1.70141E+38 1.70141E+38 1.70141E+38 1.70141E+38 1.70141E+38 1.70141E+38 1.70141E+38 1.70141E+38 1.70141E+38 1.70141E+38 1.70141E+38 1.70141E+38 1.70141E+38 1.70141E+38 1.70141E+38 1.70141E+38 1.70141E+38 1.70141E+38 1.70141E+38 1.70141E+38 1.70141E+38 1.70141E+38
1.70141E+38 1.70141E+38 1.70141E+38 1.70141E+38 1.70141E+38 1.70141E+38 1.70141E+38 1.70141E+38 1.70141E+38 1.70141E+38 1.70141E+38 1.70141E+38 1.70141E+38 1.70141E+38 1.70141E+38 1.70141E+38 1.70141E+38 1.70141E+38 1.70141E+38 1.70141E+38 1.70141E+38 1.70141E+38 1.70141E+38 1.70141E+38 1.70141E+38 1.70141E+38 1.70141E+38 1.70141E+38 1.70141E+38 1.70141E+38 1.70141E+38 1.70141E+38 1.70141E+38 1.70141E+38 1.70141E+38 1.70141E+38 1.70141E+38 1.70141E+38 1.70141E+38 1.70141E+38 1.70141E+38 1.70141E+38 1.70141E+38 1.70141E+38 1.70141E+38 1.70141E+38 1.70141E+38 1.70141E+38 1.70141E+38 1.70141E+38 1.70141E+38 1.70141E+38 1.70141E+38 1.70141E+38 1.70141E+38 1.70141E+38 1.70141E+38 1.70141E+38 1.70141E+38 1.70141E+38 1.70141E+38 1.70141E+38 1.70141E+38
1.70141E+38 1.70141E+38 1.70141E+38 1.70141E+38 1.70141E+38 1.70141E+38 1.70141E+38 1.70141E+38 1.70141E+38 1.70141E+38 1.70141E+38 1.70141E+38 1.70141E+38 1.70141E+38 1.70141E+38 1.70141E+38 1.70141E+38 1.70141E+38 1.70141E+38 1.70141E+38 1.70141E+38 1.70141E+38 1.70141E+38 1.70141E+38 1.70141E+38 1.70141E+38 1.70141E+38 1.70141E+38 1.70141E+38 1.70141E+38 1.70141E+38 1.70141E+38 1.70141E+38 1.70141E+38 1.70141E+38 1.70141E+38 1.70141E+38 1.70141E+38 1.70141E+38 1.70141E+38 1.70141E+38 1.70141E+38 1.70141E+38 1.70141E+38 1.70141E+38 1.70141E+38 1.70141E+38 1.70141E+38 1.70141E+38 1.70141E+38 1.70141E+38 1.70141E+38 1.70141E+38 1.70141E+38 1.70141E+38 1.70141E+38 1.70141E+38 1.70141E+38 1.70141E+38 1.70141E+38 1.70141E+38 1.70141E+38 1.70141E+38
1.70141E+38 1.70141E+38 1.70141E+38 1.70141E+38 1.70141E+38 1.70141E+38 1.70141E+38 1.70141E+38 1.70141E+38 1.70141E+38 1.70141E+38 1.70141E+38 1.70141E+38 1.70141E+38 1.70141E+38 1.70141E+38 1.70141E+38 1.70141E+38 1.70141E+38 1.70141E+38 1.70141E+38 1.70141E+38 1.70141E+38 1.70141E+38 1.70141E+38 1.70141E+38 1.70141E+38 1.70141E+38 1.70141E+38 1.70141E+38 1.70141E+38 1.70141E+38 1.70141E+38 1.70141E+38 1.70141E+38 1.70141E+38 1.70141E+38 1.70141E+38 1.70141E+38 1.70141E+38 1.70141E+38 1.70141E+38 1.70141E+38 1.70141E+38 1.70141E+38 1.70141E+38 1.70141E+38 1.70141E+38 1.70141E+38 1.70141E+38 1.70141E+38 1.70141E+38 1.70141E+38 1.70141E+38 1.70141E+38 1.70141E+38 1.70141E+38 1.70141E+38 1.70141E+38 1.70141E+38 1.70141E+38 1.70141E+38 1.70141E+38
1.70141E+38 1.70141E+38 1.70141E+38 1.70141E+38 1.70141E+38 1.70141E+38 1.70141E+38 1.70141E+38 1.70141E+38 1.70141E+38 1.70141E+38 1.70141E+38 1.70141E+38 1.70141E+38 1.70141E+38 1.70141E+38 1.70141E+38 1.70141E+38 1.70141E+38 1.70141E+38 1.70141E+38 1.70141E+38 1.70141E+38 1.70141E+38 1.70141E+38 1.70141E+38 1.70141E+38 1.70141E+38 1.70141E+38 1.70141E+38 1.70141E+38 1.70141E+38 1.70141E+38 1.70141E+38 1.70141E+38 1.70141E+38 1.70141E+38 1.70141E+38 1.70141E+38 1.70141E+38 1.70141E+38 1.70141E+38 1.70141E+38 1.70141E+38 1.70141E+38 1.70141E+38 1.70141E+38 1.70141E+38 1.70141E+38 1.70141E+38 1.70141E+38 1.70141E+38 1.70141E+38 1.70141E+38 1.70141E+38 1.70141E+38 1.70141E+38 1.70141E+38 1.70141E+38 1.70141E+38 1.70141E+38 1.70141E+38 1.70141E+38
1.70141E+38 1.70141E+38 1.70141E+38 1.70141E+38 1.70141E+38 1.70141E+38 1.70141E+38 1.70141E+38 1.70141E+38 1.70141E+38 1.70141E+38 1.70141E+38 1.70141E+38 1.70141E+38 1.70141E+38 1.70141E+38 1.70141E+38 1.70141E+38 1.70141E+38 1.70141E+38 1.70141E+38 1.70141E+38 1.70141E+38 1.70141E+38 1.70141E+38 1.70141E+38 1.70141E+38 1.70141E+38 1.70141E+38 1.70141E+38 1.70141E+38 1.70141E+38 1.70141E+38 1.70141E+38 1.70141E+38 1.70141E+38 1.70141E+38 1.70141E+38 1.70141E+38 1.70141E+38 1.70141E+38 1.70141E+38 1.70141E+38 1.70141E+38 1.70141E+38 1.70141E+38 1.70141E+38 1.70141E+38 1.70141E+38 1.70141E+38 1.70141E+38 1.70141E+38 1.70141E+38 1.70141E+38 1.70141E+38 1.70141E+38 1.70141E+38 1.70141E+38 1.70141E+38 1.70141E+38 1.70141E+38 1.70141E+38 1.70141E+38
1.70141E+38 1.70141E+38 1.70141E+38 1.70141E+38 1.70141E+38 1.70141E+38 1.70141E+38 1.70141E+38 1.70141E+38 1.70141E+38 1.70141E+38 1.70141E+38 1.70141E+38 1.70141E+38 1.70141E+38 1.70141E+38 1.70141E+38 1.70141E+38 1.70141E+38 1.70141E+38 1.70141E+38 1.70141E+38 1.70141E+38 1.70141E+38 1.70141E+38 1.70141E+38 1.70141E+38 1.70141E+38 1.70141E+38 1.70141E+38 1.70141E+38 1.70141E+38 1.70141E+38 1.70141E+38 1.70141E+38 1.70141E+38 1.70141E+38 1.70141E+38 1.70141E+38 1.70141E+38 1.70141E+38 1.70141E+38 1.70141E+38 1.70141E+38 1.70141E+38 1.70141E+38 1.70141E+38 1.70141E+38 1.70141E+38 1.70141E+38 1.70141E+38 1.70141E+38 1.70141E+38 1.70141E+38 1.70141E+38 1.70141E+38 1.70141E+38 1.70141E+38 1.70141E+38 1.70141E+38 1.70141E+38 1.70141E+38 1.70141E+38
1.70141E+38 1.70141E+38 1.70141E+38 1.70141E+38 1.70141E+38 1.70141E+38 1.70141E+38 1.70141E+38 1.70141E+38 1.70141E+38 1.70141E+38 1.70141E+38 1.70141E+38 1.70141E+38 1.70141E+38 1.70141E+38 1.70141E+38 1.70141E+38 1.70141E+38 1.70141E+38 1.70141E+38 1.70141E+38 1.70141E+38 1.70141E+38 1.70141E+38 1.70141E+38 1.70141E+38 1.70141E+38 1.70141E+38 1.70141E+38 1.70141E+38 1.70141E+38 1.70141E+38 1.70141E+38 1.70141E+38 1.70141E+38 1.70141E+38 1.70141E+38 1.70141E+38 1.70141E+38 1.70141E+38 1.70141E+38 1.70141E+38 1.70141E+38 1.70141E+38 1.70141E+38 1.70141E+38 1.70141E+38 1.70141E+38 1.70141E+38 1.70141E+38 1.70141E+38 1.70141E+38 1.70141E+38 1.70141E+38 1.70141E+38 1.70141E+38 1.70141E+38 1.70141E+38 1.70141E+38 1.70141E+38 1.70141E+38 1.70141E+38
1.70141E+38 1.70141E+38 1.70141E+38 1.70141E+38 1.70141E+38 1.70141E+38 1.70141E+38 1.70141E+38 1.70141E+38 1.70141E+38 1.70141E+38 1.70141E+38 1.70141E+38 1.70141E+38 1.70141E+38 1.70141E+38 1.70141E+38 1.70141E+38 1.70141E+38 1.70141E+38 1.70141E+38 1.70141E+38 1.70141E+38 1.70141E+38 1.70141E+38 1.70141E+38 1.70141E+38 1.70141E+38 1.70141E+38 1.70141E+38 1.70141E+38 1.70141E+38 1.70141E+38 1.70141E+38 1.70141E+38 1.70141E+38 1.70141E+38 1.70141E+38 1.70141E+38 1.70141E+38 1.70141E+38 1.70141E+38 1.70141E+38 1.70141E+38 1.70141E+38 1.70141E+38 1.70141E+38 1.70141E+38 1.70141E+38 1.70141E+38 1.70141E+38 1.70141E+38 1.70141E+38 1.70141E+38 1.70141E+38 1.70141E+38 1.70141E+38 1.70141E+38 1.70141E+38 1.70141E+38 1.70141E+38 1.70141E+38 1.70141E+38
1.70141E+38 1.70141E+38 1.70141E+38 1.70141E+38 1.70141E+38 1.70141E+38 1.70141E+38 1.70141E+38 1.70141E+38 1.70141E+38 1.70141E+38 1.70141E+38 1.70141E+38 1.70141E+38 1.70141E+38 1.70141E+38 1.70141E+38 1.70141E+38 1.70141E+38 1.70141E+38 1.70141E+38 1.70141E+38 1.70141E+38 1.70141E+38 1.70141E+38 1.70141E+38 1.70141E+38 1.70141E+38 1.70141E+38 1.70141E+38 1.70141E+38 1.70141E+38 1.70141E+38 1.70141E+38 1.70141E+38 1.70141E+38 1.70141E+38 1.70141E+38 1.70141E+38 1.70141E+38 1.70141E+38 1.70141E+38 1.70141E+38 1.70141E+38 1.70141E+38 1.70141E+38 1.70141E+38 1.70141E+38 1.70141E+38 1.70141E+38 1.70141E+38 1.70141E+38 1.70141E+38 1.70141E+38 1.70141E+38 1.70141E+38 1.70141E+38 1.70141E+38 1.70141E+38 1.70141E+38 1.70141E+38 1.70141E+38 1.70141E+38
1.70141E+38 1.70141E+38 1.70141E+38 1.70141E+38 1.70141E+38 1.70141E+38 1.70141E+38 1.70141E+38 1.70141E+38 1.70141E+38 1.70141E+38 1.70141E+38 1.70141E+38 1.70141E+38 1.70141E+38 1.70141E+38 1.70141E+38 1.70141E+38 1.70141E+38 1.70141E+38 1.70141E+38 1.70141E+38 1.70141E+38 1.70141E+38 1.70141E+38 1.70141E+38 1.70141E+38 1.70141E+38 1.70141E+38 1.70141E+38 1.70141E+38 1.70141E+38 1.70141E+38 1.70141E+38 1.70141E+38 1.70141E+38 1.70141E+38 1.70141E+38 1.70141E+38 1.70141E+38 1.70141E+38 1.70141E+38 1.70141E+38 1.70141E+38 1.70141E+38 1.70141E+38 1.70141E+38 1.70141E+38 1.70141E+38 1.70141E+38 1.70141E+38 1.70141E+38 1.70141E+38 1.70141E+38 1.70141E+38 1.70141E+38 1.70141E+38 1.70141E+38 1.70141E+38 1.70141E+38 1.70141E+38 1.70141E+38 1.70141E+38
1.70141E+38 1.70141E+38 1.70141E+38 1.70141E+38 1.70141E+38 1.70141E+38 1.70141E+38 1.70141E+38 1.70141E+38 1.70141E+38 1.70141E+38 1.70141E+38 1.70141E+38 1.70141E+38 1.70141E+38 1.70141E+38 1.70141E+38 1.70141E+38 1.70141E+38 1.70141E+38 1.70141E+38 1.70141E+38 1.70141E+38 1.70141E+38 1.70141E+38 1.70141E+38 1.70141E+38 1.70141E+38 1.70141E+38 1.70141E+38 1.70141E+38 1.70141E+38 1.70141E+38 1.70141E+38 1.70141E+38 1.70141E+38 1.70141E+38 1.70141E+38 1.70141E+38 1.70141E+38 1.70141E+38 1.70141E+38 1.70141E+38 1.70141E+38 1.70141E+38 1.70141E+38 1.70141E+38 1.70141E+38 1.70141E+38 1.70141E+38 1.70141E+38 1.70141E+38 1.70141E+38 1.70141E+38 1.70141E+38 1.70141E+38 1.70141E+38 1.70141E+38 1.70141E+38 1.70141E+38 1.70141E+38 1.70141E+38 1.70141E+38
