py_wake/examples/data/AJ_ParqueFicticio/Ridge area   Sector 5   Height 200m   Orographic speed.grd
DSAA
90  129
 262878   265103
 6504214   6507414
 .2288494   1.618861
[rows 54 to 80 of 129, columns 0 to 61 of 90]
1.024051 .9759263 .9129381 .8330801 .7507875 .6693528 .5964832 .5361207 .4837444 .4439504 .4231106 .4113761 .396165 .3680845 .331632 .2939199 .2633648 .2455068 .2336783 .231358 .2448637 .2683741 .2994441 .3357075 .3741692 .4048593 .4343384 .4792185 .5194899 .5632188 .6295375 .7017496 .7784641 .8631083 .9402276 1.015626 1.091154 1.159884 1.224432 1.28619 1.346634 1.408069 1.464316 1.515996 1.561262 1.585885 1.581956 1.554508 1.510137 1.446874 1.374527 1.288812 1.200239 1.119573 1.043119 .986953 .9535893 .9358813 .9336045 .9521545 .9907551 1.03233
1.041074 1.003826 .9514861 .880501 .7953089 .7139096 .6438808 .5854699 .537864 .5040112 .4869465 .4782217 .4606536 .426306 .3843286 .3418181 .3061008 .2793457 .2622592 .2579234 .2681109 .2912139 .3221949 .3603652 .4069353 .4519465 .4985888 .5475402 .5986777 .6544861 .7142507 .7832761 .8483534 .9070325 .96247 1.02155 1.090074 1.153319 1.212014 1.27014 1.329317 1.390261 1.446397 1.499932 1.544638 1.569872 1.572102 1.551908 1.516208 1.457651 1.385205 1.303763 1.21914 1.14259 1.072116 1.016704 .9849656 .9703644 .9685931 .9827451 1.007928 1.032619
1.053592 1.027549 .9866349 .9241331 .8420331 .7628817 .6925777 .6349712 .5908483 .5606489 .5474662 .5438342 .5309006 .4930141 .4469016 .3995239 .3591029 .326115 .3016135 .2904871 .2998394 .3227305 .3527952 .395665 .4507287 .5076558 .5634357 .6184385 .6722217 .7290786 .7896913 .8524302 .910207 .9569705 1.002211 1.052392 1.105385 1.157813 1.208089 1.262621 1.321003 1.379332 1.433804 1.486728 1.528823 1.553615 1.56038 1.545053 1.515203 1.468106 1.399786 1.321065 1.240477 1.166535 1.098866 1.044238 1.013344 .9997647 .9962825 1.003461 1.017328 1.032029
1.063384 1.045577 1.013424 .9602223 .8902172 .8125824 .7432283 .6893628 .6492123 .6210982 .6056778 .6049073 .5991163 .5699083 .523616 .4723866 .4236222 .3842401 .3520618 .3363287 .3450455 .367709 .396262 .4388417 .4971466 .5605305 .6210421 .6793849 .7332198 .791806 .8514878 .909172 .9598526 1.005123 1.050421 1.0938 1.135975 1.176157 1.218041 1.266595 1.321759 1.376421 1.427949 1.477066 1.51431 1.539087 1.548576 1.537613 1.511604 1.473474 1.417722 1.345873 1.269324 1.1974 1.132971 1.078677 1.043083 1.025624 1.017648 1.018984 1.025634 1.031231
1.065662 1.057228 1.032404 .9852715 .9250628 .8576429 .7947248 .7396808 .6992581 .6744377 .6635902 .6618587 .6578131 .6352062 .594478 .5488344 .502234 .4613255 .4220853 .4023161 .407325 .4252925 .4516697 .4923735 .5479717 .6104556 .6711413 .7272784 .7834159 .8417426 .9000322 .9565336 1.005637 1.049916 1.091537 1.131547 1.168637 1.204323 1.242314 1.284135 1.330997 1.379879 1.428083 1.470208 1.504578 1.528701 1.53968 1.532569 1.510885 1.47688 1.432188 1.373144 1.303427 1.235957 1.173982 1.120687 1.079871 1.053675 1.039063 1.031239 1.027036 1.021896
1.063944 1.063911 1.047737 1.009949 .9571627 .8970955 .8399054 .7894202 .7500182 .7242787 .714098 .7132648 .7106215 .6933972 .658574 .6186678 .5767802 .5351109 .4989683 .4780467 .4783266 .4885344 .5126835 .5530826 .6044866 .6600981 .7159843 .7692787 .821797 .8779963 .9368955 .9942179 1.045054 1.087738 1.126621 1.163702 1.196918 1.230393 1.265679 1.303676 1.344173 1.387625 1.429086 1.466118 1.500939 1.524725 1.536498 1.533292 1.51611 1.485003 1.444082 1.396262 1.337343 1.27354 1.213299 1.159358 1.116953 1.084633 1.058334 1.038325 1.020644 1.005211
1.06134 1.067544 1.060902 1.033423 .9887682 .9366706 .8856158 .8403689 .8022746 .7734806 .7611367 .7608288 .7609296 .7489626 .7227728 .6929224 .6576825 .6183615 .5815541 .5544982 .5531405 .5612224 .5785921 .6153272 .6614095 .7088643 .7580749 .8057445 .8554242 .9075974 .9632823 1.02148 1.074526 1.115644 1.151762 1.186744 1.217416 1.24847 1.282305 1.316471 1.354681 1.393566 1.428639 1.463641 1.499723 1.52367 1.534797 1.535995 1.526292 1.49859 1.458312 1.414349 1.365316 1.307965 1.249027 1.194014 1.147257 1.109457 1.07408 1.039839 1.008918 .9845049
1.060469 1.069941 1.068901 1.050001 1.013223 .9696401 .9266605 .8867863 .8512534 .8224463 .8078783 .8033239 .8044718 .8020161 .7870153 .7634687 .7350382 .7015012 .6681358 .6426755 .6349103 .6383695 .6497268 .6788124 .7182717 .7582143 .7976411 .8394381 .8864899 .9339555 .9852288 1.039226 1.089747 1.128363 1.164156 1.19666 1.225766 1.257453 1.289726 1.323039 1.360603 1.395649 1.427371 1.461135 1.497445 1.519023 1.527049 1.531192 1.530072 1.513243 1.476045 1.43235 1.387162 1.336988 1.28036 1.222001 1.167278 1.121378 1.078774 1.0353 .9919159 .9575121
1.060199 1.072388 1.076239 1.06631 1.038204 1.002085 .963948 .9269641 .893233 .8648879 .8487719 .8445304 .8446787 .842087 .8349237 .8176505 .7988963 .7761511 .75476 .7359415 .7222314 .7242143 .7323763 .7532753 .781272 .8136015 .8449874 .8764394 .9141601 .958326 1.001949 1.049806 1.092787 1.130836 1.165659 1.196032 1.226949 1.259114 1.290577 1.324829 1.361638 1.395114 1.42747 1.461866 1.496245 1.513584 1.518627 1.522681 1.525205 1.520505 1.494899 1.453493 1.407562 1.360291 1.307379 1.246291 1.183492 1.128309 1.078619 1.027331 .9711834 .9217441
1.053088 1.06866 1.078748 1.073531 1.052279 1.023819 .9927842 .961703 .9322127 .9058856 .8857334 .8729504 .8688695 .8695362 .8706339 .8635783 .8521042 .8400173 .8276418 .8172396 .8094785 .8069966 .8152782 .8287486 .8505424 .8707286 .8887346 .9117525 .9442448 .9788683 1.017396 1.057752 1.094074 1.130758 1.163912 1.192754 1.223474 1.255302 1.287337 1.322256 1.358377 1.391694 1.425407 1.462246 1.496622 1.510523 1.513885 1.516602 1.519029 1.520224 1.509147 1.475523 1.428924 1.381811 1.332581 1.271613 1.201745 1.138637 1.081915 1.023255 .9556153 .8922384
1.034691 1.054423 1.071582 1.067936 1.048946 1.023813 .9959853 .9680024 .9416811 .9181126 .8989595 .885883 .8809618 .8835905 .8911908 .8923135 .8825133 .8740192 .8722706 .8788695 .875811 .8689736 .8708449 .8866159 .9058844 .9126183 .9216563 .9426162 .9682743 .9953565 1.029431 1.063114 1.095372 1.129599 1.16039 1.188197 1.217601 1.247855 1.278895 1.313604 1.350566 1.384369 1.418278 1.45625 1.494172 1.510188 1.512889 1.51393 1.515016 1.516956 1.515217 1.493543 1.449026 1.401137 1.354581 1.297956 1.22271 1.153847 1.090495 1.02641 .9520052 .8814159
1.004695 1.026586 1.049665 1.052619 1.038277 1.018312 .9940421 .967512 .9415964 .9187513 .8990095 .8832553 .8746808 .8759543 .885349 .8905155 .8887742 .8862521 .8894231 .901382 .9037167 .8993121 .901334 .9174425 .9310111 .9367773 .9447297 .9627277 .982261 1.005401 1.034252 1.063065 1.091888 1.122413 1.15144 1.178408 1.205009 1.232101 1.26215 1.297135 1.33561 1.371479 1.406064 1.443673 1.485454 1.509833 1.51548 1.515205 1.514434 1.514989 1.516208 1.504078 1.464645 1.416797 1.371873 1.321292 1.243228 1.171072 1.103876 1.03768 .9621297 .8898375
.9697096 .9916232 1.015358 1.02939 1.020415 1.00341 .981446 .9547555 .9264452 .9005721 .8778445 .8586131 .8467392 .8463542 .857776 .8696373 .8722572 .8745608 .8799755 .8909624 .8975299 .9017956 .9073198 .9188249 .9316753 .9430589 .9559337 .972425 .9901132 1.010649 1.036332 1.061835 1.087012 1.113643 1.141028 1.166173 1.188113 1.210674 1.239648 1.274883 1.313746 1.354159 1.39206 1.429489 1.470918 1.505695 1.519183 1.519354 1.517056 1.515567 1.516424 1.508763 1.473446 1.427144 1.384179 1.339438 1.263153 1.19024 1.121207 1.05422 .9804817 .908296
.9323707 .9527984 .9734524 .9906905 .9946774 .9840978 .9646483 .9370425 .9043519 .8732338 .8459278 .8226008 .8080793 .807347 .8199492 .8407565 .8485157 .8507907 .8558113 .8685104 .879666 .8848578 .8916032 .9041399 .9179504 .9296961 .9445136 .9644613 .9811322 1.002216 1.032091 1.058166 1.078445 1.100318 1.127907 1.152684 1.169751 1.187511 1.213935 1.248964 1.288978 1.332557 1.376007 1.415484 1.455608 1.495578 1.5198 1.524832 1.521601 1.518275 1.517894 1.511663 1.478535 1.433893 1.393138 1.3533 1.28158 1.210755 1.141846 1.074585 1.003027 .9327696
.8937025 .912945 .9301918 .9430979 .948425 .9462285 .932148 .9039636 .8670525 .8306177 .799705 .7745507 .7596114 .7603613 .7729457 .7953359 .8144935 .820949 .8255494 .8375843 .8529488 .8598857 .8661126 .8788053 .8936279 .905008 .9188154 .9370573 .9547362 .9784457 1.009808 1.040236 1.059634 1.076752 1.101676 1.126555 1.14352 1.159218 1.183041 1.218247 1.261863 1.307882 1.356719 1.402319 1.441694 1.481139 1.513949 1.528364 1.526604 1.521758 1.519965 1.513888 1.481853 1.437953 1.398558 1.360961 1.293442 1.225548 1.159885 1.095165 1.026569 .9588478
.8567358 .8723429 .886614 .8927094 .8919961 .8874647 .8749663 .8496634 .8155085 .7795675 .747706 .7219508 .7068804 .7055649 .7167788 .7379522 .761272 .776262 .7872635 .7980792 .8117455 .8244646 .8324654 .8427288 .856966 .873273 .8862817 .8975417 .9156021 .9413384 .9692998 .9996343 1.021578 1.035891 1.052732 1.074248 1.094115 1.114461 1.1432 1.181662 1.229667 1.27977 1.332734 1.387241 1.429216 1.466101 1.501728 1.526329 1.530472 1.52483 1.52186 1.515174 1.483544 1.439348 1.399755 1.359329 1.294218 1.227639 1.165756 1.105832 1.044025 .9833281
.8190406 .8328975 .8449071 .8459867 .8387983 .8295563 .8147497 .7907918 .7590659 .7249063 .6942909 .668979 .6520743 .6491455 .6597661 .6794649 .7007908 .7182806 .7352691 .750933 .7634909 .7781046 .791637 .8027234 .8170984 .8320418 .846468 .855041 .8709219 .8896601 .9156863 .9424259 .9627913 .9743967 .9872681 1.001819 1.018621 1.043095 1.081474 1.137514 1.19369 1.248936 1.307029 1.367613 1.41789 1.451896 1.486105 1.516392 1.52905 1.525556 1.521874 1.514964 1.484826 1.440979 1.40059 1.355039 1.292802 1.229045 1.169247 1.11181 1.056096 1.002564
.7794734 .7930872 .8050788 .8049569 .7921069 .776099 .7573468 .7331741 .7020004 .6688201 .6405981 .6155586 .5974028 .5969626 .6084092 .6269734 .6438883 .6610985 .6787555 .6958878 .7129081 .7299962 .7443574 .7579263 .7735435 .7871299 .7981182 .806886 .8194582 .8354592 .8572968 .8803837 .8984659 .9111636 .9234527 .9356835 .9525519 .9704086 1.003155 1.077424 1.158529 1.22054 1.281642 1.346098 1.405588 1.440642 1.471609 1.501976 1.521126 1.522065 1.517578 1.509486 1.482299 1.441761 1.401252 1.352089 1.292912 1.231938 1.17398 1.118969 1.066745 1.018357
.7385795 .748295 .7592408 .7586578 .7421728 .7214488 .699951 .6762991 .6476561 .6175017 .5910932 .568379 .5518357 .5499787 .5613193 .5770002 .5924364 .6084158 .6246465 .6407061 .6586091 .6796094 .6962046 .7087091 .722878 .73649 .7483881 .7563875 .7663115 .7781783 .7966064 .8202659 .8402787 .8555408 .8672729 .8848788 .9142875 .9362484 .961508 1.033045 1.13003 1.201904 1.264619 1.329868 1.393838 1.432358 1.459597 1.48671 1.506498 1.510421 1.505101 1.496099 1.473243 1.438997 1.399279 1.350395 1.295291 1.236595 1.180477 1.127396 1.077458 1.031889
.6900155 .6977143 .7052024 .7031591 .6874153 .6681157 .6479632 .6264809 .6019365 .5773804 .5556007 .5358912 .5199195 .5149065 .5200883 .5324941 .5448385 .5604746 .5745252 .5900114 .6081777 .6265145 .6435159 .6565735 .6676988 .6789629 .6902679 .6984234 .7075488 .7179921 .7355929 .7577006 .788079 .8156278 .8345596 .8616859 .9010879 .9346628 .9726512 1.034493 1.124793 1.197343 1.259744 1.323072 1.387839 1.428317 1.452086 1.475258 1.491271 1.494102 1.487567 1.478343 1.458881 1.430068 1.392806 1.347528 1.297341 1.242354 1.189172 1.137898 1.090393 1.046935
.6401737 .6475914 .652392 .6484445 .6354451 .6191322 .6017542 .5846476 .5676363 .5493553 .529082 .510588 .4963747 .4920919 .4946242 .4981831 .508414 .522299 .5355402 .5543464 .5756705 .5893394 .5986127 .6109328 .6211475 .6273969 .6299768 .6337962 .6385517 .6506178 .6697291 .6919166 .7337114 .7821533 .8192691 .8572323 .9017273 .9469097 .9939552 1.05246 1.131338 1.199723 1.262171 1.324473 1.388312 1.428195 1.44867 1.467815 1.477899 1.476902 1.46889 1.459337 1.441836 1.41506 1.380911 1.341995 1.296857 1.248221 1.200115 1.152182 1.106645 1.064965
.6026611 .6070129 .6082683 .6048115 .5938871 .5790206 .564067 .554943 .5521056 .5433982 .5279701 .5082049 .4866805 .4772864 .4832531 .4872454 .4880039 .4994747 .5189541 .5430643 .5668969 .5783178 .579742 .5799277 .5886783 .5978527 .5963094 .5864519 .5796067 .5963165 .6193852 .6379615 .6813259 .7514566 .8124302 .8652811 .9179869 .9685393 1.01565 1.072859 1.145042 1.209447 1.269665 1.329653 1.391461 1.42958 1.447313 1.462549 1.466068 1.459917 1.449155 1.438031 1.419939 1.39256 1.362641 1.331573 1.292341 1.250964 1.210634 1.169197 1.126341 1.086968
.5777143 .5825885 .5831071 .5802529 .5716248 .5596978 .5488245 .5476636 .5554736 .5531728 .5431241 .5262787 .5057407 .4937108 .4979357 .500155 .4974898 .5049768 .5263072 .553271 .5739592 .58217 .5814591 .5774145 .5816256 .5904962 .5893962 .5802225 .5714469 .5850008 .6112555 .6326877 .6739598 .7511759 .8245857 .8896168 .9482968 1.001433 1.047719 1.104113 1.168766 1.227952 1.284287 1.339989 1.39739 1.431899 1.447119 1.458171 1.455144 1.44358 1.428296 1.411602 1.389021 1.361978 1.336299 1.311468 1.281399 1.249337 1.218136 1.184978 1.147248 1.112079
.5584183 .5652823 .5687552 .5692464 .5652218 .5609753 .5601046 .5669308 .5766138 .5783495 .5734853 .5607612 .5501272 .542862 .5398429 .5399513 .5376007 .542219 .5540919 .5734842 .5912419 .6001205 .6026064 .6020814 .6043072 .6089389 .6097577 .6074749 .608344 .6239634 .6469316 .6725023 .7171426 .7838102 .8544305 .9203768 .9807926 1.037108 1.088441 1.143674 1.199878 1.253904 1.304453 1.354287 1.404351 1.433599 1.447093 1.454062 1.446258 1.429525 1.40426 1.376596 1.350017 1.32431 1.300862 1.281099 1.260738 1.239045 1.217227 1.193878 1.16477 1.137335
.5471562 .5529669 .5591108 .5672341 .5701905 .5714698 .5762382 .5905076 .6033295 .608548 .6101934 .610462 .6051897 .599274 .5953153 .5957221 .5968988 .5955201 .5985501 .6083473 .6213146 .6294298 .6351905 .6418319 .6473524 .6482254 .6488191 .6525573 .6620468 .6764693 .6943675 .7209765 .7653996 .8230574 .8903372 .9552136 1.015505 1.072952 1.127981 1.180215 1.230112 1.279514 1.324815 1.370664 1.41166 1.434391 1.446754 1.450321 1.440136 1.416068 1.377382 1.339603 1.309116 1.282631 1.260376 1.243993 1.231814 1.219195 1.206498 1.192977 1.174171 1.156025
.5502374 .5545291 .5618723 .5779015 .5867469 .5895 .5969931 .6156484 .6322525 .6445915 .6555421 .6603296 .6608522 .6588542 .6597096 .6592669 .6577994 .6553444 .6555492 .6586568 .6641827 .6690254 .6769622 .6879219 .6957251 .6967936 .6981592 .7064564 .716526 .724804 .7386246 .7653438 .8021066 .8579094 .9264314 .990909 1.049373 1.10641 1.161256 1.210134 1.256837 1.300865 1.342134 1.38427 1.417416 1.435193 1.446641 1.448412 1.436866 1.401729 1.355629 1.30997 1.271945 1.242479 1.220016 1.205116 1.196743 1.190583 1.186188 1.181601 1.171906 1.162928
.5715821 .5791047 .5905891 .6063924 .6161473 .6229824 .6347869 .6513001 .6709235 .6896017 .7053801 .7167122 .7240167 .7272444 .7265646 .7254829 .7228137 .7189347 .7184291 .7161705 .7179872 .7220263 .7306743 .7409416 .7495155 .7545928 .7586338 .7656328 .7718644 .7776194 .7897852 .8119213 .8432402 .8960366 .9603195 1.022035 1.078372 1.13394 1.187315 1.234561 1.278911 1.319781 1.358734 1.393871 1.419384 1.435826 1.446659 1.448485 1.434148 1.392218 1.342497 1.290604 1.244416 1.208438 1.181977 1.165855 1.159296 1.15668 1.156497 1.158045 1.155774 1.153221
