py_wake/examples/data/AJ_ParqueFicticio/Ridge area   Sector 6   Height 30m   Power density.grd
DSAA
90  129
 262878   265103
 6504214   6507414
 1.120465   330.0371
[rows 81 to 107 of 129, columns 0 to 61 of 90]
20.04987 24.54438 29.84083 35.1194 39.92558 44.23821 48.04355 51.99974 56.8147 61.47807 66.05109 70.71809 73.56685 74.16975 73.67761 73.23043 73.0904 71.70305 70.2309 68.551 67.06597 66.82593 66.69137 66.54098 65.85562 64.67731 63.05243 61.54634 60.6061 60.28725 61.00202 63.40032 68.45665 76.37356 86.6677 98.79572 111.6328 125.2197 138.5269 151.4006 161.7036 171.0876 179.0216 184.2209 186.7751 188.9427 189.2342 188.2883 179.0923 165.503 150.049 133.2063 117.9525 105.1509 95.85559 89.95966 86.90805 85.36297 85.17432 86.26128 87.35146 88.30999
30.43654 37.55674 44.96608 51.75272 57.88115 62.73293 67.24894 71.51958 75.36868 79.77892 85.71898 92.01903 96.33335 97.79408 97.82352 96.91416 95.38348 94.12901 93.58068 92.28146 89.86806 86.79993 84.48325 83.5755 83.35392 82.84383 81.2981 79.92574 78.88297 77.91924 77.79166 78.82704 82.33932 89.67966 98.89896 109.5223 121.744 135.1896 148.8062 160.6248 170.0594 180.4011 187.6462 190.5501 192.6726 194.4828 194.6528 194.0734 182.8355 168.7223 151.668 132.6154 114.5983 37.81127 86.52305 77.85141 72.4357 69.2196 68.48628 69.83549 71.47212 73.23497
41.93274 51.26627 60.62972 68.51233 74.11603 79.47886 84.48666 87.65335 90.66833 95.51168 101.1866 106.6958 112.7852 116.6885 115.7562 112.8523 110.3843 109.1853 110.0412 110.7115 107.1241 102.6867 99.1658 97.25968 97.52152 98.48019 97.83969 97.16396 97.09824 95.95851 94.65855 94.27531 96.54877 102.7549 110.6724 119.413 130.7323 142.9655 155.847 165.5425 174.7517 185.3004 192.4051 195.7173 198.2811 200.2813 201.0082 200.1705 190.2528 175.8667 158.498 137.6488 116.9669 43.0263 29.94486 23.76356 22.03442 22.00104 58.03397 58.16547 58.97496 60.80734
53.3077 63.90417 73.89593 81.7662 87.14957 91.86266 95.42071 97.79833 100.6544 104.8077 108.8105 112.2983 116.5409 119.7049 119.6184 117.3852 114.9545 113.4029 113.1018 113.6369 111.14 107.8896 105.2049 103.8824 103.8999 106.1366 108.0964 109.5589 111.2454 111.2496 110.545 110.7823 112.8302 116.9273 123.1407 130.2914 138.2237 148.2885 158.7337 166.3673 175.0548 185.9211 194.3062 198.2503 201.9706 205.1737 207.3055 204.9934 197.296 184.7795 168.4703 148.5818 126.9583 55.27648 34.78231 26.53911 22.24396 21.03111 20.90067 20.93055 21.12641 21.52553
63.7555 74.30167 83.6479 91.02494 96.78262 100.234 102.3385 104.5092 106.8693 109.3388 110.4883 110.6579 110.7158 111.2615 111.4154 110.4596 108.4146 106.5136 104.9943 104.4639 103.1786 101.3431 99.96166 99.82309 100.9853 104.6088 109.9253 114.951 119.7688 122.4171 125.0425 127.6938 129.6877 131.9904 136.293 141.2358 145.7369 153.235 160.4205 165.7855 173.0446 182.5139 192.2273 198.5372 203.68 208.2374 210.5103 209.3838 204.4252 194.4803 179.9996 162.4418 141.4307 83.14999 43.97116 32.14616 26.26946 22.61763 21.54244 20.77331 20.21489 19.99058
71.45819 81.07225 89.40952 96.34844 101.8458 104.2738 104.7521 105.0437 105.8762 106.8141 105.7338 103.2234 100.7339 99.31641 98.28192 97.83517 97.0934 95.58904 93.69669 92.51794 91.04487 90.1441 89.74944 91.00797 93.57355 98.62756 106.316 114.4227 122.6425 128.9922 135.065 140.8707 143.7211 145.3517 147.5979 149.2233 152.1827 157.4632 161.7659 165.0374 169.7032 175.5196 182.3604 189.172 195.8501 201.7207 206.3525 209.364 209.0299 202.6151 191.2163 176.7363 157.5362 135.902 59.25276 41.4298 33.0687 27.40266 23.36177 21.67152 20.35196 19.26606
75.81499 84.03026 90.7101 96.33143 100.4231 101.4706 100.5836 99.01364 97.58181 96.68957 94.82438 92.09919 89.2682 86.86803 84.76292 83.3907 82.99547 82.54064 81.78036 80.51032 79.37465 78.69051 79.32565 81.92156 85.52476 91.6662 100.9972 111.0253 121.2476 130.614 139.0895 146.5773 151.3062 154.1153 154.9415 155.1681 157.5835 161.2275 163.2713 164.4949 165.6476 167.5988 171.1547 175.7333 182.0173 189.3264 196.8665 202.9015 207.1964 206.1227 199.132 188.3458 172.8443 153.9927 89.62615 56.60429 43.70477 35.51271 29.00163 24.38441 22.36639 20.54658
76.34113 82.94639 88.13311 91.91457 93.92203 93.99249 92.41489 89.81261 87.01041 83.95721 81.28039 78.56963 76.09452 73.76678 71.27061 69.33297 68.22771 68.56241 69.25266 69.38045 69.2655 69.75063 71.26094 74.94285 80.39316 87.09065 96.57822 106.9435 118.1402 128.9208 138.6886 147.0537 153.3783 157.1616 158.0389 158.5339 160.8203 163.6535 164.5551 163.1555 160.5443 160.2562 161.8759 164.9115 169.8914 176.5239 184.1945 191.1123 197.8648 202.0949 201.035 194.9425 185.135 171.2321 153.958 81.64077 59.90413 48.12188 38.91162 31.7644 26.85588 23.91881
74.82597 79.80914 83.66349 85.84615 85.58894 84.19385 82.05186 79.03417 75.70937 71.98766 68.55316 65.55069 62.89183 60.45259 58.37143 56.61569 55.43731 56.72875 58.50016 60.00776 61.10136 62.88473 65.36127 70.09753 76.41212 83.71359 92.54895 102.8816 114.4355 125.5218 136.1336 145.8057 153.8381 157.9633 158.9545 160.2162 162.7889 165.404 165.3503 161.1712 155.6121 152.3139 151.116 151.3459 153.1941 158.0976 165.985 174.3948 183.7395 191.3367 196.2484 196.7876 192.8844 185.0915 173.5341 130.4927 83.6656 65.86534 53.70077 43.54977 35.89512 29.90641
71.53027 74.94013 78.21661 79.28575 77.28429 74.27741 71.30959 68.31398 65.28825 62.05389 58.79024 55.54198 52.56431 50.22881 49.22418 48.97088 48.83396 49.85273 51.68704 53.1731 55.04423 57.72193 60.71297 65.72584 72.82741 80.65678 89.47137 99.646 111.1265 122.0657 132.8049 143.1566 152.5184 156.9173 158.0269 159.6402 162.6048 165.4631 164.4088 158.8585 148.3664 141.0127 138.3749 136.9342 137.0579 140.0533 146.6697 155.5533 166.1148 176.3046 185.4012 191.9923 194.3465 191.6687 185.8821 177.9569 119.5815 87.55642 71.53719 58.59077 48.37092 39.82661
64.88281 67.05872 69.01885 69.5079 67.42619 64.20396 61.38377 59.0751 56.85533 54.71562 52.86386 50.61067 47.94507 45.80577 45.42816 46.41878 47.03131 48.09483 49.84712 51.47517 53.46832 56.99854 59.95497 65.32894 72.84391 80.3542 88.59856 98.63416 108.9786 118.3476 127.9307 137.0986 145.7408 150.3179 151.5052 152.7799 154.91 157.0808 156.5728 149.5777 139.6985 131.6651 126.9795 123.1977 121.2078 122.6519 128.0707 136.121 145.8047 157.8587 169.1918 179.6498 186.0443 187.12 185.9602 183.9262 181.2574 112.3422 88.12903 73.4536 61.78534 51.65205
54.36951 56.04036 56.67461 56.15961 54.80933 52.89857 51.13026 50.04388 49.39679 49.06155 48.71137 47.92164 47.06981 46.45179 46.92106 48.19172 49.06087 50.7327 53.03866 54.97407 58.02951 62.47188 66.4451 72.04851 78.73346 85.09394 91.90285 100.3257 108.6697 115.6103 123.1308 129.5851 135.4477 139.4204 141.1981 142.8274 144.1009 144.4758 143.163 137.356 128.8186 120.2807 113.5498 108.6517 105.2876 106.2024 110.9044 118.4735 127.709 138.397 149.5678 160.3522 168.7832 172.7653 175.0924 177.8455 180.9704 149.7769 102.3627 85.41802 74.03918 63.85976
43.17166 44.77433 45.81615 45.97375 44.91833 43.59761 42.38721 42.29838 42.87312 44.28964 45.80159 47.06298 47.9864 48.88163 50.57386 52.25622 53.50124 55.7931 58.81963 62.18565 67.0304 72.19978 77.52224 83.04711 88.14511 93.44317 98.7357 104.6258 109.7312 114.4485 120.0398 124.2447 127.5181 129.6822 130.9 132.6916 133.1175 132.7226 130.5305 124.8081 115.5889 107.2935 99.86214 94.47614 90.84232 90.83637 94.68503 101.9277 110.3926 119.7911 130.0174 140.3747 149.0443 154.0305 158.3275 164.1044 170.8201 177.0243 129.9964 99.07748 85.99849 75.90612
35.45127 36.9486 38.67538 39.45115 38.95432 37.621 36.17585 36.61126 38.7811 41.28354 44.0013 47.00171 49.2739 51.52001 54.6307 57.3176 59.93349 63.17749 66.85133 71.70526 77.494 83.73707 89.26799 93.66724 97.74471 101.2457 104.8835 108.5521 110.7126 113.5287 117.3532 119.989 121.1063 120.955 120.7461 121.6156 121.3399 120.969 118.8602 113.2029 104.8422 96.07276 88.74352 82.77703 78.37366 77.59151 80.64171 86.42829 93.75107 102.4018 112.2641 121.8224 129.5469 134.8174 139.3335 145.5222 154.6275 164.9869 174.9828 141.4335 102.9663 88.42133
30.46278 31.79013 33.70545 35.19326 35.38497 34.71084 34.50171 35.57288 38.55717 41.47192 44.69568 48.80167 52.18566 55.65156 59.85598 63.94748 67.90885 71.99323 76.62035 82.01401 87.92161 94.12672 99.49361 103.702 106.8956 108.8134 110.6882 111.5875 111.1741 111.6995 112.9305 113.8053 114.0384 112.998 112.1849 112.115 112.2655 112.3787 110.3659 104.8325 96.60609 88.8546 81.31553 74.09837 68.1404 66.26097 68.2841 73.23579 80.01265 87.89722 96.69564 105.4045 112.1622 116.354 120.5254 126.4506 135.8944 147.8827 161.0137 174.5071 185.7818 118.5308
26.58777 28.28668 30.2395 32.19087 33.22667 34.09506 35.22079 37.05106 40.74056 44.1898 48.0923 52.52339 56.98611 61.82811 66.85159 71.66228 76.56042 82.02223 87.55322 93.17085 98.50668 104.1794 109.2868 113.3183 115.6528 117.1664 117.0664 114.6043 111.8251 109.7972 108.1589 106.6945 105.7177 104.0443 103.0194 102.6905 103.2017 104.0078 102.8013 98.74583 91.68579 84.03395 75.78823 67.19939 59.85556 56.41236 57.48105 61.83209 67.82278 74.90266 82.35468 90.36558 96.92025 100.4387 104.0701 109.0362 117.2889 128.172 141.2991 156.3692 170.9936 183.6032
24.2339 26.12482 28.18926 30.37787 32.35776 34.38158 36.36498 39.24395 43.64999 47.91625 52.63816 57.54207 62.52399 68.13467 73.7793 79.2738 84.84602 91.05899 97.46532 103.2289 108.6777 114.3578 119.3255 121.5685 122.4413 123.5644 121.9754 117.6479 112.914 108.1165 103.3185 99.25043 96.18446 93.63536 92.41731 92.07163 93.23275 95.1371 95.88396 93.97844 88.17533 80.3517 71.51303 61.94096 52.19118 33.06236 26.10857 43.79245 54.00842 61.38883 69.06861 77.13732 82.86592 86.16223 89.11084 93.1693 99.86855 108.6164 120.5609 136.2365 153.1759 169.4628
24.29731 25.90116 27.85843 29.9198 32.44344 35.11549 37.68817 41.68149 46.48949 51.352 56.43649 61.73043 67.09351 72.85247 79.07197 85.37708 91.25053 97.37363 103.5369 109.3525 115.1541 120.3809 124.5006 125.3326 125.0301 125.0999 122.8304 117.914 112.4459 105.9535 99.00446 92.96472 88.04639 84.27147 82.06197 81.3996 83.16577 86.22692 89.08205 89.27958 86.08856 79.35475 70.24818 59.41192 39.64027 24.2929 25.0278 24.38039 22.64095 37.23758 53.68206 63.38253 68.89061 72.22468 75.04919 78.39392 83.54218 90.56918 101.0387 116.6684 135.1368 153.6815
26.18654 27.93568 29.84526 31.64662 34.38019 37.244 40.05325 44.3064 49.20675 54.1339 59.07949 64.39387 70.10868 75.8328 81.63772 87.55121 93.31618 98.91445 104.0085 108.7878 113.502 117.8592 121.1954 121.8562 121.2597 120.8741 119.0928 114.8821 109.7742 102.7815 94.64318 87.0433 80.56281 75.37074 72.26725 71.58315 73.97102 78.08333 82.51004 85.41599 85.63647 81.00742 72.35356 60.86208 36.73724 24.71014 24.20359 23.23325 22.72112 21.31574 29.2624 41.98969 52.3735 57.49829 61.24311 64.86779 69.44173 75.34146 84.17806 97.62379 114.8184 133.283
1.70141E+38 1.70141E+38 1.70141E+38 1.70141E+38 1.70141E+38 1.70141E+38 1.70141E+38 1.70141E+38 1.70141E+38 1.70141E+38 1.70141E+38 1.70141E+38 1.70141E+38 1.70141E+38 1.70141E+38 1.70141E+38 1.70141E+38 1.70141E+38 1.70141E+38 1.70141E+38 1.70141E+38 1.70141E+38 1.70141E+38 1.70141E+38 1.70141E+38 1.70141E+38 1.70141E+38 1.70141E+38 1.70141E+38 1.70141E+38 1.70141E+38 1.70141E+38 1.70141E+38 1.70141E+38 1.70141E+38 1.70141E+38 1.70141E+38 1.70141E+38 1.70141E+38 1.70141E+38 1.70141E+38 1.70141E+38 1.70141E+38 1.70141E+38 1.70141E+38 1.70141E+38 1.70141E+38 1.70141E+38 1.70141E+38 1.70141E+38 1.70141E+38 1.70141E+38 1.70141E+38 1.70141E+38 1.70141E+38 1.70141E+38 1.70141E+38 1.70141E+38 1.70141E+38 1.70141E+38 1.70141E+38 1.70141E+38
1.70141E+38 1.70141E+38 1.70141E+38 1.70141E+38 1.70141E+38 1.70141E+38 1.70141E+38 1.70141E+38 1.70141E+38 1.70141E+38 1.70141E+38 1.70141E+38 1.70141E+38 1.70141E+38 1.70141E+38 1.70141E+38 1.70141E+38 1.70141E+38 1.70141E+38 1.70141E+38 1.70141E+38 1.70141E+38 1.70141E+38 1.70141E+38 1.70141E+38 1.70141E+38 1.70141E+38 1.70141E+38 1.70141E+38 1.70141E+38 1.70141E+38 1.70141E+38 1.70141E+38 1.70141E+38 1.70141E+38 1.70141E+38 1.70141E+38 1.70141E+38 1.70141E+38 1.70141E+38 1.70141E+38 1.70141E+38 1.70141E+38 1.70141E+38 1.70141E+38 1.70141E+38 1.70141E+38 1.70141E+38 1.70141E+38 1.70141E+38 1.70141E+38 1.70141E+38 1.70141E+38 1.70141E+38 1.70141E+38 1.70141E+38 1.70141E+38 1.70141E+38 1.70141E+38 1.70141E+38 1.70141E+38 1.70141E+38
1.70141E+38 1.70141E+38 1.70141E+38 1.70141E+38 1.70141E+38 1.70141E+38 1.70141E+38 1.70141E+38 1.70141E+38 1.70141E+38 1.70141E+38 1.70141E+38 1.70141E+38 1.70141E+38 1.70141E+38 1.70141E+38 1.70141E+38 1.70141E+38 1.70141E+38 1.70141E+38 1.70141E+38 1.70141E+38 1.70141E+38 1.70141E+38 1.70141E+38 1.70141E+38 1.70141E+38 1.70141E+38 1.70141E+38 1.70141E+38 1.70141E+38 1.70141E+38 1.70141E+38 1.70141E+38 1.70141E+38 1.70141E+38 1.70141E+38 1.70141E+38 1.70141E+38 1.70141E+38 1.70141E+38 1.70141E+38 1.70141E+38 1.70141E+38 1.70141E+38 1.70141E+38 1.70141E+38 1.70141E+38 1.70141E+38 1.70141E+38 1.70141E+38 1.70141E+38 1.70141E+38 1.70141E+38 1.70141E+38 1.70141E+38 1.70141E+38 1.70141E+38 1.70141E+38 1.70141E+38 1.70141E+38 1.70141E+38
1.70141E+38 1.70141E+38 1.70141E+38 1.70141E+38 1.70141E+38 1.70141E+38 1.70141E+38 1.70141E+38 1.70141E+38 1.70141E+38 1.70141E+38 1.70141E+38 1.70141E+38 1.70141E+38 1.70141E+38 1.70141E+38 1.70141E+38 1.70141E+38 1.70141E+38 1.70141E+38 1.70141E+38 1.70141E+38 1.70141E+38 1.70141E+38 1.70141E+38 1.70141E+38 1.70141E+38 1.70141E+38 1.70141E+38 1.70141E+38 1.70141E+38 1.70141E+38 1.70141E+38 1.70141E+38 1.70141E+38 1.70141E+38 1.70141E+38 1.70141E+38 1.70141E+38 1.70141E+38 1.70141E+38 1.70141E+38 1.70141E+38 1.70141E+38 1.70141E+38 1.70141E+38 1.70141E+38 1.70141E+38 1.70141E+38 1.70141E+38 1.70141E+38 1.70141E+38 1.70141E+38 1.70141E+38 1.70141E+38 1.70141E+38 1.70141E+38 1.70141E+38 1.70141E+38 1.70141E+38 1.70141E+38 1.70141E+38
1.70141E+38 1.70141E+38 1.70141E+38 1.70141E+38 1.70141E+38 1.70141E+38 1.70141E+38 1.70141E+38 1.70141E+38 1.70141E+38 1.70141E+38 1.70141E+38 1.70141E+38 1.70141E+38 1.70141E+38 1.70141E+38 1.70141E+38 1.70141E+38 1.70141E+38 1.70141E+38 1.70141E+38 1.70141E+38 1.70141E+38 1.70141E+38 1.70141E+38 1.70141E+38 1.70141E+38 1.70141E+38 1.70141E+38 1.70141E+38 1.70141E+38 1.70141E+38 1.70141E+38 1.70141E+38 1.70141E+38 1.70141E+38 1.70141E+38 1.70141E+38 1.70141E+38 1.70141E+38 1.70141E+38 1.70141E+38 1.70141E+38 1.70141E+38 1.70141E+38 1.70141E+38 1.70141E+38 1.70141E+38 1.70141E+38 1.70141E+38 1.70141E+38 1.70141E+38 1.70141E+38 1.70141E+38 1.70141E+38 1.70141E+38 1.70141E+38 1.70141E+38 1.70141E+38 1.70141E+38 1.70141E+38 1.70141E+38
1.70141E+38 1.70141E+38 1.70141E+38 1.70141E+38 1.70141E+38 1.70141E+38 1.70141E+38 1.70141E+38 1.70141E+38 1.70141E+38 1.70141E+38 1.70141E+38 1.70141E+38 1.70141E+38 1.70141E+38 1.70141E+38 1.70141E+38 1.70141E+38 1.70141E+38 1.70141E+38 1.70141E+38 1.70141E+38 1.70141E+38 1.70141E+38 1.70141E+38 1.70141E+38 1.70141E+38 1.70141E+38 1.70141E+38 1.70141E+38 1.70141E+38 1.70141E+38 1.70141E+38 1.70141E+38 1.70141E+38 1.70141E+38 1.70141E+38 1.70141E+38 1.70141E+38 1.70141E+38 1.70141E+38 1.70141E+38 1.70141E+38 1.70141E+38 1.70141E+38 1.70141E+38 1.70141E+38 1.70141E+38 1.70141E+38 1.70141E+38 1.70141E+38 1.70141E+38 1.70141E+38 1.70141E+38 1.70141E+38 1.70141E+38 1.70141E+38 1.70141E+38 1.70141E+38 1.70141E+38 1.70141E+38 1.70141E+38
1.70141E+38 1.70141E+38 1.70141E+38 1.70141E+38 1.70141E+38 1.70141E+38 1.70141E+38 1.70141E+38 1.70141E+38 1.70141E+38 1.70141E+38 1.70141E+38 1.70141E+38 1.70141E+38 1.70141E+38 1.70141E+38 1.70141E+38 1.70141E+38 1.70141E+38 1.70141E+38 1.70141E+38 1.70141E+38 1.70141E+38 1.70141E+38 1.70141E+38 1.70141E+38 1.70141E+38 1.70141E+38 1.70141E+38 1.70141E+38 1.70141E+38 1.70141E+38 1.70141E+38 1.70141E+38 1.70141E+38 1.70141E+38 1.70141E+38 1.70141E+38 1.70141E+38 1.70141E+38 1.70141E+38 1.70141E+38 1.70141E+38 1.70141E+38 1.70141E+38 1.70141E+38 1.70141E+38 1.70141E+38 1.70141E+38 1.70141E+38 1.70141E+38 1.70141E+38 1.70141E+38 1.70141E+38 1.70141E+38 1.70141E+38 1.70141E+38 1.70141E+38 1.70141E+38 1.70141E+38 1.70141E+38 1.70141E+38
1.70141E+38 1.70141E+38 1.70141E+38 1.70141E+38 1.70141E+38 1.70141E+38 1.70141E+38 1.70141E+38 1.70141E+38 1.70141E+38 1.70141E+38 1.70141E+38 1.70141E+38 1.70141E+38 1.70141E+38 1.70141E+38 1.70141E+38 1.70141E+38 1.70141E+38 1.70141E+38 1.70141E+38 1.70141E+38 1.70141E+38 1.70141E+38 1.70141E+38 1.70141E+38 1.70141E+38 1.70141E+38 1.70141E+38 1.70141E+38 1.70141E+38 1.70141E+38 1.70141E+38 1.70141E+38 1.70141E+38 1.70141E+38 1.70141E+38 1.70141E+38 1.70141E+38 1.70141E+38 1.70141E+38 1.70141E+38 1.70141E+38 1.70141E+38 1.70141E+38 1.70141E+38 1.70141E+38 1.70141E+38 1.70141E+38 1.70141E+38 1.70141E+38 1.70141E+38 1.70141E+38 1.70141E+38 1.70141E+38 1.70141E+38 1.70141E+38 1.70141E+38 1.70141E+38 1.70141E+38 1.70141E+38 1.70141E+38
