py_wake/examples/data/AJ_ParqueFicticio/Ridge area   Sector 7   Height 30m   Mean speed.grd
DSAA
90  129
 262878   265103
 6504214   6507414
 .8409476   6.299382
[rows 27 to 53 of 129, columns 0 to 61 of 90]
4.04492 4.075323 4.111175 4.142763 4.166128 4.181326 4.186447 4.17908 4.161348 4.134474 4.100083 4.060342 4.019845 3.982292 3.953702 3.93398 3.921237 3.91381 3.909353 3.907566 3.921628 3.945418 3.970876 4.002831 4.036895 4.074663 4.115957 4.163313 4.220668 4.286863 4.355349 4.423861 4.490094 4.55241 4.604009 4.650983 4.690017 4.720144 4.74329 4.750302 4.737015 4.709749 4.673348 4.6338 4.58942 4.53837 4.482628 4.410969 4.326715 4.23144 4.117593 4.000741 3.884099 3.761848 3.637461 3.228416 1.983697 2.435906 2.558854 2.669792 2.740768 2.771557
4.020959 4.056487 4.097342 4.135696 4.169684 4.198379 4.217673 4.225664 4.21955 4.198319 4.166321 4.125616 4.074811 4.018237 3.963367 3.916869 3.880434 3.851768 3.827485 3.805275 3.793617 3.791002 3.791891 3.806588 3.83054 3.859786 3.900956 3.951774 4.016336 4.086629 4.15602 4.225579 4.297878 4.369308 4.433203 4.491677 4.544821 4.588635 4.628548 4.656442 4.665373 4.659712 4.638788 4.603963 4.55537 4.499423 4.440745 4.367298 4.277383 4.17851 4.059587 3.935976 3.815858 3.692616 3.486325 2.74245 1.961301 2.138654 2.518134 2.640899 2.721203 2.770015
3.992264 4.032435 4.075695 4.1166 4.156782 4.195787 4.228529 4.25364 4.264999 4.257133 4.229568 4.184725 4.130739 4.070073 4.004673 3.941162 3.883302 3.831503 3.781565 3.734944 3.697002 3.662856 3.640884 3.643245 3.649503 3.656079 3.68696 3.73747 3.805519 3.878953 3.950341 4.022725 4.097316 4.176337 4.252164 4.319904 4.386044 4.445877 4.503988 4.554836 4.588629 4.607573 4.60886 4.586773 4.537902 4.474597 4.406894 4.328655 4.232687 4.126552 3.998561 3.865959 3.743591 3.60095 3.27921 1.719419 1.919052 2.077904 2.462068 2.585015 2.670987 2.728677
3.95353 3.997602 4.042449 4.084793 4.127734 4.170225 4.209407 4.245512 4.272864 4.281988 4.263113 4.223657 4.173047 4.118437 4.059394 3.995324 3.92956 3.861144 3.787965 3.71866 3.662484 3.596999 3.536781 3.519112 3.502188 3.479482 3.497866 3.549114 3.612213 3.68218 3.754414 3.823174 3.891421 3.979123 4.069852 4.150021 4.226869 4.30289 4.380564 4.454662 4.515983 4.565519 4.594664 4.587394 4.54656 4.479582 4.395441 4.305597 4.197894 4.078794 3.941195 3.803312 3.684511 3.5053 3.065744 1.72178 1.881529 2.050527 2.429167 2.546377 2.632785 2.692425
3.89626 3.941333 3.986738 4.028314 4.071628 4.115274 4.155744 4.193039 4.225416 4.244913 4.241395 4.22114 4.187576 4.145679 4.099037 4.046824 3.98715 3.919832 3.84896 3.781971 3.716258 3.642345 3.568326 3.507744 3.472788 3.439393 3.438794 3.464322 3.49539 3.539582 3.597495 3.662001 3.732793 3.819311 3.910257 3.998382 4.084029 4.171846 4.265102 4.357253 4.438558 4.50883 4.557 4.565614 4.540105 4.484911 4.394189 4.29184 4.176441 4.050194 3.911135 3.771509 3.659087 3.472591 1.805436 1.750197 1.870227 2.013425 2.467496 2.566483 2.642678 2.698554
3.833178 3.878359 3.923997 3.964605 4.005977 4.046923 4.084054 4.117571 4.148283 4.172176 4.181611 4.179013 4.165851 4.143024 4.112557 4.074408 4.028412 3.97964 3.930918 3.875864 3.814003 3.75073 3.685018 3.616528 3.543802 3.49066 3.467434 3.459764 3.455595 3.464402 3.500268 3.55403 3.621058 3.692716 3.771277 3.858385 3.950645 4.047841 4.152983 4.25758 4.35374 4.438533 4.496451 4.519732 4.50862 4.467985 4.390444 4.284113 4.168445 4.03919 3.900382 3.763318 3.658995 2.298324 1.884458 1.801307 1.892313 2.014053 2.137644 2.563105 2.663146 2.736868
3.765293 3.812223 3.859859 3.90114 3.942356 3.982009 4.0166 4.04605 4.073594 4.099674 4.119407 4.130011 4.130948 4.122242 4.10484 4.079746 4.049177 4.028204 4.008931 3.973751 3.92841 3.876937 3.819528 3.757067 3.68493 3.603159 3.533531 3.508403 3.477703 3.462801 3.46929 3.489466 3.53853 3.59338 3.654903 3.738519 3.833738 3.935057 4.046926 4.159976 4.270483 4.37028 4.436294 4.471067 4.472912 4.441941 4.383502 4.284511 4.169647 4.044099 3.915431 3.789843 2.00979 2.143015 2.009198 1.904664 1.953446 2.052817 2.158779 2.516331 2.611972 2.715651
3.692985 3.745175 3.798623 3.844655 3.891153 3.934463 3.971199 4.00283 4.030172 4.05576 4.08127 4.100893 4.111004 4.109937 4.097971 4.078481 4.0646 4.066669 4.069059 4.060854 4.034916 3.998679 3.958381 3.907872 3.842816 3.771241 3.700346 3.623423 3.587951 3.56204 3.540371 3.536272 3.555836 3.581918 3.628249 3.700338 3.776973 3.875245 3.982739 4.094565 4.213906 4.320401 4.389826 4.432956 4.447001 4.424666 4.383163 4.30463 4.203756 4.096255 3.977095 3.861538 1.992078 1.993107 2.015289 2.045525 2.059575 2.125587 2.204309 2.334686 2.559588 2.681006
3.626939 3.685166 3.743824 3.796199 3.85457 3.909475 3.957189 3.99907 4.033995 4.063828 4.091003 4.111489 4.124198 4.126039 4.116959 4.102387 4.100144 4.110108 4.120042 4.124072 4.119202 4.108812 4.091604 4.063546 4.024098 3.980246 3.930143 3.877352 3.810081 3.74682 3.721913 3.707736 3.700827 3.704256 3.734169 3.774102 3.831338 3.910645 3.999722 4.092817 4.201997 4.302842 4.37027 4.418705 4.442306 4.430614 4.400262 4.34678 4.263155 4.17614 4.083953 3.986074 3.898531 1.995324 2.009768 2.027271 2.095078 2.128877 2.161783 2.248765 2.460859 2.591056
3.571162 3.628855 3.689456 3.746451 3.820358 3.891054 3.953958 4.009305 4.055775 4.094285 4.125428 4.148811 4.16629 4.171739 4.167855 4.163302 4.161364 4.166326 4.176945 4.185973 4.195255 4.206896 4.212385 4.215786 4.210935 4.197783 4.181369 4.159425 4.117396 4.047402 3.961388 3.931302 3.911615 3.902601 3.913196 3.932882 3.965902 4.017825 4.079385 4.150467 4.235367 4.318606 4.381169 4.433744 4.469729 4.467231 4.441214 4.397495 4.342948 4.278212 4.214428 4.139225 4.062698 4.013162 1.989599 2.019085 2.1023 2.127879 2.155775 2.201332 2.368175 2.522203
3.525571 3.573908 3.631924 3.692191 3.782448 3.870059 3.948764 4.018867 4.080083 4.132175 4.172674 4.205895 4.232332 4.243892 4.248078 4.247373 4.242543 4.241498 4.247632 4.260068 4.285303 4.310926 4.337801 4.3657 4.390624 4.407358 4.417699 4.424387 4.416391 4.370287 4.297335 4.20907 4.156495 4.140958 4.130561 4.132282 4.144544 4.166046 4.192529 4.236938 4.303998 4.374182 4.433251 4.48484 4.529353 4.539858 4.512154 4.468299 4.428885 4.384463 4.33336 4.283739 4.224418 4.174185 4.127683 2.049682 2.063878 2.13591 2.168262 2.214724 2.341794 3.327636
3.499784 3.522268 3.571836 3.637225 3.739681 3.839297 3.931077 4.014744 4.089495 4.159015 4.21806 4.271711 4.313907 4.338803 4.347212 4.348874 4.35081 4.355398 4.357344 4.374636 4.408212 4.445508 4.482314 4.520612 4.561161 4.598995 4.630153 4.654302 4.666877 4.650994 4.606688 4.542886 4.461772 4.394205 4.371466 4.357184 4.345454 4.341481 4.348711 4.375793 4.425317 4.482535 4.534419 4.575243 4.611332 4.623032 4.599109 4.558359 4.519351 4.485676 4.447093 4.403567 4.354572 4.313993 4.280025 2.9363 2.103428 2.120119 2.180618 2.25602 3.372836 3.363306
3.475154 3.478845 3.516945 3.590736 3.695104 3.801889 3.906304 4.005344 4.096023 4.179329 4.253348 4.324558 4.385124 4.428962 4.454728 4.469806 4.487164 4.50104 4.516814 4.537914 4.567252 4.603675 4.645319 4.691357 4.736485 4.781586 4.82443 4.85886 4.881715 4.88786 4.871707 4.833389 4.777116 4.709071 4.632676 4.603288 4.581722 4.563869 4.553867 4.562634 4.589134 4.624467 4.653603 4.676913 4.695465 4.696967 4.674739 4.647644 4.61679 4.581783 4.550011 4.510646 4.457149 4.427735 4.38773 4.17608 2.413518 2.123924 2.1842 2.295333 3.407714 3.375583
3.454451 3.448499 3.481991 3.55822 3.654812 3.75891 3.867157 3.974994 4.080982 4.182211 4.276454 4.366872 4.445393 4.506946 4.55708 4.598847 4.629356 4.657572 4.684797 4.706961 4.731944 4.763829 4.807846 4.860575 4.913933 4.964898 5.01082 5.050116 5.08135 5.099736 5.104244 5.090209 5.058623 5.008977 4.946222 4.864968 4.817203 4.789641 4.767192 4.756731 4.759595 4.768559 4.776925 4.787975 4.796937 4.791194 4.765521 4.733632 4.70182 4.66653 4.635743 4.603995 4.545748 4.525427 4.465361 4.238537 3.842357 2.302542 2.207783 2.335151 3.427768 3.376044
3.451003 3.431132 3.458576 3.510299 3.594597 3.697085 3.815753 3.934026 4.049422 4.161618 4.27289 4.381008 4.478315 4.563375 4.638652 4.703434 4.755204 4.794058 4.828784 4.853471 4.874309 4.906614 4.950989 5.00723 5.062573 5.117908 5.167509 5.209922 5.240989 5.265596 5.279155 5.279185 5.265873 5.234474 5.188892 5.130842 5.057236 4.998564 4.959775 4.932683 4.920009 4.922397 4.919768 4.912141 4.903888 4.890549 4.864053 4.81987 4.777211 4.74065 4.704395 4.666031 4.612032 4.610514 4.524377 4.276582 3.780504 2.613847 2.481677 2.648455 3.246899 3.299916
3.461997 3.442596 3.453935 3.474882 3.527833 3.608927 3.737751 3.866219 3.994185 4.120467 4.24413 4.362557 4.473555 4.5724 4.661308 4.742301 4.813156 4.869923 4.913174 4.945749 4.975787 5.003442 5.038293 5.085548 5.138233 5.190812 5.239255 5.281345 5.314427 5.341718 5.360293 5.369742 5.370157 5.356048 5.327764 5.289322 5.233507 5.157944 5.096793 5.065279 5.050758 5.038732 5.016708 4.993382 4.975909 4.955986 4.927611 4.891669 4.842857 4.794986 4.746437 4.694859 4.672354 4.667653 4.560862 4.292299 3.751522 3.064281 2.954389 3.066564 3.183391 3.269754
3.473938 3.444944 3.440918 3.440758 3.471339 3.547413 3.648223 3.75749 3.895843 4.033889 4.172313 4.309388 4.432831 4.542816 4.639857 4.727213 4.810797 4.88401 4.944113 4.989551 5.021697 5.044 5.067304 5.10059 5.133448 5.17206 5.213897 5.25269 5.284349 5.314124 5.342548 5.36497 5.381447 5.386998 5.378243 5.359554 5.327608 5.27465 5.204308 5.172264 5.146618 5.119138 5.090035 5.062006 5.037724 5.009996 4.974451 4.935279 4.888458 4.829568 4.768909 4.706652 4.703461 4.690279 4.568951 4.297381 3.793397 3.234062 3.110812 3.156175 3.243645 3.349562
3.521506 3.473125 3.450715 3.433741 3.442224 3.489622 3.567144 3.65407 3.765559 3.891896 4.041822 4.192971 4.333904 4.461674 4.575151 4.676235 4.76617 4.847356 4.919003 4.978528 5.024032 5.055939 5.079843 5.099915 5.118135 5.134776 5.150892 5.170526 5.201615 5.231024 5.262171 5.293225 5.323756 5.346908 5.358362 5.362087 5.356031 5.33004 5.282788 5.243366 5.21468 5.186724 5.157775 5.129841 5.103443 5.066759 5.01719 4.966426 4.916747 4.853573 4.784894 4.716015 4.724276 4.704724 4.577419 4.307137 3.860171 3.346909 3.235711 3.271047 3.360995 3.489094
3.604791 3.536444 3.500058 3.468045 3.443659 3.435789 3.469968 3.536641 3.645754 3.771221 3.905349 4.043838 4.172129 4.303967 4.430708 4.542696 4.636643 4.721153 4.802649 4.875066 4.93137 4.971443 4.997517 5.011549 5.019267 5.025524 5.033763 5.042431 5.049489 5.081678 5.113754 5.15096 5.191475 5.231306 5.264566 5.29028 5.306841 5.308135 5.289604 5.26955 5.25327 5.237078 5.219749 5.195203 5.164422 5.123739 5.064296 4.995791 4.933686 4.870173 4.79633 4.738309 4.739983 4.716263 4.586335 4.316986 3.953439 3.468802 3.371407 3.416657 3.533274 3.717252
3.728603 3.604111 3.537066 3.481504 3.422395 3.366938 3.350598 3.390964 3.49395 3.616719 3.745507 3.88207 4.009407 4.131143 4.24891 4.354535 4.437916 4.509673 4.580385 4.645769 4.700348 4.745641 4.781031 4.803982 4.820594 4.837587 4.853268 4.868163 4.882013 4.904495 4.941627 4.980943 5.022694 5.065662 5.109369 5.145452 5.174791 5.201426 5.220025 5.228491 5.23139 5.231283 5.225907 5.206223 5.175352 5.138491 5.090021 5.022631 4.949567 4.882053 4.807694 4.756684 4.755302 4.729537 4.606694 4.355538 4.092925 3.663926 3.535208 3.595675 3.769835 4.035313
3.869037 3.689703 3.591384 3.514559 3.419037 3.325104 3.261147 3.258987 3.3355 3.434802 3.543506 3.665771 3.780784 3.902493 4.018359 4.120701 4.205758 4.276337 4.344085 4.406197 4.456905 4.498536 4.530672 4.552557 4.571997 4.593278 4.61327 4.629397 4.64662 4.668561 4.714198 4.766106 4.823629 4.878406 4.932782 4.98408 5.02634 5.067413 5.104725 5.130802 5.151608 5.168324 5.176953 5.17156 5.154364 5.124208 5.088303 5.042338 4.9725 4.899823 4.8249 4.773586 4.772851 4.752155 4.649652 4.440294 4.219987 3.974608 3.812808 3.917256 4.186713 4.565431
4.034028 3.848058 3.694788 3.604406 3.488816 3.369491 3.270399 3.211933 3.212302 3.255722 3.329397 3.430274 3.523735 3.634116 3.757272 3.864686 3.946668 4.019648 4.090456 4.152698 4.201353 4.239093 4.268566 4.286427 4.296902 4.318657 4.345861 4.368917 4.389136 4.414145 4.458212 4.527496 4.597092 4.667566 4.73467 4.801117 4.861204 4.916994 4.974292 5.021053 5.058121 5.090762 5.113268 5.120655 5.118265 5.100214 5.073549 5.047953 5.000072 4.925304 4.847561 4.791442 4.789637 4.773192 4.690169 4.522101 4.335857 4.254872 4.219711 4.369861 4.616435 4.783037
4.220643 4.035963 3.838756 3.704924 3.591671 3.461657 3.338641 3.230317 3.148567 3.119536 3.143932 3.205373 3.264621 3.350936 3.480094 3.584355 3.673307 3.744709 3.814841 3.883578 3.937949 3.974202 4.000231 4.016762 4.022357 4.02904 4.056617 4.08534 4.110736 4.145829 4.18959 4.268934 4.352387 4.441603 4.526591 4.605056 4.682928 4.758593 4.83598 4.905166 4.957716 5.006876 5.045105 5.065089 5.076181 5.072594 5.055453 5.037163 5.012443 4.947899 4.867529 4.804657 4.799513 4.78566 4.715055 4.579651 4.442857 4.393152 4.456821 4.604867 4.795746 4.991466
4.414747 4.237172 4.037513 3.829521 3.717645 3.575437 3.425157 3.276445 3.150165 3.076895 3.060971 3.0727 3.092551 3.140658 3.230666 3.301093 3.38039 3.443343 3.501908 3.573277 3.641664 3.687808 3.716389 3.744251 3.750862 3.74383 3.760621 3.788737 3.821247 3.860611 3.899846 3.984143 4.089982 4.20163 4.304849 4.396112 4.490466 4.591521 4.689811 4.783701 4.854055 4.921066 4.977956 5.013855 5.038813 5.048954 5.040858 5.02473 5.004182 4.957539 4.878558 4.803987 4.798102 4.789926 4.736736 4.636333 4.550121 4.534813 4.631846 4.807737 5.018123 5.227482
4.607946 4.452053 4.266853 4.063557 3.865039 3.726507 3.571948 3.402503 3.247585 3.133136 3.070758 3.049036 3.05004 3.043413 3.040262 3.039332 3.064367 3.1203 3.159569 3.216678 3.298884 3.371152 3.424891 3.465858 3.490265 3.488422 3.483042 3.510626 3.519858 3.539801 3.593821 3.677551 3.810461 3.947644 4.064441 4.167734 4.289927 4.416059 4.537116 4.654321 4.748657 4.836952 4.916209 4.972312 5.015219 5.040555 5.036852 5.018202 4.99508 4.960495 4.889456 4.806444 4.79008 4.790294 4.76784 4.712141 4.671199 4.711671 4.836692 5.020328 5.228871 5.432209
4.780719 4.644903 4.486491 4.307201 4.107834 3.909251 3.726218 3.547616 3.370062 3.214654 3.115904 3.085972 3.078076 3.028481 2.9322 2.821333 2.764907 2.804727 2.832128 2.863008 2.953626 3.062359 3.151872 3.224452 3.268975 3.266539 3.246106 3.252221 3.243502 3.24046 3.301067 3.379665 3.526093 3.692402 3.83344 3.959175 4.102508 4.247688 4.386483 4.522803 4.644823 4.757575 4.861395 4.942685 5.010913 5.056548 5.05681 5.031901 5.002793 4.968338 4.906012 4.821111 4.778417 4.784523 4.788764 4.78996 4.811745 4.88595 5.013651 5.197742 5.403529 5.593818
4.942064 4.815283 4.666439 4.499052 4.32274 4.137465 3.932694 3.723168 3.543028 3.366209 3.256975 3.210522 3.179251 3.089156 2.942783 2.746816 2.625862 2.623015 2.619308 2.627186 2.721624 2.853557 2.978234 3.087744 3.153363 3.156752 3.135319 3.146444 3.121612 3.091251 3.145711 3.211607 3.3511 3.53016 3.691455 3.83495 3.978417 4.121687 4.271531 4.429545 4.574457 4.705495 4.826332 4.92985 5.023994 5.089742 5.098474 5.072051 5.034023 4.992197 4.936318 4.859279 4.790184 4.796386 4.818599 4.863599 4.956079 5.057144 5.184022 5.352348 5.531797 5.691826
