py_wake/examples/data/AJ_ParqueFicticio/Ridge area   Sector 1   Height 30m   Turbulence intensity.grd
DSAA
90  129
 262878   265103
 6504214   6507414
 12.85226   100
[rows 54 to 80 of 129, columns 0 to 61 of 90]
15.28786 15.827 16.54768 17.62262 19.12211 21.57167 24.99976 29.23916 34.29653 38.61201 40.79289 43.07743 48.1244 57.188 68.43841 78.14526 80.44543 73.44267 63.94613 55.07481 47.03186 40.66815 35.64743 31.88836 29.36693 28.23183 27.79397 27.23456 27.2473 27.43987 27.13762 26.81558 26.42394 25.76812 25.14487 24.27133 22.98236 21.55683 20.17068 18.93703 17.8782 16.93693 16.16444 15.52931 14.94265 14.52641 14.32516 14.24558 14.23372 14.264 14.28214 14.32337 14.37589 14.43699 14.6095 14.84821 15.10008 15.38132 15.64451 15.79012 15.72842 15.54533
15.0955 15.50688 16.03633 16.7897 17.97132 19.67244 21.90256 24.71299 27.90357 30.43112 31.56742 32.64787 36.13315 43.36802 53.24943 63.33043 68.36479 65.55555 59.26918 51.67416 44.4821 38.29673 33.42171 29.71992 27.04899 25.57991 24.7398 24.26884 24.0585 23.93459 23.83778 23.58827 23.41967 23.31702 23.15981 22.69369 21.66959 20.51038 19.41462 18.419 17.519 16.68381 15.98379 15.37536 14.83665 14.49194 14.26041 14.12829 14.05011 14.04575 14.05868 14.07215 14.09029 14.11122 14.20893 14.40276 14.6238 14.87053 15.12602 15.30551 15.37515 15.39601
14.88448 15.19281 15.59353 16.18002 17.08564 18.23695 19.74081 21.56428 23.50883 24.97882 25.41702 25.54967 27.09017 31.70461 38.48992 46.12733 51.54048 52.82495 51.22598 46.90425 40.68792 35.07307 30.70099 27.11506 24.52517 23.0302 22.20028 21.74871 21.55201 21.4255 21.29032 21.14451 21.05185 21.07362 21.02197 20.71095 20.10931 19.3333 18.57188 17.78647 17.01567 16.32223 15.71745 15.15907 14.71013 14.41273 14.17559 14.03191 13.92343 13.8455 13.82933 13.8292 13.82887 13.83762 13.91309 14.0814 14.27985 14.50375 14.75401 14.97544 15.13803 15.25225
14.66222 14.93125 15.26956 15.751 16.39497 17.23544 18.21597 19.25748 20.33341 21.15518 21.48603 21.30078 21.7132 23.69504 27.32332 31.88055 36.34708 39.14886 40.57447 39.23477 34.98771 30.67784 27.3016 24.4392 22.28726 20.96901 20.2636 19.87424 19.718 19.57844 19.45539 19.36064 19.32197 19.28803 19.16617 18.94511 18.57527 18.11539 17.60093 17.01856 16.39242 15.82917 15.32226 14.86409 14.53544 14.26835 14.04945 13.90623 13.7952 13.67956 13.59993 13.56812 13.56407 13.56917 13.62002 13.76273 13.9739 14.2118 14.47618 14.71466 14.91248 15.12055
14.50302 14.72576 15.02914 15.45939 15.94888 16.52502 17.15417 17.85512 18.4993 18.92603 19.02893 18.92013 19.04062 19.91845 21.68134 23.85391 26.16562 28.25147 30.36721 30.6112 28.55226 26.05109 23.8392 21.89607 20.41677 19.4454 18.87028 18.56934 18.39628 18.25655 18.14503 18.04911 17.99308 17.92853 17.81936 17.62292 17.331 16.96813 16.55188 16.11689 15.6792 15.25484 14.84263 14.53152 14.28357 14.05562 13.8611 13.72865 13.62693 13.52358 13.41788 13.34782 13.32714 13.3134 13.33932 13.44151 13.63563 13.8938 14.17452 14.46956 14.77571 15.13322
14.34207 14.51684 14.74944 15.08252 15.47815 15.92803 16.38801 16.85819 17.265 17.57493 17.65734 17.58812 17.63936 18.10429 19.02762 20.09138 21.17213 22.39626 23.64173 24.17397 23.45638 22.32699 21.01726 19.77776 18.85041 18.22278 17.81368 17.58153 17.4491 17.32112 17.18307 17.0569 16.95169 16.86768 16.75559 16.56911 16.32284 16.00949 15.65819 15.31414 15.00805 14.69373 14.41836 14.20106 13.97724 13.76422 13.58655 13.47154 13.39815 13.33862 13.26605 13.18851 13.14651 13.12369 13.13188 13.20223 13.35076 13.58848 13.91611 14.29958 14.75097 15.25312
14.13418 14.26758 14.43301 14.67584 14.98959 15.33531 15.67469 15.97846 16.28121 16.56579 16.6723 16.63874 16.68454 17.00108 17.52656 18.01787 18.4883 19.08596 19.80075 20.36998 20.11545 19.55975 18.93812 18.23239 17.6625 17.2565 16.96526 16.79356 16.6784 16.57019 16.44485 16.29009 16.14028 16.0455 15.93472 15.7579 15.55216 15.29603 15.00597 14.76033 14.52592 14.30643 14.1358 13.9512 13.72748 13.51696 13.37394 13.27025 13.19631 13.17547 13.15322 13.10193 13.04848 13.00951 13.00802 13.06299 13.19271 13.41472 13.75819 14.23361 14.8103 15.42765
13.86366 13.9839 14.12053 14.29373 14.53766 14.79489 15.02712 15.2352 15.47786 15.725 15.83994 15.85406 15.88581 16.09702 16.46038 16.79611 17.05347 17.36493 17.75517 18.07754 18.03796 17.77879 17.48675 17.10896 16.72826 16.42898 16.22424 16.08913 15.98357 15.89864 15.81463 15.68889 15.56258 15.48838 15.38447 15.24724 15.07995 14.85195 14.62781 14.43506 14.24402 14.09515 13.97687 13.82265 13.62331 13.46254 13.37834 13.27941 13.17193 13.10794 13.0951 13.06852 13.02184 12.97807 12.97588 13.03873 13.18493 13.42765 13.79219 14.31416 14.99357 15.73284
13.57877 13.69057 13.79446 13.87441 14.02398 14.18783 14.33953 14.50244 14.69762 14.905 15.01971 15.05304 15.1548 15.40372 15.68746 15.93467 16.06255 16.24072 16.46003 16.63791 16.66447 16.4883 16.30926 16.08656 15.84268 15.61834 15.48646 15.43442 15.38772 15.3441 15.31947 15.24125 15.1749 15.1127 15.03633 14.94959 14.80659 14.62989 14.46596 14.29323 14.13378 14.01291 13.89522 13.75527 13.61031 13.52002 13.47236 13.38192 13.25793 13.13731 13.07807 13.05663 13.0309 13.00098 13.00142 13.07646 13.24407 13.51699 13.91068 14.48098 15.27885 16.21719
13.34664 13.43232 13.47722 13.52985 13.63292 13.7488 13.85868 13.97002 14.11752 14.30092 14.46126 14.57212 14.67738 14.83981 14.99321 15.09424 15.1712 15.29213 15.45481 15.53817 15.49967 15.4024 15.2709 15.14634 14.97608 14.87649 14.86273 14.8685 14.8626 14.91121 14.93329 14.91993 14.91345 14.88745 14.85654 14.81463 14.70598 14.56504 14.43222 14.29747 14.15664 14.04001 13.91304 13.765 13.64259 13.60379 13.57132 13.49204 13.37326 13.23613 13.1239 13.07636 13.06079 13.04825 13.04716 13.12519 13.30075 13.58919 14.0011 14.60624 15.49546 16.59558
13.25625 13.31463 13.35195 13.44509 13.5709 13.67663 13.75473 13.82043 13.91567 14.05262 14.17994 14.26258 14.34346 14.45125 14.5206 14.56075 14.63465 14.70084 14.72646 14.65168 14.63071 14.62751 14.57395 14.44603 14.34213 14.37108 14.42122 14.43962 14.50072 14.61456 14.68226 14.72969 14.76947 14.79137 14.81521 14.81584 14.75183 14.65858 14.56707 14.46386 14.32419 14.20285 14.07945 13.92549 13.7728 13.70693 13.67974 13.60923 13.5012 13.37146 13.23778 13.1469 13.12274 13.12601 13.12045 13.18857 13.36067 13.64788 14.05966 14.65821 15.54676 16.66394
13.37066 13.41361 13.43542 13.50669 13.62101 13.69435 13.7388 13.78168 13.86471 13.99547 14.13507 14.24749 14.35793 14.47322 14.5197 14.50485 14.45989 14.43958 14.40567 14.31185 14.27782 14.26756 14.21497 14.1064 14.07076 14.10568 14.15612 14.19553 14.33019 14.48608 14.61697 14.72265 14.81414 14.9048 14.99171 15.04474 15.04953 15.02837 14.97039 14.86129 14.69702 14.54159 14.39977 14.22333 14.02004 13.86161 13.79597 13.72812 13.62973 13.51528 13.38912 13.27835 13.23422 13.23818 13.24128 13.29087 13.45123 13.71848 14.09896 14.64235 15.44553 16.46988
13.63615 13.67011 13.70658 13.70401 13.79747 13.87173 13.91507 13.97455 14.09775 14.29626 14.51581 14.69842 14.84573 14.95997 14.94754 14.80106 14.67897 14.59101 14.53277 14.4445 14.36013 14.27327 14.20266 14.13955 14.09595 14.07671 14.08741 14.17161 14.32904 14.52198 14.70428 14.86371 15.01636 15.17964 15.33258 15.45849 15.56766 15.64044 15.60928 15.48512 15.28135 15.02201 14.79844 14.58191 14.34029 14.07238 13.92056 13.84488 13.75498 13.65558 13.54705 13.44108 13.39221 13.39177 13.39693 13.41876 13.55329 13.78286 14.12201 14.60603 15.31374 16.23425
14.02061 14.05258 14.09614 14.10308 14.09642 14.13192 14.17963 14.28744 14.52028 14.86761 15.2333 15.52017 15.6916 15.75971 15.66677 15.32704 15.09712 15.01435 14.95873 14.82788 14.67089 14.58025 14.50572 14.42184 14.35195 14.3216 14.35473 14.44012 14.61561 14.82251 14.99112 15.17785 15.41601 15.67095 15.86697 16.04674 16.27026 16.44113 16.45638 16.29938 15.97891 15.61193 15.25178 14.95356 14.65141 14.33778 14.08919 13.9636 13.87545 13.78244 13.68456 13.5877 13.54103 13.53431 13.53668 13.53042 13.63642 13.82613 14.12955 14.57228 15.21085 16.03485
14.5875 14.62025 14.65058 14.66651 14.71582 14.73314 14.81212 15.05575 15.49196 16.05834 16.60517 16.95831 17.06077 16.96948 16.75583 16.31643 15.84327 15.66247 15.58257 15.41768 15.18971 15.07813 15.01385 14.93024 14.85449 14.89217 14.97159 15.08427 15.27253 15.49071 15.69324 15.88287 16.17703 16.53283 16.81454 17.04771 17.30229 17.52592 17.58798 17.3361 16.82675 16.31335 15.79106 15.32596 14.97118 14.6367 14.31835 14.10224 13.99035 13.89744 13.80171 13.70987 13.66936 13.667 13.67068 13.67113 13.78298 13.96153 14.241 14.63883 15.21254 15.94754
15.19881 15.30328 15.38812 15.5302 15.68822 15.84893 16.09524 16.49498 17.05965 17.76305 18.448 18.84612 18.86478 18.74594 18.45982 17.88494 17.20279 16.7914 16.50917 16.28938 16.06708 15.86544 15.78499 15.74707 15.7625 15.78597 15.89124 16.10319 16.33216 16.58108 16.89354 17.17352 17.51302 17.98963 18.50782 18.91645 19.18981 19.29713 19.14543 18.7209 17.95978 17.18483 16.46702 15.76674 15.29728 14.93597 14.5877 14.27429 14.10425 13.99923 13.89959 13.81266 13.78967 13.81388 13.84592 13.91336 14.07727 14.28103 14.55701 14.91634 15.40825 18.95383
15.89007 16.05608 16.22345 16.51147 16.89302 17.23314 17.68127 18.23482 18.98095 19.92972 20.8304 21.35271 21.4465 21.28265 20.84638 20.07551 19.21472 18.58441 18.0365 17.57157 17.28994 17.0397 16.87312 16.90417 16.97655 17.05814 17.1679 17.45085 17.77331 18.21563 18.65012 19.11397 19.63251 20.31504 20.99819 21.65887 22.1172 22.16243 21.71589 20.61699 19.40771 18.2493 17.19774 16.27279 15.5784 15.1843 14.82533 14.47562 14.22691 14.08785 13.97921 13.89284 13.8875 13.94291 14.0122 14.14541 14.36618 14.58703 14.87088 15.22711 15.66663 24.68338
16.68238 16.89916 17.11507 17.48832 18.09492 18.69744 19.37326 20.16841 21.22014 22.51131 23.66448 24.53669 24.91691 24.56994 23.91973 22.85401 21.82416 20.91193 20.1193 19.42425 18.87455 18.5145 18.43618 18.49018 18.57292 18.72568 18.94518 19.27184 19.69983 20.26389 20.87398 21.46423 22.10221 22.79901 23.56203 24.43326 25.0867 25.56642 25.40213 23.46274 20.97132 19.27198 17.89529 16.76178 15.86647 15.38261 15.01968 14.66993 14.36774 14.18561 14.07569 14.01953 14.03702 14.1051 14.19796 14.3734 14.61226 14.8686 15.15378 15.50279 17.93266 25.24957
17.60178 17.98253 18.30583 18.77914 19.59108 20.50044 21.51487 22.56656 23.9074 25.52972 27.14292 28.38075 28.94848 28.65585 27.75425 26.52279 25.11749 23.83949 22.7468 21.80334 21.05613 20.54637 20.41041 20.5514 20.72252 20.90939 21.11265 21.45702 21.92074 22.563 23.21479 23.81672 24.50687 25.26101 26.19638 27.04383 27.37937 27.84908 28.06375 25.9786 22.32493 19.88231 18.25341 17.00795 16.06218 15.49538 15.15981 14.85743 14.59667 14.43241 14.35855 14.33534 14.34112 14.36942 14.44967 14.61809 14.82403 15.09163 15.41026 15.75984 16.18016 16.64587
18.91908 19.47162 19.96441 20.64699 21.61708 22.69387 23.90735 25.22819 26.87749 28.74776 30.66326 32.35531 33.3884 33.44913 32.80485 31.29409 29.463 27.51641 26.03206 24.72161 23.66564 23.12326 22.92626 23.06288 23.37299 23.64837 23.83085 24.09757 24.48659 25.11134 25.7567 26.48135 26.94193 27.41244 28.26669 28.88588 28.87224 28.81586 28.24834 26.22932 22.46402 19.77389 18.09177 16.91254 16.05367 15.50462 15.2263 14.99337 14.81419 14.71587 14.67522 14.65118 14.63301 14.63205 14.69984 14.84019 15.01484 15.27104 15.58696 15.98167 16.41224 16.88384
20.4718 21.05798 21.74981 22.7093 23.81978 25.22771 26.82436 28.57767 30.39372 32.45993 35.15366 37.64498 39.07023 39.0708 38.32797 37.22992 34.65379 31.87598 29.66543 27.47469 25.85406 25.39454 25.52923 25.76052 26.22181 26.84728 27.4938 27.83041 28.0983 28.4105 28.98073 29.87145 30.05209 29.75523 29.94083 30.09559 29.76849 28.94564 27.54386 25.24906 21.79371 19.27628 17.67793 16.63649 15.9109 15.44353 15.22287 15.04999 14.94343 14.90432 14.88362 14.86229 14.84557 14.86706 14.94602 15.05507 15.22011 15.44712 15.74027 16.12485 16.58896 17.09232
21.50034 22.31049 23.31335 24.47276 25.97851 28.21318 30.69257 32.74489 33.43575 34.70591 37.25187 40.73168 44.3507 45.66508 43.71637 41.72088 39.57123 35.90063 32.04299 28.80869 26.69992 26.28351 26.97127 28.05512 28.74964 29.38704 30.68975 32.59738 34.35695 34.25855 33.98388 34.87878 34.59685 32.42141 31.25205 30.39366 29.32537 27.88722 26.16331 23.69106 20.64023 18.52559 17.19878 16.35164 15.74493 15.35332 15.17542 15.04971 15.0049 15.01704 15.02602 15.02763 15.05868 15.1475 15.23477 15.3159 15.47173 15.6693 15.91742 16.25379 16.70099 17.20075
21.96892 22.76002 23.89857 25.29994 27.26885 30.09173 33.18054 35.02377 34.21874 34.59072 36.37337 39.6425 43.74942 46.12409 44.17049 41.87086 39.66354 36.04113 31.6648 28.1384 26.34924 26.11577 26.84705 28.15848 29.2401 30.08569 31.69523 34.15239 37.0379 37.99476 37.58344 38.40803 37.88427 33.96418 30.77335 28.90974 27.21126 25.42836 23.67188 21.37764 19.09725 17.5849 16.62316 16.00227 15.51823 15.21918 15.08644 15.0142 15.03484 15.09634 15.15464 15.24736 15.39924 15.55106 15.65287 15.74258 15.86103 15.99306 16.16279 16.41937 16.80957 17.24359
22.33312 23.05243 24.1363 25.57178 27.59437 30.01035 32.02714 32.46646 31.31686 31.08799 32.01682 34.54417 36.77893 38.10295 37.73848 35.81264 33.67162 31.06013 28.59388 26.3762 25.04998 24.77336 25.19907 26.12104 27.20974 28.34081 29.80317 31.6014 33.31256 33.99461 34.30999 34.93773 34.1188 31.20779 28.2654 26.20987 24.34403 22.47808 20.70855 18.93206 17.54998 16.63253 16.04076 15.62747 15.2677 15.06837 14.97778 14.96228 15.03448 15.14673 15.34268 15.62115 15.88837 16.09452 16.25291 16.35794 16.42125 16.47831 16.57185 16.7296 16.99931 17.2753
22.46192 23.39412 24.56168 25.54797 26.95211 28.65036 29.7263 28.70867 27.2008 26.68485 26.80358 27.18929 28.42249 29.41981 29.21692 27.78255 26.13264 25.21011 24.43135 23.61304 22.92391 22.77286 23.02055 23.49494 24.243 25.36237 26.55333 27.50643 27.91775 28.09896 28.49029 28.79387 28.14783 26.69019 24.84026 22.94846 21.28651 19.73298 18.30443 17.18142 16.44206 15.92372 15.55478 15.2456 14.99763 14.8977 14.85886 14.90441 15.0175 15.21729 15.58987 16.01078 16.37436 16.67506 16.90687 17.04795 17.08041 17.08831 17.10574 17.15387 17.26242 17.36515
21.79844 22.86491 24.02632 24.23892 24.75706 25.84892 26.16674 24.62609 23.1728 22.33 21.82404 21.90262 22.44416 22.84628 22.38599 21.7353 21.19183 20.97279 20.84827 20.72204 20.58917 20.65356 20.85281 21.16211 21.72349 22.5714 23.34629 23.62829 23.55797 23.55885 23.65787 24.03974 24.20857 23.32215 21.59978 20.03416 18.788 17.69667 16.77198 16.14139 15.72998 15.43029 15.16488 14.91503 14.76055 14.72458 14.73805 14.8302 14.97733 15.30241 15.75261 16.25278 16.7441 17.15771 17.47935 17.68842 17.78375 17.80971 17.76888 17.71874 17.69965 17.64005
20.16254 20.80328 21.28789 21.28362 21.44187 21.69824 21.34854 20.46806 19.53329 18.89369 18.54839 18.45382 18.54516 18.59381 18.46463 18.29802 18.24077 18.30974 18.37854 18.48663 18.50689 18.61157 18.80015 19.11806 19.56307 20.05959 20.43843 20.51093 20.39546 20.51058 20.74753 21.0011 21.10414 20.33404 19.05367 17.94131 17.10715 16.42503 15.87345 15.4904 15.22364 15.01371 14.80036 14.63049 14.56652 14.57025 14.62757 14.74523 14.9314 15.31456 15.77554 16.31672 16.89699 17.45136 17.93924 18.30105 18.50587 18.60498 18.61689 18.54881 18.45636 18.31614
