py_wake/examples/data/AJ_ParqueFicticio/Ridge area   Sector 2   Height 30m   Orographic turn.grd
DSAA
90  129
 262878   265103
 6504214   6507414
-16.15023   71.16006
[rows 54 to 80 of 129, columns 0 to 60 of 90]
-1.61199 -1.572646 -1.600426 -1.768878 -2.097471 -2.359175 -2.430174 -2.200282 -1.552685 -.4623251 .8480262 2.048407 2.876611 3.578022 4.342688 4.992773 5.34662 5.25947 5.019675 4.787179 4.559707 4.425675 4.413697 4.534719 4.695378 4.909938 5.160179 5.313145 5.468765 5.696393 5.872929 6.096858 6.378765 6.686761 7.032755 7.418215 7.830057 8.234262 8.639182 9.023314 9.370296 9.688835 9.962764 10.25936 10.37235 10.29586 10.05707 9.625998 9.13765 8.429973 7.587092 6.637146 5.735989 5.054641 4.572928 4.340757 4.274621 4.187171 3.950268 3.533229 2.956542
-1.908301 -1.90101 -1.982504 -2.25478 -2.688416 -3.086243 -3.36227 -3.411742 -3.166432 -2.555485 -1.640453 -.6735783 .1142826 .7951923 1.492418 2.139238 2.601439 2.831171 2.837325 2.801699 2.837433 2.870239 2.989921 3.212756 3.408536 3.580905 3.726285 3.855271 3.968493 4.143272 4.391496 4.683084 5.037961 5.459424 5.916126 6.412759 6.930899 7.443003 7.961139 8.472203 8.952167 9.369478 9.719602 10.05345 10.2021 10.20567 9.997269 9.560291 9.039058 8.395371 7.618771 6.767612 5.944755 5.293576 4.806321 4.506532 4.35758 4.205383 3.955336 3.599637 3.114926
-2.223646 -2.241323 -2.36939 -2.720149 -3.227057 -3.724914 -4.139036 -4.370775 -4.385578 -4.113112 -3.556138 -2.867231 -2.269584 -1.730997 -1.189655 -.6290084 -.154724 .2306342 .4878242 .7355148 .9615057 1.155874 1.425597 1.747378 2.026718 2.248934 2.424071 2.569047 2.715191 2.926337 3.207087 3.556118 3.94059 4.371455 4.854233 5.388899 5.968658 6.568735 7.183857 7.796835 8.377316 8.899854 9.342635 9.709075 9.932186 9.987873 9.830396 9.45175 8.941754 8.317872 7.615316 6.858281 6.126124 5.518366 5.049757 4.727538 4.517103 4.30909 4.032162 3.695277 3.275663
-2.531418 -2.552526 -2.6909 -3.081797 -3.652537 -4.25286 -4.745892 -5.10518 -5.319095 -5.311472 -4.993955 -4.501147 -4.060922 -3.81072 -3.548293 -3.187218 -2.737482 -2.295624 -1.894443 -1.487934 -1.082863 -.6999027 -.2509654 .2466581 .6830298 1.032725 1.302374 1.510979 1.712446 1.971628 2.2938 2.673913 3.073455 3.498128 3.977938 4.495717 5.05557 5.665194 6.323226 7.001894 7.660301 8.263347 8.776168 9.1924 9.514782 9.623141 9.538587 9.239215 8.791536 8.1994 7.538236 6.853344 6.204019 5.659165 5.224245 4.899544 4.673385 4.451816 4.180736 3.853505 3.449298
-2.84594 -2.85899 -3.01178 -3.405982 -3.956452 -4.588991 -5.170742 -5.649691 -5.965199 -6.108232 -5.98659 -5.681347 -5.358285 -5.212781 -5.142635 -5.015666 -4.807479 -4.519327 -4.130777 -3.632899 -3.044235 -2.46574 -1.841528 -1.164366 -.5534825 -.05013314 .3334755 .6353887 .9180195 1.227183 1.588246 1.994356 2.405292 2.823434 3.280258 3.766453 4.262355 4.82528 5.453022 6.129695 6.843357 7.503527 8.046895 8.522407 8.937191 9.108226 9.089341 8.882545 8.523241 8.018528 7.412446 6.801691 6.232803 5.732081 5.3161 4.979853 4.743098 4.541729 4.284809 3.977535 3.604868
-3.203687 -3.206093 -3.335611 -3.706832 -4.261771 -4.904482 -5.515102 -6.047791 -6.452774 -6.727066 -6.746846 -6.591281 -6.4049 -6.356855 -6.39503 -6.371969 -6.291513 -6.128824 -5.830729 -5.339513 -4.658699 -3.967837 -3.215299 -2.378784 -1.618772 -.9867569 -.4899002 -.09175003 .2758213 .6447703 1.044476 1.478938 1.902215 2.300746 2.724097 3.166373 3.616254 4.145478 4.740698 5.383134 6.09035 6.748732 7.307253 7.801176 8.250583 8.435279 8.435904 8.3158 8.092727 7.735826 7.241913 6.726485 6.242362 5.7997 5.410861 5.067421 4.788842 4.573669 4.351687 4.083835 3.755341
-3.542203 -3.525517 -3.619973 -3.961001 -4.524005 -5.179814 -5.807625 -6.363708 -6.839651 -7.222572 -7.345747 -7.316065 -7.265408 -7.306297 -7.38276 -7.388155 -7.383209 -7.332964 -7.123937 -6.663748 -5.908885 -5.147056 -4.329988 -3.365609 -2.474536 -1.745321 -1.169274 -.695214 -.2411352 .1905752 .6466343 1.135954 1.586407 1.973774 2.371459 2.778758 3.187451 3.679584 4.237717 4.847117 5.541242 6.169319 6.716087 7.219359 7.699108 7.851782 7.839119 7.739807 7.591786 7.409762 7.080254 6.694525 6.298002 5.915928 5.557519 5.212242 4.890065 4.636598 4.411025 4.183428 3.902494
-3.818982 -3.793845 -3.845446 -4.13646 -4.686287 -5.32224 -5.938856 -6.524263 -7.071253 -7.549996 -7.801195 -7.907118 -7.914877 -7.96915 -8.053733 -8.11854 -8.151631 -8.160104 -8.011297 -7.565241 -6.838182 -6.052757 -5.209493 -4.179338 -3.182105 -2.376287 -1.739262 -1.167185 -.6144806 -.102099 .4262895 .9622316 1.429854 1.819706 2.207931 2.567768 2.94944 3.420868 3.929571 4.505308 5.161753 5.752844 6.302654 6.860781 7.397909 7.580242 7.593709 7.509705 7.372568 7.247344 7.039649 6.764142 6.436568 6.104631 5.783307 5.453372 5.11863 4.850608 4.623957 4.405679 4.126521
-3.980467 -3.998497 -4.045167 -4.295321 -4.840734 -5.467604 -6.088035 -6.67647 -7.222809 -7.689478 -7.962023 -8.139363 -8.321707 -8.490705 -8.540174 -8.617106 -8.61141 -8.592754 -8.408813 -7.971516 -7.353062 -6.577466 -5.75078 -4.715483 -3.686733 -2.824821 -2.135746 -1.50851 -.8709229 -.2579618 .3327633 .9157063 1.379695 1.813364 2.209604 2.549544 2.921038 3.343621 3.796506 4.338626 4.93726 5.475351 6.011751 6.614686 7.208531 7.463752 7.51784 7.485235 7.379185 7.261729 7.116899 6.899571 6.608294 6.317408 6.044876 5.738958 5.382631 5.114178 4.911202 4.740869 4.490551
-3.871571 -3.885954 -3.828474 -4.032329 -4.550787 -5.171507 -5.802028 -6.413184 -7.001315 -7.533915 -7.960981 -8.300862 -8.544396 -8.692387 -8.653791 -8.597069 -8.608381 -8.597827 -8.440104 -7.957764 -7.32198 -6.653699 -5.849326 -4.886414 -3.839684 -3.023539 -2.356745 -1.66241 -.9411082 -.2897184 .3660583 .9590809 1.438761 1.907819 2.308097 2.651392 3.020226 3.405363 3.818415 4.320713 4.869995 5.371598 5.890656 6.481327 7.090624 7.40574 7.506147 7.526895 7.47438 7.393922 7.28289 7.09641 6.791815 6.494884 6.23749 5.970468 5.568549 5.294505 5.09628 4.963336 4.765168
-3.503783 -3.533049 -3.498338 -3.811264 -4.354772 -4.932216 -5.508417 -6.082811 -6.663408 -7.211951 -7.681173 -8.070759 -8.358129 -8.459494 -8.333611 -8.266508 -8.364711 -8.333632 -8.043639 -7.375975 -6.861995 -6.376268 -5.679922 -4.66666 -3.674535 -3.01332 -2.360672 -1.580096 -.8427626 -.1641493 .5459562 1.145797 1.65188 2.139752 2.559362 2.927242 3.290356 3.642401 4.01752 4.471622 4.981874 5.463076 5.961087 6.505885 7.088066 7.425837 7.582755 7.655604 7.655603 7.619576 7.548622 7.376041 7.018886 6.673058 6.392182 6.145717 5.661276 5.352754 5.136414 5.020084 4.857777
-2.894851 -2.977872 -3.024934 -3.386161 -3.960229 -4.512466 -5.052488 -5.614349 -6.212013 -6.782058 -7.292881 -7.744036 -8.088099 -8.203271 -8.053735 -7.935934 -7.88442 -7.747657 -7.396607 -6.7894 -6.363184 -5.923059 -5.240031 -4.268514 -3.456521 -2.817071 -2.131125 -1.325647 -.5998294 .1236426 .8642864 1.488246 2.02849 2.520824 2.967283 3.375461 3.744899 4.065406 4.409518 4.833932 5.310948 5.768389 6.239589 6.73778 7.245841 7.575877 7.754305 7.859159 7.89842 7.901107 7.870177 7.737666 7.319689 6.893828 6.555462 6.298828 5.732485 5.344475 5.062503 4.89494 4.70779
-2.116683 -2.236427 -2.434718 -2.780011 -3.337616 -3.870566 -4.388491 -4.969736 -5.623909 -6.279342 -6.887112 -7.43677 -7.843408 -7.961586 -7.76539 -7.483 -7.356713 -7.155327 -6.822932 -6.317699 -5.884859 -5.357905 -4.68098 -3.847865 -3.066712 -2.364748 -1.637672 -.8713644 -.1700878 .539125 1.293029 1.944564 2.491946 2.991195 3.489445 3.944469 4.322427 4.639349 4.983287 5.378983 5.792703 6.21253 6.643089 7.087595 7.519311 7.843301 8.027639 8.137951 8.194468 8.215492 8.216734 8.125951 7.680064 7.174873 6.756391 6.440223 5.77959 5.256801 4.873772 4.615062 4.368349
-1.184882 -1.306505 -1.548316 -2.015716 -2.589713 -3.146652 -3.673635 -4.292154 -5.040678 -5.809858 -6.496824 -7.098637 -7.499826 -7.548422 -7.299501 -6.826585 -6.597662 -6.448092 -6.206621 -5.735245 -5.206688 -4.710183 -4.080735 -3.258543 -2.432518 -1.693854 -.9496208 -.1738556 .4783507 1.156518 1.927015 2.598111 3.13062 3.594167 4.092171 4.564184 4.948692 5.276129 5.626865 6.014139 6.403272 6.783388 7.159868 7.541836 7.906643 8.198959 8.374627 8.478531 8.523638 8.53439 8.53276 8.45151 7.991917 7.415512 6.904671 6.486032 5.730583 5.052165 4.552251 4.196412 3.903325
-.1964541 -.2701258 -.4478123 -.8426967 -1.448923 -2.088151 -2.767377 -3.603558 -4.549195 -5.427171 -6.147059 -6.71118 -6.996014 -6.861931 -6.51314 -6.09075 -5.756903 -5.58297 -5.368021 -4.947639 -4.401574 -3.911499 -3.317542 -2.526407 -1.680584 -.8868602 -.08189534 .6960992 1.375895 2.098143 2.8434 3.501557 4.027783 4.484124 4.94776 5.367444 5.708052 6.039667 6.391284 6.759329 7.111719 7.442606 7.765795 8.08427 8.396652 8.651797 8.806557 8.871601 8.877649 8.846257 8.815435 8.715445 8.239748 7.605601 7.022676 6.487862 5.633133 4.779946 4.143502 3.691666 3.370406
.8057409 .7819019 .6696748 .3445739 -.1948736 -.8691242 -1.706232 -2.751569 -3.837417 -4.776642 -5.50386 -6.011691 -6.172853 -5.99251 -5.618296 -5.166685 -4.842699 -4.665475 -4.362905 -3.972287 -3.535049 -3.020458 -2.436028 -1.716166 -.9109931 -.01888483 .8557537 1.659608 2.43018 3.240287 4.01828 4.6928 5.211957 5.669649 6.118526 6.492081 6.747128 6.996407 7.308685 7.655131 7.968969 8.240998 8.502755 8.753958 8.975532 9.161752 9.293064 9.307546 9.260257 9.136603 9.045103 8.900751 8.426589 7.775005 7.167878 6.557931 5.700219 4.789975 4.088501 3.513574 3.074048
1.740244 1.74969 1.704791 1.427734 .8925977 .1880889 -.6981457 -1.801441 -2.974062 -3.998603 -4.740126 -5.198133 -5.35836 -5.15807 -4.698184 -4.201792 -3.863958 -3.67992 -3.38757 -2.98195 -2.608212 -2.149962 -1.600452 -.9449093 -.1405687 .7245281 1.637875 2.510889 3.434669 4.325581 5.190915 5.95692 6.538751 7.002598 7.42911 7.789858 8.023273 8.184961 8.393352 8.65382 8.896285 9.098649 9.277004 9.471498 9.626272 9.726234 9.803329 9.77569 9.640128 9.415471 9.208702 8.973972 8.498198 7.851381 7.239391 6.579471 5.720724 4.786508 4.035593 3.423542 2.950532
2.612353 2.594012 2.534714 2.273127 1.767879 1.071702 .1674498 -.9231111 -2.075413 -3.092597 -3.809448 -4.289926 -4.515821 -4.275352 -3.794371 -3.266549 -2.951651 -2.697928 -2.404631 -2.073553 -1.696267 -1.260056 -.8172705 -.2891184 .4308983 1.25653 2.150908 3.08509 4.112414 5.133245 6.110468 6.956257 7.602687 8.069177 8.446294 8.740461 8.959682 9.135334 9.331576 9.563104 9.710312 9.884323 10.04131 10.18951 10.31665 10.29714 10.31736 10.25047 10.02363 9.687901 9.353442 9.028955 8.524163 7.865738 7.228224 6.529547 5.679471 4.791541 4.032847 3.392037 2.875234
3.512072 3.489451 3.382941 3.077066 2.518098 1.788409 .9085669 -.09494474 -1.148094 -2.088303 -2.802319 -3.301698 -3.531686 -3.365818 -2.928627 -2.473152 -2.133275 -1.824011 -1.511878 -1.208196 -.8847236 -.5006085 -.1686433 .1716714 .6797376 1.362538 2.212793 3.179662 4.298751 5.442524 6.539088 7.47388 8.176078 8.64889 8.982096 9.170771 9.298265 9.449034 9.690071 10.02679 10.2199 10.38428 10.56976 10.73796 10.93046 10.85962 10.86507 10.80375 10.59191 10.23014 9.806826 9.379547 8.774088 8.033189 7.29593 6.50654 5.61398 4.734729 3.965911 3.321565 2.810466
4.553931 4.505347 4.367216 4.009229 3.328008 2.530506 1.663931 .7665651 -.1667148 -1.012497 -1.700663 -2.213459 -2.481455 -2.400944 -2.124252 -1.7852 -1.498982 -1.158104 -.8510439 -.5195526 -.1869965 .05884689 .2166748 .3274668 .5323957 .9364139 1.602799 2.499089 3.667242 4.941909 6.201979 7.279459 8.044883 8.527329 8.839524 8.995045 9.116503 9.287106 9.591702 10.0174 10.31319 10.53038 10.77682 11.03503 11.34143 11.31721 11.34097 11.3047 11.11651 10.78215 10.29853 9.765412 9.055531 8.212508 7.346301 6.440397 5.499494 4.607612 3.839434 3.205914 2.717752
5.569361 5.489174 5.322196 4.940738 4.191606 3.355955 2.516129 1.736358 .9730189 .2512183 -.4414696 -1.06689 -1.483397 -1.537675 -1.38069 -1.228773 -1.030607 -.7477314 -.4768649 -.09626599 .2764256 .3751119 .2498345 .08652952 -.06467959 -.1114614 .06978245 .6601263 1.702555 3.091815 4.606699 5.97132 6.964242 7.563713 7.963907 8.249837 8.518456 8.850948 9.324682 9.881788 10.28831 10.58007 10.87492 11.20799 11.59746 11.64816 11.6922 11.66993 11.47437 11.12483 10.56505 9.923848 9.13323 8.226806 7.275008 6.294842 5.316322 4.398402 3.632067 3.022514 2.561171
6.127565 6.164986 6.065096 5.682396 5.022365 4.27582 3.549552 2.858907 2.083485 1.371939 .7047493 .07796843 -.4451699 -.7164817 -.7455842 -.7088078 -.7063336 -.55955 -.2732284 .1389149 .496333 .5004449 .1600583 -.4178648 -.9452383 -1.35824 -1.811968 -2.211487 -2.068049 -.7668774 .9703622 2.631525 4.2117 5.415632 6.291562 7.020853 7.678846 8.309308 8.970329 9.634821 10.11785 10.49562 10.8849 11.32831 11.78228 11.89974 11.95021 11.92511 11.71006 11.31171 10.67504 9.946463 9.110197 8.160319 7.125869 6.102224 5.098057 4.164457 3.402823 2.807706 2.351763
6.192592 6.287806 6.258188 6.007729 5.520037 4.933463 4.323319 3.605723 2.734084 2.022558 1.36322 .7362007 .1895322 -.1945991 -.3807367 -.4313679 -.4869744 -.4219716 -.1557068 .2542994 .5403619 .4897004 .1089343 -.5942902 -1.381147 -2.066746 -2.910558 -3.92968 -4.82274 -4.456807 -2.976863 -1.5231 .37052 2.648105 4.437624 5.880071 6.989485 7.853081 8.610764 9.305874 9.832937 10.2919 10.77759 11.3281 11.80974 12.01439 12.08985 12.09075 11.89436 11.45809 10.76271 10.00506 9.160497 8.155542 7.070721 6.013697 4.960858 3.997809 3.219748 2.601985 2.106753
6.124773 6.220628 6.199358 6.015522 5.579124 4.897449 4.087619 3.23951 2.445528 1.807873 1.217371 .6549314 .07230908 -.3377803 -.513512 -.5582888 -.5671124 -.4519952 -.2120177 .1372648 .4046339 .4164197 .1821194 -.3056215 -.977249 -1.691018 -2.464161 -3.25984 -3.826868 -3.610557 -2.82441 -1.872376 -.3617137 1.648671 3.655162 5.378641 6.632875 7.518081 8.241662 8.891793 9.442895 9.975525 10.56995 11.22574 11.71587 12.01967 12.13 12.18295 12.01902 11.57843 10.93999 10.22587 9.355418 8.335065 7.239563 6.144148 5.06454 4.060442 3.213792 2.529004 1.953499
5.901685 6.09153 6.105188 5.720749 5.029864 4.165999 3.251349 2.319417 1.593722 1.031898 .4874813 -.0980284 -.5280113 -.8445247 -.9924495 -1.014615 -.965812 -.8084566 -.5289399 -.1647535 .1558328 .2734955 .2354914 .09080283 -.197677 -.6536379 -1.103987 -1.337142 -1.140547 -.6105328 .01482842 .7030838 1.606583 2.745659 4.251966 5.640131 6.605552 7.268674 7.852584 8.452933 9.051857 9.657319 10.30855 10.97781 11.48348 11.88092 12.06609 12.20837 12.08464 11.67685 11.17176 10.48961 9.644865 8.661358 7.587176 6.477028 5.370363 4.33452 3.417145 2.648344 1.972981
5.292233 5.500306 5.429186 4.68782 3.790524 2.917675 2.012755 1.158039 .5534809 .03590816 -.4459913 -.8725264 -1.139386 -1.339927 -1.445522 -1.489502 -1.470289 -1.312918 -.9735883 -.55565 -.1848618 .03204281 .1943725 .3293874 .3601187 .2699591 .2616031 .6076497 1.272678 2.062565 2.864793 3.526381 3.909583 4.473787 5.374552 6.194274 6.71578 7.095545 7.517532 8.069081 8.7025 9.39043 10.06476 10.67498 11.19362 11.60751 11.87968 12.09466 12.01401 11.74797 11.28598 10.62964 9.85128 8.935545 7.921831 6.858793 5.808697 4.773107 3.799252 2.949473 2.16902
4.098382 4.092388 3.753021 3.050991 2.266466 1.452571 .6840146 .07665458 -.3624816 -.747471 -1.10465 -1.402279 -1.537822 -1.588343 -1.685465 -1.786296 -1.830853 -1.719916 -1.339898 -.8899954 -.4536529 -.138512 .1558704 .4264945 .673342 .9314806 1.306296 1.952186 2.843918 3.877041 4.842469 5.460852 5.69005 5.908812 6.291027 6.638483 6.825546 7.000062 7.291791 7.763578 8.378292 9.104252 9.749906 10.32324 10.8661 11.27267 11.60854 11.85234 11.8084 11.59906 11.14694 10.55204 9.860127 9.078574 8.212872 7.281515 6.336085 5.373971 4.425916 3.541085 2.697222
