py_wake/examples/data/AJ_ParqueFicticio/Ridge area   Sector 8   Height 200m   Flow inclination.grd
DSAA
90  129
 262878   265103
 6504214   6507414
-21.86246   27.89935
[rows 81 to 107 of 129, columns 0 to 60 of 90]
6.750378 7.127581 7.41609 7.631743 7.939753 8.34512 8.734412 8.956234 8.914153 8.841409 8.696485 8.270161 7.696953 6.988183 6.404004 5.863939 5.288145 5.107143 5.038801 4.917832 4.974891 5.041961 5.33235 5.728106 6.204801 6.655279 7.165176 7.732909 8.325585 8.989129 9.731535 10.51573 11.26757 11.82148 12.07946 12.10096 11.91462 11.42299 10.56505 9.378393 8.130858 6.792955 5.02502 3.213739 1.613956 .1405422 -1.346428 -2.752695 -4.382774 -5.680543 -6.542572 -7.226795 -7.722059 -7.815272 -5.226872 -3.486348 2.193646 3.120589 .6817806 -5.088836 -12.16778
8.910639 9.214861 9.420615 9.527477 9.575855 9.649882 9.53153 9.25686 9.090506 8.952916 8.557554 7.997767 7.543058 6.932512 6.184682 5.57603 5.251316 5.192826 5.2189 4.983093 4.862361 4.952055 5.360837 5.920045 6.577436 7.136704 7.750902 8.438272 9.09018 9.767128 10.49327 11.2434 11.93772 12.30137 12.33702 12.16983 11.7061 10.92559 9.717793 8.339781 7.040428 5.553451 3.759538 2.190226 .7865682 -.5565915 -1.877293 -3.121349 -4.760297 -5.758226 -6.485577 -7.083159 -3.596145 7.895461 -5.249017 .3509721 8.166348 1.208015 -.3688649 -.2036047 -.7036951
9.775864 9.81649 9.700777 9.500082 9.342162 9.054019 8.621063 8.346852 8.183421 7.835143 7.22949 6.603095 5.936652 5.222726 4.759279 4.519771 4.437611 4.459764 4.469715 4.179084 4.222733 4.482868 5.03306 5.768346 6.575274 7.279642 8.038954 8.849635 9.541635 10.23767 11.0066 11.72945 12.24833 12.377 12.16047 11.76923 10.99099 9.971102 8.452106 7.022496 5.682437 4.203888 2.541405 1.14989 -.1242472 -1.305496 -2.472346 -3.613625 -5.070516 -5.813953 -6.40135 -6.876131 25.78927 6.644361 14.45783 13.5123 7.756914 4.575718 -1.519593 -1.935353 -1.113259
9.871244 9.622798 9.224153 8.864982 8.476913 7.908016 7.389719 7.062017 6.747746 6.190594 5.484545 4.783639 4.057388 3.374866 3.016398 2.933046 3.014345 3.103714 3.15 3.028183 3.250254 3.701418 4.440771 5.319427 6.339161 7.263109 8.167752 9.096379 9.848116 10.59076 11.37002 11.90004 12.12489 12.0202 11.57972 10.89556 9.95339 8.740505 7.063967 5.625245 4.232282 2.810017 1.300826 .03713262 -1.105737 -2.118551 -3.141657 -4.232043 -5.369591 -5.917988 -6.375947 -5.465806 17.46443 2.94023 8.32392 13.69471 10.19258 6.796983 4.175537 2.09329 .5014366
9.220117 8.723251 8.19431 7.715521 7.080643 6.40529 5.880829 5.467058 5.03569 4.409052 3.637878 2.845468 2.152093 1.68375 1.49356 1.560439 1.738539 1.912705 2.056178 2.14761 2.512356 3.12717 4.03588 5.156173 6.345335 7.451046 8.43777 9.396614 10.13452 10.82476 11.39793 11.60945 11.52821 11.19016 10.52771 9.621726 8.66931 7.35899 5.667571 4.200655 2.748611 1.346606 -.004608392 -1.116002 -2.096267 -2.958901 -3.900992 -4.827459 -5.586106 -6.014196 -6.400872 -4.6342 15.18989 -1.357562 2.902385 6.151466 9.117298 9.167046 6.599954 4.100482 1.907718
8.012723 7.423798 6.801117 6.1751 5.383415 4.611447 3.956332 3.374377 2.858999 2.303894 1.665592 1.101412 .6626651 .3996141 .3421374 .5128635 .8541314 1.168722 1.469317 1.770774 2.303144 3.080756 4.176576 5.44432 6.706949 7.93577 8.916118 9.763955 10.37396 10.87817 11.09867 10.89205 10.55401 9.962494 9.069903 8.20307 7.227961 5.854643 4.231127 2.738254 1.243589 -.1687784 -1.494307 -2.60003 -3.466791 -4.190475 -4.846942 -5.371595 -5.816203 -6.154676 -6.420299 -4.715219 8.36586 -4.580129 -1.746502 .2672386 1.760405 3.607241 4.711274 3.95435 2.104513
6.380824 5.704076 4.99125 4.229457 3.376508 2.597343 1.982643 1.465927 .9778438 .5260169 .1169906 -.1547463 -.3124143 -.3600789 -.2701822 .009882125 .4217927 .9556208 1.502846 2.057709 2.749585 3.657986 4.8626 6.195301 7.444061 8.682113 9.53217 10.15652 10.482 10.56373 10.38957 9.933512 9.352259 8.459847 7.549257 6.717197 5.755248 4.353376 2.807342 1.286761 -.1903187 -1.51081 -2.671361 -3.619319 -4.345621 -4.871689 -5.325241 -5.705523 -5.995245 -6.306461 -6.392426 -5.192207 2.430925 -.2843346 -5.348178 -3.237085 -2.249796 -1.614636 -1.083718 -.9452446 -1.348176
4.689245 4.015761 3.279731 2.457766 1.606461 .9083922 .3646435 -.06457146 -.480384 -.7991495 -1.009781 -1.029332 -.8888387 -.6531485 -.3328879 .101656 .6494296 1.360247 2.086685 2.839493 3.707725 4.739119 5.986622 7.294767 8.447178 9.502191 10.11913 10.46464 10.44304 10.17947 9.701138 9.021678 8.13929 6.978157 6.042768 5.172674 4.210853 2.829026 1.361071 -.148103 -1.558862 -2.685122 -3.622874 -4.358622 -4.911803 -5.337687 -5.69858 -6.02191 -6.274526 -6.540854 -6.549638 -5.847704 -1.886236 4.941854 -7.913217 -7.137585 -5.450895 -3.760196 -2.656189 -2.316428 -2.420453
3.140177 2.518962 1.825749 1.019369 .1798774 -.4663476 -.9265764 -1.198108 -1.438056 -1.515884 -1.455814 -1.23039 -.855693 -.369274 .1926538 .7817976 1.482818 2.33181 3.181521 4.048611 5.055598 6.124557 7.340433 8.536812 9.489312 10.24641 10.63199 10.6839 10.26641 9.669683 8.897161 7.999189 6.858974 5.552461 4.587484 3.664428 2.703168 1.375567 -.01038515 -1.457076 -2.72608 -3.670835 -4.437692 -5.034513 -5.51082 -5.826123 -6.038794 -6.245387 -6.403474 -6.67943 -6.772184 -6.539656 -4.863556 3.433717 -2.585757 -9.378404 -9.1772 -7.93812 -6.23505 -4.691683 -3.625419
1.634061 1.116302 .5732847 -.1202992 -.82883 -1.305898 -1.617027 -1.693477 -1.643184 -1.455894 -1.180875 -.8099909 -.2817296 .4052051 1.219883 2.034229 2.875632 3.792264 4.700568 5.651076 6.775035 7.852939 9.009555 10.03306 10.67498 11.04751 11.09605 10.72016 9.865122 8.945781 7.871698 6.707397 5.341028 3.946247 2.91915 1.954723 .9971731 -.1695625 -1.382826 -2.635807 -3.813142 -4.5743 -5.018132 -5.35465 -5.674598 -5.925115 -6.111786 -6.286616 -6.460131 -6.729491 -6.95242 -7.085973 -6.634085 -3.091828 2.369766 -7.379341 -9.928993 -10.26094 -10.2091 -9.91325 -9.365418
.1698696 -.2231147 -.6277464 -1.08562 -1.472081 -1.641098 -1.646241 -1.498521 -1.234129 -.8588203 -.3787318 .1611243 .8332201 1.67682 2.696042 3.704313 4.664571 5.683435 6.663889 7.717411 8.917878 9.905926 10.94842 11.64656 11.8224 11.70206 11.30003 10.42922 9.185042 7.979198 6.595332 5.161159 3.669924 2.223852 1.124571 .1080166 -.9182283 -1.935074 -2.882713 -3.849653 -4.496629 -4.849851 -5.12066 -5.400178 -5.659454 -5.814417 -5.92004 -6.042037 -6.202906 -6.439844 -6.814119 -7.275548 -7.533836 -6.165224 .2289665 -2.312792 -8.938208 -9.649824 -10.20257 -10.83753 -11.17542
-1.045017 -1.244962 -1.46762 -1.641786 -1.662612 -1.53816 -1.31734 -.988053 -.5280715 .05235096 .73185 1.483415 2.370862 3.393667 4.491044 5.549989 6.593743 7.654333 8.646378 9.787468 10.90799 11.71367 12.40326 12.6184 12.39982 11.84705 11.03809 9.760333 8.261643 6.898438 5.320403 3.716553 2.141202 .6510857 -.4986667 -1.511663 -2.495702 -3.337526 -4.03572 -4.584187 -4.815583 -4.957837 -5.041612 -5.00699 -4.755576 -4.637798 -4.688716 -4.807154 -4.987343 -5.285979 -5.936599 -6.79651 -7.699965 -7.722022 -4.998571 -1.593365 -4.21805 -8.508987 -9.009664 -9.69408 -10.40352
-1.67617 -1.673409 -1.617241 -1.529977 -1.370774 -1.070339 -.6647518 -.1453807 .483699 1.252519 2.12749 3.080986 4.100095 5.209644 6.330219 7.38332 8.468537 9.476505 10.44011 11.44758 12.25846 12.72673 12.82937 12.59551 12.0558 11.14335 10.04645 8.587217 7.076385 5.651639 4.009222 2.368958 .8023384 -.6617268 -1.834577 -2.845058 -3.750634 -4.391586 -4.806177 -4.992876 -4.974903 -4.816853 -4.212155 -2.192041 -2.221449 -1.717076 -1.503251 -1.814859 -2.216215 -2.688211 -3.803342 -5.201552 -6.785516 -7.967393 -7.816208 -5.251659 -3.05685 -4.402789 -7.533288 -8.021255 -8.804865
-1.586789 -1.420424 -1.146721 -.8772873 -.577233 -.1987377 .2845659 .9703415 1.815495 2.746728 3.767343 4.795066 5.856283 6.978746 8.018485 9.009347 9.97197 10.84518 11.67877 12.35838 12.79314 12.81112 12.52662 12.00228 11.10535 10.03112 8.72742 7.150083 5.666524 4.19698 2.572401 .9678128 -.5815527 -2.017887 -3.149489 -4.109141 -4.857199 -5.256167 -5.360912 -5.219358 -4.960471 -4.329975 -1.300875 .2025975 4.574234 5.001677 2.67981 1.343456 .666259 .1609118 -1.184918 -3.165617 -5.196864 -7.122606 -8.472111 -8.549734 -6.619912 -3.806097 -3.413061 -5.677719 -7.014436
-1.011797 -.7222131 -.3405238 .0627886 .4871634 .9951039 1.647312 2.506322 3.490328 4.506304 5.547312 6.575698 7.614334 8.619665 9.483158 10.29289 11.05491 11.75303 12.30833 12.67122 12.73342 12.42584 11.80575 10.96955 9.899783 8.720138 7.222292 5.618994 4.148329 2.629304 1.008539 -.5437508 -1.968639 -3.211939 -4.192259 -5.007979 -5.538996 -5.729755 -5.618042 -5.317221 -4.966778 -3.826912 -.9723466 10.26888 11.20195 6.199216 3.798783 2.279165 1.018598 .05608735 -1.574652 -3.19794 -4.874979 -6.671658 -8.134661 -9.016574 -9.161465 -8.144991 -5.152728 -1.898974 -1.827897
-.1369167 .277231 .7577662 1.271381 1.830253 2.489855 3.274963 4.236509 5.241051 6.217041 7.201506 8.105136 9.01057 9.771706 10.39233 10.95228 11.48592 11.89917 12.15126 12.2196 12.05973 11.53909 10.65432 9.529922 8.40381 7.111508 5.556803 4.065642 2.628628 1.107939 -.4736079 -1.945558 -3.294381 -4.411891 -5.263391 -5.911318 -6.246648 -6.23652 -5.938155 -5.483986 -5.068707 -3.746692 .7879698 15.86882 12.46571 14.94535 11.64154 7.435526 3.287705 -.431347 -3.483091 -4.885554 -6.086988 -7.460575 -8.576995 -9.116011 -9.032249 -9.509934 -9.849492 -8.060189 -5.19769
1.092371 1.588886 2.131462 2.710538 3.365028 4.100152 4.949804 5.909631 6.799852 7.654936 8.509026 9.260859 9.885607 10.35913 10.73692 11.04124 11.26922 11.37103 11.27103 11.13863 10.76016 10.03241 8.87369 7.686857 6.575217 5.238318 3.789015 2.453578 1.089466 -.4080349 -1.938678 -3.318425 -4.572237 -5.570906 -6.292361 -6.783563 -6.93433 -6.742128 -6.270185 -5.71758 -5.318771 -3.982538 1.066367 8.679856 10.47019 -7.272331 -9.574298 -8.098133 1.913322 -2.972594 -5.927489 -7.203336 -8.097611 -9.075216 -9.847301 -10.09419 -9.503744 -7.405832 -9.309752 -11.07325 -9.730144
2.639768 3.164383 3.707773 4.327434 4.997828 5.717338 6.541586 7.345745 8.092279 8.771279 9.340116 9.78939 10.10396 10.25361 10.3068 10.27757 10.2302 10.02029 9.671908 9.298237 8.653317 7.813917 6.652934 5.586385 4.547127 3.351798 2.052316 .8300183 -.4224001 -1.813022 -3.181237 -4.429816 -5.547071 -6.441713 -7.090578 -7.48592 -7.513376 -7.215994 -6.665848 -6.113055 -5.741777 -4.790377 -.9517983 4.95726 -7.678934 -5.637846 -7.654423 -10.75906 -12.77859 -14.00213 -10.76447 -10.31418 -10.81468 -11.35163 -11.645 -11.54307 -10.92655 -9.872977 -10.64774 -12.02913 -11.15827
4.27678 4.822937 5.358358 5.987367 6.590038 7.216982 7.954375 8.557714 9.001111 9.351789 9.610482 9.762549 9.778435 9.662845 9.475698 9.179276 8.860029 8.408474 7.889468 7.305382 6.524943 5.613364 4.529052 3.528846 2.574365 1.585477 .4946383 -.5725676 -1.707746 -3.037496 -4.318394 -5.472639 -6.458254 -7.245005 -7.788912 -8.083562 -8.03291 -7.686677 -7.121977 -6.576078 -6.259071 -5.857306 -3.333321 2.176709 -8.295422 -6.198761 -5.782858 -8.638779 -11.36317 -13.18913 -14.44897 -15.41604 -14.82856 -14.38499 -13.89924 -13.08717 -12.09178 -11.11563 -10.80662 -11.91067 -11.6768
1.70141E+38 1.70141E+38 1.70141E+38 1.70141E+38 1.70141E+38 1.70141E+38 1.70141E+38 1.70141E+38 1.70141E+38 1.70141E+38 1.70141E+38 1.70141E+38 1.70141E+38 1.70141E+38 1.70141E+38 1.70141E+38 1.70141E+38 1.70141E+38 1.70141E+38 1.70141E+38 1.70141E+38 1.70141E+38 1.70141E+38 1.70141E+38 1.70141E+38 1.70141E+38 1.70141E+38 1.70141E+38 1.70141E+38 1.70141E+38 1.70141E+38 1.70141E+38 1.70141E+38 1.70141E+38 1.70141E+38 1.70141E+38 1.70141E+38 1.70141E+38 1.70141E+38 1.70141E+38 1.70141E+38 1.70141E+38 1.70141E+38 1.70141E+38 1.70141E+38 1.70141E+38 1.70141E+38 1.70141E+38 1.70141E+38 1.70141E+38 1.70141E+38 1.70141E+38 1.70141E+38 1.70141E+38 1.70141E+38 1.70141E+38 1.70141E+38 1.70141E+38 1.70141E+38 1.70141E+38 1.70141E+38
1.70141E+38 1.70141E+38 1.70141E+38 1.70141E+38 1.70141E+38 1.70141E+38 1.70141E+38 1.70141E+38 1.70141E+38 1.70141E+38 1.70141E+38 1.70141E+38 1.70141E+38 1.70141E+38 1.70141E+38 1.70141E+38 1.70141E+38 1.70141E+38 1.70141E+38 1.70141E+38 1.70141E+38 1.70141E+38 1.70141E+38 1.70141E+38 1.70141E+38 1.70141E+38 1.70141E+38 1.70141E+38 1.70141E+38 1.70141E+38 1.70141E+38 1.70141E+38 1.70141E+38 1.70141E+38 1.70141E+38 1.70141E+38 1.70141E+38 1.70141E+38 1.70141E+38 1.70141E+38 1.70141E+38 1.70141E+38 1.70141E+38 1.70141E+38 1.70141E+38 1.70141E+38 1.70141E+38 1.70141E+38 1.70141E+38 1.70141E+38 1.70141E+38 1.70141E+38 1.70141E+38 1.70141E+38 1.70141E+38 1.70141E+38 1.70141E+38 1.70141E+38 1.70141E+38 1.70141E+38 1.70141E+38
1.70141E+38 1.70141E+38 1.70141E+38 1.70141E+38 1.70141E+38 1.70141E+38 1.70141E+38 1.70141E+38 1.70141E+38 1.70141E+38 1.70141E+38 1.70141E+38 1.70141E+38 1.70141E+38 1.70141E+38 1.70141E+38 1.70141E+38 1.70141E+38 1.70141E+38 1.70141E+38 1.70141E+38 1.70141E+38 1.70141E+38 1.70141E+38 1.70141E+38 1.70141E+38 1.70141E+38 1.70141E+38 1.70141E+38 1.70141E+38 1.70141E+38 1.70141E+38 1.70141E+38 1.70141E+38 1.70141E+38 1.70141E+38 1.70141E+38 1.70141E+38 1.70141E+38 1.70141E+38 1.70141E+38 1.70141E+38 1.70141E+38 1.70141E+38 1.70141E+38 1.70141E+38 1.70141E+38 1.70141E+38 1.70141E+38 1.70141E+38 1.70141E+38 1.70141E+38 1.70141E+38 1.70141E+38 1.70141E+38 1.70141E+38 1.70141E+38 1.70141E+38 1.70141E+38 1.70141E+38 1.70141E+38
1.70141E+38 1.70141E+38 1.70141E+38 1.70141E+38 1.70141E+38 1.70141E+38 1.70141E+38 1.70141E+38 1.70141E+38 1.70141E+38 1.70141E+38 1.70141E+38 1.70141E+38 1.70141E+38 1.70141E+38 1.70141E+38 1.70141E+38 1.70141E+38 1.70141E+38 1.70141E+38 1.70141E+38 1.70141E+38 1.70141E+38 1.70141E+38 1.70141E+38 1.70141E+38 1.70141E+38 1.70141E+38 1.70141E+38 1.70141E+38 1.70141E+38 1.70141E+38 1.70141E+38 1.70141E+38 1.70141E+38 1.70141E+38 1.70141E+38 1.70141E+38 1.70141E+38 1.70141E+38 1.70141E+38 1.70141E+38 1.70141E+38 1.70141E+38 1.70141E+38 1.70141E+38 1.70141E+38 1.70141E+38 1.70141E+38 1.70141E+38 1.70141E+38 1.70141E+38 1.70141E+38 1.70141E+38 1.70141E+38 1.70141E+38 1.70141E+38 1.70141E+38 1.70141E+38 1.70141E+38 1.70141E+38
1.70141E+38 1.70141E+38 1.70141E+38 1.70141E+38 1.70141E+38 1.70141E+38 1.70141E+38 1.70141E+38 1.70141E+38 1.70141E+38 1.70141E+38 1.70141E+38 1.70141E+38 1.70141E+38 1.70141E+38 1.70141E+38 1.70141E+38 1.70141E+38 1.70141E+38 1.70141E+38 1.70141E+38 1.70141E+38 1.70141E+38 1.70141E+38 1.70141E+38 1.70141E+38 1.70141E+38 1.70141E+38 1.70141E+38 1.70141E+38 1.70141E+38 1.70141E+38 1.70141E+38 1.70141E+38 1.70141E+38 1.70141E+38 1.70141E+38 1.70141E+38 1.70141E+38 1.70141E+38 1.70141E+38 1.70141E+38 1.70141E+38 1.70141E+38 1.70141E+38 1.70141E+38 1.70141E+38 1.70141E+38 1.70141E+38 1.70141E+38 1.70141E+38 1.70141E+38 1.70141E+38 1.70141E+38 1.70141E+38 1.70141E+38 1.70141E+38 1.70141E+38 1.70141E+38 1.70141E+38 1.70141E+38
1.70141E+38 1.70141E+38 1.70141E+38 1.70141E+38 1.70141E+38 1.70141E+38 1.70141E+38 1.70141E+38 1.70141E+38 1.70141E+38 1.70141E+38 1.70141E+38 1.70141E+38 1.70141E+38 1.70141E+38 1.70141E+38 1.70141E+38 1.70141E+38 1.70141E+38 1.70141E+38 1.70141E+38 1.70141E+38 1.70141E+38 1.70141E+38 1.70141E+38 1.70141E+38 1.70141E+38 1.70141E+38 1.70141E+38 1.70141E+38 1.70141E+38 1.70141E+38 1.70141E+38 1.70141E+38 1.70141E+38 1.70141E+38 1.70141E+38 1.70141E+38 1.70141E+38 1.70141E+38 1.70141E+38 1.70141E+38 1.70141E+38 1.70141E+38 1.70141E+38 1.70141E+38 1.70141E+38 1.70141E+38 1.70141E+38 1.70141E+38 1.70141E+38 1.70141E+38 1.70141E+38 1.70141E+38 1.70141E+38 1.70141E+38 1.70141E+38 1.70141E+38 1.70141E+38 1.70141E+38 1.70141E+38
1.70141E+38 1.70141E+38 1.70141E+38 1.70141E+38 1.70141E+38 1.70141E+38 1.70141E+38 1.70141E+38 1.70141E+38 1.70141E+38 1.70141E+38 1.70141E+38 1.70141E+38 1.70141E+38 1.70141E+38 1.70141E+38 1.70141E+38 1.70141E+38 1.70141E+38 1.70141E+38 1.70141E+38 1.70141E+38 1.70141E+38 1.70141E+38 1.70141E+38 1.70141E+38 1.70141E+38 1.70141E+38 1.70141E+38 1.70141E+38 1.70141E+38 1.70141E+38 1.70141E+38 1.70141E+38 1.70141E+38 1.70141E+38 1.70141E+38 1.70141E+38 1.70141E+38 1.70141E+38 1.70141E+38 1.70141E+38 1.70141E+38 1.70141E+38 1.70141E+38 1.70141E+38 1.70141E+38 1.70141E+38 1.70141E+38 1.70141E+38 1.70141E+38 1.70141E+38 1.70141E+38 1.70141E+38 1.70141E+38 1.70141E+38 1.70141E+38 1.70141E+38 1.70141E+38 1.70141E+38 1.70141E+38
1.70141E+38 1.70141E+38 1.70141E+38 1.70141E+38 1.70141E+38 1.70141E+38 1.70141E+38 1.70141E+38 1.70141E+38 1.70141E+38 1.70141E+38 1.70141E+38 1.70141E+38 1.70141E+38 1.70141E+38 1.70141E+38 1.70141E+38 1.70141E+38 1.70141E+38 1.70141E+38 1.70141E+38 1.70141E+38 1.70141E+38 1.70141E+38 1.70141E+38 1.70141E+38 1.70141E+38 1.70141E+38 1.70141E+38 1.70141E+38 1.70141E+38 1.70141E+38 1.70141E+38 1.70141E+38 1.70141E+38 1.70141E+38 1.70141E+38 1.70141E+38 1.70141E+38 1.70141E+38 1.70141E+38 1.70141E+38 1.70141E+38 1.70141E+38 1.70141E+38 1.70141E+38 1.70141E+38 1.70141E+38 1.70141E+38 1.70141E+38 1.70141E+38 1.70141E+38 1.70141E+38 1.70141E+38 1.70141E+38 1.70141E+38 1.70141E+38 1.70141E+38 1.70141E+38 1.70141E+38 1.70141E+38
