py_wake/examples/data/AJ_ParqueFicticio/Ridge area   Sector 6   Height 200m   Weibull-k.grd
DSAA
90  129
 262878   265103
 6504214   6507414
 1.052734   2.669922
[rows 81 to 107 of 129, columns 0 to 61 of 90]
2.455078 2.451172 2.447266 2.443359 2.443359 2.439453 2.439453 2.443359 2.447266 2.451172 2.451172 2.451172 2.451172 2.451172 2.455078 2.455078 2.455078 2.455078 2.455078 2.455078 2.455078 2.455078 2.455078 2.451172 2.447266 2.447266 2.443359 2.443359 2.439453 2.439453 2.439453 2.439453 2.443359 2.443359 2.447266 2.451172 2.451172 2.451172 2.455078 2.455078 2.455078 2.455078 2.455078 2.455078 2.455078 2.451172 2.451172 2.447266 2.447266 2.447266 2.443359 2.443359 2.439453 2.431641 2.423828 2.416016 2.408203 2.404297 2.404297 2.408203 2.412109 2.416016
2.458984 2.455078 2.455078 2.455078 2.455078 2.455078 2.455078 2.458984 2.458984 2.462891 2.462891 2.462891 2.462891 2.462891 2.466797 2.470703 2.470703 2.466797 2.462891 2.458984 2.458984 2.458984 2.455078 2.455078 2.451172 2.447266 2.447266 2.443359 2.443359 2.443359 2.443359 2.443359 2.447266 2.447266 2.451172 2.455078 2.455078 2.455078 2.458984 2.458984 2.458984 2.458984 2.455078 2.455078 2.455078 2.451172 2.451172 2.447266 2.447266 2.443359 2.443359 2.439453 2.435547 1.052734 2.419922 2.408203 2.396484 2.388672 2.384766 2.388672 2.396484 2.400391
2.458984 2.458984 2.458984 2.458984 2.458984 2.466797 2.470703 2.474609 2.478516 2.478516 2.478516 2.478516 2.478516 2.478516 2.478516 2.482422 2.482422 2.482422 2.474609 2.470703 2.466797 2.466797 2.462891 2.458984 2.455078 2.451172 2.447266 2.447266 2.443359 2.443359 2.443359 2.447266 2.451172 2.451172 2.455078 2.458984 2.458984 2.458984 2.458984 2.458984 2.458984 2.458984 2.458984 2.455078 2.455078 2.451172 2.451172 2.447266 2.443359 2.443359 2.439453 2.439453 2.435547 1.166016 1.212891 1.267578 1.365234 1.470703 2.369141 2.369141 2.376953 2.384766
2.462891 2.466797 2.470703 2.470703 2.474609 2.478516 2.482422 2.486328 2.486328 2.486328 2.486328 2.490234 2.486328 2.486328 2.486328 2.490234 2.490234 2.486328 2.482422 2.474609 2.474609 2.474609 2.470703 2.462891 2.455078 2.451172 2.451172 2.447266 2.447266 2.447266 2.447266 2.451172 2.451172 2.455078 2.458984 2.458984 2.458984 2.458984 2.458984 2.458984 2.458984 2.458984 2.458984 2.458984 2.455078 2.451172 2.447266 2.447266 2.443359 2.439453 2.435547 2.435547 2.435547 1.283203 1.255859 1.298828 1.357422 1.470703 1.568359 1.634766 1.650391 1.634766
2.478516 2.482422 2.482422 2.482422 2.482422 2.486328 2.490234 2.490234 2.494141 2.490234 2.494141 2.494141 2.490234 2.490234 2.490234 2.490234 2.490234 2.486328 2.482422 2.478516 2.474609 2.474609 2.470703 2.462891 2.458984 2.451172 2.451172 2.447266 2.447266 2.447266 2.451172 2.451172 2.455078 2.458984 2.458984 2.458984 2.458984 2.458984 2.458984 2.458984 2.458984 2.458984 2.458984 2.458984 2.455078 2.451172 2.447266 2.443359 2.439453 2.435547 2.435547 2.431641 2.431641 1.572266 1.294922 1.322266 1.365234 1.447266 1.568359 1.662109 1.708984 1.708984
2.490234 2.490234 2.490234 2.490234 2.490234 2.490234 2.494141 2.494141 2.494141 2.490234 2.490234 2.490234 2.490234 2.490234 2.490234 2.486328 2.486328 2.482422 2.478516 2.470703 2.470703 2.466797 2.466797 2.462891 2.458984 2.451172 2.451172 2.451172 2.451172 2.451172 2.455078 2.455078 2.458984 2.458984 2.458984 2.458984 2.458984 2.458984 2.458984 2.458984 2.458984 2.458984 2.458984 2.458984 2.455078 2.451172 2.447266 2.439453 2.435547 2.431641 2.431641 2.427734 2.427734 2.423828 1.369141 1.337891 1.373047 1.431641 1.517578 1.630859 1.712891 1.744141
2.494141 2.494141 2.494141 2.490234 2.490234 2.490234 2.490234 2.490234 2.490234 2.486328 2.486328 2.486328 2.486328 2.486328 2.482422 2.482422 2.474609 2.470703 2.462891 2.462891 2.458984 2.458984 2.458984 2.458984 2.455078 2.455078 2.455078 2.455078 2.455078 2.455078 2.458984 2.458984 2.458984 2.458984 2.458984 2.458984 2.458984 2.458984 2.458984 2.458984 2.458984 2.458984 2.458984 2.458984 2.455078 2.451172 2.443359 2.439453 2.435547 2.427734 2.427734 2.423828 2.423828 2.419922 1.580078 1.373047 1.373047 1.419922 1.490234 1.568359 1.658203 1.724609
2.498047 2.494141 2.490234 2.486328 2.486328 2.486328 2.486328 2.486328 2.482422 2.482422 2.478516 2.478516 2.478516 2.474609 2.474609 2.466797 2.462891 2.455078 2.451172 2.447266 2.447266 2.451172 2.451172 2.451172 2.451172 2.455078 2.455078 2.458984 2.458984 2.458984 2.458984 2.458984 2.458984 2.458984 2.458984 2.458984 2.458984 2.458984 2.458984 2.458984 2.458984 2.458984 2.458984 2.458984 2.455078 2.451172 2.443359 2.439453 2.431641 2.423828 2.419922 2.419922 2.416016 2.416016 2.416016 1.478516 1.392578 1.404297 1.455078 1.521484 1.583984 1.654297
2.494141 2.490234 2.486328 2.482422 2.482422 2.478516 2.478516 2.478516 2.474609 2.470703 2.470703 2.470703 2.466797 2.462891 2.458984 2.451172 2.443359 2.439453 2.435547 2.435547 2.439453 2.443359 2.447266 2.451172 2.455078 2.455078 2.458984 2.458984 2.458984 2.458984 2.458984 2.458984 2.458984 2.458984 2.458984 2.458984 2.458984 2.458984 2.458984 2.458984 2.458984 2.458984 2.458984 2.458984 2.455078 2.451172 2.443359 2.435547 2.427734 2.419922 2.416016 2.412109 2.412109 2.412109 2.412109 1.865234 1.455078 1.404297 1.419922 1.466797 1.525391 1.576172
2.490234 2.486328 2.478516 2.474609 2.474609 2.474609 2.470703 2.470703 2.466797 2.462891 2.462891 2.458984 2.455078 2.451172 2.447266 2.439453 2.431641 2.427734 2.423828 2.427734 2.431641 2.435547 2.443359 2.451172 2.455078 2.458984 2.458984 2.458984 2.458984 2.458984 2.458984 2.458984 2.458984 2.458984 2.458984 2.458984 2.458984 2.458984 2.458984 2.458984 2.458984 2.458984 2.458984 2.458984 2.455078 2.447266 2.439453 2.431641 2.423828 2.416016 2.408203 2.408203 2.404297 2.404297 2.404297 2.404297 1.642578 1.427734 1.396484 1.416016 1.458984 1.505859
2.482422 2.478516 2.470703 2.470703 2.466797 2.466797 2.462891 2.462891 2.458984 2.458984 2.455078 2.455078 2.451172 2.447266 2.439453 2.431641 2.427734 2.419922 2.419922 2.419922 2.427734 2.435547 2.443359 2.451172 2.455078 2.458984 2.458984 2.458984 2.458984 2.458984 2.458984 2.458984 2.458984 2.458984 2.458984 2.458984 2.458984 2.458984 2.458984 2.458984 2.458984 2.458984 2.458984 2.455078 2.451172 2.447266 2.439453 2.427734 2.419922 2.408203 2.404297 2.400391 2.396484 2.396484 2.392578 2.392578 2.388672 1.525391 1.392578 1.373047 1.396484 1.431641
2.470703 2.466797 2.462891 2.462891 2.458984 2.458984 2.458984 2.458984 2.455078 2.455078 2.451172 2.451172 2.447266 2.443359 2.439453 2.431641 2.427734 2.423828 2.423828 2.423828 2.427734 2.435547 2.447266 2.455078 2.458984 2.458984 2.458984 2.458984 2.458984 2.458984 2.458984 2.458984 2.458984 2.458984 2.458984 2.458984 2.458984 2.458984 2.458984 2.458984 2.458984 2.458984 2.458984 2.455078 2.451172 2.443359 2.435547 2.423828 2.412109 2.404297 2.392578 2.388672 2.380859 2.376953 2.373047 2.373047 2.369141 1.873047 1.431641 1.349609 1.341797 1.361328
2.462891 2.458984 2.458984 2.458984 2.458984 2.458984 2.458984 2.455078 2.451172 2.451172 2.451172 2.447266 2.447266 2.443359 2.439453 2.435547 2.431641 2.431641 2.431641 2.431641 2.439453 2.443359 2.451172 2.458984 2.458984 2.458984 2.458984 2.458984 2.458984 2.458984 2.458984 2.458984 2.458984 2.458984 2.458984 2.458984 2.458984 2.458984 2.458984 2.458984 2.458984 2.458984 2.455078 2.451172 2.447266 2.439453 2.427734 2.416016 2.404297 2.392578 2.380859 2.373047 2.361328 2.357422 2.353516 2.349609 2.349609 2.345703 1.650391 1.388672 1.322266 1.310547
2.458984 2.458984 2.458984 2.458984 2.458984 2.455078 2.455078 2.451172 2.451172 2.447266 2.447266 2.447266 2.447266 2.447266 2.443359 2.443359 2.439453 2.439453 2.439453 2.443359 2.447266 2.455078 2.458984 2.458984 2.458984 2.458984 2.458984 2.458984 2.458984 2.458984 2.458984 2.458984 2.458984 2.458984 2.458984 2.458984 2.458984 2.458984 2.458984 2.458984 2.455078 2.455078 2.451172 2.447266 2.439453 2.431641 2.419922 2.408203 2.392578 2.376953 2.365234 2.353516 2.337891 2.330078 2.326172 2.326172 2.326172 2.322266 2.322266 1.759766 1.404297 1.326172
2.458984 2.458984 2.458984 2.458984 2.455078 2.455078 2.451172 2.447266 2.447266 2.451172 2.451172 2.451172 2.451172 2.451172 2.451172 2.447266 2.447266 2.447266 2.451172 2.451172 2.455078 2.458984 2.458984 2.458984 2.458984 2.458984 2.458984 2.458984 2.458984 2.458984 2.458984 2.458984 2.458984 2.458984 2.458984 2.458984 2.458984 2.458984 2.458984 2.455078 2.455078 2.451172 2.447266 2.439453 2.431641 2.423828 2.412109 2.396484 2.376953 2.361328 2.345703 2.326172 2.314453 2.302734 2.302734 2.298828 2.298828 2.298828 2.302734 2.306641 2.314453 1.537109
2.458984 2.458984 2.458984 2.458984 2.455078 2.455078 2.451172 2.451172 2.451172 2.451172 2.451172 2.455078 2.455078 2.455078 2.455078 2.455078 2.455078 2.455078 2.458984 2.458984 2.458984 2.458984 2.458984 2.458984 2.458984 2.458984 2.458984 2.458984 2.458984 2.458984 2.458984 2.458984 2.458984 2.458984 2.458984 2.458984 2.458984 2.458984 2.455078 2.451172 2.447266 2.443359 2.439453 2.431641 2.419922 2.408203 2.392578 2.376953 2.357422 2.333984 2.314453 2.294922 2.283203 2.275391 2.271484 2.275391 2.275391 2.279297 2.283203 2.287109 2.294922 2.298828
2.458984 2.458984 2.458984 2.458984 2.455078 2.455078 2.455078 2.455078 2.455078 2.458984 2.462891 2.462891 2.466797 2.462891 2.462891 2.458984 2.458984 2.458984 2.458984 2.458984 2.458984 2.458984 2.458984 2.458984 2.458984 2.458984 2.458984 2.458984 2.458984 2.458984 2.458984 2.458984 2.458984 2.458984 2.458984 2.458984 2.458984 2.455078 2.451172 2.447266 2.443359 2.435547 2.427734 2.412109 2.380859 1.822266 1.544922 2.248047 2.294922 2.283203 2.267578 2.251953 2.240234 2.236328 2.236328 2.244141 2.248047 2.251953 2.259766 2.267578 2.275391 2.283203
2.458984 2.458984 2.458984 2.458984 2.455078 2.455078 2.455078 2.458984 2.466797 2.470703 2.470703 2.474609 2.474609 2.470703 2.466797 2.462891 2.458984 2.458984 2.458984 2.458984 2.458984 2.458984 2.458984 2.458984 2.458984 2.458984 2.458984 2.458984 2.458984 2.458984 2.458984 2.458984 2.458984 2.458984 2.458984 2.458984 2.458984 2.455078 2.447266 2.443359 2.435547 2.423828 2.412109 2.388672 2.119141 1.470703 1.603516 1.572266 1.490234 1.876953 2.162109 2.181641 2.177734 2.181641 2.193359 2.208984 2.220703 2.228516 2.236328 2.251953 2.263672 2.275391
2.458984 2.458984 2.458984 2.458984 2.458984 2.462891 2.466797 2.470703 2.474609 2.474609 2.478516 2.478516 2.474609 2.474609 2.470703 2.466797 2.458984 2.458984 2.458984 2.458984 2.458984 2.458984 2.458984 2.458984 2.458984 2.458984 2.458984 2.458984 2.458984 2.458984 2.458984 2.458984 2.458984 2.458984 2.458984 2.458984 2.455078 2.451172 2.443359 2.435547 2.423828 2.412109 2.396484 2.365234 1.869141 1.451172 1.607422 1.630859 1.583984 1.494141 1.626953 1.912109 2.064453 2.099609 2.134766 2.169922 2.189453 2.208984 2.220703 2.236328 2.251953 2.267578
1.70141E+38 1.70141E+38 1.70141E+38 1.70141E+38 1.70141E+38 1.70141E+38 1.70141E+38 1.70141E+38 1.70141E+38 1.70141E+38 1.70141E+38 1.70141E+38 1.70141E+38 1.70141E+38 1.70141E+38 1.70141E+38 1.70141E+38 1.70141E+38 1.70141E+38 1.70141E+38 1.70141E+38 1.70141E+38 1.70141E+38 1.70141E+38 1.70141E+38 1.70141E+38 1.70141E+38 1.70141E+38 1.70141E+38 1.70141E+38 1.70141E+38 1.70141E+38 1.70141E+38 1.70141E+38 1.70141E+38 1.70141E+38 1.70141E+38 1.70141E+38 1.70141E+38 1.70141E+38 1.70141E+38 1.70141E+38 1.70141E+38 1.70141E+38 1.70141E+38 1.70141E+38 1.70141E+38 1.70141E+38 1.70141E+38 1.70141E+38 1.70141E+38 1.70141E+38 1.70141E+38 1.70141E+38 1.70141E+38 1.70141E+38 1.70141E+38 1.70141E+38 1.70141E+38 1.70141E+38 1.70141E+38 1.70141E+38
1.70141E+38 1.70141E+38 1.70141E+38 1.70141E+38 1.70141E+38 1.70141E+38 1.70141E+38 1.70141E+38 1.70141E+38 1.70141E+38 1.70141E+38 1.70141E+38 1.70141E+38 1.70141E+38 1.70141E+38 1.70141E+38 1.70141E+38 1.70141E+38 1.70141E+38 1.70141E+38 1.70141E+38 1.70141E+38 1.70141E+38 1.70141E+38 1.70141E+38 1.70141E+38 1.70141E+38 1.70141E+38 1.70141E+38 1.70141E+38 1.70141E+38 1.70141E+38 1.70141E+38 1.70141E+38 1.70141E+38 1.70141E+38 1.70141E+38 1.70141E+38 1.70141E+38 1.70141E+38 1.70141E+38 1.70141E+38 1.70141E+38 1.70141E+38 1.70141E+38 1.70141E+38 1.70141E+38 1.70141E+38 1.70141E+38 1.70141E+38 1.70141E+38 1.70141E+38 1.70141E+38 1.70141E+38 1.70141E+38 1.70141E+38 1.70141E+38 1.70141E+38 1.70141E+38 1.70141E+38 1.70141E+38 1.70141E+38
1.70141E+38 1.70141E+38 1.70141E+38 1.70141E+38 1.70141E+38 1.70141E+38 1.70141E+38 1.70141E+38 1.70141E+38 1.70141E+38 1.70141E+38 1.70141E+38 1.70141E+38 1.70141E+38 1.70141E+38 1.70141E+38 1.70141E+38 1.70141E+38 1.70141E+38 1.70141E+38 1.70141E+38 1.70141E+38 1.70141E+38 1.70141E+38 1.70141E+38 1.70141E+38 1.70141E+38 1.70141E+38 1.70141E+38 1.70141E+38 1.70141E+38 1.70141E+38 1.70141E+38 1.70141E+38 1.70141E+38 1.70141E+38 1.70141E+38 1.70141E+38 1.70141E+38 1.70141E+38 1.70141E+38 1.70141E+38 1.70141E+38 1.70141E+38 1.70141E+38 1.70141E+38 1.70141E+38 1.70141E+38 1.70141E+38 1.70141E+38 1.70141E+38 1.70141E+38 1.70141E+38 1.70141E+38 1.70141E+38 1.70141E+38 1.70141E+38 1.70141E+38 1.70141E+38 1.70141E+38 1.70141E+38 1.70141E+38
1.70141E+38 1.70141E+38 1.70141E+38 1.70141E+38 1.70141E+38 1.70141E+38 1.70141E+38 1.70141E+38 1.70141E+38 1.70141E+38 1.70141E+38 1.70141E+38 1.70141E+38 1.70141E+38 1.70141E+38 1.70141E+38 1.70141E+38 1.70141E+38 1.70141E+38 1.70141E+38 1.70141E+38 1.70141E+38 1.70141E+38 1.70141E+38 1.70141E+38 1.70141E+38 1.70141E+38 1.70141E+38 1.70141E+38 1.70141E+38 1.70141E+38 1.70141E+38 1.70141E+38 1.70141E+38 1.70141E+38 1.70141E+38 1.70141E+38 1.70141E+38 1.70141E+38 1.70141E+38 1.70141E+38 1.70141E+38 1.70141E+38 1.70141E+38 1.70141E+38 1.70141E+38 1.70141E+38 1.70141E+38 1.70141E+38 1.70141E+38 1.70141E+38 1.70141E+38 1.70141E+38 1.70141E+38 1.70141E+38 1.70141E+38 1.70141E+38 1.70141E+38 1.70141E+38 1.70141E+38 1.70141E+38 1.70141E+38
1.70141E+38 1.70141E+38 1.70141E+38 1.70141E+38 1.70141E+38 1.70141E+38 1.70141E+38 1.70141E+38 1.70141E+38 1.70141E+38 1.70141E+38 1.70141E+38 1.70141E+38 1.70141E+38 1.70141E+38 1.70141E+38 1.70141E+38 1.70141E+38 1.70141E+38 1.70141E+38 1.70141E+38 1.70141E+38 1.70141E+38 1.70141E+38 1.70141E+38 1.70141E+38 1.70141E+38 1.70141E+38 1.70141E+38 1.70141E+38 1.70141E+38 1.70141E+38 1.70141E+38 1.70141E+38 1.70141E+38 1.70141E+38 1.70141E+38 1.70141E+38 1.70141E+38 1.70141E+38 1.70141E+38 1.70141E+38 1.70141E+38 1.70141E+38 1.70141E+38 1.70141E+38 1.70141E+38 1.70141E+38 1.70141E+38 1.70141E+38 1.70141E+38 1.70141E+38 1.70141E+38 1.70141E+38 1.70141E+38 1.70141E+38 1.70141E+38 1.70141E+38 1.70141E+38 1.70141E+38 1.70141E+38 1.70141E+38
1.70141E+38 1.70141E+38 1.70141E+38 1.70141E+38 1.70141E+38 1.70141E+38 1.70141E+38 1.70141E+38 1.70141E+38 1.70141E+38 1.70141E+38 1.70141E+38 1.70141E+38 1.70141E+38 1.70141E+38 1.70141E+38 1.70141E+38 1.70141E+38 1.70141E+38 1.70141E+38 1.70141E+38 1.70141E+38 1.70141E+38 1.70141E+38 1.70141E+38 1.70141E+38 1.70141E+38 1.70141E+38 1.70141E+38 1.70141E+38 1.70141E+38 1.70141E+38 1.70141E+38 1.70141E+38 1.70141E+38 1.70141E+38 1.70141E+38 1.70141E+38 1.70141E+38 1.70141E+38 1.70141E+38 1.70141E+38 1.70141E+38 1.70141E+38 1.70141E+38 1.70141E+38 1.70141E+38 1.70141E+38 1.70141E+38 1.70141E+38 1.70141E+38 1.70141E+38 1.70141E+38 1.70141E+38 1.70141E+38 1.70141E+38 1.70141E+38 1.70141E+38 1.70141E+38 1.70141E+38 1.70141E+38 1.70141E+38
1.70141E+38 1.70141E+38 1.70141E+38 1.70141E+38 1.70141E+38 1.70141E+38 1.70141E+38 1.70141E+38 1.70141E+38 1.70141E+38 1.70141E+38 1.70141E+38 1.70141E+38 1.70141E+38 1.70141E+38 1.70141E+38 1.70141E+38 1.70141E+38 1.70141E+38 1.70141E+38 1.70141E+38 1.70141E+38 1.70141E+38 1.70141E+38 1.70141E+38 1.70141E+38 1.70141E+38 1.70141E+38 1.70141E+38 1.70141E+38 1.70141E+38 1.70141E+38 1.70141E+38 1.70141E+38 1.70141E+38 1.70141E+38 1.70141E+38 1.70141E+38 1.70141E+38 1.70141E+38 1.70141E+38 1.70141E+38 1.70141E+38 1.70141E+38 1.70141E+38 1.70141E+38 1.70141E+38 1.70141E+38 1.70141E+38 1.70141E+38 1.70141E+38 1.70141E+38 1.70141E+38 1.70141E+38 1.70141E+38 1.70141E+38 1.70141E+38 1.70141E+38 1.70141E+38 1.70141E+38 1.70141E+38 1.70141E+38
1.70141E+38 1.70141E+38 1.70141E+38 1.70141E+38 1.70141E+38 1.70141E+38 1.70141E+38 1.70141E+38 1.70141E+38 1.70141E+38 1.70141E+38 1.70141E+38 1.70141E+38 1.70141E+38 1.70141E+38 1.70141E+38 1.70141E+38 1.70141E+38 1.70141E+38 1.70141E+38 1.70141E+38 1.70141E+38 1.70141E+38 1.70141E+38 1.70141E+38 1.70141E+38 1.70141E+38 1.70141E+38 1.70141E+38 1.70141E+38 1.70141E+38 1.70141E+38 1.70141E+38 1.70141E+38 1.70141E+38 1.70141E+38 1.70141E+38 1.70141E+38 1.70141E+38 1.70141E+38 1.70141E+38 1.70141E+38 1.70141E+38 1.70141E+38 1.70141E+38 1.70141E+38 1.70141E+38 1.70141E+38 1.70141E+38 1.70141E+38 1.70141E+38 1.70141E+38 1.70141E+38 1.70141E+38 1.70141E+38 1.70141E+38 1.70141E+38 1.70141E+38 1.70141E+38 1.70141E+38 1.70141E+38 1.70141E+38
