py_wake/examples/data/AJ_ParqueFicticio/Ridge area   Sector 2   Height 30m   Orographic turn.grd
DSAA
90  129
 262878   265103
 6504214   6507414
-16.15023   71.16006
[rows 81 to 107 of 129, columns 0 to 60 of 90]
2.687228 2.469027 2.104684 1.603464 1.009519 .4018526 -.128308 -.5441015 -.8188884 -1.065941 -1.304061 -1.465003 -1.534586 -1.624133 -1.795535 -1.920109 -1.947766 -1.870852 -1.497984 -.9655299 -.5278137 -.1000763 .2333887 .5610037 .921387 1.370673 1.918783 2.683976 3.681405 4.769604 5.722273 6.336536 6.599255 6.710352 6.819833 6.895182 6.89889 6.963293 7.165101 7.532942 8.074729 8.782314 9.361898 9.892704 10.40252 10.83143 11.20964 11.46688 11.50486 11.28124 10.84432 10.28796 9.675847 9.049615 8.366342 7.634298 6.889206 6.085859 5.238006 4.401272 3.55586
1.565198 1.382985 1.139079 .8084605 .4141419 .003249351 -.3611242 -.6820533 -.9347665 -1.10104 -1.222522 -1.346114 -1.404833 -1.424589 -1.534838 -1.68847 -1.831117 -1.733811 -1.285767 -.6362918 -.2199571 .0822026 .3286566 .6753228 1.123363 1.662511 2.248744 3.006944 3.955173 4.932512 5.807356 6.422665 6.74838 6.896335 6.965262 6.980172 6.952911 7.004653 7.151648 7.412488 7.865022 8.476067 8.97588 9.408283 9.8519 10.25924 10.62945 10.86756 10.98513 10.72947 10.3869 9.901553 9.377208 8.873063 8.378368 7.890379 7.428057 6.882136 6.213123 5.46668 4.656521
.8465986 .7735944 .658316 .4751143 .2363764 -.0228221 -.3141564 -.6415136 -.8467919 -.8748152 -.9035719 -.9901635 -.9759328 -1.00476 -1.293061 -1.538685 -1.631085 -1.42073 -.8896111 -.2453956 -.05016078 .1641729 .4210665 .8063605 1.308201 1.856675 2.397192 3.088205 3.939863 4.785537 5.569186 6.168462 6.543042 6.748674 6.874006 6.946969 6.995256 7.126772 7.267476 7.439957 7.780675 8.25486 8.648178 8.913325 9.270233 9.611878 9.927441 10.13492 10.24157 9.971139 9.704783 9.302823 8.881393 8.468398 8.102397 7.793342 7.605258 7.347084 6.943559 6.422603 5.763435
.3639189 .4009822 .3830642 .3058647 .1979816 .02115726 -.252951 -.5366992 -.6402692 -.5702938 -.5525796 -.5887128 -.625221 -.783015 -1.127636 -1.383306 -1.421853 -1.169123 -.7074215 -.2213976 -.02619526 .2175363 .5313947 .9508359 1.43873 1.970243 2.484761 3.091067 3.834784 4.562123 5.265872 5.831502 6.22912 6.49197 6.692473 6.855902 7.048074 7.298692 7.460427 7.58367 7.797983 8.09247 8.336694 8.455392 8.694906 8.938815 9.173921 9.371517 9.405357 9.150498 8.895136 8.512732 8.11755 7.729015 7.419556 7.19482 7.215463 7.222943 7.137583 6.954123 6.576609
.1158751 .2380805 .2766024 .2869833 .277299 .1197973 -.132782 -.3478743 -.3788987 -.268712 -.2201204 -.2665074 -.4248785 -.6903241 -1.009847 -1.1806 -1.172529 -.9589059 -.6354688 -.2998714 -.05159958 .2556213 .6189701 1.082029 1.590944 2.117354 2.611176 3.13759 3.77 4.388795 5.00836 5.521715 5.927351 6.234993 6.504766 6.761804 7.093823 7.456284 7.665227 7.786216 7.907972 8.046111 8.115883 8.074203 8.157345 8.291814 8.447032 8.548439 8.497564 8.283804 8.004837 7.619965 7.23141 6.834869 6.524769 6.312534 6.442523 6.656358 6.851673 6.994564 7.021292
.07272705 .2739781 .3885334 .4858779 .5454423 .4371236 .2636466 .1093757 .06355697 .1145405 .06406727 -.07667083 -.2747238 -.510946 -.8221242 -1.024692 -1.009931 -.8552583 -.6408748 -.3737083 -.1576343 .1654513 .5845406 1.166062 1.758939 2.313358 2.821347 3.291871 3.800817 4.324402 4.869843 5.339897 5.737984 6.068527 6.377823 6.710554 7.175563 7.610311 7.870562 7.996821 8.077403 8.155189 8.170246 8.048461 7.955111 7.924822 7.912351 7.84115 7.692141 7.450834 7.12071 6.718393 6.323859 5.919835 5.591913 5.36226 5.499892 5.826689 6.232256 6.63619 7.047845
.3406521 .6105314 .811518 .9758427 1.032597 .9063566 .7321019 .6033764 .552753 .5003651 .3273782 .1062536 -.1446795 -.4045105 -.7090647 -.9183695 -.9682615 -.8597818 -.6550133 -.457286 -.2469309 .06517813 .597077 1.367309 2.077294 2.665438 3.197017 3.614092 4.025284 4.46974 4.940799 5.380728 5.773333 6.063779 6.350691 6.711678 7.240051 7.733495 8.043201 8.168198 8.207496 8.224394 8.200803 8.083591 7.932017 7.775195 7.601553 7.348501 7.064323 6.742163 6.328881 5.883688 5.456707 5.033912 4.660957 4.383107 4.466517 4.791565 5.255388 5.755083 6.377066
.7443104 1.056521 1.330316 1.532337 1.560283 1.414177 1.235417 1.083951 .9910713 .8519194 .5969939 .2711592 -.07974654 -.4195353 -.7705886 -1.020647 -1.173603 -1.086971 -.8289354 -.5542405 -.2766722 .2067934 .8673074 1.774453 2.600931 3.215784 3.698699 4.038922 4.360754 4.731196 5.145704 5.579267 5.992157 6.242833 6.479267 6.827656 7.366675 7.885394 8.21069 8.337992 8.319701 8.24126 8.144539 7.974787 7.758894 7.533486 7.28771 6.971986 6.610419 6.202872 5.718932 5.224881 4.738821 4.248166 3.765116 3.376322 3.357799 3.612986 4.044589 4.517102 5.176785
1.192098 1.514556 1.835567 2.066278 2.095743 1.934901 1.709859 1.495919 1.308956 1.055459 .7159362 .3150627 -.1574418 -.6336017 -1.048535 -1.357162 -1.589524 -1.427255 -1.084731 -.6218335 -.1404535 .5842572 1.431309 2.429809 3.30537 3.888982 4.267124 4.528912 4.787387 5.104445 5.458981 5.85294 6.247572 6.452684 6.64555 6.96191 7.475611 8.00493 8.345596 8.496851 8.419633 8.304007 8.217064 8.072889 7.817776 7.499017 7.157324 6.773196 6.363565 5.905336 5.325023 4.755104 4.181727 3.567554 2.919595 2.380554 2.230925 2.387178 2.742064 3.145874 3.771002
1.708365 1.990251 2.302361 2.503511 2.484588 2.306327 2.056821 1.781067 1.471213 1.119674 .6921297 .1797425 -.4345081 -1.044674 -1.483427 -1.704992 -1.784347 -1.610962 -1.153833 -.5782937 .155133 1.154957 2.17793 3.227614 4.0838 4.584354 4.87125 5.079694 5.300988 5.599677 5.924395 6.276636 6.633875 6.80344 6.967032 7.251248 7.693537 8.166077 8.503045 8.665051 8.620942 8.471384 8.358638 8.185379 7.922766 7.598516 7.249444 6.81596 6.320685 5.775514 5.13753 4.501241 3.830597 3.06072 2.234059 1.528586 1.223477 1.270745 1.539833 1.859984 2.423084
2.395668 2.64763 2.896038 2.971948 2.821028 2.541832 2.196488 1.845051 1.433964 .9891112 .5086853 -.03009561 -.6516868 -1.239884 -1.582926 -1.583444 -1.46475 -1.192194 -.6071973 .1362054 1.032801 2.233983 3.248471 4.212069 4.902328 5.261998 5.471395 5.654297 5.881546 6.222613 6.582552 6.920734 7.235047 7.378515 7.537714 7.841785 8.266087 8.684001 8.96355 9.084688 8.911458 8.734873 8.639082 8.445647 8.124592 7.736326 7.378481 6.972469 6.48662 5.909038 5.241411 4.567009 3.78521 2.828156 1.813355 .9975941 .5834556 .471449 .5438746 .7418595 1.253833
3.280393 3.446832 3.618629 3.570191 3.268739 2.842827 2.357981 1.865681 1.342439 .8467602 .3479796 -.1591613 -.600467 -.9287136 -1.037032 -.9167268 -.6971825 -.2526815 .4501716 1.255257 2.267203 3.365659 4.2693 5.020835 5.508487 5.778554 5.976536 6.176564 6.422847 6.802193 7.214634 7.58399 7.91684 8.075669 8.232163 8.53843 8.960122 9.386713 9.688283 9.755425 9.492248 9.262014 9.06448 8.818915 8.443398 8.020851 7.645145 7.254881 6.798742 6.268869 5.649376 4.963017 4.084717 2.97009 1.790293 .8363367 .283343 .001783059 -.09420154 .02824005 .4356361
4.113883 4.184541 4.208924 4.009788 3.596601 3.037836 2.419293 1.830871 1.246155 .7542223 .3233615 -.0389398 -.2810305 -.3992742 -.3166824 -.1239966 .1446546 .6425907 1.319169 2.135751 3.102769 4.004994 4.770679 5.386808 5.824488 6.130907 6.391451 6.635578 6.907009 7.293483 7.717421 8.08646 8.426581 8.632363 8.841621 9.167711 9.581276 9.990998 10.3214 10.40492 10.19679 9.945046 9.70549 9.417338 8.929179 8.467591 8.062668 7.672189 7.249737 6.770129 6.210989 5.551849 4.656649 3.407914 2.089141 .9963307 .2548301 -.2198964 -.4714738 -.45377 -.1702167
4.560842 4.522668 4.39992 4.107162 3.644999 3.046424 2.356275 1.722889 1.203252 .7669827 .4237424 .2227157 .1129415 .1237882 .2976879 .5243822 .8471811 1.316251 1.896093 2.632217 3.432732 4.202493 4.861331 5.439005 5.941915 6.387237 6.760702 7.070425 7.383848 7.763182 8.160753 8.511416 8.862473 9.106893 9.372676 9.728504 10.13603 10.53901 10.87696 10.98662 10.84486 10.64001 10.3415 9.997368 9.480453 8.986243 8.584032 8.250385 7.87079 7.416611 6.880648 6.22587 5.316692 4.006487 2.617758 1.377975 .4721769 -.1641692 -.5608494 -.6719806 -.5528738
4.617492 4.498818 4.292747 3.931056 3.42442 2.819045 2.196127 1.65656 1.253388 .9041861 .6451057 .5415208 .5064183 .5837108 .7835885 1.025989 1.341341 1.732804 2.221051 2.815517 3.497382 4.202358 4.83224 5.399647 5.970788 6.567861 7.068944 7.47503 7.860945 8.262687 8.637949 8.937346 9.208124 9.403081 9.655646 9.997945 10.37583 10.77382 11.12543 11.32358 11.25319 11.07689 10.82559 10.50096 9.997074 9.494271 9.102476 8.797009 8.456896 8.045386 7.555411 6.940825 6.063555 4.736726 3.315593 1.994856 .9596422 .1726922 -.3600414 -.6104006 -.62758
4.435031 4.240157 3.987905 3.621581 3.135701 2.602945 2.08929 1.662089 1.364934 1.100911 .9351084 .872086 .8916498 1.009478 1.186569 1.392974 1.656565 2.003461 2.407423 2.889792 3.465415 4.137452 4.7922 5.375298 5.996298 6.698999 7.301238 7.809929 8.29373 8.73074 9.097735 9.368964 9.589232 9.715056 9.902299 10.16832 10.49542 10.87313 11.23314 11.46917 11.47719 11.38901 11.21116 10.92756 10.46928 9.991366 9.617635 9.324994 9.01859 8.663433 8.232723 7.630588 6.770491 5.470332 4.057975 2.705137 1.609275 .7255297 .068371 -.3240976 -.5057631
4.044334 3.836215 3.577894 3.24983 2.83764 2.410735 2.005622 1.697796 1.482748 1.301298 1.199356 1.162253 1.196846 1.297885 1.447312 1.633333 1.875486 2.1858 2.529081 2.933564 3.464551 4.145142 4.851433 5.458088 6.134241 6.899111 7.554269 8.122001 8.700872 9.185057 9.562663 9.824471 10.00875 10.07282 10.17033 10.33296 10.58044 10.9151 11.25273 11.50932 11.64248 11.65884 11.57518 11.36368 10.98575 10.54017 10.191 9.930527 9.661589 9.317452 8.873203 8.275623 7.478612 6.209905 4.817158 3.463833 2.323583 1.345548 .5811028 .08790184 -.2110869
3.508656 3.324194 3.104507 2.843526 2.548387 2.234264 1.932944 1.740478 1.595117 1.485437 1.422689 1.422771 1.486471 1.601429 1.763086 1.952018 2.192932 2.512583 2.856803 3.268321 3.809081 4.476443 5.165149 5.763319 6.460205 7.251551 7.953249 8.558477 9.17008 9.643897 9.968857 10.18301 10.30964 10.33173 10.36414 10.43606 10.60458 10.891 11.20465 11.47875 11.68234 11.79486 11.80429 11.68425 11.41491 11.07156 10.77494 10.54311 10.27399 9.922266 9.487232 8.919772 8.177654 6.970137 5.632239 4.306509 3.151934 2.096184 1.204924 .5819199 .1687178
2.945641 2.798969 2.636233 2.448148 2.271313 2.066208 1.873523 1.772046 1.697284 1.646496 1.626682 1.661798 1.764843 1.916175 2.122239 2.355878 2.639426 2.989158 3.36735 3.825906 4.389956 5.050044 5.724191 6.341838 7.043424 7.81576 8.533814 9.172372 9.800033 10.23246 10.45272 10.56623 10.59054 10.52223 10.44192 10.4042 10.49767 10.73809 11.03068 11.30874 11.54352 11.71977 11.78335 11.73891 11.57363 11.34462 11.1268 10.94761 10.71823 10.42902 10.04803 9.540009 8.819882 7.668391 6.380949 5.081529 3.923597 2.867191 1.980785 1.325307 .8247772
1.70141E+38 1.70141E+38 1.70141E+38 1.70141E+38 1.70141E+38 1.70141E+38 1.70141E+38 1.70141E+38 1.70141E+38 1.70141E+38 1.70141E+38 1.70141E+38 1.70141E+38 1.70141E+38 1.70141E+38 1.70141E+38 1.70141E+38 1.70141E+38 1.70141E+38 1.70141E+38 1.70141E+38 1.70141E+38 1.70141E+38 1.70141E+38 1.70141E+38 1.70141E+38 1.70141E+38 1.70141E+38 1.70141E+38 1.70141E+38 1.70141E+38 1.70141E+38 1.70141E+38 1.70141E+38 1.70141E+38 1.70141E+38 1.70141E+38 1.70141E+38 1.70141E+38 1.70141E+38 1.70141E+38 1.70141E+38 1.70141E+38 1.70141E+38 1.70141E+38 1.70141E+38 1.70141E+38 1.70141E+38 1.70141E+38 1.70141E+38 1.70141E+38 1.70141E+38 1.70141E+38 1.70141E+38 1.70141E+38 1.70141E+38 1.70141E+38 1.70141E+38 1.70141E+38 1.70141E+38 1.70141E+38
1.70141E+38 1.70141E+38 1.70141E+38 1.70141E+38 1.70141E+38 1.70141E+38 1.70141E+38 1.70141E+38 1.70141E+38 1.70141E+38 1.70141E+38 1.70141E+38 1.70141E+38 1.70141E+38 1.70141E+38 1.70141E+38 1.70141E+38 1.70141E+38 1.70141E+38 1.70141E+38 1.70141E+38 1.70141E+38 1.70141E+38 1.70141E+38 1.70141E+38 1.70141E+38 1.70141E+38 1.70141E+38 1.70141E+38 1.70141E+38 1.70141E+38 1.70141E+38 1.70141E+38 1.70141E+38 1.70141E+38 1.70141E+38 1.70141E+38 1.70141E+38 1.70141E+38 1.70141E+38 1.70141E+38 1.70141E+38 1.70141E+38 1.70141E+38 1.70141E+38 1.70141E+38 1.70141E+38 1.70141E+38 1.70141E+38 1.70141E+38 1.70141E+38 1.70141E+38 1.70141E+38 1.70141E+38 1.70141E+38 1.70141E+38 1.70141E+38 1.70141E+38 1.70141E+38 1.70141E+38 1.70141E+38
1.70141E+38 1.70141E+38 1.70141E+38 1.70141E+38 1.70141E+38 1.70141E+38 1.70141E+38 1.70141E+38 1.70141E+38 1.70141E+38 1.70141E+38 1.70141E+38 1.70141E+38 1.70141E+38 1.70141E+38 1.70141E+38 1.70141E+38 1.70141E+38 1.70141E+38 1.70141E+38 1.70141E+38 1.70141E+38 1.70141E+38 1.70141E+38 1.70141E+38 1.70141E+38 1.70141E+38 1.70141E+38 1.70141E+38 1.70141E+38 1.70141E+38 1.70141E+38 1.70141E+38 1.70141E+38 1.70141E+38 1.70141E+38 1.70141E+38 1.70141E+38 1.70141E+38 1.70141E+38 1.70141E+38 1.70141E+38 1.70141E+38 1.70141E+38 1.70141E+38 1.70141E+38 1.70141E+38 1.70141E+38 1.70141E+38 1.70141E+38 1.70141E+38 1.70141E+38 1.70141E+38 1.70141E+38 1.70141E+38 1.70141E+38 1.70141E+38 1.70141E+38 1.70141E+38 1.70141E+38 1.70141E+38
1.70141E+38 1.70141E+38 1.70141E+38 1.70141E+38 1.70141E+38 1.70141E+38 1.70141E+38 1.70141E+38 1.70141E+38 1.70141E+38 1.70141E+38 1.70141E+38 1.70141E+38 1.70141E+38 1.70141E+38 1.70141E+38 1.70141E+38 1.70141E+38 1.70141E+38 1.70141E+38 1.70141E+38 1.70141E+38 1.70141E+38 1.70141E+38 1.70141E+38 1.70141E+38 1.70141E+38 1.70141E+38 1.70141E+38 1.70141E+38 1.70141E+38 1.70141E+38 1.70141E+38 1.70141E+38 1.70141E+38 1.70141E+38 1.70141E+38 1.70141E+38 1.70141E+38 1.70141E+38 1.70141E+38 1.70141E+38 1.70141E+38 1.70141E+38 1.70141E+38 1.70141E+38 1.70141E+38 1.70141E+38 1.70141E+38 1.70141E+38 1.70141E+38 1.70141E+38 1.70141E+38 1.70141E+38 1.70141E+38 1.70141E+38 1.70141E+38 1.70141E+38 1.70141E+38 1.70141E+38 1.70141E+38
1.70141E+38 1.70141E+38 1.70141E+38 1.70141E+38 1.70141E+38 1.70141E+38 1.70141E+38 1.70141E+38 1.70141E+38 1.70141E+38 1.70141E+38 1.70141E+38 1.70141E+38 1.70141E+38 1.70141E+38 1.70141E+38 1.70141E+38 1.70141E+38 1.70141E+38 1.70141E+38 1.70141E+38 1.70141E+38 1.70141E+38 1.70141E+38 1.70141E+38 1.70141E+38 1.70141E+38 1.70141E+38 1.70141E+38 1.70141E+38 1.70141E+38 1.70141E+38 1.70141E+38 1.70141E+38 1.70141E+38 1.70141E+38 1.70141E+38 1.70141E+38 1.70141E+38 1.70141E+38 1.70141E+38 1.70141E+38 1.70141E+38 1.70141E+38 1.70141E+38 1.70141E+38 1.70141E+38 1.70141E+38 1.70141E+38 1.70141E+38 1.70141E+38 1.70141E+38 1.70141E+38 1.70141E+38 1.70141E+38 1.70141E+38 1.70141E+38 1.70141E+38 1.70141E+38 1.70141E+38 1.70141E+38
1.70141E+38 1.70141E+38 1.70141E+38 1.70141E+38 1.70141E+38 1.70141E+38 1.70141E+38 1.70141E+38 1.70141E+38 1.70141E+38 1.70141E+38 1.70141E+38 1.70141E+38 1.70141E+38 1.70141E+38 1.70141E+38 1.70141E+38 1.70141E+38 1.70141E+38 1.70141E+38 1.70141E+38 1.70141E+38 1.70141E+38 1.70141E+38 1.70141E+38 1.70141E+38 1.70141E+38 1.70141E+38 1.70141E+38 1.70141E+38 1.70141E+38 1.70141E+38 1.70141E+38 1.70141E+38 1.70141E+38 1.70141E+38 1.70141E+38 1.70141E+38 1.70141E+38 1.70141E+38 1.70141E+38 1.70141E+38 1.70141E+38 1.70141E+38 1.70141E+38 1.70141E+38 1.70141E+38 1.70141E+38 1.70141E+38 1.70141E+38 1.70141E+38 1.70141E+38 1.70141E+38 1.70141E+38 1.70141E+38 1.70141E+38 1.70141E+38 1.70141E+38 1.70141E+38 1.70141E+38 1.70141E+38
1.70141E+38 1.70141E+38 1.70141E+38 1.70141E+38 1.70141E+38 1.70141E+38 1.70141E+38 1.70141E+38 1.70141E+38 1.70141E+38 1.70141E+38 1.70141E+38 1.70141E+38 1.70141E+38 1.70141E+38 1.70141E+38 1.70141E+38 1.70141E+38 1.70141E+38 1.70141E+38 1.70141E+38 1.70141E+38 1.70141E+38 1.70141E+38 1.70141E+38 1.70141E+38 1.70141E+38 1.70141E+38 1.70141E+38 1.70141E+38 1.70141E+38 1.70141E+38 1.70141E+38 1.70141E+38 1.70141E+38 1.70141E+38 1.70141E+38 1.70141E+38 1.70141E+38 1.70141E+38 1.70141E+38 1.70141E+38 1.70141E+38 1.70141E+38 1.70141E+38 1.70141E+38 1.70141E+38 1.70141E+38 1.70141E+38 1.70141E+38 1.70141E+38 1.70141E+38 1.70141E+38 1.70141E+38 1.70141E+38 1.70141E+38 1.70141E+38 1.70141E+38 1.70141E+38 1.70141E+38 1.70141E+38
1.70141E+38 1.70141E+38 1.70141E+38 1.70141E+38 1.70141E+38 1.70141E+38 1.70141E+38 1.70141E+38 1.70141E+38 1.70141E+38 1.70141E+38 1.70141E+38 1.70141E+38 1.70141E+38 1.70141E+38 1.70141E+38 1.70141E+38 1.70141E+38 1.70141E+38 1.70141E+38 1.70141E+38 1.70141E+38 1.70141E+38 1.70141E+38 1.70141E+38 1.70141E+38 1.70141E+38 1.70141E+38 1.70141E+38 1.70141E+38 1.70141E+38 1.70141E+38 1.70141E+38 1.70141E+38 1.70141E+38 1.70141E+38 1.70141E+38 1.70141E+38 1.70141E+38 1.70141E+38 1.70141E+38 1.70141E+38 1.70141E+38 1.70141E+38 1.70141E+38 1.70141E+38 1.70141E+38 1.70141E+38 1.70141E+38 1.70141E+38 1.70141E+38 1.70141E+38 1.70141E+38 1.70141E+38 1.70141E+38 1.70141E+38 1.70141E+38 1.70141E+38 1.70141E+38 1.70141E+38 1.70141E+38
