py_wake/examples/data/AJ_ParqueFicticio/Ridge area   Sector 11   Height 200m   Turbulence intensity.grd
DSAA
90  129
 262878   265103
 6504214   6507414
 8.887065   100
[rows 56 to 83 of 129, columns 0 to 62 of 90]
10.19236 10.40423 10.73433 11.2434 12.18888 14.22035 18.20088 24.52937 32.09581 37.82372 38.81727 36.6471 35.56401 37.37114 39.82116 42.43625 44.75579 47.03914 49.00863 48.84946 44.66077 39.33842 34.76119 30.61759 27.21984 24.88127 23.23295 21.97203 20.96215 19.97874 18.98609 18.01302 17.19061 16.58952 16.03876 15.42859 14.77539 14.11396 13.47874 12.75662 11.9772 11.27055 10.70214 10.23222 9.866724 9.681636 9.594667 9.660912 9.8151 10.05572 10.4487 11.05568 12.10338 13.72759 15.98925 18.5214 20.43823 21.46691 22.17902 22.69922 23.21856 23.90215 24.69453
10.14002 10.28113 10.54575 10.97257 11.57765 12.65343 14.602 17.40335 20.67976 23.39658 24.56797 23.66374 23.12354 24.3505 26.99043 29.81667 32.5584 34.9119 37.30245 38.05719 35.5079 32.08321 29.24041 26.41369 23.78471 21.77772 20.35612 19.24813 18.38345 17.46647 16.58514 15.79066 15.15445 14.63517 14.13516 13.67566 13.23919 12.83484 12.41329 11.9012 11.29698 10.74926 10.29756 9.916048 9.648585 9.481682 9.39492 9.432138 9.551318 9.721396 9.988706 10.40302 11.05788 12.07425 13.50812 15.32552 17.13441 18.6034 20.10183 21.59548 23.11217 24.93603 27.07089
10.16012 10.20529 10.40862 10.78568 11.26445 11.91759 12.88175 14.30688 15.9004 17.07521 17.46483 17.21388 17.03172 17.61548 19.03366 20.69238 22.48807 24.11873 26.10433 27.05548 26.26135 24.95923 23.64867 22.0708 20.39765 18.93545 17.80986 16.94905 16.16365 15.38758 14.66552 14.01673 13.50834 13.08915 12.71221 12.3556 12.03852 11.73895 11.41871 11.06228 10.65885 10.26841 9.905315 9.633749 9.425828 9.286967 9.214127 9.236613 9.330831 9.48144 9.674241 9.959352 10.4004 11.04822 11.99753 13.30021 15.01616 16.99393 19.17237 21.70757 24.59106 28.06872 31.7823
10.21998 10.1909 10.30614 10.60434 11.02954 11.53187 12.11987 12.86389 13.68382 14.32643 14.53007 14.41218 14.30969 14.5633 15.26829 16.13351 17.10299 18.20127 19.31299 20.01086 20.00241 19.83539 19.34604 18.46246 17.47001 16.56243 15.77689 15.12278 14.53521 13.93576 13.34351 12.80565 12.36717 12.0315 11.73442 11.44944 11.2059 10.96033 10.70122 10.42724 10.14863 9.859076 9.597816 9.399113 9.213677 9.096286 9.034096 9.043919 9.123642 9.273418 9.458696 9.674267 9.984853 10.45612 11.15864 12.21031 13.72021 15.927 18.97795 22.82173 27.68536 33.23138 38.64845
10.29001 10.20555 10.23918 10.45311 10.81737 11.24289 11.67799 12.12202 12.57679 12.98204 13.13256 13.0505 12.95806 13.06064 13.38682 13.7785 14.26706 14.91803 15.64487 16.31047 16.4774 16.53242 16.45057 15.95427 15.34442 14.80089 14.2825 13.83263 13.38409 12.95111 12.50501 12.04758 11.64897 11.36015 11.11194 10.86843 10.66447 10.46203 10.23823 10.0299 9.803096 9.580025 9.39945 9.235466 9.064919 8.95212 8.903707 8.897358 8.941982 9.084166 9.288422 9.503853 9.752694 10.12229 10.6944 11.60168 13.06539 15.41456 19.11931 24.6887 32.04616 40.11192 47.99666
10.34548 10.22841 10.20843 10.3491 10.65293 11.01442 11.36469 11.68998 11.99018 12.25846 12.38555 12.3854 12.31068 12.28554 12.39721 12.62393 12.9307 13.3219 13.74712 14.11868 14.33839 14.44883 14.48688 14.25794 13.89885 13.57358 13.27934 12.98059 12.6416 12.31246 11.95754 11.5895 11.24969 10.99595 10.76297 10.55311 10.37329 10.17818 9.986435 9.803759 9.600774 9.421741 9.284403 9.14631 9.003526 8.913613 8.899362 8.887065 8.88798 8.967233 9.162494 9.398902 9.645891 9.962353 10.4676 11.3329 12.90486 15.62193 20.11365 27.44124 38.04574 48.89549 60.3071
10.39446 10.2564 10.19144 10.25384 10.47866 10.76579 11.06074 11.33819 11.58721 11.80577 11.93008 11.94772 11.91043 11.89519 11.92288 12.07579 12.27214 12.51658 12.75804 12.96445 13.14024 13.19711 13.22281 13.11304 12.93546 12.7418 12.56896 12.39603 12.17181 11.90603 11.63665 11.32701 11.04803 10.81056 10.59538 10.41648 10.23622 10.04882 9.87648 9.698161 9.511765 9.354078 9.223472 9.093232 8.98387 8.932395 8.946157 8.945865 8.935736 8.953594 9.08248 9.317924 9.595721 9.910725 10.37428 11.22115 12.90661 16.02224 21.41989 30.74085 44.69711 59.24245 71.93069
10.48384 10.30919 10.17256 10.17784 10.33428 10.54841 10.78178 11.01533 11.23814 11.44301 11.60417 11.70497 11.72331 11.69143 11.64686 11.69517 11.82426 11.96682 12.11644 12.23827 12.36487 12.45668 12.45046 12.37355 12.25491 12.17086 12.10355 11.99458 11.82247 11.63944 11.41483 11.16953 10.94514 10.70816 10.5138 10.35872 10.19264 10.019 9.852585 9.67798 9.502084 9.354104 9.223207 9.087852 8.976507 8.960814 8.997012 9.018852 9.022244 9.022806 9.076529 9.268047 9.564881 9.893578 10.31822 11.10302 12.77221 16.05565 22.1308 32.9823 49.57781 66.89466 75.2049
10.65162 10.42828 10.21156 10.18369 10.30677 10.48255 10.68561 10.90048 11.1116 11.30771 11.47302 11.58834 11.62647 11.584 11.48444 11.45051 11.55029 11.66368 11.73591 11.72249 11.80869 11.93467 11.98231 11.89232 11.78676 11.79213 11.78612 11.69515 11.57631 11.44904 11.25838 11.06545 10.88093 10.67245 10.48409 10.34797 10.20304 10.05212 9.904451 9.741642 9.563979 9.41882 9.296667 9.166358 9.029635 8.995905 9.050347 9.098294 9.123372 9.13306 9.15034 9.269334 9.555138 9.895911 10.29142 10.96078 12.50277 15.68281 21.81245 32.96423 50.59753 70.26622 76.60989
10.91185 10.6548 10.37098 10.26315 10.33609 10.46015 10.62595 10.82936 11.04564 11.24451 11.42087 11.56687 11.64907 11.627 11.51046 11.43454 11.4655 11.52993 11.56506 11.5129 11.54599 11.6455 11.69655 11.61705 11.54761 11.55449 11.55836 11.49234 11.41855 11.32157 11.1706 11.01782 10.86828 10.69888 10.53048 10.40512 10.29335 10.18168 10.05431 9.89912 9.719191 9.562722 9.443481 9.317341 9.168973 9.069611 9.106442 9.175656 9.223758 9.25003 9.26563 9.335636 9.584686 9.928033 10.30679 10.86511 12.25687 15.17033 20.67146 31.06845 47.78178 69.37341 83.1262
11.20825 10.93503 10.63943 10.4017 10.40781 10.50023 10.64223 10.84504 11.08399 11.31419 11.52228 11.70909 11.83804 11.84506 11.7149 11.56919 11.56395 11.59033 11.60443 11.55744 11.55085 11.57994 11.60046 11.55629 11.497 11.46751 11.43763 11.38148 11.32271 11.24453 11.11709 10.99304 10.8771 10.74661 10.59959 10.50183 10.43565 10.37758 10.27854 10.13377 9.968279 9.781651 9.634644 9.508545 9.370554 9.207742 9.175384 9.247745 9.316321 9.359132 9.384484 9.439478 9.663965 9.996551 10.35275 10.82179 12.02763 14.53089 19.16028 27.98382 44.37963 71.12507 100
11.52703 11.25074 10.97085 10.7017 10.55905 10.5716 10.68183 10.88713 11.1607 11.4363 11.68852 11.92769 12.10983 12.14485 12.0257 11.79217 11.73042 11.76351 11.78143 11.71456 11.65652 11.67387 11.67989 11.62754 11.56499 11.5368 11.4954 11.41531 11.36727 11.29061 11.13529 11.00604 10.93003 10.8434 10.72295 10.62969 10.60689 10.60205 10.54702 10.42329 10.26477 10.07261 9.87735 9.733521 9.59269 9.416691 9.293836 9.318898 9.398726 9.454891 9.486896 9.539102 9.749814 10.06639 10.39067 10.77803 11.7765 13.80167 17.61245 25.25446 42.63512 99.22385 41.81861
11.85888 11.57453 11.3033 11.06937 10.91212 10.82592 10.85837 11.04156 11.33495 11.6604 11.96485 12.25159 12.47657 12.52974 12.44139 12.21446 12.01993 12.00209 12.02469 11.96656 11.85534 11.8439 11.85295 11.79833 11.72014 11.69307 11.66316 11.59909 11.54782 11.46287 11.30222 11.13171 11.05814 11.04954 10.97739 10.88313 10.86349 10.89132 10.88775 10.79653 10.62465 10.43093 10.19763 9.982424 9.836988 9.669013 9.4863 9.413469 9.472118 9.538832 9.57328 9.62291 9.822868 10.12632 10.42217 10.76039 11.61495 13.28341 16.43124 23.25187 45.34702 42.35712 40.29251
12.12071 11.86699 11.60454 11.43065 11.32289 11.24398 11.2395 11.37125 11.62945 11.95514 12.29013 12.61492 12.88368 13.00572 12.96314 12.77322 12.5348 12.40903 12.34898 12.29882 12.20151 12.11493 12.09327 12.05757 11.98071 11.90437 11.87581 11.87529 11.82538 11.72094 11.59478 11.46681 11.3995 11.41305 11.41976 11.37523 11.34917 11.36302 11.35409 11.28244 11.10135 10.88012 10.62524 10.30195 10.10056 9.938423 9.74029 9.561707 9.548782 9.611847 9.644244 9.687889 9.878548 10.17641 10.46146 10.81404 11.62081 13.15631 15.99147 22.76075 64.66015 36.93507 44.28879
12.35932 12.10296 11.84375 11.70855 11.67295 11.63865 11.63857 11.7413 11.96894 12.28118 12.61759 12.96554 13.29514 13.47733 13.48059 13.33473 13.13057 12.98007 12.8353 12.70389 12.61098 12.48878 12.39562 12.34363 12.26943 12.19768 12.14064 12.17062 12.1729 12.15516 12.08023 11.98004 11.91797 11.94788 11.99985 12.04822 12.09751 12.14335 12.11884 11.92647 11.70658 11.44193 11.11673 10.71752 10.35547 10.19443 10.00034 9.77374 9.654743 9.676336 9.700846 9.73046 9.900114 10.18431 10.46436 10.84769 11.59512 12.97464 15.52206 22.20017 46.55422 40.7696 49.00568
12.60172 12.36694 12.11843 11.99305 12.01233 12.05267 12.08381 12.15076 12.32704 12.61526 12.944 13.31512 13.70513 13.89829 13.91381 13.8129 13.70024 13.55808 13.40162 13.24324 13.09723 12.95384 12.85538 12.78811 12.70732 12.66417 12.65186 12.68814 12.70647 12.70487 12.64653 12.55899 12.49966 12.51351 12.57308 12.67474 12.79148 13.00314 13.16488 12.8607 12.36565 12.02392 11.63731 11.18148 10.6493 10.42546 10.23519 10.00796 9.807403 9.755466 9.762987 9.789393 9.926647 10.16862 10.437 10.82515 11.47879 12.65625 14.5625 19.19574 37.28503 45.52084 54.73048
12.94317 12.76571 12.52787 12.38919 12.43588 12.53454 12.62098 12.70683 12.8801 13.1559 13.48523 13.85772 14.28843 14.56369 14.63003 14.58269 14.49732 14.37387 14.2321 14.08753 13.91526 13.69803 13.54498 13.47665 13.3903 13.32337 13.28249 13.31023 13.33342 13.3464 13.29019 13.163 13.0681 13.0604 13.14324 13.23735 13.28076 13.51699 13.87337 13.68853 12.97939 12.46355 12.01813 11.5145 10.91753 10.59414 10.41766 10.21375 10.01587 9.92529 9.926127 9.94801 10.03289 10.19869 10.43716 10.79088 11.33618 12.31929 13.86634 16.02494 18.57007 21.05226 23.35291
13.41286 13.26554 13.08356 12.95105 12.97249 13.05084 13.13326 13.22309 13.39071 13.65323 13.98425 14.37761 14.86477 15.24662 15.45113 15.45809 15.43113 15.30881 15.2096 15.08831 14.9069 14.70617 14.49596 14.37872 14.30196 14.23073 14.14929 14.1265 14.11108 14.09853 14.02134 13.88589 13.66718 13.54022 13.5933 13.65004 13.61695 13.75041 13.96487 13.89492 13.2225 12.62339 12.13575 11.62423 11.04828 10.67397 10.52327 10.35388 10.20232 10.12742 10.11843 10.11509 10.15235 10.25886 10.45548 10.74803 11.19442 11.98727 13.20052 14.88739 16.86136 18.84808 20.71145
13.90975 13.77136 13.62513 13.52793 13.51575 13.56855 13.64442 13.72908 13.87326 14.13042 14.53073 14.99353 15.49686 15.87237 16.13541 16.37065 16.40484 16.31813 16.26867 16.07536 15.76959 15.63578 15.55017 15.36765 15.23309 15.19889 15.2204 15.21866 15.21417 15.14393 15.01788 14.89928 14.53523 14.14439 14.02534 13.99517 13.91985 13.90605 13.93686 13.81816 13.22038 12.62887 12.09974 11.57829 11.0488 10.67848 10.55441 10.41944 10.31994 10.27651 10.25968 10.23807 10.249 10.33434 10.49254 10.71027 11.08488 11.71645 12.6699 13.9981 15.5709 17.17183 18.67507
14.19754 14.11768 14.03424 13.95983 13.96318 14.0551 14.16444 14.20334 14.17527 14.30986 14.65574 15.19541 15.93347 16.50284 16.63696 16.84581 17.23241 17.26277 17.00914 16.59724 16.11102 15.95463 16.04955 16.15226 15.97889 15.78433 15.8617 16.16807 16.45138 16.29758 16.08614 16.09792 15.73102 14.95563 14.47727 14.21999 14.00292 13.85794 13.79875 13.59217 13.01427 12.45796 11.95359 11.46803 10.99615 10.64364 10.53832 10.43255 10.38229 10.37752 10.37256 10.35122 10.36555 10.45508 10.56974 10.71458 11.02385 11.53867 12.2828 13.31822 14.62653 15.95126 17.15301
14.29872 14.20491 14.14752 14.10272 14.12459 14.23383 14.35331 14.36158 14.17986 14.20334 14.43018 14.88097 15.55275 16.1801 16.34081 16.59049 17.12585 17.35809 16.99792 16.38324 15.91851 15.78998 15.89682 16.10831 16.0698 15.84332 15.89927 16.23185 16.67104 16.68959 16.45499 16.47812 16.20825 15.29188 14.58728 14.10378 13.74817 13.49404 13.36753 13.08513 12.57843 12.10418 11.66599 11.26145 10.87213 10.56223 10.4776 10.40722 10.40848 10.44663 10.47464 10.50216 10.56411 10.64807 10.72969 10.83912 11.06915 11.45455 13.0664 16.40535 13.79644 14.83896 15.76931
14.41021 14.27684 14.17044 14.09474 14.08647 14.10772 14.09381 13.99596 13.81748 13.77933 13.88313 14.19533 14.53507 14.89761 15.21124 15.48159 15.89382 16.128 16.08687 15.72847 15.34614 15.17915 15.1767 15.27453 15.3165 15.26981 15.34339 15.57354 15.85075 15.91304 15.86004 15.84974 15.55058 14.8892 14.24548 13.73499 13.33231 12.99656 12.7415 12.41046 12.01264 11.62127 11.28145 10.9841 10.69711 10.45899 10.38813 10.3529 10.38802 10.47089 10.59691 10.73653 10.83841 10.92165 11.01195 11.11029 11.26863 17.50105 22.7037 24.38988 21.88347 14.37707 15.44991
14.46737 14.37552 14.24666 14.06523 13.97927 13.94674 13.86668 13.64247 13.4188 13.32663 13.31027 13.35034 13.51994 13.76209 14.00436 14.18552 14.35803 14.60222 14.73776 14.67665 14.48481 14.37806 14.32753 14.27563 14.2664 14.3694 14.52088 14.67606 14.80265 14.90486 14.97715 14.94715 14.66656 14.21318 13.67225 13.21186 12.82695 12.47321 12.13749 11.81021 11.50197 11.18021 10.92259 10.68732 10.47976 10.33344 10.27656 10.27221 10.32659 10.47808 10.72128 10.95237 11.10973 11.24061 11.37173 11.49457 23.16926 27.98601 27.95183 27.17824 25.53687 22.84046 19.0955
14.28727 14.24535 14.14708 13.87827 13.71573 13.67515 13.5743 13.29999 13.04658 12.87391 12.74534 12.72661 12.79077 12.92273 13.03016 13.14805 13.28269 13.43969 13.55143 13.60122 13.58712 13.57282 13.51945 13.43254 13.41629 13.52815 13.67751 13.76361 13.86137 14.01915 14.1268 14.08725 13.94915 13.59414 13.11481 12.7061 12.35981 12.00938 11.65724 11.36052 11.08899 10.83934 10.64146 10.44289 10.2784 10.19136 10.14702 10.15501 10.23126 10.46901 10.75464 11.04973 11.31351 11.54392 11.97126 29.56959 28.6327 28.29363 28.36142 28.52314 28.11312 27.52219 27.11903
13.84313 13.75975 13.62886 13.41789 13.27893 13.19819 13.06297 12.86779 12.63756 12.43779 12.28853 12.2087 12.19693 12.24787 12.34269 12.43606 12.541 12.65491 12.72481 12.80119 12.83105 12.83505 12.79598 12.7488 12.73812 12.78878 12.87925 12.95948 13.06844 13.21105 13.31204 13.33049 13.28377 13.02841 12.66058 12.31298 11.99538 11.66073 11.31775 11.032 10.77754 10.56447 10.3889 10.23593 10.12376 10.05042 10.01171 10.01349 10.12767 10.38065 10.67663 11.0184 11.38674 11.76911 27.37199 27.02664 27.56787 27.96452 28.29371 28.46592 28.58358 28.53623 28.43164
13.36739 13.18604 13.01387 12.87175 12.7493 12.63883 12.52362 12.39338 12.23005 12.06586 11.9102 11.7704 11.71076 11.7525 11.85745 11.95632 12.02975 12.09829 12.13048 12.16983 12.23417 12.24965 12.24054 12.20934 12.18944 12.20031 12.25806 12.33122 12.41945 12.53171 12.6374 12.70137 12.6693 12.51714 12.28454 12.00666 11.71611 11.39756 11.07964 10.78771 10.55551 10.3314 10.15761 10.04876 9.97554 9.903351 9.865208 9.857105 10.01463 10.25226 10.53467 10.89832 11.3389 24.04946 25.46607 27.48037 28.39179 28.85748 29.25308 29.47319 29.49555 29.30299 28.86223
12.99228 12.76198 12.56559 12.42174 12.29998 12.19461 12.08982 11.99781 11.91016 11.79621 11.65739 11.51336 11.40595 11.40001 11.50016 11.59928 11.68671 11.71877 11.68866 11.67187 11.74509 11.81986 11.86909 11.85508 11.81189 11.78708 11.8173 11.86414 11.92234 12.02393 12.12769 12.21627 12.23769 12.12849 11.95954 11.75645 11.5014 11.19948 10.87904 10.61488 10.40204 10.16011 9.987215 9.907278 9.829471 9.754496 9.708236 9.691856 9.851313 10.07267 10.34647 10.72111 11.20467 11.8456 26.42094 28.5051 29.45012 29.93785 30.26381 30.42941 30.77049 30.49557 29.83116
12.79775 12.53228 12.30007 12.13188 12.03004 11.93694 11.85859 11.84239 11.82159 11.72472 11.61053 11.50888 11.3658 11.27016 11.33757 11.45557 11.55221 11.58306 11.51897 11.41634 11.48919 11.59037 11.66577 11.67308 11.6129 11.5433 11.53838 11.55072 11.56031 11.63453 11.73322 11.82452 11.86444 11.79672 11.67176 11.53157 11.30969 11.0375 10.73619 10.52203 10.31979 10.07735 9.897078 9.803569 9.710831 9.625062 9.563232 9.549119 9.66516 9.853296 10.10513 10.46198 10.94681 11.60598 12.47707 13.50158 14.51915 15.43596 30.75401 30.96647 31.37734 31.62826 30.95905
