py_wake/examples/data/AJ_ParqueFicticio/Ridge area   Sector 11   Height 200m   Weibull-k.grd
DSAA
90  129
 262878   265103
 6504214   6507414
 .6894531   2.552734
[rows 81 to 107 of 129, columns 0 to 61 of 90]
1.849609 1.845703 1.845703 1.849609 1.849609 1.857422 1.861328 1.865234 1.869141 1.873047 1.873047 1.876953 1.873047 1.873047 1.876953 1.876953 1.876953 1.876953 1.873047 1.865234 1.865234 1.861328 1.861328 1.857422 1.849609 1.845703 1.837891 1.833984 1.826172 1.822266 1.818359 1.818359 1.814453 1.814453 1.810547 1.806641 1.806641 1.798828 1.791016 1.783203 1.775391 1.767578 1.759766 1.755859 1.751953 1.748047 1.748047 1.748047 1.748047 1.755859 1.763672 1.771484 1.783203 1.275391 1.357422 1.291016 1.244141 1.201172 1.173828 1.166016 1.169922 1.189453
1.869141 1.869141 1.869141 1.869141 1.873047 1.876953 1.880859 1.884766 1.888672 1.888672 1.888672 1.888672 1.888672 1.888672 1.888672 1.888672 1.888672 1.888672 1.884766 1.880859 1.880859 1.876953 1.873047 1.869141 1.865234 1.857422 1.853516 1.845703 1.841797 1.833984 1.830078 1.826172 1.822266 1.818359 1.814453 1.814453 1.806641 1.802734 1.794922 1.791016 1.783203 1.775391 1.771484 1.763672 1.763672 1.759766 1.759766 1.759766 1.759766 1.767578 1.771484 1.783203 1.791016 1.802734 1.388672 1.361328 1.302734 1.263672 1.248047 1.251953 1.259766 1.283203
1.888672 1.884766 1.884766 1.888672 1.888672 1.888672 1.888672 1.888672 1.888672 1.888672 1.888672 1.888672 1.888672 1.888672 1.888672 1.888672 1.888672 1.888672 1.888672 1.888672 1.888672 1.884766 1.884766 1.880859 1.876953 1.869141 1.865234 1.857422 1.849609 1.841797 1.837891 1.830078 1.826172 1.822266 1.818359 1.814453 1.810547 1.806641 1.798828 1.794922 1.791016 1.783203 1.779297 1.775391 1.775391 1.771484 1.771484 1.771484 1.771484 1.779297 1.787109 1.794922 1.802734 1.814453 1.822266 1.830078 1.837891 1.841797 1.330078 1.333984 1.341797 1.357422
1.888672 1.888672 1.888672 1.888672 1.888672 1.888672 1.888672 1.888672 1.888672 1.888672 1.888672 1.888672 1.888672 1.888672 1.888672 1.888672 1.888672 1.888672 1.888672 1.888672 1.888672 1.888672 1.888672 1.884766 1.880859 1.876953 1.869141 1.865234 1.857422 1.849609 1.841797 1.837891 1.830078 1.826172 1.822266 1.818359 1.810547 1.806641 1.798828 1.794922 1.791016 1.787109 1.787109 1.783203 1.783203 1.783203 1.783203 1.783203 1.787109 1.791016 1.798828 1.806641 1.814453 1.826172 1.837891 1.845703 1.853516 1.857422 1.861328 1.865234 1.869141 1.869141
1.888672 1.888672 1.888672 1.888672 1.888672 1.888672 1.888672 1.888672 1.888672 1.888672 1.888672 1.888672 1.888672 1.888672 1.888672 1.888672 1.888672 1.888672 1.888672 1.888672 1.888672 1.888672 1.888672 1.884766 1.880859 1.876953 1.873047 1.865234 1.861328 1.853516 1.845703 1.841797 1.833984 1.830078 1.822266 1.818359 1.814453 1.806641 1.802734 1.798828 1.794922 1.791016 1.791016 1.791016 1.791016 1.791016 1.791016 1.791016 1.794922 1.802734 1.806641 1.814453 1.826172 1.833984 1.845703 1.857422 1.857422 1.861328 1.865234 1.861328 1.861328 1.857422
1.888672 1.888672 1.888672 1.888672 1.888672 1.888672 1.888672 1.888672 1.888672 1.888672 1.888672 1.888672 1.888672 1.888672 1.888672 1.888672 1.888672 1.888672 1.888672 1.884766 1.884766 1.884766 1.884766 1.880859 1.880859 1.876953 1.873047 1.865234 1.861328 1.857422 1.849609 1.841797 1.837891 1.830078 1.826172 1.818359 1.814453 1.806641 1.802734 1.798828 1.794922 1.794922 1.794922 1.794922 1.794922 1.794922 1.794922 1.798828 1.802734 1.806641 1.814453 1.822266 1.833984 1.841797 1.853516 1.865234 1.857422 1.849609 1.845703 1.837891 1.837891 1.833984
1.888672 1.888672 1.888672 1.888672 1.888672 1.888672 1.888672 1.888672 1.888672 1.888672 1.888672 1.888672 1.888672 1.888672 1.888672 1.888672 1.884766 1.884766 1.880859 1.876953 1.876953 1.876953 1.876953 1.873047 1.873047 1.873047 1.869141 1.865234 1.861328 1.853516 1.849609 1.841797 1.837891 1.830078 1.826172 1.822266 1.814453 1.806641 1.802734 1.798828 1.798828 1.798828 1.794922 1.794922 1.794922 1.798828 1.798828 1.802734 1.806641 1.814453 1.822266 1.830078 1.837891 1.845703 1.857422 1.869141 1.865234 1.861328 1.845703 1.833984 1.826172 1.822266
1.888672 1.888672 1.888672 1.888672 1.888672 1.888672 1.888672 1.888672 1.888672 1.888672 1.888672 1.888672 1.888672 1.884766 1.880859 1.876953 1.873047 1.869141 1.869141 1.865234 1.865234 1.865234 1.869141 1.865234 1.865234 1.865234 1.865234 1.861328 1.857422 1.853516 1.845703 1.841797 1.833984 1.830078 1.826172 1.822266 1.814453 1.806641 1.802734 1.798828 1.798828 1.798828 1.798828 1.798828 1.798828 1.798828 1.802734 1.806641 1.806641 1.814453 1.822266 1.830078 1.837891 1.849609 1.861328 1.873047 1.873047 1.873047 1.861328 1.849609 1.841797 1.837891
1.888672 1.888672 1.888672 1.888672 1.888672 1.888672 1.888672 1.888672 1.888672 1.888672 1.884766 1.880859 1.876953 1.873047 1.869141 1.861328 1.857422 1.857422 1.853516 1.853516 1.857422 1.857422 1.857422 1.857422 1.857422 1.857422 1.857422 1.853516 1.849609 1.845703 1.841797 1.837891 1.830078 1.826172 1.826172 1.822266 1.814453 1.806641 1.802734 1.802734 1.802734 1.802734 1.798828 1.798828 1.798828 1.798828 1.798828 1.802734 1.806641 1.810547 1.822266 1.830078 1.837891 1.849609 1.865234 1.876953 1.876953 1.876953 1.873047 1.865234 1.861328 1.857422
1.888672 1.888672 1.888672 1.888672 1.888672 1.888672 1.888672 1.888672 1.884766 1.876953 1.873047 1.869141 1.861328 1.857422 1.853516 1.849609 1.845703 1.845703 1.841797 1.845703 1.845703 1.845703 1.849609 1.849609 1.849609 1.849609 1.849609 1.845703 1.845703 1.841797 1.837891 1.833984 1.826172 1.826172 1.822266 1.818359 1.814453 1.806641 1.802734 1.802734 1.802734 1.802734 1.798828 1.798828 1.798828 1.798828 1.798828 1.798828 1.802734 1.810547 1.818359 1.826172 1.837891 1.849609 1.865234 1.876953 1.880859 1.884766 1.880859 1.876953 1.873047 1.873047
1.888672 1.888672 1.888672 1.888672 1.888672 1.884766 1.880859 1.876953 1.873047 1.869141 1.865234 1.857422 1.853516 1.849609 1.845703 1.841797 1.841797 1.837891 1.837891 1.837891 1.841797 1.841797 1.841797 1.841797 1.841797 1.841797 1.841797 1.837891 1.837891 1.833984 1.830078 1.826172 1.822266 1.818359 1.818359 1.814453 1.806641 1.802734 1.798828 1.798828 1.798828 1.798828 1.798828 1.798828 1.794922 1.794922 1.794922 1.794922 1.798828 1.802734 1.810547 1.822266 1.833984 1.845703 1.861328 1.873047 1.880859 1.884766 1.888672 1.888672 1.888672 1.888672
1.888672 1.888672 1.884766 1.880859 1.876953 1.873047 1.873047 1.869141 1.865234 1.861328 1.857422 1.853516 1.853516 1.849609 1.845703 1.845703 1.841797 1.841797 1.841797 1.841797 1.841797 1.841797 1.841797 1.841797 1.837891 1.837891 1.833984 1.833984 1.830078 1.826172 1.822266 1.818359 1.814453 1.814453 1.810547 1.806641 1.798828 1.794922 1.791016 1.791016 1.794922 1.794922 1.794922 1.791016 1.791016 1.791016 1.791016 1.791016 1.794922 1.798828 1.802734 1.814453 1.822266 1.837891 1.853516 1.869141 1.876953 1.880859 1.884766 1.888672 1.892578 1.896484
1.880859 1.876953 1.869141 1.865234 1.861328 1.861328 1.861328 1.857422 1.857422 1.857422 1.853516 1.853516 1.853516 1.853516 1.849609 1.849609 1.849609 1.849609 1.849609 1.849609 1.849609 1.845703 1.845703 1.841797 1.837891 1.837891 1.833984 1.830078 1.826172 1.822266 1.818359 1.814453 1.810547 1.806641 1.802734 1.798828 1.794922 1.787109 1.787109 1.787109 1.787109 1.787109 1.787109 1.787109 1.787109 1.787109 1.787109 1.787109 1.787109 1.791016 1.794922 1.802734 1.814453 1.830078 1.845703 1.861328 1.873047 1.880859 1.884766 1.888672 1.888672 1.892578
1.869141 1.865234 1.857422 1.853516 1.853516 1.853516 1.853516 1.853516 1.853516 1.853516 1.853516 1.853516 1.857422 1.857422 1.853516 1.853516 1.853516 1.853516 1.853516 1.853516 1.853516 1.849609 1.845703 1.841797 1.837891 1.833984 1.830078 1.826172 1.822266 1.818359 1.814453 1.810547 1.806641 1.802734 1.798828 1.791016 1.787109 1.783203 1.779297 1.779297 1.783203 1.783203 1.783203 1.783203 1.783203 1.783203 1.779297 1.779297 1.779297 1.783203 1.787109 1.794922 1.810547 1.822266 1.841797 1.857422 1.869141 1.876953 1.880859 1.884766 1.884766 1.884766
1.861328 1.857422 1.853516 1.849609 1.849609 1.849609 1.853516 1.853516 1.853516 1.857422 1.857422 1.857422 1.861328 1.861328 1.861328 1.861328 1.861328 1.861328 1.861328 1.861328 1.857422 1.853516 1.849609 1.845703 1.841797 1.833984 1.826172 1.822266 1.818359 1.814453 1.810547 1.806641 1.802734 1.798828 1.794922 1.791016 1.783203 1.779297 1.779297 1.775391 1.779297 1.779297 1.779297 1.779297 1.779297 1.779297 1.779297 1.775391 1.775391 1.779297 1.783203 1.791016 1.802734 1.818359 1.833984 1.853516 1.865234 1.876953 1.884766 1.884766 1.880859 1.880859
1.853516 1.853516 1.849609 1.849609 1.849609 1.853516 1.857422 1.857422 1.861328 1.861328 1.865234 1.865234 1.869141 1.869141 1.869141 1.869141 1.869141 1.869141 1.869141 1.869141 1.865234 1.861328 1.853516 1.849609 1.841797 1.833984 1.826172 1.822266 1.814453 1.810547 1.806641 1.802734 1.798828 1.794922 1.791016 1.787109 1.783203 1.779297 1.775391 1.775391 1.775391 1.775391 1.775391 1.779297 1.779297 1.779297 1.775391 1.775391 1.775391 1.779297 1.783203 1.787109 1.798828 1.814453 1.830078 1.853516 1.865234 1.876953 1.884766 1.884766 1.888672 1.884766
1.853516 1.849609 1.849609 1.849609 1.853516 1.857422 1.861328 1.865234 1.865234 1.869141 1.869141 1.873047 1.873047 1.873047 1.876953 1.876953 1.876953 1.876953 1.876953 1.873047 1.869141 1.865234 1.857422 1.849609 1.845703 1.833984 1.826172 1.822266 1.814453 1.806641 1.802734 1.798828 1.794922 1.791016 1.787109 1.783203 1.779297 1.775391 1.775391 1.775391 1.775391 1.775391 1.775391 1.775391 1.779297 1.779297 1.779297 1.775391 1.779297 1.779297 1.783203 1.787109 1.798828 1.814453 1.830078 1.849609 1.865234 1.876953 1.884766 1.884766 1.888672 1.888672
1.857422 1.853516 1.853516 1.857422 1.857422 1.861328 1.865234 1.869141 1.873047 1.873047 1.876953 1.876953 1.880859 1.880859 1.880859 1.880859 1.880859 1.880859 1.880859 1.876953 1.873047 1.865234 1.857422 1.853516 1.845703 1.833984 1.826172 1.818359 1.810547 1.802734 1.798828 1.794922 1.791016 1.791016 1.787109 1.783203 1.779297 1.775391 1.775391 1.775391 1.775391 1.775391 1.775391 1.775391 1.779297 1.783203 1.783203 1.783203 1.783203 1.783203 1.787109 1.791016 1.802734 1.814453 1.830078 1.845703 1.861328 1.876953 1.880859 1.880859 1.880859 1.884766
1.865234 1.861328 1.861328 1.861328 1.865234 1.869141 1.873047 1.873047 1.876953 1.876953 1.880859 1.880859 1.884766 1.884766 1.884766 1.884766 1.884766 1.880859 1.880859 1.876953 1.873047 1.865234 1.857422 1.849609 1.841797 1.830078 1.822266 1.810547 1.802734 1.798828 1.794922 1.791016 1.791016 1.787109 1.787109 1.783203 1.779297 1.775391 1.775391 1.775391 1.775391 1.775391 1.779297 1.779297 1.783203 1.791016 1.791016 1.791016 1.791016 1.791016 1.794922 1.798828 1.806641 1.818359 1.830078 1.841797 1.857422 1.869141 1.876953 1.876953 1.876953 1.880859
1.70141E+38 1.70141E+38 1.70141E+38 1.70141E+38 1.70141E+38 1.70141E+38 1.70141E+38 1.70141E+38 1.70141E+38 1.70141E+38 1.70141E+38 1.70141E+38 1.70141E+38 1.70141E+38 1.70141E+38 1.70141E+38 1.70141E+38 1.70141E+38 1.70141E+38 1.70141E+38 1.70141E+38 1.70141E+38 1.70141E+38 1.70141E+38 1.70141E+38 1.70141E+38 1.70141E+38 1.70141E+38 1.70141E+38 1.70141E+38 1.70141E+38 1.70141E+38 1.70141E+38 1.70141E+38 1.70141E+38 1.70141E+38 1.70141E+38 1.70141E+38 1.70141E+38 1.70141E+38 1.70141E+38 1.70141E+38 1.70141E+38 1.70141E+38 1.70141E+38 1.70141E+38 1.70141E+38 1.70141E+38 1.70141E+38 1.70141E+38 1.70141E+38 1.70141E+38 1.70141E+38 1.70141E+38 1.70141E+38 1.70141E+38 1.70141E+38 1.70141E+38 1.70141E+38 1.70141E+38 1.70141E+38 1.70141E+38
1.70141E+38 1.70141E+38 1.70141E+38 1.70141E+38 1.70141E+38 1.70141E+38 1.70141E+38 1.70141E+38 1.70141E+38 1.70141E+38 1.70141E+38 1.70141E+38 1.70141E+38 1.70141E+38 1.70141E+38 1.70141E+38 1.70141E+38 1.70141E+38 1.70141E+38 1.70141E+38 1.70141E+38 1.70141E+38 1.70141E+38 1.70141E+38 1.70141E+38 1.70141E+38 1.70141E+38 1.70141E+38 1.70141E+38 1.70141E+38 1.70141E+38 1.70141E+38 1.70141E+38 1.70141E+38 1.70141E+38 1.70141E+38 1.70141E+38 1.70141E+38 1.70141E+38 1.70141E+38 1.70141E+38 1.70141E+38 1.70141E+38 1.70141E+38 1.70141E+38 1.70141E+38 1.70141E+38 1.70141E+38 1.70141E+38 1.70141E+38 1.70141E+38 1.70141E+38 1.70141E+38 1.70141E+38 1.70141E+38 1.70141E+38 1.70141E+38 1.70141E+38 1.70141E+38 1.70141E+38 1.70141E+38 1.70141E+38
1.70141E+38 1.70141E+38 1.70141E+38 1.70141E+38 1.70141E+38 1.70141E+38 1.70141E+38 1.70141E+38 1.70141E+38 1.70141E+38 1.70141E+38 1.70141E+38 1.70141E+38 1.70141E+38 1.70141E+38 1.70141E+38 1.70141E+38 1.70141E+38 1.70141E+38 1.70141E+38 1.70141E+38 1.70141E+38 1.70141E+38 1.70141E+38 1.70141E+38 1.70141E+38 1.70141E+38 1.70141E+38 1.70141E+38 1.70141E+38 1.70141E+38 1.70141E+38 1.70141E+38 1.70141E+38 1.70141E+38 1.70141E+38 1.70141E+38 1.70141E+38 1.70141E+38 1.70141E+38 1.70141E+38 1.70141E+38 1.70141E+38 1.70141E+38 1.70141E+38 1.70141E+38 1.70141E+38 1.70141E+38 1.70141E+38 1.70141E+38 1.70141E+38 1.70141E+38 1.70141E+38 1.70141E+38 1.70141E+38 1.70141E+38 1.70141E+38 1.70141E+38 1.70141E+38 1.70141E+38 1.70141E+38 1.70141E+38
1.70141E+38 1.70141E+38 1.70141E+38 1.70141E+38 1.70141E+38 1.70141E+38 1.70141E+38 1.70141E+38 1.70141E+38 1.70141E+38 1.70141E+38 1.70141E+38 1.70141E+38 1.70141E+38 1.70141E+38 1.70141E+38 1.70141E+38 1.70141E+38 1.70141E+38 1.70141E+38 1.70141E+38 1.70141E+38 1.70141E+38 1.70141E+38 1.70141E+38 1.70141E+38 1.70141E+38 1.70141E+38 1.70141E+38 1.70141E+38 1.70141E+38 1.70141E+38 1.70141E+38 1.70141E+38 1.70141E+38 1.70141E+38 1.70141E+38 1.70141E+38 1.70141E+38 1.70141E+38 1.70141E+38 1.70141E+38 1.70141E+38 1.70141E+38 1.70141E+38 1.70141E+38 1.70141E+38 1.70141E+38 1.70141E+38 1.70141E+38 1.70141E+38 1.70141E+38 1.70141E+38 1.70141E+38 1.70141E+38 1.70141E+38 1.70141E+38 1.70141E+38 1.70141E+38 1.70141E+38 1.70141E+38 1.70141E+38
1.70141E+38 1.70141E+38 1.70141E+38 1.70141E+38 1.70141E+38 1.70141E+38 1.70141E+38 1.70141E+38 1.70141E+38 1.70141E+38 1.70141E+38 1.70141E+38 1.70141E+38 1.70141E+38 1.70141E+38 1.70141E+38 1.70141E+38 1.70141E+38 1.70141E+38 1.70141E+38 1.70141E+38 1.70141E+38 1.70141E+38 1.70141E+38 1.70141E+38 1.70141E+38 1.70141E+38 1.70141E+38 1.70141E+38 1.70141E+38 1.70141E+38 1.70141E+38 1.70141E+38 1.70141E+38 1.70141E+38 1.70141E+38 1.70141E+38 1.70141E+38 1.70141E+38 1.70141E+38 1.70141E+38 1.70141E+38 1.70141E+38 1.70141E+38 1.70141E+38 1.70141E+38 1.70141E+38 1.70141E+38 1.70141E+38 1.70141E+38 1.70141E+38 1.70141E+38 1.70141E+38 1.70141E+38 1.70141E+38 1.70141E+38 1.70141E+38 1.70141E+38 1.70141E+38 1.70141E+38 1.70141E+38 1.70141E+38
1.70141E+38 1.70141E+38 1.70141E+38 1.70141E+38 1.70141E+38 1.70141E+38 1.70141E+38 1.70141E+38 1.70141E+38 1.70141E+38 1.70141E+38 1.70141E+38 1.70141E+38 1.70141E+38 1.70141E+38 1.70141E+38 1.70141E+38 1.70141E+38 1.70141E+38 1.70141E+38 1.70141E+38 1.70141E+38 1.70141E+38 1.70141E+38 1.70141E+38 1.70141E+38 1.70141E+38 1.70141E+38 1.70141E+38 1.70141E+38 1.70141E+38 1.70141E+38 1.70141E+38 1.70141E+38 1.70141E+38 1.70141E+38 1.70141E+38 1.70141E+38 1.70141E+38 1.70141E+38 1.70141E+38 1.70141E+38 1.70141E+38 1.70141E+38 1.70141E+38 1.70141E+38 1.70141E+38 1.70141E+38 1.70141E+38 1.70141E+38 1.70141E+38 1.70141E+38 1.70141E+38 1.70141E+38 1.70141E+38 1.70141E+38 1.70141E+38 1.70141E+38 1.70141E+38 1.70141E+38 1.70141E+38 1.70141E+38
1.70141E+38 1.70141E+38 1.70141E+38 1.70141E+38 1.70141E+38 1.70141E+38 1.70141E+38 1.70141E+38 1.70141E+38 1.70141E+38 1.70141E+38 1.70141E+38 1.70141E+38 1.70141E+38 1.70141E+38 1.70141E+38 1.70141E+38 1.70141E+38 1.70141E+38 1.70141E+38 1.70141E+38 1.70141E+38 1.70141E+38 1.70141E+38 1.70141E+38 1.70141E+38 1.70141E+38 1.70141E+38 1.70141E+38 1.70141E+38 1.70141E+38 1.70141E+38 1.70141E+38 1.70141E+38 1.70141E+38 1.70141E+38 1.70141E+38 1.70141E+38 1.70141E+38 1.70141E+38 1.70141E+38 1.70141E+38 1.70141E+38 1.70141E+38 1.70141E+38 1.70141E+38 1.70141E+38 1.70141E+38 1.70141E+38 1.70141E+38 1.70141E+38 1.70141E+38 1.70141E+38 1.70141E+38 1.70141E+38 1.70141E+38 1.70141E+38 1.70141E+38 1.70141E+38 1.70141E+38 1.70141E+38 1.70141E+38
1.70141E+38 1.70141E+38 1.70141E+38 1.70141E+38 1.70141E+38 1.70141E+38 1.70141E+38 1.70141E+38 1.70141E+38 1.70141E+38 1.70141E+38 1.70141E+38 1.70141E+38 1.70141E+38 1.70141E+38 1.70141E+38 1.70141E+38 1.70141E+38 1.70141E+38 1.70141E+38 1.70141E+38 1.70141E+38 1.70141E+38 1.70141E+38 1.70141E+38 1.70141E+38 1.70141E+38 1.70141E+38 1.70141E+38 1.70141E+38 1.70141E+38 1.70141E+38 1.70141E+38 1.70141E+38 1.70141E+38 1.70141E+38 1.70141E+38 1.70141E+38 1.70141E+38 1.70141E+38 1.70141E+38 1.70141E+38 1.70141E+38 1.70141E+38 1.70141E+38 1.70141E+38 1.70141E+38 1.70141E+38 1.70141E+38 1.70141E+38 1.70141E+38 1.70141E+38 1.70141E+38 1.70141E+38 1.70141E+38 1.70141E+38 1.70141E+38 1.70141E+38 1.70141E+38 1.70141E+38 1.70141E+38 1.70141E+38
