py_wake/examples/data/AJ_ParqueFicticio/Ridge area   Sector 7   Height 30m   Mean speed.grd
DSAA
90  129
 262878   265103
 6504214   6507414
 .8409476   6.299382
[rows 54 to 80 of 129, columns 0 to 61 of 90]
5.078608 4.97238 4.835971 4.668722 4.501663 4.328687 4.158011 3.977017 3.771647 3.604218 3.50458 3.438638 3.375413 3.2702 3.121407 2.946573 2.787332 2.699406 2.645274 2.640195 2.719593 2.833553 2.959336 3.078104 3.17189 3.203341 3.205214 3.236464 3.231578 3.222243 3.268393 3.338206 3.431306 3.560054 3.680736 3.806677 3.948245 4.092619 4.242788 4.39761 4.550939 4.70014 4.828972 4.937548 5.040311 5.110993 5.133947 5.124867 5.092025 5.040778 4.987144 4.923855 4.865395 4.83629 4.87332 4.968771 5.081046 5.197106 5.325941 5.465099 5.602271 5.716457
5.162095 5.084308 4.97858 4.841566 4.677944 4.509518 4.352342 4.200262 4.036448 3.876339 3.7555 3.704917 3.638677 3.525106 3.377225 3.208956 3.048963 2.917511 2.827129 2.795058 2.83059 2.920423 3.027473 3.140192 3.253868 3.32697 3.376534 3.408801 3.42716 3.450347 3.491226 3.561403 3.633141 3.702779 3.775063 3.868519 4.003443 4.141459 4.2774 4.419631 4.56775 4.716408 4.844767 4.958066 5.058002 5.119837 5.154336 5.162515 5.151454 5.107903 5.052919 4.995867 4.946228 4.923132 4.935433 5.057525 5.179612 5.298635 5.412707 5.519455 5.641546 5.745099
5.248987 5.200516 5.124908 5.013721 4.861437 4.704909 4.553609 4.414662 4.280034 4.153182 4.053683 3.967967 3.913989 3.801339 3.657225 3.490905 3.329185 3.17758 3.046286 2.963354 2.976484 3.047582 3.135309 3.255391 3.389288 3.493436 3.564518 3.610098 3.635017 3.676095 3.73027 3.795425 3.858172 3.905639 3.959738 4.03861 4.138157 4.247845 4.356509 4.484413 4.627944 4.766199 4.888077 5.000813 5.087404 5.141544 5.18121 5.195124 5.195578 5.176451 5.127867 5.07251 5.028563 5.009107 5.04483 5.135873 5.243732 5.358532 5.470263 5.57702 5.672974 5.753456
5.340751 5.309322 5.253678 5.166367 5.047493 4.904429 4.7617 4.642112 4.540079 4.44312 4.356411 4.302031 4.229728 4.10758 3.976587 3.813343 3.633345 3.464184 3.302009 3.192433 3.188898 3.242649 3.309226 3.41495 3.551372 3.672602 3.759239 3.818835 3.854696 3.912827 3.975713 4.038761 4.094555 4.149084 4.212727 4.279814 4.353509 4.425481 4.506578 4.613856 4.745474 4.868586 4.978433 5.075001 5.136273 5.185057 5.222776 5.238956 5.242542 5.240269 5.216667 5.171801 5.130182 5.108339 5.158454 5.238029 5.326317 5.423264 5.518126 5.608505 5.686239 5.741793
5.417782 5.40303 5.360937 5.286359 5.192669 5.082763 4.969022 4.856887 4.76797 4.701656 4.650136 4.607683 4.553064 4.458837 4.315255 4.1407 3.963093 3.805864 3.628764 3.505371 3.474891 3.495296 3.541454 3.629187 3.751137 3.872384 3.968269 4.036703 4.090787 4.155736 4.226743 4.29657 4.358581 4.419919 4.481124 4.546737 4.612234 4.675787 4.747332 4.832179 4.927963 5.024278 5.115976 5.17734 5.218442 5.257996 5.290599 5.3054 5.308992 5.306284 5.298748 5.273356 5.238925 5.222404 5.281121 5.351099 5.420491 5.491298 5.56226 5.625185 5.671916 5.695789
5.497687 5.50057 5.478492 5.426383 5.352945 5.263352 5.17022 5.080341 5.009928 4.958154 4.924501 4.89937 4.860168 4.785298 4.666568 4.521203 4.352763 4.165384 3.974434 3.83824 3.78583 3.771931 3.805333 3.886415 3.993593 4.100616 4.195727 4.270875 4.332941 4.394024 4.471931 4.553561 4.629628 4.695949 4.758474 4.823604 4.884356 4.944203 5.008252 5.075676 5.138577 5.206343 5.261478 5.295676 5.329385 5.364479 5.394061 5.40502 5.400454 5.388276 5.375458 5.362194 5.341272 5.325967 5.385352 5.446574 5.503743 5.552882 5.590732 5.618044 5.628416 5.619804
5.592965 5.609293 5.607925 5.580799 5.531559 5.467334 5.397471 5.329775 5.27741 5.230552 5.201633 5.187306 5.163031 5.106191 5.014502 4.905625 4.771026 4.60811 4.42971 4.258598 4.165062 4.113557 4.098274 4.164501 4.255471 4.346663 4.434345 4.507516 4.575725 4.643768 4.715404 4.791342 4.879943 4.948478 5.010159 5.073569 5.126339 5.176337 5.228411 5.271719 5.314371 5.355192 5.380391 5.405202 5.439209 5.476553 5.49907 5.507501 5.50298 5.476368 5.447639 5.428817 5.418005 5.408238 5.461018 5.512749 5.554456 5.583621 5.594033 5.585264 5.559821 5.520725
5.708299 5.727519 5.732089 5.71994 5.6892 5.648093 5.603845 5.559988 5.527851 5.494907 5.475711 5.464163 5.450864 5.418946 5.353736 5.266041 5.157843 5.025773 4.874335 4.722057 4.613471 4.54313 4.499034 4.504837 4.546193 4.608106 4.677666 4.744908 4.813157 4.881149 4.953597 5.029621 5.098953 5.148888 5.199419 5.253837 5.298479 5.342651 5.379743 5.408794 5.437137 5.455629 5.464762 5.479871 5.507071 5.530836 5.536303 5.541954 5.547668 5.534445 5.501364 5.475214 5.46505 5.459286 5.497637 5.534516 5.555097 5.561158 5.549108 5.515532 5.46058 5.393877
5.827551 5.849977 5.863852 5.873878 5.868577 5.848833 5.819194 5.795071 5.772043 5.746609 5.729825 5.722585 5.708424 5.675676 5.624137 5.559216 5.488371 5.398631 5.292135 5.1723 5.061702 4.995082 4.942412 4.912804 4.909011 4.93066 4.956165 4.983835 5.033144 5.092443 5.149554 5.21426 5.269317 5.316599 5.358458 5.390079 5.415695 5.443788 5.469689 5.490989 5.508129 5.515915 5.520543 5.526608 5.537138 5.537702 5.52825 5.529378 5.540553 5.550973 5.536928 5.511431 5.494532 5.484209 5.504368 5.526436 5.526455 5.508969 5.474941 5.418152 5.333895 5.234081
5.909428 5.939732 5.95917 5.972133 5.977549 5.973547 5.963147 5.964002 5.95509 5.938033 5.916964 5.897334 5.881522 5.864326 5.836741 5.798665 5.755861 5.701637 5.63056 5.544797 5.464978 5.399704 5.349868 5.296953 5.2645 5.24346 5.223722 5.208763 5.231532 5.267004 5.308224 5.353669 5.392622 5.429842 5.459833 5.482116 5.500549 5.508922 5.511712 5.526627 5.535817 5.539793 5.543672 5.548413 5.547867 5.530685 5.513432 5.509553 5.51927 5.539001 5.550226 5.536775 5.516937 5.500968 5.500705 5.513444 5.49838 5.462491 5.408392 5.329207 5.215759 5.083148
5.918055 5.95343 5.975878 5.985783 5.98762 5.981278 5.979044 5.984935 5.987059 5.983887 5.976755 5.969625 5.96429 5.957784 5.944615 5.923532 5.895546 5.862783 5.826146 5.779178 5.723516 5.663308 5.607141 5.556463 5.510939 5.461155 5.415858 5.382051 5.38221 5.398317 5.423673 5.450482 5.475347 5.498837 5.515597 5.527781 5.536292 5.534733 5.520053 5.513586 5.519364 5.520454 5.520683 5.524549 5.526752 5.511246 5.490406 5.482766 5.490117 5.510041 5.534904 5.542836 5.527586 5.50846 5.487299 5.4973 5.4737 5.426258 5.356738 5.261999 5.130538 4.978445
5.838888 5.880495 5.915036 5.933509 5.940873 5.938862 5.945349 5.95301 5.957822 5.95846 5.954164 5.947063 5.939806 5.933857 5.925892 5.915032 5.903276 5.886382 5.865007 5.837736 5.801643 5.756435 5.708337 5.66328 5.618258 5.569942 5.519418 5.472469 5.468614 5.471118 5.479081 5.489075 5.499457 5.506804 5.508858 5.508112 5.502703 5.487011 5.461509 5.437585 5.444346 5.446079 5.446017 5.451651 5.466957 5.471746 5.459433 5.451805 5.457505 5.475759 5.502518 5.523658 5.518911 5.499681 5.47696 5.466604 5.441941 5.391807 5.318245 5.220533 5.0861 4.927603
5.693625 5.73622 5.785085 5.822809 5.835448 5.833355 5.840552 5.842301 5.838422 5.829283 5.815717 5.799678 5.78561 5.779665 5.783019 5.786974 5.786313 5.779859 5.766772 5.750161 5.732097 5.707102 5.672509 5.633837 5.599285 5.565857 5.524992 5.49665 5.489921 5.481124 5.474037 5.46918 5.463355 5.453794 5.441092 5.424766 5.39979 5.366752 5.333255 5.302556 5.311206 5.325758 5.337157 5.349358 5.373751 5.408953 5.420751 5.417881 5.424026 5.440855 5.465599 5.488769 5.489255 5.472308 5.452363 5.425199 5.408048 5.364025 5.294186 5.199349 5.069115 4.909054
5.512593 5.548009 5.595857 5.651663 5.685404 5.687551 5.686847 5.676243 5.655508 5.628459 5.598756 5.569239 5.547974 5.543578 5.558555 5.581986 5.587234 5.580403 5.571012 5.565382 5.559043 5.543317 5.520847 5.494704 5.469152 5.441577 5.433675 5.435182 5.427201 5.41659 5.409836 5.397717 5.376504 5.350593 5.325847 5.296309 5.253503 5.205658 5.163167 5.134126 5.150427 5.178649 5.210261 5.237646 5.274026 5.326983 5.368086 5.381506 5.391453 5.409362 5.434 5.456975 5.458559 5.444599 5.429709 5.408349 5.381184 5.345333 5.280608 5.188066 5.061691 4.904641
5.299675 5.331275 5.370052 5.418664 5.462646 5.486911 5.491457 5.471375 5.429212 5.380572 5.33572 5.297081 5.27084 5.266908 5.281264 5.311412 5.33471 5.330196 5.318275 5.317268 5.322484 5.311929 5.293212 5.273995 5.267786 5.270045 5.271359 5.271248 5.263173 5.255677 5.249904 5.237952 5.208923 5.172123 5.141103 5.106696 5.058408 5.004249 4.956475 4.937519 4.969072 5.010672 5.064049 5.119267 5.1689 5.229929 5.296657 5.339698 5.359949 5.382247 5.40927 5.433553 5.43575 5.422525 5.409256 5.390521 5.342167 5.307323 5.248271 5.163342 5.045499 4.896333
5.078218 5.099232 5.130583 5.160481 5.186236 5.204279 5.202443 5.183503 5.14358 5.091439 5.038789 4.996495 4.97118 4.961619 4.968764 4.992226 5.021611 5.029593 5.023884 5.015686 5.017675 5.018801 5.011505 5.022194 5.033264 5.04246 5.039348 5.025998 5.016632 5.010938 4.999327 4.987219 4.960871 4.918172 4.872301 4.830137 4.786747 4.742681 4.707404 4.70954 4.757445 4.81874 4.892971 4.984889 5.057353 5.127659 5.208972 5.287436 5.330571 5.361533 5.393589 5.418515 5.416647 5.395662 5.372755 5.339361 5.272342 5.204159 5.148907 5.0783 4.982982 4.866873
4.855807 4.870245 4.893312 4.903558 4.898959 4.884365 4.852346 4.802974 4.750061 4.677251 4.6113 4.566335 4.53993 4.54523 4.574679 4.61046 4.641427 4.662613 4.676436 4.679336 4.680841 4.712803 4.739596 4.751871 4.762633 4.767519 4.764953 4.743309 4.727235 4.706656 4.691035 4.672129 4.641863 4.593285 4.539797 4.482589 4.430033 4.394647 4.382955 4.442565 4.516194 4.60159 4.70699 4.831443 4.949593 5.033261 5.125121 5.223896 5.296988 5.341425 5.378958 5.405593 5.399508 5.368675 5.332299 5.278537 5.199427 5.120795 5.04192 4.974184 4.900799 4.80536
4.636292 4.639379 4.653422 4.636182 4.558026 4.435953 4.303709 4.186408 4.065797 3.930916 3.86167 3.81688 3.794005 3.866896 3.963168 4.049689 4.09657 4.151612 4.21109 4.279705 4.33771 4.389035 4.424335 4.444588 4.45889 4.459094 4.44652 4.421832 4.395982 4.367797 4.344893 4.320291 4.284343 4.237141 4.181913 4.11569 4.056272 3.998295 3.980339 4.103271 4.265879 4.387146 4.519991 4.675593 4.83811 4.949771 5.051743 5.160902 5.260343 5.323864 5.365889 5.386963 5.374848 5.338083 5.291436 5.222265 5.136786 5.05344 4.971811 4.890894 4.817289 4.727723
4.433407 4.370691 4.325763 4.235238 4.007454 3.706549 3.443401 3.270703 3.130211 2.993724 2.897295 2.84535 2.848686 2.950029 3.11145 3.239272 3.356815 3.48587 3.618998 3.73791 3.849934 3.955473 4.021183 4.048234 4.065671 4.069146 4.061707 4.033282 3.998216 3.955648 3.927797 3.915385 3.889719 3.849417 3.791087 3.740593 3.720433 3.682552 3.662979 3.794529 4.032494 4.211661 4.371675 4.552345 4.739787 4.885232 4.990895 5.097993 5.195801 5.261338 5.296148 5.309074 5.300364 5.273974 5.22911 5.159678 5.078671 4.993167 4.909119 4.826147 1.932225 1.739119
4.137953 4.008591 3.835705 3.554749 3.133768 2.710878 2.40413 2.224807 2.098549 2.017677 1.988422 1.993985 2.0347 2.104182 2.223289 2.387115 2.523229 2.696918 2.855689 3.020054 3.189923 3.323818 3.425802 3.479481 3.499044 3.505238 3.507075 3.488681 3.460882 3.420639 3.404343 3.403758 3.437487 3.452657 3.423957 3.418934 3.466283 3.490721 3.533992 3.659035 3.905916 4.116386 4.298708 4.490954 4.686328 4.846619 4.945511 5.040187 5.120205 5.171167 5.197906 5.212519 5.213678 5.199371 5.160539 5.098524 5.025313 4.940966 4.855885 4.769475 4.685187 4.568012
3.726026 3.513451 3.224216 2.821257 2.342183 1.875723 1.511484 1.32508 1.321531 1.38321 1.435052 1.495516 1.550925 1.61431 1.66615 1.680821 1.775895 1.955314 2.118871 2.322618 2.539634 2.659123 2.717726 2.787715 2.822606 2.815472 2.77863 2.754914 2.724006 2.716068 2.733941 2.762068 2.886528 3.027753 3.114741 3.195498 3.287779 3.379288 3.48111 3.622772 3.859283 4.079263 4.283329 4.484168 4.67718 4.833058 4.920278 5.000957 5.062388 5.098683 5.122973 5.141595 5.146739 5.130898 5.091907 5.037954 4.968289 4.890544 4.809556 4.725256 4.631892 4.50567
3.316665 3.011468 2.632463 2.212573 1.773725 1.382114 1.099553 1.00817 1.123534 1.26094 1.345217 1.376398 1.352973 1.35435 1.413581 1.422582 1.399391 1.481698 1.652079 1.869077 2.097467 2.205481 2.201885 2.185405 2.22859 2.268315 2.221668 2.116198 2.029745 2.083502 2.157791 2.202489 2.380371 2.671857 2.896332 3.06733 3.21973 3.355299 3.475508 3.633942 3.869073 4.090545 4.298844 4.496358 4.684314 4.832127 4.90891 4.977452 5.0212 5.044386 5.064449 5.081255 5.078835 5.048965 5.008953 4.963752 4.897576 4.82685 4.755819 4.681244 4.584758 4.45653
2.974431 2.645517 2.256039 1.862592 1.500062 1.216608 1.099785 1.020181 1.17896 1.331363 1.427178 1.456511 1.425 1.395983 1.430197 1.419897 1.370854 1.411791 1.578993 1.795577 1.96501 2.038697 2.03726 2.000268 2.014888 2.057266 2.02367 1.934373 1.846947 1.881136 1.976245 2.045367 2.218886 2.550969 2.843452 3.082181 3.276062 3.436294 3.56414 3.736401 3.957514 4.167609 4.366935 4.54673 4.721486 4.849734 4.912627 4.964386 4.98644 4.995651 5.005867 5.003443 4.974522 4.930767 4.889014 4.845478 4.790493 4.736022 4.684002 4.62682 4.538339 4.42109
2.654635 2.337641 2.000676 1.684188 1.425762 1.310978 1.21031 1.254908 1.414193 1.565735 1.665088 1.6908 1.708371 1.700912 1.673015 1.644478 1.602492 1.625257 1.7124 1.856348 1.992848 2.071474 2.099995 2.095346 2.096132 2.103669 2.081089 2.037239 2.009642 2.048941 2.116987 2.205498 2.392837 2.669716 2.949019 3.195764 3.404087 3.585218 3.744867 3.928008 4.123095 4.315246 4.486468 4.63461 4.783681 4.879018 4.927171 4.957598 4.959125 4.951602 4.924673 4.874394 4.818065 4.763945 4.713317 4.670322 4.632258 4.599843 4.569836 4.534832 4.470401 4.386495
2.400927 2.087732 1.814949 1.628655 1.492364 1.424538 1.431706 1.553237 1.735051 1.88491 1.999133 2.097817 2.118432 2.092535 2.046295 2.019323 2.007867 1.983512 2.00071 2.070345 2.17094 2.243563 2.292171 2.331409 2.34521 2.31743 2.284712 2.27167 2.289437 2.319867 2.362581 2.458138 2.643846 2.877752 3.139158 3.380173 3.591403 3.78292 3.967993 4.147942 4.318859 4.487968 4.627665 4.753857 4.867433 4.919675 4.949271 4.953895 4.936972 4.898655 4.810082 4.713168 4.632818 4.561331 4.498732 4.452859 4.430519 4.41865 4.409418 4.397329 4.369596 4.328907
2.307435 2.012426 1.798845 1.73725 1.692197 1.663816 1.716498 1.895949 2.106429 2.293865 2.452183 2.53813 2.555053 2.535176 2.517327 2.480873 2.446226 2.410562 2.404263 2.426948 2.47536 2.521806 2.574996 2.626291 2.636093 2.597169 2.562284 2.569863 2.587295 2.590835 2.622014 2.72174 2.873422 3.097514 3.361372 3.601063 3.81058 4.007351 4.197811 4.36505 4.519824 4.653425 4.767522 4.879455 4.953265 4.970124 4.977204 4.957897 4.921935 4.829561 4.701 4.568196 4.449114 4.350865 4.271384 4.217462 4.194516 4.18855 4.193577 4.206979 4.212608 4.21655
2.422252 2.194614 2.068902 2.044069 2.029135 2.051321 2.161678 2.345772 2.581048 2.799824 2.955963 3.045014 3.074902 3.070453 3.031415 2.981532 2.931219 2.882111 2.863055 2.848258 2.870237 2.903653 2.945779 2.971233 2.965945 2.938434 2.912498 2.907204 2.902886 2.899895 2.92912 3.007909 3.133268 3.342034 3.588979 3.821529 4.030023 4.227285 4.413691 4.574582 4.711816 4.815418 4.913322 4.993514 5.021945 5.020151 5.005668 4.970471 4.910431 4.78095 4.628866 4.464082 4.301802 4.158972 4.040808 3.96149 3.931771 3.908974 3.91161 3.937812 3.967552 4.000177
