py_wake/examples/data/AJ_ParqueFicticio/Ridge area   Sector 8   Height 30m   Weibull-A.grd
DSAA
90  129
 262878   265103
 6504214   6507414
 .3492029   9.453814
[rows 54 to 80 of 129, columns 0 to 61 of 90]
6.723006 6.682498 6.625284 6.544738 6.45026 6.318745 6.174053 6.041139 5.905511 5.777613 5.689837 5.63172 5.619812 5.582835 5.506501 5.409285 5.316819 5.256091 5.200641 5.168142 5.190104 5.23965 5.307209 5.380056 5.448461 5.478205 5.491871 5.540295 5.545471 5.548889 5.611829 5.693233 5.786718 5.899965 5.995625 6.106546 6.258013 6.428009 6.619556 6.834178 7.068605 7.316396 7.535857 7.724995 7.921992 8.039062 8.061975 8.026773 7.95089 7.838749 7.692303 7.486475 7.232828 6.944992 6.604954 6.32617 6.151895 6.137944 6.293386 6.61597 7.057579 7.487204
6.807336 6.786521 6.751686 6.690401 6.58234 6.446088 6.311654 6.184591 6.0646 5.977898 5.932282 5.894794 5.85173 5.781813 5.693999 5.590656 5.492611 5.405223 5.33185 5.287208 5.285322 5.325058 5.378716 5.445143 5.528846 5.595575 5.657166 5.715501 5.757813 5.806642 5.863698 5.952371 6.03573 6.09609 6.146823 6.226615 6.371598 6.5337 6.70224 6.896554 7.126028 7.374898 7.593325 7.794266 7.978533 8.067304 8.097287 8.080125 8.026581 7.926013 7.793523 7.620409 7.409782 7.187936 6.958714 6.772047 6.671068 6.695055 6.838151 7.101727 7.410247 7.685461
6.916742 6.921648 6.90816 6.854149 6.735646 6.60681 6.469889 6.346366 6.243687 6.17597 6.155592 6.174029 6.150926 6.067555 5.956679 5.831391 5.712195 5.596182 5.49517 5.418265 5.412354 5.449642 5.495396 5.573126 5.677759 5.776549 5.862086 5.939726 5.996606 6.060079 6.133973 6.220183 6.297893 6.34663 6.395751 6.475263 6.582721 6.709354 6.841652 7.016623 7.241314 7.473889 7.683167 7.886854 8.031117 8.103534 8.139018 8.127558 8.085025 8.016485 7.901196 7.752911 7.582839 7.405557 7.222203 7.086921 7.057536 7.105536 7.220828 7.40353 7.617131 7.816666
7.055173 7.063606 7.05746 7.009583 6.912183 6.786167 6.656336 6.557293 6.474838 6.417988 6.393118 6.43042 6.446193 6.412593 6.300537 6.16096 6.013237 5.878182 5.747172 5.644011 5.61578 5.646418 5.684236 5.75703 5.8696 5.988169 6.091348 6.184642 6.254626 6.335174 6.417896 6.501337 6.574637 6.643317 6.718888 6.796997 6.881768 6.964146 7.067423 7.221084 7.429893 7.637067 7.829425 8.002021 8.09312 8.159211 8.193948 8.18493 8.1462 8.103884 8.025312 7.910208 7.774586 7.629891 7.489179 7.376528 7.349987 7.396856 7.483278 7.616335 7.766263 7.888856
7.176776 7.193014 7.18683 7.138264 7.063654 6.966769 6.863668 6.767637 6.69557 6.66369 6.663102 6.689471 6.699648 6.664207 6.57281 6.464405 6.340407 6.212387 6.070125 5.970369 5.942452 5.946087 5.959322 6.003963 6.112186 6.23467 6.347775 6.443646 6.538943 6.629864 6.720057 6.810455 6.8957 6.979268 7.058985 7.143942 7.223786 7.302901 7.404609 7.536852 7.694623 7.861594 8.022656 8.126052 8.183482 8.241966 8.272956 8.26417 8.22923 8.191733 8.14155 8.063147 7.961266 7.863338 7.765582 7.681526 7.635391 7.652478 7.702834 7.765017 7.823134 7.850823
7.304794 7.330644 7.339277 7.312171 7.256541 7.174829 7.088227 7.010346 6.952853 6.922841 6.922768 6.944561 6.952816 6.91036 6.81847 6.713985 6.606189 6.493742 6.387555 6.306419 6.274028 6.267865 6.291382 6.352789 6.443508 6.541505 6.642198 6.731731 6.83057 6.928689 7.031174 7.135376 7.240376 7.332016 7.417305 7.505947 7.584188 7.664285 7.762867 7.873047 7.982665 8.108699 8.202965 8.255519 8.304748 8.362703 8.391125 8.375523 8.334365 8.290508 8.241254 8.192349 8.128274 8.060623 7.996511 7.934271 7.888808 7.864116 7.856136 7.829779 7.778892 7.713054
7.460444 7.498569 7.524319 7.519412 7.480842 7.417487 7.351349 7.294233 7.245382 7.207705 7.201485 7.215739 7.214683 7.169875 7.091982 7.009242 6.912283 6.799827 6.689216 6.604875 6.595563 6.60773 6.635912 6.702908 6.79554 6.891375 6.988894 7.075183 7.166933 7.254528 7.346646 7.454106 7.573893 7.666578 7.753184 7.839997 7.907648 7.978863 8.061311 8.134391 8.215227 8.296572 8.335074 8.372484 8.429501 8.49478 8.507214 8.483006 8.44597 8.385146 8.326029 8.284318 8.25202 8.211541 8.167189 8.118662 8.06041 7.995222 7.918138 7.808981 7.649939 7.498909
7.650465 7.689225 7.717702 7.728309 7.702718 7.657859 7.612941 7.568166 7.524305 7.484664 7.471234 7.470946 7.473247 7.445426 7.386297 7.311197 7.222573 7.121265 7.021747 6.951871 6.934875 6.944152 6.972089 7.044603 7.143996 7.239328 7.32135 7.401173 7.486513 7.579052 7.669665 7.767799 7.857409 7.929118 8.014787 8.085471 8.141548 8.20548 8.261621 8.310632 8.368187 8.406758 8.419953 8.449098 8.508208 8.550565 8.527828 8.495652 8.475937 8.436262 8.381365 8.344614 8.32976 8.308812 8.268586 8.211097 8.120968 8.003017 7.863534 7.692103 7.428123 7.189756
7.852293 7.885618 7.917957 7.949059 7.94204 7.915101 7.879039 7.839065 7.800366 7.767321 7.754148 7.74587 7.721348 7.67239 7.6215 7.562675 7.507113 7.444908 7.383858 7.338615 7.318314 7.334159 7.361779 7.419066 7.503187 7.590313 7.658082 7.712478 7.777709 7.859704 7.931985 8.013992 8.078604 8.134828 8.190682 8.24354 8.293838 8.34147 8.374954 8.40855 8.443347 8.456919 8.465313 8.486151 8.531204 8.531251 8.485847 8.453054 8.443703 8.442316 8.420533 8.395503 8.378981 8.358092 8.314939 8.23828 8.111961 7.940466 7.740192 7.516459 7.149644 6.799305
8.029235 8.070726 8.120689 8.153385 8.146816 8.12162 8.090062 8.055841 8.020074 7.981976 7.945583 7.908514 7.87422 7.844122 7.824346 7.807782 7.779078 7.742079 7.70398 7.692539 7.702562 7.720602 7.749016 7.786879 7.857883 7.908304 7.936074 7.9755 8.027865 8.082526 8.137767 8.193808 8.234266 8.274 8.30206 8.333509 8.370854 8.40094 8.420119 8.439217 8.455504 8.459108 8.467036 8.4861 8.514429 8.483488 8.434592 8.405432 8.40185 8.421225 8.439914 8.436486 8.41703 8.389052 8.342044 8.246983 8.091199 7.875072 7.620224 7.334455 6.902948 6.458879
8.142261 8.188265 8.232214 8.238132 8.214499 8.182416 8.149963 8.118392 8.086853 8.053298 8.021008 7.991717 7.966977 7.954891 7.957394 7.954268 7.932347 7.919365 7.926498 7.964641 7.986538 7.993518 8.010848 8.05848 8.109409 8.122813 8.134561 8.172937 8.206773 8.235123 8.277523 8.308286 8.32951 8.3468 8.350601 8.365768 8.386463 8.396688 8.398444 8.40202 8.40776 8.406003 8.408051 8.423457 8.444659 8.419638 8.376789 8.354174 8.357498 8.385712 8.428885 8.457173 8.439783 8.402262 8.351878 8.249377 8.071216 7.819471 7.518857 7.177183 6.750463 6.27855
8.168285 8.21384 8.249537 8.24704 8.223273 8.195891 8.166626 8.134768 8.098436 8.060295 8.022674 7.987023 7.957961 7.948438 7.957327 7.965325 7.971872 7.988507 8.020967 8.067179 8.090878 8.109047 8.141379 8.192014 8.221549 8.233469 8.250656 8.284305 8.29752 8.309905 8.330024 8.337144 8.337302 8.327319 8.308893 8.312742 8.311049 8.297774 8.282888 8.278478 8.281883 8.28049 8.282188 8.297678 8.328918 8.335835 8.317226 8.304612 8.31545 8.349302 8.40289 8.447565 8.438878 8.390588 8.332814 8.231251 8.035158 7.760517 7.436121 7.062834 6.677151 6.241658
8.122541 8.167362 8.196802 8.202721 8.181034 8.150758 8.116129 8.071109 8.015944 7.955206 7.895732 7.841498 7.805225 7.802131 7.830347 7.867865 7.895851 7.931264 7.973325 8.020339 8.059871 8.099669 8.143358 8.188871 8.221394 8.24855 8.276076 8.29765 8.30016 8.296076 8.293677 8.27842 8.252689 8.213597 8.189335 8.172317 8.143151 8.105269 8.081548 8.076657 8.081101 8.096579 8.117289 8.141072 8.184112 8.235298 8.261125 8.261759 8.279635 8.317576 8.37318 8.42051 8.410137 8.352493 8.289784 8.19654 7.99496 7.713911 7.377326 6.982782 6.566037 6.213955
8.034491 8.069228 8.092628 8.099145 8.0886 8.056679 8.008463 7.939467 7.85035 7.756513 7.671447 7.600218 7.562707 7.574646 7.627224 7.700007 7.745771 7.782321 7.825816 7.881767 7.937629 7.983572 8.032161 8.083686 8.127584 8.161466 8.184591 8.198759 8.192968 8.181295 8.172133 8.140495 8.088019 8.035817 8.00596 7.972352 7.918288 7.863543 7.833769 7.831432 7.849894 7.887058 7.937682 7.985126 8.048529 8.130197 8.197864 8.226447 8.252716 8.293833 8.349753 8.396974 8.379326 8.314562 8.249418 8.167002 7.965462 7.689 7.342633 6.925299 6.474672 6.086283
7.898505 7.923013 7.937065 7.93427 7.91482 7.88589 7.831385 7.736705 7.610413 7.482959 7.375947 7.298364 7.269922 7.3042 7.374808 7.458965 7.532135 7.575468 7.619472 7.682218 7.749444 7.799265 7.848183 7.90299 7.94077 7.956262 7.969151 7.970934 7.957321 7.941553 7.918559 7.880909 7.827286 7.777122 7.740066 7.699942 7.641853 7.582596 7.549583 7.555206 7.600185 7.661057 7.743857 7.837194 7.923394 8.021399 8.123134 8.195008 8.236103 8.280595 8.336233 8.381598 8.356532 8.282516 8.20956 8.126584 7.910272 7.630806 7.27991 6.853614 6.376388 5.952469
7.732564 7.735784 7.731995 7.703123 7.653024 7.594789 7.515333 7.402793 7.269885 7.138927 7.023115 6.942628 6.926952 6.97458 7.060796 7.15882 7.245693 7.308112 7.368606 7.429418 7.489379 7.549561 7.593478 7.623913 7.64756 7.665163 7.664217 7.641073 7.620024 7.597777 7.558762 7.543407 7.506426 7.450991 7.396865 7.344882 7.292832 7.248305 7.235628 7.2583 7.327028 7.418113 7.532901 7.68186 7.807199 7.92167 8.043299 8.162283 8.231547 8.281851 8.335405 8.374654 8.334359 8.240068 8.144374 8.029773 7.771766 7.470568 7.111557 6.686155 6.212649 5.78252
7.532397 7.511157 7.481651 7.421103 7.337404 7.248016 7.138896 6.999016 6.828761 6.65092 6.492986 6.375537 6.33181 6.402369 6.552918 6.712753 6.83118 6.925723 7.026197 7.116585 7.176222 7.225899 7.269841 7.294915 7.313522 7.317314 7.306783 7.266809 7.231677 7.19916 7.182129 7.160709 7.113289 7.041024 6.967136 6.879676 6.786287 6.723859 6.740889 6.864398 7.000428 7.142198 7.313378 7.512732 7.711933 7.849391 7.988357 8.130918 8.234438 8.293356 8.339222 8.36453 8.302493 8.18325 8.059094 7.899182 7.613384 7.299212 6.928326 6.492039 6.017591 5.584798
7.287655 7.252898 7.209224 7.131873 7.011589 6.879831 6.714572 6.488671 6.186976 5.874195 5.619549 5.398889 5.264874 5.374218 5.604018 5.863082 6.037944 6.20607 6.381796 6.535477 6.668519 6.769382 6.831501 6.866975 6.889769 6.883135 6.860533 6.824515 6.788861 6.74512 6.706338 6.658427 6.583009 6.477691 6.366012 6.238309 6.111384 5.96224 5.903309 6.177908 6.555368 6.812205 7.065636 7.341311 7.617452 7.804894 7.95776 8.111624 8.241149 8.309224 8.34059 8.33551 8.246018 8.107956 7.960571 7.759122 7.466448 7.14182 6.76219 6.319695 5.826497 5.377343
7.022566 6.9862 6.941776 6.846346 6.680749 6.468044 6.193186 5.811967 5.350071 4.89851 4.508 4.18465 3.952027 3.962537 4.195755 4.457762 4.668775 4.889327 5.128892 5.382205 5.653249 5.910769 6.071937 6.149737 6.208997 6.236262 6.233511 6.188478 6.135057 6.060674 5.997875 5.948176 5.862038 5.735841 5.578393 5.46198 5.432019 5.318872 5.210025 5.492901 6.070609 6.494886 6.839473 7.19853 7.536248 7.790073 7.946873 8.097841 8.21499 8.264068 8.258358 8.212852 8.110748 7.978729 7.820269 7.600029 7.320735 6.986314 6.600943 6.15493 3.419696 3.999638
6.709622 6.646738 6.574954 6.446654 6.238028 5.980359 5.662594 5.227746 4.68233 4.167128 3.726273 3.343848 3.040457 2.918302 2.955097 3.109152 3.269569 3.505171 3.73647 4.010145 4.342369 4.642145 4.885246 5.034691 5.118086 5.17063 5.198971 5.177681 5.143967 5.083083 5.039986 4.986326 4.985746 4.956023 4.847108 4.816739 4.899978 4.930985 4.990764 5.247921 5.825942 6.32715 6.735552 7.140252 7.515399 7.803418 7.946455 8.075361 8.157856 8.164244 8.119909 8.054029 7.954879 7.829505 7.659438 7.434842 7.169094 6.830499 6.443529 5.993562 1.847457 2.017659
6.324498 6.22682 6.092543 5.865434 5.561633 5.230717 4.895412 4.510119 4.09213 3.702219 3.313629 2.994618 2.769088 2.651873 2.605152 2.562385 2.603597 2.705996 2.830708 3.056646 3.352977 3.5586 3.696709 3.858984 3.971168 4.019472 4.006751 3.990069 3.953609 3.9487 3.963242 3.941836 4.051091 4.217231 4.287184 4.379559 4.542382 4.733905 4.9501 5.260907 5.800239 6.304345 6.75502 7.179121 7.560215 7.838065 7.953988 8.052025 8.093945 8.05896 7.990711 7.915105 7.811257 7.665712 7.473361 7.25267 6.983745 6.651762 6.272595 5.829365 5.319936 1.978297
5.941812 5.774047 5.53712 5.215263 4.787044 4.312078 3.888888 3.652046 3.658911 3.57638 3.373119 3.103915 2.819394 2.646322 2.625427 2.564265 2.457571 2.461264 2.570338 2.752324 2.969861 3.090549 3.119752 3.135524 3.22889 3.326331 3.308711 3.196244 3.084323 3.141979 3.212933 3.194843 3.324881 3.653315 3.92969 4.170944 4.440834 4.729936 5.005196 5.374543 5.910587 6.405159 6.853568 7.260796 7.630067 7.880419 7.966804 8.031312 8.026916 7.951552 7.859343 7.764119 7.627076 7.428726 7.218252 7.005825 6.728454 6.411743 6.065267 5.656381 5.166583 2.618238
5.596769 5.391852 5.093039 4.709501 4.232335 3.735025 3.36235 3.338469 3.641036 3.723344 3.646784 3.449143 3.189216 2.987209 2.936024 2.83593 2.676191 2.607373 2.677606 2.813075 2.922495 2.960514 2.949461 2.922511 2.964687 3.047009 3.040764 2.956588 2.854858 2.888592 2.987138 3.016909 3.144641 3.509394 3.875686 4.225607 4.573616 4.922441 5.233517 5.652708 6.162458 6.626591 7.046205 7.406398 7.743894 7.941031 7.992782 8.014871 7.953101 7.834862 7.7055 7.544297 7.318357 7.061804 6.824617 6.591505 6.323939 6.050964 5.773181 5.438282 5.006303 4.551085
5.239356 5.01298 4.711874 4.350237 3.95121 3.643371 3.547285 3.724454 4.009869 4.125631 4.113322 3.97477 3.845543 3.704411 3.55234 3.405153 3.232146 3.11144 3.050051 3.059961 3.084483 3.076879 3.05505 3.036825 3.050894 3.079691 3.073816 3.039603 3.016218 3.068373 3.146041 3.224676 3.402964 3.711271 4.071413 4.444239 4.82649 5.224643 5.617198 6.069726 6.525684 6.95077 7.308261 7.601933 7.886413 8.006008 8.025302 7.997777 7.883521 7.721259 7.490397 7.190586 6.871071 6.553581 6.247046 5.970551 5.719401 5.500782 5.296569 5.074052 4.775517 4.449999
4.908794 4.638838 4.355796 4.140039 3.940507 3.818627 3.856371 4.13323 4.402719 4.521119 4.576223 4.625108 4.565386 4.450506 4.304506 4.166395 4.023212 3.81869 3.646533 3.535357 3.473659 3.407614 3.357459 3.34895 3.352406 3.323409 3.289311 3.281436 3.31427 3.365538 3.425103 3.538526 3.750635 4.03122 4.398128 4.782743 5.181449 5.605731 6.057868 6.502361 6.905353 7.278755 7.570261 7.819477 8.035337 8.070321 8.05558 7.974293 7.819796 7.585171 7.202165 6.785593 6.385692 5.974965 5.57152 5.227793 4.985282 4.796133 4.658568 4.556865 4.428986 4.275321
4.743202 4.468022 4.243474 4.218066 4.189679 4.149003 4.241258 4.533674 4.787535 4.955645 5.092603 5.165161 5.166166 5.136728 5.085828 4.968871 4.80812 4.591563 4.389125 4.209929 4.059236 3.923821 3.835945 3.800175 3.762088 3.691381 3.633832 3.638648 3.668303 3.688069 3.742634 3.883486 4.07423 4.375217 4.779037 5.184605 5.589933 6.026799 6.487432 6.895323 7.261956 7.560096 7.801502 8.022105 8.152289 8.127714 8.076178 7.951402 7.764166 7.406734 6.937109 6.440646 5.928723 5.39986 4.898678 4.510676 4.232952 4.047478 3.97525 3.953657 3.940337 3.944116
4.844398 4.664395 4.581985 4.615333 4.639075 4.688331 4.843637 5.063028 5.296294 5.485234 5.621844 5.726787 5.794401 5.838664 5.812799 5.720438 5.569766 5.359483 5.15792 4.948372 4.762389 4.593954 4.462699 4.358747 4.265315 4.18015 4.114095 4.089631 4.084665 4.095684 4.157235 4.285496 4.465795 4.776978 5.179331 5.588787 5.998034 6.433079 6.872804 7.254912 7.57443 7.80889 8.021717 8.181748 8.215374 8.164203 8.077709 7.928512 7.701875 7.261288 6.750776 6.185637 5.552585 4.874261 4.284464 3.820313 3.495411 3.370148 3.31023 3.310821 3.348205 3.429385
