py_wake/examples/data/AJ_ParqueFicticio/Ridge area   Sector 4   Height 200m   Weibull-A.grd
DSAA
90  129
 262878   265103
 6504214   6507414
 .4437379   10.92024
[rows 54 to 80 of 129, columns 0 to 61 of 90]
4.627788 4.426052 4.147564 3.774715 3.364923 2.948617 2.575475 2.267704 1.999637 1.791355 1.664038 1.576022 1.471681 1.312068 1.122989 .937808 .7885479 .6867656 .6094697 .5626148 .5620155 .6086417 .7159716 .8624271 1.028077 1.181904 1.351293 1.585954 1.801 2.039396 2.403485 2.832328 3.339586 3.967285 4.611653 5.302679 6.042365 6.750956 7.403813 7.988584 8.51569 9.021687 9.473052 9.890772 10.27733 10.48348 10.49942 10.37133 10.1346 9.783534 9.349918 8.82445 8.27671 7.74468 7.251648 6.913263 6.740001 6.674221 6.702569 6.854914 7.117997 7.389124
4.800112 4.656057 4.434782 4.107343 3.68006 3.260843 2.897409 2.592949 2.340062 2.154472 2.048076 1.98612 1.888105 1.711355 1.497408 1.279468 1.088976 .9365784 .8247141 .7636254 .7650726 .8329526 .9493255 1.109597 1.325203 1.564345 1.810436 2.070439 2.351573 2.675193 3.0477 3.513217 4.008077 4.506562 5.018452 5.598148 6.310257 6.973498 7.557561 8.09131 8.591123 9.076271 9.513756 9.933844 10.28473 10.46717 10.50482 10.40806 10.20671 9.883261 9.472107 8.995168 8.504922 8.024649 7.597943 7.27962 7.11948 7.066729 7.0873 7.197654 7.36598 7.524674
4.96183 4.87942 4.718482 4.429534 4.012358 3.602943 3.233672 2.931488 2.694963 2.529026 2.44872 2.425907 2.364385 2.182645 1.954272 1.713604 1.496267 1.306452 1.151649 1.057597 1.061691 1.13592 1.253454 1.442812 1.718241 2.018025 2.31822 2.625367 2.945454 3.312349 3.737112 4.220877 4.71684 5.164808 5.626034 6.16939 6.741148 7.27883 7.756983 8.231516 8.703611 9.154543 9.572696 9.975933 10.27722 10.45155 10.50747 10.43087 10.25501 9.989728 9.609162 9.169733 8.727245 8.281633 7.884365 7.577281 7.419208 7.363564 7.365552 7.428243 7.526617 7.623044
5.13094 5.090684 4.974285 4.727523 4.369607 3.960308 3.594046 3.309304 3.090315 2.937165 2.858936 2.870013 2.85686 2.72358 2.493478 2.234818 1.980641 1.762197 1.568805 1.450874 1.456168 1.535543 1.651085 1.848104 2.147823 2.493073 2.835311 3.184735 3.534526 3.951578 4.415781 4.906796 5.38231 5.840024 6.318758 6.798335 7.242043 7.637476 8.017574 8.421851 8.851404 9.266144 9.658255 10.0142 10.26835 10.44154 10.50766 10.45028 10.29501 10.07588 9.756265 9.365735 8.957733 8.537832 8.166361 7.8643 7.678824 7.598898 7.572577 7.598573 7.649389 7.686954
5.271091 5.281342 5.200603 4.984665 4.682463 4.319808 3.981277 3.687601 3.470844 3.338841 3.292273 3.309371 3.318967 3.225273 3.024234 2.792969 2.54938 2.323755 2.094918 1.962686 1.960168 2.02509 2.137666 2.337018 2.632445 2.989531 3.356458 3.71891 4.114744 4.563165 5.047863 5.553018 6.026467 6.4711 6.902393 7.3138 7.674026 7.999631 8.326982 8.666563 9.027601 9.396262 9.748177 10.03689 10.26906 10.43738 10.50831 10.46797 10.33707 10.14256 9.878613 9.553614 9.191256 8.809335 8.457073 8.163995 7.951607 7.825362 7.760941 7.731148 7.71307 7.680243
5.404238 5.455847 5.422935 5.261049 4.997712 4.669179 4.356967 4.083824 3.872585 3.735941 3.696898 3.724076 3.749259 3.686795 3.520566 3.324326 3.11149 2.886811 2.679799 2.548739 2.533266 2.567158 2.679384 2.894284 3.187981 3.525728 3.888839 4.260355 4.657064 5.110793 5.611328 6.122228 6.596415 7.00007 7.37354 7.720852 8.016829 8.300874 8.591012 8.888714 9.19945 9.522367 9.80822 10.05265 10.28313 10.44923 10.51554 10.48629 10.38317 10.2098 9.974696 9.712809 9.41439 9.068403 8.732913 8.440539 8.216768 8.053912 7.922374 7.819361 7.71874 7.622359
5.548122 5.632713 5.651071 5.546563 5.317252 5.026017 4.743761 4.49705 4.291339 4.136951 4.088733 4.119873 4.160178 4.127789 4.015038 3.880986 3.710258 3.505183 3.304521 3.152727 3.147763 3.186953 3.276594 3.49382 3.783364 4.097326 4.441156 4.795379 5.189953 5.624352 6.096488 6.596668 7.055724 7.411523 7.73007 8.025381 8.276158 8.525373 8.786663 9.045741 9.331227 9.607566 9.840968 10.06917 10.30994 10.46791 10.51428 10.49563 10.42724 10.27794 10.06807 9.843739 9.607069 9.309912 8.987071 8.689502 8.437464 8.237096 8.049348 7.862789 7.682742 7.531974
5.713932 5.814609 5.863291 5.806603 5.608406 5.359452 5.116122 4.892126 4.693343 4.534104 4.470508 4.476283 4.52566 4.551303 4.508607 4.414178 4.287873 4.124371 3.95664 3.835154 3.813044 3.847424 3.925859 4.125266 4.404876 4.696736 4.994299 5.322021 5.70199 6.096252 6.523701 6.970233 7.377816 7.685905 7.970852 8.219113 8.439476 8.674057 8.906455 9.146672 9.412766 9.65025 9.860552 10.08502 10.33377 10.46341 10.48303 10.47358 10.44153 10.34706 10.17307 9.973815 9.76972 9.521312 9.213693 8.89787 8.597036 8.344329 8.108605 7.863665 7.606256 7.395176
5.884741 5.992004 6.063776 6.04386 5.885204 5.675002 5.45399 5.242976 5.053091 4.898365 4.826784 4.83077 4.86531 4.888938 4.90054 4.849643 4.788 4.698496 4.61679 4.55529 4.514802 4.563841 4.649282 4.828343 5.063838 5.326652 5.58301 5.844767 6.156285 6.515191 6.868621 7.243279 7.56755 7.854529 8.111969 8.331037 8.546635 8.763709 8.974 9.205124 9.450336 9.66591 9.875617 10.10513 10.34374 10.43816 10.44544 10.44198 10.43295 10.39816 10.28827 10.11992 9.92015 9.697295 9.410072 9.078595 8.727247 8.416871 8.135483 7.841333 7.505369 7.205262
6.024227 6.151747 6.25984 6.255442 6.127082 5.949831 5.758286 5.570631 5.396246 5.246817 5.143851 5.093376 5.104488 5.158078 5.23257 5.258917 5.242141 5.218874 5.198917 5.208 5.22337 5.261649 5.37014 5.523579 5.740376 5.931325 6.101139 6.308537 6.578531 6.857506 7.158882 7.45954 7.72115 7.978692 8.204273 8.398434 8.603073 8.809288 9.007977 9.228301 9.455763 9.662303 9.873904 10.1106 10.33457 10.41199 10.42264 10.42502 10.42894 10.43113 10.39197 10.26882 10.06935 9.854943 9.585047 9.252439 8.856802 8.494335 8.167925 7.827703 7.423105 7.040887
6.094931 6.245746 6.388448 6.3778 6.255192 6.09463 5.920689 5.748377 5.588483 5.451487 5.351443 5.299275 5.308396 5.384779 5.50973 5.588214 5.580759 5.582629 5.638641 5.767389 5.81508 5.829295 5.905318 6.088086 6.288727 6.390134 6.5042 6.698642 6.91434 7.133321 7.391063 7.632012 7.852945 8.076715 8.273003 8.449558 8.633549 8.821393 9.00513 9.21234 9.43351 9.636882 9.843537 10.07735 10.30201 10.39473 10.41765 10.42778 10.44149 10.4612 10.47179 10.402 10.2092 9.983682 9.73435 9.419778 8.98713 8.582047 8.213852 7.840367 7.396778 6.971913
6.110052 6.26706 6.428414 6.447651 6.347492 6.216679 6.064417 5.898506 5.737121 5.602479 5.498374 5.42994 5.41986 5.494786 5.638304 5.748199 5.800902 5.845953 5.934739 6.087039 6.164386 6.195949 6.27831 6.460408 6.612454 6.706977 6.816236 6.987383 7.156413 7.342992 7.557705 7.756356 7.942194 8.129085 8.304158 8.465891 8.623144 8.782282 8.950828 9.151322 9.371909 9.58028 9.787364 10.01323 10.24633 10.38227 10.43538 10.45356 10.47356 10.49998 10.53691 10.50723 10.32819 10.0902 9.852726 9.562819 9.10421 8.669555 8.273461 7.883444 7.432036 6.997052
6.100188 6.251916 6.400705 6.483005 6.415128 6.302245 6.164157 5.993643 5.812169 5.653222 5.527311 5.436261 5.410295 5.482943 5.648472 5.813478 5.896555 5.971996 6.070457 6.206798 6.30875 6.396134 6.499532 6.643969 6.785242 6.909831 7.042782 7.194135 7.341661 7.50245 7.688044 7.853879 8.005293 8.158791 8.316047 8.459828 8.58233 8.704263 8.85816 9.053303 9.270255 9.499002 9.721643 9.942362 10.17493 10.36702 10.46685 10.50019 10.52406 10.55193 10.59574 10.58813 10.41579 10.1693 9.942459 9.67533 9.21016 8.758406 8.342895 7.941087 7.495968 7.060623
6.072555 6.213506 6.342106 6.43071 6.439259 6.365271 6.241522 6.061135 5.844446 5.647357 5.493114 5.379864 5.34584 5.4266 5.607097 5.837676 5.957955 6.026367 6.11551 6.260246 6.39515 6.486901 6.594997 6.74279 6.888428 7.010568 7.1459 7.302526 7.43066 7.580529 7.770921 7.92185 8.034661 8.150765 8.298944 8.432072 8.515776 8.600491 8.738959 8.930091 9.153848 9.398954 9.649183 9.882887 10.11747 10.34292 10.49469 10.56289 10.5892 10.61484 10.65624 10.656 10.4829 10.23125 10.0005 9.759247 9.29848 8.844506 8.415929 8.00387 7.567846 7.144808
6.019685 6.156767 6.271818 6.338964 6.347523 6.317556 6.214953 6.015784 5.76016 5.528788 5.357811 5.244427 5.222742 5.326517 5.512168 5.747429 5.941443 6.035378 6.121387 6.262728 6.425982 6.532499 6.638788 6.786212 6.935206 7.053027 7.17727 7.312611 7.435157 7.585767 7.759856 7.914054 8.007967 8.091258 8.21584 8.325089 8.395411 8.466399 8.591101 8.783564 9.026579 9.286316 9.566581 9.839321 10.08029 10.31367 10.50997 10.62563 10.66746 10.68627 10.71981 10.71643 10.53841 10.27919 10.04165 9.806146 9.343699 8.888945 8.460806 8.053227 7.632092 7.227098
5.955762 6.075334 6.180571 6.211554 6.175581 6.112792 5.993724 5.796539 5.564829 5.359191 5.19167 5.085383 5.073669 5.165234 5.339718 5.565952 5.782696 5.931559 6.063921 6.201386 6.354667 6.502142 6.621531 6.752737 6.895444 7.038032 7.152323 7.245076 7.36596 7.513345 7.653955 7.799302 7.88712 7.93873 8.005896 8.090688 8.168187 8.256153 8.401518 8.610693 8.876495 9.161183 9.469889 9.794818 10.06194 10.29334 10.51358 10.67995 10.74964 10.76291 10.7839 10.76767 10.57915 10.30649 10.05534 9.797611 9.32902 8.872116 8.451515 8.058707 7.66732 7.30221
5.863091 5.972742 6.05 6.033203 5.948913 5.843013 5.695924 5.499271 5.285187 5.096465 4.968094 4.89674 4.877317 4.95178 5.117369 5.33046 5.531696 5.698634 5.870434 6.040191 6.188771 6.350544 6.502501 6.635124 6.777546 6.910108 7.027464 7.103513 7.214401 7.309852 7.431477 7.543457 7.6184 7.653162 7.697771 7.748304 7.808059 7.91107 8.100365 8.400045 8.711137 9.028261 9.373991 9.741972 10.06543 10.2965 10.52044 10.71707 10.82191 10.83865 10.83996 10.80341 10.60225 10.31678 10.04762 9.74161 9.285265 8.846117 8.429523 8.044984 7.685154 7.357589
5.737887 5.817594 5.87368 5.83683 5.707061 5.551429 5.37781 5.18386 4.977726 4.798986 4.68893 4.614762 4.598543 4.7031 4.867384 5.062165 5.229963 5.397098 5.570844 5.744602 5.920586 6.095449 6.245084 6.384097 6.526712 6.647796 6.741977 6.812405 6.873337 6.946579 7.049858 7.155654 7.22999 7.274972 7.318358 7.360115 7.425338 7.495576 7.656668 8.076328 8.546572 8.915729 9.290712 9.694066 10.07509 10.32798 10.54405 10.74905 10.87755 10.89945 10.87689 10.80584 10.59399 10.30693 10.021 9.669592 9.227783 8.811069 8.415196 8.040495 7.698934 7.397664
5.560592 5.600496 5.631388 5.571971 5.402697 5.211749 5.024331 4.842227 4.658148 4.500844 4.394697 4.322216 4.302599 4.380743 4.540642 4.712394 4.868483 5.026118 5.184365 5.342411 5.512849 5.697963 5.843564 5.957453 6.0705 6.172687 6.254733 6.292635 6.339728 6.396739 6.4925 6.616357 6.713614 6.780084 6.820503 6.899298 7.05757 7.170452 7.312626 7.768086 8.393867 8.851753 9.254478 9.67693 10.09616 10.38007 10.58377 10.77864 10.90353 10.92024 10.86637 10.76335 10.55369 10.28123 9.978289 9.599174 9.182439 8.765552 8.376066 8.022699 7.705692 7.424559
5.308358 5.317507 5.309676 5.216989 5.036728 4.851015 4.675895 4.509371 4.352056 4.223305 4.132089 4.060001 4.023802 4.063294 4.167801 4.306055 4.433082 4.577913 4.70796 4.847258 5.000828 5.142732 5.261892 5.352644 5.423996 5.486074 5.541265 5.576268 5.618095 5.666664 5.758138 5.870401 6.033802 6.17701 6.258847 6.412605 6.673587 6.905347 7.184766 7.666666 8.351913 8.860384 9.283298 9.708591 10.14782 10.44732 10.63504 10.80847 10.90711 10.90149 10.82059 10.6996 10.49769 10.23665 9.917078 9.533162 9.137218 8.723075 8.343056 7.995215 7.689973 7.42377
5.000375 4.991963 4.949278 4.828534 4.656437 4.479634 4.31148 4.161583 4.045196 3.943096 3.842 3.759622 3.716693 3.743376 3.815855 3.884192 3.985259 4.100688 4.206441 4.34601 4.492849 4.572314 4.608796 4.662843 4.700493 4.713427 4.699836 4.696259 4.696261 4.742638 4.828084 4.9214 5.150608 5.436377 5.651656 5.883832 6.218123 6.618135 7.078153 7.652341 8.36083 8.902129 9.348108 9.777495 10.22273 10.51921 10.68923 10.83676 10.89743 10.86074 10.76109 10.62778 10.42849 10.15949 9.827478 9.462735 9.076711 8.678267 8.313705 7.97628 7.678042 7.417544
4.704665 4.663243 4.581073 4.454529 4.281314 4.09438 3.919244 3.806432 3.776697 3.722633 3.635599 3.527211 3.417678 3.395029 3.475205 3.530457 3.55249 3.632383 3.756472 3.903336 4.035662 4.07454 4.039794 3.993654 4.001242 4.013384 3.949684 3.825953 3.713171 3.767726 3.858443 3.906612 4.14535 4.589793 5.008389 5.421641 5.912433 6.468332 7.038058 7.706399 8.434566 8.977767 9.425346 9.85799 10.3011 10.58563 10.7391 10.85982 10.87948 10.81038 10.68975 10.54102 10.32543 10.03112 9.703205 9.369353 8.992229 8.618355 8.280302 7.964077 7.670104 7.414834
4.425223 4.369657 4.268802 4.136292 3.962927 3.778589 3.615436 3.552485 3.584196 3.557702 3.491017 3.387454 3.267971 3.210871 3.258942 3.281261 3.260669 3.298531 3.415373 3.559172 3.645624 3.639199 3.568018 3.471592 3.424947 3.404214 3.304846 3.138989 2.964158 2.968274 3.077216 3.155911 3.399935 3.984067 4.601888 5.225676 5.888572 6.582734 7.229884 7.944206 8.614698 9.113318 9.536851 9.950998 10.37852 10.64203 10.77741 10.87031 10.85226 10.75533 10.60486 10.41488 10.15795 9.84807 9.536514 9.225661 8.879775 8.544626 8.23979 7.953391 7.67848 7.439091
4.134413 4.072778 3.976065 3.856174 3.706483 3.5697 3.477 3.471512 3.504188 3.492462 3.445263 3.355032 3.287202 3.245332 3.221273 3.206486 3.167923 3.174323 3.21425 3.288073 3.331271 3.303422 3.225743 3.124802 3.038014 2.950667 2.817823 2.666177 2.528688 2.50602 2.611608 2.771986 3.158409 3.784121 4.511891 5.27666 6.083094 6.903107 7.638729 8.31974 8.863978 9.297693 9.682549 10.06835 10.45035 10.68001 10.80284 10.86753 10.81893 10.68792 10.47724 10.21717 9.922941 9.617182 9.318826 9.031078 8.735989 8.450437 8.180393 7.935131 7.689127 7.482656
3.859154 3.780174 3.695187 3.630473 3.539961 3.45191 3.404488 3.449382 3.494678 3.49447 3.480552 3.471487 3.42407 3.372974 3.323733 3.292144 3.258734 3.200704 3.1707 3.172971 3.174207 3.125924 3.05075 2.984665 2.903644 2.76739 2.620633 2.488597 2.40022 2.392937 2.48168 2.714609 3.203311 3.883347 4.725399 5.611936 6.509106 7.361111 8.091017 8.658777 9.093989 9.478616 9.833361 10.19694 10.51844 10.70648 10.81765 10.85861 10.79263 10.61003 10.30702 9.974292 9.659576 9.354614 9.067875 8.807332 8.567529 8.332911 8.103217 7.896673 7.692511 7.525183
3.664948 3.579063 3.516444 3.527705 3.49856 3.43691 3.421608 3.495929 3.560638 3.602803 3.645968 3.657021 3.636646 3.603892 3.574505 3.523368 3.458337 3.377817 3.313939 3.267828 3.221638 3.160138 3.10723 3.065692 2.989253 2.851148 2.707387 2.620538 2.606467 2.597171 2.689847 2.994338 3.471844 4.238646 5.215117 6.183996 7.071743 7.842488 8.459727 8.914438 9.291443 9.638253 9.972101 10.30638 10.56884 10.72171 10.82139 10.84087 10.7597 10.49508 10.12835 9.750127 9.39852 9.087163 8.81111 8.575201 8.374814 8.184546 8.005053 7.832769 7.668643 7.539095
3.61625 3.568796 3.56398 3.599039 3.597404 3.58461 3.61635 3.678318 3.762112 3.842709 3.9091 3.957269 3.980006 3.980389 3.933303 3.868644 3.788286 3.696465 3.631327 3.556388 3.494758 3.434673 3.393085 3.351799 3.287225 3.194055 3.117656 3.099493 3.107006 3.143077 3.294695 3.615266 4.100327 4.907267 5.88375 6.808238 7.585427 8.220768 8.723514 9.112829 9.458055 9.786122 10.10345 10.38404 10.58913 10.72535 10.81128 10.81044 10.70401 10.37087 9.980957 9.568108 9.177178 8.842185 8.558594 8.334336 8.164272 8.013265 7.873679 7.738505 7.603413 7.498921
