py_wake/examples/data/AJ_ParqueFicticio/Ridge area   Sector 3   Height 200m   Weibull-A.grd
DSAA
90  129
 262878   265103
 6504214   6507414
 .3814402   7.804301
[rows 81 to 107 of 129, columns 0 to 61 of 90]
2.33388 2.345419 2.373291 2.396753 2.42065 2.454104 2.494872 2.544117 2.616741 2.696317 2.794712 2.920051 3.029538 3.098975 3.124791 3.143523 3.163694 3.160403 3.163797 3.165876 3.123299 3.097513 3.056375 3.007756 2.939273 2.865202 2.777914 2.711285 2.685405 2.705346 2.796182 3.009767 3.431708 4.042078 4.759107 5.405936 5.868768 6.197227 6.468918 6.707778 6.912685 7.124657 7.314785 7.383033 7.376238 7.31067 7.250667 7.197585 7.074172 6.79456 6.524587 6.226073 5.934864 5.66969 5.442101 5.264126 5.132987 5.027038 4.944 4.883215 4.827002 4.780875
2.567781 2.611521 2.658852 2.699076 2.741275 2.790081 2.849813 2.905881 2.951219 3.013878 3.120579 3.249163 3.369193 3.454946 3.491772 3.5088 3.507246 3.534414 3.605727 3.684358 3.664158 3.600102 3.524814 3.492541 3.48256 3.480269 3.449851 3.437556 3.478235 3.546331 3.682516 3.912105 4.295898 4.893046 5.455138 5.897693 6.23424 6.505142 6.767273 6.982875 7.164477 7.330267 7.433355 7.434219 7.389434 7.263 7.211195 7.137883 6.958098 6.677448 6.404711 6.09371 5.797205 5.525431 5.295984 5.113787 4.978428 4.870862 4.796617 4.752311 4.710072 4.674353
2.808007 2.875315 2.94786 3.007348 3.047669 3.106513 3.180694 3.20744 3.226928 3.297922 3.391388 3.478343 3.60805 3.721303 3.711859 3.67138 3.665946 3.726176 3.862176 4.017046 3.974091 3.891136 3.829615 3.831677 3.900275 3.986434 4.024826 4.083696 4.206088 4.321771 4.468436 4.724535 5.10009 5.547031 5.942443 6.2538 6.524699 6.782561 7.035086 7.227633 7.381246 7.486954 7.514532 7.475652 7.37786 7.224415 7.161529 7.061596 6.835747 6.574872 6.302566 5.991367 5.698856 5.42985 5.198421 5.005933 4.865412 4.758045 4.689214 4.646032 4.603882 4.577918
3.081546 3.169395 3.258551 3.326385 3.385909 3.442223 3.46562 3.464106 3.476651 3.529016 3.571891 3.600088 3.643483 3.667359 3.635099 3.594649 3.60407 3.679131 3.809811 3.938437 3.956594 3.924625 3.910031 3.949976 4.064266 4.242291 4.402708 4.556778 4.764792 4.944616 5.133475 5.400473 5.70531 6.009501 6.291684 6.540606 6.777406 7.034204 7.263821 7.435808 7.559904 7.611802 7.5767 7.499565 7.350102 7.182716 7.096447 6.959363 6.715792 6.480235 6.21745 5.927308 5.654324 5.390997 5.155658 4.953938 4.810854 4.703066 4.629699 4.570389 4.521718 4.498101
3.369688 3.458269 3.532469 3.59182 3.653902 3.672208 3.652916 3.634564 3.635864 3.644663 3.619345 3.553041 3.463808 3.37384 3.311186 3.29165 3.30839 3.368901 3.459 3.560263 3.63931 3.680666 3.730341 3.834669 4.016133 4.284493 4.576826 4.853137 5.138884 5.362999 5.607241 5.870743 6.109333 6.340224 6.571732 6.792983 7.014944 7.259376 7.458138 7.608053 7.699949 7.70801 7.625363 7.502284 7.310706 7.122696 7.004678 6.833641 6.608899 6.397707 6.14934 5.887108 5.634641 5.379909 5.142868 4.935554 4.796362 4.687349 4.6013 4.522401 4.459828 4.423219
3.597245 3.670713 3.729926 3.783829 3.828337 3.809534 3.751317 3.687943 3.640602 3.594641 3.490272 3.333038 3.158317 2.995955 2.881363 2.850784 2.879249 2.922457 2.979202 3.06108 3.158233 3.257411 3.37978 3.584638 3.8545 4.209325 4.628253 5.025979 5.384354 5.662488 5.923866 6.171744 6.384734 6.60354 6.814363 7.011523 7.222501 7.443041 7.609922 7.731849 7.779904 7.744807 7.628623 7.458123 7.221071 7.006798 6.865413 6.69811 6.510787 6.320012 6.088901 5.856932 5.621168 5.377808 5.146883 4.941755 4.807797 4.691822 4.586362 4.489194 4.414382 4.360629
3.759739 3.812216 3.848262 3.877145 3.878571 3.812786 3.711434 3.597963 3.485091 3.362736 3.199533 3.002946 2.795846 2.588841 2.436227 2.353021 2.347023 2.389726 2.454123 2.527907 2.650292 2.787879 3.000869 3.33933 3.718405 4.156471 4.704909 5.194594 5.594394 5.903358 6.16386 6.39449 6.617275 6.838406 7.025169 7.205128 7.399372 7.584487 7.717791 7.798635 7.794152 7.711683 7.558294 7.351096 7.077543 6.866851 6.727376 6.574084 6.414412 6.23807 6.026983 5.819798 5.604054 5.385511 5.170476 4.973336 4.839835 4.724419 4.612667 4.505007 4.427529 4.36331
3.848902 3.873974 3.885455 3.87648 3.820031 3.712299 3.576636 3.421272 3.248747 3.048351 2.829435 2.601808 2.377584 2.151594 1.982432 1.858438 1.791765 1.816524 1.896286 2.030376 2.191871 2.414986 2.707827 3.168542 3.701429 4.256866 4.873203 5.397058 5.808379 6.116483 6.371155 6.600441 6.832241 7.037759 7.203609 7.366044 7.536441 7.679289 7.772032 7.804301 7.752173 7.628384 7.45029 7.225541 6.942436 6.724709 6.584191 6.43684 6.289734 6.130796 5.950658 5.771638 5.58732 5.401954 5.206166 5.0215 4.888489 4.780784 4.673613 4.563871 4.483285 4.414559
3.892569 3.888993 3.876193 3.829191 3.710512 3.548983 3.372447 3.181376 2.961021 2.721315 2.466819 2.21449 1.965308 1.736085 1.560369 1.416851 1.310816 1.338196 1.464654 1.625659 1.821458 2.113377 2.488001 3.059161 3.761771 4.453433 5.093607 5.61939 6.023539 6.318522 6.571354 6.805798 7.035383 7.21638 7.362731 7.503675 7.642214 7.732597 7.772349 7.751494 7.652582 7.493586 7.286795 7.035404 6.73348 6.529602 6.397285 6.267242 6.148726 6.014035 5.86939 5.726655 5.576118 5.419061 5.241437 5.07306 4.944721 4.848433 4.753873 4.646893 4.559164 4.489305
3.901361 3.866761 3.839194 3.757302 3.580747 3.370183 3.147103 2.928238 2.690225 2.445799 2.188539 1.925743 1.66297 1.442401 1.306498 1.215561 1.144361 1.153062 1.241512 1.358956 1.561358 1.890275 2.319662 2.990577 3.866696 4.68363 5.348013 5.85868 6.232363 6.515116 6.769531 7.005787 7.215043 7.36471 7.488718 7.60358 7.701186 7.730751 7.709568 7.619861 7.458911 7.255948 7.026613 6.769519 6.467915 6.325971 6.207316 6.10068 6.003644 5.893815 5.784268 5.679298 5.558334 5.413301 5.24756 5.097231 4.985548 4.904485 4.827188 4.724985 4.635045 4.56354
3.854311 3.796324 3.734813 3.61951 3.41927 3.183834 2.947221 2.726847 2.503171 2.275466 2.046973 1.802765 1.541703 1.330426 1.222351 1.186549 1.152723 1.158771 1.236699 1.341498 1.540585 1.960182 2.448176 3.255217 4.241368 5.040564 5.644044 6.101598 6.430123 6.69662 6.945841 7.16613 7.341105 7.454786 7.549545 7.633526 7.679807 7.649786 7.550765 7.376364 7.159948 6.960917 6.738698 6.483006 6.244822 6.111215 6.008661 5.9217 5.842991 5.769009 5.694755 5.616971 5.508345 5.359935 5.201161 5.074727 4.990055 4.926596 4.860714 4.772517 4.697402 4.634707
3.74138 3.676984 3.58586 3.43353 3.232985 3.010344 2.78328 2.57514 2.381675 2.200561 2.015883 1.816746 1.623184 1.454246 1.35269 1.33199 1.310149 1.357373 1.483841 1.623142 1.943234 2.536951 3.223064 4.079948 4.907691 5.521182 5.973438 6.336939 6.623342 6.868518 7.097005 7.285222 7.421124 7.495032 7.551363 7.589044 7.567753 7.478298 7.30806 7.065784 6.840937 6.624917 6.394637 6.176419 6.0101 5.894934 5.813537 5.750916 5.69611 5.643234 5.585301 5.516569 5.409463 5.26121 5.115235 5.012942 4.952569 4.903044 4.850395 4.793989 4.74771 4.70583
3.612067 3.554632 3.444771 3.288444 3.083704 2.86523 2.649135 2.469976 2.316754 2.199838 2.089319 1.972209 1.858864 1.75969 1.728399 1.723675 1.720673 1.82628 2.021081 2.315364 2.862711 3.542723 4.293483 4.993553 5.532815 5.940431 6.272058 6.562471 6.80865 7.032493 7.229906 7.379114 7.47459 7.508015 7.516624 7.494699 7.405171 7.256084 7.025799 6.738806 6.477407 6.286911 6.113133 5.945063 5.790324 5.685267 5.618412 5.581028 5.545967 5.507326 5.460308 5.403152 5.296613 5.150022 5.019195 4.934307 4.887395 4.854683 4.82823 4.810713 4.794755 4.773055
3.506981 3.42233 3.346024 3.226614 3.05374 2.837698 2.605064 2.448478 2.379169 2.317465 2.268258 2.246246 2.208063 2.187702 2.240034 2.300361 2.387941 2.571355 2.848855 3.283615 3.859358 4.516553 5.101112 5.554718 5.914384 6.213193 6.497097 6.75394 6.972948 7.172733 7.332475 7.438953 7.486924 7.46888 7.425442 7.33537 7.18663 6.982362 6.705832 6.481316 6.279291 6.087554 5.913135 5.749178 5.600336 5.502089 5.447839 5.418509 5.390105 5.362425 5.329606 5.279049 5.16941 5.033999 4.913256 4.835503 4.804074 4.792144 4.793399 4.808297 4.824611 4.826514
3.400739 3.334707 3.289134 3.221483 3.090723 2.913606 2.750345 2.642616 2.634367 2.617985 2.613672 2.667362 2.703337 2.765211 2.889037 3.012072 3.177111 3.408827 3.737651 4.160597 4.654126 5.141176 5.559191 5.88801 6.165409 6.427044 6.685876 6.90726 7.100902 7.268824 7.386417 7.446686 7.446133 7.384997 7.297278 7.156612 6.964858 6.719279 6.493528 6.313202 6.113312 5.932047 5.763573 5.595756 5.439379 5.339842 5.287808 5.263983 5.246168 5.230586 5.204426 5.153676 5.051906 4.919692 4.807816 4.735754 4.715744 4.721565 4.745325 4.781435 4.819004 4.838738
3.298327 3.276824 3.262579 3.243571 3.17046 3.085897 3.007571 2.963621 3.013402 3.045367 3.10265 3.197776 3.30582 3.439951 3.576707 3.733238 3.925411 4.190259 4.5106 4.861614 5.219563 5.566764 5.87943 6.143045 6.377357 6.619431 6.841446 7.022494 7.187802 7.319857 7.394731 7.413807 7.365583 7.266278 7.137557 6.958658 6.733211 6.459277 6.323905 6.154782 5.974283 5.804598 5.635425 5.459826 5.298681 5.193939 5.143189 5.127814 5.116339 5.102408 5.072106 5.02733 4.941252 4.815542 4.709207 4.641429 4.625505 4.63728 4.671111 4.720796 4.771237 4.80617
3.167178 3.231481 3.27625 3.293667 3.290407 3.285429 3.272973 3.306166 3.409061 3.50193 3.609282 3.705679 3.825796 3.979607 4.152205 4.337659 4.545896 4.801892 5.084915 5.35607 5.625079 5.892875 6.147882 6.355568 6.554836 6.764637 6.943357 7.091889 7.225319 7.319478 7.349199 7.327187 7.23688 7.106649 6.943723 6.735104 6.486596 6.278629 6.157976 6.01589 5.85194 5.687341 5.515876 5.338176 5.17075 5.058644 5.008813 4.996164 4.981661 4.969884 4.948352 4.919027 4.838142 4.717604 4.613935 4.548447 4.532211 4.540517 4.581566 4.64808 4.715068 4.766666
3.08077 3.13831 3.212618 3.275318 3.338029 3.390608 3.4285 3.517281 3.63464 3.757187 3.892439 4.047053 4.211782 4.391477 4.59093 4.801511 5.008942 5.236396 5.46667 5.68893 5.913656 6.130954 6.333957 6.502611 6.671361 6.838003 6.976216 7.095757 7.199084 7.260856 7.255911 7.199266 7.081296 6.924488 6.732412 6.503765 6.244945 6.099243 5.999978 5.880338 5.742404 5.594851 5.429559 5.251366 5.080603 4.954852 4.895134 4.875687 4.857852 4.85061 4.837089 4.816249 4.734694 4.623877 4.52456 4.458841 4.434239 4.438125 4.482306 4.568476 4.658238 4.72849
3.08975 3.157143 3.230652 3.287505 3.375253 3.457294 3.53455 3.673062 3.834792 3.99578 4.159399 4.333856 4.522277 4.71472 4.91101 5.111109 5.310314 5.512151 5.701468 5.887539 6.073114 6.257041 6.421498 6.563739 6.705176 6.834942 6.939746 7.036928 7.11865 7.154779 7.125308 7.042254 6.901333 6.719592 6.509035 6.276057 6.02273 5.925564 5.848717 5.757907 5.658551 5.533029 5.377461 5.202657 5.033505 4.898644 4.824497 4.790466 4.76541 4.749463 4.732287 4.709347 4.637254 4.53864 4.444743 4.381211 4.349871 4.351192 4.392911 4.478224 4.578217 4.662274
1.70141E+38 1.70141E+38 1.70141E+38 1.70141E+38 1.70141E+38 1.70141E+38 1.70141E+38 1.70141E+38 1.70141E+38 1.70141E+38 1.70141E+38 1.70141E+38 1.70141E+38 1.70141E+38 1.70141E+38 1.70141E+38 1.70141E+38 1.70141E+38 1.70141E+38 1.70141E+38 1.70141E+38 1.70141E+38 1.70141E+38 1.70141E+38 1.70141E+38 1.70141E+38 1.70141E+38 1.70141E+38 1.70141E+38 1.70141E+38 1.70141E+38 1.70141E+38 1.70141E+38 1.70141E+38 1.70141E+38 1.70141E+38 1.70141E+38 1.70141E+38 1.70141E+38 1.70141E+38 1.70141E+38 1.70141E+38 1.70141E+38 1.70141E+38 1.70141E+38 1.70141E+38 1.70141E+38 1.70141E+38 1.70141E+38 1.70141E+38 1.70141E+38 1.70141E+38 1.70141E+38 1.70141E+38 1.70141E+38 1.70141E+38 1.70141E+38 1.70141E+38 1.70141E+38 1.70141E+38 1.70141E+38 1.70141E+38
1.70141E+38 1.70141E+38 1.70141E+38 1.70141E+38 1.70141E+38 1.70141E+38 1.70141E+38 1.70141E+38 1.70141E+38 1.70141E+38 1.70141E+38 1.70141E+38 1.70141E+38 1.70141E+38 1.70141E+38 1.70141E+38 1.70141E+38 1.70141E+38 1.70141E+38 1.70141E+38 1.70141E+38 1.70141E+38 1.70141E+38 1.70141E+38 1.70141E+38 1.70141E+38 1.70141E+38 1.70141E+38 1.70141E+38 1.70141E+38 1.70141E+38 1.70141E+38 1.70141E+38 1.70141E+38 1.70141E+38 1.70141E+38 1.70141E+38 1.70141E+38 1.70141E+38 1.70141E+38 1.70141E+38 1.70141E+38 1.70141E+38 1.70141E+38 1.70141E+38 1.70141E+38 1.70141E+38 1.70141E+38 1.70141E+38 1.70141E+38 1.70141E+38 1.70141E+38 1.70141E+38 1.70141E+38 1.70141E+38 1.70141E+38 1.70141E+38 1.70141E+38 1.70141E+38 1.70141E+38 1.70141E+38 1.70141E+38
1.70141E+38 1.70141E+38 1.70141E+38 1.70141E+38 1.70141E+38 1.70141E+38 1.70141E+38 1.70141E+38 1.70141E+38 1.70141E+38 1.70141E+38 1.70141E+38 1.70141E+38 1.70141E+38 1.70141E+38 1.70141E+38 1.70141E+38 1.70141E+38 1.70141E+38 1.70141E+38 1.70141E+38 1.70141E+38 1.70141E+38 1.70141E+38 1.70141E+38 1.70141E+38 1.70141E+38 1.70141E+38 1.70141E+38 1.70141E+38 1.70141E+38 1.70141E+38 1.70141E+38 1.70141E+38 1.70141E+38 1.70141E+38 1.70141E+38 1.70141E+38 1.70141E+38 1.70141E+38 1.70141E+38 1.70141E+38 1.70141E+38 1.70141E+38 1.70141E+38 1.70141E+38 1.70141E+38 1.70141E+38 1.70141E+38 1.70141E+38 1.70141E+38 1.70141E+38 1.70141E+38 1.70141E+38 1.70141E+38 1.70141E+38 1.70141E+38 1.70141E+38 1.70141E+38 1.70141E+38 1.70141E+38 1.70141E+38
1.70141E+38 1.70141E+38 1.70141E+38 1.70141E+38 1.70141E+38 1.70141E+38 1.70141E+38 1.70141E+38 1.70141E+38 1.70141E+38 1.70141E+38 1.70141E+38 1.70141E+38 1.70141E+38 1.70141E+38 1.70141E+38 1.70141E+38 1.70141E+38 1.70141E+38 1.70141E+38 1.70141E+38 1.70141E+38 1.70141E+38 1.70141E+38 1.70141E+38 1.70141E+38 1.70141E+38 1.70141E+38 1.70141E+38 1.70141E+38 1.70141E+38 1.70141E+38 1.70141E+38 1.70141E+38 1.70141E+38 1.70141E+38 1.70141E+38 1.70141E+38 1.70141E+38 1.70141E+38 1.70141E+38 1.70141E+38 1.70141E+38 1.70141E+38 1.70141E+38 1.70141E+38 1.70141E+38 1.70141E+38 1.70141E+38 1.70141E+38 1.70141E+38 1.70141E+38 1.70141E+38 1.70141E+38 1.70141E+38 1.70141E+38 1.70141E+38 1.70141E+38 1.70141E+38 1.70141E+38 1.70141E+38 1.70141E+38
1.70141E+38 1.70141E+38 1.70141E+38 1.70141E+38 1.70141E+38 1.70141E+38 1.70141E+38 1.70141E+38 1.70141E+38 1.70141E+38 1.70141E+38 1.70141E+38 1.70141E+38 1.70141E+38 1.70141E+38 1.70141E+38 1.70141E+38 1.70141E+38 1.70141E+38 1.70141E+38 1.70141E+38 1.70141E+38 1.70141E+38 1.70141E+38 1.70141E+38 1.70141E+38 1.70141E+38 1.70141E+38 1.70141E+38 1.70141E+38 1.70141E+38 1.70141E+38 1.70141E+38 1.70141E+38 1.70141E+38 1.70141E+38 1.70141E+38 1.70141E+38 1.70141E+38 1.70141E+38 1.70141E+38 1.70141E+38 1.70141E+38 1.70141E+38 1.70141E+38 1.70141E+38 1.70141E+38 1.70141E+38 1.70141E+38 1.70141E+38 1.70141E+38 1.70141E+38 1.70141E+38 1.70141E+38 1.70141E+38 1.70141E+38 1.70141E+38 1.70141E+38 1.70141E+38 1.70141E+38 1.70141E+38 1.70141E+38
1.70141E+38 1.70141E+38 1.70141E+38 1.70141E+38 1.70141E+38 1.70141E+38 1.70141E+38 1.70141E+38 1.70141E+38 1.70141E+38 1.70141E+38 1.70141E+38 1.70141E+38 1.70141E+38 1.70141E+38 1.70141E+38 1.70141E+38 1.70141E+38 1.70141E+38 1.70141E+38 1.70141E+38 1.70141E+38 1.70141E+38 1.70141E+38 1.70141E+38 1.70141E+38 1.70141E+38 1.70141E+38 1.70141E+38 1.70141E+38 1.70141E+38 1.70141E+38 1.70141E+38 1.70141E+38 1.70141E+38 1.70141E+38 1.70141E+38 1.70141E+38 1.70141E+38 1.70141E+38 1.70141E+38 1.70141E+38 1.70141E+38 1.70141E+38 1.70141E+38 1.70141E+38 1.70141E+38 1.70141E+38 1.70141E+38 1.70141E+38 1.70141E+38 1.70141E+38 1.70141E+38 1.70141E+38 1.70141E+38 1.70141E+38 1.70141E+38 1.70141E+38 1.70141E+38 1.70141E+38 1.70141E+38 1.70141E+38
1.70141E+38 1.70141E+38 1.70141E+38 1.70141E+38 1.70141E+38 1.70141E+38 1.70141E+38 1.70141E+38 1.70141E+38 1.70141E+38 1.70141E+38 1.70141E+38 1.70141E+38 1.70141E+38 1.70141E+38 1.70141E+38 1.70141E+38 1.70141E+38 1.70141E+38 1.70141E+38 1.70141E+38 1.70141E+38 1.70141E+38 1.70141E+38 1.70141E+38 1.70141E+38 1.70141E+38 1.70141E+38 1.70141E+38 1.70141E+38 1.70141E+38 1.70141E+38 1.70141E+38 1.70141E+38 1.70141E+38 1.70141E+38 1.70141E+38 1.70141E+38 1.70141E+38 1.70141E+38 1.70141E+38 1.70141E+38 1.70141E+38 1.70141E+38 1.70141E+38 1.70141E+38 1.70141E+38 1.70141E+38 1.70141E+38 1.70141E+38 1.70141E+38 1.70141E+38 1.70141E+38 1.70141E+38 1.70141E+38 1.70141E+38 1.70141E+38 1.70141E+38 1.70141E+38 1.70141E+38 1.70141E+38 1.70141E+38
1.70141E+38 1.70141E+38 1.70141E+38 1.70141E+38 1.70141E+38 1.70141E+38 1.70141E+38 1.70141E+38 1.70141E+38 1.70141E+38 1.70141E+38 1.70141E+38 1.70141E+38 1.70141E+38 1.70141E+38 1.70141E+38 1.70141E+38 1.70141E+38 1.70141E+38 1.70141E+38 1.70141E+38 1.70141E+38 1.70141E+38 1.70141E+38 1.70141E+38 1.70141E+38 1.70141E+38 1.70141E+38 1.70141E+38 1.70141E+38 1.70141E+38 1.70141E+38 1.70141E+38 1.70141E+38 1.70141E+38 1.70141E+38 1.70141E+38 1.70141E+38 1.70141E+38 1.70141E+38 1.70141E+38 1.70141E+38 1.70141E+38 1.70141E+38 1.70141E+38 1.70141E+38 1.70141E+38 1.70141E+38 1.70141E+38 1.70141E+38 1.70141E+38 1.70141E+38 1.70141E+38 1.70141E+38 1.70141E+38 1.70141E+38 1.70141E+38 1.70141E+38 1.70141E+38 1.70141E+38 1.70141E+38 1.70141E+38
