py_wake/examples/data/AJ_ParqueFicticio/Ridge area   Sector 8   Height 30m   Power density.grd
DSAA
90  129
 262878   265103
 6504214   6507414
 .03522964   565.9951
[rows 54 to 80 of 129, columns 0 to 61 of 90]
195.5428 192.0484 187.3996 180.919 173.2861 162.9986 152.1375 142.4325 133.0911 124.897 119.8907 116.8357 116.8224 115.2883 111.2576 106.2185 101.4651 98.35565 95.46661 93.74314 94.73569 96.88418 100.0763 103.514 107.0218 108.559 109.281 112.0925 112.3097 112.4202 116.0385 120.7589 126.3856 133.355 139.4922 146.7401 157.4201 170.2328 185.3047 203.6888 225.1219 249.3602 272.2144 292.9894 315.7408 329.7812 332.2389 327.647 318.2648 304.5558 287.7359 264.9629 238.6946 211.1013 181.7655 159.8286 147.2051 146.4026 157.8308 182.9773 221.8194 264.7286
202.8548 201.1941 198.1362 193.0561 183.9558 172.8664 162.1872 152.6429 143.8169 137.7411 134.8562 132.8144 130.5723 126.4767 121.4653 115.6202 110.268 105.561 101.5221 99.17525 98.98942 100.8964 103.3739 106.6359 111.1246 114.8206 118.4063 121.8544 124.4656 127.3964 131.064 136.8092 142.3406 146.3557 149.7397 155.3314 165.9012 178.5076 192.2726 209.2593 230.5956 255.6022 278.7221 301.5096 322.8111 333.5671 336.8967 334.1014 327.282 315.0089 299.0867 279.5611 257.0003 234.3395 212.6003 195.893 187.3534 189.4397 201.8784 225.8997 256.8528 286.493
212.8746 213.2818 212.2483 207.3642 196.9019 185.9144 174.4971 164.5815 156.7505 151.7036 150.1681 151.611 150.3233 144.8843 137.6711 129.7309 122.4703 115.53 109.7313 105.5067 105.2076 107.0495 109.2839 113.4794 119.4562 125.3889 130.6221 135.6011 139.4023 143.5822 148.7531 154.9601 160.6872 164.1256 167.8214 174.0002 182.6347 192.9835 204.4296 220.2923 241.8773 265.9442 288.9572 312.2842 329.5105 338.0135 342.0441 340.2773 334.3548 325.7466 311.8055 294.5274 275.5319 256.8799 237.9806 224.7888 221.8869 226.5158 237.7681 256.2961 279.4065 301.9325
225.7649 226.5081 226.1197 221.5856 212.5618 201.0442 189.6154 181.3261 174.4173 169.8572 167.8529 170.9027 172.2651 169.5549 161.3199 151.3169 141.1431 132.4036 124.1332 117.9163 116.2069 117.8868 119.8972 124.1638 131.0162 138.8146 145.8057 152.1297 157.202 163.0191 169.3199 175.837 181.6826 187.2695 193.56 200.2119 207.8332 215.2016 224.7215 239.7254 261.1326 283.6136 305.6431 326.038 337.1143 344.9387 349.2949 347.4237 342.2428 336.7131 326.8758 312.9366 297.3737 281.0243 265.975 254.0722 251.4754 256.147 265.3021 279.7522 296.9371 310.9363
237.517 239.0344 238.6147 233.836 226.4073 217.3005 207.6567 198.9155 192.456 189.7034 189.7917 191.972 192.9637 189.873 182.1627 173.302 163.6894 154.4394 144.5115 137.7516 136.0359 136.3301 136.9824 139.802 147.1861 155.8784 164.1705 171.3696 178.7213 186.0921 193.3948 201.1043 208.7701 216.2558 223.553 231.5184 239.4133 247.1595 257.6808 271.7764 289.5462 308.8566 328.2989 340.9272 348.0407 355.4269 358.9921 357.4855 352.676 347.6375 341.0964 331.5684 319.4187 308.0229 296.9053 287.5707 282.5934 284.6308 290.0872 297.2588 304.0655 307.0788
250.3403 252.8804 253.6973 250.8914 245.2499 236.8859 228.2416 220.6257 215.2606 212.468 212.4025 214.3253 215.2191 211.244 202.9139 193.7227 184.5363 175.2668 166.7921 160.6344 158.5743 158.1705 160.0003 164.7509 171.7368 179.3198 187.3424 194.8263 203.125 211.7911 220.8745 230.6046 240.9465 249.9819 258.579 268.0035 276.2414 285.1463 296.3502 309.2062 322.3744 338.3219 350.0004 356.954 363.2044 370.7237 374.4354 371.9662 366.2016 360.205 353.9899 347.5555 339.7077 331.9009 324.6297 317.334 312.107 309.3599 308.5812 305.3085 299.5382 291.8298
266.2944 270.5154 273.1936 272.6176 268.1953 261.2275 254.0958 248.2527 243.072 239.2896 238.6118 239.9334 239.728 235.4564 227.8313 219.9208 210.9022 200.7656 191.1101 183.935 183.2527 184.1598 186.3996 192.3235 200.4211 209.0332 217.8213 225.7737 234.2046 242.6576 251.7644 262.6991 275.2863 285.2548 295.0761 304.8339 312.541 321.1375 331.2646 340.4445 350.789 361.8056 366.6505 371.8116 379.2625 387.9731 389.6091 385.888 380.5148 372.5118 364.8701 359.6015 355.6212 351.0329 345.9992 340.4801 333.4309 325.6164 316.1624 303.1516 285.4997 269.3775
287.0226 291.2278 294.3322 295.4685 292.2487 286.9129 281.9225 276.7231 271.9529 267.4031 265.9111 265.791 265.9247 263.1248 256.8399 249.0394 240.0586 230.0751 220.5384 213.9734 212.3192 213.2722 215.7244 222.5737 231.9205 241.3565 249.6849 257.7072 266.7451 276.4961 286.2494 297.3811 307.1671 315.3705 325.7527 334.1676 340.9058 349.0826 356.3901 362.8826 370.5844 375.8821 377.8594 381.6043 389.8757 395.5731 392.4048 387.1579 384.4826 378.8132 371.6524 367.363 365.9825 363.8416 359.2313 352.4424 341.2318 326.4765 309.6128 289.7338 261.9757 239.0415
309.881 313.6471 317.3577 320.9868 319.7866 316.5501 311.9491 306.9372 302.4221 298.584 297.0103 295.9615 293.0477 287.4059 281.631 275.0939 269.0103 262.3234 255.8627 251.1174 249.2016 250.695 253.3926 259.4303 268.1452 277.6443 284.9148 291.0881 298.5833 307.8406 316.4445 326.3811 334.3743 341.1041 347.8819 354.3837 360.6308 366.9759 371.1444 375.7506 380.5626 382.575 383.5137 386.5633 392.9782 392.8786 386.6379 381.7671 380.099 379.5428 377.1404 373.9747 372.3668 370.2006 365.1445 355.8165 340.0017 319.1729 295.2549 270.0687 234.4189 204.8071
330.8564 336.1241 342.1915 346.1864 344.9523 341.409 337.4467 332.8553 328.4395 323.7675 319.3207 314.8041 310.6249 306.954 304.5046 302.4613 299.0443 294.7064 290.2872 288.8916 289.9039 291.8116 295.1703 299.3312 307.6764 313.415 316.5144 321.3458 327.7795 334.5808 341.8905 349.0527 353.9513 359.1668 362.5427 366.4088 371.0816 375.2107 377.52 379.8276 382.1744 382.8434 383.7135 386.5089 390.6201 386.3156 379.6743 375.351 374.4749 377.0738 379.6422 379.7374 377.7302 374.5996 368.5876 356.821 337.3086 310.9702 281.7253 250.6771 211.0309 177.3199
344.9889 350.6105 356.3901 357.0199 353.5502 349.0549 344.9069 340.5648 336.597 332.3994 328.3736 324.7192 321.6084 320.0067 320.1404 319.6164 316.8813 315.2201 315.936 320.338 322.8439 323.5647 325.5123 331.4651 337.549 339.3751 340.6512 345.5992 349.9988 353.7319 359.6646 363.7714 366.6599 369.0398 369.2681 371.0265 373.9169 375.0283 375.016 375.2426 376.1576 375.7031 375.7802 378.0453 380.7129 377.6584 371.9218 368.5258 368.966 372.7153 378.5119 382.8307 380.6852 376.2635 370.1757 357.0172 334.7321 304.3805 270.3275 234.6565 196.5296 161.9446
348.363 353.956 358.6791 358.1867 354.678 351.1015 346.9797 342.9183 337.9937 333.2136 328.529 324.1103 320.4956 319.2093 320.1064 320.9087 321.5616 323.4418 327.2374 332.7242 335.498 337.6212 341.8433 348.028 351.5832 353.2734 355.2877 359.4094 361.6143 363.7206 366.849 367.8987 368.4245 366.8393 364.1591 364.8097 364.3558 362.3919 360.2211 359.4107 359.6105 359.5935 359.6237 361.4554 365.7486 366.5222 364.0445 362.3907 363.8113 368.2727 375.8107 381.8848 380.8862 374.6254 367.5749 354.5816 329.8491 297.1897 261.2063 223.6144 188.6128 156.4187
342.9991 348.4467 351.9766 352.5108 349.6331 345.3661 340.947 334.9597 328.1384 320.4102 313.255 306.8027 302.4902 302.0035 305.1122 309.3286 312.4863 316.5538 321.4467 326.9749 331.9814 336.7425 342.0321 347.585 351.8735 355.1543 358.4977 361.4378 362.2629 362.2309 362.417 360.9292 357.7176 352.4307 349.464 347.0793 343.5539 338.6057 335.445 334.6194 334.9518 336.6536 339.043 341.8493 347.1183 353.4854 357.1142 357.1911 359.5148 364.8715 372.2383 378.6237 377.3847 369.9109 361.874 350.0601 324.8745 291.5216 254.771 215.8641 179.1673 151.9221
332.1155 336.1964 339.2449 339.8528 338.024 333.9555 327.6244 319.2303 308.3223 297.419 287.7396 279.4964 275.3156 276.4985 282.1193 290.3438 295.381 299.4366 304.3271 310.7099 317.1651 322.527 328.5916 334.7437 340.0061 344.4116 347.4792 349.7635 349.1656 348.1736 347.1207 343.6 337.1642 330.4942 326.9713 323.0287 316.3523 309.6965 306.0267 305.5574 307.5148 311.6823 317.5023 323.0395 330.614 340.9535 349.3856 353.0117 356.7872 362.1465 369.5213 376.2681 373.6476 365.2751 356.5909 346.2518 320.9092 288.3658 250.9088 210.3492 171.7891 142.6064
316.0359 318.76 320.254 319.7371 317.2523 313.675 306.8531 295.8737 281.3889 267.2581 255.9647 247.9499 244.9968 248.3542 255.4582 264.1039 272.0244 276.5926 281.2928 288.1203 295.549 301.4127 306.9437 313.218 317.8434 319.8396 321.8595 322.205 321.0308 319.2573 316.6086 312.2362 306.0686 300.3972 296.2765 291.5299 285.1559 278.4541 274.6936 275.1335 279.8708 286.4344 295.5952 306.1906 316.2193 327.9129 340.3636 349.7499 355.0221 360.8067 368.5302 374.6131 371.4116 361.4602 351.446 340.7661 314.2848 281.5737 244.2827 203.6784 163.9214 133.4108
297.0173 297.1973 296.581 293.1379 287.3615 280.494 271.748 259.7336 245.7793 232.5267 221.1749 213.6326 212.125 216.4241 224.4039 233.9372 242.3688 248.7681 254.8347 261.0324 267.2271 273.8149 278.4514 282.2153 284.9599 287.3408 287.3653 285.2161 283 280.6498 276.1768 274.6183 270.7437 264.9563 259.3863 253.8288 248.6191 243.9729 242.5566 244.6807 251.4994 260.7829 272.8487 289.1011 303.2739 316.629 331.2516 345.9952 355.2123 361.7611 368.8246 374.0939 368.8748 355.9504 343.5433 328.7903 297.8083 263.989 227.5394 188.7618 151.4849 122.3183
274.7405 272.2584 268.6403 262.0771 253.5153 244.3256 233.4396 219.9933 204.1369 188.6127 175.3114 165.9441 162.5066 167.92 179.9285 193.272 203.733 212.1572 221.3637 229.8529 235.7634 240.7738 245.5321 248.1849 250.4539 250.9555 249.9909 246.0491 242.6244 239.4926 237.9131 235.9101 231.3871 224.5547 217.4653 209.5173 201.0079 195.1926 196.5514 207.6103 220.0081 233.4375 250.3915 271.1645 293.3721 309.1541 325.6806 343.2352 356.3907 364.075 370.1489 373.1549 364.6763 349.0495 332.9152 313.0936 279.7516 246.0507 210.2449 172.8442 137.6923 110.2143
248.773 244.8426 240.3183 232.5901 220.9978 208.9759 194.4732 175.8637 152.784 131.3195 115.3316 102.4781 95.2172 100.8906 113.9492 129.9826 141.5644 153.4507 166.5608 178.9385 190.1468 198.9691 204.5724 207.8618 210.0269 209.5214 207.5745 204.4405 201.3664 197.8254 194.5367 190.5009 184.0073 175.4294 166.4365 156.5513 147.1198 136.3931 132.1636 151.5002 180.9984 202.9141 226.4363 254.0032 283.7773 305.0276 323.1174 342.0346 358.1122 367.0084 370.7715 369.7436 357.3441 339.5591 320.9234 296.822 263.9409 230.5426 195.3386 159.3256 125.0207 98.40575
223.2573 219.2537 214.778 205.982 191.3887 173.6913 152.481 126.0233 98.91035 76.81697 60.82864 49.3648 41.8359 41.88146 49.13918 58.07157 66.07958 75.35436 86.73634 100.2637 116.2214 132.875 144.0948 149.771 154.3786 156.4986 156.3754 153.1007 149.2589 144.1399 139.7832 136.2565 130.351 122.0511 112.2218 105.1723 103.3902 96.79696 90.82465 106.4536 143.8336 176.1413 205.6993 240.1005 275.8257 304.3871 322.9575 341.538 356.4241 361.9677 360.8398 354.1966 340.5463 323.6739 304.0188 278.7288 248.5989 215.8747 181.751 147.2307 68.24384 70.45991
195.5401 189.6198 183.2827 172.3706 156.0074 137.4628 116.6932 91.8195 65.97291 46.50021 33.24285 24.06573 18.14205 16.05151 16.67385 19.42655 22.59928 27.85385 33.7512 41.78265 53.06826 64.85767 75.61935 82.8122 87.04093 89.79752 91.33208 90.26772 88.56819 85.51169 83.4008 80.62444 80.45248 78.88494 73.67561 72.17673 75.93118 77.24535 79.94366 92.86425 127.1723 163.0639 196.9442 234.8883 274.2178 307.0495 324.4547 339.9517 350.3655 350.3521 343.9313 334.5725 321.7769 305.9636 285.7509 261.0373 233.5433 201.6045 169.1077 135.9935 24.39747 32.86345
164.8255 157.2417 147.3954 132.2099 113.5893 95.37521 78.55673 61.65162 46.45071 34.61588 24.98165 18.43457 14.47379 12.60814 11.87165 11.28984 11.79158 13.14915 14.97091 18.74814 24.64297 29.47358 33.09516 37.66677 41.07094 42.66344 42.33708 41.8378 40.72812 40.60134 40.9768 40.14852 43.34565 48.69473 51.00801 54.27792 60.51308 68.43938 78.1842 93.76463 125.7835 161.4955 199.1096 239.2947 279.8075 312.2678 326.179 338.2633 343.0991 337.8846 328.2825 318.0428 304.7817 287.2827 265.5432 242.4093 215.9765 186.2529 155.8936 125.158 95.25014 33.11945
137.8622 127.1788 113.3052 96.42757 76.95168 58.88155 45.31645 38.14173 36.99817 33.67661 27.95986 21.8544 16.63343 13.84853 13.25357 12.27825 10.87634 10.70154 11.77881 14.08243 17.41533 19.54288 20.16416 20.56148 22.46784 24.57956 24.30137 22.03955 19.92747 20.9684 22.26019 21.76148 24.20957 31.78458 39.34192 46.94808 56.55047 68.26699 80.90823 100.1831 133.3827 169.9249 208.4071 248.1118 288.6445 318.1198 328.5654 336.1096 335.1298 325.0462 312.8352 300.6488 283.858 261.599 239.3966 218.3656 193.0361 166.7091 140.9919 114.3791 87.27444 41.69855
116.6238 105.495 90.97222 74.56477 57.34769 42.40068 33.01822 31.79425 37.71787 38.62337 35.69995 30.30156 24.33959 20.33809 19.04207 17.14997 14.5984 13.28845 13.70464 15.28018 16.80634 17.37253 17.21333 16.82364 17.57553 19.06903 19.04193 17.63843 16.00586 16.47756 18.06112 18.44798 20.58793 28.213 37.74519 48.76026 61.76459 76.9248 92.4636 116.6438 151.2895 188.5392 226.9462 264.2232 302.4452 326.2931 332.2039 334.4942 326.4413 311.0513 294.9412 275.6614 250.9364 224.6366 202.0377 181.6122 160.204 140.0524 121.5181 101.6882 79.42644 59.74171
97.13938 86.83325 74.51192 61.63364 49.00494 40.32089 37.29234 40.99503 47.99836 50.58713 49.5621 44.77447 40.5944 36.44235 32.32742 28.59843 24.52621 21.68692 20.00187 19.71932 19.83412 19.50169 19.03221 18.68437 18.95872 19.51419 19.44168 18.8627 18.44529 19.35686 20.77096 22.21386 25.83461 33.24572 43.64887 56.64663 72.39816 91.83546 114.2619 144.3209 179.7528 217.7278 253.4133 285.9661 319.7802 334.7625 336.6906 332.8021 318.0235 297.8117 270.7553 238.5921 207.3988 179.1187 154.7728 134.8068 118.3604 105.1829 93.89394 82.63456 68.96648 55.86337
81.06844 70.42102 60.73376 54.14764 48.10083 44.12939 44.39725 52.02953 60.35013 63.99991 65.6993 67.42912 64.90477 60.42127 55.01696 50.00212 44.93483 38.40594 33.28619 30.0305 28.10302 26.3192 25.00987 24.71919 24.7823 24.16136 23.44168 23.28941 23.9536 25.03754 26.34233 28.95787 34.29549 42.34935 54.87473 70.40967 89.42614 113.237 143.0566 177.3055 212.8493 249.8826 281.8592 311.108 338.1623 342.8795 340.5251 329.9277 310.4398 282.4433 240.8425 200.4436 166.263 135.5813 109.5607 90.39648 78.37415 69.70469 63.93264 59.89008 55.04103 49.5555
73.54791 63.31841 55.97692 55.7047 54.74933 52.86169 55.11568 64.95242 74.57965 81.52145 87.77215 91.30633 91.52533 90.24515 87.75322 81.99646 74.34916 64.80051 56.50507 49.71517 44.32659 39.78028 36.97569 35.80822 34.68486 32.75087 31.22841 31.3357 32.08963 32.59225 34.03818 37.91342 43.64425 53.93375 70.12939 89.43703 112.0885 140.4635 175.5661 211.0438 247.3929 279.8405 308.351 335.8007 352.6437 349.3833 342.7422 326.7429 303.2009 262.4847 214.8542 171.145 132.7467 99.85746 74.46452 58.30507 48.12349 41.93217 39.75779 39.14421 38.78239 38.92573
77.4215 70.37361 67.52432 69.16127 69.98416 71.47673 77.49389 86.89151 97.98773 107.9172 115.718 122.105 126.5399 129.6693 128.1714 122.2376 112.9087 100.7826 89.79379 79.34332 70.5355 63.14027 57.65985 53.57826 50.12649 47.16092 44.93874 44.11837 43.9337 44.26455 46.30976 50.63567 57.25034 69.92272 89.01609 111.8286 138.2256 170.7054 208.3696 245.6457 280.2282 307.8735 334.662 355.7145 360.4224 353.6762 342.1378 323.1926 295.6817 246.8463 197.6462 151.3654 108.8966 73.43065 50.18232 35.8009 27.01376 24.23107 22.97846 23.00721 23.81297 25.60615
