py_wake/examples/data/AJ_ParqueFicticio/Ridge area   Sector 6   Height 200m   Turbulence intensity.grd
DSAA
90  129
 262878   265103
 6504214   6507414
 12.90642   98.28019
[rows 54 to 80 of 129, columns 0 to 61 of 90]
15.92792 16.72629 17.77416 19.3067 21.34782 23.93983 26.73734 29.46573 32.47246 35.30713 37.01905 38.04213 39.38336 42.25718 46.84762 52.92948 58.97705 62.11949 63.10509 60.91549 55.07032 49.15734 44.32611 40.80735 38.51556 37.6915 37.18806 35.49303 34.16915 32.70955 29.91715 27.11078 24.57249 22.26703 20.54988 19.12228 17.88117 16.89683 16.09918 15.46438 14.97369 14.56917 14.24353 13.97176 13.74272 13.57475 13.51688 13.56744 13.7132 13.9453 14.19388 14.4848 14.77404 15.02076 15.28574 15.61889 15.80182 15.90093 15.87977 15.6608 15.29362 14.92035
15.6684 16.30285 17.14763 18.37819 20.29569 22.61647 25.16445 27.50583 29.87359 31.89091 33.01688 33.55714 34.70234 37.35406 41.30864 46.34807 51.54282 55.81496 58.0893 57.11277 53.2025 48.25405 43.97987 40.57413 37.74962 35.88522 34.20386 32.4583 30.64253 28.70616 26.63807 24.45097 22.69254 21.34597 20.22589 19.13268 17.95993 17.00612 16.24701 15.6201 15.11239 14.68779 14.34588 14.0476 13.79861 13.61212 13.52037 13.53525 13.6332 13.85264 14.12596 14.42035 14.72098 14.98054 15.2109 15.48874 15.6514 15.72333 15.70537 15.54679 15.29363 15.03655
15.44009 15.91778 16.56984 17.60534 19.30963 21.33297 23.6207 25.8379 27.79667 29.3486 30.03259 30.09472 30.67814 32.9334 36.24673 40.43978 44.76766 48.8562 52.06041 52.91425 50.13652 46.18 42.70639 39.27729 36.08881 33.57793 31.47398 29.5206 27.64167 25.82671 24.02989 22.38397 21.08279 20.18801 19.38935 18.53222 17.67385 16.90195 16.25974 15.66559 15.15057 14.72911 14.38306 14.07297 13.81289 13.62962 13.52245 13.51995 13.59268 13.76261 14.0383 14.35436 14.67655 14.97112 15.21864 15.45171 15.60345 15.65517 15.63915 15.52983 15.35859 15.16817
15.21565 15.59189 16.11381 17.00642 18.35146 20.16605 22.22504 24.17581 25.71919 26.92822 27.59997 27.47426 27.57552 28.86257 31.3865 34.78296 38.75438 42.54379 46.08198 47.60812 45.72715 42.75671 40.18176 37.33156 34.24492 31.4965 29.21501 27.15841 25.34499 23.54459 22.01088 20.73653 19.77822 19.01461 18.29494 17.64794 17.05095 16.53024 16.04074 15.53154 15.04325 14.64219 14.31039 14.01468 13.77789 13.60927 13.50423 13.49333 13.55625 13.69363 13.91692 14.23386 14.57762 14.91658 15.1887 15.40629 15.59222 15.66101 15.66088 15.57842 15.44297 15.30835
15.12302 15.37265 15.8269 16.62465 17.74406 19.23128 20.93629 22.76314 24.20519 25.13045 25.48723 25.40541 25.39797 26.2157 28.02983 30.40451 33.26962 36.18023 39.48027 41.17894 40.35395 38.66669 36.8889 34.67508 32.07963 29.50717 27.2528 25.31794 23.49848 21.77714 20.43517 19.3562 18.55585 17.89816 17.31894 16.79082 16.32668 15.91908 15.52448 15.13304 14.75291 14.41176 14.11156 13.86445 13.66523 13.52776 13.4394 13.43019 13.48998 13.62426 13.80845 14.07991 14.42993 14.7907 15.07841 15.29511 15.50432 15.63657 15.67506 15.64522 15.5732 15.50166
15.0935 15.25473 15.61244 16.27894 17.25417 18.53654 19.98775 21.52276 22.78743 23.62169 23.8829 23.77753 23.73433 24.29135 25.64906 27.41874 29.52814 31.92285 34.26805 35.66893 35.51528 34.88634 33.63491 31.75765 29.61939 27.4867 25.47998 23.69542 22.08923 20.58739 19.24612 18.24731 17.49734 16.9261 16.43862 15.99723 15.62533 15.28227 14.95746 14.64399 14.3585 14.09406 13.8597 13.66064 13.48751 13.37899 13.3085 13.30054 13.36609 13.50799 13.69272 13.92842 14.24816 14.62616 14.93226 15.18291 15.37432 15.54261 15.66435 15.7207 15.73819 15.7425
15.08014 15.17715 15.42249 15.94392 16.77337 17.86063 19.09423 20.36777 21.44621 22.28975 22.58935 22.46226 22.33217 22.69004 23.61048 24.75109 26.22598 28.05454 29.94938 31.44541 31.48331 31.15142 30.4996 29.01563 27.26668 25.55344 23.85272 22.32277 20.89845 19.60991 18.45072 17.43164 16.67447 16.15936 15.74149 15.35837 15.04729 14.76537 14.48986 14.24441 14.0139 13.80915 13.62803 13.46013 13.30665 13.21658 13.15862 13.14321 13.19413 13.33728 13.54674 13.78916 14.07948 14.44596 14.77631 15.05838 15.2701 15.45198 15.63497 15.80152 15.92838 16.01885
15.05464 15.12364 15.31418 15.73194 16.44281 17.34682 18.34059 19.36162 20.25149 21.0066 21.34678 21.39613 21.28698 21.33158 21.79769 22.58771 23.61115 24.9183 26.33303 27.47622 27.85027 27.81136 27.5054 26.47404 25.08076 23.71021 22.40751 21.12662 19.86171 18.77316 17.77438 16.87713 16.15067 15.68274 15.29298 14.95642 14.68116 14.41594 14.17273 13.95427 13.75235 13.58696 13.44306 13.30977 13.1857 13.11974 13.07895 13.06008 13.08193 13.18181 13.39336 13.65749 13.94829 14.28876 14.63804 14.97213 15.25323 15.46067 15.67825 15.92009 16.16246 16.36298
15.03477 15.07294 15.20577 15.51468 16.10729 16.87306 17.74314 18.60707 19.40723 20.10964 20.46933 20.46985 20.35769 20.3881 20.59017 21.13442 21.77847 22.58224 23.35736 24.0537 24.61392 24.61057 24.41523 23.76957 22.86598 21.82047 20.8373 19.92808 18.98098 18.03126 17.23192 16.47195 15.87149 15.40678 15.0374 14.74194 14.46789 14.20902 13.9764 13.76217 13.57285 13.42058 13.29115 13.17959 13.09133 13.05373 13.04423 13.0413 13.05105 13.09854 13.26096 13.52633 13.82941 14.16053 14.51724 14.90001 15.25775 15.54742 15.8072 16.10386 16.4932 16.88339
15.13709 15.13716 15.19784 15.44927 15.92386 16.52388 17.20184 17.85452 18.49937 19.09045 19.52956 19.77961 19.81991 19.77269 19.76707 20.02259 20.40865 20.79145 21.19558 21.55392 21.85299 21.96246 21.72398 21.338 20.69117 20.06261 19.49564 18.86405 18.10954 17.41148 16.74679 16.13902 15.65542 15.22843 14.88218 14.61204 14.34964 14.09957 13.87041 13.65339 13.46885 13.32263 13.19621 13.08293 13.00404 12.98591 13.00482 13.02598 13.04818 13.07685 13.17408 13.40267 13.70513 14.03001 14.38338 14.78564 15.22046 15.58798 15.93692 16.34413 16.89848 17.57035
15.41029 15.34441 15.29169 15.50969 15.94642 16.49359 17.089 17.67767 18.24907 18.77255 19.19594 19.47071 19.55336 19.46423 19.283 19.3024 19.628 19.92002 20.02456 19.88835 19.99609 20.16712 20.08963 19.64586 19.10324 18.83221 18.51225 17.98267 17.4253 16.91074 16.36257 15.88689 15.48409 15.11037 14.80656 14.55291 14.30963 14.0718 13.85098 13.63515 13.44532 13.30338 13.1796 13.05771 12.95105 12.93162 12.96807 13.01425 13.05659 13.09213 13.14898 13.31379 13.59142 13.90514 14.25124 14.63371 15.13002 15.5596 16.00408 16.52747 17.26852 18.21251
15.84916 15.7343 15.58021 15.69277 16.05708 16.52184 17.03945 17.60705 18.17673 18.68762 19.13208 19.48614 19.6714 19.61367 19.37771 19.29785 19.42123 19.56918 19.54988 19.26774 19.19645 19.27632 19.1796 18.72587 18.32239 18.07982 17.81232 17.38942 16.98396 16.57382 16.14249 15.76551 15.4333 15.1192 14.84751 14.61302 14.39614 14.17373 13.94984 13.72986 13.52495 13.37294 13.24616 13.12032 12.9745 12.9127 12.94138 13.00117 13.0648 13.1168 13.16739 13.27726 13.51465 13.80679 14.12664 14.4927 15.02382 15.49546 16.00831 16.60869 17.46852 18.60579
16.35131 16.22941 16.03513 15.97168 16.25191 16.67441 17.14941 17.73079 18.36039 18.94693 19.46791 19.91948 20.19774 20.18699 19.90025 19.66429 19.70723 19.74262 19.66042 19.39614 19.20051 19.04395 18.84157 18.48532 18.09052 17.74047 17.40344 17.04431 16.70238 16.36644 16.02005 15.7223 15.46006 15.20593 14.96718 14.76566 14.58802 14.39243 14.16547 13.93434 13.70884 13.51955 13.37342 13.23977 13.08178 12.95434 12.94237 12.99633 13.07206 13.14092 13.20013 13.28647 13.49114 13.75715 14.04862 14.39053 14.90688 15.39496 15.94747 16.59998 17.52584 18.80862
16.87357 16.78246 16.61738 16.48235 16.55384 16.86775 17.30561 17.90684 18.62428 19.32181 19.95092 20.51454 20.87445 20.8874 20.58182 20.14627 20.09183 20.14013 20.05043 19.72036 19.40609 19.21571 18.96211 18.57106 18.16396 17.8231 17.46202 17.05894 16.74353 16.41349 16.04058 15.77109 15.58458 15.38696 15.15049 14.96454 14.82611 14.66781 14.45475 14.21047 13.96579 13.73824 13.5484 13.39478 13.23757 13.06763 12.98613 13.00692 13.08198 13.16033 13.22695 13.30681 13.49309 13.73725 13.99842 14.293 14.77588 15.24871 15.81358 16.50771 17.48897 18.86207
17.4404 17.35166 17.23316 17.14511 17.17562 17.34373 17.70707 18.32645 19.12968 19.9345 20.64969 21.28287 21.69588 21.72015 21.45975 21.00618 20.67912 20.6294 20.53339 20.19415 19.77006 19.53053 19.27736 18.87939 18.47019 18.161 17.83358 17.45978 17.13334 16.77722 16.38852 16.07454 15.9052 15.75392 15.53543 15.32918 15.18377 15.04736 14.85464 14.58918 14.29786 14.02926 13.78097 13.58716 13.42565 13.24488 13.09443 13.0507 13.10447 13.18198 13.2502 13.32504 13.4979 13.72747 13.96539 14.22468 14.66595 15.12217 15.67429 16.38717 17.41166 18.84386
18.03488 17.97133 17.86462 17.86766 17.98888 18.18433 18.52924 19.08161 19.82707 20.6459 21.42902 22.14491 22.6416 22.78652 22.60387 22.19215 21.75071 21.46758 21.19779 20.86908 20.45882 20.07535 19.78516 19.44464 19.05842 18.68531 18.39456 18.13846 17.8061 17.42794 17.07472 16.73846 16.52872 16.41588 16.28688 16.0828 15.89429 15.71896 15.48096 15.1604 14.77977 14.43134 14.11121 13.83531 13.64925 13.46526 13.27265 13.14932 13.14524 13.20881 13.26951 13.3397 13.5067 13.73935 13.97803 14.25186 14.67379 15.19104 15.7563 16.47904 17.49039 18.87137
18.78678 18.71783 18.60019 18.68397 18.91204 19.15215 19.4881 20.02903 20.73449 21.56527 22.4035 23.2383 23.92902 24.2147 24.06352 23.63557 23.16022 22.7299 22.24653 21.76383 21.34699 20.89644 20.48878 20.15119 19.78975 19.45323 19.14922 18.95206 18.6702 18.39043 18.05566 17.75229 17.58439 17.55091 17.49826 17.41649 17.32211 17.14326 16.7743 16.13415 15.52784 15.00867 14.55279 14.16294 13.89938 13.71385 13.5077 13.31912 13.23987 13.26418 13.30293 13.35244 13.49916 13.73258 13.98376 14.29978 14.72338 15.27321 15.91848 16.70415 17.71543 19.0295
19.99497 19.87232 19.71952 19.84044 20.23856 20.61359 20.97774 21.4728 22.21282 23.1389 24.11076 25.21565 26.23212 26.52308 26.24719 25.62856 25.03716 24.39556 23.71435 23.06039 22.4585 21.91162 21.47535 21.09972 20.73857 20.44776 20.21737 20.04353 19.84148 19.62167 19.34847 19.16814 19.09126 19.11562 19.17488 19.27647 19.35091 19.44944 19.21712 17.94838 16.59214 15.76411 15.11879 14.59039 14.19506 13.97926 13.76333 13.53981 13.38317 13.34166 13.35207 13.38202 13.49805 13.7156 13.9774 14.32866 14.77382 15.35482 16.04418 16.89976 17.96993 19.25292
21.99078 22.0676 21.90963 22.06434 22.7146 23.33014 23.85213 24.40135 25.20606 26.26829 27.43134 28.72975 30.06399 30.50472 29.9112 28.92907 27.89927 26.86482 25.87699 24.98867 24.17572 23.41501 22.88813 22.54453 22.22357 21.94751 21.71934 21.60432 21.48921 21.43285 21.31464 21.12758 21.07438 21.18559 21.46009 21.67241 21.60063 21.70402 21.6292 20.02801 17.81451 16.52395 15.68482 15.02989 14.51935 14.24733 14.03363 13.81629 13.63045 13.54187 13.52545 13.52953 13.60103 13.77094 14.02055 14.36806 14.8215 15.42894 16.15985 17.05524 18.16215 19.50096
25.93378 26.26016 26.28461 26.57728 27.31777 27.95036 28.59757 29.40345 30.37644 31.53808 32.82682 34.31706 35.84699 36.36477 35.72422 34.12844 32.47958 30.71767 29.28447 28.01111 26.90418 26.05258 25.4022 25.01361 24.77102 24.56516 24.37461 24.3168 24.28691 24.29194 24.16902 24.02569 23.75292 23.68513 23.99757 24.09114 23.66161 23.25638 22.51575 20.89098 18.52652 17.02144 16.07584 15.36737 14.80242 14.48697 14.28997 14.09512 13.92274 13.82037 13.78364 13.75977 13.79124 13.90745 14.12006 14.43635 14.87937 15.48822 16.24189 17.17349 18.29817 19.65158
31.69395 32.11978 32.36544 32.91991 33.53016 34.0094 34.78657 35.89209 36.89884 38.28845 40.42221 42.49713 44.01293 43.96578 42.74028 41.03453 38.32879 35.88483 33.96655 32.10584 30.57666 29.86719 29.53568 29.08024 28.80563 28.74332 28.83809 28.86378 28.92176 28.78945 28.55295 28.41986 27.66193 26.81905 26.52527 26.13113 25.24314 24.05571 22.68044 20.9626 18.80181 17.32029 16.32354 15.59486 15.01849 14.68678 14.51299 14.34164 14.19859 14.10491 14.05092 13.99969 14.00007 14.08646 14.26297 14.53721 14.96119 15.53645 16.27452 17.21178 18.35856 19.73186
37.19036 38.00171 38.68801 39.10247 39.34827 39.42773 39.7392 40.40212 41.13158 42.46522 44.6806 47.48074 50.54283 51.13284 48.51957 46.14341 44.25724 41.18187 38.02938 35.47603 33.63443 33.05663 33.27766 33.63084 33.26817 32.83505 33.16068 34.14531 35.05496 34.53041 33.94641 33.99713 32.80106 30.41165 28.6778 27.26367 25.65041 23.9884 22.47931 20.75933 18.81783 17.46183 16.50984 15.79959 15.21916 14.87089 14.7135 14.55986 14.45403 14.38498 14.32789 14.26125 14.24935 14.33268 14.47735 14.70115 15.09561 15.63333 16.31683 17.20072 18.34686 19.71402
41.49403 42.2021 42.78723 42.79749 42.33106 41.7676 42.12492 42.42867 42.9894 43.99135 45.5154 47.66026 50.19609 51.1511 48.8953 46.93359 45.84206 43.64489 40.34187 37.44841 35.7864 35.38441 35.77341 36.47375 36.38977 35.83353 36.14772 37.27523 38.63772 38.415 37.39339 37.02436 35.47515 32.02509 29.19313 26.87396 24.82802 23.05625 21.66155 20.09089 18.51396 17.38235 16.54401 15.90737 15.35666 15.01576 14.87886 14.75264 14.69967 14.67219 14.63591 14.59988 14.62034 14.70606 14.83405 15.02701 15.35709 15.82798 16.42969 17.22209 18.30767 19.6038
45.02483 45.30763 45.05325 44.15281 42.89805 42.06599 41.47218 41.78717 41.91019 42.2195 42.85095 44.18914 44.77981 44.78482 44.1406 42.97554 42.30254 41.13562 39.62823 37.79453 36.36487 35.77039 35.75389 36.06083 36.17865 36.06569 36.28893 36.90936 37.51897 37.23719 36.51324 35.67043 33.72452 30.80373 28.00414 25.59724 23.55366 21.8223 20.43847 19.10083 17.94676 17.06003 16.40526 15.89862 15.42569 15.12552 15.00696 14.91992 14.9225 14.95751 15.02769 15.10514 15.17319 15.27185 15.41363 15.58662 15.8479 16.23369 16.74278 17.41471 18.35689 19.47231
47.11488 47.11126 45.99959 43.96083 42.22435 41.15079 40.65909 39.95649 39.32757 39.13916 39.00659 38.62274 38.68081 38.68824 38.39376 37.59892 36.89649 36.79001 36.56975 35.89349 34.9317 34.37159 34.07487 33.83412 33.78569 34.10999 34.47688 34.73084 34.73151 34.50837 34.02214 32.9619 30.99269 28.62239 26.12107 23.93922 22.10786 20.56225 19.26767 18.19682 17.3605 16.67235 16.17786 15.76091 15.39934 15.1892 15.09718 15.06408 15.11938 15.26029 15.52088 15.74899 15.89878 16.04955 16.22016 16.39363 16.59331 16.89724 17.3023 17.83549 18.58019 19.46232
46.67299 46.33731 44.88466 42.19921 40.32327 39.53721 38.8928 37.43867 36.23291 35.30587 34.4045 33.96265 33.75323 33.56001 32.99265 32.57298 32.36504 32.43677 32.50236 32.40344 32.08496 31.83344 31.49523 31.13076 31.09194 31.49755 31.88692 31.91816 31.88437 31.88158 31.44823 30.29614 28.71769 26.57324 24.25907 22.32407 20.7594 19.42517 18.31149 17.47523 16.82572 16.32878 15.95242 15.58362 15.31368 15.19424 15.13991 15.15976 15.27482 15.59972 16.00664 16.4078 16.7249 16.97347 17.19664 17.39556 17.59128 17.83592 18.12633 18.50414 19.05255 19.6859
43.46006 42.43293 40.6644 38.4357 36.90976 35.98896 34.95353 33.70654 32.30746 31.07363 30.16633 29.56547 29.11192 28.73776 28.46777 28.26047 28.24322 28.41682 28.544 28.76299 28.68352 28.55224 28.32548 28.19216 28.25061 28.49896 28.7781 28.91624 29.02875 29.00804 28.57104 27.65988 26.42449 24.61417 22.67476 21.01757 19.67585 18.53242 17.58616 16.88961 16.36226 15.99659 15.68982 15.41683 15.24656 15.17148 15.15225 15.2018 15.40173 15.84847 16.38336 16.9699 17.50826 17.95453 18.32776 18.61921 18.8365 19.05011 19.27657 19.52333 19.89184 20.335
