py_wake/examples/data/AJ_ParqueFicticio/Ridge area   Sector All   Height 200m   Turbulence intensity.grd
DSAA
90  129
 262878   265103
 6504214   6507414
 13.13731   100
[rows 28 to 55 of 129, columns 0 to 62 of 90]
50.65275 50.45568 50.03745 49.6794 49.3184 48.9445 48.68219 48.51666 48.51717 48.9044 49.78149 51.04405 52.66719 54.46434 56.25248 57.24459 57.72166 57.73417 57.36477 56.49717 54.59065 52.26216 49.79549 46.93801 44.23461 41.44638 38.46336 35.50188 32.57423 29.96605 27.81021 26.31812 24.94927 23.59502 22.4603 21.78297 21.25227 20.86831 20.49646 20.23875 20.12545 20.02518 19.95278 20.04146 20.39886 20.96562 21.73948 22.93154 24.57351 26.65008 39.98478 47.19244 40.79768 58.08054 88.66355 100 99.16276 100 100 100 100 100 100
51.10981 50.74092 50.22638 49.77775 49.23229 48.61386 48.06763 47.53951 47.12227 47.11157 47.7853 49.0132 50.45622 52.01617 53.68309 54.8256 55.65427 56.0978 56.27107 55.89406 54.65492 53.15767 51.44354 49.06788 46.61453 44.12508 41.0046 37.73016 34.52735 31.70773 30.50414 29.14402 27.62503 25.96873 24.4501 23.24885 22.17812 21.46851 20.9841 20.59192 20.32557 20.07663 19.8777 19.93034 20.34996 21.01382 21.90954 23.2066 24.98187 27.21371 40.69669 39.96962 43.67644 62.7108 94.22167 100 100 100 100 100 100 100 100
51.80824 51.3165 50.74691 50.23088 49.55133 48.80579 48.09 47.33497 46.59074 46.2201 46.7669 47.82417 49.02185 50.17827 51.38696 52.40002 53.65667 54.75943 55.81096 56.36847 55.91351 55.63277 55.07113 53.28782 51.31534 49.238 45.4627 40.92282 36.59034 34.08668 33.02614 31.85837 30.52654 28.62644 26.66722 25.10251 23.7752 22.57424 21.42905 20.85218 20.40661 19.96947 19.649 19.68886 20.10322 20.84624 21.91923 23.33769 25.262 27.65992 39.11031 38.73026 45.6046 66.5961 97.95779 100 100 100 100 100 100 100 100
52.83932 52.28675 51.68401 51.15666 50.40146 49.56046 48.7482 48.07506 47.47927 47.23687 47.81751 48.79173 49.95053 51.16702 52.38222 53.6412 54.94101 56.12009 57.01816 57.35058 57.20881 57.03958 56.37288 54.66697 52.88045 50.65332 47.04976 42.87117 39.037 35.38515 34.40268 33.44631 32.15181 30.35736 28.43073 26.67734 25.14401 23.7194 22.33308 21.0687 20.44011 19.88168 19.5274 19.54163 19.89639 20.61604 21.81199 23.34929 25.34863 27.80165 40.01551 38.63797 46.43544 70.79904 85.57413 100 100 100 100 100 100 100 100
53.96608 53.36098 52.94246 52.7354 52.28642 51.77105 51.29753 50.84837 50.40902 50.23131 50.6527 51.35434 52.18614 53.12716 54.15526 55.28349 56.40013 56.98955 57.01497 56.91993 56.69817 55.99228 54.81511 53.1778 51.19706 48.73006 45.62871 42.23957 39.18755 36.17977 34.38697 33.7981 32.70417 31.32779 29.73348 28.02025 26.34757 24.75115 23.17854 21.75256 20.55497 19.84484 19.50894 19.47957 19.76307 20.42449 21.5694 23.17896 25.17008 27.62762 44.74181 41.76875 46.92401 89.81836 100 100 100 100 100 100 100 100 100
55.77135 55.58474 55.39526 55.29266 54.91158 54.48198 54.11762 53.84052 53.61791 53.52883 53.7572 54.18003 54.73534 55.45351 56.33709 57.31635 58.05663 57.69778 56.68279 55.94781 55.16256 54.02784 52.54455 50.67813 48.59694 46.21989 43.28548 40.21643 37.69973 35.17235 32.9305 33.12306 32.5412 31.62212 30.45319 28.85888 27.15358 25.51735 23.88373 22.37891 21.02426 19.86426 19.44296 19.38187 19.59513 20.21249 21.21655 22.78306 24.75374 27.11456 46.58079 35.06472 75.86715 88.15688 100 100 100 100 100 100 100 100 100
58.12766 58.01988 57.93306 57.92392 57.54292 57.15129 56.8528 56.63577 56.52993 56.50839 56.55748 56.70503 57.00666 57.56301 58.37737 59.25903 59.4197 58.20269 56.50896 54.9077 53.54134 52.03854 50.08672 47.97623 45.8268 43.29991 40.31835 37.29629 34.60762 32.37386 30.18201 30.43986 30.45192 30.17715 29.40129 28.1207 26.84025 25.35384 23.91123 22.54046 21.15723 20.00084 19.2852 19.16085 19.30546 19.85914 20.71009 22.11197 23.92181 26.05956 40.0649 58.38038 65.17619 81.89387 97.53716 100 100 100 100 100 100 100 100
60.35741 60.41674 60.54111 60.67008 60.18568 59.71009 59.31907 59.00834 58.81356 58.67131 58.5392 58.46553 58.51204 58.87566 59.5121 60.12376 59.71122 58.16493 56.24773 54.29704 52.33235 50.12868 47.68975 45.175 42.57105 39.65869 36.64743 33.54922 30.84652 28.84611 27.0767 26.61308 26.90443 26.97068 26.5382 25.91491 25.07081 24.02522 22.98307 21.9909 20.85655 19.8634 19.22337 18.76776 18.85151 19.29956 20.04288 21.21671 22.85818 24.74878 30.12019 48.84993 49.37746 66.61496 83.57442 100 100 100 100 100 100 100 100
62.35321 62.82567 63.30039 63.65342 62.97938 62.32266 61.72383 61.21333 60.76854 60.3385 59.93306 59.53144 59.17245 59.22589 59.49891 59.48985 58.82445 57.39914 55.4469 53.35316 50.99052 48.233 45.39434 42.26586 39.10241 35.98511 32.86316 29.86088 27.3574 25.59908 24.22314 23.41727 23.65934 23.76286 23.59771 23.29991 22.86493 22.27956 21.66412 21.00436 20.23503 19.50502 18.96074 18.46165 18.20343 18.54297 19.23886 20.28465 21.63556 23.28752 25.23096 35.12717 51.04411 50.15895 66.54057 85.78297 100 100 100 100 100 100 91.77988
64.08267 65.26682 66.25677 66.90063 66.01507 65.11868 64.24709 63.45922 62.63493 61.74231 60.88857 59.92198 59.00328 58.60826 58.32858 57.84868 57.0157 55.64888 53.80038 51.64842 48.84494 45.90036 42.71709 39.30827 35.89129 32.68668 29.71903 26.93743 24.57812 23.05269 21.99684 21.20786 21.24853 21.29552 21.27647 21.14806 20.93632 20.67196 20.40948 20.03689 19.49451 18.94379 18.47298 18.02132 17.53761 17.63347 18.31172 19.26829 20.41629 21.84243 23.6248 25.8361 36.47557 86.05691 52.23431 69.74315 90.62845 100 100 100 100 99.79996 100
65.31062 67.68756 69.43128 70.36569 69.38129 68.28685 67.08544 65.90132 64.6261 63.11368 61.57038 59.74843 58.13634 57.01907 56.33125 55.52536 54.28325 52.5467 50.81615 48.55263 45.68203 42.68744 39.60402 36.37477 33.12431 30.08136 27.3406 24.87125 22.77933 21.55139 20.72298 20.04202 19.51321 19.57727 19.59127 19.53541 19.46135 19.36268 19.22657 18.98893 18.61272 18.19005 17.79821 17.4412 17.05366 16.79134 17.36805 18.21121 19.23459 20.47758 22.07711 24.13463 29.30477 52.13564 93.59834 61.72847 76.84364 95.98392 100 100 97.45347 100 100
66.31954 69.92056 72.71532 74.00726 73.36778 72.19762 70.5714 68.78786 66.77978 64.55426 62.21784 59.54696 57.17555 55.32281 53.92834 52.57476 50.75998 48.77976 46.64806 44.43335 42.01856 39.41533 36.63854 33.67072 30.81957 28.12688 25.64527 23.47037 21.87774 20.66053 19.79919 19.13066 18.59863 18.23702 18.25572 18.26443 18.22344 18.17298 18.10667 17.9557 17.71291 17.4212 17.1656 16.90924 16.63082 16.42074 16.56132 17.18823 18.05264 19.21003 20.62966 22.54118 25.42713 41.27814 81.30119 74.60009 80.65443 88.84652 97.84019 100 100 100 100
67.12999 71.87812 75.92767 78.11166 78.46849 77.52682 75.49889 73.01166 70.04092 66.75106 63.25888 59.5887 56.39793 53.8894 51.67735 49.41466 47.36498 45.12388 42.77606 40.75825 38.79708 36.74427 34.30336 31.5885 28.99222 26.56094 24.38316 22.54995 21.06417 19.91235 19.04622 18.37845 17.85324 17.52438 17.23293 17.17438 17.19029 17.1707 17.14057 17.06395 16.92168 16.74992 16.5922 16.39546 16.16417 15.99135 15.9315 16.31565 17.04951 18.07267 19.33736 21.03415 23.87599 35.14828 61.13649 90.77601 96.28796 94.85412 97.43116 97.38482 100 100 100
67.57789 73.49222 79.09751 83.17566 85.16389 84.92976 82.64712 79.42231 75.07265 70.43609 65.53344 60.62825 56.49213 53.0681 50.04023 47.25377 44.71877 42.39406 40.01108 38.12804 36.6116 34.79551 32.63257 30.11235 27.75322 25.45942 23.47697 21.71525 20.37342 19.25848 18.46347 17.8083 17.3193 17.04382 16.78992 16.51043 16.35467 16.35795 16.3975 16.37822 16.29356 16.13191 16.00726 15.9002 15.75004 15.60207 15.52809 15.72922 16.43217 17.31612 18.63389 20.24464 22.59363 30.32204 48.91082 77.01141 81.78347 95.34922 100 100 100 100 100
67.5721 74.74136 82.33759 89.1545 93.41805 94.38586 92.22454 87.55948 81.81416 75.6465 69.18576 63.08317 58.0289 53.74066 50.02136 46.7154 43.75828 41.0825 38.74065 36.86417 35.17126 33.57816 31.70715 29.45059 27.19861 25.05755 23.15931 21.40891 19.96016 18.88692 18.1629 17.51144 17.10899 16.82013 16.53117 16.24906 16.12207 16.0741 15.94506 15.92044 15.82114 15.71721 15.67564 15.62871 15.50669 15.38183 15.30984 15.46761 16.20446 17.09856 18.41108 20.12005 22.36199 26.83942 40.62656 56.85278 71.94962 82.6599 94.08657 100 100 100 100
67.1155 75.57326 85.12231 94.69748 100 100 100 98.14907 91.0849 83.25137 75.0088 67.32381 61.03294 55.80161 51.4725 47.79749 44.56729 41.5344 38.75096 36.45356 34.64064 33.11607 31.39818 29.40528 27.31951 25.25978 23.41587 21.64192 19.97233 18.85006 18.12959 17.49946 17.11823 16.77174 16.44091 16.20318 16.05049 15.93074 15.7653 15.55538 15.51523 15.48709 15.45751 15.40782 15.30487 15.20953 15.1661 15.32122 16.00175 16.99575 18.25508 20.01677 22.29 27.983 38.0403 56.60226 75.10083 81.36312 82.24216 100 100 100 100
65.46671 75.00851 86.36279 98.41028 100 100 100 100 100 93.43247 83.42232 74.13075 66.33163 59.86397 54.56498 50.17999 46.63842 43.34968 40.14055 37.22794 35.09844 33.29725 31.52969 29.77068 27.80503 25.85627 24.09026 22.2148 20.33218 18.9865 18.21868 17.61924 17.22709 16.83881 16.48474 16.24999 16.05041 15.83101 15.61059 15.40579 15.3258 15.2901 15.23832 15.17006 15.06273 15.00479 15.02907 15.20023 15.84104 16.85344 18.21541 19.95677 22.16017 30.42112 42.03369 52.92234 69.3533 88.97448 100 96.03983 100 100 95.02274
62.50939 72.39658 84.65945 98.68272 100 100 100 100 100 100 94.98287 83.93076 74.61708 66.76771 60.30214 54.96062 50.96788 47.42821 43.7325 40.24416 37.67904 35.37288 33.10637 31.32129 29.349 27.33355 25.46548 23.36987 21.12879 19.53667 18.56107 17.91675 17.46544 17.03445 16.64101 16.38008 16.14227 15.85027 15.5737 15.35302 15.24726 15.15036 15.02509 14.93328 14.85818 14.80995 14.87018 15.0661 15.70073 16.64092 18.06417 19.89927 23.06065 32.97564 46.95464 61.10627 90.55532 100 100 93.10641 100 96.09406 85.90749
58.61888 68.33259 80.9567 95.22446 100 100 100 100 100 100 100 99.52722 88.94021 79.66812 71.5648 64.93751 60.04716 55.80914 51.55052 47.6591 44.45107 41.48975 38.8056 36.5281 34.07633 31.33684 28.67916 26.04337 23.27751 21.03444 19.63608 18.5462 17.91841 17.48671 17.12603 16.77311 16.44464 16.08725 15.7881 15.59938 15.43508 15.2492 15.06102 14.94703 14.87504 14.8037 14.78818 14.87083 15.48311 16.37389 17.75273 19.58855 23.95839 35.17099 51.18191 71.10636 100 100 94.74149 79.96136 78.62255 81.9289 81.17281
54.41636 63.24271 75.22671 88.4775 100 100 100 100 100 100 100 100 100 100 91.09397 83.08955 76.66882 71.18528 65.79706 60.95229 56.9366 53.22061 49.85383 46.77844 43.23795 39.21539 35.22818 31.31664 27.48506 24.16441 21.7972 20.10293 19.02916 18.65402 18.22102 17.72044 17.26206 16.79983 16.37403 16.0812 15.82871 15.55832 15.30489 15.11987 14.9663 14.87517 14.80132 14.77453 15.1416 15.9868 17.27308 19.04817 24.25299 35.91512 51.7683 73.48024 100 100 81.67126 71.8798 74.18748 74.10852 56.12492
50.27343 57.85674 68.27514 80.09566 93.00045 100 100 100 100 100 100 100 100 100 100 100 100 95.40208 87.9445 81.4969 76.38721 71.73779 67.45486 63.50579 59.06536 52.65863 46.02365 39.94094 34.32286 29.56705 25.68895 22.73477 20.66633 20.1051 19.5376 18.87879 18.21202 17.60819 17.02273 16.58274 16.24301 15.88766 15.56504 15.32453 15.09921 14.94876 14.84494 14.72983 14.72939 15.52046 16.69383 18.33558 24.05338 35.32732 49.59649 67.99049 100 89.22698 74.92049 65.857 61.45036 52.15191 47.80939
46.3835 52.71297 61.58159 72.287 83.67108 96.84814 100 100 100 100 100 100 100 100 100 100 100 100 100 100 100 99.8679 94.62327 89.08372 81.8432 73.48257 63.68856 54.52126 45.76676 38.17535 32.11896 27.40526 23.81224 21.85845 21.05898 20.25517 19.35291 18.50326 17.72504 17.09809 16.66945 16.22151 15.8112 15.50646 15.22081 15.00196 14.86832 14.74428 14.65677 15.04156 16.09232 17.60172 23.58665 33.8294 46.41423 60.85909 82.76105 75.96583 67.84948 63.24797 54.91599 48.73452 42.96527
42.88609 48.12362 55.6398 65.06499 74.98616 86.94094 100 100 100 100 100 100 100 100 100 100 100 100 100 100 100 100 100 100 100 100 89.27863 76.09647 62.62467 51.31226 42.53174 35.13692 29.20658 24.66068 22.81215 21.85771 20.7275 19.52542 18.5072 17.64402 17.08723 16.53536 16.0213 15.63476 15.29014 15.01519 14.85705 14.75095 14.66584 14.6963 15.56472 17.04023 22.82775 31.67565 42.47899 59.09518 70.1099 73.25197 73.14613 65.78789 53.29924 42.52282 36.75638
39.8471 44.07065 50.20338 58.44404 67.08342 77.42537 89.41505 100 100 100 100 100 100 100 100 100 100 100 100 100 100 100 100 100 100 100 100 100 84.86354 70.26524 57.18988 46.42454 37.1819 30.17114 25.32328 23.66984 22.19594 20.66046 19.36423 18.27124 17.51667 16.82851 16.18893 15.70125 15.2788 14.94874 14.79446 14.72642 14.66486 14.64781 15.44185 16.64342 21.70222 29.19023 44.08167 62.18995 73.41831 78.10151 75.60188 66.00629 53.13352 41.95289 33.33433
37.24846 40.70133 45.58156 52.59001 60.08882 68.92263 79.47054 91.34032 100 100 100 100 100 100 100 100 100 100 100 100 100 100 100 100 100 100 100 100 100 91.49894 74.104 59.99425 47.24928 37.13057 30.18481 25.15525 23.3954 21.66681 20.16846 18.89821 17.91797 17.07898 16.31659 15.71346 15.18776 14.79104 14.64387 14.61947 14.59575 14.57777 15.34473 16.54848 20.20579 28.50142 45.01587 61.77186 73.29313 78.12347 76.04532 66.26665 52.78625 41.5817 33.21956
34.99094 37.88583 41.91193 47.7807 54.1634 61.68847 70.56589 79.94851 100 100 100 100 100 100 100 100 100 100 100 100 100 100 100 100 100 100 100 100 100 96.00333 79.10626 65.54128 52.72426 41.51372 33.3378 27.26087 23.69843 22.1021 20.55999 19.15168 18.03737 17.12504 16.32223 15.6549 15.05281 14.61046 14.45009 14.43449 14.4488 14.45342 15.20519 16.32762 18.17545 27.6014 43.29318 58.77617 68.12446 72.61362 72.1994 64.00537 51.88591 41.31273 33.61972
33.06449 35.38712 38.71445 43.68697 49.30558 55.64331 62.66243 69.88773 85.62103 93.08408 91.43683 96.90958 100 100 100 100 100 100 100 100 100 100 100 100 100 100 100 100 87.78053 76.83656 65.37488 55.67378 47.14825 39.13077 32.6958 27.23789 22.98236 21.55683 20.17068 18.93703 17.8782 16.93693 16.16444 15.52931 14.94265 14.52641 14.32516 14.24558 14.23372 14.2771 15.01411 16.01342 17.20753 24.46694 37.62077 51.0742 60.16648 64.97574 65.24139 59.91599 50.35286 41.43505 35.92835
31.65826 33.39733 35.94509 39.86306 44.98074 50.36393 55.97212 61.61838 67.26637 72.24001 75.76851 78.55628 83.21276 91.81138 100 100 100 100 100 100 100 100 100 100 100 100 88.68479 77.01001 67.41356 59.08207 51.79787 44.84328 38.91644 33.90861 29.53843 25.39456 21.66959 20.51038 19.41462 18.419 17.519 16.68381 15.98379 15.37536 14.83665 14.49194 14.26041 14.12829 14.05011 14.05584 14.77088 15.67175 16.74552 20.87337 30.34381 41.09996 49.34821 54.43495 56.25029 53.68329 48.12967 42.78205 38.51294
