py_wake/examples/data/AJ_ParqueFicticio/Ridge area   Sector 3   Height 200m   Power density.grd
DSAA
90  129
 262878   265103
 6504214   6507414
 .03849026   297.6544
[rows 27 to 53 of 129, columns 0 to 61 of 90]
3.178122 3.19303 3.296467 3.405731 3.505581 3.607064 3.686284 3.722914 3.731618 3.676201 3.518777 3.288435 3.03759 2.808743 2.650211 2.592437 2.621645 2.727365 2.888457 3.140334 3.693568 4.497525 5.478308 6.752108 8.256925 10.17952 12.67023 15.96763 20.27809 25.10848 30.48325 36.341 42.8097 49.74515 56.29016 63.45725 71.27356 79.54768 89.33747 98.63505 106.2174 114.361 122.3973 129.1604 132.2556 131.1509 126.1221 116.2319 102.8256 87.08144 69.77164 54.16492 41.65639 30.91636 22.43121 16.01363 11.35698 6.229488 5.020429 3.647929 2.371718 1.479169
3.114725 3.159138 3.283332 3.416376 3.567738 3.748227 3.918338 4.076375 4.204852 4.231399 4.1206 3.906533 3.607233 3.293175 3.017367 2.852893 2.77582 2.778537 2.847076 3.003887 3.380978 3.933309 4.633045 5.62794 6.793123 8.282852 10.34398 13.07353 16.7369 21.1773 26.04069 31.39093 37.61012 44.39033 51.11365 58.20631 65.9606 74.03622 83.57118 93.15668 101.9223 111.2793 120.6678 127.2621 129.0481 126.7626 120.8295 109.8756 95.48035 79.81312 63.1228 48.28854 36.83418 27.3174 19.97576 14.64581 10.50845 7.273765 4.710681 3.483397 2.320703 1.497937
3.02585 3.096271 3.226076 3.359782 3.537709 3.770733 4.014567 4.285383 4.561848 4.73018 4.664416 4.401821 4.089203 3.772277 3.457207 3.221318 3.053644 2.960305 2.91724 2.973481 3.209135 3.545248 3.98016 4.683123 5.571255 6.639101 8.349446 10.76159 14.02419 17.95862 22.3114 27.21437 32.82944 39.37504 46.30543 53.28787 60.87172 68.92569 78.34188 88.2824 98.27512 109.2978 120.2812 127.173 127.6966 124.0024 116.5227 104.4658 89.27695 73.4263 56.97138 42.89424 32.45837 24.08662 17.71409 13.20423 9.560573 6.623185 4.356969 3.320076 2.30046 1.530424
2.908602 2.995169 3.121841 3.252428 3.441549 3.683139 3.950887 4.276094 4.661984 4.974913 4.927432 4.670383 4.379102 4.128239 3.882216 3.653095 3.445795 3.274626 3.129254 3.097984 3.26697 3.436828 3.687605 4.230284 4.906677 5.697376 7.202165 9.52736 12.49636 16.04896 20.09142 24.41054 29.11747 35.30732 42.4356 49.49277 56.9105 65.06564 74.67461 85.19682 96.55213 109.5665 122.0615 128.8606 129.0652 123.9725 114.1422 100.7888 84.58969 68.26888 52.13805 38.91098 29.38871 21.78206 15.82259 11.81702 8.758985 6.187913 4.005445 3.23267 2.328392 1.589039
2.733917 2.819005 2.935734 3.047531 3.228455 3.466885 3.732546 4.038122 4.394256 4.68931 4.706988 4.593295 4.439084 4.279525 4.122355 3.972412 3.789619 3.617949 3.51493 3.529883 3.636577 3.762717 4.015904 4.535135 5.156875 6.000547 7.510229 9.719072 12.35817 15.52758 19.27408 23.52081 28.29329 34.10878 40.62033 47.51283 54.75924 62.86743 72.61677 83.62968 96.05679 110.6266 123.4513 130.3504 130.9248 125.5685 113.9813 99.04893 82.15081 65.68822 50.11914 37.35437 28.1734 20.99067 14.9777 10.99402 8.513864 6.358557 3.729509 3.31014 2.447274 1.711738
2.557603 2.637681 2.744232 2.842438 3.005649 3.215896 3.443158 3.686219 3.952717 4.176614 4.24728 4.247009 4.231531 4.196408 4.132712 4.044069 3.923381 3.898513 3.988023 4.085001 4.188392 4.399045 4.741827 5.253993 5.962191 6.977067 8.506648 10.62265 13.05336 15.90155 19.50293 23.79497 28.71921 34.01601 39.81781 46.25506 53.30236 61.41217 71.20651 82.41002 95.71796 110.9494 123.4327 130.7913 132.178 127.0411 115.5447 99.53552 82.38249 65.72839 50.47894 37.85217 28.66835 21.53242 15.14519 10.729 8.46228 6.649479 4.911562 3.527565 2.566717 1.832897
2.381158 2.459657 2.559906 2.648401 2.800002 2.988324 3.180898 3.362181 3.540341 3.6988 3.807665 3.884199 3.949008 3.981125 3.960079 3.894188 3.858636 4.053376 4.392393 4.634708 4.847994 5.138947 5.551876 6.140715 6.907227 7.966621 9.590924 11.7966 14.1654 17.00924 20.42746 24.28835 29.0639 34.03244 39.27386 45.43812 52.3986 60.31064 69.81931 81.08733 95.00613 110.779 122.8587 130.7271 132.979 128.3223 118.1526 102.0006 84.53056 67.99557 53.46346 41.00346 31.34331 23.64915 17.01195 11.98464 9.195624 7.214744 5.371715 3.833572 2.697394 1.896669
2.21022 2.292493 2.391776 2.477345 2.636149 2.821797 3.000889 3.168223 3.312075 3.434083 3.565261 3.690145 3.794037 3.836807 3.794966 3.702646 3.751938 4.125793 4.619671 5.080272 5.434549 5.811228 6.370436 7.048547 7.852544 9.022827 10.8175 13.23158 16.11428 19.2005 22.44287 26.20495 30.67687 35.24281 40.47238 46.53996 52.87819 60.58484 69.61965 80.50317 94.70732 110.1038 121.6719 130.4182 133.5248 129.9217 121.2783 106.428 89.53619 73.76904 59.39753 46.82639 36.2196 27.64523 20.81356 15.46264 11.33546 8.347582 6.051104 4.141073 2.777538 1.904473
2.095598 2.172701 2.253039 2.325687 2.50613 2.714553 2.920998 3.116524 3.282634 3.429159 3.583012 3.727696 3.85546 3.898932 3.841719 3.755489 3.875316 4.263603 4.779298 5.298616 5.802579 6.402271 7.135021 7.995936 9.06332 10.5944 12.67573 15.59201 19.09228 22.50082 26.08823 30.08318 34.27415 38.74593 44.10616 49.64362 55.76756 63.15584 71.54787 81.52892 95.06699 109.4238 120.5985 129.7346 134.1721 132.0703 124.6722 111.8567 95.83047 81.19373 67.77123 55.18425 43.91042 34.44738 26.55247 19.81111 14.43389 10.2997 7.072834 4.563387 2.784431 1.785468
2.064065 2.101136 2.140203 2.182875 2.386712 2.624642 2.870663 3.108496 3.327054 3.533427 3.725788 3.913227 4.104477 4.179037 4.15664 4.171125 4.303804 4.600033 5.045955 5.554662 6.15078 6.932949 7.830119 9.059884 10.6355 12.63882 15.36606 19.02989 23.26373 27.21092 31.03047 34.94054 39.14601 43.667 48.87449 54.26519 60.1329 66.91014 74.4071 83.68085 95.75774 108.7802 119.7261 129.3629 135.5067 135.1051 128.1001 116.3842 102.9334 89.50884 77.37923 65.07094 53.14085 42.49444 33.32466 25.12258 18.03977 12.67375 8.449833 5.071926 2.810446 1.50355
2.131175 2.092204 2.068505 2.073261 2.287034 2.541638 2.813415 3.084476 3.358256 3.64301 3.906259 4.200888 4.507641 4.670414 4.760565 4.858031 4.990603 5.239682 5.606584 6.054595 6.79331 7.659067 8.79126 10.37043 12.47213 15.14041 18.53507 23.04645 28.45827 33.03384 36.94693 40.90349 45.1451 49.77994 54.50348 59.68848 65.1428 70.92953 77.22115 85.42601 96.69714 109.1197 120.2176 130.1757 137.5146 138.8166 131.6769 120.8849 109.0506 97.15314 85.42918 74.4611 62.32129 50.44568 40.04117 30.77838 22.32467 15.23263 9.714543 5.61116 2.794989 1.090315
2.35989 2.183116 2.07628 2.050015 2.244871 2.477359 2.742745 3.02667 3.332915 3.695308 4.067778 4.542144 5.018711 5.370927 5.551012 5.709942 5.958738 6.339868 6.684721 7.237211 8.095621 9.109436 10.4019 12.21721 14.72668 17.99002 22.08162 27.28986 33.40979 38.99866 43.64412 48.16057 52.40841 56.80521 61.24931 65.91172 70.54807 75.30644 80.82397 88.6163 99.24621 111.4794 122.7535 132.4017 139.9048 141.4482 135.3055 125.1774 114.1038 103.3624 92.2448 81.41576 69.42952 56.55681 44.92261 34.98267 25.60425 16.95073 10.54794 5.974557 2.619627 .3136891
2.745933 2.435327 2.22927 2.180269 2.304213 2.478451 2.714503 2.992477 3.326268 3.729347 4.19352 4.816865 5.471073 6.019513 6.410515 6.762804 7.282459 7.854218 8.543139 9.319454 10.23513 11.34797 12.82034 14.98193 17.78401 21.4176 26.06925 31.67463 38.15578 44.68142 50.39396 55.63623 60.58789 64.85844 69.15629 73.25344 77.51408 81.64347 86.48537 93.71581 103.6464 115.2443 125.6924 134.4645 141.4318 142.8484 137.7711 129.5537 119.3788 108.0955 97.54237 86.52132 73.69966 59.65736 47.23436 36.56114 26.54813 17.68047 10.8407 5.867136 2.080085 .2167682
3.326524 2.905169 2.590482 2.474858 2.481287 2.570886 2.756522 2.998986 3.330127 3.765576 4.327119 5.080503 5.887493 6.597156 7.282083 8.071117 8.82849 9.753812 10.90848 11.95388 12.97692 14.12 15.86728 18.50542 21.80108 25.93081 30.84098 36.67516 43.72422 50.80989 57.37155 63.47118 69.12225 73.43458 77.55602 81.49495 85.02991 88.775 93.25352 99.69915 108.7461 119.2843 128.8845 137.0999 143.8082 145.2099 140.8909 133.1811 123.1773 111.7992 101.1432 90.44958 76.11015 60.33697 47.42294 36.55229 26.1514 17.17401 10.57821 5.511596 1.100979 .4909658
4.18855 3.647295 3.179965 2.898467 2.768002 2.760666 2.890264 3.083999 3.393135 3.845171 4.4748 5.322885 6.248814 7.190112 8.198996 9.310776 10.50179 11.7606 13.33136 14.69639 15.78658 17.25885 19.37173 22.55798 26.29603 31.03268 36.2322 42.40538 49.58167 57.28477 64.06886 70.69494 76.62234 80.68413 84.77248 89.55373 93.19251 95.75258 99.38803 105.2906 113.746 124.5036 133.7526 140.9302 146.6688 148.402 144.6496 136.15 125.9523 114.8952 103.3811 91.49489 76.85706 60.06187 46.31215 35.22343 24.80511 15.94505 9.634653 4.874316 .0566231 1.113054
5.341191 4.607056 3.92296 3.408873 3.14299 3.061998 3.142932 3.25199 3.520482 3.954422 4.636817 5.57252 6.600916 7.699818 8.91741 10.29334 11.8167 13.49527 15.28228 16.97075 18.68863 20.40469 22.71301 26.0893 30.20606 35.08147 40.47589 46.82096 54.3001 62.13796 68.64857 75.56441 80.77193 85.07673 89.74914 94.91225 98.10842 100.2656 103.8313 109.612 118.5481 128.4268 136.5173 142.9841 148.6705 150.4921 147.0062 139.8171 128.8745 116.7354 103.5828 89.82812 75.44109 58.71144 44.17952 32.88274 23.00752 14.48866 8.512503 4.221855 .04274755 1.448368
6.668664 5.711586 4.841512 4.101923 3.645644 3.482056 3.472217 3.489952 3.713628 4.121431 4.812221 5.789808 6.912206 8.186006 9.578373 11.08763 12.73543 14.65668 16.89653 19.20152 21.29055 23.18225 25.59756 28.82555 32.82108 37.57709 42.70796 48.91694 56.70487 64.28827 70.63889 77.24477 82.11163 87.03593 92.31409 96.79152 100.3919 103.5518 107.8082 113.9213 121.5816 130.0413 138.2708 145.0519 150.8017 152.4115 148.9606 141.8677 131.3994 117.9096 103.0453 87.73017 72.4221 55.93398 41.29837 30.1601 21.02723 13.38355 7.7337 3.823755 .03849026 .6112018
8.390134 7.138095 6.007199 5.08011 4.421475 4.047382 3.831678 3.747912 3.934223 4.326665 4.985161 5.933695 7.10369 8.5014 10.09092 11.85638 13.62172 15.67643 18.24869 21.18807 23.6602 25.96769 28.49161 31.31627 34.97287 39.22323 43.75594 49.76141 57.89907 65.34451 71.3068 77.28382 82.01529 87.23809 92.68062 97.02492 101.1427 105.9872 111.2128 116.7768 123.5624 131.8617 140.6079 147.7323 153.6856 154.8657 150.7008 143.5093 133.3316 119.1584 103.103 86.37134 69.85526 53.43137 38.62333 27.38602 18.73598 12.07312 7.36811 4.095648 1.174771 .04888707
10.61817 9.071698 7.636497 6.46728 5.41909 4.612436 4.1868 4.01655 4.186417 4.562622 5.193125 6.101964 7.214172 8.596602 10.25535 12.15372 13.91048 15.8397 18.48957 21.69526 24.43567 27.17864 30.21634 32.60774 35.52132 39.20575 43.13722 48.81141 57.10843 64.59251 69.8663 75.29899 80.11147 85.465 91.10147 95.62006 100.1633 105.9835 112.2966 118.2011 125.1471 134.0622 143.9928 151.3045 156.345 157.3696 152.9932 145.119 134.6234 121.013 104.0579 86.39401 68.72958 51.70746 36.39642 24.70161 16.3506 10.61134 6.945148 4.560857 3.474262 4.584452
13.16923 11.21155 9.37318 7.773204 6.269022 5.110532 4.445373 4.216935 4.407258 4.781904 5.32248 6.088228 7.000734 8.151464 9.636058 11.34742 12.91609 14.60821 16.83244 19.39905 21.85412 24.41885 26.97381 29.20525 31.79048 35.00769 38.94957 43.99316 51.22983 58.96045 64.83315 70.36642 75.85857 81.36351 87.21404 92.20644 96.87328 103.3041 110.1595 116.6956 124.5974 134.6473 144.9783 152.0943 156.9516 158.1584 155.0607 147.647 136.9977 123.425 106.2866 88.22421 69.48113 51.53548 35.62784 23.39397 15.36125 9.739507 6.409496 4.938111 5.348204 7.844402
15.7919 13.57696 11.36857 9.155945 7.229743 5.738358 4.8118 4.444813 4.59127 4.908318 5.308798 5.890384 6.560689 7.458811 8.566512 9.773864 11.00553 12.32323 14.02348 15.94038 17.73926 19.5931 21.38166 23.03471 25.2599 28.321 31.8869 36.3306 42.34624 49.59418 56.51071 62.71391 69.20831 75.27879 81.18587 86.81984 92.16248 98.73901 106.3553 113.5851 122.1824 133.0049 143.5795 151.3426 157.0366 158.5506 156.6738 151.4376 141.3351 127.4475 110.1878 91.71486 72.62802 53.8735 37.31382 24.68445 16.09688 10.26928 6.856071 6.245863 8.459023 13.75908
18.5431 16.26528 13.89382 11.20299 8.712564 6.822553 5.611236 4.961178 4.793299 4.923544 5.213626 5.59126 6.012719 6.695415 7.58596 8.447069 9.224493 10.18258 11.46193 12.8726 14.17421 15.41056 16.56992 17.55528 18.771 21.17969 24.63211 28.67333 33.61442 39.64855 46.62541 53.88504 60.8963 67.86248 74.31631 80.63142 86.98998 93.95837 102.2526 110.5967 119.7127 131.1038 141.9645 150.3344 157.0672 159.8765 158.7634 155.2153 147.0981 132.8584 115.3413 96.51366 77.44554 58.17846 40.88614 27.74274 18.12542 11.93099 9.000927 9.319388 14.24399 23.6334
21.40332 19.14848 16.60629 13.55436 10.6443 8.33914 6.74689 5.673806 5.057542 4.908612 5.125454 5.422419 5.603848 5.999606 6.711164 7.351571 7.870723 8.418194 9.210635 10.23073 11.22016 12.04318 12.78033 13.48617 14.26514 15.57157 18.14703 21.56194 25.52314 30.71004 36.92795 43.97636 51.45901 59.36823 66.8991 73.84167 81.09938 89.09094 98.25496 107.7141 117.2274 129.0625 140.4341 149.5939 157.5143 161.9598 161.9953 158.7346 152.3415 138.695 120.9576 102.0406 83.24647 64.20122 45.98533 32.23772 22.43417 15.7733 12.72944 14.47124 23.0854 39.82272
24.25568 22.02182 19.31425 16.21303 12.86339 9.990854 7.918052 6.424275 5.495892 5.127901 5.198738 5.445947 5.68631 5.888846 6.248313 6.481643 6.798973 6.99852 7.288879 7.86729 8.604862 9.256107 9.823816 10.62416 11.33454 12.17317 13.90683 16.42365 19.4985 23.51383 28.21717 34.37965 41.9063 50.40356 58.60779 66.19122 74.36903 83.82066 93.98186 104.8261 114.8919 126.9996 139.0821 149.2687 158.7771 165.1503 166.1236 162.5554 156.2268 144.0302 126.5872 107.9278 89.90627 72.95959 55.43622 40.9103 30.88861 23.99881 21.61547 28.5569 45.58529 67.81234
27.11188 25.11372 22.33339 19.15374 15.3332 12.00379 9.479873 7.575792 6.33973 5.721973 5.580847 5.728543 5.941995 5.976299 5.900089 5.720776 5.638463 5.694215 5.677543 5.857322 6.332067 6.915102 7.558473 8.330847 9.225728 10.13345 11.31404 13.11878 14.96804 17.49994 21.34641 26.41852 33.54883 41.81886 49.79622 57.58763 67.43642 78.28001 89.54602 101.3421 112.6247 125.4016 138.2208 149.6154 160.829 169.0178 170.4432 166.2618 159.5361 148.6812 132.3636 114.0308 96.89848 84.37865 69.95926 56.86889 48.579 43.80257 44.72202 54.98955 73.75751 94.70008
29.8582 28.07752 25.47923 22.20591 17.99762 14.2477 11.13727 8.92446 7.373873 6.451435 6.169797 6.375827 6.571104 6.257721 5.565775 4.832026 4.424966 4.415824 4.319086 4.273359 4.615247 5.207354 5.933986 6.825882 7.821757 8.65943 9.585019 10.64334 11.76493 13.28497 16.29931 20.33108 26.53515 34.44231 42.5051 50.9388 61.56166 73.32791 85.48125 98.18997 110.9515 124.6135 138.3398 150.9692 164.1298 173.654 175.1123 170.4113 163.2865 152.7278 137.8044 120.2135 104.5723 95.92896 84.9271 75.86551 69.91072 67.42285 70.05795 81.71665 100.0655 118.7532
32.55925 30.72337 28.1351 24.7002 20.62133 16.52566 12.99664 10.62062 8.765748 7.574242 7.379938 7.620389 7.715015 7.009724 5.855392 4.597233 3.912001 3.723593 3.518747 3.421321 3.77278 4.433784 5.29315 6.412095 7.550681 8.420948 9.107229 10.14004 10.91977 11.82681 14.4031 17.80515 23.30554 31.04045 39.52571 48.67455 59.19718 70.67865 83.32329 97.33608 111.3203 125.8272 140.1424 153.9709 168.5107 178.0223 179.4222 174.7097 167.0211 156.7578 142.9561 127.1065 113.7635 108.2323 100.0087 93.94711 91.9045 92.42165 96.15385 106.9389 122.3444 139.1068
