py_wake/examples/data/AJ_ParqueFicticio/Ridge area   Sector 6   Height 30m   Weibull-A.grd
DSAA
90  129
 262878   265103
 6504214   6507414
 1.15   8.031153
[rows 54 to 80 of 129, columns 0 to 61 of 90]
6.515649 6.3026 6.030982 5.699483 5.356245 4.980244 4.601866 4.257185 3.930596 3.659891 3.504803 3.413942 3.310498 3.122124 2.866226 2.587475 2.357337 2.244117 2.198386 2.249954 2.443316 2.692003 2.948342 3.178582 3.358497 3.441811 3.496172 3.62962 3.729505 3.855755 4.106736 4.382531 4.668993 4.971412 5.23116 5.481164 5.738351 5.984488 6.229665 6.474265 6.711329 6.940661 7.141541 7.315229 7.463953 7.562009 7.574278 7.514918 7.407085 7.250418 7.087137 6.899173 6.71005 6.548827 6.41991 6.365794 6.333245 6.326367 6.355726 6.441554 6.588406 6.745776
6.620431 6.454732 6.231433 5.943771 5.59948 5.234905 4.886867 4.563173 4.275671 4.053404 3.93169 3.868108 3.757586 3.541906 3.267152 2.974485 2.720729 2.535913 2.436697 2.453381 2.590723 2.807883 3.040374 3.267428 3.489855 3.656113 3.807507 3.958217 4.116155 4.306931 4.519753 4.771292 4.99515 5.184213 5.357228 5.546857 5.783729 6.012544 6.232985 6.45642 6.681272 6.904176 7.101016 7.279099 7.429253 7.53055 7.567511 7.538364 7.468893 7.328777 7.156964 6.973677 6.789165 6.633037 6.496719 6.43901 6.412299 6.413533 6.442157 6.509944 6.608299 6.70869
6.714696 6.597903 6.424586 6.18029 5.858605 5.5132 5.174497 4.865364 4.606349 4.416521 4.329741 4.307099 4.23375 4.008455 3.722532 3.413359 3.139473 2.912015 2.7472 2.6908 2.797543 2.987201 3.189158 3.430504 3.695208 3.928074 4.131523 4.319345 4.496494 4.696764 4.913452 5.130651 5.317676 5.456538 5.589951 5.746532 5.923048 6.105985 6.285447 6.485445 6.699155 6.905763 7.091955 7.266504 7.41192 7.507753 7.558976 7.546398 7.499088 7.40203 7.241088 7.055815 6.871299 6.709519 6.559117 6.475349 6.450619 6.456063 6.480507 6.528271 6.592949 6.662252
6.80135 6.718689 6.58287 6.387409 6.124252 5.796471 5.472486 5.19723 4.973167 4.80838 4.716527 4.717616 4.692765 4.531323 4.259123 3.939725 3.61787 3.348405 3.123439 3.020524 3.101503 3.264473 3.432112 3.652732 3.928873 4.20158 4.44103 4.661023 4.852804 5.060067 5.271922 5.463819 5.620238 5.754648 5.89058 6.02132 6.152893 6.280076 6.41673 6.583893 6.778206 6.965029 7.134924 7.29352 7.417932 7.506971 7.561872 7.560398 7.522946 7.453144 7.336506 7.165317 6.980435 6.807941 6.64328 6.523182 6.481655 6.473908 6.486305 6.5205 6.56673 6.606051
6.868863 6.816181 6.711977 6.541203 6.322197 6.052518 5.773701 5.504561 5.290754 5.158317 5.104321 5.102728 5.088238 4.966235 4.734437 4.460975 4.166752 3.897264 3.626845 3.48803 3.521698 3.627484 3.760235 3.953508 4.209227 4.485549 4.742244 4.971072 5.190615 5.394464 5.595036 5.779757 5.929226 6.061556 6.185771 6.305953 6.419481 6.528191 6.645513 6.778235 6.928814 7.083675 7.234423 7.360713 7.464086 7.541015 7.592662 7.596353 7.564502 7.498194 7.410635 7.276903 7.103207 6.932015 6.757887 6.608069 6.544763 6.509195 6.499417 6.504613 6.515213 6.516267
6.928631 6.913519 6.84688 6.713918 6.526683 6.294804 6.051821 5.818215 5.622421 5.495321 5.453036 5.460751 5.454227 5.360753 5.162224 4.924176 4.662986 4.392776 4.149525 4.001933 3.9887 4.025146 4.130304 4.313858 4.546093 4.795068 5.041937 5.271161 5.484801 5.693923 5.880285 6.063868 6.22194 6.352575 6.47079 6.584028 6.685081 6.785271 6.889513 7.000905 7.114722 7.235295 7.350451 7.44932 7.544784 7.613029 7.66221 7.671957 7.639402 7.567475 7.477552 7.369116 7.222515 7.053016 6.872968 6.712424 6.610135 6.558181 6.51094 6.474145 6.439005 6.400646
6.994061 7.010332 6.984634 6.894472 6.745312 6.556447 6.350996 6.154848 5.975071 5.838483 5.788022 5.801616 5.810778 5.745939 5.594846 5.415021 5.195907 4.944172 4.699646 4.509634 4.474293 4.485435 4.54041 4.698553 4.903806 5.117782 5.340436 5.550208 5.754793 5.95113 6.138698 6.309638 6.470172 6.599242 6.710564 6.817799 6.909011 6.996316 7.088364 7.175994 7.268556 7.361405 7.445812 7.530845 7.622688 7.688774 7.734204 7.753793 7.7366 7.66132 7.5524 7.439579 7.314474 7.159103 6.975291 6.803926 6.663653 6.582111 6.508572 6.425909 6.344351 6.269555
7.074037 7.106585 7.103596 7.04563 6.930646 6.783274 6.623981 6.464299 6.307957 6.1803 6.123596 6.116293 6.131519 6.11718 6.025698 5.882518 5.704398 5.490834 5.270149 5.088094 5.004823 4.979804 4.994525 5.106726 5.27727 5.455216 5.632266 5.814422 6.004621 6.179747 6.350769 6.511668 6.647005 6.759375 6.871755 6.969067 7.051469 7.13511 7.215697 7.292353 7.373222 7.445467 7.509884 7.579183 7.658563 7.711399 7.742641 7.767525 7.776503 7.735467 7.625043 7.498188 7.374024 7.234769 7.054174 6.864149 6.694334 6.556866 6.453018 6.343985 6.223032 6.110417
7.151094 7.198766 7.217297 7.20149 7.131683 7.023654 6.893312 6.74962 6.607998 6.486403 6.421695 6.415139 6.42358 6.408461 6.357835 6.251262 6.130761 5.982035 5.83239 5.688222 5.568152 5.532743 5.528217 5.591208 5.696892 5.832608 5.964048 6.087905 6.22939 6.382724 6.519085 6.65575 6.769555 6.85725 6.945059 7.034966 7.122639 7.205756 7.27999 7.354354 7.42893 7.493634 7.552785 7.613217 7.672115 7.704587 7.716644 7.734343 7.754493 7.755806 7.683447 7.555963 7.421199 7.285041 7.115348 6.910854 6.711242 6.540799 6.38941 6.237078 6.073922 5.905221
7.180093 7.24816 7.29276 7.29809 7.257458 7.183737 7.089967 6.978742 6.86572 6.759216 6.675521 6.623958 6.611451 6.615696 6.609942 6.555731 6.479065 6.393627 6.298848 6.20187 6.116225 6.059554 6.056996 6.077744 6.142607 6.209181 6.266623 6.339839 6.44574 6.551593 6.658948 6.763308 6.849243 6.925063 6.984176 7.05268 7.133533 7.216971 7.29594 7.369776 7.440483 7.503032 7.56383 7.628453 7.681889 7.697164 7.693738 7.698942 7.712638 7.729825 7.707541 7.605423 7.46759 7.331356 7.177574 6.972557 6.746494 6.547978 6.367111 6.177796 5.955483 5.724297
7.119482 7.205348 7.276602 7.288475 7.25375 7.192778 7.111921 7.019846 6.929235 6.843276 6.770206 6.720618 6.705554 6.719321 6.746379 6.735691 6.672649 6.611606 6.575849 6.5652 6.510627 6.439917 6.409188 6.438492 6.483786 6.483699 6.4936 6.546085 6.613807 6.680788 6.761055 6.834109 6.896757 6.955457 6.998938 7.036898 7.106956 7.181827 7.257584 7.333627 7.406173 7.467428 7.527308 7.596322 7.66635 7.684471 7.670319 7.662011 7.664297 7.677899 7.684834 7.627874 7.502634 7.368789 7.232869 7.04569 6.801589 6.583816 6.374667 6.157502 5.897836 5.619615
6.960196 7.058508 7.162976 7.204309 7.190405 7.153089 7.088988 7.008594 6.924136 6.844667 6.770221 6.706375 6.67039 6.675291 6.712329 6.72446 6.701712 6.671536 6.662588 6.686698 6.6653 6.613171 6.588071 6.621032 6.645529 6.639632 6.639881 6.672403 6.709033 6.751491 6.802608 6.847875 6.887523 6.924445 6.950567 6.967531 7.021389 7.0821 7.151947 7.23201 7.310081 7.376979 7.439393 7.51107 7.603735 7.652659 7.644438 7.62746 7.617611 7.621543 7.632498 7.611515 7.511685 7.386468 7.262142 7.107522 6.858694 6.632412 6.408294 6.178248 5.902403 5.597654
6.7367 6.839181 6.959249 7.051374 7.061363 7.039255 6.986471 6.907995 6.813065 6.717761 6.625633 6.539781 6.481613 6.475785 6.526021 6.573358 6.573524 6.569023 6.575536 6.60554 6.613421 6.607761 6.604838 6.626393 6.654705 6.673957 6.691915 6.716457 6.740689 6.764584 6.792688 6.813941 6.828714 6.841759 6.847579 6.854957 6.886561 6.926713 6.989655 7.071504 7.153511 7.240468 7.317897 7.395338 7.493277 7.585953 7.60822 7.592202 7.574739 7.569003 7.574445 7.567303 7.487768 7.377085 7.268007 7.147479 6.916161 6.693423 6.465421 6.229897 5.949871 5.62702
6.479743 6.577456 6.68898 6.804621 6.872824 6.880913 6.842016 6.760211 6.643041 6.517568 6.396019 6.282347 6.204418 6.194126 6.252429 6.34733 6.372928 6.370195 6.380677 6.427163 6.462769 6.469562 6.48112 6.515421 6.552228 6.576066 6.604922 6.643864 6.664242 6.686993 6.720983 6.73182 6.721114 6.708693 6.700401 6.718864 6.730035 6.747988 6.797309 6.876503 6.964543 7.069005 7.173174 7.265169 7.364663 7.480279 7.548903 7.553155 7.53495 7.523995 7.525673 7.522577 7.454727 7.357096 7.26433 7.16863 6.974105 6.766331 6.543253 6.303829 6.019763 5.687778
6.202539 6.293511 6.390694 6.488043 6.568285 6.618741 6.608672 6.522371 6.378107 6.217808 6.070508 5.940169 5.853737 5.847577 5.90354 6.009999 6.096897 6.118412 6.13107 6.181413 6.244082 6.264258 6.279777 6.319871 6.361579 6.381547 6.405287 6.4394 6.461194 6.489326 6.525226 6.542557 6.520324 6.485672 6.48371 6.51533 6.526008 6.532552 6.567983 6.644559 6.749266 6.868671 7.001351 7.122297 7.22636 7.344307 7.453676 7.501108 7.493473 7.483159 7.484374 7.484473 7.424821 7.33496 7.252925 7.171257 7.012414 6.820077 6.612037 6.377638 6.092625 5.756845
5.928901 6.000887 6.082205 6.141714 6.183588 6.215121 6.212018 6.140156 6.011332 5.853177 5.698479 5.560631 5.467377 5.442226 5.484875 5.582714 5.696144 5.768173 5.819911 5.868669 5.929455 5.982279 6.008337 6.038441 6.077997 6.115328 6.131227 6.135986 6.154518 6.18449 6.205746 6.22194 6.202988 6.162733 6.15986 6.183938 6.206947 6.228507 6.278638 6.362301 6.489834 6.633966 6.791728 6.957171 7.079072 7.195911 7.323394 7.422111 7.447717 7.444214 7.4498 7.452407 7.396032 7.303889 7.219418 7.126348 6.977463 6.79233 6.595594 6.37645 6.113058 5.803294
5.64384 5.704819 5.77144 5.797895 5.794102 5.794623 5.780255 5.723767 5.610738 5.462023 5.310719 5.166851 5.049521 5.003845 5.037668 5.127123 5.23288 5.325445 5.417512 5.498526 5.55786 5.624746 5.679816 5.71259 5.748552 5.77791 5.79742 5.785292 5.78709 5.785859 5.793723 5.792223 5.783456 5.760524 5.742878 5.735374 5.735621 5.761864 5.844398 6.003633 6.178671 6.361414 6.558119 6.763736 6.93209 7.048434 7.17792 7.307729 7.379156 7.394568 7.410113 7.421535 7.374622 7.281533 7.190086 7.077392 6.930367 6.74567 6.554935 6.336588 6.090157 5.810843
5.313289 5.367041 5.433889 5.449159 5.403251 5.362457 5.330038 5.275106 5.168491 5.024587 4.87478 4.711625 4.563418 4.523911 4.565547 4.661533 4.755854 4.860321 4.968156 5.067505 5.157233 5.23863 5.297124 5.338361 5.375584 5.394474 5.396072 5.378627 5.360884 5.342522 5.330752 5.346514 5.349306 5.330824 5.305624 5.273289 5.249746 5.219925 5.255267 5.513105 5.841913 6.083642 6.316699 6.555152 6.777316 6.909377 7.036658 7.174466 7.286326 7.334553 7.360475 7.376854 7.343331 7.259567 7.165574 7.040708 6.891041 6.705532 6.511241 6.297417 6.060217 5.799272
4.890599 4.895821 4.953545 4.964015 4.885319 4.817131 4.775474 4.728216 4.631936 4.493598 4.34271 4.182263 4.02362 3.966245 4.023996 4.128571 4.244444 4.366983 4.486582 4.594316 4.698624 4.805044 4.873405 4.90366 4.929153 4.94385 4.946313 4.920128 4.886776 4.862736 4.872931 4.906052 4.920175 4.905998 4.862772 4.832588 4.849257 4.82395 4.816274 5.079772 5.530641 5.856727 6.12065 6.379589 6.630323 6.786984 6.906016 7.030654 7.146772 7.213246 7.24407 7.265308 7.253501 7.198909 7.115732 7.000161 6.855705 6.672427 6.474404 6.258055 6.021158 5.767475
4.279504 4.249605 4.268221 4.258644 4.199403 4.165762 4.140592 4.101062 4.02409 3.908571 3.770847 3.612146 3.451259 3.377721 3.405023 3.525051 3.658442 3.816204 3.946666 4.067814 4.182266 4.273015 4.342595 4.371467 4.375408 4.381448 4.394276 4.386582 4.376747 4.367766 4.38844 4.422503 4.485627 4.519096 4.492665 4.495293 4.556555 4.602468 4.692036 4.936042 5.382 5.735972 6.01366 6.272304 6.525374 6.692949 6.797151 6.902009 6.999112 7.061003 7.094464 7.125242 7.133322 7.107844 7.046029 6.950627 6.819071 6.645939 6.44948 6.229514 5.992467 5.737195
3.562264 3.533225 3.543941 3.543677 3.550016 3.565021 3.556371 3.519663 3.466952 3.363298 3.19574 3.028357 2.895151 2.857207 2.895215 2.966274 3.118424 3.282585 3.420342 3.572881 3.711109 3.768219 3.785113 3.820144 3.837664 3.832563 3.809031 3.79494 3.780317 3.797318 3.837299 3.874282 3.996211 4.133946 4.194777 4.25641 4.367272 4.510883 4.687836 4.945201 5.345134 5.684024 5.96724 6.221857 6.464532 6.628253 6.715676 6.802532 6.875768 6.924667 6.960031 6.998621 7.018219 7.00455 6.959997 6.8875 6.770566 6.618141 6.435084 6.220148 5.980577 5.720752
3.026527 2.988081 2.992403 3.037492 3.085567 3.119625 3.129494 3.136703 3.157153 3.101314 2.964618 2.785408 2.596415 2.53126 2.622721 2.712515 2.779067 2.927458 3.115363 3.296337 3.441763 3.47906 3.440895 3.393975 3.416559 3.449385 3.411317 3.316011 3.235007 3.28544 3.351033 3.367044 3.501584 3.767359 3.976981 4.148596 4.340583 4.544862 4.744818 5.010029 5.373893 5.684266 5.950022 6.189483 6.420473 6.579007 6.654009 6.726548 6.775058 6.805531 6.835041 6.873069 6.891289 6.873991 6.843934 6.796131 6.697768 6.566814 6.409295 6.216167 5.980383 5.722275
2.699855 2.704883 2.740722 2.814965 2.893553 2.950881 2.962902 3.00415 3.064388 3.04101 2.951676 2.811954 2.653317 2.578438 2.656583 2.727809 2.75616 2.848748 3.025802 3.208835 3.321193 3.338511 3.293396 3.227717 3.226909 3.264835 3.235266 3.146484 3.049582 3.070863 3.153373 3.192549 3.328322 3.650866 3.952877 4.22127 4.472797 4.707383 4.908888 5.169888 5.481393 5.74931 5.985909 6.196883 6.407049 6.552347 6.613615 6.668783 6.688469 6.695862 6.708943 6.72306 6.716454 6.694658 6.671884 6.638873 6.572032 6.474147 6.35283 6.193887 5.978508 5.738952
2.484265 2.543297 2.63908 2.759613 2.877108 2.968441 3.051579 3.113604 3.174645 3.178428 3.133675 3.03247 2.968735 2.940053 2.952183 2.995959 3.01211 3.060337 3.136141 3.244756 3.335565 3.368342 3.358806 3.327441 3.313786 3.31789 3.295981 3.245884 3.200658 3.224276 3.283391 3.35455 3.524014 3.80717 4.11395 4.405756 4.67662 4.930473 5.156851 5.406185 5.65643 5.881867 6.075322 6.245899 6.421816 6.542347 6.592457 6.627281 6.621662 6.60159 6.562812 6.517781 6.483872 6.454679 6.425655 6.402366 6.368092 6.309458 6.227018 6.112451 5.942386 5.751581
2.394591 2.47699 2.615735 2.801594 2.960349 3.077021 3.167187 3.282192 3.370166 3.397902 3.403156 3.412524 3.38586 3.362571 3.36161 3.396155 3.424628 3.410593 3.407237 3.441665 3.503918 3.538808 3.555979 3.572189 3.573511 3.541773 3.506298 3.481152 3.478052 3.495029 3.535576 3.628343 3.815667 4.067478 4.365423 4.653913 4.922025 5.175939 5.416194 5.641987 5.843966 6.033895 6.189399 6.335199 6.469771 6.55156 6.589124 6.600957 6.575714 6.513744 6.398582 6.294096 6.226547 6.1744 6.132657 6.108812 6.098257 6.071903 6.02905 5.962298 5.853619 5.726262
2.472093 2.569471 2.725202 2.962408 3.14555 3.247383 3.34084 3.493105 3.613764 3.698361 3.772637 3.80243 3.808373 3.80835 3.839483 3.85699 3.854527 3.826995 3.802387 3.794711 3.810611 3.824222 3.850469 3.883195 3.885346 3.842305 3.79958 3.790273 3.787068 3.780566 3.815023 3.923107 4.085128 4.332343 4.633894 4.916201 5.170916 5.417268 5.650676 5.849603 6.024223 6.174288 6.300429 6.432364 6.533863 6.58098 6.604494 6.598386 6.554018 6.426921 6.266235 6.108751 5.984917 5.896614 5.833742 5.798029 5.784419 5.774483 5.766205 5.746057 5.693855 5.632881
2.730424 2.870468 3.06023 3.287418 3.457478 3.57185 3.690976 3.824219 3.967657 4.095026 4.191977 4.256104 4.30058 4.329759 4.343935 4.349677 4.333451 4.29612 4.266115 4.226217 4.221001 4.225645 4.245486 4.25832 4.250093 4.217906 4.179874 4.156046 4.133745 4.123644 4.158471 4.249209 4.384794 4.611404 4.886297 5.150384 5.391133 5.625661 5.84674 6.03144 6.188498 6.311085 6.421077 6.522275 6.58717 6.619052 6.631496 6.617993 6.546643 6.384524 6.191754 5.986446 5.801374 5.654176 5.54396 5.475519 5.447611 5.437943 5.438997 5.44846 5.441395 5.428498
