py_wake/examples/data/AJ_ParqueFicticio/Ridge area   Sector 8   Height 30m   Turbulence intensity.grd
DSAA
90  129
 262878   265103
 6504214   6507414
 10.24184   100
[rows 84 to 111 of 129, columns 0 to 61 of 90]
13.96013 13.76629 13.52509 13.33403 13.16695 12.93806 12.7482 12.62142 12.48796 12.29702 12.1401 12.04528 11.98393 12.05415 12.29255 12.64133 13.07334 13.57839 14.14701 14.82731 15.8417 17.06537 18.37032 19.60709 20.45217 20.83023 21.01577 21.04986 20.71965 20.47781 20.2275 19.64154 18.81218 17.81809 16.71751 15.68302 14.75182 13.81234 12.97457 12.52536 12.14811 11.80097 11.67318 11.75626 11.88068 12.0438 12.27456 12.80783 13.76645 14.79401 16.22214 19.72124 59.05185 30.78985 38.61543 43.56751 44.454 46.00999 47.25381 48.07902 48.3269 47.87659
13.07542 12.89852 12.72586 12.58128 12.40997 12.2889 12.21928 12.13875 12.0469 11.97043 11.96071 12.03671 12.18533 12.36903 12.63677 12.93159 13.31348 13.80796 14.46334 15.2875 16.23306 17.31037 18.45972 19.50796 20.28027 20.59262 20.51057 20.18592 19.55169 19.0334 18.33307 17.46618 16.68371 15.95916 15.13778 14.37884 13.85221 13.19741 12.66878 12.39336 12.13033 11.92256 11.83348 11.87487 12.00531 12.17442 12.52524 13.13256 13.97066 14.8854 16.21529 20.61961 68.57889 26.62417 33.59866 40.05585 43.14034 44.39337 45.84505 47.35804 48.45601 48.82425
12.43636 12.32691 12.21427 12.09939 11.97745 11.94743 11.97443 12.00065 12.00812 12.03765 12.17631 12.41259 12.70013 12.98716 13.25893 13.55932 13.87239 14.34913 15.02156 15.85987 16.80126 17.79356 18.8064 19.659 20.27288 20.50065 20.21526 19.60111 18.71482 17.85945 16.86818 15.809 15.08477 14.48595 13.90382 13.52967 13.1748 12.72672 12.44643 12.30469 12.19911 12.20053 12.29839 12.42732 12.58172 12.82357 13.18484 13.65685 14.27553 15.1026 16.41013 20.94927 53.08355 22.50753 28.12313 33.99408 38.83434 42.40564 45.00456 46.92285 48.37285 49.39055
12.04201 12.00045 11.9649 11.92404 11.90364 11.97685 12.09836 12.23888 12.38402 12.55094 12.79026 13.08698 13.41363 13.75121 14.08484 14.39544 14.71474 15.1095 15.64689 16.40039 17.30657 18.26825 19.13277 19.74859 20.17726 20.28951 19.79633 18.99332 17.95882 16.87262 15.80537 14.8338 14.10858 13.48576 13.132 12.92371 12.65933 12.37001 12.27315 12.26649 12.38608 12.60799 12.86643 13.13493 13.38034 13.62949 13.94562 14.35741 14.84486 15.62013 17.07745 21.39984 41.40625 25.76311 23.13992 27.10647 30.85607 34.65364 38.31137 41.56101 44.0648 46.15392
11.87488 11.90925 11.94783 12.00174 12.10922 12.27621 12.47523 12.71153 12.98568 13.3217 13.68389 14.04164 14.38948 14.74395 15.1044 15.42258 15.76017 16.06516 16.43104 17.01823 17.79287 18.56039 19.25996 19.65578 19.82325 19.73161 19.15548 18.3042 17.21235 16.10139 15.07172 14.18904 13.46174 12.90149 12.65874 12.49044 12.30082 12.1403 12.15668 12.34537 12.71772 13.07903 13.4442 13.8025 14.13597 14.47297 14.8673 15.38199 15.97768 16.75858 18.28573 22.34295 35.3544 42.03911 19.52816 22.35736 24.67514 27.00031 29.75799 32.77705 35.57061 38.27803
11.85016 11.95633 12.06406 12.21399 12.46878 12.76614 13.05687 13.37363 13.75784 14.20179 14.67239 15.12554 15.58177 15.9992 16.35401 16.67111 16.99646 17.13552 17.34167 17.72998 18.30144 18.82239 19.29383 19.46725 19.36151 19.05197 18.45887 17.59161 16.47021 15.4155 14.45079 13.62334 12.92193 12.47902 12.31572 12.16504 12.02872 11.96895 12.1071 12.52752 13.099 13.6415 14.16417 14.69566 15.27006 15.85157 16.41163 17.07948 17.72541 18.67433 20.14493 23.55165 32.08685 70.08846 23.59193 18.96613 20.97147 22.38024 23.83578 25.68454 27.61933 29.62704
11.95095 12.12687 12.27652 12.51286 12.9062 13.33399 13.75598 14.14169 14.57599 15.04264 15.57589 16.16659 16.83801 17.44238 17.78011 17.92797 18.06919 18.13638 18.2089 18.50871 18.8937 19.15305 19.39739 19.33973 18.94582 18.40895 17.7126 16.79602 15.71324 14.75249 13.87599 13.1118 12.46816 12.14217 12.04176 11.94236 11.86114 11.89154 12.18546 12.769 13.67519 14.48409 15.15401 15.90457 16.83727 17.88562 18.8737 19.82639 20.69168 21.71838 23.02088 25.59217 31.47833 49.52922 45.842 18.20347 18.03088 19.36329 20.43143 21.62971 22.82887 24.03816
12.28911 12.52545 12.75033 13.05573 13.50764 13.99452 14.46789 14.89555 15.35687 15.84527 16.37146 17.00439 17.78336 18.49614 18.78851 18.67481 18.65173 18.64254 18.57669 18.74764 19.02008 18.9986 19.11269 18.81994 18.2098 17.56785 16.83275 15.90986 14.96333 14.17653 13.43456 12.81246 12.32873 12.10297 12.05294 12.0307 12.06675 12.25315 12.64308 13.44812 14.41439 15.39492 16.46703 17.90913 19.7133 21.45518 22.88302 24.11025 25.22539 26.02299 26.84918 28.86612 33.92632 46.91692 92.84872 27.39796 15.997 16.78829 17.76201 18.84369 19.78989 20.7064
12.95662 13.21958 13.52871 13.92783 14.38126 14.88029 15.40987 15.89868 16.34975 16.75484 17.1862 17.70192 18.20628 18.60965 18.72097 18.58435 18.55141 18.39278 18.19002 18.24408 18.20513 18.0097 17.86287 17.46492 16.92682 16.34786 15.7283 14.9675 14.23426 13.66827 13.1075 12.68699 12.4131 12.29087 12.26294 12.2873 12.43885 12.79592 13.34776 14.23012 15.37891 17.04983 19.23166 21.92404 24.99506 27.39836 28.98815 30.03615 30.88054 31.55059 31.92753 33.78905 38.1621 48.03829 72.6864 54.72284 23.01295 15.11134 15.78704 16.47434 17.17435 17.93446
13.82706 14.0996 14.4233 14.8426 15.41641 16.07192 16.75562 17.27905 17.66078 17.82806 17.95991 18.12144 18.27537 18.38483 18.20092 18.00906 17.96426 17.71031 17.43683 17.21952 16.81893 16.55542 16.22067 15.84602 15.45393 14.99062 14.52591 14.0102 13.56758 13.19187 12.80702 12.55721 12.4426 12.44401 12.49984 12.58772 12.86347 13.31293 13.98559 15.04032 16.89781 20.0417 24.34762 29.24142 33.85982 36.79204 38.0194 38.20284 38.40936 38.78234 38.21015 39.05281 41.85843 49.21138 63.4451 92.91628 50.8543 22.61572 14.51878 14.75715 15.08383 15.58785
14.67115 15.01106 15.28506 15.69296 16.33637 17.26372 18.36455 18.97548 18.93012 18.81766 18.65335 18.39674 18.24541 18.04037 17.5922 17.26386 17.00464 16.66665 16.33503 15.88624 15.44854 15.0845 14.76663 14.51004 14.20641 13.92028 13.59538 13.25815 13.03851 12.80901 12.5768 12.45134 12.46477 12.5988 12.77244 12.97534 13.35364 13.85351 14.60583 15.92822 18.8786 24.56995 32.28664 41.20124 48.34219 49.33934 48.67461 48.04905 47.84381 47.66039 45.43593 43.5941 45.28078 50.45195 59.65687 73.70956 96.12597 80.672 29.35845 15.36759 13.79157 13.96412
15.46727 15.85884 16.12829 16.46551 17.11879 18.10509 19.0378 19.54494 19.24829 19.01369 18.75115 18.19009 17.79537 17.343 16.73449 16.22909 15.81266 15.44793 15.04138 14.60519 14.25784 13.9545 13.65896 13.40844 13.20592 13.07603 12.86751 12.71804 12.65607 12.56924 12.50485 12.50822 12.5946 12.79001 13.02453 13.31917 13.71738 14.2334 15.05395 16.75672 21.20041 29.67813 42.75514 61.37968 68.34307 65.9464 62.48197 60.85527 60.13471 57.5821 50.58074 47.09825 47.64818 51.53032 57.9269 66.41991 75.53448 85.61082 100 100 28.89397 13.25574
16.31639 16.63598 16.89586 17.14977 17.7053 18.34278 18.8947 19.16118 18.71866 18.4571 18.04047 17.44917 16.84219 16.18017 15.56671 15.0682 14.64943 14.22015 13.80125 13.45977 13.22239 12.98238 12.73226 12.50988 12.39996 12.32582 12.25276 12.30381 12.36846 12.42044 12.51099 12.64515 12.81207 13.05596 13.32757 13.66371 14.0762 14.60249 15.52711 17.5686 23.36827 35.25274 57.49791 87.76691 100 100 100 92.23251 77.84297 62.19567 53.20844 48.98752 48.78413 51.89003 56.93819 63.02491 68.94162 73.32623 74.28318 72.91569 71.46317 75.50593
17.01351 17.24148 17.42312 17.63309 17.96287 18.27039 18.56019 18.48956 17.93681 17.49751 16.90599 16.30536 15.69846 15.06332 14.49705 14.00895 13.58031 13.15867 12.7907 12.53374 12.3238 12.12434 11.91613 11.81952 11.81069 11.78627 11.82625 11.98069 12.14545 12.33291 12.57835 12.8415 13.12363 13.42624 13.72807 14.08338 14.49087 15.02686 16.01461 18.34181 25.35898 41.23191 63.70676 73.56865 57.43376 35.38187 39.55618 42.89885 56.1446 54.99427 50.59908 47.86293 48.02639 51.12633 55.8038 60.96 65.59483 69.60724 69.72181 65.40622 60.11314 54.99465
17.12193 17.35952 17.51299 17.75256 17.90788 18.00781 18.11447 17.71213 17.04509 16.42914 15.83908 15.23678 14.68104 14.13757 13.61536 13.14118 12.76978 12.42999 12.12817 11.8985 11.69451 11.55105 11.43275 11.43329 11.49263 11.54205 11.65684 11.85506 12.06753 12.33735 12.6789 13.03341 13.40857 13.78418 14.15294 14.54584 14.94766 15.50017 16.56081 19.18323 26.77304 43.16727 60.65677 57.49424 27.75623 36.90682 43.3868 44.77187 42.71573 38.97796 41.43272 43.17917 44.91146 48.64894 53.61404 58.86192 63.35916 66.90295 68.18157 64.27992 58.68147 53.52054
16.70276 16.83961 16.97776 17.24971 17.30011 17.3122 17.26227 16.74893 16.09672 15.51029 14.97107 14.45341 13.9459 13.47459 13.05362 12.65613 12.32099 12.03077 11.80528 11.63013 11.49608 11.40927 11.37074 11.41337 11.49984 11.58503 11.71993 11.91033 12.12533 12.42403 12.81202 13.23503 13.68854 14.15436 14.60883 15.0586 15.47783 16.04401 17.15799 19.83601 27.04278 41.53616 57.10579 51.99656 25.49735 34.34413 42.41159 46.66333 46.64482 43.70372 40.37829 38.13127 40.2113 44.53269 49.89624 55.55946 60.51428 64.18829 65.95998 64.24132 59.41716 54.39874
1.70141E+38 1.70141E+38 1.70141E+38 1.70141E+38 1.70141E+38 1.70141E+38 1.70141E+38 1.70141E+38 1.70141E+38 1.70141E+38 1.70141E+38 1.70141E+38 1.70141E+38 1.70141E+38 1.70141E+38 1.70141E+38 1.70141E+38 1.70141E+38 1.70141E+38 1.70141E+38 1.70141E+38 1.70141E+38 1.70141E+38 1.70141E+38 1.70141E+38 1.70141E+38 1.70141E+38 1.70141E+38 1.70141E+38 1.70141E+38 1.70141E+38 1.70141E+38 1.70141E+38 1.70141E+38 1.70141E+38 1.70141E+38 1.70141E+38 1.70141E+38 1.70141E+38 1.70141E+38 1.70141E+38 1.70141E+38 1.70141E+38 1.70141E+38 1.70141E+38 1.70141E+38 1.70141E+38 1.70141E+38 1.70141E+38 1.70141E+38 1.70141E+38 1.70141E+38 1.70141E+38 1.70141E+38 1.70141E+38 1.70141E+38 1.70141E+38 1.70141E+38 1.70141E+38 1.70141E+38 1.70141E+38 1.70141E+38
1.70141E+38 1.70141E+38 1.70141E+38 1.70141E+38 1.70141E+38 1.70141E+38 1.70141E+38 1.70141E+38 1.70141E+38 1.70141E+38 1.70141E+38 1.70141E+38 1.70141E+38 1.70141E+38 1.70141E+38 1.70141E+38 1.70141E+38 1.70141E+38 1.70141E+38 1.70141E+38 1.70141E+38 1.70141E+38 1.70141E+38 1.70141E+38 1.70141E+38 1.70141E+38 1.70141E+38 1.70141E+38 1.70141E+38 1.70141E+38 1.70141E+38 1.70141E+38 1.70141E+38 1.70141E+38 1.70141E+38 1.70141E+38 1.70141E+38 1.70141E+38 1.70141E+38 1.70141E+38 1.70141E+38 1.70141E+38 1.70141E+38 1.70141E+38 1.70141E+38 1.70141E+38 1.70141E+38 1.70141E+38 1.70141E+38 1.70141E+38 1.70141E+38 1.70141E+38 1.70141E+38 1.70141E+38 1.70141E+38 1.70141E+38 1.70141E+38 1.70141E+38 1.70141E+38 1.70141E+38 1.70141E+38 1.70141E+38
1.70141E+38 1.70141E+38 1.70141E+38 1.70141E+38 1.70141E+38 1.70141E+38 1.70141E+38 1.70141E+38 1.70141E+38 1.70141E+38 1.70141E+38 1.70141E+38 1.70141E+38 1.70141E+38 1.70141E+38 1.70141E+38 1.70141E+38 1.70141E+38 1.70141E+38 1.70141E+38 1.70141E+38 1.70141E+38 1.70141E+38 1.70141E+38 1.70141E+38 1.70141E+38 1.70141E+38 1.70141E+38 1.70141E+38 1.70141E+38 1.70141E+38 1.70141E+38 1.70141E+38 1.70141E+38 1.70141E+38 1.70141E+38 1.70141E+38 1.70141E+38 1.70141E+38 1.70141E+38 1.70141E+38 1.70141E+38 1.70141E+38 1.70141E+38 1.70141E+38 1.70141E+38 1.70141E+38 1.70141E+38 1.70141E+38 1.70141E+38 1.70141E+38 1.70141E+38 1.70141E+38 1.70141E+38 1.70141E+38 1.70141E+38 1.70141E+38 1.70141E+38 1.70141E+38 1.70141E+38 1.70141E+38 1.70141E+38
1.70141E+38 1.70141E+38 1.70141E+38 1.70141E+38 1.70141E+38 1.70141E+38 1.70141E+38 1.70141E+38 1.70141E+38 1.70141E+38 1.70141E+38 1.70141E+38 1.70141E+38 1.70141E+38 1.70141E+38 1.70141E+38 1.70141E+38 1.70141E+38 1.70141E+38 1.70141E+38 1.70141E+38 1.70141E+38 1.70141E+38 1.70141E+38 1.70141E+38 1.70141E+38 1.70141E+38 1.70141E+38 1.70141E+38 1.70141E+38 1.70141E+38 1.70141E+38 1.70141E+38 1.70141E+38 1.70141E+38 1.70141E+38 1.70141E+38 1.70141E+38 1.70141E+38 1.70141E+38 1.70141E+38 1.70141E+38 1.70141E+38 1.70141E+38 1.70141E+38 1.70141E+38 1.70141E+38 1.70141E+38 1.70141E+38 1.70141E+38 1.70141E+38 1.70141E+38 1.70141E+38 1.70141E+38 1.70141E+38 1.70141E+38 1.70141E+38 1.70141E+38 1.70141E+38 1.70141E+38 1.70141E+38 1.70141E+38
1.70141E+38 1.70141E+38 1.70141E+38 1.70141E+38 1.70141E+38 1.70141E+38 1.70141E+38 1.70141E+38 1.70141E+38 1.70141E+38 1.70141E+38 1.70141E+38 1.70141E+38 1.70141E+38 1.70141E+38 1.70141E+38 1.70141E+38 1.70141E+38 1.70141E+38 1.70141E+38 1.70141E+38 1.70141E+38 1.70141E+38 1.70141E+38 1.70141E+38 1.70141E+38 1.70141E+38 1.70141E+38 1.70141E+38 1.70141E+38 1.70141E+38 1.70141E+38 1.70141E+38 1.70141E+38 1.70141E+38 1.70141E+38 1.70141E+38 1.70141E+38 1.70141E+38 1.70141E+38 1.70141E+38 1.70141E+38 1.70141E+38 1.70141E+38 1.70141E+38 1.70141E+38 1.70141E+38 1.70141E+38 1.70141E+38 1.70141E+38 1.70141E+38 1.70141E+38 1.70141E+38 1.70141E+38 1.70141E+38 1.70141E+38 1.70141E+38 1.70141E+38 1.70141E+38 1.70141E+38 1.70141E+38 1.70141E+38
1.70141E+38 1.70141E+38 1.70141E+38 1.70141E+38 1.70141E+38 1.70141E+38 1.70141E+38 1.70141E+38 1.70141E+38 1.70141E+38 1.70141E+38 1.70141E+38 1.70141E+38 1.70141E+38 1.70141E+38 1.70141E+38 1.70141E+38 1.70141E+38 1.70141E+38 1.70141E+38 1.70141E+38 1.70141E+38 1.70141E+38 1.70141E+38 1.70141E+38 1.70141E+38 1.70141E+38 1.70141E+38 1.70141E+38 1.70141E+38 1.70141E+38 1.70141E+38 1.70141E+38 1.70141E+38 1.70141E+38 1.70141E+38 1.70141E+38 1.70141E+38 1.70141E+38 1.70141E+38 1.70141E+38 1.70141E+38 1.70141E+38 1.70141E+38 1.70141E+38 1.70141E+38 1.70141E+38 1.70141E+38 1.70141E+38 1.70141E+38 1.70141E+38 1.70141E+38 1.70141E+38 1.70141E+38 1.70141E+38 1.70141E+38 1.70141E+38 1.70141E+38 1.70141E+38 1.70141E+38 1.70141E+38 1.70141E+38
1.70141E+38 1.70141E+38 1.70141E+38 1.70141E+38 1.70141E+38 1.70141E+38 1.70141E+38 1.70141E+38 1.70141E+38 1.70141E+38 1.70141E+38 1.70141E+38 1.70141E+38 1.70141E+38 1.70141E+38 1.70141E+38 1.70141E+38 1.70141E+38 1.70141E+38 1.70141E+38 1.70141E+38 1.70141E+38 1.70141E+38 1.70141E+38 1.70141E+38 1.70141E+38 1.70141E+38 1.70141E+38 1.70141E+38 1.70141E+38 1.70141E+38 1.70141E+38 1.70141E+38 1.70141E+38 1.70141E+38 1.70141E+38 1.70141E+38 1.70141E+38 1.70141E+38 1.70141E+38 1.70141E+38 1.70141E+38 1.70141E+38 1.70141E+38 1.70141E+38 1.70141E+38 1.70141E+38 1.70141E+38 1.70141E+38 1.70141E+38 1.70141E+38 1.70141E+38 1.70141E+38 1.70141E+38 1.70141E+38 1.70141E+38 1.70141E+38 1.70141E+38 1.70141E+38 1.70141E+38 1.70141E+38 1.70141E+38
1.70141E+38 1.70141E+38 1.70141E+38 1.70141E+38 1.70141E+38 1.70141E+38 1.70141E+38 1.70141E+38 1.70141E+38 1.70141E+38 1.70141E+38 1.70141E+38 1.70141E+38 1.70141E+38 1.70141E+38 1.70141E+38 1.70141E+38 1.70141E+38 1.70141E+38 1.70141E+38 1.70141E+38 1.70141E+38 1.70141E+38 1.70141E+38 1.70141E+38 1.70141E+38 1.70141E+38 1.70141E+38 1.70141E+38 1.70141E+38 1.70141E+38 1.70141E+38 1.70141E+38 1.70141E+38 1.70141E+38 1.70141E+38 1.70141E+38 1.70141E+38 1.70141E+38 1.70141E+38 1.70141E+38 1.70141E+38 1.70141E+38 1.70141E+38 1.70141E+38 1.70141E+38 1.70141E+38 1.70141E+38 1.70141E+38 1.70141E+38 1.70141E+38 1.70141E+38 1.70141E+38 1.70141E+38 1.70141E+38 1.70141E+38 1.70141E+38 1.70141E+38 1.70141E+38 1.70141E+38 1.70141E+38 1.70141E+38
1.70141E+38 1.70141E+38 1.70141E+38 1.70141E+38 1.70141E+38 1.70141E+38 1.70141E+38 1.70141E+38 1.70141E+38 1.70141E+38 1.70141E+38 1.70141E+38 1.70141E+38 1.70141E+38 1.70141E+38 1.70141E+38 1.70141E+38 1.70141E+38 1.70141E+38 1.70141E+38 1.70141E+38 1.70141E+38 1.70141E+38 1.70141E+38 1.70141E+38 1.70141E+38 1.70141E+38 1.70141E+38 1.70141E+38 1.70141E+38 1.70141E+38 1.70141E+38 1.70141E+38 1.70141E+38 1.70141E+38 1.70141E+38 1.70141E+38 1.70141E+38 1.70141E+38 1.70141E+38 1.70141E+38 1.70141E+38 1.70141E+38 1.70141E+38 1.70141E+38 1.70141E+38 1.70141E+38 1.70141E+38 1.70141E+38 1.70141E+38 1.70141E+38 1.70141E+38 1.70141E+38 1.70141E+38 1.70141E+38 1.70141E+38 1.70141E+38 1.70141E+38 1.70141E+38 1.70141E+38 1.70141E+38 1.70141E+38
1.70141E+38 1.70141E+38 1.70141E+38 1.70141E+38 1.70141E+38 1.70141E+38 1.70141E+38 1.70141E+38 1.70141E+38 1.70141E+38 1.70141E+38 1.70141E+38 1.70141E+38 1.70141E+38 1.70141E+38 1.70141E+38 1.70141E+38 1.70141E+38 1.70141E+38 1.70141E+38 1.70141E+38 1.70141E+38 1.70141E+38 1.70141E+38 1.70141E+38 1.70141E+38 1.70141E+38 1.70141E+38 1.70141E+38 1.70141E+38 1.70141E+38 1.70141E+38 1.70141E+38 1.70141E+38 1.70141E+38 1.70141E+38 1.70141E+38 1.70141E+38 1.70141E+38 1.70141E+38 1.70141E+38 1.70141E+38 1.70141E+38 1.70141E+38 1.70141E+38 1.70141E+38 1.70141E+38 1.70141E+38 1.70141E+38 1.70141E+38 1.70141E+38 1.70141E+38 1.70141E+38 1.70141E+38 1.70141E+38 1.70141E+38 1.70141E+38 1.70141E+38 1.70141E+38 1.70141E+38 1.70141E+38 1.70141E+38
1.70141E+38 1.70141E+38 1.70141E+38 1.70141E+38 1.70141E+38 1.70141E+38 1.70141E+38 1.70141E+38 1.70141E+38 1.70141E+38 1.70141E+38 1.70141E+38 1.70141E+38 1.70141E+38 1.70141E+38 1.70141E+38 1.70141E+38 1.70141E+38 1.70141E+38 1.70141E+38 1.70141E+38 1.70141E+38 1.70141E+38 1.70141E+38 1.70141E+38 1.70141E+38 1.70141E+38 1.70141E+38 1.70141E+38 1.70141E+38 1.70141E+38 1.70141E+38 1.70141E+38 1.70141E+38 1.70141E+38 1.70141E+38 1.70141E+38 1.70141E+38 1.70141E+38 1.70141E+38 1.70141E+38 1.70141E+38 1.70141E+38 1.70141E+38 1.70141E+38 1.70141E+38 1.70141E+38 1.70141E+38 1.70141E+38 1.70141E+38 1.70141E+38 1.70141E+38 1.70141E+38 1.70141E+38 1.70141E+38 1.70141E+38 1.70141E+38 1.70141E+38 1.70141E+38 1.70141E+38 1.70141E+38 1.70141E+38
1.70141E+38 1.70141E+38 1.70141E+38 1.70141E+38 1.70141E+38 1.70141E+38 1.70141E+38 1.70141E+38 1.70141E+38 1.70141E+38 1.70141E+38 1.70141E+38 1.70141E+38 1.70141E+38 1.70141E+38 1.70141E+38 1.70141E+38 1.70141E+38 1.70141E+38 1.70141E+38 1.70141E+38 1.70141E+38 1.70141E+38 1.70141E+38 1.70141E+38 1.70141E+38 1.70141E+38 1.70141E+38 1.70141E+38 1.70141E+38 1.70141E+38 1.70141E+38 1.70141E+38 1.70141E+38 1.70141E+38 1.70141E+38 1.70141E+38 1.70141E+38 1.70141E+38 1.70141E+38 1.70141E+38 1.70141E+38 1.70141E+38 1.70141E+38 1.70141E+38 1.70141E+38 1.70141E+38 1.70141E+38 1.70141E+38 1.70141E+38 1.70141E+38 1.70141E+38 1.70141E+38 1.70141E+38 1.70141E+38 1.70141E+38 1.70141E+38 1.70141E+38 1.70141E+38 1.70141E+38 1.70141E+38 1.70141E+38
