py_wake/examples/data/AJ_ParqueFicticio/Ridge area   Sector 11   Height 200m   Orographic turn.grd
DSAA
90  129
 262878   265103
 6504214   6507414
-179.8181   179.4548
[rows 81 to 107 of 129, columns 0 to 59 of 90]
-2.472834 -2.524909 -2.608075 -2.634829 -2.534949 -2.393983 -2.261514 -2.063917 -1.803136 -1.583067 -1.502501 -1.533153 -1.663153 -1.849994 -1.865721 -1.78049 -1.677372 -1.68736 -1.846346 -2.175886 -2.321504 -2.368541 -2.401097 -2.512517 -2.736181 -3.089961 -3.490531 -3.927312 -4.429695 -4.937968 -5.409468 -5.854647 -6.298005 -6.809213 -7.330736 -7.829669 -8.401303 -9.070454 -9.828399 -10.50378 -11.01852 -11.50601 -12.0094 -12.25813 -12.25931 -12.15675 -11.95957 -11.66416 -11.5533 -10.95395 -10.38843 -9.851953 -9.230074 -8.537882 -7.712999 -6.79712 -5.84686 -4.889063 -3.95898 -3.086146
-1.20957 -1.285279 -1.390633 -1.44828 -1.371547 -1.28254 -1.183625 -.9833968 -.7514649 -.5887103 -.5199196 -.4716292 -.5103042 -.5900545 -.5122977 -.3977335 -.3211631 -.3703537 -.5690058 -.92603 -1.056586 -1.130257 -1.201576 -1.358882 -1.647427 -2.075959 -2.547985 -3.076886 -3.718978 -4.375666 -4.999616 -5.635596 -6.27173 -6.934268 -7.578313 -8.147285 -8.757191 -9.365829 -10.05779 -10.55532 -10.89629 -11.23948 -11.52698 -11.62422 -11.53586 -11.37504 -11.10988 -10.79013 -10.50966 -9.824182 -9.248822 -8.66206 -8.008616 -7.304617 -6.499736 -5.647257 -4.807728 -4.005068 -3.261618 -2.586946
-.2964014 -.393078 -.5200583 -.5892655 -.5787024 -.5481579 -.4495095 -.2560125 -.05555958 .03833936 .1023946 .2049744 .2238416 .2130293 .3440728 .4834793 .5446082 .4600953 .2175518 -.1111417 -.1884239 -.2255576 -.2903517 -.4561685 -.7810653 -1.243342 -1.763678 -2.361643 -3.11487 -3.878597 -4.639878 -5.480255 -6.321736 -7.121784 -7.863452 -8.535269 -9.151748 -9.744191 -10.33329 -10.67849 -10.88803 -11.0434 -11.07127 -10.976 -10.77514 -10.51585 -10.17652 -9.82944 -9.264159 -8.540345 -7.937618 -7.273813 -6.593378 -5.861681 -5.039276 -4.18779 -3.403053 -2.722443 -2.155888 -1.664556
.2986557 .1553047 .006421929 -.0682952 -.1338677 -.1329621 .0008707124 .1921467 .3286023 .3466109 .390631 .484931 .5369394 .6209718 .8067499 .9373133 .9491515 .8115326 .5366838 .2994365 .2603287 .2532723 .2018888 .03909374 -.2805187 -.7302588 -1.284099 -1.925077 -2.730461 -3.532012 -4.391469 -5.396789 -6.375551 -7.292918 -8.122505 -8.872499 -9.505681 -10.12536 -10.62203 -10.87272 -10.96433 -10.91358 -10.67742 -10.39332 -10.06224 -9.67825 -9.24437 -8.800512 -8.035078 -7.302912 -6.650719 -5.910152 -5.208168 -4.453891 -3.607035 -2.736641 -1.97189 -1.351628 -.8650942 -.4512083
.6621614 .4681951 .322129 .2256453 .103371 .1228694 .2830722 .4477331 .5121441 .4708787 .4757203 .521417 .556383 .6445405 .7949891 .8785071 .830282 .6458674 .3868632 .2103744 .1930674 .2085808 .1792642 .02575492 -.2758308 -.6793131 -1.208533 -1.836261 -2.628825 -3.41649 -4.338906 -5.422798 -6.44831 -7.446796 -8.335705 -9.07335 -9.731894 -10.40226 -10.83837 -11.06437 -11.07838 -10.87842 -10.43032 -9.918455 -9.422771 -8.913559 -8.372057 -7.741009 -6.903967 -6.189327 -5.477464 -4.699685 -3.992385 -3.230436 -2.392166 -1.524387 -.7784324 -.1430902 .3994718 .8733286
.7654555 .5438747 .3920752 .2546579 .137923 .1954948 .3358815 .4424603 .4350177 .3425283 .3150202 .3242096 .3393611 .3864499 .4887109 .5182241 .4193553 .2266143 -.01792973 -.172788 -.1902109 -.1703269 -.1994105 -.374804 -.6624014 -1.023306 -1.534833 -2.141135 -2.874399 -3.662186 -4.591431 -5.630708 -6.621987 -7.652498 -8.505849 -9.225866 -9.875829 -10.55897 -10.95186 -11.17087 -11.1414 -10.88666 -10.40269 -9.774192 -9.114963 -8.472415 -7.748128 -6.948195 -6.066266 -5.307321 -4.503241 -3.7042 -2.972911 -2.210636 -1.426647 -.5970606 .1248883 .8390498 1.546647 2.199436
.6617515 .4069119 .2010014 .01222557 -.08542085 -.01653511 .07365466 .1155004 .06501006 -.03019034 -.03938291 -.02837512 -.02182527 -.03349379 -.01703741 -.07734973 -.1976571 -.3925689 -.6133391 -.7546559 -.7934636 -.8022148 -.8604584 -1.080325 -1.37844 -1.745855 -2.250562 -2.832228 -3.525679 -4.29281 -5.178648 -6.102396 -7.021179 -7.971868 -8.690114 -9.344659 -9.962971 -10.5813 -10.94343 -11.1348 -11.08136 -10.80245 -10.32323 -9.700935 -8.974153 -8.194539 -7.335359 -6.43854 -5.527078 -4.673336 -3.777052 -2.957944 -2.195808 -1.433975 -.6720834 .1514016 .8712509 1.607849 2.415059 3.243724
.3547782 .06923161 -.1948026 -.4136879 -.4795381 -.3839767 -.3035515 -.2995474 -.3747824 -.4946642 -.5281445 -.5517351 -.5660033 -.6111674 -.6706274 -.8292186 -.9806454 -1.194922 -1.374824 -1.480201 -1.501402 -1.556239 -1.647095 -1.907816 -2.247893 -2.681168 -3.195327 -3.781284 -4.476821 -5.194416 -5.988919 -6.782407 -7.61859 -8.401931 -8.95072 -9.498594 -10.05743 -10.55069 -10.84544 -10.99583 -10.9146 -10.57105 -10.07668 -9.45065 -8.720276 -7.907244 -7.033602 -6.127286 -5.224633 -4.309824 -3.350637 -2.489048 -1.684219 -.8938146 -.06528503 .805656 1.524991 2.17904 2.9192 3.777123
-.04482235 -.3438821 -.6431437 -.8713524 -.9033749 -.8115221 -.7324589 -.7593112 -.828598 -.973034 -1.068509 -1.153468 -1.211004 -1.292871 -1.430976 -1.659743 -1.880019 -2.104587 -2.252234 -2.303422 -2.314153 -2.425531 -2.564204 -2.87985 -3.293919 -3.798568 -4.334537 -4.947793 -5.623971 -6.248125 -6.917855 -7.568005 -8.259571 -8.828263 -9.238236 -9.656509 -10.12053 -10.45238 -10.65259 -10.74542 -10.5989 -10.2502 -9.784837 -9.220535 -8.569446 -7.801939 -6.957613 -6.054843 -5.149186 -4.188612 -3.192544 -2.278618 -1.412092 -.5596299 .383342 1.327908 2.050948 2.569026 3.112183 3.855885
-.5089456 -.8037223 -1.097634 -1.283329 -1.267541 -1.207302 -1.138229 -1.161034 -1.217503 -1.345878 -1.484554 -1.631682 -1.756962 -1.89185 -2.099518 -2.374652 -2.648591 -2.901849 -3.082069 -3.150667 -3.211221 -3.421153 -3.634456 -4.024231 -4.503862 -5.045541 -5.603341 -6.249011 -6.873339 -7.395706 -7.944158 -8.444305 -8.913771 -9.252335 -9.549623 -9.856415 -10.19702 -10.34279 -10.4155 -10.38062 -10.21026 -9.923945 -9.513007 -9.006233 -8.398163 -7.721809 -6.967429 -6.122175 -5.243792 -4.273592 -3.286152 -2.350938 -1.416783 -.4432999 .6081386 1.582855 2.278766 2.75075 3.155594 3.762616
-1.154822 -1.428318 -1.695977 -1.769097 -1.66393 -1.566589 -1.47541 -1.447329 -1.474096 -1.561331 -1.694386 -1.831437 -1.993035 -2.188614 -2.487146 -2.801242 -3.055308 -3.316175 -3.537234 -3.646118 -3.839768 -4.160718 -4.535538 -5.066712 -5.633214 -6.245374 -6.856024 -7.527405 -8.096779 -8.563205 -9.03388 -9.418815 -9.701377 -9.831545 -10.01874 -10.25048 -10.48793 -10.50861 -10.38972 -10.19066 -9.839527 -9.524441 -9.182134 -8.75351 -8.225319 -7.663252 -7.050838 -6.337209 -5.545554 -4.628487 -3.671842 -2.70076 -1.683935 -.5628111 .5875046 1.551047 2.207357 2.671503 3.080621 3.603038
-2.090749 -2.303324 -2.515049 -2.50744 -2.307639 -2.100938 -1.916972 -1.794105 -1.750159 -1.758392 -1.816363 -1.883157 -2.007532 -2.184101 -2.525008 -2.86188 -3.09526 -3.355397 -3.572986 -3.743971 -4.068058 -4.483287 -5.04497 -5.719581 -6.414884 -7.146141 -7.871525 -8.589367 -9.112301 -9.576132 -10.00312 -10.32817 -10.5314 -10.51875 -10.56424 -10.6893 -10.76867 -10.7144 -10.48399 -10.07158 -9.628292 -9.280074 -8.98242 -8.600015 -8.160124 -7.716318 -7.218964 -6.613571 -5.918061 -5.11272 -4.232305 -3.3034 -2.216409 -.9697497 .2805272 1.275206 1.949187 2.466053 2.914363 3.356302
-3.138535 -3.21784 -3.306859 -3.218454 -2.990342 -2.707959 -2.415283 -2.180721 -2.063017 -1.987382 -1.931006 -1.938893 -2.015624 -2.156717 -2.480073 -2.774047 -3.004262 -3.254143 -3.44977 -3.691899 -4.086218 -4.634479 -5.343786 -6.11301 -6.947596 -7.756387 -8.580616 -9.336996 -9.860624 -10.32769 -10.69399 -10.95049 -11.10205 -11.05338 -10.99919 -10.98624 -10.91066 -10.75436 -10.44988 -9.980954 -9.541446 -9.177475 -8.88783 -8.556524 -8.183837 -7.856107 -7.484883 -6.999544 -6.387996 -5.679402 -4.856821 -3.966202 -2.830233 -1.490283 -.1899235 .854435 1.60627 2.190791 2.677186 3.042091
-3.91819 -3.904443 -3.849909 -3.66863 -3.391207 -3.068949 -2.749926 -2.489729 -2.353702 -2.225747 -2.096332 -2.069753 -2.083159 -2.198558 -2.454372 -2.673033 -2.883388 -3.112152 -3.35616 -3.676143 -4.124367 -4.763983 -5.571507 -6.437052 -7.342371 -8.203823 -9.100811 -9.838732 -10.38776 -10.85325 -11.15572 -11.3186 -11.40838 -11.34517 -11.25509 -11.13943 -10.96077 -10.70951 -10.3468 -9.872237 -9.398859 -9.060662 -8.779557 -8.5143 -8.223735 -7.983095 -7.720587 -7.376526 -6.870857 -6.245319 -5.483728 -4.631542 -3.472566 -2.111531 -.7604584 .3579033 1.171106 1.81691 2.323419 2.617417
-4.331568 -4.268636 -4.118208 -3.848492 -3.486821 -3.115847 -2.766936 -2.519164 -2.419582 -2.28316 -2.165584 -2.121411 -2.101382 -2.21479 -2.399591 -2.57117 -2.753642 -2.99474 -3.311049 -3.702319 -4.225464 -4.934718 -5.783894 -6.681074 -7.549352 -8.458351 -9.390283 -10.11497 -10.71018 -11.20052 -11.49804 -11.59364 -11.56978 -11.42029 -11.25871 -11.05316 -10.7681 -10.43668 -10.04154 -9.580958 -9.148367 -8.827672 -8.584619 -8.386487 -8.184373 -8.039625 -7.886836 -7.659421 -7.260261 -6.726406 -6.03101 -5.173001 -4.0158 -2.66535 -1.313537 -.1403866 .7308082 1.415547 1.917375 2.21178
-4.571605 -4.438791 -4.233817 -3.886535 -3.450838 -3.030486 -2.640944 -2.412752 -2.332432 -2.207865 -2.133091 -2.090209 -2.082448 -2.190983 -2.340579 -2.498633 -2.667565 -2.932122 -3.296597 -3.722845 -4.313581 -5.062806 -5.955528 -6.808585 -7.606171 -8.512093 -9.411514 -10.16102 -10.81144 -11.34924 -11.66706 -11.75774 -11.65534 -11.42395 -11.17533 -10.87768 -10.5243 -10.13024 -9.701489 -9.2272 -8.820201 -8.554232 -8.352847 -8.196863 -8.057066 -7.991199 -7.926617 -7.801132 -7.503019 -7.059988 -6.434793 -5.620017 -4.518652 -3.133606 -1.773332 -.5679729 .321824 1.014984 1.492054 1.743518
-4.6515 -4.475074 -4.237771 -3.840384 -3.396903 -2.977925 -2.572997 -2.366965 -2.272083 -2.16414 -2.112267 -2.090455 -2.119244 -2.225477 -2.358812 -2.522123 -2.705245 -2.990778 -3.361346 -3.792233 -4.419534 -5.170819 -6.052134 -6.845966 -7.622084 -8.481853 -9.298051 -10.03077 -10.71267 -11.30639 -11.66777 -11.79399 -11.69005 -11.42285 -11.09948 -10.71988 -10.30389 -9.860345 -9.373659 -8.895508 -8.493813 -8.271522 -8.105176 -7.969855 -7.868042 -7.846739 -7.860905 -7.831691 -7.624144 -7.250216 -6.666921 -5.913967 -4.86425 -3.482191 -2.130398 -.9211106 -.02555803 .7012789 1.135947 1.299535
-4.4053 -4.285099 -4.090302 -3.745696 -3.377999 -3.002341 -2.630913 -2.455275 -2.352434 -2.27003 -2.230848 -2.226787 -2.288153 -2.399375 -2.536397 -2.720989 -2.933184 -3.254741 -3.620765 -4.071957 -4.68405 -5.418667 -6.215267 -6.941864 -7.70484 -8.500499 -9.220877 -9.912019 -10.57153 -11.15679 -11.50543 -11.63245 -11.5418 -11.28907 -10.95162 -10.54436 -10.09899 -9.633072 -9.123118 -8.630216 -8.196099 -7.960163 -7.789968 -7.652288 -7.542367 -7.514643 -7.566645 -7.610388 -7.489007 -7.207049 -6.717119 -6.061829 -5.028064 -3.699136 -2.371991 -1.196373 -.2913199 .4377098 .867711 .9415911
-3.875094 -3.821133 -3.688831 -3.472811 -3.239489 -2.969159 -2.721687 -2.60614 -2.535821 -2.492899 -2.488122 -2.51012 -2.611237 -2.752829 -2.934935 -3.153892 -3.408431 -3.762246 -4.146143 -4.626029 -5.205238 -5.899059 -6.583407 -7.237855 -7.955952 -8.674443 -9.285291 -9.898381 -10.50225 -11.01147 -11.29396 -11.39124 -11.30003 -11.06144 -10.7323 -10.33076 -9.897599 -9.432498 -8.924759 -8.389002 -7.92467 -7.626782 -7.423986 -7.252825 -7.111683 -7.031821 -7.049086 -7.103844 -7.04348 -6.853819 -6.473585 -5.919444 -4.962598 -3.756933 -2.518995 -1.419545 -.5235397 .16495 .5620453 .6202932
1.70141E+38 1.70141E+38 1.70141E+38 1.70141E+38 1.70141E+38 1.70141E+38 1.70141E+38 1.70141E+38 1.70141E+38 1.70141E+38 1.70141E+38 1.70141E+38 1.70141E+38 1.70141E+38 1.70141E+38 1.70141E+38 1.70141E+38 1.70141E+38 1.70141E+38 1.70141E+38 1.70141E+38 1.70141E+38 1.70141E+38 1.70141E+38 1.70141E+38 1.70141E+38 1.70141E+38 1.70141E+38 1.70141E+38 1.70141E+38 1.70141E+38 1.70141E+38 1.70141E+38 1.70141E+38 1.70141E+38 1.70141E+38 1.70141E+38 1.70141E+38 1.70141E+38 1.70141E+38 1.70141E+38 1.70141E+38 1.70141E+38 1.70141E+38 1.70141E+38 1.70141E+38 1.70141E+38 1.70141E+38 1.70141E+38 1.70141E+38 1.70141E+38 1.70141E+38 1.70141E+38 1.70141E+38 1.70141E+38 1.70141E+38 1.70141E+38 1.70141E+38 1.70141E+38 1.70141E+38
1.70141E+38 1.70141E+38 1.70141E+38 1.70141E+38 1.70141E+38 1.70141E+38 1.70141E+38 1.70141E+38 1.70141E+38 1.70141E+38 1.70141E+38 1.70141E+38 1.70141E+38 1.70141E+38 1.70141E+38 1.70141E+38 1.70141E+38 1.70141E+38 1.70141E+38 1.70141E+38 1.70141E+38 1.70141E+38 1.70141E+38 1.70141E+38 1.70141E+38 1.70141E+38 1.70141E+38 1.70141E+38 1.70141E+38 1.70141E+38 1.70141E+38 1.70141E+38 1.70141E+38 1.70141E+38 1.70141E+38 1.70141E+38 1.70141E+38 1.70141E+38 1.70141E+38 1.70141E+38 1.70141E+38 1.70141E+38 1.70141E+38 1.70141E+38 1.70141E+38 1.70141E+38 1.70141E+38 1.70141E+38 1.70141E+38 1.70141E+38 1.70141E+38 1.70141E+38 1.70141E+38 1.70141E+38 1.70141E+38 1.70141E+38 1.70141E+38 1.70141E+38 1.70141E+38 1.70141E+38
1.70141E+38 1.70141E+38 1.70141E+38 1.70141E+38 1.70141E+38 1.70141E+38 1.70141E+38 1.70141E+38 1.70141E+38 1.70141E+38 1.70141E+38 1.70141E+38 1.70141E+38 1.70141E+38 1.70141E+38 1.70141E+38 1.70141E+38 1.70141E+38 1.70141E+38 1.70141E+38 1.70141E+38 1.70141E+38 1.70141E+38 1.70141E+38 1.70141E+38 1.70141E+38 1.70141E+38 1.70141E+38 1.70141E+38 1.70141E+38 1.70141E+38 1.70141E+38 1.70141E+38 1.70141E+38 1.70141E+38 1.70141E+38 1.70141E+38 1.70141E+38 1.70141E+38 1.70141E+38 1.70141E+38 1.70141E+38 1.70141E+38 1.70141E+38 1.70141E+38 1.70141E+38 1.70141E+38 1.70141E+38 1.70141E+38 1.70141E+38 1.70141E+38 1.70141E+38 1.70141E+38 1.70141E+38 1.70141E+38 1.70141E+38 1.70141E+38 1.70141E+38 1.70141E+38 1.70141E+38
1.70141E+38 1.70141E+38 1.70141E+38 1.70141E+38 1.70141E+38 1.70141E+38 1.70141E+38 1.70141E+38 1.70141E+38 1.70141E+38 1.70141E+38 1.70141E+38 1.70141E+38 1.70141E+38 1.70141E+38 1.70141E+38 1.70141E+38 1.70141E+38 1.70141E+38 1.70141E+38 1.70141E+38 1.70141E+38 1.70141E+38 1.70141E+38 1.70141E+38 1.70141E+38 1.70141E+38 1.70141E+38 1.70141E+38 1.70141E+38 1.70141E+38 1.70141E+38 1.70141E+38 1.70141E+38 1.70141E+38 1.70141E+38 1.70141E+38 1.70141E+38 1.70141E+38 1.70141E+38 1.70141E+38 1.70141E+38 1.70141E+38 1.70141E+38 1.70141E+38 1.70141E+38 1.70141E+38 1.70141E+38 1.70141E+38 1.70141E+38 1.70141E+38 1.70141E+38 1.70141E+38 1.70141E+38 1.70141E+38 1.70141E+38 1.70141E+38 1.70141E+38 1.70141E+38 1.70141E+38
1.70141E+38 1.70141E+38 1.70141E+38 1.70141E+38 1.70141E+38 1.70141E+38 1.70141E+38 1.70141E+38 1.70141E+38 1.70141E+38 1.70141E+38 1.70141E+38 1.70141E+38 1.70141E+38 1.70141E+38 1.70141E+38 1.70141E+38 1.70141E+38 1.70141E+38 1.70141E+38 1.70141E+38 1.70141E+38 1.70141E+38 1.70141E+38 1.70141E+38 1.70141E+38 1.70141E+38 1.70141E+38 1.70141E+38 1.70141E+38 1.70141E+38 1.70141E+38 1.70141E+38 1.70141E+38 1.70141E+38 1.70141E+38 1.70141E+38 1.70141E+38 1.70141E+38 1.70141E+38 1.70141E+38 1.70141E+38 1.70141E+38 1.70141E+38 1.70141E+38 1.70141E+38 1.70141E+38 1.70141E+38 1.70141E+38 1.70141E+38 1.70141E+38 1.70141E+38 1.70141E+38 1.70141E+38 1.70141E+38 1.70141E+38 1.70141E+38 1.70141E+38 1.70141E+38 1.70141E+38
1.70141E+38 1.70141E+38 1.70141E+38 1.70141E+38 1.70141E+38 1.70141E+38 1.70141E+38 1.70141E+38 1.70141E+38 1.70141E+38 1.70141E+38 1.70141E+38 1.70141E+38 1.70141E+38 1.70141E+38 1.70141E+38 1.70141E+38 1.70141E+38 1.70141E+38 1.70141E+38 1.70141E+38 1.70141E+38 1.70141E+38 1.70141E+38 1.70141E+38 1.70141E+38 1.70141E+38 1.70141E+38 1.70141E+38 1.70141E+38 1.70141E+38 1.70141E+38 1.70141E+38 1.70141E+38 1.70141E+38 1.70141E+38 1.70141E+38 1.70141E+38 1.70141E+38 1.70141E+38 1.70141E+38 1.70141E+38 1.70141E+38 1.70141E+38 1.70141E+38 1.70141E+38 1.70141E+38 1.70141E+38 1.70141E+38 1.70141E+38 1.70141E+38 1.70141E+38 1.70141E+38 1.70141E+38 1.70141E+38 1.70141E+38 1.70141E+38 1.70141E+38 1.70141E+38 1.70141E+38
1.70141E+38 1.70141E+38 1.70141E+38 1.70141E+38 1.70141E+38 1.70141E+38 1.70141E+38 1.70141E+38 1.70141E+38 1.70141E+38 1.70141E+38 1.70141E+38 1.70141E+38 1.70141E+38 1.70141E+38 1.70141E+38 1.70141E+38 1.70141E+38 1.70141E+38 1.70141E+38 1.70141E+38 1.70141E+38 1.70141E+38 1.70141E+38 1.70141E+38 1.70141E+38 1.70141E+38 1.70141E+38 1.70141E+38 1.70141E+38 1.70141E+38 1.70141E+38 1.70141E+38 1.70141E+38 1.70141E+38 1.70141E+38 1.70141E+38 1.70141E+38 1.70141E+38 1.70141E+38 1.70141E+38 1.70141E+38 1.70141E+38 1.70141E+38 1.70141E+38 1.70141E+38 1.70141E+38 1.70141E+38 1.70141E+38 1.70141E+38 1.70141E+38 1.70141E+38 1.70141E+38 1.70141E+38 1.70141E+38 1.70141E+38 1.70141E+38 1.70141E+38 1.70141E+38 1.70141E+38
1.70141E+38 1.70141E+38 1.70141E+38 1.70141E+38 1.70141E+38 1.70141E+38 1.70141E+38 1.70141E+38 1.70141E+38 1.70141E+38 1.70141E+38 1.70141E+38 1.70141E+38 1.70141E+38 1.70141E+38 1.70141E+38 1.70141E+38 1.70141E+38 1.70141E+38 1.70141E+38 1.70141E+38 1.70141E+38 1.70141E+38 1.70141E+38 1.70141E+38 1.70141E+38 1.70141E+38 1.70141E+38 1.70141E+38 1.70141E+38 1.70141E+38 1.70141E+38 1.70141E+38 1.70141E+38 1.70141E+38 1.70141E+38 1.70141E+38 1.70141E+38 1.70141E+38 1.70141E+38 1.70141E+38 1.70141E+38 1.70141E+38 1.70141E+38 1.70141E+38 1.70141E+38 1.70141E+38 1.70141E+38 1.70141E+38 1.70141E+38 1.70141E+38 1.70141E+38 1.70141E+38 1.70141E+38 1.70141E+38 1.70141E+38 1.70141E+38 1.70141E+38 1.70141E+38 1.70141E+38
