py_wake/examples/data/AJ_ParqueFicticio/Ridge area   Sector 1   Height 200m   Orographic speed.grd
DSAA
90  129
 262878   265103
 6504214   6507414
 .1009244   1.460559
[rows 54 to 80 of 129, columns 0 to 61 of 90]
1.104232 1.078127 1.044691 .9997609 .9481685 .8775349 .7949114 .7096432 .6237821 .5591469 .5271184 .4985963 .4489463 .3776172 .3133157 .2781689 .2817919 .3179404 .3649094 .4197755 .4835395 .5469127 .6080503 .6617841 .7017029 .7197027 .7257941 .7355445 .7344418 .7303174 .7374818 .7459113 .756987 .7750857 .7929525 .8172145 .8527853 .8937404 .9369211 .9799857 1.022072 1.064173 1.101419 1.133597 1.165242 1.187479 1.194367 1.191457 1.182669 1.169928 1.156917 1.140585 1.124379 1.111428 1.10026 1.100992 1.113338 1.132541 1.157671 1.190074 1.229989 1.269902
1.125839 1.107068 1.082326 1.048268 1.000585 .9426696 .8785347 .8084147 .7374827 .6843014 .6587476 .6388864 .5884007 .5022431 .4167605 .3587857 .3422721 .3571554 .3924386 .4442736 .5060181 .5726686 .6369372 .6945252 .7417971 .7700298 .7874134 .7979629 .8031804 .8069343 .8105845 .8188698 .8256021 .8308816 .8376949 .8530689 .8848794 .9216859 .9586371 .995848 1.034073 1.073876 1.109554 1.142203 1.172608 1.190891 1.200743 1.202422 1.199128 1.188652 1.175729 1.161743 1.14853 1.13947 1.134015 1.136598 1.150728 1.172111 1.197688 1.22789 1.260571 1.291117
1.148369 1.136665 1.119414 1.09217 1.050654 1.004179 .9516851 .8957092 .8412626 .8000862 .7837341 .7776384 .7456707 .6621128 .567364 .4899943 .4511313 .4407 .4511111 .4849531 .5456579 .6140966 .6784298 .7412247 .7941963 .8290147 .8507896 .8642063 .8712155 .8767564 .8830016 .8899767 .8953169 .8967491 .900567 .9129375 .9346531 .9622723 .9901076 1.021768 1.05716 1.092379 1.124833 1.156451 1.182229 1.19787 1.20902 1.212246 1.211979 1.20796 1.197124 1.184384 1.17339 1.166104 1.162369 1.165851 1.180917 1.203025 1.227851 1.254803 1.282054 1.307127
1.17229 1.164122 1.151141 1.129324 1.098328 1.058826 1.017013 .9772192 .9390926 .908327 .8921927 .8939255 .8824783 .832336 .7516341 .6695556 .6063052 .5700755 .5501625 .5634742 .6178548 .6831909 .742211 .8000441 .8508158 .887087 .910457 .9258452 .9341032 .9423912 .9502426 .9569278 .9611664 .9650747 .9723786 .9829229 .9982992 1.016008 1.036061 1.061372 1.092573 1.122932 1.151474 1.178269 1.196468 1.210573 1.221068 1.224967 1.225568 1.225761 1.221147 1.211587 1.201531 1.194739 1.192596 1.196104 1.208435 1.228198 1.250651 1.274545 1.297096 1.315123
1.192709 1.188673 1.178691 1.159808 1.136144 1.107041 1.075998 1.04308 1.01334 .99225 .9830539 .9828269 .9768512 .9484445 .8966723 .840803 .7894407 .7476199 .7036355 .6949534 .7299616 .7779691 .8248411 .8711763 .91211 .9440412 .9668362 .9818876 .9930782 1.003335 1.012767 1.021163 1.02725 1.033507 1.041271 1.052095 1.065629 1.080885 1.098608 1.118743 1.14136 1.16482 1.18869 1.205956 1.218584 1.23024 1.239398 1.243027 1.243684 1.243799 1.243282 1.238428 1.230608 1.225744 1.224753 1.228603 1.237956 1.252882 1.270711 1.287971 1.301943 1.310987
1.213912 1.213965 1.208968 1.196181 1.177864 1.154872 1.130308 1.104789 1.080839 1.06248 1.054397 1.053533 1.048737 1.029129 .9949359 .9600565 .9283497 .8939795 .8586214 .8404796 .8534966 .8782566 .9109589 .9460116 .9765533 1.001448 1.021485 1.036177 1.047318 1.058706 1.07085 1.082314 1.092197 1.100442 1.10929 1.120679 1.133105 1.147419 1.163376 1.179857 1.195157 1.212004 1.226719 1.237034 1.248093 1.259046 1.267449 1.270199 1.269014 1.266122 1.263879 1.261856 1.257402 1.253316 1.252812 1.256283 1.264124 1.274293 1.283942 1.291808 1.295518 1.295456
1.238847 1.242176 1.242051 1.235349 1.222519 1.205873 1.187528 1.168566 1.148726 1.130543 1.121423 1.119954 1.115616 1.099709 1.076072 1.056031 1.037653 1.014304 .9864578 .9622915 .9645699 .9772469 .9938834 1.017 1.039153 1.058214 1.075299 1.088538 1.099863 1.111298 1.124195 1.138555 1.151967 1.161575 1.170989 1.182505 1.193483 1.205399 1.218699 1.229574 1.240277 1.250438 1.257233 1.264781 1.275989 1.287332 1.293253 1.295474 1.29483 1.28859 1.282351 1.279114 1.277469 1.275186 1.274271 1.276156 1.280569 1.28553 1.287637 1.285587 1.279336 1.270592
1.268934 1.273519 1.27539 1.273197 1.265343 1.254613 1.242567 1.228866 1.212939 1.197128 1.188141 1.184643 1.180941 1.169958 1.152753 1.136989 1.12349 1.106277 1.085094 1.066145 1.061001 1.065215 1.072143 1.085204 1.101205 1.116227 1.129192 1.140344 1.151188 1.161586 1.173448 1.186934 1.199801 1.209039 1.218866 1.228701 1.237783 1.248329 1.257823 1.26532 1.272661 1.277264 1.279641 1.284371 1.293404 1.300463 1.301101 1.302627 1.305067 1.303405 1.296631 1.291702 1.290407 1.289302 1.287077 1.285142 1.283606 1.281858 1.277106 1.267327 1.252089 1.234913
1.300111 1.305834 1.310143 1.313743 1.312835 1.308452 1.301039 1.290936 1.278241 1.26468 1.255416 1.250797 1.24433 1.232106 1.218684 1.206718 1.198501 1.186471 1.171535 1.15727 1.148842 1.150352 1.153249 1.159423 1.168348 1.179149 1.187593 1.193308 1.199795 1.208075 1.216171 1.22637 1.235253 1.243421 1.251468 1.258741 1.267112 1.275661 1.282304 1.288068 1.292632 1.294615 1.29615 1.299135 1.303294 1.303874 1.300873 1.301133 1.30467 1.308821 1.307387 1.302629 1.299518 1.297504 1.293947 1.28792 1.280236 1.271298 1.259578 1.242024 1.216892 1.188749
1.323636 1.331638 1.33838 1.342642 1.343407 1.341622 1.337888 1.332287 1.324108 1.313866 1.304268 1.296968 1.290763 1.283294 1.276397 1.27116 1.266246 1.258509 1.247787 1.238272 1.233246 1.231628 1.232597 1.233328 1.237386 1.24064 1.241512 1.242453 1.245354 1.248418 1.253003 1.258579 1.26328 1.268647 1.273637 1.278074 1.284103 1.290288 1.295285 1.299427 1.301997 1.302925 1.304286 1.307053 1.308577 1.304282 1.299376 1.298277 1.301252 1.307268 1.31204 1.310723 1.306809 1.303507 1.299087 1.290068 1.277416 1.262092 1.243777 1.218569 1.183694 1.145156
1.331021 1.340629 1.348443 1.3519 1.352584 1.3519 1.350205 1.347555 1.343085 1.336621 1.330096 1.325267 1.320933 1.316008 1.312834 1.311355 1.308312 1.304278 1.300821 1.299408 1.296219 1.291977 1.289263 1.289396 1.289654 1.286305 1.282867 1.281685 1.280706 1.279568 1.280449 1.281603 1.282738 1.28444 1.285699 1.287155 1.290051 1.293024 1.295198 1.297417 1.299486 1.299744 1.300055 1.30228 1.30505 1.302085 1.296317 1.294226 1.296405 1.302166 1.309759 1.313843 1.311109 1.307006 1.302065 1.292041 1.275764 1.255503 1.231766 1.201136 1.160269 1.1161
1.319841 1.330844 1.341173 1.347659 1.350621 1.352381 1.352867 1.35173 1.348233 1.342387 1.33566 1.329727 1.324247 1.319263 1.317433 1.318774 1.320902 1.321278 1.321265 1.322474 1.322183 1.320087 1.318199 1.317725 1.316139 1.313007 1.309378 1.306396 1.302328 1.297902 1.294313 1.291296 1.288477 1.285575 1.282678 1.280417 1.278829 1.277386 1.277079 1.27868 1.281375 1.282474 1.28293 1.285647 1.291221 1.294676 1.291814 1.289581 1.29122 1.296236 1.303875 1.31066 1.310516 1.306266 1.300974 1.291519 1.273175 1.250413 1.224165 1.191639 1.149198 1.103373
1.295326 1.306896 1.318629 1.329952 1.334951 1.337165 1.337654 1.335614 1.330061 1.321083 1.310914 1.302161 1.295401 1.291127 1.293004 1.300114 1.305778 1.309494 1.311663 1.314448 1.317595 1.319444 1.319434 1.318669 1.31848 1.318388 1.31711 1.314145 1.309132 1.302415 1.295575 1.289023 1.282176 1.274761 1.267656 1.260863 1.253391 1.24658 1.243964 1.24525 1.248591 1.254148 1.258327 1.262789 1.270267 1.281657 1.285776 1.284694 1.286129 1.290473 1.29727 1.304238 1.305074 1.30136 1.296896 1.289327 1.271339 1.248594 1.221542 1.188437 1.146226 1.099746
1.262034 1.272356 1.283412 1.297191 1.308407 1.313441 1.313797 1.309198 1.298326 1.282318 1.265378 1.251804 1.243827 1.241705 1.247939 1.263214 1.273171 1.277506 1.281097 1.286935 1.292931 1.295811 1.297275 1.298461 1.299736 1.300435 1.300664 1.299289 1.293952 1.287239 1.280962 1.272677 1.261662 1.249886 1.240174 1.230223 1.217425 1.20595 1.200542 1.202098 1.208445 1.218201 1.228932 1.237574 1.248548 1.263525 1.2757 1.279381 1.281377 1.285829 1.292344 1.299076 1.300202 1.297362 1.294279 1.289081 1.272757 1.2513 1.223914 1.189938 1.147675 1.101347
1.221197 1.229577 1.237878 1.247103 1.256517 1.263715 1.264194 1.255165 1.236394 1.211632 1.188052 1.17206 1.16623 1.169458 1.180203 1.20084 1.220942 1.22957 1.234767 1.242828 1.252318 1.256431 1.258106 1.260055 1.261661 1.261539 1.260698 1.258217 1.252824 1.246327 1.239642 1.231793 1.218775 1.203509 1.191203 1.180075 1.166764 1.153522 1.146135 1.148937 1.161362 1.176156 1.19404 1.211339 1.225408 1.242089 1.260339 1.272229 1.277108 1.28229 1.289227 1.295995 1.297068 1.294225 1.291414 1.286715 1.269984 1.248642 1.22141 1.188267 1.147241 1.102276
1.178326 1.181796 1.185353 1.185885 1.185093 1.183783 1.178662 1.166095 1.145855 1.119973 1.094671 1.078293 1.074335 1.077268 1.089367 1.113039 1.140195 1.158262 1.170835 1.180784 1.190842 1.198775 1.201141 1.201606 1.202967 1.204406 1.201848 1.19523 1.188855 1.181723 1.17216 1.162915 1.150006 1.131829 1.112887 1.097932 1.08639 1.077747 1.075974 1.083247 1.103012 1.12621 1.151497 1.180299 1.20106 1.219931 1.241291 1.26204 1.272897 1.279972 1.287854 1.29458 1.294539 1.289704 1.284449 1.275769 1.25522 1.231915 1.20479 1.174045 1.13759 1.098631
1.132877 1.132136 1.130142 1.122364 1.110703 1.099656 1.087359 1.071763 1.050363 1.022812 .9959243 .9777479 .9705232 .9723267 .9854066 1.011054 1.039855 1.063362 1.084728 1.102404 1.114033 1.12406 1.130263 1.131249 1.131808 1.131364 1.128613 1.119535 1.109956 1.09744 1.085606 1.072748 1.057249 1.036158 1.013842 .9920769 .9757462 .9697396 .9768751 1.003024 1.034641 1.068993 1.105965 1.144818 1.178648 1.200546 1.224074 1.24926 1.26799 1.278914 1.288192 1.295195 1.293915 1.286531 1.277826 1.263775 1.240721 1.216304 1.188761 1.158444 1.12564 1.091825
1.084416 1.081177 1.076454 1.064698 1.044664 1.023212 1.00288 .9822015 .9557534 .9234769 .893966 .8705241 .8586857 .864522 .8803816 .9079012 .9353616 .9617055 .9871104 1.010172 1.028547 1.041175 1.047441 1.049433 1.049886 1.047292 1.041588 1.032248 1.020761 1.00693 .9931905 .9785989 .9617785 .942123 .9201038 .8955845 .8762096 .8605475 .8597226 .902957 .9663371 1.014985 1.062071 1.109655 1.155193 1.184095 1.209643 1.236787 1.261514 1.27719 1.287285 1.292151 1.289183 1.280659 1.269587 1.251783 1.228224 1.203127 1.175535 1.145981 1.114964 1.084012
1.032053 1.023164 1.015341 1.000351 .9736021 .9443374 .917887 .8933932 .8638118 .8285593 .7935653 .7658231 .7513328 .7545459 .7726904 .7999578 .8303757 .8595981 .8873929 .9128297 .9348125 .9519355 .9594229 .9591772 .9577004 .9548767 .9505608 .9419304 .9308459 .9166582 .9034473 .8918743 .8775856 .8603361 .8378962 .8168884 .8060316 .7916778 .7825063 .8234404 .9096521 .9779069 1.033357 1.08655 1.136837 1.172979 1.198516 1.224069 1.247203 1.262558 1.270356 1.273066 1.271397 1.266153 1.256074 1.238722 1.21767 1.192686 1.165237 1.135872 1.105075 1.074508
.9671277 .9540129 .940545 .9209407 .8930804 .8644729 .8380255 .8116064 .7802095 .7449309 .7089049 .6768617 .6565254 .6531463 .6635448 .6904132 .7221954 .7574916 .7877964 .8168562 .8416145 .85633 .863725 .8632283 .8585612 .8545434 .8521631 .8472871 .8401267 .8291832 .8192914 .8087533 .8033913 .7957623 .7783949 .7643717 .7613626 .7581694 .7648459 .8032857 .8914222 .9682094 1.028162 1.081771 1.131126 1.168938 1.19215 1.214019 1.232198 1.24354 1.249482 1.252877 1.253777 1.251439 1.242753 1.227632 1.20911 1.185064 1.158197 1.128545 1.097717 1.066815
.8979402 .8833013 .8661571 .8427277 .8160861 .7875719 .7589766 .7297966 .700424 .6666388 .6241737 .5855537 .562607 .56032 .5702932 .5866775 .6224303 .6632572 .699598 .7388108 .7702935 .7800123 .7784352 .7775156 .7725415 .7644259 .7551628 .7493075 .7423248 .7368039 .7314202 .7216905 .7252191 .7351366 .7332485 .7293804 .7325317 .7443443 .7681879 .8141848 .8988754 .9751902 1.037063 1.089346 1.135393 1.17048 1.190663 1.208901 1.222415 1.230215 1.235622 1.239829 1.241675 1.238719 1.229866 1.217327 1.199981 1.178134 1.152918 1.124033 1.093117 1.061746
.8464127 .8271509 .8046607 .7799355 .7496803 .7133147 .6761703 .6484482 .6394103 .6197983 .582559 .5349301 .4897996 .4742653 .4959691 .5202913 .5455901 .5915282 .6475438 .7004611 .7373108 .7449059 .7340888 .7191865 .7132928 .7090371 .695165 .6741897 .6554381 .6559752 .6559269 .6418728 .6448734 .6752861 .6982068 .7130098 .7300923 .7548544 .7875025 .8419375 .9239683 .9950317 1.052611 1.100505 1.143053 1.174898 1.192557 1.207678 1.216938 1.221703 1.22605 1.229734 1.229358 1.22273 1.213848 1.203797 1.187875 1.168389 1.146294 1.120532 1.090808 1.060177
.8139412 .7956182 .7713106 .7437275 .7092354 .6668618 .6251338 .6039441 .615547 .6087725 .5816488 .5359189 .485054 .4595939 .481821 .5088714 .5343198 .5800182 .6446005 .7037746 .7354417 .7390959 .726612 .707367 .6959766 .6902618 .6749768 .6522926 .6296471 .6260132 .6289934 .6168622 .6169347 .655775 .6957609 .7304395 .7625434 .7989203 .837904 .8970106 .9685455 1.028369 1.077693 1.118525 1.156395 1.183143 1.197697 1.208807 1.213232 1.214915 1.216676 1.215118 1.207597 1.197518 1.188604 1.179144 1.166446 1.151862 1.13527 1.114822 1.088847 1.061732
.7870182 .7714116 .7498389 .7235963 .6906562 .6560184 .630176 .6280132 .6463906 .6490215 .6324031 .5919342 .5593972 .5430852 .5498731 .5764706 .6064507 .6474054 .6908266 .7324589 .7576618 .7623299 .7541711 .7387411 .7236444 .7105088 .6941822 .6760051 .6622826 .6604637 .6587885 .6508452 .6568072 .6889802 .7329829 .7770236 .8191653 .8655341 .9144011 .9712058 1.025437 1.071908 1.110049 1.142229 1.17353 1.193421 1.20473 1.211056 1.211178 1.209093 1.201549 1.188093 1.173796 1.161493 1.150855 1.14196 1.133842 1.125167 1.114457 1.100787 1.082163 1.063353
.7678655 .7487791 .7278026 .712825 .6921826 .6687185 .6565647 .6782847 .7070175 .717131 .7147544 .7078447 .6867786 .6723281 .6780711 .7049387 .7370265 .7558511 .7728907 .7908598 .8054073 .807878 .8021432 .7926152 .7786316 .7586589 .7392958 .7256408 .7209508 .719066 .713682 .7102626 .7216947 .7509161 .798357 .8473552 .8939975 .9425461 .9928802 1.039455 1.078706 1.114362 1.143965 1.171022 1.194484 1.206157 1.213064 1.213758 1.209927 1.200353 1.179277 1.156196 1.136943 1.120876 1.108009 1.099185 1.094786 1.09098 1.08631 1.080087 1.070948 1.061639
.7717575 .7494197 .7293335 .7319126 .7275516 .7122257 .7124763 .7493109 .7845511 .806915 .8220572 .8235191 .8153477 .8113974 .8258893 .8427812 .8567355 .8624666 .8659622 .8690794 .8715102 .8685669 .8626027 .8543441 .8398396 .8184428 .7991502 .790155 .7870343 .7816957 .7764062 .7786854 .7882754 .8215316 .8744015 .9249714 .9700157 1.01468 1.05813 1.094302 1.125399 1.152385 1.176484 1.199709 1.215175 1.220494 1.222317 1.218039 1.210128 1.188832 1.160244 1.13102 1.104712 1.083952 1.06841 1.058424 1.053544 1.051431 1.051716 1.052219 1.050914 1.05057
.8100021 .7966238 .7907185 .7988377 .8015295 .8021185 .8178858 .8472148 .8790453 .9034948 .91942 .9283163 .9324095 .9373489 .944692 .9515038 .9547701 .9537108 .9521479 .9482562 .9461513 .9413142 .9341069 .9229671 .9074108 .8893218 .8732663 .8637082 .8582602 .8538106 .8516487 .8547358 .8646478 .8987033 .9476611 .9940187 1.034754 1.073603 1.110254 1.14139 1.168 1.189691 1.2103 1.226686 1.233586 1.234797 1.231786 1.22407 1.210944 1.182368 1.150429 1.116518 1.083994 1.056247 1.034134 1.019212 1.011758 1.008895 1.00946 1.012912 1.016703 1.021503
