py_wake/examples/data/AJ_ParqueFicticio/Ridge area   Sector 11   Height 30m   Mean speed.grd
DSAA
90  129
 262878   265103
 6504214   6507414
 .2675334   9.155797
[rows 54 to 80 of 129, columns 0 to 61 of 90]
7.622125 7.365071 7.062869 6.701497 6.179116 5.142131 3.777419 2.529873 1.612076 1.325126 1.39924 1.58485 1.75317 1.813998 1.806094 1.769714 1.7478 1.78902 1.866206 2.02423 2.317834 2.67932 3.072828 3.461879 3.800533 4.021868 4.181248 4.37158 4.492246 4.594459 4.771076 4.952131 5.143731 5.372297 5.580974 5.803701 6.070494 6.360566 6.691841 7.068622 7.466286 7.858837 8.189087 8.45425 8.665613 8.767697 8.703558 8.500369 8.215765 7.875538 7.503549 6.98014 6.225573 5.367167 4.557957 4.086611 3.939613 3.990764 4.171431 4.471559 4.867038 5.247148
7.709201 7.491631 7.221652 6.894514 6.444667 5.696326 4.643806 3.512655 2.612782 2.1949 2.183092 2.364246 2.470535 2.39857 2.261695 2.127164 2.043215 2.015064 2.050994 2.19728 2.47731 2.851264 3.25092 3.646839 4.015954 4.28508 4.497399 4.676262 4.825016 4.971767 5.127685 5.315196 5.4883 5.642782 5.79068 5.969359 6.224981 6.498027 6.793344 7.130941 7.50253 7.880116 8.202345 8.471927 8.689602 8.783541 8.763743 8.619448 8.395522 8.093719 7.749983 7.339407 6.786559 6.131051 5.46892 4.986851 4.799928 4.7795 4.857503 5.032288 5.244538 5.396476
7.788309 7.61725 7.387312 7.086316 6.705207 6.200253 5.475163 4.611576 3.865722 3.446231 3.405617 3.58176 3.654923 3.41959 3.118232 2.832115 2.632099 2.50237 2.444449 2.516687 2.793138 3.163528 3.537318 3.939529 4.330378 4.637935 4.875387 5.067699 5.227208 5.390652 5.568449 5.755978 5.924213 6.050024 6.175086 6.333817 6.526857 6.744942 6.978354 7.269775 7.61271 7.95259 8.249391 8.509505 8.712282 8.801529 8.810341 8.703971 8.521715 8.284434 7.974862 7.623957 7.213077 6.733963 6.205588 5.756897 5.541138 5.44804 5.405994 5.417838 5.438303 5.426788
7.861656 7.733222 7.538651 7.267838 6.94984 6.573192 6.104104 5.583879 5.087657 4.752117 4.641269 4.782935 4.867379 4.68926 4.326952 3.926724 3.573933 3.326282 3.140516 3.122446 3.356783 3.682904 3.991629 4.341532 4.714845 5.036317 5.284831 5.489595 5.655904 5.841187 6.030587 6.211591 6.362331 6.491043 6.626737 6.763894 6.909594 7.061204 7.237986 7.473223 7.773679 8.072248 8.338767 8.572761 8.741885 8.833042 8.855717 8.778023 8.624104 8.431147 8.181932 7.880848 7.546616 7.180134 6.784943 6.395463 6.114698 5.917346 5.741656 5.60836 5.487545 5.323717
7.896684 7.830791 7.673847 7.429534 7.147657 6.835649 6.509348 6.150427 5.823579 5.614914 5.56533 5.633989 5.686047 5.582542 5.315866 5.009877 4.69943 4.433798 4.151297 4.049663 4.176455 4.375008 4.587678 4.856679 5.161983 5.449341 5.685424 5.876204 6.057855 6.247115 6.434675 6.612848 6.758853 6.886055 7.010283 7.138139 7.263348 7.396286 7.553033 7.744852 7.98009 8.226233 8.464287 8.653221 8.801929 8.889413 8.915844 8.858497 8.729778 8.555393 8.351118 8.103611 7.81932 7.525685 7.212697 6.886967 6.563563 6.239222 5.933563 5.631978 5.32149 4.967637
7.912351 7.896649 7.797117 7.598596 7.336311 7.057592 6.79116 6.532622 6.303762 6.148056 6.11251 6.158338 6.198062 6.138395 5.954859 5.741033 5.509389 5.268548 5.05386 4.945055 4.979847 5.050701 5.182836 5.393117 5.628012 5.848747 6.046309 6.219117 6.382879 6.558939 6.744362 6.924244 7.078245 7.203804 7.323395 7.445947 7.560944 7.68858 7.835335 8.004225 8.193357 8.397233 8.5877 8.742384 8.888506 8.973725 9.000737 8.961707 8.855136 8.688971 8.49153 8.281397 8.041023 7.778693 7.504233 7.207557 6.891385 6.496713 6.015813 5.507157 4.956461 4.425435
7.924469 7.945992 7.897049 7.749523 7.522713 7.273139 7.037759 6.8298 6.652738 6.51798 6.478333 6.514653 6.554772 6.529824 6.427111 6.297654 6.136696 5.948048 5.761742 5.616024 5.606721 5.630611 5.689101 5.84269 6.022217 6.186728 6.347193 6.495548 6.650559 6.803704 6.971512 7.151855 7.315949 7.443288 7.559697 7.679623 7.790222 7.910085 8.050423 8.195724 8.36384 8.533418 8.680868 8.81854 8.964791 9.050981 9.073262 9.05193 8.981552 8.833119 8.626421 8.414885 8.199491 7.958524 7.697264 7.41084 7.078058 6.642105 6.025142 5.265949 4.477992 3.821037
7.941424 7.988288 7.976396 7.872098 7.681585 7.463167 7.257276 7.074898 6.921651 6.803168 6.756237 6.765913 6.804976 6.823938 6.787298 6.703727 6.590928 6.449691 6.302974 6.185521 6.136535 6.126437 6.141471 6.232915 6.359453 6.476617 6.587179 6.704374 6.842927 6.986038 7.147039 7.313332 7.469721 7.594095 7.71219 7.825351 7.932341 8.054546 8.184862 8.322105 8.479688 8.625711 8.749536 8.875959 9.011615 9.085927 9.090136 9.074628 9.038007 8.941644 8.749728 8.525229 8.306415 8.077912 7.81849 7.518064 7.13566 6.623328 5.867399 4.908083 3.915479 3.227079
7.952599 8.020322 8.040827 7.976858 7.830745 7.649212 7.465457 7.29613 7.152365 7.039613 6.983552 6.983235 7.011752 7.033336 7.034114 6.979 6.904793 6.811403 6.718539 6.635725 6.56273 6.537652 6.536352 6.586899 6.659858 6.738329 6.813214 6.893714 6.998763 7.125455 7.260094 7.415681 7.559013 7.680926 7.794684 7.897279 8.007743 8.130206 8.255152 8.393829 8.544874 8.681394 8.804072 8.93279 9.051089 9.104089 9.090231 9.067259 9.040292 8.988172 8.851816 8.633271 8.39241 8.155323 7.896673 7.578897 7.145144 6.527924 5.645067 4.504363 3.404438 2.657715
7.92597 8.016847 8.07278 8.036347 7.923494 7.777799 7.623416 7.474783 7.342554 7.233711 7.159274 7.124622 7.136391 7.172681 7.209867 7.197697 7.147696 7.092804 7.034933 6.980624 6.917031 6.870222 6.865901 6.889544 6.935958 6.970414 7.003584 7.057986 7.142436 7.236984 7.353563 7.481449 7.603245 7.733194 7.839159 7.931565 8.036594 8.154811 8.28012 8.421088 8.570033 8.703957 8.83108 8.968806 9.092177 9.128525 9.099629 9.06176 9.027011 8.986874 8.905636 8.725718 8.473352 8.220568 7.963519 7.642741 7.182862 6.494272 5.511193 4.231249 3.05005 2.267107
7.844777 7.958395 8.055173 8.047435 7.954964 7.828186 7.686954 7.546097 7.419756 7.316135 7.240904 7.201326 7.207376 7.251207 7.312748 7.336435 7.300169 7.25834 7.231364 7.228788 7.181591 7.121311 7.094174 7.11719 7.148465 7.14513 7.151237 7.19564 7.256009 7.325841 7.425923 7.528513 7.631003 7.747337 7.856223 7.938693 8.032941 8.14132 8.260634 8.400074 8.554341 8.69067 8.817595 8.956983 9.102228 9.154178 9.117872 9.062129 9.012004 8.965639 8.909714 8.783828 8.542439 8.277267 8.019945 7.716887 7.254378 6.540709 5.499401 4.182872 2.912238 2.068322
7.70588 7.834826 7.969387 8.007361 7.943736 7.842548 7.719726 7.58439 7.455625 7.350221 7.269368 7.216309 7.204847 7.243227 7.315441 7.359918 7.351756 7.329082 7.316291 7.331802 7.30829 7.259778 7.230702 7.249217 7.264678 7.260618 7.26168 7.293829 7.333595 7.388454 7.469437 7.551518 7.63498 7.731926 7.830901 7.906964 7.98289 8.072371 8.184006 8.322965 8.483931 8.632512 8.761212 8.899468 9.05634 9.155797 9.137464 9.070065 9.003169 8.944855 8.889874 8.799582 8.58534 8.317031 8.057698 7.778296 7.324059 6.623446 5.601552 4.312253 2.978973 2.038304
7.534424 7.66848 7.816752 7.917141 7.892658 7.81131 7.701645 7.56728 7.427395 7.306754 7.210819 7.140285 7.111357 7.142614 7.226662 7.303798 7.312696 7.305333 7.302073 7.320419 7.315329 7.292798 7.274719 7.282402 7.295407 7.305789 7.319847 7.347651 7.380334 7.427053 7.496542 7.562784 7.627592 7.704436 7.791255 7.850398 7.901607 7.963715 8.062099 8.198436 8.358021 8.530794 8.678474 8.816932 8.965083 9.110648 9.142451 9.082141 9.001726 8.931284 8.868889 8.790709 8.595612 8.333969 8.080257 7.824131 7.39805 6.75036 5.799756 4.520604 3.102083 2.027394
7.345615 7.476686 7.612909 7.739697 7.787214 7.751553 7.661573 7.528018 7.372108 7.228699 7.111212 7.01789 6.969099 6.992931 7.078943 7.197212 7.230829 7.223167 7.221511 7.250107 7.265658 7.249239 7.237689 7.248901 7.266859 7.277725 7.29677 7.33332 7.362561 7.409618 7.489208 7.55426 7.598036 7.652799 7.721687 7.776406 7.804916 7.839805 7.917157 8.045391 8.20374 8.386171 8.567158 8.7157 8.859222 9.015021 9.109739 9.088884 9.005033 8.924713 8.856634 8.78102 8.597599 8.345973 8.104901 7.873199 7.488837 6.921824 6.055561 4.737241 3.138912 1.832784
7.148185 7.275914 7.398469 7.504761 7.570254 7.587866 7.542577 7.424256 7.257969 7.087897 6.946145 6.834657 6.773016 6.793169 6.871603 6.997544 7.088536 7.102127 7.100172 7.12701 7.166467 7.161918 7.149573 7.165856 7.195014 7.204515 7.217375 7.248116 7.278816 7.328188 7.410772 7.491886 7.529633 7.541556 7.586995 7.643936 7.669656 7.687816 7.741792 7.857245 8.022521 8.207822 8.416157 8.603806 8.74404 8.889166 9.024119 9.069278 9.007445 8.920831 8.850246 8.775836 8.601224 8.357479 8.128178 7.909032 7.553729 7.050085 6.264982 4.891481 2.975688 1.920668
6.99795 7.105797 7.211364 7.275997 7.315353 7.336237 7.314497 7.222047 7.070486 6.901247 6.749652 6.626654 6.551683 6.548936 6.611283 6.724477 6.841278 6.902843 6.931546 6.95507 6.995264 7.021067 7.027427 7.042371 7.073356 7.0998 7.109508 7.115598 7.145703 7.200497 7.268031 7.328207 7.35796 7.357711 7.369235 7.407429 7.438601 7.463471 7.519616 7.627192 7.795944 7.990934 8.211738 8.457316 8.620745 8.752414 8.895402 9.003215 8.995619 8.915319 8.846278 8.774935 8.607671 8.366796 8.140059 7.906367 7.557491 7.071427 6.313409 4.810826 2.607908 3.082182
6.863242 6.966777 7.064933 7.106497 7.100687 7.091434 7.06921 6.992932 6.859007 6.701195 6.552505 6.422421 6.32508 6.299168 6.341647 6.434118 6.541684 6.620945 6.687539 6.747561 6.79424 6.845565 6.880064 6.901084 6.930703 6.958286 6.977918 6.968573 6.973077 6.991834 7.034334 7.086277 7.117712 7.112442 7.10406 7.10533 7.111068 7.127729 7.194529 7.347742 7.526063 7.732265 7.975691 8.259293 8.495481 8.617594 8.75104 8.8902 8.948269 8.901257 8.838573 8.774999 8.621881 8.388337 8.160259 7.904583 7.56631 7.111247 6.384429 4.735394 2.001254 2.864892
6.729018 6.818283 6.906627 6.938343 6.904313 6.856923 6.813817 6.753919 6.644139 6.498957 6.3552 6.216425 6.097425 6.065112 6.10311 6.182348 6.261118 6.34287 6.423295 6.499147 6.565838 6.626716 6.666276 6.693552 6.723805 6.739832 6.744154 6.732738 6.732687 6.746379 6.784148 6.83277 6.867287 6.871128 6.860586 6.841333 6.822107 6.783449 6.792082 6.983899 7.248204 7.470263 7.727005 8.027828 8.344902 8.490499 8.612639 8.752707 8.858214 8.861814 8.814302 8.754713 8.621429 8.41099 8.185441 7.920139 7.601874 7.188155 6.645061 5.221972 3.337712 2.64415
6.550558 6.619955 6.705417 6.74112 6.692123 6.617493 6.544971 6.476324 6.371382 6.234798 6.093492 5.956614 5.830717 5.784983 5.81197 5.871538 5.938795 6.013937 6.090799 6.166302 6.244721 6.328403 6.38516 6.414711 6.448275 6.473222 6.487236 6.480285 6.479655 6.490052 6.527508 6.588123 6.636674 6.652214 6.637958 6.621633 6.62173 6.570695 6.515341 6.664815 6.990767 7.260861 7.529248 7.838622 8.192899 8.383452 8.494097 8.619844 8.730289 8.763356 8.726914 8.671657 8.565629 8.397367 8.188097 7.936053 7.647499 7.272593 6.798517 6.236434 5.566469 5.14543
6.334393 6.392022 6.45805 6.491973 6.449556 6.379491 6.30749 6.23274 6.134933 6.00854 5.875101 5.743992 5.613363 5.541519 5.533217 5.57689 5.628175 5.702281 5.769446 5.841254 5.921628 5.99806 6.066656 6.107061 6.136961 6.163002 6.187603 6.194724 6.203813 6.220315 6.261335 6.324064 6.409479 6.462873 6.460194 6.456543 6.479395 6.457436 6.43481 6.539921 6.853118 7.149135 7.428363 7.735769 8.08932 8.310917 8.408957 8.516277 8.605859 8.637491 8.60987 8.567293 8.487582 8.355913 8.173604 7.952749 7.696418 7.365611 6.960007 6.475958 5.901821 5.508518
6.109228 6.16286 6.213871 6.233918 6.203869 6.144862 6.078956 6.011972 5.930063 5.818142 5.675745 5.534783 5.409863 5.34496 5.32446 5.317022 5.355218 5.42227 5.482838 5.57115 5.672272 5.72659 5.762754 5.812363 5.850868 5.865265 5.863741 5.863779 5.868244 5.895432 5.94289 5.996799 6.118941 6.24494 6.292476 6.316124 6.354543 6.379534 6.410168 6.522081 6.807259 7.100989 7.393517 7.703399 8.04266 8.271871 8.358088 8.447151 8.50867 8.52352 8.50141 8.47044 8.409978 8.297759 8.142932 7.963797 7.736325 7.453417 7.111476 6.700389 6.223544 5.842346
5.947901 5.981668 6.008726 6.019051 5.987126 5.92092 5.850982 5.809353 5.794891 5.728625 5.60704 5.447935 5.268605 5.166523 5.176589 5.173557 5.14465 5.191419 5.290691 5.416832 5.545323 5.596804 5.592593 5.584091 5.625916 5.666083 5.647121 5.581268 5.523569 5.561897 5.619213 5.637532 5.755609 5.974144 6.119668 6.210391 6.294617 6.364555 6.425681 6.560873 6.836653 7.121082 7.406397 7.704911 8.023491 8.250844 8.329324 8.402631 8.436178 8.427432 8.400444 8.372459 8.316246 8.209833 8.084832 7.94932 7.755999 7.51568 7.237125 6.904182 6.508612 6.150358
5.849607 5.882398 5.895232 5.894209 5.858546 5.790788 5.724504 5.705744 5.750558 5.72527 5.639947 5.500149 5.326141 5.199826 5.197539 5.179977 5.116394 5.123298 5.238387 5.397408 5.520081 5.563704 5.552496 5.518857 5.531841 5.575165 5.555628 5.478515 5.385107 5.38731 5.447147 5.461164 5.55802 5.816275 6.032897 6.197557 6.333818 6.447526 6.536141 6.696229 6.952919 7.215651 7.480835 7.752667 8.037837 8.250206 8.321279 8.376579 8.381235 8.346472 8.302335 8.25148 8.174746 8.076856 7.97695 7.869209 7.720744 7.532929 6.424315 5.106228 6.759766 6.463625
5.756225 5.796101 5.81924 5.825519 5.800031 5.764855 5.749595 5.77415 5.8261 5.825408 5.776859 5.667955 5.563054 5.473404 5.414498 5.37536 5.314465 5.30266 5.352592 5.464362 5.57264 5.624236 5.633264 5.61751 5.611213 5.619159 5.594954 5.534739 5.469739 5.463947 5.492631 5.520406 5.633098 5.851341 6.074097 6.265732 6.433311 6.587976 6.728374 6.911878 7.140093 7.381412 7.614008 7.846319 8.082996 8.262806 8.329413 8.36599 8.349421 8.288355 8.191619 8.081525 7.984929 7.894406 7.802405 7.713398 7.606034 5.08314 4.157744 3.63701 3.256627 4.773743
5.678555 5.702435 5.731796 5.775064 5.781157 5.772472 5.788658 5.862791 5.934716 5.955235 5.946999 5.919173 5.852766 5.775718 5.712729 5.676208 5.648379 5.60832 5.602019 5.645066 5.714746 5.756397 5.779346 5.798565 5.802634 5.774148 5.730854 5.687893 5.65764 5.643574 5.646892 5.686415 5.806466 5.988363 6.202705 6.399041 6.580016 6.76029 6.944421 7.138757 7.34257 7.563437 7.766056 7.972316 8.162583 8.292918 8.352969 8.371855 8.341869 8.239695 8.072952 7.90823 7.785761 7.683147 7.587903 7.500455 4.426011 3.760708 3.570923 3.414503 3.257137 3.126018
5.67659 5.681516 5.704621 5.78811 5.830827 5.83204 5.863089 5.96325 6.0542 6.11225 6.153086 6.150876 6.118654 6.068376 6.034744 6.002069 5.967996 5.930706 5.911777 5.913128 5.933241 5.950598 5.976977 6.00971 6.016459 5.980808 5.933889 5.909342 5.886125 5.852851 5.844201 5.8891 5.976655 6.143035 6.356753 6.55486 6.740935 6.939562 7.147457 7.342022 7.536802 7.730705 7.908773 8.092975 8.249809 8.341653 8.392768 8.401957 8.358368 8.198855 7.993938 7.78711 7.615396 7.480661 7.101655 3.839108 3.865853 3.786278 3.632193 3.446612 3.313612 3.254237
5.789313 5.809857 5.851554 5.925894 5.97013 5.994121 6.046208 6.1261 6.222289 6.306596 6.36849 6.399739 6.401339 6.380121 6.343702 6.311193 6.277116 6.240575 6.222349 6.200425 6.197005 6.203189 6.224006 6.245389 6.250063 6.230425 6.197183 6.170958 6.138748 6.101315 6.087511 6.112359 6.17269 6.316637 6.508329 6.70064 6.891242 7.099545 7.318699 7.517633 7.707728 7.887924 8.054044 8.204803 8.32119 8.398776 8.443221 8.453173 8.385293 8.200305 7.975092 7.734626 7.512651 7.321132 4.196878 4.395409 4.234917 4.036582 3.856381 3.731863 3.650439 3.656586
