py_wake/examples/data/AJ_ParqueFicticio/Ridge area   Sector 3   Height 30m   Weibull-k.grd
DSAA
90  129
 262878   265103
 6504214   6507414
 .8378906   2.826172
[rows 27 to 53 of 129, columns 0 to 61 of 90]
2.806641 2.806641 2.806641 2.806641 2.806641 2.806641 2.806641 2.806641 2.806641 2.806641 2.806641 2.806641 2.806641 2.806641 2.806641 2.787109 2.763672 2.751953 2.748047 2.748047 2.751953 2.751953 2.755859 2.751953 2.744141 2.736328 2.720703 2.705078 2.685547 2.666016 2.646484 2.630859 2.611328 2.591797 2.572266 2.552734 2.529297 2.505859 2.482422 2.458984 2.439453 2.419922 2.412109 2.408203 2.408203 2.412109 2.419922 2.423828 2.427734 2.419922 2.412109 2.392578 2.365234 2.333984 2.298828 2.275391 2.279297 1.912109 2.228516 2.494141 2.568359 2.595703
2.806641 2.806641 2.806641 2.806641 2.806641 2.806641 2.806641 2.806641 2.806641 2.806641 2.806641 2.806641 2.806641 2.806641 2.806641 2.783203 2.763672 2.748047 2.740234 2.736328 2.736328 2.740234 2.740234 2.736328 2.732422 2.720703 2.705078 2.685547 2.666016 2.646484 2.626953 2.607422 2.587891 2.564453 2.548828 2.529297 2.505859 2.482422 2.458984 2.435547 2.416016 2.400391 2.392578 2.392578 2.392578 2.396484 2.404297 2.408203 2.412109 2.408203 2.392578 2.369141 2.333984 2.291016 2.244141 2.205078 2.189453 2.228516 2.162109 2.416016 2.509766 2.572266
2.806641 2.806641 2.806641 2.806641 2.806641 2.806641 2.806641 2.806641 2.806641 2.806641 2.806641 2.806641 2.806641 2.806641 2.806641 2.787109 2.767578 2.751953 2.740234 2.732422 2.728516 2.728516 2.728516 2.724609 2.712891 2.701172 2.677734 2.658203 2.634766 2.615234 2.595703 2.576172 2.556641 2.533203 2.517578 2.498047 2.478516 2.458984 2.435547 2.416016 2.396484 2.380859 2.376953 2.376953 2.380859 2.384766 2.392578 2.396484 2.400391 2.396484 2.376953 2.349609 2.306641 2.251953 2.193359 2.146484 2.103516 2.130859 2.087891 2.333984 2.439453 2.525391
2.806641 2.806641 2.806641 2.806641 2.806641 2.806641 2.806641 2.806641 2.806641 2.806641 2.806641 2.806641 2.806641 2.806641 2.806641 2.787109 2.771484 2.755859 2.744141 2.732422 2.728516 2.724609 2.720703 2.712891 2.697266 2.677734 2.654297 2.626953 2.599609 2.576172 2.556641 2.537109 2.517578 2.498047 2.478516 2.462891 2.443359 2.427734 2.408203 2.392578 2.376953 2.369141 2.369141 2.369141 2.373047 2.376953 2.384766 2.388672 2.388672 2.380859 2.361328 2.333984 2.287109 2.224609 2.158203 2.095703 2.041016 2.052734 1.982422 2.259766 2.369141 2.462891
2.806641 2.806641 2.806641 2.806641 2.806641 2.806641 2.806641 2.806641 2.806641 2.806641 2.806641 2.806641 2.806641 2.806641 2.806641 2.791016 2.775391 2.763672 2.748047 2.736328 2.728516 2.724609 2.716797 2.705078 2.689453 2.666016 2.630859 2.599609 2.568359 2.541016 2.521484 2.498047 2.478516 2.458984 2.443359 2.427734 2.412109 2.400391 2.384766 2.373047 2.361328 2.353516 2.353516 2.353516 2.361328 2.365234 2.369141 2.376953 2.376953 2.369141 2.353516 2.322266 2.279297 2.216797 2.142578 2.076172 2.013672 2.005859 1.755859 2.201172 2.306641 2.400391
2.806641 2.806641 2.806641 2.806641 2.806641 2.806641 2.806641 2.806641 2.806641 2.806641 2.806641 2.806641 2.806641 2.806641 2.806641 2.794922 2.783203 2.767578 2.755859 2.744141 2.732422 2.724609 2.716797 2.705078 2.685547 2.658203 2.623047 2.583984 2.548828 2.517578 2.494141 2.470703 2.451172 2.431641 2.412109 2.396484 2.384766 2.373047 2.361328 2.353516 2.341797 2.337891 2.333984 2.333984 2.341797 2.349609 2.353516 2.361328 2.365234 2.357422 2.345703 2.318359 2.279297 2.220703 2.142578 2.060547 2.005859 1.970703 2.052734 2.150391 2.248047 2.333984
2.806641 2.806641 2.806641 2.806641 2.806641 2.806641 2.806641 2.806641 2.806641 2.806641 2.806641 2.806641 2.806641 2.806641 2.806641 2.802734 2.787109 2.771484 2.759766 2.748047 2.740234 2.732422 2.720703 2.708984 2.693359 2.666016 2.630859 2.587891 2.548828 2.513672 2.486328 2.458984 2.435547 2.416016 2.396484 2.380859 2.365234 2.353516 2.345703 2.333984 2.326172 2.322266 2.318359 2.318359 2.326172 2.333984 2.337891 2.349609 2.353516 2.349609 2.341797 2.322266 2.287109 2.232422 2.158203 2.076172 2.009766 1.955078 2.001953 2.091797 2.185547 2.267578
2.806641 2.806641 2.806641 2.806641 2.806641 2.806641 2.806641 2.806641 2.806641 2.806641 2.806641 2.806641 2.806641 2.806641 2.806641 2.806641 2.798828 2.783203 2.767578 2.755859 2.748047 2.740234 2.728516 2.720703 2.705078 2.685547 2.654297 2.615234 2.576172 2.541016 2.509766 2.482422 2.455078 2.431641 2.408203 2.392578 2.373047 2.361328 2.349609 2.333984 2.326172 2.322266 2.318359 2.310547 2.322266 2.326172 2.337891 2.345703 2.357422 2.361328 2.353516 2.341797 2.310547 2.259766 2.197266 2.119141 2.037109 1.955078 1.927734 2.001953 2.095703 2.189453
2.806641 2.806641 2.806641 2.806641 2.806641 2.806641 2.806641 2.806641 2.806641 2.806641 2.806641 2.806641 2.806641 2.806641 2.806641 2.806641 2.806641 2.798828 2.779297 2.767578 2.759766 2.748047 2.740234 2.732422 2.720703 2.705078 2.681641 2.654297 2.623047 2.591797 2.560547 2.533203 2.505859 2.478516 2.455078 2.435547 2.416016 2.396484 2.380859 2.361328 2.345703 2.337891 2.330078 2.322266 2.330078 2.337891 2.353516 2.365234 2.376953 2.384766 2.388672 2.384766 2.365234 2.326172 2.267578 2.185547 2.087891 1.978516 1.869141 1.888672 1.958984 2.068359
2.806641 2.806641 2.806641 2.806641 2.806641 2.806641 2.806641 2.806641 2.806641 2.806641 2.806641 2.806641 2.806641 2.806641 2.806641 2.806641 2.806641 2.806641 2.802734 2.787109 2.775391 2.763672 2.755859 2.748047 2.736328 2.724609 2.708984 2.685547 2.662109 2.634766 2.611328 2.587891 2.560547 2.537109 2.513672 2.494141 2.470703 2.447266 2.427734 2.404297 2.384766 2.369141 2.357422 2.349609 2.353516 2.365234 2.380859 2.396484 2.408203 2.423828 2.435547 2.439453 2.431641 2.408203 2.353516 2.271484 2.158203 2.021484 1.857422 1.767578 1.787109 1.896484
2.806641 2.806641 2.806641 2.806641 2.806641 2.806641 2.806641 2.806641 2.806641 2.806641 2.806641 2.806641 2.806641 2.806641 2.806641 2.806641 2.806641 2.806641 2.806641 2.806641 2.798828 2.787109 2.775391 2.763672 2.755859 2.744141 2.732422 2.712891 2.689453 2.669922 2.650391 2.630859 2.607422 2.587891 2.568359 2.544922 2.525391 2.501953 2.474609 2.451172 2.427734 2.408203 2.396484 2.388672 2.392578 2.408203 2.419922 2.431641 2.451172 2.470703 2.486328 2.498047 2.501953 2.486328 2.447266 2.369141 2.244141 2.080078 1.865234 1.658203 1.603516 1.708984
2.806641 2.806641 2.806641 2.806641 2.806641 2.806641 2.806641 2.806641 2.806641 2.806641 2.806641 2.806641 2.806641 2.806641 2.806641 2.806641 2.806641 2.806641 2.806641 2.806641 2.806641 2.806641 2.798828 2.787109 2.775391 2.763672 2.751953 2.732422 2.716797 2.697266 2.681641 2.662109 2.646484 2.626953 2.607422 2.591797 2.572266 2.548828 2.525391 2.498047 2.474609 2.455078 2.443359 2.435547 2.435547 2.451172 2.458984 2.474609 2.494141 2.513672 2.533203 2.548828 2.560547 2.556641 2.529297 2.462891 2.333984 2.134766 1.873047 1.580078 1.416016 2.240234
2.802734 2.806641 2.806641 2.806641 2.806641 2.806641 2.806641 2.806641 2.806641 2.806641 2.806641 2.806641 2.806641 2.806641 2.806641 2.806641 2.806641 2.806641 2.806641 2.806641 2.806641 2.806641 2.806641 2.806641 2.794922 2.783203 2.767578 2.751953 2.736328 2.720703 2.705078 2.689453 2.673828 2.658203 2.642578 2.626953 2.607422 2.587891 2.568359 2.544922 2.521484 2.501953 2.486328 2.478516 2.474609 2.482422 2.494141 2.513672 2.533203 2.556641 2.576172 2.595703 2.607422 2.615234 2.595703 2.537109 2.408203 2.185547 1.876953 1.513672 1.224609 2.240234
2.791016 2.806641 2.806641 2.806641 2.806641 2.806641 2.806641 2.806641 2.806641 2.806641 2.806641 2.806641 2.806641 2.806641 2.806641 2.806641 2.806641 2.806641 2.806641 2.806641 2.806641 2.806641 2.806641 2.806641 2.806641 2.798828 2.783203 2.767578 2.751953 2.736328 2.724609 2.708984 2.697266 2.681641 2.669922 2.654297 2.638672 2.619141 2.599609 2.580078 2.556641 2.537109 2.521484 2.513672 2.509766 2.517578 2.529297 2.544922 2.568359 2.591797 2.615234 2.634766 2.650391 2.658203 2.650391 2.603516 2.474609 2.228516 1.876953 1.447266 1.033203 1.244141
2.775391 2.806641 2.806641 2.806641 2.806641 2.806641 2.806641 2.806641 2.806641 2.806641 2.806641 2.806641 2.806641 2.806641 2.806641 2.806641 2.806641 2.806641 2.806641 2.806641 2.806641 2.806641 2.806641 2.806641 2.806641 2.806641 2.794922 2.783203 2.767578 2.751953 2.736328 2.724609 2.712891 2.701172 2.685547 2.673828 2.658203 2.642578 2.626953 2.603516 2.583984 2.564453 2.552734 2.541016 2.537109 2.541016 2.556641 2.572266 2.595703 2.619141 2.642578 2.662109 2.681641 2.693359 2.693359 2.654297 2.537109 2.271484 1.865234 1.380859 2.240234 1.013672
2.751953 2.791016 2.806641 2.806641 2.806641 2.806641 2.806641 2.798828 2.798828 2.802734 2.806641 2.806641 2.806641 2.806641 2.806641 2.806641 2.806641 2.806641 2.806641 2.806641 2.806641 2.806641 2.806641 2.806641 2.806641 2.806641 2.802734 2.787109 2.771484 2.759766 2.744141 2.732422 2.720703 2.708984 2.697266 2.681641 2.669922 2.654297 2.638672 2.619141 2.599609 2.580078 2.568359 2.556641 2.552734 2.556641 2.572266 2.587891 2.611328 2.638672 2.662109 2.685547 2.701172 2.716797 2.720703 2.693359 2.587891 2.314453 1.857422 1.314453 2.240234 .9238281
2.728516 2.767578 2.806641 2.806641 2.806641 2.806641 2.798828 2.779297 2.775391 2.783203 2.794922 2.806641 2.810547 2.810547 2.806641 2.806641 2.806641 2.806641 2.806641 2.806641 2.806641 2.806641 2.806641 2.806641 2.806641 2.806641 2.806641 2.791016 2.775391 2.759766 2.748047 2.736328 2.724609 2.712891 2.701172 2.689453 2.673828 2.662109 2.646484 2.626953 2.611328 2.591797 2.576172 2.564453 2.560547 2.568359 2.580078 2.599609 2.623047 2.646484 2.673828 2.697266 2.716797 2.732422 2.736328 2.716797 2.623047 2.361328 1.873047 1.287109 2.240234 .8378906
2.712891 2.748047 2.791016 2.806641 2.806641 2.806641 2.775391 2.751953 2.748047 2.755859 2.771484 2.787109 2.798828 2.806641 2.810547 2.810547 2.810547 2.806641 2.802734 2.802734 2.802734 2.802734 2.806641 2.806641 2.806641 2.806641 2.802734 2.791016 2.775391 2.759766 2.748047 2.736328 2.724609 2.712891 2.701172 2.689453 2.677734 2.662109 2.650391 2.634766 2.615234 2.595703 2.580078 2.572266 2.568359 2.576172 2.587891 2.603516 2.626953 2.654297 2.681641 2.708984 2.728516 2.744141 2.751953 2.736328 2.654297 2.408203 1.935547 1.365234 .8886719 2.240234
2.708984 2.736328 2.775391 2.806641 2.771484 2.732422 2.720703 2.724609 2.736328 2.744141 2.751953 2.763672 2.775391 2.791016 2.798828 2.806641 2.810547 2.810547 2.810547 2.806641 2.802734 2.802734 2.798828 2.802734 2.806641 2.806641 2.798828 2.787109 2.767578 2.751953 2.740234 2.728516 2.720703 2.708984 2.697266 2.685547 2.673828 2.662109 2.646484 2.630859 2.615234 2.599609 2.583984 2.576172 2.576172 2.580078 2.587891 2.603516 2.630859 2.658203 2.685547 2.716797 2.736328 2.755859 2.763672 2.751953 2.689453 2.470703 2.033203 1.529297 1.232422 1.310547
2.712891 2.732422 2.759766 2.767578 2.697266 2.638672 2.626953 2.662109 2.728516 2.763672 2.771484 2.763672 2.755859 2.759766 2.771484 2.783203 2.794922 2.802734 2.810547 2.810547 2.810547 2.810547 2.806641 2.802734 2.802734 2.794922 2.787109 2.775391 2.759766 2.744141 2.732422 2.720703 2.708984 2.697266 2.685547 2.673828 2.666016 2.650391 2.638672 2.623047 2.607422 2.591797 2.580078 2.572266 2.568359 2.572266 2.583984 2.599609 2.626953 2.658203 2.689453 2.720703 2.744141 2.759766 2.767578 2.763672 2.724609 2.568359 2.189453 1.767578 1.630859 1.810547
2.724609 2.736328 2.755859 2.728516 2.654297 2.568359 2.529297 2.560547 2.669922 2.775391 2.806641 2.806641 2.791016 2.759766 2.744141 2.744141 2.748047 2.755859 2.771484 2.787109 2.798828 2.806641 2.806641 2.802734 2.794922 2.783203 2.771484 2.759766 2.748047 2.732422 2.716797 2.705078 2.693359 2.681641 2.669922 2.662109 2.650391 2.638672 2.623047 2.611328 2.595703 2.580078 2.568359 2.560547 2.560547 2.564453 2.576172 2.591797 2.619141 2.654297 2.689453 2.720703 2.748047 2.767578 2.775391 2.771484 2.755859 2.669922 2.419922 2.146484 2.154297 2.427734
2.736328 2.744141 2.759766 2.736328 2.658203 2.556641 2.482422 2.470703 2.548828 2.693359 2.806641 2.806641 2.806641 2.806641 2.775391 2.728516 2.701172 2.689453 2.701172 2.724609 2.740234 2.751953 2.759766 2.767578 2.771484 2.771484 2.763672 2.748047 2.736328 2.720703 2.705078 2.689453 2.677734 2.666016 2.654297 2.646484 2.634766 2.623047 2.611328 2.599609 2.583984 2.568359 2.556641 2.548828 2.548828 2.552734 2.568359 2.587891 2.611328 2.646484 2.685547 2.720703 2.751953 2.771484 2.783203 2.779297 2.767578 2.736328 2.638672 2.533203 2.623047 2.806641
2.751953 2.759766 2.771484 2.759766 2.693359 2.587891 2.494141 2.431641 2.435547 2.529297 2.705078 2.802734 2.802734 2.802734 2.806641 2.794922 2.701172 2.642578 2.615234 2.619141 2.638672 2.654297 2.673828 2.689453 2.701172 2.720703 2.736328 2.736328 2.724609 2.708984 2.693359 2.677734 2.662109 2.650391 2.638672 2.626953 2.619141 2.607422 2.595703 2.587891 2.572266 2.556641 2.544922 2.537109 2.537109 2.544922 2.560547 2.580078 2.607422 2.638672 2.681641 2.716797 2.751953 2.771484 2.787109 2.787109 2.779297 2.763672 2.744141 2.740234 2.806641 2.705078
2.763672 2.771484 2.779297 2.783203 2.732422 2.634766 2.529297 2.435547 2.380859 2.404297 2.490234 2.626953 2.763672 2.783203 2.783203 2.787109 2.728516 2.611328 2.525391 2.486328 2.490234 2.505859 2.537109 2.576172 2.619141 2.654297 2.701172 2.728516 2.716797 2.701172 2.685547 2.669922 2.654297 2.634766 2.623047 2.611328 2.603516 2.595703 2.583984 2.572266 2.560547 2.548828 2.537109 2.529297 2.525391 2.533203 2.552734 2.572266 2.599609 2.630859 2.673828 2.712891 2.744141 2.751953 2.751953 2.763672 2.783203 2.787109 2.775391 2.705078 2.685547 2.693359
2.771484 2.779297 2.791016 2.802734 2.767578 2.693359 2.591797 2.486328 2.404297 2.373047 2.384766 2.431641 2.486328 2.548828 2.607422 2.634766 2.587891 2.505859 2.396484 2.306641 2.283203 2.302734 2.349609 2.419922 2.513672 2.607422 2.697266 2.716797 2.705078 2.693359 2.681641 2.666016 2.646484 2.626953 2.611328 2.599609 2.587891 2.580078 2.572266 2.564453 2.552734 2.541016 2.533203 2.525391 2.521484 2.529297 2.548828 2.568359 2.595703 2.623047 2.662109 2.705078 2.740234 2.720703 2.716797 2.716797 2.712891 2.708984 2.708984 2.716797 2.724609 2.716797
2.779297 2.787109 2.798828 2.806641 2.794922 2.748047 2.666016 2.568359 2.474609 2.412109 2.380859 2.376953 2.369141 2.341797 2.302734 2.251953 2.212891 2.193359 2.138672 2.064453 2.044922 2.091797 2.169922 2.287109 2.427734 2.576172 2.720703 2.708984 2.697266 2.685547 2.673828 2.662109 2.646484 2.626953 2.607422 2.591797 2.580078 2.568359 2.560547 2.552734 2.544922 2.537109 2.529297 2.525391 2.521484 2.529297 2.544922 2.564453 2.587891 2.619141 2.654297 2.693359 2.728516 2.697266 2.701172 2.712891 2.724609 2.736328 2.744141 2.751953 2.744141 2.720703
2.787109 2.791016 2.802734 2.806641 2.810547 2.787109 2.732422 2.654297 2.568359 2.498047 2.458984 2.423828 2.376953 2.298828 2.201172 2.083984 2.001953 1.970703 1.931641 1.904297 1.939453 2.021484 2.150391 2.306641 2.474609 2.638672 2.720703 2.708984 2.693359 2.681641 2.673828 2.662109 2.646484 2.630859 2.615234 2.599609 2.583984 2.568359 2.560547 2.552734 2.548828 2.541016 2.533203 2.529297 2.529297 2.537109 2.544922 2.564453 2.587891 2.615234 2.650391 2.685547 2.708984 2.677734 2.689453 2.712891 2.732422 2.748047 2.755859 2.755859 2.740234 2.720703
