py_wake/examples/data/AJ_ParqueFicticio/Ridge area   Sector 10   Height 30m   Mean speed.grd
DSAA
90  129
 262878   265103
 6504214   6507414
 .2875556   10.96452
[rows 81 to 107 of 129, columns 0 to 61 of 90]
6.783873 6.850058 6.92586 6.986969 7.033572 7.081043 7.138515 7.204078 7.285602 7.366755 7.455748 7.551316 7.61142 7.617525 7.577183 7.537997 7.515929 7.501266 7.516422 7.537318 7.529671 7.53501 7.54704 7.569279 7.58172 7.589382 7.581788 7.575632 7.576509 7.576377 7.58708 7.629004 7.727191 7.895197 8.112404 8.36095 8.635745 8.950788 9.282808 9.588417 9.839263 10.09348 10.30206 10.41175 10.42975 10.3945 10.29639 10.1458 9.880527 9.438095 8.610095 7.164254 5.200306 5.297242 4.837027 4.643585 4.602107 4.556273 4.505623 4.482127 4.473028 4.476015
6.911481 7.020036 7.123366 7.204354 7.269791 7.328239 7.386164 7.430269 7.468167 7.52712 7.614738 7.701441 7.768601 7.791665 7.751559 7.700637 7.654698 7.643045 7.677846 7.722106 7.699182 7.664474 7.64063 7.65394 7.692 7.728368 7.742842 7.758791 7.787293 7.803575 7.816769 7.849308 7.933578 8.104321 8.31355 8.545006 8.820136 9.136023 9.47156 9.74169 9.960954 10.2091 10.38258 10.43249 10.42461 10.37953 10.2769 10.13474 9.851112 9.380214 8.48026 6.957235 5.267787 4.927764 4.621058 4.415737 4.376721 4.32622 4.286343 4.272238 4.220654 4.174666
7.032783 7.169803 7.297412 7.391103 7.447501 7.506701 7.556469 7.567598 7.585196 7.650412 7.724528 7.783579 7.858591 7.902479 7.851745 7.778635 7.727628 7.721029 7.767849 7.830637 7.78531 7.727728 7.689703 7.697523 7.752821 7.823983 7.86713 7.911643 7.973516 8.003703 8.027482 8.075168 8.169299 8.335736 8.537056 8.749385 9.016516 9.322122 9.638018 9.856047 10.05023 10.2706 10.41137 10.43341 10.41462 10.36338 10.26548 10.12141 9.840983 9.385027 8.505663 7.034171 5.602082 4.849423 4.13358 4.101041 4.206472 4.248585 3.983356 3.92442 3.780528 3.499797
7.117378 7.274593 7.413621 7.511415 7.580287 7.633287 7.654271 7.653744 7.674459 7.735323 7.784712 7.816998 7.85932 7.880902 7.837986 7.776326 7.734551 7.72909 7.760505 7.802451 7.767084 7.7142 7.678164 7.683007 7.737679 7.835651 7.923676 8.004827 8.10675 8.171122 8.23412 8.327154 8.443357 8.595529 8.783488 8.986267 9.214775 9.502483 9.771787 9.94243 10.10622 10.28756 10.40491 10.41606 10.38962 10.34125 10.25412 10.0958 9.830171 9.430049 8.651058 7.37951 6.032745 5.031681 4.027314 3.481318 3.404696 3.361015 3.28913 3.16564 2.968868 2.694054
7.200368 7.364154 7.497763 7.601043 7.689278 7.722672 7.717604 7.715971 7.741671 7.786058 7.805474 7.799144 7.785825 7.770846 7.738481 7.702711 7.674902 7.668771 7.678206 7.693583 7.668728 7.625082 7.592444 7.603011 7.661751 7.777609 7.911072 8.043856 8.194754 8.306316 8.439907 8.592585 8.73176 8.875218 9.046128 9.226712 9.415713 9.674627 9.888987 10.01712 10.14159 10.26875 10.35872 10.37401 10.34765 10.30659 10.21925 10.06379 9.832514 9.509456 8.867393 7.829252 6.583971 5.466868 4.261644 3.139371 2.714753 2.60639 2.530272 2.472815 2.446239 2.458099
7.279617 7.432969 7.55918 7.668578 7.759133 7.7781 7.75699 7.738975 7.748006 7.776215 7.765524 7.720274 7.670873 7.632887 7.594311 7.573157 7.573092 7.573724 7.571571 7.569417 7.537589 7.497036 7.470378 7.497427 7.566216 7.693888 7.867668 8.05172 8.251362 8.425941 8.622766 8.831594 8.997793 9.148422 9.295643 9.428995 9.606158 9.833448 9.997411 10.0897 10.16432 10.2264 10.26686 10.27038 10.24831 10.20884 10.13289 10.00978 9.836687 9.588635 9.088319 8.27796 7.177623 6.058079 4.838375 3.605129 3.107967 2.785334 2.584782 2.470155 2.40831 2.381731
7.341589 7.483357 7.599999 7.702143 7.77611 7.778359 7.742249 7.705584 7.685791 7.682308 7.653529 7.599267 7.54107 7.489539 7.440347 7.414194 7.422375 7.444208 7.457439 7.446733 7.41229 7.368735 7.352842 7.407994 7.491963 7.625607 7.836217 8.062678 8.304047 8.536879 8.778077 9.011166 9.211025 9.380136 9.494941 9.604132 9.776558 9.975113 10.09904 10.15468 10.16789 10.16371 10.1549 10.13121 10.10399 10.07351 10.02272 9.935308 9.816257 9.635722 9.271664 8.651958 7.74226 6.708465 5.558309 4.451693 3.905033 3.46824 3.110306 2.847934 2.685055 2.574799
7.370395 7.496235 7.606329 7.692568 7.734483 7.722243 7.680889 7.631919 7.590375 7.548682 7.500689 7.440955 7.381763 7.326362 7.275306 7.245711 7.242775 7.280137 7.319159 7.323103 7.299019 7.281175 7.277466 7.356349 7.470027 7.621072 7.845304 8.095901 8.369387 8.635481 8.903431 9.155125 9.386647 9.555422 9.650816 9.756167 9.920329 10.09393 10.18965 10.20157 10.14623 10.08554 10.03765 9.990228 9.950903 9.919964 9.884408 9.822833 9.739988 9.619295 9.378911 8.941293 8.259686 7.392639 6.347365 5.351538 4.779194 4.355442 3.95907 3.606736 3.344294 3.133337
7.37521 7.483724 7.588777 7.659555 7.664104 7.626915 7.578856 7.523355 7.467888 7.406002 7.342371 7.274789 7.204859 7.146439 7.104189 7.077951 7.063811 7.117521 7.174947 7.20471 7.206122 7.223264 7.242335 7.341966 7.48933 7.665134 7.889241 8.155953 8.453514 8.733526 9.016029 9.284383 9.537561 9.69614 9.777298 9.884057 10.03877 10.19181 10.26165 10.22971 10.11267 9.994833 9.906646 9.824718 9.75181 9.70756 9.692377 9.667102 9.632878 9.555445 9.415931 9.157355 8.705725 8.053669 7.185616 6.287899 5.652511 5.215266 4.842142 4.477668 4.180178 3.932993
7.355528 7.441894 7.546825 7.605581 7.574657 7.511329 7.447082 7.391679 7.334901 7.276561 7.212695 7.133996 7.042963 6.970534 6.950066 6.960824 6.970238 7.019575 7.085253 7.117432 7.145457 7.200276 7.240609 7.360839 7.54058 7.742156 7.979054 8.264539 8.566532 8.845445 9.13028 9.403806 9.66326 9.812129 9.885083 9.988256 10.1281 10.25958 10.3042 10.23989 10.05646 9.870677 9.753273 9.650059 9.555466 9.49247 9.478325 9.479856 9.481236 9.451281 9.378853 9.255477 8.99341 8.526963 7.867163 7.151586 6.566787 6.110457 5.725002 5.333047 5.013752 4.755482
7.282663 7.35212 7.439157 7.487082 7.442826 7.366971 7.297894 7.250377 7.205316 7.152609 7.099488 7.031971 6.946451 6.879694 6.882233 6.936683 6.972866 7.023973 7.092113 7.130336 7.178569 7.268284 7.326177 7.471382 7.675935 7.888651 8.131314 8.429173 8.714861 8.975142 9.250122 9.504384 9.740402 9.881788 9.951442 10.04886 10.16598 10.26562 10.2935 10.19207 9.979894 9.772892 9.624531 9.484422 9.353293 9.272737 9.255891 9.268081 9.283313 9.302216 9.289333 9.237082 9.072644 8.722218 8.225149 7.731167 7.317446 6.956439 6.605442 6.220756 5.894841 5.615924
7.136473 7.206415 7.273019 7.293941 7.253653 7.186178 7.118225 7.072326 7.038208 7.016201 6.992211 6.955405 6.916605 6.895969 6.932534 6.99699 7.03771 7.103934 7.182187 7.231375 7.309656 7.426315 7.537971 7.706995 7.909317 8.12359 8.357851 8.636201 8.888426 9.117331 9.369688 9.586799 9.778403 9.906875 9.980332 10.07684 10.17037 10.23201 10.23352 10.11676 9.899492 9.675121 9.483109 9.312128 9.145419 9.047758 9.025056 9.048832 9.083908 9.121974 9.13732 9.116952 8.995032 8.708276 8.333319 8.012504 7.77018 7.538172 7.2984 7.051429 6.802274 6.543641
6.94452 7.020573 7.080196 7.099059 7.055924 6.988851 6.911961 6.873475 6.863892 6.879723 6.898894 6.912427 6.92275 6.945968 7.018728 7.089719 7.136265 7.213762 7.290955 7.366298 7.493034 7.642818 7.810031 7.996155 8.194977 8.409667 8.63506 8.871052 9.068797 9.264647 9.486472 9.665223 9.810891 9.912195 9.980042 10.07118 10.14068 10.17655 10.15575 10.02905 9.799567 9.566619 9.342852 9.14316 8.951749 8.823483 8.781645 8.816685 8.867807 8.917435 8.955611 8.960042 8.855347 8.601213 8.302251 8.080195 7.948435 7.851616 7.761246 7.689449 7.582056 7.415428
6.755505 6.822869 6.902099 6.937725 6.90526 6.820491 6.722164 6.689228 6.730677 6.773693 6.82369 6.890683 6.937811 6.999697 7.103618 7.190447 7.258214 7.336138 7.419129 7.533771 7.686115 7.880351 8.079434 8.272194 8.478194 8.681135 8.893495 9.090454 9.239993 9.4029 9.585739 9.730309 9.837405 9.902892 9.952385 10.02556 10.07474 10.09726 10.067 9.940784 9.718969 9.473078 9.234327 9.004817 8.777299 8.617174 8.554169 8.56898 8.617102 8.681488 8.749517 8.771396 8.670374 8.441808 8.172976 7.979447 7.922793 7.930933 7.967286 8.036181 8.082524 8.050418
6.585561 6.6468 6.734659 6.793598 6.770959 6.699729 6.63202 6.616434 6.688766 6.746387 6.812268 6.912328 6.991217 7.087088 7.201362 7.294806 7.380725 7.472427 7.581581 7.714447 7.88442 8.096969 8.320404 8.531533 8.734469 8.935372 9.133017 9.286043 9.399042 9.525219 9.655757 9.757476 9.832599 9.868835 9.902228 9.952168 9.995016 10.01914 9.993843 9.875723 9.660739 9.424397 9.175611 8.90955 8.633743 8.432859 8.33838 8.335164 8.382298 8.452558 8.524608 8.553693 8.471469 8.246109 8.006302 7.821432 7.790894 7.856395 7.975168 8.128805 8.276546 8.355902
6.415727 6.491405 6.580268 6.653229 6.653993 6.628268 6.601335 6.613183 6.707424 6.779241 6.868363 6.975597 7.073239 7.1889 7.307438 7.41009 7.508638 7.629268 7.762407 7.908262 8.086637 8.312225 8.553363 8.768883 8.964229 9.176929 9.35515 9.462873 9.548409 9.634841 9.707312 9.756371 9.79681 9.806544 9.822576 9.853186 9.89087 9.925944 9.916134 9.824969 9.635625 9.406674 9.146002 8.845813 8.524026 8.265743 8.131963 8.111486 8.144643 8.204104 8.260855 8.300385 8.246023 8.028364 7.791975 7.607753 7.572884 7.64754 7.800527 8.016414 8.233758 8.401797
6.273857 6.359921 6.45237 6.531591 6.567029 6.581994 6.584352 6.634744 6.744399 6.83417 6.938852 7.048764 7.162817 7.291161 7.417645 7.534054 7.647857 7.786811 7.940024 8.09739 8.292001 8.531493 8.787001 8.981239 9.163105 9.378383 9.538635 9.623764 9.690831 9.738017 9.748765 9.740913 9.731823 9.710373 9.706008 9.719945 9.757613 9.811158 9.834045 9.784865 9.632973 9.412115 9.142138 8.818316 8.449444 8.132424 7.948363 7.890349 7.881935 7.927221 7.992352 8.050048 7.988675 7.775208 7.529542 7.327958 7.269422 7.311646 7.482947 7.769072 8.064224 8.22145
6.21152 6.287497 6.374316 6.442881 6.504996 6.547406 6.570807 6.658604 6.777761 6.889898 7.006863 7.132865 7.260779 7.39365 7.530882 7.666204 7.792136 7.940466 8.097141 8.267155 8.480867 8.721557 8.966802 9.143908 9.316357 9.518537 9.671284 9.752563 9.811656 9.827779 9.783943 9.724117 9.663956 9.603943 9.566607 9.558779 9.600196 9.67474 9.736605 9.736603 9.640942 9.454413 9.190021 8.852137 8.455541 8.060465 7.819032 7.712444 7.657386 7.683531 7.739384 7.797617 7.714543 7.49332 7.236982 7.004526 6.89231 6.888211 7.037773 7.305319 7.538569 7.687632
6.207037 6.289686 6.369643 6.42534 6.501434 6.55808 6.601951 6.708408 6.83734 6.960904 7.084863 7.214834 7.35501 7.493288 7.630425 7.768461 7.904634 8.058309 8.211455 8.382142 8.589569 8.82274 9.054935 9.23394 9.405588 9.595497 9.753527 9.848031 9.90935 9.906301 9.817696 9.704796 9.591098 9.482993 9.405867 9.377118 9.422443 9.518452 9.616426 9.671151 9.647741 9.51683 9.278227 8.945425 8.533295 8.098092 7.770675 7.605903 7.491471 7.45132 7.459825 7.489844 7.422417 7.206299 6.942446 6.697534 6.539627 6.496301 6.56315 6.734728 7.013947 7.255405
1.70141E+38 1.70141E+38 1.70141E+38 1.70141E+38 1.70141E+38 1.70141E+38 1.70141E+38 1.70141E+38 1.70141E+38 1.70141E+38 1.70141E+38 1.70141E+38 1.70141E+38 1.70141E+38 1.70141E+38 1.70141E+38 1.70141E+38 1.70141E+38 1.70141E+38 1.70141E+38 1.70141E+38 1.70141E+38 1.70141E+38 1.70141E+38 1.70141E+38 1.70141E+38 1.70141E+38 1.70141E+38 1.70141E+38 1.70141E+38 1.70141E+38 1.70141E+38 1.70141E+38 1.70141E+38 1.70141E+38 1.70141E+38 1.70141E+38 1.70141E+38 1.70141E+38 1.70141E+38 1.70141E+38 1.70141E+38 1.70141E+38 1.70141E+38 1.70141E+38 1.70141E+38 1.70141E+38 1.70141E+38 1.70141E+38 1.70141E+38 1.70141E+38 1.70141E+38 1.70141E+38 1.70141E+38 1.70141E+38 1.70141E+38 1.70141E+38 1.70141E+38 1.70141E+38 1.70141E+38 1.70141E+38 1.70141E+38
1.70141E+38 1.70141E+38 1.70141E+38 1.70141E+38 1.70141E+38 1.70141E+38 1.70141E+38 1.70141E+38 1.70141E+38 1.70141E+38 1.70141E+38 1.70141E+38 1.70141E+38 1.70141E+38 1.70141E+38 1.70141E+38 1.70141E+38 1.70141E+38 1.70141E+38 1.70141E+38 1.70141E+38 1.70141E+38 1.70141E+38 1.70141E+38 1.70141E+38 1.70141E+38 1.70141E+38 1.70141E+38 1.70141E+38 1.70141E+38 1.70141E+38 1.70141E+38 1.70141E+38 1.70141E+38 1.70141E+38 1.70141E+38 1.70141E+38 1.70141E+38 1.70141E+38 1.70141E+38 1.70141E+38 1.70141E+38 1.70141E+38 1.70141E+38 1.70141E+38 1.70141E+38 1.70141E+38 1.70141E+38 1.70141E+38 1.70141E+38 1.70141E+38 1.70141E+38 1.70141E+38 1.70141E+38 1.70141E+38 1.70141E+38 1.70141E+38 1.70141E+38 1.70141E+38 1.70141E+38 1.70141E+38 1.70141E+38
1.70141E+38 1.70141E+38 1.70141E+38 1.70141E+38 1.70141E+38 1.70141E+38 1.70141E+38 1.70141E+38 1.70141E+38 1.70141E+38 1.70141E+38 1.70141E+38 1.70141E+38 1.70141E+38 1.70141E+38 1.70141E+38 1.70141E+38 1.70141E+38 1.70141E+38 1.70141E+38 1.70141E+38 1.70141E+38 1.70141E+38 1.70141E+38 1.70141E+38 1.70141E+38 1.70141E+38 1.70141E+38 1.70141E+38 1.70141E+38 1.70141E+38 1.70141E+38 1.70141E+38 1.70141E+38 1.70141E+38 1.70141E+38 1.70141E+38 1.70141E+38 1.70141E+38 1.70141E+38 1.70141E+38 1.70141E+38 1.70141E+38 1.70141E+38 1.70141E+38 1.70141E+38 1.70141E+38 1.70141E+38 1.70141E+38 1.70141E+38 1.70141E+38 1.70141E+38 1.70141E+38 1.70141E+38 1.70141E+38 1.70141E+38 1.70141E+38 1.70141E+38 1.70141E+38 1.70141E+38 1.70141E+38 1.70141E+38
1.70141E+38 1.70141E+38 1.70141E+38 1.70141E+38 1.70141E+38 1.70141E+38 1.70141E+38 1.70141E+38 1.70141E+38 1.70141E+38 1.70141E+38 1.70141E+38 1.70141E+38 1.70141E+38 1.70141E+38 1.70141E+38 1.70141E+38 1.70141E+38 1.70141E+38 1.70141E+38 1.70141E+38 1.70141E+38 1.70141E+38 1.70141E+38 1.70141E+38 1.70141E+38 1.70141E+38 1.70141E+38 1.70141E+38 1.70141E+38 1.70141E+38 1.70141E+38 1.70141E+38 1.70141E+38 1.70141E+38 1.70141E+38 1.70141E+38 1.70141E+38 1.70141E+38 1.70141E+38 1.70141E+38 1.70141E+38 1.70141E+38 1.70141E+38 1.70141E+38 1.70141E+38 1.70141E+38 1.70141E+38 1.70141E+38 1.70141E+38 1.70141E+38 1.70141E+38 1.70141E+38 1.70141E+38 1.70141E+38 1.70141E+38 1.70141E+38 1.70141E+38 1.70141E+38 1.70141E+38 1.70141E+38 1.70141E+38
1.70141E+38 1.70141E+38 1.70141E+38 1.70141E+38 1.70141E+38 1.70141E+38 1.70141E+38 1.70141E+38 1.70141E+38 1.70141E+38 1.70141E+38 1.70141E+38 1.70141E+38 1.70141E+38 1.70141E+38 1.70141E+38 1.70141E+38 1.70141E+38 1.70141E+38 1.70141E+38 1.70141E+38 1.70141E+38 1.70141E+38 1.70141E+38 1.70141E+38 1.70141E+38 1.70141E+38 1.70141E+38 1.70141E+38 1.70141E+38 1.70141E+38 1.70141E+38 1.70141E+38 1.70141E+38 1.70141E+38 1.70141E+38 1.70141E+38 1.70141E+38 1.70141E+38 1.70141E+38 1.70141E+38 1.70141E+38 1.70141E+38 1.70141E+38 1.70141E+38 1.70141E+38 1.70141E+38 1.70141E+38 1.70141E+38 1.70141E+38 1.70141E+38 1.70141E+38 1.70141E+38 1.70141E+38 1.70141E+38 1.70141E+38 1.70141E+38 1.70141E+38 1.70141E+38 1.70141E+38 1.70141E+38 1.70141E+38
1.70141E+38 1.70141E+38 1.70141E+38 1.70141E+38 1.70141E+38 1.70141E+38 1.70141E+38 1.70141E+38 1.70141E+38 1.70141E+38 1.70141E+38 1.70141E+38 1.70141E+38 1.70141E+38 1.70141E+38 1.70141E+38 1.70141E+38 1.70141E+38 1.70141E+38 1.70141E+38 1.70141E+38 1.70141E+38 1.70141E+38 1.70141E+38 1.70141E+38 1.70141E+38 1.70141E+38 1.70141E+38 1.70141E+38 1.70141E+38 1.70141E+38 1.70141E+38 1.70141E+38 1.70141E+38 1.70141E+38 1.70141E+38 1.70141E+38 1.70141E+38 1.70141E+38 1.70141E+38 1.70141E+38 1.70141E+38 1.70141E+38 1.70141E+38 1.70141E+38 1.70141E+38 1.70141E+38 1.70141E+38 1.70141E+38 1.70141E+38 1.70141E+38 1.70141E+38 1.70141E+38 1.70141E+38 1.70141E+38 1.70141E+38 1.70141E+38 1.70141E+38 1.70141E+38 1.70141E+38 1.70141E+38 1.70141E+38
1.70141E+38 1.70141E+38 1.70141E+38 1.70141E+38 1.70141E+38 1.70141E+38 1.70141E+38 1.70141E+38 1.70141E+38 1.70141E+38 1.70141E+38 1.70141E+38 1.70141E+38 1.70141E+38 1.70141E+38 1.70141E+38 1.70141E+38 1.70141E+38 1.70141E+38 1.70141E+38 1.70141E+38 1.70141E+38 1.70141E+38 1.70141E+38 1.70141E+38 1.70141E+38 1.70141E+38 1.70141E+38 1.70141E+38 1.70141E+38 1.70141E+38 1.70141E+38 1.70141E+38 1.70141E+38 1.70141E+38 1.70141E+38 1.70141E+38 1.70141E+38 1.70141E+38 1.70141E+38 1.70141E+38 1.70141E+38 1.70141E+38 1.70141E+38 1.70141E+38 1.70141E+38 1.70141E+38 1.70141E+38 1.70141E+38 1.70141E+38 1.70141E+38 1.70141E+38 1.70141E+38 1.70141E+38 1.70141E+38 1.70141E+38 1.70141E+38 1.70141E+38 1.70141E+38 1.70141E+38 1.70141E+38 1.70141E+38
1.70141E+38 1.70141E+38 1.70141E+38 1.70141E+38 1.70141E+38 1.70141E+38 1.70141E+38 1.70141E+38 1.70141E+38 1.70141E+38 1.70141E+38 1.70141E+38 1.70141E+38 1.70141E+38 1.70141E+38 1.70141E+38 1.70141E+38 1.70141E+38 1.70141E+38 1.70141E+38 1.70141E+38 1.70141E+38 1.70141E+38 1.70141E+38 1.70141E+38 1.70141E+38 1.70141E+38 1.70141E+38 1.70141E+38 1.70141E+38 1.70141E+38 1.70141E+38 1.70141E+38 1.70141E+38 1.70141E+38 1.70141E+38 1.70141E+38 1.70141E+38 1.70141E+38 1.70141E+38 1.70141E+38 1.70141E+38 1.70141E+38 1.70141E+38 1.70141E+38 1.70141E+38 1.70141E+38 1.70141E+38 1.70141E+38 1.70141E+38 1.70141E+38 1.70141E+38 1.70141E+38 1.70141E+38 1.70141E+38 1.70141E+38 1.70141E+38 1.70141E+38 1.70141E+38 1.70141E+38 1.70141E+38 1.70141E+38
