py_wake/examples/data/AJ_ParqueFicticio/Ridge area   Sector 7   Height 30m   Orographic speed.grd
DSAA
90  129
 262878   265103
 6504214   6507414
 .2357072   1.434983
[rows 27 to 53 of 129, columns 0 to 61 of 90]
.9063261 .9131415 .9210747 .9280192 .9330574 .9361516 .9369795 .9351762 .9314626 .9263853 .9203853 .9138813 .9077376 .9024602 .8991596 .8975962 .8973411 .8979888 .8988109 .9001116 .9053132 .912319 .9195264 .9279874 .9366924 .9466618 .9579946 .971258 .9867802 1.002256 1.018268 1.034286 1.049771 1.06434 1.076404 1.087386 1.096513 1.103556 1.108968 1.110607 1.107501 1.101126 1.092615 1.083369 1.072993 1.061058 1.048026 1.031272 1.011574 .9892985 .9626816 .9353618 .9080911 .8795094 .8528134 .8301544 .8102311 .7926953 .7785466 .7663707 .7558659 .747471
.9012074 .9090583 .9181005 .9265861 .9340246 .9401576 .944172 .9457127 .9444121 .9402946 .9343994 .9270905 .9179781 .90807 .8989112 .8917243 .8867188 .8832436 .8805414 .8783668 .8791587 .8815921 .8845422 .8899694 .8955694 .902407 .9120324 .9239135 .9390079 .9554422 .9716656 .9879283 1.004832 1.021532 1.03647 1.050141 1.062566 1.07281 1.082141 1.088663 1.090751 1.089427 1.084535 1.076393 1.065033 1.051952 1.038234 1.021062 1.00004 .9769238 .9491199 .9202199 .8921368 .8633232 .838192 .8196814 .8018813 .7836404 .7701749 .7603933 .751966 .746641
.895158 .9039369 .9134967 .9225802 .9314526 .9399645 .9470226 .9523183 .9548118 .9534156 .9480904 .9391928 .92856 .9169109 .9047882 .893547 .8838455 .8756354 .8679336 .8613198 .8573809 .8541455 .8512282 .8517802 .8532435 .8547809 .8620008 .8738098 .8897194 .906888 .9235786 .9405015 .9579409 .9764156 .9941438 1.009981 1.025445 1.039433 1.05302 1.064908 1.072808 1.077237 1.077538 1.072375 1.060948 1.046148 1.030319 1.012027 .9895902 .964776 .9348522 .9038501 .875241 .8468344 .8234929 .8085759 .7930872 .7746422 .7612646 .7543024 .7491643 .7461107
.8872415 .8967814 .9066327 .915991 .9254949 .9348975 .9435372 .9513914 .957414 .9594474 .9554792 .9471164 .9366084 .925565 .913991 .9017727 .8895962 .8771891 .8642403 .8528668 .8453066 .8360084 .8268893 .8227584 .8188016 .813493 .817791 .8297727 .844525 .8608832 .8777713 .8938473 .9098032 .9303077 .9515197 .9702629 .9882298 1.006003 1.024163 1.041487 1.055824 1.067405 1.074219 1.07252 1.062973 1.047314 1.027641 1.006636 .9814556 .9536102 .9214402 .8892035 .8614282 .8341239 .8110692 .798382 .7880766 .7720304 .7575211 .7529661 .7504511 .7483478
.8754925 .8851796 .8950841 .904215 .9138158 .9235507 .9325883 .9408622 .9479343 .9520331 .9510047 .9463838 .9391226 .9303445 .9208108 .9103011 .8983934 .8852155 .8719444 .8604295 .8499027 .8381574 .827293 .8201006 .811928 .8041204 .8039802 .8099485 .8172123 .8275443 .8410841 .8561653 .8727164 .892944 .9142068 .9348105 .9548344 .9753658 .9971687 1.018713 1.037722 1.054152 1.065414 1.067428 1.061464 1.04856 1.027349 1.00342 .97644 .9469238 .9144123 .881768 .8553063 .8311365 .8085514 .7967226 .7934358 .7851948 .7722046 .7642012 .7612751 .7584788
.8625972 .8722275 .8820696 .8908674 .9000116 .9091594 .9174594 .9249039 .9314505 .9364372 .9380875 .9371548 .9340661 .9290584 .9225615 .9144799 .9047756 .8948658 .8856265 .8756096 .8646522 .8541941 .8440663 .8344536 .824856 .8161064 .8106763 .8088829 .8079084 .8099673 .8183528 .8309221 .8465928 .8633464 .8817138 .9020794 .9236495 .9463737 .9709556 .99541 1.017892 1.037716 1.051257 1.056701 1.054103 1.044602 1.026473 1.001613 .9745705 .944351 .9118981 .879853 .8548414 .8341417 .8125711 .7990257 .8004921 .80072 .7937401 .7848716 .7786517 .7738429
.8488233 .8587443 .8688472 .8775724 .8865278 .8952569 .9028751 .9093053 .9149734 .9203201 .9241382 .9260383 .9259539 .9238735 .9199497 .9143295 .9075845 .9033 .8998274 .8932387 .8848131 .8756689 .8659897 .8562152 .845382 .8342598 .8261295 .8202546 .813077 .8095929 .8111101 .8158273 .8272982 .8401219 .854506 .8740551 .896317 .9200051 .9461597 .9725905 .9984266 1.021759 1.037193 1.045323 1.045754 1.038513 1.02485 1.001706 .9748516 .9454989 .9154165 .8860545 .8623174 .8439544 .8275198 .8157318 .8162428 .8194434 .8169792 .8100087 .8018312 .7934648
.8342487 .8452395 .8563375 .8657321 .8755476 .8847864 .8925864 .8992448 .9047477 .909952 .9150713 .9189725 .9208414 .9202824 .9173424 .9127719 .909645 .9103792 .9113479 .9099777 .9048802 .8978168 .8906024 .8817842 .8707092 .8599445 .8517243 .8450652 .8388529 .8327947 .8277287 .8267704 .8313443 .8374422 .8482744 .8651286 .8830454 .9060213 .9311531 .9572976 .9851993 1.010097 1.026329 1.036412 1.039696 1.034474 1.024771 1.00641 .9828263 .9576928 .9298334 .9028166 .8794908 .8624005 .8518636 .8465174 .8440111 .843179 .8411406 .8345726 .8256752 .8162503
.8213848 .8336967 .8455972 .8558793 .8678842 .8792471 .8890994 .8976991 .9046664 .9106895 .9161837 .9202898 .9226747 .9226704 .9202738 .916783 .9162914 .9186938 .9211078 .9221495 .921159 .9190083 .9158208 .9106409 .9037685 .8972653 .8912535 .887185 .8827281 .8759959 .8701727 .8668582 .865243 .8660446 .8730381 .8823743 .8957559 .9142975 .9351235 .956889 .982415 1.005992 1.021757 1.033081 1.038599 1.035865 1.028769 1.016265 .9967134 .9763696 .9548165 .9319327 .9114655 .8969532 .8875027 .8806377 .8761839 .8727357 .8676284 .8590615 .8474213 .8362862
.8113313 .8235648 .8355222 .846261 .8612749 .8756415 .8884142 .8995896 .9088766 .9166124 .922846 .9274868 .93084 .9315357 .9302495 .9289704 .9285404 .9297406 .9321828 .9341838 .9361137 .9384934 .9397826 .9410021 .9409599 .9400993 .9398568 .940188 .938365 .9325412 .9257492 .9191272 .9145245 .9124171 .9148942 .9194966 .9272165 .9393561 .9537485 .9703675 .9902167 1.009678 1.024305 1.036597 1.04501 1.044426 1.038343 1.028122 1.015369 1.000234 .9853212 .967739 .9498472 .9365136 .9271089 .9189509 .9107953 .9040729 .8958883 .8834941 .8686319 .8531073
.8040362 .8143504 .8254464 .836481 .8547509 .8722799 .8880103 .9018968 .9139721 .9242845 .9323521 .9390195 .9442959 .9463155 .9467896 .9462553 .945011 .9447408 .9461234 .9488552 .9543125 .9598004 .9657957 .9722958 .9786087 .9838579 .988691 .9939708 .9973019 .9934159 .986029 .9781632 .9717765 .9681442 .9657135 .9661157 .9689825 .9740097 .9802013 .9905839 1.006262 1.022671 1.036481 1.048543 1.05895 1.061406 1.054929 1.044676 1.035461 1.025075 1.013127 1.001526 .9876569 .9748358 .9654654 .9572411 .947768 .9366503 .9233469 .9076779 .8897106 .8706321
.8010864 .8064019 .8156897 .8277194 .8483548 .8678622 .8857875 .9020283 .9166009 .9303439 .9421148 .953049 .9616325 .9664292 .9676085 .9673772 .9674595 .9682495 .9686686 .9727433 .9803761 .9886603 .9967982 1.00572 1.015656 1.025424 1.034486 1.043009 1.049574 1.050559 1.046676 1.040734 1.033343 1.027352 1.022036 1.018697 1.015955 1.015026 1.016716 1.023048 1.034627 1.048004 1.060134 1.069679 1.078116 1.080852 1.075259 1.065731 1.056611 1.048738 1.039718 1.029541 1.018087 1.006075 .9959229 .9872227 .9772218 .962705 .9465838 .9292448 .9091708 .8881819
.7986104 .8007658 .808203 .8222707 .8429511 .8631846 .8830324 .9018018 .9191917 .9354507 .9502057 .9648163 .9771597 .9858499 .9905804 .9931946 .9965755 .9994397 1.003012 1.008086 1.015017 1.023363 1.032652 1.043393 1.054524 1.066041 1.077635 1.087858 1.096063 1.101132 1.101873 1.099565 1.095027 1.089398 1.083107 1.076236 1.071194 1.06702 1.064681 1.066731 1.072927 1.081187 1.087999 1.093449 1.097786 1.098137 1.092941 1.086606 1.079392 1.071208 1.06378 1.054576 1.042069 1.028671 1.017291 1.006839 .9950922 .9809542 .9645414 .9457765 .9248673 .9026642
.7978519 .7991197 .8056965 .8200706 .8382877 .8576474 .8783746 .8987463 .918629 .9380413 .9566793 .9751205 .9910924 1.00341 1.013384 1.021798 1.028028 1.034171 1.040463 1.045959 1.051978 1.05941 1.06959 1.082152 1.095207 1.108053 1.120235 1.131334 1.141323 1.148689 1.153462 1.154826 1.15378 1.149276 1.143106 1.134627 1.126248 1.119805 1.114556 1.11211 1.11278 1.114876 1.116831 1.119415 1.12151 1.120167 1.114165 1.10671 1.099272 1.091021 1.083823 1.076401 1.062783 1.045765 1.032581 1.021376 1.008243 .9933286 .9781286 .9600527 .9393297 .9191778
.8016372 .8016559 .8065597 .8172058 .8323476 .850434 .8719075 .8934135 .9152886 .937321 .959218 .9810803 1.00072 1.017831 1.033067 1.046377 1.05721 1.065791 1.073917 1.079822 1.085159 1.093378 1.104429 1.11824 1.132173 1.146224 1.158903 1.170367 1.18033 1.189224 1.195423 1.199098 1.200419 1.197089 1.192146 1.186607 1.178622 1.16865 1.159581 1.153247 1.150284 1.150842 1.150228 1.148445 1.146515 1.143396 1.137202 1.126872 1.116898 1.10835 1.099874 1.090905 1.077925 1.059915 1.044564 1.03204 1.018051 1.002445 .9876042 .971656 .9534121 .9354933
.8079184 .8048692 .8052329 .8103941 .8234472 .8416793 .8642638 .8864874 .9094228 .9328064 .9571714 .9818392 1.00426 1.02432 1.042602 1.059405 1.0742 1.086284 1.095915 1.103711 1.111529 1.11942 1.129378 1.142114 1.155704 1.169238 1.1818 1.193196 1.203617 1.21277 1.219439 1.224425 1.226505 1.225553 1.223233 1.21974 1.212223 1.201557 1.191616 1.184248 1.180853 1.178041 1.172892 1.167439 1.163353 1.158695 1.152061 1.143658 1.132246 1.121054 1.109703 1.097645 1.084856 1.068378 1.052445 1.039392 1.026127 1.010935 .9964642 .9830363 .9682357 .9553267
.8121967 .805418 .8022692 .8038048 .813441 .8318002 .8545033 .8763299 .8999739 .9244091 .9502464 .9766917 1.001056 1.02349 1.0439 1.062735 1.080022 1.095347 1.108495 1.119258 1.127915 1.135021 1.143187 1.152997 1.163687 1.174954 1.185721 1.196103 1.206375 1.215723 1.223637 1.230165 1.234289 1.236687 1.23717 1.235551 1.231117 1.223886 1.215948 1.20926 1.203265 1.19684 1.190036 1.183483 1.177805 1.171323 1.163012 1.153854 1.142908 1.129139 1.114957 1.100402 1.085974 1.069997 1.054751 1.043089 1.032554 1.02083 1.008445 .9977474 .9885716 .9819643
.8233179 .8120068 .8046957 .8033747 .8099067 .82355 .8418639 .8614151 .8853247 .9108732 .9374731 .9648159 .9908537 1.015264 1.037722 1.058333 1.076653 1.093564 1.109411 1.123364 1.133893 1.141928 1.149115 1.15604 1.163374 1.171112 1.178984 1.188089 1.19812 1.207404 1.215451 1.222858 1.228868 1.234107 1.237521 1.239022 1.23884 1.236381 1.231817 1.225884 1.219177 1.212641 1.205873 1.199342 1.19317 1.184594 1.173005 1.161136 1.149521 1.134751 1.118695 1.102441 1.086338 1.070854 1.056662 1.046 1.03734 1.029165 1.022016 1.016182 1.011749 1.00928
.841459 .8268105 .8162579 .8114861 .8121538 .816279 .8272315 .8432962 .8663968 .8921672 .9193296 .9474034 .9738855 .9988942 1.022126 1.043402 1.061274 1.077641 1.094294 1.109778 1.121712 1.131134 1.138735 1.144069 1.14897 1.154125 1.159764 1.167676 1.177888 1.187023 1.194008 1.201582 1.208987 1.216755 1.223774 1.228963 1.232596 1.234786 1.234571 1.232006 1.2282 1.224414 1.220362 1.214624 1.207427 1.197916 1.184018 1.168002 1.153482 1.138633 1.121368 1.104248 1.087242 1.071765 1.058039 1.047614 1.040334 1.035489 1.033632 1.033414 1.034559 1.037681
.8636004 .8426309 .8253432 .8142523 .8082588 .8049774 .8085359 .8209741 .8429874 .8675722 .8926653 .9188716 .9435374 .9673312 .9905746 1.011673 1.028746 1.043589 1.058204 1.071865 1.083294 1.09271 1.100022 1.104862 1.109056 1.114166 1.119525 1.125995 1.135617 1.146657 1.155338 1.16453 1.174291 1.184337 1.194556 1.202992 1.209851 1.216079 1.220427 1.222406 1.223084 1.223059 1.221802 1.2172 1.209982 1.201365 1.190032 1.174277 1.157195 1.14141 1.124025 1.106825 1.089482 1.073731 1.060821 1.051564 1.046728 1.04354 1.043186 1.046931 1.053135 1.061054
.8878071 .862642 .8396153 .8210438 .8072061 .7974889 .7943712 .8011491 .8188923 .8387725 .8593004 .8815964 .902557 .9243739 .9451706 .9636748 .9794442 .9926713 1.005265 1.016887 1.026483 1.034458 1.040679 1.045162 1.049857 1.055692 1.061852 1.068016 1.076789 1.089527 1.102166 1.114302 1.127751 1.140557 1.15327 1.165264 1.175144 1.184747 1.19347 1.199567 1.204431 1.20834 1.210357 1.209096 1.205076 1.198025 1.189631 1.178884 1.162556 1.145565 1.128048 1.11056 1.093749 1.078689 1.067448 1.060908 1.058016 1.056893 1.058205 1.06611 1.077865 1.090947
.9167985 .8891767 .863831 .8408567 .8205141 .8056409 .7967981 .7947742 .8003523 .8107871 .8249314 .8428251 .8594139 .877853 .8977852 .9150563 .9285073 .9404482 .9517893 .9617298 .9696296 .9758394 .9809527 .9844434 .9871907 .9930462 1.000536 1.007624 1.015588 1.027212 1.042317 1.058516 1.074787 1.091264 1.106952 1.122487 1.136536 1.149579 1.162975 1.173908 1.182574 1.190206 1.195468 1.197194 1.196636 1.192415 1.186181 1.180197 1.169003 1.151522 1.133346 1.115269 1.098632 1.08383 1.07361 1.069368 1.067987 1.069239 1.075381 1.086842 1.102961 1.120849
.9507349 .9210623 .8926143 .8648372 .840903 .8218501 .8076747 .7968476 .7892874 .7885167 .7950154 .8068237 .8184536 .8328728 .8522289 .8671219 .879792 .8894227 .8981994 .9069068 .9139431 .9185044 .9222116 .9253485 .9273406 .9300675 .9371687 .9444242 .9517204 .963562 .9795142 .9980646 1.017576 1.038434 1.058304 1.076649 1.094855 1.112545 1.130638 1.146814 1.1591 1.170593 1.179531 1.184203 1.186797 1.185958 1.181951 1.177674 1.171895 1.156805 1.138014 1.119258 1.102288 1.087585 1.077117 1.074078 1.076027 1.080363 1.089018 1.104338 1.126365 1.151381
.987375 .9564335 .9247654 .8948653 .8677763 .8425807 .8211923 .8021709 .78688 .779057 .7793183 .7841598 .791228 .8010741 .8143876 .8230707 .8321205 .8377598 .8414066 .8471916 .8539702 .8586006 .8619638 .8672917 .8697491 .8697653 .8741491 .8801174 .8870348 .8974622 .9110207 .9314812 .9562261 .9823291 1.006462 1.027798 1.049858 1.073485 1.096465 1.118416 1.134864 1.150531 1.163832 1.172225 1.17806 1.180431 1.178538 1.174768 1.169964 1.159058 1.140593 1.121526 1.104471 1.090401 1.080357 1.078507 1.08417 1.093062 1.106778 1.128482 1.157968 1.190515
1.025456 .9964803 .964503 .9323399 .9017736 .8726125 .8468468 .8212903 .7995251 .7841031 .7766483 .7766153 .7817419 .784972 .785962 .7841383 .783291 .7847829 .7813286 .780342 .7860271 .7934373 .8008654 .808736 .8149588 .8158298 .81499 .8197829 .820124 .8238775 .8384611 .8598009 .8908749 .9229481 .9502546 .9744043 1.002973 1.032462 1.060765 1.088167 1.110222 1.130866 1.149396 1.162512 1.172544 1.178467 1.177602 1.173241 1.167836 1.15975 1.143141 1.123733 1.10666 1.093784 1.086653 1.087193 1.095828 1.109833 1.130082 1.158116 1.192456 1.229535
1.060663 1.033883 1.004618 .9733658 .9401733 .9077429 .8754863 .844423 .8160673 .7921017 .7782273 .7769055 .780686 .777932 .7669745 .7509041 .7379362 .7346599 .7254556 .7152143 .7182584 .7302958 .7439458 .7581398 .7685037 .7688069 .7639646 .7632748 .7586609 .7557099 .7696516 .7901561 .8243906 .8632731 .8962473 .9256437 .9591547 .9930973 1.025547 1.057418 1.085946 1.112307 1.13658 1.155586 1.171537 1.182207 1.182268 1.176444 1.169639 1.161583 1.147012 1.127162 1.110051 1.097755 1.093017 1.098693 1.111103 1.12885 1.152857 1.186251 1.22643 1.267759
1.094285 1.067852 1.038655 1.007125 .9753609 .9423807 .9080243 .8765151 .8443653 .8142436 .7969462 .7914023 .790103 .7805231 .7626219 .7362525 .7156523 .7059231 .6903049 .6730538 .6732506 .6876535 .707679 .7292831 .7437771 .7447695 .7389799 .7388662 .7306235 .7214987 .7338099 .7508647 .7834775 .8253414 .8630517 .8966002 .9301425 .9636386 .9986718 1.035615 1.069495 1.100131 1.128383 1.152585 1.174596 1.189967 1.192009 1.185831 1.17694 1.167161 1.154097 1.136086 1.119931 1.108624 1.104789 1.112913 1.130805 1.153562 1.181154 1.217747 1.259553 1.301349
