py_wake/examples/data/AJ_ParqueFicticio/Ridge area   Sector 11   Height 200m   Weibull-k.grd
DSAA
90  129
 262878   265103
 6504214   6507414
 .6894531   2.552734
[rows 27 to 53 of 129, columns 0 to 61 of 90]
1.951172 1.951172 1.951172 1.955078 1.955078 1.951172 1.951172 1.947266 1.943359 1.935547 1.927734 1.923828 1.923828 1.919922 1.919922 1.916016 1.912109 1.912109 1.912109 1.908203 1.908203 1.904297 1.904297 1.904297 1.900391 1.900391 1.900391 1.892578 1.888672 1.888672 1.884766 1.880859 1.876953 1.873047 1.869141 1.861328 1.853516 1.841797 1.826172 1.814453 1.798828 1.783203 1.771484 1.767578 1.763672 1.763672 1.767578 1.771484 1.791016 1.814453 1.677734 1.166016 1.685547 1.685547 1.935547 1.806641 1.685547 1.955078 1.873047 1.646484 1.435547 1.369141
1.947266 1.951172 1.951172 1.951172 1.951172 1.951172 1.951172 1.947266 1.943359 1.935547 1.931641 1.927734 1.923828 1.916016 1.912109 1.908203 1.904297 1.896484 1.892578 1.888672 1.880859 1.873047 1.869141 1.865234 1.861328 1.857422 1.853516 1.849609 1.845703 1.841797 1.841797 1.841797 1.841797 1.841797 1.837891 1.833984 1.830078 1.822266 1.810547 1.802734 1.791016 1.775391 1.767578 1.759766 1.755859 1.759766 1.759766 1.763672 1.791016 1.833984 1.724609 1.216797 1.685547 1.861328 2.044922 1.958984 1.685547 1.685547 1.595703 1.384766 1.263672 1.685547
1.943359 1.947266 1.947266 1.947266 1.951172 1.951172 1.947266 1.947266 1.947266 1.939453 1.931641 1.927734 1.923828 1.919922 1.912109 1.904297 1.896484 1.888672 1.880859 1.873047 1.861328 1.849609 1.837891 1.830078 1.822266 1.818359 1.810547 1.802734 1.794922 1.794922 1.794922 1.794922 1.794922 1.798828 1.798828 1.802734 1.798828 1.798828 1.791016 1.783203 1.775391 1.767578 1.759766 1.755859 1.751953 1.751953 1.751953 1.755859 1.791016 1.849609 1.708984 1.322266 1.373047 1.775391 1.974609 1.685547 1.685547 1.685547 1.466797 1.259766 1.443359 1.888672
1.939453 1.943359 1.943359 1.943359 1.947266 1.947266 1.947266 1.947266 1.943359 1.939453 1.935547 1.931641 1.927734 1.923828 1.916016 1.908203 1.900391 1.892578 1.880859 1.865234 1.849609 1.833984 1.822266 1.810547 1.798828 1.787109 1.779297 1.771484 1.767578 1.763672 1.763672 1.763672 1.763672 1.763672 1.767578 1.771484 1.771484 1.771484 1.771484 1.767578 1.763672 1.759766 1.751953 1.748047 1.748047 1.748047 1.744141 1.748047 1.783203 1.845703 1.701172 1.435547 1.380859 1.763672 1.978516 1.685547 1.685547 1.685547 1.361328 1.177734 1.888672 1.888672
1.935547 1.935547 1.939453 1.939453 1.939453 1.943359 1.943359 1.943359 1.939453 1.935547 1.931641 1.931641 1.927734 1.923828 1.919922 1.912109 1.908203 1.896484 1.884766 1.869141 1.853516 1.841797 1.826172 1.810547 1.794922 1.783203 1.771484 1.759766 1.751953 1.744141 1.740234 1.740234 1.736328 1.740234 1.744141 1.748047 1.751953 1.751953 1.751953 1.751953 1.751953 1.748047 1.744141 1.740234 1.740234 1.740234 1.736328 1.736328 1.767578 1.833984 1.767578 1.126953 1.529297 1.732422 1.685547 1.685547 1.685547 1.685547 1.283203 1.255859 1.888672 1.888672
1.927734 1.931641 1.931641 1.935547 1.935547 1.935547 1.935547 1.931641 1.927734 1.927734 1.927734 1.927734 1.923828 1.923828 1.919922 1.916016 1.912109 1.904297 1.892578 1.876953 1.865234 1.853516 1.837891 1.822266 1.806641 1.787109 1.775391 1.759766 1.748047 1.736328 1.728516 1.724609 1.720703 1.720703 1.720703 1.724609 1.728516 1.732422 1.736328 1.736328 1.736328 1.732422 1.732422 1.732422 1.732422 1.732422 1.728516 1.724609 1.744141 1.806641 1.826172 1.541016 1.599609 1.685547 1.685547 1.685547 1.685547 1.685547 1.685547 1.888672 1.888672 1.888672
1.916016 1.919922 1.919922 1.923828 1.923828 1.923828 1.919922 1.919922 1.919922 1.919922 1.919922 1.919922 1.919922 1.919922 1.919922 1.919922 1.919922 1.912109 1.900391 1.888672 1.876953 1.865234 1.853516 1.837891 1.822266 1.802734 1.783203 1.767578 1.751953 1.740234 1.728516 1.716797 1.712891 1.708984 1.705078 1.705078 1.708984 1.712891 1.716797 1.720703 1.720703 1.720703 1.720703 1.720703 1.720703 1.720703 1.720703 1.712891 1.720703 1.767578 1.830078 1.708984 1.634766 1.685547 1.685547 1.685547 1.685547 1.685547 1.685547 1.888672 1.888672 1.888672
1.900391 1.904297 1.908203 1.908203 1.908203 1.908203 1.908203 1.908203 1.908203 1.912109 1.916016 1.916016 1.919922 1.919922 1.919922 1.919922 1.919922 1.912109 1.904297 1.896484 1.888672 1.880859 1.869141 1.857422 1.841797 1.826172 1.802734 1.783203 1.767578 1.751953 1.736328 1.724609 1.716797 1.705078 1.701172 1.697266 1.697266 1.697266 1.701172 1.705078 1.708984 1.708984 1.708984 1.712891 1.712891 1.712891 1.708984 1.705078 1.701172 1.728516 1.791016 1.806641 1.677734 1.650391 1.685547 1.685547 1.685547 1.685547 1.685547 1.888672 1.888672 1.888672
1.884766 1.888672 1.888672 1.892578 1.896484 1.896484 1.900391 1.904297 1.908203 1.912109 1.916016 1.919922 1.919922 1.919922 1.923828 1.919922 1.919922 1.916016 1.908203 1.904297 1.900391 1.892578 1.884766 1.873047 1.861328 1.849609 1.830078 1.810547 1.787109 1.771484 1.759766 1.744141 1.732422 1.720703 1.712891 1.705078 1.701172 1.701172 1.701172 1.705078 1.705078 1.705078 1.705078 1.705078 1.708984 1.705078 1.705078 1.705078 1.697266 1.705078 1.740234 1.794922 1.763672 1.697266 1.658203 1.662109 1.685547 1.685547 1.490234 .9746094 1.888672 1.888672
1.865234 1.869141 1.869141 1.876953 1.880859 1.884766 1.892578 1.904297 1.912109 1.919922 1.923828 1.927734 1.927734 1.927734 1.927734 1.923828 1.919922 1.916016 1.912109 1.908203 1.904297 1.900391 1.896484 1.892578 1.884766 1.873047 1.857422 1.841797 1.818359 1.794922 1.779297 1.767578 1.755859 1.744141 1.736328 1.724609 1.720703 1.716797 1.712891 1.712891 1.708984 1.708984 1.708984 1.705078 1.708984 1.705078 1.705078 1.705078 1.701172 1.701172 1.712891 1.744141 1.787109 1.775391 1.724609 1.662109 1.619141 1.568359 1.412109 1.080078 1.888672 1.888672
1.849609 1.849609 1.849609 1.853516 1.861328 1.873047 1.888672 1.904297 1.916016 1.927734 1.931641 1.931641 1.931641 1.931641 1.931641 1.927734 1.923828 1.916016 1.916016 1.912109 1.912109 1.908203 1.908203 1.904297 1.900391 1.892578 1.880859 1.865234 1.845703 1.826172 1.802734 1.791016 1.779297 1.767578 1.755859 1.748047 1.740234 1.736328 1.728516 1.724609 1.720703 1.716797 1.712891 1.712891 1.712891 1.712891 1.708984 1.708984 1.708984 1.705078 1.705078 1.720703 1.751953 1.787109 1.783203 1.724609 1.634766 1.552734 1.408203 1.189453 1.888672 1.607422
1.841797 1.833984 1.830078 1.830078 1.837891 1.853516 1.876953 1.900391 1.916016 1.923828 1.927734 1.927734 1.931641 1.931641 1.931641 1.931641 1.927734 1.923828 1.919922 1.916016 1.916016 1.916016 1.916016 1.916016 1.912109 1.908203 1.900391 1.888672 1.873047 1.853516 1.833984 1.814453 1.798828 1.791016 1.779297 1.771484 1.763672 1.755859 1.748047 1.744141 1.736328 1.728516 1.724609 1.720703 1.720703 1.716797 1.716797 1.716797 1.716797 1.716797 1.712891 1.716797 1.736328 1.767578 1.798828 1.775391 1.677734 1.572266 1.431641 1.294922 1.708984 1.642578
1.833984 1.822266 1.814453 1.810547 1.822266 1.841797 1.869141 1.900391 1.908203 1.916016 1.923828 1.923828 1.927734 1.927734 1.931641 1.931641 1.927734 1.927734 1.923828 1.923828 1.923828 1.923828 1.927734 1.923828 1.923828 1.919922 1.916016 1.908203 1.892578 1.876953 1.861328 1.845703 1.826172 1.814453 1.802734 1.794922 1.787109 1.779297 1.771484 1.763672 1.755859 1.744141 1.736328 1.732422 1.728516 1.724609 1.724609 1.724609 1.724609 1.724609 1.728516 1.728516 1.740234 1.767578 1.802734 1.798828 1.701172 1.583984 1.458984 1.349609 1.720703 2.166016
1.830078 1.814453 1.798828 1.791016 1.802734 1.833984 1.869141 1.888672 1.896484 1.908203 1.912109 1.919922 1.923828 1.923828 1.927734 1.927734 1.927734 1.927734 1.923828 1.923828 1.923828 1.923828 1.927734 1.927734 1.927734 1.927734 1.927734 1.923828 1.912109 1.896484 1.884766 1.869141 1.857422 1.841797 1.826172 1.814453 1.806641 1.798828 1.791016 1.783203 1.771484 1.759766 1.751953 1.744141 1.740234 1.736328 1.732422 1.732422 1.736328 1.736328 1.740234 1.744141 1.751953 1.779297 1.814453 1.810547 1.705078 1.572266 1.466797 1.384766 1.978516 2.333984
1.826172 1.810547 1.787109 1.775391 1.791016 1.830078 1.880859 1.888672 1.888672 1.892578 1.900391 1.908203 1.912109 1.919922 1.919922 1.923828 1.923828 1.923828 1.923828 1.919922 1.919922 1.923828 1.923828 1.927734 1.927734 1.927734 1.927734 1.927734 1.927734 1.916016 1.904297 1.892578 1.880859 1.865234 1.853516 1.837891 1.826172 1.818359 1.806641 1.798828 1.787109 1.775391 1.763672 1.755859 1.751953 1.748047 1.744141 1.744141 1.748047 1.748047 1.751953 1.759766 1.771484 1.798828 1.830078 1.806641 1.666016 1.529297 1.455078 1.513672 1.900391 1.970703
1.830078 1.810547 1.783203 1.767578 1.787109 1.841797 1.888672 1.888672 1.888672 1.888672 1.888672 1.892578 1.900391 1.904297 1.912109 1.912109 1.916016 1.916016 1.916016 1.916016 1.916016 1.919922 1.919922 1.919922 1.923828 1.923828 1.927734 1.927734 1.923828 1.923828 1.916016 1.904297 1.892578 1.884766 1.873047 1.857422 1.845703 1.830078 1.818359 1.810547 1.798828 1.787109 1.775391 1.767578 1.759766 1.755859 1.755859 1.755859 1.755859 1.759766 1.763672 1.771484 1.791016 1.822266 1.841797 1.748047 1.564453 1.466797 1.478516 1.783203 1.900391 1.927734
1.837891 1.822266 1.798828 1.787109 1.814453 1.880859 1.888672 1.888672 1.888672 1.888672 1.888672 1.888672 1.888672 1.888672 1.896484 1.900391 1.904297 1.908203 1.908203 1.912109 1.912109 1.912109 1.912109 1.916016 1.916016 1.919922 1.919922 1.923828 1.919922 1.919922 1.919922 1.912109 1.904297 1.896484 1.884766 1.873047 1.861328 1.845703 1.830078 1.818359 1.806641 1.794922 1.783203 1.775391 1.767578 1.763672 1.763672 1.763672 1.767578 1.771484 1.775391 1.787109 1.810547 1.841797 1.822266 1.615234 1.416016 1.365234 1.611328 1.888672 1.923828 1.962891
1.849609 1.841797 1.837891 1.841797 1.884766 1.888672 1.888672 1.888672 1.888672 1.888672 1.888672 1.888672 1.888672 1.888672 1.888672 1.888672 1.888672 1.892578 1.896484 1.900391 1.904297 1.904297 1.908203 1.908203 1.912109 1.912109 1.916016 1.916016 1.916016 1.916016 1.916016 1.912109 1.908203 1.900391 1.888672 1.880859 1.873047 1.861328 1.845703 1.830078 1.814453 1.802734 1.791016 1.783203 1.775391 1.771484 1.771484 1.771484 1.775391 1.779297 1.783203 1.798828 1.826172 1.853516 1.751953 1.431641 1.232422 1.283203 1.888672 1.845703 1.833984 1.861328
1.865234 1.865234 1.880859 1.888672 1.888672 1.888672 1.888672 1.888672 1.888672 1.888672 1.888672 1.888672 1.888672 1.888672 1.888672 1.888672 1.888672 1.888672 1.888672 1.888672 1.892578 1.896484 1.900391 1.900391 1.900391 1.904297 1.904297 1.908203 1.908203 1.908203 1.912109 1.908203 1.904297 1.896484 1.892578 1.884766 1.876953 1.865234 1.853516 1.837891 1.822266 1.810547 1.798828 1.791016 1.783203 1.779297 1.779297 1.779297 1.779297 1.787109 1.791016 1.806641 1.841797 1.845703 1.626953 1.216797 1.021484 1.888672 1.591797 1.517578 1.638672 1.748047
1.873047 1.880859 1.888672 1.888672 1.888672 1.888672 1.888672 1.888672 1.865234 1.857422 1.865234 1.873047 1.876953 1.880859 1.884766 1.884766 1.888672 1.888672 1.888672 1.888672 1.888672 1.888672 1.888672 1.888672 1.888672 1.892578 1.892578 1.892578 1.896484 1.900391 1.896484 1.896484 1.892578 1.888672 1.884766 1.880859 1.873047 1.865234 1.853516 1.841797 1.826172 1.810547 1.802734 1.794922 1.787109 1.783203 1.783203 1.783203 1.787109 1.791016 1.798828 1.814453 1.849609 1.822266 1.490234 1.048828 1.150391 1.822266 1.392578 1.603516 1.720703 1.791016
1.880859 1.888672 1.888672 1.888672 1.888672 1.888672 1.888672 1.845703 1.818359 1.826172 1.841797 1.853516 1.861328 1.865234 1.869141 1.873047 1.876953 1.876953 1.876953 1.880859 1.880859 1.884766 1.884766 1.884766 1.884766 1.884766 1.884766 1.880859 1.876953 1.873047 1.873047 1.873047 1.873047 1.869141 1.869141 1.865234 1.861328 1.857422 1.845703 1.833984 1.822266 1.810547 1.798828 1.794922 1.787109 1.783203 1.783203 1.787109 1.791016 1.794922 1.802734 1.822266 1.853516 1.794922 1.416016 1.029297 1.888672 1.599609 1.666016 1.791016 1.837891 1.861328
1.896484 1.892578 1.888672 1.888672 1.888672 1.888672 1.830078 1.783203 1.783203 1.802734 1.826172 1.841797 1.849609 1.857422 1.861328 1.861328 1.861328 1.861328 1.861328 1.861328 1.865234 1.865234 1.865234 1.865234 1.861328 1.861328 1.861328 1.857422 1.853516 1.853516 1.853516 1.849609 1.849609 1.845703 1.849609 1.849609 1.849609 1.841797 1.837891 1.826172 1.818359 1.806641 1.798828 1.791016 1.787109 1.783203 1.783203 1.787109 1.794922 1.798828 1.806641 1.826172 1.853516 1.783203 1.419922 1.169922 1.888672 1.888672 1.845703 1.880859 1.892578 1.900391
1.904297 1.900391 1.896484 1.888672 1.888672 1.861328 1.810547 1.779297 1.783203 1.810547 1.830078 1.841797 1.845703 1.845703 1.849609 1.853516 1.853516 1.849609 1.845703 1.845703 1.845703 1.841797 1.841797 1.841797 1.837891 1.833984 1.833984 1.830078 1.830078 1.826172 1.826172 1.830078 1.830078 1.830078 1.830078 1.830078 1.830078 1.830078 1.826172 1.818359 1.810547 1.802734 1.794922 1.791016 1.787109 1.783203 1.783203 1.787109 1.794922 1.798828 1.806641 1.830078 1.853516 1.787109 1.494141 1.408203 1.888672 1.888672 1.888672 1.900391 1.908203 1.912109
1.916016 1.908203 1.904297 1.896484 1.884766 1.880859 1.853516 1.837891 1.833984 1.830078 1.826172 1.814453 1.810547 1.818359 1.830078 1.841797 1.841797 1.837891 1.830078 1.826172 1.826172 1.826172 1.822266 1.822266 1.818359 1.810547 1.806641 1.802734 1.798828 1.798828 1.798828 1.802734 1.806641 1.810547 1.814453 1.814453 1.818359 1.818359 1.818359 1.814453 1.806641 1.802734 1.794922 1.791016 1.787109 1.783203 1.783203 1.787109 1.794922 1.798828 1.806641 1.830078 1.853516 1.806641 1.619141 1.595703 1.888672 1.888672 1.888672 1.888672 1.900391 1.908203
1.919922 1.916016 1.912109 1.904297 1.880859 1.833984 1.884766 1.857422 1.767578 1.720703 1.693359 1.677734 1.701172 1.748047 1.791016 1.822266 1.830078 1.826172 1.814453 1.806641 1.806641 1.806641 1.806641 1.806641 1.802734 1.794922 1.783203 1.779297 1.771484 1.767578 1.771484 1.771484 1.779297 1.787109 1.791016 1.798828 1.802734 1.806641 1.806641 1.806641 1.802734 1.798828 1.794922 1.787109 1.783203 1.783203 1.779297 1.783203 1.791016 1.798828 1.806641 1.830078 1.853516 1.830078 1.732422 1.720703 1.888672 1.888672 1.888672 1.888672 1.888672 1.892578
1.923828 1.919922 1.916016 1.912109 1.900391 1.826172 1.720703 1.841797 1.521484 1.435547 1.443359 1.474609 1.552734 1.650391 1.744141 1.802734 1.810547 1.806641 1.791016 1.783203 1.783203 1.791016 1.791016 1.791016 1.787109 1.779297 1.763672 1.755859 1.748047 1.740234 1.740234 1.744141 1.755859 1.767578 1.775391 1.783203 1.791016 1.798828 1.798828 1.802734 1.798828 1.794922 1.791016 1.787109 1.783203 1.779297 1.779297 1.783203 1.791016 1.794922 1.806641 1.822266 1.849609 1.849609 1.810547 1.806641 1.888672 1.888672 1.888672 1.888672 1.888672 1.888672
1.927734 1.919922 1.916016 1.916016 1.908203 1.869141 1.701172 1.806641 1.533203 1.201172 1.236328 1.341797 1.478516 1.595703 1.708984 1.794922 1.802734 1.791016 1.767578 1.751953 1.759766 1.771484 1.779297 1.787109 1.783203 1.775391 1.759766 1.751953 1.744141 1.732422 1.732422 1.736328 1.748047 1.759766 1.771484 1.779297 1.787109 1.791016 1.794922 1.794922 1.794922 1.791016 1.787109 1.783203 1.779297 1.779297 1.779297 1.783203 1.787109 1.794922 1.802734 1.818359 1.841797 1.857422 1.853516 1.857422 1.888672 1.888672 1.888672 1.888672 1.888672 1.888672
