py_wake/examples/data/AJ_ParqueFicticio/Ridge area   Sector 5   Height 200m   Flow inclination.grd
DSAA
90  129
 262878   265103
 6504214   6507414
-14.33182   21.02349
[rows 27 to 53 of 129, columns 0 to 59 of 90]
-7.028366 -7.307608 -7.438316 -7.487684 -7.481517 -7.416353 -7.322526 -7.245058 -7.195976 -7.206087 -7.352082 -7.66233 -8.148362 -8.726235 -9.317472 -9.860519 -10.34785 -10.77399 -11.19147 -11.65709 -11.96275 -12.18792 -12.35433 -12.45527 -12.56996 -12.6386 -12.64315 -12.53646 -12.21369 -11.87485 -11.4573 -10.98153 -10.46285 -9.709863 -9.053242 -8.286387 -7.351501 -6.299305 -4.870407 -3.135172 -1.454893 .3723331 2.27278 4.238566 6.187737 8.088449 9.979242 11.97888 13.7184 15.36396 17.02667 18.05199 18.63264 19.01001 19.03837 18.56218 18.74828 16.75427 15.38153 13.89104
-7.300225 -7.637255 -7.825619 -7.939342 -7.979757 -7.916595 -7.80298 -7.654458 -7.474508 -7.316901 -7.301514 -7.468686 -7.820665 -8.296977 -8.859201 -9.434582 -9.985569 -10.47946 -10.94532 -11.40343 -11.72135 -11.98208 -12.2294 -12.38016 -12.54104 -12.67079 -12.70225 -12.64308 -12.4277 -12.13616 -11.83113 -11.48501 -11.06522 -10.45672 -9.848816 -9.168148 -8.291326 -7.29087 -5.916481 -4.196574 -2.437563 -.4530233 1.753962 4.068143 6.268419 8.329332 10.28 12.33513 14.18557 15.78697 17.43942 18.43039 18.96406 19.26625 19.20862 18.53368 19.24406 18.56402 15.38594 13.75933
-7.491468 -7.866137 -8.109422 -8.303849 -8.415998 -8.404653 -8.324039 -8.154924 -7.902833 -7.597418 -7.44012 -7.483519 -7.708313 -8.042611 -8.482789 -8.989726 -9.530283 -10.00224 -10.47038 -10.93269 -11.26558 -11.58591 -11.90627 -12.11417 -12.30944 -12.51203 -12.57553 -12.52536 -12.35758 -12.12632 -11.89197 -11.63242 -11.3213 -10.84497 -10.28237 -9.69549 -8.913363 -7.987095 -6.729984 -5.100444 -3.306078 -1.204565 1.252717 3.859197 6.315443 8.603094 10.69077 12.7416 14.65907 16.26557 17.88402 18.85483 19.31997 19.55717 19.35879 16.09102 19.16891 19.3823 15.69979 13.80332
-7.637508 -8.048516 -8.342801 -8.608999 -8.782116 -8.83849 -8.829537 -8.701523 -8.472848 -8.065966 -7.811933 -7.719902 -7.80813 -8.008085 -8.295558 -8.659487 -9.054419 -9.437803 -9.834115 -10.23836 -10.51712 -10.85084 -11.20598 -11.44192 -11.6855 -11.9605 -12.0701 -12.02324 -11.90101 -11.73593 -11.54884 -11.36709 -11.18419 -10.81347 -10.31069 -9.791805 -9.149411 -8.339555 -7.236747 -5.769857 -4.036903 -1.893999 .7314666 3.485921 6.12766 8.726063 11.09315 13.16149 15.15001 16.80791 18.35704 19.31751 19.70858 19.92473 19.73246 19.39337 19.45412 19.87446 16.14254 14.2355
-7.67837 -8.140951 -8.487827 -8.825196 -9.057536 -9.175705 -9.227 -9.158437 -9.000861 -8.593204 -8.309706 -8.127626 -8.082604 -8.146577 -8.301602 -8.507512 -8.759024 -9.003239 -9.23238 -9.465093 -9.668983 -9.906469 -10.16352 -10.35407 -10.57626 -10.82125 -10.95551 -10.96502 -10.94545 -10.88846 -10.78787 -10.65551 -10.49751 -10.23057 -9.87516 -9.470101 -8.980547 -8.338309 -7.425433 -6.154186 -4.547856 -2.419345 .1744259 2.941213 5.668943 8.439204 11.19051 13.45199 15.50584 17.22991 18.70817 19.71489 20.07026 20.19443 18.74686 19.22073 18.89205 18.8999 16.33988 14.7316
-7.624453 -8.137046 -8.527443 -8.912674 -9.181708 -9.343897 -9.43119 -9.407771 -9.308628 -8.979115 -8.713993 -8.507068 -8.38454 -8.339653 -8.381126 -8.473812 -8.628688 -8.741243 -8.788711 -8.852827 -8.938933 -9.044762 -9.158532 -9.260947 -9.386547 -9.529825 -9.614405 -9.616705 -9.627811 -9.653659 -9.644817 -9.590423 -9.477958 -9.3356 -9.143443 -8.880445 -8.531963 -8.044194 -7.309536 -6.230479 -4.763079 -2.657351 -.1737013 2.515906 5.327877 8.100879 11.03821 13.58556 15.70041 17.4977 18.95537 20.01402 20.3993 20.47334 20.42085 19.74899 18.38359 17.64762 18.26614 15.01977
-7.515714 -8.078232 -8.506513 -8.928073 -9.206684 -9.379512 -9.467603 -9.465911 -9.407853 -9.178571 -8.94204 -8.723187 -8.551321 -8.44222 -8.418177 -8.459494 -8.567445 -8.600862 -8.522299 -8.450355 -8.420255 -8.402229 -8.379373 -8.350623 -8.345199 -8.358509 -8.319768 -8.204635 -8.119221 -8.097815 -8.136783 -8.195544 -8.176238 -8.15333 -8.108817 -7.974307 -7.757604 -7.412608 -6.846207 -5.95894 -4.636122 -2.609847 -.2837537 2.252141 5.115379 7.864991 10.76388 13.55242 15.79102 17.65259 19.11192 20.19675 20.69614 20.7528 20.60872 20.09693 18.85325 17.53903 16.36708 15.08414
-7.361182 -7.9843 -8.455042 -8.915753 -9.179221 -9.335921 -9.398829 -9.376458 -9.31803 -9.172137 -8.98593 -8.785947 -8.591686 -8.431459 -8.354612 -8.380641 -8.479329 -8.490642 -8.413244 -8.279718 -8.145392 -8.019243 -7.870478 -7.700207 -7.548578 -7.396669 -7.208894 -6.941909 -6.641775 -6.426933 -6.379529 -6.418316 -6.455704 -6.540365 -6.594313 -6.573553 -6.51692 -6.307819 -5.91741 -5.241144 -4.080367 -2.233052 -.123548 2.214395 5.034235 7.742228 10.49407 13.31074 15.61426 17.45572 19.01284 20.20887 20.90001 21.02349 20.77436 20.19512 19.13972 17.81704 16.43546 15.09757
-7.102468 -7.820266 -8.37411 -8.923522 -9.182529 -9.330614 -9.370428 -9.333267 -9.257858 -9.128531 -8.958097 -8.767597 -8.540799 -8.338314 -8.224505 -8.233331 -8.346646 -8.373474 -8.308379 -8.193892 -8.044104 -7.854084 -7.63603 -7.36553 -7.094885 -6.802687 -6.472183 -6.042262 -5.513986 -5.082365 -4.815125 -4.700783 -4.670424 -4.727752 -4.784413 -4.836676 -4.877463 -4.804889 -4.584097 -4.135419 -3.199678 -1.629239 .2376231 2.360436 5.071291 7.703114 10.3758 12.93569 15.24016 17.0425 18.58111 19.8944 20.73304 20.9516 20.72097 20.20762 19.24255 17.89391 16.48664 15.07284
-6.675231 -7.537247 -8.216177 -8.902701 -9.188512 -9.360598 -9.406338 -9.379659 -9.309432 -9.184213 -9.018414 -8.818529 -8.53844 -8.292635 -8.148299 -8.116812 -8.187301 -8.256351 -8.209317 -8.127665 -7.984677 -7.798588 -7.586362 -7.300349 -6.980499 -6.629961 -6.222796 -5.685271 -4.96348 -4.294839 -3.780222 -3.437236 -3.255967 -3.161112 -3.154845 -3.165371 -3.231095 -3.241781 -3.1738 -2.900697 -2.18524 -.8970096 .7385487 2.621476 5.160577 7.721695 10.32402 12.64271 14.69747 16.4443 17.87019 19.20377 20.23177 20.60926 20.42803 19.96797 19.14293 17.83566 16.36053 14.95036
-6.025222 -7.069945 -7.919003 -8.764643 -9.132379 -9.36993 -9.463054 -9.481195 -9.439188 -9.299862 -9.125386 -8.891475 -8.565187 -8.279429 -8.110835 -8.031792 -8.036469 -8.043328 -8.055692 -8.036777 -7.897415 -7.777141 -7.633625 -7.41054 -7.127446 -6.781084 -6.372846 -5.824057 -5.001563 -4.111785 -3.369375 -2.732554 -2.37109 -2.102742 -1.937394 -1.850417 -1.854457 -1.87984 -1.892038 -1.750385 -1.207017 -.142127 1.299329 2.994387 5.204137 7.710569 10.22276 12.42196 14.19038 15.79366 17.1954 18.38208 19.48343 20.08335 19.92945 19.43699 18.64957 17.45509 15.98867 14.62302
-5.181181 -6.367993 -7.417367 -8.408689 -8.912818 -9.265653 -9.446799 -9.5327 -9.562027 -9.474632 -9.343425 -9.085431 -8.744098 -8.401754 -8.175292 -8.022601 -7.952406 -7.86094 -7.822289 -7.840071 -7.822249 -7.82892 -7.76534 -7.622181 -7.436773 -7.147501 -6.767478 -6.25345 -5.455069 -4.506008 -3.612035 -2.791789 -2.074341 -1.608638 -1.259136 -1.037127 -.8760667 -.8282329 -.8384476 -.7566373 -.3535939 .5563068 1.828596 3.393067 5.290701 7.636952 9.927394 12.08029 13.78142 15.24321 16.53966 17.72683 18.78384 19.48401 19.35258 18.79503 17.91453 16.81231 15.37251 14.01425
-4.235824 -5.467923 -6.69698 -7.820551 -8.526219 -9.034788 -9.335487 -9.517919 -9.613383 -9.593784 -9.521523 -9.301867 -8.969634 -8.627105 -8.333636 -8.115876 -7.966374 -7.83747 -7.733185 -7.717156 -7.729845 -7.817111 -7.90242 -7.894374 -7.812735 -7.589457 -7.276892 -6.819939 -6.076852 -5.167002 -4.218379 -3.330466 -2.421203 -1.753837 -1.200972 -.7809281 -.4930245 -.3359068 -.2931109 -.1917337 .1807929 1.013329 2.176687 3.636361 5.379638 7.573736 9.697417 11.66415 13.30047 14.75871 15.92245 17.09302 18.24801 19.00629 18.82815 18.24308 17.28953 16.04088 14.5785 13.37288
-3.193856 -4.420268 -5.779282 -7.058692 -7.989419 -8.689017 -9.138392 -9.453529 -9.653804 -9.727598 -9.715041 -9.532468 -9.234487 -8.928432 -8.650355 -8.377686 -8.184738 -8.04165 -7.878391 -7.81434 -7.828063 -7.941434 -8.078671 -8.123005 -8.177216 -8.111279 -7.876083 -7.503377 -6.847964 -6.012609 -5.126791 -4.241579 -3.273323 -2.486368 -1.767079 -1.104669 -.6133172 -.3430811 -.2011983 -.01706016 .3937447 1.252986 2.411041 3.783736 5.430233 7.461648 9.493376 11.38105 12.91068 14.31504 15.43186 16.47886 17.69522 18.60186 18.36123 17.68687 16.68045 15.35412 13.8271 12.71181
-2.073992 -3.270299 -4.707528 -6.179063 -7.329953 -8.243305 -8.850709 -9.308576 -9.623164 -9.810542 -9.885056 -9.77813 -9.567677 -9.322631 -9.071206 -8.815251 -8.581563 -8.409583 -8.218027 -8.081769 -8.058614 -8.191379 -8.383801 -8.486669 -8.616245 -8.614155 -8.579195 -8.335201 -7.799145 -7.024156 -6.253012 -5.386181 -4.475508 -3.632882 -2.870221 -2.043131 -1.333772 -.8777745 -.5815862 -.2659492 .2352605 1.138767 2.322043 3.652157 5.239514 7.136713 9.095445 11.07194 12.62917 13.94453 15.05609 16.04597 17.11125 18.08419 17.93342 17.17854 16.10124 14.7478 13.22537 12.16127
-.9204443 -2.109305 -3.550216 -5.177801 -6.537691 -7.668795 -8.455208 -9.077785 -9.520392 -9.835811 -10.00005 -9.975029 -9.865135 -9.703207 -9.538011 -9.352561 -9.160012 -8.963392 -8.727063 -8.550094 -8.465286 -8.579151 -8.792719 -8.974689 -9.158218 -9.223864 -9.275766 -9.185351 -8.85326 -8.117915 -7.467642 -6.612139 -5.791314 -4.955737 -4.157489 -3.283892 -2.424939 -1.747723 -1.248635 -.7951272 -.1933617 .7607579 2.026653 3.400884 4.994736 6.851892 8.72979 10.56331 12.26038 13.64594 14.80817 15.80283 16.66689 17.47883 17.40237 16.61987 15.50689 14.21248 12.79125 11.76207
.4223389 -.7290718 -2.156377 -3.893829 -5.505643 -6.930144 -7.962012 -8.786766 -9.366778 -9.806096 -10.08454 -10.17195 -10.1695 -10.06982 -9.947942 -9.800893 -9.661695 -9.497423 -9.272574 -9.046557 -8.932476 -9.020335 -9.2092 -9.433448 -9.678592 -9.838547 -9.987272 -9.980861 -9.74504 -9.142155 -8.596653 -7.796675 -7.091396 -6.303135 -5.452207 -4.573972 -3.690893 -2.892914 -2.193153 -1.550631 -.8043468 .2227547 1.571385 3.032546 4.687225 6.582228 8.456508 10.24252 11.90647 13.45589 14.67837 15.68554 16.45651 17.06519 16.98263 16.15335 14.97336 13.67641 12.38243 11.40838
1.705808 .7168934 -.625822 -2.442914 -4.258274 -5.990914 -7.317834 -8.380285 -9.13776 -9.707488 -10.10035 -10.30302 -10.39583 -10.378 -10.32384 -10.22313 -10.16991 -10.0973 -9.92903 -9.683866 -9.549142 -9.572649 -9.693149 -9.921473 -10.16989 -10.36578 -10.58224 -10.64141 -10.43542 -9.945309 -9.537921 -8.889076 -8.307022 -7.606312 -6.762056 -5.928865 -5.091456 -4.230498 -3.365949 -2.539509 -1.6383 -.5104174 .974938 2.559767 4.302745 6.282668 8.224445 10.00803 11.61511 13.24053 14.56912 15.59731 16.34233 16.76361 16.61103 15.7446 14.50508 13.16379 11.86408 10.86634
2.801275 2.001898 .7945908 -1.000682 -2.950269 -4.92015 -6.5363 -7.82621 -8.771785 -9.495518 -10.02675 -10.36013 -10.57146 -10.64608 -10.65555 -10.59083 -10.60922 -10.65162 -10.58893 -10.4107 -10.32198 -10.32446 -10.35624 -10.54822 -10.77021 -10.95786 -11.18753 -11.29596 -11.14283 -10.70056 -10.40972 -9.905594 -9.414887 -8.815916 -8.035829 -7.287426 -6.537134 -5.669032 -4.690581 -3.751288 -2.722352 -1.493738 .1173612 1.830307 3.650416 5.710422 7.806653 9.791363 11.44403 13.04267 14.47871 15.52523 16.27016 16.57843 16.35746 15.48725 14.2104 12.78614 11.35988 10.20607
3.657171 3.270847 2.300006 .6420047 -1.397712 -3.585493 -5.543967 -7.112718 -8.265052 -9.152577 -9.854011 -10.3563 -10.71444 -10.94405 -11.06599 -11.09403 -11.1709 -11.28548 -11.3252 -11.27339 -11.22892 -11.24818 -11.27005 -11.40641 -11.57079 -11.67416 -11.82986 -11.94351 -11.88239 -11.46271 -11.18841 -10.81612 -10.3798 -9.89294 -9.215889 -8.527237 -7.884194 -7.077282 -6.080199 -5.102976 -3.994956 -2.65336 -.9133694 .9326367 2.899313 5.015288 7.150935 9.369596 11.253 12.9062 14.39324 15.46739 16.21759 16.49261 16.20858 15.3384 14.02184 12.5423 10.97956 9.669585
4.324481 4.339651 3.71284 2.469991 .4957564 -1.849484 -4.162207 -6.134999 -7.591637 -8.660717 -9.509443 -10.1855 -10.71617 -11.07952 -11.34194 -11.52312 -11.67351 -11.83758 -11.92363 -11.95179 -11.98534 -12.03104 -12.07885 -12.20818 -12.34412 -12.41023 -12.46646 -12.4985 -12.44378 -12.12728 -11.83326 -11.5493 -11.15668 -10.73663 -10.20416 -9.577764 -8.978724 -8.247057 -7.26172 -6.259254 -5.122398 -3.697442 -1.866824 .03619576 2.144375 4.340466 6.483176 8.70538 10.92553 12.76466 14.31235 15.44145 16.16547 16.42898 16.08136 15.1507 13.83392 12.30323 10.68051 9.260713
4.671394 5.060422 4.756229 3.920029 2.301872 .02519345 -2.483187 -4.843807 -6.707486 -8.020927 -8.98941 -9.788894 -10.45905 -11.00982 -11.45833 -11.79496 -12.07451 -12.28953 -12.41432 -12.49243 -12.57913 -12.67723 -12.77601 -12.93346 -13.09785 -13.12642 -13.06249 -12.96578 -12.84856 -12.59443 -12.31038 -12.03298 -11.72384 -11.34574 -10.92843 -10.4073 -9.840633 -9.184446 -8.248278 -7.207751 -6.061028 -4.578324 -2.696261 -.7785195 1.405842 3.693469 5.896136 8.027619 10.34512 12.52212 14.19364 15.3992 16.10169 16.35272 15.94757 14.93183 13.61398 12.04385 10.33748 8.871909
4.669839 5.400249 5.453229 5.064857 3.79074 1.711481 -.8020689 -3.333169 -5.483467 -7.10882 -8.25909 -9.140433 -9.817855 -10.45274 -11.19207 -11.79585 -12.23589 -12.57602 -12.79864 -12.94589 -13.07411 -13.23361 -13.40354 -13.57393 -13.72081 -13.75959 -13.62461 -13.43355 -13.18971 -12.89877 -12.62344 -12.35801 -12.0933 -11.75334 -11.39439 -10.99828 -10.49552 -9.883611 -9.023512 -7.956203 -6.840697 -5.338144 -3.42752 -1.481436 .7403247 3.116656 5.424242 7.562151 9.741433 12.1312 14.02103 15.33444 16.06513 16.32984 15.93981 14.8573 13.49318 11.92976 10.21637 8.760304
4.318752 5.381857 5.849548 5.844145 4.976328 3.341271 1.10772 -1.377985 -3.713693 -5.6608 -7.16324 -8.297324 -9.042783 -9.619324 -10.43831 -11.17643 -11.85886 -12.44238 -12.85745 -13.14299 -13.38444 -13.60958 -13.82217 -13.9764 -14.09465 -14.11904 -13.97479 -13.75827 -13.4166 -13.09462 -12.82211 -12.53997 -12.26063 -11.94435 -11.62713 -11.3202 -10.91366 -10.34012 -9.577696 -8.528769 -7.443091 -5.962011 -4.05644 -2.084108 .1710928 2.651224 5.100755 7.286438 9.411636 11.70747 13.83628 15.26524 16.04759 16.33822 15.98989 14.92738 13.53307 12.0298 10.37118 8.907537
3.674994 4.905581 5.747871 6.12877 5.72849 4.486358 2.593373 .4131159 -1.796957 -3.838266 -5.551067 -7.027286 -8.336097 -9.426989 -10.13691 -10.50981 -10.92788 -11.59269 -12.18102 -12.7608 -13.37011 -13.65539 -13.88638 -14.07313 -14.17618 -14.17528 -14.07166 -13.87047 -13.56342 -13.25177 -12.92503 -12.62263 -12.29599 -11.97418 -11.68935 -11.42622 -11.04379 -10.52666 -9.864482 -8.92423 -7.873327 -6.452079 -4.592159 -2.616634 -.3174453 2.30469 4.932239 7.171882 9.306586 11.40526 13.61406 15.20441 16.03258 16.32192 15.99592 14.99656 13.6533 12.1601 10.518 9.008792
2.858519 4.200755 5.192659 5.908913 5.963905 5.221383 3.855799 2.059509 .1663818 -1.757369 -3.521044 -5.242647 -6.91293 -8.529532 -9.828973 -10.18063 -10.18987 -10.61591 -11.13096 -11.8334 -12.656 -13.04594 -13.39025 -13.66968 -13.85739 -13.92816 -13.88976 -13.78405 -13.56723 -13.2688 -12.92487 -12.61631 -12.25912 -11.89261 -11.57382 -11.28073 -10.9074 -10.45052 -9.887618 -9.094478 -8.099028 -6.771517 -5.020615 -3.081748 -.7556725 2.007752 4.798933 7.116693 9.296065 11.2549 13.3992 15.12772 16.01204 16.30784 16.03272 14.99934 13.75256 12.33681 10.71383 9.096433
1.940502 3.503553 4.69716 5.641508 5.874185 5.604028 4.692685 3.276071 1.833313 .2383364 -1.473646 -3.255034 -4.970333 -6.564835 -7.995107 -8.916079 -9.126746 -9.495241 -9.807948 -10.16156 -10.95939 -11.62168 -12.20819 -12.67232 -12.99077 -13.16086 -13.20865 -13.17596 -13.10338 -12.85841 -12.54814 -12.27533 -11.93107 -11.53361 -11.16499 -10.82918 -10.47715 -10.08926 -9.612721 -8.934572 -8.015006 -6.783742 -5.19384 -3.380019 -1.109006 1.682971 4.497492 6.947555 9.221642 11.16762 13.14681 14.89508 15.86985 16.20611 15.95887 14.94819 13.69035 12.2759 10.66289 8.887746
