py_wake/examples/data/AJ_ParqueFicticio/Ridge area   Sector All   Height 200m   Turbulence intensity.grd
DSAA
90  129
 262878   265103
 6504214   6507414
 13.13731   100
[rows 84 to 111 of 129, columns 0 to 62 of 90]
32.60553 32.40549 32.26398 32.32452 32.47917 32.65979 33.07053 33.62477 33.91723 33.72769 33.56637 33.44128 32.99334 32.6336 32.86668 33.13982 32.83619 32.55513 32.44222 32.20736 32.91345 33.85403 34.48319 34.32762 33.12132 31.00708 28.79511 26.63528 24.22672 22.42121 20.93909 20.38685 19.83667 19.00523 18.27262 17.715 17.16241 16.59024 16.09106 15.77086 15.45765 15.12338 14.89258 14.80273 14.73912 14.70543 14.71153 14.85286 15.19077 16.85547 25.17703 39.48541 59.05185 32.98672 39.68552 43.56751 44.454 46.00999 47.25381 48.07902 48.3269 47.87659 47.123
30.82453 30.68147 30.68463 30.80329 30.9249 31.41081 32.17739 32.8657 33.25402 33.47181 33.97124 34.81874 35.81858 36.70156 37.28715 37.44812 37.10666 36.07913 34.62949 33.04373 32.82789 33.34393 33.60624 33.13542 31.7023 29.25518 26.40524 23.78238 21.30965 20.03742 19.42594 18.85398 18.40226 17.99467 17.53109 17.09111 16.75882 16.3402 15.99269 15.75639 15.48334 15.18105 14.92234 14.75964 14.6589 14.59422 14.60868 14.73653 15.00285 16.89049 24.83125 33.66001 68.57889 28.79001 34.23288 40.05585 43.14034 44.39337 45.84505 47.35804 48.45601 48.82425 48.68864
30.25654 29.56154 29.48023 29.63622 29.85702 30.59985 31.67591 32.78158 33.65997 34.43483 35.85271 37.93818 40.29406 42.4792 44.21777 44.85542 44.33906 43.44633 42.21349 40.52429 38.83196 37.0728 35.02778 32.79237 30.91354 28.12413 24.8739 21.96815 20.30886 19.4599 18.66095 17.96445 17.5495 17.25345 16.95145 16.70087 16.42315 16.12918 15.91146 15.75423 15.56508 15.36627 15.17292 14.99771 14.83435 14.72498 14.67688 14.70871 14.85794 16.80055 23.98557 29.94267 53.08355 29.29077 29.3402 33.99408 38.83434 42.40564 45.00456 46.92285 48.37285 49.39055 49.79393
30.56346 29.90174 29.41969 29.00801 29.46562 30.57352 32.05697 33.71136 35.40036 37.20474 39.62453 42.69396 46.19505 49.92696 53.40212 55.67405 55.9615 54.88818 53.16218 51.28939 48.76617 45.82025 41.70447 36.18083 30.99628 27.24433 23.67777 21.41859 20.14052 19.07718 18.18267 17.48794 17.03586 16.72663 16.54252 16.37036 16.13765 15.93811 15.82333 15.74803 15.68176 15.60341 15.49985 15.37832 15.19689 15.02519 14.89513 14.84016 14.86615 16.71782 22.84875 27.52081 41.40625 25.76311 28.81117 30.09445 33.02044 35.91129 38.45986 41.56101 44.0648 46.15392 47.80385
31.53585 30.93701 30.4795 30.18152 30.18425 31.23646 33.09372 35.31435 37.90829 41.1122 44.9407 49.42723 54.48195 60.21737 66.01226 70.97197 73.97796 73.20697 70.12464 66.26283 61.61803 55.49208 48.39737 39.64587 31.93685 26.32441 22.77985 21.30457 19.93688 18.80814 17.90425 17.21895 16.72466 16.42444 16.27422 16.10681 15.93953 15.79566 15.73983 15.77029 15.84095 15.83596 15.78897 15.7024 15.54162 15.36821 15.21509 15.38199 15.97768 16.92988 22.14853 25.93894 35.3544 42.03911 30.02746 29.08716 29.90345 32.37182 34.99252 37.4617 39.62196 40.8022 41.79744
33.21405 32.70342 32.27711 32.13166 32.49062 33.12978 34.67306 37.49722 41.05027 45.47493 50.91481 57.3824 65.17667 73.99762 83.02908 92.1439 100 99.51075 93.56381 85.67416 76.91354 65.78667 54.43506 42.09123 31.68558 25.58615 22.58346 21.0979 19.70789 18.60587 17.71592 17.01461 16.47948 16.20659 16.07108 15.91856 15.78478 15.67121 15.66718 15.81182 16.00046 16.10669 16.15797 16.15777 16.07927 15.92744 16.41163 17.07948 17.72541 18.67433 21.65758 25.03185 32.08685 70.08846 26.78936 30.11796 29.16538 29.28018 31.75887 34.19581 36.51934 38.95353 40.62759
35.74679 35.39128 34.96351 35.01514 35.82202 36.86485 37.96369 39.78013 44.0057 49.17256 55.75389 64.20118 75.2568 87.99435 99.47589 100 100 100 100 100 91.52895 74.93407 59.31253 43.44461 30.61104 24.79992 22.2706 20.80302 19.48202 18.44742 17.59151 16.88235 16.31201 16.04959 15.92667 15.83688 15.70395 15.59817 15.64558 15.85684 16.2532 16.53583 16.65266 16.69094 16.83727 17.88562 18.8737 19.82639 20.69168 21.71838 23.02088 25.59217 31.47833 49.52922 45.842 31.39443 30.53356 28.9985 29.2076 31.5791 33.75412 36.14381 38.70036
39.44798 39.28295 39.07024 39.36989 40.51669 41.94843 43.37051 44.68922 46.20037 51.207 57.71122 66.34203 78.33273 92.4163 100 100 100 100 100 100 91.36677 70.75706 54.82635 38.50368 27.32426 23.26309 21.86787 20.45316 19.2786 18.36488 17.56414 16.89939 16.34811 16.13632 16.07457 16.00472 15.90887 15.82965 15.86631 16.15408 16.57327 16.93214 17.14259 17.90913 19.7133 21.45518 22.88302 24.11025 25.22539 26.02299 26.84918 28.86612 33.92632 46.91692 92.84872 27.7167 35.24903 30.91584 28.79037 29.89445 31.85156 33.93979 36.31587
44.63493 44.62398 44.78645 45.60183 46.73485 48.2501 49.97325 51.67891 53.54613 55.53154 57.80264 63.79045 72.10418 81.30765 88.6506 92.65461 96.44867 95.14031 88.39966 81.30473 67.75475 50.10048 37.2831 28.32583 23.62941 22.35748 21.18129 19.98882 19.01237 18.25653 17.54703 17.0046 16.69435 16.49724 16.40502 16.32407 16.26909 16.26306 16.3389 16.61475 17.03538 17.46622 19.23166 21.92404 24.99506 27.39836 28.98815 30.03615 30.88054 31.55059 31.92753 33.78905 38.1621 48.03829 72.6864 54.72284 32.93571 37.12762 31.3126 28.83643 30.69712 32.40271 34.50082
51.38033 51.60139 51.5224 52.04169 53.43834 55.39454 57.65593 59.80622 62.09692 64.32486 66.80373 69.57716 72.34385 74.5527 74.85049 73.9568 72.22789 67.52504 60.99483 52.07756 41.72692 33.53095 27.35879 23.30351 22.24007 21.19875 20.25391 19.37784 18.69214 18.07933 17.46853 17.19942 16.99596 16.86369 16.78788 16.69956 16.68664 16.72601 16.86033 17.18053 17.68337 20.0417 24.34762 29.24142 33.85982 36.79204 38.0194 38.20284 38.40936 38.78234 38.21015 39.05281 41.85843 49.21138 63.4451 92.91628 50.8543 36.94739 39.17054 31.50158 29.57642 31.24861 33.17482
59.14988 58.54134 58.10386 58.58715 60.13026 62.57399 65.61782 68.28262 70.61707 73.13479 75.75191 78.10425 80.35423 81.28478 79.2856 75.51533 69.37848 60.95512 50.85884 40.94403 32.65415 26.41878 22.89201 21.91823 20.9994 20.21516 19.48807 18.85317 18.39661 17.90335 17.55033 17.35893 17.2607 17.23906 17.23148 17.18567 17.2162 17.27395 17.43786 17.77223 18.8786 24.56995 32.28664 41.20124 48.34219 49.33934 48.67461 48.04905 47.84381 47.66039 45.43593 43.5941 45.28078 50.45195 59.65687 73.70956 96.12597 80.672 37.07343 41.21142 32.16847 29.71679 31.82797
66.92175 66.24982 65.51354 65.63107 66.94206 69.25068 72.05225 74.731 77.16424 79.81453 82.33122 83.86718 84.28652 82.01499 76.14061 67.58675 58.23427 48.16925 39.18278 31.90517 26.30441 22.78205 21.64419 20.73219 19.98414 19.38391 18.83654 18.43039 18.13649 17.89901 17.74827 17.63969 17.5856 17.61782 17.651 17.66016 17.68496 17.74053 17.89142 18.2817 21.20041 29.67813 42.75514 61.37968 68.34307 65.9464 62.48197 60.85527 60.13471 57.5821 50.58074 47.09825 47.64818 51.53032 57.9269 66.41991 75.53448 85.61082 100 100 37.2169 37.5217 30.07206
77.00925 75.94238 74.79311 74.32968 75.1176 76.8532 79.1546 81.57088 83.94395 86.0118 86.90549 85.7376 81.67197 73.7652 63.54974 54.31816 45.1315 36.94954 30.58142 25.84 22.8325 21.62613 20.58815 19.78131 19.16452 18.61158 18.22554 18.0477 17.94607 17.97946 17.99468 18.01455 18.02635 18.10248 18.15796 18.19251 18.21022 18.21087 18.342 18.70103 23.36827 35.25274 57.49791 87.76691 100 100 100 92.23251 77.84297 62.19567 53.20844 48.98752 48.78413 51.89003 56.93819 63.02491 68.94162 73.32623 74.28318 72.91569 71.46317 75.50593 95.35565
84.98753 87.46151 87.49514 86.51225 86.91733 88.37144 90.37067 91.95868 92.05177 90.3041 85.27176 76.82339 67.58526 57.97819 49.21689 41.32452 34.84377 29.3795 25.14069 22.8587 21.72025 20.60344 19.6492 19.04873 18.55868 18.03519 17.75598 17.68413 17.83851 18.05599 18.27835 18.47151 18.62 18.76312 18.84065 18.88545 18.86521 18.76553 18.80058 19.07041 25.35898 41.23191 63.70676 73.56865 57.43376 80.44224 50.50098 86.4121 56.1446 54.99427 50.59908 47.86293 48.02639 51.12633 55.8038 60.96 65.59483 69.60724 69.72181 67.76781 79.27481 88.17953 88.71859
80.15467 84.64307 88.95055 90.73545 91.68171 92.08547 92.07925 87.9974 81.38382 74.13578 66.49828 58.65074 51.19535 43.88262 37.481 32.21666 28.10637 24.69903 23.27361 22.10961 20.96314 19.93764 19.09886 18.61969 18.20394 17.75234 17.51448 17.52643 17.80802 18.1606 18.55483 18.91271 19.21904 19.4748 19.63873 19.7137 19.59449 19.40187 19.3087 19.46988 26.77304 43.16727 60.65677 57.49424 100 38.4992 43.3868 44.77187 45.0157 73.32259 55.08567 43.17917 44.91146 48.64894 53.61404 58.86192 63.35916 66.90295 68.32659 74.45366 75.41763 76.53261 78.20449
71.17542 73.13329 74.87202 76.94073 76.99571 76.31562 73.96365 68.84505 62.66099 56.58377 50.63273 44.84349 39.41687 34.70735 30.74184 27.35929 25.39056 24.13573 22.99421 21.903 20.84209 19.86887 19.08576 18.59352 18.18275 17.76706 17.50161 17.59895 17.90366 18.33423 18.8567 19.37456 19.84843 20.26357 20.53378 20.62139 20.38641 20.08558 19.86673 19.85225 27.04278 41.53616 57.10579 51.99656 100 39.21547 42.41159 46.66333 46.64482 44.2874 53.00862 68.57881 61.76591 53.7574 49.89624 55.55946 60.51428 64.18829 67.47626 69.75316 69.72709 69.00402 68.81412
1.70141E+38 1.70141E+38 1.70141E+38 1.70141E+38 1.70141E+38 1.70141E+38 1.70141E+38 1.70141E+38 1.70141E+38 1.70141E+38 1.70141E+38 1.70141E+38 1.70141E+38 1.70141E+38 1.70141E+38 1.70141E+38 1.70141E+38 1.70141E+38 1.70141E+38 1.70141E+38 1.70141E+38 1.70141E+38 1.70141E+38 1.70141E+38 1.70141E+38 1.70141E+38 1.70141E+38 1.70141E+38 1.70141E+38 1.70141E+38 1.70141E+38 1.70141E+38 1.70141E+38 1.70141E+38 1.70141E+38 1.70141E+38 1.70141E+38 1.70141E+38 1.70141E+38 1.70141E+38 1.70141E+38 1.70141E+38 1.70141E+38 1.70141E+38 1.70141E+38 1.70141E+38 1.70141E+38 1.70141E+38 1.70141E+38 1.70141E+38 1.70141E+38 1.70141E+38 1.70141E+38 1.70141E+38 1.70141E+38 1.70141E+38 1.70141E+38 1.70141E+38 1.70141E+38 1.70141E+38 1.70141E+38 1.70141E+38 1.70141E+38
1.70141E+38 1.70141E+38 1.70141E+38 1.70141E+38 1.70141E+38 1.70141E+38 1.70141E+38 1.70141E+38 1.70141E+38 1.70141E+38 1.70141E+38 1.70141E+38 1.70141E+38 1.70141E+38 1.70141E+38 1.70141E+38 1.70141E+38 1.70141E+38 1.70141E+38 1.70141E+38 1.70141E+38 1.70141E+38 1.70141E+38 1.70141E+38 1.70141E+38 1.70141E+38 1.70141E+38 1.70141E+38 1.70141E+38 1.70141E+38 1.70141E+38 1.70141E+38 1.70141E+38 1.70141E+38 1.70141E+38 1.70141E+38 1.70141E+38 1.70141E+38 1.70141E+38 1.70141E+38 1.70141E+38 1.70141E+38 1.70141E+38 1.70141E+38 1.70141E+38 1.70141E+38 1.70141E+38 1.70141E+38 1.70141E+38 1.70141E+38 1.70141E+38 1.70141E+38 1.70141E+38 1.70141E+38 1.70141E+38 1.70141E+38 1.70141E+38 1.70141E+38 1.70141E+38 1.70141E+38 1.70141E+38 1.70141E+38 1.70141E+38
1.70141E+38 1.70141E+38 1.70141E+38 1.70141E+38 1.70141E+38 1.70141E+38 1.70141E+38 1.70141E+38 1.70141E+38 1.70141E+38 1.70141E+38 1.70141E+38 1.70141E+38 1.70141E+38 1.70141E+38 1.70141E+38 1.70141E+38 1.70141E+38 1.70141E+38 1.70141E+38 1.70141E+38 1.70141E+38 1.70141E+38 1.70141E+38 1.70141E+38 1.70141E+38 1.70141E+38 1.70141E+38 1.70141E+38 1.70141E+38 1.70141E+38 1.70141E+38 1.70141E+38 1.70141E+38 1.70141E+38 1.70141E+38 1.70141E+38 1.70141E+38 1.70141E+38 1.70141E+38 1.70141E+38 1.70141E+38 1.70141E+38 1.70141E+38 1.70141E+38 1.70141E+38 1.70141E+38 1.70141E+38 1.70141E+38 1.70141E+38 1.70141E+38 1.70141E+38 1.70141E+38 1.70141E+38 1.70141E+38 1.70141E+38 1.70141E+38 1.70141E+38 1.70141E+38 1.70141E+38 1.70141E+38 1.70141E+38 1.70141E+38
1.70141E+38 1.70141E+38 1.70141E+38 1.70141E+38 1.70141E+38 1.70141E+38 1.70141E+38 1.70141E+38 1.70141E+38 1.70141E+38 1.70141E+38 1.70141E+38 1.70141E+38 1.70141E+38 1.70141E+38 1.70141E+38 1.70141E+38 1.70141E+38 1.70141E+38 1.70141E+38 1.70141E+38 1.70141E+38 1.70141E+38 1.70141E+38 1.70141E+38 1.70141E+38 1.70141E+38 1.70141E+38 1.70141E+38 1.70141E+38 1.70141E+38 1.70141E+38 1.70141E+38 1.70141E+38 1.70141E+38 1.70141E+38 1.70141E+38 1.70141E+38 1.70141E+38 1.70141E+38 1.70141E+38 1.70141E+38 1.70141E+38 1.70141E+38 1.70141E+38 1.70141E+38 1.70141E+38 1.70141E+38 1.70141E+38 1.70141E+38 1.70141E+38 1.70141E+38 1.70141E+38 1.70141E+38 1.70141E+38 1.70141E+38 1.70141E+38 1.70141E+38 1.70141E+38 1.70141E+38 1.70141E+38 1.70141E+38 1.70141E+38
1.70141E+38 1.70141E+38 1.70141E+38 1.70141E+38 1.70141E+38 1.70141E+38 1.70141E+38 1.70141E+38 1.70141E+38 1.70141E+38 1.70141E+38 1.70141E+38 1.70141E+38 1.70141E+38 1.70141E+38 1.70141E+38 1.70141E+38 1.70141E+38 1.70141E+38 1.70141E+38 1.70141E+38 1.70141E+38 1.70141E+38 1.70141E+38 1.70141E+38 1.70141E+38 1.70141E+38 1.70141E+38 1.70141E+38 1.70141E+38 1.70141E+38 1.70141E+38 1.70141E+38 1.70141E+38 1.70141E+38 1.70141E+38 1.70141E+38 1.70141E+38 1.70141E+38 1.70141E+38 1.70141E+38 1.70141E+38 1.70141E+38 1.70141E+38 1.70141E+38 1.70141E+38 1.70141E+38 1.70141E+38 1.70141E+38 1.70141E+38 1.70141E+38 1.70141E+38 1.70141E+38 1.70141E+38 1.70141E+38 1.70141E+38 1.70141E+38 1.70141E+38 1.70141E+38 1.70141E+38 1.70141E+38 1.70141E+38 1.70141E+38
1.70141E+38 1.70141E+38 1.70141E+38 1.70141E+38 1.70141E+38 1.70141E+38 1.70141E+38 1.70141E+38 1.70141E+38 1.70141E+38 1.70141E+38 1.70141E+38 1.70141E+38 1.70141E+38 1.70141E+38 1.70141E+38 1.70141E+38 1.70141E+38 1.70141E+38 1.70141E+38 1.70141E+38 1.70141E+38 1.70141E+38 1.70141E+38 1.70141E+38 1.70141E+38 1.70141E+38 1.70141E+38 1.70141E+38 1.70141E+38 1.70141E+38 1.70141E+38 1.70141E+38 1.70141E+38 1.70141E+38 1.70141E+38 1.70141E+38 1.70141E+38 1.70141E+38 1.70141E+38 1.70141E+38 1.70141E+38 1.70141E+38 1.70141E+38 1.70141E+38 1.70141E+38 1.70141E+38 1.70141E+38 1.70141E+38 1.70141E+38 1.70141E+38 1.70141E+38 1.70141E+38 1.70141E+38 1.70141E+38 1.70141E+38 1.70141E+38 1.70141E+38 1.70141E+38 1.70141E+38 1.70141E+38 1.70141E+38 1.70141E+38
1.70141E+38 1.70141E+38 1.70141E+38 1.70141E+38 1.70141E+38 1.70141E+38 1.70141E+38 1.70141E+38 1.70141E+38 1.70141E+38 1.70141E+38 1.70141E+38 1.70141E+38 1.70141E+38 1.70141E+38 1.70141E+38 1.70141E+38 1.70141E+38 1.70141E+38 1.70141E+38 1.70141E+38 1.70141E+38 1.70141E+38 1.70141E+38 1.70141E+38 1.70141E+38 1.70141E+38 1.70141E+38 1.70141E+38 1.70141E+38 1.70141E+38 1.70141E+38 1.70141E+38 1.70141E+38 1.70141E+38 1.70141E+38 1.70141E+38 1.70141E+38 1.70141E+38 1.70141E+38 1.70141E+38 1.70141E+38 1.70141E+38 1.70141E+38 1.70141E+38 1.70141E+38 1.70141E+38 1.70141E+38 1.70141E+38 1.70141E+38 1.70141E+38 1.70141E+38 1.70141E+38 1.70141E+38 1.70141E+38 1.70141E+38 1.70141E+38 1.70141E+38 1.70141E+38 1.70141E+38 1.70141E+38 1.70141E+38 1.70141E+38
1.70141E+38 1.70141E+38 1.70141E+38 1.70141E+38 1.70141E+38 1.70141E+38 1.70141E+38 1.70141E+38 1.70141E+38 1.70141E+38 1.70141E+38 1.70141E+38 1.70141E+38 1.70141E+38 1.70141E+38 1.70141E+38 1.70141E+38 1.70141E+38 1.70141E+38 1.70141E+38 1.70141E+38 1.70141E+38 1.70141E+38 1.70141E+38 1.70141E+38 1.70141E+38 1.70141E+38 1.70141E+38 1.70141E+38 1.70141E+38 1.70141E+38 1.70141E+38 1.70141E+38 1.70141E+38 1.70141E+38 1.70141E+38 1.70141E+38 1.70141E+38 1.70141E+38 1.70141E+38 1.70141E+38 1.70141E+38 1.70141E+38 1.70141E+38 1.70141E+38 1.70141E+38 1.70141E+38 1.70141E+38 1.70141E+38 1.70141E+38 1.70141E+38 1.70141E+38 1.70141E+38 1.70141E+38 1.70141E+38 1.70141E+38 1.70141E+38 1.70141E+38 1.70141E+38 1.70141E+38 1.70141E+38 1.70141E+38 1.70141E+38
1.70141E+38 1.70141E+38 1.70141E+38 1.70141E+38 1.70141E+38 1.70141E+38 1.70141E+38 1.70141E+38 1.70141E+38 1.70141E+38 1.70141E+38 1.70141E+38 1.70141E+38 1.70141E+38 1.70141E+38 1.70141E+38 1.70141E+38 1.70141E+38 1.70141E+38 1.70141E+38 1.70141E+38 1.70141E+38 1.70141E+38 1.70141E+38 1.70141E+38 1.70141E+38 1.70141E+38 1.70141E+38 1.70141E+38 1.70141E+38 1.70141E+38 1.70141E+38 1.70141E+38 1.70141E+38 1.70141E+38 1.70141E+38 1.70141E+38 1.70141E+38 1.70141E+38 1.70141E+38 1.70141E+38 1.70141E+38 1.70141E+38 1.70141E+38 1.70141E+38 1.70141E+38 1.70141E+38 1.70141E+38 1.70141E+38 1.70141E+38 1.70141E+38 1.70141E+38 1.70141E+38 1.70141E+38 1.70141E+38 1.70141E+38 1.70141E+38 1.70141E+38 1.70141E+38 1.70141E+38 1.70141E+38 1.70141E+38 1.70141E+38
1.70141E+38 1.70141E+38 1.70141E+38 1.70141E+38 1.70141E+38 1.70141E+38 1.70141E+38 1.70141E+38 1.70141E+38 1.70141E+38 1.70141E+38 1.70141E+38 1.70141E+38 1.70141E+38 1.70141E+38 1.70141E+38 1.70141E+38 1.70141E+38 1.70141E+38 1.70141E+38 1.70141E+38 1.70141E+38 1.70141E+38 1.70141E+38 1.70141E+38 1.70141E+38 1.70141E+38 1.70141E+38 1.70141E+38 1.70141E+38 1.70141E+38 1.70141E+38 1.70141E+38 1.70141E+38 1.70141E+38 1.70141E+38 1.70141E+38 1.70141E+38 1.70141E+38 1.70141E+38 1.70141E+38 1.70141E+38 1.70141E+38 1.70141E+38 1.70141E+38 1.70141E+38 1.70141E+38 1.70141E+38 1.70141E+38 1.70141E+38 1.70141E+38 1.70141E+38 1.70141E+38 1.70141E+38 1.70141E+38 1.70141E+38 1.70141E+38 1.70141E+38 1.70141E+38 1.70141E+38 1.70141E+38 1.70141E+38 1.70141E+38
1.70141E+38 1.70141E+38 1.70141E+38 1.70141E+38 1.70141E+38 1.70141E+38 1.70141E+38 1.70141E+38 1.70141E+38 1.70141E+38 1.70141E+38 1.70141E+38 1.70141E+38 1.70141E+38 1.70141E+38 1.70141E+38 1.70141E+38 1.70141E+38 1.70141E+38 1.70141E+38 1.70141E+38 1.70141E+38 1.70141E+38 1.70141E+38 1.70141E+38 1.70141E+38 1.70141E+38 1.70141E+38 1.70141E+38 1.70141E+38 1.70141E+38 1.70141E+38 1.70141E+38 1.70141E+38 1.70141E+38 1.70141E+38 1.70141E+38 1.70141E+38 1.70141E+38 1.70141E+38 1.70141E+38 1.70141E+38 1.70141E+38 1.70141E+38 1.70141E+38 1.70141E+38 1.70141E+38 1.70141E+38 1.70141E+38 1.70141E+38 1.70141E+38 1.70141E+38 1.70141E+38 1.70141E+38 1.70141E+38 1.70141E+38 1.70141E+38 1.70141E+38 1.70141E+38 1.70141E+38 1.70141E+38 1.70141E+38 1.70141E+38
1.70141E+38 1.70141E+38 1.70141E+38 1.70141E+38 1.70141E+38 1.70141E+38 1.70141E+38 1.70141E+38 1.70141E+38 1.70141E+38 1.70141E+38 1.70141E+38 1.70141E+38 1.70141E+38 1.70141E+38 1.70141E+38 1.70141E+38 1.70141E+38 1.70141E+38 1.70141E+38 1.70141E+38 1.70141E+38 1.70141E+38 1.70141E+38 1.70141E+38 1.70141E+38 1.70141E+38 1.70141E+38 1.70141E+38 1.70141E+38 1.70141E+38 1.70141E+38 1.70141E+38 1.70141E+38 1.70141E+38 1.70141E+38 1.70141E+38 1.70141E+38 1.70141E+38 1.70141E+38 1.70141E+38 1.70141E+38 1.70141E+38 1.70141E+38 1.70141E+38 1.70141E+38 1.70141E+38 1.70141E+38 1.70141E+38 1.70141E+38 1.70141E+38 1.70141E+38 1.70141E+38 1.70141E+38 1.70141E+38 1.70141E+38 1.70141E+38 1.70141E+38 1.70141E+38 1.70141E+38 1.70141E+38 1.70141E+38 1.70141E+38
