py_wake/examples/data/AJ_ParqueFicticio/Ridge area   Sector 11   Height 30m   Mean speed.grd
DSAA
90  129
 262878   265103
 6504214   6507414
 .2675334   9.155797
[rows 27 to 53 of 129, columns 0 to 61 of 90]
5.751062 5.811156 5.898384 5.983878 6.06204 6.132643 6.187395 6.220602 6.228515 6.202023 6.149959 6.085679 6.024563 5.978235 5.958194 5.962303 5.982884 6.013742 6.042166 6.070427 6.146099 6.237762 6.330121 6.430063 6.521567 6.627776 6.750216 6.901427 7.08891 7.257379 7.42553 7.58815 7.741964 7.900659 8.017354 8.136898 8.25371 8.362319 8.474738 8.533882 8.505361 8.410093 8.275276 8.098655 7.879442 7.627513 7.377842 7.05091 6.341153 5.039921 3.161573 1.422637 2.544971 2.057002 1.517276 1.254133 1.027588 1.301708 1.362203 1.319364 1.172783 1.009375
5.67324 5.736817 5.827162 5.919162 6.013806 6.109888 6.193925 6.263343 6.309799 6.303277 6.261346 6.202804 6.132977 6.062801 6.004094 5.968722 5.957852 5.962042 5.97085 5.979736 6.017206 6.066041 6.115958 6.185099 6.243471 6.315367 6.4145 6.535782 6.697052 6.863505 7.019351 7.176124 7.339663 7.516696 7.661692 7.803901 7.955539 8.099151 8.256804 8.381948 8.42006 8.389864 8.307475 8.138461 7.89793 7.621943 7.35815 6.987928 6.130479 4.655412 2.748178 1.567133 2.437429 1.77607 1.273661 1.124323 .9840865 .916599 1.129349 1.049148 .883013 .7309542
5.595602 5.663323 5.752296 5.842503 5.944468 6.05667 6.163975 6.266855 6.355948 6.391047 6.367929 6.309149 6.240619 6.170699 6.10012 6.04125 6.002038 5.978982 5.958815 5.944103 5.947837 5.951896 5.954653 5.982367 6.005223 6.027816 6.096626 6.191134 6.319992 6.462653 6.596693 6.734803 6.890587 7.075665 7.252988 7.416452 7.601638 7.788877 7.992875 8.182949 8.294082 8.351126 8.332132 8.191192 7.944452 7.642385 7.346415 6.928966 5.960308 4.347988 2.487033 1.707647 2.023766 1.505546 1.146868 1.161024 .951187 .9150929 .9590666 .8143955 .6244367 .6562161
5.512131 5.583611 5.670243 5.757977 5.863105 5.979374 6.095514 6.217324 6.340286 6.421825 6.425864 6.385149 6.327746 6.270944 6.214435 6.157464 6.109706 6.069528 6.024023 5.984601 5.972021 5.939582 5.903491 5.898824 5.883427 5.859101 5.905045 5.990006 6.089257 6.198181 6.30549 6.404975 6.511474 6.677903 6.869417 7.049242 7.246708 7.466208 7.713245 7.959804 8.152901 8.294107 8.344114 8.247008 8.021252 7.707904 7.364743 6.908986 5.878947 4.227062 2.452924 1.589871 1.884482 1.44487 1.13265 1.113238 .9606355 .9289263 .8368768 .6078447 .5073956 .6020513
5.414668 5.485397 5.569262 5.651364 5.756479 5.875943 5.996561 6.123549 6.25233 6.35467 6.393995 6.394344 6.371793 6.337344 6.300976 6.263377 6.225719 6.189489 6.150363 6.116314 6.08925 6.048965 6.008074 5.98705 5.947979 5.908911 5.924347 5.966807 6.005862 6.058018 6.124506 6.19716 6.282138 6.41599 6.585463 6.76745 6.969038 7.203606 7.475516 7.75776 8.003366 8.19832 8.299879 8.252862 8.062513 7.769219 7.397058 6.918786 5.930333 4.352281 2.676162 1.87448 2.047432 1.499042 1.37113 1.1068 1.002335 .9820687 .7774395 .4039562 .4339395 .5488625
5.319832 5.387704 5.468442 5.54671 5.650115 5.767125 5.879879 5.997471 6.118369 6.234228 6.304027 6.341454 6.357375 6.355929 6.344314 6.325786 6.304727 6.2941 6.286436 6.265456 6.23626 6.208736 6.178633 6.146703 6.104192 6.057844 6.043931 6.045238 6.032379 6.023688 6.04409 6.088618 6.157439 6.251735 6.380993 6.542912 6.737136 6.971686 7.252363 7.554119 7.839655 8.079216 8.212171 8.208919 8.054232 7.785148 7.421561 6.943883 6.078237 4.643896 3.047144 2.926328 2.087859 1.79909 1.398815 1.122447 1.051403 1.047395 1.019808 .2989948 .3714267 .5065379
5.215466 5.280824 5.358154 5.432441 5.530771 5.642269 5.754252 5.867227 5.982146 6.10288 6.199374 6.269792 6.317026 6.341319 6.347929 6.343122 6.336564 6.358544 6.390207 6.393697 6.38149 6.365776 6.344995 6.318205 6.277761 6.22927 6.190076 6.178271 6.136705 6.093844 6.072095 6.068634 6.111111 6.17512 6.263889 6.39881 6.573606 6.789008 7.056108 7.358539 7.672936 7.951706 8.108744 8.139165 8.022642 7.772311 7.432604 6.977407 6.2348 4.994842 3.528725 3.115162 2.138387 1.863045 1.486507 1.210667 1.126342 1.123056 1.105026 .2675334 .3260588 .4860706
5.101078 5.163884 5.239314 5.313152 5.418211 5.535679 5.65265 5.771541 5.887533 6.005926 6.118198 6.214022 6.285059 6.32563 6.337934 6.331524 6.337969 6.384521 6.438553 6.475695 6.487677 6.486633 6.484983 6.471732 6.439393 6.405068 6.379785 6.351976 6.33127 6.28843 6.243926 6.218762 6.229793 6.255579 6.314869 6.417211 6.539414 6.721611 6.948661 7.222785 7.545721 7.839424 8.009214 8.0655 7.985433 7.757452 7.440894 7.020009 6.417611 5.446828 4.132731 2.876404 2.243715 1.874844 1.628085 1.382049 1.249457 1.214303 1.194453 .2875556 .3088177 .5027214
5.003642 5.058918 5.123331 5.191464 5.310634 5.44427 5.578566 5.714369 5.845137 5.972426 6.094784 6.202552 6.285875 6.332431 6.34363 6.334108 6.346742 6.394816 6.450497 6.497766 6.530787 6.556485 6.577764 6.590096 6.588472 6.59202 6.600994 6.615571 6.602074 6.579875 6.551701 6.531424 6.520621 6.518036 6.552403 6.597476 6.673172 6.802371 6.97615 7.195472 7.487245 7.764911 7.932891 8.006458 7.960296 7.759664 7.46055 7.084449 6.576481 5.848011 4.812685 3.592461 2.591303 2.059658 1.725844 1.522894 1.40367 1.333881 1.156954 .5918056 .3868672 .5804301
4.932669 4.961329 5.002742 5.054704 5.191998 5.346629 5.503893 5.661045 5.813953 5.959198 6.094399 6.213869 6.30867 6.355974 6.366644 6.365975 6.373826 6.403093 6.448812 6.492616 6.53225 6.575708 6.615882 6.664887 6.710927 6.761825 6.828721 6.907501 6.953449 6.932709 6.922701 6.901541 6.880794 6.862522 6.86425 6.874349 6.9031 6.975969 7.091372 7.263086 7.50015 7.735302 7.890276 7.967282 7.963554 7.792008 7.505461 7.150491 6.739069 6.194843 5.452104 4.427465 3.314533 2.469791 1.972614 1.654723 1.473476 1.359868 1.191383 .7892277 .543497 .7047275
4.890985 4.870097 4.874611 4.90249 5.056354 5.232104 5.412447 5.591547 5.770125 5.935009 6.074919 6.208262 6.32095 6.380937 6.403756 6.407651 6.408898 6.420322 6.444496 6.473945 6.520319 6.567605 6.626112 6.705441 6.800248 6.907119 7.030017 7.170827 7.291841 7.325393 7.296811 7.280036 7.248899 7.222145 7.192257 7.175313 7.170574 7.193092 7.246966 7.366057 7.560483 7.757924 7.898387 7.9673 7.990965 7.862506 7.590827 7.250446 6.899618 6.475677 5.91047 5.157657 4.139785 3.123401 2.367819 1.904768 1.631443 1.468709 1.298041 .985394 .7243255 1.191224
4.908175 4.805452 4.754489 4.755664 4.908154 5.095184 5.294629 5.496042 5.678958 5.846862 6.005673 6.168703 6.302669 6.387087 6.422036 6.440912 6.447264 6.46086 6.461979 6.476311 6.517108 6.569329 6.640516 6.739642 6.871319 7.025217 7.19701 7.380601 7.547613 7.641944 7.659232 7.639303 7.601026 7.562564 7.518291 7.481104 7.446248 7.427113 7.446002 7.530689 7.683511 7.848813 7.970546 8.026752 8.041807 7.939999 7.701125 7.384215 7.055948 6.700907 6.255222 5.655866 4.791458 3.747276 2.818943 2.183716 1.821498 1.605922 1.428752 1.188842 1.319621 1.027555
4.944037 4.772985 4.661422 4.652438 4.779916 4.951874 5.160111 5.382796 5.555316 5.730922 5.902591 6.084965 6.239748 6.347803 6.408294 6.441663 6.473448 6.499087 6.511846 6.518403 6.540983 6.588638 6.672768 6.798666 6.954539 7.133215 7.333683 7.539182 7.729604 7.865096 7.931748 7.952277 7.923739 7.877847 7.839881 7.787931 7.73928 7.701394 7.695115 7.751149 7.865251 7.994848 8.080564 8.118176 8.111397 8.009873 7.792449 7.518608 7.217453 6.88138 6.509569 6.00195 5.205956 4.157104 3.152021 2.390623 1.957564 1.734267 1.565489 1.355229 1.212557 .9747336
5.00603 4.790098 4.627099 4.591301 4.667488 4.819446 5.026675 5.214927 5.386463 5.569928 5.759593 5.960986 6.134474 6.258775 6.347867 6.419772 6.459838 6.496958 6.533832 6.545593 6.559133 6.59814 6.69185 6.842527 7.022976 7.227726 7.447904 7.659718 7.868603 8.025691 8.133823 8.194118 8.214629 8.180814 8.137699 8.094997 8.031272 7.980384 7.960407 7.989893 8.070298 8.160546 8.211955 8.229881 8.211446 8.109809 7.903885 7.637704 7.348244 7.027677 6.684348 6.247987 5.468541 4.3667 3.328623 2.52614 2.04718 1.8112 1.668196 1.478911 1.13994 1.146682
5.117604 4.867545 4.654507 4.545918 4.564631 4.691369 4.89698 5.03968 5.188426 5.359976 5.563206 5.779593 5.96742 6.115696 6.234866 6.332344 6.404733 6.458578 6.516779 6.546649 6.557295 6.604077 6.703911 6.866591 7.048662 7.257994 7.473082 7.705777 7.946169 8.12285 8.25505 8.349621 8.410358 8.414268 8.398961 8.371536 8.314419 8.249055 8.210443 8.21683 8.267882 8.343983 8.380115 8.367591 8.326003 8.220487 8.028161 7.752446 7.454004 7.145266 6.796113 6.346323 5.589628 4.448212 3.349896 2.533425 2.055941 1.816271 1.659517 1.470865 1.378689 1.445677
5.270512 4.984495 4.702265 4.495331 4.460102 4.569676 4.74159 4.841639 4.971871 5.124196 5.314732 5.532394 5.733514 5.897264 6.03333 6.152167 6.256897 6.353533 6.441157 6.500911 6.549639 6.604434 6.696955 6.846361 7.020833 7.215709 7.417767 7.644405 7.889628 8.114039 8.268055 8.397252 8.481466 8.528321 8.55281 8.56515 8.528866 8.450368 8.40851 8.403484 8.44898 8.504971 8.517299 8.480064 8.421696 8.302249 8.107057 7.854608 7.546451 7.218233 6.836654 6.324239 5.541364 4.367951 3.196231 2.379019 1.951387 1.722568 1.552114 1.48387 1.584148 1.721734
5.424327 5.105516 4.771451 4.491313 4.375708 4.453193 4.531175 4.597474 4.71206 4.851583 5.035434 5.246336 5.433596 5.5996 5.757411 5.895315 6.025565 6.165994 6.311955 6.433931 6.520485 6.587954 6.673029 6.794687 6.940574 7.109109 7.288166 7.506237 7.759943 7.990356 8.179001 8.339229 8.448726 8.539538 8.607936 8.648847 8.657784 8.629065 8.58226 8.572635 8.599211 8.630939 8.636651 8.590603 8.516834 8.379248 8.167685 7.90992 7.611088 7.256943 6.836334 6.24945 5.36037 4.12143 2.915397 2.135953 1.759974 1.519147 1.361354 1.423455 1.58104 1.792275
5.620229 5.277545 4.902357 4.573001 4.385715 4.276296 4.263927 4.285294 4.388869 4.526951 4.702336 4.903324 5.094352 5.275934 5.442644 5.596952 5.731554 5.904885 6.108107 6.306647 6.445053 6.548487 6.63988 6.731321 6.848321 6.98256 7.12562 7.329498 7.59666 7.83412 8.025352 8.212543 8.344568 8.469798 8.576851 8.649018 8.699882 8.729176 8.727026 8.705975 8.715626 8.746075 8.754824 8.705371 8.624856 8.471775 8.23256 7.950986 7.645613 7.280436 6.824619 6.164536 5.148568 3.844303 2.625735 1.866732 1.475287 1.15852 1.133082 1.297162 1.56611 1.877038
5.852977 5.512599 5.119444 4.705485 4.334439 4.057094 3.934283 3.910278 4.002777 4.13778 4.309266 4.507903 4.697837 4.893794 5.089279 5.282594 5.437364 5.602459 5.821355 6.057411 6.243537 6.389791 6.516376 6.596373 6.689963 6.796091 6.906813 7.087033 7.365569 7.628286 7.816197 8.006617 8.160606 8.311384 8.457908 8.561156 8.643432 8.722326 8.770926 8.784913 8.790709 8.83314 8.863041 8.822168 8.729424 8.572714 8.319735 7.999753 7.662168 7.291777 6.803228 6.083084 4.953316 3.573829 2.334345 1.560709 1.073713 .8174836 1.012079 1.358281 1.673035 2.033849
6.085811 5.731744 5.247789 4.676816 4.144113 3.716824 3.487038 3.434792 3.496073 3.618781 3.779925 3.975611 4.166305 4.369114 4.595846 4.829134 5.024192 5.214499 5.446892 5.690143 5.888461 6.048739 6.176944 6.256832 6.343796 6.456495 6.566471 6.720057 6.981153 7.286195 7.488168 7.691688 7.8803 8.051753 8.23205 8.372989 8.480434 8.596156 8.690187 8.740584 8.781788 8.840205 8.895001 8.870801 8.776299 8.619212 8.384827 8.061014 7.684113 7.290752 6.785365 6.025537 4.804901 3.347817 2.105841 1.328127 .7437304 .8207924 1.3231 1.632556 1.934098 2.283268
6.301205 5.933995 5.366737 4.621577 3.890766 3.325866 3.002385 2.864338 2.91291 3.036353 3.192841 3.379159 3.554895 3.769611 4.00118 4.234887 4.460464 4.685793 4.945175 5.206867 5.425204 5.603952 5.741514 5.829736 5.916175 6.026011 6.141448 6.275089 6.48128 6.762678 7.01687 7.253762 7.493857 7.70074 7.903035 8.089417 8.230688 8.37666 8.518157 8.605128 8.678095 8.770624 8.851949 8.854974 8.787476 8.630858 8.404649 8.115769 7.729896 7.307667 6.79078 6.001202 4.739403 3.246217 2.0395 1.308473 .9111643 1.19988 1.589277 1.875503 2.202916 2.586654
6.520248 6.152408 5.580053 4.742309 3.805205 3.065617 2.575864 2.363894 2.359898 2.454603 2.601442 2.78334 2.942312 3.140412 3.383738 3.633214 3.868444 4.122051 4.406164 4.682643 4.909736 5.091623 5.23324 5.323132 5.390724 5.504305 5.647224 5.800136 5.987966 6.238942 6.513039 6.776826 7.02966 7.26904 7.501146 7.728206 7.921119 8.09691 8.286654 8.424735 8.531256 8.668797 8.779205 8.8051 8.766387 8.628113 8.401449 8.136834 7.788539 7.347259 6.819904 6.009357 4.73307 3.243395 2.099853 1.498145 1.265297 1.440947 1.754584 2.06118 2.428412 2.87125
6.735879 6.394184 5.854312 4.957236 3.882916 2.930613 2.290331 1.968742 1.886079 1.944204 2.077415 2.242114 2.386366 2.56282 2.806917 3.047764 3.304689 3.564297 3.847615 4.137572 4.384912 4.570816 4.716853 4.82404 4.89668 4.986008 5.135725 5.303957 5.492916 5.732381 6.001478 6.280892 6.55473 6.83113 7.079883 7.307685 7.532944 7.756412 7.994999 8.19744 8.3565 8.537753 8.684359 8.738596 8.728336 8.618314 8.397558 8.126679 7.819877 7.395976 6.857037 6.025021 4.751256 3.319504 2.246316 1.789484 1.589418 1.708115 1.928529 2.246757 2.669755 3.193759
6.941627 6.614926 6.145032 5.332863 4.142169 2.953492 2.090246 1.63177 1.52301 1.580574 1.70596 1.849053 1.987127 2.144675 2.343557 2.539795 2.779853 3.021474 3.273701 3.554143 3.820976 4.032555 4.198022 4.350768 4.457463 4.545773 4.69052 4.863365 5.059115 5.285322 5.519864 5.789829 6.076946 6.370543 6.637627 6.874291 7.123789 7.394391 7.672464 7.949818 8.157204 8.381028 8.571661 8.665996 8.689598 8.6115 8.402864 8.122081 7.815398 7.436823 6.893623 6.051525 4.812388 3.488047 2.508844 2.071677 1.878052 1.953022 2.148015 2.489654 3.009495 3.603928
7.13633 6.831572 6.439069 5.792991 4.671857 3.293408 2.154365 1.495927 1.327522 1.385309 1.494129 1.621969 1.76137 1.891275 2.012811 2.135784 2.301645 2.513525 2.721514 2.96417 3.237742 3.491027 3.711525 3.910244 4.078502 4.209066 4.343792 4.52898 4.690259 4.874292 5.102038 5.350233 5.641813 5.934022 6.185943 6.412148 6.692754 7.003255 7.323573 7.658563 7.929817 8.203193 8.446507 8.593217 8.664737 8.627126 8.430367 8.138686 7.827066 7.479097 6.958955 6.126262 4.955426 3.750303 2.86093 2.379371 2.165027 2.200182 2.431636 2.890873 3.459479 4.037667
7.315368 7.025471 6.693532 6.225603 5.279498 3.897302 2.458862 1.482932 1.180144 1.239994 1.357866 1.482809 1.623425 1.734801 1.799101 1.835013 1.912449 2.080015 2.250578 2.447641 2.721408 3.022071 3.306432 3.574036 3.801268 3.961278 4.097709 4.266555 4.401712 4.539887 4.752431 4.973232 5.253757 5.548463 5.799591 6.028835 6.317818 6.642169 6.986207 7.357582 7.697154 8.021909 8.315337 8.521486 8.656278 8.673203 8.501973 8.207246 7.890552 7.552684 7.075417 6.286457 5.209704 4.091816 3.248035 2.785599 2.568548 2.630538 2.906082 3.369879 3.939459 4.489855
7.483438 7.201075 6.890242 6.512737 5.816998 4.53658 3.0301 1.751038 1.15821 1.119516 1.254121 1.403642 1.562428 1.660105 1.694422 1.670997 1.688553 1.805545 1.931187 2.094294 2.375886 2.718598 3.070512 3.415068 3.697684 3.882324 4.024068 4.199272 4.307315 4.394003 4.585518 4.774444 5.025925 5.318817 5.580709 5.825055 6.097562 6.396791 6.741415 7.142901 7.534454 7.89584 8.214993 8.465381 8.657018 8.731863 8.60948 8.340137 8.021783 7.683467 7.260567 6.588113 5.638952 4.613474 3.775147 3.318656 3.186348 3.274344 3.49926 3.910092 4.415988 4.904006
