py_wake/examples/data/AJ_ParqueFicticio/Ridge area   Sector 8   Height 200m   Orographic turn.grd
DSAA
90  129
 262878   265103
 6504214   6507414
-146.0817   28.3374
[rows 81 to 107 of 129, columns 0 to 60 of 90]
4.190183 4.448076 4.585176 4.629697 4.523884 4.261372 3.912425 3.521263 3.153996 2.904107 2.786074 2.736139 2.812878 2.876538 2.878189 2.947225 3.038539 3.364146 3.930305 4.470786 4.995304 5.2838 5.644999 6.122651 6.753988 7.337106 7.886382 8.356218 8.664243 8.806278 8.821309 8.676229 8.309475 7.899706 7.427534 7.009446 6.771678 6.760989 6.929167 7.146517 7.529685 8.103412 8.568659 9.037825 9.512163 9.841287 10.1057 10.29803 10.61247 11.00056 11.39721 11.74259 11.40746 10.02963 7.82961 5.141987 2.233183 -.6728964 -3.266574 -5.213582 -6.416958
1.92721 2.007115 2.05809 2.037755 1.916498 1.749861 1.551387 1.293867 1.080736 .9856307 .9232748 .8478754 .8742979 1.008015 1.017629 .9409497 .9319498 1.051595 1.352468 1.733759 2.086556 2.494189 2.976438 3.446891 3.968033 4.45841 4.956857 5.428934 5.794827 6.087866 6.300205 6.440489 6.435839 6.276373 6.08006 5.966784 5.957293 6.126124 6.381327 6.687326 7.102698 7.647661 8.145919 8.649585 9.063092 9.411438 9.688958 9.871002 10.35437 10.69112 11.12582 11.4242 10.79504 8.918529 6.141651 2.851749 -.634272 -4.003954 -6.776549 -8.683743 -9.860128
.3170114 .4076519 .488984 .512174 .4927943 .4338647 .3071372 .124496 .01320281 .03391219 .06110931 .04053056 .04414237 .03070652 -.08069687 -.1572828 -.1558649 -.03586679 .186922 .4224423 .695398 1.079632 1.505555 1.930598 2.324017 2.712712 3.152396 3.575488 3.922269 4.253345 4.636019 4.96669 5.149029 5.193079 5.213673 5.309507 5.44969 5.780606 6.119174 6.463138 6.8505 7.347951 7.842952 8.248635 8.613898 8.957384 9.218851 9.435297 9.937356 10.20714 10.63859 10.89295 10.12092 7.969437 4.750676 .8280522 -3.351427 -7.202119 -10.06903 -12.0347 -13.30728
-.6796797 -.5116754 -.3675141 -.2783674 -.1932353 -.1774274 -.2739039 -.4083962 -.4160343 -.2860455 -.18964 -.1425596 -.1198141 -.199199 -.412365 -.5430121 -.5241773 -.3308749 -.04665688 .2376258 .3965002 .6736663 1.00511 1.394502 1.7557 2.059816 2.33385 2.6322 2.898885 3.154329 3.541106 3.877418 4.146051 4.38223 4.587099 4.819888 5.171505 5.655489 6.067991 6.422357 6.764956 7.169704 7.595431 7.923174 8.246637 8.538601 8.772038 9.126417 9.567552 9.769227 10.1333 10.31337 9.639891 7.651888 4.465959 .3977669 -4.15047 -8.465925 -11.8502 -14.45969 -16.05443
-1.216387 -.9741514 -.7925313 -.6384317 -.4815519 -.4543678 -.5400293 -.6212299 -.5489213 -.327496 -.1299955 .01494497 .07426669 .0046504 -.2028209 -.3213147 -.2609446 -.01429669 .334798 .6931074 .8707373 1.098742 1.372 1.707594 1.999474 2.213469 2.309892 2.397639 2.49591 2.628367 2.849939 3.107882 3.443135 3.794007 4.114923 4.455132 4.957505 5.570848 6.066219 6.454741 6.784457 7.121016 7.43281 7.639479 7.90159 8.172407 8.497901 8.88115 9.223802 9.411648 9.710637 9.847183 9.373503 7.810793 5.103734 1.479248 -2.742038 -7.184614 -11.32662 -14.95346 -17.52806
-1.419814 -1.113471 -.8784965 -.6647839 -.4679996 -.4092184 -.4166884 -.4150124 -.3319688 -.1171311 .08062742 .2352435 .3469795 .3857344 .2857091 .1883921 .2411253 .516957 .9021719 1.322261 1.60837 1.86015 2.117316 2.400767 2.60337 2.740582 2.708432 2.611459 2.507941 2.476134 2.597954 2.784399 3.123631 3.518389 3.879951 4.3 4.878787 5.524624 6.070231 6.489414 6.859797 7.248462 7.62583 7.856176 8.054872 8.305432 8.575119 8.810022 9.016725 9.198686 9.4368 9.547291 9.274677 8.205536 6.244379 3.476689 .06353579 -4.052941 -8.540304 -13.01398 -16.9173
-1.285268 -.9108427 -.5979853 -.3163145 -.102292 -.04366542 -.04515358 -.002254222 .1113521 .282034 .4122958 .5421576 .6829326 .8053248 .8321178 .8344133 .8991954 1.135612 1.501934 1.949541 2.321999 2.657578 2.917558 3.152455 3.293007 3.376109 3.232392 3.03954 2.867916 2.756779 2.803534 2.950217 3.234376 3.520261 3.836898 4.235019 4.816844 5.458783 6.03397 6.479781 6.929251 7.403286 7.866497 8.240016 8.525982 8.744284 8.929644 9.051412 9.109327 9.218205 9.351113 9.396135 9.223339 8.562071 7.336453 5.494831 2.968589 -.4422921 -4.489021 -8.860793 -13.23512
-.9582766 -.5449491 -.1614201 .1719553 .3743494 .421901 .4347783 .4936821 .6253022 .7829226 .8898233 .9703481 1.073504 1.226522 1.359926 1.478327 1.617113 1.837789 2.1451 2.537478 2.932315 3.274907 3.549546 3.766985 3.84053 3.87797 3.736671 3.551118 3.347926 3.19445 3.201256 3.323646 3.57464 3.759413 3.967122 4.279984 4.806528 5.406795 5.956627 6.463001 7.001303 7.492876 8.006861 8.473793 8.874482 9.178392 9.404133 9.539545 9.569805 9.554601 9.506855 9.408425 9.181211 8.71005 7.905573 6.67581 4.868256 2.218795 -1.133726 -4.884402 -8.802558
-.5709524 -.1436012 .2890766 .6688954 .8979194 .9658926 .9732168 1.003808 1.117471 1.238287 1.341271 1.406202 1.487609 1.634327 1.820923 2.033813 2.246633 2.472707 2.756297 3.079438 3.458111 3.808532 4.091665 4.325482 4.370982 4.362531 4.253135 4.092842 3.859884 3.687202 3.643421 3.695917 3.879092 3.986526 4.100248 4.318312 4.748904 5.292302 5.817909 6.413541 7.004673 7.594016 8.250545 8.903215 9.512628 9.942186 10.18138 10.28001 10.18966 10.07245 9.797604 9.447751 9.038031 8.509141 7.766436 6.741104 5.34672 3.392297 .7392222 -2.407404 -5.645188
-.1507829 .2411573 .6734416 1.070766 1.308636 1.413399 1.457791 1.473369 1.533963 1.606209 1.690351 1.747589 1.806779 1.917183 2.090893 2.314653 2.555598 2.855553 3.161073 3.504402 3.893945 4.262862 4.586207 4.867205 4.898796 4.837179 4.71865 4.586032 4.349693 4.173563 4.103354 4.092474 4.189526 4.235239 4.26605 4.397214 4.684032 5.112736 5.619215 6.246728 7.070355 7.851683 8.621928 9.411341 10.17815 10.75119 11.05538 11.07649 10.83612 10.46757 9.925475 9.28697 8.624285 7.835123 6.867424 5.73399 4.442453 2.906543 .9633009 -1.687162 -4.353143
.355686 .7090256 1.089358 1.409473 1.602457 1.719758 1.777354 1.792698 1.805347 1.826374 1.863947 1.903795 1.946461 2.000104 2.097811 2.226567 2.42022 2.729702 3.045796 3.393025 3.826359 4.193643 4.606215 4.931431 5.020449 5.043805 5.009431 4.941921 4.789073 4.722761 4.713628 4.701652 4.743133 4.721516 4.677853 4.756313 4.938509 5.229044 5.606278 6.257799 7.03648 7.896686 8.839577 9.809503 10.72175 11.36297 11.67315 11.62358 11.229 10.55058 9.705018 8.788553 7.79435 6.559984 5.150899 3.822551 2.599358 1.224322 -.4581541 -2.638525 -4.633547
1.011057 1.288172 1.613059 1.854212 1.946391 2.000924 2.036046 2.037178 1.991691 1.933949 1.891796 1.860524 1.808034 1.751438 1.743745 1.783715 1.910575 2.130916 2.375038 2.693634 3.078398 3.448922 3.86454 4.263004 4.550853 4.773596 4.960532 5.085113 5.075727 5.166922 5.280543 5.361233 5.442887 5.394034 5.256823 5.23667 5.313048 5.498863 5.794159 6.307649 6.985353 7.79909 8.683969 9.625961 10.64216 11.4511 11.87101 11.7881 11.23327 10.33958 9.226173 7.983337 6.556479 4.762174 2.844082 1.229379 -.0422218 -1.420643 -2.944645 -4.460841 -5.705718
1.693044 1.866223 2.084949 2.232198 2.271177 2.251263 2.21621 2.16349 2.061283 1.908501 1.748008 1.595877 1.427374 1.285007 1.199685 1.159305 1.205451 1.333053 1.499254 1.744004 2.068689 2.518769 2.993564 3.477921 3.956782 4.361897 4.738193 5.040188 5.226525 5.432782 5.641722 5.791031 5.904292 5.886522 5.740205 5.631341 5.603931 5.628445 5.811083 6.217146 6.796181 7.274778 7.741014 8.479361 9.734878 11.05292 11.83405 11.78808 11.0871 9.951992 8.558084 6.997213 5.13561 2.798995 .3865793 -1.653248 -3.304797 -4.710782 -5.865259 -6.57972 -7.078124
2.239346 2.335521 2.428498 2.499193 2.489938 2.42771 2.325429 2.158709 1.924761 1.680864 1.436612 1.191379 .9505653 .7524952 .5971535 .4833854 .4472294 .5097741 .6641179 .9018676 1.27236 1.774113 2.349577 2.971118 3.571496 4.151482 4.668262 5.063604 5.378305 5.640406 5.880833 6.050373 6.207533 6.238013 6.124354 5.981131 5.843649 5.683523 5.679852 5.905366 6.167188 6.062793 5.88116 6.349836 8.06928 10.25731 11.55511 11.56227 10.62802 9.160744 7.485136 5.624177 3.345549 .6053814 -2.270163 -4.841513 -6.766969 -8.16253 -8.93601 -9.006756 -8.78833
2.642939 2.684854 2.6953 2.67246 2.605161 2.479199 2.227082 1.89913 1.532711 1.193983 .8951676 .6015352 .3242301 .1152624 -.04213244 -.1729656 -.2373345 -.1812806 -.01305743 .2821908 .7289314 1.339929 1.98807 2.636989 3.301455 4.027831 4.655292 5.157081 5.570528 5.911549 6.201764 6.369856 6.457266 6.427683 6.293497 6.119323 5.856175 5.55255 5.377932 5.41088 5.215309 4.424674 3.435152 3.201184 5.071215 8.372885 10.40021 10.28528 8.9451 7.160892 5.277236 3.23963 .8076666 -2.185296 -5.187798 -7.994214 -10.07819 -11.43535 -11.98436 -11.81036 -11.19059
2.967944 2.929232 2.867056 2.748341 2.587449 2.320969 1.924459 1.471882 1.009132 .59466 .2610201 -.02468007 -.2732476 -.450392 -.5822069 -.6965644 -.7535809 -.6768604 -.4798422 -.1549991 .3374068 1.011838 1.741482 2.409546 3.092562 3.87699 4.591844 5.217771 5.732294 6.160352 6.499358 6.687983 6.74839 6.656517 6.458743 6.195116 5.810529 5.360106 4.999157 4.749454 4.039267 2.510518 .3362552 -1.811407 -2.171177 .6540228 4.139665 4.753775 3.619798 2.046439 .3489681 -1.333486 -3.424566 -6.215727 -9.003538 -11.55019 -13.48495 -14.74452 -15.23308 -14.96908 -14.27687
3.114288 3.012543 2.863481 2.667499 2.389951 2.008425 1.528265 1.013719 .5129707 .07286864 -.2645191 -.5187925 -.7031846 -.8362625 -.9290534 -.9858529 -.9863251 -.879351 -.6839254 -.3770872 .1375383 .8563817 1.64771 2.340754 3.052253 3.848155 4.587149 5.242664 5.849672 6.375994 6.781003 7.00302 7.087265 6.965632 6.700089 6.334932 5.814106 5.206569 4.627097 4.055894 2.817683 .412082 -3.45863 -9.814943 -24.66641 -75.96617 -101.2025 -50.32137 -21.90678 -13.5691 -10.81427 -9.868395 -10.73803 -12.51901 -14.40248 -16.09025 -17.37397 -18.3725 -18.57758 -17.9908 -17.06496
2.855395 2.759612 2.578637 2.354471 2.027241 1.602287 1.110468 .610356 .1477587 -.2439497 -.5399792 -.7441437 -.8551058 -.9085083 -.9316698 -.9281823 -.8675906 -.6847146 -.4496228 -.1157055 .4129771 1.108907 1.867826 2.528871 3.241978 4.044979 4.791928 5.44022 6.059675 6.595785 6.982726 7.212538 7.313548 7.215622 6.957071 6.533896 5.886246 5.120892 4.318366 3.401765 1.737609 -1.236461 -6.464644 -17.82248 -61.96129 -133.4827 -144.4442 -137.0989 -110.7892 -63.22466 -36.67239 -26.0509 -23.22201 -22.50117 -22.25009 -22.13082 -22.0844 -22.19753 -21.91949 -20.80623 -19.45243
2.189847 2.076314 1.907383 1.709394 1.4195 1.04552 .6420066 .2595684 -.09713138 -.3888661 -.6028735 -.7312946 -.7582802 -.7268956 -.6488646 -.5479025 -.4060898 -.163644 .123264 .5128514 1.052663 1.706522 2.405828 3.039415 3.731542 4.496047 5.219885 5.845785 6.438591 6.922592 7.222557 7.403353 7.483976 7.417707 7.179928 6.724741 5.988374 5.084726 4.086761 2.905368 1.075183 -1.970385 -7.480544 -20.26921 -69.46696 -134.2203 -146.0817 -144.4181 -134.6541 -113.4326 -81.99191 -56.08167 -43.56478 -37.68075 -33.57599 -30.17837 -27.75779 -26.20424 -24.97212 -23.51731 -21.95306
1.70141E+38 1.70141E+38 1.70141E+38 1.70141E+38 1.70141E+38 1.70141E+38 1.70141E+38 1.70141E+38 1.70141E+38 1.70141E+38 1.70141E+38 1.70141E+38 1.70141E+38 1.70141E+38 1.70141E+38 1.70141E+38 1.70141E+38 1.70141E+38 1.70141E+38 1.70141E+38 1.70141E+38 1.70141E+38 1.70141E+38 1.70141E+38 1.70141E+38 1.70141E+38 1.70141E+38 1.70141E+38 1.70141E+38 1.70141E+38 1.70141E+38 1.70141E+38 1.70141E+38 1.70141E+38 1.70141E+38 1.70141E+38 1.70141E+38 1.70141E+38 1.70141E+38 1.70141E+38 1.70141E+38 1.70141E+38 1.70141E+38 1.70141E+38 1.70141E+38 1.70141E+38 1.70141E+38 1.70141E+38 1.70141E+38 1.70141E+38 1.70141E+38 1.70141E+38 1.70141E+38 1.70141E+38 1.70141E+38 1.70141E+38 1.70141E+38 1.70141E+38 1.70141E+38 1.70141E+38 1.70141E+38
1.70141E+38 1.70141E+38 1.70141E+38 1.70141E+38 1.70141E+38 1.70141E+38 1.70141E+38 1.70141E+38 1.70141E+38 1.70141E+38 1.70141E+38 1.70141E+38 1.70141E+38 1.70141E+38 1.70141E+38 1.70141E+38 1.70141E+38 1.70141E+38 1.70141E+38 1.70141E+38 1.70141E+38 1.70141E+38 1.70141E+38 1.70141E+38 1.70141E+38 1.70141E+38 1.70141E+38 1.70141E+38 1.70141E+38 1.70141E+38 1.70141E+38 1.70141E+38 1.70141E+38 1.70141E+38 1.70141E+38 1.70141E+38 1.70141E+38 1.70141E+38 1.70141E+38 1.70141E+38 1.70141E+38 1.70141E+38 1.70141E+38 1.70141E+38 1.70141E+38 1.70141E+38 1.70141E+38 1.70141E+38 1.70141E+38 1.70141E+38 1.70141E+38 1.70141E+38 1.70141E+38 1.70141E+38 1.70141E+38 1.70141E+38 1.70141E+38 1.70141E+38 1.70141E+38 1.70141E+38 1.70141E+38
1.70141E+38 1.70141E+38 1.70141E+38 1.70141E+38 1.70141E+38 1.70141E+38 1.70141E+38 1.70141E+38 1.70141E+38 1.70141E+38 1.70141E+38 1.70141E+38 1.70141E+38 1.70141E+38 1.70141E+38 1.70141E+38 1.70141E+38 1.70141E+38 1.70141E+38 1.70141E+38 1.70141E+38 1.70141E+38 1.70141E+38 1.70141E+38 1.70141E+38 1.70141E+38 1.70141E+38 1.70141E+38 1.70141E+38 1.70141E+38 1.70141E+38 1.70141E+38 1.70141E+38 1.70141E+38 1.70141E+38 1.70141E+38 1.70141E+38 1.70141E+38 1.70141E+38 1.70141E+38 1.70141E+38 1.70141E+38 1.70141E+38 1.70141E+38 1.70141E+38 1.70141E+38 1.70141E+38 1.70141E+38 1.70141E+38 1.70141E+38 1.70141E+38 1.70141E+38 1.70141E+38 1.70141E+38 1.70141E+38 1.70141E+38 1.70141E+38 1.70141E+38 1.70141E+38 1.70141E+38 1.70141E+38
1.70141E+38 1.70141E+38 1.70141E+38 1.70141E+38 1.70141E+38 1.70141E+38 1.70141E+38 1.70141E+38 1.70141E+38 1.70141E+38 1.70141E+38 1.70141E+38 1.70141E+38 1.70141E+38 1.70141E+38 1.70141E+38 1.70141E+38 1.70141E+38 1.70141E+38 1.70141E+38 1.70141E+38 1.70141E+38 1.70141E+38 1.70141E+38 1.70141E+38 1.70141E+38 1.70141E+38 1.70141E+38 1.70141E+38 1.70141E+38 1.70141E+38 1.70141E+38 1.70141E+38 1.70141E+38 1.70141E+38 1.70141E+38 1.70141E+38 1.70141E+38 1.70141E+38 1.70141E+38 1.70141E+38 1.70141E+38 1.70141E+38 1.70141E+38 1.70141E+38 1.70141E+38 1.70141E+38 1.70141E+38 1.70141E+38 1.70141E+38 1.70141E+38 1.70141E+38 1.70141E+38 1.70141E+38 1.70141E+38 1.70141E+38 1.70141E+38 1.70141E+38 1.70141E+38 1.70141E+38 1.70141E+38
1.70141E+38 1.70141E+38 1.70141E+38 1.70141E+38 1.70141E+38 1.70141E+38 1.70141E+38 1.70141E+38 1.70141E+38 1.70141E+38 1.70141E+38 1.70141E+38 1.70141E+38 1.70141E+38 1.70141E+38 1.70141E+38 1.70141E+38 1.70141E+38 1.70141E+38 1.70141E+38 1.70141E+38 1.70141E+38 1.70141E+38 1.70141E+38 1.70141E+38 1.70141E+38 1.70141E+38 1.70141E+38 1.70141E+38 1.70141E+38 1.70141E+38 1.70141E+38 1.70141E+38 1.70141E+38 1.70141E+38 1.70141E+38 1.70141E+38 1.70141E+38 1.70141E+38 1.70141E+38 1.70141E+38 1.70141E+38 1.70141E+38 1.70141E+38 1.70141E+38 1.70141E+38 1.70141E+38 1.70141E+38 1.70141E+38 1.70141E+38 1.70141E+38 1.70141E+38 1.70141E+38 1.70141E+38 1.70141E+38 1.70141E+38 1.70141E+38 1.70141E+38 1.70141E+38 1.70141E+38 1.70141E+38
1.70141E+38 1.70141E+38 1.70141E+38 1.70141E+38 1.70141E+38 1.70141E+38 1.70141E+38 1.70141E+38 1.70141E+38 1.70141E+38 1.70141E+38 1.70141E+38 1.70141E+38 1.70141E+38 1.70141E+38 1.70141E+38 1.70141E+38 1.70141E+38 1.70141E+38 1.70141E+38 1.70141E+38 1.70141E+38 1.70141E+38 1.70141E+38 1.70141E+38 1.70141E+38 1.70141E+38 1.70141E+38 1.70141E+38 1.70141E+38 1.70141E+38 1.70141E+38 1.70141E+38 1.70141E+38 1.70141E+38 1.70141E+38 1.70141E+38 1.70141E+38 1.70141E+38 1.70141E+38 1.70141E+38 1.70141E+38 1.70141E+38 1.70141E+38 1.70141E+38 1.70141E+38 1.70141E+38 1.70141E+38 1.70141E+38 1.70141E+38 1.70141E+38 1.70141E+38 1.70141E+38 1.70141E+38 1.70141E+38 1.70141E+38 1.70141E+38 1.70141E+38 1.70141E+38 1.70141E+38 1.70141E+38
1.70141E+38 1.70141E+38 1.70141E+38 1.70141E+38 1.70141E+38 1.70141E+38 1.70141E+38 1.70141E+38 1.70141E+38 1.70141E+38 1.70141E+38 1.70141E+38 1.70141E+38 1.70141E+38 1.70141E+38 1.70141E+38 1.70141E+38 1.70141E+38 1.70141E+38 1.70141E+38 1.70141E+38 1.70141E+38 1.70141E+38 1.70141E+38 1.70141E+38 1.70141E+38 1.70141E+38 1.70141E+38 1.70141E+38 1.70141E+38 1.70141E+38 1.70141E+38 1.70141E+38 1.70141E+38 1.70141E+38 1.70141E+38 1.70141E+38 1.70141E+38 1.70141E+38 1.70141E+38 1.70141E+38 1.70141E+38 1.70141E+38 1.70141E+38 1.70141E+38 1.70141E+38 1.70141E+38 1.70141E+38 1.70141E+38 1.70141E+38 1.70141E+38 1.70141E+38 1.70141E+38 1.70141E+38 1.70141E+38 1.70141E+38 1.70141E+38 1.70141E+38 1.70141E+38 1.70141E+38 1.70141E+38
1.70141E+38 1.70141E+38 1.70141E+38 1.70141E+38 1.70141E+38 1.70141E+38 1.70141E+38 1.70141E+38 1.70141E+38 1.70141E+38 1.70141E+38 1.70141E+38 1.70141E+38 1.70141E+38 1.70141E+38 1.70141E+38 1.70141E+38 1.70141E+38 1.70141E+38 1.70141E+38 1.70141E+38 1.70141E+38 1.70141E+38 1.70141E+38 1.70141E+38 1.70141E+38 1.70141E+38 1.70141E+38 1.70141E+38 1.70141E+38 1.70141E+38 1.70141E+38 1.70141E+38 1.70141E+38 1.70141E+38 1.70141E+38 1.70141E+38 1.70141E+38 1.70141E+38 1.70141E+38 1.70141E+38 1.70141E+38 1.70141E+38 1.70141E+38 1.70141E+38 1.70141E+38 1.70141E+38 1.70141E+38 1.70141E+38 1.70141E+38 1.70141E+38 1.70141E+38 1.70141E+38 1.70141E+38 1.70141E+38 1.70141E+38 1.70141E+38 1.70141E+38 1.70141E+38 1.70141E+38 1.70141E+38
