py_wake/examples/data/AJ_ParqueFicticio/Ridge area   Sector 11   Height 200m   Weibull-A.grd
DSAA
90  129
 262878   265103
 6504214   6507414
 .3014333   10.29954
[rows 81 to 107 of 129, columns 0 to 61 of 90]
6.723683 6.798066 6.871499 6.932071 6.98488 7.036991 7.093997 7.163171 7.254426 7.346178 7.430761 7.506694 7.53652 7.514552 7.46402 7.420491 7.393049 7.365423 7.351478 7.32925 7.297118 7.291526 7.298566 7.314488 7.322134 7.314497 7.285189 7.252266 7.215178 7.173427 7.143836 7.145507 7.203703 7.327377 7.494625 7.691795 7.906555 8.144129 8.387938 8.618212 8.819063 9.030259 9.207503 9.333933 9.42577 9.505274 9.550963 9.567335 9.457292 9.243518 8.989416 8.697423 8.405805 5.278625 5.560082 5.099364 4.726775 4.410221 4.199522 4.127993 4.151489 4.269372
6.950312 7.056839 7.147587 7.214048 7.273734 7.326681 7.382205 7.437307 7.494432 7.564054 7.642626 7.722858 7.781464 7.784136 7.730166 7.681862 7.644213 7.637304 7.654485 7.655355 7.611537 7.57088 7.547061 7.557141 7.580697 7.592305 7.57591 7.551238 7.52238 7.474216 7.434148 7.413003 7.439297 7.540538 7.679125 7.846114 8.048659 8.287256 8.537833 8.753217 8.945158 9.167169 9.338423 9.432723 9.51766 9.593783 9.641352 9.661952 9.544255 9.329518 9.07206 8.763465 8.436188 8.096307 5.672274 5.313159 4.84806 4.511399 4.350243 4.351676 4.416485 4.556967
7.11811 7.244926 7.354763 7.434779 7.483709 7.526423 7.563433 7.575173 7.594615 7.650615 7.713682 7.771597 7.847886 7.89673 7.861001 7.802609 7.759722 7.752839 7.790879 7.843364 7.802188 7.748713 7.715508 7.720752 7.75914 7.798512 7.802642 7.795821 7.787494 7.746262 7.700263 7.66692 7.674661 7.750431 7.864624 7.998076 8.186864 8.413761 8.65349 8.838227 9.024501 9.242668 9.41365 9.508814 9.597457 9.676954 9.733611 9.751251 9.657383 9.463327 9.219258 8.910462 8.564697 8.199814 7.814258 7.439613 7.128978 6.89303 4.547822 4.524015 4.556653 4.657933
7.186079 7.328381 7.447185 7.528026 7.574467 7.60548 7.619998 7.621603 7.637451 7.68303 7.72231 7.755425 7.807593 7.854322 7.84573 7.808146 7.775472 7.766786 7.790742 7.835847 7.817827 7.78372 7.764342 7.769256 7.808962 7.879057 7.925533 7.95214 7.976398 7.961884 7.938289 7.923609 7.929736 7.975747 8.064668 8.177854 8.324996 8.530227 8.734382 8.887 9.058135 9.264744 9.445107 9.552792 9.648219 9.742709 9.81454 9.83083 9.767622 9.612452 9.396955 9.119534 8.790992 8.421733 8.011723 7.59692 7.228832 6.927798 6.721147 6.576048 6.504214 6.510652
7.214326 7.358686 7.474824 7.561198 7.625139 7.642737 7.636248 7.636211 7.656205 7.686654 7.69665 7.692899 7.696395 7.715966 7.724689 7.717235 7.698228 7.690037 7.6963 7.721123 7.717978 7.696657 7.681107 7.691953 7.737368 7.829875 7.924407 8.003065 8.075738 8.105219 8.136841 8.165267 8.182893 8.21085 8.275785 8.366868 8.477204 8.64957 8.809021 8.925297 9.066845 9.239808 9.418479 9.555683 9.667711 9.778978 9.861774 9.899152 9.875303 9.766192 9.58453 9.346661 9.049642 8.696278 8.295001 7.88666 7.49648 7.144524 6.834787 6.556514 6.337092 6.18826
7.225434 7.357692 7.466013 7.55755 7.628856 7.638616 7.615685 7.597252 7.606196 7.633665 7.626997 7.593725 7.562588 7.551891 7.547066 7.556592 7.572965 7.578721 7.579009 7.573218 7.55547 7.535495 7.524792 7.551095 7.604856 7.708825 7.839509 7.966633 8.090848 8.179625 8.26609 8.347673 8.395454 8.42688 8.473591 8.525811 8.625103 8.766356 8.884112 8.967663 9.065673 9.183609 9.318093 9.452997 9.586174 9.7156 9.830716 9.913179 9.946372 9.890502 9.756137 9.565237 9.307571 8.983697 8.612144 8.235891 7.841604 7.441906 7.027724 6.622751 6.250824 5.917
7.206322 7.325778 7.42352 7.508595 7.573459 7.578974 7.548977 7.51575 7.497705 7.501641 7.490348 7.456862 7.419829 7.392669 7.371722 7.37112 7.389738 7.409181 7.414465 7.404644 7.384448 7.360007 7.355545 7.400791 7.461849 7.564656 7.722672 7.88563 8.046735 8.186646 8.320095 8.438925 8.528892 8.58856 8.623083 8.663365 8.759723 8.880079 8.964854 9.016242 9.060786 9.120888 9.207683 9.311882 9.440986 9.588445 9.735233 9.857635 9.944405 9.95785 9.884487 9.744933 9.539351 9.267845 8.940901 8.593454 8.235317 7.852988 7.387692 6.89546 6.435451 5.972403
7.155488 7.261222 7.35374 7.425781 7.46726 7.470309 7.443636 7.404661 7.371044 7.341313 7.315877 7.282259 7.24794 7.204641 7.165967 7.141336 7.143083 7.179528 7.220247 7.232128 7.224562 7.215568 7.21718 7.276311 7.354948 7.459425 7.620828 7.799005 7.985467 8.160617 8.32791 8.478235 8.605927 8.684412 8.722394 8.771528 8.867092 8.976977 9.043416 9.058064 9.04403 9.060283 9.112375 9.190105 9.300681 9.441112 9.596546 9.739238 9.859354 9.938531 9.937028 9.85955 9.716981 9.513578 9.248177 8.931764 8.60802 8.275257 7.842766 7.352475 6.87273 6.371929
7.091311 7.184196 7.276506 7.337921 7.347587 7.331739 7.308944 7.274739 7.237432 7.190854 7.131983 7.072453 7.01499 6.969878 6.940612 6.917757 6.907519 6.960185 7.018706 7.057813 7.072189 7.084222 7.097945 7.167807 7.26649 7.381955 7.536248 7.721692 7.92785 8.122779 8.316097 8.497169 8.66034 8.752011 8.794977 8.858978 8.957235 9.063748 9.115645 9.096544 9.034309 8.999275 9.006795 9.040051 9.102574 9.217542 9.380745 9.549999 9.709988 9.835593 9.905569 9.903031 9.829122 9.692926 9.501534 9.248543 8.966914 8.675344 8.311351 7.85786 7.396688 6.935735
7.012057 7.090152 7.192759 7.252325 7.236261 7.199496 7.165565 7.132371 7.084162 7.02922 6.969179 6.901045 6.827104 6.77242 6.760395 6.7666 6.76827 6.809581 6.868698 6.906362 6.935854 6.968187 6.993617 7.07207 7.191208 7.323723 7.484673 7.679759 7.891756 8.093699 8.299555 8.499637 8.689277 8.795823 8.843885 8.916804 9.017765 9.124703 9.167527 9.13119 9.009678 8.905954 8.880419 8.883714 8.912057 8.988197 9.129469 9.304021 9.487358 9.65586 9.779258 9.849303 9.846458 9.768176 9.639191 9.464887 9.263128 9.039075 8.748572 8.340698 7.904347 7.472488
6.88264 6.950031 7.04326 7.109707 7.093626 7.039002 6.993089 6.965977 6.936398 6.904161 6.868165 6.816722 6.74707 6.691237 6.688412 6.724643 6.748053 6.78528 6.838762 6.872778 6.904628 6.960673 6.985013 7.069768 7.199914 7.332685 7.491233 7.692585 7.8926 8.080366 8.281399 8.473052 8.659603 8.779198 8.83744 8.912668 9.002527 9.097374 9.146499 9.095081 8.965934 8.843053 8.776888 8.730548 8.707563 8.74725 8.861374 9.02078 9.198579 9.392874 9.55988 9.687358 9.739671 9.705993 9.621688 9.511613 9.394884 9.252094 9.056621 8.757266 8.382928 7.971885
6.677581 6.758162 6.81997 6.848363 6.839095 6.805575 6.772701 6.765278 6.769592 6.780848 6.783916 6.771312 6.747001 6.729656 6.746987 6.785657 6.810966 6.857816 6.916544 6.951167 7.001602 7.074814 7.126924 7.215081 7.328291 7.449716 7.588017 7.766089 7.938496 8.098208 8.280357 8.441728 8.593986 8.714509 8.788326 8.87347 8.956185 9.025519 9.061791 9.017851 8.894101 8.754919 8.641347 8.557299 8.488518 8.493963 8.582201 8.729178 8.901211 9.089123 9.265661 9.415954 9.504392 9.503248 9.452712 9.396134 9.353501 9.28721 9.17737 9.010635 8.759519 8.43278
6.41659 6.492469 6.552587 6.588522 6.580056 6.557273 6.538761 6.557056 6.595165 6.652235 6.706636 6.745772 6.767991 6.791846 6.839583 6.885765 6.914836 6.967254 7.028955 7.086374 7.171432 7.256475 7.33812 7.427892 7.523108 7.63472 7.755603 7.891886 8.016773 8.147471 8.306173 8.438554 8.554675 8.652308 8.727695 8.818986 8.894923 8.95103 8.975586 8.927675 8.789768 8.640874 8.492926 8.373725 8.271741 8.234277 8.285857 8.420617 8.585748 8.762507 8.942028 9.098608 9.19855 9.210186 9.180827 9.161901 9.173364 9.186286 9.175423 9.138808 9.014874 8.785997
6.16844 6.244394 6.337973 6.399546 6.409605 6.383117 6.347488 6.375179 6.461238 6.544075 6.630999 6.718694 6.777399 6.836328 6.916662 6.982754 7.035066 7.097865 7.160652 7.241167 7.338995 7.452123 7.5513 7.636203 7.728042 7.821207 7.922594 8.024715 8.105546 8.207593 8.337322 8.447118 8.532943 8.598414 8.658882 8.740617 8.808522 8.863694 8.884952 8.837651 8.707046 8.538671 8.371295 8.214512 8.070462 7.993108 8.008163 8.103137 8.243866 8.410789 8.593134 8.748253 8.839909 8.84551 8.816021 8.807987 8.865127 8.949433 9.029081 9.097936 9.113493 9.019851
5.978099 6.053194 6.163224 6.2568 6.293768 6.286926 6.282172 6.31955 6.424873 6.515645 6.610473 6.725277 6.814082 6.901113 7.002032 7.087496 7.162672 7.234486 7.31114 7.397696 7.501183 7.621702 7.737237 7.835368 7.925943 8.010453 8.091997 8.154597 8.19931 8.265671 8.349675 8.428166 8.49754 8.546291 8.597788 8.666657 8.737579 8.80066 8.82891 8.78316 8.650604 8.485141 8.30036 8.099049 7.900476 7.775553 7.749919 7.809857 7.926853 8.074931 8.2393 8.384193 8.467424 8.444539 8.404118 8.391792 8.465089 8.59894 8.754093 8.908183 9.025767 9.058437
5.806088 5.903072 6.019743 6.137287 6.20232 6.24079 6.273412 6.329496 6.44771 6.544302 6.650351 6.767478 6.877512 6.990767 7.10081 7.193684 7.278952 7.372737 7.464825 7.55857 7.663457 7.79157 7.917431 8.021353 8.111151 8.205836 8.270318 8.28964 8.303487 8.329408 8.361039 8.394624 8.439273 8.471728 8.514874 8.575159 8.649061 8.726902 8.769434 8.746777 8.629443 8.460073 8.254132 8.012516 7.761864 7.575159 7.500705 7.528828 7.614936 7.734623 7.867316 8.000383 8.081898 8.040077 7.969176 7.945169 8.009287 8.155454 8.354298 8.586131 8.79816 8.945631
5.680436 5.790784 5.913853 6.037885 6.132161 6.20473 6.261827 6.347074 6.476481 6.590216 6.710795 6.831937 6.949141 7.071424 7.188187 7.28952 7.382903 7.48896 7.598387 7.703428 7.820028 7.959977 8.098933 8.188744 8.27025 8.370807 8.426301 8.427223 8.418932 8.401836 8.375203 8.35665 8.356971 8.364636 8.395372 8.447791 8.52739 8.625302 8.701726 8.713837 8.624061 8.451201 8.226196 7.95117 7.643851 7.388588 7.253517 7.232509 7.270331 7.36442 7.491736 7.624817 7.680807 7.622369 7.523692 7.47853 7.528713 7.661953 7.892512 8.202942 8.508654 8.758101
5.655801 5.75278 5.867017 5.976465 6.083647 6.173354 6.244332 6.360715 6.498166 6.625336 6.751874 6.881431 7.00511 7.125661 7.246812 7.360787 7.460712 7.568872 7.679503 7.793572 7.930291 8.076566 8.218242 8.303717 8.379638 8.474728 8.531577 8.530746 8.515134 8.470079 8.397244 8.332644 8.28661 8.258916 8.259661 8.294046 8.379048 8.496633 8.608352 8.663248 8.623479 8.477274 8.247648 7.943964 7.588073 7.248012 7.031639 6.949682 6.934052 7.003186 7.11459 7.240223 7.270702 7.195495 7.086753 7.020141 7.042336 7.153621 7.383356 7.758863 8.157904 8.494116
5.703825 5.803358 5.905571 5.991492 6.098966 6.189929 6.265793 6.387964 6.526846 6.656651 6.782297 6.908902 7.037122 7.156987 7.270392 7.379404 7.48234 7.590979 7.69573 7.806828 7.941278 8.088308 8.23225 8.328667 8.410389 8.503245 8.575003 8.590976 8.57976 8.522747 8.416367 8.30842 8.21709 8.144286 8.109183 8.12393 8.210677 8.346688 8.48972 8.596696 8.623528 8.529261 8.318399 8.006824 7.62353 7.225688 6.919709 6.746919 6.666235 6.671039 6.736723 6.836115 6.878023 6.807974 6.700679 6.629475 6.631731 6.719575 6.914024 7.253773 7.67065 8.058281
1.70141E+38 1.70141E+38 1.70141E+38 1.70141E+38 1.70141E+38 1.70141E+38 1.70141E+38 1.70141E+38 1.70141E+38 1.70141E+38 1.70141E+38 1.70141E+38 1.70141E+38 1.70141E+38 1.70141E+38 1.70141E+38 1.70141E+38 1.70141E+38 1.70141E+38 1.70141E+38 1.70141E+38 1.70141E+38 1.70141E+38 1.70141E+38 1.70141E+38 1.70141E+38 1.70141E+38 1.70141E+38 1.70141E+38 1.70141E+38 1.70141E+38 1.70141E+38 1.70141E+38 1.70141E+38 1.70141E+38 1.70141E+38 1.70141E+38 1.70141E+38 1.70141E+38 1.70141E+38 1.70141E+38 1.70141E+38 1.70141E+38 1.70141E+38 1.70141E+38 1.70141E+38 1.70141E+38 1.70141E+38 1.70141E+38 1.70141E+38 1.70141E+38 1.70141E+38 1.70141E+38 1.70141E+38 1.70141E+38 1.70141E+38 1.70141E+38 1.70141E+38 1.70141E+38 1.70141E+38 1.70141E+38 1.70141E+38
1.70141E+38 1.70141E+38 1.70141E+38 1.70141E+38 1.70141E+38 1.70141E+38 1.70141E+38 1.70141E+38 1.70141E+38 1.70141E+38 1.70141E+38 1.70141E+38 1.70141E+38 1.70141E+38 1.70141E+38 1.70141E+38 1.70141E+38 1.70141E+38 1.70141E+38 1.70141E+38 1.70141E+38 1.70141E+38 1.70141E+38 1.70141E+38 1.70141E+38 1.70141E+38 1.70141E+38 1.70141E+38 1.70141E+38 1.70141E+38 1.70141E+38 1.70141E+38 1.70141E+38 1.70141E+38 1.70141E+38 1.70141E+38 1.70141E+38 1.70141E+38 1.70141E+38 1.70141E+38 1.70141E+38 1.70141E+38 1.70141E+38 1.70141E+38 1.70141E+38 1.70141E+38 1.70141E+38 1.70141E+38 1.70141E+38 1.70141E+38 1.70141E+38 1.70141E+38 1.70141E+38 1.70141E+38 1.70141E+38 1.70141E+38 1.70141E+38 1.70141E+38 1.70141E+38 1.70141E+38 1.70141E+38 1.70141E+38
1.70141E+38 1.70141E+38 1.70141E+38 1.70141E+38 1.70141E+38 1.70141E+38 1.70141E+38 1.70141E+38 1.70141E+38 1.70141E+38 1.70141E+38 1.70141E+38 1.70141E+38 1.70141E+38 1.70141E+38 1.70141E+38 1.70141E+38 1.70141E+38 1.70141E+38 1.70141E+38 1.70141E+38 1.70141E+38 1.70141E+38 1.70141E+38 1.70141E+38 1.70141E+38 1.70141E+38 1.70141E+38 1.70141E+38 1.70141E+38 1.70141E+38 1.70141E+38 1.70141E+38 1.70141E+38 1.70141E+38 1.70141E+38 1.70141E+38 1.70141E+38 1.70141E+38 1.70141E+38 1.70141E+38 1.70141E+38 1.70141E+38 1.70141E+38 1.70141E+38 1.70141E+38 1.70141E+38 1.70141E+38 1.70141E+38 1.70141E+38 1.70141E+38 1.70141E+38 1.70141E+38 1.70141E+38 1.70141E+38 1.70141E+38 1.70141E+38 1.70141E+38 1.70141E+38 1.70141E+38 1.70141E+38 1.70141E+38
1.70141E+38 1.70141E+38 1.70141E+38 1.70141E+38 1.70141E+38 1.70141E+38 1.70141E+38 1.70141E+38 1.70141E+38 1.70141E+38 1.70141E+38 1.70141E+38 1.70141E+38 1.70141E+38 1.70141E+38 1.70141E+38 1.70141E+38 1.70141E+38 1.70141E+38 1.70141E+38 1.70141E+38 1.70141E+38 1.70141E+38 1.70141E+38 1.70141E+38 1.70141E+38 1.70141E+38 1.70141E+38 1.70141E+38 1.70141E+38 1.70141E+38 1.70141E+38 1.70141E+38 1.70141E+38 1.70141E+38 1.70141E+38 1.70141E+38 1.70141E+38 1.70141E+38 1.70141E+38 1.70141E+38 1.70141E+38 1.70141E+38 1.70141E+38 1.70141E+38 1.70141E+38 1.70141E+38 1.70141E+38 1.70141E+38 1.70141E+38 1.70141E+38 1.70141E+38 1.70141E+38 1.70141E+38 1.70141E+38 1.70141E+38 1.70141E+38 1.70141E+38 1.70141E+38 1.70141E+38 1.70141E+38 1.70141E+38
1.70141E+38 1.70141E+38 1.70141E+38 1.70141E+38 1.70141E+38 1.70141E+38 1.70141E+38 1.70141E+38 1.70141E+38 1.70141E+38 1.70141E+38 1.70141E+38 1.70141E+38 1.70141E+38 1.70141E+38 1.70141E+38 1.70141E+38 1.70141E+38 1.70141E+38 1.70141E+38 1.70141E+38 1.70141E+38 1.70141E+38 1.70141E+38 1.70141E+38 1.70141E+38 1.70141E+38 1.70141E+38 1.70141E+38 1.70141E+38 1.70141E+38 1.70141E+38 1.70141E+38 1.70141E+38 1.70141E+38 1.70141E+38 1.70141E+38 1.70141E+38 1.70141E+38 1.70141E+38 1.70141E+38 1.70141E+38 1.70141E+38 1.70141E+38 1.70141E+38 1.70141E+38 1.70141E+38 1.70141E+38 1.70141E+38 1.70141E+38 1.70141E+38 1.70141E+38 1.70141E+38 1.70141E+38 1.70141E+38 1.70141E+38 1.70141E+38 1.70141E+38 1.70141E+38 1.70141E+38 1.70141E+38 1.70141E+38
1.70141E+38 1.70141E+38 1.70141E+38 1.70141E+38 1.70141E+38 1.70141E+38 1.70141E+38 1.70141E+38 1.70141E+38 1.70141E+38 1.70141E+38 1.70141E+38 1.70141E+38 1.70141E+38 1.70141E+38 1.70141E+38 1.70141E+38 1.70141E+38 1.70141E+38 1.70141E+38 1.70141E+38 1.70141E+38 1.70141E+38 1.70141E+38 1.70141E+38 1.70141E+38 1.70141E+38 1.70141E+38 1.70141E+38 1.70141E+38 1.70141E+38 1.70141E+38 1.70141E+38 1.70141E+38 1.70141E+38 1.70141E+38 1.70141E+38 1.70141E+38 1.70141E+38 1.70141E+38 1.70141E+38 1.70141E+38 1.70141E+38 1.70141E+38 1.70141E+38 1.70141E+38 1.70141E+38 1.70141E+38 1.70141E+38 1.70141E+38 1.70141E+38 1.70141E+38 1.70141E+38 1.70141E+38 1.70141E+38 1.70141E+38 1.70141E+38 1.70141E+38 1.70141E+38 1.70141E+38 1.70141E+38 1.70141E+38
1.70141E+38 1.70141E+38 1.70141E+38 1.70141E+38 1.70141E+38 1.70141E+38 1.70141E+38 1.70141E+38 1.70141E+38 1.70141E+38 1.70141E+38 1.70141E+38 1.70141E+38 1.70141E+38 1.70141E+38 1.70141E+38 1.70141E+38 1.70141E+38 1.70141E+38 1.70141E+38 1.70141E+38 1.70141E+38 1.70141E+38 1.70141E+38 1.70141E+38 1.70141E+38 1.70141E+38 1.70141E+38 1.70141E+38 1.70141E+38 1.70141E+38 1.70141E+38 1.70141E+38 1.70141E+38 1.70141E+38 1.70141E+38 1.70141E+38 1.70141E+38 1.70141E+38 1.70141E+38 1.70141E+38 1.70141E+38 1.70141E+38 1.70141E+38 1.70141E+38 1.70141E+38 1.70141E+38 1.70141E+38 1.70141E+38 1.70141E+38 1.70141E+38 1.70141E+38 1.70141E+38 1.70141E+38 1.70141E+38 1.70141E+38 1.70141E+38 1.70141E+38 1.70141E+38 1.70141E+38 1.70141E+38 1.70141E+38
1.70141E+38 1.70141E+38 1.70141E+38 1.70141E+38 1.70141E+38 1.70141E+38 1.70141E+38 1.70141E+38 1.70141E+38 1.70141E+38 1.70141E+38 1.70141E+38 1.70141E+38 1.70141E+38 1.70141E+38 1.70141E+38 1.70141E+38 1.70141E+38 1.70141E+38 1.70141E+38 1.70141E+38 1.70141E+38 1.70141E+38 1.70141E+38 1.70141E+38 1.70141E+38 1.70141E+38 1.70141E+38 1.70141E+38 1.70141E+38 1.70141E+38 1.70141E+38 1.70141E+38 1.70141E+38 1.70141E+38 1.70141E+38 1.70141E+38 1.70141E+38 1.70141E+38 1.70141E+38 1.70141E+38 1.70141E+38 1.70141E+38 1.70141E+38 1.70141E+38 1.70141E+38 1.70141E+38 1.70141E+38 1.70141E+38 1.70141E+38 1.70141E+38 1.70141E+38 1.70141E+38 1.70141E+38 1.70141E+38 1.70141E+38 1.70141E+38 1.70141E+38 1.70141E+38 1.70141E+38 1.70141E+38 1.70141E+38
