py_wake/examples/data/AJ_ParqueFicticio/Ridge area   Sector 9   Height 30m   Flow inclination.grd
DSAA
90  129
 262878   265103
 6504214   6507414
-21.86246   27.89935
[rows 27 to 53 of 129, columns 0 to 60 of 90]
9.823641 10.41607 10.90724 11.32259 11.70841 12.02536 12.26864 12.46476 12.53213 12.47082 12.38801 12.35349 12.38284 12.45214 12.54241 12.61597 12.69091 12.73816 12.82183 13.06112 13.20313 13.25731 13.33111 13.38519 13.53209 13.75926 13.9906 14.15393 14.05314 13.92735 13.76613 13.57772 13.45378 13.08206 12.81738 12.51382 12.07842 11.52188 10.71481 9.574699 8.494338 7.323686 5.953096 4.377786 2.713207 1.09339 -.3458122 -1.641812 -2.472966 -2.852321 -3.06384 -3.188494 6.744006 .4828771 2.264637 12.22731 1.902396 4.310069 6.743152 8.41926 8.943741
9.882784 10.49823 10.99323 11.43438 11.85368 12.1781 12.42792 12.59934 12.60676 12.45256 12.2732 12.16536 12.17456 12.26476 12.3995 12.53855 12.66827 12.76918 12.89006 13.1175 13.2367 13.27758 13.37243 13.4262 13.55344 13.81317 14.06209 14.23797 14.21124 14.05815 13.88579 13.71261 13.57051 13.25522 12.95889 12.66133 12.23719 11.73141 11.00555 9.941219 8.878983 7.663401 6.169595 4.406569 2.619468 .9507125 -.4747838 -1.708062 -2.514689 -2.847537 -3.100665 -3.276876 2.240459 1.880887 6.156274 13.15876 3.762877 9.761436 10.26867 11.2919 11.70871
9.920513 10.53258 11.02795 11.50045 11.94506 12.27507 12.53577 12.68743 12.67154 12.40846 12.13433 12.01596 12.05505 12.18532 12.36863 12.55971 12.76149 12.91207 13.07719 13.30767 13.39566 13.43933 13.56491 13.64478 13.76612 14.07393 14.3671 14.54246 14.51929 14.3381 14.14856 13.98178 13.84525 13.60354 13.27905 12.99026 12.60738 12.15309 11.51361 10.54696 9.508916 8.253377 6.601843 4.647012 2.737241 .9760759 -.4945523 -1.641747 -2.394243 -2.728923 -3.033529 -3.23641 -2.300647 1.55093 5.670682 2.382523 5.841595 7.407696 14.75554 15.08903 15.25846
9.877824 10.47605 10.97298 11.47446 11.93863 12.28163 12.55446 12.67461 12.65291 12.2984 12.03959 11.97639 12.0627 12.23829 12.45193 12.68642 12.95435 13.20521 13.48129 13.78733 13.89296 13.9977 14.1896 14.29635 14.42071 14.75633 15.05121 15.12644 15.03019 14.8379 14.60873 14.39625 14.29222 14.0966 13.77125 13.47674 13.15302 12.76314 12.19673 11.31473 10.27054 8.918315 7.064676 4.987175 3.045449 1.208003 -.3562851 -1.430941 -2.137563 -2.504282 -2.836271 -3.010045 -2.316493 1.465067 6.139281 3.818548 8.476139 7.443416 20.11771 19.63792 19.18738
9.818136 10.41783 10.91998 11.44646 11.921 12.26422 12.52417 12.62414 12.61608 12.28054 12.10159 12.09501 12.21461 12.40178 12.63206 12.89812 13.25341 13.656 14.04157 14.35435 14.54293 14.75295 15.00373 15.15555 15.33726 15.64347 15.83495 15.77648 15.61649 15.42511 15.20211 14.99934 14.8529 14.63082 14.32963 14.03562 13.75175 13.41701 12.89585 12.05564 10.97989 9.456268 7.44211 5.337444 3.391359 1.565675 -.04389834 -1.089847 -1.74749 -2.140532 -2.474543 -2.575703 -1.679961 2.083329 6.819472 6.250371 8.821105 7.878287 24.38721 23.61767 22.59109
9.757703 10.37848 10.90023 11.45833 11.94958 12.29965 12.55319 12.66546 12.6837 12.46766 12.37848 12.41106 12.52883 12.6951 12.92135 13.22867 13.70149 14.23182 14.62698 14.92767 15.19932 15.45789 15.70895 15.90995 16.11656 16.36837 16.50402 16.40829 16.22969 16.058 15.83189 15.60588 15.34645 15.08629 14.83543 14.58002 14.33494 14.04613 13.55743 12.75289 11.65946 9.978601 7.894509 5.831825 3.841537 2.066103 .5096384 -.5441597 -1.162757 -1.587317 -1.908998 -1.853564 -.7033174 10.91223 12.39146 10.22225 10.70501 9.71641 4.133947 26.48348 25.03933
9.706017 10.35944 10.91135 11.51644 12.03951 12.41424 12.6828 12.83672 12.90711 12.85227 12.85766 12.92037 13.01583 13.13797 13.34745 13.70563 14.29404 14.87053 15.22845 15.51278 15.78592 16.06852 16.34268 16.56798 16.80969 17.08569 17.23626 17.16195 16.99959 16.77586 16.50367 16.27081 15.94137 15.64982 15.43072 15.17539 14.93036 14.64981 14.18433 13.43741 12.32062 10.50601 8.399732 6.417289 4.387875 2.651225 1.208185 .1952537 -.3853118 -.7661086 -.9486372 -.5082219 6.515448 8.620999 10.29472 12.10883 12.71041 13.69612 17.61975 27.89935 18.04706
9.687901 10.37166 10.95895 11.6404 12.2155 12.63791 12.95898 13.18125 13.332 13.41401 13.48606 13.55625 13.61757 13.69837 13.91254 14.34124 14.9924 15.49448 15.80498 16.0496 16.3345 16.6583 16.95398 17.22546 17.55723 17.87418 18.06426 18.05212 17.83039 17.53777 17.27038 16.99564 16.62694 16.35783 16.09532 15.76244 15.51091 15.18159 14.70148 14.01258 12.85989 11.01317 8.953643 7.062761 5.024295 3.305255 1.947008 1.012632 .5389893 .2721802 .296361 8.559378 3.278755 5.213498 6.90589 8.411869 9.727175 10.49555 7.455093 2.278891 3.345267
9.690694 10.37784 10.9944 11.77973 12.41137 12.89519 13.27364 13.55772 13.7956 13.99637 14.12204 14.22943 14.28073 14.35758 14.59733 15.05941 15.62928 16.05396 16.34797 16.60758 16.92349 17.24946 17.58662 17.93026 18.29942 18.62 18.83657 18.80557 18.49615 18.14562 17.80611 17.45379 17.1023 16.81984 16.48642 16.13295 15.8269 15.4382 14.94416 14.31013 13.16977 11.39978 9.476056 7.700591 5.682796 3.981337 2.606288 1.744912 1.370983 1.234135 1.348654 4.777407 -.4549093 .7109653 2.133242 3.493812 4.631164 4.692418 4.111172 3.08829 .3448652
9.648175 10.32684 10.97975 11.89333 12.57578 13.11224 13.53347 13.87521 14.18389 14.44833 14.67025 14.8686 14.92228 15.0193 15.28729 15.69326 16.16019 16.55326 16.85406 17.17902 17.51667 17.85119 18.24403 18.60409 18.94229 19.23321 19.39018 19.30631 18.8958 18.4107 18.00273 17.6171 17.28629 16.93615 16.55417 16.13506 15.77784 15.32775 14.85433 14.27894 13.25762 11.68834 9.9304 8.275329 6.306586 4.572476 3.117798 2.248633 1.971367 1.93809 2.042172 3.400261 10.59166 -3.586538 -2.594908 -1.44534 -.1052657 1.087622 4.001249 4.299137 -1.759901
9.545098 10.2178 10.92746 11.95859 12.67023 13.24362 13.69928 14.0968 14.48903 14.83121 15.16609 15.43393 15.53261 15.64523 15.89151 16.23314 16.67752 17.03679 17.37285 17.77521 18.07919 18.43759 18.82209 19.17098 19.44995 19.65539 19.72801 19.55489 19.01653 18.43973 18.01296 17.57937 17.17543 16.72484 16.31536 15.86372 15.4039 14.95488 14.58178 14.13691 13.25152 11.8637 10.24407 8.606548 6.781995 4.9686 3.460449 2.546906 2.269189 2.299973 2.436682 2.893742 5.451973 11.99407 -6.25815 -5.514225 -3.433487 .5761269 5.794809 3.910444 -4.444485
9.370777 10.05104 10.8339 11.91958 12.65935 13.27516 13.7817 14.24094 14.72185 15.12897 15.5569 15.84984 15.97084 16.07955 16.32656 16.70278 17.13757 17.47248 17.85775 18.22668 18.46503 18.8087 19.1899 19.50493 19.73862 19.85924 19.8345 19.58025 18.99334 18.3482 17.79665 17.30809 16.82331 16.36489 15.87232 15.38863 14.94025 14.57335 14.28158 13.87633 13.08948 11.81001 10.25509 8.617056 6.920386 5.072424 3.588866 2.644429 2.321237 2.348613 2.531124 2.733529 3.738608 7.353408 9.49515 -7.605666 -4.142681 3.488502 7.821733 .6924818 23.19148
9.228601 9.851167 10.67793 11.70557 12.45881 13.14839 13.73825 14.28296 14.83987 15.34011 15.84711 16.15593 16.28649 16.43298 16.7084 17.0783 17.43267 17.76954 18.03963 18.27716 18.49897 18.82946 19.24435 19.52753 19.75591 19.80369 19.6984 19.42645 18.86333 18.16677 17.51644 16.96632 16.31039 15.79624 15.27101 14.78352 14.31066 13.93022 13.65703 13.28882 12.57267 11.37695 9.928233 8.364873 6.778243 5.015369 3.567518 2.582981 2.178457 2.14198 2.349917 2.50315 2.966667 5.252851 9.077846 4.434254 -1.28991 7.465818 5.896143 -2.697166 23.46526
9.180785 9.644118 10.39612 11.29129 12.07108 12.85512 13.52224 14.15422 14.79943 15.39025 15.94887 16.27393 16.43427 16.63902 16.91496 17.18466 17.47352 17.74212 17.86152 17.97993 18.16844 18.53241 18.9401 19.16716 19.37676 19.39301 19.30557 19.05593 18.48185 17.7757 17.03831 16.40112 15.6421 15.04379 14.52816 14.02194 13.55686 13.17566 12.90313 12.54838 11.91648 10.87492 9.545374 8.08625 6.550711 4.879915 3.433781 2.357373 1.856344 1.776664 1.966354 2.123573 2.350948 3.930627 6.418447 11.26205 4.16481 9.171276 3.514556 -1.99014 23.46686
9.130692 9.369513 9.925654 10.70712 11.51875 12.42227 13.17607 13.90751 14.62248 15.28281 15.86855 16.19332 16.38553 16.58384 16.80608 17.0195 17.2133 17.40486 17.41769 17.47423 17.65934 17.94423 18.27947 18.42936 18.58705 18.53819 18.5023 18.30744 17.83662 17.05985 16.33986 15.61635 14.81246 14.21189 13.76175 13.19845 12.63242 12.25947 12.03755 11.74385 11.24504 10.23219 8.893906 7.520077 6.084831 4.530385 3.124884 2.005518 1.440846 1.306704 1.439797 1.576923 1.686582 2.519708 3.92201 6.815481 6.893029 8.634627 6.192217 1.024138 8.46775
8.915298 8.927636 9.298472 10.02254 10.86493 11.86849 12.67965 13.50077 14.276 15.00763 15.61568 15.94414 16.16207 16.32484 16.46175 16.56337 16.65629 16.75067 16.76476 16.79634 16.83727 17.03578 17.2691 17.3671 17.4693 17.45642 17.46577 17.34471 16.97742 16.15333 15.53096 14.72654 14.03354 13.49788 13.01431 12.40799 11.86903 11.55612 11.35686 11.08962 10.51513 9.514539 8.307144 7.045691 5.677898 4.158376 2.753479 1.638681 .9500205 .7317178 .8250028 .9335852 .967223 1.297448 1.761958 1.068408 3.127117 3.361727 .7679809 -1.193921 -3.280945
8.824769 8.655725 8.853105 9.451536 10.19278 11.14488 11.96163 12.87739 13.74326 14.5414 15.15925 15.48338 15.70648 15.82894 15.92713 15.96521 16.00679 16.05693 16.03567 15.95831 15.88802 15.99817 16.11919 16.19099 16.26635 16.25647 16.33561 16.34937 16.05044 15.27758 14.72185 13.9622 13.3933 12.90435 12.3772 11.82961 11.38509 11.08336 10.82305 10.46247 9.881117 9.034049 7.915648 6.676186 5.325731 3.796853 2.378926 1.247765 .5384042 .2030564 .2506278 .3442669 .283146 .3384808 .1514387 -1.878264 -2.404063 -1.784556 -2.340051 -3.548207 -7.200098
8.788761 8.46637 8.478864 8.942716 9.500004 10.2902 11.1146 12.11966 13.06742 13.90441 14.55397 14.91668 15.14661 15.22856 15.24772 15.16362 15.12677 15.13409 15.07077 14.87584 14.74637 14.78403 14.80586 14.87728 14.97299 15.04036 15.23181 15.38467 15.16869 14.4485 13.95342 13.29223 12.81181 12.38093 11.8618 11.38968 11.03191 10.7237 10.37082 9.960969 9.449602 8.711283 7.655998 6.411786 5.056576 3.505595 2.039742 .8654665 .1241295 -.2641002 -.2864447 -.1417147 -.2720261 -.3771037 -.8938074 -3.402118 -6.57223 -6.120632 -6.699193 -10.4269 -15.66362
8.754742 8.252603 8.038207 8.264324 8.603838 9.251817 10.11733 11.21299 12.24758 13.1181 13.78804 14.15516 14.38083 14.4515 14.43299 14.27241 14.1767 14.16118 14.04764 13.7676 13.5553 13.48873 13.41548 13.47516 13.61681 13.75979 14.0446 14.31273 14.18281 13.54205 13.16455 12.68654 12.29901 11.95239 11.48246 11.06304 10.76888 10.47212 10.06371 9.646299 9.174274 8.485444 7.412241 6.094018 4.737057 3.23412 1.787228 .5620695 -.2341128 -.640536 -.7422162 -.5793574 -.6646327 -.8516151 -1.502838 -4.103224 -8.815434 -9.61504 -11.47297 -14.38041 -16.28425
8.704318 8.108531 7.72619 7.685968 7.89405 8.39404 9.180204 10.2568 11.30447 12.16062 12.8399 13.22787 13.47467 13.57004 13.51344 13.30275 13.1614 13.11639 12.96579 12.67587 12.42575 12.28447 12.1383 12.1798 12.39638 12.6464 12.97451 13.2127 13.26578 12.81019 12.54617 12.24605 11.94211 11.65631 11.27208 10.8952 10.64383 10.37795 9.951411 9.53178 9.060422 8.352046 7.224664 5.897935 4.546863 3.093507 1.723148 .4530891 -.4501224 -.9361356 -1.111005 -1.013975 -.9500449 -1.14031 -1.764062 -4.043463 -7.873679 -10.21589 -11.36061 -13.03175 -13.37132
8.753621 8.110842 7.665099 7.42696 7.534326 7.913141 8.56153 9.456548 10.3841 11.20769 11.91639 12.34173 12.66494 12.81186 12.75592 12.58302 12.429 12.36882 12.23935 11.99152 11.73119 11.53119 11.35304 11.36487 11.57521 11.81647 12.10547 12.39212 12.57685 12.3865 12.20839 12.05103 11.82447 11.57248 11.28863 10.97812 10.76201 10.54018 10.12688 9.695673 9.205474 8.456038 7.285601 5.988859 4.613498 3.152074 1.814366 .5976402 -.443491 -1.084276 -1.371412 -1.379759 -1.278804 -1.328067 -1.701315 -2.743529 -4.478492 -6.177149 -6.913569 -9.064327 -8.247131
8.863679 8.127726 7.683401 7.317436 7.381311 7.687949 8.183032 8.828149 9.563179 10.36778 11.12318 11.59481 11.95421 12.19789 12.19209 12.07079 11.9491 11.89437 11.76743 11.52048 11.26434 11.03978 10.87262 10.8496 11.04303 11.35458 11.67673 11.9709 12.21329 12.2387 12.18078 12.10209 11.95724 11.7359 11.52285 11.29778 11.10507 10.92737 10.54955 10.06828 9.55099 8.763018 7.558812 6.278965 4.884774 3.39517 2.012027 .8158717 -.2693289 -1.103257 -1.526152 -1.661677 -1.65274 -1.566752 -1.372158 -1.14776 -.7667614 .7168021 -.5785987 -4.275833 -5.207966
8.987155 8.184386 7.723907 7.290671 7.286503 7.46581 7.801589 8.267266 8.918605 9.782279 10.5913 11.11188 11.42461 11.69895 11.64424 11.5724 11.51651 11.48644 11.44707 11.31535 11.10965 10.93788 10.82424 10.79607 10.96305 11.28173 11.59533 11.87984 12.14473 12.31879 12.38519 12.36812 12.3081 12.1303 11.9438 11.80223 11.66041 11.50287 11.1687 10.62314 10.06901 9.248793 8.024577 6.748614 5.343563 3.796356 2.302298 1.012651 -.05463826 -1.01131 -1.57079 -1.823346 -1.912455 -1.809996 -1.235958 -.8625942 .5666534 3.238414 1.486664 -3.508461 -4.51722
9.130301 8.286797 7.731856 7.375451 7.311356 7.460008 7.776806 8.179282 8.749544 9.583637 10.43545 11.01978 11.23105 11.3465 11.19799 11.16063 11.19435 11.23043 11.34856 11.40167 11.35929 11.27411 11.25306 11.24994 11.33467 11.60179 11.89381 12.14509 12.39797 12.61124 12.76656 12.86145 12.85771 12.71033 12.53822 12.46686 12.40434 12.23682 11.93737 11.34682 10.76273 9.921752 8.685727 7.396365 5.957208 4.309063 2.643501 1.219702 .08087768 -.8259686 -1.477111 -1.801885 -1.977619 -2.009975 -1.411453 -.7916009 .1684566 1.134981 -.7753751 -4.043508 -4.452904
9.295836 8.415227 7.754921 7.47728 7.324801 7.46484 7.736986 8.166203 8.751474 9.561292 10.463 11.12047 11.20747 11.027 10.78356 10.75251 10.97775 11.15008 11.4197 11.72145 11.89309 11.96475 12.02757 12.04454 12.05574 12.20721 12.44137 12.62073 12.81432 13.11921 13.34124 13.52815 13.55231 13.40809 13.26546 13.27552 13.26423 13.10376 12.82477 12.24557 11.61753 10.75499 9.49779 8.187301 6.687346 4.883634 2.999786 1.440663 .2177148 -.6265458 -1.279214 -1.62615 -1.820238 -1.988985 -1.405519 -.3464033 .3957298 .3715612 -1.646411 -4.176424 -2.093
9.457905 8.49978 7.802568 7.419329 7.318347 7.501766 7.848831 8.424091 9.045102 9.916409 10.89616 11.52847 11.42755 11.01682 10.67057 10.60075 10.9796 11.31702 11.72941 12.29098 12.71648 12.96329 13.10707 13.14897 13.07016 13.11084 13.27603 13.38067 13.51694 13.90318 14.13764 14.3699 14.41838 14.26656 14.14478 14.18332 14.16931 14.02224 13.77455 13.25924 12.57793 11.66667 10.3795 9.040015 7.444949 5.448339 3.373479 1.699498 .3946196 -.4560355 -1.048648 -1.368217 -1.504013 -1.636625 -1.119583 .08469214 .8531497 .6702027 -1.206312 -2.056028 -.9376009
9.693565 8.669806 7.911284 7.36816 7.347898 7.512759 7.994913 8.736142 9.486979 10.55318 11.58914 12.14822 11.98521 11.54244 11.20502 11.13634 11.51087 11.89862 12.3991 13.15169 13.77163 14.16898 14.40468 14.48825 14.40105 14.39107 14.52667 14.58142 14.668 15.07174 15.27346 15.45693 15.48156 15.27756 15.1256 15.10837 15.06461 14.95169 14.75439 14.28346 13.54717 12.5625 11.23376 9.826111 8.08813 5.889812 3.745096 2.008158 .6343526 -.2796244 -.8363037 -1.088875 -1.132079 -1.148351 -.7687891 .2325715 .6771712 .4759872 -.3550967 -.8951895 -.3842359
