py_wake/examples/data/AJ_ParqueFicticio/Ridge area   Sector 6   Height 200m   Turbulence intensity.grd
DSAA
90  129
 262878   265103
 6504214   6507414
 12.90642   98.28019
[rows 27 to 53 of 129, columns 0 to 61 of 90]
14.76337 14.68145 14.57303 14.49491 14.45748 14.46073 14.51301 14.6191 14.7704 14.97259 15.22274 15.5017 15.77532 16.01987 16.20205 16.33477 16.42892 16.50324 16.59514 16.67775 16.59705 16.45606 16.33619 16.18883 16.04872 15.86592 15.63442 15.35622 15.05336 14.77861 14.50421 14.253 14.01849 13.82292 13.67518 13.55004 13.46158 13.39527 13.35013 13.34827 13.41017 13.54461 13.74572 13.98818 14.2517 14.53444 14.83624 15.19484 15.57795 15.95541 16.40838 16.8227 17.19673 17.56575 17.91436 18.18485 45.88734 44.4138 38.60873 34.98975 32.83958 31.64279
15.02355 14.92596 14.79733 14.69108 14.60699 14.55029 14.54056 14.57901 14.67896 14.86145 15.11217 15.40196 15.7304 16.07867 16.41812 16.71118 16.94436 17.14343 17.34453 17.56212 17.62873 17.61651 17.58509 17.44715 17.3102 17.08774 16.71501 16.26818 15.79454 15.38689 15.04319 14.74484 14.47345 14.24065 14.06442 13.90991 13.78543 13.68251 13.58451 13.5271 13.54418 13.63003 13.79791 14.02944 14.29625 14.59188 14.90074 15.2502 15.64566 16.03587 16.49549 16.93626 17.3282 17.71847 18.07646 18.31746 45.7123 44.16379 40.7523 37.02443 34.66595 33.3368
15.31852 15.20342 15.06656 14.95167 14.83713 14.73032 14.65769 14.61694 14.63309 14.75244 14.98512 15.3037 15.6622 16.05211 16.4795 16.90739 17.30805 17.7132 18.13653 18.52723 18.76969 18.98507 19.19522 19.19864 19.12697 18.96554 18.42334 17.6917 16.93419 16.30417 15.80934 15.39884 15.05007 14.75541 14.53107 14.3444 14.18001 14.03659 13.88938 13.77929 13.74461 13.77663 13.89045 14.08296 14.33871 14.64975 14.98108 15.33028 15.73735 16.15261 16.63027 17.11221 17.52733 17.94347 18.31129 46.11903 45.78437 44.4016 41.07295 38.163 35.95198 34.60545
15.67091 15.53508 15.39196 15.27109 15.13613 15.00596 14.89879 14.80117 14.72661 14.75076 14.94394 15.25263 15.62702 16.02171 16.45084 16.92245 17.44958 18.01902 18.66471 19.25757 19.62199 20.12056 20.62111 20.7663 20.83724 20.84826 20.21002 19.23736 18.31732 17.51749 16.84991 16.31634 15.87731 15.45129 15.11358 14.85923 14.64167 14.44797 14.25549 14.09676 14.00156 13.9627 13.99241 14.12073 14.3413 14.65002 15.02089 15.39746 15.83168 16.29251 16.80334 17.3294 17.76014 18.19603 18.59826 45.76769 46.03111 45.31426 41.39537 39.11206 37.3394 36.18541
16.12026 15.96978 15.81942 15.69994 15.54959 15.39795 15.26809 15.1474 15.02839 14.98831 15.11978 15.3608 15.68719 16.0674 16.47963 16.94416 17.48681 18.10348 18.75617 19.31618 19.80081 20.36102 20.84396 21.02445 21.18268 21.19273 20.70046 19.95202 19.27095 18.58667 17.90412 17.28594 16.74627 16.22964 15.79387 15.44713 15.16164 14.91117 14.67478 14.47547 14.32671 14.22272 14.16791 14.22295 14.39079 14.65175 15.02971 15.44894 15.90682 16.40761 16.94267 17.50199 17.94656 18.36399 41.35882 44.80968 45.8438 45.9395 41.82877 40.02372 38.90631 38.14385
16.62042 16.4571 16.29725 16.17469 16.01481 15.85375 15.71615 15.59208 15.46807 15.4055 15.48901 15.67118 15.9313 16.25813 16.63616 17.08565 17.60736 18.12973 18.59196 19.06394 19.55011 19.95456 20.27436 20.48394 20.60441 20.59109 20.36222 19.98974 19.6509 19.25574 18.70158 18.10295 17.53137 17.02235 16.55463 16.12949 15.7592 15.43883 15.15031 14.90546 14.69952 14.52883 14.41027 14.39893 14.52005 14.72653 15.06035 15.49912 15.97014 16.49768 17.05857 17.63828 18.09894 30.03634 39.05978 43.75157 44.8889 45.61492 45.98256 40.47425 40.36089 40.3057
17.18467 17.00113 16.82389 16.69049 16.51027 16.33406 16.18897 16.07469 15.97349 15.91196 15.95238 16.08272 16.29254 16.57885 16.93521 17.37269 17.86636 18.19875 18.41482 18.73303 19.06868 19.35326 19.58447 19.737 19.86302 19.94079 19.85021 19.68125 19.61824 19.45753 19.15607 18.79922 18.30416 17.83043 17.37987 16.89082 16.43405 16.0377 15.68021 15.37179 15.09346 14.84968 14.68129 14.61416 14.68766 14.85694 15.13101 15.5573 16.03788 16.57473 17.13966 17.70948 18.18487 21.6643 29.98033 36.85761 39.56446 40.99427 42.84574 40.03531 40.80056 41.55251
17.83211 17.61255 17.4029 17.24108 17.01225 16.80147 16.63615 16.51117 16.43323 16.40224 16.41932 16.4995 16.65993 16.92138 17.29288 17.75778 18.15958 18.30742 18.35376 18.43243 18.60804 18.79292 18.89639 18.99873 19.14297 19.22873 19.18934 19.11387 19.07683 19.07228 19.05339 18.92278 18.64328 18.33597 17.94437 17.46907 17.03571 16.58699 16.17571 15.80311 15.44841 15.14435 14.94498 14.83681 14.86171 15.00228 15.22822 15.5916 16.04557 16.54263 17.0997 17.66624 18.15956 19.58692 25.15166 30.71978 34.88694 36.96014 37.74141 39.40764 40.97268 42.11076
18.50739 18.26228 18.04317 17.85921 17.54482 17.26413 17.0427 16.87613 16.77999 16.74311 16.74726 16.8082 16.94117 17.19174 17.56867 18.01729 18.28563 18.34912 18.33614 18.319 18.33014 18.32519 18.29833 18.30213 18.33652 18.32743 18.30004 18.23015 18.21727 18.30496 18.37058 18.36489 18.30277 18.17572 17.90528 17.60861 17.25451 16.85076 16.45531 16.0794 15.69794 15.37088 15.15971 15.02221 15.00765 15.12019 15.31633 15.59737 15.99387 16.43629 16.91797 17.43991 17.90585 18.23254 20.76315 26.69419 31.08058 34.07108 36.65157 39.24292 41.84285 42.94768
19.16778 18.97086 18.7836 18.60517 18.17464 17.79708 17.49485 17.2693 17.1233 17.04121 17.01483 17.04261 17.12885 17.35585 17.69185 18.02128 18.24337 18.29676 18.26907 18.21628 18.13175 17.98356 17.84593 17.68252 17.55114 17.44983 17.34195 17.24203 17.23747 17.35472 17.48367 17.59807 17.64515 17.63149 17.5053 17.34034 17.11369 16.81944 16.49902 16.16068 15.8111 15.50628 15.29965 15.14435 15.08457 15.17665 15.35177 15.58842 15.88752 16.25826 16.64517 17.07805 17.51283 17.8192 17.99746 21.66198 27.8216 31.99449 35.59094 39.40611 42.83327 43.54363
19.79568 19.74889 19.65219 19.50501 18.94458 18.45544 18.06297 17.76562 17.53833 17.3697 17.27962 17.22811 17.23928 17.41376 17.65594 17.89535 18.09074 18.1756 18.14331 18.06481 17.87488 17.66557 17.42006 17.14568 16.8921 16.6951 16.53557 16.38891 16.31773 16.42481 16.59689 16.76242 16.87569 16.91774 16.92244 16.8625 16.74908 16.58014 16.37639 16.10781 15.79655 15.5207 15.3215 15.17388 15.07479 15.13527 15.29195 15.51986 15.76089 16.05311 16.38134 16.71362 17.06871 17.35909 17.51105 17.59864 22.60912 29.17158 34.25224 39.29464 42.74208 19.14877
20.26033 20.57714 20.6603 20.5299 19.86613 19.28806 18.80501 18.42506 18.12009 17.8409 17.62958 17.42563 17.31651 17.35835 17.53518 17.72364 17.84037 17.85986 17.88865 17.77763 17.51091 17.215 16.94333 16.65092 16.35438 16.10317 15.90197 15.73413 15.6308 15.66185 15.78167 15.91898 16.07114 16.1717 16.24417 16.25924 16.25031 16.18604 16.05575 15.84977 15.5935 15.3606 15.18531 15.06959 14.98652 15.02748 15.15731 15.36456 15.59758 15.84451 16.10635 16.39464 16.68678 16.9305 17.05756 17.11446 17.2274 25.33195 32.35225 38.60524 18.40915 18.81732
20.67645 21.34632 21.70117 21.55573 20.92104 20.29868 19.71923 19.22819 18.80312 18.42302 18.09511 17.74694 17.49363 17.38596 17.421 17.50388 17.49628 17.4641 17.39575 17.28171 17.09161 16.83387 16.51806 16.15324 15.86151 15.6177 15.39864 15.22666 15.11532 15.08284 15.12965 15.21098 15.31945 15.41714 15.50263 15.57811 15.6081 15.60179 15.53901 15.40327 15.231 15.07184 14.96193 14.89222 14.85376 14.90125 15.0236 15.19197 15.39032 15.61885 15.83529 16.07534 16.35086 16.5793 16.67963 16.72034 16.90657 18.58151 29.04792 37.39055 18.11973 18.54118
21.04515 21.98611 22.56869 22.46987 22.00875 21.45005 20.8422 20.27295 19.71321 19.18518 18.68115 18.16998 17.77358 17.5433 17.39903 17.26591 17.18812 17.06307 16.90001 16.79134 16.66271 16.4848 16.19297 15.82177 15.47479 15.16741 14.96577 14.80155 14.67054 14.60886 14.59183 14.61301 14.65898 14.73062 14.79678 14.88562 14.96066 14.9852 14.96663 14.90181 14.80858 14.72841 14.68386 14.65179 14.64521 14.7043 14.83525 15.00718 15.19006 15.39253 15.5868 15.77566 16.01644 16.25969 16.35742 16.37896 16.63486 16.94895 21.32151 34.0426 17.87273 18.25951
21.27899 22.46679 23.27676 23.4913 23.24689 22.74491 22.06317 21.43314 20.80732 20.17397 19.48305 18.79662 18.24708 17.83517 17.49902 17.20928 16.97581 16.78288 16.55443 16.4225 16.36569 16.21258 15.94698 15.58499 15.25475 14.93754 14.67628 14.47762 14.34757 14.26076 14.20912 14.18401 14.17181 14.20356 14.23815 14.27669 14.33691 14.395 14.42156 14.41183 14.37609 14.33497 14.33243 14.34878 14.38314 14.45881 14.58805 14.77359 14.98002 15.17187 15.35733 15.53085 15.71662 15.93788 16.05992 16.14204 16.42002 16.76751 17.05365 17.32392 17.66124 17.99766
21.4733 22.83367 24.03101 24.73835 24.73284 24.24685 23.46792 22.74377 21.99725 21.25186 20.44393 19.6393 18.93818 18.38056 17.90651 17.47219 17.08108 16.73363 16.45375 16.28451 16.15952 16.04937 15.85134 15.54143 15.22175 14.92285 14.66405 14.42583 14.23391 14.12183 14.04117 13.96815 13.91646 13.89271 13.87875 13.87083 13.89895 13.95049 13.99122 14.00921 14.00311 14.00014 14.03666 14.09307 14.15724 14.25397 14.38492 14.54449 14.75317 14.96615 15.1635 15.34561 15.50129 15.66574 15.78295 15.92863 16.22977 16.61906 16.96057 17.21396 17.49835 17.72363
21.75938 23.29851 24.85956 26.01997 26.45201 26.00335 25.14522 24.34759 23.44323 22.54122 21.56117 20.58459 19.76842 19.06842 18.47593 17.95572 17.46227 16.98546 16.56562 16.27361 16.10772 16.00726 15.85715 15.62566 15.36544 15.09692 14.84994 14.59842 14.35635 14.19823 14.07358 13.94706 13.84817 13.75926 13.69131 13.64086 13.61634 13.62393 13.64882 13.67274 13.69404 13.72207 13.77832 13.85575 13.942 14.05836 14.20087 14.36209 14.55482 14.7872 15.00546 15.19944 15.35648 15.48973 15.59188 15.79895 16.10857 16.49037 16.86893 17.14069 17.33083 17.39852
21.75626 23.48612 25.44214 26.97351 27.83636 27.81323 27.18853 26.41511 25.31152 24.15446 22.95941 21.80111 20.79588 19.91722 19.16087 18.50828 17.97178 17.43975 16.90706 16.45707 16.19621 16.02696 15.87806 15.72133 15.52121 15.31418 15.11299 14.85441 14.57318 14.37744 14.22632 14.05769 13.91302 13.76496 13.64057 13.54125 13.46224 13.417 13.40847 13.42252 13.44789 13.48202 13.54265 13.62761 13.72426 13.85667 14.02074 14.20122 14.39287 14.62479 14.86341 15.06888 15.23695 15.35583 15.43959 15.71968 16.05698 16.43876 16.78406 17.01283 17.11124 17.07332
21.45432 23.21214 25.424 27.28724 28.72281 29.59341 29.56927 28.95194 27.67087 26.23298 24.7476 23.3245 22.11401 21.03993 20.10266 19.29559 18.70269 18.15906 17.55509 16.99407 16.63593 16.36072 16.13077 15.99008 15.8248 15.65576 15.49146 15.24447 14.92355 14.68054 14.51129 14.30666 14.11872 13.91655 13.73124 13.58175 13.45469 13.35491 13.29987 13.28158 13.28609 13.30474 13.34661 13.4224 13.51799 13.64832 13.82062 14.03536 14.25755 14.48959 14.74095 14.95703 15.13338 15.2524 15.33658 15.70178 16.08763 16.48574 16.79158 16.9337 16.90306 16.69939
20.96891 22.87217 25.38367 27.68851 29.76322 31.58389 32.48612 32.20236 30.73651 29.00793 27.27234 25.5758 24.13788 22.86159 21.68693 20.68281 19.95917 19.34358 18.6967 18.09298 17.63737 17.26092 16.96014 16.75613 16.55109 16.33328 16.14299 15.89978 15.54036 15.20268 14.97057 14.71312 14.46736 14.21852 13.97575 13.77834 13.60816 13.45764 13.35175 13.29201 13.26282 13.25386 13.26325 13.31053 13.39427 13.51096 13.66379 13.87327 14.13076 14.38013 14.63591 14.85885 15.03805 15.16568 15.29764 15.70668 16.12141 16.55484 16.87638 16.91853 16.73335 16.40884
20.44025 22.35339 25.00938 27.79695 30.58283 33.21706 35.18027 35.70552 34.40404 32.63502 30.75581 28.81531 27.15381 25.51035 24.05191 22.84321 21.9033 21.12024 20.33641 19.62768 19.08444 18.61409 18.24439 17.98533 17.7242 17.44698 17.18151 16.88263 16.45843 16.00278 15.63247 15.28231 14.9457 14.63819 14.34268 14.0878 13.87652 13.68071 13.52594 13.43008 13.36281 13.31439 13.28325 13.29211 13.34768 13.44394 13.57594 13.74739 14.00483 14.27906 14.53966 14.76956 14.94532 15.0721 15.25483 15.6725 16.1083 16.54697 16.88611 16.84418 16.50706 16.06126
19.81734 21.62188 23.99584 26.9942 30.22209 33.43678 36.20679 37.95198 38.05742 37.01253 35.30707 33.21279 31.45973 29.52777 27.53732 25.90943 24.74046 23.68241 22.61675 21.67887 20.96656 20.38267 19.92676 19.64245 19.44771 19.14166 18.76857 18.33755 17.77511 17.18534 16.58375 16.03517 15.56138 15.148 14.78442 14.46341 14.19832 13.9608 13.75674 13.61834 13.51251 13.42278 13.35416 13.33073 13.35033 13.42275 13.53744 13.67681 13.88527 14.16984 14.44194 14.68044 14.85971 14.98936 15.21834 15.63483 16.08581 16.53474 16.80141 16.68169 16.22929 15.71402
19.10163 20.75418 22.85697 25.96327 29.19853 32.60201 35.83999 38.73032 40.78148 41.31363 40.40346 38.69192 37.24427 35.28587 32.62254 30.59789 28.96269 27.60954 26.18848 24.79498 23.69457 22.90362 22.34335 22.01918 21.91212 21.82076 21.41644 20.81775 20.06387 19.10885 18.12857 17.21836 16.45623 15.82271 15.32347 14.91739 14.5771 14.28832 14.03641 13.85073 13.70435 13.56854 13.45892 13.40453 13.39093 13.43699 13.53462 13.65702 13.81604 14.06902 14.35338 14.60182 14.79405 14.93432 15.21665 15.6516 16.07502 16.49961 16.73661 16.53869 16.01006 15.4599
18.36261 19.86223 21.75733 24.63864 27.79977 31.32531 34.99826 38.74613 41.97377 43.72985 43.79321 43.17749 42.56919 41.2384 38.89238 37.09127 35.16168 33.55013 31.83657 29.8071 27.97223 26.70037 25.93063 25.4033 25.34645 25.53939 25.27792 24.5786 23.58445 22.19618 20.79157 19.28168 17.93524 16.86709 16.09678 15.52879 15.06491 14.68419 14.36899 14.12157 13.93058 13.74517 13.59061 13.49976 13.45377 13.47433 13.55538 13.66392 13.80687 14.01083 14.29642 14.5577 14.76309 14.91532 15.22325 15.6822 16.06824 16.43566 16.61497 16.34898 15.76477 15.18422
17.63832 18.90472 20.56004 23.04492 26.15468 29.47391 33.02868 36.94078 40.68014 43.44047 44.73262 45.03916 45.00044 45.22139 45.19327 44.96571 43.9075 41.93989 40.06453 37.49963 34.57679 32.31991 30.88255 30.06425 29.7709 29.95437 30.0508 29.15867 28.34992 26.86271 24.70187 22.4351 20.20575 18.48326 17.31293 16.46967 15.7441 15.19404 14.77371 14.44255 14.19248 13.95311 13.74673 13.60965 13.52555 13.51783 13.58295 13.68246 13.82267 13.99627 14.26331 14.54204 14.76417 14.93094 15.22132 15.67482 16.0504 16.33696 16.40722 16.07705 15.528 15.0036
17.00621 18.06851 19.41218 21.42204 24.29104 27.39884 30.89734 34.65161 38.60381 42.18496 44.38745 44.92354 45.18282 46.79449 49.84764 53.42009 54.98195 52.95758 50.81898 47.99956 43.62016 39.64435 36.98455 35.32545 34.59159 34.80259 35.14217 34.44344 33.64916 32.27921 29.39679 26.35711 23.17457 20.61881 18.8999 17.65906 16.61704 15.83724 15.26497 14.82237 14.4909 14.19186 13.92864 13.73389 13.59637 13.54478 13.58379 13.68152 13.8265 14.00114 14.24894 14.54829 14.80011 14.99673 15.26564 15.65114 15.97359 16.21 16.26106 15.92846 15.39482 14.89604
16.43307 17.38049 18.55166 20.2342 22.56753 25.51923 28.72769 32.0034 35.71919 39.48341 41.69097 42.46872 43.2328 45.98991 50.8498 58.12648 62.94852 62.45142 61.18834 58.52121 52.58146 46.65246 42.32463 39.37091 37.9612 37.95856 38.19294 37.15156 36.38055 35.43789 32.27659 28.99398 25.38496 22.30742 20.16493 18.62254 17.42162 16.50292 15.77193 15.18923 14.76555 14.41337 14.10944 13.8619 13.66483 13.55309 13.54763 13.63754 13.79531 13.99512 14.23133 14.53397 14.81334 15.04483 15.31744 15.67288 15.88981 16.04452 16.07436 15.78244 15.31521 14.87417
