py_wake/examples/data/AJ_ParqueFicticio/Ridge area   Sector 2   Height 200m   Turbulence intensity.grd
DSAA
90  129
 262878   265103
 6504214   6507414
 12.33158   100
[rows 28 to 55 of 129, columns 0 to 61 of 90]
37.91856 37.08102 36.16331 35.32632 34.51005 33.68752 32.92905 32.23635 31.6648 31.34996 31.3631 31.67653 32.29056 33.09315 33.96301 35.01435 35.97002 36.78361 37.46444 37.96741 38.06551 37.94693 37.71329 37.13241 36.42138 35.38523 33.89646 32.12294 30.1708 28.3362 26.79176 25.46036 24.25073 23.2314 22.43092 21.78297 21.25227 20.86831 20.49646 20.23875 20.12545 20.02518 19.95278 20.04146 20.39886 20.96562 21.73948 22.93154 24.57351 26.65008 29.40987 32.61262 35.91123 39.4912 43.34277 47.3101 51.71608 56.01508 76.16551 78.09106 78.49912 78.43414
38.57105 37.5833 36.59834 35.72954 34.85394 33.95261 33.09893 32.27031 31.53306 31.06798 31.03637 31.39622 31.98749 32.74277 33.64614 34.78888 35.91238 36.93358 37.87309 38.60424 38.98403 39.27561 39.49752 39.30266 38.9095 38.26213 36.77117 34.7714 32.55999 30.49803 28.74862 27.20602 25.82164 24.55622 23.49315 22.68159 21.99976 21.46851 20.9841 20.59192 20.32557 20.07663 19.8777 19.93034 20.34996 21.01382 21.90954 23.2066 24.98187 27.21371 30.16407 33.55814 36.94765 40.50161 44.24766 48.03521 52.50689 56.75336 78.5443 79.63921 78.76446 78.34958
39.3528 38.20781 37.14167 36.22222 35.29425 34.37157 33.48026 32.58085 31.71707 31.11443 31.07013 31.38695 31.89532 32.50203 33.24847 34.32305 35.47416 36.63084 37.76844 38.67356 39.15392 39.78629 40.38551 40.4602 40.45462 40.2988 38.90865 36.73151 34.47377 32.34192 30.44897 28.87555 27.50246 26.00878 24.64741 23.60862 22.77307 22.05923 21.40705 20.85218 20.40661 19.96947 19.649 19.68886 20.10322 20.84624 21.91923 23.33769 25.262 27.65992 30.71647 34.16346 37.53015 40.98975 44.61309 48.19077 52.24273 56.02147 79.58916 79.34907 76.67819 76.40389
40.42889 39.12966 37.95207 36.97089 35.98455 35.0295 34.13171 33.26074 32.42495 31.82077 31.66752 31.75852 32.02551 32.44794 33.00425 33.89309 34.95153 36.0318 36.97944 37.66788 38.20026 38.78341 39.25389 39.37379 39.55539 39.49753 38.49245 36.78444 35.02715 33.21082 31.41714 29.79088 28.30197 26.81232 25.45609 24.30917 23.35673 22.5092 21.71478 21.02273 20.44011 19.88168 19.5274 19.54163 19.89639 20.61604 21.81199 23.34929 25.34863 27.80165 30.81329 34.23341 37.56893 40.90263 44.42237 47.79617 51.17871 54.60338 78.9379 76.87125 71.07232 75.03114
41.66233 40.1897 38.8736 37.79771 36.75102 35.79136 34.93459 34.15309 33.42477 32.85683 32.57142 32.44404 32.44899 32.63086 33.00016 33.68915 34.57795 35.33072 35.8354 36.28354 36.70277 36.96029 37.11929 37.22014 37.29792 37.18263 36.59448 35.53586 34.35115 33.03589 31.47612 29.90837 28.41902 27.12533 25.94488 24.82575 23.80209 22.8541 21.95038 21.16251 20.47335 19.84484 19.50894 19.47957 19.76307 20.42449 21.5694 23.17896 25.17008 27.62762 30.55749 33.89626 37.21681 40.50608 43.95814 47.20059 50.12597 53.61119 55.64255 72.46497 65.4923 73.25768
43.07107 41.38234 39.88588 38.67872 37.53242 36.5358 35.69755 34.9973 34.38372 33.85742 33.44497 33.13086 32.93634 32.93794 33.1688 33.63992 34.30852 34.61889 34.67767 34.83803 34.97941 35.00381 34.95266 34.85049 34.81437 34.73978 34.28816 33.51862 32.766 31.76995 30.60266 29.45922 28.16616 27.05571 26.06983 25.00509 23.97524 23.0107 22.0728 21.23621 20.45126 19.76442 19.44296 19.38187 19.59513 20.21249 21.21655 22.78306 24.75374 27.11456 29.84194 33.00726 36.36845 39.79726 43.21919 46.35698 49.1981 52.67406 54.68848 59.13907 63.00763 71.22275
44.6529 42.68635 40.95889 39.57165 38.24353 37.14556 36.26727 35.54912 34.96259 34.45472 33.95727 33.51737 33.20234 33.11452 33.28671 33.64829 33.90174 33.85079 33.66402 33.50082 33.40551 33.2382 32.9073 32.59621 32.42305 32.17582 31.65472 30.92504 30.09184 29.28098 28.52761 27.69236 26.77111 25.98678 25.1619 24.24718 23.46181 22.58869 21.7615 20.99375 20.1895 19.53365 19.24692 19.16085 19.30546 19.85914 20.71009 22.11197 23.92181 26.05956 28.61333 31.60172 35.03459 38.68571 42.22628 45.52132 48.67093 52.14003 54.87561 56.60852 61.03095 69.03705
46.19056 43.96539 42.04438 40.46961 38.86773 37.56991 36.53787 35.71048 35.05676 34.49265 33.95877 33.48857 33.11975 32.98104 33.08356 33.29863 33.23173 32.94756 32.71887 32.47144 32.15706 31.6828 31.10042 30.52142 29.99621 29.40456 28.7472 27.88485 26.98564 26.29858 25.64557 24.97233 24.38898 23.85426 23.20756 22.63607 22.06992 21.44274 20.84657 20.2888 19.63016 19.09412 18.86378 18.76776 18.85151 19.29956 20.04288 21.21671 22.85818 24.74878 26.98351 29.74726 33.12779 36.99473 41.0594 45.06323 48.76601 52.40297 55.96332 56.58989 59.47784 66.94007
47.55559 45.24702 43.20901 41.46688 39.52087 37.95996 36.72131 35.74707 34.9695 34.30422 33.72963 33.21011 32.75674 32.55482 32.53935 32.5079 32.36618 32.07257 31.724 31.46683 31.03096 30.3602 29.59771 28.68821 27.78543 26.93351 26.04185 25.0845 24.18899 23.54121 23.00123 22.50454 22.05424 21.63445 21.17621 20.77356 20.40615 20.02851 19.67977 19.30631 18.86125 18.48549 18.30536 18.20094 18.20343 18.54297 19.23886 20.28465 21.63556 23.28752 25.23096 27.75744 31.04592 35.11201 39.76548 44.67368 49.29942 53.40825 57.02962 57.41803 58.01038 64.07747
48.694 46.52163 44.45686 42.53666 40.22786 38.39006 36.94039 35.81256 34.89445 34.09441 33.4212 32.76218 32.1835 31.87615 31.70664 31.56729 31.42408 31.18234 30.84631 30.42164 29.80684 29.08795 28.18538 27.11454 26.0033 24.95669 23.96722 22.97156 22.03556 21.41685 20.97317 20.55785 20.1549 19.7802 19.46582 19.16802 18.9095 18.71261 18.56871 18.34988 18.02185 17.72926 17.56229 17.46357 17.41873 17.63347 18.31172 19.26829 20.41629 21.84243 23.6248 25.8361 28.97193 33.2096 38.38514 44.24391 50.04399 55.14143 58.81216 59.05668 56.4291 65.06806
49.40637 47.69965 45.70546 43.554 40.97221 38.93644 37.30643 36.01521 34.94527 33.96772 33.11581 32.23045 31.4957 31.02287 30.79888 30.62656 30.38882 30.06087 29.77018 29.29221 28.56505 27.70913 26.79325 25.73992 24.60798 23.499 22.47211 21.5075 20.62717 19.97309 19.50232 19.08469 18.72177 18.39755 18.13582 17.89838 17.72908 17.62162 17.52818 17.36308 17.1117 16.86056 16.70065 16.63281 16.61302 16.79134 17.36805 18.21121 19.23459 20.47758 22.07711 24.13463 27.08874 31.4154 37.11847 43.94979 51.31322 57.87631 61.40363 60.71235 54.43328 54.65743
49.8586 48.60066 46.73744 44.2789 41.66968 39.53783 37.74464 36.28252 35.03134 33.91418 32.88573 31.81767 30.92955 30.30763 29.91998 29.60901 29.21521 28.82331 28.369 27.87776 27.28209 26.53932 25.61447 24.48293 23.41866 22.35995 21.35464 20.44658 19.63518 18.95828 18.44074 18.00546 17.62216 17.32737 17.07985 16.89222 16.73942 16.64874 16.57578 16.44097 16.25159 16.0548 15.94947 15.91629 15.92916 16.10783 16.56132 17.18823 18.05264 19.21003 20.62966 22.54118 25.42713 29.82322 35.92371 43.85347 53.1096 61.23516 64.59461 61.00598 51.20491 48.16638
49.82327 49.04253 47.47016 44.96985 42.355 40.19993 38.2812 36.67902 35.2542 33.95628 32.70982 31.47223 30.45327 29.71232 29.10727 28.52636 28.07284 27.57835 27.02043 26.55612 26.0751 25.46842 24.60003 23.50794 22.38301 21.33636 20.40789 19.5574 18.76699 18.10622 17.57304 17.12684 16.73976 16.47916 16.25607 16.0856 15.96621 15.87769 15.80616 15.70298 15.56189 15.41605 15.33314 15.29921 15.29843 15.43886 15.79214 16.31565 17.04951 18.07267 19.33736 21.03415 23.87599 28.38265 34.6781 43.46521 55.02612 65.5256 68.19228 60.34834 46.61546 44.08177
48.95268 48.85189 47.80107 45.79925 43.38227 40.99994 38.88394 37.15378 35.56004 34.08158 32.63482 31.24848 30.10767 29.18139 28.37608 27.65903 27.05103 26.5166 25.93418 25.49569 25.10835 24.51437 23.68995 22.63584 21.57592 20.50708 19.62068 18.80732 18.06709 17.40672 16.9154 16.47647 16.12257 15.90521 15.70323 15.48323 15.36244 15.32505 15.27594 15.18765 15.05259 14.88674 14.79532 14.78385 14.79467 14.88776 15.14013 15.61093 16.23435 17.07704 18.2281 19.83797 22.46105 26.84222 33.2141 42.60823 56.29317 70.06622 71.9901 58.5957 42.31938 42.77731
47.39952 48.26169 48.13109 46.90944 44.66088 42.09615 39.61998 37.66518 35.92379 34.31206 32.69022 31.1629 29.90379 28.84618 27.92027 27.0962 26.38929 25.76798 25.21841 24.76 24.28617 23.76134 23.03515 22.09073 21.08935 20.09694 19.21089 18.42478 17.68161 17.0368 16.58471 16.15479 15.86741 15.64282 15.41075 15.19012 15.09119 15.05768 14.98784 14.87555 14.71225 14.57968 14.51818 14.50711 14.49407 14.55078 14.73542 15.05458 15.5871 16.3233 17.38899 18.92959 21.27781 25.31151 31.59068 41.23839 56.18512 73.41083 75.01849 55.86451 38.38108 40.98618
45.47288 47.31772 48.19031 47.75306 45.98687 43.314 40.67076 38.50087 36.44171 34.63971 32.8529 31.19901 29.83741 28.66646 27.66179 26.79358 26.05327 25.36422 24.70606 24.13296 23.66832 23.22784 22.61547 21.82977 20.94528 20.03506 19.20848 18.45024 17.67754 17.04067 16.57856 16.1588 15.87563 15.60595 15.33947 15.14312 15.01542 14.9179 14.80328 14.66829 14.53978 14.44024 14.36133 14.31977 14.28631 14.32062 14.47012 14.71913 15.12597 15.78243 16.73932 18.14719 20.29187 23.92304 29.76493 38.975 53.88366 72.74715 75.73772 53.32833 37.46576 38.3083
42.69977 45.34642 47.29005 47.70714 46.60588 44.46642 42.06147 39.84624 37.51624 35.34164 33.2987 31.4727 29.95803 28.64818 27.5212 26.56359 25.8366 25.16254 24.43867 23.72908 23.24199 22.79032 22.26194 21.67416 20.93603 20.14984 19.42442 18.67142 17.84712 17.20212 16.74962 16.34956 16.04939 15.74076 15.44748 15.23434 15.055 14.87663 14.71275 14.58389 14.46929 14.35099 14.23491 14.15759 14.10201 14.13287 14.27959 14.49796 14.81988 15.37008 16.19356 17.42352 19.33603 22.49084 27.70583 36.16228 50.2566 69.08405 73.60204 53.17385 39.83182 41.08868
39.33807 42.28642 44.96147 46.41681 46.4742 45.5564 43.77241 41.61501 39.05563 36.58497 34.24922 32.14607 30.42822 28.97143 27.71966 26.64752 25.90594 25.27205 24.52666 23.77677 23.27839 22.78916 22.22688 21.7707 21.18187 20.51902 19.89766 19.14772 18.27278 17.60035 17.18164 16.78404 16.43575 16.07943 15.73415 15.47412 15.24342 14.99697 14.77954 14.61963 14.46992 14.30141 14.13166 14.03407 13.98474 14.00834 14.14316 14.35214 14.6247 15.05026 15.74395 16.76488 18.39678 21.08293 25.61514 33.13224 45.70311 62.87033 69.27258 54.59429 45.49112 51.52559
36.03482 39.12597 42.42945 45.0558 46.45244 46.80601 45.93558 43.95549 41.18911 38.49897 36.00637 33.7094 31.82784 30.23522 28.80585 27.60363 26.75654 26.06172 25.35055 24.72303 24.24896 23.78275 23.34371 22.96056 22.44464 21.79458 21.08414 20.31498 19.42241 18.60341 18.04765 17.56689 17.10555 16.67533 16.25359 15.91615 15.63214 15.32158 15.04202 14.82788 14.61667 14.38886 14.18678 14.07777 14.01705 14.01282 14.08322 14.24824 14.47723 14.81401 15.36843 16.18126 17.5213 19.74991 23.49503 29.7271 39.73744 54.25838 63.15242 56.2519 53.25527 61.86494
33.10169 35.93071 39.31608 42.81128 45.60309 47.19899 47.46686 46.20629 43.6706 41.10275 38.638 36.27426 34.33629 32.53788 30.9812 29.68855 28.63831 27.80224 27.04195 26.44179 26.04769 25.70197 25.41558 25.15281 24.67652 23.96171 23.12517 22.2514 21.28372 20.28663 19.44916 18.77562 18.11114 17.53732 17.02067 16.55244 16.16795 15.78778 15.42935 15.14471 14.87639 14.59402 14.35756 14.20665 14.09548 14.05874 14.07262 14.15104 14.3264 14.60149 15.04226 15.68748 16.71796 18.45776 21.35558 26.05076 33.59154 44.69675 54.49208 55.52501 57.207 60.18159
30.50062 32.86298 35.77444 39.2557 42.81565 45.41449 46.80174 46.93641 45.88482 44.12461 41.95343 39.61529 37.75585 35.91471 34.02887 32.41779 31.15328 30.03753 29.09562 28.45589 28.16171 28.02679 27.91612 27.79725 27.51635 26.76926 25.73768 24.6518 23.55747 22.4444 21.32563 20.3176 19.44604 18.64604 17.96136 17.3316 16.78069 16.29656 15.82994 15.45019 15.13101 14.80191 14.53159 14.3442 14.18542 14.09391 14.06132 14.07004 14.17222 14.41072 14.76988 15.28244 16.05174 17.35951 19.51529 22.89361 28.43724 36.41595 44.06935 47.8412 48.06597 43.92414
28.00546 30.14401 32.6053 35.80244 39.30829 42.41714 44.74144 46.35046 47.22286 46.85368 45.37707 43.47783 41.98064 40.27393 37.937 35.98981 34.1713 32.72449 31.63891 30.90626 30.58216 30.54523 30.57992 30.5713 30.42057 29.92589 28.87369 27.62776 26.33499 24.95249 23.59129 22.31021 21.1441 20.03319 19.07735 18.27376 17.52003 16.8513 16.24549 15.74522 15.37375 14.99823 14.6861 14.45861 14.25368 14.10111 14.02339 14.00915 14.0518 14.25486 14.56202 14.97861 15.54892 16.48474 18.06667 20.42939 24.05075 29.22965 34.49527 36.87409 34.66225 29.21167
25.87696 27.6731 29.96877 32.59546 35.70895 39.08038 42.16249 44.92772 47.04371 47.81707 47.23354 46.28548 45.54057 44.45515 42.46938 40.48458 38.09956 36.18858 34.81506 33.80505 33.22644 33.09597 33.16475 33.08795 33.03574 32.82031 31.97247 30.72712 29.24686 27.68967 26.23338 24.67853 23.1274 21.66896 20.43626 19.41919 18.43314 17.49047 16.70345 16.04717 15.59296 15.16381 14.8002 14.52654 14.27606 14.0697 13.95601 13.93761 13.9734 14.13015 14.40207 14.74601 15.17261 15.80653 16.87661 18.39525 20.48573 23.38755 26.13128 26.51888 23.84342 20.37197
24.13851 25.48986 27.36574 29.73077 32.47709 35.54098 38.64666 41.8341 44.60637 46.48069 47.07747 46.88802 46.64254 46.88993 46.81558 45.66693 43.20158 40.38561 38.53253 37.17825 36.15593 35.62551 35.42116 35.31921 35.20763 35.09448 34.69694 33.54828 32.379 30.9438 29.13939 27.2846 25.27098 23.45994 22.03141 20.81264 19.46205 18.2291 17.21949 16.39322 15.8044 15.29303 14.86414 14.5359 14.23441 13.98475 13.86007 13.8495 13.88922 14.00975 14.24424 14.54207 14.86758 15.27229 15.87661 16.72481 17.78232 19.07386 20.02984 19.67237 18.09902 16.54062
22.77986 23.80332 25.21025 27.12052 29.68673 32.47502 35.47094 38.51491 41.5314 44.27922 45.77977 45.83374 45.91165 47.37704 49.8885 51.44349 49.56844 45.41319 42.6167 40.80579 39.12828 37.90977 37.24397 36.85628 36.69669 36.84782 36.88768 36.22567 35.42719 34.25837 32.20925 30.07381 27.60778 25.30598 23.51984 21.99614 20.38379 18.93303 17.73467 16.74943 15.99545 15.38074 14.87961 14.48704 14.12588 13.84786 13.72907 13.72646 13.7758 13.87928 14.07531 14.33806 14.58473 14.84477 15.15601 15.4946 15.92503 16.42975 16.74407 16.36988 15.57265 14.97497
21.67607 22.54928 23.68877 25.29178 27.38231 29.87531 32.66596 35.13696 37.8301 40.59385 42.16453 42.5585 43.1105 45.47554 49.38159 53.85261 53.20387 48.69921 45.52066 43.28788 40.92108 39.04219 37.81928 37.01316 36.72654 37.01445 37.31417 36.81755 36.46669 35.80683 33.75837 31.59672 28.95352 26.27637 24.13301 22.36415 20.7436 19.30756 18.01742 16.88826 16.02502 15.34914 14.8108 14.37388 13.97044 13.70008 13.592 13.58347 13.63853 13.72985 13.88774 14.08812 14.26932 14.42828 14.58933 14.70018 14.78465 14.90383 14.98272 14.82475 14.57182 14.35312
20.80911 21.55009 22.52759 23.98489 25.71272 27.85114 30.08463 32.10267 34.09206 35.76593 36.75254 37.35527 38.24549 40.35806 43.47381 46.4604 47.50163 46.00892 44.13291 42.10776 39.82336 38.01431 36.67647 35.7285 35.1197 35.11056 35.20461 34.56561 34.0573 33.20182 31.37578 29.38792 27.36781 25.27808 23.54209 21.94067 20.38148 19.00535 17.78351 16.73669 15.88287 15.18103 14.65318 14.22225 13.833 13.60528 13.49281 13.45465 13.48527 13.56456 13.67726 13.81417 13.93572 14.01986 14.09938 14.12838 14.13328 14.14608 14.17827 14.16336 14.08559 13.95962
20.33419 20.85565 21.5718 22.71032 24.3561 26.1899 27.98202 29.63177 31.09682 32.13462 32.57178 32.66397 33.16785 34.72633 36.99243 39.23793 40.46908 40.66005 40.12235 38.96443 37.50357 36.00115 34.83372 33.88955 32.99821 32.43911 31.90884 31.29231 30.50422 29.35358 27.9506 26.21278 24.6355 23.31423 22.12948 20.89916 19.51199 18.30768 17.28526 16.39006 15.62456 14.98279 14.49077 14.0689 13.73342 13.5405 13.41945 13.35644 13.3557 13.40322 13.48127 13.57382 13.64712 13.68472 13.70523 13.70807 13.69658 13.69416 13.72769 13.74057 13.7066 13.63591
