py_wake/examples/data/AJ_ParqueFicticio/Ridge area   Sector 2   Height 200m   Turbulence intensity.grd
DSAA
90  129
 262878   265103
 6504214   6507414
 12.33158   100
[rows 84 to 111 of 129, columns 0 to 61 of 90]
18.14596 17.86458 17.62311 17.47337 17.3569 17.26735 17.31757 17.45668 17.47591 17.31755 17.24444 17.28839 17.36582 17.62798 18.19166 18.87258 19.47827 19.86206 19.95873 19.88131 20.14052 20.43011 20.4788 20.11054 19.30779 18.37159 17.67748 17.21399 16.81923 16.65051 16.5067 16.1833 15.76915 15.3525 14.98746 14.69209 14.40535 14.06894 13.74431 13.47663 13.25988 13.11032 13.03098 13.00555 13.04919 13.15142 13.30154 13.5123 13.84519 14.18213 14.60106 15.08766 15.59112 16.15274 16.74633 17.36724 17.9371 18.47685 18.92932 19.3446 19.66524 19.78349
17.36995 17.08941 16.8977 16.7532 16.59642 16.61088 16.76587 16.9066 16.92026 16.86477 16.94806 17.22117 17.67119 18.2338 18.82419 19.39705 19.98908 20.50265 20.94127 21.25244 21.47656 21.59432 21.40241 20.65009 19.4464 18.12814 17.0255 16.25813 15.70074 15.4101 15.1489 14.90727 14.74361 14.6049 14.45951 14.30582 14.10014 13.81798 13.55539 13.33123 13.15957 13.06175 13.03285 13.04612 13.11409 13.23184 13.40343 13.64108 13.94724 14.25463 14.63663 15.05078 15.47641 15.95658 16.46942 17.01015 17.4894 17.99492 18.51929 19.0947 19.62594 20.00299
16.73209 16.50254 16.3497 16.20895 16.08584 16.18479 16.41501 16.66 16.81961 16.93215 17.27098 17.82631 18.49923 19.20051 19.9452 20.56508 21.07019 21.6867 22.39515 23.02154 23.56484 23.75443 23.39063 22.03638 20.21526 18.3423 16.76921 15.71103 15.0571 14.70109 14.4541 14.29634 14.20599 14.1194 14.04525 13.96293 13.81682 13.60426 13.41001 13.23679 13.1236 13.08667 13.1131 13.18014 13.28907 13.43992 13.63487 13.86382 14.12364 14.39976 14.74331 15.09265 15.46276 15.87187 16.29367 16.72593 17.08736 17.53295 18.0733 18.70318 19.34892 19.96434
16.2371 16.07399 15.98164 15.90932 15.91877 16.16022 16.52022 16.90321 17.26227 17.64002 18.20058 18.90908 19.70855 20.56019 21.46123 22.25729 22.87014 23.42545 24.08231 24.97549 25.82327 26.32361 25.72865 23.44845 20.85646 18.49329 16.4435 15.2371 14.5924 14.25547 14.04896 13.91395 13.79874 13.7116 13.67693 13.64083 13.55661 13.42592 13.30286 13.19467 13.14578 13.17463 13.26796 13.39696 13.5503 13.71929 13.91203 14.12642 14.35722 14.6206 14.93357 15.23819 15.55886 15.87965 16.19858 16.5147 16.7707 17.10283 17.53613 18.07737 18.64584 19.28666
15.98484 15.90742 15.87428 15.90605 16.09853 16.46648 16.93146 17.46543 18.04996 18.77152 19.62432 20.58062 21.59456 22.63333 23.74606 24.76588 25.70824 26.17725 26.50498 27.19319 28.03411 28.19434 27.25257 24.12105 20.72824 18.0129 15.9341 14.78849 14.21704 13.92311 13.72902 13.58288 13.44637 13.37009 13.36155 13.36665 13.34295 13.29245 13.24285 13.20681 13.22142 13.30975 13.45458 13.62987 13.81891 14.01799 14.23098 14.46022 14.69614 14.95032 15.21761 15.473 15.72283 15.95014 16.17921 16.39174 16.54963 16.75249 17.04214 17.43833 17.8718 18.39147
15.89303 15.90763 15.93404 16.06554 16.45059 17.00904 17.63935 18.3473 19.18729 20.22075 21.43463 22.77656 24.28074 25.78967 27.18378 28.50798 29.82515 29.92052 29.82913 29.87687 30.15119 29.44588 27.57257 23.85669 19.96836 17.1741 15.3921 14.40157 13.91426 13.63973 13.43252 13.26806 13.12856 13.06826 13.07834 13.12244 13.15995 13.19141 13.22411 13.2672 13.35154 13.49793 13.70645 13.95201 14.20785 14.44644 14.66863 14.8899 15.08949 15.31391 15.53603 15.731 15.91261 16.06179 16.21788 16.33731 16.41533 16.51222 16.68244 16.94804 17.27028 17.64544
15.93345 16.05907 16.12254 16.35822 16.94705 17.70427 18.54981 19.42459 20.46737 21.68057 23.17022 24.96248 27.24949 29.65355 31.39725 32.52336 33.55652 33.74434 33.10044 32.74546 31.9795 29.76386 26.79046 22.75746 18.83773 16.35144 14.8739 14.07011 13.66129 13.38496 13.15608 12.97894 12.8604 12.82189 12.84827 12.92404 13.01946 13.13385 13.25227 13.39064 13.56863 13.79927 14.06379 14.34222 14.6202 14.86413 15.08597 15.29404 15.48685 15.69507 15.87503 16.01827 16.14299 16.27055 16.39324 16.44798 16.44203 16.43696 16.50139 16.67706 16.91508 17.18733
16.23331 16.44184 16.63773 17.01602 17.72779 18.63708 19.60962 20.55342 21.65682 22.93087 24.31789 26.13006 28.6668 31.39759 33.01567 33.04602 33.19402 33.05165 31.83495 30.82198 29.31368 25.77262 23.0883 19.89086 17.17754 15.42764 14.37852 13.78614 13.44303 13.17175 12.94252 12.77639 12.68643 12.67508 12.7222 12.82591 12.98009 13.17352 13.38851 13.63216 13.88423 14.14016 14.4294 14.74765 15.06863 15.32187 15.5391 15.74103 15.9267 16.08941 16.23012 16.35813 16.49895 16.66289 16.7687 16.74623 16.64576 16.56327 16.55735 16.65127 16.78257 16.94042
16.93719 17.18453 17.52461 18.11709 18.9009 19.84937 20.91615 21.93492 22.93065 23.83291 24.84155 26.14731 27.54306 28.78049 29.073 28.51663 28.15021 27.11872 25.52937 24.37787 22.39207 20.24061 18.67435 16.9408 15.47507 14.53243 13.93154 13.52484 13.23727 12.99248 12.79373 12.66106 12.60395 12.62317 12.6998 12.83816 13.0479 13.30634 13.60384 13.92813 14.22852 14.54785 14.88924 15.24108 15.57406 15.80381 15.9931 16.16306 16.32464 16.48013 16.64151 16.81983 17.02232 17.21476 17.28764 17.18724 17.00596 16.86214 16.78826 16.76086 16.75935 16.79847
17.90318 18.17395 18.60616 19.20059 20.10973 21.17534 22.32467 23.22773 23.91207 24.19493 24.40897 24.66103 24.82273 24.81843 24.10113 23.26008 22.64475 21.51777 20.21885 19.19459 18.07118 16.93299 15.90185 15.05947 14.42718 13.96268 13.58947 13.28179 13.03841 12.83297 12.68086 12.5924 12.57326 12.62428 12.73534 12.91363 13.16437 13.4692 13.82777 14.21924 14.60752 14.98241 15.35804 15.73554 16.06536 16.29617 16.47237 16.60333 16.74257 16.89397 17.06554 17.2506 17.50694 17.7376 17.7941 17.65551 17.43514 17.22307 17.03726 16.86909 16.75467 16.71472
18.88499 19.26874 19.51464 19.91188 20.60868 21.76335 23.21011 24.00188 23.81126 23.55737 23.1847 22.53799 22.02664 21.39324 20.35644 19.47153 18.68935 17.79377 17.20293 16.55939 15.86147 15.19946 14.68493 14.2894 13.9446 13.62973 13.32289 13.06968 12.87159 12.71447 12.61369 12.5728 12.59719 12.69219 12.84187 13.0611 13.34154 13.675 14.06177 14.48211 14.9102 15.33204 15.74115 16.13756 16.48439 16.71946 16.88281 17.01932 17.17054 17.31711 17.47438 17.6704 17.98534 18.21701 18.28105 18.15425 17.8929 17.60131 17.31023 17.035 16.82253 16.70395
19.5899 19.92616 20.03987 20.18122 20.66587 21.60384 22.45441 22.78927 22.15083 21.62264 21.03741 20.10995 19.3886 18.63606 17.75476 17.00755 16.37156 15.93049 15.55607 15.17741 14.78978 14.42647 14.10864 13.84066 13.59712 13.33993 13.09232 12.90662 12.76547 12.66455 12.61731 12.62542 12.69388 12.8169 12.98536 13.21681 13.49943 13.83295 14.22004 14.6611 15.11725 15.5542 15.98451 16.42454 16.8279 17.09542 17.27452 17.41249 17.54756 17.67124 17.82053 18.03037 18.33352 18.6099 18.69606 18.58436 18.30347 17.96501 17.60807 17.27135 17.00508 16.85114
20.13254 20.24229 20.22797 20.141 20.3465 20.64746 20.85602 20.76245 19.97805 19.37879 18.70798 17.93814 17.25195 16.58538 15.99737 15.52042 15.13776 14.84044 14.58088 14.35477 14.12924 13.89373 13.6532 13.4522 13.27231 13.0787 12.91318 12.79922 12.72001 12.67749 12.68559 12.74305 12.85606 13.00531 13.18983 13.42488 13.70091 14.02294 14.39901 14.82638 15.26837 15.71252 16.18056 16.67346 17.12171 17.42978 17.62291 17.74549 17.87324 18.00567 18.18113 18.37786 18.63471 18.90959 19.01998 18.93878 18.68045 18.3567 17.99846 17.64427 17.34887 17.14548
20.23167 20.16025 19.97362 19.75617 19.63568 19.49702 19.36636 18.93088 18.14435 17.50985 16.88135 16.31059 15.80398 15.34314 14.95206 14.6207 14.36086 14.12344 13.92601 13.76138 13.59426 13.42094 13.25066 13.12541 13.00873 12.89561 12.81144 12.76233 12.74085 12.754 12.82022 12.93111 13.09098 13.26849 13.46851 13.70222 13.95963 14.25237 14.58797 14.96463 15.395 15.85522 16.35719 16.88305 17.3821 17.74116 17.95185 18.08426 18.23484 18.3622 18.49889 18.63444 18.88614 19.16423 19.30042 19.25292 19.0324 18.75261 18.39729 18.00867 17.66574 17.4039
19.45517 19.41313 19.20066 19.02801 18.72491 18.38793 18.09203 17.47797 16.80116 16.23431 15.73453 15.28194 14.89121 14.55081 14.24657 13.99344 13.78727 13.59577 13.43989 13.30425 13.1849 13.07467 12.98882 12.93111 12.87745 12.83749 12.82208 12.8267 12.85367 12.91086 13.01619 13.16338 13.35389 13.56114 13.78337 14.01696 14.24627 14.49596 14.77947 15.11282 15.49752 15.92486 16.41502 16.95347 17.48348 17.91206 18.18374 18.36527 18.54374 18.65877 18.7714 18.88384 19.14834 19.40001 19.5342 19.51647 19.36294 19.12173 18.76423 18.32247 17.91944 17.60544
18.29152 18.18154 18.00859 17.88523 17.53856 17.19164 16.86758 16.33054 15.79535 15.34664 14.95535 14.60095 14.27897 14.00479 13.76221 13.56575 13.39722 13.25024 13.13455 13.03837 12.96804 12.91757 12.89885 12.89886 12.90346 12.92308 12.96009 13.00181 13.05587 13.14127 13.27284 13.44773 13.66515 13.90371 14.14061 14.361 14.54927 14.74558 14.96973 15.23649 15.53622 15.90966 16.36649 16.88977 17.41609 17.87905 18.2099 18.45836 18.6832 18.85338 19.00099 19.13427 19.37528 19.59609 19.72515 19.70934 19.5913 19.37607 19.04537 18.62633 18.22275 17.89711
1.70141E+38 1.70141E+38 1.70141E+38 1.70141E+38 1.70141E+38 1.70141E+38 1.70141E+38 1.70141E+38 1.70141E+38 1.70141E+38 1.70141E+38 1.70141E+38 1.70141E+38 1.70141E+38 1.70141E+38 1.70141E+38 1.70141E+38 1.70141E+38 1.70141E+38 1.70141E+38 1.70141E+38 1.70141E+38 1.70141E+38 1.70141E+38 1.70141E+38 1.70141E+38 1.70141E+38 1.70141E+38 1.70141E+38 1.70141E+38 1.70141E+38 1.70141E+38 1.70141E+38 1.70141E+38 1.70141E+38 1.70141E+38 1.70141E+38 1.70141E+38 1.70141E+38 1.70141E+38 1.70141E+38 1.70141E+38 1.70141E+38 1.70141E+38 1.70141E+38 1.70141E+38 1.70141E+38 1.70141E+38 1.70141E+38 1.70141E+38 1.70141E+38 1.70141E+38 1.70141E+38 1.70141E+38 1.70141E+38 1.70141E+38 1.70141E+38 1.70141E+38 1.70141E+38 1.70141E+38 1.70141E+38 1.70141E+38
1.70141E+38 1.70141E+38 1.70141E+38 1.70141E+38 1.70141E+38 1.70141E+38 1.70141E+38 1.70141E+38 1.70141E+38 1.70141E+38 1.70141E+38 1.70141E+38 1.70141E+38 1.70141E+38 1.70141E+38 1.70141E+38 1.70141E+38 1.70141E+38 1.70141E+38 1.70141E+38 1.70141E+38 1.70141E+38 1.70141E+38 1.70141E+38 1.70141E+38 1.70141E+38 1.70141E+38 1.70141E+38 1.70141E+38 1.70141E+38 1.70141E+38 1.70141E+38 1.70141E+38 1.70141E+38 1.70141E+38 1.70141E+38 1.70141E+38 1.70141E+38 1.70141E+38 1.70141E+38 1.70141E+38 1.70141E+38 1.70141E+38 1.70141E+38 1.70141E+38 1.70141E+38 1.70141E+38 1.70141E+38 1.70141E+38 1.70141E+38 1.70141E+38 1.70141E+38 1.70141E+38 1.70141E+38 1.70141E+38 1.70141E+38 1.70141E+38 1.70141E+38 1.70141E+38 1.70141E+38 1.70141E+38 1.70141E+38
1.70141E+38 1.70141E+38 1.70141E+38 1.70141E+38 1.70141E+38 1.70141E+38 1.70141E+38 1.70141E+38 1.70141E+38 1.70141E+38 1.70141E+38 1.70141E+38 1.70141E+38 1.70141E+38 1.70141E+38 1.70141E+38 1.70141E+38 1.70141E+38 1.70141E+38 1.70141E+38 1.70141E+38 1.70141E+38 1.70141E+38 1.70141E+38 1.70141E+38 1.70141E+38 1.70141E+38 1.70141E+38 1.70141E+38 1.70141E+38 1.70141E+38 1.70141E+38 1.70141E+38 1.70141E+38 1.70141E+38 1.70141E+38 1.70141E+38 1.70141E+38 1.70141E+38 1.70141E+38 1.70141E+38 1.70141E+38 1.70141E+38 1.70141E+38 1.70141E+38 1.70141E+38 1.70141E+38 1.70141E+38 1.70141E+38 1.70141E+38 1.70141E+38 1.70141E+38 1.70141E+38 1.70141E+38 1.70141E+38 1.70141E+38 1.70141E+38 1.70141E+38 1.70141E+38 1.70141E+38 1.70141E+38 1.70141E+38
1.70141E+38 1.70141E+38 1.70141E+38 1.70141E+38 1.70141E+38 1.70141E+38 1.70141E+38 1.70141E+38 1.70141E+38 1.70141E+38 1.70141E+38 1.70141E+38 1.70141E+38 1.70141E+38 1.70141E+38 1.70141E+38 1.70141E+38 1.70141E+38 1.70141E+38 1.70141E+38 1.70141E+38 1.70141E+38 1.70141E+38 1.70141E+38 1.70141E+38 1.70141E+38 1.70141E+38 1.70141E+38 1.70141E+38 1.70141E+38 1.70141E+38 1.70141E+38 1.70141E+38 1.70141E+38 1.70141E+38 1.70141E+38 1.70141E+38 1.70141E+38 1.70141E+38 1.70141E+38 1.70141E+38 1.70141E+38 1.70141E+38 1.70141E+38 1.70141E+38 1.70141E+38 1.70141E+38 1.70141E+38 1.70141E+38 1.70141E+38 1.70141E+38 1.70141E+38 1.70141E+38 1.70141E+38 1.70141E+38 1.70141E+38 1.70141E+38 1.70141E+38 1.70141E+38 1.70141E+38 1.70141E+38 1.70141E+38
1.70141E+38 1.70141E+38 1.70141E+38 1.70141E+38 1.70141E+38 1.70141E+38 1.70141E+38 1.70141E+38 1.70141E+38 1.70141E+38 1.70141E+38 1.70141E+38 1.70141E+38 1.70141E+38 1.70141E+38 1.70141E+38 1.70141E+38 1.70141E+38 1.70141E+38 1.70141E+38 1.70141E+38 1.70141E+38 1.70141E+38 1.70141E+38 1.70141E+38 1.70141E+38 1.70141E+38 1.70141E+38 1.70141E+38 1.70141E+38 1.70141E+38 1.70141E+38 1.70141E+38 1.70141E+38 1.70141E+38 1.70141E+38 1.70141E+38 1.70141E+38 1.70141E+38 1.70141E+38 1.70141E+38 1.70141E+38 1.70141E+38 1.70141E+38 1.70141E+38 1.70141E+38 1.70141E+38 1.70141E+38 1.70141E+38 1.70141E+38 1.70141E+38 1.70141E+38 1.70141E+38 1.70141E+38 1.70141E+38 1.70141E+38 1.70141E+38 1.70141E+38 1.70141E+38 1.70141E+38 1.70141E+38 1.70141E+38
1.70141E+38 1.70141E+38 1.70141E+38 1.70141E+38 1.70141E+38 1.70141E+38 1.70141E+38 1.70141E+38 1.70141E+38 1.70141E+38 1.70141E+38 1.70141E+38 1.70141E+38 1.70141E+38 1.70141E+38 1.70141E+38 1.70141E+38 1.70141E+38 1.70141E+38 1.70141E+38 1.70141E+38 1.70141E+38 1.70141E+38 1.70141E+38 1.70141E+38 1.70141E+38 1.70141E+38 1.70141E+38 1.70141E+38 1.70141E+38 1.70141E+38 1.70141E+38 1.70141E+38 1.70141E+38 1.70141E+38 1.70141E+38 1.70141E+38 1.70141E+38 1.70141E+38 1.70141E+38 1.70141E+38 1.70141E+38 1.70141E+38 1.70141E+38 1.70141E+38 1.70141E+38 1.70141E+38 1.70141E+38 1.70141E+38 1.70141E+38 1.70141E+38 1.70141E+38 1.70141E+38 1.70141E+38 1.70141E+38 1.70141E+38 1.70141E+38 1.70141E+38 1.70141E+38 1.70141E+38 1.70141E+38 1.70141E+38
1.70141E+38 1.70141E+38 1.70141E+38 1.70141E+38 1.70141E+38 1.70141E+38 1.70141E+38 1.70141E+38 1.70141E+38 1.70141E+38 1.70141E+38 1.70141E+38 1.70141E+38 1.70141E+38 1.70141E+38 1.70141E+38 1.70141E+38 1.70141E+38 1.70141E+38 1.70141E+38 1.70141E+38 1.70141E+38 1.70141E+38 1.70141E+38 1.70141E+38 1.70141E+38 1.70141E+38 1.70141E+38 1.70141E+38 1.70141E+38 1.70141E+38 1.70141E+38 1.70141E+38 1.70141E+38 1.70141E+38 1.70141E+38 1.70141E+38 1.70141E+38 1.70141E+38 1.70141E+38 1.70141E+38 1.70141E+38 1.70141E+38 1.70141E+38 1.70141E+38 1.70141E+38 1.70141E+38 1.70141E+38 1.70141E+38 1.70141E+38 1.70141E+38 1.70141E+38 1.70141E+38 1.70141E+38 1.70141E+38 1.70141E+38 1.70141E+38 1.70141E+38 1.70141E+38 1.70141E+38 1.70141E+38 1.70141E+38
1.70141E+38 1.70141E+38 1.70141E+38 1.70141E+38 1.70141E+38 1.70141E+38 1.70141E+38 1.70141E+38 1.70141E+38 1.70141E+38 1.70141E+38 1.70141E+38 1.70141E+38 1.70141E+38 1.70141E+38 1.70141E+38 1.70141E+38 1.70141E+38 1.70141E+38 1.70141E+38 1.70141E+38 1.70141E+38 1.70141E+38 1.70141E+38 1.70141E+38 1.70141E+38 1.70141E+38 1.70141E+38 1.70141E+38 1.70141E+38 1.70141E+38 1.70141E+38 1.70141E+38 1.70141E+38 1.70141E+38 1.70141E+38 1.70141E+38 1.70141E+38 1.70141E+38 1.70141E+38 1.70141E+38 1.70141E+38 1.70141E+38 1.70141E+38 1.70141E+38 1.70141E+38 1.70141E+38 1.70141E+38 1.70141E+38 1.70141E+38 1.70141E+38 1.70141E+38 1.70141E+38 1.70141E+38 1.70141E+38 1.70141E+38 1.70141E+38 1.70141E+38 1.70141E+38 1.70141E+38 1.70141E+38 1.70141E+38
1.70141E+38 1.70141E+38 1.70141E+38 1.70141E+38 1.70141E+38 1.70141E+38 1.70141E+38 1.70141E+38 1.70141E+38 1.70141E+38 1.70141E+38 1.70141E+38 1.70141E+38 1.70141E+38 1.70141E+38 1.70141E+38 1.70141E+38 1.70141E+38 1.70141E+38 1.70141E+38 1.70141E+38 1.70141E+38 1.70141E+38 1.70141E+38 1.70141E+38 1.70141E+38 1.70141E+38 1.70141E+38 1.70141E+38 1.70141E+38 1.70141E+38 1.70141E+38 1.70141E+38 1.70141E+38 1.70141E+38 1.70141E+38 1.70141E+38 1.70141E+38 1.70141E+38 1.70141E+38 1.70141E+38 1.70141E+38 1.70141E+38 1.70141E+38 1.70141E+38 1.70141E+38 1.70141E+38 1.70141E+38 1.70141E+38 1.70141E+38 1.70141E+38 1.70141E+38 1.70141E+38 1.70141E+38 1.70141E+38 1.70141E+38 1.70141E+38 1.70141E+38 1.70141E+38 1.70141E+38 1.70141E+38 1.70141E+38
1.70141E+38 1.70141E+38 1.70141E+38 1.70141E+38 1.70141E+38 1.70141E+38 1.70141E+38 1.70141E+38 1.70141E+38 1.70141E+38 1.70141E+38 1.70141E+38 1.70141E+38 1.70141E+38 1.70141E+38 1.70141E+38 1.70141E+38 1.70141E+38 1.70141E+38 1.70141E+38 1.70141E+38 1.70141E+38 1.70141E+38 1.70141E+38 1.70141E+38 1.70141E+38 1.70141E+38 1.70141E+38 1.70141E+38 1.70141E+38 1.70141E+38 1.70141E+38 1.70141E+38 1.70141E+38 1.70141E+38 1.70141E+38 1.70141E+38 1.70141E+38 1.70141E+38 1.70141E+38 1.70141E+38 1.70141E+38 1.70141E+38 1.70141E+38 1.70141E+38 1.70141E+38 1.70141E+38 1.70141E+38 1.70141E+38 1.70141E+38 1.70141E+38 1.70141E+38 1.70141E+38 1.70141E+38 1.70141E+38 1.70141E+38 1.70141E+38 1.70141E+38 1.70141E+38 1.70141E+38 1.70141E+38 1.70141E+38
1.70141E+38 1.70141E+38 1.70141E+38 1.70141E+38 1.70141E+38 1.70141E+38 1.70141E+38 1.70141E+38 1.70141E+38 1.70141E+38 1.70141E+38 1.70141E+38 1.70141E+38 1.70141E+38 1.70141E+38 1.70141E+38 1.70141E+38 1.70141E+38 1.70141E+38 1.70141E+38 1.70141E+38 1.70141E+38 1.70141E+38 1.70141E+38 1.70141E+38 1.70141E+38 1.70141E+38 1.70141E+38 1.70141E+38 1.70141E+38 1.70141E+38 1.70141E+38 1.70141E+38 1.70141E+38 1.70141E+38 1.70141E+38 1.70141E+38 1.70141E+38 1.70141E+38 1.70141E+38 1.70141E+38 1.70141E+38 1.70141E+38 1.70141E+38 1.70141E+38 1.70141E+38 1.70141E+38 1.70141E+38 1.70141E+38 1.70141E+38 1.70141E+38 1.70141E+38 1.70141E+38 1.70141E+38 1.70141E+38 1.70141E+38 1.70141E+38 1.70141E+38 1.70141E+38 1.70141E+38 1.70141E+38 1.70141E+38
1.70141E+38 1.70141E+38 1.70141E+38 1.70141E+38 1.70141E+38 1.70141E+38 1.70141E+38 1.70141E+38 1.70141E+38 1.70141E+38 1.70141E+38 1.70141E+38 1.70141E+38 1.70141E+38 1.70141E+38 1.70141E+38 1.70141E+38 1.70141E+38 1.70141E+38 1.70141E+38 1.70141E+38 1.70141E+38 1.70141E+38 1.70141E+38 1.70141E+38 1.70141E+38 1.70141E+38 1.70141E+38 1.70141E+38 1.70141E+38 1.70141E+38 1.70141E+38 1.70141E+38 1.70141E+38 1.70141E+38 1.70141E+38 1.70141E+38 1.70141E+38 1.70141E+38 1.70141E+38 1.70141E+38 1.70141E+38 1.70141E+38 1.70141E+38 1.70141E+38 1.70141E+38 1.70141E+38 1.70141E+38 1.70141E+38 1.70141E+38 1.70141E+38 1.70141E+38 1.70141E+38 1.70141E+38 1.70141E+38 1.70141E+38 1.70141E+38 1.70141E+38 1.70141E+38 1.70141E+38 1.70141E+38 1.70141E+38
