py_wake/examples/data/AJ_ParqueFicticio/Ridge area   Sector 4   Height 30m   Mean speed.grd
DSAA
90  129
 262878   265103
 6504214   6507414
 .3957666   9.732685
[rows 27 to 53 of 129, columns 0 to 61 of 90]
2.605189 2.624762 2.668481 2.713332 2.755296 2.796685 2.831573 2.855119 2.872399 2.875832 2.856907 2.822468 2.787138 2.761599 2.759396 2.778802 2.816815 2.869164 2.924294 2.990255 3.123506 3.291626 3.469654 3.673909 3.886695 4.133654 4.417199 4.746587 5.1117 5.451805 5.771127 6.069346 6.356091 6.626923 6.861571 7.106371 7.36005 7.661766 8.002446 8.305469 8.549576 8.787676 8.990035 9.122652 9.154748 9.093925 8.947549 8.686507 8.339443 7.917519 7.39082 6.836432 6.314743 5.76482 5.192682 4.715477 4.326241 3.955928 3.610792 3.273023 2.923059 2.527262
2.493548 2.51846 2.56441 2.612211 2.663718 2.72051 2.772569 2.819633 2.857755 2.871486 2.856081 2.821528 2.770862 2.718023 2.675578 2.654754 2.657683 2.677962 2.707992 2.751015 2.842795 2.962147 3.094796 3.269556 3.453231 3.670743 3.949152 4.277371 4.66044 5.051662 5.411836 5.747064 6.078984 6.386564 6.659543 6.924271 7.2192 7.522743 7.862739 8.181753 8.467733 8.752986 9.000123 9.141807 9.157522 9.073875 8.904214 8.616627 8.230577 7.782311 7.232789 6.649402 6.105827 5.534193 4.968966 4.56329 4.179234 3.791718 3.444288 3.12317 2.790994 2.432597
2.384145 2.413465 2.457871 2.502614 2.557039 2.622182 2.686736 2.753647 2.817083 2.852802 2.840912 2.790833 2.731913 2.672953 2.613701 2.566711 2.537623 2.526103 2.521881 2.53688 2.591788 2.65975 2.738068 2.865077 3.011396 3.176448 3.433982 3.766827 4.163527 4.578353 4.971973 5.351635 5.721547 6.081506 6.427959 6.740381 7.047934 7.359028 7.700271 8.038287 8.365224 8.700337 8.995631 9.149231 9.155793 9.052644 8.850355 8.534419 8.116437 7.637776 7.059791 6.449889 5.886662 5.29765 4.795631 4.407797 4.028383 3.62917 3.27404 2.972199 2.667487 2.335751
2.275384 2.306783 2.34796 2.3894 2.443305 2.506256 2.571179 2.644462 2.725247 2.785543 2.775547 2.72364 2.662467 2.609509 2.558485 2.506022 2.461966 2.42644 2.393032 2.383069 2.421194 2.446768 2.481591 2.576973 2.684724 2.800229 3.035231 3.368685 3.745631 4.146177 4.55024 4.945242 5.336953 5.765128 6.174965 6.527201 6.850714 7.177823 7.530801 7.890396 8.256931 8.643648 8.975447 9.135914 9.146431 9.031368 8.789716 8.442292 7.991472 7.477749 6.878008 6.256901 5.684487 5.098886 4.62826 4.238809 3.886975 3.498435 3.124527 2.840441 2.558512 2.243642
2.16069 2.189151 2.225302 2.259491 2.308986 2.368754 2.430624 2.497517 2.571427 2.629187 2.630549 2.603082 2.563388 2.520973 2.480384 2.438706 2.394894 2.356578 2.33237 2.335486 2.358204 2.377771 2.416955 2.505698 2.599648 2.71961 2.935968 3.227761 3.53764 3.877504 4.289587 4.702518 5.110547 5.536836 5.947272 6.322343 6.665761 7.008954 7.3758 7.755679 8.154495 8.575816 8.917392 9.090714 9.117293 9.00451 8.735296 8.34923 7.870748 7.333842 6.730556 6.10215 5.521298 4.991192 4.509092 4.104713 3.79701 3.462504 3.086256 2.765171 2.487302 2.183352
2.053162 2.076521 2.106422 2.133789 2.176213 2.227652 2.280288 2.334436 2.391831 2.438107 2.449217 2.441572 2.425928 2.403881 2.376784 2.343566 2.308524 2.297316 2.314575 2.336742 2.360697 2.404455 2.468679 2.55585 2.6637 2.805461 3.003671 3.251108 3.503708 3.790813 4.181918 4.58115 4.987157 5.376241 5.755796 6.129929 6.490733 6.851231 7.231356 7.624844 8.04917 8.489824 8.827207 9.020576 9.062984 8.956564 8.6879 8.270356 7.77217 7.215899 6.613268 5.985874 5.401103 4.916522 4.428588 3.990311 3.706766 3.428986 3.087138 2.741271 2.434428 2.133858
1.952475 1.970312 1.993586 2.013859 2.049631 2.093145 2.136443 2.176954 2.21686 2.251857 2.271957 2.28072 2.282268 2.274662 2.256612 2.230486 2.209908 2.2403 2.304921 2.355069 2.404281 2.468165 2.549114 2.652972 2.7733 2.920002 3.123065 3.365845 3.591053 3.849437 4.209117 4.550901 4.923583 5.276722 5.61893 5.983947 6.349472 6.714432 7.096952 7.494546 7.938194 8.389745 8.7212 8.936874 8.994843 8.89383 8.642705 8.215929 7.69513 7.128825 6.543478 5.934051 5.342793 4.870794 4.409529 3.96778 3.653149 3.386031 3.075131 2.734716 2.404033 2.086531
1.859282 1.872695 1.890334 1.904759 1.937479 1.975931 2.012509 2.04694 2.07716 2.103395 2.128933 2.150254 2.164533 2.165599 2.150473 2.126267 2.129054 2.194711 2.28657 2.376602 2.452729 2.534516 2.643861 2.767732 2.899937 3.069849 3.297439 3.562833 3.83448 4.086597 4.404973 4.727429 5.052616 5.350606 5.661693 5.995499 6.312818 6.659638 7.019071 7.400817 7.848085 8.290205 8.612483 8.846754 8.923878 8.831952 8.605623 8.191961 7.675733 7.126289 6.551975 5.959658 5.351464 4.866791 4.437656 4.033575 3.669009 3.353331 3.047787 2.707549 2.367569 2.048099
1.782761 1.790025 1.798272 1.805124 1.838963 1.87785 1.915165 1.950555 1.981248 2.009272 2.038688 2.065908 2.089194 2.097214 2.087914 2.073785 2.100741 2.178084 2.275779 2.378039 2.482177 2.602941 2.744507 2.901059 3.077376 3.298784 3.560488 3.874746 4.194354 4.460556 4.739371 5.06674 5.351008 5.612718 5.891634 6.156064 6.425357 6.722041 7.034507 7.375759 7.794688 8.209017 8.520697 8.765028 8.865365 8.79525 8.584345 8.203282 7.704817 7.182661 6.645879 6.073418 5.470726 4.959445 4.520666 4.095057 3.703554 3.355354 3.024695 2.676034 2.316102 1.991611
1.723925 1.717113 1.712369 1.709366 1.747423 1.790291 1.832377 1.872026 1.908802 1.944842 1.980154 2.015634 2.052582 2.070648 2.074162 2.086434 2.12357 2.193825 2.291071 2.397249 2.521265 2.675909 2.847277 3.058093 3.298964 3.569751 3.885833 4.244082 4.59521 4.87632 5.117011 5.40146 5.671507 5.917249 6.158428 6.38445 6.607026 6.848392 7.106672 7.409663 7.781759 8.157125 8.457316 8.706231 8.834481 8.792907 8.583117 8.224481 7.780898 7.296541 6.805896 6.262845 5.665148 5.101774 4.637064 4.185838 3.750072 3.368285 3.014884 2.646822 2.27598 1.920261
1.67873 1.650179 1.629326 1.616788 1.659543 1.707584 1.755294 1.800354 1.846059 1.894829 1.94137 1.994432 2.050553 2.084112 2.109473 2.140452 2.183183 2.250639 2.343014 2.452806 2.606549 2.779411 2.985872 3.237916 3.530399 3.849664 4.197197 4.583466 4.972083 5.263019 5.487365 5.69193 5.959343 6.201559 6.413117 6.612659 6.80549 6.996893 7.199947 7.461649 7.799376 8.148417 8.441477 8.68394 8.833849 8.822008 8.608845 8.271857 7.874942 7.439003 6.970032 6.480489 5.898427 5.271965 4.776023 4.305217 3.841142 3.403252 3.006182 2.626889 2.247136 1.875623
1.651952 1.58753 1.546877 1.529497 1.573495 1.62321 1.675938 1.728245 1.78229 1.8463 1.912049 1.994566 2.076391 2.139287 2.17895 2.220591 2.282373 2.37138 2.460923 2.586014 2.758279 2.952632 3.174157 3.440619 3.753441 4.097125 4.462281 4.851843 5.242566 5.555457 5.795069 6.004793 6.20584 6.43242 6.633563 6.818418 6.983833 7.137885 7.311976 7.549358 7.859063 8.191566 8.47591 8.701112 8.852031 8.848692 8.656624 8.349195 7.977228 7.578418 7.141095 6.67249 6.114021 5.440921 4.904732 4.414056 3.926923 3.43033 2.998451 2.612406 2.222585 1.852275
1.627466 1.533309 1.470029 1.451133 1.483984 1.529962 1.587483 1.649804 1.718767 1.79716 1.882757 1.991621 2.101206 2.193617 2.264114 2.331585 2.427739 2.536313 2.662652 2.803672 2.966457 3.155282 3.378939 3.656006 3.964211 4.303883 4.671354 5.050215 5.426437 5.757683 6.022036 6.246052 6.438649 6.611247 6.810651 6.984264 7.140794 7.280999 7.438723 7.660303 7.947549 8.260492 8.521368 8.727043 8.868189 8.863738 8.698158 8.436532 8.095646 7.702091 7.294052 6.841397 6.274243 5.567846 4.99824 4.474665 3.955022 3.447334 2.994274 2.584695 2.18756 1.767469
1.606878 1.49076 1.406388 1.375392 1.384899 1.419931 1.478485 1.547893 1.631051 1.728818 1.842083 1.979482 2.116792 2.234245 2.345003 2.467354 2.584661 2.722671 2.88385 3.03169 3.180566 3.34445 3.562978 3.845729 4.157413 4.495806 4.846961 5.209073 5.585021 5.916453 6.197425 6.438055 6.645724 6.799298 6.945356 7.119644 7.26598 7.400179 7.553256 7.76081 8.029089 8.320527 8.562418 8.75352 8.88904 8.890127 8.74803 8.505716 8.185959 7.805917 7.412079 6.984774 6.397186 5.641008 5.054955 4.515198 3.962661 3.432889 2.981903 2.56118 2.150511 1.717924
1.601193 1.463621 1.35465 1.291598 1.272828 1.291696 1.34704 1.419191 1.514146 1.63056 1.770704 1.93584 2.099808 2.254655 2.4089 2.567023 2.726274 2.884471 3.066887 3.221823 3.347376 3.508425 3.720828 4.006114 4.310793 4.652654 4.992168 5.349691 5.710546 6.048839 6.325408 6.576492 6.789872 6.940209 7.084427 7.239557 7.371606 7.488385 7.633178 7.831293 8.090325 8.383304 8.619998 8.790767 8.913107 8.9243 8.806699 8.566432 8.254301 7.893942 7.496315 7.05424 6.47676 5.709036 5.088483 4.52667 3.955006 3.404151 2.944121 2.533047 2.131006 1.720435
1.617221 1.453329 1.309784 1.204904 1.157044 1.159278 1.205972 1.276728 1.376172 1.501339 1.660755 1.848809 2.037462 2.220722 2.404035 2.59242 2.78442 2.978704 3.168303 3.333445 3.491133 3.643604 3.837683 4.102182 4.401469 4.725664 5.054085 5.404428 5.768118 6.109144 6.37556 6.637201 6.834391 6.996017 7.16001 7.327692 7.442526 7.526904 7.665809 7.869075 8.142822 8.422416 8.645114 8.807088 8.930939 8.947021 8.839975 8.633624 8.324562 7.957723 7.53658 7.060465 6.495374 5.751235 5.102664 4.517575 3.94489 3.380185 2.907688 2.513071 2.10391 1.800617
1.651873 1.460306 1.286208 1.14702 1.062456 1.044446 1.075741 1.132752 1.228789 1.356 1.522953 1.722844 1.926693 2.133595 2.337839 2.540935 2.747232 2.966256 3.193509 3.404211 3.582154 3.734806 3.917626 4.15012 4.4214 4.723916 5.030817 5.37116 5.74749 6.080818 6.349182 6.608952 6.801986 6.987095 7.172223 7.331376 7.460502 7.575244 7.709442 7.900503 8.155995 8.416105 8.649467 8.823082 8.95227 8.971305 8.866117 8.670209 8.381203 7.997585 7.551681 7.046741 6.465373 5.747557 5.095488 4.501901 3.939542 3.396449 2.915941 2.533553 2.210629 2.052061
1.737289 1.515057 1.308591 1.14017 1.023295 .9680979 .9679478 .9982536 1.081378 1.204212 1.366044 1.561655 1.77212 1.992469 2.215164 2.437611 2.645875 2.868483 3.121743 3.386605 3.597599 3.782703 3.973267 4.171573 4.414399 4.682675 4.955389 5.289716 5.687093 6.021306 6.283534 6.533334 6.72926 6.930153 7.12661 7.286879 7.435784 7.592638 7.754695 7.921069 8.136438 8.402225 8.656348 8.844145 8.980435 8.998073 8.887615 8.693181 8.417424 8.032381 7.567939 7.039524 6.435151 5.745205 5.099124 4.495337 3.934722 3.418751 2.987009 2.653792 2.444302 2.443401
1.88261 1.635831 1.40025 1.198781 1.047974 .9459488 .8972431 .8936676 .9521884 1.055694 1.201052 1.383506 1.582857 1.799628 2.026129 2.258643 2.462197 2.667829 2.920889 3.201692 3.431391 3.649903 3.880787 4.070354 4.294224 4.53956 4.793288 5.124017 5.548217 5.904879 6.15639 6.401624 6.611296 6.824059 7.032619 7.200476 7.36425 7.553541 7.743884 7.92074 8.119749 8.393501 8.6771 8.873704 9.00431 9.025212 8.917583 8.717372 8.438597 8.067723 7.588655 7.047364 6.426976 5.75413 5.111866 4.495002 3.935956 3.451072 3.08092 2.830947 2.76651 2.971227
2.0792 1.803759 1.532803 1.296648 1.111162 .9608533 .86309 .8234466 .851307 .9221081 1.02809 1.171778 1.335278 1.518998 1.725882 1.940771 2.130901 2.31988 2.542901 2.782417 3.004845 3.226193 3.4424 3.633985 3.855112 4.133007 4.423611 4.758307 5.185316 5.602069 5.905897 6.177034 6.423102 6.653244 6.880192 7.068544 7.242683 7.45158 7.66436 7.860246 8.083622 8.368958 8.670197 8.870461 9.001927 9.030433 8.95143 8.764112 8.479343 8.106777 7.624572 7.078308 6.447933 5.783653 5.153018 4.540404 4.012701 3.535968 3.180934 3.026272 3.141093 3.468142
2.308735 2.018234 1.717964 1.4446 1.21619 1.027182 .887412 .8068173 .7940721 .8178443 .8762822 .9646049 1.067454 1.209546 1.370463 1.535932 1.69763 1.859289 2.046156 2.244248 2.430794 2.619721 2.803699 2.979371 3.198216 3.482758 3.811816 4.174428 4.609042 5.076624 5.480893 5.819773 6.135691 6.408819 6.657489 6.881783 7.082364 7.308504 7.547086 7.767828 8.013454 8.320024 8.628989 8.846485 9.000541 9.036399 8.979748 8.833175 8.557491 8.171826 7.68392 7.129546 6.507725 5.858544 5.248855 4.672081 4.163513 3.708587 3.370557 3.329715 3.593666 4.004514
2.564661 2.273119 1.961768 1.659126 1.387884 1.162507 .9874806 .8622215 .7888992 .7558374 .7635543 .8111252 .8557817 .9271418 1.036198 1.160485 1.277424 1.407434 1.559843 1.717717 1.863107 2.00831 2.152997 2.292375 2.456776 2.754469 3.123073 3.523292 3.953198 4.402464 4.877676 5.33276 5.728821 6.079449 6.378586 6.647934 6.893404 7.142564 7.412792 7.669395 7.935696 8.268031 8.585458 8.820535 8.999157 9.05926 9.017216 8.902443 8.663583 8.263576 7.763447 7.200397 6.592262 5.956864 5.369095 4.835068 4.342999 3.924584 3.6814 3.718946 4.058686 4.49719
2.841042 2.556217 2.235978 1.903563 1.604227 1.346835 1.136505 .965515 .834677 .7490498 .7036896 .703733 .7128463 .7359362 .7899845 .8453523 .9273375 1.015687 1.123368 1.24554 1.36231 1.465617 1.56645 1.682446 1.861449 2.088792 2.407421 2.78151 3.20539 3.680071 4.176975 4.675518 5.167318 5.633299 6.028396 6.357522 6.661417 6.957143 7.26428 7.562751 7.849108 8.209942 8.542104 8.79904 9.006204 9.101082 9.075377 8.960527 8.760473 8.368519 7.855526 7.28125 6.682762 6.061604 5.478528 4.976789 4.553247 4.192959 3.991741 4.084567 4.464519 4.891143
3.12342 2.848849 2.52304 2.177552 1.851835 1.555347 1.305739 1.095363 .9290203 .8117448 .7368065 .6845463 .6437705 .6399326 .6510894 .6491114 .6710933 .7131375 .7708519 .8541462 .9473326 1.02972 1.148928 1.27951 1.408128 1.557446 1.787123 2.08937 2.473725 2.916934 3.38246 3.910161 4.473424 5.045616 5.558047 5.979582 6.365241 6.740863 7.096691 7.442732 7.766757 8.146575 8.499352 8.783692 9.025107 9.158128 9.147859 9.020669 8.822591 8.466258 7.952158 7.372807 6.782131 6.169905 5.594497 5.12423 4.780839 4.496356 4.354583 4.471851 4.848087 5.323411
3.399636 3.150411 2.834766 2.479692 2.127025 1.801633 1.520529 1.277153 1.08232 .9370811 .8370305 .7659567 .7086344 .648671 .5928531 .5439289 .5158303 .5152255 .5245891 .5614533 .6298702 .7683228 .890812 .9951723 1.094095 1.195861 1.32931 1.564458 1.837371 2.176305 2.60719 3.109479 3.719439 4.357629 4.953804 5.475142 6.002744 6.482411 6.907824 7.308076 7.680849 8.079925 8.457029 8.77253 9.053908 9.223197 9.218581 9.075946 8.868615 8.543723 8.053842 7.474215 6.894855 6.302946 5.754143 5.309252 5.003757 4.789872 4.720109 4.892994 5.271259 5.70867
3.659585 3.436805 3.148972 2.800595 2.423573 2.074122 1.756414 1.489189 1.267962 1.094084 .9770119 .9043193 .8387213 .7481386 .6413689 .5396484 .4676838 .4332887 .4065996 .3957666 .4484201 .5929499 .7137847 .8163577 .9013451 .9651282 1.035217 1.189945 1.369091 1.599952 1.96072 2.400542 2.992356 3.691034 4.353801 4.978258 5.623667 6.20697 6.711969 7.174314 7.596632 8.019776 8.417749 8.765314 9.088043 9.284006 9.279469 9.128362 8.912028 8.601291 8.148895 7.581266 7.023165 6.457805 5.934554 5.561573 5.302708 5.140237 5.106642 5.302219 5.671607 6.071812
3.903491 3.6973 3.430515 3.094879 2.722072 2.354997 2.015627 1.740151 1.498641 1.303784 1.184187 1.109645 1.032328 .9117864 .7697611 .6286224 .5325122 .476444 .4295236 .398359 .4082552 .4893397 .6017438 .7235468 .8251843 .8885723 .9556384 1.122207 1.278343 1.447692 1.764438 2.143317 2.67326 3.347291 4.033526 4.708747 5.379862 5.993692 6.566777 7.09525 7.559653 7.9981 8.402616 8.771327 9.121377 9.32377 9.323079 9.180901 8.95883 8.651816 8.237095 7.715086 7.183322 6.65624 6.177258 5.842442 5.659088 5.561208 5.557024 5.740112 6.049124 6.372812
