py_wake/examples/data/AJ_ParqueFicticio/Ridge area   Sector 6   Height 30m   Power density.grd
DSAA
90  129
 262878   265103
 6504214   6507414
 1.120465   330.0371
[rows 27 to 53 of 129, columns 0 to 61 of 90]
105.9655 109.131 112.7962 116.2713 118.9575 120.6972 121.3293 120.6637 118.7816 116.0708 112.9187 109.4504 106.2455 103.5716 101.9664 101.383 101.5634 101.9788 102.3477 102.5483 104.8797 108.1129 111.9823 116.4817 121.0076 126.1635 132.3741 140.2877 149.9376 159.2354 169.2116 179.2224 189.3163 199.5659 208.4531 217.4151 225.8067 234.0992 241.8577 246.3593 246.1463 242.0739 234.1078 223.7915 211.8739 199.1487 186.0116 171.1026 155.7547 141.8073 126.5556 113.4801 102.6923 93.32967 85.0584 78.41144 29.38862 24.60328 24.74142 25.77873 26.9533 29.23907
101.933 105.2549 109.3901 113.326 117.0388 120.3277 122.5091 123.4413 123.0049 120.6992 117.5384 113.749 109.5134 104.9353 100.9211 97.83082 95.85275 94.2878 92.98687 91.99242 92.73502 94.39097 96.272 99.37629 102.4217 106.2376 112.1245 119.7726 129.2269 138.906 148.1133 157.5199 167.7636 178.4773 188.0793 198.0303 208.2985 218.2536 228.7297 237.0331 241.1021 241.2176 236.2922 226.5301 213.7977 199.6377 185.9298 170.7986 154.702 140.2573 124.9548 111.4109 100.7392 91.2809 83.22739 77.24172 29.22953 24.78452 24.19033 25.29505 26.5835 29.66592
97.53319 100.9905 105.0521 109.2259 113.4816 117.7234 121.5122 124.437 125.801 125.1268 122.3514 118.0628 113.015 107.7466 102.3397 97.45789 93.23778 90.01089 86.87444 84.28532 83.19763 82.40121 81.6395 82.55016 83.9427 85.74765 91.26849 99.40137 109.1339 118.9871 128.1649 137.3198 146.8512 157.531 168.0735 178.4112 189.7171 201.1935 213.8048 225.3765 233.4483 238.1523 237.1263 229.582 216.9683 201.7401 186.0534 170.4975 153.8033 138.4066 123.0406 109.0725 98.33669 89.04594 81.15454 30.50064 28.46883 24.535 23.93523 24.81663 26.37406 29.8375
92.47845 96.0321 100.0186 104.1194 108.5314 113.1278 117.6182 121.8247 125.2725 126.5518 124.8036 120.7605 115.7492 110.5166 105.2246 99.58686 94.64925 89.76578 84.65273 80.45174 78.36021 75.33616 72.38474 71.85484 71.5826 71.43526 76.11023 84.16024 93.02576 102.0738 110.9427 119.254 127.5495 137.9593 149.2567 160.0591 171.6815 183.9848 198.3258 212.3122 224.1232 233.334 237.1874 232.9924 222.4436 206.9204 188.6642 171.5165 153.75 137.1371 121.2489 107.1816 96.67257 87.46191 79.27924 27.50596 27.85997 24.57481 23.7975 24.5528 26.8263 30.10493
86.37353 89.79234 93.58864 97.25668 101.5508 106.3175 110.7948 115.2359 119.4781 122.1644 121.9467 119.7343 115.9977 111.6192 106.8116 102.0099 97.08321 91.77118 86.74499 82.85957 79.87107 76.30701 73.3483 72.36644 71.30132 71.12434 74.45144 80.057 85.6721 91.9914 99.17017 106.6924 114.4415 123.9699 134.3611 145.0006 156.2427 168.7114 183.2422 198.3416 212.4081 224.5633 232.7811 232.4858 224.9484 212.223 193.2059 173.8081 155.1393 137.6206 121.5479 107.0503 96.5415 87.64031 24.96812 23.90875 25.29436 25.38399 25.51965 25.35526 28.1077 30.93688
80.31006 83.42038 86.9816 90.43796 94.42056 98.73421 102.9713 107.05 110.929 114.3014 115.3126 114.7266 112.8571 109.8368 106.3074 102.3346 98.10277 94.29004 91.27225 88.18492 84.98894 82.53587 80.52163 79.2608 78.34692 78.40031 80.17037 83.00017 85.56869 88.70275 93.55657 99.7339 106.5971 114.1422 122.4842 132.0823 142.8219 154.9695 169.0684 184.393 199.8436 214.3699 224.9277 228.4901 223.7306 213.6878 197.3585 176.9062 157.5482 139.4223 123.0091 108.3359 97.48431 26.65322 22.1185 18.89275 17.93758 19.63246 23.96434 28.66647 30.15983 32.21903
74.17358 77.23991 80.65025 83.79138 87.58039 91.74963 95.66154 99.25046 102.6092 105.86 107.8622 108.4708 107.8707 106.2328 103.6506 100.5838 97.27886 95.9116 95.64117 94.25816 92.36587 90.84323 89.47552 88.66744 87.88707 87.54092 88.49674 90.18326 90.57372 91.57973 93.75679 96.80898 101.7601 107.3227 113.6195 121.8921 131.866 143.205 156.5919 171.6522 188.1111 204.1767 216.1347 222.7237 220.675 212.9367 199.7768 180.2533 160.5913 142.413 125.9702 111.5058 100.164 36.18575 25.34176 21.41882 20.19564 19.81166 19.27955 32.99785 33.50685 34.89354
68.24941 71.26355 74.69056 77.84418 81.80562 86.06277 89.95936 93.54732 96.64908 99.52724 101.9508 103.4412 103.763 102.8584 100.7057 97.78492 95.8871 96.73165 98.4678 99.70175 99.62833 99.07817 99.22548 99.29798 98.69894 98.73592 99.99876 101.431 102.1858 101.963 101.4692 102.0168 104.3024 107.2588 111.8591 118.603 126.1983 136.2718 148.341 162.5158 179.3259 196.037 208.4427 216.8328 217.3464 211.2095 200.9199 184.2469 165.6401 148.3945 132.1597 117.3102 104.9842 80.26453 37.40553 26.24217 23.89944 23.08069 24.10307 33.64583 36.56817 38.04119
63.04123 66.04142 69.27446 72.29034 76.88149 81.64275 86.15661 90.35261 93.89381 96.82355 99.44028 101.2864 102.004 101.4777 99.62514 97.198 96.26868 97.9891 100.4153 102.8421 104.6368 106.5528 108.7301 110.3617 111.7276 113.4536 115.5906 118.18 119.4871 118.562 117.2407 116.478 116.3165 116.8537 119.7693 123.5288 129.1235 137.1995 147.3576 159.4245 175.0288 191.0305 203.1389 212.5609 215.3097 210.3678 201.3773 188.2194 171.6995 155.8827 141.0429 126.5422 113.8524 104.407 73.87904 42.96592 32.63691 29.62393 32.08093 36.59125 39.02321 41.32282
58.95912 61.33361 63.96728 66.71283 71.8139 77.41779 82.66044 87.62389 91.85817 95.58057 98.66879 100.9535 102.4667 102.2708 101.1465 99.89626 99.34743 100.1198 102.7617 105.5359 108.7542 112.7407 116.7226 121.2191 125.6346 129.857 134.3655 138.6795 141.0573 140.1354 138.0813 135.7003 134.0368 133.0996 133.7988 135.4924 138.7305 144.2599 152.009 162.191 175.5406 189.5999 200.9403 210.43 215.3007 211.376 202.9816 191.2104 178.2117 164.2004 151.2556 138.0308 125.0667 114.9501 107.4063 72.1651 45.82059 39.35912 38.66211 40.12556 41.69896 45.17696
55.84314 57.02163 58.79739 60.95028 66.60179 72.73902 78.66805 84.22926 89.50177 94.2032 98.22242 101.6289 104.3133 105.0408 104.9698 104.4468 104.0806 104.5406 106.1629 109.0183 113.5758 118.7597 124.749 131.642 138.803 145.7638 152.3487 159.2408 164.3169 164.3931 161.9232 158.9166 155.7803 153.8394 152.368 151.9557 152.9782 155.7415 160.362 168.1472 179.7163 192.0865 202.3873 211.2922 217.5138 215.3893 207.0587 195.4237 184.1736 172.2911 160.265 148.8413 136.9383 126.1635 118.1757 111.7624 71.07661 51.5403 45.58782 44.07996 45.53258 94.8298
54.22798 53.23454 53.74634 55.55307 61.28291 67.38731 73.58807 79.5102 85.30276 91.35571 96.93163 102.4568 106.9802 109.4371 110.0495 110.1361 110.704 112.0326 113.2903 116.2316 121.3786 127.1629 133.9698 141.9248 150.8267 159.9374 168.6221 177.1715 184.5109 187.4823 187.0103 184.8196 181.0549 177.8644 174.8048 172.8406 171.394 171.4783 174.076 180.0179 189.4466 199.8061 209.1743 216.1019 221.3785 220.1041 212.9913 201.9683 190.5052 179.5219 169.0307 157.9694 146.7333 136.0039 127.5993 121.1857 118.3556 68.74297 53.58636 48.35918 106.1688 100.6403
53.05972 50.45824 49.61765 51.30163 56.14992 61.73678 67.85812 74.21708 80.68489 87.3672 93.97061 101.2701 107.7953 112.5851 115.2138 116.7223 119.1652 121.8194 124.492 128.134 132.9997 139.1126 146.128 153.8679 162.9269 172.6975 182.8741 192.7154 201.5667 207.4321 209.9123 209.9673 207.9495 204.9115 201.4841 197.6343 194.8259 193.0973 193.6805 197.5779 204.3462 212.1165 218.498 223.3954 226.8071 225.004 217.9798 208.4026 197.7093 186.7108 176.7003 166.5615 154.9471 143.7661 135.0382 128.2085 127.1031 111.2895 64.14182 52.50518 111.8729 105.1524
52.372 48.86543 46.87857 47.95845 51.23249 55.80136 61.54187 67.73654 74.44173 81.85546 89.78704 98.70235 106.9006 113.5192 118.9196 123.8594 127.8574 132.215 136.8069 140.6965 145.2071 150.7395 158.4695 167.8485 177.3568 185.948 196.3499 207.2302 217.4848 225.3031 230.8561 233.6018 234.272 232.174 229.7691 225.3305 220.5818 217.4058 216.3293 217.8306 221.9027 226.6397 230.1854 233.3468 235.2211 232.7189 225.0922 214.8043 204.1968 193.3381 183.4865 174.3329 162.8936 150.2252 140.9727 134.2337 134.2952 131.4712 94.73245 59.57148 116.8432 109.7699
52.76049 48.3606 45.25896 44.67906 46.26526 49.67092 54.81148 60.51091 67.20231 74.88827 83.63203 93.57446 103.3135 112.0374 120.1703 127.774 134.5212 140.449 146.6097 151.312 155.0769 160.8774 169.08 179.3957 190.0384 200.5937 209.6639 218.7856 229.7041 239.016 246.5161 251.8121 254.9493 254.9419 254.0381 251.7341 247.5981 242.5244 239.3149 238.5986 240.3995 243.8223 245.5296 245.8191 245.4278 241.9354 234.3042 223.0803 210.6789 199.4369 188.9368 179.3335 169.2045 156.7973 146.4087 141.5238 140.3438 136.4734 131.9863 127.1677 120.669 113.468
54.11619 48.47749 43.65836 40.87183 41.10701 43.63179 48.1899 53.32278 59.47488 66.77385 75.82486 86.33392 96.72445 106.5696 116.0205 125.5176 134.6775 143.2544 150.6815 156.6009 161.9409 167.3912 174.5446 184.3939 195.1554 206.1464 216.2155 225.204 233.5805 243.8858 252.2902 259.6158 265.0099 267.7038 269.0753 269.4047 266.7797 261.7905 257.8708 256.0187 256.8797 258.5759 258.0947 256.4081 254.0043 249.0624 240.9502 230.8157 217.6211 204.6167 192.9496 182.0624 172.3555 161.2438 150.6456 147.2567 145.4032 140.6302 135.165 130.0936 123.7721 117.6397
55.29187 48.19352 42.11727 37.78008 36.26358 37.94065 41.67105 45.85019 51.46201 58.13705 66.70071 77.02448 87.63875 98.25188 108.7475 118.9675 129.2487 139.6017 149.5124 157.7812 164.3206 169.5309 175.6421 183.6095 192.5509 202.4467 211.7596 220.9019 228.8826 238.0333 248.0354 257.4329 264.8626 270.7646 274.892 277.608 278.0864 276.1065 273.0169 271.2898 270.8379 271.17 269.7747 266.9882 263.156 256.6085 247.1535 236.3486 223.6592 209.3806 195.851 183.7418 173.3077 162.8535 152.6601 151.138 149.1416 144.3704 138.4498 132.8812 127.8066 123.6951
58.53558 49.59356 41.95948 36.49603 33.55427 33.45092 35.32282 38.10724 42.895 49.1297 56.93417 66.47744 76.66756 87.57029 98.52101 109.4249 119.6628 130.538 142.2034 153.2667 161.5082 167.8865 173.5516 179.5759 186.6589 194.2536 201.9647 210.8942 219.2437 227.4171 237.6187 248.0925 257.0388 265.5719 272.5811 278.0317 282.0157 283.8413 283.7129 282.917 282.4446 282.8709 281.4809 278.2318 273.6728 265.6603 254.0369 241.3215 228.4815 213.5497 198.6229 185.6734 174.0345 163.8077 154.2967 153.6263 150.9679 146.218 140.9592 136.1904 132.358 130.0636
63.95848 53.43349 44.47137 37.53868 32.82835 30.03124 29.63 30.95365 34.7318 40.01432 46.97861 55.61794 64.94532 75.15643 85.9884 97.07449 106.6976 116.3333 127.9668 140.157 149.6718 157.6047 164.6594 169.7851 175.0702 180.7548 186.4413 194.3497 203.8659 211.8612 221.3603 231.999 241.8499 252.189 261.9262 269.959 276.8721 282.9629 286.5048 288.4207 289.9007 291.9209 292.1255 289.2844 284.2433 276.0189 263.5688 247.9361 232.4252 217.1842 201.2091 187.3729 174.9689 164.4937 155.5186 155.0394 151.0663 146.0498 141.4857 138.1839 136.5734 137.5098
71.26868 58.28375 47.16175 38.29728 31.761 26.93078 24.50027 24.47586 27.18283 31.29896 36.62944 43.50583 51.05036 59.52513 69.28059 79.50439 88.38155 96.8484 106.709 117.2144 126.5794 134.8691 142.0283 147.215 152.0905 157.633 162.9291 169.2813 178.2365 188.2383 198.411 209.412 220.2926 231.5503 243.4494 253.4479 262.4075 271.233 278.7524 283.9695 288.4274 292.8576 295.3835 294.1822 289.8034 282.2633 271.3798 255.8818 237.6022 220.8017 204.1318 189.3251 176.3847 165.4126 158.0405 156.1341 151.3858 145.4409 140.3168 138.2043 139.259 143.173
79.82747 64.90308 51.78874 40.34585 31.67895 25.33683 21.37033 19.93068 21.2859 23.76814 27.23145 31.98474 37.25732 44.073 51.79643 59.90985 67.4966 74.88629 83.22005 92.08192 99.98185 107.2713 113.622 118.3388 122.9983 128.3747 133.8546 139.5337 147.6551 159.0859 170.8909 182.7845 195.097 207.1495 219.5717 231.6948 242.2583 253.1774 263.6666 271.535 279.2041 286.1078 291.7618 293.4307 291.2473 284.6392 275.2402 262.5035 243.9917 224.9787 207.3009 191.5808 178.3872 167.2496 161.3207 158.5584 152.9409 146.3594 140.8699 140.2793 144.5069 151.5466
90.41276 74.00315 59.42461 46.05706 34.87048 26.80396 21.50427 18.47791 17.60627 18.16991 19.85258 22.76341 25.87206 30.38741 36.554 43.12339 48.94644 55.22579 62.49815 70.09196 76.88921 83.018 88.41737 92.054 94.86079 99.31226 104.7849 110.9458 118.5686 129.6606 142.5722 155.6601 168.7209 182.1265 195.1944 208.3885 221.0958 233.5671 246.6508 257.6519 267.46 277.3541 285.5003 289.5298 290.0552 284.984 276.0138 266.0071 250.8659 230.5242 211.0633 194.2234 180.4707 168.9716 163.4022 159.7448 153.3823 146.6357 142.3844 143.4898 150.3078 160.0009
103.4529 85.58156 69.10661 53.51246 40.39298 30.55934 23.73958 19.04346 16.08376 14.88646 15.12068 16.34731 17.60123 19.98477 24.43763 28.92549 33.5646 38.18683 43.89021 50.60073 56.95309 62.19809 66.49244 69.51369 71.06598 72.67664 76.9158 82.53922 90.05819 101.1504 114.2544 128.148 142.3425 157.0773 171.4988 185.3076 199.544 213.9182 228.7017 242.4207 254.7053 267.2289 277.6355 284.1889 287.1223 283.9178 275.6344 265.755 254.0634 235.4688 214.6743 196.6989 182.0846 169.9175 163.8672 158.9406 152.9698 146.5364 143.0436 145.3793 154.3248 166.3365
118.4882 99.26112 80.56378 63.44886 48.19193 35.91686 26.99981 20.57766 16.3301 14.17859 13.58197 13.62041 13.74734 14.59296 16.73414 18.77589 21.61712 24.49869 28.13469 33.42162 39.30389 44.31278 47.9838 51.06174 52.11519 52.02931 54.12093 58.21784 64.75959 74.37964 85.68798 99.89621 115.9116 132.4614 148.0765 162.4547 177.6834 193.9012 210.2624 226.6646 240.9867 255.9549 269.4023 278.1303 283.361 281.9849 274.4035 264.8239 253.6696 238.1601 217.2626 198.3779 183.0194 170.5291 163.5732 157.763 152.2998 147.1741 144.476 148.6922 160.2802 174.9992
134.8093 115.6493 95.56561 76.49256 58.84234 44.13478 33.14839 24.79784 19.0913 15.73258 14.14338 13.54868 13.32203 12.91278 12.65899 12.56841 13.21752 14.86675 16.76038 20.01623 24.82176 29.63534 33.52756 36.23757 37.69523 37.77463 38.05463 41.14642 44.52785 50.49956 60.64774 73.72014 90.75903 108.6664 124.6655 139.3748 156.4458 174.1575 191.8648 210.272 226.8598 244.142 260.4059 272.1518 280.1597 280.8824 273.8373 263.5017 251.9095 238.803 219.4261 199.8008 183.5197 170.7932 163.7469 158.1677 152.9003 148.6623 147.8563 153.9817 166.6221 182.0772
151.0852 132.2188 112.3151 92.2904 72.42297 55.10156 41.13459 30.75073 23.21696 18.20865 15.65136 14.88385 14.51791 13.17539 11.11173 9.14967 8.334161 9.074398 10.03823 11.68858 15.13229 19.47704 23.36966 26.43185 28.16808 28.13717 27.8329 29.41235 31.2569 34.53641 42.62265 53.62578 69.48228 87.7122 104.2398 120.0053 137.8516 156.298 174.7105 194.1959 212.9541 232.2316 250.7026 266.0891 277.6918 281.1671 275.4285 264.7449 252.3169 239.143 221.5426 201.2688 184.4303 171.0375 163.2746 159.1118 154.4191 150.8075 150.4029 157.5606 171.5559 188.162
167.2615 148.1302 127.7914 106.8468 86.54113 67.54578 51.21398 39.31233 29.80519 22.99422 19.69943 18.53676 17.58323 15.08494 11.76598 8.435377 6.844288 6.88147 7.166613 8.020686 10.56398 14.30871 18.27126 21.89636 24.14876 24.40688 24.31992 26.11509 27.37614 29.15341 36.0048 45.13093 59.01827 76.3406 93.16809 109.2151 125.9585 143.2146 161.6875 182.2393 202.2241 222.4263 241.9243 259.3751 274.3307 282.0592 279.2401 268.9763 255.5589 240.7976 224.6354 205.1543 187.6109 173.5998 164.4393 160.3649 156.9077 154.7487 155.0468 162.3525 176.0412 192.131
