py_wake/examples/data/AJ_ParqueFicticio/Ridge area   Sector 7   Height 30m   Orographic speed.grd
DSAA
90  129
 262878   265103
 6504214   6507414
 .2357072   1.434983
[rows 54 to 80 of 129, columns 0 to 61 of 90]
1.123378 1.099752 1.071135 1.037802 1.006346 .9741204 .9426269 .913376 .8832929 .8560629 .8380479 .8269345 .8182806 .8043717 .7846866 .7607986 .7358193 .7155247 .6938358 .6751023 .6722931 .6831076 .7034351 .7269316 .7469422 .7533236 .7522398 .7569728 .7543244 .752005 .7641409 .780463 .8022296 .8323305 .8605456 .8899902 .9230884 .9568426 .9919518 1.028149 1.063996 1.098879 1.129 1.154385 1.17841 1.194936 1.200302 1.198179 1.190501 1.17852 1.16598 1.151183 1.137515 1.129225 1.126576 1.135762 1.155539 1.181617 1.213244 1.249844 1.289438 1.325275
1.141137 1.123121 1.100088 1.07155 1.038665 1.006142 .976715 .9492473 .9229737 .9004779 .8852613 .8750315 .863198 .8448419 .8224437 .797466 .7720396 .7469061 .7223701 .7018023 .6930884 .7004759 .7176164 .7400418 .7641018 .7792573 .7889552 .7953458 .8000671 .8066813 .8162387 .832646 .849418 .8656991 .8825989 .9044488 .9359935 .9682614 1.000044 1.033297 1.067927 1.102683 1.132693 1.159182 1.182546 1.197003 1.205069 1.206981 1.204395 1.194213 1.181358 1.168019 1.156414 1.151014 1.152354 1.163406 1.184772 1.212666 1.244133 1.277742 1.309974 1.33661
1.160066 1.148115 1.130843 1.106477 1.074637 1.043372 1.014016 .9876013 .9645992 .9457932 .9342338 .9275706 .9171074 .8957002 .8704336 .8426674 .815234 .7869599 .7576646 .7312583 .7210889 .7266647 .7408832 .7652207 .7936636 .815794 .8310862 .8419092 .8498566 .8594605 .8721265 .8873596 .9020297 .9131272 .9257753 .9442156 .9674894 .9931341 1.018539 1.048443 1.082 1.114324 1.142819 1.169176 1.18942 1.202078 1.211352 1.214605 1.214711 1.21024 1.198881 1.185938 1.175664 1.171115 1.173046 1.1841 1.206217 1.234422 1.26454 1.294424 1.321123 1.342587
1.180158 1.171615 1.158214 1.138309 1.112692 1.08296 1.055054 1.032658 1.013903 .9981082 .9863891 .9827239 .9760227 .9590816 .932687 .9014423 .8679873 .8358124 .8022669 .7736722 .7634531 .7678528 .77893 .8007091 .8298534 .8559818 .8753383 .8902488 .901217 .9148079 .9295104 .9442509 .9572954 .9700439 .9849235 1.000608 1.017838 1.034665 1.053625 1.078707 1.109478 1.138261 1.163943 1.186521 1.200846 1.212251 1.22107 1.224853 1.225691 1.22516 1.219642 1.209152 1.199422 1.194315 1.196138 1.206038 1.225189 1.250791 1.278136 1.304754 1.327178 1.342707
1.19698 1.191867 1.18098 1.163417 1.142937 1.119923 1.097422 1.076079 1.059427 1.048823 1.042282 1.038092 1.03142 1.016124 .9916591 .9631599 .9317204 .8999639 .8633303 .8343276 .8220674 .8221242 .8301229 .8485518 .8748028 .9010846 .9226683 .9395314 .9551789 .9715992 .9882005 1.004526 1.019024 1.033364 1.047674 1.063014 1.078327 1.093186 1.109913 1.12975 1.152144 1.174662 1.196101 1.210447 1.220057 1.229304 1.236927 1.240387 1.241227 1.240594 1.238832 1.232896 1.224846 1.220983 1.222811 1.231644 1.247271 1.267734 1.290128 1.3106 1.325725 1.333711
1.213996 1.2128 1.206366 1.193801 1.177523 1.158749 1.140224 1.123177 1.109518 1.100636 1.096169 1.09361 1.087844 1.073838 1.05084 1.024047 .9945087 .9624735 .9297588 .9023214 .8877034 .882572 .8888614 .9062021 .9294181 .9526049 .9737766 .9916199 1.00804 1.026101 1.045525 1.06461 1.082394 1.097899 1.112518 1.127745 1.141949 1.155941 1.170915 1.186679 1.201385 1.217228 1.230119 1.238114 1.245995 1.2542 1.261116 1.263678 1.262611 1.259764 1.256767 1.253666 1.248774 1.245196 1.246564 1.253775 1.266784 1.282218 1.297059 1.309279 1.316045 1.316399
1.23455 1.236525 1.234706 1.22753 1.216245 1.202804 1.189096 1.176648 1.165618 1.15692 1.152736 1.151164 1.146637 1.134862 1.115799 1.094037 1.067759 1.036712 1.003561 .9731089 .9587453 .9527807 .9544486 .9687517 .988437 1.008058 1.027233 1.043957 1.060644 1.078545 1.098527 1.120202 1.140917 1.15694 1.171361 1.186186 1.198523 1.210213 1.222388 1.232513 1.242485 1.252029 1.25792 1.263721 1.271671 1.280403 1.285667 1.287638 1.286581 1.280359 1.273642 1.269242 1.266714 1.264431 1.264737 1.269618 1.278711 1.288914 1.296788 1.300644 1.299262 1.292522
1.259825 1.262693 1.262561 1.258842 1.251534 1.242955 1.234448 1.226163 1.218169 1.211431 1.208373 1.206918 1.204735 1.197819 1.183504 1.164689 1.141743 1.114295 1.084043 1.055873 1.038572 1.029804 1.027354 1.035906 1.051098 1.066951 1.081746 1.09643 1.112229 1.128695 1.147061 1.167241 1.186623 1.201335 1.215609 1.228332 1.238769 1.249097 1.257769 1.264561 1.271187 1.275511 1.277646 1.281178 1.287537 1.293094 1.294372 1.295693 1.297029 1.293938 1.286203 1.280089 1.277713 1.276365 1.275001 1.275719 1.279073 1.283159 1.284962 1.282511 1.274505 1.261772
1.286302 1.289649 1.291193 1.292254 1.290653 1.286867 1.281689 1.275802 1.269998 1.265147 1.262781 1.261635 1.257978 1.250242 1.238717 1.224153 1.208618 1.189334 1.167264 1.144119 1.12537 1.11678 1.11203 1.113913 1.121306 1.132178 1.141769 1.149779 1.160506 1.174229 1.187953 1.204211 1.218948 1.232237 1.244505 1.254735 1.264354 1.272742 1.278798 1.283778 1.287785 1.289605 1.290687 1.292105 1.294567 1.294699 1.292489 1.292753 1.295365 1.297802 1.294518 1.288557 1.284606 1.282192 1.279128 1.275438 1.272676 1.270264 1.266101 1.257733 1.243363 1.224226
1.306166 1.311259 1.314711 1.316953 1.317367 1.316149 1.314009 1.311332 1.308155 1.304467 1.300582 1.29687 1.293455 1.289445 1.283536 1.275473 1.26598 1.25345 1.237806 1.221151 1.20834 1.199605 1.194576 1.190661 1.192405 1.194854 1.195679 1.198036 1.204515 1.212282 1.221834 1.232873 1.242967 1.253327 1.262434 1.270033 1.277615 1.284005 1.288623 1.29211 1.294258 1.295188 1.296095 1.297203 1.297075 1.293059 1.289025 1.288118 1.29039 1.295003 1.297627 1.294482 1.289844 1.286111 1.281807 1.274821 1.266825 1.258682 1.248957 1.2349 1.214161 1.188926
1.311664 1.317392 1.320841 1.321396 1.320376 1.318537 1.316657 1.315359 1.314572 1.313783 1.312902 1.312155 1.311445 1.310172 1.307638 1.303142 1.2966 1.289134 1.28148 1.273585 1.265123 1.256125 1.249136 1.245546 1.243735 1.239272 1.235576 1.235661 1.237819 1.240952 1.246543 1.252811 1.259178 1.265868 1.27142 1.27629 1.281176 1.284953 1.287292 1.289061 1.290412 1.290666 1.29072 1.291624 1.292139 1.288514 1.283641 1.281855 1.283574 1.288232 1.294045 1.295899 1.292334 1.287862 1.282915 1.274577 1.262738 1.250028 1.235602 1.217234 1.19231 1.16352
1.299525 1.305596 1.310484 1.311924 1.31145 1.310353 1.309128 1.308346 1.308149 1.308194 1.308069 1.307716 1.307147 1.306368 1.305042 1.302987 1.300525 1.297269 1.293616 1.289637 1.284336 1.278423 1.273635 1.270877 1.267479 1.262979 1.259113 1.257469 1.256425 1.256376 1.257789 1.259964 1.26267 1.265236 1.267129 1.2688 1.270092 1.270375 1.270407 1.271292 1.272873 1.273278 1.273263 1.27458 1.278159 1.279279 1.2764 1.274617 1.275949 1.280217 1.286473 1.291416 1.290306 1.28581 1.280498 1.27222 1.258193 1.24282 1.22601 1.205913 1.179669 1.149557
1.273756 1.279699 1.285822 1.290235 1.290158 1.28864 1.286696 1.284549 1.282353 1.280245 1.278263 1.276444 1.275159 1.275117 1.276602 1.278285 1.278891 1.278445 1.276916 1.275251 1.273928 1.272567 1.270658 1.26871 1.26717 1.265898 1.264186 1.262326 1.260117 1.257571 1.255527 1.254235 1.253128 1.25163 1.249962 1.247903 1.244494 1.240679 1.239058 1.239722 1.241745 1.245147 1.247812 1.250665 1.256368 1.264598 1.267356 1.266685 1.268122 1.272056 1.277841 1.283259 1.283372 1.27941 1.274747 1.267891 1.254068 1.238269 1.220706 1.200067 1.173768 1.142874
1.241155 1.245419 1.250202 1.256113 1.25911 1.25775 1.254184 1.249035 1.242683 1.236442 1.231283 1.227318 1.22548 1.22682 1.231416 1.237808 1.240439 1.240538 1.240093 1.241027 1.242939 1.243897 1.244434 1.24519 1.246256 1.246754 1.246961 1.246759 1.24439 1.241565 1.23972 1.236813 1.232078 1.226823 1.222677 1.217926 1.210474 1.203261 1.199737 1.200344 1.204155 1.210753 1.218144 1.224547 1.233052 1.245434 1.255043 1.258181 1.260506 1.264693 1.270454 1.275825 1.276195 1.272932 1.26945 1.264457 1.251992 1.236893 1.218987 1.197559 1.170902 1.139676
1.203349 1.205778 1.208156 1.211026 1.213629 1.214915 1.212239 1.204417 1.193123 1.182326 1.174365 1.169169 1.167308 1.170103 1.17589 1.184176 1.190885 1.19208 1.19189 1.194379 1.199142 1.201645 1.203445 1.206051 1.208238 1.208583 1.208556 1.207938 1.205601 1.203468 1.201894 1.199284 1.192916 1.185186 1.179717 1.17426 1.166139 1.157715 1.153009 1.154378 1.161755 1.171481 1.18396 1.19687 1.208474 1.222742 1.238343 1.248406 1.253141 1.258354 1.264672 1.270349 1.270863 1.267771 1.264669 1.260288 1.24801 1.23298 1.215229 1.193985 1.167574 1.136546
1.164704 1.163958 1.163556 1.161198 1.158229 1.155883 1.151411 1.142543 1.130926 1.118999 1.109461 1.1042 1.103687 1.1067 1.112404 1.120504 1.129115 1.133264 1.135308 1.137467 1.142051 1.147336 1.149955 1.151987 1.154235 1.156058 1.154929 1.151281 1.148674 1.146863 1.143896 1.14128 1.135779 1.126816 1.117829 1.110748 1.10438 1.098826 1.097298 1.101077 1.112277 1.126608 1.143963 1.165453 1.182395 1.198832 1.217843 1.236188 1.246272 1.253511 1.261006 1.266833 1.266397 1.26149 1.256135 1.248327 1.232659 1.215635 1.19795 1.178767 1.155756 1.128688
1.1256 1.122146 1.118695 1.110909 1.099183 1.086846 1.072983 1.057952 1.042092 1.023943 1.011013 1.006464 1.007784 1.016187 1.028757 1.041173 1.051817 1.060103 1.06728 1.072811 1.07697 1.083408 1.08882 1.091076 1.093185 1.093898 1.092768 1.087295 1.083221 1.078033 1.074185 1.069982 1.063694 1.053599 1.042979 1.032272 1.023624 1.020008 1.023879 1.038659 1.055873 1.075839 1.100481 1.129578 1.157201 1.176762 1.198239 1.221332 1.238421 1.24881 1.257585 1.263812 1.26239 1.255181 1.246676 1.234107 1.215611 1.197227 1.178786 1.159859 1.139452 1.11625
1.083914 1.078152 1.071712 1.056989 1.026651 .9852621 .9426017 .9083964 .8801357 .8526971 .8406177 .8382449 .8420634 .8662121 .8945492 .9194962 .9353302 .9532502 .9713936 .986239 .9990173 1.010419 1.018096 1.02234 1.025258 1.024858 1.021354 1.015176 1.008836 1.001911 .9963859 .9909247 .9834609 .9739708 .963203 .9506246 .9405059 .9311171 .9305919 .9593331 .9973504 1.025702 1.056761 1.09314 1.131136 1.157242 1.181083 1.206604 1.229853 1.244704 1.25453 1.259457 1.256624 1.248029 1.237123 1.220951 1.200966 1.18148 1.162395 1.143477 1.1238 1.10221
1.036518 1.021855 1.005705 .9733638 .9066815 .8188998 .7385178 .6877408 .6576641 .635665 .6287941 .6340634 .6432366 .6694596 .7090579 .7417288 .767004 .795777 .8264835 .854675 .882154 .9081549 .9241385 .9306883 .9347944 .9353283 .9330818 .9260036 .9174444 .9071221 .9006429 .8985128 .8940978 .8869459 .8760099 .8677061 .8673473 .8609703 .8563941 .8871501 .9427856 .9846745 1.022085 1.064325 1.108149 1.142153 1.166857 1.191896 1.214764 1.230086 1.238224 1.241247 1.23921 1.23304 1.222551 1.206318 1.187379 1.167388 1.147738 1.128339 1.108174 1.086014
.9674416 .937197 .8967769 .8310902 .7288951 .6155503 .5219306 .4684555 .4488289 .4453763 .4538147 .4661879 .4757072 .4919519 .5148134 .5439544 .5683103 .6042488 .6390193 .6780168 .7207634 .7550347 .7809679 .7949122 .8002467 .8019038 .8021552 .7976502 .7911087 .7818468 .7790219 .7808086 .7918031 .7989382 .7958648 .798945 .8104072 .8161206 .8262371 .855472 .913192 .9623993 1.005026 1.049972 1.09565 1.133126 1.156246 1.178381 1.197089 1.209004 1.215256 1.218672 1.218943 1.215598 1.206519 1.19202 1.174904 1.155184 1.135292 1.114933 1.093976 1.070548
.8711343 .8214349 .7538126 .6596019 .5475958 .4385387 .3533805 .3098 .3089702 .3233906 .3355111 .3496473 .362602 .3774211 .3895412 .3929711 .411252 .4410381 .4726191 .5189369 .5713663 .6013813 .6166629 .6345668 .6440114 .6431558 .6348401 .6294824 .6228254 .622432 .6288529 .6384363 .671374 .7078801 .7282177 .7470983 .7686734 .790068 .8138736 .8469937 .9022895 .9537202 1.00143 1.048386 1.093511 1.129955 1.150347 1.169209 1.183572 1.192057 1.197736 1.20209 1.203293 1.199589 1.190473 1.177859 1.161572 1.143395 1.124461 1.104053 1.082153 1.057319
.7754269 .7040727 .6154623 .5172932 .4146919 .3231343 .2570723 .2357072 .2626791 .2948042 .314508 .321798 .3163213 .3166431 .3304911 .3325955 .3271736 .3464167 .3862514 .4369849 .4886551 .5134125 .5147464 .5109413 .5210379 .5303256 .5194197 .494761 .4745487 .4871168 .5044853 .5149357 .556524 .6246724 .6771541 .7171331 .7527637 .7844593 .812564 .8496054 .9045781 .9563577 1.005058 1.051236 1.095179 1.129737 1.147689 1.163714 1.173942 1.179363 1.184054 1.187983 1.187417 1.180434 1.171079 1.160511 1.145039 1.128504 1.111897 1.093623 1.071907 1.046857
.6954134 .6185144 .5274554 .4354688 .3507101 .2842519 .2433767 .2385154 .2756375 .3112689 .3336702 .340528 .333161 .3263769 .3343761 .331968 .3205018 .3300727 .369164 .4198007 .4594138 .4766414 .4763056 .4676568 .4710751 .480983 .4731282 .4522509 .4318109 .4398043 .4620405 .4782011 .5187693 .5964093 .664791 .7206052 .765934 .8033958 .8332858 .8735599 .9252555 .9743751 1.020977 1.063012 1.10387 1.133854 1.148558 1.160659 1.165815 1.167969 1.170357 1.169791 1.163029 1.152799 1.143037 1.132859 1.120003 1.107268 1.095106 1.081075 1.061931 1.039307
.6206461 .5465339 .4677522 .3937584 .3333391 .2970088 .2829671 .2933939 .3306344 .3660643 .3892929 .3953041 .3994122 .3976685 .391146 .3844744 .374658 .3799805 .4003543 .4340088 .4659221 .4843047 .4909728 .4898858 .4900696 .4918318 .4865527 .4763006 .4698485 .4790366 .4949454 .5156392 .5594385 .6241719 .6894722 .7471605 .7958657 .8382137 .8755391 .9183572 .9639679 1.008892 1.048923 1.083559 1.118411 1.140701 1.151959 1.159072 1.159429 1.15767 1.151374 1.139619 1.12645 1.113797 1.10196 1.091908 1.083009 1.07543 1.068411 1.060396 1.047508 1.03197
.5613298 .4881057 .4243299 .3807748 .3489105 .3330528 .3347287 .3631425 .4056499 .4406867 .4673915 .4904636 .4952834 .4892288 .478418 .472112 .4694336 .4637395 .4677602 .4840408 .5075596 .5245387 .5359032 .5450769 .5483033 .5418085 .5341591 .5311099 .5352638 .5423782 .5523648 .5747055 .6181237 .6728103 .7339262 .7902749 .8396599 .8844358 .9277056 .9697769 1.009737 1.049274 1.081935 1.111438 1.137992 1.150206 1.157125 1.158207 1.15425 1.145292 1.124583 1.101925 1.08314 1.066426 1.051791 1.041066 1.035843 1.033068 1.031923 1.030944 1.026875 1.020317
.5394716 .4704994 .4205649 .4061641 .3956309 .3889954 .4013123 .4432675 .4924771 .5362992 .5733135 .5934076 .597364 .5927169 .588544 .5800211 .5719206 .5635826 .5621098 .5674135 .578732 .589591 .6020267 .6140192 .6163111 .6072107 .5990548 .6008267 .6049022 .6057298 .6130193 .636335 .6717979 .7241901 .7858793 .8419183 .8909028 .9369072 .9814363 1.020536 1.056722 1.087957 1.114633 1.140803 1.158059 1.162001 1.163656 1.159142 1.150734 1.129138 1.09908 1.068031 1.04019 1.01722 .9986374 .9860305 .9806659 .98091 .9859673 .9923769 .9962835 .9988245
.5663157 .5130944 .4837033 .4778975 .4744059 .4795929 .505394 .5484349 .6034418 .654591 .6910957 .7119156 .7189034 .7178633 .7087361 .6970736 .6853107 .6738293 .6693742 .6659145 .6710532 .6788657 .6887147 .694666 .6934294 .6869975 .6809338 .6796959 .6786864 .6779873 .68482 .7032405 .732549 .781358 .839093 .8934625 .9422078 .9883272 1.031908 1.069524 1.101609 1.125831 1.148721 1.167469 1.174116 1.173697 1.170311 1.162082 1.148045 1.117772 1.082216 1.04369 1.005749 .9723558 .9447294 .9261851 .9192367 .9207267 .9280794 .9394445 .9495569 .9579728
