py_wake/examples/data/AJ_ParqueFicticio/Ridge area   Sector 6   Height 200m   Weibull-k.grd
DSAA
90  129
 262878   265103
 6504214   6507414
 1.052734   2.669922
[rows 27 to 53 of 129, columns 0 to 61 of 90]
2.458984 2.458984 2.458984 2.455078 2.451172 2.447266 2.443359 2.439453 2.439453 2.439453 2.439453 2.443359 2.447266 2.451172 2.455078 2.455078 2.451172 2.451172 2.447266 2.447266 2.443359 2.439453 2.439453 2.439453 2.435547 2.435547 2.435547 2.431641 2.427734 2.427734 2.423828 2.419922 2.419922 2.416016 2.412109 2.408203 2.404297 2.396484 2.388672 2.380859 2.376953 2.373047 2.373047 2.373047 2.376953 2.380859 2.388672 2.392578 2.400391 2.404297 2.412109 2.416016 2.419922 2.419922 2.419922 2.419922 1.068359 1.162109 1.349609 1.537109 1.705078 1.826172
2.470703 2.470703 2.466797 2.466797 2.462891 2.455078 2.451172 2.447266 2.439453 2.439453 2.439453 2.443359 2.443359 2.447266 2.447266 2.447266 2.443359 2.443359 2.439453 2.439453 2.439453 2.439453 2.439453 2.439453 2.435547 2.435547 2.435547 2.431641 2.427734 2.423828 2.423828 2.419922 2.416016 2.412109 2.412109 2.408203 2.400391 2.392578 2.384766 2.376953 2.369141 2.365234 2.361328 2.361328 2.365234 2.373047 2.376953 2.384766 2.392578 2.396484 2.404297 2.412109 2.412109 2.416016 2.416016 2.416016 1.103516 1.162109 1.404297 1.576172 1.720703 1.810547
2.478516 2.478516 2.478516 2.474609 2.470703 2.466797 2.458984 2.451172 2.447266 2.439453 2.439453 2.439453 2.443359 2.443359 2.443359 2.439453 2.439453 2.439453 2.439453 2.439453 2.439453 2.439453 2.439453 2.439453 2.435547 2.435547 2.431641 2.427734 2.427734 2.423828 2.419922 2.416016 2.416016 2.412109 2.408203 2.404297 2.396484 2.388672 2.380859 2.373047 2.365234 2.357422 2.353516 2.353516 2.357422 2.361328 2.369141 2.376953 2.384766 2.392578 2.396484 2.404297 2.408203 2.408203 2.408203 1.095703 1.126953 1.201172 1.447266 1.587891 1.705078 1.775391
2.486328 2.486328 2.486328 2.482422 2.478516 2.474609 2.466797 2.458984 2.451172 2.443359 2.439453 2.439453 2.439453 2.439453 2.435547 2.435547 2.435547 2.435547 2.435547 2.435547 2.435547 2.435547 2.435547 2.435547 2.435547 2.435547 2.431641 2.427734 2.423828 2.419922 2.416016 2.412109 2.408203 2.408203 2.404297 2.400391 2.392578 2.388672 2.376953 2.369141 2.361328 2.353516 2.349609 2.349609 2.349609 2.353516 2.361328 2.369141 2.376953 2.384766 2.392578 2.396484 2.400391 2.400391 2.400391 1.099609 1.150391 1.205078 1.458984 1.572266 1.658203 1.724609
2.490234 2.490234 2.490234 2.490234 2.486328 2.478516 2.474609 2.466797 2.455078 2.447266 2.443359 2.439453 2.439453 2.435547 2.435547 2.431641 2.431641 2.435547 2.435547 2.435547 2.431641 2.431641 2.431641 2.431641 2.431641 2.427734 2.423828 2.419922 2.416016 2.412109 2.408203 2.404297 2.404297 2.400391 2.396484 2.392578 2.388672 2.384766 2.376953 2.369141 2.361328 2.353516 2.345703 2.345703 2.345703 2.345703 2.353516 2.361328 2.369141 2.376953 2.384766 2.392578 2.396484 2.400391 1.142578 1.107422 1.142578 1.201172 1.412109 1.521484 1.587891 1.658203
2.490234 2.494141 2.494141 2.490234 2.486328 2.482422 2.474609 2.466797 2.458984 2.447266 2.443359 2.439453 2.435547 2.435547 2.431641 2.431641 2.431641 2.431641 2.431641 2.431641 2.431641 2.427734 2.427734 2.423828 2.423828 2.419922 2.412109 2.408203 2.404297 2.400391 2.400391 2.396484 2.396484 2.392578 2.392578 2.388672 2.384766 2.380859 2.376953 2.369141 2.361328 2.349609 2.341797 2.337891 2.337891 2.341797 2.345703 2.353516 2.365234 2.373047 2.380859 2.388672 2.396484 1.197266 1.162109 1.115234 1.115234 1.142578 1.220703 1.470703 1.521484 1.587891
2.494141 2.494141 2.494141 2.494141 2.490234 2.482422 2.474609 2.466797 2.458984 2.451172 2.443359 2.439453 2.435547 2.431641 2.431641 2.431641 2.431641 2.431641 2.431641 2.427734 2.427734 2.423828 2.423828 2.419922 2.416016 2.408203 2.404297 2.396484 2.392578 2.388672 2.388672 2.384766 2.384766 2.384766 2.384766 2.384766 2.380859 2.376953 2.373047 2.365234 2.357422 2.349609 2.341797 2.333984 2.333984 2.333984 2.341797 2.349609 2.361328 2.369141 2.380859 2.388672 2.396484 1.306641 1.236328 1.189453 1.169922 1.173828 1.177734 1.458984 1.494141 1.552734
2.490234 2.494141 2.494141 2.494141 2.490234 2.482422 2.474609 2.466797 2.458984 2.451172 2.443359 2.439453 2.435547 2.431641 2.431641 2.431641 2.431641 2.431641 2.431641 2.427734 2.423828 2.423828 2.419922 2.412109 2.408203 2.400391 2.392578 2.388672 2.380859 2.376953 2.376953 2.376953 2.376953 2.376953 2.376953 2.376953 2.376953 2.376953 2.373047 2.365234 2.357422 2.349609 2.341797 2.333984 2.333984 2.333984 2.337891 2.349609 2.361328 2.373047 2.380859 2.392578 2.404297 1.966797 1.373047 1.279297 1.248047 1.240234 1.263672 1.388672 1.462891 1.525391
2.490234 2.494141 2.494141 2.498047 2.490234 2.486328 2.478516 2.470703 2.462891 2.458984 2.451172 2.443359 2.439453 2.435547 2.435547 2.435547 2.435547 2.431641 2.431641 2.427734 2.427734 2.423828 2.416016 2.412109 2.404297 2.400391 2.392578 2.384766 2.376953 2.373047 2.373047 2.373047 2.373047 2.376953 2.376953 2.376953 2.376953 2.376953 2.373047 2.369141 2.361328 2.353516 2.345703 2.337891 2.333984 2.337891 2.341797 2.353516 2.365234 2.376953 2.388672 2.400391 2.412109 2.419922 1.826172 1.416016 1.306641 1.267578 1.267578 1.326172 1.392578 1.466797
2.486328 2.494141 2.498047 2.498047 2.498047 2.490234 2.486328 2.478516 2.474609 2.466797 2.458984 2.451172 2.443359 2.443359 2.439453 2.439453 2.439453 2.435547 2.431641 2.431641 2.427734 2.423828 2.419922 2.416016 2.408203 2.400391 2.392578 2.388672 2.380859 2.376953 2.376953 2.376953 2.376953 2.376953 2.380859 2.380859 2.380859 2.380859 2.376953 2.373047 2.365234 2.357422 2.349609 2.345703 2.341797 2.345703 2.349609 2.361328 2.373047 2.384766 2.396484 2.408203 2.419922 2.427734 2.435547 1.728516 1.380859 1.279297 1.248047 1.267578 1.318359 1.419922
2.482422 2.494141 2.498047 2.501953 2.501953 2.498047 2.494141 2.490234 2.482422 2.478516 2.470703 2.462891 2.455078 2.451172 2.447266 2.447266 2.443359 2.439453 2.435547 2.431641 2.431641 2.427734 2.423828 2.419922 2.416016 2.408203 2.404297 2.396484 2.388672 2.384766 2.384766 2.380859 2.384766 2.384766 2.384766 2.388672 2.388672 2.388672 2.384766 2.380859 2.373047 2.365234 2.361328 2.353516 2.353516 2.353516 2.361328 2.369141 2.380859 2.392578 2.404297 2.416016 2.423828 2.431641 2.439453 2.443359 1.615234 1.333984 1.255859 1.240234 1.287109 2.548828
2.478516 2.494141 2.501953 2.505859 2.505859 2.505859 2.501953 2.501953 2.498047 2.490234 2.482422 2.474609 2.466797 2.462891 2.458984 2.455078 2.451172 2.447266 2.443359 2.443359 2.435547 2.431641 2.431641 2.427734 2.423828 2.416016 2.412109 2.408203 2.400391 2.396484 2.392578 2.392578 2.392578 2.392578 2.392578 2.392578 2.392578 2.392578 2.388672 2.384766 2.380859 2.376953 2.369141 2.365234 2.365234 2.365234 2.369141 2.376953 2.388672 2.400391 2.408203 2.419922 2.427734 2.435547 2.443359 2.443359 2.443359 1.462891 1.291016 1.240234 2.521484 2.548828
2.470703 2.490234 2.501953 2.509766 2.513672 2.513672 2.513672 2.509766 2.505859 2.501953 2.498047 2.490234 2.482422 2.474609 2.470703 2.470703 2.466797 2.458984 2.458984 2.455078 2.451172 2.447266 2.443359 2.435547 2.431641 2.427734 2.423828 2.419922 2.412109 2.408203 2.404297 2.404297 2.400391 2.400391 2.400391 2.400391 2.400391 2.400391 2.396484 2.392578 2.388672 2.384766 2.380859 2.376953 2.373047 2.373047 2.376953 2.384766 2.396484 2.404297 2.416016 2.423828 2.431641 2.435547 2.443359 2.443359 2.443359 2.083984 1.376953 1.259766 2.525391 2.552734
2.462891 2.486328 2.505859 2.513672 2.517578 2.517578 2.517578 2.517578 2.517578 2.513672 2.509766 2.501953 2.498047 2.490234 2.486328 2.482422 2.478516 2.474609 2.470703 2.470703 2.466797 2.466797 2.462891 2.455078 2.447266 2.435547 2.435547 2.427734 2.423828 2.419922 2.416016 2.416016 2.412109 2.412109 2.408203 2.408203 2.408203 2.408203 2.404297 2.400391 2.396484 2.392578 2.388672 2.384766 2.380859 2.380859 2.384766 2.392578 2.400391 2.408203 2.416016 2.423828 2.431641 2.439453 2.443359 2.443359 2.447266 2.466797 1.748047 1.322266 2.525391 2.548828
2.455078 2.486328 2.505859 2.513672 2.521484 2.521484 2.521484 2.525391 2.525391 2.525391 2.521484 2.517578 2.509766 2.505859 2.501953 2.498047 2.494141 2.490234 2.486328 2.482422 2.482422 2.482422 2.478516 2.474609 2.466797 2.455078 2.447266 2.439453 2.435547 2.431641 2.427734 2.423828 2.423828 2.419922 2.416016 2.416016 2.412109 2.412109 2.408203 2.404297 2.400391 2.396484 2.392578 2.392578 2.388672 2.388672 2.392578 2.396484 2.404297 2.412109 2.419922 2.427734 2.431641 2.435547 2.439453 2.439453 2.451172 2.470703 2.494141 2.509766 2.529297 2.544922
2.455078 2.478516 2.501953 2.517578 2.521484 2.525391 2.525391 2.525391 2.529297 2.529297 2.525391 2.525391 2.521484 2.517578 2.517578 2.513672 2.509766 2.501953 2.498047 2.494141 2.494141 2.494141 2.494141 2.490234 2.482422 2.470703 2.462891 2.451172 2.443359 2.439453 2.439453 2.435547 2.431641 2.427734 2.423828 2.419922 2.416016 2.416016 2.412109 2.408203 2.404297 2.400391 2.396484 2.392578 2.392578 2.392578 2.396484 2.400391 2.408203 2.416016 2.419922 2.427734 2.431641 2.435547 2.439453 2.439453 2.455078 2.478516 2.501953 2.517578 2.533203 2.541016
2.455078 2.474609 2.498047 2.517578 2.521484 2.525391 2.525391 2.525391 2.525391 2.529297 2.529297 2.529297 2.525391 2.525391 2.521484 2.521484 2.517578 2.513672 2.509766 2.505859 2.501953 2.501953 2.501953 2.498047 2.494141 2.482422 2.474609 2.462891 2.451172 2.447266 2.443359 2.439453 2.435547 2.431641 2.427734 2.423828 2.419922 2.416016 2.416016 2.412109 2.408203 2.400391 2.396484 2.392578 2.392578 2.392578 2.396484 2.400391 2.408203 2.412109 2.419922 2.427734 2.431641 2.435547 2.439453 2.439453 2.458984 2.486328 2.509766 2.529297 2.537109 2.541016
2.451172 2.466797 2.498047 2.513672 2.521484 2.517578 2.517578 2.517578 2.521484 2.521484 2.525391 2.525391 2.529297 2.525391 2.525391 2.525391 2.525391 2.521484 2.517578 2.513672 2.509766 2.505859 2.505859 2.501953 2.494141 2.486328 2.478516 2.466797 2.458984 2.451172 2.447266 2.443359 2.439453 2.435547 2.431641 2.427734 2.423828 2.419922 2.416016 2.412109 2.408203 2.400391 2.396484 2.392578 2.392578 2.392578 2.396484 2.400391 2.404297 2.412109 2.419922 2.423828 2.431641 2.435547 2.435547 2.447266 2.470703 2.498047 2.521484 2.537109 2.541016 2.541016
2.451172 2.458984 2.490234 2.509766 2.513672 2.509766 2.505859 2.501953 2.501953 2.509766 2.513672 2.517578 2.521484 2.525391 2.525391 2.525391 2.525391 2.525391 2.521484 2.517578 2.513672 2.509766 2.505859 2.501953 2.498047 2.490234 2.482422 2.470703 2.462891 2.455078 2.451172 2.447266 2.443359 2.439453 2.435547 2.431641 2.427734 2.419922 2.416016 2.412109 2.408203 2.400391 2.396484 2.392578 2.392578 2.392578 2.392578 2.396484 2.404297 2.412109 2.419922 2.423828 2.431641 2.435547 2.435547 2.451172 2.482422 2.509766 2.533203 2.544922 2.544922 2.541016
2.447266 2.455078 2.486328 2.505859 2.509766 2.498047 2.482422 2.474609 2.474609 2.482422 2.490234 2.498047 2.505859 2.513672 2.517578 2.521484 2.521484 2.521484 2.521484 2.521484 2.517578 2.513672 2.509766 2.505859 2.501953 2.494141 2.482422 2.470703 2.462891 2.458984 2.455078 2.451172 2.447266 2.443359 2.435547 2.431641 2.427734 2.423828 2.416016 2.412109 2.408203 2.400391 2.396484 2.392578 2.388672 2.388672 2.388672 2.392578 2.400391 2.408203 2.416016 2.423828 2.431641 2.435547 2.439453 2.462891 2.494141 2.521484 2.541016 2.548828 2.544922 2.541016
2.443359 2.455078 2.478516 2.501953 2.505859 2.490234 2.462891 2.443359 2.435547 2.443359 2.451172 2.462891 2.474609 2.486328 2.498047 2.501953 2.509766 2.509766 2.513672 2.513672 2.513672 2.513672 2.509766 2.505859 2.501953 2.494141 2.482422 2.474609 2.462891 2.458984 2.458984 2.451172 2.447266 2.443359 2.439453 2.431641 2.427734 2.423828 2.416016 2.412109 2.404297 2.400391 2.392578 2.388672 2.384766 2.384766 2.384766 2.392578 2.400391 2.408203 2.416016 2.423828 2.431641 2.435547 2.443359 2.470703 2.501953 2.529297 2.544922 2.548828 2.544922 2.544922
2.439453 2.451172 2.470703 2.494141 2.501953 2.486328 2.451172 2.419922 2.400391 2.392578 2.396484 2.408203 2.419922 2.439453 2.458984 2.470703 2.482422 2.486328 2.494141 2.498047 2.498047 2.498047 2.494141 2.494141 2.490234 2.486328 2.482422 2.470703 2.458984 2.458984 2.458984 2.455078 2.451172 2.443359 2.439453 2.435547 2.427734 2.423828 2.416016 2.408203 2.404297 2.396484 2.388672 2.384766 2.380859 2.380859 2.384766 2.388672 2.396484 2.404297 2.416016 2.423828 2.431641 2.435547 2.447266 2.478516 2.509766 2.533203 2.548828 2.548828 2.548828 2.544922
2.435547 2.447266 2.462891 2.490234 2.498047 2.486328 2.455078 2.412109 2.373047 2.349609 2.341797 2.349609 2.361328 2.380859 2.408203 2.427734 2.443359 2.455078 2.462891 2.466797 2.466797 2.466797 2.466797 2.466797 2.470703 2.474609 2.470703 2.462891 2.458984 2.458984 2.458984 2.455078 2.451172 2.447266 2.439453 2.435547 2.427734 2.419922 2.416016 2.408203 2.400391 2.392578 2.388672 2.380859 2.376953 2.376953 2.380859 2.388672 2.396484 2.404297 2.416016 2.423828 2.431641 2.439453 2.451172 2.486328 2.513672 2.537109 2.544922 2.548828 2.548828 2.541016
2.431641 2.443359 2.455078 2.482422 2.498047 2.490234 2.462891 2.416016 2.369141 2.333984 2.318359 2.314453 2.318359 2.333984 2.357422 2.376953 2.396484 2.412109 2.419922 2.419922 2.423828 2.423828 2.427734 2.435547 2.447266 2.458984 2.462891 2.458984 2.458984 2.458984 2.458984 2.455078 2.451172 2.447266 2.439453 2.435547 2.427734 2.419922 2.416016 2.408203 2.400391 2.392578 2.384766 2.380859 2.376953 2.376953 2.380859 2.384766 2.392578 2.404297 2.416016 2.423828 2.431641 2.439453 2.455078 2.490234 2.517578 2.537109 2.544922 2.544922 2.544922 2.537109
2.431641 2.439453 2.451172 2.474609 2.494141 2.494141 2.474609 2.435547 2.388672 2.349609 2.330078 2.322266 2.322266 2.322266 2.326172 2.333984 2.349609 2.361328 2.365234 2.361328 2.361328 2.369141 2.380859 2.404297 2.427734 2.447266 2.458984 2.458984 2.458984 2.458984 2.458984 2.458984 2.455078 2.447266 2.439453 2.435547 2.427734 2.419922 2.416016 2.408203 2.400391 2.392578 2.384766 2.380859 2.376953 2.376953 2.380859 2.388672 2.396484 2.404297 2.416016 2.423828 2.435547 2.443359 2.458984 2.490234 2.517578 2.533203 2.541016 2.544922 2.541016 2.533203
2.427734 2.435547 2.447266 2.466797 2.490234 2.498047 2.486328 2.458984 2.416016 2.380859 2.357422 2.357422 2.353516 2.341797 2.318359 2.302734 2.298828 2.298828 2.291016 2.279297 2.279297 2.298828 2.330078 2.369141 2.408203 2.439453 2.458984 2.462891 2.458984 2.458984 2.458984 2.458984 2.455078 2.447266 2.443359 2.435547 2.427734 2.419922 2.416016 2.408203 2.400391 2.392578 2.388672 2.380859 2.376953 2.380859 2.384766 2.388672 2.396484 2.404297 2.416016 2.427734 2.435547 2.443359 2.458984 2.490234 2.513672 2.525391 2.537109 2.541016 2.537109 2.529297
2.427734 2.435547 2.443359 2.458984 2.486328 2.498047 2.494141 2.474609 2.447266 2.416016 2.404297 2.400391 2.396484 2.373047 2.337891 2.291016 2.263672 2.248047 2.224609 2.197266 2.201172 2.236328 2.287109 2.349609 2.400391 2.439453 2.458984 2.466797 2.458984 2.458984 2.458984 2.458984 2.455078 2.447266 2.439453 2.435547 2.427734 2.419922 2.416016 2.408203 2.404297 2.396484 2.392578 2.388672 2.384766 2.384766 2.388672 2.392578 2.400391 2.408203 2.416016 2.427734 2.439453 2.447266 2.458984 2.486328 2.505859 2.521484 2.533203 2.537109 2.533203 2.525391
