py_wake/examples/data/AJ_ParqueFicticio/Ridge area   Sector 11   Height 200m   Turbulence intensity.grd
DSAA
90  129
 262878   265103
 6504214   6507414
 8.887065   100
[rows 84 to 111 of 129, columns 0 to 62 of 90]
12.77312 12.47825 12.22575 12.05172 11.9449 11.86759 11.83378 11.83777 11.81885 11.73314 11.65871 11.60101 11.50454 11.41606 11.43445 11.51255 11.58703 11.61676 11.57646 11.48799 11.51851 11.59319 11.65695 11.67698 11.63002 11.51937 11.44358 11.40127 11.35109 11.37358 11.42282 11.46552 11.48889 11.46376 11.37826 11.267 11.1178 10.88455 10.64006 10.47707 10.29528 10.06387 9.863461 9.745474 9.63777 9.528877 9.445328 9.435634 9.502829 9.641786 9.858427 10.16428 10.59118 11.19947 12.06983 13.16693 14.35218 15.48815 16.36966 17.0682 17.48807 17.54576 17.87017
12.80891 12.50537 12.2578 12.07087 11.9196 11.86692 11.87674 11.88099 11.84455 11.78032 11.75674 11.76584 11.76586 11.73436 11.72149 11.74119 11.78514 11.80724 11.79765 11.74716 11.75026 11.80275 11.86329 11.879 11.83675 11.70426 11.55735 11.43179 11.30369 11.25476 11.20459 11.16037 11.14864 11.14135 11.0849 11.00025 10.90852 10.72377 10.54931 10.44176 10.29974 10.11164 9.905627 9.74131 9.607178 9.474934 9.382351 9.343349 9.357153 9.448946 9.627649 9.882307 10.24927 10.77309 11.52704 12.49448 13.7347 15.02954 16.29687 17.56399 18.71756 19.64177 20.52037
12.86016 12.58025 12.34889 12.14626 11.97169 11.93333 11.97365 12.01141 11.99204 11.92594 11.92975 11.99319 12.05808 12.08606 12.10625 12.09803 12.0702 12.05896 12.05405 12.04776 12.07489 12.12566 12.18076 12.1733 12.12804 11.99384 11.79702 11.59888 11.39402 11.25213 11.11065 10.97109 10.90341 10.87537 10.83432 10.80336 10.71941 10.5741 10.45905 10.39487 10.30985 10.19798 10.05548 9.895746 9.730101 9.574088 9.434889 9.328379 9.269562 9.306144 9.435361 9.633207 9.942124 10.38978 11.00604 11.7742 13.06464 14.54137 16.21196 17.95716 19.73579 21.54859 23.23068
12.96096 12.70479 12.49225 12.2966 12.13313 12.10309 12.15359 12.21559 12.24799 12.22908 12.2383 12.29445 12.36376 12.41952 12.47135 12.48731 12.45284 12.4017 12.36705 12.3639 12.39411 12.45531 12.50457 12.46454 12.41294 12.29661 12.06261 11.81559 11.56163 11.33961 11.12651 10.93344 10.79858 10.71016 10.67725 10.65692 10.56415 10.43882 10.3662 10.33974 10.32546 10.28779 10.20379 10.0866 9.927254 9.743375 9.557386 9.398216 9.274693 9.239613 9.300983 9.43898 9.677798 10.03804 10.54108 11.1961 12.22032 13.51934 15.21885 17.18465 19.26857 21.65759 24.25572
13.13029 12.90158 12.69261 12.51912 12.40857 12.38087 12.4165 12.48119 12.53597 12.58308 12.61629 12.66661 12.72261 12.79743 12.87165 12.92279 12.92359 12.8389 12.73139 12.68147 12.68633 12.71815 12.76287 12.70191 12.61961 12.5046 12.2774 12.01655 11.72852 11.45696 11.19641 10.96706 10.77387 10.65075 10.60576 10.56128 10.45975 10.33912 10.28193 10.29937 10.35999 10.36878 10.32262 10.23469 10.0991 9.92443 9.730324 9.550229 9.391046 9.279981 9.25757 9.324674 9.482178 9.744551 10.14425 10.79362 11.64181 12.6058 13.93118 15.6138 17.51609 19.8135 22.62334
13.3253 13.12354 12.90526 12.74533 12.70551 12.7194 12.74104 12.78532 12.83553 12.90187 12.98415 13.07291 13.16761 13.24575 13.29447 13.33196 13.35534 13.23699 13.09399 12.99401 12.96129 12.95478 12.98122 12.90792 12.787 12.6482 12.44227 12.177 11.86036 11.56734 11.27807 11.01144 10.76423 10.62029 10.56682 10.49178 10.37761 10.25166 10.20491 10.26466 10.37902 10.44924 10.45645 10.42781 10.36204 10.22456 10.01658 9.798598 9.585027 9.419403 9.313576 9.291374 9.361996 9.531268 9.824478 10.38469 11.14631 11.92951 12.90663 14.21224 15.70031 17.41447 19.69512
13.55225 13.38438 13.12805 12.96142 12.97494 13.03115 13.07547 13.10547 13.1559 13.21636 13.28949 13.38541 13.50617 13.6033 13.60903 13.5744 13.56262 13.4667 13.327 13.24146 13.18572 13.14448 13.15567 13.07189 12.91191 12.73903 12.524 12.24481 11.92796 11.63677 11.34101 11.05455 10.7679 10.60589 10.54387 10.45428 10.33152 10.1958 10.15492 10.22561 10.41757 10.57656 10.61724 10.62136 10.59908 10.51895 10.34536 10.1201 9.878845 9.657795 9.484337 9.368605 9.349683 9.449934 9.656499 10.06983 10.64688 11.29222 12.07818 13.18771 14.4131 15.72636 17.35146
13.91214 13.75939 13.51998 13.32514 13.32083 13.39693 13.45148 13.45696 13.4613 13.46547 13.47524 13.52049 13.61821 13.70738 13.6868 13.58381 13.51882 13.42573 13.30452 13.23589 13.18653 13.10481 13.11844 13.0246 12.84637 12.67798 12.47535 12.1899 11.9058 11.65411 11.37938 11.11887 10.85241 10.6761 10.60228 10.51236 10.40592 10.28851 10.22625 10.30684 10.47347 10.63612 10.72907 10.80538 10.86113 10.83899 10.70842 10.50732 10.27776 10.01098 9.775201 9.587777 9.505335 9.562451 9.721308 10.03047 10.40459 10.85624 11.45963 12.35818 13.38143 14.52833 15.86676
14.47314 14.26074 14.06817 13.94299 13.89879 13.91442 13.93681 13.89637 13.82225 13.72589 13.64427 13.59901 13.59414 13.59245 13.52153 13.4135 13.34295 13.23603 13.11412 13.05306 12.97419 12.86451 12.81427 12.70825 12.5632 12.41713 12.25471 12.02133 11.79469 11.60212 11.3674 11.1666 10.973 10.80916 10.71199 10.60621 10.50586 10.42574 10.37808 10.42678 10.56466 10.73804 10.89675 11.02757 11.16394 11.20431 11.11991 10.93693 10.71022 10.45045 10.20095 9.987469 9.860078 9.892459 10.03526 10.27465 10.50219 10.80721 11.23011 11.80761 12.54707 13.47286 14.70722
15.14074 14.90401 14.69239 14.52886 14.47274 14.45957 14.44897 14.35146 14.20191 14.00651 13.81656 13.66594 13.56702 13.47924 13.34422 13.22192 13.14659 13.03842 12.92436 12.83026 12.69357 12.56182 12.44838 12.32967 12.21117 12.07698 11.93806 11.77588 11.63536 11.49467 11.30138 11.14833 11.01792 10.90213 10.81238 10.69845 10.6087 10.5387 10.5029 10.54682 10.70144 10.88403 11.09543 11.28846 11.48792 11.61579 11.60505 11.44019 11.21643 10.96996 10.70967 10.48025 10.3503 10.39077 10.5438 10.74796 10.90225 11.06538 11.27701 11.52541 11.94721 12.60808 13.65461
15.73109 15.49069 15.17474 14.93204 14.82351 14.81807 14.85216 14.73969 14.4846 14.24194 13.99547 13.75373 13.59204 13.43901 13.2444 13.08848 12.97529 12.85627 12.75003 12.62205 12.46791 12.28315 12.1276 12.00777 11.88491 11.77299 11.65737 11.54242 11.47285 11.37699 11.23096 11.11117 11.02762 10.9677 10.90962 10.81343 10.73528 10.66061 10.61978 10.6563 10.79898 11.0148 11.25796 11.52209 11.81415 12.03318 12.10031 12.01897 11.84222 11.60495 11.32268 11.09164 10.99362 11.07304 11.27993 11.52152 11.60801 11.62841 11.63778 11.61359 11.67264 11.9938 12.77541
16.17531 15.93497 15.57158 15.24037 15.05908 15.0019 14.96882 14.84623 14.55904 14.31765 14.07322 13.79332 13.58359 13.38347 13.16101 12.97964 12.83203 12.7018 12.57245 12.43414 12.2694 12.07097 11.88135 11.72719 11.59531 11.48599 11.38893 11.3295 11.31213 11.26962 11.19876 11.12834 11.06387 11.02448 10.97823 10.90332 10.81358 10.72152 10.66759 10.70256 10.85294 11.06695 11.3457 11.70225 12.1217 12.45951 12.62658 12.61841 12.48344 12.27394 12.02048 11.80767 11.73774 11.92083 12.19324 12.5027 12.58416 12.4986 12.32226 12.09424 11.89522 11.89497 12.31222
16.59459 16.28593 15.90444 15.51518 15.2696 15.11409 15.00484 14.84991 14.54769 14.3081 14.05746 13.79202 13.55355 13.31126 13.08037 12.89381 12.73564 12.56607 12.40556 12.252 12.0817 11.86739 11.65164 11.47791 11.33886 11.19868 11.11573 11.11822 11.13929 11.15401 11.16367 11.16537 11.1385 11.12202 11.08624 11.0219 10.92715 10.81072 10.73287 10.734 10.86377 11.09342 11.42066 11.8724 12.42351 12.92445 13.21708 13.28253 13.21201 13.0581 12.87062 12.67065 12.61217 12.88896 13.28858 13.67796 13.80549 13.69246 13.39732 12.96345 12.55547 12.29725 12.32275
16.89481 16.54635 16.15653 15.7647 15.46256 15.24115 15.09162 14.88175 14.56681 14.30282 14.03201 13.77029 13.5246 13.27098 13.03466 12.83654 12.6672 12.47515 12.27937 12.10152 11.90527 11.66446 11.41251 11.25752 11.13277 10.97242 10.89443 10.91422 10.95797 11.02971 11.12443 11.20688 11.25247 11.27731 11.26147 11.20886 11.10529 10.95821 10.82792 10.77745 10.87452 11.12465 11.5045 12.04303 12.74901 13.44134 13.905 14.09679 14.15597 14.05287 13.85401 13.62919 13.65383 14.02341 14.55787 15.04832 15.23635 15.17581 14.76278 14.05542 13.38022 12.89251 12.63568
16.92633 16.62274 16.27073 15.94098 15.62545 15.38254 15.21866 14.94614 14.62501 14.33788 14.06325 13.78784 13.5313 13.28495 13.04141 12.81636 12.63158 12.43206 12.23331 12.03555 11.7932 11.5328 11.27218 11.1274 11.01116 10.85988 10.77573 10.78738 10.82959 10.93087 11.08286 11.22614 11.34079 11.42513 11.46166 11.44339 11.3355 11.16133 10.97933 10.87092 10.89812 11.11885 11.5278 12.14964 12.99358 13.92918 14.63148 14.99899 15.20757 15.15462 14.97221 14.73842 14.85341 15.32136 15.94978 16.55063 16.86608 16.88782 16.45749 15.45681 14.42109 13.65627 13.22667
16.81323 16.50769 16.20245 15.95291 15.65599 15.42706 15.26264 14.98421 14.66697 14.37774 14.10782 13.84131 13.57115 13.32252 13.0919 12.8741 12.67775 12.46849 12.2779 12.08273 11.84619 11.58427 11.32447 11.15895 11.03083 10.88466 10.77263 10.7488 10.77494 10.88314 11.06931 11.26514 11.44206 11.59319 11.69139 11.71191 11.60831 11.40921 11.18313 10.99802 10.92776 11.07487 11.47172 12.13532 13.06107 14.15682 15.11364 15.74934 16.1498 16.29041 16.23424 16.06047 16.13012 16.62828 17.31818 17.97439 18.40833 18.51569 18.18511 17.25282 16.06387 15.05454 14.37731
1.70141E+38 1.70141E+38 1.70141E+38 1.70141E+38 1.70141E+38 1.70141E+38 1.70141E+38 1.70141E+38 1.70141E+38 1.70141E+38 1.70141E+38 1.70141E+38 1.70141E+38 1.70141E+38 1.70141E+38 1.70141E+38 1.70141E+38 1.70141E+38 1.70141E+38 1.70141E+38 1.70141E+38 1.70141E+38 1.70141E+38 1.70141E+38 1.70141E+38 1.70141E+38 1.70141E+38 1.70141E+38 1.70141E+38 1.70141E+38 1.70141E+38 1.70141E+38 1.70141E+38 1.70141E+38 1.70141E+38 1.70141E+38 1.70141E+38 1.70141E+38 1.70141E+38 1.70141E+38 1.70141E+38 1.70141E+38 1.70141E+38 1.70141E+38 1.70141E+38 1.70141E+38 1.70141E+38 1.70141E+38 1.70141E+38 1.70141E+38 1.70141E+38 1.70141E+38 1.70141E+38 1.70141E+38 1.70141E+38 1.70141E+38 1.70141E+38 1.70141E+38 1.70141E+38 1.70141E+38 1.70141E+38 1.70141E+38 1.70141E+38
1.70141E+38 1.70141E+38 1.70141E+38 1.70141E+38 1.70141E+38 1.70141E+38 1.70141E+38 1.70141E+38 1.70141E+38 1.70141E+38 1.70141E+38 1.70141E+38 1.70141E+38 1.70141E+38 1.70141E+38 1.70141E+38 1.70141E+38 1.70141E+38 1.70141E+38 1.70141E+38 1.70141E+38 1.70141E+38 1.70141E+38 1.70141E+38 1.70141E+38 1.70141E+38 1.70141E+38 1.70141E+38 1.70141E+38 1.70141E+38 1.70141E+38 1.70141E+38 1.70141E+38 1.70141E+38 1.70141E+38 1.70141E+38 1.70141E+38 1.70141E+38 1.70141E+38 1.70141E+38 1.70141E+38 1.70141E+38 1.70141E+38 1.70141E+38 1.70141E+38 1.70141E+38 1.70141E+38 1.70141E+38 1.70141E+38 1.70141E+38 1.70141E+38 1.70141E+38 1.70141E+38 1.70141E+38 1.70141E+38 1.70141E+38 1.70141E+38 1.70141E+38 1.70141E+38 1.70141E+38 1.70141E+38 1.70141E+38 1.70141E+38
1.70141E+38 1.70141E+38 1.70141E+38 1.70141E+38 1.70141E+38 1.70141E+38 1.70141E+38 1.70141E+38 1.70141E+38 1.70141E+38 1.70141E+38 1.70141E+38 1.70141E+38 1.70141E+38 1.70141E+38 1.70141E+38 1.70141E+38 1.70141E+38 1.70141E+38 1.70141E+38 1.70141E+38 1.70141E+38 1.70141E+38 1.70141E+38 1.70141E+38 1.70141E+38 1.70141E+38 1.70141E+38 1.70141E+38 1.70141E+38 1.70141E+38 1.70141E+38 1.70141E+38 1.70141E+38 1.70141E+38 1.70141E+38 1.70141E+38 1.70141E+38 1.70141E+38 1.70141E+38 1.70141E+38 1.70141E+38 1.70141E+38 1.70141E+38 1.70141E+38 1.70141E+38 1.70141E+38 1.70141E+38 1.70141E+38 1.70141E+38 1.70141E+38 1.70141E+38 1.70141E+38 1.70141E+38 1.70141E+38 1.70141E+38 1.70141E+38 1.70141E+38 1.70141E+38 1.70141E+38 1.70141E+38 1.70141E+38 1.70141E+38
1.70141E+38 1.70141E+38 1.70141E+38 1.70141E+38 1.70141E+38 1.70141E+38 1.70141E+38 1.70141E+38 1.70141E+38 1.70141E+38 1.70141E+38 1.70141E+38 1.70141E+38 1.70141E+38 1.70141E+38 1.70141E+38 1.70141E+38 1.70141E+38 1.70141E+38 1.70141E+38 1.70141E+38 1.70141E+38 1.70141E+38 1.70141E+38 1.70141E+38 1.70141E+38 1.70141E+38 1.70141E+38 1.70141E+38 1.70141E+38 1.70141E+38 1.70141E+38 1.70141E+38 1.70141E+38 1.70141E+38 1.70141E+38 1.70141E+38 1.70141E+38 1.70141E+38 1.70141E+38 1.70141E+38 1.70141E+38 1.70141E+38 1.70141E+38 1.70141E+38 1.70141E+38 1.70141E+38 1.70141E+38 1.70141E+38 1.70141E+38 1.70141E+38 1.70141E+38 1.70141E+38 1.70141E+38 1.70141E+38 1.70141E+38 1.70141E+38 1.70141E+38 1.70141E+38 1.70141E+38 1.70141E+38 1.70141E+38 1.70141E+38
1.70141E+38 1.70141E+38 1.70141E+38 1.70141E+38 1.70141E+38 1.70141E+38 1.70141E+38 1.70141E+38 1.70141E+38 1.70141E+38 1.70141E+38 1.70141E+38 1.70141E+38 1.70141E+38 1.70141E+38 1.70141E+38 1.70141E+38 1.70141E+38 1.70141E+38 1.70141E+38 1.70141E+38 1.70141E+38 1.70141E+38 1.70141E+38 1.70141E+38 1.70141E+38 1.70141E+38 1.70141E+38 1.70141E+38 1.70141E+38 1.70141E+38 1.70141E+38 1.70141E+38 1.70141E+38 1.70141E+38 1.70141E+38 1.70141E+38 1.70141E+38 1.70141E+38 1.70141E+38 1.70141E+38 1.70141E+38 1.70141E+38 1.70141E+38 1.70141E+38 1.70141E+38 1.70141E+38 1.70141E+38 1.70141E+38 1.70141E+38 1.70141E+38 1.70141E+38 1.70141E+38 1.70141E+38 1.70141E+38 1.70141E+38 1.70141E+38 1.70141E+38 1.70141E+38 1.70141E+38 1.70141E+38 1.70141E+38 1.70141E+38
1.70141E+38 1.70141E+38 1.70141E+38 1.70141E+38 1.70141E+38 1.70141E+38 1.70141E+38 1.70141E+38 1.70141E+38 1.70141E+38 1.70141E+38 1.70141E+38 1.70141E+38 1.70141E+38 1.70141E+38 1.70141E+38 1.70141E+38 1.70141E+38 1.70141E+38 1.70141E+38 1.70141E+38 1.70141E+38 1.70141E+38 1.70141E+38 1.70141E+38 1.70141E+38 1.70141E+38 1.70141E+38 1.70141E+38 1.70141E+38 1.70141E+38 1.70141E+38 1.70141E+38 1.70141E+38 1.70141E+38 1.70141E+38 1.70141E+38 1.70141E+38 1.70141E+38 1.70141E+38 1.70141E+38 1.70141E+38 1.70141E+38 1.70141E+38 1.70141E+38 1.70141E+38 1.70141E+38 1.70141E+38 1.70141E+38 1.70141E+38 1.70141E+38 1.70141E+38 1.70141E+38 1.70141E+38 1.70141E+38 1.70141E+38 1.70141E+38 1.70141E+38 1.70141E+38 1.70141E+38 1.70141E+38 1.70141E+38 1.70141E+38
1.70141E+38 1.70141E+38 1.70141E+38 1.70141E+38 1.70141E+38 1.70141E+38 1.70141E+38 1.70141E+38 1.70141E+38 1.70141E+38 1.70141E+38 1.70141E+38 1.70141E+38 1.70141E+38 1.70141E+38 1.70141E+38 1.70141E+38 1.70141E+38 1.70141E+38 1.70141E+38 1.70141E+38 1.70141E+38 1.70141E+38 1.70141E+38 1.70141E+38 1.70141E+38 1.70141E+38 1.70141E+38 1.70141E+38 1.70141E+38 1.70141E+38 1.70141E+38 1.70141E+38 1.70141E+38 1.70141E+38 1.70141E+38 1.70141E+38 1.70141E+38 1.70141E+38 1.70141E+38 1.70141E+38 1.70141E+38 1.70141E+38 1.70141E+38 1.70141E+38 1.70141E+38 1.70141E+38 1.70141E+38 1.70141E+38 1.70141E+38 1.70141E+38 1.70141E+38 1.70141E+38 1.70141E+38 1.70141E+38 1.70141E+38 1.70141E+38 1.70141E+38 1.70141E+38 1.70141E+38 1.70141E+38 1.70141E+38 1.70141E+38
1.70141E+38 1.70141E+38 1.70141E+38 1.70141E+38 1.70141E+38 1.70141E+38 1.70141E+38 1.70141E+38 1.70141E+38 1.70141E+38 1.70141E+38 1.70141E+38 1.70141E+38 1.70141E+38 1.70141E+38 1.70141E+38 1.70141E+38 1.70141E+38 1.70141E+38 1.70141E+38 1.70141E+38 1.70141E+38 1.70141E+38 1.70141E+38 1.70141E+38 1.70141E+38 1.70141E+38 1.70141E+38 1.70141E+38 1.70141E+38 1.70141E+38 1.70141E+38 1.70141E+38 1.70141E+38 1.70141E+38 1.70141E+38 1.70141E+38 1.70141E+38 1.70141E+38 1.70141E+38 1.70141E+38 1.70141E+38 1.70141E+38 1.70141E+38 1.70141E+38 1.70141E+38 1.70141E+38 1.70141E+38 1.70141E+38 1.70141E+38 1.70141E+38 1.70141E+38 1.70141E+38 1.70141E+38 1.70141E+38 1.70141E+38 1.70141E+38 1.70141E+38 1.70141E+38 1.70141E+38 1.70141E+38 1.70141E+38 1.70141E+38
1.70141E+38 1.70141E+38 1.70141E+38 1.70141E+38 1.70141E+38 1.70141E+38 1.70141E+38 1.70141E+38 1.70141E+38 1.70141E+38 1.70141E+38 1.70141E+38 1.70141E+38 1.70141E+38 1.70141E+38 1.70141E+38 1.70141E+38 1.70141E+38 1.70141E+38 1.70141E+38 1.70141E+38 1.70141E+38 1.70141E+38 1.70141E+38 1.70141E+38 1.70141E+38 1.70141E+38 1.70141E+38 1.70141E+38 1.70141E+38 1.70141E+38 1.70141E+38 1.70141E+38 1.70141E+38 1.70141E+38 1.70141E+38 1.70141E+38 1.70141E+38 1.70141E+38 1.70141E+38 1.70141E+38 1.70141E+38 1.70141E+38 1.70141E+38 1.70141E+38 1.70141E+38 1.70141E+38 1.70141E+38 1.70141E+38 1.70141E+38 1.70141E+38 1.70141E+38 1.70141E+38 1.70141E+38 1.70141E+38 1.70141E+38 1.70141E+38 1.70141E+38 1.70141E+38 1.70141E+38 1.70141E+38 1.70141E+38 1.70141E+38
1.70141E+38 1.70141E+38 1.70141E+38 1.70141E+38 1.70141E+38 1.70141E+38 1.70141E+38 1.70141E+38 1.70141E+38 1.70141E+38 1.70141E+38 1.70141E+38 1.70141E+38 1.70141E+38 1.70141E+38 1.70141E+38 1.70141E+38 1.70141E+38 1.70141E+38 1.70141E+38 1.70141E+38 1.70141E+38 1.70141E+38 1.70141E+38 1.70141E+38 1.70141E+38 1.70141E+38 1.70141E+38 1.70141E+38 1.70141E+38 1.70141E+38 1.70141E+38 1.70141E+38 1.70141E+38 1.70141E+38 1.70141E+38 1.70141E+38 1.70141E+38 1.70141E+38 1.70141E+38 1.70141E+38 1.70141E+38 1.70141E+38 1.70141E+38 1.70141E+38 1.70141E+38 1.70141E+38 1.70141E+38 1.70141E+38 1.70141E+38 1.70141E+38 1.70141E+38 1.70141E+38 1.70141E+38 1.70141E+38 1.70141E+38 1.70141E+38 1.70141E+38 1.70141E+38 1.70141E+38 1.70141E+38 1.70141E+38 1.70141E+38
1.70141E+38 1.70141E+38 1.70141E+38 1.70141E+38 1.70141E+38 1.70141E+38 1.70141E+38 1.70141E+38 1.70141E+38 1.70141E+38 1.70141E+38 1.70141E+38 1.70141E+38 1.70141E+38 1.70141E+38 1.70141E+38 1.70141E+38 1.70141E+38 1.70141E+38 1.70141E+38 1.70141E+38 1.70141E+38 1.70141E+38 1.70141E+38 1.70141E+38 1.70141E+38 1.70141E+38 1.70141E+38 1.70141E+38 1.70141E+38 1.70141E+38 1.70141E+38 1.70141E+38 1.70141E+38 1.70141E+38 1.70141E+38 1.70141E+38 1.70141E+38 1.70141E+38 1.70141E+38 1.70141E+38 1.70141E+38 1.70141E+38 1.70141E+38 1.70141E+38 1.70141E+38 1.70141E+38 1.70141E+38 1.70141E+38 1.70141E+38 1.70141E+38 1.70141E+38 1.70141E+38 1.70141E+38 1.70141E+38 1.70141E+38 1.70141E+38 1.70141E+38 1.70141E+38 1.70141E+38 1.70141E+38 1.70141E+38 1.70141E+38
1.70141E+38 1.70141E+38 1.70141E+38 1.70141E+38 1.70141E+38 1.70141E+38 1.70141E+38 1.70141E+38 1.70141E+38 1.70141E+38 1.70141E+38 1.70141E+38 1.70141E+38 1.70141E+38 1.70141E+38 1.70141E+38 1.70141E+38 1.70141E+38 1.70141E+38 1.70141E+38 1.70141E+38 1.70141E+38 1.70141E+38 1.70141E+38 1.70141E+38 1.70141E+38 1.70141E+38 1.70141E+38 1.70141E+38 1.70141E+38 1.70141E+38 1.70141E+38 1.70141E+38 1.70141E+38 1.70141E+38 1.70141E+38 1.70141E+38 1.70141E+38 1.70141E+38 1.70141E+38 1.70141E+38 1.70141E+38 1.70141E+38 1.70141E+38 1.70141E+38 1.70141E+38 1.70141E+38 1.70141E+38 1.70141E+38 1.70141E+38 1.70141E+38 1.70141E+38 1.70141E+38 1.70141E+38 1.70141E+38 1.70141E+38 1.70141E+38 1.70141E+38 1.70141E+38 1.70141E+38 1.70141E+38 1.70141E+38 1.70141E+38
