py_wake/examples/data/AJ_ParqueFicticio/Ridge area   Sector 2   Height 30m   Power density.grd
DSAA
90  129
 262878   265103
 6504214   6507414
 .4300563   128.6981
[rows 81 to 107 of 129, columns 0 to 61 of 90]
16.26391 16.24099 16.71775 17.33055 18.05004 19.30679 20.82315 22.3807 24.02617 25.37493 26.51667 27.72985 28.53636 28.59876 27.87999 26.91291 25.87466 24.63358 23.71389 23.13921 22.13837 21.45745 20.70918 20.07279 19.36801 18.62445 17.4258 16.65979 16.52072 16.85317 17.76949 19.68527 23.61191 30.39957 39.97623 50.6493 60.57339 69.15794 77.17188 85.06906 92.16705 99.32793 105.5762 108.7737 109.5534 109.1001 107.0127 104.0831 98.27242 88.6037 79.38077 69.87993 61.14808 53.5793 47.41969 42.78862 39.49742 36.89351 34.86472 33.36865 32.03217 31.36564
22.50821 23.42174 24.60824 25.82449 27.16489 28.27032 29.57237 31.01049 32.09714 33.29603 34.91798 36.4702 37.50066 37.83331 37.07065 35.63305 33.74508 32.40793 32.06399 32.22889 31.20705 29.61971 28.0179 27.26734 27.066 27.18251 27.31406 27.43908 27.96399 28.63775 29.94212 32.36086 36.8587 44.35616 52.99416 61.59476 69.78915 77.79106 86.15995 93.92359 100.5407 107.0418 111.3421 112.4717 112.3225 110.7006 107.7565 103.9481 96.4416 86.71963 77.43504 67.55264 58.61755 50.83072 44.60254 39.78894 36.22673 33.58416 31.76925 30.75415 29.87424 29.12352
28.25454 30.02644 31.93461 33.72191 35.12407 36.81577 38.18124 38.60345 39.18008 40.86863 42.61184 43.6147 44.72987 45.09972 43.39486 41.08374 38.98384 37.8238 38.01679 38.71783 37.0701 34.99388 33.38974 32.9213 33.77993 35.61448 36.53288 37.61997 39.3437 40.63862 42.15892 44.93798 49.63505 56.31712 63.6799 70.68425 78.2951 86.55923 95.09395 102.0729 108.0614 112.9871 115.3921 115.6832 114.4634 111.7362 108.1473 103.3806 94.65058 85.41238 76.14781 66.2924 57.54893 49.84747 43.47247 38.35712 34.54442 31.70129 29.93299 28.8651 28.02423 27.57628
33.75756 36.19231 38.5941 40.60421 42.5019 44.11693 44.91402 45.09643 45.93043 47.63104 48.74749 49.08691 48.76862 47.00139 44.75044 42.34738 40.32424 39.10111 38.64499 38.50537 37.34256 35.92056 35.07339 35.22507 37.16789 40.1787 42.72749 45.06884 47.94152 50.25952 52.80606 56.5415 61.38622 66.97421 73.15664 79.79771 86.97688 95.13254 102.9837 109.1787 114.304 117.7826 118.552 117.7002 115.4333 112.0695 107.7137 101.5318 92.38871 83.78718 75.00307 66.04874 57.92656 50.42076 43.97421 38.55748 34.58064 31.5086 29.38884 27.83126 26.71104 26.2721
39.74126 42.49835 44.88263 47.03855 49.16766 50.24986 50.43578 50.47279 51.07269 51.90796 51.75444 50.40798 47.71661 44.27766 41.56836 39.57172 37.75272 36.19186 34.86522 33.85986 33.07766 32.42654 32.38322 33.92613 37.04594 41.29793 45.67344 49.7706 54.04805 57.64932 61.89259 66.68559 71.65164 76.77841 82.89913 89.11082 95.72035 103.5199 110.1351 115.3368 119.2569 120.9426 120.6266 118.6676 115.3453 111.2255 105.6193 98.14236 89.71404 82.12751 73.82887 65.79747 58.27881 51.22289 44.74922 39.26723 35.40939 32.25333 29.76219 27.58101 25.98711 25.02847
45.45471 48.18364 50.47142 52.6656 54.55058 54.86819 54.3663 53.50958 52.75408 51.98848 49.87761 46.76462 43.13946 39.48354 36.46841 34.5938 33.23003 31.68521 30.02709 28.61838 27.44051 26.96049 27.49433 30.44338 35.20794 40.93126 47.36815 53.22313 58.79566 63.93343 69.53229 75.35758 80.80188 86.53374 92.30311 97.82823 104.061 110.7508 115.9767 119.9249 121.9813 121.826 119.5891 116.1933 111.7961 106.3738 100.008 93.16582 86.30821 79.47926 71.92782 64.77014 57.88086 51.21904 45.22967 40.01171 36.39745 33.2331 30.30081 27.7778 25.79368 24.22581
50.34758 52.62811 54.49897 56.03306 56.60672 55.6021 53.82701 51.91995 49.94107 47.66143 44.3963 40.72372 36.97958 33.31929 30.68577 28.77757 27.51336 26.45369 25.27711 23.80744 22.52243 21.80114 22.74648 27.45612 33.90652 41.05055 49.42293 56.83181 63.46167 69.72214 76.12615 82.64411 89.18023 95.43621 100.6829 105.7162 111.4332 117.0451 120.8399 123.0461 122.7785 120.1162 115.9815 111.1088 105.837 100.3523 94.40478 88.38142 82.25255 75.96496 68.94767 62.41331 56.14951 50.3329 44.98428 40.3223 37.04908 34.09664 31.29731 28.78328 26.87879 25.07902
53.18511 54.69267 55.7682 56.37759 55.52356 53.45118 50.81441 47.8521 44.69519 41.08088 37.15686 33.23151 29.5202 26.72099 24.41237 22.63064 21.23804 20.64864 20.32757 19.57278 18.66502 18.60455 20.04545 26.31543 34.57485 43.3104 52.57977 60.74618 68.02213 75.10966 82.1603 89.3734 96.5947 102.8651 107.7289 112.3656 117.3246 121.487 123.7476 123.9071 121.442 117.0764 111.8539 106.2355 100.5068 94.54857 88.60013 82.5908 76.72767 70.71451 64.5214 58.73487 53.39544 48.56214 43.87216 39.67968 36.72517 34.36849 32.06944 29.79808 28.18157 26.67216
54.21643 54.75057 55.12727 54.61597 52.49076 49.19996 45.67647 41.93153 38.05129 33.86589 29.67505 25.73509 22.58072 20.19585 18.33939 16.82999 15.57049 15.59949 15.81004 15.89416 15.77047 16.58135 19.75142 26.9085 36.85489 46.79381 56.15121 64.7113 72.73363 80.62074 88.4882 96.29909 103.9318 109.785 114.2375 118.1404 122.0939 124.5308 125.076 123.0859 118.4073 112.7115 106.2096 99.29846 92.57572 86.26043 80.60366 75.36639 70.57912 65.41725 60.09347 55.16769 50.67904 47.70715 44.44021 41.31171 38.6289 36.29394 33.87027 31.28361 28.96511 27.64308
53.45845 53.17006 52.82796 51.36551 47.95185 43.79608 39.54738 35.5684 31.55767 27.62413 23.66934 20.43417 17.45881 15.10607 13.78122 13.0655 12.47234 12.43701 12.90532 13.15818 13.76067 15.87816 20.69089 28.81213 40.0214 50.65007 60.35841 69.23779 78.0432 86.56246 95.15881 103.4499 110.5923 115.5966 119.1487 122.4013 124.9992 125.2778 123.766 119.5398 112.2957 104.4324 97.04724 90.3368 83.89324 78.14452 73.22943 69.0012 64.91809 60.49589 56.03192 52.0301 49.71982 47.23655 44.42221 41.83976 39.72761 37.95288 36.05363 33.6407 31.30139 29.23559
50.2762 49.28796 48.0382 45.7038 41.88109 37.52683 33.38155 29.7586 26.19358 22.80625 20.28625 17.83647 15.21958 13.14281 12.27737 12.43175 12.47389 12.66073 13.4779 14.15633 15.40611 20.72963 26.46246 35.35911 46.18263 56.15546 65.53038 74.75287 83.69402 92.3523 100.951 108.512 114.64 118.2074 120.6314 122.6576 123.3575 121.6033 117.7349 111.1349 102.7787 95.4919 88.78201 81.96236 75.46834 70.05275 65.94976 62.37399 59.13963 55.93889 52.75015 49.45448 47.64129 45.15743 42.62275 40.7134 39.38971 38.20727 36.75412 34.76378 32.85236 31.08091
44.17924 42.88149 40.99183 38.11189 34.62118 30.96289 27.38914 24.27323 21.54814 19.85458 18.40709 16.88558 15.55044 14.57457 14.53369 15.20537 15.65426 16.72663 18.57952 20.21894 24.92591 31.5486 37.98207 46.30426 55.42081 63.88451 72.27061 81.27812 89.73393 97.74378 105.38 111.6211 115.8077 118.0832 119.1078 119.3064 117.595 114.1798 108.6847 101.2388 93.49179 86.15464 79.29059 72.73956 66.8056 62.41623 59.26377 56.75695 54.34603 52.06796 49.40529 46.21701 44.00981 41.64341 39.56245 38.33218 37.69054 36.99371 36.01404 34.85914 33.75024 32.60542
37.04983 35.74943 33.90285 31.43559 28.33019 25.15003 22.16376 19.86741 18.47512 18.08777 17.90018 17.71812 17.66177 17.88016 19.01766 20.42381 21.50728 23.68869 27.03598 31.28399 36.944 43.40454 50.34491 57.60987 64.96703 72.51308 80.44329 88.65794 96.23868 103.2726 109.2966 113.7532 116.0816 116.6536 115.9767 114.3931 110.8295 105.8802 99.40381 91.66516 83.63706 76.53489 70.07853 64.27495 59.16282 55.54407 53.03038 51.31801 49.73498 48.0609 45.93148 43.37256 40.42112 38.14935 36.44806 35.64653 35.3583 35.16696 34.94542 34.7703 34.4613 33.87341
31.16824 29.7586 28.67009 27.05169 24.80417 21.89362 18.83422 17.12604 17.41492 17.86931 18.57209 19.74683 20.7618 22.13264 24.46655 26.7911 29.20382 32.92193 36.83453 41.66007 47.33501 53.78811 60.22482 66.56591 73.45776 80.7082 88.39524 95.61503 101.9909 107.7881 112.1585 114.8345 115.2198 113.4582 111.0723 107.5471 102.6441 97.02414 90.42135 82.93823 75.58558 68.76617 62.83916 57.53032 53.09784 49.89801 47.92083 46.5948 45.35365 44.08495 42.64047 40.51504 36.862 34.88509 33.40902 32.72324 32.76398 33.09363 33.56609 34.16722 34.65432 34.72392
26.99561 25.91335 25.2869 24.50309 22.88883 20.66691 18.78373 17.89577 18.97285 20.01517 21.26535 23.40275 25.34922 27.64895 30.73161 34.2367 37.98268 41.7349 45.91974 50.65842 56.16092 62.25173 68.78001 75.27324 81.84783 88.57925 95.63694 101.3425 106.2871 110.4609 112.8968 113.6811 112.3538 109.2389 105.5016 100.8617 95.57439 89.92506 83.62579 76.43576 69.42465 63.28545 57.86693 52.82734 48.32352 45.35088 43.53568 42.41227 41.52679 40.75439 39.65893 37.99456 35.05876 32.10432 30.76266 30.1602 30.39186 31.05534 31.9761 33.00708 33.92716 34.37728
23.85285 23.40004 23.19731 23.04852 22.26524 21.43918 20.83332 20.86735 22.51956 23.97856 25.8888 28.55852 31.44348 34.8843 38.63806 42.38813 46.22736 50.4212 55.0113 59.77335 65.07976 71.20722 77.85333 84.2668 90.29893 96.39321 101.7354 105.7182 109.0484 111.4022 111.8763 110.7315 107.9015 103.7673 99.2063 94.01172 88.46622 83.07275 77.21094 70.91534 64.6656 59.19088 53.95004 48.90063 44.53838 41.55753 39.86131 39.01481 38.34949 37.69976 36.75315 35.40675 33.28139 30.16606 28.61333 28.04402 28.2624 28.91531 29.87094 31.01631 32.09695 32.86718
22.05612 22.10283 22.39731 22.73083 22.90473 23.20034 23.53633 24.7232 27.08962 29.45703 32.21213 35.24825 38.58027 42.33089 46.20425 50.24872 54.51589 59.21638 64.25279 69.22757 74.83627 80.98763 87.50693 92.68396 97.49767 102.4172 105.9587 108.3432 109.8709 110.3607 108.9944 106.144 101.8968 97.01142 91.79264 86.27095 81.17236 76.25364 71.36845 66.27792 60.87123 55.65454 50.5187 45.60353 41.22683 38.182 36.62268 35.86696 35.18866 34.73729 34.13928 33.37403 31.7019 29.185 26.75355 26.17599 26.31694 26.78902 27.71891 29.03252 30.36877 31.4823
22.47424 22.57853 23.0791 23.59938 24.47599 25.58087 26.68158 28.96797 31.93661 34.96627 38.22569 41.81781 45.5691 49.59345 53.85889 58.28399 62.91653 68.0528 73.18508 78.44742 83.94483 89.33065 94.35972 98.18839 101.7181 104.8133 106.772 107.8384 108.2635 107.3911 104.5507 100.6056 95.5436 90.06812 84.3495 78.77423 74.07037 70.08608 66.12693 61.96909 57.54586 53.0041 48.30467 43.59314 39.23066 35.90948 34.06784 33.22588 32.55213 32.20789 31.86091 31.43508 30.03979 28.05753 26.08222 24.56114 24.50517 24.82588 25.70667 27.25165 28.9489 30.42259
24.60336 25.03869 25.68289 26.27164 27.66094 29.22032 30.93364 33.76795 37.08387 40.51588 44.07542 47.90398 52.05208 56.17141 60.46309 65.06324 69.85347 74.78282 79.60213 84.2966 88.99334 93.25301 96.70053 99.33547 101.6111 103.3412 104.2505 104.6322 104.4879 102.7497 99.42811 94.79111 89.01348 82.98104 77.02773 71.73725 67.72688 64.4725 61.45864 58.39087 55.22171 51.56776 47.26092 42.65824 38.46933 34.98799 32.86769 31.67876 30.84367 30.30241 29.93052 29.52022 28.43347 26.92885 25.39958 24.0866 23.14777 23.38706 24.14154 25.5226 27.21962 28.80782
1.70141E+38 1.70141E+38 1.70141E+38 1.70141E+38 1.70141E+38 1.70141E+38 1.70141E+38 1.70141E+38 1.70141E+38 1.70141E+38 1.70141E+38 1.70141E+38 1.70141E+38 1.70141E+38 1.70141E+38 1.70141E+38 1.70141E+38 1.70141E+38 1.70141E+38 1.70141E+38 1.70141E+38 1.70141E+38 1.70141E+38 1.70141E+38 1.70141E+38 1.70141E+38 1.70141E+38 1.70141E+38 1.70141E+38 1.70141E+38 1.70141E+38 1.70141E+38 1.70141E+38 1.70141E+38 1.70141E+38 1.70141E+38 1.70141E+38 1.70141E+38 1.70141E+38 1.70141E+38 1.70141E+38 1.70141E+38 1.70141E+38 1.70141E+38 1.70141E+38 1.70141E+38 1.70141E+38 1.70141E+38 1.70141E+38 1.70141E+38 1.70141E+38 1.70141E+38 1.70141E+38 1.70141E+38 1.70141E+38 1.70141E+38 1.70141E+38 1.70141E+38 1.70141E+38 1.70141E+38 1.70141E+38 1.70141E+38
1.70141E+38 1.70141E+38 1.70141E+38 1.70141E+38 1.70141E+38 1.70141E+38 1.70141E+38 1.70141E+38 1.70141E+38 1.70141E+38 1.70141E+38 1.70141E+38 1.70141E+38 1.70141E+38 1.70141E+38 1.70141E+38 1.70141E+38 1.70141E+38 1.70141E+38 1.70141E+38 1.70141E+38 1.70141E+38 1.70141E+38 1.70141E+38 1.70141E+38 1.70141E+38 1.70141E+38 1.70141E+38 1.70141E+38 1.70141E+38 1.70141E+38 1.70141E+38 1.70141E+38 1.70141E+38 1.70141E+38 1.70141E+38 1.70141E+38 1.70141E+38 1.70141E+38 1.70141E+38 1.70141E+38 1.70141E+38 1.70141E+38 1.70141E+38 1.70141E+38 1.70141E+38 1.70141E+38 1.70141E+38 1.70141E+38 1.70141E+38 1.70141E+38 1.70141E+38 1.70141E+38 1.70141E+38 1.70141E+38 1.70141E+38 1.70141E+38 1.70141E+38 1.70141E+38 1.70141E+38 1.70141E+38 1.70141E+38
1.70141E+38 1.70141E+38 1.70141E+38 1.70141E+38 1.70141E+38 1.70141E+38 1.70141E+38 1.70141E+38 1.70141E+38 1.70141E+38 1.70141E+38 1.70141E+38 1.70141E+38 1.70141E+38 1.70141E+38 1.70141E+38 1.70141E+38 1.70141E+38 1.70141E+38 1.70141E+38 1.70141E+38 1.70141E+38 1.70141E+38 1.70141E+38 1.70141E+38 1.70141E+38 1.70141E+38 1.70141E+38 1.70141E+38 1.70141E+38 1.70141E+38 1.70141E+38 1.70141E+38 1.70141E+38 1.70141E+38 1.70141E+38 1.70141E+38 1.70141E+38 1.70141E+38 1.70141E+38 1.70141E+38 1.70141E+38 1.70141E+38 1.70141E+38 1.70141E+38 1.70141E+38 1.70141E+38 1.70141E+38 1.70141E+38 1.70141E+38 1.70141E+38 1.70141E+38 1.70141E+38 1.70141E+38 1.70141E+38 1.70141E+38 1.70141E+38 1.70141E+38 1.70141E+38 1.70141E+38 1.70141E+38 1.70141E+38
1.70141E+38 1.70141E+38 1.70141E+38 1.70141E+38 1.70141E+38 1.70141E+38 1.70141E+38 1.70141E+38 1.70141E+38 1.70141E+38 1.70141E+38 1.70141E+38 1.70141E+38 1.70141E+38 1.70141E+38 1.70141E+38 1.70141E+38 1.70141E+38 1.70141E+38 1.70141E+38 1.70141E+38 1.70141E+38 1.70141E+38 1.70141E+38 1.70141E+38 1.70141E+38 1.70141E+38 1.70141E+38 1.70141E+38 1.70141E+38 1.70141E+38 1.70141E+38 1.70141E+38 1.70141E+38 1.70141E+38 1.70141E+38 1.70141E+38 1.70141E+38 1.70141E+38 1.70141E+38 1.70141E+38 1.70141E+38 1.70141E+38 1.70141E+38 1.70141E+38 1.70141E+38 1.70141E+38 1.70141E+38 1.70141E+38 1.70141E+38 1.70141E+38 1.70141E+38 1.70141E+38 1.70141E+38 1.70141E+38 1.70141E+38 1.70141E+38 1.70141E+38 1.70141E+38 1.70141E+38 1.70141E+38 1.70141E+38
1.70141E+38 1.70141E+38 1.70141E+38 1.70141E+38 1.70141E+38 1.70141E+38 1.70141E+38 1.70141E+38 1.70141E+38 1.70141E+38 1.70141E+38 1.70141E+38 1.70141E+38 1.70141E+38 1.70141E+38 1.70141E+38 1.70141E+38 1.70141E+38 1.70141E+38 1.70141E+38 1.70141E+38 1.70141E+38 1.70141E+38 1.70141E+38 1.70141E+38 1.70141E+38 1.70141E+38 1.70141E+38 1.70141E+38 1.70141E+38 1.70141E+38 1.70141E+38 1.70141E+38 1.70141E+38 1.70141E+38 1.70141E+38 1.70141E+38 1.70141E+38 1.70141E+38 1.70141E+38 1.70141E+38 1.70141E+38 1.70141E+38 1.70141E+38 1.70141E+38 1.70141E+38 1.70141E+38 1.70141E+38 1.70141E+38 1.70141E+38 1.70141E+38 1.70141E+38 1.70141E+38 1.70141E+38 1.70141E+38 1.70141E+38 1.70141E+38 1.70141E+38 1.70141E+38 1.70141E+38 1.70141E+38 1.70141E+38
1.70141E+38 1.70141E+38 1.70141E+38 1.70141E+38 1.70141E+38 1.70141E+38 1.70141E+38 1.70141E+38 1.70141E+38 1.70141E+38 1.70141E+38 1.70141E+38 1.70141E+38 1.70141E+38 1.70141E+38 1.70141E+38 1.70141E+38 1.70141E+38 1.70141E+38 1.70141E+38 1.70141E+38 1.70141E+38 1.70141E+38 1.70141E+38 1.70141E+38 1.70141E+38 1.70141E+38 1.70141E+38 1.70141E+38 1.70141E+38 1.70141E+38 1.70141E+38 1.70141E+38 1.70141E+38 1.70141E+38 1.70141E+38 1.70141E+38 1.70141E+38 1.70141E+38 1.70141E+38 1.70141E+38 1.70141E+38 1.70141E+38 1.70141E+38 1.70141E+38 1.70141E+38 1.70141E+38 1.70141E+38 1.70141E+38 1.70141E+38 1.70141E+38 1.70141E+38 1.70141E+38 1.70141E+38 1.70141E+38 1.70141E+38 1.70141E+38 1.70141E+38 1.70141E+38 1.70141E+38 1.70141E+38 1.70141E+38
1.70141E+38 1.70141E+38 1.70141E+38 1.70141E+38 1.70141E+38 1.70141E+38 1.70141E+38 1.70141E+38 1.70141E+38 1.70141E+38 1.70141E+38 1.70141E+38 1.70141E+38 1.70141E+38 1.70141E+38 1.70141E+38 1.70141E+38 1.70141E+38 1.70141E+38 1.70141E+38 1.70141E+38 1.70141E+38 1.70141E+38 1.70141E+38 1.70141E+38 1.70141E+38 1.70141E+38 1.70141E+38 1.70141E+38 1.70141E+38 1.70141E+38 1.70141E+38 1.70141E+38 1.70141E+38 1.70141E+38 1.70141E+38 1.70141E+38 1.70141E+38 1.70141E+38 1.70141E+38 1.70141E+38 1.70141E+38 1.70141E+38 1.70141E+38 1.70141E+38 1.70141E+38 1.70141E+38 1.70141E+38 1.70141E+38 1.70141E+38 1.70141E+38 1.70141E+38 1.70141E+38 1.70141E+38 1.70141E+38 1.70141E+38 1.70141E+38 1.70141E+38 1.70141E+38 1.70141E+38 1.70141E+38 1.70141E+38
1.70141E+38 1.70141E+38 1.70141E+38 1.70141E+38 1.70141E+38 1.70141E+38 1.70141E+38 1.70141E+38 1.70141E+38 1.70141E+38 1.70141E+38 1.70141E+38 1.70141E+38 1.70141E+38 1.70141E+38 1.70141E+38 1.70141E+38 1.70141E+38 1.70141E+38 1.70141E+38 1.70141E+38 1.70141E+38 1.70141E+38 1.70141E+38 1.70141E+38 1.70141E+38 1.70141E+38 1.70141E+38 1.70141E+38 1.70141E+38 1.70141E+38 1.70141E+38 1.70141E+38 1.70141E+38 1.70141E+38 1.70141E+38 1.70141E+38 1.70141E+38 1.70141E+38 1.70141E+38 1.70141E+38 1.70141E+38 1.70141E+38 1.70141E+38 1.70141E+38 1.70141E+38 1.70141E+38 1.70141E+38 1.70141E+38 1.70141E+38 1.70141E+38 1.70141E+38 1.70141E+38 1.70141E+38 1.70141E+38 1.70141E+38 1.70141E+38 1.70141E+38 1.70141E+38 1.70141E+38 1.70141E+38 1.70141E+38
