py_wake/examples/data/AJ_ParqueFicticio/Ridge area   Sector 9   Height 200m   Orographic speed.grd
DSAA
90  129
 262878   265103
 6504214   6507414
 .04106627   1.487633
[rows 54 to 80 of 129, columns 0 to 61 of 90]
1.05145 1.043331 1.028223 1.0049 .9757786 .9426335 .910557 .8844115 .8619958 .8488267 .8530411 .8693046 .8857434 .8899681 .8847461 .8745617 .8652206 .8604739 .8557274 .85535 .8640111 .8766053 .8911322 .9070665 .9227112 .9335192 .9435716 .9579794 .9677327 .979569 .9982445 1.018847 1.040615 1.061525 1.078104 1.095339 1.117446 1.142076 1.171437 1.207248 1.249055 1.296041 1.338612 1.375789 1.410703 1.425776 1.419172 1.395601 1.36199 1.320846 1.275768 1.221285 1.143831 1.034825 .9048846 .8136835 .7756419 .7721309 .793974 .8417534 .911632 .9800169
1.056806 1.052195 1.041137 1.021102 .9897299 .9561004 .9255771 .8997318 .8789403 .8681518 .8722289 .8877947 .9018168 .9027879 .8952481 .8835489 .8724683 .863702 .8565181 .8543566 .8606725 .8725186 .8856059 .9012507 .9191589 .9344371 .9492586 .9639943 .97703 .9927685 1.011387 1.033667 1.055009 1.072185 1.086646 1.103561 1.126775 1.15142 1.178604 1.212535 1.254539 1.301502 1.343507 1.382676 1.4149 1.425992 1.420488 1.39981 1.368814 1.329556 1.285913 1.237009 1.17319 1.087054 .9831836 .8958211 .8564116 .8542643 .8752648 .9179773 .9706752 1.014265
1.063047 1.062549 1.055307 1.036944 1.004959 .9727516 .9418051 .9161582 .8972083 .8882027 .8926714 .9086027 .9220499 .9203613 .9104443 .8964581 .8830406 .870904 .8597567 .8536432 .859864 .8715082 .8836424 .9007294 .9214932 .940984 .9585603 .9747076 .9890469 1.006373 1.026548 1.048977 1.069345 1.085488 1.101244 1.120181 1.141724 1.164403 1.189043 1.221835 1.264228 1.30959 1.350874 1.39018 1.416048 1.42499 1.42117 1.402808 1.37368 1.339051 1.297611 1.252253 1.198119 1.128188 1.040954 .9607069 .9219708 .9175131 .9323551 .9630236 .9997774 1.031752
1.071221 1.072514 1.067558 1.050746 1.022676 .9909067 .9610712 .9386911 .9219839 .9132128 .914678 .9305713 .9438899 .9442727 .9319616 .914876 .8969745 .8816975 .8672006 .8593754 .8660391 .8775385 .8889458 .9062052 .9287904 .9511701 .9708185 .988049 1.00351 1.022459 1.043261 1.065103 1.084896 1.103068 1.12181 1.141343 1.161588 1.181259 1.204832 1.236977 1.278354 1.32108 1.361091 1.395727 1.414995 1.423703 1.421341 1.405308 1.378292 1.347863 1.311419 1.270868 1.224268 1.165797 1.094849 1.021783 .97462 .9610025 .9660091 .9869361 1.013814 1.033944
1.076441 1.080652 1.077233 1.061511 1.037595 1.009951 .9834862 .9608362 .9448091 .9382921 .9414412 .9531929 .963773 .9637398 .9515451 .9358013 .9186532 .9023039 .884361 .8757498 .8813006 .8906915 .9016822 .9193781 .9424525 .9659732 .9867827 1.004367 1.021806 1.041109 1.062239 1.084447 1.105594 1.125342 1.144502 1.16482 1.184138 1.204164 1.228915 1.260025 1.296587 1.335366 1.371362 1.396776 1.412964 1.422318 1.421188 1.407383 1.38337 1.355646 1.32392 1.288931 1.249749 1.20417 1.148227 1.086443 1.031159 .9988792 .989095 .9923858 1.000967 1.004455
1.081277 1.087937 1.087713 1.076238 1.056014 1.031212 1.007392 .9871404 .9724066 .9646899 .9660317 .974681 .9828108 .9814663 .9697244 .9554246 .9399715 .9231767 .9075542 .8991513 .9023599 .909286 .9206691 .9400001 .9634791 .9862196 1.007215 1.024922 1.042608 1.06211 1.083844 1.107294 1.130722 1.151029 1.170506 1.190894 1.209778 1.230278 1.25564 1.284312 1.315598 1.349656 1.376636 1.395188 1.411436 1.422081 1.421378 1.40885 1.387931 1.362674 1.333134 1.303574 1.271963 1.235646 1.191964 1.140095 1.087229 1.039698 1.001699 .9774793 .960156 .9477332
1.088981 1.097852 1.101039 1.093843 1.076872 1.055174 1.034617 1.017467 1.003736 .9938439 .9927624 .998392 1.003303 1.000754 .9914107 .9808388 .9674732 .9512296 .9355598 .9251745 .9287077 .9358159 .9458845 .9655693 .98893 1.010897 1.0308 1.04783 1.066044 1.08545 1.107531 1.132681 1.157905 1.177824 1.197288 1.217131 1.234306 1.254266 1.277966 1.302033 1.330168 1.357863 1.37673 1.393008 1.411195 1.422734 1.419819 1.407316 1.390317 1.367319 1.340048 1.31367 1.288411 1.259617 1.224676 1.181248 1.128383 1.069844 1.00697 .9471185 .901485 .8738644
1.101283 1.110719 1.11586 1.112509 1.098448 1.080042 1.062863 1.047541 1.03417 1.023242 1.019407 1.020447 1.023956 1.023295 1.017251 1.008017 .9961759 .981912 .9682512 .9603299 .9617946 .9676518 .9769721 .9952572 1.017902 1.038941 1.056588 1.073188 1.0916 1.111263 1.133176 1.158246 1.181795 1.200475 1.219891 1.236835 1.252385 1.271724 1.291645 1.312453 1.337427 1.358604 1.373862 1.390112 1.410285 1.419328 1.412131 1.399237 1.385911 1.368288 1.344757 1.321016 1.299235 1.275597 1.245497 1.205543 1.149234 1.078074 .9943094 .9056913 .8304556 .7843238
1.116431 1.124906 1.131393 1.131676 1.120665 1.105546 1.090386 1.076261 1.06391 1.053851 1.049423 1.048369 1.046696 1.042103 1.037735 1.03065 1.023132 1.014302 1.006567 1.002679 1.002658 1.008526 1.017164 1.032729 1.052799 1.071677 1.086544 1.100038 1.117024 1.13645 1.156707 1.180192 1.199806 1.218163 1.235884 1.249863 1.264659 1.28129 1.297367 1.315823 1.33696 1.353675 1.368332 1.385047 1.405277 1.409981 1.400531 1.38864 1.377742 1.366212 1.349203 1.328619 1.306862 1.284115 1.256786 1.218232 1.159065 1.077907 .9785876 .8658083 .7606494 .6886483
1.131736 1.141059 1.151503 1.153237 1.143075 1.129041 1.11485 1.101639 1.089751 1.079133 1.070752 1.064091 1.059658 1.0571 1.057147 1.056412 1.052126 1.046748 1.042152 1.043339 1.04737 1.052293 1.060603 1.072987 1.091249 1.104564 1.113726 1.125607 1.141909 1.158255 1.177359 1.197497 1.213988 1.230963 1.245725 1.257277 1.270119 1.283451 1.296703 1.312675 1.330403 1.34502 1.35957 1.376824 1.395583 1.397616 1.388787 1.37866 1.369606 1.361766 1.351806 1.33559 1.313286 1.289112 1.263003 1.225632 1.166105 1.079868 .9708852 .8404186 .7095669 .6130521
1.143302 1.153643 1.164539 1.163005 1.151369 1.137617 1.124192 1.111674 1.100191 1.089759 1.081063 1.074281 1.069898 1.06931 1.072775 1.07435 1.070278 1.067656 1.069504 1.078963 1.084242 1.086491 1.092264 1.106273 1.121647 1.128401 1.134996 1.147605 1.161637 1.175589 1.193253 1.210029 1.224208 1.238649 1.250443 1.260116 1.270235 1.27984 1.289766 1.302838 1.31847 1.332247 1.346094 1.362741 1.380478 1.384103 1.377743 1.369683 1.362403 1.356562 1.351122 1.340421 1.318116 1.291379 1.264821 1.229614 1.170555 1.082405 .967984 .8290975 .6838303 .5723383
1.148815 1.158863 1.168638 1.166592 1.155615 1.143288 1.130958 1.118501 1.106164 1.094868 1.084936 1.076343 1.070284 1.069532 1.074003 1.077482 1.078176 1.080037 1.085584 1.096023 1.101405 1.104874 1.112318 1.126399 1.137174 1.143235 1.150647 1.162802 1.174369 1.186785 1.20204 1.215873 1.227706 1.238645 1.247566 1.255118 1.261627 1.266758 1.273455 1.284715 1.299599 1.313581 1.327489 1.343487 1.361562 1.370038 1.368113 1.362131 1.356277 1.351695 1.348413 1.341289 1.319832 1.290259 1.26152 1.228147 1.16845 1.080095 .9658396 .8269612 .677676 .5585963
1.149939 1.159353 1.166632 1.166605 1.156738 1.144554 1.131971 1.117826 1.102591 1.087967 1.074732 1.062965 1.055124 1.05479 1.062034 1.070792 1.074991 1.079841 1.086681 1.096389 1.103914 1.111173 1.120203 1.13197 1.142023 1.150358 1.159473 1.170459 1.180318 1.190593 1.203297 1.214655 1.223309 1.230281 1.236709 1.24193 1.243978 1.24452 1.249158 1.25956 1.273436 1.28956 1.306067 1.322441 1.340277 1.355132 1.359945 1.356391 1.351321 1.34719 1.344265 1.33859 1.316854 1.284814 1.253886 1.221803 1.16175 1.074424 .9609675 .8233914 .6744859 .5498031
1.148943 1.15672 1.161795 1.161018 1.153737 1.142059 1.128262 1.111013 1.090811 1.07098 1.053642 1.038945 1.03049 1.032388 1.043168 1.058521 1.06656 1.071513 1.078106 1.088942 1.099623 1.107669 1.11694 1.128885 1.140105 1.148903 1.158251 1.16889 1.176532 1.185039 1.19717 1.206819 1.211612 1.214319 1.218429 1.221182 1.218906 1.216049 1.218952 1.228904 1.243878 1.262668 1.283286 1.302412 1.32124 1.340004 1.351107 1.35175 1.34727 1.342664 1.33898 1.33319 1.31031 1.27634 1.243777 1.21268 1.152236 1.065878 .9507996 .8112727 .6620517 .5354288
1.1441 1.150797 1.15437 1.15194 1.142685 1.130844 1.115014 1.092835 1.066296 1.040972 1.019828 1.003683 .9966769 1.003116 1.017693 1.0359 1.050381 1.057544 1.064562 1.076222 1.089334 1.098462 1.107759 1.119839 1.131084 1.13926 1.147646 1.155687 1.161543 1.16942 1.179797 1.187827 1.189745 1.188872 1.190584 1.191301 1.18718 1.182728 1.184281 1.194492 1.212375 1.233587 1.258537 1.283976 1.305147 1.324724 1.340565 1.347044 1.344021 1.338077 1.332656 1.325512 1.30076 1.264351 1.229512 1.196786 1.130284 1.036734 .9147709 .772927 .6252142 .5017404
1.137399 1.141652 1.143282 1.137296 1.123827 1.10721 1.085971 1.058432 1.027938 .9995257 .9761618 .9599894 .9553171 .9634234 .9803314 1.001643 1.020587 1.032815 1.04453 1.057113 1.069915 1.082005 1.092096 1.102579 1.112577 1.121718 1.128489 1.131975 1.136658 1.143674 1.150818 1.156801 1.157626 1.154415 1.151992 1.149558 1.144968 1.140941 1.143837 1.155862 1.177302 1.202454 1.231666 1.265416 1.291563 1.311221 1.328656 1.340893 1.3409 1.333313 1.325133 1.315342 1.287497 1.247051 1.207714 1.166494 1.084898 .9715001 .8360437 .6940147 .5612606 .4559971
1.126754 1.128252 1.127262 1.116918 1.098101 1.076561 1.05151 1.021757 .9884079 .9542568 .9256266 .9057866 .8981377 .9072233 .9288104 .9546158 .9763866 .9932308 1.010735 1.027797 1.041752 1.05591 1.0686 1.078738 1.088397 1.095674 1.100755 1.101163 1.104076 1.107048 1.112084 1.1159 1.11512 1.109694 1.104361 1.097933 1.089784 1.083236 1.086225 1.10689 1.134391 1.165179 1.201841 1.243593 1.280655 1.301463 1.318631 1.333077 1.336488 1.327935 1.315724 1.301533 1.26929 1.223221 1.176904 1.119869 1.018292 .8844683 .7383515 .6011168 .4898013 .4067943
1.110822 1.110098 1.106743 1.09371 1.070648 1.044449 1.016334 .9848969 .9477217 .9069365 .8720645 .8429125 .8258802 .8371018 .8631081 .8935731 .9165882 .9384194 .9607219 .982017 1.002256 1.020689 1.035015 1.04611 1.055863 1.061541 1.063336 1.061892 1.061782 1.062388 1.065203 1.06741 1.065536 1.059732 1.052592 1.04328 1.033421 1.01955 1.012881 1.042414 1.089379 1.127848 1.17086 1.220984 1.269699 1.295507 1.310835 1.324181 1.329279 1.319541 1.302024 1.280408 1.242263 1.190668 1.134745 1.055696 .9332876 .7838652 .6358021 .5101876 .4184145 .356614
1.090656 1.086247 1.080169 1.064762 1.037546 1.007279 .9764816 .9437301 .9047974 .8621276 .8227744 .7887313 .7651883 .7674375 .7915438 .8195326 .8437806 .8681071 .8929378 .9171833 .942624 .968228 .9863877 .9980089 1.007811 1.013848 1.016042 1.013757 1.011564 1.009582 1.010524 1.013157 1.012329 1.007495 .9985439 .9907277 .9884084 .9780459 .967417 .9952179 1.055742 1.105565 1.152822 1.207571 1.262356 1.295212 1.307075 1.316398 1.317558 1.303039 1.276648 1.244889 1.201366 1.146651 1.078439 .9783547 .8397055 .6783417 .5342303 .4236917 .3504331 .3051263
1.062493 1.054797 1.04533 1.026946 .9978836 .9670306 .935519 .9017787 .8638763 .8256078 .7913175 .7594903 .7331832 .7247133 .7335016 .7531046 .7705573 .7934006 .8145407 .8388751 .8672101 .8924665 .9126952 .9263892 .9362513 .9436404 .9482719 .9479831 .9469624 .9454445 .9472561 .9494336 .954982 .957616 .9523511 .9509777 .9568239 .957301 .961384 .9883315 1.049132 1.104494 1.155361 1.210152 1.265687 1.300492 1.306513 1.308628 1.301223 1.277403 1.241579 1.202408 1.154928 1.095895 1.013781 .8959067 .7396557 .5692947 .4314574 .336404 .282425 .2524233
1.027421 1.018163 1.006278 .9857514 .9575022 .9264129 .8934643 .8599678 .8292012 .7993065 .7673878 .7392506 .7191854 .7138188 .7182589 .7214215 .7317827 .7463586 .7603539 .783578 .8112416 .827051 .8354432 .8466613 .8559424 .8613829 .8619111 .8613952 .8597311 .8620746 .8675765 .8707619 .8855283 .9035035 .9112253 .9194884 .9322409 .946111 .9637311 .9968304 1.056982 1.114552 1.169903 1.224383 1.277381 1.308197 1.307085 1.30069 1.282694 1.248405 1.205296 1.16052 1.108085 1.036744 .9338023 .7930195 .6124001 .4445046 .3251161 .2553588 .2219137 .2049397
.9934586 .9827299 .9680421 .9479076 .920455 .8879408 .853949 .8280041 .8181552 .8051968 .7851719 .759995 .733321 .723799 .7362718 .7417924 .7375584 .7442827 .7603969 .7826292 .8045976 .8105831 .8048193 .7983529 .8021945 .808135 .8031902 .789858 .777767 .7844052 .793561 .7942569 .8117528 .8476212 .8747018 .8966853 .920147 .944805 .9697676 1.010198 1.072546 1.132274 1.188968 1.240786 1.289988 1.314319 1.306203 1.291592 1.262843 1.218876 1.169688 1.119472 1.055234 .9554564 .8201821 .6509269 .4592184 .3166369 .235563 .1977506 .1809846 .172561
.9626599 .9526806 .9376647 .9190801 .8943924 .8656107 .8379121 .8243967 .8305002 .8278683 .8186927 .8031961 .7845826 .7762761 .7874158 .7922643 .7860348 .7871329 .8015265 .8210168 .8323901 .8292763 .8174723 .8035207 .7984548 .7983391 .788407 .7711648 .7537807 .753892 .7617397 .7627492 .7783201 .8196486 .8579124 .8919349 .9247025 .9576117 .9894627 1.037682 1.099947 1.159479 1.214249 1.260544 1.30377 1.318229 1.303132 1.280066 1.240602 1.188661 1.133729 1.070441 .9745781 .8303395 .6524252 .4636877 .3035109 .2138336 .1778836 .1648074 .1594766 .1562
.9316983 .9223408 .9090445 .894006 .8750473 .8565845 .8441651 .845085 .8544028 .8572399 .8558156 .8492252 .8465278 .8483098 .8527889 .8568353 .8550527 .8556938 .8600955 .868975 .8738446 .8686374 .8577102 .8452891 .8357436 .8265367 .8121731 .7951789 .7806854 .7768381 .7766953 .7777608 .7940804 .8273128 .8656686 .9032781 .941397 .9817761 1.025387 1.080067 1.139324 1.196718 1.245007 1.283605 1.317709 1.318935 1.297159 1.265242 1.216794 1.158875 1.088725 .9899585 .8407514 .6409202 .4330997 .2711673 .1839938 .1555208 .1500115 .1509853 .1524605 .1522262
.9028155 .8913949 .8796714 .8729377 .8628206 .8525583 .8488036 .8600014 .8725821 .8787066 .8842218 .892108 .8959323 .9005089 .9059944 .9124303 .9166754 .9149858 .9145594 .9168308 .9181091 .9124408 .9037058 .8960148 .887119 .8723884 .8547655 .8391345 .8278843 .8198796 .8135653 .8141364 .828423 .8550419 .8923226 .9313557 .9726225 1.018762 1.072304 1.128844 1.18425 1.235949 1.275592 1.30766 1.329526 1.316759 1.288584 1.247761 1.192851 1.125955 1.020609 .858327 .6394499 .4080652 .2305207 .1498337 .1335935 .1370704 .1448337 .1516158 .1560391 .15736
.8822886 .8701768 .8615639 .8654414 .8639308 .8579523 .8596017 .8753868 .8902534 .9022846 .9152763 .9257242 .9337011 .9427175 .9517024 .9570815 .9594646 .9581349 .9582843 .9589526 .9575735 .9518248 .9456943 .9404829 .9315009 .9165052 .9001653 .8882087 .8776829 .8661471 .8582107 .8594328 .8682205 .8935754 .9321355 .972798 1.015861 1.066265 1.123883 1.178428 1.23002 1.272188 1.304588 1.329959 1.336291 1.312449 1.278004 1.230238 1.171252 1.085083 .9323595 .692653 .4186077 .2082246 .1218032 .1143117 .1280048 .1428698 .1542179 .1625261 .1680292 .169997
.8757028 .8696925 .8704355 .8778717 .8802177 .8818117 .8906899 .9042669 .9203196 .9356125 .9497587 .963816 .976566 .9888778 .9950223 .9970666 .9966545 .9938919 .994039 .9942581 .9928033 .9884093 .9832836 .9770377 .9680344 .9567073 .944598 .9344811 .9247053 .9151499 .9095947 .9103014 .9180966 .943448 .9805855 1.021549 1.066064 1.118445 1.175503 1.227569 1.272025 1.305472 1.332729 1.347191 1.336949 1.306509 1.26608 1.21427 1.150864 1.042808 .8397672 .5385926 .2470341 .1017473 .09629532 .1229712 .1457615 .1615879 .1730776 .1812867 .1868999 .1894098
