py_wake/examples/data/AJ_ParqueFicticio/Ridge area   Sector 4   Height 200m   Flow inclination.grd
DSAA
90  129
 262878   265103
 6504214   6507414
-16.71199   23.73209
[rows 81 to 107 of 129, columns 0 to 59 of 90]
-10.4116 -10.32996 -10.22209 -10.09339 -10.01933 -10.01735 -10.04727 -10.06921 -10.02651 -9.984232 -9.886858 -9.655548 -9.468084 -9.25442 -9.255535 -9.410882 -9.617519 -9.926587 -10.19455 -10.36464 -10.70026 -11.01607 -11.36841 -11.65462 -11.91161 -12.11402 -12.28324 -12.40799 -12.4543 -12.41658 -12.29762 -12.12213 -11.90599 -11.69596 -11.45128 -11.15692 -10.83305 -10.42424 -9.834069 -9.006802 -8.029855 -6.756775 -5.001555 -3.178867 -1.396744 .538873 2.692914 4.972922 7.959536 10.55553 12.6137 14.38599 15.41678 15.92704 15.92789 15.5797 15.10688 14.70308 14.3151 14.00029
-10.93017 -10.74328 -10.51827 -10.30085 -10.172 -10.10417 -10.01168 -9.981476 -10.01482 -10.05628 -9.962279 -9.788825 -9.586635 -9.285309 -9.252295 -9.393154 -9.681555 -10.00336 -10.27958 -10.30482 -10.61089 -10.89257 -11.25045 -11.52304 -11.72501 -11.82377 -11.88764 -11.90621 -11.8412 -11.77224 -11.68454 -11.5873 -11.47239 -11.28006 -11.05902 -10.83628 -10.52501 -10.07561 -9.30316 -8.373998 -7.345315 -5.883154 -3.974081 -2.312121 -.5845702 1.30552 3.395103 5.656909 8.907372 11.18312 13.34362 15.25596 16.36466 16.95446 16.91059 16.45685 15.80739 15.17492 14.507 13.94881
-11.46062 -11.20663 -10.88036 -10.56517 -10.38644 -10.22124 -10.0418 -10.02459 -10.11683 -10.14046 -10.04125 -9.957491 -9.808802 -9.509931 -9.462879 -9.611753 -9.953721 -10.29598 -10.57466 -10.50684 -10.79027 -11.0478 -11.40127 -11.66274 -11.805 -11.78152 -11.71272 -11.6163 -11.39935 -11.23206 -11.10661 -10.99403 -10.89377 -10.75173 -10.56767 -10.3948 -10.05766 -9.541997 -8.586062 -7.635717 -6.550629 -5.03125 -3.16071 -1.584277 .1088195 1.912325 3.946293 6.231781 9.369581 11.45189 13.67127 15.66584 16.91123 17.62947 17.70815 17.29999 16.56227 15.78878 14.93841 14.21537
-11.8962 -11.57769 -11.17543 -10.82651 -10.52954 -10.25621 -10.08608 -10.08772 -10.17515 -10.15492 -10.07433 -10.04688 -10.00871 -9.847764 -9.879877 -10.08908 -10.43776 -10.77432 -11.04189 -11.04016 -11.28847 -11.55008 -11.87677 -12.10268 -12.19759 -12.06563 -11.82769 -11.5902 -11.23465 -10.95567 -10.74114 -10.53038 -10.36911 -10.23042 -10.03343 -9.787274 -9.439936 -8.80028 -7.734708 -6.759433 -5.65111 -4.189276 -2.435337 -.9191134 .6875864 2.390242 4.384951 6.720308 9.430932 11.41664 13.60838 15.52778 16.90747 17.84942 18.18639 17.92728 17.20235 16.43762 15.57379 14.80391
-12.12175 -11.75696 -11.348 -10.99229 -10.54287 -10.20845 -10.08743 -10.11255 -10.16293 -10.11206 -10.05068 -10.08512 -10.21642 -10.32264 -10.50752 -10.75441 -11.10096 -11.40626 -11.69279 -11.81651 -12.0561 -12.30627 -12.5964 -12.75949 -12.77014 -12.56323 -12.1782 -11.79247 -11.32543 -10.97195 -10.64379 -10.28323 -10.00579 -9.766096 -9.458293 -9.092946 -8.677863 -7.875295 -6.740344 -5.722741 -4.598456 -3.264543 -1.717836 -.2621658 1.208972 2.815311 4.756439 6.93099 9.170298 11.10285 13.22615 15.02202 16.52119 17.66967 18.30133 18.24814 17.62081 17.01526 16.31444 15.60052
-12.09174 -11.74503 -11.37465 -11.0024 -10.48718 -10.13316 -10.03402 -10.09986 -10.18733 -10.16612 -10.16535 -10.31372 -10.61623 -10.94756 -11.31815 -11.65832 -11.94407 -12.20776 -12.48209 -12.67428 -12.95949 -13.1988 -13.43786 -13.49031 -13.39043 -13.11874 -12.63615 -12.14964 -11.62208 -11.18709 -10.75724 -10.23514 -9.792598 -9.325072 -8.829624 -8.390378 -7.827521 -6.838766 -5.640852 -4.524771 -3.373774 -2.178402 -.8894209 .3883474 1.70651 3.184574 4.93882 6.772032 8.6682 10.58309 12.60033 14.27237 15.83496 17.0711 17.92312 18.08546 17.68092 17.37161 16.97778 16.40361
-11.90059 -11.59013 -11.25619 -10.88355 -10.41389 -10.11279 -10.05483 -10.17221 -10.32872 -10.46083 -10.5943 -10.86018 -11.27845 -11.74116 -12.22813 -12.68463 -12.99344 -13.19964 -13.36855 -13.55471 -13.79702 -14.01995 -14.17972 -14.09762 -13.88819 -13.57727 -13.02746 -12.49404 -11.95104 -11.44546 -10.90592 -10.27945 -9.632296 -8.852132 -8.209357 -7.650495 -6.939627 -5.752142 -4.463125 -3.200999 -2.033521 -.9691207 .1033766 1.133113 2.209928 3.439365 4.907998 6.474108 8.086566 9.93408 11.79275 13.30896 14.77596 16.00694 17.00393 17.35794 17.20798 17.0986 17.10414 16.84293
-11.64486 -11.40164 -11.09133 -10.73369 -10.3802 -10.19685 -10.19587 -10.39189 -10.59996 -10.93451 -11.26583 -11.69137 -12.20735 -12.74017 -13.27307 -13.7498 -14.11868 -14.28047 -14.30957 -14.35355 -14.48715 -14.56967 -14.62452 -14.41802 -14.04004 -13.68625 -13.1642 -12.6518 -12.09459 -11.54121 -10.91201 -10.20067 -9.325757 -8.321377 -7.582299 -6.887051 -6.02891 -4.676003 -3.242326 -1.819743 -.6368649 .2908566 1.165424 1.979286 2.789124 3.741521 4.915167 6.209306 7.583822 9.225581 10.82777 12.20188 13.53921 14.71538 15.7804 16.25875 16.33107 16.34292 16.6119 16.67787
-11.34833 -11.1874 -10.90823 -10.57228 -10.33787 -10.35174 -10.46373 -10.74382 -11.04998 -11.51309 -12.01038 -12.55721 -13.18416 -13.75327 -14.25248 -14.63769 -15.00299 -15.06054 -14.9818 -14.88342 -14.88222 -14.7888 -14.68571 -14.30684 -13.82847 -13.41687 -12.97139 -12.50778 -11.94194 -11.38491 -10.69742 -9.901477 -8.815061 -7.678364 -6.880282 -6.067804 -5.073569 -3.595838 -2.021112 -.444097 .7712774 1.597642 2.317749 2.948096 3.531102 4.154373 4.989779 5.977827 7.069342 8.44855 9.762823 10.99555 12.23082 13.35914 14.39766 14.90905 15.10908 15.20246 15.60259 16.0069
-11.04516 -10.98446 -10.7603 -10.45489 -10.34853 -10.53723 -10.83984 -11.18212 -11.60664 -12.05367 -12.55946 -13.08126 -13.68699 -14.22299 -14.56706 -14.71667 -14.87195 -14.90555 -14.78246 -14.66293 -14.54939 -14.31968 -14.05306 -13.66562 -13.19787 -12.794 -12.41159 -11.99147 -11.45675 -10.91631 -10.19057 -9.319837 -8.093958 -6.89128 -6.029425 -5.133505 -4.012567 -2.484552 -.8112056 .8995032 2.269099 2.97117 3.474085 3.901955 4.255991 4.580929 5.061782 5.713491 6.566677 7.686659 8.724252 9.803358 10.9955 12.12587 13.03426 13.46314 13.63115 13.80605 14.23772 14.88575
-10.82652 -10.85085 -10.74999 -10.54111 -10.57145 -10.87098 -11.28385 -11.64015 -12.006 -12.3193 -12.62386 -12.87794 -13.16931 -13.37483 -13.46681 -13.39204 -13.30342 -13.21152 -13.09002 -12.96362 -12.8875 -12.71697 -12.61716 -12.43505 -12.15137 -11.88793 -11.62855 -11.24447 -10.74951 -10.23132 -9.458918 -8.543765 -7.324131 -6.08633 -5.148173 -4.165847 -2.927342 -1.411394 .3507861 2.199244 3.447506 4.070876 4.47431 4.82891 5.054165 5.086433 5.231471 5.576724 6.138669 6.958317 7.863666 8.812417 9.994133 11.10197 11.82661 12.05875 12.13471 12.31021 12.73307 13.42137
-10.71014 -10.78008 -10.79166 -10.82552 -10.91456 -11.21585 -11.61111 -11.91112 -12.14547 -12.20975 -12.17935 -12.03402 -11.78692 -11.5136 -11.34625 -11.18079 -10.98747 -10.93357 -10.9672 -10.94459 -11.05633 -11.14052 -11.16866 -11.13118 -11.02337 -10.89214 -10.74631 -10.4016 -9.923828 -9.405984 -8.576174 -7.636937 -6.493762 -5.276364 -4.268304 -3.17417 -1.848451 -.3734753 1.374263 3.165454 4.356963 5.095421 5.484209 5.797346 5.83945 5.591709 5.449534 5.522984 5.848665 6.431421 7.264763 8.120138 9.274333 10.23531 10.73547 10.75829 10.72873 10.87323 11.1786 11.73813
-10.54809 -10.67929 -10.71712 -10.76576 -10.95277 -11.27464 -11.61261 -11.77799 -11.77676 -11.53482 -11.13092 -10.61363 -9.980723 -9.399048 -9.236266 -9.248593 -9.22041 -9.47215 -9.733112 -9.9394 -10.13839 -10.20438 -10.20427 -10.16649 -10.11889 -10.02304 -9.85081 -9.46799 -9.000834 -8.43971 -7.553884 -6.586753 -5.49078 -4.350835 -3.337057 -2.168516 -.8470817 .5995701 2.276223 3.96041 5.211923 5.998316 6.423115 6.701543 6.576367 6.145895 5.758749 5.595891 5.74488 6.146208 6.854099 7.663015 8.728671 9.51345 9.767781 9.612291 9.434883 9.45844 9.601821 9.9821
-10.23251 -10.35336 -10.41715 -10.49773 -10.63807 -10.8615 -11.02254 -10.86928 -10.48512 -9.960893 -9.318022 -8.750378 -8.284882 -8.018191 -8.373161 -8.75879 -9.08378 -9.392891 -9.596991 -9.724732 -9.760816 -9.705354 -9.622481 -9.573814 -9.469436 -9.31989 -8.995515 -8.486739 -7.979147 -7.340505 -6.427039 -5.437937 -4.35805 -3.290786 -2.33459 -1.190957 .03312641 1.40171 2.964671 4.618779 5.920401 6.758643 7.224645 7.440328 7.249072 6.695246 6.145465 5.82475 5.829265 6.073509 6.63019 7.413814 8.397455 8.928452 8.997233 8.656989 8.271182 8.085196 8.057259 8.293215
-9.911065 -10.07466 -10.13682 -10.16408 -10.15386 -10.09686 -9.808581 -9.202113 -8.643107 -8.07252 -7.551815 -7.522646 -7.636128 -7.978932 -8.614788 -9.100348 -9.379223 -9.515907 -9.560472 -9.548243 -9.502643 -9.424558 -9.306778 -9.171326 -8.959374 -8.653756 -8.096843 -7.468801 -6.868315 -6.136398 -5.223959 -4.270013 -3.220338 -2.248648 -1.361557 -.3504732 .7265363 1.97212 3.461741 5.116205 6.386509 7.245796 7.788264 8.086545 7.919191 7.288152 6.633595 6.181974 6.034126 6.130187 6.561089 7.240931 8.135427 8.519845 8.414508 7.893969 7.284145 6.875268 6.658677 6.766253
-9.741221 -9.850697 -9.865266 -9.803629 -9.664046 -9.433994 -9.017857 -8.420437 -8.055957 -7.783887 -7.721075 -8.017622 -8.395923 -8.848582 -9.25337 -9.468937 -9.539329 -9.501455 -9.424042 -9.359212 -9.310799 -9.231971 -9.04588 -8.797515 -8.483125 -7.947419 -7.160975 -6.447027 -5.713633 -4.877017 -3.948289 -3.056386 -2.0667 -1.207036 -.4190548 .4233179 1.30824 2.392432 3.821655 5.359276 6.622355 7.551111 8.259881 8.674936 8.545491 7.881074 7.125506 6.565122 6.316269 6.32118 6.627998 7.106235 7.91205 8.1886 7.949976 7.303679 6.525329 5.90315 5.473837 5.409362
-9.595788 -9.646315 -9.609538 -9.519633 -9.339371 -9.115152 -8.809084 -8.53137 -8.480742 -8.539907 -8.736774 -9.030262 -9.307343 -9.508276 -9.599339 -9.58651 -9.510289 -9.391707 -9.267125 -9.218173 -9.160146 -9.056304 -8.725275 -8.386134 -7.986109 -7.255261 -6.30791 -5.474267 -4.577261 -3.596842 -2.632556 -1.766083 -.8914253 -.1654821 .4772896 1.114425 1.760432 2.688934 3.937583 5.321549 6.65435 7.737239 8.601167 9.139504 9.106803 8.443021 7.584444 6.954324 6.615246 6.510477 6.666451 6.987112 7.694729 7.936203 7.624113 6.88382 6.014665 5.214247 4.565075 4.292932
-9.697305 -9.658259 -9.552921 -9.467741 -9.32538 -9.209661 -9.097569 -9.115536 -9.275015 -9.469608 -9.660683 -9.802272 -9.869823 -9.849586 -9.748051 -9.579604 -9.443018 -9.310195 -9.207347 -9.170177 -9.054097 -8.873672 -8.424791 -7.995093 -7.494731 -6.66661 -5.620003 -4.650952 -3.591249 -2.43046 -1.40568 -.5226005 .247826 .8483556 1.317403 1.699016 2.059737 2.778522 3.809451 5.08859 6.372893 7.608311 8.634973 9.347083 9.467482 8.913528 8.032341 7.34723 6.89688 6.67099 6.691901 6.923399 7.51996 7.707821 7.361818 6.584108 5.676107 4.727403 3.864247 3.378206
-9.699967 -9.666338 -9.59747 -9.556263 -9.507598 -9.531351 -9.618273 -9.788147 -9.983301 -10.13688 -10.22147 -10.22535 -10.13043 -9.976527 -9.805195 -9.611152 -9.46674 -9.326731 -9.235891 -9.173556 -9.024289 -8.756636 -8.24474 -7.717262 -7.109299 -6.239204 -5.137661 -4.036842 -2.813557 -1.430844 -.2777807 .6676373 1.391508 1.886987 2.137247 2.216506 2.252458 2.721278 3.505644 4.599878 5.77857 7.167826 8.382122 9.288849 9.597577 9.247385 8.437738 7.708034 7.168536 6.831797 6.723106 6.854462 7.279175 7.385897 7.069311 6.274025 5.31526 4.271618 3.281015 2.604514
1.70141E+38 1.70141E+38 1.70141E+38 1.70141E+38 1.70141E+38 1.70141E+38 1.70141E+38 1.70141E+38 1.70141E+38 1.70141E+38 1.70141E+38 1.70141E+38 1.70141E+38 1.70141E+38 1.70141E+38 1.70141E+38 1.70141E+38 1.70141E+38 1.70141E+38 1.70141E+38 1.70141E+38 1.70141E+38 1.70141E+38 1.70141E+38 1.70141E+38 1.70141E+38 1.70141E+38 1.70141E+38 1.70141E+38 1.70141E+38 1.70141E+38 1.70141E+38 1.70141E+38 1.70141E+38 1.70141E+38 1.70141E+38 1.70141E+38 1.70141E+38 1.70141E+38 1.70141E+38 1.70141E+38 1.70141E+38 1.70141E+38 1.70141E+38 1.70141E+38 1.70141E+38 1.70141E+38 1.70141E+38 1.70141E+38 1.70141E+38 1.70141E+38 1.70141E+38 1.70141E+38 1.70141E+38 1.70141E+38 1.70141E+38 1.70141E+38 1.70141E+38 1.70141E+38 1.70141E+38
1.70141E+38 1.70141E+38 1.70141E+38 1.70141E+38 1.70141E+38 1.70141E+38 1.70141E+38 1.70141E+38 1.70141E+38 1.70141E+38 1.70141E+38 1.70141E+38 1.70141E+38 1.70141E+38 1.70141E+38 1.70141E+38 1.70141E+38 1.70141E+38 1.70141E+38 1.70141E+38 1.70141E+38 1.70141E+38 1.70141E+38 1.70141E+38 1.70141E+38 1.70141E+38 1.70141E+38 1.70141E+38 1.70141E+38 1.70141E+38 1.70141E+38 1.70141E+38 1.70141E+38 1.70141E+38 1.70141E+38 1.70141E+38 1.70141E+38 1.70141E+38 1.70141E+38 1.70141E+38 1.70141E+38 1.70141E+38 1.70141E+38 1.70141E+38 1.70141E+38 1.70141E+38 1.70141E+38 1.70141E+38 1.70141E+38 1.70141E+38 1.70141E+38 1.70141E+38 1.70141E+38 1.70141E+38 1.70141E+38 1.70141E+38 1.70141E+38 1.70141E+38 1.70141E+38 1.70141E+38
1.70141E+38 1.70141E+38 1.70141E+38 1.70141E+38 1.70141E+38 1.70141E+38 1.70141E+38 1.70141E+38 1.70141E+38 1.70141E+38 1.70141E+38 1.70141E+38 1.70141E+38 1.70141E+38 1.70141E+38 1.70141E+38 1.70141E+38 1.70141E+38 1.70141E+38 1.70141E+38 1.70141E+38 1.70141E+38 1.70141E+38 1.70141E+38 1.70141E+38 1.70141E+38 1.70141E+38 1.70141E+38 1.70141E+38 1.70141E+38 1.70141E+38 1.70141E+38 1.70141E+38 1.70141E+38 1.70141E+38 1.70141E+38 1.70141E+38 1.70141E+38 1.70141E+38 1.70141E+38 1.70141E+38 1.70141E+38 1.70141E+38 1.70141E+38 1.70141E+38 1.70141E+38 1.70141E+38 1.70141E+38 1.70141E+38 1.70141E+38 1.70141E+38 1.70141E+38 1.70141E+38 1.70141E+38 1.70141E+38 1.70141E+38 1.70141E+38 1.70141E+38 1.70141E+38 1.70141E+38
1.70141E+38 1.70141E+38 1.70141E+38 1.70141E+38 1.70141E+38 1.70141E+38 1.70141E+38 1.70141E+38 1.70141E+38 1.70141E+38 1.70141E+38 1.70141E+38 1.70141E+38 1.70141E+38 1.70141E+38 1.70141E+38 1.70141E+38 1.70141E+38 1.70141E+38 1.70141E+38 1.70141E+38 1.70141E+38 1.70141E+38 1.70141E+38 1.70141E+38 1.70141E+38 1.70141E+38 1.70141E+38 1.70141E+38 1.70141E+38 1.70141E+38 1.70141E+38 1.70141E+38 1.70141E+38 1.70141E+38 1.70141E+38 1.70141E+38 1.70141E+38 1.70141E+38 1.70141E+38 1.70141E+38 1.70141E+38 1.70141E+38 1.70141E+38 1.70141E+38 1.70141E+38 1.70141E+38 1.70141E+38 1.70141E+38 1.70141E+38 1.70141E+38 1.70141E+38 1.70141E+38 1.70141E+38 1.70141E+38 1.70141E+38 1.70141E+38 1.70141E+38 1.70141E+38 1.70141E+38
1.70141E+38 1.70141E+38 1.70141E+38 1.70141E+38 1.70141E+38 1.70141E+38 1.70141E+38 1.70141E+38 1.70141E+38 1.70141E+38 1.70141E+38 1.70141E+38 1.70141E+38 1.70141E+38 1.70141E+38 1.70141E+38 1.70141E+38 1.70141E+38 1.70141E+38 1.70141E+38 1.70141E+38 1.70141E+38 1.70141E+38 1.70141E+38 1.70141E+38 1.70141E+38 1.70141E+38 1.70141E+38 1.70141E+38 1.70141E+38 1.70141E+38 1.70141E+38 1.70141E+38 1.70141E+38 1.70141E+38 1.70141E+38 1.70141E+38 1.70141E+38 1.70141E+38 1.70141E+38 1.70141E+38 1.70141E+38 1.70141E+38 1.70141E+38 1.70141E+38 1.70141E+38 1.70141E+38 1.70141E+38 1.70141E+38 1.70141E+38 1.70141E+38 1.70141E+38 1.70141E+38 1.70141E+38 1.70141E+38 1.70141E+38 1.70141E+38 1.70141E+38 1.70141E+38 1.70141E+38
1.70141E+38 1.70141E+38 1.70141E+38 1.70141E+38 1.70141E+38 1.70141E+38 1.70141E+38 1.70141E+38 1.70141E+38 1.70141E+38 1.70141E+38 1.70141E+38 1.70141E+38 1.70141E+38 1.70141E+38 1.70141E+38 1.70141E+38 1.70141E+38 1.70141E+38 1.70141E+38 1.70141E+38 1.70141E+38 1.70141E+38 1.70141E+38 1.70141E+38 1.70141E+38 1.70141E+38 1.70141E+38 1.70141E+38 1.70141E+38 1.70141E+38 1.70141E+38 1.70141E+38 1.70141E+38 1.70141E+38 1.70141E+38 1.70141E+38 1.70141E+38 1.70141E+38 1.70141E+38 1.70141E+38 1.70141E+38 1.70141E+38 1.70141E+38 1.70141E+38 1.70141E+38 1.70141E+38 1.70141E+38 1.70141E+38 1.70141E+38 1.70141E+38 1.70141E+38 1.70141E+38 1.70141E+38 1.70141E+38 1.70141E+38 1.70141E+38 1.70141E+38 1.70141E+38 1.70141E+38
1.70141E+38 1.70141E+38 1.70141E+38 1.70141E+38 1.70141E+38 1.70141E+38 1.70141E+38 1.70141E+38 1.70141E+38 1.70141E+38 1.70141E+38 1.70141E+38 1.70141E+38 1.70141E+38 1.70141E+38 1.70141E+38 1.70141E+38 1.70141E+38 1.70141E+38 1.70141E+38 1.70141E+38 1.70141E+38 1.70141E+38 1.70141E+38 1.70141E+38 1.70141E+38 1.70141E+38 1.70141E+38 1.70141E+38 1.70141E+38 1.70141E+38 1.70141E+38 1.70141E+38 1.70141E+38 1.70141E+38 1.70141E+38 1.70141E+38 1.70141E+38 1.70141E+38 1.70141E+38 1.70141E+38 1.70141E+38 1.70141E+38 1.70141E+38 1.70141E+38 1.70141E+38 1.70141E+38 1.70141E+38 1.70141E+38 1.70141E+38 1.70141E+38 1.70141E+38 1.70141E+38 1.70141E+38 1.70141E+38 1.70141E+38 1.70141E+38 1.70141E+38 1.70141E+38 1.70141E+38
1.70141E+38 1.70141E+38 1.70141E+38 1.70141E+38 1.70141E+38 1.70141E+38 1.70141E+38 1.70141E+38 1.70141E+38 1.70141E+38 1.70141E+38 1.70141E+38 1.70141E+38 1.70141E+38 1.70141E+38 1.70141E+38 1.70141E+38 1.70141E+38 1.70141E+38 1.70141E+38 1.70141E+38 1.70141E+38 1.70141E+38 1.70141E+38 1.70141E+38 1.70141E+38 1.70141E+38 1.70141E+38 1.70141E+38 1.70141E+38 1.70141E+38 1.70141E+38 1.70141E+38 1.70141E+38 1.70141E+38 1.70141E+38 1.70141E+38 1.70141E+38 1.70141E+38 1.70141E+38 1.70141E+38 1.70141E+38 1.70141E+38 1.70141E+38 1.70141E+38 1.70141E+38 1.70141E+38 1.70141E+38 1.70141E+38 1.70141E+38 1.70141E+38 1.70141E+38 1.70141E+38 1.70141E+38 1.70141E+38 1.70141E+38 1.70141E+38 1.70141E+38 1.70141E+38 1.70141E+38
