py_wake/examples/data/AJ_ParqueFicticio/Ridge area   Sector 1   Height 30m   Flow inclination.grd
DSAA
90  129
 262878   265103
 6504214   6507414
-15.66734   16.86704
[rows 81 to 107 of 129, columns 0 to 60 of 90]
-3.625726 -3.985431 -4.200568 -4.328286 -4.292758 -4.11264 -3.892913 -3.763062 -3.735437 -3.744981 -3.696679 -3.569523 -3.446127 -3.411879 -3.543609 -3.673797 -3.85506 -4.143789 -4.441149 -4.679359 -4.84187 -4.793609 -4.738693 -4.737364 -4.812376 -4.931347 -5.065259 -5.236442 -5.494665 -5.817735 -6.125721 -6.333382 -6.320204 -6.10034 -5.779756 -5.413077 -5.016313 -4.528424 -3.940394 -3.264025 -2.609184 -1.864799 -.8381972 .2330533 1.208432 2.189042 3.183903 4.181055 5.377294 6.450026 7.354256 8.228354 8.959066 9.583084 10.04523 10.32716 10.45622 10.4528 10.28542 9.953667 9.514463
-4.037634 -4.266185 -4.408591 -4.454667 -4.333722 -4.124076 -3.845794 -3.598886 -3.495668 -3.36409 -3.092129 -2.817182 -2.67895 -2.594224 -2.538479 -2.565306 -2.813441 -3.068914 -3.326242 -3.523553 -3.679176 -3.815941 -3.946246 -4.073993 -4.254091 -4.485792 -4.79081 -5.114907 -5.494017 -5.914442 -6.289623 -6.564548 -6.599335 -6.363195 -6.005368 -5.521171 -4.8953 -4.156724 -3.314275 -2.447782 -1.65935 -.7356166 .2581508 1.126984 1.973648 2.822924 3.656282 4.491567 5.477823 6.202864 6.861834 7.511024 8.056414 8.542088 8.934729 9.264189 9.516077 9.669595 9.660004 9.507906 9.266564
-4.048622 -4.113316 -4.063631 -3.938016 -3.730826 -3.362475 -2.943891 -2.657205 -2.411236 -2.03809 -1.564918 -1.099679 -.6783411 -.4858235 -.6247615 -.8450516 -1.10132 -1.301579 -1.434471 -1.610817 -2.001281 -2.354258 -2.653717 -2.889027 -3.143136 -3.55194 -4.039236 -4.528884 -5.068788 -5.654209 -6.193716 -6.592178 -6.678603 -6.434267 -5.922659 -5.274745 -4.445733 -3.496148 -2.385587 -1.366009 -.4225362 .553682 1.49201 2.280001 3.027654 3.721626 4.394355 5.072917 5.746714 6.090869 6.420908 6.723713 6.986241 7.276469 7.569677 7.858996 8.105881 8.286407 8.356136 8.385262 8.387841
-3.454658 -3.327563 -3.136124 -2.941352 -2.650887 -2.187794 -1.73334 -1.366189 -.968583 -.4252147 .1715866 .7887332 1.376827 1.701478 1.603452 1.341007 1.038337 .8341454 .6673875 .3517859 -.136627 -.6186905 -1.059444 -1.437612 -1.850839 -2.386372 -3.034451 -3.709038 -4.424923 -5.185998 -5.875521 -6.337984 -6.441309 -6.106835 -5.505354 -4.750587 -3.810404 -2.679381 -1.381616 -.2094986 .9014474 1.959963 2.884736 3.633151 4.305607 4.870897 5.398535 5.901602 6.213627 6.202792 6.179394 6.114412 6.063132 6.120174 6.265741 6.46463 6.657076 6.824162 6.918098 7.026308 7.143177
-2.41845 -2.118447 -1.836455 -1.546996 -1.14185 -.6651459 -.1857237 .286737 .7816832 1.357197 2.020241 2.737291 3.352167 3.64394 3.485703 3.099824 2.732703 2.416682 2.119974 1.728631 1.165637 .5963258 .08083175 -.4229108 -.9321858 -1.516102 -2.21244 -2.960957 -3.773713 -4.59655 -5.275911 -5.72164 -5.725254 -5.350906 -4.701437 -3.855214 -2.92065 -1.701011 -.3351433 .964887 2.257074 3.472053 4.488337 5.249609 5.861471 6.34621 6.755083 6.98555 6.873582 6.573473 6.249912 5.872452 5.527098 5.318383 5.247054 5.290755 5.388461 5.524603 5.614241 5.693905 5.819081
-1.057371 -.6773822 -.2867824 .132469 .6419194 1.193142 1.79504 2.432863 3.025014 3.541116 4.050051 4.522022 4.878378 5.049212 4.938941 4.515699 3.927309 3.399092 2.910225 2.376512 1.773867 1.152068 .5801165 .01427948 -.5329506 -1.079975 -1.735066 -2.427521 -3.190831 -3.955506 -4.502956 -4.675441 -4.590537 -4.211209 -3.523305 -2.760453 -1.825005 -.5833368 .7870731 2.181866 3.621965 5.011142 6.274082 7.295747 7.983613 8.418893 8.525043 8.329156 7.898142 7.331508 6.731522 6.08478 5.46411 4.946045 4.585335 4.415639 4.397117 4.469757 4.5042 4.4931 4.535799
.6550635 1.1247 1.603685 2.135992 2.705709 3.251331 3.783679 4.322118 4.877237 5.367033 5.692753 5.890228 5.958754 5.906547 5.604555 5.132511 4.533384 3.806238 3.050587 2.309613 1.569848 .8963354 .3469543 -.2179397 -.7385299 -1.17934 -1.698549 -2.227489 -2.743439 -3.168505 -3.410975 -3.443077 -3.245621 -2.765769 -2.149644 -1.446708 -.5429179 .6625094 2.010562 3.473128 4.979889 6.410567 7.690266 8.756665 9.519532 9.873951 9.906628 9.662896 9.139999 8.452817 7.643004 6.76792 5.876564 5.038292 4.355334 3.902585 3.677226 3.589514 3.497236 3.368037 3.30375
2.340316 2.822521 3.314713 3.877403 4.48237 4.989096 5.438444 5.872936 6.294125 6.663393 6.838722 6.811211 6.587801 6.181154 5.6756 5.072813 4.367586 3.518184 2.576785 1.654391 .8303246 .1460646 -.3520249 -.8731541 -1.320337 -1.639191 -1.84251 -2.062424 -2.310662 -2.475677 -2.495404 -2.343461 -1.956129 -1.34397 -.7098537 -.005332738 .8888059 2.049733 3.377405 4.860366 6.3983 7.816784 9.080824 10.15217 10.96151 11.39858 11.47567 11.27311 10.75606 9.912421 8.850763 7.747177 6.631464 5.584528 4.663378 3.936176 3.423513 3.087887 2.80518 2.53955 2.368221
3.892866 4.351263 4.790641 5.303546 5.905388 6.438522 6.79911 7.027109 7.173536 7.201847 7.070515 6.797276 6.359005 5.710653 4.919423 4.062014 3.210923 2.314728 1.391493 .4982916 -.250221 -.8362243 -1.333106 -1.731383 -2.057906 -2.142921 -2.119637 -2.07754 -2.016804 -1.868281 -1.606454 -1.227079 -.653802 .04610705 .7351126 1.48591 2.385061 3.513747 4.817008 6.281441 7.813469 9.267632 10.60243 11.80363 12.81807 13.29222 13.25775 12.87182 12.14836 11.27321 10.15022 8.894849 7.689405 6.66815 5.735023 4.869819 4.086746 3.421989 2.831558 2.274753 1.829714
5.480907 5.877058 6.178767 6.542544 6.992068 7.34014 7.519189 7.469171 7.247986 6.877563 6.474016 5.855114 5.078153 4.201131 3.237895 2.228291 1.315226 .5040262 -.3115639 -1.070705 -1.652367 -2.13961 -2.601933 -2.869088 -3.011343 -2.832562 -2.558799 -2.20491 -1.762776 -1.249778 -.6417323 .05560487 .8587887 1.668286 2.451762 3.277134 4.22197 5.297514 6.520656 7.934387 9.531223 10.999 12.14813 13.13722 13.9701 14.38578 14.45167 14.17375 13.56499 12.68436 11.57821 10.32894 9.196299 8.246522 7.377764 6.463113 5.460219 4.450612 3.54136 2.699605 1.981881
7.106873 7.419123 7.677473 7.860505 7.964675 7.957652 7.742225 7.296899 6.760979 6.088067 5.19083 4.184299 3.155004 2.146136 1.200789 .275337 -.5756109 -1.321341 -2.018672 -2.632131 -3.072309 -3.61276 -3.979523 -4.129603 -3.995745 -3.590001 -3.019363 -2.312199 -1.491251 -.6163163 .3562962 1.394122 2.433311 3.368905 4.247898 5.166331 6.245129 7.375847 8.561053 9.913578 11.13666 12.18717 13.23604 14.28898 15.14576 15.51393 15.54282 15.29458 14.79186 13.9712 12.97612 11.90264 10.97254 10.15227 9.319555 8.355347 7.253801 6.126513 4.992993 3.779348 2.653259
8.497937 8.592058 8.67119 8.668806 8.43262 8.034452 7.523102 6.864225 6.021933 4.93346 3.762572 2.564126 1.435607 .4372982 -.4286864 -1.24608 -1.992997 -2.619825 -3.196127 -3.70556 -4.254448 -4.693395 -4.964694 -4.981511 -4.627364 -4.059914 -3.260005 -2.241175 -1.126193 -.009088992 1.200916 2.455163 3.703482 4.816333 5.802303 6.777208 7.858562 9.000984 10.19778 11.41482 12.46691 13.48962 14.5 15.39705 16.01307 16.28697 16.30485 16.08596 15.68609 15.10362 14.39841 13.60494 12.7737 12.0313 11.22653 10.24776 9.089396 7.845369 6.524287 5.037557 3.582509
8.958381 8.881077 8.697257 8.354341 7.871214 7.301287 6.594673 5.744545 4.694052 3.509691 2.325652 1.168259 .1178456 -.7946926 -1.595059 -2.353967 -3.034486 -3.572266 -4.075682 -4.599234 -5.011271 -5.326995 -5.404929 -5.144719 -4.694657 -3.947828 -2.983637 -1.799201 -.5515493 .7102645 2.043525 3.378163 4.697923 5.929453 7.03652 8.094372 9.196523 10.2881 11.41798 12.53897 13.58089 14.4464 15.28769 15.98974 16.48682 16.75067 16.80222 16.60812 16.29326 15.87174 15.31319 14.65136 14.01193 13.40962 12.701 11.82094 10.74671 9.452372 8.001354 6.418441 4.797761
8.331035 8.082082 7.549768 6.906755 6.26061 5.568897 4.850716 4.030254 2.949391 1.917543 .9129257 -.07717306 -.9774196 -1.749821 -2.454347 -3.130175 -3.707625 -4.242259 -4.712663 -5.072662 -5.333869 -5.39225 -5.225167 -4.893473 -4.296829 -3.458282 -2.363552 -1.071374 .2485133 1.616772 3.02525 4.395224 5.758728 7.064081 8.227135 9.322598 10.35591 11.30737 12.25838 13.18584 14.01863 14.79176 15.40751 15.96362 16.43731 16.71933 16.84273 16.86704 16.7714 16.4965 16.05777 15.56372 15.03292 14.53306 14.00038 13.30158 12.28485 11.01323 9.57271 8.019777 6.393334
6.983428 6.599785 5.98316 5.309077 4.517958 3.664485 2.818734 2.076446 1.216407 .3905512 -.3980311 -1.175985 -1.921419 -2.566441 -3.137006 -3.705803 -4.221298 -4.650893 -4.978069 -5.153255 -5.152032 -4.996569 -4.66778 -4.184145 -3.512097 -2.648508 -1.480092 -.174623 1.170606 2.614949 4.108675 5.531256 6.852449 8.057714 9.148542 10.16823 11.05081 11.83004 12.59615 13.37415 14.01094 14.48678 14.96868 15.52294 16.03885 16.3616 16.54109 16.61079 16.578 16.42868 16.17905 15.86061 15.47215 15.12815 14.74013 14.22523 13.43332 12.36029 11.08638 9.667355 8.16952
5.34809 4.840118 4.265885 3.561469 2.75384 1.91328 1.137048 .4888722 -.1615307 -.7998135 -1.406144 -2.00881 -2.578872 -3.085255 -3.54962 -3.97437 -4.310829 -4.472108 -4.540679 -4.521583 -4.412903 -4.139481 -3.665393 -3.013781 -2.302891 -1.415127 -.3211592 .8486146 2.140904 3.58155 5.102225 6.571562 7.943807 9.149264 10.20438 11.13887 11.88694 12.47522 13.01807 13.42315 13.71672 14.03803 14.44337 14.93571 15.4106 15.7702 16.00087 16.14012 16.23326 16.24387 16.17337 15.96359 15.66565 15.40639 15.20063 14.88935 14.37103 13.61945 12.62144 11.36189 9.901861
3.393761 2.904279 2.426995 1.838963 1.144211 .4277627 -.2155044 -.7504554 -1.251503 -1.738537 -2.188185 -2.626893 -3.012214 -3.288331 -3.514565 -3.676935 -3.723929 -3.665999 -3.527506 -3.378181 -3.121651 -2.694905 -2.068175 -1.403221 -.6952351 .1636966 1.095994 2.077205 3.233899 4.601148 6.088856 7.558872 8.973753 10.20866 11.25452 12.1222 12.72099 13.09429 13.27197 13.3131 13.39394 13.55022 13.8097 14.15887 14.56953 14.91538 15.16744 15.39458 15.6268 15.75721 15.76168 15.64606 15.57133 15.47278 15.35666 15.22339 14.94539 14.48646 13.70353 12.55398 11.15497
1.507158 1.080916 .6655053 .1926188 -.3522128 -.8985312 -1.373546 -1.744531 -2.073853 -2.315536 -2.515396 -2.680476 -2.80031 -2.838173 -2.808909 -2.725433 -2.580192 -2.310452 -1.968494 -1.587146 -1.135732 -.6082844 -.01043481 .5492826 1.167318 1.880141 2.640337 3.457596 4.423347 5.60259 6.925447 8.308234 9.677203 10.9329 12.0191 12.86592 13.3487 13.54607 13.44655 13.25215 12.99475 12.84822 12.87369 13.06474 13.36238 13.71011 14.03703 14.37411 14.70469 14.93266 15.07966 15.138 15.22316 15.25947 15.28042 15.30315 15.30293 15.15708 14.68253 13.70002 12.36803
.007842316 -.3858206 -.8026435 -1.23914 -1.647123 -2.002059 -2.25872 -2.375897 -2.438141 -2.471182 -2.468167 -2.423742 -2.332836 -2.183407 -1.972459 -1.676471 -1.30531 -.8536867 -.3542294 .2046288 .799491 1.403746 1.966015 2.477891 3.009656 3.569783 4.113464 4.702719 5.484744 6.528069 7.752159 9.074503 10.40969 11.66426 12.71884 13.4804 13.83689 13.82987 13.5451 13.10503 12.58171 12.17805 11.96314 11.92023 12.02847 12.25432 12.55641 12.9433 13.36324 13.76338 14.1101 14.37559 14.58056 14.7193 14.83368 14.9494 15.10037 15.18869 15.086 14.59356 13.65074
1.70141E+38 1.70141E+38 1.70141E+38 1.70141E+38 1.70141E+38 1.70141E+38 1.70141E+38 1.70141E+38 1.70141E+38 1.70141E+38 1.70141E+38 1.70141E+38 1.70141E+38 1.70141E+38 1.70141E+38 1.70141E+38 1.70141E+38 1.70141E+38 1.70141E+38 1.70141E+38 1.70141E+38 1.70141E+38 1.70141E+38 1.70141E+38 1.70141E+38 1.70141E+38 1.70141E+38 1.70141E+38 1.70141E+38 1.70141E+38 1.70141E+38 1.70141E+38 1.70141E+38 1.70141E+38 1.70141E+38 1.70141E+38 1.70141E+38 1.70141E+38 1.70141E+38 1.70141E+38 1.70141E+38 1.70141E+38 1.70141E+38 1.70141E+38 1.70141E+38 1.70141E+38 1.70141E+38 1.70141E+38 1.70141E+38 1.70141E+38 1.70141E+38 1.70141E+38 1.70141E+38 1.70141E+38 1.70141E+38 1.70141E+38 1.70141E+38 1.70141E+38 1.70141E+38 1.70141E+38 1.70141E+38
1.70141E+38 1.70141E+38 1.70141E+38 1.70141E+38 1.70141E+38 1.70141E+38 1.70141E+38 1.70141E+38 1.70141E+38 1.70141E+38 1.70141E+38 1.70141E+38 1.70141E+38 1.70141E+38 1.70141E+38 1.70141E+38 1.70141E+38 1.70141E+38 1.70141E+38 1.70141E+38 1.70141E+38 1.70141E+38 1.70141E+38 1.70141E+38 1.70141E+38 1.70141E+38 1.70141E+38 1.70141E+38 1.70141E+38 1.70141E+38 1.70141E+38 1.70141E+38 1.70141E+38 1.70141E+38 1.70141E+38 1.70141E+38 1.70141E+38 1.70141E+38 1.70141E+38 1.70141E+38 1.70141E+38 1.70141E+38 1.70141E+38 1.70141E+38 1.70141E+38 1.70141E+38 1.70141E+38 1.70141E+38 1.70141E+38 1.70141E+38 1.70141E+38 1.70141E+38 1.70141E+38 1.70141E+38 1.70141E+38 1.70141E+38 1.70141E+38 1.70141E+38 1.70141E+38 1.70141E+38 1.70141E+38
1.70141E+38 1.70141E+38 1.70141E+38 1.70141E+38 1.70141E+38 1.70141E+38 1.70141E+38 1.70141E+38 1.70141E+38 1.70141E+38 1.70141E+38 1.70141E+38 1.70141E+38 1.70141E+38 1.70141E+38 1.70141E+38 1.70141E+38 1.70141E+38 1.70141E+38 1.70141E+38 1.70141E+38 1.70141E+38 1.70141E+38 1.70141E+38 1.70141E+38 1.70141E+38 1.70141E+38 1.70141E+38 1.70141E+38 1.70141E+38 1.70141E+38 1.70141E+38 1.70141E+38 1.70141E+38 1.70141E+38 1.70141E+38 1.70141E+38 1.70141E+38 1.70141E+38 1.70141E+38 1.70141E+38 1.70141E+38 1.70141E+38 1.70141E+38 1.70141E+38 1.70141E+38 1.70141E+38 1.70141E+38 1.70141E+38 1.70141E+38 1.70141E+38 1.70141E+38 1.70141E+38 1.70141E+38 1.70141E+38 1.70141E+38 1.70141E+38 1.70141E+38 1.70141E+38 1.70141E+38 1.70141E+38
1.70141E+38 1.70141E+38 1.70141E+38 1.70141E+38 1.70141E+38 1.70141E+38 1.70141E+38 1.70141E+38 1.70141E+38 1.70141E+38 1.70141E+38 1.70141E+38 1.70141E+38 1.70141E+38 1.70141E+38 1.70141E+38 1.70141E+38 1.70141E+38 1.70141E+38 1.70141E+38 1.70141E+38 1.70141E+38 1.70141E+38 1.70141E+38 1.70141E+38 1.70141E+38 1.70141E+38 1.70141E+38 1.70141E+38 1.70141E+38 1.70141E+38 1.70141E+38 1.70141E+38 1.70141E+38 1.70141E+38 1.70141E+38 1.70141E+38 1.70141E+38 1.70141E+38 1.70141E+38 1.70141E+38 1.70141E+38 1.70141E+38 1.70141E+38 1.70141E+38 1.70141E+38 1.70141E+38 1.70141E+38 1.70141E+38 1.70141E+38 1.70141E+38 1.70141E+38 1.70141E+38 1.70141E+38 1.70141E+38 1.70141E+38 1.70141E+38 1.70141E+38 1.70141E+38 1.70141E+38 1.70141E+38
1.70141E+38 1.70141E+38 1.70141E+38 1.70141E+38 1.70141E+38 1.70141E+38 1.70141E+38 1.70141E+38 1.70141E+38 1.70141E+38 1.70141E+38 1.70141E+38 1.70141E+38 1.70141E+38 1.70141E+38 1.70141E+38 1.70141E+38 1.70141E+38 1.70141E+38 1.70141E+38 1.70141E+38 1.70141E+38 1.70141E+38 1.70141E+38 1.70141E+38 1.70141E+38 1.70141E+38 1.70141E+38 1.70141E+38 1.70141E+38 1.70141E+38 1.70141E+38 1.70141E+38 1.70141E+38 1.70141E+38 1.70141E+38 1.70141E+38 1.70141E+38 1.70141E+38 1.70141E+38 1.70141E+38 1.70141E+38 1.70141E+38 1.70141E+38 1.70141E+38 1.70141E+38 1.70141E+38 1.70141E+38 1.70141E+38 1.70141E+38 1.70141E+38 1.70141E+38 1.70141E+38 1.70141E+38 1.70141E+38 1.70141E+38 1.70141E+38 1.70141E+38 1.70141E+38 1.70141E+38 1.70141E+38
1.70141E+38 1.70141E+38 1.70141E+38 1.70141E+38 1.70141E+38 1.70141E+38 1.70141E+38 1.70141E+38 1.70141E+38 1.70141E+38 1.70141E+38 1.70141E+38 1.70141E+38 1.70141E+38 1.70141E+38 1.70141E+38 1.70141E+38 1.70141E+38 1.70141E+38 1.70141E+38 1.70141E+38 1.70141E+38 1.70141E+38 1.70141E+38 1.70141E+38 1.70141E+38 1.70141E+38 1.70141E+38 1.70141E+38 1.70141E+38 1.70141E+38 1.70141E+38 1.70141E+38 1.70141E+38 1.70141E+38 1.70141E+38 1.70141E+38 1.70141E+38 1.70141E+38 1.70141E+38 1.70141E+38 1.70141E+38 1.70141E+38 1.70141E+38 1.70141E+38 1.70141E+38 1.70141E+38 1.70141E+38 1.70141E+38 1.70141E+38 1.70141E+38 1.70141E+38 1.70141E+38 1.70141E+38 1.70141E+38 1.70141E+38 1.70141E+38 1.70141E+38 1.70141E+38 1.70141E+38 1.70141E+38
1.70141E+38 1.70141E+38 1.70141E+38 1.70141E+38 1.70141E+38 1.70141E+38 1.70141E+38 1.70141E+38 1.70141E+38 1.70141E+38 1.70141E+38 1.70141E+38 1.70141E+38 1.70141E+38 1.70141E+38 1.70141E+38 1.70141E+38 1.70141E+38 1.70141E+38 1.70141E+38 1.70141E+38 1.70141E+38 1.70141E+38 1.70141E+38 1.70141E+38 1.70141E+38 1.70141E+38 1.70141E+38 1.70141E+38 1.70141E+38 1.70141E+38 1.70141E+38 1.70141E+38 1.70141E+38 1.70141E+38 1.70141E+38 1.70141E+38 1.70141E+38 1.70141E+38 1.70141E+38 1.70141E+38 1.70141E+38 1.70141E+38 1.70141E+38 1.70141E+38 1.70141E+38 1.70141E+38 1.70141E+38 1.70141E+38 1.70141E+38 1.70141E+38 1.70141E+38 1.70141E+38 1.70141E+38 1.70141E+38 1.70141E+38 1.70141E+38 1.70141E+38 1.70141E+38 1.70141E+38 1.70141E+38
1.70141E+38 1.70141E+38 1.70141E+38 1.70141E+38 1.70141E+38 1.70141E+38 1.70141E+38 1.70141E+38 1.70141E+38 1.70141E+38 1.70141E+38 1.70141E+38 1.70141E+38 1.70141E+38 1.70141E+38 1.70141E+38 1.70141E+38 1.70141E+38 1.70141E+38 1.70141E+38 1.70141E+38 1.70141E+38 1.70141E+38 1.70141E+38 1.70141E+38 1.70141E+38 1.70141E+38 1.70141E+38 1.70141E+38 1.70141E+38 1.70141E+38 1.70141E+38 1.70141E+38 1.70141E+38 1.70141E+38 1.70141E+38 1.70141E+38 1.70141E+38 1.70141E+38 1.70141E+38 1.70141E+38 1.70141E+38 1.70141E+38 1.70141E+38 1.70141E+38 1.70141E+38 1.70141E+38 1.70141E+38 1.70141E+38 1.70141E+38 1.70141E+38 1.70141E+38 1.70141E+38 1.70141E+38 1.70141E+38 1.70141E+38 1.70141E+38 1.70141E+38 1.70141E+38 1.70141E+38 1.70141E+38
