py_wake/examples/data/AJ_ParqueFicticio/Ridge area   Sector 5   Height 200m   Flow inclination.grd
DSAA
90  129
 262878   265103
 6504214   6507414
-14.33182   21.02349
[rows 81 to 107 of 129, columns 0 to 59 of 90]
-7.750615 -7.572834 -7.327329 -7.019796 -6.746063 -6.580019 -6.471474 -6.421629 -6.401613 -6.34601 -6.192805 -5.902174 -5.626914 -5.28935 -5.179243 -5.304208 -5.517731 -5.738627 -5.873469 -5.887949 -6.166455 -6.518267 -6.888093 -7.125242 -7.266775 -7.313957 -7.4291 -7.582005 -7.749716 -7.988947 -8.297566 -8.648918 -8.979571 -9.177794 -9.236101 -9.170878 -8.976613 -8.60626 -8.010615 -7.255565 -6.425108 -5.43267 -4.189552 -2.961136 -1.740858 -.4361695 1.050658 2.624381 4.722832 6.542345 7.91875 9.033713 9.508195 9.519803 9.120234 8.48111 7.801648 7.238531 6.760147 6.423766
-7.844282 -7.538427 -7.170615 -6.823715 -6.613422 -6.480753 -6.403212 -6.466558 -6.547338 -6.587745 -6.537264 -6.393787 -6.126821 -5.757726 -5.742295 -5.890989 -6.10885 -6.335279 -6.501106 -6.426455 -6.69912 -6.960371 -7.295029 -7.516395 -7.603396 -7.524786 -7.518287 -7.537143 -7.532773 -7.625212 -7.820795 -8.094678 -8.411035 -8.615091 -8.698298 -8.708028 -8.549661 -8.207018 -7.557134 -6.833345 -6.066157 -5.035788 -3.671224 -2.518656 -1.313745 -.000747472 1.485338 3.090012 5.510057 7.175748 8.738189 10.07881 10.70597 10.8551 10.4467 9.686249 8.788596 7.948277 7.151577 6.528281
-8.19852 -7.907225 -7.559803 -7.237554 -7.051466 -6.909554 -6.804405 -6.823302 -6.947346 -7.068717 -7.123094 -7.174982 -7.140416 -6.887666 -6.763972 -6.80502 -7.041433 -7.320844 -7.577973 -7.464497 -7.607889 -7.765184 -8.083005 -8.366588 -8.479495 -8.289685 -8.140146 -8.023768 -7.813517 -7.696646 -7.686011 -7.76409 -7.948618 -8.110725 -8.173985 -8.220391 -8.085134 -7.774951 -7.10544 -6.477096 -5.756616 -4.731146 -3.399204 -2.301794 -1.099399 .1941103 1.676607 3.342677 5.781075 7.408739 9.163303 10.74321 11.6466 12.03673 11.81083 11.11775 10.41501 9.479448 8.141577 7.281044
-8.608435 -8.340359 -8.004435 -7.689623 -7.436523 -7.28561 -7.232604 -7.309349 -7.501303 -7.677663 -7.821863 -8.009568 -8.163616 -8.088669 -8.048032 -8.124389 -8.345716 -8.622308 -8.866414 -8.792219 -8.867897 -8.99123 -9.252413 -9.488358 -9.638604 -9.428494 -9.116349 -8.828528 -8.406958 -8.063806 -7.818541 -7.658468 -7.630434 -7.678647 -7.680617 -7.658396 -7.565115 -7.250115 -6.615107 -6.071697 -5.427807 -4.505402 -3.289809 -2.244575 -1.091874 .1578346 1.639604 3.395177 5.568933 7.235545 9.114001 10.79799 12.00463 12.77096 12.91657 12.45216 11.53698 10.66381 9.537969 8.641157
-8.983016 -8.776705 -8.500094 -8.246328 -7.941001 -7.762036 -7.770195 -7.920521 -8.133221 -8.311897 -8.509312 -8.788327 -9.084025 -9.216609 -9.290898 -9.386888 -9.604123 -9.815744 -10.02386 -10.03451 -10.09797 -10.21307 -10.44736 -10.62746 -10.72571 -10.56085 -10.17238 -9.734426 -9.14662 -8.658844 -8.219708 -7.786931 -7.520997 -7.381294 -7.261005 -7.157797 -7.021928 -6.650082 -6.042105 -5.554784 -4.997829 -4.263011 -3.273282 -2.286074 -1.231813 -.05286144 1.385567 3.070592 4.964181 6.678808 8.605839 10.30205 11.76573 12.89206 13.49124 13.38518 12.68912 11.94864 10.91776 9.882734
-9.385058 -9.232874 -9.040457 -8.837976 -8.535946 -8.383225 -8.476898 -8.739788 -9.017161 -9.179738 -9.339932 -9.589596 -9.91561 -10.19621 -10.4593 -10.65788 -10.77657 -10.88888 -11.00425 -11.02656 -11.14027 -11.25847 -11.46511 -11.57668 -11.60968 -11.49574 -11.07589 -10.56681 -9.905451 -9.291651 -8.720904 -8.099897 -7.617575 -7.230822 -6.953938 -6.773013 -6.541383 -6.060798 -5.447464 -4.94719 -4.454944 -3.927098 -3.279484 -2.558042 -1.674259 -.6173769 .7337372 2.258439 3.955153 5.742155 7.666651 9.347798 11.01712 12.45634 13.46771 13.74795 13.34698 12.96871 12.41968 11.34406
-9.908854 -9.819991 -9.689726 -9.526894 -9.280188 -9.156306 -9.234521 -9.474378 -9.760441 -9.990268 -10.14817 -10.36829 -10.68667 -11.01617 -11.36585 -11.68115 -11.82816 -11.84469 -11.80257 -11.77681 -11.8455 -11.96524 -12.14262 -12.18156 -12.16648 -12.09204 -11.67633 -11.16233 -10.52671 -9.892642 -9.232945 -8.519261 -7.863974 -7.215405 -6.786621 -6.49202 -6.150731 -5.516263 -4.85749 -4.289829 -3.832553 -3.448875 -3.008939 -2.53133 -1.883203 -1.037871 .06345402 1.346911 2.797632 4.536233 6.367498 8.117612 9.920353 11.52318 12.86971 13.53583 13.55793 13.52088 13.48563 13.07637
-10.45522 -10.40682 -10.27738 -10.10799 -9.931262 -9.8503 -9.910278 -10.13583 -10.36575 -10.66522 -10.89064 -11.1438 -11.45075 -11.77417 -12.13122 -12.44407 -12.65659 -12.65049 -12.46621 -12.31876 -12.30743 -12.33598 -12.47091 -12.47818 -12.38943 -12.31137 -11.97586 -11.52237 -10.9064 -10.25415 -9.54148 -8.797842 -8.003603 -7.207384 -6.706093 -6.300915 -5.849255 -5.074985 -4.313462 -3.638028 -3.196234 -2.935981 -2.666003 -2.375411 -1.979363 -1.42566 -.6352295 .3545944 1.546821 3.120492 4.89748 6.682816 8.479174 10.13421 11.67242 12.60449 13.02574 13.2859 13.7109 13.81389
-10.95117 -10.93224 -10.77306 -10.55698 -10.42908 -10.47046 -10.54121 -10.71964 -10.88413 -11.14056 -11.38173 -11.65081 -12.01197 -12.35142 -12.6577 -12.8691 -13.09197 -13.01055 -12.78789 -12.56532 -12.51692 -12.46103 -12.54941 -12.57331 -12.44993 -12.32027 -12.04604 -11.63563 -11.02504 -10.40995 -9.696263 -8.935168 -8.010636 -7.131437 -6.605605 -6.121099 -5.564932 -4.689586 -3.817676 -3.016218 -2.557509 -2.409657 -2.313985 -2.244495 -2.12494 -1.901526 -1.385687 -.6101252 .4049285 1.732206 3.351588 5.094247 6.842401 8.472581 10.03356 11.08085 11.75783 12.23264 12.95162 13.58999
-11.47304 -11.4732 -11.25957 -10.96249 -10.82865 -10.91265 -11.04682 -11.16867 -11.31541 -11.45613 -11.64043 -11.84968 -12.17631 -12.51136 -12.71642 -12.73548 -12.78799 -12.74554 -12.53637 -12.37016 -12.32666 -12.20903 -12.35816 -12.39953 -12.26035 -12.08403 -11.82335 -11.42398 -10.85513 -10.30694 -9.635339 -8.902529 -7.939703 -7.055502 -6.516501 -5.99115 -5.344786 -4.417648 -3.444984 -2.525396 -1.987105 -1.964211 -1.986614 -2.015034 -2.031944 -2.081849 -1.89106 -1.433143 -.6755289 .4099367 1.757995 3.372064 5.078411 6.679245 8.09188 9.078671 9.824297 10.53969 11.43426 12.48014
-12.08135 -12.06757 -11.87259 -11.50568 -11.33224 -11.38075 -11.51079 -11.58521 -11.67203 -11.68648 -11.69416 -11.69747 -11.83797 -12.01156 -12.10586 -11.99343 -11.9001 -11.82591 -11.6486 -11.54123 -11.5677 -11.49116 -11.65461 -11.70727 -11.59243 -11.44733 -11.24986 -10.85985 -10.37253 -9.939859 -9.343353 -8.697925 -7.846165 -6.998024 -6.441827 -5.891779 -5.20436 -4.3191 -3.267066 -2.21925 -1.645794 -1.544793 -1.625582 -1.748145 -1.949366 -2.217649 -2.27374 -2.068888 -1.594743 -.780697 .3036501 1.732201 3.337949 4.861677 6.084177 6.912716 7.615204 8.381885 9.36388 10.6244
-12.73876 -12.61535 -12.38324 -12.08757 -11.87481 -11.87294 -11.99125 -12.03929 -12.02299 -11.87015 -11.66942 -11.4364 -11.29821 -11.21286 -11.1444 -11.00565 -10.91808 -10.87921 -10.75853 -10.72698 -10.73798 -10.6616 -10.69301 -10.67981 -10.59669 -10.46548 -10.33137 -10.02019 -9.647173 -9.326243 -8.798541 -8.249995 -7.581884 -6.844331 -6.283254 -5.673847 -4.926764 -4.099863 -3.074256 -2.025749 -1.446516 -1.243883 -1.331056 -1.473004 -1.816974 -2.249244 -2.497731 -2.49436 -2.232313 -1.7024 -.9211247 .2292336 1.744492 3.106081 4.121978 4.773884 5.422077 6.224569 7.186873 8.460813
-13.14959 -12.95047 -12.65304 -12.31374 -12.1142 -12.09138 -12.18664 -12.20968 -12.09645 -11.81344 -11.44336 -11.04838 -10.74503 -10.53111 -10.40175 -10.27214 -10.21315 -10.21461 -10.1753 -10.14796 -10.08523 -9.973572 -9.885454 -9.782047 -9.666036 -9.5179 -9.359139 -9.089226 -8.832632 -8.576553 -8.100769 -7.608149 -7.048374 -6.454889 -5.955812 -5.334399 -4.613924 -3.805292 -2.822994 -1.83735 -1.21293 -.9511879 -1.006489 -1.187978 -1.613581 -2.165152 -2.580098 -2.733267 -2.617922 -2.281238 -1.65906 -.8114216 .5460184 1.69743 2.457963 2.922088 3.422333 4.170413 5.067602 6.23846
-13.13038 -12.95503 -12.58848 -12.17606 -11.8937 -11.82361 -11.89961 -11.86314 -11.58507 -11.22888 -10.83633 -10.46532 -10.22122 -10.13642 -10.09835 -9.986888 -9.916536 -9.856356 -9.805587 -9.767793 -9.70543 -9.521032 -9.285499 -9.104158 -8.900353 -8.727004 -8.501147 -8.218712 -8.022348 -7.788662 -7.370426 -6.922033 -6.438134 -5.970953 -5.57016 -5.000519 -4.352175 -3.563436 -2.611932 -1.632348 -.9408947 -.6380259 -.6241071 -.8090923 -1.27266 -1.910457 -2.444922 -2.758408 -2.799102 -2.613886 -2.139465 -1.489718 -.3410103 .5573211 1.08526 1.331599 1.649709 2.222978 2.975825 3.991748
-12.8717 -12.76231 -12.42072 -11.96423 -11.57141 -11.33059 -11.16235 -10.974 -10.68073 -10.39215 -10.16593 -10.06993 -10.00556 -10.01201 -9.957445 -9.831999 -9.712466 -9.60701 -9.52862 -9.472698 -9.391197 -9.196585 -8.906666 -8.622428 -8.341481 -8.07551 -7.728206 -7.422569 -7.217584 -6.98298 -6.647761 -6.287761 -5.841891 -5.440619 -5.090844 -4.618948 -4.048269 -3.299466 -2.386125 -1.390258 -.6838554 -.2892534 -.1685184 -.2884801 -.7513487 -1.456997 -2.072937 -2.469549 -2.60056 -2.522881 -2.17779 -1.658246 -.8006966 -.1200734 .2094641 .2386615 .2939595 .6082298 1.13187 1.96172
-12.58116 -12.45527 -12.15348 -11.69046 -11.27323 -10.96451 -10.74698 -10.59564 -10.42402 -10.28399 -10.22739 -10.19907 -10.16783 -10.10802 -9.966566 -9.807528 -9.682378 -9.557673 -9.439157 -9.348399 -9.230883 -9.002945 -8.650815 -8.31753 -7.996487 -7.582181 -7.070714 -6.71218 -6.425793 -6.145415 -5.84709 -5.593408 -5.242803 -4.95385 -4.686531 -4.333091 -3.876683 -3.19103 -2.30502 -1.300734 -.4916382 .02166271 .3108433 .3123017 -.1018592 -.8415348 -1.536507 -2.00654 -2.216059 -2.226997 -2.010804 -1.653034 -1.029663 -.4725942 -.3322442 -.4823518 -.6773145 -.6755949 -.4623553 .1187859
-12.10342 -12.01805 -11.78733 -11.4402 -11.10299 -10.8427 -10.71707 -10.68267 -10.58698 -10.49416 -10.4051 -10.29258 -10.20678 -10.0999 -9.967156 -9.846239 -9.762027 -9.657982 -9.515956 -9.401221 -9.231103 -8.985252 -8.546483 -8.185966 -7.845446 -7.302222 -6.644495 -6.162693 -5.730295 -5.342613 -5.039402 -4.837735 -4.619078 -4.464896 -4.32098 -4.115078 -3.79757 -3.204862 -2.356131 -1.360435 -.4188823 .2856173 .7644065 .9309437 .6221668 -.1087533 -.8797867 -1.408233 -1.696386 -1.785112 -1.663668 -1.42227 -.9549147 -.6156527 -.6104111 -.9093865 -1.258708 -1.492926 -1.526739 -1.172379
-11.33207 -11.37206 -11.27284 -11.10327 -10.88092 -10.71893 -10.71463 -10.69631 -10.59334 -10.49183 -10.40797 -10.31789 -10.24878 -10.18192 -10.12028 -10.0447 -10.01681 -9.923194 -9.811872 -9.71846 -9.496954 -9.206107 -8.688283 -8.260637 -7.849262 -7.223835 -6.467175 -5.845468 -5.231523 -4.643795 -4.252339 -4.024958 -3.895875 -3.868863 -3.892044 -3.89051 -3.75477 -3.305209 -2.557069 -1.563695 -.5284981 .4304803 1.146506 1.527418 1.390276 .7764783 -.5643213 -1.240498 -1.081191 -1.248664 -1.231743 -1.082657 -.7289651 -.6450077 -.7291735 -1.10999 -1.524527 -1.8926 -2.113541 -1.974408
-10.58042 -10.60391 -10.54038 -10.52732 -10.42983 -10.36631 -10.40038 -10.4396 -10.41222 -10.37721 -10.35658 -10.34774 -10.33208 -10.31364 -10.30615 -10.28252 -10.29198 -10.19415 -10.10772 -10.0283 -9.830379 -9.517157 -8.989667 -8.502965 -8.006504 -7.333861 -6.490852 -5.706358 -4.912856 -4.102242 -3.577694 -3.282281 -3.189522 -3.259797 -3.458907 -3.673716 -3.744735 -3.458202 -2.841925 -1.901669 -.8494055 .3438312 1.318888 1.970323 2.07825 1.3555 -.04613434 -1.030885 -1.356686 -.7276481 -.7181757 -.6716985 -.4546182 -.4871845 -.7298711 -1.120817 -1.543428 -1.947086 -2.267441 -2.374672
1.70141E+38 1.70141E+38 1.70141E+38 1.70141E+38 1.70141E+38 1.70141E+38 1.70141E+38 1.70141E+38 1.70141E+38 1.70141E+38 1.70141E+38 1.70141E+38 1.70141E+38 1.70141E+38 1.70141E+38 1.70141E+38 1.70141E+38 1.70141E+38 1.70141E+38 1.70141E+38 1.70141E+38 1.70141E+38 1.70141E+38 1.70141E+38 1.70141E+38 1.70141E+38 1.70141E+38 1.70141E+38 1.70141E+38 1.70141E+38 1.70141E+38 1.70141E+38 1.70141E+38 1.70141E+38 1.70141E+38 1.70141E+38 1.70141E+38 1.70141E+38 1.70141E+38 1.70141E+38 1.70141E+38 1.70141E+38 1.70141E+38 1.70141E+38 1.70141E+38 1.70141E+38 1.70141E+38 1.70141E+38 1.70141E+38 1.70141E+38 1.70141E+38 1.70141E+38 1.70141E+38 1.70141E+38 1.70141E+38 1.70141E+38 1.70141E+38 1.70141E+38 1.70141E+38 1.70141E+38
1.70141E+38 1.70141E+38 1.70141E+38 1.70141E+38 1.70141E+38 1.70141E+38 1.70141E+38 1.70141E+38 1.70141E+38 1.70141E+38 1.70141E+38 1.70141E+38 1.70141E+38 1.70141E+38 1.70141E+38 1.70141E+38 1.70141E+38 1.70141E+38 1.70141E+38 1.70141E+38 1.70141E+38 1.70141E+38 1.70141E+38 1.70141E+38 1.70141E+38 1.70141E+38 1.70141E+38 1.70141E+38 1.70141E+38 1.70141E+38 1.70141E+38 1.70141E+38 1.70141E+38 1.70141E+38 1.70141E+38 1.70141E+38 1.70141E+38 1.70141E+38 1.70141E+38 1.70141E+38 1.70141E+38 1.70141E+38 1.70141E+38 1.70141E+38 1.70141E+38 1.70141E+38 1.70141E+38 1.70141E+38 1.70141E+38 1.70141E+38 1.70141E+38 1.70141E+38 1.70141E+38 1.70141E+38 1.70141E+38 1.70141E+38 1.70141E+38 1.70141E+38 1.70141E+38 1.70141E+38
1.70141E+38 1.70141E+38 1.70141E+38 1.70141E+38 1.70141E+38 1.70141E+38 1.70141E+38 1.70141E+38 1.70141E+38 1.70141E+38 1.70141E+38 1.70141E+38 1.70141E+38 1.70141E+38 1.70141E+38 1.70141E+38 1.70141E+38 1.70141E+38 1.70141E+38 1.70141E+38 1.70141E+38 1.70141E+38 1.70141E+38 1.70141E+38 1.70141E+38 1.70141E+38 1.70141E+38 1.70141E+38 1.70141E+38 1.70141E+38 1.70141E+38 1.70141E+38 1.70141E+38 1.70141E+38 1.70141E+38 1.70141E+38 1.70141E+38 1.70141E+38 1.70141E+38 1.70141E+38 1.70141E+38 1.70141E+38 1.70141E+38 1.70141E+38 1.70141E+38 1.70141E+38 1.70141E+38 1.70141E+38 1.70141E+38 1.70141E+38 1.70141E+38 1.70141E+38 1.70141E+38 1.70141E+38 1.70141E+38 1.70141E+38 1.70141E+38 1.70141E+38 1.70141E+38 1.70141E+38
1.70141E+38 1.70141E+38 1.70141E+38 1.70141E+38 1.70141E+38 1.70141E+38 1.70141E+38 1.70141E+38 1.70141E+38 1.70141E+38 1.70141E+38 1.70141E+38 1.70141E+38 1.70141E+38 1.70141E+38 1.70141E+38 1.70141E+38 1.70141E+38 1.70141E+38 1.70141E+38 1.70141E+38 1.70141E+38 1.70141E+38 1.70141E+38 1.70141E+38 1.70141E+38 1.70141E+38 1.70141E+38 1.70141E+38 1.70141E+38 1.70141E+38 1.70141E+38 1.70141E+38 1.70141E+38 1.70141E+38 1.70141E+38 1.70141E+38 1.70141E+38 1.70141E+38 1.70141E+38 1.70141E+38 1.70141E+38 1.70141E+38 1.70141E+38 1.70141E+38 1.70141E+38 1.70141E+38 1.70141E+38 1.70141E+38 1.70141E+38 1.70141E+38 1.70141E+38 1.70141E+38 1.70141E+38 1.70141E+38 1.70141E+38 1.70141E+38 1.70141E+38 1.70141E+38 1.70141E+38
1.70141E+38 1.70141E+38 1.70141E+38 1.70141E+38 1.70141E+38 1.70141E+38 1.70141E+38 1.70141E+38 1.70141E+38 1.70141E+38 1.70141E+38 1.70141E+38 1.70141E+38 1.70141E+38 1.70141E+38 1.70141E+38 1.70141E+38 1.70141E+38 1.70141E+38 1.70141E+38 1.70141E+38 1.70141E+38 1.70141E+38 1.70141E+38 1.70141E+38 1.70141E+38 1.70141E+38 1.70141E+38 1.70141E+38 1.70141E+38 1.70141E+38 1.70141E+38 1.70141E+38 1.70141E+38 1.70141E+38 1.70141E+38 1.70141E+38 1.70141E+38 1.70141E+38 1.70141E+38 1.70141E+38 1.70141E+38 1.70141E+38 1.70141E+38 1.70141E+38 1.70141E+38 1.70141E+38 1.70141E+38 1.70141E+38 1.70141E+38 1.70141E+38 1.70141E+38 1.70141E+38 1.70141E+38 1.70141E+38 1.70141E+38 1.70141E+38 1.70141E+38 1.70141E+38 1.70141E+38
1.70141E+38 1.70141E+38 1.70141E+38 1.70141E+38 1.70141E+38 1.70141E+38 1.70141E+38 1.70141E+38 1.70141E+38 1.70141E+38 1.70141E+38 1.70141E+38 1.70141E+38 1.70141E+38 1.70141E+38 1.70141E+38 1.70141E+38 1.70141E+38 1.70141E+38 1.70141E+38 1.70141E+38 1.70141E+38 1.70141E+38 1.70141E+38 1.70141E+38 1.70141E+38 1.70141E+38 1.70141E+38 1.70141E+38 1.70141E+38 1.70141E+38 1.70141E+38 1.70141E+38 1.70141E+38 1.70141E+38 1.70141E+38 1.70141E+38 1.70141E+38 1.70141E+38 1.70141E+38 1.70141E+38 1.70141E+38 1.70141E+38 1.70141E+38 1.70141E+38 1.70141E+38 1.70141E+38 1.70141E+38 1.70141E+38 1.70141E+38 1.70141E+38 1.70141E+38 1.70141E+38 1.70141E+38 1.70141E+38 1.70141E+38 1.70141E+38 1.70141E+38 1.70141E+38 1.70141E+38
1.70141E+38 1.70141E+38 1.70141E+38 1.70141E+38 1.70141E+38 1.70141E+38 1.70141E+38 1.70141E+38 1.70141E+38 1.70141E+38 1.70141E+38 1.70141E+38 1.70141E+38 1.70141E+38 1.70141E+38 1.70141E+38 1.70141E+38 1.70141E+38 1.70141E+38 1.70141E+38 1.70141E+38 1.70141E+38 1.70141E+38 1.70141E+38 1.70141E+38 1.70141E+38 1.70141E+38 1.70141E+38 1.70141E+38 1.70141E+38 1.70141E+38 1.70141E+38 1.70141E+38 1.70141E+38 1.70141E+38 1.70141E+38 1.70141E+38 1.70141E+38 1.70141E+38 1.70141E+38 1.70141E+38 1.70141E+38 1.70141E+38 1.70141E+38 1.70141E+38 1.70141E+38 1.70141E+38 1.70141E+38 1.70141E+38 1.70141E+38 1.70141E+38 1.70141E+38 1.70141E+38 1.70141E+38 1.70141E+38 1.70141E+38 1.70141E+38 1.70141E+38 1.70141E+38 1.70141E+38
1.70141E+38 1.70141E+38 1.70141E+38 1.70141E+38 1.70141E+38 1.70141E+38 1.70141E+38 1.70141E+38 1.70141E+38 1.70141E+38 1.70141E+38 1.70141E+38 1.70141E+38 1.70141E+38 1.70141E+38 1.70141E+38 1.70141E+38 1.70141E+38 1.70141E+38 1.70141E+38 1.70141E+38 1.70141E+38 1.70141E+38 1.70141E+38 1.70141E+38 1.70141E+38 1.70141E+38 1.70141E+38 1.70141E+38 1.70141E+38 1.70141E+38 1.70141E+38 1.70141E+38 1.70141E+38 1.70141E+38 1.70141E+38 1.70141E+38 1.70141E+38 1.70141E+38 1.70141E+38 1.70141E+38 1.70141E+38 1.70141E+38 1.70141E+38 1.70141E+38 1.70141E+38 1.70141E+38 1.70141E+38 1.70141E+38 1.70141E+38 1.70141E+38 1.70141E+38 1.70141E+38 1.70141E+38 1.70141E+38 1.70141E+38 1.70141E+38 1.70141E+38 1.70141E+38 1.70141E+38
