py_wake/examples/data/AJ_ParqueFicticio/Ridge area   Sector 9   Height 200m   Weibull-A.grd
DSAA
90  129
 262878   265103
 6504214   6507414
 .3239926   11.32763
[rows 81 to 107 of 129, columns 0 to 61 of 90]
6.496907 6.534224 6.601918 6.668053 6.735446 6.821309 6.92503 7.038644 7.159874 7.266491 7.382308 7.513859 7.618922 7.695333 7.718086 7.716644 7.700588 7.661574 7.635088 7.631963 7.589993 7.53772 7.455072 7.360103 7.268876 7.187259 7.103221 7.032379 6.986746 6.957729 6.949793 6.98174 7.107729 7.347369 7.662265 8.022068 8.410964 8.839301 9.279703 9.676625 9.950895 10.17373 10.35079 10.36271 10.19872 9.952263 9.627305 9.234402 8.715389 7.763984 6.064875 3.641444 1.328859 4.408743 3.614878 3.088779 2.865531 2.82437 2.761869 2.707383 2.740443 2.842469
6.757048 6.859269 6.973669 7.084567 7.191535 7.297242 7.428292 7.540241 7.613703 7.695124 7.8104 7.915739 7.997151 8.056607 8.059835 8.022228 7.962976 7.926238 7.930576 7.960141 7.918424 7.832397 7.723903 7.627703 7.54732 7.500651 7.448097 7.408268 7.401169 7.399873 7.434046 7.508551 7.658096 7.920047 8.234953 8.566928 8.941353 9.341061 9.760041 10.07213 10.2684 10.44588 10.52359 10.42552 10.22514 9.958298 9.621991 9.24722 8.682194 7.646849 5.7908 3.269396 1.557303 3.774374 3.159649 2.558316 2.471553 2.515153 2.50597 2.422809 2.236609 2.313271
7.039925 7.190709 7.353537 7.497447 7.612835 7.73749 7.842802 7.892643 7.935744 8.021113 8.113545 8.17805 8.242596 8.273375 8.221289 8.144062 8.078584 8.052314 8.072446 8.104412 8.033305 7.938988 7.84439 7.768141 7.728544 7.710569 7.685479 7.684103 7.734945 7.788116 7.850301 7.967633 8.164793 8.448306 8.767043 9.086572 9.445395 9.810079 10.17637 10.39106 10.52659 10.63271 10.61866 10.46309 10.23928 9.955 9.622071 9.251581 8.668777 7.595713 5.689584 3.181774 5.339023 3.921244 3.15922 2.996468 2.893984 2.829528 2.328909 2.289432 2.126787 1.931951
7.335396 7.50958 7.677493 7.810181 7.930624 8.038638 8.097931 8.124252 8.165773 8.239715 8.295171 8.322577 8.338266 8.311021 8.227558 8.141446 8.081413 8.060281 8.06709 8.059592 7.984434 7.898886 7.825769 7.782496 7.767448 7.789209 7.824694 7.878765 7.986412 8.091126 8.21705 8.419826 8.6728 8.962574 9.277743 9.592259 9.895541 10.22014 10.50547 10.64499 10.72667 10.76085 10.67816 10.48436 10.23498 9.945133 9.61932 9.215034 8.64115 7.57898 5.714302 3.574773 5.987892 4.422082 3.528533 3.095887 2.999676 2.918457 2.878767 2.867215 2.885604 2.940169
7.605088 7.77963 7.928855 8.054021 8.177375 8.248407 8.270356 8.286201 8.319432 8.362057 8.372051 8.342133 8.281675 8.195103 8.097253 8.017502 7.962116 7.934735 7.917911 7.8857 7.821554 7.752082 7.697605 7.674663 7.696443 7.764156 7.868581 7.99987 8.181307 8.357239 8.587238 8.875924 9.165478 9.459619 9.765462 10.0451 10.28775 10.56745 10.77079 10.85505 10.88208 10.84362 10.70615 10.48853 10.22267 9.931458 9.582866 9.163491 8.632702 7.627666 5.858374 4.119917 6.867264 5.221455 4.11201 3.394813 3.063848 2.941484 2.85558 2.790737 2.760744 2.774129
7.828221 7.985296 8.117909 8.237567 8.340293 8.375601 8.369123 8.355545 8.350913 8.346644 8.296597 8.206544 8.099333 7.991216 7.886458 7.811294 7.769855 7.739821 7.710193 7.670669 7.606438 7.547106 7.51033 7.528416 7.596871 7.715043 7.895356 8.111006 8.368302 8.634093 8.949032 9.297294 9.605398 9.907857 10.18209 10.39414 10.60401 10.84204 10.97605 11.01652 10.98389 10.8703 10.6718 10.4136 10.12239 9.8066 9.451481 9.073606 8.618699 7.697126 6.073508 4.615618 6.665852 6.202705 4.931791 4.068719 3.507626 3.143435 2.917099 2.787735 2.717939 2.687942
7.991767 8.126167 8.235862 8.33187 8.391789 8.379342 8.333363 8.282024 8.235348 8.183733 8.09281 7.978264 7.857699 7.742692 7.633073 7.555942 7.517135 7.496297 7.47416 7.430555 7.376616 7.331143 7.329457 7.404797 7.525569 7.697468 7.958885 8.253145 8.582027 8.925891 9.286761 9.643783 9.969275 10.27729 10.49471 10.66934 10.85781 11.04836 11.12771 11.12131 11.01787 10.82761 10.57364 10.27716 9.962328 9.647033 9.31826 8.975547 8.568848 7.745241 6.317482 5.020231 6.102075 7.203375 5.952941 5.024143 4.40709 3.91414 3.510188 3.214084 3.030264 2.905833
8.0777 8.182194 8.267677 8.329327 8.336265 8.280871 8.203687 8.119146 8.033444 7.935081 7.815002 7.688162 7.563651 7.446006 7.335099 7.25693 7.204546 7.198995 7.209431 7.195435 7.165604 7.160975 7.202842 7.338055 7.530418 7.77014 8.087963 8.438075 8.823777 9.207322 9.588429 9.947827 10.28581 10.5684 10.74049 10.89273 11.05585 11.19335 11.22624 11.16229 10.98431 10.73362 10.44734 10.13666 9.819515 9.507119 9.189918 8.848648 8.431664 7.692751 6.469188 5.338585 5.731647 8.152713 7.010735 6.039701 5.39364 4.915406 4.468075 4.070442 3.774258 3.53618
8.101971 8.174221 8.233476 8.257711 8.208628 8.107623 7.996516 7.882598 7.762414 7.6363 7.497324 7.360871 7.222451 7.096528 7.001187 6.933711 6.884797 6.914155 6.95215 6.973997 6.980803 7.027396 7.124617 7.323647 7.594951 7.905706 8.262075 8.661613 9.095761 9.498072 9.886468 10.24532 10.57706 10.81379 10.94826 11.07602 11.207 11.28691 11.26755 11.13855 10.89076 10.59222 10.276 9.94327 9.605247 9.285161 8.984964 8.65962 8.275016 7.596456 6.581895 5.602142 5.490313 8.685555 8.038179 7.09647 6.379236 5.885776 5.46468 5.053347 4.71761 4.438645
8.07107 8.106994 8.142632 8.127619 8.020066 7.87738 7.730213 7.593266 7.451886 7.316692 7.17592 7.041627 6.898941 6.773309 6.704268 6.677612 6.661939 6.693349 6.751123 6.782228 6.824975 6.929244 7.086562 7.350256 7.704414 8.086537 8.495596 8.947488 9.406378 9.809299 10.19354 10.54062 10.83979 11.0217 11.12314 11.21896 11.30862 11.32763 11.24885 11.05488 10.72622 10.36621 10.03026 9.695189 9.357229 9.034226 8.738656 8.433779 8.071784 7.495913 6.668802 5.830522 5.422185 6.638958 8.851505 8.071219 7.411057 6.896058 6.461047 6.0187 5.658353 5.366879
7.9565 7.961691 7.963049 7.905194 7.761492 7.590206 7.424919 7.282555 7.143074 7.028416 6.920876 6.803833 6.670725 6.561328 6.533638 6.574255 6.598944 6.637562 6.705567 6.748939 6.818605 7.00831 7.207841 7.536926 7.952138 8.374589 8.815834 9.298934 9.744779 10.12218 10.48337 10.79172 11.03342 11.1593 11.22436 11.28399 11.32233 11.27529 11.13133 10.85664 10.47832 10.11351 9.778158 9.428035 9.060597 8.724387 8.434311 8.147352 7.804928 7.36514 6.726435 5.998525 5.464871 5.918303 9.277842 8.72533 8.258225 7.850805 7.454682 7.020538 6.652721 6.337945
7.741641 7.727396 7.692024 7.583874 7.424407 7.253444 7.084246 6.94869 6.847015 6.766864 6.693014 6.61446 6.550551 6.516802 6.553525 6.626711 6.671272 6.743941 6.836336 6.899896 7.059123 7.313844 7.593986 7.962106 8.372863 8.797074 9.230823 9.691478 10.08669 10.41509 10.72996 10.97631 11.15082 11.22081 11.24474 11.26154 11.23434 11.12292 10.91923 10.59421 10.21425 9.835777 9.464849 9.072463 8.643988 8.286779 8.0173 7.79485 7.547246 7.214148 6.690377 6.05571 5.495081 5.556187 7.180592 9.042844 8.769166 8.50733 8.236732 7.958008 7.67682 7.384935
7.470976 7.43723 7.37058 7.255104 7.090374 6.912279 6.754916 6.638589 6.559674 6.527165 6.512659 6.506622 6.517333 6.551531 6.651797 6.752304 6.822216 6.930604 7.064754 7.223977 7.470041 7.762636 8.109141 8.484742 8.878025 9.285162 9.691945 10.0907 10.40545 10.67963 10.93337 11.11107 11.21723 11.23574 11.21189 11.18053 11.08691 10.92598 10.68278 10.33639 9.941304 9.534611 9.08389 8.575119 8.027621 7.60488 7.372215 7.288791 7.188605 6.995503 6.598893 6.075365 5.498761 5.264604 5.836561 7.711842 8.970339 8.861073 8.759084 8.678056 8.556855 8.368805
7.195786 7.137065 7.083079 6.98395 6.84129 6.677194 6.494873 6.38562 6.376608 6.383139 6.410927 6.48037 6.545035 6.636817 6.788224 6.922048 7.061346 7.23226 7.406998 7.630438 7.904059 8.237567 8.598444 8.964015 9.349521 9.716792 10.09183 10.42749 10.67406 10.89577 11.08484 11.19715 11.23865 11.19732 11.11942 11.02969 10.88071 10.68573 10.42519 10.0841 9.698004 9.250615 8.706749 8.013332 7.220551 6.67768 6.50244 6.563539 6.656899 6.667944 6.449925 6.04488 5.479537 5.081832 5.081387 5.655515 6.997398 8.950587 8.991613 9.069366 9.121668 9.085434
6.945937 6.887217 6.845562 6.776019 6.673242 6.531375 6.403951 6.336566 6.378217 6.412793 6.465243 6.578274 6.682074 6.820096 7.015642 7.204598 7.385908 7.574029 7.788874 8.032956 8.318117 8.656408 9.023841 9.390142 9.742727 10.08557 10.42274 10.68642 10.87766 11.04643 11.16695 11.20905 11.18495 11.08996 10.97172 10.83519 10.66029 10.45551 10.19908 9.868874 9.493687 9.056259 8.453298 7.561031 6.474782 5.73299 5.542522 5.751991 6.079999 6.286085 6.244213 5.965461 5.45401 4.956089 4.654706 4.607222 4.827714 5.371164 6.465531 8.858499 9.340633 9.430192
6.719337 6.68723 6.660855 6.62712 6.559183 6.485091 6.424416 6.410677 6.496226 6.563529 6.657971 6.791837 6.949397 7.145906 7.351777 7.545965 7.738299 7.957079 8.194678 8.442716 8.724169 9.05918 9.426365 9.772777 10.08073 10.40313 10.68264 10.87265 11.01641 11.13132 11.18283 11.15861 11.07779 10.93709 10.78251 10.61103 10.42108 10.21815 9.971435 9.667596 9.327427 8.92204 8.302989 7.246975 6.019187 5.095269 4.784904 5.061689 5.507957 5.833915 5.956758 5.842181 5.435884 4.889319 4.427852 4.085624 3.859661 3.702696 3.625975 3.666831 3.946861 4.876385
6.552073 6.547078 6.548747 6.536021 6.51476 6.50152 6.488642 6.537433 6.668951 6.799137 6.948364 7.110495 7.289569 7.492713 7.698119 7.901619 8.10799 8.340668 8.589556 8.835074 9.123308 9.45297 9.805934 10.09444 10.35585 10.63947 10.85197 10.98776 11.09264 11.15601 11.13866 11.05227 10.91301 10.73026 10.54293 10.34461 10.14964 9.959054 9.740043 9.479244 9.174479 8.80879 8.073727 6.942183 5.569237 4.56813 4.389476 4.630168 4.976138 5.381705 5.652542 5.704524 5.403447 4.862698 4.310922 3.816631 3.391271 2.963541 2.545007 2.15232 1.827111 1.762705
6.505445 6.509902 6.530499 6.533105 6.554776 6.588271 6.622281 6.746493 6.907329 7.069857 7.243772 7.430274 7.624808 7.829991 8.04176 8.25833 8.468482 8.703141 8.943088 9.191198 9.477582 9.780835 10.0817 10.31437 10.53682 10.76202 10.92091 11.01995 11.09147 11.10939 11.0347 10.90042 10.71563 10.49796 10.27633 10.05527 9.864881 9.693867 9.510036 9.286489 9.030722 8.684314 7.963636 6.836105 5.379632 4.15335 3.550545 4.09358 4.832668 5.188756 5.404013 5.522554 5.319846 4.839829 4.268213 3.698687 3.167314 2.640656 2.196909 2.055321 2.05598 2.039038
6.556945 6.588333 6.622622 6.639414 6.701329 6.768796 6.837402 6.986468 7.166221 7.34685 7.531847 7.723044 7.927558 8.132584 8.337441 8.54792 8.758341 8.985521 9.207958 9.444137 9.701445 9.969601 10.21798 10.4153 10.59969 10.76924 10.89239 10.97121 11.02466 11.01178 10.89606 10.71931 10.49501 10.24047 9.989199 9.75813 9.581409 9.435374 9.284603 9.104954 8.911792 8.6183 7.978744 6.93495 5.583543 4.364499 3.57243 3.227226 4.084527 4.81925 5.166213 5.286971 5.165878 4.788159 4.267197 3.703478 3.140403 2.609662 2.22873 2.179457 2.20746 2.249345
1.70141E+38 1.70141E+38 1.70141E+38 1.70141E+38 1.70141E+38 1.70141E+38 1.70141E+38 1.70141E+38 1.70141E+38 1.70141E+38 1.70141E+38 1.70141E+38 1.70141E+38 1.70141E+38 1.70141E+38 1.70141E+38 1.70141E+38 1.70141E+38 1.70141E+38 1.70141E+38 1.70141E+38 1.70141E+38 1.70141E+38 1.70141E+38 1.70141E+38 1.70141E+38 1.70141E+38 1.70141E+38 1.70141E+38 1.70141E+38 1.70141E+38 1.70141E+38 1.70141E+38 1.70141E+38 1.70141E+38 1.70141E+38 1.70141E+38 1.70141E+38 1.70141E+38 1.70141E+38 1.70141E+38 1.70141E+38 1.70141E+38 1.70141E+38 1.70141E+38 1.70141E+38 1.70141E+38 1.70141E+38 1.70141E+38 1.70141E+38 1.70141E+38 1.70141E+38 1.70141E+38 1.70141E+38 1.70141E+38 1.70141E+38 1.70141E+38 1.70141E+38 1.70141E+38 1.70141E+38 1.70141E+38 1.70141E+38
1.70141E+38 1.70141E+38 1.70141E+38 1.70141E+38 1.70141E+38 1.70141E+38 1.70141E+38 1.70141E+38 1.70141E+38 1.70141E+38 1.70141E+38 1.70141E+38 1.70141E+38 1.70141E+38 1.70141E+38 1.70141E+38 1.70141E+38 1.70141E+38 1.70141E+38 1.70141E+38 1.70141E+38 1.70141E+38 1.70141E+38 1.70141E+38 1.70141E+38 1.70141E+38 1.70141E+38 1.70141E+38 1.70141E+38 1.70141E+38 1.70141E+38 1.70141E+38 1.70141E+38 1.70141E+38 1.70141E+38 1.70141E+38 1.70141E+38 1.70141E+38 1.70141E+38 1.70141E+38 1.70141E+38 1.70141E+38 1.70141E+38 1.70141E+38 1.70141E+38 1.70141E+38 1.70141E+38 1.70141E+38 1.70141E+38 1.70141E+38 1.70141E+38 1.70141E+38 1.70141E+38 1.70141E+38 1.70141E+38 1.70141E+38 1.70141E+38 1.70141E+38 1.70141E+38 1.70141E+38 1.70141E+38 1.70141E+38
1.70141E+38 1.70141E+38 1.70141E+38 1.70141E+38 1.70141E+38 1.70141E+38 1.70141E+38 1.70141E+38 1.70141E+38 1.70141E+38 1.70141E+38 1.70141E+38 1.70141E+38 1.70141E+38 1.70141E+38 1.70141E+38 1.70141E+38 1.70141E+38 1.70141E+38 1.70141E+38 1.70141E+38 1.70141E+38 1.70141E+38 1.70141E+38 1.70141E+38 1.70141E+38 1.70141E+38 1.70141E+38 1.70141E+38 1.70141E+38 1.70141E+38 1.70141E+38 1.70141E+38 1.70141E+38 1.70141E+38 1.70141E+38 1.70141E+38 1.70141E+38 1.70141E+38 1.70141E+38 1.70141E+38 1.70141E+38 1.70141E+38 1.70141E+38 1.70141E+38 1.70141E+38 1.70141E+38 1.70141E+38 1.70141E+38 1.70141E+38 1.70141E+38 1.70141E+38 1.70141E+38 1.70141E+38 1.70141E+38 1.70141E+38 1.70141E+38 1.70141E+38 1.70141E+38 1.70141E+38 1.70141E+38 1.70141E+38
1.70141E+38 1.70141E+38 1.70141E+38 1.70141E+38 1.70141E+38 1.70141E+38 1.70141E+38 1.70141E+38 1.70141E+38 1.70141E+38 1.70141E+38 1.70141E+38 1.70141E+38 1.70141E+38 1.70141E+38 1.70141E+38 1.70141E+38 1.70141E+38 1.70141E+38 1.70141E+38 1.70141E+38 1.70141E+38 1.70141E+38 1.70141E+38 1.70141E+38 1.70141E+38 1.70141E+38 1.70141E+38 1.70141E+38 1.70141E+38 1.70141E+38 1.70141E+38 1.70141E+38 1.70141E+38 1.70141E+38 1.70141E+38 1.70141E+38 1.70141E+38 1.70141E+38 1.70141E+38 1.70141E+38 1.70141E+38 1.70141E+38 1.70141E+38 1.70141E+38 1.70141E+38 1.70141E+38 1.70141E+38 1.70141E+38 1.70141E+38 1.70141E+38 1.70141E+38 1.70141E+38 1.70141E+38 1.70141E+38 1.70141E+38 1.70141E+38 1.70141E+38 1.70141E+38 1.70141E+38 1.70141E+38 1.70141E+38
1.70141E+38 1.70141E+38 1.70141E+38 1.70141E+38 1.70141E+38 1.70141E+38 1.70141E+38 1.70141E+38 1.70141E+38 1.70141E+38 1.70141E+38 1.70141E+38 1.70141E+38 1.70141E+38 1.70141E+38 1.70141E+38 1.70141E+38 1.70141E+38 1.70141E+38 1.70141E+38 1.70141E+38 1.70141E+38 1.70141E+38 1.70141E+38 1.70141E+38 1.70141E+38 1.70141E+38 1.70141E+38 1.70141E+38 1.70141E+38 1.70141E+38 1.70141E+38 1.70141E+38 1.70141E+38 1.70141E+38 1.70141E+38 1.70141E+38 1.70141E+38 1.70141E+38 1.70141E+38 1.70141E+38 1.70141E+38 1.70141E+38 1.70141E+38 1.70141E+38 1.70141E+38 1.70141E+38 1.70141E+38 1.70141E+38 1.70141E+38 1.70141E+38 1.70141E+38 1.70141E+38 1.70141E+38 1.70141E+38 1.70141E+38 1.70141E+38 1.70141E+38 1.70141E+38 1.70141E+38 1.70141E+38 1.70141E+38
1.70141E+38 1.70141E+38 1.70141E+38 1.70141E+38 1.70141E+38 1.70141E+38 1.70141E+38 1.70141E+38 1.70141E+38 1.70141E+38 1.70141E+38 1.70141E+38 1.70141E+38 1.70141E+38 1.70141E+38 1.70141E+38 1.70141E+38 1.70141E+38 1.70141E+38 1.70141E+38 1.70141E+38 1.70141E+38 1.70141E+38 1.70141E+38 1.70141E+38 1.70141E+38 1.70141E+38 1.70141E+38 1.70141E+38 1.70141E+38 1.70141E+38 1.70141E+38 1.70141E+38 1.70141E+38 1.70141E+38 1.70141E+38 1.70141E+38 1.70141E+38 1.70141E+38 1.70141E+38 1.70141E+38 1.70141E+38 1.70141E+38 1.70141E+38 1.70141E+38 1.70141E+38 1.70141E+38 1.70141E+38 1.70141E+38 1.70141E+38 1.70141E+38 1.70141E+38 1.70141E+38 1.70141E+38 1.70141E+38 1.70141E+38 1.70141E+38 1.70141E+38 1.70141E+38 1.70141E+38 1.70141E+38 1.70141E+38
1.70141E+38 1.70141E+38 1.70141E+38 1.70141E+38 1.70141E+38 1.70141E+38 1.70141E+38 1.70141E+38 1.70141E+38 1.70141E+38 1.70141E+38 1.70141E+38 1.70141E+38 1.70141E+38 1.70141E+38 1.70141E+38 1.70141E+38 1.70141E+38 1.70141E+38 1.70141E+38 1.70141E+38 1.70141E+38 1.70141E+38 1.70141E+38 1.70141E+38 1.70141E+38 1.70141E+38 1.70141E+38 1.70141E+38 1.70141E+38 1.70141E+38 1.70141E+38 1.70141E+38 1.70141E+38 1.70141E+38 1.70141E+38 1.70141E+38 1.70141E+38 1.70141E+38 1.70141E+38 1.70141E+38 1.70141E+38 1.70141E+38 1.70141E+38 1.70141E+38 1.70141E+38 1.70141E+38 1.70141E+38 1.70141E+38 1.70141E+38 1.70141E+38 1.70141E+38 1.70141E+38 1.70141E+38 1.70141E+38 1.70141E+38 1.70141E+38 1.70141E+38 1.70141E+38 1.70141E+38 1.70141E+38 1.70141E+38
1.70141E+38 1.70141E+38 1.70141E+38 1.70141E+38 1.70141E+38 1.70141E+38 1.70141E+38 1.70141E+38 1.70141E+38 1.70141E+38 1.70141E+38 1.70141E+38 1.70141E+38 1.70141E+38 1.70141E+38 1.70141E+38 1.70141E+38 1.70141E+38 1.70141E+38 1.70141E+38 1.70141E+38 1.70141E+38 1.70141E+38 1.70141E+38 1.70141E+38 1.70141E+38 1.70141E+38 1.70141E+38 1.70141E+38 1.70141E+38 1.70141E+38 1.70141E+38 1.70141E+38 1.70141E+38 1.70141E+38 1.70141E+38 1.70141E+38 1.70141E+38 1.70141E+38 1.70141E+38 1.70141E+38 1.70141E+38 1.70141E+38 1.70141E+38 1.70141E+38 1.70141E+38 1.70141E+38 1.70141E+38 1.70141E+38 1.70141E+38 1.70141E+38 1.70141E+38 1.70141E+38 1.70141E+38 1.70141E+38 1.70141E+38 1.70141E+38 1.70141E+38 1.70141E+38 1.70141E+38 1.70141E+38 1.70141E+38
