py_wake/examples/data/AJ_ParqueFicticio/Ridge area   Sector 6   Height 200m   Orographic speed.grd
DSAA
90  129
 262878   265103
 6504214   6507414
 .1780226   1.421606
[rows 54 to 80 of 129, columns 0 to 61 of 90]
1.191998 1.150237 1.096819 1.031042 .9654633 .9005252 .840389 .7874241 .7370269 .6939921 .6675981 .6508153 .6332478 .603924 .5642976 .5203356 .4830915 .4645241 .4573478 .4673561 .5008289 .5401339 .5763091 .6052408 .6252301 .6308135 .6339375 .6533855 .670178 .6928647 .7382736 .7891774 .8426502 .899533 .9488538 .9966685 1.045944 1.093248 1.140349 1.187393 1.233152 1.277609 1.316788 1.35111 1.380457 1.399377 1.401272 1.388486 1.365431 1.332136 1.296986 1.256969 1.216888 1.182605 1.152113 1.132762 1.124908 1.123498 1.127998 1.139954 1.160092 1.182917
1.211309 1.178863 1.134697 1.077204 1.010011 .9453071 .8882496 .8379044 .7932178 .7576849 .7368705 .7245059 .7055037 .6715028 .6290926 .5839303 .5445406 .5158659 .5009697 .505201 .528588 .5616112 .5929085 .6205464 .6471696 .6669785 .6875739 .7114568 .7396576 .7742994 .8136975 .8607172 .9030471 .9391461 .9723746 1.008685 1.053703 1.097298 1.139404 1.182067 1.225012 1.267813 1.30593 1.340857 1.370374 1.390319 1.397097 1.390222 1.374646 1.344761 1.308027 1.268894 1.229608 1.196199 1.167436 1.147125 1.138165 1.136437 1.139573 1.148505 1.16221 1.17725
1.227719 1.20473 1.170376 1.12098 1.057355 .9947376 .937875 .8887121 .8483729 .8183066 .803708 .7983801 .7852393 .749074 .7044412 .656529 .6141922 .5790504 .5539057 .5463092 .5639999 .591857 .6180239 .6478849 .6817248 .7133818 .7438755 .7752735 .8080415 .8450578 .8855184 .9265034 .9622008 .9890547 1.0148 1.044684 1.078189 1.112921 1.147089 1.185057 1.225535 1.264918 1.300739 1.334787 1.363479 1.382675 1.392344 1.388902 1.37774 1.356181 1.32176 1.282244 1.242975 1.208493 1.178649 1.15612 1.145496 1.142986 1.144686 1.150595 1.159719 1.170533
1.241803 1.225821 1.199023 1.158228 1.105578 1.045224 .9897843 .9452733 .9106972 .8851311 .8704067 .8695558 .8645132 .8380677 .7948847 .7444656 .6938893 .6517776 .6170642 .6018384 .6145639 .6373888 .6580233 .6849918 .7213767 .7604111 .7977374 .83514 .8707142 .9106269 .9503534 .986735 1.016688 1.042498 1.06849 1.093491 1.118498 1.14276 1.168719 1.200177 1.23677 1.27227 1.304874 1.335877 1.360852 1.378861 1.389424 1.388352 1.379284 1.363134 1.337286 1.300648 1.26141 1.225111 1.193772 1.168456 1.152851 1.146796 1.145855 1.149629 1.156346 1.162788
1.250101 1.241409 1.220759 1.185295 1.140995 1.090611 1.042306 .9983391 .9656134 .9462488 .9384114 .9375697 .9340855 .9136054 .876302 .8324544 .7854939 .7427065 .7003434 .6789891 .683372 .6966547 .7118357 .7351108 .7692425 .8097041 .8503374 .8891339 .9288463 .9694223 1.007841 1.042749 1.071216 1.096365 1.11998 1.142805 1.164341 1.185014 1.207163 1.232104 1.260522 1.29006 1.319178 1.344441 1.365684 1.381322 1.391337 1.391488 1.383732 1.368628 1.348606 1.319522 1.28265 1.246643 1.214367 1.187445 1.167458 1.155194 1.149889 1.148755 1.149829 1.150236
1.256147 1.254772 1.241595 1.213974 1.176297 1.133056 1.091019 1.053124 1.023764 1.006119 1.000924 1.002237 1.000093 .9840094 .951444 .9125104 .8699524 .8264148 .7876725 .7640629 .7601514 .7623065 .7733908 .7957813 .8271894 .863969 .9031176 .9415591 .9792452 1.018226 1.056826 1.092084 1.121825 1.146384 1.168687 1.189998 1.209054 1.228017 1.247662 1.268764 1.290572 1.313915 1.336711 1.357107 1.376804 1.390633 1.400102 1.401618 1.394406 1.378764 1.358768 1.334873 1.303501 1.268066 1.235046 1.206197 1.184178 1.167799 1.155218 1.146718 1.140092 1.133899
1.262904 1.266959 1.261841 1.243101 1.213457 1.178636 1.143647 1.112438 1.086567 1.068313 1.062547 1.065172 1.065574 1.054019 1.02868 .9986208 .9621771 .9208209 .8809012 .849686 .8413439 .8389789 .8424936 .8615019 .8893645 .9209991 .9561513 .9907302 1.025789 1.060972 1.096688 1.132381 1.163837 1.187907 1.208755 1.228874 1.246099 1.262713 1.280298 1.29723 1.315376 1.333822 1.351143 1.368796 1.387516 1.40071 1.409632 1.413496 1.409791 1.394247 1.371178 1.346778 1.319755 1.287181 1.253434 1.22264 1.197433 1.177617 1.159561 1.142532 1.127669 1.115002
1.272334 1.278951 1.278219 1.266245 1.243893 1.217462 1.191171 1.166927 1.145811 1.129848 1.12405 1.124396 1.12627 1.122436 1.105965 1.081458 1.051225 1.015569 .9788374 .9477544 .9312453 .9228042 .9200575 .9322237 .9549584 .9810074 1.0084 1.03766 1.069245 1.099467 1.13071 1.162663 1.192248 1.214634 1.234985 1.253307 1.268974 1.284953 1.300628 1.315777 1.332041 1.346929 1.360577 1.375145 1.391498 1.402403 1.409081 1.414358 1.416025 1.407302 1.384227 1.357256 1.330452 1.301121 1.267609 1.233462 1.202947 1.178244 1.155938 1.133447 1.110989 1.091354
1.282122 1.291264 1.294871 1.290965 1.277574 1.258962 1.238576 1.218632 1.200899 1.18684 1.180587 1.181092 1.181635 1.177471 1.166796 1.148142 1.127409 1.102127 1.076107 1.050005 1.027599 1.017412 1.011686 1.01627 1.028783 1.047876 1.067338 1.086252 1.108698 1.134195 1.158349 1.18468 1.20864 1.229449 1.248001 1.264157 1.279911 1.295531 1.310203 1.325148 1.340452 1.354142 1.367002 1.380053 1.39285 1.400202 1.403485 1.407491 1.411292 1.410695 1.395004 1.367957 1.33929 1.310718 1.278601 1.241854 1.205985 1.175357 1.148153 1.120143 1.089252 1.059285
1.284093 1.296266 1.303966 1.304107 1.296912 1.285495 1.272321 1.258888 1.246166 1.234744 1.225999 1.220652 1.219022 1.218041 1.214192 1.203393 1.189865 1.174402 1.156834 1.137628 1.120459 1.107587 1.102243 1.1003 1.106054 1.113788 1.120912 1.130839 1.146588 1.163395 1.181899 1.201636 1.219653 1.237587 1.25354 1.26734 1.281869 1.296862 1.311502 1.326528 1.341341 1.354742 1.367999 1.382118 1.394282 1.39867 1.399058 1.400568 1.4031 1.405529 1.399505 1.377504 1.34833 1.319786 1.289783 1.252942 1.21232 1.176647 1.144146 1.110127 1.070178 1.028635
1.271445 1.286322 1.298645 1.300631 1.295211 1.286323 1.276083 1.266239 1.257689 1.250273 1.244236 1.240205 1.23902 1.239413 1.239868 1.235205 1.224392 1.213483 1.204947 1.19788 1.185759 1.171563 1.16262 1.161766 1.164268 1.161738 1.16105 1.166896 1.17594 1.185865 1.199217 1.212855 1.226177 1.240419 1.2531 1.264504 1.277093 1.290547 1.30416 1.318981 1.334289 1.347597 1.360848 1.376125 1.391758 1.39679 1.395079 1.393791 1.393942 1.395651 1.39539 1.382134 1.355522 1.327484 1.299737 1.266084 1.22222 1.183087 1.145504 1.10648 1.059819 1.009824
1.242382 1.259154 1.277193 1.284602 1.283061 1.278381 1.271451 1.263803 1.25687 1.250991 1.245262 1.239751 1.235944 1.234969 1.23651 1.235092 1.229827 1.223437 1.218969 1.217516 1.210572 1.199712 1.19217 1.192212 1.192241 1.188778 1.186313 1.188725 1.192539 1.198022 1.206098 1.214608 1.223482 1.233524 1.243116 1.252039 1.261717 1.272627 1.285178 1.300041 1.316542 1.33114 1.345021 1.360865 1.380875 1.391756 1.391053 1.387828 1.38541 1.385135 1.385808 1.379639 1.357993 1.331771 1.306283 1.277195 1.232482 1.191819 1.151546 1.110208 1.06064 1.005877
1.202556 1.219771 1.240646 1.256775 1.259352 1.257254 1.252363 1.245127 1.236866 1.228909 1.220717 1.212058 1.204902 1.202321 1.205814 1.209059 1.207234 1.204533 1.202674 1.203331 1.201298 1.197298 1.193443 1.192909 1.194079 1.194347 1.194415 1.195644 1.197469 1.199939 1.204157 1.208552 1.213229 1.219138 1.225739 1.23181 1.237489 1.244704 1.256015 1.27099 1.288424 1.306936 1.323666 1.340506 1.361356 1.38035 1.385061 1.381857 1.377808 1.375551 1.375237 1.371984 1.354445 1.331109 1.30855 1.284375 1.242808 1.202783 1.161812 1.119489 1.069169 1.011154
1.15724 1.173326 1.192633 1.213042 1.225509 1.228273 1.225222 1.21715 1.205196 1.192353 1.179288 1.165971 1.155446 1.15206 1.157154 1.167132 1.168675 1.166735 1.166269 1.17021 1.17257 1.17127 1.170433 1.172603 1.175443 1.176654 1.178602 1.182201 1.183619 1.186037 1.191436 1.194462 1.194977 1.196919 1.202395 1.207355 1.209362 1.212588 1.221451 1.236164 1.254731 1.276498 1.298212 1.317517 1.338208 1.361386 1.374766 1.375293 1.370887 1.367471 1.366393 1.364101 1.348982 1.328274 1.308881 1.289296 1.25322 1.215884 1.175798 1.132774 1.081729 1.022072
1.10836 1.123387 1.140062 1.157354 1.172101 1.182183 1.183482 1.174256 1.157369 1.138271 1.12029 1.103549 1.090972 1.087953 1.093024 1.105585 1.116028 1.117831 1.118365 1.123951 1.131015 1.132265 1.132785 1.136584 1.140406 1.141084 1.1424 1.145645 1.147477 1.150984 1.157392 1.162619 1.162036 1.160851 1.165098 1.17078 1.172699 1.173875 1.180242 1.194906 1.216505 1.240953 1.267825 1.292295 1.313337 1.336683 1.357616 1.366101 1.3636 1.360087 1.358828 1.357223 1.343836 1.324807 1.307621 1.290851 1.260104 1.225542 1.188158 1.146038 1.094822 1.034483
1.060178 1.072159 1.086248 1.096898 1.104853 1.111556 1.113294 1.105784 1.090506 1.070902 1.050994 1.032284 1.01792 1.011778 1.014897 1.026631 1.041864 1.05179 1.058683 1.064867 1.072704 1.079318 1.081824 1.084672 1.088587 1.092076 1.092533 1.091624 1.093347 1.097823 1.102633 1.108819 1.110283 1.10742 1.106904 1.11123 1.115365 1.119239 1.128248 1.144765 1.170375 1.199192 1.230556 1.263006 1.286986 1.309664 1.333836 1.351632 1.35524 1.35286 1.352291 1.351231 1.338741 1.319671 1.302384 1.284022 1.255249 1.220556 1.185203 1.145824 1.098493 1.04283
1.010085 1.020425 1.032146 1.036844 1.036532 1.037649 1.037199 1.030905 1.017282 .9980151 .9773671 .9561813 .9365501 .9264579 .9284639 .9398 .9549438 .969047 .9831604 .9952237 1.003632 1.013127 1.020618 1.024252 1.028062 1.03095 1.032586 1.029431 1.029149 1.029419 1.033386 1.037995 1.039265 1.035144 1.031973 1.030625 1.03067 1.035385 1.050216 1.080984 1.115172 1.150894 1.189124 1.228608 1.260537 1.282472 1.306542 1.330063 1.342109 1.343368 1.344708 1.345534 1.335155 1.31635 1.298218 1.27655 1.248454 1.213771 1.178102 1.138661 1.094378 1.044187
.9519591 .9613504 .9731025 .9755142 .9674187 .9613064 .9578666 .9512174 .9359878 .9141087 .8912789 .8642891 .837391 .8281602 .8328348 .8474676 .8627045 .8802266 .8983237 .9146383 .9288329 .9413865 .9500255 .9555289 .9602459 .9622051 .9617273 .9585015 .9560459 .9549 .9572641 .9607484 .96125 .957929 .9534006 .9475902 .9433594 .9380009 .9448166 .9934633 1.055489 1.101698 1.146172 1.191274 1.232568 1.25677 1.279895 1.304693 1.324097 1.331533 1.335013 1.337131 1.329874 1.313368 1.295124 1.271477 1.243086 1.20832 1.171981 1.13239 1.088998 1.042107
.8782977 .8794149 .8895442 .8908501 .877017 .8669128 .8626216 .8568899 .8412907 .8169649 .7885056 .7566002 .7256355 .7135552 .722946 .7414022 .7624348 .7847912 .8064228 .825475 .8433937 .8612687 .8724062 .8768556 .8806683 .8830895 .8839437 .8804417 .8768296 .8738154 .8756472 .8815991 .884137 .8815894 .8738218 .8683979 .8713932 .8673036 .8670952 .9165799 1.000687 1.061983 1.1116 1.15982 1.205814 1.233799 1.254867 1.277055 1.297462 1.3087 1.313763 1.317474 1.314813 1.303958 1.287915 1.265955 1.238645 1.204195 1.167185 1.126997 1.08337 1.036972
.7676197 .762184 .7665829 .7671017 .7600769 .7589579 .759834 .7552214 .7396533 .7152767 .6860287 .6526064 .6198691 .6039706 .6077489 .6291016 .6533043 .6822305 .7062843 .7285448 .7493317 .7657067 .7782565 .7838569 .7855508 .7873297 .7896348 .7882524 .786485 .784871 .7885861 .7947071 .8060502 .8120646 .8073149 .8077871 .8197873 .8291392 .8466036 .8925636 .9755153 1.041388 1.092867 1.140346 1.186269 1.21584 1.233994 1.252522 1.269744 1.280712 1.28671 1.292441 1.293685 1.288498 1.276633 1.258554 1.233768 1.201216 1.164524 1.123684 1.079891 1.033055
.6353158 .6309128 .6358824 .6404669 .6464561 .6534184 .6565987 .6534327 .6427045 .6209434 .5876674 .5544173 .5278668 .5189646 .5239889 .5348094 .5603691 .5898682 .6146225 .6420332 .6668723 .6771347 .6801705 .6864654 .6896138 .6886971 .6844687 .6819364 .6793087 .6823637 .6895483 .6961939 .7181041 .7429611 .7547143 .7666493 .787611 .8146847 .8480234 .8962434 .9702392 1.032617 1.084313 1.130453 1.174264 1.203 1.218155 1.233484 1.246506 1.255313 1.261846 1.269124 1.272755 1.270205 1.261997 1.248528 1.226728 1.198192 1.163977 1.123995 1.079629 1.031859
.5356999 .5316935 .5380096 .5516818 .5629776 .5683421 .5690673 .5728632 .5811655 .572479 .5473607 .5137391 .4782812 .4650557 .4798137 .4943833 .5046867 .529227 .5612217 .5927414 .6184718 .625174 .6183159 .6103695 .6146066 .6205516 .6140819 .5976298 .5836918 .5928434 .6046646 .6078447 .6321132 .6798971 .7179883 .7495683 .785117 .8231861 .8606195 .9098685 .9765123 1.032849 1.080708 1.123623 1.165075 1.192927 1.205883 1.218691 1.22728 1.232836 1.238405 1.24571 1.249447 1.246823 1.241806 1.233341 1.215279 1.190983 1.161611 1.125601 1.081775 1.034123
.4760621 .4822071 .494809 .5118822 .5247049 .5302623 .5324224 .5434507 .5639213 .5628195 .5467758 .5204785 .490777 .4764001 .48915 .5007771 .5049723 .5202425 .5500373 .5811803 .600273 .6030247 .5951999 .5840697 .5842964 .5910631 .5860983 .5709906 .5545638 .5586331 .5730771 .5800682 .6042215 .6616721 .7161176 .7650071 .811322 .8547643 .8921358 .9399512 .9962394 1.044155 1.086146 1.123671 1.161251 1.186814 1.197524 1.207315 1.210752 1.212168 1.214797 1.217915 1.217685 1.214819 1.21171 1.206539 1.194695 1.176699 1.15397 1.124135 1.083858 1.039322
.438717 .4557846 .4778865 .5004811 .5183098 .5334175 .5487278 .5682802 .5862208 .5886729 .5800435 .5606949 .5477362 .5414397 .5427416 .5496855 .5519407 .5596892 .5720441 .5900391 .6050965 .6103227 .6085382 .6033145 .6013041 .6022264 .5985561 .590083 .582545 .5870571 .5977049 .6105137 .6407984 .6915693 .7470322 .8001321 .8497795 .8963277 .9376161 .9824864 1.027041 1.066835 1.100834 1.131022 1.162432 1.183797 1.192731 1.199014 1.19797 1.19443 1.187784 1.180597 1.175967 1.172217 1.16846 1.165622 1.160145 1.149548 1.134094 1.112294 1.080054 1.043985
.4256092 .446531 .4743893 .5072206 .5338847 .5549298 .575089 .6020943 .6216027 .6272178 .627326 .6273746 .6211537 .6159124 .6148913 .6201891 .6244196 .6212985 .620103 .6254972 .6357309 .6414246 .6443669 .6473988 .6479388 .6427138 .6367776 .6326914 .6324174 .6357662 .6433581 .660248 .6938925 .7393654 .7932951 .8456667 .8944025 .9404288 .9835796 1.023642 1.059178 1.092518 1.119796 1.145607 1.169655 1.184343 1.191333 1.193676 1.189284 1.178294 1.158031 1.140331 1.129815 1.122258 1.116695 1.114277 1.113605 1.109214 1.101045 1.087939 1.066549 1.041712
.4424654 .4648689 .4948525 .5374037 .5701557 .5899107 .6101549 .6407041 .6635908 .6782908 .6903824 .6945398 .6945746 .6936424 .6982368 .7005553 .6994008 .6940277 .6892828 .6875446 .6899365 .6921498 .6968575 .7029565 .7038067 .6967469 .689644 .6883573 .6880856 .6873043 .6938798 .7134783 .7426683 .7871715 .8414964 .8923543 .9382067 .982376 1.02391 1.058997 1.089617 1.115967 1.138137 1.161647 1.180037 1.188856 1.193626 1.192959 1.185367 1.162741 1.134409 1.107116 1.086459 1.072677 1.063724 1.059637 1.058978 1.057973 1.056249 1.051516 1.040256 1.027345
.4906214 .5193955 .5552574 .5966175 .6276889 .6496172 .6727607 .6977078 .723233 .7450938 .7615829 .7723756 .7796633 .7840422 .785751 .786271 .7830061 .7761269 .770693 .763372 .7621589 .7629792 .7667915 .769676 .7689589 .7639866 .7578269 .7541205 .750555 .7491148 .7556522 .772072 .7963219 .8367377 .8858545 .9330124 .9759056 1.017619 1.056841 1.089453 1.117191 1.138877 1.158378 1.176552 1.188651 1.195129 1.198217 1.196538 1.184355 1.155477 1.121382 1.085323 1.053552 1.029367 1.012375 1.003049 1.000408 .9998712 1.000128 1.000949 .9979646 .9938169
