py_wake/examples/data/AJ_ParqueFicticio/Ridge area   Sector 12   Height 30m   Weibull-k.grd
DSAA
90  129
 262878   265103
 6504214   6507414
 .7871094   2.333984
[rows 27 to 53 of 129, columns 0 to 61 of 90]
1.611328 1.603516 1.603516 1.603516 1.603516 1.611328 1.623047 1.642578 1.662109 1.666016 1.669922 1.673828 1.677734 1.677734 1.677734 1.677734 1.677734 1.677734 1.677734 1.677734 1.677734 1.677734 1.673828 1.669922 1.666016 1.662109 1.662109 1.658203 1.658203 1.658203 1.658203 1.658203 1.662109 1.662109 1.666016 1.666016 1.666016 1.666016 1.662109 1.662109 1.662109 1.658203 1.662109 1.662109 1.666016 1.669922 1.673828 1.677734 1.685547 1.689453 1.697266 1.701172 1.720703 1.693359 1.650391 1.673828 1.685547 1.888672 1.888672 1.888672 1.888672 1.888672
1.611328 1.607422 1.603516 1.603516 1.603516 1.611328 1.619141 1.638672 1.662109 1.669922 1.673828 1.673828 1.673828 1.673828 1.673828 1.673828 1.673828 1.673828 1.673828 1.677734 1.673828 1.673828 1.669922 1.666016 1.658203 1.654297 1.650391 1.646484 1.646484 1.646484 1.650391 1.650391 1.654297 1.658203 1.662109 1.662109 1.662109 1.662109 1.658203 1.658203 1.658203 1.658203 1.658203 1.662109 1.662109 1.669922 1.673828 1.677734 1.681641 1.689453 1.697266 1.705078 1.720703 1.681641 1.806641 1.779297 1.685547 1.685547 1.888672 1.888672 1.888672 1.888672
1.611328 1.607422 1.603516 1.603516 1.603516 1.611328 1.619141 1.634766 1.658203 1.669922 1.673828 1.673828 1.673828 1.673828 1.673828 1.673828 1.673828 1.673828 1.673828 1.673828 1.673828 1.666016 1.662109 1.654297 1.646484 1.638672 1.630859 1.630859 1.630859 1.630859 1.634766 1.638672 1.646484 1.650391 1.654297 1.658203 1.658203 1.658203 1.658203 1.654297 1.654297 1.654297 1.654297 1.658203 1.662109 1.666016 1.669922 1.673828 1.681641 1.689453 1.697266 1.708984 1.716797 1.693359 1.845703 1.685547 1.685547 1.685547 1.888672 1.888672 1.888672 1.888672
1.615234 1.611328 1.607422 1.607422 1.607422 1.615234 1.623047 1.634766 1.658203 1.669922 1.673828 1.673828 1.673828 1.673828 1.669922 1.669922 1.673828 1.673828 1.673828 1.669922 1.666016 1.658203 1.650391 1.638672 1.630859 1.619141 1.615234 1.611328 1.611328 1.615234 1.619141 1.623047 1.630859 1.638672 1.646484 1.650391 1.654297 1.654297 1.654297 1.654297 1.654297 1.654297 1.654297 1.658203 1.658203 1.662109 1.669922 1.673828 1.681641 1.689453 1.701172 1.712891 1.318359 1.736328 1.962891 1.685547 1.685547 1.685547 1.888672 1.888672 1.888672 1.888672
1.619141 1.615234 1.615234 1.615234 1.619141 1.626953 1.638672 1.654297 1.669922 1.673828 1.673828 1.673828 1.673828 1.669922 1.669922 1.673828 1.673828 1.673828 1.673828 1.669922 1.662109 1.654297 1.642578 1.634766 1.623047 1.615234 1.607422 1.603516 1.599609 1.599609 1.603516 1.611328 1.619141 1.626953 1.638672 1.646484 1.650391 1.650391 1.654297 1.654297 1.654297 1.654297 1.654297 1.654297 1.658203 1.662109 1.666016 1.673828 1.681641 1.689453 1.701172 1.326172 1.376953 1.833984 1.669922 1.685547 1.685547 1.685547 1.888672 1.888672 1.888672 1.888672
1.630859 1.626953 1.626953 1.630859 1.638672 1.654297 1.662109 1.666016 1.669922 1.673828 1.673828 1.673828 1.673828 1.673828 1.673828 1.673828 1.673828 1.673828 1.669922 1.666016 1.658203 1.650391 1.642578 1.634766 1.626953 1.619141 1.611328 1.603516 1.595703 1.595703 1.595703 1.599609 1.611328 1.619141 1.630859 1.638672 1.646484 1.650391 1.654297 1.654297 1.654297 1.654297 1.654297 1.654297 1.654297 1.658203 1.662109 1.669922 1.681641 1.689453 1.705078 1.142578 1.474609 1.666016 1.685547 1.685547 1.685547 1.685547 1.685547 1.888672 1.888672 1.888672
1.634766 1.634766 1.638672 1.642578 1.646484 1.654297 1.662109 1.666016 1.669922 1.673828 1.673828 1.673828 1.673828 1.673828 1.673828 1.677734 1.673828 1.673828 1.669922 1.662109 1.658203 1.650391 1.646484 1.638672 1.634766 1.626953 1.619141 1.611328 1.603516 1.595703 1.595703 1.599609 1.603516 1.615234 1.623047 1.634766 1.642578 1.646484 1.650391 1.654297 1.654297 1.650391 1.650391 1.650391 1.654297 1.658203 1.662109 1.669922 1.681641 1.693359 1.705078 1.435547 1.701172 1.669922 1.685547 1.685547 1.685547 1.685547 1.685547 1.888672 1.888672 1.888672
1.630859 1.630859 1.634766 1.642578 1.646484 1.658203 1.662109 1.669922 1.673828 1.673828 1.673828 1.673828 1.673828 1.677734 1.677734 1.677734 1.673828 1.669922 1.666016 1.662109 1.658203 1.654297 1.650391 1.646484 1.638672 1.634766 1.626953 1.623047 1.619141 1.611328 1.611328 1.607422 1.611328 1.619141 1.626953 1.634766 1.642578 1.650391 1.654297 1.654297 1.654297 1.650391 1.650391 1.650391 1.654297 1.658203 1.662109 1.669922 1.681641 1.693359 1.705078 1.708984 1.697266 1.677734 1.685547 1.685547 1.685547 1.685547 1.685547 1.619141 1.169922 1.888672
1.630859 1.630859 1.634766 1.642578 1.650391 1.658203 1.666016 1.673828 1.677734 1.677734 1.677734 1.677734 1.677734 1.677734 1.677734 1.677734 1.673828 1.669922 1.666016 1.662109 1.662109 1.658203 1.654297 1.654297 1.650391 1.646484 1.642578 1.638672 1.634766 1.630859 1.630859 1.630859 1.630859 1.634766 1.638672 1.646484 1.650391 1.654297 1.658203 1.658203 1.654297 1.654297 1.654297 1.654297 1.654297 1.658203 1.666016 1.673828 1.681641 1.693359 1.701172 1.708984 1.701172 1.681641 1.685547 1.685547 1.685547 1.685547 1.685547 1.685547 1.408203 1.408203
1.626953 1.630859 1.638672 1.646484 1.654297 1.666016 1.673828 1.677734 1.681641 1.681641 1.681641 1.681641 1.681641 1.681641 1.677734 1.677734 1.673828 1.669922 1.666016 1.666016 1.666016 1.662109 1.662109 1.662109 1.658203 1.658203 1.654297 1.650391 1.650391 1.650391 1.646484 1.646484 1.646484 1.650391 1.650391 1.654297 1.658203 1.662109 1.662109 1.662109 1.658203 1.658203 1.654297 1.654297 1.658203 1.662109 1.669922 1.677734 1.685547 1.693359 1.701172 1.705078 1.701172 1.685547 1.685547 1.685547 1.685547 1.685547 1.685547 1.685547 1.533203 1.486328
1.626953 1.634766 1.638672 1.650391 1.662109 1.673828 1.677734 1.681641 1.685547 1.662109 1.626953 1.623047 1.638672 1.666016 1.677734 1.673828 1.673828 1.669922 1.669922 1.669922 1.669922 1.669922 1.669922 1.666016 1.666016 1.666016 1.666016 1.662109 1.662109 1.662109 1.658203 1.658203 1.658203 1.662109 1.662109 1.662109 1.666016 1.666016 1.666016 1.666016 1.662109 1.662109 1.658203 1.662109 1.662109 1.666016 1.673828 1.677734 1.685547 1.693359 1.701172 1.705078 1.701172 1.689453 1.685547 1.685547 1.685547 1.685547 1.685547 1.685547 1.607422 1.255859
1.630859 1.638672 1.646484 1.658203 1.669922 1.677734 1.685547 1.689453 1.630859 1.568359 1.552734 1.568359 1.599609 1.634766 1.658203 1.673828 1.673828 1.673828 1.673828 1.673828 1.673828 1.673828 1.673828 1.673828 1.673828 1.673828 1.673828 1.669922 1.669922 1.669922 1.666016 1.666016 1.666016 1.666016 1.669922 1.669922 1.669922 1.669922 1.669922 1.669922 1.666016 1.666016 1.666016 1.666016 1.666016 1.669922 1.677734 1.681641 1.689453 1.693359 1.701172 1.701172 1.701172 1.693359 1.685547 1.685547 1.685547 1.685547 1.685547 1.685547 1.205078 1.240234
1.638672 1.642578 1.654297 1.666016 1.677734 1.685547 1.689453 1.677734 1.529297 1.501953 1.513672 1.552734 1.591797 1.623047 1.642578 1.654297 1.666016 1.673828 1.677734 1.677734 1.677734 1.681641 1.681641 1.681641 1.681641 1.677734 1.677734 1.677734 1.677734 1.673828 1.673828 1.673828 1.673828 1.673828 1.673828 1.673828 1.673828 1.673828 1.673828 1.673828 1.669922 1.669922 1.669922 1.669922 1.669922 1.673828 1.677734 1.685547 1.689453 1.693359 1.697266 1.701172 1.701172 1.693359 1.685547 1.685547 1.685547 1.685547 1.685547 1.685547 1.236328 1.275391
1.646484 1.654297 1.666016 1.677734 1.685547 1.689453 1.689453 1.529297 1.439453 1.455078 1.501953 1.556641 1.599609 1.623047 1.638672 1.650391 1.658203 1.666016 1.669922 1.673828 1.673828 1.673828 1.673828 1.669922 1.669922 1.673828 1.681641 1.681641 1.681641 1.681641 1.677734 1.677734 1.677734 1.677734 1.677734 1.677734 1.677734 1.677734 1.677734 1.673828 1.673828 1.673828 1.673828 1.673828 1.673828 1.677734 1.681641 1.685547 1.689453 1.693359 1.697266 1.701172 1.701172 1.693359 1.689453 1.685547 1.685547 1.685547 1.685547 1.685547 1.302734 1.369141
1.658203 1.666016 1.677734 1.685547 1.689453 1.689453 1.689453 1.376953 1.369141 1.431641 1.509766 1.572266 1.611328 1.634766 1.650391 1.658203 1.662109 1.666016 1.669922 1.669922 1.669922 1.669922 1.666016 1.666016 1.662109 1.658203 1.658203 1.666016 1.681641 1.685547 1.681641 1.681641 1.681641 1.681641 1.681641 1.681641 1.681641 1.677734 1.677734 1.677734 1.677734 1.677734 1.673828 1.677734 1.677734 1.677734 1.681641 1.685547 1.689453 1.693359 1.697266 1.701172 1.701172 1.697266 1.689453 1.685547 1.685547 1.685547 1.685547 1.685547 1.583984 1.490234
1.669922 1.677734 1.685547 1.689453 1.689453 1.689453 1.423828 1.255859 1.326172 1.435547 1.529297 1.591797 1.626953 1.646484 1.658203 1.666016 1.669922 1.673828 1.673828 1.673828 1.673828 1.669922 1.666016 1.662109 1.658203 1.658203 1.654297 1.654297 1.662109 1.681641 1.685547 1.685547 1.681641 1.681641 1.681641 1.681641 1.681641 1.681641 1.681641 1.677734 1.677734 1.677734 1.677734 1.677734 1.677734 1.681641 1.681641 1.685547 1.689453 1.693359 1.697266 1.697266 1.701172 1.697266 1.689453 1.685547 1.685547 1.685547 1.685547 1.685547 1.595703 1.552734
1.677734 1.689453 1.689453 1.689453 1.689453 1.689453 1.123047 1.177734 1.322266 1.462891 1.560547 1.619141 1.646484 1.662109 1.669922 1.673828 1.677734 1.677734 1.677734 1.673828 1.673828 1.669922 1.666016 1.662109 1.658203 1.654297 1.654297 1.654297 1.658203 1.669922 1.685547 1.685547 1.685547 1.685547 1.681641 1.681641 1.681641 1.681641 1.681641 1.681641 1.677734 1.677734 1.677734 1.677734 1.677734 1.677734 1.681641 1.685547 1.689453 1.693359 1.693359 1.697266 1.701172 1.697266 1.693359 1.685547 1.685547 1.685547 1.685547 1.591797 1.517578 1.505859
1.681641 1.689453 1.689453 1.689453 1.689453 .9121094 .9785156 1.138672 1.357422 1.521484 1.607422 1.646484 1.666016 1.673828 1.677734 1.681641 1.681641 1.681641 1.677734 1.677734 1.673828 1.669922 1.666016 1.662109 1.658203 1.654297 1.654297 1.654297 1.658203 1.666016 1.681641 1.685547 1.685547 1.685547 1.685547 1.681641 1.681641 1.681641 1.681641 1.681641 1.677734 1.677734 1.677734 1.677734 1.677734 1.677734 1.681641 1.685547 1.685547 1.689453 1.693359 1.697266 1.697266 1.697266 1.693359 1.685547 1.685547 1.685547 1.548828 1.435547 1.408203 1.439453
1.685547 1.689453 1.689453 1.107422 .8105469 .8066406 .9121094 1.158203 1.509766 1.666016 1.689453 1.685547 1.685547 1.685547 1.685547 1.685547 1.685547 1.685547 1.681641 1.677734 1.673828 1.666016 1.662109 1.662109 1.658203 1.658203 1.654297 1.658203 1.662109 1.669922 1.685547 1.685547 1.685547 1.685547 1.685547 1.681641 1.681641 1.681641 1.681641 1.681641 1.677734 1.677734 1.677734 1.677734 1.677734 1.677734 1.681641 1.681641 1.685547 1.689453 1.693359 1.697266 1.697266 1.697266 1.693359 1.685547 1.685547 1.501953 1.322266 1.298828 1.337891 1.419922
1.681641 1.689453 1.357422 .9277344 .7871094 .8105469 .9316406 1.396484 1.689453 1.689453 1.689453 1.689453 1.689453 1.689453 1.689453 1.689453 1.689453 1.685547 1.685547 1.681641 1.673828 1.669922 1.666016 1.666016 1.662109 1.662109 1.662109 1.666016 1.677734 1.685547 1.685547 1.685547 1.685547 1.685547 1.685547 1.681641 1.681641 1.681641 1.681641 1.677734 1.677734 1.677734 1.673828 1.673828 1.673828 1.677734 1.677734 1.681641 1.685547 1.689453 1.693359 1.693359 1.697266 1.697266 1.693359 1.685547 1.685547 1.294922 1.259766 1.310547 1.388672 1.474609
1.681641 1.689453 1.400391 1.009766 .8417969 .8652344 1.099609 1.689453 1.689453 1.689453 1.689453 1.689453 1.689453 1.689453 1.689453 1.689453 1.689453 1.689453 1.689453 1.689453 1.685547 1.685547 1.685547 1.685547 1.685547 1.685547 1.685547 1.685547 1.685547 1.685547 1.685547 1.685547 1.685547 1.685547 1.685547 1.681641 1.681641 1.681641 1.677734 1.677734 1.677734 1.673828 1.673828 1.673828 1.673828 1.673828 1.677734 1.677734 1.681641 1.685547 1.689453 1.693359 1.697266 1.697266 1.693359 1.685547 1.591797 1.333984 1.337891 1.400391 1.474609 1.548828
1.681641 1.685547 1.568359 1.298828 1.154297 1.689453 1.689453 1.689453 1.689453 1.689453 1.689453 1.689453 1.689453 1.689453 1.689453 1.689453 1.689453 1.689453 1.689453 1.685547 1.685547 1.685547 1.685547 1.685547 1.685547 1.685547 1.685547 1.685547 1.685547 1.689453 1.689453 1.685547 1.685547 1.685547 1.681641 1.681641 1.681641 1.681641 1.677734 1.677734 1.673828 1.673828 1.669922 1.669922 1.669922 1.673828 1.673828 1.677734 1.681641 1.685547 1.689453 1.693359 1.693359 1.697266 1.693359 1.685547 1.583984 1.416016 1.419922 1.474609 1.541016 1.611328
1.681641 1.685547 1.658203 1.552734 1.568359 1.689453 1.689453 1.689453 1.689453 1.689453 1.689453 1.689453 1.689453 1.689453 1.689453 1.689453 1.689453 1.689453 1.685547 1.685547 1.685547 1.685547 1.685547 1.685547 1.685547 1.685547 1.689453 1.689453 1.689453 1.689453 1.689453 1.685547 1.685547 1.685547 1.681641 1.681641 1.681641 1.677734 1.677734 1.673828 1.673828 1.669922 1.669922 1.669922 1.669922 1.669922 1.673828 1.677734 1.681641 1.685547 1.689453 1.689453 1.693359 1.693359 1.689453 1.685547 1.607422 1.486328 1.486328 1.529297 1.595703 1.666016
1.685547 1.685547 1.681641 1.654297 1.626953 1.689453 1.689453 1.689453 1.689453 1.689453 1.689453 1.689453 1.689453 1.689453 1.689453 1.689453 1.689453 1.689453 1.685547 1.685547 1.685547 1.685547 1.685547 1.685547 1.689453 1.689453 1.689453 1.689453 1.689453 1.689453 1.689453 1.685547 1.685547 1.681641 1.681641 1.681641 1.677734 1.677734 1.677734 1.673828 1.673828 1.669922 1.669922 1.666016 1.666016 1.669922 1.673828 1.677734 1.681641 1.681641 1.685547 1.689453 1.693359 1.693359 1.689453 1.685547 1.634766 1.541016 1.537109 1.583984 1.654297 1.708984
1.685547 1.685547 1.685547 1.677734 1.666016 1.677734 1.689453 1.689453 1.689453 1.689453 1.689453 1.689453 1.689453 1.689453 1.689453 1.689453 1.689453 1.685547 1.685547 1.685547 1.685547 1.685547 1.689453 1.689453 1.693359 1.693359 1.693359 1.693359 1.693359 1.693359 1.689453 1.689453 1.685547 1.681641 1.681641 1.677734 1.677734 1.677734 1.673828 1.673828 1.669922 1.669922 1.669922 1.666016 1.666016 1.669922 1.673828 1.673828 1.677734 1.681641 1.685547 1.689453 1.693359 1.693359 1.689453 1.685547 1.654297 1.587891 1.591797 1.650391 1.705078 1.736328
1.685547 1.685547 1.685547 1.685547 1.677734 1.689453 1.697266 1.689453 1.689453 1.689453 1.689453 1.689453 1.689453 1.689453 1.689453 1.689453 1.685547 1.685547 1.685547 1.685547 1.689453 1.689453 1.693359 1.693359 1.697266 1.697266 1.697266 1.697266 1.697266 1.697266 1.693359 1.689453 1.685547 1.681641 1.677734 1.673828 1.673828 1.673828 1.673828 1.673828 1.669922 1.669922 1.669922 1.669922 1.669922 1.669922 1.673828 1.677734 1.677734 1.681641 1.685547 1.689453 1.693359 1.689453 1.685547 1.685547 1.673828 1.642578 1.662109 1.701172 1.736328 1.748047
1.685547 1.685547 1.685547 1.685547 1.681641 1.689453 1.697266 1.673828 1.689453 1.689453 1.689453 1.689453 1.689453 1.689453 1.689453 1.689453 1.685547 1.685547 1.685547 1.689453 1.693359 1.693359 1.697266 1.697266 1.697266 1.701172 1.701172 1.701172 1.701172 1.701172 1.693359 1.689453 1.685547 1.677734 1.673828 1.673828 1.673828 1.673828 1.673828 1.673828 1.673828 1.669922 1.669922 1.669922 1.669922 1.673828 1.673828 1.677734 1.677734 1.681641 1.685547 1.689453 1.689453 1.689453 1.685547 1.685547 1.685547 1.693359 1.708984 1.732422 1.744141 1.744141
