py_wake/examples/data/AJ_ParqueFicticio/Ridge area   Sector 5   Height 200m   Weibull-k.grd
DSAA
90  129
 262878   265103
 6504214   6507414
 1.197266   2.861328
[rows 81 to 107 of 129, columns 0 to 61 of 90]
2.740234 2.759766 2.775391 2.787109 2.794922 2.802734 2.806641 2.814453 2.818359 2.818359 2.822266 2.826172 2.826172 2.830078 2.833984 2.833984 2.833984 2.833984 2.830078 2.830078 2.826172 2.826172 2.822266 2.814453 2.810547 2.806641 2.798828 2.787109 2.775391 2.763672 2.755859 2.744141 2.732422 2.716797 2.701172 2.685547 2.673828 2.658203 2.646484 2.634766 2.619141 2.603516 2.587891 2.576172 2.564453 2.556641 2.548828 2.548828 2.544922 2.560547 2.568359 2.576172 2.583984 2.587891 2.595703 2.599609 2.607422 2.619141 2.634766 2.650391 2.669922 2.689453
2.794922 2.806641 2.814453 2.818359 2.826172 2.830078 2.833984 2.837891 2.841797 2.837891 2.841797 2.841797 2.841797 2.841797 2.841797 2.841797 2.837891 2.837891 2.837891 2.841797 2.841797 2.841797 2.833984 2.830078 2.826172 2.822266 2.810547 2.798828 2.787109 2.775391 2.763672 2.751953 2.736328 2.720703 2.708984 2.693359 2.681641 2.669922 2.658203 2.646484 2.634766 2.619141 2.603516 2.595703 2.583984 2.576172 2.572266 2.572266 2.568359 2.583984 2.587891 2.591797 2.595703 2.591797 2.587891 2.580078 2.576172 2.580078 2.587891 2.603516 2.619141 2.638672
2.830078 2.833984 2.837891 2.841797 2.845703 2.845703 2.845703 2.845703 2.841797 2.841797 2.845703 2.841797 2.845703 2.845703 2.841797 2.841797 2.837891 2.837891 2.841797 2.845703 2.841797 2.837891 2.837891 2.837891 2.837891 2.833984 2.822266 2.810547 2.794922 2.783203 2.767578 2.755859 2.740234 2.724609 2.712891 2.701172 2.689453 2.677734 2.666016 2.658203 2.642578 2.630859 2.619141 2.615234 2.603516 2.599609 2.595703 2.595703 2.599609 2.607422 2.611328 2.619141 2.615234 2.607422 2.595703 2.580078 2.369141 2.068359 2.552734 2.560547 2.572266 2.591797
2.845703 2.845703 2.845703 2.845703 2.845703 2.845703 2.845703 2.845703 2.845703 2.845703 2.845703 2.845703 2.845703 2.845703 2.841797 2.841797 2.837891 2.837891 2.841797 2.841797 2.841797 2.837891 2.833984 2.837891 2.841797 2.841797 2.830078 2.818359 2.802734 2.787109 2.771484 2.755859 2.744141 2.728516 2.716797 2.705078 2.693359 2.681641 2.669922 2.658203 2.650391 2.638672 2.634766 2.630859 2.623047 2.619141 2.619141 2.615234 2.626953 2.634766 2.638672 2.646484 2.646484 2.638672 2.623047 2.603516 2.580078 2.228516 2.044922 1.958984 1.923828 1.923828
2.845703 2.845703 2.845703 2.845703 2.849609 2.849609 2.849609 2.845703 2.845703 2.845703 2.845703 2.845703 2.845703 2.841797 2.841797 2.837891 2.837891 2.837891 2.837891 2.837891 2.837891 2.833984 2.833984 2.837891 2.845703 2.849609 2.833984 2.822266 2.806641 2.791016 2.775391 2.759766 2.744141 2.732422 2.720703 2.708984 2.697266 2.681641 2.669922 2.662109 2.654297 2.646484 2.642578 2.642578 2.642578 2.638672 2.638672 2.638672 2.650391 2.654297 2.662109 2.673828 2.673828 2.673828 2.662109 2.642578 2.615234 2.568359 2.205078 2.044922 1.970703 1.939453
2.845703 2.845703 2.845703 2.849609 2.849609 2.849609 2.849609 2.845703 2.845703 2.845703 2.845703 2.845703 2.841797 2.837891 2.837891 2.833984 2.833984 2.833984 2.833984 2.833984 2.833984 2.833984 2.833984 2.841797 2.849609 2.849609 2.837891 2.822266 2.806641 2.794922 2.779297 2.763672 2.748047 2.736328 2.724609 2.712891 2.697266 2.681641 2.669922 2.662109 2.654297 2.650391 2.646484 2.646484 2.646484 2.642578 2.646484 2.654297 2.662109 2.669922 2.681641 2.693359 2.697266 2.701172 2.693359 2.681641 2.658203 2.626953 2.556641 2.216797 2.060547 1.978516
2.845703 2.845703 2.845703 2.849609 2.849609 2.849609 2.845703 2.845703 2.845703 2.845703 2.841797 2.837891 2.837891 2.833984 2.830078 2.826172 2.826172 2.830078 2.830078 2.830078 2.830078 2.833984 2.837891 2.845703 2.853516 2.845703 2.833984 2.822266 2.806641 2.791016 2.775391 2.759766 2.748047 2.732422 2.724609 2.712891 2.697266 2.681641 2.669922 2.658203 2.654297 2.646484 2.642578 2.642578 2.642578 2.642578 2.650391 2.658203 2.669922 2.681641 2.693359 2.705078 2.712891 2.720703 2.720703 2.716797 2.701172 2.673828 2.638672 2.607422 2.271484 2.095703
2.845703 2.845703 2.845703 2.845703 2.845703 2.845703 2.841797 2.841797 2.837891 2.837891 2.833984 2.830078 2.826172 2.818359 2.814453 2.810547 2.810547 2.814453 2.818359 2.822266 2.826172 2.833984 2.841797 2.853516 2.845703 2.837891 2.826172 2.814453 2.798828 2.787109 2.771484 2.755859 2.740234 2.732422 2.720703 2.708984 2.693359 2.677734 2.666016 2.658203 2.654297 2.646484 2.642578 2.642578 2.642578 2.642578 2.650391 2.658203 2.666016 2.681641 2.697266 2.708984 2.720703 2.732422 2.740234 2.744141 2.736328 2.716797 2.689453 2.662109 2.626953 2.326172
2.841797 2.845703 2.845703 2.845703 2.841797 2.837891 2.833984 2.830078 2.826172 2.818359 2.814453 2.806641 2.798828 2.791016 2.783203 2.783203 2.783203 2.787109 2.798828 2.810547 2.822266 2.833984 2.845703 2.841797 2.837891 2.830078 2.818359 2.806641 2.791016 2.775391 2.763672 2.748047 2.736328 2.724609 2.716797 2.705078 2.689453 2.677734 2.666016 2.658203 2.654297 2.646484 2.642578 2.638672 2.634766 2.634766 2.638672 2.646484 2.658203 2.673828 2.689453 2.705078 2.720703 2.736328 2.751953 2.763672 2.763672 2.751953 2.732422 2.708984 2.681641 2.646484
2.837891 2.837891 2.841797 2.837891 2.830078 2.822266 2.814453 2.806641 2.794922 2.787109 2.775391 2.763672 2.748047 2.732422 2.728516 2.728516 2.736328 2.748047 2.767578 2.787109 2.810547 2.837891 2.837891 2.833984 2.826172 2.818359 2.806641 2.791016 2.779297 2.767578 2.755859 2.740234 2.728516 2.720703 2.712891 2.701172 2.685547 2.673828 2.662109 2.658203 2.650391 2.642578 2.634766 2.626953 2.623047 2.623047 2.623047 2.630859 2.642578 2.662109 2.677734 2.697266 2.716797 2.736328 2.755859 2.767578 2.771484 2.767578 2.755859 2.744141 2.724609 2.693359
2.830078 2.830078 2.830078 2.822266 2.806641 2.791016 2.775391 2.763672 2.748047 2.732422 2.712891 2.693359 2.673828 2.658203 2.658203 2.673828 2.689453 2.716797 2.751953 2.783203 2.822266 2.830078 2.826172 2.822266 2.810547 2.802734 2.791016 2.779297 2.767578 2.755859 2.744141 2.728516 2.716797 2.708984 2.701172 2.689453 2.673828 2.662109 2.650391 2.646484 2.642578 2.630859 2.623047 2.615234 2.607422 2.603516 2.607422 2.611328 2.623047 2.642578 2.662109 2.681641 2.705078 2.724609 2.744141 2.759766 2.763672 2.763672 2.759766 2.755859 2.740234 2.720703
2.818359 2.814453 2.806641 2.791016 2.767578 2.740234 2.712891 2.689453 2.666016 2.646484 2.630859 2.611328 2.595703 2.591797 2.607422 2.634766 2.669922 2.716797 2.771484 2.818359 2.826172 2.822266 2.818359 2.810547 2.798828 2.791016 2.779297 2.767578 2.755859 2.740234 2.728516 2.716797 2.705078 2.693359 2.685547 2.669922 2.654297 2.642578 2.630859 2.626953 2.623047 2.615234 2.607422 2.595703 2.587891 2.583984 2.583984 2.587891 2.599609 2.619141 2.638672 2.654297 2.677734 2.705078 2.724609 2.740234 2.748047 2.751953 2.751953 2.748047 2.744141 2.732422
2.806641 2.791016 2.767578 2.736328 2.697266 2.658203 2.619141 2.591797 2.568359 2.552734 2.541016 2.533203 2.533203 2.548828 2.591797 2.642578 2.693359 2.759766 2.826172 2.830078 2.826172 2.818359 2.810547 2.802734 2.791016 2.779297 2.767578 2.755859 2.744141 2.728516 2.716797 2.701172 2.689453 2.677734 2.666016 2.650391 2.634766 2.623047 2.611328 2.607422 2.599609 2.591797 2.580078 2.572266 2.564453 2.556641 2.556641 2.560547 2.572266 2.587891 2.607422 2.626953 2.650391 2.677734 2.701172 2.720703 2.728516 2.736328 2.740234 2.744141 2.744141 2.736328
2.783203 2.748047 2.716797 2.673828 2.626953 2.572266 2.517578 2.482422 2.466797 2.458984 2.458984 2.478516 2.505859 2.548828 2.626953 2.697266 2.763672 2.826172 2.833984 2.830078 2.826172 2.818359 2.806641 2.794922 2.783203 2.771484 2.755859 2.744141 2.732422 2.716797 2.705078 2.689453 2.673828 2.662109 2.646484 2.630859 2.615234 2.599609 2.591797 2.583984 2.576172 2.568359 2.556641 2.544922 2.533203 2.525391 2.521484 2.529297 2.537109 2.552734 2.572266 2.595703 2.623047 2.650391 2.677734 2.693359 2.708984 2.720703 2.728516 2.732422 2.736328 2.736328
2.763672 2.720703 2.677734 2.626953 2.572266 2.509766 2.451172 2.416016 2.419922 2.423828 2.439453 2.490234 2.544922 2.619141 2.705078 2.775391 2.830078 2.841797 2.837891 2.830078 2.826172 2.814453 2.802734 2.791016 2.779297 2.763672 2.748047 2.736328 2.720703 2.705078 2.689453 2.673828 2.662109 2.646484 2.630859 2.615234 2.599609 2.587891 2.576172 2.568359 2.556641 2.544922 2.533203 2.517578 2.501953 2.490234 2.486328 2.490234 2.505859 2.521484 2.544922 2.568359 2.599609 2.626953 2.650391 2.669922 2.689453 2.701172 2.712891 2.720703 2.728516 2.732422
2.775391 2.724609 2.673828 2.619141 2.560547 2.505859 2.462891 2.439453 2.462891 2.486328 2.525391 2.587891 2.658203 2.732422 2.798828 2.841797 2.845703 2.841797 2.837891 2.833984 2.826172 2.814453 2.802734 2.791016 2.775391 2.759766 2.740234 2.728516 2.708984 2.693359 2.677734 2.662109 2.646484 2.630859 2.615234 2.599609 2.583984 2.572266 2.560547 2.552734 2.541016 2.529297 2.513672 2.494141 2.470703 2.455078 2.451172 2.455078 2.470703 2.490234 2.513672 2.541016 2.576172 2.603516 2.630859 2.654297 2.669922 2.685547 2.697266 2.705078 2.712891 2.716797
2.830078 2.779297 2.728516 2.673828 2.626953 2.587891 2.560547 2.560547 2.595703 2.630859 2.677734 2.724609 2.775391 2.822266 2.853516 2.853516 2.849609 2.845703 2.841797 2.833984 2.826172 2.814453 2.802734 2.791016 2.775391 2.755859 2.736328 2.720703 2.701172 2.681641 2.662109 2.646484 2.630859 2.615234 2.599609 2.583984 2.568359 2.556641 2.548828 2.541016 2.529297 2.513672 2.498047 2.474609 2.447266 2.423828 2.412109 2.419922 2.435547 2.462891 2.490234 2.521484 2.556641 2.587891 2.615234 2.634766 2.650391 2.666016 2.677734 2.689453 2.697266 2.705078
2.833984 2.833984 2.837891 2.791016 2.755859 2.732422 2.712891 2.724609 2.748047 2.771484 2.798828 2.826172 2.849609 2.853516 2.853516 2.853516 2.853516 2.845703 2.841797 2.833984 2.826172 2.814453 2.802734 2.787109 2.771484 2.751953 2.728516 2.708984 2.689453 2.666016 2.650391 2.630859 2.615234 2.599609 2.583984 2.568359 2.552734 2.544922 2.537109 2.529297 2.521484 2.509766 2.490234 2.466797 2.435547 1.822266 1.642578 1.736328 2.412109 2.443359 2.474609 2.509766 2.544922 2.576172 2.603516 2.623047 2.638672 2.650391 2.662109 2.673828 2.685547 2.701172
2.845703 2.841797 2.845703 2.845703 2.849609 2.853516 2.833984 2.833984 2.841797 2.849609 2.853516 2.853516 2.853516 2.853516 2.853516 2.853516 2.853516 2.845703 2.841797 2.833984 2.826172 2.814453 2.798828 2.783203 2.763672 2.740234 2.720703 2.697266 2.673828 2.650391 2.634766 2.619141 2.599609 2.583984 2.568359 2.556641 2.541016 2.533203 2.525391 2.525391 2.521484 2.513672 2.498047 2.474609 2.447266 1.798828 1.626953 1.650391 1.771484 2.341797 2.470703 2.505859 2.541016 2.576172 2.603516 2.623047 2.638672 2.646484 2.654297 2.666016 2.677734 2.693359
1.70141E+38 1.70141E+38 1.70141E+38 1.70141E+38 1.70141E+38 1.70141E+38 1.70141E+38 1.70141E+38 1.70141E+38 1.70141E+38 1.70141E+38 1.70141E+38 1.70141E+38 1.70141E+38 1.70141E+38 1.70141E+38 1.70141E+38 1.70141E+38 1.70141E+38 1.70141E+38 1.70141E+38 1.70141E+38 1.70141E+38 1.70141E+38 1.70141E+38 1.70141E+38 1.70141E+38 1.70141E+38 1.70141E+38 1.70141E+38 1.70141E+38 1.70141E+38 1.70141E+38 1.70141E+38 1.70141E+38 1.70141E+38 1.70141E+38 1.70141E+38 1.70141E+38 1.70141E+38 1.70141E+38 1.70141E+38 1.70141E+38 1.70141E+38 1.70141E+38 1.70141E+38 1.70141E+38 1.70141E+38 1.70141E+38 1.70141E+38 1.70141E+38 1.70141E+38 1.70141E+38 1.70141E+38 1.70141E+38 1.70141E+38 1.70141E+38 1.70141E+38 1.70141E+38 1.70141E+38 1.70141E+38 1.70141E+38
1.70141E+38 1.70141E+38 1.70141E+38 1.70141E+38 1.70141E+38 1.70141E+38 1.70141E+38 1.70141E+38 1.70141E+38 1.70141E+38 1.70141E+38 1.70141E+38 1.70141E+38 1.70141E+38 1.70141E+38 1.70141E+38 1.70141E+38 1.70141E+38 1.70141E+38 1.70141E+38 1.70141E+38 1.70141E+38 1.70141E+38 1.70141E+38 1.70141E+38 1.70141E+38 1.70141E+38 1.70141E+38 1.70141E+38 1.70141E+38 1.70141E+38 1.70141E+38 1.70141E+38 1.70141E+38 1.70141E+38 1.70141E+38 1.70141E+38 1.70141E+38 1.70141E+38 1.70141E+38 1.70141E+38 1.70141E+38 1.70141E+38 1.70141E+38 1.70141E+38 1.70141E+38 1.70141E+38 1.70141E+38 1.70141E+38 1.70141E+38 1.70141E+38 1.70141E+38 1.70141E+38 1.70141E+38 1.70141E+38 1.70141E+38 1.70141E+38 1.70141E+38 1.70141E+38 1.70141E+38 1.70141E+38 1.70141E+38
1.70141E+38 1.70141E+38 1.70141E+38 1.70141E+38 1.70141E+38 1.70141E+38 1.70141E+38 1.70141E+38 1.70141E+38 1.70141E+38 1.70141E+38 1.70141E+38 1.70141E+38 1.70141E+38 1.70141E+38 1.70141E+38 1.70141E+38 1.70141E+38 1.70141E+38 1.70141E+38 1.70141E+38 1.70141E+38 1.70141E+38 1.70141E+38 1.70141E+38 1.70141E+38 1.70141E+38 1.70141E+38 1.70141E+38 1.70141E+38 1.70141E+38 1.70141E+38 1.70141E+38 1.70141E+38 1.70141E+38 1.70141E+38 1.70141E+38 1.70141E+38 1.70141E+38 1.70141E+38 1.70141E+38 1.70141E+38 1.70141E+38 1.70141E+38 1.70141E+38 1.70141E+38 1.70141E+38 1.70141E+38 1.70141E+38 1.70141E+38 1.70141E+38 1.70141E+38 1.70141E+38 1.70141E+38 1.70141E+38 1.70141E+38 1.70141E+38 1.70141E+38 1.70141E+38 1.70141E+38 1.70141E+38 1.70141E+38
1.70141E+38 1.70141E+38 1.70141E+38 1.70141E+38 1.70141E+38 1.70141E+38 1.70141E+38 1.70141E+38 1.70141E+38 1.70141E+38 1.70141E+38 1.70141E+38 1.70141E+38 1.70141E+38 1.70141E+38 1.70141E+38 1.70141E+38 1.70141E+38 1.70141E+38 1.70141E+38 1.70141E+38 1.70141E+38 1.70141E+38 1.70141E+38 1.70141E+38 1.70141E+38 1.70141E+38 1.70141E+38 1.70141E+38 1.70141E+38 1.70141E+38 1.70141E+38 1.70141E+38 1.70141E+38 1.70141E+38 1.70141E+38 1.70141E+38 1.70141E+38 1.70141E+38 1.70141E+38 1.70141E+38 1.70141E+38 1.70141E+38 1.70141E+38 1.70141E+38 1.70141E+38 1.70141E+38 1.70141E+38 1.70141E+38 1.70141E+38 1.70141E+38 1.70141E+38 1.70141E+38 1.70141E+38 1.70141E+38 1.70141E+38 1.70141E+38 1.70141E+38 1.70141E+38 1.70141E+38 1.70141E+38 1.70141E+38
1.70141E+38 1.70141E+38 1.70141E+38 1.70141E+38 1.70141E+38 1.70141E+38 1.70141E+38 1.70141E+38 1.70141E+38 1.70141E+38 1.70141E+38 1.70141E+38 1.70141E+38 1.70141E+38 1.70141E+38 1.70141E+38 1.70141E+38 1.70141E+38 1.70141E+38 1.70141E+38 1.70141E+38 1.70141E+38 1.70141E+38 1.70141E+38 1.70141E+38 1.70141E+38 1.70141E+38 1.70141E+38 1.70141E+38 1.70141E+38 1.70141E+38 1.70141E+38 1.70141E+38 1.70141E+38 1.70141E+38 1.70141E+38 1.70141E+38 1.70141E+38 1.70141E+38 1.70141E+38 1.70141E+38 1.70141E+38 1.70141E+38 1.70141E+38 1.70141E+38 1.70141E+38 1.70141E+38 1.70141E+38 1.70141E+38 1.70141E+38 1.70141E+38 1.70141E+38 1.70141E+38 1.70141E+38 1.70141E+38 1.70141E+38 1.70141E+38 1.70141E+38 1.70141E+38 1.70141E+38 1.70141E+38 1.70141E+38
1.70141E+38 1.70141E+38 1.70141E+38 1.70141E+38 1.70141E+38 1.70141E+38 1.70141E+38 1.70141E+38 1.70141E+38 1.70141E+38 1.70141E+38 1.70141E+38 1.70141E+38 1.70141E+38 1.70141E+38 1.70141E+38 1.70141E+38 1.70141E+38 1.70141E+38 1.70141E+38 1.70141E+38 1.70141E+38 1.70141E+38 1.70141E+38 1.70141E+38 1.70141E+38 1.70141E+38 1.70141E+38 1.70141E+38 1.70141E+38 1.70141E+38 1.70141E+38 1.70141E+38 1.70141E+38 1.70141E+38 1.70141E+38 1.70141E+38 1.70141E+38 1.70141E+38 1.70141E+38 1.70141E+38 1.70141E+38 1.70141E+38 1.70141E+38 1.70141E+38 1.70141E+38 1.70141E+38 1.70141E+38 1.70141E+38 1.70141E+38 1.70141E+38 1.70141E+38 1.70141E+38 1.70141E+38 1.70141E+38 1.70141E+38 1.70141E+38 1.70141E+38 1.70141E+38 1.70141E+38 1.70141E+38 1.70141E+38
1.70141E+38 1.70141E+38 1.70141E+38 1.70141E+38 1.70141E+38 1.70141E+38 1.70141E+38 1.70141E+38 1.70141E+38 1.70141E+38 1.70141E+38 1.70141E+38 1.70141E+38 1.70141E+38 1.70141E+38 1.70141E+38 1.70141E+38 1.70141E+38 1.70141E+38 1.70141E+38 1.70141E+38 1.70141E+38 1.70141E+38 1.70141E+38 1.70141E+38 1.70141E+38 1.70141E+38 1.70141E+38 1.70141E+38 1.70141E+38 1.70141E+38 1.70141E+38 1.70141E+38 1.70141E+38 1.70141E+38 1.70141E+38 1.70141E+38 1.70141E+38 1.70141E+38 1.70141E+38 1.70141E+38 1.70141E+38 1.70141E+38 1.70141E+38 1.70141E+38 1.70141E+38 1.70141E+38 1.70141E+38 1.70141E+38 1.70141E+38 1.70141E+38 1.70141E+38 1.70141E+38 1.70141E+38 1.70141E+38 1.70141E+38 1.70141E+38 1.70141E+38 1.70141E+38 1.70141E+38 1.70141E+38 1.70141E+38
1.70141E+38 1.70141E+38 1.70141E+38 1.70141E+38 1.70141E+38 1.70141E+38 1.70141E+38 1.70141E+38 1.70141E+38 1.70141E+38 1.70141E+38 1.70141E+38 1.70141E+38 1.70141E+38 1.70141E+38 1.70141E+38 1.70141E+38 1.70141E+38 1.70141E+38 1.70141E+38 1.70141E+38 1.70141E+38 1.70141E+38 1.70141E+38 1.70141E+38 1.70141E+38 1.70141E+38 1.70141E+38 1.70141E+38 1.70141E+38 1.70141E+38 1.70141E+38 1.70141E+38 1.70141E+38 1.70141E+38 1.70141E+38 1.70141E+38 1.70141E+38 1.70141E+38 1.70141E+38 1.70141E+38 1.70141E+38 1.70141E+38 1.70141E+38 1.70141E+38 1.70141E+38 1.70141E+38 1.70141E+38 1.70141E+38 1.70141E+38 1.70141E+38 1.70141E+38 1.70141E+38 1.70141E+38 1.70141E+38 1.70141E+38 1.70141E+38 1.70141E+38 1.70141E+38 1.70141E+38 1.70141E+38 1.70141E+38
