py_wake/examples/data/AJ_ParqueFicticio/Ridge area   Sector All   Height 200m   Flow inclination.grd
DSAA
90  129
 262878   265103
 6504214   6507414
-21.86246   28.35171
[rows 81 to 107 of 129, columns 0 to 60 of 90]
11.45615 11.81809 12.10772 12.34517 12.59377 12.8382 13.04341 13.1297 13.00974 12.87968 12.69712 12.25659 11.75668 11.18301 10.8483 -10.98959 -11.14972 -11.45008 -11.71281 -11.88208 -12.18787 -12.41984 -12.72678 -12.99713 -13.23187 -13.37308 -13.44681 -13.39072 -13.18426 -12.82694 13.3708 14.34837 15.36455 16.15115 16.55879 16.65417 16.45929 15.86371 14.79583 13.36369 11.8921 10.35636 8.381186 6.436623 4.841175 3.61717 3.785104 6.153381 9.226878 11.89521 14.09444 16.07513 17.41663 18.31791 18.71772 18.70777 18.46469 18.17613 17.78629 17.34151 16.99353
13.13762 13.34475 13.43901 13.43988 13.39587 13.36243 13.14342 12.84439 12.6952 12.59097 12.22074 11.71215 11.26231 10.65895 10.13592 -10.07341 -10.36363 -10.69366 -10.97547 -11.00263 -11.26816 -11.57123 -11.97687 -12.31132 -12.52805 -12.61613 -12.67572 -12.62903 12.72759 13.31963 14.03676 14.86081 15.71843 16.25118 16.40987 16.34649 15.92228 15.0947 13.70736 12.13271 10.67489 9.018916 6.974594 5.2775 3.922002 2.874268 4.542461 6.82343 9.999338 12.24431 14.39485 16.3622 23.25365 18.5345 18.86432 18.81912 18.53495 18.19114 17.70199 17.18693 16.78941
13.87885 13.82236 13.56579 13.19837 12.90755 12.50999 11.98804 11.67248 11.54941 11.29708 10.80683 10.3246 9.947115 -9.509931 -9.462879 -9.611753 -9.953721 -10.29598 -10.57466 -10.50684 -10.79027 -11.0478 -11.40127 -11.7403 -11.9328 12.02982 12.33187 12.89096 13.37747 13.90333 14.56774 15.25417 15.82687 16.0547 15.92196 15.63565 14.92587 13.90434 12.23664 10.67128 9.303995 7.709871 5.7383 4.16855 3.027654 3.721626 5.334071 7.563313 10.47803 12.39283 14.41378 16.24586 25.78927 18.30227 18.64146 18.59538 18.24138 17.83838 17.31598 16.84714 16.49132
13.72014 13.41886 12.91772 12.43048 11.93445 11.29983 10.7472 10.45379 10.42659 10.27086 -10.07433 -10.04688 -10.00871 -9.847764 -9.879877 -10.08908 -10.43776 -10.77432 -11.04189 -11.04016 -11.28847 -11.55008 -11.87677 -12.10268 12.40466 12.85427 13.17167 13.49848 13.92896 14.43918 15.03562 15.43597 15.61009 15.52221 15.11906 14.49617 13.63091 12.43483 10.64091 9.376502 8.120563 6.635183 4.848388 4.149597 4.305607 4.880603 6.238927 8.371327 10.75241 12.41928 14.23736 15.80762 17.46443 17.84942 18.19313 18.1592 17.74093 17.33048 16.86113 16.49329 16.15469
13.20584 12.78267 12.23898 11.72654 11.07583 10.47446 10.12588 -10.11255 -10.16293 -10.11206 -10.05068 -10.08512 -10.21642 -10.32264 -10.50752 -10.75441 -11.10096 -11.40626 -11.69279 -11.81651 -12.0561 -12.30627 -12.5964 -12.75949 13.18519 13.79332 14.15703 14.43563 14.50058 14.93721 15.28675 15.27301 15.04205 14.62806 13.93757 13.05063 12.12747 10.80663 9.283288 8.064144 6.840511 5.808036 5.381582 5.249609 5.861471 6.34621 7.584808 9.068929 10.85585 12.33685 13.95645 15.27487 16.52119 17.66967 18.30133 18.24814 17.62081 17.01526 16.46592 16.172 15.85383
12.84759 12.4112 11.88137 11.32576 10.57419 -10.13316 -10.03402 -10.09986 -10.18733 -10.16612 -10.16535 -10.31372 -10.61623 -10.94756 -11.31815 -11.65832 -11.94407 -12.20776 -12.48209 -12.67428 -12.95949 -13.1988 -13.43786 -13.49031 14.01476 14.76359 15.15761 15.37126 15.27569 15.292 15.2676 14.78881 14.21139 13.44284 12.45321 11.54183 10.54857 9.36123 7.912739 6.65314 5.875165 6.042106 6.320559 7.295747 7.983613 8.418893 9.197909 9.979469 10.93089 12.26083 13.66092 14.7571 15.83496 17.0711 17.92312 18.08546 17.68092 17.37161 16.97778 16.40361 15.6695
12.30691 11.86697 11.33332 -10.88355 -10.41389 -10.11279 -10.05483 -10.17221 -10.32872 -10.46083 -10.5943 -10.86018 -11.27845 -11.74116 -12.22813 -12.68463 -12.99344 -13.19964 -13.36855 -13.55471 -13.79702 -14.01995 -14.17972 -14.09762 14.82672 15.65591 16.02318 16.13877 15.91011 15.4731 14.89094 14.13163 13.25079 12.07835 10.9759 10.13311 9.343649 8.024238 6.560895 5.637087 5.890812 6.460702 7.690266 8.756665 9.519532 9.873951 10.37183 10.98961 11.46206 12.22806 13.39439 14.32643 15.2085 16.00694 17.00393 17.35794 17.20798 17.0986 17.10414 16.84293 16.26133
11.72376 -11.40164 -11.09133 -10.73369 -10.3802 -10.19685 -10.19587 -10.39189 -10.59996 -10.93451 -11.26583 -11.69137 -12.20735 -12.74017 -13.27307 -13.7498 -14.11868 -14.28047 -14.30957 -14.35355 -14.48715 -14.56967 -14.62452 14.83673 15.57496 16.31414 16.62129 16.64454 16.24609 15.60253 14.73644 13.67454 12.45801 11.02636 10.00104 9.134387 8.23787 6.777127 5.68972 5.688046 6.3983 7.816784 9.080824 10.15217 10.96151 11.39858 11.72103 12.23726 12.5954 12.90276 13.1618 13.9067 14.59261 15.13633 15.7804 16.25875 16.33107 16.34292 16.6119 16.67787 16.40867
11.51587 11.45601 11.20574 10.84189 10.53286 -10.47046 -10.54121 -10.74382 -11.04998 -11.51309 -12.01038 -12.55721 -13.18416 -13.75327 -14.25248 -14.63769 -15.00299 -15.06054 -14.9818 -14.88342 -14.88222 -14.7888 14.68595 15.59428 16.22046 16.75087 16.96493 16.86466 16.25293 15.46373 14.44748 13.26398 11.81003 10.20976 9.148513 8.178327 7.16716 6.144963 5.841886 6.281441 7.813469 9.267632 10.60243 11.80363 12.81807 13.29222 13.27162 13.4806 13.51698 13.65185 13.65388 13.53391 13.99105 14.49519 14.93627 14.9184 15.10908 15.20246 15.60259 16.0069 16.06796
11.92866 11.87802 11.57109 11.08785 -10.82865 -10.91265 -11.04682 -11.18212 -11.60664 -12.05367 -12.55946 -13.08126 -13.68699 -14.22299 -14.56706 -14.71667 -14.87195 -14.90555 -14.78246 -14.66293 -14.54939 14.48407 15.38453 16.21194 16.67052 16.95634 16.99421 16.66716 15.85343 14.97105 13.8549 12.57798 10.98585 9.33789 8.233822 7.557829 6.905158 6.608294 6.600629 7.934387 9.531223 10.999 12.14813 13.13722 13.9701 14.38578 14.45167 14.42722 14.42351 14.40717 14.27032 14.07048 13.86311 14.13769 14.51566 14.43463 14.05152 13.80605 14.23772 14.88575 15.21011
12.41828 12.33717 12.05734 11.51472 -11.33224 -11.38075 -11.51079 -11.64015 -12.006 -12.3193 -12.62386 -12.87794 -13.16931 -13.37483 -13.46681 -13.39204 -13.30342 -13.21152 13.15631 13.70377 14.4831 15.05751 15.86124 16.49008 16.70403 16.73251 16.57282 15.98136 15.01526 14.10618 12.92189 11.60366 10.06232 8.732247 8.068283 7.555754 7.737467 7.764488 8.561053 9.913578 11.13666 12.18717 13.23604 14.28898 15.14576 15.51393 15.54282 15.2957 15.21476 15.05508 14.88704 14.75964 14.73956 14.67319 14.34646 14.08029 13.59733 13.17599 12.95183 13.42137 13.89833
12.91168 12.71022 -12.38324 12.22208 11.93657 -11.87294 -11.99125 -12.03929 -12.14547 -12.20975 -12.17935 -12.76494 -11.78692 -11.5136 11.69427 12.2173 12.77727 13.37782 13.82742 14.44217 15.09536 15.58648 16.33966 16.71635 16.69501 16.33405 15.7136 14.86127 13.83925 12.95303 11.74386 10.43481 9.399833 8.5283 8.230253 8.40016 8.488016 9.000984 10.19778 11.41482 12.46691 13.61535 14.58702 15.41537 16.01307 16.28697 16.30485 16.08596 15.77869 15.66808 15.64996 15.68789 15.8239 15.7945 15.33668 14.3858 13.23507 12.71447 12.33963 12.09654 12.30879
-13.14959 -12.95047 -12.65304 -12.31374 -12.1142 -12.09138 -12.18664 -12.20968 -12.09645 -11.81344 -11.62486 -11.84785 11.51412 12.1444 12.69417 13.09088 13.60527 14.10625 14.57448 15.22148 15.95421 16.44337 16.64264 16.54971 16.17273 15.43415 14.48724 13.41664 12.45916 11.59193 10.40106 9.357091 8.742518 8.454858 8.772005 8.945517 9.196523 10.2881 11.41798 12.53897 13.65211 14.67657 15.51623 16.25509 16.6723 16.75067 16.80222 16.60812 16.29326 16.09229 16.11392 16.17322 16.49646 16.54203 16.07631 15.1551 14.02671 12.8131 11.60225 11.18379 10.96654
-13.13038 -12.95503 -12.58848 -12.17606 -11.8937 -11.82361 -11.89961 -11.86314 -11.58507 -11.71824 -12.01203 12.30289 12.75899 13.33301 13.70841 14.00302 14.3745 14.77576 15.46122 16.04945 16.45536 16.53526 16.31503 15.90204 15.14472 14.18174 12.96671 11.89998 10.98767 10.10294 9.065823 8.548139 8.339045 8.792837 9.191977 9.382601 10.35591 11.30737 12.25838 13.18584 14.15247 15.13329 15.90206 16.51996 16.90051 16.90958 16.84273 16.86704 16.7714 16.4965 16.50899 16.6566 17.07763 17.10414 16.7277 15.90223 14.75018 13.47756 12.12562 10.79808 10.13623
-12.8717 -12.76231 -12.42072 -11.96423 -11.57141 -11.33059 -11.16235 -11.5382 -12.02548 12.4949 13.06075 13.45957 13.86818 14.29244 14.50488 14.68582 15.00527 15.50907 15.92865 16.22324 16.3441 16.14446 15.60255 14.84496 13.86707 12.77422 11.54501 10.41867 9.489284 8.554718 8.195577 8.094497 8.598369 9.013536 9.369439 10.16823 11.05081 11.83004 12.59615 13.37415 14.24579 15.05752 15.75758 16.42308 16.86087 16.87609 16.71276 16.61079 16.578 16.42868 16.48891 16.71166 17.12686 17.30169 16.98198 16.249 15.19273 14.00068 12.71763 11.46575 10.35305
-12.58116 -12.45527 -12.15348 -11.69046 -11.27323 11.03882 11.61168 12.44665 12.99513 13.51258 14.02195 14.37886 14.69981 14.9157 15.01002 15.09712 15.3856 15.64084 15.77861 15.83288 15.76572 15.35511 14.54226 13.48801 12.48807 11.48024 10.17686 9.029075 8.03334 7.594828 7.516632 8.25212 8.833456 9.300928 10.20438 11.13887 11.88694 12.47522 13.01807 13.42315 14.08466 14.81208 15.53275 16.21271 16.64252 16.68343 16.51438 16.32919 16.27367 16.30217 16.47228 16.65917 17.03301 17.26657 17.05857 16.44628 15.54233 14.52251 13.38365 12.21475 11.10985
-12.10342 -12.01805 -11.78733 11.49949 11.69645 12.05891 12.68162 13.45186 13.9175 14.3369 14.69592 14.95298 15.16362 15.25238 15.26303 15.24646 15.28748 15.27841 15.15008 15.06493 14.80514 14.28625 13.32325 12.36108 11.51338 10.37843 8.989105 7.790208 7.201105 6.879113 7.569501 8.305868 8.977404 10.20866 11.25452 12.1222 12.72099 13.09429 13.27197 13.3131 13.81992 14.50537 15.19066 15.81922 16.2504 16.29985 16.10867 15.96496 15.97099 16.02477 16.15711 16.31566 16.78794 17.07394 16.98289 16.45907 15.69434 14.80903 13.73347 12.57893 11.49031
-11.33207 11.44378 11.79792 12.15227 12.47726 12.88254 13.53871 14.16792 14.54068 14.84173 15.08228 15.22979 15.31401 15.29837 15.22737 15.08857 15.01933 14.87939 14.66072 14.48603 14.05426 13.44672 12.41902 11.47062 10.60344 9.451571 8.218192 7.428444 6.773864 7.043249 7.529158 8.308234 9.677203 10.9329 12.0191 12.86592 13.3487 13.54607 13.44655 13.25215 13.36101 13.89572 14.4844 15.07355 22.16389 15.6083 15.49712 15.44056 15.48419 15.54943 15.70258 15.92678 16.44721 16.74023 16.7457 16.37769 15.79174 15.15708 14.68253 13.70002 12.36803
11.28261 11.80674 12.18414 12.64861 13.01803 13.43242 14.04586 14.54881 14.82809 15.02229 15.15681 15.22991 15.20169 15.08635 14.95196 14.7397 14.57849 14.32832 14.06217 13.80502 13.35294 12.70823 11.7302 10.7874 10.07183 9.29264 8.298358 7.350981 7.235095 7.220736 7.752159 9.074503 10.40969 11.66426 12.71884 13.4804 13.83689 13.82987 13.5451 13.10503 12.74811 13.17222 13.68199 14.1881 14.74391 14.6602 14.59982 14.60635 14.71064 14.8728 15.11147 15.43033 15.92728 16.25078 16.30126 -16.27213 -16.37025 -16.04507 15.086 14.59356 13.65074
1.70141E+38 1.70141E+38 1.70141E+38 1.70141E+38 1.70141E+38 1.70141E+38 1.70141E+38 1.70141E+38 1.70141E+38 1.70141E+38 1.70141E+38 1.70141E+38 1.70141E+38 1.70141E+38 1.70141E+38 1.70141E+38 1.70141E+38 1.70141E+38 1.70141E+38 1.70141E+38 1.70141E+38 1.70141E+38 1.70141E+38 1.70141E+38 1.70141E+38 1.70141E+38 1.70141E+38 1.70141E+38 1.70141E+38 1.70141E+38 1.70141E+38 1.70141E+38 1.70141E+38 1.70141E+38 1.70141E+38 1.70141E+38 1.70141E+38 1.70141E+38 1.70141E+38 1.70141E+38 1.70141E+38 1.70141E+38 1.70141E+38 1.70141E+38 1.70141E+38 1.70141E+38 1.70141E+38 1.70141E+38 1.70141E+38 1.70141E+38 1.70141E+38 1.70141E+38 1.70141E+38 1.70141E+38 1.70141E+38 1.70141E+38 1.70141E+38 1.70141E+38 1.70141E+38 1.70141E+38 1.70141E+38
1.70141E+38 1.70141E+38 1.70141E+38 1.70141E+38 1.70141E+38 1.70141E+38 1.70141E+38 1.70141E+38 1.70141E+38 1.70141E+38 1.70141E+38 1.70141E+38 1.70141E+38 1.70141E+38 1.70141E+38 1.70141E+38 1.70141E+38 1.70141E+38 1.70141E+38 1.70141E+38 1.70141E+38 1.70141E+38 1.70141E+38 1.70141E+38 1.70141E+38 1.70141E+38 1.70141E+38 1.70141E+38 1.70141E+38 1.70141E+38 1.70141E+38 1.70141E+38 1.70141E+38 1.70141E+38 1.70141E+38 1.70141E+38 1.70141E+38 1.70141E+38 1.70141E+38 1.70141E+38 1.70141E+38 1.70141E+38 1.70141E+38 1.70141E+38 1.70141E+38 1.70141E+38 1.70141E+38 1.70141E+38 1.70141E+38 1.70141E+38 1.70141E+38 1.70141E+38 1.70141E+38 1.70141E+38 1.70141E+38 1.70141E+38 1.70141E+38 1.70141E+38 1.70141E+38 1.70141E+38 1.70141E+38
1.70141E+38 1.70141E+38 1.70141E+38 1.70141E+38 1.70141E+38 1.70141E+38 1.70141E+38 1.70141E+38 1.70141E+38 1.70141E+38 1.70141E+38 1.70141E+38 1.70141E+38 1.70141E+38 1.70141E+38 1.70141E+38 1.70141E+38 1.70141E+38 1.70141E+38 1.70141E+38 1.70141E+38 1.70141E+38 1.70141E+38 1.70141E+38 1.70141E+38 1.70141E+38 1.70141E+38 1.70141E+38 1.70141E+38 1.70141E+38 1.70141E+38 1.70141E+38 1.70141E+38 1.70141E+38 1.70141E+38 1.70141E+38 1.70141E+38 1.70141E+38 1.70141E+38 1.70141E+38 1.70141E+38 1.70141E+38 1.70141E+38 1.70141E+38 1.70141E+38 1.70141E+38 1.70141E+38 1.70141E+38 1.70141E+38 1.70141E+38 1.70141E+38 1.70141E+38 1.70141E+38 1.70141E+38 1.70141E+38 1.70141E+38 1.70141E+38 1.70141E+38 1.70141E+38 1.70141E+38 1.70141E+38
1.70141E+38 1.70141E+38 1.70141E+38 1.70141E+38 1.70141E+38 1.70141E+38 1.70141E+38 1.70141E+38 1.70141E+38 1.70141E+38 1.70141E+38 1.70141E+38 1.70141E+38 1.70141E+38 1.70141E+38 1.70141E+38 1.70141E+38 1.70141E+38 1.70141E+38 1.70141E+38 1.70141E+38 1.70141E+38 1.70141E+38 1.70141E+38 1.70141E+38 1.70141E+38 1.70141E+38 1.70141E+38 1.70141E+38 1.70141E+38 1.70141E+38 1.70141E+38 1.70141E+38 1.70141E+38 1.70141E+38 1.70141E+38 1.70141E+38 1.70141E+38 1.70141E+38 1.70141E+38 1.70141E+38 1.70141E+38 1.70141E+38 1.70141E+38 1.70141E+38 1.70141E+38 1.70141E+38 1.70141E+38 1.70141E+38 1.70141E+38 1.70141E+38 1.70141E+38 1.70141E+38 1.70141E+38 1.70141E+38 1.70141E+38 1.70141E+38 1.70141E+38 1.70141E+38 1.70141E+38 1.70141E+38
1.70141E+38 1.70141E+38 1.70141E+38 1.70141E+38 1.70141E+38 1.70141E+38 1.70141E+38 1.70141E+38 1.70141E+38 1.70141E+38 1.70141E+38 1.70141E+38 1.70141E+38 1.70141E+38 1.70141E+38 1.70141E+38 1.70141E+38 1.70141E+38 1.70141E+38 1.70141E+38 1.70141E+38 1.70141E+38 1.70141E+38 1.70141E+38 1.70141E+38 1.70141E+38 1.70141E+38 1.70141E+38 1.70141E+38 1.70141E+38 1.70141E+38 1.70141E+38 1.70141E+38 1.70141E+38 1.70141E+38 1.70141E+38 1.70141E+38 1.70141E+38 1.70141E+38 1.70141E+38 1.70141E+38 1.70141E+38 1.70141E+38 1.70141E+38 1.70141E+38 1.70141E+38 1.70141E+38 1.70141E+38 1.70141E+38 1.70141E+38 1.70141E+38 1.70141E+38 1.70141E+38 1.70141E+38 1.70141E+38 1.70141E+38 1.70141E+38 1.70141E+38 1.70141E+38 1.70141E+38 1.70141E+38
1.70141E+38 1.70141E+38 1.70141E+38 1.70141E+38 1.70141E+38 1.70141E+38 1.70141E+38 1.70141E+38 1.70141E+38 1.70141E+38 1.70141E+38 1.70141E+38 1.70141E+38 1.70141E+38 1.70141E+38 1.70141E+38 1.70141E+38 1.70141E+38 1.70141E+38 1.70141E+38 1.70141E+38 1.70141E+38 1.70141E+38 1.70141E+38 1.70141E+38 1.70141E+38 1.70141E+38 1.70141E+38 1.70141E+38 1.70141E+38 1.70141E+38 1.70141E+38 1.70141E+38 1.70141E+38 1.70141E+38 1.70141E+38 1.70141E+38 1.70141E+38 1.70141E+38 1.70141E+38 1.70141E+38 1.70141E+38 1.70141E+38 1.70141E+38 1.70141E+38 1.70141E+38 1.70141E+38 1.70141E+38 1.70141E+38 1.70141E+38 1.70141E+38 1.70141E+38 1.70141E+38 1.70141E+38 1.70141E+38 1.70141E+38 1.70141E+38 1.70141E+38 1.70141E+38 1.70141E+38 1.70141E+38
1.70141E+38 1.70141E+38 1.70141E+38 1.70141E+38 1.70141E+38 1.70141E+38 1.70141E+38 1.70141E+38 1.70141E+38 1.70141E+38 1.70141E+38 1.70141E+38 1.70141E+38 1.70141E+38 1.70141E+38 1.70141E+38 1.70141E+38 1.70141E+38 1.70141E+38 1.70141E+38 1.70141E+38 1.70141E+38 1.70141E+38 1.70141E+38 1.70141E+38 1.70141E+38 1.70141E+38 1.70141E+38 1.70141E+38 1.70141E+38 1.70141E+38 1.70141E+38 1.70141E+38 1.70141E+38 1.70141E+38 1.70141E+38 1.70141E+38 1.70141E+38 1.70141E+38 1.70141E+38 1.70141E+38 1.70141E+38 1.70141E+38 1.70141E+38 1.70141E+38 1.70141E+38 1.70141E+38 1.70141E+38 1.70141E+38 1.70141E+38 1.70141E+38 1.70141E+38 1.70141E+38 1.70141E+38 1.70141E+38 1.70141E+38 1.70141E+38 1.70141E+38 1.70141E+38 1.70141E+38 1.70141E+38
1.70141E+38 1.70141E+38 1.70141E+38 1.70141E+38 1.70141E+38 1.70141E+38 1.70141E+38 1.70141E+38 1.70141E+38 1.70141E+38 1.70141E+38 1.70141E+38 1.70141E+38 1.70141E+38 1.70141E+38 1.70141E+38 1.70141E+38 1.70141E+38 1.70141E+38 1.70141E+38 1.70141E+38 1.70141E+38 1.70141E+38 1.70141E+38 1.70141E+38 1.70141E+38 1.70141E+38 1.70141E+38 1.70141E+38 1.70141E+38 1.70141E+38 1.70141E+38 1.70141E+38 1.70141E+38 1.70141E+38 1.70141E+38 1.70141E+38 1.70141E+38 1.70141E+38 1.70141E+38 1.70141E+38 1.70141E+38 1.70141E+38 1.70141E+38 1.70141E+38 1.70141E+38 1.70141E+38 1.70141E+38 1.70141E+38 1.70141E+38 1.70141E+38 1.70141E+38 1.70141E+38 1.70141E+38 1.70141E+38 1.70141E+38 1.70141E+38 1.70141E+38 1.70141E+38 1.70141E+38 1.70141E+38
