py_wake/examples/data/AJ_ParqueFicticio/Ridge area   Sector 9   Height 200m   Weibull-k.grd
DSAA
90  129
 262878   265103
 6504214   6507414
 .7597656   2.556641
[rows 81 to 107 of 129, columns 0 to 61 of 90]
2.521484 2.521484 2.517578 2.517578 2.521484 2.525391 2.533203 2.537109 2.541016 2.541016 2.544922 2.544922 2.544922 2.537109 2.529297 2.525391 2.525391 2.521484 2.517578 2.509766 2.501953 2.498047 2.490234 2.486328 2.470703 2.458984 2.447266 2.439453 2.435547 2.439453 2.443359 2.455078 2.458984 2.455078 2.451172 2.451172 2.447266 2.443359 2.439453 2.435547 2.431641 2.423828 2.419922 2.412109 2.404297 2.400391 2.392578 2.388672 2.373047 2.337891 2.177734 1.658203 .8730469 2.505859 2.505859 2.505859 2.505859 2.505859 2.505859 2.505859 2.505859 2.505859
2.544922 2.544922 2.544922 2.544922 2.544922 2.548828 2.544922 2.541016 2.537109 2.537109 2.533203 2.533203 2.533203 2.529297 2.525391 2.525391 2.525391 2.525391 2.529297 2.529297 2.525391 2.525391 2.521484 2.517578 2.517578 2.509766 2.501953 2.494141 2.490234 2.490234 2.478516 2.470703 2.458984 2.455078 2.451172 2.447266 2.443359 2.439453 2.439453 2.435547 2.427734 2.423828 2.416016 2.408203 2.400391 2.388672 2.376953 2.365234 2.337891 2.251953 1.927734 1.263672 .8378906 2.330078 2.505859 2.505859 2.505859 2.505859 2.505859 2.505859 2.505859 2.505859
2.552734 2.548828 2.544922 2.541016 2.537109 2.529297 2.525391 2.525391 2.521484 2.521484 2.521484 2.521484 2.521484 2.521484 2.521484 2.521484 2.521484 2.525391 2.525391 2.529297 2.529297 2.529297 2.533203 2.533203 2.533203 2.533203 2.529297 2.521484 2.513672 2.501953 2.490234 2.478516 2.466797 2.458984 2.455078 2.451172 2.447266 2.443359 2.439453 2.435547 2.427734 2.423828 2.416016 2.408203 2.396484 2.384766 2.365234 2.345703 2.314453 2.181641 1.767578 1.126953 2.330078 2.330078 2.330078 2.330078 2.330078 2.333984 2.505859 2.505859 2.505859 2.505859
2.529297 2.525391 2.525391 2.525391 2.521484 2.521484 2.517578 2.517578 2.517578 2.517578 2.517578 2.517578 2.517578 2.521484 2.521484 2.521484 2.521484 2.525391 2.525391 2.529297 2.529297 2.533203 2.533203 2.537109 2.537109 2.537109 2.533203 2.529297 2.521484 2.509766 2.498047 2.486328 2.474609 2.466797 2.462891 2.458984 2.451172 2.447266 2.443359 2.435547 2.427734 2.423828 2.416016 2.404297 2.392578 2.376953 2.361328 2.333984 2.291016 2.123047 1.666016 1.123047 2.330078 2.330078 2.330078 2.330078 2.330078 2.333984 2.333984 2.333984 2.333984 2.333984
2.513672 2.517578 2.517578 2.517578 2.513672 2.513672 2.513672 2.513672 2.513672 2.513672 2.517578 2.517578 2.517578 2.521484 2.525391 2.525391 2.525391 2.529297 2.529297 2.533203 2.533203 2.537109 2.537109 2.537109 2.537109 2.533203 2.529297 2.525391 2.517578 2.509766 2.498047 2.490234 2.482422 2.474609 2.466797 2.462891 2.458984 2.451172 2.443359 2.435547 2.431641 2.423828 2.416016 2.404297 2.392578 2.376953 2.353516 2.322266 2.279297 2.095703 1.623047 1.158203 2.330078 2.330078 2.330078 2.330078 2.330078 2.333984 2.333984 2.333984 2.333984 2.333984
2.509766 2.509766 2.509766 2.509766 2.513672 2.513672 2.513672 2.513672 2.513672 2.513672 2.517578 2.517578 2.521484 2.525391 2.529297 2.529297 2.533203 2.533203 2.537109 2.541016 2.541016 2.541016 2.537109 2.533203 2.529297 2.525391 2.521484 2.517578 2.513672 2.505859 2.498047 2.490234 2.482422 2.478516 2.470703 2.466797 2.458984 2.451172 2.443359 2.439453 2.431641 2.419922 2.412109 2.400391 2.384766 2.365234 2.341797 2.314453 2.267578 2.080078 1.619141 1.201172 1.771484 2.330078 2.330078 2.330078 2.330078 2.333984 2.333984 2.333984 2.333984 2.333984
2.505859 2.505859 2.509766 2.509766 2.509766 2.513672 2.513672 2.513672 2.517578 2.517578 2.521484 2.521484 2.525391 2.529297 2.533203 2.537109 2.541016 2.544922 2.544922 2.544922 2.544922 2.541016 2.537109 2.529297 2.525391 2.517578 2.513672 2.509766 2.505859 2.498047 2.494141 2.486328 2.482422 2.478516 2.474609 2.466797 2.462891 2.455078 2.447266 2.439453 2.431641 2.419922 2.408203 2.392578 2.376953 2.361328 2.337891 2.306641 2.255859 2.076172 1.642578 1.240234 1.439453 2.330078 2.330078 2.330078 2.333984 2.333984 2.333984 2.333984 2.333984 2.333984
2.505859 2.505859 2.509766 2.509766 2.513672 2.513672 2.513672 2.517578 2.521484 2.521484 2.525391 2.529297 2.533203 2.537109 2.541016 2.544922 2.548828 2.548828 2.548828 2.544922 2.544922 2.541016 2.533203 2.525391 2.513672 2.509766 2.501953 2.498047 2.498047 2.494141 2.490234 2.486328 2.482422 2.478516 2.474609 2.470703 2.462891 2.455078 2.447266 2.439453 2.427734 2.416016 2.404297 2.392578 2.373047 2.357422 2.330078 2.298828 2.236328 2.056641 1.654297 1.279297 1.291016 2.330078 2.330078 2.330078 2.333984 2.333984 2.333984 2.333984 2.333984 2.333984
2.505859 2.505859 2.509766 2.509766 2.513672 2.517578 2.517578 2.521484 2.525391 2.529297 2.537109 2.541016 2.544922 2.548828 2.548828 2.548828 2.548828 2.544922 2.544922 2.544922 2.541016 2.541016 2.529297 2.517578 2.505859 2.498047 2.494141 2.490234 2.490234 2.486328 2.486328 2.482422 2.478516 2.474609 2.474609 2.470703 2.462891 2.455078 2.447266 2.435547 2.427734 2.416016 2.400391 2.384766 2.369141 2.345703 2.322266 2.283203 2.216797 2.041016 1.681641 1.330078 1.224609 2.154297 2.330078 2.330078 2.333984 2.333984 2.333984 2.333984 2.333984 2.333984
2.505859 2.505859 2.509766 2.513672 2.517578 2.521484 2.525391 2.529297 2.537109 2.541016 2.548828 2.548828 2.548828 2.548828 2.544922 2.544922 2.544922 2.544922 2.541016 2.541016 2.537109 2.537109 2.517578 2.501953 2.494141 2.490234 2.486328 2.486328 2.482422 2.482422 2.482422 2.478516 2.478516 2.474609 2.470703 2.466797 2.462891 2.455078 2.447266 2.435547 2.423828 2.408203 2.392578 2.376953 2.357422 2.333984 2.302734 2.263672 2.193359 2.033203 1.724609 1.400391 1.224609 1.404297 2.330078 2.330078 2.333984 2.333984 2.333984 2.333984 2.333984 2.333984
2.505859 2.509766 2.509766 2.517578 2.521484 2.525391 2.533203 2.541016 2.548828 2.548828 2.548828 2.544922 2.544922 2.544922 2.541016 2.541016 2.541016 2.541016 2.541016 2.541016 2.537109 2.525391 2.505859 2.490234 2.482422 2.482422 2.478516 2.478516 2.478516 2.478516 2.478516 2.474609 2.474609 2.470703 2.466797 2.462891 2.458984 2.451172 2.443359 2.431641 2.419922 2.404297 2.384766 2.361328 2.333984 2.302734 2.271484 2.232422 2.162109 2.025391 1.771484 1.474609 1.259766 1.271484 2.330078 2.330078 2.333984 2.333984 2.333984 2.333984 2.333984 2.333984
2.509766 2.509766 2.517578 2.521484 2.525391 2.533203 2.541016 2.548828 2.548828 2.544922 2.544922 2.544922 2.541016 2.541016 2.541016 2.544922 2.544922 2.544922 2.544922 2.544922 2.529297 2.509766 2.494141 2.486328 2.482422 2.478516 2.478516 2.474609 2.474609 2.474609 2.470703 2.470703 2.466797 2.466797 2.462891 2.458984 2.451172 2.443359 2.435547 2.423828 2.412109 2.392578 2.369141 2.333984 2.287109 2.248047 2.216797 2.185547 2.130859 2.021484 1.794922 1.525391 1.302734 1.240234 1.544922 2.330078 2.333984 2.333984 2.333984 2.333984 2.333984 2.333984
2.513672 2.517578 2.521484 2.525391 2.537109 2.544922 2.544922 2.544922 2.544922 2.544922 2.544922 2.544922 2.544922 2.544922 2.544922 2.548828 2.548828 2.548828 2.541016 2.525391 2.513672 2.501953 2.494141 2.486328 2.482422 2.478516 2.478516 2.474609 2.474609 2.470703 2.470703 2.466797 2.462891 2.458984 2.458984 2.451172 2.447266 2.439453 2.427734 2.419922 2.404297 2.376953 2.337891 2.287109 2.216797 2.158203 2.123047 2.111328 2.080078 2.005859 1.810547 1.576172 1.353516 1.240234 1.306641 1.744141 2.333984 2.333984 2.333984 2.333984 2.333984 2.333984
2.513672 2.517578 2.525391 2.533203 2.541016 2.541016 2.537109 2.541016 2.541016 2.541016 2.544922 2.544922 2.548828 2.548828 2.548828 2.552734 2.544922 2.533203 2.521484 2.509766 2.501953 2.494141 2.490234 2.486328 2.482422 2.482422 2.478516 2.474609 2.470703 2.470703 2.466797 2.462891 2.458984 2.455078 2.451172 2.447266 2.439453 2.431641 2.423828 2.416016 2.400391 2.365234 2.322266 2.244141 2.126953 2.033203 1.990234 1.990234 1.994141 1.962891 1.814453 1.619141 1.404297 1.267578 1.228516 1.310547 1.587891 2.333984 2.333984 2.333984 2.333984 2.333984
2.517578 2.521484 2.529297 2.541016 2.541016 2.537109 2.537109 2.537109 2.541016 2.544922 2.544922 2.548828 2.552734 2.552734 2.544922 2.529297 2.521484 2.509766 2.501953 2.498047 2.494141 2.490234 2.486328 2.486328 2.482422 2.482422 2.478516 2.474609 2.470703 2.466797 2.462891 2.458984 2.455078 2.451172 2.447266 2.443359 2.435547 2.431641 2.427734 2.419922 2.400391 2.376953 2.341797 2.259766 2.091797 1.927734 1.845703 1.849609 1.896484 1.896484 1.802734 1.650391 1.458984 1.306641 1.216797 1.185547 1.197266 1.263672 1.451172 2.162109 2.333984 2.333984
2.517578 2.521484 2.529297 2.541016 2.537109 2.537109 2.541016 2.541016 2.544922 2.548828 2.552734 2.552734 2.541016 2.529297 2.517578 2.509766 2.501953 2.498047 2.494141 2.490234 2.490234 2.486328 2.486328 2.486328 2.482422 2.482422 2.478516 2.474609 2.470703 2.462891 2.458984 2.455078 2.451172 2.447266 2.443359 2.439453 2.435547 2.431641 2.427734 2.423828 2.412109 2.408203 2.416016 2.326172 2.201172 2.017578 1.810547 1.763672 1.791016 1.794922 1.755859 1.666016 1.517578 1.361328 1.248047 1.166016 1.107422 1.056641 1.021484 1.001953 1.017578 1.126953
2.517578 2.521484 2.529297 2.537109 2.541016 2.541016 2.544922 2.548828 2.548828 2.541016 2.533203 2.525391 2.513672 2.509766 2.501953 2.498047 2.494141 2.494141 2.490234 2.490234 2.486328 2.486328 2.486328 2.486328 2.482422 2.482422 2.478516 2.474609 2.466797 2.462891 2.458984 2.451172 2.447266 2.443359 2.439453 2.435547 2.431641 2.431641 2.435547 2.435547 2.431641 2.458984 2.423828 2.330078 2.205078 2.037109 1.634766 1.541016 1.580078 1.646484 1.685547 1.669922 1.568359 1.431641 1.306641 1.201172 1.115234 1.037109 .9707031 .9277344 .9980469 2.552734
2.517578 2.521484 2.525391 2.529297 2.533203 2.537109 2.533203 2.533203 2.525391 2.521484 2.513672 2.509766 2.501953 2.498047 2.498047 2.494141 2.490234 2.490234 2.490234 2.486328 2.486328 2.486328 2.486328 2.486328 2.486328 2.482422 2.478516 2.474609 2.466797 2.458984 2.455078 2.447266 2.443359 2.439453 2.435547 2.431641 2.431641 2.435547 2.439453 2.447266 2.458984 2.486328 2.455078 2.388672 2.384766 2.552734 2.552734 1.408203 1.419922 1.509766 1.591797 1.634766 1.595703 1.498047 1.384766 1.279297 1.189453 1.130859 1.251953 2.552734 2.552734 2.552734
2.517578 2.517578 2.521484 2.521484 2.521484 2.525391 2.521484 2.517578 2.509766 2.505859 2.501953 2.501953 2.498047 2.494141 2.494141 2.494141 2.490234 2.490234 2.490234 2.486328 2.486328 2.486328 2.490234 2.486328 2.486328 2.482422 2.474609 2.470703 2.462891 2.458984 2.451172 2.447266 2.439453 2.435547 2.431641 2.431641 2.431641 2.435547 2.447266 2.462891 2.482422 2.517578 2.509766 2.505859 2.552734 2.552734 2.552734 2.552734 1.345703 1.416016 1.501953 1.568359 1.587891 1.544922 1.470703 1.388672 1.326172 1.376953 2.552734 2.552734 2.552734 2.552734
1.70141E+38 1.70141E+38 1.70141E+38 1.70141E+38 1.70141E+38 1.70141E+38 1.70141E+38 1.70141E+38 1.70141E+38 1.70141E+38 1.70141E+38 1.70141E+38 1.70141E+38 1.70141E+38 1.70141E+38 1.70141E+38 1.70141E+38 1.70141E+38 1.70141E+38 1.70141E+38 1.70141E+38 1.70141E+38 1.70141E+38 1.70141E+38 1.70141E+38 1.70141E+38 1.70141E+38 1.70141E+38 1.70141E+38 1.70141E+38 1.70141E+38 1.70141E+38 1.70141E+38 1.70141E+38 1.70141E+38 1.70141E+38 1.70141E+38 1.70141E+38 1.70141E+38 1.70141E+38 1.70141E+38 1.70141E+38 1.70141E+38 1.70141E+38 1.70141E+38 1.70141E+38 1.70141E+38 1.70141E+38 1.70141E+38 1.70141E+38 1.70141E+38 1.70141E+38 1.70141E+38 1.70141E+38 1.70141E+38 1.70141E+38 1.70141E+38 1.70141E+38 1.70141E+38 1.70141E+38 1.70141E+38 1.70141E+38
1.70141E+38 1.70141E+38 1.70141E+38 1.70141E+38 1.70141E+38 1.70141E+38 1.70141E+38 1.70141E+38 1.70141E+38 1.70141E+38 1.70141E+38 1.70141E+38 1.70141E+38 1.70141E+38 1.70141E+38 1.70141E+38 1.70141E+38 1.70141E+38 1.70141E+38 1.70141E+38 1.70141E+38 1.70141E+38 1.70141E+38 1.70141E+38 1.70141E+38 1.70141E+38 1.70141E+38 1.70141E+38 1.70141E+38 1.70141E+38 1.70141E+38 1.70141E+38 1.70141E+38 1.70141E+38 1.70141E+38 1.70141E+38 1.70141E+38 1.70141E+38 1.70141E+38 1.70141E+38 1.70141E+38 1.70141E+38 1.70141E+38 1.70141E+38 1.70141E+38 1.70141E+38 1.70141E+38 1.70141E+38 1.70141E+38 1.70141E+38 1.70141E+38 1.70141E+38 1.70141E+38 1.70141E+38 1.70141E+38 1.70141E+38 1.70141E+38 1.70141E+38 1.70141E+38 1.70141E+38 1.70141E+38 1.70141E+38
1.70141E+38 1.70141E+38 1.70141E+38 1.70141E+38 1.70141E+38 1.70141E+38 1.70141E+38 1.70141E+38 1.70141E+38 1.70141E+38 1.70141E+38 1.70141E+38 1.70141E+38 1.70141E+38 1.70141E+38 1.70141E+38 1.70141E+38 1.70141E+38 1.70141E+38 1.70141E+38 1.70141E+38 1.70141E+38 1.70141E+38 1.70141E+38 1.70141E+38 1.70141E+38 1.70141E+38 1.70141E+38 1.70141E+38 1.70141E+38 1.70141E+38 1.70141E+38 1.70141E+38 1.70141E+38 1.70141E+38 1.70141E+38 1.70141E+38 1.70141E+38 1.70141E+38 1.70141E+38 1.70141E+38 1.70141E+38 1.70141E+38 1.70141E+38 1.70141E+38 1.70141E+38 1.70141E+38 1.70141E+38 1.70141E+38 1.70141E+38 1.70141E+38 1.70141E+38 1.70141E+38 1.70141E+38 1.70141E+38 1.70141E+38 1.70141E+38 1.70141E+38 1.70141E+38 1.70141E+38 1.70141E+38 1.70141E+38
1.70141E+38 1.70141E+38 1.70141E+38 1.70141E+38 1.70141E+38 1.70141E+38 1.70141E+38 1.70141E+38 1.70141E+38 1.70141E+38 1.70141E+38 1.70141E+38 1.70141E+38 1.70141E+38 1.70141E+38 1.70141E+38 1.70141E+38 1.70141E+38 1.70141E+38 1.70141E+38 1.70141E+38 1.70141E+38 1.70141E+38 1.70141E+38 1.70141E+38 1.70141E+38 1.70141E+38 1.70141E+38 1.70141E+38 1.70141E+38 1.70141E+38 1.70141E+38 1.70141E+38 1.70141E+38 1.70141E+38 1.70141E+38 1.70141E+38 1.70141E+38 1.70141E+38 1.70141E+38 1.70141E+38 1.70141E+38 1.70141E+38 1.70141E+38 1.70141E+38 1.70141E+38 1.70141E+38 1.70141E+38 1.70141E+38 1.70141E+38 1.70141E+38 1.70141E+38 1.70141E+38 1.70141E+38 1.70141E+38 1.70141E+38 1.70141E+38 1.70141E+38 1.70141E+38 1.70141E+38 1.70141E+38 1.70141E+38
1.70141E+38 1.70141E+38 1.70141E+38 1.70141E+38 1.70141E+38 1.70141E+38 1.70141E+38 1.70141E+38 1.70141E+38 1.70141E+38 1.70141E+38 1.70141E+38 1.70141E+38 1.70141E+38 1.70141E+38 1.70141E+38 1.70141E+38 1.70141E+38 1.70141E+38 1.70141E+38 1.70141E+38 1.70141E+38 1.70141E+38 1.70141E+38 1.70141E+38 1.70141E+38 1.70141E+38 1.70141E+38 1.70141E+38 1.70141E+38 1.70141E+38 1.70141E+38 1.70141E+38 1.70141E+38 1.70141E+38 1.70141E+38 1.70141E+38 1.70141E+38 1.70141E+38 1.70141E+38 1.70141E+38 1.70141E+38 1.70141E+38 1.70141E+38 1.70141E+38 1.70141E+38 1.70141E+38 1.70141E+38 1.70141E+38 1.70141E+38 1.70141E+38 1.70141E+38 1.70141E+38 1.70141E+38 1.70141E+38 1.70141E+38 1.70141E+38 1.70141E+38 1.70141E+38 1.70141E+38 1.70141E+38 1.70141E+38
1.70141E+38 1.70141E+38 1.70141E+38 1.70141E+38 1.70141E+38 1.70141E+38 1.70141E+38 1.70141E+38 1.70141E+38 1.70141E+38 1.70141E+38 1.70141E+38 1.70141E+38 1.70141E+38 1.70141E+38 1.70141E+38 1.70141E+38 1.70141E+38 1.70141E+38 1.70141E+38 1.70141E+38 1.70141E+38 1.70141E+38 1.70141E+38 1.70141E+38 1.70141E+38 1.70141E+38 1.70141E+38 1.70141E+38 1.70141E+38 1.70141E+38 1.70141E+38 1.70141E+38 1.70141E+38 1.70141E+38 1.70141E+38 1.70141E+38 1.70141E+38 1.70141E+38 1.70141E+38 1.70141E+38 1.70141E+38 1.70141E+38 1.70141E+38 1.70141E+38 1.70141E+38 1.70141E+38 1.70141E+38 1.70141E+38 1.70141E+38 1.70141E+38 1.70141E+38 1.70141E+38 1.70141E+38 1.70141E+38 1.70141E+38 1.70141E+38 1.70141E+38 1.70141E+38 1.70141E+38 1.70141E+38 1.70141E+38
1.70141E+38 1.70141E+38 1.70141E+38 1.70141E+38 1.70141E+38 1.70141E+38 1.70141E+38 1.70141E+38 1.70141E+38 1.70141E+38 1.70141E+38 1.70141E+38 1.70141E+38 1.70141E+38 1.70141E+38 1.70141E+38 1.70141E+38 1.70141E+38 1.70141E+38 1.70141E+38 1.70141E+38 1.70141E+38 1.70141E+38 1.70141E+38 1.70141E+38 1.70141E+38 1.70141E+38 1.70141E+38 1.70141E+38 1.70141E+38 1.70141E+38 1.70141E+38 1.70141E+38 1.70141E+38 1.70141E+38 1.70141E+38 1.70141E+38 1.70141E+38 1.70141E+38 1.70141E+38 1.70141E+38 1.70141E+38 1.70141E+38 1.70141E+38 1.70141E+38 1.70141E+38 1.70141E+38 1.70141E+38 1.70141E+38 1.70141E+38 1.70141E+38 1.70141E+38 1.70141E+38 1.70141E+38 1.70141E+38 1.70141E+38 1.70141E+38 1.70141E+38 1.70141E+38 1.70141E+38 1.70141E+38 1.70141E+38
1.70141E+38 1.70141E+38 1.70141E+38 1.70141E+38 1.70141E+38 1.70141E+38 1.70141E+38 1.70141E+38 1.70141E+38 1.70141E+38 1.70141E+38 1.70141E+38 1.70141E+38 1.70141E+38 1.70141E+38 1.70141E+38 1.70141E+38 1.70141E+38 1.70141E+38 1.70141E+38 1.70141E+38 1.70141E+38 1.70141E+38 1.70141E+38 1.70141E+38 1.70141E+38 1.70141E+38 1.70141E+38 1.70141E+38 1.70141E+38 1.70141E+38 1.70141E+38 1.70141E+38 1.70141E+38 1.70141E+38 1.70141E+38 1.70141E+38 1.70141E+38 1.70141E+38 1.70141E+38 1.70141E+38 1.70141E+38 1.70141E+38 1.70141E+38 1.70141E+38 1.70141E+38 1.70141E+38 1.70141E+38 1.70141E+38 1.70141E+38 1.70141E+38 1.70141E+38 1.70141E+38 1.70141E+38 1.70141E+38 1.70141E+38 1.70141E+38 1.70141E+38 1.70141E+38 1.70141E+38 1.70141E+38 1.70141E+38
