py_wake/examples/data/AJ_ParqueFicticio/Ridge area   Sector 6   Height 30m   Power density.grd
DSAA
90  129
 262878   265103
 6504214   6507414
 1.120465   330.0371
[rows 54 to 80 of 129, columns 0 to 61 of 90]
181.8394 164.4111 143.7776 120.8766 99.73869 79.80744 62.99803 49.9985 39.56966 32.08444 28.23203 26.08349 23.85379 20.14061 15.74663 11.75699 9.030655 7.897523 7.531172 8.156262 10.40279 13.68963 17.56256 21.45104 24.83487 26.46917 27.60063 30.85448 33.51532 37.00347 44.66595 54.28685 65.64777 79.2511 92.44341 106.3508 122.1777 138.5909 156.5146 175.6858 195.7032 216.4692 235.8583 253.5771 269.4717 280.0917 281.4445 274.6316 262.4984 245.7933 229.2208 210.9562 193.6369 179.7996 169.1885 164.0242 160.7739 159.8186 161.5929 168.0458 179.9191 193.421
190.8382 176.4595 158.6149 137.2418 113.9524 92.68153 75.27983 61.37451 50.60506 43.2073 39.46333 37.60512 34.53508 29.07566 23.02408 17.59918 13.66925 11.24334 10.11195 10.42201 12.24382 15.34799 19.04686 23.12227 27.66494 31.53972 35.51329 39.94624 45.02386 51.53064 59.56093 70.07448 80.41712 89.91346 99.23949 110.1744 125.0488 140.4957 156.5355 173.9901 192.816 212.5312 231.2736 249.1901 265.0394 276.2362 280.2891 276.7856 268.6828 253.429 235.6715 217.4921 200.4336 186.4841 175.1873 169.96 167.2373 166.7013 168.6284 173.8287 181.7961 190.3621
198.7565 188.3128 173.6609 154.125 130.5154 108.1419 89.17879 74.15694 63.00814 55.59111 52.41829 51.57837 49.07164 41.8187 33.71007 26.25267 20.66678 16.71662 14.21745 13.48257 15.11919 18.14281 21.69299 26.46636 32.60841 38.92314 45.24398 51.81146 58.64552 66.7718 76.45406 87.05607 96.94067 104.7583 112.659 122.4181 134.0716 146.9034 160.2673 175.8772 193.8519 212.3636 230.0553 247.2503 262.5148 273.0437 278.6205 277.2643 271.5382 260.9659 243.6693 225.1329 207.4305 192.8705 180.1474 173.0866 170.4733 170.4278 172.0522 175.7195 180.9925 186.7531
206.1843 198.6986 186.6588 169.9856 148.9244 125.6742 105.3712 90.19114 79.03183 71.43046 67.46774 67.55215 66.52998 60.07188 50.09444 39.90826 31.18306 24.98052 20.49731 18.67229 20.14893 23.24088 26.63289 31.64487 38.95997 47.44952 56.03218 64.98264 73.50112 83.42252 94.35337 105.0469 114.3477 122.775 131.71 140.5513 150.0014 159.5375 170.0313 183.6987 200.2371 217.2826 233.6279 249.3517 262.7843 272.259 278.2219 278.08 273.7282 265.6805 252.9924 235.3596 217.3181 201.1185 187.0258 177.0024 173.184 172.2654 172.9441 175.5408 179.1357 182.3938
211.8035 207.1115 197.4991 182.2242 163.688 142.9262 123.6061 106.8205 94.86093 87.90648 85.23632 85.2059 84.53214 78.73789 68.42874 57.48552 47.09831 38.7491 31.47726 28.15564 28.89294 31.33352 34.56207 39.74788 47.62478 57.51249 68.02809 78.52116 89.67556 100.9892 112.6858 124.2304 133.9935 143.1926 152.2093 161.1127 170.0146 178.6499 188.5039 199.8451 213.262 227.93 242.8549 255.9126 267.0214 275.5763 281.2198 281.3243 277.8639 270.1102 260.3042 246.0924 228.5739 212.1532 196.715 184.0495 178.5369 175.3536 174.261 174.5499 175.2703 175.4086
216.8032 215.2797 209.0503 196.4616 179.5524 160.3006 142.0496 125.8755 113.6004 106.0605 103.7054 104.1027 103.8958 98.71841 88.32513 76.89642 65.50153 54.93473 46.50103 41.84013 41.31348 42.29085 45.36655 51.32071 59.76154 70.05553 81.52235 93.34539 105.3837 118.1549 130.5619 143.1841 154.5247 164.491 173.6927 183.0116 191.4085 199.9789 209.391 219.5234 230.4685 242.184 254.0265 264.5632 275.042 282.7863 288.2399 289.3517 285.4259 277.2329 267.2952 255.4135 240.1181 223.2949 206.7815 192.764 184.2012 179.6082 175.6603 172.4172 169.5287 166.4236
221.9387 223.6018 221.0562 212.118 197.6211 180.7729 163.6771 148.7 135.9222 126.8069 123.6386 124.5843 125.2477 121.1878 112.0858 101.7114 90.03374 77.72837 66.89037 59.21352 57.74286 57.95855 59.82838 65.97582 74.7852 85.01048 96.59766 108.6573 121.375 134.5118 147.9527 160.834 173.4338 184.0512 193.3544 202.5962 210.8955 218.8177 227.38 235.9908 245.0498 254.6501 263.6462 272.943 283.2197 290.5234 295.6505 297.907 295.9777 287.224 274.9796 262.6867 249.2574 233.3683 216.0106 200.6243 188.5984 181.6813 175.5894 168.9198 162.3362 156.7599
228.7949 231.8248 231.4197 225.2667 213.7516 199.6103 185.3376 171.9285 159.6047 150.1049 146.1238 145.6962 146.8706 145.7857 139.4454 129.976 118.6261 105.892 93.71539 84.40317 80.21088 78.81135 79.22441 84.44987 93.02135 102.6599 113.1062 124.5743 137.3505 150.038 163.1886 176.2862 187.7186 197.4356 207.2666 216.0163 223.5972 231.7144 239.4692 247.2698 255.396 263.0919 270.1364 277.8503 286.8366 292.7 296.2561 299.4549 300.5053 295.5246 282.8771 268.5414 255.2755 240.7133 223.2983 205.8945 191.1385 179.7405 171.2845 162.7091 153.5456 145.4728
235.2551 240.0901 241.824 239.8962 232.0148 220.9675 208.2849 195.1588 182.9575 173.204 168.0397 167.633 168.3962 167.315 163.4883 155.5212 146.6646 136.3552 126.3463 117.1737 109.7618 107.5188 106.9821 110.4945 116.7878 125.231 134.0434 142.5952 152.9434 164.8639 176.0375 187.7478 197.9882 205.8216 213.8775 222.1184 230.3482 238.3221 245.5861 253.2809 261.1622 268.1779 274.4345 281.2388 287.9936 291.9102 293.282 295.3046 297.9503 297.794 289.3167 274.9876 260.1071 245.6644 229.0564 210.0446 192.5361 178.3941 166.4389 154.9635 143.1089 131.641
237.314 244.2124 248.593 248.5205 243.8647 235.7959 226.0183 215.3407 204.8478 195.4536 188.4418 184.2476 183.3246 183.7844 183.2249 178.6866 172.6068 165.8168 158.5023 151.239 144.8574 140.6655 140.2705 141.6284 146.1043 150.9467 155.2219 160.7684 169.1572 178.0163 187.3217 196.7041 204.5552 211.6928 217.4518 223.7487 231.3609 239.3978 247.1683 254.8447 262.0742 268.8746 275.6155 282.8959 289.0627 291.0664 290.6779 291.2682 292.8254 294.7891 291.9638 280.318 264.9217 250.563 235.0297 215.6459 195.5344 178.9548 164.695 150.5985 135.0764 120.0872
230.6297 239.1393 246.3769 247.2385 242.9572 236.4009 228.0642 218.8897 210.5136 202.7607 196.3089 192.1707 191.0047 192.2867 194.5168 193.5047 188.0629 182.886 179.8569 178.7092 174.0433 168.3681 165.8872 168.0625 171.5123 171.576 172.431 176.8684 182.6394 188.4811 195.792 202.6702 208.5677 214.4486 218.5657 222.226 228.7696 235.9139 243.2978 250.8571 258.4825 265.0826 271.6644 279.3605 287.3285 289.6289 288.0316 287.0966 287.3538 288.8864 289.3571 282.7238 268.5867 254.3474 240.4292 222.4315 200.3142 181.8797 165.2721 149.1241 131.2114 113.6498
215.3128 224.6205 234.7999 238.5367 236.6434 232.2607 225.6154 217.8054 209.8154 202.6573 196.2807 190.9297 188.0025 188.3363 191.3841 192.3254 190.2978 187.6593 186.6309 188.55 186.4725 182.0549 179.899 182.4905 184.5848 184.1712 184.2665 187.0441 190.3878 194.4715 199.3799 203.6545 207.7117 211.3643 214.0744 215.7356 220.6373 226.2724 232.8885 240.6402 248.6178 255.6301 262.3201 270.1299 280.4129 286.0691 285.1258 283.2303 282.1346 282.5717 283.4778 280.8715 269.7948 256.1333 243.3127 228.283 205.3633 185.9118 167.8893 150.6338 131.522 112.3354
195.2935 204.1891 215.1942 223.7088 224.1561 221.3689 215.9831 208.5786 199.9053 191.629 184.016 177.102 172.5431 172.0057 175.9363 179.6819 179.4324 178.9759 179.2408 181.5993 181.975 181.4106 181.0699 182.9116 185.3287 187.0087 188.5884 190.922 193.2534 195.5794 198.4947 200.8481 202.448 204.1257 204.7356 205.4941 208.2357 211.7894 217.4881 225.0723 233.0923 241.7962 249.7614 257.9198 268.7567 278.7051 281.4098 279.632 277.3977 276.768 277.0585 275.9981 267.2059 255.4133 244.1421 232.1184 210.5371 191.0662 172.406 154.4377 134.7195 114.1182
174.0406 181.9006 191.1829 201.1453 206.7428 207.0131 203.0992 195.5229 185.3712 175.0771 165.6219 157.2379 151.572 150.7519 154.8007 161.6785 163.5481 163.1009 163.6649 167.1652 169.8527 170.2953 171.1114 173.8996 176.9194 178.9213 181.3495 184.8147 186.7761 188.954 192.4961 193.9037 193.2766 192.5081 192.0889 193.569 194.4444 195.9165 200.1357 207.0802 215.2226 225.1379 235.3317 244.8969 255.2391 267.5959 274.9087 275.3413 273.0492 271.8601 271.7409 271.1306 263.6787 253.3336 243.7564 234.16 215.8467 197.3537 178.6921 159.9943 139.521 117.8566
152.8874 159.6001 167.0015 174.4768 180.7707 184.5365 183.3038 175.883 164.3405 152.2803 141.9917 133.1584 127.5207 127.0549 130.524 137.3417 143.1419 144.5823 145.2655 148.7808 153.2475 154.6472 155.8597 158.7621 161.976 163.5665 165.6217 168.5085 170.4627 173.1128 176.4237 178.2708 176.9264 174.2225 174.1542 176.616 177.4026 177.8605 180.6786 186.9537 195.9994 206.6564 219.1756 230.8186 241.2097 253.3528 264.6969 269.6989 268.5649 267.4575 267.2917 267.0314 260.5164 251.0537 242.6094 234.6679 219.4232 202.0959 184.3896 165.6838 144.6531 122.2072
133.8856 138.7325 144.3616 148.4224 151.1245 153.103 152.5528 147.0386 137.9956 127.402 117.7968 109.5484 104.2007 102.6169 104.8769 110.2906 116.9461 121.2395 124.4519 127.526 131.443 134.8973 136.7164 138.6971 141.626 144.2997 145.4863 146.037 147.5739 150.1026 152.1893 153.7725 152.6142 149.7556 149.4776 151.1615 152.7799 154.3015 157.9672 164.2569 174.5744 186.5171 200.1945 215.2307 226.8375 238.3844 251.1381 261.2988 263.6776 263.3034 263.6045 263.6148 257.5032 247.8903 239.5446 230.3275 216.2034 199.6848 183.0586 165.6245 146.1362 125.2008
115.9269 119.653 123.8251 125.3614 124.8347 124.5971 123.4163 119.6003 112.5528 103.9477 95.63876 88.14919 82.25595 79.92614 81.42383 85.60563 90.8549 95.60064 100.5717 105.0762 108.443 112.4372 115.8068 117.8655 120.1482 122.0452 123.4591 122.8722 123.1701 123.4054 124.2257 124.4536 123.9585 122.4364 121.2623 120.7346 120.6948 122.2944 127.5422 138.2877 150.7721 164.5813 180.3533 198.098 213.0698 223.8438 236.537 249.4619 256.4747 257.7848 259.4141 260.3554 255.5649 245.911 236.673 225.9199 212.143 195.6535 179.7463 162.585 144.5342 125.7119
97.11018 100.0299 103.7592 104.4929 101.653 99.26209 97.27374 94.1098 88.43636 81.17546 74.19764 66.98396 60.7826 59.06943 60.61483 64.47025 68.34716 72.89728 77.7994 82.49969 86.98093 91.18863 94.30685 96.56078 98.63053 99.81691 100.0555 99.24306 98.41759 97.66656 97.27937 98.08999 98.19391 97.13471 95.72056 93.93993 92.64393 91.03063 92.83669 107.1956 127.6769 144.2049 161.4352 180.425 199.1878 210.9094 222.653 235.8612 246.9515 251.5733 253.9742 255.7157 252.3673 243.7325 234.5668 222.4918 208.8388 192.4461 176.419 159.635 142.4516 124.9917
76.1197 76.40887 79.02084 79.41513 75.69564 72.5731 70.70894 68.63165 64.38949 58.66703 52.78376 46.94665 41.70866 39.8904 41.6301 44.92814 48.78286 53.09206 57.53187 61.79261 66.11406 70.72499 73.80963 75.29928 76.51128 77.31224 77.54714 76.445 75.02312 73.9628 74.38738 75.86966 76.48496 75.78767 73.76789 72.36691 73.0753 71.89874 71.5934 84.01133 108.4061 128.7264 146.9287 166.3755 186.5663 199.9364 210.5228 221.7671 232.8384 239.3587 242.1933 244.3884 243.3084 238.0031 229.7777 218.9802 205.703 189.8738 173.4948 156.8771 139.7564 122.982
51.16897 50.08262 50.72387 50.37165 48.40182 47.56393 47.19468 46.13062 43.4753 39.59888 35.26808 30.75377 26.70161 24.96668 25.53497 28.28209 31.56076 35.75846 39.524 43.28957 47.06057 50.20643 52.71764 53.85633 54.02823 54.27961 54.72667 54.41081 54.01675 53.65638 54.38988 55.63251 58.01086 59.28279 58.21753 58.28563 60.65932 62.53791 66.28531 77.18748 100.038 121.0887 139.5372 158.1472 177.8748 191.5491 200.5309 209.8609 218.774 224.3659 227.6001 230.6319 231.5098 229.1694 223.4191 214.6743 202.709 187.8848 171.7377 154.7883 137.9579 121.2224
29.67732 28.882 29.07253 29.09219 29.44062 30.15942 30.34254 29.71347 28.32083 25.68691 21.86876 18.47136 16.04036 15.34049 15.89813 17.03115 19.71062 22.97337 25.97023 29.57901 33.12015 34.6493 35.09624 36.05688 36.53352 36.36814 35.68413 35.27102 34.84643 35.29811 36.40188 37.44082 41.05672 45.41352 47.4149 49.55427 53.48694 58.95522 66.18475 77.70498 98.10951 117.8334 136.3303 154.3611 172.7568 186.0557 193.2129 200.7322 207.2432 211.7008 214.993 218.6422 220.5701 219.4163 215.4292 208.959 198.708 185.6011 170.8307 154.3053 137.3282 120.2181
18.36298 17.5469 17.52215 18.40293 19.4411 20.1372 20.35106 20.60935 21.23997 20.15138 17.5538 14.50191 11.70036 10.79817 11.96116 13.17801 14.1155 16.4141 19.67939 23.242 26.43415 27.28524 26.38355 25.30628 25.79941 26.56276 25.6804 23.60371 21.93019 22.9571 24.34298 24.67815 27.73377 34.46801 40.50991 45.94356 52.63208 60.42921 68.69804 80.87974 99.79861 117.9642 134.9882 151.7836 169.2423 181.7425 187.9543 194.1103 198.3224 201.031 203.6953 207.1689 208.9142 207.4895 205.1675 201.0728 192.6708 181.5931 169.0316 154.2254 137.5058 120.4788
13.09171 12.99769 13.48831 14.69228 15.97317 16.79141 16.995 17.86511 19.38038 19.02676 17.34875 14.9583 12.53272 11.48291 12.5054 13.4981 13.89966 15.28433 18.19512 21.58473 23.86143 24.22211 23.24187 21.89307 21.86456 22.63077 22.03485 20.28444 18.5013 18.87978 20.405 21.13721 23.90398 31.47898 39.86809 48.5029 57.64185 67.20205 76.21767 88.93579 105.8706 121.8867 137.4088 152.1318 167.9789 179.5383 184.3587 188.971 190.6558 191.3237 192.4952 194 193.5453 192.0206 190.2143 187.5652 182.3373 174.2982 164.858 152.7949 137.5706 121.6992
10.17156 10.78883 12.06375 13.85075 15.6065 17.09875 18.58917 20.11892 21.57269 21.63852 20.67674 18.685 17.46061 16.91098 17.09218 17.85409 18.11376 18.96444 20.32426 22.4162 24.25196 24.93109 24.70689 24.00927 23.72886 23.80404 23.32389 22.29102 21.38571 21.84884 23.03082 24.5433 28.39712 35.72928 44.98149 55.18783 65.93389 77.26577 88.31051 101.6333 116.1458 130.3032 143.4408 155.5549 168.9273 178.5158 182.6004 185.4899 185.0435 183.4148 180.2834 176.9018 174.2754 172.2521 170.2647 168.5607 166.2 161.8023 155.5205 147.2437 135.292 122.6712
9.053388 9.972935 11.7788 14.48197 17.02248 19.12819 21.01278 23.61636 25.67266 26.23259 26.27678 26.35427 25.66906 25.1021 25.06854 25.80586 26.41589 26.07989 25.95979 26.67817 28.10251 28.90124 29.27535 29.66096 29.71063 28.91213 28.06997 27.4565 27.36761 27.75314 28.74343 31.00768 36.02956 43.55056 53.77842 65.01468 76.82411 89.23558 102.1293 115.3096 127.8607 140.4352 151.4379 162.2615 172.7 179.2629 182.3285 183.3154 181.2567 176.2539 167.1931 159.4355 154.4768 150.9175 148.1651 146.7287 146.2514 144.4863 141.5714 136.891 129.5212 121.2305
9.920198 11.14744 13.3379 17.14051 20.50793 22.62969 24.7671 28.38692 31.37006 33.48382 35.43551 36.17686 36.28604 36.22572 37.10138 37.55038 37.4607 36.60685 35.88818 35.61349 36.04354 36.37173 37.10526 38.03725 38.12217 36.85253 35.65977 35.37914 35.26912 35.10652 36.0517 39.17263 44.14117 52.59448 64.21222 76.58782 88.91875 102.1223 115.7613 128.139 139.8148 150.2222 159.4913 169.5943 177.6519 181.4809 183.4134 183.1238 179.5024 169.3772 157.1237 145.8659 137.4518 131.721 127.8068 125.7206 125.0781 124.6744 124.0943 122.8946 119.5411 115.5775
13.34931 15.53703 18.87785 23.41138 27.24864 30.09236 33.21848 36.91836 41.10288 45.05252 48.23944 50.39724 51.90441 52.93756 53.43256 53.56131 52.94173 51.56449 50.46902 49.0447 48.8397 48.97665 49.64356 50.06836 49.80802 48.66173 47.38675 46.5562 45.83632 45.47476 46.60593 49.6853 54.48771 63.31317 75.15254 87.90413 100.5882 114.1593 128.0025 140.2154 151.3086 160.3486 168.7548 176.7508 182.016 184.644 185.6828 184.78 178.938 166.1095 151.6568 137.3589 125.2803 116.2318 109.9189 106.233 104.8206 104.3439 104.4818 104.9837 104.5347 103.7524
