py_wake/examples/data/AJ_ParqueFicticio/Ridge area   Sector 8   Height 200m   Flow inclination.grd
DSAA
90  129
 262878   265103
 6504214   6507414
-21.86246   27.89935
[rows 54 to 80 of 129, columns 0 to 60 of 90]
12.7815 12.82594 12.88559 12.89751 12.96627 13.20737 13.75216 14.45893 15.28397 16.21683 16.82488 16.79519 15.98979 14.99572 14.06748 13.25569 12.62618 12.0527 11.69007 11.62021 11.6267 11.6399 11.64943 11.64694 11.5703 11.54089 11.56257 11.51788 11.53539 11.67567 11.76857 11.82466 11.80723 11.74184 11.74841 11.85275 11.93005 11.95928 11.92876 11.76655 11.41256 10.80207 9.966473 9.091135 7.862574 6.494008 5.274647 4.345294 3.650514 3.209148 3.086473 3.27587 3.806832 4.598625 5.727997 6.220621 6.606718 6.991119 7.256485 7.256468 6.776907
12.48074 12.56973 12.6539 12.70235 12.84391 13.2283 13.80964 14.5416 15.44133 16.394 17.13755 17.32909 16.88857 16.24341 15.58557 14.97355 14.44912 13.96433 13.63834 13.56477 13.58203 13.57401 13.61333 13.67846 13.66571 13.67065 13.67494 13.64077 13.65738 13.7219 13.73443 13.64561 13.45621 13.28798 13.22845 13.23272 13.14947 13.00196 12.86354 12.62448 12.13426 11.34338 10.38443 9.369722 7.940835 6.646517 5.441523 4.475871 3.786105 3.350115 3.226168 3.407739 3.905662 4.599918 5.391866 6.094954 6.4251 6.611314 6.579949 6.210421 5.387251
12.26941 12.29347 12.32724 12.39143 12.68114 13.15749 13.82034 14.65306 15.59755 16.5059 17.18842 17.46152 17.19079 16.87785 16.53672 16.18234 15.83827 15.52102 15.33111 15.3847 15.43023 15.39205 15.43932 15.49392 15.46156 15.39721 15.3397 15.27584 15.29337 15.30653 15.24654 15.0668 14.82991 14.67619 14.57322 14.41685 14.19642 13.91276 13.68612 13.35325 12.7135 11.78335 10.70382 9.465602 8.00148 6.787077 5.609892 4.609832 3.916506 3.484575 3.342603 3.521936 3.985004 4.588275 5.224892 5.845611 6.052713 5.984356 5.678041 5.08265 4.091214
11.94088 11.93029 11.91589 11.97967 12.3287 12.89686 13.65852 14.42834 15.28253 16.16084 16.9299 17.13396 16.99665 16.76135 16.71411 16.76079 16.82924 16.83905 16.87698 17.07228 17.10009 17.00523 17.02126 17.01935 16.8896 16.70395 16.53659 16.41209 16.41168 16.34897 16.23997 16.0461 15.82488 15.62451 15.39727 15.15619 14.85867 14.58775 14.30783 13.84762 13.02195 11.98407 10.77446 9.366385 8.047029 6.869176 5.730543 4.723225 4.02073 3.541937 3.350993 3.485801 3.87782 4.425103 4.960872 5.399691 5.587102 5.280615 4.689199 3.816155 2.614652
11.59634 11.5434 11.5427 11.67904 12.04647 12.59085 13.33539 14.13391 14.96806 15.68026 16.2646 16.45418 16.43962 16.30199 16.43102 16.66887 16.95238 17.2166 17.60798 18.02342 18.11679 18.08667 18.12873 18.06833 17.84793 17.51833 17.23015 17.0305 16.90368 16.7926 16.64855 16.43387 16.1869 15.89395 15.6132 15.27001 14.94359 14.64589 14.27664 13.70326 12.82364 11.71983 10.3854 9.103277 7.984539 6.856515 5.770485 4.774758 4.063622 3.511995 3.237379 3.254984 3.562299 3.996305 4.397097 4.662326 4.69449 4.368162 3.552166 2.446612 1.073682
11.35042 11.29161 11.29867 11.42879 11.7434 12.22715 12.88418 13.60096 14.32048 14.91369 15.4189 15.64933 15.7052 15.72716 16.03075 16.44879 16.90191 17.38752 17.92569 18.42238 18.65874 18.74442 18.7893 18.65464 18.30077 17.8725 17.43901 17.11757 16.89306 16.6797 16.45611 16.19035 15.82923 15.46051 15.10959 14.70358 14.30294 13.9234 13.41761 12.73235 11.91795 10.81295 9.602664 8.577569 7.636736 6.552626 5.513044 4.570343 3.888316 3.288812 2.954795 2.866874 3.02312 3.299049 3.542092 3.63505 3.458749 2.968887 2.143643 .9232933 -.5092285
11.01219 10.88207 10.81305 10.8754 11.13521 11.59151 12.19294 12.81056 13.4235 13.95817 14.37313 14.53152 14.63337 14.84346 15.24912 15.71265 16.24997 16.89209 17.6011 18.30127 18.64493 18.79924 18.91504 18.71392 18.27474 17.76872 17.2421 16.86987 16.52552 16.20399 15.83824 15.39879 14.84479 14.37833 13.95205 13.43503 13.00745 12.58684 12.0044 11.38142 10.61055 9.564762 8.634281 7.793472 6.941668 5.779804 4.766392 3.943551 3.365475 2.830996 2.502618 2.345355 2.365644 2.461646 2.520347 2.419752 2.075307 1.458795 .5755284 -.5901873 -1.998122
10.43287 10.24584 10.10465 10.03707 10.16449 10.4817 10.90721 11.38243 11.9018 12.41459 12.86412 13.17901 13.32263 13.49663 13.89957 14.42712 15.07809 15.87805 16.76283 17.55984 18.02348 18.28884 18.4406 18.2747 17.83531 17.27127 16.71184 16.22922 15.76934 15.32917 14.81992 14.21493 13.50111 12.97841 12.43473 11.90543 11.5039 11.01287 10.45896 9.909616 9.190211 8.31852 7.606541 6.847646 5.990422 4.748808 3.806553 3.108847 2.639117 2.250443 1.96516 1.783777 1.668322 1.568184 1.438706 1.177004 .6966941 -.001248866 -.9222333 -2.063226 -3.401897
9.43087 9.287861 9.196721 9.106937 9.233714 9.527549 9.892783 10.2964 10.72424 11.10163 11.31303 11.37577 11.49696 11.86819 12.36541 12.98691 13.68675 14.46936 15.29312 16.07639 16.65526 16.95728 17.16124 17.08786 16.68546 16.1069 15.56562 15.14441 14.66851 14.11203 13.56049 12.83713 12.11987 11.50713 10.84529 10.30603 9.852521 9.354981 8.882012 8.397224 7.777391 7.106321 6.546141 5.906624 5.055088 3.900422 3.088408 2.490418 2.077384 1.752754 1.476036 1.218952 .974152 .7397044 .4714966 .07813167 -.4762842 -1.18075 -2.069496 -3.160507 -4.451494
8.015224 7.875864 7.633239 7.257411 7.091532 7.138374 7.338509 7.638314 8.010898 8.404832 8.779969 9.142335 9.515343 10.01173 10.58191 11.0913 11.61781 12.29261 13.1611 13.96168 14.48572 14.79089 14.96683 15.06234 14.71788 14.24719 13.89954 13.61544 13.13891 12.61575 12.03787 11.31215 10.62766 9.954844 9.263806 8.725645 8.245896 7.764076 7.342326 6.927999 6.427191 5.904409 5.438828 4.91933 4.140127 3.187302 2.502897 1.982313 1.604012 1.290085 .987282 .6260973 .2571478 -.08049466 -.424867 -.8901646 -1.468573 -2.135283 -2.94069 -3.934492 -5.125819
6.328677 6.126148 5.806202 5.449377 5.321052 5.363672 5.517404 5.737364 6.022751 6.356795 6.708729 7.060845 7.453893 7.931025 8.420342 8.860867 9.44923 10.13505 10.88066 11.42598 11.80291 12.15506 12.4884 12.60504 12.3127 12.11921 12.00798 11.78265 11.37784 10.92408 10.35109 9.660901 8.997688 8.318607 7.64086 7.084084 6.582104 6.128908 5.764444 5.448969 5.098203 4.703747 4.334131 3.935968 3.366013 2.634399 2.063052 1.598716 1.227334 .8849037 .5373232 .04376275 -.4807247 -.9114104 -1.313616 -1.810148 -2.428613 -2.998029 -3.661174 -4.467518 -5.462924
4.57584 4.325921 4.021247 3.716701 3.589682 3.612702 3.710562 3.835723 4.010778 4.259805 4.554821 4.873505 5.281336 5.777695 6.317175 6.808958 7.356551 7.947618 8.523438 8.927754 9.33525 9.750153 10.08753 10.16984 10.07041 10.06582 10.05995 9.883203 9.543429 9.12795 8.579515 7.936104 7.278535 6.610635 5.974127 5.439974 4.937104 4.534922 4.284602 4.110888 3.910957 3.653926 3.410246 3.12077 2.757418 2.213857 1.735625 1.306699 .9258135 .5405899 .1268748 -.4985661 -1.198673 -1.746799 -2.201165 -2.675103 -3.356924 -3.797386 -4.301943 -4.880337 -5.589533
3.048731 2.693765 2.356247 2.123479 1.97754 1.945706 1.960963 1.98746 2.066784 2.246038 2.521348 2.873354 3.364622 3.939952 4.568039 5.095585 5.568699 6.051314 6.527347 6.911314 7.270045 7.619836 7.910252 8.039109 8.052683 8.078545 8.10509 7.962473 7.701839 7.377434 6.9314 6.354715 5.743852 5.160604 4.639388 4.121311 3.636151 3.314843 3.173177 3.093967 3.041524 2.978354 2.851182 2.65282 2.420819 2.051588 1.580293 1.12885 .7067931 .2658275 -.2244028 -.9525967 -1.830806 -2.494838 -2.99516 -3.449126 -4.206031 -4.539334 -4.919402 -5.308177 -5.783942
1.633973 1.177009 .7537459 .4560952 .3858424 .4170301 .4487282 .4601377 .5097598 .7258092 1.085799 1.525956 2.093292 2.714225 3.353497 3.876331 4.278265 4.620408 4.997301 5.365637 5.661114 5.910031 6.141698 6.289161 6.295133 6.264887 6.200572 6.02204 5.815581 5.605591 5.299723 4.817616 4.277946 3.831957 3.495093 3.114581 2.751963 2.545622 2.516176 2.562546 2.631361 2.67082 2.630837 2.497029 2.301443 1.97792 1.508985 1.022341 .5438373 .04021591 -.5250862 -1.333275 -2.339887 -3.107878 -3.682256 -4.153339 -4.987004 -5.273943 -5.575413 -5.815802 -6.079882
.3801993 -.142624 -.6698194 -1.141045 -1.396483 -1.358802 -1.254176 -1.151425 -.9788155 -.6023207 -.05864355 .5787607 1.31316 2.025365 2.618334 3.060097 3.417519 3.707589 3.993979 4.282221 4.497805 4.674114 4.823855 4.920473 4.853823 4.718965 4.567606 4.365143 4.223402 4.063764 3.830869 3.492753 3.135434 2.858081 2.661761 2.441169 2.269876 2.200047 2.265861 2.412385 2.563369 2.679097 2.713454 2.60202 2.366141 2.025402 1.550351 .9869372 .425187 -.1640285 -.8154318 -1.708679 -2.835229 -3.727789 -4.413703 -4.985858 -5.955813 -6.256063 -6.478714 -6.534631 -6.568391
-.6547241 -1.273983 -1.902458 -2.542977 -2.993027 -3.152035 -3.077182 -2.773399 -2.231559 -1.53186 -.7488131 .06917159 .962422 1.763458 2.385186 2.801429 3.063053 3.332397 3.58098 3.745977 3.843659 3.950509 3.992997 3.925908 3.804061 3.667384 3.457861 3.233695 3.127809 3.010352 2.838177 2.669386 2.478324 2.316192 2.197768 2.118924 2.140539 2.263133 2.467249 2.685582 2.857254 2.993303 3.058898 2.908201 2.586654 2.193181 1.704998 1.065528 .3537627 -.3464285 -1.098334 -2.091018 -3.330752 -4.355708 -5.165239 -5.910512 -6.924943 -7.239238 -7.406743 -7.357929 -7.202807
-1.552816 -2.164741 -2.841607 -3.575267 -4.138388 -4.399286 -4.369818 -4.02313 -3.336867 -2.443994 -1.440332 -.4276272 .6473855 1.638175 2.429206 2.936814 3.18358 3.423942 3.651068 3.775957 3.791289 3.716931 3.6432 3.528229 3.346861 3.156322 2.942261 2.748212 2.627916 2.547923 2.510602 2.420295 2.301227 2.218987 2.192984 2.202407 2.295941 2.573737 2.960949 3.321843 3.5231 3.668438 3.728224 3.564991 3.057343 2.498918 1.882774 1.114745 .2335086 -.6535323 -1.538572 -2.615643 -3.90382 -4.994951 -5.861046 -6.743327 -7.647001 -7.994237 -8.145144 -8.060562 -7.765984
-2.30353 -2.837875 -3.440519 -4.124616 -4.778209 -5.215462 -5.395526 -5.227569 -4.606799 -3.579095 -2.268408 -.9054422 .5600762 1.859257 2.832949 3.410458 3.690633 3.888617 4.043132 4.043435 3.964279 3.820939 3.641433 3.494323 3.282114 3.064494 2.838646 2.693466 2.600767 2.562985 2.553559 2.521297 2.450671 2.407237 2.413794 2.473185 2.60137 2.943812 3.532882 4.134789 4.415318 4.570769 4.576725 4.344191 3.628143 2.829042 2.048929 1.145571 .07064887 -1.039639 -2.086514 -3.272506 -4.561324 -5.640733 -6.515244 -7.44898 -8.171379 -8.544507 -8.708652 -8.65085 -8.296366
-2.857369 -3.283643 -3.750876 -4.367424 -5.032489 -5.621301 -6.115068 -6.396697 -6.044691 -4.963844 -3.191429 -1.076331 1.379331 3.397228 4.578268 5.111058 5.081341 4.909969 4.714706 4.542657 4.321156 4.088485 3.816743 3.614619 3.403698 3.205067 2.996499 2.84227 2.747889 2.708409 2.720774 2.7331 2.69528 2.648102 2.640786 2.740236 2.889922 3.214657 3.902048 4.825665 5.289125 5.485693 5.485876 5.144485 4.309677 3.122303 2.114366 .9813685 -.3198709 -1.687099 -2.924754 -4.135104 -5.298454 -6.268054 -7.135984 -8.020705 -8.59288 -8.992792 -9.182002 -9.181385 -8.444883
-3.259183 -3.615747 -3.972743 -4.471231 -5.01405 -5.558938 -6.125383 -6.636645 -6.677988 -5.877607 -4.093157 -1.479847 1.890823 4.894015 6.75074 7.367666 7.393919 6.960856 6.39901 5.832787 5.246608 4.758438 4.286053 3.940697 3.647802 3.41367 3.199855 3.050188 2.965014 2.925421 2.947745 2.985141 2.979007 2.890066 2.826862 2.950273 3.166867 3.536873 4.26348 5.343758 6.017374 6.268698 6.253736 5.796314 4.869819 3.293332 2.089687 .7699352 -.6675981 -2.162245 -3.455761 -4.613977 -5.700332 -6.658438 -7.577449 -8.396762 -8.929122 -9.349784 -9.568885 -9.635612 -5.791771
-3.376674 -3.669266 -3.983094 -4.38767 -4.747436 -4.971231 -5.197001 -5.568693 -5.617281 -5.231478 -3.829975 -1.423336 1.548298 4.308404 6.218577 7.358022 7.815425 7.720953 7.26952 6.665963 5.936428 5.294805 4.73332 4.310983 3.912198 3.569507 3.284893 3.133077 3.048028 3.03439 3.027013 3.05559 3.119436 3.07134 3.048178 3.227561 3.58851 4.153101 4.960382 5.994944 6.644606 6.846622 6.695135 6.077686 5.064414 3.244321 1.924434 .4952693 -1.001695 -2.501426 -3.774422 -4.907115 -5.974985 -6.984665 -7.930513 -8.682145 -9.271307 -9.695977 -9.94019 -10.01175 -9.759473
-3.129442 -3.511489 -3.854869 -4.00336 -3.99728 -3.679387 -2.979682 -3.174728 -4.556523 -5.212417 -5.115214 -3.572984 -.9337611 1.810181 3.43657 4.604387 5.52262 5.971567 6.129363 6.060422 5.636794 5.053024 4.48172 4.031216 3.715857 3.369859 2.988516 2.649683 2.454681 2.542573 2.585404 2.55583 2.77116 3.15772 3.485337 3.904173 4.487653 5.19401 6.043274 6.97468 7.447171 7.45072 7.053519 6.230645 5.056341 3.053142 1.636752 .1197843 -1.419087 -2.877969 -4.117175 -5.225046 -6.308327 -7.368561 -8.2514 -8.947335 -9.603929 -10.06939 -10.35468 -10.41275 -10.18538
-2.558311 -3.021568 -3.305469 -3.15467 -3.379978 -3.279037 -2.08884 -2.767458 -4.959049 -6.059064 -6.381261 -5.88859 -4.566293 -2.337098 -.4920665 .9133808 2.239037 3.44729 4.351703 4.844865 4.750301 4.376722 3.95216 3.59729 3.42349 3.161175 2.755012 2.322476 2.041905 2.180408 2.37674 2.492084 2.966026 3.817688 4.536058 5.207217 5.926123 6.659448 7.45709 8.14373 8.311212 8.006321 7.289743 6.254958 4.869953 2.761633 1.256334 -.3441476 -1.921977 -3.344106 -4.570662 -5.711668 -6.827694 -7.807455 -8.59469 -9.309471 -9.999786 -10.51514 -10.85419 -10.90793 -10.68179
-1.776172 -2.192761 -2.184299 -2.220645 -3.131219 -3.592794 -3.333879 -3.852196 -4.884254 -5.179643 -5.496677 -5.669826 -5.321724 -4.267208 -2.978003 -1.719887 -.396498 1.119292 2.460446 3.383164 3.733659 3.780608 3.710664 3.615593 3.567375 3.410795 3.152792 2.882968 2.802129 3.072629 3.386622 3.786051 4.52361 5.394613 6.197653 6.937944 7.658694 8.33047 8.925503 9.204638 9.016874 8.330528 7.312082 6.084276 4.447687 2.375125 .794829 -.8668815 -2.453015 -3.879996 -5.225805 -6.426889 -7.377571 -8.159114 -8.893762 -9.617086 -10.33944 -10.97964 -11.46894 -11.52114 -11.29923
-.6943396 -.938683 -.72215 -1.226099 -2.167233 -2.278728 -1.774966 -1.674906 -1.789403 -1.784549 -1.885242 -2.011645 -2.14622 -1.982108 -1.655734 -1.117875 -.5074065 .4573514 1.523835 2.496628 3.133285 3.557785 3.867681 4.0663 4.147184 4.125525 4.112129 4.146111 4.336511 4.692859 5.141925 5.744957 6.536076 7.365332 8.107807 8.776563 9.370087 9.847008 10.05384 9.894271 9.347962 8.327079 7.133944 5.728857 3.847973 1.924818 .2825825 -1.409007 -2.979774 -4.493907 -5.916229 -6.960657 -7.687353 -8.315486 -8.934886 -9.593824 -10.34817 -11.18025 -11.79964 -12.03548 -11.88221
.9721716 .9176952 1.09272 .7506782 .452487 .7716892 1.544009 2.0796 2.405061 2.637005 2.69846 2.550747 2.318664 2.000248 1.707731 1.5178 1.440155 1.760651 2.222626 2.794417 3.326599 3.835487 4.305459 4.63319 4.84041 4.999116 5.234149 5.517148 5.865116 6.331606 6.946867 7.650379 8.465559 9.256308 9.851257 10.33483 10.70796 10.88811 10.65897 10.14318 9.227375 8.023755 6.68015 5.050245 3.081191 1.377986 -.2650281 -1.909962 -3.442864 -5.089756 -6.355607 -7.248346 -7.876874 -8.340565 -8.634781 -8.684524 -9.051376 -10.11119 -11.42307 -12.25561 -12.38161
3.643102 3.863053 4.121186 4.143845 4.316977 4.888169 5.622721 6.161489 6.480408 6.638491 6.661258 6.440108 6.077307 5.397711 4.725259 4.198547 3.736622 3.674355 3.718203 3.884527 4.135591 4.479663 4.882415 5.241721 5.581078 5.899591 6.287299 6.722545 7.216588 7.821521 8.538598 9.303971 10.12974 10.79464 11.20131 11.46138 11.55877 11.39038 10.79911 9.959569 8.797047 7.532988 6.005163 4.199378 2.343785 .7743166 -.8194351 -2.362237 -3.905198 -5.463112 -6.515989 -7.302901 -7.86484 -8.183987 -7.408634 -6.105066 -5.672171 -6.223068 -8.210529 -11.4827 -12.70834
