py_wake/examples/data/AJ_ParqueFicticio/Ridge area   Sector 1   Height 200m   Orographic turn.grd
DSAA
90  129
 262878   265103
 6504214   6507414
-47.65217   16.78557
[rows 81 to 107 of 129, columns 0 to 60 of 90]
-1.700014 -1.625107 -1.433808 -1.195058 -.908165 -.6598942 -.5686702 -.6155512 -.6411874 -.5601553 -.4498147 -.41213 -.481831 -.6381472 -.8857411 -1.169128 -1.454499 -1.728508 -1.875743 -1.831324 -1.745968 -1.687525 -1.755819 -1.900109 -2.066646 -2.159945 -2.17531 -2.074541 -1.803932 -1.355262 -.7497566 .03245876 .9632428 1.877216 2.668544 3.2797 3.775613 4.220106 4.623122 4.939919 5.226573 5.588596 5.887312 6.028857 6.05401 5.96101 5.80171 5.56468 5.299169 4.758736 4.165574 3.512316 2.787532 2.019644 1.188237 .338879 -.4863099 -1.253416 -1.939066 -2.519114 -2.978607
-.8463442 -.7051814 -.4970996 -.2456204 .02465036 .2198896 .3002788 .2644564 .2109135 .2640958 .3331972 .2791937 .1381002 -.01170779 -.2204058 -.5292214 -.8667783 -1.115577 -1.234748 -1.180623 -1.152613 -1.213279 -1.339057 -1.473504 -1.582039 -1.604858 -1.569319 -1.445235 -1.15766 -.7055785 -.08392034 .717697 1.654147 2.549501 3.294039 3.888806 4.400445 4.875074 5.264175 5.517525 5.716795 5.865467 5.913839 5.88755 5.770819 5.546886 5.273092 4.913125 4.551914 3.978526 3.433522 2.85977 2.268648 1.681042 1.092489 .4926262 -.1185492 -.7208188 -1.304947 -1.861136 -2.349082
-.08656331 .0807297 .2965252 .5271139 .7796776 .9884278 1.05182 1.012127 1.016956 1.108334 1.161192 1.09406 .8897474 .5356662 .1325048 -.1997255 -.4533669 -.5968572 -.6729967 -.7637715 -.9056087 -1.003952 -1.085818 -1.142689 -1.188141 -1.200206 -1.15981 -1.017735 -.7358837 -.3049268 .3010258 1.13184 2.111944 3.032261 3.80912 4.47965 5.063866 5.603252 5.973883 6.158356 6.22533 6.149225 5.975901 5.731482 5.432073 5.053288 4.638532 4.145135 3.590122 2.993678 2.484997 2.001803 1.578671 1.177836 .7930152 .3979807 .008647555 -.3715689 -.7409332 -1.108759 -1.497685
.686069 .8551724 1.036612 1.226812 1.473227 1.65854 1.69466 1.671587 1.717764 1.808969 1.831728 1.748561 1.468575 .9621121 .4244243 .02142821 -.21643 -.3253258 -.4349538 -.6335205 -.8315818 -.9281995 -.9546979 -.936652 -.9164756 -.8943537 -.8289531 -.6826136 -.4096108 .006520841 .6290247 1.511843 2.521078 3.46904 4.293706 5.024302 5.696962 6.294159 6.659895 6.810719 6.764011 6.47126 6.048223 5.585554 5.093254 4.538445 3.945687 3.300771 2.556472 1.930686 1.432686 1.009597 .7079675 .4626234 .2388576 -.01523164 -.2442503 -.452035 -.5940414 -.6718073 -.8180373
1.514781 1.657179 1.783266 1.940268 2.133721 2.253825 2.277946 2.25836 2.26421 2.295835 2.272647 2.100472 1.692146 1.073787 .4621042 .03447668 -.2033542 -.3488281 -.5045266 -.7388432 -.9154416 -.959528 -.919429 -.8137681 -.6806726 -.569539 -.4316348 -.2520605 .02709251 .4602167 1.115202 1.990312 2.980783 3.941548 4.798045 5.534856 6.236513 6.861721 7.240389 7.408815 7.305126 6.889969 6.234467 5.495284 4.783444 4.029143 3.220729 2.340366 1.487403 .8555708 .3428813 -.05629336 -.2916109 -.4320651 -.5316098 -.6660543 -.7927505 -.9013184 -.9048267 -.763043 -.558356
2.276881 2.412181 2.529868 2.660779 2.779176 2.837356 2.849749 2.802953 2.681201 2.501096 2.259219 1.932148 1.499831 .9610617 .3879302 -.1136772 -.4349497 -.6417392 -.8210687 -.9942642 -1.104878 -1.090759 -.9547648 -.6957937 -.3822999 -.1241898 .1391481 .3974177 .6945894 1.156656 1.834441 2.6508 3.549227 4.47428 5.281651 5.975543 6.678319 7.289581 7.676475 7.848953 7.720602 7.295415 6.597167 5.664003 4.64245 3.56716 2.466967 1.420106 .5106367 -.1790497 -.7342557 -1.136042 -1.365517 -1.455208 -1.453679 -1.463811 -1.511936 -1.584751 -1.561141 -1.347394 -.9046962
3.041062 3.147643 3.240568 3.313686 3.287056 3.178231 3.054548 2.926248 2.753224 2.429107 1.994926 1.535601 1.052101 .5283988 -.001729741 -.4629827 -.826915 -1.093978 -1.258993 -1.379901 -1.387276 -1.248889 -.9303543 -.4664021 .05150301 .4885712 .9097072 1.2682 1.63548 2.136457 2.768943 3.491055 4.296331 5.081816 5.760695 6.390669 7.025488 7.578102 7.953588 8.092039 7.926802 7.45092 6.692388 5.710544 4.549481 3.302158 2.049273 .8452579 -.2128699 -1.075439 -1.748929 -2.219254 -2.48332 -2.542515 -2.467187 -2.375042 -2.346611 -2.390364 -2.398593 -2.25795 -1.862172
3.638379 3.692988 3.732945 3.736016 3.593555 3.329954 3.06527 2.799591 2.496587 2.062526 1.508666 .9256789 .3638157 -.1704854 -.6780294 -1.1029 -1.458215 -1.692873 -1.791174 -1.781127 -1.627921 -1.268418 -.7302654 -.061626 .6499338 1.269714 1.816955 2.252852 2.667003 3.167905 3.753763 4.405734 5.124568 5.763742 6.296546 6.815061 7.344522 7.792413 8.089486 8.189836 7.996474 7.437685 6.631311 5.612788 4.406174 3.071618 1.702441 .3690613 -.8697771 -1.926391 -2.688416 -3.204412 -3.471607 -3.525747 -3.462553 -3.368476 -3.309964 -3.309757 -3.313187 -3.241013 -3.003963
4.058711 4.037024 3.987508 3.900023 3.677202 3.288236 2.819581 2.351638 1.860692 1.291758 .6573852 .03715621 -.569181 -1.138335 -1.623131 -1.992201 -2.273094 -2.350066 -2.291998 -2.08622 -1.72537 -1.127549 -.3534144 .5060336 1.369202 2.121912 2.765709 3.290107 3.764449 4.276414 4.814273 5.368756 5.941672 6.418144 6.82293 7.203539 7.587469 7.893485 8.075685 8.13572 7.894091 7.326288 6.531542 5.532991 4.289125 2.8272 1.309039 -.131809 -1.395002 -2.503427 -3.380021 -3.943204 -4.229024 -4.33809 -4.383581 -4.38408 -4.364601 -4.348272 -4.329767 -4.247913 -4.082767
4.338526 4.208382 4.010348 3.761516 3.380882 2.857211 2.247086 1.605304 .9533204 .2950604 -.3755167 -1.03738 -1.686347 -2.239135 -2.631518 -2.821773 -2.880352 -2.821467 -2.606412 -2.256611 -1.718103 -.9054006 .07312953 1.094688 2.094524 2.965557 3.723539 4.36991 4.928053 5.469899 5.989275 6.452773 6.835876 7.130518 7.405544 7.651834 7.84708 7.92161 7.939834 7.866261 7.617308 6.999239 6.13549 5.13941 3.972969 2.634908 1.183593 -.2713772 -1.635707 -2.847785 -3.793202 -4.415216 -4.762308 -4.999522 -5.216221 -5.398915 -5.494011 -5.482202 -5.434724 -5.352894 -5.1813
4.515937 4.294828 3.940529 3.417055 2.799754 2.114903 1.380544 .6494845 -.07270415 -.7699771 -1.410377 -2.005579 -2.562803 -2.981243 -3.185469 -3.116614 -2.977501 -2.792329 -2.436695 -1.962121 -1.345264 -.3948726 .6415446 1.733969 2.796464 3.770726 4.655282 5.413351 6.055062 6.657701 7.189836 7.590373 7.806469 7.903656 8.03605 8.183743 8.247622 8.109951 7.834352 7.515177 7.004203 6.440169 5.739599 4.840937 3.703267 2.392884 1.007338 -.3846953 -1.723527 -2.92032 -3.888664 -4.595889 -5.121964 -5.590445 -5.998348 -6.296732 -6.469069 -6.56029 -6.633993 -6.64659 -6.435525
4.565984 4.141046 3.61065 2.886128 2.070411 1.265911 .4593049 -.3348189 -1.056199 -1.669247 -2.185509 -2.622786 -2.895961 -3.012392 -2.978364 -2.776327 -2.537571 -2.205166 -1.734519 -1.209383 -.5173558 .4160429 1.423419 2.455497 3.473817 4.4938 5.483376 6.33745 7.017637 7.642042 8.16072 8.537319 8.710962 8.676429 8.624071 8.583134 8.473439 8.2141 7.77735 7.229072 6.600062 5.98998 5.252356 4.371829 3.343755 2.179965 .9293332 -.3528677 -1.597885 -2.758113 -3.786858 -4.685421 -5.43502 -6.074759 -6.597164 -6.985451 -7.259729 -7.485907 -7.685576 -7.753373 -7.543331
4.374913 3.743366 3.001931 2.141296 1.232823 .3527384 -.4704078 -1.199315 -1.810264 -2.230404 -2.51615 -2.696792 -2.70889 -2.624709 -2.420563 -2.147185 -1.845818 -1.414106 -.8955813 -.3224266 .3896809 1.242383 2.20201 3.164238 4.167188 5.211522 6.231414 7.111167 7.812415 8.417268 8.872852 9.178986 9.308539 9.224505 9.052372 8.830182 8.536866 8.108737 7.549463 6.880397 6.175537 5.489004 4.807403 4.003816 3.062543 2.044645 .9229128 -.2572332 -1.418195 -2.55137 -3.61693 -4.570669 -5.435392 -6.219947 -6.848274 -7.33239 -7.766101 -8.140881 -8.408308 -8.526443 -8.392792
3.882275 3.066432 2.215424 1.343079 .5032917 -.3197826 -1.126358 -1.757727 -2.093992 -2.295397 -2.399004 -2.358311 -2.214578 -2.016426 -1.727876 -1.411062 -1.035564 -.5714594 -.05107803 .53855 1.208213 1.996501 2.883647 3.817303 4.810565 5.867464 6.896193 7.759727 8.474291 9.041693 9.412199 9.617168 9.692794 9.545343 9.272889 8.882274 8.402766 7.810171 7.13713 6.400617 5.686414 5.033569 4.356429 3.64993 2.863998 2.00057 1.057241 .02590927 -1.090736 -2.230506 -3.323562 -4.349528 -5.306929 -6.112955 -6.782359 -7.388325 -7.945613 -8.414001 -8.760284 -8.961889 -8.986864
3.24666 2.430019 1.585618 .7616999 -.01476965 -.7251056 -1.260996 -1.63138 -1.762455 -1.81354 -1.814153 -1.671416 -1.478747 -1.230843 -.911135 -.5664217 -.1809261 .2649623 .7712256 1.32401 1.959182 2.718904 3.570997 4.446718 5.365 6.391753 7.390012 8.233235 8.958202 9.52337 9.86169 9.953566 9.845585 9.555951 9.160749 8.643355 8.003717 7.29433 6.551516 5.801119 5.081201 4.446881 3.885261 3.317781 2.666343 1.938821 1.129079 .2220698 -.7800424 -1.832288 -2.890821 -3.928543 -4.884681 -5.708513 -6.412275 -7.044755 -7.669408 -8.241031 -8.711205 -9.06688 -9.283675
2.655098 1.89187 1.132616 .4325485 -.18251 -.6263602 -.8952522 -1.062806 -1.059635 -1.022087 -.9333065 -.7634166 -.540301 -.2665203 .03529282 .3689701 .7434144 1.174617 1.647793 2.155961 2.74247 3.455055 4.271643 5.067817 5.869589 6.767736 7.652741 8.474212 9.209297 9.790391 10.13544 10.19839 9.981475 9.549739 8.993899 8.310651 7.508152 6.655506 5.809596 5.001967 4.336061 3.80245 3.330559 2.869468 2.380414 1.846026 1.211346 .465236 -.4059131 -1.376601 -2.403809 -3.440227 -4.37675 -5.132545 -5.800077 -6.42933 -7.083179 -7.761346 -8.430737 -9.039247 -9.53251
2.181714 1.545339 .9490216 .4100461 -.005369907 -.231943 -.3239329 -.3237689 -.2222622 -.1056048 .04349475 .2247626 .4562747 .7196419 1.01484 1.360578 1.753257 2.180986 2.612622 3.062047 3.608292 4.265061 4.975647 5.644884 6.338132 7.058807 7.77824 8.506474 9.22762 9.834908 10.21274 10.28774 10.04223 9.515284 8.804856 7.94376 6.966075 5.962701 5.008501 4.17906 3.543553 3.065359 2.671602 2.333695 2.019469 1.682965 1.264566 .7182643 .005440039 -.8815694 -1.850347 -2.805285 -3.677272 -4.423665 -5.056563 -5.65465 -6.317945 -7.088072 -7.929319 -8.735517 -9.41691
1.941776 1.433817 .988183 .6035737 .3744633 .3168799 .3609439 .4947452 .6652635 .8471105 1.040229 1.255241 1.515488 1.815914 2.143192 2.494408 2.888094 3.325178 3.75048 4.186393 4.65338 5.165614 5.666477 6.164889 6.722206 7.281565 7.850566 8.458424 9.089818 9.655425 10.02083 10.10354 9.869852 9.332224 8.553402 7.567669 6.446447 5.321188 4.263469 3.337286 2.660604 2.233617 1.946348 1.731783 1.57835 1.465341 1.27271 .9203572 .3739668 -.3767711 -1.227656 -2.106527 -2.907971 -3.587937 -4.163269 -4.709268 -5.345048 -6.134642 -7.0779 -8.060966 -8.915844
1.900107 1.522004 1.213236 .9702095 .8923933 .9557972 1.111231 1.333037 1.560423 1.789028 2.022112 2.268267 2.546911 2.859126 3.213288 3.595905 3.998118 4.413544 4.823703 5.240309 5.636954 6.007311 6.330171 6.673857 7.08219 7.47587 7.874192 8.364254 8.931289 9.44392 9.76812 9.841917 9.604947 9.05081 8.212874 7.138128 5.923446 4.7062 3.559091 2.557246 1.838817 1.402349 1.138286 .9945142 .9551105 1.005054 1.046901 .9523785 .6513122 .1371522 -.542612 -1.318562 -2.076977 -2.704903 -3.234125 -3.729609 -4.305057 -5.021451 -5.903175 -6.948025 -8.01044
1.70141E+38 1.70141E+38 1.70141E+38 1.70141E+38 1.70141E+38 1.70141E+38 1.70141E+38 1.70141E+38 1.70141E+38 1.70141E+38 1.70141E+38 1.70141E+38 1.70141E+38 1.70141E+38 1.70141E+38 1.70141E+38 1.70141E+38 1.70141E+38 1.70141E+38 1.70141E+38 1.70141E+38 1.70141E+38 1.70141E+38 1.70141E+38 1.70141E+38 1.70141E+38 1.70141E+38 1.70141E+38 1.70141E+38 1.70141E+38 1.70141E+38 1.70141E+38 1.70141E+38 1.70141E+38 1.70141E+38 1.70141E+38 1.70141E+38 1.70141E+38 1.70141E+38 1.70141E+38 1.70141E+38 1.70141E+38 1.70141E+38 1.70141E+38 1.70141E+38 1.70141E+38 1.70141E+38 1.70141E+38 1.70141E+38 1.70141E+38 1.70141E+38 1.70141E+38 1.70141E+38 1.70141E+38 1.70141E+38 1.70141E+38 1.70141E+38 1.70141E+38 1.70141E+38 1.70141E+38 1.70141E+38
1.70141E+38 1.70141E+38 1.70141E+38 1.70141E+38 1.70141E+38 1.70141E+38 1.70141E+38 1.70141E+38 1.70141E+38 1.70141E+38 1.70141E+38 1.70141E+38 1.70141E+38 1.70141E+38 1.70141E+38 1.70141E+38 1.70141E+38 1.70141E+38 1.70141E+38 1.70141E+38 1.70141E+38 1.70141E+38 1.70141E+38 1.70141E+38 1.70141E+38 1.70141E+38 1.70141E+38 1.70141E+38 1.70141E+38 1.70141E+38 1.70141E+38 1.70141E+38 1.70141E+38 1.70141E+38 1.70141E+38 1.70141E+38 1.70141E+38 1.70141E+38 1.70141E+38 1.70141E+38 1.70141E+38 1.70141E+38 1.70141E+38 1.70141E+38 1.70141E+38 1.70141E+38 1.70141E+38 1.70141E+38 1.70141E+38 1.70141E+38 1.70141E+38 1.70141E+38 1.70141E+38 1.70141E+38 1.70141E+38 1.70141E+38 1.70141E+38 1.70141E+38 1.70141E+38 1.70141E+38 1.70141E+38
1.70141E+38 1.70141E+38 1.70141E+38 1.70141E+38 1.70141E+38 1.70141E+38 1.70141E+38 1.70141E+38 1.70141E+38 1.70141E+38 1.70141E+38 1.70141E+38 1.70141E+38 1.70141E+38 1.70141E+38 1.70141E+38 1.70141E+38 1.70141E+38 1.70141E+38 1.70141E+38 1.70141E+38 1.70141E+38 1.70141E+38 1.70141E+38 1.70141E+38 1.70141E+38 1.70141E+38 1.70141E+38 1.70141E+38 1.70141E+38 1.70141E+38 1.70141E+38 1.70141E+38 1.70141E+38 1.70141E+38 1.70141E+38 1.70141E+38 1.70141E+38 1.70141E+38 1.70141E+38 1.70141E+38 1.70141E+38 1.70141E+38 1.70141E+38 1.70141E+38 1.70141E+38 1.70141E+38 1.70141E+38 1.70141E+38 1.70141E+38 1.70141E+38 1.70141E+38 1.70141E+38 1.70141E+38 1.70141E+38 1.70141E+38 1.70141E+38 1.70141E+38 1.70141E+38 1.70141E+38 1.70141E+38
1.70141E+38 1.70141E+38 1.70141E+38 1.70141E+38 1.70141E+38 1.70141E+38 1.70141E+38 1.70141E+38 1.70141E+38 1.70141E+38 1.70141E+38 1.70141E+38 1.70141E+38 1.70141E+38 1.70141E+38 1.70141E+38 1.70141E+38 1.70141E+38 1.70141E+38 1.70141E+38 1.70141E+38 1.70141E+38 1.70141E+38 1.70141E+38 1.70141E+38 1.70141E+38 1.70141E+38 1.70141E+38 1.70141E+38 1.70141E+38 1.70141E+38 1.70141E+38 1.70141E+38 1.70141E+38 1.70141E+38 1.70141E+38 1.70141E+38 1.70141E+38 1.70141E+38 1.70141E+38 1.70141E+38 1.70141E+38 1.70141E+38 1.70141E+38 1.70141E+38 1.70141E+38 1.70141E+38 1.70141E+38 1.70141E+38 1.70141E+38 1.70141E+38 1.70141E+38 1.70141E+38 1.70141E+38 1.70141E+38 1.70141E+38 1.70141E+38 1.70141E+38 1.70141E+38 1.70141E+38 1.70141E+38
1.70141E+38 1.70141E+38 1.70141E+38 1.70141E+38 1.70141E+38 1.70141E+38 1.70141E+38 1.70141E+38 1.70141E+38 1.70141E+38 1.70141E+38 1.70141E+38 1.70141E+38 1.70141E+38 1.70141E+38 1.70141E+38 1.70141E+38 1.70141E+38 1.70141E+38 1.70141E+38 1.70141E+38 1.70141E+38 1.70141E+38 1.70141E+38 1.70141E+38 1.70141E+38 1.70141E+38 1.70141E+38 1.70141E+38 1.70141E+38 1.70141E+38 1.70141E+38 1.70141E+38 1.70141E+38 1.70141E+38 1.70141E+38 1.70141E+38 1.70141E+38 1.70141E+38 1.70141E+38 1.70141E+38 1.70141E+38 1.70141E+38 1.70141E+38 1.70141E+38 1.70141E+38 1.70141E+38 1.70141E+38 1.70141E+38 1.70141E+38 1.70141E+38 1.70141E+38 1.70141E+38 1.70141E+38 1.70141E+38 1.70141E+38 1.70141E+38 1.70141E+38 1.70141E+38 1.70141E+38 1.70141E+38
1.70141E+38 1.70141E+38 1.70141E+38 1.70141E+38 1.70141E+38 1.70141E+38 1.70141E+38 1.70141E+38 1.70141E+38 1.70141E+38 1.70141E+38 1.70141E+38 1.70141E+38 1.70141E+38 1.70141E+38 1.70141E+38 1.70141E+38 1.70141E+38 1.70141E+38 1.70141E+38 1.70141E+38 1.70141E+38 1.70141E+38 1.70141E+38 1.70141E+38 1.70141E+38 1.70141E+38 1.70141E+38 1.70141E+38 1.70141E+38 1.70141E+38 1.70141E+38 1.70141E+38 1.70141E+38 1.70141E+38 1.70141E+38 1.70141E+38 1.70141E+38 1.70141E+38 1.70141E+38 1.70141E+38 1.70141E+38 1.70141E+38 1.70141E+38 1.70141E+38 1.70141E+38 1.70141E+38 1.70141E+38 1.70141E+38 1.70141E+38 1.70141E+38 1.70141E+38 1.70141E+38 1.70141E+38 1.70141E+38 1.70141E+38 1.70141E+38 1.70141E+38 1.70141E+38 1.70141E+38 1.70141E+38
1.70141E+38 1.70141E+38 1.70141E+38 1.70141E+38 1.70141E+38 1.70141E+38 1.70141E+38 1.70141E+38 1.70141E+38 1.70141E+38 1.70141E+38 1.70141E+38 1.70141E+38 1.70141E+38 1.70141E+38 1.70141E+38 1.70141E+38 1.70141E+38 1.70141E+38 1.70141E+38 1.70141E+38 1.70141E+38 1.70141E+38 1.70141E+38 1.70141E+38 1.70141E+38 1.70141E+38 1.70141E+38 1.70141E+38 1.70141E+38 1.70141E+38 1.70141E+38 1.70141E+38 1.70141E+38 1.70141E+38 1.70141E+38 1.70141E+38 1.70141E+38 1.70141E+38 1.70141E+38 1.70141E+38 1.70141E+38 1.70141E+38 1.70141E+38 1.70141E+38 1.70141E+38 1.70141E+38 1.70141E+38 1.70141E+38 1.70141E+38 1.70141E+38 1.70141E+38 1.70141E+38 1.70141E+38 1.70141E+38 1.70141E+38 1.70141E+38 1.70141E+38 1.70141E+38 1.70141E+38 1.70141E+38
1.70141E+38 1.70141E+38 1.70141E+38 1.70141E+38 1.70141E+38 1.70141E+38 1.70141E+38 1.70141E+38 1.70141E+38 1.70141E+38 1.70141E+38 1.70141E+38 1.70141E+38 1.70141E+38 1.70141E+38 1.70141E+38 1.70141E+38 1.70141E+38 1.70141E+38 1.70141E+38 1.70141E+38 1.70141E+38 1.70141E+38 1.70141E+38 1.70141E+38 1.70141E+38 1.70141E+38 1.70141E+38 1.70141E+38 1.70141E+38 1.70141E+38 1.70141E+38 1.70141E+38 1.70141E+38 1.70141E+38 1.70141E+38 1.70141E+38 1.70141E+38 1.70141E+38 1.70141E+38 1.70141E+38 1.70141E+38 1.70141E+38 1.70141E+38 1.70141E+38 1.70141E+38 1.70141E+38 1.70141E+38 1.70141E+38 1.70141E+38 1.70141E+38 1.70141E+38 1.70141E+38 1.70141E+38 1.70141E+38 1.70141E+38 1.70141E+38 1.70141E+38 1.70141E+38 1.70141E+38 1.70141E+38
