py_wake/examples/data/AJ_ParqueFicticio/Ridge area   Sector 12   Height 30m   Orographic turn.grd
DSAA
90  129
 262878   265103
 6504214   6507414
-14.51735   22.509
[rows 27 to 53 of 129, columns 0 to 59 of 90]
-1.487831 -1.616813 -1.817319 -2.034992 -2.286513 -2.563895 -2.824877 -3.05293 -3.213998 -3.26076 -3.169997 -2.974522 -2.740947 -2.548984 -2.441212 -2.422804 -2.477988 -2.553291 -2.581754 -2.579535 -2.608139 -2.647142 -2.783068 -3.014329 -3.28054 -3.602986 -3.983469 -4.456191 -4.919483 -5.305172 -5.643569 -5.914911 -6.249761 -6.597607 -6.93331 -7.335971 -7.836798 -8.414329 -9.115025 -9.829331 -10.48194 -11.14091 -11.73494 -12.18432 -12.44238 -12.53358 -12.44313 -12.26388 -11.99623 -11.61602 -10.88269 -9.283674 -6.714977 -3.425362 -.05190359 3.071983 6.097281 9.315714 12.53897 15.59141
-1.43342 -1.54678 -1.724994 -1.921636 -2.164419 -2.437856 -2.697783 -2.943186 -3.142462 -3.241032 -3.194122 -3.067275 -2.948794 -2.885054 -2.884702 -2.948367 -3.054168 -3.16838 -3.245008 -3.323158 -3.484698 -3.702546 -4.029998 -4.438853 -4.824704 -5.220834 -5.647531 -6.114056 -6.538481 -6.856692 -7.114845 -7.317514 -7.544937 -7.792182 -8.037912 -8.348713 -8.761037 -9.260559 -9.893851 -10.51322 -11.10824 -11.73036 -12.33002 -12.77115 -13.049 -13.1237 -12.99187 -12.7726 -12.49009 -12.07801 -11.29351 -9.55299 -6.750527 -3.253454 .147567 3.074805 6.0485 9.452208 12.70049 15.57838
-1.432405 -1.534162 -1.691899 -1.865356 -2.090088 -2.336061 -2.566885 -2.795287 -2.995576 -3.12738 -3.132132 -3.096237 -3.075052 -3.108137 -3.182369 -3.293239 -3.432965 -3.592383 -3.766703 -4.008887 -4.395075 -4.874408 -5.453722 -6.075798 -6.609522 -7.120535 -7.630846 -8.110121 -8.501253 -8.776189 -8.985671 -9.115369 -9.226024 -9.352205 -9.455991 -9.633507 -9.890545 -10.2357 -10.72902 -11.21346 -11.71023 -12.25423 -12.79047 -13.13425 -13.41879 -13.54282 -13.4353 -13.19777 -12.92326 -12.51856 -11.6852 -9.777331 -6.733997 -3.078286 .3237057 3.09671 6.017376 9.521796 12.81038 15.38519
-1.502143 -1.602151 -1.748383 -1.908621 -2.124433 -2.342634 -2.528801 -2.703639 -2.884169 -3.044846 -3.110682 -3.142175 -3.162108 -3.209669 -3.282237 -3.380397 -3.522465 -3.760549 -4.108271 -4.587973 -5.20735 -5.941058 -6.735837 -7.507835 -8.176461 -8.829858 -9.425588 -9.924944 -10.34742 -10.6573 -10.87054 -11.02577 -11.15176 -11.16452 -11.07435 -11.05975 -11.13328 -11.27457 -11.54878 -11.84611 -12.18208 -12.59304 -12.99596 -13.24963 -13.49335 -13.67354 -13.68379 -13.49049 -13.27863 -12.91078 -12.0136 -9.945873 -6.726353 -2.991482 .5012292 3.243853 5.862123 9.140878 12.47677 14.65294
-1.703052 -1.813996 -1.964368 -2.126419 -2.342605 -2.542632 -2.702909 -2.839457 -3.004781 -3.156298 -3.217651 -3.241204 -3.245099 -3.247359 -3.251518 -3.28237 -3.405849 -3.713339 -4.201137 -4.831523 -5.589809 -6.421273 -7.257741 -8.049774 -8.79139 -9.52757 -10.24925 -10.9133 -11.51026 -11.97898 -12.30684 -12.51472 -12.63979 -12.61821 -12.48316 -12.34593 -12.25875 -12.23085 -12.30838 -12.44179 -12.67024 -13.01874 -13.32289 -13.4968 -13.67045 -13.78839 -13.88608 -13.75741 -13.55946 -13.18896 -12.23314 -10.07431 -6.775576 -3.124647 .3950559 3.131055 5.260782 7.796003 10.79316 13.14685
-1.986814 -2.114763 -2.280234 -2.460978 -2.696651 -2.899045 -3.052649 -3.167018 -3.298576 -3.393965 -3.409522 -3.382496 -3.325243 -3.244078 -3.155744 -3.111879 -3.220582 -3.596986 -4.183433 -4.893194 -5.673189 -6.456659 -7.239778 -8.017071 -8.763409 -9.53703 -10.37523 -11.21207 -11.99847 -12.67594 -13.13543 -13.4168 -13.58224 -13.64756 -13.60591 -13.47817 -13.30061 -13.15718 -13.07652 -13.0807 -13.23941 -13.54118 -13.79 -13.91128 -14.00226 -14.04029 -14.06346 -13.97998 -13.74524 -13.35595 -12.35533 -10.167 -6.856457 -3.316736 .1767783 3.0801 4.91381 6.771667 9.09699 11.33435
-2.344389 -2.485213 -2.662587 -2.860105 -3.11367 -3.310633 -3.446358 -3.52685 -3.591519 -3.604768 -3.554538 -3.463077 -3.332904 -3.160125 -2.989248 -2.90502 -3.040967 -3.479941 -4.103384 -4.800513 -5.503449 -6.214138 -6.941508 -7.675112 -8.425402 -9.245458 -10.11993 -11.01738 -11.93954 -12.73393 -13.34136 -13.83798 -14.11898 -14.27801 -14.38508 -14.32159 -14.12778 -13.96446 -13.80464 -13.72422 -13.80548 -14.00603 -14.18535 -14.30692 -14.32359 -14.33106 -14.22802 -14.12074 -13.864 -13.39109 -12.31713 -10.16868 -6.912451 -3.414479 -.1356105 2.696872 4.596476 6.151699 7.934529 9.738035
-2.755795 -2.886758 -3.054437 -3.246274 -3.48993 -3.643907 -3.72359 -3.725966 -3.680426 -3.590274 -3.454232 -3.28378 -3.092567 -2.888012 -2.734139 -2.704949 -2.910259 -3.370557 -3.94925 -4.556953 -5.167884 -5.79091 -6.431036 -7.115021 -7.852837 -8.647983 -9.476747 -10.34798 -11.21834 -12.00389 -12.70425 -13.29436 -13.70582 -14.03641 -14.27437 -14.31569 -14.31562 -14.21641 -14.10657 -14.05705 -14.09941 -14.2467 -14.39383 -14.51735 -14.49094 -14.47177 -14.28603 -14.05577 -13.69979 -13.10783 -12.05327 -10.0292 -6.877087 -3.405682 -.3675439 2.085925 4.104601 5.738927 7.186821 8.619453
-3.160392 -3.256015 -3.397944 -3.556447 -3.732427 -3.766105 -3.707278 -3.561888 -3.370377 -3.162048 -2.938892 -2.720275 -2.533017 -2.392018 -2.363725 -2.481242 -2.780745 -3.244027 -3.754032 -4.237741 -4.722616 -5.221913 -5.748412 -6.343906 -6.988389 -7.673399 -8.42396 -9.212184 -10.01096 -10.74751 -11.38475 -11.94255 -12.42749 -12.86319 -13.16783 -13.42297 -13.57705 -13.6453 -13.68783 -13.81012 -13.9501 -14.13436 -14.31993 -14.46468 -14.42611 -14.38741 -14.17004 -13.76357 -13.33403 -12.64533 -11.55996 -9.703623 -6.830274 -3.568737 -.6192554 1.830047 3.747297 5.298641 6.613674 7.736635
-3.516313 -3.591203 -3.715602 -3.838084 -3.887171 -3.738798 -3.483616 -3.140545 -2.76065 -2.400835 -2.075577 -1.838196 -1.734373 -1.773256 -1.945651 -2.229307 -2.608196 -3.04396 -3.46248 -3.840194 -4.218659 -4.580138 -4.976058 -5.430971 -5.930933 -6.490054 -7.106735 -7.795714 -8.548017 -9.248948 -9.869207 -10.4468 -10.93946 -11.38815 -11.74511 -12.08132 -12.37372 -12.60799 -12.81639 -13.08171 -13.40412 -13.72954 -13.989 -14.15982 -14.07196 -14.0397 -13.8279 -13.37855 -12.77539 -12.01971 -10.93697 -9.286609 -6.745132 -3.708398 -.8384131 1.580615 3.499969 4.940896 6.077048 6.950628
-3.792168 -3.883079 -4.010665 -4.09612 -3.956199 -3.57245 -3.062205 -2.463728 -1.859066 -1.335513 -.9252722 -.7441009 -.8405655 -1.128486 -1.500667 -1.916482 -2.339944 -2.734723 -3.064951 -3.345 -3.599773 -3.828147 -4.082656 -4.411282 -4.774544 -5.217905 -5.731013 -6.329848 -7.023244 -7.720194 -8.365633 -8.944895 -9.458222 -9.895913 -10.32315 -10.70192 -11.07062 -11.42591 -11.80476 -12.21675 -12.63733 -13.066 -13.39609 -13.58995 -13.50882 -13.40262 -13.24265 -12.82835 -12.15089 -11.35084 -10.31643 -8.832475 -6.619447 -3.802924 -1.043425 1.285314 3.129402 4.56199 5.585957 6.191412
-3.934813 -4.095699 -4.255117 -4.294102 -3.938337 -3.285104 -2.464334 -1.545242 -.6500067 .05891003 .4658838 .430867 .03310401 -.4998108 -.9900814 -1.439354 -1.83895 -2.185877 -2.462876 -2.637325 -2.765954 -2.893696 -3.061351 -3.312021 -3.571821 -3.929099 -4.376016 -4.923955 -5.585438 -6.245579 -6.879151 -7.461462 -8.024416 -8.475349 -8.927654 -9.35645 -9.814083 -10.25112 -10.68347 -11.16299 -11.66339 -12.16803 -12.55311 -12.79548 -12.83715 -12.7197 -12.55242 -12.18239 -11.53526 -10.71978 -9.72456 -8.400997 -6.47307 -3.895799 -1.230627 1.00296 2.754315 4.200993 5.108081 5.530967
-3.939124 -4.135007 -4.337029 -4.283817 -3.71326 -2.719419 -1.491957 -.2016323 .921369 1.642526 1.844679 1.485344 .8408005 .2094438 -.3055899 -.7236707 -1.066115 -1.352671 -1.58267 -1.705503 -1.774071 -1.822897 -1.924179 -2.118422 -2.32872 -2.638677 -3.03788 -3.572976 -4.231112 -4.867351 -5.456178 -6.021091 -6.55511 -7.032252 -7.523935 -8.044309 -8.526054 -8.993906 -9.477609 -10.0183 -10.60196 -11.19106 -11.6861 -12.00233 -12.17391 -12.14067 -11.9695 -11.53277 -10.90909 -10.15806 -9.232912 -8.063497 -6.343927 -3.955374 -1.410591 .8073604 2.561311 3.850588 4.638196 5.062833
-3.718753 -3.885616 -4.105365 -3.975535 -3.19058 -1.7717 -.07494946 1.572945 2.79453 3.305103 3.119841 2.441866 1.675602 1.056913 .5827824 .1836659 -.1132481 -.3654703 -.5945776 -.7035505 -.7412669 -.7318304 -.752238 -.8613387 -1.018273 -1.300949 -1.677473 -2.201959 -2.838273 -3.478684 -4.026087 -4.601679 -5.122681 -5.631693 -6.175747 -6.782828 -7.32434 -7.795648 -8.31836 -8.924743 -9.578722 -10.26964 -10.83787 -11.18363 -11.39459 -11.42559 -11.30604 -10.94166 -10.3753 -9.690831 -8.853357 -7.836916 -6.331905 -4.070916 -1.641473 .5042219 2.289798 3.582417 4.310262 4.769445
-3.223541 -3.29428 -3.460062 -3.258338 -2.142358 -.1835952 1.965792 3.796175 4.813678 4.863417 4.262157 3.384387 2.604125 2.008365 1.550051 1.178163 .8821464 .6264445 .3885618 .2388492 .2378008 .3426253 .4159744 .3902132 .2879353 .04538449 -.3239166 -.8727825 -1.518828 -2.170259 -2.7312 -3.337416 -3.878405 -4.446839 -5.030487 -5.610998 -6.176249 -6.744099 -7.344904 -7.98707 -8.672238 -9.326878 -9.911136 -10.36503 -10.67775 -10.76592 -10.67433 -10.45008 -9.960401 -9.324396 -8.596238 -7.718256 -6.426073 -4.341228 -1.948433 .1833823 1.988429 3.384767 4.204422 4.653828
-2.556754 -2.397123 -2.323162 -1.849378 -.1990853 2.326342 4.651998 6.240684 6.67061 6.181768 5.257874 4.264545 3.481399 2.908536 2.482787 2.127342 1.825098 1.516657 1.236413 1.096045 1.117324 1.250285 1.37426 1.415004 1.335636 1.11313 .773341 .2401392 -.4422114 -1.140755 -1.736305 -2.39579 -2.988755 -3.581833 -4.183375 -4.781895 -5.401268 -6.02025 -6.638127 -7.275286 -7.937182 -8.647544 -9.356422 -9.890992 -10.24052 -10.37741 -10.30534 -10.0507 -9.667651 -9.138099 -8.512044 -7.72102 -6.556509 -4.670513 -2.329889 -.1728949 1.667135 3.252479 4.267867 4.716071
-1.783016 -1.172954 -.5038649 .6610036 3.063637 5.912098 7.830941 8.666926 8.232134 7.275148 6.17176 5.104862 4.298248 3.688194 3.241725 2.902048 2.626122 2.325866 2.036974 1.854155 1.854971 1.95587 2.069953 2.128469 2.067851 1.866193 1.52237 .9614461 .2322467 -.4658646 -1.079917 -1.761367 -2.350808 -2.960943 -3.595163 -4.21082 -4.815552 -5.427864 -6.053225 -6.691937 -7.421252 -8.213835 -8.973064 -9.535429 -9.929358 -10.11989 -10.10157 -9.880903 -9.515576 -9.08186 -8.530641 -7.791745 -6.673433 -4.902019 -2.617522 -.4148969 1.493599 3.15436 4.383014 4.929895
-1.08731 .1025727 1.615678 3.756592 6.968681 9.954865 11.19245 11.01715 9.656513 8.218547 6.948303 5.837376 5.001632 4.373295 3.902696 3.547504 3.300834 3.02697 2.731918 2.511731 2.466547 2.505235 2.579118 2.628789 2.544053 2.332676 2.009635 1.455733 .6929371 -.007010083 -.6198325 -1.30703 -1.91067 -2.541574 -3.191977 -3.78735 -4.364557 -4.966534 -5.610335 -6.282043 -7.045507 -7.853921 -8.645702 -9.207944 -9.604963 -9.855501 -9.942684 -9.805208 -9.478122 -9.097692 -8.595137 -7.885953 -6.783285 -5.082666 -2.8491 -.5648341 1.494221 3.254651 4.494475 5.079124
-.6853909 .882342 3.031272 5.92205 9.820654 13.40536 14.22936 13.06654 10.93223 9.100826 7.648139 6.449607 5.578332 4.882525 4.331745 3.914226 3.662107 3.431856 3.164194 2.932116 2.850279 2.815099 2.80839 2.815425 2.707485 2.492163 2.207984 1.718332 .9419696 .193219 -.4500293 -1.139027 -1.748772 -2.376134 -3.002712 -3.556643 -4.110893 -4.727332 -5.388803 -6.054688 -6.798354 -7.576622 -8.341412 -8.902665 -9.366179 -9.656836 -9.831794 -9.818876 -9.537151 -9.150251 -8.669637 -7.964785 -6.869008 -5.206583 -2.989778 -.5705136 1.683865 3.565521 4.798135 5.359327
-.6998354 .9126622 3.329278 6.616614 11.01996 15.51381 16.72219 14.92048 12.06066 9.824168 8.223742 6.907107 5.950037 5.190325 4.534332 4.000174 3.647002 3.359597 3.054691 2.777703 2.633797 2.55384 2.499298 2.453502 2.318473 2.101963 1.848025 1.432701 .6970407 -.04987033 -.6799137 -1.327049 -1.925795 -2.514064 -3.112013 -3.652672 -4.187267 -4.804214 -5.469626 -6.129895 -6.847746 -7.619609 -8.3965 -8.98839 -9.493979 -9.767435 -9.868862 -9.879075 -9.651197 -9.241214 -8.719949 -7.989752 -6.899042 -5.25527 -3.045218 -.5134292 1.828281 3.911933 5.31939 5.861425
-.959011 .2722413 2.271662 5.068482 8.96277 13.70532 16.26792 15.37848 12.53199 10.21012 8.511448 7.055918 5.921238 4.897304 4.049123 3.372374 2.878378 2.465791 2.079373 1.764766 1.570868 1.427677 1.338173 1.287455 1.188563 1.000714 .7528269 .3809189 -.2197718 -.8413677 -1.378056 -1.934064 -2.460241 -2.982258 -3.522344 -4.022755 -4.540153 -5.15716 -5.822633 -6.482747 -7.181186 -7.959901 -8.725442 -9.288563 -9.739562 -10.01793 -10.06351 -9.950837 -9.724195 -9.284468 -8.698368 -7.930082 -6.840143 -5.224811 -3.041778 -.5218105 1.944327 4.169241 5.827127 6.442389
-1.316037 -.6371138 .5245156 1.973037 4.013961 7.453908 10.95158 12.39596 11.65341 10.07878 8.462385 6.845537 5.498024 4.202351 3.086129 2.228552 1.577092 1.0522 .6123659 .2496993 -.008620652 -.2003887 -.3301139 -.4400329 -.5896984 -.7509758 -.9361732 -1.215212 -1.656596 -2.143118 -2.52688 -2.897697 -3.307732 -3.712766 -4.137792 -4.554907 -5.008996 -5.59077 -6.227643 -6.878451 -7.55828 -8.333055 -9.076078 -9.633777 -10.0491 -10.29088 -10.31793 -10.06891 -9.738864 -9.282871 -8.635817 -7.822272 -6.733473 -5.152481 -2.991911 -.4909202 2.119851 4.495616 6.172896 6.944064
-1.696472 -1.439001 -.9209061 -.3109086 .2411128 1.767886 4.705598 7.586974 9.106699 8.923554 7.782635 6.221109 4.658391 3.068239 1.685248 .6404278 -.1430279 -.7825783 -1.273618 -1.617075 -1.88094 -2.11197 -2.304463 -2.483459 -2.671191 -2.911107 -3.075077 -3.268768 -3.560262 -3.840939 -4.047836 -4.239437 -4.475604 -4.701526 -4.939904 -5.244232 -5.612144 -6.101441 -6.677643 -7.287025 -7.942095 -8.69444 -9.400473 -9.943145 -10.3408 -10.54616 -10.5564 -10.256 -9.78229 -9.262425 -8.576318 -7.714304 -6.609061 -5.033815 -2.821437 -.2533821 2.375545 4.855568 6.724623 7.641812
-2.049729 -1.978383 -1.837295 -1.687574 -1.694875 -1.287432 .4969005 3.259023 5.516144 6.330706 5.922939 4.851828 3.353612 1.646482 .104814 -1.199189 -2.167603 -2.972619 -3.574867 -3.880902 -4.014584 -4.161302 -4.346254 -4.46063 -4.67736 -5.020368 -5.242556 -5.418116 -5.542526 -5.671907 -5.829874 -5.878913 -5.90483 -5.929209 -5.976469 -6.131259 -6.389381 -6.714422 -7.185207 -7.69523 -8.298542 -9.00103 -9.651505 -10.16503 -10.55198 -10.75033 -10.73806 -10.40943 -9.884859 -9.24506 -8.517619 -7.600319 -6.456534 -4.86606 -2.600417 .08430537 2.751391 5.31823 7.35866 8.412565
-2.33508 -2.304824 -2.311545 -2.37241 -2.480283 -2.489615 -1.789984 -.08171044 1.908812 3.246392 3.626782 3.139167 1.990463 .4661262 -1.280422 -3.048364 -4.490993 -5.444367 -6.211782 -6.530394 -6.432221 -6.283295 -6.229056 -6.262296 -6.36993 -6.664567 -7.045229 -7.216448 -7.442047 -7.637661 -7.633922 -7.579666 -7.424217 -7.291069 -7.234159 -7.274225 -7.332312 -7.459949 -7.756651 -8.127324 -8.62468 -9.236578 -9.800378 -10.2619 -10.62892 -10.81625 -10.80581 -10.47437 -9.913696 -9.18713 -8.403782 -7.456349 -6.262102 -4.627147 -2.35715 .4070489 3.175894 5.771041 7.824701 8.970004
-2.558118 -2.516143 -2.504457 -2.598816 -2.660425 -2.603565 -2.250865 -1.381296 -.08832795 1.122184 1.821363 1.765274 1.087997 -.09038989 -1.980522 -4.554905 -6.961123 -8.210785 -9.131751 -9.588401 -9.163365 -8.476053 -7.978193 -7.685106 -7.626068 -7.920744 -8.396704 -8.736224 -9.039724 -9.377358 -9.313944 -9.219217 -8.957512 -8.647974 -8.446338 -8.344902 -8.242971 -8.201997 -8.331269 -8.569274 -8.917234 -9.405066 -9.852211 -10.23049 -10.54884 -10.66907 -10.64997 -10.35493 -9.805996 -9.055101 -8.224661 -7.260885 -6.011248 -4.315022 -2.014718 .6817089 3.490295 6.161749 8.3867 9.684898
-2.666147 -2.643679 -2.585514 -2.589602 -2.523149 -2.310521 -1.9369 -1.395264 -.7171929 .03467824 .6855581 .9621673 .75683 -.02394418 -1.739384 -4.887388 -8.291054 -10.22239 -11.59289 -12.26339 -11.45305 -10.12815 -8.980666 -8.145457 -7.817585 -8.042736 -8.513782 -8.805141 -9.24905 -9.869767 -9.898473 -9.934923 -9.731203 -9.330841 -9.006141 -8.804472 -8.693558 -8.625463 -8.635628 -8.727338 -8.967207 -9.381758 -9.741302 -10.04571 -10.32927 -10.35882 -10.31536 -10.0699 -9.56571 -8.832331 -7.965101 -6.956963 -5.658706 -3.932325 -1.606847 1.073813 3.758618 6.369305 8.711884 10.16983
