py_wake/examples/data/AJ_ParqueFicticio/Ridge area   Sector 3   Height 200m   Orographic speed.grd
DSAA
90  129
 262878   265103
 6504214   6507414
 .1304103   1.614487
[rows 27 to 53 of 129, columns 0 to 61 of 90]
.362784 .3634192 .3673829 .3714809 .3751595 .3788291 .3816648 .3830027 .3833766 .3815406 .3760785 .3677447 .3582033 .3490321 .3424041 .3388033 .3387941 .3425855 .3490881 .3593151 .3802 .4072645 .4366628 .4699257 .5042581 .5427373 .5858698 .6354045 .691067 .7448905 .7976536 .8490171 .9000406 .9498436 .9931055 1.037534 1.082553 1.127779 1.17733 1.221148 1.256094 1.290745 1.322074 1.345068 1.353991 1.348463 1.329115 1.290618 1.237024 1.17024 1.086725 .9998377 .9183597 .8354413 .7539149 .6773236 .6053034 .5352353 .4689811 .4056595 .3443003 .2847714
.3603682 .3621446 .3669126 .3718893 .3773915 .3837444 .3895569 .3948167 .3990097 .3999262 .3964737 .3895474 .3793888 .3680964 .3575758 .3496701 .345331 .3446008 .347096 .3535292 .3685668 .3891366 .4127721 .4425476 .4734675 .5080242 .5494629 .5965727 .650683 .7067401 .7601425 .8119733 .8658085 .9184069 .9662785 1.012883 1.059884 1.106091 1.156901 1.204069 1.244889 1.285479 1.321585 1.343889 1.348205 1.337714 1.31358 1.269969 1.209844 1.139621 1.054164 .9659485 .8861268 .8072882 .7318342 .6642424 .5975601 .5288268 .4650944 .4057404 .3477801 .2922924
.3569195 .3597421 .3647843 .369842 .3763507 .3845384 .392756 .4014996 .4100577 .4151331 .413275 .4054278 .3956478 .3852048 .3741767 .3643638 .3568583 .3523743 .3502117 .3524732 .362257 .3758979 .3926224 .4169435 .4442662 .4736513 .5138062 .562008 .6166684 .6726477 .7260008 .7786169 .8321181 .8874103 .9403262 .9889334 1.037713 1.086008 1.138136 1.188936 1.235869 1.283207 1.325127 1.347604 1.348049 1.332153 1.301129 1.251989 1.186111 1.111009 1.022213 .9324711 .8542922 .7793474 .708909 .6483014 .5870097 .5212603 .4603088 .4059928 .3529031 .3007428
.352259 .3557962 .3608259 .3658744 .3729264 .3815566 .3906909 .4012391 .4130776 .4222293 .4209599 .4135684 .4048416 .3970177 .3889872 .3801714 .3720006 .3650413 .3591859 .3579447 .3650981 .3725928 .3833365 .4038992 .4271797 .4519308 .4918894 .543009 .5971904 .6519598 .7056565 .7559554 .8048139 .8615959 .9191399 .9708824 1.020451 1.070941 1.125323 1.179866 1.233185 1.288059 1.334714 1.356545 1.355446 1.335168 1.295581 1.240074 1.168015 1.086988 .995722 .906017 .8297842 .7571468 .6874284 .629721 .5765056 .5167843 .4576303 .4088632 .3603856 .3107617
.3450647 .3486833 .3535127 .3580278 .3650695 .3739448 .3833663 .3936638 .4050253 .4140044 .4146091 .411316 .4067277 .4018609 .3969463 .3912358 .3843898 .3780185 .3740586 .3747025 .3791095 .3847148 .3950128 .414012 .4353253 .4614348 .5009087 .5495332 .5984659 .6486406 .7001711 .7509103 .8015664 .8562996 .9110572 .9630479 1.012852 1.0641 1.119799 1.1772 1.235716 1.29582 1.343711 1.366135 1.365726 1.344433 1.298852 1.236398 1.16012 1.07587 .9849764 .895163 .8192185 .7483756 .6761956 .6169119 .5722707 .5232595 .4673254 .4172587 .3718449 .324554
.3374849 .3410441 .3456554 .3498117 .3564728 .3646961 .3731928 .3818792 .3909752 .3983265 .400651 .4007247 .4003163 .3992819 .3973256 .3938575 .3892666 .3878849 .39073 .3940907 .3979253 .4056503 .4177882 .4349481 .4569942 .4856054 .5232055 .5676528 .6117822 .6566173 .7059712 .757202 .8091735 .8593888 .9089974 .958796 1.008481 1.060222 1.116681 1.175699 1.238318 1.301473 1.348447 1.373433 1.374834 1.354472 1.309511 1.242346 1.164415 1.078602 .9889438 .9001585 .8239134 .7536687 .6779928 .6118271 .5707764 .530825 .4809864 .4296483 .3830282 .3379959
.3295417 .3331949 .3377393 .3416658 .3481528 .3558848 .3634681 .3703445 .3768729 .3825128 .3863242 .3889856 .3912245 .3923658 .391752 .3894288 .3874063 .3931636 .4037178 .4112185 .418054 .4273049 .4399987 .4574513 .4791155 .5066268 .5438251 .5874531 .6288846 .672203 .7180942 .7640031 .8141473 .8616243 .9074379 .9560201 1.005469 1.056774 1.112708 1.172257 1.238433 1.303825 1.349899 1.378001 1.382057 1.36306 1.322762 1.256071 1.177128 1.093086 1.008525 .9238994 .8468609 .7748721 .7008622 .6311522 .5832987 .5428868 .4956923 .4442284 .3945834 .3486721
.3214628 .3254733 .330182 .3341507 .3412313 .349155 .3564869 .3630907 .3686016 .3731697 .3779598 .382419 .3860684 .3876016 .3862678 .3831854 .3845401 .3960187 .4107784 .4240776 .434182 .4447894 .4598559 .4777444 .4981048 .5257811 .5633729 .6075619 .6534894 .6969871 .7382849 .7812842 .8268514 .8698414 .9145215 .9617942 1.007174 1.057561 1.111125 1.16928 1.237015 1.30195 1.347239 1.378536 1.386367 1.37001 1.335259 1.274135 1.199462 1.121801 1.041954 .9621844 .8843693 .811228 .742886 .677901 .6180351 .565757 .5152726 .4595058 .405447 .3578888
.3158173 .3197127 .3236785 .3271953 .3355372 .3446894 .3533136 .3611275 .3675326 .3730208 .3786195 .3837494 .3881834 .3897287 .3878969 .3850529 .3891994 .4013784 .4160427 .4303385 .4437594 .4589311 .476772 .496784 .5202827 .5515164 .5898603 .637106 .686376 .7292521 .7701085 .8114931 .8515345 .8909307 .9340891 .975775 1.018575 1.065524 1.115187 1.16937 1.23421 1.29604 1.340656 1.374488 1.38704 1.375502 1.344877 1.292016 1.223384 1.153472 1.083308 1.009765 .9351377 .863785 .795561 .7268102 .6610149 .6001107 .541214 .4790736 .4165837 .3643802
.3142447 .3161783 .3181928 .3203637 .3301332 .3408583 .3512949 .3608448 .3692158 .3768033 .3836268 .3900611 .3964211 .3989054 .3982828 .3988376 .4031237 .4122798 .4250203 .4381197 .452973 .4714389 .4914568 .5170152 .5470957 .582253 .625263 .6759534 .727455 .7704008 .8089822 .8456362 .8820588 .9187937 .9578362 .9960638 1.034898 1.076721 1.12092 1.171146 1.230157 1.287364 1.331674 1.367437 1.385808 1.379777 1.351153 1.303574 1.24606 1.184482 1.12393 1.057914 .9868413 .9159616 .8468419 .7758191 .7028125 .6352801 .5695224 .4998045 .4314031 .3697243
.3176427 .3157491 .3146121 .314918 .325485 .3372441 .3489661 .3599397 .3703993 .3806994 .3897702 .3994489 .4090622 .4140356 .4167862 .4197161 .4236063 .4306542 .4406029 .4521676 .469523 .4883457 .5112714 .5406349 .5762263 .6167455 .662936 .7167905 .7731882 .8165167 .8513568 .8845336 .9175438 .951757 .9849573 1.019042 1.053475 1.088477 1.125196 1.170173 1.2251 1.279535 1.324314 1.36052 1.383819 1.383178 1.355604 1.312101 1.262638 1.209508 1.153949 1.097807 1.031515 .9595029 .889724 .8191366 .7439461 .6670311 .5919863 .5187621 .4468568 .3799604
.3286659 .3202834 .3150221 .3137506 .323488 .3343935 .3460388 .3577004 .3694931 .3825482 .395115 .4100451 .4240439 .4338651 .4387743 .4430348 .4494966 .4590106 .4673124 .479987 .4984159 .5185724 .5418799 .5717319 .6090518 .6524816 .701052 .7554885 .8123472 .8589132 .895278 .9284617 .958401 .9878535 1.01645 1.045635 1.073613 1.10158 1.133292 1.174267 1.225094 1.277671 1.322153 1.357148 1.381519 1.383056 1.358827 1.319683 1.27406 1.226529 1.175946 1.123166 1.061073 .9881771 .9154871 .8457268 .769882 .6845439 .605102 .5317873 .4580936 .391451
.3457895 .3322083 .3226029 .3202854 .3263338 .3344596 .3448648 .3563695 .3692746 .3837525 .3991871 .4182049 .4364879 .4507514 .4604371 .4688483 .4807002 .4931065 .50727 .5223468 .5390864 .5581299 .5814813 .6126916 .648923 .6913002 .7397227 .7919688 .8461893 .8954605 .935347 .9699606 1.000884 1.026885 1.05252 1.076509 1.100419 1.12359 1.150452 1.187189 1.233302 1.282209 1.322849 1.355104 1.378029 1.380075 1.359817 1.327252 1.285499 1.237978 1.190742 1.139491 1.075635 .999376 .9238699 .8511632 .7730265 .6891499 .6084286 .5331967 .4608447 .3955757
.369374 .3523836 .3392049 .3341425 .3345122 .3385846 .3466517 .3566448 .3694385 .3850184 .4034206 .4257503 .4473551 .4648051 .4805152 .4974346 .5126846 .5301665 .5504856 .5677063 .5836315 .6004655 .6244783 .6575601 .6947343 .7366335 .7816132 .8300918 .883229 .9316612 .9734659 1.009712 1.041911 1.065698 1.088767 1.110176 1.129318 1.149069 1.172501 1.204333 1.245132 1.288999 1.325903 1.35588 1.37775 1.380513 1.36315 1.332579 1.292673 1.245987 1.199479 1.150393 1.082068 .9980147 .9198723 .8456364 .7635587 .6784437 .6020572 .5280014 .457499 .4016654
.4001042 .3802193 .3632571 .3522536 .3469565 .3467371 .352185 .3599981 .371879 .3877502 .4079899 .4324572 .4563772 .4784008 .4999783 .5218036 .5433459 .5644214 .5886998 .608328 .6231856 .6421766 .6675941 .7026036 .7397113 .7819893 .8242558 .8705807 .9197878 .9679859 1.007536 1.044172 1.075516 1.096823 1.117846 1.141888 1.160006 1.173959 1.193125 1.220882 1.258149 1.301046 1.335784 1.361313 1.380256 1.383717 1.368969 1.3373 1.297411 1.252288 1.20327 1.149973 1.081315 .9928047 .9088716 .8311086 .7462216 .6586914 .5833554 .5155048 .4541416 .4093015
.4353411 .411978 .389661 .3718651 .361993 .3589398 .3621793 .3676798 .3779913 .3927415 .4135903 .4392189 .4647666 .4894973 .5142368 .5396259 .5652319 .5910235 .6162407 .6383442 .6593915 .6791832 .7041022 .7376444 .7748383 .8147601 .8550549 .8991405 .9471328 .9936811 1.029745 1.066253 1.092841 1.114527 1.137551 1.161901 1.177976 1.189733 1.207716 1.234205 1.271658 1.310453 1.3413 1.364408 1.382967 1.386599 1.372802 1.345209 1.303603 1.255377 1.200583 1.140021 1.071305 .9826109 .8921083 .8097205 .7249452 .6356985 .5601332 .5000628 .4493765 .4215276
.4706614 .4442228 .4180468 .3955847 .3803786 .3746797 .3751245 .3776022 .3863902 .4002221 .4207838 .4465674 .4728519 .4996973 .5262396 .5526873 .5792838 .6075819 .6373032 .66528 .6887923 .7088187 .7328441 .7626817 .7966725 .8337211 .8705435 .9123192 .9609232 1.004568 1.039271 1.073641 1.09811 1.122311 1.147474 1.168756 1.185757 1.201463 1.221371 1.248034 1.280478 1.314257 1.344989 1.36858 1.387081 1.390508 1.376434 1.349762 1.310184 1.257116 1.196093 1.128484 1.054471 .9648542 .8706555 .785332 .7020239 .617606 .5421478 .4883882 .4558092 .4479409
.5094029 .4799989 .4503687 .4248984 .4057056 .3939947 .3886423 .3871529 .3943966 .4077688 .4274179 .4522279 .4792295 .5077955 .5367522 .5655685 .5917471 .6196229 .6518466 .6858422 .7122598 .7354893 .7595797 .7841246 .8137807 .8457674 .8774872 .9176216 .9678631 1.010332 1.042776 1.073983 1.097733 1.123289 1.149059 1.169454 1.188678 1.210305 1.233637 1.257891 1.286159 1.318839 1.350827 1.375336 1.394064 1.396549 1.380909 1.353732 1.315259 1.260638 1.194738 1.120922 1.039838 .9482 .8499501 .7591643 .6744928 .5957189 .5315354 .4887256 .4711188 .4776496
.551598 .5208485 .4890529 .4606253 .4360194 .4151932 .4024708 .3969291 .4021808 .4143369 .433067 .4572205 .483431 .5121148 .5421911 .5727392 .5981424 .6234524 .6553747 .6905518 .718152 .7442653 .7716551 .7929479 .8180208 .8456317 .8739491 .9124038 .9640296 1.007272 1.036415 1.065429 1.090306 1.116752 1.143597 1.16467 1.185573 1.211406 1.238131 1.262973 1.291462 1.32581 1.360772 1.38519 1.401433 1.403298 1.387347 1.358624 1.319557 1.266896 1.197563 1.119809 1.032513 .9361847 .8315968 .7319329 .6434674 .5694172 .5172642 .4886194 .4888457 .5175086
.5924774 .5596206 .5249509 .492684 .4625595 .4347166 .4148437 .4056288 .4090284 .4189401 .4342267 .4550443 .4781021 .5040631 .5333819 .5629061 .5874736 .6112212 .6393089 .6684905 .6943325 .719602 .7431624 .7626991 .7853592 .8144378 .8455313 .882255 .9309174 .9786906 1.01273 1.043553 1.072511 1.100467 1.129017 1.152554 1.174649 1.203034 1.232556 1.259585 1.291174 1.328863 1.365275 1.389171 1.404353 1.406617 1.394745 1.3679 1.327925 1.275568 1.206099 1.126862 1.035219 .9333957 .8236627 .716538 .6272405 .5502316 .4982812 .4820401 .503974 .5512082
.6290646 .5965961 .5605893 .5242557 .4890805 .4567359 .431467 .4174268 .4168179 .4218669 .431886 .4472705 .4645379 .4873678 .5124671 .5370058 .5597535 .5815557 .6062573 .6311227 .6526451 .6733105 .6918784 .7084031 .7297373 .7583439 .7915162 .8287499 .8749617 .9254449 .9692395 1.006324 1.042721 1.074963 1.105043 1.13276 1.157945 1.188058 1.220907 1.251313 1.285736 1.326272 1.363702 1.389653 1.407506 1.410342 1.401484 1.381187 1.343207 1.289947 1.220992 1.141109 1.049976 .9465057 .8351853 .727159 .6332162 .5535223 .4992334 .4972146 .5443307 .6185169
.6625692 .632933 .5989851 .5612648 .5223221 .4872063 .4586749 .4383846 .4279742 .425177 .4292698 .4395302 .4504486 .4670505 .4886143 .5096529 .5279325 .5476785 .570088 .5917938 .6100138 .6262908 .640734 .6529559 .6671043 .6930402 .7279517 .7671359 .8114042 .8602831 .9110199 .9589357 1.001917 1.041488 1.076031 1.108341 1.138927 1.171443 1.208241 1.243332 1.280023 1.322981 1.361682 1.389744 1.410793 1.416868 1.410043 1.394578 1.362936 1.308949 1.240268 1.160931 1.072744 .9707212 .8605905 .7548811 .6553956 .574725 .5323924 .5440514 .6168109 .7150863
.6937599 .6675055 .63511 .5966594 .5577041 .5213181 .4899502 .4630575 .4425481 .4316965 .4302939 .4350415 .4398996 .4500907 .4675176 .4824735 .4979982 .5134057 .5312606 .5507832 .5679432 .581148 .5923241 .6026659 .613667 .6309363 .6616425 .6989145 .7411798 .7910013 .8442342 .8981341 .9495868 .9990687 1.042184 1.079296 1.115913 1.153792 1.195011 1.235417 1.273954 1.318975 1.359648 1.390384 1.415189 1.426048 1.421775 1.406674 1.380964 1.329711 1.261466 1.183414 1.099414 1.003246 .8950312 .7935988 .7025855 .6257966 .5867205 .613531 .7096346 .8261032
.7219508 .6983288 .667072 .6307833 .5920371 .5527856 .5178856 .486203 .4609446 .4461112 .4418667 .4422935 .4432693 .4474843 .4559628 .4614815 .4708119 .4801368 .4912659 .5069873 .5238231 .5371858 .5479539 .5609799 .5718298 .5837084 .607292 .6393418 .6787011 .7245638 .7725634 .8284133 .8885196 .9480436 .999904 1.043732 1.087433 1.133917 1.180368 1.226452 1.267592 1.314428 1.357703 1.39192 1.421204 1.437312 1.435582 1.419353 1.394035 1.348747 1.282696 1.207431 1.12876 1.042749 .9442723 .853576 .7806881 .7191318 .6935852 .7407177 .8510993 .9658044
.7479839 .7283843 .6993639 .6642585 .6247445 .5849079 .5484623 .5141669 .4864126 .4679832 .460764 .4607196 .4621891 .4591183 .4535163 .4469875 .4454932 .4497236 .4536851 .4630525 .478481 .4941231 .5085878 .5231348 .5375407 .5502785 .5661432 .5944099 .6224506 .6574305 .7047231 .7593715 .8256171 .8920452 .9487172 .9987839 1.055049 1.110942 1.164133 1.215432 1.261205 1.310291 1.356393 1.394484 1.428923 1.450032 1.449577 1.431741 1.405601 1.364817 1.303785 1.231635 1.159113 1.085574 1.007488 .9349075 .8830053 .8489875 .8499759 .9062179 .9956703 1.075997
.7717164 .7553502 .7302737 .6969386 .6554995 .6151378 .575313 .5407972 .5112592 .4888878 .4803785 .4839356 .4873637 .4787552 .4601018 .4383701 .425032 .4240748 .4227199 .4249158 .438087 .4565131 .4750005 .4940764 .5114404 .5231464 .5346966 .5553719 .5755288 .600666 .6448085 .6963541 .7639339 .8365292 .9002843 .959331 1.024802 1.088515 1.147818 1.204068 1.255983 1.308116 1.356652 1.39872 1.438416 1.463102 1.46305 1.444364 1.417352 1.378607 1.323467 1.255326 1.189704 1.12699 1.067194 1.020874 .9893295 .9746745 .9855191 1.035133 1.100984 1.155145
.7938535 .7779313 .7546785 .722178 .6827431 .6412347 .6002997 .5684691 .538503 .5147863 .5087264 .5144692 .5178807 .5044453 .4787501 .4455656 .4234041 .415496 .4075681 .4039825 .4150977 .4347996 .4574201 .48205 .5028735 .5150877 .5257604 .5468308 .5618293 .57838 .6193717 .6664243 .7310789 .8071122 .877784 .9440185 1.010734 1.074715 1.137823 1.200064 1.256889 1.311208 1.360908 1.406215 1.449574 1.474553 1.47461 1.456904 1.429474 1.391628 1.341677 1.281005 1.22215 1.169646 1.122479 1.092163 1.080306 1.080111 1.092956 1.127937 1.170348 1.211023
