py_wake/examples/data/AJ_ParqueFicticio/Ridge area   Sector 1   Height 200m   Weibull-k.grd
DSAA
90  129
 262878   265103
 6504214   6507414
 .8417969   2.005859
[rows 27 to 53 of 129, columns 0 to 61 of 90]
1.873047 1.876953 1.876953 1.880859 1.880859 1.880859 1.876953 1.876953 1.876953 1.876953 1.876953 1.876953 1.876953 1.876953 1.876953 1.876953 1.876953 1.876953 1.880859 1.880859 1.884766 1.884766 1.888672 1.888672 1.892578 1.892578 1.892578 1.896484 1.896484 1.896484 1.896484 1.896484 1.896484 1.896484 1.896484 1.896484 1.896484 1.896484 1.896484 1.896484 1.896484 1.896484 1.896484 1.896484 1.896484 1.896484 1.896484 1.896484 1.896484 1.896484 1.896484 1.896484 1.896484 1.896484 1.896484 1.896484 1.884766 1.423828 1.443359 1.482422 1.560547 1.677734
1.876953 1.880859 1.880859 1.884766 1.884766 1.880859 1.876953 1.876953 1.876953 1.876953 1.876953 1.876953 1.876953 1.876953 1.876953 1.876953 1.876953 1.876953 1.880859 1.880859 1.884766 1.884766 1.888672 1.892578 1.892578 1.892578 1.896484 1.896484 1.896484 1.896484 1.896484 1.896484 1.896484 1.896484 1.896484 1.896484 1.896484 1.896484 1.896484 1.896484 1.896484 1.896484 1.896484 1.896484 1.896484 1.896484 1.896484 1.896484 1.896484 1.896484 1.896484 1.896484 1.896484 1.896484 1.896484 1.896484 1.880859 1.869141 1.392578 1.431641 1.525391 1.658203
1.876953 1.884766 1.884766 1.888672 1.884766 1.884766 1.880859 1.876953 1.876953 1.876953 1.876953 1.876953 1.876953 1.876953 1.876953 1.873047 1.873047 1.876953 1.876953 1.880859 1.884766 1.884766 1.888672 1.892578 1.892578 1.892578 1.896484 1.896484 1.896484 1.896484 1.896484 1.896484 1.896484 1.896484 1.896484 1.896484 1.896484 1.896484 1.896484 1.896484 1.896484 1.896484 1.896484 1.896484 1.896484 1.896484 1.896484 1.896484 1.896484 1.896484 1.896484 1.896484 1.896484 1.896484 1.896484 1.892578 1.873047 1.861328 1.333984 1.380859 1.490234 1.638672
1.880859 1.888672 1.888672 1.892578 1.888672 1.884766 1.884766 1.880859 1.876953 1.876953 1.876953 1.876953 1.873047 1.873047 1.873047 1.873047 1.873047 1.873047 1.873047 1.876953 1.880859 1.884766 1.888672 1.888672 1.892578 1.892578 1.896484 1.896484 1.896484 1.896484 1.896484 1.896484 1.896484 1.896484 1.896484 1.896484 1.896484 1.896484 1.896484 1.896484 1.896484 1.896484 1.896484 1.896484 1.896484 1.896484 1.896484 1.896484 1.896484 1.896484 1.896484 1.896484 1.896484 1.896484 1.896484 1.884766 1.865234 1.857422 1.271484 1.326172 1.455078 1.619141
1.884766 1.888672 1.892578 1.892578 1.892578 1.888672 1.884766 1.880859 1.880859 1.876953 1.876953 1.873047 1.873047 1.873047 1.873047 1.869141 1.869141 1.869141 1.869141 1.873047 1.876953 1.880859 1.884766 1.888672 1.888672 1.892578 1.896484 1.896484 1.896484 1.896484 1.896484 1.896484 1.896484 1.896484 1.896484 1.896484 1.896484 1.896484 1.896484 1.896484 1.896484 1.896484 1.896484 1.896484 1.896484 1.896484 1.896484 1.896484 1.896484 1.896484 1.896484 1.896484 1.896484 1.896484 1.896484 1.873047 1.861328 1.853516 1.205078 1.271484 1.423828 1.603516
1.888672 1.892578 1.896484 1.896484 1.896484 1.892578 1.888672 1.884766 1.880859 1.876953 1.876953 1.873047 1.873047 1.873047 1.873047 1.869141 1.869141 1.865234 1.869141 1.869141 1.873047 1.876953 1.880859 1.884766 1.888672 1.892578 1.892578 1.896484 1.896484 1.896484 1.896484 1.896484 1.896484 1.896484 1.896484 1.896484 1.896484 1.896484 1.896484 1.896484 1.896484 1.896484 1.896484 1.896484 1.896484 1.896484 1.896484 1.896484 1.896484 1.896484 1.896484 1.896484 1.408203 1.896484 1.892578 1.861328 1.849609 1.845703 1.849609 1.236328 1.431641 1.611328
1.892578 1.896484 1.900391 1.900391 1.896484 1.896484 1.888672 1.884766 1.880859 1.876953 1.876953 1.876953 1.873047 1.873047 1.873047 1.869141 1.865234 1.865234 1.869141 1.869141 1.873047 1.876953 1.880859 1.880859 1.884766 1.888672 1.892578 1.892578 1.896484 1.896484 1.896484 1.896484 1.896484 1.896484 1.896484 1.896484 1.896484 1.896484 1.896484 1.896484 1.896484 1.896484 1.896484 1.896484 1.896484 1.896484 1.896484 1.896484 1.896484 1.896484 1.896484 1.115234 1.896484 1.896484 1.888672 1.853516 1.833984 1.833984 1.841797 1.263672 1.525391 1.650391
1.892578 1.896484 1.900391 1.900391 1.900391 1.896484 1.892578 1.888672 1.884766 1.880859 1.876953 1.876953 1.873047 1.873047 1.873047 1.869141 1.869141 1.869141 1.869141 1.869141 1.873047 1.876953 1.876953 1.880859 1.884766 1.884766 1.888672 1.892578 1.896484 1.896484 1.896484 1.896484 1.896484 1.896484 1.896484 1.896484 1.896484 1.896484 1.896484 1.896484 1.896484 1.896484 1.896484 1.896484 1.896484 1.896484 1.896484 1.896484 1.896484 1.896484 1.896484 1.896484 1.896484 1.896484 1.884766 1.849609 1.822266 1.818359 1.818359 1.779297 1.748047 1.724609
1.896484 1.900391 1.900391 1.904297 1.900391 1.896484 1.892578 1.888672 1.884766 1.880859 1.876953 1.876953 1.876953 1.873047 1.873047 1.869141 1.869141 1.869141 1.869141 1.873047 1.873047 1.876953 1.876953 1.880859 1.880859 1.884766 1.888672 1.892578 1.892578 1.896484 1.896484 1.896484 1.896484 1.896484 1.896484 1.896484 1.896484 1.896484 1.896484 1.896484 1.896484 1.896484 1.896484 1.896484 1.896484 1.896484 1.896484 1.896484 1.896484 1.896484 1.896484 1.896484 1.896484 1.896484 1.880859 1.845703 1.818359 1.806641 1.806641 1.806641 1.830078 1.787109
1.896484 1.900391 1.900391 1.904297 1.900391 1.900391 1.896484 1.892578 1.884766 1.880859 1.880859 1.876953 1.876953 1.876953 1.873047 1.873047 1.873047 1.873047 1.873047 1.873047 1.873047 1.876953 1.876953 1.880859 1.880859 1.884766 1.888672 1.892578 1.892578 1.896484 1.896484 1.896484 1.896484 1.896484 1.896484 1.896484 1.896484 1.896484 1.896484 1.896484 1.896484 1.896484 1.896484 1.896484 1.896484 1.896484 1.896484 1.896484 1.896484 1.896484 1.896484 1.896484 1.896484 1.896484 1.884766 1.849609 1.818359 1.806641 1.810547 1.826172 1.853516 1.787109
1.896484 1.900391 1.900391 1.900391 1.900391 1.900391 1.896484 1.892578 1.888672 1.884766 1.880859 1.880859 1.876953 1.876953 1.876953 1.873047 1.873047 1.873047 1.873047 1.873047 1.873047 1.876953 1.876953 1.880859 1.884766 1.884766 1.888672 1.892578 1.892578 1.892578 1.896484 1.896484 1.896484 1.896484 1.896484 1.896484 1.896484 1.896484 1.896484 1.896484 1.896484 1.896484 1.896484 1.896484 1.896484 1.896484 1.896484 1.896484 1.896484 1.896484 1.896484 1.896484 1.896484 1.896484 1.888672 1.857422 1.830078 1.814453 1.822266 1.845703 1.857422 1.490234
1.896484 1.896484 1.896484 1.900391 1.900391 1.900391 1.900391 1.896484 1.892578 1.888672 1.884766 1.880859 1.880859 1.880859 1.876953 1.876953 1.876953 1.876953 1.876953 1.876953 1.876953 1.876953 1.880859 1.880859 1.884766 1.888672 1.888672 1.892578 1.892578 1.892578 1.896484 1.896484 1.896484 1.896484 1.896484 1.896484 1.896484 1.896484 1.896484 1.896484 1.896484 1.896484 1.896484 1.896484 1.896484 1.896484 1.896484 1.896484 1.896484 1.896484 1.896484 1.896484 1.896484 1.896484 1.892578 1.865234 1.841797 1.830078 1.837891 1.857422 1.275391 1.533203
1.896484 1.896484 1.896484 1.896484 1.896484 1.900391 1.900391 1.896484 1.892578 1.892578 1.888672 1.884766 1.884766 1.880859 1.880859 1.876953 1.876953 1.876953 1.876953 1.876953 1.880859 1.880859 1.880859 1.884766 1.884766 1.888672 1.888672 1.892578 1.892578 1.892578 1.896484 1.896484 1.896484 1.896484 1.896484 1.896484 1.896484 1.896484 1.896484 1.896484 1.896484 1.896484 1.896484 1.896484 1.896484 1.896484 1.896484 1.896484 1.896484 1.896484 1.896484 1.896484 1.896484 1.896484 1.896484 1.873047 1.853516 1.841797 1.849609 1.865234 1.369141 1.599609
1.896484 1.896484 1.896484 1.896484 1.896484 1.896484 1.900391 1.896484 1.892578 1.892578 1.892578 1.888672 1.888672 1.884766 1.884766 1.880859 1.880859 1.880859 1.880859 1.880859 1.880859 1.880859 1.884766 1.884766 1.888672 1.888672 1.892578 1.892578 1.892578 1.892578 1.896484 1.896484 1.896484 1.896484 1.896484 1.896484 1.896484 1.896484 1.896484 1.896484 1.896484 1.896484 1.896484 1.896484 1.896484 1.896484 1.896484 1.896484 1.896484 1.896484 1.896484 1.896484 1.896484 1.896484 1.896484 1.880859 1.865234 1.853516 1.861328 1.869141 1.494141 1.681641
1.896484 1.896484 1.896484 1.896484 1.896484 1.896484 1.888672 1.884766 1.876953 1.873047 1.873047 1.876953 1.888672 1.888672 1.888672 1.884766 1.884766 1.884766 1.884766 1.884766 1.884766 1.884766 1.884766 1.888672 1.888672 1.892578 1.892578 1.892578 1.892578 1.896484 1.896484 1.896484 1.896484 1.896484 1.896484 1.896484 1.896484 1.896484 1.896484 1.896484 1.896484 1.896484 1.896484 1.896484 1.896484 1.896484 1.896484 1.896484 1.896484 1.896484 1.896484 1.896484 1.896484 1.896484 1.896484 1.884766 1.873047 1.865234 1.865234 1.869141 1.806641 1.634766
1.896484 1.896484 1.896484 1.896484 1.888672 1.876953 1.869141 1.865234 1.869141 1.861328 1.853516 1.849609 1.853516 1.857422 1.865234 1.873047 1.876953 1.884766 1.888672 1.888672 1.888672 1.884766 1.880859 1.884766 1.888672 1.892578 1.892578 1.892578 1.892578 1.896484 1.896484 1.896484 1.896484 1.896484 1.896484 1.896484 1.896484 1.896484 1.896484 1.896484 1.896484 1.896484 1.896484 1.896484 1.896484 1.896484 1.896484 1.896484 1.896484 1.896484 1.896484 1.896484 1.896484 1.896484 1.896484 1.892578 1.876953 1.869141 1.869141 1.857422 1.771484 1.587891
1.896484 1.888672 1.865234 1.876953 1.861328 1.837891 1.833984 1.845703 1.857422 1.853516 1.837891 1.826172 1.822266 1.822266 1.826172 1.833984 1.837891 1.849609 1.857422 1.865234 1.865234 1.865234 1.865234 1.865234 1.869141 1.873047 1.884766 1.896484 1.896484 1.896484 1.896484 1.896484 1.896484 1.896484 1.896484 1.896484 1.896484 1.896484 1.896484 1.896484 1.896484 1.896484 1.896484 1.896484 1.896484 1.896484 1.896484 1.896484 1.896484 1.896484 1.896484 1.896484 1.896484 1.896484 1.896484 1.892578 1.880859 1.873047 1.865234 1.845703 1.740234 1.572266
1.896484 1.841797 1.857422 1.857422 1.794922 1.759766 1.779297 1.822266 1.849609 1.841797 1.822266 1.806641 1.798828 1.798828 1.802734 1.806641 1.818359 1.830078 1.837891 1.845703 1.853516 1.853516 1.853516 1.857422 1.857422 1.865234 1.869141 1.880859 1.896484 1.896484 1.896484 1.896484 1.896484 1.896484 1.896484 1.896484 1.896484 1.896484 1.896484 1.896484 1.896484 1.896484 1.896484 1.896484 1.896484 1.896484 1.896484 1.896484 1.896484 1.896484 1.896484 1.896484 1.896484 1.896484 1.896484 1.896484 1.880859 1.869141 1.861328 1.826172 1.724609 1.587891
1.896484 1.845703 1.861328 1.826172 1.724609 1.673828 1.720703 1.798828 1.841797 1.833984 1.806641 1.783203 1.775391 1.775391 1.779297 1.787109 1.802734 1.814453 1.826172 1.837891 1.841797 1.845703 1.849609 1.849609 1.853516 1.857422 1.861328 1.869141 1.880859 1.896484 1.896484 1.896484 1.896484 1.896484 1.896484 1.896484 1.896484 1.896484 1.896484 1.896484 1.896484 1.896484 1.896484 1.896484 1.896484 1.896484 1.896484 1.896484 1.896484 1.896484 1.896484 1.896484 1.896484 1.896484 1.896484 1.896484 1.880859 1.865234 1.849609 1.806641 1.724609 1.638672
1.896484 1.861328 1.865234 1.806641 1.677734 1.634766 1.697266 1.783203 1.833984 1.822266 1.791016 1.763672 1.751953 1.748047 1.751953 1.763672 1.783203 1.802734 1.818359 1.830078 1.833984 1.841797 1.845703 1.849609 1.853516 1.857422 1.861328 1.865234 1.876953 1.892578 1.896484 1.896484 1.896484 1.896484 1.896484 1.896484 1.896484 1.896484 1.896484 1.896484 1.896484 1.896484 1.896484 1.896484 1.896484 1.896484 1.896484 1.896484 1.896484 1.896484 1.896484 1.896484 1.896484 1.896484 1.896484 1.892578 1.876953 1.853516 1.833984 1.794922 1.744141 1.693359
1.896484 1.892578 1.873047 1.822266 1.697266 1.650391 1.697266 1.779297 1.830078 1.814453 1.775391 1.740234 1.720703 1.712891 1.720703 1.740234 1.767578 1.794922 1.814453 1.830078 1.837891 1.841797 1.849609 1.853516 1.857422 1.861328 1.865234 1.873047 1.880859 1.896484 1.896484 1.896484 1.896484 1.896484 1.896484 1.896484 1.896484 1.896484 1.896484 1.896484 1.896484 1.896484 1.896484 1.896484 1.896484 1.896484 1.896484 1.896484 1.896484 1.896484 1.896484 1.896484 1.896484 1.896484 1.896484 1.892578 1.873047 1.849609 1.822266 1.798828 1.767578 1.748047
1.896484 1.896484 1.884766 1.865234 1.794922 1.728516 1.744141 1.806641 1.833984 1.806641 1.759766 1.712891 1.685547 1.669922 1.677734 1.705078 1.748047 1.787109 1.814453 1.830078 1.841797 1.849609 1.857422 1.861328 1.869141 1.873047 1.876953 1.884766 1.896484 1.896484 1.896484 1.896484 1.896484 1.896484 1.896484 1.896484 1.896484 1.896484 1.896484 1.896484 1.896484 1.896484 1.896484 1.896484 1.896484 1.896484 1.896484 1.896484 1.896484 1.896484 1.896484 1.896484 1.896484 1.896484 1.896484 1.888672 1.869141 1.845703 1.822266 1.802734 1.791016 1.783203
1.892578 1.896484 1.896484 1.888672 1.869141 1.837891 1.826172 1.837891 1.837891 1.802734 1.744141 1.681641 1.638672 1.615234 1.623047 1.662109 1.724609 1.779297 1.818359 1.837891 1.849609 1.861328 1.869141 1.876953 1.884766 1.892578 1.896484 1.896484 1.896484 1.896484 1.896484 1.896484 1.896484 1.896484 1.896484 1.896484 1.896484 1.896484 1.896484 1.896484 1.896484 1.896484 1.896484 1.896484 1.896484 1.896484 1.896484 1.896484 1.896484 1.896484 1.896484 1.896484 1.896484 1.896484 1.896484 1.884766 1.865234 1.841797 1.822266 1.806641 1.802734 1.798828
1.888672 1.892578 1.896484 1.896484 1.896484 1.884766 1.869141 1.861328 1.845703 1.798828 1.728516 1.654297 1.583984 1.548828 1.556641 1.615234 1.701172 1.779297 1.826172 1.849609 1.865234 1.873047 1.884766 1.892578 1.896484 1.896484 1.896484 1.896484 1.896484 1.896484 1.896484 1.896484 1.896484 1.896484 1.896484 1.896484 1.896484 1.896484 1.896484 1.896484 1.896484 1.896484 1.896484 1.896484 1.896484 1.896484 1.896484 1.896484 1.896484 1.896484 1.896484 1.896484 1.896484 1.896484 1.896484 1.880859 1.861328 1.841797 1.822266 1.810547 1.806641 1.806641
1.888672 1.888672 1.892578 1.896484 1.896484 1.896484 1.892578 1.876953 1.853516 1.802734 1.728516 1.630859 1.541016 1.482422 1.486328 1.560547 1.677734 1.783203 1.841797 1.869141 1.880859 1.888672 1.896484 1.896484 1.896484 1.896484 1.896484 1.896484 1.896484 1.896484 1.896484 1.896484 1.896484 1.896484 1.896484 1.896484 1.896484 1.896484 1.896484 1.896484 1.896484 1.896484 1.896484 1.896484 1.896484 1.896484 1.896484 1.896484 1.896484 1.896484 1.896484 1.896484 1.896484 1.896484 1.896484 1.876953 1.857422 1.837891 1.822266 1.810547 1.810547 1.810547
1.884766 1.888672 1.888672 1.892578 1.892578 1.896484 1.896484 1.888672 1.861328 1.818359 1.740234 1.634766 1.521484 1.435547 1.419922 1.498047 1.658203 1.794922 1.861328 1.884766 1.896484 1.896484 1.896484 1.896484 1.896484 1.896484 1.896484 1.896484 1.896484 1.896484 1.896484 1.896484 1.896484 1.896484 1.896484 1.896484 1.896484 1.896484 1.896484 1.896484 1.896484 1.896484 1.896484 1.896484 1.896484 1.896484 1.896484 1.896484 1.896484 1.896484 1.896484 1.896484 1.896484 1.896484 1.888672 1.873047 1.853516 1.833984 1.818359 1.810547 1.810547 1.810547
1.884766 1.888672 1.888672 1.888672 1.888672 1.892578 1.896484 1.896484 1.876953 1.837891 1.767578 1.669922 1.552734 1.435547 1.384766 1.451172 1.646484 1.818359 1.884766 1.896484 1.896484 1.896484 1.896484 1.896484 1.896484 1.896484 1.896484 1.896484 1.896484 1.896484 1.896484 1.896484 1.896484 1.896484 1.896484 1.896484 1.896484 1.896484 1.896484 1.896484 1.896484 1.896484 1.896484 1.896484 1.896484 1.896484 1.896484 1.896484 1.896484 1.896484 1.896484 1.896484 1.896484 1.896484 1.884766 1.865234 1.849609 1.833984 1.818359 1.810547 1.810547 1.810547
