py_wake/examples/data/AJ_ParqueFicticio/Ridge area   Sector 5   Height 200m   Orographic turn.grd
DSAA
90  129
 262878   265103
 6504214   6507414
-17.71675   16.69296
[rows 26 to 51 of 129, columns 0 to 59 of 90]
4.994956 5.151108 5.162747 5.121276 5.041116 4.904727 4.729254 4.541296 4.321917 4.129494 4.028578 4.011456 4.045354 4.05048 4.03348 4.013475 3.981748 3.94379 3.928977 3.8858 3.689125 3.440308 3.167911 2.884686 2.573475 2.186144 1.709783 1.140279 .5790444 .1072975 -.3285671 -.729866 -1.213725 -1.724647 -2.21142 -2.799271 -3.502055 -4.274994 -5.180437 -6.127647 -7.003082 -8.0142 -9.052482 -10.06395 -10.91513 -11.55854 -11.99521 -12.2745 -12.23366 -11.81288 -11.13675 -10.12806 -9.012068 -7.673148 -6.283323 -4.855138 -3.563726 -2.230892 -.8703334 .553345
5.219407 5.381358 5.405016 5.387034 5.306291 5.144594 4.936408 4.686921 4.390431 4.12038 3.956336 3.874622 3.832307 3.785619 3.719884 3.639358 3.542613 3.442281 3.354834 3.2312 3.00178 2.745552 2.481044 2.176856 1.852436 1.44861 .9682555 .4123143 -.1281781 -.6216189 -1.04863 -1.450001 -1.897076 -2.337188 -2.778675 -3.298785 -3.906851 -4.581758 -5.380808 -6.184884 -6.996439 -7.977961 -9.052065 -10.08449 -10.91107 -11.51982 -11.8695 -12.02474 -11.91623 -11.40882 -10.65957 -9.562475 -8.406351 -7.060005 -5.653973 -4.229934 -2.955016 -1.622369 -.2351523 1.198014
5.363215 5.519958 5.567811 5.583263 5.515359 5.35031 5.132196 4.837863 4.482272 4.159785 3.958054 3.833572 3.741634 3.625855 3.490107 3.326994 3.148125 2.957003 2.767404 2.535047 2.240142 1.95959 1.675584 1.34697 1.013044 .6182741 .1371573 -.4027533 -.9429764 -1.462883 -1.90812 -2.313003 -2.744673 -3.14072 -3.555157 -4.0101 -4.521435 -5.091016 -5.748788 -6.408092 -7.146408 -8.048009 -9.095022 -10.0913 -10.88697 -11.47236 -11.78547 -11.81494 -11.61505 -11.05714 -10.22628 -9.076337 -7.884314 -6.545072 -5.137039 -3.741561 -2.456237 -1.095988 .3184467 1.763806
5.434119 5.584103 5.657125 5.708637 5.656704 5.504793 5.290995 4.976675 4.584341 4.213017 4.003433 3.878282 3.74631 3.564685 3.360702 3.122643 2.861363 2.569941 2.271476 1.927738 1.539701 1.196832 .8557951 .4794777 .1111612 -.2921063 -.7853088 -1.331335 -1.875817 -2.386416 -2.841988 -3.260286 -3.668645 -4.054588 -4.438887 -4.825223 -5.222291 -5.670534 -6.179422 -6.705859 -7.354226 -8.176937 -9.146914 -10.01711 -10.74816 -11.33922 -11.65457 -11.58894 -11.3114 -10.72277 -9.815453 -8.652542 -7.438376 -6.139813 -4.758103 -3.385944 -2.056286 -.6638347 .789097 2.251256
5.428045 5.57732 5.67072 5.73966 5.688937 5.557662 5.365052 5.068079 4.662873 4.261143 4.074785 3.947144 3.798808 3.57714 3.324297 3.051894 2.743651 2.378463 1.974589 1.518311 1.034955 .6094992 .1787564 -.2927496 -.7371309 -1.209811 -1.765301 -2.34776 -2.892302 -3.387904 -3.84149 -4.25187 -4.635615 -5.000412 -5.328909 -5.64062 -5.932774 -6.264866 -6.648279 -7.068897 -7.623892 -8.360366 -9.167971 -9.847108 -10.45122 -10.99071 -11.33484 -11.2572 -10.93553 -10.33619 -9.397893 -8.273718 -7.069405 -5.819077 -4.444007 -3.040925 -1.667936 -.2627789 1.25327 2.719016
5.332541 5.487836 5.595222 5.678462 5.62314 5.485548 5.285138 5.011053 4.641719 4.311321 4.144081 3.993867 3.81696 3.595452 3.347939 3.081705 2.786025 2.400357 1.924661 1.396526 .8812099 .3865412 -.137422 -.7007474 -1.250369 -1.843445 -2.511307 -3.181808 -3.778559 -4.301903 -4.765242 -5.17294 -5.543804 -5.856874 -6.115503 -6.354743 -6.580354 -6.843393 -7.158255 -7.526263 -8.027948 -8.694436 -9.297375 -9.796025 -10.26704 -10.62698 -10.9142 -10.85909 -10.48947 -9.88456 -8.965504 -7.892777 -6.720053 -5.504419 -4.109219 -2.656211 -1.287195 .0857701 1.666551 3.248454
5.164262 5.325928 5.442782 5.525898 5.455255 5.303211 5.091243 4.838092 4.525143 4.287099 4.135293 3.984547 3.797039 3.588145 3.381209 3.180228 2.942274 2.542839 2.010014 1.476796 .9656952 .4246303 -.1651925 -.7864892 -1.427861 -2.127174 -2.896444 -3.678111 -4.380483 -4.987339 -5.497635 -5.917952 -6.277653 -6.557642 -6.786066 -6.993753 -7.195379 -7.433406 -7.71343 -8.04417 -8.500224 -9.076778 -9.518287 -9.878592 -10.23636 -10.42925 -10.54134 -10.46227 -10.04934 -9.430793 -8.570292 -7.556911 -6.44097 -5.247843 -3.818525 -2.29619 -.9607779 .38503 1.983391 3.701813
4.93372 5.110231 5.246524 5.340097 5.256943 5.095739 4.883271 4.659179 4.413329 4.242672 4.091561 3.932274 3.744823 3.569294 3.433355 3.326854 3.162654 2.750561 2.207904 1.700685 1.199631 .6473216 .03543806 -.6282621 -1.324864 -2.087586 -2.936397 -3.82285 -4.658154 -5.38913 -5.988932 -6.474945 -6.860708 -7.148119 -7.393221 -7.605711 -7.80091 -8.023265 -8.264812 -8.545167 -8.939848 -9.401273 -9.721504 -10.00002 -10.24643 -10.34974 -10.28424 -10.12323 -9.662054 -9.008177 -8.202946 -7.247832 -6.183328 -4.963091 -3.519286 -1.955148 -.5678179 .8122213 2.393521 4.143894
4.639624 4.851872 5.033588 5.166238 5.087286 4.943635 4.757002 4.565422 4.376331 4.241559 4.091277 3.924213 3.735561 3.591258 3.524463 3.515549 3.386208 2.992206 2.509229 2.021487 1.549322 1.030039 .4201444 -.2439566 -.9433572 -1.738508 -2.629682 -3.584817 -4.539282 -5.375324 -6.081921 -6.683604 -7.15933 -7.527987 -7.842489 -8.089236 -8.297773 -8.491617 -8.681772 -8.901189 -9.22731 -9.584294 -9.834272 -10.06729 -10.22956 -10.28316 -10.14527 -9.810746 -9.28522 -8.583775 -7.813614 -6.925955 -5.875076 -4.620903 -3.202503 -1.671032 -.1421385 1.378595 2.947599 4.713993
4.289032 4.577444 4.850679 5.068555 5.027055 4.941064 4.810815 4.675526 4.536669 4.405295 4.247286 4.062145 3.857185 3.735193 3.711458 3.72655 3.579359 3.238518 2.835836 2.435479 2.01152 1.519096 .9638839 .3439202 -.3405478 -1.134101 -2.021486 -3.019193 -4.047595 -4.951169 -5.735458 -6.431749 -7.011741 -7.508893 -7.915178 -8.242754 -8.481162 -8.666466 -8.82021 -9.006074 -9.289195 -9.583495 -9.818062 -10.0238 -10.15367 -10.19942 -10.04667 -9.56163 -8.952815 -8.217981 -7.412977 -6.528924 -5.474818 -4.193764 -2.764892 -1.210392 .393421 2.029531 3.660327 5.423049
3.901004 4.304603 4.700161 5.028353 5.049509 5.039993 4.980469 4.912618 4.822302 4.69649 4.545687 4.341197 4.114415 4.002259 3.985071 3.939354 3.787999 3.51858 3.191632 2.874224 2.499773 2.068063 1.600583 1.017318 .3509924 -.3991323 -1.260878 -2.239777 -3.286087 -4.237868 -5.075816 -5.845965 -6.508218 -7.103943 -7.587498 -7.992049 -8.288922 -8.502311 -8.656069 -8.842122 -9.121617 -9.419334 -9.673548 -9.879186 -9.966991 -10.05408 -9.873232 -9.362057 -8.658051 -7.905779 -7.073028 -6.147664 -5.080871 -3.753018 -2.251085 -.6340572 1.073017 2.77727 4.463899 6.236515
3.507319 4.038732 4.575496 5.017902 5.133371 5.213535 5.239418 5.248676 5.20853 5.09777 4.96405 4.730938 4.489207 4.367909 4.310467 4.214133 4.056969 3.819665 3.564961 3.319234 2.975523 2.650486 2.246169 1.712343 1.079587 .354586 -.4567737 -1.387359 -2.414068 -3.359517 -4.202226 -5.000927 -5.730305 -6.374844 -6.934067 -7.393424 -7.76608 -8.027729 -8.234854 -8.463682 -8.761879 -9.1014 -9.398616 -9.645269 -9.704075 -9.780431 -9.557423 -9.120284 -8.413942 -7.649107 -6.797847 -5.856501 -4.732998 -3.317511 -1.710417 -.02404446 1.764811 3.590018 5.355467 7.07505
3.123958 3.789858 4.470131 5.005555 5.237519 5.415545 5.524094 5.60554 5.634206 5.576327 5.468124 5.212522 4.959037 4.784145 4.705415 4.60401 4.425525 4.165283 3.961505 3.742152 3.462591 3.185371 2.839613 2.344301 1.760378 1.06273 .287946 -.5766345 -1.525725 -2.409268 -3.222633 -4.00066 -4.763663 -5.403864 -6.006451 -6.517374 -6.961676 -7.283443 -7.543346 -7.839841 -8.199909 -8.621673 -8.976559 -9.272016 -9.399061 -9.424811 -9.187504 -8.799083 -8.165207 -7.421427 -6.54212 -5.61293 -4.46048 -2.940715 -1.195901 .5543907 2.400855 4.405058 6.258883 7.88596
2.714362 3.503175 4.333258 4.966377 5.36499 5.664602 5.862408 6.013983 6.081162 6.068087 5.970149 5.716156 5.459632 5.284571 5.178423 5.055784 4.840402 4.602595 4.328003 4.105115 3.902567 3.690202 3.376484 2.881121 2.337566 1.679364 .9500372 .156208 -.7078481 -1.523933 -2.266778 -2.971401 -3.682796 -4.281107 -4.869047 -5.426344 -5.898188 -6.278905 -6.619357 -7.008466 -7.47535 -7.999006 -8.445029 -8.793745 -9.02432 -9.066676 -8.88657 -8.512262 -7.916727 -7.18383 -6.30898 -5.347792 -4.153734 -2.544936 -.6824329 1.168632 3.121211 5.177455 7.068485 8.708829
2.292894 3.19851 4.164224 4.938491 5.511545 5.932074 6.205851 6.424013 6.538528 6.56265 6.457176 6.210003 5.972174 5.826788 5.693372 5.47459 5.279597 5.01089 4.65923 4.428642 4.262795 4.122401 3.833323 3.349855 2.822658 2.193306 1.543466 .8299566 .03834218 -.7035951 -1.345969 -1.988088 -2.60059 -3.138744 -3.679005 -4.270798 -4.784545 -5.197897 -5.608073 -6.088625 -6.652245 -7.287233 -7.832145 -8.221197 -8.51337 -8.597811 -8.507963 -8.215721 -7.674529 -6.949045 -6.094948 -5.095248 -3.794066 -2.073845 -.1426809 1.789183 3.867455 6.017763 7.880768 9.526201
1.913149 2.89723 3.977157 4.943168 5.679522 6.214721 6.553349 6.828486 6.978967 7.025978 6.912669 6.681253 6.478749 6.314981 6.133261 5.905599 5.647442 5.362562 4.974253 4.704768 4.595285 4.457015 4.189431 3.724001 3.236582 2.638137 2.04907 1.370368 .6637821 -.03587538 -.578438 -1.167421 -1.668752 -2.132437 -2.616027 -3.176238 -3.692942 -4.140601 -4.621004 -5.172841 -5.820154 -6.509193 -7.12158 -7.581699 -7.949765 -8.104968 -8.065263 -7.84004 -7.39769 -6.718365 -5.875868 -4.829527 -3.433053 -1.595236 .4356376 2.464978 4.639574 6.875532 8.773395 10.35786
1.546494 2.570775 3.761086 4.93005 5.850893 6.501273 6.906454 7.220253 7.380001 7.434059 7.303852 7.077087 6.880332 6.700762 6.499786 6.244255 5.945576 5.57644 5.201129 4.923992 4.716963 4.584716 4.342341 3.931633 3.445266 2.911135 2.377026 1.75334 1.062632 .408983 -.05951383 -.601792 -.9862442 -1.385732 -1.853174 -2.360992 -2.824906 -3.275516 -3.800113 -4.401098 -5.114418 -5.836815 -6.511086 -7.047585 -7.49423 -7.731301 -7.725205 -7.505802 -7.118836 -6.509499 -5.6533 -4.549104 -3.108349 -1.192488 .9628815 3.120991 5.366553 7.718988 9.70619 11.18332
1.209296 2.249336 3.549762 4.904533 6.049641 6.831684 7.308318 7.650919 7.7833 7.803388 7.644837 7.39828 7.171284 6.934511 6.6971 6.447575 6.174053 5.798601 5.363607 4.971651 4.718655 4.544198 4.285662 3.921447 3.461929 2.95082 2.444181 1.8418 1.145982 .582081 .1695682 -.2627106 -.5526231 -.9093893 -1.345548 -1.744241 -2.132182 -2.578908 -3.124078 -3.752366 -4.468245 -5.207537 -5.941069 -6.548956 -7.069829 -7.384581 -7.436775 -7.260924 -6.86738 -6.282402 -5.411702 -4.255019 -2.772206 -.8103521 1.447955 3.745591 6.068886 8.436466 10.54072 11.97557
.999706 2.032337 3.402364 4.891442 6.214955 7.196851 7.801623 8.172792 8.237453 8.155301 7.931445 7.656973 7.383036 7.100994 6.806448 6.510297 6.267385 5.927926 5.459395 4.954982 4.639368 4.362503 4.055549 3.732227 3.279706 2.794427 2.32382 1.731175 1.036283 .543112 .2030937 -.1183328 -.3480055 -.6487209 -1.00762 -1.305298 -1.627013 -2.068954 -2.614645 -3.203822 -3.884889 -4.635184 -5.420166 -6.070522 -6.619618 -6.977026 -7.103628 -7.011802 -6.654836 -6.053224 -5.170172 -3.95493 -2.410995 -.4217237 1.911511 4.33669 6.756074 9.118719 11.10511 12.37202
.8934237 1.882701 3.261203 4.823506 6.32222 7.583723 8.395023 8.804025 8.781843 8.577855 8.247135 7.885787 7.547815 7.202154 6.838373 6.481314 6.235058 5.948339 5.494372 4.979939 4.62537 4.244735 3.819572 3.480883 3.03337 2.557392 2.094671 1.520493 .8336697 .3675703 .0778768 -.1749958 -.3798068 -.6218576 -.8878629 -1.095481 -1.356994 -1.76974 -2.277453 -2.805053 -3.444324 -4.187307 -4.98189 -5.629517 -6.179086 -6.530378 -6.695412 -6.71249 -6.433424 -5.849383 -4.940821 -3.67971 -2.066537 -.04283144 2.359126 4.90934 7.419195 9.754095 11.5676 12.56413
.8570917 1.742714 3.059216 4.652102 6.364815 7.979317 9.130493 9.648392 9.525022 9.1526 8.672082 8.175033 7.743139 7.351095 6.935503 6.551729 6.253255 5.919496 5.474557 5.025782 4.644414 4.214355 3.793267 3.390702 2.896603 2.343217 1.799656 1.228396 .5921226 .1396323 -.1677246 -.3932041 -.5992459 -.8002536 -1.006237 -1.172426 -1.374018 -1.731129 -2.177222 -2.652642 -3.264445 -4.012877 -4.780215 -5.381134 -5.922113 -6.246881 -6.388001 -6.411383 -6.231184 -5.681899 -4.744735 -3.448243 -1.7576 .3181599 2.764113 5.392469 7.849612 10.17963 11.94429 12.60975
.9059028 1.67444 2.884589 4.501552 6.399002 8.296459 9.848338 10.6601 10.53773 10.0307 9.358576 8.650063 8.035528 7.443378 6.920474 6.495454 6.114729 5.699661 5.227247 4.789516 4.407908 3.977415 3.573978 3.145852 2.601552 1.998567 1.392861 .8103839 .2483352 -.153348 -.4818072 -.7204823 -.9390469 -1.131398 -1.293032 -1.441278 -1.632555 -1.945417 -2.34198 -2.787411 -3.352661 -4.070312 -4.763745 -5.304406 -5.813589 -6.124929 -6.254355 -6.221506 -6.062508 -5.547175 -4.586021 -3.246042 -1.502804 .6232247 3.087783 5.665324 8.067877 10.29675 12.02849 12.38084
1.073372 1.682002 2.729214 4.286436 6.257702 8.362713 10.21208 11.43718 11.71415 11.30093 10.50379 9.55898 8.725099 7.905963 7.158144 6.547773 6.038335 5.500227 4.955036 4.4732 4.051811 3.603616 3.160748 2.666378 2.073233 1.41188 .7738431 .2141488 -.2509238 -.5757507 -.8600923 -1.111398 -1.319193 -1.509409 -1.657858 -1.788103 -1.969444 -2.24498 -2.598805 -3.019891 -3.528417 -4.19791 -4.822313 -5.330898 -5.804992 -6.125551 -6.270201 -6.208939 -5.979907 -5.456593 -4.474193 -3.091633 -1.330811 .8105767 3.246549 5.708933 8.051463 10.14048 11.53072 11.661
1.329526 1.743149 2.604394 4.013908 5.899491 8.02289 10.05093 11.72047 12.65418 12.68335 12.00293 11.01241 10.09716 9.110607 8.042428 7.166416 6.379214 5.648752 4.955033 4.34122 3.797678 3.27056 2.732062 2.122628 1.423936 .6876772 .01494196 -.519967 -.9021775 -1.140427 -1.327352 -1.510702 -1.695469 -1.877158 -2.035089 -2.164282 -2.337625 -2.594128 -2.911793 -3.29701 -3.744684 -4.35132 -4.915489 -5.409962 -5.879202 -6.235167 -6.41337 -6.333353 -6.051308 -5.441126 -4.447603 -3.017966 -1.253001 .8700591 3.298548 5.66021 7.775546 9.640773 10.8629 10.78948
1.636263 1.882147 2.560842 3.774702 5.501363 7.591543 9.737919 11.71655 13.09824 13.54136 13.11141 12.37866 11.69334 10.88952 9.809066 8.774982 7.653486 6.635517 5.66797 4.76762 3.996153 3.305693 2.639801 1.910211 1.131183 .3274653 -.4260041 -1.033586 -1.44344 -1.669298 -1.796299 -1.898403 -2.035756 -2.199887 -2.361227 -2.511493 -2.69389 -2.942251 -3.230582 -3.565694 -3.968039 -4.508028 -5.023418 -5.507521 -6.001482 -6.419602 -6.632412 -6.519253 -6.221175 -5.533649 -4.51842 -3.066602 -1.303955 .7549335 3.126729 5.373003 7.221986 8.835938 9.883704 9.628542
1.980053 2.106308 2.618346 3.611514 5.159448 7.09412 9.158655 11.1622 12.73262 13.53413 13.4634 12.9844 12.53181 12.30461 11.93641 11.28169 10.18609 8.857696 7.583906 6.294426 5.118076 4.130315 3.254807 2.396947 1.522176 .6701634 -.1270778 -.8525383 -1.403304 -1.767607 -1.966531 -2.09778 -2.24201 -2.417961 -2.597327 -2.781793 -3.002464 -3.245576 -3.51488 -3.803276 -4.179528 -4.663754 -5.136522 -5.606804 -6.13245 -6.606134 -6.831827 -6.686101 -6.37573 -5.67931 -4.64833 -3.203648 -1.46123 .4960798 2.690371 4.787959 6.409584 7.697468 8.404768 7.996555
