py_wake/examples/data/AJ_ParqueFicticio/Ridge area   Sector 1   Height 30m   Turbulence intensity.grd
DSAA
90  129
 262878   265103
 6504214   6507414
 12.85226   100
[rows 27 to 53 of 129, columns 0 to 61 of 90]
30.77471 31.39355 31.56964 31.42786 30.96162 30.20796 29.32475 28.45126 27.66394 27.06366 26.70357 26.57227 26.63699 26.81614 26.97259 27.046 27.01989 26.94809 26.9491 27.0936 27.22857 27.46472 27.80787 28.10505 28.38584 28.48884 28.37054 27.9347 27.09019 26.12378 25.04458 23.89772 22.76931 21.6625 20.81207 20.07137 19.46601 18.99397 18.52313 18.19939 18.105 18.09154 18.11964 18.16507 18.26966 18.43992 18.62582 18.96151 19.42461 20.03534 20.90686 21.90519 23.04809 24.56455 26.55723 29.11518 32.65661 57.35184 61.34955 65.76304 70.21533 73.71508
31.72517 32.3567 32.50357 32.26762 31.60995 30.61265 29.50596 28.42525 27.49949 26.84221 26.45925 26.32649 26.44938 26.73051 27.04839 27.29299 27.42252 27.49024 27.59831 27.84548 28.17731 28.66129 29.27167 29.78938 30.34239 30.75999 30.84638 30.60768 29.84204 28.74706 27.57652 26.31812 24.94927 23.59502 22.4603 21.51489 20.70132 20.06437 19.43089 18.90454 18.59889 18.39892 18.28634 18.28424 18.43346 18.63949 18.84328 19.1918 19.70547 20.33228 21.23764 22.27072 23.39733 24.85737 26.71313 29.02624 32.52885 36.70101 62.96885 67.65485 72.05732 75.07609
32.76933 33.41413 33.55662 33.26762 32.45153 31.23147 29.8971 28.58698 27.4555 26.66253 26.26148 26.19845 26.33359 26.5982 26.94069 27.26667 27.52728 27.7448 28.02387 28.40783 28.90949 29.6504 30.57383 31.39856 32.25861 33.14553 33.52626 33.42791 32.75845 31.70114 30.50414 29.14402 27.62503 25.96873 24.4501 23.24885 22.17812 21.2828 20.42976 19.65899 19.10725 18.68024 18.37409 18.26677 18.43078 18.70002 18.97998 19.35841 19.91721 20.59804 21.56835 22.64322 23.73219 25.10976 26.82535 29.01957 32.42216 36.6534 64.49221 69.32931 73.4907 75.99908
34.00811 34.68676 34.83052 34.47305 33.50205 32.11774 30.6159 29.12257 27.78679 26.80406 26.36586 26.27964 26.36928 26.53233 26.75974 27.04387 27.33354 27.65045 28.06409 28.54671 29.07168 29.97544 31.09177 32.06649 33.18817 34.50454 35.16473 35.20638 34.84811 34.08668 33.02614 31.85837 30.52654 28.62644 26.66722 25.10251 23.7752 22.57424 21.42905 20.3889 19.56679 18.8678 18.3415 18.14005 18.2387 18.53674 18.95025 19.39661 20.03671 20.80768 21.81108 22.85723 23.83433 25.09525 26.72929 28.97935 32.01017 36.01632 65.30853 70.18398 74.10754 76.19311
35.6241 36.40008 36.54733 36.12772 34.98381 33.39979 31.73556 30.13473 28.71464 27.62324 27.02905 26.73096 26.62342 26.63848 26.72221 26.87332 27.09815 27.36894 27.66703 27.99747 28.49129 29.27398 30.19642 31.06907 32.17486 33.41447 34.25422 34.74612 35.08519 35.00261 34.40268 33.44631 32.15181 30.35736 28.43073 26.67734 25.14401 23.7194 22.33308 21.0687 20.04222 19.15822 18.5088 18.20541 18.18247 18.38141 18.84852 19.36786 20.03002 20.80587 21.73606 22.7146 23.56658 24.62582 26.16166 28.46387 30.9291 34.24823 64.22715 69.3903 73.30306 73.56915
37.45037 38.35571 38.49829 37.97263 36.64412 34.88399 33.09163 31.42336 29.97396 28.80579 28.02906 27.5069 27.16064 26.96404 26.88326 26.9081 27.01313 27.07074 27.08727 27.2421 27.60889 28.10744 28.72168 29.43786 30.30063 31.26213 32.14713 32.92238 33.78084 34.41089 34.38697 33.7981 32.70417 31.32779 29.73348 28.02025 26.34757 24.75115 23.17854 21.75256 20.55497 19.5323 18.83643 18.4357 18.29034 18.37832 18.72951 19.26759 19.88299 20.63147 21.47511 22.34235 25.505 23.91607 25.33701 27.7765 29.84715 32.54214 36.41367 67.04703 68.89754 69.01623
39.5275 40.56283 40.66486 39.97163 38.38678 36.39325 34.43968 32.69801 31.22379 29.99235 29.03298 28.30329 27.76285 27.39736 27.18738 27.10219 27.05891 26.82805 26.54013 26.47861 26.62039 26.89714 27.2822 27.7573 28.38895 29.14978 29.84912 30.52961 31.50957 32.40233 32.9305 33.12306 32.5412 31.62212 30.45319 28.85888 27.15358 25.51735 23.88373 22.37891 21.02426 19.86426 19.131 18.66837 18.41093 18.42931 18.61312 19.07348 19.65276 20.3118 20.98161 34.66967 22.2923 23.00779 24.18357 26.36465 28.40958 30.87605 34.34958 63.66343 57.59085 62.53585
41.87432 42.99505 42.97347 42.00929 40.02813 37.70796 35.53115 33.62592 32.07325 30.80507 29.72713 28.84828 28.17134 27.7036 27.43404 27.29487 27.07044 26.60346 26.1293 25.81541 25.74628 25.82874 25.95949 26.21026 26.62736 27.09119 27.49093 27.89411 28.42307 29.13257 29.91103 30.43986 30.45192 30.17715 29.40129 28.1207 26.84025 25.35384 23.91123 22.54046 21.15723 20.00084 19.2852 18.78374 18.43835 18.38901 18.43363 18.72471 19.16434 19.63829 20.18085 20.71741 21.28756 21.90949 22.8272 24.4646 26.5474 29.15474 32.47707 36.97572 43.25051 53.84654
44.21126 45.44958 45.36044 44.10096 41.55891 38.76828 36.2459 34.10134 32.40141 31.05053 29.92137 28.99438 28.24824 27.7229 27.40778 27.20071 26.84035 26.30928 25.78319 25.36183 25.08718 24.90543 24.80315 24.80599 24.90568 25.00374 25.11235 25.16586 25.30612 25.70434 26.20005 26.61308 26.90443 26.97068 26.5382 25.91491 25.07081 24.02522 22.98307 21.9909 20.85655 19.8634 19.22337 18.71313 18.31286 18.18246 18.14979 18.25183 18.56541 18.87126 19.188 19.5666 20.01138 20.50476 21.32026 22.83789 24.7568 27.30599 30.64725 34.99701 41.09616 51.09999
46.3329 47.97054 47.95064 46.43663 43.17934 39.81855 36.8864 34.47396 32.58827 31.11342 29.92221 28.92956 28.08504 27.50154 27.12177 26.78944 26.41166 25.93147 25.39275 24.91696 24.50318 24.12383 23.83779 23.56483 23.34652 23.17358 22.99105 22.79667 22.705 22.84408 23.10386 23.41727 23.65934 23.76286 23.59771 23.29991 22.86493 22.27956 21.66412 21.00436 20.23503 19.50502 18.96074 18.46165 17.99101 17.7971 17.75175 17.79649 17.90779 18.07115 18.20634 18.44247 18.79562 19.22437 19.94485 21.31191 23.13609 25.57189 28.85353 33.16861 39.15353 49.12669
48.11728 50.55088 50.80922 49.06265 44.9986 41.00829 37.64131 34.9455 32.84137 31.1813 29.86156 28.71574 27.73767 27.08083 26.62591 26.26022 25.89793 25.4416 24.91595 24.39386 23.82603 23.34851 22.90975 22.47115 22.04738 21.6761 21.34504 21.01764 20.75252 20.74116 20.8919 21.08103 21.24853 21.29552 21.27647 21.14806 20.93632 20.67196 20.40948 20.03689 19.49451 18.94379 18.47298 18.02132 17.53761 17.25697 17.24288 17.28976 17.30949 17.3609 17.44001 17.52746 17.78744 18.18704 18.80108 19.97837 21.59816 23.96034 27.24972 31.54622 37.48122 78.30231
49.09875 53.04126 53.87379 51.81526 47.00909 42.46582 38.66996 35.66488 33.3414 31.4409 29.89005 28.47608 27.32326 26.53515 26.07493 25.71296 25.27398 24.71939 24.19456 23.59992 22.96749 22.42402 21.94413 21.46405 20.96853 20.5036 20.09545 19.73208 19.42931 19.29581 19.3203 19.39622 19.51321 19.57727 19.59127 19.53541 19.46135 19.36268 19.22657 18.98893 18.61272 18.19005 17.79821 17.4412 17.05366 16.77789 16.73707 16.76653 16.77844 16.77354 16.79707 16.86442 17.06933 17.44769 17.99316 19.02397 20.45656 22.73961 25.94963 30.23152 64.80009 70.98215
49.64199 54.91597 56.62941 54.23885 49.13194 44.16467 39.92 36.54992 33.93286 31.82448 30.05688 28.41017 27.06966 26.14024 25.55365 25.08997 24.49992 23.84971 23.1746 22.54209 21.96794 21.45994 20.97928 20.47134 19.98253 19.51855 19.09289 18.73934 18.4478 18.24377 18.162 18.15667 18.18569 18.23702 18.25572 18.26443 18.22344 18.17298 18.10667 17.9557 17.71291 17.4212 17.1656 16.90924 16.63082 16.42074 16.35473 16.29669 16.27397 16.28947 16.27998 16.33555 16.56547 16.9714 17.4646 18.44414 19.79488 21.85789 24.93506 29.27488 58.70607 59.41157
49.41693 55.55352 58.097 55.95146 51.37483 46.20674 41.54849 37.82774 34.89793 32.48486 30.39335 28.4845 26.95902 25.91045 25.13287 24.41653 23.72613 22.94738 22.1581 21.52464 21.01346 20.57215 20.09044 19.55684 19.05323 18.59453 18.20745 17.88664 17.58965 17.36911 17.22033 17.15185 17.10465 17.13178 17.1511 17.17438 17.19029 17.1707 17.14057 17.06395 16.92168 16.74992 16.5922 16.39546 16.16417 15.99135 15.9315 15.89863 15.88412 15.90357 15.89165 15.90998 16.17682 16.65717 17.15197 18.0054 19.30522 21.2647 24.17365 28.50112 49.49253 43.24762
47.85399 54.75135 58.4425 57.63166 53.68043 48.63197 43.74354 39.77968 36.45945 33.57238 31.03868 28.82319 27.1327 25.86996 24.87583 23.97545 23.06985 22.19488 21.3375 20.69705 20.24405 19.79242 19.31131 18.76276 18.27695 17.82243 17.47251 17.17956 16.92327 16.68599 16.53655 16.43117 16.34324 16.35673 16.36108 16.30241 16.29617 16.35795 16.3975 16.37822 16.29356 16.13191 16.00726 15.9002 15.75004 15.60207 15.52809 15.55647 15.57847 15.59185 15.61525 15.67758 15.92064 16.40748 16.92816 17.68571 18.93312 20.83613 23.65882 27.86854 33.70965 41.73435
45.14272 52.90709 58.40688 59.74697 56.71453 51.98102 46.95398 42.54979 38.55832 35.10645 32.0661 29.46482 27.51534 26.10773 24.97875 23.91151 22.81217 21.76981 20.86754 20.17499 19.62815 19.20051 18.7629 18.26697 17.81444 17.4176 17.10583 16.84692 16.60427 16.36767 16.23514 16.09782 16.02599 15.99387 15.93068 15.81636 15.80269 15.88254 15.92997 15.92044 15.82114 15.71721 15.67564 15.62871 15.50669 15.38183 15.30984 15.27939 15.33051 15.39072 15.47768 15.6099 15.83072 16.27505 16.80989 17.47044 18.63134 20.46872 23.20722 27.22272 32.73627 39.60381
42.1521 50.56062 57.44954 61.51878 61.15036 56.93533 51.34771 46.18773 41.29328 37.1263 33.55959 30.55132 28.31856 26.66732 25.34723 24.10836 22.8326 21.60256 20.53658 19.71578 19.14408 18.76131 18.3892 17.99304 17.62764 17.309 17.08859 16.90177 16.66729 16.44577 16.30299 16.14841 16.06017 15.95515 15.81487 15.68302 15.59885 15.58598 15.58622 15.55538 15.51523 15.48709 15.45751 15.40782 15.30487 15.20953 15.1661 15.14147 15.16655 15.27514 15.41393 15.59573 15.84377 16.25893 16.77217 17.34655 18.4031 20.0556 22.6411 26.36135 31.15428 36.57272
38.01676 46.32441 55.01 62.1368 65.19059 62.97156 57.25975 50.96283 44.73186 39.72752 35.6539 32.26686 29.67454 27.7239 26.12933 24.63184 23.19865 21.82409 20.57748 19.55666 18.9097 18.47717 18.1225 17.83849 17.57662 17.37214 17.25335 17.11345 16.89799 16.69102 16.57026 16.42742 16.32171 16.16471 15.96306 15.77873 15.60198 15.45774 15.37078 15.33833 15.3258 15.2901 15.23832 15.17006 15.06273 15.00479 15.02907 15.05231 15.07854 15.1958 15.36352 15.57574 15.85102 16.23173 16.7165 17.25508 18.2597 19.7286 21.94435 25.15443 29.12015 33.25264
33.15746 40.75899 50.02259 59.61247 66.88357 69.11304 64.29803 56.69374 49.00484 43.04227 38.3298 34.49818 31.64498 29.43641 27.5592 25.75809 24.15445 22.67829 21.27291 20.09033 19.3407 18.81216 18.369 18.13346 17.94699 17.8175 17.76945 17.66418 17.41152 17.19753 17.12296 16.99554 16.85753 16.65181 16.37514 16.12115 15.8642 15.60422 15.41078 15.31259 15.24726 15.15036 15.02509 14.93328 14.85818 14.80995 14.87018 14.96738 15.03499 15.1343 15.32024 15.53987 15.82439 16.18566 16.65513 17.20636 18.17769 19.46005 21.27212 23.85108 26.84375 29.56203
28.5706 35.453 44.75043 56.10081 67.115 73.89181 71.50894 63.64562 54.31957 47.4058 42.25848 38.11998 35.05773 32.62753 30.37892 28.22495 26.3159 24.60852 23.06257 21.81371 20.92606 20.27313 19.77046 19.46329 19.24344 19.0416 18.9419 18.87162 18.64828 18.31941 18.14434 17.97051 17.74689 17.48671 17.12603 16.77311 16.44464 16.08725 15.7881 15.59938 15.43508 15.2492 15.06102 14.94703 14.87504 14.8037 14.78818 14.87083 14.97875 15.08607 15.26313 15.47248 15.75268 16.1003 16.53333 17.07595 17.93682 19.08755 20.64002 22.58993 24.53005 26.13362
24.83644 30.48014 38.53444 49.85739 62.49679 72.43039 74.87016 69.34325 59.90602 52.74263 47.43971 43.22294 40.17943 37.45085 34.91779 32.46737 30.0719 27.91953 26.0161 24.52705 23.48461 22.69981 22.10517 21.69983 21.36598 21.05847 20.8428 20.72629 20.52163 20.10493 19.71235 19.41139 19.02916 18.65402 18.22102 17.72044 17.26206 16.79983 16.37403 16.0812 15.82871 15.55832 15.30489 15.11987 14.9663 14.87517 14.80132 14.77453 14.86627 14.99499 15.16944 15.37601 15.62577 15.93767 16.31251 16.79257 17.57257 18.55431 19.81418 21.08932 22.0803 22.7104
21.83089 25.98471 31.97282 40.77499 51.89671 62.53379 69.09889 69.00082 64.16422 58.49556 53.50496 49.3759 46.6589 43.96419 40.89465 37.83858 34.94664 32.12877 29.62942 27.73481 26.44797 25.50713 24.76978 24.28365 23.97489 23.55021 23.13579 22.86451 22.64539 22.2643 21.71689 21.17679 20.66633 20.1051 19.5376 18.87879 18.21202 17.60819 17.02273 16.58274 16.24301 15.88766 15.56504 15.32453 15.09921 14.94876 14.84494 14.72983 14.72939 14.87204 15.05411 15.26061 15.48532 15.77476 16.11174 16.54607 17.26944 18.08522 18.93042 19.69627 20.05668 20.1143
19.62232 22.36217 26.75904 33.39067 42.06395 51.35093 59.49782 64.65704 65.77638 63.22447 59.35206 55.96117 54.08367 51.83927 48.28807 44.71462 40.87033 37.29076 34.08669 31.51639 29.74554 28.54594 27.61521 26.91192 26.48737 26.17373 25.69886 25.32322 25.02015 24.5664 23.9824 23.32742 22.65161 21.85845 21.05898 20.25517 19.35291 18.50326 17.72504 17.09809 16.66945 16.22151 15.8112 15.50646 15.22081 15.00196 14.86832 14.74428 14.65677 14.76213 14.95105 15.15853 15.36551 15.6298 15.96415 16.39923 16.99384 17.64919 18.28125 18.69848 18.69168 18.46437
18.07717 19.92868 22.94253 27.70948 34.22825 42.50111 51.32051 59.359 64.12614 64.35188 62.12288 60.3716 59.96564 59.01677 56.28592 52.87022 48.18345 43.65963 39.61688 36.15297 33.54614 31.75202 30.41602 29.22438 28.56186 28.30907 27.92287 27.54174 27.16761 26.73946 26.31296 25.63278 24.77729 23.7927 22.81215 21.85771 20.7275 19.52542 18.5072 17.64402 17.08723 16.53536 16.0213 15.63476 15.29014 15.01519 14.85705 14.75095 14.66584 14.6963 14.87166 15.06831 15.2562 15.48413 15.79486 16.23668 16.71773 17.23027 17.6805 17.85104 17.67771 17.37098
16.99573 18.20785 20.18834 23.33576 28.22388 34.84533 42.64556 51.30946 58.12481 61.21122 61.49592 61.42836 62.53389 64.18627 64.40331 62.48928 57.82061 51.74288 46.47282 41.88807 38.06705 35.18886 33.02485 31.39878 30.27181 29.76462 29.5659 29.15741 29.09676 28.95432 28.44956 27.78811 26.76303 25.66644 24.68766 23.66984 22.19594 20.66046 19.36423 18.27124 17.51667 16.82851 16.18893 15.70125 15.2788 14.94874 14.79446 14.72642 14.66486 14.64781 14.77826 14.96537 15.1344 15.31856 15.5465 15.96956 16.38573 16.78765 17.09287 17.16117 17.00413 16.75817
16.24121 17.07106 18.33744 20.36086 23.75259 28.67699 35.46939 43.44019 51.12454 56.53872 58.84357 59.69466 62.30574 66.93535 71.34242 73.46947 70.16472 62.00924 54.60025 48.4868 43.01692 38.69733 35.46682 33.0281 31.41947 30.77588 30.64944 30.44218 30.58271 30.75362 30.24101 29.63025 28.52467 27.25604 26.1751 25.03648 23.3954 21.66681 20.16846 18.89821 17.91797 17.07898 16.31659 15.71346 15.18776 14.79104 14.64387 14.61947 14.59575 14.57777 14.65873 14.83016 14.97446 15.1332 15.32892 15.63943 15.9923 16.35415 16.65302 16.71242 16.55128 16.28784
15.67983 16.3366 17.24389 18.62931 20.84661 24.3756 29.53869 35.75248 42.89042 49.0373 51.86034 53.73288 58.01604 65.91711 74.61449 82.21395 81.23852 71.55046 62.06694 54.17334 47.01149 41.13284 36.64164 33.27053 31.19776 30.39535 30.20963 29.87591 30.16525 30.67548 30.25822 29.82642 28.85324 27.55035 26.38552 25.18877 23.69843 22.1021 20.55999 19.15168 18.03737 17.12504 16.32223 15.6549 15.05281 14.61046 14.45009 14.43449 14.4488 14.45342 14.49614 14.6044 14.7092 14.8314 15.02996 15.30005 15.5601 15.87079 16.17818 16.2713 16.14317 15.87778
