py_wake/examples/data/AJ_ParqueFicticio/Ridge area   Sector 3   Height 30m   Mean speed.grd
DSAA
90  129
 262878   265103
 6504214   6507414
 .3378424   6.925961
[rows 27 to 53 of 129, columns 0 to 61 of 90]
1.541017 1.543715 1.560551 1.577959 1.593584 1.609172 1.621217 1.6269 1.628489 1.62069 1.597488 1.562088 1.521559 1.482602 1.454448 1.442039 1.445229 1.46345 1.491627 1.53416 1.620375 1.730839 1.849589 1.983109 2.120059 2.272633 2.442486 2.63593 2.85108 3.057747 3.257823 3.451015 3.639787 3.821293 3.97625 4.13215 4.287126 4.438222 4.603972 4.748341 4.857992 4.969478 5.079371 5.169202 5.209933 5.196961 5.133052 4.996022 4.796516 4.532659 4.204582 3.854449 3.519221 3.173506 2.838568 2.52862 2.255053 1.746011 1.705624 1.579103 1.377112 1.179093
1.530755 1.538301 1.558554 1.579694 1.603066 1.630051 1.654741 1.677084 1.694894 1.698787 1.684122 1.654701 1.61155 1.563582 1.518893 1.488479 1.473091 1.472142 1.483591 1.51024 1.571374 1.653621 1.746865 1.863879 1.984515 2.118812 2.279641 2.461699 2.669684 2.883889 3.085596 3.279486 3.47837 3.66947 3.841808 4.005798 4.168247 4.323166 4.492042 4.647593 4.780121 4.914654 5.045375 5.135775 5.159374 5.130257 5.05229 4.895545 4.672073 4.397655 4.058238 3.70034 3.36604 3.030049 2.712857 2.43287 2.172562 1.930875 1.655236 1.542879 1.359861 1.181738
1.516106 1.528095 1.549513 1.570997 1.598644 1.633424 1.66833 1.705471 1.741823 1.763383 1.75549 1.722157 1.680614 1.636255 1.589599 1.55061 1.521277 1.504124 1.49575 1.504715 1.54336 1.595857 1.659024 1.751392 1.854559 1.964906 2.117575 2.301582 2.509924 2.722003 2.922248 3.11794 3.314386 3.515045 3.706025 3.877608 4.046982 4.211163 4.385579 4.555688 4.712711 4.875334 5.031991 5.126554 5.135408 5.086855 4.985691 4.808191 4.563228 4.27195 3.9154 3.549465 3.21698 2.891817 2.589391 2.331799 2.080071 1.847064 1.595719 1.504915 1.346633 1.185256
1.496309 1.511334 1.532699 1.554144 1.584099 1.620758 1.659558 1.704364 1.754651 1.793525 1.788133 1.756736 1.719667 1.686433 1.652497 1.617256 1.584485 1.556236 1.531757 1.525557 1.552691 1.579012 1.616379 1.691456 1.775428 1.863608 2.011752 2.204042 2.407744 2.612622 2.811749 2.995873 3.172407 3.377765 3.585713 3.769767 3.942859 4.117507 4.303486 4.490643 4.67518 4.873407 5.052961 5.145441 5.150073 5.082827 4.947864 4.747546 4.476621 4.162691 3.795046 3.430112 3.105185 2.787027 2.482053 2.230867 2.001249 1.784938 1.52584 1.478669 1.342185 1.193117
1.465749 1.48112 1.501634 1.520813 1.550725 1.588425 1.628445 1.672186 1.720447 1.758588 1.761157 1.747168 1.727678 1.707006 1.68613 1.663808 1.636258 1.610026 1.592998 1.594142 1.609418 1.627666 1.662728 1.730317 1.8042 1.894496 2.036217 2.213645 2.392254 2.575743 2.763979 2.947968 3.130205 3.326078 3.521136 3.705233 3.879653 4.058652 4.252707 4.453381 4.65919 4.880816 5.063641 5.156723 5.168642 5.098695 4.937682 4.714533 4.427947 4.104669 3.742526 3.379552 3.059259 2.750467 2.432084 2.17174 1.97404 1.788069 1.425288 1.479564 1.355239 1.215431
1.433552 1.448671 1.468258 1.485913 1.514208 1.549139 1.58523 1.622128 1.660766 1.691992 1.701866 1.702179 1.700445 1.696051 1.687741 1.67445 1.656484 1.651371 1.662799 1.675034 1.687883 1.715059 1.757822 1.817699 1.893431 1.991304 2.121569 2.277466 2.432286 2.590803 2.767804 2.951604 3.137378 3.313848 3.486395 3.660024 3.833557 4.015029 4.213998 4.421946 4.643518 4.877067 5.052357 5.151393 5.174134 5.110165 4.952159 4.714642 4.42692 4.100662 3.748664 3.393453 3.077564 2.775838 2.441566 2.149356 1.967911 1.804633 1.652885 1.501274 1.367496 1.234648
1.399812 1.415329 1.434633 1.451312 1.478867 1.51171 1.543922 1.573131 1.600863 1.62482 1.641009 1.652314 1.661825 1.666673 1.664065 1.65463 1.648002 1.673712 1.718052 1.747939 1.773695 1.807821 1.85374 1.915778 1.990379 2.083192 2.210161 2.359828 2.500018 2.64914 2.809178 2.968748 3.145155 3.309219 3.464818 3.632282 3.803643 3.982223 4.179076 4.388391 4.623723 4.86594 5.035572 5.141493 5.175651 5.118634 4.980949 4.747647 4.459839 4.144262 3.820107 3.4874 3.1741 2.868912 2.544199 2.236051 2.024987 1.849823 1.689559 1.530915 1.379455 1.239324
1.365494 1.38253 1.402531 1.419389 1.449466 1.483124 1.514268 1.542319 1.565728 1.585133 1.60548 1.624421 1.639923 1.646436 1.64077 1.627677 1.634288 1.685367 1.748545 1.803714 1.844064 1.885049 1.942397 2.008285 2.079847 2.175552 2.305851 2.458489 2.617094 2.766292 2.906072 3.052747 3.209391 3.354066 3.504651 3.666567 3.818891 3.992075 4.177198 4.378025 4.619102 4.856271 5.019547 5.133048 5.180803 5.135678 5.025145 4.81401 4.549009 4.264889 3.962662 3.654325 3.340976 3.033368 2.736393 2.450668 2.18154 1.942507 1.735917 1.549142 1.375775 1.22899
1.341514 1.35806 1.374906 1.389845 1.425279 1.464155 1.500788 1.53398 1.561187 1.5845 1.608282 1.630072 1.648907 1.655471 1.64769 1.63561 1.653223 1.706191 1.77033 1.831164 1.886865 1.948537 2.019545 2.097006 2.18503 2.29952 2.437283 2.606342 2.781782 2.931081 3.071314 3.213306 3.348119 3.479282 3.625195 3.764323 3.90614 4.064165 4.230748 4.410728 4.635789 4.85542 5.011949 5.131537 5.194406 5.17146 5.081316 4.906188 4.664278 4.415875 4.158008 3.879612 3.585893 3.291285 2.995571 2.687377 2.383946 2.092565 1.808969 1.568546 1.347198 1.182439
1.334833 1.343047 1.351604 1.360826 1.402324 1.447881 1.492214 1.532779 1.568337 1.600567 1.629552 1.656883 1.683898 1.694451 1.691807 1.694163 1.71237 1.751262 1.806116 1.863263 1.926535 2.003783 2.08611 2.189411 2.30823 2.44342 2.60546 2.7936 2.982242 3.135795 3.270322 3.396019 3.519197 3.642625 3.774461 3.901886 4.029277 4.166389 4.30887 4.471004 4.667955 4.863557 5.015954 5.143332 5.226236 5.227706 5.14391 4.989458 4.794061 4.582003 4.368824 4.123837 3.849993 3.563322 3.265145 2.942059 2.594922 2.259154 1.915581 1.584994 1.307066 1.084607
1.349268 1.341224 1.336394 1.337694 1.38258 1.432529 1.482322 1.528934 1.573364 1.617117 1.655647 1.69676 1.737595 1.758721 1.770405 1.78285 1.799374 1.829312 1.871572 1.920696 1.995299 2.075534 2.171929 2.29361 2.438498 2.599826 2.779606 2.985416 3.197958 3.356495 3.479284 3.594129 3.707543 3.8245 3.935676 4.048779 4.161708 4.272695 4.384535 4.524926 4.705573 4.890119 5.045212 5.177239 5.275512 5.300935 5.214163 5.072808 4.910253 4.732769 4.539806 4.3401 4.090108 3.80448 3.507415 3.185113 2.818722 2.42488 2.010386 1.596981 1.246918 .9362879
1.396091 1.360485 1.338136 1.332735 1.374097 1.420421 1.469887 1.519423 1.569515 1.62497 1.678351 1.74177 1.801234 1.842952 1.863805 1.881902 1.90935 1.949763 1.985027 2.038866 2.117147 2.202767 2.301798 2.427305 2.581918 2.758609 2.952069 3.164368 3.382217 3.556737 3.688981 3.80684 3.911319 4.01188 4.107672 4.204325 4.293864 4.379608 4.474992 4.60322 4.770435 4.950272 5.106653 5.233576 5.331106 5.359229 5.284015 5.155767 5.007499 4.853078 4.679743 4.494049 4.264737 3.979933 3.675003 3.357965 2.983392 2.533743 2.069978 1.596403 1.148215 .6788703
1.468216 1.411139 1.370337 1.360493 1.386185 1.420701 1.4649 1.513769 1.568587 1.630085 1.695648 1.776431 1.854092 1.91468 1.955823 1.991551 2.041895 2.094594 2.154757 2.2188 2.289906 2.370798 2.469988 2.602562 2.754243 2.928849 3.124669 3.331534 3.541836 3.729918 3.878853 4.004916 4.116043 4.205928 4.291981 4.369993 4.446274 4.516723 4.596902 4.712273 4.863403 5.030011 5.17058 5.284706 5.372738 5.394741 5.335563 5.236287 5.103776 4.947105 4.787753 4.606762 4.369806 4.073595 3.760577 3.433103 3.045105 2.588294 2.091006 1.555138 .9765474 .600334
1.564092 1.496838 1.440858 1.419354 1.420925 1.438224 1.47249 1.514939 1.569283 1.635463 1.713631 1.808482 1.900254 1.974377 2.04111 2.112979 2.177757 2.252016 2.338326 2.411476 2.479122 2.550629 2.652629 2.793152 2.951059 3.126093 3.309527 3.503484 3.71191 3.899121 4.05777 4.192729 4.310655 4.393805 4.471017 4.540276 4.599557 4.658929 4.728572 4.827459 4.95958 5.106482 5.232947 5.338422 5.422424 5.443965 5.394842 5.301445 5.175259 5.01999 4.863822 4.692468 4.434247 4.104809 3.784108 3.454207 3.051164 2.578333 2.074406 1.489398 .6991355 .6096288
1.687375 1.615077 1.543026 1.496286 1.473785 1.472853 1.495995 1.529183 1.579189 1.647 1.73304 1.836971 1.938577 2.032128 2.123784 2.216492 2.307999 2.397522 2.500651 2.584027 2.647138 2.727807 2.835774 2.984486 3.14211 3.321697 3.496003 3.682421 3.876326 4.064125 4.214879 4.352723 4.468174 4.542442 4.612913 4.694414 4.751683 4.789048 4.843015 4.927711 5.048275 5.194382 5.314922 5.402909 5.473505 5.496895 5.457508 5.355059 5.227671 5.079113 4.911916 4.722225 4.461115 4.111179 3.768291 3.427285 3.016497 2.529313 2.006547 1.394462 .3840376 .6909544
1.827025 1.744255 1.655183 1.579591 1.537657 1.524687 1.538448 1.55563 1.597851 1.662046 1.753799 1.865373 1.974487 2.079263 2.184351 2.292197 2.400965 2.510521 2.617638 2.711528 2.800931 2.885002 2.990852 3.133331 3.291321 3.460899 3.630179 3.807778 3.997437 4.179035 4.316374 4.454041 4.551086 4.627249 4.706992 4.790485 4.839717 4.869115 4.920243 5.002185 5.126699 5.257021 5.360066 5.437916 5.507284 5.531555 5.495801 5.411424 5.276062 5.115587 4.92397 4.703099 4.441242 4.088453 3.718195 3.360881 2.955919 2.462867 1.922762 1.29271 .3497708 .6961336
1.96429 1.870944 1.775759 1.680346 1.615754 1.591547 1.589569 1.590436 1.623774 1.682739 1.774169 1.889382 2.005713 2.122877 2.237213 2.349906 2.461879 2.580857 2.707106 2.825944 2.925819 3.010886 3.11294 3.239683 3.384068 3.541441 3.697085 3.86518 4.057115 4.227017 4.359354 4.488558 4.577921 4.664468 4.753571 4.825634 4.879318 4.925869 4.986581 5.07141 5.176403 5.285401 5.387647 5.46887 5.538384 5.561831 5.524808 5.444293 5.316632 5.136886 4.920898 4.671204 4.387165 4.028397 3.640471 3.271995 2.877834 2.411886 1.86833 1.235418 .3378424 .4748112
2.118594 2.012836 1.906413 1.804863 1.723337 1.673552 1.639854 1.625357 1.651891 1.706716 1.792055 1.902177 2.022355 2.14924 2.277161 2.403818 2.518566 2.639524 2.776883 2.91969 3.030068 3.126462 3.226506 3.330767 3.456739 3.592611 3.726124 3.887369 4.085505 4.250147 4.373147 4.489396 4.576244 4.668282 4.760145 4.829847 4.893492 4.964883 5.041056 5.117727 5.206948 5.312625 5.42063 5.507198 5.578443 5.596425 5.550947 5.46787 5.345162 5.159106 4.925633 4.651901 4.339189 3.97148 3.564853 3.173693 2.777006 2.342757 1.860468 1.30843 .626352 .3659679
2.291718 2.179022 2.063398 1.956622 1.83985 1.738538 1.682042 1.659805 1.68493 1.735612 1.813915 1.916583 2.029209 2.154715 2.287475 2.423058 2.536233 2.649375 2.790606 2.943641 3.062847 3.174407 3.288604 3.375079 3.47475 3.592034 3.707294 3.861179 4.06427 4.23112 4.340686 4.447695 4.538984 4.634885 4.731434 4.804938 4.876213 4.965129 5.05619 5.137321 5.229773 5.344625 5.466626 5.554206 5.615362 5.629379 5.579851 5.48898 5.364851 5.188141 4.943011 4.655768 4.318882 3.932304 3.498523 3.070482 2.661804 2.258957 1.855072 1.438937 1.165208 1.327265
2.463941 2.338518 2.207346 2.074868 1.920694 1.785577 1.702918 1.678505 1.712999 1.765565 1.831467 1.915004 2.005853 2.111689 2.235687 2.363904 2.471204 2.577097 2.704278 2.836295 2.952209 3.064425 3.167844 3.252877 3.347109 3.455479 3.579628 3.725876 3.916733 4.101247 4.230674 4.345125 4.452557 4.554782 4.658347 4.742232 4.818888 4.917991 5.020597 5.112102 5.218825 5.349131 5.477722 5.562501 5.619233 5.635439 5.603723 5.519576 5.395086 5.223053 4.980277 4.690457 4.337719 3.929586 3.475204 3.018418 2.614727 2.216195 1.848289 1.574524 1.563409 1.854512
2.621141 2.494285 2.354126 2.185327 2.007579 1.844814 1.733403 1.693268 1.7284 1.782517 1.834545 1.899894 1.967831 2.049794 2.144884 2.242095 2.334117 2.426069 2.53676 2.651454 2.750924 2.846105 2.931064 3.004707 3.097614 3.216197 3.344003 3.49068 3.671597 3.866931 4.035425 4.175476 4.312254 4.431963 4.54194 4.64295 4.73285 4.839268 4.955216 5.060987 5.179523 5.321805 5.454448 5.547678 5.61669 5.636555 5.61973 5.56339 5.448564 5.278185 5.041165 4.752146 4.404155 3.991035 3.53177 3.075258 2.662727 2.276026 1.943088 1.821908 2.018021 2.453058
2.768904 2.65176 2.518657 2.339653 2.137769 1.952812 1.816709 1.741722 1.735074 1.773025 1.823432 1.867015 1.913394 1.983915 2.064234 2.132678 2.192198 2.264247 2.3584 2.456823 2.540874 2.615843 2.682231 2.736741 2.800086 2.915953 3.065676 3.222149 3.395604 3.584621 3.780341 3.963602 4.12603 4.275005 4.403523 4.523265 4.635873 4.752997 4.885316 5.010838 5.138906 5.290725 5.428185 5.529537 5.611305 5.64658 5.641112 5.608032 5.518799 5.349131 5.117658 4.834276 4.50143 4.096406 3.643725 3.199766 2.77315 2.405934 2.172573 2.177203 2.528425 3.037509
2.909203 2.804518 2.676396 2.498531 2.292789 2.094556 1.934612 1.814599 1.747174 1.746181 1.799118 1.847421 1.868299 1.911864 1.9859 2.046088 2.078845 2.116433 2.176483 2.25555 2.330673 2.390165 2.442606 2.490617 2.540751 2.620854 2.762289 2.926668 3.094136 3.288064 3.493387 3.6995 3.894806 4.082381 4.245411 4.384458 4.521996 4.66256 4.813733 4.961474 5.097542 5.257416 5.402796 5.514566 5.610767 5.667343 5.6756 5.646698 5.582495 5.423572 5.198485 4.923992 4.611744 4.233732 3.790942 3.366478 2.980647 2.646678 2.460098 2.56671 3.014352 3.587829
3.037014 2.942137 2.817424 2.658019 2.450726 2.234511 2.048167 1.892568 1.786211 1.750006 1.773837 1.824621 1.872004 1.897234 1.935649 1.960577 1.983817 1.984376 1.99644 2.040873 2.104235 2.159956 2.210412 2.277677 2.336825 2.400906 2.520267 2.670578 2.82615 3.005477 3.190896 3.404953 3.633863 3.85959 4.055931 4.220936 4.386519 4.563398 4.737443 4.909487 5.057831 5.225361 5.381491 5.506693 5.61983 5.698529 5.719874 5.688177 5.626256 5.489343 5.275247 5.016038 4.729376 4.412209 4.024584 3.638926 3.317547 3.050117 2.942686 3.211467 3.747854 4.281886
3.154912 3.076934 2.961034 2.815147 2.60659 2.388018 2.18811 2.010417 1.878603 1.809427 1.796962 1.822051 1.854994 1.870029 1.872264 1.857885 1.841867 1.83445 1.812877 1.813912 1.857042 1.917453 1.9865 2.068354 2.160728 2.249199 2.351653 2.475208 2.584827 2.721358 2.905934 3.117054 3.371252 3.623534 3.836843 4.024556 4.23914 4.45368 4.656231 4.850593 5.02046 5.199432 5.368402 5.509105 5.642204 5.741136 5.767554 5.729613 5.664269 5.544754 5.349843 5.106371 4.848136 4.620815 4.338053 4.047289 3.838105 3.706166 3.731605 4.000363 4.415062 4.796623
3.261131 3.196617 3.097099 2.959524 2.756377 2.540368 2.324461 2.140543 1.990647 1.891738 1.857708 1.877673 1.895376 1.859324 1.780223 1.688029 1.631375 1.626477 1.602834 1.580145 1.616784 1.695898 1.791866 1.906561 2.027401 2.12829 2.229115 2.306858 2.383656 2.480571 2.653914 2.855057 3.117208 3.396004 3.637802 3.860065 4.108857 4.352566 4.579287 4.794168 4.991592 5.186491 5.368 5.525893 5.681009 5.793876 5.818392 5.775508 5.704957 5.593368 5.419411 5.192892 4.9691 4.814503 4.622755 4.45501 4.338313 4.289494 4.346983 4.578831 4.896499 5.175669
3.359747 3.296158 3.203296 3.067633 2.888782 2.678084 2.461269 2.286306 2.128392 2.013806 1.988869 2.003283 2.001793 1.921802 1.788004 1.622482 1.517845 1.485517 1.448057 1.427717 1.485024 1.589774 1.720173 1.871565 2.013286 2.120129 2.19145 2.269914 2.3244 2.385442 2.546626 2.731416 2.985049 3.281206 3.552979 3.804478 4.056785 4.299233 4.540146 4.780024 4.998839 5.205203 5.393311 5.56461 5.735888 5.847091 5.866585 5.824481 5.748854 5.640934 5.485133 5.28786 5.103678 5.005145 4.878034 4.78512 4.756609 4.770661 4.836626 5.011341 5.235735 5.457389
