py_wake/examples/data/AJ_ParqueFicticio/Ridge area   Sector All   Height 200m   Power density.grd
DSAA
90  129
 262878   265103
 6504214   6507414
 17.06541   665.6069
[rows 81 to 107 of 129, columns 0 to 61 of 90]
135.1748 139.5672 144.6968 148.9029 152.5758 156.352 160.9834 166.607 173.8897 181.2309 188.9749 197.081 202.423 203.4906 200.5942 197.6195 195.2274 192.5262 191.6751 191.3567 188.8073 187.7787 186.9454 187.0464 187.1084 186.8054 185.4589 184.246 183.8478 183.4453 184.1783 187.8588 198.1406 216.8141 243.1849 275.6032 312.052 354.2104 400.0117 445.433 484.5471 525.175 561.0166 581.0142 585.9546 583.5126 571.8196 552.9571 515.2158 450.4553 366.6489 278.3058 215.9728 180.7129 159.7834 147.3351 140.9455 137.4599 135.71 135.6933 135.7325 135.3244
147.7605 155.3224 162.8407 169.0829 174.7275 179.9422 185.9983 191.5013 196.3811 202.6398 211.3542 220.0785 226.593 228.9041 225.9352 221.5714 216.7807 214.4557 215.6329 217.4985 213.7205 208.848 204.746 204.0232 205.362 207.39 207.446 207.9261 209.3194 209.9655 211.6154 215.8041 226.3855 247.1367 274.0723 304.8851 341.9435 384.7444 432.3301 473.5227 508.3549 547.9781 576.8611 585.7524 586.4606 581.9871 569.6089 551.7238 509.7908 443.0361 357.3333 269.4963 208.9887 173.2365 150.0994 135.3518 126.4363 120.7101 118.4371 118.9797 119.6158 120.2331
160.5724 170.9872 181.3013 189.6032 195.4854 201.9944 207.9724 210.8179 214.0317 220.9022 228.6053 235.0899 242.6841 247.026 242.4774 235.4266 229.8164 227.8904 230.7722 234.861 228.8967 221.9226 216.5834 215.637 219.0492 224.1134 226.4916 229.5306 234.6626 237.5357 240.2224 246.1866 258.4765 280.2084 307.1431 336.4412 373.2989 415.6825 462.0531 495.9116 526.8854 561.2735 582.9469 586.5666 585.3289 579.3429 567.4664 549.4592 507.8539 443.6511 360.466 274.6246 212.9035 174.8837 148.6434 130.3907 118.424 110.4492 106.7208 105.8422 105.4423 106.2014
172.8577 185.1377 196.798 205.6833 212.6189 218.7136 222.2641 223.9134 227.0786 233.2626 238.2711 241.8017 245.8116 247.4542 243.2987 237.145 232.3717 230.5182 231.8189 233.8705 229.3882 223.3586 219.0056 218.2713 222.1568 230.1938 237.6753 244.7764 254.7073 261.6349 268.7755 280.2234 295.9626 317.0741 343.4121 372.3897 405.3941 446.2767 486.4535 513.601 539.34 566.8319 582.9832 584.3387 581.1556 575.125 564.8503 544.2217 505.5534 448.9425 372.8443 293.5917 230.2794 186.8168 156.0495 133.876 119.2732 109.0613 102.6009 98.1461 95.47872 95.07021
184.3089 197.3559 208.6845 218.0694 226.5945 230.7314 231.806 233.0747 236.1548 240.1098 241.4268 240.0692 237.7301 235.0544 231.4526 227.588 224.0212 221.9333 221.0626 220.7421 217.8122 213.5961 210.3647 210.7184 215.4724 225.7925 238.3849 251.9139 267.9841 280.9775 297.3388 316.6957 336.094 356.9347 382.6017 409.7027 437.7404 475.7503 507.9369 528.3125 547.5262 565.4907 576.6063 577.3127 573.5385 568.6373 557.902 537.7522 505.7909 458.0549 391.2344 320.3906 256.5423 207.1661 171.1955 144.8805 127.8907 114.8748 104.5976 96.19735 89.85165 86.04135
194.2479 206.4501 217.2437 226.9483 235.204 237.5232 236.4245 235.2953 235.9027 237.4481 235.0116 229.327 223.2025 218.1793 213.7034 211.1175 210.113 208.8016 207.128 205.659 202.293 198.8728 196.7708 199.1723 205.1691 216.8846 233.8785 253.539 276.099 297.2496 322.0818 349.967 373.4551 396.4036 419.8848 441.2576 468.1002 502.2274 526.8585 541.2397 551.9673 558.4294 560.446 558.0261 554.0633 549.2623 540.6617 526.629 505.1807 467.358 410.505 349.5355 288.0466 234.4128 193.066 163.101 143.5503 127.0671 111.9646 99.23591 88.92957 80.83142
200.8488 211.8433 221.1209 229.5357 235.631 235.5802 232.1837 228.4668 225.7152 223.8216 219.4894 213.1286 206.4167 200.6327 195.3429 192.3134 192.099 192.6746 192.6861 190.9923 187.9018 184.6037 183.7684 188.7114 196.3073 208.8151 229.7865 254.4784 282.4385 311.5538 342.6417 374.6191 403.5625 430.5081 450.1946 468.5641 495.0033 524.7299 542.9953 551.4084 550.896 546.0134 539.8985 532.4077 526.722 522.7301 518.4819 510.7199 498.2678 470.7726 425.7634 375.2454 320.3258 267.6022 222.628 188.6324 165.9879 146.7766 127.9287 110.6635 97.05711 85.06602
202.8326 211.86 219.7341 226.0264 228.3781 226.3004 221.8866 216.3663 211.2569 205.7895 199.8613 193.3916 187.3634 181.775 176.8486 173.7396 172.5883 174.7572 177.1563 177.2887 175.4661 174.353 174.6908 181.7809 192.3442 207.1148 230.1158 257.9998 290.3494 324.1636 359.703 394.7954 428.9481 456.6235 473.9272 491.8216 517.0764 542.6835 555.9642 556.0214 544.4561 530.8235 518.5 507.7058 500.1517 495.8353 492.8874 488.1314 480.9366 464.0239 432.7403 394.4283 350.2256 302.7984 257.3256 220.1561 194.6537 174.0063 152.8219 131.7695 114.7341 99.28178
201.4795 208.5145 215.1129 219.1066 217.5065 212.6844 207.1563 200.9548 194.5844 187.7042 180.9035 174.2383 167.8954 162.6491 159.0493 156.6955 155.3325 158.6693 162.5466 164.6462 164.7822 166.1981 168.687 177.7014 191.7197 209.9169 234.2164 264.9461 301.3817 338.1659 376.4139 414.906 452.6984 478.9528 494.0055 511.624 535.2642 556.377 564.1359 555.7529 533.7365 512.1575 494.7284 478.9924 466.2295 460.1196 459.701 459.311 458.2057 448.4795 430.3616 406.3483 374.9461 336.3446 293.9673 256.2717 228.5617 207.1897 185.5706 161.6963 140.9232 122.7488
197.1363 201.8321 207.6714 209.8289 204.8236 197.6214 190.5849 184.4451 178.2384 172.2021 165.9169 159.3234 152.3401 146.9408 145.1019 145.2995 145.508 148.3422 152.5531 154.535 156.4908 160.4995 164.8502 176.0631 193.9127 216.1255 243.5481 277.9344 316.8008 354.943 394.9244 435.1601 474.0634 497.5897 511.0729 527.3666 547.6517 563.8516 566.1384 550.7867 517.825 486.6186 466.2231 448.847 433.9915 424.8898 423.8934 426.136 428.8593 426.0323 418.0593 407.1516 387.8862 358.53 323.3026 290.2482 264.5175 243.3826 222.7431 197.1483 173.4437 152.1253
187.2057 190.0794 193.9688 194.6305 188.8228 180.9946 174.1052 169.0373 164.2194 159.6626 155.3404 150.2566 144.0205 139.1456 138.8253 141.8152 143.6968 146.5909 150.7106 153.0425 156.0459 163.2177 169.3889 183.6524 205.611 230.8301 260.942 298.9223 337.7147 374.6449 414.2668 452.2301 487.1405 508.0031 519.6855 533.5244 548.8475 558.5396 556.301 533.7559 496.8517 464.6436 441.3495 419.9661 400.9154 389.9723 388.1123 390.7379 394.0878 398.212 398.4041 395.5118 384.1754 361.9703 334.4116 310.4096 291.8802 275.45 257.7997 234.8006 210.7882 186.9467
170.82 173.4071 175.254 173.7928 168.8386 162.5051 156.379 152.4668 149.8754 148.2507 146.5381 144.034 141.2995 139.7413 141.5749 145.122 147.4757 151.4925 156.5543 159.7553 166.0644 176.6598 188.1681 206.5439 230.7209 258.0117 289.0744 326.7465 362.8924 396.5706 433.4879 465.663 493.2793 510.0984 520.095 532.0663 541.6586 544.3891 536.7502 511.7196 475.7004 441.5755 413.1305 388.4575 366.0241 354.1014 352.3825 356.5271 362.0479 367.9052 371.7056 372.6984 366.3751 348.7763 328.3044 312.9464 303.5281 294.2071 283.1064 268.7417 249.8016 227.2248
152.6112 155.1336 156.5103 155.2744 150.532 144.7695 139.4413 137.0233 136.4412 137.8189 139.4478 140.5992 141.4664 142.8577 147.3185 151.738 154.6077 159.7682 165.8111 172.546 184.069 198.8908 217.4719 239.9126 265.4845 294.1679 325.5666 359.7196 389.8654 419.7116 451.7717 477.7978 497.5622 509.0327 515.8091 524.9042 528.6286 526.6058 515.4536 489.2437 452.2611 416.8661 384.0545 355.8015 331.388 317.6414 315.1652 321.929 330.1898 337.4706 343.7276 347.313 342.3102 327.0901 311.3211 301.9956 299.1891 298.3183 296.7787 294.2144 285.3451 268.9817
137.0945 138.8635 141.6139 141.8213 138.3566 132.4732 126.2175 124.3274 127.2481 130.3562 134.0748 138.8347 142.1376 146.3982 153.4326 159.4134 164.8719 171.7409 179.5187 190.7132 206.0856 226.978 250.2746 274.5401 301.7055 329.7127 360.7006 391.2065 415.5566 440.73 467.0802 486.8125 499.5165 504.1578 506.3716 510.5071 509.8474 505.5566 493.357 468.687 432.8941 395.0957 359.9995 327.9395 299.5253 284.0146 281.3894 287.2628 296.1845 305.896 315.2843 320.0249 314.7501 301.1224 286.7104 279.4341 281.5039 287.8077 295.2097 303.3948 307.7608 302.9136
124.7802 126.2669 129.5592 131.5328 129.5988 125.0671 121.1287 120.5189 125.1169 129.031 133.6703 140.5847 146.1305 152.886 161.7057 169.9771 177.9942 186.9685 198.106 212.2822 231.0138 254.8559 281.5014 308.535 335.9304 364.0702 393.9385 418.544 437.8258 457.9363 476.1212 488.3592 494.8748 494.0823 492.6311 492.2088 490.3886 486.4035 475.3296 452.5097 417.5857 381.4378 344.9202 307.714 274.7061 256.4595 251.6646 256.8448 266.274 277.0963 286.901 292.2061 287.7932 273.4082 260.3445 252.9862 256.3494 266.304 279.6887 295.4613 309.6457 316.7069
113.911 116.4513 119.9509 123.0772 122.9262 121.5169 120.3135 121.4359 127.419 132.3595 138.4121 146.0619 153.9415 163.4885 173.8014 183.5003 193.6644 206.1652 220.837 237.6481 258.0199 284.0119 313.3535 341.5541 368.2169 397.8312 424.4472 442.1085 456.9693 470.8797 480.1456 484.0205 484.1438 478.8461 474.2999 470.9126 468.3246 466.0101 457.8379 439.1322 407.8863 372.9621 334.6605 293.472 256.5835 233.9184 226.5969 230.2691 238.5091 248.4785 257.3954 263.6893 261.2609 246.9971 233.2849 225.5421 227.8185 237.5853 253.0434 273.6344 294.3984 311.567
105.8919 109.2291 113.1097 116.6876 118.5419 119.7835 120.4772 123.9333 131.3499 138.1886 146.2802 155.038 164.667 175.8446 187.4714 199.3005 211.7765 227.2661 245.1753 264.0429 286.8881 314.967 346.2344 371.8209 396.395 425.4913 448.3177 461.6967 472.7198 480.0334 479.9818 475.4129 468.1295 458.2237 450.4733 444.6854 442.645 443.2597 439.9486 427.67 401.2289 367.0969 327.8736 284.3846 243.3857 216.3006 205.1515 205.7078 210.2572 219.02 228.7311 236.8228 234.2251 220.4436 206.3294 197.8923 198.5262 205.7326 221.3204 245.4701 271.6605 295.7793
103.2343 106.2285 110.0657 113.1682 116.6116 119.4138 121.6541 127.9076 136.4891 145.1924 154.6309 165.2052 176.4026 188.7 202.1967 216.6835 231.1458 248.3218 267.1227 287.797 312.9627 341.372 370.9731 393.6754 416.1996 442.6096 462.655 474.0244 482.7188 484.7954 476.6595 464.8761 450.8064 435.9284 424.1718 415.9194 414.8763 418.652 421.1916 415.346 396.6049 366.9669 328.4503 283.3407 238.797 205.2689 188.6926 184.9247 185.7913 192.747 201.5769 210.0399 206.7911 193.8977 180.2109 170.9374 169.2225 173.857 187.476 213.3508 244.2605 273.4432
104.5132 108.191 111.882 114.5917 118.9247 122.6973 126.2427 133.9727 143.654 153.5395 163.9434 175.3412 188.064 201.4549 215.4046 230.4894 246.209 264.0984 282.336 302.7174 326.714 353.7417 380.8402 402.5612 423.9991 447.8182 467.2436 479.6079 487.8409 486.231 472.0116 453.0961 432.4912 412.3073 395.8656 386.0809 386.3226 393.2388 400.6553 402.3796 393.9918 371.6719 335.9101 290.6997 244.0611 205.2014 181.5535 170.8551 167.0407 168.8565 173.9547 180.4029 179.424 168.5163 155.9863 146.8218 143.3365 146.2583 157.0338 179.0626 209.0779 240.2936
1.70141E+38 1.70141E+38 1.70141E+38 1.70141E+38 1.70141E+38 1.70141E+38 1.70141E+38 1.70141E+38 1.70141E+38 1.70141E+38 1.70141E+38 1.70141E+38 1.70141E+38 1.70141E+38 1.70141E+38 1.70141E+38 1.70141E+38 1.70141E+38 1.70141E+38 1.70141E+38 1.70141E+38 1.70141E+38 1.70141E+38 1.70141E+38 1.70141E+38 1.70141E+38 1.70141E+38 1.70141E+38 1.70141E+38 1.70141E+38 1.70141E+38 1.70141E+38 1.70141E+38 1.70141E+38 1.70141E+38 1.70141E+38 1.70141E+38 1.70141E+38 1.70141E+38 1.70141E+38 1.70141E+38 1.70141E+38 1.70141E+38 1.70141E+38 1.70141E+38 1.70141E+38 1.70141E+38 1.70141E+38 1.70141E+38 1.70141E+38 1.70141E+38 1.70141E+38 1.70141E+38 1.70141E+38 1.70141E+38 1.70141E+38 1.70141E+38 1.70141E+38 1.70141E+38 1.70141E+38 1.70141E+38 1.70141E+38
1.70141E+38 1.70141E+38 1.70141E+38 1.70141E+38 1.70141E+38 1.70141E+38 1.70141E+38 1.70141E+38 1.70141E+38 1.70141E+38 1.70141E+38 1.70141E+38 1.70141E+38 1.70141E+38 1.70141E+38 1.70141E+38 1.70141E+38 1.70141E+38 1.70141E+38 1.70141E+38 1.70141E+38 1.70141E+38 1.70141E+38 1.70141E+38 1.70141E+38 1.70141E+38 1.70141E+38 1.70141E+38 1.70141E+38 1.70141E+38 1.70141E+38 1.70141E+38 1.70141E+38 1.70141E+38 1.70141E+38 1.70141E+38 1.70141E+38 1.70141E+38 1.70141E+38 1.70141E+38 1.70141E+38 1.70141E+38 1.70141E+38 1.70141E+38 1.70141E+38 1.70141E+38 1.70141E+38 1.70141E+38 1.70141E+38 1.70141E+38 1.70141E+38 1.70141E+38 1.70141E+38 1.70141E+38 1.70141E+38 1.70141E+38 1.70141E+38 1.70141E+38 1.70141E+38 1.70141E+38 1.70141E+38 1.70141E+38
1.70141E+38 1.70141E+38 1.70141E+38 1.70141E+38 1.70141E+38 1.70141E+38 1.70141E+38 1.70141E+38 1.70141E+38 1.70141E+38 1.70141E+38 1.70141E+38 1.70141E+38 1.70141E+38 1.70141E+38 1.70141E+38 1.70141E+38 1.70141E+38 1.70141E+38 1.70141E+38 1.70141E+38 1.70141E+38 1.70141E+38 1.70141E+38 1.70141E+38 1.70141E+38 1.70141E+38 1.70141E+38 1.70141E+38 1.70141E+38 1.70141E+38 1.70141E+38 1.70141E+38 1.70141E+38 1.70141E+38 1.70141E+38 1.70141E+38 1.70141E+38 1.70141E+38 1.70141E+38 1.70141E+38 1.70141E+38 1.70141E+38 1.70141E+38 1.70141E+38 1.70141E+38 1.70141E+38 1.70141E+38 1.70141E+38 1.70141E+38 1.70141E+38 1.70141E+38 1.70141E+38 1.70141E+38 1.70141E+38 1.70141E+38 1.70141E+38 1.70141E+38 1.70141E+38 1.70141E+38 1.70141E+38 1.70141E+38
1.70141E+38 1.70141E+38 1.70141E+38 1.70141E+38 1.70141E+38 1.70141E+38 1.70141E+38 1.70141E+38 1.70141E+38 1.70141E+38 1.70141E+38 1.70141E+38 1.70141E+38 1.70141E+38 1.70141E+38 1.70141E+38 1.70141E+38 1.70141E+38 1.70141E+38 1.70141E+38 1.70141E+38 1.70141E+38 1.70141E+38 1.70141E+38 1.70141E+38 1.70141E+38 1.70141E+38 1.70141E+38 1.70141E+38 1.70141E+38 1.70141E+38 1.70141E+38 1.70141E+38 1.70141E+38 1.70141E+38 1.70141E+38 1.70141E+38 1.70141E+38 1.70141E+38 1.70141E+38 1.70141E+38 1.70141E+38 1.70141E+38 1.70141E+38 1.70141E+38 1.70141E+38 1.70141E+38 1.70141E+38 1.70141E+38 1.70141E+38 1.70141E+38 1.70141E+38 1.70141E+38 1.70141E+38 1.70141E+38 1.70141E+38 1.70141E+38 1.70141E+38 1.70141E+38 1.70141E+38 1.70141E+38 1.70141E+38
1.70141E+38 1.70141E+38 1.70141E+38 1.70141E+38 1.70141E+38 1.70141E+38 1.70141E+38 1.70141E+38 1.70141E+38 1.70141E+38 1.70141E+38 1.70141E+38 1.70141E+38 1.70141E+38 1.70141E+38 1.70141E+38 1.70141E+38 1.70141E+38 1.70141E+38 1.70141E+38 1.70141E+38 1.70141E+38 1.70141E+38 1.70141E+38 1.70141E+38 1.70141E+38 1.70141E+38 1.70141E+38 1.70141E+38 1.70141E+38 1.70141E+38 1.70141E+38 1.70141E+38 1.70141E+38 1.70141E+38 1.70141E+38 1.70141E+38 1.70141E+38 1.70141E+38 1.70141E+38 1.70141E+38 1.70141E+38 1.70141E+38 1.70141E+38 1.70141E+38 1.70141E+38 1.70141E+38 1.70141E+38 1.70141E+38 1.70141E+38 1.70141E+38 1.70141E+38 1.70141E+38 1.70141E+38 1.70141E+38 1.70141E+38 1.70141E+38 1.70141E+38 1.70141E+38 1.70141E+38 1.70141E+38 1.70141E+38
1.70141E+38 1.70141E+38 1.70141E+38 1.70141E+38 1.70141E+38 1.70141E+38 1.70141E+38 1.70141E+38 1.70141E+38 1.70141E+38 1.70141E+38 1.70141E+38 1.70141E+38 1.70141E+38 1.70141E+38 1.70141E+38 1.70141E+38 1.70141E+38 1.70141E+38 1.70141E+38 1.70141E+38 1.70141E+38 1.70141E+38 1.70141E+38 1.70141E+38 1.70141E+38 1.70141E+38 1.70141E+38 1.70141E+38 1.70141E+38 1.70141E+38 1.70141E+38 1.70141E+38 1.70141E+38 1.70141E+38 1.70141E+38 1.70141E+38 1.70141E+38 1.70141E+38 1.70141E+38 1.70141E+38 1.70141E+38 1.70141E+38 1.70141E+38 1.70141E+38 1.70141E+38 1.70141E+38 1.70141E+38 1.70141E+38 1.70141E+38 1.70141E+38 1.70141E+38 1.70141E+38 1.70141E+38 1.70141E+38 1.70141E+38 1.70141E+38 1.70141E+38 1.70141E+38 1.70141E+38 1.70141E+38 1.70141E+38
1.70141E+38 1.70141E+38 1.70141E+38 1.70141E+38 1.70141E+38 1.70141E+38 1.70141E+38 1.70141E+38 1.70141E+38 1.70141E+38 1.70141E+38 1.70141E+38 1.70141E+38 1.70141E+38 1.70141E+38 1.70141E+38 1.70141E+38 1.70141E+38 1.70141E+38 1.70141E+38 1.70141E+38 1.70141E+38 1.70141E+38 1.70141E+38 1.70141E+38 1.70141E+38 1.70141E+38 1.70141E+38 1.70141E+38 1.70141E+38 1.70141E+38 1.70141E+38 1.70141E+38 1.70141E+38 1.70141E+38 1.70141E+38 1.70141E+38 1.70141E+38 1.70141E+38 1.70141E+38 1.70141E+38 1.70141E+38 1.70141E+38 1.70141E+38 1.70141E+38 1.70141E+38 1.70141E+38 1.70141E+38 1.70141E+38 1.70141E+38 1.70141E+38 1.70141E+38 1.70141E+38 1.70141E+38 1.70141E+38 1.70141E+38 1.70141E+38 1.70141E+38 1.70141E+38 1.70141E+38 1.70141E+38 1.70141E+38
1.70141E+38 1.70141E+38 1.70141E+38 1.70141E+38 1.70141E+38 1.70141E+38 1.70141E+38 1.70141E+38 1.70141E+38 1.70141E+38 1.70141E+38 1.70141E+38 1.70141E+38 1.70141E+38 1.70141E+38 1.70141E+38 1.70141E+38 1.70141E+38 1.70141E+38 1.70141E+38 1.70141E+38 1.70141E+38 1.70141E+38 1.70141E+38 1.70141E+38 1.70141E+38 1.70141E+38 1.70141E+38 1.70141E+38 1.70141E+38 1.70141E+38 1.70141E+38 1.70141E+38 1.70141E+38 1.70141E+38 1.70141E+38 1.70141E+38 1.70141E+38 1.70141E+38 1.70141E+38 1.70141E+38 1.70141E+38 1.70141E+38 1.70141E+38 1.70141E+38 1.70141E+38 1.70141E+38 1.70141E+38 1.70141E+38 1.70141E+38 1.70141E+38 1.70141E+38 1.70141E+38 1.70141E+38 1.70141E+38 1.70141E+38 1.70141E+38 1.70141E+38 1.70141E+38 1.70141E+38 1.70141E+38 1.70141E+38
