py_wake/examples/data/AJ_ParqueFicticio/Ridge area   Sector 8   Height 200m   Flow inclination.grd
DSAA
90  129
 262878   265103
 6504214   6507414
-21.86246   27.89935
[rows 27 to 53 of 129, columns 0 to 60 of 90]
7.439132 7.901913 8.360261 8.817999 9.301359 9.779294 10.22602 10.63534 10.93087 11.03875 11.00333 10.87172 10.64883 10.35982 10.04826 9.733353 9.448421 9.174109 8.941761 8.827936 8.70843 8.574314 8.486231 8.433571 8.472233 8.626517 8.845593 9.091436 9.234428 9.35192 9.466517 9.598043 9.796178 9.854652 9.961911 10.03122 10.00034 9.867187 9.572381 9.047707 8.551454 7.948593 7.14702 6.130745 4.98731 3.818309 2.719054 1.67311 .9156947 .4625219 .2067478 .1038094 .05635059 .967006 1.282638 11.97753 25.04592 4.310069 6.743152 8.41926 8.943741
7.356433 7.787168 8.186812 8.597283 9.050539 9.503931 9.947826 10.36424 10.68144 10.83924 10.84862 10.77478 10.6848 10.57016 10.41833 10.23311 10.03543 9.833492 9.662742 9.578564 9.444206 9.276717 9.169859 9.073572 9.023387 9.107186 9.244155 9.378901 9.441493 9.456084 9.464211 9.49754 9.599964 9.623302 9.66396 9.696882 9.660542 9.571301 9.356112 8.925508 8.481933 7.893299 7.066729 5.977459 4.79588 3.620543 2.540081 1.53816 .8379722 .5197532 .3548083 .3027222 .3182505 .7738859 3.433141 19.5064 25.06577 26.37074 10.26867 11.2919 11.70871
7.311817 7.698975 8.04603 8.412131 8.811802 9.200434 9.596245 9.97235 10.28118 10.44055 10.47532 10.51143 10.58502 10.66836 10.72882 10.72568 10.68616 10.59219 10.50729 10.47805 10.35626 10.20275 10.0798 9.925165 9.828538 9.883187 9.993335 10.06927 10.04775 9.947082 9.857881 9.802067 9.811171 9.802844 9.767478 9.755381 9.708939 9.64224 9.481696 9.13043 8.728302 8.143476 7.236908 6.045829 4.818452 3.610212 2.509292 1.566875 .9214787 .6710375 .5605388 .5594773 .6911409 1.82812 5.736642 21.17285 24.17805 26.52971 14.75554 15.08903 15.25846
7.220649 7.553477 7.855612 8.188075 8.541802 8.870883 9.195068 9.467811 9.70968 9.820793 9.948981 10.15953 10.41543 10.67445 10.91025 11.10227 11.26005 11.38574 11.52548 11.66912 11.64878 11.61117 11.59995 11.44561 11.31115 11.32768 11.36116 11.28615 11.11783 10.91422 10.70543 10.52018 10.44093 10.37028 10.26132 10.18845 10.1237 10.062 9.920104 9.59601 9.161817 8.486231 7.426166 6.15819 4.938295 3.723722 2.592385 1.724205 1.142087 .9357059 .874332 .9191887 1.191672 2.909332 7.858522 18.12832 21.15155 25.26649 20.11771 19.63792 19.18738
7.19328 7.477362 7.738168 8.037119 8.342148 8.611832 8.855919 9.02989 9.203028 9.308951 9.527229 9.858759 10.25412 10.63625 10.9925 11.32602 11.69125 12.09772 12.48891 12.77777 12.93141 13.08521 13.23886 13.28611 13.21993 13.21412 13.11073 12.84161 12.5164 12.20524 11.90925 11.65757 11.47186 11.27545 11.07078 10.91161 10.79642 10.6934 10.50842 10.13893 9.612391 8.755088 7.533091 6.233931 5.008051 3.814029 2.696728 1.911369 1.44183 1.320401 1.343332 1.438254 1.826887 3.653307 11.80946 15.45317 16.46158 19.07043 24.38721 23.61767 22.59109
7.258064 7.516135 7.755341 8.042303 8.321841 8.553682 8.74636 8.875313 9.039598 9.185896 9.460907 9.838832 10.27456 10.70468 11.12492 11.56238 12.10578 12.72333 13.2417 13.64295 13.9752 14.25521 14.49662 14.6741 14.82547 14.89745 14.78547 14.47907 14.09694 13.72175 13.32841 12.96698 12.61259 12.28881 12.01293 11.78347 11.61094 11.4518 11.19864 10.76665 10.15461 9.138709 7.833066 6.539351 5.269094 4.095001 3.000981 2.229514 1.850218 1.794707 1.902945 2.070906 2.576345 6.474486 11.20932 13.98053 14.04772 14.72272 14.85137 26.48348 25.03933
7.410096 7.654237 7.882858 8.17602 8.46055 8.696794 8.889202 9.031529 9.222219 9.438458 9.767614 10.17404 10.60754 11.0218 11.44601 11.94336 12.60488 13.28791 13.83407 14.30794 14.71562 15.09565 15.45251 15.74559 16.02577 16.31406 16.44738 16.233 15.9044 15.46579 14.97265 14.51616 14.01262 13.57549 13.22576 12.89505 12.62255 12.3676 12.02819 11.53964 10.82887 9.658205 8.298631 7.027948 5.713726 4.550739 3.506881 2.730364 2.382656 2.398495 2.601094 2.854575 3.747386 6.363485 9.913281 12.10883 12.71041 13.69612 18.79409 27.89935 26.02884
7.693448 7.917534 8.134672 8.456388 8.774099 9.051266 9.297464 9.516149 9.759389 10.04326 10.38565 10.7722 11.17013 11.55982 12.00084 12.55767 13.25287 13.84227 14.3076 14.7424 15.21473 15.70576 16.16391 16.60366 17.08542 17.53252 17.84913 17.98452 17.7179 17.28805 16.8248 16.31541 15.72163 15.22723 14.75357 14.2586 13.86673 13.45998 12.98903 12.42354 11.59104 10.32099 8.941792 7.696394 6.35107 5.188716 4.187007 3.409627 3.079585 3.113693 3.360678 3.708187 3.700024 6.166973 8.456684 9.453858 9.727175 10.49555 7.455093 10.07275 26.39703
8.110909 8.272826 8.448022 8.794518 9.135736 9.457948 9.75687 10.03632 10.33569 10.67392 11.04795 11.45353 11.85005 12.25057 12.72759 13.31504 13.9091 14.38373 14.78772 15.19036 15.66561 16.1717 16.70167 17.27546 17.87418 18.41788 18.86516 19.08131 19.01509 18.74445 18.28905 17.76697 17.21248 16.69403 16.12309 15.55123 15.03056 14.47541 13.88728 13.246 12.30913 11.00072 9.659334 8.457072 7.10185 5.942014 4.921281 4.159523 3.80404 3.831086 4.098268 4.47964 8.270948 5.354412 6.771468 6.826006 4.631164 4.692418 4.111172 3.690066 18.35289
8.577468 8.648419 8.771581 9.144988 9.48276 9.812188 10.12031 10.42846 10.77428 11.14525 11.54485 11.99794 12.42627 12.86956 13.39056 13.94468 14.46323 14.89194 15.262 15.67787 16.13144 16.606 17.1587 17.72901 18.31488 18.86736 19.30687 19.55062 19.51388 19.31985 19.07995 18.63927 18.17422 17.64429 17.03825 16.40388 15.8108 15.14491 14.49781 13.82917 12.90687 11.67548 10.39451 9.227879 7.870287 6.668776 5.578829 4.808042 4.456746 4.420752 4.605078 4.945137 5.440781 9.907829 5.273078 4.703118 .8451994 1.087622 4.001249 4.299137 9.606267
9.064969 9.041378 9.123438 9.51306 9.798572 10.08894 10.36593 10.66875 11.04404 11.47356 11.96704 12.47999 12.93326 13.39421 13.89203 14.40255 14.95196 15.39391 15.78459 16.22424 16.60208 17.02989 17.48768 17.9667 18.44306 18.89421 19.25598 19.43044 19.34259 19.21953 19.12255 18.91523 18.52281 17.97134 17.42038 16.78813 16.11557 15.45192 14.88093 14.28929 13.42356 12.27038 11.03143 9.817438 8.494839 7.201218 6.082664 5.304949 4.91111 4.794333 4.886163 5.13345 5.528439 6.444994 12.07736 4.748166 -.1194875 .5761269 5.794809 3.910444 -1.141659
9.514647 9.457922 9.534714 9.898885 10.09821 10.31843 10.55486 10.84048 11.21907 11.6381 12.15581 12.67563 13.13542 13.60759 14.13816 14.72812 15.30677 15.77412 16.23947 16.61308 16.85163 17.16969 17.54591 17.91024 18.25627 18.56171 18.8034 18.89054 18.77118 18.65102 18.54843 18.42016 18.19962 17.84369 17.30686 16.72242 16.15488 15.62798 15.15183 14.57809 13.74694 12.61806 11.35341 10.08882 8.790701 7.417524 6.312164 5.544514 5.142533 4.952566 4.967158 5.125134 5.390374 6.042075 9.138961 12.44525 2.565852 3.488502 7.821733 .6924818 23.19148
9.995094 9.915062 9.985023 10.23164 10.32284 10.48194 10.67849 10.94616 11.32191 11.75268 12.26945 12.73569 13.15449 13.62572 14.20825 14.82726 15.36782 15.86215 16.25742 16.53154 16.71501 16.93558 17.2354 17.48055 17.74007 17.91726 18.02168 18.06356 17.97014 17.80903 17.67632 17.57284 17.30404 17.04319 16.69825 16.24015 15.72103 15.24986 14.83729 14.32352 13.55331 12.46102 11.25232 10.02042 8.802194 7.487579 6.410353 5.596789 5.120954 4.851267 4.814897 4.930241 5.152408 5.727245 8.209611 13.30905 8.700624 8.254997 6.108116 -2.697166 23.46526
10.56258 10.39481 10.37433 10.43696 10.44543 10.56385 10.7116 10.93877 11.28261 11.69825 12.18781 12.60629 12.98836 13.45409 13.99065 14.51851 15.01369 15.43586 15.71578 15.91365 16.07458 16.31824 16.56574 16.69477 16.83276 16.86791 16.8938 16.91008 16.77444 16.59408 16.37517 16.2196 15.93445 15.69678 15.47321 15.23375 14.88343 14.48919 14.1441 13.70212 13.04898 12.13283 11.04963 9.889473 8.702802 7.452908 6.379516 5.489366 4.910527 4.586671 4.503801 4.578523 4.793139 5.446306 7.519057 12.31891 9.802517 8.98375 5.401713 -1.118083 23.46686
11.1222 10.82111 10.59709 10.51111 10.47357 10.5941 10.70805 10.90867 11.20856 11.57617 11.98204 12.29872 12.61075 12.98907 13.41617 13.84497 14.2499 14.60631 14.78814 14.97565 15.18325 15.34859 15.48797 15.48516 15.49494 15.379 15.31967 15.24303 15.17051 14.90757 14.67944 14.45832 14.14899 13.99595 13.93546 13.7417 13.46857 13.24387 13.06104 12.7764 12.32892 11.46278 10.38264 9.308281 8.222328 7.072226 6.044091 5.188353 4.609586 4.229724 4.063546 4.091379 4.350886 5.141822 6.990766 11.05197 11.1713 6.278761 4.918436 .751066 23.00014
11.47378 11.04393 10.66865 10.50678 10.45936 10.62403 10.67534 10.82888 11.0594 11.36742 11.69318 11.92087 12.15024 12.39587 12.64514 12.88309 13.12556 13.37466 13.57885 13.77039 13.88517 14.00293 14.04713 13.93713 13.83128 13.67773 13.566 13.43174 13.31414 13.00469 12.83351 12.54665 12.35548 12.31218 12.27795 12.1082 11.98487 12.00215 12.00061 11.8471 11.36849 10.55992 9.668084 8.7541 7.756403 6.652129 5.627467 4.770562 4.143569 3.743547 3.547883 3.582361 3.985883 4.750243 6.377497 10.22655 11.45922 8.622727 8.303423 13.77568 21.90949
12.01738 11.49509 11.05083 10.76297 10.5422 10.52837 10.49744 10.64763 10.83278 11.07458 11.27871 11.37738 11.50058 11.63159 11.78415 11.90501 12.02737 12.1766 12.31322 12.41768 12.4539 12.52317 12.49899 12.3544 12.17675 11.93834 11.79378 11.6903 11.55664 11.2608 11.09763 10.84885 10.75101 10.75183 10.72762 10.67531 10.71397 10.84836 10.93796 10.79317 10.41191 9.839863 9.088727 8.250664 7.308641 6.227816 5.216052 4.362973 3.745623 3.308047 3.117133 3.177309 3.698076 4.44548 5.819764 8.963365 11.06512 10.04468 10.73135 13.94042 18.03231
12.59499 12.03782 11.56941 11.17022 10.74369 10.48102 10.2973 10.37677 10.54185 10.73359 10.82686 10.82121 10.82542 10.81112 10.80288 10.74358 10.70832 10.72832 10.76148 10.74285 10.74168 10.79762 10.74491 10.62087 10.46307 10.26663 10.16135 10.10351 10.032 9.757215 9.582057 9.359395 9.290719 9.317202 9.323073 9.360769 9.498829 9.684465 9.788523 9.742353 9.550499 9.176708 8.569425 7.797105 6.894812 5.841474 4.835347 3.975654 3.357805 2.933161 2.766614 2.866373 3.484456 4.194736 5.254137 7.60673 10.51865 9.814489 10.43173 12.10575 15.33577
13.07579 12.43148 11.89511 11.3645 10.7602 10.37228 10.14664 10.16294 10.21118 10.24823 10.23298 10.11441 10.01033 9.872518 9.726437 9.524878 9.356463 9.252195 9.140082 8.97525 8.86036 8.832754 8.760989 8.678226 8.590865 8.478378 8.436089 8.4074 8.456224 8.244051 8.129228 8.024985 8.013313 8.084007 8.127499 8.196293 8.372742 8.589898 8.716405 8.764562 8.709962 8.464827 7.905746 7.130148 6.281742 5.333471 4.437444 3.642536 3.056421 2.67363 2.511205 2.685336 3.334552 4.007736 4.804197 6.47095 9.641909 9.173945 9.415068 10.88288 14.10289
13.43799 12.79838 12.26563 11.67177 11.02773 10.56892 10.26422 10.16608 10.04282 9.850165 9.602756 9.261662 8.942575 8.643335 8.355564 8.039752 7.802783 7.624115 7.395383 7.134214 6.958496 6.847336 6.714827 6.659138 6.673896 6.690485 6.723135 6.775772 6.87058 6.804842 6.829591 6.871281 6.964777 7.084331 7.194897 7.313506 7.505313 7.728903 7.843988 7.929148 7.939748 7.742384 7.201031 6.499239 5.742537 4.899221 4.123349 3.399487 2.85362 2.502409 2.359616 2.567755 3.228303 3.888482 4.492301 5.581255 7.551939 8.672042 8.683635 9.809903 11.89468
13.83325 13.22843 12.81377 12.30946 11.69579 11.20859 10.84463 10.56844 10.21534 9.814227 9.386299 8.849506 8.366695 7.901675 7.411588 6.947832 6.592627 6.331516 6.065241 5.769965 5.51488 5.350954 5.25082 5.247912 5.372405 5.52486 5.663319 5.762342 5.8719 5.905729 6.00195 6.135666 6.289042 6.43276 6.588302 6.76291 6.994208 7.247678 7.396299 7.506978 7.531874 7.346059 6.825023 6.199203 5.482744 4.688263 3.97306 3.332843 2.787901 2.427821 2.290605 2.494787 3.158587 3.839076 4.295372 4.914778 5.987727 7.629673 7.984427 8.582982 7.786194
14.17062 13.63999 13.23531 12.82705 12.38707 11.99369 11.61432 11.20002 10.68805 10.1769 9.643875 8.966433 8.317961 7.714574 7.101549 6.534582 6.091314 5.793499 5.543532 5.281997 5.042954 4.859201 4.740278 4.706953 4.821482 5.058048 5.281371 5.440215 5.558348 5.625578 5.743578 5.910462 6.075228 6.230477 6.407568 6.614901 6.866552 7.145689 7.32337 7.414925 7.439004 7.253255 6.742725 6.156357 5.457895 4.681687 3.960219 3.336381 2.784352 2.372626 2.229621 2.421112 3.072207 3.774485 4.106876 4.415428 4.911797 5.47817 5.949659 5.492879 5.338617
14.35991 13.92924 13.52666 13.22214 12.88021 12.50669 12.13406 11.75866 11.36975 10.96534 10.41747 9.653189 8.862937 8.158982 7.39282 6.740178 6.235939 5.853282 5.584113 5.355568 5.129766 4.944218 4.819744 4.769745 4.855166 5.0643 5.315313 5.527893 5.699267 5.838848 5.961095 6.102324 6.277521 6.428275 6.59718 6.808722 7.070816 7.357134 7.551276 7.599979 7.597425 7.403201 6.908501 6.353355 5.667162 4.867622 4.077463 3.383919 2.813794 2.332159 2.157846 2.340254 2.999532 3.780545 4.039402 4.192795 4.405212 4.614851 4.621343 4.63519 5.619168
14.3703 14.08471 13.80793 13.50451 13.26857 13.07059 12.89149 12.64837 12.38347 12.11533 11.66661 10.9499 10.0365 9.119622 8.115437 7.320317 6.739347 6.291453 6.02423 5.856095 5.712618 5.563128 5.466168 5.409384 5.404417 5.536437 5.750272 5.966284 6.180702 6.370956 6.526884 6.696439 6.869841 6.997668 7.130371 7.337879 7.596901 7.846603 8.031878 8.03694 8.015679 7.809176 7.322038 6.775692 6.077404 5.208716 4.294393 3.499715 2.857019 2.387726 2.159471 2.30944 2.970334 3.881476 4.147925 4.294295 4.46144 4.664553 4.885896 5.423165 6.624123
14.19387 14.00849 13.84504 13.60791 13.35725 13.29738 13.23402 13.24608 13.24293 13.20199 12.98493 12.40769 11.4006 10.2448 9.06893 8.155586 7.553053 7.078448 6.794649 6.67693 6.613979 6.548501 6.497223 6.431321 6.366134 6.391211 6.502062 6.640636 6.806011 7.067553 7.307161 7.540541 7.723752 7.828135 7.93469 8.151278 8.405438 8.608727 8.760176 8.732194 8.667036 8.433165 7.925879 7.368167 6.633798 5.651731 4.579583 3.689905 2.988503 2.542887 2.286033 2.395602 3.030804 4.059494 4.447277 4.676203 4.932769 5.229176 5.648503 6.392619 7.475759
13.84341 13.69483 13.53589 13.34725 13.26928 13.32824 13.50967 13.85729 14.11778 14.40065 14.49067 13.99472 12.88528 11.6065 10.36493 9.357561 8.746364 8.250304 7.94766 7.877454 7.890941 7.89866 7.884486 7.829125 7.701015 7.625206 7.637519 7.653295 7.726118 8.010544 8.276299 8.566652 8.781667 8.888738 9.003388 9.220207 9.431414 9.581307 9.694941 9.656115 9.516166 9.208964 8.642988 8.042171 7.225906 6.093915 4.890348 3.940272 3.193259 2.754564 2.523341 2.62656 3.206361 4.217852 4.848214 5.183156 5.559495 6.010464 6.510094 7.167992 7.790202
13.44287 13.3661 13.24301 13.0604 13.07853 13.25325 13.66708 14.26912 14.85562 15.5847 15.95539 15.60849 14.55871 13.38043 12.24314 11.2562 10.57265 9.981205 9.610825 9.558083 9.601707 9.64097 9.656356 9.624845 9.49015 9.385996 9.3603 9.308395 9.281426 9.510401 9.722778 9.966497 10.16046 10.22602 10.31477 10.48347 10.63581 10.74887 10.83022 10.75343 10.5119 10.09557 9.426395 8.693442 7.708531 6.389568 5.136301 4.183842 3.425973 2.982526 2.797104 2.956991 3.476511 4.450562 5.339243 5.719675 6.142493 6.604598 7.074251 7.437549 7.511752
