py_wake/examples/data/AJ_ParqueFicticio/Ridge area   Sector 8   Height 30m   Mean speed.grd
DSAA
90  129
 262878   265103
 6504214   6507414
 .3099307   8.376832
[rows 27 to 53 of 129, columns 0 to 61 of 90]
4.613508 4.629272 4.659575 4.68862 4.71326 4.737331 4.758489 4.775035 4.802179 4.83142 4.854616 4.870782 4.884455 4.897507 4.916009 4.93861 4.964409 4.991076 5.019266 5.045521 5.095272 5.150728 5.202211 5.257613 5.310847 5.371508 5.44281 5.529085 5.626621 5.71942 5.811901 5.902271 5.994882 6.086425 6.166498 6.250118 6.335523 6.418664 6.510005 6.589157 6.64142 6.695824 6.749344 6.791644 6.799706 6.765488 6.691707 6.567272 6.402678 6.195262 5.91035 5.499435 4.858148 3.277336 3.038053 1.918565 1.017347 1.52758 1.627953 1.766286 1.882218 1.956137
4.612685 4.637303 4.673379 4.707232 4.740173 4.775169 4.80641 4.834287 4.86296 4.891345 4.910255 4.917507 4.911626 4.900752 4.89215 4.891146 4.898201 4.909832 4.923032 4.94504 4.981321 5.019901 5.055809 5.100903 5.140222 5.185236 5.247719 5.325955 5.420255 5.521252 5.617604 5.710393 5.810266 5.908364 6.001249 6.092561 6.185624 6.274321 6.37357 6.464585 6.538679 6.615324 6.689121 6.738222 6.739807 6.698544 6.620644 6.489077 6.312162 6.096078 5.774457 5.268437 4.507239 3.553078 2.614984 1.2859 .9088298 .8097712 1.601804 1.750755 1.874399 1.959269
4.611104 4.644379 4.683722 4.718962 4.757135 4.800509 4.84159 4.882492 4.918243 4.953222 4.964637 4.951647 4.930254 4.907144 4.883666 4.865517 4.853353 4.847649 4.843211 4.851683 4.873622 4.892381 4.904602 4.928472 4.953485 4.979108 5.034855 5.115429 5.214103 5.316518 5.41386 5.510219 5.60989 5.715976 5.82211 5.920378 6.021524 6.120975 6.231807 6.340353 6.439424 6.54243 6.642467 6.700585 6.697141 6.648077 6.560819 6.421152 6.231984 5.998462 5.625655 5.017477 4.163538 3.200085 2.253288 .8906326 .8054858 .6996174 1.494461 1.620426 1.730302 1.81432
4.604043 4.644239 4.685864 4.722543 4.763651 4.808886 4.853894 4.901917 4.946054 4.985418 4.98555 4.961987 4.933738 4.909593 4.886538 4.861653 4.836742 4.811302 4.786176 4.779232 4.790529 4.788302 4.78325 4.793376 4.801908 4.808128 4.860822 4.948694 5.043308 5.138381 5.233725 5.323071 5.410526 5.523542 5.643012 5.752137 5.860007 5.972501 6.099958 6.230342 6.358885 6.496501 6.623026 6.683216 6.679348 6.624656 6.521045 6.371025 6.165813 5.903992 5.480421 4.804475 3.919383 2.961426 2.026978 .8228295 .7157527 .5955517 1.388626 1.478659 1.568047 1.646604
4.577336 4.620312 4.663069 4.698833 4.740573 4.786513 4.831407 4.875296 4.915617 4.947983 4.947387 4.933581 4.916256 4.899076 4.881561 4.859771 4.829693 4.797281 4.774344 4.768449 4.771 4.761864 4.758461 4.771923 4.769092 4.773862 4.81665 4.885955 4.954034 5.025673 5.105936 5.18986 5.281628 5.38998 5.501624 5.612707 5.724842 5.846251 5.987576 6.137425 6.289174 6.451802 6.587532 6.647188 6.650557 6.600132 6.486014 6.327831 6.115747 5.838362 5.39883 4.702372 3.83032 2.904685 1.60712 .7862368 .6642644 .5246953 1.310933 1.375503 1.443019 1.513842
4.543715 4.588316 4.631458 4.665771 4.704873 4.745975 4.783664 4.816175 4.848387 4.871021 4.874853 4.873122 4.871601 4.868431 4.860076 4.842498 4.815698 4.797662 4.797081 4.797348 4.796623 4.795027 4.796753 4.802223 4.810116 4.820291 4.844192 4.886335 4.927707 4.974353 5.040352 5.118276 5.209686 5.300206 5.39217 5.494459 5.607137 5.734583 5.885262 6.047172 6.216381 6.394122 6.527929 6.590765 6.60344 6.559499 6.451997 6.291215 6.083988 5.803499 5.36727 4.689587 3.85234 2.308533 1.674524 .765907 .6367479 .4968859 .3498437 1.3108 1.362435 1.426399
4.504135 4.552289 4.597137 4.630223 4.666941 4.703221 4.733211 4.754074 4.77667 4.792543 4.802899 4.812119 4.822398 4.829339 4.827227 4.814207 4.79731 4.807664 4.833145 4.845792 4.853906 4.854732 4.855496 4.858452 4.859416 4.866961 4.892906 4.920475 4.944996 4.981918 5.029365 5.082156 5.160144 5.234644 5.30943 5.406036 5.516149 5.642753 5.79378 5.959504 6.145237 6.335816 6.466508 6.534992 6.555963 6.516699 6.423275 6.2673 6.063425 5.794611 5.39918 4.7886 3.178342 2.42177 1.835598 .7836924 .6300738 .4773728 .3099307 1.301885 1.341558 1.406509
4.460019 4.516384 4.566447 4.600969 4.640137 4.675654 4.70192 4.719318 4.733612 4.745528 4.761071 4.77823 4.795152 4.804993 4.802362 4.790373 4.793335 4.830904 4.873226 4.903522 4.914833 4.922466 4.928026 4.928104 4.921889 4.927372 4.953331 4.997633 5.037942 5.07304 5.103125 5.143897 5.200003 5.251957 5.320455 5.409609 5.498443 5.618436 5.756532 5.912116 6.104306 6.293057 6.415722 6.490798 6.521224 6.488436 6.412349 6.272017 6.084549 5.852121 5.510003 4.989015 3.36028 2.614405 2.079608 1.562257 .6716594 .4891442 .3387182 .7475944 1.296642 1.347161
4.427128 4.493845 4.547937 4.584464 4.633229 4.676517 4.710078 4.734131 4.748109 4.756868 4.772799 4.788184 4.804883 4.813392 4.810416 4.805454 4.827188 4.871549 4.916274 4.951001 4.974336 4.997775 5.012021 5.019586 5.026057 5.042894 5.072659 5.126276 5.193673 5.244653 5.280007 5.319539 5.356406 5.397327 5.459404 5.524153 5.599331 5.699538 5.811894 5.938504 6.109852 6.279562 6.389909 6.469588 6.510173 6.490468 6.429635 6.31282 6.141054 5.942957 5.676511 5.262339 2.544187 2.970175 2.41388 1.944219 .7913372 .5941372 .4470033 .3986347 .879705 1.011494
4.411861 4.481942 4.536654 4.57426 4.638016 4.694462 4.740272 4.774292 4.796744 4.811764 4.821006 4.82954 4.848664 4.85745 4.859022 4.869094 4.892695 4.929335 4.971035 5.005631 5.040428 5.07908 5.10637 5.137403 5.168556 5.203446 5.251699 5.317483 5.393201 5.456965 5.510538 5.540707 5.571146 5.610347 5.661609 5.715278 5.773522 5.847574 5.92646 6.022986 6.155845 6.294402 6.39486 6.480348 6.534483 6.530909 6.475632 6.367787 6.22907 6.063387 5.862446 5.546328 5.040269 2.377517 2.752371 2.272917 1.351873 .7524515 .581399 .4851287 .6504349 .7881669
4.411644 4.476901 4.529068 4.570246 4.651363 4.722208 4.780205 4.82434 4.856521 4.881732 4.897053 4.913969 4.934152 4.944213 4.952429 4.962 4.977652 5.006986 5.042217 5.080037 5.132637 5.182974 5.229878 5.28175 5.337407 5.394903 5.459331 5.539028 5.626889 5.687789 5.733684 5.780381 5.819434 5.856329 5.891538 5.932569 5.977497 6.019491 6.058393 6.122621 6.229072 6.348136 6.445769 6.534504 6.596056 6.611613 6.55155 6.446585 6.330073 6.191258 6.016571 5.782067 5.376625 4.315684 2.156682 2.373719 1.941771 .9509494 .7400252 .6625698 .7104465 1.82636
4.430521 4.479043 4.527424 4.580058 4.674222 4.753247 4.819276 4.87187 4.913042 4.952408 4.983754 5.022418 5.05806 5.080324 5.088427 5.095179 5.112619 5.139832 5.165841 5.211541 5.276259 5.33471 5.394439 5.458153 5.527325 5.60182 5.679825 5.765238 5.853855 5.923187 5.975917 6.020998 6.067301 6.107542 6.133866 6.159841 6.180752 6.197174 6.218149 6.267423 6.353532 6.459312 6.553209 6.630517 6.685983 6.70085 6.642237 6.544095 6.433846 6.313313 6.15876 5.951478 5.611612 4.84359 3.034249 1.95926 1.920893 1.152507 .919651 .8659981 1.777119 1.796636
4.448789 4.492788 4.542099 4.613927 4.708841 4.789629 4.863183 4.925688 4.979058 5.028593 5.074535 5.131055 5.182914 5.219124 5.240884 5.26156 5.296601 5.333096 5.381833 5.438328 5.496882 5.552541 5.610723 5.674904 5.742838 5.823888 5.907558 5.98945 6.073952 6.150857 6.212127 6.263384 6.314687 6.352775 6.3863 6.397304 6.409434 6.414532 6.421263 6.454259 6.518361 6.602768 6.674407 6.730437 6.770555 6.772546 6.719569 6.643351 6.545987 6.426009 6.285776 6.091168 5.762754 5.052742 3.541364 2.155855 1.596067 1.230494 1.085969 1.031553 1.749998 1.761033
4.487313 4.529158 4.587101 4.667885 4.751326 4.827518 4.905231 4.974282 5.038653 5.102253 5.168213 5.243599 5.310609 5.360892 5.406781 5.457125 5.504142 5.557534 5.621898 5.680966 5.735368 5.787576 5.854943 5.932049 6.00472 6.076797 6.146763 6.225 6.308462 6.387151 6.454638 6.510932 6.562009 6.591811 6.611198 6.627594 6.628864 6.624876 6.621907 6.638424 6.677832 6.735155 6.788412 6.831677 6.865575 6.862039 6.812379 6.737487 6.641883 6.521804 6.387341 6.212188 5.879074 5.141763 3.718424 2.423313 1.61831 1.257527 1.136804 1.098813 1.722288 1.726539
4.552936 4.587897 4.649296 4.718391 4.788639 4.860252 4.942963 5.017991 5.093363 5.170948 5.255426 5.347716 5.430337 5.504132 5.576088 5.647381 5.715107 5.778924 5.848965 5.905874 5.957515 6.019028 6.091489 6.182391 6.262579 6.340696 6.402434 6.459502 6.532487 6.613741 6.672124 6.729395 6.770708 6.784758 6.795082 6.81709 6.827477 6.809899 6.790534 6.791039 6.817034 6.873837 6.919823 6.944088 6.960319 6.952243 6.906702 6.820729 6.719224 6.603168 6.46409 6.281004 5.956919 5.219704 3.830623 2.566679 1.715994 1.408886 1.227129 1.128348 1.694401 1.690299
4.628458 4.640895 4.682352 4.73158 4.803467 4.888651 4.979862 5.060627 5.144202 5.230896 5.330439 5.43766 5.534907 5.625743 5.713974 5.801469 5.883787 5.959115 6.027769 6.090517 6.157057 6.219522 6.292237 6.379038 6.457951 6.530352 6.59039 6.641476 6.700124 6.772538 6.819333 6.87045 6.890879 6.899758 6.915583 6.933023 6.92656 6.905809 6.892566 6.893962 6.927278 6.966448 6.988517 6.999183 7.011043 7.003125 6.960042 6.886505 6.781207 6.656377 6.501896 6.298207 5.971672 5.273929 3.914277 2.610787 1.839546 1.692136 1.563733 1.583404 1.676982 1.668059
4.685745 4.681265 4.697353 4.738225 4.80257 4.896501 5.001993 5.091658 5.182767 5.28032 5.392404 5.510727 5.619036 5.722751 5.82138 5.917888 6.008017 6.092857 6.173114 6.248709 6.315204 6.372286 6.437606 6.509442 6.574603 6.633733 6.681182 6.723271 6.775559 6.837216 6.87961 6.919816 6.934299 6.948246 6.966813 6.973339 6.965308 6.956312 6.962506 6.972127 6.989939 7.007279 7.025794 7.038687 7.049346 7.039209 6.992902 6.919868 6.81839 6.682458 6.513647 6.294228 5.94905 5.282459 3.988465 2.685907 1.895381 1.824841 1.723157 1.683586 1.681345 1.666374
4.767742 4.747248 4.735457 4.770594 4.828787 4.906439 4.993844 5.081155 5.190521 5.308466 5.429509 5.555357 5.675441 5.791389 5.902109 6.008111 6.10075 6.188055 6.275585 6.360337 6.42674 6.484079 6.541272 6.590152 6.640296 6.678892 6.710151 6.743567 6.792028 6.846124 6.882145 6.912323 6.926313 6.944067 6.962746 6.968582 6.970002 6.978965 6.997336 7.008748 7.016437 7.032896 7.057286 7.076779 7.089491 7.073216 7.016228 6.935889 6.835206 6.694924 6.518898 6.290306 5.929416 5.307884 4.102945 2.810283 1.885837 1.88597 1.820747 1.770358 1.728952 1.678423
4.876431 4.848301 4.820803 4.84114 4.875351 4.911084 4.967155 5.044038 5.155922 5.283417 5.42142 5.564322 5.699452 5.823787 5.939193 6.047066 6.136063 6.218781 6.306665 6.389877 6.453709 6.510138 6.559723 6.59385 6.62661 6.649055 6.669805 6.697808 6.752543 6.796641 6.819495 6.840725 6.856926 6.879466 6.904066 6.917743 6.929642 6.952948 6.982194 6.999821 7.017424 7.048437 7.09116 7.116507 7.123018 7.100715 7.034875 6.943098 6.836596 6.701345 6.521534 6.285984 5.923159 5.343349 4.226407 2.9626 1.887442 1.893254 1.859208 1.815624 1.74163 1.696395
4.984912 4.943482 4.888868 4.868786 4.87349 4.878469 4.905946 4.973701 5.087327 5.214416 5.346383 5.48317 5.611955 5.736826 5.86016 5.970069 6.058475 6.137475 6.214993 6.283028 6.337955 6.385833 6.419652 6.439567 6.458354 6.47196 6.490363 6.527526 6.577939 6.620466 6.648999 6.677038 6.707696 6.741974 6.777562 6.804351 6.828641 6.863438 6.900713 6.930097 6.967016 7.017828 7.073219 7.097285 7.101923 7.083052 7.031305 6.945332 6.836287 6.704942 6.528392 6.293626 5.932411 5.390423 4.376474 3.19018 2.184845 1.908733 1.869079 1.821627 1.745952 1.767532
5.087046 5.045396 4.970054 4.907657 4.875728 4.851489 4.851933 4.899445 4.997475 5.103431 5.213569 5.33125 5.442966 5.558092 5.667696 5.761691 5.84066 5.908354 5.969211 6.019976 6.058917 6.094129 6.120869 6.139271 6.16553 6.19272 6.225034 6.261075 6.30906 6.359553 6.405743 6.447994 6.496403 6.543216 6.587592 6.628634 6.666228 6.713686 6.766884 6.813444 6.867597 6.935504 7.001323 7.03544 7.055542 7.044904 7.010274 6.94992 6.849814 6.720409 6.547886 6.313931 5.962732 5.468072 4.580878 3.523996 2.632397 2.037959 1.94361 1.891386 1.934266 2.040579
5.199162 5.154055 5.091463 5.009061 4.948786 4.901062 4.874575 4.879573 4.918457 4.97619 5.05222 5.144377 5.234891 5.331986 5.434643 5.520478 5.589418 5.652073 5.710396 5.75813 5.792779 5.820581 5.840024 5.853423 5.866844 5.900218 5.93946 5.980717 6.026556 6.076584 6.134081 6.195892 6.257188 6.320078 6.377782 6.433809 6.490125 6.551583 6.623475 6.692236 6.761085 6.844084 6.920798 6.966877 7.002683 7.008819 6.989424 6.954953 6.878326 6.74895 6.577604 6.344488 6.002078 5.540942 4.774289 3.853153 3.041222 2.413434 2.167095 2.163214 2.450838 2.972407
5.324176 5.275126 5.218101 5.126551 5.052072 4.985559 4.932097 4.892004 4.863761 4.86219 4.89471 4.949296 5.022832 5.115578 5.22628 5.307766 5.372873 5.424756 5.469671 5.509529 5.53844 5.556302 5.568429 5.579812 5.591826 5.614868 5.653777 5.69747 5.742586 5.797749 5.858909 5.927877 6.001843 6.083099 6.159743 6.228195 6.302455 6.385348 6.477813 6.571052 6.65308 6.750661 6.840742 6.900812 6.9534 6.981777 6.979691 6.954642 6.902606 6.779525 6.606761 6.374121 6.036631 5.595119 4.914381 4.112519 3.441648 2.960733 2.717757 2.817054 3.22024 3.718039
5.453582 5.40084 5.334549 5.267514 5.183167 5.086865 4.996251 4.912115 4.843809 4.806493 4.802145 4.829776 4.890963 4.969844 5.056761 5.114505 5.165918 5.202842 5.229543 5.258705 5.285207 5.301257 5.311104 5.329691 5.343499 5.357024 5.384789 5.42336 5.468576 5.521076 5.57236 5.642881 5.733479 5.833603 5.92581 6.006769 6.099306 6.211464 6.327168 6.446728 6.545887 6.659656 6.767667 6.846178 6.918696 6.97056 6.985145 6.960877 6.911969 6.802943 6.629007 6.400492 6.069477 5.641801 5.046545 4.355468 3.831318 3.478084 3.351036 3.541178 3.982934 4.502415
5.588937 5.543755 5.4764 5.416368 5.34441 5.228749 5.117559 4.999513 4.899323 4.824338 4.777971 4.785428 4.840742 4.891259 4.923571 4.939538 4.954936 4.980897 4.989171 5.000277 5.02537 5.049774 5.071869 5.095885 5.120808 5.134002 5.145463 5.177378 5.192912 5.215925 5.27343 5.344501 5.453454 5.570487 5.667522 5.756334 5.882352 6.023562 6.166806 6.312201 6.439337 6.575457 6.706903 6.808366 6.906181 6.983251 7.006048 6.975336 6.920735 6.825008 6.655941 6.427323 6.109066 5.700461 5.215042 4.630386 4.216618 3.994923 3.994412 4.252944 4.697031 5.194324
5.716841 5.678363 5.631036 5.577636 5.487587 5.380624 5.243362 5.095825 4.965194 4.848775 4.771404 4.775006 4.82724 4.846904 4.82226 4.776043 4.747838 4.764174 4.761806 4.751255 4.774337 4.815113 4.855362 4.896785 4.932573 4.942375 4.939442 4.949244 4.940082 4.930339 4.986777 5.056872 5.173802 5.310366 5.422358 5.52982 5.678015 5.839363 6.002995 6.171735 6.335721 6.502038 6.661122 6.791432 6.921958 7.024849 7.048233 7.007642 6.944951 6.852846 6.692937 6.460886 6.165373 5.786128 5.379452 4.939685 4.61422 4.4726 4.530647 4.838236 5.307076 5.795945
5.840671 5.80418 5.760242 5.701658 5.612229 5.499138 5.361747 5.230767 5.083242 4.941671 4.85585 4.831371 4.861425 4.845928 4.785264 4.688918 4.629777 4.625235 4.603801 4.577615 4.60161 4.655 4.716057 4.779271 4.824713 4.834094 4.829021 4.845119 4.822134 4.787165 4.838466 4.902022 5.017099 5.163569 5.291266 5.412916 5.554241 5.706371 5.879597 6.076852 6.273192 6.465337 6.646595 6.804775 6.967496 7.08561 7.105324 7.059974 6.987989 6.893585 6.746948 6.531602 6.269962 5.934753 5.585346 5.243853 5.035587 4.970786 5.063464 5.382802 5.826698 6.28398
