py_wake/examples/data/AJ_ParqueFicticio/Ridge area   Sector 1   Height 30m   Flow inclination.grd
DSAA
90  129
 262878   265103
 6504214   6507414
-15.66734   16.86704
[rows 27 to 53 of 129, columns 0 to 60 of 90]
-4.744533 -4.839877 -5.000829 -5.221259 -5.518128 -5.883379 -6.274626 -6.647867 -6.916425 -7.029058 -6.973428 -6.731817 -6.291803 -5.73892 -5.172963 -4.667303 -4.216912 -3.773165 -3.299931 -2.755318 -2.191902 -1.671526 -1.217993 -.8841912 -.6067824 -.3929177 -.2284127 -.1464488 -.2509007 -.4981358 -.8009731 -1.171221 -1.539022 -1.994052 -2.380774 -2.760498 -3.146642 -3.531761 -4.019843 -4.603955 -5.184252 -5.736402 -6.158478 -6.386753 -6.42638 -6.338629 -6.201468 -6.045678 -5.893134 -5.81929 -5.89189 -6.137225 -6.613378 -7.292902 -8.148748 -9.14985 -10.14302 7.300596 5.819485 4.545702 2.415071
-4.71377 -4.735278 -4.803118 -4.934448 -5.165148 -5.493379 -5.871782 -6.257387 -6.583979 -6.792421 -6.840234 -6.719562 -6.485054 -6.178832 -5.835401 -5.486131 -5.125539 -4.741311 -4.320453 -3.830765 -3.276572 -2.73229 -2.232511 -1.839985 -1.49084 -1.166212 -.9145007 -.7754391 -.8160357 -.9606326 -1.104304 -1.279862 -1.486206 -1.769737 -2.041768 -2.285533 -2.579312 -2.907212 -3.364137 -3.963019 -4.587776 -5.224131 -5.794936 -6.175369 -6.346486 -6.354023 -6.275827 -6.192735 -6.149086 -6.188385 -6.362532 -6.702309 -7.254545 -7.996374 -8.876858 -9.835726 -10.75102 -11.22617 5.184311 3.533853 .604166
-4.766015 -4.717456 -4.701953 -4.740316 -4.877995 -5.116887 -5.423174 -5.762956 -6.095884 -6.346117 -6.468241 -6.488656 -6.444297 -6.384061 -6.308899 -6.188365 -6.002902 -5.7311 -5.387394 -4.974647 -4.497675 -4.008134 -3.548234 -3.169286 -2.837673 -2.484129 -2.257275 -2.159 -2.112476 -2.106149 -2.119751 -2.125153 -2.131822 -2.2136 -2.330477 -2.410827 -2.548065 -2.765241 -3.119846 -3.662185 -4.293685 -4.982616 -5.63179 -6.098518 -6.393669 -6.523718 -6.518668 -6.503897 -6.551073 -6.68548 -6.96423 -7.412718 -8.030746 -8.793324 -9.624218 -10.47429 -11.2405 -11.85692 4.811306 2.341909 -1.482782
-4.823865 -4.697032 -4.604459 -4.56484 -4.626354 -4.779119 -4.977473 -5.197155 -5.434485 -5.67531 -5.895324 -6.087785 -6.237287 -6.371567 -6.508326 -6.618832 -6.64573 -6.595824 -6.482214 -6.277031 -5.990182 -5.687749 -5.38517 -5.106324 -4.843333 -4.542544 -4.285511 -4.145963 -4.020999 -3.93628 -3.855323 -3.730587 -3.55691 -3.419252 -3.321646 -3.21078 -3.135253 -3.17619 -3.36325 -3.737892 -4.233665 -4.814805 -5.407388 -5.908157 -6.322797 -6.639622 -6.805567 -6.909971 -7.08241 -7.344446 -7.748712 -8.294017 -8.935951 -9.696997 -10.49873 -11.18918 -11.62753 -12.35504 5.007755 .9108495 -3.706826
-5.031161 -4.82087 -4.651059 -4.531527 -4.513947 -4.582096 -4.675881 -4.775451 -4.894808 -5.103086 -5.366125 -5.652503 -5.945128 -6.228583 -6.510483 -6.775152 -6.995216 -7.169991 -7.274937 -7.256334 -7.155731 -7.056731 -6.935564 -6.789793 -6.651306 -6.46005 -6.196143 -6.058656 -5.951887 -5.862778 -5.784792 -5.679326 -5.488168 -5.199678 -4.871586 -4.539938 -4.233675 -4.023458 -3.959773 -4.082413 -4.357759 -4.751424 -5.188007 -5.663241 -6.125002 -6.572975 -6.992915 -7.315122 -7.656912 -8.069011 -8.581753 -9.18301 -9.79016 -10.45656 -11.17853 -11.68811 -11.84984 -12.48515 3.985114 -.9453843 -5.566959
-5.381257 -5.101996 -4.870569 -4.699433 -4.633516 -4.643335 -4.668337 -4.694482 -4.745808 -4.908725 -5.160317 -5.45409 -5.782232 -6.138106 -6.50744 -6.874442 -7.218124 -7.52808 -7.752641 -7.880469 -7.94815 -7.976494 -7.976724 -7.952238 -7.897119 -7.784373 -7.625573 -7.489962 -7.499785 -7.515123 -7.49295 -7.405637 -7.216787 -6.914686 -6.518345 -6.06563 -5.595446 -5.17219 -4.858087 -4.714314 -4.756883 -4.976646 -5.278571 -5.692172 -6.165939 -6.657151 -7.214374 -7.748484 -8.243065 -8.780505 -9.37439 -9.998177 -7.573143 -11.11414 -11.76791 -12.12569 -11.98193 -12.4014 -13.12626 -2.783998 -7.346503
-5.867002 -5.526372 -5.238594 -5.026992 -4.93895 -4.928301 -4.932777 -4.93695 -4.960256 -5.083832 -5.310291 -5.589008 -5.913315 -6.275553 -6.661273 -7.061779 -7.451166 -7.771633 -8.02939 -8.246786 -8.404038 -8.537241 -8.654089 -8.734208 -8.778982 -8.774663 -8.717734 -8.65367 -8.685261 -8.805837 -8.876652 -8.884171 -8.759974 -8.521237 -8.169374 -7.691676 -7.132802 -6.564333 -6.045399 -5.660696 -5.464384 -5.480717 -5.636921 -5.96006 -6.424498 -6.93165 -7.5393 -8.224915 -8.865172 -9.508424 -10.12589 .04759305 -11.19897 -11.63175 -12.12167 -12.37116 -12.0429 -12.178 -12.69228 -2.794564 -9.941227
-6.511019 -6.104912 -5.756381 -5.512463 -5.424679 -5.423092 -5.449239 -5.493214 -5.540957 -5.627375 -5.780844 -5.987823 -6.265947 -6.620739 -7.026781 -7.445321 -7.803076 -8.03668 -8.213709 -8.407377 -8.63711 -8.868215 -9.073421 -9.263557 -9.43116 -9.532408 -9.557531 -9.560277 -9.57474 -9.657885 -9.818159 -9.904142 -9.874324 -9.752717 -9.497023 -9.091298 -8.593534 -7.999643 -7.384722 -6.83194 -6.429312 -6.252695 -6.267507 -6.478065 -6.883518 -7.374471 -7.948586 -8.651478 -9.351003 -10.00368 -10.65104 -11.22213 -11.67484 -12.033 -12.3347 -12.39615 -12.08664 -11.92642 -12.1705 -12.14772 -14.25757
-7.316545 -6.820503 -6.375436 -6.062735 -5.946011 -5.932322 -5.956297 -6.003542 -6.07509 -6.169715 -6.292849 -6.467879 -6.736366 -7.102122 -7.526939 -7.939595 -8.208719 -8.354243 -8.476493 -8.625136 -8.834859 -9.078472 -9.324395 -9.58605 -9.820312 -9.983195 -10.08746 -10.13617 -10.18641 -10.26111 -10.3337 -10.44441 -10.48698 -10.4479 -10.27889 -10.0155 -9.628714 -9.112979 -8.534983 -7.954969 -7.436738 -7.111605 -7.020471 -7.134981 -7.468381 -7.907576 -8.416545 -9.000619 -9.680553 -10.30736 -10.88777 -11.40391 -11.78292 -12.03898 -12.25506 -12.24488 -12.02522 -11.77262 -11.86812 -12.85967 -13.91023
-8.202641 -7.606398 -7.058858 -6.662601 -6.483452 -6.409647 -6.3822 -6.394076 -6.447361 -6.52352 -6.632315 -6.811776 -7.097929 -7.493763 -7.939882 -8.327122 -8.568679 -8.689095 -8.777113 -8.905601 -9.087373 -9.292076 -9.523094 -9.752843 -9.97396 -10.14914 -10.26687 -10.3483 -10.4452 -10.56167 -10.64812 -10.71177 -10.8042 -10.81627 -10.71393 -10.53759 -10.26089 -9.845598 -9.345381 -8.812763 -8.312089 -7.956745 -7.805411 -7.815828 -8.041704 -8.399664 -8.818041 -9.288191 -9.813969 -10.33966 -10.78147 -11.21298 -11.55508 -11.74615 -11.91961 -11.93302 -11.8447 -11.74084 -12.08836 -13.16652 -13.6774
-9.127883 -8.451681 -7.815684 -7.33691 -7.042381 -6.856062 -6.726845 -6.654975 -6.655158 -6.729357 -6.858315 -7.058067 -7.36867 -7.782597 -8.212679 -8.591901 -8.877901 -9.041732 -9.143485 -9.261597 -9.391374 -9.535248 -9.670351 -9.809156 -9.945005 -10.06888 -10.16403 -10.22854 -10.3252 -10.52585 -10.71955 -10.83344 -10.87884 -10.91113 -10.89173 -10.78637 -10.57732 -10.26723 -9.898257 -9.471289 -9.02577 -8.67848 -8.484524 -8.398012 -8.468821 -8.698186 -9.059919 -9.460483 -9.818096 -10.18963 -10.53869 -10.8043 -11.04255 -11.20963 -11.34828 -11.4626 -11.45256 -11.59732 -12.29231 -13.15041 -13.54172
-9.982615 -9.33301 -8.659213 -8.120235 -7.696597 -7.368978 -7.120718 -6.949022 -6.851655 -6.821653 -6.879767 -7.052503 -7.350187 -7.783321 -8.254284 -8.697224 -9.024566 -9.248711 -9.433311 -9.527729 -9.565905 -9.612327 -9.669542 -9.713919 -9.743793 -9.773381 -9.809837 -9.835415 -9.913566 -10.10892 -10.34034 -10.52374 -10.67157 -10.74865 -10.7894 -10.75059 -10.67101 -10.49577 -10.22894 -9.872942 -9.470676 -9.125172 -8.872227 -8.725434 -8.667296 -8.770216 -9.041192 -9.406967 -9.713852 -9.943783 -10.16588 -10.34372 -10.45367 -10.54614 -10.663 -10.853 -11.02722 -11.51484 -12.28775 -13.00778 -2.647983
-10.75275 -10.20217 -9.550372 -8.947758 -8.390409 -7.926813 -7.543718 -7.249496 -7.050532 -6.934431 -6.906335 -6.983018 -7.224229 -7.628727 -8.132772 -8.593887 -8.915888 -9.164651 -9.336754 -9.421764 -9.44192 -9.416834 -9.394243 -9.360269 -9.318122 -9.263085 -9.205388 -9.194139 -9.26395 -9.415722 -9.64003 -9.845685 -10.02242 -10.14134 -10.25275 -10.33956 -10.32686 -10.23449 -10.05783 -9.787696 -9.459519 -9.143202 -8.913488 -8.774088 -8.71802 -8.796373 -8.993944 -9.206361 -9.402205 -9.563173 -9.675958 -9.78726 -9.874829 -9.925317 -10.02721 -10.31217 -10.6914 -11.29612 -12.11515 -12.93225 -6.585023
-11.44955 -10.99865 -10.41551 -9.786049 -9.119654 -8.547545 -8.032317 -7.591407 -7.226607 -6.958864 -6.838755 -6.816164 -6.987184 -7.345767 -7.771136 -8.15835 -8.459047 -8.657844 -8.801472 -8.883245 -8.912141 -8.896722 -8.810704 -8.675771 -8.533263 -8.403637 -8.290773 -8.228172 -8.225904 -8.333873 -8.475108 -8.655271 -8.835744 -9.020499 -9.185528 -9.427179 -9.587379 -9.589298 -9.501772 -9.335987 -9.121006 -8.94619 -8.815138 -8.696027 -8.619999 -8.667381 -8.81675 -8.947069 -9.029934 -9.12045 -9.152594 -9.153303 -9.24067 -9.367479 -9.497596 -9.82714 -10.36352 -11.11813 -11.98396 -12.85625 -9.0224
-12.00345 -11.65685 -11.14286 -10.55213 -9.896349 -9.248784 -8.505099 -7.827386 -7.227373 -6.80884 -6.581795 -6.509413 -6.633452 -6.861215 -7.160223 -7.433316 -7.657896 -7.824701 -7.913982 -8.037284 -8.1221 -8.044797 -7.86116 -7.599734 -7.336634 -7.073514 -6.886696 -6.774515 -6.751657 -6.775533 -6.86574 -6.999368 -7.148411 -7.425677 -7.705178 -7.95974 -8.197341 -8.384828 -8.488451 -8.498832 -8.455547 -8.32461 -8.215809 -8.16296 -8.156177 -8.211418 -8.341125 -8.546312 -8.640549 -8.6406 -8.600901 -8.546133 -8.605519 -8.826247 -9.065299 -9.453912 -10.12572 -11.02775 -11.97033 -12.84681 -13.33188
-12.30091 -12.07476 -11.68334 -11.21364 -10.53738 -9.82425 -8.974401 -8.097526 -7.356153 -6.857257 -6.486864 -6.231833 -6.182301 -6.285207 -6.401815 -6.481693 -6.555698 -6.66538 -6.798409 -6.91155 -6.941143 -6.820303 -6.538865 -6.15713 -5.802842 -5.501379 -5.220515 -5.021861 -4.917202 -4.906103 -4.974674 -5.079754 -5.297852 -5.63769 -5.954277 -6.24653 -6.64351 -7.048193 -7.346844 -7.518227 -7.505951 -7.466506 -7.54454 -7.642185 -7.703016 -7.777231 -7.87885 -7.996933 -8.12339 -8.147919 -8.110806 -8.070924 -8.103409 -8.311112 -8.637058 -9.11771 -9.94448 -11.00713 -12.05807 -12.88984 -13.28654
-12.5693 -12.45446 -12.06149 -11.5585 -10.90884 -10.22896 -9.250753 -8.249328 -7.732504 -7.190194 -6.558962 -6.022722 -5.741159 -5.6523 -5.605294 -5.507773 -5.4011 -5.369119 -5.412778 -5.462826 -5.420557 -5.259675 -4.943273 -4.509527 -4.055719 -3.652383 -3.369244 -3.232189 -3.091757 -3.067556 -3.095606 -3.227144 -3.466548 -3.802484 -4.165356 -4.564461 -5.059794 -5.585897 -6.020576 -6.285088 -6.436071 -6.602946 -6.822811 -7.033894 -7.188322 -7.318465 -7.442231 -7.558112 -7.675756 -7.757346 -7.769395 -7.766531 -7.818435 -8.043736 -8.438478 -8.968156 -9.84809 -10.96644 -12.1148 -12.945 -13.17169
-12.64894 -12.53441 -12.16685 -11.59603 -10.79878 -9.896183 -9.0748 -8.597562 -8.679548 -7.938723 -6.963083 -6.088058 -5.539593 -5.185811 -4.874249 -4.529993 -4.180401 -3.932096 -3.801237 -3.717233 -3.620587 -3.45051 -3.145306 -2.719285 -2.276055 -1.881172 -1.550396 -1.393136 -1.426066 -1.402348 -1.356949 -1.43972 -1.642678 -1.964489 -2.386568 -2.851155 -3.3827 -3.96124 -4.497541 -4.927707 -5.287384 -5.648125 -6.051156 -6.38531 -6.620397 -6.839559 -7.041048 -7.183661 -7.292092 -7.430712 -7.516983 -7.570419 -7.671652 -7.910727 -8.327291 -8.888065 -9.815466 -10.9451 -12.05085 -12.81864 -12.97913
-12.57453 -12.49166 -12.11257 -11.35932 -9.690058 -8.39021 -7.953416 -9.644267 -10.10102 -9.055561 -7.760161 -6.549274 -5.653666 -5.004027 -4.442861 -3.880042 -3.310076 -2.80669 -2.397045 -2.078954 -1.800133 -1.532757 -1.249846 -.8646985 -.4701176 -.1154592 .2149436 .4475094 .4374073 .3106421 .3505231 .2474982 .03342348 -.2813015 -.7209702 -1.180393 -1.689607 -2.283912 -2.903999 -3.464375 -3.978182 -4.476701 -4.973508 -5.389614 -5.735525 -6.102354 -6.502779 -6.840477 -7.03457 -7.202404 -7.355571 -7.4715 -7.622057 -7.885351 -8.329964 -8.953074 -9.933377 -11.03297 -12.00954 -12.63351 -12.72482
-12.39563 -12.47779 -12.10563 -10.96128 -8.856023 -4.634021 -4.171074 -10.3366 -11.59005 -10.40866 -8.891471 -7.417084 -6.266805 -5.305861 -4.394571 -3.523501 -2.740232 -2.030481 -1.369712 -.7875908 -.3330086 .09305613 .4878224 .8767784 1.218673 1.470278 1.753483 2.060253 2.167529 1.935554 1.877214 1.757822 1.495033 1.203115 .7800657 .2995175 -.1800156 -.7607233 -1.415793 -2.036969 -2.641719 -3.234786 -3.832955 -4.398868 -4.922907 -5.425724 -5.939947 -6.471651 -6.842056 -7.074427 -7.272938 -7.429141 -7.625448 -7.937635 -8.418242 -9.10144 -10.07952 -11.16447 -12.07978 -12.56076 -12.57902
-12.25317 -12.53213 -12.24721 -11.08383 -8.780065 -4.232183 -3.932098 -10.73888 -12.69698 -11.8463 -10.38252 -8.81179 -7.593713 -6.517622 -5.400511 -4.283739 -3.281379 -2.393837 -1.572976 -.7772278 -.05821097 .5518577 1.072257 1.547888 1.957955 2.265853 2.541317 2.841268 3.061731 3.013231 2.940521 2.82005 2.545299 2.235114 1.862412 1.368622 .8659156 .3083853 -.3728605 -1.04278 -1.672171 -2.320736 -2.997645 -3.648887 -4.290338 -4.908138 -5.496813 -6.093756 -6.643644 -6.983672 -7.224608 -7.418291 -7.640934 -7.980887 -8.460705 -9.136515 -10.1072 -11.16246 -12.0797 -12.44063 -12.35786
-12.10679 -12.41694 -12.48965 -11.86292 -10.70025 -8.478236 -8.053645 -11.13901 -13.07141 -12.99091 -11.86565 -10.3793 -9.267178 -8.301016 -7.161237 -5.96222 -4.838233 -3.831687 -2.855233 -1.886471 -.9877555 -.2004451 .4546038 1.055589 1.587759 1.973565 2.282729 2.588485 2.907133 3.216482 3.28668 3.221588 3.057981 2.764483 2.441113 2.009087 1.499561 .9680745 .3084489 -.376819 -1.013067 -1.697443 -2.42846 -3.127432 -3.841762 -4.543561 -5.186846 -5.756968 -6.340811 -6.826388 -7.143251 -7.38258 -7.626524 -7.980568 -8.449066 -9.103377 -10.07932 -11.10298 -11.88324 -12.16496 -12.033
-11.92453 -12.23938 -12.48914 -12.5248 -12.04093 -11.40195 -10.85295 -11.45031 -12.88237 -13.51984 -12.8846 -11.64008 -10.75408 -10.1862 -9.274693 -8.266408 -7.186506 -6.116209 -5.031119 -3.879036 -2.792855 -1.874069 -1.099489 -.4685847 .1053109 .6366259 1.10743 1.606713 2.076737 2.479484 2.776553 2.923613 2.914319 2.736327 2.486495 2.192182 1.750447 1.243184 .6432194 -.03203272 -.6316899 -1.319288 -2.088592 -2.832725 -3.590362 -4.339726 -5.007148 -5.558241 -6.056491 -6.604276 -7.02794 -7.336791 -7.631162 -8.014797 -8.504374 -9.175834 -10.08514 -11.04917 -11.77665 -12.00474 -11.82406
-11.71343 -12.05353 -12.36077 -12.58646 -12.70107 -12.40901 -11.8638 -11.69177 -12.58552 -13.33995 -13.01018 -12.01749 -11.25897 -11.15959 -10.89776 -10.55904 -9.905434 -9.00376 -7.986004 -6.744945 -5.482427 -4.378881 -3.499211 -2.757343 -2.045539 -1.377949 -.7498528 -.1688673 .386367 .9231111 1.406226 1.740817 1.9217 1.958746 1.903794 1.79154 1.529888 1.123465 .6464821 .03377741 -.5325515 -1.193746 -1.973197 -2.743929 -3.525214 -4.290708 -4.957067 -5.48 -5.933561 -6.451158 -6.964633 -7.35013 -7.692712 -8.106232 -8.626516 -9.349072 -10.16087 -11.03137 -11.67834 -11.79058 -11.44691
-11.40013 -11.77227 -12.11139 -12.40312 -12.59239 -12.65619 -12.50627 -12.19722 -12.40366 -12.87213 -12.68916 -11.7322 -10.74613 -10.74999 -11.23289 -11.98552 -12.48363 -12.01252 -11.27726 -10.13357 -8.652783 -7.28977 -6.109572 -5.038218 -4.16986 -3.456311 -2.809631 -2.195301 -1.603094 -1.052819 -.5436093 -.08248208 .2618265 .4947908 .6586385 .7561975 .688822 .4851829 .2020691 -.2377851 -.7257225 -1.315571 -2.048057 -2.805021 -3.591857 -4.35881 -5.024752 -5.540674 -5.977526 -6.422014 -6.959417 -7.422155 -7.813653 -8.233684 -8.709538 -9.462079 -10.19418 -10.88057 -11.32486 -11.29843 -10.88018
-10.98827 -11.41024 -11.76383 -12.0721 -12.37302 -12.54788 -12.59965 -12.49926 -12.38339 -12.60367 -12.43997 -11.4041 -10.02934 -9.609107 -10.04813 -11.19282 -13.3883 -14.21447 -14.2015 -13.55956 -12.01871 -10.144 -8.56064 -7.257726 -6.229631 -5.478056 -4.858442 -4.277666 -3.750094 -3.238137 -2.724867 -2.218968 -1.771063 -1.422095 -1.137901 -.8834535 -.7228658 -.6676037 -.7148126 -.9282491 -1.270729 -1.716529 -2.309135 -2.977946 -3.707566 -4.428805 -5.096291 -5.648932 -6.093333 -6.504984 -7.02713 -7.568422 -8.015997 -8.432168 -8.879943 -9.489795 -10.12725 -10.69649 -11.01221 -10.81068 -10.14636
-10.46561 -11.03012 -11.48262 -11.84203 -12.14777 -12.37129 -12.54783 -12.54687 -12.41768 -12.47507 -12.2136 -11.19218 -9.559204 -8.36884 -7.531138 -7.222982 -10.39518 -13.63536 -15.51639 -15.66734 -14.13891 -12.20268 -10.46303 -9.006363 -7.909042 -7.165587 -6.599621 -6.073718 -5.648712 -5.251484 -4.799341 -4.344166 -3.879485 -3.458967 -3.086497 -2.737314 -2.435312 -2.197464 -2.034454 -2.010929 -2.155986 -2.436598 -2.822474 -3.267222 -3.799176 -4.377311 -5.020035 -5.657255 -6.182762 -6.615198 -7.107283 -7.684431 -8.171065 -8.582659 -9.035153 -9.503078 -9.916873 -10.27479 -10.441 -10.0526 -9.177098
