py_wake/examples/data/AJ_ParqueFicticio/Ridge area   Sector 8   Height 30m   Mean speed.grd
DSAA
90  129
 262878   265103
 6504214   6507414
 .3099307   8.376832
[rows 81 to 107 of 129, columns 0 to 61 of 90]
4.582158 4.562662 4.587246 4.626891 4.693834 4.802277 4.940186 5.098035 5.265965 5.401605 5.521586 5.641438 5.716392 5.742669 5.71688 5.651803 5.552507 5.395408 5.226459 5.067055 4.881375 4.721353 4.559939 4.417359 4.294786 4.207658 4.134699 4.087934 4.075679 4.090548 4.13512 4.227563 4.401771 4.654674 4.966557 5.317466 5.675497 6.046034 6.405748 6.727774 6.953679 7.136471 7.29449 7.354496 7.318853 7.254799 7.151098 7.009595 6.751731 6.333378 5.871605 5.322143 4.663249 3.933173 3.315672 2.800517 2.542627 2.506104 2.450646 2.4023 2.431635 2.522164
4.997764 5.052413 5.127315 5.213151 5.318504 5.434237 5.571181 5.703843 5.805219 5.899608 6.018637 6.120124 6.183807 6.218215 6.215453 6.160488 6.049702 5.917599 5.779766 5.666954 5.491141 5.277093 5.055694 4.881908 4.758518 4.681191 4.610013 4.563775 4.558048 4.56588 4.600482 4.672974 4.82046 5.072306 5.36814 5.682699 6.02236 6.371 6.719211 6.983649 7.159236 7.318622 7.413106 7.399296 7.34184 7.25774 7.138581 6.997788 6.686858 6.270696 5.797803 5.201353 3.817955 3.420962 2.916605 2.270031 2.193044 2.231731 2.223583 2.149793 1.984576 2.052598
5.392945 5.488603 5.602711 5.717402 5.823289 5.949746 6.075297 6.164172 6.238332 6.328428 6.418066 6.48394 6.536111 6.554747 6.515641 6.437932 6.33704 6.235094 6.145505 6.055374 5.857218 5.613057 5.366397 5.190035 5.086928 5.032743 4.976257 4.949135 4.972252 4.989996 5.014521 5.085396 5.236 5.478821 5.756872 6.037292 6.352824 6.662175 6.968469 7.161057 7.297872 7.415212 7.454709 7.411396 7.340548 7.240493 7.11644 6.962964 6.632492 6.242828 5.782194 5.173925 2.066473 3.504485 2.821014 2.655051 2.564244 2.507187 2.066474 2.031446 1.887129 1.714248
5.787693 5.900702 6.0175 6.118405 6.216003 6.319339 6.39965 6.458969 6.516941 6.582946 6.636082 6.670208 6.685997 6.659309 6.595634 6.51548 6.426486 6.334452 6.235002 6.107035 5.924996 5.713839 5.500409 5.312016 5.212204 5.184836 5.183465 5.201439 5.26914 5.323418 5.384994 5.508265 5.682287 5.89856 6.147834 6.398735 6.645269 6.901487 7.134685 7.266755 7.368274 7.4457 7.449927 7.38761 7.301511 7.196843 7.072525 6.876376 6.553128 6.207751 5.784678 4.815065 2.274726 3.888546 3.127328 2.743142 2.657893 2.585986 2.550817 2.540581 2.556875 2.605224
6.108279 6.216247 6.314834 6.402864 6.493481 6.562749 6.608935 6.650265 6.687132 6.712398 6.71455 6.687948 6.63689 6.570001 6.488125 6.409177 6.323261 6.225389 6.104229 5.950043 5.779476 5.593923 5.409355 5.265722 5.186125 5.184367 5.241975 5.33323 5.468716 5.586864 5.74192 5.935987 6.126345 6.319295 6.535412 6.738605 6.904743 7.097385 7.249141 7.327907 7.386621 7.415478 7.392993 7.326882 7.232698 7.124942 6.971406 6.75326 6.468161 6.168711 5.788364 4.615135 2.300784 4.516998 3.62337 3.008008 2.714753 2.60639 2.530272 2.472815 2.446239 2.458099
6.348526 6.435338 6.514961 6.590314 6.657165 6.691468 6.702999 6.705425 6.700619 6.677624 6.621974 6.539188 6.443386 6.350228 6.267037 6.187336 6.112797 6.014266 5.887113 5.735419 5.578004 5.418672 5.269565 5.165383 5.117704 5.143328 5.253822 5.415286 5.619375 5.821008 6.053806 6.30667 6.506174 6.690513 6.863491 6.984494 7.103896 7.241016 7.319989 7.350997 7.352952 7.313768 7.234401 7.136347 7.02806 6.900929 6.744245 6.564513 6.352677 6.09553 5.735743 4.604801 2.529501 5.285027 4.310431 3.605129 3.107967 2.785334 2.584782 2.470155 2.40831 2.381731
6.493078 6.551394 6.60057 6.644789 6.669564 6.659294 6.630436 6.589809 6.540498 6.475579 6.386113 6.281727 6.172987 6.069616 5.976353 5.89763 5.826044 5.749574 5.66047 5.539183 5.396673 5.25227 5.137583 5.081488 5.07093 5.125224 5.287985 5.504372 5.761887 6.031441 6.303802 6.561996 6.776018 6.96869 7.087968 7.16576 7.253438 7.338283 7.356454 7.335429 7.261973 7.145427 7.007667 6.863426 6.728738 6.603701 6.47037 6.323865 6.167876 5.949791 5.583286 4.600562 2.884439 3.666508 5.155057 4.451693 3.905033 3.46824 3.110306 2.847934 2.685055 2.574799
6.536231 6.561047 6.576678 6.582141 6.56191 6.513003 6.451362 6.375519 6.285512 6.176437 6.057411 5.941991 5.833526 5.73568 5.650133 5.582004 5.519257 5.472999 5.422935 5.340138 5.231567 5.133728 5.057556 5.047183 5.087737 5.184293 5.374737 5.620031 5.913258 6.211039 6.496367 6.752758 6.975827 7.151538 7.236361 7.293858 7.346668 7.38668 7.358079 7.270679 7.114011 6.940436 6.763429 6.591529 6.435991 6.296751 6.159258 6.008266 5.854511 5.67102 5.350306 4.532648 3.197177 2.407305 6.03717 5.325602 4.779194 4.355442 3.95907 3.606736 3.344294 3.133337
6.504729 6.496602 6.478829 6.444115 6.375054 6.284737 6.191754 6.090236 5.969509 5.837027 5.707275 5.588157 5.475346 5.381338 5.309906 5.255237 5.206248 5.19971 5.186787 5.149005 5.086954 5.043289 5.015682 5.051403 5.146732 5.288972 5.49355 5.760573 6.082143 6.38837 6.676295 6.931523 7.15083 7.291512 7.347201 7.385643 7.409746 7.402623 7.324349 7.160986 6.933071 6.698948 6.471955 6.252696 6.041955 5.861429 5.715762 5.567219 5.442103 5.264483 5.034616 4.447517 3.466716 2.342719 4.015189 6.287899 5.652511 5.215266 4.842142 4.477668 4.180178 3.932993
6.410044 6.371645 6.32961 6.258353 6.142333 6.014452 5.88704 5.776907 5.658672 5.539718 5.412707 5.282223 5.146612 5.037314 4.986251 4.975211 4.9699 4.982972 4.999203 4.982819 4.961018 4.970213 4.989827 5.07384 5.228208 5.420089 5.655219 5.948555 6.279042 6.578614 6.857931 7.103141 7.301845 7.400867 7.42868 7.439004 7.431875 7.38036 7.245691 7.02027 6.688468 6.374087 6.112291 5.857017 5.592421 5.343341 5.146194 4.985116 4.860792 4.719535 4.605124 4.264742 3.598794 2.670499 2.20214 5.869512 6.566787 6.110457 5.725002 5.333047 5.013752 4.755482
6.220846 6.158307 6.089862 5.991389 5.856431 5.727409 5.604868 5.498729 5.390025 5.283051 5.176087 5.0572 4.923744 4.816498 4.788014 4.828183 4.858796 4.890987 4.934339 4.94482 4.950912 5.015662 5.068988 5.205904 5.410414 5.632368 5.885267 6.190886 6.497968 6.761585 7.009666 7.215588 7.36467 7.420588 7.418246 7.392376 7.337931 7.223458 7.047291 6.746156 6.392246 6.056057 5.734346 5.367342 4.971109 4.644689 4.420525 4.261043 4.140985 4.081367 4.109354 3.946302 3.477109 2.725109 1.848142 3.485625 7.134061 6.956439 6.605442 6.220756 5.894841 5.615924
5.913215 5.839859 5.746994 5.639839 5.526118 5.409687 5.295337 5.198151 5.114204 5.044315 4.974437 4.896023 4.827699 4.784493 4.795197 4.847155 4.887289 4.950577 5.024081 5.063738 5.132273 5.241549 5.357451 5.531444 5.73982 5.963314 6.202226 6.476271 6.728678 6.932548 7.125521 7.266333 7.347995 7.356452 7.325076 7.26632 7.161056 6.988432 6.759264 6.434289 6.063528 5.624956 5.139157 4.619016 4.104712 3.762889 3.577765 3.490818 3.445833 3.431005 3.567818 3.510312 3.184057 2.615692 1.971094 2.048384 4.261391 7.538172 7.2984 7.051429 6.802274 6.543641
5.54951 5.484443 5.413015 5.319293 5.197752 5.073518 4.957812 4.881416 4.833744 4.823359 4.820821 4.817189 4.819845 4.835369 4.900586 4.969558 5.020576 5.109816 5.20815 5.308792 5.45505 5.597998 5.768409 5.954642 6.150217 6.358809 6.568228 6.781311 6.951967 7.09541 7.226428 7.302044 7.321917 7.280273 7.207286 7.114033 6.959537 6.752235 6.489748 6.139461 5.661935 5.024377 4.305581 3.638442 3.10844 2.812413 2.711631 2.734113 2.773725 2.809801 3.066247 3.118899 2.922039 2.518009 2.055004 1.553909 2.219679 4.456306 7.761246 7.689449 7.582056 7.415428
5.250488 5.185385 5.13864 5.064884 4.951759 4.802761 4.644886 4.580155 4.618346 4.665121 4.72116 4.79452 4.856475 4.932328 5.050075 5.152179 5.248563 5.366359 5.49948 5.665549 5.843445 6.022047 6.200099 6.366572 6.53769 6.704566 6.878668 7.035082 7.136286 7.226523 7.298805 7.320253 7.285424 7.189272 7.066617 6.927636 6.734613 6.510331 6.233743 5.864872 5.250948 4.33777 3.432648 2.679856 2.186673 2.066764 2.075476 2.139973 2.215915 2.315328 2.674196 2.820565 2.707818 2.431992 2.091283 1.772739 1.445938 1.588475 3.600137 6.982821 8.082524 8.050418
5.01363 4.950834 4.916993 4.871967 4.775704 4.639006 4.529559 4.49676 4.583078 4.660867 4.744294 4.874718 4.9865 5.11433 5.278361 5.437242 5.585797 5.732888 5.897448 6.076855 6.251102 6.424817 6.600738 6.763975 6.897649 6.998618 7.132754 7.223414 7.267485 7.302534 7.310897 7.275488 7.197794 7.06876 6.919456 6.748251 6.548065 6.324904 6.050581 5.64668 4.864638 3.786227 2.744759 1.895818 1.619224 1.559929 1.601731 1.689733 1.796209 2.056539 2.454943 2.638877 2.582552 2.367938 2.108179 1.864695 1.684884 1.546061 1.356812 1.275076 3.740464 8.355902
4.804644 4.769649 4.748231 4.729847 4.666114 4.601286 4.561202 4.574127 4.693699 4.789968 4.911353 5.063517 5.239568 5.431418 5.62003 5.793611 5.958969 6.134342 6.316714 6.488625 6.648012 6.81025 6.973657 7.117032 7.207424 7.264308 7.339959 7.360048 7.353512 7.332794 7.278775 7.187982 7.070896 6.917338 6.751784 6.566737 6.365997 6.151362 5.879184 5.463108 4.57628 3.363873 2.216751 1.617916 1.273409 1.052028 1.136693 1.253954 1.564098 2.049889 2.400374 2.577141 2.547207 2.357523 2.128111 1.921629 1.76935 1.676674 1.662286 1.701144 1.756115 1.733851
4.659649 4.650666 4.652191 4.651299 4.636886 4.633916 4.642592 4.71508 4.865266 5.006391 5.188111 5.374501 5.567273 5.770585 5.966112 6.153047 6.334718 6.522977 6.706905 6.868467 7.026577 7.174294 7.309951 7.396326 7.436165 7.449253 7.473825 7.447133 7.399383 7.326363 7.210615 7.066488 6.902601 6.724378 6.54751 6.358766 6.168579 5.970768 5.72072 5.308803 4.357797 3.041125 2.298285 2.1552 2.586383 3.872933 3.472642 3.11608 2.385604 2.402242 2.56374 2.671312 2.620502 2.418223 2.179882 1.973833 1.827322 1.720206 1.708488 1.80199 1.938426 2.100423
4.645937 4.641036 4.653776 4.656125 4.678602 4.716063 4.761059 4.894165 5.091617 5.288892 5.485149 5.686709 5.884314 6.084063 6.283673 6.479231 6.658163 6.836174 7.006199 7.161819 7.307464 7.42329 7.506657 7.540184 7.536143 7.52595 7.509044 7.454264 7.379411 7.270134 7.113353 6.932758 6.733436 6.53024 6.333714 6.140298 5.967639 5.791132 5.565202 5.153856 4.232233 3.058815 2.503615 2.699631 4.699871 3.687115 3.151978 3.026591 3.12907 3.39704 3.098714 2.958262 2.828908 2.580842 2.301572 2.058446 1.885311 1.767544 1.722705 1.813803 1.972721 2.152174
4.741989 4.75894 4.779294 4.782298 4.828708 4.886965 4.976391 5.153271 5.359607 5.559855 5.755657 5.950005 6.145303 6.335299 6.517892 6.698919 6.868658 7.029931 7.173529 7.303914 7.411556 7.48822 7.521174 7.512978 7.488876 7.482265 7.444225 7.380083 7.297979 7.174647 6.997715 6.791241 6.563728 6.331537 6.114574 5.919829 5.764515 5.612461 5.412112 5.041516 4.232643 3.179253 2.659757 2.939399 4.956762 3.874562 3.171407 2.864954 2.837115 3.004025 3.247132 3.465349 3.245912 2.889642 2.530601 2.221043 1.994913 1.847417 1.773749 1.804431 1.939183 2.114093
1.70141E+38 1.70141E+38 1.70141E+38 1.70141E+38 1.70141E+38 1.70141E+38 1.70141E+38 1.70141E+38 1.70141E+38 1.70141E+38 1.70141E+38 1.70141E+38 1.70141E+38 1.70141E+38 1.70141E+38 1.70141E+38 1.70141E+38 1.70141E+38 1.70141E+38 1.70141E+38 1.70141E+38 1.70141E+38 1.70141E+38 1.70141E+38 1.70141E+38 1.70141E+38 1.70141E+38 1.70141E+38 1.70141E+38 1.70141E+38 1.70141E+38 1.70141E+38 1.70141E+38 1.70141E+38 1.70141E+38 1.70141E+38 1.70141E+38 1.70141E+38 1.70141E+38 1.70141E+38 1.70141E+38 1.70141E+38 1.70141E+38 1.70141E+38 1.70141E+38 1.70141E+38 1.70141E+38 1.70141E+38 1.70141E+38 1.70141E+38 1.70141E+38 1.70141E+38 1.70141E+38 1.70141E+38 1.70141E+38 1.70141E+38 1.70141E+38 1.70141E+38 1.70141E+38 1.70141E+38 1.70141E+38 1.70141E+38
1.70141E+38 1.70141E+38 1.70141E+38 1.70141E+38 1.70141E+38 1.70141E+38 1.70141E+38 1.70141E+38 1.70141E+38 1.70141E+38 1.70141E+38 1.70141E+38 1.70141E+38 1.70141E+38 1.70141E+38 1.70141E+38 1.70141E+38 1.70141E+38 1.70141E+38 1.70141E+38 1.70141E+38 1.70141E+38 1.70141E+38 1.70141E+38 1.70141E+38 1.70141E+38 1.70141E+38 1.70141E+38 1.70141E+38 1.70141E+38 1.70141E+38 1.70141E+38 1.70141E+38 1.70141E+38 1.70141E+38 1.70141E+38 1.70141E+38 1.70141E+38 1.70141E+38 1.70141E+38 1.70141E+38 1.70141E+38 1.70141E+38 1.70141E+38 1.70141E+38 1.70141E+38 1.70141E+38 1.70141E+38 1.70141E+38 1.70141E+38 1.70141E+38 1.70141E+38 1.70141E+38 1.70141E+38 1.70141E+38 1.70141E+38 1.70141E+38 1.70141E+38 1.70141E+38 1.70141E+38 1.70141E+38 1.70141E+38
1.70141E+38 1.70141E+38 1.70141E+38 1.70141E+38 1.70141E+38 1.70141E+38 1.70141E+38 1.70141E+38 1.70141E+38 1.70141E+38 1.70141E+38 1.70141E+38 1.70141E+38 1.70141E+38 1.70141E+38 1.70141E+38 1.70141E+38 1.70141E+38 1.70141E+38 1.70141E+38 1.70141E+38 1.70141E+38 1.70141E+38 1.70141E+38 1.70141E+38 1.70141E+38 1.70141E+38 1.70141E+38 1.70141E+38 1.70141E+38 1.70141E+38 1.70141E+38 1.70141E+38 1.70141E+38 1.70141E+38 1.70141E+38 1.70141E+38 1.70141E+38 1.70141E+38 1.70141E+38 1.70141E+38 1.70141E+38 1.70141E+38 1.70141E+38 1.70141E+38 1.70141E+38 1.70141E+38 1.70141E+38 1.70141E+38 1.70141E+38 1.70141E+38 1.70141E+38 1.70141E+38 1.70141E+38 1.70141E+38 1.70141E+38 1.70141E+38 1.70141E+38 1.70141E+38 1.70141E+38 1.70141E+38 1.70141E+38
1.70141E+38 1.70141E+38 1.70141E+38 1.70141E+38 1.70141E+38 1.70141E+38 1.70141E+38 1.70141E+38 1.70141E+38 1.70141E+38 1.70141E+38 1.70141E+38 1.70141E+38 1.70141E+38 1.70141E+38 1.70141E+38 1.70141E+38 1.70141E+38 1.70141E+38 1.70141E+38 1.70141E+38 1.70141E+38 1.70141E+38 1.70141E+38 1.70141E+38 1.70141E+38 1.70141E+38 1.70141E+38 1.70141E+38 1.70141E+38 1.70141E+38 1.70141E+38 1.70141E+38 1.70141E+38 1.70141E+38 1.70141E+38 1.70141E+38 1.70141E+38 1.70141E+38 1.70141E+38 1.70141E+38 1.70141E+38 1.70141E+38 1.70141E+38 1.70141E+38 1.70141E+38 1.70141E+38 1.70141E+38 1.70141E+38 1.70141E+38 1.70141E+38 1.70141E+38 1.70141E+38 1.70141E+38 1.70141E+38 1.70141E+38 1.70141E+38 1.70141E+38 1.70141E+38 1.70141E+38 1.70141E+38 1.70141E+38
1.70141E+38 1.70141E+38 1.70141E+38 1.70141E+38 1.70141E+38 1.70141E+38 1.70141E+38 1.70141E+38 1.70141E+38 1.70141E+38 1.70141E+38 1.70141E+38 1.70141E+38 1.70141E+38 1.70141E+38 1.70141E+38 1.70141E+38 1.70141E+38 1.70141E+38 1.70141E+38 1.70141E+38 1.70141E+38 1.70141E+38 1.70141E+38 1.70141E+38 1.70141E+38 1.70141E+38 1.70141E+38 1.70141E+38 1.70141E+38 1.70141E+38 1.70141E+38 1.70141E+38 1.70141E+38 1.70141E+38 1.70141E+38 1.70141E+38 1.70141E+38 1.70141E+38 1.70141E+38 1.70141E+38 1.70141E+38 1.70141E+38 1.70141E+38 1.70141E+38 1.70141E+38 1.70141E+38 1.70141E+38 1.70141E+38 1.70141E+38 1.70141E+38 1.70141E+38 1.70141E+38 1.70141E+38 1.70141E+38 1.70141E+38 1.70141E+38 1.70141E+38 1.70141E+38 1.70141E+38 1.70141E+38 1.70141E+38
1.70141E+38 1.70141E+38 1.70141E+38 1.70141E+38 1.70141E+38 1.70141E+38 1.70141E+38 1.70141E+38 1.70141E+38 1.70141E+38 1.70141E+38 1.70141E+38 1.70141E+38 1.70141E+38 1.70141E+38 1.70141E+38 1.70141E+38 1.70141E+38 1.70141E+38 1.70141E+38 1.70141E+38 1.70141E+38 1.70141E+38 1.70141E+38 1.70141E+38 1.70141E+38 1.70141E+38 1.70141E+38 1.70141E+38 1.70141E+38 1.70141E+38 1.70141E+38 1.70141E+38 1.70141E+38 1.70141E+38 1.70141E+38 1.70141E+38 1.70141E+38 1.70141E+38 1.70141E+38 1.70141E+38 1.70141E+38 1.70141E+38 1.70141E+38 1.70141E+38 1.70141E+38 1.70141E+38 1.70141E+38 1.70141E+38 1.70141E+38 1.70141E+38 1.70141E+38 1.70141E+38 1.70141E+38 1.70141E+38 1.70141E+38 1.70141E+38 1.70141E+38 1.70141E+38 1.70141E+38 1.70141E+38 1.70141E+38
1.70141E+38 1.70141E+38 1.70141E+38 1.70141E+38 1.70141E+38 1.70141E+38 1.70141E+38 1.70141E+38 1.70141E+38 1.70141E+38 1.70141E+38 1.70141E+38 1.70141E+38 1.70141E+38 1.70141E+38 1.70141E+38 1.70141E+38 1.70141E+38 1.70141E+38 1.70141E+38 1.70141E+38 1.70141E+38 1.70141E+38 1.70141E+38 1.70141E+38 1.70141E+38 1.70141E+38 1.70141E+38 1.70141E+38 1.70141E+38 1.70141E+38 1.70141E+38 1.70141E+38 1.70141E+38 1.70141E+38 1.70141E+38 1.70141E+38 1.70141E+38 1.70141E+38 1.70141E+38 1.70141E+38 1.70141E+38 1.70141E+38 1.70141E+38 1.70141E+38 1.70141E+38 1.70141E+38 1.70141E+38 1.70141E+38 1.70141E+38 1.70141E+38 1.70141E+38 1.70141E+38 1.70141E+38 1.70141E+38 1.70141E+38 1.70141E+38 1.70141E+38 1.70141E+38 1.70141E+38 1.70141E+38 1.70141E+38
1.70141E+38 1.70141E+38 1.70141E+38 1.70141E+38 1.70141E+38 1.70141E+38 1.70141E+38 1.70141E+38 1.70141E+38 1.70141E+38 1.70141E+38 1.70141E+38 1.70141E+38 1.70141E+38 1.70141E+38 1.70141E+38 1.70141E+38 1.70141E+38 1.70141E+38 1.70141E+38 1.70141E+38 1.70141E+38 1.70141E+38 1.70141E+38 1.70141E+38 1.70141E+38 1.70141E+38 1.70141E+38 1.70141E+38 1.70141E+38 1.70141E+38 1.70141E+38 1.70141E+38 1.70141E+38 1.70141E+38 1.70141E+38 1.70141E+38 1.70141E+38 1.70141E+38 1.70141E+38 1.70141E+38 1.70141E+38 1.70141E+38 1.70141E+38 1.70141E+38 1.70141E+38 1.70141E+38 1.70141E+38 1.70141E+38 1.70141E+38 1.70141E+38 1.70141E+38 1.70141E+38 1.70141E+38 1.70141E+38 1.70141E+38 1.70141E+38 1.70141E+38 1.70141E+38 1.70141E+38 1.70141E+38 1.70141E+38
