py_wake/examples/data/AJ_ParqueFicticio/Ridge area   Sector 6   Height 200m   Orographic speed.grd
DSAA
90  129
 262878   265103
 6504214   6507414
 .1780226   1.421606
[rows 27 to 53 of 129, columns 0 to 61 of 90]
.9720995 .9825928 .9950327 1.006472 1.015798 1.022631 1.026284 1.026082 1.022375 1.015181 1.005242 .9938644 .9830591 .9742371 .9692251 .9674693 .9681116 .9700702 .9714424 .9729206 .9817699 .9939122 1.00642 1.020507 1.03385 1.04912 1.06704 1.088791 1.114395 1.138622 1.163122 1.186707 1.2104 1.233274 1.25269 1.27218 1.290594 1.308588 1.325975 1.336934 1.339074 1.333462 1.319721 1.299803 1.275612 1.248314 1.219071 1.183293 1.144834 1.107284 1.063804 1.023376 .9885378 .9564708 .9267054 .9021385 .8804519 .8623324 .8486881 .838402 .8290276 .8206758
.959825 .9709476 .984346 .9974096 1.009592 1.020326 1.028352 1.033062 1.033445 1.028438 1.019386 1.008043 .9946632 .9806157 .96787 .9582147 .9520677 .9479563 .9443451 .9411799 .9441537 .950288 .957151 .9680423 .9780698 .9908293 1.009865 1.03327 1.060934 1.087922 1.112948 1.137011 1.162389 1.187995 1.210847 1.233712 1.256641 1.279049 1.302805 1.321802 1.3321 1.335073 1.327234 1.308762 1.283153 1.253268 1.221943 1.185886 1.145102 1.105637 1.061478 1.019515 .9841915 .9518449 .9223401 .8998668 .8788027 .8583963 .8433462 .8338222 .8250305 .8179533
.9462981 .9580505 .9716577 .9850328 .9987103 1.012359 1.024339 1.034201 1.040371 1.039927 1.032926 1.020847 1.006616 .9910906 .9746273 .9591714 .9460874 .9350358 .9240896 .9149553 .9113395 .9087655 .9063162 .9102256 .9155034 .9227164 .9429408 .9713138 1.003685 1.034164 1.061106 1.086741 1.112903 1.140571 1.166914 1.192223 1.218903 1.245767 1.274991 1.301311 1.32002 1.331662 1.331709 1.317762 1.292884 1.260551 1.225364 1.188049 1.145429 1.103454 1.058206 1.014451 .9787853 .9461074 .9166656 .8955325 .8760185 .8541811 .8369334 .8279631 .8207152 .8144881
.9305349 .9428882 .9564636 .9697976 .9840495 .9986755 1.012494 1.02571 1.037334 1.043037 1.03941 1.029051 1.015311 1.000718 .9851029 .9683693 .9519634 .9353262 .9172296 .9018895 .8943393 .8828428 .8713229 .8696856 .8691171 .8692228 .8888224 .9204871 .9529883 .9840038 1.012647 1.038177 1.062667 1.092484 1.122889 1.151052 1.180079 1.210652 1.244156 1.276233 1.302858 1.323519 1.333185 1.326243 1.305625 1.273609 1.233472 1.192646 1.147436 1.102061 1.055448 1.010437 .9748725 .9420182 .9110861 .889744 .8740498 .8535733 .833456 .8241213 .8182414 .812347
.91062 .9229631 .9363357 .9490458 .9633209 .9784165 .9928548 1.006937 1.02072 1.03065 1.031783 1.02672 1.017123 1.004924 .991578 .9770014 .9610699 .9437944 .9264353 .9126409 .9015215 .8881886 .8769243 .873678 .8701071 .8700369 .8845672 .9075465 .9293342 .9525126 .9774625 1.002327 1.027247 1.055895 1.085625 1.114869 1.144791 1.176939 1.212514 1.247985 1.280123 1.307393 1.325583 1.326957 1.312961 1.286823 1.246042 1.20029 1.152829 1.104866 1.057487 1.011359 .9752469 .9434062 .9115191 .8884071 .8773535 .8632972 .8440785 .830074 .8229559 .8165959
.8896591 .9017373 .9148247 .9269626 .9407639 .9554188 .9693983 .9830249 .9966858 1.008395 1.013256 1.012976 1.008555 1.000793 .9908219 .9788582 .9653605 .9531341 .9433987 .933135 .922224 .9135439 .9068859 .9027888 .9004963 .9018009 .9095375 .9214602 .9318319 .9437297 .9615372 .9826697 1.005567 1.029238 1.054777 1.082492 1.112346 1.144887 1.18117 1.218497 1.255003 1.287804 1.311568 1.320612 1.312403 1.292557 1.257281 1.209506 1.160768 1.111167 1.062811 1.016084 .9788598 .9477471 .915667 .8889814 .8795398 .8723466 .8591657 .8444384 .8339602 .8260393
.8675508 .8796331 .8927321 .9046331 .9184077 .9329363 .9465826 .9593235 .9717919 .9837983 .9915519 .9950427 .9945154 .9903431 .9831932 .9736038 .9630011 .9591259 .9591355 .9548818 .9492773 .9447396 .9413106 .9396442 .9382432 .9382262 .9434505 .9507417 .9532744 .9573454 .9654576 .9757946 .9925105 1.01073 1.030723 1.055907 1.084637 1.11616 1.151892 1.18998 1.230114 1.267855 1.295305 1.310693 1.30804 1.292468 1.26441 1.218998 1.16965 1.119843 1.071773 1.025722 .9868764 .9554797 .926707 .9005564 .8876355 .8823956 .8744266 .8625566 .8511345 .840576
.8441409 .8568676 .8706246 .8831002 .8981211 .91361 .9278014 .9410043 .952765 .9636305 .9728871 .9793752 .9819872 .9800928 .9738165 .9644218 .9582675 .9617608 .9685281 .9733552 .9739781 .9736611 .9755893 .9771506 .9770925 .9789519 .9850386 .9919607 .9955212 .9954278 .9942725 .9961186 1.003422 1.012801 1.02715 1.047577 1.070118 1.099071 1.132099 1.168979 1.210916 1.250859 1.279823 1.299563 1.302161 1.289782 1.266989 1.228445 1.181758 1.135153 1.08806 1.042117 1.001211 .9684356 .9427372 .9215066 .9058309 .8968843 .8903115 .8806747 .8698168 .859484
.8224594 .8355924 .8491653 .8619774 .8796663 .8978033 .9144244 .9297459 .942782 .9540532 .9639477 .9714229 .9756109 .9749454 .9693834 .9612762 .9593278 .9655679 .9745218 .9831821 .9903741 .9977735 1.005873 1.01297 1.018978 1.026728 1.035387 1.045247 1.050547 1.048592 1.04512 1.04283 1.042097 1.043831 1.052136 1.06286 1.078845 1.101674 1.129349 1.161496 1.200847 1.239563 1.268286 1.290438 1.29705 1.287398 1.267 1.235882 1.194808 1.152462 1.110395 1.066824 1.026162 .9935163 .9680361 .9461071 .9289377 .9181045 .9097549 .8999721 .8882958 .8773914
.8041342 .815211 .8271706 .839184 .860291 .8818038 .901596 .9195293 .9349955 .9482982 .9595756 .9685048 .9749349 .9757082 .9721265 .9683402 .9676614 .9724017 .9815076 .9914742 1.002528 1.016041 1.029601 1.04479 1.059236 1.073053 1.087587 1.101919 1.10994 1.108595 1.103951 1.09785 1.093134 1.090082 1.09188 1.096115 1.104685 1.119676 1.140296 1.167199 1.200871 1.235082 1.261972 1.28454 1.29514 1.287342 1.268104 1.24031 1.207572 1.1705 1.134427 1.096195 1.05674 1.023723 .9982546 .9762011 .9565762 .9428309 .9328628 .9215189 .9084141 .8944896
.7894749 .7955226 .8042054 .8146268 .8390266 .8637361 .8864579 .9069614 .9255603 .9423257 .9563654 .9686723 .978538 .9817212 .9817498 .9808971 .9807021 .983884 .9912542 1.001379 1.016447 1.032758 1.051275 1.072179 1.093395 1.113236 1.132239 1.151317 1.165527 1.167442 1.162875 1.155692 1.14844 1.143339 1.139269 1.138239 1.140624 1.147996 1.160175 1.180503 1.209084 1.238724 1.263166 1.283144 1.296723 1.291746 1.273627 1.246272 1.218084 1.187143 1.154657 1.12248 1.087461 1.054432 1.029173 1.008347 .9890062 .9717245 .9583087 .9454188 .9306431 .9145105
.7817454 .7773811 .7807819 .7902648 .8163547 .8423894 .8669949 .8896763 .9106953 .9316276 .950475 .9690011 .984014 .9925649 .9950188 .9959776 .9987387 1.004356 1.009433 1.019798 1.036227 1.054779 1.074795 1.097139 1.121326 1.145008 1.167612 1.189556 1.208022 1.216553 1.216823 1.213283 1.205504 1.198245 1.191153 1.186584 1.183444 1.184114 1.190675 1.205478 1.228343 1.252841 1.273679 1.289334 1.300923 1.297842 1.28223 1.257207 1.229401 1.201405 1.173284 1.143495 1.111818 1.080648 1.055628 1.03559 1.017663 .9985826 .9828745 .9690781 .9534853 .9364092
.7761247 .7632638 .7602881 .7701116 .7939038 .8191637 .8450118 .8699986 .8940635 .917779 .9403116 .9640673 .984762 .9996503 1.008161 1.013696 1.021701 1.029922 1.038811 1.049346 1.063009 1.080053 1.100242 1.123369 1.147347 1.171458 1.196023 1.219561 1.240173 1.25431 1.260901 1.262581 1.258911 1.253206 1.246605 1.238845 1.233141 1.229976 1.231737 1.24119 1.257111 1.275123 1.289819 1.301052 1.308572 1.304802 1.289608 1.267855 1.242616 1.215137 1.189726 1.163013 1.131861 1.100464 1.075789 1.055624 1.037156 1.019658 1.004661 .9898483 .9740428 .9562755
.7730928 .7547864 .7465357 .754165 .7718715 .7940485 .8196904 .845628 .8720675 .8992226 .9266375 .9555555 .9814348 1.00137 1.017603 1.032247 1.043843 1.056231 1.068985 1.079461 1.090729 1.104732 1.124054 1.147716 1.172353 1.196661 1.220962 1.244802 1.26756 1.284775 1.29693 1.304068 1.306162 1.30329 1.299448 1.29207 1.283382 1.277673 1.276109 1.280289 1.290253 1.301779 1.310371 1.317597 1.321844 1.316881 1.301001 1.2786 1.254048 1.227924 1.203264 1.179873 1.150656 1.117324 1.091737 1.072161 1.053371 1.035859 1.022389 1.00884 .9934292 .9775338
.775566 .7521567 .7380863 .7376764 .748498 .766991 .7921595 .8182228 .8460563 .8756914 .9069932 .9403395 .9709558 .9974827 1.02123 1.042598 1.06086 1.076371 1.092044 1.103514 1.112295 1.125435 1.143677 1.166949 1.190701 1.215421 1.239539 1.263431 1.28647 1.305744 1.321154 1.332336 1.339833 1.341173 1.34082 1.338209 1.33126 1.323102 1.318084 1.318133 1.32331 1.331467 1.336222 1.338633 1.338785 1.332332 1.317165 1.293499 1.266031 1.239806 1.21461 1.19111 1.165566 1.133573 1.105781 1.085417 1.066696 1.048906 1.035738 1.024487 1.011335 .9974638
.782677 .7525051 .729264 .7177128 .7223089 .7385651 .7634698 .7890626 .8171913 .847521 .881614 .918423 .9524815 .9829323 1.010944 1.037312 1.061512 1.082854 1.100986 1.114711 1.12662 1.138082 1.153083 1.173517 1.195803 1.218909 1.241956 1.265613 1.289422 1.310369 1.32783 1.342779 1.354075 1.36052 1.364439 1.366555 1.363472 1.356523 1.350702 1.34858 1.351695 1.356917 1.358237 1.356635 1.35362 1.34458 1.32881 1.307808 1.279788 1.250674 1.223095 1.197289 1.173208 1.145098 1.117485 1.096579 1.078565 1.060973 1.047472 1.038313 1.02834 1.019058
.7889045 .7513769 .7205976 .7004263 .6959445 .7096096 .7329729 .7565261 .7846184 .8153201 .850706 .8896491 .9262674 .9605193 .9918291 1.02081 1.048207 1.074282 1.097981 1.116763 1.130649 1.141421 1.153745 1.169656 1.187616 1.207435 1.227879 1.250279 1.274552 1.296853 1.316943 1.335861 1.350838 1.363058 1.372096 1.378698 1.381434 1.379631 1.376167 1.374492 1.375731 1.378317 1.378278 1.37484 1.369399 1.35773 1.339882 1.31809 1.291708 1.260184 1.229634 1.201401 1.175889 1.149696 1.12338 1.1031 1.087198 1.072692 1.060509 1.052747 1.047144 1.04343
.8046656 .7588825 .7199789 .6931033 .6808922 .6850253 .7001913 .7189015 .7463585 .7781007 .8140694 .8536167 .8923562 .9296473 .964439 .9966628 1.025208 1.053184 1.08123 1.10636 1.124324 1.137644 1.149406 1.161334 1.175087 1.19023 1.206333 1.226991 1.252007 1.274893 1.295722 1.316964 1.334945 1.352082 1.366426 1.37784 1.386645 1.391588 1.393015 1.393399 1.394984 1.397923 1.398112 1.393914 1.387322 1.373506 1.352408 1.327658 1.301045 1.269335 1.236102 1.205606 1.177894 1.152311 1.127386 1.107434 1.092617 1.080823 1.072761 1.068551 1.066508 1.065958
.830061 .7786359 .7336523 .6996931 .6772261 .66525 .6675445 .6795051 .7046002 .7359241 .7722301 .8124639 .8515146 .8901535 .9272169 .9621194 .9907197 1.017552 1.047152 1.076177 1.097897 1.115222 1.12994 1.140395 1.151212 1.162764 1.174941 1.19305 1.218957 1.243321 1.263633 1.286002 1.306344 1.327345 1.346903 1.362935 1.376915 1.388857 1.396889 1.402123 1.407054 1.412526 1.415309 1.412002 1.405212 1.391812 1.369624 1.340322 1.309508 1.277429 1.242181 1.209708 1.180173 1.153976 1.12958 1.10925 1.09463 1.08468 1.080354 1.080519 1.082847 1.086886
.8619886 .8024787 .748003 .7040222 .6707336 .6451552 .6335108 .6377837 .6597946 .6886919 .7214633 .7588379 .795408 .8324284 .8706079 .9071739 .9365847 .9626897 .9908605 1.01914 1.0429 1.062889 1.079476 1.091161 1.101885 1.113698 1.125063 1.140272 1.165213 1.193912 1.217129 1.241583 1.265156 1.288953 1.312958 1.33323 1.351239 1.368985 1.383645 1.394713 1.404742 1.414335 1.421295 1.421294 1.415493 1.403546 1.384366 1.355916 1.320192 1.28502 1.248303 1.214153 1.18332 1.155892 1.13175 1.111669 1.097887 1.087994 1.083718 1.086754 1.09294 1.10056
.8969421 .833296 .7713227 .7157409 .6704255 .6343748 .6105697 .6040346 .6184281 .6399088 .665656 .6969127 .7276754 .7631546 .7995512 .8341196 .86422 .8907803 .9189528 .9469941 .9708937 .9919071 1.009269 1.021623 1.032988 1.045283 1.057807 1.07271 1.09628 1.127775 1.157124 1.185214 1.213752 1.240867 1.268038 1.293215 1.315273 1.337776 1.358487 1.374628 1.389888 1.404678 1.416592 1.421606 1.419481 1.40913 1.392385 1.36939 1.333539 1.293997 1.255113 1.218929 1.18744 1.159527 1.13587 1.117483 1.104161 1.09482 1.090338 1.095359 1.105408 1.116274
.9367997 .8721023 .8079679 .7465542 .6907075 .6457399 .6127643 .5930477 .5890352 .5961075 .6115628 .6350117 .6570305 .6862229 .7224567 .7570329 .7851397 .8125642 .8426778 .8721936 .8971526 .9184809 .9360717 .9473214 .9544073 .9654124 .9797667 .9971083 1.021268 1.053152 1.088248 1.122856 1.155901 1.187944 1.218536 1.248281 1.275505 1.302225 1.328869 1.350842 1.371024 1.390917 1.407373 1.416598 1.419057 1.41111 1.395434 1.376192 1.346679 1.304916 1.263002 1.224406 1.191627 1.162849 1.138867 1.121605 1.10838 1.099178 1.097026 1.103353 1.11593 1.129668
.981712 .9172989 .850777 .7835039 .7224472 .6710365 .6304663 .5983916 .5752903 .5655192 .5685906 .580638 .591213 .6101894 .6437758 .6736353 .7013291 .7267279 .7566965 .7898797 .8189707 .8414099 .85831 .8684153 .8715418 .8739486 .8861651 .9050836 .9320871 .9692273 1.009979 1.051437 1.091344 1.130491 1.166466 1.199878 1.232358 1.263983 1.295874 1.32401 1.348925 1.374198 1.395604 1.408788 1.415381 1.410323 1.395447 1.376632 1.353213 1.315091 1.270716 1.229673 1.194888 1.164917 1.139088 1.121328 1.109658 1.101149 1.09902 1.106672 1.12251 1.140248
1.028943 .9658649 .8970447 .8280955 .7631837 .7037961 .6537523 .6109113 .5772492 .5575325 .5515366 .5516749 .5520386 .5594848 .5788769 .594799 .6155022 .6353983 .6604418 .6952425 .7308863 .7578607 .7753184 .7874091 .7883015 .7831506 .7886952 .8054815 .8348669 .8746164 .9171827 .9668811 1.018335 1.067376 1.110173 1.147915 1.185276 1.223022 1.25995 1.294779 1.324583 1.355116 1.381725 1.399515 1.410129 1.408023 1.394015 1.3748 1.352397 1.320738 1.276371 1.233297 1.19666 1.165731 1.138577 1.119565 1.109148 1.102492 1.102093 1.112369 1.132191 1.154807
1.076024 1.018305 .9516315 .8813122 .8125947 .7488628 .6936378 .643129 .6013142 .5718426 .5555618 .5484716 .5452086 .5397652 .53517 .5307298 .5337534 .5482412 .5654036 .5951707 .6351346 .6697984 .6935294 .7070768 .7108641 .7057739 .7024762 .7173738 .7367366 .7685447 .8171995 .8733941 .9382457 .9985652 1.047732 1.090331 1.135795 1.179821 1.221862 1.262604 1.298028 1.333733 1.365906 1.38921 1.404671 1.406047 1.392927 1.372921 1.349638 1.321918 1.280769 1.23617 1.197761 1.165924 1.139395 1.120278 1.109551 1.104728 1.107383 1.120693 1.142086 1.166599
1.118774 1.066511 1.006403 .9391279 .8685251 .8015829 .7389633 .6829962 .6331332 .5928891 .5680511 .5595037 .5549653 .5401573 .5143257 .484973 .4684785 .4762315 .4876347 .5085691 .5487985 .5910296 .6220545 .6417569 .649015 .6429989 .6355091 .642808 .6546751 .677015 .7264412 .7849485 .8576834 .9292417 .9871101 1.037068 1.088758 1.137926 1.184152 1.229341 1.270494 1.310821 1.348063 1.3774 1.399014 1.405551 1.394907 1.374066 1.349446 1.321814 1.284457 1.239298 1.198992 1.165313 1.138358 1.121887 1.112076 1.10769 1.11035 1.125117 1.149124 1.176249
1.158565 1.109584 1.052568 .9874905 .9209692 .85381 .7890635 .7331254 .6790254 .6312429 .6033948 .5914843 .5820957 .5578541 .5206703 .4737578 .444929 .4430924 .4460994 .4595272 .497679 .5426748 .5798998 .6071461 .6191325 .615157 .6089806 .618938 .626369 .639816 .6866832 .7411101 .8122726 .8872898 .950624 1.005185 1.05659 1.105213 1.153718 1.202991 1.248311 1.291062 1.330422 1.364065 1.391438 1.404697 1.399555 1.380231 1.354324 1.324073 1.289371 1.246325 1.205156 1.170038 1.140797 1.123757 1.116725 1.114519 1.11739 1.131724 1.155258 1.182019
