py_wake/examples/data/AJ_ParqueFicticio/Ridge area   Sector 11   Height 30m   Orographic speed.grd
DSAA
90  129
 262878   265103
 6504214   6507414
 .04091964   1.46441
[rows 81 to 107 of 129, columns 0 to 61 of 90]
.9371471 .9481584 .9585686 .9662881 .9717506 .9764202 .9818724 .9886772 .9985945 1.0092 1.019681 1.029423 1.033604 1.030702 1.022689 1.015769 1.011843 1.009244 1.009596 1.009427 1.006288 1.006683 1.009143 1.013713 1.017897 1.020348 1.019803 1.018615 1.016971 1.014061 1.012139 1.013845 1.023108 1.041829 1.066878 1.096352 1.129363 1.167432 1.208027 1.24684 1.281175 1.318054 1.350799 1.373875 1.390032 1.403576 1.410668 1.412267 1.396508 1.358655 1.315269 1.265781 1.215013 1.165644 1.123073 1.091438 1.071593 1.058797 1.052208 1.051351 1.049966 1.048201
.9568147 .9718403 .9844133 .9928711 .9992511 1.004542 1.010035 1.015151 1.020923 1.028969 1.039583 1.050446 1.058366 1.058679 1.051284 1.044656 1.039478 1.038481 1.042329 1.04522 1.040521 1.036478 1.034971 1.038754 1.045108 1.050472 1.051886 1.052393 1.052549 1.049634 1.047083 1.046747 1.052503 1.068784 1.09036 1.115767 1.14747 1.185189 1.226433 1.261717 1.293548 1.331465 1.361902 1.379296 1.39374 1.406733 1.414152 1.416967 1.399074 1.361379 1.318623 1.266886 1.211712 1.155626 1.103367 1.059381 1.026786 1.003179 .991895 .9923567 .9938557 .9953229
.9703295 .9879666 1.003007 1.013317 1.018766 1.02413 1.029086 1.030603 1.033171 1.040723 1.049251 1.057078 1.067399 1.073982 1.069062 1.061061 1.055175 1.054188 1.059308 1.066392 1.060947 1.054883 1.051692 1.054481 1.062791 1.072079 1.076527 1.079749 1.083402 1.082028 1.079492 1.078665 1.082815 1.096109 1.114701 1.135947 1.165566 1.201655 1.240785 1.270634 1.300827 1.337116 1.365552 1.381467 1.395784 1.408812 1.417462 1.420283 1.403937 1.370178 1.329852 1.278425 1.221189 1.161676 1.10127 1.044557 .9980548 .9624909 .9433677 .937286 .9355295 .940275
.9781544 .9974505 1.013547 1.02447 1.030709 1.034849 1.036747 1.036895 1.038985 1.045135 1.050424 1.054868 1.061903 1.068198 1.066973 1.061809 1.057314 1.056081 1.059285 1.065357 1.062848 1.058152 1.055459 1.057742 1.065859 1.078944 1.089272 1.09707 1.10533 1.107732 1.108856 1.111304 1.115998 1.125741 1.141277 1.160223 1.184206 1.217691 1.251176 1.275716 1.302917 1.335883 1.363605 1.380107 1.394603 1.408956 1.419546 1.422015 1.409018 1.381948 1.345795 1.298926 1.244754 1.184734 1.120091 1.056592 1.001372 .9567422 .926263 .904977 .8939549 .8936363
.9819717 1.001545 1.017272 1.028946 1.03757 1.039894 1.03894 1.03887 1.041535 1.045617 1.046917 1.046347 1.046765 1.049375 1.050509 1.049444 1.046807 1.045638 1.046431 1.049747 1.049261 1.046304 1.044457 1.047438 1.055747 1.071193 1.08748 1.102059 1.116474 1.124557 1.133439 1.142322 1.149001 1.156807 1.16952 1.185516 1.204645 1.234259 1.260798 1.279844 1.3021 1.328799 1.354805 1.374148 1.390061 1.406256 1.418249 1.422804 1.415399 1.395426 1.364139 1.32317 1.273909 1.216569 1.153058 1.0897 1.034222 .9842722 .940332 .901727 .8720538 .8526766
.9834499 1.001373 1.016038 1.028425 1.038057 1.039314 1.036127 1.033559 1.034717 1.038393 1.037427 1.03285 1.028563 1.027058 1.02635 1.027595 1.029766 1.03049 1.030471 1.031508 1.02987 1.027433 1.026292 1.030913 1.03959 1.055756 1.076305 1.096886 1.117619 1.133469 1.149763 1.166023 1.177054 1.185976 1.196096 1.206977 1.224932 1.250496 1.270758 1.285056 1.300588 1.318485 1.337872 1.356649 1.375273 1.394009 1.409781 1.419213 1.419514 1.407179 1.381923 1.347867 1.304358 1.251399 1.192314 1.13326 1.082279 1.029595 .9733743 .9190271 .8692644 .8238409
.980815 .9970052 1.010238 1.021746 1.030498 1.031176 1.027036 1.022456 1.019942 1.020424 1.018837 1.014231 1.009144 1.0054 1.002502 1.002364 1.006134 1.010923 1.01375 1.013942 1.011748 1.008438 1.007762 1.014655 1.023722 1.038961 1.062534 1.087263 1.112394 1.135046 1.157642 1.178727 1.19569 1.208644 1.216604 1.225558 1.243537 1.266027 1.281446 1.291002 1.298426 1.307765 1.320716 1.335543 1.353624 1.373928 1.393149 1.40759 1.415712 1.412823 1.395926 1.369431 1.333312 1.287498 1.234241 1.179408 1.131475 1.081672 1.023376 .9611155 .9006292 .8373292
.9738796 .9882023 1.000721 1.010446 1.016021 1.016376 1.012689 1.007331 1.002707 .9986122 .9951022 .9904802 .9860582 .9820715 .9786585 .977492 .9797677 .9869587 .9941299 .9966609 .9955809 .9940162 .9936317 1.002044 1.013091 1.028187 1.051627 1.078095 1.106516 1.133717 1.16082 1.185739 1.208127 1.223058 1.230829 1.240819 1.258855 1.279372 1.291985 1.29603 1.294581 1.297045 1.304703 1.315733 1.331218 1.350604 1.371263 1.389071 1.403028 1.409567 1.402526 1.384529 1.356756 1.319799 1.274075 1.224695 1.180089 1.135601 1.08195 1.019888 .9575798 .8903756
.965125 .9776903 .9901755 .9984652 .9997221 .9975093 .9943573 .9896534 .9845282 .9786159 .9731738 .9674276 .9616763 .9576189 .9558228 .9551604 .955849 .9648129 .9738796 .9792078 .9804283 .9814441 .9823886 .9918948 1.005539 1.021982 1.044119 1.07142 1.102306 1.131768 1.161891 1.190651 1.217798 1.233727 1.241585 1.253412 1.271806 1.291221 1.301577 1.300355 1.291381 1.286265 1.287935 1.293186 1.302687 1.31928 1.341935 1.363937 1.383367 1.396229 1.399067 1.391182 1.37243 1.344271 1.307629 1.266636 1.227488 1.189252 1.143229 1.084804 1.024276 .962543
.9543045 .9648574 .9787551 .9868029 .9845662 .9795139 .974848 .971316 .9672261 .9626558 .9573043 .95071 .9430955 .9378108 .9384802 .9415255 .9435219 .9506696 .9596028 .9643447 .9675781 .9713972 .9736858 .9842193 1.00051 1.01904 1.041829 1.07039 1.101573 1.131473 1.162824 1.193742 1.224003 1.241099 1.249614 1.26258 1.281076 1.299984 1.308756 1.304626 1.287056 1.272897 1.270628 1.271938 1.276328 1.28743 1.3074 1.33074 1.353984 1.372982 1.383835 1.386083 1.376683 1.35577 1.327301 1.296379 1.266779 1.236308 1.199414 1.147114 1.089676 1.031548
.9366578 .9457667 .9584019 .9673937 .9654817 .9597536 .9553321 .9538462 .952241 .9504794 .9482126 .9436654 .9364057 .9308231 .9327219 .9394794 .9437914 .9501478 .9580699 .9623039 .9663091 .9736719 .9765283 .9883268 1.006347 1.025036 1.047561 1.077139 1.106397 1.134144 1.164696 1.194186 1.223431 1.242016 1.251905 1.265462 1.282485 1.299487 1.308888 1.302239 1.282862 1.265169 1.256454 1.250589 1.247922 1.254408 1.271398 1.293586 1.316783 1.339946 1.357356 1.367567 1.365753 1.350525 1.327967 1.305842 1.286506 1.26579 1.239039 1.198938 1.149625 1.09432
.9087335 .9196519 .9307633 .9373991 .937674 .9343193 .9310437 .931698 .934195 .9376209 .9398678 .9396828 .9376013 .9364477 .9407268 .9474465 .9516861 .958873 .967166 .9716516 .9787635 .9889553 .9966567 1.009704 1.026332 1.044228 1.06478 1.091468 1.116995 1.141199 1.169438 1.194789 1.21911 1.237533 1.249875 1.26531 1.281105 1.294589 1.302058 1.295402 1.275938 1.255346 1.239831 1.228587 1.219054 1.220725 1.234214 1.255085 1.278007 1.301364 1.321447 1.336184 1.339791 1.328316 1.310003 1.294807 1.284843 1.273488 1.257139 1.233188 1.19742 1.151196
.8765691 .889971 .9016958 .9091402 .9093879 .9069496 .9048164 .9080364 .9142697 .9228494 .9308751 .936719 .9400954 .9438407 .9517224 .9589421 .9633545 .9708692 .9791641 .986922 .9990327 1.011811 1.024525 1.038649 1.053853 1.071186 1.090355 1.11189 1.131059 1.151675 1.176873 1.198261 1.217501 1.233129 1.245979 1.262428 1.276842 1.288538 1.294123 1.286929 1.265935 1.243824 1.222721 1.205801 1.191147 1.186667 1.195222 1.214923 1.237476 1.26018 1.281564 1.298112 1.303181 1.293112 1.277801 1.267429 1.264391 1.26309 1.259139 1.252241 1.233311 1.200185
.8489929 .862374 .8781185 .8884677 .8905858 .887089 .8821746 .8860709 .8981141 .9093166 .920832 .9325987 .9401353 .9482098 .9598708 .9691878 .9763882 .9849889 .9934978 1.004658 1.018828 1.036227 1.052422 1.066777 1.082385 1.098088 1.115495 1.132552 1.145956 1.162958 1.184134 1.202245 1.217168 1.228731 1.240145 1.255624 1.269059 1.280382 1.285518 1.278582 1.258119 1.233152 1.208763 1.186143 1.165099 1.15461 1.158056 1.172702 1.192562 1.21473 1.237333 1.254376 1.258348 1.247576 1.231981 1.222721 1.225749 1.233805 1.241847 1.249425 1.250073 1.235714
.827063 .8398855 .8571391 .8711774 .8763053 .8749017 .8733328 .8779642 .8923077 .9040268 .9163212 .9313653 .9426606 .9543292 .9681274 .9796335 .9896997 .9995233 1.010233 1.022631 1.038217 1.057251 1.07631 1.093188 1.109083 1.124712 1.140358 1.152272 1.161303 1.173735 1.188593 1.202259 1.21471 1.223776 1.233948 1.247215 1.260852 1.272946 1.27883 1.272568 1.252333 1.227757 1.200595 1.171324 1.142387 1.125052 1.1227 1.132808 1.149739 1.169754 1.19035 1.206067 1.209279 1.19488 1.178376 1.167697 1.172436 1.186936 1.20542 1.225141 1.240895 1.245296
.8060403 .8211549 .8386481 .8551269 .8633156 .8672116 .8700149 .8768472 .8925588 .9048798 .9185001 .933625 .9476989 .9627582 .9775403 .989906 1.001196 1.014114 1.027232 1.040946 1.057297 1.0779 1.099125 1.117094 1.133356 1.151496 1.165536 1.172075 1.177757 1.185069 1.192637 1.199939 1.208564 1.215085 1.22384 1.235479 1.24923 1.263283 1.271369 1.26835 1.250562 1.225567 1.19539 1.159987 1.123273 1.096704 1.087186 1.092622 1.105394 1.121886 1.138609 1.15338 1.157163 1.140123 1.119918 1.106959 1.110076 1.126156 1.151018 1.182022 1.211017 1.231535
.7897151 .8060861 .8236708 .8403099 .8519872 .8601546 .8659026 .8763754 .8932338 .9076064 .9231114 .9386545 .9538376 .9700494 .985534 .9989845 1.011342 1.026008 1.041634 1.057214 1.07558 1.098194 1.121891 1.138415 1.154101 1.174086 1.187424 1.192061 1.195449 1.197421 1.196926 1.196959 1.199171 1.202011 1.208638 1.218724 1.233045 1.249819 1.262248 1.264181 1.250431 1.225387 1.192555 1.152113 1.106625 1.069476 1.050667 1.04898 1.054752 1.068001 1.084269 1.099624 1.100502 1.081894 1.058622 1.042889 1.04388 1.058036 1.087747 1.130346 1.172543 1.206248
.7848055 .7991678 .815264 .8296571 .8431821 .8535907 .8611265 .8756586 .8932249 .9093865 .9255082 .9422214 .958292 .9741674 .9902511 1.005535 1.018974 1.034132 1.049987 1.06707 1.088588 1.112792 1.137404 1.153764 1.169582 1.18939 1.203287 1.208453 1.21143 1.209683 1.202288 1.195372 1.190603 1.188074 1.190141 1.197393 1.212314 1.231807 1.249249 1.257474 1.250974 1.229615 1.195751 1.150658 1.097394 1.046976 1.015795 1.004946 1.003202 1.013229 1.027823 1.043026 1.040842 1.02125 .9976088 .9797327 .9768637 .9880059 1.017897 1.070336 1.12627 1.171883
.7878806 .802499 .8168275 .8282611 .842069 .8529208 .8614678 .8768658 .8945913 .9111808 .9272425 .9436163 .9605114 .9764819 .9917554 1.006554 1.020732 1.036412 1.051787 1.068922 1.090463 1.115345 1.140573 1.159131 1.176454 1.196361 1.212677 1.220726 1.22446 1.220461 1.20744 1.193534 1.181553 1.17231 1.168763 1.172918 1.187994 1.210096 1.232193 1.247706 1.250796 1.23647 1.20484 1.157995 1.100216 1.040455 .995397 .9707543 .9594886 .9604099 .9690478 .9813938 .9822995 .9653338 .9434499 .9263689 .9208189 .9289415 .9538874 1.001474 1.060284 1.113258
1.70141E+38 1.70141E+38 1.70141E+38 1.70141E+38 1.70141E+38 1.70141E+38 1.70141E+38 1.70141E+38 1.70141E+38 1.70141E+38 1.70141E+38 1.70141E+38 1.70141E+38 1.70141E+38 1.70141E+38 1.70141E+38 1.70141E+38 1.70141E+38 1.70141E+38 1.70141E+38 1.70141E+38 1.70141E+38 1.70141E+38 1.70141E+38 1.70141E+38 1.70141E+38 1.70141E+38 1.70141E+38 1.70141E+38 1.70141E+38 1.70141E+38 1.70141E+38 1.70141E+38 1.70141E+38 1.70141E+38 1.70141E+38 1.70141E+38 1.70141E+38 1.70141E+38 1.70141E+38 1.70141E+38 1.70141E+38 1.70141E+38 1.70141E+38 1.70141E+38 1.70141E+38 1.70141E+38 1.70141E+38 1.70141E+38 1.70141E+38 1.70141E+38 1.70141E+38 1.70141E+38 1.70141E+38 1.70141E+38 1.70141E+38 1.70141E+38 1.70141E+38 1.70141E+38 1.70141E+38 1.70141E+38 1.70141E+38
1.70141E+38 1.70141E+38 1.70141E+38 1.70141E+38 1.70141E+38 1.70141E+38 1.70141E+38 1.70141E+38 1.70141E+38 1.70141E+38 1.70141E+38 1.70141E+38 1.70141E+38 1.70141E+38 1.70141E+38 1.70141E+38 1.70141E+38 1.70141E+38 1.70141E+38 1.70141E+38 1.70141E+38 1.70141E+38 1.70141E+38 1.70141E+38 1.70141E+38 1.70141E+38 1.70141E+38 1.70141E+38 1.70141E+38 1.70141E+38 1.70141E+38 1.70141E+38 1.70141E+38 1.70141E+38 1.70141E+38 1.70141E+38 1.70141E+38 1.70141E+38 1.70141E+38 1.70141E+38 1.70141E+38 1.70141E+38 1.70141E+38 1.70141E+38 1.70141E+38 1.70141E+38 1.70141E+38 1.70141E+38 1.70141E+38 1.70141E+38 1.70141E+38 1.70141E+38 1.70141E+38 1.70141E+38 1.70141E+38 1.70141E+38 1.70141E+38 1.70141E+38 1.70141E+38 1.70141E+38 1.70141E+38 1.70141E+38
1.70141E+38 1.70141E+38 1.70141E+38 1.70141E+38 1.70141E+38 1.70141E+38 1.70141E+38 1.70141E+38 1.70141E+38 1.70141E+38 1.70141E+38 1.70141E+38 1.70141E+38 1.70141E+38 1.70141E+38 1.70141E+38 1.70141E+38 1.70141E+38 1.70141E+38 1.70141E+38 1.70141E+38 1.70141E+38 1.70141E+38 1.70141E+38 1.70141E+38 1.70141E+38 1.70141E+38 1.70141E+38 1.70141E+38 1.70141E+38 1.70141E+38 1.70141E+38 1.70141E+38 1.70141E+38 1.70141E+38 1.70141E+38 1.70141E+38 1.70141E+38 1.70141E+38 1.70141E+38 1.70141E+38 1.70141E+38 1.70141E+38 1.70141E+38 1.70141E+38 1.70141E+38 1.70141E+38 1.70141E+38 1.70141E+38 1.70141E+38 1.70141E+38 1.70141E+38 1.70141E+38 1.70141E+38 1.70141E+38 1.70141E+38 1.70141E+38 1.70141E+38 1.70141E+38 1.70141E+38 1.70141E+38 1.70141E+38
1.70141E+38 1.70141E+38 1.70141E+38 1.70141E+38 1.70141E+38 1.70141E+38 1.70141E+38 1.70141E+38 1.70141E+38 1.70141E+38 1.70141E+38 1.70141E+38 1.70141E+38 1.70141E+38 1.70141E+38 1.70141E+38 1.70141E+38 1.70141E+38 1.70141E+38 1.70141E+38 1.70141E+38 1.70141E+38 1.70141E+38 1.70141E+38 1.70141E+38 1.70141E+38 1.70141E+38 1.70141E+38 1.70141E+38 1.70141E+38 1.70141E+38 1.70141E+38 1.70141E+38 1.70141E+38 1.70141E+38 1.70141E+38 1.70141E+38 1.70141E+38 1.70141E+38 1.70141E+38 1.70141E+38 1.70141E+38 1.70141E+38 1.70141E+38 1.70141E+38 1.70141E+38 1.70141E+38 1.70141E+38 1.70141E+38 1.70141E+38 1.70141E+38 1.70141E+38 1.70141E+38 1.70141E+38 1.70141E+38 1.70141E+38 1.70141E+38 1.70141E+38 1.70141E+38 1.70141E+38 1.70141E+38 1.70141E+38
1.70141E+38 1.70141E+38 1.70141E+38 1.70141E+38 1.70141E+38 1.70141E+38 1.70141E+38 1.70141E+38 1.70141E+38 1.70141E+38 1.70141E+38 1.70141E+38 1.70141E+38 1.70141E+38 1.70141E+38 1.70141E+38 1.70141E+38 1.70141E+38 1.70141E+38 1.70141E+38 1.70141E+38 1.70141E+38 1.70141E+38 1.70141E+38 1.70141E+38 1.70141E+38 1.70141E+38 1.70141E+38 1.70141E+38 1.70141E+38 1.70141E+38 1.70141E+38 1.70141E+38 1.70141E+38 1.70141E+38 1.70141E+38 1.70141E+38 1.70141E+38 1.70141E+38 1.70141E+38 1.70141E+38 1.70141E+38 1.70141E+38 1.70141E+38 1.70141E+38 1.70141E+38 1.70141E+38 1.70141E+38 1.70141E+38 1.70141E+38 1.70141E+38 1.70141E+38 1.70141E+38 1.70141E+38 1.70141E+38 1.70141E+38 1.70141E+38 1.70141E+38 1.70141E+38 1.70141E+38 1.70141E+38 1.70141E+38
1.70141E+38 1.70141E+38 1.70141E+38 1.70141E+38 1.70141E+38 1.70141E+38 1.70141E+38 1.70141E+38 1.70141E+38 1.70141E+38 1.70141E+38 1.70141E+38 1.70141E+38 1.70141E+38 1.70141E+38 1.70141E+38 1.70141E+38 1.70141E+38 1.70141E+38 1.70141E+38 1.70141E+38 1.70141E+38 1.70141E+38 1.70141E+38 1.70141E+38 1.70141E+38 1.70141E+38 1.70141E+38 1.70141E+38 1.70141E+38 1.70141E+38 1.70141E+38 1.70141E+38 1.70141E+38 1.70141E+38 1.70141E+38 1.70141E+38 1.70141E+38 1.70141E+38 1.70141E+38 1.70141E+38 1.70141E+38 1.70141E+38 1.70141E+38 1.70141E+38 1.70141E+38 1.70141E+38 1.70141E+38 1.70141E+38 1.70141E+38 1.70141E+38 1.70141E+38 1.70141E+38 1.70141E+38 1.70141E+38 1.70141E+38 1.70141E+38 1.70141E+38 1.70141E+38 1.70141E+38 1.70141E+38 1.70141E+38
1.70141E+38 1.70141E+38 1.70141E+38 1.70141E+38 1.70141E+38 1.70141E+38 1.70141E+38 1.70141E+38 1.70141E+38 1.70141E+38 1.70141E+38 1.70141E+38 1.70141E+38 1.70141E+38 1.70141E+38 1.70141E+38 1.70141E+38 1.70141E+38 1.70141E+38 1.70141E+38 1.70141E+38 1.70141E+38 1.70141E+38 1.70141E+38 1.70141E+38 1.70141E+38 1.70141E+38 1.70141E+38 1.70141E+38 1.70141E+38 1.70141E+38 1.70141E+38 1.70141E+38 1.70141E+38 1.70141E+38 1.70141E+38 1.70141E+38 1.70141E+38 1.70141E+38 1.70141E+38 1.70141E+38 1.70141E+38 1.70141E+38 1.70141E+38 1.70141E+38 1.70141E+38 1.70141E+38 1.70141E+38 1.70141E+38 1.70141E+38 1.70141E+38 1.70141E+38 1.70141E+38 1.70141E+38 1.70141E+38 1.70141E+38 1.70141E+38 1.70141E+38 1.70141E+38 1.70141E+38 1.70141E+38 1.70141E+38
1.70141E+38 1.70141E+38 1.70141E+38 1.70141E+38 1.70141E+38 1.70141E+38 1.70141E+38 1.70141E+38 1.70141E+38 1.70141E+38 1.70141E+38 1.70141E+38 1.70141E+38 1.70141E+38 1.70141E+38 1.70141E+38 1.70141E+38 1.70141E+38 1.70141E+38 1.70141E+38 1.70141E+38 1.70141E+38 1.70141E+38 1.70141E+38 1.70141E+38 1.70141E+38 1.70141E+38 1.70141E+38 1.70141E+38 1.70141E+38 1.70141E+38 1.70141E+38 1.70141E+38 1.70141E+38 1.70141E+38 1.70141E+38 1.70141E+38 1.70141E+38 1.70141E+38 1.70141E+38 1.70141E+38 1.70141E+38 1.70141E+38 1.70141E+38 1.70141E+38 1.70141E+38 1.70141E+38 1.70141E+38 1.70141E+38 1.70141E+38 1.70141E+38 1.70141E+38 1.70141E+38 1.70141E+38 1.70141E+38 1.70141E+38 1.70141E+38 1.70141E+38 1.70141E+38 1.70141E+38 1.70141E+38 1.70141E+38
