py_wake/examples/data/AJ_ParqueFicticio/Ridge area   Sector 10   Height 200m   Power density.grd
DSAA
90  129
 262878   265103
 6504214   6507414
 .02814009   1275.047
[rows 54 to 80 of 129, columns 0 to 61 of 90]
533.4368 503.3604 462.1023 411.0702 359.0109 298.477 231.1395 171.8205 122.0326 89.47964 82.99489 89.94628 96.60266 93.51821 85.27538 77.23119 73.37076 77.66687 84.66149 96.79644 118.1536 143.2611 170.4968 198.6698 224.8481 243.221 258.2737 278.1303 292.328 307.9316 332.6477 360.1017 390.6002 423.5983 453.6526 485.5961 527.4389 575.6288 634.3384 709.7664 801.3487 906.778 1007.798 1098.374 1181.993 1214.573 1183.739 1103.668 997.8286 887.2518 785.0439 651.6656 440.1896 217.7319 80.70432 36.93275 25.56882 22.88078 24.28043 31.93669 52.03776 85.82228
545.5245 522.9274 486.8352 438.6039 381.5634 322.0751 257.2209 194.8419 142.8344 111.3792 103.7416 109.2176 110.82 100.8267 88.14416 77.66615 72.11504 71.32224 74.70187 84.07356 100.5686 122.3205 145.9602 171.9631 199.2124 222.3639 243.2308 263.8304 282.841 304.0182 328.9413 358.6939 389.3657 415.9483 441.2985 470.7612 511.9094 558.0486 612.9896 682.8874 772.5604 878.3932 979.1789 1075.526 1158.647 1184.627 1163.386 1095.102 1001.478 893.4286 791.4472 675.0072 496.5942 287.6954 133.9445 66.54357 45.23729 38.50205 37.76733 44.2388 59.52311 80.14587
555.7295 541.06 511.9799 466.7943 407.0453 350.2708 288.0734 226.5374 173.5042 140.5964 131.9921 138.5385 139.9731 120.9166 99.95943 83.02525 73.44452 69.00731 68.50611 73.75719 87.86449 106.5234 126.8492 151.633 179.6743 206.2682 230.4632 253.6557 274.8651 299.3144 327.6379 359.4715 390.3144 415.558 441.5477 472.6073 509.4195 551.5999 601.1494 668.1429 757.9634 860.9761 961.0294 1061.205 1134.102 1160.16 1146.586 1090.658 1004.118 907.5782 805.5028 700.0061 557.1741 373.1856 205.5477 111.3096 75.51377 61.60247 56.37492 58.45814 67.23843 80.09217
565.3622 557.2104 534.1106 492.3733 437.4516 380.7338 324.8015 273.4944 227.8636 194.0266 178.8614 185.8116 189.5696 170.3781 137.874 108.3711 87.27433 75.75856 69.36184 70.74076 82.40401 98.74702 116.0808 138.5091 166.3919 195.2296 222.0214 247.0522 270.7132 299.0068 330.6514 364.025 395.3808 423.8019 454.7188 487.0915 523.3086 560.7465 606.9037 671.2272 761.2867 861.4184 960.7278 1054.742 1115.24 1143.828 1139.21 1091.848 1013.748 928.0651 834.5842 737.9749 625.6622 478.4666 318.119 193.5741 127.3925 97.83458 83.09021 79.5578 83.23463 88.3038
569.4786 569.4482 552.1168 513.8542 463.5313 410.7322 361.1255 314.8796 275.0867 248.3052 237.897 241.2421 244.1366 227.6731 192.7518 157.9149 127.979 106.934 90.10183 85.22539 92.65597 104.5206 118.9166 139.666 166.6443 196.0618 224.4288 250.3635 277.545 308.4902 342.9067 379.6417 414.734 447.7709 480.409 515.8356 552.3551 591.4633 640.7455 706.2045 788.7765 882.3221 977.1574 1052.142 1106.312 1137.434 1137.704 1099.349 1031.645 953.2686 870.6329 784.0269 690.67 585.5157 460.2018 333.3343 232.3311 170.4931 136.5206 117.3504 106.6695 97.83146
569.8092 577.1531 568.1475 537.1295 490.8644 439.2504 392.316 351.6093 317.3911 292.7191 282.9854 284.94 287.4625 275.379 245.0636 211.352 179.2506 150.3757 128.408 117.8054 120.0497 126.2757 138.4149 159.1323 185.8134 213.8293 242.4328 268.8557 296.5792 328.6236 365.7099 406.34 446.0872 481.7389 517.3087 555.1872 593.0574 635.2789 687.9237 751.3967 826.5903 911.896 989.2224 1049.351 1104.417 1138.651 1141.001 1109.058 1051.586 979.2368 900.7146 823.5569 745.2797 660.4117 567.3081 464.7673 365.9787 279.7773 211.5203 163.8124 128.7857 104.8784
571.2078 584.1526 583.1505 560.4057 518.8953 468.7152 423.7577 386.2813 354.9916 329.9375 318.9491 320.1352 322.8421 314.7755 293.5633 268.6115 238.6864 206.4388 178.6999 160.379 159.6312 163.597 171.6567 191.6111 217.7046 243.8691 269.9449 294.952 322.7974 353.9973 391.0049 434.8789 479.6832 516.8763 552.7259 592.5413 629.1623 673.4553 727.8907 785.3962 856.8546 931.0941 990.4952 1044.862 1104.09 1143.196 1140.119 1112.62 1069.017 1002.763 924.247 850.0203 781.4805 707.3464 628.6351 545.0452 455.4811 365.5064 275.6511 196.4163 138.5074 102.8787
574.8141 590.9051 595.6846 580.5168 542.666 496.2442 454.2885 418.1645 387.7075 362.7785 349.6927 346.169 348.5433 347.422 336.9269 318.8639 294.9062 265.7527 237.3163 217.0062 210.8393 211.3262 216.0854 233.5389 257.8978 281.7196 303.3264 326.0123 353.8058 384.6162 420.8161 464.4275 508.8964 545.003 583.4614 619.8526 655.0806 701.2577 752.1545 807.2611 875.578 938.2075 988.6064 1041.67 1105.546 1138.354 1126.992 1099.917 1070.177 1020.485 948.3197 875.0788 807.2261 738.8071 663.7547 582.3262 490.8972 395.5612 294.8586 199.7465 127.4206 83.73176
578.8429 596.3862 606.4069 597.6291 563.7986 521.9374 481.5516 445.4512 414.9591 390.2524 376.1348 371.5127 371.1047 369.33 365.9633 354.0877 338.8011 319.2704 300.3684 284.9501 272.9792 271.1828 274.2307 288.1026 308.452 329.0638 347.0354 364.5616 389.0454 419.4552 453.1478 494.2103 532.5573 569.4723 607.1145 639.416 676.0167 719.8769 766.3099 821.0192 884.279 939.2534 989.3257 1044.578 1106.733 1128.981 1111.687 1087.24 1062.014 1031.935 976.8336 907.3937 834.3366 764.1846 690.4949 604.5785 503.8633 393.1824 281.2354 177.5874 99.14547 55.9132
577.8773 598.9531 616.2236 610.375 580.8516 543.5751 506.3598 471.9421 441.9309 416.9534 398.6959 387.178 383.2443 384.3136 388.0249 385.5653 375.6922 364.2356 352.7415 345.4228 338.5317 333.8222 337.6499 347.8356 366.5679 380.5065 390.4489 404.8441 428.6328 454.6478 487.0833 523.1793 556.0065 592.6857 626.6631 655.7373 690.3996 730.7358 774.9691 828.1389 885.3729 936.8671 987.6989 1046.088 1107.191 1123.462 1105.425 1080.123 1057.992 1035.576 1000.454 941.2059 864.0385 788.3834 714.1019 626.6702 514.6353 383.6042 254.3066 143.4823 68.06607 33.13922
571.0204 595.5081 619.1301 615.0703 587.4158 552.8403 517.5491 483.9797 454.1582 429.1743 409.9877 397.2105 392.0756 394.9253 403.8526 407.626 399.402 391.3534 388.5723 395.2152 392.8435 385.6887 385.9685 400.4289 418.236 422.5502 427.7479 444.6117 465.1333 487.0687 517.1039 548.6926 577.7451 611.3674 641.639 668.5311 699.5225 733.6166 773.3702 822.481 877.5938 927.9526 977.2211 1035.808 1096.579 1118.116 1103.218 1079.638 1057.002 1035.668 1010.689 967.4244 890.509 807.2184 732.4032 646.0815 524.5928 371.9073 223.4061 109.5907 44.89664 20.2798
560.0909 585.5991 612.5856 613.8188 590.2668 559.8016 527.1683 493.7216 462.4984 436.463 415.7124 400.2362 392.1869 394.489 405.5565 413.3047 411.9992 409.3947 411.2474 421.6176 423.2628 419.1642 421.4887 437.2464 450.309 454.7254 461.5296 477.0452 493.5597 513.3279 540.4453 567.5073 592.5537 620.7521 647.4508 672.0239 696.9692 723.1584 758.0893 802.1397 855.9318 907.5437 957.544 1013.003 1073.594 1109.579 1104.882 1082.102 1059.071 1034.816 1013.106 979.3083 905.3995 816.9118 737.3284 654.8909 524.2231 352.626 191.2109 82.6378 31.51459 15.81841
548.7151 573.2986 598.1024 608.1328 590.5621 563.1007 532.3203 498.0109 463.6519 434.0368 410.0996 391.3853 380.7049 382.3975 396.0211 410.724 413.9171 415.3745 419.4482 429.298 434.9074 437.9577 443.7048 456.1856 468.6013 477.4452 487.5419 502.3967 516.9548 534.322 558.32 581.5927 601.5764 623.4746 646.6783 667.977 684.8206 701.5773 731.1402 770.7349 820.6652 876.6078 931.3325 985.1096 1042.313 1091.448 1104.426 1087.577 1060.479 1034.665 1010.349 978.5415 905.8058 814.3084 730.8526 651.6852 514.9794 327.1515 157.3144 60.97807 25.66137 18.87988
538.4466 560.8593 581.0513 592.444 585.4002 564.0299 535.1796 499.4281 460.6468 426.2896 398.7516 377.0224 364.6238 366.9186 382.138 404.8931 413.7866 415.5304 419.5728 431.2135 441.9095 446.6497 453.6529 466.861 479.9574 489.8045 500.7159 515.956 528.0678 543.9206 569.2376 591.2774 604.7604 619.1577 639.7123 658.551 666.5463 675.8178 696.6113 732.1044 780.2208 838.8196 901.2065 958.0627 1013.105 1067.081 1097.692 1092.835 1064.775 1034.373 1005.654 971.6049 897.0895 802.3251 718.3326 640.9994 498.6748 296.502 124.1662 45.67139 26.30764 40.09132
528.377 549.5445 566.8083 574.5623 568.2942 553.3196 528.1542 490.8123 447.7388 409.2979 379.2753 356.7327 344.8568 349.3024 365.1661 388.8603 407.2294 412.6885 417.0722 428.9336 444.024 451.5314 458.9388 471.9046 486.3816 495.2695 504.9014 517.1666 527.9814 543.6604 567.2957 589.2167 600.3106 606.8799 621.8544 638.0488 643.0268 645.3397 658.4341 690.6033 739.8282 798.2123 866.3961 934.7249 990.6274 1042.845 1084.149 1095.02 1071.454 1035.681 1001.314 962.7527 884.8997 787.1336 699.6744 620.6512 461.5959 245.0792 89.07932 34.99212 30.85294 32.99248
517.9218 536.2615 552.2934 556.5667 547.2858 530.6934 505.5659 468.9189 427.4029 390.0962 360.2353 338.1331 326.9026 329.7334 344.1812 366.7484 388.4839 400.8111 410.9502 422.7645 437.1745 450.2677 458.9568 470.1986 483.0595 495.0396 503.5324 509.2958 519.095 534.8189 552.8428 572.7139 583.5689 587.1428 592.6822 601.1282 604.4099 604.868 617.6456 648.6224 699.0705 759.0109 829.8901 913.176 977.3551 1025.529 1067.68 1093.839 1081.221 1042.035 1001.07 955.0128 872.6705 770.1739 677.6945 585.5006 394.1421 175.8748 55.94374 25.87644 46.11918 24.76965
505.0952 522.496 537.1003 537.2724 522.751 503.8083 477.4485 442.8959 405.7379 371.1501 343.5391 322.7685 310.3287 311.3591 324.7087 345.4785 365.5172 380.3712 395.6525 410.9366 424.1361 438.7691 451.4081 461.7255 474.4496 484.408 492.9113 495.5652 503.2349 513.2463 529.7012 546.6448 556.9103 558.179 558.8625 557.8113 554.1932 553.6475 566.9799 607.0781 659.7298 721.1586 798.2969 890.5512 974.7795 1021.462 1059.222 1090.555 1088.808 1051.693 1003.907 950.7577 863.0321 757.3265 658.5013 542.2183 325.4632 126.5341 35.98122 18.31423 30.65955 17.58933
489.4318 505.2793 519.4592 517.7078 498.9688 473.7099 445.9411 414.2302 380.6411 349.9165 327.1841 307.7943 293.929 296.2203 309.0999 327.8164 343.3662 358.9472 375.208 391.2492 407.8223 424.2217 437.0791 447.7869 458.906 467.4892 472.8336 473.8941 478.8093 486.4265 499.5671 514.5305 523.1065 523.8547 522.1937 518.2364 514.5186 506.8029 509.6894 555.2153 626.4965 692.4436 771.2778 869.5425 973.2549 1028.451 1060.092 1087.937 1092.974 1058.637 1004.882 941.9887 850.8862 744.993 640.6779 499.976 279.4356 101.9524 25.71707 11.11316 19.11873 11.85324
471.0684 482.8545 495.4097 492.0283 468.0891 439.6848 412.3553 384.5589 356.1068 329.2467 308.279 291.9969 281.0732 282.0132 293.4355 308.9822 323.3834 338.5147 354.2778 369.9341 387.5056 405.8593 419.5966 427.9083 437.5027 444.4565 448.5725 448.5656 450.5171 455.4355 464.0603 475.7932 484.1666 486.7895 484.4735 482.6093 485.6125 479.3045 475.0198 514.9565 598.0013 676.0415 759.0486 861.7339 974.6261 1044.275 1069.598 1090.037 1090.466 1054.15 990.2579 917.2806 827.7663 728.649 618.2499 463.6003 252.5767 90.94537 30.63244 18.09663 216.7712 163.5474
446.1727 455.1126 461.4481 455.2326 431.8449 405.4478 381.1441 357.9252 334.2588 312.9553 295.419 280.4346 269.1168 268.4453 277.1525 291.9435 304.3793 319.0528 333.5374 349.7507 367.9786 384.1202 397.0404 405.0673 411.4209 416.5052 418.9126 417.2871 416.4183 417.3161 423.2408 431.621 444.1089 452.8593 452.4635 454.7487 463.9399 465.9791 471.6135 506.8805 590.7698 675.5192 765.6168 870.2227 987.6232 1064.607 1082.457 1092.792 1082.941 1036.599 964.4579 887.1825 801.3882 705.2028 587.08 423.0644 225.2941 85.21113 39.57076 41.42924 260.5765 205.0387
416.7768 422.3302 424.702 415.9456 395.5659 372.0755 350.2912 330.6028 313.6491 297.7607 280.6298 265.7635 255.526 255.487 262.8464 270.1188 281.473 295.8394 309.6522 329.6165 351.5591 364.6115 370.4129 377.0853 381.9225 383.1088 379.7874 375.2881 370.8573 371.234 375.8568 379.7338 396.2262 416.0416 424.9904 434.3513 447.6369 461.0287 479.1159 518.7135 600.5089 689.1488 785.6628 892.8099 1010.307 1086.758 1095.744 1094.583 1068.158 1010.749 933.9774 857.1658 773.8544 670.9998 535.0184 364.379 186.3503 79.37979 47.27665 51.70616 304.7186 239.3869
388.7385 390.9687 388.9419 380.1503 361.5925 339.4884 317.9171 304.0539 300.5903 293.4702 281.1538 265.2126 248.3432 243.0671 254.1359 262.2818 264.1384 275.2025 294.0589 318.4996 342.4808 352.905 351.9014 349.3432 353.5356 358.402 352.5322 338.259 324.2708 326.3975 331.4703 329.5485 343.5042 377.1214 402.6864 422.941 446.1128 469.4754 495.0801 542.5261 625.8297 718.8952 818.5912 924.0164 1038.115 1107.628 1107.496 1092.933 1052.421 981.075 902.1803 824.5562 734.9435 608.7838 450.6184 283.305 140.6164 70.46448 51.94343 57.92947 73.83836 147.0735
365.0287 366.3821 362.3063 353.1298 336.5241 316.0972 297.7274 290.8547 298.0926 297.0836 290.0668 277.5261 262.7848 256.2196 265.2 271.0072 270.2664 277.1505 297.0488 322.5017 342.1332 348.4665 345.8412 339.8693 341.5738 346.0232 339.7455 324.566 307.7806 306.4531 312.1513 310.3354 322.1267 360.057 395.7681 428.4258 460.2357 493.8883 527.4583 585.3956 672.2684 766.3935 865.6784 965.2307 1071.864 1126.585 1117.557 1090.6 1032.645 952.4004 869.2029 783.4465 666.5478 504.2831 331.5204 186.8165 96.05553 61.043 64.93402 79.90124 76.35032 88.63129
341.0815 341.8877 338.1419 330.7086 317.3628 303.4585 294.5831 297.4457 306.6708 309.2141 306.2008 298.3392 292.335 290.6063 292.5778 296.0329 296.2861 301.9477 313.5503 331.1111 346.6219 352.6715 353.3227 350.8992 351.2861 350.9832 344.2776 332.68 322.1517 320.6851 322.0856 323.2124 338.1061 369.9476 407.9449 444.7359 484.1085 527.8464 578.4085 647.859 735.0527 827.5952 916.7949 1004.769 1095.292 1134.02 1120.347 1086.625 1017.636 929.9073 831.9589 712.99 549.8437 361.2614 202.3871 105.6315 64.49091 90.92757 126.4195 146.781 144.1715 90.62377
318.6561 316.7352 313.0593 312.1884 305.9255 297.7927 294.6994 304.9558 316.355 320.9051 323.8887 326.7596 324.9817 323.7747 323.8976 326.8612 329.5894 330.2555 335.2224 345.7189 357.1851 362.9416 365.5847 369.1814 371.0631 366.5678 358.1812 350.9553 346.357 343.9452 342.4253 346.2398 362.5974 390.6159 430.3386 472.1456 518.14 571.8248 638.873 716.3711 797.0767 884.5629 964.948 1047.802 1117.148 1133.801 1112.942 1071.745 1004.4 910.3765 780.0918 607.7626 402.2589 223.2626 111.1004 62.79239 120.8011 197.876 203.734 194.8434 178.5004 160.9388
303.2941 299.1572 297.0682 304.6598 304.9464 299.9798 300.8947 314.6727 327.9719 337.84 347.4046 353.3132 355.4623 356.8079 359.2059 359.6248 359.3267 358.0724 361.1402 367.0785 373.214 376.9242 380.7142 386.8361 388.4552 383.7127 376.6646 373.3071 370.4908 366.2389 364.0604 371.198 384.9605 414.9456 459.6451 507.0496 558.7051 624.129 697.4338 773.845 855.0962 936.1041 1011.865 1084.478 1130.921 1130.232 1105.61 1056.407 987.7078 888.4667 724.806 499.0298 276.1421 133.2902 63.92136 196.1197 213.0342 215.4606 210.8611 204.632 193.8387 185.2308
299.4852 299.0674 303.5241 312.6065 315.2755 316.0016 322.6227 333.4526 347.6558 361.1812 373.1592 383.8148 391.0535 395.6714 394.5323 391.8643 388.7941 385.8602 387.9335 391.0329 394.1898 396.5012 400.311 404.3434 405.6917 403.5023 399.8506 398.1892 395.5614 392.266 392.8203 399.9448 414.3829 447.1063 494.1823 544.4896 598.9844 666.7234 747.6249 828.9215 908.6661 983.8066 1054.678 1111.787 1134.675 1125.384 1095.88 1044.536 973.1703 859.0123 679.9779 422.8022 204.9416 79.97894 207.3834 208.3304 210.2826 206.6458 202.2685 198.4369 193.2248 189.4431
