py_wake/examples/data/AJ_ParqueFicticio/Ridge area   Sector 6   Height 30m   Mean speed.grd
DSAA
90  129
 262878   265103
 6504214   6507414
 1.018677   7.124547
[rows 81 to 107 of 129, columns 0 to 61 of 90]
2.773777 2.966736 3.165902 3.341994 3.488799 3.609581 3.711163 3.812852 3.929706 4.037058 4.135816 4.232097 4.289119 4.301548 4.294325 4.286194 4.284078 4.257362 4.228616 4.195241 4.165298 4.16098 4.158852 4.154751 4.139463 4.11531 4.079602 4.047563 4.025977 4.019713 4.036417 4.089647 4.198512 4.35596 4.546967 4.753597 4.953087 5.148402 5.328815 5.490978 5.614462 5.722521 5.810967 5.867503 5.894844 5.915388 5.918321 5.90576 5.806867 5.654445 5.468673 5.253898 5.04116 4.84593 4.693175 4.589647 4.532092 4.501989 4.497559 4.517456 4.53725 4.554635
3.190046 3.421172 3.633764 3.809061 3.954855 4.063407 4.159712 4.248699 4.324583 4.410088 4.518085 4.627358 4.699624 4.724086 4.727066 4.71478 4.690342 4.668488 4.658325 4.635624 4.595445 4.543069 4.501061 4.485578 4.480607 4.470491 4.443295 4.417199 4.39878 4.381683 4.380242 4.400633 4.468065 4.5986 4.754648 4.922891 5.101509 5.284801 5.460788 5.60352 5.712641 5.827656 5.903421 5.934175 5.956359 5.97263 5.97416 5.965498 5.846605 5.688131 5.487712 5.243329 4.990092 2.316417 4.532721 4.36892 4.258437 4.18968 4.17199 4.200059 4.235262 4.270678
3.550588 3.797726 4.017322 4.185531 4.297713 4.403518 4.496985 4.555192 4.609532 4.69128 4.78356 4.869938 4.962049 5.019667 5.006804 4.966909 4.930927 4.913672 4.923555 4.932567 4.877302 4.809454 4.752519 4.720758 4.724055 4.738599 4.727344 4.717384 4.715497 4.69798 4.677675 4.674317 4.714753 4.81524 4.939514 5.069988 5.227256 5.387383 5.546523 5.660794 5.765237 5.880341 5.955442 5.987409 6.013596 6.031293 6.038339 6.027037 5.921904 5.766982 5.566283 5.308424 5.023739 2.606178 2.370294 2.255822 2.296937 2.387881 3.940089 3.9421 3.96279 4.006004
3.848703 4.091364 4.297342 4.445985 4.544359 4.627737 4.689536 4.730851 4.77738 4.843274 4.905184 4.959879 5.020625 5.066506 5.06587 5.036526 5.00206 4.97823 4.972732 4.97756 4.941438 4.893331 4.851141 4.827746 4.825214 4.85884 4.889729 4.910896 4.937236 4.938479 4.929201 4.935979 4.967606 5.030538 5.121768 5.220709 5.32625 5.454273 5.581162 5.670526 5.768765 5.886929 5.974927 6.015378 6.050454 6.079796 6.098107 6.0745 5.993629 5.860107 5.678102 5.443058 5.162785 3.01383 2.547431 2.37507 2.296511 2.351923 2.420785 2.467113 2.484451 2.489073
4.092417 4.30968 4.4846 4.613954 4.710449 4.768614 4.804437 4.839021 4.877974 4.914316 4.934184 4.937385 4.936961 4.945658 4.948541 4.934938 4.904887 4.874844 4.850394 4.841064 4.819955 4.791859 4.768848 4.763797 4.781426 4.835418 4.917397 4.990689 5.061005 5.099465 5.139199 5.176837 5.207222 5.241395 5.299297 5.364162 5.421962 5.514969 5.601266 5.664067 5.746547 5.850424 5.953131 6.017941 6.06713 6.109529 6.128764 6.114429 6.062036 5.958163 5.804549 5.604971 5.349824 3.847811 2.806566 2.55859 2.435199 2.389735 2.445068 2.478382 2.484231 2.47436
4.256466 4.440703 4.589252 4.706253 4.795297 4.834 4.843948 4.849144 4.862709 4.875967 4.860076 4.821739 4.783062 4.760988 4.744918 4.736522 4.725221 4.699556 4.667189 4.64461 4.620498 4.604131 4.598198 4.618784 4.661143 4.741241 4.862988 4.985291 5.103715 5.192053 5.276186 5.352574 5.392157 5.413946 5.443145 5.464326 5.501496 5.565774 5.617128 5.655573 5.70909 5.774115 5.84852 5.92067 5.987222 6.043869 6.086915 6.110808 6.104115 6.03718 5.919979 5.762323 5.543409 5.272597 3.20158 2.803467 2.637858 2.533236 2.472928 2.492709 2.491904 2.464115
4.343226 4.496002 4.61328 4.706014 4.772773 4.790058 4.776644 4.752203 4.729753 4.714085 4.684049 4.639125 4.591469 4.550354 4.512014 4.488086 4.478208 4.469022 4.452513 4.430031 4.408068 4.396097 4.40878 4.457499 4.52141 4.628613 4.782405 4.937622 5.086709 5.216446 5.331007 5.426925 5.486383 5.52169 5.532809 5.536601 5.56638 5.610154 5.634628 5.649291 5.662802 5.685103 5.725097 5.775699 5.84136 5.916008 5.988431 6.046048 6.085235 6.068587 5.997594 5.883075 5.714979 5.494713 3.952678 3.156935 2.89502 2.750114 2.63423 2.547224 2.536578 2.505999
4.354879 4.476449 4.567189 4.630822 4.665124 4.666917 4.641161 4.597611 4.547951 4.49448 4.444831 4.395211 4.348944 4.302871 4.254218 4.212557 4.18904 4.193374 4.206575 4.208282 4.206727 4.219049 4.25025 4.323467 4.427247 4.550304 4.711731 4.878502 5.045225 5.196339 5.326433 5.433375 5.511971 5.558469 5.569935 5.576782 5.604563 5.638322 5.649364 5.633618 5.603345 5.599918 5.618603 5.653349 5.707241 5.77802 5.85553 5.925046 5.988535 6.02508 6.010795 5.947884 5.84224 5.690211 5.48989 3.709551 3.24122 3.025618 2.870858 2.742439 2.64193 2.590657
4.323972 4.417215 4.486477 4.524275 4.52034 4.49435 4.456315 4.401352 4.33737 4.263707 4.19507 4.133215 4.075305 4.020737 3.972985 3.930177 3.900229 3.929562 3.969353 4.004068 4.030755 4.072209 4.127696 4.228089 4.354697 4.490874 4.6473 4.816185 4.992271 5.150641 5.29393 5.418405 5.517964 5.568295 5.580945 5.596674 5.627496 5.658394 5.658319 5.610203 5.544583 5.504767 5.489936 5.492323 5.511981 5.567594 5.653892 5.742798 5.838455 5.91225 5.959029 5.960821 5.919691 5.837181 5.711095 4.79588 3.708591 3.359754 3.156191 2.992239 2.859452 2.731612
4.257436 4.323247 4.382914 4.401823 4.364857 4.307792 4.248265 4.188226 4.124134 4.053557 3.981489 3.905514 3.833208 3.774457 3.748193 3.739436 3.733656 3.758765 3.803697 3.842297 3.889389 3.954151 4.025703 4.138279 4.285613 4.437513 4.595495 4.765505 4.944048 5.10327 5.250736 5.385695 5.502465 5.556188 5.570167 5.589971 5.625301 5.658875 5.647134 5.582602 5.456031 5.363644 5.329513 5.310469 5.309448 5.343126 5.421297 5.52385 5.641222 5.749056 5.840794 5.908406 5.928871 5.900002 5.838267 5.752295 4.425185 3.72726 3.442378 3.243717 3.089736 2.941159
4.117274 4.161929 4.199603 4.210131 4.166393 4.099176 4.036936 3.986005 3.934225 3.884582 3.839103 3.784121 3.715344 3.658224 3.64587 3.670061 3.685474 3.710893 3.756401 3.797822 3.850389 3.937752 4.009124 4.130271 4.286374 4.432423 4.58097 4.74981 4.912395 5.051194 5.185856 5.308645 5.419548 5.476882 5.492078 5.508197 5.534399 5.56067 5.554859 5.470319 5.346309 5.241043 5.177487 5.12286 5.092418 5.110016 5.179697 5.279339 5.396952 5.534633 5.661278 5.772623 5.836932 5.846768 5.830642 5.807841 5.775839 4.187762 3.68477 3.439768 3.276289 3.126588
3.875984 3.914462 3.92826 3.916795 3.883996 3.83863 3.795672 3.768967 3.751605 3.743589 3.733687 3.713909 3.69086 3.673806 3.685464 3.716357 3.737952 3.779391 3.836886 3.884034 3.957497 4.060673 4.151379 4.269921 4.401552 4.518759 4.637978 4.777435 4.908201 5.012176 5.120222 5.209622 5.288298 5.340504 5.363863 5.385082 5.401553 5.406472 5.389992 5.315549 5.20228 5.083856 4.986391 4.910918 4.857003 4.866622 4.933095 5.036491 5.157527 5.292953 5.424535 5.549083 5.639067 5.679433 5.701038 5.729599 5.759477 5.025397 3.930843 3.582448 3.403579 3.265576
3.58515 3.628209 3.656694 3.661359 3.633473 3.597835 3.564569 3.56113 3.576311 3.615945 3.65735 3.689891 3.714652 3.736957 3.779066 3.819997 3.849524 3.904843 3.975397 4.051051 4.158414 4.265893 4.373315 4.48004 4.571549 4.663055 4.751149 4.845475 4.924564 4.99555 5.077028 5.136824 5.182515 5.212418 5.229276 5.253572 5.25947 5.254333 5.225014 5.146909 5.016051 4.892195 4.773753 4.683639 4.6202 4.615824 4.674071 4.784279 4.906953 5.035888 5.168452 5.297273 5.396425 5.452497 5.499213 5.561912 5.635969 5.700096 4.556057 3.824248 3.547719 3.38465
3.354889 3.402048 3.454875 3.478358 3.464111 3.423098 3.378998 3.391666 3.458141 3.53038 3.607081 3.688241 3.747709 3.804835 3.879546 3.943298 4.001951 4.074142 4.15292 4.25424 4.36907 4.488624 4.58884 4.664636 4.732987 4.790387 4.84861 4.905958 4.939518 4.982241 5.038751 5.077175 5.093599 5.091957 5.089396 5.101935 5.098173 5.092943 5.062866 4.980615 4.852076 4.711884 4.586149 4.478317 4.393115 4.374304 4.425083 4.52266 4.638984 4.769221 4.911144 5.039814 5.134385 5.197515 5.251564 5.327376 5.435665 5.551461 5.660964 4.811439 3.896462 3.586276
3.188674 3.234891 3.299249 3.347723 3.35296 3.331931 3.324365 3.357703 3.449973 3.537116 3.627459 3.736438 3.822004 3.906006 4.003316 4.092223 4.17637 4.259827 4.352371 4.453721 4.561633 4.670072 4.758924 4.826745 4.877349 4.907759 4.937168 4.951698 4.946546 4.955268 4.974281 4.987815 4.991758 4.976856 4.965117 4.964246 4.966506 4.968094 4.937919 4.851384 4.720129 4.587611 4.451309 4.311105 4.188021 4.145112 4.181282 4.272617 4.391044 4.522817 4.660596 4.785485 4.878408 4.930775 4.988175 5.065543 5.188195 5.336218 5.492106 5.643953 5.768147 4.274612
3.046579 3.110761 3.181438 3.249153 3.282932 3.311884 3.347251 3.405009 3.515485 3.613034 3.717512 3.831101 3.937951 4.047849 4.156058 4.254863 4.351099 4.453712 4.555015 4.652015 4.740815 4.831852 4.911286 4.972597 5.007971 5.031108 5.030879 4.996225 4.956242 4.926784 4.902726 4.880944 4.866343 4.840704 4.824864 4.819763 4.827722 4.840162 4.819137 4.752412 4.633662 4.498291 4.34334 4.16824 4.004629 3.920726 3.938249 4.02808 4.145007 4.27296 4.40003 4.527584 4.6275 4.677628 4.730306 4.806048 4.924 5.074059 5.244158 5.427011 5.596522 5.733425
2.953376 3.028949 3.10745 3.186625 3.253847 3.321079 3.384524 3.472496 3.599013 3.71527 3.836266 3.953197 4.067124 4.18514 4.299153 4.4031 4.505454 4.614445 4.721885 4.814812 4.899746 4.985425 5.058359 5.091336 5.104783 5.121671 5.100637 5.040249 4.972256 4.901227 4.82788 4.763828 4.714355 4.672344 4.651996 4.646128 4.665521 4.695137 4.705291 4.671574 4.570767 4.426867 4.253747 4.047079 3.808654 3.004984 2.588674 3.535234 3.812734 3.973262 4.124448 4.270698 4.366998 4.421286 4.470448 4.541228 4.649522 4.783669 4.957876 5.169367 5.380779 5.570591
2.955778 3.020105 3.095094 3.170387 3.25667 3.344604 3.425244 3.544675 3.680166 3.807006 3.930062 4.052284 4.167841 4.283663 4.402092 4.515922 4.616929 4.719581 4.818771 4.909001 4.996055 5.072244 5.131116 5.143807 5.140809 5.142917 5.112498 5.043906 4.965128 4.867887 4.759075 4.660211 4.57641 4.509891 4.469966 4.457742 4.489685 4.542275 4.588091 4.589286 4.529674 4.402114 4.220613 3.980268 3.361417 2.466495 2.595982 2.550039 2.424377 3.158735 3.738881 3.962132 4.071126 4.137349 4.196554 4.266255 4.363991 4.48742 4.658824 4.897752 5.151741 5.385588
3.030571 3.097333 3.167143 3.230392 3.321755 3.413823 3.499919 3.622251 3.753915 3.876581 3.994134 4.111903 4.229956 4.343582 4.451476 4.556225 4.652006 4.744801 4.826438 4.900822 4.972205 5.036617 5.08518 5.095609 5.088324 5.083928 5.05965 4.999854 4.925014 4.818248 4.687428 4.558189 4.441822 4.343927 4.283158 4.26937 4.314558 4.391338 4.469221 4.517259 4.515244 4.426187 4.254509 4.001367 3.141316 2.463099 2.569331 2.55054 2.498336 2.378247 2.750778 3.308192 3.653796 3.788859 3.888634 3.982903 4.084836 4.2081 4.373328 4.604431 4.870527 5.129333
1.70141E+38 1.70141E+38 1.70141E+38 1.70141E+38 1.70141E+38 1.70141E+38 1.70141E+38 1.70141E+38 1.70141E+38 1.70141E+38 1.70141E+38 1.70141E+38 1.70141E+38 1.70141E+38 1.70141E+38 1.70141E+38 1.70141E+38 1.70141E+38 1.70141E+38 1.70141E+38 1.70141E+38 1.70141E+38 1.70141E+38 1.70141E+38 1.70141E+38 1.70141E+38 1.70141E+38 1.70141E+38 1.70141E+38 1.70141E+38 1.70141E+38 1.70141E+38 1.70141E+38 1.70141E+38 1.70141E+38 1.70141E+38 1.70141E+38 1.70141E+38 1.70141E+38 1.70141E+38 1.70141E+38 1.70141E+38 1.70141E+38 1.70141E+38 1.70141E+38 1.70141E+38 1.70141E+38 1.70141E+38 1.70141E+38 1.70141E+38 1.70141E+38 1.70141E+38 1.70141E+38 1.70141E+38 1.70141E+38 1.70141E+38 1.70141E+38 1.70141E+38 1.70141E+38 1.70141E+38 1.70141E+38 1.70141E+38
1.70141E+38 1.70141E+38 1.70141E+38 1.70141E+38 1.70141E+38 1.70141E+38 1.70141E+38 1.70141E+38 1.70141E+38 1.70141E+38 1.70141E+38 1.70141E+38 1.70141E+38 1.70141E+38 1.70141E+38 1.70141E+38 1.70141E+38 1.70141E+38 1.70141E+38 1.70141E+38 1.70141E+38 1.70141E+38 1.70141E+38 1.70141E+38 1.70141E+38 1.70141E+38 1.70141E+38 1.70141E+38 1.70141E+38 1.70141E+38 1.70141E+38 1.70141E+38 1.70141E+38 1.70141E+38 1.70141E+38 1.70141E+38 1.70141E+38 1.70141E+38 1.70141E+38 1.70141E+38 1.70141E+38 1.70141E+38 1.70141E+38 1.70141E+38 1.70141E+38 1.70141E+38 1.70141E+38 1.70141E+38 1.70141E+38 1.70141E+38 1.70141E+38 1.70141E+38 1.70141E+38 1.70141E+38 1.70141E+38 1.70141E+38 1.70141E+38 1.70141E+38 1.70141E+38 1.70141E+38 1.70141E+38 1.70141E+38
1.70141E+38 1.70141E+38 1.70141E+38 1.70141E+38 1.70141E+38 1.70141E+38 1.70141E+38 1.70141E+38 1.70141E+38 1.70141E+38 1.70141E+38 1.70141E+38 1.70141E+38 1.70141E+38 1.70141E+38 1.70141E+38 1.70141E+38 1.70141E+38 1.70141E+38 1.70141E+38 1.70141E+38 1.70141E+38 1.70141E+38 1.70141E+38 1.70141E+38 1.70141E+38 1.70141E+38 1.70141E+38 1.70141E+38 1.70141E+38 1.70141E+38 1.70141E+38 1.70141E+38 1.70141E+38 1.70141E+38 1.70141E+38 1.70141E+38 1.70141E+38 1.70141E+38 1.70141E+38 1.70141E+38 1.70141E+38 1.70141E+38 1.70141E+38 1.70141E+38 1.70141E+38 1.70141E+38 1.70141E+38 1.70141E+38 1.70141E+38 1.70141E+38 1.70141E+38 1.70141E+38 1.70141E+38 1.70141E+38 1.70141E+38 1.70141E+38 1.70141E+38 1.70141E+38 1.70141E+38 1.70141E+38 1.70141E+38
1.70141E+38 1.70141E+38 1.70141E+38 1.70141E+38 1.70141E+38 1.70141E+38 1.70141E+38 1.70141E+38 1.70141E+38 1.70141E+38 1.70141E+38 1.70141E+38 1.70141E+38 1.70141E+38 1.70141E+38 1.70141E+38 1.70141E+38 1.70141E+38 1.70141E+38 1.70141E+38 1.70141E+38 1.70141E+38 1.70141E+38 1.70141E+38 1.70141E+38 1.70141E+38 1.70141E+38 1.70141E+38 1.70141E+38 1.70141E+38 1.70141E+38 1.70141E+38 1.70141E+38 1.70141E+38 1.70141E+38 1.70141E+38 1.70141E+38 1.70141E+38 1.70141E+38 1.70141E+38 1.70141E+38 1.70141E+38 1.70141E+38 1.70141E+38 1.70141E+38 1.70141E+38 1.70141E+38 1.70141E+38 1.70141E+38 1.70141E+38 1.70141E+38 1.70141E+38 1.70141E+38 1.70141E+38 1.70141E+38 1.70141E+38 1.70141E+38 1.70141E+38 1.70141E+38 1.70141E+38 1.70141E+38 1.70141E+38
1.70141E+38 1.70141E+38 1.70141E+38 1.70141E+38 1.70141E+38 1.70141E+38 1.70141E+38 1.70141E+38 1.70141E+38 1.70141E+38 1.70141E+38 1.70141E+38 1.70141E+38 1.70141E+38 1.70141E+38 1.70141E+38 1.70141E+38 1.70141E+38 1.70141E+38 1.70141E+38 1.70141E+38 1.70141E+38 1.70141E+38 1.70141E+38 1.70141E+38 1.70141E+38 1.70141E+38 1.70141E+38 1.70141E+38 1.70141E+38 1.70141E+38 1.70141E+38 1.70141E+38 1.70141E+38 1.70141E+38 1.70141E+38 1.70141E+38 1.70141E+38 1.70141E+38 1.70141E+38 1.70141E+38 1.70141E+38 1.70141E+38 1.70141E+38 1.70141E+38 1.70141E+38 1.70141E+38 1.70141E+38 1.70141E+38 1.70141E+38 1.70141E+38 1.70141E+38 1.70141E+38 1.70141E+38 1.70141E+38 1.70141E+38 1.70141E+38 1.70141E+38 1.70141E+38 1.70141E+38 1.70141E+38 1.70141E+38
1.70141E+38 1.70141E+38 1.70141E+38 1.70141E+38 1.70141E+38 1.70141E+38 1.70141E+38 1.70141E+38 1.70141E+38 1.70141E+38 1.70141E+38 1.70141E+38 1.70141E+38 1.70141E+38 1.70141E+38 1.70141E+38 1.70141E+38 1.70141E+38 1.70141E+38 1.70141E+38 1.70141E+38 1.70141E+38 1.70141E+38 1.70141E+38 1.70141E+38 1.70141E+38 1.70141E+38 1.70141E+38 1.70141E+38 1.70141E+38 1.70141E+38 1.70141E+38 1.70141E+38 1.70141E+38 1.70141E+38 1.70141E+38 1.70141E+38 1.70141E+38 1.70141E+38 1.70141E+38 1.70141E+38 1.70141E+38 1.70141E+38 1.70141E+38 1.70141E+38 1.70141E+38 1.70141E+38 1.70141E+38 1.70141E+38 1.70141E+38 1.70141E+38 1.70141E+38 1.70141E+38 1.70141E+38 1.70141E+38 1.70141E+38 1.70141E+38 1.70141E+38 1.70141E+38 1.70141E+38 1.70141E+38 1.70141E+38
1.70141E+38 1.70141E+38 1.70141E+38 1.70141E+38 1.70141E+38 1.70141E+38 1.70141E+38 1.70141E+38 1.70141E+38 1.70141E+38 1.70141E+38 1.70141E+38 1.70141E+38 1.70141E+38 1.70141E+38 1.70141E+38 1.70141E+38 1.70141E+38 1.70141E+38 1.70141E+38 1.70141E+38 1.70141E+38 1.70141E+38 1.70141E+38 1.70141E+38 1.70141E+38 1.70141E+38 1.70141E+38 1.70141E+38 1.70141E+38 1.70141E+38 1.70141E+38 1.70141E+38 1.70141E+38 1.70141E+38 1.70141E+38 1.70141E+38 1.70141E+38 1.70141E+38 1.70141E+38 1.70141E+38 1.70141E+38 1.70141E+38 1.70141E+38 1.70141E+38 1.70141E+38 1.70141E+38 1.70141E+38 1.70141E+38 1.70141E+38 1.70141E+38 1.70141E+38 1.70141E+38 1.70141E+38 1.70141E+38 1.70141E+38 1.70141E+38 1.70141E+38 1.70141E+38 1.70141E+38 1.70141E+38 1.70141E+38
1.70141E+38 1.70141E+38 1.70141E+38 1.70141E+38 1.70141E+38 1.70141E+38 1.70141E+38 1.70141E+38 1.70141E+38 1.70141E+38 1.70141E+38 1.70141E+38 1.70141E+38 1.70141E+38 1.70141E+38 1.70141E+38 1.70141E+38 1.70141E+38 1.70141E+38 1.70141E+38 1.70141E+38 1.70141E+38 1.70141E+38 1.70141E+38 1.70141E+38 1.70141E+38 1.70141E+38 1.70141E+38 1.70141E+38 1.70141E+38 1.70141E+38 1.70141E+38 1.70141E+38 1.70141E+38 1.70141E+38 1.70141E+38 1.70141E+38 1.70141E+38 1.70141E+38 1.70141E+38 1.70141E+38 1.70141E+38 1.70141E+38 1.70141E+38 1.70141E+38 1.70141E+38 1.70141E+38 1.70141E+38 1.70141E+38 1.70141E+38 1.70141E+38 1.70141E+38 1.70141E+38 1.70141E+38 1.70141E+38 1.70141E+38 1.70141E+38 1.70141E+38 1.70141E+38 1.70141E+38 1.70141E+38 1.70141E+38
