py_wake/examples/data/AJ_ParqueFicticio/Ridge area   Sector 11   Height 200m   Turbulence intensity.grd
DSAA
90  129
 262878   265103
 6504214   6507414
 8.887065   100
[rows 28 to 55 of 129, columns 0 to 62 of 90]
14.23672 14.16298 13.99339 13.8167 13.62564 13.41475 13.22705 13.06595 12.94786 12.96888 13.08193 13.24717 13.45983 13.69162 13.90715 14.06628 14.16009 14.21364 14.26078 14.32299 14.31263 14.27668 14.25204 14.17107 14.1305 14.07323 13.95472 13.79512 13.52589 13.23161 12.97369 12.72326 12.462 12.16905 11.94029 11.72681 11.49341 11.28597 11.04749 10.84002 10.76336 10.78039 10.9091 11.18687 11.60692 12.10638 12.69783 13.98666 17.33747 24.61361 39.98478 47.19244 33.0494 55.39714 83.32501 100 80.4026 83.29933 88.35665 92.1909 100 100 100
14.45949 14.37804 14.22151 14.06447 13.86462 13.61792 13.37677 13.13206 12.90235 12.8049 12.86309 13.02658 13.22293 13.43379 13.66147 13.8693 14.03222 14.15869 14.28933 14.4189 14.50712 14.60814 14.72752 14.76817 14.82442 14.91069 14.86689 14.75249 14.53807 14.27682 14.04473 13.81086 13.54478 13.20602 12.8741 12.59198 12.26956 11.95648 11.61704 11.28096 11.06868 10.94913 10.96475 11.17457 11.60553 12.16575 12.85426 14.28566 17.9882 25.89448 40.69669 39.96962 41.81605 62.7108 87.7771 69.01502 82.01527 81.94317 100 100 100 100 100
14.69041 14.60199 14.45988 14.32021 14.11861 13.86929 13.61328 13.32431 13.00472 12.77721 12.77279 12.8941 13.05784 13.22067 13.39141 13.57751 13.75253 13.92248 14.12627 14.32798 14.4594 14.66482 14.89158 15.01675 15.17829 15.40952 15.44709 15.36164 15.23292 15.06494 14.89493 14.75486 14.6117 14.28283 13.86493 13.49929 13.11354 12.69398 12.23357 11.76543 11.39826 11.12223 10.98983 11.10336 11.47859 12.06225 12.86504 14.36161 18.18285 26.07496 39.11031 38.73026 45.6046 64.19926 88.03549 70.81541 79.95952 79.41173 100 100 100 100 100
14.96148 14.88322 14.75637 14.64474 14.44812 14.18986 13.9212 13.62222 13.29932 13.03376 12.94156 12.95028 13.01573 13.11372 13.2214 13.34375 13.48702 13.64789 13.82959 14.00436 14.16765 14.37605 14.58854 14.74063 14.95433 15.20544 15.32948 15.37534 15.43611 15.45065 15.41114 15.34776 15.25811 15.01651 14.65896 14.27326 13.85581 13.37559 12.82404 12.24963 11.76088 11.36371 11.11596 11.12316 11.40938 11.92791 12.77326 14.25452 17.79029 24.86725 35.86591 38.63797 46.43544 63.42217 57.63164 70.09766 75.68681 74.62541 100 100 100 100 100
15.21816 15.15888 15.05081 14.96163 14.77522 14.52671 14.29081 14.03248 13.74876 13.45613 13.28329 13.19024 13.1467 13.14923 13.1853 13.25608 13.36273 13.45987 13.55072 13.68335 13.84391 13.9986 14.16116 14.3314 14.53693 14.76586 14.94526 15.09585 15.29633 15.49413 15.60072 15.6286 15.58812 15.47642 15.25761 14.93842 14.52883 14.02475 13.4125 12.75852 12.16253 11.65394 11.3349 11.24775 11.44555 11.89499 12.6597 14.03913 17.01946 22.99499 32.38256 33.35131 46.92401 43.85457 55.827 67.94551 71.06252 69.44026 68.69924 100 100 100 100
15.50717 15.47089 15.38966 15.3326 15.17936 14.96223 14.73433 14.49487 14.2334 13.9289 13.67629 13.48718 13.35435 13.28276 13.27028 13.31472 13.40008 13.41422 13.39639 13.46241 13.57243 13.6926 13.82655 13.97486 14.16283 14.37757 14.56402 14.71589 14.96374 15.23232 15.45139 15.63546 15.68519 15.6782 15.60851 15.38474 15.0282 14.56253 13.95371 13.26525 12.56922 11.94192 11.55996 11.40698 11.51644 11.92091 12.56956 13.76868 16.22887 21.09263 28.85007 32.90534 40.16068 41.94561 52.10718 62.40041 65.50368 64.14712 63.11526 100 100 100 100
15.85175 15.84384 15.79131 15.7621 15.59902 15.36792 15.12677 14.86206 14.59133 14.29459 13.99185 13.72578 13.525 13.41464 13.40386 13.47896 13.54348 13.49262 13.41976 13.39675 13.45036 13.54042 13.62526 13.73671 13.89632 14.05624 14.18234 14.30262 14.44878 14.66674 14.91085 15.1266 15.25597 15.3634 15.38354 15.26121 15.08095 14.70492 14.19772 13.57361 12.82993 12.15309 11.74242 11.54231 11.57625 11.932 12.49532 13.47684 15.346 18.93791 25.11945 33.59225 40.68732 44.05888 47.34274 54.68535 58.82901 58.86646 58.0476 100 100 100 100
16.15842 16.19829 16.21743 16.24474 16.03515 15.73885 15.42349 15.0836 14.74938 14.41857 14.08873 13.80015 13.58107 13.47722 13.50136 13.61491 13.67272 13.6289 13.56542 13.52884 13.53704 13.56114 13.59116 13.63836 13.71139 13.762 13.79003 13.78694 13.83971 13.96274 14.1115 14.25647 14.39558 14.53614 14.58371 14.61159 14.55047 14.32676 13.97476 13.51618 12.86268 12.23359 11.84142 11.61916 11.5946 11.89326 12.40572 13.17531 14.59023 17.13991 21.56145 28.53414 37.09112 44.17218 48.56293 50.65859 52.40511 53.47785 61.90358 100 100 100 100
16.38452 16.55754 16.7078 16.84614 16.55404 16.15081 15.71999 15.27625 14.84478 14.44413 14.08383 13.78549 13.56158 13.49711 13.56212 13.66911 13.76117 13.79353 13.77423 13.76483 13.76421 13.74348 13.72878 13.67927 13.62584 13.55386 13.43483 13.27658 13.17635 13.22163 13.28784 13.39004 13.49934 13.6175 13.69397 13.76139 13.78966 13.70482 13.51174 13.18621 12.69974 12.20205 11.85942 11.64414 11.5423 11.78647 12.26948 12.94686 13.94577 15.70131 18.65907 23.74245 31.24614 39.68567 46.96852 51.35892 52.98829 54.97606 63.78491 100 100 100 91.77988
16.52147 16.93663 17.29438 17.58919 17.19067 16.64805 16.07499 15.50779 14.95714 14.49827 14.17485 13.86891 13.61528 13.53965 13.59193 13.71768 13.85952 13.9648 14.02626 14.07036 14.04723 14.01882 13.95348 13.8233 13.64222 13.42785 13.17375 12.87014 12.59433 12.50825 12.55442 12.61453 12.70958 12.79819 12.90565 12.99038 13.05667 13.07018 13.02474 12.83325 12.45998 12.06742 11.77357 11.58698 11.44808 11.60105 12.0585 12.68367 13.43999 14.66758 16.77336 20.20567 26.00572 33.89562 42.21189 48.70803 51.77011 53.86359 61.34889 95.17288 100 96.07255 100
16.47503 17.31556 17.98502 18.42219 17.93644 17.27101 16.54061 15.82031 15.26753 14.84497 14.47973 14.09025 13.7944 13.66942 13.72278 13.83637 13.98798 14.09787 14.2472 14.33315 14.32135 14.27529 14.17529 13.99047 13.70977 13.37073 12.9914 12.58454 12.20552 11.98581 11.93067 11.94936 12.03519 12.12707 12.2374 12.33445 12.43919 12.52185 12.53301 12.40761 12.13097 11.81757 11.57137 11.42517 11.32996 11.43688 11.82419 12.38287 13.03911 13.95657 15.47966 18.038 22.48144 29.37223 37.66807 44.92958 48.92921 51.3291 58.16408 80.56308 88.97202 100 100
16.39457 17.5974 18.64474 19.13441 18.71236 17.97622 17.06468 16.17501 15.73873 15.30837 14.92169 14.48267 14.14217 13.97767 13.99075 14.09573 14.1777 14.27298 14.38155 14.48462 14.52894 14.49785 14.36036 14.09036 13.73662 13.3231 12.85986 12.39588 11.96871 11.65864 11.50125 11.44416 11.47655 11.56268 11.64598 11.76412 11.87605 11.97471 12.01846 11.93826 11.74036 11.50444 11.34126 11.24317 11.20875 11.33138 11.67403 12.12278 12.68083 13.46952 14.62484 16.65022 20.45439 26.71792 34.72359 42.25589 46.47963 48.98742 55.36746 73.20951 92.15325 100 100
16.22253 17.64741 19.00419 19.63386 19.46047 18.71867 17.6487 16.87713 16.44024 15.98944 15.54154 15.04131 14.65867 14.48217 14.42843 14.41228 14.49621 14.56196 14.58731 14.67367 14.74429 14.73674 14.55487 14.1949 13.7552 13.26089 12.74889 12.26572 11.79059 11.4399 11.19995 11.07153 11.01027 11.06384 11.13437 11.23547 11.37548 11.48364 11.53743 11.49846 11.36205 11.2074 11.11407 11.05365 11.04115 11.17124 11.4953 11.92902 12.44076 13.14115 14.12935 15.76933 19.28431 25.47242 33.21628 40.46976 44.62726 47.51122 53.48359 69.11574 99.8987 100 100
15.82649 17.3696 18.98263 20.06726 20.19892 19.47213 18.25537 17.78766 17.39777 16.94855 16.43766 15.8728 15.44976 15.196 15.04332 14.95585 14.93126 14.94937 14.9011 14.92848 15.01232 14.95811 14.7308 14.29727 13.82432 13.28451 12.76862 12.23463 11.71169 11.3087 11.03493 10.84473 10.70858 10.71611 10.75796 10.78983 10.89491 11.04093 11.13242 11.13316 11.04957 10.90156 10.82332 10.82544 10.8664 11.00763 11.30525 11.77039 12.29134 12.93073 13.89353 15.52991 18.87503 25.12758 33.1122 40.08765 43.69629 46.74741 53.37589 67.38477 94.00594 100 90.06886
15.26511 16.88927 18.83262 20.54657 20.97183 20.21066 19.16598 18.97227 18.64937 18.26213 17.71708 17.07734 16.58699 16.26442 16.04107 15.86293 15.70804 15.5569 15.40996 15.33465 15.25952 15.15981 14.92731 14.49722 14.00498 13.47682 12.97181 12.44002 11.89426 11.39167 11.09478 10.82833 10.67658 10.6176 10.58334 10.53815 10.61026 10.77485 10.87395 10.8918 10.7917 10.67168 10.64852 10.70287 10.773 10.94118 11.24434 11.652 12.18955 12.86355 13.91652 15.79632 19.32937 25.93574 34.78057 41.80517 44.74577 48.8124 58.39546 72.38819 76.27422 79.02714 73.82838
14.7446 16.40782 18.51012 20.59549 21.53737 20.93411 20.68887 20.66072 20.37164 20.00325 19.42232 18.71821 18.18775 17.77281 17.42861 17.15105 16.87088 16.51882 16.11544 15.77384 15.53878 15.37829 15.1406 14.7703 14.33378 13.8509 13.39284 12.87264 12.27747 11.75809 11.39343 11.06624 10.8798 10.7303 10.60184 10.52998 10.52795 10.59816 10.67785 10.68048 10.61905 10.55758 10.54348 10.6047 10.69915 10.89995 11.23524 11.6506 12.16005 12.89523 14.08138 16.29539 20.47892 27.983 38.0403 45.46143 49.34166 58.33447 77.3945 82.1642 79.73249 75.38184 67.20505
14.09164 15.68849 17.78657 19.95768 21.32048 22.44306 22.88351 23.14799 22.84796 22.38314 21.7354 20.96066 20.28974 19.69289 19.18797 18.73564 18.37262 17.83717 17.13573 16.41111 15.93676 15.60388 15.30939 15.03438 14.6754 14.28928 13.93906 13.44256 12.77154 12.21657 11.8396 11.46595 11.23575 11.01179 10.80559 10.68509 10.60312 10.54662 10.5349 10.5512 10.52723 10.46607 10.44225 10.49975 10.59224 10.82195 11.21887 11.68226 12.19827 12.95884 14.27023 16.82647 21.8211 30.42112 42.03369 51.41555 60.78466 88.97448 100 95.8692 83.08961 72.25703 61.95878
13.37007 14.76292 16.67552 19.16434 21.94927 24.48096 25.93472 26.61766 26.30824 25.71073 24.88934 23.91102 23.06753 22.2315 21.43666 20.65933 20.11813 19.53002 18.63341 17.62027 16.88108 16.31262 15.80605 15.55264 15.26859 14.97217 14.72112 14.27144 13.5104 12.84081 12.46925 12.07867 11.78233 11.49226 11.19919 11.01618 10.87243 10.70962 10.59074 10.54548 10.5075 10.41003 10.32645 10.3581 10.47865 10.70958 11.14177 11.6923 12.27227 13.03563 14.45764 17.2976 23.06065 32.97564 46.95464 61.10627 90.55532 100 100 93.10641 78.71812 67.29007 56.74179
12.74183 14.05209 16.30776 19.68824 23.71803 27.90067 30.81257 31.95963 31.99168 31.20826 29.99407 28.52799 27.29153 26.12969 24.91564 23.74842 22.89056 22.03064 20.90986 19.73336 18.79402 18.04706 17.46347 17.1412 16.83516 16.44543 16.12271 15.70866 14.94507 14.0449 13.5325 13.05807 12.62746 12.25662 11.86191 11.57521 11.37785 11.1368 10.92347 10.80379 10.68429 10.52238 10.3756 10.37875 10.50806 10.72752 11.09527 11.6535 12.31351 13.11462 14.58136 17.59155 23.95839 35.17099 51.18191 71.10636 100 100 94.74149 79.96136 70.06024 60.90963 51.18065
12.271 13.51922 16.1013 20.45651 26.25843 32.57544 37.55926 40.71406 40.7098 39.14486 37.11668 34.91809 33.17917 31.34274 29.65797 28.18025 26.88732 25.65125 24.19601 22.7499 21.57953 20.63338 19.92843 19.50577 19.11989 18.64969 18.19553 17.73094 17.02122 16.03942 15.21677 14.54225 13.87422 13.34001 12.85091 12.4096 12.10187 11.78096 11.4526 11.24356 11.04857 10.80647 10.59739 10.53322 10.58396 10.80192 11.13268 11.59156 12.26237 13.10492 14.57202 17.66586 24.25299 35.91512 51.7683 73.48024 100 100 81.67126 71.57853 62.51634 54.07716 45.3375
11.89116 12.99108 15.45897 20.15351 27.57063 36.56847 45.92424 51.62014 52.10189 49.79103 46.50805 43.07975 40.6151 38.14189 35.68041 33.61399 31.9447 30.20662 28.26504 26.43492 24.99374 23.86127 23.0045 22.48878 22.14257 21.55276 20.83484 20.13719 19.36114 18.36296 17.30397 16.3533 15.51915 14.76947 14.11447 13.50443 13.00643 12.57982 12.10911 11.75608 11.47314 11.12875 10.84612 10.72576 10.70231 10.86702 11.18876 11.56598 12.13463 12.99078 14.43499 17.53102 24.05338 35.32732 49.59649 67.99049 100 89.22698 74.92049 65.50796 56.6692 48.43797 40.36966
11.55483 12.45051 14.57966 19.28345 27.41327 39.27702 52.68355 62.35036 64.74393 61.90106 57.08358 52.35459 48.95661 45.81651 42.54863 40.08514 37.823 35.68076 33.35347 31.01907 29.1041 27.72784 26.67875 25.92429 25.44922 24.90767 23.99717 23.0419 22.06162 20.89949 19.67753 18.49291 17.42446 16.40531 15.55083 14.83899 14.16258 13.53501 12.89043 12.3367 11.9297 11.47344 11.09512 10.90489 10.81412 10.90282 11.19898 11.57536 12.02351 12.80768 14.22932 17.29943 23.58665 33.8294 46.41423 60.85909 82.76105 75.96583 67.84948 59.77514 51.21328 43.13539 35.95741
11.25916 11.98996 13.656 17.61619 25.74157 39.46018 57.81222 72.62568 74.90968 70.48363 64.51622 59.25119 55.19885 51.88964 48.9738 46.85954 44.48747 42.1828 39.72456 36.93283 34.36059 32.43201 30.99105 29.68376 28.80945 28.14936 27.10376 25.92594 24.68978 23.37476 22.13464 20.79352 19.46853 18.20674 17.14464 16.29302 15.44984 14.57105 13.74167 12.94146 12.38809 11.81409 11.32052 11.03541 10.87101 10.88549 11.14189 11.52501 11.95132 12.59937 13.98373 16.97404 22.82775 31.67565 42.36776 55.00293 70.1099 66.98369 61.29042 53.54879 44.97656 37.62284 31.89578
10.99183 11.56742 12.72924 15.59497 22.30256 35.53204 57.02216 77.42902 78.27319 71.8755 66.18509 61.42776 57.65786 55.2091 53.94276 53.24553 51.98814 49.7538 47.40856 44.40635 41.00445 38.05764 35.67889 33.66082 32.03709 30.8599 29.73801 28.26366 27.08506 25.83449 24.38642 22.94269 21.37148 19.92391 18.78233 17.84803 16.75883 15.64613 14.60701 13.59512 12.83676 12.12411 11.50067 11.1013 10.84199 10.77394 11.00294 11.3931 11.80851 12.35728 13.62767 16.45538 21.70222 29.19023 38.08337 49.24284 60.8748 59.8676 54.55356 46.17517 38.50674 32.92279 28.55625
10.75256 11.22955 12.0079 13.79562 18.80654 29.47569 51.11094 83.05542 85.16756 72.34175 65.58793 62.12762 59.54982 57.7674 57.72598 59.31649 60.23561 58.39396 56.14145 53.1189 48.58922 44.04809 40.2614 37.06741 34.5862 32.96157 31.66609 30.13865 28.97108 27.85825 26.26018 24.75628 23.01906 21.35352 20.0571 18.98096 17.75275 16.51552 15.33973 14.18539 13.21197 12.359 11.62194 11.10469 10.7303 10.56195 10.74881 11.13508 11.54074 12.03783 13.13409 15.67445 20.20579 26.61174 34.22332 42.76382 51.26837 50.21386 45.78057 39.59116 33.64234 29.18738 25.80565
10.52605 10.95809 11.55281 12.71358 16.03888 24.35833 41.46262 75.77796 100 80.79515 69.94241 66.78049 63.82932 60.9814 60.52815 63.48037 66.52049 65.70544 64.1278 61.17456 55.16187 48.74422 43.24105 38.66659 35.3674 33.37458 31.91016 30.19524 29.12055 28.27468 26.68186 25.24681 23.56895 21.81058 20.38543 19.18479 17.99877 16.84499 15.65982 14.41301 13.30793 12.37905 11.60575 11.0217 10.56093 10.30082 10.40925 10.74454 11.13889 11.60537 12.48338 14.49695 18.17545 23.42756 29.86165 36.31011 41.03767 40.18076 37.88747 33.92431 29.77052 26.43365 23.84087
10.33679 10.71532 11.22633 12.11028 14.28266 20.20886 32.16158 52.91699 85.62103 93.08408 82.35823 73.21656 66.1232 61.84417 60.15404 61.18477 63.87486 65.29695 65.31767 62.46959 55.97316 49.00322 42.71709 37.55594 33.68436 31.36935 29.76591 27.9862 26.83483 25.87999 24.50149 23.20913 21.97647 20.6729 19.58211 18.53493 17.42643 16.35956 15.27686 14.16755 13.10312 12.1384 11.38227 10.81419 10.35026 10.07634 10.08839 10.30064 10.62804 11.07102 11.73113 13.12794 15.77197 19.59018 24.53884 29.21776 32.5515 32.43548 31.27246 29.2334 26.64734 24.41389 23.33977
10.25388 10.55475 10.97363 11.61737 13.11109 16.85143 24.10583 36.16298 52.21164 63.1649 62.75558 57.40866 53.46779 52.50682 52.85546 54.08648 55.89858 57.82447 58.7985 56.86349 51.64617 45.16047 39.34609 34.54419 30.72167 28.23971 26.42851 24.9838 23.81981 22.73834 21.67472 20.52721 19.53911 18.71978 17.99728 17.22718 16.26826 15.35165 14.46281 13.54252 12.61753 11.75253 11.06955 10.53797 10.10164 9.881065 9.825496 9.939601 10.16006 10.51813 11.02883 11.93305 13.64003 16.19796 19.51914 22.9427 25.40648 26.01632 25.90187 25.18851 24.27846 23.80053 23.75011
