py_wake/examples/data/AJ_ParqueFicticio/Ridge area   Sector 3   Height 200m   Power density.grd
DSAA
90  129
 262878   265103
 6504214   6507414
 .03849026   297.6544
[rows 54 to 80 of 129, columns 0 to 61 of 90]
35.12258 33.26996 30.58198 26.74717 22.85852 18.61537 15.09647 12.6063 10.71559 9.595756 9.475703 9.790104 9.731489 8.731689 7.266199 5.80266 4.722204 4.132771 3.725783 3.640888 4.044686 4.75492 5.751678 7.056331 8.599181 9.7277 10.5103 12.02563 13.27511 14.78852 17.86759 21.90082 27.07662 34.03991 41.4723 50.26686 61.00644 72.68635 85.54005 99.30326 113.8381 129.2537 143.9485 158.5268 173.0883 181.1863 182.6154 178.8971 171.6246 161.029 148.4975 134.4036 122.7042 120.6189 115.2006 111.4767 111.1233 113.7454 119.116 128.6376 142.5301 157.6804
36.28428 35.16585 33.05635 29.51175 25.02053 20.7338 17.24618 14.67059 12.84231 11.90118 11.97946 12.60729 12.64731 11.41196 9.638899 7.837338 6.407158 5.38389 4.729982 4.557701 4.893412 5.684008 6.786313 8.284739 10.25147 11.89041 13.67386 15.66827 17.90371 20.7501 24.38511 29.5485 35.31723 41.15362 47.41449 55.23315 66.10245 77.74372 89.90745 103.164 117.7022 133.2258 148.0361 163.2695 176.3904 183.47 185.2734 182.3685 175.8167 166.1656 154.2755 141.4695 130.1931 131.3783 129.5806 127.7293 128.9401 133.2204 139.5203 149.129 161.3294 173.5994
37.47282 37.15737 35.70407 32.25278 27.43901 23.34526 19.63408 16.92834 15.17562 14.37499 14.70211 15.81232 16.31406 14.93684 12.82722 10.6071 8.768619 7.307491 6.23408 5.75633 6.109129 6.989666 8.185418 10.07938 12.54798 15.14014 17.87661 20.77776 23.91043 27.81309 32.77715 38.84536 45.22608 50.90088 57.11182 64.96529 74.39137 84.74032 95.51942 108.147 122.7377 137.9348 152.8372 167.8594 179.0153 185.4475 187.803 185.5122 179.6615 171.5202 160.5293 148.691 138.1238 141.6252 142.439 142.544 145.468 151.1093 158.2961 167.6909 178.3597 188.3374
38.88422 38.97558 37.90697 34.66529 30.28982 26.19004 22.44799 19.87733 18.20439 17.41796 17.67566 19.24656 20.44261 19.67751 17.32475 14.60535 12.07565 10.08669 8.470091 7.708201 8.114677 9.137589 10.42281 12.56774 15.67267 19.21438 22.90686 26.82164 30.82324 36.03117 42.19748 49.01359 55.71313 62.32385 69.64619 77.43669 85.74289 94.20254 103.68 115.3896 129.6205 144.208 158.7089 171.9846 181.238 187.7358 190.4439 188.5858 183.3025 176.6906 167.2011 156.8898 147.3184 152.273 156.0262 158.3657 162.2252 168.575 176.1525 184.7962 193.7224 200.439
39.59036 40.28786 39.46287 36.31945 32.56623 29.24381 25.9085 23.06291 21.26164 20.65307 21.24325 22.82412 24.32882 24.1126 22.08589 19.53155 16.85428 14.47207 12.1489 11.07921 11.44063 12.42882 13.84687 16.25968 19.90932 24.2639 28.89868 33.60054 38.81331 45.01376 51.98614 59.699 67.12826 74.51511 82.02494 89.92941 97.74334 105.7608 115.1301 126.0581 138.5843 152.1501 165.1828 175.5821 183.8317 190.3607 193.1298 191.7913 187.4281 181.5228 173.8253 165.1282 156.8923 163.7472 170.4108 175.0269 179.8483 186.0701 192.9747 199.6016 204.6779 207.3479
40.21355 41.39831 41.20525 38.74982 35.58254 32.71508 29.65414 26.9784 25.10976 24.26377 24.81211 26.41088 28.05056 28.21316 26.6017 24.45679 22.04508 19.44793 17.12203 15.85387 16.05131 16.77706 18.40738 21.3764 25.51175 30.39182 35.68096 41.0941 47.01674 54.02177 61.90222 70.44063 78.97119 86.6792 94.35773 102.2244 109.7656 117.8638 127.1689 137.236 148.5326 160.5295 170.7556 179.1403 187.3558 194.1095 196.5269 195.1939 191.6066 186.258 179.333 172.6792 166.3554 174.1645 183.8314 190.631 196.127 201.6951 206.2 209.5305 210.4574 209.132
41.27229 42.92057 43.50312 41.84099 39.60865 37.1264 34.43996 32.00438 30.01815 28.65344 28.88406 30.34427 32.05124 32.51468 31.64617 30.38917 28.46061 25.90079 23.38595 21.6071 21.92392 22.80702 24.37533 27.85035 32.56203 37.75993 43.48921 49.32737 55.81846 62.89144 71.4281 80.98323 90.45502 98.36255 106.1007 113.8308 121.0364 128.8584 137.5324 146.528 156.8209 166.7255 174.6695 182.465 191.775 198.1048 199.1107 197.6006 194.8136 189.8924 184.0307 178.8631 174.4789 182.301 194.8519 203.3126 208.9276 212.8627 214.7282 214.2348 210.9917 206.2451
43.14982 44.9945 45.96962 45.00731 43.97365 42.00913 39.78419 37.52423 35.38268 33.70817 33.52218 34.41035 36.06706 37.30449 37.47396 36.74535 35.38437 33.29715 31.07193 29.59558 29.66071 30.57164 32.19519 35.87035 41.15268 46.79837 52.58676 58.84353 66.2098 74.03184 82.62324 92.13932 100.4181 108.0975 115.8849 123.0005 129.8676 137.3817 145.1266 153.3144 162.5356 170.4374 177.3275 184.9967 194.8087 199.3111 198.8498 197.2141 195.5325 192.4976 188.2578 184.3008 181.5398 187.6296 201.8958 211.6648 216.1977 217.5683 216.9035 213.2822 206.3851 198.5177
45.54606 47.40745 48.7705 50.00691 49.59877 47.98808 45.80128 43.43644 41.18657 39.33543 38.78098 39.37228 40.35029 41.14431 42.04068 42.11845 41.9694 41.22654 40.40958 39.91631 39.71777 41.09128 43.05443 46.87059 52.19955 58.22698 63.99793 69.91433 77.19962 85.68544 94.40053 103.9186 112.0141 119.18 125.6274 130.5214 136.5279 143.471 150.1185 157.6402 165.5534 172.1965 178.7947 186.4597 195.4399 198.1678 197.0868 195.7553 194.8419 194.1404 192.395 190.1151 187.4534 190.0559 204.8475 215.0242 218.6684 217.644 214.1953 208.2241 197.7824 186.3349
48.26602 50.33158 53.52021 55.46532 54.76928 53.14977 51.09977 48.94728 46.6807 44.67752 43.23074 42.55506 42.84736 44.11707 46.13912 47.80811 48.54718 49.08594 49.56351 50.80506 52.07306 53.55075 56.19022 59.98637 65.80781 70.89062 75.40763 81.13422 88.66376 96.5138 105.374 114.2304 121.9526 128.9724 134.7974 139.3814 143.4605 147.1679 153.0651 159.7193 166.4804 172.4775 178.8268 186.5272 194.0193 195.757 195.0509 194.3552 194.5774 195.4514 196.1048 195.4854 193.0173 190.4338 204.5917 214.7921 218.1048 214.4897 208.8534 200.2923 187.1217 172.9349
51.35198 53.78885 56.6885 57.29885 55.98352 54.28966 52.48885 50.60048 48.64704 46.75615 45.23639 44.46501 44.56763 46.07964 48.85139 51.35548 52.33908 53.72068 56.22716 60.64468 63.03444 64.24315 66.66258 71.80171 77.69465 81.05354 84.89322 91.25701 98.30355 105.6401 114.2996 122.4484 129.7531 136.0751 141.1122 145.2035 148.4922 149.6958 153.6541 159.2855 165.3042 170.8294 176.649 183.7743 190.6402 192.8696 193.133 193.5285 194.5348 196.6953 199.1978 200.4292 197.9654 193.8865 202.3031 211.2551 215.2144 209.1287 201.8323 191.2816 176.6391 161.8078
52.2625 54.63192 56.85434 57.21627 55.97895 54.65943 53.25658 51.36325 49.23195 47.17439 45.35643 44.05314 43.55004 44.73077 47.4108 50.24545 52.5899 55.16095 58.8142 63.93657 67.50854 69.72953 73.00065 78.70595 83.66761 87.3392 91.75217 98.16035 104.6091 111.6445 119.5926 127.0593 133.4707 138.5681 142.7795 146.301 148.1794 147.9273 150.9669 156.0034 161.5621 166.8693 172.4912 179.0257 185.9102 190.0661 192.132 193.3686 195.3095 198.3157 202.2238 204.7012 201.9964 196.71 197.8977 205.336 209.3807 202.0114 193.7949 182.5317 167.7356 152.938
51.77829 53.87936 55.06429 55.94633 54.74626 53.32681 51.85797 49.64154 46.86383 44.11734 41.76496 39.89252 39.03327 39.96969 42.66215 46.18511 49.07985 52.27248 56.25268 60.94114 65.48716 69.63839 74.02097 79.15888 84.35061 89.34911 94.93478 101.1729 107.3143 113.7478 121.0077 127.6647 132.8061 136.7197 139.9261 142.2792 142.459 142.2316 145.5379 150.1183 155.3 161.1995 167.2448 173.7084 180.8694 187.5485 191.9108 194.381 197.0368 200.4638 204.9661 208.2733 204.97 198.514 192.8422 199.1845 201.7946 194.2934 185.4377 173.8741 159.3171 145.1241
50.0774 51.75151 52.53523 52.49571 52.15541 50.9063 49.10936 46.19788 42.40568 38.84456 35.98846 33.85421 33.1117 34.17896 36.90053 40.94635 44.24347 47.01159 50.57805 55.32652 60.64976 65.16849 69.94926 75.44747 81.06255 86.1768 92.03429 98.45644 104.0965 110.3149 117.6323 123.3479 127.1259 129.5628 132.0432 133.1322 133.7073 135.1741 138.1971 142.6883 148.3411 154.8981 162.0357 169.3496 177.0535 185.1837 191.9019 196.2791 199.6964 203.556 208.2892 211.5644 207.7906 200.3926 193.6087 194.4357 193.9894 186.6934 176.8209 164.8535 150.9043 137.5591
46.87815 48.12572 48.57346 47.77652 46.16252 44.6784 42.14456 38.14109 33.50726 29.90458 27.40733 26.03407 26.02415 27.59661 30.26677 33.61351 37.50412 40.33616 43.51155 47.96371 53.38839 58.10613 62.86206 68.29998 73.7072 78.4454 83.55502 88.65357 93.80499 99.56648 105.6568 111.0021 113.9416 115.6346 117.8462 121.9259 124.2043 125.9192 129.211 134.4279 141.1377 148.3949 156.9281 166.0323 174.5823 183.5662 191.9557 198.5661 203.2565 207.334 212.0524 215.1365 210.5643 202.1639 194.3506 190.8281 184.8058 177.2784 166.2496 154.3072 141.1862 129.0904
42.72516 42.93383 42.67322 40.84726 38.91128 36.3726 32.74291 27.92988 23.13505 19.54361 18.38913 18.11664 18.92015 20.44739 22.72169 25.3839 28.39247 31.38039 34.85732 38.64873 42.94387 47.93718 52.61085 57.17969 61.71899 66.49518 70.33878 72.88493 76.57634 81.10086 85.20157 89.08151 93.22061 96.72609 100.5269 104.6744 108.3579 112.1079 117.67 124.7579 133.2265 141.8344 151.6031 162.9209 173.3739 182.8397 192.8343 201.9043 208.1352 212.3593 216.6099 218.7921 212.7857 202.8534 193.445 183.9543 170.8598 163.1152 151.795 140.9272 129.599 119.8397
37.17453 36.41339 36.50346 35.09948 32.25593 29.02527 25.27929 21.20004 17.41617 14.42422 12.40506 11.14647 11.87982 13.38666 15.3618 17.48184 19.35203 21.59348 24.52069 27.82463 31.10979 35.13273 39.62132 43.57625 47.35384 50.52752 53.02964 53.75443 55.29951 56.36894 59.97682 64.97057 69.11998 71.95578 75.40186 79.14575 83.53032 89.73007 98.98202 112.052 124.1458 135.1396 146.9303 160.1165 173.6583 184.5237 195.4709 205.9977 213.8438 218.3729 221.3373 221.756 213.6992 202.1655 191.1116 178.3705 158.6654 148.0037 137.2213 127.3706 118.0246 110.3158
30.37077 30.83443 31.11664 29.56936 26.28224 22.70841 19.17935 15.78281 12.7442 10.43166 8.975756 7.938897 7.349801 7.60152 9.01144 10.66134 11.76656 13.18983 14.96436 16.99021 19.43145 22.25323 25.23278 28.1648 30.75479 32.58961 33.22555 33.73733 34.99648 36.52452 38.87649 41.62573 43.98066 46.07534 48.64476 51.65785 56.22647 61.57431 70.46811 90.74529 113.4899 128.9825 143.2327 158.3347 174.5623 187.9259 199.7539 211.6838 220.5859 224.9266 225.8592 223.1458 212.718 199.6661 186.9766 171.2896 152.4616 136.7369 122.8872 114.3516 106.9543 100.7213
25.2921 25.18166 24.96816 23.28788 19.97838 16.64969 13.76095 11.28458 9.120888 7.433066 6.32988 5.559362 5.106584 5.166567 5.66672 6.266508 6.822474 7.470287 8.250877 9.181603 10.46597 12.25253 13.97805 15.54418 17.30373 18.93516 20.22016 20.85711 21.36951 21.76348 22.6828 24.14624 25.32693 26.26125 27.00173 29.10277 34.29774 39.56554 46.7706 67.87239 100.6555 123.8988 141.4976 158.3931 176.8897 193.0786 205.7181 218.1969 226.4898 228.9694 226.8761 220.5501 209.1152 195.5911 181.5721 164.3041 146.8855 131.1785 117.4893 106.0435 96.59294 90.29145
19.81353 19.21205 18.42688 16.6474 14.02098 11.62935 9.627239 7.928071 6.501852 5.426688 4.656075 4.035464 3.645793 3.555476 3.712731 4.030671 4.291092 4.65358 4.968049 5.378462 5.993124 6.713247 7.470746 8.130301 8.755154 9.461614 10.203 10.71621 11.13827 11.41148 11.93101 12.50476 13.61191 14.55394 14.84969 16.42369 20.76488 27.68826 39.26556 59.22981 92.63721 121.7565 142.6 161.0274 181.402 199.1712 212.1799 224.136 230.7433 230.7744 225.8882 217.8056 205.929 192.1915 176.209 158.367 141.9289 126.152 113.0023 101.8197 92.74173 85.36795
14.78384 14.01381 12.99637 11.37751 9.538463 7.895947 6.510885 5.386773 4.563718 3.920406 3.340604 2.888452 2.587726 2.502914 2.563341 2.601086 2.744527 2.918361 3.03464 3.282391 3.639876 3.753237 3.731766 3.856006 3.958808 4.01569 4.018505 4.127622 4.244892 4.522526 4.93629 5.270692 6.291758 7.765566 8.845062 12.61749 17.79048 25.69892 38.42605 60.30482 95.13248 123.845 145.8435 165.5088 187.4258 205.5527 218.2568 229.1877 234.0809 231.8906 225.1175 215.8956 203.4152 188.0512 170.4173 152.8439 136.6577 121.3977 108.8228 98.16374 89.37151 82.1219
11.32458 10.35473 9.199153 7.916921 6.548735 5.294011 4.278834 3.653465 3.434021 3.168007 2.805502 2.396704 2.001987 1.849664 1.974504 2.019604 1.938095 2.011019 2.210224 2.479888 2.713688 2.604815 2.257077 1.932024 1.825861 1.784829 1.595181 1.327186 1.149804 1.308468 1.562108 1.683184 2.246481 5.451828 9.022859 12.60617 17.53299 25.65782 39.1919 64.06886 101.172 131.2265 152.8228 170.87 193.8178 211.8345 224.0965 233.679 236.5076 232.3521 224.5473 213.7949 199.3925 181.427 163.1072 146.609 130.497 116.3079 104.6891 94.8696 86.38602 79.40794
9.073703 8.191053 7.117921 6.031019 4.941277 3.97787 3.248907 2.945464 3.040817 2.971595 2.771157 2.458949 2.102534 1.91946 2.035655 2.055599 1.910392 1.901792 2.127194 2.432698 2.525158 2.268832 1.830273 1.39164 1.155485 1.040743 .8426008 .610783 .4376639 .4478813 .5813997 .6886333 1.792897 4.496871 8.126617 12.82684 19.72415 30.94602 47.77069 76.6614 112.7488 140.8357 162.7384 183.2087 205.4102 219.6676 232.6077 239.4441 238.948 232.503 222.8319 209.2245 191.5309 171.7667 153.9319 138.1955 123.1224 110.6366 100.4799 91.75651 83.82827 77.26991
7.38308 6.653791 5.824032 4.994228 4.198782 3.602325 3.246621 3.209979 3.369526 3.401632 3.324143 3.092901 2.971126 2.907773 2.877195 2.857743 2.698205 2.633285 2.678296 2.835212 2.865112 2.59303 2.144905 1.66524 1.310763 1.05363 .8030221 .5773056 .4325716 .4276197 .5138826 .6729694 1.322429 3.866141 8.278311 15.21387 26.25379 44.22768 68.72067 98.99435 128.7576 153.0247 174.533 197.16 220.8587 230.2639 241.1836 244.5827 242.3823 236.6701 220.8726 199.3308 178.8621 159.5153 142.5613 127.7113 114.9177 104.4399 95.70544 88.28947 81.23466 75.80492
6.191425 5.508836 4.899686 4.503167 4.086404 3.756069 3.62279 3.867577 4.154737 4.28015 4.403976 4.625462 4.672533 4.657761 4.613199 4.645196 4.603324 4.319161 4.104469 4.047053 3.992762 3.669249 3.203488 2.750702 2.268346 1.722879 1.274634 .9710655 .824901 .7975917 .8711738 1.184245 2.244752 5.013476 11.60376 23.68787 42.44172 67.6244 95.55202 122.5342 145.7407 167.4204 189.5043 213.3801 234.5006 238.5035 245.1065 242.7424 238.8052 229.2861 206.8383 185.3967 164.8436 146.2574 130.3228 117.1633 106.5635 97.96335 90.71603 84.70418 79.02188 74.7798
5.765296 5.112712 4.688309 4.764739 4.686106 4.458919 4.467655 4.94456 5.40383 5.816773 6.356981 6.798894 7.110045 7.372123 7.679552 7.773465 7.678308 7.309327 6.979586 6.704761 6.393187 5.900118 5.42138 4.984843 4.330168 3.424774 2.672198 2.273842 2.034664 1.847378 1.926645 2.63482 4.433125 9.593633 21.88984 41.82324 66.55235 94.38585 121.0351 143.09 163.5872 184.1911 207.3671 229.7024 242.1621 243.4221 242.5947 237.7861 232.8225 216.4741 193.6599 171.3862 150.9419 133.4285 118.9107 107.3875 98.44073 91.33639 85.63251 80.98145 76.44636 73.22553
6.358265 5.927913 5.839232 6.071059 6.124062 6.11208 6.37331 6.830317 7.493394 8.278429 9.111217 10.00164 10.90951 11.81142 12.33845 12.58584 12.48756 12.07159 11.80278 11.31073 10.84678 10.26607 9.73924 9.113186 8.199517 7.079046 6.052876 5.395238 4.915195 4.648464 5.013011 6.520373 10.0256 19.65337 39.02041 66.55087 95.91415 121.9573 144.3332 164.1603 183.1525 203.5294 226.7908 243.0566 246.271 244.0182 236.6985 234.0623 226.8047 204.764 181.8193 159.2704 138.9584 122.0769 108.4767 98.02235 90.47169 84.63703 79.99297 76.35352 72.92682 70.37423
