py_wake/examples/data/AJ_ParqueFicticio/Ridge area   Sector 2   Height 30m   Orographic turn.grd
DSAA
90  129
 262878   265103
 6504214   6507414
-16.15023   71.16006
[rows 27 to 53 of 129, columns 0 to 60 of 90]
-3.461845 -3.826756 -4.060286 -4.224983 -4.291238 -4.234688 -4.076023 -3.812015 -3.429269 -3.016856 -2.650559 -2.306315 -1.947473 -1.556038 -1.133086 -.705489 -.2776881 .1177905 .4462361 .7461284 1.11558 1.451939 1.785567 2.135705 2.486052 2.905696 3.378427 3.903468 4.443773 4.910864 5.382619 5.833437 6.368348 6.952991 7.525135 8.199512 8.945138 9.752698 10.59232 11.36239 12.11984 12.8935 13.51493 13.9146 14.16027 14.30206 14.3155 14.27855 14.25174 14.42795 14.6352 15.07155 15.81813 16.91363 18.15874 19.52415 20.60336 21.23107 21.29211 20.94298 20.06691
-3.164981 -3.534796 -3.801042 -4.024674 -4.152102 -4.157758 -4.065728 -3.852805 -3.509786 -3.136463 -2.813242 -2.51104 -2.183552 -1.777993 -1.303539 -.7837265 -.2414525 .2766601 .7526057 1.220461 1.730689 2.181354 2.621279 3.090453 3.545567 4.055083 4.609428 5.176869 5.720072 6.206442 6.667206 7.103219 7.589839 8.121303 8.635542 9.232807 9.894766 10.6217 11.41014 12.13095 12.81904 13.51479 14.03886 14.34484 14.56542 14.64728 14.56094 14.47539 14.40047 14.50694 14.79358 15.32275 16.266 17.62291 19.13501 20.7099 22.12487 23.12613 23.34759 23.05035 22.22942
-2.791032 -3.162552 -3.460021 -3.727895 -3.895231 -3.95447 -3.934374 -3.79889 -3.521501 -3.207416 -2.964791 -2.751229 -2.481632 -2.105754 -1.633271 -1.074227 -.4529998 .1927406 .8245811 1.466483 2.121663 2.7033 3.278548 3.889812 4.483073 5.126451 5.800484 6.436862 7.016684 7.521296 7.97649 8.408129 8.8582 9.338449 9.798859 10.31631 10.89045 11.51625 12.21525 12.8506 13.45594 14.04694 14.44221 14.62012 14.81154 14.88087 14.74486 14.61874 14.51302 14.57889 14.96542 15.60001 16.73065 18.31684 20.07656 21.85943 23.71096 25.19828 25.67231 25.34316 24.47648
-2.288559 -2.668092 -3.000252 -3.306959 -3.503186 -3.60271 -3.628253 -3.554713 -3.361545 -3.155975 -3.063361 -2.957642 -2.755364 -2.426782 -1.999327 -1.481708 -.8708332 -.1855419 .5429481 1.306759 2.070409 2.771245 3.486525 4.235793 4.980255 5.801641 6.634384 7.361277 7.993231 8.546075 9.055234 9.539445 10.01336 10.46839 10.88167 11.32199 11.81345 12.33865 12.92487 13.46071 13.9594 14.36726 14.58178 14.65968 14.75635 14.84342 14.76282 14.61235 14.55695 14.64573 15.09738 15.77973 16.97668 18.71897 20.77808 22.81677 24.92112 26.84577 27.84189 27.4487 26.60612
-1.71494 -2.098362 -2.457333 -2.79464 -3.012474 -3.141162 -3.198731 -3.178561 -3.086531 -3.015368 -3.047815 -3.028961 -2.897551 -2.639886 -2.288672 -1.858287 -1.335504 -.6898186 .0470854 .821332 1.579443 2.298547 3.049208 3.850983 4.698848 5.67182 6.690051 7.608583 8.40655 9.07813 9.653672 10.17893 10.6855 11.17968 11.63552 12.07228 12.52851 13.00207 13.50434 13.9708 14.41813 14.72141 14.85577 14.87135 14.81123 14.78833 14.76218 14.57469 14.51523 14.56495 14.94721 15.61729 16.7604 18.46624 20.74301 23.00265 25.05717 26.9784 28.54834 28.8911 28.31956
-1.120415 -1.513099 -1.905117 -2.276651 -2.518441 -2.680428 -2.780465 -2.826493 -2.837724 -2.870687 -2.968665 -2.99991 -2.922561 -2.739792 -2.481167 -2.159634 -1.743178 -1.156011 -.4592641 .2412316 .9262282 1.602072 2.316071 3.104266 3.986212 5.033857 6.188738 7.299545 8.289341 9.137814 9.835034 10.44637 11.01279 11.57913 12.12132 12.61139 13.07518 13.53814 13.99658 14.43235 14.85678 15.10986 15.2345 15.24119 15.05791 14.91317 14.80131 14.5564 14.38381 14.36761 14.62981 15.19767 16.17991 17.70328 20.05674 22.6298 24.59521 26.38409 28.24937 29.54746 29.86597
-.5066144 -.9199522 -1.360717 -1.785079 -2.071269 -2.287304 -2.446896 -2.569178 -2.681043 -2.805997 -2.946036 -3.004298 -2.950213 -2.812579 -2.62878 -2.403319 -2.064541 -1.530449 -.9180563 -.3257202 .2554495 .8434431 1.481281 2.196465 3.042435 4.09466 5.291719 6.51025 7.667895 8.665915 9.52672 10.31561 10.99859 11.65305 12.29789 12.85594 13.36791 13.87338 14.34092 14.79043 15.19892 15.40526 15.50742 15.53829 15.28159 15.05837 14.8117 14.48812 14.21828 14.08849 14.12705 14.45391 15.19195 16.47251 18.49587 21.0031 23.14867 25.11956 27.36398 29.48925 31.03624
.1158731 -.3382519 -.8584639 -1.370118 -1.730808 -2.033408 -2.284167 -2.499787 -2.695496 -2.874686 -3.024872 -3.089004 -3.05303 -2.961372 -2.83556 -2.660284 -2.331763 -1.822886 -1.298733 -.8226212 -.3695268 .1044381 .6288167 1.228815 1.97313 2.93246 4.063973 5.283555 6.449118 7.508186 8.513142 9.430706 10.2621 11.06334 11.81465 12.46238 13.11028 13.69918 14.24642 14.77356 15.18901 15.42309 15.54933 15.61093 15.3228 15.03256 14.62446 14.1819 13.72973 13.37085 13.24099 13.31437 13.8056 14.78686 16.25118 18.13543 20.52601 23.16601 25.99416 29.2219 32.09426
.7406984 .2343621 -.3764271 -.9938079 -1.451062 -1.868866 -2.230017 -2.558911 -2.856414 -3.096564 -3.26597 -3.337023 -3.308727 -3.242822 -3.143139 -2.966803 -2.614973 -2.145573 -1.685482 -1.281745 -.9226192 -.5634759 -.1718741 .2933875 .8914546 1.688535 2.678717 3.803623 4.92333 5.973446 6.989383 7.949987 8.89304 9.801127 10.64587 11.4366 12.19302 12.89047 13.5568 14.23155 14.76228 15.08685 15.2746 15.36496 15.0943 14.71545 14.18496 13.54712 12.99056 12.42198 12.01723 11.80615 11.90526 12.42713 13.4871 15.16743 17.47084 20.43863 24.12385 28.63011 33.45474
1.371241 .8122461 .1168499 -.5998225 -1.154526 -1.689044 -2.161297 -2.603154 -2.991624 -3.299029 -3.521746 -3.626414 -3.620675 -3.59195 -3.510507 -3.310806 -2.957293 -2.524321 -2.10833 -1.757724 -1.454966 -1.179017 -.8925433 -.5246808 -.04626981 .6059012 1.440685 2.438082 3.489927 4.480022 5.461563 6.432191 7.39736 8.343064 9.248883 10.11041 10.94702 11.747 12.53221 13.31212 13.99093 14.45806 14.72478 14.80999 14.54906 14.09876 13.52833 12.80299 12.05521 11.3041 10.61593 10.14127 9.904661 10.02306 10.71986 12.13775 14.42792 17.51899 21.84126 27.84356 34.8359
1.993452 1.40164 .6442391 -.1429787 -.7918856 -1.438752 -2.016932 -2.572423 -3.072457 -3.480586 -3.779856 -3.923838 -3.951211 -3.948819 -3.881093 -3.69459 -3.37239 -2.965236 -2.580192 -2.259771 -1.983093 -1.766412 -1.535304 -1.224574 -.8097261 -.2451978 .4797072 1.37192 2.342231 3.249417 4.158165 5.093484 6.023984 6.948988 7.869337 8.773997 9.633698 10.48455 11.36637 12.25103 13.01489 13.56257 13.88061 13.96275 13.74998 13.214 12.69429 11.97066 11.10486 10.20989 9.39011 8.635771 8.087699 7.848834 8.176571 9.258538 11.37 14.62242 19.61297 26.87952 36.33955
2.555257 1.996617 1.209831 .3718769 -.3715024 -1.114267 -1.785325 -2.428179 -3.006694 -3.498531 -3.884383 -4.083464 -4.176241 -4.217277 -4.212758 -4.091488 -3.816107 -3.440647 -3.080787 -2.748395 -2.473749 -2.283941 -2.075762 -1.787697 -1.401796 -.8852933 -.2270015 .5843185 1.483062 2.320769 3.122638 3.968543 4.819088 5.698902 6.581609 7.45251 8.311604 9.167936 10.06242 10.97569 11.79296 12.40607 12.77055 12.93196 12.83973 12.37178 11.8432 11.14581 10.25659 9.258613 8.31923 7.426993 6.617476 6.045543 6.030823 6.791975 8.686796 12.14583 17.67779 26.06129 38.321
3.163686 2.614893 1.822731 .941321 .1040421 -.7232674 -1.482721 -2.216265 -2.873711 -3.437944 -3.863056 -4.101945 -4.259482 -4.377503 -4.446206 -4.383804 -4.161185 -3.836351 -3.463265 -3.13224 -2.869593 -2.683087 -2.483736 -2.196714 -1.839059 -1.358531 -.7501867 -.02841053 .7976689 1.584714 2.315935 3.074893 3.835654 4.59003 5.404867 6.235651 7.050923 7.858775 8.72753 9.646133 10.52251 11.22422 11.69687 11.96746 12.00116 11.69579 11.19117 10.43804 9.505814 8.482378 7.439225 6.445056 5.476756 4.630085 4.29369 4.77987 6.512619 9.989797 16.06793 26.08089 41.52111
3.794646 3.240548 2.443719 1.531142 .6291291 -.2366577 -1.047944 -1.838508 -2.557792 -3.194171 -3.669409 -3.970221 -4.195379 -4.383915 -4.490976 -4.447946 -4.308487 -4.022053 -3.644758 -3.326843 -3.091884 -2.926605 -2.709988 -2.411054 -2.073421 -1.635208 -1.10088 -.4569649 .3213594 1.043957 1.715917 2.383831 3.059232 3.690655 4.405805 5.168367 5.931463 6.698445 7.528454 8.430885 9.334776 10.12633 10.68968 11.03522 11.13143 10.92907 10.50047 9.822236 8.907424 7.886734 6.783465 5.664679 4.567935 3.515265 2.894263 3.06426 4.512236 8.044791 14.68325 26.54914 45.97058
4.350985 3.849612 3.095795 2.204423 1.258046 .3538649 -.51219 -1.348902 -2.103912 -2.775779 -3.270972 -3.620272 -3.906281 -4.137439 -4.278918 -4.298678 -4.204281 -3.973901 -3.632461 -3.360599 -3.153974 -2.945478 -2.697333 -2.366482 -2.038828 -1.629085 -1.180874 -.6024248 .1144998 .8034746 1.399824 2.005494 2.575502 3.08945 3.702792 4.396691 5.058268 5.754304 6.561804 7.449712 8.364079 9.162843 9.736689 10.14263 10.3409 10.20638 9.820401 9.272119 8.438977 7.428057 6.307665 5.12331 3.914512 2.691147 1.815214 1.689668 2.790932 6.233347 13.61676 27.51253 49.9214
4.794546 4.413043 3.789204 2.98938 2.014058 1.054908 .1340114 -.7276928 -1.491169 -2.187077 -2.710895 -3.106158 -3.420498 -3.644436 -3.778888 -3.828209 -3.79439 -3.638347 -3.392974 -3.148646 -2.908192 -2.681403 -2.401947 -2.055703 -1.731991 -1.368637 -.9656118 -.4350909 .2359136 .8666945 1.381718 1.926301 2.358738 2.808202 3.354362 3.957219 4.528092 5.15896 5.92207 6.785887 7.665861 8.459437 9.110394 9.589249 9.848568 9.771076 9.429341 8.869164 8.094875 7.113266 6.007324 4.805237 3.541684 2.215655 1.103511 .6870304 1.462683 4.673332 12.69084 28.67449 53.26806
5.210627 4.991112 4.517552 3.842513 2.936943 1.930698 .9529452 .07044637 -.6954347 -1.382044 -1.905436 -2.33982 -2.701745 -2.965384 -3.137766 -3.230406 -3.260283 -3.165647 -2.954878 -2.70243 -2.462697 -2.231308 -1.934137 -1.583926 -1.232289 -.878693 -.5417449 -.06391759 .5972087 1.159659 1.602746 2.061134 2.392792 2.796056 3.27027 3.745583 4.230148 4.804057 5.513082 6.317526 7.162103 7.986783 8.677859 9.170437 9.474092 9.450754 9.159047 8.633633 7.896924 6.952487 5.853063 4.650456 3.365715 2.029488 .8275974 .2253534 .7523783 3.659959 11.80896 29.02552 51.43471
5.286044 5.263147 4.996708 4.47207 3.696864 2.787238 1.879338 1.045687 .3047164 -.3839463 -.9260872 -1.401307 -1.790956 -2.07052 -2.250929 -2.355022 -2.436033 -2.410029 -2.242784 -1.994222 -1.802407 -1.569593 -1.280061 -.9792168 -.6414242 -.3117664 -.0226249 .4154705 1.060904 1.594208 1.992127 2.377522 2.646447 3.004616 3.404953 3.771462 4.17747 4.699339 5.326109 6.031582 6.811215 7.606771 8.306771 8.798415 9.110949 9.15487 8.961869 8.507003 7.794588 6.893031 5.793231 4.595275 3.317479 2.018791 .8213212 .1185587 .4856679 3.158116 10.87599 26.78634 44.41166
5.022837 5.143063 5.069984 4.746493 4.236079 3.601548 2.885733 2.164422 1.493686 .8386731 .300231 -.2012548 -.6277173 -.9540736 -1.171383 -1.296391 -1.401426 -1.398768 -1.241216 -1.012051 -.8518851 -.6297685 -.3464403 -.09983027 .1993324 .4999336 .7766361 1.193263 1.785498 2.266221 2.586876 2.919989 3.161198 3.46059 3.790994 4.07631 4.411323 4.869405 5.404769 5.992762 6.676428 7.407169 8.061266 8.51545 8.81974 8.884916 8.776212 8.438684 7.787399 6.91458 5.825077 4.630298 3.377765 2.13549 1.011229 .316719 .6356596 3.106269 9.998251 22.9279 34.01649
4.458267 4.799564 5.032424 4.996096 4.77226 4.443736 4.013414 3.456395 2.877129 2.305089 1.837565 1.359819 .9427974 .6021631 .3266572 .1080067 -.07391705 -.0968309 .03560708 .209954 .3571345 .586885 .8129079 1.004561 1.255837 1.565452 1.88342 2.281838 2.771245 3.172801 3.429583 3.699567 3.923782 4.173242 4.439402 4.668128 4.944549 5.354343 5.820506 6.310242 6.908262 7.56414 8.153708 8.575212 8.871728 8.920238 8.77728 8.490795 7.877452 7.010053 5.928265 4.725828 3.499254 2.327426 1.33226 .7678751 1.175778 3.375107 9.108156 18.30478 22.76806
3.74784 4.188289 4.617661 4.892407 5.001386 4.981877 4.873591 4.598305 4.200429 3.815317 3.494939 3.092519 2.685495 2.323941 2.008756 1.718197 1.459723 1.343058 1.392224 1.526427 1.665164 1.866937 2.087394 2.285929 2.537352 2.841076 3.155544 3.526185 3.950943 4.27868 4.470401 4.664141 4.86034 5.054518 5.256805 5.434241 5.652197 5.994594 6.4059 6.838444 7.379224 7.975292 8.507057 8.876781 9.118087 9.142675 8.948976 8.620728 8.039629 7.151579 6.065341 4.863308 3.669915 2.574245 1.713146 1.329908 1.809659 3.685269 7.823442 12.63196 12.27559
2.870311 3.325251 3.747531 4.119674 4.481913 4.727099 4.913492 5.043906 5.135942 5.156933 5.098565 4.851611 4.512712 4.139 3.692162 3.287733 2.951244 2.723983 2.671756 2.733741 2.856785 3.059956 3.29951 3.543663 3.804265 4.103636 4.41553 4.752891 5.12025 5.414749 5.571866 5.707508 5.855428 5.991217 6.124902 6.252736 6.413309 6.687294 7.040413 7.412299 7.890535 8.437272 8.921348 9.2602 9.473755 9.459758 9.22556 8.81301 8.216344 7.320568 6.214789 5.01981 3.861958 2.843821 2.098839 1.857912 2.356286 3.864431 6.361067 8.030468 5.970441
1.885611 2.319058 2.707603 3.122733 3.559233 3.959685 4.375205 4.847036 5.469208 6.024591 6.365454 6.417619 6.233952 5.889861 5.294757 4.781782 4.341963 4.025499 3.858259 3.823486 3.893203 4.064047 4.310553 4.587533 4.899626 5.256526 5.588103 5.890321 6.182017 6.439097 6.615765 6.741877 6.846161 6.936028 7.003256 7.08337 7.187746 7.386511 7.681145 8.00023 8.415456 8.909221 9.34079 9.654803 9.860469 9.817751 9.541162 9.085791 8.431478 7.549498 6.412675 5.216866 4.094036 3.154052 2.499747 2.356098 2.841698 3.94841 5.313439 5.464914 3.349816
.9270843 1.313353 1.661115 1.972819 2.32443 2.808446 3.423884 4.201924 5.132834 6.018696 6.710346 7.163949 7.255378 7.027696 6.510516 6.014452 5.534184 5.140633 4.876598 4.733654 4.717178 4.823667 5.03224 5.30336 5.621387 6.002074 6.374826 6.676514 6.939822 7.189016 7.393341 7.543026 7.653925 7.742976 7.792799 7.850729 7.932517 8.063261 8.29019 8.54664 8.88719 9.325521 9.706436 10.00308 10.21534 10.1666 9.853633 9.370163 8.692808 7.829043 6.699793 5.497117 4.398731 3.519563 2.939041 2.849217 3.256901 3.973403 4.552572 4.078831 2.488391
.07496744 .3297758 .5509408 .7229528 .9424083 1.348027 1.926052 2.826696 3.93356 5.121722 6.240714 7.026773 7.312465 7.353532 7.235038 6.93721 6.581839 6.114217 5.765947 5.550069 5.409773 5.395229 5.516222 5.749073 6.023433 6.370203 6.772544 7.083242 7.359791 7.636518 7.821802 7.997287 8.126984 8.250438 8.347016 8.438789 8.522253 8.634979 8.820771 9.034883 9.302349 9.664883 9.981929 10.25002 10.45773 10.40689 10.10126 9.618098 8.956362 8.093223 7.015045 5.819956 4.755261 3.929544 3.398124 3.307911 3.594583 3.978408 4.082314 3.518112 2.436022
-.6006016 -.4417491 -.3724401 -.4181326 -.3871056 -.1802113 .3121433 1.202016 2.411269 3.890616 5.363734 6.298897 6.688452 6.994572 7.391322 7.596777 7.44802 6.881697 6.399716 6.124512 5.874484 5.717903 5.736259 5.897236 6.124773 6.445181 6.841886 7.186998 7.446406 7.745942 7.90923 8.074854 8.214149 8.338876 8.469331 8.62042 8.780695 8.948486 9.154908 9.374597 9.605279 9.902331 10.15167 10.37553 10.54031 10.45958 10.19275 9.744499 9.136603 8.295748 7.296358 6.160654 5.14953 4.380099 3.874271 3.742527 3.886507 4.049857 3.957098 3.431497 2.593038
-1.180956 -1.058871 -1.033301 -1.174624 -1.372908 -1.427071 -1.181098 -.5760761 .4888893 2.017252 3.559278 4.646107 5.234317 5.849108 6.591418 7.318369 7.370482 6.837358 6.363215 6.064649 5.744643 5.496309 5.426986 5.511156 5.702052 5.988248 6.338373 6.609322 6.853197 7.17478 7.326746 7.498249 7.654919 7.804484 7.988699 8.232916 8.525652 8.817443 9.102962 9.358789 9.607304 9.897038 10.13919 10.36684 10.4832 10.36974 10.13193 9.726606 9.20566 8.411895 7.491242 6.444437 5.485538 4.770528 4.282968 4.104852 4.127012 4.132978 3.949052 3.476369 2.773062
