py_wake/examples/data/AJ_ParqueFicticio/Ridge area   Sector 1   Height 200m   Weibull-A.grd
DSAA
90  129
 262878   265103
 6504214   6507414
 .4201423   6.074468
[rows 54 to 80 of 129, columns 0 to 61 of 90]
4.5173 4.414297 4.281778 4.101131 3.892275 3.606039 3.272278 2.927903 2.581135 2.336298 2.230266 2.143777 1.967442 1.688941 1.420449 1.246745 1.212873 1.320511 1.5113 1.738531 2.002615 2.26508 2.518286 2.740828 2.906155 2.980702 3.005931 3.046313 3.041745 3.024664 3.054336 3.089247 3.135118 3.210075 3.284072 3.384555 3.531874 3.701493 3.880328 4.058684 4.232988 4.40735 4.561608 4.694875 4.825937 4.918034 4.946558 4.934509 4.898111 4.845342 4.791456 4.723818 4.6567 4.603061 4.565473 4.55535 4.58213 4.637383 4.722183 4.846082 5.010156 5.177036
4.602526 4.529259 4.431897 4.294573 4.099744 3.863947 3.60418 3.321536 3.036542 2.83638 2.76128 2.708611 2.523746 2.180513 1.81819 1.54177 1.42223 1.479185 1.625314 1.839992 2.095712 2.37175 2.637923 2.876428 3.072208 3.189136 3.261131 3.304823 3.326432 3.341979 3.357096 3.39141 3.419292 3.441158 3.469376 3.533048 3.664794 3.817231 3.970267 4.124379 4.282689 4.447538 4.595299 4.730519 4.856446 4.932165 4.972967 4.979922 4.966279 4.922892 4.86937 4.811446 4.756721 4.7192 4.711689 4.711328 4.745321 4.806746 4.886378 4.991118 5.112526 5.227838
4.692729 4.648047 4.580607 4.469591 4.298082 4.107775 3.893894 3.668068 3.449477 3.297715 3.256706 3.258039 3.148284 2.818483 2.423807 2.073678 1.868394 1.825192 1.86831 2.008469 2.259883 2.543327 2.809768 3.069838 3.289223 3.433426 3.523609 3.579175 3.608204 3.631152 3.657017 3.685905 3.708022 3.713953 3.729765 3.780998 3.870935 3.985323 4.100605 4.231727 4.378306 4.524171 4.658578 4.789527 4.896288 4.961069 5.007245 5.020608 5.019502 5.002858 4.95798 4.905212 4.859682 4.835367 4.834893 4.838217 4.874745 4.935029 5.004995 5.087165 5.176641 5.263065
4.790199 4.758926 4.708238 4.618393 4.488942 4.325253 4.153969 3.992614 3.838777 3.732456 3.686728 3.713173 3.680449 3.48347 3.15677 2.809406 2.51966 2.360437 2.278725 2.331844 2.553588 2.821929 3.065911 3.307218 3.520538 3.673937 3.770725 3.834457 3.868658 3.902983 3.9355 3.963188 3.980743 3.996929 4.027179 4.070848 4.13453 4.207872 4.290925 4.395751 4.524973 4.650707 4.768917 4.879889 4.955263 5.01368 5.057145 5.07329 5.075781 5.07658 5.05747 5.017879 4.976229 4.959769 4.965333 4.969465 4.991377 5.036495 5.090445 5.155182 5.223306 5.278101
4.873184 4.858039 4.818451 4.739563 4.641047 4.519718 4.391318 4.25631 4.14369 4.074796 4.052344 4.063602 4.045833 3.931399 3.719035 3.485116 3.260503 3.071042 2.892455 2.857951 3.000539 3.197155 3.391624 3.586932 3.762011 3.899687 3.997943 4.063007 4.11117 4.155332 4.19445 4.229224 4.254434 4.280348 4.3125 4.35733 4.413382 4.476564 4.549968 4.633357 4.727029 4.82419 4.923049 4.994556 5.046856 5.095132 5.133058 5.148089 5.150809 5.151287 5.149145 5.129043 5.096654 5.092438 5.10331 5.110712 5.12065 5.141932 5.173678 5.206963 5.234766 5.246242
4.959505 4.960737 4.94111 4.887703 4.810341 4.713583 4.611177 4.505726 4.425585 4.365008 4.343369 4.346953 4.328768 4.244528 4.097631 3.946628 3.805727 3.652848 3.50163 3.431156 3.488071 3.592795 3.731708 3.883588 4.018617 4.129738 4.218509 4.283447 4.333148 4.383118 4.435007 4.482484 4.523416 4.557562 4.594209 4.641378 4.692839 4.752123 4.81821 4.886465 4.949833 5.019606 5.080548 5.12327 5.169069 5.214432 5.249234 5.260622 5.255718 5.243737 5.23445 5.226071 5.207623 5.209084 5.222574 5.231385 5.239944 5.24403 5.239277 5.229392 5.206931 5.174953
5.06286 5.076982 5.077332 5.048923 4.993639 4.92189 4.844416 4.777512 4.712089 4.649721 4.620933 4.618307 4.596537 4.523228 4.415541 4.322265 4.234406 4.127223 4.004632 3.907693 3.925337 3.984534 4.060751 4.167304 4.270555 4.359496 4.437546 4.49779 4.549641 4.60088 4.655937 4.715411 4.770958 4.81075 4.849738 4.897431 4.942899 4.992249 5.047334 5.092374 5.136699 5.178782 5.206926 5.238184 5.284603 5.331582 5.356103 5.365302 5.362634 5.336793 5.310951 5.297546 5.290731 5.300243 5.313713 5.319107 5.317605 5.306053 5.27343 5.218363 5.148366 5.077643
5.189118 5.207814 5.216099 5.206318 5.170867 5.123463 5.076389 5.037967 4.985457 4.929948 4.898649 4.884998 4.864436 4.808737 4.723979 4.644869 4.576176 4.494055 4.399012 4.319422 4.307785 4.335011 4.374177 4.442015 4.526121 4.603164 4.668537 4.724338 4.776697 4.825511 4.874774 4.928928 4.979322 5.013591 5.050268 5.088756 5.126371 5.170046 5.209368 5.240418 5.270822 5.289886 5.299729 5.319317 5.356728 5.385965 5.388606 5.394926 5.405033 5.398149 5.370096 5.349679 5.344316 5.357265 5.367759 5.361114 5.33814 5.302496 5.246303 5.161393 5.050713 4.941033
5.322267 5.344222 5.36191 5.37638 5.368863 5.351694 5.336545 5.308517 5.267392 5.220242 5.187604 5.165576 5.127283 5.061564 4.991016 4.927182 4.882563 4.823336 4.756839 4.698538 4.671633 4.690065 4.71371 4.755719 4.811573 4.87302 4.920835 4.954958 4.992204 5.032758 5.068208 5.111077 5.146801 5.178698 5.208773 5.234964 5.263652 5.290221 5.310759 5.33463 5.353533 5.361746 5.3681 5.380466 5.397688 5.40009 5.387663 5.388741 5.403387 5.420578 5.414639 5.394936 5.382052 5.38804 5.395326 5.37581 5.33239 5.271245 5.190642 5.077471 4.924607 4.760791
5.437962 5.459586 5.488784 5.505743 5.515132 5.515113 5.508889 5.494559 5.468246 5.431714 5.392961 5.358606 5.322859 5.278657 5.236329 5.202889 5.171061 5.129276 5.08016 5.045292 5.035607 5.039567 5.056093 5.074568 5.110065 5.138365 5.153768 5.169627 5.192956 5.210177 5.231858 5.256574 5.276499 5.297547 5.316097 5.330984 5.350686 5.368197 5.376943 5.381673 5.392318 5.396163 5.401797 5.413258 5.419569 5.401781 5.381464 5.37691 5.389233 5.414147 5.433911 5.428459 5.412246 5.407073 5.413131 5.386587 5.328648 5.247584 5.145965 5.007312 4.81681 4.606669
5.507756 5.534265 5.556394 5.565061 5.568117 5.570923 5.573123 5.571327 5.56009 5.538442 5.512461 5.487828 5.460357 5.428514 5.402436 5.38201 5.356535 5.33399 5.320144 5.321951 5.315332 5.305811 5.306352 5.323523 5.340767 5.33789 5.33456 5.342462 5.347687 5.346184 5.352859 5.359858 5.365876 5.372588 5.376663 5.380038 5.387471 5.392022 5.388636 5.379552 5.38192 5.382988 5.384274 5.393488 5.404963 5.392682 5.368795 5.360135 5.369159 5.393016 5.424466 5.441377 5.430055 5.413667 5.41943 5.39351 5.327426 5.233438 5.117253 4.964711 4.758584 4.532442
5.491856 5.524531 5.553271 5.569373 5.578388 5.589199 5.599236 5.603394 5.595508 5.574509 5.546475 5.517049 5.484522 5.452971 5.43292 5.424855 5.425695 5.424931 5.427457 5.437237 5.439388 5.438323 5.443168 5.456445 5.461716 5.458554 5.454494 5.454624 5.442388 5.427179 5.415308 5.405144 5.395197 5.38337 5.370433 5.358483 5.347733 5.333434 5.319009 5.306188 5.306908 5.311463 5.313348 5.324602 5.347686 5.361997 5.350143 5.340897 5.347683 5.36846 5.400097 5.428196 5.427599 5.409997 5.406328 5.386572 5.31844 5.2219 5.103297 4.952461 4.752549 4.531337
5.411577 5.44904 5.481971 5.515103 5.529801 5.540821 5.549728 5.548657 5.530646 5.495341 5.451559 5.408778 5.371177 5.34394 5.340426 5.359777 5.377844 5.393378 5.404235 5.418984 5.435246 5.451522 5.463146 5.472633 5.48338 5.493159 5.498503 5.492145 5.474282 5.449394 5.423617 5.39862 5.371728 5.341182 5.310363 5.279764 5.244148 5.206997 5.182025 5.165839 5.171132 5.194149 5.211455 5.229935 5.260906 5.308077 5.325136 5.320656 5.326601 5.344591 5.372741 5.401597 5.405062 5.389679 5.380634 5.369954 5.308955 5.219529 5.104475 4.959563 4.771313 4.557835
5.289208 5.325245 5.358947 5.400629 5.436017 5.45421 5.45969 5.44569 5.40336 5.337142 5.264235 5.201772 5.161162 5.145856 5.163499 5.219332 5.257666 5.276006 5.291384 5.317722 5.347383 5.36752 5.383948 5.401405 5.418653 5.43198 5.437939 5.434507 5.414775 5.388837 5.364759 5.332069 5.287902 5.238383 5.195318 5.149241 5.089999 5.032578 4.994319 4.978577 5.004865 5.045269 5.089711 5.125505 5.170953 5.232982 5.283409 5.298652 5.30692 5.325356 5.352339 5.38022 5.384883 5.373121 5.361789 5.360981 5.309978 5.230494 5.120192 4.978433 4.798128 4.594829
5.119464 5.151044 5.181006 5.214612 5.24239 5.262829 5.2587 5.216255 5.134081 5.029543 4.93012 4.862234 4.837662 4.85282 4.895716 4.973896 5.052939 5.089654 5.112774 5.148339 5.192315 5.216603 5.233736 5.253708 5.27237 5.275897 5.27427 5.266142 5.245323 5.220473 5.194015 5.161304 5.10692 5.041942 4.986108 4.932368 4.867442 4.800877 4.753204 4.75841 4.809868 4.871138 4.945206 5.016851 5.075118 5.144204 5.21979 5.269032 5.289238 5.310698 5.339429 5.367459 5.371904 5.36013 5.348487 5.342073 5.29023 5.213218 5.107897 4.975344 4.807061 4.616737
4.93941 4.950928 4.961137 4.958207 4.949043 4.932247 4.893448 4.824277 4.730608 4.621952 4.520058 4.458731 4.451546 4.473046 4.526097 4.620811 4.729444 4.803772 4.858628 4.902335 4.946907 4.986274 5.006144 5.019222 5.029356 5.037448 5.028588 5.003366 4.978244 4.949915 4.909653 4.868927 4.811688 4.731426 4.643904 4.56883 4.506165 4.46357 4.456225 4.486349 4.568207 4.664282 4.769011 4.888295 4.974279 5.052437 5.1409 5.226831 5.271799 5.3011 5.333745 5.361599 5.361431 5.341407 5.31964 5.285672 5.217356 5.134062 5.032373 4.913176 4.768223 3.462979
4.746989 4.739443 4.72463 4.684669 4.625584 4.565297 4.492239 4.412995 4.310559 4.187631 4.072882 4.006564 3.995024 4.020309 4.087249 4.196579 4.316743 4.41527 4.505512 4.581124 4.63205 4.67926 4.714035 4.723433 4.727776 4.727653 4.717742 4.681329 4.641783 4.588054 4.534208 4.472909 4.397598 4.296499 4.198902 4.10876 4.041125 4.016249 4.045801 4.154097 4.285041 4.427313 4.580436 4.741348 4.88146 4.97215 5.069596 5.173903 5.251475 5.296719 5.335145 5.364146 5.358847 5.328262 5.292212 5.234018 5.144171 5.056782 4.955296 4.840675 4.713922 2.367914
4.539858 4.518569 4.488404 4.426327 4.326572 4.237708 4.144164 4.043632 3.920503 3.778623 3.654878 3.559854 3.514421 3.545982 3.622643 3.750759 3.871874 3.987392 4.096651 4.193943 4.272834 4.331188 4.35959 4.369772 4.373001 4.362839 4.338753 4.298745 4.247365 4.183054 4.113731 4.05294 3.983277 3.901873 3.810678 3.70913 3.628887 3.564022 3.560605 3.739664 4.002157 4.203637 4.398646 4.595721 4.784319 4.904018 5.009826 5.122245 5.224653 5.289578 5.331386 5.351539 5.33925 5.303943 5.258091 5.18435 5.086782 4.986959 4.887296 4.77804 3.422223 2.415621
4.313348 4.264184 4.213126 4.143027 4.032246 3.911044 3.789536 3.67392 3.539349 3.387159 3.242091 3.130872 3.075941 3.09674 3.179688 3.298528 3.429043 3.554395 3.67305 3.780553 3.871596 3.942512 3.973521 3.972504 3.966388 3.954693 3.936819 3.901075 3.855168 3.796408 3.741694 3.693764 3.634586 3.563146 3.470209 3.383204 3.33824 3.278792 3.240808 3.41034 3.767392 4.050075 4.279723 4.500026 4.708297 4.857982 4.963743 5.069572 5.165382 5.228976 5.261274 5.272499 5.265584 5.243869 5.202124 5.130259 5.04307 4.939599 4.827378 4.720598 4.606677 4.491231
4.027601 3.951116 3.895337 3.814144 3.698759 3.577056 3.454647 3.332749 3.192615 3.042094 2.894343 2.766792 2.688847 2.681789 2.73142 2.847785 2.98379 3.134966 3.262717 3.383071 3.485609 3.546555 3.577182 3.575124 3.555795 3.539155 3.529297 3.509103 3.479447 3.434124 3.393156 3.349512 3.327305 3.295709 3.22378 3.165702 3.15324 3.140015 3.167666 3.326867 3.691892 4.009912 4.25821 4.480236 4.684641 4.841242 4.937376 5.027951 5.103239 5.150214 5.174821 5.188881 5.192613 5.18293 5.146953 5.084329 5.00762 4.908033 4.796761 4.673953 4.558284 4.443829
3.718886 3.658258 3.587254 3.490219 3.379881 3.253352 3.122778 2.991419 2.86243 2.71997 2.546051 2.392436 2.304908 2.301859 2.348237 2.419477 2.570277 2.742766 2.895564 3.05984 3.190228 3.230479 3.223419 3.214709 3.188915 3.150935 3.10988 3.088144 3.067595 3.051528 3.029231 2.988935 3.003549 3.044623 3.036803 3.020783 3.033835 3.082757 3.181508 3.372007 3.722759 4.038823 4.295072 4.511608 4.702313 4.847629 4.931218 5.006752 5.062722 5.095028 5.117421 5.134843 5.142489 5.130245 5.09358 5.041648 4.96981 4.87933 4.774896 4.655268 4.527224 4.401579
3.505481 3.425707 3.332562 3.230161 3.104266 2.941054 2.776456 2.654355 2.613234 2.531203 2.378707 2.187779 2.010243 1.952723 2.044836 2.146412 2.251325 2.44154 2.673762 2.894548 3.04979 3.079859 3.027753 2.954299 2.91911 2.891734 2.821406 2.718514 2.629531 2.640553 2.658345 2.615485 2.64754 2.796748 2.891676 2.952983 3.023732 3.126286 3.261501 3.486947 3.826683 4.120997 4.359468 4.557825 4.734038 4.865929 4.939062 5.001689 5.04004 5.059775 5.077778 5.093034 5.091477 5.064029 5.02724 4.985613 4.919671 4.838969 4.74746 4.640767 4.517662 4.390801
3.370998 3.295112 3.19444 3.080203 2.933469 2.747598 2.567235 2.47533 2.521709 2.492605 2.380912 2.196337 1.994822 1.896874 1.989405 2.100279 2.203339 2.389153 2.654026 2.90016 3.033509 3.046543 2.986587 2.892591 2.830627 2.79355 2.711607 2.590848 2.465936 2.43891 2.464215 2.429012 2.46104 2.677948 2.881546 3.02517 3.15813 3.308788 3.470242 3.715036 4.011303 4.259065 4.463346 4.632453 4.789295 4.900076 4.960352 5.006365 5.02469 5.03166 5.038953 5.032502 5.001352 4.95961 4.92269 4.883512 4.830925 4.770524 4.701805 4.617119 4.50954 4.397244
3.259495 3.194859 3.105514 2.996828 2.856014 2.705475 2.594644 2.583305 2.657332 2.666156 2.596176 2.430707 2.301902 2.239502 2.268887 2.377114 2.497129 2.661494 2.837521 3.010515 3.11738 3.135702 3.095778 3.021276 2.94562 2.877936 2.793531 2.696634 2.616823 2.599036 2.596581 2.576611 2.634847 2.819855 3.035703 3.218101 3.392634 3.584674 3.78706 4.022321 4.246924 4.439386 4.597353 4.730628 4.860264 4.942641 4.98948 5.015677 5.016183 5.007548 4.976306 4.920575 4.861364 4.81041 4.766353 4.729512 4.69589 4.659961 4.615607 4.55899 4.479954 4.401199
3.180172 3.101124 3.014249 2.952218 2.863298 2.761225 2.708367 2.796488 2.912994 2.951691 2.939919 2.91181 2.826813 2.769705 2.793549 2.901501 3.029088 3.102396 3.17033 3.2463 3.31002 3.32066 3.29397 3.249723 3.185398 3.093075 3.001993 2.935671 2.912122 2.906986 2.892782 2.893468 2.966668 3.109975 3.306455 3.509385 3.702557 3.903625 4.112087 4.304979 4.46754 4.615215 4.737817 4.849876 4.947045 4.995388 5.023997 5.026871 5.011003 4.971349 4.884063 4.78847 4.708735 4.64219 4.588903 4.552355 4.534136 4.518373 4.499033 4.472445 4.431044 4.390598
3.196291 3.103778 3.020589 3.031271 3.011603 2.943971 2.942207 3.092489 3.235449 3.325138 3.38632 3.391581 3.357828 3.341626 3.399896 3.465752 3.518404 3.538657 3.552419 3.568091 3.58177 3.570873 3.546304 3.512046 3.450323 3.35741 3.274068 3.238175 3.232547 3.221745 3.215544 3.224984 3.264701 3.402434 3.621399 3.830838 4.017392 4.202373 4.382325 4.532133 4.660923 4.77269 4.872495 4.968683 5.032737 5.054768 5.062316 5.044598 5.011837 4.923637 4.805236 4.684205 4.575248 4.489266 4.424901 4.383544 4.363332 4.354581 4.355759 4.357537 4.34766 4.342947
3.354684 3.299277 3.27482 3.308446 3.319262 3.318157 3.380563 3.498997 3.627944 3.727258 3.791947 3.827541 3.843847 3.863773 3.891602 3.91548 3.924077 3.916625 3.910804 3.897706 3.892978 3.875428 3.847651 3.803022 3.739497 3.665435 3.601244 3.568172 3.554548 3.53612 3.527167 3.539952 3.581003 3.722047 3.924809 4.116803 4.285511 4.446406 4.5982 4.727151 4.837359 4.927195 5.012549 5.080411 5.10899 5.114004 5.101533 5.069577 5.015216 4.896866 4.764586 4.624143 4.48944 4.374526 4.282941 4.221142 4.190272 4.178412 4.180753 4.19505 4.208422 4.224011
