py_wake/examples/data/AJ_ParqueFicticio/Ridge area   Sector 10   Height 30m   Orographic turn.grd
DSAA
90  129
 262878   265103
 6504214   6507414
-179.8749   179.8213
[rows 81 to 107 of 129, columns 0 to 59 of 90]
1.631406 1.713186 1.617281 1.448959 1.247502 .9619877 .6220812 .3169048 .1377162 .0432315 -.1225807 -.3861481 -.7140258 -1.14719 -1.498693 -1.686772 -1.721557 -1.68695 -1.643847 -1.763168 -1.808607 -1.696557 -1.466838 -1.197819 -.9796441 -.9122414 -.9658437 -1.105138 -1.3859 -1.791088 -2.24055 -2.707574 -3.190527 -3.696887 -4.226937 -4.747283 -5.284149 -5.83443 -6.39865 -6.907141 -7.214164 -7.36397 -7.57961 -7.610918 -7.397072 -7.127043 -6.861762 -6.572347 -6.599255 -6.562035 -6.267452 -5.16859 -2.836337 -.5322064 -.9760796 -5.420724 -12.14254 -18.77642 -23.5636 -25.62437
1.11152 1.052996 .8485451 .5371965 .2317318 -.1062858 -.4806983 -.7479041 -.8471872 -.9077923 -1.031218 -1.110703 -1.195776 -1.406192 -1.602709 -1.64648 -1.585219 -1.485725 -1.386399 -1.456447 -1.470737 -1.346423 -1.118763 -.8439645 -.6280411 -.5812675 -.6685677 -.8644869 -1.244578 -1.779987 -2.370068 -3.027906 -3.732858 -4.455033 -5.17534 -5.813037 -6.403271 -6.891546 -7.382029 -7.733427 -7.873953 -7.851604 -7.834027 -7.737589 -7.498609 -7.222015 -6.95542 -6.716238 -6.789266 -6.854099 -6.666259 -5.668704 -3.476864 -1.392903 -1.968057 -6.133168 -11.99599 -17.19811 -19.79983 -19.45615
.2295851 .1080265 -.1424575 -.4487697 -.766455 -1.117186 -1.400151 -1.569354 -1.650635 -1.720626 -1.78445 -1.75937 -1.668811 -1.590105 -1.5484 -1.483262 -1.392396 -1.306242 -1.221203 -1.156821 -1.076162 -.9289792 -.7336963 -.5169816 -.3568092 -.3219818 -.4384737 -.6937025 -1.154938 -1.778656 -2.475915 -3.329951 -4.285918 -5.206711 -6.061783 -6.831802 -7.444366 -7.878096 -8.255732 -8.474004 -8.487755 -8.291138 -8.042713 -7.822613 -7.53431 -7.218914 -6.934859 -6.761972 -6.766794 -6.904419 -6.824083 -6.015374 -4.091941 -1.960591 -1.560257 -3.818857 -7.242189 -9.99528 -10.99876 -10.38377
-.8150936 -.936215 -1.136806 -1.345148 -1.642761 -1.945896 -2.117614 -2.215927 -2.281461 -2.321223 -2.315363 -2.226255 -2.025065 -1.711954 -1.437622 -1.265104 -1.157428 -1.0993 -1.038653 -.8520458 -.6839421 -.5337411 -.3878638 -.2518099 -.1721658 -.1649689 -.3331712 -.6611486 -1.195457 -1.885272 -2.694728 -3.74125 -4.864172 -5.930458 -6.873788 -7.696896 -8.297004 -8.676856 -8.959797 -9.110002 -9.050343 -8.722836 -8.264462 -7.909462 -7.54109 -7.150208 -6.815053 -6.643126 -6.557972 -6.720039 -6.716902 -6.115264 -4.601202 -2.466382 -.7843273 -.7040536 -1.834034 -2.949369 -3.429509 -3.212946
-1.874246 -1.946021 -2.043749 -2.163035 -2.372932 -2.570288 -2.669091 -2.710706 -2.707221 -2.667462 -2.577751 -2.398792 -2.104306 -1.669088 -1.265306 -.9979034 -.8623832 -.8006227 -.735511 -.5389397 -.3481328 -.2137682 -.1200865 -.07164425 -.1155798 -.1909586 -.4307579 -.8406647 -1.459873 -2.220969 -3.152297 -4.294245 -5.456781 -6.588783 -7.574962 -8.337026 -8.891493 -9.248389 -9.470368 -9.61306 -9.525783 -9.155924 -8.56108 -8.020575 -7.540436 -7.059179 -6.651423 -6.33926 -6.162944 -6.314771 -6.366755 -5.930236 -4.785654 -2.983291 -.8063576 .9739249 1.729475 1.831156 1.792211 1.899778
-2.809864 -2.818705 -2.836452 -2.878076 -2.933221 -2.97791 -2.995877 -2.96943 -2.868017 -2.673471 -2.437369 -2.16917 -1.836494 -1.424889 -1.024991 -.7205779 -.5401986 -.4372005 -.3693252 -.2226325 -.07052241 .02590352 .04666745 -.03107463 -.2332417 -.4521568 -.8314805 -1.360517 -2.055385 -2.905129 -3.895193 -4.981762 -6.051615 -7.157482 -8.081399 -8.774291 -9.227065 -9.571156 -9.757187 -9.90025 -9.814478 -9.467807 -8.890724 -8.236646 -7.595922 -6.987194 -6.406497 -5.942404 -5.670256 -5.749687 -5.816355 -5.522232 -4.623033 -3.19367 -1.412972 .6351852 2.555144 4.014566 4.955197 5.490694
-3.531784 -3.462991 -3.404619 -3.353069 -3.238004 -3.100147 -2.998394 -2.882266 -2.718639 -2.440644 -2.074929 -1.722018 -1.365814 -1.009138 -.6656722 -.4090585 -.2107281 -.07518233 -.005053781 .08767229 .1671779 .1778192 .06906024 -.1769971 -.566485 -1.000407 -1.566704 -2.226425 -3.004194 -3.889374 -4.825378 -5.762939 -6.689072 -7.671528 -8.449396 -9.060637 -9.426456 -9.694163 -9.845084 -9.965719 -9.898014 -9.571344 -9.011471 -8.341699 -7.609354 -6.880107 -6.188384 -5.639441 -5.267118 -5.178323 -5.181709 -4.98699 -4.275692 -3.021637 -1.488027 .1371214 1.789657 3.582362 5.255005 6.490703
-4.032847 -3.883729 -3.730557 -3.582601 -3.350203 -3.041322 -2.790082 -2.563174 -2.303858 -1.98236 -1.558192 -1.173632 -.8091762 -.4840526 -.1952194 -.01674015 .1519086 .2486078 .2990345 .3234009 .3185195 .1749766 -.09631773 -.5283768 -1.127859 -1.815958 -2.553986 -3.32335 -4.169592 -5.015983 -5.837368 -6.611361 -7.373713 -8.169225 -8.779576 -9.27046 -9.544374 -9.682361 -9.760396 -9.853555 -9.815135 -9.482626 -8.951156 -8.305489 -7.581571 -6.820376 -6.072421 -5.437921 -4.959602 -4.669655 -4.537869 -4.378778 -3.875871 -2.864018 -1.361346 .362949 1.852429 3.164474 4.500755 5.695085
-4.319512 -4.091101 -3.821693 -3.55757 -3.222164 -2.804271 -2.394421 -2.042619 -1.658991 -1.298717 -.889149 -.5268533 -.1810578 .1219416 .3517622 .4568139 .5152999 .5039811 .4743613 .4157607 .3015218 -.01934304 -.4757501 -1.105986 -1.916465 -2.814446 -3.697051 -4.578475 -5.464387 -6.23527 -6.922205 -7.520181 -8.071609 -8.636406 -9.106757 -9.443439 -9.600415 -9.561219 -9.525401 -9.558346 -9.505487 -9.23124 -8.747683 -8.15614 -7.496807 -6.745926 -5.957275 -5.238563 -4.660817 -4.217859 -3.928934 -3.73918 -3.419045 -2.740441 -1.490088 .2496813 2.030392 3.423786 4.530725 5.468617
-4.403841 -4.1125 -3.709328 -3.289414 -2.827458 -2.340272 -1.818971 -1.347025 -.8810657 -.4816959 -.1029399 .2217662 .5282937 .7801709 .9182021 .8978354 .7786638 .6454174 .4925072 .3392012 .09969199 -.4215172 -1.07001 -1.905131 -2.921243 -3.984757 -4.99033 -5.95643 -6.829323 -7.502275 -8.054726 -8.474986 -8.75292 -9.045109 -9.370669 -9.554411 -9.581378 -9.355495 -9.173774 -9.061883 -8.995432 -8.78091 -8.315194 -7.773798 -7.180333 -6.525999 -5.79591 -5.065663 -4.42271 -3.843033 -3.410985 -3.129016 -2.859818 -2.376909 -1.44493 -.05626026 1.53061 3.036681 4.389125 5.632008
-4.325644 -3.967979 -3.485821 -2.866317 -2.254722 -1.69604 -1.126293 -.5842785 -.084521 .3427464 .6960661 .9953084 1.230332 1.358542 1.309386 1.096248 .8631333 .6311575 .3461279 .08399027 -.3207416 -1.036202 -1.887327 -2.954745 -4.120357 -5.283759 -6.351698 -7.312863 -8.101725 -8.660569 -9.068761 -9.330938 -9.393449 -9.415142 -9.564546 -9.598149 -9.496645 -9.134829 -8.726744 -8.428537 -8.17276 -7.959871 -7.621451 -7.204301 -6.724176 -6.177314 -5.54269 -4.86043 -4.208109 -3.576868 -3.056389 -2.638194 -2.248179 -1.708699 -.8929493 .1516989 1.308618 2.516608 3.81482 5.253585
-4.131768 -3.64531 -3.076065 -2.351238 -1.64152 -1.020051 -.4256806 .1493168 .6473112 1.05426 1.366718 1.607313 1.693013 1.643891 1.387246 1.03017 .7264746 .3727554 -.01562006 -.3956578 -1.023608 -1.875213 -2.939072 -4.145317 -5.344733 -6.519806 -7.584378 -8.483915 -9.13203 -9.579903 -9.836922 -9.967957 -9.918634 -9.726685 -9.646829 -9.48261 -9.186567 -8.724236 -8.168204 -7.639374 -7.305452 -7.076084 -6.824262 -6.481822 -6.119246 -5.703591 -5.187963 -4.586531 -3.97755 -3.363993 -2.783563 -2.239762 -1.648282 -.9254315 -.08239017 .7710752 1.634414 2.609188 3.676936 4.789762
-3.870784 -3.225132 -2.550163 -1.804636 -1.100407 -.4557177 .1529397 .7190992 1.166606 1.484315 1.712826 1.810763 1.732339 1.548452 1.146454 .7151074 .3175668 -.162389 -.639748 -1.209749 -1.990562 -2.933422 -4.083368 -5.262655 -6.439517 -7.527946 -8.508505 -9.325092 -9.872089 -10.22783 -10.33885 -10.33748 -10.20539 -9.916216 -9.637815 -9.263549 -8.772522 -8.188828 -7.530939 -6.896048 -6.508316 -6.225873 -6.004187 -5.732445 -5.460663 -5.169388 -4.779459 -4.282129 -3.724244 -3.134944 -2.510979 -1.898484 -1.144466 -.2515857 .658067 1.473954 2.24926 3.054729 3.854571 4.580044
-3.554671 -2.824637 -2.092437 -1.350602 -.6862903 -.06904397 .5130752 1.005817 1.289649 1.470269 1.596255 1.535593 1.346624 1.040675 .5547162 .07371721 -.444353 -1.003932 -1.602789 -2.31361 -3.122 -4.050667 -5.118855 -6.210108 -7.276927 -8.220177 -9.110241 -9.818362 -10.31295 -10.60487 -10.6181 -10.49004 -10.26129 -9.891514 -9.46765 -8.915332 -8.2617 -7.555902 -6.819776 -6.147418 -5.704563 -5.428595 -5.227126 -5.033305 -4.832456 -4.621341 -4.333541 -3.943929 -3.439431 -2.876105 -2.251063 -1.59256 -.7201192 .2383235 1.21348 2.085371 2.820742 3.516986 4.133636 4.58098
-3.217702 -2.534842 -1.813999 -1.097096 -.446543 .1200169 .5645766 .8878601 .9940284 1.038327 1.02359 .8367963 .5674753 .1443965 -.3800925 -.9147337 -1.470631 -2.070158 -2.754747 -3.489798 -4.261234 -5.097272 -6.025265 -6.983323 -7.842747 -8.623693 -9.399663 -9.996032 -10.44432 -10.70131 -10.69664 -10.48395 -10.12613 -9.661135 -9.129934 -8.466939 -7.691873 -6.893293 -6.107169 -5.407442 -4.950446 -4.676219 -4.503678 -4.369051 -4.224933 -4.076297 -3.863443 -3.557115 -3.128555 -2.621876 -2.013289 -1.303268 -.3778892 .5979516 1.567732 2.441997 3.148499 3.782168 4.305484 4.694411
-2.996397 -2.373554 -1.724796 -1.058815 -.4632206 -.0319295 .2671811 .4233514 .3791004 .2909355 .1056011 -.1767754 -.5428138 -1.032378 -1.552492 -2.098983 -2.662286 -3.277606 -3.959581 -4.633248 -5.331497 -6.041738 -6.826198 -7.59128 -8.210156 -8.780517 -9.367507 -9.877809 -10.27396 -10.51868 -10.53274 -10.31517 -9.883054 -9.339469 -8.716732 -7.967592 -7.119024 -6.237193 -5.388039 -4.637207 -4.169942 -3.923637 -3.778288 -3.68098 -3.5824 -3.490715 -3.35233 -3.139081 -2.790355 -2.333119 -1.737913 -1.037962 -.1413936 .851731 1.80389 2.645042 3.303372 3.898761 4.39875 4.785623
-2.930268 -2.388331 -1.857044 -1.278097 -.8084857 -.5231833 -.3444055 -.3512875 -.5156215 -.7388652 -1.048887 -1.407047 -1.836368 -2.326477 -2.827429 -3.374578 -3.9444 -4.533653 -5.144182 -5.714742 -6.322104 -6.859683 -7.417967 -7.953635 -8.382886 -8.723454 -9.087568 -9.477804 -9.810603 -10.05604 -10.10633 -9.924511 -9.50118 -8.92781 -8.245839 -7.435378 -6.532804 -5.590211 -4.674332 -3.895466 -3.380885 -3.133861 -3.005722 -2.933366 -2.869585 -2.828705 -2.777541 -2.664261 -2.392732 -1.998713 -1.461069 -.8359559 .0267209 1.024091 1.946065 2.745195 3.352507 3.949923 4.406795 4.727487
-2.993007 -2.577954 -2.181069 -1.74339 -1.435613 -1.294687 -1.254649 -1.410184 -1.662718 -1.980072 -2.34648 -2.739623 -3.182786 -3.661282 -4.138165 -4.651698 -5.176272 -5.710383 -6.215338 -6.684437 -7.102963 -7.440685 -7.72909 -8.047148 -8.326803 -8.483325 -8.635283 -8.884643 -9.120255 -9.333841 -9.412108 -9.283607 -8.920173 -8.388067 -7.715433 -6.89888 -5.9793 -5.012585 -4.057561 -3.224279 -2.623975 -2.334583 -2.200415 -2.140648 -2.093162 -2.072727 -2.096174 -2.089671 -1.928934 -1.656376 -1.230071 -.6991829 .1491536 1.093696 1.965415 2.705209 3.288204 3.844376 4.271685 4.504366
-3.183385 -2.890913 -2.61757 -2.364354 -2.237193 -2.24309 -2.372392 -2.63458 -2.944249 -3.295892 -3.679786 -4.063638 -4.476479 -4.906349 -5.33917 -5.791972 -6.241052 -6.675436 -7.071597 -7.429921 -7.667876 -7.819706 -7.868126 -7.970013 -8.087862 -8.103858 -8.067211 -8.162354 -8.309719 -8.470728 -8.562325 -8.491669 -8.204803 -7.744484 -7.13287 -6.368574 -5.488078 -4.531248 -3.566508 -2.67444 -1.99792 -1.616156 -1.424711 -1.333586 -1.28317 -1.266735 -1.331223 -1.413947 -1.385809 -1.242976 -.9416769 -.5114784 .2373562 1.058864 1.834094 2.478816 3.018765 3.488537 3.850731 4.105515
1.70141E+38 1.70141E+38 1.70141E+38 1.70141E+38 1.70141E+38 1.70141E+38 1.70141E+38 1.70141E+38 1.70141E+38 1.70141E+38 1.70141E+38 1.70141E+38 1.70141E+38 1.70141E+38 1.70141E+38 1.70141E+38 1.70141E+38 1.70141E+38 1.70141E+38 1.70141E+38 1.70141E+38 1.70141E+38 1.70141E+38 1.70141E+38 1.70141E+38 1.70141E+38 1.70141E+38 1.70141E+38 1.70141E+38 1.70141E+38 1.70141E+38 1.70141E+38 1.70141E+38 1.70141E+38 1.70141E+38 1.70141E+38 1.70141E+38 1.70141E+38 1.70141E+38 1.70141E+38 1.70141E+38 1.70141E+38 1.70141E+38 1.70141E+38 1.70141E+38 1.70141E+38 1.70141E+38 1.70141E+38 1.70141E+38 1.70141E+38 1.70141E+38 1.70141E+38 1.70141E+38 1.70141E+38 1.70141E+38 1.70141E+38 1.70141E+38 1.70141E+38 1.70141E+38 1.70141E+38
1.70141E+38 1.70141E+38 1.70141E+38 1.70141E+38 1.70141E+38 1.70141E+38 1.70141E+38 1.70141E+38 1.70141E+38 1.70141E+38 1.70141E+38 1.70141E+38 1.70141E+38 1.70141E+38 1.70141E+38 1.70141E+38 1.70141E+38 1.70141E+38 1.70141E+38 1.70141E+38 1.70141E+38 1.70141E+38 1.70141E+38 1.70141E+38 1.70141E+38 1.70141E+38 1.70141E+38 1.70141E+38 1.70141E+38 1.70141E+38 1.70141E+38 1.70141E+38 1.70141E+38 1.70141E+38 1.70141E+38 1.70141E+38 1.70141E+38 1.70141E+38 1.70141E+38 1.70141E+38 1.70141E+38 1.70141E+38 1.70141E+38 1.70141E+38 1.70141E+38 1.70141E+38 1.70141E+38 1.70141E+38 1.70141E+38 1.70141E+38 1.70141E+38 1.70141E+38 1.70141E+38 1.70141E+38 1.70141E+38 1.70141E+38 1.70141E+38 1.70141E+38 1.70141E+38 1.70141E+38
1.70141E+38 1.70141E+38 1.70141E+38 1.70141E+38 1.70141E+38 1.70141E+38 1.70141E+38 1.70141E+38 1.70141E+38 1.70141E+38 1.70141E+38 1.70141E+38 1.70141E+38 1.70141E+38 1.70141E+38 1.70141E+38 1.70141E+38 1.70141E+38 1.70141E+38 1.70141E+38 1.70141E+38 1.70141E+38 1.70141E+38 1.70141E+38 1.70141E+38 1.70141E+38 1.70141E+38 1.70141E+38 1.70141E+38 1.70141E+38 1.70141E+38 1.70141E+38 1.70141E+38 1.70141E+38 1.70141E+38 1.70141E+38 1.70141E+38 1.70141E+38 1.70141E+38 1.70141E+38 1.70141E+38 1.70141E+38 1.70141E+38 1.70141E+38 1.70141E+38 1.70141E+38 1.70141E+38 1.70141E+38 1.70141E+38 1.70141E+38 1.70141E+38 1.70141E+38 1.70141E+38 1.70141E+38 1.70141E+38 1.70141E+38 1.70141E+38 1.70141E+38 1.70141E+38 1.70141E+38
1.70141E+38 1.70141E+38 1.70141E+38 1.70141E+38 1.70141E+38 1.70141E+38 1.70141E+38 1.70141E+38 1.70141E+38 1.70141E+38 1.70141E+38 1.70141E+38 1.70141E+38 1.70141E+38 1.70141E+38 1.70141E+38 1.70141E+38 1.70141E+38 1.70141E+38 1.70141E+38 1.70141E+38 1.70141E+38 1.70141E+38 1.70141E+38 1.70141E+38 1.70141E+38 1.70141E+38 1.70141E+38 1.70141E+38 1.70141E+38 1.70141E+38 1.70141E+38 1.70141E+38 1.70141E+38 1.70141E+38 1.70141E+38 1.70141E+38 1.70141E+38 1.70141E+38 1.70141E+38 1.70141E+38 1.70141E+38 1.70141E+38 1.70141E+38 1.70141E+38 1.70141E+38 1.70141E+38 1.70141E+38 1.70141E+38 1.70141E+38 1.70141E+38 1.70141E+38 1.70141E+38 1.70141E+38 1.70141E+38 1.70141E+38 1.70141E+38 1.70141E+38 1.70141E+38 1.70141E+38
1.70141E+38 1.70141E+38 1.70141E+38 1.70141E+38 1.70141E+38 1.70141E+38 1.70141E+38 1.70141E+38 1.70141E+38 1.70141E+38 1.70141E+38 1.70141E+38 1.70141E+38 1.70141E+38 1.70141E+38 1.70141E+38 1.70141E+38 1.70141E+38 1.70141E+38 1.70141E+38 1.70141E+38 1.70141E+38 1.70141E+38 1.70141E+38 1.70141E+38 1.70141E+38 1.70141E+38 1.70141E+38 1.70141E+38 1.70141E+38 1.70141E+38 1.70141E+38 1.70141E+38 1.70141E+38 1.70141E+38 1.70141E+38 1.70141E+38 1.70141E+38 1.70141E+38 1.70141E+38 1.70141E+38 1.70141E+38 1.70141E+38 1.70141E+38 1.70141E+38 1.70141E+38 1.70141E+38 1.70141E+38 1.70141E+38 1.70141E+38 1.70141E+38 1.70141E+38 1.70141E+38 1.70141E+38 1.70141E+38 1.70141E+38 1.70141E+38 1.70141E+38 1.70141E+38 1.70141E+38
1.70141E+38 1.70141E+38 1.70141E+38 1.70141E+38 1.70141E+38 1.70141E+38 1.70141E+38 1.70141E+38 1.70141E+38 1.70141E+38 1.70141E+38 1.70141E+38 1.70141E+38 1.70141E+38 1.70141E+38 1.70141E+38 1.70141E+38 1.70141E+38 1.70141E+38 1.70141E+38 1.70141E+38 1.70141E+38 1.70141E+38 1.70141E+38 1.70141E+38 1.70141E+38 1.70141E+38 1.70141E+38 1.70141E+38 1.70141E+38 1.70141E+38 1.70141E+38 1.70141E+38 1.70141E+38 1.70141E+38 1.70141E+38 1.70141E+38 1.70141E+38 1.70141E+38 1.70141E+38 1.70141E+38 1.70141E+38 1.70141E+38 1.70141E+38 1.70141E+38 1.70141E+38 1.70141E+38 1.70141E+38 1.70141E+38 1.70141E+38 1.70141E+38 1.70141E+38 1.70141E+38 1.70141E+38 1.70141E+38 1.70141E+38 1.70141E+38 1.70141E+38 1.70141E+38 1.70141E+38
1.70141E+38 1.70141E+38 1.70141E+38 1.70141E+38 1.70141E+38 1.70141E+38 1.70141E+38 1.70141E+38 1.70141E+38 1.70141E+38 1.70141E+38 1.70141E+38 1.70141E+38 1.70141E+38 1.70141E+38 1.70141E+38 1.70141E+38 1.70141E+38 1.70141E+38 1.70141E+38 1.70141E+38 1.70141E+38 1.70141E+38 1.70141E+38 1.70141E+38 1.70141E+38 1.70141E+38 1.70141E+38 1.70141E+38 1.70141E+38 1.70141E+38 1.70141E+38 1.70141E+38 1.70141E+38 1.70141E+38 1.70141E+38 1.70141E+38 1.70141E+38 1.70141E+38 1.70141E+38 1.70141E+38 1.70141E+38 1.70141E+38 1.70141E+38 1.70141E+38 1.70141E+38 1.70141E+38 1.70141E+38 1.70141E+38 1.70141E+38 1.70141E+38 1.70141E+38 1.70141E+38 1.70141E+38 1.70141E+38 1.70141E+38 1.70141E+38 1.70141E+38 1.70141E+38 1.70141E+38
1.70141E+38 1.70141E+38 1.70141E+38 1.70141E+38 1.70141E+38 1.70141E+38 1.70141E+38 1.70141E+38 1.70141E+38 1.70141E+38 1.70141E+38 1.70141E+38 1.70141E+38 1.70141E+38 1.70141E+38 1.70141E+38 1.70141E+38 1.70141E+38 1.70141E+38 1.70141E+38 1.70141E+38 1.70141E+38 1.70141E+38 1.70141E+38 1.70141E+38 1.70141E+38 1.70141E+38 1.70141E+38 1.70141E+38 1.70141E+38 1.70141E+38 1.70141E+38 1.70141E+38 1.70141E+38 1.70141E+38 1.70141E+38 1.70141E+38 1.70141E+38 1.70141E+38 1.70141E+38 1.70141E+38 1.70141E+38 1.70141E+38 1.70141E+38 1.70141E+38 1.70141E+38 1.70141E+38 1.70141E+38 1.70141E+38 1.70141E+38 1.70141E+38 1.70141E+38 1.70141E+38 1.70141E+38 1.70141E+38 1.70141E+38 1.70141E+38 1.70141E+38 1.70141E+38 1.70141E+38
