py_wake/examples/data/AJ_ParqueFicticio/Ridge area   Sector All   Height 200m   Turbulence intensity.grd
DSAA
90  129
 262878   265103
 6504214   6507414
 13.13731   100
[rows 56 to 83 of 129, columns 0 to 62 of 90]
30.40268 31.63401 33.52261 36.62022 40.99935 45.46692 50.16167 54.65186 58.75971 62.10367 64.10328 65.15824 67.45341 73.11913 81.23738 91.69479 100 100 100 100 100 100 100 100 93.4429 79.26866 68.7841 60.53664 53.70668 47.54476 41.90076 36.70439 32.21643 28.64352 25.4075 22.23064 20.10931 19.3333 18.57188 17.78647 17.01567 16.32223 15.71745 15.15907 14.71013 14.41273 14.17559 14.03191 13.92343 13.8455 14.49206 15.32871 16.29415 17.59239 24.51646 32.97506 40.06881 45.07985 48.02053 48.0959 45.8366 42.77283 39.79298
29.19523 30.06005 31.47521 33.88749 37.27915 41.08009 44.96716 48.43448 51.44328 53.79193 55.18401 55.38128 56.19778 59.22243 64.48984 71.34033 79.4822 88.11369 97.47052 100 100 99.79116 93.85236 85.11039 73.80498 63.5351 55.76355 49.45854 44.25541 39.22698 34.64244 30.56332 27.11964 24.17 21.48432 19.21975 18.57527 18.11539 17.60093 17.01856 16.39242 15.82917 15.32226 14.86409 14.53544 14.26835 14.04945 13.90623 13.7952 13.69363 14.17126 14.91217 15.78085 16.69903 19.14508 25.25632 31.50741 36.54847 40.30093 41.82524 41.53317 40.74057 39.93471
28.14671 28.65585 29.71118 31.64807 34.27143 37.23406 40.29092 43.24222 45.65636 47.27714 47.95349 47.97667 48.2379 49.93039 53.22532 57.35432 62.27329 67.54364 73.71922 77.73046 77.659 75.43533 71.8342 66.2775 59.49635 52.45501 46.53727 41.69603 37.27558 33.09275 29.28208 25.88434 23.08071 20.72581 18.75797 17.65186 17.331 16.96813 16.55188 16.11689 15.6792 15.25484 14.84263 14.53152 14.28357 14.05562 13.8611 13.72865 13.62693 13.62426 13.89248 14.48549 15.24712 16.05943 16.89843 18.55685 23.1207 27.68878 31.50653 34.38438 36.30662 37.86481 38.91027
27.15085 27.37659 28.07177 29.50301 31.54923 33.92994 36.36824 38.68983 40.64088 42.00002 42.43684 42.29613 42.27662 43.21611 45.28777 47.83574 50.81723 54.27055 57.76445 60.06002 60.07662 59.11397 56.67342 52.68299 48.08801 43.61056 39.49219 35.68758 32.13027 28.65789 25.38702 22.50889 20.16417 18.78803 17.70477 16.79274 16.32284 16.00949 15.65819 15.31414 15.00805 14.69373 14.41836 14.20106 13.97724 13.76422 13.58655 13.47154 13.39815 13.50799 13.69272 14.14151 14.77401 15.52512 16.3121 17.09671 17.73973 20.60699 24.44315 28.22005 31.85522 34.87144 38.64845
26.1281 26.15165 26.52181 27.51461 29.09011 30.98137 32.90947 34.7141 36.31324 37.56852 37.97127 37.77715 37.56487 37.99138 39.10764 40.43409 42.16369 44.40528 47.05155 48.97759 48.65866 47.51195 45.79335 42.93126 39.65718 36.53194 33.50365 30.70679 27.93293 25.23963 22.8481 20.80431 19.08863 17.89185 16.95126 16.15458 15.55455 15.29603 15.00597 14.76033 14.52592 14.30643 14.1358 13.9512 13.72748 13.51696 13.37394 13.27025 13.19631 13.33728 13.54674 13.89846 14.4253 15.09929 15.86072 16.64425 17.37272 17.9726 20.24997 24.6887 32.04616 40.11192 47.99666
25.05974 24.97312 25.14378 25.80778 27.03287 28.51698 30.01534 31.45586 32.7817 33.86845 34.28611 34.23761 33.92002 33.79265 34.15076 35.1721 36.64997 38.43325 40.23968 41.54036 41.61721 40.9075 39.66289 37.38221 34.71672 32.24727 29.99871 27.82306 25.63684 23.65354 21.74565 19.95938 18.45598 17.39288 16.50282 15.79789 15.25724 14.85195 14.62781 14.43506 14.24402 14.09515 13.97687 13.82265 13.62331 13.46254 13.37834 13.27941 13.17193 13.18181 13.39336 13.70479 14.19764 14.7919 15.52739 16.36044 17.22436 18.02555 20.11365 27.44124 38.04574 48.89549 60.3071
24.51131 24.46125 24.50652 24.79655 25.56455 26.48302 27.6574 28.8667 29.98274 30.90122 31.30374 31.23366 30.98164 31.0152 31.35185 32.12117 32.91885 33.8583 34.68229 35.32642 35.65202 35.09526 34.1987 32.6936 30.95377 29.12785 27.44806 25.87515 24.19772 22.45512 20.90025 19.37482 18.13193 17.13339 16.30027 15.65281 15.09558 14.62989 14.46596 14.29323 14.13378 14.01291 13.89522 13.75527 13.61031 13.52002 13.47236 13.38192 13.25793 13.13731 13.26096 13.52633 14.03149 14.59873 15.29616 16.18074 17.18604 18.17759 21.41989 30.74085 44.69711 59.24245 71.93069
24.3661 24.23957 24.09663 24.32415 25.03015 25.8866 26.7564 27.56536 28.26801 28.80714 29.08709 29.37893 29.51105 29.46578 29.3965 29.63201 29.996 30.32673 30.61844 30.77398 30.76166 30.46792 29.69289 28.72558 27.4831 26.34691 25.33085 24.19018 22.81563 21.4881 20.16586 18.91353 17.87891 16.93613 16.17358 15.57021 15.02291 14.56504 14.43222 14.29747 14.15664 14.04001 13.91304 13.765 13.64259 13.60379 13.57132 13.49204 13.37326 13.23613 13.17408 13.40267 13.8838 14.45236 15.10871 16.00502 17.13212 18.28206 22.1308 32.9823 49.57781 66.89466 75.2049
24.40542 24.20896 24.00199 24.35354 25.11232 25.95917 26.7992 27.58923 28.28791 28.84979 29.20582 29.30519 29.09681 28.53139 28.02113 27.90376 28.15532 28.29766 28.12613 27.60116 27.41766 27.33105 26.88703 25.95461 24.94672 24.39811 23.77625 22.79757 21.73923 20.71809 19.58866 18.56361 17.64878 16.78756 16.09162 15.52637 15.0039 14.65858 14.56707 14.46386 14.32419 14.20285 14.07945 13.92549 13.7728 13.70693 13.67974 13.60923 13.5012 13.37146 13.23778 13.31379 13.76092 14.33985 14.96492 15.80623 17.0223 18.27946 21.81245 32.96423 50.59753 70.26622 76.60989
24.71137 24.51143 24.30649 24.59925 25.32938 26.0977 26.89366 27.72758 28.53023 29.19683 29.70045 30.00775 29.99574 29.51212 28.65851 27.88006 27.2454 27.1029 26.76274 26.09799 25.75164 25.59747 25.20185 24.35205 23.62872 23.16552 22.64058 21.83607 21.03341 20.18335 19.24783 18.37297 17.55637 16.78905 16.133 15.58514 15.1006 15.02837 14.97039 14.86129 14.69702 14.54159 14.39977 14.22333 14.02004 13.86161 13.79597 13.72812 13.62973 13.51528 13.38912 13.27835 13.68841 14.27054 14.87824 15.63804 16.90254 18.21346 21.41962 31.06845 47.78178 69.37341 83.1262
25.1835 25.01546 24.93842 24.99879 25.66216 26.44604 27.27868 28.26471 29.32257 30.29076 31.0872 31.67382 31.84379 31.40713 30.44553 29.38973 28.61646 27.77221 26.8009 25.70988 25.25563 24.84731 24.38917 23.75959 23.11558 22.52937 21.91698 21.22812 20.53728 19.81194 19.00722 18.23368 17.52266 16.84792 16.22617 15.70376 15.56766 15.64044 15.60928 15.48512 15.28135 15.02201 14.79844 14.58191 14.34029 14.07238 13.92056 13.84488 13.75498 13.65558 13.54705 13.44108 13.69261 14.26062 14.84606 15.5252 16.7587 18.06763 23.28907 33.59353 44.37963 71.12507 100
25.78031 25.67454 25.69126 25.85068 26.21538 26.9066 27.80525 29.03383 30.5411 31.98612 33.17704 34.06942 34.35788 33.84893 32.74125 31.31087 30.35133 29.5894 28.64316 27.41322 26.20815 25.27148 24.32281 23.64198 23.02646 22.48343 21.86824 21.1337 20.51652 19.81777 18.93799 18.17418 17.59586 17.02794 16.39873 16.04674 16.27026 16.44113 16.45638 16.29938 15.97891 15.61193 15.25178 14.95356 14.65141 14.33778 14.08919 13.9636 13.87545 13.78244 13.68456 13.5877 13.73312 14.28174 14.83662 15.43969 16.58943 17.83484 25.69963 37.14281 42.63512 99.22385 41.81861
26.59568 26.52207 26.58931 26.90706 27.47054 28.11889 29.16914 30.88064 33.05864 35.07378 36.63317 37.64452 37.80058 36.98874 35.70232 34.22049 32.82532 31.9452 31.01019 29.70994 28.25391 27.13929 26.0966 24.92962 23.83455 22.9539 22.23855 21.58799 20.98093 20.24318 19.32314 18.47027 17.92492 17.46063 16.86274 17.04771 17.30229 17.52592 17.58798 17.3361 16.82675 16.31335 15.79106 15.32596 14.97118 14.6367 14.31835 14.10224 13.99035 13.89744 13.80171 13.70987 13.78229 14.31818 14.84847 15.40984 16.48225 19.16635 29.24045 40.96872 45.34702 42.35712 40.29251
27.5519 27.6327 27.80206 28.40884 29.32885 30.44033 31.99902 34.24628 36.8605 39.29694 41.04096 42.07335 42.06501 41.22125 39.841 38.268 36.74613 35.52092 34.24236 32.9045 31.46221 29.96305 28.71467 27.52976 26.36788 25.23363 24.35215 23.69176 22.78278 21.70128 20.67766 19.67092 18.90104 18.68962 18.51037 18.91645 19.18981 19.29713 19.14543 18.7209 17.95978 17.18483 16.46702 15.76674 15.29728 14.93597 14.5877 14.27429 14.10425 13.99923 13.89959 13.81266 13.83654 14.37343 14.90219 15.50102 16.52878 22.31504 34.61593 45.3469 64.66015 37.50445 44.28879
28.63966 28.7498 28.95271 29.81532 31.2819 33.04883 35.26269 37.86403 40.76319 43.5576 45.79587 47.36176 47.64133 46.80653 45.24043 43.52039 42.06401 40.69799 39.10417 37.46067 35.96752 34.27775 32.62042 31.25087 29.94301 28.83368 27.87555 27.31037 26.50695 25.70831 24.59036 23.46372 22.55053 21.88648 21.1216 21.65887 22.1172 22.16243 21.71589 20.61699 19.40771 18.2493 17.19774 16.27279 15.5784 15.1843 14.82533 14.47562 14.22691 14.08785 13.97921 13.89284 13.8875 14.39955 14.93766 15.60865 16.75152 25.58694 40.07805 49.89583 46.55422 42.65565 49.00568
29.93246 30.05312 30.3132 31.30784 33.17857 35.47878 38.23055 41.56293 45.14098 48.34392 50.78748 52.80854 54.02708 53.43287 51.7227 49.8636 48.64915 47.27428 45.68409 44.00657 42.15665 40.21866 38.45492 36.82768 35.30112 34.08961 33.25098 32.69058 32.04179 31.32372 30.33099 29.27859 28.38655 27.58295 26.65352 25.64135 25.0867 25.56642 25.40213 23.46274 20.97132 19.27198 17.89529 16.76178 15.86647 15.38261 15.01968 14.66993 14.36774 14.18561 14.07569 14.01953 14.03702 14.40242 14.94678 15.66761 18.23563 28.05523 44.72642 57.95666 43.03611 49.29701 54.73048
31.41038 31.80411 32.26549 33.49038 35.83121 38.65973 41.79906 45.28609 49.27955 53.41011 56.35552 58.76392 60.32939 60.17749 58.73634 57.32323 56.27167 55.15136 53.89882 52.50536 50.69981 48.44654 46.58073 45.04582 43.3126 41.77056 40.60986 39.97911 39.44582 38.99087 38.18632 37.07035 36.19744 35.4879 34.86788 33.54298 30.93068 28.62112 28.06375 25.9786 22.32493 19.88231 18.25341 17.00795 16.06218 15.49538 15.15981 14.85743 14.59667 14.43241 14.35855 14.33534 14.34112 14.4363 14.97136 15.67983 19.5612 29.98795 45.1954 58.66584 24.90613 26.3377 28.71946
33.47015 34.16885 35.01746 36.65417 39.31767 42.32658 45.57397 49.12457 53.03076 56.91606 60.56807 64.19357 66.35544 67.05708 66.54502 65.48045 64.87646 63.99583 63.43612 62.6103 61.23329 59.60503 57.94574 56.6572 55.43425 54.02441 52.57633 51.56709 50.68868 50.06155 49.03412 47.96675 46.32784 45.02251 44.49104 42.60861 38.53413 34.26352 29.40337 26.22932 22.46402 19.77389 18.09177 16.91254 16.05367 15.50462 15.2263 14.99337 14.81419 14.71587 14.67522 14.65118 14.63301 14.63205 15.02901 15.67982 21.44145 32.21616 44.21051 42.74603 25.27608 28.57317 30.04025
35.97876 36.94637 38.19745 40.24998 43.05085 49.9376 64.13004 75.19361 76.9621 74.23898 71.56525 68.34029 71.69345 73.42159 73.62877 74.01537 73.70862 73.32994 73.49015 72.87852 71.47321 71.63213 72.55539 72.57458 72.59534 72.73409 72.9304 72.29261 71.43475 69.72266 67.44028 65.61872 61.58612 57.19841 54.52312 50.55087 44.64325 37.68763 30.73677 25.24906 21.79371 19.27628 17.67793 16.63649 15.9109 15.44353 15.22287 15.04999 14.94343 14.90432 14.88362 14.86229 14.84557 14.86706 15.12255 17.23765 24.80885 35.84088 43.85462 35.02934 22.01785 26.75282 29.01386
38.24495 39.61678 41.38991 43.68602 51.37402 67.51612 86.80418 97.63303 90.70776 82.42992 77.73212 75.8342 76.55104 77.07418 77.10835 78.0295 80.29917 80.73545 79.84848 78.46764 77.71574 80.09004 85.06992 90.71384 93.82626 95.88367 100 100 100 100 100 97.59017 88.45585 73.11305 62.8219 54.71301 46.02274 37.27906 29.78451 23.69106 20.64023 18.52559 17.19878 16.35164 15.74493 15.35332 15.17542 15.04971 15.0049 15.01704 15.02602 15.02763 15.05868 15.1475 17.18077 20.88335 30.63116 42.18027 45.37982 34.34045 20.79636 26.85968 28.79437
41.49403 42.2021 43.6603 48.21681 61.39384 76.89535 89.63627 96.59318 87.1365 79.09522 74.5786 73.21264 74.48849 75.39787 73.73383 75.11288 78.29343 79.98727 79.07522 77.64035 78.46362 82.86295 90.4628 100 100 100 100 100 100 100 100 100 100 83.8083 65.76801 52.56668 41.57391 32.48856 25.8596 21.37764 19.25749 17.81808 16.62316 16.00227 15.51823 15.21918 15.08644 15.0142 15.03484 15.09634 15.15464 15.24736 15.39924 17.65054 20.56231 27.71146 41.25203 53.38279 37.1329 29.61287 26.28605 25.91663 28.17572
45.02483 45.30763 45.26187 54.34964 65.72207 74.18404 80.41385 80.04343 73.51664 67.92117 64.60484 63.89995 63.06435 63.21038 64.70226 66.22365 68.80344 70.80794 72.03975 72.43758 73.93629 78.09686 84.83121 94.10303 100 100 100 100 100 100 100 100 100 80.37007 59.80941 45.26707 34.3747 26.30999 21.54141 19.94355 18.53374 17.28156 16.40526 15.89862 15.42569 15.12552 15.00696 14.96228 15.03448 15.14673 15.34268 15.62115 18.23848 22.15085 26.63618 41.71175 57.32631 32.72402 25.16911 24.38988 24.12804 25.62113 27.20018
47.11488 47.11126 50.08741 57.241 64.01295 68.27242 69.12987 65.32524 60.03597 56.29185 53.58329 52.24028 53.00301 54.02199 55.17969 56.18764 57.51481 59.74702 61.82653 63.37589 65.04091 68.31132 72.9466 78.36688 85.27171 94.9678 100 100 100 100 100 100 88.19388 66.23581 47.99617 35.37517 26.72163 21.86744 20.05968 18.76942 17.65431 16.67235 16.17786 15.76091 15.39934 15.1892 15.09718 15.06408 15.11938 15.26029 15.58987 18.45331 23.49718 28.37517 40.42984 55.32383 28.38466 27.98601 27.95183 27.17824 25.53687 25.63383 27.45935
46.67299 46.33731 51.4372 54.5431 57.35374 59.29536 58.19655 53.5351 49.01467 46.79857 46.43488 46.34745 46.47055 46.77275 47.0307 47.6462 48.45936 50.1201 51.69346 53.14662 54.71598 57.20378 59.90413 62.71553 66.84073 73.25627 80.36588 85.22791 88.4353 91.02197 89.55024 80.74183 67.56319 50.82768 36.2664 27.0186 22.22442 20.12976 18.77851 17.71126 16.82572 16.32878 15.95242 15.58362 15.31368 15.19424 15.13991 15.15976 15.27482 15.59972 17.09126 23.03027 31.00704 33.52703 56.07856 29.56959 28.6327 28.29363 28.36142 28.52314 28.18871 28.30201 29.0764
43.46006 42.43293 45.05803 46.72734 48.20726 48.33984 46.15269 43.59599 43.22614 42.74622 42.23883 41.75089 41.2674 41.04305 42.24234 43.59261 45.0936 46.71476 48.09816 49.71997 51.24868 52.78771 54.07579 55.35981 56.98818 59.10455 61.16069 62.28529 63.10111 64.08375 62.37934 57.02149 48.77001 37.33888 28.57885 22.68088 20.30593 18.88926 17.70091 16.88961 16.36226 15.99659 15.68982 15.41683 15.24656 15.17148 15.15225 15.2018 15.40173 15.84847 19.53657 28.95566 41.07675 55.24611 28.05305 31.51032 33.12658 33.73702 33.99555 33.90852 33.62197 32.95716 32.48894
38.76532 38.84262 38.93131 39.20749 39.59396 39.93943 40.20674 40.35023 40.11764 39.70196 38.881 37.73817 36.7876 37.34775 38.59863 39.88984 41.0223 42.21099 43.19749 44.28603 45.7714 46.83326 47.74321 48.43888 49.12675 49.69384 50.0386 49.82854 48.76312 46.9225 44.12377 40.04921 34.48331 28.57065 23.3726 20.54206 19.04467 17.82806 17.03456 16.4026 15.97629 15.64082 15.38145 15.22287 15.15007 15.10731 15.12294 15.18569 15.51623 16.01534 21.70518 36.01269 62.68518 27.62123 34.22379 39.47002 41.2209 40.61299 40.80982 41.45343 41.12482 39.85225 38.10345
36.7896 36.73997 36.74894 36.95921 37.23874 37.22034 37.08823 37.01899 36.98739 36.67553 35.87236 34.82339 33.80565 33.64137 34.61464 35.71296 36.90922 37.71355 37.94534 38.15657 39.229 40.52161 41.65755 41.95115 41.61373 40.92379 40.12669 38.8721 36.97498 34.98933 32.62793 29.88805 26.52761 22.7087 20.69019 19.24399 18.12089 17.2688 16.55047 16.03496 15.68026 15.33386 15.12478 15.05474 15.00811 14.99052 15.02359 15.08745 15.50849 16.10338 23.66072 41.98931 78.97018 40.39946 40.41321 48.87255 48.52124 45.81787 44.8405 46.00697 50.0146 48.65448 45.66536
34.73171 34.55838 34.37527 34.35407 34.50695 34.5148 34.51385 34.84933 35.08771 34.72337 34.10667 33.46888 32.29801 31.27267 31.56782 32.82315 33.89918 34.40742 34.13353 33.62202 34.79378 36.17349 37.16817 37.17329 36.06675 34.49821 33.07635 31.32707 29.04798 27.15913 25.42799 23.52815 21.72034 20.56246 19.29535 18.38159 17.58512 16.87578 16.24623 15.84191 15.51315 15.17161 14.96898 14.90182 14.85565 14.84663 14.87539 14.96078 15.35934 16.55199 24.79014 45.08441 76.10468 37.7756 45.16187 46.72786 48.78185 50.69401 48.36657 48.45749 52.10644 57.70409 54.54188
