py_wake/examples/data/AJ_ParqueFicticio/Ridge area   Sector 12   Height 200m   Weibull-A.grd
DSAA
90  129
 262878   265103
 6504214   6507414
 .3014333   6.740517
[rows 27 to 53 of 129, columns 0 to 61 of 90]
4.277255 4.293382 4.313993 4.323444 4.31108 4.276371 4.222052 4.149946 4.08193 4.03359 3.976131 3.917008 3.868835 3.841429 3.84374 3.86818 3.897681 3.915378 3.909995 3.885812 3.884325 3.905306 3.949305 4.027069 4.122714 4.234328 4.350442 4.472434 4.608836 4.729918 4.848947 4.965405 5.076223 5.18798 5.270384 5.350563 5.423718 5.487693 5.553403 5.588391 5.571128 5.523491 5.448981 5.349306 5.228146 5.086367 4.93129 4.733247 4.498825 4.2216 3.846184 3.387522 2.905814 2.394733 1.877554 1.435504 1.151003 1.043919 .9370179 .8612515 .8386604 .8725701
4.208531 4.227777 4.251287 4.268161 4.269014 4.254612 4.223977 4.17929 4.120791 4.086398 4.036472 3.982031 3.927645 3.883982 3.856699 3.845631 3.838142 3.819332 3.78491 3.740952 3.72053 3.731935 3.770157 3.84409 3.920959 4.001849 4.090124 4.182495 4.296219 4.415306 4.528702 4.642999 4.766924 4.8947 5.002363 5.102745 5.20246 5.290791 5.385497 5.461588 5.489338 5.487473 5.44553 5.357832 5.226228 5.073832 4.909612 4.705849 4.454413 4.163139 3.767915 3.287086 2.800248 2.279675 1.510239 1.334315 1.102276 1.026683 .8048687 .7422098 .7443079 .8034517
4.127445 4.148299 4.170695 4.186414 4.192303 4.193602 4.187888 4.17542 4.153113 4.132283 4.095954 4.039389 3.987845 3.945395 3.904297 3.863876 3.818177 3.76313 3.699171 3.642794 3.621244 3.62734 3.653599 3.706304 3.753595 3.786717 3.841297 3.911384 4.003467 4.106868 4.208271 4.315541 4.437174 4.575097 4.70869 4.826665 4.949471 5.066693 5.192091 5.308908 5.386322 5.435284 5.438959 5.378996 5.249325 5.080633 4.894577 4.679399 4.41368 4.100484 3.679169 3.175838 2.685961 1.764761 1.353729 1.300464 1.065425 1.024996 .6805298 .6310232 .6563284 .7393671
4.025117 4.045326 4.063174 4.073537 4.077287 4.081977 4.08897 4.101282 4.114807 4.128189 4.112104 4.0703 4.02953 3.996582 3.957199 3.902587 3.835384 3.759372 3.683082 3.631218 3.629268 3.633091 3.641152 3.667914 3.675743 3.658676 3.681195 3.731996 3.795648 3.872361 3.954835 4.036866 4.125264 4.261037 4.414911 4.550875 4.687248 4.829845 4.985806 5.141994 5.270169 5.375865 5.435507 5.410713 5.300734 5.127676 4.909356 4.669976 4.379603 4.036097 3.59334 3.080585 1.801865 1.639777 1.345868 1.246938 1.076008 1.040491 .5591704 .5235366 .5716891 .6783389
3.884439 3.896613 3.905731 3.90313 3.89902 3.902093 3.912145 3.932952 3.96935 4.024126 4.040641 4.040017 4.030814 4.009737 3.975697 3.924779 3.859217 3.795886 3.751427 3.740029 3.754778 3.764899 3.767553 3.77301 3.749607 3.711833 3.701022 3.711694 3.723665 3.752701 3.802972 3.864414 3.938929 4.050587 4.184789 4.319861 4.457524 4.609716 4.78582 4.970388 5.137921 5.285876 5.385179 5.396926 5.319614 5.170597 4.937585 4.669465 4.360555 3.999853 3.554423 2.092144 1.726853 1.628124 1.546607 1.239728 1.122716 1.100016 .4332716 .418504 .4889252 .6184103
3.728606 3.728722 3.7246 3.70704 3.688468 3.684219 3.705199 3.742279 3.798075 3.866667 3.915421 3.951718 3.97381 3.972728 3.949694 3.910534 3.870239 3.857284 3.875606 3.906048 3.934003 3.95334 3.955008 3.93899 3.903132 3.858135 3.821086 3.79308 3.759057 3.736433 3.747276 3.783083 3.842326 3.917043 4.012238 4.125315 4.255739 4.408431 4.593616 4.795753 4.994656 5.176905 5.298351 5.342112 5.29405 5.170563 4.959933 4.675985 4.360202 3.988449 3.545681 1.765023 1.931746 2.080128 1.566814 1.257254 1.177678 1.173188 1.142288 .3368812 .4184912 .5707226
3.582256 3.569339 3.55426 3.524862 3.510085 3.514765 3.53335 3.567584 3.623484 3.70307 3.780605 3.845515 3.886904 3.898648 3.889084 3.874517 3.877696 3.934531 4.019727 4.085893 4.128539 4.146725 4.142584 4.119166 4.076673 4.022807 3.977806 3.936575 3.874379 3.820169 3.788962 3.774452 3.800498 3.842391 3.896278 3.985198 4.100473 4.240857 4.421171 4.629868 4.85501 5.068272 5.206414 5.271975 5.253246 5.145584 4.968187 4.692081 4.368504 4.000486 3.581381 2.747446 2.611677 2.13523 1.665038 1.356068 1.261617 1.257936 1.237741 .3014333 .3673747 .5476619
3.447176 3.426677 3.402529 3.364715 3.349231 3.356513 3.378866 3.423954 3.489841 3.575926 3.669855 3.750528 3.802273 3.826086 3.835121 3.852035 3.911861 4.026604 4.148846 4.244617 4.296323 4.314321 4.315315 4.295288 4.252265 4.205945 4.167541 4.131494 4.083902 4.021117 3.958324 3.911307 3.897418 3.894395 3.91832 3.979819 4.054228 4.177203 4.334999 4.527952 4.7645 4.987939 5.13111 5.210599 5.215341 5.122024 4.970599 4.727554 4.425306 4.089063 3.691077 3.233113 2.730823 2.242471 1.823619 1.548034 1.399518 1.360141 1.337907 1.261881 .9037049 .5664226
3.32153 3.290239 3.248945 3.19756 3.189716 3.209469 3.251019 3.31856 3.406087 3.50579 3.605889 3.688425 3.748111 3.791453 3.834352 3.895259 4.001164 4.136063 4.260336 4.355443 4.415047 4.44819 4.46369 4.461758 4.441948 4.421346 4.400492 4.385645 4.357812 4.299918 4.239582 4.187354 4.143265 4.109737 4.111453 4.126456 4.169842 4.258898 4.382185 4.535914 4.746843 4.954252 5.089498 5.174767 5.196479 5.119752 4.984144 4.785985 4.5126 4.214014 3.865446 3.438745 2.949621 2.466167 2.048732 1.750562 1.572252 1.494081 1.45262 1.461636 1.322636 1.454532
3.213851 3.154153 3.084973 3.010964 3.016077 3.056684 3.124143 3.217499 3.329642 3.445741 3.552422 3.643469 3.728766 3.810502 3.900639 4.011437 4.1333 4.253798 4.362187 4.445436 4.504828 4.551459 4.583776 4.611824 4.627808 4.637639 4.649277 4.664959 4.660201 4.617293 4.560556 4.500296 4.446404 4.402605 4.38203 4.374319 4.387575 4.437916 4.517853 4.635083 4.798202 4.965516 5.083989 5.167145 5.212863 5.151501 5.021304 4.841649 4.622493 4.362107 4.066671 3.682926 3.214053 2.731546 2.304365 1.985225 1.766932 1.659015 1.618955 1.660357 1.640973 1.740999
3.125608 3.015331 2.903968 2.802905 2.822887 2.885529 2.978236 3.095889 3.231786 3.388058 3.550061 3.684948 3.804548 3.912024 4.030949 4.166908 4.283718 4.380338 4.463029 4.52994 4.594853 4.647087 4.695978 4.745606 4.794063 4.83608 4.877914 4.921121 4.952357 4.932332 4.879238 4.820373 4.762194 4.718537 4.678762 4.655214 4.647944 4.660271 4.691019 4.765299 4.892131 5.025946 5.128812 5.20246 5.257607 5.221218 5.090967 4.914734 4.726703 4.503211 4.233944 3.912919 3.480361 2.997534 2.565008 2.23912 1.999498 1.858545 1.816593 1.8818 1.93833 1.414822
3.07428 2.873381 2.705666 2.583911 2.611263 2.685119 2.796492 2.933957 3.126815 3.364515 3.578632 3.775132 3.95281 4.108747 4.233745 4.334765 4.444464 4.532927 4.590178 4.64546 4.707599 4.763861 4.818021 4.875537 4.940419 5.005481 5.071782 5.135622 5.190341 5.204398 5.177064 5.13673 5.080307 5.02948 4.982731 4.947435 4.916343 4.896552 4.900741 4.947464 5.039859 5.145014 5.229858 5.283957 5.321773 5.294053 5.17654 5.008878 4.827787 4.629046 4.391094 4.096368 3.704989 3.233841 2.790468 2.465235 2.219137 2.056227 2.026162 2.114555 1.32936 1.509476
3.028442 2.743878 2.509557 2.378091 2.385581 2.455004 2.576544 2.73935 3.033216 3.321498 3.591149 3.854814 4.095095 4.299015 4.453531 4.563521 4.648757 4.706138 4.759276 4.806026 4.850154 4.897064 4.950613 5.015111 5.085023 5.159726 5.240015 5.317962 5.387355 5.42877 5.436177 5.420702 5.386934 5.339956 5.295158 5.244683 5.201604 5.165797 5.149122 5.17139 5.229358 5.301349 5.35157 5.382487 5.394969 5.356714 5.246737 5.107061 4.941577 4.747846 4.537478 4.267956 3.887001 3.42008 2.975204 2.639767 2.389836 2.249388 2.239022 2.338662 1.491079 1.643221
2.997906 2.64466 2.345019 2.18296 2.142061 2.189162 2.312548 2.55095 2.897746 3.248662 3.590492 3.923306 4.219822 4.457701 4.645296 4.787553 4.87886 4.945709 4.990555 5.018646 5.045609 5.085992 5.146796 5.217582 5.29424 5.354811 5.401564 5.481568 5.567385 5.626759 5.663198 5.67428 5.668936 5.634595 5.597394 5.546013 5.485624 5.437382 5.406384 5.402693 5.430532 5.466199 5.485435 5.497444 5.497116 5.45202 5.343937 5.203378 5.044801 4.860745 4.666621 4.43605 4.062235 3.578385 3.141667 2.805004 2.551826 2.424796 2.443413 2.556998 1.682701 1.839483
3.00924 2.581373 2.203477 1.960381 1.862164 1.883728 2.014477 2.338244 2.737339 3.145852 3.552095 3.946631 4.292301 4.564899 4.780773 4.944256 5.058517 5.131253 5.184699 5.209877 5.223768 5.265643 5.330072 5.418686 5.508572 5.592587 5.660297 5.700475 5.711246 5.781335 5.833978 5.867098 5.884799 5.867664 5.840461 5.81286 5.761393 5.694295 5.64255 5.617031 5.619277 5.643693 5.648807 5.63519 5.6127 5.56058 5.460625 5.308686 5.144796 4.973539 4.782419 4.556683 4.218548 3.744761 3.301991 2.958872 2.710413 2.592077 2.627627 2.762943 2.701632 2.405103
3.054496 2.528756 2.035514 1.68352 1.53652 1.558317 1.743915 2.125096 2.562261 3.014367 3.468365 3.902406 4.270409 4.562725 4.795103 4.977593 5.117211 5.216054 5.278812 5.314172 5.343785 5.377604 5.429481 5.514765 5.607574 5.699616 5.778252 5.83807 5.870072 5.866208 5.909017 5.963861 5.992196 5.999587 5.995395 5.987996 5.948953 5.883127 5.825475 5.788758 5.787655 5.795402 5.77843 5.742175 5.707365 5.647491 5.5478 5.419085 5.252849 5.074175 4.872723 4.632983 4.325457 3.889323 3.447592 3.098568 2.866275 2.757931 2.805548 2.961786 2.907983 2.902169
3.092939 2.456199 1.843419 1.406192 1.217222 1.255174 1.511012 1.907174 2.366357 2.847972 3.330833 3.787747 4.166909 4.470829 4.710711 4.899482 5.052951 5.177225 5.275962 5.341196 5.384189 5.414472 5.455586 5.519783 5.594758 5.67628 5.754251 5.823841 5.867272 5.886307 5.890401 5.962072 6.007803 6.043525 6.065344 6.071893 6.058428 6.021493 5.976752 5.944466 5.926646 5.913039 5.889539 5.848683 5.805146 5.734568 5.628687 5.50246 5.350502 5.16072 4.947059 4.697735 4.391687 3.987225 3.563906 3.222173 3.011485 2.933503 2.992985 2.947644 2.919967 2.9992
3.205768 2.439734 1.714768 1.21557 .995331 1.027461 1.308823 1.673846 2.132987 2.630131 3.126403 3.592479 3.984301 4.302302 4.556969 4.760423 4.917017 5.052247 5.176353 5.282285 5.352618 5.401177 5.443867 5.488223 5.54189 5.599227 5.656066 5.723833 5.791224 5.825941 5.84438 5.897222 5.957425 6.015053 6.061612 6.087065 6.101712 6.103304 6.086966 6.06079 6.037755 6.025096 6.005241 5.96589 5.921819 5.842188 5.718732 5.579741 5.429606 5.240574 5.02104 4.766711 4.45705 4.080711 3.675047 3.333587 3.134442 3.088913 2.909825 2.776835 2.828523 2.999477
3.418881 2.576974 1.749524 1.153253 .9028625 .9626173 1.138257 1.440055 1.874095 2.359529 2.860135 3.335177 3.72994 4.056758 4.323743 4.541385 4.695867 4.822911 4.956271 5.086643 5.180459 5.252049 5.3138 5.351392 5.388818 5.427216 5.46247 5.521714 5.603151 5.665831 5.683413 5.757828 5.831947 5.907524 5.980536 6.027996 6.065602 6.101434 6.119771 6.117841 6.112789 6.117265 6.117559 6.087786 6.037107 5.957876 5.82736 5.663916 5.498606 5.31581 5.091957 4.839604 4.532706 4.170868 3.772159 3.423015 3.23479 2.884793 2.540396 2.557801 2.765531 3.081109
3.692063 2.808362 1.904135 1.229465 .9475058 .958759 1.035855 1.22366 1.662286 2.160512 2.640207 3.081267 3.440093 3.736809 3.991373 4.196928 4.331213 4.443947 4.564037 4.684465 4.788105 4.869882 4.93869 4.980563 5.01454 5.056626 5.09102 5.133862 5.208519 5.321341 5.423563 5.525925 5.62327 5.713618 5.810335 5.884218 5.941157 6.003908 6.055001 6.081102 6.107371 6.138942 6.159735 6.143689 6.0948 6.022696 5.91328 5.756789 5.57315 5.383825 5.16321 4.916692 4.616247 4.258807 3.86762 3.522254 3.362552 2.5137 2.402936 2.614284 2.949013 3.289912
3.973282 3.160684 2.215837 1.400906 .9649049 .88339 .9077644 1.111503 1.517752 1.96122 2.388491 2.782953 3.102967 3.390651 3.63068 3.816839 3.947789 4.038074 4.127697 4.213924 4.285137 4.346906 4.397847 4.430168 4.468395 4.523907 4.583625 4.652462 4.767124 4.935458 5.079053 5.204756 5.335855 5.450241 5.563441 5.669984 5.753818 5.841723 5.927578 5.98517 6.03928 6.097146 6.141145 6.148235 6.123308 6.056538 5.962831 5.839564 5.661605 5.46027 5.239435 4.996078 4.708292 4.358515 3.980587 3.662095 3.333942 2.660098 2.630819 2.888355 3.244589 3.585323
4.251509 3.604548 2.724625 1.816067 1.166512 .9127092 .9391057 1.129576 1.42863 1.781163 2.144406 2.493616 2.767454 3.022077 3.260062 3.43921 3.550186 3.636838 3.726614 3.812064 3.880414 3.940268 3.992144 4.021995 4.044823 4.104279 4.184084 4.26757 4.370948 4.513494 4.678764 4.839121 4.992637 5.140976 5.276451 5.414555 5.538041 5.65333 5.77715 5.874375 5.954714 6.04029 6.105052 6.129888 6.126958 6.078238 5.990252 5.893319 5.751248 5.545954 5.320436 5.076293 4.795505 4.449307 4.081128 3.790924 3.421984 2.92338 2.937456 3.177012 3.522008 3.864694
4.520511 4.059531 3.325437 2.407526 1.643081 1.259312 1.171741 1.246199 1.415668 1.664013 1.958235 2.25184 2.475559 2.683656 2.910259 3.061658 3.168376 3.238663 3.318366 3.410569 3.493491 3.556075 3.609076 3.64846 3.67055 3.705597 3.784977 3.872454 3.971371 4.106278 4.26623 4.437737 4.61104 4.794129 4.965316 5.126953 5.290767 5.446672 5.609814 5.751326 5.858839 5.969904 6.060263 6.104329 6.120295 6.090741 6.012116 5.918134 5.809997 5.624997 5.395384 5.146554 4.867178 4.523253 4.150064 3.87863 3.575171 3.187116 3.183953 3.405929 3.756629 4.126048
4.75969 4.428975 3.886953 3.12935 2.340232 1.753829 1.497242 1.433191 1.498783 1.67296 1.918711 2.157521 2.335696 2.482906 2.633306 2.715748 2.79458 2.842517 2.898889 2.994757 3.102571 3.188416 3.255401 3.325456 3.362953 3.383702 3.445367 3.526592 3.625325 3.746546 3.877933 4.044187 4.234179 4.43958 4.637392 4.819529 5.013176 5.22155 5.423614 5.614665 5.753117 5.890889 6.008364 6.075382 6.110871 6.10133 6.03184 5.936172 5.832575 5.680108 5.455512 5.204922 4.924228 4.588957 4.219979 3.960107 3.726538 3.421125 3.412999 3.64528 4.031525 4.428712
4.973545 4.734333 4.375459 3.836385 3.136493 2.466703 2.02028 1.79845 1.747528 1.829141 2.008415 2.21531 2.373376 2.427413 2.426193 2.397252 2.397218 2.437834 2.473182 2.556342 2.687597 2.815873 2.925443 3.020698 3.095261 3.136974 3.17714 3.257619 3.32357 3.411865 3.544022 3.702842 3.907066 4.124298 4.323019 4.510314 4.741817 4.987618 5.223109 5.453692 5.631019 5.799618 5.948683 6.04616 6.108461 6.120644 6.057706 5.955219 5.848974 5.717136 5.510289 5.256597 4.975508 4.654326 4.318542 4.070839 3.884706 3.651603 3.679812 3.953097 4.334072 4.704479
5.167893 4.976196 4.736976 4.392856 3.852807 3.220155 2.628816 2.26942 2.086951 2.050808 2.162425 2.363196 2.497784 2.460122 2.29801 2.105785 2.005302 2.035575 2.068659 2.13306 2.282646 2.459738 2.621574 2.766762 2.8776 2.93156 2.965798 3.030196 3.081172 3.144044 3.277855 3.430588 3.64123 3.876402 4.087674 4.287656 4.529882 4.785675 5.036263 5.28639 5.502682 5.700456 5.879686 6.013925 6.112333 6.154037 6.104083 5.997357 5.881867 5.750983 5.562415 5.309444 5.032315 4.71862 4.407325 4.205433 4.07536 3.916541 3.971949 4.235884 4.602698 4.952303
5.352172 5.178205 4.981481 4.727141 4.364379 3.851404 3.253863 2.810598 2.565957 2.422274 2.491042 2.650588 2.722429 2.581705 2.302083 1.958199 1.77149 1.762638 1.770784 1.818795 1.984158 2.199071 2.414206 2.61672 2.765025 2.836693 2.880744 2.964594 3.011201 3.054022 3.191316 3.337486 3.542764 3.788987 4.01597 4.227074 4.447599 4.673963 4.915401 5.176739 5.417702 5.630993 5.823066 5.981598 6.111917 6.18758 6.161608 6.063543 5.938097 5.796155 5.620028 5.386268 5.120652 4.82571 4.522912 4.336579 4.276374 4.221132 4.288446 4.524464 4.843796 5.150866
