py_wake/examples/data/AJ_ParqueFicticio/Ridge area   Sector 3   Height 30m   Mean speed.grd
DSAA
90  129
 262878   265103
 6504214   6507414
 .3378424   6.925961
[rows 81 to 107 of 129, columns 0 to 61 of 90]
2.075001 2.08526 2.110144 2.131213 2.152781 2.18319 2.220022 2.264544 2.329797 2.401027 2.48878 2.600399 2.697901 2.759737 2.782727 2.799408 2.81737 2.81444 2.817462 2.819314 2.781398 2.758434 2.7218 2.678358 2.616961 2.550611 2.47239 2.412594 2.389198 2.406819 2.487505 2.677377 3.052413 3.595139 4.230808 4.803557 5.212912 5.503682 5.743726 5.955048 6.136196 6.323573 6.491538 6.552377 6.547678 6.492234 6.440091 6.392377 6.282212 6.033902 5.794406 5.529793 5.271622 5.036538 4.834797 4.677114 4.561023 4.467506 4.394332 4.340928 4.29158 4.251403
2.285488 2.324419 2.366792 2.402975 2.441193 2.484657 2.537849 2.58778 2.628155 2.683955 2.778975 2.893484 3.000375 3.07674 3.109535 3.124698 3.123314 3.147509 3.211015 3.281039 3.26305 3.206007 3.13896 3.11022 3.100998 3.098468 3.070905 3.059642 3.09537 3.155483 3.276325 3.480239 3.821277 4.349456 4.847055 5.238605 5.536071 5.775391 6.00736 6.197984 6.358665 6.505547 6.597037 6.598329 6.560483 6.452203 6.405602 6.339632 6.179403 5.930161 5.687946 5.412232 5.149347 4.908161 4.704772 4.54312 4.423071 4.327909 4.262334 4.223357 4.18661 4.155666
2.50062 2.56056 2.625164 2.678139 2.714047 2.766006 2.83058 2.853651 2.870989 2.934452 3.017772 3.095624 3.21156 3.312715 3.304479 3.268958 3.264465 3.318099 3.439205 3.576924 3.538863 3.465181 3.410395 3.412231 3.473132 3.549293 3.583097 3.635126 3.743488 3.845856 3.975556 4.201097 4.533067 4.928473 5.278118 5.55344 5.792754 6.020688 6.244326 6.414717 6.55079 6.644331 6.66908 6.635644 6.55133 6.419404 6.362347 6.272716 6.071285 5.839328 5.597486 5.321334 5.061989 4.823258 4.618101 4.447302 4.322463 4.227077 4.16612 4.12814 4.091256 4.068762
2.741367 2.819092 2.897816 2.957415 3.009328 3.058659 3.079021 3.077395 3.088679 3.135637 3.174475 3.200449 3.240458 3.263341 3.235637 3.20047 3.209195 3.276032 3.392215 3.506927 3.52291 3.494815 3.48182 3.51758 3.619163 3.777094 3.919303 4.055609 4.239439 4.397882 4.564282 4.799832 5.068867 5.337679 5.587081 5.806877 6.016356 6.243543 6.446835 6.599214 6.70907 6.755127 6.724523 6.657152 6.527537 6.382947 6.305408 6.182462 5.965278 5.755788 5.522381 5.264911 5.022655 4.789179 4.58053 4.401312 4.27419 4.178234 4.113053 4.06055 4.017494 3.99707
2.995334 3.073641 3.138997 3.19129 3.245859 3.261534 3.243828 3.227114 3.228269 3.236499 3.214442 3.156401 3.078706 3.001394 2.947934 2.93132 2.946228 3.000114 3.080183 3.170187 3.240234 3.27688 3.321105 3.41381 3.575358 3.813867 4.073242 4.317823 4.570445 4.768357 4.983604 5.216086 5.42635 5.630186 5.834769 6.030437 6.226967 6.443144 6.619296 6.752079 6.833354 6.840233 6.767714 6.659835 6.493418 6.330511 6.224445 6.071609 5.871121 5.683254 5.462371 5.229675 5.005624 4.779765 4.569593 4.385589 4.261713 4.164655 4.088013 4.017729 3.96214 3.929797
3.198079 3.262763 3.314769 3.362046 3.400965 3.383654 3.331209 3.274227 3.231926 3.191124 3.098603 2.959517 2.805868 2.664955 2.565946 2.538714 2.564064 2.602541 2.653075 2.725697 2.810592 2.897965 3.006526 3.188922 3.429167 3.745216 4.117538 4.470248 4.787344 5.032938 5.263534 5.48203 5.669957 5.863256 6.049672 6.224183 6.410939 6.606159 6.753739 6.861948 6.90431 6.872888 6.770335 6.620365 6.414091 6.22779 6.101262 5.951745 5.784492 5.614738 5.409173 5.203335 4.994111 4.778345 4.573586 4.391509 4.272467 4.169015 4.075121 3.988413 3.921588 3.873663
3.344187 3.39002 3.421405 3.446252 3.446706 3.38746 3.296373 3.194754 3.093742 2.984636 2.839671 2.66563 2.48329 2.30352 2.169538 2.095441 2.090099 2.128127 2.185475 2.249648 2.354864 2.475773 2.664803 2.966547 3.304996 3.695788 4.184057 4.618851 4.972889 5.245799 5.475522 5.679126 5.875952 6.071538 6.236823 6.396048 6.567935 6.731701 6.849471 6.920933 6.916954 6.843493 6.707641 6.52536 6.287171 6.103403 5.978873 5.841815 5.699399 5.542197 5.354657 5.170822 4.979372 4.785633 4.594979 4.420202 4.301344 4.19857 4.098874 4.003017 3.933626 3.876217
3.425587 3.447016 3.456357 3.447509 3.396471 3.299727 3.178094 3.038796 2.884549 2.70582 2.511199 2.309453 2.111881 1.915757 1.765419 1.654999 1.595624 1.617673 1.688703 1.801305 1.942082 2.1395 2.399962 2.81128 3.287926 3.784136 4.333293 4.798404 5.162372 5.434173 5.658903 5.861261 6.066319 6.248259 6.395239 6.538894 6.689602 6.815574 6.89761 6.925961 6.879425 6.769572 6.612067 6.414168 6.167425 5.977347 5.851898 5.720121 5.588874 5.447141 5.28709 5.128275 4.96473 4.800466 4.627136 4.463427 4.345199 4.249262 4.153814 4.055892 3.983904 3.922469
3.466085 3.462353 3.450238 3.407519 3.301233 3.156566 2.998662 2.827809 2.630956 2.41709 2.190562 1.966662 1.746315 1.545468 1.389559 1.261751 1.167323 1.188436 1.297426 1.442355 1.616612 1.872964 2.203393 2.71232 3.34138 3.959836 4.529949 4.99632 5.353346 5.613415 5.83646 6.04362 6.246687 6.406841 6.536504 6.66107 6.78349 6.862886 6.897605 6.878822 6.791045 6.650216 6.467225 6.245909 5.982618 5.803924 5.685779 5.569408 5.463578 5.343652 5.21513 5.088306 4.955009 4.816124 4.658922 4.50991 4.395817 4.310218 4.225745 4.130453 4.052281 3.989625
3.474838 3.443837 3.418925 3.345462 3.187756 2.999833 2.800831 2.605646 2.393486 2.175692 1.946647 1.712727 1.478367 1.280324 1.157084 1.078638 1.022717 1.03918 1.121667 1.2251 1.39868 1.680036 2.054568 2.651263 3.435833 4.165753 4.756915 5.209077 5.538673 5.787808 6.012474 6.221213 6.406207 6.538532 6.648354 6.749757 6.835555 6.861248 6.841889 6.762009 6.619178 6.439322 6.236805 6.011141 5.749093 5.622656 5.516677 5.421392 5.334662 5.236832 5.139497 5.046458 4.939434 4.811234 4.664812 4.531835 4.432757 4.360682 4.291542 4.200679 4.120318 4.056364
3.432749 3.381104 3.326322 3.223459 3.044969 2.835153 2.624453 2.428345 2.229154 2.026376 1.822895 1.60542 1.372936 1.182068 1.082606 1.052006 1.026184 1.036766 1.107381 1.199338 1.371469 1.7368 2.16863 2.889323 3.770906 4.483446 5.019226 5.423746 5.713619 5.948787 6.168797 6.363598 6.517863 6.618229 6.702071 6.775779 6.816034 6.788836 6.700691 6.546186 6.354645 6.178494 5.982747 5.759028 5.550529 5.431526 5.33987 5.262097 5.191674 5.125697 5.059961 4.990849 4.895011 4.763803 4.623566 4.511827 4.436982 4.380556 4.321765 4.243139 4.176157 4.119817
3.331111 3.27412 3.193323 3.057669 2.879076 2.680808 2.4786 2.293244 2.120958 1.95967 1.795208 1.617871 1.445497 1.295052 1.204485 1.183678 1.162426 1.20315 1.314833 1.438166 1.722447 2.250478 2.862239 3.626865 4.36439 4.909482 5.310338 5.631344 5.884219 6.100937 6.302764 6.46907 6.588618 6.653677 6.702848 6.735745 6.716036 6.63612 6.485569 6.271831 6.073265 5.882738 5.680527 5.489217 5.341149 5.238801 5.165982 5.110096 5.060927 5.013716 4.962245 4.90118 4.806471 4.675614 4.546962 4.456895 4.40365 4.359615 4.312801 4.262438 4.220883 4.183242
3.215639 3.165343 3.067679 2.928465 2.746137 2.551579 2.35914 2.199593 2.063144 1.959027 1.860605 1.756315 1.655378 1.56706 1.539194 1.534988 1.532231 1.625843 1.798796 2.058539 2.544559 3.150065 3.818366 4.440747 4.919344 5.280231 5.573688 5.83041 6.048306 6.246307 6.42051 6.552166 6.635811 6.664653 6.671469 6.651204 6.571229 6.439186 6.23634 5.984652 5.7551 5.58611 5.431704 5.282368 5.145113 5.051763 4.992129 4.958678 4.927072 4.892521 4.850537 4.799765 4.705544 4.576159 4.46096 4.386559 4.345488 4.316614 4.293093 4.277308 4.26291 4.243207
3.122743 3.047206 2.979264 2.873094 2.719453 2.527061 2.319893 2.180448 2.118726 2.063776 2.019956 2.000354 1.966351 1.948219 1.994822 2.048545 2.126538 2.289994 2.535793 2.922323 3.434541 4.018365 4.537074 4.938818 5.257079 5.521122 5.772328 5.999705 6.193696 6.370305 6.511314 6.604739 6.646479 6.629633 6.590014 6.509545 6.377298 6.197278 5.955638 5.757526 5.577805 5.407488 5.252553 5.107149 4.975374 4.888316 4.839895 4.813619 4.787954 4.763155 4.733792 4.688887 4.591711 4.472443 4.366389 4.298306 4.270993 4.260798 4.262123 4.275369 4.289664 4.290943
3.027824 2.969033 2.92861 2.868526 2.752388 2.59466 2.44927 2.353334 2.345989 2.331399 2.327559 2.375372 2.407408 2.462509 2.57278 2.681917 2.828866 3.035344 3.32814 3.704358 4.142467 4.573862 4.943522 5.234139 5.479172 5.710354 5.939242 6.135349 6.306787 6.455072 6.558651 6.611312 6.609722 6.554641 6.476002 6.350913 6.18125 5.966276 5.768375 5.607177 5.429404 5.268179 5.118791 4.969965 4.831509 4.743525 4.697301 4.675921 4.659682 4.645633 4.622197 4.576917 4.486739 4.370294 4.272084 4.209239 4.192259 4.197839 4.219377 4.251484 4.284679 4.30181
2.936642 2.917497 2.904966 2.888193 2.823396 2.74809 2.678339 2.6392 2.683531 2.711997 2.763009 2.847722 2.943938 3.062736 3.183329 3.322818 3.494776 3.731358 4.016834 4.328504 4.64526 4.951735 5.227527 5.460069 5.666999 5.880744 6.07689 6.237147 6.383399 6.499825 6.565476 6.58157 6.537943 6.449016 6.334256 6.175492 5.976882 5.738727 5.616935 5.465748 5.304994 5.154318 5.004097 4.848382 4.705907 4.613291 4.568215 4.554559 4.543964 4.531386 4.504084 4.464127 4.388074 4.277196 4.184075 4.125013 4.111638 4.122707 4.153184 4.197361 4.242001 4.272855
2.815323 2.875777 2.917292 2.932957 2.930213 2.92578 2.914687 2.944247 3.035878 3.118581 3.213499 3.2971 3.402943 3.539753 3.694206 3.860791 4.047618 4.276464 4.528034 4.767989 5.005129 5.241033 5.465685 5.648702 5.824436 6.009208 6.16686 6.297945 6.415878 6.498662 6.524491 6.504137 6.423438 6.307088 6.162238 5.977584 5.759421 5.577722 5.469071 5.341939 5.195695 5.049331 4.897102 4.739546 4.591479 4.492521 4.448467 4.437033 4.423959 4.413116 4.39381 4.367772 4.296133 4.189837 4.099049 4.041994 4.028517 4.036483 4.073369 4.132504 4.192062 4.237528
2.732493 2.784778 2.852225 2.909419 2.966075 3.012937 3.046749 3.124919 3.228599 3.337456 3.458067 3.596598 3.744601 3.906296 4.086004 4.275215 4.461094 4.663424 4.867211 5.062983 5.260834 5.451963 5.630564 5.778841 5.927426 6.0741 6.195493 6.300564 6.391486 6.445518 6.440867 6.390053 6.28484 6.145422 5.974709 5.772727 5.546554 5.418121 5.328508 5.221128 5.097791 4.966392 4.819666 4.661678 4.510658 4.399581 4.346931 4.329661 4.313634 4.307022 4.294831 4.276148 4.203915 4.106409 4.019288 3.961996 3.941064 3.945266 3.985119 4.061731 4.141536 4.203795
2.737961 2.798119 2.863751 2.914589 2.992865 3.066025 3.134974 3.25866 3.40348 3.547989 3.695406 3.852763 4.022645 4.196399 4.372942 4.552086 4.729504 4.90822 5.075196 5.238933 5.402142 5.563542 5.707835 5.832891 5.95692 6.07057 6.162298 6.24752 6.319025 6.350566 6.323901 6.249938 6.124619 5.963332 5.776711 5.571078 5.350389 5.263837 5.194174 5.112422 5.023139 4.911104 4.773022 4.617867 4.468282 4.349304 4.283835 4.253798 4.231549 4.21721 4.201778 4.181235 4.117226 4.030534 3.948202 3.892838 3.865895 3.867987 3.905454 3.981489 4.070197 4.144928
1.70141E+38 1.70141E+38 1.70141E+38 1.70141E+38 1.70141E+38 1.70141E+38 1.70141E+38 1.70141E+38 1.70141E+38 1.70141E+38 1.70141E+38 1.70141E+38 1.70141E+38 1.70141E+38 1.70141E+38 1.70141E+38 1.70141E+38 1.70141E+38 1.70141E+38 1.70141E+38 1.70141E+38 1.70141E+38 1.70141E+38 1.70141E+38 1.70141E+38 1.70141E+38 1.70141E+38 1.70141E+38 1.70141E+38 1.70141E+38 1.70141E+38 1.70141E+38 1.70141E+38 1.70141E+38 1.70141E+38 1.70141E+38 1.70141E+38 1.70141E+38 1.70141E+38 1.70141E+38 1.70141E+38 1.70141E+38 1.70141E+38 1.70141E+38 1.70141E+38 1.70141E+38 1.70141E+38 1.70141E+38 1.70141E+38 1.70141E+38 1.70141E+38 1.70141E+38 1.70141E+38 1.70141E+38 1.70141E+38 1.70141E+38 1.70141E+38 1.70141E+38 1.70141E+38 1.70141E+38 1.70141E+38 1.70141E+38
1.70141E+38 1.70141E+38 1.70141E+38 1.70141E+38 1.70141E+38 1.70141E+38 1.70141E+38 1.70141E+38 1.70141E+38 1.70141E+38 1.70141E+38 1.70141E+38 1.70141E+38 1.70141E+38 1.70141E+38 1.70141E+38 1.70141E+38 1.70141E+38 1.70141E+38 1.70141E+38 1.70141E+38 1.70141E+38 1.70141E+38 1.70141E+38 1.70141E+38 1.70141E+38 1.70141E+38 1.70141E+38 1.70141E+38 1.70141E+38 1.70141E+38 1.70141E+38 1.70141E+38 1.70141E+38 1.70141E+38 1.70141E+38 1.70141E+38 1.70141E+38 1.70141E+38 1.70141E+38 1.70141E+38 1.70141E+38 1.70141E+38 1.70141E+38 1.70141E+38 1.70141E+38 1.70141E+38 1.70141E+38 1.70141E+38 1.70141E+38 1.70141E+38 1.70141E+38 1.70141E+38 1.70141E+38 1.70141E+38 1.70141E+38 1.70141E+38 1.70141E+38 1.70141E+38 1.70141E+38 1.70141E+38 1.70141E+38
1.70141E+38 1.70141E+38 1.70141E+38 1.70141E+38 1.70141E+38 1.70141E+38 1.70141E+38 1.70141E+38 1.70141E+38 1.70141E+38 1.70141E+38 1.70141E+38 1.70141E+38 1.70141E+38 1.70141E+38 1.70141E+38 1.70141E+38 1.70141E+38 1.70141E+38 1.70141E+38 1.70141E+38 1.70141E+38 1.70141E+38 1.70141E+38 1.70141E+38 1.70141E+38 1.70141E+38 1.70141E+38 1.70141E+38 1.70141E+38 1.70141E+38 1.70141E+38 1.70141E+38 1.70141E+38 1.70141E+38 1.70141E+38 1.70141E+38 1.70141E+38 1.70141E+38 1.70141E+38 1.70141E+38 1.70141E+38 1.70141E+38 1.70141E+38 1.70141E+38 1.70141E+38 1.70141E+38 1.70141E+38 1.70141E+38 1.70141E+38 1.70141E+38 1.70141E+38 1.70141E+38 1.70141E+38 1.70141E+38 1.70141E+38 1.70141E+38 1.70141E+38 1.70141E+38 1.70141E+38 1.70141E+38 1.70141E+38
1.70141E+38 1.70141E+38 1.70141E+38 1.70141E+38 1.70141E+38 1.70141E+38 1.70141E+38 1.70141E+38 1.70141E+38 1.70141E+38 1.70141E+38 1.70141E+38 1.70141E+38 1.70141E+38 1.70141E+38 1.70141E+38 1.70141E+38 1.70141E+38 1.70141E+38 1.70141E+38 1.70141E+38 1.70141E+38 1.70141E+38 1.70141E+38 1.70141E+38 1.70141E+38 1.70141E+38 1.70141E+38 1.70141E+38 1.70141E+38 1.70141E+38 1.70141E+38 1.70141E+38 1.70141E+38 1.70141E+38 1.70141E+38 1.70141E+38 1.70141E+38 1.70141E+38 1.70141E+38 1.70141E+38 1.70141E+38 1.70141E+38 1.70141E+38 1.70141E+38 1.70141E+38 1.70141E+38 1.70141E+38 1.70141E+38 1.70141E+38 1.70141E+38 1.70141E+38 1.70141E+38 1.70141E+38 1.70141E+38 1.70141E+38 1.70141E+38 1.70141E+38 1.70141E+38 1.70141E+38 1.70141E+38 1.70141E+38
1.70141E+38 1.70141E+38 1.70141E+38 1.70141E+38 1.70141E+38 1.70141E+38 1.70141E+38 1.70141E+38 1.70141E+38 1.70141E+38 1.70141E+38 1.70141E+38 1.70141E+38 1.70141E+38 1.70141E+38 1.70141E+38 1.70141E+38 1.70141E+38 1.70141E+38 1.70141E+38 1.70141E+38 1.70141E+38 1.70141E+38 1.70141E+38 1.70141E+38 1.70141E+38 1.70141E+38 1.70141E+38 1.70141E+38 1.70141E+38 1.70141E+38 1.70141E+38 1.70141E+38 1.70141E+38 1.70141E+38 1.70141E+38 1.70141E+38 1.70141E+38 1.70141E+38 1.70141E+38 1.70141E+38 1.70141E+38 1.70141E+38 1.70141E+38 1.70141E+38 1.70141E+38 1.70141E+38 1.70141E+38 1.70141E+38 1.70141E+38 1.70141E+38 1.70141E+38 1.70141E+38 1.70141E+38 1.70141E+38 1.70141E+38 1.70141E+38 1.70141E+38 1.70141E+38 1.70141E+38 1.70141E+38 1.70141E+38
1.70141E+38 1.70141E+38 1.70141E+38 1.70141E+38 1.70141E+38 1.70141E+38 1.70141E+38 1.70141E+38 1.70141E+38 1.70141E+38 1.70141E+38 1.70141E+38 1.70141E+38 1.70141E+38 1.70141E+38 1.70141E+38 1.70141E+38 1.70141E+38 1.70141E+38 1.70141E+38 1.70141E+38 1.70141E+38 1.70141E+38 1.70141E+38 1.70141E+38 1.70141E+38 1.70141E+38 1.70141E+38 1.70141E+38 1.70141E+38 1.70141E+38 1.70141E+38 1.70141E+38 1.70141E+38 1.70141E+38 1.70141E+38 1.70141E+38 1.70141E+38 1.70141E+38 1.70141E+38 1.70141E+38 1.70141E+38 1.70141E+38 1.70141E+38 1.70141E+38 1.70141E+38 1.70141E+38 1.70141E+38 1.70141E+38 1.70141E+38 1.70141E+38 1.70141E+38 1.70141E+38 1.70141E+38 1.70141E+38 1.70141E+38 1.70141E+38 1.70141E+38 1.70141E+38 1.70141E+38 1.70141E+38 1.70141E+38
1.70141E+38 1.70141E+38 1.70141E+38 1.70141E+38 1.70141E+38 1.70141E+38 1.70141E+38 1.70141E+38 1.70141E+38 1.70141E+38 1.70141E+38 1.70141E+38 1.70141E+38 1.70141E+38 1.70141E+38 1.70141E+38 1.70141E+38 1.70141E+38 1.70141E+38 1.70141E+38 1.70141E+38 1.70141E+38 1.70141E+38 1.70141E+38 1.70141E+38 1.70141E+38 1.70141E+38 1.70141E+38 1.70141E+38 1.70141E+38 1.70141E+38 1.70141E+38 1.70141E+38 1.70141E+38 1.70141E+38 1.70141E+38 1.70141E+38 1.70141E+38 1.70141E+38 1.70141E+38 1.70141E+38 1.70141E+38 1.70141E+38 1.70141E+38 1.70141E+38 1.70141E+38 1.70141E+38 1.70141E+38 1.70141E+38 1.70141E+38 1.70141E+38 1.70141E+38 1.70141E+38 1.70141E+38 1.70141E+38 1.70141E+38 1.70141E+38 1.70141E+38 1.70141E+38 1.70141E+38 1.70141E+38 1.70141E+38
1.70141E+38 1.70141E+38 1.70141E+38 1.70141E+38 1.70141E+38 1.70141E+38 1.70141E+38 1.70141E+38 1.70141E+38 1.70141E+38 1.70141E+38 1.70141E+38 1.70141E+38 1.70141E+38 1.70141E+38 1.70141E+38 1.70141E+38 1.70141E+38 1.70141E+38 1.70141E+38 1.70141E+38 1.70141E+38 1.70141E+38 1.70141E+38 1.70141E+38 1.70141E+38 1.70141E+38 1.70141E+38 1.70141E+38 1.70141E+38 1.70141E+38 1.70141E+38 1.70141E+38 1.70141E+38 1.70141E+38 1.70141E+38 1.70141E+38 1.70141E+38 1.70141E+38 1.70141E+38 1.70141E+38 1.70141E+38 1.70141E+38 1.70141E+38 1.70141E+38 1.70141E+38 1.70141E+38 1.70141E+38 1.70141E+38 1.70141E+38 1.70141E+38 1.70141E+38 1.70141E+38 1.70141E+38 1.70141E+38 1.70141E+38 1.70141E+38 1.70141E+38 1.70141E+38 1.70141E+38 1.70141E+38 1.70141E+38
