py_wake/examples/data/AJ_ParqueFicticio/Ridge area   Sector 10   Height 200m   Orographic speed.grd
DSAA
90  129
 262878   265103
 6504214   6507414
 .08324116   1.545591
[rows 27 to 53 of 129, columns 0 to 61 of 90]
.807786 .8139381 .8251187 .8365676 .8477072 .8590236 .8692362 .8776875 .8849613 .8894243 .8895549 .8867558 .8836961 .8822121 .8839958 .8885829 .8951265 .9026372 .9090242 .9153462 .9288176 .9437005 .9581428 .9735206 .9873473 1.003753 1.023989 1.050122 1.081272 1.109557 1.137766 1.164884 1.193512 1.224273 1.25021 1.279046 1.310783 1.343538 1.380593 1.411765 1.429731 1.44147 1.44488 1.436396 1.415204 1.383156 1.346057 1.304366 1.230683 1.06917 .7872613 .4810992 .3118911 .2471239 .2125537 .1985352 .1998642 .2073549 .2209694 .239735 .2554586 .2654791
.7994497 .8061765 .8175902 .8293818 .8421656 .8562973 .8697078 .8824698 .8938821 .9009296 .9022368 .8998975 .8957521 .8919489 .8899787 .8910624 .8951078 .9008293 .906628 .9128981 .924413 .9365762 .9482548 .9624342 .9744386 .9884046 1.007687 1.031833 1.061138 1.090172 1.117257 1.143595 1.172372 1.203691 1.231816 1.261237 1.294307 1.327929 1.367006 1.402068 1.425452 1.442774 1.449992 1.439755 1.412809 1.374168 1.333932 1.288149 1.18134 .9580095 .6218949 .3176064 .2295215 .1910169 .1726782 .1676916 .1793753 .1977181 .2174201 .2376271 .2543977 .2659044
.7918628 .7992532 .8102847 .8214175 .8348221 .8506363 .8664663 .8829873 .8991486 .9104021 .9131234 .9097804 .9054222 .9016959 .8985886 .8974813 .8990095 .9027926 .9070212 .9129391 .923081 .9324661 .941237 .9535405 .9641563 .9748666 .9935312 1.017432 1.045601 1.073759 1.099494 1.124501 1.151345 1.182432 1.212625 1.241843 1.275058 1.30965 1.349892 1.388477 1.417726 1.441368 1.453681 1.443164 1.412173 1.367921 1.324388 1.269843 1.119342 .8303241 .4590193 .227058 .1773539 .1638176 .1532685 .1451871 .1642657 .1847705 .2028494 .2199372 .23484 .2462322
.7845144 .7924257 .8029302 .8134664 .8271435 .8432117 .8598217 .8782489 .898008 .9138376 .9180318 .9156533 .9119571 .9093662 .9075038 .9060817 .9063057 .908419 .9111544 .9163685 .9261918 .9330991 .9396611 .9510019 .9602721 .9685368 .9871737 1.012114 1.038489 1.064522 1.089132 1.111568 1.133929 1.163312 1.194269 1.223384 1.255094 1.290006 1.330931 1.372194 1.406943 1.437064 1.454845 1.445455 1.413631 1.366734 1.319517 1.252586 1.051796 .7005909 .3237006 .1682425 .1561111 .1611394 .155242 .1464961 .1587679 .1746606 .1884835 .2006951 .2128179 .2234699
.7757937 .7836253 .7936404 .8032952 .8170113 .8335177 .8506806 .8693087 .8894197 .9066513 .9134786 .9151456 .9148386 .9139311 .9132293 .9126585 .912622 .9147202 .9190872 .9259296 .934102 .9407188 .9480702 .9590076 .9680209 .9780101 .9966765 1.020208 1.042575 1.064752 1.086861 1.107813 1.129085 1.154663 1.182015 1.209402 1.238709 1.27244 1.313029 1.356061 1.395832 1.431798 1.453061 1.445915 1.415584 1.369021 1.319672 1.243783 1.009901 .620871 .2506964 .1360541 .15707 .1704622 .1667439 .1585745 .1603162 .1686093 .1779374 .1866934 .1958485 .2054517
.7675799 .7750609 .7845447 .7935984 .8071538 .823489 .8403984 .8582329 .877018 .8939778 .9034477 .9089124 .9124796 .9144008 .915072 .9148295 .9150351 .919846 .9284424 .9365768 .9440348 .95229 .9615042 .9720352 .9824808 .9951536 1.013538 1.035295 1.054699 1.072989 1.092319 1.111877 1.13244 1.153309 1.175529 1.199651 1.22618 1.258063 1.297481 1.341186 1.385466 1.426496 1.449416 1.44535 1.417672 1.372012 1.323054 1.248445 1.012576 .6053187 .2256271 .1195066 .1653713 .1822238 .1796302 .1701655 .1664941 .168084 .1723879 .1779116 .1849118 .1935846
.7596822 .7667812 .775668 .784066 .7975991 .8138067 .8303706 .8470053 .8637679 .8798316 .8919196 .9009929 .9078569 .9119651 .9133736 .9130526 .913914 .9227404 .9356334 .9457847 .9545053 .9638317 .9742634 .9858499 .9975168 1.011417 1.03071 1.052849 1.071653 1.088644 1.105069 1.120947 1.139212 1.15629 1.174133 1.195287 1.21892 1.24824 1.285104 1.328104 1.376143 1.421206 1.445123 1.444565 1.420985 1.376899 1.327631 1.264304 1.050402 .6495767 .2537084 .1052452 .1690504 .1930875 .1942026 .1852908 .1778769 .1746839 .1745865 .1767018 .1820786 .1908852
.7522373 .7590162 .7671996 .7748753 .7888971 .8051836 .8214757 .8378077 .8533595 .8682416 .882018 .8940006 .9035839 .9091694 .9105751 .9095171 .9123376 .9242886 .9388502 .9517869 .9621841 .9725229 .9847702 .9975833 1.010309 1.026262 1.047071 1.070999 1.093322 1.110683 1.124833 1.138807 1.153586 1.166792 1.182539 1.201026 1.220337 1.247085 1.280029 1.32037 1.370074 1.41652 1.441146 1.444405 1.425853 1.385221 1.334719 1.283166 1.125017 .7768577 .3598199 .09645886 .1588481 .1968338 .2054951 .2007421 .191966 .1845193 .1788603 .1752078 .175982 .1828304
.747803 .7534921 .7596003 .7655415 .7804552 .7972634 .8140504 .8307206 .8463513 .8614607 .8761665 .889622 .9010574 .9075878 .9093149 .9090318 .9140654 .9261488 .9400954 .9529682 .9648436 .977505 .9911774 1.005888 1.021478 1.040483 1.06344 1.090801 1.116827 1.135465 1.15036 1.163959 1.176111 1.187489 1.201912 1.216524 1.233187 1.256258 1.284802 1.320809 1.368254 1.413076 1.438097 1.445566 1.432586 1.397528 1.348661 1.299935 1.197989 .9363358 .5542094 .2026031 .1259221 .1780615 .1998093 .201177 .1907458 .1760779 .1607282 .1469662 .1407459 .145614
.7475851 .7498741 .7525499 .7556657 .7716393 .7890673 .806544 .8235713 .8398589 .855933 .8713153 .8861819 .8997307 .9073051 .9103202 .9130492 .9187467 .9287246 .9410148 .9527855 .965221 .9789888 .9933804 1.010971 1.030206 1.052036 1.078281 1.109121 1.139336 1.160637 1.176535 1.189804 1.201483 1.212895 1.225568 1.238574 1.252729 1.27169 1.295174 1.327158 1.369882 1.411219 1.436736 1.447474 1.440963 1.412342 1.366967 1.315218 1.250162 1.086298 .7921222 .4281306 .1694476 .1444694 .1764237 .1871545 .1781711 .1584546 .1356927 .1140511 .1030555 .1144088
.7516245 .7482961 .7463838 .7464216 .7628521 .7804301 .7980704 .8149951 .8318709 .8493126 .8657923 .883087 .8990627 .9083522 .9136672 .9184157 .9242786 .9327882 .9426229 .9529488 .9662197 .9793674 .9944677 1.013635 1.035669 1.060508 1.089064 1.122682 1.15758 1.18249 1.19997 1.21459 1.226999 1.238996 1.250157 1.262086 1.274632 1.289162 1.307094 1.334546 1.373392 1.411954 1.43851 1.450954 1.449997 1.428034 1.386067 1.334512 1.282666 1.185562 .9832994 .6823213 .3606651 .1739267 .1489002 .1670077 .1660179 .148531 .1243197 .1000378 .08911177 .1073518
.7619889 .7498596 .7423773 .7404287 .7556602 .7717505 .7885832 .8049943 .8215664 .83993 .8581324 .8791165 .8977845 .9104557 .9171975 .9228368 .9302161 .9395757 .9477124 .9574209 .9697328 .9823547 .997049 1.016332 1.039123 1.065674 1.09616 1.131051 1.167866 1.197328 1.218781 1.236485 1.250689 1.262693 1.273809 1.284681 1.295048 1.305863 1.320707 1.345444 1.380519 1.417034 1.444051 1.457275 1.459368 1.44199 1.404442 1.355773 1.306964 1.241351 1.110717 .8805953 .5713573 .3020591 .159466 .1519331 .1576443 .1459876 .1241199 .102151 .09666038 .1126098
.7756036 .7566898 .7434143 .7405388 .7510181 .763716 .7789147 .7945192 .8113129 .8297798 .8493778 .872809 .8939192 .9093297 .9193606 .9275579 .9373732 .9474917 .958158 .9676456 .9772169 .9876124 1.001325 1.020987 1.043287 1.069797 1.100722 1.13546 1.172909 1.205813 1.23131 1.252658 1.270277 1.282915 1.294966 1.305491 1.315086 1.324463 1.337322 1.35981 1.391766 1.426033 1.451686 1.465194 1.468546 1.454095 1.420767 1.376998 1.331118 1.276504 1.190663 1.024112 .7448869 .4431126 .2343912 .158798 .1606734 .151042 .1313866 .1120463 .1121347 .1289882
.7924536 .7693052 .7515386 .7457376 .7490063 .7570617 .7698249 .7836149 .7998149 .818484 .8400857 .8655849 .888477 .9056285 .9194546 .9330165 .9442566 .956482 .9699762 .9793885 .9866813 .9942499 1.006915 1.026302 1.048419 1.074806 1.104298 1.138015 1.176092 1.210694 1.239166 1.26384 1.284895 1.298928 1.3123 1.324689 1.33367 1.342007 1.354191 1.37486 1.403898 1.435758 1.460004 1.473416 1.477746 1.466106 1.436926 1.396041 1.351648 1.30256 1.239693 1.129691 .8924885 .5761887 .3314137 .20002 .1820311 .1665073 .1463777 .1248399 .1366268 .155626
.813657 .787307 .7653916 .7525328 .7486845 .7519276 .7621155 .7736385 .7888243 .8073189 .8302819 .856992 .8809356 .9009369 .9186278 .9353271 .9503759 .9644611 .9796937 .989862 .9954195 1.002178 1.013603 1.03226 1.053091 1.078827 1.106645 1.139814 1.177019 1.213309 1.242572 1.270178 1.293117 1.308685 1.323705 1.339847 1.350828 1.357995 1.369193 1.388282 1.41533 1.44672 1.47038 1.482749 1.486958 1.477493 1.452159 1.413212 1.369429 1.324122 1.270702 1.188666 1.008802 .7139334 .4478788 .2778872 .2220245 .1912468 .166567 .1531518 .1600243 .1785621
.8379748 .8081157 .7804714 .7593018 .7494492 .7492107 .7570662 .7661603 .7798912 .7970989 .8206013 .8480269 .872926 .8949482 .9148858 .9339311 .9516215 .968904 .9851478 .9968855 1.005095 1.011176 1.020843 1.036795 1.056061 1.079329 1.105027 1.136739 1.174314 1.211319 1.240446 1.270533 1.293004 1.311226 1.329705 1.348151 1.360684 1.369157 1.381253 1.400209 1.427533 1.456894 1.479383 1.491543 1.496296 1.488073 1.464469 1.429016 1.386143 1.340836 1.289187 1.216786 1.081062 .8353371 .5725552 .381112 .2836691 .2312239 .1976857 .183632 .1881226 .2099555
.8610962 .8278545 .79593 .7692786 .7527475 .7493346 .7541644 .7600573 .7725661 .7889441 .8121739 .8394769 .8648801 .888844 .9105842 .9306534 .9489402 .9679379 .9872674 1.003229 1.013234 1.019688 1.028381 1.041025 1.057347 1.077546 1.099955 1.129891 1.168115 1.204194 1.233362 1.264045 1.286507 1.308074 1.329994 1.348857 1.363805 1.376884 1.391999 1.411873 1.437182 1.46441 1.487903 1.501099 1.506286 1.498347 1.475056 1.440439 1.399508 1.353355 1.301569 1.232893 1.117141 .9144001 .6769446 .4863563 .3633549 .2907495 .2466472 .2288477 .2354116 .2675075
.8869954 .8503487 .814536 .7843451 .7633341 .7531765 .7516763 .7537516 .7655589 .7821366 .8047379 .831033 .8569415 .8823951 .9062963 .9282476 .9460902 .9648069 .9860873 1.006245 1.018639 1.027657 1.03666 1.045978 1.05932 1.075743 1.093889 1.121611 1.160317 1.19572 1.223644 1.253477 1.276482 1.300474 1.324756 1.344421 1.36205 1.38062 1.40007 1.420238 1.444033 1.471318 1.496699 1.510874 1.516209 1.508368 1.484775 1.449826 1.409402 1.363549 1.311775 1.245232 1.137686 .9630292 .7505313 .5677854 .4381203 .355383 .3082422 .2913392 .3066307 .3446994
.9160393 .8777065 .8398457 .8069112 .7805577 .7600668 .7503597 .748925 .7600406 .7765514 .798817 .8246803 .8500534 .8759601 .9012832 .9249045 .9423329 .9595054 .9811189 1.003048 1.017247 1.028959 1.040035 1.047587 1.058219 1.071551 1.086286 1.110856 1.14897 1.184676 1.210451 1.238962 1.263138 1.288485 1.314764 1.335699 1.355326 1.378463 1.402223 1.424069 1.44869 1.477355 1.505318 1.520439 1.525103 1.517322 1.494362 1.458843 1.416926 1.371803 1.31979 1.254477 1.148338 .9825624 .781756 .6047789 .4792856 .4011029 .3618903 .3532916 .3724399 .4122493
.9450858 .9042154 .8631319 .8258262 .7927785 .7640159 .7469026 .7434517 .7553057 .7721245 .7929513 .8172019 .8408427 .865432 .8912237 .9153528 .9331269 .9501142 .9707686 .9914114 1.00665 1.019672 1.030528 1.037404 1.04639 1.05932 1.073612 1.094572 1.128614 1.165187 1.191868 1.219702 1.246104 1.272044 1.299692 1.322979 1.344029 1.370253 1.397782 1.422212 1.449439 1.481069 1.511517 1.527919 1.532845 1.524914 1.503188 1.468849 1.424876 1.37813 1.325725 1.25915 1.146445 .9729425 .7728223 .600063 .4871999 .4138556 .3776582 .3769023 .4063338 .4512883
.9723311 .9306551 .8871222 .8441204 .8032768 .7675473 .7440059 .7377576 .7495763 .7658524 .7854148 .8081298 .8294037 .8540331 .8788354 .9009936 .9191067 .9361691 .9561397 .9759665 .9915022 1.004718 1.014959 1.021366 1.029564 1.042151 1.056953 1.075775 1.104344 1.138829 1.168198 1.196159 1.225308 1.252541 1.28013 1.306062 1.329437 1.35771 1.389085 1.416917 1.446836 1.481728 1.514311 1.532558 1.539318 1.531757 1.510244 1.478014 1.434027 1.384372 1.330474 1.259295 1.135514 .9460188 .7395807 .572262 .4655775 .4013303 .3709247 .3823723 .4252318 .4827644
.9987486 .9581361 .9151123 .8696327 .8217193 .7791907 .7497168 .737021 .7411318 .754435 .7737997 .7972285 .8171522 .8403117 .8653452 .8869976 .9039741 .9209529 .9406508 .9600654 .9758286 .9890487 .9994109 1.006085 1.012232 1.02403 1.039975 1.058521 1.08241 1.11203 1.141986 1.171504 1.201461 1.230668 1.258194 1.285577 1.312091 1.341874 1.376759 1.409289 1.441701 1.4796 1.514311 1.534541 1.543753 1.537671 1.516089 1.48397 1.442037 1.390003 1.334076 1.257813 1.120418 .9080785 .6877525 .5232603 .4213699 .3716837 .3611197 .381908 .4369324 .5087984
1.024772 .9860781 .9431739 .8959414 .8456424 .7975751 .7603318 .7366578 .728611 .7368078 .7568113 .7819231 .8024862 .8252277 .8513856 .8712557 .8886802 .904764 .9227683 .9421061 .9592354 .9726027 .9836143 .9921265 .9984338 1.007901 1.023429 1.041415 1.062362 1.088225 1.116267 1.145528 1.175525 1.206381 1.234567 1.261642 1.290624 1.322794 1.360548 1.398173 1.433 1.473665 1.51087 1.533505 1.545591 1.542004 1.520774 1.486338 1.445135 1.392856 1.335207 1.254444 1.102869 .8682728 .6267632 .4628652 .3784586 .3459603 .3441371 .3729032 .4428774 .5321897
1.049648 1.01272 .9697317 .9233832 .8712491 .8137667 .7628682 .7251921 .7081421 .7136152 .7353529 .7623024 .7865106 .8107247 .8352651 .8524168 .8696434 .8848009 .9002254 .9189497 .9377489 .9531765 .9658507 .9781079 .9869787 .9953138 1.009353 1.026416 1.045397 1.067905 1.092004 1.119366 1.149522 1.180648 1.208449 1.234081 1.263891 1.298894 1.338758 1.381154 1.418875 1.462309 1.502431 1.528414 1.54406 1.543901 1.523152 1.485767 1.441646 1.390451 1.332237 1.248061 1.083368 .8320058 .5745174 .409389 .3391714 .3150515 .3220485 .3690321 .4582189 .5658832
1.072885 1.039158 .9974966 .9518573 .8989357 .836637 .7745487 .7212452 .6918418 .6893107 .7082722 .7382784 .7689942 .7925491 .8106275 .8237342 .8385096 .8554119 .8693855 .8865173 .9070449 .9258774 .9425199 .9583032 .9714243 .9817289 .994018 1.011409 1.026596 1.044501 1.067252 1.092611 1.12309 1.153593 1.179046 1.20226 1.23306 1.269348 1.310498 1.356018 1.397902 1.44428 1.48785 1.518093 1.538619 1.542717 1.522416 1.481727 1.434175 1.383014 1.325601 1.237028 1.059691 .7973899 .5414219 .3749053 .3082343 .2929211 .3135974 .3735515 .4707485 .5838289
1.094115 1.063384 1.024688 .9805772 .9281433 .8643816 .789956 .7214434 .6743155 .6565126 .6701331 .7054864 .7413475 .7624478 .7728088 .7789178 .790423 .8097308 .8246513 .8405105 .8628886 .8862658 .9079421 .9287942 .9464605 .9588076 .9710081 .9881036 1.001172 1.015939 1.038528 1.06241 1.092673 1.123122 1.147727 1.170497 1.201029 1.236679 1.277577 1.324517 1.371166 1.420796 1.467459 1.502487 1.52923 1.537874 1.518623 1.475788 1.425616 1.372945 1.316398 1.223915 1.038933 .7692659 .5182297 .3660015 .2987503 .2843862 .3065535 .3722147 .477391 .5958574
1.113026 1.084437 1.047602 1.004228 .954737 .8923554 .812555 .7358053 .6698263 .6328772 .6401017 .6728549 .7055709 .7194824 .7232211 .722907 .7326534 .7519196 .7670189 .7830048 .8077605 .8351231 .8619499 .88836 .9107433 .926093 .9399517 .9589275 .9719021 .9854828 1.008992 1.032889 1.062467 1.093115 1.118558 1.142824 1.172108 1.204932 1.244321 1.292418 1.343214 1.395922 1.444326 1.48347 1.516446 1.528796 1.51168 1.469811 1.417956 1.363489 1.307554 1.219111 1.040352 .776802 .5236449 .3719095 .3124317 .2989594 .3181632 .3832321 .4850806 .6000029
