py_wake/examples/data/AJ_ParqueFicticio/Ridge area   Sector 9   Height 30m   Mean speed.grd
DSAA
90  129
 262878   265103
 6504214   6507414
 .2875556   10.04636
[rows 27 to 53 of 129, columns 0 to 61 of 90]
4.961715 4.977843 5.024543 5.073961 5.123658 5.180033 5.237353 5.293131 5.351514 5.404255 5.438205 5.45524 5.466699 5.479173 5.502209 5.533663 5.571955 5.613283 5.649336 5.688088 5.76527 5.849832 5.929719 6.014834 6.094677 6.187688 6.300622 6.441302 6.600941 6.749944 6.897899 7.040549 7.193522 7.353372 7.494169 7.649348 7.818347 7.991914 8.188892 8.367322 8.496273 8.623387 8.740301 8.818744 8.824426 8.748358 8.601855 8.379516 8.101303 7.770772 7.262641 6.300864 2.495025 1.823434 1.246949 .9424992 1.024557 1.52758 1.627953 1.766286 1.882218 1.956137
4.948307 4.972658 5.023147 5.074286 5.131177 5.199463 5.268611 5.341418 5.415771 5.474622 5.508713 5.520721 5.516871 5.50984 5.508358 5.518595 5.540964 5.570335 5.600438 5.636971 5.703292 5.771559 5.835864 5.913613 5.983336 6.063158 6.171755 6.306794 6.464326 6.622732 6.771418 6.913247 7.068369 7.228822 7.379552 7.535417 7.705108 7.875833 8.074173 8.26083 8.413222 8.56686 8.708352 8.790109 8.779965 8.685561 8.524851 8.291141 7.996471 7.642349 7.044947 5.935305 2.189974 1.563903 1.110804 .8945544 .95787 .8883746 1.601804 1.750755 1.874399 1.959269
4.939693 4.972486 5.023714 5.072678 5.133537 5.209701 5.288227 5.37582 5.468293 5.540801 5.570884 5.564035 5.548477 5.534237 5.521777 5.517752 5.523647 5.53963 5.557418 5.587278 5.643101 5.692899 5.738455 5.803832 5.863998 5.926075 6.031894 6.170955 6.332154 6.491818 6.638812 6.780975 6.928793 7.091368 7.252444 7.40717 7.575536 7.748205 7.949276 8.14881 8.328293 8.513155 8.685369 8.770229 8.745569 8.634377 8.453952 8.207873 7.900863 7.508535 6.791242 5.530694 3.311737 1.648054 1.078515 1.037122 .8908215 .8485526 1.494461 1.620426 1.730302 1.81432
4.933399 4.972446 5.023173 5.070984 5.134649 5.211975 5.29345 5.387684 5.491258 5.57499 5.594448 5.578921 5.559062 5.546776 5.53789 5.528866 5.523719 5.523726 5.526793 5.548215 5.597723 5.628545 5.65812 5.716708 5.767031 5.815459 5.925122 6.076171 6.233792 6.385746 6.531308 6.66508 6.794988 6.957788 7.12636 7.283612 7.447031 7.623075 7.83114 8.047434 8.257751 8.480811 8.679701 8.757813 8.723609 8.600762 8.395497 8.135404 7.812946 7.360267 6.514025 5.146692 3.631454 1.644608 1.076743 .9518875 .836978 .8014038 1.388626 1.478659 1.568047 1.646604
4.914093 4.954914 5.004746 5.049429 5.114608 5.194593 5.27837 5.369291 5.465449 5.539677 5.558884 5.556479 5.549992 5.544598 5.540197 5.53299 5.521225 5.515794 5.526531 5.557608 5.594554 5.620774 5.653792 5.70864 5.754548 5.811664 5.921519 6.062726 6.198566 6.331179 6.464727 6.594093 6.728676 6.882325 7.037343 7.189932 7.347575 7.523566 7.736231 7.967257 8.203463 8.456265 8.660298 8.728476 8.693227 8.567229 8.343448 8.0693 7.731867 7.218486 6.288661 4.869316 3.452617 1.975829 1.050312 .8863981 .786682 .7437358 1.310933 1.375503 1.443019 1.513842
4.892819 4.933619 4.981669 5.023521 5.087504 5.165157 5.244821 5.326013 5.406166 5.467633 5.493002 5.505844 5.517097 5.524951 5.525961 5.51721 5.503356 5.512615 5.549702 5.587463 5.619474 5.655355 5.697533 5.746976 5.798031 5.864645 5.964944 6.08899 6.205966 6.32085 6.446141 6.574597 6.712116 6.845897 6.978485 7.119053 7.270186 7.445323 7.659154 7.896867 8.152914 8.423403 8.618915 8.685505 8.654214 8.527399 8.30386 8.020447 7.666968 7.079026 6.07265 4.680879 3.324364 1.192344 .958062 .8151943 .7117237 .6410112 .7206318 1.3108 1.362435 1.421186
4.869149 4.910248 4.955988 4.993655 5.05583 5.129967 5.203841 5.273635 5.337156 5.388989 5.424696 5.453528 5.47976 5.497308 5.499998 5.488451 5.477844 5.514206 5.5769 5.624807 5.664113 5.703337 5.747668 5.798746 5.849595 5.913435 6.010169 6.128216 6.238525 6.352523 6.466775 6.578392 6.707483 6.825197 6.941541 7.076771 7.222082 7.392516 7.59922 7.834295 8.107281 8.388843 8.572371 8.64374 8.61939 8.492974 8.27987 7.999115 7.625797 6.96643 5.919982 4.618698 1.909583 1.244201 .9931036 .7836924 .6300738 .4773728 .3465488 1.301885 1.06527 1.06838
4.844816 4.888586 4.932315 4.965045 5.027548 5.098793 5.166908 5.231108 5.286578 5.332485 5.377177 5.419467 5.457031 5.478638 5.477905 5.461532 5.46745 5.528067 5.601377 5.663027 5.706293 5.747148 5.797317 5.848032 5.896765 5.9658 6.064994 6.187993 6.320005 6.438335 6.541712 6.648717 6.761789 6.861351 6.9761 7.10656 7.233709 7.398001 7.588314 7.809254 8.087172 8.362118 8.530943 8.610175 8.598773 8.479022 8.281547 8.01484 7.665147 7.027616 5.957659 3.152644 2.157497 1.393793 1.092376 .8675233 .6716594 .4891442 .3387182 .2875556 .434463 .697793
4.837844 4.882604 4.918429 4.942101 5.008879 5.081145 5.149754 5.213749 5.268716 5.318422 5.366819 5.412836 5.4564 5.479372 5.478512 5.469349 5.495282 5.558643 5.62777 5.686703 5.736378 5.78898 5.843263 5.899594 5.962631 6.046592 6.154545 6.295606 6.447294 6.574387 6.68682 6.795972 6.894598 6.990024 7.103631 7.215901 7.334768 7.4828 7.648337 7.841933 8.098793 8.350135 8.504234 8.59209 8.597617 8.496591 8.316157 8.066853 7.752681 7.207674 6.238358 4.074834 2.847105 1.820408 1.362624 1.038054 .7913372 .5941372 .4470033 .3609428 .3868672 .5804301
4.856532 4.890319 4.911968 4.923069 4.997877 5.074037 5.145887 5.210331 5.266484 5.320632 5.371452 5.423031 5.475113 5.501455 5.507877 5.519584 5.5504 5.602571 5.663006 5.714932 5.770166 5.830116 5.888433 5.962887 6.048067 6.148831 6.276688 6.435509 6.60655 6.746861 6.862032 6.96622 7.063231 7.163731 7.271517 7.37794 7.485697 7.611506 7.745365 7.910901 8.130589 8.350058 8.49706 8.596075 8.622277 8.547152 8.377494 8.131347 7.86163 7.442367 6.664904 5.023377 2.659448 2.530292 1.830863 1.343249 .9917701 .7524515 .581399 .4851287 .543497 .7047275
4.897876 4.909096 4.912065 4.913512 4.996535 5.076105 5.149591 5.212805 5.269441 5.327154 5.379349 5.442117 5.507475 5.544207 5.565802 5.587994 5.616218 5.661222 5.710411 5.759271 5.826373 5.887085 5.955283 6.042685 6.1467 6.267004 6.408997 6.582702 6.773706 6.921244 7.037636 7.145436 7.249238 7.352919 7.450093 7.549418 7.649133 7.745069 7.841527 7.977599 8.171898 8.373107 8.523423 8.630592 8.672388 8.623838 8.45723 8.215918 7.968819 7.646477 7.037166 5.86214 3.888009 1.975467 2.442388 1.760503 1.274704 .9509494 .7400252 .6625698 .7243255 1.82636
4.967432 4.944101 4.932568 4.936324 5.014532 5.08522 5.155916 5.217082 5.272665 5.335527 5.395927 5.477747 5.555738 5.607525 5.632218 5.654401 5.692898 5.74558 5.792266 5.852921 5.924027 5.988049 6.056851 6.150175 6.261303 6.393859 6.546659 6.72408 6.917027 7.078947 7.209727 7.324544 7.432262 7.530056 7.624338 7.713368 7.793295 7.865234 7.945354 8.069581 8.245259 8.437002 8.590724 8.692062 8.739663 8.69807 8.539691 8.311084 8.069407 7.800287 7.338201 6.457927 4.823336 2.89283 1.355142 2.166595 1.562997 1.152507 .919651 .8659981 1.777119 1.796636
5.046636 5.008499 4.982969 4.998366 5.064047 5.120816 5.17752 5.229937 5.288848 5.352996 5.422465 5.518188 5.607559 5.669982 5.708259 5.74495 5.79972 5.857684 5.927513 5.995191 6.058273 6.116936 6.185702 6.288628 6.400446 6.534952 6.689084 6.858794 7.045997 7.218901 7.362386 7.488781 7.608198 7.701582 7.789156 7.868827 7.942861 8.005509 8.074334 8.186447 8.345289 8.522591 8.6629 8.751113 8.794392 8.751654 8.607712 8.405951 8.176717 7.917928 7.558508 6.892925 5.477612 3.575666 1.958357 1.556659 1.743737 1.325496 1.09972 1.031553 1.749998 1.761033
5.142066 5.105827 5.07338 5.085681 5.122878 5.164839 5.219571 5.267537 5.316525 5.377774 5.46178 5.57033 5.668437 5.739391 5.800306 5.869051 5.932232 6.005661 6.093979 6.163738 6.217721 6.264545 6.334846 6.441121 6.556878 6.695451 6.841415 7.001398 7.18566 7.360824 7.511219 7.646202 7.770034 7.858036 7.936525 8.012615 8.076662 8.132146 8.195497 8.296373 8.435158 8.593596 8.723521 8.805953 8.849569 8.812001 8.683377 8.492573 8.267823 8.014719 7.718228 7.224146 5.991714 4.115531 2.53635 1.565591 1.653176 1.413544 1.232681 1.17063 1.722288 1.726539
5.268257 5.235074 5.192932 5.174732 5.181197 5.207218 5.259721 5.307897 5.365651 5.432602 5.518012 5.628682 5.735012 5.825536 5.910872 5.997416 6.08137 6.165056 6.260987 6.330337 6.378591 6.432556 6.506598 6.614955 6.72758 6.860983 6.995015 7.152775 7.322299 7.501783 7.641193 7.78057 7.89619 7.970438 8.04333 8.131934 8.197732 8.236187 8.287961 8.377259 8.506407 8.668788 8.795485 8.865762 8.899076 8.866373 8.752186 8.562295 8.338707 8.097895 7.825427 7.403266 6.373702 4.634305 3.106745 2.046967 1.676749 1.423371 1.2787 1.14972 1.377856 1.537114
5.408735 5.368414 5.303725 5.248321 5.232692 5.252068 5.304018 5.351299 5.414878 5.489836 5.592793 5.712781 5.818862 5.916105 6.015841 6.11834 6.215502 6.311179 6.403555 6.480004 6.548063 6.603551 6.676792 6.775377 6.880657 6.997011 7.116713 7.261191 7.430838 7.601382 7.725076 7.861659 7.95176 8.022568 8.105505 8.193366 8.24647 8.27888 8.334853 8.427797 8.567113 8.712943 8.820873 8.885614 8.922075 8.897718 8.792817 8.62129 8.39926 8.154579 7.868548 7.463937 6.586823 5.06119 3.652094 2.749696 2.081481 1.681673 1.456383 1.352908 1.386443 1.570634
5.535649 5.482898 5.407891 5.332652 5.293285 5.306719 5.350665 5.389826 5.45805 5.543114 5.660266 5.793016 5.912804 6.027496 6.135353 6.240742 6.337196 6.434258 6.533757 6.627646 6.701436 6.757346 6.826248 6.907526 6.997542 7.096067 7.19354 7.32073 7.487786 7.640691 7.754744 7.875838 7.952419 8.030085 8.11938 8.192946 8.245177 8.295546 8.367661 8.468472 8.59064 8.715137 8.826431 8.899987 8.941466 8.92144 8.819653 8.654115 8.441755 8.188896 7.879914 7.465754 6.660578 5.318123 4.072549 3.332528 2.676646 2.141897 1.817086 1.68603 1.734467 1.947532
5.680607 5.613499 5.53056 5.44453 5.390387 5.37377 5.387554 5.412596 5.486578 5.584125 5.710387 5.850556 5.985043 6.116617 6.242347 6.36187 6.45963 6.55651 6.664099 6.771912 6.846453 6.908195 6.973476 7.030227 7.092806 7.164003 7.237377 7.349814 7.509716 7.649547 7.749843 7.852532 7.922662 8.003356 8.09174 8.158567 8.218524 8.292809 8.382692 8.477824 8.584861 8.708222 8.831435 8.915944 8.962755 8.943158 8.839425 8.674427 8.468252 8.214472 7.900324 7.443516 6.678724 5.482798 4.357072 3.706616 3.227403 2.618039 2.270864 2.146434 2.259195 2.491218
5.846234 5.768428 5.683978 5.591833 5.513328 5.443927 5.415964 5.426396 5.504191 5.610868 5.746841 5.897073 6.039832 6.180583 6.317267 6.445313 6.541851 6.634055 6.744797 6.854594 6.928617 6.994741 7.057944 7.099232 7.14392 7.190656 7.246852 7.347075 7.493698 7.619896 7.699142 7.785017 7.855219 7.937236 8.026734 8.094745 8.161677 8.253448 8.357785 8.454824 8.565484 8.700644 8.844328 8.935828 8.977547 8.955612 8.851914 8.687138 8.481802 8.23806 7.922993 7.444909 6.674439 5.563601 4.486881 3.827873 3.504005 2.954857 2.666105 2.602874 2.744072 2.900052
6.006446 5.902677 5.805842 5.701597 5.592203 5.4853 5.421661 5.423045 5.508329 5.621127 5.755713 5.904497 6.045198 6.186233 6.330059 6.459262 6.554193 6.644958 6.749146 6.844746 6.912787 6.976025 7.025116 7.053512 7.085351 7.129256 7.183529 7.265124 7.390032 7.507181 7.584908 7.665628 7.74436 7.828662 7.920282 7.994967 8.066722 8.169579 8.28588 8.392409 8.518022 8.671576 8.82791 8.917484 8.958087 8.940235 8.85242 8.70029 8.497046 8.258215 7.951298 7.495998 6.680242 5.597352 4.514579 3.766927 3.396027 3.048813 2.782278 2.776834 2.95838 3.02334
6.150296 6.030438 5.921869 5.801976 5.662181 5.527574 5.434507 5.419221 5.499119 5.603568 5.728471 5.86913 5.99895 6.14181 6.280629 6.397211 6.488114 6.572882 6.665736 6.750605 6.811452 6.863935 6.897371 6.916271 6.942807 6.982601 7.038514 7.112477 7.217309 7.327423 7.417242 7.502058 7.594967 7.685278 7.775825 7.860465 7.941986 8.051929 8.181604 8.303284 8.44309 8.612486 8.776632 8.87351 8.928314 8.918714 8.847045 8.720878 8.528742 8.287956 7.984836 7.549653 6.762168 5.671978 4.546388 3.680495 3.178085 2.937201 2.732679 2.817143 2.935767 3.067477
6.289692 6.176285 6.058516 5.931751 5.769824 5.617703 5.502968 5.451094 5.479057 5.555585 5.670232 5.808967 5.929694 6.063735 6.201645 6.312458 6.390914 6.466318 6.546119 6.615004 6.663683 6.702515 6.727253 6.741841 6.757727 6.796754 6.862813 6.938472 7.028338 7.125762 7.221976 7.320529 7.420528 7.521124 7.615285 7.708256 7.804983 7.92259 8.067877 8.21215 8.363598 8.546407 8.718845 8.826605 8.897763 8.90553 8.848847 8.744899 8.575459 8.329072 8.020836 7.595151 6.874036 5.776195 4.595577 3.613269 2.972725 2.681093 2.627739 2.717539 2.936522 3.187378
6.427041 6.323371 6.190301 6.056428 5.893757 5.732516 5.594287 5.488918 5.441955 5.478392 5.586668 5.727173 5.844634 5.972405 6.110434 6.204625 6.277857 6.340153 6.400779 6.457369 6.499444 6.526069 6.54321 6.557908 6.575031 6.612146 6.677962 6.753102 6.833528 6.925959 7.022091 7.124075 7.230798 7.344395 7.44848 7.544816 7.65448 7.787727 7.949239 8.118722 8.279943 8.475145 8.65882 8.780893 8.872263 8.905458 8.867019 8.76732 8.61825 8.374185 8.055632 7.625481 6.943018 5.883487 4.638481 3.563951 2.89036 2.579423 2.530313 2.689957 3.044733 3.440367
6.555001 6.460972 6.327326 6.18237 6.018798 5.833038 5.656199 5.493151 5.387547 5.392994 5.500275 5.640744 5.770369 5.902767 6.024908 6.09651 6.156813 6.202067 6.239488 6.281092 6.317785 6.3411 6.356993 6.382121 6.413784 6.447996 6.50774 6.58062 6.657732 6.741422 6.824475 6.923654 7.041538 7.166763 7.276107 7.373004 7.492902 7.647647 7.824688 8.018071 8.192513 8.400339 8.599915 8.741925 8.858353 8.921388 8.901303 8.79708 8.643683 8.412898 8.089608 7.654077 6.988505 5.99739 4.726728 3.590806 2.924561 2.591294 2.561927 2.85689 3.372506 3.924683
6.675725 6.599897 6.475245 6.313686 6.14604 5.951423 5.753592 5.547542 5.385068 5.330529 5.411784 5.56396 5.723293 5.844431 5.924517 5.96563 6.001917 6.042776 6.063364 6.088534 6.124814 6.155461 6.184072 6.217977 6.268104 6.3104 6.359602 6.434369 6.491751 6.551745 6.637853 6.736093 6.866312 6.998936 7.103078 7.195939 7.33569 7.505413 7.696407 7.906451 8.103593 8.328032 8.547152 8.712702 8.859846 8.955018 8.945225 8.829921 8.663774 8.445216 8.13182 7.695218 7.040349 6.115847 4.913068 3.746764 3.073562 2.786161 2.850595 3.250756 3.85837 4.490773
6.784626 6.724643 6.611575 6.453989 6.266022 6.067653 5.842494 5.613895 5.404244 5.260211 5.300489 5.48676 5.670108 5.763844 5.788365 5.780398 5.795728 5.847142 5.867878 5.884625 5.929339 5.979933 6.027761 6.079076 6.139079 6.182298 6.223354 6.288921 6.332026 6.375321 6.467461 6.567561 6.704844 6.847775 6.957415 7.059762 7.208923 7.382031 7.576056 7.795325 8.021413 8.267941 8.506903 8.699094 8.881834 9.004588 8.995165 8.867738 8.691526 8.473927 8.178411 7.753854 7.125507 6.24267 5.113938 4.053108 3.388211 3.12506 3.214735 3.690476 4.394449 5.092073
6.882147 6.825456 6.719474 6.566349 6.368598 6.169068 5.934632 5.711548 5.481712 5.28482 5.303537 5.482276 5.642109 5.683987 5.652389 5.582339 5.579331 5.638266 5.663331 5.686313 5.754162 5.833154 5.909345 5.985101 6.04845 6.093584 6.13261 6.203417 6.238358 6.27151 6.370926 6.476299 6.618799 6.771843 6.894714 7.010189 7.151278 7.308062 7.497612 7.729974 7.979636 8.244659 8.497042 8.713187 8.928236 9.060106 9.04302 8.911172 8.726866 8.505427 8.23023 7.851329 7.285187 6.475291 5.401776 4.400245 3.860755 3.658436 3.750426 4.243644 4.943919 5.63332
