py_wake/examples/data/AJ_ParqueFicticio/Ridge area   Sector 10   Height 30m   Turbulence intensity.grd
DSAA
90  129
 262878   265103
 6504214   6507414
 8.154901   100
[rows 84 to 111 of 129, columns 0 to 62 of 90]
12.54182 12.2092 11.90094 11.68099 11.52196 11.3864 11.32245 11.31686 11.27837 11.15232 11.04597 10.97637 10.88099 10.82161 10.89238 11.01107 11.10077 11.12311 11.06787 10.9888 11.06437 11.19397 11.31136 11.36469 11.32615 11.20178 11.09663 11.00674 10.86804 10.80133 10.75409 10.65936 10.53944 10.38345 10.18943 9.994539 9.790378 9.525434 9.264635 9.117398 8.975848 8.804965 8.690195 8.67189 8.676825 8.69668 8.758841 8.916033 9.258329 10.04501 11.8567 15.31299 20.9045 27.9872 34.86288 39.05435 39.66261 40.68257 41.95768 43.54344 45.42042 47.29422 47.123
12.37465 12.02627 11.73566 11.50958 11.30122 11.20596 11.19954 11.19289 11.13487 11.03884 10.99216 10.99849 11.02064 11.04338 11.09727 11.16494 11.22596 11.24786 11.23937 11.22044 11.28484 11.40777 11.53286 11.5927 11.56465 11.42554 11.25013 11.07805 10.86237 10.7288 10.5646 10.36735 10.20616 10.06328 9.892385 9.719807 9.570171 9.342909 9.150394 9.055672 8.956811 8.84283 8.747466 8.713412 8.715434 8.728713 8.799369 8.95606 9.246848 9.887265 11.38556 14.11268 18.46524 24.48214 31.5667 39.3867 43.14034 44.39337 45.84505 47.35804 48.45601 48.82425 48.68864
12.18916 11.86885 11.60165 11.36406 11.14966 11.08501 11.11001 11.13489 11.10667 11.03612 11.04532 11.1268 11.21996 11.29159 11.36716 11.41287 11.42032 11.43201 11.45181 11.47631 11.57058 11.70662 11.84158 11.88027 11.84577 11.7011 11.45878 11.2002 10.91066 10.67948 10.41587 10.12934 9.931372 9.774562 9.625746 9.514417 9.371729 9.177587 9.045019 8.990459 8.945692 8.904088 8.867966 8.847422 8.840504 8.852582 8.907736 9.021417 9.230124 9.716876 10.89145 12.95925 16.29334 20.92877 26.80865 33.99408 38.83434 42.40564 45.00456 46.92285 48.37285 49.39055 49.79393
12.02416 11.73162 11.48858 11.26678 11.0897 11.05974 11.11144 11.1701 11.19824 11.19031 11.23106 11.3237 11.43054 11.53165 11.63881 11.70807 11.71326 11.69175 11.68853 11.74315 11.8624 12.02973 12.16261 12.14891 12.09038 11.94603 11.63429 11.30451 10.95501 10.63149 10.30537 9.997665 9.758356 9.562346 9.447124 9.360502 9.213707 9.043004 8.953948 8.935802 8.956648 8.982517 8.994854 9.005285 9.005561 9.005423 9.030819 9.104729 9.243425 9.590559 10.46056 12.0291 14.54959 18.01084 22.33042 27.10647 30.85607 34.65364 38.31137 41.56101 44.0648 46.15392 47.80385
11.92881 11.672 11.44149 11.25248 11.14551 11.14136 11.19691 11.27255 11.33844 11.40474 11.48131 11.58317 11.69423 11.81176 11.93694 12.03035 12.08167 12.04349 11.99666 12.0327 12.15055 12.27817 12.40171 12.34486 12.22383 12.04381 11.71505 11.35606 10.96363 10.59716 10.24354 9.926861 9.649577 9.444715 9.344686 9.250316 9.103194 8.949772 8.884272 8.911179 9.003535 9.077541 9.124131 9.158683 9.175377 9.180045 9.192026 9.241213 9.339314 9.573244 10.17365 11.31299 13.13445 15.67785 18.98613 22.31798 24.67514 27.00031 29.75799 32.77705 35.57061 38.27803 40.97809
11.88015 11.65992 11.43615 11.27449 11.24409 11.28911 11.35403 11.43656 11.52431 11.6259 11.73406 11.8577 12.00277 12.14579 12.27276 12.37915 12.47575 12.41279 12.33594 12.32569 12.40105 12.45735 12.53941 12.44766 12.25674 12.02585 11.71762 11.35031 10.92955 10.5585 10.20016 9.875103 9.571031 9.375799 9.288623 9.179982 9.032276 8.889633 8.84384 8.915953 9.065323 9.195261 9.281837 9.354227 9.413006 9.437845 9.430367 9.443032 9.482661 9.64084 10.01133 10.73901 11.96994 13.76883 16.28911 18.96613 20.97147 22.38024 23.83578 25.68454 27.61933 29.62704 31.94487
11.8785 11.70494 11.47268 11.32932 11.36728 11.46364 11.56268 11.64539 11.73431 11.8317 11.94756 12.10494 12.31481 12.51831 12.62264 12.65777 12.70254 12.65474 12.56193 12.5564 12.57884 12.54738 12.58659 12.46197 12.20993 11.93596 11.62374 11.2432 10.83387 10.48485 10.14222 9.822442 9.509051 9.326296 9.247298 9.137981 8.997954 8.868009 8.845225 8.944604 9.169909 9.370197 9.476085 9.564508 9.648979 9.702853 9.702925 9.692092 9.695593 9.780494 9.994188 10.39575 11.16718 12.46184 14.31095 16.32402 18.03088 19.36329 20.43143 21.62971 22.82887 24.03816 25.41548
11.99427 11.84936 11.6515 11.52046 11.57369 11.69313 11.80478 11.87964 11.95688 12.05488 12.16634 12.32684 12.55483 12.77554 12.84095 12.76941 12.7454 12.69187 12.59203 12.57842 12.55872 12.44974 12.45231 12.27759 11.98434 11.70614 11.4075 11.02632 10.66442 10.36679 10.05477 9.772553 9.499476 9.327348 9.249437 9.146116 9.028955 8.929212 8.90905 9.04124 9.268629 9.477072 9.614426 9.748014 9.886679 9.976092 9.992438 9.980722 9.981565 9.993173 10.08335 10.30505 10.83697 11.84901 13.26049 14.62 15.77654 16.78829 17.76201 18.84369 19.78989 20.7064 21.73348
12.27075 12.10648 11.94205 11.86075 11.89678 11.99864 12.11857 12.20537 12.28109 12.3472 12.43015 12.55831 12.70762 12.83462 12.81726 12.71809 12.68474 12.59282 12.47435 12.44635 12.36705 12.21212 12.09029 11.86302 11.59036 11.32558 11.06195 10.73461 10.44177 10.20866 9.939667 9.716199 9.514479 9.362182 9.270367 9.158897 9.057221 8.993118 8.991768 9.114948 9.325994 9.544765 9.733438 9.913714 10.12124 10.26066 10.30691 10.29344 10.27573 10.26582 10.31481 10.46848 10.89637 11.75698 12.85535 13.74815 14.44368 15.11134 15.78704 16.47434 17.17435 17.93446 18.9279
12.6396 12.44774 12.2856 12.20053 12.24568 12.35823 12.51123 12.61425 12.67703 12.69457 12.71382 12.75178 12.80063 12.83 12.72267 12.61128 12.56765 12.45301 12.35457 12.28121 12.10337 11.89051 11.65253 11.39766 11.14596 10.88973 10.64874 10.39885 10.20306 10.02559 9.802859 9.629221 9.487914 9.377757 9.293068 9.1799 9.096117 9.045704 9.054851 9.170168 9.384119 9.605807 9.837396 10.07249 10.348 10.56993 10.6714 10.64872 10.61411 10.59789 10.61714 10.72336 11.13158 11.92683 12.82597 13.46022 13.87735 14.21148 14.51878 14.75715 15.08383 15.58785 16.47331
12.99747 12.82533 12.61502 12.49607 12.52748 12.69022 12.92991 13.06412 13.03986 13.0165 12.9851 12.90593 12.87611 12.81606 12.63671 12.49603 12.40579 12.30152 12.20308 12.04877 11.83216 11.54223 11.25434 11.00041 10.7408 10.51401 10.29731 10.10153 9.979835 9.847154 9.677217 9.54334 9.44818 9.384375 9.322579 9.226553 9.155642 9.104393 9.108465 9.209054 9.407683 9.644957 9.904489 10.20408 10.57649 10.89019 11.05125 11.08104 11.06574 11.02705 10.98381 11.06852 11.50527 12.26629 13.13104 13.71489 13.92452 13.97639 13.96144 13.84906 13.79157 13.96412 14.61597
13.33299 13.18412 12.9612 12.80023 12.8188 12.985 13.19243 13.31509 13.22665 13.17803 13.11694 12.96195 12.86303 12.72137 12.52419 12.37392 12.24834 12.12458 11.97455 11.78955 11.55123 11.24634 10.93148 10.652 10.40157 10.18686 9.987884 9.849482 9.773944 9.685513 9.583827 9.499377 9.430571 9.39278 9.34591 9.273866 9.199689 9.137908 9.128187 9.215871 9.404856 9.633946 9.916798 10.29283 10.78759 11.21622 11.46283 11.53543 11.51788 11.46254 11.41783 11.50276 11.91974 12.72683 13.57257 14.18282 14.34153 14.23331 13.98704 13.65931 13.35389 13.25574 13.61058
13.70914 13.53422 13.32002 13.13673 13.12865 13.21896 13.35468 13.42621 13.28813 13.2106 13.09209 12.92537 12.78162 12.58972 12.3865 12.22216 12.07999 11.90147 11.70692 11.50553 11.26829 10.96047 10.63152 10.34685 10.11516 9.881009 9.701886 9.623608 9.576002 9.531075 9.497501 9.473867 9.440207 9.426942 9.395077 9.339887 9.266149 9.186752 9.155417 9.210249 9.371474 9.596237 9.906731 10.35808 10.97087 11.55833 11.9156 12.02775 12.04035 12.01024 12.0146 12.07341 12.43054 13.27408 14.19993 14.87855 15.10203 14.99339 14.64915 14.12861 13.63876 13.31382 13.29733
14.05735 13.8667 13.65438 13.47634 13.41139 13.42241 13.50448 13.48899 13.31379 13.18742 13.02343 12.84807 12.66494 12.44612 12.23225 12.0456 11.87804 11.67102 11.44331 11.23347 10.98069 10.66373 10.31497 10.07171 9.870865 9.628162 9.467997 9.41074 9.378271 9.375295 9.409144 9.448028 9.470938 9.490952 9.479109 9.438918 9.3616 9.258742 9.187381 9.19367 9.317108 9.540849 9.878821 10.38866 11.11991 11.86733 12.36717 12.5803 12.71158 12.71664 12.68337 12.6775 13.09202 13.98889 15.03651 15.87883 16.25054 16.30312 15.88687 15.07636 14.30112 14.06345 14.58434
14.23795 14.08304 13.89453 13.75859 13.64703 13.6016 13.64029 13.52406 13.32094 13.13535 12.94096 12.72694 12.51226 12.28785 12.05661 11.83395 11.64824 11.43072 11.20735 10.98407 10.70003 10.38856 10.06316 9.856083 9.674725 9.45279 9.298606 9.236563 9.201221 9.222802 9.306855 9.397214 9.475908 9.540963 9.569255 9.555433 9.474848 9.349306 9.234495 9.188359 9.253303 9.446481 9.793107 10.34374 11.1435 12.19735 12.78382 13.0985 13.35745 13.39995 13.37673 13.35919 13.88634 14.88577 16.06391 17.13753 17.79281 18.06531 17.72397 16.98382 16.50268 16.38828 16.86004
14.29882 14.13238 13.97027 13.88074 13.73991 13.66302 13.64799 13.47799 13.24635 13.03065 12.81934 12.5992 12.35772 12.12377 11.90068 11.67982 11.4762 11.25034 11.04038 10.82075 10.55394 10.25637 9.956297 9.743884 9.557865 9.349373 9.179053 9.087935 9.039169 9.072412 9.195247 9.337902 9.472866 9.592735 9.670071 9.685883 9.60675 9.460682 9.308481 9.204623 9.191504 9.328251 9.656967 10.22047 11.12107 12.37004 13.32578 13.55403 13.9599 14.19864 14.31861 14.3908 14.87048 15.90979 17.19453 18.41791 19.32585 19.7882 19.8474 19.60877 18.91053 18.41173 18.42791
1.70141E+38 1.70141E+38 1.70141E+38 1.70141E+38 1.70141E+38 1.70141E+38 1.70141E+38 1.70141E+38 1.70141E+38 1.70141E+38 1.70141E+38 1.70141E+38 1.70141E+38 1.70141E+38 1.70141E+38 1.70141E+38 1.70141E+38 1.70141E+38 1.70141E+38 1.70141E+38 1.70141E+38 1.70141E+38 1.70141E+38 1.70141E+38 1.70141E+38 1.70141E+38 1.70141E+38 1.70141E+38 1.70141E+38 1.70141E+38 1.70141E+38 1.70141E+38 1.70141E+38 1.70141E+38 1.70141E+38 1.70141E+38 1.70141E+38 1.70141E+38 1.70141E+38 1.70141E+38 1.70141E+38 1.70141E+38 1.70141E+38 1.70141E+38 1.70141E+38 1.70141E+38 1.70141E+38 1.70141E+38 1.70141E+38 1.70141E+38 1.70141E+38 1.70141E+38 1.70141E+38 1.70141E+38 1.70141E+38 1.70141E+38 1.70141E+38 1.70141E+38 1.70141E+38 1.70141E+38 1.70141E+38 1.70141E+38 1.70141E+38
1.70141E+38 1.70141E+38 1.70141E+38 1.70141E+38 1.70141E+38 1.70141E+38 1.70141E+38 1.70141E+38 1.70141E+38 1.70141E+38 1.70141E+38 1.70141E+38 1.70141E+38 1.70141E+38 1.70141E+38 1.70141E+38 1.70141E+38 1.70141E+38 1.70141E+38 1.70141E+38 1.70141E+38 1.70141E+38 1.70141E+38 1.70141E+38 1.70141E+38 1.70141E+38 1.70141E+38 1.70141E+38 1.70141E+38 1.70141E+38 1.70141E+38 1.70141E+38 1.70141E+38 1.70141E+38 1.70141E+38 1.70141E+38 1.70141E+38 1.70141E+38 1.70141E+38 1.70141E+38 1.70141E+38 1.70141E+38 1.70141E+38 1.70141E+38 1.70141E+38 1.70141E+38 1.70141E+38 1.70141E+38 1.70141E+38 1.70141E+38 1.70141E+38 1.70141E+38 1.70141E+38 1.70141E+38 1.70141E+38 1.70141E+38 1.70141E+38 1.70141E+38 1.70141E+38 1.70141E+38 1.70141E+38 1.70141E+38 1.70141E+38
1.70141E+38 1.70141E+38 1.70141E+38 1.70141E+38 1.70141E+38 1.70141E+38 1.70141E+38 1.70141E+38 1.70141E+38 1.70141E+38 1.70141E+38 1.70141E+38 1.70141E+38 1.70141E+38 1.70141E+38 1.70141E+38 1.70141E+38 1.70141E+38 1.70141E+38 1.70141E+38 1.70141E+38 1.70141E+38 1.70141E+38 1.70141E+38 1.70141E+38 1.70141E+38 1.70141E+38 1.70141E+38 1.70141E+38 1.70141E+38 1.70141E+38 1.70141E+38 1.70141E+38 1.70141E+38 1.70141E+38 1.70141E+38 1.70141E+38 1.70141E+38 1.70141E+38 1.70141E+38 1.70141E+38 1.70141E+38 1.70141E+38 1.70141E+38 1.70141E+38 1.70141E+38 1.70141E+38 1.70141E+38 1.70141E+38 1.70141E+38 1.70141E+38 1.70141E+38 1.70141E+38 1.70141E+38 1.70141E+38 1.70141E+38 1.70141E+38 1.70141E+38 1.70141E+38 1.70141E+38 1.70141E+38 1.70141E+38 1.70141E+38
1.70141E+38 1.70141E+38 1.70141E+38 1.70141E+38 1.70141E+38 1.70141E+38 1.70141E+38 1.70141E+38 1.70141E+38 1.70141E+38 1.70141E+38 1.70141E+38 1.70141E+38 1.70141E+38 1.70141E+38 1.70141E+38 1.70141E+38 1.70141E+38 1.70141E+38 1.70141E+38 1.70141E+38 1.70141E+38 1.70141E+38 1.70141E+38 1.70141E+38 1.70141E+38 1.70141E+38 1.70141E+38 1.70141E+38 1.70141E+38 1.70141E+38 1.70141E+38 1.70141E+38 1.70141E+38 1.70141E+38 1.70141E+38 1.70141E+38 1.70141E+38 1.70141E+38 1.70141E+38 1.70141E+38 1.70141E+38 1.70141E+38 1.70141E+38 1.70141E+38 1.70141E+38 1.70141E+38 1.70141E+38 1.70141E+38 1.70141E+38 1.70141E+38 1.70141E+38 1.70141E+38 1.70141E+38 1.70141E+38 1.70141E+38 1.70141E+38 1.70141E+38 1.70141E+38 1.70141E+38 1.70141E+38 1.70141E+38 1.70141E+38
1.70141E+38 1.70141E+38 1.70141E+38 1.70141E+38 1.70141E+38 1.70141E+38 1.70141E+38 1.70141E+38 1.70141E+38 1.70141E+38 1.70141E+38 1.70141E+38 1.70141E+38 1.70141E+38 1.70141E+38 1.70141E+38 1.70141E+38 1.70141E+38 1.70141E+38 1.70141E+38 1.70141E+38 1.70141E+38 1.70141E+38 1.70141E+38 1.70141E+38 1.70141E+38 1.70141E+38 1.70141E+38 1.70141E+38 1.70141E+38 1.70141E+38 1.70141E+38 1.70141E+38 1.70141E+38 1.70141E+38 1.70141E+38 1.70141E+38 1.70141E+38 1.70141E+38 1.70141E+38 1.70141E+38 1.70141E+38 1.70141E+38 1.70141E+38 1.70141E+38 1.70141E+38 1.70141E+38 1.70141E+38 1.70141E+38 1.70141E+38 1.70141E+38 1.70141E+38 1.70141E+38 1.70141E+38 1.70141E+38 1.70141E+38 1.70141E+38 1.70141E+38 1.70141E+38 1.70141E+38 1.70141E+38 1.70141E+38 1.70141E+38
1.70141E+38 1.70141E+38 1.70141E+38 1.70141E+38 1.70141E+38 1.70141E+38 1.70141E+38 1.70141E+38 1.70141E+38 1.70141E+38 1.70141E+38 1.70141E+38 1.70141E+38 1.70141E+38 1.70141E+38 1.70141E+38 1.70141E+38 1.70141E+38 1.70141E+38 1.70141E+38 1.70141E+38 1.70141E+38 1.70141E+38 1.70141E+38 1.70141E+38 1.70141E+38 1.70141E+38 1.70141E+38 1.70141E+38 1.70141E+38 1.70141E+38 1.70141E+38 1.70141E+38 1.70141E+38 1.70141E+38 1.70141E+38 1.70141E+38 1.70141E+38 1.70141E+38 1.70141E+38 1.70141E+38 1.70141E+38 1.70141E+38 1.70141E+38 1.70141E+38 1.70141E+38 1.70141E+38 1.70141E+38 1.70141E+38 1.70141E+38 1.70141E+38 1.70141E+38 1.70141E+38 1.70141E+38 1.70141E+38 1.70141E+38 1.70141E+38 1.70141E+38 1.70141E+38 1.70141E+38 1.70141E+38 1.70141E+38 1.70141E+38
1.70141E+38 1.70141E+38 1.70141E+38 1.70141E+38 1.70141E+38 1.70141E+38 1.70141E+38 1.70141E+38 1.70141E+38 1.70141E+38 1.70141E+38 1.70141E+38 1.70141E+38 1.70141E+38 1.70141E+38 1.70141E+38 1.70141E+38 1.70141E+38 1.70141E+38 1.70141E+38 1.70141E+38 1.70141E+38 1.70141E+38 1.70141E+38 1.70141E+38 1.70141E+38 1.70141E+38 1.70141E+38 1.70141E+38 1.70141E+38 1.70141E+38 1.70141E+38 1.70141E+38 1.70141E+38 1.70141E+38 1.70141E+38 1.70141E+38 1.70141E+38 1.70141E+38 1.70141E+38 1.70141E+38 1.70141E+38 1.70141E+38 1.70141E+38 1.70141E+38 1.70141E+38 1.70141E+38 1.70141E+38 1.70141E+38 1.70141E+38 1.70141E+38 1.70141E+38 1.70141E+38 1.70141E+38 1.70141E+38 1.70141E+38 1.70141E+38 1.70141E+38 1.70141E+38 1.70141E+38 1.70141E+38 1.70141E+38 1.70141E+38
1.70141E+38 1.70141E+38 1.70141E+38 1.70141E+38 1.70141E+38 1.70141E+38 1.70141E+38 1.70141E+38 1.70141E+38 1.70141E+38 1.70141E+38 1.70141E+38 1.70141E+38 1.70141E+38 1.70141E+38 1.70141E+38 1.70141E+38 1.70141E+38 1.70141E+38 1.70141E+38 1.70141E+38 1.70141E+38 1.70141E+38 1.70141E+38 1.70141E+38 1.70141E+38 1.70141E+38 1.70141E+38 1.70141E+38 1.70141E+38 1.70141E+38 1.70141E+38 1.70141E+38 1.70141E+38 1.70141E+38 1.70141E+38 1.70141E+38 1.70141E+38 1.70141E+38 1.70141E+38 1.70141E+38 1.70141E+38 1.70141E+38 1.70141E+38 1.70141E+38 1.70141E+38 1.70141E+38 1.70141E+38 1.70141E+38 1.70141E+38 1.70141E+38 1.70141E+38 1.70141E+38 1.70141E+38 1.70141E+38 1.70141E+38 1.70141E+38 1.70141E+38 1.70141E+38 1.70141E+38 1.70141E+38 1.70141E+38 1.70141E+38
1.70141E+38 1.70141E+38 1.70141E+38 1.70141E+38 1.70141E+38 1.70141E+38 1.70141E+38 1.70141E+38 1.70141E+38 1.70141E+38 1.70141E+38 1.70141E+38 1.70141E+38 1.70141E+38 1.70141E+38 1.70141E+38 1.70141E+38 1.70141E+38 1.70141E+38 1.70141E+38 1.70141E+38 1.70141E+38 1.70141E+38 1.70141E+38 1.70141E+38 1.70141E+38 1.70141E+38 1.70141E+38 1.70141E+38 1.70141E+38 1.70141E+38 1.70141E+38 1.70141E+38 1.70141E+38 1.70141E+38 1.70141E+38 1.70141E+38 1.70141E+38 1.70141E+38 1.70141E+38 1.70141E+38 1.70141E+38 1.70141E+38 1.70141E+38 1.70141E+38 1.70141E+38 1.70141E+38 1.70141E+38 1.70141E+38 1.70141E+38 1.70141E+38 1.70141E+38 1.70141E+38 1.70141E+38 1.70141E+38 1.70141E+38 1.70141E+38 1.70141E+38 1.70141E+38 1.70141E+38 1.70141E+38 1.70141E+38 1.70141E+38
1.70141E+38 1.70141E+38 1.70141E+38 1.70141E+38 1.70141E+38 1.70141E+38 1.70141E+38 1.70141E+38 1.70141E+38 1.70141E+38 1.70141E+38 1.70141E+38 1.70141E+38 1.70141E+38 1.70141E+38 1.70141E+38 1.70141E+38 1.70141E+38 1.70141E+38 1.70141E+38 1.70141E+38 1.70141E+38 1.70141E+38 1.70141E+38 1.70141E+38 1.70141E+38 1.70141E+38 1.70141E+38 1.70141E+38 1.70141E+38 1.70141E+38 1.70141E+38 1.70141E+38 1.70141E+38 1.70141E+38 1.70141E+38 1.70141E+38 1.70141E+38 1.70141E+38 1.70141E+38 1.70141E+38 1.70141E+38 1.70141E+38 1.70141E+38 1.70141E+38 1.70141E+38 1.70141E+38 1.70141E+38 1.70141E+38 1.70141E+38 1.70141E+38 1.70141E+38 1.70141E+38 1.70141E+38 1.70141E+38 1.70141E+38 1.70141E+38 1.70141E+38 1.70141E+38 1.70141E+38 1.70141E+38 1.70141E+38 1.70141E+38
1.70141E+38 1.70141E+38 1.70141E+38 1.70141E+38 1.70141E+38 1.70141E+38 1.70141E+38 1.70141E+38 1.70141E+38 1.70141E+38 1.70141E+38 1.70141E+38 1.70141E+38 1.70141E+38 1.70141E+38 1.70141E+38 1.70141E+38 1.70141E+38 1.70141E+38 1.70141E+38 1.70141E+38 1.70141E+38 1.70141E+38 1.70141E+38 1.70141E+38 1.70141E+38 1.70141E+38 1.70141E+38 1.70141E+38 1.70141E+38 1.70141E+38 1.70141E+38 1.70141E+38 1.70141E+38 1.70141E+38 1.70141E+38 1.70141E+38 1.70141E+38 1.70141E+38 1.70141E+38 1.70141E+38 1.70141E+38 1.70141E+38 1.70141E+38 1.70141E+38 1.70141E+38 1.70141E+38 1.70141E+38 1.70141E+38 1.70141E+38 1.70141E+38 1.70141E+38 1.70141E+38 1.70141E+38 1.70141E+38 1.70141E+38 1.70141E+38 1.70141E+38 1.70141E+38 1.70141E+38 1.70141E+38 1.70141E+38 1.70141E+38
1.70141E+38 1.70141E+38 1.70141E+38 1.70141E+38 1.70141E+38 1.70141E+38 1.70141E+38 1.70141E+38 1.70141E+38 1.70141E+38 1.70141E+38 1.70141E+38 1.70141E+38 1.70141E+38 1.70141E+38 1.70141E+38 1.70141E+38 1.70141E+38 1.70141E+38 1.70141E+38 1.70141E+38 1.70141E+38 1.70141E+38 1.70141E+38 1.70141E+38 1.70141E+38 1.70141E+38 1.70141E+38 1.70141E+38 1.70141E+38 1.70141E+38 1.70141E+38 1.70141E+38 1.70141E+38 1.70141E+38 1.70141E+38 1.70141E+38 1.70141E+38 1.70141E+38 1.70141E+38 1.70141E+38 1.70141E+38 1.70141E+38 1.70141E+38 1.70141E+38 1.70141E+38 1.70141E+38 1.70141E+38 1.70141E+38 1.70141E+38 1.70141E+38 1.70141E+38 1.70141E+38 1.70141E+38 1.70141E+38 1.70141E+38 1.70141E+38 1.70141E+38 1.70141E+38 1.70141E+38 1.70141E+38 1.70141E+38 1.70141E+38
