py_wake/examples/data/AJ_ParqueFicticio/Ridge area   Sector 2   Height 200m   Mean speed.grd
DSAA
90  129
 262878   265103
 6504214   6507414
 .752207   5.028252
[rows 81 to 107 of 129, columns 0 to 61 of 90]
2.507982 2.50869 2.537553 2.572732 2.615031 2.676344 2.745332 2.812855 2.880942 2.934634 2.978756 3.025778 3.055503 3.059764 3.035821 3.002176 2.964927 2.91713 2.880768 2.856339 2.813559 2.783493 2.74984 2.720478 2.688694 2.654278 2.596497 2.542786 2.50439 2.483385 2.499386 2.577637 2.758817 3.034079 3.352037 3.645638 3.875646 4.0546 4.207121 4.345065 4.461452 4.572688 4.66499 4.709537 4.721041 4.711925 4.681595 4.635498 4.549351 4.393675 4.23667 4.061237 3.885218 3.718477 3.572928 3.457339 3.370977 3.301565 3.247832 3.210072 3.177255 3.160649
2.802933 2.84258 2.890565 2.939674 2.993474 3.037333 3.087104 3.137136 3.174087 3.213867 3.26768 3.317886 3.35123 3.361698 3.341047 3.299288 3.241883 3.200449 3.188065 3.192509 3.157279 3.101657 3.043594 3.013659 3.006747 3.01012 3.004864 2.994284 2.995748 2.999403 3.032126 3.106663 3.253278 3.474039 3.698442 3.894485 4.063908 4.215242 4.362917 4.4891 4.593338 4.688784 4.748894 4.765266 4.763344 4.737596 4.695055 4.638799 4.523214 4.364486 4.201339 4.01512 3.830245 3.653059 3.497909 3.369851 3.270576 3.191637 3.139158 3.11138 3.088908 3.071665
3.025992 3.08732 3.152312 3.209298 3.255634 3.307909 3.352551 3.370658 3.391417 3.440252 3.489325 3.520756 3.554835 3.567077 3.52364 3.460223 3.402223 3.370214 3.374922 3.394553 3.344418 3.281082 3.228949 3.211129 3.236243 3.284552 3.306385 3.329017 3.36709 3.393017 3.427741 3.49622 3.615006 3.776041 3.935245 4.07826 4.221194 4.36382 4.504367 4.613237 4.702857 4.774357 4.808711 4.810254 4.793412 4.754993 4.703341 4.63281 4.49738 4.344719 4.180084 3.991986 3.80645 3.628923 3.467594 3.326421 3.214806 3.126567 3.069878 3.037191 3.011617 3.001275
3.210001 3.284741 3.355139 3.411562 3.462939 3.508916 3.532493 3.541562 3.563945 3.606348 3.635064 3.646041 3.644407 3.61125 3.556551 3.493741 3.439232 3.404565 3.391831 3.386683 3.352652 3.309911 3.282502 3.284547 3.334542 3.414349 3.480471 3.536286 3.603055 3.653089 3.706403 3.788534 3.890455 4.004002 4.124915 4.245048 4.367562 4.501472 4.623472 4.715456 4.789121 4.838196 4.852157 4.840746 4.809524 4.762303 4.699594 4.607265 4.463497 4.321714 4.163637 3.989273 3.81687 3.644752 3.480678 3.331909 3.213739 3.118023 3.048916 2.994868 2.95662 2.942907
3.38483 3.460648 3.523378 3.577977 3.632086 3.659307 3.66446 3.667927 3.683102 3.701837 3.698795 3.666939 3.608437 3.53257 3.466304 3.411978 3.359283 3.314398 3.275468 3.244164 3.219452 3.198626 3.197681 3.240304 3.325719 3.440398 3.555129 3.653641 3.75053 3.82685 3.913175 4.008427 4.099788 4.194105 4.299045 4.405129 4.510021 4.627964 4.725703 4.799843 4.854453 4.880814 4.87714 4.8537 4.810791 4.752753 4.671154 4.560133 4.424716 4.295203 4.146369 3.988724 3.831173 3.668197 3.506971 3.357859 3.242764 3.143976 3.059763 2.983765 2.924254 2.888694
3.536609 3.603297 3.658515 3.709782 3.752449 3.760414 3.747454 3.728206 3.71317 3.695735 3.647422 3.572118 3.483116 3.392633 3.311031 3.255347 3.214071 3.165485 3.111255 3.063778 3.024549 3.008734 3.028987 3.125098 3.266195 3.42462 3.590918 3.732438 3.855585 3.959574 4.066558 4.17384 4.268455 4.363283 4.456804 4.542445 4.635323 4.733763 4.808031 4.862698 4.890946 4.889319 4.862319 4.818817 4.760023 4.684333 4.591245 4.486104 4.372519 4.255427 4.117218 3.976731 3.831032 3.678461 3.527451 3.386571 3.280034 3.179054 3.081435 2.99063 2.915032 2.853835
3.653672 3.705111 3.745426 3.779121 3.79281 3.770827 3.730721 3.684554 3.637572 3.581808 3.502217 3.406797 3.304544 3.201991 3.115613 3.05002 3.006692 2.97111 2.929841 2.87381 2.82441 2.798539 2.841765 3.011492 3.21684 3.422322 3.636209 3.808897 3.948795 4.071636 4.189541 4.302523 4.409441 4.508917 4.58849 4.661941 4.742773 4.819312 4.871593 4.901601 4.898344 4.865642 4.812012 4.7464 4.67274 4.593097 4.505384 4.409551 4.309502 4.198273 4.068223 3.938528 3.804879 3.671168 3.538476 3.412087 3.314059 3.220575 3.125259 3.033071 2.958671 2.888495
3.715089 3.746766 3.770002 3.780355 3.761839 3.714941 3.653216 3.581134 3.500896 3.404136 3.294168 3.177538 3.061389 2.96009 2.867921 2.793684 2.735575 2.714971 2.705721 2.675144 2.63776 2.642238 2.714865 2.953658 3.229139 3.476473 3.706026 3.88817 4.037014 4.169646 4.29546 4.41423 4.528943 4.623528 4.693545 4.758075 4.825209 4.879668 4.910362 4.912746 4.8799 4.823455 4.753299 4.674913 4.591806 4.504176 4.412403 4.314775 4.214388 4.107425 3.991639 3.875781 3.761311 3.650454 3.534697 3.42204 3.333635 3.254663 3.17271 3.08836 3.020784 2.956808
3.734692 3.745737 3.751019 3.738032 3.687351 3.610973 3.52295 3.426072 3.31536 3.18925 3.052064 2.912347 2.780638 2.66557 2.569307 2.487955 2.418568 2.425179 2.445638 2.460822 2.464957 2.523898 2.670303 2.957875 3.287842 3.559554 3.784067 3.966779 4.123827 4.264729 4.39838 4.523218 4.638577 4.72258 4.783695 4.83843 4.889862 4.920119 4.924872 4.898578 4.838227 4.759056 4.668134 4.569565 4.466239 4.366989 4.276389 4.186077 4.102008 4.007673 3.907716 3.81091 3.716749 3.641576 3.555251 3.468525 3.390568 3.319715 3.242928 3.156934 3.075761 3.016484
3.714786 3.704771 3.695561 3.659734 3.577115 3.47279 3.35872 3.24408 3.117466 2.982354 2.832841 2.684096 2.524734 2.378719 2.283764 2.227636 2.182189 2.1823 2.22492 2.257615 2.315388 2.459528 2.68722 3.014082 3.371965 3.648817 3.870047 4.052933 4.214988 4.362352 4.50135 4.627463 4.733181 4.801889 4.851374 4.893081 4.925413 4.92977 4.907249 4.850522 4.75253 4.638288 4.531132 4.426346 4.320557 4.223983 4.140255 4.0633 3.990079 3.907545 3.82458 3.747825 3.692636 3.629177 3.554554 3.48321 3.42255 3.369836 3.311632 3.234843 3.156881 3.084713
3.632858 3.607555 3.577461 3.519077 3.420259 3.301178 3.178527 3.06266 2.93851 2.807686 2.688839 2.555825 2.396432 2.24885 2.171341 2.170709 2.166699 2.179738 2.247208 2.311681 2.413502 2.685052 2.923926 3.229103 3.533172 3.774765 3.973477 4.151164 4.309783 4.452647 4.585741 4.699039 4.784534 4.834701 4.868246 4.893179 4.900236 4.87737 4.825257 4.732875 4.613141 4.500788 4.39482 4.283674 4.169249 4.07359 3.996695 3.929474 3.866495 3.807568 3.747261 3.685772 3.639579 3.574343 3.505235 3.451222 3.412614 3.377325 3.333085 3.270762 3.208636 3.148821
3.470859 3.437148 3.388339 3.309292 3.21063 3.098623 2.979548 2.868335 2.764207 2.683171 2.604078 2.512163 2.422619 2.350078 2.334146 2.366868 2.392174 2.462876 2.58069 2.683263 2.885993 3.119419 3.310313 3.535613 3.75536 3.939061 4.103613 4.264258 4.408931 4.535247 4.649192 4.737786 4.797446 4.82674 4.841343 4.844633 4.821815 4.772075 4.694211 4.583985 4.465909 4.347701 4.230804 4.115038 4.00162 3.918261 3.855231 3.804161 3.757635 3.712263 3.661187 3.598674 3.543456 3.478027 3.418304 3.38181 3.362246 3.34077 3.310327 3.27379 3.23788 3.199939
3.266436 3.230179 3.175854 3.102476 3.003658 2.894863 2.783043 2.693449 2.630738 2.606041 2.587995 2.568541 2.55632 2.557025 2.609285 2.675931 2.732568 2.84163 2.98623 3.129508 3.294891 3.468399 3.641463 3.805926 3.95842 4.105233 4.248791 4.387729 4.508159 4.614031 4.703368 4.76476 4.797948 4.803678 4.79491 4.773482 4.723646 4.652319 4.555259 4.433318 4.301705 4.178027 4.058677 3.944982 3.841278 3.765141 3.711369 3.677023 3.644733 3.60913 3.566267 3.51306 3.443119 3.376709 3.325076 3.299959 3.290573 3.284183 3.276819 3.270872 3.260589 3.241227
3.080812 3.037617 3.004055 2.951819 2.874348 2.767835 2.643575 2.571795 2.58418 2.603146 2.632118 2.68304 2.726103 2.782651 2.88111 2.975121 3.069046 3.195107 3.306055 3.434766 3.577647 3.726519 3.86452 3.992519 4.122505 4.250383 4.380088 4.497571 4.593865 4.677685 4.741179 4.776698 4.782704 4.758651 4.722614 4.672437 4.600411 4.514844 4.409743 4.286576 4.155233 4.027871 3.910175 3.800476 3.701699 3.631523 3.586651 3.557068 3.528982 3.501414 3.47015 3.423942 3.337609 3.276267 3.228793 3.206057 3.207043 3.217489 3.232489 3.25146 3.26657 3.268291
2.9376 2.901591 2.883428 2.858594 2.8024 2.718991 2.644944 2.612123 2.664194 2.711486 2.766181 2.855371 2.931851 3.018883 3.129727 3.240662 3.349076 3.448115 3.551531 3.663099 3.784264 3.911323 4.038177 4.158139 4.272295 4.385074 4.494606 4.583371 4.654919 4.713188 4.748418 4.757269 4.739193 4.695291 4.641337 4.572421 4.49112 4.400758 4.29521 4.170287 4.037914 3.91673 3.803026 3.690583 3.585948 3.514323 3.470377 3.443938 3.423485 3.405787 3.382267 3.341227 3.26778 3.185536 3.140003 3.118927 3.126629 3.149063 3.1798 3.213566 3.243084 3.257135
2.819808 2.807149 2.804278 2.805004 2.779332 2.753691 2.736422 2.745372 2.819589 2.882836 2.959756 3.056188 3.153749 3.261089 3.368459 3.468132 3.563561 3.663653 3.764809 3.865444 3.971385 4.086897 4.207005 4.315983 4.412802 4.508544 4.588767 4.645967 4.692177 4.723563 4.730803 4.715042 4.674853 4.614535 4.546011 4.465275 4.378255 4.287322 4.183722 4.066252 3.944722 3.829327 3.714134 3.59564 3.486552 3.410251 3.366646 3.346195 3.330651 3.315288 3.290771 3.256988 3.200344 3.114233 3.063927 3.043074 3.050727 3.073939 3.107427 3.146716 3.182899 3.208113
2.749781 2.75694 2.774351 2.793262 2.806992 2.82707 2.847149 2.897929 2.991547 3.077232 3.171363 3.267472 3.365086 3.466685 3.565047 3.659713 3.755758 3.857913 3.959239 4.055793 4.156951 4.264559 4.370091 4.453359 4.527689 4.598438 4.649045 4.681515 4.703926 4.708519 4.686467 4.64541 4.582697 4.508265 4.428563 4.340428 4.253129 4.16781 4.07664 3.976903 3.865025 3.750504 3.632657 3.511918 3.396825 3.314144 3.269798 3.250567 3.233366 3.221137 3.205982 3.186957 3.139293 3.06477 2.994901 2.972818 2.977932 2.995532 3.029852 3.077166 3.123863 3.1617
2.771519 2.779478 2.80514 2.831312 2.872755 2.920685 2.965811 3.050718 3.152621 3.250409 3.34785 3.447237 3.544913 3.64185 3.738738 3.835648 3.931723 4.030653 4.12635 4.219644 4.312607 4.401911 4.479317 4.53761 4.589699 4.63413 4.660882 4.674102 4.677874 4.662711 4.621258 4.562335 4.484375 4.396866 4.304173 4.209502 4.126359 4.050972 3.97543 3.889991 3.794624 3.691319 3.57797 3.456684 3.338279 3.244205 3.190859 3.165803 3.14576 3.138005 3.130057 3.119371 3.075554 3.014057 2.953539 2.909273 2.906834 2.919352 2.953545 3.011865 3.073495 3.125066
2.862778 2.883368 2.913291 2.939196 2.994083 3.053349 3.112751 3.206103 3.308937 3.407417 3.503794 3.599908 3.696357 3.788639 3.877755 3.970684 4.062682 4.152817 4.236753 4.317378 4.392497 4.460329 4.513336 4.552394 4.585168 4.609253 4.620759 4.624168 4.619658 4.594003 4.541121 4.469149 4.378734 4.277154 4.174502 4.078843 4.003675 3.940812 3.880661 3.814831 3.7442 3.656993 3.551379 3.43317 3.315916 3.215525 3.150331 3.11318 3.08698 3.072029 3.060935 3.05012 3.015273 2.965583 2.915756 2.876285 2.851086 2.860765 2.891255 2.945644 3.009943 3.067769
1.70141E+38 1.70141E+38 1.70141E+38 1.70141E+38 1.70141E+38 1.70141E+38 1.70141E+38 1.70141E+38 1.70141E+38 1.70141E+38 1.70141E+38 1.70141E+38 1.70141E+38 1.70141E+38 1.70141E+38 1.70141E+38 1.70141E+38 1.70141E+38 1.70141E+38 1.70141E+38 1.70141E+38 1.70141E+38 1.70141E+38 1.70141E+38 1.70141E+38 1.70141E+38 1.70141E+38 1.70141E+38 1.70141E+38 1.70141E+38 1.70141E+38 1.70141E+38 1.70141E+38 1.70141E+38 1.70141E+38 1.70141E+38 1.70141E+38 1.70141E+38 1.70141E+38 1.70141E+38 1.70141E+38 1.70141E+38 1.70141E+38 1.70141E+38 1.70141E+38 1.70141E+38 1.70141E+38 1.70141E+38 1.70141E+38 1.70141E+38 1.70141E+38 1.70141E+38 1.70141E+38 1.70141E+38 1.70141E+38 1.70141E+38 1.70141E+38 1.70141E+38 1.70141E+38 1.70141E+38 1.70141E+38 1.70141E+38
1.70141E+38 1.70141E+38 1.70141E+38 1.70141E+38 1.70141E+38 1.70141E+38 1.70141E+38 1.70141E+38 1.70141E+38 1.70141E+38 1.70141E+38 1.70141E+38 1.70141E+38 1.70141E+38 1.70141E+38 1.70141E+38 1.70141E+38 1.70141E+38 1.70141E+38 1.70141E+38 1.70141E+38 1.70141E+38 1.70141E+38 1.70141E+38 1.70141E+38 1.70141E+38 1.70141E+38 1.70141E+38 1.70141E+38 1.70141E+38 1.70141E+38 1.70141E+38 1.70141E+38 1.70141E+38 1.70141E+38 1.70141E+38 1.70141E+38 1.70141E+38 1.70141E+38 1.70141E+38 1.70141E+38 1.70141E+38 1.70141E+38 1.70141E+38 1.70141E+38 1.70141E+38 1.70141E+38 1.70141E+38 1.70141E+38 1.70141E+38 1.70141E+38 1.70141E+38 1.70141E+38 1.70141E+38 1.70141E+38 1.70141E+38 1.70141E+38 1.70141E+38 1.70141E+38 1.70141E+38 1.70141E+38 1.70141E+38
1.70141E+38 1.70141E+38 1.70141E+38 1.70141E+38 1.70141E+38 1.70141E+38 1.70141E+38 1.70141E+38 1.70141E+38 1.70141E+38 1.70141E+38 1.70141E+38 1.70141E+38 1.70141E+38 1.70141E+38 1.70141E+38 1.70141E+38 1.70141E+38 1.70141E+38 1.70141E+38 1.70141E+38 1.70141E+38 1.70141E+38 1.70141E+38 1.70141E+38 1.70141E+38 1.70141E+38 1.70141E+38 1.70141E+38 1.70141E+38 1.70141E+38 1.70141E+38 1.70141E+38 1.70141E+38 1.70141E+38 1.70141E+38 1.70141E+38 1.70141E+38 1.70141E+38 1.70141E+38 1.70141E+38 1.70141E+38 1.70141E+38 1.70141E+38 1.70141E+38 1.70141E+38 1.70141E+38 1.70141E+38 1.70141E+38 1.70141E+38 1.70141E+38 1.70141E+38 1.70141E+38 1.70141E+38 1.70141E+38 1.70141E+38 1.70141E+38 1.70141E+38 1.70141E+38 1.70141E+38 1.70141E+38 1.70141E+38
1.70141E+38 1.70141E+38 1.70141E+38 1.70141E+38 1.70141E+38 1.70141E+38 1.70141E+38 1.70141E+38 1.70141E+38 1.70141E+38 1.70141E+38 1.70141E+38 1.70141E+38 1.70141E+38 1.70141E+38 1.70141E+38 1.70141E+38 1.70141E+38 1.70141E+38 1.70141E+38 1.70141E+38 1.70141E+38 1.70141E+38 1.70141E+38 1.70141E+38 1.70141E+38 1.70141E+38 1.70141E+38 1.70141E+38 1.70141E+38 1.70141E+38 1.70141E+38 1.70141E+38 1.70141E+38 1.70141E+38 1.70141E+38 1.70141E+38 1.70141E+38 1.70141E+38 1.70141E+38 1.70141E+38 1.70141E+38 1.70141E+38 1.70141E+38 1.70141E+38 1.70141E+38 1.70141E+38 1.70141E+38 1.70141E+38 1.70141E+38 1.70141E+38 1.70141E+38 1.70141E+38 1.70141E+38 1.70141E+38 1.70141E+38 1.70141E+38 1.70141E+38 1.70141E+38 1.70141E+38 1.70141E+38 1.70141E+38
1.70141E+38 1.70141E+38 1.70141E+38 1.70141E+38 1.70141E+38 1.70141E+38 1.70141E+38 1.70141E+38 1.70141E+38 1.70141E+38 1.70141E+38 1.70141E+38 1.70141E+38 1.70141E+38 1.70141E+38 1.70141E+38 1.70141E+38 1.70141E+38 1.70141E+38 1.70141E+38 1.70141E+38 1.70141E+38 1.70141E+38 1.70141E+38 1.70141E+38 1.70141E+38 1.70141E+38 1.70141E+38 1.70141E+38 1.70141E+38 1.70141E+38 1.70141E+38 1.70141E+38 1.70141E+38 1.70141E+38 1.70141E+38 1.70141E+38 1.70141E+38 1.70141E+38 1.70141E+38 1.70141E+38 1.70141E+38 1.70141E+38 1.70141E+38 1.70141E+38 1.70141E+38 1.70141E+38 1.70141E+38 1.70141E+38 1.70141E+38 1.70141E+38 1.70141E+38 1.70141E+38 1.70141E+38 1.70141E+38 1.70141E+38 1.70141E+38 1.70141E+38 1.70141E+38 1.70141E+38 1.70141E+38 1.70141E+38
1.70141E+38 1.70141E+38 1.70141E+38 1.70141E+38 1.70141E+38 1.70141E+38 1.70141E+38 1.70141E+38 1.70141E+38 1.70141E+38 1.70141E+38 1.70141E+38 1.70141E+38 1.70141E+38 1.70141E+38 1.70141E+38 1.70141E+38 1.70141E+38 1.70141E+38 1.70141E+38 1.70141E+38 1.70141E+38 1.70141E+38 1.70141E+38 1.70141E+38 1.70141E+38 1.70141E+38 1.70141E+38 1.70141E+38 1.70141E+38 1.70141E+38 1.70141E+38 1.70141E+38 1.70141E+38 1.70141E+38 1.70141E+38 1.70141E+38 1.70141E+38 1.70141E+38 1.70141E+38 1.70141E+38 1.70141E+38 1.70141E+38 1.70141E+38 1.70141E+38 1.70141E+38 1.70141E+38 1.70141E+38 1.70141E+38 1.70141E+38 1.70141E+38 1.70141E+38 1.70141E+38 1.70141E+38 1.70141E+38 1.70141E+38 1.70141E+38 1.70141E+38 1.70141E+38 1.70141E+38 1.70141E+38 1.70141E+38
1.70141E+38 1.70141E+38 1.70141E+38 1.70141E+38 1.70141E+38 1.70141E+38 1.70141E+38 1.70141E+38 1.70141E+38 1.70141E+38 1.70141E+38 1.70141E+38 1.70141E+38 1.70141E+38 1.70141E+38 1.70141E+38 1.70141E+38 1.70141E+38 1.70141E+38 1.70141E+38 1.70141E+38 1.70141E+38 1.70141E+38 1.70141E+38 1.70141E+38 1.70141E+38 1.70141E+38 1.70141E+38 1.70141E+38 1.70141E+38 1.70141E+38 1.70141E+38 1.70141E+38 1.70141E+38 1.70141E+38 1.70141E+38 1.70141E+38 1.70141E+38 1.70141E+38 1.70141E+38 1.70141E+38 1.70141E+38 1.70141E+38 1.70141E+38 1.70141E+38 1.70141E+38 1.70141E+38 1.70141E+38 1.70141E+38 1.70141E+38 1.70141E+38 1.70141E+38 1.70141E+38 1.70141E+38 1.70141E+38 1.70141E+38 1.70141E+38 1.70141E+38 1.70141E+38 1.70141E+38 1.70141E+38 1.70141E+38
1.70141E+38 1.70141E+38 1.70141E+38 1.70141E+38 1.70141E+38 1.70141E+38 1.70141E+38 1.70141E+38 1.70141E+38 1.70141E+38 1.70141E+38 1.70141E+38 1.70141E+38 1.70141E+38 1.70141E+38 1.70141E+38 1.70141E+38 1.70141E+38 1.70141E+38 1.70141E+38 1.70141E+38 1.70141E+38 1.70141E+38 1.70141E+38 1.70141E+38 1.70141E+38 1.70141E+38 1.70141E+38 1.70141E+38 1.70141E+38 1.70141E+38 1.70141E+38 1.70141E+38 1.70141E+38 1.70141E+38 1.70141E+38 1.70141E+38 1.70141E+38 1.70141E+38 1.70141E+38 1.70141E+38 1.70141E+38 1.70141E+38 1.70141E+38 1.70141E+38 1.70141E+38 1.70141E+38 1.70141E+38 1.70141E+38 1.70141E+38 1.70141E+38 1.70141E+38 1.70141E+38 1.70141E+38 1.70141E+38 1.70141E+38 1.70141E+38 1.70141E+38 1.70141E+38 1.70141E+38 1.70141E+38 1.70141E+38
