py_wake/examples/data/AJ_ParqueFicticio/Ridge area   Sector 8   Height 200m   Weibull-k.grd
DSAA
90  129
 262878   265103
 6504214   6507414
 .7675781   2.552734
[rows 81 to 107 of 129, columns 0 to 61 of 90]
2.392578 2.369141 2.361328 2.361328 2.373047 2.396484 2.423828 2.451172 2.474609 2.486328 2.494141 2.494141 2.494141 2.490234 2.486328 2.482422 2.482422 2.478516 2.474609 2.466797 2.466797 2.470703 2.474609 2.478516 2.478516 2.478516 2.478516 2.478516 2.474609 2.474609 2.474609 2.470703 2.470703 2.470703 2.466797 2.462891 2.455078 2.447266 2.435547 2.427734 2.419922 2.408203 2.400391 2.392578 2.392578 2.392578 2.396484 2.400391 2.408203 2.419922 2.435547 2.458984 2.482422 2.466797 2.416016 2.412109 2.505859 2.505859 2.505859 2.505859 2.505859 2.505859
2.447266 2.439453 2.439453 2.439453 2.451172 2.462891 2.474609 2.490234 2.498047 2.505859 2.505859 2.505859 2.505859 2.505859 2.505859 2.501953 2.501953 2.501953 2.505859 2.498047 2.494141 2.494141 2.494141 2.494141 2.494141 2.494141 2.494141 2.490234 2.490234 2.486328 2.486328 2.482422 2.478516 2.470703 2.466797 2.458984 2.455078 2.443359 2.435547 2.427734 2.419922 2.412109 2.408203 2.404297 2.404297 2.404297 2.408203 2.412109 2.419922 2.431641 2.447266 2.470703 1.814453 2.333984 2.369141 2.505859 2.505859 2.505859 2.505859 2.505859 2.505859 2.505859
2.474609 2.470703 2.470703 2.474609 2.474609 2.482422 2.486328 2.494141 2.498047 2.501953 2.501953 2.501953 2.501953 2.501953 2.501953 2.501953 2.498047 2.498047 2.498047 2.494141 2.494141 2.498047 2.505859 2.505859 2.505859 2.505859 2.501953 2.501953 2.498047 2.494141 2.494141 2.486328 2.478516 2.474609 2.466797 2.458984 2.451172 2.439453 2.431641 2.423828 2.419922 2.416016 2.412109 2.412109 2.416016 2.416016 2.423828 2.427734 2.435547 2.447266 2.458984 2.478516 .9824219 2.341797 2.310547 2.330078 2.330078 2.333984 2.505859 2.505859 2.505859 2.505859
2.482422 2.478516 2.478516 2.478516 2.482422 2.482422 2.490234 2.494141 2.498047 2.498047 2.498047 2.501953 2.501953 2.501953 2.501953 2.501953 2.501953 2.498047 2.498047 2.498047 2.494141 2.494141 2.498047 2.509766 2.509766 2.509766 2.505859 2.505859 2.501953 2.501953 2.498047 2.490234 2.482422 2.470703 2.462891 2.455078 2.443359 2.435547 2.427734 2.419922 2.419922 2.416016 2.419922 2.419922 2.423828 2.431641 2.435547 2.439453 2.451172 2.458984 2.470703 2.142578 1.017578 2.337891 2.322266 2.330078 2.330078 2.333984 2.333984 2.333984 2.333984 2.333984
2.486328 2.482422 2.482422 2.482422 2.482422 2.486328 2.490234 2.494141 2.494141 2.494141 2.494141 2.494141 2.498047 2.505859 2.505859 2.501953 2.501953 2.501953 2.498047 2.501953 2.501953 2.501953 2.505859 2.509766 2.509766 2.505859 2.505859 2.505859 2.505859 2.501953 2.498047 2.490234 2.482422 2.470703 2.458984 2.451172 2.439453 2.427734 2.423828 2.419922 2.416016 2.419922 2.423828 2.427734 2.435547 2.439453 2.447266 2.455078 2.462891 2.470703 2.478516 1.990234 1.033203 2.310547 2.322266 2.330078 2.330078 2.333984 2.333984 2.333984 2.333984 2.333984
2.486328 2.482422 2.478516 2.478516 2.478516 2.482422 2.482422 2.486328 2.486328 2.486328 2.490234 2.490234 2.494141 2.498047 2.505859 2.505859 2.501953 2.501953 2.505859 2.509766 2.509766 2.509766 2.505859 2.505859 2.501953 2.501953 2.501953 2.501953 2.501953 2.498047 2.494141 2.486328 2.478516 2.466797 2.455078 2.447266 2.435547 2.427734 2.419922 2.416016 2.416016 2.419922 2.423828 2.431641 2.439453 2.447266 2.455078 2.466797 2.470703 2.478516 2.478516 1.994141 1.134766 2.267578 2.306641 2.330078 2.330078 2.333984 2.333984 2.333984 2.333984 2.333984
2.482422 2.474609 2.470703 2.470703 2.470703 2.470703 2.474609 2.478516 2.478516 2.482422 2.482422 2.486328 2.490234 2.494141 2.501953 2.505859 2.505859 2.509766 2.509766 2.509766 2.505859 2.501953 2.501953 2.498047 2.498047 2.498047 2.498047 2.494141 2.494141 2.490234 2.486328 2.478516 2.470703 2.458984 2.451172 2.443359 2.435547 2.423828 2.419922 2.416016 2.419922 2.423828 2.427734 2.435547 2.447266 2.455078 2.462891 2.470703 2.478516 2.486328 2.470703 2.060547 1.294922 1.166016 2.279297 2.330078 2.333984 2.333984 2.333984 2.333984 2.333984 2.333984
2.474609 2.466797 2.462891 2.458984 2.462891 2.462891 2.466797 2.470703 2.470703 2.474609 2.478516 2.486328 2.490234 2.494141 2.498047 2.505859 2.509766 2.509766 2.509766 2.505859 2.501953 2.498047 2.494141 2.490234 2.490234 2.486328 2.486328 2.486328 2.482422 2.478516 2.474609 2.466797 2.458984 2.451172 2.443359 2.439453 2.431641 2.423828 2.419922 2.419922 2.423828 2.427734 2.435547 2.443359 2.451172 2.458984 2.470703 2.478516 2.486328 2.494141 2.482422 2.154297 1.494141 .8847656 2.255859 2.318359 2.333984 2.333984 2.333984 2.333984 2.333984 2.333984
2.462891 2.458984 2.455078 2.451172 2.451172 2.455078 2.458984 2.466797 2.470703 2.474609 2.478516 2.486328 2.490234 2.494141 2.498047 2.501953 2.505859 2.509766 2.509766 2.501953 2.498047 2.490234 2.486328 2.478516 2.478516 2.474609 2.474609 2.470703 2.466797 2.462891 2.458984 2.455078 2.447266 2.443359 2.439453 2.435547 2.431641 2.423828 2.423828 2.423828 2.427734 2.435547 2.439453 2.447266 2.458984 2.466797 2.478516 2.486328 2.490234 2.498047 2.498047 2.298828 1.755859 1.251953 1.126953 2.330078 2.333984 2.333984 2.333984 2.333984 2.333984 2.333984
2.455078 2.451172 2.447266 2.447266 2.451172 2.455078 2.458984 2.466797 2.470703 2.474609 2.482422 2.486328 2.490234 2.494141 2.501953 2.505859 2.505859 2.509766 2.505859 2.501953 2.494141 2.482422 2.474609 2.466797 2.462891 2.458984 2.458984 2.455078 2.451172 2.447266 2.443359 2.439453 2.435547 2.435547 2.431641 2.431641 2.431641 2.427734 2.427734 2.431641 2.435547 2.439453 2.447266 2.458984 2.466797 2.478516 2.486328 2.494141 2.498047 2.501953 2.505859 2.439453 2.060547 1.541016 .7675781 1.646484 2.333984 2.333984 2.333984 2.333984 2.333984 2.333984
2.443359 2.439453 2.439453 2.447266 2.451172 2.455078 2.458984 2.466797 2.474609 2.482422 2.486328 2.490234 2.494141 2.501953 2.505859 2.509766 2.509766 2.509766 2.509766 2.505859 2.494141 2.482422 2.470703 2.458984 2.451172 2.443359 2.439453 2.435547 2.431641 2.431641 2.427734 2.423828 2.423828 2.423828 2.423828 2.423828 2.423828 2.427734 2.431641 2.435547 2.443359 2.451172 2.458984 2.470703 2.482422 2.490234 2.494141 2.494141 2.494141 2.498047 2.462891 2.509766 2.330078 1.869141 1.326172 .9589844 2.205078 2.333984 2.333984 2.333984 2.333984 2.333984
2.431641 2.431641 2.435547 2.443359 2.451172 2.455078 2.462891 2.470703 2.478516 2.486328 2.494141 2.498047 2.501953 2.509766 2.509766 2.509766 2.509766 2.509766 2.509766 2.509766 2.501953 2.486328 2.470703 2.455078 2.443359 2.435547 2.427734 2.419922 2.416016 2.412109 2.408203 2.404297 2.404297 2.408203 2.412109 2.416016 2.419922 2.423828 2.431641 2.439453 2.451172 2.462891 2.478516 2.490234 2.490234 2.474609 2.462891 2.462891 2.466797 2.474609 2.330078 2.458984 2.505859 2.224609 1.818359 .7714844 1.095703 2.333984 2.333984 2.333984 2.333984 2.333984
2.423828 2.427734 2.431641 2.439453 2.447266 2.458984 2.466797 2.478516 2.486328 2.494141 2.501953 2.505859 2.509766 2.509766 2.509766 2.509766 2.509766 2.509766 2.509766 2.509766 2.505859 2.490234 2.470703 2.455078 2.439453 2.427734 2.416016 2.408203 2.404297 2.400391 2.396484 2.392578 2.392578 2.396484 2.404297 2.408203 2.416016 2.423828 2.431641 2.443359 2.458984 2.482422 2.494141 2.470703 2.392578 2.318359 2.302734 2.341797 2.388672 2.431641 2.099609 2.255859 2.474609 2.498047 2.263672 2.048828 .7910156 1.126953 2.333984 2.333984 2.333984 2.333984
2.416016 2.419922 2.431641 2.439453 2.451172 2.462891 2.474609 2.486328 2.494141 2.501953 2.509766 2.509766 2.509766 2.509766 2.509766 2.509766 2.509766 2.505859 2.505859 2.501953 2.498047 2.478516 2.462891 2.447266 2.435547 2.419922 2.408203 2.396484 2.392578 2.388672 2.384766 2.384766 2.384766 2.388672 2.396484 2.404297 2.412109 2.423828 2.435547 2.447266 2.470703 2.494141 2.462891 2.310547 2.068359 1.994141 2.037109 2.146484 2.275391 2.267578 1.837891 1.990234 2.255859 2.474609 2.521484 2.392578 2.322266 .7949219 .9707031 1.794922 2.333984 2.333984
2.408203 2.416016 2.431641 2.443359 2.458984 2.470703 2.482422 2.494141 2.501953 2.509766 2.509766 2.509766 2.509766 2.509766 2.505859 2.501953 2.498047 2.494141 2.494141 2.494141 2.482422 2.466797 2.447266 2.435547 2.423828 2.412109 2.400391 2.392578 2.384766 2.376953 2.373047 2.376953 2.380859 2.384766 2.392578 2.404297 2.416016 2.427734 2.439453 2.455078 2.482422 2.494141 2.388672 2.076172 1.853516 1.732422 1.783203 1.974609 2.224609 1.728516 1.611328 1.767578 2.013672 2.271484 2.458984 2.533203 2.486328 2.333984 2.373047 2.552734 .9746094 2.333984
2.404297 2.416016 2.435547 2.451172 2.462891 2.474609 2.490234 2.501953 2.509766 2.509766 2.509766 2.509766 2.501953 2.498047 2.498047 2.494141 2.494141 2.494141 2.490234 2.486328 2.474609 2.455078 2.439453 2.423828 2.416016 2.408203 2.396484 2.384766 2.376953 2.369141 2.365234 2.369141 2.373047 2.380859 2.392578 2.404297 2.416016 2.431641 2.447266 2.462891 2.494141 2.486328 2.150391 1.068359 1.111328 2.509766 2.048828 2.345703 1.486328 1.369141 1.462891 1.619141 1.830078 2.068359 2.275391 2.427734 2.513672 2.529297 2.392578 2.166016 1.962891 1.826172
2.404297 2.419922 2.439453 2.455078 2.470703 2.482422 2.494141 2.501953 2.509766 2.505859 2.498047 2.498047 2.494141 2.494141 2.494141 2.494141 2.494141 2.494141 2.486328 2.478516 2.466797 2.447266 2.431641 2.419922 2.408203 2.408203 2.396484 2.380859 2.373047 2.361328 2.357422 2.361328 2.365234 2.376953 2.388672 2.400391 2.416016 2.435547 2.451172 2.470703 2.498047 2.494141 1.107422 .9316406 1.158203 2.552734 2.552734 2.095703 1.462891 1.427734 1.490234 1.583984 1.736328 1.927734 2.111328 2.275391 2.400391 2.482422 2.533203 2.447266 2.279297 2.138672
2.416016 2.431641 2.447266 2.462891 2.474609 2.482422 2.494141 2.501953 2.498047 2.494141 2.494141 2.494141 2.490234 2.490234 2.486328 2.486328 2.482422 2.478516 2.470703 2.462891 2.451172 2.435547 2.423828 2.412109 2.404297 2.400391 2.388672 2.376953 2.369141 2.361328 2.357422 2.357422 2.361328 2.373047 2.384766 2.400391 2.419922 2.439453 2.458984 2.478516 2.501953 1.892578 1.041016 1.013672 2.552734 2.552734 2.552734 2.552734 2.552734 2.552734 1.931641 1.767578 1.810547 1.908203 2.025391 2.154297 2.279297 2.388672 2.474609 2.529297 2.478516 2.380859
2.431641 2.443359 2.458984 2.470703 2.478516 2.486328 2.486328 2.482422 2.482422 2.482422 2.482422 2.482422 2.478516 2.474609 2.474609 2.470703 2.462891 2.458984 2.451172 2.439453 2.427734 2.419922 2.408203 2.404297 2.400391 2.392578 2.380859 2.373047 2.361328 2.353516 2.353516 2.353516 2.361328 2.369141 2.380859 2.396484 2.419922 2.439453 2.462891 2.486328 2.505859 1.853516 1.064453 1.041016 2.552734 2.552734 2.552734 2.552734 2.552734 2.552734 2.552734 2.552734 2.259766 2.123047 2.083984 2.103516 2.181641 2.287109 2.388672 2.482422 2.525391 2.501953
1.70141E+38 1.70141E+38 1.70141E+38 1.70141E+38 1.70141E+38 1.70141E+38 1.70141E+38 1.70141E+38 1.70141E+38 1.70141E+38 1.70141E+38 1.70141E+38 1.70141E+38 1.70141E+38 1.70141E+38 1.70141E+38 1.70141E+38 1.70141E+38 1.70141E+38 1.70141E+38 1.70141E+38 1.70141E+38 1.70141E+38 1.70141E+38 1.70141E+38 1.70141E+38 1.70141E+38 1.70141E+38 1.70141E+38 1.70141E+38 1.70141E+38 1.70141E+38 1.70141E+38 1.70141E+38 1.70141E+38 1.70141E+38 1.70141E+38 1.70141E+38 1.70141E+38 1.70141E+38 1.70141E+38 1.70141E+38 1.70141E+38 1.70141E+38 1.70141E+38 1.70141E+38 1.70141E+38 1.70141E+38 1.70141E+38 1.70141E+38 1.70141E+38 1.70141E+38 1.70141E+38 1.70141E+38 1.70141E+38 1.70141E+38 1.70141E+38 1.70141E+38 1.70141E+38 1.70141E+38 1.70141E+38 1.70141E+38
1.70141E+38 1.70141E+38 1.70141E+38 1.70141E+38 1.70141E+38 1.70141E+38 1.70141E+38 1.70141E+38 1.70141E+38 1.70141E+38 1.70141E+38 1.70141E+38 1.70141E+38 1.70141E+38 1.70141E+38 1.70141E+38 1.70141E+38 1.70141E+38 1.70141E+38 1.70141E+38 1.70141E+38 1.70141E+38 1.70141E+38 1.70141E+38 1.70141E+38 1.70141E+38 1.70141E+38 1.70141E+38 1.70141E+38 1.70141E+38 1.70141E+38 1.70141E+38 1.70141E+38 1.70141E+38 1.70141E+38 1.70141E+38 1.70141E+38 1.70141E+38 1.70141E+38 1.70141E+38 1.70141E+38 1.70141E+38 1.70141E+38 1.70141E+38 1.70141E+38 1.70141E+38 1.70141E+38 1.70141E+38 1.70141E+38 1.70141E+38 1.70141E+38 1.70141E+38 1.70141E+38 1.70141E+38 1.70141E+38 1.70141E+38 1.70141E+38 1.70141E+38 1.70141E+38 1.70141E+38 1.70141E+38 1.70141E+38
1.70141E+38 1.70141E+38 1.70141E+38 1.70141E+38 1.70141E+38 1.70141E+38 1.70141E+38 1.70141E+38 1.70141E+38 1.70141E+38 1.70141E+38 1.70141E+38 1.70141E+38 1.70141E+38 1.70141E+38 1.70141E+38 1.70141E+38 1.70141E+38 1.70141E+38 1.70141E+38 1.70141E+38 1.70141E+38 1.70141E+38 1.70141E+38 1.70141E+38 1.70141E+38 1.70141E+38 1.70141E+38 1.70141E+38 1.70141E+38 1.70141E+38 1.70141E+38 1.70141E+38 1.70141E+38 1.70141E+38 1.70141E+38 1.70141E+38 1.70141E+38 1.70141E+38 1.70141E+38 1.70141E+38 1.70141E+38 1.70141E+38 1.70141E+38 1.70141E+38 1.70141E+38 1.70141E+38 1.70141E+38 1.70141E+38 1.70141E+38 1.70141E+38 1.70141E+38 1.70141E+38 1.70141E+38 1.70141E+38 1.70141E+38 1.70141E+38 1.70141E+38 1.70141E+38 1.70141E+38 1.70141E+38 1.70141E+38
1.70141E+38 1.70141E+38 1.70141E+38 1.70141E+38 1.70141E+38 1.70141E+38 1.70141E+38 1.70141E+38 1.70141E+38 1.70141E+38 1.70141E+38 1.70141E+38 1.70141E+38 1.70141E+38 1.70141E+38 1.70141E+38 1.70141E+38 1.70141E+38 1.70141E+38 1.70141E+38 1.70141E+38 1.70141E+38 1.70141E+38 1.70141E+38 1.70141E+38 1.70141E+38 1.70141E+38 1.70141E+38 1.70141E+38 1.70141E+38 1.70141E+38 1.70141E+38 1.70141E+38 1.70141E+38 1.70141E+38 1.70141E+38 1.70141E+38 1.70141E+38 1.70141E+38 1.70141E+38 1.70141E+38 1.70141E+38 1.70141E+38 1.70141E+38 1.70141E+38 1.70141E+38 1.70141E+38 1.70141E+38 1.70141E+38 1.70141E+38 1.70141E+38 1.70141E+38 1.70141E+38 1.70141E+38 1.70141E+38 1.70141E+38 1.70141E+38 1.70141E+38 1.70141E+38 1.70141E+38 1.70141E+38 1.70141E+38
1.70141E+38 1.70141E+38 1.70141E+38 1.70141E+38 1.70141E+38 1.70141E+38 1.70141E+38 1.70141E+38 1.70141E+38 1.70141E+38 1.70141E+38 1.70141E+38 1.70141E+38 1.70141E+38 1.70141E+38 1.70141E+38 1.70141E+38 1.70141E+38 1.70141E+38 1.70141E+38 1.70141E+38 1.70141E+38 1.70141E+38 1.70141E+38 1.70141E+38 1.70141E+38 1.70141E+38 1.70141E+38 1.70141E+38 1.70141E+38 1.70141E+38 1.70141E+38 1.70141E+38 1.70141E+38 1.70141E+38 1.70141E+38 1.70141E+38 1.70141E+38 1.70141E+38 1.70141E+38 1.70141E+38 1.70141E+38 1.70141E+38 1.70141E+38 1.70141E+38 1.70141E+38 1.70141E+38 1.70141E+38 1.70141E+38 1.70141E+38 1.70141E+38 1.70141E+38 1.70141E+38 1.70141E+38 1.70141E+38 1.70141E+38 1.70141E+38 1.70141E+38 1.70141E+38 1.70141E+38 1.70141E+38 1.70141E+38
1.70141E+38 1.70141E+38 1.70141E+38 1.70141E+38 1.70141E+38 1.70141E+38 1.70141E+38 1.70141E+38 1.70141E+38 1.70141E+38 1.70141E+38 1.70141E+38 1.70141E+38 1.70141E+38 1.70141E+38 1.70141E+38 1.70141E+38 1.70141E+38 1.70141E+38 1.70141E+38 1.70141E+38 1.70141E+38 1.70141E+38 1.70141E+38 1.70141E+38 1.70141E+38 1.70141E+38 1.70141E+38 1.70141E+38 1.70141E+38 1.70141E+38 1.70141E+38 1.70141E+38 1.70141E+38 1.70141E+38 1.70141E+38 1.70141E+38 1.70141E+38 1.70141E+38 1.70141E+38 1.70141E+38 1.70141E+38 1.70141E+38 1.70141E+38 1.70141E+38 1.70141E+38 1.70141E+38 1.70141E+38 1.70141E+38 1.70141E+38 1.70141E+38 1.70141E+38 1.70141E+38 1.70141E+38 1.70141E+38 1.70141E+38 1.70141E+38 1.70141E+38 1.70141E+38 1.70141E+38 1.70141E+38 1.70141E+38
1.70141E+38 1.70141E+38 1.70141E+38 1.70141E+38 1.70141E+38 1.70141E+38 1.70141E+38 1.70141E+38 1.70141E+38 1.70141E+38 1.70141E+38 1.70141E+38 1.70141E+38 1.70141E+38 1.70141E+38 1.70141E+38 1.70141E+38 1.70141E+38 1.70141E+38 1.70141E+38 1.70141E+38 1.70141E+38 1.70141E+38 1.70141E+38 1.70141E+38 1.70141E+38 1.70141E+38 1.70141E+38 1.70141E+38 1.70141E+38 1.70141E+38 1.70141E+38 1.70141E+38 1.70141E+38 1.70141E+38 1.70141E+38 1.70141E+38 1.70141E+38 1.70141E+38 1.70141E+38 1.70141E+38 1.70141E+38 1.70141E+38 1.70141E+38 1.70141E+38 1.70141E+38 1.70141E+38 1.70141E+38 1.70141E+38 1.70141E+38 1.70141E+38 1.70141E+38 1.70141E+38 1.70141E+38 1.70141E+38 1.70141E+38 1.70141E+38 1.70141E+38 1.70141E+38 1.70141E+38 1.70141E+38 1.70141E+38
1.70141E+38 1.70141E+38 1.70141E+38 1.70141E+38 1.70141E+38 1.70141E+38 1.70141E+38 1.70141E+38 1.70141E+38 1.70141E+38 1.70141E+38 1.70141E+38 1.70141E+38 1.70141E+38 1.70141E+38 1.70141E+38 1.70141E+38 1.70141E+38 1.70141E+38 1.70141E+38 1.70141E+38 1.70141E+38 1.70141E+38 1.70141E+38 1.70141E+38 1.70141E+38 1.70141E+38 1.70141E+38 1.70141E+38 1.70141E+38 1.70141E+38 1.70141E+38 1.70141E+38 1.70141E+38 1.70141E+38 1.70141E+38 1.70141E+38 1.70141E+38 1.70141E+38 1.70141E+38 1.70141E+38 1.70141E+38 1.70141E+38 1.70141E+38 1.70141E+38 1.70141E+38 1.70141E+38 1.70141E+38 1.70141E+38 1.70141E+38 1.70141E+38 1.70141E+38 1.70141E+38 1.70141E+38 1.70141E+38 1.70141E+38 1.70141E+38 1.70141E+38 1.70141E+38 1.70141E+38 1.70141E+38 1.70141E+38
