py_wake/examples/data/AJ_ParqueFicticio/Ridge area   Sector 4   Height 30m   Orographic speed.grd
DSAA
90  129
 262878   265103
 6504214   6507414
 .06656846   1.67403
[rows 27 to 53 of 129, columns 0 to 61 of 90]
.4669758 .4707836 .4787292 .4868502 .4944324 .5017395 .5077428 .5115459 .513965 .5136824 .5095021 .5028241 .4964113 .4921726 .4925207 .4969813 .5047967 .5149064 .5249509 .5362067 .5591704 .5879683 .6184377 .6535257 .6901503 .7332637 .7833825 .8423334 .9085203 .9698596 1.027729 1.081421 1.132877 1.181393 1.223219 1.266832 1.311741 1.358727 1.410131 1.454782 1.489379 1.520788 1.544702 1.557446 1.555547 1.539595 1.510047 1.460826 1.397676 1.324311 1.233355 1.141874 1.059815 .980325 .9053205 .8402224 .7827563 .7299897 .6831198 .6406056 .5995501 .5595843
.4462488 .4507681 .4589971 .4676031 .4768573 .4869315 .4960833 .5041765 .5104558 .5121135 .5086474 .5020828 .4930424 .4839031 .4769236 .4740401 .4755761 .4800595 .485896 .4934133 .5091909 .5294297 .5517671 .5815032 .6127103 .650283 .6992436 .7577495 .8269761 .8977901 .9632537 1.024155 1.084289 1.14017 1.189236 1.237013 1.285544 1.334955 1.389787 1.44021 1.482964 1.522942 1.553363 1.566257 1.560582 1.539605 1.505133 1.451692 1.381977 1.304444 1.21153 1.117429 1.035048 .9562834 .8825526 .8212335 .764262 .7079671 .659182 .6176346 .5773512 .5397406
.4257335 .4308239 .4386419 .4466232 .4563245 .4678801 .4792964 .490995 .501973 .5077046 .505164 .4961135 .4856945 .4754186 .4652783 .4575203 .4531943 .4519958 .4518788 .4547385 .4642362 .4755738 .4883603 .5096259 .5341079 .5620213 .6069366 .6658807 .7371243 .8122255 .8838193 .9530576 1.020694 1.086551 1.146078 1.199348 1.252073 1.304972 1.362742 1.418738 1.469864 1.518902 1.557351 1.572182 1.564536 1.539095 1.497959 1.440047 1.365339 1.28313 1.18793 1.091913 1.010025 .9324358 .8596531 .8002037 .7442177 .6856075 .6339677 .5933264 .5552382 .519234
.4052555 .4105541 .4176538 .4249075 .4343894 .4455055 .4569748 .4698822 .4841053 .4945065 .4927147 .4835761 .4727852 .4634433 .4545621 .4456246 .4384521 .4329158 .427623 .4261836 .4329707 .437051 .4423289 .4580984 .4757705 .4947293 .5353386 .59397 .6611066 .733224 .8065411 .8764948 .9442198 1.019744 1.092199 1.154401 1.211947 1.269298 1.330602 1.391687 1.450797 1.508972 1.555153 1.572913 1.56629 1.538689 1.489948 1.42646 1.347126 1.259904 1.163495 1.067611 .986985 .910237 .8355135 .7748606 .7229187 .6655408 .6099474 .5693231 .5331365 .4981325
.3837861 .3884376 .3945006 .4003231 .4088843 .4193214 .430179 .4420311 .4552141 .4656469 .4661053 .4613594 .4542848 .4466802 .4394791 .4322691 .4249944 .4188472 .4150917 .416016 .4203165 .4236929 .4301329 .4450557 .4605168 .480416 .517593 .5684488 .622972 .6834934 .7500389 .8188429 .8894201 .9657864 1.040467 1.108702 1.171192 1.232581 1.297103 1.362409 1.428124 1.493311 1.544664 1.567096 1.563647 1.537483 1.484226 1.413278 1.330165 1.239754 1.143947 1.04829 .9676773 .8926603 .8158147 .7517789 .7052781 .6551122 .5989628 .5519234 .5148291 .4800855
.3636113 .3672107 .3720053 .3764628 .3836366 .3925004 .4016804 .4113279 .421698 .4303846 .4326732 .4314738 .4286111 .4245296 .4196287 .4138405 .4080066 .406482 .4099358 .4143334 .419122 .4272482 .4387092 .4539082 .4723431 .4964778 .53048 .5731837 .6169231 .664347 .721866 .7863142 .8557355 .925433 .9951698 1.064325 1.130866 1.196146 1.263627 1.332039 1.403192 1.473475 1.527227 1.555526 1.555395 1.531505 1.47972 1.402864 1.316595 1.223671 1.128121 1.033168 .9516543 .8774686 .7993179 .7294814 .684705 .6421083 .5911688 .5409108 .49933 .463742
.344686 .3471256 .3505708 .3536311 .3594953 .3668523 .3743232 .3815417 .3888294 .395537 .3994038 .4011084 .4013273 .3998638 .3966411 .3921564 .3888334 .3944712 .4062355 .4156919 .42522 .4373829 .4524373 .4712796 .4926383 .5182323 .5534494 .5953974 .6339147 .6758464 .7238235 .7750732 .8368058 .8990553 .9613056 1.028662 1.096392 1.163035 1.231689 1.30171 1.377106 1.45107 1.505804 1.539729 1.543327 1.520918 1.473718 1.395664 1.305823 1.211738 1.117835 1.024666 .9406049 .8645312 .7893069 .7180944 .6672668 .625933 .5800832 .531381 .4872026 .4490635
.327086 .3285261 .3307915 .3326891 .3378711 .3442156 .3504064 .3564341 .3619061 .3669089 .3716614 .3755808 .3781402 .3783693 .3758644 .371899 .3726783 .3844601 .4010724 .417678 .4321947 .4479269 .4685749 .4917156 .5160818 .5466682 .5869884 .6334495 .6803049 .7234647 .7641187 .8082412 .8587194 .9086566 .9631572 1.023439 1.081739 1.14499 1.210026 1.278126 1.354941 1.429143 1.483497 1.521704 1.529578 1.50879 1.465723 1.391762 1.302343 1.210621 1.117434 1.024673 .9365177 .8567545 .7845951 .7175494 .6589257 .610509 .5658088 .5185523 .4742576 .4364052
.3122765 .3124421 .3129358 .3134138 .3186583 .3249457 .3311239 .3371631 .3425674 .3476751 .3530305 .3580018 .3622222 .3638164 .3625068 .3604254 .3654853 .3794365 .3971927 .4160944 .4357027 .4585741 .4854215 .5150687 .5481306 .5888419 .6361715 .6919835 .7476302 .7932634 .8350451 .8767507 .9169726 .9569162 1.002777 1.048085 1.096014 1.14938 1.20609 1.26767 1.34058 1.411474 1.464486 1.505085 1.517537 1.499749 1.458514 1.391088 1.305261 1.217082 1.128753 1.037147 .9468383 .8641846 .7893657 .718278 .6545845 .6006355 .5521875 .5043609 .4591315 .4218062
.3003802 .2979896 .2961814 .2948971 .3007907 .3076731 .3145809 .321244 .3275857 .3339368 .3402632 .3466521 .3532704 .3566691 .3576421 .3601598 .3670937 .3799414 .3977295 .4174328 .4406058 .4696323 .502104 .5418114 .5868954 .6370742 .6946748 .758804 .8202546 .8684985 .9095451 .9462645 .9810748 1.015018 1.051623 1.087721 1.125487 1.168075 1.21514 1.270094 1.335602 1.400407 1.451323 1.492513 1.510539 1.496411 1.455385 1.391464 1.315114 1.23197 1.14953 1.061535 .9692178 .8816592 .8020611 .7263229 .6548892 .5943598 .5415977 .4907748 .4444816 .4052598
.2906971 .2845348 .2799859 .2770538 .2837534 .2915087 .2993671 .3069165 .3147337 .3231958 .3314027 .3407677 .3506831 .3567444 .3614656 .3672328 .3751864 .3875675 .4045224 .4248352 .4531546 .4854368 .5241632 .5712835 .6256784 .6845796 .7479505 .8172297 .8854478 .9356962 .9741266 1.008164 1.039661 1.070929 1.100229 1.130193 1.161009 1.194197 1.231217 1.278689 1.338155 1.397873 1.446804 1.485868 1.508441 1.499146 1.458517 1.397143 1.327863 1.252027 1.172335 1.091174 .9998081 .9059746 .8209776 .7416915 .6650508 .5944477 .5337129 .4798113 .4314079 .3903721
.2839958 .2717693 .2639469 .2602758 .2672869 .2754068 .2841729 .2929749 .3021919 .3132165 .3246489 .3390083 .3532979 .364387 .3715543 .3791494 .3903264 .4063664 .4226924 .4454263 .4767574 .5125281 .5536458 .6029728 .6607249 .7236785 .7900423 .8600418 .9290954 .9836442 1.025022 1.060916 1.090815 1.118746 1.144709 1.170788 1.195658 1.221465 1.252689 1.294919 1.348654 1.404264 1.450819 1.486492 1.509141 1.502732 1.465989 1.40941 1.342958 1.272323 1.197561 1.118647 1.029492 .931791 .8403382 .757709 .6770614 .5964716 .528947 .4722046 .4209999 .3782426
.277426 .2603101 .2488772 .2452344 .2505827 .2582257 .2678795 .2784037 .2901323 .3035546 .3182952 .337086 .3560682 .3721945 .3846234 .396583 .4135612 .4328425 .4552498 .4803871 .5096495 .543937 .5847932 .6352485 .6915771 .7533911 .8200346 .8883716 .9554946 1.013769 1.059936 1.098857 1.131484 1.158186 1.183602 1.20636 1.228675 1.250845 1.277948 1.316099 1.364619 1.415779 1.457675 1.490008 1.510534 1.50494 1.472121 1.422843 1.360808 1.290716 1.22018 1.144021 1.053069 .9509441 .8551125 .7674157 .6815124 .5988801 .527442 .4662014 .412863 .3680229
.2711377 .2506336 .2360449 .2308655 .2326688 .2387385 .2487052 .2604526 .2745184 .2911021 .3103943 .3338921 .3574874 .3777966 .3970208 .4182738 .438734 .4628564 .4909823 .5169247 .5432797 .5725807 .6117347 .6623518 .7185001 .7795321 .8431479 .9086528 .9761905 1.034993 1.084738 1.127018 1.163064 1.189906 1.215761 1.238464 1.257654 1.277725 1.302624 1.336865 1.380839 1.427092 1.464599 1.494152 1.513219 1.508826 1.47953 1.43304 1.3741 1.306245 1.237342 1.165375 1.072539 .9633893 .8644468 .7745569 .683677 .5977575 .5265533 .4638881 .4092588 .3663429
.2671725 .2434787 .2252546 .2152366 .2128425 .2166479 .2263777 .2387098 .2546814 .2742623 .297854 .3257773 .3536548 .3801057 .4065399 .4337117 .4611417 .4884759 .5199999 .5468338 .568677 .5968491 .6341923 .6845439 .7387497 .799892 .8611425 .9257466 .9909912 1.051353 1.101131 1.145781 1.18388 1.21111 1.237356 1.264642 1.284911 1.301415 1.323506 1.354525 1.39496 1.439891 1.475161 1.500611 1.517089 1.513995 1.488774 1.442913 1.3845 1.319358 1.24949 1.175387 1.085754 .9748093 .8704221 .7773884 .6840296 .5954055 .5236052 .463897 .4133861 .3753633
.2672448 .2395269 .2158966 .199263 .1925467 .1941137 .2028404 .2147473 .2314739 .2525271 .2793412 .3109721 .3427038 .3736184 .4046809 .4366973 .4694236 .5026376 .5351279 .5633971 .5903869 .6166375 .6502615 .696471 .7491572 .8067682 .8657243 .9290144 .9948154 1.056201 1.104849 1.152091 1.188511 1.218542 1.248525 1.278766 1.300068 1.316393 1.338129 1.367973 1.408484 1.450447 1.482797 1.505703 1.521315 1.518099 1.494471 1.454259 1.396159 1.329056 1.255383 1.176193 1.089194 .9820521 .8736517 .77734 .6844831 .5947117 .5224584 .4678053 .4243591 .3981746
.2712468 .2392985 .2109464 .1888817 .1763186 .1748136 .180941 .1905304 .2066838 .228081 .2561626 .2897845 .3240722 .3588735 .3932275 .4273886 .462088 .4990537 .5376284 .5734015 .6036349 .6296193 .6609336 .7012042 .7486258 .8020796 .8569269 .9183109 .9864035 1.046915 1.09629 1.144107 1.180466 1.215203 1.249347 1.279176 1.303777 1.325475 1.349947 1.380699 1.417738 1.456125 1.488868 1.511953 1.527112 1.523304 1.49936 1.460551 1.406281 1.336116 1.258209 1.174635 1.085369 .9816293 .8734488 .7763607 .686026 .6009031 .5294711 .4799365 .4502966 .4424416
.2849769 .2483606 .2151236 .1886075 .1707701 .1628353 .1628101 .1679076 .1818891 .2025499 .2297704 .2626724 .2980728 .3351359 .3725935 .4100094 .4450396 .4824826 .5250812 .5696313 .6051207 .6362556 .6684673 .7024937 .7446234 .7917349 .8401759 .9001958 .9720176 1.032953 1.081583 1.128364 1.165636 1.203714 1.240565 1.271259 1.299811 1.328914 1.358208 1.388313 1.422834 1.461195 1.495715 1.519522 1.534871 1.530381 1.504986 1.465583 1.413223 1.34319 1.261795 1.174571 1.081858 .9808472 .8745215 .7767509 .6880451 .6087916 .5466222 .5066333 .4912351 .500473
.3097162 .2694221 .2319347 .2005865 .1762705 .1591098 .1509174 .150316 .1601593 .1775691 .2020185 .2327075 .2662385 .3026998 .3407975 .3799067 .4141448 .4487322 .4912974 .5385286 .5771644 .6139183 .6527534 .6846388 .7225899 .7652414 .8098286 .8687366 .9451917 1.010374 1.057279 1.10366 1.143531 1.184044 1.223603 1.256014 1.287537 1.322657 1.357186 1.389417 1.425158 1.465754 1.503979 1.528647 1.542864 1.539111 1.514149 1.47266 1.418693 1.350688 1.266591 1.176918 1.081572 .9812611 .8764206 .7779097 .6912606 .6188371 .5678126 .5409681 .5429924 .5739066
.3436338 .298544 .255519 .2180978 .1868988 .1616168 .1451728 .1385048 .1431909 .1550998 .1729261 .1970945 .2245954 .2554974 .2902956 .3264402 .3584202 .3902068 .4277192 .4680062 .5054188 .5426498 .5790161 .611241 .6484348 .695177 .7453373 .8041797 .8806041 .9565287 1.0126 1.063589 1.109931 1.15362 1.196802 1.233014 1.266633 1.305706 1.34472 1.380523 1.420486 1.46548 1.507195 1.533562 1.547912 1.545435 1.525137 1.485765 1.428694 1.359225 1.274129 1.182716 1.085331 .9843295 .8817657 .785113 .7047457 .6357501 .5888425 .5746613 .5952103 .6391217
.3834063 .3353585 .2874235 .2429836 .2045647 .1727733 .1492638 .1357077 .133564 .1375625 .1466663 .1615363 .1795471 .2034471 .2305136 .2583458 .2855436 .3127348 .344166 .3774854 .4088627 .4406404 .4715858 .5011339 .5379441 .5858044 .6411524 .7035416 .7800457 .8641871 .9378282 1.000579 1.059385 1.110663 1.157908 1.200598 1.238855 1.28134 1.325362 1.365668 1.409848 1.459287 1.504091 1.534518 1.55273 1.551311 1.534313 1.502284 1.446045 1.372595 1.285673 1.191845 1.09447 .993942 .894363 .803468 .7267243 .6619284 .6176868 .6152374 .6501825 .7048618
.4279754 .3789769 .3286546 .2790671 .2334439 .1955352 .1660955 .1450268 .1326939 .1271328 .1272774 .1331075 .1410769 .154845 .1742899 .1951951 .2148643 .2367321 .2623677 .2889222 .3133771 .3378004 .3621368 .3855804 .4132329 .4570081 .5147011 .5810989 .6575395 .7431176 .83157 .9144328 .9875006 1.052586 1.108738 1.159527 1.205625 1.252267 1.302133 1.34881 1.397015 1.450882 1.498973 1.533389 1.556571 1.558644 1.543343 1.516486 1.467636 1.390891 1.300734 1.204269 1.106941 1.007021 .9099472 .8248646 .7502022 .6898454 .6562039 .6602999 .7041634 .7657928
.4763927 .4275459 .3747703 .3201817 .2698331 .2265394 .1911617 .1624009 .1403937 .1259912 .1183615 .1158428 .1150081 .119055 .1302425 .1421893 .1559794 .1708398 .188952 .2095015 .2291423 .2465186 .263479 .2813346 .3021169 .3322816 .3809896 .4421459 .5150926 .6026692 .6980465 .7954038 .887564 .973235 1.046417 1.107938 1.164443 1.219106 1.275543 1.329706 1.381849 1.440241 1.492573 1.531503 1.56019 1.567531 1.554163 1.527276 1.485921 1.411647 1.31801 1.218447 1.12026 1.02137 .9237806 .8421832 .7758322 .7211657 .6901801 .6997848 .7519836 .8226965
.5261739 .478083 .4232222 .3662671 .311481 .2616114 .2196269 .1842415 .1562624 .1365365 .1239318 .1151416 .108283 .1048323 .1059517 .1073415 .1128788 .1199506 .1296583 .1436685 .1593426 .1732002 .1859653 .2020525 .2185182 .2384351 .2730682 .3211276 .3841914 .4619125 .5481187 .6495519 .7593611 .8677284 .9619592 1.040118 1.111378 1.18004 1.244995 1.307657 1.364629 1.427426 1.484816 1.52934 1.564323 1.577705 1.566527 1.537891 1.497276 1.430572 1.336243 1.234315 1.13496 1.037786 .9410017 .8619021 .8041432 .7570836 .7324465 .7521711 .8154544 .8954045
.5750398 .5304587 .4761852 .4170874 .3577683 .303037 .255755 .2148188 .1820477 .1576182 .1407896 .1288349 .1191932 .1091073 .09971865 .09148953 .08676331 .08666158 .08823657 .09443717 .105945 .1189869 .132056 .146089 .1619878 .1789326 .2009034 .2378774 .2807583 .3367304 .4128052 .505515 .6212921 .7434112 .8526911 .9488503 1.045668 1.133063 1.210278 1.281554 1.345359 1.412667 1.475512 1.526441 1.568814 1.588528 1.578802 1.548047 1.506109 1.445197 1.355261 1.251826 1.152082 1.057866 .9678542 .8930231 .8416383 .8056627 .7939284 .8230079 .8866326 .9602056
.6210904 .5803986 .5299122 .4710636 .4076482 .3488699 .2954311 .2504835 .2132728 .1840263 .1643347 .1521077 .141074 .1258379 .1078791 .09076955 .07866501 .07287971 .06839059 .06656846 .0723452 .08441331 .09858116 .1142667 .1304602 .1445175 .15991 .1850646 .2142836 .2518968 .3139268 .3915051 .4984653 .6235214 .7436175 .8579243 .9760154 1.082292 1.173181 1.253677 1.325648 1.397374 1.464738 1.522171 1.572471 1.598177 1.590172 1.558309 1.515059 1.456222 1.373046 1.270682 1.172562 1.081134 .9979095 .9354637 .8919222 .8645945 .8589438 .8918402 .9539716 1.019607
.6642455 .6260224 .5783698 .5205795 .4578561 .3961135 .3390311 .2926956 .2520733 .2192982 .1991818 .1866438 .173639 .1533636 .1294748 .1057351 .08956923 .08013849 .07224642 .06700449 .06793696 .07499019 .08970719 .1090215 .1277657 .142256 .1566661 .180879 .2037883 .2302164 .2831965 .3484717 .4414929 .5613936 .6848941 .8075014 .9297649 1.041454 1.142341 1.233727 1.312696 1.386902 1.455814 1.51784 1.574079 1.603985 1.599208 1.56938 1.525499 1.466412 1.389813 1.294532 1.199935 1.113525 1.035259 .9808238 .950864 .9346282 .9337799 .9640227 1.015308 1.06898
