py_wake/examples/data/AJ_ParqueFicticio/Ridge area   Sector 11   Height 30m   Orographic speed.grd
DSAA
90  129
 262878   265103
 6504214   6507414
 .04091964   1.46441
[rows 54 to 80 of 129, columns 0 to 61 of 90]
1.158722 1.120437 1.074523 1.019249 .9372156 .7737932 .5602948 .3738653 .2471797 .1920965 .195728 .2243823 .251076 .259811 .2602791 .2619624 .2712947 .2902431 .3125063 .3433303 .3896802 .4447852 .5040073 .5628707 .6151168 .6519276 .6807041 .7128151 .7349191 .7551557 .784555 .814755 .8461755 .8811223 .9126591 .9463761 .9873164 1.032273 1.084168 1.144167 1.208904 1.274747 1.331044 1.377218 1.415322 1.432139 1.421049 1.386162 1.336787 1.278259 1.213909 1.123123 .9909279 .841252 .7032779 .6254933 .6025304 .6103184 .6379119 .6837695 .7442021 .802278
1.172804 1.140695 1.100057 1.050487 .9806321 .8636765 .7013667 .5321674 .400614 .3354478 .3317961 .3593471 .3746897 .3615145 .3390364 .3199739 .3137044 .3199232 .3365201 .3668403 .4131091 .4699812 .5290337 .5874919 .6423613 .6840618 .7182124 .7478817 .7728989 .7981983 .8253217 .8570372 .8868563 .9133089 .9382843 .9677402 1.008337 1.051663 1.098883 1.1538 1.215521 1.279463 1.334711 1.382456 1.420661 1.436266 1.43173 1.405957 1.36579 1.313517 1.254252 1.183074 1.086043 .9701573 .8539569 .7695907 .7347144 .7309251 .7428115 .7694959 .8019059 .8250958
1.184685 1.160011 1.12615 1.081122 1.02253 .9447125 .8336575 .7045405 .5927193 .5283712 .5221145 .5490857 .5602654 .5238402 .4770321 .433444 .4060431 .3933048 .3942797 .4141937 .4596228 .514793 .5688901 .6266635 .6836197 .7300972 .7673662 .7985177 .8250176 .8528681 .8833098 .9157556 .9452745 .9683625 .9910865 1.018661 1.051154 1.08707 1.125723 1.174164 1.231992 1.29042 1.342203 1.388739 1.423547 1.43889 1.439029 1.419565 1.385797 1.343189 1.289271 1.228045 1.155287 1.069304 .9742931 .8926529 .8497594 .8331452 .826668 .828432 .8315207 .8297225
1.194969 1.177408 1.149566 1.109324 1.06063 1.002887 .9318705 .8536663 .7800669 .7285759 .7115379 .7332082 .746103 .7187524 .6631808 .6032278 .5517101 .5185999 .4976725 .5020189 .5395643 .5871291 .6313875 .6817109 .736414 .7849072 .8236378 .8563007 .8837883 .9147568 .9469996 .9785624 1.00561 1.029098 1.053358 1.078024 1.103899 1.130494 1.161372 1.202016 1.253616 1.305865 1.353544 1.395449 1.425218 1.441346 1.444263 1.429644 1.400622 1.364743 1.319535 1.265992 1.206005 1.139068 1.065985 .9931493 .9384312 .9048932 .8779762 .8575532 .8390459 .8139705
1.200935 1.191218 1.169436 1.133387 1.090061 1.043402 .9941704 .9398847 .8905745 .85934 .8520107 .8627251 .8713353 .8556661 .81475 .7678054 .7201843 .6808015 .6422458 .6311402 .6520243 .6816986 .7128579 .7525504 .7983293 .8421842 .8790515 .9094742 .9389839 .9703017 1.002069 1.032951 1.059188 1.082209 1.104586 1.1277 1.150267 1.174173 1.202514 1.237152 1.279131 1.323783 1.366907 1.40163 1.428913 1.445269 1.449355 1.438241 1.413728 1.381273 1.342658 1.297188 1.24516 1.190202 1.130861 1.068731 1.007358 .9540939 .9073159 .8611706 .8136694 .7595408
1.203908 1.201757 1.187201 1.157852 1.118836 1.077121 1.036984 .9978005 .9629906 .9393185 .9339215 .9411028 .9476818 .9394762 .912594 .8798493 .844301 .807348 .7744153 .7577097 .7630069 .7738288 .7941764 .8263865 .8627818 .8973255 .9286301 .9562442 .9829792 1.01198 1.042981 1.073757 1.100878 1.123229 1.144606 1.166665 1.187433 1.210524 1.237582 1.2687 1.304005 1.342488 1.37793 1.407327 1.434577 1.451081 1.455275 1.447143 1.427255 1.397215 1.36042 1.320871 1.275962 1.226549 1.174041 1.117412 1.058214 .9934742 .9199067 .8420996 .7578661 .6766441
1.206232 1.209677 1.202685 1.180936 1.147132 1.109654 1.074162 1.04264 1.015684 .9951724 .9892071 .9949207 1.001409 .9982159 .9833764 .9643736 .9403329 .9114749 .8828864 .8605195 .8590558 .8626791 .871603 .8950952 .9225591 .9477205 .9722463 .9949061 1.018843 1.044094 1.071986 1.102348 1.130559 1.152743 1.173458 1.194793 1.214687 1.236845 1.263001 1.290615 1.323043 1.356136 1.38479 1.411448 1.439093 1.455587 1.458965 1.453798 1.440442 1.414457 1.377566 1.33851 1.297871 1.252362 1.202802 1.148868 1.088172 1.015726 .9213464 .8052223 .684709 .5826065
1.209155 1.216392 1.214898 1.199552 1.171063 1.138174 1.107089 1.079469 1.056238 1.038318 1.031352 1.033075 1.039356 1.042692 1.037752 1.02568 1.009135 .9881191 .9659117 .947783 .9402365 .9386486 .9409116 .9548804 .9742244 .9921148 1.008985 1.026869 1.048022 1.06987 1.094455 1.121998 1.148587 1.170118 1.19098 1.210969 1.230277 1.252879 1.277415 1.303906 1.334937 1.36412 1.389286 1.414581 1.441824 1.456714 1.457729 1.453824 1.445827 1.427938 1.39423 1.353931 1.313211 1.27019 1.221847 1.166773 1.099126 1.012862 .8972288 .7505041 .5972996 .4774743
1.211048 1.221454 1.224856 1.215532 1.193585 1.166183 1.138409 1.112817 1.091112 1.074147 1.065839 1.066076 1.070874 1.074702 1.075312 1.067417 1.056561 1.042833 1.029074 1.016652 1.005537 1.001648 1.001413 1.009114 1.02023 1.032183 1.043585 1.055846 1.071865 1.091197 1.111743 1.135494 1.157895 1.179089 1.19916 1.217264 1.237161 1.259763 1.283354 1.31016 1.340142 1.367583 1.392825 1.419124 1.445024 1.456967 1.455633 1.451085 1.444842 1.433732 1.408811 1.370242 1.326631 1.282702 1.23523 1.178315 1.103264 1.000713 .8632345 .6887736 .5076982 .3702459
1.206912 1.220862 1.229614 1.224349 1.207393 1.185483 1.162242 1.139855 1.119954 1.10363 1.0926 1.087735 1.090047 1.096103 1.102139 1.100524 1.093199 1.0852 1.076704 1.06858 1.059004 1.052042 1.05158 1.055462 1.062502 1.067711 1.072721 1.080983 1.093845 1.108252 1.126031 1.145558 1.164148 1.183986 1.202635 1.219183 1.238236 1.25996 1.283496 1.310709 1.340238 1.367234 1.393342 1.421641 1.448571 1.45856 1.455576 1.449416 1.442533 1.433697 1.417412 1.385335 1.34037 1.294159 1.247489 1.190799 1.112262 .9983589 .8427666 .6463291 .4455807 .2999431
1.194396 1.211884 1.226949 1.226026 1.212117 1.192993 1.171666 1.150398 1.131361 1.115844 1.104739 1.099189 1.100722 1.107948 1.117612 1.121427 1.116243 1.1101 1.106021 1.1055 1.098451 1.089596 1.085798 1.089867 1.095032 1.094449 1.095312 1.102041 1.111213 1.121834 1.137104 1.152755 1.168389 1.186142 1.202897 1.218045 1.23542 1.25548 1.278083 1.305173 1.335599 1.363215 1.389614 1.418667 1.448666 1.461253 1.458017 1.449731 1.440961 1.431684 1.41979 1.39618 1.35313 1.305018 1.258553 1.205191 1.126838 1.008646 .8421264 .6362051 .4287848 .2831205
1.173423 1.19329 1.214005 1.219806 1.210168 1.194859 1.176275 1.15577 1.13631 1.120524 1.108612 1.101084 1.100016 1.106425 1.117712 1.124659 1.123561 1.120168 1.118146 1.120437 1.117074 1.110031 1.106023 1.109566 1.11281 1.112114 1.112203 1.117054 1.123071 1.131414 1.143758 1.156268 1.168989 1.183773 1.198866 1.212769 1.227352 1.244425 1.265957 1.293086 1.324645 1.354489 1.381557 1.410362 1.441968 1.461726 1.461872 1.452317 1.4413 1.430542 1.419432 1.401636 1.362691 1.314026 1.267212 1.2179 1.141134 1.024559 .8598108 .6597202 .4587194 .3156042
1.148483 1.168934 1.191407 1.206337 1.202408 1.189917 1.173153 1.152632 1.131362 1.11322 1.099051 1.088924 1.085225 1.090524 1.103572 1.1154 1.116806 1.115706 1.115219 1.1181 1.117576 1.114539 1.112385 1.11446 1.11747 1.119008 1.121087 1.125272 1.130219 1.137316 1.147899 1.157984 1.167848 1.179555 1.192973 1.205212 1.216083 1.228976 1.248623 1.275558 1.307165 1.340995 1.371212 1.399986 1.429995 1.456698 1.46441 1.456506 1.443671 1.431307 1.419395 1.403966 1.367877 1.319989 1.273721 1.228139 1.155676 1.047107 .8924229 .7056002 .5181611 .3817929
1.122155 1.141842 1.162073 1.180344 1.18681 1.18093 1.166892 1.146264 1.122415 1.100775 1.083325 1.069689 1.062859 1.06689 1.080198 1.098276 1.103448 1.102383 1.102311 1.106923 1.109702 1.107788 1.106869 1.109704 1.113093 1.114683 1.117527 1.123068 1.127488 1.134637 1.146767 1.15667 1.163312 1.171632 1.184568 1.196522 1.203997 1.212791 1.229419 1.255248 1.286693 1.322154 1.357528 1.38791 1.416612 1.445421 1.462375 1.46073 1.447628 1.433678 1.420848 1.406076 1.371585 1.324885 1.280189 1.238441 1.172143 1.076271 .9366722 .7656193 .5926055 .4614433
1.096074 1.11492 1.132654 1.14719 1.155336 1.156791 1.149052 1.130479 1.104922 1.079137 1.057878 1.041318 1.032339 1.035672 1.047846 1.067265 1.081331 1.083612 1.083654 1.088279 1.094936 1.095108 1.094389 1.097671 1.102061 1.103446 1.105359 1.11001 1.114655 1.122159 1.134747 1.147104 1.152941 1.157744 1.16842 1.180769 1.187849 1.194021 1.207066 1.231045 1.26359 1.299477 1.338996 1.375337 1.403588 1.430706 1.453708 1.461658 1.452142 1.436938 1.423331 1.408609 1.375197 1.329429 1.286295 1.246612 1.184437 1.098689 .9763706 .8260083 .6687908 .5427508
1.073292 1.089769 1.105895 1.115742 1.119938 1.12085 1.1157 1.100378 1.076647 1.050713 1.027769 1.009325 .9982852 .9983268 1.008393 1.026188 1.044307 1.053994 1.05895 1.063444 1.070502 1.075607 1.076513 1.078727 1.083404 1.087399 1.08883 1.089707 1.094262 1.102592 1.113383 1.12632 1.134161 1.137364 1.143033 1.152526 1.160331 1.167199 1.180137 1.202792 1.235699 1.272702 1.314073 1.35902 1.391027 1.415903 1.440114 1.456676 1.454922 1.440355 1.426291 1.411596 1.379049 1.333609 1.290934 1.249146 1.187535 1.104267 .9927352 .8603309 .7255242 .6158893
1.052621 1.068438 1.083429 1.089739 1.088785 1.086578 1.080438 1.066736 1.04525 1.020831 .9982761 .9787691 .9645649 .961539 .9691857 .9844435 1.001361 1.013859 1.024698 1.033826 1.040908 1.048698 1.05391 1.057063 1.061546 1.065716 1.068668 1.068183 1.071412 1.077451 1.087982 1.100105 1.108663 1.11161 1.114507 1.118669 1.122682 1.127691 1.141211 1.169905 1.203883 1.242019 1.286309 1.33681 1.379082 1.402345 1.424701 1.445755 1.452825 1.442668 1.428664 1.414296 1.383521 1.33918 1.296543 1.251104 1.190916 1.112383 1.009378 .888602 .7724327 .6782978
1.032147 1.048487 1.064356 1.070296 1.065219 1.057806 1.049051 1.035762 1.015391 .9913976 .969677 .9490476 .9319549 .9286472 .9353807 .9486089 .9616114 .974427 .9869002 .9988492 1.009741 1.019809 1.026565 1.031796 1.037726 1.041733 1.044011 1.044117 1.046705 1.052118 1.062018 1.073852 1.083272 1.087842 1.090366 1.091634 1.092324 1.089349 1.093898 1.127232 1.172561 1.212324 1.257931 1.311229 1.364888 1.391788 1.411482 1.432217 1.445181 1.441323 1.428663 1.414055 1.386015 1.345245 1.303177 1.255538 1.198486 1.126545 1.033878 .925618 .8207263 .7365605
1.012126 1.026077 1.042063 1.049062 1.042133 1.031277 1.02021 1.007094 .9884902 .9660582 .9443706 .9238198 .905783 .8999024 .9055954 .9161716 .9273527 .9394042 .9515396 .963703 .9763348 .9895901 .9985326 1.003903 1.01011 1.015255 1.018661 1.019187 1.021339 1.02604 1.035573 1.048652 1.059993 1.066446 1.068308 1.069808 1.072998 1.068129 1.063651 1.090743 1.144183 1.19021 1.237301 1.291818 1.351242 1.384764 1.401973 1.420357 1.43385 1.433476 1.421713 1.406775 1.382151 1.347299 1.307037 1.260179 1.207672 1.141952 1.060792 .9666334 .8728312 .7947959
.9881737 1.001076 1.015006 1.022343 1.01648 1.00618 .9952118 .983135 .9670096 .9476103 .9276311 .9075644 .8885248 .8791688 .8801054 .8880758 .8968286 .9088482 .9200212 .9322782 .9455647 .9577958 .9679609 .9744659 .9799519 .9849132 .9891792 .9908959 .9935263 .9982252 1.007292 1.019647 1.035379 1.046661 1.04959 1.052483 1.058267 1.056914 1.056325 1.077139 1.12966 1.179778 1.229065 1.283371 1.343982 1.382237 1.39724 1.412728 1.423121 1.421905 1.410183 1.395722 1.374244 1.34452 1.307493 1.26453 1.217091 1.158604 1.089133 1.00877 .9279398 .8569185
.9638817 .9768251 .9888112 .9943497 .9902189 .9813213 .9712844 .961158 .9494412 .933111 .912842 .8926268 .8748515 .8662861 .8652915 .8663466 .8728599 .8837016 .8943753 .9092277 .9252138 .9344015 .9403459 .9474955 .9537026 .9570276 .9575413 .9574625 .9582034 .9631783 .9716675 .9810981 1.000587 1.020625 1.029506 1.035618 1.043279 1.048667 1.055542 1.077477 1.12668 1.177169 1.229046 1.283818 1.343639 1.383123 1.396106 1.408479 1.414187 1.40957 1.397568 1.383911 1.364983 1.33796 1.304469 1.26773 1.224926 1.174381 1.115738 1.04778 .9775253 .9137298
.9471762 .957752 .9662938 .9706022 .9666131 .9571273 .9468173 .9407371 .9389544 .9292663 .9124543 .8911373 .867902 .8551578 .8568755 .8574428 .8555058 .8634031 .8782536 .8972635 .915924 .9242212 .9252958 .9257956 .9322962 .9382852 .936189 .9279287 .9202096 .9255423 .9335616 .9366899 .9544587 .9855588 1.006817 1.021543 1.035622 1.048048 1.06005 1.086035 1.134514 1.184847 1.236445 1.289453 1.346888 1.385156 1.396568 1.406007 1.40683 1.397974 1.38468 1.370854 1.352353 1.325902 1.296785 1.267106 1.229666 1.186332 1.138253 1.082742 1.021146 .9645296
.9370173 .9469141 .952813 .9556119 .9513146 .9417382 .9319676 .9297478 .9360075 .9317927 .9198475 .9013206 .8791685 .8637325 .8630462 .8611465 .8547614 .8577557 .8737262 .895478 .9127955 .919737 .9196998 .9171953 .9204614 .9264631 .923621 .9132951 .9008024 .9015065 .9088491 .9103988 .9250433 .9613062 .9924455 1.017362 1.03936 1.059051 1.076578 1.107318 1.153747 1.202162 1.251243 1.300476 1.353434 1.388015 1.398275 1.40467 1.400715 1.387697 1.37155 1.354104 1.332458 1.307065 1.281923 1.256966 1.22692 1.19237 1.155161 1.112376 1.061406 1.014312
.9259265 .935728 .9418886 .9451025 .9416063 .9354755 .9317849 .9354323 .942759 .941964 .9348114 .9202067 .9054629 .8934062 .8858159 .8810083 .8744404 .874483 .882629 .8984433 .9135111 .9209425 .9229648 .9223436 .9232498 .9249384 .9213117 .9128082 .9037592 .9032822 .9069019 .9106236 .9275985 .9598473 .993478 1.023192 1.050601 1.07715 1.103731 1.138814 1.181906 1.228127 1.272572 1.316693 1.362424 1.390782 1.400522 1.404007 1.396633 1.380041 1.356395 1.330279 1.305409 1.281035 1.25729 1.235622 1.212858 1.187458 1.160131 1.13009 1.093002 1.059079
.9153332 .9218515 .9277876 .9353579 .9353517 .9320413 .9323087 .9420986 .9515385 .9535578 .951691 .9468381 .9368246 .9259522 .9172042 .911933 .9081854 .9037724 .9046246 .9121582 .9225909 .9288414 .9327324 .9367066 .9389675 .9363223 .9308425 .9253644 .9216728 .9203243 .9211052 .9272552 .9453661 .9734123 1.007019 1.038418 1.068595 1.100054 1.13448 1.171811 1.21205 1.255078 1.294859 1.335473 1.372922 1.393666 1.402824 1.403899 1.394932 1.373046 1.339099 1.304442 1.275459 1.24935 1.225327 1.204857 1.188111 1.170838 1.153207 1.134823 1.111816 1.090075
.911832 .9149312 .9196882 .9320781 .9364676 .9343351 .9367263 .9492406 .960757 .9677865 .9726689 .9718664 .9666626 .9592295 .9533952 .9477635 .9424996 .937685 .9365737 .9386938 .9428658 .9462386 .9511029 .9574819 .9605235 .957442 .9523675 .9504526 .9486436 .945128 .9447925 .9520891 .9656209 .9917585 1.025687 1.057938 1.089482 1.124677 1.163506 1.201281 1.240248 1.278634 1.314838 1.351634 1.381501 1.397104 1.405334 1.405257 1.395542 1.365269 1.325018 1.283803 1.247234 1.216337 1.189895 1.169073 1.154141 1.142298 1.133431 1.125015 1.112453 1.101183
.9202917 .9250825 .932332 .9430901 .94781 .9490607 .9544752 .9639681 .9761091 .9869875 .9952576 .9996449 .9995573 .9961311 .9894517 .9834563 .9781301 .9734135 .9725339 .9716019 .9723352 .9742656 .9786813 .9839405 .9872015 .9870827 .9847786 .9834171 .9810515 .9774429 .9767744 .981419 .9913478 1.014533 1.045488 1.077266 1.109901 1.147139 1.187871 1.22639 1.263661 1.299527 1.334002 1.364467 1.386311 1.400309 1.407797 1.408111 1.396265 1.360712 1.317385 1.271078 1.226583 1.187285 1.153827 1.129028 1.114349 1.10521 1.09955 1.096842 1.091477 1.085999
