py_wake/examples/data/AJ_ParqueFicticio/Ridge area   Sector 4   Height 200m   Weibull-k.grd
DSAA
90  129
 262878   265103
 6504214   6507414
 .9707031   2.916016
[rows 27 to 53 of 129, columns 0 to 61 of 90]
2.611328 2.607422 2.603516 2.603516 2.599609 2.599609 2.599609 2.603516 2.607422 2.615234 2.619141 2.623047 2.619141 2.611328 2.599609 2.587891 2.576172 2.564453 2.564453 2.572266 2.583984 2.595703 2.611328 2.623047 2.634766 2.642578 2.646484 2.646484 2.642578 2.638672 2.638672 2.638672 2.642578 2.642578 2.646484 2.650391 2.654297 2.646484 2.638672 2.642578 2.646484 2.662109 2.685547 2.712891 2.736328 2.759766 2.775391 2.787109 2.794922 2.791016 2.783203 2.763672 2.736328 2.701172 2.685547 2.646484 2.576172 2.482422 2.373047 2.232422 2.060547 1.841797
2.630859 2.626953 2.626953 2.623047 2.623047 2.623047 2.623047 2.623047 2.626953 2.634766 2.638672 2.642578 2.638672 2.634766 2.626953 2.615234 2.599609 2.591797 2.583984 2.587891 2.595703 2.607422 2.623047 2.638672 2.654297 2.662109 2.666016 2.666016 2.658203 2.650391 2.646484 2.642578 2.638672 2.638672 2.642578 2.642578 2.634766 2.626953 2.623047 2.623047 2.626953 2.638672 2.662109 2.689453 2.712891 2.736328 2.751953 2.763672 2.767578 2.763672 2.748047 2.728516 2.697266 2.669922 2.669922 2.611328 2.541016 2.451172 2.345703 2.216797 2.060547 1.861328
2.650391 2.650391 2.650391 2.650391 2.646484 2.646484 2.646484 2.650391 2.650391 2.654297 2.658203 2.662109 2.658203 2.654297 2.650391 2.642578 2.630859 2.619141 2.611328 2.611328 2.615234 2.626953 2.642578 2.658203 2.673828 2.689453 2.693359 2.693359 2.681641 2.673828 2.662109 2.654297 2.646484 2.642578 2.630859 2.623047 2.615234 2.611328 2.607422 2.607422 2.611328 2.623047 2.646484 2.669922 2.693359 2.712891 2.732422 2.740234 2.740234 2.732422 2.712891 2.689453 2.662109 2.654297 2.630859 2.580078 2.509766 2.419922 2.326172 2.212891 2.072266 1.888672
2.673828 2.673828 2.673828 2.673828 2.673828 2.673828 2.673828 2.673828 2.677734 2.677734 2.677734 2.677734 2.677734 2.677734 2.677734 2.673828 2.666016 2.654297 2.650391 2.646484 2.646484 2.654297 2.669922 2.685547 2.701172 2.716797 2.724609 2.724609 2.716797 2.705078 2.693359 2.666016 2.634766 2.619141 2.615234 2.611328 2.607422 2.603516 2.603516 2.603516 2.607422 2.619141 2.638672 2.658203 2.677734 2.693359 2.708984 2.716797 2.712891 2.701172 2.677734 2.658203 2.638672 2.650391 2.603516 2.556641 2.490234 2.412109 2.322266 2.228516 2.103516 1.935547
2.693359 2.697266 2.697266 2.701172 2.701172 2.701172 2.705078 2.701172 2.701172 2.701172 2.697266 2.697266 2.701172 2.701172 2.705078 2.701172 2.697266 2.693359 2.689453 2.685547 2.681641 2.685547 2.693359 2.705078 2.720703 2.736328 2.744141 2.748047 2.744141 2.736328 2.650391 2.611328 2.603516 2.603516 2.603516 2.603516 2.607422 2.603516 2.603516 2.607422 2.611328 2.623047 2.638672 2.650391 2.666016 2.677734 2.685547 2.693359 2.689453 2.677734 2.654297 2.638672 2.642578 2.646484 2.599609 2.552734 2.505859 2.439453 2.357422 2.271484 2.162109 2.005859
2.712891 2.720703 2.724609 2.728516 2.728516 2.732422 2.732422 2.732422 2.728516 2.724609 2.720703 2.720703 2.724609 2.728516 2.732422 2.732422 2.732422 2.728516 2.724609 2.720703 2.712891 2.712891 2.712891 2.716797 2.724609 2.736328 2.744141 2.751953 2.755859 2.712891 2.595703 2.572266 2.576172 2.587891 2.595703 2.603516 2.607422 2.607422 2.611328 2.611328 2.619141 2.626953 2.634766 2.646484 2.658203 2.666016 2.669922 2.673828 2.669922 2.658203 2.642578 2.638672 2.662109 2.662109 2.615234 2.568359 2.533203 2.490234 2.419922 2.330078 2.224609 2.083984
2.736328 2.744141 2.748047 2.755859 2.759766 2.763672 2.763672 2.763672 2.759766 2.755859 2.751953 2.751953 2.751953 2.755859 2.759766 2.759766 2.759766 2.755859 2.751953 2.748047 2.740234 2.732422 2.724609 2.720703 2.720703 2.728516 2.732422 2.740234 2.748047 2.716797 2.576172 2.544922 2.556641 2.572266 2.587891 2.599609 2.607422 2.611328 2.615234 2.615234 2.623047 2.630859 2.638672 2.642578 2.650391 2.658203 2.658203 2.662109 2.658203 2.650391 2.646484 2.654297 2.697266 2.693359 2.662109 2.623047 2.591797 2.552734 2.486328 2.400391 2.291016 2.154297
2.755859 2.767578 2.775391 2.783203 2.791016 2.794922 2.798828 2.798828 2.794922 2.791016 2.791016 2.787109 2.787109 2.787109 2.787109 2.787109 2.787109 2.783203 2.775391 2.767578 2.755859 2.744141 2.732422 2.720703 2.712891 2.708984 2.708984 2.712891 2.720703 2.728516 2.599609 2.556641 2.556641 2.572266 2.587891 2.599609 2.607422 2.615234 2.619141 2.623047 2.626953 2.634766 2.638672 2.642578 2.650391 2.654297 2.658203 2.658203 2.658203 2.658203 2.658203 2.673828 2.732422 2.740234 2.728516 2.705078 2.673828 2.630859 2.568359 2.474609 2.357422 2.228516
2.775391 2.791016 2.802734 2.810547 2.822266 2.826172 2.830078 2.830078 2.830078 2.830078 2.826172 2.826172 2.822266 2.822266 2.818359 2.814453 2.810547 2.806641 2.798828 2.787109 2.771484 2.755859 2.740234 2.720703 2.705078 2.693359 2.685547 2.685547 2.689453 2.697266 2.658203 2.591797 2.576172 2.583984 2.595703 2.607422 2.615234 2.623047 2.626953 2.630859 2.634766 2.638672 2.642578 2.646484 2.654297 2.658203 2.666016 2.666016 2.666016 2.669922 2.681641 2.701172 2.755859 2.791016 2.787109 2.775391 2.751953 2.712891 2.654297 2.560547 2.431641 2.294922
2.802734 2.818359 2.830078 2.841797 2.849609 2.853516 2.857422 2.861328 2.861328 2.861328 2.857422 2.853516 2.853516 2.849609 2.845703 2.841797 2.837891 2.830078 2.818359 2.806641 2.791016 2.767578 2.748047 2.724609 2.701172 2.681641 2.673828 2.666016 2.669922 2.677734 2.685547 2.634766 2.607422 2.603516 2.611328 2.619141 2.626953 2.634766 2.638672 2.638672 2.642578 2.646484 2.650391 2.650391 2.658203 2.669922 2.677734 2.681641 2.681641 2.689453 2.701172 2.720703 2.763672 2.826172 2.826172 2.818359 2.802734 2.775391 2.728516 2.646484 2.521484 2.373047
2.830078 2.845703 2.857422 2.865234 2.873047 2.876953 2.880859 2.884766 2.884766 2.880859 2.880859 2.876953 2.873047 2.873047 2.869141 2.865234 2.857422 2.849609 2.837891 2.826172 2.806641 2.783203 2.759766 2.732422 2.708984 2.689453 2.677734 2.669922 2.673828 2.681641 2.685547 2.689453 2.646484 2.634766 2.630859 2.638672 2.642578 2.646484 2.650391 2.650391 2.650391 2.654297 2.658203 2.666016 2.673828 2.685547 2.689453 2.697266 2.701172 2.708984 2.720703 2.736328 2.771484 2.845703 2.849609 2.845703 2.837891 2.818359 2.779297 2.712891 2.611328 2.482422
2.861328 2.873047 2.880859 2.888672 2.892578 2.896484 2.900391 2.900391 2.900391 2.896484 2.896484 2.892578 2.888672 2.884766 2.884766 2.876953 2.873047 2.865234 2.853516 2.841797 2.826172 2.806641 2.783203 2.755859 2.732422 2.712891 2.701172 2.693359 2.693359 2.697266 2.701172 2.705078 2.697266 2.673828 2.662109 2.662109 2.662109 2.662109 2.662109 2.662109 2.662109 2.666016 2.673828 2.681641 2.689453 2.701172 2.705078 2.712891 2.720703 2.728516 2.736328 2.751953 2.775391 2.857422 2.861328 2.857422 2.849609 2.833984 2.802734 2.755859 2.673828 2.580078
2.888672 2.896484 2.904297 2.908203 2.908203 2.908203 2.912109 2.912109 2.908203 2.908203 2.904297 2.904297 2.900391 2.896484 2.892578 2.888672 2.884766 2.876953 2.869141 2.861328 2.845703 2.830078 2.810547 2.791016 2.771484 2.751953 2.736328 2.724609 2.720703 2.720703 2.720703 2.720703 2.728516 2.720703 2.701172 2.689453 2.685547 2.685547 2.681641 2.677734 2.677734 2.681641 2.685547 2.693359 2.701172 2.708984 2.716797 2.728516 2.736328 2.744141 2.755859 2.763672 2.783203 2.857422 2.861328 2.861328 2.853516 2.837891 2.810547 2.767578 2.705078 2.419922
2.904297 2.904297 2.908203 2.908203 2.912109 2.912109 2.916016 2.916016 2.916016 2.916016 2.912109 2.912109 2.908203 2.904297 2.900391 2.896484 2.892578 2.888672 2.880859 2.876953 2.869141 2.857422 2.841797 2.826172 2.810547 2.794922 2.779297 2.763672 2.751953 2.748047 2.748047 2.744141 2.748047 2.748047 2.744141 2.728516 2.716797 2.708984 2.701172 2.697266 2.693359 2.693359 2.697266 2.705078 2.712891 2.720703 2.732422 2.740234 2.751953 2.759766 2.771484 2.779297 2.791016 2.861328 2.861328 2.857422 2.845703 2.826172 2.802734 2.759766 2.701172 2.255859
2.892578 2.884766 2.880859 2.884766 2.896484 2.908203 2.916016 2.916016 2.916016 2.916016 2.916016 2.916016 2.916016 2.912109 2.908203 2.908203 2.904297 2.900391 2.892578 2.888672 2.884766 2.880859 2.873047 2.861328 2.845703 2.830078 2.814453 2.798828 2.787109 2.779297 2.771484 2.767578 2.763672 2.759766 2.755859 2.755859 2.748047 2.732422 2.720703 2.712891 2.705078 2.708984 2.712891 2.716797 2.724609 2.732422 2.744141 2.751953 2.763672 2.771484 2.783203 2.787109 2.798828 2.861328 2.857422 2.849609 2.833984 2.810547 2.779297 2.728516 2.642578 2.134766
2.861328 2.837891 2.818359 2.822266 2.853516 2.892578 2.916016 2.916016 2.916016 2.916016 2.916016 2.916016 2.916016 2.916016 2.916016 2.916016 2.912109 2.908203 2.904297 2.904297 2.900391 2.896484 2.892578 2.884766 2.873047 2.861328 2.845703 2.830078 2.814453 2.802734 2.791016 2.787109 2.775391 2.767578 2.763672 2.759766 2.755859 2.751953 2.740234 2.724609 2.716797 2.716797 2.716797 2.720703 2.728516 2.740234 2.748047 2.759766 2.771484 2.783203 2.787109 2.794922 2.806641 2.861328 2.853516 2.837891 2.818359 2.783203 2.736328 2.677734 2.455078 2.076172
2.822266 2.783203 2.751953 2.748047 2.794922 2.869141 2.916016 2.916016 2.916016 2.916016 2.916016 2.916016 2.916016 2.916016 2.916016 2.916016 2.916016 2.916016 2.916016 2.912109 2.912109 2.912109 2.908203 2.904297 2.896484 2.884766 2.869141 2.853516 2.837891 2.822266 2.810547 2.798828 2.787109 2.775391 2.771484 2.763672 2.755859 2.751953 2.748047 2.740234 2.724609 2.716797 2.716797 2.720703 2.728516 2.740234 2.751953 2.763672 2.775391 2.787109 2.794922 2.798828 2.810547 2.857422 2.845703 2.826172 2.798828 2.755859 2.689453 2.611328 2.435547 2.166016
2.806641 2.763672 2.736328 2.748047 2.818359 2.916016 2.916016 2.916016 2.916016 2.916016 2.916016 2.916016 2.916016 2.916016 2.916016 2.916016 2.916016 2.916016 2.916016 2.916016 2.916016 2.916016 2.916016 2.916016 2.908203 2.900391 2.888672 2.873047 2.857422 2.837891 2.826172 2.810547 2.794922 2.783203 2.775391 2.763672 2.755859 2.751953 2.748047 2.744141 2.732422 2.720703 2.716797 2.720703 2.732422 2.744141 2.751953 2.767578 2.779297 2.791016 2.798828 2.802734 2.818359 2.857422 2.837891 2.814453 2.775391 2.716797 2.642578 2.548828 2.478516 2.427734
2.818359 2.787109 2.787109 2.857422 2.916016 2.916016 2.916016 2.916016 2.916016 2.916016 2.916016 2.916016 2.916016 2.916016 2.916016 2.916016 2.916016 2.916016 2.916016 2.916016 2.916016 2.916016 2.916016 2.916016 2.916016 2.912109 2.904297 2.888672 2.869141 2.853516 2.833984 2.818359 2.802734 2.791016 2.779297 2.767578 2.755859 2.751953 2.744141 2.740234 2.740234 2.728516 2.720703 2.724609 2.732422 2.740234 2.751953 2.763672 2.779297 2.791016 2.802734 2.810547 2.830078 2.861328 2.837891 2.798828 2.744141 2.669922 2.587891 2.494141 2.439453 2.470703
2.845703 2.826172 2.841797 2.916016 2.916016 2.916016 2.916016 2.916016 2.916016 2.916016 2.916016 2.916016 2.916016 2.916016 2.916016 2.916016 2.916016 2.916016 2.916016 2.916016 2.916016 2.916016 2.916016 2.916016 2.916016 2.916016 2.912109 2.904297 2.884766 2.861328 2.845703 2.826172 2.810547 2.794922 2.783203 2.767578 2.759766 2.748047 2.744141 2.736328 2.736328 2.728516 2.720703 2.720703 2.724609 2.736328 2.748047 2.759766 2.779297 2.794922 2.810547 2.822266 2.841797 2.865234 2.841797 2.798828 2.732422 2.638672 2.533203 2.458984 2.470703 2.556641
2.873047 2.857422 2.880859 2.916016 2.916016 2.916016 2.916016 2.916016 2.916016 2.916016 2.806641 2.833984 2.916016 2.916016 2.916016 2.916016 2.916016 2.916016 2.916016 2.916016 2.916016 2.916016 2.916016 2.916016 2.916016 2.916016 2.916016 2.912109 2.900391 2.876953 2.857422 2.837891 2.818359 2.798828 2.783203 2.771484 2.759766 2.748047 2.740234 2.736328 2.732422 2.724609 2.716797 2.716797 2.720703 2.728516 2.744141 2.755859 2.779297 2.798828 2.818359 2.833984 2.857422 2.880859 2.861328 2.818359 2.751953 2.650391 2.544922 2.517578 2.603516 2.720703
2.892578 2.884766 2.896484 2.916016 2.916016 2.916016 2.916016 2.916016 2.916016 2.916016 2.669922 2.396484 2.494141 2.755859 2.916016 2.916016 2.916016 2.916016 2.916016 2.916016 2.916016 2.916016 2.916016 2.916016 2.916016 2.744141 2.708984 2.744141 2.802734 2.869141 2.876953 2.853516 2.830078 2.810547 2.791016 2.775391 2.763672 2.751953 2.744141 2.736328 2.732422 2.720703 2.712891 2.712891 2.716797 2.728516 2.740234 2.759766 2.779297 2.802734 2.826172 2.849609 2.873047 2.896484 2.884766 2.853516 2.794922 2.708984 2.646484 2.666016 2.775391 2.865234
2.904297 2.900391 2.904297 2.916016 2.916016 2.916016 2.916016 2.916016 2.916016 2.916016 2.916016 2.333984 2.037109 2.080078 2.400391 2.916016 2.916016 2.916016 2.916016 2.916016 2.916016 2.916016 2.916016 2.775391 2.376953 2.279297 2.322266 2.419922 2.544922 2.681641 2.791016 2.857422 2.849609 2.822266 2.802734 2.783203 2.767578 2.755859 2.748047 2.740234 2.732422 2.720703 2.712891 2.708984 2.712891 2.724609 2.744141 2.759766 2.783203 2.806641 2.833984 2.857422 2.884766 2.912109 2.908203 2.892578 2.857422 2.810547 2.787109 2.830078 2.912109 2.916016
2.908203 2.908203 2.908203 2.916016 2.916016 2.916016 2.916016 2.916016 2.916016 2.916016 2.916016 2.916016 2.916016 2.126953 2.017578 2.310547 2.916016 2.916016 2.916016 2.916016 2.916016 2.916016 2.091797 1.935547 1.896484 1.904297 1.982422 2.099609 2.248047 2.427734 2.595703 2.748047 2.841797 2.849609 2.822266 2.794922 2.779297 2.763672 2.751953 2.744141 2.732422 2.720703 2.712891 2.708984 2.712891 2.728516 2.748047 2.767578 2.787109 2.810547 2.837891 2.865234 2.892578 2.916016 2.916016 2.916016 2.916016 2.912109 2.916016 2.916016 2.916016 2.916016
2.904297 2.912109 2.912109 2.916016 2.916016 2.916016 2.916016 2.916016 2.916016 2.916016 2.916016 2.916016 2.916016 2.916016 2.916016 2.916016 2.916016 2.916016 2.916016 2.916016 2.916016 1.537109 1.455078 1.494141 1.576172 1.666016 1.763672 1.900391 2.029297 2.189453 2.400391 2.615234 2.798828 2.880859 2.849609 2.818359 2.794922 2.775391 2.759766 2.748047 2.736328 2.724609 2.716797 2.712891 2.716797 2.732422 2.751953 2.771484 2.791016 2.814453 2.841797 2.869141 2.896484 2.912109 2.916016 2.916016 2.916016 2.916016 2.916016 2.916016 2.916016 2.916016
2.896484 2.908203 2.916016 2.916016 2.916016 2.916016 2.916016 2.916016 2.916016 2.916016 2.916016 2.916016 2.916016 2.916016 2.916016 2.916016 2.916016 2.916016 2.916016 2.916016 1.595703 1.197266 1.236328 1.318359 1.431641 1.564453 1.732422 1.900391 2.068359 2.224609 2.470703 2.693359 2.880859 2.904297 2.880859 2.849609 2.814453 2.791016 2.771484 2.755859 2.740234 2.732422 2.724609 2.720703 2.728516 2.740234 2.759766 2.775391 2.798828 2.818359 2.845703 2.873047 2.900391 2.908203 2.916016 2.916016 2.916016 2.916016 2.916016 2.916016 2.916016 2.916016
2.888672 2.904297 2.912109 2.916016 2.916016 2.916016 2.916016 2.916016 2.916016 2.916016 2.916016 2.916016 2.916016 2.916016 2.916016 2.916016 2.916016 2.916016 2.916016 2.916016 2.310547 1.365234 1.357422 1.474609 1.654297 1.923828 2.326172 2.279297 2.294922 2.380859 2.568359 2.732422 2.853516 2.904297 2.896484 2.869141 2.833984 2.806641 2.779297 2.763672 2.751953 2.744141 2.740234 2.736328 2.740234 2.751953 2.763672 2.779297 2.798828 2.822266 2.845703 2.876953 2.904297 2.904297 2.908203 2.912109 2.916016 2.916016 2.916016 2.912109 2.912109 2.908203
