py_wake/examples/data/AJ_ParqueFicticio/Ridge area   Sector 12   Height 30m   Flow inclination.grd
DSAA
90  129
 262878   265103
 6504214   6507414
-20.07727   28.35171
[rows 27 to 53 of 129, columns 0 to 60 of 90]
.7290323 .7686481 .6831381 .5113607 .2709761 -.03924745 -.3841947 -.7272421 -1.004957 -1.14791 -1.13051 -.91068 -.4501052 .1670353 .8403661 1.483115 2.110978 2.76113 3.506643 4.448956 5.348116 6.096171 6.660774 6.954356 7.155016 7.323011 7.489442 7.579934 7.377734 7.084457 6.719379 6.239789 5.759228 5.015616 4.386951 3.722493 2.972939 2.163594 1.124819 -.1752937 -1.39736 -2.631388 -3.812327 -4.939346 -5.970793 -6.901385 -7.739565 -8.536817 -9.127494 -9.565688 -10.00472 -10.35829 -10.72575 -11.01045 -10.86023 -8.349601 -4.191875 26.00045 26.67486 26.04154 22.71579
.8612729 .9806489 .9912084 .9278416 .7804257 .5212469 .1919015 -.1939496 -.6067531 -.9148133 -1.068971 -1.02597 -.81475 -.4844831 -.05444073 .4466064 1.039421 1.715854 2.492805 3.413245 4.270015 4.948396 5.463054 5.754747 6.041502 6.406656 6.742738 7.029312 7.08701 6.964829 6.812386 6.581465 6.264555 5.716174 5.155735 4.594416 3.888183 3.108404 2.085126 .7643965 -.5306272 -1.886166 -3.301455 -4.691073 -5.915658 -6.964938 -7.853723 -8.6727 -9.318983 -9.766392 -10.22516 -10.6172 -11.06336 -11.39625 -3.787405 -5.583555 -3.514405 6.26969 26.79935 24.62734 19.28653
.8840707 1.066596 1.161079 1.213301 1.188165 1.043504 .8050372 .4498835 .001194239 -.4402614 -.7347278 -.8717542 -.8871706 -.839062 -.6946306 -.4013461 .08845489 .7268813 1.478743 2.28497 2.92425 3.401193 3.793399 4.070804 4.39014 4.877984 5.3177 5.676737 5.903931 6.001841 6.04283 6.050359 5.9931 5.704376 5.273212 4.859615 4.297211 3.613667 2.696893 1.448294 .1277982 -1.315731 -2.915067 -4.492752 -5.89091 -7.097668 -8.075717 -8.898255 -9.568806 -10.03669 -10.52427 -10.98785 -11.52625 -3.791013 -1.241555 -8.538796 -2.497142 2.311232 27.02836 22.43035 14.90955
.8445678 1.092493 1.263028 1.416229 1.495534 1.466254 1.357582 1.118273 .7670863 .272593 -.1420957 -.4795903 -.7259111 -.8902724 -.9465619 -.8359252 -.4909753 -.02436638 .4726267 .9391353 1.200683 1.390531 1.614988 1.827958 2.127348 2.612147 3.114182 3.52863 3.861958 4.105295 4.306125 4.516183 4.760528 4.787076 4.607258 4.394176 4.077358 3.590947 2.865093 1.810942 .6098706 -.7953724 -2.473339 -4.149879 -5.679822 -7.09804 -8.269473 -9.143385 -9.867006 -10.3976 -10.93698 -11.49267 -4.185108 -1.482105 1.028742 -8.483583 .07415722 .7580407 28.35171 19.14624 9.805498
.5923268 .9087403 1.152118 1.404087 1.588199 1.667637 1.672026 1.559232 1.357955 .9176906 .4612211 .00476706 -.4131351 -.7211175 -.8661985 -.8328059 -.6224059 -.3959163 -.2575449 -.1975978 -.2221716 -.2405546 -.1656202 -.03733031 .1691378 .523348 .9358014 1.281646 1.596 1.887767 2.141544 2.401173 2.721181 3.004338 3.178076 3.262066 3.251267 3.080156 2.650049 1.876509 .8844712 -.443949 -2.062004 -3.725976 -5.31469 -6.843819 -8.268327 -9.320872 -10.13232 -10.75326 -11.35457 -7.381012 -1.794192 .06922865 -9.856514 -8.001455 -.2014136 .224688 25.7147 13.96361 5.01307
.1450739 .5148615 .8159645 1.137644 1.391891 1.55016 1.652218 1.655837 1.56994 1.214809 .7696376 .2819125 -.1749676 -.5039811 -.6463557 -.6293762 -.5280483 -.5530451 -.7523382 -.998259 -1.201738 -1.307106 -1.319842 -1.275596 -1.154591 -.9325009 -.6964462 -.5251449 -.3652627 -.1719098 .05705547 .3459043 .675523 1.05275 1.435818 1.766718 2.027145 2.162465 2.052148 1.595203 .8371077 -.4125983 -1.933854 -3.505918 -5.135084 -6.672367 -8.201863 -9.456614 -10.3592 -11.07678 -11.75953 .9334483 -.8135176 -13.57236 -9.985065 -7.123357 -.06068276 .1656861 -1.128606 8.046953 1.385386
-.4399553 -.02656346 .3308514 .7208723 1.04472 1.263128 1.392451 1.440576 1.407152 1.139111 .7164529 .2394258 -.1686929 -.4055396 -.4614051 -.4336511 -.4595676 -.688004 -1.08805 -1.482272 -1.746106 -1.902334 -1.998396 -2.048316 -2.038808 -1.968148 -1.897902 -1.89795 -1.929615 -1.900202 -1.79025 -1.581645 -1.299164 -.9217178 -.4643626 .008363484 .4787668 .8674862 1.057941 .9344515 .4285098 -.6779888 -2.051681 -3.488327 -5.124111 -6.653803 -8.172683 -9.574778 -10.60297 -11.42626 -12.16961 -2.424572 -13.7328 -13.9854 -9.893559 -7.003017 -.3705896 .5753239 -.2911996 5.772578 -.2700927
-1.176883 -.7121737 -.2917434 .1691274 .523412 .7520139 .8751323 .9044449 .85197 .6433795 .3024331 -.05045312 -.2944837 -.4015506 -.4327386 -.500331 -.6754224 -.9819803 -1.327978 -1.663217 -1.941481 -2.146706 -2.312352 -2.469943 -2.586078 -2.657084 -2.710536 -2.820411 -2.97936 -3.107526 -3.146411 -3.066428 -2.887668 -2.581243 -2.17151 -1.698654 -1.164008 -.6501026 -.2562651 -.08720981 -.3569243 -1.250588 -2.429445 -3.697686 -5.269957 -6.768048 -8.216529 -9.635102 -10.73973 -11.60176 -12.41565 -13.24107 -14.00843 -14.21604 -10.95182 -7.910897 -2.433694 .8628362 1.409329 6.104685 -.08873247
-2.085954 -1.55879 -1.049925 -.4739498 -.06036239 .2028451 .3419054 .3753085 .2843073 .0722267 -.1821828 -.3532718 -.4248389 -.4826849 -.635357 -.9030178 -1.166821 -1.403937 -1.623049 -1.816894 -1.995835 -2.181676 -2.363273 -2.577507 -2.770184 -2.928312 -3.083364 -3.279699 -3.557719 -3.807786 -3.946676 -3.976672 -3.904162 -3.707293 -3.397551 -3.022377 -2.538602 -2.03163 -1.58362 -1.265733 -1.340502 -1.985101 -2.951033 -4.051056 -5.52428 -6.961219 -8.37185 -9.667422 -10.79862 -11.67893 -12.45774 -13.24224 -13.93623 -14.14117 -12.31983 -8.344395 -4.480665 -.5142664 1.319074 -3.986417 -5.385709
-3.08219 -2.502596 -1.909451 -1.202893 -.7017977 -.3630591 -.1691143 -.1083569 -.1964617 -.3538605 -.4448862 -.3947222 -.3755129 -.5644649 -.9633104 -1.409306 -1.698628 -1.836655 -1.918859 -1.983011 -2.075125 -2.184075 -2.311121 -2.474753 -2.663903 -2.84266 -3.026674 -3.276692 -3.664887 -4.051699 -4.316166 -4.490611 -4.521381 -4.445253 -4.236375 -3.964114 -3.577477 -3.143988 -2.704326 -2.34591 -2.31345 -2.763327 -3.54092 -4.468726 -5.785268 -7.171437 -8.542201 -9.741134 -10.74881 -11.5849 -12.25608 -12.95496 -13.60578 -13.84205 -12.8663 -8.96497 -5.952855 -3.082858 -3.341014 -9.341532 -9.240349
-4.1163 -3.523815 -2.867718 -2.049196 -1.424176 -.9704998 -.6828467 -.5566034 -.569458 -.557618 -.3502184 -.1175819 -.2263374 -.7446526 -1.365542 -1.861516 -2.130099 -2.240898 -2.241574 -2.20263 -2.216723 -2.218805 -2.216162 -2.258171 -2.35386 -2.487477 -2.651045 -2.884436 -3.315014 -3.862812 -4.306891 -4.633482 -4.786829 -4.812659 -4.749194 -4.580043 -4.304692 -3.967085 -3.595784 -3.24953 -3.153739 -3.468641 -4.097743 -4.909761 -5.983708 -7.301576 -8.638614 -9.800207 -10.66351 -11.39105 -12.01568 -12.56195 -13.12292 -13.40597 -12.89517 -10.49364 -7.057172 -5.566416 -7.925558 -11.32567 -11.55524
-5.067368 -4.5748 -3.90722 -3.043226 -2.315135 -1.742105 -1.356782 -1.141189 -.8605691 -.3682421 .1943852 .3960929 -.03102514 -.8185411 -1.53154 -2.060482 -2.291158 -2.419094 -2.455781 -2.369019 -2.266682 -2.136349 -2.02269 -1.946602 -1.904618 -1.93519 -2.040161 -2.230296 -2.639729 -3.210281 -3.771645 -4.22995 -4.613967 -4.806719 -4.881657 -4.827082 -4.717374 -4.510698 -4.213706 -3.906861 -3.777622 -4.012907 -4.530384 -5.261529 -6.148678 -7.34614 -8.564106 -9.701316 -10.54315 -11.18061 -11.71523 -12.20269 -12.65222 -12.92004 -12.64994 -11.4214 -9.290816 -8.871926 -10.55825 -12.22446 -1.85233
-5.89951 -5.558082 -4.95036 -4.115579 -3.328391 -2.668706 -2.180032 -1.770857 -.9578626 -.02169081 .6610581 .6158802 -.0271982 -.7536384 -1.365518 -1.795523 -2.036835 -2.204422 -2.267176 -2.200397 -2.062661 -1.836081 -1.598995 -1.442902 -1.302882 -1.242919 -1.246251 -1.378072 -1.758392 -2.29373 -2.89906 -3.424803 -3.928658 -4.258396 -4.498176 -4.637938 -4.654861 -4.575055 -4.381498 -4.156893 -4.075765 -4.295505 -4.776486 -5.454858 -6.281027 -7.388735 -8.506862 -9.506781 -10.28503 -10.91132 -11.36164 -11.80014 -12.24497 -12.51251 -12.38532 -11.66903 -10.75384 -10.78287 -11.70018 -12.94538 -5.971574
-6.602953 -6.39648 -5.903384 -5.173369 -4.427797 -3.748794 -3.146717 -2.256139 -.8691806 .3568945 .84554 .5289667 -.01837764 -.4742591 -.8141955 -1.089831 -1.277512 -1.374914 -1.487207 -1.486054 -1.357313 -1.091364 -.749228 -.4989053 -.2679894 -.2026925 -.2110856 -.2770552 -.5698029 -1.058708 -1.607745 -2.14885 -2.713118 -3.180319 -3.55376 -3.930617 -4.185503 -4.243181 -4.170847 -4.075919 -4.086307 -4.382226 -4.900326 -5.528872 -6.299441 -7.315564 -8.376877 -9.32442 -10.02741 -10.6132 -11.02256 -11.36704 -11.82241 -12.18522 -12.18894 -11.8489 -11.51473 -11.7071 -12.44378 -13.53661 -7.801849
-7.125628 -7.054414 -6.717472 -6.153217 -5.523161 -4.914787 -4.26751 -2.814864 -.9993741 .09348428 .2844072 .1648232 .1234737 .07617473 .03127625 -.04452633 -.1527204 -.2334407 -.3259098 -.4050983 -.3431053 -.01772734 .4388495 .8252187 1.188532 1.390396 1.486967 1.358562 .9973411 .5474648 .06368738 -.4842865 -1.043413 -1.638303 -2.143988 -2.635853 -3.074553 -3.367455 -3.506194 -3.585818 -3.728242 -4.067354 -4.605558 -5.249498 -6.030614 -6.995634 -8.01187 -9.032194 -9.774549 -10.30104 -10.69189 -11.01688 -11.42996 -11.89254 -12.08584 -12.043 -12.02 -12.34593 -13.05593 -14.08196 -14.56038
-7.389642 -7.45357 -7.273451 -6.859688 -6.511038 -6.192254 -5.166183 -3.126082 -1.454137 -.9932594 -.8492422 -.4979464 -.009450435 .4213752 .7725815 1.009603 1.127159 1.146682 1.020724 .9214931 .9636006 1.25085 1.716488 2.221921 2.725401 3.052669 3.275899 3.269498 3.015208 2.423357 1.966028 1.393387 .7932248 .1341116 -.4569409 -1.051155 -1.691727 -2.228135 -2.582618 -2.831137 -3.06065 -3.486413 -4.157609 -4.905788 -5.723288 -6.689784 -7.67124 -8.592617 -9.400472 -9.981779 -10.4155 -10.78622 -11.17295 -11.65326 -12.01054 -12.21167 -12.39052 -12.85125 -13.61277 -14.57904 -14.67277
-7.552538 -7.682866 -7.620634 -7.213674 -6.962656 -6.619022 -4.614238 -2.406279 -2.832339 -2.961174 -2.321937 -1.267217 -.2161345 .6068982 1.226557 1.673686 2.000891 2.18416 2.19489 2.119556 2.135179 2.379125 2.797734 3.328479 3.904682 4.408074 4.861228 5.053861 4.841268 4.287683 3.822376 3.21889 2.632328 1.981245 1.296586 .590856 -.1446698 -.8256375 -1.368752 -1.776904 -2.192637 -2.771825 -3.554359 -4.410306 -5.31285 -6.337899 -7.341755 -8.260758 -9.054662 -9.732965 -10.23456 -10.66218 -11.08698 -11.59989 -12.08092 -12.43125 -12.69779 -13.23275 -14.04807 -13.6608 -14.72038
-7.463274 -7.691836 -7.530495 -6.763674 -5.874658 -4.354792 -3.074275 -2.870181 -5.641357 -5.513376 -4.12674 -2.371744 -.7586718 .5167066 1.495542 2.213675 2.804676 3.2405 3.445253 3.459021 3.502534 3.693913 4.017527 4.51976 5.084494 5.614793 6.15365 6.481024 6.43539 5.918434 5.559935 5.004714 4.468127 3.847639 3.099257 2.345356 1.588868 .8344543 .1179219 -.5097774 -1.129219 -1.867982 -2.81858 -3.816023 -4.811521 -5.933214 -7.024588 -7.97465 -8.759883 -9.497301 -10.09463 -10.59412 -11.09133 -11.63556 -12.17987 -12.61749 -12.94057 -13.5118 -12.14347 -12.54642 -14.09247
-7.178758 -7.339178 -7.057371 -5.626894 -1.74805 -.2701815 .06174151 -5.746492 -9.391613 -8.391088 -6.242159 -3.795905 -1.602947 .1530313 1.499933 2.489953 3.317975 4.026379 4.510669 4.737992 4.932608 5.180592 5.438784 5.897615 6.432909 6.948555 7.516857 7.962108 8.029791 7.597023 7.269388 6.772684 6.245653 5.649055 4.877173 4.132645 3.413205 2.628942 1.770203 .9760826 .1919135 -.6824577 -1.764274 -2.897978 -4.014084 -5.255349 -6.51859 -7.669699 -8.54839 -9.31496 -10.00989 -10.58666 -11.15291 -11.73206 -12.31919 -12.83129 -13.22568 -10.74571 -7.883766 -8.678676 -10.57399
-6.810862 -6.796896 -6.250677 -3.214666 .7060857 8.52587 8.662054 -7.033544 -12.29838 -10.90472 -8.303873 -5.404166 -2.779094 -.5562769 1.231599 2.575315 3.620016 4.569038 5.329787 5.842097 6.182528 6.526867 6.841641 7.272379 7.770735 8.205844 8.730005 9.277705 9.56757 9.196587 8.855939 8.422974 7.865281 7.30701 6.575513 5.811572 5.134418 4.361362 3.430457 2.546343 1.645649 .6393515 -.601833 -1.90536 -3.215022 -4.57001 -5.902957 -7.24649 -8.335855 -9.200081 -9.972475 -10.61434 -11.23026 -11.84953 -12.47033 -13.0508 -13.50963 -4.597619 -2.911496 -5.820857 -7.780615
-6.569131 -6.280069 -5.532172 -1.638917 3.306136 11.93494 10.08148 -7.42922 -13.71607 -13.11398 -10.69214 -7.643707 -4.752853 -2.14242 .0573686 1.815618 3.177152 4.337493 5.263986 5.96501 6.508202 6.96253 7.354883 7.825986 8.377587 8.896101 9.427433 10.02128 10.53475 10.44488 10.08131 9.706591 9.160871 8.59446 7.958029 7.202334 6.507047 5.756788 4.776981 3.806142 2.843776 1.729545 .3598135 -1.034423 -2.485162 -3.957814 -5.350729 -6.726726 -8.056639 -9.096455 -9.954276 -10.66171 -11.29296 -11.92432 -12.55505 -13.1523 -12.14428 -5.609067 -6.187595 -9.181786 -11.63997
-6.468976 -6.126018 -5.387121 -1.534217 1.652135 6.925939 3.558844 -7.613756 -13.74637 -14.65912 -12.95095 -10.08878 -7.211945 -4.445175 -1.975117 .05892747 1.717103 3.113609 4.266901 5.167796 5.884905 6.48319 7.001783 7.577737 8.271302 8.916922 9.482742 10.06794 10.67123 10.82655 10.67841 10.40057 10.01825 9.485765 8.939929 8.284397 7.579687 6.851194 5.878157 4.824775 3.808251 2.602865 1.138906 -.3142665 -1.852011 -3.424034 -4.90318 -6.257507 -7.643126 -8.918027 -9.897161 -10.67031 -11.30602 -11.93732 -12.57747 -13.16377 -11.98283 -8.155539 -8.737896 -11.11387 -13.8034
-6.482596 -6.191182 -5.743116 -3.709772 -.08249886 -.3337852 -2.289317 -7.407587 -12.8696 -15.17801 -14.44555 -12.12482 -9.568036 -7.000588 -4.506448 -2.389301 -.5697144 1.036808 2.439554 3.583892 4.464231 5.195189 5.864333 6.483494 7.225938 8.086209 8.763881 9.344625 9.889009 10.27852 10.48241 10.48721 10.33074 9.949172 9.496021 9.015837 8.383633 7.654166 6.723536 5.599133 4.56316 3.302739 1.766906 .2510763 -1.340658 -2.991136 -4.564494 -5.959894 -7.273261 -8.661925 -9.795043 -10.6427 -11.30919 -11.95986 -12.65611 -13.2333 -12.44813 -9.924567 -10.37745 -13.1741 -16.16514
-6.552449 -6.412008 -6.245696 -5.785182 -3.928569 -2.43118 -3.248637 -6.383993 -11.74531 -14.53266 -14.472 -12.8626 -10.81486 -8.782112 -6.774961 -4.982387 -3.230008 -1.594107 -.03801387 1.322476 2.414828 3.313999 4.144208 4.882329 5.552332 6.320581 7.061081 7.730352 8.384219 8.996191 9.50736 9.823207 9.92383 9.784208 9.527501 9.252436 8.811781 8.138523 7.301679 6.16851 5.107451 3.829895 2.253404 .6871307 -.9506438 -2.675728 -4.35322 -5.795686 -7.113994 -8.446108 -9.708618 -10.63107 -11.33606 -12.01623 -12.78555 -13.36437 -12.87507 -11.04013 -12.08784 -15.98219 -15.81565
-6.539333 -6.636424 -6.662737 -6.681784 -6.559114 -6.20687 -6.277842 -7.271541 -10.79813 -13.14529 -13.53867 -12.46179 -10.83088 -9.415131 -8.159858 -6.982947 -5.608605 -4.109612 -2.589614 -1.064794 .3043045 1.452024 2.430591 3.182067 3.830878 4.546426 5.318514 6.012817 6.718631 7.47607 8.102937 8.641233 8.926946 8.97156 8.925682 8.878095 8.623537 8.127003 7.4592 6.471456 5.428345 4.184432 2.62021 1.04039 -.6416565 -2.463515 -4.264245 -5.768748 -7.115564 -8.35081 -9.633381 -10.64052 -11.39544 -12.10519 -12.87639 -13.41323 -13.18893 -12.06842 -14.12801 -15.43038 -14.18625
-6.380916 -6.757694 -6.965377 -7.170321 -7.482091 -7.760128 -8.05228 -9.024227 -10.34404 -11.9287 -12.4918 -11.68094 -10.37909 -9.362015 -8.563392 -7.807045 -6.769614 -5.532413 -4.243981 -2.791065 -1.323016 -.1799876 .8412187 1.712714 2.391694 3.075299 3.823012 4.498025 5.141908 5.938344 6.572405 7.159987 7.527665 7.643141 7.690182 7.783088 7.744616 7.517527 7.104108 6.371136 5.435663 4.301371 2.848062 1.327799 -.3640518 -2.266597 -4.174134 -5.773802 -7.163199 -8.361995 -9.600498 -10.69062 -11.50704 -12.24962 -12.94528 -13.36747 -13.45848 -13.48705 -14.37928 -14.12245 -12.68503
-6.000934 -6.725202 -7.195674 -7.562064 -7.941853 -8.366643 -8.636401 -9.072366 -10.27877 -11.16266 -11.41621 -10.73694 -9.72116 -8.89636 -8.126496 -7.202612 -6.020097 -5.003946 -4.041451 -3.208138 -2.307116 -1.235819 -.1934374 .7192895 1.423307 2.1032 2.832232 3.441202 3.960998 4.607513 5.097764 5.539894 5.863905 6.000262 6.104681 6.253559 6.353648 6.364554 6.23761 5.805264 5.059008 4.061619 2.803769 1.48329 -.113133 -2.001789 -3.925749 -5.65456 -7.149193 -8.390588 -9.570171 -10.68771 -11.55798 -12.32076 -12.94104 -13.27725 -13.3828 -13.42695 -13.4895 -12.763 -11.27266
