py_wake/examples/data/AJ_ParqueFicticio/Ridge area   Sector 1   Height 200m   Weibull-A.grd
DSAA
90  129
 262878   265103
 6504214   6507414
 .4201423   6.074468
[rows 27 to 53 of 129, columns 0 to 61 of 90]
2.587552 2.560374 2.564043 2.586907 2.629368 2.69251 2.765686 2.837412 2.901303 2.945723 2.962657 2.953576 2.927248 2.898414 2.885315 2.892352 2.914766 2.939838 2.952776 2.948928 2.95193 2.951813 2.946185 2.947844 2.952068 2.971265 3.009036 3.074679 3.176095 3.286431 3.408505 3.539475 3.670776 3.800101 3.899998 3.987684 4.058301 4.111678 4.164506 4.192532 4.181705 4.156374 4.125516 4.093433 4.051992 3.998919 3.942052 3.858841 3.75677 3.636168 3.484694 3.329345 3.173457 2.99716 2.801547 2.591717 2.362794 1.428593 1.318615 1.223614 1.148709 1.101766
2.529658 2.506409 2.5149 2.545912 2.603636 2.686903 2.780001 2.872521 2.951256 3.001031 3.018887 3.007715 2.970028 2.923438 2.885811 2.868579 2.869943 2.876125 2.874238 2.856886 2.838041 2.813649 2.78472 2.769096 2.752634 2.747755 2.769154 2.814662 2.899838 3.011018 3.129989 3.259299 3.402509 3.547397 3.672107 3.778967 3.872158 3.94507 4.018725 4.076179 4.09971 4.106849 4.100586 4.075878 4.024849 3.963554 3.902202 3.815735 3.704059 3.580422 3.425085 3.266218 3.11323 2.944277 2.76316 2.575717 2.351169 2.121751 1.259859 1.167494 1.102361 1.072243
2.467049 2.448307 2.459213 2.493834 2.562066 2.661976 2.773925 2.888409 2.989683 3.055599 3.075253 3.052935 3.009507 2.95972 2.913402 2.880893 2.862416 2.848029 2.823547 2.788975 2.750926 2.701555 2.64609 2.606747 2.569324 2.533003 2.534173 2.567562 2.639479 2.737765 2.846605 2.970533 3.111094 3.268554 3.419556 3.544874 3.660594 3.760355 3.859069 3.949364 4.010882 4.056253 4.084125 4.077923 4.023258 3.948907 3.872554 3.779485 3.659104 3.526624 3.362819 3.199589 3.052145 2.893298 2.726656 2.555427 2.338178 2.103329 1.196903 1.112249 1.062034 1.050433
2.394184 2.378891 2.391683 2.43037 2.507077 2.615191 2.737523 2.866466 2.987474 3.074641 3.097657 3.075885 3.034049 2.99231 2.955203 2.922667 2.895021 2.86276 2.816938 2.766025 2.720416 2.651205 2.575554 2.521781 2.464111 2.398922 2.383524 2.408672 2.45802 2.531092 2.622347 2.721134 2.832626 2.991869 3.165371 3.31344 3.446162 3.572857 3.701612 3.825159 3.926851 4.017752 4.085814 4.098101 4.054547 3.972687 3.869744 3.761844 3.625605 3.477885 3.308784 3.148816 3.014045 2.866953 2.706495 2.539488 2.347326 2.119126 1.14441 1.068974 1.035372 1.0444
2.299197 2.283254 2.297567 2.337847 2.421146 2.537167 2.665715 2.797816 2.921345 3.014945 3.052673 3.053429 3.033237 3.006783 2.983995 2.963252 2.937887 2.903195 2.861118 2.817788 2.766569 2.698416 2.628728 2.573133 2.505911 2.437354 2.405614 2.400393 2.404714 2.433985 2.492977 2.572954 2.67505 2.815516 2.973215 3.12599 3.268294 3.409972 3.559645 3.707822 3.838021 3.95888 4.049841 4.081767 4.060211 3.994539 3.878497 3.75352 3.609477 3.457132 3.294466 3.139469 3.016627 2.888225 2.731761 2.562314 2.407273 2.210425 1.134317 1.055624 1.037055 1.083326
2.19777 2.180197 2.195935 2.239505 2.327305 2.44618 2.574978 2.703626 2.821344 2.915386 2.968143 2.991091 2.996664 2.994058 2.989636 2.981666 2.965976 2.948971 2.932249 2.901201 2.85482 2.804944 2.752218 2.69689 2.635186 2.573025 2.524822 2.491409 2.454964 2.436239 2.458979 2.515366 2.602538 2.708656 2.832864 2.972049 3.116626 3.265952 3.427899 3.590254 3.741196 3.882282 3.981554 4.031236 4.031756 3.985709 3.887502 3.7549 3.613552 3.460528 3.305084 3.159471 1.944357 2.939361 2.788301 2.602724 2.474574 2.313712 2.096015 1.080889 1.097318 1.168651
2.089619 2.071777 2.090565 2.139192 2.233323 2.356673 2.486186 2.610485 2.721331 2.814351 2.881037 2.923537 2.949161 2.965559 2.975907 2.979515 2.977071 2.989605 3.004883 2.994352 2.967348 2.933473 2.893734 2.849002 2.793616 2.732118 2.682995 2.641821 2.584036 2.538371 2.521476 2.526567 2.580729 2.654267 2.743708 2.867504 3.007515 3.153073 3.31422 3.480079 3.648081 3.807979 3.913701 3.975176 3.995771 3.962473 3.89279 3.769922 3.629995 3.485616 3.349628 1.502467 3.118043 3.020396 2.892029 2.713373 2.577237 2.424462 2.215282 1.153711 1.266873 1.315998
1.975464 1.961179 1.986797 2.044348 2.151058 2.283339 2.417916 2.545948 2.656198 2.747055 2.821913 2.87841 2.918588 2.946941 2.96423 2.972648 2.9891 3.027863 3.064382 3.083056 3.078069 3.060748 3.041058 3.01007 2.962932 2.914505 2.877652 2.845605 2.80899 2.763526 2.715025 2.688819 2.700689 2.729436 2.79257 2.895513 3.001306 3.133772 3.275624 3.426285 3.599109 3.760552 3.865196 3.935019 3.972328 3.951552 3.90696 3.811555 3.690977 3.57087 3.447416 3.334425 3.230718 3.138697 3.036118 2.89283 2.732171 2.547942 2.323272 1.987192 1.601987 1.535356
1.871981 1.860837 1.889624 1.95528 2.080904 2.230298 2.379403 2.519211 2.637538 2.733485 2.812324 2.873319 2.921436 2.956719 2.979478 2.995153 3.027252 3.074438 3.118084 3.150646 3.169555 3.181424 3.18505 3.175829 3.154804 3.135925 3.118673 3.111968 3.100913 3.06788 3.029624 2.998771 2.97885 2.976445 3.016295 3.070663 3.145298 3.244366 3.35182 3.464987 3.612593 3.756042 3.851809 3.925929 3.97557 3.970704 3.941643 3.881071 3.780184 3.685623 3.594284 3.499474 3.406785 3.325325 3.224838 3.071982 2.905271 2.701106 2.448102 2.139332 1.830112 1.593035
1.786735 1.767553 1.793946 1.863732 2.012505 2.183078 2.350729 2.505018 2.635589 2.741473 2.825742 2.892477 2.951292 2.994394 3.025467 3.056961 3.091972 3.133355 3.179068 3.219006 3.25586 3.292821 3.318522 3.342127 3.358216 3.369431 3.384745 3.405583 3.416803 3.400955 3.372707 3.33996 3.311797 3.297853 3.311869 3.337514 3.376211 3.433445 3.498525 3.576988 3.682248 3.792016 3.875965 3.952188 4.019201 4.028803 4.003855 3.95567 3.89307 3.823875 3.764291 3.6906 3.606706 3.52795 3.429063 3.27169 3.089468 2.871844 2.599299 2.280997 1.970384 1.66178
1.720664 1.680497 1.698064 1.770174 1.941795 2.133241 2.318967 2.487598 2.632523 2.753165 2.848487 2.930752 3.004846 3.058382 3.101736 3.139519 3.172629 3.20993 3.253794 3.300394 3.359265 3.411431 3.459914 3.509026 3.556921 3.598799 3.638557 3.682694 3.721689 3.721104 3.695353 3.665387 3.639087 3.624344 3.615763 3.620012 3.632761 3.651278 3.670398 3.711235 3.787641 3.873684 3.949594 4.02246 4.098452 4.129236 4.098775 4.050689 4.008872 3.963441 3.915516 3.870309 3.799633 3.718926 3.62571 3.476342 3.295886 3.057767 2.75728 2.423812 2.093357 1.082796
1.688357 1.603156 1.604555 1.682955 1.870367 2.074704 2.274527 2.456722 2.613747 2.752234 2.867765 2.977516 3.073422 3.146271 3.193681 3.232806 3.274647 3.323658 3.367174 3.425657 3.497902 3.563896 3.623632 3.684205 3.749575 3.812917 3.87159 3.92886 3.979825 4.000285 3.991383 3.97305 3.947159 3.926755 3.90747 3.897339 3.885745 3.875381 3.872191 3.891558 3.943523 4.011492 4.077581 4.136508 4.198766 4.232389 4.208068 4.163219 4.124204 4.092887 4.057685 4.017157 3.956248 3.87434 3.782369 3.641854 3.46955 3.217146 2.902203 2.555329 1.156344 1.194486
1.669888 1.548256 1.528641 1.617645 1.802267 2.010291 2.221625 2.418204 2.591484 2.744102 2.878108 3.011905 3.131228 3.224632 3.29091 3.343832 3.406114 3.468758 3.535503 3.60458 3.67452 3.741048 3.806458 3.87835 3.949959 4.021072 4.090626 4.153299 4.207675 4.244794 4.256973 4.252808 4.240316 4.220291 4.198948 4.172423 4.150651 4.127316 4.107635 4.10902 4.135858 4.179989 4.21973 4.258686 4.299259 4.319492 4.300975 4.276862 4.246697 4.211703 4.184883 4.146522 4.078238 3.986703 3.894974 3.751938 3.579417 3.341475 3.026413 2.660722 1.324911 1.396451
1.673424 1.527955 1.48882 1.573076 1.736342 1.937508 2.154574 2.360239 2.548211 2.720069 2.87732 3.036538 3.178577 3.290117 3.383727 3.471889 3.550037 3.633833 3.722399 3.797243 3.862577 3.923758 3.995017 4.077887 4.159956 4.237839 4.308383 4.371312 4.432242 4.47666 4.505382 4.515631 4.518186 4.500788 4.480624 4.448481 4.411524 4.378582 4.347699 4.330201 4.333328 4.349308 4.365819 4.390525 4.42032 4.431932 4.412007 4.383172 4.352339 4.316431 4.290433 4.260343 4.180951 4.068922 3.970224 3.8379 3.663087 3.428996 3.12626 2.751985 1.590488 1.960125
1.72246 1.549122 1.481268 1.528531 1.663981 1.853837 2.073148 2.283014 2.48646 2.683678 2.871857 3.049817 3.199724 3.339165 3.463015 3.578017 3.687599 3.789243 3.892814 3.973375 4.033786 4.100745 4.177354 4.269246 4.354984 4.439077 4.508947 4.572186 4.629997 4.681059 4.712566 4.732101 4.742812 4.727901 4.709129 4.694827 4.660979 4.609273 4.560691 4.526546 4.512727 4.523475 4.530156 4.532199 4.541316 4.545967 4.528732 4.483902 4.443333 4.408603 4.373796 4.332838 4.256341 4.137666 4.027473 3.901314 3.727034 3.493727 3.195202 2.830648 2.449891 2.072981
1.81573 1.599302 1.479893 1.470619 1.576949 1.745894 1.957011 2.172033 2.395279 2.61657 2.836055 3.045994 3.225013 3.376176 3.513607 3.646995 3.778674 3.900585 4.012012 4.103528 4.181455 4.251459 4.328434 4.415993 4.496392 4.57026 4.636922 4.697494 4.755249 4.80669 4.836593 4.862566 4.870352 4.865642 4.860351 4.856681 4.824593 4.768958 4.716922 4.677974 4.664801 4.659881 4.6438 4.62758 4.626778 4.62373 4.604834 4.573611 4.523865 4.475924 4.424157 4.365057 4.291638 4.178909 4.06113 3.942781 3.776461 3.546973 3.254831 2.913509 2.564198 2.248048
1.923796 1.662509 1.505915 1.43052 1.460653 1.598493 1.803854 2.027585 2.278276 2.524204 2.767482 3.002259 3.204674 3.380458 3.538899 3.692545 3.846199 3.994116 4.127165 4.23736 4.322982 4.389526 4.457443 4.529482 4.596905 4.655505 4.697881 4.734921 4.791296 4.839887 4.872626 4.902305 4.914832 4.925514 4.935337 4.935479 4.919219 4.884067 4.842457 4.807307 4.778937 4.75324 4.730249 4.710615 4.702006 4.689526 4.662037 4.628381 4.583579 4.520868 4.453662 4.380197 4.298535 4.189913 4.073423 3.964411 3.812023 3.605689 3.330004 3.026118 2.74708 2.509583
2.101311 1.808913 1.571965 1.413671 1.367257 1.447625 1.62724 1.854679 2.128173 2.397695 2.657271 2.907444 3.130584 3.329135 3.511065 3.687687 3.856826 4.020548 4.175435 4.310601 4.407047 4.480043 4.544207 4.599113 4.648277 4.688219 4.716014 4.745804 4.780326 4.824758 4.853564 4.881762 4.899778 4.921504 4.942708 4.954237 4.958333 4.951574 4.930296 4.897353 4.862578 4.836411 4.815645 4.797469 4.78718 4.763093 4.71655 4.668867 4.622082 4.554247 4.476672 4.392868 4.302044 4.19804 4.084559 3.978343 3.832057 3.649865 3.424971 3.186514 2.984051 2.807205
2.359623 2.032223 1.722306 1.472819 1.332649 1.320408 1.45505 1.678373 1.960546 2.239173 2.507213 2.766198 2.997236 3.206882 3.403613 3.598706 3.777241 3.945995 4.113788 4.263178 4.368631 4.450746 4.520883 4.56515 4.600982 4.627615 4.645576 4.672392 4.711303 4.739678 4.76026 4.786033 4.810271 4.842502 4.880116 4.907507 4.92908 4.946883 4.949481 4.93328 4.91201 4.899867 4.895153 4.88156 4.862303 4.833554 4.775431 4.705932 4.64593 4.580156 4.495018 4.406179 4.309842 4.206684 4.093431 3.982852 3.840126 3.68059 3.515171 3.364196 3.242407 3.124338
2.663116 2.284444 1.902743 1.554596 1.318802 1.231362 1.309715 1.499239 1.777752 2.049215 2.300999 2.544314 2.762321 2.965166 3.168853 3.372648 3.560044 3.73428 3.899852 4.041741 4.150899 4.238318 4.308251 4.354565 4.389508 4.421228 4.443155 4.464042 4.499395 4.537148 4.570989 4.604508 4.642565 4.684119 4.737055 4.782747 4.819346 4.856738 4.881565 4.886147 4.887672 4.896119 4.905889 4.897553 4.876681 4.851921 4.810777 4.74282 4.66961 4.59954 4.514092 4.424597 4.325505 4.221322 4.111802 4.001656 3.874093 3.724824 3.601289 3.53023 3.483572 3.424828
2.968803 2.570574 2.162099 1.727738 1.39818 1.237565 1.237322 1.369303 1.610088 1.846066 2.062479 2.269618 2.45169 2.638886 2.827838 3.019665 3.213455 3.395763 3.565754 3.707438 3.813735 3.898472 3.966289 4.015116 4.057029 4.096102 4.126536 4.148293 4.178596 4.232095 4.294249 4.345019 4.40543 4.463008 4.526929 4.595757 4.653143 4.709253 4.758288 4.784188 4.805378 4.833 4.857607 4.865426 4.863079 4.843136 4.816283 4.776043 4.705549 4.6279 4.540893 4.449013 4.352966 4.251997 4.150408 4.051919 3.935553 3.811567 3.725116 3.717534 3.740155 3.76138
3.274107 2.913734 2.520461 2.080163 1.674273 1.413458 1.316915 1.358731 1.491959 1.657653 1.827276 1.99401 2.130351 2.2809 2.45937 2.647478 2.836322 3.029645 3.212573 3.360074 3.466151 3.547431 3.613832 3.659157 3.68949 3.732556 3.777006 3.80945 3.837993 3.896156 3.972864 4.04985 4.124828 4.205168 4.285696 4.376317 4.463737 4.541318 4.61755 4.671399 4.711133 4.75701 4.79666 4.817183 4.831734 4.826695 4.808574 4.792595 4.747373 4.664647 4.573249 4.47806 4.383853 4.283605 4.186683 4.098824 3.993109 3.900718 3.870211 3.903974 3.985363 4.075459
3.560765 3.26835 2.898909 2.472444 2.053341 1.725367 1.52152 1.433749 1.438174 1.517533 1.633042 1.749663 1.834718 1.940686 2.100692 2.271092 2.466964 2.662423 2.851631 3.014981 3.133672 3.217119 3.283528 3.334349 3.365119 3.388842 3.432986 3.476168 3.51623 3.573971 3.647296 3.730187 3.818174 3.921097 4.02609 4.132402 4.249402 4.360094 4.465356 4.551306 4.608918 4.673858 4.73208 4.767273 4.796834 4.80991 4.8015 4.790479 4.771217 4.698189 4.602531 4.503716 4.409655 4.3111 4.211619 4.128796 4.050951 3.992234 3.989182 4.059032 4.188335 4.329149
3.813597 3.575861 3.261564 2.873935 2.467002 2.074119 1.761839 1.551467 1.457579 1.469512 1.537464 1.599827 1.63431 1.688834 1.795705 1.926058 2.110191 2.301808 2.488491 2.665709 2.810876 2.915664 2.996505 3.072282 3.118603 3.13906 3.172777 3.209411 3.249353 3.296987 3.347347 3.423505 3.520654 3.635391 3.753352 3.871051 4.010414 4.162827 4.300049 4.422997 4.504043 4.589853 4.670208 4.724341 4.769641 4.799286 4.800256 4.787544 4.770108 4.718602 4.62435 4.524883 4.431808 4.338317 4.24133 4.164545 4.11481 4.090055 4.117222 4.223331 4.38673 4.561047
4.032825 3.852895 3.603401 3.28286 2.890978 2.477088 2.104363 1.789081 1.597042 1.527123 1.531457 1.548993 1.545776 1.530452 1.548785 1.616579 1.756732 1.949233 2.134393 2.319021 2.494231 2.640244 2.762212 2.865533 2.939891 2.973177 2.986738 3.01883 3.028389 3.046422 3.095448 3.161214 3.263576 3.378853 3.487564 3.603122 3.771343 3.956117 4.125128 4.279931 4.394201 4.506334 4.614134 4.692976 4.759912 4.807841 4.811403 4.79107 4.768899 4.732106 4.648509 4.547924 4.456052 4.370898 4.292217 4.228523 4.198637 4.204891 4.265245 4.394116 4.567772 4.748797
4.217771 4.07962 3.894764 3.646154 3.304449 2.909324 2.479874 2.094199 1.806662 1.640312 1.582253 1.576608 1.536743 1.449491 1.373723 1.351347 1.431368 1.616611 1.810511 2.001135 2.208127 2.406832 2.576895 2.719355 2.818314 2.855583 2.85888 2.870633 2.86088 2.85168 2.894839 2.949809 3.049536 3.170358 3.280859 3.401075 3.577385 3.775091 3.962373 4.138131 4.288018 4.428813 4.564775 4.673908 4.771426 4.843258 4.848764 4.818006 4.786161 4.750632 4.67974 4.579162 4.490415 4.410053 4.347988 4.315748 4.306098 4.329472 4.398131 4.538152 4.725252 4.92003
4.381663 4.260778 4.109558 3.909364 3.644124 3.295736 2.882162 2.489712 2.129825 1.878423 1.78346 1.742415 1.645213 1.463694 1.296788 1.18482 1.213755 1.378905 1.571719 1.779094 2.018924 2.260935 2.48225 2.673632 2.800206 2.845735 2.849746 2.868031 2.843163 2.805695 2.839949 2.879391 2.967009 3.089511 3.207057 3.33263 3.492588 3.6728 3.86276 4.057805 4.232369 4.391479 4.542191 4.67345 4.798728 4.891245 4.904524 4.871839 4.828421 4.785804 4.725157 4.638687 4.557313 4.485404 4.433599 4.414277 4.434874 4.478385 4.550973 4.689502 4.873789 5.068104
