py_wake/examples/data/AJ_ParqueFicticio/Ridge area   Sector 3   Height 200m   Orographic speed.grd
DSAA
90  129
 262878   265103
 6504214   6507414
 .1304103   1.614487
[rows 54 to 80 of 129, columns 0 to 61 of 90]
.8137414 .7988536 .7759655 .7418578 .7039511 .6621657 .6246496 .5957059 .5698795 .5522761 .5498 .5556915 .557301 .5426669 .5160776 .4840236 .4549271 .4354131 .420139 .4138021 .4226705 .4399825 .4630775 .4897827 .5167785 .5350762 .5508194 .5777938 .5987625 .6222828 .6643679 .7126903 .7669144 .8299736 .8893524 .9509351 1.017487 1.08173 1.144632 1.205374 1.263393 1.320219 1.370283 1.417141 1.459982 1.481955 1.483116 1.468295 1.442633 1.405304 1.359972 1.307115 1.255337 1.212201 1.174261 1.152264 1.14643 1.151666 1.165688 1.190017 1.222955 1.257463
.8224722 .8135228 .7965112 .7668664 .7239978 .6817669 .6465837 .6191922 .5980954 .5869657 .5893757 .6003522 .6042953 .5897811 .5634871 .531544 .5005826 .4737251 .4528674 .4428526 .4465767 .461598 .4826761 .5093977 .5419646 .5709705 .5997142 .6291422 .6592872 .6943336 .7344338 .7848437 .8346984 .8807954 .9258228 .9769876 1.040409 1.101517 1.159344 1.216545 1.273569 1.329767 1.379754 1.427978 1.466956 1.486367 1.489525 1.477574 1.454719 1.420576 1.378174 1.330788 1.285111 1.248389 1.219106 1.201095 1.19815 1.205564 1.21961 1.241713 1.269321 1.296124
.8309597 .8285803 .817493 .7901845 .7460317 .7050182 .6685657 .6417645 .6243445 .617619 .6245578 .6414602 .6513025 .638536 .6136083 .5821354 .550611 .520183 .4929211 .4757319 .4778312 .4914387 .510169 .539884 .5789033 .6175031 .6538395 .6889427 .7233643 .7625933 .8073177 .8563421 .9029698 .9415446 .9806772 1.026705 1.077193 1.128216 1.177468 1.230794 1.287031 1.341128 1.390534 1.437542 1.470836 1.489518 1.494576 1.484893 1.464291 1.435791 1.39709 1.354208 1.314 1.28169 1.256781 1.242134 1.241791 1.251284 1.266301 1.286914 1.310243 1.331712
.8411935 .8419354 .8342044 .8096684 .7715766 .729214 .6930373 .6691319 .6545606 .6497333 .6562393 .677264 .6935893 .690015 .6677807 .6374447 .603587 .5716395 .5400919 .5199745 .5220692 .535343 .5520131 .5807407 .6223782 .6669884 .7083118 .7478036 .7847474 .8282906 .8750001 .9218965 .9641982 1.003086 1.043436 1.083719 1.123909 1.162887 1.204156 1.251926 1.304969 1.356096 1.403556 1.444962 1.473297 1.492027 1.498459 1.491176 1.473133 1.449412 1.416758 1.379535 1.343552 1.314919 1.294497 1.28301 1.283335 1.293456 1.308554 1.327389 1.345994 1.360071
.8464026 .8514611 .8456648 .8225565 .7904956 .753625 .720839 .6948422 .6802133 .6780685 .6880808 .7073467 .7250701 .727026 .7112905 .6887032 .6611658 .6325482 .5992566 .5796447 .5807427 .5910828 .6068099 .6347184 .6750868 .7204514 .7639468 .8037136 .8447263 .8891234 .9351197 .9811845 1.0227 1.061003 1.097845 1.134519 1.169115 1.203437 1.24123 1.283012 1.328407 1.374507 1.416798 1.449745 1.475894 1.494533 1.50186 1.496736 1.481862 1.461301 1.434192 1.403633 1.373184 1.34933 1.332678 1.324155 1.324691 1.333484 1.346413 1.36028 1.371101 1.376618
.8509509 .8593706 .8581203 .8407307 .8123584 .7784402 .747923 .7236632 .708874 .7046201 .71361 .7316595 .7492276 .7539369 .7436684 .7281135 .7085093 .6842108 .6591743 .6431058 .6432628 .6495821 .6660317 .6961686 .7354791 .7776878 .8198133 .8596051 .899357 .9424713 .9883175 1.034138 1.07642 1.112626 1.146641 1.18021 1.210886 1.242927 1.277879 1.314812 1.353883 1.393725 1.426924 1.453994 1.479975 1.498868 1.505572 1.501397 1.48984 1.472046 1.448507 1.424523 1.40085 1.381215 1.367736 1.360917 1.361161 1.367001 1.374416 1.380992 1.383258 1.381139
.8584848 .8699324 .8739766 .8627451 .8377934 .8072003 .7793003 .7572702 .7415609 .7329502 .7383987 .7541005 .7706754 .7773945 .7740707 .767612 .7553842 .7367522 .7163535 .7006159 .7038386 .7122654 .7266034 .7570761 .7954285 .8342727 .873538 .9109358 .9501141 .991108 1.034851 1.081215 1.124112 1.158157 1.189634 1.22023 1.247582 1.276652 1.308091 1.33963 1.374761 1.407492 1.433685 1.458767 1.486791 1.504547 1.507865 1.503619 1.495175 1.480227 1.460527 1.441471 1.424564 1.409579 1.398318 1.391661 1.389131 1.389965 1.390675 1.38945 1.38354 1.374273
.8714542 .883881 .8903652 .8841872 .8624865 .835896 .8114576 .7904298 .7733747 .761955 .7631357 .7732204 .788877 .8007718 .804817 .8026876 .796206 .78437 .7707241 .7618496 .7643484 .7731379 .7868488 .8149629 .8520272 .8884688 .9229361 .9582233 .9970327 1.03616 1.077812 1.121613 1.161443 1.193239 1.223405 1.250113 1.274949 1.302221 1.329137 1.357258 1.388423 1.414899 1.437875 1.462706 1.492092 1.505612 1.505123 1.501055 1.495725 1.486525 1.471817 1.45719 1.444455 1.432768 1.422367 1.413814 1.406168 1.400598 1.39464 1.386246 1.372181 1.355886
.8874381 .8995537 .9082499 .9081839 .890918 .8681505 .8447986 .8234751 .8055558 .7927774 .7906146 .7971045 .8065261 .8148434 .8235764 .8264515 .8282652 .8263392 .8241457 .8240027 .8255842 .8367869 .8514852 .8768814 .9092708 .9430181 .9737455 1.00375 1.038334 1.076742 1.114677 1.154661 1.188949 1.220065 1.247988 1.271448 1.295353 1.319579 1.342739 1.368386 1.395257 1.417798 1.439857 1.464986 1.492648 1.501524 1.499663 1.496721 1.494233 1.491274 1.483824 1.473525 1.461766 1.45075 1.440419 1.429025 1.415218 1.402418 1.389895 1.374678 1.351982 1.327184
.9022176 .916802 .9317935 .9336188 .9181188 .8968826 .8747303 .8539231 .8353618 .8202364 .8108984 .8079235 .8124236 .8231186 .8385404 .8508307 .8573998 .8626708 .8677376 .8774669 .8872036 .8976675 .9145169 .9369304 .967804 .9939864 1.016648 1.043801 1.077192 1.110715 1.146727 1.181883 1.212167 1.241478 1.266541 1.287677 1.309383 1.330352 1.350896 1.373758 1.3971 1.417687 1.439114 1.464048 1.488503 1.495366 1.494506 1.493285 1.493384 1.494928 1.494829 1.489533 1.477713 1.465138 1.453916 1.43974 1.420215 1.399645 1.380435 1.358097 1.326844 1.293902
.9092658 .9263738 .9437492 .9412907 .9242068 .9035271 .8825281 .8625476 .8443777 .8289364 .8179558 .8127858 .8149983 .826757 .8465827 .8630965 .8700008 .8790772 .8950817 .9206539 .9345143 .9422395 .9563381 .9835886 1.0127 1.029384 1.047984 1.076707 1.10721 1.137565 1.171893 1.203156 1.231156 1.257904 1.280374 1.299852 1.31871 1.33594 1.353074 1.372846 1.394122 1.413526 1.433665 1.457147 1.480113 1.489043 1.490759 1.491779 1.494392 1.498871 1.50429 1.504188 1.492248 1.477024 1.463788 1.447467 1.422118 1.393794 1.368179 1.339846 1.302721 1.264996
.9062268 .9236686 .9412733 .9410686 .9255151 .9077062 .8884496 .8677421 .8472033 .8293926 .8149676 .8047033 .8017405 .8107622 .8306049 .8495758 .8642847 .8798172 .9014092 .9305515 .9493021 .9610779 .9784567 1.0075 1.031639 1.049152 1.069254 1.097686 1.125395 1.154573 1.186354 1.215222 1.241247 1.264814 1.285443 1.30359 1.319056 1.332036 1.346413 1.364569 1.384775 1.403885 1.423663 1.446017 1.469095 1.483006 1.489339 1.492798 1.497648 1.504228 1.513026 1.51667 1.504741 1.486245 1.469911 1.45226 1.421078 1.386307 1.355286 1.322539 1.282148 1.242327
.8969852 .9136884 .9276094 .9352033 .9226913 .9055172 .8861828 .8623396 .8361103 .811543 .7906078 .7740179 .7663532 .7730705 .7941813 .8194646 .8375782 .8572356 .8807948 .9091061 .9334252 .9551837 .9778377 1.00431 1.029814 1.053516 1.078729 1.106584 1.133419 1.160966 1.191099 1.218467 1.241961 1.262734 1.282363 1.298989 1.31044 1.319665 1.332587 1.349609 1.368739 1.389888 1.411475 1.433555 1.456897 1.477975 1.490606 1.496983 1.503421 1.51133 1.521689 1.527581 1.514623 1.493077 1.473915 1.455335 1.418723 1.379148 1.343233 1.306551 1.264049 1.222533
.8834921 .8985837 .9099523 .9158308 .9130827 .8995849 .8797267 .8511993 .8158612 .7818832 .7535024 .7311706 .7206952 .7274774 .7496726 .7826348 .8047679 .8216703 .8432167 .8735941 .9045294 .928752 .9542039 .9840433 1.013152 1.038609 1.066179 1.096869 1.122484 1.150493 1.183893 1.211785 1.231701 1.249137 1.268793 1.284895 1.293356 1.300569 1.312853 1.330302 1.351003 1.374289 1.399204 1.42343 1.448516 1.473559 1.492507 1.503817 1.511766 1.520343 1.531006 1.537519 1.523296 1.499324 1.477553 1.457542 1.41588 1.372549 1.331622 1.290808 1.246532 1.204334
.8635402 .878146 .8884671 .8910308 .8851166 .8749381 .8538902 .817405 .7714221 .7292354 .6963341 .6732393 .6647267 .6751993 .6979279 .729053 .7596586 .778508 .7981231 .8277757 .8631218 .890556 .917031 .9485635 .979638 1.005494 1.032498 1.060654 1.087196 1.117913 1.152438 1.183583 1.203445 1.219346 1.239003 1.255935 1.265842 1.274083 1.287482 1.307463 1.332022 1.357878 1.386624 1.416278 1.443612 1.470559 1.494844 1.512121 1.522775 1.531269 1.541442 1.547366 1.53151 1.505027 1.480521 1.45745 1.408717 1.361061 1.315307 1.271849 1.227083 1.185433
.8403674 .8512475 .8595687 .8558148 .8421666 .823509 .795184 .7541279 .7082047 .6672633 .6352568 .6137337 .6070387 .6149506 .6348999 .6630111 .69317 .7173307 .7422671 .7696627 .8012924 .8350235 .8640527 .8932347 .9233148 .9536969 .9784372 .9979164 1.023848 1.056386 1.089041 1.121653 1.145492 1.162206 1.179657 1.198369 1.214478 1.230303 1.252246 1.27959 1.310327 1.340873 1.373815 1.41009 1.441959 1.470286 1.498145 1.52181 1.536159 1.544483 1.552971 1.556533 1.537842 1.507934 1.479604 1.450076 1.39367 1.342593 1.294091 1.249502 1.205608 1.166982
.8096945 .8180289 .822998 .812722 .7901161 .7631564 .7291951 .6876414 .6440032 .6047716 .5751267 .5550067 .5456537 .5502121 .5677342 .5923354 .6169288 .6399955 .6672475 .6968873 .7250819 .7583749 .7921942 .8216472 .8513811 .877784 .9007992 .9143069 .9345526 .9562406 .9859441 1.015892 1.039864 1.056429 1.075616 1.09564 1.117347 1.145996 1.186059 1.238458 1.283696 1.322549 1.362138 1.404554 1.444907 1.475686 1.505612 1.532842 1.550923 1.55924 1.564318 1.563399 1.54072 1.507006 1.474301 1.436342 1.376284 1.323323 1.27308 1.227692 1.1862 1.150459
.7703106 .7763678 .7790532 .7662187 .7366498 .7016728 .6634607 .6224341 .5800985 .5426367 .5161301 .4954629 .4829346 .4884706 .5043203 .5251225 .5420244 .5614555 .5845382 .6101297 .6392488 .6712087 .7015135 .7304695 .759343 .7823325 .7983282 .8086894 .820473 .8341749 .8541266 .876 .8943056 .9101524 .928582 .9488187 .9779009 1.009835 1.0585 1.155261 1.247404 1.304117 1.352368 1.400972 1.449252 1.48566 1.517208 1.547075 1.567266 1.574743 1.574918 1.566269 1.538366 1.501503 1.46455 1.418256 1.359051 1.305484 1.254982 1.209616 1.169415 1.135427
.7239755 .7231835 .7215446 .7053495 .6701567 .6307104 .5919123 .5543746 .5170466 .4842422 .4592383 .4398194 .4275802 .4293183 .4428476 .4580618 .47134 .4859289 .5024214 .5207718 .544139 .5736379 .5995325 .6212645 .6441328 .6647019 .6807279 .6894009 .6965769 .702343 .7132859 .7293089 .7414247 .7505748 .7577986 .7775433 .8229823 .8649872 .9174244 1.044326 1.197475 1.287012 1.347433 1.401671 1.45678 1.499814 1.532595 1.563162 1.582265 1.586133 1.578822 1.562184 1.531079 1.49324 1.451986 1.399826 1.343491 1.28873 1.2382 1.193118 1.153593 1.120267
.6639606 .6574015 .648653 .6271623 .5922283 .5565788 .522786 .4903076 .4592956 .4330229 .412573 .3951488 .3820343 .3789097 .3844915 .3952602 .40369 .4148546 .4240987 .4355763 .4516889 .468974 .485895 .4999145 .5127584 .5269153 .5413989 .5516329 .5603601 .5660199 .5752785 .5843901 .6003081 .6128148 .6154758 .6357563 .6886988 .7503533 .8357803 .9766409 1.161655 1.278118 1.350211 1.408767 1.469082 1.51608 1.548804 1.57783 1.593244 1.591963 1.578382 1.557074 1.524707 1.485343 1.438647 1.383566 1.328925 1.273152 1.22312 1.178099 1.139269 1.106077
.598284 .587781 .573264 .5480652 .5166456 .4852742 .4554308 .4281433 .4057057 .3859836 .3662453 .3496921 .3386105 .3365199 .3397305 .3414573 .3477024 .3549804 .3597191 .3693226 .3813959 .3849062 .3840627 .3884661 .392321 .3946663 .3954302 .3998663 .4047445 .4144763 .4275126 .4371146 .4631164 .4955008 .5150267 .5431486 .5990204 .6848468 .801414 .9599766 1.153163 1.280239 1.359515 1.421185 1.484487 1.532286 1.563881 1.590232 1.60091 1.594674 1.576924 1.552177 1.517888 1.474313 1.42233 1.367479 1.312382 1.257451 1.20871 1.164649 1.126318 1.093117
.544305 .5278629 .5069332 .4815262 .4512824 .4202832 .3919816 .3729137 .3663215 .3572692 .3432604 .3258632 .3073501 .3005183 .308762 .3123139 .3089925 .3132835 .3233169 .3354095 .3450023 .3399784 .3241327 .308054 .3027777 .3010138 .290515 .2734829 .2607498 .2723494 .289224 .2967657 .3269355 .3892291 .4455907 .501736 .5803115 .6882119 .8181831 .9885005 1.175559 1.296311 1.373315 1.435998 1.501088 1.547846 1.577852 1.600726 1.606271 1.595537 1.574176 1.54569 1.5066 1.456159 1.401278 1.348189 1.292584 1.239872 1.193935 1.152559 1.114843 1.081976
.5034435 .4856832 .462458 .436428 .407051 .3778422 .3533494 .3433364 .3487023 .3472472 .3400494 .3270347 .3105895 .3021219 .3098382 .3122758 .3057894 .306226 .3183586 .3328009 .3366366 .3248416 .3026752 .2770932 .2609765 .2520863 .234989 .2111195 .1889469 .1904448 .2077997 .2199104 .2530676 .3361133 .4268499 .522899 .6354756 .7689278 .907141 1.073092 1.227536 1.325879 1.394196 1.455668 1.519832 1.562728 1.590414 1.608828 1.60942 1.595058 1.56922 1.533613 1.485677 1.429389 1.374235 1.321697 1.268059 1.219932 1.178526 1.140817 1.104414 1.073242
.468707 .4520177 .4311258 .4080812 .3832807 .3624752 .3496081 .3496283 .3576242 .3611174 .3601361 .3525011 .3488478 .3477919 .3480372 .3486363 .3431276 .3412687 .343622 .35042 .3515599 .3401568 .3197329 .2947235 .2721877 .2531256 .2312536 .2071963 .1882221 .1875405 .1994333 .2182456 .2661013 .3559151 .4700833 .5979844 .7408045 .8963 1.043343 1.182722 1.288483 1.361532 1.420852 1.480347 1.53987 1.576204 1.600684 1.613739 1.610051 1.592036 1.557028 1.509202 1.453127 1.395296 1.340088 1.288614 1.24031 1.197888 1.16067 1.127324 1.094149 1.067408
.4415071 .4244022 .4074895 .3946137 .3800234 .3672735 .3616357 .3707125 .3823933 .389189 .3955643 .4047189 .4078694 .4093654 .4098268 .4121346 .4120353 .403787 .3972256 .395289 .3935135 .3826465 .365802 .3477885 .3264228 .2982493 .2697894 .2464444 .2331251 .230149 .2374576 .2637067 .3271633 .4288222 .5697917 .7260706 .8850269 1.036931 1.167643 1.267251 1.337749 1.395976 1.450812 1.508088 1.558884 1.587263 1.607111 1.614487 1.607079 1.580657 1.531916 1.474375 1.415342 1.357001 1.302327 1.253395 1.211138 1.174307 1.141719 1.11322 1.085142 1.063141
.4305807 .4139901 .4021204 .4028941 .3990428 .3907525 .3901239 .4046932 .4196742 .4335344 .4500678 .4633373 .4727008 .480633 .4889991 .4920888 .4901502 .4822401 .4749517 .4687144 .4614216 .4491059 .4364032 .4240209 .4038723 .3726978 .3417946 .3224038 .3100009 .3011194 .3079205 .3450546 .4128748 .5360439 .7078938 .8806743 1.030496 1.155083 1.252422 1.321952 1.377638 1.429571 1.482338 1.534194 1.572758 1.594277 1.608076 1.610009 1.598815 1.558982 1.500645 1.437892 1.375436 1.317243 1.264467 1.21893 1.18126 1.14874 1.121363 1.097812 1.074346 1.056633
.4444953 .434332 .4322367 .4377505 .4387564 .4385287 .4456574 .4580952 .4752852 .4942915 .5133517 .5321113 .5497032 .5657485 .5741364 .5780368 .5766097 .5702114 .5660314 .5581354 .550486 .5405711 .5312446 .5191044 .5002642 .4750281 .4490122 .4304011 .4167508 .4105873 .424497 .4676506 .5434571 .6826676 .8598748 1.02239 1.146151 1.23851 1.308975 1.364079 1.413731 1.463384 1.51331 1.554656 1.580969 1.596964 1.604282 1.601394 1.584644 1.531539 1.469963 1.403834 1.33862 1.279627 1.227294 1.183885 1.150059 1.121904 1.098345 1.07862 1.059553 1.044208
