py_wake/examples/data/AJ_ParqueFicticio/Ridge area   Sector 8   Height 200m   Weibull-k.grd
DSAA
90  129
 262878   265103
 6504214   6507414
 .7675781   2.552734
[rows 27 to 53 of 129, columns 0 to 61 of 90]
2.509766 2.509766 2.509766 2.509766 2.509766 2.509766 2.509766 2.509766 2.509766 2.509766 2.509766 2.509766 2.509766 2.509766 2.509766 2.509766 2.509766 2.509766 2.505859 2.505859 2.505859 2.505859 2.509766 2.509766 2.509766 2.509766 2.509766 2.509766 2.509766 2.505859 2.505859 2.505859 2.505859 2.501953 2.498047 2.498047 2.490234 2.486328 2.482422 2.474609 2.466797 2.455078 2.443359 2.435547 2.423828 2.419922 2.419922 2.423828 2.431641 2.439453 2.447266 2.462891 2.486328 1.818359 2.509766 1.685547 1.888672 2.333984 2.333984 2.333984 2.333984 2.333984
2.509766 2.509766 2.509766 2.509766 2.509766 2.509766 2.509766 2.509766 2.509766 2.509766 2.509766 2.509766 2.509766 2.509766 2.509766 2.509766 2.509766 2.509766 2.509766 2.505859 2.505859 2.505859 2.509766 2.509766 2.505859 2.505859 2.501953 2.501953 2.498047 2.498047 2.494141 2.494141 2.494141 2.490234 2.490234 2.486328 2.482422 2.478516 2.474609 2.470703 2.462891 2.455078 2.443359 2.435547 2.427734 2.423828 2.423828 2.431641 2.439453 2.447266 2.458984 2.474609 2.498047 2.505859 2.357422 1.271484 1.888672 1.888672 2.333984 2.333984 2.333984 2.333984
2.509766 2.509766 2.509766 2.509766 2.509766 2.509766 2.509766 2.509766 2.509766 2.509766 2.509766 2.509766 2.509766 2.509766 2.509766 2.509766 2.509766 2.509766 2.509766 2.505859 2.505859 2.509766 2.505859 2.501953 2.498047 2.498047 2.494141 2.490234 2.486328 2.482422 2.482422 2.482422 2.478516 2.478516 2.478516 2.474609 2.470703 2.470703 2.466797 2.462891 2.458984 2.451172 2.443359 2.435547 2.427734 2.427734 2.427734 2.435547 2.443359 2.451172 2.466797 2.486328 2.505859 2.509766 2.189453 1.888672 1.888672 1.888672 2.333984 2.333984 2.333984 2.333984
2.509766 2.509766 2.509766 2.509766 2.509766 2.509766 2.509766 2.509766 2.509766 2.509766 2.509766 2.509766 2.509766 2.509766 2.509766 2.509766 2.509766 2.509766 2.509766 2.505859 2.505859 2.509766 2.509766 2.501953 2.498047 2.490234 2.482422 2.478516 2.474609 2.470703 2.470703 2.466797 2.466797 2.466797 2.462891 2.462891 2.462891 2.462891 2.458984 2.458984 2.455078 2.447266 2.443359 2.435547 2.431641 2.431641 2.435547 2.439453 2.447266 2.458984 2.470703 2.494141 2.505859 2.490234 2.115234 1.888672 1.888672 1.888672 2.333984 2.333984 2.333984 2.333984
2.509766 2.509766 2.509766 2.509766 2.509766 2.509766 2.509766 2.509766 2.509766 2.509766 2.509766 2.509766 2.509766 2.509766 2.509766 2.509766 2.509766 2.509766 2.509766 2.509766 2.505859 2.509766 2.509766 2.509766 2.501953 2.494141 2.486328 2.478516 2.470703 2.462891 2.458984 2.455078 2.455078 2.455078 2.455078 2.451172 2.451172 2.451172 2.451172 2.451172 2.447266 2.443359 2.435547 2.435547 2.435547 2.435547 2.439453 2.443359 2.451172 2.462891 2.478516 2.498047 2.509766 2.470703 1.708984 1.888672 1.888672 1.888672 2.333984 2.333984 2.333984 2.333984
2.509766 2.509766 2.509766 2.509766 2.509766 2.509766 2.509766 2.509766 2.509766 2.509766 2.509766 2.509766 2.509766 2.509766 2.509766 2.509766 2.509766 2.509766 2.509766 2.509766 2.505859 2.509766 2.509766 2.509766 2.509766 2.505859 2.494141 2.482422 2.470703 2.462891 2.455078 2.451172 2.447266 2.443359 2.443359 2.443359 2.443359 2.443359 2.443359 2.443359 2.439453 2.435547 2.431641 2.431641 2.435547 2.439453 2.443359 2.447266 2.455078 2.466797 2.478516 2.498047 2.509766 1.892578 1.724609 1.888672 1.888672 1.888672 1.888672 2.333984 2.333984 2.333984
2.509766 2.509766 2.509766 2.509766 2.509766 2.509766 2.509766 2.509766 2.509766 2.509766 2.509766 2.509766 2.509766 2.509766 2.509766 2.509766 2.509766 2.509766 2.509766 2.509766 2.505859 2.509766 2.509766 2.509766 2.509766 2.509766 2.505859 2.494141 2.482422 2.470703 2.458984 2.447266 2.439453 2.435547 2.431641 2.431641 2.431641 2.435547 2.435547 2.431641 2.431641 2.427734 2.427734 2.427734 2.431641 2.439453 2.443359 2.451172 2.458984 2.466797 2.478516 2.498047 1.966797 1.873047 1.732422 1.888672 1.888672 1.888672 1.888672 2.333984 2.333984 2.333984
2.509766 2.509766 2.509766 2.509766 2.509766 2.509766 2.509766 2.509766 2.509766 2.509766 2.509766 2.509766 2.509766 2.509766 2.509766 2.509766 2.509766 2.509766 2.509766 2.509766 2.509766 2.509766 2.509766 2.509766 2.509766 2.509766 2.509766 2.509766 2.498047 2.486328 2.470703 2.458984 2.447266 2.439453 2.431641 2.431641 2.427734 2.427734 2.427734 2.427734 2.427734 2.423828 2.423828 2.427734 2.431641 2.435547 2.443359 2.451172 2.458984 2.466797 2.478516 2.494141 2.005859 1.873047 1.755859 1.466797 1.888672 1.888672 1.888672 1.201172 2.333984 2.333984
2.509766 2.509766 2.509766 2.509766 2.509766 2.509766 2.509766 2.509766 2.509766 2.509766 2.509766 2.509766 2.509766 2.509766 2.509766 2.509766 2.509766 2.509766 2.509766 2.509766 2.509766 2.505859 2.509766 2.509766 2.509766 2.509766 2.509766 2.509766 2.509766 2.505859 2.490234 2.478516 2.466797 2.455078 2.447266 2.439453 2.435547 2.431641 2.431641 2.427734 2.423828 2.423828 2.423828 2.423828 2.427734 2.435547 2.443359 2.451172 2.458984 2.466797 2.474609 2.490234 1.333984 1.931641 1.814453 1.623047 1.888672 1.888672 1.888672 1.361328 1.822266 2.146484
2.505859 2.509766 2.509766 2.509766 2.509766 2.509766 2.509766 2.505859 2.505859 2.505859 2.509766 2.509766 2.509766 2.509766 2.509766 2.509766 2.509766 2.509766 2.509766 2.509766 2.509766 2.505859 2.509766 2.509766 2.509766 2.509766 2.509766 2.509766 2.509766 2.509766 2.509766 2.498047 2.486328 2.474609 2.462891 2.455078 2.447266 2.439453 2.435547 2.431641 2.427734 2.427734 2.423828 2.427734 2.431641 2.435547 2.443359 2.451172 2.462891 2.466797 2.474609 2.486328 2.501953 1.400391 1.880859 1.736328 1.294922 1.888672 1.888672 1.888672 2.001953 2.123047
2.505859 2.505859 2.509766 2.509766 2.509766 2.509766 2.509766 2.509766 2.505859 2.505859 2.505859 2.505859 2.505859 2.509766 2.509766 2.509766 2.509766 2.509766 2.509766 2.509766 2.509766 2.509766 2.509766 2.509766 2.509766 2.509766 2.509766 2.509766 2.509766 2.509766 2.509766 2.509766 2.501953 2.490234 2.478516 2.470703 2.462891 2.455078 2.447266 2.443359 2.435547 2.431641 2.431641 2.431641 2.435547 2.439453 2.447266 2.455078 2.462891 2.470703 2.478516 2.486328 2.498047 2.267578 1.408203 1.689453 1.525391 1.888672 1.888672 1.888672 1.931641 2.552734
2.509766 2.505859 2.505859 2.509766 2.509766 2.509766 2.509766 2.509766 2.509766 2.509766 2.505859 2.505859 2.505859 2.505859 2.505859 2.505859 2.505859 2.505859 2.505859 2.509766 2.509766 2.509766 2.509766 2.509766 2.509766 2.509766 2.509766 2.509766 2.509766 2.509766 2.509766 2.509766 2.509766 2.505859 2.494141 2.486328 2.478516 2.470703 2.462891 2.455078 2.447266 2.443359 2.439453 2.435547 2.439453 2.443359 2.447266 2.455078 2.462891 2.470703 2.478516 2.486328 2.498047 2.396484 1.818359 1.412109 1.505859 1.888672 1.888672 1.888672 2.552734 2.552734
2.509766 2.505859 2.505859 2.509766 2.509766 2.509766 2.509766 2.509766 2.509766 2.509766 2.509766 2.509766 2.505859 2.505859 2.505859 2.505859 2.505859 2.505859 2.505859 2.505859 2.505859 2.505859 2.509766 2.509766 2.509766 2.509766 2.509766 2.509766 2.509766 2.509766 2.509766 2.509766 2.509766 2.509766 2.509766 2.498047 2.490234 2.482422 2.474609 2.466797 2.458984 2.451172 2.447266 2.443359 2.443359 2.447266 2.451172 2.458984 2.466797 2.474609 2.482422 2.490234 2.501953 2.427734 1.978516 1.517578 1.423828 1.958984 1.904297 1.888672 2.552734 2.552734
2.509766 2.505859 2.505859 2.505859 2.509766 2.509766 2.509766 2.509766 2.509766 2.509766 2.509766 2.509766 2.509766 2.509766 2.509766 2.505859 2.505859 2.505859 2.505859 2.505859 2.505859 2.505859 2.505859 2.505859 2.509766 2.509766 2.509766 2.509766 2.509766 2.509766 2.509766 2.509766 2.509766 2.509766 2.509766 2.509766 2.501953 2.494141 2.490234 2.482422 2.470703 2.462891 2.458984 2.455078 2.451172 2.455078 2.455078 2.462891 2.470703 2.478516 2.486328 2.494141 2.501953 2.443359 2.017578 1.669922 1.970703 2.173828 2.052734 1.884766 2.552734 2.552734
2.509766 2.509766 2.505859 2.505859 2.509766 2.509766 2.509766 2.513672 2.513672 2.513672 2.513672 2.509766 2.509766 2.509766 2.509766 2.509766 2.509766 2.509766 2.509766 2.509766 2.509766 2.509766 2.509766 2.509766 2.509766 2.509766 2.509766 2.509766 2.509766 2.509766 2.509766 2.509766 2.509766 2.509766 2.509766 2.509766 2.509766 2.505859 2.498047 2.490234 2.482422 2.474609 2.466797 2.462891 2.458984 2.458984 2.462891 2.466797 2.474609 2.478516 2.490234 2.498047 2.509766 2.458984 2.060547 1.748047 2.455078 2.333984 2.333984 2.333984 2.552734 2.552734
2.509766 2.505859 2.498047 2.498047 2.501953 2.509766 2.509766 2.513672 2.513672 2.513672 2.513672 2.513672 2.513672 2.509766 2.509766 2.509766 2.509766 2.509766 2.509766 2.509766 2.509766 2.509766 2.509766 2.509766 2.509766 2.509766 2.509766 2.509766 2.509766 2.509766 2.509766 2.509766 2.509766 2.509766 2.509766 2.509766 2.509766 2.509766 2.505859 2.498047 2.490234 2.482422 2.474609 2.470703 2.466797 2.466797 2.466797 2.470703 2.478516 2.482422 2.494141 2.501953 2.509766 2.478516 2.119141 1.751953 2.396484 2.435547 2.408203 2.423828 2.552734 2.552734
2.505859 2.498047 2.490234 2.486328 2.490234 2.498047 2.505859 2.513672 2.513672 2.513672 2.513672 2.513672 2.513672 2.513672 2.513672 2.509766 2.509766 2.509766 2.509766 2.509766 2.509766 2.509766 2.509766 2.509766 2.509766 2.509766 2.509766 2.509766 2.509766 2.509766 2.509766 2.509766 2.509766 2.509766 2.509766 2.509766 2.509766 2.509766 2.509766 2.501953 2.494141 2.490234 2.482422 2.474609 2.470703 2.470703 2.470703 2.474609 2.482422 2.486328 2.494141 2.505859 2.509766 2.494141 2.189453 1.791016 2.185547 2.314453 2.451172 2.498047 2.533203 2.552734
2.509766 2.498047 2.486328 2.478516 2.478516 2.482422 2.490234 2.501953 2.505859 2.513672 2.513672 2.513672 2.513672 2.513672 2.509766 2.509766 2.509766 2.509766 2.509766 2.509766 2.509766 2.509766 2.509766 2.509766 2.509766 2.509766 2.509766 2.509766 2.509766 2.509766 2.509766 2.509766 2.509766 2.509766 2.509766 2.509766 2.509766 2.509766 2.509766 2.505859 2.498047 2.494141 2.486328 2.482422 2.478516 2.474609 2.474609 2.478516 2.482422 2.490234 2.498047 2.509766 2.509766 2.505859 2.271484 1.869141 2.162109 2.115234 2.294922 2.396484 2.439453 2.552734
2.509766 2.498047 2.486328 2.474609 2.466797 2.466797 2.474609 2.482422 2.490234 2.498047 2.501953 2.505859 2.509766 2.509766 2.509766 2.509766 2.509766 2.509766 2.509766 2.509766 2.509766 2.509766 2.505859 2.505859 2.509766 2.509766 2.509766 2.509766 2.509766 2.509766 2.509766 2.509766 2.509766 2.509766 2.509766 2.509766 2.509766 2.509766 2.509766 2.505859 2.501953 2.498047 2.490234 2.486328 2.482422 2.482422 2.482422 2.482422 2.486328 2.494141 2.501953 2.509766 2.509766 2.509766 2.345703 1.970703 2.552734 2.068359 2.166016 2.248047 2.380859 2.552734
2.509766 2.501953 2.486328 2.470703 2.458984 2.455078 2.455078 2.462891 2.466797 2.474609 2.478516 2.482422 2.486328 2.490234 2.494141 2.494141 2.498047 2.501953 2.501953 2.501953 2.505859 2.505859 2.501953 2.501953 2.501953 2.501953 2.501953 2.498047 2.498047 2.498047 2.498047 2.501953 2.501953 2.505859 2.505859 2.505859 2.509766 2.505859 2.505859 2.505859 2.501953 2.498047 2.490234 2.486328 2.486328 2.482422 2.486328 2.486328 2.490234 2.494141 2.501953 2.509766 2.509766 2.513672 2.404297 2.091797 2.126953 2.275391 2.232422 2.291016 2.552734 2.552734
2.509766 2.509766 2.494141 2.474609 2.458984 2.447266 2.439453 2.443359 2.443359 2.447266 2.451172 2.455078 2.458984 2.462891 2.466797 2.470703 2.474609 2.478516 2.478516 2.482422 2.486328 2.486328 2.486328 2.486328 2.486328 2.486328 2.486328 2.482422 2.482422 2.486328 2.486328 2.490234 2.494141 2.494141 2.498047 2.498047 2.501953 2.501953 2.501953 2.501953 2.498047 2.494141 2.490234 2.486328 2.486328 2.486328 2.486328 2.486328 2.490234 2.494141 2.501953 2.509766 2.509766 2.513672 2.455078 2.228516 2.052734 2.552734 2.443359 2.544922 2.552734 2.552734
2.509766 2.509766 2.501953 2.486328 2.462891 2.447266 2.435547 2.431641 2.427734 2.427734 2.423828 2.427734 2.431641 2.435547 2.439453 2.447266 2.451172 2.455078 2.458984 2.462891 2.466797 2.466797 2.470703 2.470703 2.470703 2.470703 2.470703 2.470703 2.470703 2.470703 2.474609 2.478516 2.482422 2.486328 2.486328 2.490234 2.494141 2.494141 2.494141 2.494141 2.494141 2.490234 2.486328 2.486328 2.482422 2.482422 2.486328 2.486328 2.490234 2.494141 2.501953 2.509766 2.509766 2.509766 2.490234 2.341797 2.154297 2.240234 2.552734 2.552734 1.990234 1.814453
2.509766 2.509766 2.509766 2.498047 2.474609 2.455078 2.443359 2.431641 2.419922 2.412109 2.404297 2.404297 2.404297 2.404297 2.412109 2.419922 2.427734 2.431641 2.439453 2.443359 2.447266 2.447266 2.451172 2.451172 2.451172 2.455078 2.455078 2.455078 2.455078 2.455078 2.458984 2.462891 2.470703 2.474609 2.478516 2.482422 2.486328 2.490234 2.490234 2.490234 2.490234 2.486328 2.486328 2.482422 2.482422 2.482422 2.482422 2.486328 2.490234 2.494141 2.501953 2.509766 2.509766 2.509766 2.505859 2.416016 2.279297 2.162109 2.115234 2.021484 1.966797 2.017578
2.509766 2.509766 2.509766 2.505859 2.486328 2.466797 2.451172 2.439453 2.423828 2.412109 2.400391 2.392578 2.380859 2.380859 2.384766 2.388672 2.400391 2.404297 2.412109 2.416016 2.419922 2.423828 2.427734 2.431641 2.431641 2.435547 2.435547 2.435547 2.435547 2.439453 2.443359 2.447266 2.455078 2.462891 2.466797 2.474609 2.478516 2.482422 2.482422 2.482422 2.482422 2.482422 2.482422 2.478516 2.478516 2.478516 2.478516 2.482422 2.486328 2.494141 2.501953 2.509766 2.509766 2.509766 2.513672 2.458984 2.376953 2.275391 2.185547 2.142578 2.181641 2.255859
2.509766 2.509766 2.509766 2.501953 2.501953 2.486328 2.470703 2.455078 2.439453 2.423828 2.408203 2.392578 2.376953 2.365234 2.361328 2.361328 2.365234 2.373047 2.380859 2.384766 2.388672 2.396484 2.400391 2.404297 2.408203 2.412109 2.412109 2.412109 2.412109 2.416016 2.419922 2.427734 2.439453 2.447266 2.455078 2.462891 2.466797 2.474609 2.474609 2.478516 2.478516 2.478516 2.478516 2.474609 2.474609 2.474609 2.474609 2.478516 2.482422 2.490234 2.498047 2.505859 2.509766 2.509766 2.513672 2.486328 2.439453 2.384766 2.333984 2.326172 2.369141 2.416016
2.509766 2.509766 2.505859 2.501953 2.498047 2.498047 2.490234 2.474609 2.458984 2.439453 2.419922 2.400391 2.380859 2.365234 2.349609 2.337891 2.333984 2.337891 2.341797 2.341797 2.349609 2.361328 2.369141 2.380859 2.384766 2.388672 2.388672 2.384766 2.384766 2.384766 2.392578 2.404297 2.416016 2.431641 2.443359 2.451172 2.458984 2.462891 2.466797 2.470703 2.470703 2.470703 2.470703 2.470703 2.470703 2.470703 2.470703 2.474609 2.478516 2.486328 2.494141 2.501953 2.509766 2.509766 2.513672 2.501953 2.474609 2.451172 2.427734 2.435547 2.466797 2.486328
2.509766 2.505859 2.501953 2.498047 2.498047 2.498047 2.498047 2.498047 2.482422 2.466797 2.443359 2.423828 2.400391 2.376953 2.357422 2.330078 2.318359 2.314453 2.314453 2.310547 2.318359 2.333984 2.353516 2.365234 2.376953 2.376953 2.376953 2.376953 2.373047 2.369141 2.376953 2.384766 2.400391 2.419922 2.431641 2.443359 2.451172 2.458984 2.462891 2.466797 2.466797 2.466797 2.466797 2.466797 2.466797 2.466797 2.470703 2.470703 2.478516 2.482422 2.490234 2.498047 2.505859 2.509766 2.509766 2.505859 2.498047 2.486328 2.482422 2.490234 2.501953 2.509766
