py_wake/examples/data/AJ_ParqueFicticio/Ridge area   Sector 3   Height 200m   Turbulence intensity.grd
DSAA
90  129
 262878   265103
 6504214   6507414
 11.85211   100
[rows 84 to 111 of 129, columns 0 to 61 of 90]
32.60553 32.40549 32.26398 32.32452 32.47917 32.65979 33.07053 33.62477 33.91723 33.72769 33.56637 33.44128 32.99334 32.6336 32.86668 33.13982 32.83619 31.77415 30.12644 28.48632 28.01108 27.97852 27.82137 27.18397 25.92139 24.1954 22.81938 21.63135 20.25627 19.23075 18.3006 17.12111 15.90844 14.86027 14.08032 13.58141 13.22063 12.88223 12.60633 12.39093 12.20197 12.06301 12.00489 12.02199 12.10182 12.24671 12.44134 12.68553 13.0567 13.42977 13.88 14.38643 14.86459 15.35879 15.80802 16.2084 16.46542 16.68042 16.82768 16.9602 17.08132 17.12118
30.82453 30.68147 30.68463 30.80329 30.9249 31.41081 32.17739 32.8657 33.25402 33.47181 33.97124 34.81874 35.81858 36.70156 37.28715 37.44812 37.10666 36.07913 34.62949 33.04373 31.80163 30.95547 30.04483 28.60979 26.55149 23.96198 21.57137 19.66428 18.01088 16.93626 15.95766 15.0867 14.45731 13.98785 13.61303 13.31086 12.99909 12.65771 12.39008 12.18049 12.02046 11.92645 11.91734 11.97499 12.08574 12.25317 12.47306 12.75708 13.12171 13.4892 13.93665 14.41044 14.87305 15.36551 15.82453 16.23386 16.46117 16.66904 16.85258 17.04911 17.21101 17.29844
29.36627 29.35695 29.48023 29.63622 29.85702 30.59985 31.67591 32.78158 33.65997 34.43483 35.85271 37.93818 40.29406 42.4792 44.21777 44.85542 44.33906 43.44633 42.21349 40.52429 38.83196 37.0728 35.02778 32.06853 28.70261 25.09849 21.56973 18.86364 16.90271 15.71055 14.84921 14.25567 13.90266 13.61726 13.36391 13.11299 12.80696 12.4816 12.23163 12.03775 11.91041 11.85211 11.86829 11.95545 12.10298 12.30388 12.56091 12.86406 13.20684 13.56504 13.99837 14.43415 14.88401 15.36133 15.81268 16.2137 16.41892 16.63563 16.86685 17.11278 17.30062 17.44029
28.21026 28.34278 28.61842 28.94527 29.46562 30.57352 32.05697 33.71136 35.40036 37.20474 39.62453 42.69396 46.19505 49.92696 53.40212 55.67405 55.9615 54.88818 53.16218 51.28939 48.76617 45.82025 41.70447 36.18083 30.99628 26.19806 21.54323 18.2583 16.18605 15.00102 14.30319 13.88785 13.59432 13.3507 13.1477 12.92352 12.63944 12.35318 12.13406 11.97469 11.88608 11.86697 11.91767 12.02834 12.19615 12.41568 12.68079 12.98056 13.30442 13.65963 14.07189 14.47486 14.90024 15.33064 15.75389 16.13484 16.33984 16.54028 16.76842 17.02452 17.19659 17.35727
27.467 27.76417 28.18237 28.7743 29.75847 31.23646 33.09372 35.31435 37.90829 41.1122 44.9407 49.42723 54.48195 60.21737 66.01226 70.97197 73.97796 73.20697 70.12464 66.26283 61.61803 55.49208 48.39737 39.64587 31.93685 25.85206 20.77703 17.44862 15.5037 14.48752 13.93266 13.58382 13.29876 13.09332 12.93213 12.74327 12.49848 12.26503 12.09326 11.98129 11.93889 11.96565 12.04818 12.18023 12.35849 12.58389 12.84779 13.14161 13.45246 13.79476 14.16719 14.52935 14.90493 15.27907 15.67474 16.03262 16.24092 16.41239 16.60948 16.85209 17.01185 17.16596
26.93577 27.39585 27.93304 28.77453 30.28097 32.3047 34.67306 37.49722 41.05027 45.47493 50.91481 57.3824 65.17667 73.99762 83.02908 92.1439 100 99.51075 93.56381 85.67416 76.91354 65.78667 54.43506 42.09123 31.68558 24.48188 19.51917 16.48222 14.82326 14.03462 13.58855 13.26922 12.99541 12.83087 12.70941 12.56532 12.3753 12.20832 12.10058 12.0487 12.06618 12.13174 12.2468 12.41049 12.61428 12.84641 13.09818 13.36914 13.63947 13.94145 14.26498 14.57625 14.90128 15.23813 15.61516 15.9442 16.15035 16.29287 16.45454 16.67617 16.8415 16.97738
26.52335 27.17605 27.75077 28.80524 30.8093 33.37001 36.38193 39.78013 44.0057 49.17256 55.75389 64.20118 75.2568 87.99435 99.47589 100 100 100 100 100 91.52895 74.93407 59.31253 43.44461 30.61104 22.6466 18.0237 15.4643 14.21199 13.61939 13.23716 12.93187 12.68265 12.55486 12.46936 12.3733 12.25374 12.17086 12.14161 12.17557 12.27122 12.39463 12.54182 12.7248 12.93794 13.15061 13.37025 13.60359 13.84423 14.11506 14.3835 14.64388 14.93537 15.27106 15.64073 15.94068 16.11805 16.2279 16.35223 16.55803 16.7219 16.84086
26.3886 27.19231 28.01415 29.31946 31.56304 34.47208 37.8021 41.44603 45.86781 51.207 57.71122 66.34203 78.33273 92.4163 100 100 100 100 100 100 91.36677 70.75706 54.82635 38.50368 26.38838 19.94996 16.44466 14.57494 13.72256 13.25334 12.89682 12.61229 12.39869 12.30362 12.24826 12.19173 12.14588 12.15012 12.22072 12.36185 12.54388 12.70228 12.87098 13.08298 13.32401 13.5224 13.70683 13.90133 14.10524 14.32091 14.53797 14.76645 15.0597 15.4264 15.78891 16.03589 16.15945 16.24278 16.35187 16.52395 16.64258 16.72441
26.68953 27.52261 28.60211 30.30928 32.75751 35.78946 39.31574 43.06422 47.12166 51.56987 56.90277 63.79045 72.10418 81.30765 88.6506 92.65461 96.44867 95.14031 88.39966 81.30473 67.75475 50.10048 37.2831 27.24741 20.61765 16.97476 14.99396 13.90787 13.34227 12.9442 12.60844 12.3525 12.17319 12.10707 12.08391 12.07165 12.10155 12.1843 12.34327 12.58016 12.82416 13.05454 13.27795 13.52187 13.76667 13.92717 14.06557 14.20952 14.37086 14.55096 14.75275 14.98616 15.30307 15.6855 16.0204 16.20829 16.28165 16.34233 16.42308 16.50777 16.55337 16.58802
27.15766 27.92248 29.22444 31.14865 33.78144 36.90718 40.42873 43.78481 47.0707 49.95005 53.00648 56.64997 60.71682 64.91257 67.08347 68.26286 69.35225 66.29616 60.40508 52.07756 40.69539 31.45354 24.41222 19.53419 16.60787 14.95877 14.01999 13.43712 13.03732 12.6832 12.37939 12.16175 12.02121 11.98179 11.98897 12.02621 12.12154 12.2745 12.50779 12.81836 13.14187 13.43091 13.69573 13.96507 14.20892 14.35373 14.45609 14.54353 14.66543 14.8191 15.00869 15.2274 15.56017 15.95553 16.25988 16.40729 16.4508 16.47367 16.48505 16.46814 16.4467 16.44969
27.32137 28.31784 29.27349 30.8161 33.12381 36.14142 39.84921 42.70742 44.15253 45.56014 46.80483 47.578 48.83115 49.8391 49.2754 48.50782 47.15663 43.98197 39.06801 32.95973 26.99632 21.9086 18.38097 16.1798 14.85822 14.07887 13.53034 13.11634 12.78483 12.47168 12.21141 12.03576 11.93748 11.9378 11.97908 12.06664 12.21351 12.42066 12.70472 13.05729 13.42649 13.76386 14.07275 14.36295 14.61514 14.75131 14.82023 14.87964 14.98531 15.11782 15.28338 15.49737 15.85556 16.2334 16.52065 16.65583 16.65704 16.61973 16.55643 16.46387 16.38202 16.34667
27.5214 28.31328 28.92541 29.84472 31.5709 33.84759 36.15157 37.81344 38.01516 38.38825 38.60519 37.97878 37.69672 37.10418 35.70945 34.43356 32.71603 30.20223 27.02337 23.63788 20.39879 17.77354 15.95742 14.84587 14.1416 13.63008 13.20451 12.87299 12.58877 12.32497 12.11997 11.99569 11.95113 11.98987 12.06036 12.17968 12.35345 12.58535 12.89123 13.27195 13.67201 14.03286 14.36826 14.70176 14.99539 15.14143 15.19839 15.23351 15.30505 15.40233 15.54994 15.77208 16.12161 16.50956 16.78802 16.91109 16.8717 16.77996 16.65419 16.51055 16.38795 16.33266
27.77816 28.09168 28.34619 28.68115 29.61212 30.55883 31.47005 32.00799 31.46895 31.1917 30.66566 29.79339 28.86445 27.76356 26.76028 25.67766 24.3557 22.56712 20.65115 18.7903 17.13717 15.77726 14.81057 14.17514 13.71157 13.2858 12.94323 12.68764 12.45139 12.24628 12.10444 12.03325 12.03766 12.11308 12.21549 12.36272 12.55202 12.79396 13.11 13.49263 13.88982 14.26453 14.64367 15.03137 15.35984 15.52404 15.56826 15.56626 15.61057 15.6974 15.85391 16.06161 16.37622 16.76553 17.04163 17.16201 17.10528 16.98764 16.82673 16.64587 16.49252 16.40377
28.29532 27.79795 27.47902 27.39679 27.4631 27.48939 27.59554 27.27832 26.38241 25.65941 24.87406 24.24396 23.5199 22.64887 21.73843 20.82905 19.81295 18.63595 17.44641 16.41025 15.50173 14.72596 14.12998 13.73954 13.38665 13.02298 12.75352 12.55659 12.36987 12.22896 12.15822 12.1461 12.2026 12.31193 12.4454 12.61468 12.80693 13.04525 13.34257 13.69083 14.0867 14.48634 14.90759 15.33659 15.71299 15.91211 15.94527 15.92143 15.95899 16.02853 16.15141 16.30873 16.61852 17.01705 17.30433 17.42646 17.36726 17.24669 17.046 16.80504 16.60023 16.46681
28.52594 27.98328 27.32854 26.76432 26.19021 25.7194 25.39253 24.68497 23.8686 23.11732 22.36175 21.56 20.77358 19.97759 19.14803 18.31339 17.51794 16.69844 15.93608 15.26612 14.65878 14.14449 13.7323 13.4492 13.16237 12.86817 12.65586 12.50405 12.36511 12.28634 12.28303 12.32874 12.43201 12.57614 12.74137 12.9249 13.10317 13.32069 13.58058 13.89635 14.25764 14.64317 15.07578 15.53848 15.95987 16.22486 16.29372 16.28301 16.31739 16.35707 16.44343 16.57005 16.88885 17.26973 17.56278 17.69769 17.66659 17.54237 17.29762 16.97359 16.69967 16.52015
28.11859 27.40604 26.70345 26.18597 25.44828 24.81488 24.25915 23.34814 22.40979 21.5756 20.80153 20.03453 19.26525 18.53195 17.82893 17.12232 16.44913 15.808 15.25633 14.75403 14.29278 13.87954 13.54873 13.30687 13.068 12.83439 12.66045 12.53195 12.42289 12.39407 12.45351 12.56313 12.72293 12.91807 13.11548 13.29854 13.44287 13.62142 13.83059 14.0884 14.375 14.72745 15.15597 15.63511 16.08377 16.41112 16.544 16.57634 16.62098 16.66833 16.74988 16.87272 17.16777 17.52227 17.81637 17.95859 17.95412 17.82078 17.55169 17.18505 16.85954 16.64162
1.70141E+38 1.70141E+38 1.70141E+38 1.70141E+38 1.70141E+38 1.70141E+38 1.70141E+38 1.70141E+38 1.70141E+38 1.70141E+38 1.70141E+38 1.70141E+38 1.70141E+38 1.70141E+38 1.70141E+38 1.70141E+38 1.70141E+38 1.70141E+38 1.70141E+38 1.70141E+38 1.70141E+38 1.70141E+38 1.70141E+38 1.70141E+38 1.70141E+38 1.70141E+38 1.70141E+38 1.70141E+38 1.70141E+38 1.70141E+38 1.70141E+38 1.70141E+38 1.70141E+38 1.70141E+38 1.70141E+38 1.70141E+38 1.70141E+38 1.70141E+38 1.70141E+38 1.70141E+38 1.70141E+38 1.70141E+38 1.70141E+38 1.70141E+38 1.70141E+38 1.70141E+38 1.70141E+38 1.70141E+38 1.70141E+38 1.70141E+38 1.70141E+38 1.70141E+38 1.70141E+38 1.70141E+38 1.70141E+38 1.70141E+38 1.70141E+38 1.70141E+38 1.70141E+38 1.70141E+38 1.70141E+38 1.70141E+38
1.70141E+38 1.70141E+38 1.70141E+38 1.70141E+38 1.70141E+38 1.70141E+38 1.70141E+38 1.70141E+38 1.70141E+38 1.70141E+38 1.70141E+38 1.70141E+38 1.70141E+38 1.70141E+38 1.70141E+38 1.70141E+38 1.70141E+38 1.70141E+38 1.70141E+38 1.70141E+38 1.70141E+38 1.70141E+38 1.70141E+38 1.70141E+38 1.70141E+38 1.70141E+38 1.70141E+38 1.70141E+38 1.70141E+38 1.70141E+38 1.70141E+38 1.70141E+38 1.70141E+38 1.70141E+38 1.70141E+38 1.70141E+38 1.70141E+38 1.70141E+38 1.70141E+38 1.70141E+38 1.70141E+38 1.70141E+38 1.70141E+38 1.70141E+38 1.70141E+38 1.70141E+38 1.70141E+38 1.70141E+38 1.70141E+38 1.70141E+38 1.70141E+38 1.70141E+38 1.70141E+38 1.70141E+38 1.70141E+38 1.70141E+38 1.70141E+38 1.70141E+38 1.70141E+38 1.70141E+38 1.70141E+38 1.70141E+38
1.70141E+38 1.70141E+38 1.70141E+38 1.70141E+38 1.70141E+38 1.70141E+38 1.70141E+38 1.70141E+38 1.70141E+38 1.70141E+38 1.70141E+38 1.70141E+38 1.70141E+38 1.70141E+38 1.70141E+38 1.70141E+38 1.70141E+38 1.70141E+38 1.70141E+38 1.70141E+38 1.70141E+38 1.70141E+38 1.70141E+38 1.70141E+38 1.70141E+38 1.70141E+38 1.70141E+38 1.70141E+38 1.70141E+38 1.70141E+38 1.70141E+38 1.70141E+38 1.70141E+38 1.70141E+38 1.70141E+38 1.70141E+38 1.70141E+38 1.70141E+38 1.70141E+38 1.70141E+38 1.70141E+38 1.70141E+38 1.70141E+38 1.70141E+38 1.70141E+38 1.70141E+38 1.70141E+38 1.70141E+38 1.70141E+38 1.70141E+38 1.70141E+38 1.70141E+38 1.70141E+38 1.70141E+38 1.70141E+38 1.70141E+38 1.70141E+38 1.70141E+38 1.70141E+38 1.70141E+38 1.70141E+38 1.70141E+38
1.70141E+38 1.70141E+38 1.70141E+38 1.70141E+38 1.70141E+38 1.70141E+38 1.70141E+38 1.70141E+38 1.70141E+38 1.70141E+38 1.70141E+38 1.70141E+38 1.70141E+38 1.70141E+38 1.70141E+38 1.70141E+38 1.70141E+38 1.70141E+38 1.70141E+38 1.70141E+38 1.70141E+38 1.70141E+38 1.70141E+38 1.70141E+38 1.70141E+38 1.70141E+38 1.70141E+38 1.70141E+38 1.70141E+38 1.70141E+38 1.70141E+38 1.70141E+38 1.70141E+38 1.70141E+38 1.70141E+38 1.70141E+38 1.70141E+38 1.70141E+38 1.70141E+38 1.70141E+38 1.70141E+38 1.70141E+38 1.70141E+38 1.70141E+38 1.70141E+38 1.70141E+38 1.70141E+38 1.70141E+38 1.70141E+38 1.70141E+38 1.70141E+38 1.70141E+38 1.70141E+38 1.70141E+38 1.70141E+38 1.70141E+38 1.70141E+38 1.70141E+38 1.70141E+38 1.70141E+38 1.70141E+38 1.70141E+38
1.70141E+38 1.70141E+38 1.70141E+38 1.70141E+38 1.70141E+38 1.70141E+38 1.70141E+38 1.70141E+38 1.70141E+38 1.70141E+38 1.70141E+38 1.70141E+38 1.70141E+38 1.70141E+38 1.70141E+38 1.70141E+38 1.70141E+38 1.70141E+38 1.70141E+38 1.70141E+38 1.70141E+38 1.70141E+38 1.70141E+38 1.70141E+38 1.70141E+38 1.70141E+38 1.70141E+38 1.70141E+38 1.70141E+38 1.70141E+38 1.70141E+38 1.70141E+38 1.70141E+38 1.70141E+38 1.70141E+38 1.70141E+38 1.70141E+38 1.70141E+38 1.70141E+38 1.70141E+38 1.70141E+38 1.70141E+38 1.70141E+38 1.70141E+38 1.70141E+38 1.70141E+38 1.70141E+38 1.70141E+38 1.70141E+38 1.70141E+38 1.70141E+38 1.70141E+38 1.70141E+38 1.70141E+38 1.70141E+38 1.70141E+38 1.70141E+38 1.70141E+38 1.70141E+38 1.70141E+38 1.70141E+38 1.70141E+38
1.70141E+38 1.70141E+38 1.70141E+38 1.70141E+38 1.70141E+38 1.70141E+38 1.70141E+38 1.70141E+38 1.70141E+38 1.70141E+38 1.70141E+38 1.70141E+38 1.70141E+38 1.70141E+38 1.70141E+38 1.70141E+38 1.70141E+38 1.70141E+38 1.70141E+38 1.70141E+38 1.70141E+38 1.70141E+38 1.70141E+38 1.70141E+38 1.70141E+38 1.70141E+38 1.70141E+38 1.70141E+38 1.70141E+38 1.70141E+38 1.70141E+38 1.70141E+38 1.70141E+38 1.70141E+38 1.70141E+38 1.70141E+38 1.70141E+38 1.70141E+38 1.70141E+38 1.70141E+38 1.70141E+38 1.70141E+38 1.70141E+38 1.70141E+38 1.70141E+38 1.70141E+38 1.70141E+38 1.70141E+38 1.70141E+38 1.70141E+38 1.70141E+38 1.70141E+38 1.70141E+38 1.70141E+38 1.70141E+38 1.70141E+38 1.70141E+38 1.70141E+38 1.70141E+38 1.70141E+38 1.70141E+38 1.70141E+38
1.70141E+38 1.70141E+38 1.70141E+38 1.70141E+38 1.70141E+38 1.70141E+38 1.70141E+38 1.70141E+38 1.70141E+38 1.70141E+38 1.70141E+38 1.70141E+38 1.70141E+38 1.70141E+38 1.70141E+38 1.70141E+38 1.70141E+38 1.70141E+38 1.70141E+38 1.70141E+38 1.70141E+38 1.70141E+38 1.70141E+38 1.70141E+38 1.70141E+38 1.70141E+38 1.70141E+38 1.70141E+38 1.70141E+38 1.70141E+38 1.70141E+38 1.70141E+38 1.70141E+38 1.70141E+38 1.70141E+38 1.70141E+38 1.70141E+38 1.70141E+38 1.70141E+38 1.70141E+38 1.70141E+38 1.70141E+38 1.70141E+38 1.70141E+38 1.70141E+38 1.70141E+38 1.70141E+38 1.70141E+38 1.70141E+38 1.70141E+38 1.70141E+38 1.70141E+38 1.70141E+38 1.70141E+38 1.70141E+38 1.70141E+38 1.70141E+38 1.70141E+38 1.70141E+38 1.70141E+38 1.70141E+38 1.70141E+38
1.70141E+38 1.70141E+38 1.70141E+38 1.70141E+38 1.70141E+38 1.70141E+38 1.70141E+38 1.70141E+38 1.70141E+38 1.70141E+38 1.70141E+38 1.70141E+38 1.70141E+38 1.70141E+38 1.70141E+38 1.70141E+38 1.70141E+38 1.70141E+38 1.70141E+38 1.70141E+38 1.70141E+38 1.70141E+38 1.70141E+38 1.70141E+38 1.70141E+38 1.70141E+38 1.70141E+38 1.70141E+38 1.70141E+38 1.70141E+38 1.70141E+38 1.70141E+38 1.70141E+38 1.70141E+38 1.70141E+38 1.70141E+38 1.70141E+38 1.70141E+38 1.70141E+38 1.70141E+38 1.70141E+38 1.70141E+38 1.70141E+38 1.70141E+38 1.70141E+38 1.70141E+38 1.70141E+38 1.70141E+38 1.70141E+38 1.70141E+38 1.70141E+38 1.70141E+38 1.70141E+38 1.70141E+38 1.70141E+38 1.70141E+38 1.70141E+38 1.70141E+38 1.70141E+38 1.70141E+38 1.70141E+38 1.70141E+38
1.70141E+38 1.70141E+38 1.70141E+38 1.70141E+38 1.70141E+38 1.70141E+38 1.70141E+38 1.70141E+38 1.70141E+38 1.70141E+38 1.70141E+38 1.70141E+38 1.70141E+38 1.70141E+38 1.70141E+38 1.70141E+38 1.70141E+38 1.70141E+38 1.70141E+38 1.70141E+38 1.70141E+38 1.70141E+38 1.70141E+38 1.70141E+38 1.70141E+38 1.70141E+38 1.70141E+38 1.70141E+38 1.70141E+38 1.70141E+38 1.70141E+38 1.70141E+38 1.70141E+38 1.70141E+38 1.70141E+38 1.70141E+38 1.70141E+38 1.70141E+38 1.70141E+38 1.70141E+38 1.70141E+38 1.70141E+38 1.70141E+38 1.70141E+38 1.70141E+38 1.70141E+38 1.70141E+38 1.70141E+38 1.70141E+38 1.70141E+38 1.70141E+38 1.70141E+38 1.70141E+38 1.70141E+38 1.70141E+38 1.70141E+38 1.70141E+38 1.70141E+38 1.70141E+38 1.70141E+38 1.70141E+38 1.70141E+38
1.70141E+38 1.70141E+38 1.70141E+38 1.70141E+38 1.70141E+38 1.70141E+38 1.70141E+38 1.70141E+38 1.70141E+38 1.70141E+38 1.70141E+38 1.70141E+38 1.70141E+38 1.70141E+38 1.70141E+38 1.70141E+38 1.70141E+38 1.70141E+38 1.70141E+38 1.70141E+38 1.70141E+38 1.70141E+38 1.70141E+38 1.70141E+38 1.70141E+38 1.70141E+38 1.70141E+38 1.70141E+38 1.70141E+38 1.70141E+38 1.70141E+38 1.70141E+38 1.70141E+38 1.70141E+38 1.70141E+38 1.70141E+38 1.70141E+38 1.70141E+38 1.70141E+38 1.70141E+38 1.70141E+38 1.70141E+38 1.70141E+38 1.70141E+38 1.70141E+38 1.70141E+38 1.70141E+38 1.70141E+38 1.70141E+38 1.70141E+38 1.70141E+38 1.70141E+38 1.70141E+38 1.70141E+38 1.70141E+38 1.70141E+38 1.70141E+38 1.70141E+38 1.70141E+38 1.70141E+38 1.70141E+38 1.70141E+38
1.70141E+38 1.70141E+38 1.70141E+38 1.70141E+38 1.70141E+38 1.70141E+38 1.70141E+38 1.70141E+38 1.70141E+38 1.70141E+38 1.70141E+38 1.70141E+38 1.70141E+38 1.70141E+38 1.70141E+38 1.70141E+38 1.70141E+38 1.70141E+38 1.70141E+38 1.70141E+38 1.70141E+38 1.70141E+38 1.70141E+38 1.70141E+38 1.70141E+38 1.70141E+38 1.70141E+38 1.70141E+38 1.70141E+38 1.70141E+38 1.70141E+38 1.70141E+38 1.70141E+38 1.70141E+38 1.70141E+38 1.70141E+38 1.70141E+38 1.70141E+38 1.70141E+38 1.70141E+38 1.70141E+38 1.70141E+38 1.70141E+38 1.70141E+38 1.70141E+38 1.70141E+38 1.70141E+38 1.70141E+38 1.70141E+38 1.70141E+38 1.70141E+38 1.70141E+38 1.70141E+38 1.70141E+38 1.70141E+38 1.70141E+38 1.70141E+38 1.70141E+38 1.70141E+38 1.70141E+38 1.70141E+38 1.70141E+38
1.70141E+38 1.70141E+38 1.70141E+38 1.70141E+38 1.70141E+38 1.70141E+38 1.70141E+38 1.70141E+38 1.70141E+38 1.70141E+38 1.70141E+38 1.70141E+38 1.70141E+38 1.70141E+38 1.70141E+38 1.70141E+38 1.70141E+38 1.70141E+38 1.70141E+38 1.70141E+38 1.70141E+38 1.70141E+38 1.70141E+38 1.70141E+38 1.70141E+38 1.70141E+38 1.70141E+38 1.70141E+38 1.70141E+38 1.70141E+38 1.70141E+38 1.70141E+38 1.70141E+38 1.70141E+38 1.70141E+38 1.70141E+38 1.70141E+38 1.70141E+38 1.70141E+38 1.70141E+38 1.70141E+38 1.70141E+38 1.70141E+38 1.70141E+38 1.70141E+38 1.70141E+38 1.70141E+38 1.70141E+38 1.70141E+38 1.70141E+38 1.70141E+38 1.70141E+38 1.70141E+38 1.70141E+38 1.70141E+38 1.70141E+38 1.70141E+38 1.70141E+38 1.70141E+38 1.70141E+38 1.70141E+38 1.70141E+38
