py_wake/examples/data/AJ_ParqueFicticio/Ridge area   Sector 9   Height 200m   Weibull-k.grd
DSAA
90  129
 262878   265103
 6504214   6507414
 .7597656   2.556641
[rows 54 to 80 of 129, columns 0 to 61 of 90]
2.552734 2.552734 2.552734 2.552734 2.552734 2.544922 2.537109 2.529297 2.509766 2.486328 2.478516 2.486328 2.486328 2.478516 2.466797 2.458984 2.455078 2.466797 2.474609 2.482422 2.494141 2.501953 2.505859 2.513672 2.517578 2.521484 2.517578 2.513672 2.505859 2.501953 2.498047 2.494141 2.490234 2.486328 2.482422 2.482422 2.482422 2.482422 2.482422 2.482422 2.478516 2.474609 2.470703 2.466797 2.466797 2.470703 2.474609 2.486328 2.494141 2.505859 2.513672 2.521484 2.533203 2.544922 2.486328 2.251953 2.048828 1.970703 1.994141 2.103516 2.244141 2.349609
2.552734 2.552734 2.552734 2.552734 2.552734 2.548828 2.541016 2.533203 2.521484 2.505859 2.498047 2.501953 2.501953 2.486328 2.462891 2.447266 2.439453 2.443359 2.458984 2.474609 2.490234 2.501953 2.509766 2.513672 2.517578 2.521484 2.525391 2.521484 2.517578 2.513672 2.509766 2.505859 2.501953 2.498047 2.494141 2.494141 2.490234 2.490234 2.490234 2.486328 2.482422 2.478516 2.478516 2.474609 2.474609 2.474609 2.478516 2.486328 2.498047 2.505859 2.517578 2.525391 2.533203 2.544922 2.517578 2.365234 2.205078 2.123047 2.119141 2.173828 2.251953 2.310547
2.552734 2.552734 2.552734 2.552734 2.552734 2.548828 2.541016 2.533203 2.529297 2.521484 2.517578 2.517578 2.517578 2.501953 2.474609 2.443359 2.423828 2.419922 2.427734 2.443359 2.470703 2.490234 2.505859 2.513672 2.521484 2.525391 2.529297 2.529297 2.529297 2.529297 2.525391 2.521484 2.517578 2.513672 2.509766 2.505859 2.505859 2.501953 2.498047 2.498047 2.494141 2.486328 2.482422 2.482422 2.478516 2.478516 2.482422 2.490234 2.498047 2.509766 2.517578 2.525391 2.533203 2.541016 2.533203 2.451172 2.341797 2.267578 2.240234 2.251953 2.283203 2.314453
2.552734 2.552734 2.552734 2.552734 2.552734 2.548828 2.537109 2.533203 2.529297 2.529297 2.525391 2.529297 2.529297 2.521484 2.501953 2.470703 2.435547 2.412109 2.400391 2.412109 2.443359 2.470703 2.494141 2.509766 2.521484 2.529297 2.529297 2.533203 2.533203 2.533203 2.537109 2.533203 2.529297 2.525391 2.525391 2.521484 2.517578 2.513672 2.509766 2.505859 2.501953 2.498047 2.494141 2.490234 2.486328 2.486328 2.490234 2.494141 2.501953 2.509766 2.521484 2.525391 2.533203 2.541016 2.541016 2.517578 2.458984 2.404297 2.365234 2.353516 2.357422 2.361328
2.552734 2.552734 2.552734 2.552734 2.552734 2.548828 2.533203 2.529297 2.525391 2.525391 2.529297 2.529297 2.529297 2.529297 2.521484 2.509766 2.486328 2.458984 2.427734 2.423828 2.439453 2.462891 2.486328 2.505859 2.517578 2.525391 2.529297 2.533203 2.533203 2.537109 2.537109 2.537109 2.537109 2.537109 2.537109 2.533203 2.529297 2.529297 2.525391 2.521484 2.513672 2.509766 2.505859 2.498047 2.494141 2.494141 2.494141 2.498047 2.505859 2.513672 2.521484 2.529297 2.533203 2.541016 2.544922 2.537109 2.525391 2.501953 2.478516 2.458984 2.439453 2.419922
2.552734 2.552734 2.552734 2.552734 2.552734 2.544922 2.529297 2.525391 2.521484 2.521484 2.521484 2.525391 2.525391 2.525391 2.525391 2.521484 2.513672 2.498047 2.478516 2.466797 2.470703 2.478516 2.490234 2.505859 2.517578 2.525391 2.529297 2.529297 2.533203 2.533203 2.537109 2.537109 2.537109 2.537109 2.537109 2.537109 2.537109 2.537109 2.533203 2.529297 2.525391 2.521484 2.513672 2.509766 2.501953 2.501953 2.501953 2.505859 2.509766 2.517578 2.525391 2.529297 2.537109 2.541016 2.544922 2.544922 2.537109 2.533203 2.529297 2.513672 2.494141 2.470703
2.552734 2.552734 2.552734 2.552734 2.552734 2.537109 2.525391 2.521484 2.517578 2.517578 2.517578 2.517578 2.521484 2.521484 2.521484 2.521484 2.517578 2.513672 2.505859 2.498047 2.498047 2.498047 2.501953 2.509766 2.517578 2.521484 2.521484 2.525391 2.529297 2.529297 2.533203 2.533203 2.533203 2.533203 2.537109 2.537109 2.537109 2.541016 2.541016 2.537109 2.533203 2.525391 2.521484 2.517578 2.513672 2.509766 2.509766 2.513672 2.517578 2.521484 2.525391 2.529297 2.537109 2.541016 2.544922 2.548828 2.544922 2.541016 2.537109 2.533203 2.521484 2.501953
2.552734 2.552734 2.552734 2.552734 2.548828 2.533203 2.525391 2.517578 2.513672 2.513672 2.513672 2.513672 2.513672 2.517578 2.517578 2.517578 2.517578 2.513672 2.513672 2.509766 2.509766 2.509766 2.509766 2.513672 2.513672 2.517578 2.517578 2.521484 2.521484 2.525391 2.525391 2.529297 2.529297 2.533203 2.533203 2.533203 2.533203 2.537109 2.541016 2.541016 2.537109 2.533203 2.525391 2.521484 2.517578 2.513672 2.513672 2.517578 2.517578 2.521484 2.525391 2.529297 2.537109 2.541016 2.544922 2.548828 2.548828 2.548828 2.541016 2.537109 2.533203 2.517578
2.552734 2.552734 2.552734 2.552734 2.537109 2.529297 2.521484 2.513672 2.513672 2.509766 2.509766 2.513672 2.513672 2.513672 2.513672 2.513672 2.509766 2.509766 2.509766 2.509766 2.509766 2.509766 2.509766 2.513672 2.513672 2.513672 2.513672 2.513672 2.517578 2.517578 2.521484 2.521484 2.525391 2.525391 2.529297 2.529297 2.533203 2.533203 2.541016 2.541016 2.537109 2.533203 2.529297 2.525391 2.517578 2.517578 2.513672 2.517578 2.517578 2.521484 2.525391 2.529297 2.533203 2.537109 2.541016 2.544922 2.548828 2.548828 2.548828 2.544922 2.537109 2.529297
2.544922 2.548828 2.548828 2.541016 2.533203 2.525391 2.521484 2.513672 2.513672 2.509766 2.509766 2.509766 2.509766 2.509766 2.509766 2.509766 2.509766 2.509766 2.505859 2.505859 2.505859 2.505859 2.505859 2.509766 2.509766 2.509766 2.509766 2.509766 2.513672 2.513672 2.517578 2.517578 2.521484 2.521484 2.525391 2.529297 2.529297 2.533203 2.537109 2.544922 2.541016 2.537109 2.529297 2.525391 2.521484 2.517578 2.513672 2.517578 2.517578 2.521484 2.525391 2.529297 2.533203 2.537109 2.541016 2.544922 2.548828 2.548828 2.548828 2.548828 2.552734 2.552734
2.537109 2.537109 2.541016 2.537109 2.533203 2.525391 2.521484 2.517578 2.513672 2.509766 2.509766 2.509766 2.509766 2.509766 2.509766 2.509766 2.509766 2.505859 2.505859 2.505859 2.505859 2.505859 2.505859 2.505859 2.505859 2.505859 2.505859 2.509766 2.509766 2.509766 2.513672 2.513672 2.517578 2.521484 2.521484 2.525391 2.529297 2.533203 2.541016 2.544922 2.541016 2.537109 2.529297 2.525391 2.521484 2.517578 2.513672 2.513672 2.517578 2.517578 2.521484 2.525391 2.533203 2.537109 2.541016 2.544922 2.544922 2.548828 2.548828 2.544922 2.552734 2.552734
2.529297 2.533203 2.537109 2.537109 2.533203 2.525391 2.521484 2.517578 2.513672 2.513672 2.513672 2.509766 2.509766 2.509766 2.509766 2.509766 2.509766 2.505859 2.505859 2.505859 2.505859 2.505859 2.505859 2.505859 2.505859 2.505859 2.505859 2.505859 2.509766 2.509766 2.509766 2.513672 2.517578 2.517578 2.521484 2.525391 2.529297 2.533203 2.541016 2.544922 2.537109 2.533203 2.529297 2.525391 2.517578 2.513672 2.513672 2.513672 2.517578 2.517578 2.521484 2.525391 2.529297 2.537109 2.541016 2.541016 2.544922 2.548828 2.548828 2.537109 2.544922 2.552734
2.525391 2.529297 2.533203 2.533203 2.533203 2.529297 2.525391 2.521484 2.517578 2.517578 2.513672 2.513672 2.513672 2.509766 2.509766 2.509766 2.509766 2.509766 2.505859 2.505859 2.505859 2.505859 2.505859 2.505859 2.505859 2.505859 2.505859 2.505859 2.505859 2.509766 2.509766 2.513672 2.517578 2.517578 2.521484 2.525391 2.529297 2.537109 2.544922 2.541016 2.537109 2.533203 2.525391 2.521484 2.517578 2.513672 2.509766 2.513672 2.513672 2.517578 2.521484 2.525391 2.529297 2.533203 2.537109 2.541016 2.544922 2.548828 2.548828 2.533203 2.501953 2.501953
2.525391 2.525391 2.529297 2.533203 2.533203 2.529297 2.529297 2.525391 2.521484 2.521484 2.517578 2.513672 2.513672 2.513672 2.513672 2.513672 2.509766 2.509766 2.509766 2.509766 2.505859 2.505859 2.505859 2.505859 2.505859 2.505859 2.505859 2.505859 2.505859 2.509766 2.509766 2.513672 2.517578 2.521484 2.521484 2.525391 2.533203 2.541016 2.541016 2.537109 2.533203 2.529297 2.525391 2.517578 2.513672 2.509766 2.509766 2.509766 2.513672 2.517578 2.521484 2.521484 2.529297 2.533203 2.537109 2.541016 2.544922 2.548828 2.544922 2.525391 2.462891 2.318359
2.521484 2.525391 2.529297 2.529297 2.533203 2.533203 2.533203 2.529297 2.525391 2.525391 2.521484 2.517578 2.513672 2.513672 2.513672 2.513672 2.513672 2.513672 2.509766 2.509766 2.509766 2.509766 2.505859 2.505859 2.505859 2.505859 2.505859 2.505859 2.509766 2.509766 2.513672 2.517578 2.517578 2.521484 2.525391 2.529297 2.541016 2.541016 2.541016 2.537109 2.529297 2.525391 2.521484 2.517578 2.513672 2.509766 2.509766 2.509766 2.513672 2.517578 2.521484 2.525391 2.529297 2.533203 2.537109 2.541016 2.544922 2.548828 2.541016 2.501953 2.388672 2.138672
2.521484 2.525391 2.529297 2.533203 2.537109 2.537109 2.541016 2.541016 2.537109 2.529297 2.521484 2.517578 2.513672 2.509766 2.509766 2.509766 2.513672 2.513672 2.513672 2.509766 2.509766 2.509766 2.509766 2.509766 2.509766 2.505859 2.509766 2.509766 2.509766 2.513672 2.513672 2.517578 2.521484 2.525391 2.529297 2.537109 2.541016 2.541016 2.537109 2.533203 2.529297 2.521484 2.517578 2.513672 2.509766 2.509766 2.509766 2.509766 2.513672 2.517578 2.521484 2.525391 2.529297 2.537109 2.541016 2.541016 2.544922 2.544922 2.517578 2.431641 2.236328 1.986328
2.521484 2.525391 2.533203 2.537109 2.541016 2.548828 2.552734 2.552734 2.552734 2.544922 2.529297 2.517578 2.505859 2.501953 2.501953 2.505859 2.509766 2.509766 2.509766 2.509766 2.509766 2.509766 2.509766 2.509766 2.509766 2.509766 2.509766 2.513672 2.513672 2.513672 2.517578 2.521484 2.529297 2.537109 2.541016 2.537109 2.533203 2.533203 2.529297 2.529297 2.525391 2.521484 2.517578 2.509766 2.509766 2.509766 2.509766 2.509766 2.513672 2.521484 2.525391 2.529297 2.533203 2.537109 2.541016 2.544922 2.544922 2.525391 2.443359 2.275391 2.037109 1.896484
2.525391 2.529297 2.537109 2.548828 2.552734 2.552734 2.552734 2.552734 2.556641 2.552734 2.552734 2.537109 2.509766 2.494141 2.490234 2.494141 2.498047 2.501953 2.505859 2.509766 2.509766 2.509766 2.509766 2.513672 2.513672 2.513672 2.513672 2.517578 2.517578 2.521484 2.525391 2.537109 2.537109 2.533203 2.529297 2.521484 2.517578 2.509766 2.505859 2.509766 2.513672 2.513672 2.513672 2.509766 2.509766 2.509766 2.513672 2.513672 2.517578 2.521484 2.529297 2.533203 2.537109 2.541016 2.544922 2.544922 2.533203 2.458984 2.283203 2.044922 1.904297 1.857422
2.525391 2.533203 2.544922 2.548828 2.548828 2.548828 2.552734 2.556641 2.552734 2.552734 2.552734 2.552734 2.552734 2.529297 2.501953 2.490234 2.494141 2.498047 2.501953 2.501953 2.505859 2.505859 2.509766 2.509766 2.513672 2.513672 2.517578 2.521484 2.525391 2.533203 2.529297 2.521484 2.513672 2.505859 2.494141 2.482422 2.478516 2.470703 2.462891 2.474609 2.494141 2.501953 2.505859 2.509766 2.505859 2.509766 2.513672 2.517578 2.521484 2.525391 2.529297 2.533203 2.537109 2.541016 2.544922 2.537109 2.486328 2.310547 2.033203 1.787109 1.572266 1.552734
2.529297 2.541016 2.544922 2.541016 2.541016 2.541016 2.537109 2.533203 2.517578 2.505859 2.486328 2.466797 2.435547 2.416016 2.408203 2.423828 2.416016 2.416016 2.423828 2.435547 2.447266 2.462891 2.478516 2.486328 2.494141 2.501953 2.501953 2.498047 2.494141 2.486328 2.478516 2.462891 2.455078 2.443359 2.423828 2.416016 2.423828 2.427734 2.431641 2.447266 2.474609 2.494141 2.501953 2.505859 2.505859 2.509766 2.517578 2.521484 2.525391 2.529297 2.533203 2.537109 2.541016 2.544922 2.541016 2.513672 2.376953 2.068359 1.748047 1.556641 1.279297 1.349609
2.537109 2.537109 2.533203 2.525391 2.521484 2.509766 2.498047 2.478516 2.443359 2.404297 2.353516 2.298828 2.251953 2.224609 2.208984 2.189453 2.193359 2.205078 2.220703 2.259766 2.306641 2.337891 2.349609 2.373047 2.380859 2.380859 2.376953 2.369141 2.361328 2.353516 2.345703 2.330078 2.330078 2.341797 2.341797 2.349609 2.369141 2.396484 2.419922 2.443359 2.470703 2.486328 2.498047 2.505859 2.509766 2.513672 2.517578 2.521484 2.525391 2.533203 2.537109 2.541016 2.544922 2.544922 2.525391 2.435547 2.138672 1.748047 1.537109 1.568359 .9550781 1.154297
2.529297 2.521484 2.513672 2.498047 2.474609 2.443359 2.404297 2.373047 2.369141 2.353516 2.322266 2.271484 2.208984 2.158203 2.142578 2.126953 2.091797 2.080078 2.099609 2.134766 2.181641 2.205078 2.205078 2.205078 2.224609 2.244141 2.240234 2.216797 2.185547 2.193359 2.197266 2.177734 2.181641 2.236328 2.279297 2.314453 2.353516 2.392578 2.423828 2.447266 2.474609 2.490234 2.498047 2.505859 2.509766 2.513672 2.521484 2.525391 2.529297 2.533203 2.541016 2.544922 2.544922 2.533203 2.466797 2.220703 1.767578 1.529297 1.873047 2.505859 2.505859 .9628906
2.517578 2.505859 2.490234 2.462891 2.423828 2.365234 2.314453 2.306641 2.345703 2.353516 2.337891 2.306641 2.255859 2.205078 2.185547 2.158203 2.115234 2.091797 2.095703 2.119141 2.134766 2.138672 2.130859 2.123047 2.134766 2.158203 2.162109 2.146484 2.123047 2.126953 2.146484 2.142578 2.154297 2.220703 2.283203 2.333984 2.380859 2.416016 2.443359 2.466797 2.486328 2.498047 2.505859 2.509766 2.509766 2.517578 2.521484 2.529297 2.533203 2.537109 2.541016 2.544922 2.541016 2.490234 2.263672 1.802734 1.505859 2.291016 2.505859 2.505859 2.505859 1.060547
2.505859 2.490234 2.466797 2.435547 2.392578 2.349609 2.333984 2.357422 2.388672 2.396484 2.392578 2.373047 2.349609 2.326172 2.294922 2.259766 2.224609 2.193359 2.169922 2.162109 2.154297 2.146484 2.134766 2.130859 2.134766 2.146484 2.150391 2.150391 2.154297 2.173828 2.193359 2.208984 2.240234 2.283203 2.333984 2.380859 2.416016 2.447266 2.470703 2.490234 2.501953 2.490234 2.474609 2.470703 2.466797 2.486328 2.501953 2.533203 2.537109 2.541016 2.544922 2.544922 2.513672 2.298828 1.779297 1.451172 2.505859 2.505859 2.505859 2.505859 2.505859 1.337891
2.490234 2.466797 2.439453 2.416016 2.392578 2.376953 2.380859 2.408203 2.431641 2.439453 2.443359 2.443359 2.439453 2.423828 2.404297 2.384766 2.361328 2.326172 2.291016 2.259766 2.240234 2.220703 2.205078 2.201172 2.201172 2.197266 2.197266 2.201172 2.216797 2.236328 2.255859 2.283203 2.318359 2.353516 2.392578 2.427734 2.455078 2.478516 2.494141 2.494141 2.470703 2.455078 2.447266 2.443359 2.443359 2.455078 2.466797 2.490234 2.533203 2.541016 2.544922 2.529297 2.337891 1.755859 1.353516 2.505859 2.505859 2.505859 2.505859 2.505859 2.505859 2.505859
2.482422 2.458984 2.435547 2.431641 2.427734 2.423828 2.431641 2.455078 2.470703 2.482422 2.486328 2.490234 2.490234 2.486328 2.482422 2.470703 2.458984 2.435547 2.408203 2.380859 2.353516 2.330078 2.310547 2.302734 2.294922 2.279297 2.271484 2.279297 2.291016 2.298828 2.314453 2.345703 2.373047 2.404297 2.439453 2.466797 2.486328 2.498047 2.474609 2.458984 2.447266 2.439453 2.431641 2.427734 2.427734 2.431641 2.435547 2.447266 2.474609 2.537109 2.544922 2.427734 1.814453 1.216797 2.505859 2.505859 2.505859 2.505859 2.505859 2.505859 2.505859 2.505859
2.498047 2.482422 2.474609 2.474609 2.474609 2.478516 2.490234 2.501953 2.509766 2.517578 2.521484 2.525391 2.525391 2.525391 2.525391 2.521484 2.509766 2.501953 2.486328 2.470703 2.455078 2.435547 2.419922 2.404297 2.388672 2.376953 2.365234 2.361328 2.365234 2.369141 2.380859 2.404297 2.423828 2.447266 2.474609 2.478516 2.466797 2.458984 2.451172 2.439453 2.435547 2.427734 2.423828 2.416016 2.416016 2.412109 2.412109 2.416016 2.419922 2.435547 2.494141 2.185547 1.259766 1.361328 2.505859 2.505859 2.505859 2.505859 2.505859 2.505859 2.505859 2.505859
