py_wake/examples/data/AJ_ParqueFicticio/Ridge area   Sector 3   Height 30m   Orographic turn.grd
DSAA
90  129
 262878   265103
 6504214   6507414
-11.44209   89.19561
[rows 54 to 80 of 129, columns 0 to 60 of 90]
3.256861 2.59086 1.682317 .4733218 -.8934703 -2.10336 -3.089867 -3.730795 -3.975583 -3.812388 -3.223508 -2.676395 -2.554377 -2.758264 -3.04564 -3.344769 -3.445348 -3.263605 -2.91471 -2.305892 -1.470475 -.6237999 .1943777 .9661832 1.629656 2.189756 2.735122 3.28278 3.817219 4.363549 4.902885 5.405666 5.892948 6.380453 6.846152 7.274319 7.633317 7.925117 8.17176 8.380302 8.558108 8.720923 8.89105 9.045608 8.984377 8.870287 8.546439 7.969423 7.237497 6.167982 4.960818 3.515917 1.93699 .4171613 -1.073442 -2.356935 -3.401671 -4.365483 -5.244494 -5.948389 -6.441386
3.214435 2.630909 1.793523 .6447967 -.6431084 -1.829456 -2.813692 -3.487529 -3.798338 -3.732817 -3.27822 -2.792893 -2.707417 -2.951049 -3.255823 -3.553775 -3.703154 -3.641273 -3.364367 -2.762448 -1.941925 -1.105344 -.2861691 .4873962 1.143669 1.678471 2.16539 2.637179 3.117191 3.603505 4.093287 4.557185 4.998924 5.458742 5.910318 6.336145 6.708341 7.028886 7.332162 7.606721 7.84347 8.062069 8.279183 8.468253 8.535465 8.582953 8.374753 7.877354 7.250303 6.302401 5.103052 3.739377 2.22965 .7493668 -.7117392 -2.030626 -3.112643 -4.084735 -4.995347 -5.770481 -6.42314
2.908681 2.382151 1.615659 .5905182 -.5501106 -1.750472 -2.742034 -3.468699 -3.859223 -3.903014 -3.584121 -3.187615 -3.063687 -3.326986 -3.640488 -3.9419 -4.112447 -4.100007 -3.893601 -3.34386 -2.56443 -1.78578 -1.018533 -.2805156 .3388542 .8371646 1.280395 1.713518 2.16989 2.638358 3.110259 3.566453 4.002066 4.431823 4.8571 5.267287 5.666627 6.047911 6.425156 6.772125 7.07314 7.36347 7.630969 7.86411 8.094258 8.198935 8.084046 7.687951 7.139282 6.324564 5.223433 3.905493 2.45486 .997917 -.4401741 -1.787974 -2.933965 -3.956205 -4.927548 -5.787224 -6.532541
2.365407 1.979548 1.335237 .4343817 -.640151 -1.809759 -2.829758 -3.654003 -4.155533 -4.320702 -4.114099 -3.794282 -3.615642 -3.878801 -4.192502 -4.480358 -4.670475 -4.700744 -4.571258 -4.097384 -3.388841 -2.681245 -1.976139 -1.282107 -.6917835 -.2044179 .2229756 .6414679 1.087708 1.569357 2.0581 2.531641 2.96 3.364624 3.774117 4.17047 4.57291 4.990311 5.410881 5.817613 6.205158 6.577377 6.900835 7.246812 7.59236 7.738165 7.704283 7.405001 6.925173 6.186868 5.240568 4.000999 2.603488 1.167308 -.2621893 -1.640062 -2.862405 -3.942483 -4.949196 -5.844396 -6.612945
1.751011 1.499307 .9847395 .1933613 -.8450615 -1.995442 -3.078601 -3.99126 -4.599656 -4.886616 -4.788185 -4.508239 -4.288284 -4.41398 -4.679042 -4.940137 -5.175973 -5.295912 -5.271783 -4.90388 -4.282975 -3.663538 -3.019394 -2.368108 -1.798403 -1.298183 -.867037 -.4495306 .00153819 .5013048 1.019381 1.517486 1.943484 2.335718 2.732651 3.112601 3.492718 3.903816 4.322988 4.764301 5.245907 5.695386 6.119354 6.595736 7.021777 7.201972 7.226839 7.026245 6.620218 5.949906 5.110981 4.036285 2.721666 1.299679 -.1347722 -1.540527 -2.818393 -3.955977 -4.980238 -5.886892 -6.667374
.9672844 .8633511 .4496508 -.2928593 -1.302765 -2.415235 -3.508788 -4.474585 -5.204888 -5.622571 -5.610474 -5.362184 -5.129396 -5.129969 -5.326882 -5.530337 -5.745527 -5.907763 -5.932818 -5.678828 -5.159948 -4.64597 -4.056106 -3.412481 -2.842746 -2.327415 -1.870494 -1.429536 -.970216 -.4669346 .06831029 .585441 1.012978 1.390299 1.763615 2.12479 2.492371 2.90475 3.332586 3.810386 4.337198 4.847095 5.381643 5.918261 6.385122 6.555367 6.621974 6.550864 6.2684 5.701148 4.934566 3.997285 2.829194 1.456281 .03075316 -1.396366 -2.702861 -3.855368 -4.903796 -5.826662 -6.634477
.05936004 .0565355 -.2524002 -.9329228 -1.894962 -2.984218 -4.088827 -5.087975 -5.893331 -6.42442 -6.504542 -6.298662 -6.042935 -5.947855 -6.061002 -6.202208 -6.382555 -6.552099 -6.608968 -6.456567 -5.999403 -5.530534 -4.998333 -4.336062 -3.739405 -3.220815 -2.748363 -2.290694 -1.807965 -1.311341 -.7774205 -.2413189 .2139087 .5877059 .93556 1.293795 1.661423 2.075127 2.542604 3.060409 3.630959 4.19297 4.758526 5.304763 5.767105 5.928576 6.053354 6.08787 5.955896 5.568186 4.86232 3.994492 2.946378 1.677383 .281659 -1.146318 -2.483254 -3.635355 -4.68229 -5.641645 -6.473598
-.9209777 -.8161082 -.9828491 -1.561556 -2.452552 -3.505839 -4.588189 -5.601755 -6.465665 -7.108664 -7.332403 -7.236811 -6.974102 -6.761661 -6.746183 -6.845001 -6.980433 -7.146605 -7.222227 -7.12152 -6.777105 -6.343861 -5.844522 -5.168225 -4.531246 -3.997574 -3.527791 -3.039291 -2.512313 -2.007923 -1.465053 -.9264329 -.4404639 -.06908499 .280375 .6346598 1.003459 1.447576 1.949213 2.506281 3.129343 3.73605 4.313521 4.882432 5.357683 5.589797 5.767393 5.86204 5.830443 5.596357 4.971751 4.109719 3.107704 1.965648 .662415 -.742521 -2.099196 -3.254186 -4.275461 -5.232116 -6.116934
-1.8476 -1.672386 -1.76484 -2.281523 -3.112801 -4.113444 -5.146282 -6.13592 -7.006396 -7.679793 -7.975251 -7.936768 -7.720497 -7.483573 -7.315916 -7.39816 -7.490674 -7.624281 -7.634223 -7.527003 -7.33685 -6.960157 -6.481168 -5.794969 -5.170704 -4.612025 -4.112481 -3.619073 -3.089625 -2.531107 -1.990644 -1.440623 -.970192 -.5611286 -.1899426 .1584895 .5510016 1.018736 1.537102 2.137158 2.799384 3.430068 4.032483 4.6501 5.173619 5.496651 5.67547 5.783196 5.781371 5.641454 5.164063 4.315189 3.321237 2.277611 1.121049 -.2169863 -1.58549 -2.735473 -3.709514 -4.605798 -5.503099
-2.568161 -2.337521 -2.29432 -2.66457 -3.364079 -4.250401 -5.2114 -6.167521 -7.043111 -7.755059 -8.201599 -8.370479 -8.252206 -8.010445 -7.714472 -7.658616 -7.739759 -7.828445 -7.809912 -7.662824 -7.476538 -7.218367 -6.730349 -6.099399 -5.452569 -4.930023 -4.473002 -3.977983 -3.41454 -2.872341 -2.314217 -1.778409 -1.326639 -.8813836 -.4916283 -.1429876 .2634625 .7439466 1.284728 1.922164 2.613547 3.261396 3.89622 4.561398 5.18284 5.543222 5.69149 5.768896 5.747405 5.639636 5.313926 4.567678 3.576422 2.589309 1.56775 .3712686 -1.026105 -2.142934 -3.090199 -3.923068 -4.782172
-3.020578 -2.735963 -2.526923 -2.789876 -3.394759 -4.178006 -5.074927 -6.002678 -6.879796 -7.617818 -8.14609 -8.430588 -8.413081 -8.151494 -7.732522 -7.555811 -7.689748 -7.795874 -7.696341 -7.322455 -7.169245 -7.057023 -6.700275 -6.025341 -5.35758 -4.990434 -4.600685 -4.064229 -3.520591 -3.002959 -2.425523 -1.914741 -1.465248 -.9982275 -.5917155 -.2320176 .1777205 .6596693 1.208367 1.860412 2.580504 3.251319 3.909818 4.595448 5.315485 5.696756 5.811409 5.83387 5.765135 5.640028 5.404265 4.815538 3.860065 2.904721 1.985416 .9730493 -.4539756 -1.525138 -2.462785 -3.237856 -4.043372
-3.176812 -2.886489 -2.560774 -2.719783 -3.26675 -3.969009 -4.801732 -5.705007 -6.590658 -7.334208 -7.904322 -8.279021 -8.370255 -8.139098 -7.659982 -7.398168 -7.405788 -7.44815 -7.318052 -6.92363 -6.774141 -6.688413 -6.382845 -5.736224 -5.195735 -4.85226 -4.466395 -3.931569 -3.428971 -2.898023 -2.31946 -1.818107 -1.360397 -.8881693 -.4556229 -.0692874 .3375055 .8002632 1.343048 1.990663 2.726326 3.422341 4.080929 4.747069 5.481009 5.918265 6.001107 5.959618 5.831892 5.667747 5.453594 5.02365 4.148605 3.231657 2.3868 1.538481 .1428208 -.9034126 -1.843805 -2.601059 -3.372234
-3.084827 -2.812268 -2.501742 -2.484563 -2.913696 -3.516047 -4.252291 -5.112765 -6.017689 -6.815584 -7.465333 -7.952079 -8.16278 -7.99587 -7.48969 -7.072844 -7.023378 -7.010845 -6.893871 -6.57589 -6.415811 -6.226735 -5.91625 -5.40796 -4.920403 -4.514698 -4.079289 -3.580474 -3.097751 -2.573227 -1.993835 -1.494028 -1.037703 -.5590284 -.08295967 .3383526 .7376043 1.166204 1.683432 2.298948 2.987597 3.685645 4.327797 4.952408 5.602697 6.086718 6.203201 6.1178 5.942969 5.733176 5.514627 5.173863 4.405262 3.547295 2.756555 2.009275 .7175561 -.3386414 -1.282924 -2.047533 -2.794337
-2.7677 -2.495172 -2.260817 -2.212454 -2.479762 -2.955554 -3.573251 -4.35946 -5.270138 -6.125679 -6.837902 -7.416131 -7.730089 -7.621165 -7.162523 -6.543247 -6.401133 -6.417389 -6.373346 -6.077141 -5.825441 -5.662622 -5.388449 -4.903175 -4.41061 -4.000507 -3.558043 -3.027176 -2.578044 -2.06857 -1.443143 -.9173358 -.4836542 -.03294846 .4747009 .9362552 1.323999 1.699694 2.15272 2.699482 3.299733 3.944461 4.565369 5.126024 5.658739 6.138229 6.349364 6.276617 6.056454 5.807329 5.569364 5.264821 4.576554 3.766303 3.014827 2.315667 1.170974 .1178558 -.7980633 -1.556324 -2.260443
-2.26468 -1.94283 -1.707649 -1.632265 -1.795395 -2.134784 -2.623024 -3.346201 -4.237331 -5.149508 -5.924529 -6.578935 -6.9711 -6.901765 -6.531424 -5.979343 -5.658487 -5.62323 -5.616997 -5.39906 -5.084881 -4.916205 -4.686759 -4.242153 -3.73124 -3.300763 -2.844402 -2.308333 -1.838655 -1.297279 -.6606632 -.08265232 .3559398 .7664239 1.24679 1.715176 2.066236 2.377872 2.722531 3.142868 3.625335 4.162881 4.740853 5.248796 5.682636 6.099083 6.381206 6.379912 6.134564 5.848088 5.591577 5.300725 4.671494 3.898512 3.187083 2.503709 1.536783 .4947082 -.3522374 -1.07096 -1.711612
-1.618235 -1.219058 -.9062114 -.7449274 -.7537073 -.9061265 -1.223314 -1.834342 -2.685273 -3.638626 -4.518749 -5.297944 -5.814219 -5.899052 -5.661644 -5.210115 -4.860345 -4.742116 -4.646134 -4.481789 -4.227897 -3.993657 -3.76799 -3.410409 -2.955741 -2.454523 -1.97694 -1.48696 -.9720336 -.359069 .2816907 .905001 1.38948 1.796947 2.233144 2.662352 2.949482 3.155994 3.363196 3.617613 3.954679 4.356744 4.839755 5.337193 5.673174 5.987175 6.265769 6.336737 6.141832 5.803568 5.545839 5.28036 4.73968 4.033545 3.394626 2.746946 2.027666 1.059176 .3109691 -.3790433 -.9936395
-.8706405 -.3642932 .08701237 .3694421 .4844023 .4983459 .3600918 -.09449688 -.9066086 -1.885584 -2.861051 -3.757593 -4.44161 -4.692005 -4.580828 -4.252853 -3.931482 -3.792945 -3.641979 -3.430932 -3.229845 -2.998371 -2.764034 -2.463203 -2.057003 -1.60575 -1.122708 -.6597124 -.107942 .5072324 1.180026 1.847342 2.388547 2.807559 3.194252 3.547451 3.761988 3.834737 3.899079 4.011844 4.192839 4.461097 4.82291 5.288867 5.614502 5.800386 6.009834 6.134144 6.011568 5.680589 5.41609 5.191824 4.787395 4.188174 3.634995 3.049922 2.490772 1.621835 .9349907 .3047873 -.2591116
-.06419776 .5457139 1.137018 1.564831 1.831756 2.004405 2.013601 1.714139 1.034535 .09688187 -.929908 -1.938113 -2.819737 -3.281579 -3.368388 -3.190625 -2.98008 -2.816016 -2.631602 -2.405766 -2.163419 -1.901378 -1.681779 -1.429304 -1.069587 -.6863764 -.2769658 .1259844 .622047 1.183544 1.808306 2.426315 2.935869 3.292933 3.574806 3.785141 3.888469 3.871095 3.872423 4.026264 4.208425 4.428376 4.719531 5.119 5.504656 5.568483 5.695483 5.782291 5.719046 5.452837 5.209838 5.081597 4.847005 4.385721 3.912262 3.436379 2.934194 2.198511 1.568952 .9802411 .4304162
.865356 1.602711 2.349941 2.980476 3.459146 3.792991 3.937387 3.761789 3.190493 2.282346 1.212868 .09953936 -.960183 -1.677898 -2.025043 -2.073693 -1.994208 -1.855997 -1.657559 -1.408457 -1.127568 -.8134971 -.551288 -.3178645 -.02717085 .2742241 .5819246 .864214 1.209397 1.607241 2.061285 2.510355 2.86556 3.063132 3.173576 3.182852 3.162115 3.081349 3.095895 3.480713 3.951087 4.264238 4.548731 4.900904 5.317489 5.346818 5.425832 5.482905 5.501667 5.376424 5.221771 5.177199 5.027145 4.663189 4.248854 3.869515 3.359906 2.740195 2.162026 1.618791 1.116924
2.056735 2.957803 3.906615 4.846404 5.510108 5.919221 6.079113 5.978964 5.437499 4.51779 3.366496 2.165938 .9828094 .06783028 -.5512214 -.8739822 -.985985 -.9411302 -.7812886 -.5141184 -.183876 .1931444 .5468516 .8270801 1.104388 1.324592 1.494347 1.586519 1.67064 1.771983 1.889691 2.023972 2.089246 2.059936 1.977896 1.883024 1.939906 2.044911 2.31232 2.894485 3.619319 4.06416 4.374316 4.702402 5.10651 5.166509 5.231038 5.285704 5.342132 5.341482 5.264156 5.243123 5.1093 4.81698 4.500818 4.191408 3.723335 3.229709 2.724086 2.24091 1.796881
3.417645 4.482451 5.629748 6.822157 7.618162 8.114407 8.347095 8.312395 7.721273 6.745856 5.59233 4.305543 2.95748 1.825202 .9664027 .3985779 .03634812 -.08594701 -.05954939 .1270606 .4377545 .8208869 1.253967 1.609604 1.923739 2.146984 2.305596 2.256945 2.066962 1.711144 1.307986 .9117143 .5109667 .2582529 .1564203 .2746404 .7694232 1.479798 2.202927 2.931713 3.633495 4.052774 4.324886 4.604856 4.958153 5.045657 5.097596 5.144971 5.182024 5.200825 5.127449 5.089692 4.973426 4.777874 4.60177 4.377214 4.023158 3.649983 3.250905 2.855564 2.468296
4.54473 5.812229 7.185407 8.468317 9.47254 10.20535 10.65491 10.55126 9.519259 8.309449 7.094214 5.902463 4.729222 3.538486 2.376823 1.558297 1.004241 .6522914 .4470731 .4354155 .5915613 .8408163 1.190002 1.562579 1.868543 2.024977 2.133246 2.12538 1.847594 .9336162 -.1074621 -1.188969 -2.178267 -2.352993 -1.900692 -.9912609 .3359095 1.696261 2.707474 3.438018 3.934139 4.209317 4.399478 4.618597 4.895336 4.989603 5.013268 5.042917 5.034376 4.995304 4.875651 4.812839 4.754313 4.680099 4.602926 4.486152 4.293432 4.032593 3.755874 3.46217 3.133527
5.353871 6.708527 8.138976 9.497656 10.64794 11.51915 12.01601 11.63857 10.30928 9.054085 7.869608 6.764472 5.715449 4.585128 3.346332 2.428774 1.755507 1.222374 .7960905 .5722761 .5397005 .5842892 .7044428 .8594772 1.00389 1.044416 .9762295 .7324154 .2103843 -.9104059 -2.227896 -3.634408 -4.684035 -4.111892 -2.662123 -.8145556 1.062175 2.58309 3.529056 4.058883 4.276244 4.369584 4.460659 4.616451 4.810623 4.944863 4.951807 4.986492 4.9473 4.823427 4.642529 4.585191 4.621643 4.64909 4.637431 4.637992 4.587713 4.415557 4.229596 4.023556 3.761378
6.045179 7.393156 8.758142 10.04517 11.08019 11.66913 11.70953 11.01534 9.895886 8.814616 7.79468 6.835167 5.711604 4.568626 3.581015 2.725518 2.018811 1.44728 .9878238 .6606996 .4870368 .3818274 .3361128 .3226996 .3325582 .3237575 .2343784 .03590369 -.2573927 -.8380566 -1.721739 -2.640785 -3.179761 -2.705637 -1.253541 .5633906 2.230326 3.412677 4.055651 4.329001 4.391875 4.401518 4.447896 4.563277 4.684373 4.897207 4.917811 4.989823 4.944654 4.759563 4.583143 4.574126 4.675919 4.756847 4.801376 4.882162 4.915027 4.815682 4.694363 4.553275 4.348091
6.54186 7.893539 9.157802 10.04372 10.58475 10.80889 10.6436 9.806565 8.848303 8.009876 7.102612 5.960223 4.988215 3.997551 3.134062 2.355032 1.690056 1.269188 .9228157 .6211921 .4156516 .2796247 .2325662 .2723337 .3922648 .5421122 .7327281 1.002781 1.371967 1.528555 1.344899 .9589378 .4184042 .2724053 .9396169 1.988985 2.988125 3.683105 4.041419 4.190729 4.226993 4.244464 4.29136 4.397532 4.519029 4.810522 4.914106 5.069547 5.046922 4.877538 4.801691 4.790272 4.875732 4.972155 5.049998 5.138762 5.191709 5.149326 5.078123 4.978058 4.792444
6.440852 7.706666 8.704505 8.947191 8.991655 9.04151 8.739954 7.910682 7.118382 6.368441 5.523934 4.640387 3.8441 2.918852 2.103241 1.47442 .9916869 .7143602 .5102009 .3045132 .1702985 .09389398 .146961 .3340364 .6486505 1.060332 1.616341 2.327477 3.087227 3.72872 4.071239 3.881527 3.178447 2.423751 2.208873 2.47762 2.945853 3.37739 3.651626 3.80348 3.875194 3.954325 4.018277 4.146439 4.388718 4.700194 4.936792 5.191659 5.211813 5.191574 5.185854 5.116061 5.135821 5.188072 5.247678 5.313407 5.377836 5.382638 5.333602 5.260073 5.091163
5.174539 6.061934 6.498542 6.477922 6.361895 6.127035 5.618905 5.042332 4.444361 3.892359 3.373129 2.771214 2.161031 1.433602 .8401071 .3859622 .08161396 -.06059371 -.1151187 -.2352704 -.2951373 -.2955842 -.1322014 .1807206 .6538244 1.268815 2.039189 2.921115 3.821113 4.626171 5.067707 4.86794 4.080494 2.981595 2.309888 2.207805 2.449509 2.794328 3.064109 3.235271 3.383897 3.549081 3.65397 3.867771 4.248337 4.603407 4.97903 5.324518 5.394219 5.572693 5.560018 5.474042 5.420636 5.405222 5.43104 5.479393 5.548941 5.575499 5.55279 5.513801 5.373323
