py_wake/examples/data/AJ_ParqueFicticio/Ridge area   Sector 4   Height 200m   Turbulence intensity.grd
DSAA
90  129
 262878   265103
 6504214   6507414
 11.9956   100
[rows 81 to 107 of 129, columns 0 to 61 of 90]
36.06738 36.10415 36.08277 36.20666 36.41616 36.58604 36.70294 36.79222 36.72604 36.65332 36.53738 36.39055 36.58434 37.34775 38.59863 39.88984 41.0223 42.21099 43.19749 44.28603 45.7714 46.83326 47.74321 48.43888 49.12675 49.69384 50.0386 49.82854 48.76312 46.9225 44.12377 40.04921 34.48331 28.57065 23.3726 19.46381 16.98686 15.52508 14.71529 14.26049 13.93048 13.59123 13.30113 13.0787 12.91814 12.80054 12.72535 12.70466 12.83941 13.0878 13.41194 13.82119 14.2156 14.56947 14.84202 15.01849 15.11529 15.201 15.27381 15.33129 15.43264 15.6018
33.99223 33.6792 33.4393 33.37542 33.38476 33.43152 33.4648 33.57939 33.73139 33.7542 33.5427 33.27604 33.20451 33.64137 34.61464 35.71296 36.90922 37.71355 37.94534 38.15657 39.229 40.52161 41.65755 41.95115 41.61373 40.92379 40.12669 38.8721 36.97498 34.98933 32.62793 29.88805 26.52761 22.7087 19.57241 17.33044 15.8538 14.94791 14.40016 14.05974 13.75394 13.40567 13.14938 12.99579 12.86834 12.77182 12.71171 12.69918 12.86703 13.12075 13.46491 13.91419 14.34461 14.75242 15.07291 15.28387 15.38708 15.45987 15.48813 15.4837 15.52815 15.59605
32.26999 31.74907 31.31826 31.09809 31.0703 31.00627 31.02017 31.29188 31.50065 31.36939 31.17882 31.06781 30.69647 30.61657 31.56782 32.82315 33.89918 34.40742 34.13353 33.62202 34.79378 36.17349 37.16817 37.17329 36.06675 34.49821 33.07635 31.32707 29.04798 27.15913 25.42799 23.52815 21.34431 19.0673 17.272 16.03839 15.15455 14.56294 14.14602 13.87359 13.58203 13.25564 13.02734 12.91266 12.80499 12.72673 12.67768 12.68258 12.85106 13.10622 13.45438 13.91083 14.36379 14.80866 15.18763 15.46399 15.59373 15.67916 15.69824 15.68149 15.70342 15.72572
31.13996 30.48951 29.98353 29.71026 29.59292 29.54317 29.66948 29.91735 29.99485 29.80275 29.72529 29.74986 29.6424 29.74192 30.45919 31.39989 32.18371 32.55513 32.44222 32.20736 32.91345 33.85403 34.48319 34.32762 33.12132 31.00708 28.79511 26.63528 24.22672 22.42121 20.93909 19.41807 18.02681 16.83782 15.88219 15.20749 14.70265 14.2641 13.93221 13.70205 13.43951 13.14736 12.93716 12.83965 12.74662 12.67464 12.63156 12.65933 12.81411 13.05649 13.39442 13.81581 14.25876 14.7304 15.16383 15.50264 15.66188 15.78468 15.84697 15.8861 15.91782 15.91422
30.49127 29.77949 29.27051 28.91979 28.64945 28.6888 28.92093 29.08645 29.03683 28.9069 29.01694 29.35494 29.78933 30.24767 30.78248 31.34274 31.86314 32.17685 32.34393 32.45316 32.82789 33.34393 33.60624 33.13542 31.7023 29.25518 26.40524 23.78238 21.30965 19.59933 18.12272 16.92064 16.10998 15.53624 15.05485 14.67653 14.35515 13.995 13.73142 13.53933 13.3206 13.08091 12.88771 12.78361 12.69905 12.62772 12.59503 12.63309 12.77263 12.99719 13.32056 13.69942 14.11987 14.59055 15.04859 15.42753 15.60107 15.76966 15.91674 16.04401 16.12627 16.15148
30.25654 29.56154 29.05228 28.62181 28.29964 28.41232 28.73362 29.00536 29.04967 29.01173 29.38022 30.06747 30.8274 31.49131 32.1666 32.62345 32.77562 32.96571 33.18715 33.36843 33.737 34.00092 33.87797 32.79237 30.91354 28.12413 24.8739 21.96815 19.53588 17.88062 16.59796 15.66798 15.16165 14.83717 14.56606 14.34184 14.06065 13.75208 13.53988 13.38522 13.22206 13.05149 12.90035 12.79387 12.70697 12.63243 12.59834 12.63213 12.74846 12.95498 13.25836 13.59779 14.0024 14.47466 14.93467 15.32369 15.47483 15.65331 15.89412 16.11083 16.2505 16.35504
30.56346 29.90174 29.41969 29.00801 28.77192 28.99565 29.43122 29.87095 30.18748 30.44727 31.00298 31.7816 32.63182 33.44565 34.38941 35.05924 35.20535 35.07375 34.93737 35.07 35.33223 35.43048 34.76989 32.85606 30.37267 27.24433 23.67777 20.72907 18.4788 16.93134 15.86057 15.15235 14.72405 14.44451 14.26254 14.08098 13.80888 13.53594 13.36243 13.24966 13.15404 13.052 12.94848 12.86264 12.77725 12.69538 12.65262 12.6773 12.76393 12.94 13.21277 13.54377 13.93956 14.37203 14.8224 15.22027 15.4054 15.57569 15.7898 16.00491 16.15629 16.33288
31.53585 30.93701 30.4795 30.18152 30.18425 30.53539 31.06719 31.67579 32.28466 32.98898 33.81015 34.72345 35.66248 36.60321 37.74193 38.62304 39.10569 38.73598 38.03171 37.85023 37.78096 37.25375 36.03691 33.28096 29.80454 26.32441 22.77497 19.9441 17.84857 16.45202 15.52259 14.89869 14.47113 14.21156 14.05287 13.87104 13.60423 13.35318 13.20446 13.14413 13.12747 13.08097 13.01673 12.95487 12.88599 12.80839 12.75912 12.76803 12.82544 12.95884 13.19976 13.49967 13.8493 14.23443 14.66731 15.05728 15.27153 15.43586 15.64994 15.90405 16.0307 16.15114
33.21405 32.70342 32.27711 32.13166 32.49062 33.12978 33.85275 34.66612 35.60602 36.66607 37.82807 39.04435 40.33266 41.52354 42.5955 43.51705 44.17797 43.51724 42.8275 42.13356 41.44454 40.02686 37.93098 33.93517 29.53567 25.58615 22.14321 19.41224 17.42257 16.16895 15.32405 14.72107 14.2761 14.03794 13.88941 13.69794 13.434 13.19596 13.07052 13.06503 13.12452 13.13737 13.11608 13.09037 13.05772 12.9882 12.91971 12.89904 12.91768 13.00727 13.20209 13.45227 13.7571 14.10846 14.52081 14.88693 15.11263 15.25991 15.44382 15.7089 15.88203 16.02228
35.74679 35.39128 34.96351 35.01514 35.82202 36.86485 37.96369 39.03829 40.27077 41.612 43.1333 44.84312 46.74886 48.46283 49.54763 50.25435 50.75909 50.40644 49.43567 48.4959 46.97249 44.27954 40.24104 34.91571 29.31221 24.79992 21.3386 18.75955 17.00209 15.91467 15.14699 14.5565 14.09561 13.869 13.7257 13.53644 13.28408 13.05934 12.96089 12.99497 13.15734 13.25262 13.25203 13.25095 13.24507 13.19253 13.1129 13.05902 13.04209 13.0944 13.23378 13.42801 13.69783 14.04289 14.43505 14.76276 14.96322 15.09479 15.24273 15.49367 15.68274 15.83627
39.44798 39.28295 39.07024 39.36989 40.51669 41.94843 43.37051 44.68922 46.20037 47.89455 49.75364 51.9348 54.39929 56.70057 58.04137 58.41948 58.64806 58.19756 56.7534 55.13866 52.41386 45.93256 40.31364 33.51962 27.32426 23.06542 20.06928 17.90738 16.5405 15.6645 14.97942 14.4344 13.99185 13.75656 13.60568 13.41876 13.19361 12.99268 12.90325 12.98878 13.18612 13.32556 13.37414 13.42906 13.46568 13.42926 13.33993 13.2628 13.21767 13.22077 13.29907 13.45188 13.70619 14.06588 14.44625 14.72536 14.87834 14.98293 15.10478 15.30305 15.45571 15.59798
44.63493 44.62398 44.78645 45.60183 46.73485 48.2501 49.97325 51.67891 53.54613 55.53154 57.80264 60.47233 63.24882 65.63466 66.64408 66.84127 66.71301 64.93785 61.63875 58.1573 50.52685 41.60094 34.58372 28.32583 23.62941 20.5948 18.5682 17.08886 16.1089 15.4271 14.82681 14.35691 13.96892 13.72218 13.53868 13.33286 13.13247 12.97367 12.90888 13.01125 13.22956 13.42925 13.55595 13.65788 13.73838 13.70283 13.59769 13.48945 13.41545 13.38488 13.41661 13.54025 13.79444 14.1645 14.53192 14.77155 14.88482 14.96684 15.05405 15.15732 15.24273 15.34658
51.38033 51.60139 51.5224 52.04169 53.43834 55.39454 57.65593 59.80622 62.09692 64.32486 66.80373 69.57716 72.34385 74.5527 74.85049 73.9568 72.22789 67.52504 60.99483 51.94981 41.72692 33.53095 27.35879 23.05484 20.30869 18.5166 17.30489 16.40136 15.75945 15.20835 14.6798 14.27662 13.95029 13.72175 13.52388 13.30162 13.12617 12.99694 12.96203 13.08837 13.34966 13.58473 13.78267 13.93491 14.05712 14.03771 13.91866 13.76502 13.65596 13.59621 13.59856 13.68181 13.9361 14.31974 14.67477 14.89441 14.98762 15.03756 15.06672 15.07089 15.08386 15.13514
59.14988 58.54134 58.10386 58.58715 60.13026 62.57399 65.61782 68.28262 70.61707 73.13479 75.75191 78.10425 80.35423 81.28478 79.2856 75.51533 69.37848 60.95512 50.85884 40.94403 32.65415 26.41878 22.40719 19.95147 18.37342 17.34615 16.56211 15.9433 15.49581 15.03388 14.57108 14.21327 13.943 13.76013 13.57528 13.36243 13.20642 13.08664 13.06635 13.20997 13.48877 13.78577 14.04855 14.27298 14.45703 14.45923 14.31787 14.12627 13.97882 13.88149 13.84518 13.89837 14.16002 14.54657 14.90173 15.12255 15.19135 15.19695 15.15943 15.08164 15.00989 14.99474
66.92175 66.24982 65.51354 65.63107 66.94206 69.25068 72.05225 74.731 77.16424 79.81453 82.33122 83.86718 84.28652 82.01499 76.14061 67.58675 58.23427 48.16925 39.18278 31.90517 26.30441 22.36964 19.83315 18.29623 17.30519 16.60939 16.03237 15.60527 15.2799 14.91534 14.55552 14.25704 14.01713 13.85836 13.68617 13.50002 13.33711 13.21235 13.19517 13.36016 13.67215 13.99178 14.32058 14.66532 14.96957 15.02183 14.86479 14.61847 14.40444 14.24796 14.16914 14.20158 14.4386 14.83751 15.19068 15.41278 15.45758 15.42076 15.32417 15.18412 15.04276 14.95497
77.00925 75.94238 74.79311 74.32968 75.1176 76.8532 79.1546 81.57088 83.94395 86.0118 86.90549 85.7376 81.67197 73.7652 63.54974 54.31816 45.1315 36.94954 30.58142 25.84 22.41075 19.95872 18.32852 17.28473 16.57919 15.98201 15.54907 15.2993 15.06926 14.81867 14.58559 14.37917 14.18544 14.05548 13.90024 13.73681 13.56937 13.4216 13.39145 13.53473 13.84879 14.21073 14.63589 15.13079 15.59289 15.77044 15.62035 15.29367 14.99044 14.75544 14.62205 14.59764 14.77242 15.17059 15.51765 15.73003 15.75407 15.68622 15.5453 15.35093 15.15196 14.99809
84.98753 87.46151 87.49514 86.51225 86.91733 88.37144 90.37067 91.95868 92.05177 90.3041 85.27176 76.82339 67.58526 57.97819 49.21689 41.32452 34.84377 29.3795 25.14069 22.15517 19.99212 18.38701 17.24807 16.56889 16.03639 15.4921 15.15521 14.99112 14.83638 14.71597 14.63704 14.55268 14.45776 14.37656 14.24713 14.10562 13.9218 13.7236 13.63369 13.71898 14.01692 14.44034 14.96214 15.59924 16.27702 16.66055 16.58986 16.22942 15.8628 15.50736 15.24315 15.09612 15.21294 15.58117 15.91822 16.10306 16.0887 15.99017 15.79838 15.54459 15.29226 15.08598
80.15467 84.64307 88.95055 90.73545 91.68171 92.08547 92.07925 87.9974 81.38382 74.13578 66.49828 58.65074 51.19535 43.88262 37.481 32.21666 28.10637 24.69903 22.0458 20.07973 18.56056 17.43611 16.59727 16.09882 15.65931 15.19285 14.90139 14.76752 14.64991 14.62787 14.68116 14.71992 14.74252 14.74495 14.6909 14.58827 14.37207 14.10544 13.92651 13.93558 14.14573 14.5501 15.12975 15.89003 16.763 17.47326 17.64995 17.38085 17.01811 16.53624 16.11067 15.79798 15.85203 16.15969 16.47831 16.63656 16.57984 16.41188 16.13115 15.78354 15.46991 15.21712
71.17542 73.13329 74.87202 76.94073 76.99571 76.31562 73.96365 68.84505 62.66099 56.58377 50.63273 44.84349 39.41687 34.70735 30.74184 27.35929 24.57308 22.27586 20.51724 19.12664 17.99965 17.08671 16.37961 15.91242 15.50408 15.08705 14.78617 14.62603 14.51053 14.55182 14.72128 14.90142 15.06519 15.19952 15.2388 15.15866 14.89404 14.54107 14.26356 14.14817 14.20973 14.52639 15.09402 15.89259 16.8532 17.80618 18.36208 18.41869 18.21091 17.78524 17.28952 16.83118 16.71516 16.93109 17.18756 17.32783 17.2424 16.97827 16.57413 16.10293 15.70994 15.4118
1.70141E+38 1.70141E+38 1.70141E+38 1.70141E+38 1.70141E+38 1.70141E+38 1.70141E+38 1.70141E+38 1.70141E+38 1.70141E+38 1.70141E+38 1.70141E+38 1.70141E+38 1.70141E+38 1.70141E+38 1.70141E+38 1.70141E+38 1.70141E+38 1.70141E+38 1.70141E+38 1.70141E+38 1.70141E+38 1.70141E+38 1.70141E+38 1.70141E+38 1.70141E+38 1.70141E+38 1.70141E+38 1.70141E+38 1.70141E+38 1.70141E+38 1.70141E+38 1.70141E+38 1.70141E+38 1.70141E+38 1.70141E+38 1.70141E+38 1.70141E+38 1.70141E+38 1.70141E+38 1.70141E+38 1.70141E+38 1.70141E+38 1.70141E+38 1.70141E+38 1.70141E+38 1.70141E+38 1.70141E+38 1.70141E+38 1.70141E+38 1.70141E+38 1.70141E+38 1.70141E+38 1.70141E+38 1.70141E+38 1.70141E+38 1.70141E+38 1.70141E+38 1.70141E+38 1.70141E+38 1.70141E+38 1.70141E+38
1.70141E+38 1.70141E+38 1.70141E+38 1.70141E+38 1.70141E+38 1.70141E+38 1.70141E+38 1.70141E+38 1.70141E+38 1.70141E+38 1.70141E+38 1.70141E+38 1.70141E+38 1.70141E+38 1.70141E+38 1.70141E+38 1.70141E+38 1.70141E+38 1.70141E+38 1.70141E+38 1.70141E+38 1.70141E+38 1.70141E+38 1.70141E+38 1.70141E+38 1.70141E+38 1.70141E+38 1.70141E+38 1.70141E+38 1.70141E+38 1.70141E+38 1.70141E+38 1.70141E+38 1.70141E+38 1.70141E+38 1.70141E+38 1.70141E+38 1.70141E+38 1.70141E+38 1.70141E+38 1.70141E+38 1.70141E+38 1.70141E+38 1.70141E+38 1.70141E+38 1.70141E+38 1.70141E+38 1.70141E+38 1.70141E+38 1.70141E+38 1.70141E+38 1.70141E+38 1.70141E+38 1.70141E+38 1.70141E+38 1.70141E+38 1.70141E+38 1.70141E+38 1.70141E+38 1.70141E+38 1.70141E+38 1.70141E+38
1.70141E+38 1.70141E+38 1.70141E+38 1.70141E+38 1.70141E+38 1.70141E+38 1.70141E+38 1.70141E+38 1.70141E+38 1.70141E+38 1.70141E+38 1.70141E+38 1.70141E+38 1.70141E+38 1.70141E+38 1.70141E+38 1.70141E+38 1.70141E+38 1.70141E+38 1.70141E+38 1.70141E+38 1.70141E+38 1.70141E+38 1.70141E+38 1.70141E+38 1.70141E+38 1.70141E+38 1.70141E+38 1.70141E+38 1.70141E+38 1.70141E+38 1.70141E+38 1.70141E+38 1.70141E+38 1.70141E+38 1.70141E+38 1.70141E+38 1.70141E+38 1.70141E+38 1.70141E+38 1.70141E+38 1.70141E+38 1.70141E+38 1.70141E+38 1.70141E+38 1.70141E+38 1.70141E+38 1.70141E+38 1.70141E+38 1.70141E+38 1.70141E+38 1.70141E+38 1.70141E+38 1.70141E+38 1.70141E+38 1.70141E+38 1.70141E+38 1.70141E+38 1.70141E+38 1.70141E+38 1.70141E+38 1.70141E+38
1.70141E+38 1.70141E+38 1.70141E+38 1.70141E+38 1.70141E+38 1.70141E+38 1.70141E+38 1.70141E+38 1.70141E+38 1.70141E+38 1.70141E+38 1.70141E+38 1.70141E+38 1.70141E+38 1.70141E+38 1.70141E+38 1.70141E+38 1.70141E+38 1.70141E+38 1.70141E+38 1.70141E+38 1.70141E+38 1.70141E+38 1.70141E+38 1.70141E+38 1.70141E+38 1.70141E+38 1.70141E+38 1.70141E+38 1.70141E+38 1.70141E+38 1.70141E+38 1.70141E+38 1.70141E+38 1.70141E+38 1.70141E+38 1.70141E+38 1.70141E+38 1.70141E+38 1.70141E+38 1.70141E+38 1.70141E+38 1.70141E+38 1.70141E+38 1.70141E+38 1.70141E+38 1.70141E+38 1.70141E+38 1.70141E+38 1.70141E+38 1.70141E+38 1.70141E+38 1.70141E+38 1.70141E+38 1.70141E+38 1.70141E+38 1.70141E+38 1.70141E+38 1.70141E+38 1.70141E+38 1.70141E+38 1.70141E+38
1.70141E+38 1.70141E+38 1.70141E+38 1.70141E+38 1.70141E+38 1.70141E+38 1.70141E+38 1.70141E+38 1.70141E+38 1.70141E+38 1.70141E+38 1.70141E+38 1.70141E+38 1.70141E+38 1.70141E+38 1.70141E+38 1.70141E+38 1.70141E+38 1.70141E+38 1.70141E+38 1.70141E+38 1.70141E+38 1.70141E+38 1.70141E+38 1.70141E+38 1.70141E+38 1.70141E+38 1.70141E+38 1.70141E+38 1.70141E+38 1.70141E+38 1.70141E+38 1.70141E+38 1.70141E+38 1.70141E+38 1.70141E+38 1.70141E+38 1.70141E+38 1.70141E+38 1.70141E+38 1.70141E+38 1.70141E+38 1.70141E+38 1.70141E+38 1.70141E+38 1.70141E+38 1.70141E+38 1.70141E+38 1.70141E+38 1.70141E+38 1.70141E+38 1.70141E+38 1.70141E+38 1.70141E+38 1.70141E+38 1.70141E+38 1.70141E+38 1.70141E+38 1.70141E+38 1.70141E+38 1.70141E+38 1.70141E+38
1.70141E+38 1.70141E+38 1.70141E+38 1.70141E+38 1.70141E+38 1.70141E+38 1.70141E+38 1.70141E+38 1.70141E+38 1.70141E+38 1.70141E+38 1.70141E+38 1.70141E+38 1.70141E+38 1.70141E+38 1.70141E+38 1.70141E+38 1.70141E+38 1.70141E+38 1.70141E+38 1.70141E+38 1.70141E+38 1.70141E+38 1.70141E+38 1.70141E+38 1.70141E+38 1.70141E+38 1.70141E+38 1.70141E+38 1.70141E+38 1.70141E+38 1.70141E+38 1.70141E+38 1.70141E+38 1.70141E+38 1.70141E+38 1.70141E+38 1.70141E+38 1.70141E+38 1.70141E+38 1.70141E+38 1.70141E+38 1.70141E+38 1.70141E+38 1.70141E+38 1.70141E+38 1.70141E+38 1.70141E+38 1.70141E+38 1.70141E+38 1.70141E+38 1.70141E+38 1.70141E+38 1.70141E+38 1.70141E+38 1.70141E+38 1.70141E+38 1.70141E+38 1.70141E+38 1.70141E+38 1.70141E+38 1.70141E+38
1.70141E+38 1.70141E+38 1.70141E+38 1.70141E+38 1.70141E+38 1.70141E+38 1.70141E+38 1.70141E+38 1.70141E+38 1.70141E+38 1.70141E+38 1.70141E+38 1.70141E+38 1.70141E+38 1.70141E+38 1.70141E+38 1.70141E+38 1.70141E+38 1.70141E+38 1.70141E+38 1.70141E+38 1.70141E+38 1.70141E+38 1.70141E+38 1.70141E+38 1.70141E+38 1.70141E+38 1.70141E+38 1.70141E+38 1.70141E+38 1.70141E+38 1.70141E+38 1.70141E+38 1.70141E+38 1.70141E+38 1.70141E+38 1.70141E+38 1.70141E+38 1.70141E+38 1.70141E+38 1.70141E+38 1.70141E+38 1.70141E+38 1.70141E+38 1.70141E+38 1.70141E+38 1.70141E+38 1.70141E+38 1.70141E+38 1.70141E+38 1.70141E+38 1.70141E+38 1.70141E+38 1.70141E+38 1.70141E+38 1.70141E+38 1.70141E+38 1.70141E+38 1.70141E+38 1.70141E+38 1.70141E+38 1.70141E+38
1.70141E+38 1.70141E+38 1.70141E+38 1.70141E+38 1.70141E+38 1.70141E+38 1.70141E+38 1.70141E+38 1.70141E+38 1.70141E+38 1.70141E+38 1.70141E+38 1.70141E+38 1.70141E+38 1.70141E+38 1.70141E+38 1.70141E+38 1.70141E+38 1.70141E+38 1.70141E+38 1.70141E+38 1.70141E+38 1.70141E+38 1.70141E+38 1.70141E+38 1.70141E+38 1.70141E+38 1.70141E+38 1.70141E+38 1.70141E+38 1.70141E+38 1.70141E+38 1.70141E+38 1.70141E+38 1.70141E+38 1.70141E+38 1.70141E+38 1.70141E+38 1.70141E+38 1.70141E+38 1.70141E+38 1.70141E+38 1.70141E+38 1.70141E+38 1.70141E+38 1.70141E+38 1.70141E+38 1.70141E+38 1.70141E+38 1.70141E+38 1.70141E+38 1.70141E+38 1.70141E+38 1.70141E+38 1.70141E+38 1.70141E+38 1.70141E+38 1.70141E+38 1.70141E+38 1.70141E+38 1.70141E+38 1.70141E+38
