py_wake/examples/data/AJ_ParqueFicticio/Ridge area   Sector 3   Height 30m   Orographic turn.grd
DSAA
90  129
 262878   265103
 6504214   6507414
-11.44209   89.19561
[rows 81 to 107 of 129, columns 0 to 60 of 90]
2.78699 3.111885 3.177933 3.092692 2.856313 2.471158 2.042441 1.651398 1.345444 1.154883 .9556949 .6929171 .4248489 .03402919 -.3549711 -.6662964 -.8291836 -.877534 -.8039994 -.8699389 -.8823577 -.8097631 -.5773435 -.195654 .3424229 1.004062 1.790661 2.662327 3.488093 4.130168 4.41395 4.154949 3.327052 2.386533 1.800935 1.679587 1.849009 2.142366 2.371206 2.555097 2.777526 3.044894 3.241074 3.594096 4.027846 4.502218 5.00396 5.443244 5.634257 5.946358 5.944317 5.868702 5.769514 5.687998 5.657393 5.665168 5.722102 5.766407 5.78053 5.771766 5.677248
-.1066442 .02001664 -9.940524E-05 -.1616348 -.3939268 -.6551828 -.9182181 -1.100957 -1.120618 -1.052744 -1.006966 -.9650185 -.9237251 -1.020157 -1.205951 -1.360409 -1.446549 -1.457198 -1.348991 -1.33235 -1.31581 -1.223122 -1.017486 -.6675017 -.1729562 .4154524 1.089464 1.817772 2.443159 2.880379 3.01951 2.792611 2.227458 1.618288 1.276417 1.216525 1.330278 1.539053 1.690771 1.860076 2.136079 2.537742 2.889477 3.297593 3.784515 4.366798 4.962221 5.490511 5.917878 6.240651 6.343417 6.332822 6.230815 6.114279 6.01052 5.965393 6.013536 6.06446 6.075741 6.054129 5.960878
-2.558384 -2.419071 -2.37989 -2.436671 -2.548064 -2.658386 -2.73208 -2.774996 -2.673407 -2.433398 -2.183134 -1.949175 -1.670842 -1.522202 -1.577522 -1.633832 -1.685441 -1.679967 -1.587686 -1.508717 -1.553756 -1.503946 -1.372723 -1.108722 -.7014526 -.2081226 .3314149 .912546 1.393464 1.726347 1.875236 1.760915 1.443445 1.1239 .9421815 .8837647 .9369275 1.0472 1.147023 1.266185 1.570202 2.071932 2.550314 2.96344 3.536009 4.190765 4.85697 5.484272 6.173883 6.486894 6.726477 6.822086 6.743398 6.60161 6.427338 6.323133 6.348745 6.360415 6.318193 6.255598 6.153471
-4.45398 -4.211408 -4.035661 -3.944613 -3.937412 -3.933629 -3.930745 -3.90388 -3.687837 -3.286634 -2.89591 -2.51612 -2.088095 -1.755871 -1.669285 -1.644697 -1.659973 -1.654286 -1.617506 -1.560212 -1.685632 -1.716959 -1.681894 -1.518981 -1.211551 -.7844831 -.3265907 .168727 .61057 .9323557 1.127209 1.109063 .9751446 .814215 .6988346 .6226018 .6185108 .6821625 .744047 .8160285 1.095329 1.623353 2.190406 2.63634 3.277515 3.987767 4.738702 5.521792 6.3656 6.732225 7.07012 7.240571 7.179115 7.011292 6.784775 6.626741 6.627024 6.590643 6.494527 6.399341 6.279983
-5.842371 -5.491944 -5.224493 -5.023142 -4.861841 -4.823851 -4.831222 -4.732185 -4.391298 -3.885971 -3.41145 -2.945184 -2.456909 -1.984607 -1.701741 -1.527892 -1.479211 -1.48729 -1.539617 -1.605625 -1.842982 -2.026868 -2.142687 -2.107491 -1.884299 -1.472596 -1.003514 -.5079172 -.03822458 .3180391 .5709934 .6645331 .6610858 .551748 .4393561 .3567956 .3386282 .412796 .4607651 .504261 .7382777 1.220382 1.814065 2.331034 3.01012 3.791414 4.662345 5.595464 6.461424 6.928574 7.338022 7.561676 7.552824 7.403971 7.168452 6.969442 6.938937 6.8678 6.719087 6.595989 6.468951
-6.72238 -6.313991 -5.994709 -5.696339 -5.400103 -5.314209 -5.294582 -5.173971 -4.808499 -4.248594 -3.78571 -3.357459 -2.862997 -2.303049 -1.875739 -1.557717 -1.427324 -1.429212 -1.562185 -1.780833 -2.198563 -2.609498 -2.941913 -3.050131 -2.877156 -2.423787 -1.845428 -1.250426 -.6985428 -.276206 .0553859 .2616669 .3244328 .2359878 .1475413 .0845691 .1472896 .2569723 .320362 .3577774 .5720231 1.002887 1.574058 2.166293 2.890909 3.754897 4.720495 5.67403 6.523246 7.081612 7.554276 7.818732 7.906297 7.824613 7.618638 7.405246 7.342066 7.299774 7.149685 7.008371 6.89011
-7.095061 -6.638631 -6.271215 -5.911016 -5.581652 -5.500886 -5.50712 -5.425635 -5.152692 -4.709806 -4.315598 -3.915925 -3.457089 -2.903894 -2.396769 -1.933701 -1.670174 -1.640003 -1.838106 -2.187475 -2.784463 -3.417124 -3.976036 -4.198887 -4.013221 -3.462653 -2.694366 -1.954843 -1.309001 -.8023537 -.4182267 -.1608847 -.06380444 -.1106357 -.1630661 -.1669012 -.004796859 .1881825 .2952908 .3522051 .5419549 .9314442 1.492514 2.131685 2.908658 3.801566 4.759259 5.673697 6.515742 7.200441 7.738708 8.061906 8.243587 8.221245 8.050387 7.841028 7.761753 7.771834 7.651881 7.468969 7.339036
-7.166765 -6.704847 -6.29295 -5.940794 -5.715135 -5.66717 -5.691556 -5.689005 -5.54195 -5.324594 -5.075814 -4.796709 -4.46138 -4.030094 -3.577734 -3.060565 -2.660928 -2.52727 -2.702548 -3.105726 -3.783751 -4.51019 -5.112734 -5.24086 -4.854772 -4.138362 -3.244641 -2.438236 -1.765562 -1.236694 -.8357409 -.541766 -.386809 -.3847348 -.3961509 -.3250388 -.07149138 .2234464 .399628 .4776973 .6055245 .9444206 1.455613 2.068625 2.817981 3.714961 4.685723 5.634324 6.5364 7.342346 7.937191 8.315237 8.520648 8.509511 8.372303 8.181208 8.118269 8.156532 8.101487 7.889757 7.731423
-7.025442 -6.593319 -6.144782 -5.805593 -5.708177 -5.779294 -5.877677 -5.992661 -6.034955 -6.095121 -6.128582 -6.127268 -6.120972 -6.02523 -5.853098 -5.531855 -5.166918 -4.843622 -4.78675 -4.975883 -5.466293 -5.865324 -6.082781 -5.813737 -5.093506 -4.236797 -3.363483 -2.597135 -1.978837 -1.519593 -1.162515 -.861735 -.6467518 -.608652 -.5891632 -.4442987 -.1002256 .3252019 .60412 .7287415 .8089952 1.100667 1.600351 2.213577 2.920821 3.783918 4.745049 5.701524 6.59435 7.437944 8.06407 8.459663 8.64837 8.628906 8.538476 8.388878 8.376225 8.426867 8.458058 8.277942 8.136401
-6.65876 -6.31884 -5.83388 -5.526646 -5.575846 -5.786076 -6.029223 -6.281973 -6.56518 -6.895596 -7.289281 -7.760667 -8.360302 -8.913569 -9.228681 -9.191225 -8.975356 -8.640724 -8.165045 -7.869062 -7.702134 -7.111469 -6.461171 -5.606724 -4.658173 -3.837116 -3.090931 -2.448645 -1.963957 -1.624622 -1.349084 -1.062918 -.7688845 -.6716609 -.6118866 -.411378 -.002340524 .5396863 .9306073 1.17321 1.265441 1.503595 1.997975 2.559248 3.203128 3.958302 4.847887 5.74165 6.602322 7.429139 8.048095 8.456823 8.644514 8.66309 8.631723 8.550136 8.576184 8.65183 8.762897 8.716303 8.647573
-6.078115 -5.809479 -5.432919 -5.209939 -5.379804 -5.743365 -6.15211 -6.545721 -7.034708 -7.595831 -8.219864 -8.99076 -9.989266 -10.95525 -11.44209 -11.09959 -10.63629 -10.11578 -9.12739 -8.22148 -7.25606 -5.730692 -4.761759 -4.007283 -3.479173 -3.042367 -2.580561 -2.129244 -1.802565 -1.557033 -1.324927 -1.059651 -.7247 -.5390863 -.3978843 -.1149459 .3667625 .9882974 1.52918 1.890407 2.028273 2.189055 2.581048 3.025143 3.5614 4.184816 4.973274 5.803837 6.617975 7.370505 7.946316 8.395389 8.658468 8.777154 8.793947 8.754646 8.793906 8.896647 9.085917 9.226246 9.238726
-5.306794 -5.065732 -4.798488 -4.762774 -5.045071 -5.536156 -6.129329 -6.718191 -7.34971 -7.960181 -8.616607 -9.334682 -9.928291 -10.26784 -10.08249 -9.336591 -8.485745 -7.270576 -5.800219 -4.550213 -3.297193 -2.383786 -2.075608 -2.121645 -2.19607 -2.128604 -1.97367 -1.773919 -1.60856 -1.429737 -1.192178 -.9254591 -.5737385 -.2873387 -.02031014 .3938617 .993127 1.685826 2.355586 2.832815 2.94914 3.068732 3.325767 3.671606 4.042992 4.500006 5.145085 5.876986 6.60531 7.307016 7.913843 8.452197 8.832257 9.02084 9.037928 8.985905 9.040813 9.203006 9.469957 9.732039 9.804095
-4.467463 -4.248325 -4.091507 -4.182633 -4.591014 -5.223728 -5.962597 -6.633926 -7.289614 -7.776248 -8.17217 -8.437247 -8.421556 -8.115685 -7.326658 -6.294506 -5.161637 -3.771169 -2.419141 -1.286196 -.6297144 -.5579351 -.8005507 -1.080044 -1.252852 -1.318642 -1.373023 -1.406615 -1.407999 -1.287389 -1.037537 -.7595914 -.3989734 -.03741575 .3697332 .9415281 1.653935 2.425212 3.195735 3.756083 3.958515 4.091037 4.233473 4.456552 4.607622 4.886917 5.370254 5.99279 6.657326 7.329038 7.977041 8.540904 9.01615 9.223894 9.202254 9.129183 9.205827 9.408245 9.674146 9.961648 10.1131
-3.733212 -3.581348 -3.475374 -3.607602 -4.022589 -4.687037 -5.514221 -6.175539 -6.57365 -6.853834 -6.976221 -6.800367 -6.426875 -5.803565 -4.866991 -3.849263 -2.749629 -1.689904 -.8349482 -.2923925 -.1670188 -.2813628 -.4285897 -.5390146 -.6415449 -.7691986 -.9329216 -1.072682 -1.165399 -1.089316 -.8424324 -.5345783 -.1360149 .2984714 .8241128 1.54047 2.351544 3.215889 4.05782 4.672106 4.96273 5.093595 5.137092 5.187298 5.157964 5.262722 5.591903 6.124998 6.755623 7.408276 8.058191 8.641564 9.162683 9.316091 9.256003 9.155435 9.212263 9.405861 9.656678 9.940731 10.16665
-3.191957 -3.112166 -3.063855 -3.204936 -3.589106 -4.167803 -4.767018 -5.204231 -5.363149 -5.442604 -5.376749 -5.029218 -4.566216 -3.952334 -3.208441 -2.459577 -1.726484 -1.122084 -.6890388 -.4372838 -.3376265 -.2709584 -.2501157 -.2722372 -.3273222 -.4346222 -.5902324 -.7315024 -.8326982 -.7755642 -.5638995 -.259995 .157226 .6246008 1.217693 2.00351 2.893185 3.836924 4.739537 5.451163 5.798619 5.937771 5.927044 5.850355 5.679128 5.629713 5.837074 6.278754 6.841165 7.440279 8.077161 8.703406 9.215159 9.312065 9.206954 9.040484 9.029578 9.179026 9.42404 9.754869 10.09292
-2.875808 -2.846595 -2.853368 -2.983912 -3.305811 -3.715638 -4.087922 -4.310005 -4.296383 -4.236617 -4.041498 -3.713995 -3.294076 -2.80392 -2.318213 -1.878418 -1.46744 -1.107439 -.8315085 -.6061059 -.4333153 -.2665995 -.1999762 -.1950554 -.1964291 -.1869894 -.2556938 -.3601035 -.4132746 -.3640049 -.1931679 .077277 .5073512 .9811334 1.605454 2.411092 3.35025 4.372056 5.35321 6.158138 6.551668 6.703065 6.680111 6.521786 6.220564 5.998272 6.064021 6.384781 6.870047 7.442007 8.083563 8.688764 9.155821 9.201112 9.026189 8.793684 8.716928 8.837288 9.110085 9.525114 9.999237
-2.811679 -2.8126 -2.868505 -2.987279 -3.232659 -3.508615 -3.739848 -3.813596 -3.719417 -3.58064 -3.345354 -3.059324 -2.726693 -2.365038 -2.020017 -1.720811 -1.436042 -1.164338 -.9225209 -.7188497 -.5391114 -.3342011 -.1945503 -.1616908 -.08724902 .07531441 .124824 .09809741 .1278917 .1808644 .3175599 .5495781 .9446006 1.395304 2.015483 2.81417 3.775141 4.853994 5.901575 6.762586 7.289079 7.48887 7.490468 7.284731 6.873383 6.470312 6.353319 6.537028 6.928609 7.443972 8.025224 8.550172 8.989999 9.011081 8.773434 8.471881 8.329359 8.406453 8.68607 9.157282 9.718101
-3.065839 -3.070949 -3.135263 -3.237088 -3.40781 -3.601423 -3.764634 -3.752734 -3.637444 -3.469375 -3.24612 -2.964425 -2.663208 -2.351651 -2.036292 -1.750146 -1.496879 -1.247355 -1.027494 -.8290988 -.6021086 -.3519092 -.1253978 -.02669214 .1376866 .4269916 .619162 .6945634 .8047013 .8518742 .9236664 1.093588 1.406084 1.811121 2.396125 3.161442 4.121694 5.226143 6.327306 7.284452 7.951006 8.240821 8.27433 8.057993 7.586514 7.028457 6.719212 6.748632 6.992656 7.396399 7.890936 8.371054 8.788284 8.751727 8.480186 8.111758 7.911634 7.897106 8.107766 8.576472 9.182745
-3.582683 -3.567976 -3.600585 -3.681787 -3.778676 -3.907388 -4.019207 -3.964591 -3.825154 -3.643346 -3.42675 -3.155659 -2.846383 -2.532595 -2.231415 -1.952261 -1.689044 -1.425207 -1.193202 -.9494261 -.6530157 -.3124542 .02873435 .261041 .5335025 .9192145 1.257042 1.4548 1.635729 1.674843 1.653329 1.711678 1.904426 2.213408 2.705397 3.399937 4.331364 5.441151 6.581938 7.62565 8.401654 8.82548 8.9328 8.759551 8.288296 7.645834 7.124475 6.935123 7.005041 7.278764 7.680017 8.129099 8.518529 8.428541 8.123219 7.69876 7.421664 7.304977 7.428303 7.874158 8.532844
1.70141E+38 1.70141E+38 1.70141E+38 1.70141E+38 1.70141E+38 1.70141E+38 1.70141E+38 1.70141E+38 1.70141E+38 1.70141E+38 1.70141E+38 1.70141E+38 1.70141E+38 1.70141E+38 1.70141E+38 1.70141E+38 1.70141E+38 1.70141E+38 1.70141E+38 1.70141E+38 1.70141E+38 1.70141E+38 1.70141E+38 1.70141E+38 1.70141E+38 1.70141E+38 1.70141E+38 1.70141E+38 1.70141E+38 1.70141E+38 1.70141E+38 1.70141E+38 1.70141E+38 1.70141E+38 1.70141E+38 1.70141E+38 1.70141E+38 1.70141E+38 1.70141E+38 1.70141E+38 1.70141E+38 1.70141E+38 1.70141E+38 1.70141E+38 1.70141E+38 1.70141E+38 1.70141E+38 1.70141E+38 1.70141E+38 1.70141E+38 1.70141E+38 1.70141E+38 1.70141E+38 1.70141E+38 1.70141E+38 1.70141E+38 1.70141E+38 1.70141E+38 1.70141E+38 1.70141E+38 1.70141E+38
1.70141E+38 1.70141E+38 1.70141E+38 1.70141E+38 1.70141E+38 1.70141E+38 1.70141E+38 1.70141E+38 1.70141E+38 1.70141E+38 1.70141E+38 1.70141E+38 1.70141E+38 1.70141E+38 1.70141E+38 1.70141E+38 1.70141E+38 1.70141E+38 1.70141E+38 1.70141E+38 1.70141E+38 1.70141E+38 1.70141E+38 1.70141E+38 1.70141E+38 1.70141E+38 1.70141E+38 1.70141E+38 1.70141E+38 1.70141E+38 1.70141E+38 1.70141E+38 1.70141E+38 1.70141E+38 1.70141E+38 1.70141E+38 1.70141E+38 1.70141E+38 1.70141E+38 1.70141E+38 1.70141E+38 1.70141E+38 1.70141E+38 1.70141E+38 1.70141E+38 1.70141E+38 1.70141E+38 1.70141E+38 1.70141E+38 1.70141E+38 1.70141E+38 1.70141E+38 1.70141E+38 1.70141E+38 1.70141E+38 1.70141E+38 1.70141E+38 1.70141E+38 1.70141E+38 1.70141E+38 1.70141E+38
1.70141E+38 1.70141E+38 1.70141E+38 1.70141E+38 1.70141E+38 1.70141E+38 1.70141E+38 1.70141E+38 1.70141E+38 1.70141E+38 1.70141E+38 1.70141E+38 1.70141E+38 1.70141E+38 1.70141E+38 1.70141E+38 1.70141E+38 1.70141E+38 1.70141E+38 1.70141E+38 1.70141E+38 1.70141E+38 1.70141E+38 1.70141E+38 1.70141E+38 1.70141E+38 1.70141E+38 1.70141E+38 1.70141E+38 1.70141E+38 1.70141E+38 1.70141E+38 1.70141E+38 1.70141E+38 1.70141E+38 1.70141E+38 1.70141E+38 1.70141E+38 1.70141E+38 1.70141E+38 1.70141E+38 1.70141E+38 1.70141E+38 1.70141E+38 1.70141E+38 1.70141E+38 1.70141E+38 1.70141E+38 1.70141E+38 1.70141E+38 1.70141E+38 1.70141E+38 1.70141E+38 1.70141E+38 1.70141E+38 1.70141E+38 1.70141E+38 1.70141E+38 1.70141E+38 1.70141E+38 1.70141E+38
1.70141E+38 1.70141E+38 1.70141E+38 1.70141E+38 1.70141E+38 1.70141E+38 1.70141E+38 1.70141E+38 1.70141E+38 1.70141E+38 1.70141E+38 1.70141E+38 1.70141E+38 1.70141E+38 1.70141E+38 1.70141E+38 1.70141E+38 1.70141E+38 1.70141E+38 1.70141E+38 1.70141E+38 1.70141E+38 1.70141E+38 1.70141E+38 1.70141E+38 1.70141E+38 1.70141E+38 1.70141E+38 1.70141E+38 1.70141E+38 1.70141E+38 1.70141E+38 1.70141E+38 1.70141E+38 1.70141E+38 1.70141E+38 1.70141E+38 1.70141E+38 1.70141E+38 1.70141E+38 1.70141E+38 1.70141E+38 1.70141E+38 1.70141E+38 1.70141E+38 1.70141E+38 1.70141E+38 1.70141E+38 1.70141E+38 1.70141E+38 1.70141E+38 1.70141E+38 1.70141E+38 1.70141E+38 1.70141E+38 1.70141E+38 1.70141E+38 1.70141E+38 1.70141E+38 1.70141E+38 1.70141E+38
1.70141E+38 1.70141E+38 1.70141E+38 1.70141E+38 1.70141E+38 1.70141E+38 1.70141E+38 1.70141E+38 1.70141E+38 1.70141E+38 1.70141E+38 1.70141E+38 1.70141E+38 1.70141E+38 1.70141E+38 1.70141E+38 1.70141E+38 1.70141E+38 1.70141E+38 1.70141E+38 1.70141E+38 1.70141E+38 1.70141E+38 1.70141E+38 1.70141E+38 1.70141E+38 1.70141E+38 1.70141E+38 1.70141E+38 1.70141E+38 1.70141E+38 1.70141E+38 1.70141E+38 1.70141E+38 1.70141E+38 1.70141E+38 1.70141E+38 1.70141E+38 1.70141E+38 1.70141E+38 1.70141E+38 1.70141E+38 1.70141E+38 1.70141E+38 1.70141E+38 1.70141E+38 1.70141E+38 1.70141E+38 1.70141E+38 1.70141E+38 1.70141E+38 1.70141E+38 1.70141E+38 1.70141E+38 1.70141E+38 1.70141E+38 1.70141E+38 1.70141E+38 1.70141E+38 1.70141E+38 1.70141E+38
1.70141E+38 1.70141E+38 1.70141E+38 1.70141E+38 1.70141E+38 1.70141E+38 1.70141E+38 1.70141E+38 1.70141E+38 1.70141E+38 1.70141E+38 1.70141E+38 1.70141E+38 1.70141E+38 1.70141E+38 1.70141E+38 1.70141E+38 1.70141E+38 1.70141E+38 1.70141E+38 1.70141E+38 1.70141E+38 1.70141E+38 1.70141E+38 1.70141E+38 1.70141E+38 1.70141E+38 1.70141E+38 1.70141E+38 1.70141E+38 1.70141E+38 1.70141E+38 1.70141E+38 1.70141E+38 1.70141E+38 1.70141E+38 1.70141E+38 1.70141E+38 1.70141E+38 1.70141E+38 1.70141E+38 1.70141E+38 1.70141E+38 1.70141E+38 1.70141E+38 1.70141E+38 1.70141E+38 1.70141E+38 1.70141E+38 1.70141E+38 1.70141E+38 1.70141E+38 1.70141E+38 1.70141E+38 1.70141E+38 1.70141E+38 1.70141E+38 1.70141E+38 1.70141E+38 1.70141E+38 1.70141E+38
1.70141E+38 1.70141E+38 1.70141E+38 1.70141E+38 1.70141E+38 1.70141E+38 1.70141E+38 1.70141E+38 1.70141E+38 1.70141E+38 1.70141E+38 1.70141E+38 1.70141E+38 1.70141E+38 1.70141E+38 1.70141E+38 1.70141E+38 1.70141E+38 1.70141E+38 1.70141E+38 1.70141E+38 1.70141E+38 1.70141E+38 1.70141E+38 1.70141E+38 1.70141E+38 1.70141E+38 1.70141E+38 1.70141E+38 1.70141E+38 1.70141E+38 1.70141E+38 1.70141E+38 1.70141E+38 1.70141E+38 1.70141E+38 1.70141E+38 1.70141E+38 1.70141E+38 1.70141E+38 1.70141E+38 1.70141E+38 1.70141E+38 1.70141E+38 1.70141E+38 1.70141E+38 1.70141E+38 1.70141E+38 1.70141E+38 1.70141E+38 1.70141E+38 1.70141E+38 1.70141E+38 1.70141E+38 1.70141E+38 1.70141E+38 1.70141E+38 1.70141E+38 1.70141E+38 1.70141E+38 1.70141E+38
1.70141E+38 1.70141E+38 1.70141E+38 1.70141E+38 1.70141E+38 1.70141E+38 1.70141E+38 1.70141E+38 1.70141E+38 1.70141E+38 1.70141E+38 1.70141E+38 1.70141E+38 1.70141E+38 1.70141E+38 1.70141E+38 1.70141E+38 1.70141E+38 1.70141E+38 1.70141E+38 1.70141E+38 1.70141E+38 1.70141E+38 1.70141E+38 1.70141E+38 1.70141E+38 1.70141E+38 1.70141E+38 1.70141E+38 1.70141E+38 1.70141E+38 1.70141E+38 1.70141E+38 1.70141E+38 1.70141E+38 1.70141E+38 1.70141E+38 1.70141E+38 1.70141E+38 1.70141E+38 1.70141E+38 1.70141E+38 1.70141E+38 1.70141E+38 1.70141E+38 1.70141E+38 1.70141E+38 1.70141E+38 1.70141E+38 1.70141E+38 1.70141E+38 1.70141E+38 1.70141E+38 1.70141E+38 1.70141E+38 1.70141E+38 1.70141E+38 1.70141E+38 1.70141E+38 1.70141E+38 1.70141E+38
