py_wake/examples/data/AJ_ParqueFicticio/Ridge area   Sector All   Height 200m   Weibull-A.grd
DSAA
90  129
 262878   265103
 6504214   6507414
 2.286018   9.440154
[rows 27 to 53 of 129, columns 0 to 61 of 90]
5.158156 5.192131 5.25203 5.31198 5.366136 5.416886 5.458286 5.485193 5.50181 5.500994 5.475748 5.434471 5.393076 5.361407 5.354859 5.369247 5.399879 5.438427 5.47176 5.505139 5.588217 5.688115 5.791271 5.907619 6.021251 6.154053 6.3085 6.495387 6.711604 6.910605 7.106527 7.293612 7.482887 7.674318 7.835239 8.005877 8.183254 8.363686 8.562898 8.725534 8.819818 8.882893 8.903998 8.86987 8.770543 8.610436 8.409892 8.138865 7.722678 7.045826 6.039436 4.956108 4.234433 3.595478 3.047162 2.697837 2.570448 2.54705 2.560963 2.583287 2.595616 2.597993
5.086452 5.125782 5.189214 5.253992 5.322292 5.39417 5.459236 5.51595 5.559302 5.57313 5.555432 5.516581 5.463259 5.40877 5.366064 5.34589 5.347681 5.361771 5.378047 5.398314 5.455517 5.526331 5.601646 5.702646 5.797056 5.907101 6.053585 6.229873 6.440595 6.652972 6.851185 7.041604 7.242915 7.448058 7.631705 7.81612 8.012453 8.208425 8.430902 8.629137 8.768716 8.879445 8.935881 8.904307 8.783404 8.597138 8.377341 8.084952 7.584252 6.78984 5.683814 4.616473 3.992039 3.377324 2.876505 2.596481 2.513808 2.507128 2.520747 2.544289 2.558978 2.567838
5.014549 5.058682 5.122022 5.185105 5.259797 5.346416 5.430785 5.51655 5.594014 5.63683 5.629111 5.581208 5.524578 5.468006 5.412635 5.369242 5.341943 5.32941 5.319341 5.322023 5.356779 5.39469 5.435013 5.507967 5.580155 5.654387 5.789683 5.967232 6.178019 6.392695 6.590656 6.784424 6.984763 7.202806 7.410412 7.606101 7.817033 8.0321 8.274793 8.507883 8.695845 8.857884 8.960216 8.942795 8.811524 8.600739 8.352941 8.029893 7.440962 6.52464 5.334918 4.380113 3.790579 3.224025 2.768719 2.526733 2.469166 2.460939 2.460573 2.477487 2.494012 2.506541
4.93731 4.986187 5.047313 5.10846 5.18605 5.275949 5.368442 5.470216 5.575111 5.652712 5.656409 5.616011 5.563435 5.516944 5.471465 5.424008 5.383949 5.349846 5.315769 5.301258 5.32705 5.334713 5.344007 5.395906 5.440625 5.480103 5.604227 5.785619 5.982778 6.182104 6.376561 6.556082 6.732933 6.955688 7.186443 7.397624 7.614506 7.846295 8.108387 8.371645 8.607265 8.823999 8.974078 8.978168 8.855 8.634552 8.352239 7.99178 7.312571 6.277125 5.046019 4.198596 3.66338 3.150131 2.724255 2.505017 2.450204 2.42585 2.407058 2.410732 2.426507 2.443018
4.843081 4.891537 4.950178 5.0067 5.08377 5.177002 5.273067 5.376152 5.485754 5.575139 5.60088 5.592811 5.568502 5.537488 5.504576 5.4685 5.428874 5.394414 5.371557 5.371347 5.384758 5.38803 5.397921 5.439827 5.470125 5.509069 5.616117 5.766449 5.914913 6.072823 6.241345 6.410082 6.585107 6.791777 7.009288 7.222081 7.439452 7.677004 7.949659 8.235902 8.5095 8.768661 8.951729 8.981377 8.880226 8.673399 8.373646 7.979885 7.254923 6.158129 4.927848 4.107027 3.622784 3.161915 2.750158 2.531554 2.470053 2.432158 2.390501 2.375895 2.384212 2.401675
4.748909 4.794524 4.850626 4.903183 4.977838 5.067794 5.160483 5.2573 5.358302 5.448951 5.495312 5.517258 5.524116 5.517934 5.500831 5.475064 5.445224 5.439647 5.457246 5.474158 5.486446 5.505229 5.529926 5.562143 5.596091 5.644974 5.731432 5.844172 5.948781 6.057292 6.193066 6.345829 6.514275 6.688932 6.874495 7.074446 7.287675 7.526667 7.804582 8.102206 8.407247 8.698581 8.897279 8.956345 8.878224 8.689097 8.401684 8.000082 7.288581 6.175967 4.932661 4.086865 3.629271 3.20955 2.812559 2.570997 2.503315 2.463088 2.412213 2.375469 2.370765 2.386965
4.653489 4.697251 4.750707 4.799791 4.873497 4.961676 5.051028 5.139412 5.229044 5.315771 5.381054 5.428267 5.4588 5.470816 5.465363 5.447715 5.433929 5.470584 5.533829 5.574015 5.603251 5.632263 5.665157 5.703556 5.739295 5.786029 5.867425 5.969301 6.0488 6.132799 6.232092 6.340638 6.484448 6.630351 6.784617 6.969726 7.174751 7.406048 7.676984 7.976686 8.306028 8.623919 8.831079 8.916955 8.864231 8.688918 8.424751 8.045382 7.380672 6.305357 5.074834 4.148304 3.688939 3.287116 2.927058 2.674226 2.567032 2.511772 2.451225 2.407216 2.39017 2.405702
4.55778 4.601825 4.654148 4.701706 4.780538 4.870912 4.960096 5.048035 5.132371 5.213799 5.290385 5.356215 5.403933 5.427527 5.425494 5.409201 5.41996 5.49142 5.57879 5.651679 5.698614 5.73847 5.787558 5.835495 5.874902 5.93316 6.022856 6.132426 6.234817 6.316 6.385057 6.467644 6.574658 6.68146 6.813982 6.977901 7.147104 7.363358 7.610551 7.895225 8.233341 8.55601 8.764217 8.873013 8.848573 8.690341 8.445087 8.105478 7.551679 6.620492 5.418934 4.325099 3.807472 3.407254 3.085509 2.84277 2.684953 2.585489 2.511032 2.452632 2.419931 2.438137
4.479198 4.520793 4.564598 4.6062 4.695184 4.795335 4.893645 4.990626 5.080762 5.166259 5.248703 5.320265 5.378236 5.408033 5.412183 5.406629 5.440232 5.519295 5.606787 5.684809 5.7505 5.816381 5.885245 5.951771 6.019175 6.106658 6.215256 6.352413 6.482634 6.571661 6.645859 6.722125 6.798076 6.877264 6.989872 7.107446 7.246607 7.427486 7.63823 7.886585 8.202748 8.508524 8.711463 8.836073 8.839746 8.70613 8.477203 8.172019 7.727663 6.991375 5.950584 4.797297 4.033365 3.617968 3.286473 3.00833 2.806736 2.667268 2.558161 2.468622 2.42243 2.432839
4.42697 4.450226 4.475989 4.505392 4.608375 4.720962 4.832748 4.940915 5.042578 5.138124 5.225153 5.305098 5.376974 5.417239 5.435088 5.454568 5.493685 5.556817 5.635077 5.707878 5.78309 5.867795 5.952438 6.05398 6.162365 6.282547 6.427213 6.597413 6.757813 6.862995 6.941324 7.006982 7.070351 7.137877 7.224185 7.315337 7.420781 7.559155 7.725496 7.938109 8.212223 8.484891 8.679757 8.812241 8.849165 8.742293 8.524667 8.230067 7.882229 7.346241 6.542388 5.482403 4.462815 3.870779 3.500316 3.189844 2.933684 2.751852 2.607672 2.492775 2.437877 2.441547
4.399056 4.387731 4.387435 4.401599 4.516842 4.641168 4.764438 4.882055 4.995529 5.106462 5.205354 5.304053 5.396998 5.453887 5.491834 5.525979 5.56188 5.611785 5.671755 5.737046 5.826073 5.91613 6.019275 6.146073 6.290128 6.44619 6.61952 6.81922 7.017706 7.145489 7.22604 7.2911 7.34953 7.41274 7.472968 7.54357 7.623973 7.719386 7.835424 8.008336 8.248912 8.494738 8.68321 8.812648 8.874571 8.799803 8.592574 8.306531 8.005713 7.611367 7.00232 6.149959 5.109681 4.233675 3.719456 3.377508 3.092482 2.863552 2.686844 2.559872 2.49862 2.494209
4.41054 4.337092 4.302971 4.30804 4.426317 4.551965 4.680458 4.804995 4.925913 5.053198 5.173725 5.306899 5.428102 5.514428 5.562948 5.600682 5.645251 5.701242 5.746873 5.811141 5.902406 5.998649 6.107821 6.244346 6.405743 6.586171 6.782685 6.997631 7.213121 7.372594 7.478006 7.559907 7.618854 7.671889 7.721005 7.774892 7.827564 7.887517 7.9745 8.120724 8.329866 8.553381 8.732435 8.849305 8.912452 8.855718 8.669689 8.402997 8.116027 7.793903 7.335432 6.644605 5.689589 4.695101 3.948194 3.53382 3.230816 2.970392 2.781344 2.657401 2.589127 2.567585
4.435571 4.313172 4.239858 4.245556 4.342866 4.457373 4.58643 4.716672 4.850616 4.990237 5.1309 5.293072 5.442587 5.554924 5.628531 5.684273 5.749375 5.812473 5.879296 5.946031 6.021045 6.10821 6.218885 6.364733 6.529219 6.715468 6.921855 7.139461 7.358424 7.5428 7.678006 7.782874 7.862069 7.915346 7.964345 8.00367 8.044224 8.086242 8.151866 8.27488 8.452829 8.648923 8.802344 8.904316 8.956134 8.902414 8.733514 8.500247 8.233569 7.931028 7.568157 7.010406 6.121767 5.077174 4.206318 3.648026 3.318604 3.065269 2.878345 2.746677 2.679414 2.655418
4.47996 4.324905 4.220224 4.209829 4.265397 4.357556 4.480365 4.610945 4.753692 4.90996 5.079201 5.26825 5.44034 5.571302 5.677232 5.77517 5.852988 5.935111 6.024474 6.092659 6.154988 6.226358 6.336529 6.490518 6.661659 6.851362 7.051251 7.263113 7.488581 7.683494 7.841187 7.969146 8.072022 8.132151 8.186651 8.228056 8.254129 8.283968 8.337266 8.437753 8.58718 8.753121 8.882629 8.970064 9.014232 8.9656 8.810333 8.58722 8.329859 8.042241 7.723682 7.28657 6.468747 5.371625 4.436813 3.777282 3.402195 3.138098 2.965734 2.832809 2.784934 2.780852
4.558611 4.374731 4.235035 4.173426 4.184627 4.249996 4.365737 4.494068 4.644107 4.815015 5.00746 5.217714 5.407136 5.565608 5.704707 5.830396 5.940831 6.038508 6.143666 6.218448 6.26944 6.342153 6.451023 6.608683 6.777048 6.967757 7.159941 7.368928 7.587681 7.792967 7.9568 8.102881 8.220483 8.290117 8.353211 8.420052 8.454348 8.467883 8.505216 8.586549 8.714472 8.871129 8.987348 9.052894 9.081635 9.034807 8.896184 8.672556 8.411562 8.135963 7.828735 7.430078 6.721395 5.642627 4.648236 3.919385 3.483909 3.204094 3.038563 2.938821 2.902431 2.906784
4.664269 4.441834 4.24671 4.117811 4.088342 4.138582 4.249957 4.374344 4.529088 4.70501 4.914093 5.13994 5.34218 5.51801 5.676124 5.823949 5.960839 6.08838 6.204241 6.293601 6.369822 6.43982 6.537446 6.67995 6.840558 7.017567 7.198883 7.400907 7.621707 7.831913 7.99577 8.157887 8.274755 8.363521 8.449499 8.533843 8.577312 8.593527 8.629823 8.704888 8.831264 8.969303 9.066696 9.11748 9.138442 9.088964 8.954784 8.753406 8.491171 8.204982 7.884398 7.476057 6.84263 5.844673 4.823584 4.051657 3.570871 3.281588 3.115779 3.041856 3.014496 3.037193
4.765301 4.500241 4.257669 4.075584 3.99506 4.028605 4.129806 4.243324 4.401856 4.583145 4.798899 5.032055 5.243828 5.436829 5.609953 5.769532 5.918923 6.069376 6.21765 6.343315 6.435621 6.506269 6.594227 6.710892 6.847767 7.003375 7.164648 7.35621 7.58231 7.789733 7.958685 8.12826 8.251214 8.365783 8.4765 8.566753 8.631381 8.677781 8.731825 8.811749 8.920129 9.03739 9.133663 9.18352 9.199436 9.143622 9.003652 8.80398 8.554613 8.253594 7.913434 7.485593 6.860282 5.927889 4.93101 4.161173 3.670793 3.380746 3.213678 3.144687 3.137529 3.201159
4.910426 4.60129 4.308466 4.084474 3.959216 3.941374 3.99894 4.090175 4.249321 4.439232 4.6564 4.88848 5.108441 5.317043 5.509695 5.688108 5.842328 6.000563 6.172838 6.339045 6.455368 6.546085 6.634681 6.723751 6.835878 6.962366 7.094066 7.274348 7.507348 7.713387 7.878132 8.04654 8.177499 8.31185 8.441735 8.543713 8.63285 8.719007 8.802008 8.884054 8.982363 9.098969 9.202841 9.255162 9.269352 9.206853 9.054648 8.845251 8.597442 8.293865 7.938107 7.491194 6.849221 5.963428 5.00306 4.239553 3.748863 3.459109 3.319854 3.267874 3.29909 3.400113
5.104507 4.768895 4.439177 4.168581 3.980938 3.87194 3.862833 3.92601 4.07886 4.268385 4.485591 4.719133 4.940031 5.155383 5.36219 5.558568 5.714563 5.866224 6.047378 6.233176 6.36784 6.481872 6.589585 6.666347 6.757714 6.8612 6.970803 7.136593 7.37539 7.589314 7.742944 7.907928 8.049529 8.198385 8.347723 8.464991 8.573915 8.695144 8.80985 8.908494 9.018036 9.147664 9.270718 9.328995 9.336583 9.273497 9.118196 8.891867 8.628935 8.328841 7.959777 7.498452 6.83525 5.961384 5.021027 4.255907 3.765798 3.506176 3.405701 3.398572 3.471343 3.622197
5.322691 4.954682 4.570823 4.234529 3.972263 3.786546 3.709673 3.738735 3.885031 4.066989 4.266677 4.484651 4.691782 4.898426 5.111765 5.316007 5.478213 5.629866 5.803501 5.976733 6.118021 6.241725 6.347828 6.423835 6.508512 6.617324 6.732827 6.884015 7.110568 7.349188 7.523198 7.696463 7.859806 8.020132 8.187114 8.325863 8.449917 8.595842 8.740288 8.862431 8.996427 9.150253 9.293704 9.361964 9.370275 9.31032 9.172024 8.953012 8.669958 8.358492 7.98428 7.513208 6.825526 5.934621 5.01009 4.256102 3.798778 3.564498 3.487408 3.520931 3.646599 3.83564
5.53903 5.16786 4.745602 4.327642 3.977795 3.721741 3.580399 3.567574 3.686842 3.839439 4.009717 4.200436 4.378592 4.579287 4.782095 4.970495 5.137081 5.291117 5.459967 5.624838 5.760411 5.879504 5.977008 6.048681 6.13368 6.248224 6.37924 6.532374 6.743758 6.995091 7.213586 7.410332 7.608316 7.789579 7.967437 8.132809 8.27888 8.44504 8.619226 8.767945 8.926528 9.106209 9.268076 9.356529 9.384022 9.329324 9.203249 9.013824 8.732346 8.401375 8.018412 7.532837 6.833303 5.92924 5.023326 4.311705 3.895639 3.687016 3.605901 3.674741 3.863068 4.118805
5.761382 5.413518 4.998687 4.538063 4.096345 3.761858 3.557425 3.48253 3.514537 3.608234 3.740796 3.905127 4.050074 4.22386 4.422963 4.608621 4.764822 4.921524 5.092616 5.253531 5.382972 5.492295 5.581569 5.645163 5.705729 5.819057 5.96982 6.140866 6.344713 6.586751 6.838517 7.079402 7.305723 7.519815 7.715907 7.904882 8.081987 8.266885 8.472395 8.657219 8.837873 9.043045 9.224024 9.330585 9.381693 9.342841 9.222915 9.053475 8.803363 8.457955 8.061817 7.560472 6.849122 5.929651 5.037988 4.384385 3.993704 3.793264 3.752346 3.853786 4.101242 4.42462
5.990563 5.67554 5.280964 4.79654 4.30582 3.899006 3.618245 3.452441 3.38608 3.40931 3.4996 3.627318 3.737993 3.878241 4.070224 4.236814 4.394862 4.543136 4.701496 4.862248 4.998217 5.098759 5.180553 5.245347 5.299806 5.380004 5.526357 5.703606 5.907977 6.155691 6.422428 6.6929 6.953428 7.208933 7.437354 7.64534 7.853485 8.068294 8.303839 8.528596 8.731202 8.961398 9.1654 9.293856 9.369416 9.354075 9.242809 9.07007 8.849216 8.514926 8.104568 7.585454 6.858583 5.933889 5.038901 4.43901 4.094797 3.920155 3.890932 4.027511 4.342677 4.742748
6.21534 5.926569 5.560102 5.103645 4.584825 4.083821 3.695984 3.433167 3.303654 3.285844 3.346197 3.43848 3.52563 3.63446 3.776736 3.895728 4.035362 4.162996 4.294329 4.44466 4.589615 4.702662 4.789626 4.878991 4.943938 5.005519 5.128344 5.292572 5.494208 5.731248 5.980124 6.264631 6.565485 6.862327 7.122953 7.350518 7.587073 7.842966 8.108195 8.375589 8.605247 8.860386 9.092292 9.248198 9.352802 9.365154 9.26491 9.082557 8.85851 8.553159 8.139579 7.607713 6.869418 5.956674 5.075253 4.499456 4.205015 4.061756 4.064854 4.269951 4.668348 5.139155
6.430371 6.177392 5.852251 5.44406 4.927609 4.372101 3.895858 3.529955 3.324528 3.256369 3.275948 3.348908 3.437694 3.501184 3.554866 3.601484 3.680175 3.791607 3.890676 4.013546 4.166971 4.307046 4.428444 4.54003 4.638566 4.714596 4.806916 4.962839 5.112955 5.300645 5.551284 5.834548 6.169083 6.496988 6.772316 7.015642 7.298273 7.592509 7.888678 8.190509 8.457067 8.741464 9.004527 9.195906 9.336736 9.382045 9.289176 9.094708 8.859366 8.573907 8.176097 7.63591 6.893384 6.002803 5.176016 4.613494 4.344409 4.24659 4.317484 4.591445 5.018756 5.492026
6.62852 6.403298 6.123554 5.775202 5.295298 4.725132 4.153378 3.694536 3.394723 3.250965 3.237516 3.322348 3.415241 3.438233 3.401927 3.352766 3.360469 3.450146 3.527699 3.619155 3.773416 3.94784 4.112158 4.267116 4.395155 4.479699 4.556585 4.683318 4.797713 4.936453 5.175983 5.444257 5.786856 6.142324 6.442836 6.715564 7.028542 7.347767 7.665121 7.991393 8.299235 8.613236 8.905963 9.136284 9.32339 9.404531 9.32328 9.120345 8.875239 8.591447 8.218975 7.683686 6.952692 6.077796 5.29348 4.799882 4.553018 4.486917 4.584099 4.884218 5.335199 5.813658
6.81228 6.600891 6.341685 6.025757 5.618798 5.077708 4.471354 3.969224 3.580126 3.348714 3.317519 3.399771 3.474819 3.441104 3.341315 3.210345 3.167665 3.222188 3.273655 3.341868 3.498404 3.699364 3.904417 4.1079 4.270981 4.366685 4.44674 4.580642 4.674137 4.772123 4.99595 5.241176 5.563418 5.925596 6.246925 6.544081 6.852025 7.160143 7.483959 7.834013 8.175007 8.510006 8.818732 9.079855 9.308166 9.421559 9.361429 9.168253 8.915771 8.6252 8.278268 7.789239 7.104034 6.271252 5.497543 5.025866 4.842301 4.81248 4.909176 5.202112 5.628326 6.080503
