py_wake/examples/data/AJ_ParqueFicticio/Ridge area   Sector 2   Height 30m   Weibull-k.grd
DSAA
90  129
 262878   265103
 6504214   6507414
 .8964844   2.380859
[rows 27 to 53 of 129, columns 0 to 61 of 90]
2.263672 2.263672 2.263672 2.259766 2.259766 2.255859 2.251953 2.248047 2.248047 2.244141 2.244141 2.240234 2.240234 2.240234 2.240234 2.240234 2.240234 2.240234 2.240234 2.240234 2.240234 2.240234 2.240234 2.240234 2.240234 2.240234 2.240234 2.240234 2.240234 2.224609 2.205078 2.185547 2.169922 2.150391 2.134766 2.123047 2.111328 2.103516 2.099609 2.095703 2.095703 2.095703 2.095703 2.095703 2.091797 2.091797 2.083984 2.080078 2.064453 2.044922 2.009766 1.958984 1.900391 1.837891 1.783203 1.751953 1.751953 1.541016 1.576172 1.623047 1.708984 1.822266
2.263672 2.263672 2.263672 2.259766 2.259766 2.259766 2.255859 2.251953 2.251953 2.248047 2.244141 2.244141 2.244141 2.240234 2.240234 2.240234 2.240234 2.240234 2.240234 2.240234 2.240234 2.240234 2.240234 2.240234 2.240234 2.240234 2.240234 2.220703 2.201172 2.185547 2.169922 2.158203 2.146484 2.130859 2.119141 2.111328 2.103516 2.099609 2.095703 2.095703 2.091797 2.091797 2.095703 2.095703 2.091797 2.091797 2.087891 2.076172 2.064453 2.041016 1.998047 1.939453 1.869141 1.798828 1.732422 1.693359 1.685547 1.720703 1.494141 1.544922 1.658203 1.810547
2.263672 2.263672 2.259766 2.259766 2.259766 2.259766 2.255859 2.255859 2.251953 2.248047 2.248047 2.248047 2.244141 2.244141 2.240234 2.240234 2.240234 2.240234 2.240234 2.240234 2.240234 2.240234 2.240234 2.240234 2.240234 2.240234 2.220703 2.193359 2.177734 2.166016 2.158203 2.146484 2.138672 2.126953 2.115234 2.107422 2.103516 2.099609 2.095703 2.095703 2.091797 2.091797 2.095703 2.095703 2.095703 2.091797 2.087891 2.076172 2.060547 2.033203 1.990234 1.923828 1.841797 1.763672 1.693359 1.646484 1.626953 1.662109 1.404297 1.470703 1.615234 1.830078
2.259766 2.259766 2.259766 2.259766 2.259766 2.259766 2.255859 2.255859 2.251953 2.251953 2.248047 2.248047 2.244141 2.244141 2.240234 2.240234 2.240234 2.240234 2.240234 2.240234 2.240234 2.240234 2.240234 2.240234 2.240234 2.240234 2.220703 2.189453 2.173828 2.166016 2.158203 2.146484 2.138672 2.126953 2.119141 2.107422 2.103516 2.099609 2.095703 2.095703 2.091797 2.095703 2.095703 2.095703 2.095703 2.091797 2.087891 2.080078 2.060547 2.029297 1.978516 1.908203 1.818359 1.732422 1.658203 1.607422 1.580078 1.619141 1.314453 1.396484 1.595703 1.986328
2.259766 2.259766 2.259766 2.255859 2.255859 2.255859 2.255859 2.255859 2.251953 2.251953 2.248047 2.248047 2.244141 2.244141 2.240234 2.240234 2.240234 2.240234 2.240234 2.240234 2.240234 2.240234 2.240234 2.240234 2.240234 2.240234 2.240234 2.201172 2.177734 2.169922 2.162109 2.154297 2.146484 2.134766 2.123047 2.115234 2.107422 2.103516 2.099609 2.095703 2.095703 2.095703 2.095703 2.099609 2.099609 2.095703 2.091797 2.080078 2.060547 2.029297 1.974609 1.896484 1.802734 1.708984 1.626953 1.568359 1.541016 1.564453 1.216797 1.337891 1.658203 1.982422
2.259766 2.255859 2.255859 2.255859 2.255859 2.255859 2.251953 2.251953 2.251953 2.248047 2.248047 2.248047 2.244141 2.244141 2.240234 2.240234 2.240234 2.240234 2.240234 2.240234 2.240234 2.240234 2.240234 2.240234 2.240234 2.240234 2.240234 2.228516 2.193359 2.177734 2.169922 2.162109 2.150391 2.138672 2.130859 2.119141 2.111328 2.103516 2.099609 2.099609 2.095703 2.095703 2.099609 2.099609 2.099609 2.099609 2.091797 2.083984 2.064453 2.029297 1.978516 1.896484 1.794922 1.689453 1.599609 1.533203 1.501953 1.501953 1.595703 1.314453 1.814453 1.947266
2.255859 2.255859 2.255859 2.255859 2.251953 2.251953 2.251953 2.251953 2.251953 2.248047 2.248047 2.248047 2.244141 2.244141 2.244141 2.240234 2.240234 2.240234 2.240234 2.240234 2.240234 2.240234 2.240234 2.240234 2.240234 2.240234 2.240234 2.240234 2.220703 2.189453 2.177734 2.166016 2.158203 2.146484 2.134766 2.126953 2.115234 2.111328 2.103516 2.099609 2.099609 2.099609 2.099609 2.099609 2.099609 2.099609 2.095703 2.083984 2.068359 2.037109 1.982422 1.904297 1.794922 1.681641 1.576172 1.501953 1.458984 1.447266 1.525391 1.544922 1.763672 1.908203
2.255859 2.255859 2.255859 2.255859 2.251953 2.251953 2.251953 2.251953 2.251953 2.248047 2.248047 2.248047 2.248047 2.244141 2.244141 2.244141 2.240234 2.240234 2.240234 2.240234 2.240234 2.240234 2.240234 2.240234 2.240234 2.240234 2.240234 2.240234 2.240234 2.224609 2.193359 2.177734 2.166016 2.154297 2.142578 2.130859 2.123047 2.115234 2.111328 2.103516 2.103516 2.103516 2.103516 2.103516 2.103516 2.103516 2.099609 2.091797 2.072266 2.044922 1.998047 1.919922 1.814453 1.685547 1.568359 1.474609 1.416016 1.396484 1.439453 1.564453 1.697266 1.849609
2.251953 2.255859 2.255859 2.255859 2.251953 2.251953 2.251953 2.251953 2.251953 2.251953 2.251953 2.248047 2.248047 2.248047 2.248047 2.244141 2.244141 2.240234 2.240234 2.240234 2.240234 2.240234 2.240234 2.240234 2.240234 2.240234 2.240234 2.240234 2.240234 2.240234 2.228516 2.201172 2.177734 2.166016 2.150391 2.142578 2.130859 2.123047 2.115234 2.111328 2.107422 2.107422 2.107422 2.107422 2.107422 2.107422 2.103516 2.095703 2.083984 2.060547 2.017578 1.951172 1.849609 1.716797 1.576172 1.455078 1.376953 1.345703 1.353516 1.478516 1.626953 1.783203
2.251953 2.255859 2.255859 2.255859 2.251953 2.251953 2.251953 2.251953 2.251953 2.251953 2.251953 2.251953 2.251953 2.251953 2.248047 2.248047 2.248047 2.244141 2.240234 2.240234 2.240234 2.240234 2.240234 2.240234 2.240234 2.240234 2.240234 2.240234 2.240234 2.240234 2.240234 2.232422 2.201172 2.181641 2.166016 2.150391 2.138672 2.130859 2.123047 2.119141 2.115234 2.111328 2.111328 2.111328 2.111328 2.111328 2.111328 2.103516 2.091797 2.076172 2.044922 1.986328 1.896484 1.767578 1.607422 1.455078 1.345703 1.294922 1.291016 1.392578 1.560547 1.728516
2.248047 2.255859 2.259766 2.255859 2.251953 2.251953 2.251953 2.251953 2.251953 2.255859 2.255859 2.255859 2.255859 2.255859 2.255859 2.255859 2.251953 2.251953 2.248047 2.244141 2.240234 2.240234 2.240234 2.240234 2.240234 2.240234 2.240234 2.240234 2.240234 2.240234 2.240234 2.240234 2.232422 2.201172 2.181641 2.166016 2.150391 2.142578 2.134766 2.126953 2.123047 2.119141 2.119141 2.115234 2.115234 2.115234 2.115234 2.111328 2.103516 2.091797 2.068359 2.025391 1.951172 1.830078 1.662109 1.474609 1.326172 1.248047 1.232422 1.306641 1.505859 1.583984
2.244141 2.255859 2.263672 2.263672 2.255859 2.251953 2.251953 2.248047 2.251953 2.251953 2.255859 2.259766 2.259766 2.263672 2.263672 2.263672 2.263672 2.259766 2.259766 2.255859 2.248047 2.244141 2.240234 2.240234 2.240234 2.240234 2.240234 2.240234 2.240234 2.240234 2.240234 2.240234 2.240234 2.228516 2.201172 2.181641 2.166016 2.154297 2.146484 2.138672 2.130859 2.126953 2.123047 2.123047 2.123047 2.123047 2.123047 2.119141 2.115234 2.107422 2.091797 2.060547 2.005859 1.900391 1.732422 1.517578 1.318359 1.201172 1.177734 1.240234 1.470703 1.712891
2.232422 2.244141 2.259766 2.267578 2.263672 2.255859 2.251953 2.248047 2.248047 2.251953 2.255859 2.259766 2.263672 2.267578 2.271484 2.271484 2.271484 2.271484 2.271484 2.267578 2.263672 2.259766 2.251953 2.240234 2.240234 2.240234 2.240234 2.240234 2.240234 2.240234 2.240234 2.240234 2.240234 2.240234 2.224609 2.201172 2.181641 2.166016 2.158203 2.146484 2.138672 2.134766 2.130859 2.130859 2.126953 2.126953 2.126953 2.126953 2.126953 2.123047 2.111328 2.091797 2.052734 1.966797 1.814453 1.572266 1.318359 1.162109 1.126953 1.208984 1.474609 1.810547
2.193359 2.216797 2.240234 2.255859 2.271484 2.263672 2.255859 2.251953 2.248047 2.248047 2.251953 2.259766 2.267578 2.271484 2.275391 2.279297 2.279297 2.279297 2.279297 2.279297 2.275391 2.271484 2.267578 2.255859 2.244141 2.240234 2.240234 2.240234 2.240234 2.240234 2.240234 2.240234 2.240234 2.240234 2.240234 2.220703 2.197266 2.181641 2.169922 2.158203 2.150391 2.142578 2.138672 2.134766 2.134766 2.134766 2.134766 2.134766 2.134766 2.134766 2.126953 2.119141 2.091797 2.033203 1.904297 1.662109 1.337891 1.119141 1.080078 1.189453 1.521484 1.896484
2.158203 2.189453 2.216797 2.240234 2.255859 2.267578 2.267578 2.255859 2.251953 2.248047 2.251953 2.259766 2.267578 2.271484 2.279297 2.283203 2.287109 2.287109 2.287109 2.287109 2.283203 2.283203 2.275391 2.267578 2.255859 2.244141 2.240234 2.240234 2.240234 2.240234 2.240234 2.240234 2.240234 2.240234 2.240234 2.232422 2.212891 2.193359 2.181641 2.166016 2.158203 2.150391 2.142578 2.142578 2.138672 2.138672 2.138672 2.138672 2.142578 2.142578 2.142578 2.138672 2.126953 2.091797 2.005859 1.791016 1.396484 1.087891 1.037109 1.185547 1.591797 1.896484
2.126953 2.166016 2.189453 2.216797 2.236328 2.251953 2.263672 2.267578 2.259766 2.255859 2.255859 2.259766 2.267578 2.271484 2.279297 2.283203 2.287109 2.291016 2.291016 2.291016 2.287109 2.287109 2.279297 2.271484 2.263672 2.251953 2.240234 2.240234 2.240234 2.240234 2.240234 2.240234 2.240234 2.240234 2.240234 2.236328 2.220703 2.205078 2.189453 2.173828 2.162109 2.154297 2.150391 2.146484 2.142578 2.142578 2.142578 2.146484 2.146484 2.150391 2.150391 2.154297 2.150391 2.134766 2.095703 1.958984 1.521484 1.076172 1.005859 1.197266 1.673828 1.896484
2.095703 2.146484 2.166016 2.185547 2.208984 2.232422 2.244141 2.251953 2.267578 2.263672 2.263672 2.263672 2.267578 2.275391 2.279297 2.283203 2.287109 2.291016 2.291016 2.291016 2.291016 2.287109 2.279297 2.271484 2.263672 2.251953 2.240234 2.240234 2.240234 2.240234 2.240234 2.240234 2.240234 2.240234 2.240234 2.236328 2.224609 2.212891 2.197266 2.181641 2.166016 2.158203 2.154297 2.150391 2.146484 2.146484 2.146484 2.146484 2.150391 2.154297 2.158203 2.162109 2.166016 2.162109 2.146484 2.076172 1.669922 1.099609 .9941406 1.205078 1.646484 1.896484
2.072266 2.123047 2.150391 2.158203 2.177734 2.205078 2.220703 2.228516 2.232422 2.240234 2.251953 2.267578 2.271484 2.275391 2.279297 2.283203 2.287109 2.291016 2.291016 2.287109 2.287109 2.283203 2.275391 2.267578 2.255859 2.240234 2.236328 2.236328 2.228516 2.224609 2.224609 2.228516 2.236328 2.236328 2.232422 2.228516 2.220703 2.212891 2.197266 2.185547 2.173828 2.162109 2.158203 2.154297 2.150391 2.146484 2.150391 2.150391 2.154297 2.158203 2.166016 2.169922 2.173828 2.173828 2.169922 2.130859 1.779297 1.146484 1.001953 1.189453 1.505859 1.638672
2.056641 2.099609 2.134766 2.146484 2.154297 2.173828 2.193359 2.205078 2.212891 2.212891 2.212891 2.216797 2.224609 2.228516 2.232422 2.232422 2.228516 2.228516 2.224609 2.216797 2.212891 2.201172 2.185547 2.173828 2.166016 2.158203 2.166016 2.173828 2.173828 2.181641 2.189453 2.197266 2.205078 2.208984 2.208984 2.208984 2.208984 2.201172 2.193359 2.181641 2.173828 2.166016 2.158203 2.154297 2.150391 2.150391 2.150391 2.154297 2.158203 2.162109 2.169922 2.173828 2.181641 2.181641 2.177734 2.130859 1.814453 1.216797 1.033203 1.154297 1.326172 1.306641
2.068359 2.080078 2.115234 2.138672 2.138672 2.138672 2.154297 2.177734 2.189453 2.193359 2.189453 2.189453 2.189453 2.185547 2.181641 2.173828 2.166016 2.150391 2.134766 2.126953 2.119141 2.107422 2.099609 2.095703 2.091797 2.103516 2.111328 2.123047 2.134766 2.146484 2.158203 2.169922 2.177734 2.181641 2.189453 2.189453 2.189453 2.185547 2.181641 2.177734 2.169922 2.162109 2.158203 2.154297 2.154297 2.150391 2.154297 2.154297 2.158203 2.162109 2.169922 2.177734 2.185547 2.185547 2.177734 2.119141 1.845703 1.326172 1.087891 1.130859 1.181641 1.138672
2.115234 2.080078 2.099609 2.126953 2.134766 2.123047 2.126953 2.142578 2.158203 2.166016 2.166016 2.169922 2.166016 2.166016 2.158203 2.150391 2.138672 2.119141 2.099609 2.080078 2.064453 2.052734 2.041016 2.041016 2.044922 2.056641 2.072266 2.087891 2.103516 2.119141 2.134766 2.146484 2.158203 2.166016 2.169922 2.173828 2.177734 2.173828 2.173828 2.169922 2.166016 2.158203 2.154297 2.154297 2.150391 2.150391 2.154297 2.154297 2.158203 2.162109 2.169922 2.177734 2.185547 2.185547 2.177734 2.123047 1.916016 1.490234 1.197266 1.146484 1.138672 1.158203
2.212891 2.119141 2.099609 2.119141 2.138672 2.134766 2.126953 2.126953 2.134766 2.134766 2.134766 2.138672 2.138672 2.134766 2.138672 2.138672 2.126953 2.111328 2.087891 2.060547 2.044922 2.029297 2.017578 2.009766 2.013672 2.025391 2.044922 2.064453 2.083984 2.103516 2.119141 2.134766 2.142578 2.150391 2.158203 2.162109 2.166016 2.166016 2.162109 2.162109 2.158203 2.154297 2.154297 2.150391 2.150391 2.150391 2.150391 2.154297 2.154297 2.162109 2.169922 2.177734 2.181641 2.185547 2.177734 2.134766 1.994141 1.681641 1.392578 1.279297 1.298828 1.455078
2.240234 2.212891 2.134766 2.119141 2.134766 2.146484 2.142578 2.134766 2.123047 2.111328 2.103516 2.095703 2.087891 2.083984 2.091797 2.107422 2.115234 2.107422 2.087891 2.064453 2.041016 2.021484 2.001953 1.990234 1.986328 1.998047 2.017578 2.041016 2.068359 2.091797 2.111328 2.123047 2.134766 2.146484 2.150391 2.154297 2.154297 2.158203 2.154297 2.154297 2.154297 2.150391 2.150391 2.150391 2.146484 2.146484 2.150391 2.150391 2.154297 2.158203 2.166016 2.173828 2.181641 2.181641 2.173828 2.142578 2.052734 1.865234 1.642578 1.544922 1.634766 1.853516
2.240234 2.240234 2.224609 2.150391 2.138672 2.150391 2.158203 2.146484 2.126953 2.111328 2.095703 2.076172 2.048828 2.025391 2.033203 2.060547 2.095703 2.107422 2.099609 2.076172 2.048828 2.025391 1.998047 1.978516 1.970703 1.974609 1.994141 2.021484 2.052734 2.080078 2.103516 2.119141 2.134766 2.142578 2.146484 2.150391 2.150391 2.150391 2.150391 2.150391 2.150391 2.146484 2.146484 2.146484 2.142578 2.142578 2.146484 2.146484 2.150391 2.154297 2.162109 2.169922 2.173828 2.177734 2.169922 2.142578 2.091797 1.998047 1.884766 1.857422 1.962891 2.072266
2.240234 2.240234 2.240234 2.240234 2.193359 2.173828 2.173828 2.169922 2.150391 2.130859 2.111328 2.083984 2.041016 1.986328 1.958984 1.982422 2.041016 2.091797 2.103516 2.091797 2.064453 2.033203 2.001953 1.974609 1.958984 1.955078 1.966797 1.998047 2.029297 2.064453 2.091797 2.115234 2.130859 2.142578 2.146484 2.150391 2.150391 2.150391 2.146484 2.146484 2.146484 2.146484 2.142578 2.142578 2.142578 2.142578 2.142578 2.146484 2.146484 2.150391 2.158203 2.166016 2.169922 2.169922 2.162109 2.142578 2.111328 2.072266 2.037109 2.044922 2.087891 2.119141
2.240234 2.240234 2.240234 2.244141 2.251953 2.255859 2.212891 2.197266 2.177734 2.154297 2.130859 2.107422 2.056641 1.974609 1.896484 1.880859 1.951172 2.044922 2.095703 2.103516 2.083984 2.052734 2.013672 1.978516 1.955078 1.943359 1.951172 1.970703 2.005859 2.044922 2.083984 2.111328 2.134766 2.146484 2.154297 2.154297 2.154297 2.150391 2.146484 2.146484 2.142578 2.142578 2.142578 2.138672 2.138672 2.138672 2.138672 2.142578 2.142578 2.146484 2.154297 2.158203 2.162109 2.158203 2.154297 2.138672 2.119141 2.099609 2.091797 2.095703 2.111328 2.123047
2.240234 2.240234 2.240234 2.251953 2.263672 2.271484 2.271484 2.251953 2.216797 2.181641 2.158203 2.142578 2.107422 2.013672 1.896484 1.818359 1.876953 1.998047 2.080078 2.111328 2.107422 2.076172 2.037109 1.994141 1.962891 1.947266 1.947266 1.966797 1.998047 2.037109 2.080078 2.115234 2.138672 2.154297 2.158203 2.162109 2.158203 2.154297 2.150391 2.146484 2.142578 2.142578 2.138672 2.138672 2.134766 2.134766 2.134766 2.138672 2.142578 2.142578 2.146484 2.150391 2.154297 2.150391 2.142578 2.130859 2.115234 2.107422 2.103516 2.103516 2.107422 2.115234
