py_wake/examples/data/AJ_ParqueFicticio/Ridge area   Sector 7   Height 30m   Turbulence intensity.grd
DSAA
90  129
 262878   265103
 6504214   6507414
 11.97907   100
[rows 81 to 107 of 129, columns 0 to 61 of 90]
32.81134 35.00025 36.4325 37.62587 38.15065 37.38783 35.62207 33.26698 30.64492 28.58739 27.158 26.14767 26.00312 26.57588 27.48572 28.28843 28.71262 29.1445 29.32564 29.28783 29.15961 28.62459 28.19575 27.94634 27.96772 28.06413 28.24169 28.35655 28.38933 28.35375 28.13391 27.48326 26.13207 24.31188 22.35671 20.53892 19.04467 17.80939 16.78816 15.91825 15.32054 14.83088 14.36973 14.08698 13.96388 13.86227 13.82875 13.83815 14.04136 14.41918 14.86324 15.44863 16.1771 17.06542 17.96381 18.70627 19.61062 20.58927 21.29443 21.7694 22.09442 22.30759
28.39391 29.33094 29.85778 30.20754 30.10921 29.44769 28.0751 26.37821 24.87613 23.64277 22.52896 21.79329 21.75447 22.2839 23.04474 23.8135 24.53695 24.90615 24.84417 24.58191 24.57477 24.68878 24.81983 24.7648 24.68352 24.61333 24.6939 24.77798 24.80526 24.88237 24.84503 24.55646 23.71086 22.25419 20.69019 19.24399 17.94808 16.84969 15.89447 15.18863 14.72118 14.27399 13.95358 13.83226 13.74698 13.69792 13.7083 13.73854 14.06657 14.48918 15.01467 15.7473 16.69027 27.68151 19.1918 20.52048 22.52203 23.9018 24.66962 25.09699 25.67778 25.76777
25.15325 25.48175 25.44614 25.34585 25.25566 24.65966 23.66195 22.72408 21.77003 20.74621 19.98157 19.67753 19.54311 19.71271 20.52872 21.52343 22.28478 22.6207 22.47417 22.10542 22.40016 22.76299 22.9706 22.91886 22.65156 22.3903 22.36153 22.33979 22.24817 22.32001 22.44275 22.33998 21.72034 20.56246 19.29535 18.13759 16.99855 16.06224 15.22741 14.69404 14.29067 13.9182 13.68858 13.59452 13.52602 13.51156 13.53915 13.61591 13.97671 14.40337 14.96923 15.79232 16.89308 28.86458 32.58115 35.71056 37.2935 37.77715 27.98546 28.47152 29.19943 29.79105
22.9242 22.95632 22.72225 22.54752 22.39238 21.96178 21.4059 20.77272 20.00388 19.22024 18.79983 18.80702 19.03749 19.42625 20.11525 20.94571 21.63762 22.04224 22.12666 22.0188 22.13006 22.31125 22.3891 22.28939 21.97956 21.5154 21.17096 20.93522 20.66439 20.59776 20.61688 20.38685 19.83667 19.00523 18.01931 17.06858 16.24051 15.48625 14.82687 14.41005 14.0501 13.71449 13.50264 13.40962 13.35099 13.33573 13.36458 13.53294 13.87928 14.26418 14.80321 15.56192 16.62073 28.79887 32.07943 35.94327 38.05322 38.2183 38.31996 38.72282 39.36797 39.90844
21.31604 21.2189 20.9877 20.77875 20.52013 20.30639 20.03302 19.53816 18.90865 18.41024 18.3054 18.65647 19.36916 20.18596 20.85418 21.54791 22.22484 22.74117 23.07841 23.19453 23.15214 23.11997 23.0195 22.75545 22.2887 21.61239 20.91466 20.31878 19.76072 19.4476 19.10211 18.65564 18.16317 17.57879 16.83799 16.12396 15.59155 15.0231 14.54687 14.22598 13.92224 13.64829 13.42014 13.28041 13.20901 13.18981 13.26753 13.46367 13.75167 14.08155 14.56302 15.21484 16.15781 28.79001 30.77405 34.85214 37.97911 39.29 39.44904 39.98325 40.94809 41.95504
20.13998 20.06182 19.86033 19.63131 19.4015 19.33856 19.26064 19.00861 18.61449 18.32041 18.46445 19.09075 20.06503 21.10954 22.05611 22.77388 23.37536 23.96689 24.43099 24.62884 24.61664 24.47521 24.19026 23.64296 22.93118 22.05313 21.05129 20.10726 19.24905 18.61145 17.98837 17.34709 16.88359 16.42401 15.89927 15.48313 15.09262 14.66635 14.33936 14.09682 13.88078 13.71616 13.5719 13.43254 13.34452 13.33184 13.38707 13.49333 13.65847 13.92345 14.33196 14.86643 15.69256 29.29077 29.3402 32.52979 35.73664 38.41316 40.18587 41.03351 42.06324 43.42175
19.40042 19.36882 19.25103 19.10631 19.01741 19.10595 19.18952 19.15234 19.02277 18.96831 19.23929 19.91823 20.96103 22.16305 23.35324 24.36197 25.0328 25.53647 25.91037 26.13996 26.09505 25.87638 25.38081 24.53551 23.58639 22.51839 21.21405 19.99979 18.92026 18.01881 17.25371 16.59707 16.09711 15.62791 15.2839 15.00705 14.69704 14.38348 14.17278 14.01103 13.91691 13.86802 13.80871 13.73174 13.66534 13.61776 13.60137 13.62426 13.68574 13.86794 14.19093 14.6393 15.32447 25.73311 28.81117 30.09445 32.33578 34.79934 37.35589 39.54756 41.02739 42.58334
19.06911 19.11299 19.07809 19.06257 19.16536 19.36446 19.54472 19.65731 19.73554 19.95057 20.38067 21.1286 22.22048 23.53856 24.8954 26.11454 27.05446 27.53841 27.72159 27.74174 27.51669 27.04428 26.33572 25.21787 23.96431 22.66847 21.21499 19.86639 18.64126 17.6228 16.80011 16.14306 15.60981 15.16902 14.90203 14.66646 14.41621 14.18749 14.04935 13.99767 14.03078 14.03838 14.0174 13.9718 13.9271 13.88509 13.85873 13.86941 13.91348 14.0189 14.2355 14.58626 15.10126 18.90353 30.02746 29.08716 29.90345 31.2475 33.13428 35.34066 37.50184 39.49122
18.96703 19.08821 19.12646 19.23177 19.54515 19.91682 20.2116 20.44173 20.67363 21.04473 21.63744 22.53169 23.80616 25.27883 26.71612 28.07899 29.24224 29.68448 29.72639 29.42572 28.92046 28.12607 27.13824 25.76245 24.1997 22.66778 21.14901 19.70311 18.35525 17.29379 16.44336 15.76567 15.21277 14.83657 14.62369 14.40711 14.19867 14.03558 13.97248 14.04558 14.17316 14.25576 14.3017 14.33313 14.37197 14.37169 14.32971 14.31039 14.29691 14.3545 14.45445 14.65983 15.00115 15.50013 26.78936 30.11796 29.16538 29.28018 30.03054 31.38891 33.11755 35.14325
19.04819 19.24958 19.31256 19.51662 20.0215 20.58767 21.06926 21.40768 21.71779 22.13748 22.82639 23.90632 25.41667 27.09132 28.54748 29.79929 30.89132 31.44444 31.42422 31.07044 30.32705 29.22152 27.96919 26.33665 24.44816 22.65171 20.97328 19.41681 18.02842 16.97339 16.12708 15.44493 14.89492 14.58234 14.41409 14.23795 14.06734 13.95549 13.97892 14.13707 14.44153 14.65639 14.74174 14.8296 14.91108 14.95519 14.92964 14.88243 14.83552 14.83417 14.85376 14.90653 15.08837 15.45549 19.88234 31.39443 30.53356 28.9985 28.60081 29.09477 30.10736 31.59546
19.49103 19.75733 19.91049 20.18124 20.75937 21.44611 22.03313 22.4269 22.75452 23.18807 23.85605 24.93194 26.49873 28.23869 29.62356 30.54598 31.38245 31.94144 31.9586 31.65275 30.84236 29.46413 28.13293 26.29046 24.19419 22.29331 20.56497 18.9739 17.66596 16.71727 15.93909 15.3305 14.86134 14.59415 14.45837 14.33959 14.24472 14.21141 14.27139 14.53328 14.83816 15.05692 15.19947 15.37299 15.53983 15.63676 15.64226 15.61755 15.59764 15.52135 15.46035 15.42881 15.54499 16.04021 16.8563 27.7167 35.24903 30.91584 28.79037 28.19949 28.35675 29.19785
20.45685 20.73695 21.0047 21.42415 22.01253 22.71096 23.36544 23.80614 24.06818 24.3175 24.79752 25.6533 26.82372 28.13886 29.14283 29.88957 30.63572 30.99415 30.90665 30.66632 29.766 28.28619 26.77496 24.95237 23.06072 21.30659 19.77789 18.37213 17.25392 16.48408 15.83613 15.37303 15.04722 14.83427 14.70478 14.61836 14.60655 14.68177 14.82115 15.08425 15.34202 15.58235 15.82701 16.08301 16.35919 16.50663 16.52607 16.48235 16.4405 16.3784 16.34478 16.34635 16.69504 17.50856 18.43296 21.69399 32.93571 37.12762 31.3126 28.66982 27.49644 27.42462
21.78848 22.06621 22.37853 22.83479 23.54196 24.35974 25.12511 25.51017 25.58093 25.47562 25.55271 25.93775 26.56021 27.3455 27.95863 28.5452 29.1686 29.35986 29.18617 28.71667 27.66773 26.25239 24.67791 23.05281 21.46743 19.99388 18.74645 17.653 16.83058 16.22764 15.71529 15.38418 15.18632 15.06742 14.99547 14.95146 15.02662 15.17016 15.38215 15.67734 16.00742 16.30467 16.64845 17.0184 17.40188 17.64567 17.6964 17.58592 17.49571 17.44891 17.44063 17.61486 18.34968 19.36197 20.40616 21.23992 26.00877 36.94739 39.17054 31.50158 27.8859 26.43668
23.19216 23.55288 23.75057 24.15189 24.89269 25.91975 26.94306 27.25153 26.81443 26.35688 26.06087 25.87033 26.071 26.43986 26.67048 26.99467 27.28873 27.32661 27.13099 26.5022 25.48034 24.0937 22.71052 21.37097 20.05213 18.9272 17.9288 17.07597 16.49448 16.02207 15.62598 15.38715 15.29957 15.30304 15.33243 15.37883 15.53624 15.72399 15.97686 16.328 16.71356 17.13575 17.59363 18.13958 18.72712 19.07902 19.12928 19.00702 18.87475 18.77484 18.70983 19.38035 20.36497 21.50881 22.73457 23.81282 24.51167 26.99489 37.07343 41.21142 32.16847 27.21992
24.5873 24.97626 25.07604 25.31992 26.00962 26.98915 27.71418 27.78242 27.01545 26.31944 25.754 25.2248 25.11135 25.15379 25.14248 25.21649 25.28455 25.26426 25.00064 24.4662 23.52914 22.35464 21.1092 19.93491 18.89538 18.04917 17.26721 16.66856 16.27287 15.93957 15.68472 15.53789 15.49918 15.55836 15.64632 15.77504 15.95903 16.171 16.48034 16.91919 17.43097 17.94398 18.5656 19.40454 20.32766 20.83813 20.90106 20.70279 20.44874 20.25718 20.8213 21.6413 22.70264 24.01171 25.30993 26.58262 27.38906 27.55206 27.02137 28.39878 37.2169 37.5217
26.09173 26.30991 26.29364 26.33484 26.80166 27.30456 27.5596 27.3242 26.35083 25.46629 24.70385 24.0765 23.72021 23.49879 23.39497 23.39293 23.3889 23.25601 22.98147 22.50056 21.71327 20.73441 19.69046 18.69947 17.9031 17.21523 16.66711 16.34657 16.11388 15.92958 15.82029 15.78008 15.79492 15.89039 16.01322 16.18801 16.40013 16.64842 17.0072 17.49405 18.10654 18.78164 19.65467 21.10072 23.01946 23.19007 23.03232 22.68107 22.97626 23.62392 24.32946 24.95232 25.8036 27.05207 28.33335 29.58257 30.49969 30.76228 30.01275 28.67948 27.30593 26.27514
27.35983 27.37356 27.15794 27.01037 27.11209 27.18015 27.09738 26.51079 25.37321 24.31458 23.38372 22.69853 22.25504 21.96054 21.81606 21.76377 21.70391 21.52194 21.14939 20.68641 20.04459 19.24641 18.38404 17.69605 17.1398 16.59646 16.24257 16.08297 15.98754 15.96294 16.0181 16.10174 16.21181 16.3514 16.50246 16.7121 16.94939 17.23803 17.58813 18.08526 18.81323 19.72705 21.76597 26.93032 40.75512 80.44224 50.50098 86.4121 39.77676 33.39331 31.33736 30.34757 30.58491 31.41099 32.37549 33.28866 33.95877 34.44856 33.63756 31.67031 29.77788 28.26006
27.61014 27.61454 27.32494 27.15317 27.00021 26.79101 26.47452 25.55356 24.35343 23.22395 22.2471 21.49345 21.00114 20.68354 20.46707 20.31419 20.21531 20.03291 19.74398 19.35817 18.81013 18.19678 17.56917 17.11244 16.72628 16.34688 16.11318 16.02832 16.00335 16.07992 16.24606 16.42614 16.6258 16.83403 17.05983 17.33488 17.63147 17.93986 18.27881 18.80167 19.52774 20.69344 24.44381 34.43682 100 36.90682 43.3868 44.77187 45.0157 73.32259 55.08567 42.25126 39.50355 38.78365 38.5128 38.35498 38.19539 38.08366 37.26395 34.69941 32.06128 29.96674
26.90842 26.77236 26.48798 26.40362 26.1471 25.85637 25.43285 24.44911 23.27477 22.18209 21.25266 20.5228 20.00599 19.68317 19.49886 19.36799 19.27132 19.13798 18.96073 18.69898 18.32301 17.87706 17.42656 17.07112 16.77133 16.488 16.28772 16.20098 16.18232 16.29349 16.51648 16.77388 17.05818 17.36728 17.69529 18.05393 18.42908 18.75781 19.09531 19.55461 20.12296 21.60919 25.82487 38.1843 100 34.34413 42.41159 46.66333 46.64482 44.2874 53.00862 68.57881 61.76591 53.7574 49.29444 45.87521 43.51513 41.88942 40.25954 37.72639 34.73819 32.23799
1.70141E+38 1.70141E+38 1.70141E+38 1.70141E+38 1.70141E+38 1.70141E+38 1.70141E+38 1.70141E+38 1.70141E+38 1.70141E+38 1.70141E+38 1.70141E+38 1.70141E+38 1.70141E+38 1.70141E+38 1.70141E+38 1.70141E+38 1.70141E+38 1.70141E+38 1.70141E+38 1.70141E+38 1.70141E+38 1.70141E+38 1.70141E+38 1.70141E+38 1.70141E+38 1.70141E+38 1.70141E+38 1.70141E+38 1.70141E+38 1.70141E+38 1.70141E+38 1.70141E+38 1.70141E+38 1.70141E+38 1.70141E+38 1.70141E+38 1.70141E+38 1.70141E+38 1.70141E+38 1.70141E+38 1.70141E+38 1.70141E+38 1.70141E+38 1.70141E+38 1.70141E+38 1.70141E+38 1.70141E+38 1.70141E+38 1.70141E+38 1.70141E+38 1.70141E+38 1.70141E+38 1.70141E+38 1.70141E+38 1.70141E+38 1.70141E+38 1.70141E+38 1.70141E+38 1.70141E+38 1.70141E+38 1.70141E+38
1.70141E+38 1.70141E+38 1.70141E+38 1.70141E+38 1.70141E+38 1.70141E+38 1.70141E+38 1.70141E+38 1.70141E+38 1.70141E+38 1.70141E+38 1.70141E+38 1.70141E+38 1.70141E+38 1.70141E+38 1.70141E+38 1.70141E+38 1.70141E+38 1.70141E+38 1.70141E+38 1.70141E+38 1.70141E+38 1.70141E+38 1.70141E+38 1.70141E+38 1.70141E+38 1.70141E+38 1.70141E+38 1.70141E+38 1.70141E+38 1.70141E+38 1.70141E+38 1.70141E+38 1.70141E+38 1.70141E+38 1.70141E+38 1.70141E+38 1.70141E+38 1.70141E+38 1.70141E+38 1.70141E+38 1.70141E+38 1.70141E+38 1.70141E+38 1.70141E+38 1.70141E+38 1.70141E+38 1.70141E+38 1.70141E+38 1.70141E+38 1.70141E+38 1.70141E+38 1.70141E+38 1.70141E+38 1.70141E+38 1.70141E+38 1.70141E+38 1.70141E+38 1.70141E+38 1.70141E+38 1.70141E+38 1.70141E+38
1.70141E+38 1.70141E+38 1.70141E+38 1.70141E+38 1.70141E+38 1.70141E+38 1.70141E+38 1.70141E+38 1.70141E+38 1.70141E+38 1.70141E+38 1.70141E+38 1.70141E+38 1.70141E+38 1.70141E+38 1.70141E+38 1.70141E+38 1.70141E+38 1.70141E+38 1.70141E+38 1.70141E+38 1.70141E+38 1.70141E+38 1.70141E+38 1.70141E+38 1.70141E+38 1.70141E+38 1.70141E+38 1.70141E+38 1.70141E+38 1.70141E+38 1.70141E+38 1.70141E+38 1.70141E+38 1.70141E+38 1.70141E+38 1.70141E+38 1.70141E+38 1.70141E+38 1.70141E+38 1.70141E+38 1.70141E+38 1.70141E+38 1.70141E+38 1.70141E+38 1.70141E+38 1.70141E+38 1.70141E+38 1.70141E+38 1.70141E+38 1.70141E+38 1.70141E+38 1.70141E+38 1.70141E+38 1.70141E+38 1.70141E+38 1.70141E+38 1.70141E+38 1.70141E+38 1.70141E+38 1.70141E+38 1.70141E+38
1.70141E+38 1.70141E+38 1.70141E+38 1.70141E+38 1.70141E+38 1.70141E+38 1.70141E+38 1.70141E+38 1.70141E+38 1.70141E+38 1.70141E+38 1.70141E+38 1.70141E+38 1.70141E+38 1.70141E+38 1.70141E+38 1.70141E+38 1.70141E+38 1.70141E+38 1.70141E+38 1.70141E+38 1.70141E+38 1.70141E+38 1.70141E+38 1.70141E+38 1.70141E+38 1.70141E+38 1.70141E+38 1.70141E+38 1.70141E+38 1.70141E+38 1.70141E+38 1.70141E+38 1.70141E+38 1.70141E+38 1.70141E+38 1.70141E+38 1.70141E+38 1.70141E+38 1.70141E+38 1.70141E+38 1.70141E+38 1.70141E+38 1.70141E+38 1.70141E+38 1.70141E+38 1.70141E+38 1.70141E+38 1.70141E+38 1.70141E+38 1.70141E+38 1.70141E+38 1.70141E+38 1.70141E+38 1.70141E+38 1.70141E+38 1.70141E+38 1.70141E+38 1.70141E+38 1.70141E+38 1.70141E+38 1.70141E+38
1.70141E+38 1.70141E+38 1.70141E+38 1.70141E+38 1.70141E+38 1.70141E+38 1.70141E+38 1.70141E+38 1.70141E+38 1.70141E+38 1.70141E+38 1.70141E+38 1.70141E+38 1.70141E+38 1.70141E+38 1.70141E+38 1.70141E+38 1.70141E+38 1.70141E+38 1.70141E+38 1.70141E+38 1.70141E+38 1.70141E+38 1.70141E+38 1.70141E+38 1.70141E+38 1.70141E+38 1.70141E+38 1.70141E+38 1.70141E+38 1.70141E+38 1.70141E+38 1.70141E+38 1.70141E+38 1.70141E+38 1.70141E+38 1.70141E+38 1.70141E+38 1.70141E+38 1.70141E+38 1.70141E+38 1.70141E+38 1.70141E+38 1.70141E+38 1.70141E+38 1.70141E+38 1.70141E+38 1.70141E+38 1.70141E+38 1.70141E+38 1.70141E+38 1.70141E+38 1.70141E+38 1.70141E+38 1.70141E+38 1.70141E+38 1.70141E+38 1.70141E+38 1.70141E+38 1.70141E+38 1.70141E+38 1.70141E+38
1.70141E+38 1.70141E+38 1.70141E+38 1.70141E+38 1.70141E+38 1.70141E+38 1.70141E+38 1.70141E+38 1.70141E+38 1.70141E+38 1.70141E+38 1.70141E+38 1.70141E+38 1.70141E+38 1.70141E+38 1.70141E+38 1.70141E+38 1.70141E+38 1.70141E+38 1.70141E+38 1.70141E+38 1.70141E+38 1.70141E+38 1.70141E+38 1.70141E+38 1.70141E+38 1.70141E+38 1.70141E+38 1.70141E+38 1.70141E+38 1.70141E+38 1.70141E+38 1.70141E+38 1.70141E+38 1.70141E+38 1.70141E+38 1.70141E+38 1.70141E+38 1.70141E+38 1.70141E+38 1.70141E+38 1.70141E+38 1.70141E+38 1.70141E+38 1.70141E+38 1.70141E+38 1.70141E+38 1.70141E+38 1.70141E+38 1.70141E+38 1.70141E+38 1.70141E+38 1.70141E+38 1.70141E+38 1.70141E+38 1.70141E+38 1.70141E+38 1.70141E+38 1.70141E+38 1.70141E+38 1.70141E+38 1.70141E+38
1.70141E+38 1.70141E+38 1.70141E+38 1.70141E+38 1.70141E+38 1.70141E+38 1.70141E+38 1.70141E+38 1.70141E+38 1.70141E+38 1.70141E+38 1.70141E+38 1.70141E+38 1.70141E+38 1.70141E+38 1.70141E+38 1.70141E+38 1.70141E+38 1.70141E+38 1.70141E+38 1.70141E+38 1.70141E+38 1.70141E+38 1.70141E+38 1.70141E+38 1.70141E+38 1.70141E+38 1.70141E+38 1.70141E+38 1.70141E+38 1.70141E+38 1.70141E+38 1.70141E+38 1.70141E+38 1.70141E+38 1.70141E+38 1.70141E+38 1.70141E+38 1.70141E+38 1.70141E+38 1.70141E+38 1.70141E+38 1.70141E+38 1.70141E+38 1.70141E+38 1.70141E+38 1.70141E+38 1.70141E+38 1.70141E+38 1.70141E+38 1.70141E+38 1.70141E+38 1.70141E+38 1.70141E+38 1.70141E+38 1.70141E+38 1.70141E+38 1.70141E+38 1.70141E+38 1.70141E+38 1.70141E+38 1.70141E+38
1.70141E+38 1.70141E+38 1.70141E+38 1.70141E+38 1.70141E+38 1.70141E+38 1.70141E+38 1.70141E+38 1.70141E+38 1.70141E+38 1.70141E+38 1.70141E+38 1.70141E+38 1.70141E+38 1.70141E+38 1.70141E+38 1.70141E+38 1.70141E+38 1.70141E+38 1.70141E+38 1.70141E+38 1.70141E+38 1.70141E+38 1.70141E+38 1.70141E+38 1.70141E+38 1.70141E+38 1.70141E+38 1.70141E+38 1.70141E+38 1.70141E+38 1.70141E+38 1.70141E+38 1.70141E+38 1.70141E+38 1.70141E+38 1.70141E+38 1.70141E+38 1.70141E+38 1.70141E+38 1.70141E+38 1.70141E+38 1.70141E+38 1.70141E+38 1.70141E+38 1.70141E+38 1.70141E+38 1.70141E+38 1.70141E+38 1.70141E+38 1.70141E+38 1.70141E+38 1.70141E+38 1.70141E+38 1.70141E+38 1.70141E+38 1.70141E+38 1.70141E+38 1.70141E+38 1.70141E+38 1.70141E+38 1.70141E+38
