py_wake/examples/data/AJ_ParqueFicticio/Ridge area   Sector 2   Height 30m   Power density.grd
DSAA
90  129
 262878   265103
 6504214   6507414
 .4300563   128.6981
[rows 27 to 53 of 129, columns 0 to 61 of 90]
4.771865 4.944807 5.212847 5.498014 5.775528 6.086036 6.39307 6.66102 6.883301 7.009692 6.94141 6.711017 6.358817 5.967238 5.633246 5.33151 5.107164 4.967386 4.871943 4.837328 5.032556 5.349154 5.699474 6.160621 6.695795 7.430683 8.425243 9.775939 11.52005 13.60423 15.94447 18.47665 21.20421 24.1652 26.87573 29.72303 32.60923 35.29513 38.17684 40.4775 41.72749 42.86222 43.87757 44.49036 44.23091 42.87517 40.8596 37.40353 33.22495 28.46619 23.38013 18.97187 15.49623 12.54157 10.01426 7.874701 6.104112 1.997235 1.54808 1.254839 1.071969 .9888512
4.619566 4.840337 5.135115 5.439864 5.760728 6.132752 6.521636 6.909493 7.24914 7.456659 7.45161 7.226182 6.796677 6.283097 5.770612 5.299645 4.94423 4.694421 4.520411 4.419303 4.482002 4.62555 4.795284 5.093951 5.433948 5.920829 6.695369 7.916216 9.623747 11.64289 13.80212 16.11269 18.75704 21.62771 24.44132 27.25851 30.1479 32.81142 35.75306 38.32595 40.28347 42.05581 43.51476 44.13809 43.41245 41.66516 39.30807 35.75052 31.20989 26.50778 21.59379 17.38137 14.25505 11.67285 9.541016 7.720335 6.020193 4.590032 1.450614 1.202084 1.054205 1.006791
4.456967 4.729927 5.050786 5.349092 5.690275 6.106065 6.561641 7.052686 7.556506 7.913198 7.93395 7.630407 7.172702 6.618243 6.032475 5.449594 4.96548 4.595314 4.299973 4.108486 4.059969 4.043439 4.037421 4.158249 4.328911 4.565393 5.21873 6.312047 7.778405 9.510924 11.36407 13.44937 15.78741 18.51643 21.42655 24.22319 27.11047 29.95688 33.05578 36.05929 38.71932 41.2989 43.52903 44.42203 43.2979 41.11393 38.21442 34.36299 29.63535 24.85162 19.943 15.94251 13.19297 10.99381 9.179549 7.644262 6.058419 4.622577 1.407132 1.197313 1.097569 1.076727
4.265264 4.586394 4.919596 5.22619 5.578938 5.992164 6.458857 6.997548 7.612414 8.103107 8.144533 7.846174 7.410427 6.91721 6.381277 5.769244 5.202661 4.710694 4.288419 4.005003 3.904873 3.758832 3.625525 3.648616 3.683912 3.738393 4.235353 5.210478 6.421225 7.839529 9.438323 11.13671 12.96455 15.46452 18.35123 21.22224 24.07743 27.11967 30.52637 34.02869 37.48655 41.02465 44.16693 45.25676 44.18125 41.57101 37.80632 33.43605 28.39977 23.43799 18.6946 14.94842 12.53901 10.65061 9.039642 7.700189 6.33526 4.903127 1.442892 1.284033 1.246789 1.268603
3.970982 4.318305 4.6675 4.978873 5.331258 5.737744 6.177772 6.671947 7.233438 7.695214 7.819595 7.711536 7.463984 7.091999 6.653453 6.102406 5.515884 4.980734 4.566137 4.309849 4.142722 3.964587 3.832926 3.821659 3.785686 3.811001 4.138578 4.940354 5.878442 6.975559 8.292982 9.780134 11.48742 13.67121 16.20057 18.87853 21.68834 24.7703 28.35392 32.25954 36.21458 40.472 43.94595 45.21748 44.52608 42.07152 37.72939 32.91483 27.69378 22.68778 18.17588 14.61687 12.36811 10.72563 9.239616 8.041299 6.916539 5.569713 1.665557 1.509877 1.674478 1.355338
3.652603 4.024909 4.390556 4.701671 5.046059 5.420403 5.812198 6.214175 6.645255 7.035068 7.225706 7.28721 7.254009 7.07612 6.774062 6.307911 5.764431 5.331754 5.063479 4.848763 4.660427 4.547318 4.477518 4.435092 4.402266 4.43973 4.662659 5.150742 5.905725 6.754769 7.873871 9.237204 10.87186 12.67852 14.70403 17.08029 19.74368 22.82006 26.45785 30.4434 34.79868 39.38542 42.74079 44.41646 44.19383 42.034 38.02834 32.8144 27.59746 22.59872 18.16327 14.71618 12.54765 11.08163 9.675572 8.527681 7.609852 6.367147 4.977906 1.930957 2.363527 1.464942
3.318439 3.705597 4.091659 4.415842 4.770815 5.126512 5.464645 5.780688 6.095976 6.409879 6.661583 6.850751 6.971254 6.943808 6.746615 6.395436 5.946836 5.721813 5.656367 5.535132 5.421676 5.363857 5.339989 5.342908 5.316011 5.309832 5.492911 5.857842 6.348724 7.15918 8.111226 9.180892 10.59719 12.12975 13.79534 15.89908 18.4207 21.284 24.81544 28.79953 33.35773 38.19909 41.56842 43.481 43.71538 41.83497 38.43398 33.37499 28.02489 23.0852 18.92494 15.51755 13.24481 11.70282 10.49603 9.436876 8.568457 7.32159 5.829663 3.797433 2.778668 1.627281
2.968022 3.381653 3.796946 4.147535 4.536406 4.904111 5.22963 5.525559 5.792336 6.05643 6.338899 6.608275 6.812036 6.875718 6.732678 6.432904 6.193979 6.179544 6.253516 6.303701 6.288138 6.295736 6.39643 6.482657 6.482011 6.531759 6.771345 7.183432 7.723989 8.43132 9.335578 10.33449 11.5664 12.82537 14.36862 16.37087 18.46193 21.19712 24.38242 28.14429 32.79731 37.56252 40.78283 42.88272 43.54633 41.99907 39.27594 34.69461 29.65673 24.93288 20.65563 17.16218 14.47625 12.74393 11.63315 10.80246 9.825826 8.421806 6.759277 5.001078 3.292835 1.878935
2.671984 3.101785 3.528814 3.900524 4.355155 4.78296 5.162305 5.500699 5.791016 6.065221 6.360391 6.654329 6.899181 6.995022 6.899663 6.702345 6.650569 6.768766 6.883397 6.990687 7.10826 7.314339 7.591858 7.864476 8.100607 8.41193 8.819061 9.490675 10.31249 10.99601 11.8248 13.05029 14.2515 15.44092 17.06438 18.72156 20.68408 23.14736 25.99208 29.19964 33.52869 37.89684 40.88873 43.11424 44.1627 43.12194 40.81594 37.01664 32.0833 27.59951 23.54734 19.79145 16.65907 14.45361 13.06539 12.09537 11.07722 9.594031 7.751496 5.820627 3.866187 2.181236
2.439494 2.85242 3.267764 3.644706 4.181289 4.695121 5.159983 5.569314 5.925145 6.258203 6.575058 6.886211 7.196203 7.340885 7.336989 7.307416 7.33034 7.453864 7.626402 7.751352 7.975217 8.373963 8.847573 9.482844 10.16692 10.86096 11.70133 12.77981 13.95767 14.87801 15.69241 16.61321 18.0129 19.3967 21.02808 22.71274 24.51042 26.61442 28.95699 31.74285 35.39011 39.18369 42.00409 44.38926 46.01502 45.50106 43.1702 39.64409 35.49623 31.18877 27.26214 23.28533 19.49807 16.48326 14.49465 13.21879 12.1392 10.68979 8.778084 6.662275 4.536671 2.546929
2.268375 2.627478 3.006502 3.390649 4.005006 4.606068 5.158447 5.645232 6.083169 6.495999 6.876305 7.288468 7.709265 7.943622 8.060627 8.131311 8.183637 8.282511 8.454352 8.667654 9.093977 9.618694 10.34596 11.33052 12.49566 13.7184 15.02948 16.59284 18.33849 19.54971 20.40352 21.25916 22.38214 24.14083 25.73497 27.41594 29.16318 30.8167 32.46438 34.76803 38.04538 41.54789 44.43047 47.00605 49.09243 49.28925 46.71539 43.10025 39.354 35.33316 31.20101 27.20623 22.74248 18.63371 15.70991 13.98949 12.90258 11.52357 9.685224 7.53984 5.306653 2.222847
2.177903 2.434061 2.763763 3.166156 3.832 4.486197 5.10293 5.674635 6.185048 6.72486 7.229426 7.833131 8.424495 8.827188 9.007504 9.115169 9.264376 9.503407 9.65626 10.00158 10.62005 11.35779 12.27397 13.49716 15.02765 16.73733 18.54468 20.51921 22.62528 24.30835 25.51776 26.63974 27.6591 29.0346 30.7775 32.48589 33.97824 35.29847 36.70687 38.83236 41.93869 45.39186 48.46639 50.85684 52.85234 53.22742 50.89464 47.39833 43.64384 39.79187 35.54434 31.09546 25.95718 20.62169 16.42461 13.9572 12.79319 11.77433 10.33869 8.396737 6.158554 3.707097
2.132764 2.319522 2.597383 3.042562 3.68748 4.353016 5.027438 5.679011 6.307248 6.937878 7.583766 8.376931 9.151723 9.748895 10.11467 10.39516 10.78303 11.15262 11.59026 12.09882 12.722 13.52483 14.61882 16.16734 17.94507 19.98825 22.21692 24.50591 26.83237 28.98837 30.69862 32.17911 33.54854 34.59877 36.12139 37.77284 39.33625 40.61872 41.87827 43.96067 46.80669 50.01813 52.69948 54.77207 56.52057 56.7225 54.86949 52.16545 48.63718 44.45424 40.17993 35.21283 29.03339 22.32087 16.70633 13.23839 11.81882 11.4099 10.74469 9.202536 7.086067 4.471831
2.217892 2.310428 2.546511 3.001009 3.569258 4.206296 4.913857 5.618393 6.349771 7.118882 7.957563 8.943869 9.902495 10.68451 11.36792 12.06738 12.64622 13.28627 14.05029 14.67783 15.31186 16.10033 17.35448 19.2353 21.4009 23.79517 26.28616 28.84114 31.54309 34.03727 36.18411 38.05061 39.74789 40.78015 41.65865 43.19017 44.6724 45.95272 47.22425 49.06856 51.56163 54.41918 56.81025 58.86586 60.4817 60.7222 59.20571 56.69334 53.36216 49.12358 44.77176 39.60271 32.23771 23.77176 16.84389 12.17307 10.22248 10.5598 10.97196 10.15632 8.210942 5.246015
2.430915 2.396564 2.572972 2.937078 3.45382 4.052144 4.765504 5.525965 6.34254 7.246797 8.267911 9.447928 10.60338 11.69233 12.73868 13.78255 14.74325 15.62556 16.64229 17.40954 18.02486 18.97304 20.47169 22.65386 25.12196 27.86446 30.58567 33.43671 36.32557 39.20655 41.4433 43.56013 45.29446 46.15716 46.94959 48.44904 49.89774 50.73695 51.73161 53.46421 55.8501 58.91518 61.37336 62.88021 64.25124 64.60644 63.4899 60.80276 57.47522 53.60814 48.91742 43.22568 35.33248 25.60938 17.13661 11.13443 8.435384 9.295046 11.08997 11.21722 9.46481 5.941096
2.784103 2.571769 2.579834 2.795306 3.25826 3.893897 4.654164 5.4062 6.299329 7.288357 8.476002 9.847641 11.19207 12.52243 13.84392 15.20223 16.50616 17.72266 18.86387 19.82848 20.82725 21.84189 23.38151 25.59831 28.1994 31.03112 33.8418 36.8394 39.98934 43.00407 45.16097 47.35427 48.70711 49.64046 50.69602 52.02053 53.04409 53.60539 54.76611 56.67171 59.44947 62.10251 63.94699 65.29987 66.69757 67.14567 66.28118 64.22937 61.01146 57.01492 52.03758 45.7495 37.93647 27.75795 17.82819 10.3717 6.862531 8.037543 11.2516 12.44239 11.01535 7.044023
3.242894 2.796449 2.589765 2.687541 3.038028 3.68333 4.504535 5.302358 6.172765 7.251686 8.568438 10.09941 11.61801 13.14867 14.69766 16.24143 17.73765 19.23516 20.76643 22.16261 23.30009 24.33625 25.79939 27.76551 30.14279 32.80688 35.39533 38.31699 41.64704 44.62493 46.83318 48.92489 50.19839 51.41363 52.70586 53.76184 54.72246 55.65713 57.1879 59.29355 61.67192 63.77673 65.64322 67.14237 68.57773 69.01434 68.15558 66.422 63.55127 59.40768 54.24298 47.882 40.00683 29.90829 19.35253 10.8427 6.38626 7.483698 11.66662 14.00244 12.73863 9.109483
3.99075 3.257381 2.793259 2.731016 2.975956 3.486199 4.204348 5.001734 6.029161 7.204409 8.561426 10.07781 11.76101 13.5126 15.30175 17.0889 18.6663 20.24451 22.03794 23.92098 25.27083 26.48755 27.89479 29.43837 31.50352 33.86893 35.96939 38.8165 42.64636 45.81028 47.88529 49.60406 50.57936 51.98113 53.58144 54.67244 55.76442 57.23374 59.13733 60.91151 62.82178 65.05878 67.22718 69.01724 70.56565 70.9141 69.59878 67.74153 65.09348 61.11129 55.99176 49.84099 42.20464 32.60513 21.82279 12.37587 6.884453 7.620374 12.43114 15.46286 14.42895 10.97038
5.151237 4.136196 3.365665 3.029313 3.073795 3.300602 3.794353 4.506766 5.554926 6.862462 8.439712 10.24306 12.06522 13.98158 15.98937 18.06962 19.80789 21.40926 23.38109 25.51335 27.04973 28.64817 30.48163 31.93291 33.61538 35.46581 37.38629 40.06736 43.77601 46.57038 48.05267 49.42408 50.52753 51.95391 53.60211 54.75542 55.87708 57.72837 59.74286 61.595 63.57974 66.15151 69.00588 70.90882 72.15117 72.20518 70.79218 68.51715 65.87996 62.3589 57.44587 51.74386 44.53349 35.60143 24.98142 14.93272 8.539618 8.585544 13.28035 16.75937 15.82957 12.19687
6.572467 5.301497 4.122992 3.372328 3.098102 3.055285 3.280111 3.838106 4.819536 6.067236 7.577981 9.366578 11.23619 13.23012 15.41747 17.66031 19.56966 21.41133 23.40797 25.21482 26.67433 28.14263 29.41802 30.39049 31.61548 33.31635 35.36297 37.7445 40.78415 43.61678 45.35434 46.80531 48.33456 49.97625 51.6657 53.12425 54.45022 56.47949 58.65704 60.56011 62.96541 66.02158 68.97899 70.8112 71.84492 72.14359 71.15554 69.18152 66.57402 63.33133 58.81271 53.5495 46.94321 38.78112 28.89798 18.88035 11.95219 10.62238 14.28371 17.33446 16.44523 12.67457
8.039051 6.764622 5.252253 4.010819 3.268099 2.971699 2.944901 3.276978 4.044709 5.030156 6.236929 7.705733 9.272422 11.05688 13.00169 14.96312 16.86738 18.67823 20.48401 22.08103 23.25166 24.22513 25.05602 25.73052 26.75826 28.24282 30.06618 32.15883 34.72521 37.52819 39.89782 41.85633 43.96587 45.94816 47.91909 49.81355 51.47348 53.69183 56.11564 58.40215 61.03944 64.42209 67.53219 69.56161 71.16914 71.54177 71.07511 69.96154 67.63504 64.49399 60.25455 55.34108 49.49841 42.35055 33.64542 24.45342 16.90948 13.85235 15.57562 17.52875 16.17427 12.71795
9.425982 8.438118 6.926737 5.296864 4.012115 3.379799 3.102863 3.123266 3.44712 4.030315 4.856684 5.947781 7.073952 8.443502 10.08975 11.81347 13.50062 15.21585 16.90438 18.28507 19.13683 19.77636 20.27487 20.66093 21.09915 22.25059 23.93069 25.88127 28.04562 30.43872 33.11481 35.73051 38.27156 40.81506 43.14207 45.56086 47.91938 50.42347 53.43179 56.20091 59.09204 62.62047 65.78446 68.17995 70.12756 71.04803 71.12398 70.66182 69.15225 65.83832 61.69352 56.99177 51.87506 45.62305 38.27467 30.41476 22.65933 18.0793 17.78621 18.28802 16.99262 15.6767
11.79462 10.07035 8.787971 6.967227 5.292206 4.244875 3.620299 3.25814 3.12009 3.289944 3.755659 4.459018 5.175797 6.107721 7.471663 8.846395 10.3832 11.90174 13.34738 14.57231 15.36581 15.76588 16.03602 16.23748 16.48766 17.00602 18.23906 19.82398 21.60201 23.82142 26.33691 29.08534 31.86681 34.87152 37.8609 40.64442 43.72032 46.87463 50.48638 53.95831 57.0041 60.76991 64.20817 66.82266 69.35462 70.98892 71.41271 71.25705 70.326 67.22735 63.02792 58.40343 53.67647 48.45134 42.26395 35.90799 29.46716 24.14775 21.89945 21.57551 22.28423 26.73533
14.74408 12.61921 10.46731 8.901609 7.108367 5.533525 4.394273 3.59683 3.119398 3.008637 3.25571 3.648371 4.067399 4.658676 5.539516 6.474662 7.71034 8.969577 10.123 11.20457 12.02477 12.43668 12.666 12.96321 13.10502 13.27606 13.97109 15.07165 16.53798 18.34031 20.26586 22.75459 25.66471 28.96065 32.20642 35.24335 38.79576 42.94523 47.16006 51.43973 54.93743 59.02528 62.88699 65.97137 69.04746 71.39637 72.23238 71.98785 71.02462 68.38702 64.1583 59.61569 55.32209 50.88631 45.9544 41.34821 36.96737 32.56295 30.01934 30.748 36.35756 45.88876
17.94045 15.93625 13.45412 10.90099 9.154525 7.358678 5.805289 4.525217 3.674453 3.225058 3.201098 3.407956 3.693955 3.942512 4.253076 4.719055 5.505001 6.558407 7.483326 8.356812 9.199359 9.811533 10.2226 10.53835 10.76595 10.88311 11.10554 11.83103 12.5917 13.65474 15.36933 17.50863 20.43423 23.64474 26.6602 29.63601 33.79976 38.58164 43.53468 48.50701 52.80397 57.3675 61.94606 65.66811 69.34459 72.40434 73.4714 72.80898 71.75275 69.48812 65.43846 60.88197 56.84467 53.2986 49.91404 46.98102 44.79935 42.79263 42.4542 46.06153 53.83973 63.08184
21.14598 19.35423 17.01532 14.43148 11.65664 9.236907 7.433919 5.831686 4.577161 3.696345 3.38842 3.527075 3.730091 3.688509 3.505358 3.458527 3.843973 4.714314 5.501981 6.192208 7.031016 7.836956 8.469912 8.963 9.243537 9.215985 9.130969 9.429074 9.708799 10.23479 11.58429 13.3708 16.02332 19.224 22.24956 25.42338 29.7023 34.70511 39.97179 45.41074 50.74255 56.08579 61.30441 65.985 70.64426 74.41485 75.3979 74.35484 72.94503 70.72932 66.9767 62.50422 58.74525 55.8446 53.55216 52.59835 52.37596 52.76784 54.62685 59.98161 67.9747 76.04823
24.36584 22.56709 20.3043 17.67604 14.79084 11.89666 9.287886 7.495651 6.025584 4.804747 4.229148 4.267323 4.289843 3.903768 3.370674 2.935566 3.089007 3.758795 4.381143 4.967516 5.814016 6.756387 7.597738 8.331806 8.715871 8.619455 8.41242 8.591362 8.579193 8.701882 9.818881 11.29724 13.71475 16.93909 20.27399 23.69209 27.75825 32.36646 37.69006 43.76246 49.83447 55.80098 61.6843 67.07115 72.79279 76.88692 77.75856 76.53059 74.60378 72.3878 69.05625 65.03304 61.6104 59.24101 57.7148 57.82515 59.46138 61.81483 65.39616 71.284 78.74148 86.7883
