py_wake/examples/data/AJ_ParqueFicticio/Ridge area   Sector 8   Height 30m   Power density.grd
DSAA
90  129
 262878   265103
 6504214   6507414
 .03522964   565.9951
[rows 27 to 53 of 129, columns 0 to 61 of 90]
91.87656 92.76879 94.54003 96.25441 97.715 99.15389 100.4232 101.4126 103.0908 104.9267 106.3911 107.4066 108.2614 109.0751 110.252 111.7077 113.3894 115.1433 117.1525 118.9126 122.3594 126.2832 129.8429 133.9096 137.8892 142.5299 148.131 155.1223 163.2938 171.5153 179.7804 188.1034 196.8992 206.0855 214.38 223.025 232.6301 241.9965 252.5687 262.3362 269.148 276.7149 284.3704 290.4375 292.58 288.6342 279.4312 264.002 244.276 221.0038 191.6851 153.9014 105.5063 43.31141 25.70124 9.546261 1.247188 3.466837 4.200918 5.371121 6.506142 7.310027
91.81768 93.24026 95.36836 97.38809 99.37646 101.5198 103.4513 105.1888 107.0008 108.8213 110.0308 110.4664 110.0224 109.2453 108.6195 108.4936 108.8976 109.6032 110.4144 111.9497 114.3419 116.9222 119.2153 122.3249 125.2062 128.4064 133.1237 139.0231 146.5442 154.7176 162.9718 171.0038 179.9458 189.2388 198.1143 207.3427 217.0446 226.5913 237.5946 248.0283 257.1205 266.7876 276.7304 283.5338 284.4759 279.7299 270.224 254.0051 233.4538 210.0209 178.1046 134.8223 83.95814 41.09531 17.1826 4.434101 .8889319 .6295869 4.00075 5.229167 6.423292 7.342282
91.71408 93.65532 95.98956 98.10394 100.4304 103.1224 105.7107 108.3287 110.6421 112.9441 113.6651 112.7264 111.2257 109.6224 108.0097 106.7589 105.9034 105.4689 105.1155 105.719 107.0825 108.1216 108.9759 110.609 112.3366 113.9936 117.888 123.654 130.9561 138.8327 146.4445 154.2436 162.7859 172.0149 181.5892 190.9791 200.9799 210.9145 222.6447 234.5668 245.8603 258.3202 270.8893 278.6962 279.0018 273.031 262.5736 245.756 224.3544 199.8217 164.278 116.0413 66.02065 29.98532 11.69113 .8353165 .6186937 .4059133 3.248228 4.144757 5.050825 5.827652
91.28531 93.6366 96.11063 98.31596 100.8298 103.6476 106.5001 109.6024 112.496 115.1145 115.0594 113.3866 111.4147 109.7378 108.1494 106.4556 104.7749 103.0759 101.4149 101.028 101.6756 101.3526 100.9654 101.7596 102.3418 102.8978 106.465 112.3594 118.9416 125.811 132.8082 139.7513 146.6109 155.8277 166.1759 175.8271 185.7254 196.441 209.3347 222.8442 237.0168 253.1649 268.4203 276.4159 276.3198 269.7122 257.1175 239.6879 216.9741 190.0409 151.6766 101.6291 55.06142 23.89371 8.777033 .658506 .4339395 .2502812 2.604805 3.147877 3.757117 4.354
89.70294 92.19364 94.71127 96.83952 99.36773 102.202 105.0192 107.8179 110.4225 112.5287 112.4188 111.4215 110.1972 108.9921 107.7732 106.2823 104.2688 102.1305 100.6163 100.1817 100.3901 99.63806 99.35897 100.1311 100.1059 100.5608 103.4365 108.1133 112.8531 117.9852 123.755 129.9882 136.8754 145.3267 154.3873 163.9609 173.8161 184.9303 198.4699 213.5391 229.8436 248.2331 264.703 271.8871 272.3268 266.288 252.5959 234.4897 211.4177 183.5057 144.6205 95.14611 51.31556 22.66755 5.501483 .5742517 .3466755 .1710375 2.190043 2.532306 2.926215 3.381221
87.73802 90.28905 92.7959 94.80755 97.13762 99.62526 101.9352 103.9428 105.9557 107.3622 107.5428 107.3621 107.1981 106.9278 106.3186 105.1123 103.3215 102.1045 102.0009 101.9504 101.9531 101.6677 101.707 101.9826 102.4122 103.102 104.9149 107.9558 111.0163 114.3719 119.161 124.809 131.6509 138.6718 145.8801 154.1947 163.7201 174.9681 188.9334 204.7534 222.4832 242.1981 257.8676 265.2984 266.5109 260.9984 248.2467 230.0862 207.8164 179.9586 142.041 94.33052 52.18057 14.45795 6.15018 .5305708 .3051672 .1451484 .05071184 2.189719 2.46098 2.826388
85.46255 88.17666 90.74577 92.65511 94.80479 96.95502 98.74227 99.97373 101.3259 102.2599 102.8485 103.3701 103.9642 104.347 104.1473 103.2473 102.1047 102.6953 104.2563 105.0012 105.575 105.4356 105.41 105.5259 105.5116 105.9256 107.6644 109.7775 111.7261 114.5586 118.1849 122.285 128.1999 133.8822 139.7554 147.3922 156.4391 167.0992 180.699 196.6933 215.4472 236.1859 250.9371 258.8981 261.0636 255.8543 244.8536 227.1091 205.3875 179.0528 144.514 100.3731 36.16679 16.87003 8.050556 .5679709 .2954567 .1286104 .03522964 2.143432 2.347583 2.707618
82.97321 86.10313 88.93652 90.90588 93.17518 95.25385 96.78973 97.7896 98.60321 99.27268 100.1735 101.1838 102.1881 102.7486 102.516 101.6899 101.8122 104.1414 106.8122 108.7282 109.4001 109.8298 110.1186 110.0402 109.5437 109.8267 111.4805 114.4034 117.4971 120.2921 122.9274 126.2507 130.7948 134.9792 140.5616 147.6248 155.0789 165.3075 177.634 192.246 211.3959 231.6863 245.3366 253.6361 256.8732 252.7729 243.5111 227.5124 207.4282 184.3197 153.4916 113.5557 41.86815 21.20809 11.50803 6.234172 .3575818 .1382473 .04594721 .9720829 2.117758 2.377074
81.14298 84.81236 87.8527 89.92496 92.75072 95.29425 97.27905 98.69481 99.49053 99.96231 100.8889 101.7875 102.7776 103.2516 102.9934 102.6108 103.9341 106.7364 109.609 111.8537 113.3507 114.9964 115.7564 116.1871 116.5428 117.6197 119.6123 123.3352 128.1535 132.0131 135.2194 138.6615 141.9655 145.6634 151.0001 156.7017 163.2644 172.2589 182.4965 194.7557 212.1648 230.1367 242.329 251.3998 255.7989 252.9139 245.3773 231.8479 213.1246 192.8965 167.8867 133.294 31.28052 30.05779 17.30105 10.38848 .5842528 .2475239 .1055135 .1171083 .8384547 1.079802
80.38225 84.12816 87.19177 89.31942 93.02802 96.38087 99.1428 101.319 102.6676 103.5475 103.9414 104.4093 105.5695 106.066 106.096 106.6827 108.1599 110.5184 113.2497 115.5324 117.8576 120.6194 122.3285 124.4594 126.6212 129.0845 132.5838 137.4958 143.3212 148.3474 152.6499 155.5951 158.6175 162.4527 167.4265 172.5311 178.1701 185.4312 193.1327 202.8153 216.6201 231.3982 242.8081 252.2538 258.2485 257.5427 250.5511 237.8206 222.0002 204.6989 184.761 156.0841 116.7432 23.5342 24.61307 15.21619 4.963639 .5023484 .2319687 .1349012 .3063022 .5156125
80.3486 83.92374 86.74439 89.07682 93.82204 98.08458 101.6502 104.3976 106.5256 108.0962 109.022 110.06 111.3252 111.7939 112.2685 112.8362 113.8214 115.7531 118.1151 120.6902 124.3645 127.9426 131.3241 135.1381 139.3151 143.7209 148.7806 155.2297 162.5682 167.7619 171.7345 175.8496 179.7323 183.6888 187.5618 191.8451 196.5852 201.1163 205.4122 212.1316 223.7647 236.9622 247.923 258.1897 265.1525 266.7163 258.9996 246.3112 232.8081 217.4943 199.3176 176.6736 141.7278 79.14693 17.41236 17.91194 11.27294 1.01312 .4779668 .3433971 .4137082 5.523483
81.26006 84.02409 86.73429 89.63982 95.19834 100.0164 104.1456 107.4926 110.139 112.7006 114.8764 117.4571 119.8633 121.3484 121.8354 122.2281 123.39 125.2662 127.0747 130.2164 135.0011 139.4057 144.0014 149.0143 154.5888 160.7514 167.3796 174.8541 182.845 189.2438 194.1932 198.4829 202.9724 207.1521 210.4445 213.5054 216.0813 218.2133 220.8451 226.5417 236.4143 248.5548 259.7229 269.2404 275.6454 277.1516 269.7228 257.4818 244.2764 230.4361 213.6103 192.4986 160.99 106.9265 34.17989 13.00115 11.11138 1.802132 .9166644 .7661768 5.08042 5.254052
82.23105 84.77119 87.55933 91.62117 97.31134 102.3151 107.0015 111.0745 114.6133 117.9515 121.094 125.0552 128.8999 131.4976 133.0364 134.508 137.095 139.8279 143.5704 148.0078 152.7011 157.2398 161.895 167.341 173.2392 180.4817 188.1619 195.8781 204.0642 211.7016 217.904 223.1749 228.5509 232.578 236.154 238.0704 239.8674 240.8899 242.106 246.3043 254.1654 264.6404 273.5435 280.7294 285.7202 285.6389 278.752 268.8682 256.7814 242.5398 226.6631 205.9764 174.0208 120.0981 49.58247 15.50129 6.940123 2.108829 1.495026 1.294091 4.847936 4.944176
84.33965 86.80631 90.15375 94.94901 99.94716 104.746 109.7854 114.378 118.7579 123.1848 127.8883 133.4182 138.4493 142.2787 145.826 149.9658 153.7373 158.1098 163.5122 168.5695 173.3062 177.9244 184.032 191.1972 197.8721 204.8574 211.7798 219.7255 228.4264 236.8359 244.1961 250.4366 256.1884 259.5411 261.6972 263.5272 264.1676 264.1876 264.0298 266.4983 272.08 279.6629 286.5721 292.3434 297.0151 296.2158 289.9278 279.9476 267.7393 253.0835 237.3928 218.0874 184.6445 125.8693 56.25059 19.30159 4.759564 2.036243 1.588007 1.566613 4.618156 4.655645
88.0357 90.07284 93.82452 98.02985 102.2969 106.8746 112.3237 117.2737 122.5146 128.062 134.291 141.484 147.9758 153.9257 159.8751 165.9169 171.7877 177.4372 183.7868 189.0316 193.8724 199.7616 206.8645 216.0345 224.3096 232.5479 239.1433 245.3195 253.4469 262.7398 269.5019 276.2626 281.159 282.743 283.8839 286.4955 287.6845 285.6962 283.8094 284.406 288.2121 296.0152 302.585 306.0665 308.5414 307.4835 301.2156 289.9276 276.7098 262.508 245.6223 225.0282 191.5279 130.9784 60.21711 21.65531 4.677133 2.695215 1.782745 1.387204 4.394359 4.364986
92.41863 93.27354 96.00695 99.04453 103.4595 108.7407 114.8419 120.2744 126.2053 132.5516 140.1021 148.5475 156.4758 164.3061 171.9684 179.7946 187.3577 194.4452 201.0441 207.197 213.8709 220.2545 227.8596 237.1764 245.827 253.9119 260.6969 266.5084 273.3241 281.9706 287.5838 293.8285 296.2287 297.1843 299.0523 301.1379 300.1657 297.3851 295.9108 296.6449 301.5072 307.2095 310.7632 312.4954 314.4208 313.3766 307.7162 297.8593 283.939 268.4439 249.5454 226.5258 192.8641 134.2472 62.54824 22.71978 5.86579 4.51501 3.597585 3.719704 4.257166 4.191231
95.92562 95.88003 97.09978 99.76208 103.7288 109.6151 116.4945 122.4893 129.0552 136.3345 145.0322 154.5988 163.6968 172.7255 181.6029 190.7873 199.4201 207.7633 215.8524 223.6546 230.658 236.7666 243.9055 251.9206 259.3025 266.0843 271.5518 276.4147 282.5916 290.0603 295.2056 300.1303 301.784 303.3908 305.6183 306.2931 305.0867 303.7849 304.4801 306.3017 309.2216 311.7635 314.8657 317.2793 319.0653 317.7166 311.5819 301.7085 288.1452 271.1701 250.7939 225.7568 190.6119 134.2268 64.2297 24.09072 6.920823 5.890501 4.747207 4.369341 4.310411 4.174403
100.8437 99.91064 99.52692 101.9973 105.7553 110.7598 116.4398 122.1395 129.9252 138.5236 148.0447 158.3845 168.6711 179.0024 189.4536 199.6148 208.763 217.6183 226.7313 235.7826 243.0096 249.3496 255.7809 261.3278 267.0889 271.5115 275.0755 278.9097 284.6351 291.1736 295.5126 299.1402 300.7199 302.8038 305.0275 305.6024 305.6158 306.6334 308.9128 310.6438 312.2469 314.6836 318.5941 321.5427 323.6173 321.8025 314.2009 303.3255 290.1517 272.2574 251.012 224.9964 188.6669 135.6619 67.72448 26.28245 6.879527 7.02696 5.893748 5.237154 4.814142 4.261323
107.7841 106.3221 104.9115 106.6301 109.1587 111.5532 115.0952 120.1627 127.9268 137.1952 147.8912 159.5217 171.0256 182.2397 193.0547 203.5233 212.4105 220.8839 230.1243 239.0838 246.0744 252.3484 258.2087 262.0391 265.433 267.8986 270.1702 273.3073 279.7342 284.9346 287.5551 289.986 291.8066 294.454 297.3874 298.9555 300.3131 303.1613 306.8252 309.3534 311.9057 316.2765 322.6685 326.4322 327.679 324.6457 315.8246 303.7958 289.8846 272.614 250.9323 224.4487 188.0041 138.1931 72.08093 29.10239 6.039544 7.256351 6.590136 5.944951 5.00895 4.395068
115.0077 112.4619 109.3166 108.5081 109.2238 109.6897 111.5261 115.8745 123.7487 132.8149 142.8366 153.7261 164.4325 175.2464 186.3533 196.8016 205.2162 212.884 220.8138 227.8999 233.4323 238.5353 242.3968 244.454 246.3897 247.7245 249.6127 253.9653 259.6056 264.3724 267.5433 270.3817 273.8781 277.5486 281.7274 284.8684 287.4138 291.956 296.5427 300.1801 305.1849 312.0981 320.1265 323.6891 324.3029 322.1207 314.8465 303.6075 289.4025 272.9483 251.6266 225.1818 188.8168 141.6668 78.47224 34.2619 10.84867 6.825549 6.517357 5.905673 4.787798 4.966666
122.0812 119.1594 114.4727 110.9014 109.2969 108.0788 108.3626 111.4023 118.1397 125.5556 133.5744 142.505 151.3118 160.7447 170.0453 178.2376 185.2502 191.3452 197.111 201.7376 205.2423 208.6471 211.2184 212.952 215.5109 218.1749 221.3992 225.3068 230.284 235.3204 240.2283 244.4913 249.5077 254.7063 259.4008 264.0598 268.0732 273.6347 279.9851 285.6225 292.6432 301.5732 310.4357 315.2545 317.915 316.5038 311.9332 304.0754 290.9955 274.7301 253.7838 227.2783 191.6497 147.8171 88.53599 43.60801 19.60802 7.601403 6.811706 6.094907 6.504157 7.634444
130.1776 126.8734 122.6428 117.3793 114.04 111.3343 109.9459 110.4006 113.1478 117.1013 122.6024 129.1552 135.8002 143.1756 151.2542 157.9825 163.6124 168.8014 173.6935 177.696 180.5385 182.9855 184.4493 185.5701 186.6985 189.7301 193.3527 197.2139 201.5769 206.4165 211.8498 217.8307 223.8694 230.1936 236.3365 242.1247 248.0435 254.9518 263.2206 271.3025 279.5759 290.1393 300.1788 306.1006 311.1321 311.9535 309.0785 304.6203 294.5011 278.1218 257.1468 230.5006 195.3871 153.9138 99.13967 54.68303 28.88951 13.96277 9.13891 9.091268 16.32521 32.15371
139.6248 135.8559 131.5627 125.2547 120.7701 116.7941 113.509 111.1714 109.6397 109.7569 112.1794 115.8829 121.0282 127.7407 135.7343 141.6893 146.4612 150.4155 153.6567 156.6943 158.8323 160.2324 160.9554 161.8122 162.7287 164.4131 167.694 171.4421 175.3689 180.2791 185.6213 191.817 198.4076 206.115 213.5389 220.2726 227.7715 236.3929 246.5889 257.1705 266.7268 278.7518 289.8775 297.7958 304.5671 308.2863 308.0599 304.4926 297.5039 281.7928 260.4721 233.6523 198.7009 158.4072 107.5886 64.85429 39.85299 26.57355 20.97664 24.3955 37.44737 56.15112
149.8734 145.6204 140.3947 135.3978 129.8092 123.4867 117.6035 112.1887 108.0981 105.9806 106.0337 108.0775 112.5903 118.0353 124.0676 128.0937 131.3761 133.9236 135.5338 137.5103 139.2935 140.268 140.7584 141.9461 142.935 143.7319 145.8461 148.8595 152.4604 156.5411 160.5841 166.3775 173.9113 182.5468 190.912 198.1838 207.0381 218.1947 230.3874 243.46 254.6605 267.9576 281.008 291.0922 300.3317 307.0866 309.0508 305.5783 298.9703 284.6059 263.007 236.4698 201.8815 162.3356 116.1909 75.98608 53.12058 41.19248 38.14964 45.82485 64.13045 89.94847
161.1236 157.2913 151.6978 147.1784 141.4764 133.1728 125.4949 117.6016 111.2183 106.6934 104.1195 105.0777 109.2527 113.0793 115.4139 116.4637 117.3138 118.7588 118.9454 119.4805 121.0174 122.3637 123.7095 125.2062 126.7842 127.5024 128.2495 130.5268 131.5838 133.0489 137.1866 142.3062 150.4675 159.7984 167.7171 175.1355 186.4707 199.5389 213.8856 228.8649 242.7496 258.2445 273.8237 286.6004 298.9941 309.0344 312.098 307.7543 300.3726 287.6104 266.42 239.6301 205.7731 167.3766 128.1548 90.50784 69.37141 60.05871 61.0816 73.91754 98.09148 130.5884
172.2517 168.8295 164.8895 160.5072 153.13 144.438 134.045 123.6661 114.9631 107.7087 103.235 104.0618 108.1367 109.9796 108.8406 106.1224 104.3346 105.1918 104.8129 104.032 105.1752 107.3619 109.6845 111.9766 114.1996 114.6403 114.3429 115.069 114.3314 113.5553 117.0827 121.5024 129.4967 139.1792 147.4765 155.8849 168.1695 182.4958 197.8177 214.483 231.7971 250.2922 268.877 284.765 301.3251 314.84 318.0184 312.3056 303.7929 291.3761 271.0808 243.5749 211.4209 174.9526 140.5851 109.31 89.87496 82.46909 86.36232 104.9023 137.0711 177.4073
183.4993 180.3129 176.5016 171.4465 163.5999 154.005 142.8333 132.6752 122.3613 112.9596 107.9198 106.896 109.6637 109.4147 106.0218 100.6628 97.25871 97.04116 95.63217 94.06808 95.20415 97.92326 101.0488 104.6481 107.1437 107.68 107.254 108.2339 106.7497 104.4929 107.5032 111.3966 118.6946 128.4463 137.5551 146.5727 157.8076 170.5413 186.1209 205.0079 225.2755 246.3611 267.4155 286.7378 307.5849 323.3321 325.6683 319.593 309.3578 296.8344 277.8936 251.8185 222.4949 188.6748 157.4324 130.5362 115.9182 111.9267 118.4625 141.9714 179.3782 224.381
