py_wake/examples/data/AJ_ParqueFicticio/Ridge area   Sector 12   Height 30m   Flow inclination.grd
DSAA
90  129
 262878   265103
 6504214   6507414
-20.07727   28.35171
[rows 81 to 107 of 129, columns 0 to 60 of 90]
1.752597 1.232536 .7932766 .3832759 .09782105 -.004958679 .004995773 .1074156 .2832431 .3977331 .4284046 .3931472 .3521082 .2825228 .3718421 .6868439 1.087617 1.395557 1.556219 1.595126 1.73095 1.950346 2.130176 2.142519 2.004422 1.769196 1.554521 1.413397 1.344822 1.387315 1.571827 1.916749 2.410971 2.913351 3.345775 3.717778 4.010358 4.195779 4.186849 4.102934 3.957801 3.771562 3.408208 3.043166 2.591116 2.066201 1.424542 .7651833 -.2436293 -.966337 -1.441904 -1.727751 -1.659223 11.57832 12.29246 11.18133 8.092796 6.603368 5.743801 5.308653 5.166384
1.631739 1.207104 .8176376 .4877938 .350237 .3268255 .4202787 .6258768 .829982 1.012873 1.233756 1.406283 1.413243 1.345564 1.542992 1.880711 2.161127 2.338276 2.434891 2.370763 2.469536 2.530451 2.585088 2.543547 2.378884 2.081895 1.793398 1.560631 1.363035 1.27333 1.346961 1.582745 2.003862 2.498762 2.968846 3.398063 3.723746 3.989372 4.066839 4.097779 4.068851 3.958869 3.50468 3.094338 2.632339 2.076812 1.407268 .703497 -.5195097 -1.258672 -1.906759 -2.407374 -2.538519 -2.474096 13.48219 11.12737 8.284111 6.86965 6.096694 5.792158 5.729272
1.998647 1.749997 1.503563 1.27559 1.164403 1.257902 1.462839 1.698003 1.994905 2.35968 2.732087 3.096969 3.40561 3.491609 3.479762 3.550118 3.700855 3.89951 4.102728 3.975968 3.812989 3.689687 3.643583 3.590637 3.452482 3.078115 2.640326 2.270533 1.891929 1.592386 1.455272 1.496854 1.779929 2.238681 2.626186 3.063226 3.521791 3.937913 4.141834 4.31594 4.421817 4.335902 3.898317 3.49737 3.01883 2.432634 1.730411 .9453461 -.2964185 -1.150208 -2.006556 -2.751733 -3.146674 -3.307114 -3.241552 -3.023933 -2.662675 -2.216746 6.483291 5.984849 5.754669
2.667985 2.571359 2.456863 2.340771 2.311679 2.46703 2.707502 2.99417 3.380418 3.847275 4.318295 4.831541 5.332856 5.570085 5.607837 5.634988 5.697567 5.837907 5.983951 5.84704 5.582827 5.363164 5.217194 5.094336 4.915837 4.482312 3.902135 3.351399 2.77196 2.254117 1.906041 1.756445 1.877174 2.123852 2.451799 2.894215 3.423089 3.948081 4.26182 4.583243 4.834599 4.866915 4.529699 4.149597 3.689614 3.096316 2.364815 1.471911 .3075632 -.6838983 -1.730821 -2.645691 -3.282024 -3.685492 -3.849927 -3.837771 -3.658523 -3.36605 -2.963375 -2.527048 -2.064492
3.611947 3.677714 3.667069 3.66206 3.68604 3.824266 4.09935 4.47363 4.909606 5.370609 5.885887 6.49967 7.093438 7.429893 7.484697 7.421055 7.413966 7.446133 7.487802 7.304983 7.002459 6.736969 6.574701 6.400154 6.179133 5.768665 5.158152 4.517573 3.804394 3.184747 2.748372 2.423158 2.281117 2.326858 2.584538 3.015843 3.513008 4.042756 4.39849 4.825603 5.232529 5.474589 5.381582 5.083967 4.656559 4.085456 3.347949 2.417629 1.250035 .1222446 -1.066541 -2.107552 -2.977996 -3.637397 -4.060099 -4.248891 -4.195233 -4.004184 -3.725597 -3.44714 -3.159843
4.712686 4.85986 4.96996 5.083432 5.176326 5.364029 5.73852 6.255599 6.785417 7.208794 7.60958 8.060148 8.497949 8.82531 9.010479 9.025817 8.857645 8.685077 8.476185 8.200189 7.933887 7.670504 7.486617 7.27637 7.046656 6.740698 6.198221 5.599282 4.902281 4.268759 3.809629 3.322384 2.998606 2.880526 3.039521 3.362548 3.806442 4.245989 4.600811 5.061982 5.577258 6.042106 6.320559 6.369216 6.085188 5.580597 4.785824 3.770087 2.591753 1.313543 .001832247 -1.162448 -2.257783 -3.189105 -3.895422 -4.280237 -4.307236 -4.162353 -3.944029 -3.786348 -3.701672
6.031666 6.271014 6.471113 6.679087 6.847719 7.055327 7.382537 7.822974 8.32266 8.77953 9.081981 9.351684 9.603877 9.823158 9.973475 10.0236 9.811371 9.441749 8.995217 8.575591 8.208607 7.925502 7.759745 7.563572 7.366469 7.227946 6.845309 6.38941 5.804548 5.256862 4.773106 4.300251 3.94283 3.71682 3.726687 3.934684 4.299116 4.587878 4.896235 5.332711 5.890812 6.460702 6.880211 7.107378 7.019701 6.638116 5.999639 5.139134 4.086182 2.804882 1.444992 .159266 -1.126047 -2.306247 -3.294484 -3.892395 -4.054876 -3.96403 -3.851561 -3.738212 -3.618705
7.315098 7.5916 7.808542 8.035752 8.274611 8.498363 8.766332 9.139735 9.526652 9.94665 10.2065 10.37005 10.45472 10.49154 10.44561 10.34623 10.13669 9.70215 9.076702 8.478993 8.026562 7.693414 7.565398 7.450198 7.314569 7.312571 7.059617 6.744585 6.329116 5.915449 5.50958 5.112983 4.785012 4.525339 4.512975 4.654684 4.943614 5.101544 5.327405 5.688046 6.255306 6.887426 7.404107 7.758005 7.860453 7.740519 7.347643 6.701508 5.816541 4.560061 3.116479 1.69407 .2708816 -1.047882 -2.215472 -2.9938 -3.359586 -3.432015 -3.469367 -3.417258 -3.306934
8.485206 8.77548 8.958195 9.135886 9.399564 9.723561 9.964685 10.19491 10.38226 10.5626 10.64586 10.62958 10.55703 10.39995 10.16371 9.854551 9.578105 9.109618 8.50438 7.906137 7.489734 7.188541 7.132837 7.137049 7.106194 7.06619 6.955775 6.817557 6.575331 6.353104 6.101824 5.835577 5.549719 5.285888 5.303154 5.431334 5.649744 5.711797 5.841886 6.096922 6.627138 7.334791 7.98258 8.534351 8.910714 9.089604 8.846929 8.241411 7.330675 6.178157 4.819949 3.335039 1.867277 .5402795 -.6558333 -1.557246 -2.145473 -2.480802 -2.731272 -2.912711 -2.961208
9.713826 9.992379 10.0827 10.12647 10.30217 10.54313 10.72064 10.76011 10.71295 10.55656 10.29443 9.986409 9.712457 9.420088 9.044723 8.540682 8.13587 7.754974 7.239588 6.765945 6.469657 6.229916 6.27737 6.41882 6.515821 6.504049 6.539862 6.586081 6.57892 6.609806 6.588622 6.543682 6.391829 6.207775 6.289671 6.448057 6.619048 6.608294 6.600629 6.721861 7.194117 7.941252 8.530281 8.995193 9.364368 9.758212 9.810008 9.488727 8.810607 7.787794 6.552685 5.140254 3.699614 2.426448 1.337121 .4435337 -.3277642 -1.005587 -1.588363 -2.124611 -2.470667
11.05723 11.28794 11.39089 11.31061 11.24779 11.2553 11.1945 10.9777 10.60163 10.06893 9.467537 8.824252 8.284448 7.821882 7.401881 6.875813 6.418746 6.03777 5.593319 5.231681 5.051974 4.901983 5.025292 5.288648 5.458376 5.611925 5.872736 6.139455 6.38616 6.706103 6.959002 7.189447 7.278906 7.225538 7.362041 7.555754 7.737467 7.764488 7.642734 7.575675 7.768415 8.186794 8.738478 9.292927 9.882247 10.43029 10.6438 10.50335 10.04319 9.205963 8.138102 6.92382 5.669385 4.528263 3.541045 2.680832 1.835913 .9991528 .150651 -.7920402 -1.581205
12.33454 12.38745 12.37277 12.22208 11.93657 11.68103 11.40971 10.93233 10.29168 9.495783 8.642536 7.773557 7.037483 6.455463 5.976151 5.46647 5.049002 4.718437 4.346811 4.080102 3.954576 3.909116 4.039779 4.281271 4.444647 4.721195 5.151278 5.629816 6.106539 6.648161 7.098476 7.526119 7.868721 8.026825 8.230253 8.40016 8.488016 8.501225 8.344796 8.150483 8.195974 8.511245 9.013597 9.476552 10.17152 10.80561 11.16324 11.18387 10.90333 10.35825 9.587518 8.68572 7.555927 6.549304 5.676601 4.882606 4.014023 3.04431 1.988648 .7539721 -.4092081
12.90474 12.84094 12.64328 12.25759 11.85301 11.36984 10.90033 10.33577 9.602029 8.7463 7.834127 6.935169 6.168898 5.566083 5.023673 4.489511 4.084149 3.788859 3.539551 3.390922 3.352519 3.376839 3.516371 3.623603 3.851078 4.226814 4.731442 5.295173 5.907576 6.578859 7.14472 7.661127 8.117487 8.454858 8.772005 8.945517 9.017288 8.951486 8.720719 8.448214 8.386104 8.537425 8.886585 9.454458 10.15131 10.87646 11.39874 11.56765 11.432 11.09431 10.49926 9.760036 8.862648 8.06837 7.386673 6.750498 6.003859 5.008245 3.839044 2.508743 1.085592
12.52478 12.43558 12.00033 11.36888 10.67268 10.12005 9.690786 9.217446 8.484138 7.732517 6.966437 6.162373 5.474986 4.954425 4.430717 3.930464 3.570889 3.323876 3.178012 3.160307 3.246535 3.291159 3.285507 3.40676 3.668023 4.071115 4.591027 5.178196 5.862672 6.608738 7.259743 7.823843 8.339045 8.792837 9.191977 9.382601 9.406909 9.210857 8.838467 8.402962 8.142538 8.187351 8.514975 9.006018 9.700209 10.49818 11.16576 11.60786 11.74423 11.60863 11.17994 10.6208 9.882998 9.281907 8.835973 8.447613 7.834317 6.911673 5.77933 4.472848 3.003038
11.5475 11.47108 11.05208 10.26674 9.461227 8.764365 8.207978 7.811959 7.21223 6.616034 6.052412 5.435789 4.873524 4.432403 4.013103 3.651772 3.388831 3.224865 3.172122 3.193201 3.247427 3.324501 3.406606 3.563392 3.816108 4.189881 4.661424 5.230989 5.920953 6.697093 7.438941 8.094497 8.598369 9.013536 9.369439 9.541489 9.493661 9.187338 8.699731 8.124508 7.789313 7.714372 7.86179 8.26611 8.947548 9.796967 10.56784 11.12886 11.40472 11.44889 11.23359 10.85847 10.29763 9.913787 9.676927 9.524905 9.203632 8.536902 7.609143 6.437731 5.069719
10.38747 10.25978 9.819265 9.074559 8.304323 7.628679 7.11631 6.770141 6.275938 5.798756 5.380114 4.957832 4.598971 4.301812 4.021802 3.786505 3.636993 3.493936 3.422158 3.454486 3.570697 3.708719 3.8443 4.06782 4.341089 4.668568 4.994785 5.444324 6.044343 6.762142 7.516632 8.25212 8.833456 9.300928 9.65952 9.825777 9.747068 9.348219 8.721106 8.048636 7.520102 7.260361 7.226171 7.46726 8.031663 8.865007 9.713368 10.40096 10.85482 11.09305 11.08895 10.88857 10.4516 10.17979 10.16615 10.25205 10.24271 9.949322 9.361329 8.398927 7.092795
8.873898 8.803824 8.440611 7.910055 7.30168 6.745271 6.347661 6.06513 5.699881 5.363523 5.086169 4.8218 4.63502 4.420668 4.198615 4.008912 3.942907 3.961644 4.023675 4.143976 4.311487 4.539944 4.733776 4.957764 5.243395 5.500375 5.651157 5.909045 6.317913 6.879113 7.569501 8.305868 8.977404 9.532862 9.941132 10.14046 10.04915 9.579504 8.878566 8.088342 7.376218 6.877043 6.606928 6.607374 6.981225 7.704446 8.565585 9.354305 9.990252 10.41256 10.55711 10.49496 10.26115 10.16315 10.29137 10.57774 10.82042 10.87604 10.60027 9.837502 8.642262
7.242468 7.252563 7.026094 6.71298 6.298059 5.920177 5.699294 5.547825 5.355727 5.137891 4.968505 4.825047 4.720955 4.662774 4.644032 4.637903 4.709849 4.873731 5.090664 5.386232 5.668381 5.963354 6.120975 6.262213 6.460783 6.577139 6.557449 6.617977 6.773864 7.043249 7.529158 8.156581 8.826389 9.454949 9.976261 10.28803 10.25638 9.816919 9.162971 8.280519 7.360262 6.523766 5.94023 5.66357 5.782093 6.320489 7.148072 8.016059 8.790113 9.368381 9.707154 9.835258 9.764132 9.828597 10.09238 10.56025 11.06024 11.49277 11.65231 11.17732 10.08866
5.841752 5.828478 5.700952 5.562784 5.327503 5.091224 4.978293 4.946579 4.893137 4.857366 4.859228 4.900295 4.962755 5.049811 5.18048 5.345425 5.599123 5.901758 6.254324 6.687392 7.103357 7.461098 7.612113 7.707198 7.801975 7.781658 7.565832 7.350981 7.235095 7.220736 7.513763 8.024454 8.670449 9.338835 9.942682 10.35179 10.4113 10.08546 9.467354 8.528068 7.489399 6.386667 5.507041 4.907385 4.716016 4.950912 5.572276 6.383492 7.207143 7.940526 8.49594 8.844339 8.965638 9.155006 9.527061 10.08472 10.76047 11.48743 12.09169 12.16119 11.43194
1.70141E+38 1.70141E+38 1.70141E+38 1.70141E+38 1.70141E+38 1.70141E+38 1.70141E+38 1.70141E+38 1.70141E+38 1.70141E+38 1.70141E+38 1.70141E+38 1.70141E+38 1.70141E+38 1.70141E+38 1.70141E+38 1.70141E+38 1.70141E+38 1.70141E+38 1.70141E+38 1.70141E+38 1.70141E+38 1.70141E+38 1.70141E+38 1.70141E+38 1.70141E+38 1.70141E+38 1.70141E+38 1.70141E+38 1.70141E+38 1.70141E+38 1.70141E+38 1.70141E+38 1.70141E+38 1.70141E+38 1.70141E+38 1.70141E+38 1.70141E+38 1.70141E+38 1.70141E+38 1.70141E+38 1.70141E+38 1.70141E+38 1.70141E+38 1.70141E+38 1.70141E+38 1.70141E+38 1.70141E+38 1.70141E+38 1.70141E+38 1.70141E+38 1.70141E+38 1.70141E+38 1.70141E+38 1.70141E+38 1.70141E+38 1.70141E+38 1.70141E+38 1.70141E+38 1.70141E+38 1.70141E+38
1.70141E+38 1.70141E+38 1.70141E+38 1.70141E+38 1.70141E+38 1.70141E+38 1.70141E+38 1.70141E+38 1.70141E+38 1.70141E+38 1.70141E+38 1.70141E+38 1.70141E+38 1.70141E+38 1.70141E+38 1.70141E+38 1.70141E+38 1.70141E+38 1.70141E+38 1.70141E+38 1.70141E+38 1.70141E+38 1.70141E+38 1.70141E+38 1.70141E+38 1.70141E+38 1.70141E+38 1.70141E+38 1.70141E+38 1.70141E+38 1.70141E+38 1.70141E+38 1.70141E+38 1.70141E+38 1.70141E+38 1.70141E+38 1.70141E+38 1.70141E+38 1.70141E+38 1.70141E+38 1.70141E+38 1.70141E+38 1.70141E+38 1.70141E+38 1.70141E+38 1.70141E+38 1.70141E+38 1.70141E+38 1.70141E+38 1.70141E+38 1.70141E+38 1.70141E+38 1.70141E+38 1.70141E+38 1.70141E+38 1.70141E+38 1.70141E+38 1.70141E+38 1.70141E+38 1.70141E+38 1.70141E+38
1.70141E+38 1.70141E+38 1.70141E+38 1.70141E+38 1.70141E+38 1.70141E+38 1.70141E+38 1.70141E+38 1.70141E+38 1.70141E+38 1.70141E+38 1.70141E+38 1.70141E+38 1.70141E+38 1.70141E+38 1.70141E+38 1.70141E+38 1.70141E+38 1.70141E+38 1.70141E+38 1.70141E+38 1.70141E+38 1.70141E+38 1.70141E+38 1.70141E+38 1.70141E+38 1.70141E+38 1.70141E+38 1.70141E+38 1.70141E+38 1.70141E+38 1.70141E+38 1.70141E+38 1.70141E+38 1.70141E+38 1.70141E+38 1.70141E+38 1.70141E+38 1.70141E+38 1.70141E+38 1.70141E+38 1.70141E+38 1.70141E+38 1.70141E+38 1.70141E+38 1.70141E+38 1.70141E+38 1.70141E+38 1.70141E+38 1.70141E+38 1.70141E+38 1.70141E+38 1.70141E+38 1.70141E+38 1.70141E+38 1.70141E+38 1.70141E+38 1.70141E+38 1.70141E+38 1.70141E+38 1.70141E+38
1.70141E+38 1.70141E+38 1.70141E+38 1.70141E+38 1.70141E+38 1.70141E+38 1.70141E+38 1.70141E+38 1.70141E+38 1.70141E+38 1.70141E+38 1.70141E+38 1.70141E+38 1.70141E+38 1.70141E+38 1.70141E+38 1.70141E+38 1.70141E+38 1.70141E+38 1.70141E+38 1.70141E+38 1.70141E+38 1.70141E+38 1.70141E+38 1.70141E+38 1.70141E+38 1.70141E+38 1.70141E+38 1.70141E+38 1.70141E+38 1.70141E+38 1.70141E+38 1.70141E+38 1.70141E+38 1.70141E+38 1.70141E+38 1.70141E+38 1.70141E+38 1.70141E+38 1.70141E+38 1.70141E+38 1.70141E+38 1.70141E+38 1.70141E+38 1.70141E+38 1.70141E+38 1.70141E+38 1.70141E+38 1.70141E+38 1.70141E+38 1.70141E+38 1.70141E+38 1.70141E+38 1.70141E+38 1.70141E+38 1.70141E+38 1.70141E+38 1.70141E+38 1.70141E+38 1.70141E+38 1.70141E+38
1.70141E+38 1.70141E+38 1.70141E+38 1.70141E+38 1.70141E+38 1.70141E+38 1.70141E+38 1.70141E+38 1.70141E+38 1.70141E+38 1.70141E+38 1.70141E+38 1.70141E+38 1.70141E+38 1.70141E+38 1.70141E+38 1.70141E+38 1.70141E+38 1.70141E+38 1.70141E+38 1.70141E+38 1.70141E+38 1.70141E+38 1.70141E+38 1.70141E+38 1.70141E+38 1.70141E+38 1.70141E+38 1.70141E+38 1.70141E+38 1.70141E+38 1.70141E+38 1.70141E+38 1.70141E+38 1.70141E+38 1.70141E+38 1.70141E+38 1.70141E+38 1.70141E+38 1.70141E+38 1.70141E+38 1.70141E+38 1.70141E+38 1.70141E+38 1.70141E+38 1.70141E+38 1.70141E+38 1.70141E+38 1.70141E+38 1.70141E+38 1.70141E+38 1.70141E+38 1.70141E+38 1.70141E+38 1.70141E+38 1.70141E+38 1.70141E+38 1.70141E+38 1.70141E+38 1.70141E+38 1.70141E+38
1.70141E+38 1.70141E+38 1.70141E+38 1.70141E+38 1.70141E+38 1.70141E+38 1.70141E+38 1.70141E+38 1.70141E+38 1.70141E+38 1.70141E+38 1.70141E+38 1.70141E+38 1.70141E+38 1.70141E+38 1.70141E+38 1.70141E+38 1.70141E+38 1.70141E+38 1.70141E+38 1.70141E+38 1.70141E+38 1.70141E+38 1.70141E+38 1.70141E+38 1.70141E+38 1.70141E+38 1.70141E+38 1.70141E+38 1.70141E+38 1.70141E+38 1.70141E+38 1.70141E+38 1.70141E+38 1.70141E+38 1.70141E+38 1.70141E+38 1.70141E+38 1.70141E+38 1.70141E+38 1.70141E+38 1.70141E+38 1.70141E+38 1.70141E+38 1.70141E+38 1.70141E+38 1.70141E+38 1.70141E+38 1.70141E+38 1.70141E+38 1.70141E+38 1.70141E+38 1.70141E+38 1.70141E+38 1.70141E+38 1.70141E+38 1.70141E+38 1.70141E+38 1.70141E+38 1.70141E+38 1.70141E+38
1.70141E+38 1.70141E+38 1.70141E+38 1.70141E+38 1.70141E+38 1.70141E+38 1.70141E+38 1.70141E+38 1.70141E+38 1.70141E+38 1.70141E+38 1.70141E+38 1.70141E+38 1.70141E+38 1.70141E+38 1.70141E+38 1.70141E+38 1.70141E+38 1.70141E+38 1.70141E+38 1.70141E+38 1.70141E+38 1.70141E+38 1.70141E+38 1.70141E+38 1.70141E+38 1.70141E+38 1.70141E+38 1.70141E+38 1.70141E+38 1.70141E+38 1.70141E+38 1.70141E+38 1.70141E+38 1.70141E+38 1.70141E+38 1.70141E+38 1.70141E+38 1.70141E+38 1.70141E+38 1.70141E+38 1.70141E+38 1.70141E+38 1.70141E+38 1.70141E+38 1.70141E+38 1.70141E+38 1.70141E+38 1.70141E+38 1.70141E+38 1.70141E+38 1.70141E+38 1.70141E+38 1.70141E+38 1.70141E+38 1.70141E+38 1.70141E+38 1.70141E+38 1.70141E+38 1.70141E+38 1.70141E+38
1.70141E+38 1.70141E+38 1.70141E+38 1.70141E+38 1.70141E+38 1.70141E+38 1.70141E+38 1.70141E+38 1.70141E+38 1.70141E+38 1.70141E+38 1.70141E+38 1.70141E+38 1.70141E+38 1.70141E+38 1.70141E+38 1.70141E+38 1.70141E+38 1.70141E+38 1.70141E+38 1.70141E+38 1.70141E+38 1.70141E+38 1.70141E+38 1.70141E+38 1.70141E+38 1.70141E+38 1.70141E+38 1.70141E+38 1.70141E+38 1.70141E+38 1.70141E+38 1.70141E+38 1.70141E+38 1.70141E+38 1.70141E+38 1.70141E+38 1.70141E+38 1.70141E+38 1.70141E+38 1.70141E+38 1.70141E+38 1.70141E+38 1.70141E+38 1.70141E+38 1.70141E+38 1.70141E+38 1.70141E+38 1.70141E+38 1.70141E+38 1.70141E+38 1.70141E+38 1.70141E+38 1.70141E+38 1.70141E+38 1.70141E+38 1.70141E+38 1.70141E+38 1.70141E+38 1.70141E+38 1.70141E+38
