py_wake/examples/data/AJ_ParqueFicticio/Ridge area   Sector All   Height 200m   Elevation.grd
DSAA
90  129
 262878   265103
 6504214   6507414
 200.1461   600.0008
[rows 81 to 107 of 129, columns 0 to 61 of 90]
321.1175 327.1428 333.4937 339.668 345.844 352.2486 358.7284 365.3661 372.3959 379.1919 385.8051 392.4783 398.2182 402.7599 406.4176 409.933 413.6854 417.1452 420.8351 424.6581 428.2328 432.3669 436.556 440.8587 445.1131 449.4695 453.7819 458.3251 463.2307 468.4838 474.1943 480.6403 488.2952 497.0728 506.7045 516.8302 527.0085 537.2323 547.1375 556.4467 564.1519 570.9532 576.892 580.5485 582.0901 582.8739 582.4024 580.9104 575.7893 568.0688 559.4182 549.5349 539.2296 528.9311 519.3795 510.8502 503.2675 496.2308 489.7534 483.8003 477.8482 471.9529
328.7059 335.8465 342.8783 349.5982 356.3008 362.768 369.3553 375.8584 381.8797 387.9342 394.6239 401.3489 407.1745 411.754 415.3428 418.5131 421.4214 424.8684 429.0762 433.4439 436.812 439.8565 443.0746 447.1279 451.6868 456.4953 461.0945 465.8941 471.1004 476.4074 482.093 488.2976 495.5402 504.2149 513.5139 523.0553 532.9019 542.8293 552.6212 561.1268 567.9496 574.6459 579.5291 581.5438 582.5787 582.7946 581.9012 580.3204 573.817 565.8895 556.7312 546.1102 535.0108 523.8121 513.2718 503.683 495.1339 487.3626 480.6271 474.8434 469.1698 463.5642
335.7742 343.6318 351.3806 358.5834 364.9615 371.4948 377.9479 383.337 388.5186 394.5889 400.8829 406.7428 412.946 418.2868 421.1237 423.2369 425.8445 429.4077 434.1324 439.2073 441.8714 444.3037 447.2899 451.373 456.5296 462.0615 467.1303 472.4176 478.2637 483.8746 489.5046 495.6553 502.8146 511.2507 520.1588 528.9913 538.4129 547.7284 557.0021 564.2013 570.3571 576.4223 580.3344 581.8633 582.5364 582.3229 581.2721 579.0734 572.2656 564.4016 555.0465 544.0576 532.4061 520.7174 509.3369 498.7385 489.254 480.7332 473.4414 467.0512 460.9826 455.5541
341.7181 349.9518 357.9073 364.9623 371.2922 377.522 383.0291 387.8655 392.9145 398.6674 404.1107 409.0829 414.1371 418.56 421.5417 423.9631 426.7752 430.3353 434.6465 439.1394 442.336 445.2343 448.6292 452.9379 458.3437 464.6838 470.933 477.1298 483.8579 490.1453 496.3321 503.1718 510.5505 518.4271 526.7699 535.1 543.2996 551.7853 559.8431 565.8116 571.2421 576.5359 580.0193 581.2976 581.6452 581.3729 580.2977 576.6622 570.2131 562.8783 553.8244 543.3477 531.8596 519.8799 507.7903 496.4421 486.1934 476.9401 468.7279 461.1318 454.3209 448.5325
346.4877 354.7164 362.3437 369.2324 375.8579 381.3604 385.9557 390.5676 395.5382 400.5579 404.8752 408.4637 411.683 414.8655 418.0456 421.1694 424.3315 427.8492 431.6226 435.5665 439.3109 442.9007 446.8625 451.7012 457.6259 464.7104 472.255 479.8525 487.8132 495.1526 502.7964 510.71 518.2667 525.5944 533.2778 540.877 547.6846 555.1332 561.7094 566.5223 571.0227 575.1058 578.2271 579.8418 580.1431 579.7666 577.7372 573.6906 568.0643 561.3573 552.783 543.0486 532.0616 520.1978 507.783 496.0036 485.3568 475.428 466.1123 457.3095 449.3339 442.4514
349.9537 357.7211 364.932 371.7364 378.215 383.0521 386.9148 390.7247 394.964 399.3188 402.5645 404.9148 407.1344 409.6948 412.5408 415.9307 419.805 423.5311 427.2045 431.0669 434.8807 438.9225 443.4694 449.1648 455.8293 463.586 472.295 481.2851 490.526 499.2613 508.1793 517.2025 524.9633 532.053 539.0505 545.1514 551.2307 557.6935 562.861 566.7068 569.9901 572.373 573.9298 574.8987 575.1451 574.3333 572.4515 569.5449 565.3322 559.2713 551.3505 542.5209 532.1494 520.6891 508.5147 496.7802 486.139 475.6454 465.2441 455.421 446.3819 438.2016
351.7115 358.958 365.6002 371.9458 377.7323 381.8292 385.0113 388.003 391.1597 394.4183 397.0784 399.2448 401.3797 403.7161 406.2943 409.5222 413.5913 417.9697 422.3156 426.3833 430.4974 434.8538 440.1128 446.7968 454.2104 462.5108 472.2996 482.3633 492.5497 502.5108 512.2284 521.5005 529.6437 537.0554 543.0597 548.249 553.8597 559.4487 563.4647 566.3364 567.9411 568.6417 568.9703 568.9524 568.6468 567.9443 566.5413 564.2231 561.1287 555.9652 548.983 540.9774 531.563 521.0907 509.6995 498.3819 487.9327 477.5152 466.7238 456.2896 446.6962 437.6231
351.5331 358.1268 364.2623 369.8783 374.5161 378.0285 380.8574 383.2955 385.6382 387.7421 389.8361 391.9292 394.205 396.6477 399.3314 402.6216 406.5802 411.5341 416.8397 421.7716 426.5672 431.8386 437.7788 445.2846 453.6519 462.654 472.9496 483.5533 494.3727 504.9084 514.9561 524.2858 532.7629 540.0354 545.4153 550.2739 555.4082 560.2272 563.4977 564.9666 564.6947 564.3536 563.8069 563.0637 562.1736 561.0787 559.5867 557.3306 554.5048 550.5186 544.9594 538.0853 530.1215 521.0839 510.8226 500.2846 490.3204 480.5268 470.051 459.4732 449.5983 440.0276
349.9867 355.9226 361.6188 366.5601 369.97 372.5594 374.9534 377.0464 378.8677 380.5147 382.2292 384.1722 386.301 388.8879 392.079 395.7479 399.9013 405.5936 411.6072 417.5283 423.2512 429.5424 436.3361 444.5659 453.8579 463.6002 474.0203 484.8989 496.1701 506.8392 516.9647 526.4103 535.1021 541.8812 546.6914 551.3711 556.1541 560.3984 562.8705 562.6995 561.0005 559.2764 557.555 555.6604 553.6105 551.9119 550.6035 548.8602 547.0015 543.694 539.561 534.3081 527.8724 520.2922 511.2769 501.7864 492.6187 483.8347 474.3066 463.9984 453.9973 444.2888
347.1132 352.3105 357.881 362.2695 364.5928 366.3573 368.0864 370.0019 371.7848 373.5968 375.4065 377.2853 379.2477 381.9082 385.8289 390.5793 395.6385 401.5256 408.0043 414.2687 420.7834 428.0146 435.5616 444.413 454.5305 464.9392 475.6727 486.8037 498.1067 508.5797 518.5099 527.9063 536.6374 542.8651 547.1735 551.434 555.7936 559.5128 560.9314 559.7201 555.6015 552.1288 549.8124 547.4221 544.845 542.5591 540.9434 539.5176 538.0214 535.6768 532.7199 529.1877 524.2363 517.5383 509.6928 501.5355 493.6745 486.117 477.9872 468.3176 458.6011 448.9878
341.9305 346.6169 351.4434 355.3801 357.5209 359.0409 360.7614 362.9184 365.0942 367.3897 369.9025 372.3557 374.74 377.847 382.5128 388.5023 394.4408 400.6556 407.4702 414.0992 421.0456 429.2561 437.152 446.565 457.1857 467.6876 478.3564 489.5018 500.2777 509.9774 519.3173 527.9805 535.8098 541.4633 545.3342 548.9445 552.3425 554.8922 555.7818 553.135 549.114 545.3475 542.1461 538.6517 535.1599 532.5076 530.782 529.3986 527.9084 526.5958 524.7342 522.2054 518.0022 511.7833 504.7811 498.1807 492.0899 485.9522 479.1158 470.8138 462.278 453.3583
334.0321 338.7136 342.8839 346.05 348.5209 350.5992 352.6762 355.248 358.2693 361.715 365.3088 368.8843 372.8223 377.3658 383.0748 389.5892 395.9159 402.8167 410.1905 417.1603 424.9711 433.8427 442.5997 452.3127 462.524 472.5948 482.5881 492.9153 502.6941 511.2108 519.5737 526.9046 533.1561 538.0532 541.7518 544.9919 547.4778 548.6371 548.3624 545.6208 541.7258 537.3165 533.0857 528.9471 524.8375 521.9861 520.192 519.017 517.8992 516.7717 515.1947 512.959 509.2057 503.5952 497.5114 492.1875 487.6039 482.7208 477.2697 471.1473 464.5179 457.0615
325.0157 329.7459 333.7809 337.1679 339.6929 342.0617 344.5992 347.9684 351.9851 356.8425 361.9843 367.2195 372.7396 378.6099 385.4707 392.5025 399.2054 406.6761 414.486 422.3867 431.3781 440.5963 450.1249 459.7733 469.2357 478.7305 487.914 496.9131 505.011 512.3591 519.6466 525.7318 530.6121 534.3921 537.3526 540.0862 541.4953 541.8182 540.6693 537.5899 533.0422 528.3694 523.49 518.8365 514.4822 511.207 509.1391 508.1896 507.3065 506.2507 504.9284 503.027 499.4893 494.3843 489.1122 484.6683 480.9409 477.4223 473.7778 470.0641 465.5454 459.7906
316.7917 321.2338 326.0264 330.0744 333.2197 335.6857 338.0593 342.0255 347.7191 353.6971 360.0037 366.8856 373.6306 380.6765 388.6099 396.3332 403.9435 411.9702 420.098 428.9319 438.2626 448.0348 457.6006 466.6884 475.6785 484.1495 492.3809 500.1963 506.6765 512.9247 519.0712 524.1135 527.7525 530.2319 532.1649 533.9495 534.4563 534.272 532.699 529.4504 524.8453 519.5411 514.3748 509.2655 504.381 500.7057 498.3937 497.0351 495.9957 495.1194 494.2539 492.5353 489.0553 484.4515 479.6021 475.5846 472.8108 470.5664 468.6104 466.9341 464.7842 461.061
309.9113 314.4584 319.6526 324.5614 328.4133 331.5652 335.2206 340.0421 346.7602 353.4698 360.4557 368.4255 376.1238 384.1268 392.7841 401.2391 409.5911 417.9136 426.5667 435.5519 444.9033 454.5041 463.9906 472.9287 481.2708 488.8205 496.1435 502.4576 507.568 512.5513 517.1702 520.9705 523.7937 525.4799 526.699 527.5349 527.7458 527.3121 525.5463 521.9103 517.0133 511.8384 506.3729 500.5289 494.8522 490.6514 487.9246 486.3041 485.2535 484.42 483.4828 481.7953 478.6222 474.1342 469.7392 466.0476 463.8482 462.5691 461.8692 461.4882 460.9345 459.1137
303.8015 309.0706 314.6492 320.3099 325.0637 329.7841 334.8228 340.5914 348.1394 355.4744 363.2599 371.6512 380.168 389.0844 398.0498 406.7478 415.3252 424.209 433.1858 442.1534 451.1874 460.5261 469.7671 478.4207 486.0306 493.2443 499.5048 504.0163 507.9113 511.5402 514.5745 516.9579 518.7979 519.728 520.3337 520.5276 520.3829 519.8702 518.0485 514.707 510.0196 504.708 498.7943 492.2885 485.9325 480.9619 477.7575 475.9521 474.7137 473.6797 472.4416 470.9485 468.2369 463.9849 459.7302 456.3196 454.371 453.5158 453.4568 453.9986 454.4528 454.0962
299.3211 305.1583 311.2897 317.4487 323.3234 329.3175 335.3201 342.2222 350.5179 358.6877 367.2689 376.0104 384.9113 394.1084 403.2017 412.0795 420.8806 429.9564 439.1726 448.045 456.9621 466.1822 475.3336 482.9276 489.5465 496.3411 501.5433 504.9774 507.8204 510.0193 511.3793 512.2895 512.7889 512.8579 512.8541 512.5187 512.1909 511.7759 510.4911 507.8102 503.3396 497.8 491.5602 484.656 477.5883 471.8552 468.0443 465.7598 463.9766 462.777 461.7244 460.559 457.8354 453.8227 449.6744 446.3701 444.5071 443.6319 444.0884 445.688 447.3156 448.2493
297.8135 303.6407 310.0041 316.301 322.9769 329.8101 336.5136 344.5876 353.3998 362.2143 371.1436 380.2925 389.4033 398.5514 407.7728 416.9212 425.7069 434.6211 443.5636 452.3395 461.3951 470.2632 478.707 485.2642 491.0627 496.9442 501.3862 504.2321 506.4751 507.6713 507.7911 507.4998 506.8173 505.8878 504.9333 503.9685 503.5897 503.3607 502.6688 500.6218 497.0185 491.864 485.555 478.3183 470.7417 464.0017 459.3126 456.3706 454.0374 452.6525 451.5519 450.4481 447.5874 443.7027 439.7139 436.3903 434.3373 433.3932 433.9833 436.5724 439.5983 441.9441
298.5533 304.789 311.2815 317.5279 324.6822 331.9308 339.1132 347.6611 356.7534 365.7753 374.7794 383.8708 393.0556 402.1228 410.9854 419.8238 428.488 437.1521 445.5522 453.8557 462.2421 470.4749 478.1011 484.254 489.6198 494.7951 499.0203 501.8989 503.9701 504.5892 503.8036 502.3638 500.4864 498.3848 496.5076 495.098 494.739 494.8137 494.6641 493.6226 491.3254 486.9917 480.8838 473.5889 465.8062 458.4111 452.6472 448.6025 445.5215 443.3073 441.619 440.1686 437.6678 434.0311 430.1895 426.9323 424.6868 423.659 424.1275 426.5698 430.1279 433.4393
1.70141E+38 1.70141E+38 1.70141E+38 1.70141E+38 1.70141E+38 1.70141E+38 1.70141E+38 1.70141E+38 1.70141E+38 1.70141E+38 1.70141E+38 1.70141E+38 1.70141E+38 1.70141E+38 1.70141E+38 1.70141E+38 1.70141E+38 1.70141E+38 1.70141E+38 1.70141E+38 1.70141E+38 1.70141E+38 1.70141E+38 1.70141E+38 1.70141E+38 1.70141E+38 1.70141E+38 1.70141E+38 1.70141E+38 1.70141E+38 1.70141E+38 1.70141E+38 1.70141E+38 1.70141E+38 1.70141E+38 1.70141E+38 1.70141E+38 1.70141E+38 1.70141E+38 1.70141E+38 1.70141E+38 1.70141E+38 1.70141E+38 1.70141E+38 1.70141E+38 1.70141E+38 1.70141E+38 1.70141E+38 1.70141E+38 1.70141E+38 1.70141E+38 1.70141E+38 1.70141E+38 1.70141E+38 1.70141E+38 1.70141E+38 1.70141E+38 1.70141E+38 1.70141E+38 1.70141E+38 1.70141E+38 1.70141E+38
1.70141E+38 1.70141E+38 1.70141E+38 1.70141E+38 1.70141E+38 1.70141E+38 1.70141E+38 1.70141E+38 1.70141E+38 1.70141E+38 1.70141E+38 1.70141E+38 1.70141E+38 1.70141E+38 1.70141E+38 1.70141E+38 1.70141E+38 1.70141E+38 1.70141E+38 1.70141E+38 1.70141E+38 1.70141E+38 1.70141E+38 1.70141E+38 1.70141E+38 1.70141E+38 1.70141E+38 1.70141E+38 1.70141E+38 1.70141E+38 1.70141E+38 1.70141E+38 1.70141E+38 1.70141E+38 1.70141E+38 1.70141E+38 1.70141E+38 1.70141E+38 1.70141E+38 1.70141E+38 1.70141E+38 1.70141E+38 1.70141E+38 1.70141E+38 1.70141E+38 1.70141E+38 1.70141E+38 1.70141E+38 1.70141E+38 1.70141E+38 1.70141E+38 1.70141E+38 1.70141E+38 1.70141E+38 1.70141E+38 1.70141E+38 1.70141E+38 1.70141E+38 1.70141E+38 1.70141E+38 1.70141E+38 1.70141E+38
1.70141E+38 1.70141E+38 1.70141E+38 1.70141E+38 1.70141E+38 1.70141E+38 1.70141E+38 1.70141E+38 1.70141E+38 1.70141E+38 1.70141E+38 1.70141E+38 1.70141E+38 1.70141E+38 1.70141E+38 1.70141E+38 1.70141E+38 1.70141E+38 1.70141E+38 1.70141E+38 1.70141E+38 1.70141E+38 1.70141E+38 1.70141E+38 1.70141E+38 1.70141E+38 1.70141E+38 1.70141E+38 1.70141E+38 1.70141E+38 1.70141E+38 1.70141E+38 1.70141E+38 1.70141E+38 1.70141E+38 1.70141E+38 1.70141E+38 1.70141E+38 1.70141E+38 1.70141E+38 1.70141E+38 1.70141E+38 1.70141E+38 1.70141E+38 1.70141E+38 1.70141E+38 1.70141E+38 1.70141E+38 1.70141E+38 1.70141E+38 1.70141E+38 1.70141E+38 1.70141E+38 1.70141E+38 1.70141E+38 1.70141E+38 1.70141E+38 1.70141E+38 1.70141E+38 1.70141E+38 1.70141E+38 1.70141E+38
1.70141E+38 1.70141E+38 1.70141E+38 1.70141E+38 1.70141E+38 1.70141E+38 1.70141E+38 1.70141E+38 1.70141E+38 1.70141E+38 1.70141E+38 1.70141E+38 1.70141E+38 1.70141E+38 1.70141E+38 1.70141E+38 1.70141E+38 1.70141E+38 1.70141E+38 1.70141E+38 1.70141E+38 1.70141E+38 1.70141E+38 1.70141E+38 1.70141E+38 1.70141E+38 1.70141E+38 1.70141E+38 1.70141E+38 1.70141E+38 1.70141E+38 1.70141E+38 1.70141E+38 1.70141E+38 1.70141E+38 1.70141E+38 1.70141E+38 1.70141E+38 1.70141E+38 1.70141E+38 1.70141E+38 1.70141E+38 1.70141E+38 1.70141E+38 1.70141E+38 1.70141E+38 1.70141E+38 1.70141E+38 1.70141E+38 1.70141E+38 1.70141E+38 1.70141E+38 1.70141E+38 1.70141E+38 1.70141E+38 1.70141E+38 1.70141E+38 1.70141E+38 1.70141E+38 1.70141E+38 1.70141E+38 1.70141E+38
1.70141E+38 1.70141E+38 1.70141E+38 1.70141E+38 1.70141E+38 1.70141E+38 1.70141E+38 1.70141E+38 1.70141E+38 1.70141E+38 1.70141E+38 1.70141E+38 1.70141E+38 1.70141E+38 1.70141E+38 1.70141E+38 1.70141E+38 1.70141E+38 1.70141E+38 1.70141E+38 1.70141E+38 1.70141E+38 1.70141E+38 1.70141E+38 1.70141E+38 1.70141E+38 1.70141E+38 1.70141E+38 1.70141E+38 1.70141E+38 1.70141E+38 1.70141E+38 1.70141E+38 1.70141E+38 1.70141E+38 1.70141E+38 1.70141E+38 1.70141E+38 1.70141E+38 1.70141E+38 1.70141E+38 1.70141E+38 1.70141E+38 1.70141E+38 1.70141E+38 1.70141E+38 1.70141E+38 1.70141E+38 1.70141E+38 1.70141E+38 1.70141E+38 1.70141E+38 1.70141E+38 1.70141E+38 1.70141E+38 1.70141E+38 1.70141E+38 1.70141E+38 1.70141E+38 1.70141E+38 1.70141E+38 1.70141E+38
1.70141E+38 1.70141E+38 1.70141E+38 1.70141E+38 1.70141E+38 1.70141E+38 1.70141E+38 1.70141E+38 1.70141E+38 1.70141E+38 1.70141E+38 1.70141E+38 1.70141E+38 1.70141E+38 1.70141E+38 1.70141E+38 1.70141E+38 1.70141E+38 1.70141E+38 1.70141E+38 1.70141E+38 1.70141E+38 1.70141E+38 1.70141E+38 1.70141E+38 1.70141E+38 1.70141E+38 1.70141E+38 1.70141E+38 1.70141E+38 1.70141E+38 1.70141E+38 1.70141E+38 1.70141E+38 1.70141E+38 1.70141E+38 1.70141E+38 1.70141E+38 1.70141E+38 1.70141E+38 1.70141E+38 1.70141E+38 1.70141E+38 1.70141E+38 1.70141E+38 1.70141E+38 1.70141E+38 1.70141E+38 1.70141E+38 1.70141E+38 1.70141E+38 1.70141E+38 1.70141E+38 1.70141E+38 1.70141E+38 1.70141E+38 1.70141E+38 1.70141E+38 1.70141E+38 1.70141E+38 1.70141E+38 1.70141E+38
1.70141E+38 1.70141E+38 1.70141E+38 1.70141E+38 1.70141E+38 1.70141E+38 1.70141E+38 1.70141E+38 1.70141E+38 1.70141E+38 1.70141E+38 1.70141E+38 1.70141E+38 1.70141E+38 1.70141E+38 1.70141E+38 1.70141E+38 1.70141E+38 1.70141E+38 1.70141E+38 1.70141E+38 1.70141E+38 1.70141E+38 1.70141E+38 1.70141E+38 1.70141E+38 1.70141E+38 1.70141E+38 1.70141E+38 1.70141E+38 1.70141E+38 1.70141E+38 1.70141E+38 1.70141E+38 1.70141E+38 1.70141E+38 1.70141E+38 1.70141E+38 1.70141E+38 1.70141E+38 1.70141E+38 1.70141E+38 1.70141E+38 1.70141E+38 1.70141E+38 1.70141E+38 1.70141E+38 1.70141E+38 1.70141E+38 1.70141E+38 1.70141E+38 1.70141E+38 1.70141E+38 1.70141E+38 1.70141E+38 1.70141E+38 1.70141E+38 1.70141E+38 1.70141E+38 1.70141E+38 1.70141E+38 1.70141E+38
1.70141E+38 1.70141E+38 1.70141E+38 1.70141E+38 1.70141E+38 1.70141E+38 1.70141E+38 1.70141E+38 1.70141E+38 1.70141E+38 1.70141E+38 1.70141E+38 1.70141E+38 1.70141E+38 1.70141E+38 1.70141E+38 1.70141E+38 1.70141E+38 1.70141E+38 1.70141E+38 1.70141E+38 1.70141E+38 1.70141E+38 1.70141E+38 1.70141E+38 1.70141E+38 1.70141E+38 1.70141E+38 1.70141E+38 1.70141E+38 1.70141E+38 1.70141E+38 1.70141E+38 1.70141E+38 1.70141E+38 1.70141E+38 1.70141E+38 1.70141E+38 1.70141E+38 1.70141E+38 1.70141E+38 1.70141E+38 1.70141E+38 1.70141E+38 1.70141E+38 1.70141E+38 1.70141E+38 1.70141E+38 1.70141E+38 1.70141E+38 1.70141E+38 1.70141E+38 1.70141E+38 1.70141E+38 1.70141E+38 1.70141E+38 1.70141E+38 1.70141E+38 1.70141E+38 1.70141E+38 1.70141E+38 1.70141E+38
