py_wake/examples/data/AJ_ParqueFicticio/Ridge area   Sector 6   Height 200m   Flow inclination.grd
DSAA
90  129
 262878   265103
 6504214   6507414
-12.49769   23.83437
[rows 78 to 103 of 129, columns 0 to 59 of 90]
-7.705908 -7.763773 -8.158919 -8.664198 -9.089783 -9.306651 -9.345109 -8.933371 -8.448982 -7.946365 -7.430635 -6.891691 -6.526678 -6.319714 -6.184816 -6.136049 -6.124222 -6.267307 -6.400331 -6.484568 -6.506181 -6.577415 -6.695482 -6.802954 -6.90568 -7.060267 -7.292428 -7.515055 -7.679519 -7.756632 -7.775363 -7.730761 -7.539219 -7.173069 -6.636896 -6.077724 -5.546353 -5.071118 -4.674781 -4.371515 -4.14665 -3.877218 -3.593994 -3.25408 -2.73799 -2.125564 -1.59015 -.9751451 -.4590004 -.0322588 .1354434 .02889526 -.1882204 -.4021241 -.5660762 -.6111492 -.4522305 -.1196287 .3258609 .879127
-7.023909 -7.405531 -8.06046 -8.303487 -8.274464 -8.109022 -7.815381 -7.203211 -6.558773 -5.905354 -5.200189 -4.529038 -4.037951 -3.683975 -3.489318 -3.425054 -3.423639 -3.582283 -3.762293 -3.974894 -4.189621 -4.416841 -4.642702 -4.798733 -4.90548 -5.031666 -5.236112 -5.415056 -5.536039 -5.631635 -5.71693 -5.728228 -5.683405 -5.494003 -5.145476 -4.772539 -4.431241 -4.136593 -3.849247 -3.632437 -3.433741 -3.206704 -2.955436 -2.630488 -2.090971 -1.576366 -.9993927 -.3658231 .2105875 .7802534 .9797437 .8660852 .5018993 .07149612 -.3265411 -.6244521 -.7445213 -.6520258 -.3903387 .02295756
-6.153952 -6.521269 -6.846556 -6.743603 -6.421186 -5.936841 -5.379118 -4.802818 -4.216723 -3.610214 -2.98672 -2.352473 -1.917689 -1.583612 -1.486289 -1.50795 -1.498764 -1.649291 -1.807483 -1.994337 -2.304384 -2.60185 -2.896825 -3.091178 -3.204766 -3.278509 -3.390266 -3.488164 -3.546555 -3.623917 -3.738374 -3.827801 -3.924988 -3.978612 -3.912767 -3.783611 -3.658718 -3.557727 -3.380775 -3.208311 -2.997661 -2.750417 -2.451764 -2.115186 -1.64662 -1.151657 -.5351434 .1284721 .8466089 1.576006 1.871648 1.87878 1.510388 .9335892 .2882636 -.2993296 -.6936952 -.856611 -.8568942 -.6916011
-5.243054 -5.350275 -5.224618 -4.858659 -4.323999 -3.742757 -3.172358 -2.719366 -2.425887 -2.130388 -1.792893 -1.425519 -1.131854 -.7926577 -.5662165 -.5884891 -.7526307 -.8918042 -.9822559 -1.039231 -1.290711 -1.681068 -2.033941 -2.223982 -2.276209 -2.228419 -2.173334 -2.128912 -2.089857 -2.113706 -2.205655 -2.365144 -2.581859 -2.77582 -2.940273 -3.075276 -3.165931 -3.199727 -3.129087 -3.017647 -2.826805 -2.547139 -2.19115 -1.834096 -1.384754 -.8641346 -.2132411 .4867227 1.453488 2.208424 2.658966 2.869426 2.626921 2.05275 1.254776 .4355771 -.231761 -.6844389 -.9661866 -1.072883
-4.626258 -4.480247 -4.095694 -3.593924 -3.105683 -2.637508 -2.288041 -2.14989 -2.06031 -2.00998 -1.979803 -1.881459 -1.590209 -1.280519 -1.385831 -1.573536 -1.709952 -1.781073 -1.754215 -1.64108 -1.873957 -2.066227 -2.274792 -2.369476 -2.315703 -2.118556 -1.905807 -1.690902 -1.46924 -1.345335 -1.341123 -1.455925 -1.712391 -2.027753 -2.347405 -2.6783 -2.953474 -3.150642 -3.179199 -3.162563 -3.050517 -2.798652 -2.306989 -1.897287 -1.398406 -.8304176 -.128466 .6293291 1.86908 2.632108 3.302051 3.771905 3.736031 8.934849 2.530756 1.563392 .648939 -.08486652 -.6465173 -1.000564
-4.436996 -4.267473 -3.890929 -3.426484 -3.039836 -2.826026 -2.72522 -2.710293 -2.776511 -2.925127 -3.102366 -3.26563 -3.338511 -3.217888 -3.118091 -3.091907 -3.190287 -3.321732 -3.450762 -3.333342 -3.347068 -3.319375 -3.361311 -3.333337 -3.203891 -2.863693 -2.455245 -2.065613 -1.631783 -1.283929 -1.049873 -.9733503 -1.167355 -1.55399 -1.980757 -2.474535 -2.92819 -3.278302 -3.387955 -3.476213 -3.453456 -3.19469 -2.66315 -2.231604 -1.696287 -1.088287 -.3453093 .4848682 1.812503 2.681212 3.611673 4.413057 4.735466 9.124398 7.689684 8.550192 9.793459 6.663038 .3157522 -.2991273
-4.491965 -4.350079 -4.081254 -3.761695 -3.509798 -3.440742 -3.461054 -3.549425 -3.758179 -4.059011 -4.38445 -4.74625 -5.069046 -5.139663 -5.099656 -5.058733 -5.104108 -5.23301 -5.365311 -5.242746 -5.14098 -5.019102 -4.960692 -4.854618 -4.601004 -4.101146 -3.503606 -2.913845 -2.259468 -1.665697 -1.193618 -.9561329 -1.042042 -1.39668 -1.862664 -2.37963 -2.855249 -3.272925 -3.510698 -3.727817 -3.825411 -3.684699 -3.218489 -2.795343 -2.26288 -1.634533 -.8519979 .07590332 1.319911 2.340015 3.494322 4.541706 5.25851 8.280406 7.449544 7.955053 9.65891 8.366936 6.889605 6.079094
-4.874705 -4.850178 -4.689945 -4.504499 -4.336469 -4.309264 -4.411425 -4.618067 -4.906007 -5.250583 -5.673934 -6.17968 -6.640961 -6.850019 -6.852511 -6.774825 -6.801264 -6.859983 -6.937053 -6.842777 -6.672169 -6.490229 -6.385006 -6.194873 -5.869625 -5.300159 -4.618222 -3.890328 -3.089598 -2.389684 -1.835274 -1.45653 -1.405828 -1.637732 -2.005203 -2.433263 -2.887589 -3.326906 -3.621253 -3.938651 -4.17051 -4.211875 -3.934367 -3.531543 -3.037533 -2.426115 -1.654874 -.7006516 .5013569 1.653208 2.951143 4.136906 5.17167 7.110091 7.396576 6.883633 6.962117 8.428304 7.918093 6.993192
-5.487219 -5.532873 -5.503454 -5.452799 -5.37839 -5.436149 -5.688204 -6.080537 -6.478653 -6.805258 -7.161174 -7.562608 -7.952483 -8.209774 -8.338969 -8.319141 -8.217282 -8.156145 -8.086142 -7.905873 -7.7331 -7.530818 -7.377432 -7.10763 -6.724617 -6.190445 -5.515476 -4.791313 -3.989072 -3.268321 -2.749242 -2.366 -2.188482 -2.209095 -2.407089 -2.74118 -3.129941 -3.499237 -3.783246 -4.129255 -4.470995 -4.732178 -4.805278 -4.682131 -4.31466 -3.760235 -2.935002 -1.92082 -.717673 .575506 1.971717 3.248934 4.514881 5.588762 7.189184 6.840503 6.057507 6.225341 7.64263 7.854848
-6.382046 -6.523386 -6.607159 -6.673279 -6.701668 -6.808538 -7.041657 -7.396385 -7.805406 -8.176483 -8.459741 -8.729936 -9.001754 -9.206661 -9.34901 -9.417491 -9.295484 -9.044685 -8.748351 -8.457346 -8.203363 -7.983042 -7.797464 -7.462577 -7.0506 -6.660692 -6.072264 -5.453905 -4.817415 -4.287087 -3.858876 -3.481915 -3.185255 -2.984243 -3.026367 -3.231515 -3.523044 -3.755963 -3.995458 -4.323784 -4.720515 -5.09372 -5.305766 -5.356911 -5.163294 -4.716182 -4.023186 -3.147361 -2.075908 -.7792676 .6216084 1.963296 3.365979 4.672616 6.291429 6.679872 6.277739 5.956478 6.242838 7.321098
-7.333549 -7.522686 -7.640582 -7.748895 -7.862993 -7.995676 -8.199802 -8.522881 -8.865673 -9.257015 -9.529535 -9.726407 -9.866386 -9.95577 -10.01727 -9.992064 -9.872774 -9.541855 -9.046304 -8.58245 -8.221901 -7.908634 -7.692673 -7.34455 -6.983944 -6.710735 -6.322739 -5.911273 -5.469887 -5.084733 -4.680929 -4.300596 -3.980914 -3.756543 -3.750148 -3.868574 -4.071405 -4.168196 -4.318366 -4.579761 -5.00161 -5.429827 -5.715986 -5.860983 -5.845341 -5.622986 -5.161689 -4.504744 -3.620209 -2.386009 -.965396 .4443667 1.915837 3.325067 4.643932 5.820413 5.998961 5.95651 6.039488 6.271761
-8.209866 -8.425256 -8.528614 -8.616892 -8.791275 -9.032044 -9.224888 -9.46113 -9.678434 -9.930214 -10.0985 -10.19616 -10.28607 -10.24821 -10.15279 -9.984623 -9.806498 -9.389191 -8.844744 -8.303518 -7.907598 -7.547517 -7.330502 -7.071669 -6.763757 -6.564958 -6.3605 -6.12413 -5.787688 -5.518987 -5.245787 -4.976282 -4.677363 -4.439654 -4.44079 -4.522342 -4.647243 -4.646621 -4.701083 -4.864532 -5.263075 -5.760607 -6.163883 -6.487456 -6.724357 -6.738878 -6.417223 -5.832447 -4.979059 -3.887926 -2.575878 -1.146543 .3124333 1.691902 3.01993 4.121779 4.920393 5.309246 5.692159 5.979462
-9.137868 -9.354482 -9.383761 -9.38977 -9.527043 -9.752959 -9.945048 -10.06662 -10.15092 -10.18048 -10.17744 -10.07252 -10.01497 -9.921523 -9.71772 -9.357331 -9.015655 -8.5875 -8.031943 -7.528467 -7.150628 -6.761034 -6.563114 -6.387084 -6.201834 -6.13208 -6.02986 -5.914365 -5.809544 -5.770247 -5.69842 -5.614333 -5.41807 -5.239082 -5.281829 -5.36712 -5.428519 -5.338212 -5.264337 -5.298925 -5.674783 -6.227039 -6.565536 -6.886268 -7.156755 -7.35042 -7.27029 -6.912115 -6.254215 -5.314702 -4.193696 -2.861226 -1.459343 -.1762539 .9795877 1.939889 2.865115 3.83112 4.683836 5.424192
-10.16909 -10.35679 -10.3908 -10.28747 -10.29325 -10.39376 -10.46793 -10.43466 -10.35422 -10.1248 -9.824243 -9.486872 -9.236889 -8.997571 -8.678218 -8.15537 -7.629941 -7.109528 -6.526488 -6.028592 -5.682344 -5.297926 -5.159595 -5.133014 -5.18716 -5.310627 -5.386721 -5.509669 -5.668637 -5.901581 -6.076094 -6.227429 -6.225854 -6.143679 -6.229708 -6.342659 -6.412428 -6.326089 -6.112349 -5.979094 -6.090292 -6.374498 -6.731937 -7.162938 -7.583361 -7.908308 -7.976137 -7.792519 -7.360758 -6.602652 -5.649844 -4.521224 -3.306755 -2.190415 -1.22333 -.36518 .5521864 1.494712 2.815017 4.154607
-11.20084 -11.25595 -11.23097 -11.13482 -10.99796 -10.93868 -10.91813 -10.755 -10.42947 -9.956449 -9.420551 -8.843174 -8.33293 -7.858716 -7.360276 -6.752708 -6.177143 -5.624135 -5.021405 -4.527174 -4.171529 -3.863828 -3.765875 -3.881226 -4.156889 -4.33557 -4.651388 -5.035858 -5.443444 -5.891687 -6.249632 -6.583935 -6.812768 -6.892489 -7.01442 -7.082876 -7.06664 -6.974276 -6.715421 -6.439138 -6.406641 -6.596716 -6.997015 -7.386753 -7.863006 -8.264348 -8.451288 -8.403799 -8.140033 -7.649563 -6.96563 -6.124808 -5.08022 -4.153572 -3.3592 -2.623457 -1.732642 -.8330265 .3347094 2.082674
-11.83821 -11.80892 -11.69703 -11.47353 -11.27815 -11.13143 -10.94643 -10.65601 -10.21664 -9.612578 -8.919065 -8.190383 -7.514346 -6.884033 -6.224597 -5.526816 -4.907455 -4.359991 -3.833335 -3.428491 -3.156534 -2.985476 -3.044382 -3.267982 -3.488443 -3.790379 -4.222583 -4.728795 -5.277847 -5.851887 -6.313602 -6.730375 -7.064859 -7.293792 -7.493603 -7.546435 -7.502547 -7.335426 -7.011626 -6.668447 -6.58925 -6.714116 -7.042297 -7.436652 -7.941862 -8.438932 -8.761346 -8.829474 -8.69565 -8.39289 -7.868844 -7.209409 -6.371047 -5.663052 -5.08685 -4.526226 -3.787675 -2.752123 -1.953618 -.6729193
-11.94503 -11.91456 -11.62006 -11.23276 -10.86455 -10.5906 -10.42472 -10.13557 -9.565746 -8.925886 -8.222803 -7.438204 -6.715517 -6.06378 -5.344559 -4.623975 -4.031765 -3.530244 -3.148685 -2.922698 -2.839898 -2.824327 -2.903226 -3.035228 -3.246065 -3.603589 -4.073812 -4.624248 -5.245585 -5.886672 -6.414881 -6.874064 -7.276796 -7.617194 -7.881117 -7.931867 -7.848451 -7.564304 -7.119203 -6.709461 -6.512927 -6.59109 -6.843237 -7.229353 -7.793573 -8.39527 -8.847266 -9.105916 -9.152419 -8.995272 -8.595143 -8.081922 -7.416935 -6.908754 -6.560813 -6.229815 -5.643828 -4.73941 -3.610398 -2.642843
-11.65875 -11.62216 -11.29425 -10.75541 -10.19841 -9.768641 -9.416286 -9.080416 -8.4827 -7.868124 -7.240741 -6.51472 -5.813283 -5.191877 -4.567167 -3.996853 -3.518589 -3.139206 -2.897802 -2.820089 -2.879703 -2.999417 -3.025374 -3.116994 -3.335511 -3.665447 -4.11614 -4.663813 -5.2992 -5.975395 -6.592172 -7.120972 -7.496425 -7.795334 -8.015682 -8.054235 -7.902071 -7.520311 -7.043314 -6.569099 -6.317948 -6.271921 -6.436569 -6.824638 -7.469168 -8.195171 -8.770336 -9.128547 -9.253843 -9.186322 -8.907327 -8.515269 -8.00196 -7.695364 -7.526376 -7.41387 -7.085127 -6.423321 -5.501558 -4.29145
-11.18841 -11.05934 -10.69102 -10.04458 -9.432979 -8.897411 -8.444667 -8.04715 -7.450653 -6.868585 -6.314532 -5.736964 -5.202306 -4.725085 -4.258929 -3.842725 -3.517184 -3.284528 -3.168007 -3.181711 -3.2075 -3.269038 -3.341317 -3.529471 -3.766818 -4.050134 -4.375526 -4.825928 -5.386566 -6.023575 -6.664426 -7.269669 -7.69631 -8.027019 -8.237244 -8.270224 -8.087165 -7.655052 -7.117157 -6.534056 -6.12307 -5.963603 -6.022887 -6.367234 -7.043578 -7.885472 -8.584502 -9.029662 -9.241232 -9.2695 -9.11884 -8.829747 -8.40344 -8.184468 -8.186063 -8.258095 -8.196451 -7.864785 -7.261093 -6.282756
-10.34218 -10.17633 -9.757006 -9.19451 -8.616337 -8.073118 -7.620027 -7.200452 -6.670971 -6.189344 -5.772399 -5.364604 -5.020712 -4.67511 -4.327265 -3.981462 -3.802078 -3.707586 -3.673315 -3.693141 -3.782509 -3.946079 -4.098176 -4.313817 -4.566355 -4.783169 -4.930249 -5.198016 -5.585194 -6.103408 -6.714958 -7.335009 -7.841694 -8.233097 -8.471756 -8.525884 -8.32799 -7.887981 -7.263466 -6.582935 -6.028822 -5.713493 -5.636465 -5.874128 -6.5317 .7008675 -.03648712 -8.798057 -9.120627 -9.222346 -9.11719 -8.880071 -8.57757 -8.461319 -8.571049 -8.793536 -8.928899 -8.880619 -8.532892 -7.73783
-9.093055 -8.955172 -8.568097 -8.142615 -7.658045 -7.198762 -6.840854 -6.529341 -6.189906 -5.89481 -5.647707 -5.360993 -5.087221 -4.855577 -4.654018 -4.471716 -4.39496 -4.46478 -4.598556 -4.792768 -4.999265 -5.226075 -5.346278 -5.477962 -5.650752 -5.73804 -5.725489 -5.803492 -5.943533 -6.199646 -6.644133 -7.185543 -7.72104 -8.188576 -8.532964 -8.682358 -8.560339 -8.151761 -7.524784 -6.77885 -6.062234 -5.491432 -5.203919 -5.278321 -3.430159 -.566958 -3.541126 -3.769566 -.9901223 -4.472276 -8.968801 -8.807815 -8.593713 -8.578603 -8.77078 -9.121728 -9.433074 -9.615531 -9.51195 -8.883419
-7.739603 -7.55717 -7.243614 -6.926114 -6.566616 -6.259811 -6.108668 -6.001119 -5.81366 -5.621979 -5.461508 -5.330458 -5.212929 -5.127927 -5.087231 -5.089828 -5.182906 -5.395229 -5.6649 -6.007811 -6.339775 -6.622778 -6.732058 -6.810167 -6.876873 -6.828121 -6.62279 -6.449762 -6.333963 -6.325263 -6.59852 -7.04464 -7.579051 -8.10672 -8.547338 -8.788263 -8.781673 -8.434776 -7.847575 -7.062391 -6.247406 -5.434027 -4.898046 -4.715661 1.192965 -.2027798 -2.798694 -4.031014 -3.884449 -1.614896 -1.402063 -7.093081 -8.467149 -8.52557 -8.779603 -9.176867 -9.563581 -9.844358 -9.914061 -9.591965
1.70141E+38 1.70141E+38 1.70141E+38 1.70141E+38 1.70141E+38 1.70141E+38 1.70141E+38 1.70141E+38 1.70141E+38 1.70141E+38 1.70141E+38 1.70141E+38 1.70141E+38 1.70141E+38 1.70141E+38 1.70141E+38 1.70141E+38 1.70141E+38 1.70141E+38 1.70141E+38 1.70141E+38 1.70141E+38 1.70141E+38 1.70141E+38 1.70141E+38 1.70141E+38 1.70141E+38 1.70141E+38 1.70141E+38 1.70141E+38 1.70141E+38 1.70141E+38 1.70141E+38 1.70141E+38 1.70141E+38 1.70141E+38 1.70141E+38 1.70141E+38 1.70141E+38 1.70141E+38 1.70141E+38 1.70141E+38 1.70141E+38 1.70141E+38 1.70141E+38 1.70141E+38 1.70141E+38 1.70141E+38 1.70141E+38 1.70141E+38 1.70141E+38 1.70141E+38 1.70141E+38 1.70141E+38 1.70141E+38 1.70141E+38 1.70141E+38 1.70141E+38 1.70141E+38 1.70141E+38
1.70141E+38 1.70141E+38 1.70141E+38 1.70141E+38 1.70141E+38 1.70141E+38 1.70141E+38 1.70141E+38 1.70141E+38 1.70141E+38 1.70141E+38 1.70141E+38 1.70141E+38 1.70141E+38 1.70141E+38 1.70141E+38 1.70141E+38 1.70141E+38 1.70141E+38 1.70141E+38 1.70141E+38 1.70141E+38 1.70141E+38 1.70141E+38 1.70141E+38 1.70141E+38 1.70141E+38 1.70141E+38 1.70141E+38 1.70141E+38 1.70141E+38 1.70141E+38 1.70141E+38 1.70141E+38 1.70141E+38 1.70141E+38 1.70141E+38 1.70141E+38 1.70141E+38 1.70141E+38 1.70141E+38 1.70141E+38 1.70141E+38 1.70141E+38 1.70141E+38 1.70141E+38 1.70141E+38 1.70141E+38 1.70141E+38 1.70141E+38 1.70141E+38 1.70141E+38 1.70141E+38 1.70141E+38 1.70141E+38 1.70141E+38 1.70141E+38 1.70141E+38 1.70141E+38 1.70141E+38
1.70141E+38 1.70141E+38 1.70141E+38 1.70141E+38 1.70141E+38 1.70141E+38 1.70141E+38 1.70141E+38 1.70141E+38 1.70141E+38 1.70141E+38 1.70141E+38 1.70141E+38 1.70141E+38 1.70141E+38 1.70141E+38 1.70141E+38 1.70141E+38 1.70141E+38 1.70141E+38 1.70141E+38 1.70141E+38 1.70141E+38 1.70141E+38 1.70141E+38 1.70141E+38 1.70141E+38 1.70141E+38 1.70141E+38 1.70141E+38 1.70141E+38 1.70141E+38 1.70141E+38 1.70141E+38 1.70141E+38 1.70141E+38 1.70141E+38 1.70141E+38 1.70141E+38 1.70141E+38 1.70141E+38 1.70141E+38 1.70141E+38 1.70141E+38 1.70141E+38 1.70141E+38 1.70141E+38 1.70141E+38 1.70141E+38 1.70141E+38 1.70141E+38 1.70141E+38 1.70141E+38 1.70141E+38 1.70141E+38 1.70141E+38 1.70141E+38 1.70141E+38 1.70141E+38 1.70141E+38
1.70141E+38 1.70141E+38 1.70141E+38 1.70141E+38 1.70141E+38 1.70141E+38 1.70141E+38 1.70141E+38 1.70141E+38 1.70141E+38 1.70141E+38 1.70141E+38 1.70141E+38 1.70141E+38 1.70141E+38 1.70141E+38 1.70141E+38 1.70141E+38 1.70141E+38 1.70141E+38 1.70141E+38 1.70141E+38 1.70141E+38 1.70141E+38 1.70141E+38 1.70141E+38 1.70141E+38 1.70141E+38 1.70141E+38 1.70141E+38 1.70141E+38 1.70141E+38 1.70141E+38 1.70141E+38 1.70141E+38 1.70141E+38 1.70141E+38 1.70141E+38 1.70141E+38 1.70141E+38 1.70141E+38 1.70141E+38 1.70141E+38 1.70141E+38 1.70141E+38 1.70141E+38 1.70141E+38 1.70141E+38 1.70141E+38 1.70141E+38 1.70141E+38 1.70141E+38 1.70141E+38 1.70141E+38 1.70141E+38 1.70141E+38 1.70141E+38 1.70141E+38 1.70141E+38 1.70141E+38
