py_wake/examples/data/AJ_ParqueFicticio/Ridge area   Sector 4   Height 30m   Orographic speed.grd
DSAA
90  129
 262878   265103
 6504214   6507414
 .06656846   1.67403
[rows 81 to 107 of 129, columns 0 to 61 of 90]
.5792531 .5858709 .5936205 .5989985 .6028469 .6074231 .6131041 .6202263 .6312612 .6424754 .6542782 .6674802 .6743193 .6705365 .6578991 .6447592 .6344964 .6228746 .6147138 .6068318 .5937506 .5865666 .5804722 .5764191 .5718855 .5682771 .5633432 .5622312 .5676649 .5799495 .6027276 .6439672 .7184593 .8279578 .9604366 1.093337 1.203699 1.290498 1.358779 1.415455 1.465985 1.519541 1.567042 1.601181 1.626481 1.645097 1.655583 1.656401 1.634592 1.578716 1.518009 1.449274 1.382636 1.323562 1.275038 1.239053 1.214509 1.19513 1.18013 1.169163 1.156931 1.145261
.6066229 .6210255 .6344755 .6446654 .6538165 .6618319 .6708484 .679004 .6856303 .6946709 .7097476 .7264073 .7381499 .7387261 .7280918 .7145977 .6990933 .6905727 .6918851 .6945415 .6823186 .6661482 .6519471 .6494105 .6549406 .6648107 .6717036 .6830899 .7031133 .7257089 .7572524 .8015594 .8711094 .9725313 1.079894 1.177218 1.260192 1.329729 1.389966 1.439183 1.485726 1.536816 1.575895 1.599985 1.621516 1.636204 1.644607 1.644176 1.615677 1.560501 1.501612 1.430893 1.362248 1.29981 1.248434 1.209907 1.184107 1.164578 1.151749 1.144548 1.135871 1.126858
.6353528 .6558027 .6755142 .6908024 .7007156 .7119403 .7223167 .725341 .7288931 .7410333 .7554147 .7676398 .7853687 .7956746 .7814444 .7608239 .7445442 .7394087 .7488398 .7626674 .7442067 .7223268 .7065608 .7064134 .7235677 .7484685 .7672554 .7920995 .8293274 .8628535 .8977218 .9432039 1.007642 1.090779 1.1718 1.241078 1.305473 1.36409 1.417937 1.459502 1.501717 1.546192 1.577702 1.595677 1.613023 1.624301 1.630785 1.627851 1.595618 1.545592 1.48987 1.42055 1.351927 1.288026 1.233436 1.19047 1.162506 1.141964 1.129359 1.121904 1.113474 1.10684
.6592549 .6838976 .7066982 .7236399 .7361178 .7472287 .7531366 .7547767 .7600862 .7726684 .7827725 .7898849 .7995788 .8037823 .7928873 .7768201 .7642863 .7602262 .7656038 .7729519 .7609556 .7443764 .733207 .7350759 .7546818 .7917206 .8298708 .870741 .9236699 .9688399 1.012265 1.065558 1.124051 1.183997 1.242582 1.294609 1.343776 1.396023 1.442162 1.477357 1.513358 1.549581 1.57454 1.588081 1.600873 1.609949 1.61422 1.607358 1.575735 1.533576 1.482258 1.419044 1.35413 1.289385 1.231076 1.183409 1.153358 1.13107 1.115975 1.104134 1.094077 1.088154
.6770813 .7035792 .7261537 .7446236 .7613998 .7692356 .7706676 .7729499 .7802876 .7898541 .793357 .790875 .7858569 .7801197 .7722632 .7637475 .755513 .7511418 .749563 .7488322 .7419951 .7318251 .725605 .7317746 .7554327 .8009325 .8575229 .9186417 .9875355 1.044063 1.102992 1.161366 1.210435 1.253896 1.297463 1.338508 1.378878 1.42609 1.464328 1.49369 1.521989 1.548245 1.566732 1.577057 1.585606 1.592519 1.59351 1.583601 1.557628 1.523739 1.477525 1.422192 1.362735 1.299251 1.238653 1.187016 1.155667 1.131033 1.111005 1.093445 1.079747 1.071088
.6874451 .7128916 .7347174 .754854 .7726445 .7776144 .7755802 .7739816 .777797 .7838404 .779828 .7679224 .7543349 .7430035 .7323027 .7265046 .7248712 .7215847 .7169561 .712772 .7048547 .6978744 .6966281 .7118583 .7430741 .7959531 .8683924 .9479741 1.029768 1.098141 1.163449 1.222813 1.266636 1.304014 1.339428 1.371796 1.410337 1.45282 1.484501 1.50816 1.527398 1.542772 1.553129 1.559085 1.564011 1.567974 1.567144 1.558867 1.541398 1.514471 1.473913 1.426952 1.37354 1.313653 1.253876 1.200639 1.168379 1.140902 1.114539 1.091047 1.073694 1.060102
.686381 .7101049 .7301577 .7488932 .7632526 .764467 .7590503 .7528211 .7492732 .7472064 .7385985 .7249042 .7097033 .6953797 .6812699 .6725858 .6710737 .6722861 .6719114 .6669047 .659943 .6542922 .6602488 .6882438 .7296879 .7900786 .8784217 .9711148 1.059489 1.135349 1.201306 1.25707 1.302252 1.340247 1.370129 1.399593 1.437446 1.475586 1.502061 1.518901 1.527592 1.532361 1.534776 1.535369 1.536662 1.538812 1.538425 1.532967 1.522727 1.502892 1.46937 1.430355 1.384148 1.331261 1.275195 1.2227 1.188823 1.161095 1.13159 1.102681 1.082813 1.065004
.6710966 .6917986 .709991 .7247081 .731747 .7295146 .7221596 .7124264 .7025703 .6908348 .677167 .661934 .646495 .6312128 .6162428 .6056002 .599834 .6034521 .6096173 .6105928 .608767 .6124099 .6257555 .665474 .7226781 .7954116 .8920434 .9908354 1.083025 1.160445 1.225633 1.281016 1.329308 1.366212 1.393728 1.422693 1.459369 1.493519 1.515489 1.524304 1.521906 1.517665 1.513536 1.509357 1.506817 1.506535 1.506167 1.503154 1.498209 1.486183 1.461703 1.430963 1.393023 1.348592 1.298069 1.248958 1.214958 1.188767 1.159971 1.127711 1.10459 1.083567
.6438373 .6607605 .6767952 .6870435 .6852906 .6766772 .6661182 .6534882 .6386023 .6217023 .6036759 .5855444 .5669104 .5503894 .5372103 .5266162 .5189204 .5255856 .5352085 .5439605 .5507764 .5659903 .5902858 .6418549 .7173303 .8062046 .9074406 1.010389 1.105408 1.181426 1.245855 1.302513 1.352915 1.387197 1.413016 1.441636 1.476544 1.506697 1.523596 1.524543 1.512107 1.499504 1.489022 1.479268 1.470765 1.467529 1.468629 1.469203 1.469841 1.464322 1.449717 1.428171 1.398392 1.361549 1.317557 1.274266 1.242687 1.21969 1.195125 1.162587 1.135923 1.112465
.6046702 .6165119 .6312199 .6368781 .6266865 .6115447 .5956241 .5806301 .5636244 .5456296 .5259705 .5049151 .4824544 .4635195 .4528793 .447266 .4436031 .4484092 .4596192 .4695915 .484471 .5121713 .5492533 .6161578 .7151355 .8241282 .9347953 1.040862 1.132519 1.204498 1.267069 1.323788 1.374011 1.405479 1.429731 1.456849 1.488389 1.51385 1.525264 1.519264 1.495318 1.472916 1.458867 1.446038 1.434113 1.428486 1.429792 1.433544 1.438139 1.437783 1.431622 1.419946 1.397783 1.365857 1.327826 1.292241 1.266761 1.248038 1.229331 1.200207 1.173126 1.148077
.5501673 .5573543 .5660977 .5671535 .5538446 .5356501 .5181034 .5028183 .48615 .4687601 .4509338 .430745 .4082092 .3889941 .3800825 .3803935 .3812809 .3867768 .4001624 .4141838 .4369992 .4858267 .53946 .6329466 .7578738 .8766319 .9860318 1.086608 1.166854 1.230864 1.289603 1.342295 1.388084 1.417213 1.44016 1.465514 1.492051 1.512154 1.518397 1.503896 1.473909 1.448894 1.431465 1.413473 1.396365 1.388696 1.390414 1.395927 1.402594 1.40806 1.408861 1.404706 1.388298 1.359222 1.325562 1.297881 1.280214 1.267508 1.254808 1.233782 1.211499 1.18798
.4816804 .48633 .4886068 .4827683 .4699041 .4532709 .4360014 .421066 .4069163 .3935236 .3791387 .3628327 .3469848 .3342719 .3302443 .3332472 .3371846 .3506339 .3742186 .3992921 .4470417 .5269079 .6183522 .7367147 .8610333 .9670702 1.057205 1.138722 1.204794 1.259577 1.31251 1.358036 1.396644 1.422821 1.444838 1.468456 1.489078 1.503051 1.504148 1.485211 1.454193 1.4247 1.400631 1.378177 1.35719 1.34912 1.351431 1.359118 1.368155 1.376606 1.38158 1.382136 1.36939 1.34268 1.312905 1.291727 1.281268 1.274385 1.267957 1.258113 1.244643 1.226977
.4103388 .4122605 .4105703 .4030606 .3886526 .3719003 .3551346 .3420576 .3306639 .3220372 .3134082 .3042605 .2962756 .291453 .2962621 .3058594 .3174799 .3447019 .3858263 .4407333 .531332 .6415375 .7627194 .8795697 .9774187 1.059274 1.128752 1.190365 1.241082 1.288374 1.334842 1.373064 1.404251 1.425541 1.444587 1.464939 1.479522 1.488414 1.485348 1.464288 1.430878 1.398764 1.369774 1.343771 1.320324 1.310211 1.312007 1.322266 1.333446 1.343872 1.35157 1.355049 1.344499 1.319005 1.292599 1.275884 1.270457 1.269751 1.270601 1.271958 1.2687 1.25973
.3472712 .3444706 .3427819 .3353931 .3214347 .3029543 .2834337 .2709891 .2651091 .2598852 .2560507 .2558247 .2563686 .2625286 .2813312 .3053729 .3380569 .388102 .4530114 .5445904 .6591692 .7854521 .898158 .9882929 1.062996 1.125002 1.181852 1.232036 1.272772 1.313822 1.353288 1.384851 1.408615 1.42298 1.437198 1.452127 1.461977 1.46788 1.463089 1.442342 1.409197 1.374516 1.342376 1.312636 1.285665 1.273097 1.27446 1.284676 1.296548 1.308812 1.319481 1.324633 1.314041 1.289948 1.265402 1.250533 1.248909 1.253698 1.261891 1.272654 1.281052 1.282387
.2957455 .2900043 .2866847 .2803188 .2672683 .2497517 .2335589 .2226548 .2205507 .218872 .2199558 .229676 .2420308 .2637114 .3003995 .3460505 .403964 .4757246 .5653711 .6705721 .7850509 .8952181 .9890054 1.062295 1.122601 1.17552 1.22523 1.26594 1.3 1.334059 1.364449 1.38812 1.405102 1.413827 1.423393 1.432797 1.440498 1.445457 1.441022 1.421147 1.388532 1.355118 1.321323 1.286054 1.25273 1.236284 1.236093 1.246465 1.259913 1.273996 1.285807 1.291321 1.281923 1.257788 1.234696 1.220224 1.220328 1.228795 1.242808 1.260583 1.278128 1.290356
.2540803 .2487082 .2443756 .2392306 .2284695 .2163359 .2051433 .1981086 .2017441 .206354 .2171981 .237031 .2655945 .3082276 .3629049 .4260647 .5003225 .5915389 .6916327 .7929962 .889496 .9791415 1.055987 1.118054 1.16998 1.22091 1.263894 1.295181 1.323928 1.350266 1.370802 1.38561 1.39505 1.398043 1.402585 1.40726 1.413189 1.418823 1.416159 1.400367 1.3717 1.339408 1.30275 1.261288 1.22139 1.198388 1.195595 1.206789 1.221454 1.236469 1.248208 1.255312 1.248772 1.225052 1.202402 1.188159 1.188338 1.197982 1.215266 1.238557 1.26326 1.284571
.227598 .223123 .2197544 .2158898 .2098196 .2038314 .1981457 .199111 .2117621 .228011 .2529933 .286211 .3303249 .3888236 .4570415 .5323253 .6157697 .7100976 .806915 .8938146 .9731348 1.047494 1.113834 1.163393 1.208626 1.25737 1.294607 1.320989 1.3453 1.363443 1.373279 1.378411 1.3785 1.375306 1.374514 1.374817 1.379898 1.387828 1.39022 1.381615 1.358248 1.326237 1.28721 1.241281 1.193839 1.162681 1.15526 1.16459 1.177632 1.19381 1.208319 1.218925 1.213395 1.190762 1.168219 1.154216 1.154292 1.163191 1.182462 1.210445 1.240801 1.268543
.2249144 .2202505 .2182595 .2158248 .215528 .2165974 .2181105 .2317269 .2555284 .2854979 .3231644 .3708639 .4273848 .4937253 .5694703 .6508843 .731201 .8143869 .8944677 .9667602 1.035451 1.098092 1.154524 1.196452 1.237481 1.281488 1.315443 1.339892 1.361528 1.373203 1.373976 1.36995 1.361256 1.350866 1.342727 1.338176 1.343395 1.35452 1.363522 1.362477 1.348307 1.321235 1.282376 1.233425 1.180593 1.138824 1.12226 1.125455 1.134294 1.150493 1.166793 1.180293 1.174457 1.153081 1.13115 1.116958 1.115989 1.124555 1.144929 1.177393 1.213068 1.245968
.2437882 .243061 .2441893 .2443715 .2510861 .2597881 .2701902 .2946317 .3290489 .3691522 .4153223 .4691728 .5317031 .5993636 .6695573 .7425992 .8145998 .8852916 .9493291 1.0092 1.067051 1.122835 1.173362 1.213967 1.253442 1.294124 1.327881 1.353622 1.37475 1.381737 1.374478 1.361116 1.34322 1.323696 1.308007 1.299915 1.306026 1.320844 1.336131 1.344442 1.342736 1.324003 1.288587 1.240223 1.186278 1.138184 1.110585 1.102295 1.103195 1.112219 1.124776 1.137341 1.134321 1.114977 1.09354 1.079201 1.076579 1.085351 1.106416 1.140113 1.17868 1.215597
1.70141E+38 1.70141E+38 1.70141E+38 1.70141E+38 1.70141E+38 1.70141E+38 1.70141E+38 1.70141E+38 1.70141E+38 1.70141E+38 1.70141E+38 1.70141E+38 1.70141E+38 1.70141E+38 1.70141E+38 1.70141E+38 1.70141E+38 1.70141E+38 1.70141E+38 1.70141E+38 1.70141E+38 1.70141E+38 1.70141E+38 1.70141E+38 1.70141E+38 1.70141E+38 1.70141E+38 1.70141E+38 1.70141E+38 1.70141E+38 1.70141E+38 1.70141E+38 1.70141E+38 1.70141E+38 1.70141E+38 1.70141E+38 1.70141E+38 1.70141E+38 1.70141E+38 1.70141E+38 1.70141E+38 1.70141E+38 1.70141E+38 1.70141E+38 1.70141E+38 1.70141E+38 1.70141E+38 1.70141E+38 1.70141E+38 1.70141E+38 1.70141E+38 1.70141E+38 1.70141E+38 1.70141E+38 1.70141E+38 1.70141E+38 1.70141E+38 1.70141E+38 1.70141E+38 1.70141E+38 1.70141E+38 1.70141E+38
1.70141E+38 1.70141E+38 1.70141E+38 1.70141E+38 1.70141E+38 1.70141E+38 1.70141E+38 1.70141E+38 1.70141E+38 1.70141E+38 1.70141E+38 1.70141E+38 1.70141E+38 1.70141E+38 1.70141E+38 1.70141E+38 1.70141E+38 1.70141E+38 1.70141E+38 1.70141E+38 1.70141E+38 1.70141E+38 1.70141E+38 1.70141E+38 1.70141E+38 1.70141E+38 1.70141E+38 1.70141E+38 1.70141E+38 1.70141E+38 1.70141E+38 1.70141E+38 1.70141E+38 1.70141E+38 1.70141E+38 1.70141E+38 1.70141E+38 1.70141E+38 1.70141E+38 1.70141E+38 1.70141E+38 1.70141E+38 1.70141E+38 1.70141E+38 1.70141E+38 1.70141E+38 1.70141E+38 1.70141E+38 1.70141E+38 1.70141E+38 1.70141E+38 1.70141E+38 1.70141E+38 1.70141E+38 1.70141E+38 1.70141E+38 1.70141E+38 1.70141E+38 1.70141E+38 1.70141E+38 1.70141E+38 1.70141E+38
1.70141E+38 1.70141E+38 1.70141E+38 1.70141E+38 1.70141E+38 1.70141E+38 1.70141E+38 1.70141E+38 1.70141E+38 1.70141E+38 1.70141E+38 1.70141E+38 1.70141E+38 1.70141E+38 1.70141E+38 1.70141E+38 1.70141E+38 1.70141E+38 1.70141E+38 1.70141E+38 1.70141E+38 1.70141E+38 1.70141E+38 1.70141E+38 1.70141E+38 1.70141E+38 1.70141E+38 1.70141E+38 1.70141E+38 1.70141E+38 1.70141E+38 1.70141E+38 1.70141E+38 1.70141E+38 1.70141E+38 1.70141E+38 1.70141E+38 1.70141E+38 1.70141E+38 1.70141E+38 1.70141E+38 1.70141E+38 1.70141E+38 1.70141E+38 1.70141E+38 1.70141E+38 1.70141E+38 1.70141E+38 1.70141E+38 1.70141E+38 1.70141E+38 1.70141E+38 1.70141E+38 1.70141E+38 1.70141E+38 1.70141E+38 1.70141E+38 1.70141E+38 1.70141E+38 1.70141E+38 1.70141E+38 1.70141E+38
1.70141E+38 1.70141E+38 1.70141E+38 1.70141E+38 1.70141E+38 1.70141E+38 1.70141E+38 1.70141E+38 1.70141E+38 1.70141E+38 1.70141E+38 1.70141E+38 1.70141E+38 1.70141E+38 1.70141E+38 1.70141E+38 1.70141E+38 1.70141E+38 1.70141E+38 1.70141E+38 1.70141E+38 1.70141E+38 1.70141E+38 1.70141E+38 1.70141E+38 1.70141E+38 1.70141E+38 1.70141E+38 1.70141E+38 1.70141E+38 1.70141E+38 1.70141E+38 1.70141E+38 1.70141E+38 1.70141E+38 1.70141E+38 1.70141E+38 1.70141E+38 1.70141E+38 1.70141E+38 1.70141E+38 1.70141E+38 1.70141E+38 1.70141E+38 1.70141E+38 1.70141E+38 1.70141E+38 1.70141E+38 1.70141E+38 1.70141E+38 1.70141E+38 1.70141E+38 1.70141E+38 1.70141E+38 1.70141E+38 1.70141E+38 1.70141E+38 1.70141E+38 1.70141E+38 1.70141E+38 1.70141E+38 1.70141E+38
1.70141E+38 1.70141E+38 1.70141E+38 1.70141E+38 1.70141E+38 1.70141E+38 1.70141E+38 1.70141E+38 1.70141E+38 1.70141E+38 1.70141E+38 1.70141E+38 1.70141E+38 1.70141E+38 1.70141E+38 1.70141E+38 1.70141E+38 1.70141E+38 1.70141E+38 1.70141E+38 1.70141E+38 1.70141E+38 1.70141E+38 1.70141E+38 1.70141E+38 1.70141E+38 1.70141E+38 1.70141E+38 1.70141E+38 1.70141E+38 1.70141E+38 1.70141E+38 1.70141E+38 1.70141E+38 1.70141E+38 1.70141E+38 1.70141E+38 1.70141E+38 1.70141E+38 1.70141E+38 1.70141E+38 1.70141E+38 1.70141E+38 1.70141E+38 1.70141E+38 1.70141E+38 1.70141E+38 1.70141E+38 1.70141E+38 1.70141E+38 1.70141E+38 1.70141E+38 1.70141E+38 1.70141E+38 1.70141E+38 1.70141E+38 1.70141E+38 1.70141E+38 1.70141E+38 1.70141E+38 1.70141E+38 1.70141E+38
1.70141E+38 1.70141E+38 1.70141E+38 1.70141E+38 1.70141E+38 1.70141E+38 1.70141E+38 1.70141E+38 1.70141E+38 1.70141E+38 1.70141E+38 1.70141E+38 1.70141E+38 1.70141E+38 1.70141E+38 1.70141E+38 1.70141E+38 1.70141E+38 1.70141E+38 1.70141E+38 1.70141E+38 1.70141E+38 1.70141E+38 1.70141E+38 1.70141E+38 1.70141E+38 1.70141E+38 1.70141E+38 1.70141E+38 1.70141E+38 1.70141E+38 1.70141E+38 1.70141E+38 1.70141E+38 1.70141E+38 1.70141E+38 1.70141E+38 1.70141E+38 1.70141E+38 1.70141E+38 1.70141E+38 1.70141E+38 1.70141E+38 1.70141E+38 1.70141E+38 1.70141E+38 1.70141E+38 1.70141E+38 1.70141E+38 1.70141E+38 1.70141E+38 1.70141E+38 1.70141E+38 1.70141E+38 1.70141E+38 1.70141E+38 1.70141E+38 1.70141E+38 1.70141E+38 1.70141E+38 1.70141E+38 1.70141E+38
1.70141E+38 1.70141E+38 1.70141E+38 1.70141E+38 1.70141E+38 1.70141E+38 1.70141E+38 1.70141E+38 1.70141E+38 1.70141E+38 1.70141E+38 1.70141E+38 1.70141E+38 1.70141E+38 1.70141E+38 1.70141E+38 1.70141E+38 1.70141E+38 1.70141E+38 1.70141E+38 1.70141E+38 1.70141E+38 1.70141E+38 1.70141E+38 1.70141E+38 1.70141E+38 1.70141E+38 1.70141E+38 1.70141E+38 1.70141E+38 1.70141E+38 1.70141E+38 1.70141E+38 1.70141E+38 1.70141E+38 1.70141E+38 1.70141E+38 1.70141E+38 1.70141E+38 1.70141E+38 1.70141E+38 1.70141E+38 1.70141E+38 1.70141E+38 1.70141E+38 1.70141E+38 1.70141E+38 1.70141E+38 1.70141E+38 1.70141E+38 1.70141E+38 1.70141E+38 1.70141E+38 1.70141E+38 1.70141E+38 1.70141E+38 1.70141E+38 1.70141E+38 1.70141E+38 1.70141E+38 1.70141E+38 1.70141E+38
1.70141E+38 1.70141E+38 1.70141E+38 1.70141E+38 1.70141E+38 1.70141E+38 1.70141E+38 1.70141E+38 1.70141E+38 1.70141E+38 1.70141E+38 1.70141E+38 1.70141E+38 1.70141E+38 1.70141E+38 1.70141E+38 1.70141E+38 1.70141E+38 1.70141E+38 1.70141E+38 1.70141E+38 1.70141E+38 1.70141E+38 1.70141E+38 1.70141E+38 1.70141E+38 1.70141E+38 1.70141E+38 1.70141E+38 1.70141E+38 1.70141E+38 1.70141E+38 1.70141E+38 1.70141E+38 1.70141E+38 1.70141E+38 1.70141E+38 1.70141E+38 1.70141E+38 1.70141E+38 1.70141E+38 1.70141E+38 1.70141E+38 1.70141E+38 1.70141E+38 1.70141E+38 1.70141E+38 1.70141E+38 1.70141E+38 1.70141E+38 1.70141E+38 1.70141E+38 1.70141E+38 1.70141E+38 1.70141E+38 1.70141E+38 1.70141E+38 1.70141E+38 1.70141E+38 1.70141E+38 1.70141E+38 1.70141E+38
