py_wake/examples/data/AJ_ParqueFicticio/Ridge area   Sector 11   Height 200m   Orographic turn.grd
DSAA
90  129
 262878   265103
 6504214   6507414
-179.8181   179.4548
[rows 54 to 80 of 129, columns 0 to 59 of 90]
2.185145 2.042943 2.065817 2.174664 2.30223 2.503684 3.000583 3.24296 1.058812 -4.627392 -8.62186 -9.776879 -10.92754 -13.67626 -17.40741 -21.08235 -23.15487 -22.59352 -21.13651 -18.79423 -15.39632 -12.40727 -10.06438 -8.465619 -7.602533 -7.583456 -7.96081 -8.118263 -8.513072 -9.115237 -9.301904 -9.503022 -9.624582 -9.360908 -9.051389 -8.685953 -8.26637 -7.846256 -7.416998 -7.037886 -6.813388 -6.818481 -6.933473 -7.123384 -7.447629 -7.552649 -7.721054 -7.952168 -8.210862 -8.59181 -9.044013 -9.570488 -9.907622 -9.824475 -8.938746 -6.726531 -3.618973 -.5839226 1.67279 2.688152
2.099813 1.889451 1.790162 1.753718 1.77962 1.698985 1.649005 1.518995 .7339406 -1.063688 -2.632117 -3.433183 -4.665139 -6.938332 -9.844615 -12.95199 -15.38767 -16.63028 -16.47706 -14.88366 -12.47283 -10.05854 -8.117678 -6.769067 -5.902248 -5.685579 -5.776112 -6.018336 -6.294127 -6.671251 -7.077498 -7.37084 -7.696512 -7.925284 -8.059528 -8.076619 -7.843798 -7.582853 -7.328521 -7.134541 -7.065957 -7.13379 -7.263114 -7.51461 -7.727118 -7.801096 -7.856279 -7.974407 -8.090034 -8.383235 -8.79429 -9.251158 -9.557881 -9.410537 -8.59761 -6.882673 -4.574016 -2.317093 -.5345666 .4273085
2.092592 1.824248 1.607416 1.452034 1.405499 1.219657 .9311586 .5155132 -.05842017 -.8030233 -1.276012 -1.517203 -2.075244 -3.637542 -5.652109 -7.93626 -9.867025 -11.28044 -11.94261 -11.41409 -9.675815 -7.843244 -6.407045 -5.228213 -4.42078 -4.127011 -4.145211 -4.320437 -4.565011 -4.907227 -5.257114 -5.627234 -5.987681 -6.386325 -6.725737 -6.947623 -7.045 -7.0323 -7.017689 -6.997595 -7.054821 -7.215284 -7.418899 -7.703585 -7.800602 -7.883613 -7.898658 -7.966507 -7.984393 -8.103719 -8.390493 -8.725291 -8.943434 -8.817585 -8.183208 -6.887163 -5.135234 -3.395747 -1.923885 -.9503655
2.158691 1.82066 1.514102 1.301498 1.216129 1.049331 .8276572 .5338105 .2323881 -.04811047 -.1705575 -.1616099 -.3521525 -1.165545 -2.457282 -4.10207 -5.819009 -7.14796 -8.10447 -8.065952 -6.940961 -5.685974 -4.746781 -3.938058 -3.307741 -2.992675 -2.946263 -3.014664 -3.205935 -3.444075 -3.744657 -4.118661 -4.529227 -4.934356 -5.273088 -5.61306 -5.906468 -6.136102 -6.355413 -6.562565 -6.757827 -7.012713 -7.321962 -7.577414 -7.681992 -7.786591 -7.813431 -7.844042 -7.812048 -7.814689 -7.876635 -8.019874 -8.100379 -7.947633 -7.445272 -6.494791 -5.156601 -3.761476 -2.496774 -1.560798
2.287034 1.912945 1.569852 1.330854 1.2426 1.186336 1.154951 1.101708 1.088396 1.135034 1.256693 1.300421 1.131994 .6693123 -.01976199 -.905421 -1.961314 -2.933878 -3.934364 -4.242812 -3.82323 -3.26468 -2.774156 -2.336134 -1.998069 -1.797354 -1.764458 -1.825254 -1.948818 -2.150038 -2.445623 -2.821016 -3.271415 -3.695071 -4.073713 -4.453472 -4.791255 -5.101181 -5.451392 -5.83622 -6.190855 -6.587863 -6.927306 -7.173975 -7.335474 -7.505084 -7.560919 -7.559703 -7.493222 -7.459875 -7.35775 -7.299337 -7.22648 -6.996302 -6.546705 -5.820501 -4.807499 -3.668186 -2.584815 -1.66125
2.496414 2.13072 1.807817 1.596992 1.538783 1.579846 1.671397 1.799613 1.986558 2.216498 2.4236 2.467888 2.28741 1.976697 1.5929 1.135727 .6055447 .04784291 -.4739664 -.7685509 -.7985089 -.7952477 -.6633276 -.5423476 -.5285271 -.5759438 -.6840613 -.8006637 -.9932376 -1.227844 -1.526152 -1.911009 -2.367308 -2.775616 -3.152383 -3.535873 -3.877563 -4.216356 -4.63762 -5.067968 -5.525999 -6.020294 -6.353537 -6.613667 -6.818455 -7.048738 -7.094931 -7.03084 -6.963079 -6.942967 -6.824335 -6.662847 -6.487707 -6.240522 -5.842092 -5.264609 -4.500634 -3.601758 -2.598349 -1.552554
2.809009 2.465397 2.168565 1.985477 1.978146 2.117965 2.314709 2.569172 2.867156 3.186042 3.411306 3.447711 3.275092 3.02549 2.750008 2.468125 2.197024 1.949462 1.721993 1.492452 1.328887 1.160492 1.005314 .8373213 .5891755 .3184069 .0863305 -.1220298 -.3746956 -.656192 -.9737315 -1.350833 -1.775239 -2.131494 -2.501301 -2.855656 -3.168901 -3.55115 -3.984464 -4.433404 -4.949241 -5.454046 -5.792428 -6.079813 -6.34907 -6.584692 -6.583681 -6.454653 -6.358191 -6.338861 -6.297702 -6.175875 -5.99121 -5.754674 -5.424854 -4.974798 -4.390875 -3.670736 -2.71098 -1.354786
3.225889 2.906033 2.620179 2.456878 2.518893 2.743418 3.02531 3.353288 3.699482 4.050213 4.287354 4.36191 4.23826 4.027858 3.739045 3.468337 3.263117 3.117743 3.00183 2.822714 2.589423 2.339699 2.054074 1.699723 1.270363 .8689815 .5559894 .295164 .005030077 -.3199894 -.6524281 -1.054216 -1.420491 -1.741791 -2.096475 -2.394722 -2.693097 -3.075129 -3.480653 -3.92712 -4.46099 -4.92983 -5.303356 -5.653967 -6.063447 -6.300147 -6.293985 -6.152486 -6.013896 -5.916954 -5.906912 -5.870167 -5.74082 -5.533663 -5.275563 -4.94697 -4.500731 -3.873299 -2.861473 -1.121835
3.67304 3.392029 3.099161 2.981828 3.175822 3.509356 3.882819 4.267354 4.641578 5.001912 5.241635 5.320858 5.216152 5.010604 4.695948 4.415787 4.245336 4.107666 3.94823 3.659094 3.344196 3.038445 2.695367 2.249321 1.687528 1.242146 .91374 .6040288 .2584038 -.08834945 -.4568289 -.8707542 -1.194095 -1.517615 -1.843342 -2.096984 -2.385158 -2.731915 -3.096222 -3.529326 -4.039413 -4.468174 -4.871811 -5.280302 -5.819128 -6.060034 -6.086348 -5.999445 -5.878065 -5.747826 -5.691656 -5.721978 -5.674547 -5.514404 -5.320575 -5.098878 -4.777707 -4.203042 -3.095479 -.9525883
4.023388 3.777378 3.469983 3.398186 3.642104 3.986179 4.366147 4.769163 5.178075 5.573644 5.882169 6.067209 6.085745 5.931985 5.624584 5.324344 5.160791 4.96927 4.726383 4.309979 3.937227 3.609868 3.22386 2.697986 2.073044 1.636667 1.299798 .919562 .518546 .1447713 -.2777936 -.7016084 -1.029929 -1.370528 -1.671789 -1.918512 -2.194118 -2.488821 -2.810544 -3.219124 -3.691569 -4.111089 -4.529568 -4.978138 -5.502306 -5.780879 -5.892454 -5.907555 -5.866242 -5.786322 -5.704443 -5.740248 -5.753237 -5.630044 -5.489325 -5.350765 -5.177655 -4.685347 -3.578672 -1.326316
4.103897 3.852681 3.533047 3.51494 3.787272 4.163024 4.583539 5.049881 5.544134 6.02331 6.420954 6.688677 6.769644 6.610859 6.245722 5.898112 5.738222 5.570417 5.305705 4.793864 4.399718 4.072063 3.668818 3.071147 2.456173 2.036742 1.659005 1.199347 .762632 .345255 -.1327116 -.5721053 -.9297174 -1.279849 -1.572843 -1.83171 -2.093039 -2.343792 -2.634321 -3.023083 -3.472547 -3.904207 -4.345752 -4.824132 -5.270402 -5.55158 -5.772119 -5.901694 -5.957628 -5.961028 -5.920603 -5.926076 -5.949795 -5.848869 -5.740894 -5.66022 -5.649824 -5.287107 -4.330513 -2.389911
3.837965 3.61508 3.38598 3.462333 3.779344 4.185449 4.641993 5.1703 5.739378 6.268182 6.703641 7.013773 7.124611 6.949172 6.531946 6.147028 5.950018 5.764253 5.473739 4.972339 4.570426 4.251554 3.849445 3.248465 2.704878 2.2846 1.870541 1.373045 .9131218 .4472202 -.08044235 -.5545108 -.949094 -1.302988 -1.613435 -1.903253 -2.155066 -2.371159 -2.640029 -3.016256 -3.447697 -3.880225 -4.353605 -4.824111 -5.239147 -5.472006 -5.761112 -5.989674 -6.137019 -6.223773 -6.265913 -6.272276 -6.266815 -6.171427 -6.074929 -6.031919 -6.14622 -5.907095 -5.171361 -3.728343
3.240137 3.087888 2.98926 3.133529 3.485166 3.916183 4.396234 4.972174 5.602924 6.181983 6.64485 6.981449 7.102827 6.918367 6.475142 6.02365 5.801341 5.591942 5.292926 4.859225 4.471988 4.12106 3.704704 3.17151 2.682187 2.265734 1.833992 1.350135 .8956595 .4099608 -.1498516 -.658098 -1.074913 -1.428901 -1.761439 -2.075226 -2.31694 -2.52157 -2.795213 -3.171731 -3.606219 -4.034219 -4.517684 -4.990728 -5.41294 -5.624197 -5.886875 -6.177135 -6.400169 -6.5573 -6.666251 -6.716344 -6.69072 -6.57993 -6.465595 -6.434257 -6.581717 -6.424394 -5.862337 -4.801375
2.428313 2.328481 2.316448 2.564125 2.982995 3.457227 3.975492 4.590018 5.262331 5.852747 6.300966 6.620482 6.719202 6.498457 6.035237 5.53412 5.259094 5.07493 4.805142 4.393912 3.987315 3.652051 3.255676 2.767621 2.305256 1.915445 1.499622 1.049299 .6333086 .162393 -.3936688 -.8990728 -1.307688 -1.652461 -2.001428 -2.316243 -2.543926 -2.757522 -3.060529 -3.451473 -3.904593 -4.351618 -4.813258 -5.310374 -5.73271 -6.006636 -6.185064 -6.467206 -6.746821 -6.944655 -7.082146 -7.167207 -7.124598 -6.989038 -6.833314 -6.785908 -6.874767 -6.756317 -6.303924 -5.466537
1.424288 1.352929 1.37179 1.628297 2.116196 2.64231 3.21683 3.869362 4.552064 5.096505 5.489925 5.759666 5.822695 5.572491 5.132846 4.681861 4.369261 4.194929 3.951574 3.570909 3.184293 2.847358 2.47517 2.019752 1.581367 1.189282 .7758462 .3869137 -.001971291 -.45829 -.9745585 -1.431717 -1.814813 -2.145006 -2.480464 -2.729896 -2.915457 -3.124528 -3.45192 -3.878138 -4.358508 -4.829971 -5.27915 -5.771203 -6.252753 -6.565745 -6.704264 -6.885281 -7.175712 -7.390531 -7.519574 -7.603283 -7.533887 -7.370388 -7.166376 -7.102007 -7.07962 -6.957119 -6.541514 -5.818461
.3484797 .2718189 .2643302 .4607739 .873342 1.372467 1.967224 2.655374 3.353492 3.904749 4.283543 4.512525 4.508223 4.221057 3.770671 3.322969 3.061468 2.913144 2.675534 2.329294 1.994873 1.660205 1.293824 .8763037 .4744539 .09912697 -.2915782 -.6287138 -1.016846 -1.439883 -1.910099 -2.311176 -2.63706 -2.955213 -3.292642 -3.504379 -3.62981 -3.783653 -4.082948 -4.544639 -5.050703 -5.521733 -5.993692 -6.431818 -6.950027 -7.305079 -7.456766 -7.51457 -7.70193 -7.899374 -7.978179 -8.013294 -7.897129 -7.701743 -7.468468 -7.406892 -7.266576 -7.083547 -6.594426 -5.834038
-.7048803 -.7965353 -.8298414 -.6782529 -.3563222 .08773798 .6654342 1.363806 2.020483 2.524714 2.813785 2.941512 2.830431 2.468384 1.970801 1.501732 1.280672 1.16062 .9719302 .7011315 .3983808 .1072587 -.2090554 -.5567484 -.9216325 -1.253294 -1.576355 -1.88623 -2.272579 -2.67127 -3.106205 -3.479049 -3.764076 -4.061966 -4.392281 -4.642191 -4.785143 -4.906802 -5.118407 -5.510739 -6.03815 -6.503513 -6.966043 -7.370608 -7.784293 -8.191296 -8.361964 -8.361734 -8.373178 -8.472613 -8.462491 -8.383196 -8.165448 -7.906907 -7.651088 -7.555332 -7.327644 -7.086456 -6.522875 -5.64652
-1.718838 -1.800257 -1.788607 -1.612843 -1.314486 -.9355011 -.4503895 .1204801 .6355084 .9987454 1.145377 1.146083 .9295701 .4934308 -.03337909 -.4909228 -.742157 -.8970506 -1.058967 -1.248228 -1.492459 -1.738639 -1.983103 -2.258375 -2.537748 -2.818511 -3.070546 -3.334537 -3.651716 -3.993493 -4.350192 -4.657437 -4.893586 -5.139957 -5.420244 -5.692404 -5.944579 -6.212204 -6.514922 -6.827186 -7.223059 -7.695056 -8.134444 -8.581428 -8.821169 -9.253558 -9.413219 -9.39978 -9.242318 -9.128992 -8.977399 -8.748763 -8.389604 -8.032324 -7.757009 -7.578318 -7.319589 -7.058092 -6.485174 -5.550081
-2.724286 -2.814441 -2.761588 -2.526497 -2.196615 -1.871801 -1.500321 -1.093851 -.7556472 -.5805221 -.6135865 -.7467377 -1.093699 -1.595706 -2.139875 -2.578555 -2.85449 -3.061585 -3.238846 -3.429414 -3.628715 -3.805198 -3.947044 -4.14946 -4.336529 -4.51604 -4.66011 -4.832705 -5.042394 -5.283318 -5.520967 -5.68262 -5.819956 -6.020638 -6.250774 -6.507282 -6.779921 -7.141104 -7.672132 -8.144906 -8.456506 -8.87628 -9.326039 -9.792119 -9.977253 -10.36172 -10.50697 -10.50716 -10.29865 -10.00924 -9.710036 -9.326628 -8.811645 -8.312793 -7.939997 -7.602873 -7.288843 -6.964216 -6.383251 -5.458712
-3.838777 -3.913524 -3.875639 -3.577901 -3.165998 -2.818401 -2.497863 -2.19993 -2.039506 -2.046633 -2.225265 -2.490888 -2.971711 -3.572159 -4.209239 -4.653614 -4.954746 -5.187837 -5.395747 -5.633272 -5.863605 -6.027912 -6.061785 -6.157011 -6.275576 -6.369051 -6.38287 -6.395252 -6.441073 -6.517675 -6.603376 -6.59653 -6.550163 -6.623169 -6.784864 -7.045164 -7.298841 -7.662996 -8.229474 -8.889757 -9.35185 -9.787476 -10.29917 -10.7837 -11.05029 -11.3673 -11.49999 -11.49927 -11.29659 -10.91617 -10.45386 -9.905775 -9.257408 -8.633439 -8.09807 -7.579287 -7.17071 -6.729258 -6.125196 -5.244913
-4.876302 -4.930216 -4.858291 -4.5383 -4.088389 -3.720584 -3.427666 -3.222271 -3.251821 -3.446317 -3.798023 -4.203046 -4.721357 -5.301326 -5.958215 -6.515735 -6.830431 -7.033077 -7.25469 -7.485816 -7.678217 -7.877863 -7.966186 -7.954002 -7.974965 -8.068049 -8.098706 -8.035365 -7.932034 -7.842421 -7.752909 -7.583568 -7.332132 -7.159425 -7.199789 -7.441995 -7.717144 -8.125288 -8.68867 -9.426291 -10.04027 -10.55811 -11.11145 -11.57858 -11.92501 -12.17648 -12.28041 -12.25608 -12.04798 -11.60979 -11.02855 -10.36274 -9.619919 -8.894653 -8.187012 -7.510752 -6.975317 -6.39924 -5.734572 -4.861831
-5.454556 -5.558199 -5.480882 -5.205768 -4.822753 -4.511602 -4.258142 -4.102931 -4.201726 -4.424901 -4.803903 -5.309517 -5.963567 -6.626518 -7.173445 -7.672751 -8.127522 -8.327535 -8.422351 -8.550304 -8.620631 -8.755475 -8.941741 -9.093636 -9.072454 -9.048443 -9.093369 -9.212574 -9.228258 -9.045973 -8.794234 -8.595404 -8.265888 -7.814526 -7.643954 -7.781561 -8.054229 -8.506848 -9.108339 -9.902198 -10.60505 -11.23334 -11.84973 -12.29405 -12.68497 -12.81719 -12.86714 -12.8025 -12.57833 -12.11947 -11.4906 -10.74387 -9.927363 -9.099898 -8.246936 -7.453461 -6.748375 -6.048547 -5.313811 -4.438219
-5.590435 -5.645689 -5.564408 -5.379518 -5.08145 -4.834137 -4.640819 -4.629848 -4.728135 -4.888048 -5.195953 -5.663634 -6.287739 -6.994637 -7.496248 -7.950758 -8.450269 -8.758805 -8.793288 -8.764164 -8.757441 -8.822141 -8.97037 -9.181664 -9.273781 -9.192088 -9.16443 -9.265604 -9.407433 -9.366572 -9.05354 -8.840202 -8.61346 -8.09861 -7.834328 -7.867662 -8.127142 -8.599193 -9.292299 -10.16377 -10.94494 -11.69173 -12.35189 -12.80687 -13.25568 -13.24743 -13.25608 -13.1651 -12.93714 -12.49606 -11.86588 -11.10864 -10.26244 -9.328887 -8.389577 -7.509313 -6.645222 -5.816036 -4.987152 -4.0755
-5.604387 -5.553415 -5.384407 -5.214583 -4.953294 -4.680085 -4.460371 -4.507926 -4.626834 -4.751648 -4.987088 -5.409529 -5.855703 -6.409997 -6.929845 -7.346945 -7.802158 -8.125553 -8.299225 -8.300859 -8.21696 -8.159472 -8.177088 -8.302281 -8.448445 -8.438071 -8.381069 -8.414877 -8.503983 -8.51473 -8.336352 -8.179603 -8.03023 -7.760824 -7.660414 -7.753027 -8.058453 -8.54973 -9.314532 -10.22075 -11.07403 -11.89421 -12.57076 -13.09745 -13.59935 -13.48217 -13.44697 -13.33543 -13.08427 -12.69861 -12.17048 -11.48969 -10.60446 -9.624943 -8.658384 -7.691465 -6.692976 -5.723842 -4.77544 -3.808153
-5.502335 -5.423501 -5.200207 -5.016612 -4.782775 -4.52121 -4.297021 -4.267507 -4.280118 -4.335904 -4.487997 -4.738714 -5.065579 -5.511716 -5.926633 -6.233957 -6.504252 -6.788404 -7.0221 -7.125307 -7.061903 -6.966395 -6.90633 -6.920048 -7.002274 -7.087348 -7.124252 -7.190481 -7.286894 -7.36721 -7.359721 -7.340805 -7.271944 -7.241654 -7.339172 -7.56599 -7.957882 -8.527604 -9.358611 -10.25671 -11.16423 -11.9471 -12.59442 -13.15036 -13.588 -13.47179 -13.40564 -13.27614 -13.00806 -12.71581 -12.2717 -11.63708 -10.79995 -9.864372 -8.885833 -7.859619 -6.770498 -5.686808 -4.626857 -3.599895
-4.989421 -4.96841 -4.867188 -4.709864 -4.457223 -4.231133 -4.043716 -3.879584 -3.745133 -3.683057 -3.711548 -3.891833 -4.11593 -4.4622 -4.678671 -4.837642 -4.986238 -5.121696 -5.287741 -5.435366 -5.468285 -5.440012 -5.39873 -5.398302 -5.469732 -5.616971 -5.779961 -5.949781 -6.159799 -6.384984 -6.553098 -6.676024 -6.772043 -6.919748 -7.152494 -7.490217 -7.964988 -8.610795 -9.454562 -10.32658 -11.19691 -11.89971 -12.54663 -13.06186 -13.2857 -13.21057 -13.1163 -12.94041 -12.71549 -12.47114 -11.97644 -11.40154 -10.69081 -9.834318 -8.874184 -7.826477 -6.717273 -5.592274 -4.500533 -3.45643
-3.864248 -3.899325 -3.935592 -3.873932 -3.688787 -3.505768 -3.335764 -3.135238 -2.912535 -2.738192 -2.677683 -2.783391 -2.947689 -3.178773 -3.276847 -3.296798 -3.323881 -3.365606 -3.491147 -3.719157 -3.814519 -3.837916 -3.834804 -3.888673 -4.020767 -4.252216 -4.538873 -4.856137 -5.21876 -5.585697 -5.909952 -6.189512 -6.472536 -6.800806 -7.166626 -7.595522 -8.126375 -8.81126 -9.607596 -10.4255 -11.13982 -11.74909 -12.37448 -12.78729 -12.85325 -12.77281 -12.63211 -12.38534 -12.24778 -11.83591 -11.30893 -10.78235 -10.15134 -9.397286 -8.509418 -7.513128 -6.455799 -5.376249 -4.323422 -3.323853
