py_wake/examples/data/AJ_ParqueFicticio/Ridge area   Sector 11   Height 30m   Power density.grd
DSAA
90  129
 262878   265103
 6504214   6507414
 .02268139   926.6217
[rows 81 to 107 of 129, columns 0 to 61 of 90]
259.662 268.8928 277.4999 283.9573 290.2915 295.086 301.3168 309.192 320.0877 331.2932 342.6094 352.0672 356.9386 353.6426 345.5442 339.3973 335.5006 331.6221 330.4297 328.9566 324.5154 324.4428 325.2272 328.0404 330.6187 330.2841 327.8957 324.1641 320.7599 315.8908 312.6477 312.6353 320.9377 337.4121 361.6495 391.5873 424.8154 466.3463 511.8269 557.7677 600.6588 648.1825 690.7726 721.5059 745.1534 766.4479 777.5956 781.7349 755.5137 701.7432 642.1935 578.821 518.5583 239.1863 241.7837 209.7308 183.4128 163.7659 150.9589 146.2626 147.4433 153.0974
282.9099 295.8759 307.1913 315.5966 322.433 328.4587 334.8948 341.3503 348.1796 357.7253 368.7066 380.1474 388.6071 388.8031 380.6154 373.3889 367.8043 366.6625 369.8719 370.7278 364.2581 359.2195 356.6001 358.7667 362.8618 366.2006 364.5816 362.7195 359.3076 354.1122 349.1559 346.8743 351.2401 366.414 387.6437 413.0336 447.8325 489.6679 537.8802 580.715 622.8627 673.8193 713.9995 740.082 760.1658 780.8804 792.6368 797.8722 769.6408 715.1973 656.3423 587.1437 521.4362 457.5902 244.5139 210.0235 176.671 153.529 142.1966 141.2937 145.475 152.7291
299.899 316.7077 331.0379 340.8395 347.3596 353.0773 358.0467 359.4941 362.0536 369.8641 378.8132 387.1494 398.3802 405.6166 400.0059 391.0631 384.5344 383.3566 388.8158 396.497 390.1657 383.0314 377.999 379.5298 385.9498 393.5783 394.9748 395.7224 396.2382 391.7786 385.6123 382.3958 384.2773 396.4639 414.9586 437.2022 469.6905 510.7122 558.1654 595.8821 635.7252 686.4349 727.033 751.3754 772.5251 794.2463 808.3757 812.9836 790.3474 739.9531 680.9294 612.0255 541.1583 471.5737 406.4287 349.259 306.0054 276.1539 139.2601 136.2659 137.4955 143.1999
308.3629 326.7387 342.5753 353.5672 359.8894 364.0688 365.9257 365.9547 368.0301 374.4108 379.9454 384.6347 392.2214 399.1047 397.659 391.8643 386.84 385.3876 388.7732 395.3604 392.4952 387.2516 384.2176 385.7034 392.3738 403.7438 412.7047 417.6362 423.3059 422.8826 421.0407 419.4898 422.3618 430.5295 445.8741 465.741 493.5912 531.9695 573.7791 605.6908 642.7941 689.355 730.1127 757.4508 780.3499 803.5238 821.5289 825.9733 808.397 768.9094 715.0036 650.6429 580.3596 506.7823 433.4115 368.0503 315.8242 277.5645 253.0479 236.6126 228.5423 229.3731
311.843 330.628 346.228 358.0865 366.9688 369.2835 368.149 367.9491 370.6353 374.8599 376.1377 375.4335 375.8067 378.5432 379.6894 378.4561 375.5301 374.1819 374.9349 378.4039 377.7781 374.5018 372.0689 374.3584 381.7113 396.2289 411.4293 425.5796 437.9944 444.7213 451.9042 457.4448 462.4655 468.0845 481.4567 498.4562 519.4607 554.3964 586.8283 611.762 642.8257 681.9504 722.0232 753.899 780.7009 808.0018 828.8935 838.7418 830.8514 799.6884 754.5126 696.6183 627.9189 554.961 478.4956 408.6104 351.3433 303.7097 265.5034 235.2131 212.5735 198.6102
313.1614 330.3799 344.9025 357.4652 367.4063 368.6133 365.1425 362.3396 363.4439 367.2125 366.1146 361.2465 356.7309 355.1148 354.3185 355.5242 357.681 358.3443 358.2334 358.1341 355.4673 352.4912 350.8091 355.1456 362.5086 378.1834 398.3445 419.7234 440.3214 455.6876 472.2512 488.4265 497.7386 505.6349 515.0671 527.1485 546.903 576.9893 601.8841 620.502 642.6537 667.8779 697.5273 728.1828 759.3745 790.6204 819.2375 837.9218 844.3858 828.4871 791.4908 742.6027 679.4802 608.5478 532.6752 462.9135 402.101 345.8965 292.4097 246.2905 207.2969 176.4621
310.6204 326.0533 339.0213 350.5551 359.4812 360.0982 355.7091 350.9125 348.2654 348.6832 347.0056 342.287 337.1307 333.3518 330.428 330.225 333.3969 335.8668 337.2509 336.5921 333.688 330.221 329.4218 336.121 344.2164 358.2995 381.7586 407.0001 433.0582 457.8733 481.3453 504.3729 521.569 534.9937 542.5622 551.3707 572.7408 599.6163 618.4013 630.6671 639.9435 652.7098 673.4087 696.5304 725.931 758.3829 793.8776 822.0934 841.9272 841.1618 818.8577 781.1417 729.6176 666.35 594.4162 524.4319 463.2867 403.2186 339.6261 278.6989 228.0337 182.9535
304.0987 317.5389 329.6012 339.1651 344.696 344.9795 341.1867 335.7614 331.1207 327.0515 323.586 319.0688 314.497 309.5676 305.2685 302.7701 303.6141 308.8862 313.9811 316.1562 314.9918 313.6274 312.8295 321.1189 331.3255 345.2896 367.7573 394.6863 424.2404 453.3944 483.8166 511.2914 537.0682 552.9173 561.3731 572.1473 593.9553 619.4043 634.8 639.5859 636.6368 640.1 651.2457 668.11 692.5882 724.5276 758.8895 791.2289 821.1327 836.7978 832.3697 809.2969 771.2668 718.8883 656.0607 587.2322 526.2654 468.0877 401.9899 334.1942 274.7003 219.7408
296.0429 307.6191 319.4207 327.3921 328.5593 326.3408 323.218 318.6247 313.6818 307.6071 300.7924 293.9836 287.5194 282.6317 279.6878 278.2291 277.576 283.7878 291.5583 296.2578 297.1075 298.4114 299.9155 308.5677 321.146 336.3238 357.429 384.9836 417.1935 449.3562 482.9192 515.963 548.6436 567.3409 575.4198 589.3568 612.2032 637.5265 650.1771 646.1121 633.0648 625.8524 629.3213 636.4554 649.905 674.9742 711.5745 748.8237 785.0515 813.9518 824.9994 820.4062 798.4851 760.385 709.6213 650.2142 593.2283 537.7615 474.5771 403.5651 337.8449 279.5653
286.3213 295.8187 308.6508 316.224 314.0433 309.2179 304.806 300.5246 295.135 289.6953 282.9834 275.3987 267.9404 262.1454 261.3089 262.5679 263.2975 267.9669 275.5273 279.1476 282.5286 286.2608 288.4004 297.9119 312.8611 330.0827 351.8931 380.6424 412.5077 445.6299 481.2312 517.7022 555.5615 575.8382 586.6332 602.616 624.7227 650.542 661.4908 653.7465 628.2893 607.081 603.7371 604.5744 610.5591 626.5076 656.6379 695.1393 735.0955 770.8483 796.6414 809.7844 803.0527 778.4802 741.0489 696.9385 652.2795 605.1105 550.4935 478.7517 408.9521 345.8985
270.9199 278.8061 290.0168 298.1682 296.0767 289.9506 284.9609 282.2912 279.3394 276.0845 272.401 267.6169 260.0972 254.2625 254.4706 259.1312 261.6693 266.5396 272.679 276.558 279.4563 286.0469 288.797 299.1141 315.555 332.9347 354.5678 384.4601 414.7221 445.7218 480.5988 515.6233 551.4384 575.8033 587.0786 603.6086 625.2728 646.8693 659.1965 648.3383 621.3973 596.4542 583.3795 574.4171 571.7445 579.7734 602.8831 636.1085 672.6683 714.2877 749.0286 773.207 779.8384 766.2144 739.3193 709.3595 680.6335 648.9214 607.6345 549.8735 482.8027 415.6331
247.6429 256.5796 264.2055 268.0846 267.586 264.269 260.396 260.1187 261.1873 263.0592 263.985 263.0869 260.1462 258.6821 261.197 265.5159 269.0113 274.3831 281.2553 285.2721 291.2659 300.1929 306.5674 317.7308 333.4154 349.8613 370.2721 396.4863 424.1448 451.0404 483.0129 512.7786 542.1284 564.9412 580.7805 599.2707 619.4877 635.7073 645.2655 636.1248 608.8229 580.9787 558.9326 544.5951 531.8191 533.0176 549.9162 578.7343 611.9537 649.7686 686.5531 714.6902 731.3087 723.6818 705.254 686.0292 673.6969 658.2056 633.9548 598.9738 549.3528 489.3722
221.0393 229.4201 236.9309 241.3676 240.983 238.4233 236.3415 238.851 242.928 249.1498 255.8223 260.1713 262.584 265.192 271.314 276.6243 279.9283 286.0967 293.5023 300.4813 311.112 322.8148 333.4694 346.3863 360.4422 376.3145 395.11 416.9944 437.8814 460.5109 488.8759 513.68 536.3622 556.2457 572.3221 591.9546 609.0083 624.1537 629.3879 619.5822 591.6202 562.3617 534.2673 512.3594 494.1125 487.6121 496.9509 521.6507 553.0021 586.2452 621.3336 650.9946 667.3494 663.007 650.1373 639.7887 637.5992 637.3683 633.8044 624.9766 600.2052 554.6511
198.0404 205.8635 216.2438 223.0801 224.0529 221.2242 217.4816 220.2397 229.1302 237.8935 247.3204 257.0609 262.9735 269.675 279.7625 287.6042 293.8604 301.5221 309.3067 319.5335 332.3044 348.4241 363.0728 376.0556 390.4194 405.3958 422.1001 439.4268 453.7338 472.0394 495.7935 516.7708 533.9456 547.7112 560.8065 580.0172 595.3186 608.3457 614.6359 605.097 577.2838 544.7673 513.6591 485.6215 460.778 447.8434 451.8138 468.1533 493.0302 522.1175 555.2618 582.6381 594.6503 591.1939 577.8228 570.5267 577.4524 591.2586 605.8124 618.3684 621.6992 602.9883
181.3293 188.6348 199.5057 209.1571 212.7924 212.0227 210.9051 214.5734 225.3083 234.207 244.3862 257.1066 266.5054 276.5936 288.62 299.0284 308.3493 317.4149 327.2863 338.6995 353.642 371.5137 389.2527 404.8962 419.8036 435.3083 450.781 462.2446 470.9001 483.4802 499.4897 514.9189 529.0501 539.6246 550.9262 565.8339 583.1839 597.6759 603.5731 596.2345 568.2939 536.6226 502.6379 467.2571 434.0069 413.9431 409.9919 420.8889 440.1418 463.9527 491.481 514.9882 526.1633 516.4061 503.7921 495.2312 504.5488 524.9583 551.1933 580.8412 605.6801 612.4097
167.0983 175.5065 186.4846 197.4952 203.7293 206.8933 209.4917 215.0178 226.5134 236.6475 247.4858 260.5431 272.5009 285.893 299.2997 310.8878 321.7582 334.0159 346.3318 359.175 374.8977 394.5988 415.7302 433.0103 449.6797 467.707 481.0588 485.5043 490.4086 496.1815 503.0815 510.4594 520.0051 527.4679 537.0671 550.1238 566.116 583.273 593.7054 589.342 566.2475 533.8802 496.1699 452.8691 411.9846 383.1815 373.224 377.5172 390.6729 408.2342 428.4175 449.2983 459.3573 447.4496 431.2012 420.7626 427.8199 448.3161 479.535 520.5402 558.6604 588.6956
156.5628 166.1859 176.8837 188.1152 196.4216 202.8135 207.7872 215.6677 228.9117 240.3485 253.5349 266.5748 280.2445 294.9894 308.7478 321.6624 333.8464 348.0795 363.1764 379.0112 397.0775 419.3983 443.5499 460.4503 475.2186 496.3104 508.6753 510.0263 511.1552 510.7501 507.2491 505.2588 506.7248 509.5734 516.6969 527.9836 544.6556 565.3192 580.563 583.1708 565.6198 532.6243 491.5562 444.2356 393.853 355.9325 336.9142 335.0637 339.4207 352.8186 370.3977 389.4112 394.7744 381.7164 363.2733 352.2089 355.7406 372.1787 404.764 454.3446 505.7211 551.4567
154.1629 162.541 172.2915 181.5139 191.3099 199.2293 205.497 216.4523 229.977 243.4992 256.8115 271.5954 285.4948 300.1743 315.4122 330.1832 343.4679 358.2563 373.8134 391.2987 412.8593 437.8942 463.2629 478.7449 494.2397 514.9899 527.9899 530.548 530.4254 524.9077 512.9211 502.6174 495.7896 490.887 492.4888 500.1675 517.2336 540.9142 562.5784 573.5462 565.9164 537.9357 495.7542 443.351 385.596 335.3235 306.3449 295.8569 293.9448 302.8719 316.6784 332.8351 334.3046 321.4817 303.9331 292.4304 292.2371 303.264 332.5787 385.832 448.3203 504.6816
157.3023 165.9867 174.7825 182.3923 191.7371 199.7706 206.5149 218.6176 232.3634 246.25 259.5436 274.0655 288.5907 303.2749 317.5984 331.7639 345.4971 361.3005 376.1035 393.2302 414.5378 439.7965 465.6695 484.3853 501.1012 521.7321 537.6973 545.0112 545.7952 536.4625 518.1396 499.9698 483.7658 472.4923 466.51 470.4967 487.1697 513.283 540.1332 560.8788 566.2948 548.1975 507.4024 452.8745 390.1089 330.5337 290.4873 269.3905 259.9323 260.5612 267.6194 278.8925 282.5392 271.8403 257.1978 247.1935 244.9415 252.8912 274.0918 316.4274 374.0256 432.402
1.70141E+38 1.70141E+38 1.70141E+38 1.70141E+38 1.70141E+38 1.70141E+38 1.70141E+38 1.70141E+38 1.70141E+38 1.70141E+38 1.70141E+38 1.70141E+38 1.70141E+38 1.70141E+38 1.70141E+38 1.70141E+38 1.70141E+38 1.70141E+38 1.70141E+38 1.70141E+38 1.70141E+38 1.70141E+38 1.70141E+38 1.70141E+38 1.70141E+38 1.70141E+38 1.70141E+38 1.70141E+38 1.70141E+38 1.70141E+38 1.70141E+38 1.70141E+38 1.70141E+38 1.70141E+38 1.70141E+38 1.70141E+38 1.70141E+38 1.70141E+38 1.70141E+38 1.70141E+38 1.70141E+38 1.70141E+38 1.70141E+38 1.70141E+38 1.70141E+38 1.70141E+38 1.70141E+38 1.70141E+38 1.70141E+38 1.70141E+38 1.70141E+38 1.70141E+38 1.70141E+38 1.70141E+38 1.70141E+38 1.70141E+38 1.70141E+38 1.70141E+38 1.70141E+38 1.70141E+38 1.70141E+38 1.70141E+38
1.70141E+38 1.70141E+38 1.70141E+38 1.70141E+38 1.70141E+38 1.70141E+38 1.70141E+38 1.70141E+38 1.70141E+38 1.70141E+38 1.70141E+38 1.70141E+38 1.70141E+38 1.70141E+38 1.70141E+38 1.70141E+38 1.70141E+38 1.70141E+38 1.70141E+38 1.70141E+38 1.70141E+38 1.70141E+38 1.70141E+38 1.70141E+38 1.70141E+38 1.70141E+38 1.70141E+38 1.70141E+38 1.70141E+38 1.70141E+38 1.70141E+38 1.70141E+38 1.70141E+38 1.70141E+38 1.70141E+38 1.70141E+38 1.70141E+38 1.70141E+38 1.70141E+38 1.70141E+38 1.70141E+38 1.70141E+38 1.70141E+38 1.70141E+38 1.70141E+38 1.70141E+38 1.70141E+38 1.70141E+38 1.70141E+38 1.70141E+38 1.70141E+38 1.70141E+38 1.70141E+38 1.70141E+38 1.70141E+38 1.70141E+38 1.70141E+38 1.70141E+38 1.70141E+38 1.70141E+38 1.70141E+38 1.70141E+38
1.70141E+38 1.70141E+38 1.70141E+38 1.70141E+38 1.70141E+38 1.70141E+38 1.70141E+38 1.70141E+38 1.70141E+38 1.70141E+38 1.70141E+38 1.70141E+38 1.70141E+38 1.70141E+38 1.70141E+38 1.70141E+38 1.70141E+38 1.70141E+38 1.70141E+38 1.70141E+38 1.70141E+38 1.70141E+38 1.70141E+38 1.70141E+38 1.70141E+38 1.70141E+38 1.70141E+38 1.70141E+38 1.70141E+38 1.70141E+38 1.70141E+38 1.70141E+38 1.70141E+38 1.70141E+38 1.70141E+38 1.70141E+38 1.70141E+38 1.70141E+38 1.70141E+38 1.70141E+38 1.70141E+38 1.70141E+38 1.70141E+38 1.70141E+38 1.70141E+38 1.70141E+38 1.70141E+38 1.70141E+38 1.70141E+38 1.70141E+38 1.70141E+38 1.70141E+38 1.70141E+38 1.70141E+38 1.70141E+38 1.70141E+38 1.70141E+38 1.70141E+38 1.70141E+38 1.70141E+38 1.70141E+38 1.70141E+38
1.70141E+38 1.70141E+38 1.70141E+38 1.70141E+38 1.70141E+38 1.70141E+38 1.70141E+38 1.70141E+38 1.70141E+38 1.70141E+38 1.70141E+38 1.70141E+38 1.70141E+38 1.70141E+38 1.70141E+38 1.70141E+38 1.70141E+38 1.70141E+38 1.70141E+38 1.70141E+38 1.70141E+38 1.70141E+38 1.70141E+38 1.70141E+38 1.70141E+38 1.70141E+38 1.70141E+38 1.70141E+38 1.70141E+38 1.70141E+38 1.70141E+38 1.70141E+38 1.70141E+38 1.70141E+38 1.70141E+38 1.70141E+38 1.70141E+38 1.70141E+38 1.70141E+38 1.70141E+38 1.70141E+38 1.70141E+38 1.70141E+38 1.70141E+38 1.70141E+38 1.70141E+38 1.70141E+38 1.70141E+38 1.70141E+38 1.70141E+38 1.70141E+38 1.70141E+38 1.70141E+38 1.70141E+38 1.70141E+38 1.70141E+38 1.70141E+38 1.70141E+38 1.70141E+38 1.70141E+38 1.70141E+38 1.70141E+38
1.70141E+38 1.70141E+38 1.70141E+38 1.70141E+38 1.70141E+38 1.70141E+38 1.70141E+38 1.70141E+38 1.70141E+38 1.70141E+38 1.70141E+38 1.70141E+38 1.70141E+38 1.70141E+38 1.70141E+38 1.70141E+38 1.70141E+38 1.70141E+38 1.70141E+38 1.70141E+38 1.70141E+38 1.70141E+38 1.70141E+38 1.70141E+38 1.70141E+38 1.70141E+38 1.70141E+38 1.70141E+38 1.70141E+38 1.70141E+38 1.70141E+38 1.70141E+38 1.70141E+38 1.70141E+38 1.70141E+38 1.70141E+38 1.70141E+38 1.70141E+38 1.70141E+38 1.70141E+38 1.70141E+38 1.70141E+38 1.70141E+38 1.70141E+38 1.70141E+38 1.70141E+38 1.70141E+38 1.70141E+38 1.70141E+38 1.70141E+38 1.70141E+38 1.70141E+38 1.70141E+38 1.70141E+38 1.70141E+38 1.70141E+38 1.70141E+38 1.70141E+38 1.70141E+38 1.70141E+38 1.70141E+38 1.70141E+38
1.70141E+38 1.70141E+38 1.70141E+38 1.70141E+38 1.70141E+38 1.70141E+38 1.70141E+38 1.70141E+38 1.70141E+38 1.70141E+38 1.70141E+38 1.70141E+38 1.70141E+38 1.70141E+38 1.70141E+38 1.70141E+38 1.70141E+38 1.70141E+38 1.70141E+38 1.70141E+38 1.70141E+38 1.70141E+38 1.70141E+38 1.70141E+38 1.70141E+38 1.70141E+38 1.70141E+38 1.70141E+38 1.70141E+38 1.70141E+38 1.70141E+38 1.70141E+38 1.70141E+38 1.70141E+38 1.70141E+38 1.70141E+38 1.70141E+38 1.70141E+38 1.70141E+38 1.70141E+38 1.70141E+38 1.70141E+38 1.70141E+38 1.70141E+38 1.70141E+38 1.70141E+38 1.70141E+38 1.70141E+38 1.70141E+38 1.70141E+38 1.70141E+38 1.70141E+38 1.70141E+38 1.70141E+38 1.70141E+38 1.70141E+38 1.70141E+38 1.70141E+38 1.70141E+38 1.70141E+38 1.70141E+38 1.70141E+38
1.70141E+38 1.70141E+38 1.70141E+38 1.70141E+38 1.70141E+38 1.70141E+38 1.70141E+38 1.70141E+38 1.70141E+38 1.70141E+38 1.70141E+38 1.70141E+38 1.70141E+38 1.70141E+38 1.70141E+38 1.70141E+38 1.70141E+38 1.70141E+38 1.70141E+38 1.70141E+38 1.70141E+38 1.70141E+38 1.70141E+38 1.70141E+38 1.70141E+38 1.70141E+38 1.70141E+38 1.70141E+38 1.70141E+38 1.70141E+38 1.70141E+38 1.70141E+38 1.70141E+38 1.70141E+38 1.70141E+38 1.70141E+38 1.70141E+38 1.70141E+38 1.70141E+38 1.70141E+38 1.70141E+38 1.70141E+38 1.70141E+38 1.70141E+38 1.70141E+38 1.70141E+38 1.70141E+38 1.70141E+38 1.70141E+38 1.70141E+38 1.70141E+38 1.70141E+38 1.70141E+38 1.70141E+38 1.70141E+38 1.70141E+38 1.70141E+38 1.70141E+38 1.70141E+38 1.70141E+38 1.70141E+38 1.70141E+38
1.70141E+38 1.70141E+38 1.70141E+38 1.70141E+38 1.70141E+38 1.70141E+38 1.70141E+38 1.70141E+38 1.70141E+38 1.70141E+38 1.70141E+38 1.70141E+38 1.70141E+38 1.70141E+38 1.70141E+38 1.70141E+38 1.70141E+38 1.70141E+38 1.70141E+38 1.70141E+38 1.70141E+38 1.70141E+38 1.70141E+38 1.70141E+38 1.70141E+38 1.70141E+38 1.70141E+38 1.70141E+38 1.70141E+38 1.70141E+38 1.70141E+38 1.70141E+38 1.70141E+38 1.70141E+38 1.70141E+38 1.70141E+38 1.70141E+38 1.70141E+38 1.70141E+38 1.70141E+38 1.70141E+38 1.70141E+38 1.70141E+38 1.70141E+38 1.70141E+38 1.70141E+38 1.70141E+38 1.70141E+38 1.70141E+38 1.70141E+38 1.70141E+38 1.70141E+38 1.70141E+38 1.70141E+38 1.70141E+38 1.70141E+38 1.70141E+38 1.70141E+38 1.70141E+38 1.70141E+38 1.70141E+38 1.70141E+38
