py_wake/examples/data/AJ_ParqueFicticio/Ridge area   Sector 4   Height 30m   Power density.grd
DSAA
90  129
 262878   265103
 6504214   6507414
 .05175276   756.9068
[rows 54 to 80 of 129, columns 0 to 61 of 90]
59.02847 51.51596 42.324 31.88144 22.5962 15.21334 10.14321 6.926811 4.750631 3.415738 2.737446 2.324816 1.892287 1.340663 .840473 .4894239 .2908854 .1920736 .1341701 .1054696 .1050386 .1332792 .216729 .3783962 .6403559 1.009131 1.591944 2.571256 3.701375 5.256898 8.390081 13.48427 21.88193 36.55516 57.42975 87.55022 129.9897 182.2049 241.0889 303.1522 367.3231 436.6041 505.7201 575.1422 644.7563 683.4916 685.58 659.5441 613.5331 550.0526 478.2506 400.6382 329.4659 270.0335 221.8931 192.2856 178.2801 173.1682 175.4079 187.7388 210.1232 234.9575
65.90992 59.99694 51.75254 41.02874 29.52673 20.55367 14.42574 10.34302 7.604095 5.934748 5.09708 4.646633 3.990815 2.97128 1.990302 1.241548 .7653535 .4867578 .3322005 .2635496 .2648375 .3414496 .5049891 .8055415 1.385658 2.347893 3.641825 5.398853 7.820488 11.38324 16.69417 25.43381 37.68309 53.58052 74.06311 103.0388 148.2938 200.7478 255.7966 314.0132 375.9919 443.1834 510.2794 580.8304 644.0941 678.6976 685.4681 665.8552 626.4193 566.7543 497.3123 424.0897 357.2391 300.1672 255.0104 224.4485 210.0641 205.4921 207.4506 217.2861 232.8501 248.1795
72.79909 69.04053 62.31286 51.43874 38.22866 27.69415 20.0312 14.92906 11.60128 9.587426 8.700563 8.456074 7.826081 6.156014 4.4188 2.979113 1.983114 1.319847 .9038046 .6996264 .7072577 .8654456 1.161753 1.769979 3.024486 4.917949 7.427487 10.72753 15.07619 21.35303 30.57944 44.01482 61.44194 80.69288 104.4062 138.1689 180.6819 227.8516 275.8832 329.5651 389.7028 453.3054 518.183 585.9584 641.1412 674.0719 684.8262 669.0855 634.6657 585.3568 518.9238 449.2796 385.736 329.701 284.7354 252.9265 237.6868 232.4514 232.8289 238.8427 248.6102 258.2782
80.44614 78.39384 72.99109 62.51361 49.32246 36.73892 27.47139 21.45154 17.47076 14.99937 13.82943 13.98442 13.78719 11.94404 9.165502 6.599272 4.594113 3.235284 2.282346 1.804671 1.823249 2.136144 2.653195 3.717126 5.846297 9.150175 13.42853 18.98747 25.89938 36.13348 50.40268 69.12965 91.26624 116.7021 147.9687 184.7158 223.5406 262.3192 303.6085 351.7927 408.2624 468.2359 530.4841 591.2504 637.9588 671.0084 683.7018 671.6673 641.4489 599.9402 542.7933 478.3893 416.8168 360.9915 316.3416 282.7246 263.494 255.6045 253.0259 255.8418 261.0357 265.0967
87.17438 87.53574 83.35487 73.26848 60.63823 47.6301 37.2998 29.64761 24.72359 22.00673 21.09288 21.41409 21.59189 19.80977 16.33107 12.86408 9.783499 7.408635 5.42798 4.462277 4.442438 4.894971 5.752798 7.509906 10.72176 15.69603 22.19048 30.13478 40.77713 55.59197 75.22528 100.1684 128.0747 158.6207 192.6939 229.3374 265.0385 300.3694 338.7079 381.7684 431.668 486.626 543.6404 593.8001 636.5428 668.5806 682.1663 673.9056 648.1923 610.8469 563.1583 507.7496 450.2277 396.4759 351.0601 316.0353 292.3658 278.9665 272.4015 269.5261 267.8808 264.5552
93.84528 96.38835 94.44685 86.02329 73.66393 60.08805 48.83549 40.22317 34.30172 30.79483 29.83116 30.48121 31.09104 29.55494 25.73292 21.66461 17.76375 14.18634 11.34694 9.759516 9.577866 9.961132 11.31675 14.25084 19.02505 25.70848 34.46237 45.26781 59.06937 78.03996 103.2447 134.0361 167.6988 200.3481 234.2441 269.0343 301.1166 334.2092 370.6596 410.4565 455.245 505.1356 552.3362 595.14 637.5842 669.1901 681.8644 676.2139 656.1561 622.3799 579.0988 533.2371 483.7825 432.1785 386.2537 349.2072 322.5664 304.1255 289.8001 279.1273 268.7893 259.1355
101.3668 105.9458 106.7379 100.7225 88.63873 74.87228 62.96544 53.65076 46.62311 41.76817 40.31472 41.22602 42.43013 41.43485 38.12564 34.42841 30.07921 25.36094 21.24815 18.44876 18.35276 19.03555 20.67339 25.04181 31.76754 40.31181 51.28569 64.50036 81.689 103.8632 132.143 167.3357 204.673 237.1518 269.1614 301.129 330.1896 361.094 395.2465 431.4651 473.8622 517.5087 556.5541 597.0598 641.0207 671.0996 680.398 677.2567 663.7583 634.6344 595.2587 554.8318 514.1109 467.3252 420.6869 380.7802 349.0528 325.184 304.0361 283.9364 265.393 250.5531
110.4655 116.2638 119.0766 115.3417 103.9296 90.70407 78.91009 68.99823 60.92743 54.93226 52.64215 52.82865 54.57328 55.48454 53.92387 50.59689 46.37016 41.26131 36.42502 33.16461 32.58071 33.45217 35.5183 41.17757 50.08613 60.66174 72.87257 88.10005 108.2468 132.1634 161.7989 197.149 233.5597 263.821 294.1876 322.6667 349.2681 379.1434 410.6371 445.0035 485.236 523.5682 558.9887 598.9229 644.4271 669.6241 673.8168 672.4534 666.3222 647.6982 614.2372 576.8866 540.4146 499.6122 453.0692 408.6275 369.0854 337.9536 310.7463 284.2042 257.9148 237.683
120.3148 126.9351 131.4028 129.9822 120.0014 107.5991 95.51655 84.8582 75.97023 69.20056 66.19823 66.34024 67.74762 68.71488 69.18217 67.0328 64.49352 60.93109 57.79376 55.49911 54.01392 55.7645 58.92163 65.94852 76.01679 88.40426 101.7093 116.6021 136.1407 161.2168 188.729 221.1143 251.9267 281.4406 309.7668 335.4896 361.9354 390.3966 419.396 452.8836 490.631 525.6757 561.0715 601.9839 646.1838 664.3069 666.1439 665.9326 664.658 657.6369 635.5198 603.149 565.903 527.6119 482.4467 433.8676 386.0023 347.0067 314.0285 281.9902 248.169 220.5183
128.872 137.138 144.4046 144.0359 135.33 123.9174 112.3313 101.7043 92.44833 84.9754 80.06055 77.70993 78.19407 80.65057 84.15859 85.40417 84.56306 83.41622 82.43743 82.8404 83.54189 85.35287 90.69042 98.62681 110.6206 121.9446 132.6315 146.5162 166.0085 187.8796 213.5698 241.4095 267.485 294.903 320.3734 343.6185 369.08 396.2117 423.8533 455.9684 491.1204 524.7098 560.7292 602.8876 644.3936 659.7642 662.2377 662.6921 663.4391 663.4139 655.1805 630.3386 592.3607 553.5718 509.6698 459.1122 403.3426 356.6215 317.786 280.5441 240.4712 206.4122
133.4486 143.496 153.4484 152.6228 143.9685 133.1566 122.074 111.7195 102.6495 95.27686 90.11511 87.48642 87.91037 91.71986 98.20249 102.4121 101.9705 102.0382 105.095 112.3961 115.1562 115.9575 120.494 131.9448 145.3212 152.3801 160.5931 175.307 192.6477 211.3785 234.9363 258.4615 281.3439 305.844 328.4433 349.8942 372.9915 397.5977 423.2027 453.6339 487.6934 520.6136 555.6166 597.0108 639.2162 656.9326 661.288 663.2183 665.8373 669.1644 670.3164 655.4171 617.5901 575.7408 533.6946 484.3202 421.3065 367.4934 322.9528 281.7363 237.8003 200.3234
134.4657 144.9906 156.3614 157.6959 150.4333 141.3048 131.164 120.6849 111.0428 103.3985 97.72884 94.10804 93.55877 97.45095 105.2305 111.4474 114.4915 117.1302 122.4873 132.0813 137.1121 139.1705 144.7215 157.5773 168.86 176.1086 184.7507 198.8852 213.5251 230.5031 251.1325 271.2591 291.0186 311.8262 332.3847 351.9546 371.6982 392.4198 415.7013 444.8037 478.3295 511.6215 546.6488 586.2269 629.4829 655.5158 665.5756 668.604 671.9918 676.1785 682.8807 675.8649 639.7051 594.9921 553.2946 506.2827 437.6331 378.5624 329.8035 286.0361 240.755 201.9757
133.859 143.9896 154.4061 160.335 155.3118 147.2344 137.7523 126.6302 115.4727 106.2536 99.30383 94.464 93.09395 96.85389 105.831 115.3084 120.2632 124.877 131.0866 140.037 146.9708 153.0807 160.5366 171.3733 182.4248 192.5413 203.7433 217.0224 230.499 245.8158 264.3318 281.6176 298.0272 315.4903 333.8744 351.2801 366.5619 382.4442 403.3515 431.1274 463.4453 499.2307 536.2443 574.0571 616.6221 652.7527 672.0848 677.592 681.7585 686.2653 693.9196 691.1246 656.4924 609.4245 568.4937 524.2819 453.0224 390.031 337.9386 291.9768 246.3845 206.8572
132.108 141.4191 150.2821 156.5713 157.1215 151.7301 143.0335 130.9874 117.4463 105.9684 97.5203 91.60423 89.8567 93.94912 103.5741 116.7967 124.0943 128.3559 134.0668 143.7243 153.1217 159.7194 167.7415 179.1599 190.8975 201.11 212.8486 227.0008 239.0137 253.6079 273.0071 289.0353 301.5737 314.6623 331.9342 347.9644 358.4806 369.5751 387.9879 414.2616 446.7367 484.1856 524.56 564.3955 606.0275 648.4012 677.5353 690.2767 694.0284 698.1452 705.4065 704.4937 669.2507 620.999 578.8288 537.9841 465.8351 401.5978 346.4297 298.5697 253.0556 213.6583
128.7613 137.6616 145.4311 150.0683 150.611 148.4353 141.2957 128.1491 112.5184 99.51128 90.56502 84.92841 83.85686 88.9109 98.47065 111.5402 123.1308 128.9921 134.5151 143.9601 155.4082 163.1696 171.1664 182.7071 194.8792 204.8581 215.7451 228.0377 239.5515 254.2439 271.9666 288.4876 298.7213 307.9907 322.4547 335.7162 344.3481 353.2261 369.3418 394.9754 428.9079 467.262 511.4674 557.1753 599.5738 642.697 680.1915 702.1977 709.5311 712.3339 718.1073 716.5473 679.9344 630.1671 586.3664 545.7708 472.6642 407.4334 351.789 303.945 259.2387 220.5772
124.78 132.3622 139.2759 141.3168 139.0856 135.0184 127.3447 115.1905 101.8087 90.72132 82.47826 77.50655 76.94907 81.15083 89.59755 101.3983 113.6229 122.5424 130.847 139.8611 150.3911 160.9991 169.9278 180.1209 191.6615 203.6674 213.6263 221.927 233.0861 247.2034 261.3409 276.5095 285.9766 291.8574 299.565 309.2242 318.2405 328.6803 346.1513 372.6447 408.1711 448.9309 496.4174 549.5305 595.7123 637.826 680.1821 712.6235 725.5731 726.8022 730.58 726.4028 687.8655 635.2371 589.19 544.4435 470.5376 405.2162 350.7103 304.439 262.5605 227.2643
119.1309 125.8646 130.9799 130.1693 125.0811 118.8084 110.416 99.57455 88.34023 79.00494 72.84968 69.35281 68.4276 71.57556 78.94715 89.15827 99.56606 108.777 118.8279 129.3448 139.0348 150.122 161.0494 171.0001 182.1349 192.9152 202.7927 209.3435 219.1813 228.011 240.0323 251.5334 259.3011 263.0906 267.9501 273.3206 279.5647 290.4326 311.3781 346.7169 386.3474 429.7104 481.1627 540.2585 595.7356 637.7523 679.8884 718.7978 739.3525 741.7659 741.062 733.191 692.4114 637.6036 588.6627 535.9706 464.3643 401.7788 348.0811 302.9746 264.4597 232.371
111.7527 116.7666 120.5684 118.7366 111.4268 103.0496 94.14882 84.63787 75.05524 67.10979 62.27577 58.98594 57.88687 61.50418 68.00629 76.44403 84.23981 92.50902 101.6577 111.3874 121.8511 132.8734 142.8043 152.4568 162.8003 171.9302 179.2451 184.8297 190.3201 196.9855 206.4516 216.335 223.4827 227.7283 231.8802 235.7686 241.6513 248.1219 263.7825 308.6747 364.9112 413.8545 468.1266 531.5643 596.8864 642.5128 683.2928 723.5255 749.4368 752.8827 747.7463 733.3095 691.3542 636.2891 584.4935 525.3159 456.779 397.3847 346.2003 302.3698 265.7932 236.0989
102.18 104.8785 107.1383 104.3978 95.85512 86.63653 78.17712 70.38478 62.81926 56.57182 52.35504 49.40618 48.25163 50.44108 55.75852 62.08335 68.28042 75.02785 82.22765 89.91321 98.78332 108.9874 117.5487 124.5571 131.7855 138.6479 144.2632 147.1124 150.7593 155.0934 162.5128 172.2459 179.9806 185.2865 188.402 194.5083 207.5185 216.7996 229.3763 274.351 345.4791 404.6902 462.2746 528.2653 599.6608 651.1339 689.834 728.2665 753.5548 756.9068 745.3425 724.9841 683.7466 632.1299 577.967 515.072 451.0661 392.3578 342.3451 300.8284 266.573 238.7515
89.68421 90.66006 90.99745 87.14555 79.24097 71.46172 64.57498 58.35419 52.5572 47.88721 44.50978 41.8361 40.2381 40.99387 43.78946 47.98847 52.18237 57.30703 62.2858 67.92966 74.58611 81.16675 86.99783 91.64535 95.4359 98.76302 101.8593 103.7466 106.042 108.8354 114.0435 120.6863 130.6873 139.7447 144.8074 155.0419 173.9656 192.3592 216.5137 262.9916 339.7813 405.4544 466.097 532.8696 608.2266 663.0906 699.1138 733.5463 753.574 752.8407 736.2992 712.5106 673.1991 624.5746 568.3373 505.3438 445.1471 387.7893 339.2726 298.5853 265.8477 239.19
75.82798 76.13715 74.99285 70.63027 64.21255 57.84396 52.15995 47.2611 43.44805 40.01377 36.69529 33.99719 32.402 32.65411 34.17248 35.7422 38.40657 41.6892 44.93414 49.48278 54.66523 57.70322 59.32204 61.58066 63.1925 63.78003 63.29707 63.06974 62.88906 64.48575 67.58916 71.18164 80.97682 94.57966 105.7231 119.2857 140.7744 169.4844 207.0338 261.3632 340.8881 410.9706 475.6245 543.6029 621.0141 676.0386 709.4769 738.9857 751.3141 743.7657 724.0505 697.6434 659.8091 610.8186 553.6731 495.0605 437.379 382.7188 336.6768 297.5071 265.5336 239.411
63.97062 63.02271 60.66886 56.72344 51.24559 45.52567 40.55408 37.37909 36.17836 34.26363 31.54604 28.49142 25.62221 24.7698 26.17216 27.15043 27.49278 29.27825 32.25827 36.08013 39.84267 41.10179 40.2548 39.08891 39.44994 39.81911 38.06238 34.70119 31.70816 32.79914 34.83932 35.86693 42.45271 57.68651 75.09644 95.04254 122.4655 159.1453 203.9038 266.9063 349.9398 421.7479 487.4545 557.0945 635.3826 688.9401 719.0542 743.3546 747.3316 733.2568 709.115 680.539 640.3256 587.9034 533.2211 481.098 426.0392 375.7476 333.8503 297.2065 265.6532 240.1454
53.83085 52.52029 49.82518 46.15715 41.41206 36.60228 32.52421 30.84414 31.12685 29.98529 27.96469 25.26545 22.44621 21.01392 21.64164 21.87124 21.32946 21.98025 24.28617 27.39875 29.44389 29.35999 27.80854 25.76896 24.85505 24.47544 22.46146 19.29022 16.22193 16.23639 18.07739 19.59179 24.97317 40.38571 61.30429 87.65723 122.5308 168.2476 221.1039 292.4555 372.7092 441.0021 504.8253 572.9036 649.7448 699.9974 726.812 745.6136 741.9307 722.3593 692.1974 655.91 609.6956 556.7047 506.5673 459.9214 411.3271 367.1143 329.781 297.1103 267.6791 243.5421
44.34068 42.98447 40.65075 37.79189 34.14158 30.91129 28.70268 28.29658 28.62826 27.97289 26.49734 24.21322 22.48219 21.35378 20.67894 20.23744 19.41562 19.49244 20.19329 21.60077 22.46415 21.94208 20.48257 18.6835 17.24411 15.82964 13.76807 11.69639 9.973706 9.718255 11.57656 14.59906 22.33149 37.66295 60.44231 91.68258 135.1283 193.5513 260.2971 335.7127 405.7802 468.076 528.0989 593.6163 663.2098 707.4942 732.4563 745.6167 735.757 709.0884 668.281 620.1284 568.8348 518.9112 473.3994 432.097 392.5035 356.0727 323.7726 296.0207 269.8185 248.9308
36.27291 34.58704 32.81682 31.47897 29.43507 27.44068 26.28061 27.0036 27.69964 27.39676 26.7686 26.18535 24.85986 23.54325 22.36173 21.59128 20.85487 19.73713 19.21781 19.27493 19.285 18.39433 17.0652 16.0168 14.80431 12.83908 10.94775 9.414538 8.462281 8.694306 10.59987 15.08757 24.91485 41.5112 68.75172 108.4769 163.6752 233.4821 308.718 378.1771 437.9103 495.6501 552.9077 616.4208 676.1028 713.1893 735.4933 743.8907 730.5589 694.3917 636.6474 577.7811 525.5391 478.3233 436.89 401.43 370.8183 342.1706 315.3563 292.5215 270.8644 253.9902
31.0487 29.27933 28.05648 28.36538 27.67981 26.28256 25.83808 27.26558 28.51659 29.25823 30.02004 30.00892 29.26982 28.26482 27.41083 26.14954 24.66731 22.95898 21.65647 20.75432 19.87589 18.76155 17.83677 17.14365 15.92718 13.86124 11.91315 10.86021 11.2583 11.77187 13.96077 20.08185 30.53893 51.40329 88.59426 141.3236 207.376 281.2586 352.831 412.6369 466.7488 520.8342 576.7568 636.2442 685.7205 716.1982 736.2809 740.3409 724.4919 672.8041 605.2346 540.7737 485.1134 439.1586 401.2144 370.8889 346.6971 324.5202 304.4998 285.8844 268.8922 255.8838
29.5405 28.57405 28.51677 29.31966 29.23509 28.83099 29.45644 30.79355 32.73541 34.66888 36.27995 37.42245 37.83618 37.6476 36.19065 34.353 32.20195 29.90467 28.3209 26.59182 25.22099 23.93042 23.07396 22.25824 21.01265 19.30439 18.23006 18.50455 19.39853 20.82295 24.59354 32.42213 45.83308 74.20142 122.2311 185.3721 254.7762 323.7192 386.601 440.504 492.0064 544.8991 599.5802 650.5323 689.6036 716.4532 734.2601 734.6678 713.9215 650.2773 580.2051 512.0088 452.26 405.1984 368.2902 341.0761 321.5273 304.8723 290.0314 276.1264 262.4825 252.1738
