py_wake/examples/data/AJ_ParqueFicticio/Ridge area   Sector 7   Height 200m   Power density.grd
DSAA
90  129
 262878   265103
 6504214   6507414
 .8078354   239.5189
[rows 27 to 53 of 129, columns 0 to 61 of 90]
64.92574 66.27615 67.99576 69.43793 70.66463 71.39337 71.70348 71.37589 70.5222 69.30987 67.65043 65.84787 63.86639 62.14535 60.69868 59.75638 59.13686 58.68003 58.43738 58.23584 58.73771 59.75879 60.78684 62.12503 63.6649 65.31903 67.16843 69.3488 72.07939 75.4426 79.03282 82.73591 86.42095 89.98011 92.99185 95.78357 98.13291 99.95786 101.3564 101.7418 100.8498 99.08981 96.79282 94.3517 91.67903 88.68283 85.49725 81.52237 77.01119 72.11419 66.53619 61.11533 56.00318 50.95416 46.13217 34.4447 12.92901 16.56048 18.37001 20.19137 21.46972 22.04436
63.77206 65.43858 67.38988 69.16119 70.83011 72.24977 73.29408 73.75713 73.48561 72.53179 70.94339 68.94406 66.48851 63.72947 61.20827 58.96692 57.30184 55.92923 54.76712 53.70992 53.10535 52.81174 52.66654 53.16456 54.12665 55.325 57.05823 59.25604 62.13948 65.38686 68.70122 72.13384 75.82083 79.58286 83.04566 86.29596 89.31523 91.84714 94.18665 95.83015 96.3311 95.94107 94.62855 92.5069 89.62505 86.39535 83.10234 79.10709 74.39378 69.43112 63.75541 58.18894 53.09769 48.18718 41.21029 22.73913 12.29149 14.10287 17.60135 19.60444 21.07513 22.06918
62.49225 64.35745 66.40533 68.28723 70.25489 72.19512 73.93839 75.20524 75.85185 75.48278 74.183 71.81731 69.13781 66.19709 63.11537 60.13111 57.49059 55.1135 52.88302 50.84988 49.08406 47.51364 46.56831 46.62085 46.82283 47.03707 48.19329 50.14967 52.88157 55.94095 59.02453 62.26416 65.72406 69.52696 73.30787 76.79395 80.29946 83.55594 86.79897 89.69849 91.64868 92.73722 92.77767 91.43755 88.5644 84.94558 81.19514 77.00768 72.07144 66.86229 60.91497 55.13204 50.1312 44.68034 35.43138 10.08764 11.5575 13.42247 16.80099 18.84298 20.47077 21.65461
60.76544 62.77972 64.87167 66.88445 68.87337 70.96619 72.92715 74.85679 76.35086 76.78168 75.82919 73.80959 71.15836 68.46242 65.618 62.61539 59.54413 56.45811 53.27978 50.31021 47.90216 45.10849 42.68433 42.01573 41.38074 40.55036 41.1589 42.9506 45.23493 47.86467 50.68496 53.46805 56.32814 60.1598 64.3001 68.10667 71.8909 75.76787 79.86948 83.91503 87.35912 90.20156 91.88959 91.4354 89.03114 85.19352 80.53732 75.76246 70.29264 64.55576 58.32047 52.48542 47.78424 41.36528 30.11238 9.571764 11.02268 13.17191 16.42713 18.52281 20.29207 21.555
58.23825 60.24384 62.30678 64.23156 66.27551 68.28366 70.35426 72.20555 73.82915 74.79647 74.66381 73.56042 71.78403 69.70944 67.43967 64.94946 62.0873 59.04471 55.94409 53.04061 50.22255 47.12735 44.10595 41.59237 40.33193 39.15048 39.09607 39.9353 40.98111 42.51497 44.59308 46.99021 49.72092 53.20519 57.03873 60.92179 64.85783 69.06483 73.72692 78.53323 82.93847 86.86948 89.62675 90.11189 88.61842 85.46046 80.43858 75.01509 69.2003 63.18945 56.97853 51.16271 46.78461 40.3073 11.12747 9.493357 10.90928 12.98532 17.16928 19.21986 21.00036 22.33307
55.52702 57.47673 59.48871 61.31199 63.20359 65.10896 66.77482 68.46741 69.9537 71.11352 71.45351 71.37124 70.65715 69.55491 67.99355 66.17197 64.00791 61.67461 59.47895 57.05425 54.40471 51.6362 48.86929 45.97552 42.99722 40.89977 40.05629 39.75687 39.5805 39.85062 41.06487 42.94715 45.38104 48.08465 51.1717 54.74827 58.71399 63.09323 68.06921 73.26925 78.27219 82.86215 86.09212 87.40745 86.7651 84.46883 80.20202 74.58449 68.7784 62.65248 56.48677 50.80765 46.69787 16.63541 11.56658 9.772574 11.15438 13.14071 15.66583 19.65746 21.92772 23.71779
52.69748 54.65762 56.69305 58.49113 60.3188 62.02453 63.60394 64.96131 66.2447 67.47272 68.31055 68.79156 68.88371 68.40543 67.59202 66.32167 64.89149 63.92961 63.05323 61.4467 59.40694 57.14012 54.60012 51.85634 48.75786 45.30545 42.35933 41.42794 40.31911 39.7723 39.96449 40.63359 42.33566 44.29763 46.57321 49.79889 53.65225 57.9648 62.98761 68.34631 73.86506 79.09136 82.67448 84.60236 84.70152 82.97818 79.79203 74.57503 68.80942 62.85309 57.11328 51.85886 13.98552 14.13223 13.09877 10.91298 11.96982 13.9033 16.31368 19.54311 21.77247 23.9803
49.78467 51.89173 54.10767 56.05979 57.99553 59.90504 61.54889 62.98078 64.1441 65.32296 66.51164 67.42457 67.87502 67.77602 67.23345 66.23949 65.61077 65.74671 65.89648 65.53405 64.32578 62.64765 60.72644 58.46737 55.55479 52.39599 49.18731 45.71716 44.23594 43.25182 42.4372 42.25949 42.93224 43.85164 45.54021 48.26912 51.28854 55.34765 60.02668 65.16392 70.95739 76.40289 80.09216 82.44271 83.21783 81.99015 79.74239 75.59398 70.4734 65.27484 59.81345 54.81738 14.66 11.63145 12.47211 13.50439 13.5912 15.18383 17.14831 17.52164 21.70134 24.25136
47.15641 49.49886 51.86532 53.96309 56.44547 58.8423 60.89016 62.79169 64.39876 65.69794 66.97093 67.92854 68.50799 68.55134 68.05556 67.38319 67.31437 67.84064 68.36782 68.51075 68.30539 67.82702 67.01479 65.68263 63.73676 61.70918 59.27541 56.71223 53.33129 50.28127 49.25011 48.65554 48.35167 48.45431 49.60236 51.17448 53.49883 56.84483 60.76787 65.05511 70.33491 75.45472 79.00755 81.62861 82.92811 82.28984 80.64368 77.79156 73.45613 69.11848 64.7114 60.23977 56.42589 13.10625 12.22431 12.79144 13.87936 15.12468 16.16115 17.59464 21.66188 24.34499
45.06636 47.25748 49.63348 51.93529 55.02354 58.08372 60.81111 63.34558 65.43002 67.25467 68.65237 69.76952 70.59818 70.8232 70.57698 70.39069 70.33382 70.62337 71.20024 71.60198 72.11526 72.75235 72.97341 73.18391 72.9651 72.21741 71.40462 70.21834 67.86128 64.05819 59.30587 57.92654 57.02452 56.5962 57.02172 57.84996 59.2812 61.59767 64.42635 67.80151 71.98866 76.25751 79.5724 82.43466 84.43665 84.30502 82.87319 80.50008 77.603 74.25214 71.04879 67.38686 63.79338 61.48112 13.62351 13.27024 14.48171 15.63009 17.03044 18.63538 22.14699 24.85011
43.35056 45.1348 47.34179 49.77456 53.46774 57.21725 60.64168 63.87148 66.68533 69.1172 71.01269 72.65911 73.97381 74.52341 74.68846 74.69492 74.48426 74.46983 74.83246 75.42754 76.80969 78.23115 79.62846 81.20626 82.5219 83.49971 84.00351 84.41375 83.87119 81.0912 76.72748 71.37552 68.33247 67.52767 66.98193 67.02739 67.58706 68.60492 69.88126 72.07894 75.50011 79.19804 82.40302 85.27569 87.81346 88.42801 86.85548 84.39896 82.24245 79.8584 77.1693 74.62203 71.6464 69.2037 66.56501 15.52425 14.96325 16.5328 18.10079 20.05058 23.06096 37.77369
42.33227 43.13804 45.02365 47.57813 51.6671 55.85526 59.90163 63.74907 67.22306 70.54781 73.42792 76.19176 78.39859 79.69502 80.09719 80.12811 80.27959 80.57488 80.72723 81.73161 83.54936 85.72395 87.78586 90.08776 92.43629 94.6541 96.61948 98.0322 98.85892 97.76249 94.79115 90.47113 85.0835 80.5901 79.30279 78.48636 77.81633 77.56647 77.91607 79.33529 82.00494 85.17134 88.11479 90.47949 92.61253 93.31841 91.9125 89.54442 87.32494 85.45208 83.33801 80.99214 78.40438 76.32519 74.14737 36.27031 16.47451 16.81331 18.92235 21.38453 39.39478 39.41005
41.42551 41.4923 42.9116 45.70388 49.83221 54.30371 58.84686 63.37676 67.62219 71.66431 75.46504 79.13016 82.41786 84.72124 86.13545 87.05938 88.00166 88.86346 89.84413 91.15152 92.97312 95.12638 97.63676 100.6018 103.4233 106.2903 109.2009 111.4318 112.8888 113.2021 111.9873 109.1331 105.0078 99.98521 94.2723 92.44569 91.11117 90.01184 89.38243 89.853 91.37418 93.44572 95.17766 96.58174 97.71537 97.81215 96.46337 94.84325 93.02746 90.99751 89.19037 86.97714 84.01251 82.56979 79.72928 68.82267 22.28221 16.89278 19.18648 22.28915 40.99531 40.48077
40.55856 40.2898 41.40764 44.2216 48.01453 52.33241 57.08718 61.93804 66.95916 71.99232 76.78379 81.66702 85.94242 89.47359 92.28136 94.88039 96.69436 98.51665 100.2953 101.7733 103.3115 105.4647 108.3104 111.7953 115.3925 119.0528 122.251 125.0107 127.202 128.4547 128.6762 127.3381 124.7198 120.6835 115.6727 109.1453 105.7812 103.9347 102.4389 101.7189 101.8499 102.3751 102.8738 103.5576 104.1205 103.7517 102.1268 100.1399 98.19666 96.07597 94.26301 92.42168 89.06095 88.10237 83.87998 71.73321 54.34206 19.58983 18.89751 23.0111 42.25331 41.39652
40.25012 39.40087 40.29337 42.11102 45.30893 49.51905 54.61167 59.95407 65.40888 71.01881 76.78297 82.55082 88.0747 92.96339 97.53849 101.5789 104.8661 107.5005 109.8957 111.4883 112.9908 115.1495 118.3511 122.3003 126.265 130.3046 133.9823 136.9658 139.2753 141.0945 142.0516 141.7374 140.5565 137.7859 133.7827 128.7536 122.5891 118.0236 115.2575 113.332 112.4088 112.5157 112.292 111.7438 111.1674 110.2681 108.5178 105.6467 102.9337 100.6633 98.45321 96.15251 92.95757 93.23427 87.09324 73.45955 53.17936 25.19008 22.77334 25.68308 39.1317 40.68069
40.49839 39.7706 40.05868 40.73011 42.59975 45.57381 50.91624 56.59518 62.50726 68.73724 75.1287 81.6074 87.89247 93.74248 99.20811 104.3566 108.9885 112.7738 115.8487 118.0594 120.2814 122.1916 124.6474 128.056 131.9373 135.8814 139.378 142.6048 144.9401 147.022 148.2181 148.866 148.7857 147.3216 144.7154 141.1397 136.2959 129.9217 124.9856 122.6333 121.5214 120.5982 118.9865 117.313 116.0736 114.6921 112.7656 110.3687 107.1719 104.1066 101.0661 97.90305 96.98803 96.69532 89.06404 74.23922 53.10879 35.60551 32.86094 35.57258 38.68896 41.1808
40.83339 39.82471 39.58498 39.47459 40.52314 43.21919 46.9712 51.40646 57.61412 64.14412 71.08372 78.43726 85.38518 91.91671 97.95557 103.478 108.9457 114.0293 118.1654 121.3312 123.5774 125.124 126.7536 128.9665 131.3436 134.0065 137.1418 139.8819 142.2641 144.3292 146.318 148.0291 149.2811 149.435 148.605 146.7751 143.9037 139.2287 132.9817 130.484 128.4955 126.3981 124.2161 122.1523 120.3916 118.4243 115.9566 113.2912 110.1687 106.3246 102.4646 98.60537 99.16441 97.94135 89.39034 74.38004 54.71518 40.16449 37.08381 38.56779 41.28165 44.73086
42.49487 40.77699 39.89642 39.21088 39.49458 41.12966 43.90277 47.15428 51.55372 56.93032 64.02319 71.67183 79.2574 86.60177 93.52039 99.87682 105.6354 111.1572 116.1886 120.3255 123.5355 125.7919 127.2982 128.5242 129.7854 130.752 131.6806 133.0509 135.1263 137.0975 139.2426 141.5913 143.9405 145.7137 146.5434 146.7567 145.9831 143.6007 139.1985 135.8697 133.5978 131.4086 129.1778 127.0633 125.0975 122.4324 118.9173 115.4002 112.0419 107.87 103.4562 99.15776 100.5862 98.81281 89.85375 74.85833 56.7818 43.41433 40.90447 42.48793 45.66912 50.04898
45.59277 43.00538 41.59516 40.36627 39.51975 39.24125 40.45693 42.8055 46.78843 51.73312 57.31224 63.55033 69.79694 76.72733 83.93146 90.5875 96.47472 101.8745 107.2648 112.2146 116.1877 118.7716 120.5375 121.2905 121.5834 121.7673 122.0943 122.4392 122.4878 124.5445 126.9671 129.641 132.787 135.9349 138.434 140.3772 141.6111 141.4389 139.6986 137.8686 136.5341 135.2146 133.8217 131.9095 129.5681 126.5439 122.2392 117.4117 113.1608 108.9351 104.1588 100.7962 101.6926 99.50549 90.34642 75.34515 59.53603 46.81256 45.07891 47.36993 51.80702 58.27993
50.73008 45.47394 42.94399 40.80579 38.76842 36.96162 36.51121 37.87557 41.34379 45.75272 50.63184 56.23697 61.88202 67.61151 73.47113 79.09502 83.63486 87.77811 91.87284 95.88426 99.33225 102.267 104.4766 106.0375 107.05 108.0877 109.0412 109.9406 110.7581 112.0215 114.473 117.1176 119.98 122.9808 126.0844 128.6784 130.8049 132.7426 134.083 134.6617 134.8141 134.7335 134.2544 132.7076 130.3522 127.5971 124.0583 119.2623 114.2132 109.6921 104.86 101.9342 102.6439 100.3113 91.51894 77.34975 64.65901 52.47133 50.07074 53.25867 59.75971 69.30063
56.92056 48.73684 44.96524 41.99615 38.62706 35.58159 33.74025 33.74946 36.15699 39.39751 43.10364 47.54776 51.97595 57.02029 62.10048 66.89199 71.13375 74.69794 78.32269 81.74974 84.63186 87.05682 88.85711 90.19313 91.27503 92.59146 93.71726 94.61146 95.57055 96.69523 99.45238 102.6724 106.3308 109.8936 113.5102 116.9911 119.903 122.7746 125.4144 127.2652 128.7421 129.9214 130.505 130.0554 128.7422 126.5057 123.8943 120.6184 115.757 110.8493 105.9466 103.1193 103.7427 101.8492 94.1799 81.81097 70.65191 62.03762 58.71365 63.68733 73.99479 88.91535
64.70476 55.73141 48.90403 45.30803 41.00123 36.99522 34.00536 32.379 32.46194 33.77371 36.04152 39.22488 42.36789 46.30672 50.92234 55.2845 58.74293 61.99871 65.34814 68.30745 70.76033 72.71177 74.27029 75.2421 75.73382 76.91988 78.30639 79.58398 80.61145 81.9092 84.18381 88.07521 92.10496 96.31044 100.4308 104.6248 108.5108 112.1995 116.0723 119.2881 121.8684 124.1601 125.7428 126.2415 126.0365 124.7088 122.7881 120.9757 117.6361 112.5377 107.4013 104.1016 104.7974 103.3001 96.74173 86.26565 76.39887 72.1646 72.17832 79.43259 91.20147 101.5201
74.21992 64.65636 54.99384 49.21074 44.68563 40.0228 36.05285 32.87225 30.63784 29.90696 30.59413 32.35328 34.10707 36.75152 40.85146 44.41445 47.57133 50.28636 53.04392 55.83621 58.23294 59.88005 61.01263 61.80063 62.00927 62.34669 63.57472 64.95415 66.19181 67.9177 69.92336 73.89048 78.22531 83.04644 87.81623 92.37515 97.05064 101.7394 106.6878 111.2374 114.7668 118.1287 120.7791 122.1675 122.9361 122.6657 121.4461 120.1674 118.4608 114.0426 108.6883 104.9234 105.4046 104.0686 98.37232 89.55961 82.0472 79.28257 82.51085 90.79374 102.5283 115.8283
84.71832 75.03194 64.59462 54.34736 49.55812 44.05246 38.79189 34.18404 30.62483 28.68439 28.34303 28.69156 29.31295 30.63593 33.17832 35.17282 37.53167 39.47479 41.26897 43.63289 46.02406 47.75296 48.89243 50.02146 50.24567 49.9231 50.61658 51.71066 53.1368 54.81017 56.43993 60.11396 64.96094 70.34896 75.58167 80.41162 85.61601 91.4342 97.33595 103.1996 107.7325 112.167 116.0196 118.4877 120.2223 120.93 120.3619 119.2464 117.8415 114.6633 109.385 104.7003 105.1293 104.4397 99.94434 92.99649 87.97405 87.03542 92.77621 103.6215 117.7821 133.4003
96.08975 86.9267 76.55904 65.80463 55.76272 49.81552 43.89081 38.09576 33.34747 30.14135 28.48174 27.98157 28.10924 28.02797 28.00331 27.99925 28.59324 29.90871 30.77182 32.09739 34.32058 36.49802 38.23683 39.64053 40.44891 40.40312 40.18245 41.1582 41.49903 42.22255 44.19685 47.30791 52.56489 58.38292 63.65245 68.561 74.68958 81.38398 88.16722 95.07746 100.8833 106.5223 111.7553 115.5554 118.5182 120.2918 120.0373 118.7477 117.1676 114.8269 110.0748 104.6824 104.4211 104.4167 102.1339 97.82003 95.12433 97.66881 105.6783 118.019 133.4542 149.9216
107.0446 98.46676 89.01041 78.8012 68.02545 57.80941 49.76907 43.0229 37.03339 32.31252 29.57498 28.83322 28.71404 27.52675 25.26221 22.83145 21.64194 22.33298 22.64003 22.97841 24.83696 27.44061 29.85062 31.93039 33.24134 33.18208 32.57829 32.73363 32.44278 32.36457 34.22391 36.7365 41.67401 47.79816 53.42978 58.80057 65.34855 72.45279 79.70084 87.26788 94.42513 101.3715 108.0574 113.4884 118.1842 121.3952 121.4232 119.6816 117.6738 115.3322 111.1494 105.5989 103.3401 103.9899 103.6954 103.0675 104.1552 109.098 117.7557 131.1894 147.5121 164.1731
117.8095 109.4367 99.90412 89.82597 79.60925 69.56074 59.1295 49.60894 42.81911 36.87037 33.52076 32.17768 31.31477 28.95284 25.37709 21.12827 18.74152 18.55044 18.20509 17.98302 19.53861 22.26218 25.18644 28.03969 29.8758 29.98549 29.35496 29.64217 28.92182 28.09924 29.61933 31.52903 35.77887 41.77769 47.71712 53.44382 59.60477 66.20709 73.6112 81.99072 90.20272 98.07698 105.7288 112.5894 119.0789 123.7534 124.3955 122.5178 119.8456 116.9582 113.172 108.0717 103.6412 104.5672 105.9943 108.3725 114.297 121.1725 130.3836 143.4796 158.7321 173.0327
