py_wake/examples/data/AJ_ParqueFicticio/Ridge area   Sector 11   Height 30m   Flow inclination.grd
DSAA
90  129
 262878   265103
 6504214   6507414
-20.70539   25.05876
[rows 27 to 53 of 129, columns 0 to 60 of 90]
6.271709 6.637415 6.849834 6.942827 6.958951 6.878708 6.729312 6.558388 6.356434 6.141642 6.062235 6.188362 6.558633 7.114657 7.772362 8.436673 9.083524 9.682299 10.2999 11.06013 11.69746 12.20496 12.67825 13.03511 13.42099 13.7999 14.10989 14.25296 13.99605 13.63039 13.18869 12.63988 12.10814 11.24365 10.52153 9.75195 8.840975 7.823534 6.494315 4.793007 3.20752 1.598513 .05131572 -1.388884 -2.60755 -3.505078 -3.997534 -4.307535 -4.502223 -4.170019 .04663758 8.459134 -11.29484 -11.31568 -5.401913 3.002779 -4.191875 10.63802 11.76424 14.70709 16.4326
6.494395 6.940441 7.232241 7.421816 7.521421 7.475325 7.330476 7.106972 6.78413 6.369987 6.081271 6.013819 6.168452 6.502717 6.979075 7.532156 8.121348 8.691482 9.278475 9.970644 10.57708 11.10248 11.64073 12.05908 12.51072 13.04294 13.4796 13.7857 13.78412 13.56213 13.30624 12.99206 12.6036 11.9506 11.28496 10.62108 9.770954 8.817715 7.548213 5.869734 4.226417 2.490988 .6871652 -1.057907 -2.485292 -3.476103 -3.997997 -4.349359 -4.562879 -3.562164 .5074871 4.986829 -11.62057 -3.309608 .1502622 6.410517 -3.514405 6.26969 17.69719 18.87475 17.56982
6.632395 7.134066 7.495337 7.790609 7.994284 8.033425 7.959689 7.745172 7.372241 6.816397 6.35512 6.130666 6.118101 6.247276 6.49669 6.853115 7.308644 7.779833 8.299486 8.894009 9.369668 9.818119 10.32387 10.74339 11.1904 11.82447 12.36773 12.74605 12.9033 12.87751 12.80103 12.70162 12.55528 12.16258 11.59775 11.06418 10.35841 9.511117 8.368777 6.792438 5.12689 3.303525 1.257851 -.7369007 -2.360735 -3.510285 -4.132444 -4.516419 -4.684788 -3.037763 1.617666 -.08355474 -4.457423 -1.296371 2.307497 -8.538796 -2.497142 2.311232 21.21608 20.28193 14.9253
6.705631 7.264 7.691164 8.081033 8.3743 8.505057 8.534654 8.389015 8.081435 7.445173 6.894884 6.536665 6.364395 6.334668 6.39813 6.553954 6.830479 7.138346 7.481218 7.873656 8.122387 8.392905 8.765635 9.086713 9.471458 10.1108 10.7421 11.16841 11.44125 11.58397 11.65813 11.73567 11.87835 11.75624 11.37551 10.97901 10.48126 9.804737 8.837212 7.448599 5.8784 4.045258 1.826383 -.3222901 -2.090844 -3.46416 -4.297088 -4.740424 -4.878254 -3.23471 1.251392 -3.209926 -.9567444 .5085481 4.58103 -8.483583 .07415722 .7580407 24.62868 19.23107 9.805498
6.628294 7.258228 7.754224 8.236659 8.616489 8.830828 8.943971 8.886268 8.671312 8.057035 7.522794 7.109824 6.818044 6.645257 6.57936 6.602987 6.746486 6.918616 7.063245 7.186923 7.262124 7.367514 7.558784 7.746768 8.0141 8.495877 9.019493 9.375723 9.669151 9.922999 10.10411 10.26466 10.46017 10.54428 10.47043 10.30847 10.06564 9.661386 8.947516 7.800245 6.384753 4.526567 2.269418 .08961283 -1.789708 -3.321747 -4.423109 -5.032373 -5.260096 -4.073456 -.915955 .8416983 -1.024928 .6550223 -9.84869 -8.001455 -.2014136 .224688 25.05876 14.34196 5.01307
6.402708 7.10337 7.665045 8.221455 8.665813 8.941039 9.085377 9.078528 8.93242 8.465763 8.007436 7.604689 7.266062 7.006174 6.855164 6.813674 6.916762 7.013513 6.966817 6.876051 6.812532 6.801714 6.845212 6.910238 7.049662 7.312428 7.632079 7.830244 8.008018 8.230459 8.431941 8.643867 8.820354 8.992892 9.136812 9.203048 9.197809 9.064963 8.63268 7.769843 6.545587 4.675248 2.448878 .3250811 -1.674355 -3.304905 -4.573213 -5.39998 -5.804803 -5.270652 -3.485056 -2.519451 -1.426625 -13.72487 -9.985065 -7.123357 -.06068276 .1656861 -1.128606 8.046953 1.385386
5.988776 6.761938 7.389646 8.017838 8.489692 8.783504 8.956023 9.004179 8.939157 8.651357 8.288054 7.911505 7.551344 7.252783 7.079561 7.049075 7.184699 7.251576 7.091494 6.868635 6.709318 6.613832 6.544225 6.485172 6.494925 6.585947 6.636931 6.657114 6.640085 6.677651 6.769732 6.944432 7.083149 7.271869 7.520904 7.725278 7.916407 8.020731 7.874139 7.339938 6.328986 4.524425 2.407551 .3919517 -1.69508 -3.424883 -4.791659 -5.802954 -6.403502 -6.449275 -5.731617 -2.931697 -8.239917 -14.11285 -9.893559 -7.003017 -.3705896 .5753239 -.2911996 5.772578 -.2700927
5.358202 6.200545 6.908334 7.635099 8.154823 8.484568 8.682002 8.752505 8.727679 8.587863 8.341206 8.033732 7.69212 7.374612 7.187303 7.187669 7.369286 7.417985 7.292563 7.077086 6.877745 6.729536 6.58799 6.434371 6.344994 6.286066 6.184476 5.949736 5.716788 5.51053 5.418162 5.429499 5.469348 5.633728 5.857035 6.078139 6.37604 6.614173 6.684831 6.473508 5.677826 4.059725 2.134031 .2743418 -1.820465 -3.614323 -5.048973 -6.157822 -6.862352 -7.249535 -7.187098 -6.818194 -7.23701 -10.18866 -10.95182 -7.910897 -2.433694 .8628362 1.409329 2.278891 .9836792
4.53403 5.45053 6.268674 7.155107 7.764946 8.175764 8.436453 8.568095 8.593594 8.527377 8.352696 8.109485 7.764925 7.425555 7.222727 7.220607 7.379169 7.449259 7.384843 7.266295 7.156457 7.028713 6.90746 6.751807 6.60848 6.46124 6.24259 5.844526 5.242957 4.820574 4.532726 4.351974 4.272911 4.326724 4.452492 4.615201 4.89054 5.148802 5.312326 5.302371 4.724017 3.385797 1.717488 .03777349 -2.006592 -3.81585 -5.354564 -6.469895 -7.241363 -7.740136 -8.026123 -8.029252 -7.812014 -8.056814 -8.370785 -7.294631 -4.480665 -.5142664 1.866962 2.068494 .3448652
3.555146 4.535502 5.467268 6.539647 7.283896 7.834108 8.21467 8.458777 8.5881 8.600052 8.5051 8.309329 7.927003 7.547354 7.313952 7.244243 7.321897 7.398266 7.405005 7.411403 7.387245 7.357526 7.346851 7.279329 7.150177 6.982157 6.70579 6.212438 5.394333 4.565545 4.077378 3.694073 3.484903 3.373355 3.385372 3.442105 3.627778 3.825755 4.024684 4.10678 3.703332 2.642348 1.221335 -.2702459 -2.170072 -4.002239 -5.628667 -6.787422 -7.519058 -8.031688 -8.399961 -8.69461 -8.740697 -8.566407 -8.230473 -6.487326 -4.734518 -2.267488 -.6974738 1.709278 -1.759901
2.465439 3.460726 4.480823 5.711388 6.645153 7.399764 7.971535 8.401053 8.703447 8.776011 8.696054 8.490689 8.094466 7.701632 7.45886 7.309566 7.309027 7.309045 7.364447 7.489724 7.535403 7.649297 7.791967 7.864862 7.821799 7.669668 7.381933 6.872606 5.964708 4.908652 4.036328 3.452152 3.067693 2.806236 2.650328 2.587588 2.630052 2.751501 2.937518 3.070945 2.79462 1.943411 .7234742 -.6658739 -2.297326 -4.129585 -5.813025 -7.047527 -7.756596 -8.24019 -8.629091 -8.972728 -9.299585 -9.428534 -9.294882 -8.209253 -5.774609 -3.603158 -1.734268 .8906853 -4.444485
1.437987 2.365329 3.404451 4.664841 5.724657 6.731089 7.55654 8.227059 8.698132 8.865943 8.929525 8.76107 8.382712 7.959817 7.677656 7.542996 7.462636 7.373103 7.390858 7.538664 7.694404 7.953936 8.22306 8.397269 8.469144 8.376275 8.107792 7.621478 6.748402 5.681435 4.663264 3.784355 3.093328 2.645148 2.306714 2.11181 1.99332 2.009862 2.151292 2.266869 2.07127 1.347331 .2609469 -1.049986 -2.489722 -4.248148 -5.862108 -7.154116 -7.934053 -8.417573 -8.769975 -9.120223 -9.536182 -9.912413 -10.03834 -9.421343 -7.072788 -3.999099 -.9753868 -1.840555 20.99623
.4571615 1.23654 2.233886 3.485872 4.703274 5.870175 6.930525 7.907076 8.470107 8.819697 9.043257 8.987158 8.674977 8.312009 8.009105 7.820901 7.730873 7.695009 7.659689 7.744684 7.947225 8.305161 8.70245 8.908871 9.051019 9.004859 8.811411 8.404157 7.609838 6.599226 5.54588 4.607182 3.631497 2.977001 2.464734 2.069125 1.820479 1.712599 1.760712 1.811221 1.592641 .9137573 -.105643 -1.341949 -2.713012 -4.385285 -5.93252 -7.163625 -7.975965 -8.532224 -8.853587 -9.185927 -9.651301 -10.11846 -10.26282 -9.139085 -6.2877 -2.512896 -1.56622 -4.633467 16.56822
-.4582727 .1531423 1.018668 2.172771 3.462026 4.860984 6.186915 7.22789 8.027369 8.628714 9.046316 9.11946 8.922672 8.672914 8.448895 8.235157 8.109128 8.085423 8.010879 8.044702 8.234853 8.598982 9.026715 9.288105 9.522829 9.565682 9.543287 9.254443 8.579834 7.648089 6.661298 5.712309 4.685243 3.825372 3.114319 2.502958 2.031302 1.789429 1.72144 1.65014 1.374088 .6711957 -.3608926 -1.529299 -2.847829 -4.416346 -5.928182 -7.173279 -7.990032 -8.563502 -8.889661 -9.16431 -9.656715 -10.16474 -10.0194 -7.81538 -4.377341 -1.324914 -2.601996 -3.975935 6.467117
-1.297387 -.8627084 -.1995226 .7810349 2.047142 3.623931 5.224384 6.392813 7.338912 8.105037 8.778134 9.05924 9.076925 8.995501 8.879448 8.749111 8.628221 8.590498 8.49507 8.449041 8.558406 8.885007 9.32653 9.633924 9.947371 10.08255 10.18037 10.06883 9.684183 8.799015 7.927483 6.967909 5.976759 5.058273 4.28457 3.461898 2.74077 2.296262 2.057376 1.841334 1.476497 .7150272 -.3512627 -1.508382 -2.802947 -4.293795 -5.758979 -7.095594 -7.975525 -8.514064 -8.847606 -9.120957 -9.552917 -9.994518 -9.151738 -6.42343 -2.116111 -.3592748 .4245305 .8447056 -3.569644
-2.043847 -1.795543 -1.362408 -.6128573 .5347651 2.168327 3.801418 5.110218 6.323845 7.373922 8.170777 8.606022 8.901025 9.038493 9.125034 9.168418 9.184557 9.184048 9.07121 8.980443 8.970061 9.212314 9.619193 10.00645 10.40685 10.65778 10.89341 10.92491 10.68476 9.946137 9.232609 8.256725 7.329472 6.430138 5.59192 4.694924 3.799746 3.094503 2.662917 2.291434 1.797579 .9617078 -.1727812 -1.393142 -2.701611 -4.185803 -5.615948 -6.84797 -7.799055 -8.371804 -8.72553 -9.019612 -9.374305 -9.594028 -7.674801 -3.782189 .791192 4.312251 6.615282 2.928383 -6.392337
-2.73138 -2.631528 -2.362952 -1.810964 -.8934338 .5494298 1.87187 3.318725 4.769972 6.125517 7.25301 7.982091 8.473586 8.756744 9.067234 9.292569 9.490175 9.611826 9.565404 9.414625 9.328515 9.507359 9.842534 10.26993 10.75436 11.15866 11.57284 11.77005 11.60604 10.93843 10.41019 9.48064 8.658129 7.819306 6.907352 5.972238 5.065942 4.254855 3.558187 2.977942 2.318689 1.405733 .2038586 -1.104834 -2.478207 -4.012372 -5.452903 -6.660616 -7.552016 -8.172162 -8.521598 -8.804292 -9.093687 -8.902651 -5.422317 -.2433758 3.756643 8.643745 8.505774 -2.0849 -10.02554
-3.236284 -3.264663 -3.127886 -2.758807 -2.195298 -1.440796 -.410179 1.005835 2.624438 4.254641 5.738226 6.875593 7.755337 8.371905 8.854086 9.188081 9.525331 9.860255 9.960547 9.822358 9.736419 9.858693 10.10106 10.54139 11.0637 11.55727 12.12089 12.48661 12.39455 11.78919 11.38547 10.6426 9.935737 9.176657 8.241498 7.3244 6.458752 5.596605 4.721911 3.892421 3.074223 2.071711 .7540029 -.6819094 -2.130908 -3.741332 -5.250793 -6.458977 -7.286745 -7.871994 -8.209176 -8.458114 -8.658731 -7.966756 -3.734344 .1763892 5.748435 11.0301 4.773494 -5.47296 -11.93327
-3.584197 -3.753721 -3.812876 -3.812904 -3.792027 -3.541917 -2.920731 -1.740803 -.09862147 1.737265 3.565051 5.128315 6.465701 7.500798 8.309387 8.852058 9.382103 9.870687 10.10586 10.05396 10.09621 10.27273 10.46898 10.91371 11.47488 12.02996 12.68881 13.21415 13.2681 12.68287 12.37213 11.76226 11.12998 10.45024 9.54386 8.676137 7.882639 7.015774 6.013444 5.059902 4.091685 2.996412 1.564632 -.009495615 -1.54591 -3.214283 -4.828536 -6.17824 -7.018283 -7.51465 -7.8279 -8.03235 -8.138144 -7.07333 -3.691671 .3315715 8.287491 12.64911 4.777508 -3.050637 -7.830906
-3.74644 -4.098988 -4.461579 -4.864508 -5.217973 -5.314889 -5.081074 -4.335975 -3.252842 -1.691094 .2588144 2.214923 4.080686 5.733349 7.061119 8.009258 8.807581 9.500606 9.962317 10.18212 10.33545 10.59055 10.84299 11.30206 11.91829 12.49275 13.16703 13.82433 14.15301 13.64267 13.27359 12.80411 12.20765 11.59478 10.7804 9.929678 9.205103 8.380402 7.331583 6.32656 5.287135 4.070519 2.493994 .7911276 -.8970034 -2.624897 -4.228562 -5.699526 -6.656049 -7.136776 -7.411673 -7.588423 -7.64462 -6.527271 -3.261357 3.255644 13.40219 15.16062 4.779158 -1.547502 -3.520086
-3.708544 -4.183844 -4.715009 -5.399614 -5.931545 -5.878157 -5.502413 -5.254297 -5.486929 -4.667595 -3.025179 -1.058797 1.03626 3.030092 4.717125 6.045595 7.093217 8.035252 8.780522 9.329045 9.79494 10.2495 10.67936 11.25933 11.97882 12.65702 13.32527 13.98928 14.46238 14.25957 13.94112 13.61043 13.07578 12.48127 11.80372 11.00687 10.29671 9.537377 8.487195 7.430887 6.359746 5.060192 3.37008 1.619514 -.1829472 -1.996486 -3.608259 -5.036568 -6.164347 -6.723186 -6.999382 -7.194736 -7.250478 -6.023426 -1.544044 5.551364 15.01178 7.822898 -.1610542 -5.005064 -8.402698
-3.388594 -3.923376 -4.471875 -5.279609 -5.915149 -5.326853 -3.849459 -4.10824 -5.430571 -5.808676 -4.99706 -3.501558 -1.708989 .2444287 2.00918 3.4796 4.749679 5.926536 6.959609 7.806319 8.538677 9.193366 9.80113 10.48408 11.32304 12.14983 12.86017 13.52465 14.12955 14.34827 14.26983 14.04103 13.66924 13.11457 12.55547 11.90068 11.21745 10.52659 9.538696 8.424498 7.330954 5.973822 4.208117 2.430983 .5621145 -1.332392 -3.019138 -4.392641 -5.542089 -6.265244 -6.603673 -6.847274 -6.880115 -5.186373 -.9387426 7.255686 8.747705 2.87167 -2.121808 -6.95856 -12.28949
-2.889362 -3.344462 -3.835459 -4.719682 -5.494785 -4.429557 -2.487062 -1.849413 -2.932903 -4.216993 -4.491692 -3.957211 -3.08183 -1.844856 -.5323295 .7822998 2.147438 3.519421 4.849665 6.023805 6.985144 7.826846 8.611094 9.348269 10.20743 11.16528 11.97768 12.70211 13.36033 13.82701 14.07312 14.09293 13.94416 13.53867 13.06214 12.59471 12.01956 11.37413 10.48769 9.323764 8.244971 6.85629 5.039666 3.223229 1.313187 -.6600631 -2.462257 -3.893941 -4.973874 -5.789868 -6.250171 -6.556465 -6.444851 -4.509634 -.09429822 4.557373 3.993825 -.1436333 -4.635748 -11.03389 -18.31137
-2.254408 -2.685371 -3.022584 -3.686406 -4.586415 -3.101209 .2549204 2.469463 1.948974 -.4351554 -1.534717 -1.933428 -2.283343 -2.337781 -1.986429 -1.335268 -.1391132 1.249763 2.75245 4.184874 5.413349 6.429784 7.382162 8.216815 9.015207 9.942049 10.81288 11.5666 12.2705 12.89539 13.40238 13.71452 13.79173 13.59679 13.30069 13.06381 12.72596 12.14971 11.38934 10.22905 9.137524 7.735296 5.887547 4.026284 2.063298 -.01243834 -1.9735 -3.498682 -4.628626 -5.402628 -6.003095 -6.364979 -6.047303 -4.057722 -.7501699 1.645555 1.185418 -1.787426 -7.992702 -18.4436 -19.27869
-1.509132 -1.974754 -2.199262 -2.538301 -3.180216 -2.260418 1.516693 4.759197 6.130668 3.066834 1.1313 .2454465 -.671128 -1.679134 -2.30564 -2.419538 -1.637205 -.3537385 1.088995 2.690548 4.20152 5.473197 6.584219 7.500319 8.244508 9.028502 9.847075 10.53781 11.21146 11.98927 12.60882 13.14456 13.39019 13.36019 13.2802 13.30999 13.16646 12.74945 12.13597 11.10086 9.993952 8.598726 6.738472 4.843363 2.807166 .5739663 -1.591588 -3.238099 -4.454579 -5.212313 -5.893408 -6.326677 -6.003902 -4.577811 -2.653995 -1.072092 -1.425151 -4.477692 -14.09278 -18.75145 -16.86788
-.7120507 -1.29075 -1.468146 -1.529626 -1.861562 -1.723753 2.066745 6.276924 9.202245 6.585149 3.627881 2.771616 2.007424 .5876378 -.9857365 -2.100778 -1.968186 -.8671228 .3602965 1.906102 3.645836 5.170184 6.402746 7.356012 7.998807 8.62613 9.321278 9.911939 10.49062 11.34894 11.9963 12.62025 12.97473 13.02669 13.06126 13.22895 13.24494 13.02876 12.60559 11.77674 10.68613 9.315819 7.498086 5.608404 3.49885 1.091599 -1.258632 -3.057019 -4.384647 -5.214043 -5.931669 -6.472383 -6.392942 -5.644722 -4.915487 -4.552903 -5.993223 -11.43103 -15.97811 -16.37205 -14.31041
.1583927 -.6454499 -.9112083 -.8531458 -.8394455 -.8604071 1.444696 6.757568 9.823581 9.263241 7.472694 7.223956 6.472336 4.77337 2.755823 .6518945 -.02258301 .5571874 1.305953 2.503553 4.165603 5.740578 6.986454 7.891431 8.414044 8.888752 9.459077 9.91366 10.35505 11.12205 11.66779 12.18807 12.53156 12.59684 12.67009 12.8402 12.92928 12.88537 12.6605 12.02785 11.00185 9.656052 7.935214 6.147952 4.02552 1.519221 -.8931687 -2.863245 -4.348182 -5.316066 -6.062536 -6.691641 -6.972605 -6.873207 -6.860564 -7.454984 -9.917143 -13.35659 -14.60808 -14.02941 -12.16387
