py_wake/examples/data/AJ_ParqueFicticio/Ridge area   Sector 3   Height 30m   Mean speed.grd
DSAA
90  129
 262878   265103
 6504214   6507414
 .3378424   6.925961
[rows 54 to 80 of 129, columns 0 to 61 of 90]
3.447802 3.387915 3.295682 3.151228 2.990783 2.792369 2.598307 2.437766 2.296792 2.202042 2.18535 2.20317 2.185822 2.087903 1.93833 1.770948 1.6308 1.545463 1.485325 1.47728 1.550096 1.664715 1.808619 1.970182 2.136722 2.243885 2.301078 2.40454 2.483495 2.572821 2.738544 2.928954 3.141588 3.38738 3.615498 3.849679 4.102178 4.345865 4.585124 4.817322 5.040038 5.258032 5.448022 5.623495 5.792124 5.884207 5.904004 5.871541 5.800102 5.692541 5.554194 5.386513 5.23188 5.185472 5.109894 5.06254 5.065708 5.112427 5.191422 5.324788 5.505574 5.69146
3.4872 3.452041 3.383382 3.257458 3.083336 2.897188 2.723472 2.5758 2.456609 2.387036 2.385649 2.421407 2.413629 2.315785 2.166918 1.998019 1.845772 1.725309 1.645226 1.631781 1.692671 1.809946 1.950951 2.112016 2.287223 2.402504 2.51562 2.630865 2.748801 2.886494 3.044196 3.2435 3.438911 3.6164 3.787418 3.981079 4.222557 4.454185 4.672147 4.888 5.104108 5.31749 5.505496 5.685727 5.835592 5.911332 5.93516 5.912088 5.849932 5.751474 5.624453 5.476892 5.337409 5.331416 5.307144 5.290658 5.316479 5.382429 5.467365 5.590156 5.738952 5.87948
3.526624 3.518966 3.472508 3.356508 3.178955 3.013468 2.845646 2.708107 2.608102 2.556988 2.571912 2.631504 2.653667 2.564564 2.421977 2.254172 2.097082 1.958229 1.848032 1.802379 1.858571 1.970004 2.10048 2.271981 2.450733 2.60845 2.755488 2.896369 3.033417 3.18931 3.3668 3.560825 3.743703 3.891634 4.03992 4.214412 4.404768 4.595639 4.777892 4.976423 5.187389 5.389493 5.572864 5.747356 5.869101 5.939306 5.966833 5.948576 5.893022 5.81363 5.698627 5.567863 5.444865 5.464296 5.471388 5.482146 5.529078 5.609578 5.702032 5.814304 5.936911 6.047523
3.573182 3.576333 3.543494 3.43927 3.286633 3.129677 2.975007 2.858965 2.77628 2.734976 2.746273 2.823338 2.878562 2.836521 2.709561 2.547418 2.376412 2.226086 2.090787 2.025591 2.07351 2.174519 2.288918 2.450286 2.643708 2.828908 2.998933 3.160103 3.30916 3.484004 3.670335 3.855968 4.021797 4.172358 4.327012 4.479794 4.630047 4.772781 4.922762 5.098085 5.294352 5.482185 5.655979 5.805015 5.902188 5.970532 5.999494 5.986089 5.937383 5.87438 5.77958 5.669639 5.562668 5.597462 5.635954 5.671996 5.729639 5.815552 5.908191 6.008476 6.10534 6.178595
3.595309 3.616796 3.592175 3.494016 3.367043 3.244256 3.116447 3.001076 2.924021 2.897561 2.925172 2.995592 3.059592 3.04988 2.957728 2.834034 2.690064 2.548982 2.396916 2.322343 2.352401 2.426561 2.524707 2.671494 2.863174 3.060299 3.245057 3.412452 3.579648 3.758939 3.942809 4.12539 4.288671 4.437884 4.579411 4.719066 4.848834 4.974651 5.112381 5.264064 5.427554 5.593451 5.744666 5.856128 5.941247 6.007308 6.036708 6.026823 5.986498 5.932279 5.856002 5.768466 5.682009 5.734242 5.801748 5.862052 5.927694 6.009556 6.091692 6.165679 6.222588 6.252646
3.614629 3.650393 3.645082 3.571216 3.466968 3.363016 3.254388 3.155972 3.085753 3.054282 3.079144 3.14523 3.210356 3.217734 3.155342 3.067319 2.960508 2.835333 2.713608 2.642792 2.654176 2.695753 2.784356 2.930938 3.111737 3.299828 3.4823 3.651389 3.820246 4.001462 4.185109 4.366998 4.534102 4.675733 4.807029 4.935534 5.050841 5.168786 5.296282 5.428945 5.566648 5.706841 5.819306 5.906234 5.990055 6.057798 6.08328 6.071493 6.037726 5.988324 5.922027 5.856257 5.793555 5.854775 5.947693 6.026819 6.098935 6.170716 6.228776 6.266884 6.280796 6.272207
3.646631 3.695257 3.712436 3.664728 3.588907 3.502666 3.41272 3.33218 3.265632 3.220199 3.23192 3.288796 3.350772 3.369098 3.341841 3.298996 3.228672 3.128867 3.023377 2.944059 2.958028 2.997814 3.065705 3.205902 3.378434 3.550544 3.721888 3.881628 4.045073 4.211771 4.395791 4.581326 4.750897 4.884138 5.006038 5.123223 5.225836 5.332648 5.446218 5.557027 5.67856 5.789742 5.873831 5.953168 6.045742 6.110374 6.121066 6.105521 6.078393 6.03195 5.976101 5.926277 5.887543 5.949803 6.063547 6.154809 6.224 6.277683 6.310388 6.311866 6.28605 6.242856
3.701721 3.754508 3.78205 3.755808 3.710541 3.643188 3.573104 3.504029 3.439234 3.388325 3.38542 3.418539 3.476149 3.517999 3.526728 3.506993 3.466305 3.399783 3.324296 3.271945 3.274799 3.308573 3.365875 3.4893 3.652858 3.812856 3.962896 4.114277 4.278134 4.4405 4.608877 4.782432 4.923234 5.044253 5.161081 5.263004 5.355801 5.455353 5.550733 5.647676 5.752994 5.838666 5.909766 5.987006 6.08411 6.129385 6.122725 6.105892 6.088414 6.060228 6.02035 5.986536 5.963073 6.012267 6.134789 6.230567 6.2879 6.318133 6.326087 6.300637 6.237791 6.161456
3.769617 3.821081 3.858021 3.88189 3.855204 3.802288 3.73757 3.670847 3.607474 3.556072 3.542885 3.563439 3.595408 3.621518 3.651407 3.657286 3.656564 3.638368 3.617657 3.606372 3.60288 3.644566 3.702413 3.808513 3.947589 4.092777 4.223666 4.349897 4.494654 4.653706 4.807889 4.967401 5.094755 5.202684 5.296365 5.368835 5.449757 5.537114 5.617635 5.704364 5.792487 5.862778 5.930238 6.007081 6.095041 6.117745 6.104578 6.090799 6.083333 6.07788 6.062907 6.045743 6.025982 6.046736 6.165455 6.25988 6.303895 6.308954 6.289831 6.244513 6.14569 6.03007
3.840358 3.897484 3.973214 4.010715 3.9819 3.93112 3.872369 3.812159 3.752391 3.697982 3.660197 3.64369 3.654794 3.692235 3.750774 3.799589 3.823097 3.84119 3.856399 3.892396 3.927443 3.966053 4.032158 4.121848 4.250842 4.35861 4.450286 4.561304 4.698115 4.834211 4.979273 5.118098 5.233973 5.332429 5.412975 5.476649 5.534258 5.586236 5.656128 5.731328 5.805246 5.867955 5.932658 6.008052 6.080469 6.092842 6.083485 6.076243 6.078557 6.089657 6.100197 6.100924 6.081852 6.061106 6.16994 6.254035 6.292623 6.270357 6.227181 6.152481 6.029067 5.877554
3.906879 3.971075 4.04335 4.051047 4.008878 3.95677 3.903626 3.84983 3.795826 3.74481 3.705215 3.684299 3.68879 3.73185 3.808461 3.875646 3.904527 3.94163 4.006491 4.112211 4.168827 4.19852 4.252627 4.361546 4.478806 4.544713 4.617715 4.732922 4.854466 4.975128 5.110491 5.232176 5.337245 5.422322 5.489787 5.545324 5.589886 5.614714 5.663317 5.726021 5.791415 5.849076 5.908316 5.978175 6.042855 6.062737 6.063479 6.06558 6.078114 6.100533 6.130316 6.148526 6.130058 6.09617 6.155732 6.222332 6.258779 6.209676 6.146667 6.049075 5.903045 5.741187
3.920083 3.983118 4.042328 4.049071 4.008793 3.965852 3.920135 3.86534 3.804613 3.747024 3.697112 3.658986 3.645343 3.678521 3.753905 3.830618 3.893923 3.961022 4.051412 4.170828 4.25064 4.300204 4.370034 4.48496 4.579744 4.649632 4.72908 4.84089 4.948923 5.06184 5.183748 5.294053 5.38293 5.451905 5.507849 5.55398 5.582268 5.588736 5.626221 5.682406 5.743301 5.79939 5.857375 5.923801 5.990002 6.029033 6.048923 6.061873 6.08413 6.115187 6.157161 6.186055 6.16784 6.122118 6.123189 6.172626 6.199957 6.13245 6.05605 5.945775 5.79108 5.625394
3.898987 3.956979 3.99411 4.018632 3.982708 3.93703 3.88801 3.820245 3.738521 3.656232 3.583632 3.524205 3.496394 3.523302 3.604111 3.705598 3.784856 3.871469 3.97231 4.087757 4.192122 4.284084 4.377406 4.481876 4.58181 4.676174 4.775781 4.883979 4.986761 5.090448 5.202615 5.299172 5.370542 5.423953 5.468893 5.502191 5.510599 5.513649 5.55206 5.604002 5.661906 5.726728 5.792985 5.860095 5.930757 5.997882 6.042491 6.068336 6.097906 6.135127 6.182793 6.21775 6.194073 6.137009 6.084469 6.120982 6.126579 6.051519 5.963852 5.844532 5.687052 5.520888
3.850327 3.898673 3.92649 3.93354 3.92446 3.884815 3.826555 3.735819 3.616871 3.498776 3.399459 3.322059 3.29008 3.322901 3.412286 3.540541 3.63806 3.715846 3.812543 3.937928 4.068655 4.172559 4.279093 4.397001 4.510651 4.610766 4.718675 4.835019 4.93144 5.035269 5.150335 5.235226 5.289134 5.327033 5.365237 5.387605 5.3962 5.413355 5.449347 5.503764 5.56972 5.644689 5.725841 5.804224 5.886122 5.969965 6.038073 6.083873 6.12108 6.162349 6.211843 6.248252 6.218301 6.152405 6.090712 6.084206 6.05509 5.973846 5.870179 5.739838 5.579731 5.41631
3.763375 3.804661 3.826764 3.815666 3.778343 3.736754 3.658405 3.525602 3.358999 3.212761 3.102369 3.031942 3.019417 3.075681 3.173872 3.295849 3.424825 3.512434 3.605802 3.732954 3.880038 3.999425 4.112578 4.23804 4.357288 4.457376 4.560834 4.662123 4.759483 4.862307 4.965371 5.053635 5.101948 5.132693 5.172502 5.22769 5.256005 5.277546 5.319022 5.385668 5.469883 5.558054 5.656614 5.759583 5.854004 5.947814 6.036111 6.105249 6.155139 6.198142 6.246922 6.281112 6.2438 6.168476 6.096549 6.054206 5.970021 5.877647 5.752696 5.614692 5.455449 5.299312
3.650388 3.668641 3.675279 3.635289 3.577315 3.498062 3.377744 3.203349 3.008278 2.839596 2.748149 2.701722 2.714195 2.772731 2.868773 2.983985 3.107588 3.21641 3.333169 3.456311 3.589386 3.734572 3.860418 3.9789 4.094424 4.208853 4.299741 4.362134 4.441334 4.536967 4.624905 4.70669 4.780805 4.836281 4.893507 4.956071 5.011188 5.065952 5.144393 5.243444 5.355648 5.466475 5.585167 5.716737 5.833856 5.93726 6.04051 6.134805 6.199733 6.245686 6.289229 6.314351 6.263552 6.173363 6.084924 5.989818 5.832652 5.727789 5.587937 5.450724 5.30165 5.166069
3.490724 3.486461 3.495075 3.45109 3.355483 3.241517 3.09744 2.92093 2.735566 2.56892 2.442996 2.357531 2.362999 2.424111 2.522492 2.63309 2.732716 2.836264 2.961 3.093037 3.216259 3.359543 3.505962 3.628029 3.743295 3.839679 3.915013 3.942711 3.991305 4.035361 4.126772 4.233938 4.317636 4.372428 4.437581 4.50619 4.584174 4.69267 4.846581 5.049219 5.222741 5.37057 5.520435 5.678865 5.832408 5.950741 6.065226 6.173372 6.253649 6.301942 6.334654 6.34271 6.272408 6.164176 6.056143 5.926171 5.706165 5.564395 5.418404 5.27984 5.145151 5.028386
3.280272 3.299447 3.309099 3.253667 3.128435 2.98058 2.819047 2.64473 2.464114 2.304986 2.192393 2.104604 2.051387 2.074902 2.166223 2.272542 2.34735 2.435395 2.538781 2.650182 2.776292 2.911723 3.041319 3.162159 3.272439 3.350932 3.388747 3.412664 3.45113 3.497078 3.568019 3.646429 3.711109 3.767339 3.834266 3.908697 4.018731 4.140285 4.327366 4.703259 5.062397 5.28119 5.467046 5.652861 5.837762 5.984508 6.108691 6.22911 6.318394 6.364245 6.379502 6.355648 6.260367 6.13631 6.00977 5.844247 5.626742 5.434169 5.248338 5.113896 4.992793 4.888693
3.082496 3.077583 3.06843 2.998281 2.848961 2.681796 2.51747 2.358448 2.199444 2.057389 1.95073 1.868244 1.816255 1.823638 1.881107 1.945733 2.002136 2.064106 2.134162 2.21211 2.311368 2.436672 2.546666 2.638978 2.73401 2.816298 2.876641 2.904466 2.925078 2.940796 2.979478 3.040959 3.088396 3.125472 3.155062 3.235395 3.417072 3.582149 3.784705 4.275195 4.86611 5.21002 5.442232 5.650902 5.860923 6.03623 6.166331 6.289663 6.371481 6.399395 6.384022 6.327922 6.21988 6.091683 5.948749 5.759387 5.555002 5.355665 5.168248 4.998556 4.847675 4.735052
2.83456 2.805124 2.765887 2.673206 2.524541 2.372692 2.228564 2.090168 1.958252 1.846 1.756799 1.678494 1.622787 1.609515 1.633224 1.678967 1.714775 1.7622 1.801466 1.85022 1.918662 1.992544 2.064726 2.12362 2.176486 2.233297 2.289273 2.325398 2.353863 2.37053 2.404989 2.442688 2.51253 2.570512 2.588269 2.677186 2.895552 3.163457 3.530519 4.065902 4.739134 5.18292 5.457876 5.681756 5.910027 6.098844 6.227749 6.343547 6.408188 6.410855 6.369406 6.296305 6.185185 6.051426 5.886948 5.686673 5.489482 5.284183 5.097965 4.927814 4.779057 4.649671
2.563573 2.517821 2.454849 2.347025 2.213132 2.078716 1.949931 1.831747 1.734956 1.650893 1.566656 1.494438 1.443385 1.430566 1.443091 1.450426 1.476954 1.507869 1.527998 1.568905 1.622483 1.638577 1.6353 1.6536 1.668981 1.677242 1.67792 1.692777 1.70796 1.743207 1.793599 1.833055 1.945591 2.08754 2.177981 2.362663 2.63055 2.993791 3.458369 4.058194 4.758598 5.208791 5.500828 5.73597 5.974704 6.163211 6.286426 6.390461 6.436058 6.418111 6.361289 6.276999 6.159101 6.006803 5.818977 5.619056 5.418252 5.214722 5.032242 4.864679 4.717153 4.586801
2.340364 2.270341 2.181311 2.073636 1.945342 1.81223 1.688679 1.603715 1.573168 1.533572 1.473749 1.399356 1.318799 1.286612 1.317984 1.330173 1.313798 1.331146 1.374092 1.427019 1.469648 1.449188 1.381833 1.312635 1.289145 1.280415 1.234619 1.161688 1.1076 1.156617 1.226564 1.257008 1.383948 1.729428 2.022821 2.278842 2.593145 3.00671 3.506171 4.156318 4.855767 5.29956 5.579755 5.799394 6.044044 6.225323 6.341828 6.431607 6.457647 6.423857 6.355099 6.257865 6.119352 5.936303 5.735398 5.540683 5.334732 5.13846 4.965574 4.807676 4.662158 4.532559
2.170315 2.095711 1.998056 1.888917 1.765803 1.641589 1.534549 1.487394 1.506576 1.497243 1.46486 1.408673 1.337567 1.298952 1.327812 1.334821 1.304395 1.304244 1.355015 1.417005 1.434263 1.384268 1.289208 1.178226 1.108563 1.0708 .9981752 .8967835 .8025995 .8089623 .8826817 .9341251 1.149616 1.574138 1.969148 2.346626 2.768717 3.268513 3.796735 4.442273 5.043647 5.426449 5.690464 5.919641 6.151682 6.296779 6.412 6.476954 6.476957 6.424514 6.340195 6.213966 6.036477 5.827608 5.624449 5.429591 5.22954 5.051069 4.895875 4.752486 4.612408 4.489769
2.02367 1.953668 1.866519 1.77105 1.669366 1.584177 1.529871 1.526495 1.554906 1.563773 1.55509 1.519808 1.501712 1.493533 1.490823 1.489978 1.463708 1.453863 1.462851 1.491681 1.49683 1.448156 1.360432 1.251995 1.156186 1.075215 .9823079 .8801185 .799521 .7966258 .8471433 .9270531 1.142415 1.587441 2.071734 2.570901 3.115435 3.720103 4.302157 4.849672 5.278253 5.579631 5.821444 6.056024 6.284524 6.382932 6.480525 6.513396 6.498155 6.446128 6.309527 6.110805 5.898659 5.682084 5.477152 5.28539 5.106089 4.950695 4.813125 4.688215 4.562377 4.459472
1.907333 1.833499 1.762299 1.711355 1.654803 1.606385 1.585749 1.622785 1.666424 1.687904 1.70826 1.741207 1.750105 1.751748 1.749566 1.755982 1.753041 1.716969 1.688815 1.680762 1.673573 1.627411 1.5557 1.478928 1.387518 1.266889 1.145998 1.046835 .9910528 .9793491 1.0091 1.118121 1.383792 1.807328 2.386621 3.023182 3.668704 4.279883 4.798328 5.201488 5.498259 5.746477 5.977876 6.209515 6.402452 6.453627 6.513066 6.503647 6.470146 6.382121 6.178057 5.95928 5.734759 5.514649 5.31046 5.128985 4.974517 4.841766 4.723901 4.620096 4.517118 4.436112
1.862361 1.788884 1.737624 1.745646 1.734573 1.704028 1.704304 1.764611 1.822444 1.873742 1.936059 1.985251 2.019718 2.048217 2.079687 2.090271 2.082036 2.048436 2.017477 1.990983 1.960005 1.908054 1.854796 1.803446 1.719579 1.589095 1.460572 1.381794 1.330565 1.289463 1.309925 1.455252 1.730309 2.237539 2.943261 3.649083 4.259188 4.776482 5.179504 5.467748 5.705528 5.924994 6.152092 6.357765 6.474277 6.497807 6.502288 6.467897 6.422004 6.266591 6.040692 5.801836 5.563403 5.343168 5.145572 4.977234 4.840033 4.724018 4.628284 4.546035 4.463853 4.403135
1.924265 1.880127 1.871071 1.895966 1.901251 1.900405 1.92884 1.97762 2.044773 2.11899 2.193635 2.267414 2.337907 2.403159 2.438789 2.455357 2.449295 2.422117 2.404361 2.370821 2.338328 2.296212 2.256639 2.206342 2.128518 2.02474 1.918648 1.843456 1.785751 1.753728 1.799925 1.965281 2.268267 2.838055 3.566207 4.253106 4.79198 5.183126 5.477207 5.709509 5.91532 6.117743 6.330142 6.476925 6.515688 6.510168 6.464857 6.435978 6.365706 6.150725 5.912017 5.658716 5.408947 5.183907 4.985509 4.823305 4.699532 4.59958 4.518592 4.452196 4.389016 4.340187
