py_wake/examples/data/AJ_ParqueFicticio/Ridge area   Sector 5   Height 30m   Weibull-A.grd
DSAA
90  129
 262878   265103
 6504214   6507414
 1.616104   11.02586
[rows 81 to 107 of 129, columns 0 to 61 of 90]
4.211369 4.33576 4.462098 4.569342 4.663338 4.757319 4.856398 4.968229 5.110145 5.254502 5.398264 5.544153 5.64125 5.667239 5.643992 5.617744 5.6102 5.588912 5.58454 5.57677 5.553287 5.576876 5.620705 5.682929 5.741593 5.793132 5.813903 5.833928 5.856313 5.882842 5.93246 6.034273 6.229823 6.514422 6.854342 7.214516 7.558726 7.898848 8.216524 8.507955 8.757574 9.001782 9.211728 9.368002 9.476823 9.568922 9.629159 9.649407 9.50948 9.258742 8.946802 8.590874 8.251633 7.960939 7.752151 7.634071 7.597412 7.602576 7.64085 7.708151 7.764396 7.80258
4.557671 4.715645 4.859394 4.977114 5.087582 5.188397 5.296435 5.406676 5.511848 5.63064 5.785236 5.947642 6.069282 6.106693 6.077816 6.03949 5.993758 5.986576 6.032349 6.074147 6.048344 6.01793 6.010098 6.063833 6.148231 6.229782 6.26321 6.288053 6.313893 6.325061 6.354156 6.416428 6.559597 6.812904 7.104518 7.409378 7.726103 8.052399 8.367523 8.63302 8.865381 9.126324 9.319638 9.433663 9.537827 9.63067 9.696189 9.730386 9.575178 9.325469 9.011555 8.627712 8.244873 7.894648 7.617102 7.429293 7.332763 7.291593 7.31005 7.379607 7.447291 7.507578
4.840236 5.020524 5.188991 5.325128 5.425205 5.531112 5.637173 5.703483 5.776181 5.898311 6.032302 6.154325 6.301428 6.395336 6.347025 6.260695 6.198102 6.197916 6.278806 6.380856 6.329071 6.271001 6.249193 6.305356 6.42543 6.544441 6.593567 6.636613 6.690039 6.705387 6.71489 6.754536 6.869542 7.084581 7.333487 7.584735 7.876112 8.177276 8.475863 8.700228 8.925049 9.182473 9.370609 9.479246 9.59177 9.690113 9.768631 9.806563 9.684119 9.453091 9.15855 8.77286 8.360769 7.969839 7.627917 7.36506 6.971133 6.409978 7.074006 7.098499 7.137082 7.197469
5.047272 5.240398 5.418271 5.556102 5.66052 5.759622 5.83422 5.884655 5.953287 6.059929 6.150915 6.224455 6.315186 6.377337 6.349072 6.284331 6.234118 6.232043 6.289864 6.371212 6.356188 6.322709 6.313408 6.361642 6.482417 6.642568 6.748281 6.831189 6.927888 6.977231 7.015301 7.088546 7.20313 7.366298 7.57098 7.785434 8.016586 8.285905 8.54131 8.729121 8.937718 9.183497 9.378596 9.494952 9.619093 9.735727 9.833488 9.865413 9.78904 9.605738 9.352396 9.012374 8.615098 8.199756 7.801778 7.474207 7.250632 6.656993 6.250272 6.020117 5.918897 5.93102
5.195924 5.396186 5.570984 5.716593 5.8449 5.920953 5.962541 6.007942 6.074657 6.14641 6.181932 6.187 6.186201 6.189972 6.176297 6.150829 6.122967 6.121408 6.145553 6.18876 6.198208 6.188259 6.190661 6.242239 6.357949 6.542111 6.70766 6.86233 7.027064 7.139682 7.270877 7.409154 7.531964 7.655917 7.818806 7.995436 8.16749 8.398115 8.597711 8.747485 8.925148 9.134931 9.33464 9.481014 9.620667 9.757503 9.863372 9.91657 9.891019 9.768805 9.566107 9.286369 8.930946 8.522587 8.096283 7.721521 7.45262 7.2021 6.556812 6.14119 5.900152 5.797152
5.317591 5.506669 5.673269 5.825076 5.957774 6.011642 6.022339 6.033953 6.073762 6.122639 6.113485 6.061299 6.003203 5.964406 5.931622 5.927602 5.943333 5.953496 5.96208 5.979315 5.973222 5.963451 5.968984 6.035455 6.151472 6.332023 6.544838 6.775004 7.019806 7.223635 7.439412 7.652071 7.796195 7.910703 8.039423 8.155347 8.310069 8.504747 8.655607 8.771012 8.902137 9.048552 9.203519 9.354602 9.514938 9.673084 9.814593 9.920655 9.967051 9.909799 9.765615 9.552014 9.25089 8.871661 8.453908 8.062959 7.772248 7.491351 7.163273 6.497235 6.065492 5.790306
5.397812 5.572636 5.722471 5.860795 5.972599 6.00379 5.990585 5.967203 5.95736 5.960251 5.927164 5.863638 5.791638 5.731267 5.677994 5.661696 5.689186 5.731936 5.76212 5.765317 5.746321 5.718 5.727064 5.816154 5.932377 6.095625 6.358708 6.651386 6.958983 7.24868 7.524192 7.769505 7.953043 8.09654 8.194998 8.288538 8.439367 8.607388 8.721761 8.802603 8.87269 8.956099 9.063629 9.186733 9.344385 9.52339 9.701188 9.851993 9.966169 9.989686 9.916496 9.760715 9.522923 9.206634 8.832603 8.457376 8.156633 7.870029 7.542366 7.226534 6.588192 6.112775
5.428659 5.583568 5.719046 5.830583 5.898455 5.90976 5.883652 5.837799 5.789287 5.73335 5.669713 5.597802 5.52687 5.463233 5.407196 5.381719 5.38952 5.449841 5.513173 5.533621 5.519681 5.50727 5.51816 5.622149 5.748988 5.933543 6.221894 6.551148 6.904267 7.240027 7.548211 7.817668 8.039776 8.196461 8.291452 8.391307 8.541707 8.695265 8.790969 8.826762 8.82974 8.87051 8.944386 9.043498 9.18178 9.353998 9.539587 9.712422 9.871351 9.9776 9.980575 9.89241 9.731761 9.496646 9.193408 8.868384 8.588521 8.325385 8.006273 7.655208 7.360598 6.75014
5.433847 5.565909 5.688853 5.772532 5.785017 5.757508 5.715243 5.655478 5.580691 5.493518 5.402116 5.312704 5.225967 5.16013 5.120303 5.09631 5.088776 5.157746 5.227917 5.271211 5.278645 5.296403 5.329072 5.434226 5.609415 5.836111 6.132708 6.483179 6.869146 7.224386 7.552635 7.849708 8.105843 8.263868 8.358075 8.471695 8.626107 8.774312 8.854487 8.844913 8.792081 8.779769 8.808172 8.865095 8.9558 9.105978 9.303936 9.504727 9.706787 9.869687 9.954734 9.949239 9.865643 9.711351 9.493535 9.243385 9.014752 8.797954 8.531438 8.184395 7.85812 7.53809
5.408971 5.511947 5.630903 5.69001 5.650563 5.579549 5.504205 5.433863 5.350549 5.260957 5.163928 5.060378 4.949225 4.867616 4.845466 4.851152 4.856935 4.90578 4.972307 5.00646 5.038938 5.098121 5.139013 5.273943 5.502981 5.775867 6.096625 6.468464 6.862193 7.217755 7.552012 7.865853 8.148126 8.307241 8.404008 8.523448 8.680286 8.829165 8.893675 8.861869 8.728157 8.643949 8.647242 8.677804 8.736149 8.850465 9.033098 9.247396 9.476574 9.682278 9.831292 9.912029 9.903157 9.812553 9.670998 9.50712 9.355096 9.199236 9.007416 8.70854 8.388738 8.051304
5.303987 5.378903 5.46636 5.503435 5.443202 5.348977 5.260184 5.189955 5.114028 5.034504 4.95521 4.861252 4.751219 4.666337 4.658869 4.706548 4.737308 4.780645 4.846908 4.887164 4.940166 5.024885 5.081542 5.250528 5.517332 5.803235 6.129522 6.51334 6.885574 7.213254 7.535056 7.833327 8.105383 8.271329 8.375527 8.495063 8.638616 8.775669 8.847667 8.78913 8.652991 8.549096 8.513605 8.493397 8.505498 8.58883 8.7509 8.954568 9.180207 9.420335 9.621109 9.764822 9.816542 9.775703 9.689769 9.603086 9.531711 9.450129 9.339611 9.136174 8.872532 8.557967
5.090883 5.155472 5.204559 5.196543 5.135396 5.044193 4.950369 4.881437 4.827599 4.787686 4.744899 4.688134 4.632732 4.596972 4.622143 4.680202 4.718175 4.790868 4.884691 4.942777 5.011262 5.131962 5.250299 5.449327 5.707333 5.983463 6.283047 6.630833 6.958081 7.23825 7.528326 7.779941 8.00569 8.170858 8.295823 8.430304 8.561858 8.670575 8.730215 8.682478 8.556939 8.431083 8.345588 8.288874 8.258101 8.317601 8.462142 8.659419 8.880173 9.115429 9.334997 9.513398 9.606847 9.604333 9.56314 9.539347 9.542042 9.530631 9.496055 9.406502 9.240763 9.001012
4.824233 4.877948 4.897647 4.871548 4.789946 4.69063 4.596128 4.544386 4.519433 4.528466 4.541692 4.547982 4.554359 4.573949 4.650082 4.727232 4.776518 4.872649 4.984276 5.055545 5.190622 5.351825 5.545949 5.771306 6.01035 6.27553 6.544436 6.824371 7.067887 7.302103 7.555771 7.764767 7.943183 8.083145 8.208452 8.352649 8.469975 8.564696 8.609907 8.559773 8.418662 8.284574 8.160442 8.072053 8.011615 8.037476 8.156213 8.35104 8.566503 8.792035 9.01644 9.21712 9.330586 9.347997 9.337142 9.355732 9.414793 9.476858 9.523822 9.545771 9.489258 9.350588
4.558216 4.579005 4.609293 4.590465 4.513318 4.395625 4.270161 4.225582 4.25874 4.299417 4.352273 4.427539 4.484561 4.560158 4.688781 4.794603 4.884797 4.999117 5.084749 5.214448 5.397878 5.633233 5.869513 6.093099 6.330229 6.556473 6.78793 7.01036 7.182272 7.375299 7.58936 7.766076 7.903957 8.006092 8.112934 8.245168 8.349968 8.444736 8.48927 8.443143 8.309952 8.150544 8.004205 7.877897 7.774389 7.766929 7.863388 8.032921 8.234294 8.456513 8.690714 8.898549 9.014896 9.040062 9.038657 9.07423 9.172328 9.294333 9.416222 9.530638 9.595388 9.574187
4.315039 4.318867 4.347204 4.348778 4.285505 4.178935 4.087778 4.059989 4.1265 4.184824 4.257022 4.379869 4.478768 4.59502 4.746793 4.878766 5.004208 5.1085 5.237899 5.40971 5.631823 5.895765 6.16204 6.403458 6.626256 6.823455 7.01901 7.175888 7.293836 7.437184 7.59165 7.729456 7.848762 7.934791 8.030545 8.143015 8.254877 8.35812 8.410713 8.365461 8.229692 8.075994 7.906871 7.726252 7.560984 7.509689 7.57669 7.729618 7.924354 8.141059 8.366049 8.568859 8.692907 8.70445 8.705717 8.738935 8.850677 9.008833 9.18648 9.369517 9.526042 9.622309
4.082167 4.097529 4.123729 4.14245 4.105298 4.05477 4.012514 4.014475 4.109488 4.184247 4.281845 4.40684 4.532846 4.68242 4.836562 4.977553 5.1015 5.260558 5.446359 5.65474 5.890904 6.166592 6.441283 6.686002 6.893178 7.09576 7.253232 7.336783 7.411703 7.500179 7.588207 7.672893 7.764362 7.833489 7.919747 8.020437 8.136423 8.257805 8.327342 8.312874 8.193617 8.033342 7.833403 7.597014 7.367651 7.247844 7.277665 7.42087 7.609376 7.818465 8.02908 8.232584 8.372572 8.376612 8.36732 8.392071 8.494889 8.655061 8.855981 9.08764 9.314969 9.509345
3.896806 3.924701 3.958329 3.98689 3.990921 3.989409 3.98189 4.025066 4.136816 4.231996 4.345227 4.463772 4.593657 4.751594 4.912413 5.054969 5.218688 5.427111 5.663041 5.896562 6.148867 6.436954 6.722254 6.92712 7.107099 7.313649 7.443132 7.494831 7.537838 7.567595 7.581804 7.603454 7.641035 7.682583 7.755234 7.845616 7.971085 8.119693 8.232024 8.264048 8.172871 7.99839 7.768773 7.484608 7.177182 6.974937 6.949383 7.06497 7.232459 7.447577 7.676282 7.894021 8.025753 8.034983 8.013047 8.027356 8.119143 8.265001 8.477773 8.750014 9.03441 9.299144
3.762785 3.802752 3.859012 3.884749 3.916229 3.941352 3.952763 4.030275 4.139292 4.244676 4.358066 4.489304 4.631722 4.781529 4.954529 5.145527 5.340212 5.566225 5.808702 6.058157 6.338342 6.626435 6.897582 7.07496 7.237998 7.426789 7.548612 7.597022 7.631894 7.623673 7.580928 7.546649 7.526692 7.524158 7.556263 7.623535 7.761227 7.93821 8.100553 8.183591 8.153955 8.001531 7.755517 7.426208 7.049936 5.720961 5.163822 5.448765 6.806743 7.026252 7.269196 7.506471 7.627235 7.640296 7.614216 7.619862 7.703559 7.849572 8.073987 8.386262 8.720518 9.037065
3.687317 3.729458 3.774942 3.805978 3.859786 3.901417 3.920739 4.003693 4.112569 4.222868 4.338062 4.467393 4.620537 4.789248 4.969982 5.168714 5.379979 5.611825 5.842127 6.085085 6.353087 6.633478 6.893021 7.079237 7.246141 7.427689 7.566752 7.639857 7.686191 7.659846 7.573103 7.47966 7.396823 7.331211 7.313642 7.360129 7.509115 7.715979 7.924053 8.076593 8.134779 8.039695 7.803703 7.454059 7.035505 5.573333 4.92852 4.922514 5.25793 6.410413 6.747329 6.98477 7.132729 7.145435 7.118879 7.114208 7.18824 7.35322 7.613913 7.969119 8.344406 8.697724
1.70141E+38 1.70141E+38 1.70141E+38 1.70141E+38 1.70141E+38 1.70141E+38 1.70141E+38 1.70141E+38 1.70141E+38 1.70141E+38 1.70141E+38 1.70141E+38 1.70141E+38 1.70141E+38 1.70141E+38 1.70141E+38 1.70141E+38 1.70141E+38 1.70141E+38 1.70141E+38 1.70141E+38 1.70141E+38 1.70141E+38 1.70141E+38 1.70141E+38 1.70141E+38 1.70141E+38 1.70141E+38 1.70141E+38 1.70141E+38 1.70141E+38 1.70141E+38 1.70141E+38 1.70141E+38 1.70141E+38 1.70141E+38 1.70141E+38 1.70141E+38 1.70141E+38 1.70141E+38 1.70141E+38 1.70141E+38 1.70141E+38 1.70141E+38 1.70141E+38 1.70141E+38 1.70141E+38 1.70141E+38 1.70141E+38 1.70141E+38 1.70141E+38 1.70141E+38 1.70141E+38 1.70141E+38 1.70141E+38 1.70141E+38 1.70141E+38 1.70141E+38 1.70141E+38 1.70141E+38 1.70141E+38 1.70141E+38
1.70141E+38 1.70141E+38 1.70141E+38 1.70141E+38 1.70141E+38 1.70141E+38 1.70141E+38 1.70141E+38 1.70141E+38 1.70141E+38 1.70141E+38 1.70141E+38 1.70141E+38 1.70141E+38 1.70141E+38 1.70141E+38 1.70141E+38 1.70141E+38 1.70141E+38 1.70141E+38 1.70141E+38 1.70141E+38 1.70141E+38 1.70141E+38 1.70141E+38 1.70141E+38 1.70141E+38 1.70141E+38 1.70141E+38 1.70141E+38 1.70141E+38 1.70141E+38 1.70141E+38 1.70141E+38 1.70141E+38 1.70141E+38 1.70141E+38 1.70141E+38 1.70141E+38 1.70141E+38 1.70141E+38 1.70141E+38 1.70141E+38 1.70141E+38 1.70141E+38 1.70141E+38 1.70141E+38 1.70141E+38 1.70141E+38 1.70141E+38 1.70141E+38 1.70141E+38 1.70141E+38 1.70141E+38 1.70141E+38 1.70141E+38 1.70141E+38 1.70141E+38 1.70141E+38 1.70141E+38 1.70141E+38 1.70141E+38
1.70141E+38 1.70141E+38 1.70141E+38 1.70141E+38 1.70141E+38 1.70141E+38 1.70141E+38 1.70141E+38 1.70141E+38 1.70141E+38 1.70141E+38 1.70141E+38 1.70141E+38 1.70141E+38 1.70141E+38 1.70141E+38 1.70141E+38 1.70141E+38 1.70141E+38 1.70141E+38 1.70141E+38 1.70141E+38 1.70141E+38 1.70141E+38 1.70141E+38 1.70141E+38 1.70141E+38 1.70141E+38 1.70141E+38 1.70141E+38 1.70141E+38 1.70141E+38 1.70141E+38 1.70141E+38 1.70141E+38 1.70141E+38 1.70141E+38 1.70141E+38 1.70141E+38 1.70141E+38 1.70141E+38 1.70141E+38 1.70141E+38 1.70141E+38 1.70141E+38 1.70141E+38 1.70141E+38 1.70141E+38 1.70141E+38 1.70141E+38 1.70141E+38 1.70141E+38 1.70141E+38 1.70141E+38 1.70141E+38 1.70141E+38 1.70141E+38 1.70141E+38 1.70141E+38 1.70141E+38 1.70141E+38 1.70141E+38
1.70141E+38 1.70141E+38 1.70141E+38 1.70141E+38 1.70141E+38 1.70141E+38 1.70141E+38 1.70141E+38 1.70141E+38 1.70141E+38 1.70141E+38 1.70141E+38 1.70141E+38 1.70141E+38 1.70141E+38 1.70141E+38 1.70141E+38 1.70141E+38 1.70141E+38 1.70141E+38 1.70141E+38 1.70141E+38 1.70141E+38 1.70141E+38 1.70141E+38 1.70141E+38 1.70141E+38 1.70141E+38 1.70141E+38 1.70141E+38 1.70141E+38 1.70141E+38 1.70141E+38 1.70141E+38 1.70141E+38 1.70141E+38 1.70141E+38 1.70141E+38 1.70141E+38 1.70141E+38 1.70141E+38 1.70141E+38 1.70141E+38 1.70141E+38 1.70141E+38 1.70141E+38 1.70141E+38 1.70141E+38 1.70141E+38 1.70141E+38 1.70141E+38 1.70141E+38 1.70141E+38 1.70141E+38 1.70141E+38 1.70141E+38 1.70141E+38 1.70141E+38 1.70141E+38 1.70141E+38 1.70141E+38 1.70141E+38
1.70141E+38 1.70141E+38 1.70141E+38 1.70141E+38 1.70141E+38 1.70141E+38 1.70141E+38 1.70141E+38 1.70141E+38 1.70141E+38 1.70141E+38 1.70141E+38 1.70141E+38 1.70141E+38 1.70141E+38 1.70141E+38 1.70141E+38 1.70141E+38 1.70141E+38 1.70141E+38 1.70141E+38 1.70141E+38 1.70141E+38 1.70141E+38 1.70141E+38 1.70141E+38 1.70141E+38 1.70141E+38 1.70141E+38 1.70141E+38 1.70141E+38 1.70141E+38 1.70141E+38 1.70141E+38 1.70141E+38 1.70141E+38 1.70141E+38 1.70141E+38 1.70141E+38 1.70141E+38 1.70141E+38 1.70141E+38 1.70141E+38 1.70141E+38 1.70141E+38 1.70141E+38 1.70141E+38 1.70141E+38 1.70141E+38 1.70141E+38 1.70141E+38 1.70141E+38 1.70141E+38 1.70141E+38 1.70141E+38 1.70141E+38 1.70141E+38 1.70141E+38 1.70141E+38 1.70141E+38 1.70141E+38 1.70141E+38
1.70141E+38 1.70141E+38 1.70141E+38 1.70141E+38 1.70141E+38 1.70141E+38 1.70141E+38 1.70141E+38 1.70141E+38 1.70141E+38 1.70141E+38 1.70141E+38 1.70141E+38 1.70141E+38 1.70141E+38 1.70141E+38 1.70141E+38 1.70141E+38 1.70141E+38 1.70141E+38 1.70141E+38 1.70141E+38 1.70141E+38 1.70141E+38 1.70141E+38 1.70141E+38 1.70141E+38 1.70141E+38 1.70141E+38 1.70141E+38 1.70141E+38 1.70141E+38 1.70141E+38 1.70141E+38 1.70141E+38 1.70141E+38 1.70141E+38 1.70141E+38 1.70141E+38 1.70141E+38 1.70141E+38 1.70141E+38 1.70141E+38 1.70141E+38 1.70141E+38 1.70141E+38 1.70141E+38 1.70141E+38 1.70141E+38 1.70141E+38 1.70141E+38 1.70141E+38 1.70141E+38 1.70141E+38 1.70141E+38 1.70141E+38 1.70141E+38 1.70141E+38 1.70141E+38 1.70141E+38 1.70141E+38 1.70141E+38
1.70141E+38 1.70141E+38 1.70141E+38 1.70141E+38 1.70141E+38 1.70141E+38 1.70141E+38 1.70141E+38 1.70141E+38 1.70141E+38 1.70141E+38 1.70141E+38 1.70141E+38 1.70141E+38 1.70141E+38 1.70141E+38 1.70141E+38 1.70141E+38 1.70141E+38 1.70141E+38 1.70141E+38 1.70141E+38 1.70141E+38 1.70141E+38 1.70141E+38 1.70141E+38 1.70141E+38 1.70141E+38 1.70141E+38 1.70141E+38 1.70141E+38 1.70141E+38 1.70141E+38 1.70141E+38 1.70141E+38 1.70141E+38 1.70141E+38 1.70141E+38 1.70141E+38 1.70141E+38 1.70141E+38 1.70141E+38 1.70141E+38 1.70141E+38 1.70141E+38 1.70141E+38 1.70141E+38 1.70141E+38 1.70141E+38 1.70141E+38 1.70141E+38 1.70141E+38 1.70141E+38 1.70141E+38 1.70141E+38 1.70141E+38 1.70141E+38 1.70141E+38 1.70141E+38 1.70141E+38 1.70141E+38 1.70141E+38
1.70141E+38 1.70141E+38 1.70141E+38 1.70141E+38 1.70141E+38 1.70141E+38 1.70141E+38 1.70141E+38 1.70141E+38 1.70141E+38 1.70141E+38 1.70141E+38 1.70141E+38 1.70141E+38 1.70141E+38 1.70141E+38 1.70141E+38 1.70141E+38 1.70141E+38 1.70141E+38 1.70141E+38 1.70141E+38 1.70141E+38 1.70141E+38 1.70141E+38 1.70141E+38 1.70141E+38 1.70141E+38 1.70141E+38 1.70141E+38 1.70141E+38 1.70141E+38 1.70141E+38 1.70141E+38 1.70141E+38 1.70141E+38 1.70141E+38 1.70141E+38 1.70141E+38 1.70141E+38 1.70141E+38 1.70141E+38 1.70141E+38 1.70141E+38 1.70141E+38 1.70141E+38 1.70141E+38 1.70141E+38 1.70141E+38 1.70141E+38 1.70141E+38 1.70141E+38 1.70141E+38 1.70141E+38 1.70141E+38 1.70141E+38 1.70141E+38 1.70141E+38 1.70141E+38 1.70141E+38 1.70141E+38 1.70141E+38
