py_wake/examples/data/AJ_ParqueFicticio/Ridge area   Sector 5   Height 200m   Mean speed.grd
DSAA
90  129
 262878   265103
 6504214   6507414
 1.436983   9.798634
[rows 27 to 53 of 129, columns 0 to 61 of 90]
5.093644 5.125905 5.191654 5.256459 5.314292 5.366434 5.40374 5.419277 5.418515 5.391299 5.33047 5.247948 5.166401 5.102314 5.076207 5.085253 5.123739 5.182217 5.240652 5.308727 5.459876 5.643094 5.821246 6.014235 6.200288 6.405885 6.631937 6.884786 7.155239 7.39589 7.62384 7.835044 8.043407 8.24181 8.41328 8.592681 8.773379 8.948332 9.125913 9.256225 9.322719 9.339269 9.292662 9.188642 9.039148 8.853902 8.642013 8.366663 8.061934 7.758461 7.392754 7.047879 6.747965 6.469265 6.206964 5.961613 3.153652 5.487054 5.324073 5.149546 4.966604 4.747051
4.933535 4.970985 5.040291 5.111763 5.187907 5.268837 5.33926 5.397814 5.436882 5.433856 5.386395 5.312517 5.21857 5.124115 5.048141 5.009264 5.011445 5.040997 5.081477 5.131054 5.238993 5.370553 5.505947 5.678251 5.842423 6.026402 6.254339 6.509281 6.792111 7.063438 7.306772 7.531904 7.760958 7.982506 8.180111 8.380041 8.577426 8.776386 8.992318 9.174553 9.297138 9.37316 9.366606 9.269067 9.105971 8.89851 8.667469 8.388807 8.063862 7.74394 7.375215 7.018516 6.716043 6.436214 6.16573 5.91936 3.068594 3.113999 5.236125 5.060072 4.873465 4.643735
4.77537 4.819395 4.887822 4.957281 5.042589 5.143745 5.242797 5.343115 5.433598 5.475795 5.446729 5.364 5.270207 5.178687 5.089803 5.023072 4.988523 4.979108 4.977038 4.996807 5.064424 5.137504 5.212698 5.339137 5.470205 5.605224 5.825355 6.09916 6.404938 6.699927 6.962767 7.208972 7.4524 7.699147 7.922734 8.133234 8.353075 8.577214 8.823872 9.052454 9.232994 9.369309 9.416967 9.347931 9.186976 8.958765 8.695782 8.407702 8.068128 7.728038 7.354281 6.985196 6.68204 6.400277 6.106359 3.301593 3.06038 3.051109 5.065115 4.959302 4.772007 4.532457
4.615868 4.666244 4.733603 4.802516 4.893558 4.99999 5.110067 5.233732 5.368344 5.466163 5.457967 5.387333 5.302268 5.230984 5.165247 5.100929 5.048396 5.007387 4.964451 4.951255 5.001259 5.019709 5.039893 5.130491 5.216558 5.293822 5.498464 5.787059 6.086511 6.378604 6.652105 6.893037 7.117851 7.382581 7.644188 7.87987 8.115445 8.360799 8.630761 8.895353 9.129676 9.326569 9.439229 9.416357 9.282511 9.055672 8.754784 8.440557 8.084132 7.719629 7.339374 6.962456 6.660003 6.370215 6.046633 3.452955 3.115521 3.049965 5.030835 4.866733 4.66756 4.419705
4.443814 4.4954 4.561621 4.626254 4.719622 4.831931 4.949014 5.076613 5.219304 5.335777 5.361871 5.341309 5.299364 5.252983 5.21046 5.166303 5.118125 5.075018 5.045696 5.050961 5.076507 5.083861 5.105322 5.179284 5.238219 5.311771 5.486488 5.72318 5.95106 6.186054 6.416334 6.643249 6.872801 7.132742 7.395689 7.646046 7.891913 8.148719 8.431046 8.717942 8.99108 9.23292 9.403208 9.435658 9.342587 9.154158 8.846485 8.494026 8.123332 7.740452 7.35599 6.971629 6.662178 6.360718 4.61285 3.930833 3.445395 3.174414 5.071393 4.831634 4.598588 4.337749
4.281492 4.332668 4.397961 4.461125 4.554535 4.666341 4.782233 4.903678 5.035817 5.151047 5.205861 5.227473 5.232218 5.223609 5.205302 5.174662 5.139615 5.135394 5.16522 5.192618 5.211602 5.244634 5.289954 5.348288 5.411927 5.499155 5.636861 5.808305 5.963246 6.115666 6.287757 6.487916 6.707378 6.934225 7.172126 7.420587 7.675791 7.942899 8.234286 8.535596 8.839144 9.117273 9.324267 9.410929 9.354594 9.206746 8.936067 8.563433 8.181257 7.785754 7.393354 7.004287 6.682324 6.370585 6.021769 5.705914 5.530418 4.391951 3.234938 4.840423 4.560995 4.2759
4.127924 4.179397 4.244508 4.307327 4.403189 4.516155 4.630727 4.742577 4.857483 4.965874 5.045882 5.10221 5.140339 5.157173 5.152431 5.129604 5.110294 5.164787 5.259925 5.319222 5.362936 5.411972 5.46759 5.534272 5.600994 5.681488 5.809256 5.958428 6.067648 6.176304 6.282739 6.408171 6.588746 6.780689 6.983308 7.223244 7.483299 7.755796 8.052344 8.362267 8.689641 8.998115 9.227592 9.359646 9.340855 9.219237 8.998732 8.637761 8.246596 7.847789 7.454675 7.067822 6.727641 6.400318 6.068881 5.746222 5.532204 5.369308 5.162772 4.873086 4.562551 4.232488
3.983968 4.037847 4.104476 4.169268 4.274066 4.392472 4.508524 4.621242 4.727132 4.825541 4.919986 5.001889 5.063641 5.093202 5.087336 5.058995 5.068071 5.168391 5.295935 5.404028 5.47441 5.535839 5.616245 5.695743 5.765398 5.859471 5.998136 6.154115 6.290735 6.39322 6.45087 6.526547 6.645434 6.776495 6.944053 7.156814 7.379973 7.644851 7.930663 8.235672 8.573547 8.894413 9.132329 9.295751 9.312904 9.210543 9.023144 8.709152 8.330326 7.949149 7.559231 7.169381 6.808374 6.462471 6.149666 5.856409 5.599762 5.392162 5.177534 4.887657 4.565251 4.163629
3.868185 3.919134 3.977153 4.037726 4.157103 4.287992 4.415431 4.538068 4.650013 4.753558 4.854885 4.945406 5.018665 5.053482 5.048664 5.027095 5.06693 5.174507 5.298171 5.411797 5.509522 5.609663 5.71809 5.825165 5.933434 6.071069 6.23203 6.423368 6.593272 6.699587 6.77416 6.832366 6.899239 6.981088 7.111184 7.256453 7.436564 7.660091 7.910293 8.185969 8.507713 8.820238 9.055414 9.236234 9.281764 9.195651 9.020815 8.757306 8.413381 8.056275 7.696928 7.317938 6.950043 6.601736 6.282084 5.973865 5.69296 5.45426 5.19114 4.892568 4.548212 3.962704
3.785422 3.813884 3.852151 3.899684 4.036251 4.182552 4.325029 4.459641 4.584211 4.700903 4.808949 4.908413 4.997192 5.03975 5.046956 5.058505 5.101729 5.187637 5.294178 5.397396 5.505849 5.634012 5.765749 5.924057 6.09349 6.276123 6.48713 6.720192 6.921031 7.043678 7.130813 7.17815 7.223152 7.278065 7.365683 7.466865 7.595357 7.763387 7.965266 8.207472 8.494593 8.779301 9.002758 9.185995 9.261921 9.186468 9.017826 8.774947 8.487881 8.161954 7.837988 7.490267 7.121818 6.769674 6.439213 6.120389 5.806869 5.510722 5.222588 4.8997 4.400718 3.563148
3.730676 3.71706 3.725094 3.756103 3.906728 4.06636 4.220947 4.365195 4.50386 4.638668 4.759019 4.87987 4.990623 5.048118 5.079928 5.110046 5.147618 5.20858 5.291542 5.381522 5.508385 5.642544 5.802265 5.998322 6.219533 6.45271 6.700792 6.971583 7.22102 7.367979 7.455654 7.52073 7.553966 7.599328 7.648455 7.715602 7.801561 7.917025 8.063676 8.265309 8.521978 8.778348 8.986523 9.151333 9.251938 9.195011 9.035774 8.795161 8.539392 8.25259 7.949143 7.639251 7.292676 6.937235 6.597576 6.280152 5.954818 5.595272 5.263418 4.920921 4.09211 4.078024
3.719802 3.629961 3.596819 3.618641 3.771927 3.932683 4.092543 4.243496 4.388298 4.540129 4.683765 4.843098 4.983953 5.076372 5.118162 5.150422 5.197198 5.265615 5.320034 5.407569 5.542368 5.693019 5.862131 6.070971 6.317435 6.584294 6.861899 7.1512 7.424345 7.613715 7.733142 7.822832 7.873767 7.907604 7.938942 7.982741 8.031873 8.103115 8.214036 8.382193 8.604578 8.830429 9.017256 9.15571 9.24801 9.208628 9.066459 8.843182 8.589422 8.32172 8.046448 7.750049 7.421776 7.076478 6.726416 6.410403 6.072054 5.673437 5.306112 4.950812 4.539339 4.067959
3.723501 3.56989 3.488149 3.507439 3.634584 3.78141 3.940909 4.098558 4.256516 4.418415 4.580822 4.768008 4.937301 5.060234 5.13281 5.18467 5.258428 5.334087 5.417895 5.50828 5.618883 5.756649 5.933819 6.165132 6.416205 6.688419 6.980235 7.274827 7.554448 7.779564 7.939435 8.060563 8.143461 8.197458 8.232485 8.257147 8.290212 8.336448 8.417564 8.554422 8.737719 8.92776 9.079628 9.193756 9.263593 9.226505 9.088715 8.888813 8.649679 8.383224 8.124934 7.848197 7.519613 7.168156 6.814394 6.489826 6.123463 5.728953 5.349988 4.966024 4.537462 4.046373
3.743979 3.544668 3.419159 3.414545 3.491206 3.609796 3.760701 3.917239 4.083955 4.261292 4.450906 4.662856 4.853549 4.994691 5.107993 5.218502 5.306632 5.409695 5.528653 5.62267 5.716111 5.827973 6.001356 6.24056 6.505826 6.793516 7.077557 7.366681 7.658067 7.899197 8.092568 8.246197 8.361693 8.433884 8.500268 8.530129 8.544979 8.576417 8.638967 8.746417 8.896849 9.050792 9.167617 9.259929 9.311382 9.271571 9.133273 8.931768 8.696732 8.438536 8.182563 7.926809 7.607636 7.236139 6.872179 6.546487 6.152448 5.745118 5.371512 4.977993 4.534726 4.085031
3.79716 3.555887 3.381469 3.311406 3.331769 3.417044 3.556575 3.707264 3.878178 4.066973 4.277174 4.507609 4.715042 4.889979 5.047512 5.195752 5.331553 5.457331 5.602643 5.709972 5.782176 5.892989 6.060489 6.299738 6.554874 6.842747 7.131571 7.429973 7.717579 7.973837 8.182653 8.361248 8.505251 8.597292 8.681049 8.756021 8.789539 8.806105 8.850045 8.934555 9.057765 9.194798 9.289215 9.352112 9.380115 9.33405 9.204211 8.998358 8.746666 8.48876 8.225876 7.9648 7.670897 7.301608 6.914976 6.563022 6.160253 5.736383 5.350564 4.968997 4.561182 4.188643
3.879694 3.592297 3.348355 3.191536 3.155294 3.211467 3.336622 3.476589 3.645331 3.834667 4.058286 4.302915 4.525196 4.722258 4.90699 5.089254 5.267609 5.441758 5.602768 5.727798 5.837618 5.939718 6.084941 6.299291 6.544412 6.811464 7.085926 7.386172 7.696728 7.965758 8.183245 8.386513 8.543982 8.665995 8.777719 8.880563 8.940144 8.97351 9.018089 9.090732 9.203302 9.322539 9.397446 9.43688 9.446985 9.386064 9.254989 9.068563 8.812884 8.533762 8.252142 7.970784 7.687131 7.340733 6.942777 6.562416 6.156068 5.715191 5.307297 4.944729 4.586912 4.329599
3.961943 3.629226 3.327415 3.100494 2.987486 3.006599 3.104222 3.219949 3.382014 3.569736 3.797526 4.051404 4.288853 4.514151 4.724413 4.924859 5.122404 5.329559 5.537565 5.715151 5.848312 5.951902 6.082494 6.260465 6.473602 6.716486 6.969723 7.260894 7.588916 7.870123 8.101447 8.322611 8.495744 8.654188 8.797316 8.918966 9.011468 9.078918 9.146564 9.229876 9.328618 9.432206 9.50191 9.530398 9.52606 9.449001 9.305118 9.114586 8.872876 8.574631 8.268995 7.966167 7.667917 7.330465 6.932301 6.529041 6.124141 5.69648 5.275401 4.924013 4.659003 4.530813
4.095409 3.714981 3.357352 3.077655 2.899426 2.838646 2.86634 2.93725 3.084747 3.273171 3.499805 3.753531 4.006396 4.256391 4.497344 4.727651 4.932926 5.150441 5.393236 5.632508 5.803709 5.940187 6.075063 6.217788 6.400988 6.609508 6.829621 7.113018 7.45586 7.74558 7.977051 8.204129 8.391293 8.578074 8.749207 8.892232 9.01908 9.131328 9.229532 9.325826 9.429774 9.534971 9.607709 9.631127 9.619711 9.530741 9.36755 9.15855 8.916226 8.616073 8.28654 7.961957 7.640351 7.299454 6.902363 6.473264 6.059949 5.645471 5.262642 4.95805 4.774475 4.730714
4.278785 3.86819 3.470528 3.140679 2.888828 2.715368 2.647364 2.660015 2.776506 2.949751 3.170044 3.425074 3.682525 3.947622 4.211988 4.469896 4.679986 4.886783 5.140114 5.409005 5.610422 5.787519 5.962013 6.094589 6.255785 6.439703 6.635793 6.907586 7.2679 7.576546 7.800159 8.029346 8.231214 8.43798 8.635225 8.799785 8.95442 9.108893 9.244854 9.364141 9.49009 9.612198 9.701444 9.728701 9.714002 9.628633 9.461152 9.223804 8.95396 8.651173 8.301392 7.955033 7.610217 7.252679 6.846758 6.389502 5.964058 5.562708 5.225868 4.989612 4.899822 4.967922
4.488531 4.038459 3.590998 3.201356 2.878058 2.612655 2.447898 2.396982 2.473001 2.612811 2.797235 3.026331 3.266277 3.520204 3.7933 4.06196 4.281834 4.489227 4.729608 4.97807 5.190546 5.386033 5.56239 5.703899 5.864889 6.068521 6.286118 6.553633 6.917311 7.27597 7.534173 7.780734 8.008731 8.231128 8.45226 8.640231 8.813625 8.999095 9.170357 9.31884 9.472194 9.62324 9.736986 9.78299 9.771988 9.69458 9.546867 9.31566 9.008192 8.680303 8.313813 7.945153 7.578221 7.196111 6.770961 6.304488 5.887981 5.489369 5.164016 4.994701 5.00647 5.152003
4.701101 4.234983 3.75147 3.294859 2.899572 2.570989 2.330948 2.206811 2.220308 2.296733 2.421029 2.597942 2.793205 3.034963 3.29102 3.537476 3.761122 3.97185 4.204026 4.434818 4.63172 4.814711 4.971974 5.101481 5.2624 5.480623 5.73843 6.035509 6.4105 6.81426 7.151595 7.44359 7.720186 7.969652 8.208742 8.426831 8.622182 8.830513 9.034098 9.209866 9.391251 9.571432 9.712909 9.788675 9.798634 9.727511 9.592773 9.397714 9.084312 8.717004 8.326513 7.930882 7.545734 7.144581 6.703444 6.250107 5.840354 5.459216 5.149424 5.047445 5.152708 5.382628
4.927528 4.465724 3.976974 3.48448 3.0266 2.645543 2.353858 2.155176 2.060203 2.04354 2.091893 2.205135 2.334936 2.525813 2.766984 3.003847 3.208545 3.418633 3.645624 3.859818 4.034172 4.184736 4.313289 4.414251 4.527833 4.736294 5.033231 5.381672 5.78656 6.224241 6.650712 7.032011 7.364483 7.662692 7.929399 8.177181 8.403213 8.631428 8.867494 9.077209 9.284232 9.490863 9.657813 9.758625 9.797176 9.737988 9.605393 9.432053 9.160069 8.766069 8.343421 7.918317 7.511215 7.092196 6.636842 6.198999 5.796127 5.438349 5.195984 5.151093 5.329343 5.620276
5.174729 4.727323 4.234509 3.711088 3.223575 2.804893 2.469194 2.202058 2.005746 1.897222 1.870186 1.905962 1.957122 2.073556 2.27903 2.475655 2.673314 2.860128 3.059026 3.258033 3.420779 3.538408 3.63276 3.714443 3.790394 3.934173 4.221529 4.589047 5.016376 5.510236 6.015705 6.497298 6.917829 7.2921 7.612102 7.890105 8.151263 8.408398 8.674312 8.920774 9.151691 9.384674 9.580003 9.704865 9.770606 9.728769 9.596507 9.42047 9.189451 8.813951 8.361101 7.906553 7.473532 7.039311 6.561076 6.128117 5.761448 5.441198 5.235004 5.243749 5.484041 5.827762
5.433877 5.005824 4.511312 3.984638 3.475543 3.010344 2.62114 2.29583 2.046381 1.891442 1.821906 1.794978 1.784516 1.822068 1.930841 2.039541 2.191895 2.336129 2.484203 2.65359 2.810774 2.924099 2.99487 3.088084 3.17325 3.279652 3.512415 3.845341 4.268103 4.760058 5.26607 5.817091 6.355258 6.834349 7.224968 7.54893 7.853358 8.156226 8.453371 8.738956 8.991188 9.252486 9.47886 9.633165 9.727049 9.705531 9.575778 9.39144 9.164315 8.834907 8.372666 7.893195 7.437037 6.994462 6.50636 6.075493 5.747828 5.475719 5.319252 5.390392 5.68805 6.072148
5.694741 5.308788 4.836887 4.310066 3.778665 3.285908 2.863098 2.495556 2.205671 2.007066 1.896833 1.844643 1.818828 1.783225 1.758257 1.751328 1.799229 1.894608 1.982879 2.101837 2.250138 2.365907 2.466994 2.575531 2.697416 2.82029 2.985959 3.284425 3.605755 4.001489 4.515219 5.083355 5.713231 6.290513 6.744451 7.123992 7.510841 7.871282 8.205699 8.523463 8.803737 9.093527 9.354184 9.545212 9.674839 9.679672 9.554633 9.360619 9.12466 8.825808 8.384834 7.885925 7.411281 6.962592 6.496773 6.079505 5.777313 5.55997 5.470808 5.591355 5.892889 6.257234
5.940898 5.596803 5.173508 4.670503 4.122548 3.609067 3.139738 2.742839 2.412472 2.16377 2.021795 1.975243 1.949315 1.866024 1.73419 1.602396 1.542706 1.579218 1.616805 1.677046 1.801294 1.935813 2.075349 2.22633 2.377372 2.498503 2.631083 2.85781 3.103194 3.401985 3.87764 4.415751 5.068043 5.712144 6.243279 6.70096 7.159809 7.576022 7.945021 8.286846 8.600099 8.914774 9.206644 9.43881 9.614265 9.658704 9.551537 9.349455 9.103261 8.807493 8.398534 7.893183 7.405647 6.946211 6.500469 6.129642 5.855475 5.668291 5.599079 5.739472 6.053888 6.409444
6.174716 5.855966 5.462476 4.981188 4.457908 3.934763 3.444647 3.04468 2.689476 2.405523 2.259311 2.20839 2.162946 2.027843 1.831716 1.608315 1.478415 1.453769 1.436983 1.447124 1.549034 1.702016 1.883236 2.087049 2.274111 2.409029 2.542618 2.761496 2.95225 3.165695 3.590339 4.065623 4.672505 5.337807 5.921627 6.43148 6.902274 7.323587 7.710311 8.08031 8.418768 8.74645 9.052398 9.317367 9.536807 9.632354 9.564947 9.373167 9.119149 8.806064 8.424662 7.941127 7.45108 6.988791 6.538573 6.184098 5.960313 5.814343 5.761004 5.900674 6.193593 6.517759
