py_wake/examples/data/AJ_ParqueFicticio/Ridge area   Sector 3   Height 30m   Orographic turn.grd
DSAA
90  129
 262878   265103
 6504214   6507414
-11.44209   89.19561
[rows 27 to 53 of 129, columns 0 to 60 of 90]
-1.18136 -1.162559 -1.034357 -.869509 -.6596545 -.4187697 -.1743392 .050513 .2433357 .34183 .3480426 .3357653 .400582 .593011 .9534649 1.439447 1.996161 2.534582 2.95614 3.255887 3.620376 3.9304 4.199484 4.469424 4.72273 5.073026 5.520922 6.08923 6.767414 7.335639 7.890184 8.369994 8.827877 9.250257 9.586019 9.922782 10.23079 10.54722 10.79627 10.93921 11.0023 10.90358 10.5501 10.0048 9.427481 8.858529 8.280797 7.636068 7.00872 6.580592 6.002696 5.550917 5.197401 4.971282 4.710872 4.586983 4.465101 4.470213 4.683081 5.331838 6.598249
-1.260458 -1.271623 -1.163597 -1.010345 -.7892739 -.5099878 -.2102389 .1003986 .3952943 .5654887 .6254032 .6785967 .7784101 .970081 1.288842 1.752205 2.349252 2.974966 3.545105 4.014317 4.473807 4.827343 5.095791 5.362862 5.56535 5.837152 6.226824 6.713578 7.309727 7.870345 8.393382 8.873622 9.350444 9.818075 10.17948 10.54596 10.89515 11.24341 11.56207 11.7682 11.83896 11.74693 11.35086 10.75013 10.14823 9.515327 8.863805 8.24803 7.604389 7.12023 6.609346 6.165789 5.856016 5.646741 5.357925 5.155196 4.982344 4.85715 4.837024 5.19663 6.060376
-1.417812 -1.458152 -1.383498 -1.257058 -1.036605 -.7327508 -.3937535 -.01379231 .4029162 .6936436 .8554887 .9625342 1.12059 1.366208 1.697572 2.157654 2.772064 3.476105 4.166636 4.813851 5.41885 5.870161 6.195259 6.493032 6.691494 6.881891 7.210349 7.624218 8.126412 8.630922 9.090767 9.527477 9.982274 10.44424 10.82191 11.19083 11.56082 11.91119 12.25366 12.47995 12.55544 12.44356 12.01346 11.39975 10.81266 10.14372 9.420351 8.814857 8.169331 7.637037 7.201341 6.75205 6.465333 6.224859 5.868918 5.553586 5.405907 5.236678 5.030641 5.130141 5.678269
-1.604259 -1.675701 -1.645491 -1.555423 -1.34244 -1.03463 -.6774266 -.2457972 .2747735 .7202602 .9792869 1.162554 1.374682 1.678242 2.067675 2.552303 3.193166 3.957255 4.738852 5.522357 6.313107 6.904038 7.352529 7.747221 7.987932 8.149657 8.420211 8.748972 9.129112 9.535736 9.932736 10.31026 10.69181 11.10055 11.4608 11.79312 12.14219 12.4654 12.7752 12.98077 13.0336 12.84709 12.42072 11.88925 11.34354 10.73074 9.996756 9.35829 8.751671 8.195168 7.77243 7.245832 6.869834 6.539164 6.1156 5.673383 5.491999 5.312513 5.041819 4.91555 5.267705
-1.787653 -1.893334 -1.909041 -1.865372 -1.667956 -1.356896 -.9801536 -.5118882 .0511031 .5972521 .9419759 1.227936 1.51472 1.855397 2.27775 2.798463 3.464725 4.270712 5.137185 6.039202 6.931935 7.678886 8.302617 8.832177 9.172481 9.418401 9.682502 9.938559 10.19167 10.46953 10.7612 11.05191 11.33765 11.66249 11.98085 12.27243 12.57194 12.85358 13.11306 13.29055 13.34138 13.138 12.82663 12.41574 11.89072 11.35998 10.70537 9.994961 9.390062 8.765226 8.235191 7.587664 7.028465 6.51316 5.99586 5.39319 5.037798 4.756967 4.512151 4.390432 4.707728
-1.956169 -2.100871 -2.164086 -2.159711 -1.979627 -1.677191 -1.296929 -.8203127 -.2599662 .3335017 .7497518 1.115885 1.469404 1.850944 2.291081 2.818111 3.485466 4.334631 5.280068 6.240682 7.196344 8.10126 8.909877 9.592319 10.09779 10.48162 10.79247 11.0234 11.19345 11.34906 11.51768 11.70892 11.90661 12.15206 12.42085 12.6734 12.92199 13.15663 13.36928 13.53385 13.59604 13.42539 13.23813 12.95158 12.44788 11.97852 11.41702 10.67573 10.01294 9.342571 8.687435 7.91374 7.137272 6.403464 5.776678 5.06123 4.454133 4.029802 3.77621 3.729036 4.142336
-2.111003 -2.301535 -2.416655 -2.448651 -2.286749 -2.001099 -1.631898 -1.178476 -.6621449 -.08969378 .3688112 .7922094 1.199775 1.613436 2.059776 2.572093 3.221694 4.082881 5.06305 6.042822 7.056904 8.072724 9.032753 9.885467 10.58197 11.13036 11.544 11.82167 11.97431 12.05854 12.14693 12.25732 12.3783 12.55143 12.75785 12.95236 13.15721 13.36259 13.55421 13.72531 13.79058 13.65223 13.53805 13.36102 12.90124 12.46925 11.97875 11.26979 10.58162 9.872263 9.06928 8.155531 7.188673 6.291084 5.493575 4.643739 3.867388 3.375928 3.142049 3.16634 3.696212
-2.286812 -2.542687 -2.723555 -2.797133 -2.651545 -2.38891 -2.046986 -1.628837 -1.161258 -.6429874 -.1705999 .2868348 .7224922 1.139744 1.567461 2.042906 2.664178 3.503816 4.452018 5.439568 6.471456 7.539711 8.605874 9.600718 10.47113 11.18432 11.72457 12.08236 12.24311 12.31457 12.38232 12.43592 12.50714 12.62965 12.76787 12.9065 13.10107 13.29037 13.49392 13.70377 13.78251 13.72163 13.67038 13.57103 13.15308 12.72728 12.20648 11.57949 10.83395 10.0547 9.203437 8.191919 7.134181 6.131533 5.177729 4.207742 3.428605 2.997281 2.846517 2.995061 3.636685
-2.513287 -2.866703 -3.137492 -3.274291 -3.149744 -2.92122 -2.615955 -2.242253 -1.817246 -1.340811 -.8576978 -.3713593 .08351594 .4896721 .8864141 1.312901 1.895428 2.669509 3.541737 4.478178 5.478497 6.543519 7.643726 8.710896 9.682323 10.51777 11.18229 11.63744 11.86145 11.9705 12.05016 12.0977 12.17488 12.25956 12.35306 12.47216 12.64387 12.83442 13.07734 13.36728 13.53342 13.57807 13.58628 13.54052 13.15799 12.67704 12.09741 11.47266 10.78068 9.936213 9.016777 7.948418 6.795905 5.706422 4.739956 3.86232 3.163185 2.826754 2.834689 3.181569 4.017324
-2.76926 -3.268588 -3.655012 -3.885523 -3.786221 -3.595071 -3.319961 -2.981644 -2.573819 -2.109634 -1.611611 -1.10294 -.6321074 -.2474995 .1149822 .5145735 1.044662 1.707017 2.46606 3.296157 4.198893 5.204344 6.271411 7.347643 8.363119 9.274335 10.02734 10.59506 10.92989 11.12046 11.28425 11.40274 11.50823 11.58584 11.6726 11.7796 11.94537 12.16105 12.4668 12.81787 13.09865 13.25156 13.29488 13.23606 12.87278 12.31475 11.74702 11.11644 10.41273 9.52562 8.536119 7.490189 6.314762 5.194806 4.284929 3.541277 3.009453 2.791437 3.000041 3.601956 4.674671
-2.997358 -3.695369 -4.236242 -4.59746 -4.547384 -4.404143 -4.158773 -3.854926 -3.462893 -3.000911 -2.487631 -1.94828 -1.44863 -1.063455 -.7069944 -.3126535 .1661724 .7135944 1.323233 1.989576 2.749717 3.626963 4.610395 5.656419 6.697488 7.662416 8.506454 9.191113 9.649681 9.965835 10.24179 10.45356 10.59726 10.71308 10.83992 10.98242 11.14964 11.42109 11.80652 12.22168 12.54662 12.71955 12.747 12.6275 12.29854 11.66883 11.20829 10.5853 9.851914 8.960917 8.001554 6.927504 5.790987 4.691337 3.854104 3.250993 2.921352 2.878357 3.336793 4.215459 5.545503
-3.092242 -4.050446 -4.808981 -5.338339 -5.387817 -5.313091 -5.106314 -4.830073 -4.460033 -4.001793 -3.488157 -2.913779 -2.393581 -1.966214 -1.602598 -1.220093 -.792309 -.3157444 .1436511 .6418836 1.246091 1.974107 2.851105 3.826478 4.876955 5.888414 6.821901 7.635438 8.253137 8.684083 9.029642 9.326679 9.528344 9.731379 9.91119 10.09789 10.32301 10.63374 11.03781 11.45152 11.78004 11.9305 11.93071 11.81945 11.5481 10.99862 10.56135 9.994427 9.239332 8.325335 7.412058 6.38712 5.294216 4.271849 3.545347 3.086708 2.962797 3.204159 3.93777 5.068887 6.669057
-2.94555 -4.204951 -5.246209 -5.963926 -6.211027 -6.259274 -6.138201 -5.923306 -5.58714 -5.144899 -4.618383 -4.006025 -3.458705 -2.999376 -2.618306 -2.249346 -1.844109 -1.411035 -1.011705 -.6202451 -.1574126 .4347829 1.193948 2.091559 3.101931 4.13002 5.142464 6.066095 6.835616 7.378623 7.798069 8.161826 8.410027 8.665164 8.925447 9.168931 9.420781 9.741146 10.1511 10.56617 10.90878 11.07981 11.12951 11.0828 10.87695 10.45557 9.981084 9.333593 8.555672 7.69373 6.79079 5.866571 4.884527 3.962453 3.376616 3.103521 3.207657 3.714309 4.732419 6.168192 8.053968
-2.627562 -4.156894 -5.48244 -6.401412 -6.902933 -7.09713 -7.085632 -6.957956 -6.684973 -6.28934 -5.770445 -5.152476 -4.587229 -4.124342 -3.719017 -3.304816 -2.919196 -2.482225 -2.054165 -1.696376 -1.32804 -.8740825 -.2235131 .6026832 1.554104 2.56272 3.594171 4.572959 5.457413 6.087945 6.595966 7.008485 7.331465 7.639791 7.988338 8.291814 8.575512 8.905978 9.316159 9.742903 10.11857 10.34376 10.41381 10.38523 10.179 9.809136 9.334235 8.69595 7.923276 7.110891 6.207236 5.312403 4.536931 3.79325 3.314551 3.21668 3.560634 4.365087 5.633274 7.388094 9.576102
-2.211358 -3.916236 -5.459583 -6.614901 -7.373366 -7.75284 -7.881687 -7.870803 -7.679239 -7.335762 -6.826323 -6.216971 -5.663945 -5.200013 -4.773753 -4.34167 -3.909014 -3.450052 -2.960635 -2.589272 -2.3062 -1.915254 -1.346907 -.5584568 .3209437 1.309236 2.30924 3.310705 4.258531 4.961637 5.55888 6.030417 6.443525 6.829098 7.230263 7.549534 7.845249 8.232581 8.671997 9.105405 9.468837 9.64723 9.683768 9.693654 9.543937 9.177015 8.699224 8.175479 7.399995 6.557771 5.689986 4.86792 4.233108 3.698679 3.333989 3.411419 4.016802 5.140375 6.686888 8.67165 10.95922
-1.649472 -3.466771 -5.181108 -6.602108 -7.619228 -8.1957 -8.462328 -8.562226 -8.446566 -8.183767 -7.70984 -7.122656 -6.576101 -6.089919 -5.631224 -5.175786 -4.705366 -4.1933 -3.686902 -3.301417 -2.968585 -2.614272 -2.114433 -1.384625 -.5518378 .379256 1.34428 2.358862 3.345855 4.134513 4.797973 5.355975 5.856456 6.313628 6.729592 7.101467 7.484239 7.911608 8.3316 8.728086 9.013567 9.227309 9.346883 9.373714 9.200503 8.806252 8.315454 7.72823 7.000046 6.142203 5.33251 4.594208 4.000609 3.635392 3.44184 3.693173 4.513065 5.972084 7.820494 9.907776 12.12756
-.9446843 -2.843411 -4.68623 -6.310712 -7.607352 -8.381656 -8.788472 -9.008879 -8.951234 -8.741368 -8.302044 -7.74688 -7.229462 -6.735728 -6.275472 -5.837912 -5.383692 -4.841115 -4.252686 -3.755843 -3.363142 -3.016666 -2.554901 -1.895592 -1.110559 -.222798 .6896365 1.704719 2.753282 3.594204 4.299809 4.942567 5.487339 6.000662 6.447493 6.887183 7.316678 7.730063 8.111704 8.46286 8.797862 9.101111 9.224163 9.195302 8.991849 8.571436 8.063439 7.450422 6.729346 5.898502 5.094769 4.393505 3.831386 3.582253 3.568093 3.962912 4.950985 6.599123 8.755184 10.85883 12.46422
-.2475607 -2.202786 -4.129203 -5.880694 -7.364448 -8.357354 -8.932585 -9.263676 -9.233397 -9.040223 -8.641686 -8.139273 -7.631403 -7.114536 -6.615797 -6.143385 -5.728531 -5.216933 -4.579898 -3.93965 -3.486901 -3.079392 -2.622039 -2.07551 -1.363384 -.561552 .2504189 1.24304 2.356238 3.240208 3.979284 4.685369 5.26335 5.829567 6.326553 6.793087 7.23836 7.630876 7.979594 8.349194 8.727114 9.032449 9.133233 9.047449 8.809524 8.415145 7.938151 7.30378 6.54879 5.738589 4.887291 4.170728 3.613369 3.380142 3.501923 4.062381 5.267211 7.060785 9.127519 10.92488 11.74788
.4585003 -1.500095 -3.446696 -5.2752 -6.851346 -8.084985 -8.862598 -9.296431 -9.284778 -9.097597 -8.71172 -8.229791 -7.751816 -7.231879 -6.698527 -6.160217 -5.757387 -5.302299 -4.648318 -3.927138 -3.423204 -2.937522 -2.389358 -1.913365 -1.288702 -.5833507 .1282835 1.062367 2.21414 3.162704 3.89809 4.640003 5.240608 5.831594 6.36383 6.833973 7.28553 7.682104 8.018468 8.369493 8.716646 8.966005 9.008268 8.902522 8.698929 8.346697 7.92953 7.306627 6.487078 5.607788 4.701037 3.89631 3.296304 3.025732 3.241257 3.992443 5.397687 7.236589 8.994985 10.15202 9.909337
1.167561 -.699419 -2.574668 -4.434577 -6.098955 -7.537329 -8.529085 -9.068201 -9.062633 -8.856499 -8.487746 -8.029277 -7.572747 -7.086075 -6.546667 -5.998796 -5.592682 -5.131808 -4.491511 -3.804894 -3.251448 -2.711962 -2.19084 -1.741489 -1.16779 -.4440056 .2889168 1.160267 2.267554 3.313996 4.069155 4.814582 5.434503 6.024965 6.583174 7.058889 7.51346 7.932127 8.280416 8.605257 8.903848 9.091516 9.13363 9.08559 8.912368 8.554749 8.080322 7.473223 6.535518 5.526053 4.509007 3.551741 2.859083 2.50962 2.693771 3.505764 4.818309 6.698616 8.353345 8.66339 7.056862
1.846619 .1017696 -1.704057 -3.570604 -5.273313 -6.774332 -7.909791 -8.568951 -8.606865 -8.399683 -8.036458 -7.610734 -7.228803 -6.718352 -6.185163 -5.681471 -5.251509 -4.789865 -4.162681 -3.485795 -2.915287 -2.369231 -1.857334 -1.429496 -.8802583 -.164806 .5986956 1.452618 2.497206 3.573821 4.398259 5.136746 5.789732 6.368305 6.932593 7.413137 7.848498 8.277783 8.638469 8.937969 9.221807 9.393853 9.459695 9.422909 9.214044 8.842835 8.297379 7.636473 6.655912 5.471888 4.308148 3.189744 2.318281 1.799719 1.788822 2.379669 3.522351 5.163284 6.55275 5.823737 3.213209
2.39694 .8007968 -.9199873 -2.724856 -4.460336 -5.986186 -7.140482 -7.846861 -8.009095 -7.817268 -7.43037 -6.983658 -6.690683 -6.268256 -5.771651 -5.280479 -4.872891 -4.402143 -3.760922 -3.076247 -2.484379 -1.921743 -1.393468 -.9634095 -.5048704 .1686882 .9663902 1.832076 2.813639 3.85263 4.744411 5.506011 6.183545 6.7592 7.293798 7.772881 8.178106 8.588343 8.943413 9.210562 9.488116 9.668675 9.756813 9.735851 9.532799 9.101925 8.487488 7.726405 6.757066 5.484454 4.157918 2.880616 1.798942 1.0655 .7739884 1.011721 1.884003 3.012047 3.37763 1.996163 -.7562082
2.807796 1.389492 -.212425 -1.929414 -3.582767 -5.058259 -6.197594 -6.989058 -7.297037 -7.121772 -6.676275 -6.196837 -5.98305 -5.703963 -5.292374 -4.883573 -4.44622 -3.985242 -3.369686 -2.666477 -2.014565 -1.445159 -.906817 -.4347529 .01253227 .587814 1.356409 2.19584 3.117291 4.114212 5.04064 5.854303 6.550771 7.138963 7.634237 8.098058 8.482607 8.836145 9.168892 9.412698 9.691915 9.894483 9.997257 9.983975 9.791393 9.298356 8.6053 7.803289 6.818808 5.59222 4.128572 2.710407 1.436844 .4735902 -.08228821 -.2071941 .0682216 .4587878 .1832629 -1.539071 -3.882685
3.096196 1.853558 .3851951 -1.232265 -2.842059 -4.286991 -5.406659 -6.180142 -6.511715 -6.33548 -5.818797 -5.305835 -5.110828 -4.985748 -4.750537 -4.499897 -4.062426 -3.614546 -3.053713 -2.346681 -1.627803 -1.007841 -.4564297 .08581654 .5614794 1.07297 1.771309 2.543075 3.405782 4.337123 5.226305 6.070145 6.802423 7.420187 7.917023 8.359504 8.726562 9.012239 9.303873 9.527635 9.789176 10.01815 10.13596 10.13713 9.956087 9.422192 8.665643 7.853394 6.880219 5.7396 4.242903 2.701405 1.277796 .1004502 -.731018 -1.223201 -1.530357 -1.834948 -2.649489 -4.329634 -5.909264
3.245261 2.134405 .8140946 -.7063933 -2.241201 -3.599021 -4.690671 -5.411811 -5.7215 -5.523717 -4.945159 -4.377587 -4.154151 -4.175787 -4.176986 -4.111194 -3.76521 -3.293666 -2.781265 -2.104269 -1.355977 -.6703832 -.06025453 .5154343 1.042857 1.569474 2.188831 2.926818 3.671916 4.494248 5.331616 6.147597 6.899183 7.550774 8.079833 8.524172 8.849108 9.09545 9.33832 9.55232 9.771926 9.996079 10.12587 10.15082 9.985967 9.444125 8.697712 7.90243 6.949235 5.852528 4.420806 2.806073 1.280068 -.07143702 -1.188794 -1.999529 -2.716431 -3.515585 -4.587588 -5.814651 -6.6483
3.341176 2.338327 1.146748 -.3042165 -1.728247 -3.038609 -4.069395 -4.665674 -4.935795 -4.706726 -4.085075 -3.48259 -3.28134 -3.382774 -3.552217 -3.688715 -3.521086 -3.086074 -2.614954 -1.98348 -1.205341 -.4448535 .2463161 .8956283 1.469496 2.005951 2.594462 3.274094 3.932705 4.649179 5.400705 6.131319 6.842378 7.479296 8.006012 8.441018 8.767887 9.016685 9.240266 9.4445 9.613729 9.802384 9.935705 9.981344 9.8272 9.329746 8.686516 7.932589 7.023008 5.939147 4.612887 3.006215 1.41265 -.05733034 -1.382789 -2.451327 -3.38874 -4.353153 -5.373814 -6.25266 -6.731389
3.34326 2.502784 1.451025 .1170518 -1.240378 -2.521828 -3.518323 -4.106684 -4.363106 -4.141966 -3.488069 -2.882658 -2.704112 -2.850157 -3.088473 -3.360262 -3.359513 -3.036667 -2.626074 -2.025143 -1.216923 -.3986405 .3683136 1.093292 1.720335 2.274841 2.85221 3.477219 4.073412 4.699142 5.337781 5.93865 6.537428 7.094349 7.582128 8.005081 8.358826 8.646626 8.870581 9.040419 9.190902 9.361814 9.506395 9.58932 9.459376 9.105087 8.634169 7.965888 7.134042 6.034575 4.801951 3.259252 1.642675 .1110529 -1.34071 -2.55011 -3.572617 -4.558297 -5.490037 -6.185898 -6.576852
