py_wake/examples/data/AJ_ParqueFicticio/Ridge area   Sector 4   Height 200m   Flow inclination.grd
DSAA
90  129
 262878   265103
 6504214   6507414
-16.71199   23.73209
[rows 54 to 80 of 129, columns 0 to 59 of 90]
-5.396663 -4.169629 -3.104692 -2.196272 -2.308578 -3.039844 -4.378794 -5.910635 -7.382221 -8.674218 -9.727379 -10.64384 -11.64836 -12.78235 -13.7753 -14.16417 -12.98671 -9.937672 -5.465518 -.5100554 1.569772 -1.122251 -4.762938 -8.383536 -11.51845 -13.55912 -14.59463 -14.45954 -14.19992 -13.78494 -13.54581 -13.41118 -13.27858 -13.08411 -12.83571 -12.53017 -12.17527 -11.80748 -11.40599 -10.90894 -10.20866 -9.16048 -7.794334 -6.166696 -3.882762 -1.164962 1.574196 4.076914 6.469775 8.599497 10.38867 11.88698 12.57052 12.32291 11.47115 9.890674 8.087521 6.331614 4.670409 3.26068
-5.922948 -4.675252 -3.502712 -2.425005 -2.03119 -2.626254 -3.839694 -5.29886 -6.827857 -8.223248 -9.435823 -10.38271 -11.23683 -12.25973 -13.35554 -14.25697 -14.39064 -13.41769 -11.09803 -7.814932 -5.857587 -6.311399 -8.303622 -10.15244 -12.94627 -14.05659 -14.2061 -14.12617 -13.92369 -13.65551 -13.44371 -13.23167 -13.03036 -12.85244 -12.66066 -12.41662 -12.06018 -11.69207 -11.32472 -10.8724 -10.20467 -9.184587 -7.873727 -6.252138 -3.922299 -1.50831 1.089873 3.531432 5.82263 8.067068 9.92837 11.36928 12.13424 11.96553 11.26123 9.933488 8.310298 6.770358 5.345594 4.15577
-6.483933 -5.224467 -3.991972 -2.770017 -2.114325 -2.482799 -3.518414 -4.897415 -6.43454 -7.854648 -9.133434 -10.05693 -10.6988 -11.50602 -12.50469 -13.62129 -14.53283 -14.78708 -14.05251 -12.31832 -11.08247 -11.00974 -11.46116 -12.54231 -13.4062 -13.73237 -13.76535 -13.6498 -13.47564 -13.25664 -13.03875 -12.80719 -12.5809 -12.41165 -12.24249 -12.00357 -11.72491 -11.42351 -11.13053 -10.72241 -10.05888 -9.072743 -7.80221 -6.126827 -3.957489 -1.762794 .6740999 3.062968 5.191594 7.31916 9.30592 10.77784 11.62792 11.60122 11.06507 9.977485 8.576307 7.250997 6.075548 5.103392
-7.025623 -5.761988 -4.468241 -3.24075 -2.562691 -2.577264 -3.417742 -4.681517 -6.167185 -7.544222 -8.790955 -9.602804 -10.14311 -10.62775 -11.40808 -12.38926 -13.47811 -14.33602 -14.67336 -14.25763 -13.62407 -13.33657 -13.21456 -13.23844 -13.37415 -13.42295 -13.35089 -13.19833 -13.03639 -12.82448 -12.60476 -12.37055 -12.15477 -11.95906 -11.74572 -11.50451 -11.26703 -11.05676 -10.82312 -10.45763 -9.798497 -8.832674 -7.552612 -5.877957 -4.001885 -1.936754 .3338481 2.628631 4.64201 6.599691 8.473601 10.04602 11.03025 11.20287 10.86279 10.0744 8.974537 7.880398 6.941186 6.196269
-7.587662 -6.287484 -4.939823 -3.681185 -2.991369 -2.901387 -3.539491 -4.548028 -5.921377 -7.238966 -8.397497 -9.112309 -9.564153 -9.821648 -10.38773 -11.12529 -12.00894 -12.86307 -13.59278 -13.90975 -13.78991 -13.60341 -13.43939 -13.30388 -13.20456 -13.11156 -12.98475 -12.83811 -12.67276 -12.48249 -12.27552 -12.04546 -11.81576 -11.60072 -11.38242 -11.12935 -10.90985 -10.70895 -10.45352 -10.06682 -9.445137 -8.498579 -7.175105 -5.701439 -4.026019 -2.064845 .05967548 2.249895 4.164685 6.063759 7.696032 9.23702 10.35657 10.75357 10.67271 10.19827 9.455445 8.671871 7.996607 7.476544
-8.084702 -6.824831 -5.471167 -4.213981 -3.432421 -3.236194 -3.697888 -4.523233 -5.683952 -6.884902 -7.988346 -8.661712 -9.020338 -9.186514 -9.590308 -10.14432 -10.82361 -11.57505 -12.3032 -12.85384 -13.0742 -13.14178 -13.13844 -13.05842 -12.95359 -12.8308 -12.6663 -12.54429 -12.42054 -12.27641 -12.09403 -11.87055 -11.60587 -11.38381 -11.16082 -10.89416 -10.6708 -10.45274 -10.1304 -9.69179 -9.072778 -8.084271 -6.884233 -5.613177 -4.084729 -2.150647 -.1506153 1.885514 3.722972 5.617416 7.140129 8.495736 9.669504 10.35112 10.55362 10.42893 10.02651 9.58247 9.20651 8.892898
-8.522292 -7.342176 -6.036799 -4.793093 -3.956353 -3.674702 -3.93649 -4.566278 -5.481165 -6.523141 -7.546259 -8.230276 -8.556657 -8.709817 -8.973644 -9.357688 -9.834422 -10.42766 -11.08649 -11.74266 -12.15352 -12.40067 -12.60138 -12.6534 -12.61195 -12.55704 -12.45368 -12.37386 -12.26292 -12.14807 -12.01358 -11.80837 -11.49843 -11.27643 -11.03081 -10.73674 -10.51228 -10.25476 -9.865098 -9.421273 -8.743678 -7.747653 -6.727013 -5.582373 -4.126132 -2.147742 -.3125159 1.469182 3.200793 5.111944 6.648637 7.945051 9.06671 9.990967 10.52696 10.76215 10.71248 10.56151 10.45491 10.3565
-8.889626 -7.790645 -6.560306 -5.314988 -4.444766 -4.095801 -4.195807 -4.633065 -5.33671 -6.223074 -7.150693 -7.839436 -8.194826 -8.382617 -8.544525 -8.804717 -9.137491 -9.592144 -10.14446 -10.73295 -11.23982 -11.61996 -11.95871 -12.15187 -12.2063 -12.21218 -12.20645 -12.21367 -12.16229 -12.0975 -11.98833 -11.7774 -11.45815 -11.2357 -10.93467 -10.6476 -10.4227 -10.09743 -9.700782 -9.24196 -8.512613 -7.573975 -6.658942 -5.577381 -4.111872 -2.117948 -.4981288 1.046206 2.583124 4.389677 6.079339 7.467306 8.638398 9.698763 10.56123 11.18484 11.5059 11.6064 11.7083 11.81738
-9.2321 -8.237947 -7.051991 -5.819769 -4.920439 -4.471715 -4.410237 -4.673547 -5.216071 -5.955673 -6.777891 -7.485548 -7.897451 -8.203764 -8.341006 -8.532058 -8.78636 -9.12601 -9.566222 -10.0174 -10.49328 -10.92553 -11.30781 -11.58863 -11.71103 -11.77819 -11.85078 -11.95594 -11.99646 -11.95481 -11.89666 -11.69245 -11.45043 -11.18202 -10.84487 -10.58145 -10.32327 -9.974302 -9.599716 -9.12217 -8.392541 -7.533376 -6.645362 -5.577859 -4.037306 -2.144385 -.6991242 .6612944 1.998096 3.589978 5.351647 6.977965 8.325849 9.51288 10.598 11.6165 12.27989 12.62827 12.88917 13.17344
-9.639797 -8.730349 -7.515202 -6.285532 -5.433494 -4.942671 -4.786568 -4.911538 -5.295941 -5.87758 -6.569118 -7.272027 -7.806142 -8.213893 -8.390402 -8.465199 -8.697426 -8.979857 -9.366922 -9.670634 -10.02438 -10.4078 -10.79145 -11.10322 -11.1808 -11.29728 -11.48262 -11.65002 -11.71048 -11.73886 -11.68779 -11.51241 -11.31821 -11.03222 -10.70627 -10.4667 -10.20535 -9.880506 -9.532162 -9.067783 -8.377538 -7.583481 -6.718408 -5.665372 -4.052337 -2.299725 -.9397525 .3015772 1.503503 2.890522 4.551688 6.434936 8.039892 9.367167 10.58681 11.9308 12.95547 13.5354 13.94804 14.3844
-10.07738 -9.21274 -7.931545 -6.664637 -5.787814 -5.232264 -4.988578 -5.02187 -5.328393 -5.848511 -6.504015 -7.211565 -7.864337 -8.3663 -8.598939 -8.632372 -8.825439 -9.091589 -9.453803 -9.57485 -9.804803 -10.12403 -10.52368 -10.76408 -10.76924 -10.9442 -11.18667 -11.32662 -11.41184 -11.47689 -11.41686 -11.2704 -11.07877 -10.81334 -10.52244 -10.29267 -10.05076 -9.790842 -9.508514 -9.10688 -8.47088 -7.721434 -6.905025 -5.905881 -4.357089 -2.628196 -1.265902 -.05906766 1.078071 2.351619 3.85571 5.868085 7.746256 9.224359 10.56101 12.07216 13.54202 14.28208 14.86204 15.39947
-10.48002 -9.655348 -8.400242 -7.104555 -6.19383 -5.587653 -5.240046 -5.1653 -5.400854 -5.892918 -6.537117 -7.267259 -8.039627 -8.647255 -8.950926 -9.00368 -9.146137 -9.371634 -9.669073 -9.726733 -9.860413 -10.0986 -10.42967 -10.58372 -10.61036 -10.75405 -10.96171 -11.05754 -11.15386 -11.21174 -11.14647 -10.99737 -10.81019 -10.5924 -10.34115 -10.11448 -9.911407 -9.755829 -9.571093 -9.255903 -8.702663 -7.993189 -7.224083 -6.284606 -4.931835 -3.183217 -1.703929 -.4424986 .7123891 1.944695 3.357991 5.373815 7.464317 9.10675 10.54056 12.0926 14.03016 14.85675 15.59751 16.19579
-10.75266 -9.958494 -8.89851 -7.587071 -6.627367 -5.958271 -5.495081 -5.30194 -5.465237 -5.957195 -6.635527 -7.436427 -8.342615 -9.070283 -9.470952 -9.483788 -9.586305 -9.738692 -9.972926 -10.03612 -10.10018 -10.24154 -10.46773 -10.58661 -10.61794 -10.69721 -10.82337 -10.87136 -10.94132 -10.9876 -10.90792 -10.73018 -10.55126 -10.39706 -10.19194 -9.970857 -9.82532 -9.790734 -9.723001 -9.499812 -9.087404 -8.436563 -7.663446 -6.759702 -5.605762 -3.955501 -2.266594 -.8682874 .380482 1.641779 3.047283 5.044703 7.273635 9.019599 10.51476 12.06101 14.33215 15.25049 16.15704 16.82311
-10.86501 -10.11142 -9.216814 -8.115788 -7.105947 -6.363401 -5.795549 -5.504499 -5.589228 -6.113495 -6.859951 -7.755436 -8.786991 -9.598413 -10.09108 -10.05332 -10.05606 -10.15808 -10.36057 -10.42779 -10.39736 -10.48113 -10.62741 -10.70043 -10.68516 -10.72684 -10.7984 -10.77997 -10.83852 -10.87819 -10.75269 -10.52573 -10.3594 -10.28374 -10.14037 -9.939425 -9.855503 -9.915009 -9.977633 -9.876797 -9.573692 -9.029573 -8.246586 -7.345564 -6.263218 -4.770009 -2.981794 -1.352352 .04225411 1.401006 2.856483 4.868816 7.181168 8.982002 10.50892 12.04695 14.48923 15.49716 16.55563 17.3007
-10.85518 -10.12864 -9.285013 -8.35902 -7.516857 -6.782022 -6.13804 -5.760027 -5.82074 -6.421944 -7.280518 -8.278271 -9.389894 -10.22481 -10.73954 -10.81119 -10.63678 -10.65429 -10.80554 -10.88549 -10.77283 -10.77431 -10.85647 -10.88415 -10.80641 -10.80339 -10.82303 -10.79656 -10.85303 -10.87324 -10.75101 -10.49431 -10.32335 -10.31279 -10.25711 -10.07755 -10.05039 -10.19586 -10.37731 -10.40018 -10.15741 -9.712861 -8.978226 -7.982043 -6.888433 -5.524735 -3.786021 -1.938131 -.3040814 1.188671 2.738782 4.798059 7.187314 9.049486 10.61259 12.19088 14.70499 15.77999 16.89784 17.66818
-10.70625 -10.02979 -9.185139 -8.31917 -7.587212 -6.941895 -6.357841 -6.032204 -6.250132 -6.95379 -7.883478 -8.913499 -10.04147 -10.87522 -11.40447 -11.56071 -11.40816 -11.3238 -11.33962 -11.36528 -11.2884 -11.17122 -11.15276 -11.14429 -11.05977 -10.96795 -10.90955 -10.93935 -10.99089 -10.9826 -10.91711 -10.70597 -10.49484 -10.47056 -10.49028 -10.46872 -10.52375 -10.74037 -10.9714 -11.06412 -10.86663 -10.46719 -9.817407 -8.715357 -7.486402 -6.165069 -4.556594 -2.590829 -.6696784 1.007499 2.687888 4.826643 7.299049 9.249202 10.87785 12.61283 15.02657 16.16214 17.22106 17.95978
-10.48107 -9.85434 -8.948339 -8.044605 -7.403719 -6.905461 -6.516112 -6.365669 -6.70781 -7.455638 -8.481995 -9.587303 -10.6971 -11.50983 -12.02808 -12.2137 -12.14253 -12.0964 -12.01606 -11.91946 -11.86023 -11.70491 -11.56964 -11.50905 -11.39326 -11.29239 -11.17339 -11.22174 -11.26579 -11.31868 -11.26083 -11.07811 -10.89553 -10.88946 -10.98197 -11.12517 -11.3124 -11.62247 -11.87232 -11.85304 -11.64039 -11.25243 -10.60282 -9.538889 -8.005675 -6.647635 -5.099926 -3.163314 -1.036882 .919107 2.724999 4.941824 7.457784 9.506516 11.22202 13.16603 15.27107 16.47603 17.4754 18.17458
-10.26613 -9.613316 -8.710748 -7.815362 -7.221413 -6.902594 -6.752825 -6.821648 -7.246721 -8.029179 -9.006069 -10.00666 -11.17699 -12.06415 -12.56957 -12.72614 -12.77699 -12.76614 -12.70394 -12.59995 -12.47089 -12.29617 -12.11714 -12.02115 -11.87204 -11.7839 -11.69533 -11.74447 -11.79259 -11.86953 -11.85178 -11.75438 -11.64949 -11.67939 -11.80176 -12.02821 -12.25607 -12.62697 -12.95217 -12.79896 -12.33177 -11.89547 -11.24043 -10.20789 -8.500307 -6.891382 -5.325475 -3.455838 -1.212458 .9779646 2.93911 5.187623 7.627943 9.710217 11.53211 13.62826 15.39593 16.66142 17.60557 18.25874
-9.926446 -9.343328 -8.54932 -7.680897 -7.149039 -7.013496 -7.11546 -7.385071 -7.906977 -8.659586 -9.546556 -10.43112 -11.50508 -12.34224 -12.87196 -13.105 -13.22184 -13.2772 -13.26274 -13.21649 -13.09461 -12.89143 -12.68945 -12.60706 -12.50202 -12.43271 -12.38221 -12.46639 -12.57914 -12.71327 -12.77116 -12.72675 -12.67058 -12.69923 -12.84468 -13.06101 -13.14555 -13.38177 -13.64952 -13.46254 -12.81751 -12.24202 -11.56486 -10.5186 -8.839682 -6.858398 -5.23979 -3.353711 -1.127569 1.192408 3.260335 5.463019 7.734601 9.796327 11.7598 13.84016 15.41144 16.74507 17.6565 18.28085
-9.560217 -9.056677 -8.415891 -7.65986 -7.315035 -7.387304 -7.709421 -8.11261 -8.680476 -9.332383 -10.0683 -10.81051 -11.71756 -12.50292 -13.0431 -13.31646 -13.5169 -13.60337 -13.65008 -13.65963 -13.56156 -13.42695 -13.28163 -13.25661 -13.26611 -13.32692 -13.38042 -13.52466 -13.67926 -13.84679 -13.9327 -13.94498 -13.83188 -13.72298 -13.78282 -13.86076 -13.75946 -13.73607 -13.68892 -13.47197 -12.85679 -12.21932 -11.49738 -10.4295 -8.797976 -6.525764 -4.844775 -2.898966 -.7241673 1.580467 3.633219 5.721346 7.848952 9.881924 11.92774 13.84295 15.36977 16.69924 17.59852 18.23278
-9.244899 -8.860377 -8.361194 -7.882777 -7.754918 -7.995925 -8.433046 -8.963296 -9.473211 -9.963565 -10.52135 -11.13497 -11.85944 -12.53167 -12.99801 -13.34739 -13.61708 -13.76716 -13.89278 -13.92826 -13.79804 -13.75867 -13.8115 -13.91835 -14.06371 -14.29044 -14.57111 -14.88706 -15.14724 -15.31059 -15.31312 -15.29351 -15.01471 -14.61566 -14.41851 -14.22848 -13.93544 -13.65102 -13.38076 -13.08103 -12.52888 -11.93106 -11.15821 -10.03865 -8.391109 -5.941247 -4.199956 -2.179634 -.04082587 2.155308 4.108852 6.077239 8.099915 10.11549 12.06288 13.76468 15.28836 16.5061 17.38855 18.04157
-9.082762 -8.767573 -8.436736 -8.205706 -8.21594 -8.55321 -9.09097 -9.72982 -9.999478 -10.20145 -10.46625 -10.88293 -11.49149 -12.21018 -12.62726 -12.94746 -13.33352 -13.63581 -13.80073 -13.8433 -13.7191 -13.722 -13.92 -14.26078 -14.58759 -14.90139 -15.3909 -16.06794 -16.71199 -16.59436 -16.38018 -16.17983 -15.6478 -14.91893 -14.38328 -13.96568 -13.55492 -13.17963 -12.85722 -12.52176 -12.00135 -11.40233 -10.59319 -9.45411 -7.750697 -5.197436 -3.387013 -1.279824 .8533061 2.937725 4.799534 6.663868 8.620683 10.55271 12.22133 13.69973 15.16457 16.21181 17.00948 17.6439
-9.106582 -8.841721 -8.667176 -8.533372 -8.607625 -8.923335 -9.461662 -10.09793 -10.12734 -10.12673 -10.14957 -10.3407 -10.70976 -11.35391 -11.80498 -12.14323 -12.55259 -12.9933 -13.25534 -13.33591 -13.30691 -13.37094 -13.58654 -13.96613 -14.42057 -14.82332 -15.34048 -15.9217 -16.21185 -15.57207 -14.99758 -14.057 -12.67961 -12.92519 -13.38554 -13.20119 -12.86376 -12.49341 -12.17262 -11.81561 -11.32649 -10.70975 -9.841075 -8.670058 -6.880163 -4.323293 -2.43285 -.2417754 1.90531 3.934865 5.777285 7.609293 9.465932 11.13916 12.4881 13.74476 14.96078 15.81617 16.49003 17.04926
-9.311885 -9.139017 -9.077538 -9.000106 -9.13265 -9.396392 -9.822194 -10.15609 -10.06577 -9.959088 -9.848438 -9.866862 -10.09414 -10.52347 -10.91505 -11.26045 -11.62644 -12.06836 -12.42579 -12.63091 -12.71062 -12.82092 -13.01527 -13.31076 -13.70073 -14.08145 -14.37296 -14.19997 -13.23999 -12.58733 -11.89142 -10.84498 -9.774976 -9.732749 -11.89688 -12.39055 -12.18949 -11.83749 -11.48774 -11.0988 -10.61604 -9.91255 -8.965464 -7.725073 -5.805855 -3.376766 -1.377819 .8849738 3.063863 5.173315 7.159796 8.966446 10.53295 11.84272 12.91773 13.86659 14.71782 15.36704 15.90637 16.30995
-9.531424 -9.514168 -9.635338 -9.580092 -9.660176 -9.863178 -10.20547 -10.29384 -10.11038 -9.942972 -9.791779 -9.705282 -9.788474 -10.02467 -10.28157 -10.59869 -10.87537 -11.26408 -11.61565 -11.90175 -12.102 -12.2993 -12.5403 -12.81981 -13.16987 -13.53459 -13.75012 -13.25538 -12.17537 -11.4351 -10.49079 -9.67457 -8.710722 -8.809174 -11.58022 -11.90086 -11.66925 -11.31828 -10.92445 -10.49018 -9.94783 -9.104819 -8.055071 -6.636595 -4.559124 -2.377256 -.2668257 2.040257 4.278939 6.657555 8.831841 10.47621 11.71031 12.70526 13.46769 14.04804 14.52225 14.94258 15.29882 15.55048
-9.717872 -9.793116 -10.04813 -9.962717 -9.945386 -10.07434 -10.34263 -10.35553 -10.17002 -9.987596 -9.794122 -9.623363 -9.620378 -9.664383 -9.825152 -10.05382 -10.26535 -10.62312 -10.94521 -11.24986 -11.52993 -11.79374 -12.09028 -12.38977 -12.7101 -13.0194 -13.2941 -13.45139 -13.30263 -12.2312 -10.88596 -10.12874 -10.12583 -11.33468 -11.75219 -11.62366 -11.31125 -10.94613 -10.49135 -9.99837 -9.287565 -8.329192 -7.121717 -5.480721 -3.33112 -1.357728 .8246077 3.137848 5.50777 8.23756 10.3674 11.95152 13.0062 13.69368 14.13014 14.35955 14.49268 14.64576 14.75536 14.87347
-9.979262 -10.0252 -10.13018 -10.02141 -9.995101 -10.06264 -10.19677 -10.24243 -10.12396 -9.968281 -9.809483 -9.583233 -9.515214 -9.395307 -9.468602 -9.668242 -9.82314 -10.15687 -10.4463 -10.70786 -11.03994 -11.3429 -11.67301 -11.9694 -12.26341 -12.53323 -12.78617 -12.96709 -13.03856 -12.88467 -12.51725 -12.19635 -11.9467 -11.84688 -11.68489 -11.39743 -11.06237 -10.68559 -10.17137 -9.541089 -8.654157 -7.56872 -6.103701 -4.290881 -2.298886 -.3710515 1.823637 4.12609 6.742509 9.570786 11.62123 13.2745 14.26892 14.78742 14.96151 14.87522 14.68139 14.53756 14.4025 14.33663
