py_wake/examples/data/AJ_ParqueFicticio/Ridge area   Sector 8   Height 30m   Weibull-A.grd
DSAA
90  129
 262878   265103
 6504214   6507414
 .3492029   9.453814
[rows 27 to 53 of 129, columns 0 to 61 of 90]
5.199201 5.216965 5.251116 5.283848 5.311616 5.338744 5.362587 5.381234 5.411824 5.444777 5.470917 5.489136 5.504545 5.519253 5.540105 5.565575 5.594649 5.624701 5.656694 5.686284 5.742352 5.804852 5.862641 5.925076 5.985068 6.05343 6.133784 6.231012 6.34093 6.445765 6.549991 6.651838 6.756209 6.859633 6.950147 7.044394 7.141207 7.235183 7.33841 7.42819 7.487645 7.549779 7.610914 7.659136 7.668986 7.630634 7.547418 7.406837 7.220726 6.986339 6.664597 6.20038 5.476154 3.687107 3.423739 2.148985 1.146257 1.723976 1.837254 1.993372 2.124209 2.207632
5.198273 5.226017 5.266672 5.304822 5.341946 5.381385 5.416592 5.448008 5.480321 5.51231 5.533621 5.541792 5.535165 5.522911 5.513217 5.512085 5.520036 5.533143 5.548019 5.573041 5.613931 5.65741 5.697652 5.748471 5.793011 5.843741 5.91438 6.002555 6.10907 6.222902 6.331743 6.436328 6.548898 6.659727 6.764424 6.867597 6.972751 7.073004 7.185152 7.28802 7.372083 7.459013 7.543003 7.59889 7.601172 7.554891 7.467032 7.318164 7.118166 6.874027 6.510676 5.939296 5.080026 4.004305 2.950747 1.385869 1.02399 .9123795 1.807743 1.975844 2.115384 2.211166
5.196491 5.23399 5.278328 5.318042 5.361062 5.409942 5.456238 5.502332 5.542622 5.582042 5.594906 5.580267 5.556158 5.530114 5.503655 5.483202 5.469494 5.463066 5.458065 5.467828 5.492554 5.513477 5.527468 5.554576 5.582983 5.611862 5.674912 5.765954 5.87739 5.99305 6.102779 6.2114 6.323995 6.443585 6.56323 6.674252 6.788523 6.900641 7.02584 7.148479 7.260423 7.37709 7.490394 7.556447 7.553053 7.497718 7.399309 7.241321 7.027511 6.763724 6.342454 5.655751 4.692292 3.606341 2.544325 1.003487 .9075511 .7882679 1.686599 1.828758 1.952761 2.047582
5.188534 5.233833 5.280742 5.322078 5.368404 5.419382 5.470104 5.524223 5.573964 5.618326 5.618474 5.591919 5.560085 5.532874 5.506892 5.478848 5.450775 5.422104 5.393789 5.386176 5.398909 5.396185 5.390492 5.402318 5.412142 5.419575 5.479367 5.578633 5.6855 5.792889 5.900378 6.001316 6.099914 6.227331 6.362257 6.48529 6.606909 6.733741 6.877677 7.024685 7.169869 7.325551 7.468471 7.536859 7.532744 7.471065 7.353973 7.184545 6.952662 6.656726 6.178496 5.415245 4.41713 3.338028 2.288672 .9270926 .8064476 .6710157 1.567157 1.668766 1.769646 1.858303
5.158436 5.206869 5.255054 5.295358 5.342397 5.394169 5.444762 5.494223 5.539663 5.576138 5.575466 5.559908 5.540383 5.521022 5.501283 5.476727 5.442831 5.406304 5.380455 5.373812 5.3769 5.36639 5.362556 5.377726 5.374949 5.380741 5.429377 5.507908 5.585061 5.666233 5.756921 5.851752 5.955223 6.077394 6.203277 6.328756 6.455197 6.592095 6.751451 6.920416 7.091764 7.275389 7.428953 7.496229 7.500028 7.443163 7.314217 7.135593 6.895973 6.582505 6.086069 5.299957 4.316586 3.274673 1.801847 .885863 .7484351 .5911809 1.479475 1.552347 1.628543 1.708471
5.120547 5.17081 5.219429 5.258098 5.302165 5.348484 5.390958 5.427596 5.463898 5.489406 5.493724 5.491773 5.490058 5.486486 5.477071 5.457261 5.427059 5.406734 5.406079 5.406379 5.405776 5.403763 5.405709 5.411873 5.420768 5.432449 5.460011 5.508126 5.55538 5.608372 5.683177 5.771247 5.874518 5.97679 6.080493 6.195839 6.322901 6.466616 6.63653 6.819107 7.010154 7.210839 7.36198 7.432845 7.446893 7.397085 7.275609 7.094067 6.859912 6.542959 6.050491 5.285548 4.341401 2.601232 1.878524 .8629572 .717432 .5598477 .3941733 1.479325 1.537599 1.609787
5.075943 5.13021 5.180752 5.218038 5.259417 5.300303 5.3341 5.357611 5.383076 5.400964 5.412635 5.423026 5.434609 5.442431 5.440052 5.425379 5.406336 5.418005 5.446721 5.460974 5.470334 5.471048 5.47191 5.475241 5.476326 5.48483 5.514287 5.545991 5.574252 5.616496 5.670588 5.730714 5.819046 5.903262 5.987797 6.096746 6.220928 6.363498 6.533816 6.720929 6.930392 7.14555 7.292945 7.370181 7.393595 7.34882 7.243222 7.06686 6.836486 6.532938 6.086463 5.397144 3.58515 2.727845 2.0598 .8829963 .7099122 .5378621 .3492029 1.469264 1.514038 1.587339
5.026226 5.089746 5.146165 5.18507 5.22921 5.269237 5.298837 5.318443 5.334552 5.34798 5.365497 5.384835 5.403905 5.414995 5.41203 5.39852 5.401857 5.444196 5.49189 5.526032 5.538779 5.547381 5.553647 5.553736 5.546731 5.55291 5.582164 5.632091 5.678172 5.718383 5.753142 5.799722 5.8636 5.922583 6.000231 6.100776 6.201158 6.336487 6.492231 6.667699 6.884452 7.097567 7.235913 7.320339 7.354418 7.3172 7.230901 7.072179 6.860303 6.597775 6.211393 5.623244 3.791867 2.944826 2.335464 1.725662 .7567672 .551125 .3816381 .7949582 1.463347 1.520361
4.989159 5.064347 5.125306 5.166469 5.221425 5.270208 5.30803 5.335137 5.35089 5.36076 5.378713 5.396052 5.414872 5.42446 5.421107 5.415514 5.440008 5.490001 5.540403 5.579539 5.605836 5.632474 5.648305 5.65683 5.664123 5.683098 5.716642 5.777065 5.853018 5.910704 5.951462 5.996685 6.038899 6.085678 6.156104 6.229535 6.31453 6.427748 6.55446 6.69746 6.89094 7.082345 7.2068 7.296666 7.34219 7.319491 7.250392 7.118188 6.924013 6.700186 6.399333 5.931547 2.768492 3.348832 2.715423 2.171261 .8916097 .669422 .5036443 .4353595 .9897907 1.142143
4.972151 5.050932 5.11259 5.15497 5.22682 5.290432 5.342057 5.38061 5.405913 5.42284 5.433041 5.442658 5.46421 5.474111 5.475883 5.487234 5.513831 5.555122 5.602117 5.641105 5.680318 5.724104 5.754633 5.789606 5.824713 5.864033 5.918411 5.992547 6.077877 6.149736 6.21011 6.244829 6.279853 6.324743 6.383223 6.44418 6.510308 6.594254 6.683443 6.792522 6.942577 7.098843 7.212384 7.308553 7.369371 7.365098 7.302261 7.180167 7.023011 6.835961 6.608943 6.251877 5.680576 2.608689 3.100688 2.550886 1.462576 .8477967 .6550697 .5466007 .7339498 .88994
4.971906 5.04545 5.10404 5.150446 5.241861 5.3217 5.38706 5.436798 5.473281 5.501694 5.51896 5.538025 5.560771 5.571889 5.581148 5.591934 5.609573 5.642631 5.682335 5.724957 5.784234 5.840961 5.89382 5.952277 6.015 6.079795 6.152402 6.242217 6.341232 6.409864 6.461585 6.51421 6.558725 6.601074 6.641496 6.688238 6.739374 6.78719 6.831533 6.904188 7.024707 7.159215 7.269322 7.369395 7.438566 7.455853 7.387624 7.268754 7.136888 6.979878 6.782444 6.517605 6.059895 4.872147 2.368429 2.659241 2.155197 1.071447 .8337958 .7465258 .8010188 2.057302
4.992983 5.047865 5.10239 5.161504 5.267622 5.35668 5.431091 5.490362 5.53676 5.581125 5.616673 5.660246 5.700415 5.725506 5.734638 5.742248 5.761903 5.792572 5.821883 5.873155 5.946089 6.011961 6.079272 6.151075 6.229028 6.312981 6.400889 6.497145 6.597012 6.675145 6.73457 6.785373 6.837555 6.883177 6.913635 6.943435 6.967525 6.986547 7.010698 7.066742 7.164336 7.283858 7.389992 7.477428 7.53972 7.55623 7.489883 7.3787 7.253888 7.117479 6.942733 6.708567 6.324746 5.463984 3.413626 2.152537 2.128832 1.298544 1.036183 .9757311 2.001836 2.02382
5.01357 5.063355 5.118928 5.199673 5.306637 5.39768 5.480572 5.551013 5.611157 5.666981 5.718756 5.782451 5.841125 5.881934 5.906456 5.929759 5.969249 6.010379 6.065305 6.128976 6.194966 6.257693 6.323014 6.395343 6.471901 6.56324 6.657533 6.749821 6.84505 6.931719 7.000767 7.058531 7.116347 7.159271 7.197051 7.210284 7.224517 7.230788 7.238918 7.276636 7.349424 7.445127 7.526159 7.589593 7.634832 7.636822 7.576828 7.49035 7.380052 7.244267 7.085648 6.865778 6.494844 5.698495 3.995158 2.391408 1.755689 1.387863 1.223902 1.162264 1.971284 1.983715
5.056985 5.104344 5.169645 5.260689 5.354515 5.440379 5.527959 5.605776 5.678319 5.749992 5.824327 5.909283 5.984799 6.041467 6.093181 6.15016 6.203148 6.26332 6.335858 6.402427 6.463738 6.522577 6.598499 6.685397 6.767029 6.848256 6.927105 7.015275 7.109332 7.198011 7.274065 7.337506 7.395068 7.428653 7.450501 7.468979 7.470984 7.467065 7.46401 7.48317 7.528429 7.593601 7.653905 7.702959 7.741461 7.737193 7.6812 7.59623 7.487902 7.351991 7.199876 7.001914 6.625941 5.798121 4.19642 2.712508 1.825524 1.419963 1.283248 1.23796 1.940071 1.944859
5.130939 5.170338 5.239739 5.317609 5.396565 5.47727 5.57048 5.654815 5.739753 5.827183 5.922383 6.026618 6.119728 6.202891 6.283982 6.364326 6.44065 6.512568 6.591501 6.655635 6.713832 6.783154 6.864814 6.967256 7.057624 7.145658 7.215234 7.279547 7.361798 7.453367 7.519162 7.583703 7.63026 7.646094 7.657729 7.682531 7.694237 7.674731 7.653486 7.654651 7.684508 7.74912 7.80152 7.829164 7.84773 7.838625 7.787013 7.6898 7.57482 7.443712 7.286124 7.079205 6.71316 5.885194 4.324277 2.881724 1.934845 1.590022 1.384897 1.273416 1.908657 1.904037
5.216048 5.230272 5.277393 5.332877 5.413691 5.509274 5.612063 5.702862 5.797043 5.894739 6.006915 6.127744 6.237332 6.339941 6.439373 6.537975 6.630744 6.715634 6.793005 6.863719 6.938706 7.0091 7.091047 7.188868 7.277799 7.359391 7.427052 7.484622 7.550716 7.632323 7.685059 7.742665 7.765687 7.775694 7.793528 7.813182 7.805898 7.782513 7.767896 7.770058 7.808215 7.852936 7.878403 7.890713 7.904363 7.895436 7.846864 7.763683 7.644414 7.503408 7.328451 7.09832 6.729785 5.945269 4.419673 2.931625 2.075165 1.908271 1.763863 1.785827 1.889036 1.878984
5.280817 5.276168 5.294713 5.340975 5.41331 5.518757 5.637227 5.737831 5.840503 5.950436 6.076744 6.210083 6.332137 6.449015 6.560161 6.669174 6.770744 6.866356 6.956801 7.041993 7.11693 7.181259 7.254871 7.335827 7.40926 7.475896 7.529369 7.576801 7.635727 7.705212 7.752988 7.798298 7.81462 7.830337 7.851262 7.858616 7.849566 7.839428 7.846408 7.857853 7.878537 7.89839 7.919833 7.934961 7.947266 7.935838 7.883632 7.801013 7.686037 7.532535 7.341695 7.093572 6.704292 5.953993 4.503619 3.019548 2.140199 2.059683 1.942992 1.897539 1.894341 1.877086
5.373014 5.350536 5.337855 5.377861 5.443463 5.530788 5.628908 5.726656 5.849698 5.982154 6.118557 6.260376 6.395701 6.526364 6.651392 6.770851 6.87525 6.973639 7.072281 7.167792 7.242625 7.307244 7.371697 7.426783 7.483292 7.526788 7.562016 7.599674 7.654288 7.715251 7.755846 7.789854 7.80562 7.825629 7.846678 7.853255 7.854855 7.864956 7.88566 7.898832 7.908098 7.926954 7.955044 7.977307 7.99194 7.973887 7.909642 7.818787 7.704992 7.546313 7.347331 7.088871 6.682165 5.981965 4.631907 3.165221 2.129437 2.12946 2.055268 1.997115 1.949723 1.890659
5.495502 5.464432 5.434058 5.457589 5.496549 5.536835 5.59965 5.685897 5.811597 5.954842 6.110147 6.270971 6.423007 6.563126 6.693183 6.814751 6.915047 7.008265 7.107307 7.201083 7.273018 7.336611 7.392784 7.431244 7.467869 7.493163 7.516548 7.548106 7.60979 7.659486 7.685242 7.709167 7.727424 7.752825 7.780549 7.795962 7.809371 7.835637 7.868596 7.888772 7.908905 7.944164 7.992938 8.021799 8.029429 8.004288 7.93007 7.826614 7.70628 7.553256 7.350018 7.084 6.675114 6.021696 4.769439 3.341943 2.126109 2.137323 2.099368 2.049872 1.964937 1.910903
5.617755 5.571494 5.510782 5.488954 5.49484 5.500647 5.531629 5.607636 5.735535 5.878396 6.026945 6.180909 6.325852 6.466374 6.605134 6.729015 6.828396 6.917168 7.004535 7.081213 7.142851 7.19681 7.235193 7.257638 7.278812 7.294146 7.314887 7.357055 7.413875 7.461806 7.493965 7.525277 7.55983 7.59818 7.638287 7.668478 7.695549 7.735069 7.777078 7.810193 7.852093 7.909666 7.972715 8.000132 8.005361 7.984377 7.925759 7.828849 7.705653 7.55731 7.357748 7.092613 6.68554 6.074512 4.936733 3.601799 2.466982 2.154777 2.110322 2.056299 1.966727 1.991035
5.732855 5.685918 5.601873 5.532576 5.497362 5.47061 5.471479 5.524871 5.635414 5.754704 5.878697 6.011174 6.13692 6.266512 6.389852 6.495594 6.584383 6.660452 6.729056 6.786024 6.829673 6.869364 6.899506 6.920249 6.949848 6.980497 7.016922 7.057804 7.111894 7.168553 7.220619 7.267981 7.32226 7.375023 7.424754 7.471013 7.513094 7.56658 7.626537 7.679012 7.740342 7.817182 7.891676 7.930419 7.953079 7.941088 7.902052 7.834021 7.720901 7.574742 7.379718 7.115496 6.719711 6.162015 5.165103 3.978882 2.971504 2.295658 2.191716 2.130727 2.178853 2.298609
5.859205 5.808371 5.738274 5.646265 5.579546 5.52651 5.497201 5.503019 5.547049 5.61216 5.6981 5.801841 5.903735 6.013038 6.128595 6.224972 6.302497 6.372914 6.438447 6.492047 6.530873 6.562217 6.583905 6.59901 6.614141 6.651766 6.696006 6.742518 6.794197 6.850596 6.915167 6.984592 7.053422 7.124057 7.189101 7.251992 7.315183 7.384455 7.465486 7.542988 7.620589 7.714441 7.801194 7.853135 7.893781 7.900698 7.87855 7.839694 7.753038 7.606912 7.413211 7.149931 6.764052 6.244374 5.381432 4.348332 3.434054 2.724882 2.441123 2.436752 2.765218 3.343721
6.00009 5.944813 5.880548 5.778041 5.695379 5.621395 5.561691 5.517039 5.485722 5.484298 5.52131 5.582885 5.665835 5.770454 5.894972 5.986504 6.05954 6.117857 6.168097 6.212833 6.245226 6.265367 6.27883 6.291665 6.305212 6.330963 6.374835 6.4241 6.474969 6.537168 6.605895 6.683429 6.766335 6.857694 6.943842 7.020739 7.104191 7.197369 7.301592 7.406688 7.499147 7.609414 7.710954 7.778947 7.838227 7.870215 7.867864 7.839344 7.780406 7.641374 7.446073 7.183327 6.802991 6.305428 5.538488 4.638559 3.885229 3.343181 3.068635 3.17928 3.63241 4.195986
6.145924 6.086485 6.011779 5.936469 5.842519 5.735014 5.633655 5.539345 5.463045 5.421474 5.417069 5.448562 5.518068 5.607063 5.704949 5.769932 5.827425 5.868889 5.898653 5.931356 5.961061 5.978974 5.989877 6.010647 6.026219 6.041273 6.072585 6.116082 6.167074 6.226065 6.283684 6.362995 6.464702 6.577139 6.680854 6.771643 6.875711 7.001879 7.132306 7.267081 7.378857 7.507103 7.62886 7.717655 7.799405 7.85787 7.874312 7.846656 7.791242 7.667768 7.471144 7.213045 6.840007 6.358037 5.686993 4.910771 4.322672 3.926425 3.783875 3.998559 4.497403 5.083175
6.298462 6.247543 6.171638 6.104453 6.023355 5.893899 5.769415 5.637129 5.524921 5.441086 5.389465 5.398531 5.461552 5.518999 5.555606 5.573624 5.590847 5.619843 5.628868 5.641226 5.669375 5.696577 5.721333 5.74824 5.776179 5.790887 5.803814 5.839813 5.857334 5.883104 5.947777 6.027543 6.149808 6.281363 6.390333 6.490022 6.631858 6.790575 6.952059 7.115706 7.259026 7.412474 7.560651 7.675313 7.785583 7.872467 7.898166 7.863255 7.801405 7.692939 7.501789 7.243569 6.884623 6.424145 5.876873 5.219418 4.75504 4.507002 4.50796 4.799955 5.299701 5.858739
6.442603 6.399241 6.346157 6.286209 6.184959 6.064403 5.910157 5.744704 5.598236 5.467918 5.381554 5.386456 5.446175 5.468951 5.44171 5.389952 5.358253 5.376556 5.373759 5.361851 5.387631 5.433226 5.478348 5.524636 5.564844 5.575744 5.572435 5.583652 5.573314 5.562323 5.625678 5.704232 5.835593 5.988853 6.114534 6.235295 6.401938 6.583633 6.767874 6.957868 7.142742 7.330244 7.509591 7.6565 7.803652 7.919648 7.946011 7.899964 7.829002 7.724597 7.543778 7.281666 6.948077 6.520687 6.062148 5.567214 5.201774 5.043198 5.109676 5.456221 5.983284 6.533248
6.582154 6.541289 6.492013 6.426235 6.32544 6.197978 6.043127 5.895502 5.73009 5.57132 5.47571 5.449017 5.483941 5.467403 5.399691 5.291873 5.225484 5.220465 5.196272 5.166828 5.193693 5.253478 5.321735 5.392638 5.443467 5.454051 5.448327 5.46649 5.440713 5.401401 5.458983 5.530376 5.659549 5.823867 5.967313 6.103888 6.262832 6.433909 6.628996 6.851141 7.072498 7.289125 7.493478 7.671813 7.855268 7.988431 8.010374 7.959247 7.877518 7.770801 7.604953 7.36165 7.066224 6.68818 6.294415 5.909802 5.675518 5.603121 5.707795 6.067328 6.566911 7.081742
