py_wake/examples/data/AJ_ParqueFicticio/Ridge area   Sector 9   Height 30m   Orographic turn.grd
DSAA
90  129
 262878   265103
 6504214   6507414
-179.9595   179.9429
[rows 27 to 53 of 129, columns 0 to 60 of 90]
2.29717 2.474306 2.700989 2.932902 3.17878 3.41607 3.621991 3.790587 3.895518 3.903072 3.826841 3.73867 3.694193 3.740299 3.877943 4.086843 4.331958 4.593559 4.822653 5.015225 5.275089 5.514652 5.769594 6.007063 6.190817 6.40077 6.637596 6.933343 7.307405 7.575851 7.850817 8.09532 8.341261 8.648523 8.890225 9.183729 9.523922 9.900972 10.30237 10.59146 10.7437 10.72177 10.4758 10.02409 9.510159 9.00731 8.531373 8.072831 7.623245 7.331415 7.077782 6.738369 6.366287 5.807638 1.222376 -32.54406 -91.58955 -103.3873 -104.2685 -103.4451 -102.5191
1.966309 2.106941 2.317152 2.545829 2.804422 3.072269 3.326613 3.561332 3.751047 3.832605 3.803998 3.774164 3.79917 3.8979 4.066206 4.302596 4.589774 4.890834 5.170928 5.417732 5.702617 5.980597 6.259954 6.536588 6.740328 6.96675 7.211725 7.470579 7.783015 8.030094 8.255987 8.488614 8.714634 9.039135 9.282351 9.574905 9.942814 10.34644 10.80313 11.19098 11.39642 11.42394 11.18349 10.69131 10.14561 9.592427 9.062877 8.630014 8.229179 7.941986 7.656545 7.136912 6.219944 3.773126 -7.356966 -50.58363 -91.15812 -101.0632 -102.2946 -101.9438 -101.4892
1.645429 1.756467 1.944624 2.159783 2.422343 2.709906 2.995094 3.27236 3.547968 3.711332 3.772565 3.835173 3.932309 4.082301 4.276924 4.526454 4.846004 5.197025 5.547865 5.883039 6.214217 6.538849 6.861179 7.183992 7.422269 7.658328 7.913605 8.118818 8.345391 8.563917 8.744737 8.917531 9.125013 9.416229 9.663221 9.937814 10.31016 10.72212 11.19355 11.6293 11.87804 11.94702 11.71769 11.23932 10.72055 10.14557 9.57053 9.151508 8.827544 8.587809 8.280182 7.467257 5.603529 .4894867 -17.01876 -58.17736 -88.70907 -98.41576 -100.3083 -100.257 -100.0542
1.368419 1.459764 1.624558 1.819915 2.083487 2.383708 2.689367 3.003438 3.35389 3.621519 3.797021 3.943444 4.090429 4.261711 4.464459 4.717763 5.0548 5.468571 5.894738 6.293957 6.679584 7.066248 7.443049 7.795402 8.073149 8.317415 8.545641 8.689625 8.850683 9.037343 9.196281 9.342971 9.510958 9.726251 9.956749 10.19939 10.53953 10.9362 11.38069 11.81197 12.0742 12.13432 11.93698 11.57376 11.13656 10.62098 10.06678 9.646659 9.39482 9.203972 8.80941 7.539988 4.455 -3.443675 -25.51127 -61.05259 -83.9967 -94.12351 -97.45402 -97.73804 -97.85227
1.155707 1.238772 1.390698 1.57336 1.846414 2.166251 2.498192 2.862903 3.271158 3.660372 3.924468 4.117145 4.277667 4.437023 4.624404 4.863776 5.206388 5.648149 6.077755 6.45365 6.860607 7.261103 7.631335 7.990051 8.29832 8.560392 8.810298 9.004209 9.174377 9.354261 9.502738 9.617537 9.695054 9.83325 10.04846 10.27712 10.57111 10.93918 11.35273 11.76653 12.06452 12.14505 12.0519 11.85129 11.47409 11.03554 10.58942 10.18664 9.976193 9.764356 9.146116 7.247653 2.921351 -6.69053 -29.52668 -58.90526 -76.04018 -85.99534 -91.44491 -93.452 -94.20106
.9804957 1.050824 1.191229 1.370953 1.666704 2.020188 2.393763 2.813321 3.262779 3.742096 4.074142 4.306746 4.472693 4.606736 4.758991 4.972241 5.294106 5.706772 6.084445 6.434184 6.814901 7.194756 7.564532 7.942942 8.28646 8.618497 8.960712 9.242171 9.439044 9.586481 9.678085 9.750409 9.785322 9.87846 10.06167 10.26453 10.50466 10.82308 11.20326 11.61936 11.97076 12.12137 12.14467 12.08195 11.74321 11.3544 10.99276 10.67443 10.51582 10.25316 9.292738 6.620195 1.119514 -9.266091 -30.81008 -56.47942 -69.18987 -77.27343 -83.54279 -87.41982 -89.48952
.83411 .875196 .9921241 1.16784 1.488607 1.875895 2.292892 2.754746 3.225837 3.737033 4.11368 4.383837 4.569856 4.698709 4.828429 5.006965 5.282694 5.609947 5.928716 6.245229 6.587191 6.967126 7.367132 7.772043 8.186149 8.621413 9.055879 9.425274 9.661721 9.755561 9.814242 9.870966 9.890145 9.947962 10.06869 10.18896 10.36195 10.62365 10.96848 11.39934 11.79302 12.02279 12.13925 12.1652 11.87842 11.50748 11.14722 10.90637 10.83644 10.54645 9.291759 5.962793 -.4933532 -11.22715 -29.29814 -50.60575 -62.45369 -69.40654 -75.53237 -80.33115 -83.75498
.7033126 .6826863 .7466514 .8987247 1.231854 1.637539 2.079485 2.558683 3.036472 3.540504 3.94409 4.258158 4.481485 4.626701 4.750586 4.897112 5.09292 5.332922 5.60968 5.894689 6.227097 6.609413 7.024836 7.47476 7.957071 8.452048 8.945756 9.376884 9.599898 9.672016 9.727847 9.743378 9.747617 9.793327 9.845535 9.894112 10.02969 10.24361 10.55947 11.00624 11.44206 11.77339 11.98936 12.06342 11.82397 11.44828 11.00586 10.72517 10.6745 10.42396 9.163677 5.656038 -1.398499 -12.14481 -26.37856 -42.0597 -54.99708 -63.22301 -69.03281 -74.20115 -78.14974
.5745047 .4503286 .4214826 .5115926 .8291337 1.217734 1.645821 2.107636 2.576104 3.058762 3.49137 3.872006 4.150435 4.328983 4.457634 4.567056 4.689775 4.893 5.147132 5.429186 5.744119 6.089582 6.49592 6.959145 7.432892 7.936213 8.457362 8.913908 9.164581 9.237639 9.266895 9.25604 9.27852 9.287633 9.306802 9.335817 9.432703 9.617161 9.940091 10.42151 10.93825 11.36929 11.6655 11.77437 11.57284 11.16166 10.60963 10.18308 10.06956 9.86821 8.851194 5.798728 -.7517388 -10.53947 -22.74439 -36.78535 -49.22757 -58.14516 -64.53201 -69.7344 -74.05647
.4649042 .1950247 .04160618 .0285182 .3078806 .6553313 1.051152 1.481799 1.942859 2.416897 2.879569 3.309945 3.629647 3.826016 3.950321 4.028828 4.146303 4.333225 4.565052 4.833865 5.100548 5.401924 5.766329 6.1872 6.619436 7.101787 7.604223 8.089101 8.40817 8.509748 8.581979 8.611467 8.646215 8.635284 8.641492 8.66138 8.740046 8.920116 9.266593 9.784223 10.37396 10.87712 11.20175 11.28185 11.12744 10.67078 10.05987 9.510181 9.230529 9.021187 8.294422 5.995186 .4878808 -8.512422 -19.83321 -32.70347 -45.3035 -54.57547 -61.40162 -66.96665 -71.25903
.3930255 -.05741518 -.3639182 -.5176234 -.3046554 -.01791249 .3347878 .7219582 1.162793 1.628427 2.107943 2.56265 2.916629 3.127498 3.248835 3.355371 3.506088 3.673122 3.869258 4.075253 4.258315 4.499216 4.791397 5.16257 5.562341 6.016133 6.512823 7.023592 7.422674 7.64065 7.788757 7.883982 7.916097 7.927486 7.949333 8.005992 8.080111 8.288994 8.663022 9.197103 9.79847 10.29188 10.59255 10.59149 10.48962 9.998211 9.413777 8.80064 8.355162 8.066632 7.503952 5.899532 1.570292 -6.705457 -17.74858 -29.86838 -41.98298 -52.14716 -59.83239 -65.3881 -69.56279
.3987825 -.2791395 -.7769101 -1.092868 -.9784505 -.7627974 -.455121 -.1081365 .2996444 .7423849 1.202539 1.657561 2.017619 2.258748 2.410149 2.550061 2.687161 2.833308 2.973631 3.067947 3.175822 3.339181 3.600517 3.934712 4.329216 4.771077 5.278286 5.83783 6.343897 6.686618 6.891745 7.076703 7.14143 7.224924 7.290487 7.378839 7.500082 7.712141 8.067348 8.563478 9.123279 9.576216 9.830238 9.833644 9.739647 9.311506 8.766349 8.128287 7.581961 7.181957 6.670353 5.417191 2.044466 -5.329265 -16.63878 -28.98121 -40.90495 -51.84322 -59.52623 -64.70086 -68.75981
.5226722 -.4068445 -1.146606 -1.626323 -1.678268 -1.570366 -1.339556 -1.056036 -.6926904 -.2776409 .1750696 .6445436 1.010506 1.270472 1.436549 1.563079 1.663441 1.792094 1.864624 1.882221 1.932488 2.047453 2.279389 2.586307 2.982246 3.428639 3.969622 4.588059 5.193578 5.644586 5.943214 6.213833 6.349349 6.472492 6.622992 6.759676 6.898537 7.104775 7.441079 7.913733 8.445319 8.88845 9.144624 9.208714 9.121072 8.772656 8.22543 7.527442 6.898197 6.407688 5.905163 4.84032 1.932934 -4.764113 -16.11724 -29.77811 -42.28582 -52.55052 -60.03484 -65.0667 -68.71067
.6850607 -.4664365 -1.451225 -2.097792 -2.354293 -2.364523 -2.216012 -2.003365 -1.696467 -1.331837 -.9058574 -.4468703 -.07580085 .1826324 .3458364 .4680705 .5479716 .6543987 .7290353 .7338868 .7351881 .7881805 .9611208 1.237515 1.61074 2.062128 2.630621 3.28761 3.981672 4.517384 4.928641 5.274765 5.534625 5.731298 5.99646 6.219751 6.385509 6.597579 6.932725 7.384581 7.914214 8.364305 8.60335 8.676352 8.574407 8.260686 7.72341 7.008837 6.313762 5.753311 5.222507 4.312404 1.673277 -4.748531 -15.89774 -30.4922 -44.17123 -54.3089 -60.97106 -65.65929 -68.93033
.8234794 -.4650496 -1.631186 -2.4692 -2.935539 -3.094458 -3.053406 -2.933567 -2.695641 -2.379067 -1.966692 -1.51611 -1.156308 -.9193775 -.7716084 -.6516131 -.5608609 -.4441904 -.3228487 -.2907202 -.3338544 -.343919 -.2419845 .006639813 .3506636 .8201091 1.393815 2.076921 2.857141 3.469368 4.006565 4.450042 4.845902 5.163174 5.507778 5.803073 6.013705 6.256777 6.607492 7.049701 7.541223 7.936123 8.149763 8.21881 8.141711 7.841142 7.320364 6.640864 5.89628 5.248267 4.650194 3.737605 1.354693 -4.671508 -15.66562 -31.0117 -45.79792 -56.10967 -62.36638 -66.38286 -68.86167
1.013208 -.3583175 -1.651677 -2.702281 -3.395958 -3.735106 -3.818618 -3.795253 -3.616571 -3.360176 -2.973445 -2.535216 -2.173849 -1.912746 -1.727882 -1.586271 -1.467142 -1.318975 -1.162565 -1.105389 -1.154943 -1.188367 -1.128634 -.9018219 -.5803503 -.1194338 .4546816 1.179057 2.009923 2.712756 3.342725 3.90676 4.408861 4.845459 5.243082 5.614838 5.938086 6.241576 6.574858 6.965914 7.382548 7.773086 8.038901 8.10977 8.012796 7.678507 7.143108 6.463991 5.696048 4.955945 4.262614 3.253622 .9717922 -4.594241 -15.36409 -31.21429 -46.68586 -57.35543 -63.45288 -66.84469 -68.6614
1.319639 -.1160352 -1.507407 -2.726531 -3.663821 -4.202858 -4.426896 -4.522924 -4.404106 -4.198772 -3.832004 -3.401772 -3.042074 -2.756194 -2.544277 -2.391945 -2.265802 -2.088875 -1.877324 -1.752297 -1.734063 -1.732879 -1.673975 -1.460397 -1.128168 -.660813 -.1042739 .6386386 1.525003 2.300523 2.970838 3.636676 4.192461 4.711986 5.173302 5.610577 6.01472 6.362731 6.682127 7.027451 7.435502 7.856336 8.130161 8.161809 8.033126 7.667045 7.109971 6.411673 5.652232 4.868041 4.096713 3.009676 .6488349 -4.669266 -14.94188 -30.55454 -46.36317 -57.11597 -63.43335 -66.45593 -67.1965
1.59747 .1075234 -1.347163 -2.665012 -3.768113 -4.516614 -4.894477 -5.098861 -5.018502 -4.841824 -4.506784 -4.106435 -3.744298 -3.419786 -3.154059 -2.952343 -2.821382 -2.638712 -2.385204 -2.167193 -2.083985 -2.023588 -1.929262 -1.738845 -1.405042 -.9500275 -.4350038 .29552 1.240611 2.07743 2.78101 3.522807 4.11709 4.701389 5.236937 5.712306 6.152163 6.545649 6.883365 7.229643 7.638635 8.041306 8.294718 8.279716 8.121344 7.765738 7.218411 6.506046 5.71427 4.918228 4.094441 2.984357 .574784 -4.539878 -14.15989 -29.13522 -45.09991 -55.96779 -61.85801 -64.44007 -64.40675
1.870003 .3534649 -1.135952 -2.521979 -3.697863 -4.629082 -5.184098 -5.486086 -5.435698 -5.275572 -4.959118 -4.572633 -4.217993 -3.861573 -3.537798 -3.252721 -3.085273 -2.894544 -2.597473 -2.282296 -2.119853 -1.990406 -1.82449 -1.650441 -1.334771 -.9131124 -.4597616 .2093895 1.172889 2.097831 2.816949 3.597993 4.232937 4.842896 5.433266 5.929487 6.384015 6.821173 7.193933 7.544319 7.918269 8.266825 8.475116 8.444594 8.286445 7.964468 7.472715 6.764589 5.920492 5.081988 4.215363 3.124925 .780727 -4.192108 -13.30452 -27.48725 -42.98701 -53.64429 -58.94942 -60.79856 -59.6371
2.14227 .6874073 -.7421866 -2.133487 -3.381767 -4.469316 -5.210689 -5.611879 -5.583396 -5.405105 -5.087407 -4.693025 -4.322362 -3.943996 -3.574296 -3.218498 -2.992763 -2.752273 -2.39404 -2.002389 -1.738546 -1.526834 -1.307702 -1.137905 -.8669273 -.4743784 -.05670698 .5260512 1.402435 2.38975 3.119328 3.883706 4.545199 5.146299 5.764904 6.290205 6.749392 7.221731 7.64126 7.993216 8.331937 8.636132 8.827861 8.848823 8.702384 8.37458 7.884485 7.207781 6.311783 5.38038 4.457742 3.376991 1.188228 -3.592187 -12.16952 -25.10712 -38.79192 -49.27695 -54.61943 -55.53215 -52.72798
2.42261 1.046904 -.3367356 -1.732938 -2.997521 -4.123744 -4.987729 -5.492339 -5.498136 -5.283323 -4.927002 -4.499012 -4.128388 -3.685265 -3.250046 -2.846244 -2.531448 -2.226184 -1.805211 -1.343551 -.9682832 -.6727535 -.3990875 -.2171831 .004695518 .3484789 .7246899 1.212431 1.940344 2.869173 3.613264 4.317477 4.989008 5.578825 6.185373 6.741395 7.206148 7.689535 8.152116 8.511004 8.83848 9.133712 9.331454 9.378099 9.218281 8.874188 8.338554 7.666499 6.793047 5.797659 4.825046 3.733847 1.74399 -2.659299 -10.50792 -21.68433 -33.53127 -42.9832 -48.06977 -47.74962 -43.53246
2.625937 1.351394 .01111891 -1.365069 -2.666019 -3.826799 -4.712782 -5.24921 -5.322292 -5.062368 -4.630938 -4.118804 -3.753415 -3.303356 -2.844576 -2.409316 -2.030509 -1.660322 -1.167767 -.6216385 -.1461819 .2542395 .6044578 .8371685 1.030237 1.30683 1.642723 2.051403 2.628846 3.41583 4.150666 4.804522 5.456984 6.042732 6.600521 7.157554 7.63466 8.108918 8.597449 8.969545 9.298965 9.606291 9.822015 9.880435 9.730371 9.360875 8.771152 8.03434 7.216691 6.246107 5.271139 4.193524 2.363915 -1.654155 -8.796113 -18.43863 -28.70197 -36.60801 -40.06916 -38.97502 -34.21444
2.748337 1.604067 .3210187 -1.005661 -2.269132 -3.408997 -4.301687 -4.918905 -5.098274 -4.81679 -4.27444 -3.655331 -3.280488 -2.888655 -2.444694 -2.02177 -1.587451 -1.155567 -.6055905 .02318358 .6113826 1.10631 1.545227 1.862448 2.057868 2.296366 2.60462 2.95248 3.406925 4.015192 4.681301 5.31775 5.917586 6.482203 6.986025 7.506509 7.998565 8.44745 8.939205 9.339306 9.690233 10.02006 10.25738 10.32469 10.18152 9.781619 9.136054 8.344941 7.525231 6.663145 5.752194 4.740861 3.030276 -.6680923 -7.377363 -15.96991 -24.20023 -30.37441 -32.98086 -31.35143 -26.56622
2.8273 1.804845 .5970073 -.6796841 -1.937888 -3.067862 -3.958231 -4.583634 -4.818005 -4.573596 -3.948678 -3.23853 -2.803632 -2.502914 -2.117218 -1.754496 -1.258974 -.7653342 -.1871404 .5148412 1.21467 1.815171 2.325067 2.72627 2.980636 3.196594 3.492847 3.809388 4.178586 4.68033 5.25073 5.830861 6.365971 6.871436 7.335298 7.796591 8.265501 8.687805 9.160418 9.598175 9.967636 10.3202 10.57432 10.66005 10.51783 10.09316 9.399205 8.593888 7.753754 6.984684 6.197237 5.326619 3.773095 .3828906 -5.845311 -13.55151 -20.04823 -24.63968 -26.26695 -24.14145 -19.649
2.832484 1.897571 .7825852 -.4438904 -1.691493 -2.777228 -3.687181 -4.316248 -4.578388 -4.365089 -3.682982 -2.884206 -2.35731 -2.12609 -1.858531 -1.576719 -1.069656 -.4908095 .1017675 .8467974 1.628576 2.319757 2.893759 3.377258 3.703169 3.941594 4.243326 4.572904 4.913149 5.377512 5.847539 6.335485 6.801622 7.236925 7.653304 8.049286 8.425274 8.816765 9.253862 9.725087 10.10193 10.45682 10.71658 10.82586 10.6869 10.24354 9.557159 8.772204 7.949064 7.183229 6.50804 5.803967 4.476428 1.444681 -4.000681 -10.82085 -16.19939 -19.44479 -20.08141 -17.94791 -14.37225
2.835782 1.969849 .9434511 -.2651021 -1.475975 -2.544299 -3.440955 -4.001084 -4.27024 -4.088121 -3.377624 -2.500137 -1.92694 -1.714961 -1.562982 -1.38913 -.9749539 -.3760391 .209485 .9447125 1.783216 2.556113 3.218793 3.791006 4.214166 4.535313 4.878563 5.260454 5.592595 6.014553 6.420423 6.799703 7.190222 7.534074 7.856228 8.145725 8.4443 8.800163 9.21945 9.701 10.07047 10.39811 10.64115 10.75792 10.61697 10.17517 9.587848 8.874807 8.094216 7.30702 6.679178 6.114712 5.061282 2.456593 -2.238821 -7.797871 -12.43227 -15.1236 -15.66346 -13.757 -10.77673
2.788768 2.03962 1.119504 -.02617021 -1.202481 -2.305459 -3.215379 -3.78591 -4.088726 -3.951519 -3.212219 -2.285427 -1.678168 -1.475301 -1.394354 -1.337044 -1.076044 -.5475935 .0151197 .7081662 1.559758 2.388483 3.132492 3.806272 4.352583 4.772869 5.176056 5.564465 5.917635 6.307226 6.664285 6.953734 7.232969 7.475682 7.703711 7.932318 8.209333 8.543008 8.92687 9.366652 9.747143 10.0656 10.28643 10.40583 10.26375 9.899303 9.490079 8.906147 8.203833 7.418245 6.75908 6.226723 5.410242 3.385859 -.5211186 -5.183034 -8.80213 -11.06371 -11.78908 -10.40345 -8.222831
