py_wake/examples/data/AJ_ParqueFicticio/Ridge area   Sector 9   Height 200m   Weibull-k.grd
DSAA
90  129
 262878   265103
 6504214   6507414
 .7597656   2.556641
[rows 27 to 53 of 129, columns 0 to 61 of 90]
2.552734 2.552734 2.552734 2.552734 2.552734 2.552734 2.552734 2.552734 2.552734 2.552734 2.552734 2.552734 2.548828 2.548828 2.548828 2.548828 2.548828 2.544922 2.544922 2.544922 2.541016 2.541016 2.541016 2.537109 2.537109 2.533203 2.533203 2.529297 2.525391 2.521484 2.521484 2.517578 2.513672 2.509766 2.501953 2.498047 2.490234 2.482422 2.474609 2.466797 2.458984 2.451172 2.451172 2.451172 2.455078 2.462891 2.466797 2.474609 2.482422 2.486328 2.498047 2.525391 1.287109 1.541016 1.716797 1.556641 1.736328 2.333984 2.333984 2.333984 2.333984 2.333984
2.552734 2.552734 2.552734 2.552734 2.552734 2.552734 2.552734 2.552734 2.552734 2.552734 2.552734 2.552734 2.548828 2.548828 2.548828 2.548828 2.544922 2.544922 2.541016 2.541016 2.537109 2.537109 2.533203 2.533203 2.529297 2.529297 2.525391 2.521484 2.517578 2.513672 2.509766 2.505859 2.505859 2.498047 2.494141 2.490234 2.482422 2.474609 2.466797 2.455078 2.447266 2.443359 2.439453 2.443359 2.447266 2.455078 2.462891 2.470703 2.478516 2.486328 2.498047 2.529297 1.263672 1.451172 1.787109 1.599609 1.732422 1.708984 2.333984 2.333984 2.333984 2.333984
2.552734 2.552734 2.552734 2.552734 2.552734 2.552734 2.552734 2.552734 2.552734 2.552734 2.552734 2.552734 2.548828 2.548828 2.548828 2.544922 2.544922 2.541016 2.541016 2.537109 2.533203 2.533203 2.529297 2.525391 2.521484 2.517578 2.513672 2.509766 2.505859 2.501953 2.501953 2.498047 2.494141 2.490234 2.486328 2.482422 2.474609 2.466797 2.458984 2.447266 2.439453 2.431641 2.431641 2.435547 2.439453 2.447266 2.458984 2.466797 2.474609 2.482422 2.498047 2.533203 1.900391 1.669922 1.802734 1.669922 1.712891 1.662109 2.333984 2.333984 2.333984 2.333984
2.552734 2.552734 2.552734 2.552734 2.552734 2.552734 2.552734 2.552734 2.552734 2.552734 2.552734 2.552734 2.552734 2.548828 2.548828 2.548828 2.544922 2.541016 2.537109 2.537109 2.533203 2.525391 2.521484 2.517578 2.513672 2.509766 2.505859 2.498047 2.494141 2.490234 2.486328 2.486328 2.482422 2.478516 2.474609 2.470703 2.466797 2.458984 2.451172 2.443359 2.435547 2.427734 2.427734 2.431641 2.435547 2.447266 2.455078 2.462891 2.470703 2.482422 2.505859 2.537109 2.517578 1.861328 1.869141 1.654297 1.654297 1.572266 2.333984 2.333984 2.333984 2.333984
2.552734 2.552734 2.552734 2.552734 2.552734 2.552734 2.552734 2.552734 2.552734 2.552734 2.552734 2.552734 2.552734 2.548828 2.548828 2.548828 2.544922 2.544922 2.541016 2.537109 2.533203 2.525391 2.521484 2.517578 2.509766 2.505859 2.498047 2.494141 2.486328 2.482422 2.478516 2.474609 2.470703 2.470703 2.466797 2.462891 2.458984 2.455078 2.447266 2.439453 2.431641 2.427734 2.423828 2.427734 2.435547 2.443359 2.455078 2.462891 2.470703 2.486328 2.513672 2.537109 2.505859 2.349609 1.642578 1.650391 1.583984 1.431641 2.333984 2.333984 2.333984 2.333984
2.552734 2.552734 2.552734 2.552734 2.552734 2.552734 2.552734 2.552734 2.552734 2.552734 2.552734 2.552734 2.548828 2.548828 2.548828 2.548828 2.544922 2.544922 2.541016 2.537109 2.533203 2.529297 2.525391 2.517578 2.513672 2.505859 2.498047 2.490234 2.482422 2.474609 2.470703 2.466797 2.462891 2.458984 2.458984 2.455078 2.451172 2.447266 2.443359 2.435547 2.427734 2.423828 2.419922 2.423828 2.431641 2.439453 2.451172 2.462891 2.470703 2.490234 2.525391 2.537109 2.490234 1.888672 1.865234 1.705078 1.572266 1.322266 1.244141 2.333984 2.333984 2.314453
2.552734 2.552734 2.552734 2.552734 2.552734 2.552734 2.552734 2.552734 2.552734 2.552734 2.552734 2.552734 2.548828 2.548828 2.548828 2.548828 2.548828 2.544922 2.544922 2.541016 2.537109 2.533203 2.529297 2.521484 2.517578 2.509766 2.498047 2.490234 2.478516 2.470703 2.466797 2.458984 2.455078 2.455078 2.451172 2.447266 2.447266 2.443359 2.439453 2.431641 2.423828 2.419922 2.416016 2.419922 2.427734 2.439453 2.451172 2.458984 2.474609 2.498047 2.537109 2.525391 1.478516 1.888672 1.888672 1.888672 1.888672 1.888672 1.095703 2.333984 1.623047 1.603516
2.552734 2.552734 2.552734 2.552734 2.552734 2.552734 2.552734 2.552734 2.552734 2.552734 2.552734 2.552734 2.548828 2.548828 2.548828 2.548828 2.548828 2.548828 2.544922 2.544922 2.541016 2.537109 2.533203 2.529297 2.521484 2.513672 2.505859 2.494141 2.482422 2.474609 2.466797 2.462891 2.458984 2.455078 2.451172 2.447266 2.447266 2.443359 2.439453 2.431641 2.427734 2.419922 2.416016 2.419922 2.427734 2.435547 2.451172 2.462891 2.474609 2.501953 2.541016 1.392578 1.630859 1.888672 1.888672 1.888672 1.888672 1.888672 1.888672 1.888672 .9824219 1.318359
2.552734 2.552734 2.552734 2.552734 2.552734 2.552734 2.552734 2.552734 2.552734 2.552734 2.552734 2.552734 2.552734 2.552734 2.552734 2.552734 2.548828 2.548828 2.548828 2.544922 2.544922 2.541016 2.541016 2.537109 2.529297 2.525391 2.513672 2.505859 2.494141 2.486328 2.478516 2.474609 2.466797 2.462891 2.458984 2.458984 2.455078 2.451172 2.447266 2.439453 2.431641 2.423828 2.419922 2.419922 2.427734 2.439453 2.455078 2.466797 2.478516 2.501953 2.537109 1.853516 1.853516 1.888672 1.888672 1.888672 1.888672 1.888672 1.888672 1.888672 1.888672 1.888672
2.552734 2.552734 2.552734 2.552734 2.552734 2.552734 2.552734 2.552734 2.552734 2.552734 2.552734 2.552734 2.552734 2.552734 2.552734 2.552734 2.552734 2.552734 2.548828 2.548828 2.548828 2.544922 2.544922 2.541016 2.537109 2.533203 2.525391 2.517578 2.509766 2.501953 2.494141 2.490234 2.482422 2.478516 2.474609 2.470703 2.466797 2.462891 2.458984 2.447266 2.439453 2.431641 2.427734 2.427734 2.431641 2.443359 2.458984 2.474609 2.482422 2.501953 2.533203 2.306641 1.478516 1.888672 1.888672 1.888672 1.888672 1.888672 1.888672 1.888672 1.888672 1.888672
2.552734 2.552734 2.552734 2.552734 2.552734 2.552734 2.552734 2.552734 2.552734 2.552734 2.552734 2.552734 2.552734 2.552734 2.552734 2.552734 2.552734 2.552734 2.552734 2.552734 2.552734 2.548828 2.548828 2.548828 2.544922 2.541016 2.537109 2.529297 2.525391 2.517578 2.509766 2.501953 2.498047 2.494141 2.490234 2.482422 2.478516 2.474609 2.466797 2.458984 2.451172 2.443359 2.435547 2.439453 2.443359 2.455078 2.466797 2.478516 2.490234 2.501953 2.525391 2.501953 2.130859 1.533203 1.888672 1.888672 1.888672 1.888672 1.888672 1.888672 1.888672 2.552734
2.552734 2.552734 2.544922 2.544922 2.548828 2.552734 2.552734 2.552734 2.552734 2.552734 2.552734 2.552734 2.552734 2.556641 2.552734 2.552734 2.552734 2.552734 2.552734 2.552734 2.552734 2.552734 2.552734 2.552734 2.548828 2.548828 2.544922 2.541016 2.533203 2.529297 2.521484 2.517578 2.513672 2.505859 2.501953 2.498047 2.494141 2.486328 2.482422 2.470703 2.462891 2.455078 2.451172 2.451172 2.455078 2.462891 2.474609 2.486328 2.498047 2.505859 2.521484 2.521484 2.447266 2.134766 1.365234 1.888672 1.888672 1.888672 1.888672 1.888672 2.552734 2.552734
2.552734 2.541016 2.533203 2.529297 2.533203 2.541016 2.548828 2.552734 2.552734 2.552734 2.552734 2.552734 2.556641 2.552734 2.552734 2.552734 2.552734 2.552734 2.552734 2.552734 2.552734 2.552734 2.552734 2.552734 2.552734 2.552734 2.548828 2.544922 2.541016 2.537109 2.533203 2.529297 2.525391 2.521484 2.513672 2.509766 2.505859 2.501953 2.494141 2.486328 2.478516 2.466797 2.462891 2.462891 2.462891 2.470703 2.478516 2.490234 2.501953 2.509766 2.521484 2.505859 2.494141 2.427734 2.115234 1.458984 1.888672 1.888672 1.888672 1.888672 2.552734 2.552734
2.552734 2.537109 2.525391 2.521484 2.521484 2.525391 2.529297 2.537109 2.548828 2.552734 2.552734 2.552734 2.552734 2.552734 2.552734 2.552734 2.552734 2.552734 2.552734 2.552734 2.552734 2.552734 2.552734 2.552734 2.552734 2.552734 2.552734 2.552734 2.548828 2.544922 2.541016 2.537109 2.533203 2.529297 2.525391 2.521484 2.517578 2.509766 2.505859 2.498047 2.490234 2.478516 2.474609 2.470703 2.470703 2.478516 2.486328 2.498047 2.505859 2.513672 2.513672 2.490234 2.466797 2.451172 2.392578 1.900391 1.845703 1.888672 1.888672 1.888672 2.552734 2.552734
2.552734 2.529297 2.517578 2.513672 2.509766 2.513672 2.517578 2.521484 2.529297 2.537109 2.548828 2.552734 2.552734 2.552734 2.552734 2.552734 2.552734 2.552734 2.552734 2.552734 2.552734 2.552734 2.552734 2.552734 2.552734 2.552734 2.552734 2.552734 2.552734 2.548828 2.544922 2.541016 2.541016 2.537109 2.533203 2.529297 2.525391 2.517578 2.513672 2.505859 2.498047 2.490234 2.482422 2.478516 2.478516 2.482422 2.490234 2.501953 2.509766 2.517578 2.513672 2.482422 2.427734 2.349609 2.341797 2.330078 2.150391 2.048828 2.013672 2.212891 2.189453 2.361328
2.548828 2.529297 2.513672 2.505859 2.501953 2.505859 2.505859 2.509766 2.513672 2.521484 2.529297 2.537109 2.544922 2.552734 2.552734 2.552734 2.552734 2.552734 2.552734 2.552734 2.552734 2.552734 2.552734 2.552734 2.552734 2.552734 2.552734 2.552734 2.552734 2.548828 2.548828 2.544922 2.541016 2.541016 2.537109 2.533203 2.529297 2.521484 2.517578 2.509766 2.501953 2.494141 2.486328 2.486328 2.482422 2.486328 2.494141 2.501953 2.509766 2.521484 2.521484 2.482422 2.408203 2.248047 2.150391 2.294922 2.322266 2.291016 2.333984 2.333984 2.333984 2.369141
2.548828 2.525391 2.513672 2.501953 2.498047 2.498047 2.498047 2.501953 2.505859 2.509766 2.513672 2.521484 2.525391 2.533203 2.537109 2.541016 2.544922 2.548828 2.552734 2.552734 2.552734 2.552734 2.552734 2.552734 2.552734 2.552734 2.552734 2.552734 2.552734 2.552734 2.548828 2.544922 2.544922 2.541016 2.537109 2.533203 2.529297 2.525391 2.521484 2.513672 2.505859 2.498047 2.490234 2.486328 2.486328 2.490234 2.494141 2.501953 2.509766 2.521484 2.529297 2.494141 2.408203 2.193359 2.005859 2.150391 2.333984 2.333984 2.333984 2.333984 2.333984 2.326172
2.544922 2.529297 2.513672 2.501953 2.494141 2.494141 2.494141 2.494141 2.498047 2.501953 2.505859 2.509766 2.513672 2.521484 2.525391 2.529297 2.529297 2.533203 2.537109 2.541016 2.544922 2.544922 2.544922 2.548828 2.552734 2.552734 2.552734 2.552734 2.552734 2.548828 2.548828 2.544922 2.544922 2.541016 2.537109 2.533203 2.529297 2.525391 2.521484 2.513672 2.505859 2.498047 2.490234 2.486328 2.486328 2.490234 2.494141 2.501953 2.509766 2.517578 2.529297 2.521484 2.423828 2.189453 1.951172 2.021484 2.333984 2.333984 2.333984 2.333984 2.333984 2.287109
2.544922 2.533203 2.517578 2.501953 2.494141 2.490234 2.486328 2.486328 2.490234 2.490234 2.498047 2.501953 2.505859 2.509766 2.513672 2.517578 2.521484 2.525391 2.529297 2.533203 2.537109 2.537109 2.541016 2.544922 2.548828 2.552734 2.552734 2.552734 2.552734 2.548828 2.548828 2.544922 2.541016 2.537109 2.537109 2.533203 2.529297 2.525391 2.517578 2.513672 2.505859 2.498047 2.494141 2.490234 2.486328 2.490234 2.494141 2.501953 2.509766 2.517578 2.525391 2.537109 2.462891 2.232422 1.974609 1.970703 2.306641 2.333984 2.333984 2.333984 2.333984 2.201172
2.541016 2.541016 2.521484 2.509766 2.498047 2.490234 2.482422 2.478516 2.482422 2.486328 2.490234 2.494141 2.498047 2.501953 2.509766 2.513672 2.517578 2.521484 2.525391 2.529297 2.533203 2.537109 2.541016 2.541016 2.544922 2.552734 2.552734 2.552734 2.548828 2.548828 2.544922 2.541016 2.537109 2.537109 2.533203 2.529297 2.525391 2.521484 2.517578 2.509766 2.505859 2.498047 2.490234 2.486328 2.486328 2.486328 2.490234 2.498047 2.505859 2.513672 2.525391 2.537109 2.517578 2.318359 2.080078 2.013672 2.185547 2.333984 2.333984 2.333984 2.298828 2.072266
2.541016 2.548828 2.529297 2.513672 2.505859 2.494141 2.482422 2.478516 2.474609 2.478516 2.482422 2.486328 2.490234 2.498047 2.501953 2.505859 2.509766 2.513672 2.521484 2.525391 2.529297 2.533203 2.541016 2.541016 2.544922 2.548828 2.552734 2.548828 2.544922 2.544922 2.541016 2.537109 2.533203 2.529297 2.525391 2.525391 2.521484 2.517578 2.509766 2.505859 2.498047 2.490234 2.482422 2.478516 2.478516 2.482422 2.486328 2.494141 2.501953 2.513672 2.521484 2.533203 2.548828 2.427734 2.259766 2.166016 2.197266 2.318359 2.333984 2.333984 2.177734 2.005859
2.544922 2.548828 2.537109 2.521484 2.509766 2.501953 2.486328 2.478516 2.470703 2.470703 2.474609 2.478516 2.482422 2.490234 2.494141 2.498047 2.505859 2.509766 2.513672 2.521484 2.525391 2.529297 2.537109 2.541016 2.544922 2.548828 2.544922 2.544922 2.541016 2.537109 2.533203 2.533203 2.529297 2.525391 2.521484 2.517578 2.513672 2.509766 2.505859 2.498047 2.490234 2.486328 2.478516 2.474609 2.470703 2.474609 2.482422 2.490234 2.498047 2.509766 2.521484 2.533203 2.544922 2.505859 2.423828 2.373047 2.337891 2.326172 2.322266 2.287109 2.193359 2.083984
2.544922 2.548828 2.548828 2.533203 2.517578 2.509766 2.498047 2.482422 2.470703 2.466797 2.466797 2.474609 2.474609 2.478516 2.482422 2.490234 2.494141 2.498047 2.505859 2.509766 2.517578 2.525391 2.533203 2.537109 2.541016 2.541016 2.541016 2.537109 2.537109 2.533203 2.529297 2.525391 2.521484 2.517578 2.513672 2.513672 2.509766 2.505859 2.498047 2.494141 2.486328 2.478516 2.470703 2.466797 2.466797 2.470703 2.478516 2.486328 2.498047 2.505859 2.517578 2.529297 2.544922 2.541016 2.494141 2.443359 2.404297 2.380859 2.369141 2.365234 2.326172 2.255859
2.548828 2.548828 2.552734 2.541016 2.525391 2.517578 2.505859 2.490234 2.470703 2.462891 2.462891 2.466797 2.466797 2.470703 2.474609 2.478516 2.482422 2.490234 2.494141 2.501953 2.509766 2.517578 2.529297 2.537109 2.537109 2.533203 2.533203 2.529297 2.529297 2.525391 2.521484 2.517578 2.513672 2.509766 2.509766 2.505859 2.501953 2.498047 2.494141 2.486328 2.482422 2.474609 2.466797 2.462891 2.462891 2.462891 2.474609 2.482422 2.494141 2.505859 2.517578 2.529297 2.541016 2.552734 2.490234 2.337891 2.244141 2.259766 2.318359 2.396484 2.435547 2.423828
2.548828 2.552734 2.552734 2.552734 2.533203 2.525391 2.517578 2.501953 2.474609 2.458984 2.462891 2.466797 2.470703 2.466797 2.470703 2.470703 2.474609 2.482422 2.486328 2.490234 2.501953 2.509766 2.521484 2.529297 2.529297 2.525391 2.525391 2.521484 2.517578 2.513672 2.509766 2.505859 2.501953 2.498047 2.498047 2.494141 2.494141 2.490234 2.486328 2.482422 2.478516 2.470703 2.462891 2.458984 2.458984 2.462891 2.470703 2.482422 2.494141 2.505859 2.513672 2.525391 2.541016 2.552734 2.470703 2.208984 2.025391 2.005859 2.111328 2.279297 2.416016 2.474609
2.552734 2.552734 2.552734 2.552734 2.541016 2.533203 2.525391 2.513672 2.482422 2.455078 2.455078 2.466797 2.474609 2.474609 2.470703 2.466797 2.470703 2.474609 2.478516 2.486328 2.490234 2.501953 2.509766 2.521484 2.521484 2.517578 2.513672 2.509766 2.505859 2.498047 2.494141 2.490234 2.486328 2.486328 2.486328 2.486328 2.486328 2.486328 2.482422 2.478516 2.474609 2.466797 2.462891 2.458984 2.458984 2.462891 2.470703 2.482422 2.494141 2.501953 2.513672 2.525391 2.537109 2.552734 2.455078 2.162109 1.931641 1.869141 1.947266 2.138672 2.330078 2.439453
2.552734 2.552734 2.552734 2.552734 2.552734 2.537109 2.533203 2.521484 2.498047 2.458984 2.455078 2.474609 2.482422 2.478516 2.470703 2.462891 2.462891 2.474609 2.478516 2.482422 2.490234 2.498047 2.505859 2.513672 2.521484 2.517578 2.509766 2.505859 2.498047 2.490234 2.486328 2.482422 2.478516 2.478516 2.478516 2.478516 2.482422 2.482422 2.478516 2.478516 2.474609 2.470703 2.466797 2.462891 2.462891 2.466797 2.474609 2.482422 2.494141 2.505859 2.513672 2.521484 2.537109 2.548828 2.458984 2.169922 1.958984 1.880859 1.923828 2.083984 2.267578 2.388672
