py_wake/examples/data/AJ_ParqueFicticio/Ridge area   Sector 3   Height 200m   Weibull-A.grd
DSAA
90  129
 262878   265103
 6504214   6507414
 .3814402   7.804301
[rows 27 to 53 of 129, columns 0 to 61 of 90]
1.730445 1.733475 1.752381 1.771928 1.789475 1.806978 1.820504 1.826886 1.82867 1.819912 1.793858 1.754107 1.708595 1.66485 1.633235 1.619731 1.623822 1.644548 1.676298 1.724097 1.820893 1.945026 2.078365 2.228513 2.382656 2.554388 2.745855 2.963917 3.206626 3.439901 3.665848 3.88396 4.097351 4.302638 4.478092 4.654659 4.83042 5.00186 5.189833 5.353734 5.478312 5.604956 5.729267 5.830767 5.876711 5.861902 5.789448 5.634717 5.409523 5.112278 4.742549 4.348277 3.970875 3.581513 3.20413 2.854571 2.545698 1.968027 1.92579 1.779847 1.550984 1.327558
1.718922 1.727395 1.750138 1.773876 1.800121 1.830424 1.858149 1.883238 1.903238 1.907609 1.891141 1.858104 1.809648 1.755785 1.705602 1.67198 1.655127 1.6544 1.667439 1.697476 1.766189 1.858539 1.963338 2.094959 2.230662 2.381978 2.563295 2.768688 3.003338 3.245081 3.472861 3.691927 3.916696 4.132944 4.327785 4.513439 4.697599 4.873293 5.064758 5.241227 5.391555 5.543985 5.691783 5.793765 5.820388 5.787368 5.699064 5.522087 5.269856 4.960476 4.578175 4.175127 3.7988 3.420398 3.062905 2.747043 2.453172 2.180116 1.869048 1.740232 1.532497 1.330886
1.702472 1.715935 1.739986 1.764111 1.795157 1.834211 1.873408 1.915115 1.955936 1.980145 1.971282 1.933852 1.887202 1.83739 1.784999 1.74168 1.709178 1.690256 1.681105 1.691351 1.734877 1.793888 1.864893 1.968823 2.085114 2.209508 2.381879 2.589477 2.824676 3.064055 3.290201 3.511307 3.733331 3.960339 4.176184 4.370381 4.562139 4.748068 4.945746 5.138415 5.316341 5.500436 5.677328 5.784018 5.793856 5.738901 5.624452 5.424051 5.147559 4.819125 4.417538 4.005416 3.631131 3.264876 2.923826 2.632984 2.348548 2.085596 1.801583 1.698397 1.518586 1.335513
1.680241 1.697114 1.721105 1.745186 1.778823 1.819988 1.863558 1.913872 1.97034 2.013993 2.007938 1.972682 1.931055 1.893736 1.855628 1.816538 1.780101 1.748726 1.721485 1.714778 1.745367 1.775043 1.817141 1.901734 1.996541 2.096214 2.263498 2.480665 2.710793 2.942235 3.16716 3.37526 3.57487 3.807018 4.042152 4.250252 4.446175 4.643734 4.854255 5.065979 5.274757 5.498709 5.701301 5.805647 5.81072 5.734684 5.582094 5.355947 5.050303 4.696419 4.282214 3.87111 3.505276 3.146814 2.802666 2.518744 2.258887 2.014876 1.721431 1.669378 1.514399 1.345189
1.645925 1.663186 1.686222 1.707758 1.741346 1.783681 1.828621 1.877738 1.931932 1.974761 1.977646 1.961938 1.940052 1.916838 1.893396 1.868728 1.83817 1.808984 1.790219 1.79178 1.809132 1.829737 1.86934 1.945619 2.029095 2.131268 2.291669 2.492264 2.694295 2.901807 3.114503 3.3226 3.528661 3.750139 3.970618 4.178771 4.376046 4.578371 4.79783 5.024657 5.257288 5.507654 5.713959 5.818995 5.832137 5.753057 5.57123 5.319157 4.995817 4.631334 4.223175 3.814308 3.453555 3.10559 2.746214 2.451802 2.22773 2.017725 1.600642 1.670642 1.529711 1.37107
1.609771 1.626748 1.648743 1.668568 1.700341 1.739565 1.780094 1.821527 1.864914 1.899979 1.911067 1.911419 1.90947 1.904536 1.895205 1.880582 1.860698 1.855341 1.86847 1.882509 1.897238 1.927979 1.976251 2.043874 2.129553 2.240388 2.387952 2.564572 2.739962 2.919482 3.119662 3.327568 3.537634 3.737247 3.932472 4.12882 4.324953 4.530074 4.754947 4.989851 5.240269 5.503961 5.701922 5.813691 5.839076 5.766599 5.588159 5.319858 4.995067 4.627186 4.230313 3.830083 3.474219 3.134209 2.756921 2.426344 2.220666 2.035705 1.865811 1.695192 1.543927 1.393383
1.571882 1.589308 1.610984 1.629713 1.660655 1.697536 1.733708 1.766508 1.797648 1.824549 1.842729 1.855424 1.866103 1.871547 1.868619 1.858125 1.851073 1.880344 1.930458 1.964342 1.993492 2.032052 2.083984 2.154049 2.238371 2.343547 2.487435 2.657201 2.816262 2.985337 3.166534 3.347251 3.546883 3.732508 3.908611 4.098003 4.291799 4.493655 4.716027 4.952592 5.218423 5.491909 5.683491 5.803041 5.841339 5.77672 5.621196 5.357513 5.032611 4.676619 4.311039 3.93603 3.583071 3.239203 2.87284 2.524407 2.285149 2.086298 1.906496 1.728444 1.557633 1.399122
1.533347 1.552476 1.574937 1.593867 1.627641 1.665436 1.700409 1.731908 1.758194 1.779984 1.802832 1.824102 1.841509 1.848823 1.842461 1.827758 1.835379 1.893142 1.964518 2.026815 2.072368 2.118645 2.183431 2.257724 2.338641 2.446856 2.5944 2.767428 2.947272 3.116477 3.275002 3.441213 3.618702 3.782604 3.953183 4.136323 4.308775 4.504535 4.713786 4.940893 5.213207 5.480996 5.665404 5.793755 5.847277 5.796225 5.671073 5.432541 5.133101 4.81237 4.471582 4.123952 3.771013 3.424591 3.089797 2.767089 2.462326 2.19083 1.957113 1.74805 1.55331 1.387727
1.506418 1.524999 1.543916 1.56069 1.60048 1.644135 1.685272 1.722544 1.753095 1.779273 1.805979 1.830448 1.851598 1.858968 1.850231 1.836666 1.856444 1.916129 1.988681 2.057342 2.120143 2.189776 2.269808 2.357105 2.456421 2.585648 2.741361 2.932494 3.13106 3.300291 3.45939 3.620375 3.773317 3.922174 4.087536 4.245138 4.405782 4.584725 4.773202 4.976931 5.231421 5.479532 5.656443 5.791674 5.862362 5.836195 5.733903 5.535844 5.262457 4.981914 4.690859 4.376911 4.046104 3.714607 3.381818 3.034494 2.691499 2.360708 2.037441 1.7673 1.519493 1.334873
1.498917 1.50814 1.517749 1.528104 1.574703 1.625861 1.675643 1.721195 1.761124 1.797316 1.829863 1.860554 1.89089 1.90274 1.899771 1.902417 1.922861 1.966535 2.028241 2.092859 2.164266 2.2514 2.34414 2.460471 2.594399 2.746765 2.929508 3.141979 3.355119 3.529032 3.68144 3.823967 3.963866 4.103915 4.253471 4.397914 4.542511 4.698081 4.859554 5.043365 5.266305 5.487594 5.660001 5.804026 5.897436 5.898625 5.803447 5.628535 5.407614 5.16777 4.92685 4.650413 4.341893 4.019363 3.684484 3.321357 2.930115 2.549643 2.157008 1.780657 1.469268 1.22221
1.515125 1.506093 1.500669 1.502129 1.552532 1.608622 1.664535 1.716878 1.766769 1.8159 1.859166 1.905333 1.951187 1.97491 1.98803 2.002005 2.020561 2.054179 2.101634 2.156796 2.24081 2.331286 2.439942 2.577041 2.740115 2.921848 3.124372 3.356556 3.596586 3.775803 3.91486 4.045028 4.173818 4.306443 4.432588 4.561121 4.689295 4.815491 4.942842 5.1022 5.306957 5.515966 5.691431 5.840706 5.951406 5.97936 5.880931 5.720943 5.536685 5.335611 5.117315 4.891647 4.609708 4.288448 3.955012 3.593791 3.18243 2.737629 2.264124 1.786605 1.391038 1.049734
1.567704 1.527721 1.502626 1.49656 1.543007 1.595025 1.650572 1.706196 1.762446 1.824718 1.884661 1.955876 2.022649 2.069495 2.092912 2.113234 2.144056 2.189436 2.229035 2.289492 2.377396 2.47354 2.585023 2.726403 2.900524 3.099503 3.317379 3.556857 3.802495 3.999695 4.149221 4.282818 4.401191 4.5154 4.624269 4.733918 4.835792 4.933615 5.042295 5.188205 5.377881 5.581607 5.758529 5.902058 6.012045 6.042941 5.957704 5.812279 5.644078 5.468974 5.272583 5.062532 4.803609 4.483004 4.140724 3.785963 3.366957 2.860975 2.331592 1.778448 1.26201 .7664769
1.648784 1.584602 1.538785 1.52773 1.556581 1.59534 1.644972 1.699848 1.761405 1.830462 1.904084 1.994797 2.082005 2.150041 2.196241 2.236361 2.292894 2.352071 2.41963 2.491544 2.57139 2.662226 2.77361 2.92248 3.093302 3.289922 3.510614 3.743803 3.980944 4.193192 4.361496 4.504131 4.630012 4.732029 4.829757 4.918459 5.005455 5.085896 5.177299 5.308576 5.480172 5.669014 5.828331 5.957417 6.056878 6.081227 6.013847 5.900814 5.750334 5.572429 5.391786 5.18682 4.919369 4.585491 4.234088 3.867859 3.434823 2.922612 2.355456 1.724535 1.043441 .6778058
1.75673 1.680836 1.617975 1.593827 1.595591 1.615016 1.653495 1.701162 1.762186 1.836501 1.924277 2.030788 2.133841 2.217076 2.292011 2.372715 2.445457 2.528843 2.625763 2.707905 2.783866 2.864163 2.978701 3.136498 3.313816 3.510742 3.71753 3.936219 4.171249 4.382525 4.561532 4.71419 4.847507 4.94198 5.029555 5.108436 5.176111 5.244143 5.32373 5.436264 5.586481 5.753149 5.896581 6.015911 6.11081 6.134606 6.078513 5.972304 5.828677 5.652328 5.475019 5.280917 4.989376 4.618262 4.257845 3.888793 3.439686 2.91115 2.336757 1.642195 .7084611 .653835
1.895595 1.81361 1.732701 1.680216 1.654949 1.653902 1.679889 1.717156 1.77331 1.849456 1.946072 2.062779 2.176875 2.281926 2.384849 2.488953 2.591708 2.692235 2.808042 2.901666 2.972535 3.063121 3.18436 3.351352 3.528352 3.730014 3.926375 4.136395 4.355113 4.56705 4.73743 4.893103 5.023647 5.107908 5.18817 5.280603 5.346051 5.389105 5.450849 5.547684 5.684681 5.850461 5.986992 6.086864 6.166651 6.192749 6.147347 6.030921 5.885911 5.717106 5.527369 5.312656 5.017688 4.623415 4.237803 3.856168 3.398496 2.855398 2.2598 1.526597 .4335968 .6948646
2.053115 1.959082 1.858646 1.773761 1.726672 1.712108 1.727561 1.747042 1.794458 1.866452 1.969383 2.094673 2.2172 2.334855 2.45286 2.573964 2.696102 2.819125 2.939409 3.044841 3.145234 3.239639 3.3585 3.518493 3.695904 3.886328 4.076636 4.276982 4.490948 4.695698 4.851013 5.006493 5.116353 5.202752 5.293203 5.388151 5.444314 5.478426 5.536994 5.630516 5.771966 5.919999 6.036818 6.125279 6.203678 6.230754 6.189426 6.093343 5.939325 5.756824 5.539626 5.289603 4.99411 4.596488 4.180013 3.779633 3.328408 2.779818 2.165094 1.402747 .394908 .6708366
2.20804 2.102035 1.994043 1.886901 1.814369 1.787186 1.785157 1.786599 1.824145 1.890189 1.992576 2.121633 2.252145 2.383704 2.51222 2.638767 2.764504 2.898107 3.039875 3.173321 3.285473 3.380997 3.495596 3.637918 3.800051 3.97677 4.151546 4.341226 4.557758 4.749612 4.899065 5.045039 5.146259 5.244344 5.345319 5.427152 5.488596 5.541762 5.611124 5.707908 5.827138 5.95117 6.067364 6.159618 6.238188 6.264058 6.221557 6.129534 5.984184 5.780254 5.535369 5.252958 4.932318 4.528054 4.091809 3.678576 3.239172 2.721499 2.104458 1.334918 .3814402 .432469
2.381972 2.262035 2.141212 2.026725 1.935177 1.879273 1.84221 1.826491 1.856404 1.917819 2.013297 2.136568 2.271195 2.413434 2.556945 2.699163 2.828009 2.963985 3.118398 3.278768 3.402721 3.51097 3.623122 3.740199 3.881656 4.03423 4.184381 4.366148 4.589651 4.775602 4.914566 5.04598 5.144374 5.248632 5.352711 5.431891 5.504271 5.585653 5.672153 5.759504 5.861263 5.981561 6.104241 6.20226 6.282766 6.302482 6.250448 6.155802 6.016018 5.804705 5.54016 5.23047 4.877643 4.463399 4.005994 3.56716 3.124515 2.642588 2.097767 1.429677 .5911176 .4131952
2.576745 2.449172 2.318019 2.197138 2.066993 1.954175 1.890959 1.865866 1.893823 1.95059 2.038383 2.153423 2.279611 2.420095 2.568937 2.72091 2.847847 2.97489 3.133473 3.305485 3.439532 3.564812 3.693249 3.790163 3.901881 4.033582 4.163457 4.336963 4.566271 4.754711 4.878586 4.999614 5.102748 5.211338 5.32069 5.404142 5.485103 5.58593 5.689451 5.781819 5.886957 6.017321 6.155771 6.254937 6.323809 6.339315 6.282994 6.179569 6.037894 5.837104 5.559433 5.234299 4.854328 4.41869 3.930851 3.450446 2.9936 2.546695 2.093783 1.597556 1.246928 1.439403
2.770252 2.628573 2.480245 2.331146 2.159898 2.009399 1.916647 1.888373 1.925567 1.983743 2.057574 2.151649 2.253956 2.372762 2.511698 2.655329 2.775419 2.894041 3.036539 3.184777 3.314933 3.440936 3.557249 3.652932 3.758753 3.880862 4.020719 4.185644 4.400967 4.60924 4.75542 4.884811 5.006334 5.122037 5.23927 5.334393 5.421147 5.53368 5.649928 5.753973 5.875165 6.022927 6.168532 6.264544 6.328707 6.346687 6.31015 6.214292 6.072208 5.876382 5.601072 5.273034 4.875002 4.415409 3.904446 3.391417 2.93934 2.496008 2.087015 1.768894 1.746697 2.085972
2.946549 2.80352 2.645307 2.456506 2.258802 2.077737 1.953072 1.907221 1.944318 2.002477 2.060055 2.133438 2.210194 2.303215 2.410556 2.519807 2.623092 2.726149 2.849941 2.978173 3.089411 3.19596 3.291363 3.374241 3.478943 3.612693 3.756844 3.92224 4.12616 4.346561 4.53687 4.695027 4.849543 4.9849 5.109338 5.223469 5.325361 5.445869 5.577389 5.697214 5.8317 5.992953 6.143116 6.248657 6.326388 6.348482 6.328727 6.264176 6.132965 5.938685 5.66955 5.342385 4.949412 4.483991 3.967586 3.45492 2.992079 2.560357 2.191563 2.057233 2.278688 2.766565
3.112187 2.980214 2.830044 2.629718 2.405173 2.199652 2.047887 1.963575 1.954556 1.993936 2.047576 2.096517 2.148597 2.227786 2.318958 2.397324 2.465094 2.546487 2.651985 2.761832 2.855741 2.939547 3.013841 3.074771 3.145777 3.275948 3.444515 3.621068 3.816583 4.029849 4.250726 4.457668 4.641019 4.80929 4.95457 5.08978 5.217224 5.349779 5.499459 5.641522 5.786737 5.958722 6.114318 6.229007 6.321117 6.360588 6.353348 6.314726 6.212578 6.019082 5.755859 5.434717 5.058471 4.602136 4.092928 3.594424 3.115678 2.704216 2.444905 2.453015 2.845891 3.410893
3.26921 3.151247 3.006815 2.80743 2.57846 2.3585 2.18055 2.046444 1.970339 1.967469 2.022981 2.074626 2.098072 2.146995 2.230016 2.29797 2.33763 2.381618 2.449984 2.538872 2.622822 2.689265 2.747613 2.801074 2.857036 2.946376 3.104751 3.289509 3.478266 3.697009 3.928648 4.161251 4.381783 4.59346 4.777573 4.934739 5.09001 5.248942 5.419852 5.586693 5.740902 5.921963 6.086479 6.212911 6.321295 6.384503 6.392742 6.358819 6.284571 6.103415 5.847054 5.535852 5.182436 4.756415 4.258071 3.781304 3.348278 2.97374 2.764812 2.884779 3.384889 4.03426
3.412311 3.305364 3.164923 2.985703 2.754699 2.514724 2.307725 2.134305 2.015234 1.974035 1.999414 2.053624 2.103335 2.131127 2.174279 2.202164 2.229991 2.233836 2.249533 2.300493 2.371829 2.434263 2.490331 2.565033 2.630356 2.70135 2.834002 3.001973 3.17733 3.379614 3.588819 3.830314 4.088596 4.343594 4.56519 4.751558 4.938404 5.137996 5.334664 5.529112 5.696915 5.886353 6.062984 6.204538 6.332265 6.42043 6.44315 6.406081 6.3344 6.178004 5.933965 5.63962 5.31517 4.958208 4.522616 4.088604 3.726538 3.425961 3.30581 3.611068 4.215233 4.81539
3.544408 3.456441 3.325723 3.161368 2.928545 2.685555 2.463732 2.266163 2.119094 2.041539 2.027301 2.054848 2.090968 2.106582 2.107727 2.090869 2.073969 2.067418 2.04508 2.047433 2.096352 2.164347 2.241678 2.332848 2.434942 2.532067 2.644529 2.782779 2.906456 3.060428 3.268481 3.506619 3.793484 4.078313 4.31918 4.531103 4.773334 5.015346 5.243894 5.463248 5.655295 5.85763 6.048482 6.207504 6.35774 6.468691 6.497132 6.453024 6.377483 6.240949 6.018746 5.741754 5.44892 5.194743 4.877103 4.55021 4.315249 4.167112 4.195714 4.497452 4.963182 5.392656
3.663357 3.590512 3.478181 3.323322 3.095698 2.854879 2.614969 2.410804 2.244127 2.133782 2.095898 2.118478 2.13857 2.098271 2.009447 1.905793 1.842022 1.836546 1.809847 1.783814 1.824972 1.914714 2.023327 2.152214 2.286508 2.3968 2.505982 2.593768 2.680518 2.789913 2.985307 3.212032 3.507622 3.822227 4.095306 4.346293 4.627037 4.902113 5.157904 5.400388 5.62324 5.84329 6.048268 6.22642 6.401466 6.528115 6.554666 6.504986 6.423866 6.295958 6.097584 5.839904 5.585721 5.414104 5.198219 5.008847 4.876904 4.821296 4.885413 5.14545 5.502993 5.818512
3.773744 3.702121 3.597253 3.44472 3.243712 3.008084 2.766549 2.572409 2.397119 2.269723 2.242441 2.259384 2.258517 2.169299 2.018916 1.831772 1.712734 1.675728 1.632665 1.609057 1.674526 1.794192 1.942366 2.112508 2.269648 2.385887 2.463638 2.552229 2.614011 2.683052 2.864622 3.072931 3.35891 3.692847 3.999453 4.283325 4.5682 4.842046 5.113818 5.384457 5.631177 5.86413 6.076547 6.269795 6.462778 6.587546 6.608958 6.560145 6.473294 6.349786 6.171824 5.947287 5.738437 5.629859 5.486084 5.379995 5.346589 5.361294 5.434866 5.631192 5.884551 6.135223
