py_wake/examples/data/AJ_ParqueFicticio/Ridge area   Sector 10   Height 30m   Weibull-k.grd
DSAA
90  129
 262878   265103
 6504214   6507414
 .8261719   2.552734
[rows 27 to 53 of 129, columns 0 to 61 of 90]
2.322266 2.322266 2.318359 2.318359 2.318359 2.314453 2.314453 2.314453 2.318359 2.318359 2.322266 2.322266 2.326172 2.326172 2.326172 2.326172 2.326172 2.326172 2.326172 2.326172 2.326172 2.326172 2.326172 2.326172 2.326172 2.326172 2.322266 2.322266 2.322266 2.322266 2.318359 2.318359 2.318359 2.318359 2.318359 2.318359 2.318359 2.318359 2.318359 2.318359 2.322266 2.326172 2.322266 2.314453 2.314453 2.318359 2.322266 2.330078 2.345703 2.361328 2.291016 1.892578 1.705078 2.052734 2.123047 1.658203 1.685547 2.333984 2.333984 2.333984 2.333984 2.333984
2.326172 2.322266 2.322266 2.322266 2.318359 2.318359 2.318359 2.318359 2.318359 2.318359 2.322266 2.322266 2.322266 2.322266 2.326172 2.326172 2.326172 2.326172 2.326172 2.326172 2.326172 2.326172 2.326172 2.326172 2.326172 2.326172 2.322266 2.322266 2.322266 2.322266 2.322266 2.322266 2.322266 2.318359 2.318359 2.318359 2.318359 2.318359 2.318359 2.318359 2.318359 2.322266 2.318359 2.314453 2.314453 2.314453 2.318359 2.326172 2.345703 2.353516 2.083984 1.361328 1.537109 1.837891 1.791016 1.626953 1.685547 1.685547 2.333984 2.333984 2.333984 2.333984
2.326172 2.326172 2.326172 2.322266 2.322266 2.322266 2.318359 2.318359 2.318359 2.318359 2.322266 2.322266 2.322266 2.322266 2.322266 2.322266 2.322266 2.322266 2.322266 2.322266 2.322266 2.322266 2.322266 2.322266 2.322266 2.322266 2.322266 2.322266 2.322266 2.322266 2.322266 2.322266 2.322266 2.322266 2.322266 2.318359 2.318359 2.318359 2.318359 2.318359 2.318359 2.318359 2.314453 2.310547 2.310547 2.310547 2.314453 2.318359 2.341797 2.298828 1.712891 1.158203 1.306641 1.646484 1.740234 1.685547 1.685547 1.685547 2.333984 2.333984 2.333984 1.884766
2.330078 2.330078 2.326172 2.326172 2.326172 2.322266 2.322266 2.322266 2.322266 2.318359 2.318359 2.318359 2.318359 2.318359 2.318359 2.322266 2.322266 2.318359 2.318359 2.318359 2.318359 2.318359 2.318359 2.318359 2.318359 2.318359 2.314453 2.306641 2.302734 2.302734 2.302734 2.298828 2.302734 2.302734 2.306641 2.310547 2.310547 2.314453 2.314453 2.314453 2.314453 2.310547 2.306641 2.306641 2.306641 2.306641 2.306641 2.310547 2.330078 2.154297 1.337891 1.232422 1.470703 1.697266 1.767578 1.685547 1.685547 1.685547 2.333984 2.333984 1.892578 1.568359
2.330078 2.330078 2.330078 2.330078 2.326172 2.326172 2.326172 2.322266 2.322266 2.322266 2.318359 2.318359 2.318359 2.318359 2.318359 2.318359 2.318359 2.318359 2.314453 2.314453 2.314453 2.314453 2.314453 2.314453 2.314453 2.314453 2.306641 2.298828 2.291016 2.287109 2.283203 2.283203 2.283203 2.283203 2.287109 2.291016 2.294922 2.298828 2.298828 2.302734 2.302734 2.298828 2.298828 2.298828 2.298828 2.298828 2.294922 2.294922 2.310547 2.033203 1.162109 2.552734 1.736328 1.712891 1.685547 1.685547 1.685547 1.685547 2.333984 2.333984 1.451172 1.333984
2.330078 2.330078 2.330078 2.330078 2.330078 2.326172 2.326172 2.326172 2.322266 2.322266 2.318359 2.318359 2.318359 2.318359 2.318359 2.314453 2.314453 2.314453 2.314453 2.314453 2.314453 2.314453 2.314453 2.314453 2.314453 2.314453 2.306641 2.294922 2.287109 2.279297 2.271484 2.271484 2.267578 2.267578 2.267578 2.271484 2.275391 2.283203 2.287109 2.287109 2.291016 2.287109 2.287109 2.287109 2.287109 2.287109 2.283203 2.279297 2.291016 2.025391 1.158203 2.552734 2.552734 1.580078 1.685547 1.685547 1.685547 1.685547 1.685547 1.849609 1.091797 1.888672
2.330078 2.330078 2.330078 2.330078 2.330078 2.330078 2.326172 2.326172 2.326172 2.322266 2.318359 2.318359 2.314453 2.314453 2.314453 2.314453 2.314453 2.314453 2.310547 2.310547 2.310547 2.310547 2.310547 2.310547 2.310547 2.310547 2.310547 2.298828 2.287109 2.275391 2.267578 2.263672 2.259766 2.255859 2.255859 2.259766 2.263672 2.267578 2.271484 2.275391 2.275391 2.275391 2.275391 2.275391 2.275391 2.275391 2.267578 2.263672 2.271484 2.099609 1.322266 2.552734 1.888672 1.720703 1.583984 1.619141 1.611328 1.591797 1.685547 1.041016 1.888672 1.888672
2.333984 2.333984 2.330078 2.330078 2.330078 2.330078 2.330078 2.326172 2.326172 2.322266 2.322266 2.318359 2.318359 2.314453 2.314453 2.314453 2.314453 2.314453 2.310547 2.310547 2.310547 2.310547 2.306641 2.306641 2.306641 2.306641 2.306641 2.306641 2.294922 2.283203 2.271484 2.263672 2.259766 2.255859 2.251953 2.251953 2.251953 2.255859 2.259766 2.263672 2.263672 2.263672 2.263672 2.267578 2.263672 2.263672 2.255859 2.248047 2.251953 2.189453 1.646484 1.177734 1.888672 1.888672 1.755859 1.548828 1.423828 1.228516 .9746094 1.888672 1.888672 1.888672
2.333984 2.333984 2.333984 2.333984 2.330078 2.330078 2.330078 2.330078 2.326172 2.326172 2.322266 2.318359 2.318359 2.318359 2.314453 2.314453 2.314453 2.314453 2.314453 2.314453 2.310547 2.310547 2.306641 2.306641 2.306641 2.302734 2.302734 2.302734 2.302734 2.291016 2.283203 2.275391 2.267578 2.259766 2.255859 2.255859 2.251953 2.251953 2.255859 2.255859 2.255859 2.259766 2.259766 2.259766 2.255859 2.251953 2.248047 2.236328 2.232422 2.228516 1.990234 1.294922 1.888672 1.888672 1.888672 1.888672 1.732422 1.650391 1.888672 1.888672 1.888672 1.888672
2.333984 2.333984 2.333984 2.333984 2.333984 2.330078 2.330078 2.330078 2.330078 2.326172 2.322266 2.322266 2.318359 2.318359 2.318359 2.318359 2.318359 2.318359 2.314453 2.314453 2.314453 2.310547 2.310547 2.306641 2.306641 2.306641 2.302734 2.302734 2.306641 2.306641 2.294922 2.287109 2.279297 2.271484 2.267578 2.263672 2.255859 2.255859 2.255859 2.255859 2.255859 2.255859 2.251953 2.251953 2.251953 2.248047 2.240234 2.232422 2.220703 2.220703 2.169922 1.763672 1.455078 1.888672 1.888672 1.888672 1.888672 1.888672 1.888672 1.888672 1.888672 1.888672
2.330078 2.330078 2.330078 2.333984 2.333984 2.333984 2.333984 2.330078 2.330078 2.330078 2.326172 2.322266 2.322266 2.322266 2.318359 2.318359 2.318359 2.318359 2.318359 2.318359 2.318359 2.314453 2.314453 2.310547 2.310547 2.310547 2.306641 2.306641 2.306641 2.310547 2.310547 2.302734 2.294922 2.287109 2.279297 2.271484 2.267578 2.263672 2.259766 2.255859 2.255859 2.251953 2.251953 2.248047 2.248047 2.244141 2.236328 2.228516 2.216797 2.212891 2.205078 2.091797 1.642578 1.888672 1.888672 1.888672 1.888672 1.888672 1.888672 1.888672 1.888672 2.552734
2.322266 2.318359 2.322266 2.326172 2.330078 2.330078 2.333984 2.333984 2.330078 2.330078 2.330078 2.326172 2.326172 2.322266 2.322266 2.322266 2.322266 2.322266 2.322266 2.322266 2.322266 2.322266 2.318359 2.318359 2.318359 2.314453 2.314453 2.310547 2.310547 2.310547 2.314453 2.314453 2.306641 2.298828 2.291016 2.283203 2.275391 2.271484 2.267578 2.263672 2.259766 2.255859 2.251953 2.248047 2.244141 2.240234 2.232422 2.224609 2.216797 2.208984 2.205078 2.185547 1.982422 1.611328 1.888672 1.888672 1.888672 1.888672 1.888672 1.888672 2.552734 2.552734
2.314453 2.306641 2.306641 2.306641 2.314453 2.326172 2.330078 2.330078 2.333984 2.333984 2.330078 2.330078 2.330078 2.326172 2.326172 2.326172 2.326172 2.326172 2.326172 2.326172 2.326172 2.326172 2.326172 2.322266 2.322266 2.322266 2.318359 2.318359 2.314453 2.314453 2.314453 2.318359 2.318359 2.314453 2.306641 2.298828 2.291016 2.283203 2.279297 2.271484 2.267578 2.263672 2.255859 2.251953 2.248047 2.240234 2.236328 2.228516 2.220703 2.212891 2.205078 2.201172 2.142578 1.857422 1.712891 1.888672 1.888672 1.888672 1.888672 1.888672 2.552734 2.552734
2.306641 2.298828 2.291016 2.291016 2.294922 2.306641 2.318359 2.330078 2.330078 2.330078 2.333984 2.330078 2.330078 2.330078 2.330078 2.330078 2.330078 2.330078 2.330078 2.330078 2.330078 2.330078 2.330078 2.326172 2.326172 2.326172 2.326172 2.322266 2.322266 2.318359 2.318359 2.318359 2.318359 2.322266 2.322266 2.310547 2.302734 2.294922 2.291016 2.283203 2.275391 2.267578 2.259766 2.255859 2.248047 2.244141 2.236328 2.232422 2.224609 2.216797 2.205078 2.201172 2.185547 2.068359 1.810547 1.888672 1.888672 1.888672 1.888672 1.888672 2.552734 2.138672
2.302734 2.291016 2.279297 2.275391 2.279297 2.287109 2.298828 2.310547 2.322266 2.330078 2.330078 2.330078 2.330078 2.330078 2.330078 2.330078 2.330078 2.330078 2.330078 2.330078 2.330078 2.330078 2.330078 2.330078 2.330078 2.330078 2.330078 2.326172 2.326172 2.322266 2.322266 2.322266 2.322266 2.322266 2.322266 2.322266 2.318359 2.310547 2.302734 2.294922 2.287109 2.279297 2.267578 2.263672 2.255859 2.248047 2.244141 2.236328 2.228516 2.220703 2.208984 2.197266 2.181641 2.154297 2.041016 1.892578 1.888672 1.888672 1.888672 1.888672 2.333984 2.333984
2.302734 2.287109 2.271484 2.263672 2.259766 2.267578 2.275391 2.287109 2.298828 2.310547 2.322266 2.330078 2.330078 2.330078 2.330078 2.330078 2.330078 2.330078 2.330078 2.330078 2.330078 2.330078 2.330078 2.330078 2.330078 2.330078 2.330078 2.330078 2.330078 2.326172 2.326172 2.326172 2.322266 2.322266 2.322266 2.322266 2.322266 2.322266 2.314453 2.302734 2.294922 2.287109 2.275391 2.267578 2.259766 2.251953 2.248047 2.240234 2.232422 2.224609 2.212891 2.197266 2.166016 2.123047 2.060547 1.974609 1.888672 1.888672 1.951172 2.080078 2.333984 2.333984
2.302734 2.287109 2.271484 2.251953 2.244141 2.244141 2.251953 2.259766 2.271484 2.287109 2.298828 2.310547 2.322266 2.330078 2.330078 2.330078 2.330078 2.330078 2.330078 2.330078 2.330078 2.330078 2.330078 2.330078 2.330078 2.330078 2.333984 2.330078 2.330078 2.330078 2.326172 2.326172 2.326172 2.322266 2.322266 2.322266 2.318359 2.318359 2.318359 2.314453 2.302734 2.294922 2.283203 2.275391 2.267578 2.259766 2.251953 2.244141 2.240234 2.232422 2.220703 2.197266 2.150391 2.056641 1.888672 1.701172 1.662109 1.771484 2.001953 2.236328 2.333984 2.333984
2.306641 2.291016 2.271484 2.248047 2.228516 2.220703 2.220703 2.224609 2.236328 2.248047 2.263672 2.279297 2.291016 2.302734 2.314453 2.322266 2.330078 2.330078 2.330078 2.330078 2.330078 2.330078 2.330078 2.330078 2.330078 2.330078 2.333984 2.330078 2.330078 2.330078 2.330078 2.326172 2.326172 2.322266 2.322266 2.318359 2.318359 2.318359 2.318359 2.318359 2.310547 2.298828 2.291016 2.279297 2.271484 2.263672 2.255859 2.251953 2.244141 2.236328 2.224609 2.201172 2.138672 2.005859 1.763672 1.482422 1.388672 1.541016 1.939453 2.333984 2.333984 2.333984
2.314453 2.298828 2.279297 2.251953 2.220703 2.189453 2.173828 2.166016 2.177734 2.193359 2.208984 2.228516 2.248047 2.263672 2.279297 2.291016 2.302734 2.314453 2.322266 2.330078 2.330078 2.330078 2.330078 2.330078 2.330078 2.330078 2.330078 2.330078 2.330078 2.330078 2.330078 2.326172 2.326172 2.322266 2.322266 2.318359 2.318359 2.318359 2.314453 2.314453 2.314453 2.306641 2.294922 2.287109 2.279297 2.271484 2.263672 2.255859 2.251953 2.244141 2.228516 2.201172 2.134766 1.982422 1.712891 1.408203 1.337891 1.689453 2.333984 2.333984 2.333984 2.333984
2.326172 2.310547 2.291016 2.259766 2.208984 2.150391 2.099609 2.072266 2.080078 2.099609 2.123047 2.146484 2.173828 2.197266 2.220703 2.244141 2.259766 2.275391 2.291016 2.302734 2.314453 2.322266 2.326172 2.330078 2.330078 2.330078 2.330078 2.330078 2.330078 2.330078 2.330078 2.330078 2.326172 2.322266 2.322266 2.318359 2.318359 2.314453 2.314453 2.314453 2.310547 2.306641 2.298828 2.291016 2.283203 2.275391 2.271484 2.263672 2.255859 2.248047 2.236328 2.208984 2.142578 1.986328 1.712891 1.419922 1.486328 2.333984 2.333984 2.333984 2.333984 2.333984
2.330078 2.322266 2.306641 2.271484 2.201172 2.099609 2.001953 1.943359 1.943359 1.962891 1.990234 2.021484 2.048828 2.087891 2.123047 2.162109 2.193359 2.216797 2.244141 2.263672 2.279297 2.291016 2.298828 2.302734 2.306641 2.310547 2.314453 2.318359 2.318359 2.326172 2.330078 2.330078 2.326172 2.322266 2.322266 2.318359 2.314453 2.314453 2.310547 2.310547 2.310547 2.306641 2.294922 2.291016 2.283203 2.275391 2.271484 2.267578 2.259766 2.251953 2.240234 2.212891 2.154297 2.009766 1.751953 1.513672 1.732422 2.333984 2.333984 2.333984 2.333984 2.333984
2.330078 2.330078 2.322266 2.294922 2.224609 2.083984 1.923828 1.814453 1.775391 1.783203 1.806641 1.849609 1.880859 1.927734 1.982422 2.041016 2.091797 2.134766 2.177734 2.212891 2.236328 2.251953 2.263672 2.271484 2.275391 2.279297 2.283203 2.287109 2.291016 2.302734 2.310547 2.318359 2.322266 2.322266 2.322266 2.318359 2.314453 2.314453 2.310547 2.310547 2.306641 2.302734 2.294922 2.287109 2.283203 2.275391 2.271484 2.267578 2.263672 2.255859 2.244141 2.216797 2.166016 2.044922 1.822266 1.681641 1.923828 2.314453 2.333984 2.333984 2.333984 2.333984
2.330078 2.330078 2.330078 2.326172 2.279297 2.134766 1.916016 1.724609 1.611328 1.580078 1.599609 1.642578 1.673828 1.720703 1.802734 1.880859 1.958984 2.025391 2.087891 2.138672 2.177734 2.201172 2.216797 2.228516 2.232422 2.236328 2.244141 2.251953 2.259766 2.267578 2.279297 2.291016 2.298828 2.306641 2.310547 2.314453 2.314453 2.314453 2.310547 2.310547 2.302734 2.298828 2.291016 2.287109 2.279297 2.275391 2.271484 2.267578 2.267578 2.259766 2.244141 2.220703 2.177734 2.080078 1.923828 1.904297 2.076172 2.255859 2.333984 2.333984 2.333984 2.333984
2.330078 2.330078 2.333984 2.330078 2.330078 2.244141 1.978516 1.666016 1.474609 1.404297 1.416016 1.455078 1.482422 1.533203 1.619141 1.705078 1.802734 1.888672 1.966797 2.037109 2.095703 2.134766 2.158203 2.177734 2.185547 2.189453 2.197266 2.208984 2.220703 2.232422 2.244141 2.259766 2.271484 2.279297 2.287109 2.294922 2.298828 2.302734 2.302734 2.302734 2.298828 2.294922 2.287109 2.283203 2.279297 2.275391 2.271484 2.267578 2.263672 2.259766 2.244141 2.224609 2.189453 2.123047 2.056641 2.103516 2.193359 2.263672 2.302734 2.333984 2.333984 2.333984
2.326172 2.330078 2.333984 2.330078 2.330078 2.330078 2.173828 1.763672 1.451172 1.318359 1.298828 1.337891 1.384766 1.419922 1.474609 1.541016 1.634766 1.736328 1.822266 1.908203 1.990234 2.052734 2.095703 2.123047 2.142578 2.154297 2.162109 2.173828 2.181641 2.197266 2.208984 2.224609 2.240234 2.251953 2.263672 2.271484 2.279297 2.287109 2.291016 2.294922 2.291016 2.291016 2.287109 2.283203 2.279297 2.275391 2.271484 2.267578 2.263672 2.259766 2.248047 2.228516 2.205078 2.173828 2.169922 2.208984 2.224609 2.236328 2.267578 2.306641 2.330078 2.333984
2.326172 2.330078 2.333984 2.333984 2.330078 2.330078 2.330078 2.037109 1.560547 1.310547 1.255859 1.326172 1.396484 1.412109 1.408203 1.416016 1.478516 1.587891 1.681641 1.767578 1.873047 1.962891 2.033203 2.083984 2.115234 2.126953 2.138672 2.150391 2.158203 2.166016 2.177734 2.193359 2.208984 2.224609 2.236328 2.248047 2.259766 2.267578 2.275391 2.283203 2.287109 2.287109 2.283203 2.283203 2.279297 2.275391 2.271484 2.267578 2.263672 2.259766 2.251953 2.236328 2.224609 2.216797 2.232422 2.212891 2.142578 2.111328 2.150391 2.244141 2.302734 2.318359
2.326172 2.330078 2.330078 2.333984 2.330078 2.330078 2.330078 2.330078 1.876953 1.470703 1.392578 1.474609 1.537109 1.517578 1.458984 1.396484 1.412109 1.505859 1.587891 1.673828 1.791016 1.912109 2.005859 2.076172 2.119141 2.134766 2.146484 2.154297 2.158203 2.158203 2.169922 2.177734 2.189453 2.208984 2.224609 2.236328 2.244141 2.255859 2.267578 2.275391 2.279297 2.279297 2.279297 2.279297 2.279297 2.275391 2.271484 2.271484 2.267578 2.263672 2.255859 2.244141 2.240234 2.244141 2.236328 2.130859 1.994141 1.943359 2.001953 2.154297 2.255859 2.294922
