py_wake/examples/data/AJ_ParqueFicticio/Ridge area   Sector 6   Height 200m   Orographic turn.grd
DSAA
90  129
 262878   265103
 6504214   6507414
-38.26102   10.82532
[rows 52 to 77 of 129, columns 0 to 59 of 90]
-5.000261 -4.297977 -3.200914 -1.644619 .3684891 2.50344 4.61714 6.465492 8.028117 9.112904 9.586474 9.5928 9.546044 9.765352 10.09385 10.15745 9.496675 8.161889 7.015081 6.214788 5.610989 5.079561 4.55327 3.955431 3.274854 2.541391 1.721994 .7829861 -.08625741 -.8682578 -1.680469 -2.489466 -3.332199 -4.143659 -4.849835 -5.494555 -6.120531 -6.721594 -7.339079 -7.948847 -8.591283 -9.289388 -9.907482 -10.45736 -10.92906 -11.11523 -11.00927 -10.56844 -9.914708 -8.932465 -7.618218 -5.956206 -4.146889 -2.327373 -.481516 1.215874 2.709277 4.109385 5.374964 6.209715
-4.854946 -4.322989 -3.440275 -2.122767 -.3737188 1.552286 3.516373 5.189186 6.64496 7.79801 8.279093 8.324718 8.418221 8.994381 9.808184 10.66296 10.54525 9.370454 8.216292 7.308146 6.508657 5.776016 5.025616 4.186486 3.322454 2.484161 1.604429 .6032643 -.2699912 -1.068056 -1.954728 -2.806042 -3.658265 -4.470582 -5.172729 -5.80546 -6.40447 -6.968313 -7.520223 -8.051056 -8.613779 -9.22227 -9.750587 -10.24078 -10.67495 -10.81043 -10.69421 -10.3142 -9.691983 -8.745187 -7.4672 -5.833121 -3.978758 -2.091013 -.1493801 1.628262 3.165709 4.597266 5.938719 6.877573
-4.663589 -4.341583 -3.682928 -2.529648 -.9085591 .8741471 2.624561 4.108428 5.373045 6.28875 6.640148 6.7167 6.958136 7.628001 8.523344 9.372416 9.75841 9.363604 8.652004 7.840643 7.002841 6.203904 5.300909 4.271964 3.1776 2.177361 1.211179 .1455139 -.7766331 -1.64494 -2.550694 -3.397483 -4.158911 -4.854888 -5.460363 -6.024541 -6.556154 -7.034176 -7.487751 -7.935481 -8.413302 -8.932781 -9.417035 -9.916509 -10.35535 -10.47366 -10.35223 -9.987742 -9.374235 -8.455307 -7.18996 -5.588087 -3.734742 -1.818591 .1761742 2.047104 3.643322 5.082349 6.403739 7.410767
-4.55703 -4.319404 -3.776407 -2.796069 -1.299716 .3927816 2.026777 3.400107 4.497905 5.210405 5.422163 5.315712 5.443383 6.082731 6.960119 7.838387 8.419764 8.583886 8.360507 7.835033 7.189285 6.404879 5.45965 4.338114 3.086337 1.927489 .8367351 -.1946051 -1.146086 -2.071163 -2.935637 -3.756207 -4.455575 -5.049109 -5.571787 -6.052065 -6.489131 -6.879389 -7.259448 -7.656748 -8.098177 -8.59048 -9.075063 -9.594938 -9.997069 -10.13254 -10.01326 -9.646852 -9.021158 -8.136717 -6.906419 -5.348604 -3.538487 -1.629318 .3667686 2.297235 3.956618 5.405361 6.690787 7.655142
-4.262316 -4.077339 -3.645507 -2.82987 -1.499244 .05419369 1.606243 2.935336 3.986136 4.642991 4.772392 4.494923 4.389337 4.871591 5.651403 6.504373 7.175795 7.618811 7.834138 7.745886 7.256209 6.53779 5.653694 4.474098 3.132129 1.884086 .7678843 -.2456 -1.173241 -2.073822 -2.91618 -3.696104 -4.359345 -4.907778 -5.380842 -5.805665 -6.181467 -6.524408 -6.870695 -7.240852 -7.668298 -8.153115 -8.643025 -9.159724 -9.519547 -9.700719 -9.61206 -9.284686 -8.665133 -7.808336 -6.626816 -5.116547 -3.354136 -1.475055 .4859724 2.431109 4.123605 5.556529 6.787705 7.720605
-3.800549 -3.730266 -3.401131 -2.700566 -1.569109 -.1479688 1.377506 2.690198 3.674474 4.269767 4.459482 4.18275 3.918978 4.063037 4.600062 5.305388 6.077741 6.729326 7.287839 7.496867 7.163619 6.540983 5.769056 4.683379 3.371229 2.10885 1.01242 .02595796 -.852457 -1.717591 -2.535764 -3.27093 -3.878442 -4.375064 -4.812508 -5.215312 -5.572997 -5.916182 -6.25487 -6.615717 -7.038775 -7.531245 -8.039269 -8.541559 -8.926688 -9.150737 -9.113244 -8.82972 -8.246677 -7.429728 -6.297148 -4.874244 -3.188524 -1.366357 .5424804 2.463476 4.185995 5.614176 6.821139 7.722773
-3.286936 -3.340711 -3.134018 -2.540977 -1.505508 -.1808828 1.243627 2.574861 3.645465 4.296305 4.451368 4.185112 3.816322 3.749574 4.055252 4.518042 5.119996 5.731969 6.46068 6.912092 6.815617 6.40673 5.780433 4.846044 3.698507 2.541025 1.506175 .619924 -.2187255 -1.033177 -1.797371 -2.493304 -3.060705 -3.514096 -3.918376 -4.292281 -4.63129 -4.967815 -5.324711 -5.708479 -6.163647 -6.693245 -7.227478 -7.75518 -8.203241 -8.471864 -8.477068 -8.241102 -7.720696 -6.979647 -5.925075 -4.639258 -3.068728 -1.325739 .5031198 2.338387 4.055093 5.524649 6.703537 7.585809
-2.725688 -2.83948 -2.665618 -2.103629 -1.13596 .1079584 1.434359 2.703686 3.779782 4.484228 4.654528 4.416624 4.018497 3.81166 3.920914 4.204252 4.644591 5.232109 5.887495 6.369047 6.425804 6.282301 5.821346 5.00771 4.038621 3.0745 2.179219 1.379593 .6345435 -.09208506 -.8107235 -1.472314 -2.012931 -2.426767 -2.801284 -3.155733 -3.473418 -3.823216 -4.211068 -4.645466 -5.170587 -5.747768 -6.313951 -6.881649 -7.374066 -7.663774 -7.674396 -7.489314 -7.103452 -6.483747 -5.5495 -4.408369 -3.015371 -1.405103 .3283656 2.091068 3.731616 5.153147 6.35589 7.258129
-2.011798 -2.135712 -2.007165 -1.503063 -.6064917 .5654325 1.825594 3.041904 4.098011 4.880696 5.134603 4.907981 4.433392 4.122378 4.078164 4.18817 4.451631 4.897234 5.456303 6.010855 6.151002 6.096895 5.853453 5.202052 4.401731 3.642872 2.896399 2.208258 1.546499 .9165288 .2928533 -.3254567 -.8610313 -1.264409 -1.630932 -1.988327 -2.339342 -2.736684 -3.18854 -3.691453 -4.290995 -4.913783 -5.500895 -6.066024 -6.576427 -6.847739 -6.871611 -6.767119 -6.524867 -6.064037 -5.280498 -4.279732 -3.055047 -1.597036 .02524063 1.699365 3.281263 4.637026 5.812984 6.788324
-1.155061 -1.281727 -1.1941 -.7473457 .07784947 1.1556 2.300895 3.407262 4.387757 5.159457 5.492453 5.447988 5.104743 4.700248 4.452173 4.416857 4.510113 4.791813 5.221987 5.682175 5.932489 5.980337 5.880426 5.414328 4.776114 4.184622 3.630633 3.069828 2.458371 1.9118 1.349945 .76275 .2213311 -.2040109 -.606643 -.9910858 -1.378498 -1.840317 -2.352101 -2.930025 -3.603291 -4.254649 -4.862135 -5.450224 -6.031841 -6.334762 -6.408321 -6.388849 -6.245228 -5.892719 -5.234233 -4.314373 -3.189739 -1.889223 -.4200041 1.162738 2.723794 4.056085 5.194491 6.17761
-.2630281 -.4378005 -.4435411 -.02967674 .7900881 1.832322 2.941284 4.022085 5.007824 5.832812 6.260384 6.201068 5.779605 5.30491 4.897805 4.772765 4.828127 5.040731 5.291794 5.556529 5.878984 5.948457 5.88052 5.561512 5.130061 4.686991 4.248801 3.788756 3.300695 2.760293 2.243437 1.680247 1.168845 .6997418 .2628483 -.1424522 -.6077645 -1.139882 -1.706371 -2.360784 -3.086513 -3.764393 -4.427672 -5.084226 -5.759453 -6.095721 -6.21071 -6.225278 -6.121172 -5.844398 -5.300974 -4.477911 -3.417849 -2.229097 -.9174216 .5473792 2.081446 3.423391 4.551883 5.544401
.6582265 .5024443 .5043953 .9219646 1.651188 2.525879 3.472971 4.420008 5.293662 6.018908 6.466767 6.581037 6.34015 5.908311 5.487216 5.364507 5.410186 5.439991 5.509212 5.636529 5.918518 6.094763 5.97855 5.717066 5.361865 5.066589 4.753046 4.375027 3.921918 3.454188 2.934467 2.404266 1.917719 1.401515 .9227511 .4858041 -.02303989 -.5960941 -1.221931 -1.940354 -2.703419 -3.411434 -4.124627 -4.862511 -5.608768 -5.982155 -6.132055 -6.161191 -6.077006 -5.859536 -5.42708 -4.728962 -3.720451 -2.595237 -1.423621 -.08535788 1.415647 2.77878 3.906474 4.907812
1.43826 1.229187 1.08869 1.396077 2.036282 2.84714 3.754084 4.684302 5.54738 6.270037 6.771883 6.990489 6.879706 6.507637 6.032038 5.76779 5.815644 5.924147 5.966181 5.880907 6.05409 6.226241 6.201895 5.890293 5.513007 5.346407 5.146346 4.779625 4.390829 3.980563 3.465127 2.972587 2.484174 1.941729 1.437239 .960283 .4183859 -.1885103 -.8677829 -1.650878 -2.475578 -3.23475 -3.995087 -4.803605 -5.593617 -6.004671 -6.182974 -6.208993 -6.124406 -5.938292 -5.606041 -5.01539 -4.077885 -2.988256 -1.913892 -.7158535 .7286394 2.112646 3.25699 4.277527
1.961445 1.718212 1.497798 1.709211 2.290779 3.049689 3.931066 4.877732 5.767329 6.495436 7.030599 7.336283 7.33794 7.012779 6.505954 6.20223 6.210234 6.346665 6.398081 6.210209 6.211104 6.36869 6.3973 6.062147 5.724677 5.550005 5.381676 5.054593 4.729096 4.335189 3.839615 3.362905 2.874164 2.321419 1.764761 1.228873 .663846 .02550911 -.7192447 -1.560536 -2.446055 -3.28035 -4.078824 -4.888492 -5.686133 -6.139307 -6.347743 -6.358271 -6.264736 -6.084403 -5.828172 -5.33508 -4.468326 -3.421279 -2.415173 -1.346304 .05179967 1.451079 2.616719 3.652766
2.175945 1.963681 1.752813 1.852469 2.377464 3.105487 3.956827 4.910694 5.83615 6.591066 7.142611 7.498829 7.579382 7.332803 6.849464 6.499269 6.540512 6.671729 6.726148 6.597798 6.545811 6.565222 6.53059 6.282456 5.977277 5.726229 5.482512 5.181758 4.860905 4.454699 3.949547 3.470348 2.975724 2.417591 1.812708 1.22341 .6398262 -.01597215 -.8079993 -1.702552 -2.638343 -3.531816 -4.352401 -5.132257 -5.891556 -6.35114 -6.564516 -6.585228 -6.482607 -6.301574 -6.080786 -5.674309 -4.86847 -3.864594 -2.895988 -1.919574 -.556834 .83864 2.023463 3.06591
2.194451 2.012982 1.873481 1.945504 2.329223 2.962806 3.753787 4.683694 5.623477 6.401517 6.981245 7.393208 7.548523 7.386991 6.985067 6.575323 6.609473 6.807602 6.900526 6.769669 6.661615 6.687163 6.626305 6.387442 6.114213 5.899811 5.638966 5.281389 4.954379 4.508432 3.912459 3.389135 2.919909 2.356234 1.646148 .9653327 .3719005 -.2843043 -1.096872 -2.017776 -2.961659 -3.866364 -4.699584 -5.437438 -6.104497 -6.589338 -6.820803 -6.869913 -6.75346 -6.557524 -6.335351 -5.978842 -5.206391 -4.228961 -3.286986 -2.380059 -1.045198 .2929128 1.456585 2.473717
1.980834 1.825428 1.76222 1.903736 2.27608 2.813836 3.524437 4.390186 5.27318 6.013308 6.579792 7.02403 7.268422 7.226056 6.985616 6.658829 6.550141 6.727834 6.867198 6.781956 6.606706 6.601386 6.566305 6.34375 6.060212 5.861996 5.629079 5.29007 4.926102 4.440308 3.789737 3.134446 2.620851 2.078602 1.349666 .5968081 -.05941608 -.7258322 -1.528887 -2.45191 -3.400344 -4.287742 -5.108326 -5.81889 -6.40814 -6.867926 -7.108311 -7.16272 -7.055254 -6.820848 -6.574133 -6.225173 -5.469553 -4.518091 -3.606207 -2.764012 -1.486335 -.2805516 .7978427 1.762233
1.589862 1.456911 1.430517 1.6264 2.020059 2.495349 3.048739 3.728436 4.494887 5.233448 5.85383 6.386446 6.755979 6.884756 6.805591 6.623762 6.518763 6.582538 6.646058 6.610788 6.471344 6.345221 6.27196 6.090545 5.819772 5.5495 5.326478 5.08979 4.69842 4.170388 3.533544 2.824825 2.219199 1.659424 .9666924 .1854485 -.5469304 -1.266652 -2.094113 -3.013564 -3.941466 -4.792481 -5.583443 -6.272928 -6.826803 -7.22185 -7.454198 -7.469107 -7.344635 -7.068872 -6.770369 -6.40711 -5.678902 -4.786435 -3.948285 -3.191828 -2.014447 -.9465858 .04813905 .9418702
1.068379 .9360173 .9275824 1.128788 1.470957 1.856776 2.315028 2.909852 3.612666 4.324514 4.954395 5.556514 6.031001 6.278524 6.321485 6.261827 6.255132 6.312326 6.297191 6.205486 6.090654 5.921728 5.759184 5.59362 5.351629 5.099753 4.841032 4.628825 4.244045 3.755133 3.076923 2.343179 1.67505 1.062198 .3516406 -.3977813 -1.122161 -1.864017 -2.731708 -3.716752 -4.634458 -5.445902 -6.179349 -6.817605 -7.287521 -7.586939 -7.7688 -7.770586 -7.5998 -7.301337 -6.960176 -6.575153 -5.876331 -5.053018 -4.29149 -3.575452 -2.497217 -1.546793 -.6195541 .2236164
.390398 .2460943 .2566063 .448847 .714417 .9898716 1.349971 1.853402 2.46645 3.109807 3.724708 4.366442 4.89055 5.21152 5.368818 5.451517 5.569647 5.663122 5.66868 5.580713 5.419754 5.237886 5.087338 4.902116 4.672508 4.442227 4.217462 3.973227 3.59552 3.078628 2.386602 1.628767 .9156588 .2390716 -.4849117 -1.213609 -1.927073 -2.627645 -3.478836 -4.52154 -5.439848 -6.187758 -6.840849 -7.425157 -7.821627 -8.046285 -8.127416 -8.087687 -7.837048 -7.470156 -7.072103 -6.67786 -6.044935 -5.319743 -4.632668 -3.910387 -2.936688 -2.056322 -1.182949 -.392021
-.5742027 -.801594 -.8103501 -.6763665 -.5851836 -.4808743 -.212715 .2160712 .724888 1.268852 1.822344 2.439062 2.909047 3.289258 3.641689 3.950124 4.231143 4.428151 4.512628 4.468102 4.3472 4.191293 4.081569 3.941226 3.753175 3.53037 3.305898 3.05343 2.668517 2.129694 1.428254 .661024 -.07655573 -.7793314 -1.476415 -2.193428 -2.919553 -3.633696 -4.482205 -5.510976 -6.358407 -7.006988 -7.561561 -8.053758 -8.387995 -8.509933 -8.493503 -8.421413 -8.171003 -7.809801 -7.446524 -7.084305 -6.49315 -5.790183 -5.08865 -4.300556 -3.398983 -2.536077 -1.712823 -.9779808
-2.322818 -2.741964 -2.917413 -2.949549 -2.975436 -2.877445 -2.585532 -2.218829 -1.831025 -1.398066 -.9254693 -.4553223 -.1573982 .1524813 .574801 1.215888 1.766245 2.202246 2.427811 2.481542 2.482884 2.453706 2.460668 2.39026 2.242481 2.056321 1.871265 1.639075 1.267223 .7368085 .08594996 -.6010984 -1.285598 -1.950845 -2.608171 -3.303176 -4.014708 -4.758996 -5.611191 -6.545917 -7.245724 -7.752255 -8.192803 -8.577085 -8.880465 -8.928513 -8.871682 -8.803183 -8.592087 -8.273622 -7.910123 -7.499263 -6.891329 -6.18879 -5.459015 -4.643113 -3.806556 -2.963461 -2.205041 -1.539542
-5.237998 -5.891788 -6.257468 -6.445902 -6.393328 -6.193967 -5.900076 -5.622082 -5.323856 -5.045269 -4.994128 -4.871575 -4.681588 -4.241112 -3.647308 -3.009748 -2.05054 -1.273681 -.8274104 -.5114869 -.2416197 -.1727894 -.1622542 -.1217734 -.1975446 -.3551628 -.5264553 -.6823676 -.9575739 -1.341582 -1.781974 -2.263992 -2.733979 -3.221933 -3.79556 -4.465553 -5.177027 -5.922544 -6.684477 -7.452372 -7.972753 -8.330852 -8.642997 -8.932342 -9.22906 -9.243936 -9.178879 -9.110929 -8.906061 -8.589005 -8.184362 -7.720206 -7.113927 -6.439988 -5.721241 -4.959156 -4.198619 -3.405562 -2.711449 -2.102121
-8.449459 -9.44987 -10.03884 -10.15638 -10.07578 -10.02278 -9.930134 -9.562754 -8.698084 -8.140921 -8.148313 -8.532164 -9.262029 -9.247025 -7.976268 -6.905989 -6.215459 -5.185841 -4.152639 -3.410395 -2.839281 -2.687221 -2.836484 -3.054248 -3.045737 -2.987626 -3.126893 -3.457161 -3.776222 -3.841615 -3.915107 -4.176222 -4.412614 -4.609557 -5.035627 -5.649638 -6.325525 -6.995724 -7.631238 -8.220148 -8.565114 -8.809363 -9.026787 -9.241467 -9.507792 -9.47022 -9.400327 -9.319559 -9.102362 -8.772253 -8.336839 -7.837496 -7.256411 -6.640971 -5.980459 -5.304153 -4.591375 -3.888879 -3.278457 -2.72632
-11.17173 -12.02741 -12.51063 -12.61338 -12.50617 -12.50429 -12.46693 -11.94989 -10.582 -9.84564 -9.691164 -10.00686 -10.73078 -10.99602 -9.790251 -8.754363 -8.202129 -7.356653 -6.11507 -5.108702 -4.549004 -4.420525 -4.593901 -4.923866 -5.00509 -4.843731 -4.874653 -5.130098 -5.444531 -5.481356 -5.323559 -5.415739 -5.600618 -5.692278 -6.034499 -6.549531 -7.138408 -7.692817 -8.21081 -8.623426 -8.847074 -9.03256 -9.192838 -9.382122 -9.623315 -9.549957 -9.509071 -9.437114 -9.231534 -8.900228 -8.441947 -7.964094 -7.475988 -6.933646 -6.358523 -5.788768 -5.152137 -4.517447 -3.937819 -3.407268
-13.57315 -14.03509 -14.08752 -13.94476 -13.55009 -13.01723 -12.30497 -11.42988 -10.32684 -9.634644 -9.359876 -9.579181 -9.477011 -9.237405 -8.745077 -8.016607 -7.524538 -6.926832 -6.312879 -5.681104 -5.197992 -4.996832 -5.035983 -5.243907 -5.405156 -5.393612 -5.391947 -5.505292 -5.638012 -5.661288 -5.614344 -5.692915 -5.882075 -6.146612 -6.544184 -7.003051 -7.486108 -7.901564 -8.275918 -8.541264 -8.728449 -8.909599 -9.084209 -9.320459 -9.561615 -9.499976 -9.5125 -9.472745 -9.291104 -8.981448 -8.598637 -8.250443 -7.859038 -7.397774 -6.932808 -6.446214 -5.871557 -5.289587 -4.740408 -4.226677
