py_wake/examples/data/AJ_ParqueFicticio/Ridge area   Sector 2   Height 30m   Weibull-A.grd
DSAA
90  129
 262878   265103
 6504214   6507414
 .8492776   5.677649
[rows 27 to 53 of 129, columns 0 to 61 of 90]
1.891864 1.914811 1.949232 1.983659 2.016935 2.051938 2.08534 2.113499 2.137173 2.149546 2.142906 2.118244 2.080855 2.037585 1.999225 1.963294 1.935804 1.918442 1.906537 1.90248 1.928291 1.968506 2.011183 2.064672 2.123469 2.199186 2.294001 2.41142 2.548008 2.688942 2.82895 2.964792 3.098526 3.228828 3.338861 3.447975 3.550996 3.642621 3.737941 3.810115 3.849455 3.88441 3.915075 3.933279 3.923102 3.882175 3.815137 3.701228 3.548064 3.358003 3.12479 2.886709 2.666343 2.450324 2.242851 2.052804 1.88489 1.214619 1.129815 1.070027 1.041762 1.043617
1.871585 1.901313 1.939592 1.976757 2.015359 2.058341 2.10047 2.14079 2.175788 2.19574 2.194574 2.172562 2.128946 2.073216 2.015561 1.95952 1.915086 1.882685 1.859551 1.846014 1.855189 1.875306 1.898496 1.937694 1.980462 2.038553 2.124524 2.241789 2.387459 2.539637 2.683099 2.821584 2.964345 3.102573 3.22718 3.343846 3.455042 3.552819 3.65481 3.741364 3.802416 3.857915 3.904703 3.92335 3.899167 3.845659 3.768811 3.643928 3.47504 3.277216 3.036996 2.793386 2.57626 2.370691 2.178225 2.006867 1.842198 1.699129 1.071367 1.026373 1.020739 1.047143
1.849425 1.886828 1.928101 1.965794 2.007221 2.055498 2.104948 2.156755 2.206445 2.240061 2.242423 2.213772 2.167851 2.110786 2.045887 1.978064 1.918008 1.869474 1.828905 1.801732 1.795043 1.793045 1.792599 1.810799 1.835746 1.869103 1.950154 2.071154 2.216677 2.367435 2.510338 2.651903 2.795303 2.943944 3.086477 3.212598 3.334575 3.44641 3.560302 3.666026 3.752637 3.834895 3.905568 3.932276 3.89855 3.829039 3.733854 3.596443 3.413686 3.203503 2.953583 2.705907 2.495638 2.303665 2.127153 1.972389 1.813199 1.67459 1.018339 .994808 1.020596 1.075904
1.821719 1.866738 1.911331 1.950698 1.994134 2.042739 2.094021 2.151279 2.212093 2.259219 2.262404 2.234756 2.191849 2.14242 2.08491 2.016318 1.948351 1.885225 1.827449 1.786624 1.772019 1.750031 1.729474 1.733579 1.739595 1.74857 1.818944 1.941774 2.078187 2.219538 2.359452 2.489972 2.617296 2.772023 2.932464 3.073724 3.204967 3.333725 3.466891 3.595798 3.712455 3.828946 3.925029 3.95732 3.925488 3.843722 3.720921 3.566319 3.365824 3.139706 2.884696 2.640344 2.440711 2.260962 2.094423 1.952457 1.811646 1.684943 .9781373 .9837272 1.058081 1.173238
1.77884 1.829654 1.878133 1.918544 1.963275 2.012497 2.063242 2.117437 2.17482 2.220735 2.23203 2.222092 2.197365 2.160593 2.114441 2.054726 1.987 1.920876 1.866374 1.831161 1.807573 1.781665 1.762108 1.76081 1.755693 1.760033 1.809606 1.910728 2.019056 2.135976 2.261067 2.38703 2.516583 2.663339 2.814561 2.959388 3.096879 3.236278 3.384503 3.532318 3.672229 3.811873 3.918786 3.958923 3.938515 3.861953 3.721091 3.54806 3.338023 3.106135 2.856025 2.614694 2.420884 2.251988 2.089337 1.954382 1.839282 1.725525 .9619618 1.006569 1.191589 1.198812
1.729987 1.786415 1.839374 1.88227 1.927636 1.974702 2.020764 2.066878 2.114183 2.154277 2.174054 2.180652 2.176722 2.159193 2.127393 2.077806 2.016691 1.965303 1.932192 1.904905 1.880322 1.865405 1.856241 1.850799 1.846667 1.852356 1.883364 1.944624 2.026691 2.115664 2.224877 2.344707 2.472298 2.598765 2.728158 2.863849 3.00306 3.148914 3.307231 3.466754 3.623762 3.777559 3.885075 3.93563 3.929032 3.863517 3.731375 3.547015 3.336641 3.102451 2.857787 2.620988 2.428341 2.264363 2.102869 1.967402 1.870181 1.761723 1.680409 1.078101 1.394473 1.222597
1.674761 1.737882 1.796666 1.84334 1.891048 1.937442 1.979665 2.017653 2.054229 2.088446 2.115951 2.136289 2.148192 2.145826 2.125746 2.087598 2.037993 2.012426 2.00524 1.991289 1.978049 1.971454 1.968995 1.969831 1.966999 1.966721 1.989597 2.033275 2.083972 2.160881 2.249769 2.341486 2.454226 2.563754 2.672381 2.799517 2.936169 3.080217 3.239218 3.403173 3.575191 3.741568 3.84935 3.907989 3.915084 3.857753 3.747301 3.567582 3.356328 3.129104 2.899745 2.672532 2.473012 2.301134 2.14366 2.010403 1.910805 1.803175 1.72669 1.507574 1.453911 1.256836
1.613622 1.685711 1.752476 1.805251 1.859591 1.909052 1.950916 1.987574 2.019589 2.049381 2.081297 2.110904 2.132899 2.138985 2.124489 2.092891 2.066106 2.065052 2.073843 2.07994 2.078747 2.080094 2.091655 2.101545 2.10199 2.107888 2.133933 2.176976 2.230868 2.293077 2.363275 2.44021 2.530148 2.615194 2.712353 2.828923 2.942036 3.078064 3.224235 3.379311 3.557333 3.723046 3.827388 3.892508 3.912656 3.865442 3.777199 3.618933 3.422984 3.215284 2.994591 2.773193 2.559977 2.37077 2.21288 2.07974 1.961224 1.84454 1.749458 1.664951 1.511534 1.302614
1.557397 1.637914 1.710256 1.768717 1.834546 1.893282 1.94261 1.984713 2.019581 2.051512 2.084824 2.116004 2.142192 2.152572 2.14321 2.122006 2.117038 2.129075 2.14164 2.153316 2.165906 2.187234 2.215161 2.241971 2.264799 2.294087 2.331181 2.389627 2.457407 2.511179 2.569598 2.646783 2.717744 2.787494 2.876376 2.96405 3.059803 3.173977 3.296132 3.425481 3.586068 3.736587 3.833252 3.902132 3.933754 3.902372 3.828757 3.700849 3.521098 3.335307 3.139784 2.926716 2.705205 2.495304 2.307421 2.141872 2.002134 1.875901 1.754182 1.693457 1.561175 1.3482
1.510942 1.592865 1.667054 1.729213 1.809869 1.881716 1.942444 1.993084 2.035235 2.07326 2.10826 2.141586 2.173835 2.188846 2.187917 2.185482 2.188315 2.200078 2.216491 2.229162 2.251061 2.288642 2.331682 2.386925 2.443741 2.49889 2.562553 2.63983 2.719395 2.778632 2.82911 2.881231 2.948789 3.015249 3.091605 3.165838 3.242553 3.329821 3.42171 3.526973 3.656084 3.781102 3.870499 3.943004 3.990904 3.975835 3.90624 3.791626 3.647027 3.483587 3.313064 3.110816 2.88066 2.643366 2.415443 2.206969 2.030283 1.888079 1.763169 1.702441 1.609808 1.400017
1.474184 1.549938 1.622218 1.688111 1.784141 1.86984 1.942374 2.002248 2.053352 2.100413 2.14125 2.183837 2.225723 2.248637 2.260185 2.267338 2.271685 2.281405 2.296619 2.31532 2.352256 2.397383 2.457113 2.533534 2.618437 2.70211 2.786528 2.88098 2.979676 3.044743 3.089165 3.132441 3.18421 3.253154 3.315277 3.379399 3.442887 3.503564 3.561628 3.64062 3.750381 3.860806 3.948855 4.022002 4.081061 4.086475 4.013506 3.904125 3.78226 3.641303 3.479625 3.299889 3.066327 2.796527 2.525813 2.269157 2.049735 1.878104 1.752495 1.692101 1.661222 1.279775
1.453816 1.511054 1.578151 1.651628 1.758991 1.85357 1.93549 2.004893 2.064907 2.123986 2.177541 2.238318 2.294 2.331748 2.348125 2.358041 2.371462 2.391229 2.404629 2.432518 2.480075 2.535807 2.60182 2.686429 2.785336 2.888226 2.989731 3.093406 3.196959 3.275353 3.329653 3.378539 3.421796 3.473189 3.529574 3.585047 3.631989 3.673037 3.717778 3.784714 3.879552 3.981847 4.068218 4.13459 4.188352 4.198249 4.135469 4.035397 3.922745 3.798388 3.648422 3.47121 3.237459 2.938008 2.616578 2.308697 2.035167 1.8289 1.718755 1.680136 1.720617 1.580624
1.441828 1.485013 1.545224 1.630742 1.738335 1.836006 1.925997 2.005528 2.077581 2.146366 2.212785 2.289258 2.359671 2.411794 2.443412 2.466459 2.497479 2.526419 2.559791 2.596261 2.639662 2.693634 2.762663 2.853834 2.955864 3.06515 3.176266 3.283019 3.385012 3.474511 3.542553 3.59951 3.650679 3.689088 3.735782 3.781053 3.823179 3.85663 3.892448 3.950109 4.029886 4.118522 4.189145 4.243846 4.286398 4.291454 4.243716 4.17213 4.074978 3.95137 3.812794 3.636837 3.38807 3.056617 2.687136 2.316146 1.982555 1.754569 1.667219 1.693838 1.806459 1.725868
1.453705 1.478219 1.531606 1.62118 1.721283 1.816946 1.91238 1.999416 2.082358 2.163993 2.247707 2.340058 2.42398 2.488152 2.542081 2.595188 2.636826 2.6814 2.732704 2.773625 2.812535 2.859531 2.931515 3.030606 3.136964 3.249465 3.360358 3.467167 3.573559 3.666636 3.743316 3.807641 3.864381 3.898317 3.926815 3.965243 3.998492 4.028487 4.059395 4.105563 4.170111 4.241786 4.301199 4.350469 4.390193 4.395939 4.358551 4.295297 4.208577 4.09301 3.962838 3.798582 3.530889 3.158781 2.748656 2.320662 1.910759 1.646667 1.605047 1.724763 1.934814 1.855654
1.492033 1.491332 1.53262 1.606699 1.699469 1.795405 1.895687 1.989415 2.082653 2.177002 2.276729 2.383444 2.480151 2.564408 2.642077 2.71452 2.778358 2.833614 2.894734 2.939445 2.97315 3.025294 3.101092 3.20575 3.314698 3.427551 3.535275 3.643239 3.746668 3.844586 3.917597 3.984341 4.0376 4.063886 4.087739 4.127536 4.158548 4.171553 4.192564 4.230444 4.288487 4.36151 4.417032 4.453246 4.483071 4.491245 4.46478 4.400057 4.319742 4.219556 4.091576 3.922912 3.660341 3.269305 2.818447 2.333946 1.849445 1.531559 1.538104 1.777712 2.0825 1.934768
1.554524 1.522329 1.528787 1.575945 1.662905 1.768491 1.880017 1.977797 2.079959 2.18332 2.29688 2.416753 2.525433 2.623976 2.716708 2.805096 2.885439 2.957003 3.020156 3.071725 3.12198 3.172797 3.243706 3.341207 3.448754 3.556785 3.657142 3.763483 3.869277 3.965624 4.032116 4.09762 4.13734 4.164492 4.194651 4.229674 4.249491 4.2563 4.278487 4.319027 4.382148 4.442263 4.483823 4.51301 4.542625 4.55268 4.532626 4.487134 4.409892 4.312671 4.182095 4.007247 3.761315 3.380348 2.898434 2.363337 1.825608 1.442082 1.489516 1.85751 2.249614 2.048371
1.628445 1.561528 1.526191 1.549304 1.619079 1.731954 1.855334 1.961417 2.067922 2.181757 2.307437 2.438412 2.557192 2.668412 2.77166 2.86786 2.955768 3.039178 3.118881 3.188336 3.242972 3.289802 3.352393 3.433413 3.526624 3.623731 3.71258 3.813428 3.922337 4.015139 4.081612 4.142788 4.179509 4.213975 4.249966 4.27695 4.296653 4.315097 4.346017 4.390219 4.439367 4.485054 4.526386 4.558373 4.588239 4.597832 4.578218 4.538369 4.473521 4.375269 4.245601 4.073503 3.83732 3.479323 3.001483 2.447593 1.876205 1.441859 1.485854 1.944089 2.342242 2.232423
1.739278 1.637911 1.562125 1.552115 1.601581 1.694725 1.80794 1.918081 2.042984 2.170816 2.303555 2.437815 2.568858 2.692871 2.809234 2.917056 3.006641 3.091607 3.181512 3.269385 3.330833 3.382925 3.439662 3.499759 3.575834 3.657354 3.730844 3.828145 3.947788 4.042571 4.10401 4.155864 4.188131 4.22756 4.269481 4.29706 4.322026 4.356074 4.395606 4.432874 4.472269 4.518067 4.565745 4.603732 4.635542 4.640432 4.613548 4.571399 4.512567 4.419761 4.295965 4.13327 3.910957 3.587102 3.134716 2.579407 1.982643 1.514689 1.532988 1.985881 2.322687 2.22352
1.889699 1.768056 1.659079 1.604462 1.614064 1.657398 1.741057 1.847082 1.983023 2.128529 2.281364 2.435697 2.575928 2.708111 2.834526 2.95365 3.045092 3.126133 3.218917 3.31189 3.376512 3.437603 3.503273 3.55339 3.61192 3.674146 3.744471 3.837327 3.953793 4.041951 4.089906 4.133965 4.169926 4.212075 4.257283 4.288569 4.318554 4.362219 4.408701 4.447565 4.490749 4.546324 4.60645 4.646267 4.670812 4.671809 4.640515 4.591915 4.533716 4.452665 4.335727 4.187969 3.986284 3.698132 3.283083 2.746383 2.148798 1.667621 1.627305 1.982571 2.1957 1.989819
2.054207 1.915476 1.770697 1.661461 1.615065 1.607586 1.649866 1.744492 1.885542 2.037662 2.194067 2.355555 2.503851 2.643637 2.78163 2.908539 3.007672 3.093558 3.180947 3.258255 3.317259 3.372242 3.41945 3.455639 3.500367 3.569473 3.646501 3.734259 3.839872 3.934848 3.994284 4.044218 4.093356 4.142544 4.194274 4.234432 4.270322 4.321478 4.374987 4.420287 4.474089 4.541268 4.606327 4.644636 4.667231 4.671003 4.651654 4.607377 4.550164 4.476264 4.370414 4.238914 4.059551 3.807565 3.446849 2.965073 2.421325 1.923554 1.768463 1.964696 2.015523 1.782458
2.213553 2.078356 1.915672 1.757856 1.643547 1.589482 1.585621 1.647009 1.771026 1.907145 2.049517 2.201155 2.340803 2.483191 2.619174 2.742793 2.85082 2.94206 3.026198 3.094662 3.141678 3.179911 3.210641 3.240095 3.285726 3.352811 3.433089 3.520662 3.621809 3.726806 3.813668 3.882835 3.954786 4.018918 4.078951 4.135358 4.184044 4.242117 4.30607 4.362381 4.4256 4.501924 4.571538 4.617379 4.650371 4.658351 4.650381 4.625309 4.574882 4.504098 4.40644 4.286235 4.132464 3.921504 3.62665 3.234452 2.759483 2.279248 2.004477 1.999971 1.933853 1.815484
2.366774 2.251455 2.101619 1.927124 1.761399 1.662423 1.613841 1.617457 1.673675 1.763578 1.877207 2.010153 2.130432 2.259405 2.399849 2.53031 2.64188 2.743953 2.832829 2.896449 2.934221 2.959743 2.979342 2.994918 3.018794 3.079822 3.166785 3.261962 3.36192 3.466512 3.57488 3.676295 3.76695 3.854149 3.931559 4.007069 4.078394 4.149345 4.229156 4.302052 4.373195 4.45712 4.531815 4.584225 4.627813 4.647959 4.649298 4.64128 4.607073 4.53585 4.441864 4.329019 4.195957 4.020578 3.78645 3.484935 3.087978 2.66486 2.368498 2.2408 2.213754 2.339804
2.560262 2.420183 2.287922 2.112326 1.931361 1.797241 1.703305 1.642637 1.616444 1.642653 1.715134 1.814469 1.905133 2.012622 2.155838 2.286858 2.415889 2.526227 2.61772 2.686476 2.724859 2.740124 2.747184 2.753678 2.766556 2.801872 2.878684 2.972433 3.073378 3.187975 3.307396 3.425836 3.539009 3.654314 3.75923 3.85251 3.948565 4.04475 4.145063 4.239192 4.318554 4.410287 4.492886 4.55371 4.608418 4.644462 4.656001 4.652168 4.633651 4.565735 4.471892 4.362741 4.244544 4.100418 3.912158 3.687931 3.404905 3.075173 2.807229 2.700674 2.816785 3.173429
2.759123 2.619325 2.455849 2.303368 2.133005 1.965089 1.821509 1.700969 1.617571 1.594671 1.633618 1.692064 1.747247 1.821471 1.932819 2.0457 2.180962 2.298514 2.391011 2.465179 2.51371 2.532965 2.537152 2.548654 2.554963 2.568563 2.622622 2.703427 2.803863 2.91589 3.026446 3.154053 3.291848 3.432235 3.559175 3.670939 3.791608 3.923566 4.049282 4.169588 4.263185 4.365155 4.459405 4.531917 4.599297 4.651122 4.671628 4.665879 4.646853 4.589965 4.496644 4.390965 4.283527 4.166389 4.021318 3.866114 3.695658 3.487724 3.320744 3.327808 3.595361 3.959782
2.946765 2.832409 2.67657 2.494786 2.339181 2.168855 2.003727 1.842878 1.714557 1.637103 1.628571 1.656327 1.690107 1.711342 1.746733 1.816537 1.932196 2.065524 2.162836 2.240592 2.304365 2.343138 2.363453 2.376588 2.387356 2.394893 2.417059 2.483344 2.549929 2.635726 2.754424 2.887912 3.048671 3.207228 3.341179 3.464202 3.620679 3.785336 3.940083 4.086154 4.204709 4.323775 4.434601 4.522607 4.606184 4.673371 4.696081 4.684007 4.660533 4.6125 4.52452 4.420061 4.320761 4.227355 4.129934 4.035025 3.952604 3.868788 3.836339 3.947293 4.187147 4.435885
3.113883 3.023133 2.895736 2.741887 2.555405 2.365344 2.188004 2.013559 1.852388 1.719442 1.664889 1.681765 1.700277 1.670482 1.617816 1.605536 1.687 1.83637 1.949527 2.030819 2.113022 2.180746 2.22409 2.253099 2.267201 2.260534 2.257535 2.290853 2.328564 2.3863 2.503281 2.637712 2.812418 2.99458 3.148677 3.292927 3.469453 3.6536 3.829095 3.996918 4.146736 4.288844 4.419254 4.52753 4.632584 4.714192 4.734742 4.714856 4.684108 4.637782 4.557861 4.454792 4.364348 4.287377 4.224105 4.188417 4.16975 4.167322 4.210389 4.346506 4.542958 4.725235
3.265652 3.183064 3.072593 2.937608 2.771578 2.579391 2.374623 2.205358 2.041384 1.884202 1.800086 1.801787 1.796001 1.714586 1.597094 1.499282 1.545255 1.689289 1.802568 1.889088 1.990278 2.083189 2.153417 2.205071 2.226473 2.212329 2.195068 2.219302 2.231428 2.257676 2.367516 2.494952 2.671622 2.873888 3.054098 3.219787 3.393732 3.571347 3.756645 3.947792 4.121784 4.281598 4.426001 4.552469 4.676892 4.763776 4.781657 4.75842 4.719947 4.671743 4.600171 4.509913 4.430161 4.368652 4.324572 4.318913 4.348517 4.399468 4.479939 4.610773 4.769733 4.933617
