py_wake/examples/data/AJ_ParqueFicticio/Ridge area   Sector 10   Height 30m   Mean speed.grd
DSAA
90  129
 262878   265103
 6504214   6507414
 .2875556   10.96452
[rows 27 to 53 of 129, columns 0 to 61 of 90]
5.834513 5.871635 5.945281 6.02118 6.0954 6.172894 6.244959 6.307258 6.365247 6.406674 6.418466 6.408185 6.393948 6.387987 6.402689 6.435099 6.48022 6.531407 6.574714 6.61854 6.712503 6.816196 6.91554 7.02141 7.11708 7.230534 7.371214 7.552793 7.766691 7.962421 8.156954 8.343861 8.5432 8.756066 8.937757 9.139961 9.363143 9.593709 9.856437 10.08326 10.22285 10.32882 10.36195 10.3042 10.16303 9.952583 9.708837 9.429081 8.959614 7.899097 6.080812 4.015765 3.091423 2.226241 1.48071 1.0987 1.027588 1.52758 1.627953 1.766286 1.882218 1.956137
5.785672 5.828519 5.904605 5.982863 6.068187 6.164442 6.257128 6.34763 6.432114 6.489464 6.507976 6.499009 6.475002 6.451579 6.439533 6.447414 6.474864 6.513542 6.552831 6.596649 6.677961 6.763009 6.84376 6.941953 7.025826 7.123004 7.25813 7.428159 7.632391 7.835244 8.024178 8.206398 8.406569 8.621345 8.816897 9.021162 9.249936 9.482466 9.754236 10.00141 10.17584 10.31927 10.37479 10.30879 10.13087 9.876808 9.608471 9.297038 8.616427 7.195133 5.048113 2.888976 2.622112 1.728446 1.141428 .9263607 .9840865 .916599 1.601804 1.750755 1.874399 1.959269
5.742249 5.791237 5.865483 5.939487 6.029353 6.136998 6.245486 6.360779 6.475556 6.559623 6.584361 6.564411 6.536324 6.511943 6.491328 6.483889 6.493443 6.51826 6.54609 6.586863 6.65884 6.724506 6.785205 6.870912 6.945841 7.021471 7.15376 7.32522 7.525792 7.724865 7.906581 8.082273 8.269091 8.482924 8.69173 8.893452 9.120739 9.357091 9.633738 9.901205 10.11378 10.28853 10.37767 10.31425 10.1108 9.817392 9.520336 9.146501 8.187641 6.386503 4.031073 2.426755 1.873209 1.489711 1.081454 1.161024 .951187 .9150929 1.494461 1.620426 1.730302 1.583813
5.700125 5.753801 5.825099 5.895614 5.987936 6.097332 6.210832 6.338223 6.475534 6.587516 6.616814 6.599595 6.573974 6.556639 6.544261 6.534066 6.533659 6.545087 6.561245 6.596817 6.666031 6.713577 6.758773 6.838747 6.90504 6.961732 7.086449 7.256847 7.437645 7.617221 7.7884 7.945506 8.103153 8.312527 8.535248 8.743846 8.968322 9.213202 9.496637 9.782153 10.02482 10.23753 10.36769 10.31468 10.10661 9.792497 9.461478 9.002219 7.72915 5.534376 3.179703 2.940951 2.126711 1.478416 1.07013 1.113238 .9606355 .9289263 1.388626 1.478659 1.381504 1.209052
5.646738 5.700443 5.768836 5.833672 5.92673 6.039404 6.156691 6.284014 6.421311 6.537587 6.580782 6.589479 6.586412 6.580388 6.575613 6.570507 6.566502 6.576082 6.603888 6.652013 6.708585 6.753755 6.80534 6.883049 6.948033 7.016331 7.137296 7.291914 7.437898 7.583827 7.731733 7.874211 8.021389 8.202887 8.400738 8.600158 8.812441 9.054179 9.340899 9.643254 9.923016 10.17699 10.33227 10.29573 10.09827 9.785054 9.431495 8.908606 7.43901 5.017614 2.71133 4.922182 2.513424 1.510836 1.37113 1.1068 1.002335 .9820687 1.310933 1.375503 1.004521 .8620329
5.595754 5.647507 5.712556 5.773442 5.86547 5.97675 6.091674 6.211894 6.337826 6.448149 6.507092 6.540719 6.563983 6.577423 6.581687 6.577502 6.573579 6.602009 6.660906 6.717993 6.769258 6.826248 6.890907 6.965303 7.040279 7.132674 7.251192 7.387836 7.506697 7.618212 7.740675 7.868791 8.007627 8.152569 8.311702 8.488093 8.683912 8.916656 9.200041 9.510933 9.823352 10.11254 10.27929 10.26427 10.08519 9.777522 9.423204 8.899856 7.430315 4.913557 2.51007 4.667827 3.226962 1.523279 1.398815 1.122447 1.051403 1.047395 1.019808 1.150556 .5966299 .5065379
5.546011 5.595726 5.656978 5.713278 5.805017 5.914992 6.026664 6.137233 6.247575 6.349974 6.426083 6.483994 6.529563 6.55765 6.566098 6.560157 6.560245 6.61871 6.708343 6.77892 6.838861 6.90231 6.973899 7.054483 7.135961 7.234344 7.372374 7.509197 7.619668 7.717931 7.81475 7.910235 8.028823 8.144322 8.26888 8.422716 8.598804 8.814394 9.082165 9.390346 9.730178 10.04855 10.22248 10.23104 10.07973 9.781705 9.428062 8.965954 7.63264 5.174799 2.635468 4.523909 1.570615 1.309565 1.259053 1.124411 1.062262 1.059766 1.105026 .610542 .3260588 .4860706
5.498833 5.547348 5.604268 5.65553 5.750681 5.860861 5.969897 6.0777 6.178894 6.273203 6.361188 6.438825 6.502524 6.539841 6.547166 6.535535 6.551358 6.634016 6.735041 6.824147 6.893858 6.962568 7.044957 7.131212 7.217029 7.3276 7.474975 7.645999 7.782832 7.884277 7.963199 8.043215 8.134331 8.218421 8.324491 8.456015 8.59569 8.790071 9.027859 9.315641 9.666832 9.994378 10.17205 10.20561 10.08817 9.812411 9.45669 9.063742 8.053372 5.928107 3.270368 1.822682 1.894048 1.393793 1.133736 1.028568 .9109879 .7763178 .5120069 .2875556 .3088177 .5027214
5.473197 5.515354 5.558384 5.597732 5.699728 5.813861 5.926516 6.036826 6.138428 6.23514 6.329626 6.416492 6.492242 6.535099 6.544111 6.539158 6.573555 6.657633 6.753694 6.840671 6.919481 7.003748 7.093956 7.190797 7.295479 7.425755 7.586177 7.783169 7.975802 8.08961 8.177624 8.257784 8.329465 8.39784 8.491426 8.588085 8.702409 8.863997 9.064582 9.315297 9.646012 9.959053 10.13622 10.19568 10.11554 9.876322 9.53409 9.166803 8.474148 6.859484 4.466372 2.400363 2.583552 1.820408 1.362624 1.038054 .8144296 .6116779 .4470033 .3609428 .3868672 .5804301
5.477802 5.497078 5.516575 5.536695 5.647387 5.766863 5.885149 5.998541 6.104927 6.209007 6.307771 6.40385 6.493999 6.543768 6.562191 6.580423 6.62021 6.689633 6.77395 6.852424 6.935873 7.027684 7.12206 7.238833 7.368771 7.517902 7.700545 7.91983 8.144026 8.30875 8.407014 8.486459 8.555366 8.623232 8.701535 8.782501 8.872592 8.998132 9.156179 9.37251 9.662914 9.945292 10.12135 10.19976 10.16411 9.967474 9.647575 9.269407 8.798926 7.748879 5.917498 3.736012 2.810282 2.530292 1.830863 1.343249 .9917701 .7524515 .581399 .4851287 .543497 .7047275
5.511703 5.492735 5.480742 5.480245 5.59581 5.717782 5.838393 5.952055 6.06322 6.177423 6.283734 6.397192 6.504229 6.566194 6.601691 6.634034 6.674285 6.734101 6.80185 6.871838 6.963541 7.051724 7.152411 7.280989 7.430661 7.600924 7.798781 8.035432 8.288571 8.47749 8.616138 8.707803 8.783254 8.855742 8.92085 8.991169 9.065954 9.154775 9.266743 9.444926 9.703355 9.961484 10.14025 10.22709 10.22755 10.07798 9.779947 9.4076 9.026492 8.369632 7.08504 5.242188 3.468075 3.368767 2.442388 1.760503 1.274704 .9509494 .7400252 .6625698 .7243255 1.82636
5.581746 5.495746 5.442746 5.433204 5.552717 5.668166 5.784416 5.895814 6.006228 6.12825 6.247897 6.388563 6.514985 6.600553 6.64542 6.683122 6.734888 6.801379 6.859013 6.928881 7.016086 7.102581 7.201133 7.332154 7.487329 7.669929 7.880556 8.123462 8.384654 8.599502 8.762889 8.900414 8.99586 9.068753 9.133552 9.195336 9.251881 9.311094 9.398458 9.554344 9.782617 10.0224 10.20005 10.28758 10.30265 10.18356 9.91748 9.568359 9.212005 8.749286 7.891106 6.428193 4.590679 3.245445 2.997017 2.166595 1.562997 1.152507 .919651 .8659981 1.777119 1.796636
5.674116 5.53138 5.431488 5.413463 5.500058 5.605124 5.724173 5.835937 5.950131 6.074797 6.206316 6.365775 6.510167 6.614793 6.682546 6.739127 6.809468 6.881732 6.960374 7.031363 7.100724 7.172951 7.265813 7.401354 7.553732 7.736668 7.949507 8.188499 8.449544 8.683988 8.870888 9.029887 9.168169 9.256572 9.329016 9.387897 9.439354 9.488073 9.559815 9.697293 9.899771 10.11886 10.28038 10.36377 10.38054 10.27689 10.04019 9.73106 9.400487 9.006936 8.419393 7.307408 5.555974 3.81977 3.026297 2.413857 1.743737 1.325496 1.09972 1.031553 1.749998 1.761033
5.789986 5.609375 5.470487 5.427999 5.460615 5.533483 5.641662 5.756465 5.878355 6.011636 6.160389 6.33692 6.495082 6.612736 6.708341 6.804203 6.88504 6.973398 7.072991 7.143922 7.198164 7.251771 7.339751 7.47526 7.628053 7.810838 8.012866 8.243568 8.506088 8.749232 8.951806 9.130202 9.286469 9.393776 9.493447 9.565831 9.613021 9.655196 9.721819 9.844543 10.02346 10.22037 10.36705 10.44572 10.46613 10.37848 10.16877 9.879208 9.562269 9.20688 8.752908 7.973434 6.395181 4.42068 3.106232 2.537731 1.837639 1.413544 1.232681 1.17063 1.722288 1.393687
5.939725 5.729214 5.553055 5.451824 5.428204 5.465589 5.557661 5.659586 5.786688 5.933767 6.102851 6.295599 6.463319 6.603423 6.728297 6.847174 6.955428 7.057186 7.168405 7.243921 7.286613 7.336621 7.418352 7.550443 7.695997 7.874763 8.06525 8.292258 8.546203 8.799583 9.001963 9.196842 9.359251 9.470058 9.577373 9.696583 9.770158 9.804128 9.862816 9.973419 10.13689 10.33085 10.4728 10.53968 10.55437 10.47884 10.29519 10.01537 9.702114 9.374685 8.973867 8.35008 7.068196 5.073234 3.390024 2.441186 1.80639 1.436039 1.318546 1.326273 1.179034 1.315677
6.114457 5.873845 5.647099 5.472149 5.396173 5.405319 5.481844 5.568418 5.68832 5.832673 6.021423 6.233555 6.4169 6.579113 6.722881 6.859444 6.98665 7.111094 7.228476 7.314786 7.37719 7.42297 7.493632 7.607435 7.74329 7.905316 8.081722 8.298302 8.555008 8.810791 9.008099 9.215612 9.367625 9.490853 9.619841 9.750867 9.840187 9.901524 9.968233 10.0793 10.24673 10.42612 10.55631 10.61806 10.63401 10.5646 10.39208 10.13962 9.831669 9.502839 9.113295 8.530945 7.483118 5.665749 3.765305 2.39575 1.641551 1.397014 1.374835 1.395416 1.386054 1.546985
6.281503 6.014835 5.748115 5.517835 5.37485 5.352876 5.405415 5.467418 5.580522 5.722391 5.914456 6.136085 6.341411 6.533444 6.694348 6.842231 6.977022 7.117053 7.259537 7.377222 7.451214 7.499054 7.563359 7.653835 7.769144 7.909975 8.063958 8.268499 8.530219 8.776937 8.972725 9.179149 9.326717 9.469515 9.619023 9.747269 9.848061 9.939379 10.04963 10.17625 10.32981 10.49273 10.62908 10.69773 10.71522 10.64579 10.47351 10.22677 9.934302 9.597271 9.208832 8.643286 7.683905 6.044877 4.119103 2.561121 1.724889 1.517924 1.557867 1.640327 1.734467 1.971032
6.472586 6.183367 5.881014 5.610829 5.413241 5.318783 5.309318 5.334295 5.442163 5.589334 5.782441 6.004273 6.22125 6.432225 6.628515 6.807378 6.954876 7.094023 7.250858 7.399452 7.49096 7.557651 7.624241 7.693152 7.791669 7.90804 8.032803 8.223002 8.488212 8.728705 8.914316 9.110731 9.259409 9.416011 9.577407 9.706843 9.823126 9.950519 10.0897 10.23527 10.38566 10.55052 10.70094 10.77786 10.79758 10.72756 10.54957 10.29776 10.00929 9.673824 9.280896 8.741788 7.810606 6.303768 4.438553 2.835179 1.999359 1.837599 1.975147 2.146434 2.259195 2.539792
6.689409 6.396004 6.076751 5.774984 5.512327 5.299802 5.193588 5.171256 5.268981 5.418206 5.615457 5.843928 6.066669 6.29262 6.510839 6.713805 6.866652 7.015543 7.195893 7.375344 7.480748 7.567256 7.649086 7.705013 7.783596 7.882042 7.985048 8.154751 8.416309 8.656676 8.825753 9.010494 9.165669 9.329944 9.50127 9.636549 9.764571 9.921 10.08722 10.24167 10.41663 10.59734 10.76945 10.85593 10.87124 10.80242 10.62704 10.3661 10.06489 9.735086 9.336406 8.812078 7.89762 6.438351 4.62457 3.038505 2.310826 2.406071 2.666105 2.602874 2.744072 3.037517
6.907151 6.607516 6.264535 5.918217 5.573519 5.245033 5.022484 4.945995 5.039464 5.192031 5.381657 5.606845 5.827541 6.057271 6.297485 6.525072 6.696954 6.857067 7.043347 7.227037 7.364129 7.476027 7.568502 7.62763 7.696613 7.792102 7.894856 8.040317 8.274311 8.518756 8.69339 8.872943 9.042758 9.210635 9.388889 9.537871 9.673966 9.849054 10.0377 10.20794 10.40095 10.61486 10.80606 10.90232 10.91975 10.85216 10.69071 10.43879 10.12032 9.778592 9.376431 8.840425 7.919877 6.422198 4.632681 3.121423 2.676624 3.048813 2.782278 2.776834 2.993806 3.325173
7.10598 6.818659 6.466141 6.072407 5.638768 5.197405 4.843782 4.676086 4.743056 4.88353 5.062398 5.28111 5.489004 5.73809 5.992423 6.228357 6.429874 6.613497 6.816487 7.012456 7.166095 7.290332 7.386624 7.447246 7.51727 7.619065 7.730258 7.865096 8.06899 8.318626 8.522339 8.703746 8.892301 9.068534 9.245264 9.410179 9.560996 9.748149 9.959804 10.15207 10.36296 10.59894 10.80597 10.9171 10.95125 10.8877 10.73183 10.5021 10.18371 9.820024 9.40775 8.842937 7.872571 6.311896 4.525095 3.15144 2.855883 2.95655 2.732679 2.817143 3.133052 3.557104
7.287317 7.024358 6.705297 6.312888 5.822702 5.272323 4.782936 4.470425 4.395109 4.47367 4.640369 4.869398 5.062073 5.311111 5.601892 5.871426 6.096097 6.313894 6.54743 6.765732 6.937379 7.073666 7.17942 7.245354 7.299728 7.398413 7.521605 7.659637 7.834525 8.055338 8.279478 8.494766 8.707564 8.911165 9.087829 9.261652 9.432529 9.629 9.862356 10.08556 10.31208 10.56189 10.78476 10.91079 10.96452 10.91425 10.75961 10.53774 10.23998 9.857312 9.430058 8.834864 7.783228 6.12259 4.31242 3.086071 2.731674 2.725324 2.660451 2.81373 3.21927 3.748938
7.465481 7.216837 6.929614 6.567665 6.106943 5.517801 4.885327 4.352288 4.032976 3.977624 4.122651 4.361015 4.542398 4.786117 5.133423 5.432016 5.712542 5.962205 6.219431 6.47185 6.678936 6.830536 6.949796 7.035582 7.091017 7.164384 7.288696 7.429659 7.590758 7.791896 8.010747 8.234902 8.458089 8.684022 8.887335 9.078511 9.279797 9.493699 9.745539 10.00174 10.23237 10.4986 10.74058 10.88475 10.96017 10.93045 10.77968 10.54333 10.25823 9.875428 9.433204 8.80877 7.674434 5.912305 4.049237 2.935614 2.548105 2.482003 2.535343 2.747394 3.263081 3.921302
7.635035 7.399412 7.114088 6.784544 6.401824 5.834098 5.056562 4.246582 3.690073 3.494872 3.619944 3.851648 4.041803 4.282112 4.636958 4.932952 5.263639 5.545415 5.811653 6.09665 6.353724 6.546683 6.691844 6.820418 6.896795 6.957405 7.070127 7.207767 7.362411 7.545092 7.736876 7.954649 8.189294 8.428194 8.639977 8.830343 9.045458 9.293937 9.569887 9.860432 10.11211 10.40025 10.66571 10.83545 10.93738 10.9335 10.78758 10.53051 10.22626 9.857191 9.40818 8.759987 7.552994 5.726266 3.849984 2.762514 2.373948 2.274851 2.361001 2.718881 3.376126 4.169574
7.794071 7.581857 7.306824 6.993774 6.605276 6.147832 5.471161 4.467509 3.635831 3.238211 3.253226 3.49684 3.763186 3.944693 4.156724 4.383734 4.69525 5.035645 5.311171 5.610742 5.924297 6.186114 6.392118 6.564852 6.687272 6.770758 6.865118 7.00789 7.129673 7.275106 7.461399 7.666599 7.911311 8.154005 8.355637 8.535876 8.77037 9.040388 9.336377 9.658138 9.945818 10.25985 10.55439 10.75729 10.8959 10.92393 10.78118 10.49992 10.17169 9.807941 9.367055 8.689805 7.415995 5.559404 3.756121 2.658021 2.249241 2.164385 2.321386 2.757235 3.468436 4.301816
7.939332 7.749023 7.495739 7.197675 6.819908 6.351722 5.805123 4.928397 3.838886 3.157962 3.043481 3.381665 3.729385 3.841761 3.827704 3.83112 4.036876 4.423092 4.724197 5.02103 5.390846 5.742549 6.030804 6.273973 6.45111 6.555663 6.647268 6.780057 6.880792 6.992184 7.17486 7.365952 7.6114 7.861495 8.064198 8.247757 8.488958 8.764781 9.069749 9.410924 9.741915 10.0863 10.40914 10.65062 10.83677 10.90089 10.76638 10.46879 10.12142 9.749928 9.322189 8.624073 7.317113 5.442985 3.702598 2.700166 2.27383 2.182874 2.330613 2.780085 3.52981 4.392142
8.069769 7.89326 7.653368 7.361763 7.015333 6.557297 5.971209 5.407479 4.369251 3.447566 3.294981 3.615752 3.909295 3.902497 3.745667 3.51343 3.564443 3.89664 4.171619 4.455943 4.870592 5.294676 5.664228 5.983787 6.21917 6.349922 6.452425 6.597298 6.686243 6.769234 6.94833 7.127604 7.36071 7.615034 7.829494 8.028958 8.261021 8.51712 8.817533 9.17636 9.544639 9.915783 10.25518 10.52977 10.76259 10.8573 10.74064 10.45048 10.0907 9.707691 9.294074 8.638615 7.389105 5.577785 3.83792 2.842083 2.465951 2.372583 2.478372 2.902877 3.615239 4.441114
