py_wake/examples/data/AJ_ParqueFicticio/Ridge area   Sector 8   Height 30m   Turbulence intensity.grd
DSAA
90  129
 262878   265103
 6504214   6507414
 10.24184   100
[rows 28 to 55 of 129, columns 0 to 61 of 90]
15.47884 15.47522 15.42527 15.38089 15.33314 15.2673 15.2026 15.13304 15.05098 14.96783 14.89942 14.86273 14.87038 14.9008 14.93398 14.95773 14.97217 14.98763 15.01409 15.03423 15.00448 14.97275 14.95231 14.91299 14.89721 14.87333 14.804 14.68257 14.50821 14.30553 14.106 13.91134 13.69125 13.47335 13.2649 13.06169 12.86229 12.68154 12.485 12.30881 12.17119 12.04164 11.92612 11.85171 11.8509 11.91286 12.03141 12.24265 12.54443 13.03394 14.15679 16.6582 21.73619 30.95013 46.98559 100 99.16276 100 74.6077 69.50737 66.39253 65.27555
15.43754 15.40082 15.3387 15.29177 15.2298 15.14092 15.05108 14.94683 14.83262 14.7309 14.68952 14.72233 14.78869 14.86944 14.95987 15.04339 15.12172 15.19356 15.27668 15.34204 15.35504 15.38226 15.43699 15.46427 15.49188 15.52564 15.47052 15.32713 15.11345 14.87832 14.64826 14.41698 14.17426 13.91713 13.66308 13.43066 13.20318 12.99253 12.76648 12.55277 12.36622 12.18666 12.01929 11.92157 11.9229 11.99228 12.11723 12.33802 12.67525 13.27372 14.75476 18.07721 24.52831 35.26577 61.55511 100 100 100 77.89206 73.17516 70.16032 68.85355
15.40556 15.33958 15.2677 15.21638 15.14412 15.04929 14.94699 14.82156 14.68198 14.57013 14.57353 14.65073 14.75008 14.84719 14.94917 15.06632 15.19804 15.35015 15.51871 15.64942 15.71106 15.82298 15.95302 16.0441 16.14469 16.26499 16.21686 16.02349 15.78979 15.54408 15.28792 15.04422 14.80227 14.48466 14.16037 13.87392 13.606 13.34694 13.06921 12.79881 12.54625 12.29168 12.06405 11.95249 11.94792 12.0249 12.17638 12.41449 12.80393 13.55553 15.40581 19.43527 26.92313 39.28833 76.22741 100 100 100 81.30334 77.86842 75.3254 73.91614
15.43697 15.35461 15.27487 15.22332 15.14541 15.04471 14.93784 14.82087 14.69932 14.62174 14.64199 14.70454 14.78317 14.86712 14.96053 15.08007 15.2469 15.44664 15.63076 15.76187 15.88364 16.04144 16.18275 16.26456 16.42651 16.57069 16.56607 16.43934 16.29807 16.12697 15.90592 15.65728 15.37042 15.02424 14.67883 14.34922 14.036 13.72336 13.3836 13.04785 12.73269 12.41411 12.15481 12.03448 12.00825 12.07301 12.24358 12.49757 12.92297 13.7808 15.8116 20.19241 28.02436 41.43462 85.57413 100 100 100 83.98251 81.36404 79.71561 78.46756
15.50002 15.40514 15.31963 15.26908 15.19566 15.10551 15.01666 14.93239 14.85379 14.81678 14.8381 14.87661 14.91569 14.96222 15.03306 15.14981 15.32556 15.49911 15.62297 15.74452 15.88995 16.03366 16.16866 16.29107 16.40639 16.53087 16.61577 16.61742 16.60373 16.54869 16.38445 16.1487 15.84047 15.52697 15.21397 14.87444 14.51823 14.14643 13.74054 13.34178 12.96391 12.59178 12.31789 12.18302 12.13252 12.17978 12.33863 12.599 13.0272 13.92712 16.00158 20.38316 27.99932 58.48926 83.1458 100 100 100 100 83.27808 82.35066 81.40068
15.59495 15.48175 15.38676 15.33884 15.27113 15.19655 15.13268 15.08825 15.05677 15.05405 15.06865 15.08263 15.0894 15.10619 15.16171 15.2747 15.43228 15.52118 15.56266 15.64628 15.76589 15.90947 16.05905 16.20238 16.36038 16.50075 16.57597 16.66317 16.75286 16.76434 16.69774 16.58041 16.3173 16.04763 15.77694 15.42037 15.028 14.61099 14.15117 13.69646 13.24151 12.8072 12.51582 12.35963 12.28726 12.32119 12.45356 12.70957 13.13623 14.00729 15.90156 19.83074 41.28563 56.39516 77.32008 100 100 100 100 82.14536 82.02301 81.00819
15.72535 15.57647 15.46139 15.41012 15.33707 15.27087 15.22791 15.20757 15.20734 15.22927 15.23706 15.23379 15.22333 15.23464 15.29725 15.4143 15.51076 15.50277 15.48115 15.50422 15.60333 15.74421 15.8881 16.06024 16.27004 16.44559 16.54384 16.56099 16.59634 16.63054 16.66353 16.6206 16.46725 16.3049 16.0586 15.71161 15.37368 14.94032 14.47597 14.00692 13.49026 13.02209 12.72479 12.54304 12.44603 12.46479 12.55918 12.78413 13.16626 13.88489 15.46303 18.68712 38.60618 52.46065 69.1958 96.41026 100 100 100 100 83.80913 83.76783
15.8392 15.64447 15.51031 15.45506 15.35528 15.27344 15.21924 15.19355 15.19771 15.22169 15.23919 15.25262 15.25248 15.27719 15.35033 15.4493 15.47628 15.43393 15.39496 15.40022 15.46169 15.55346 15.67869 15.84367 16.02791 16.18477 16.29679 16.30363 16.22087 16.17935 16.18902 16.15369 16.10074 16.00892 15.80595 15.57213 15.28814 14.91426 14.51673 14.11668 13.63082 13.18285 12.89873 12.69736 12.57489 12.56526 12.62193 12.78796 13.11934 13.67936 14.82808 17.23629 37.03617 45.29006 59.16409 78.7855 100 100 100 100 100 100
15.90619 15.68618 15.54435 15.48683 15.34053 15.22293 15.13884 15.09494 15.0892 15.10473 15.13616 15.16725 15.17361 15.21039 15.27849 15.33019 15.34447 15.31896 15.28476 15.29042 15.31386 15.35789 15.44718 15.54235 15.65233 15.75896 15.81921 15.80137 15.70577 15.61049 15.52461 15.52409 15.5048 15.43221 15.28781 15.11085 14.90113 14.62331 14.33509 14.02369 13.64431 13.27224 13.00739 12.7852 12.6265 12.58172 12.62375 12.76186 12.99309 13.40313 14.17591 15.87498 19.29803 43.40712 50.19677 65.80864 100 100 100 100 100 100
15.9269 15.71346 15.5761 15.50438 15.29836 15.13678 15.01941 14.95455 14.93417 14.93763 14.97195 14.99241 14.99161 15.02412 15.07024 15.11816 15.16025 15.1596 15.14858 15.14478 15.10767 15.11178 15.13576 15.16467 15.19682 15.23214 15.24563 15.19063 15.06095 14.98569 14.94317 14.87467 14.82195 14.75451 14.67355 14.55018 14.39171 14.22604 14.07641 13.87254 13.57225 13.25513 12.99703 12.75951 12.57743 12.48237 12.53808 12.66936 12.83 13.12 13.70011 14.85564 17.40801 22.96969 51.54492 57.01812 78.81789 100 100 100 100 82.04832
15.88857 15.72585 15.59825 15.48092 15.22529 15.03521 14.89573 14.8123 14.77496 14.75145 14.75726 14.73055 14.70189 14.71335 14.77446 14.84669 14.88319 14.88437 14.89202 14.84466 14.76236 14.72072 14.71327 14.70161 14.68982 14.67166 14.6429 14.57251 14.45141 14.3603 14.30429 14.25131 14.17439 14.0938 14.0421 13.96535 13.88684 13.81015 13.72443 13.575 13.34083 13.06432 12.81518 12.60193 12.43486 12.33793 12.38994 12.50735 12.64515 12.85362 13.29382 14.20039 16.19576 20.72808 31.72497 61.72847 70.53731 95.98392 100 100 81.66681 82.11951
15.86874 15.71453 15.57579 15.38004 15.11234 14.91264 14.75144 14.64386 14.5787 14.53805 14.51332 14.44786 14.38958 14.38029 14.42301 14.4716 14.475 14.46856 14.41974 14.34289 14.2635 14.21354 14.19358 14.15466 14.13192 14.09267 14.04284 13.98542 13.88978 13.7855 13.71049 13.64989 13.56154 13.48891 13.40384 13.37275 13.31849 13.27462 13.23226 13.13315 12.96724 12.75311 12.56594 12.40612 12.27953 12.21836 12.25955 12.32344 12.42174 12.60485 12.94523 13.69818 15.46127 19.55514 29.17091 53.78688 80.65443 88.84652 97.84019 100 80.8989 82.06887
15.82397 15.63351 15.45036 15.20592 14.96736 14.77731 14.60237 14.47769 14.38672 14.31662 14.24505 14.13832 14.05315 14.02288 14.01521 13.99608 13.98214 13.94148 13.85524 13.77465 13.71262 13.67949 13.63904 13.57095 13.52363 13.47436 13.43842 13.39411 13.30567 13.20797 13.11799 13.04729 12.9575 12.90525 12.85757 12.80691 12.7842 12.76105 12.74064 12.68478 12.58529 12.45018 12.31667 12.19011 12.07744 12.03313 12.07175 12.13622 12.22444 12.38962 12.67422 13.27763 14.91291 18.97215 28.26641 47.81083 96.28796 94.85412 97.43116 97.38482 79.97419 82.01651
15.69127 15.47349 15.25939 15.03431 14.83265 14.65394 14.46246 14.32051 14.19958 14.09467 13.97536 13.83161 13.71798 13.63893 13.57429 13.51235 13.45691 13.39817 13.30462 13.23961 13.19498 13.14199 13.08041 12.99164 12.92728 12.86445 12.83683 12.80727 12.751 12.64942 12.58228 12.5087 12.43478 12.41838 12.40216 12.33767 12.28711 12.29742 12.31565 12.29873 12.24072 12.11001 11.99238 11.91322 11.8447 11.81422 11.84638 11.94596 12.05178 12.19699 12.46575 13.04205 14.53954 18.48238 27.59901 45.40178 81.78347 95.34922 100 100 79.20928 82.14441
15.5364 15.35822 15.18013 14.99956 14.7774 14.54475 14.32051 14.15658 14.0094 13.88025 13.72277 13.5458 13.40119 13.28275 13.17992 13.08423 13.00221 12.92681 12.85134 12.7844 12.71031 12.65484 12.58856 12.50596 12.44219 12.39306 12.37035 12.35129 12.30855 12.22683 12.19056 12.12506 12.10346 12.09985 12.0711 12.01326 12.00203 12.0262 12.03657 12.02326 11.94306 11.84656 11.78621 11.74552 11.6938 11.6705 11.70207 11.77523 11.89492 12.05686 12.34751 12.95776 14.38911 18.14625 27.11621 45.30301 71.94962 79.07581 85.28844 82.7396 78.23173 81.87248
15.47556 15.34051 15.1911 15.02054 14.79362 14.50483 14.21687 14.01566 13.84087 13.67642 13.48159 13.27838 13.11159 12.9665 12.84304 12.73133 12.63937 12.5536 12.46413 12.37597 12.30431 12.25908 12.20284 12.14523 12.09982 12.07082 12.07232 12.0728 12.03694 11.98388 11.96115 11.9227 11.92348 11.91128 11.87475 11.84946 11.84606 11.84717 11.81879 11.78396 11.73495 11.69128 11.64405 11.60383 11.5623 11.55048 11.59398 11.6688 11.78257 11.97001 12.287 12.92293 14.37547 18.05021 26.70496 44.56161 67.84927 70.70335 75.10115 77.03366 77.94706 81.35402
15.34549 15.25666 15.15464 14.99085 14.75492 14.47967 14.21304 13.99122 13.7448 13.51257 13.28701 13.06336 12.86853 12.69565 12.54475 12.41328 12.32118 12.24086 12.1486 12.05016 11.98757 11.94292 11.89825 11.87156 11.85566 11.85878 11.88744 11.90237 11.87449 11.83949 11.83448 11.82388 11.83426 11.81963 11.78722 11.7725 11.7566 11.719 11.66311 11.6252 11.59992 11.56099 11.50741 11.45844 11.41643 11.42398 11.4981 11.59472 11.71053 11.91001 12.2406 12.88569 14.3487 17.86488 25.97321 42.7333 67.19366 66.95538 69.91391 72.93741 76.18166 81.1385
15.12955 15.05851 14.98706 14.84639 14.66683 14.49281 14.28831 14.06418 13.77717 13.48844 13.19613 12.91634 12.67754 12.48223 12.3197 12.18348 12.10047 12.03552 11.95315 11.86953 11.82231 11.78402 11.7532 11.75257 11.76226 11.78668 11.8272 11.84895 11.82569 11.81094 11.83452 11.84789 11.85974 11.84219 11.80488 11.78304 11.7547 11.69104 11.61195 11.56074 11.51527 11.44748 11.35715 11.29791 11.27302 11.29619 11.39716 11.53058 11.6681 11.86221 12.20283 12.85185 14.28254 17.61123 25.16303 40.52887 67.02844 66.14338 68.0735 71.35249 76.62959 82.28947
14.91581 14.87855 14.89997 14.84766 14.75225 14.65634 14.50925 14.27254 13.93405 13.59969 13.28239 12.98527 12.73814 12.52383 12.33201 12.18419 12.09669 12.03466 11.97552 11.93088 11.90791 11.89225 11.89902 11.92898 11.96403 11.99972 12.04012 12.07145 12.06723 12.06271 12.07283 12.07356 12.0572 12.01924 11.96451 11.9204 11.87414 11.79447 11.70298 11.62935 11.54399 11.43446 11.3183 11.26238 11.24542 11.26554 11.34064 11.47299 11.62789 11.82156 12.15876 12.79671 14.18391 17.29688 24.15614 37.41251 59.35276 66.36119 68.49245 72.3791 78.62255 81.9289
14.72715 14.67782 14.77266 14.83406 14.86219 14.85886 14.7776 14.55875 14.20832 13.87423 13.5613 13.26377 13.01662 12.79235 12.60494 12.47233 12.39268 12.34538 12.31478 12.30422 12.31425 12.3296 12.36253 12.40276 12.43212 12.45637 12.48165 12.50934 12.51015 12.49473 12.47367 12.44752 12.39751 12.33764 12.26939 12.19973 12.12954 12.0282 11.9082 11.80184 11.68249 11.53899 11.40258 11.32718 11.28046 11.28972 11.33378 11.41785 11.56341 11.7583 12.08854 12.71899 14.03614 16.83876 22.80351 33.39397 49.25682 64.02989 67.79613 71.8798 74.18748 74.10852
14.5066 14.47531 14.50728 14.62754 14.75041 14.82804 14.83022 14.72424 14.51489 14.27158 13.99937 13.7114 13.46481 13.23275 13.02079 12.87736 12.80595 12.76459 12.74875 12.76248 12.79788 12.83876 12.88965 12.9422 12.98604 13.00261 13.00844 13.02101 13.02491 13.01095 12.96785 12.90149 12.82352 12.73031 12.63602 12.5379 12.43157 12.30483 12.14966 11.99869 11.85044 11.67715 11.51992 11.42366 11.34837 11.32668 11.34323 11.37447 11.4754 11.67219 11.99866 12.62093 13.87587 16.39977 21.56501 30.05168 41.95995 55.95848 63.29503 65.857 61.45036 51.68388
14.23963 14.23219 14.22857 14.3678 14.5327 14.66997 14.75946 14.79913 14.79842 14.71879 14.53808 14.30238 14.07322 13.83004 13.56617 13.40414 13.31021 13.26824 13.26528 13.28897 13.3391 13.40806 13.4833 13.55232 13.61255 13.66084 13.66676 13.67023 13.67309 13.63949 13.57919 13.48632 13.36757 13.22037 13.07476 12.9435 12.79495 12.62057 12.42106 12.21798 12.04271 11.84024 11.65698 11.53568 11.43063 11.36707 11.34915 11.3583 11.40669 11.59039 11.91766 12.53372 13.74751 16.03757 20.65679 27.73431 36.34846 45.24099 51.65501 51.60906 45.8954 39.62234
13.95009 13.96813 14.00324 14.04299 14.22729 14.4498 14.66019 14.85344 15.00074 15.04896 14.97995 14.85704 14.66997 14.42351 14.16669 14.01731 13.92433 13.89778 13.92669 13.97122 14.02957 14.11442 14.21221 14.27981 14.35846 14.46157 14.52105 14.55313 14.55861 14.5255 14.48442 14.3611 14.15592 13.91294 13.69087 13.50321 13.2874 13.02252 12.75448 12.48312 12.2673 12.02781 11.80688 11.65083 11.50996 11.40233 11.34923 11.34952 11.38412 11.53699 11.86527 12.46686 13.64072 15.70175 19.78221 25.68905 31.89295 37.51906 40.81655 39.68445 35.53994 31.31096
13.62897 13.63875 13.69014 13.74774 13.83066 14.09587 14.36307 14.67133 14.94474 15.14702 15.24309 15.22426 15.0696 14.89517 14.77802 14.72906 14.72926 14.72571 14.81518 14.92651 14.99542 15.06125 15.12825 15.18459 15.23721 15.35322 15.52343 15.60423 15.76003 15.86938 15.79113 15.63567 15.29672 14.91882 14.62314 14.36688 13.99089 13.58905 13.20701 12.84154 12.54486 12.24412 11.96556 11.76146 11.57141 11.41401 11.34265 11.34833 11.38405 11.50324 11.81766 12.41141 13.53006 15.36493 18.73199 23.53675 28.15065 31.598 32.95555 31.68402 28.90528 26.09623
13.32066 13.32167 13.35168 13.40822 13.54593 13.72476 14.04737 14.45616 14.85166 15.23751 15.48624 15.50733 15.375 15.3071 15.38718 15.56417 15.73304 15.76297 15.90887 16.14211 16.23398 16.22389 16.20399 16.17439 16.17616 16.32553 16.5978 16.81502 17.13151 17.45595 17.37724 17.19925 16.74993 16.19219 15.76564 15.37989 14.84721 14.30362 13.79857 13.31766 12.89136 12.49253 12.13246 11.85864 11.59587 11.38063 11.30604 11.32828 11.37332 11.4758 11.76306 12.35102 13.38383 15.05461 17.76035 21.36929 24.87319 27.26013 28.03496 26.82057 24.61989 22.52246
13.01629 13.03743 13.07822 13.15226 13.29854 13.50629 13.80329 14.12784 14.59287 15.10691 15.43747 15.5472 15.51136 15.58724 15.8216 16.22594 16.53421 16.64901 16.89511 17.23734 17.33316 17.24054 17.08652 16.91935 16.86201 17.02637 17.33294 17.52613 17.95453 18.48354 18.44289 18.30718 17.81635 17.13549 16.57879 16.08876 15.54068 14.98545 14.39231 13.76254 13.20156 12.70613 12.26909 11.91781 11.57218 11.31093 11.23913 11.27318 11.33759 11.43872 11.68623 12.20813 13.10461 14.54775 16.66955 19.47552 21.91331 23.56703 24.12746 23.1872 21.60174 20.01461
12.71929 12.76464 12.83673 12.95019 13.08947 13.31627 13.60469 13.89776 14.24107 14.65766 14.99331 15.19319 15.28692 15.43774 15.69696 16.03906 16.41736 16.73755 17.09936 17.43376 17.54054 17.49273 17.33296 17.15001 17.00649 17.08117 17.27389 17.32335 17.58007 17.87114 17.82405 17.66539 17.41554 17.01922 16.70389 16.33222 15.80875 15.24539 14.64367 14.01774 13.39595 12.79333 12.30213 11.91779 11.52616 11.27855 11.19651 11.20029 11.2592 11.37199 11.57123 11.98026 12.6994 13.80782 15.374 17.48731 19.37121 20.59423 20.93771 20.41141 19.32785 18.25298
12.56505 12.5773 12.61143 12.6969 12.87439 13.11953 13.39097 13.6815 14.0031 14.28553 14.47245 14.6378 14.76224 14.97065 15.25258 15.5887 15.9405 16.31339 16.69395 17.02979 17.23392 17.23543 17.15362 17.02532 16.83354 16.74409 16.69794 16.69927 16.75764 16.79694 16.80135 16.63501 16.46807 16.37706 16.31565 16.12519 15.64845 15.12324 14.61054 14.05586 13.44416 12.82279 12.31879 11.89321 11.50023 11.29662 11.1929 11.16066 11.17706 11.27363 11.44028 11.75142 12.30227 13.11764 14.23867 15.59977 16.974 17.91156 18.32229 18.14331 17.56746 17.091
