py_wake/examples/data/AJ_ParqueFicticio/Ridge area   Sector 12   Height 200m   Turbulence intensity.grd
DSAA
90  129
 262878   265103
 6504214   6507414
 11.39892   100
[rows 54 to 80 of 129, columns 0 to 61 of 90]
12.47915 12.89999 13.4385 14.26294 15.6396 18.24141 22.01216 26.11354 29.21476 31.19994 31.04573 30.21108 30.53601 33.38384 39.08224 47.6202 56.84354 62.65103 65.82258 64.49832 58.91871 52.77528 46.99146 42.02067 38.12105 35.74968 33.98246 31.80414 30.30146 29.02135 27.25285 25.64105 24.14419 22.56779 21.2644 20.03638 18.78689 17.63969 16.55878 15.55005 14.65456 13.87548 13.25986 12.78526 12.38005 12.1031 12.0247 12.08213 12.21829 12.44107 12.71366 13.13415 13.79705 14.77546 16.0691 16.99841 17.43534 18.50109 19.22522 19.32909 18.77247 18.05041
12.32855 12.65998 13.08405 13.66845 14.60759 16.18654 18.36967 20.88801 23.11852 24.28339 24.33617 23.88526 24.38262 26.74015 31.10478 37.76076 45.83069 54.07788 59.30435 59.7267 56.21747 50.81599 45.34146 40.25494 35.71382 32.48964 29.93989 27.81742 26.07171 24.5279 23.15305 21.79083 20.7124 19.87369 19.17293 18.44197 17.5177 16.65473 15.86405 15.10461 14.37929 13.70347 13.15325 12.70721 12.31499 12.08268 11.96408 11.96758 12.04166 12.22863 12.50107 12.87064 13.41411 14.17407 15.12482 15.95028 16.37986 17.0842 17.70083 17.96404 17.91815 17.8544
12.18616 12.43725 12.78075 13.25214 13.91923 14.88079 16.21184 17.7614 19.15718 20.00782 20.06072 19.70357 19.7907 21.38126 24.33228 29.02578 35.31324 43.13546 50.23352 53.75084 51.58662 46.91236 41.98668 36.67451 31.80723 28.23841 25.65052 23.6819 22.15841 20.85143 19.70688 18.73516 17.99693 17.52708 17.13109 16.68203 16.17904 15.65323 15.1579 14.6049 14.0116 13.46155 12.99576 12.5872 12.24468 12.04581 11.91449 11.90081 11.94539 12.05967 12.29732 12.63321 13.08622 13.70156 14.48216 15.23006 15.68985 16.19587 16.75787 17.19646 17.50578 17.75603
12.05908 12.26373 12.56156 12.96801 13.46695 14.11562 14.91497 15.78086 16.58537 17.19934 17.40555 17.14917 17.0802 17.71219 19.24904 22.12985 26.7212 32.82034 39.90031 44.63278 43.64396 39.95539 36.05301 31.58784 27.29311 24.0702 21.8568 20.2267 19.05058 18.03036 17.20853 16.57576 16.1332 15.80857 15.50369 15.22768 14.9555 14.6874 14.39753 14.02893 13.56844 13.13153 12.74842 12.40461 12.14985 11.97345 11.85359 11.83281 11.86845 11.94274 12.10093 12.3738 12.75524 13.26784 13.89505 14.56714 15.12779 15.63424 16.21637 16.75263 17.22075 17.74929
11.97524 12.1421 12.40037 12.76839 13.18862 13.63829 14.12568 14.67351 15.19643 15.5486 15.62932 15.53432 15.51656 15.84284 16.66912 18.08795 20.50094 23.98186 28.98291 32.75311 32.93784 31.13819 28.68372 25.68161 22.76522 20.48625 18.8801 17.75016 16.87421 16.17145 15.62035 15.18584 14.87867 14.63665 14.41967 14.21422 14.02354 13.83179 13.61869 13.36892 13.06385 12.74791 12.43304 12.19334 12.00103 11.85796 11.75724 11.73431 11.76571 11.84041 11.95042 12.14713 12.45273 12.85835 13.35347 13.90168 14.48142 15.06932 15.71094 16.43744 17.24031 18.22553
11.90973 12.01982 12.22489 12.52638 12.87716 13.23999 13.59305 13.94151 14.29408 14.5402 14.60852 14.57434 14.58668 14.78565 15.25635 15.99881 17.19085 19.02186 21.40939 23.49726 24.09717 23.74517 22.48554 20.72445 19.07625 17.79465 16.83028 16.11079 15.56042 15.08896 14.67033 14.31274 14.03556 13.82559 13.64214 13.46784 13.31604 13.1576 12.98652 12.79702 12.59358 12.36606 12.15038 11.98554 11.81475 11.68728 11.59408 11.56615 11.60216 11.69753 11.81831 11.96483 12.19091 12.52654 12.93042 13.38621 13.87678 14.44522 15.23952 16.24768 17.5577 19.08601
11.83015 11.89439 12.03592 12.26949 12.55837 12.84843 13.11717 13.37948 13.6302 13.83342 13.9154 13.9067 13.91663 14.04776 14.33083 14.71217 15.25561 16.06289 17.11726 18.22704 18.59432 18.56796 18.21362 17.41304 16.62527 16.01738 15.50502 15.09299 14.73238 14.39874 14.06782 13.73804 13.45635 13.25556 13.09071 12.93195 12.80456 12.68078 12.54034 12.41108 12.2585 12.09919 11.96949 11.83757 11.67247 11.53773 11.46047 11.42001 11.426 11.53044 11.68341 11.83158 11.99816 12.26475 12.61115 13.00755 13.45883 13.98728 14.82892 16.1688 18.03591 20.17019
11.72601 11.76369 11.86573 12.03971 12.2655 12.49167 12.70799 12.93048 13.13039 13.29629 13.37443 13.38706 13.3858 13.44461 13.62586 13.89609 14.20595 14.57397 15.00405 15.44233 15.7048 15.80513 15.7804 15.51283 15.19111 14.92308 14.67873 14.43143 14.16873 13.927 13.67183 13.39149 13.126 12.93195 12.76153 12.61818 12.51181 12.39912 12.29176 12.19083 12.06561 11.95538 11.87433 11.77082 11.6316 11.52397 11.49607 11.45021 11.39892 11.42281 11.5603 11.71983 11.8679 12.0772 12.38481 12.77155 13.25114 13.80058 14.68188 16.23982 18.73895 21.77682
11.63113 11.64348 11.705 11.79953 11.93506 12.09526 12.28479 12.47399 12.65059 12.80015 12.88651 12.90804 12.91597 12.9708 13.09211 13.29807 13.49703 13.70726 13.91714 14.1357 14.33971 14.42407 14.45103 14.3839 14.28836 14.1573 14.02372 13.89342 13.7353 13.54876 13.37069 13.17164 12.98643 12.81102 12.65971 12.53899 12.41919 12.29667 12.19617 12.10281 11.99634 11.90752 11.82937 11.7337 11.63656 11.58371 11.5923 11.55537 11.48075 11.41216 11.45363 11.59403 11.75491 11.94209 12.21462 12.59724 13.11114 13.71369 14.59261 16.34564 19.56073 24.15617
11.6251 11.58798 11.59286 11.63699 11.73587 11.86357 12.00887 12.15916 12.30312 12.43104 12.52984 12.593 12.61538 12.63001 12.66755 12.77092 12.89896 13.02959 13.17277 13.32658 13.46541 13.55891 13.58351 13.58271 13.54466 13.50913 13.48228 13.43423 13.34132 13.24233 13.1229 12.99438 12.87815 12.75837 12.63736 12.54629 12.44481 12.33541 12.22913 12.11669 12.02191 11.94018 11.85535 11.74744 11.6489 11.64446 11.67304 11.65195 11.58143 11.4773 11.4099 11.47919 11.63836 11.81198 12.04865 12.403 12.92826 13.5527 14.34723 16.12524 19.65182 25.38648
11.78007 11.70523 11.64728 11.66679 11.74465 11.85034 11.97479 12.10096 12.21346 12.30895 12.38603 12.43764 12.45398 12.44568 12.42784 12.45373 12.5434 12.63307 12.69693 12.72877 12.82637 12.94899 13.02047 13.01096 12.98997 13.04476 13.0914 13.08034 13.05149 13.02105 12.95415 12.89032 12.82706 12.74836 12.68475 12.62271 12.54766 12.4618 12.37356 12.26066 12.14919 12.06712 11.9891 11.87962 11.73995 11.70036 11.73955 11.73481 11.67614 11.57119 11.44848 11.41536 11.54146 11.69635 11.90274 12.19975 12.71333 13.32647 14.06104 15.50459 18.58464 23.65281
12.08793 11.98515 11.86739 11.82259 11.86394 11.93302 12.02657 12.13137 12.22744 12.30673 12.37865 12.44304 12.48582 12.48942 12.45589 12.44378 12.47226 12.5128 12.53926 12.52675 12.57485 12.67124 12.74197 12.73279 12.73593 12.79129 12.8529 12.87447 12.89769 12.91307 12.90609 12.89899 12.88798 12.86262 12.84037 12.8127 12.78 12.73732 12.66587 12.55161 12.42033 12.31715 12.2334 12.11657 11.943 11.79686 11.7938 11.7986 11.75148 11.65483 11.52292 11.4265 11.49559 11.63424 11.80177 12.03533 12.51977 13.09603 13.781 14.70043 16.9543 20.5216
12.50429 12.3879 12.24683 12.1038 12.10052 12.15095 12.2266 12.3221 12.42085 12.5121 12.60226 12.69482 12.7728 12.79795 12.75011 12.68167 12.67801 12.68181 12.68731 12.6689 12.6801 12.71513 12.75634 12.76683 12.76371 12.77608 12.80265 12.83165 12.87098 12.91614 12.95058 12.99038 13.02874 13.05687 13.07541 13.07854 13.1036 13.12184 13.07512 12.95889 12.83393 12.67021 12.53161 12.39642 12.21368 11.95908 11.84541 11.84038 11.80219 11.71437 11.58805 11.47488 11.50976 11.62315 11.74202 11.91696 12.33923 12.85413 13.46887 14.23239 15.60206 18.14415
13.00573 12.89328 12.76111 12.58585 12.46349 12.44766 12.49414 12.58762 12.71233 12.8457 12.98197 13.12549 13.25227 13.3018 13.25565 13.10489 13.05243 13.05875 13.06301 13.02196 12.99207 13.02026 13.04378 13.0317 13.01238 13.02119 13.03235 13.03135 13.08022 13.12957 13.14311 13.19173 13.28713 13.3751 13.38699 13.39691 13.4766 13.55623 13.55134 13.441 13.31564 13.11389 12.88125 12.69478 12.48007 12.19071 11.94631 11.86866 11.83053 11.7465 11.62259 11.508 11.52513 11.61416 11.68433 11.8087 12.15456 12.59391 13.1352 13.81778 14.75301 16.58126
13.58461 13.48349 13.37152 13.24272 13.12293 13.03174 13.0119 13.09138 13.24365 13.43746 13.63492 13.82863 13.99416 14.05297 14.01693 13.84799 13.65693 13.60812 13.61724 13.5822 13.50037 13.50586 13.53089 13.50608 13.46678 13.48286 13.51268 13.52736 13.57576 13.62415 13.64005 13.65323 13.76559 13.88304 13.9202 13.91867 13.98674 14.09512 14.13929 14.07979 13.8908 13.6436 13.31759 12.99843 12.75318 12.45888 12.12769 11.91684 11.84224 11.75943 11.63424 11.51971 11.52703 11.60338 11.65209 11.74656 12.03858 12.42415 12.89398 13.49339 14.32666 26.27364
14.18665 14.1389 14.06028 14.01116 13.97734 13.93543 13.90983 13.95276 14.07143 14.2619 14.49195 14.73072 14.95208 15.09051 15.09244 14.94049 14.67883 14.50109 14.41657 14.39153 14.32955 14.25169 14.2474 14.24238 14.19975 14.15909 14.20106 14.29716 14.36279 14.40312 14.46406 14.44409 14.48917 14.64048 14.78752 14.84376 14.88022 14.9543 14.98673 14.91359 14.6479 14.29909 13.88673 13.37785 13.03035 12.72704 12.36781 12.01923 11.85438 11.75969 11.63046 11.51619 11.52177 11.6033 11.66349 11.77382 12.06177 12.44577 12.88762 13.42587 14.14307 27.31805
14.83123 14.81761 14.77955 14.80417 14.87193 14.90069 14.9226 14.98351 15.10553 15.30369 15.54595 15.82463 16.15793 16.38576 16.43797 16.31421 16.07382 15.85984 15.66275 15.53202 15.48638 15.36389 15.24542 15.20163 15.14915 15.1227 15.13224 15.25699 15.33377 15.41996 15.44239 15.44872 15.50309 15.68201 15.92741 16.19497 16.41358 16.50967 16.41484 16.01786 15.59154 15.09465 14.51314 13.85542 13.27043 12.95364 12.58928 12.18355 11.89609 11.7545 11.61991 11.50152 11.4993 11.58623 11.67097 11.82711 12.09674 12.47241 12.90721 13.43143 18.72607 24.22417
15.54133 15.5031 15.42052 15.42981 15.57028 15.77565 15.96118 16.14407 16.40741 16.74863 17.07654 17.43625 17.82533 17.97189 17.97825 17.84715 17.69333 17.49676 17.29628 17.12165 16.94452 16.7266 16.5437 16.40269 16.26326 16.21541 16.23471 16.32943 16.41265 16.49492 16.51542 16.58671 16.72766 16.97163 17.27412 17.64803 17.96405 18.30281 18.4135 17.62221 16.5699 15.85756 15.13366 14.35944 13.54396 13.13638 12.77036 12.36469 11.99352 11.78243 11.64186 11.53746 11.52496 11.59546 11.69644 11.87903 12.13706 12.48484 12.9212 13.43691 23.43991 23.66322
16.21827 16.24271 16.1567 16.18046 16.43859 16.77199 17.08047 17.35489 17.71967 18.20891 18.74788 19.25833 19.73503 19.90924 19.78851 19.58375 19.3852 19.19316 19.04164 18.92596 18.70054 18.29838 17.98193 17.82091 17.65702 17.55439 17.50576 17.58232 17.67965 17.82182 17.90737 17.92422 18.04114 18.28912 18.67294 19.02228 19.1165 19.41275 19.75162 18.96927 17.39047 16.32623 15.4934 14.64962 13.76207 13.23612 12.89188 12.52625 12.17922 11.94992 11.82291 11.73063 11.68719 11.70548 11.79103 11.95716 12.19134 12.51976 12.91996 13.43345 14.0486 14.79153
17.06137 17.10916 17.16238 17.27177 17.56397 17.91965 18.26805 18.61635 19.10246 19.70878 20.38381 21.07237 21.72431 22.04429 22.07655 21.80927 21.59177 21.32882 21.25322 21.16283 20.86501 20.45409 20.00703 19.74274 19.60628 19.49525 19.35785 19.32445 19.33294 19.43449 19.48232 19.51352 19.41815 19.44479 19.76034 19.96197 19.80458 19.76949 19.67114 19.01241 17.48206 16.30536 15.43775 14.61724 13.78632 13.22711 12.93002 12.62478 12.35222 12.16311 12.04598 11.94225 11.86914 11.85175 11.91339 12.04725 12.25488 12.56024 12.94259 13.41752 14.02233 14.77132
17.91202 18.04922 18.18529 18.41904 18.74953 19.16615 19.62298 20.11561 20.69884 21.44438 22.52308 23.60428 24.37742 24.55843 24.49212 24.49982 24.16179 23.83172 23.76103 23.39819 22.73777 22.39518 22.19114 21.82159 21.60842 21.58894 21.66106 21.6479 21.67345 21.65624 21.6078 21.67695 21.29009 20.74091 20.6076 20.5154 20.16962 19.72364 19.21271 18.47791 17.14602 16.04763 15.17802 14.39508 13.65926 13.14011 12.89349 12.64692 12.4495 12.31235 12.20645 12.10157 12.02473 12.01344 12.0672 12.16749 12.35751 12.62466 12.97131 13.42134 13.99272 14.7235
18.47143 18.72101 19.00382 19.34237 19.83608 20.54349 21.32859 21.9072 22.00319 22.41878 23.4729 25.07629 26.94505 27.67071 26.83795 26.46406 26.71632 26.39618 25.65499 24.63021 23.49832 23.08788 23.23786 23.46586 23.21336 22.88696 23.06994 23.67983 24.26888 24.03714 23.78985 24.1123 23.71223 22.24972 21.22253 20.53826 19.83076 19.12671 18.51758 17.72343 16.54517 15.59179 14.82024 14.13017 13.49599 13.02543 12.81966 12.6232 12.49425 12.41575 12.34213 12.2582 12.21159 12.23859 12.28943 12.35996 12.52262 12.75188 13.04153 13.4307 13.97937 14.68244
18.68666 18.90958 19.2453 19.6826 20.31483 21.22004 22.1909 22.67948 22.1505 22.21535 22.9443 24.39101 26.34366 27.50815 26.71226 26.42517 27.02074 26.9992 25.82756 24.246 23.1248 22.78129 22.96512 23.39532 23.355 22.94877 23.06875 23.68864 24.49163 24.51305 24.14115 24.39118 24.11937 22.30457 20.76513 19.60062 18.67633 17.89873 17.33294 16.58693 15.67815 14.9438 14.32387 13.77716 13.26873 12.8731 12.712 12.5726 12.51605 12.50309 12.48481 12.47598 12.51516 12.58126 12.6405 12.70902 12.82607 12.98901 13.19728 13.49948 13.98487 14.61827
18.86023 19.00557 19.25341 19.6425 20.19716 20.79531 21.18893 21.13258 20.61994 20.53303 20.89545 21.88251 22.68682 23.22076 23.42869 23.56484 24.12427 24.26412 23.83809 22.79011 21.81896 21.39115 21.35259 21.52616 21.56632 21.43847 21.52234 21.85877 22.23124 22.2317 22.13907 22.21285 21.77549 20.56377 19.26358 18.16707 17.29318 16.54566 15.9555 15.33053 14.72397 14.19454 13.75452 13.37288 13.00785 12.71362 12.59008 12.50764 12.50843 12.56502 12.67466 12.82065 12.94817 13.05692 13.15855 13.23493 13.30099 13.38968 13.52056 13.72412 14.09205 14.5729
18.86976 19.08266 19.29595 19.40755 19.62593 19.88114 19.9241 19.4012 18.84621 18.67982 18.67489 18.67516 18.98642 19.37186 19.70102 19.89654 20.08424 20.45557 20.54161 20.18956 19.6363 19.3429 19.20495 19.06632 18.9938 19.12186 19.31912 19.49782 19.58155 19.64991 19.75904 19.75209 19.31185 18.53189 17.53139 16.66113 15.96113 15.35111 14.81196 14.33923 13.94256 13.56029 13.25235 12.96785 12.7178 12.54271 12.45875 12.4318 12.47925 12.63094 12.89592 13.17878 13.40172 13.59074 13.7521 13.86158 13.89966 13.93471 13.98801 14.08653 14.30194 14.61262
18.35785 18.60731 18.805 18.57446 18.44832 18.53166 18.41414 17.79167 17.26843 16.92086 16.62255 16.528 16.61607 16.79218 16.89033 17.04306 17.20234 17.39221 17.47263 17.4309 17.32038 17.25042 17.13157 16.96585 16.93238 17.10717 17.32681 17.43201 17.52589 17.71557 17.8695 17.80771 17.56219 16.94009 16.12029 15.44991 14.92471 14.44096 13.99595 13.64419 13.34786 13.08172 12.86327 12.64039 12.46185 12.36879 12.32186 12.33249 12.4279 12.69236 13.03356 13.4128 13.77043 14.07321 14.3222 14.49658 18.32814 18.60859 17.25389 15.41009 14.69661 14.85384
17.28757 17.35918 17.33344 17.10456 16.94256 16.83401 16.58753 16.23024 15.83238 15.48917 15.24237 15.11864 15.09825 15.15308 15.24198 15.31377 15.37898 15.45193 15.48946 15.55825 15.56882 15.54734 15.47634 15.42381 15.45165 15.57728 15.74533 15.88298 16.03132 16.20255 16.31264 16.29179 16.14281 15.68664 15.10857 14.61483 14.20664 13.81207 13.43845 13.14332 12.8969 12.69231 12.52043 12.36969 12.26772 12.21121 12.19333 12.22198 12.37391 12.67395 13.04653 13.4906 13.96126 14.41768 22.15481 26.9209 26.04584 24.18241 22.28518 20.78937 19.91742 20.11503
