py_wake/examples/data/AJ_ParqueFicticio/Ridge area   Sector 10   Height 200m   Power density.grd
DSAA
90  129
 262878   265103
 6504214   6507414
 .02814009   1275.047
[rows 81 to 107 of 129, columns 0 to 61 of 90]
306.2675 315.1015 325.8871 334.3525 340.847 347.5389 355.8058 365.4219 377.6632 390.1208 404.1246 419.5434 429.9459 431.9456 424.9404 418.7941 414.3717 411.7878 414.69 418.557 417.1126 417.8022 419.0212 422.5282 424.4086 426.077 425.1813 424.5204 425.6308 426.5656 428.7087 436.1582 454.133 485.3306 527.4673 578.4943 638.596 712.3845 796.1563 880.5266 952.0926 1028.616 1094.681 1129.549 1133.44 1120.13 1085.403 1037.055 958.3815 833.503 635.3867 379.0439 179.0045 236.0121 206.0534 196.9563 192.9244 187.3688 182.3077 179.5933 178.6235 176.2405
322.7204 337.8895 353.2268 365.1302 375.3896 384.2328 393.6558 400.4514 406.3306 415.7407 430.0988 444.6151 456.0427 460.5036 453.2426 444.2072 436.1607 433.9995 439.7423 447.7824 443.6359 437.5107 432.6842 434.7468 441.0343 447.6894 450.5922 454.3946 460.4332 464.354 467.7403 474.6284 491.8083 525.2673 568.9281 618.9573 683.0182 760.5228 849.0984 925.8118 988.9682 1063.922 1120.209 1134.401 1129.936 1113.581 1079.315 1032.157 948.6069 818.4658 609.137 353.9181 189.7844 211.6506 194.0502 179.1613 170.7171 160.5593 155.4451 154.0177 151.8628 147.8608
339.7365 359.6588 379.3853 394.3944 403.1973 413.1441 421.1045 422.7061 425.4087 436.1721 448.6483 458.7078 471.7634 478.7635 469.4493 456.3465 446.6884 445.3643 453.8832 464.7092 456.5461 446.3661 439.6588 440.7948 450.0968 462.9437 471.014 480.086 492.4745 499.8681 506.1648 517.1009 537.3027 572.794 617.4371 667.0113 732.5598 811.2473 898.399 961.4788 1018.713 1084.743 1127.686 1132.891 1124.949 1106.739 1072.503 1026.668 944.4112 818.6202 614.7474 365.8765 232.9482 197.2275 146.8692 140.3889 144.4574 142.3198 126.9007 122.1077 114.9683 102.8517
352.3834 375.8994 398.0413 413.6674 425.4223 434.6925 438.0095 437.6771 440.9863 451.2633 459.0474 464.5174 471.8295 474.8383 466.33 454.6686 447.2354 446.1065 451.9588 459.0898 452.7093 442.7756 436.4306 437.0402 446.7665 464.2427 480.3772 496.2953 517.244 531.5153 545.8398 567.3693 593.5542 629.3894 675.0135 725.4884 785.1666 862.9033 938.981 989.9313 1037.364 1091.827 1125.626 1127.318 1115.254 1096.41 1067.429 1017.627 938.668 829.3459 644.9106 415.2417 266.9893 198.5604 121.445 84.48955 77.43848 73.79194 67.46173 57.86802 43.47333 23.00917
365.149 390.8028 412.102 429.0282 444.4126 449.9455 448.8227 448.3007 452.5369 460.1015 463.3224 461.375 458.8457 455.4145 448.9745 442.0187 437.0897 435.8676 437.2892 439.7236 435.2873 427.7213 422.0621 423.5914 433.7784 454.0009 478.0168 503.4344 534.0302 558.0148 588.2032 623.7421 657.8433 694.3688 739.1029 787.2113 839.8732 913.1896 976.0604 1013.936 1051.661 1087.743 1112.673 1112.183 1100.29 1083.968 1055.285 1005.276 936.7467 848.0649 691.4211 486.1912 316.7469 218.7113 118.5373 38.74796 19.20897 16.99579 15.56643 14.54461 14.09355 14.31079
378.221 402.2717 423.3459 441.6484 457.1402 460.2449 456.3063 452.9371 453.6789 458.4233 456.3652 447.7005 439.0501 431.8426 424.6134 420.3408 420.1433 420.0692 420.1033 419.5595 413.5471 406.7186 402.1866 406.857 418.4061 440.1545 471.4804 506.2259 546.5328 583.8527 627.7811 678.7339 721.4148 762.2311 802.6642 841.0322 892.9182 960.1511 1010.001 1037.774 1060.571 1076.384 1085.574 1081.472 1069.517 1054.073 1027.822 988.1646 935.4449 867.0508 741.1604 565.7524 385.8619 258.8913 144.6793 44.92698 28.82062 20.74172 16.59596 14.50087 13.45262 13.02435
388.4191 411.5824 430.8022 448.0796 460.8085 460.9925 453.8093 447.2392 443.6418 442.8725 437.1791 427.2555 416.8431 408.2456 399.5938 395.2487 396.374 399.6815 401.6161 399.7028 393.9964 386.8987 384.1688 393.1084 407.3942 429.7691 467.1393 510.3673 559.3101 609.6054 664.8999 722.7694 775.8423 823.6736 857.6674 889.8506 942.497 1002.047 1041.045 1059.701 1061.937 1057.164 1051.046 1038.808 1025.73 1011.91 993.8358 965.4171 928.6968 877.6182 783.6357 640.2098 468.5393 319.9108 188.4375 84.57443 57.07888 40.03575 28.91127 22.22116 18.64297 16.45648
394.1049 414.3242 432.5458 447.7607 454.2439 451.2819 443.9265 434.7683 427.5927 420.4842 411.8487 401.4417 391.835 382.4492 374.3932 369.7041 368.5879 374.6147 380.4401 380.8404 376.8881 374.4157 373.589 386.5959 405.5293 431.3852 471.3631 519.5718 575.7918 634.4808 697.6777 761.1257 823.2739 873.1097 901.7693 934.0341 984.5174 1038.188 1069.316 1072.892 1055.559 1033.468 1014.06 996.7152 980.5361 967.1007 952.5829 932.3541 906.5665 872.4035 809.1356 702.6581 557.7115 407.0926 257.9802 146.8945 104.6036 79.26236 59.60349 45.11912 36.01007 29.64887
395.4991 413.5089 430.8862 442.8051 442.8032 435.6521 426.7589 416.7765 407.5404 396.8718 386.6532 375.4774 364.6632 355.2743 348.8825 344.8861 343.1287 350.7856 359.5889 363.8353 363.8098 366.6525 369.7862 385.9666 410.3874 441.3505 482.6987 534.9877 597.5638 661.0712 728.6648 798.4575 867.3702 914.905 940.503 972.6615 1021.741 1068.663 1090.47 1080.343 1042.229 1004.821 975.5703 947.3296 922.3433 907.2521 899.0633 889.5763 877.7418 854.5619 816.8707 750.7667 646.4891 513.7756 362.6456 238.2386 173.0184 136.0298 108.9913 86.2877 70.28693 58.60638
393.5697 407.3541 423.9618 433.7237 427.7431 416.4391 405.201 395.5933 385.9355 376.2082 366.3119 354.3761 340.4404 329.9437 326.8994 328.6899 330.284 337.5834 347.369 351.8709 355.7786 364.741 371.101 391.1495 421.2216 458.0016 502.9285 560.6397 626.3773 691.894 762.3798 834.6572 907.5933 951.007 973.4347 1005.338 1049.302 1088.502 1102.588 1080.503 1023.953 965.5825 928.8746 897.1564 868.6186 847.8995 841.7345 839.7763 837.8003 827.6786 806.7216 773.3837 708.9191 603.8389 470.673 350.5212 271.2531 218.732 180.0622 145.7151 121.2134 103.5439
382.7551 393.5994 406.9451 414.0921 406.1254 392.6725 381.1286 373.1264 365.6213 357.0739 349.0774 339.1167 326.8046 317.3594 317.976 325.803 331.1587 338.7195 348.8849 354.287 361.741 376.1712 386.5217 411.2823 447.397 487.9156 536.0844 600.0483 665.3975 728.268 798.9319 867.1484 934.0117 974.6455 996.5416 1025.671 1061.539 1091.004 1098.061 1064.559 996.7755 934.9711 890.5953 851.296 814.3064 791.2818 784.7675 785.656 787.3347 789.9534 784.5593 769.396 726.2696 643.0598 534.51 443.0071 375.3812 322.7463 276.5319 231.1971 196.9221 170.4458
361.0007 371.5206 381.1941 383.8135 376.3261 364.8192 353.5082 346.1385 340.5688 336.795 333.2149 327.8457 322.2443 319.6353 324.9766 334.3334 340.4265 350.3323 362.2344 369.9471 382.8199 402.7412 422.5702 453.1033 492.0512 535.718 586.3069 650.1084 710.1824 768.1575 835.5861 895.7193 949.8214 987.198 1007.271 1036.39 1063.507 1081.1 1078.192 1038.765 970.6765 905.2131 851.4869 804.174 760.9533 734.8521 728.3903 732.0793 738.5273 745.7573 747.486 740.553 708.5042 638.7985 554.8327 493.4889 449.6868 410.8271 373.0913 336.7199 302.5029 269.523
333.9407 344.3546 352.5382 354.2231 346.7332 335.9117 323.959 318.0194 316.1136 318.128 320.1723 321.8677 323.5447 326.5913 337.1573 348.1657 355.2857 367.1808 379.283 391.9038 413.2232 439.9186 471.6391 507.8421 550.1769 597.5449 650.2256 707.611 758.9115 811.0782 871.4268 922.4783 962.7105 990.8043 1009.315 1035.227 1054.946 1062.756 1053.065 1009.767 939.6133 873.3139 812.6699 760.9148 713.394 682.3927 670.8774 678.0084 688.9171 698.5736 705.6256 704.7853 676.7601 615.3224 549.1793 506.5403 481.7197 464.5183 448.8487 436.6932 418.8681 392.1136
308.1395 316.8347 326.8878 330.8868 325.2342 312.4448 298.6328 293.3248 298.6165 303.755 310.3062 319.2843 325.6278 334.606 349.8923 363.0581 374.1285 386.4896 400.5026 420.1156 446.9155 483.2016 523.2324 564.3395 610.6144 658.92 712.2404 764.7841 806.4518 850.6355 902.0767 942.9634 972.4348 990.0934 1003.164 1021.941 1033.691 1037.365 1023.43 982.7338 916.0762 847.5095 784.3018 726.5909 671.2503 635.4466 620.8455 623.2497 632.9438 646.3485 659.7908 661.9947 635.9922 582.4056 524.4941 488.3351 477.5185 479.114 485.8405 498.6507 507.4524 501.643
286.1002 293.1611 303.892 310.8865 306.793 296.2803 286.8723 284.3056 293.1054 300.5147 309.1567 322.6858 333.5657 347.6329 364.8618 379.9331 393.6872 409.2993 428.2818 452.0171 484.1249 526.0633 572.7349 620.5212 669.2925 720.3777 773.4636 816.3188 850.1096 887.2123 923.7026 952.7889 973.0513 980.4461 987.0952 998.7969 1006.927 1011.104 999.0009 961.4433 897.776 832.7187 767.8218 702.3596 638.5922 595.3342 574.8769 574.3172 583.318 597.2838 610.9586 615.5635 593.9277 543.4759 493.6125 460.3989 454.5305 466.16 487.6616 516.4148 545.1213 561.0701
264.7177 273.2458 283.6302 292.1535 291.2789 286.9591 282.9215 283.8679 295.9221 305.2727 317.1882 331.9586 346.2329 363.6256 382.5811 399.0902 415.9865 436.5322 460.6248 488.6842 523.4822 570.4258 624.5816 675.3871 724.2271 781.2219 830.9645 863.6909 891.2542 918.3055 938.8566 952.9025 961.4356 961.0728 962.6212 968.53 975.0649 980.9344 973.7238 944.5943 888.8201 826.2155 758.7952 687.0188 614.2756 559.5975 533.0591 529.9404 535.743 546.8201 557.5093 563.1772 549.1956 502.8306 455.5463 424.159 417.8842 430.408 456.7628 495.7132 537.1089 570.6935
247.6691 257.0915 267.514 276.5113 280.0624 281.3955 281.1147 286.9956 301.1749 313.5002 327.8059 343.7646 360.8566 380.7332 401.0383 420.9765 440.5254 465.8222 494.7639 525.7626 565.6689 618.2006 677.762 726.3859 774.3948 832.2079 879.2191 906.9395 928.7227 945.1827 949.7242 947.3349 943.0771 933.811 928.0628 927.6793 934.1361 945.2559 947.6726 930.9971 886.1039 825.845 757.3391 679.2087 597.9744 532.7241 497.5831 487.6128 486.1553 493.9212 505.5154 514.3558 499.9603 457.2817 412.0842 379.4931 370.0525 376.5766 403.6478 451.6608 505.024 545.5491
240.0563 248.4514 258.3281 265.8065 272.9751 277.3534 280.1223 291.2321 306.8386 321.9966 338.8009 357.5363 377.2567 398.495 421.2514 445.175 467.6774 495.8248 526.7562 561.7249 607.5944 662.1187 721.0367 767.5446 813.7614 870.019 914.9828 940.915 960.9365 968.6696 957.3024 939.8798 921.1224 901.2523 888.0403 881.7692 889.1517 905.8537 919.2135 915.2992 886.3169 835.1215 767.5553 686.5378 597.9775 519.1749 473.4669 455.1862 445.6276 450.278 459.5534 468.0125 450.7681 409.802 366.3096 331.809 315.7651 315.2371 336.197 383.255 435.7325 479.8588
239.1734 248.6781 257.7233 263.978 272.8578 279.4252 284.8359 298.5458 316.2083 333.3188 351.5786 371.4264 393.6463 416.4317 439.9022 465.0865 490.1993 520.3578 551.6967 587.1292 633.0923 687.4894 744.8279 790.5309 837.507 891.5126 937.3012 967.5388 987.0582 989.2307 964.5582 931.8201 898.1964 866.9849 842.1696 831.9888 840.2213 862.1889 885.0712 896.3548 887.4603 850.9966 787.9777 705.7548 614.0736 526.8181 466.4619 435.6918 417.0786 410.5133 411.3971 415.2434 401.9311 364.8961 324.1727 290.3806 270.0288 264.7283 275.5877 307.7958 358.7827 410.2749
1.70141E+38 1.70141E+38 1.70141E+38 1.70141E+38 1.70141E+38 1.70141E+38 1.70141E+38 1.70141E+38 1.70141E+38 1.70141E+38 1.70141E+38 1.70141E+38 1.70141E+38 1.70141E+38 1.70141E+38 1.70141E+38 1.70141E+38 1.70141E+38 1.70141E+38 1.70141E+38 1.70141E+38 1.70141E+38 1.70141E+38 1.70141E+38 1.70141E+38 1.70141E+38 1.70141E+38 1.70141E+38 1.70141E+38 1.70141E+38 1.70141E+38 1.70141E+38 1.70141E+38 1.70141E+38 1.70141E+38 1.70141E+38 1.70141E+38 1.70141E+38 1.70141E+38 1.70141E+38 1.70141E+38 1.70141E+38 1.70141E+38 1.70141E+38 1.70141E+38 1.70141E+38 1.70141E+38 1.70141E+38 1.70141E+38 1.70141E+38 1.70141E+38 1.70141E+38 1.70141E+38 1.70141E+38 1.70141E+38 1.70141E+38 1.70141E+38 1.70141E+38 1.70141E+38 1.70141E+38 1.70141E+38 1.70141E+38
1.70141E+38 1.70141E+38 1.70141E+38 1.70141E+38 1.70141E+38 1.70141E+38 1.70141E+38 1.70141E+38 1.70141E+38 1.70141E+38 1.70141E+38 1.70141E+38 1.70141E+38 1.70141E+38 1.70141E+38 1.70141E+38 1.70141E+38 1.70141E+38 1.70141E+38 1.70141E+38 1.70141E+38 1.70141E+38 1.70141E+38 1.70141E+38 1.70141E+38 1.70141E+38 1.70141E+38 1.70141E+38 1.70141E+38 1.70141E+38 1.70141E+38 1.70141E+38 1.70141E+38 1.70141E+38 1.70141E+38 1.70141E+38 1.70141E+38 1.70141E+38 1.70141E+38 1.70141E+38 1.70141E+38 1.70141E+38 1.70141E+38 1.70141E+38 1.70141E+38 1.70141E+38 1.70141E+38 1.70141E+38 1.70141E+38 1.70141E+38 1.70141E+38 1.70141E+38 1.70141E+38 1.70141E+38 1.70141E+38 1.70141E+38 1.70141E+38 1.70141E+38 1.70141E+38 1.70141E+38 1.70141E+38 1.70141E+38
1.70141E+38 1.70141E+38 1.70141E+38 1.70141E+38 1.70141E+38 1.70141E+38 1.70141E+38 1.70141E+38 1.70141E+38 1.70141E+38 1.70141E+38 1.70141E+38 1.70141E+38 1.70141E+38 1.70141E+38 1.70141E+38 1.70141E+38 1.70141E+38 1.70141E+38 1.70141E+38 1.70141E+38 1.70141E+38 1.70141E+38 1.70141E+38 1.70141E+38 1.70141E+38 1.70141E+38 1.70141E+38 1.70141E+38 1.70141E+38 1.70141E+38 1.70141E+38 1.70141E+38 1.70141E+38 1.70141E+38 1.70141E+38 1.70141E+38 1.70141E+38 1.70141E+38 1.70141E+38 1.70141E+38 1.70141E+38 1.70141E+38 1.70141E+38 1.70141E+38 1.70141E+38 1.70141E+38 1.70141E+38 1.70141E+38 1.70141E+38 1.70141E+38 1.70141E+38 1.70141E+38 1.70141E+38 1.70141E+38 1.70141E+38 1.70141E+38 1.70141E+38 1.70141E+38 1.70141E+38 1.70141E+38 1.70141E+38
1.70141E+38 1.70141E+38 1.70141E+38 1.70141E+38 1.70141E+38 1.70141E+38 1.70141E+38 1.70141E+38 1.70141E+38 1.70141E+38 1.70141E+38 1.70141E+38 1.70141E+38 1.70141E+38 1.70141E+38 1.70141E+38 1.70141E+38 1.70141E+38 1.70141E+38 1.70141E+38 1.70141E+38 1.70141E+38 1.70141E+38 1.70141E+38 1.70141E+38 1.70141E+38 1.70141E+38 1.70141E+38 1.70141E+38 1.70141E+38 1.70141E+38 1.70141E+38 1.70141E+38 1.70141E+38 1.70141E+38 1.70141E+38 1.70141E+38 1.70141E+38 1.70141E+38 1.70141E+38 1.70141E+38 1.70141E+38 1.70141E+38 1.70141E+38 1.70141E+38 1.70141E+38 1.70141E+38 1.70141E+38 1.70141E+38 1.70141E+38 1.70141E+38 1.70141E+38 1.70141E+38 1.70141E+38 1.70141E+38 1.70141E+38 1.70141E+38 1.70141E+38 1.70141E+38 1.70141E+38 1.70141E+38 1.70141E+38
1.70141E+38 1.70141E+38 1.70141E+38 1.70141E+38 1.70141E+38 1.70141E+38 1.70141E+38 1.70141E+38 1.70141E+38 1.70141E+38 1.70141E+38 1.70141E+38 1.70141E+38 1.70141E+38 1.70141E+38 1.70141E+38 1.70141E+38 1.70141E+38 1.70141E+38 1.70141E+38 1.70141E+38 1.70141E+38 1.70141E+38 1.70141E+38 1.70141E+38 1.70141E+38 1.70141E+38 1.70141E+38 1.70141E+38 1.70141E+38 1.70141E+38 1.70141E+38 1.70141E+38 1.70141E+38 1.70141E+38 1.70141E+38 1.70141E+38 1.70141E+38 1.70141E+38 1.70141E+38 1.70141E+38 1.70141E+38 1.70141E+38 1.70141E+38 1.70141E+38 1.70141E+38 1.70141E+38 1.70141E+38 1.70141E+38 1.70141E+38 1.70141E+38 1.70141E+38 1.70141E+38 1.70141E+38 1.70141E+38 1.70141E+38 1.70141E+38 1.70141E+38 1.70141E+38 1.70141E+38 1.70141E+38 1.70141E+38
1.70141E+38 1.70141E+38 1.70141E+38 1.70141E+38 1.70141E+38 1.70141E+38 1.70141E+38 1.70141E+38 1.70141E+38 1.70141E+38 1.70141E+38 1.70141E+38 1.70141E+38 1.70141E+38 1.70141E+38 1.70141E+38 1.70141E+38 1.70141E+38 1.70141E+38 1.70141E+38 1.70141E+38 1.70141E+38 1.70141E+38 1.70141E+38 1.70141E+38 1.70141E+38 1.70141E+38 1.70141E+38 1.70141E+38 1.70141E+38 1.70141E+38 1.70141E+38 1.70141E+38 1.70141E+38 1.70141E+38 1.70141E+38 1.70141E+38 1.70141E+38 1.70141E+38 1.70141E+38 1.70141E+38 1.70141E+38 1.70141E+38 1.70141E+38 1.70141E+38 1.70141E+38 1.70141E+38 1.70141E+38 1.70141E+38 1.70141E+38 1.70141E+38 1.70141E+38 1.70141E+38 1.70141E+38 1.70141E+38 1.70141E+38 1.70141E+38 1.70141E+38 1.70141E+38 1.70141E+38 1.70141E+38 1.70141E+38
1.70141E+38 1.70141E+38 1.70141E+38 1.70141E+38 1.70141E+38 1.70141E+38 1.70141E+38 1.70141E+38 1.70141E+38 1.70141E+38 1.70141E+38 1.70141E+38 1.70141E+38 1.70141E+38 1.70141E+38 1.70141E+38 1.70141E+38 1.70141E+38 1.70141E+38 1.70141E+38 1.70141E+38 1.70141E+38 1.70141E+38 1.70141E+38 1.70141E+38 1.70141E+38 1.70141E+38 1.70141E+38 1.70141E+38 1.70141E+38 1.70141E+38 1.70141E+38 1.70141E+38 1.70141E+38 1.70141E+38 1.70141E+38 1.70141E+38 1.70141E+38 1.70141E+38 1.70141E+38 1.70141E+38 1.70141E+38 1.70141E+38 1.70141E+38 1.70141E+38 1.70141E+38 1.70141E+38 1.70141E+38 1.70141E+38 1.70141E+38 1.70141E+38 1.70141E+38 1.70141E+38 1.70141E+38 1.70141E+38 1.70141E+38 1.70141E+38 1.70141E+38 1.70141E+38 1.70141E+38 1.70141E+38 1.70141E+38
1.70141E+38 1.70141E+38 1.70141E+38 1.70141E+38 1.70141E+38 1.70141E+38 1.70141E+38 1.70141E+38 1.70141E+38 1.70141E+38 1.70141E+38 1.70141E+38 1.70141E+38 1.70141E+38 1.70141E+38 1.70141E+38 1.70141E+38 1.70141E+38 1.70141E+38 1.70141E+38 1.70141E+38 1.70141E+38 1.70141E+38 1.70141E+38 1.70141E+38 1.70141E+38 1.70141E+38 1.70141E+38 1.70141E+38 1.70141E+38 1.70141E+38 1.70141E+38 1.70141E+38 1.70141E+38 1.70141E+38 1.70141E+38 1.70141E+38 1.70141E+38 1.70141E+38 1.70141E+38 1.70141E+38 1.70141E+38 1.70141E+38 1.70141E+38 1.70141E+38 1.70141E+38 1.70141E+38 1.70141E+38 1.70141E+38 1.70141E+38 1.70141E+38 1.70141E+38 1.70141E+38 1.70141E+38 1.70141E+38 1.70141E+38 1.70141E+38 1.70141E+38 1.70141E+38 1.70141E+38 1.70141E+38 1.70141E+38
