py_wake/examples/data/AJ_ParqueFicticio/Ridge area   Sector 1   Height 30m   Turbulence intensity.grd
DSAA
90  129
 262878   265103
 6504214   6507414
 12.85226   100
[rows 81 to 107 of 129, columns 0 to 61 of 90]
18.24878 18.28217 18.27645 18.25917 18.19202 18.0264 17.75863 17.41411 17.06401 16.80054 16.58257 16.40284 16.3667 16.40998 16.43578 16.42896 16.42347 16.51116 16.60218 16.65812 16.73885 16.81155 17.00847 17.29126 17.63184 17.92128 18.12164 18.21352 18.19686 18.18806 18.30685 18.46971 18.40251 17.92237 17.20831 16.55042 16.0554 15.65161 15.29565 15.0016 14.7898 14.60451 14.44617 14.37435 14.37692 14.4212 14.51374 14.64605 14.89015 15.28198 15.72495 16.26973 16.88608 17.56272 18.21106 18.74868 19.15223 19.45922 19.62535 19.62095 19.53254 19.3719
16.72469 16.59925 16.49457 16.41365 16.30077 16.15314 15.96991 15.80835 15.69549 15.55171 15.34598 15.17038 15.08495 15.06206 15.07135 15.1101 15.19518 15.24171 15.22866 15.18974 15.26869 15.45732 15.72394 15.96031 16.15858 16.30308 16.45997 16.53198 16.50527 16.51684 16.59797 16.71018 16.68187 16.37831 16.00232 15.66875 15.37311 15.09103 14.80366 14.56353 14.38398 14.23946 14.15796 14.15449 14.20247 14.27775 14.38599 14.52015 14.80152 15.1765 15.61315 16.15765 16.77871 17.48798 18.2348 18.97051 19.66567 20.304 20.70417 20.78481 20.73563 20.61747
15.77278 15.62595 15.49497 15.40039 15.31511 15.17129 15.02182 14.93488 14.8572 14.71782 14.55753 14.42635 14.31141 14.26652 14.34385 14.45006 14.52615 14.53954 14.48226 14.4207 14.56365 14.76886 14.99621 15.16622 15.25509 15.32757 15.41304 15.44099 15.40959 15.44557 15.5395 15.62712 15.61108 15.4497 15.2472 15.0686 14.88592 14.67631 14.43892 14.24777 14.10249 14.00482 13.96824 13.99054 14.06268 14.16142 14.27147 14.41316 14.69104 15.02613 15.43326 15.938 16.51608 17.17015 17.91307 18.73445 19.61296 20.51215 21.19458 21.58218 21.79379 21.76831
15.07142 14.92765 14.81241 14.73786 14.66285 14.55789 14.4724 14.4192 14.3687 14.28779 14.21273 14.16185 14.13284 14.13835 14.21596 14.31708 14.3858 14.41097 14.41232 14.42678 14.52507 14.67163 14.82665 14.93834 14.98808 14.94091 14.89256 14.84798 14.78823 14.80377 14.86038 14.90176 14.8899 14.80272 14.69068 14.5946 14.49892 14.35202 14.18032 14.03452 13.91986 13.85495 13.84626 13.88709 13.97775 14.08294 14.19125 14.35514 14.61033 14.88893 15.23589 15.64831 16.12226 16.67475 17.33283 18.09159 18.96305 19.94825 20.89414 21.74222 22.34217 22.61762
14.55289 14.43552 14.35079 14.28906 14.21945 14.16817 14.13765 14.11391 14.10411 14.11208 14.15149 14.24081 14.37288 14.49321 14.58881 14.67124 14.74491 14.80757 14.87908 14.94442 15.00395 15.08872 15.17892 15.222 15.16945 14.99223 14.77883 14.59967 14.46426 14.41994 14.40566 14.40703 14.38152 14.31564 14.24166 14.19444 14.16159 14.07883 13.97831 13.88339 13.80938 13.78337 13.79994 13.85214 13.95268 14.06233 14.18292 14.34727 14.54751 14.7668 15.04382 15.36424 15.74392 16.20073 16.75097 17.37889 18.0926 18.98641 20.0606 21.23074 22.31658 23.20519
14.22586 14.15359 14.10072 14.05666 14.01787 14.02281 14.06336 14.1238 14.20001 14.29795 14.4525 14.65962 14.88793 15.08385 15.24282 15.34846 15.39105 15.46192 15.55125 15.63064 15.71774 15.77809 15.80476 15.72824 15.54043 15.22565 14.84867 14.53547 14.31437 14.19725 14.12618 14.06671 14.01408 13.94483 13.89553 13.8922 13.89891 13.86977 13.82782 13.78157 13.76381 13.8017 13.88337 13.9895 14.12228 14.24728 14.35234 14.45476 14.56313 14.70617 14.9022 15.13175 15.42882 15.8074 16.26464 16.77174 17.30816 18.02456 19.03912 20.28038 21.65697 23.14947
14.12195 14.10317 14.10518 14.11422 14.13851 14.21509 14.33209 14.47916 14.65582 14.8535 15.0757 15.32312 15.57794 15.82215 16.07405 16.24418 16.28798 16.28912 16.29511 16.36922 16.459 16.5269 16.44251 16.1959 15.85215 15.42807 14.91885 14.52737 14.25466 14.08092 13.95949 13.86686 13.7757 13.68824 13.65325 13.66529 13.69446 13.71014 13.71687 13.72216 13.76455 13.86946 14.02577 14.2099 14.39704 14.51928 14.58907 14.63741 14.67353 14.74132 14.85351 14.99953 15.20702 15.48256 15.83472 16.24225 16.67083 17.18879 17.91894 18.90036 20.10752 21.68517
14.22551 14.26343 14.31935 14.39152 14.4945 14.63144 14.80704 15.02843 15.29982 15.62571 15.94425 16.24343 16.51172 16.81006 17.09343 17.29829 17.42262 17.35223 17.18335 17.10789 17.11192 17.00732 16.80297 16.44575 15.92745 15.4229 14.89244 14.49481 14.21441 14.02195 13.87406 13.75374 13.63756 13.54421 13.50868 13.52522 13.56928 13.61587 13.66024 13.71561 13.81222 13.96536 14.16702 14.39697 14.62753 14.78297 14.86935 14.9201 14.93598 14.93293 14.9426 14.99197 15.08591 15.23375 15.46032 15.76158 16.10807 16.49872 16.9858 17.63068 18.47296 19.7004
14.45397 14.54451 14.64765 14.78143 14.9802 15.21175 15.46023 15.74926 16.09787 16.5015 16.90845 17.26684 17.62689 17.97855 18.25126 18.45274 18.61974 18.40137 18.08271 17.79509 17.62805 17.29774 17.02317 16.5301 15.87196 15.30282 14.82614 14.45656 14.17859 13.97582 13.80598 13.66113 13.5318 13.44223 13.40929 13.4303 13.48927 13.56556 13.65112 13.75605 13.90336 14.11217 14.38517 14.70269 15.03015 15.23524 15.32161 15.34097 15.29311 15.22752 15.13871 15.07215 15.0494 15.0863 15.19413 15.37651 15.62608 15.9275 16.28962 16.74147 17.30052 18.08917
14.80136 14.94123 15.06493 15.24572 15.53159 15.85826 16.20147 16.53766 16.90847 17.29124 17.65735 18.08004 18.57915 19.03021 19.22088 19.18684 19.15352 18.9542 18.56463 18.26849 17.96183 17.45013 17.12058 16.50853 15.74115 15.1502 14.71409 14.37799 14.11938 13.92182 13.74735 13.59504 13.4723 13.39827 13.37817 13.40983 13.48353 13.58635 13.7112 13.86836 14.09248 14.3983 14.73711 15.09666 15.45031 15.67722 15.79209 15.80436 15.73153 15.61129 15.44646 15.27175 15.15728 15.11393 15.13269 15.20477 15.33202 15.51495 15.77691 16.15331 16.60286 17.14189
15.37886 15.5614 15.7413 15.95963 16.26075 16.61183 16.96005 17.26763 17.54834 17.79617 18.06638 18.4003 18.84472 19.25102 19.30002 18.94123 18.68219 18.45059 18.05225 17.74926 17.4449 16.99106 16.65363 16.0262 15.33266 14.86441 14.52155 14.24101 14.03284 13.87736 13.73664 13.61731 13.52659 13.4769 13.47878 13.53295 13.63986 13.78244 13.95212 14.16749 14.42158 14.73118 15.097 15.51009 15.90744 16.16921 16.31135 16.34797 16.28932 16.11187 15.8819 15.64074 15.47347 15.38824 15.34592 15.31951 15.32201 15.37977 15.52058 15.79071 16.15938 16.58511
16.27851 16.46223 16.70231 16.99821 17.27106 17.56168 17.85729 18.05876 18.16435 18.21745 18.27217 18.35481 18.41586 18.43334 18.22886 17.82758 17.53999 17.20412 16.79074 16.52344 16.31587 15.92578 15.57619 15.12287 14.71865 14.44541 14.22889 14.03659 13.90379 13.81649 13.74045 13.68884 13.66185 13.65426 13.68547 13.76691 13.91025 14.10099 14.32416 14.57463 14.83679 15.17639 15.5929 16.04591 16.4532 16.72787 16.87755 16.9108 16.85129 16.69512 16.48264 16.24668 16.04188 15.91247 15.80183 15.67758 15.56339 15.51067 15.53744 15.65203 15.87221 16.17635
17.2911 17.45783 17.68628 17.93198 18.22099 18.46252 18.6723 18.73649 18.68763 18.46841 18.19927 17.93645 17.66653 17.40376 17.00614 16.60767 16.32304 15.97745 15.65005 15.43366 15.16484 14.90373 14.63901 14.39068 14.19974 14.04753 13.91188 13.8019 13.74786 13.72793 13.71912 13.7353 13.77675 13.83158 13.91334 14.03333 14.21046 14.4326 14.69878 14.99539 15.32555 15.69951 16.14473 16.59332 17.0126 17.33118 17.51911 17.54778 17.49158 17.35928 17.15328 16.90765 16.68472 16.52872 16.3669 16.16993 15.96791 15.79601 15.67734 15.61789 15.67142 15.84949
18.04947 18.22777 18.30097 18.40538 18.55607 18.79174 19.08175 19.08806 18.74895 18.33784 17.88252 17.35435 16.91391 16.503 16.03122 15.63814 15.32124 15.05101 14.82588 14.61492 14.42902 14.2496 14.08319 13.93749 13.82179 13.73364 13.64679 13.59842 13.6112 13.65314 13.70692 13.78254 13.89084 14.02339 14.17371 14.34997 14.5645 14.80731 15.08959 15.40006 15.74441 16.14499 16.56908 17.03588 17.50248 17.86843 18.10037 18.2125 18.2197 18.10263 17.87593 17.62754 17.41781 17.23272 17.04468 16.80698 16.50624 16.20667 15.94795 15.74576 15.63233 15.64966
18.45627 18.57759 18.54669 18.46614 18.47786 18.58415 18.64089 18.53291 18.07149 17.61353 17.13856 16.55606 16.079 15.64889 15.22337 14.88743 14.62183 14.40274 14.21493 14.06085 13.93184 13.80991 13.68096 13.56256 13.49047 13.44662 13.41775 13.43883 13.51679 13.62544 13.74974 13.88841 14.04805 14.22507 14.41435 14.62388 14.84492 15.08528 15.36281 15.68583 16.02941 16.39449 16.8192 17.32647 17.8777 18.32798 18.6393 18.81734 18.85956 18.76121 18.56164 18.33694 18.13241 17.96717 17.7601 17.48637 17.11204 16.71332 16.34592 16.03484 15.80704 15.69462
18.66133 18.63255 18.51159 18.30326 18.16871 18.02167 17.85728 17.62966 17.12784 16.67477 16.21154 15.72787 15.30007 14.9198 14.59259 14.32015 14.08713 13.88307 13.71833 13.59624 13.5004 13.40986 13.30888 13.22655 13.19231 13.19112 13.22651 13.3148 13.45448 13.62821 13.82345 14.03222 14.25042 14.47194 14.69571 14.92839 15.15655 15.3888 15.6543 15.92089 16.21589 16.56995 17.00707 17.55318 18.1676 18.721 19.11801 19.34524 19.44042 19.40493 19.28509 19.07262 18.85275 18.69456 18.48671 18.18331 17.77788 17.34224 16.92136 16.52942 16.20463 15.96665
18.54859 18.41086 18.20868 17.94989 17.68856 17.40355 17.13902 16.79805 16.3125 15.87399 15.44925 15.05588 14.70201 14.38058 14.09982 13.85675 13.64777 13.4617 13.31095 13.19872 13.11488 13.04944 12.99316 12.96868 12.98076 13.02884 13.11417 13.24741 13.43468 13.66521 13.93147 14.21455 14.50632 14.78255 15.04403 15.29802 15.52458 15.73578 15.92644 16.11317 16.37432 16.72811 17.17694 17.73496 18.40686 19.06031 19.5584 19.88269 20.09299 20.10341 19.9647 19.72171 19.56902 19.44364 19.24522 18.92047 18.48946 18.04567 17.57047 17.0785 16.6406 16.28232
17.9561 17.83145 17.63696 17.41989 17.13019 16.81268 16.51374 16.11345 15.67904 15.28024 14.91296 14.57279 14.26986 13.9972 13.75001 13.53201 13.34766 13.18818 13.0602 12.96163 12.89819 12.86295 12.85226 12.86923 12.9216 13.01044 13.13219 13.29447 13.50781 13.76776 14.06838 14.39338 14.73577 15.06981 15.38668 15.67289 15.8946 16.07353 16.18411 16.31375 16.50651 16.80608 17.22061 17.76209 18.44173 19.19613 19.83521 20.29758 20.62769 20.68634 20.58356 20.37032 20.30421 20.21708 20.02056 19.6946 19.26913 18.81754 18.29566 17.67722 17.09861 16.61835
17.15623 17.00525 16.83641 16.67809 16.42498 16.15266 15.88099 15.53029 15.16862 14.83561 14.52769 14.24185 13.98182 13.75414 13.55163 13.37229 13.22012 13.09533 12.99951 12.93262 12.89863 12.89367 12.91394 12.96069 13.04253 13.15716 13.29747 13.47087 13.68806 13.95079 14.25878 14.60484 14.98137 15.3667 15.72693 16.02976 16.23875 16.36347 16.42275 16.47592 16.56723 16.78232 17.13433 17.6219 18.24899 19.00157 19.73889 20.36418 20.84325 21.09227 21.15224 21.05869 20.99582 20.91617 20.71239 20.37013 19.95544 19.50085 18.9953 18.38118 17.73442 17.15327
1.70141E+38 1.70141E+38 1.70141E+38 1.70141E+38 1.70141E+38 1.70141E+38 1.70141E+38 1.70141E+38 1.70141E+38 1.70141E+38 1.70141E+38 1.70141E+38 1.70141E+38 1.70141E+38 1.70141E+38 1.70141E+38 1.70141E+38 1.70141E+38 1.70141E+38 1.70141E+38 1.70141E+38 1.70141E+38 1.70141E+38 1.70141E+38 1.70141E+38 1.70141E+38 1.70141E+38 1.70141E+38 1.70141E+38 1.70141E+38 1.70141E+38 1.70141E+38 1.70141E+38 1.70141E+38 1.70141E+38 1.70141E+38 1.70141E+38 1.70141E+38 1.70141E+38 1.70141E+38 1.70141E+38 1.70141E+38 1.70141E+38 1.70141E+38 1.70141E+38 1.70141E+38 1.70141E+38 1.70141E+38 1.70141E+38 1.70141E+38 1.70141E+38 1.70141E+38 1.70141E+38 1.70141E+38 1.70141E+38 1.70141E+38 1.70141E+38 1.70141E+38 1.70141E+38 1.70141E+38 1.70141E+38 1.70141E+38
1.70141E+38 1.70141E+38 1.70141E+38 1.70141E+38 1.70141E+38 1.70141E+38 1.70141E+38 1.70141E+38 1.70141E+38 1.70141E+38 1.70141E+38 1.70141E+38 1.70141E+38 1.70141E+38 1.70141E+38 1.70141E+38 1.70141E+38 1.70141E+38 1.70141E+38 1.70141E+38 1.70141E+38 1.70141E+38 1.70141E+38 1.70141E+38 1.70141E+38 1.70141E+38 1.70141E+38 1.70141E+38 1.70141E+38 1.70141E+38 1.70141E+38 1.70141E+38 1.70141E+38 1.70141E+38 1.70141E+38 1.70141E+38 1.70141E+38 1.70141E+38 1.70141E+38 1.70141E+38 1.70141E+38 1.70141E+38 1.70141E+38 1.70141E+38 1.70141E+38 1.70141E+38 1.70141E+38 1.70141E+38 1.70141E+38 1.70141E+38 1.70141E+38 1.70141E+38 1.70141E+38 1.70141E+38 1.70141E+38 1.70141E+38 1.70141E+38 1.70141E+38 1.70141E+38 1.70141E+38 1.70141E+38 1.70141E+38
1.70141E+38 1.70141E+38 1.70141E+38 1.70141E+38 1.70141E+38 1.70141E+38 1.70141E+38 1.70141E+38 1.70141E+38 1.70141E+38 1.70141E+38 1.70141E+38 1.70141E+38 1.70141E+38 1.70141E+38 1.70141E+38 1.70141E+38 1.70141E+38 1.70141E+38 1.70141E+38 1.70141E+38 1.70141E+38 1.70141E+38 1.70141E+38 1.70141E+38 1.70141E+38 1.70141E+38 1.70141E+38 1.70141E+38 1.70141E+38 1.70141E+38 1.70141E+38 1.70141E+38 1.70141E+38 1.70141E+38 1.70141E+38 1.70141E+38 1.70141E+38 1.70141E+38 1.70141E+38 1.70141E+38 1.70141E+38 1.70141E+38 1.70141E+38 1.70141E+38 1.70141E+38 1.70141E+38 1.70141E+38 1.70141E+38 1.70141E+38 1.70141E+38 1.70141E+38 1.70141E+38 1.70141E+38 1.70141E+38 1.70141E+38 1.70141E+38 1.70141E+38 1.70141E+38 1.70141E+38 1.70141E+38 1.70141E+38
1.70141E+38 1.70141E+38 1.70141E+38 1.70141E+38 1.70141E+38 1.70141E+38 1.70141E+38 1.70141E+38 1.70141E+38 1.70141E+38 1.70141E+38 1.70141E+38 1.70141E+38 1.70141E+38 1.70141E+38 1.70141E+38 1.70141E+38 1.70141E+38 1.70141E+38 1.70141E+38 1.70141E+38 1.70141E+38 1.70141E+38 1.70141E+38 1.70141E+38 1.70141E+38 1.70141E+38 1.70141E+38 1.70141E+38 1.70141E+38 1.70141E+38 1.70141E+38 1.70141E+38 1.70141E+38 1.70141E+38 1.70141E+38 1.70141E+38 1.70141E+38 1.70141E+38 1.70141E+38 1.70141E+38 1.70141E+38 1.70141E+38 1.70141E+38 1.70141E+38 1.70141E+38 1.70141E+38 1.70141E+38 1.70141E+38 1.70141E+38 1.70141E+38 1.70141E+38 1.70141E+38 1.70141E+38 1.70141E+38 1.70141E+38 1.70141E+38 1.70141E+38 1.70141E+38 1.70141E+38 1.70141E+38 1.70141E+38
1.70141E+38 1.70141E+38 1.70141E+38 1.70141E+38 1.70141E+38 1.70141E+38 1.70141E+38 1.70141E+38 1.70141E+38 1.70141E+38 1.70141E+38 1.70141E+38 1.70141E+38 1.70141E+38 1.70141E+38 1.70141E+38 1.70141E+38 1.70141E+38 1.70141E+38 1.70141E+38 1.70141E+38 1.70141E+38 1.70141E+38 1.70141E+38 1.70141E+38 1.70141E+38 1.70141E+38 1.70141E+38 1.70141E+38 1.70141E+38 1.70141E+38 1.70141E+38 1.70141E+38 1.70141E+38 1.70141E+38 1.70141E+38 1.70141E+38 1.70141E+38 1.70141E+38 1.70141E+38 1.70141E+38 1.70141E+38 1.70141E+38 1.70141E+38 1.70141E+38 1.70141E+38 1.70141E+38 1.70141E+38 1.70141E+38 1.70141E+38 1.70141E+38 1.70141E+38 1.70141E+38 1.70141E+38 1.70141E+38 1.70141E+38 1.70141E+38 1.70141E+38 1.70141E+38 1.70141E+38 1.70141E+38 1.70141E+38
1.70141E+38 1.70141E+38 1.70141E+38 1.70141E+38 1.70141E+38 1.70141E+38 1.70141E+38 1.70141E+38 1.70141E+38 1.70141E+38 1.70141E+38 1.70141E+38 1.70141E+38 1.70141E+38 1.70141E+38 1.70141E+38 1.70141E+38 1.70141E+38 1.70141E+38 1.70141E+38 1.70141E+38 1.70141E+38 1.70141E+38 1.70141E+38 1.70141E+38 1.70141E+38 1.70141E+38 1.70141E+38 1.70141E+38 1.70141E+38 1.70141E+38 1.70141E+38 1.70141E+38 1.70141E+38 1.70141E+38 1.70141E+38 1.70141E+38 1.70141E+38 1.70141E+38 1.70141E+38 1.70141E+38 1.70141E+38 1.70141E+38 1.70141E+38 1.70141E+38 1.70141E+38 1.70141E+38 1.70141E+38 1.70141E+38 1.70141E+38 1.70141E+38 1.70141E+38 1.70141E+38 1.70141E+38 1.70141E+38 1.70141E+38 1.70141E+38 1.70141E+38 1.70141E+38 1.70141E+38 1.70141E+38 1.70141E+38
1.70141E+38 1.70141E+38 1.70141E+38 1.70141E+38 1.70141E+38 1.70141E+38 1.70141E+38 1.70141E+38 1.70141E+38 1.70141E+38 1.70141E+38 1.70141E+38 1.70141E+38 1.70141E+38 1.70141E+38 1.70141E+38 1.70141E+38 1.70141E+38 1.70141E+38 1.70141E+38 1.70141E+38 1.70141E+38 1.70141E+38 1.70141E+38 1.70141E+38 1.70141E+38 1.70141E+38 1.70141E+38 1.70141E+38 1.70141E+38 1.70141E+38 1.70141E+38 1.70141E+38 1.70141E+38 1.70141E+38 1.70141E+38 1.70141E+38 1.70141E+38 1.70141E+38 1.70141E+38 1.70141E+38 1.70141E+38 1.70141E+38 1.70141E+38 1.70141E+38 1.70141E+38 1.70141E+38 1.70141E+38 1.70141E+38 1.70141E+38 1.70141E+38 1.70141E+38 1.70141E+38 1.70141E+38 1.70141E+38 1.70141E+38 1.70141E+38 1.70141E+38 1.70141E+38 1.70141E+38 1.70141E+38 1.70141E+38
1.70141E+38 1.70141E+38 1.70141E+38 1.70141E+38 1.70141E+38 1.70141E+38 1.70141E+38 1.70141E+38 1.70141E+38 1.70141E+38 1.70141E+38 1.70141E+38 1.70141E+38 1.70141E+38 1.70141E+38 1.70141E+38 1.70141E+38 1.70141E+38 1.70141E+38 1.70141E+38 1.70141E+38 1.70141E+38 1.70141E+38 1.70141E+38 1.70141E+38 1.70141E+38 1.70141E+38 1.70141E+38 1.70141E+38 1.70141E+38 1.70141E+38 1.70141E+38 1.70141E+38 1.70141E+38 1.70141E+38 1.70141E+38 1.70141E+38 1.70141E+38 1.70141E+38 1.70141E+38 1.70141E+38 1.70141E+38 1.70141E+38 1.70141E+38 1.70141E+38 1.70141E+38 1.70141E+38 1.70141E+38 1.70141E+38 1.70141E+38 1.70141E+38 1.70141E+38 1.70141E+38 1.70141E+38 1.70141E+38 1.70141E+38 1.70141E+38 1.70141E+38 1.70141E+38 1.70141E+38 1.70141E+38 1.70141E+38
