py_wake/examples/data/AJ_ParqueFicticio/Ridge area   Sector All   Height 30m   Mean speed.grd
DSAA
90  129
 262878   265103
 6504214   6507414
 2.09529   8.368607
[rows 27 to 53 of 129, columns 0 to 61 of 90]
4.583177 4.613785 4.667449 4.720726 4.769308 4.814874 4.851672 4.875589 4.890359 4.889635 4.867676 4.831461 4.79466 4.767473 4.761651 4.774953 4.802194 4.836476 4.866119 4.895804 4.969156 5.057988 5.148672 5.251069 5.351052 5.467577 5.603818 5.768848 5.959442 6.135208 6.308211 6.473811 6.641344 6.81078 6.953111 7.104537 7.262448 7.423087 7.600429 7.745346 7.829607 7.886197 7.904935 7.874039 7.785297 7.642624 7.463585 7.222553 6.851896 6.249846 5.366711 4.442627 3.819649 3.281248 2.841141 2.562276 2.443655 2.403526 2.39494 2.398547 2.396237 2.387501
4.519877 4.554827 4.611625 4.669637 4.73034 4.794682 4.852517 4.902928 4.941463 4.954243 4.938511 4.904461 4.857543 4.810102 4.773147 4.755721 4.757846 4.770926 4.785967 4.804567 4.855479 4.918503 4.984947 5.07366 5.156519 5.253275 5.381879 5.536979 5.722661 5.909811 6.084355 6.25246 6.430232 6.611856 6.773902 6.937589 7.111854 7.286325 7.484354 7.660914 7.78542 7.883732 7.933838 7.905209 7.797281 7.630821 7.435205 7.17471 6.727838 6.022103 5.05988 4.163008 3.620603 3.11061 2.712042 2.486113 2.399401 2.36795 2.359145 2.36394 2.363846 2.361082
4.456401 4.496049 4.552344 4.608851 4.675243 4.752235 4.827705 4.903461 4.972316 5.01087 5.004007 4.962415 4.912568 4.863291 4.815096 4.777573 4.754957 4.744957 4.737192 4.740819 4.772416 4.806833 4.842762 4.90711 4.970104 5.03557 5.154128 5.309667 5.494783 5.682797 5.85708 6.027092 6.204005 6.396104 6.579935 6.753176 6.939931 7.130865 7.346884 7.554414 7.721922 7.865817 7.956056 7.939979 7.822245 7.634017 7.41355 7.125849 6.599245 5.787539 4.766134 3.966762 3.456195 2.989487 2.627083 2.429971 2.361703 2.328523 2.308289 2.308317 2.309585 2.309917
4.388596 4.432042 4.486817 4.541625 4.610606 4.69053 4.77276 4.862757 4.956496 5.025488 5.029277 4.993872 4.948167 4.907356 4.867979 4.827435 4.792932 4.764358 4.735879 4.724895 4.749238 4.757466 4.766475 4.812765 4.852653 4.887125 4.99563 5.154474 5.326673 5.501502 5.671368 5.828619 5.984089 6.180338 6.383691 6.570167 6.76224 6.967522 7.20026 7.434635 7.643882 7.835726 7.968996 7.971385 7.860838 7.664031 7.412926 7.091571 6.484359 5.570804 4.528416 3.816872 3.352697 2.928841 2.587367 2.406396 2.343565 2.301753 2.263644 2.254449 2.25605 2.258106
4.306125 4.349207 4.4018 4.452061 4.521074 4.603496 4.68892 4.780584 4.878045 4.958056 4.981471 4.974841 4.953757 4.926719 4.898565 4.867608 4.834127 4.805304 4.786882 4.78804 4.801383 4.805014 4.815292 4.852676 4.879703 4.914444 5.008421 5.140236 5.270368 5.408211 5.55553 5.703069 5.856236 6.037561 6.228531 6.416468 6.608438 6.818869 7.061047 7.31468 7.557673 7.787215 7.94915 7.974844 7.883233 7.698508 7.431926 7.081017 6.432602 5.467163 4.430089 3.739843 3.317185 2.933831 2.60218 2.418839 2.355233 2.309948 2.255798 2.228852 2.224636 2.226961
4.22372 4.26476 4.314662 4.361413 4.4283 4.508326 4.590782 4.67691 4.767297 4.847949 4.889751 4.909278 4.915952 4.911031 4.896984 4.874638 4.849924 4.845597 4.862573 4.878316 4.88995 4.907384 4.930109 4.959549 4.989819 5.033407 5.109758 5.209518 5.301278 5.39651 5.515296 5.648534 5.79577 5.948569 6.111701 6.287618 6.475909 6.687078 6.932783 7.197162 7.467484 7.726253 7.902081 7.953249 7.882053 7.712445 7.456811 7.098938 6.462754 5.481403 4.428822 3.719904 3.319865 2.96846 2.644986 2.441809 2.375256 2.332703 2.278304 2.233938 2.217073 2.217767
4.140692 4.180119 4.22769 4.27137 4.337473 4.415954 4.495478 4.57414 4.653915 4.73166 4.790355 4.832386 4.860158 4.871474 4.867231 4.852142 4.840504 4.873156 4.929494 4.965955 4.992001 5.018518 5.047828 5.082042 5.114593 5.156242 5.228778 5.31883 5.389666 5.463781 5.550769 5.645288 5.77124 5.899043 6.034297 6.196986 6.377376 6.581713 6.821232 7.086899 7.378842 7.660596 7.843939 7.918911 7.870826 7.713402 7.477285 7.140092 6.545084 5.593029 4.540513 3.768134 3.36654 3.027527 2.73115 2.517014 2.422382 2.370235 2.3131 2.2657 2.238683 2.236706
4.057456 4.097163 4.143748 4.186091 4.256278 4.336741 4.416145 4.49501 4.570107 4.642614 4.711404 4.77003 4.813147 4.834162 4.832989 4.819119 4.828704 4.891716 4.968888 5.033158 5.074955 5.11045 5.154166 5.196202 5.231952 5.283167 5.363038 5.45991 5.551072 5.622668 5.684145 5.756964 5.850838 5.944514 6.06108 6.204892 6.354061 6.544397 6.763453 7.015144 7.314924 7.6016 7.785885 7.880526 7.857547 7.71525 7.49586 7.193917 6.698175 5.869263 4.824077 3.912826 3.462721 3.121392 2.851965 2.648657 2.512823 2.427441 2.361424 2.304591 2.268348 2.268438
3.990036 4.02709 4.066109 4.103168 4.182435 4.271084 4.358646 4.445025 4.525307 4.601458 4.674888 4.739252 4.790893 4.818079 4.821775 4.816827 4.846117 4.915261 4.992549 5.061383 5.119246 5.177262 5.237324 5.296527 5.355886 5.433112 5.529111 5.650511 5.766344 5.844893 5.910884 5.978717 6.045632 6.116055 6.2149 6.318804 6.441245 6.600765 6.787416 7.007467 7.287745 7.55941 7.73902 7.848378 7.850345 7.729853 7.524367 7.252477 6.855468 6.197252 5.278645 4.293896 3.651441 3.293109 3.012275 2.780628 2.611382 2.494354 2.401783 2.325477 2.278101 2.273397
3.945662 3.966391 3.989915 4.015558 4.10677 4.206521 4.305551 4.40133 4.491297 4.576397 4.654528 4.725741 4.789769 4.825636 4.840896 4.858246 4.891838 4.947426 5.015881 5.080083 5.145816 5.220009 5.294149 5.383323 5.47859 5.584328 5.712371 5.863083 6.005068 6.099106 6.168716 6.227065 6.283381 6.343391 6.419491 6.500491 6.593586 6.715942 6.863116 7.051993 7.295509 7.53774 7.710199 7.827208 7.858072 7.761961 7.567043 7.303994 6.993457 6.513568 5.797739 4.868383 4.005034 3.504251 3.18874 2.92826 2.716744 2.565797 2.448268 2.352309 2.298493 2.286803
3.923645 3.913545 3.913874 3.925915 4.027495 4.137156 4.245847 4.349479 4.449979 4.548198 4.636278 4.724186 4.806349 4.8564 4.889569 4.91937 4.950727 4.99397 5.046751 5.103694 5.181214 5.259676 5.349804 5.460971 5.587498 5.725155 5.87862 6.055479 6.231734 6.345207 6.417254 6.475559 6.527453 6.583592 6.63764 6.700349 6.771199 6.855939 6.958998 7.112569 7.326848 7.545193 7.712601 7.826912 7.880007 7.812429 7.626769 7.371341 7.103015 6.750373 6.20575 5.449611 4.542259 3.804073 3.372126 3.085167 2.848263 2.660572 2.516553 2.411436 2.351732 2.334308
3.936337 3.872056 3.841594 3.846118 3.949789 4.06003 4.17278 4.281989 4.388553 4.500756 4.607512 4.725514 4.832238 4.90791 4.949933 4.982943 5.022033 5.070733 5.110237 5.166338 5.245435 5.329508 5.425088 5.544549 5.686563 5.845886 6.019888 6.210235 6.401479 6.543454 6.637481 6.710659 6.763477 6.810557 6.854678 6.902519 6.94928 7.002506 7.080264 7.210643 7.396935 7.595417 7.754416 7.858198 7.913037 7.861476 7.694675 7.456948 7.200891 6.913025 6.502789 5.887058 5.043131 4.184056 3.562544 3.216517 2.964316 2.750737 2.595188 2.490943 2.426945 2.397515
3.961298 3.854001 3.789854 3.794261 3.879172 3.978785 4.091391 4.205675 4.322643 4.444678 4.568798 4.711455 4.842286 4.941139 5.005538 5.054053 5.110916 5.166003 5.223932 5.281838 5.34713 5.423254 5.519883 5.648553 5.793378 5.957887 6.140608 6.333273 6.527903 6.691886 6.81184 6.905305 6.976017 7.02329 7.067227 7.10258 7.138566 7.176352 7.235087 7.344787 7.503821 7.678479 7.815277 7.905216 7.950619 7.902356 7.751322 7.542764 7.304728 7.035045 6.710333 6.212072 5.423151 4.506826 3.77052 3.311119 3.037161 2.82813 2.674317 2.564744 2.50008 2.46888
4.003033 3.868043 3.776627 3.767324 3.815552 3.894356 4.000631 4.113903 4.23807 4.373756 4.521637 4.68771 4.838177 4.95311 5.045803 5.131879 5.19963 5.271243 5.349318 5.408629 5.462784 5.52501 5.621696 5.757272 5.908416 6.076009 6.252956 6.440833 6.640775 6.813971 6.954195 7.068062 7.159308 7.213042 7.261791 7.299382 7.322514 7.34944 7.397184 7.487309 7.620923 7.769271 7.884794 7.962406 8.001614 7.957308 7.818967 7.619444 7.389696 7.133292 6.849259 6.458398 5.730405 4.761295 3.957324 3.414918 3.104857 2.887022 2.744679 2.63381 2.584044 2.567244
4.075531 3.915672 3.794598 3.741036 3.749431 3.804801 3.903825 4.01354 4.142843 4.290325 4.457771 4.641696 4.80716 4.946125 5.067901 5.17824 5.274645 5.360168 5.452362 5.517991 5.562175 5.625669 5.721286 5.860193 6.008601 6.1774 6.3475 6.532773 6.726705 6.909006 7.054583 7.184447 7.289068 7.351192 7.407517 7.467175 7.498403 7.51083 7.544365 7.617413 7.731859 7.87187 7.976061 8.034783 8.060292 8.018182 7.894101 7.694667 7.461729 7.216424 6.942776 6.586985 5.955093 4.999183 4.132882 3.525355 3.168456 2.938271 2.800207 2.714724 2.674753 2.667012
4.171557 3.979038 3.811097 3.699032 3.67256 3.71319 3.807152 3.912259 4.043465 4.194669 4.375186 4.572009 4.74894 4.902917 5.041224 5.17087 5.290841 5.402921 5.504672 5.582928 5.649894 5.71104 5.796727 5.922239 6.064089 6.220223 6.380677 6.55974 6.75572 6.942317 7.08787 7.231889 7.336145 7.415184 7.491776 7.566925 7.606247 7.621018 7.654037 7.72148 7.834508 7.957956 8.045408 8.090991 8.110156 8.065684 7.945585 7.765922 7.532349 7.277641 6.99214 6.628349 6.063807 5.178326 4.282683 3.63029 3.236223 2.99755 2.858768 2.792408 2.761586 2.7705
4.262735 4.034892 3.826611 3.669882 3.598397 3.624565 3.707972 3.802023 3.934657 4.089099 4.274822 4.477542 4.661973 4.830786 4.982455 5.122169 5.253268 5.38536 5.515554 5.626067 5.707317 5.769378 5.846509 5.949141 6.069956 6.20739 6.349845 6.519623 6.720009 6.904112 7.054122 7.205004 7.314309 7.416515 7.515006 7.595741 7.653411 7.695342 7.743665 7.815392 7.912869 8.017869 8.104301 8.149074 8.163719 8.113668 7.988945 7.810791 7.588184 7.320348 7.017888 6.637127 6.080332 5.253365 4.378062 3.721606 3.315374 3.074633 2.934161 2.871171 2.859492 2.903309
4.390882 4.125491 3.875319 3.683266 3.574726 3.555296 3.599861 3.673294 3.805779 3.965942 4.151933 4.352935 4.544486 4.726127 4.894659 5.051049 5.186026 5.32465 5.47613 5.62228 5.724535 5.804387 5.882105 5.96054 6.059418 6.170811 6.287291 6.446835 6.653327 6.83618 6.982461 7.132284 7.248649 7.368377 7.483849 7.574944 7.654345 7.731509 7.805504 7.879096 7.967608 8.071998 8.16516 8.212111 8.225236 8.169246 8.033678 7.846918 7.626173 7.356066 7.039771 6.642092 6.071507 5.286757 4.4442 3.790283 3.378607 3.137258 3.016805 2.96957 2.988827 3.066128
4.561093 4.272936 3.990777 3.760247 3.599037 3.501665 3.488821 3.537224 3.663133 3.822054 4.007359 4.208495 4.399393 4.586759 4.767201 4.938519 5.074951 5.207616 5.366535 5.530003 5.648135 5.748333 5.842959 5.910179 5.990647 6.081864 6.17852 6.324981 6.536621 6.72648 6.862901 7.00942 7.135524 7.26779 7.400504 7.505147 7.602091 7.709948 7.812459 7.90077 7.998802 8.114711 8.224874 8.277088 8.284354 8.227848 8.089559 7.888271 7.653678 7.386686 7.05899 6.648848 6.059923 5.286476 4.462583 3.806333 3.393869 3.174172 3.085412 3.073565 3.129416 3.251422
4.750418 4.433884 4.105973 3.818583 3.593622 3.431686 3.362017 3.383521 3.503414 3.655236 3.824626 4.010913 4.188714 4.367105 4.552332 4.729667 4.870839 5.00323 5.154786 5.306927 5.430749 5.539002 5.63172 5.698123 5.772272 5.867857 5.969394 6.102884 6.30318 6.514705 6.668958 6.822547 6.967951 7.110404 7.25878 7.382155 7.492507 7.622679 7.751171 7.860343 7.980083 8.117496 8.245269 8.306341 8.314249 8.260519 8.137313 7.942038 7.690066 7.412982 7.080354 6.661612 6.051031 5.263015 4.452862 3.805789 3.419674 3.218341 3.146766 3.169556 3.271776 3.429814
4.938225 4.616886 4.253932 3.89685 3.597397 3.379333 3.257554 3.244546 3.342557 3.469959 3.613698 3.775172 3.927613 4.099597 4.273767 4.436088 4.579214 4.712665 4.859439 5.003329 5.12175 5.225579 5.310281 5.37256 5.446286 5.545924 5.660302 5.794738 5.981231 6.203155 6.396258 6.570395 6.746264 6.906989 7.065057 7.212066 7.341601 7.489333 7.644638 7.777414 7.918545 8.078924 8.223568 8.302052 8.32699 8.277913 8.165017 7.995982 7.745401 7.450612 7.110258 6.678689 6.057136 5.256683 4.461819 3.848128 3.492808 3.311226 3.238377 3.29329 3.450603 3.668516
5.130854 4.828475 4.468972 4.072564 3.696224 3.413131 3.242179 3.17817 3.205929 3.284249 3.396634 3.535346 3.659115 3.806691 3.976201 4.13395 4.266579 4.400806 4.547325 4.686488 4.799095 4.893803 4.971363 5.026083 5.07817 5.175519 5.306356 5.454909 5.633237 5.845589 6.067055 6.279629 6.480018 6.66954 6.843087 7.011065 7.168145 7.332548 7.515253 7.679646 7.84086 8.023382 8.185015 8.280103 8.325458 8.290447 8.18297 8.031157 7.807954 7.500403 7.148037 6.702285 6.069982 5.255106 4.470788 3.904065 3.567289 3.393877 3.355966 3.440005 3.650157 3.92907
5.329822 5.054408 4.710245 4.289856 3.868897 3.526143 3.293362 3.156593 3.101995 3.123277 3.202808 3.313355 3.409765 3.530013 3.691511 3.830366 3.963165 4.087492 4.221268 4.358492 4.474643 4.561919 4.63243 4.688622 4.734765 4.803943 4.929118 5.08073 5.256942 5.472112 5.704528 5.941481 6.171006 6.396489 6.598337 6.782029 6.96667 7.157223 7.36617 7.566001 7.746701 7.951453 8.133516 8.24751 8.314563 8.300416 8.200622 8.045879 7.848197 7.550149 7.185594 6.723853 6.077351 5.25737 4.46866 3.946065 3.648588 3.4965 3.469395 3.584535 3.855412 4.204038
5.525137 5.271721 4.950978 4.55209 4.102096 3.676271 3.354648 3.138969 3.032737 3.021276 3.078471 3.161622 3.241755 3.338189 3.459876 3.558534 3.673027 3.77853 3.886329 4.013028 4.136322 4.23218 4.306958 4.383908 4.440039 4.493147 4.597019 4.736257 4.906741 5.109594 5.323663 5.570066 5.832593 6.092807 6.321888 6.522543 6.731581 6.958189 7.193498 7.430727 7.634949 7.862337 8.068637 8.207561 8.299818 8.310246 8.219722 8.056484 7.856013 7.583687 7.215978 6.742787 6.085924 5.276261 4.498597 3.996172 3.740795 3.615439 3.616107 3.791423 4.1376 4.551723
5.713072 5.489814 5.204496 4.845853 4.393123 3.914924 3.51532 3.213 3.045607 2.990919 3.015525 3.086206 3.169876 3.232245 3.281803 3.322861 3.387617 3.478849 3.558984 3.661121 3.788122 3.9063 4.009109 4.104493 4.188103 4.254086 4.332161 4.463906 4.590699 4.74837 4.960306 5.20169 5.489912 5.774937 6.015307 6.228459 6.477047 6.736836 6.999177 7.266974 7.503959 7.756305 7.990754 8.160586 8.285562 8.324692 8.24125 8.066809 7.856369 7.601364 7.247721 6.767032 6.106201 5.316423 4.586157 4.094938 3.861219 3.775013 3.833933 4.070634 4.445335 4.86376
5.886137 5.68706 5.440481 5.133876 4.710713 4.212609 3.724744 3.342369 3.09526 2.97673 2.972022 3.053169 3.143745 3.17224 3.150361 3.115108 3.124403 3.199158 3.26271 3.337201 3.463976 3.60954 3.746119 3.876058 3.986211 4.058406 4.125117 4.232629 4.329084 4.445056 4.645049 4.87104 5.162248 5.46739 5.727371 5.964897 6.238986 6.520101 6.800828 7.089873 7.363441 7.642038 7.90278 8.107157 8.272647 8.344109 8.270993 8.089094 7.86964 7.616573 7.284829 6.80847 6.158128 5.382538 4.689183 4.257152 4.042457 3.983769 4.066462 4.327878 4.725039 5.148724
6.047017 5.860245 5.631426 5.352658 4.992927 4.515682 3.98936 3.563793 3.238863 3.046761 3.026212 3.102644 3.175543 3.157258 3.082819 2.982783 2.953497 3.002167 3.043688 3.100804 3.229678 3.394214 3.564821 3.734422 3.872148 3.956021 4.025673 4.139834 4.218892 4.302071 4.490147 4.6961 4.969403 5.278477 5.555485 5.813084 6.082739 6.353612 6.639682 6.949813 7.252322 7.54998 7.824364 8.056043 8.258609 8.358179 8.303851 8.130702 7.905199 7.645828 7.336819 6.901579 6.291854 5.553855 4.869087 4.454639 4.294541 4.268095 4.351751 4.608447 4.984571 5.385028
