py_wake/examples/data/AJ_ParqueFicticio/Ridge area   Sector 2   Height 30m   Orographic speed.grd
DSAA
90  129
 262878   265103
 6504214   6507414
 .1020413   1.492522
[rows 81 to 107 of 129, columns 0 to 61 of 90]
.7502983 .7513846 .7613997 .7740144 .7890895 .8083581 .8291951 .8495896 .8701546 .8863716 .9008136 .916064 .9255173 .9273708 .9206192 .9103444 .8983228 .8830194 .8711019 .8631902 .8501125 .8408766 .8306224 .8216882 .8120883 .8016933 .7842414 .7622421 .738043 .7158148 .705709 .7200966 .7747521 .8661496 .9751657 1.077196 1.156396 1.215974 1.265677 1.310772 1.35028 1.389963 1.423717 1.440894 1.447085 1.445252 1.43589 1.420535 1.392163 1.337181 1.283044 1.223591 1.165215 1.111332 1.06516 1.029379 1.003709 .9843009 .9706337 .9626782 .9572077 .9546368
.8417863 .8539768 .8687187 .8841153 .9012195 .9182114 .9369922 .9539415 .9660625 .978221 .9941637 1.00865 1.017671 1.020062 1.013429 1.000139 .9818289 .9678152 .9625025 .9630606 .9525035 .9360034 .9188326 .9102401 .9081524 .9086983 .9022489 .8924141 .8837571 .8745992 .8755873 .8933309 .9392692 1.013802 1.090931 1.157913 1.214375 1.263562 1.311628 1.353275 1.388897 1.42263 1.444841 1.452218 1.453318 1.445518 1.431816 1.412667 1.374315 1.319378 1.264649 1.203099 1.143473 1.087748 1.04011 1.001682 .9727711 .9504936 .9363015 .929736 .9254838 .9238248
.9147814 .9324908 .9517913 .9696251 .9849181 1.002422 1.018581 1.02779 1.035854 1.049065 1.062233 1.071372 1.080074 1.082007 1.068812 1.049419 1.030788 1.019072 1.018319 1.02318 1.008051 .9893183 .9740832 .9694669 .9764981 .987237 .9902069 .9922702 .998006 .9999521 1.005475 1.023795 1.061104 1.114435 1.167639 1.214939 1.26148 1.308223 1.354714 1.39131 1.422014 1.446969 1.459409 1.460574 1.455589 1.44292 1.425622 1.40153 1.355507 1.304027 1.249993 1.189211 1.13085 1.076073 1.02754 .9859505 .9540952 .9297406 .9145432 .9059325 .8993804 .8980137
.9759948 .9964976 1.016371 1.032953 1.048451 1.063192 1.072845 1.078627 1.08547 1.095211 1.101626 1.103789 1.10295 1.095823 1.080602 1.061423 1.043694 1.03088 1.024586 1.02154 1.010738 .9978719 .9898863 .9910316 1.003139 1.023869 1.040985 1.054566 1.071035 1.082631 1.095827 1.119652 1.151194 1.187453 1.226453 1.265399 1.305818 1.350973 1.392486 1.424059 1.44917 1.465523 1.469575 1.465174 1.454267 1.437865 1.416219 1.384978 1.336005 1.289237 1.238148 1.182778 1.129581 1.077338 1.028546 .9849523 .9512197 .9249399 .9066744 .8922325 .8817708 .8785953
1.029989 1.050116 1.067399 1.082702 1.098089 1.107494 1.111831 1.115106 1.118854 1.12133 1.118227 1.108148 1.092353 1.074078 1.056507 1.039329 1.022049 1.006299 .9922282 .9808717 .9722773 .9653356 .9647198 .9753887 .9973176 1.029128 1.061397 1.088925 1.115777 1.136454 1.160725 1.188882 1.216531 1.245958 1.27939 1.314071 1.349904 1.391212 1.425807 1.452125 1.470813 1.478886 1.475593 1.465535 1.449588 1.4289 1.400755 1.363123 1.317664 1.27587 1.228624 1.179683 1.131996 1.083305 1.035751 .9921084 .9586788 .9307362 .9077274 .8869831 .870801 .8618007
1.07378 1.090884 1.105568 1.119261 1.130723 1.134226 1.132627 1.128866 1.124507 1.117735 1.103456 1.082721 1.058791 1.035295 1.01344 .9956453 .9814698 .9648311 .9466091 .9304033 .9173339 .9112213 .91604 .9399545 .9760022 1.021069 1.069535 1.11092 1.146662 1.176352 1.207219 1.239074 1.267899 1.297783 1.328025 1.356908 1.389706 1.425566 1.453158 1.473512 1.483659 1.482695 1.471897 1.454569 1.432234 1.404984 1.372426 1.336522 1.298778 1.261709 1.218905 1.176608 1.133486 1.088706 1.044521 1.003328 .9717329 .94173 .9131688 .8868866 .8655701 .8499419
1.103251 1.116 1.126185 1.13465 1.138135 1.133461 1.124456 1.113233 1.100473 1.084702 1.063647 1.038774 1.012339 .9859961 .9604704 .9393538 .9243827 .9116759 .8976097 .8795146 .8638187 .8544386 .8648252 .9054763 .9579689 1.015931 1.080537 1.132361 1.17378 1.209672 1.244448 1.27854 1.311869 1.343754 1.36994 1.39523 1.424511 1.453604 1.474389 1.486757 1.486627 1.475614 1.45646 1.432377 1.40498 1.375748 1.344435 1.31174 1.27928 1.245159 1.206642 1.169481 1.131408 1.093164 1.054775 1.017891 .9881962 .9591989 .9294126 .9005865 .8772135 .857186
1.115692 1.123237 1.128601 1.130638 1.125572 1.114038 1.099015 1.081123 1.06012 1.034908 1.007334 .9790973 .9516542 .9244164 .8976984 .8745521 .8554333 .8468186 .8417766 .8310114 .8187482 .8171075 .8329775 .8867508 .957909 1.028793 1.100018 1.155786 1.200486 1.239932 1.277784 1.314311 1.350855 1.381592 1.404829 1.427307 1.452248 1.474002 1.487585 1.490843 1.480966 1.461827 1.437264 1.409182 1.378991 1.347418 1.315332 1.28297 1.251823 1.22071 1.188579 1.157604 1.127051 1.09712 1.065248 1.033525 1.006521 .9808559 .9534205 .9250751 .9008877 .8787301
1.116191 1.118492 1.118984 1.114559 1.100487 1.080771 1.058855 1.035147 1.007524 .9769995 .9449639 .9137396 .8823014 .8533112 .8290421 .806997 .7866445 .7850919 .7869118 .7867234 .7838491 .7940291 .8198429 .884334 .9714033 1.052649 1.123551 1.18023 1.227818 1.270428 1.311435 1.350509 1.387777 1.415268 1.435659 1.454824 1.47443 1.487794 1.492522 1.486292 1.467206 1.440911 1.410313 1.3766 1.340719 1.30587 1.274525 1.245063 1.219732 1.193615 1.168393 1.145255 1.1226 1.099895 1.073822 1.047627 1.024081 1.002681 .9794882 .9535146 .9289973 .9065627
1.105391 1.102489 1.099309 1.088723 1.065863 1.038477 1.009743 .9822562 .9527505 .9226826 .8910505 .8577215 .8215261 .7894316 .7705495 .7594561 .7483357 .7466434 .7525296 .7535402 .7600319 .7843426 .8213949 .8949541 .9934995 1.080292 1.150675 1.207805 1.257453 1.302997 1.346648 1.386862 1.421302 1.443848 1.460555 1.475436 1.488293 1.492149 1.487218 1.470389 1.439446 1.402621 1.367263 1.332114 1.296047 1.262869 1.234133 1.208979 1.187377 1.165698 1.146838 1.131353 1.115317 1.09615 1.073611 1.052062 1.033741 1.017819 1.000239 .9770463 .9534985 .931701
1.076931 1.070001 1.061438 1.044931 1.018036 .9871995 .9572995 .9309316 .9045177 .8785152 .8534803 .825308 .7919658 .7624299 .7505057 .7543072 .7539161 .7553458 .7651272 .7706733 .7836638 .8266292 .8700776 .9480221 1.042666 1.120173 1.183725 1.239554 1.289228 1.334935 1.378255 1.415524 1.443815 1.460174 1.471785 1.4815 1.486002 1.480232 1.464162 1.434485 1.395046 1.358852 1.324586 1.288203 1.250007 1.21778 1.191774 1.169856 1.151219 1.136275 1.123944 1.113244 1.099292 1.079588 1.058715 1.042401 1.03074 1.020081 1.006719 .9878952 .9691307 .9510642
1.026157 1.01702 1.003175 .9808047 .9542664 .9261131 .8984497 .8753243 .85658 .8416255 .8273442 .8108768 .7952922 .7834489 .7845903 .7944221 .7987112 .8100135 .8285243 .8408282 .8696589 .9219677 .9749317 1.043275 1.113104 1.171941 1.224548 1.275917 1.322863 1.36525 1.404255 1.435127 1.456114 1.46575 1.470921 1.47337 1.467676 1.452947 1.427735 1.390553 1.350551 1.311883 1.274219 1.236667 1.199537 1.171767 1.150363 1.133289 1.119054 1.10716 1.09629 1.085172 1.070259 1.050497 1.032458 1.021436 1.015527 1.00904 .9998452 .9888095 .9779636 .9665039
.9647098 .9547248 .9393118 .9186626 .8920117 .8651599 .8403748 .824179 .814841 .8141596 .8159463 .8175066 .8201151 .8246522 .8400502 .8558362 .8653548 .8843829 .9086173 .9351003 .9782825 1.026708 1.077798 1.12831 1.176176 1.222851 1.269503 1.315615 1.356746 1.394263 1.426677 1.449818 1.463148 1.465751 1.463439 1.457346 1.442133 1.419617 1.387608 1.346079 1.301565 1.260654 1.222308 1.185634 1.151889 1.126921 1.1087 1.096563 1.085956 1.075906 1.065861 1.055694 1.039954 1.019895 1.0043 .9967138 .9938789 .9919488 .9897247 .9879282 .9848225 .9789745
.909656 .8976559 .8889539 .8749408 .8541595 .8272477 .7985026 .7868171 .7950376 .8054838 .8187779 .8374593 .852828 .8702152 .8964213 .919076 .939133 .9634932 .9895031 1.023332 1.062693 1.105474 1.14624 1.184989 1.22567 1.267266 1.310993 1.351834 1.386885 1.41856 1.443366 1.458517 1.463572 1.457162 1.446447 1.430668 1.407655 1.379637 1.344349 1.30212 1.257352 1.215411 1.177346 1.14229 1.110745 1.088136 1.073024 1.06244 1.052501 1.043708 1.035468 1.025537 1.008027 .9895579 .9752187 .9683516 .9686496 .9718047 .9763351 .9820651 .9866291 .9871488
.8672611 .8576538 .8539155 .8485968 .8343299 .8135406 .7973687 .7941113 .8122961 .8291242 .847899 .8756449 .8989136 .9239178 .954272 .9818563 1.007467 1.032566 1.060119 1.090349 1.124096 1.160517 1.19806 1.234619 1.270924 1.308969 1.34778 1.380877 1.409501 1.434157 1.450599 1.45717 1.45374 1.440384 1.423447 1.401065 1.374079 1.343721 1.307916 1.265333 1.220578 1.180598 1.14416 1.108862 1.07632 1.054038 1.039788 1.030416 1.022506 1.01583 1.008428 .9978905 .9811785 .9621537 .948401 .942035 .9443614 .9511374 .9604211 .9706196 .9795352 .9837791
.832472 .8303496 .8314629 .8339696 .8286963 .8237446 .8218918 .8280669 .8525891 .8736219 .8977584 .9263465 .9541847 .9838132 1.013112 1.040243 1.066296 1.093753 1.121539 1.149286 1.179003 1.212297 1.248305 1.282104 1.313736 1.347388 1.377931 1.402177 1.424027 1.441156 1.449308 1.448275 1.437151 1.417752 1.395172 1.367977 1.338227 1.306863 1.271255 1.230929 1.190065 1.152498 1.115963 1.07927 1.046221 1.023604 1.010256 1.00313 .9967071 .9902014 .9813942 .9713142 .9570873 .9388697 .9254231 .9191247 .921436 .9284471 .9385616 .9504285 .9613571 .9689727
.8125926 .8165385 .8237723 .8315034 .8373618 .844816 .8523199 .8689042 .8976895 .9238518 .9519961 .9802848 1.008545 1.037755 1.066046 1.093367 1.120315 1.148854 1.177292 1.204439 1.233272 1.264822 1.297216 1.32393 1.349404 1.375931 1.397539 1.414489 1.429615 1.439095 1.438595 1.429925 1.411578 1.387177 1.359947 1.329214 1.298351 1.267947 1.235632 1.200915 1.163404 1.126649 1.089661 1.052694 1.018636 .9951702 .9827644 .9768431 .9702998 .9643424 .9573589 .9502477 .936459 .9183635 .9045746 .8979046 .8994493 .904765 .9151312 .9294216 .943526 .9549543
.8210261 .8249285 .8343117 .8432778 .8565456 .8713644 .8851799 .9107389 .9412001 .9702738 .9991133 1.028408 1.057104 1.085617 1.114366 1.142722 1.16985 1.197847 1.225101 1.251902 1.279152 1.306283 1.331011 1.350747 1.37004 1.388717 1.402945 1.414012 1.423357 1.426584 1.419694 1.405113 1.38186 1.353227 1.321441 1.28797 1.257709 1.229933 1.202145 1.171706 1.139321 1.106232 1.070903 1.034049 .9995053 .9737625 .9600709 .9535093 .9468068 .9421948 .9369099 .9312492 .9169082 .8999011 .8862178 .8787115 .877975 .8817559 .8920833 .9096984 .9283128 .9438893
.8495017 .8566644 .8664935 .8748257 .8915035 .9090222 .9263365 .9537984 .9841346 1.013201 1.041692 1.070226 1.099065 1.126881 1.154061 1.181007 1.207327 1.233311 1.257683 1.281459 1.304213 1.325804 1.343683 1.358056 1.37188 1.384308 1.393561 1.401475 1.408076 1.407398 1.395975 1.37654 1.348844 1.315398 1.279995 1.245761 1.217752 1.193749 1.170716 1.146204 1.121446 1.093063 1.060034 1.024092 .9900035 .9628083 .9468708 .9383019 .9310451 .925266 .9193632 .9131548 .9000922 .8845596 .8711713 .8635178 .8611369 .8640602 .8732696 .8896969 .9091179 .9265833
1.70141E+38 1.70141E+38 1.70141E+38 1.70141E+38 1.70141E+38 1.70141E+38 1.70141E+38 1.70141E+38 1.70141E+38 1.70141E+38 1.70141E+38 1.70141E+38 1.70141E+38 1.70141E+38 1.70141E+38 1.70141E+38 1.70141E+38 1.70141E+38 1.70141E+38 1.70141E+38 1.70141E+38 1.70141E+38 1.70141E+38 1.70141E+38 1.70141E+38 1.70141E+38 1.70141E+38 1.70141E+38 1.70141E+38 1.70141E+38 1.70141E+38 1.70141E+38 1.70141E+38 1.70141E+38 1.70141E+38 1.70141E+38 1.70141E+38 1.70141E+38 1.70141E+38 1.70141E+38 1.70141E+38 1.70141E+38 1.70141E+38 1.70141E+38 1.70141E+38 1.70141E+38 1.70141E+38 1.70141E+38 1.70141E+38 1.70141E+38 1.70141E+38 1.70141E+38 1.70141E+38 1.70141E+38 1.70141E+38 1.70141E+38 1.70141E+38 1.70141E+38 1.70141E+38 1.70141E+38 1.70141E+38 1.70141E+38
1.70141E+38 1.70141E+38 1.70141E+38 1.70141E+38 1.70141E+38 1.70141E+38 1.70141E+38 1.70141E+38 1.70141E+38 1.70141E+38 1.70141E+38 1.70141E+38 1.70141E+38 1.70141E+38 1.70141E+38 1.70141E+38 1.70141E+38 1.70141E+38 1.70141E+38 1.70141E+38 1.70141E+38 1.70141E+38 1.70141E+38 1.70141E+38 1.70141E+38 1.70141E+38 1.70141E+38 1.70141E+38 1.70141E+38 1.70141E+38 1.70141E+38 1.70141E+38 1.70141E+38 1.70141E+38 1.70141E+38 1.70141E+38 1.70141E+38 1.70141E+38 1.70141E+38 1.70141E+38 1.70141E+38 1.70141E+38 1.70141E+38 1.70141E+38 1.70141E+38 1.70141E+38 1.70141E+38 1.70141E+38 1.70141E+38 1.70141E+38 1.70141E+38 1.70141E+38 1.70141E+38 1.70141E+38 1.70141E+38 1.70141E+38 1.70141E+38 1.70141E+38 1.70141E+38 1.70141E+38 1.70141E+38 1.70141E+38
1.70141E+38 1.70141E+38 1.70141E+38 1.70141E+38 1.70141E+38 1.70141E+38 1.70141E+38 1.70141E+38 1.70141E+38 1.70141E+38 1.70141E+38 1.70141E+38 1.70141E+38 1.70141E+38 1.70141E+38 1.70141E+38 1.70141E+38 1.70141E+38 1.70141E+38 1.70141E+38 1.70141E+38 1.70141E+38 1.70141E+38 1.70141E+38 1.70141E+38 1.70141E+38 1.70141E+38 1.70141E+38 1.70141E+38 1.70141E+38 1.70141E+38 1.70141E+38 1.70141E+38 1.70141E+38 1.70141E+38 1.70141E+38 1.70141E+38 1.70141E+38 1.70141E+38 1.70141E+38 1.70141E+38 1.70141E+38 1.70141E+38 1.70141E+38 1.70141E+38 1.70141E+38 1.70141E+38 1.70141E+38 1.70141E+38 1.70141E+38 1.70141E+38 1.70141E+38 1.70141E+38 1.70141E+38 1.70141E+38 1.70141E+38 1.70141E+38 1.70141E+38 1.70141E+38 1.70141E+38 1.70141E+38 1.70141E+38
1.70141E+38 1.70141E+38 1.70141E+38 1.70141E+38 1.70141E+38 1.70141E+38 1.70141E+38 1.70141E+38 1.70141E+38 1.70141E+38 1.70141E+38 1.70141E+38 1.70141E+38 1.70141E+38 1.70141E+38 1.70141E+38 1.70141E+38 1.70141E+38 1.70141E+38 1.70141E+38 1.70141E+38 1.70141E+38 1.70141E+38 1.70141E+38 1.70141E+38 1.70141E+38 1.70141E+38 1.70141E+38 1.70141E+38 1.70141E+38 1.70141E+38 1.70141E+38 1.70141E+38 1.70141E+38 1.70141E+38 1.70141E+38 1.70141E+38 1.70141E+38 1.70141E+38 1.70141E+38 1.70141E+38 1.70141E+38 1.70141E+38 1.70141E+38 1.70141E+38 1.70141E+38 1.70141E+38 1.70141E+38 1.70141E+38 1.70141E+38 1.70141E+38 1.70141E+38 1.70141E+38 1.70141E+38 1.70141E+38 1.70141E+38 1.70141E+38 1.70141E+38 1.70141E+38 1.70141E+38 1.70141E+38 1.70141E+38
1.70141E+38 1.70141E+38 1.70141E+38 1.70141E+38 1.70141E+38 1.70141E+38 1.70141E+38 1.70141E+38 1.70141E+38 1.70141E+38 1.70141E+38 1.70141E+38 1.70141E+38 1.70141E+38 1.70141E+38 1.70141E+38 1.70141E+38 1.70141E+38 1.70141E+38 1.70141E+38 1.70141E+38 1.70141E+38 1.70141E+38 1.70141E+38 1.70141E+38 1.70141E+38 1.70141E+38 1.70141E+38 1.70141E+38 1.70141E+38 1.70141E+38 1.70141E+38 1.70141E+38 1.70141E+38 1.70141E+38 1.70141E+38 1.70141E+38 1.70141E+38 1.70141E+38 1.70141E+38 1.70141E+38 1.70141E+38 1.70141E+38 1.70141E+38 1.70141E+38 1.70141E+38 1.70141E+38 1.70141E+38 1.70141E+38 1.70141E+38 1.70141E+38 1.70141E+38 1.70141E+38 1.70141E+38 1.70141E+38 1.70141E+38 1.70141E+38 1.70141E+38 1.70141E+38 1.70141E+38 1.70141E+38 1.70141E+38
1.70141E+38 1.70141E+38 1.70141E+38 1.70141E+38 1.70141E+38 1.70141E+38 1.70141E+38 1.70141E+38 1.70141E+38 1.70141E+38 1.70141E+38 1.70141E+38 1.70141E+38 1.70141E+38 1.70141E+38 1.70141E+38 1.70141E+38 1.70141E+38 1.70141E+38 1.70141E+38 1.70141E+38 1.70141E+38 1.70141E+38 1.70141E+38 1.70141E+38 1.70141E+38 1.70141E+38 1.70141E+38 1.70141E+38 1.70141E+38 1.70141E+38 1.70141E+38 1.70141E+38 1.70141E+38 1.70141E+38 1.70141E+38 1.70141E+38 1.70141E+38 1.70141E+38 1.70141E+38 1.70141E+38 1.70141E+38 1.70141E+38 1.70141E+38 1.70141E+38 1.70141E+38 1.70141E+38 1.70141E+38 1.70141E+38 1.70141E+38 1.70141E+38 1.70141E+38 1.70141E+38 1.70141E+38 1.70141E+38 1.70141E+38 1.70141E+38 1.70141E+38 1.70141E+38 1.70141E+38 1.70141E+38 1.70141E+38
1.70141E+38 1.70141E+38 1.70141E+38 1.70141E+38 1.70141E+38 1.70141E+38 1.70141E+38 1.70141E+38 1.70141E+38 1.70141E+38 1.70141E+38 1.70141E+38 1.70141E+38 1.70141E+38 1.70141E+38 1.70141E+38 1.70141E+38 1.70141E+38 1.70141E+38 1.70141E+38 1.70141E+38 1.70141E+38 1.70141E+38 1.70141E+38 1.70141E+38 1.70141E+38 1.70141E+38 1.70141E+38 1.70141E+38 1.70141E+38 1.70141E+38 1.70141E+38 1.70141E+38 1.70141E+38 1.70141E+38 1.70141E+38 1.70141E+38 1.70141E+38 1.70141E+38 1.70141E+38 1.70141E+38 1.70141E+38 1.70141E+38 1.70141E+38 1.70141E+38 1.70141E+38 1.70141E+38 1.70141E+38 1.70141E+38 1.70141E+38 1.70141E+38 1.70141E+38 1.70141E+38 1.70141E+38 1.70141E+38 1.70141E+38 1.70141E+38 1.70141E+38 1.70141E+38 1.70141E+38 1.70141E+38 1.70141E+38
1.70141E+38 1.70141E+38 1.70141E+38 1.70141E+38 1.70141E+38 1.70141E+38 1.70141E+38 1.70141E+38 1.70141E+38 1.70141E+38 1.70141E+38 1.70141E+38 1.70141E+38 1.70141E+38 1.70141E+38 1.70141E+38 1.70141E+38 1.70141E+38 1.70141E+38 1.70141E+38 1.70141E+38 1.70141E+38 1.70141E+38 1.70141E+38 1.70141E+38 1.70141E+38 1.70141E+38 1.70141E+38 1.70141E+38 1.70141E+38 1.70141E+38 1.70141E+38 1.70141E+38 1.70141E+38 1.70141E+38 1.70141E+38 1.70141E+38 1.70141E+38 1.70141E+38 1.70141E+38 1.70141E+38 1.70141E+38 1.70141E+38 1.70141E+38 1.70141E+38 1.70141E+38 1.70141E+38 1.70141E+38 1.70141E+38 1.70141E+38 1.70141E+38 1.70141E+38 1.70141E+38 1.70141E+38 1.70141E+38 1.70141E+38 1.70141E+38 1.70141E+38 1.70141E+38 1.70141E+38 1.70141E+38 1.70141E+38
