py_wake/examples/data/AJ_ParqueFicticio/Ridge area   Sector 4   Height 200m   Weibull-A.grd
DSAA
90  129
 262878   265103
 6504214   6507414
 .4437379   10.92024
[rows 27 to 53 of 129, columns 0 to 61 of 90]
2.932692 2.954862 3.004213 3.054706 3.102088 3.148687 3.187966 3.214332 3.233643 3.237215 3.215766 3.176855 3.137234 3.108764 3.106705 3.128972 3.17219 3.231555 3.293648 3.367655 3.517268 3.706089 3.905831 4.135202 4.374097 4.651592 4.970429 5.341073 5.752184 6.135188 6.494536 6.830138 7.152495 7.457262 7.720947 7.996027 8.28107 8.621362 9.00555 9.346126 9.620365 9.886419 10.11115 10.25676 10.28973 10.21823 10.05166 9.756881 9.366062 8.892663 8.30197 7.68124 7.097631 6.482454 5.84024 5.306066 4.872049 4.459323 4.073981 3.695473 3.299755 2.844824
2.806374 2.834544 2.886262 2.940197 2.998173 3.062095 3.12069 3.173664 3.216424 3.231579 3.21409 3.175059 3.118189 3.05887 3.011382 2.988356 2.99219 3.015288 3.049373 3.097683 3.200744 3.334678 3.483376 3.679394 3.885361 4.129704 4.442712 4.811951 5.243395 5.684086 6.08964 6.467159 6.840983 7.187118 7.493969 7.791867 8.124507 8.466902 8.849977 9.209047 9.530496 9.85017 10.12543 10.28134 10.29596 10.19883 10.00609 9.681421 9.247183 8.744005 8.128245 7.474533 6.866251 6.225547 5.58971 5.13695 4.708284 4.275452 3.886829 3.526415 3.150671 2.739406
2.68262 2.71561 2.765575 2.815919 2.877295 2.950597 3.023236 3.098379 3.169757 3.209795 3.196269 3.139777 3.073636 3.00744 2.940913 2.888314 2.855978 2.84341 2.838911 2.855796 2.917477 2.993567 3.081142 3.223457 3.387427 3.572395 3.861842 4.236158 4.682972 5.150051 5.59363 6.021327 6.438141 6.843505 7.234373 7.586698 7.933592 8.284145 8.668687 9.049213 9.416832 9.792745 10.12229 10.29219 10.29657 10.17805 9.948098 9.592009 9.122231 8.585118 7.937447 7.253872 6.622685 5.960587 5.397264 4.963677 4.539793 4.093255 3.695145 3.355977 3.011423 2.631721
2.559511 2.594831 2.641148 2.687764 2.748399 2.819211 2.892241 2.974675 3.065397 3.133219 3.121975 3.06359 2.994781 2.935213 2.877821 2.818948 2.769659 2.730079 2.692619 2.681536 2.724436 2.752951 2.791602 2.898336 3.018932 3.148188 3.412048 3.786899 4.211066 4.662083 5.11718 5.563292 6.006222 6.489293 6.950924 7.347748 7.712286 8.080891 8.478278 8.883116 9.295355 9.729386 10.10052 10.27869 10.28804 10.15664 9.882916 9.49134 8.984953 8.408617 7.736483 7.039551 6.397037 5.737223 5.210558 4.774603 4.381279 3.946053 3.526476 3.207092 2.888741 2.529813
2.429903 2.46179 2.502443 2.540764 2.59642 2.663628 2.733066 2.808421 2.891531 2.956481 2.958159 2.927271 2.882491 2.834796 2.789017 2.742289 2.693156 2.650198 2.623102 2.626735 2.652416 2.674293 2.718098 2.81748 2.922537 3.056781 3.299625 3.627374 3.975822 4.358228 4.826606 5.293681 5.753524 6.233445 6.69552 7.11778 7.504072 7.890776 8.303776 8.731063 9.179612 9.652589 10.03518 10.22879 10.25676 10.1284 9.824639 9.389508 8.851842 8.249211 7.572803 6.867054 6.213105 5.616313 5.076625 4.623753 4.279216 3.904633 3.48253 3.121664 2.808595 2.463776
2.308406 2.334435 2.36793 2.398573 2.446262 2.503956 2.56312 2.623985 2.688636 2.740792 2.753422 2.744827 2.727101 2.702181 2.671585 2.634248 2.594859 2.582392 2.601925 2.626977 2.654173 2.703371 2.775579 2.873442 2.994392 3.153275 3.375714 3.653424 3.937081 4.262078 4.708482 5.159337 5.616347 6.053726 6.480534 6.901158 7.307032 7.712868 8.140423 8.583377 9.060236 9.555359 9.934162 10.15036 10.19663 10.07594 9.773229 9.303072 8.743102 8.118505 7.441896 6.736201 6.076415 5.531246 4.985093 4.49412 4.176347 3.865047 3.48191 3.093776 2.748696 2.409112
2.194538 2.21436 2.240402 2.262953 2.303031 2.351804 2.400453 2.44597 2.490935 2.530389 2.553106 2.562954 2.564693 2.556014 2.535602 2.506246 2.483124 2.517402 2.590149 2.646638 2.702221 2.774301 2.865581 2.982484 3.117757 3.282348 3.51043 3.782943 4.035644 4.327772 4.740148 5.126784 5.545933 5.942697 6.326998 6.737111 7.148006 7.558516 7.98877 8.436326 8.934907 9.442273 9.814401 10.05665 10.12092 10.00632 9.723784 9.243185 8.657681 8.021292 7.363014 6.676625 6.008188 5.477674 4.960862 4.465971 4.113313 3.814193 3.46632 3.084902 2.713735 2.356047
2.089256 2.104002 2.123599 2.13958 2.176105 2.219176 2.260138 2.298806 2.332867 2.362455 2.391138 2.415214 2.431252 2.43245 2.41546 2.388272 2.391401 2.465278 2.56873 2.670149 2.756107 2.848449 2.971789 3.111498 3.26045 3.451654 3.70755 4.005756 4.310741 4.593707 4.9594 5.324985 5.691277 6.025905 6.37515 6.750116 7.106742 7.496501 7.900744 8.330058 8.833076 9.32982 9.692056 9.955233 10.04107 9.937162 9.682064 9.21666 8.635858 8.017687 7.371534 6.703838 6.015227 5.469886 4.98833 4.53547 4.127157 3.77402 3.432595 3.052316 2.671564 2.312472
2.002751 2.01049 2.019433 2.026911 2.064577 2.108124 2.149897 2.189624 2.22408 2.255538 2.288684 2.319243 2.345509 2.354512 2.344197 2.328458 2.358849 2.445823 2.555801 2.671067 2.788619 2.924898 3.084608 3.261384 3.460292 3.709798 4.004502 4.35795 4.717183 5.016076 5.332199 5.704966 6.026103 6.320279 6.633476 6.930274 7.23278 7.566055 7.917388 8.301079 8.772163 9.238015 9.588322 9.862802 9.974757 9.895411 9.657206 9.228518 8.667755 8.079948 7.475026 6.829468 6.147399 5.570264 5.077714 4.600381 4.16186 3.772484 3.403198 3.014165 2.612022 2.24814
1.935943 1.927881 1.922246 1.918563 1.961066 2.009066 2.056183 2.100558 2.141823 2.182262 2.222009 2.261945 2.303409 2.323808 2.327879 2.341778 2.383587 2.46271 2.572291 2.691929 2.831791 3.006425 3.199785 3.437748 3.709635 4.015116 4.371055 4.774502 5.169262 5.484956 5.755132 6.078817 6.384778 6.66172 6.932615 7.186408 7.436255 7.7072 7.997491 8.338462 8.756797 9.178761 9.516098 9.796175 9.939549 9.891354 9.654413 9.250575 8.75165 8.20606 7.653128 7.040721 6.365215 5.727385 5.205689 4.699634 4.211275 3.783927 3.389004 2.978323 2.564616 2.16659
1.884483 1.852033 1.828332 1.814064 1.861832 1.915623 1.969037 2.019474 2.070741 2.125562 2.177771 2.237418 2.300504 2.338153 2.366734 2.401624 2.449837 2.525805 2.6299 2.753584 2.926957 3.12206 3.355022 3.639526 3.969484 4.329527 4.721068 5.156052 5.592945 5.919638 6.171671 6.401433 6.705719 6.979251 7.217669 7.441554 7.658203 7.873218 8.101317 8.395782 8.77579 9.168092 9.497385 9.769248 9.936928 9.922164 9.681944 9.302039 8.855254 8.364212 7.835743 7.283925 6.626629 5.916845 5.359947 4.831843 4.311464 3.820987 3.376962 2.953457 2.529628 2.114298
1.853617 1.781041 1.735241 1.715555 1.764807 1.820466 1.8795 1.93816 1.998768 2.070666 2.144406 2.237074 2.328976 2.399657 2.444147 2.491131 2.560581 2.660729 2.76165 2.902498 3.096516 3.315582 3.565471 3.866189 4.218994 4.60647 5.017768 5.456362 5.895767 6.247337 6.516468 6.751966 6.978719 7.235633 7.462972 7.67094 7.857038 8.030351 8.22621 8.493272 8.8417 9.215338 9.534293 9.786671 9.955443 9.950221 9.733762 9.387147 8.968039 8.518832 8.026431 7.498193 6.868484 6.105474 5.503487 4.953188 4.407034 3.850563 3.367216 2.935534 2.500118 2.08587
1.825442 1.71964 1.648486 1.627206 1.664043 1.7156 1.780001 1.84988 1.927313 2.015218 2.111319 2.233398 2.356421 2.460191 2.539394 2.615215 2.723216 2.845319 2.987376 3.145936 3.329322 3.542009 3.794093 4.10629 4.453621 4.836478 5.250497 5.677188 6.100427 6.472815 6.770002 7.021842 7.237628 7.432395 7.658475 7.854858 8.031293 8.188982 8.366785 8.616419 8.939518 9.29108 9.584033 9.814395 9.972145 9.966146 9.779 9.48343 9.099325 8.656095 8.196251 7.686818 7.04774 6.247902 5.608409 5.020919 4.438328 3.869437 3.362165 2.903945 2.459757 1.993487
1.801948 1.671734 1.577033 1.542276 1.55285 1.59213 1.657694 1.735515 1.828753 1.93837 2.065478 2.21954 2.373633 2.505476 2.62983 2.767192 2.898915 3.053874 3.235017 3.401048 3.568452 3.75294 3.999025 4.317316 4.668213 5.049258 5.444782 5.852781 6.276153 6.648941 6.964698 7.23549 7.468499 7.641086 7.805628 8.003128 8.168858 8.32056 8.493523 8.727346 9.029479 9.357229 9.628787 9.842715 9.994104 9.994324 9.833081 9.55975 9.198951 8.770979 8.327151 7.846272 7.185081 6.329645 5.672048 5.066684 4.447385 3.853851 3.348633 2.877824 2.418217 1.939517
1.795873 1.641757 1.519606 1.448797 1.427505 1.448424 1.510316 1.591213 1.697678 1.828202 1.985333 2.170485 2.354327 2.528083 2.701185 2.878493 3.057236 3.234823 3.439772 3.613746 3.754781 3.935646 4.174375 4.495169 4.838101 5.222906 5.605235 6.007943 6.414214 6.794899 7.106323 7.388793 7.628926 7.798242 7.960698 8.135015 8.284249 8.417197 8.581256 8.804861 9.096999 9.425958 9.691616 9.883116 10.01965 10.03121 9.897522 9.626506 9.274322 8.868504 8.420471 7.923482 7.273692 6.405978 5.70999 5.080107 4.439514 3.822402 3.307247 2.847375 2.398017 1.942628
1.814646 1.631279 1.470555 1.352729 1.298436 1.300228 1.352149 1.431481 1.542979 1.683318 1.862057 2.072905 2.284425 2.489898 2.695431 2.90665 3.122094 3.340125 3.552926 3.738117 3.91517 4.086384 4.304285 4.601454 4.937983 5.302559 5.672315 6.066821 6.476476 6.860477 7.160791 7.455054 7.677746 7.860135 8.044804 8.233629 8.363091 8.458339 8.61576 8.846003 9.154657 9.468993 9.719364 9.90097 10.03919 10.05574 9.93441 9.701017 9.352287 8.938762 8.465257 7.929637 7.293813 6.453329 5.726212 5.070721 4.42911 3.796899 3.268177 2.826739 2.372234 2.03282
1.854534 1.640335 1.445373 1.289027 1.193249 1.171822 1.206132 1.270054 1.377731 1.520362 1.707551 1.931671 2.160229 2.392211 2.62121 2.848925 3.080227 3.325799 3.580597 3.817049 4.016571 4.187736 4.392971 4.653933 4.958699 5.298858 5.64435 6.027519 6.451231 6.826848 7.129274 7.422149 7.640144 7.849294 8.057683 8.237346 8.383289 8.512661 8.663911 8.879538 9.168543 9.461899 9.724257 9.918951 10.06317 10.08303 9.963277 9.741625 9.415432 8.983068 8.481323 7.913806 7.259741 6.449563 5.718782 5.053951 4.424283 3.816555 3.279415 2.852051 2.492991 2.317133
1.950844 1.702279 1.470827 1.281329 1.148901 1.085442 1.085274 1.119253 1.212453 1.350175 1.531624 1.750945 1.98692 2.233979 2.483667 2.733077 2.966584 3.216175 3.500132 3.797099 4.033667 4.241209 4.45487 4.677213 4.95002 5.251439 5.558195 5.934502 6.381714 6.758574 7.054059 7.336052 7.557659 7.784511 8.006024 8.18735 8.355515 8.532207 8.714767 8.902195 9.145632 9.445823 9.731995 9.942631 10.09431 10.1126 9.987435 9.766925 9.455625 9.021671 8.499135 7.905281 7.22504 6.446924 5.723478 5.04739 4.420261 3.843568 3.361274 2.989488 2.755447 2.755674
2.113693 1.837402 1.572792 1.3452 1.175 1.060608 1.005999 1.00199 1.067604 1.183656 1.346633 1.551202 1.774716 2.017763 2.271718 2.532416 2.760643 2.991199 3.274933 3.589772 3.847313 4.092311 4.351181 4.563725 4.814731 5.090085 5.37518 5.747335 6.224849 6.626459 6.910579 7.187398 7.424387 7.664528 7.900018 8.089848 8.275132 8.488273 8.703063 8.902283 9.125953 9.43506 9.754838 9.975353 10.12115 10.14362 10.02111 9.794616 9.479408 9.061366 8.521946 7.913239 7.214697 6.456576 5.737779 5.048089 4.423475 3.882195 3.469161 3.190832 3.119768 3.349691
2.333533 2.024947 1.720392 1.453816 1.245847 1.077319 .967706 .9232574 .9544948 1.033878 1.152706 1.31381 1.497128 1.703117 1.935078 2.176014 2.389189 2.601075 2.851128 3.119677 3.369065 3.617243 3.859657 4.074464 4.322393 4.633972 4.960074 5.335953 5.816415 6.285953 6.628323 6.934499 7.212276 7.472285 7.728391 7.94162 8.138111 8.374124 8.613689 8.834741 9.085811 9.407471 9.747078 9.972215 10.1195 10.15001 10.05966 9.847637 9.525181 9.104754 8.561365 7.946716 7.23705 6.489359 5.783659 5.099078 4.510411 3.979201 3.583902 3.412109 3.541194 3.906521
2.590156 2.264741 1.927161 1.619702 1.363606 1.151688 .9949761 .9046124 .8903223 .916976 .9839985 1.082774 1.196841 1.356156 1.536578 1.722104 1.903402 2.084655 2.294172 2.516276 2.725433 2.93726 3.143538 3.340503 3.585875 3.904907 4.27385 4.680672 5.168861 5.695121 6.150328 6.532365 6.888823 7.197391 7.478233 7.731387 7.957971 8.213334 8.482325 8.730865 9.007394 9.352936 9.701236 9.945758 10.11845 10.15773 10.092 9.925748 9.612967 9.177327 8.627091 8.002951 7.302578 6.57194 5.889619 5.245561 4.678737 4.172869 3.797076 3.752134 4.045798 4.501894
2.876483 2.549778 2.200166 1.86023 1.556111 1.303416 1.107174 .9667323 .8845225 .8474532 .8589407 .9150186 .9645731 1.04182 1.161797 1.301148 1.432261 1.57803 1.748914 1.925923 2.088936 2.25174 2.413964 2.570236 2.754564 3.095646 3.511498 3.959697 4.439382 4.939367 5.471936 5.984427 6.430972 6.826401 7.16419 7.46828 7.745252 8.026439 8.330961 8.620229 8.919991 9.294961 9.652781 9.917083 10.1174 10.18343 10.13463 10.00307 9.732144 9.279872 8.715448 8.080727 7.395821 6.680757 6.022561 5.425917 4.877639 4.412695 4.142476 4.183735 4.559522 5.045925
3.185936 2.866698 2.50742 2.134295 1.798677 1.510087 1.274262 1.082546 .9358491 .8398429 .7889845 .7942097 .8045966 .8308539 .8911437 .9478183 1.039741 1.138799 1.259533 1.396514 1.527437 1.643266 1.756321 1.890057 2.100174 2.358008 2.717119 3.137199 3.611008 4.1392 4.691422 5.246585 5.799082 6.324425 6.769799 7.141285 7.484207 7.81767 8.163635 8.499931 8.822662 9.229656 9.604038 9.8934 10.12583 10.23096 10.19948 10.06834 9.840476 9.397213 8.817867 8.170581 7.496113 6.796712 6.143265 5.581888 5.10938 4.708127 4.483614 4.585191 5.005943 5.484003
3.5024 3.194514 2.829173 2.441495 2.076298 1.743872 1.464008 1.228133 1.041628 .9101372 .8261155 .7675208 .7218025 .7225693 .7347858 .7326626 .7524372 .7995776 .8642876 .9576781 1.06216 1.154534 1.29717 1.442708 1.586775 1.755263 2.016207 2.359019 2.79288 3.289726 3.808361 4.394259 5.020895 5.6625 6.239941 6.715693 7.150326 7.573861 7.974888 8.364611 8.730098 9.158419 9.555971 9.876144 10.14709 10.29457 10.28041 10.13486 9.909733 9.506465 8.925846 8.272417 7.60673 6.917765 6.272612 5.745343 5.360329 5.041642 4.882407 5.013888 5.435728 5.968667
3.812343 3.53247 3.178546 2.780258 2.384843 2.020011 1.704834 1.431958 1.213509 1.050666 .9384878 .8587991 .7945287 .727297 .6647134 .609859 .5783546 .5776765 .5881751 .6295077 .7062174 .8534988 .982928 1.101858 1.218563 1.338337 1.493227 1.763052 2.073747 2.457398 2.941046 3.500222 4.177096 4.888258 5.559464 6.147195 6.741706 7.282332 7.761853 8.212853 8.633102 9.083029 9.507908 9.86311 10.17896 10.36718 10.35936 10.19643 9.960898 9.592942 9.039495 8.385733 7.732735 7.067322 6.451608 5.952792 5.610267 5.370457 5.292238 5.486079 5.910194 6.400623
4.104306 3.85381 3.530662 3.140057 2.717337 2.325528 1.969311 1.669695 1.421653 1.226699 1.095436 1.013933 .9403835 .8388212 .7191099 .6050597 .5243722 .485808 .4558839 .4437379 .5000231 .6299854 .7644178 .8863547 .9922823 1.074122 1.161659 1.340997 1.545587 1.806495 2.210469 2.699639 3.356735 4.139115 4.883964 5.586906 6.314286 6.971437 7.540608 8.061704 8.538012 9.0145 9.462793 9.854009 10.21579 10.43449 10.42671 10.25479 10.00861 9.657065 9.14569 8.505379 7.876206 7.241363 6.653887 6.235697 5.945454 5.76329 5.725623 5.944907 6.359067 6.807782
4.378337 4.146142 3.846543 3.470012 3.052017 2.640449 2.259943 1.951077 1.680292 1.461817 1.327724 1.244147 1.157458 1.022305 .8630646 .7048184 .5970585 .5341942 .4815866 .4466445 .4608042 .534685 .6568523 .7997831 .922995 1.001741 1.078552 1.266844 1.442999 1.633311 1.987213 2.409161 2.999935 3.753643 4.52369 5.283002 6.038922 6.730462 7.376719 7.972041 8.495141 8.988768 9.443872 9.858776 10.2517 10.47756 10.47517 10.31327 10.06117 9.713271 9.244678 8.655034 8.055358 7.464289 6.926776 6.550971 6.345031 6.235287 6.230597 6.436232 6.782718 7.146058
