py_wake/examples/data/AJ_ParqueFicticio/Ridge area   Sector 2   Height 30m   Orographic speed.grd
DSAA
90  129
 262878   265103
 6504214   6507414
 .1020413   1.492522
[rows 27 to 53 of 129, columns 0 to 61 of 90]
.5101259 .5171345 .5269005 .5365353 .5457171 .5551715 .5640436 .5713286 .5771509 .5799015 .5776932 .5706068 .5598184 .5470501 .5351838 .5252123 .5178584 .5132139 .510029 .5089436 .5158486 .5266065 .5380235 .5523325 .5680618 .5883172 .6136817 .6450931 .6816327 .7171651 .7516434 .7848986 .8170038 .8478541 .8736274 .8992435 .923876 .9462278 .9704354 .9895388 1.000814 1.01225 1.023962 1.032625 1.032531 1.022392 1.002746 .9679371 .9200252 .8593287 .7854002 .7085617 .6366534 .567018 .5041621 .4526097 .4162929 .3948515 .3819779 .3696218 .3549966 .3363722
.5042606 .5130989 .5239221 .5343087 .5448809 .5564036 .5675403 .5779631 .5867027 .5914536 .5907168 .5843481 .571981 .5560149 .5392194 .5242027 .5123159 .5036483 .4974596 .493838 .4962927 .5016742 .5078777 .5183638 .5298052 .5453454 .5683438 .5976717 .633795 .6719902 .7079683 .7425206 .7777484 .8114297 .8417314 .8702433 .8979569 .9227841 .9492791 .9722721 .9894475 1.006338 1.022304 1.030778 1.026563 1.012611 .9898015 .9512833 .8986388 .8356569 .7592393 .6799381 .6069147 .5373268 .4752537 .4255808 .3871173 .3651712 .3564151 .3479212 .3359323 .3211445
.4979928 .5089315 .5206292 .5312291 .5425433 .5554324 .5684897 .5819407 .5944895 .602798 .6029959 .5949482 .5820119 .565771 .5473073 .5291636 .5130976 .5001141 .4892613 .4819919 .4802026 .4796682 .4795487 .4844175 .4910912 .5000149 .5200436 .549235 .5857469 .6242163 .6608036 .6968274 .7329025 .7698422 .8051611 .8366227 .8675402 .8964069 .9262254 .9542099 .978054 1.001936 1.023994 1.033939 1.026631 1.008122 .9801124 .9376732 .8809552 .8145599 .7348897 .6534693 .5800536 .5112448 .4500011 .4014059 .3604594 .339853 .3354007 .3303635 .3213276 .3083866
.4901851 .503229 .5159502 .5271048 .538973 .5519398 .5654578 .5803216 .5957708 .6075981 .6080952 .6003833 .5883029 .5741414 .5577466 .5393971 .5212148 .5043278 .4888717 .4779504 .4740433 .4681611 .4626619 .4637599 .4653694 .4677704 .4849883 .5142884 .5486284 .5851095 .6214952 .6554079 .688186 .7273566 .7675478 .8030891 .8365272 .8698013 .9045417 .9384099 .9699931 1.002785 1.03088 1.041342 1.033761 1.01147 .9759969 .9288756 .8672831 .7965747 .7150345 .633417 .5606676 .4921965 .429599 .3802711 .340371 .3222816 .3204518 .3187521 .3121247 .2998416
.4782468 .4928974 .5067896 .518362 .5306416 .5437806 .557123 .5711401 .5857263 .5972715 .5999859 .5969767 .5897509 .5790278 .5656596 .5496719 .5315542 .5138649 .4992849 .4898647 .4835546 .4766237 .4713919 .4710446 .4696758 .4708369 .4840983 .5072405 .533549 .5635951 .5965371 .6299219 .6640429 .701915 .7402866 .7769207 .8120088 .8480222 .886589 .9252811 .9629424 1.001848 1.032019 1.043612 1.038293 1.016431 .9756698 .9237469 .8595122 .7872173 .7067459 .6250144 .5519723 .4838094 .4182059 .3661639 .3295948 .3109315 .3140328 .3131808 .3087547 .2975387
.4646668 .480844 .4960586 .5084466 .5209926 .5336222 .5457383 .5576475 .5696833 .5797498 .5847298 .5860976 .5844041 .5788435 .5693485 .5558461 .5394969 .5257499 .5168921 .5095924 .503016 .4990256 .496574 .4951182 .4940128 .4955348 .5038299 .5191805 .5370927 .5589839 .5875963 .6197001 .6539298 .6874285 .7210572 .7558771 .7915929 .8294066 .8706422 .9123703 .9545268 .9969106 1.026562 1.040232 1.037848 1.018174 .9789755 .9238887 .8595698 .7866704 .7076109 .6264166 .5524167 .4834866 .4141915 .3564157 .3207747 .2970192 .3067528 .3094091 .306264 .2968831
.4493609 .4673348 .4842249 .4977812 .5110837 .5236597 .5348583 .5447297 .5541072 .562782 .569842 .574852 .5773483 .5758266 .5694678 .5584655 .5451955 .538356 .5364336 .5327014 .5291595 .5273953 .5267375 .5269611 .5262034 .526129 .5322489 .5439333 .5556401 .5725492 .5947945 .6192665 .6499142 .6797104 .7089358 .7422855 .7777289 .8154128 .8571545 .9003144 .9464267 .9916013 1.020684 1.036074 1.036595 1.018661 .9846581 .9305283 .8660027 .7949632 .7202464 .6415272 .5651361 .4923394 .4215015 .3593297 .3178079 .2882953 .2931856 .3020953 .3022754 .2947304
.4325167 .4528791 .4720482 .4874538 .5027283 .5163266 .5276166 .5373138 .5456677 .5533386 .5615923 .5690652 .5742852 .5750929 .5702863 .5607772 .5527161 .5524341 .5547858 .5564169 .5560979 .5564584 .5595511 .5621966 .5623159 .5638936 .570861 .5823756 .5967925 .6116379 .6267447 .6458167 .6697083 .6930553 .71966 .7508098 .7808536 .8169233 .8559571 .8975444 .9455063 .9902473 1.018096 1.034942 1.038429 1.022913 .9946913 .9458781 .8856384 .8202588 .7484401 .6720758 .5920451 .5137965 .441693 .3778286 .3251006 .2852988 .2723719 .2861615 .2915781 .2889274
.4170422 .439639 .4604718 .4777011 .496342 .5127323 .5262809 .5376692 .5469804 .5553618 .5639897 .5718509 .5782072 .5802872 .5769779 .570257 .5673688 .5695614 .5729228 .5760462 .5794143 .5851198 .5925909 .599763 .6058697 .6137047 .6236281 .6392632 .6573955 .6717803 .6861156 .7028129 .7196948 .7376783 .7614067 .7851313 .8109809 .8418425 .8752423 .9110725 .955247 .996239 1.022162 1.039921 1.046302 1.035023 1.010738 .9699661 .9142537 .8554685 .7915464 .7190475 .6388462 .5565483 .4766807 .4016353 .3380487 .287816 .2514388 .2628474 .2722287 .2748806
.4042449 .4271217 .4486053 .4671873 .4901832 .5104954 .5274242 .5413586 .5527437 .5627874 .5718391 .5802298 .5881799 .5916271 .5907091 .5890183 .5882019 .5895992 .5929465 .5963362 .6021945 .6122482 .623762 .6385405 .6537395 .668493 .6855237 .7061964 .7274813 .7433283 .7568318 .7697961 .7835508 .798728 .8178011 .8372424 .8579323 .8818883 .9076274 .937615 .9742859 1.009314 1.033811 1.052737 1.063344 1.056697 1.033574 .9967586 .9508737 .8990123 .8434806 .7762817 .6968143 .610081 .521115 .4337633 .3550704 .292997 .2438506 .2347074 .2477027 .2533672
.3941223 .4150798 .4361219 .4560566 .4836801 .5082611 .5288126 .5455918 .559573 .5720821 .5826252 .5933042 .6036671 .609186 .6115841 .6124536 .6121573 .6131213 .615716 .6196189 .6292658 .6413382 .6573168 .6777605 .7004736 .7228573 .7454405 .7707081 .7971109 .8145173 .8264007 .8379777 .8504311 .8645666 .8784301 .8940029 .9104802 .9270036 .9436782 .9668613 .9987457 1.030564 1.055362 1.074946 1.088861 1.087737 1.064111 1.029448 .9903826 .9455399 .8937878 .8353552 .7586127 .6670966 .5699411 .4716425 .3790174 .3007267 .2383239 .2049354 .2199728 .229439
.3885855 .4039891 .4234685 .4456894 .4769652 .5046327 .5283549 .5482006 .5648922 .580705 .5946092 .609865 .6236712 .6328692 .6364669 .6380678 .6402171 .6438525 .6460808 .6523476 .6641068 .6784639 .6960282 .7186624 .7451217 .7726464 .7998005 .8275353 .8552375 .8762091 .890735 .9038129 .9153848 .9270095 .9380719 .9501911 .9612296 .9717274 .9842095 1.003744 1.031556 1.061557 1.086482 1.104939 1.118426 1.118775 1.098498 1.067151 1.031471 .9920303 .9447568 .8890906 .8158214 .7209573 .6148013 .5063533 .4000811 .3044051 .2309442 .1802572 .1907361 .2050448
.385052 .3960506 .4134068 .4387559 .4706805 .4999869 .5267722 .5501779 .5706854 .5894192 .6067254 .6258884 .6433353 .6560677 .6634654 .6683486 .6749179 .6808565 .6881501 .6965804 .7071541 .7208571 .7388926 .763395 .7907407 .8199764 .8497018 .8782598 .9055446 .929487 .9476894 .9629263 .9766147 .9868897 .9964042 1.004744 1.013386 1.020895 1.030091 1.046324 1.069604 1.095896 1.117077 1.133006 1.144537 1.144494 1.129203 1.106316 1.075665 1.037252 .9943528 .9407594 .8660898 .766938 .6532971 .5324348 .411248 .3046722 .2216619 .1631095 .1621315 .1813238
.3854417 .3934477 .4088941 .4346773 .4643552 .4937181 .5228329 .5492318 .5735393 .5963801 .6185691 .6419847 .6628783 .6786453 .6915924 .7038813 .7130176 .7226793 .7342162 .7435836 .7528452 .7646196 .7832386 .8094997 .8386142 .8692836 .8989492 .9275224 .9559838 .9808834 1.001397 1.018604 1.033783 1.042862 1.050485 1.056837 1.062151 1.067668 1.074547 1.086694 1.105033 1.126398 1.14475 1.159584 1.17093 1.171962 1.16058 1.141127 1.114314 1.078965 1.039428 .9906936 .9133345 .8069158 .6878404 .5573854 .4201988 .3000685 .2106361 .1483974 .1370566 .1619074
.3926764 .3969024 .408835 .4298082 .4563451 .4852925 .5166041 .545737 .5738004 .6008925 .6278624 .6554175 .6798603 .7008641 .719848 .7370095 .751564 .7636576 .7772734 .7872626 .7950161 .8079304 .8273621 .8549126 .8844687 .9163364 .9457423 .9746244 1.002293 1.028488 1.04802 1.065875 1.080122 1.087154 1.093535 1.102265 1.106831 1.107455 1.110796 1.119668 1.135321 1.156174 1.173057 1.184574 1.193847 1.196264 1.188575 1.169981 1.146134 1.116 1.078034 1.029302 .9554562 .8474061 .7224057 .5825788 .4309413 .2957503 .1973998 .1344587 .115994 .1440661
.4058995 .4037411 .408402 .4218017 .4454007 .4750189 .5085294 .5400161 .5712676 .6017306 .6332029 .6648821 .6928286 .7176436 .740542 .7618659 .7806527 .7967818 .8107771 .8223035 .8339723 .8463554 .864408 .8900287 .9191397 .9495155 .9783437 1.006791 1.035093 1.060867 1.078655 1.096179 1.106804 1.114068 1.122136 1.130612 1.132944 1.131894 1.134845 1.143465 1.159487 1.176176 1.189007 1.198748 1.208272 1.211784 1.206416 1.19348 1.171447 1.143256 1.105535 1.055968 .9878707 .8849341 .7564171 .609288 .4472645 .2968334 .1875887 .123108 .1056442 .1270849
.4217035 .4119811 .4096 .4164501 .4345518 .4638709 .4978267 .5300424 .5641897 .598354 .6338468 .6692762 .7005093 .7290073 .7549309 .7786179 .7996818 .8189841 .8371362 .8530362 .8656998 .8769165 .8927414 .9140813 .9395105 .9670417 .9931743 1.020153 1.049288 1.074113 1.091896 1.108262 1.118085 1.127305 1.136934 1.143368 1.146535 1.14872 1.153681 1.162719 1.174507 1.186783 1.199061 1.209293 1.21897 1.222779 1.218119 1.207287 1.189113 1.161551 1.124969 1.076848 1.012003 .9159366 .7901079 .6413038 .4724376 .3107633 .1882334 .118498 .1020413 .1137924
.4474353 .4287297 .4180036 .4187375 .4313029 .4544345 .4836183 .5142565 .5505468 .58864 .6276751 .6662984 .7014267 .7336951 .7633209 .7902861 .8122693 .8324402 .8534543 .8741108 .8886287 .9012599 .9156935 .9317109 .9523224 .9751032 .9974377 1.023452 1.053674 1.078055 1.094777 1.109314 1.119269 1.12988 1.140304 1.146958 1.152408 1.159182 1.166901 1.174412 1.183411 1.195138 1.208519 1.219951 1.229895 1.23262 1.226646 1.215928 1.199919 1.174434 1.140233 1.09529 1.034508 .9474285 .8279815 .679607 .5046939 .3330215 .2027305 .127938 .1057693 .1105363
.4849663 .458381 .4391728 .4317892 .4350783 .4463089 .4671786 .4947622 .5315358 .5720596 .6145272 .6569182 .6948612 .7296501 .7617989 .7910998 .8131452 .8321102 .8535877 .8753409 .8905985 .9045443 .9198427 .9321824 .9482203 .9671152 .9871626 1.012674 1.044109 1.068665 1.083273 1.096693 1.108077 1.120254 1.132542 1.141017 1.148598 1.158803 1.169336 1.178015 1.188184 1.202218 1.218411 1.229931 1.237808 1.239337 1.232444 1.220785 1.205686 1.183835 1.152096 1.111722 1.056703 .9787404 .8676824 .7221987 .5449143 .3661776 .2288897 .1496181 .1243273 .1321566
.5301397 .493816 .4634628 .4448164 .4367575 .4365669 .4476433 .4710819 .5070772 .5474607 .5895543 .63248 .6712282 .7067299 .7405117 .7702151 .7921514 .8100185 .8283409 .8452879 .8587673 .8714141 .8831818 .8933305 .9070653 .9266693 .9487661 .9739054 1.004492 1.032644 1.051345 1.067022 1.08214 1.09657 1.111201 1.122511 1.132155 1.145015 1.158285 1.169537 1.182995 1.200365 1.217904 1.228941 1.236285 1.238435 1.234403 1.223972 1.209871 1.190475 1.162123 1.126561 1.077784 1.009129 .910684 .7759039 .608044 .4221363 .2704978 .18617 .1654555 .1856624
.5785476 .5367715 .4969633 .4651025 .4441045 .4334684 .4347723 .4506298 .4814761 .5169349 .5551457 .5955207 .6324564 .6686344 .7012641 .7283588 .7496014 .7660944 .7815158 .7945778 .8038445 .81201 .8191339 .8265643 .8394892 .8592456 .8833489 .9098205 .9404326 .9722259 .9989832 1.020355 1.041712 1.060388 1.07746 1.093174 1.106436 1.121696 1.138301 1.153006 1.169433 1.189669 1.208606 1.221618 1.231514 1.234857 1.233748 1.227976 1.215895 1.197881 1.172091 1.139911 1.098236 1.040416 .9583415 .8446257 .6923316 .5105155 .3486157 .2637669 .2576028 .3075799
.6304618 .5880111 .5446917 .5034546 .4691361 .4476746 .4393913 .443752 .4604367 .4855446 .5173674 .5541546 .5882317 .6227621 .6565149 .6836956 .7027528 .7183958 .7320576 .7418471 .7470989 .7502336 .7527456 .755518 .7623165 .780667 .8071674 .836704 .8680184 .900501 .9335319 .9638732 .9905102 1.015455 1.037161 1.057771 1.076885 1.095707 1.116751 1.136194 1.155149 1.177722 1.198117 1.212934 1.225529 1.232092 1.23358 1.232018 1.223838 1.206021 1.181582 1.151669 1.115817 1.06768 1.001561 .9115571 .780831 .6179833 .4731539 .3974933 .4173324 .5020944
.684911 .6445336 .5991261 .5502263 .5073496 .4756571 .4563839 .4468865 .4469135 .4592398 .4829293 .5137104 .5438626 .5765228 .611671 .6378996 .6578941 .6716612 .6823447 .6903607 .6934841 .6922285 .6899905 .6891989 .6921394 .7031121 .7269704 .7567757 .7892631 .8252354 .8618256 .8972821 .9303858 .9629664 .9919308 1.01708 1.042453 1.067755 1.094202 1.119311 1.140743 1.165551 1.188032 1.20507 1.220601 1.231384 1.235721 1.235281 1.230761 1.213557 1.189435 1.160731 1.129097 1.089605 1.036055 .9675243 .8711759 .742925 .622119 .5719181 .6257408 .740074
.7381092 .7007112 .655151 .6054998 .5565332 .5125831 .4799975 .4567332 .4445836 .4468948 .4630088 .4864812 .5125749 .5421614 .5731252 .5958409 .6148283 .6266133 .6337036 .6396334 .6425834 .6402704 .6356998 .6348471 .6350911 .6396899 .6569708 .6832793 .7158263 .7516428 .7867419 .8254769 .8658038 .9055551 .9405841 .9706447 1.002299 1.036657 1.069644 1.101486 1.126798 1.1543 1.179695 1.199671 1.218538 1.233584 1.240402 1.239494 1.234701 1.219795 1.195778 1.168099 1.13948 1.107523 1.06623 1.017909 .9572353 .874119 .797851 .7900909 .8711369 .9831282
.7883065 .7577145 .7160252 .6673949 .6142325 .5628346 .5199588 .4844143 .4610348 .4516307 .4573866 .4750306 .4989595 .5209976 .5400887 .5556214 .5698664 .5824091 .5873694 .5908255 .5945424 .5948229 .5925752 .5907618 .591155 .5933726 .6015318 .623328 .6467888 .6757829 .7134631 .7544416 .8016712 .8470333 .8846186 .9181321 .9593207 1.002096 1.042526 1.08094 1.112721 1.144604 1.174055 1.197801 1.220784 1.239831 1.247307 1.244831 1.23881 1.225813 1.202849 1.175538 1.149167 1.123841 1.096167 1.066242 1.034657 .9967474 .9718183 .9940264 1.059969 1.128145
.8330134 .808736 .7746553 .7307659 .675678 .6204355 .5668406 .5221711 .4877089 .465028 .4607011 .4752729 .4964866 .5097049 .5146947 .5172124 .5252271 .5394503 .5455787 .5474015 .5529671 .5581824 .5600383 .5610339 .5613829 .5591437 .5599314 .57222 .5874783 .6086616 .6457484 .6871881 .7385482 .7908114 .8344639 .8742833 .9212461 .9693748 1.015307 1.059463 1.099323 1.137138 1.171392 1.200034 1.228292 1.250633 1.257316 1.25298 1.245114 1.232499 1.211252 1.18427 1.160321 1.139707 1.12197 1.109824 1.099586 1.090099 1.090604 1.119585 1.167161 1.209308
.8736138 .8515201 .8219676 .7823495 .7330237 .6772884 .6196429 .5725694 .5296875 .4966143 .4865014 .495152 .5092409 .5112838 .5049213 .4946735 .4974587 .5109432 .5171629 .5196135 .5286042 .5389429 .5467209 .5529807 .5548165 .5501693 .5466645 .5558702 .5635736 .5756526 .6102098 .6492829 .700834 .7583954 .8092341 .8551332 .9019302 .948809 .9976197 1.04811 1.094312 1.136808 1.174702 1.207879 1.240838 1.263575 1.268886 1.26364 1.253913 1.241069 1.22177 1.197976 1.176907 1.160663 1.148746 1.145867 1.150802 1.158511 1.17093 1.19682 1.22983 1.264431
