py_wake/examples/data/AJ_ParqueFicticio/Ridge area   Sector All   Height 30m   Weibull-k.grd
DSAA
90  129
 262878   265103
 6504214   6507414
 1.111328   2.236328
[rows 54 to 80 of 129, columns 0 to 61 of 90]
1.896484 1.892578 1.884766 1.869141 1.857422 1.849609 1.806641 1.712891 1.611328 1.541016 1.517578 1.509766 1.486328 1.443359 1.388672 1.333984 1.298828 1.287109 1.283203 1.298828 1.333984 1.376953 1.423828 1.466797 1.501953 1.521484 1.533203 1.560547 1.583984 1.607422 1.646484 1.689453 1.736328 1.783203 1.826172 1.865234 1.892578 1.912109 1.927734 1.931641 1.927734 1.923828 1.919922 1.919922 1.916016 1.919922 1.931641 1.943359 1.962891 1.982422 1.998047 2.029297 2.099609 2.181641 2.158203 2.056641 2.001953 1.990234 2.017578 2.068359 2.126953 2.173828
1.904297 1.904297 1.904297 1.892578 1.880859 1.876953 1.873047 1.837891 1.771484 1.720703 1.697266 1.689453 1.662109 1.603516 1.533203 1.462891 1.408203 1.376953 1.361328 1.373047 1.404297 1.447266 1.494141 1.537109 1.580078 1.611328 1.642578 1.669922 1.701172 1.732422 1.759766 1.798828 1.826172 1.853516 1.876953 1.896484 1.919922 1.935547 1.943359 1.943359 1.939453 1.935547 1.927734 1.923828 1.923828 1.927734 1.935547 1.947266 1.966797 1.986328 2.001953 2.025391 2.080078 2.158203 2.185547 2.126953 2.068359 2.048828 2.056641 2.083984 2.119141 2.150391
1.916016 1.916016 1.919922 1.912109 1.904297 1.892578 1.896484 1.900391 1.892578 1.869141 1.857422 1.845703 1.826172 1.775391 1.705078 1.630859 1.564453 1.513672 1.478516 1.470703 1.494141 1.537109 1.580078 1.623047 1.673828 1.712891 1.748047 1.779297 1.806641 1.833984 1.861328 1.884766 1.904297 1.919922 1.931641 1.943359 1.955078 1.958984 1.962891 1.958984 1.955078 1.943359 1.939453 1.931641 1.931641 1.931641 1.939453 1.951172 1.966797 1.986328 2.005859 2.025391 2.064453 2.126953 2.173828 2.158203 2.119141 2.095703 2.091797 2.103516 2.123047 2.142578
1.927734 1.927734 1.931641 1.927734 1.923828 1.912109 1.908203 1.912109 1.919922 1.923828 1.919922 1.908203 1.896484 1.876953 1.841797 1.791016 1.732422 1.673828 1.623047 1.595703 1.615234 1.646484 1.677734 1.716797 1.759766 1.798828 1.833984 1.861328 1.888672 1.912109 1.931641 1.947266 1.958984 1.966797 1.974609 1.978516 1.982422 1.982422 1.978516 1.974609 1.966797 1.955078 1.947266 1.943359 1.939453 1.939453 1.943359 1.955078 1.970703 1.986328 2.005859 2.025391 2.048828 2.095703 2.146484 2.177734 2.166016 2.150391 2.138672 2.142578 2.150391 2.158203
1.935547 1.939453 1.939453 1.939453 1.935547 1.931641 1.923828 1.919922 1.923828 1.927734 1.927734 1.919922 1.912109 1.904297 1.892578 1.873047 1.845703 1.806641 1.763672 1.736328 1.736328 1.748047 1.771484 1.798828 1.830078 1.865234 1.892578 1.919922 1.943359 1.962891 1.978516 1.990234 1.998047 2.001953 2.005859 2.005859 2.005859 2.001953 1.998047 1.990234 1.978516 1.970703 1.958984 1.951172 1.947266 1.947266 1.951172 1.958984 1.970703 1.986328 2.005859 2.021484 2.041016 2.068359 2.111328 2.154297 2.189453 2.201172 2.201172 2.197266 2.189453 2.177734
1.947266 1.947266 1.951172 1.951172 1.951172 1.947266 1.943359 1.939453 1.935547 1.935547 1.935547 1.935547 1.927734 1.923828 1.916016 1.904297 1.888672 1.869141 1.845703 1.830078 1.822266 1.826172 1.841797 1.861328 1.884766 1.912109 1.935547 1.955078 1.974609 1.994141 2.005859 2.017578 2.021484 2.025391 2.025391 2.025391 2.021484 2.017578 2.013672 2.005859 1.994141 1.982422 1.970703 1.962891 1.958984 1.955078 1.958984 1.966797 1.978516 1.990234 2.005859 2.021484 2.037109 2.056641 2.087891 2.123047 2.162109 2.201172 2.224609 2.228516 2.212891 2.185547
1.958984 1.958984 1.962891 1.966797 1.966797 1.966797 1.962891 1.962891 1.958984 1.955078 1.951172 1.951172 1.951172 1.947266 1.939453 1.931641 1.923828 1.912109 1.896484 1.884766 1.880859 1.884766 1.892578 1.908203 1.927734 1.947266 1.966797 1.986328 2.001953 2.017578 2.029297 2.037109 2.041016 2.041016 2.041016 2.041016 2.037109 2.033203 2.025391 2.017578 2.005859 1.994141 1.982422 1.974609 1.970703 1.966797 1.970703 1.974609 1.982422 1.994141 2.005859 2.021484 2.037109 2.056641 2.076172 2.107422 2.138672 2.181641 2.220703 2.236328 2.212891 2.158203
1.974609 1.974609 1.978516 1.978516 1.982422 1.986328 1.986328 1.982422 1.978516 1.978516 1.974609 1.974609 1.974609 1.970703 1.966797 1.962891 1.955078 1.947266 1.935547 1.927734 1.927734 1.927734 1.935547 1.947266 1.962891 1.978516 1.994141 2.009766 2.025391 2.037109 2.044922 2.048828 2.052734 2.052734 2.052734 2.048828 2.048828 2.041016 2.033203 2.025391 2.013672 2.001953 1.990234 1.982422 1.974609 1.970703 1.974609 1.978516 1.982422 1.994141 2.005859 2.021484 2.037109 2.052734 2.072266 2.099609 2.130859 2.173828 2.216797 2.228516 2.177734 2.091797
1.990234 1.990234 1.990234 1.994141 1.998047 2.001953 2.005859 2.001953 2.001953 1.998047 1.994141 1.994141 1.994141 1.994141 1.990234 1.986328 1.982422 1.978516 1.974609 1.970703 1.966797 1.970703 1.978516 1.986328 1.994141 2.005859 2.021484 2.029297 2.041016 2.048828 2.056641 2.060547 2.060547 2.060547 2.056641 2.056641 2.052734 2.044922 2.041016 2.029297 2.017578 2.005859 1.998047 1.986328 1.978516 1.974609 1.974609 1.978516 1.982422 1.990234 2.001953 2.017578 2.033203 2.048828 2.068359 2.091797 2.126953 2.173828 2.216797 2.212891 2.119141 1.982422
2.001953 2.001953 2.001953 2.005859 2.009766 2.013672 2.017578 2.017578 2.017578 2.017578 2.013672 2.009766 2.009766 2.009766 2.009766 2.005859 2.005859 2.005859 2.005859 2.005859 2.005859 2.009766 2.017578 2.021484 2.029297 2.033203 2.041016 2.044922 2.052734 2.060547 2.060547 2.064453 2.064453 2.064453 2.060547 2.060547 2.056641 2.048828 2.041016 2.033203 2.021484 2.009766 1.998047 1.990234 1.978516 1.970703 1.970703 1.978516 1.982422 1.990234 1.998047 2.013672 2.029297 2.048828 2.068359 2.087891 2.123047 2.173828 2.220703 2.197266 2.048828 1.869141
2.009766 2.009766 2.009766 2.009766 2.013672 2.017578 2.017578 2.021484 2.021484 2.021484 2.021484 2.021484 2.017578 2.017578 2.021484 2.021484 2.021484 2.021484 2.025391 2.029297 2.033203 2.033203 2.037109 2.041016 2.048828 2.048828 2.052734 2.056641 2.060547 2.064453 2.064453 2.064453 2.064453 2.064453 2.060547 2.060547 2.056641 2.052734 2.044922 2.033203 2.021484 2.009766 1.998047 1.986328 1.974609 1.970703 1.970703 1.974609 1.978516 1.986328 1.998047 2.009766 2.025391 2.044922 2.064453 2.083984 2.119141 2.173828 2.220703 2.177734 1.990234 1.787109
2.005859 2.009766 2.009766 2.009766 2.009766 2.013672 2.017578 2.021484 2.021484 2.021484 2.021484 2.021484 2.017578 2.017578 2.017578 2.021484 2.025391 2.025391 2.029297 2.037109 2.041016 2.044922 2.048828 2.052734 2.056641 2.056641 2.060547 2.060547 2.064453 2.064453 2.064453 2.064453 2.064453 2.060547 2.056641 2.056641 2.052734 2.048828 2.041016 2.029297 2.017578 2.005859 1.994141 1.982422 1.970703 1.966797 1.966797 1.970703 1.974609 1.982422 1.994141 2.005859 2.021484 2.041016 2.060547 2.080078 2.119141 2.173828 2.216797 2.150391 1.939453 1.732422
2.001953 2.001953 2.001953 2.001953 2.005859 2.009766 2.013672 2.013672 2.017578 2.017578 2.013672 2.009766 2.009766 2.009766 2.009766 2.013672 2.017578 2.021484 2.025391 2.029297 2.033203 2.041016 2.044922 2.048828 2.052734 2.056641 2.060547 2.060547 2.060547 2.064453 2.060547 2.060547 2.056641 2.056641 2.052734 2.048828 2.044922 2.041016 2.033203 2.021484 2.009766 1.998047 1.986328 1.974609 1.966797 1.962891 1.958984 1.962891 1.970703 1.978516 1.990234 2.001953 2.017578 2.037109 2.060547 2.080078 2.115234 2.173828 2.197266 2.091797 1.869141 1.693359
1.986328 1.986328 1.990234 1.990234 1.994141 1.998047 2.001953 2.005859 2.001953 2.001953 1.998047 1.994141 1.990234 1.990234 1.994141 1.998047 2.001953 2.005859 2.009766 2.017578 2.021484 2.025391 2.029297 2.033203 2.041016 2.041016 2.048828 2.048828 2.052734 2.052734 2.052734 2.048828 2.048828 2.044922 2.041016 2.037109 2.033203 2.029297 2.021484 2.013672 2.005859 1.990234 1.978516 1.970703 1.962891 1.958984 1.955078 1.958984 1.966797 1.978516 1.990234 1.998047 2.017578 2.037109 2.060547 2.080078 2.115234 2.166016 2.154297 2.001953 1.787109 1.669922
1.966797 1.966797 1.970703 1.970703 1.974609 1.982422 1.982422 1.982422 1.978516 1.974609 1.970703 1.966797 1.962891 1.966797 1.966797 1.974609 1.978516 1.982422 1.986328 1.994141 1.998047 2.005859 2.009766 2.013672 2.017578 2.021484 2.025391 2.029297 2.033203 2.033203 2.033203 2.033203 2.029297 2.029297 2.025391 2.021484 2.021484 2.013672 2.009766 2.001953 1.994141 1.982422 1.970703 1.962891 1.955078 1.951172 1.951172 1.955078 1.962891 1.974609 1.986328 1.998047 2.017578 2.037109 2.060547 2.080078 2.119141 2.150391 2.076172 1.888672 1.705078 1.662109
1.943359 1.943359 1.943359 1.943359 1.943359 1.947266 1.947266 1.947266 1.943359 1.939453 1.931641 1.927734 1.927734 1.931641 1.931641 1.939453 1.943359 1.951172 1.955078 1.962891 1.966797 1.970703 1.978516 1.978516 1.986328 1.990234 1.994141 1.994141 1.998047 2.001953 2.001953 2.001953 2.001953 1.998047 1.994141 1.994141 1.994141 1.994141 1.990234 1.986328 1.978516 1.970703 1.958984 1.951172 1.947266 1.947266 1.947266 1.951172 1.958984 1.970703 1.986328 1.998047 2.017578 2.037109 2.060547 2.080078 2.119141 2.111328 1.966797 1.771484 1.646484 1.646484
1.916016 1.916016 1.916016 1.912109 1.908203 1.908203 1.904297 1.900391 1.896484 1.888672 1.884766 1.880859 1.876953 1.880859 1.884766 1.888672 1.896484 1.904297 1.912109 1.919922 1.923828 1.927734 1.935547 1.939453 1.943359 1.947266 1.951172 1.951172 1.955078 1.955078 1.955078 1.955078 1.951172 1.951172 1.947266 1.947266 1.947266 1.951172 1.955078 1.958984 1.955078 1.951172 1.947266 1.939453 1.935547 1.939453 1.943359 1.947266 1.955078 1.970703 1.982422 1.998047 2.013672 2.033203 2.056641 2.080078 2.107422 2.044922 1.857422 1.673828 1.603516 1.619141
1.884766 1.884766 1.880859 1.876953 1.869141 1.861328 1.849609 1.841797 1.830078 1.818359 1.806641 1.798828 1.794922 1.798828 1.810547 1.822266 1.833984 1.841797 1.849609 1.861328 1.869141 1.873047 1.880859 1.884766 1.892578 1.892578 1.896484 1.896484 1.896484 1.896484 1.896484 1.896484 1.892578 1.888672 1.884766 1.884766 1.880859 1.884766 1.888672 1.908203 1.923828 1.931641 1.931641 1.927734 1.927734 1.927734 1.935547 1.943359 1.955078 1.966797 1.982422 1.994141 2.009766 2.029297 2.048828 2.068359 2.080078 1.978516 1.775391 1.615234 1.568359 1.576172
1.845703 1.841797 1.837891 1.830078 1.814453 1.798828 1.779297 1.763672 1.744141 1.724609 1.705078 1.685547 1.677734 1.681641 1.701172 1.716797 1.732422 1.748047 1.763672 1.779297 1.791016 1.802734 1.814453 1.818359 1.822266 1.826172 1.830078 1.830078 1.830078 1.826172 1.826172 1.826172 1.822266 1.818359 1.810547 1.810547 1.818359 1.822266 1.830078 1.857422 1.892578 1.908203 1.916016 1.916016 1.916016 1.919922 1.927734 1.939453 1.947266 1.962891 1.974609 1.990234 2.001953 2.017578 2.033203 2.052734 2.044922 1.916016 1.708984 1.568359 1.533203 1.537109
1.791016 1.783203 1.775391 1.759766 1.740234 1.720703 1.697266 1.677734 1.654297 1.630859 1.607422 1.587891 1.568359 1.564453 1.568359 1.587891 1.603516 1.626953 1.642578 1.662109 1.681641 1.701172 1.712891 1.720703 1.724609 1.728516 1.732422 1.732422 1.736328 1.732422 1.732422 1.732422 1.740234 1.744141 1.740234 1.744141 1.763672 1.783203 1.806641 1.837891 1.876953 1.896484 1.904297 1.908203 1.908203 1.916016 1.923828 1.931641 1.943359 1.955078 1.966797 1.982422 1.994141 2.009766 2.017578 2.029297 1.994141 1.845703 1.646484 1.525391 1.498047 1.498047
1.724609 1.712891 1.701172 1.681641 1.662109 1.638672 1.615234 1.595703 1.576172 1.556641 1.533203 1.509766 1.494141 1.490234 1.490234 1.490234 1.501953 1.517578 1.533203 1.552734 1.576172 1.587891 1.595703 1.603516 1.611328 1.607422 1.607422 1.607422 1.607422 1.607422 1.615234 1.619141 1.638672 1.662109 1.677734 1.697266 1.724609 1.759766 1.794922 1.833984 1.873047 1.892578 1.900391 1.904297 1.908203 1.908203 1.919922 1.927734 1.939453 1.951172 1.962891 1.974609 1.986328 1.998047 2.001953 1.994141 1.919922 1.759766 1.587891 1.498047 1.474609 1.470703
1.669922 1.654297 1.634766 1.615234 1.591797 1.568359 1.544922 1.529297 1.529297 1.521484 1.505859 1.482422 1.458984 1.447266 1.451172 1.451172 1.451172 1.458984 1.478516 1.501953 1.521484 1.525391 1.521484 1.513672 1.513672 1.521484 1.513672 1.494141 1.482422 1.490234 1.501953 1.505859 1.533203 1.583984 1.626953 1.666016 1.708984 1.755859 1.798828 1.837891 1.873047 1.892578 1.900391 1.900391 1.904297 1.908203 1.916016 1.927734 1.935547 1.947266 1.958984 1.970703 1.978516 1.982422 1.974609 1.927734 1.814453 1.662109 1.544922 1.486328 1.462891 1.455078
1.630859 1.615234 1.595703 1.576172 1.556641 1.529297 1.513672 1.505859 1.521484 1.521484 1.513672 1.494141 1.470703 1.451172 1.455078 1.455078 1.451172 1.455078 1.470703 1.494141 1.505859 1.501953 1.494141 1.478516 1.474609 1.474609 1.466797 1.451172 1.431641 1.435547 1.451172 1.458984 1.486328 1.548828 1.607422 1.666016 1.724609 1.779297 1.822266 1.857422 1.884766 1.896484 1.900391 1.900391 1.904297 1.908203 1.916016 1.923828 1.935547 1.947266 1.955078 1.962891 1.966797 1.955078 1.912109 1.814453 1.681641 1.576172 1.517578 1.478516 1.458984 1.451172
1.603516 1.587891 1.576172 1.560547 1.544922 1.533203 1.529297 1.533203 1.544922 1.552734 1.548828 1.533203 1.521484 1.513672 1.509766 1.505859 1.498047 1.498047 1.498047 1.509766 1.513672 1.513672 1.505859 1.494141 1.486328 1.478516 1.470703 1.458984 1.451172 1.455078 1.462891 1.478516 1.509766 1.568359 1.630859 1.701172 1.763672 1.818359 1.857422 1.884766 1.896484 1.904297 1.904297 1.904297 1.904297 1.908203 1.916016 1.927734 1.931641 1.943359 1.947266 1.951172 1.939453 1.892578 1.787109 1.658203 1.560547 1.517578 1.490234 1.470703 1.455078 1.447266
1.583984 1.572266 1.560547 1.556641 1.552734 1.552734 1.556641 1.572266 1.587891 1.595703 1.595703 1.599609 1.595703 1.587891 1.583984 1.580078 1.580078 1.568359 1.560547 1.556641 1.556641 1.552734 1.544922 1.537109 1.529297 1.517578 1.509766 1.498047 1.498047 1.501953 1.505859 1.525391 1.560547 1.615234 1.685547 1.755859 1.818359 1.865234 1.892578 1.904297 1.908203 1.908203 1.908203 1.908203 1.908203 1.912109 1.919922 1.927734 1.931641 1.935547 1.935547 1.927734 1.880859 1.767578 1.626953 1.529297 1.498047 1.478516 1.470703 1.458984 1.455078 1.451172
1.587891 1.576172 1.568359 1.576172 1.583984 1.587891 1.595703 1.619141 1.634766 1.650391 1.662109 1.669922 1.669922 1.669922 1.669922 1.666016 1.662109 1.650391 1.638672 1.626953 1.619141 1.611328 1.603516 1.599609 1.591797 1.580078 1.564453 1.560547 1.560547 1.556641 1.564453 1.583984 1.619141 1.681641 1.755859 1.822266 1.873047 1.900391 1.916016 1.919922 1.919922 1.916016 1.916016 1.916016 1.916016 1.919922 1.923828 1.927734 1.931641 1.931641 1.919922 1.880859 1.771484 1.615234 1.505859 1.470703 1.455078 1.451172 1.451172 1.455078 1.455078 1.455078
1.623047 1.619141 1.619141 1.630859 1.638672 1.646484 1.662109 1.681641 1.705078 1.720703 1.732422 1.740234 1.748047 1.751953 1.751953 1.748047 1.740234 1.732422 1.720703 1.708984 1.697266 1.689453 1.681641 1.677734 1.666016 1.654297 1.646484 1.638672 1.634766 1.630859 1.642578 1.662109 1.697266 1.759766 1.826172 1.876953 1.908203 1.927734 1.931641 1.931641 1.927734 1.923828 1.923828 1.919922 1.923828 1.923828 1.927734 1.931641 1.931641 1.923828 1.904297 1.822266 1.654297 1.505859 1.455078 1.431641 1.431641 1.439453 1.443359 1.447266 1.455078 1.458984
