py_wake/examples/data/AJ_ParqueFicticio/Ridge area   Sector 5   Height 30m   Turbulence intensity.grd
DSAA
90  129
 262878   265103
 6504214   6507414
 12.499   100
[rows 81 to 107 of 129, columns 0 to 61 of 90]
33.9957 33.09304 32.22922 31.55482 31.03829 30.58192 30.13531 29.67537 29.11371 28.58898 28.08183 27.58132 27.3223 27.40745 27.79381 28.19326 28.46362 28.73776 28.85492 28.92133 29.18522 29.11358 28.90174 28.5303 28.13384 27.70782 27.50176 27.2618 26.95317 26.57285 26.0241 25.17422 23.87304 22.29012 20.69407 19.2801 18.1736 17.29365 16.62228 16.11017 15.72942 15.37914 15.09366 14.89988 14.78799 14.71231 14.69096 14.72506 15.02051 15.48329 16.0589 16.74767 17.41619 18.00633 18.43765 18.69001 18.78897 18.83117 18.82263 18.76394 18.74622 18.69354
31.30556 30.38754 29.62936 29.09175 28.65502 28.29941 27.94757 27.63286 27.33178 26.9472 26.41731 25.87965 25.54244 25.59179 25.94141 26.30784 26.72257 26.89964 26.76073 26.59762 26.83495 27.0686 27.14108 26.77226 26.15795 25.50002 25.16566 24.84636 24.47655 24.16056 23.73456 23.1478 22.22965 20.95862 19.72847 18.65265 17.73505 16.96407 16.34397 15.90495 15.55668 15.17479 14.92018 14.80607 14.71392 14.64999 14.63189 14.65345 15.00692 15.47774 16.09079 16.86744 17.6488 18.39189 18.98768 19.38606 19.58301 19.67789 19.65081 19.51854 19.41481 19.3371
29.46066 28.58864 27.87007 27.3813 27.08661 26.73954 26.41562 26.28394 26.11831 25.73077 25.31744 24.97716 24.50585 24.27113 24.69736 25.28927 25.74707 25.84879 25.4959 25.02699 25.3907 25.77735 25.9383 25.62056 24.81426 23.9255 23.48485 23.05714 22.55227 22.23068 21.94001 21.53048 20.85344 19.88978 18.9515 18.14855 17.37461 16.70736 16.1435 15.7816 15.43691 15.05467 14.8114 14.71317 14.61966 14.55738 14.52788 14.55692 14.87541 15.33201 15.94038 16.74538 17.61058 18.46124 19.22105 19.80432 20.97441 22.9202 20.39123 20.30612 20.20732 20.06578
28.2638 27.41622 26.72309 26.25409 25.94684 25.67826 25.52299 25.46833 25.31989 25.00894 24.78919 24.64641 24.41794 24.3304 24.65473 25.12189 25.48565 25.57411 25.33839 25.0091 25.16172 25.38305 25.42394 25.10119 24.36411 23.31693 22.57888 21.97076 21.30977 20.89312 20.55029 20.09847 19.54783 18.90642 18.2258 17.61599 17.05265 16.48234 16.01356 15.711 15.38204 15.01021 14.75218 14.64386 14.53852 14.45269 14.39811 14.46142 14.70827 15.10396 15.65591 16.37412 17.20951 18.11132 19.00003 19.73618 20.2202 22.39698 24.00468 25.0089 25.61932 25.79702
27.40182 26.56898 25.92866 25.45458 25.08405 24.94379 24.93538 24.89727 24.75315 24.59511 24.60579 24.73946 24.89419 25.04833 25.2838 25.54809 25.78425 25.86123 25.79819 25.6574 25.66288 25.72033 25.64366 25.24909 24.49988 23.39813 22.4019 21.50633 20.62934 20.03742 19.42594 18.85398 18.40226 17.99467 17.53109 17.09111 16.70791 16.24263 15.88934 15.64802 15.36353 15.03973 14.76304 14.60002 14.46924 14.35371 14.29842 14.33947 14.50706 14.82124 15.29012 15.88378 16.62505 17.48711 18.41252 19.23552 19.81573 20.44895 23.02427 24.7812 25.91865 26.51879
26.7144 25.96089 25.37695 24.89393 24.53237 24.49754 24.61402 24.70101 24.65332 24.58264 24.77672 25.1536 25.55529 25.87893 26.17506 26.30896 26.31578 26.33205 26.34142 26.3047 26.35133 26.35127 26.1896 25.64782 24.85878 23.79628 22.59913 21.42598 20.30886 19.4599 18.66095 17.96445 17.5495 17.25345 16.95145 16.70087 16.38366 16.01137 15.75757 15.57648 15.36799 15.14112 14.92155 14.73406 14.559 14.40737 14.29868 14.25649 14.31564 14.53954 14.90854 15.37316 15.98645 16.72418 17.57525 18.38801 19.02783 19.73601 20.66633 23.43539 25.38754 26.74176
26.23507 25.56091 25.05197 24.62896 24.3543 24.40824 24.61949 24.84724 25.00218 25.11611 25.41743 25.85549 26.32563 26.73922 27.11347 27.27441 27.19066 27.0159 26.89569 26.8959 26.95516 26.98087 26.7233 26.01063 25.22042 24.20411 22.80173 21.41859 20.14052 19.07718 18.18267 17.48794 17.03586 16.72663 16.54252 16.37036 16.08324 15.78359 15.60683 15.49113 15.3867 15.26005 15.10565 14.94619 14.7566 14.55877 14.38631 14.27481 14.22747 14.32813 14.57566 14.89569 15.3446 15.92624 16.6328 17.34553 17.95023 18.63039 19.53205 20.45565 23.1749 25.36337
25.96437 25.37634 24.92606 24.61443 24.50976 24.64647 24.92095 25.25334 25.59037 25.96947 26.41785 26.91216 27.39779 27.83721 28.21567 28.39411 28.36961 28.03741 27.69034 27.54923 27.51958 27.39057 27.06154 26.2383 25.37365 24.2543 22.77985 21.30457 19.93688 18.80814 17.90425 17.21895 16.72466 16.42444 16.27422 16.10681 15.83685 15.58033 15.44595 15.41559 15.42983 15.36884 15.25855 15.1239 14.94942 14.74675 14.54908 14.39568 14.27703 14.2432 14.33835 14.53065 14.83566 15.25549 15.79709 16.36374 16.87055 17.42024 18.19929 19.1155 19.95145 22.57106
25.79704 25.30263 24.90455 24.71771 24.84831 25.15195 25.51589 25.93989 26.44277 27.00767 27.62382 28.24646 28.85395 29.32957 29.61653 29.76339 29.77056 29.2163 28.68913 28.32409 28.10091 27.7158 27.19857 26.41002 25.31474 24.03496 22.58346 21.0979 19.70789 18.60587 17.71592 17.01461 16.47948 16.20659 16.07108 15.88631 15.62037 15.38585 15.28736 15.34755 15.46748 15.49586 15.45435 15.37964 15.26426 15.07316 14.83404 14.61918 14.41751 14.28745 14.2327 14.28951 14.46415 14.7434 15.12424 15.53507 15.91267 16.30913 16.87511 17.66442 18.45657 19.34646
25.74606 25.37466 25.00317 24.94672 25.33672 25.86532 26.42348 26.95532 27.57577 28.23138 28.95496 29.73303 30.5234 31.10898 31.20281 31.05938 30.84829 30.28969 29.61955 29.17425 28.64348 27.86701 27.4628 26.51566 25.17486 23.74136 22.2706 20.80302 19.48202 18.44742 17.59151 16.88235 16.31201 16.04959 15.91403 15.72198 15.4566 15.22594 15.16217 15.27321 15.55981 15.71765 15.70766 15.66851 15.59712 15.44359 15.19941 14.93242 14.66441 14.44737 14.28373 14.19856 14.25157 14.43096 14.68251 14.9475 15.18758 15.4523 15.81738 16.41954 17.08871 17.8939
26.01517 25.78235 25.55217 25.64675 26.22657 26.95934 27.67563 28.3014 28.98247 29.65343 30.31967 31.10504 31.9898 32.63896 32.54288 31.95278 31.44497 30.77305 29.90907 29.24228 28.39229 27.69335 27.2031 26.11147 24.65821 23.26309 21.86787 20.45316 19.2786 18.36488 17.56414 16.89939 16.34811 16.06631 15.91291 15.71986 15.47898 15.26394 15.18409 15.35413 15.65646 15.86675 15.93354 15.98259 15.97906 15.85204 15.6067 15.32236 15.02726 14.7281 14.48244 14.28614 14.23971 14.34284 14.50927 14.6581 14.77463 14.9158 15.12437 15.50935 16.00802 16.67237
26.77422 26.63849 26.62832 27.0158 27.73901 28.61033 29.48567 30.20615 30.83921 31.37704 31.92424 32.57398 33.12346 33.36122 32.85616 32.02137 31.32676 30.26483 29.06256 28.17336 27.56186 26.77413 25.99872 24.86852 23.58322 22.35748 21.18129 19.98882 19.01237 18.25653 17.54703 16.99001 16.52675 16.22998 16.02185 15.79296 15.57633 15.41301 15.35467 15.5107 15.80489 16.07847 16.253 16.37149 16.43694 16.31871 16.05945 15.74196 15.41903 15.09629 14.81655 14.55679 14.4286 14.46149 14.56033 14.62469 14.64059 14.68384 14.77284 14.95298 15.25988 15.73638
27.92038 27.8984 28.06309 28.62715 29.59966 30.72552 31.84419 32.64089 33.20949 33.49321 33.69082 33.85019 33.82929 33.46661 32.3576 31.25466 30.39384 29.11752 27.83759 27.28003 26.42954 25.4772 24.41935 23.30351 22.24007 21.19875 20.25391 19.37784 18.69214 18.07933 17.46853 17.01168 16.64514 16.38609 16.16325 15.9051 15.71661 15.58222 15.5576 15.72962 16.08016 16.39035 16.6647 16.85036 16.96593 16.87871 16.60896 16.23335 15.87157 15.5278 15.20935 14.92575 14.73991 14.72851 14.78037 14.78997 14.73636 14.67974 14.64982 14.65396 14.78218 15.0651
29.22237 29.39892 29.63294 30.30757 31.45133 32.94978 34.58139 35.49699 35.60019 35.60978 35.39442 34.7559 34.12005 33.083 31.44833 30.14384 29.01994 27.7783 27.14668 26.34544 25.27705 24.02789 22.89201 21.91823 20.9994 20.21516 19.48807 18.85317 18.39661 17.90335 17.39165 17.00659 16.72757 16.54056 16.34496 16.10272 15.93754 15.80569 15.78931 15.96995 16.32793 16.72441 17.07175 17.35842 17.5737 17.52851 17.24245 16.83708 16.43177 16.04019 15.66518 15.36068 15.16165 15.13177 15.17036 15.15974 15.04874 14.90638 14.76745 14.63595 14.57685 14.65846
30.57391 30.9205 31.24738 31.9096 33.1412 34.79296 36.34928 37.16529 36.78566 36.47157 35.86455 34.52933 33.37317 31.9593 30.30877 28.98351 27.79458 27.06446 26.27807 25.2733 24.06427 22.78205 21.64419 20.73219 19.98414 19.38391 18.83654 18.43039 18.13649 17.77771 17.40727 17.09849 16.84775 16.68793 16.50833 16.30352 16.11933 15.97114 15.94781 16.14813 16.53988 16.94853 17.38157 17.83877 18.23668 18.28705 18.01209 17.55594 17.07338 16.61649 16.19788 15.86294 15.66324 15.65588 15.69035 15.68118 15.5404 15.33516 15.10628 14.86811 14.66432 14.5497
31.90168 32.21957 32.58939 33.16634 34.27554 35.50457 36.57794 36.95982 36.11763 35.48373 34.50123 33.21893 31.93452 30.4714 29.09703 27.93917 27.16817 26.23007 25.16123 24.02095 22.8325 21.62613 20.58815 19.78131 19.16452 18.61158 18.22554 18.0477 17.88077 17.66891 17.45918 17.26426 17.0635 16.92833 16.75796 16.56957 16.36824 16.17847 16.12826 16.27775 16.65933 17.11958 17.67678 18.33868 18.97012 19.23235 19.01114 18.47854 17.89801 17.35277 16.87832 16.48227 16.25352 16.25307 16.30022 16.29457 16.15187 15.92132 15.63396 15.29886 14.96784 14.68562
32.89247 33.05433 33.31502 33.74 34.39201 35.03632 35.60907 35.42295 34.47032 33.6626 32.63863 31.61521 30.52992 29.30182 28.20043 27.45935 26.50554 25.30572 24.03336 22.8587 21.72025 20.60344 19.6492 19.04873 18.55868 18.03519 17.75598 17.68413 17.61734 17.57055 17.55312 17.50759 17.42355 17.33667 17.17973 16.99911 16.76056 16.49986 16.3545 16.41306 16.76596 17.31695 18.01477 18.88885 19.85124 20.43583 20.36761 19.8158 19.16286 18.45266 17.80632 17.27894 17.02073 17.01661 17.07665 17.06314 16.89017 16.62792 16.26513 15.81908 15.36624 14.95424
34.14296 33.82206 33.46822 33.72602 33.95101 34.20341 34.47897 33.92874 33.11456 32.35081 31.53344 30.61083 29.63383 28.78891 27.85872 26.8372 25.77085 24.51353 23.27361 22.10961 20.96314 19.93764 19.09886 18.61969 18.20394 17.75234 17.51448 17.47052 17.4453 17.51945 17.66499 17.77042 17.83013 17.84252 17.76927 17.62332 17.32788 16.9781 16.70727 16.66001 16.89507 17.44238 18.25795 19.35792 20.66224 26.8456 29.36891 27.44129 20.99278 20.10034 19.24557 18.51299 18.20774 18.21803 18.26831 18.22682 17.96677 17.56869 17.03606 16.40749 15.82342 15.30979
35.06986 34.72156 34.42348 34.25318 33.98684 33.811 33.82141 33.28622 32.58531 31.88371 31.18736 30.45014 29.57767 28.62057 27.60084 26.51629 25.39056 24.13573 22.99421 21.903 20.84209 19.86887 19.08576 18.59352 18.18275 17.76706 17.50161 17.41882 17.39363 17.54403 17.82973 18.11023 18.34843 18.53076 18.57629 18.45607 18.09088 17.63178 17.22919 17.00984 17.04385 17.48372 18.33327 19.57621 21.12137 28.24871 31.39706 30.88185 28.6249 22.98346 21.57861 20.68227 20.20131 20.223 20.34623 20.28554 19.90918 19.2209 18.2965 17.27332 16.44584 15.82269
1.70141E+38 1.70141E+38 1.70141E+38 1.70141E+38 1.70141E+38 1.70141E+38 1.70141E+38 1.70141E+38 1.70141E+38 1.70141E+38 1.70141E+38 1.70141E+38 1.70141E+38 1.70141E+38 1.70141E+38 1.70141E+38 1.70141E+38 1.70141E+38 1.70141E+38 1.70141E+38 1.70141E+38 1.70141E+38 1.70141E+38 1.70141E+38 1.70141E+38 1.70141E+38 1.70141E+38 1.70141E+38 1.70141E+38 1.70141E+38 1.70141E+38 1.70141E+38 1.70141E+38 1.70141E+38 1.70141E+38 1.70141E+38 1.70141E+38 1.70141E+38 1.70141E+38 1.70141E+38 1.70141E+38 1.70141E+38 1.70141E+38 1.70141E+38 1.70141E+38 1.70141E+38 1.70141E+38 1.70141E+38 1.70141E+38 1.70141E+38 1.70141E+38 1.70141E+38 1.70141E+38 1.70141E+38 1.70141E+38 1.70141E+38 1.70141E+38 1.70141E+38 1.70141E+38 1.70141E+38 1.70141E+38 1.70141E+38
1.70141E+38 1.70141E+38 1.70141E+38 1.70141E+38 1.70141E+38 1.70141E+38 1.70141E+38 1.70141E+38 1.70141E+38 1.70141E+38 1.70141E+38 1.70141E+38 1.70141E+38 1.70141E+38 1.70141E+38 1.70141E+38 1.70141E+38 1.70141E+38 1.70141E+38 1.70141E+38 1.70141E+38 1.70141E+38 1.70141E+38 1.70141E+38 1.70141E+38 1.70141E+38 1.70141E+38 1.70141E+38 1.70141E+38 1.70141E+38 1.70141E+38 1.70141E+38 1.70141E+38 1.70141E+38 1.70141E+38 1.70141E+38 1.70141E+38 1.70141E+38 1.70141E+38 1.70141E+38 1.70141E+38 1.70141E+38 1.70141E+38 1.70141E+38 1.70141E+38 1.70141E+38 1.70141E+38 1.70141E+38 1.70141E+38 1.70141E+38 1.70141E+38 1.70141E+38 1.70141E+38 1.70141E+38 1.70141E+38 1.70141E+38 1.70141E+38 1.70141E+38 1.70141E+38 1.70141E+38 1.70141E+38 1.70141E+38
1.70141E+38 1.70141E+38 1.70141E+38 1.70141E+38 1.70141E+38 1.70141E+38 1.70141E+38 1.70141E+38 1.70141E+38 1.70141E+38 1.70141E+38 1.70141E+38 1.70141E+38 1.70141E+38 1.70141E+38 1.70141E+38 1.70141E+38 1.70141E+38 1.70141E+38 1.70141E+38 1.70141E+38 1.70141E+38 1.70141E+38 1.70141E+38 1.70141E+38 1.70141E+38 1.70141E+38 1.70141E+38 1.70141E+38 1.70141E+38 1.70141E+38 1.70141E+38 1.70141E+38 1.70141E+38 1.70141E+38 1.70141E+38 1.70141E+38 1.70141E+38 1.70141E+38 1.70141E+38 1.70141E+38 1.70141E+38 1.70141E+38 1.70141E+38 1.70141E+38 1.70141E+38 1.70141E+38 1.70141E+38 1.70141E+38 1.70141E+38 1.70141E+38 1.70141E+38 1.70141E+38 1.70141E+38 1.70141E+38 1.70141E+38 1.70141E+38 1.70141E+38 1.70141E+38 1.70141E+38 1.70141E+38 1.70141E+38
1.70141E+38 1.70141E+38 1.70141E+38 1.70141E+38 1.70141E+38 1.70141E+38 1.70141E+38 1.70141E+38 1.70141E+38 1.70141E+38 1.70141E+38 1.70141E+38 1.70141E+38 1.70141E+38 1.70141E+38 1.70141E+38 1.70141E+38 1.70141E+38 1.70141E+38 1.70141E+38 1.70141E+38 1.70141E+38 1.70141E+38 1.70141E+38 1.70141E+38 1.70141E+38 1.70141E+38 1.70141E+38 1.70141E+38 1.70141E+38 1.70141E+38 1.70141E+38 1.70141E+38 1.70141E+38 1.70141E+38 1.70141E+38 1.70141E+38 1.70141E+38 1.70141E+38 1.70141E+38 1.70141E+38 1.70141E+38 1.70141E+38 1.70141E+38 1.70141E+38 1.70141E+38 1.70141E+38 1.70141E+38 1.70141E+38 1.70141E+38 1.70141E+38 1.70141E+38 1.70141E+38 1.70141E+38 1.70141E+38 1.70141E+38 1.70141E+38 1.70141E+38 1.70141E+38 1.70141E+38 1.70141E+38 1.70141E+38
1.70141E+38 1.70141E+38 1.70141E+38 1.70141E+38 1.70141E+38 1.70141E+38 1.70141E+38 1.70141E+38 1.70141E+38 1.70141E+38 1.70141E+38 1.70141E+38 1.70141E+38 1.70141E+38 1.70141E+38 1.70141E+38 1.70141E+38 1.70141E+38 1.70141E+38 1.70141E+38 1.70141E+38 1.70141E+38 1.70141E+38 1.70141E+38 1.70141E+38 1.70141E+38 1.70141E+38 1.70141E+38 1.70141E+38 1.70141E+38 1.70141E+38 1.70141E+38 1.70141E+38 1.70141E+38 1.70141E+38 1.70141E+38 1.70141E+38 1.70141E+38 1.70141E+38 1.70141E+38 1.70141E+38 1.70141E+38 1.70141E+38 1.70141E+38 1.70141E+38 1.70141E+38 1.70141E+38 1.70141E+38 1.70141E+38 1.70141E+38 1.70141E+38 1.70141E+38 1.70141E+38 1.70141E+38 1.70141E+38 1.70141E+38 1.70141E+38 1.70141E+38 1.70141E+38 1.70141E+38 1.70141E+38 1.70141E+38
1.70141E+38 1.70141E+38 1.70141E+38 1.70141E+38 1.70141E+38 1.70141E+38 1.70141E+38 1.70141E+38 1.70141E+38 1.70141E+38 1.70141E+38 1.70141E+38 1.70141E+38 1.70141E+38 1.70141E+38 1.70141E+38 1.70141E+38 1.70141E+38 1.70141E+38 1.70141E+38 1.70141E+38 1.70141E+38 1.70141E+38 1.70141E+38 1.70141E+38 1.70141E+38 1.70141E+38 1.70141E+38 1.70141E+38 1.70141E+38 1.70141E+38 1.70141E+38 1.70141E+38 1.70141E+38 1.70141E+38 1.70141E+38 1.70141E+38 1.70141E+38 1.70141E+38 1.70141E+38 1.70141E+38 1.70141E+38 1.70141E+38 1.70141E+38 1.70141E+38 1.70141E+38 1.70141E+38 1.70141E+38 1.70141E+38 1.70141E+38 1.70141E+38 1.70141E+38 1.70141E+38 1.70141E+38 1.70141E+38 1.70141E+38 1.70141E+38 1.70141E+38 1.70141E+38 1.70141E+38 1.70141E+38 1.70141E+38
1.70141E+38 1.70141E+38 1.70141E+38 1.70141E+38 1.70141E+38 1.70141E+38 1.70141E+38 1.70141E+38 1.70141E+38 1.70141E+38 1.70141E+38 1.70141E+38 1.70141E+38 1.70141E+38 1.70141E+38 1.70141E+38 1.70141E+38 1.70141E+38 1.70141E+38 1.70141E+38 1.70141E+38 1.70141E+38 1.70141E+38 1.70141E+38 1.70141E+38 1.70141E+38 1.70141E+38 1.70141E+38 1.70141E+38 1.70141E+38 1.70141E+38 1.70141E+38 1.70141E+38 1.70141E+38 1.70141E+38 1.70141E+38 1.70141E+38 1.70141E+38 1.70141E+38 1.70141E+38 1.70141E+38 1.70141E+38 1.70141E+38 1.70141E+38 1.70141E+38 1.70141E+38 1.70141E+38 1.70141E+38 1.70141E+38 1.70141E+38 1.70141E+38 1.70141E+38 1.70141E+38 1.70141E+38 1.70141E+38 1.70141E+38 1.70141E+38 1.70141E+38 1.70141E+38 1.70141E+38 1.70141E+38 1.70141E+38
1.70141E+38 1.70141E+38 1.70141E+38 1.70141E+38 1.70141E+38 1.70141E+38 1.70141E+38 1.70141E+38 1.70141E+38 1.70141E+38 1.70141E+38 1.70141E+38 1.70141E+38 1.70141E+38 1.70141E+38 1.70141E+38 1.70141E+38 1.70141E+38 1.70141E+38 1.70141E+38 1.70141E+38 1.70141E+38 1.70141E+38 1.70141E+38 1.70141E+38 1.70141E+38 1.70141E+38 1.70141E+38 1.70141E+38 1.70141E+38 1.70141E+38 1.70141E+38 1.70141E+38 1.70141E+38 1.70141E+38 1.70141E+38 1.70141E+38 1.70141E+38 1.70141E+38 1.70141E+38 1.70141E+38 1.70141E+38 1.70141E+38 1.70141E+38 1.70141E+38 1.70141E+38 1.70141E+38 1.70141E+38 1.70141E+38 1.70141E+38 1.70141E+38 1.70141E+38 1.70141E+38 1.70141E+38 1.70141E+38 1.70141E+38 1.70141E+38 1.70141E+38 1.70141E+38 1.70141E+38 1.70141E+38 1.70141E+38
