py_wake/examples/data/AJ_ParqueFicticio/Ridge area   Sector 8   Height 200m   Orographic turn.grd
DSAA
90  129
 262878   265103
 6504214   6507414
-146.0817   28.3374
[rows 54 to 80 of 129, columns 0 to 60 of 90]
-3.083119 -2.85353 -2.648326 -2.539497 -2.581523 -2.665803 -2.641811 -2.37557 -1.855575 -1.021971 .2502718 1.723632 2.987563 3.857954 4.505601 4.972923 5.329457 5.565282 5.654757 5.71095 5.782766 5.85528 5.9448 6.107998 6.290453 6.505852 6.775046 6.982702 7.199599 7.505188 7.735729 7.938274 8.096212 8.109757 8.092734 8.054699 7.99823 7.946204 7.968562 8.106194 8.310637 8.582349 8.83241 9.071433 9.115936 8.95532 8.605119 8.021852 7.331931 6.45799 5.490452 4.410289 3.08345 1.326079 -1.0729 -3.483854 -5.415393 -6.730994 -7.31505 -7.074228 -6.167212
-3.405638 -3.244231 -3.110225 -3.091677 -3.242678 -3.371693 -3.405843 -3.2537 -2.869143 -2.184749 -1.106042 .2262132 1.438032 2.32966 3.015474 3.539092 3.935855 4.246052 4.415955 4.550261 4.744541 4.882416 5.005313 5.19038 5.362506 5.517929 5.675542 5.856219 6.019817 6.242548 6.547831 6.817008 7.059404 7.276236 7.443635 7.555373 7.562093 7.547926 7.626059 7.825572 8.106123 8.41885 8.691586 8.947882 9.000666 8.9098 8.575553 7.989298 7.275723 6.461148 5.550076 4.580875 3.470321 2.080734 .2908169 -1.643802 -3.189071 -4.220952 -4.753877 -4.694592 -4.332909
-3.714405 -3.61029 -3.555395 -3.649808 -3.877748 -4.057538 -4.166674 -4.092825 -3.794927 -3.215152 -2.331048 -1.227376 -.1681569 .6563928 1.332878 1.897536 2.348952 2.725549 2.985757 3.246424 3.53563 3.722825 3.869957 4.038545 4.185195 4.300009 4.41348 4.537302 4.687065 4.918209 5.212573 5.534436 5.818652 6.100394 6.357706 6.564951 6.742196 6.876841 7.082698 7.366659 7.709327 8.091585 8.42765 8.682594 8.798725 8.742691 8.457449 7.936172 7.239849 6.451686 5.603617 4.734056 3.815801 2.737544 1.368851 -.1399523 -1.368172 -2.243406 -2.823726 -3.040556 -3.060179
-3.987927 -3.942327 -3.948402 -4.134922 -4.439778 -4.713372 -4.842851 -4.809534 -4.638717 -4.238044 -3.51845 -2.590333 -1.711214 -1.099484 -.5751586 -.04219469 .4959511 .984209 1.357879 1.711089 2.076718 2.32215 2.527565 2.760575 2.945611 3.064894 3.160476 3.233564 3.357735 3.569664 3.850274 4.184028 4.501327 4.77608 5.028494 5.292686 5.569212 5.867655 6.225601 6.630841 7.054069 7.513443 7.921543 8.222169 8.449878 8.432148 8.224478 7.788663 7.16605 6.41545 5.600594 4.802669 4.029618 3.206187 2.225729 1.100537 .07877232 -.7138578 -1.343232 -1.724929 -1.969308
-4.263025 -4.235953 -4.28596 -4.515079 -4.840086 -5.175809 -5.392984 -5.449866 -5.324768 -5.033432 -4.494831 -3.779279 -3.078748 -2.588854 -2.197695 -1.779435 -1.334504 -.9116871 -.5118697 -.05292881 .4439001 .791898 1.084854 1.415625 1.687778 1.866059 1.964876 2.031515 2.125743 2.294729 2.55503 2.871364 3.186975 3.461222 3.738412 4.025778 4.304151 4.644389 5.064544 5.569195 6.147624 6.717385 7.171702 7.560535 7.889061 7.95245 7.825329 7.488389 6.969532 6.324644 5.576513 4.837134 4.164102 3.524068 2.825473 2.026444 1.194037 .4649263 -.1677834 -.7169231 -1.221209
-4.593791 -4.587137 -4.648907 -4.872169 -5.203885 -5.557131 -5.821747 -5.951309 -5.912303 -5.759063 -5.404793 -4.898602 -4.385246 -4.014589 -3.728876 -3.378364 -2.980771 -2.575478 -2.168613 -1.700582 -1.149998 -.7000831 -.3162658 .1063537 .4630087 .7201397 .8733907 .9641933 1.08124 1.243175 1.466565 1.760032 2.059206 2.322752 2.602641 2.895228 3.193022 3.569312 4.041296 4.584185 5.231345 5.860674 6.382204 6.812923 7.197765 7.312574 7.224396 6.988705 6.623869 6.124937 5.495173 4.852801 4.272578 3.748969 3.225823 2.645247 2.016752 1.362006 .6623425 -.04664768 -.8225115
-4.9274 -4.913305 -4.981338 -5.218016 -5.592023 -5.985237 -6.283513 -6.451795 -6.489656 -6.44079 -6.196008 -5.862212 -5.566184 -5.340883 -5.138606 -4.871444 -4.568174 -4.222916 -3.80794 -3.275107 -2.64869 -2.119572 -1.631621 -1.096884 -.6458667 -.3066124 -.1020227 .03337507 .2051046 .4006829 .6532392 .965584 1.265111 1.523327 1.811659 2.111913 2.418411 2.828687 3.328022 3.896696 4.578305 5.209545 5.739928 6.173162 6.595246 6.701579 6.62022 6.420031 6.153653 5.850596 5.398284 4.891846 4.403962 3.961863 3.542791 3.087696 2.550978 1.948917 1.211192 .3269437 -.6372499
-5.238186 -5.204298 -5.226871 -5.41934 -5.797516 -6.209344 -6.55089 -6.805399 -6.96221 -7.045513 -6.966612 -6.786684 -6.56174 -6.421173 -6.297347 -6.133222 -5.932112 -5.681068 -5.312008 -4.757229 -4.101943 -3.490869 -2.8928 -2.239215 -1.676362 -1.25403 -.9676097 -.7318423 -.482916 -.2069513 .1222799 .4942519 .8194966 1.099642 1.398582 1.681044 1.999953 2.430706 2.92324 3.487447 4.159939 4.773716 5.312139 5.804195 6.292161 6.440529 6.392386 6.19713 5.934868 5.694415 5.381489 5.00733 4.602446 4.215634 3.848729 3.454432 2.94437 2.322711 1.533952 .5239629 -.6445005
-5.478291 -5.479139 -5.521018 -5.7322 -6.139716 -6.554931 -6.900799 -7.165926 -7.334076 -7.410645 -7.350946 -7.28081 -7.261463 -7.256393 -7.165525 -7.09067 -6.961648 -6.764943 -6.432169 -5.911444 -5.296574 -4.697623 -4.08282 -3.332967 -2.645016 -2.132109 -1.75791 -1.411896 -1.025652 -.6409276 -.2149588 .241523 .6015279 .9411381 1.271096 1.55625 1.883185 2.292604 2.751305 3.299243 3.931196 4.50243 5.028384 5.585386 6.143015 6.383624 6.382278 6.235178 6.000631 5.756532 5.501543 5.204752 4.844866 4.48534 4.158298 3.792624 3.283525 2.634919 1.816157 .7145028 -.6758878
-5.480414 -5.493085 -5.440803 -5.605444 -6.02935 -6.507806 -6.935204 -7.282218 -7.534942 -7.69256 -7.749095 -7.771553 -7.779356 -7.77551 -7.657236 -7.505691 -7.421274 -7.342439 -7.1311 -6.641874 -6.047778 -5.487848 -4.889119 -4.146366 -3.381705 -2.809793 -2.367743 -1.897439 -1.388794 -.9158714 -.3961261 .1141376 .5289786 .935508 1.29177 1.594499 1.936487 2.324359 2.751301 3.274225 3.868772 4.407408 4.918841 5.481608 6.064558 6.385017 6.434933 6.351225 6.170521 5.952169 5.720656 5.45459 5.099428 4.726938 4.405253 4.062459 3.544662 2.878987 2.034212 .8510261 -.7268908
-5.196077 -5.214737 -5.177094 -5.422627 -5.878239 -6.343069 -6.758551 -7.117254 -7.414162 -7.628605 -7.749243 -7.813715 -7.838294 -7.798674 -7.637409 -7.521751 -7.525789 -7.449998 -7.205965 -6.668644 -6.177824 -5.750998 -5.216892 -4.456301 -3.7089 -3.196037 -2.711873 -2.137898 -1.56673 -1.030441 -.4301771 .1217216 .5885419 1.04614 1.446419 1.791648 2.148092 2.520233 2.926137 3.416872 3.979691 4.509444 5.020785 5.550001 6.11498 6.455254 6.574061 6.556108 6.432781 6.257063 6.053802 5.791283 5.397272 4.971597 4.610949 4.279518 3.716689 3.025986 2.159791 .9525831 -.7119053
-4.650641 -4.724526 -4.779002 -5.084923 -5.569075 -6.029867 -6.438463 -6.80256 -7.128592 -7.376142 -7.529817 -7.617895 -7.644818 -7.584268 -7.407401 -7.273748 -7.205671 -7.058772 -6.775833 -6.3298 -5.974655 -5.590124 -5.053518 -4.34232 -3.740217 -3.264381 -2.742951 -2.122756 -1.533037 -.9378772 -.2831629 .3065388 .8300399 1.325322 1.7716 2.170062 2.549202 2.907823 3.294175 3.762227 4.306425 4.834654 5.341794 5.837508 6.34316 6.666872 6.808867 6.838042 6.761993 6.629475 6.460726 6.225134 5.771822 5.266923 4.827006 4.480037 3.851131 3.111097 2.223881 1.028987 -.6343867
-3.917676 -4.0234 -4.214386 -4.56192 -5.062616 -5.541101 -5.965017 -6.359135 -6.722194 -7.010538 -7.202534 -7.306896 -7.305281 -7.184354 -6.95348 -6.721531 -6.587515 -6.402154 -6.128232 -5.753648 -5.437756 -5.055852 -4.560078 -3.963928 -3.437068 -2.978573 -2.470391 -1.879792 -1.302579 -.6952645 -.008784571 .6240305 1.180962 1.702914 2.216428 2.691211 3.107721 3.472421 3.861619 4.317287 4.81226 5.312651 5.805603 6.280475 6.700145 7.006045 7.143152 7.200899 7.152147 7.046233 6.899162 6.709074 6.225336 5.638414 5.098338 4.695317 3.991474 3.174271 2.244424 1.04272 -.599
-3.054549 -3.173867 -3.428434 -3.893839 -4.4561 -4.971254 -5.421955 -5.861168 -6.30003 -6.659724 -6.872501 -6.949972 -6.880753 -6.651926 -6.346956 -5.998001 -5.768816 -5.555998 -5.301885 -4.947745 -4.600545 -4.249851 -3.823987 -3.29058 -2.783605 -2.345867 -1.889476 -1.35653 -.8426836 -.286375 .3906212 1.045128 1.61925 2.14279 2.683696 3.20183 3.653529 4.050443 4.464769 4.928231 5.404798 5.88829 6.354228 6.800045 7.161059 7.444888 7.567009 7.615813 7.574991 7.471035 7.322711 7.150291 6.661366 6.015893 5.380311 4.889441 4.116626 3.220438 2.237034 1.005523 -.6213176
-2.141525 -2.245481 -2.484337 -2.949964 -3.634366 -4.329713 -4.953417 -5.54347 -6.081524 -6.511034 -6.761518 -6.815226 -6.640551 -6.225054 -5.742649 -5.295295 -4.965942 -4.679833 -4.379755 -4.022405 -3.657744 -3.310538 -2.912156 -2.421968 -1.932397 -1.496634 -1.057152 -.5861828 -.1270205 .4016052 1.024298 1.639291 2.196078 2.706172 3.232462 3.754136 4.215518 4.654184 5.103217 5.577438 6.039278 6.500369 6.956902 7.371635 7.713877 7.958422 8.069763 8.077513 8.017484 7.89222 7.719948 7.533239 7.038367 6.349503 5.640147 5.04629 4.182042 3.160916 2.088299 .8269222 -.7699353
-1.209479 -1.28241 -1.482256 -1.90071 -2.580082 -3.418499 -4.332051 -5.263625 -6.035393 -6.556972 -6.831808 -6.875318 -6.639084 -6.098562 -5.425043 -4.778097 -4.313518 -3.940559 -3.521389 -3.078634 -2.682066 -2.318036 -1.912758 -1.453889 -1.003288 -.5653806 -.125273 .2978995 .7101415 1.203642 1.768903 2.333217 2.844189 3.334796 3.849173 4.347633 4.771814 5.206114 5.690109 6.219359 6.712702 7.157243 7.607467 8.016607 8.320676 8.514156 8.607347 8.556742 8.456101 8.272419 8.057166 7.843504 7.366727 6.677789 5.951749 5.283081 4.376468 3.248353 2.058545 .674886 -.955664
-.3218971 -.3732385 -.5174201 -.8811073 -1.540111 -2.442938 -3.541371 -4.770484 -5.895914 -6.686726 -7.055506 -7.07259 -6.773827 -6.120892 -5.273814 -4.428611 -3.780695 -3.32173 -2.844904 -2.317258 -1.830388 -1.419748 -1.022083 -.5686663 -.1160737 .3083242 .7222865 1.123233 1.521818 1.969725 2.475895 3.02052 3.518149 3.985846 4.476531 4.993751 5.436983 5.826878 6.270334 6.783214 7.323782 7.79112 8.210512 8.64202 8.90932 9.071568 9.125961 9.063223 8.890978 8.644231 8.356915 8.073573 7.607639 6.939316 6.233984 5.529886 4.625268 3.45849 2.175345 .6703708 -1.00893
.5162969 .4589234 .342766 .04527582 -.510116 -1.325765 -2.415548 -3.740147 -5.124209 -6.245841 -6.80414 -6.829007 -6.368783 -5.541264 -4.560142 -3.581823 -2.729232 -2.155224 -1.708731 -1.24373 -.8010619 -.3978244 -.03083055 .3641756 .7867114 1.19962 1.609392 1.992094 2.390299 2.819125 3.305159 3.857263 4.426874 4.956366 5.491646 6.069413 6.571853 7.008589 7.440619 7.689878 7.933108 8.348447 8.771755 9.196802 9.501193 9.580544 9.581872 9.500843 9.259596 8.936076 8.578063 8.259151 7.81246 7.170081 6.48878 5.771561 4.886119 3.746731 2.41679 .8248954 -.9620078
1.352447 1.315745 1.221522 1.007014 .6182597 .05349757 -.721716 -1.696321 -2.754743 -3.710647 -4.176399 -4.061157 -3.269477 -2.316525 -1.582446 -.7367306 .1358111 .7727101 1.161991 1.474301 1.638024 1.725229 1.901012 2.197872 2.511276 2.837482 3.170619 3.540816 3.948369 4.425866 4.937591 5.494822 6.17145 6.858973 7.589498 8.232232 8.564665 8.935103 9.319162 9.176627 8.795813 8.868662 9.204186 9.568764 9.978323 10.01145 10.0162 9.956945 9.769115 9.458439 9.074482 8.701866 8.200498 7.528302 6.831996 6.078414 5.188681 4.080607 2.73166 1.084659 -.8012711
2.302216 2.290704 2.267211 2.210543 2.052281 1.863088 1.673691 1.620554 1.7758 2.014468 2.478719 3.42728 4.982547 6.350314 7.135734 7.169798 7.602041 7.714613 7.930435 7.87394 7.373003 6.982016 6.676908 6.630538 6.771352 6.902902 7.009886 7.22428 7.511951 7.96944 8.41914 9.029694 9.545253 10.10683 10.90475 11.33375 11.22487 11.16429 10.91701 10.41185 9.593085 9.31029 9.474854 9.754958 10.22705 10.3095 10.35149 10.34467 10.24084 10.02611 9.653373 9.232002 8.685214 7.994585 7.26971 6.467347 5.553069 4.456647 3.102591 1.422232 -.5256624
3.406131 3.468154 3.595193 3.828916 4.045805 4.400965 5.036736 6.207716 7.77807 9.48421 11.85291 14.42209 16.66047 17.98229 18.60864 19.54208 19.23081 18.78867 18.67758 17.60341 15.91354 15.3323 15.25937 14.70726 14.44136 14.46858 14.73654 14.82618 15.05317 15.16803 15.22996 15.69325 15.49594 14.95404 14.90951 14.6703 13.98377 13.09161 12.16439 11.32061 10.32105 9.82184 9.77608 9.923579 10.35454 10.4972 10.55773 10.58048 10.51988 10.36343 10.00287 9.562983 9.028824 8.401475 7.711038 6.906376 5.979937 4.855841 3.47646 1.778157 -.1979231
4.547467 4.862795 5.312407 5.925978 6.754496 7.989626 9.736082 11.6792 12.76765 14.03146 16.14285 19.29436 23.41236 26.2877 25.93595 26.13169 27.61688 27.52 25.91944 23.82367 21.74034 21.372 22.1697 22.92369 22.46481 21.71349 22.05552 23.31437 24.51646 23.86781 23.15606 23.60372 22.864 20.29187 18.36001 16.88284 15.36636 13.90281 12.78195 11.76443 10.73098 10.20645 10.09105 10.17953 10.52893 10.66855 10.70753 10.71372 10.65992 10.50459 10.1513 9.726202 9.283235 8.791853 8.151589 7.373805 6.457066 5.306603 3.905115 2.190378 .1606652
5.599623 6.19615 7.00923 8.087396 9.506172 11.41072 13.566 14.95071 14.7148 15.27555 16.63428 19.03808 22.37506 25.21625 25.31465 25.96541 27.76959 28.3374 26.63717 24.41744 23.35603 23.71366 24.76922 25.89151 25.84834 25.08199 25.33285 26.47524 27.74759 27.40951 26.25415 26.09655 25.16525 21.85161 19.00558 16.72573 14.86603 13.31996 12.31916 11.34838 10.56852 10.22763 10.17299 10.31521 10.59761 10.75702 10.79131 10.79607 10.7665 10.58849 10.23987 9.917599 9.646687 9.244873 8.630701 7.844759 6.848734 5.628703 4.220532 2.545607 .5219083
6.599504 7.442182 8.510967 9.864525 11.4384 12.95133 13.93303 13.972 13.50162 13.67601 14.42317 15.98255 17.22182 18.4768 19.73324 20.74367 22.06544 22.76538 22.91059 22.38547 22.01654 22.39005 23.13221 23.86226 24.0515 23.91834 24.15133 24.71443 25.02971 24.47797 23.72571 23.10328 21.701 19.42727 17.08102 15.03176 13.363 11.98377 11.04078 10.29922 9.942618 9.860595 9.998825 10.29645 10.5489 10.76841 10.80568 10.84244 10.83175 10.65473 10.47402 10.38227 10.20678 9.815404 9.14091 8.166964 6.933777 5.547869 4.083817 2.49437 .6435252
7.394629 8.498469 9.728498 10.80206 11.75789 12.52983 12.7978 12.10345 11.49295 11.51155 11.74905 11.7878 12.34809 13.17961 14.14354 14.76102 15.19034 16.39267 17.48769 18.09307 18.23759 18.6771 19.20948 19.4029 19.53724 20.06087 20.5872 20.8114 20.51337 20.09396 19.70107 18.92386 17.54047 16.03719 14.25156 12.64789 11.36024 10.35529 9.638331 9.257492 9.248076 9.389792 9.700798 10.08597 10.36242 10.67482 10.74527 10.85657 10.85937 10.78203 10.93462 11.03624 10.91195 10.43881 9.48497 8.081086 6.437016 4.769112 3.192582 1.706399 .1852493
7.478231 8.625131 9.709648 10.09093 10.3594 10.71236 10.59707 9.716355 9.086946 8.775111 8.555735 8.563759 8.879274 9.193635 9.399255 9.786885 10.24999 11.13542 12.05468 12.87219 13.50603 14.11122 14.47496 14.55698 14.90522 15.67261 16.29799 16.3364 16.16893 16.15563 15.91574 15.09843 14.18889 12.9813 11.51033 10.31302 9.43851 8.830372 8.466351 8.429434 8.622574 8.990993 9.417676 9.771591 10.10664 10.45374 10.59162 10.76526 10.81202 11.0323 11.34826 11.58573 11.49952 10.79357 9.434947 7.555933 5.449964 3.388529 1.589347 .09617846 -1.176399
6.332572 7.102969 7.600623 7.712217 7.758421 7.676595 7.246282 6.660273 6.093256 5.690833 5.520219 5.48812 5.587671 5.64134 5.73361 5.914008 6.222265 6.831385 7.525604 8.345725 8.917429 9.355439 9.670876 10.04319 10.60113 11.24379 11.77492 12.06038 12.25834 12.3635 12.17239 11.6753 11.11628 10.2458 9.239133 8.447702 7.922983 7.655584 7.595386 7.741877 8.058859 8.586983 9.050718 9.436946 9.870997 10.18722 10.39015 10.57736 10.71044 11.09394 11.48954 11.83117 11.68464 10.69851 8.948749 6.657392 4.140175 1.665232 -.5333356 -2.228352 -3.402753
