py_wake/examples/data/AJ_ParqueFicticio/Ridge area   Sector 6   Height 200m   Flow inclination.grd
DSAA
90  129
 262878   265103
 6504214   6507414
-12.49769   23.83437
[rows 26 to 51 of 129, columns 0 to 59 of 90]
-.90602 -.8151991 -.6100333 -.3438329 -.05032408 .2434738 .499103 .6490867 .6687874 .5042791 .1216259 -.4755804 -1.248366 -2.059604 -2.817427 -3.490846 -4.076415 -4.558911 -4.98727 -5.389185 -5.618425 -5.783971 -5.897577 -5.970713 -6.030676 -6.086058 -6.09995 -6.005064 -5.690774 -5.369017 -4.890734 -4.362023 -3.797818 -3.097257 -2.485861 -1.791643 -1.020791 -.1169482 1.005726 2.225088 3.331061 4.43368 5.479813 6.493797 7.482861 8.464859 9.506045 10.56118 11.40609 12.31956 13.21429 13.72959 13.97031 14.11573 14.04263 13.80794 13.43924 13.6761 11.82211 11.88079
-1.289284 -1.299261 -1.182934 -.9902584 -.7283419 -.405595 -.06178712 .2527477 .4760917 .5448964 .3993189 .02602356 -.5800841 -1.316463 -2.078556 -2.786512 -3.409569 -3.940786 -4.422079 -4.891298 -5.216117 -5.465719 -5.711111 -5.894442 -6.073672 -6.230872 -6.358065 -6.40535 -6.259188 -6.05657 -5.761972 -5.394437 -4.990002 -4.387111 -3.850674 -3.230311 -2.496548 -1.656955 -.5297214 .8191778 2.127259 3.495335 4.818599 6.080925 7.259333 8.367078 9.460013 10.62208 11.60412 12.51819 13.4599 14.00074 14.2711 14.4253 14.40151 14.21287 23.54906 15.38282 14.27581 13.64632
-1.590342 -1.68753 -1.670384 -1.576364 -1.386869 -1.088435 -.7335689 -.3467499 .02912414 .3036971 .3626132 .1918679 -.1778587 -.6963627 -1.321069 -1.972626 -2.595437 -3.149122 -3.659634 -4.188344 -4.621382 -4.995245 -5.336251 -5.592256 -5.847347 -6.095457 -6.285898 -6.400774 -6.366786 -6.252241 -6.111104 -5.922534 -5.66364 -5.233286 -4.788777 -4.278174 -3.593198 -2.78288 -1.66425 -.2734384 1.138379 2.670691 4.269372 5.82045 7.211931 8.455992 9.600858 10.81294 11.90209 12.83336 13.80274 14.36824 14.65897 14.83055 14.85463 14.67082 22.58238 22.3141 15.71717 15.01926
-1.806044 -1.977426 -2.053106 -2.071534 -1.990252 -1.783759 -1.492015 -1.108256 -.6539602 -.2250012 .007887363 .04488146 -.08554839 -.3345963 -.7093918 -1.184354 -1.717964 -2.281299 -2.841941 -3.400856 -3.880233 -4.333664 -4.769498 -5.110616 -5.437237 -5.78251 -6.022112 -6.15004 -6.160191 -6.115103 -6.063783 -5.990213 -5.867448 -5.597223 -5.239278 -4.840163 -4.246928 -3.489214 -2.438411 -1.078782 .3971451 2.04979 3.849459 5.628349 7.233538 8.661626 9.912066 11.13929 12.30107 13.27316 14.26168 14.87539 15.18772 15.38633 15.43132 18.39698 21.45868 22.19537 17.48959 16.71254
-1.999393 -2.246898 -2.406701 -2.522655 -2.534366 -2.43351 -2.257161 -1.970687 -1.56601 -1.045736 -.6499897 -.3789334 -.2693876 -.2809642 -.4014415 -.6297961 -1.005558 -1.420155 -1.873132 -2.367658 -2.807504 -3.292451 -3.802729 -4.224923 -4.650766 -5.109038 -5.401171 -5.521173 -5.561864 -5.574677 -5.58253 -5.603392 -5.616541 -5.462931 -5.181426 -4.85897 -4.389307 -3.72488 -2.792567 -1.563314 -.1514877 1.504126 3.404507 5.303139 7.083457 8.784123 10.27033 11.55217 12.80391 13.86462 14.87887 15.56511 15.90852 16.18419 16.3381 17.80352 20.02449 21.97635 19.90022 18.97492
-2.060345 -2.394506 -2.637809 -2.850221 -2.951926 -2.945242 -2.87207 -2.695075 -2.393743 -1.865652 -1.386052 -.9582348 -.6438172 -.4567475 -.382812 -.4188608 -.5730541 -.7633337 -.9915543 -1.287826 -1.613212 -1.990244 -2.414866 -2.810232 -3.240547 -3.692934 -4.022859 -4.215529 -4.376014 -4.511012 -4.607055 -4.678812 -4.722681 -4.667765 -4.525706 -4.314851 -3.994187 -3.504483 -2.770603 -1.750395 -.4944174 1.079867 2.909014 4.817783 6.673234 8.542609 10.37867 11.88389 13.2666 14.46455 15.53253 16.33372 16.72378 17.02741 15.3613 17.04786 18.08194 19.66403 21.88487 21.16303
-1.966768 -2.379308 -2.692474 -2.973684 -3.137254 -3.198526 -3.188833 -3.077035 -2.83958 -2.36693 -1.879306 -1.403656 -.9896238 -.6704466 -.4610009 -.3612363 -.3558289 -.3539161 -.3609242 -.4365674 -.5806965 -.7878011 -1.039248 -1.30932 -1.616032 -1.946838 -2.225635 -2.433882 -2.658125 -2.900211 -3.097023 -3.254425 -3.35552 -3.422692 -3.437637 -3.373421 -3.210965 -2.910799 -2.395775 -1.600981 -.5115585 .9950752 2.716243 4.562787 6.470942 8.36036 10.37661 12.16026 13.67749 15.01548 16.16522 17.08286 17.55954 14.86318 15.7142 17.15067 17.50282 18.17571 18.74802 22.49467
-1.737523 -2.227447 -2.607947 -2.947255 -3.14153 -3.225424 -3.225726 -3.132611 -2.927064 -2.522037 -2.040215 -1.542115 -1.084876 -.716772 -.4570443 -.2987611 -.2176199 -.118315 .03278148 .1450921 .1670548 .138506 .08561841 .009083747 -.1046367 -.2496883 -.3685213 -.4423418 -.570515 -.7865517 -1.038808 -1.315896 -1.527308 -1.722666 -1.892285 -1.984069 -2.000016 -1.902524 -1.612546 -1.048217 -.1371557 1.252544 2.829106 4.547513 6.484938 8.364873 10.38628 12.39622 14.08395 15.56942 16.81073 17.8125 18.40713 17.45585 15.58725 16.49504 17.41825 18.30231 19.82437 22.82601
-1.336632 -1.916364 -2.37423 -2.773066 -2.97376 -3.047872 -3.016164 -2.878743 -2.654362 -2.315019 -1.888207 -1.42305 -.9621949 -.5640137 -.2702739 -.08568188 .002918839 .1011239 .2473744 .430692 .6051935 .7494795 .8865065 1.029368 1.150222 1.244401 1.335185 1.462736 1.562761 1.544664 1.395395 1.141211 .8597315 .5429402 .2369177 -.02474629 -.2534866 -.3613259 -.305937 .007931828 .7166176 1.90791 3.285878 4.833086 6.722277 8.571043 10.49348 12.54949 14.34471 15.87636 17.25269 18.39659 19.16509 19.15009 18.58898 18.8001 19.44658 20.61078 22.47725 22.74567
-.7378175 -1.451524 -2.037277 -2.54416 -2.767557 -2.841113 -2.787076 -2.624693 -2.369291 -2.031057 -1.625523 -1.176571 -.6972139 -.2679896 .05764144 .2513297 .3307849 .3921126 .5077366 .6691949 .8729604 1.106712 1.362596 1.673858 1.976029 2.268075 2.562021 2.886746 3.232034 3.447889 3.49273 3.396664 3.193691 2.887025 2.539872 2.178023 1.809401 1.523654 1.381354 1.450801 1.90254 2.815132 3.974817 5.338804 7.129451 8.913366 10.7607 12.62602 14.43132 15.96714 17.35849 18.60501 19.48571 19.95179 19.5563 19.45234 20.27026 21.19377 22.09435 22.81776
.02371548 -.87567 -1.627385 -2.282504 -2.564695 -2.685331 -2.65809 -2.517097 -2.273664 -1.944377 -1.541838 -1.070817 -.5368002 -.05571258 .3117025 .5423233 .6445991 .7346895 .8188979 .9515507 1.13943 1.370337 1.642793 1.977951 2.341818 2.710613 3.090284 3.540323 4.088024 4.534898 4.810136 4.944333 4.91068 4.743113 4.440554 4.10416 3.703755 3.324952 3.036988 2.943796 3.190735 3.856129 4.806314 5.957836 7.595187 9.294818 11.05824 12.73024 14.33123 15.79741 17.05972 18.288 19.29214 19.81761 19.98351 19.51285 19.67095 20.3612 21.36253 22.7407
.9405767 -.1774271 -1.124578 -1.948688 -2.35249 -2.577379 -2.636639 -2.571016 -2.372231 -2.027476 -1.599985 -1.082228 -.4886042 .04064387 .4316837 .7161216 .9178867 1.071768 1.20524 1.319746 1.479684 1.639979 1.813282 2.052243 2.343019 2.674142 3.031569 3.465446 4.084105 4.774169 5.318424 5.704952 5.846071 5.840332 5.72238 5.491093 5.149145 4.79495 4.491447 4.317477 4.415913 4.882679 5.645746 6.59939 7.951596 9.556458 11.24977 12.82111 14.16107 15.45679 16.64966 17.69606 18.67991 19.30434 19.46835 19.42802 18.96391 19.18775 20.00381 21.82965
1.962586 .6681743 -.4844552 -1.472799 -2.053367 -2.44037 -2.629046 -2.670796 -2.579974 -2.322522 -1.948326 -1.412177 -.8018993 -.200683 .2769284 .6871589 .9936742 1.279026 1.489712 1.589276 1.67826 1.761333 1.826407 1.932076 2.070945 2.283107 2.563893 2.921815 3.496557 4.238753 4.926052 5.515072 5.976459 6.213889 6.293154 6.231211 6.119766 5.916024 5.67166 5.455932 5.423238 5.728394 6.301504 7.116901 8.188842 9.628337 11.15284 12.68803 13.96651 15.09338 16.14227 17.12209 17.98019 18.576 18.73843 18.6539 18.43383 18.05375 18.34298 18.73151
3.046318 1.660213 .3128773 -.8471071 -1.677087 -2.260703 -2.609363 -2.783787 -2.792188 -2.628662 -2.341083 -1.878625 -1.299993 -.6944266 -.1155372 .3786974 .7632041 1.104476 1.366599 1.468199 1.487864 1.438506 1.438199 1.544792 1.591674 1.677065 1.827888 2.10927 2.63459 3.312015 4.04615 4.716814 5.332924 5.752487 6.086668 6.279455 6.32412 6.26762 6.113153 5.941267 5.893069 6.124331 6.614449 7.354793 8.323148 9.660957 11.05432 12.4026 13.58376 14.66034 15.55384 16.46665 17.35018 17.92215 18.03817 17.96493 17.76826 17.35142 16.89138 16.30207
4.224084 2.768279 1.292377 -.01965916 -1.090902 -1.931613 -2.535967 -2.929199 -3.088302 -3.053733 -2.856938 -2.46577 -1.947351 -1.392298 -.8495975 -.3246753 .0914812 .4258791 .7205917 .8494886 .8562292 .7707099 .6629386 .6400583 .6423148 .768065 .8274176 1.010785 1.428941 2.027092 2.678315 3.342543 4.033216 4.583745 5.080267 5.571791 5.886192 5.976572 5.949094 5.886075 5.92173 6.247015 6.780314 7.470136 8.366336 9.592982 10.90438 12.14892 13.1895 14.18677 14.99679 15.75287 16.63912 17.3204 17.41717 17.31448 17.15148 16.83847 16.08503 14.53196
5.469062 3.950017 2.374901 .8530468 -.4242823 -1.455612 -2.225598 -2.827932 -3.241922 -3.454381 -3.406433 -3.151847 -2.766844 -2.318386 -1.850363 -1.380872 -.9510343 -.6123639 -.3175647 -.09584802 -.0421436 -.2033959 -.438951 -.606205 -.7686269 -.7931142 -.7188181 -.5184754 -.1831063 .3230881 .8859733 1.525115 2.18129 2.863733 3.500654 4.120669 4.627855 4.965575 5.154727 5.28765 5.490903 5.869167 6.427573 7.123411 8.02037 9.172223 10.43365 11.77354 12.8379 13.72348 14.4707 15.13305 15.88779 16.66216 16.88183 16.78518 16.62752 16.33595 15.81688 15.41089
6.566313 5.119432 3.493401 1.809574 .3492448 -.8593072 -1.803246 -2.580395 -3.156247 -3.558481 -3.758621 -3.752392 -3.5368 -3.250916 -2.959657 -2.64852 -2.324829 -1.987923 -1.628098 -1.364536 -1.279536 -1.44872 -1.768206 -2.088358 -2.368306 -2.50198 -2.567716 -2.432259 -2.101927 -1.625801 -1.129018 -.4981638 .1744397 .9303635 1.6254 2.317193 3.03531 3.649709 4.088016 4.406324 4.682886 5.14493 5.865719 6.678544 7.623045 8.759006 9.950936 11.16201 12.32053 13.25447 14.02174 14.68202 15.29502 15.96123 16.265 16.23788 16.12362 15.90885 15.45977 15.04908
7.877884 6.559493 4.896658 3.072154 1.350447 -.1400485 -1.320314 -2.285519 -2.99843 -3.546222 -3.911861 -4.08278 -4.122291 -4.036825 -3.901894 -3.741791 -3.540773 -3.286947 -2.966331 -2.683494 -2.594209 -2.74491 -3.062679 -3.43653 -3.845135 -4.139484 -4.334746 -4.288494 -3.981749 -3.513527 -3.083675 -2.437006 -1.791927 -1.040265 -.2680465 .5196788 1.358096 2.144995 2.774667 3.243721 3.710223 4.350208 5.208841 6.139057 7.166889 8.34881 9.545191 10.71631 11.84628 12.89907 13.72403 14.40995 14.9744 15.53425 15.8696 15.86841 15.70976 15.47579 15.12023 14.77381
9.165082 8.09368 6.45028 4.52466 2.572089 .7537597 -.7142727 -1.894456 -2.764132 -3.442353 -3.944047 -4.274488 -4.476524 -4.553924 -4.569924 -4.543852 -4.548883 -4.502177 -4.33546 -4.102894 -3.989388 -4.042631 -4.259674 -4.633574 -5.047901 -5.420595 -5.771422 -5.867278 -5.574848 -5.126929 -4.805207 -4.251505 -3.676847 -2.970899 -2.155814 -1.33278 -.4710475 .3999199 1.19623 1.878381 2.563917 3.389093 4.436415 5.509464 6.636243 7.912607 9.178762 10.35073 11.43126 12.55711 13.49051 14.22601 14.807 15.27832 15.57829 15.57145 15.35735 15.0619 14.68919 14.37221
10.26085 9.446661 7.849009 5.898507 3.784333 1.725123 -.007116675 -1.389916 -2.413729 -3.225207 -3.865798 -4.360027 -4.740852 -4.978061 -5.126903 -5.210289 -5.354793 -5.489373 -5.507785 -5.42581 -5.429455 -5.515822 -5.673308 -6.016518 -6.402292 -6.756085 -7.114725 -7.32181 -7.205824 -6.745716 -6.478199 -5.982464 -5.44366 -4.781639 -3.972621 -3.182278 -2.364223 -1.462965 -.5290347 .3247831 1.186363 2.15553 3.336208 4.531496 5.762908 7.167897 8.628476 10.01214 11.16119 12.28841 13.32492 14.11552 14.73102 15.15727 15.42334 15.42958 15.18855 14.81417 14.3272 13.91213
11.0957 10.67651 9.323806 7.445776 5.249382 2.988246 .9419871 -.7105028 -1.936038 -2.906623 -3.703798 -4.352159 -4.895478 -5.321619 -5.638312 -5.870197 -6.116625 -6.368761 -6.557112 -6.675168 -6.797156 -6.98049 -7.193808 -7.505177 -7.825106 -8.072031 -8.354468 -8.604013 -8.640917 -8.259869 -7.942106 -7.504408 -6.968008 -6.377701 -5.616889 -4.842624 -4.101775 -3.236044 -2.256807 -1.328365 -.3517146 .737394 2.051709 3.415946 4.832343 6.345854 7.90042 9.527319 10.91003 12.11198 13.21327 14.05202 14.69606 15.12698 15.37639 15.39719 15.13 14.72271 14.15363 13.62732
11.77109 11.71826 10.76761 9.219048 7.052986 4.651971 2.322093 .3070425 -1.227485 -2.408737 -3.358404 -4.139568 -4.79841 -5.30507 -5.738516 -6.113546 -6.447495 -6.768417 -7.029241 -7.268954 -7.53463 -7.81462 -8.100093 -8.431961 -8.744492 -8.983225 -9.210645 -9.426896 -9.524288 -9.34219 -9.028316 -8.645661 -8.126947 -7.576651 -6.918473 -6.164194 -5.436781 -4.61792 -3.620406 -2.644519 -1.620677 -.4375634 .9866418 2.448968 4.021894 5.641669 7.236747 8.910612 10.58769 11.96223 13.12994 14.02283 14.66508 15.09931 15.31623 15.28694 15.01846 14.59681 14.05299 13.40428
12.16135 12.45109 11.94304 10.68365 8.834002 6.491976 4.011135 1.66987 -.2669806 -1.739887 -2.873601 -3.784554 -4.56614 -5.159316 -5.635769 -6.063378 -6.468873 -6.814972 -7.110413 -7.414877 -7.763607 -8.128362 -8.485525 -8.861999 -9.220741 -9.463336 -9.642186 -9.803446 -9.894842 -9.854859 -9.63976 -9.284213 -8.861789 -8.348413 -7.784191 -7.11334 -6.404306 -5.638783 -4.664714 -3.646072 -2.593205 -1.337282 .1613546 1.667158 3.329962 5.047782 6.699571 8.306174 10.06466 11.71324 12.99839 13.95902 14.59255 15.00638 15.17884 15.07128 14.80924 14.37827 13.72094 12.95431
12.20237 12.80845 12.76472 11.87664 10.35421 8.161244 5.65399 3.163914 .9880098 -.7568159 -2.124182 -3.240203 -4.189558 -4.902801 -5.440956 -5.935928 -6.352399 -6.722456 -7.038748 -7.365412 -7.743145 -8.159669 -8.574674 -8.965302 -9.340915 -9.655539 -9.841821 -9.965834 -10.02684 -9.981306 -9.855197 -9.549202 -9.198233 -8.743639 -8.246107 -7.705897 -7.061933 -6.333052 -5.418108 -4.37168 -3.331532 -2.032727 -.4733651 1.086748 2.801269 4.592566 6.309625 7.899456 9.529406 11.33283 12.79965 13.85956 14.53116 14.95187 15.14024 14.98071 14.66684 14.20952 13.49305 12.64754
11.86429 12.79924 13.27147 12.77265 11.62447 9.840836 7.573007 5.081672 2.725965 .7485189 -.8354833 -2.191694 -3.390261 -4.367024 -5.146216 -5.792984 -6.235245 -6.609025 -6.923631 -7.229395 -7.595438 -8.025229 -8.471439 -8.869529 -9.260627 -9.615067 -9.825523 -9.927855 -9.957088 -9.879994 -9.788137 -9.499409 -9.155239 -8.752212 -8.332576 -7.910643 -7.388587 -6.71359 -5.888697 -4.84807 -3.808789 -2.502834 -.9174617 .6848953 2.435918 4.290629 6.081939 7.679899 9.236554 10.97009 12.6195 13.79004 14.51619 14.94915 15.18001 15.03323 14.63754 14.14038 13.35546 12.40285
11.19001 12.31241 13.16176 13.18071 12.41634 11.02462 9.054108 6.847392 4.615349 2.578465 .8705747 -.638252 -2.078992 -3.454917 -4.657762 -5.568111 -6.116694 -6.484859 -6.795348 -7.085005 -7.438556 -7.855262 -8.291887 -8.704744 -9.074845 -9.412411 -9.655115 -9.713457 -9.758529 -9.686546 -9.536411 -9.258159 -8.865585 -8.473326 -8.122921 -7.78526 -7.323874 -6.729401 -6.00709 -5.058352 -4.036397 -2.765307 -1.204271 .4089101 2.193711 4.125452 6.014534 7.634872 9.184252 10.76362 12.47584 13.78753 14.58064 15.03273 15.24239 15.10611 14.65798 13.96684 13.00962 11.93329
