py_wake/examples/data/AJ_ParqueFicticio/Ridge area   Sector 12   Height 30m   Weibull-k.grd
DSAA
90  129
 262878   265103
 6504214   6507414
 .7871094   2.333984
[rows 54 to 80 of 129, columns 0 to 61 of 90]
1.685547 1.685547 1.685547 1.685547 1.689453 1.685547 1.693359 1.681641 1.681641 1.689453 1.689453 1.689453 1.689453 1.689453 1.689453 1.685547 1.685547 1.685547 1.689453 1.697266 1.701172 1.701172 1.697266 1.697266 1.697266 1.701172 1.701172 1.701172 1.701172 1.697266 1.693359 1.689453 1.681641 1.677734 1.673828 1.673828 1.673828 1.673828 1.673828 1.673828 1.673828 1.673828 1.673828 1.673828 1.673828 1.673828 1.673828 1.677734 1.681641 1.681641 1.685547 1.689453 1.689453 1.689453 1.685547 1.685547 1.689453 1.708984 1.728516 1.736328 1.740234 1.732422
1.685547 1.685547 1.685547 1.685547 1.689453 1.689453 1.689453 1.689453 1.685547 1.689453 1.689453 1.689453 1.689453 1.689453 1.689453 1.685547 1.685547 1.681641 1.689453 1.701172 1.701172 1.701172 1.697266 1.697266 1.697266 1.697266 1.697266 1.697266 1.697266 1.693359 1.689453 1.685547 1.681641 1.677734 1.677734 1.673828 1.673828 1.677734 1.677734 1.677734 1.677734 1.677734 1.677734 1.673828 1.677734 1.677734 1.677734 1.677734 1.681641 1.685547 1.685547 1.689453 1.689453 1.689453 1.685547 1.685547 1.685547 1.701172 1.716797 1.724609 1.724609 1.724609
1.685547 1.685547 1.685547 1.689453 1.689453 1.689453 1.689453 1.689453 1.689453 1.689453 1.689453 1.689453 1.689453 1.689453 1.685547 1.685547 1.685547 1.681641 1.689453 1.701172 1.701172 1.701172 1.697266 1.697266 1.693359 1.693359 1.693359 1.693359 1.693359 1.689453 1.689453 1.685547 1.685547 1.681641 1.677734 1.677734 1.677734 1.677734 1.681641 1.681641 1.677734 1.677734 1.677734 1.677734 1.677734 1.677734 1.677734 1.681641 1.681641 1.685547 1.685547 1.689453 1.689453 1.685547 1.685547 1.685547 1.685547 1.689453 1.697266 1.708984 1.716797 1.720703
1.685547 1.685547 1.685547 1.689453 1.689453 1.689453 1.685547 1.689453 1.689453 1.693359 1.697266 1.697266 1.697266 1.693359 1.689453 1.685547 1.685547 1.685547 1.689453 1.697266 1.701172 1.697266 1.697266 1.693359 1.693359 1.693359 1.689453 1.689453 1.689453 1.689453 1.689453 1.685547 1.685547 1.685547 1.681641 1.681641 1.681641 1.681641 1.681641 1.681641 1.681641 1.681641 1.681641 1.681641 1.681641 1.681641 1.681641 1.681641 1.681641 1.685547 1.689453 1.689453 1.689453 1.685547 1.685547 1.685547 1.685547 1.681641 1.685547 1.701172 1.712891 1.724609
1.677734 1.685547 1.685547 1.689453 1.689453 1.685547 1.681641 1.681641 1.685547 1.689453 1.693359 1.693359 1.689453 1.689453 1.689453 1.689453 1.689453 1.685547 1.689453 1.693359 1.693359 1.693359 1.693359 1.693359 1.689453 1.689453 1.689453 1.689453 1.689453 1.689453 1.689453 1.685547 1.685547 1.685547 1.685547 1.685547 1.685547 1.685547 1.685547 1.685547 1.685547 1.685547 1.685547 1.681641 1.681641 1.681641 1.681641 1.681641 1.685547 1.685547 1.689453 1.689453 1.689453 1.685547 1.685547 1.685547 1.685547 1.673828 1.681641 1.701172 1.720703 1.732422
1.669922 1.677734 1.681641 1.685547 1.681641 1.677734 1.677734 1.677734 1.681641 1.685547 1.685547 1.685547 1.681641 1.681641 1.681641 1.681641 1.681641 1.681641 1.677734 1.677734 1.685547 1.689453 1.689453 1.689453 1.689453 1.689453 1.689453 1.689453 1.689453 1.689453 1.689453 1.689453 1.689453 1.685547 1.685547 1.685547 1.685547 1.685547 1.685547 1.685547 1.685547 1.685547 1.685547 1.685547 1.685547 1.685547 1.685547 1.685547 1.685547 1.685547 1.689453 1.689453 1.689453 1.685547 1.685547 1.685547 1.685547 1.673828 1.681641 1.705078 1.728516 1.736328
1.666016 1.669922 1.673828 1.677734 1.673828 1.673828 1.673828 1.677734 1.681641 1.681641 1.685547 1.681641 1.677734 1.677734 1.677734 1.673828 1.673828 1.673828 1.673828 1.669922 1.669922 1.673828 1.673828 1.673828 1.677734 1.677734 1.681641 1.685547 1.689453 1.689453 1.689453 1.689453 1.689453 1.689453 1.689453 1.689453 1.689453 1.689453 1.689453 1.689453 1.685547 1.685547 1.685547 1.685547 1.685547 1.685547 1.685547 1.685547 1.685547 1.685547 1.689453 1.689453 1.689453 1.685547 1.685547 1.685547 1.685547 1.677734 1.685547 1.712891 1.732422 1.716797
1.666016 1.666016 1.669922 1.669922 1.669922 1.673828 1.673828 1.677734 1.681641 1.685547 1.685547 1.685547 1.681641 1.677734 1.673828 1.673828 1.669922 1.669922 1.669922 1.669922 1.669922 1.669922 1.669922 1.669922 1.669922 1.669922 1.673828 1.673828 1.677734 1.681641 1.685547 1.685547 1.685547 1.685547 1.685547 1.685547 1.689453 1.689453 1.689453 1.689453 1.689453 1.689453 1.685547 1.685547 1.685547 1.685547 1.685547 1.685547 1.685547 1.685547 1.689453 1.689453 1.689453 1.685547 1.685547 1.685547 1.685547 1.685547 1.689453 1.716797 1.712891 1.650391
1.666016 1.666016 1.666016 1.669922 1.669922 1.673828 1.677734 1.681641 1.685547 1.689453 1.689453 1.689453 1.689453 1.685547 1.677734 1.677734 1.673828 1.673828 1.669922 1.669922 1.669922 1.669922 1.669922 1.669922 1.666016 1.666016 1.669922 1.669922 1.669922 1.673828 1.677734 1.681641 1.685547 1.685547 1.685547 1.685547 1.685547 1.685547 1.689453 1.689453 1.689453 1.689453 1.685547 1.685547 1.685547 1.685547 1.685547 1.685547 1.685547 1.685547 1.689453 1.689453 1.689453 1.685547 1.685547 1.685547 1.685547 1.685547 1.689453 1.712891 1.673828 1.533203
1.666016 1.666016 1.666016 1.666016 1.669922 1.673828 1.677734 1.685547 1.689453 1.693359 1.693359 1.697266 1.693359 1.689453 1.685547 1.681641 1.677734 1.677734 1.673828 1.673828 1.673828 1.673828 1.669922 1.669922 1.669922 1.666016 1.666016 1.666016 1.666016 1.669922 1.669922 1.673828 1.677734 1.685547 1.685547 1.685547 1.685547 1.685547 1.685547 1.689453 1.689453 1.689453 1.689453 1.685547 1.685547 1.685547 1.685547 1.685547 1.685547 1.685547 1.689453 1.689453 1.689453 1.685547 1.685547 1.685547 1.685547 1.685547 1.689453 1.705078 1.630859 1.431641
1.666016 1.666016 1.666016 1.666016 1.669922 1.673828 1.677734 1.685547 1.689453 1.693359 1.697266 1.701172 1.697266 1.693359 1.689453 1.685547 1.681641 1.681641 1.681641 1.677734 1.677734 1.673828 1.673828 1.669922 1.669922 1.669922 1.669922 1.666016 1.666016 1.666016 1.669922 1.669922 1.673828 1.681641 1.685547 1.685547 1.685547 1.685547 1.685547 1.685547 1.689453 1.689453 1.689453 1.685547 1.685547 1.685547 1.685547 1.685547 1.685547 1.685547 1.689453 1.689453 1.689453 1.685547 1.685547 1.685547 1.685547 1.685547 1.685547 1.697266 1.626953 1.419922
1.666016 1.666016 1.666016 1.666016 1.669922 1.673828 1.677734 1.681641 1.689453 1.693359 1.697266 1.701172 1.701172 1.697266 1.689453 1.685547 1.685547 1.681641 1.681641 1.677734 1.677734 1.677734 1.673828 1.673828 1.669922 1.669922 1.669922 1.666016 1.666016 1.666016 1.666016 1.669922 1.669922 1.677734 1.685547 1.685547 1.685547 1.685547 1.685547 1.685547 1.689453 1.689453 1.685547 1.685547 1.685547 1.685547 1.685547 1.685547 1.685547 1.685547 1.689453 1.689453 1.689453 1.689453 1.685547 1.685547 1.685547 1.685547 1.685547 1.689453 1.658203 1.498047
1.666016 1.666016 1.662109 1.666016 1.666016 1.669922 1.673828 1.677734 1.685547 1.689453 1.693359 1.697266 1.697266 1.693359 1.689453 1.685547 1.681641 1.681641 1.677734 1.677734 1.673828 1.673828 1.673828 1.669922 1.669922 1.669922 1.666016 1.666016 1.666016 1.666016 1.666016 1.666016 1.669922 1.677734 1.685547 1.685547 1.685547 1.685547 1.685547 1.685547 1.689453 1.689453 1.685547 1.685547 1.685547 1.685547 1.685547 1.685547 1.685547 1.685547 1.685547 1.689453 1.689453 1.689453 1.685547 1.685547 1.685547 1.685547 1.685547 1.685547 1.681641 1.583984
1.662109 1.662109 1.662109 1.662109 1.662109 1.666016 1.669922 1.673828 1.677734 1.685547 1.689453 1.689453 1.689453 1.689453 1.685547 1.677734 1.677734 1.673828 1.673828 1.673828 1.669922 1.669922 1.669922 1.666016 1.666016 1.666016 1.666016 1.666016 1.662109 1.662109 1.666016 1.669922 1.673828 1.681641 1.685547 1.685547 1.685547 1.685547 1.685547 1.685547 1.689453 1.685547 1.685547 1.685547 1.685547 1.685547 1.685547 1.685547 1.685547 1.685547 1.685547 1.689453 1.689453 1.689453 1.685547 1.685547 1.685547 1.685547 1.685547 1.685547 1.685547 1.634766
1.658203 1.658203 1.658203 1.658203 1.658203 1.662109 1.662109 1.666016 1.669922 1.673828 1.677734 1.677734 1.681641 1.677734 1.673828 1.669922 1.669922 1.669922 1.666016 1.666016 1.666016 1.662109 1.662109 1.662109 1.662109 1.662109 1.662109 1.662109 1.662109 1.666016 1.669922 1.677734 1.685547 1.685547 1.685547 1.685547 1.685547 1.685547 1.685547 1.685547 1.685547 1.685547 1.685547 1.685547 1.685547 1.685547 1.685547 1.685547 1.685547 1.685547 1.685547 1.689453 1.689453 1.689453 1.689453 1.685547 1.685547 1.685547 1.685547 1.685547 1.685547 1.267578
1.658203 1.662109 1.662109 1.662109 1.662109 1.658203 1.658203 1.658203 1.658203 1.662109 1.666016 1.666016 1.666016 1.666016 1.662109 1.662109 1.658203 1.658203 1.658203 1.658203 1.658203 1.658203 1.658203 1.658203 1.658203 1.662109 1.662109 1.666016 1.669922 1.677734 1.685547 1.685547 1.685547 1.685547 1.685547 1.685547 1.685547 1.685547 1.685547 1.685547 1.685547 1.685547 1.685547 1.685547 1.685547 1.685547 1.685547 1.685547 1.685547 1.685547 1.685547 1.689453 1.689453 1.689453 1.689453 1.685547 1.685547 1.685547 1.685547 1.685547 1.685547 1.224609
1.666016 1.669922 1.677734 1.681641 1.681641 1.677734 1.669922 1.666016 1.658203 1.658203 1.658203 1.658203 1.654297 1.654297 1.654297 1.658203 1.658203 1.658203 1.658203 1.658203 1.662109 1.662109 1.666016 1.669922 1.673828 1.677734 1.685547 1.685547 1.685547 1.685547 1.685547 1.685547 1.685547 1.685547 1.685547 1.685547 1.685547 1.685547 1.685547 1.685547 1.685547 1.685547 1.685547 1.685547 1.685547 1.685547 1.685547 1.685547 1.685547 1.685547 1.685547 1.689453 1.689453 1.689453 1.689453 1.689453 1.685547 1.685547 1.685547 1.685547 1.330078 1.583984
1.689453 1.689453 1.689453 1.689453 1.685547 1.685547 1.685547 1.685547 1.685547 1.681641 1.673828 1.669922 1.669922 1.673828 1.685547 1.685547 1.685547 1.685547 1.685547 1.685547 1.685547 1.685547 1.685547 1.685547 1.685547 1.685547 1.685547 1.685547 1.685547 1.685547 1.685547 1.685547 1.685547 1.685547 1.685547 1.681641 1.681641 1.677734 1.677734 1.681641 1.685547 1.685547 1.685547 1.685547 1.685547 1.685547 1.685547 1.685547 1.685547 1.685547 1.689453 1.689453 1.689453 1.689453 1.689453 1.689453 1.689453 1.685547 1.685547 1.685547 1.138672 1.650391
1.689453 1.689453 1.689453 1.689453 1.685547 1.685547 1.685547 1.681641 1.677734 1.677734 1.673828 1.673828 1.677734 1.677734 1.681641 1.685547 1.685547 1.685547 1.689453 1.689453 1.689453 1.689453 1.689453 1.689453 1.689453 1.689453 1.689453 1.689453 1.689453 1.685547 1.685547 1.685547 1.681641 1.681641 1.677734 1.673828 1.669922 1.669922 1.669922 1.673828 1.681641 1.685547 1.685547 1.685547 1.685547 1.685547 1.685547 1.689453 1.685547 1.689453 1.689453 1.689453 1.689453 1.689453 1.689453 1.689453 1.689453 1.689453 1.685547 1.685547 1.685547 1.685547
1.689453 1.689453 1.689453 1.685547 1.685547 1.681641 1.677734 1.673828 1.666016 1.662109 1.658203 1.654297 1.658203 1.662109 1.669922 1.673828 1.681641 1.685547 1.685547 1.689453 1.689453 1.689453 1.689453 1.689453 1.685547 1.685547 1.685547 1.685547 1.685547 1.685547 1.681641 1.677734 1.673828 1.673828 1.669922 1.666016 1.662109 1.662109 1.666016 1.673828 1.681641 1.685547 1.685547 1.689453 1.685547 1.689453 1.689453 1.689453 1.689453 1.689453 1.689453 1.689453 1.689453 1.689453 1.689453 1.689453 1.689453 1.689453 1.685547 1.685547 1.685547 1.685547
1.689453 1.689453 1.685547 1.681641 1.677734 1.669922 1.662109 1.654297 1.646484 1.638672 1.630859 1.619141 1.619141 1.630859 1.642578 1.654297 1.666016 1.673828 1.681641 1.685547 1.689453 1.689453 1.685547 1.685547 1.685547 1.681641 1.681641 1.677734 1.677734 1.673828 1.669922 1.666016 1.662109 1.662109 1.658203 1.654297 1.654297 1.658203 1.666016 1.673828 1.681641 1.685547 1.689453 1.689453 1.689453 1.689453 1.689453 1.689453 1.689453 1.689453 1.689453 1.689453 1.689453 1.689453 1.685547 1.685547 1.685547 1.685547 1.685547 1.685547 1.685547 1.685547
1.689453 1.685547 1.681641 1.673828 1.666016 1.654297 1.642578 1.630859 1.626953 1.623047 1.611328 1.591797 1.580078 1.583984 1.607422 1.626953 1.646484 1.662109 1.677734 1.685547 1.689453 1.689453 1.685547 1.681641 1.681641 1.677734 1.673828 1.666016 1.662109 1.662109 1.658203 1.650391 1.642578 1.646484 1.650391 1.650391 1.654297 1.662109 1.669922 1.677734 1.685547 1.685547 1.689453 1.689453 1.689453 1.689453 1.689453 1.689453 1.689453 1.689453 1.689453 1.689453 1.689453 1.689453 1.685547 1.685547 1.685547 1.685547 1.685547 1.685547 1.685547 1.685547
1.685547 1.681641 1.677734 1.669922 1.658203 1.638672 1.623047 1.611328 1.619141 1.619141 1.611328 1.595703 1.576172 1.572266 1.599609 1.623047 1.642578 1.662109 1.677734 1.685547 1.689453 1.685547 1.685547 1.681641 1.677734 1.673828 1.666016 1.662109 1.654297 1.650391 1.646484 1.638672 1.634766 1.638672 1.650391 1.654297 1.662109 1.669922 1.677734 1.681641 1.685547 1.689453 1.689453 1.689453 1.689453 1.689453 1.689453 1.689453 1.689453 1.689453 1.689453 1.689453 1.689453 1.689453 1.685547 1.685547 1.685547 1.685547 1.685547 1.685547 1.685547 1.685547
1.685547 1.677734 1.673828 1.662109 1.650391 1.638672 1.630859 1.630859 1.634766 1.638672 1.638672 1.626953 1.619141 1.619141 1.630859 1.646484 1.662109 1.673828 1.685547 1.689453 1.689453 1.689453 1.685547 1.681641 1.677734 1.673828 1.666016 1.662109 1.658203 1.654297 1.654297 1.646484 1.646484 1.650391 1.658203 1.666016 1.673828 1.677734 1.681641 1.685547 1.689453 1.689453 1.689453 1.689453 1.689453 1.689453 1.689453 1.689453 1.689453 1.689453 1.689453 1.689453 1.689453 1.685547 1.685547 1.685547 1.685547 1.685547 1.685547 1.685547 1.685547 1.685547
1.681641 1.677734 1.669922 1.662109 1.654297 1.646484 1.642578 1.650391 1.658203 1.662109 1.662109 1.662109 1.658203 1.658203 1.666016 1.673828 1.681641 1.685547 1.689453 1.689453 1.689453 1.689453 1.685547 1.685547 1.681641 1.673828 1.669922 1.666016 1.666016 1.666016 1.666016 1.662109 1.662109 1.666016 1.673828 1.677734 1.681641 1.685547 1.685547 1.689453 1.689453 1.689453 1.689453 1.689453 1.689453 1.689453 1.689453 1.689453 1.689453 1.689453 1.689453 1.689453 1.689453 1.685547 1.685547 1.685547 1.685547 1.685547 1.685547 1.685547 1.685547 1.685547
1.681641 1.677734 1.669922 1.669922 1.666016 1.662109 1.662109 1.669922 1.673828 1.677734 1.681641 1.681641 1.681641 1.681641 1.681641 1.685547 1.685547 1.689453 1.689453 1.689453 1.689453 1.689453 1.685547 1.685547 1.681641 1.677734 1.673828 1.673828 1.673828 1.673828 1.673828 1.673828 1.673828 1.677734 1.681641 1.685547 1.685547 1.689453 1.689453 1.689453 1.689453 1.689453 1.689453 1.689453 1.689453 1.689453 1.689453 1.689453 1.689453 1.689453 1.689453 1.689453 1.689453 1.685547 1.685547 1.685547 1.345703 1.322266 1.388672 1.556641 1.685547 1.685547
1.685547 1.681641 1.681641 1.681641 1.681641 1.681641 1.681641 1.681641 1.685547 1.685547 1.685547 1.685547 1.685547 1.685547 1.689453 1.689453 1.689453 1.689453 1.689453 1.689453 1.689453 1.689453 1.689453 1.685547 1.685547 1.681641 1.681641 1.681641 1.681641 1.681641 1.681641 1.681641 1.681641 1.685547 1.685547 1.689453 1.689453 1.689453 1.689453 1.689453 1.689453 1.689453 1.689453 1.689453 1.689453 1.689453 1.689453 1.689453 1.689453 1.689453 1.689453 1.689453 1.689453 1.685547 1.220703 1.123047 1.142578 1.177734 1.216797 1.259766 1.294922 1.298828
