py_wake/examples/data/AJ_ParqueFicticio/Ridge area   Sector 12   Height 30m   Orographic speed.grd
DSAA
90  129
 262878   265103
 6504214   6507414
 .1633534   1.359788
[rows 27 to 53 of 129, columns 0 to 61 of 90]
.8969042 .9011531 .9073872 .9113192 .9113036 .9074801 .9001014 .8895175 .8775149 .8641316 .8489892 .8339371 .8218405 .8149422 .8148639 .8198532 .826111 .8298613 .8285334 .8231528 .8227807 .8275253 .838012 .8562986 .8787815 .904855 .9316849 .9599527 .9906223 1.017192 1.042759 1.067154 1.090196 1.113332 1.130455 1.147823 1.164419 1.179743 1.196305 1.206167 1.204217 1.19512 1.178422 1.155112 1.126114 1.092345 1.055532 1.009603 .9556756 .8926342 .8077573 .7049897 .5921835 .4786361 .3776032 .2970378 .2391012 .2137969 .2106163 .2064547 .2040955 .2082431
.8826824 .8867567 .8927222 .896871 .898571 .8982427 .8954927 .8910735 .8848717 .8749115 .8618544 .8484887 .8358865 .8261401 .8201923 .8178394 .8162211 .8120623 .8044235 .7947094 .7908145 .7942848 .8045452 .8231111 .8426872 .8629745 .8844755 .9064618 .9319899 .9574985 .9809554 1.004291 1.029043 1.055155 1.077086 1.098343 1.120401 1.140876 1.163781 1.182507 1.190367 1.191232 1.18217 1.161357 1.130372 1.093797 1.054579 1.007036 .9490849 .8820918 .7921197 .6833422 .5671597 .4533857 .3562354 .2830713 .2289791 .2132747 .2085423 .204478 .2034028 .2108089
.8673276 .8712125 .8759919 .8786675 .8803394 .8820989 .8833975 .8853088 .8869064 .8837172 .8742784 .8612878 .8500081 .8411028 .8325488 .8240058 .8141218 .8020999 .7882714 .776501 .7731169 .777035 .7862509 .8019127 .8163283 .8275622 .8426895 .8597862 .88029 .9019656 .9222543 .9430349 .9662032 .9935179 1.020023 1.044075 1.070397 1.09649 1.125418 1.152849 1.171338 1.183226 1.184139 1.169291 1.138856 1.099076 1.054928 1.004531 .9428739 .8704788 .7739951 .6588821 .5412668 .4295824 .3368599 .2701508 .2213239 .2129241 .2065877 .203384 .2046731 .2152932
.8492257 .8526512 .8558043 .8565961 .8573472 .8590036 .8617719 .8675452 .8759567 .8817568 .8775813 .8685436 .8600583 .853379 .8453291 .8335984 .8188508 .8026013 .7868047 .7771564 .7793348 .7843387 .7912865 .8026426 .8095366 .8111208 .8197055 .8328535 .8474607 .8633128 .8791212 .8938287 .9096478 .935021 .9641611 .9907317 1.018727 1.049254 1.083732 1.118642 1.147505 1.171302 1.184394 1.177723 1.152274 1.112123 1.061098 1.00519 .9378679 .8582298 .7559196 .6374851 .5219678 .4133463 .3217498 .2590316 .2235223 .2161428 .2077708 .2057219 .2092509 .223128
.8265055 .8282763 .8292296 .8270763 .826122 .8274424 .830671 .837406 .8480358 .8591526 .8626197 .8627632 .8612032 .8570848 .8496857 .8382623 .8240237 .8109545 .8027582 .8027195 .8097362 .8169146 .8231546 .8298077 .8303654 .8274749 .82959 .8351151 .8400384 .8469231 .8561756 .8664283 .8784017 .8974974 .9212634 .9462099 .9732047 1.004704 1.042278 1.082555 1.119629 1.152684 1.174753 1.176845 1.158646 1.124022 1.070502 1.00786 .9359038 .8516653 .7476183 .6277814 .5149782 .4115314 .3190406 .2575338 .2332251 .2285081 .2196044 .2151724 .2196777 .2374876
.8025687 .8020833 .8004722 .7954342 .7922819 .7921569 .7945026 .8006757 .8115514 .8258562 .836422 .8445498 .8495502 .8491845 .8437098 .83473 .826091 .8243871 .8305016 .8402304 .8505384 .8594274 .8647488 .866387 .8636519 .8589739 .8560119 .8545608 .8511825 .8484898 .8502675 .8553793 .863656 .8747328 .889858 .9093162 .9334211 .9638179 1.002404 1.045925 1.089768 1.13062 1.158011 1.167493 1.155921 1.126849 1.078066 1.011835 .9374471 .8499629 .7453745 .6271648 .5171464 .4186229 .3254826 .2611744 .2446423 .2437081 .2372879 .2313372 .2349738 .2588584
.7768939 .774048 .7698126 .7620043 .7571487 .7560282 .7578788 .7634859 .7744239 .7911445 .8079252 .822104 .8309354 .8328645 .8299799 .8261814 .8274526 .8412225 .8621258 .8798875 .8928218 .9009013 .904211 .9036294 .8989454 .8923647 .8877301 .8837454 .8752033 .8666144 .8608025 .8567524 .8589843 .8630812 .8696356 .8831377 .9030611 .9301221 .9670433 1.011426 1.060825 1.108631 1.139891 1.154619 1.149187 1.123609 1.08153 1.016757 .9401134 .852492 .7525802 .6402129 .5310953 .4335042 .345887 .2817015 .2620791 .2613129 .2571162 .2515689 .2573097 .2887249
.7490084 .7440961 .7375788 .7276478 .7225605 .7217691 .7245172 .7322835 .7452762 .7634241 .7835675 .8008545 .811614 .8158973 .8172558 .8208838 .8347836 .8613117 .8900682 .913545 .9278372 .9350521 .93871 .9381869 .9332969 .9277243 .9239565 .9205017 .9138718 .9035371 .8919116 .8823223 .8773836 .8733833 .8741204 .8820922 .8936584 .9166206 .9486106 .9897956 1.041599 1.091652 1.124103 1.14204 1.141677 1.119104 1.082164 1.024124 .9517799 .8708691 .7756496 .6685117 .5573878 .458411 .37883 .3215792 .2907257 .2825442 .2779238 .2713398 .2898498 .3276202
.7224966 .714631 .7040347 .6909316 .6871021 .6888526 .6953933 .7078728 .7254354 .7463529 .7676104 .7851185 .7975735 .8065383 .815864 .8296865 .8538446 .8847044 .9134989 .93603 .9509091 .9604204 .9664121 .9689724 .9681097 .9671333 .9662978 .9665702 .9633356 .9533674 .9418805 .9311414 .9211293 .9121487 .909363 .9089759 .9149407 .9314806 .9565715 .9898258 1.036564 1.083058 1.113904 1.133081 1.136547 1.117313 1.083352 1.034573 .9689021 .8964024 .812504 .7124873 .6043568 .5062867 .4255937 .3636512 .3266081 .3103677 .301753 .3036155 .3293583 .3706728
.6992325 .6845821 .6675176 .6492794 .6478394 .6536214 .6655193 .6835382 .7062246 .7304111 .7528622 .7721453 .7903882 .8083339 .828786 .8539006 .8817255 .9092525 .9339709 .953001 .9669486 .9783613 .9869306 .994907 1.000672 1.005183 1.010399 1.016267 1.017788 1.010569 .9999611 .9878829 .9762369 .9657772 .9595408 .9556987 .9564005 .9655855 .9822343 1.008086 1.04501 1.083083 1.110405 1.128801 1.136883 1.120876 1.088214 1.043586 .9896559 .9261487 .8546113 .7647781 .6608087 .5620758 .4786977 .4123986 .3670496 .3446297 .3362968 .344893 .3742304 .4152725
.6792219 .6532027 .6269354 .6024628 .6036593 .6139175 .6311786 .6542798 .6818912 .7106567 .7371305 .7636978 .7932852 .8235317 .8551791 .8862657 .9129078 .9348646 .9531815 .9678877 .9820157 .9935863 1.004755 1.016669 1.028337 1.039009 1.049605 1.061268 1.07031 1.068248 1.058792 1.047245 1.035041 1.025043 1.015769 1.009601 1.0068 1.008871 1.015749 1.0328 1.06191 1.092583 1.116163 1.131835 1.141953 1.13105 1.099019 1.055799 1.008857 .953954 .8890223 .8137358 .7175855 .6176561 .5328423 .4651411 .4153609 .3860687 .3773489 .3908914 .4229127 .4626328
.6662309 .6205565 .5819032 .5528098 .5553484 .5680248 .5891133 .6163362 .6477764 .6829726 .7190537 .7609978 .8068456 .8510521 .8883314 .9198086 .9447792 .9642373 .9765544 .9878295 1.000493 1.012288 1.024064 1.036969 1.051557 1.06667 1.08216 1.098069 1.112175 1.117464 1.113799 1.106622 1.095464 1.084624 1.074293 1.06635 1.059453 1.055183 1.056573 1.067747 1.089312 1.113474 1.132571 1.144082 1.15083 1.141987 1.113057 1.072269 1.027326 .9785276 .9212708 .8526965 .765496 .6669075 .5796781 .5121127 .4609766 .4271291 .4208811 .4392395 .4723389 .5107743
.6534867 .5897653 .5367455 .5055994 .5039717 .5158139 .5392775 .5708439 .609061 .6532965 .7029815 .7623151 .8235617 .8777198 .9201491 .9519305 .976762 .9944057 1.006798 1.015858 1.024411 1.033679 1.04501 1.059078 1.074506 1.091226 1.109819 1.128549 1.145875 1.157176 1.160752 1.159124 1.153082 1.143728 1.134703 1.124302 1.115179 1.107813 1.104977 1.110977 1.125161 1.142144 1.153968 1.160675 1.162431 1.151746 1.124655 1.089703 1.048908 1.00199 .9516611 .8891117 .8043072 .7058456 .6180543 .5483574 .4964307 .4672529 .4650968 .4857879 .5197855 .5566302
.6428713 .5642924 .4977724 .4606375 .4492638 .4569412 .4814588 .5173557 .5645858 .6228899 .6909476 .7672612 .8394864 .8984451 .9449549 .98111 1.005084 1.022923 1.036438 1.043725 1.048705 1.054564 1.064909 1.079989 1.097093 1.115709 1.135332 1.155376 1.175998 1.190921 1.200823 1.20514 1.205481 1.199493 1.192855 1.183104 1.170829 1.160958 1.155295 1.156178 1.163902 1.173354 1.178576 1.181102 1.180161 1.16832 1.141971 1.107555 1.068857 1.02469 .9785234 .9250314 .8418035 .738893 .6514435 .5826755 .53008 .5036893 .5075508 .531135 .565687 .6030582
.6401733 .5459304 .4636262 .4103943 .3879768 .3916436 .4188109 .4610902 .5201415 .5947886 .6800595 .7689133 .8474076 .9105514 .9604296 .9986858 1.025958 1.044306 1.058658 1.065831 1.067586 1.07196 1.08108 1.096671 1.113932 1.134175 1.154724 1.176342 1.198005 1.216058 1.229561 1.238782 1.244478 1.242929 1.238955 1.234401 1.224609 1.211815 1.202213 1.198361 1.200539 1.207166 1.209583 1.20689 1.201626 1.188735 1.164449 1.128373 1.088922 1.047931 1.002985 .9510115 .8755402 .7736304 .683612 .6146376 .5630222 .5384359 .54581 .5739071 .611085 .6487256
.6448335 .5300713 .4245498 .3500479 .3194549 .3239792 .3570332 .4083222 .4809956 .570019 .6679785 .7643736 .845466 .9092044 .9592513 .9986419 1.028829 1.051125 1.066708 1.074914 1.079074 1.081841 1.088043 1.101149 1.11785 1.137291 1.157575 1.17981 1.203031 1.223814 1.239598 1.253728 1.262479 1.266485 1.26765 1.267855 1.261529 1.249404 1.238705 1.232555 1.233793 1.237325 1.235518 1.228439 1.220531 1.205878 1.181954 1.150968 1.111606 1.069433 1.022625 .9679831 .8989516 .8043101 .7129741 .6436558 .5953979 .5728813 .5827613 .6152029 .6550184 .6948557
.6485524 .5106865 .3832742 .2923619 .2530676 .2609485 .3004385 .3608321 .4469411 .5468245 .6511793 .7505037 .832052 .8966072 .9468808 .9860495 1.017042 1.042394 1.062602 1.075612 1.081771 1.083987 1.087845 1.096846 1.109698 1.126129 1.144181 1.165928 1.190501 1.212828 1.231367 1.249702 1.262034 1.272203 1.279434 1.283112 1.282506 1.276721 1.268907 1.263597 1.262092 1.261649 1.258696 1.250697 1.241028 1.224433 1.199176 1.168893 1.132768 1.088539 1.039445 .9825903 .9137814 .8255085 .7369036 .6693316 .625555 .6093445 .6216884 .6569099 .7005542 .7423913
.6696393 .5072626 .3565219 .252727 .2069308 .2113027 .2511143 .3175969 .4132379 .5202776 .6269591 .7258481 .8074179 .8726037 .9240789 .96443 .9943742 1.019814 1.043123 1.06215 1.072766 1.078557 1.082995 1.088406 1.097623 1.109599 1.123205 1.143599 1.170182 1.193642 1.212834 1.233296 1.248748 1.263669 1.27617 1.28423 1.289646 1.292121 1.290674 1.287211 1.285092 1.285093 1.283097 1.275373 1.265629 1.247456 1.218893 1.18612 1.1507 1.106788 1.05628 .9982932 .9287005 .845979 .7603261 .6924685 .6510885 .641619 .6615256 .700597 .7459103 .7867838
.7136799 .5357916 .3637444 .2427821 .18417 .1772808 .2129419 .2816156 .379942 .4879766 .5944363 .6922811 .7718349 .8367519 .8892062 .9309242 .9590573 .9812654 1.004464 1.026506 1.040551 1.050679 1.059524 1.064109 1.070799 1.079404 1.089066 1.106823 1.135428 1.162258 1.180961 1.202419 1.220753 1.239467 1.257579 1.270216 1.280484 1.290437 1.296723 1.298745 1.300618 1.304222 1.306466 1.30105 1.29052 1.272896 1.243354 1.205859 1.166821 1.124056 1.072574 1.01492 .9457384 .8658131 .7810635 .7110369 .6719255 .6693812 .6965821 .7396212 .7863733 .8277803
.7722761 .5838944 .3879709 .2453642 .1734148 .1633534 .1940877 .2504681 .3455267 .4490754 .548769 .6404297 .7149999 .7766604 .8295605 .8722747 .9001758 .9201108 .9402875 .9601157 .9756268 .9878644 .9982225 1.004282 1.011076 1.020952 1.030751 1.045317 1.072261 1.10563 1.129253 1.153391 1.17653 1.198206 1.221321 1.239581 1.253915 1.269682 1.283174 1.291602 1.299999 1.309519 1.316757 1.314901 1.305222 1.2889 1.26379 1.227688 1.184528 1.139944 1.088921 1.032523 .9643906 .8850911 .8015192 .731643 .6984558 .6983687 .725922 .77086 .8192336 .8589885
.8330095 .6571371 .4472729 .2754804 .1831116 .1648522 .1841012 .2310425 .3154779 .4076459 .4964447 .5784232 .6449285 .7047135 .7545944 .7932779 .8204865 .8392439 .8578632 .8757767 .8903865 .9032145 .913793 .9205022 .9284394 .9399676 .9523701 .9666669 .9904847 1.025913 1.05809 1.086902 1.116962 1.143551 1.170038 1.195133 1.215152 1.236418 1.257737 1.272827 1.287275 1.302942 1.315229 1.318496 1.313856 1.299004 1.27665 1.247287 1.205238 1.157685 1.106255 1.050169 .9846069 .9066936 .8256076 .7606818 .7302663 .7320049 .7576756 .8030024 .8516597 .8907972
.8930864 .7522704 .5563197 .3643369 .2377733 .1897288 .1952098 .2347951 .296949 .3702169 .4457087 .5182844 .5751932 .6281089 .6775652 .7147925 .7378511 .755854 .7745057 .7920945 .8062909 .818722 .8294949 .8356923 .8404303 .8527787 .8693554 .8866961 .9083 .9395829 .9760728 1.011951 1.046546 1.080082 1.111149 1.142519 1.170752 1.197758 1.227177 1.250853 1.271294 1.292956 1.31014 1.317438 1.317476 1.306045 1.284853 1.260088 1.225499 1.177049 1.124283 1.067786 1.003724 .9262288 .8469765 .7874326 .7582553 .7613459 .7896123 .8327336 .8799552 .9184301
.9509525 .850385 .6879101 .4907098 .3380115 .2617739 .2435628 .2590327 .2942519 .3458637 .4070122 .4680313 .5145249 .557771 .6048626 .6363233 .6584978 .6731001 .6895154 .7086691 .7258939 .7388927 .7499008 .7580793 .7626645 .7699417 .7866156 .8056142 .8273562 .8570049 .8921834 .9302165 .9687505 1.009318 1.047465 1.083546 1.120112 1.155583 1.192997 1.226304 1.252493 1.280032 1.302572 1.314114 1.3182 1.310792 1.291095 1.26663 1.238799 1.194771 1.140965 1.083336 1.019161 .9421369 .8617339 .8056408 .783325 .7880605 .8136413 .8548205 .9019685 .9419352
1.002034 .9300498 .8116521 .6450735 .4796712 .3645626 .3112178 .2978975 .3115245 .3477221 .398796 .4484274 .4854552 .5160468 .547301 .5644307 .5808102 .5907682 .6023532 .622269 .6446666 .6624997 .6764136 .6909657 .6991161 .7041269 .7177317 .7356034 .7573547 .7841862 .813572 .8505492 .8924231 .9376333 .980962 1.021069 1.063808 1.109578 1.154873 1.198448 1.231221 1.264458 1.292704 1.309381 1.317628 1.314095 1.296179 1.271273 1.244332 1.207226 1.154416 1.095892 1.031177 .9559001 .8764151 .8225566 .8060863 .8128665 .8376713 .8790312 .9270217 .9703032
1.047722 .9954932 .9178364 .7985316 .6448011 .5070094 .4199328 .3738154 .3632246 .380183 .4174401 .4604382 .4932865 .5045129 .504255 .4982358 .4982245 .5065551 .5138964 .5311723 .5584416 .5850916 .6079376 .6282187 .644084 .6533317 .6625398 .6804425 .695703 .71609 .7459722 .7815436 .8267011 .8745336 .9182366 .9595169 1.009412 1.062315 1.114112 1.165362 1.206203 1.245436 1.280071 1.303109 1.317002 1.318065 1.301733 1.275759 1.248199 1.215022 1.165954 1.106619 1.041608 .9692835 .89689 .845555 .8305421 .8392172 .865196 .9059564 .952153 .994868
1.089343 1.047168 .995153 .9197099 .7990343 .6627388 .5461908 .4717048 .4337725 .4262551 .4494503 .491175 .5191435 .511311 .4776136 .4376584 .4166826 .4229699 .4298413 .4432201 .4742461 .5112261 .5448869 .5752272 .5984578 .6101458 .6181262 .632961 .6454803 .661118 .6919687 .7270249 .7741267 .8260867 .8727443 .9165025 .9680853 1.022303 1.076253 1.13095 1.179217 1.223893 1.264308 1.294539 1.315951 1.323399 1.310344 1.283784 1.254637 1.221555 1.176307 1.11714 1.052824 .9822824 .9154521 .8735098 .8594095 .8664947 .8884507 .9269528 .9731996 1.017231
1.12873 1.090438 1.047352 .992297 .9104807 .7972088 .6782112 .5935352 .5333323 .5034633 .5177516 .5509074 .5658337 .5365809 .4784604 .4069847 .3680985 .3662565 .3679468 .3780526 .4119672 .4563272 .5008155 .5429416 .573964 .5891301 .5991061 .618158 .6300816 .6420965 .6745279 .7090271 .7557017 .8104184 .8603187 .9059916 .9527972 1.000356 1.051429 1.107393 1.159876 1.207385 1.249758 1.284615 1.312672 1.327278 1.320291 1.296372 1.265426 1.229963 1.187256 1.132149 1.070454 1.003848 .939459 .9007482 .8923032 .8993061 .9166563 .9505489 .9930219 1.034956
