py_wake/examples/data/AJ_ParqueFicticio/Ridge area   Sector 9   Height 30m   Flow inclination.grd
DSAA
90  129
 262878   265103
 6504214   6507414
-21.86246   27.89935
[rows 54 to 80 of 129, columns 0 to 60 of 90]
9.926435 8.903044 8.101445 7.481324 7.396453 7.61247 8.191796 8.998723 9.937675 11.09475 12.17138 12.70403 12.54726 12.1583 11.90172 11.89307 12.23768 12.68972 13.30319 14.13467 14.83554 15.33313 15.65979 15.84423 15.83326 15.88343 16.01626 16.04297 16.15759 16.43575 16.54413 16.54921 16.42212 16.17364 16.0208 15.99258 15.90987 15.76434 15.53322 15.09326 14.34813 13.22875 11.79752 10.32313 8.361262 6.151168 4.070158 2.344365 .9676433 -.03401559 -.5912063 -.8278696 -.8108654 -.7143901 -.6204908 .264155 .6063665 .5005103 .05260342 -.3584287 -.2815749
10.35003 9.340324 8.484279 7.782342 7.532621 7.812328 8.404269 9.233049 10.25613 11.4219 12.51624 13.10229 12.93932 12.65714 12.54844 12.64967 13.00573 13.48081 14.12819 14.98864 15.77805 16.33119 16.78144 17.11205 17.19757 17.26227 17.335 17.34884 17.4306 17.56109 17.59334 17.46052 17.18581 16.93431 16.80881 16.76334 16.58767 16.32799 16.07164 15.65338 14.87058 13.65382 12.16992 10.61144 8.436072 6.388742 4.381517 2.652673 1.306715 .2581313 -.371979 -.6533933 -.6587871 -.5450531 -.4802174 -.2685162 -.01302199 -.1302194 -.4392725 -.7218254 -.8561161
10.85069 9.805752 8.883469 8.100012 7.813457 8.07366 8.65202 9.524596 10.59688 11.72599 12.74802 13.32514 13.18583 12.95636 12.90063 13.06833 13.48162 14.05718 14.83264 15.85431 16.70251 17.26205 17.7958 18.18138 18.29726 18.29857 18.29091 18.2705 18.35313 18.39951 18.33565 18.10792 17.79228 17.58139 17.44626 17.27318 17.02821 16.70717 16.44781 16.02841 15.17047 13.88918 12.36725 10.61414 8.464723 6.560344 4.646217 2.912163 1.596121 .5879591 -.1027986 -.4236776 -.4661453 -.3837905 -.3372869 -.4352497 -.5252302 -.7353447 -1.015576 -1.276644 -1.538857
11.24375 10.19615 9.211927 8.399168 8.131602 8.308879 8.875609 9.673905 10.67459 11.75299 12.78543 13.26701 13.23394 12.94878 12.9432 13.19138 13.71429 14.42969 15.33806 16.49422 17.36654 17.94768 18.54119 18.96784 19.07963 19.01114 18.92343 18.85718 18.92216 18.89901 18.78613 18.52757 18.23277 17.98412 17.73228 17.46937 17.15713 16.87863 16.61224 16.14024 15.17385 13.85682 12.26451 10.37253 8.464155 6.646086 4.826248 3.11948 1.815865 .8103896 .1182901 -.2452381 -.3348745 -.2764605 -.2400776 -.3578287 -.7193552 -1.076809 -1.47453 -1.89816 -2.364345
11.57562 10.51751 9.513853 8.722734 8.460926 8.573734 9.065478 9.787282 10.72568 11.66455 12.53853 12.96677 13.05174 12.81245 12.86067 13.10495 13.55704 14.22463 15.19442 16.41302 17.33578 18.04962 18.7678 19.26773 19.41316 19.31124 19.17599 19.09911 19.08303 19.03081 18.89285 18.63166 18.31716 17.98312 17.67703 17.31143 16.96745 16.66321 16.29866 15.71042 14.7399 13.42679 11.74397 10.0238 8.379596 6.644757 4.9211 3.255939 1.962042 .896561 .1923995 -.2188455 -.3466931 -.3245818 -.3107917 -.4419839 -.7635162 -1.307844 -1.87674 -2.493757 -3.171633
11.89541 10.89541 9.912181 9.123795 8.785284 8.793891 9.173863 9.781636 10.56839 11.36656 12.15515 12.60558 12.74477 12.65623 12.8153 13.13887 13.59416 14.23077 15.09293 16.15591 17.09422 17.8761 18.6236 19.10459 19.22907 19.17287 19.02184 18.94053 18.89798 18.81742 18.65496 18.36904 17.94387 17.53263 17.1704 16.74607 16.34455 15.97669 15.46335 14.74662 13.8327 12.51523 10.98837 9.565478 8.145054 6.461335 4.818548 3.243664 1.978082 .8419462 .08490393 -.3650514 -.5630909 -.6116864 -.6339995 -.7692991 -1.090263 -1.614351 -2.338313 -3.072301 -3.880328
12.07105 11.11772 10.14008 9.327181 8.916757 8.837469 9.118163 9.601765 10.24012 10.92724 11.61015 12.02518 12.22816 12.3403 12.58802 12.94009 13.40292 14.05235 14.89668 15.91612 16.7868 17.49923 18.22151 18.65501 18.72877 18.65841 18.49159 18.43511 18.36433 18.28453 18.11418 17.77049 17.18671 16.70098 16.27115 15.74623 15.32287 14.91098 14.30473 13.6193 12.71993 11.4314 10.20448 9.000984 7.719279 5.978982 4.410387 3.023891 1.866342 .7155182 -.09890585 -.6265865 -.9017892 -1.060719 -1.172565 -1.337798 -1.655865 -2.155827 -2.835892 -3.600198 -4.405125
11.99453 11.09429 10.14517 9.261286 8.702591 8.515632 8.635114 8.965205 9.472403 10.08188 10.73358 11.25175 11.53647 11.71887 11.99971 12.39271 12.91931 13.6341 14.51765 15.4625 16.27702 16.97324 17.62385 17.99652 18.02405 17.89006 17.73919 17.65833 17.54516 17.4097 17.18085 16.78094 16.1637 15.693 15.15616 14.62144 14.22633 13.72522 13.12551 12.49125 11.60378 10.45521 9.45841 8.360775 7.115664 5.307777 3.85957 2.667355 1.661804 .6385038 -.2526002 -.8826774 -1.29241 -1.588462 -1.831789 -2.084846 -2.419254 -2.864721 -3.483732 -4.175407 -4.86146
11.55342 10.78997 9.945063 9.050119 8.458746 8.234412 8.265596 8.497174 8.896175 9.372764 9.826522 10.18023 10.47634 10.87612 11.26733 11.7241 12.28854 12.97403 13.78343 14.61483 15.36306 15.99623 16.57447 16.93354 16.92655 16.74313 16.59147 16.56668 16.48548 16.28312 16.05778 15.59741 15.05227 14.57531 13.99235 13.48243 13.05033 12.52627 11.99147 11.39896 10.57661 9.616587 8.758143 7.759787 6.481294 4.760767 3.469455 2.428274 1.541713 .6607555 -.2575918 -1.057779 -1.65984 -2.097095 -2.464807 -2.844628 -3.223573 -3.631632 -4.130203 -4.718255 -5.250428
10.78803 10.11726 9.19109 8.09414 7.346949 6.952831 6.843946 6.960589 7.269471 7.703918 8.211245 8.755036 9.282592 9.842393 10.34044 10.70876 11.17295 11.79049 12.60955 13.3599 13.9561 14.48715 14.97884 15.38405 15.32447 15.1865 15.18697 15.2459 15.14058 14.98706 14.75147 14.30716 13.84903 13.36275 12.80254 12.3381 11.89742 11.4026 10.92639 10.39481 9.678972 8.87394 8.106395 7.214989 5.916962 4.376359 3.211184 2.27221 1.469938 .6887876 -.1804646 -1.14744 -1.965782 -2.550912 -3.017987 -3.522593 -3.977617 -4.368643 -4.816581 -5.328722 -5.765487
9.842972 9.187104 8.215191 7.133896 6.419047 6.001372 5.824869 5.845693 6.056696 6.419476 6.886241 7.415782 8.000667 8.606861 9.108433 9.444679 9.942718 10.57341 11.31177 11.81631 12.22164 12.70861 13.2587 13.60722 13.50876 13.54351 13.70366 13.76166 13.68924 13.59097 13.35586 12.95214 12.54788 12.08684 11.58171 11.12894 10.68971 10.25522 9.864964 9.446845 8.876786 8.197038 7.526697 6.751567 5.604422 4.216096 3.121454 2.229326 1.463128 .7155116 -.0943957 -1.163371 -2.202024 -2.93664 -3.493788 -4.074869 -4.680373 -5.055614 -5.477464 -5.972936 -6.494265
8.868771 8.221787 7.29294 6.242383 5.506155 5.038647 4.766861 4.662421 4.753358 5.032089 5.440457 5.942404 6.580862 7.263111 7.857126 8.266265 8.736079 9.292444 9.894387 10.27856 10.65361 11.12295 11.61519 11.87381 11.89314 12.02953 12.22361 12.26858 12.24144 12.16348 11.94097 11.57764 11.20009 10.78515 10.343 9.890503 9.477752 9.144237 8.898404 8.65253 8.252527 7.693528 7.131466 6.454683 5.547311 4.279547 3.193565 2.288247 1.512288 .7562645 -.03963418 -1.162643 -2.370183 -3.254057 -3.890493 -4.477575 -5.274455 -5.644004 -6.075913 -6.576561 -7.231701
8.011883 7.313548 6.459761 5.470978 4.686647 4.134728 3.731402 3.472644 3.427622 3.61711 3.987005 4.507149 5.245418 6.05614 6.794891 7.256606 7.677635 8.143114 8.655182 9.031531 9.354186 9.72864 10.12355 10.37253 10.47015 10.59936 10.76466 10.81198 10.81746 10.78879 10.62591 10.30437 9.963566 9.648798 9.260887 8.824827 8.45602 8.262796 8.192498 8.110612 7.906358 7.528963 7.038124 6.438843 5.70887 4.638522 3.476719 2.480767 1.638781 .836552 .004776865 -1.144424 -2.48103 -3.461853 -4.139879 -4.700742 -5.648926 -6.045658 -6.545656 -7.114101 -7.924845
7.161582 6.408381 5.572966 4.642919 3.867775 3.292837 2.815376 2.451347 2.288738 2.433518 2.816159 3.383795 4.213037 5.131892 5.978704 6.484355 6.848394 7.21081 7.657013 8.045828 8.301771 8.577641 8.88931 9.124077 9.196376 9.269495 9.376361 9.380336 9.399073 9.432396 9.339853 9.049987 8.757111 8.526811 8.267015 7.93446 7.698507 7.675485 7.832191 7.946301 7.918753 7.698212 7.264359 6.703869 6.025918 5.094784 3.908607 2.793146 1.842124 .9652451 .07551775 -1.098881 -2.502817 -3.525806 -4.223166 -4.746155 -5.770729 -6.211496 -6.81727 -7.510359 -8.48597
6.364615 5.57368 4.687629 3.724063 2.878627 2.255732 1.705392 1.260588 1.066619 1.26118 1.734199 2.420724 3.378855 4.408006 5.289434 5.856884 6.184686 6.502506 6.895183 7.267651 7.461893 7.654302 7.880093 8.059163 8.077135 8.104639 8.14242 8.110913 8.166305 8.22178 8.172696 7.950277 7.694372 7.542837 7.450703 7.276846 7.235047 7.429995 7.792932 8.107205 8.212316 8.124994 7.787673 7.189573 6.473493 5.595928 4.466582 3.2283 2.120732 1.139313 .176469 -1.031207 -2.476042 -3.529342 -4.240078 -4.762407 -5.837541 -6.335581 -7.019 -7.79631 -8.862589
5.631649 4.788919 3.834231 2.784377 1.881905 1.152568 .5278903 .102693 .05787623 .3933922 1.003088 1.794641 2.842805 3.891937 4.804398 5.439509 5.757687 6.051373 6.396738 6.68785 6.850809 6.973745 7.097749 7.196538 7.2029 7.193829 7.14406 7.108249 7.192396 7.246784 7.246808 7.052899 6.834072 6.766834 6.799414 6.845041 7.055991 7.498203 8.070179 8.571268 8.789128 8.781933 8.546824 7.879988 7.021646 6.12341 5.068598 3.779931 2.474224 1.355278 .3133321 -.934481 -2.400498 -3.482257 -4.211802 -4.821448 -5.892091 -6.505187 -7.29346 -8.168083 -9.20877
4.910057 4.087511 3.100523 2.007023 1.106338 .4260849 -.1097531 -.4539274 -.5154666 -.2114138 .429761 1.280066 2.376047 3.508694 4.527197 5.253549 5.62955 5.940133 6.226011 6.441063 6.586305 6.637276 6.666975 6.698671 6.650059 6.577648 6.475729 6.464608 6.545578 6.585186 6.596914 6.498502 6.357302 6.341463 6.474129 6.732935 7.093086 7.723934 8.528197 9.200853 9.522703 9.607314 9.422698 8.810943 7.686014 6.65348 5.572848 4.262076 2.822898 1.513266 .3892159 -.8660685 -2.287835 -3.361693 -4.096417 -4.849054 -5.877145 -6.665888 -7.592823 -8.542071 -9.435448
4.248549 3.485572 2.537108 1.498704 .6724722 .1347246 -.2305623 -.4485317 -.5077021 -.3441241 .1214711 .8647429 1.973407 3.23563 4.373268 5.188147 5.709555 6.092966 6.371933 6.555388 6.654902 6.658082 6.56458 6.523143 6.405772 6.299768 6.146353 6.124417 6.179451 6.289961 6.374664 6.376872 6.363455 6.444548 6.62726 6.929615 7.316146 7.994925 9.036472 9.957402 10.25575 10.38742 10.23592 9.67493 8.359474 7.05966 5.89324 4.59094 3.079223 1.614106 .4084831 -.8365405 -2.139379 -3.13906 -3.889101 -4.798352 -5.82736 -6.830923 -7.858564 -8.740273 -9.348344
3.538349 2.763634 1.895838 .9895255 .299241 -.05926074 -.1950639 -.1725395 -.1603728 -.02938222 .3169332 .8582225 1.791391 3.01457 4.236909 5.161959 5.844428 6.356171 6.69081 6.902381 6.950951 6.892946 6.708933 6.578845 6.40771 6.263093 6.12744 6.10837 6.190029 6.341938 6.560196 6.733721 6.829211 6.918193 7.090307 7.432485 7.777908 8.373432 9.471369 10.67299 11.00763 11.05426 10.89924 10.28488 8.984851 7.268966 5.964509 4.578197 3.026063 1.459921 .1862078 -.9764135 -2.066136 -2.927651 -3.730682 -4.757839 -5.864172 -7.058422 -8.079533 -8.755313 -9.619822
2.791853 2.075089 1.400651 .6554102 .1198961 -.1265012 -.2181325 -.2461674 -.2038079 -.009258031 .408301 1.032186 2.105416 3.499398 4.788255 5.681754 6.465281 6.986254 7.321401 7.506149 7.430855 7.259329 7.000143 6.819524 6.635915 6.495306 6.399353 6.432353 6.592598 6.846674 7.144293 7.43306 7.640392 7.706039 7.854227 8.200318 8.517955 9.063345 10.03888 11.28663 11.72655 11.68377 11.42017 10.66 9.374193 7.261027 5.822939 4.346975 2.809317 1.273283 .06563484 -.9405044 -1.851891 -2.640621 -3.545849 -4.68441 -5.940082 -7.219574 -8.155973 -8.647088 -9.139698
2.340726 1.833106 1.288412 .6859538 .2517947 .01724345 -.139843 -.2857991 -.4480277 -.4705965 -.1882198 .6410409 2.213395 4.248482 6.057497 7.653629 8.648086 9.163623 9.444396 9.263383 8.657942 8.255744 7.967996 7.708711 7.467825 7.271513 7.143278 7.18625 7.370617 7.689946 7.97707 8.399752 8.748443 8.754258 8.851867 9.134422 9.489201 10.06706 10.9513 12.04533 12.43239 12.29402 11.80951 10.82057 9.450423 7.072765 5.540846 4.009073 2.513934 1.128391 .101379 -.7216794 -1.477855 -2.274088 -3.296529 -4.548385 -5.965127 -7.256193 -8.284899 -9.075727 -8.383193
2.52908 2.055959 1.54034 1.035392 .5888717 .2761963 .02086627 -.1463386 -.4246996 -.7116997 -.8509867 -.5343403 .7105929 3.089769 5.052235 6.816145 8.938636 10.36243 10.7206 10.41648 9.579377 9.074841 8.910054 8.864997 8.616914 8.188809 7.956669 8.008414 8.333909 8.689084 8.862266 9.370476 9.941186 9.93225 9.981854 10.23617 10.65858 11.24176 12.07499 12.97858 13.1772 12.83784 12.08486 10.8835 9.359256 6.81217 5.216728 3.653579 2.215428 1.041257 .2386116 -.3772217 -1.037517 -1.92051 -3.014937 -4.33063 -5.922658 -7.646549 -9.729856 -10.41275 -10.18538
3.156166 2.731631 2.281618 1.790165 1.29553 .869345 .5383227 .5157843 .3371757 -.03955173 -.4624726 -.7268745 -.5439729 .8254159 2.491366 3.977063 5.879189 7.950568 9.065564 9.279707 9.014958 8.836896 8.842984 9.003697 9.027839 8.62995 8.371294 8.383245 8.73811 9.216035 9.393115 9.899726 10.69373 10.97832 11.22443 11.57457 12.05811 12.60023 13.32068 13.89662 13.79811 13.17473 12.12213 10.75607 9.055412 6.487972 4.877982 3.322015 1.976581 1.037231 .4566512 -.03758978 -.7132342 -1.622823 -2.696383 -4.114212 -6.496239 -10.47612 -10.93199 -10.90793 -10.68179
4.039865 3.736947 3.431495 3.037702 2.641934 2.355413 2.299626 2.500086 2.492671 2.262533 1.898378 1.507521 1.483127 1.928494 2.506332 3.215768 4.14584 5.49323 6.759131 7.560356 7.77977 7.876046 8.018833 8.215244 8.379063 8.337214 8.341456 8.494029 8.878407 9.41444 9.871576 10.54936 11.43036 12.09087 12.59957 13.08807 13.58911 14.05315 14.49308 14.57669 14.13573 13.15539 11.8528 10.36997 8.456119 6.080896 4.508433 3.030989 1.868446 1.174057 .6851473 .1698395 -.449949 -1.124885 -2.144273 -4.79519 -10.56498 -11.12631 -11.46894 -11.52114 -11.29923
5.184511 5.047426 4.986317 4.811085 4.689986 4.753759 5.092851 5.51697 5.653246 5.617432 5.52368 5.454637 5.356771 5.387976 5.392761 5.525997 5.692683 6.035771 6.518051 7.008692 7.261192 7.445283 7.665629 7.835695 7.934723 8.068972 8.351632 8.73723 9.242571 9.88326 10.6359 11.54734 12.54485 13.42937 14.05478 14.57166 14.99125 15.27584 15.26312 14.85715 14.0709 12.77429 11.34272 9.735667 7.609344 5.583398 4.089433 2.757287 1.889832 1.400325 .9146892 .4911608 .3993687 .3308018 -2.09698 -9.739467 -10.48729 -11.22448 -11.79964 -12.03548 -11.88221
6.761961 6.819347 7.074193 7.199716 7.346014 7.680418 8.269316 8.765253 8.978182 9.064569 9.040561 8.919052 8.822345 8.649799 8.471395 8.283553 8.065768 8.027241 8.004983 8.026879 8.02759 8.085003 8.213432 8.285497 8.334894 8.478954 8.843498 9.311222 9.87169 10.61265 11.553 12.57387 13.7191 14.71097 15.31546 15.73173 15.98376 15.99227 15.50847 14.73713 13.56405 12.11832 10.58087 8.789251 6.634203 4.982896 3.620963 2.516214 1.94373 1.580922 1.260056 1.392687 2.830951 2.315106 -8.646129 -8.704235 -9.078453 -10.11119 -11.42307 -12.25561 -12.38161
9.009018 9.325442 9.731982 9.981668 10.29321 10.74191 11.24161 11.60344 11.72538 11.70516 11.62524 11.38732 11.14741 10.68374 10.31091 10.06468 9.783272 9.722423 9.602249 9.441193 9.308592 9.237125 9.241389 9.238905 9.296153 9.443169 9.769076 10.22115 10.79198 11.554 12.50366 13.55226 14.72038 15.65373 16.17365 16.44406 16.47392 16.16742 15.32727 14.22658 12.8063 11.32379 9.605631 7.648752 5.719572 4.317514 3.127167 2.297217 1.930092 1.704137 1.816696 3.968274 6.798502 -2.519023 -7.259126 -5.942523 -5.669579 -6.223068 -8.210529 -11.4827 -12.70834
