py_wake/examples/data/AJ_ParqueFicticio/Ridge area   Sector 8   Height 30m   Turbulence intensity.grd
DSAA
90  129
 262878   265103
 6504214   6507414
 10.24184   100
[rows 56 to 83 of 129, columns 0 to 61 of 90]
12.37522 12.33776 12.33314 12.41311 12.62181 12.86009 13.14348 13.43484 13.72495 13.96593 14.0873 14.06495 14.13488 14.35848 14.65692 15.00667 15.35946 15.74866 16.17944 16.60935 16.81359 16.82552 16.7965 16.64415 16.39283 16.18366 16.03967 15.95322 15.94197 15.91685 15.84955 15.71791 15.59404 15.58377 15.56862 15.41766 15.13774 14.77391 14.41248 13.93613 13.34138 12.76185 12.2741 11.82019 11.48586 11.30328 11.18149 11.13849 11.13247 11.16913 11.30307 11.54323 11.94634 12.55152 13.39038 14.31105 15.21711 15.93784 16.37524 16.46287 16.34805 16.21375
12.1291 12.08725 12.07138 12.14705 12.32612 12.56751 12.83821 13.0758 13.31863 13.53799 13.68372 13.6308 13.56837 13.60606 13.88029 14.24358 14.65941 15.07753 15.54201 15.97394 16.14982 16.16313 16.17973 16.08379 15.8405 15.57791 15.37763 15.23075 15.16966 15.0791 14.98361 14.87945 14.801 14.73426 14.63208 14.51234 14.35181 14.18691 13.96113 13.58393 13.04828 12.54278 12.09335 11.68682 11.45344 11.27249 11.1472 11.09774 11.08642 11.07305 11.13395 11.2939 11.57763 12.02361 12.62799 13.32555 13.92421 14.50322 14.98194 15.24566 15.37675 15.5296
11.92408 11.86848 11.8599 11.94502 12.08707 12.2794 12.49961 12.72841 12.94182 13.09933 13.18839 13.17386 13.14461 13.18883 13.36794 13.592 13.8885 14.24685 14.70241 15.09117 15.2686 15.34022 15.39647 15.35838 15.17182 14.9238 14.70174 14.53927 14.40689 14.28587 14.1768 14.0672 13.97176 13.86937 13.77042 13.64481 13.5196 13.3917 13.19984 12.91648 12.55078 12.16436 11.7771 11.51364 11.34962 11.18246 11.06164 11.01076 10.99288 10.97283 10.97506 11.05489 11.2381 11.51599 11.92031 12.41868 12.9421 13.39017 13.86568 14.31195 14.72692 15.19345
11.72679 11.65728 11.62614 11.67485 11.78466 11.94978 12.13904 12.33058 12.50583 12.64909 12.7336 12.73938 12.73037 12.80219 12.99262 13.21728 13.45398 13.71365 13.98745 14.26041 14.44187 14.56079 14.6082 14.55058 14.39758 14.20927 14.00834 13.84694 13.71154 13.57796 13.4425 13.30991 13.17114 13.05578 12.9517 12.82758 12.71635 12.59465 12.42117 12.20133 11.977 11.69682 11.4561 11.30365 11.15885 10.99737 10.88049 10.84092 10.83889 10.83579 10.8375 10.85372 10.94219 11.11371 11.37293 11.72856 12.13836 12.58011 13.0476 13.67125 14.38091 15.10738
11.49416 11.40512 11.34391 11.35441 11.43753 11.57393 11.72677 11.87597 12.02398 12.17143 12.26023 12.28209 12.30512 12.40092 12.57003 12.75052 12.9654 13.2274 13.50873 13.75366 13.82059 13.8478 13.862 13.80443 13.66613 13.50712 13.32829 13.18303 13.04785 12.92417 12.79455 12.64061 12.4651 12.34688 12.24515 12.12325 12.0356 11.94065 11.80006 11.67113 11.51312 11.32734 11.21096 11.09395 10.93939 10.76186 10.67619 10.64837 10.64005 10.68098 10.70947 10.71297 10.72821 10.8145 10.97949 11.23452 11.58991 12.02969 12.56893 13.29919 14.25166 15.18339
11.21124 11.12149 11.05404 11.03702 11.099 11.20443 11.31964 11.44289 11.57636 11.7206 11.82218 11.88083 11.90282 11.96745 12.09994 12.27014 12.47673 12.72765 12.99326 13.20268 13.2846 13.31227 13.3137 13.20635 13.02697 12.86085 12.72232 12.59009 12.45559 12.33573 12.21236 12.06898 11.9195 11.82552 11.71923 11.62823 11.56733 11.47944 11.39093 11.3096 11.19277 11.09165 11.03312 10.93655 10.78478 10.65166 10.63807 10.62129 10.57595 10.57707 10.6127 10.61582 10.59376 10.61806 10.73229 10.94759 11.30479 11.78792 12.39039 13.17971 14.36102 15.51483
10.90945 10.83776 10.77465 10.73027 10.7675 10.84652 10.9458 11.05783 11.17663 11.29694 11.37981 11.43824 11.51102 11.62459 11.74541 11.89881 12.05513 12.2374 12.42594 12.58511 12.68583 12.70007 12.69464 12.61046 12.4545 12.2782 12.13943 12.046 11.95167 11.83958 11.74873 11.6306 11.53148 11.4482 11.36541 11.30645 11.24705 11.18196 11.13379 11.07489 10.9983 10.94636 10.89654 10.81842 10.7018 10.65349 10.68337 10.67346 10.61564 10.54691 10.52992 10.52218 10.50224 10.50754 10.59112 10.79413 11.16543 11.70101 12.37096 13.19152 14.59239 16.06813
10.64097 10.56665 10.4759 10.42522 10.45884 10.53338 10.62604 10.72879 10.84022 10.96083 11.07667 11.18701 11.28462 11.37691 11.45079 11.52579 11.63247 11.7719 11.93136 12.03778 12.08219 12.09311 12.07392 12.02758 11.88821 11.7657 11.69029 11.60947 11.52154 11.45211 11.37989 11.29938 11.23999 11.17563 11.12318 11.09013 11.04882 11.00971 10.98031 10.9416 10.8979 10.86608 10.81912 10.74537 10.66082 10.68229 10.72607 10.72012 10.66208 10.56388 10.47429 10.43585 10.42245 10.42647 10.48747 10.6817 11.05612 11.62535 12.35595 13.24921 14.75037 16.51244
10.45696 10.37983 10.29636 10.28738 10.34249 10.42057 10.50961 10.6063 10.71221 10.82689 10.93916 11.04386 11.13656 11.20694 11.24357 11.29452 11.39925 11.50508 11.58854 11.59452 11.61421 11.65139 11.6592 11.58779 11.47122 11.41962 11.37225 11.27969 11.21127 11.16898 11.11391 11.06599 11.03123 10.9944 10.97334 10.9601 10.94221 10.93295 10.93097 10.9171 10.88915 10.86898 10.8386 10.77825 10.70579 10.7213 10.76832 10.76404 10.70546 10.60122 10.47273 10.37907 10.36232 10.37271 10.4176 10.58749 10.95686 11.5452 12.3246 13.29213 14.67674 16.49239
10.37714 10.30881 10.24184 10.24313 10.29679 10.3646 10.44469 10.5407 10.65458 10.7793 10.90426 11.02614 11.13599 11.21088 11.24102 11.27548 11.32929 11.38225 11.4182 11.41008 11.42944 11.4507 11.43231 11.34833 11.27585 11.22894 11.16939 11.07512 11.0366 11.00751 10.97573 10.95472 10.94481 10.94289 10.95279 10.9621 10.97868 11.00882 11.03328 11.03202 11.00875 10.99118 10.96789 10.91629 10.83626 10.79632 10.81012 10.80293 10.74199 10.63611 10.49667 10.37488 10.33952 10.3593 10.39964 10.53907 10.90219 11.4915 12.28108 13.28022 14.44634 16.06505
10.37117 10.31232 10.26921 10.25859 10.30766 10.37755 10.4628 10.57548 10.71873 10.88106 11.04687 11.20764 11.33898 11.41236 11.41632 11.39995 11.41769 11.43587 11.45276 11.45021 11.44865 11.42721 11.38452 11.31511 11.24283 11.16887 11.08765 11.01737 10.98691 10.97032 10.95856 10.96006 10.97908 11.01389 11.05254 11.09461 11.15872 11.23277 11.27471 11.27829 11.26093 11.2176 11.1666 11.1102 11.02199 10.91079 10.85033 10.83272 10.77004 10.66402 10.52509 10.40113 10.36503 10.39204 10.42609 10.53114 10.87247 11.43653 12.21725 13.23511 14.44664 15.70591
10.40446 10.36601 10.34607 10.35122 10.38531 10.45392 10.55084 10.69139 10.88104 11.09606 11.3072 11.50328 11.64786 11.70595 11.67891 11.60227 11.58624 11.60231 11.61728 11.60027 11.56966 11.54281 11.49373 11.41347 11.32524 11.24529 11.18162 11.12635 11.10299 11.0875 11.06788 11.08043 11.13348 11.20238 11.25991 11.32817 11.43685 11.54638 11.60677 11.61368 11.57941 11.50696 11.40921 11.31955 11.20264 11.04944 10.91688 10.85637 10.78863 10.68207 10.54495 10.42323 10.39506 10.42696 10.45336 10.52321 10.83597 11.35948 12.1301 13.17864 14.46273 15.82102
10.4926 10.47083 10.47171 10.50502 10.56675 10.63667 10.73815 10.9022 11.14077 11.41942 11.69159 11.92461 12.06352 12.07331 12.00651 11.90732 11.83538 11.83379 11.84544 11.81976 11.77035 11.73922 11.69188 11.60846 11.5393 11.50346 11.46168 11.4253 11.40933 11.39085 11.374 11.38907 11.45911 11.5502 11.61999 11.7005 11.82191 11.95108 12.03112 12.0356 11.96155 11.85532 11.70659 11.53851 11.38544 11.20948 11.02049 10.88479 10.7975 10.6891 10.55351 10.43356 10.41419 10.45411 10.48284 10.53907 10.85688 11.36616 12.13184 13.19981 14.56714 16.05488
10.61392 10.62216 10.65217 10.72867 10.84207 10.96484 11.12076 11.3475 11.66366 12.04191 12.44002 12.77221 12.90975 12.84251 12.6571 12.44382 12.28169 12.20497 12.1555 12.11789 12.07854 12.02576 11.99063 11.96863 11.93263 11.89051 11.86992 11.87798 11.86979 11.85475 11.85838 11.87646 11.94008 12.05023 12.16962 12.29718 12.43929 12.57421 12.63464 12.61011 12.47919 12.30533 12.09101 11.81123 11.5849 11.37869 11.15567 10.9323 10.79715 10.6802 10.54529 10.43185 10.43214 10.49859 10.557 10.65565 11.03878 11.59435 12.39557 13.50402 14.9365 16.47005
10.78065 10.82263 10.88969 11.01606 11.18959 11.3949 11.6838 12.13813 12.80593 13.61429 14.43147 15.11331 15.46628 15.27669 14.70074 14.06804 13.61135 13.2897 12.99834 12.77442 12.66015 12.58535 12.52295 12.4888 12.44849 12.42255 12.41458 12.45716 12.48165 12.52625 12.5615 12.62724 12.75731 12.97303 13.21765 13.52806 13.88349 14.15352 14.16294 13.81381 13.43199 13.06065 12.64819 12.20894 11.80214 11.54311 11.27856 11.00403 10.79858 10.6626 10.53284 10.43227 10.46036 10.56361 10.6652 10.83808 11.28015 11.88365 12.75165 13.96205 15.49252 17.11782
11.02215 11.07962 11.17527 11.34119 11.60032 11.97321 12.57381 13.57712 15.12854 17.00826 18.79921 20.46925 21.62609 21.16932 19.91442 18.46778 17.46529 16.55036 15.69283 15.00477 14.4562 14.05244 13.80096 13.6462 13.52289 13.48057 13.51047 13.59874 13.69727 13.84225 13.99295 14.18731 14.50763 14.93979 15.42404 16.00359 16.59963 17.3052 17.66048 16.60053 15.18824 14.32295 13.54462 12.7923 12.11859 11.72163 11.40464 11.08754 10.81421 10.64805 10.5304 10.46792 10.53143 10.66311 10.80519 11.0556 11.53041 12.18753 13.13163 14.4552 16.15006 17.96198
11.38662 11.45865 11.56899 11.81225 12.26584 12.97869 14.1078 15.96412 18.82792 22.35834 26.10644 29.68616 32.53273 32.77912 30.6678 28.24854 26.19186 24.22947 22.37207 20.71762 19.17437 17.82441 16.98868 16.55085 16.21333 16.02672 15.97146 16.10608 16.30777 16.64222 16.96176 17.24074 17.7143 18.36328 19.19538 19.87082 20.11267 20.79222 21.496 20.13947 17.49008 15.79286 14.57796 13.45172 12.51286 11.9012 11.5441 11.20118 10.92287 10.76513 10.69214 10.67889 10.75269 10.87223 11.03931 11.33793 11.81448 12.53694 13.56757 15.01689 24.90613 26.3377
11.98124 12.16072 12.38853 12.8126 13.59029 14.74446 16.39997 19.00053 22.96008 27.80636 33.12662 38.78604 43.9486 46.2164 45.55639 42.98339 40.35335 36.98249 33.99958 31.01267 27.97237 25.53657 23.72141 22.60382 21.93318 21.48708 21.21223 21.25228 21.42847 21.83148 22.16833 22.57897 22.70634 22.98511 23.74902 24.0447 23.63784 23.56923 23.33269 21.96352 19.01083 16.80785 15.26802 13.9174 12.80642 12.05241 11.69695 11.36524 11.1222 11.0166 10.98829 10.98946 11.04758 11.15338 11.35048 11.67939 12.16381 12.95092 14.07045 15.65847 25.27608 28.57317
13.01069 13.42545 14.05475 15.18868 16.90371 19.07642 21.58246 24.94547 29.447 34.57463 40.68682 46.43071 50.73732 52.89 53.56717 54.10531 52.59508 49.7878 46.76976 42.62452 38.2605 35.44791 33.59093 31.7233 30.48042 29.8774 29.82248 29.8403 30.12765 30.26398 30.25653 30.51351 29.68247 28.55127 28.19463 27.674 26.67069 25.48481 24.174 22.40236 19.55217 17.26065 15.50527 14.05809 12.91466 12.15684 11.84393 11.55304 11.36816 11.32253 11.31855 11.31982 11.37689 11.52323 11.77997 12.13164 12.67355 13.51548 14.70784 16.38968 18.5648 25.70742
14.40191 15.32861 16.78599 19.02416 22.547 27.49604 33.26645 37.37375 37.3764 38.61609 41.98333 46.92363 52.88235 56.66805 56.53912 57.55815 59.61613 58.21936 54.24324 49.50136 45.03541 42.54914 41.51167 40.79821 39.26245 37.88496 37.95399 39.23929 40.66021 39.84735 38.95464 39.11394 37.41214 34.07772 31.75162 29.94428 28.03185 26.08907 24.36655 22.22816 19.40242 17.17222 15.43264 14.0481 12.94471 12.23049 11.97359 11.73873 11.64223 11.67026 11.70215 11.73009 11.85526 12.13161 12.46218 12.84571 13.48779 14.3854 15.58408 17.24384 19.491 24.26797
16.02844 17.45559 19.77418 23.27711 28.65144 35.98342 43.27568 44.27941 38.63334 37.18765 38.37908 41.71534 46.61911 50.80585 51.54872 53.54721 56.94951 57.57893 54.45943 50.51186 47.68258 46.28334 45.78328 45.6689 44.6101 43.13322 43.05892 44.18037 45.66747 44.96782 43.32741 42.7109 40.6951 36.36691 32.89933 30.08791 27.57997 25.2729 23.41059 21.07888 18.53069 16.54581 14.98186 13.8057 12.82384 12.23265 12.05054 11.90683 11.94372 12.06296 12.16777 12.34098 12.68229 13.13597 13.60896 14.15847 14.92631 15.85013 16.95664 18.41744 20.54451 23.18623
18.15984 20.14639 23.10658 27.3346 32.96602 38.09774 39.92744 37.07247 32.86966 31.41387 31.76741 33.8757 35.80027 38.04062 40.64681 43.21728 46.21002 47.95594 48.38765 47.47254 46.38078 45.83835 45.57152 45.35754 44.76299 44.03314 43.86455 44.13866 44.26309 43.30059 42.06025 40.83671 38.4481 35.07801 31.8091 28.91509 26.26549 23.75967 21.54141 19.2244 17.16521 15.49159 14.26108 13.37982 12.59294 12.20192 12.08736 12.06507 12.23003 12.45515 12.81178 13.32851 13.92767 14.63791 15.48488 16.40995 17.40539 18.40167 19.43757 20.46615 22.1025 24.14648
20.55676 23.38015 26.85918 30.11673 33.30914 35.21926 34.60127 30.86458 27.77387 26.69278 26.41069 26.20476 27.17582 28.82327 30.88339 32.8044 34.67798 37.31122 39.50234 40.79128 41.29728 41.80096 42.07529 41.84003 41.49383 41.57769 41.73809 41.57304 40.90589 40.08051 39.22667 37.78692 35.40078 32.68997 29.67613 26.90689 24.33772 21.86744 19.50601 17.45067 15.8331 14.48294 13.5725 12.88089 12.30171 12.14612 12.10392 12.22408 12.4879 12.91061 13.68191 14.5259 15.42906 16.6255 18.14092 19.76689 21.17122 22.38901 23.13134 23.6638 24.50145 25.63383
21.96628 25.10081 28.19377 29.12313 29.85265 30.45841 29.33959 26.22346 23.93638 22.66059 21.79236 21.59184 22.04864 22.79866 23.66902 25.04168 26.73199 28.91585 31.01089 32.90725 34.47462 35.83384 36.64978 36.89433 37.14296 37.71386 38.1239 37.83451 37.30479 36.94569 36.26471 34.7439 32.88501 30.28999 27.26676 24.59993 22.22442 19.91116 17.72504 16.03463 14.69442 13.72074 13.03876 12.42882 12.06356 12.07109 12.1167 12.34869 12.70353 13.4965 14.53073 15.68661 17.1333 19.11429 21.60165 24.15181 26.26468 27.59127 27.93781 28.02881 28.18871 28.30201
21.29462 23.36037 24.66697 24.85726 25.00031 24.72399 23.45147 21.79759 20.19436 19.04493 18.39793 18.08412 18.07332 18.23104 18.79606 19.73194 21.02044 22.73388 24.43338 26.27914 27.92691 29.42451 30.60149 31.53924 32.35407 33.0495 33.5349 33.61656 33.52801 33.32098 32.68574 31.50632 29.99627 27.62209 24.92141 22.4818 20.30593 18.22323 16.33283 14.89159 13.80162 13.115 12.53632 12.09228 11.97036 12.02663 12.15674 12.43982 12.9364 13.97831 15.18997 16.69947 18.87178 22.03433 26.05086 30.07189 33.09973 33.73702 33.99555 33.90852 33.62197 32.95716
19.22357 19.82509 20.06727 20.17705 20.00007 19.42036 18.63401 17.75232 16.81692 16.13395 15.64028 15.19529 15.03169 15.15642 15.58113 16.23463 17.0446 18.24586 19.59519 20.94578 22.50044 23.84805 25.23455 26.50519 27.61635 28.38885 29.00084 29.35968 29.40349 29.21371 28.78607 27.98499 26.58067 24.71941 22.63752 20.54206 18.60426 16.79857 15.2304 13.9363 13.1358 12.54831 12.04708 11.84734 11.90573 11.99495 12.19903 12.49597 13.22867 14.37486 15.69738 17.56888 20.55379 25.32223 31.61875 38.2097 41.2209 40.61299 40.80982 41.45343 41.12482 39.85225
16.86337 16.91981 16.84199 16.68748 16.36741 15.96997 15.44095 14.88685 14.48366 14.15846 13.75539 13.43085 13.28078 13.28289 13.46134 13.86564 14.55824 15.39623 16.28493 17.14299 18.37452 19.86843 21.48752 22.84797 23.87856 24.54104 25.1297 25.5 25.53822 25.47024 25.21069 24.71116 23.73097 22.12265 20.3955 18.75183 17.11156 15.57739 14.17551 13.19818 12.6134 12.06709 11.738 11.75233 11.83655 11.97082 12.21146 12.50027 13.43738 14.61183 16.06342 18.31532 24.45104 34.80548 37.82278 48.87255 48.52124 45.81787 44.8405 46.00697 50.0146 48.65448
15.18386 15.04666 14.80587 14.55004 14.33984 14.01365 13.63733 13.39667 13.20785 12.9412 12.67065 12.48896 12.31718 12.24757 12.47368 12.89016 13.43547 14.03656 14.58836 15.12211 16.30088 17.76826 19.33457 20.61672 21.46092 21.95572 22.45252 22.72374 22.60663 22.5238 22.42281 22.05873 21.22447 19.88474 18.46399 17.19198 15.81059 14.57805 13.42328 12.75442 12.28458 11.84117 11.6539 11.71436 11.81183 11.98076 12.22293 12.57306 13.56714 14.70033 16.19313 18.64139 76.10468 33.97116 42.95726 46.72786 48.78185 50.69401 48.36657 48.45749 52.10644 57.70409
