py_wake/examples/data/AJ_ParqueFicticio/Ridge area   Sector 5   Height 200m   Weibull-k.grd
DSAA
90  129
 262878   265103
 6504214   6507414
 1.197266   2.861328
[rows 54 to 80 of 129, columns 0 to 61 of 90]
2.748047 2.763672 2.783203 2.802734 2.806641 2.802734 2.794922 2.787109 2.771484 2.751953 2.740234 2.740234 2.751953 2.755859 2.751953 2.744141 2.724609 2.716797 2.716797 2.716797 2.720703 2.740234 2.775391 2.798828 2.810547 2.802734 2.783203 2.775391 2.763672 2.751953 2.755859 2.767578 2.775391 2.779297 2.775391 2.767578 2.755859 2.740234 2.728516 2.716797 2.701172 2.685547 2.673828 2.658203 2.642578 2.638672 2.642578 2.650391 2.666016 2.689453 2.720703 2.755859 2.794922 2.830078 2.853516 2.853516 2.853516 2.853516 2.853516 2.853516 2.853516 2.853516
2.755859 2.771484 2.787109 2.802734 2.806641 2.806641 2.798828 2.791016 2.779297 2.767578 2.759766 2.767578 2.783203 2.791016 2.794922 2.787109 2.771484 2.744141 2.716797 2.681641 2.662109 2.666016 2.685547 2.716797 2.740234 2.748047 2.751953 2.755859 2.759766 2.763672 2.767578 2.779297 2.783203 2.783203 2.779297 2.771484 2.755859 2.744141 2.732422 2.720703 2.705078 2.689453 2.673828 2.658203 2.646484 2.642578 2.646484 2.658203 2.673828 2.693359 2.720703 2.755859 2.791016 2.822266 2.849609 2.853516 2.853516 2.853516 2.853516 2.853516 2.853516 2.853516
2.763672 2.779297 2.791016 2.806641 2.806641 2.806641 2.798828 2.791016 2.783203 2.775391 2.771484 2.779297 2.794922 2.806641 2.810547 2.806641 2.794922 2.771484 2.744141 2.705078 2.677734 2.669922 2.677734 2.697266 2.724609 2.740234 2.755859 2.767578 2.775391 2.783203 2.791016 2.794922 2.794922 2.791016 2.787109 2.775391 2.763672 2.751953 2.740234 2.724609 2.712891 2.697266 2.681641 2.666016 2.654297 2.650391 2.654297 2.662109 2.677734 2.697266 2.724609 2.755859 2.791016 2.818359 2.845703 2.853516 2.853516 2.853516 2.853516 2.853516 2.853516 2.853516
2.775391 2.787109 2.798828 2.806641 2.806641 2.802734 2.798828 2.794922 2.787109 2.779297 2.779297 2.787109 2.798828 2.810547 2.814453 2.814453 2.806641 2.794922 2.771484 2.740234 2.720703 2.712891 2.708984 2.720703 2.740234 2.755859 2.771484 2.783203 2.798828 2.806641 2.810547 2.810547 2.810547 2.802734 2.791016 2.779297 2.771484 2.759766 2.748047 2.736328 2.720703 2.705078 2.689453 2.673828 2.666016 2.662109 2.662109 2.669922 2.685547 2.705078 2.728516 2.755859 2.787109 2.814453 2.837891 2.853516 2.853516 2.853516 2.853516 2.853516 2.853516 2.853516
2.783203 2.794922 2.802734 2.806641 2.806641 2.806641 2.802734 2.794922 2.791016 2.783203 2.787109 2.794922 2.802734 2.810547 2.814453 2.814453 2.814453 2.806641 2.794922 2.775391 2.763672 2.755859 2.751953 2.755859 2.767578 2.783203 2.794922 2.806641 2.818359 2.826172 2.830078 2.826172 2.822266 2.814453 2.802734 2.791016 2.783203 2.771484 2.759766 2.748047 2.736328 2.720703 2.705078 2.693359 2.681641 2.673828 2.673828 2.681641 2.693359 2.708984 2.732422 2.755859 2.783203 2.806641 2.830078 2.849609 2.853516 2.853516 2.853516 2.853516 2.853516 2.853516
2.791016 2.798828 2.806641 2.810547 2.810547 2.806641 2.802734 2.798828 2.794922 2.791016 2.791016 2.798828 2.806641 2.810547 2.814453 2.818359 2.818359 2.814453 2.810547 2.802734 2.794922 2.791016 2.787109 2.791016 2.798828 2.806641 2.818359 2.826172 2.830078 2.837891 2.845703 2.841797 2.833984 2.826172 2.818359 2.806641 2.798828 2.791016 2.779297 2.767578 2.751953 2.736328 2.724609 2.708984 2.697266 2.689453 2.689453 2.697266 2.705078 2.716797 2.736328 2.755859 2.779297 2.802734 2.822266 2.841797 2.853516 2.853516 2.853516 2.853516 2.853516 2.853516
2.798828 2.802734 2.810547 2.814453 2.814453 2.810547 2.806641 2.802734 2.798828 2.798828 2.798828 2.802734 2.806641 2.810547 2.814453 2.818359 2.822266 2.822266 2.822266 2.818359 2.818359 2.818359 2.814453 2.818359 2.822266 2.830078 2.833984 2.837891 2.841797 2.845703 2.849609 2.849609 2.845703 2.837891 2.830078 2.822266 2.814453 2.806641 2.794922 2.783203 2.767578 2.751953 2.740234 2.728516 2.712891 2.705078 2.708984 2.712891 2.716797 2.724609 2.740234 2.755859 2.775391 2.794922 2.814453 2.833984 2.849609 2.853516 2.853516 2.853516 2.853516 2.853516
2.806641 2.810547 2.814453 2.818359 2.818359 2.814453 2.810547 2.810547 2.806641 2.802734 2.802734 2.806641 2.810547 2.814453 2.818359 2.822266 2.826172 2.826172 2.830078 2.830078 2.830078 2.833984 2.833984 2.837891 2.837891 2.841797 2.845703 2.845703 2.849609 2.849609 2.853516 2.853516 2.853516 2.849609 2.841797 2.833984 2.826172 2.818359 2.806641 2.794922 2.779297 2.763672 2.751953 2.736328 2.724609 2.716797 2.716797 2.716797 2.724609 2.728516 2.740234 2.751953 2.767578 2.787109 2.806641 2.822266 2.837891 2.849609 2.853516 2.853516 2.853516 2.853516
2.810547 2.814453 2.818359 2.822266 2.818359 2.818359 2.814453 2.810547 2.810547 2.806641 2.806641 2.810547 2.814453 2.818359 2.822266 2.826172 2.830078 2.833984 2.833984 2.837891 2.841797 2.841797 2.845703 2.845703 2.849609 2.849609 2.849609 2.853516 2.853516 2.853516 2.853516 2.853516 2.853516 2.853516 2.849609 2.841797 2.833984 2.826172 2.814453 2.802734 2.787109 2.775391 2.759766 2.744141 2.728516 2.720703 2.720703 2.720703 2.724609 2.728516 2.736328 2.748047 2.763672 2.779297 2.794922 2.810547 2.826172 2.837891 2.849609 2.853516 2.853516 2.853516
2.818359 2.822266 2.826172 2.826172 2.826172 2.822266 2.818359 2.818359 2.814453 2.814453 2.814453 2.814453 2.818359 2.822266 2.826172 2.830078 2.833984 2.837891 2.841797 2.845703 2.845703 2.849609 2.849609 2.853516 2.853516 2.853516 2.853516 2.853516 2.853516 2.853516 2.853516 2.853516 2.853516 2.853516 2.853516 2.849609 2.837891 2.830078 2.822266 2.806641 2.794922 2.779297 2.763672 2.748047 2.732422 2.724609 2.720703 2.720703 2.720703 2.724609 2.732422 2.740234 2.755859 2.767578 2.783203 2.798828 2.818359 2.830078 2.837891 2.845703 2.849609 2.849609
2.826172 2.830078 2.830078 2.830078 2.830078 2.826172 2.826172 2.822266 2.822266 2.822266 2.818359 2.822266 2.822266 2.826172 2.833984 2.837891 2.841797 2.841797 2.845703 2.849609 2.849609 2.853516 2.853516 2.853516 2.853516 2.853516 2.853516 2.853516 2.853516 2.853516 2.853516 2.853516 2.853516 2.853516 2.853516 2.849609 2.841797 2.833984 2.822266 2.810547 2.794922 2.783203 2.767578 2.748047 2.732422 2.724609 2.720703 2.716797 2.716797 2.720703 2.724609 2.732422 2.744141 2.759766 2.775391 2.791016 2.806641 2.822266 2.833984 2.837891 2.841797 2.841797
2.837891 2.837891 2.837891 2.837891 2.833984 2.833984 2.833984 2.830078 2.830078 2.830078 2.826172 2.830078 2.830078 2.833984 2.841797 2.845703 2.845703 2.849609 2.853516 2.853516 2.853516 2.857422 2.857422 2.857422 2.857422 2.857422 2.853516 2.853516 2.853516 2.853516 2.853516 2.853516 2.853516 2.853516 2.853516 2.853516 2.845703 2.833984 2.822266 2.810547 2.794922 2.779297 2.763672 2.748047 2.732422 2.720703 2.712891 2.712891 2.708984 2.712891 2.712891 2.720703 2.732422 2.751953 2.763672 2.779297 2.798828 2.814453 2.826172 2.833984 2.841797 2.841797
2.845703 2.845703 2.845703 2.841797 2.841797 2.841797 2.841797 2.837891 2.837891 2.837891 2.837891 2.837891 2.841797 2.845703 2.849609 2.853516 2.853516 2.857422 2.857422 2.857422 2.857422 2.857422 2.857422 2.857422 2.857422 2.853516 2.853516 2.853516 2.853516 2.853516 2.853516 2.853516 2.853516 2.853516 2.853516 2.849609 2.841797 2.833984 2.818359 2.806641 2.791016 2.775391 2.755859 2.740234 2.724609 2.712891 2.705078 2.701172 2.701172 2.701172 2.701172 2.705078 2.720703 2.740234 2.755859 2.771484 2.791016 2.810547 2.822266 2.833984 2.837891 2.841797
2.849609 2.849609 2.849609 2.849609 2.845703 2.845703 2.845703 2.845703 2.845703 2.845703 2.845703 2.845703 2.849609 2.853516 2.857422 2.857422 2.857422 2.857422 2.857422 2.857422 2.857422 2.857422 2.857422 2.853516 2.853516 2.853516 2.853516 2.853516 2.853516 2.853516 2.853516 2.853516 2.853516 2.853516 2.853516 2.845703 2.837891 2.826172 2.814453 2.798828 2.783203 2.763672 2.748047 2.732422 2.716797 2.705078 2.697266 2.693359 2.689453 2.689453 2.689453 2.693359 2.708984 2.728516 2.748047 2.763672 2.787109 2.806641 2.822266 2.830078 2.837891 2.841797
2.853516 2.853516 2.853516 2.853516 2.853516 2.853516 2.853516 2.849609 2.849609 2.849609 2.853516 2.853516 2.857422 2.857422 2.861328 2.861328 2.857422 2.857422 2.857422 2.857422 2.857422 2.853516 2.853516 2.853516 2.853516 2.849609 2.849609 2.853516 2.853516 2.853516 2.853516 2.853516 2.853516 2.853516 2.849609 2.837891 2.826172 2.818359 2.802734 2.787109 2.767578 2.751953 2.732422 2.716797 2.701172 2.689453 2.681641 2.677734 2.677734 2.677734 2.677734 2.681641 2.697266 2.720703 2.736328 2.755859 2.779297 2.802734 2.818359 2.830078 2.837891 2.841797
2.853516 2.853516 2.853516 2.853516 2.853516 2.857422 2.857422 2.857422 2.857422 2.857422 2.857422 2.861328 2.861328 2.861328 2.857422 2.857422 2.853516 2.853516 2.853516 2.849609 2.849609 2.849609 2.845703 2.845703 2.845703 2.849609 2.849609 2.849609 2.853516 2.853516 2.853516 2.853516 2.853516 2.849609 2.841797 2.830078 2.818359 2.806641 2.791016 2.771484 2.751953 2.736328 2.716797 2.697266 2.681641 2.673828 2.666016 2.662109 2.662109 2.666016 2.666016 2.673828 2.689453 2.712891 2.728516 2.748047 2.775391 2.794922 2.810547 2.822266 2.833984 2.837891
2.853516 2.853516 2.853516 2.853516 2.857422 2.857422 2.857422 2.857422 2.857422 2.861328 2.861328 2.861328 2.857422 2.853516 2.849609 2.849609 2.845703 2.845703 2.845703 2.845703 2.841797 2.841797 2.841797 2.841797 2.845703 2.845703 2.849609 2.849609 2.853516 2.853516 2.853516 2.853516 2.849609 2.837891 2.826172 2.814453 2.802734 2.791016 2.771484 2.748047 2.728516 2.708984 2.693359 2.677734 2.662109 2.650391 2.646484 2.646484 2.646484 2.650391 2.658203 2.666016 2.685547 2.705078 2.724609 2.740234 2.767578 2.787109 2.802734 2.818359 2.826172 2.833984
2.853516 2.853516 2.853516 2.853516 2.857422 2.857422 2.857422 2.857422 2.857422 2.857422 2.857422 2.853516 2.849609 2.845703 2.845703 2.841797 2.841797 2.837891 2.837891 2.837891 2.837891 2.837891 2.841797 2.841797 2.845703 2.845703 2.849609 2.853516 2.853516 2.853516 2.853516 2.845703 2.833984 2.822266 2.810547 2.798828 2.783203 2.763672 2.740234 2.716797 2.697266 2.681641 2.666016 2.646484 2.634766 2.626953 2.623047 2.623047 2.630859 2.638672 2.646484 2.658203 2.681641 2.701172 2.716797 2.736328 2.763672 2.783203 2.798828 2.810547 2.822266 2.826172
2.853516 2.853516 2.853516 2.853516 2.853516 2.853516 2.857422 2.857422 2.857422 2.853516 2.853516 2.849609 2.845703 2.841797 2.841797 2.837891 2.837891 2.837891 2.837891 2.837891 2.837891 2.841797 2.841797 2.845703 2.849609 2.849609 2.853516 2.853516 2.853516 2.849609 2.837891 2.830078 2.818359 2.806641 2.791016 2.771484 2.751953 2.728516 2.697266 2.673828 2.658203 2.646484 2.630859 2.619141 2.607422 2.599609 2.595703 2.599609 2.607422 2.619141 2.630859 2.646484 2.666016 2.689453 2.712891 2.736328 2.759766 2.779297 2.794922 2.806641 2.818359 2.822266
2.833984 2.830078 2.830078 2.833984 2.841797 2.845703 2.849609 2.853516 2.853516 2.849609 2.849609 2.845703 2.845703 2.841797 2.841797 2.841797 2.841797 2.841797 2.845703 2.845703 2.845703 2.849609 2.849609 2.849609 2.853516 2.849609 2.845703 2.841797 2.837891 2.830078 2.822266 2.810547 2.794922 2.779297 2.759766 2.736328 2.712891 2.685547 2.654297 2.630859 2.623047 2.615234 2.603516 2.591797 2.580078 2.572266 2.572266 2.572266 2.580078 2.595703 2.611328 2.630859 2.654297 2.677734 2.705078 2.732422 2.755859 2.775391 2.791016 2.802734 2.810547 2.814453
2.787109 2.779297 2.775391 2.783203 2.794922 2.806641 2.818359 2.822266 2.826172 2.826172 2.822266 2.818359 2.814453 2.814453 2.814453 2.822266 2.830078 2.833984 2.837891 2.837891 2.837891 2.833984 2.833984 2.830078 2.826172 2.822266 2.818359 2.814453 2.810547 2.802734 2.794922 2.783203 2.767578 2.748047 2.724609 2.697266 2.669922 2.642578 2.619141 2.603516 2.595703 2.591797 2.580078 2.568359 2.556641 2.552734 2.548828 2.552734 2.560547 2.576172 2.595703 2.619141 2.642578 2.669922 2.701172 2.728516 2.751953 2.771484 2.787109 2.798828 2.806641 2.810547
2.712891 2.697266 2.697266 2.716797 2.740234 2.759766 2.775391 2.783203 2.794922 2.794922 2.787109 2.775391 2.755859 2.748047 2.759766 2.775391 2.783203 2.794922 2.802734 2.806641 2.810547 2.806641 2.802734 2.794922 2.791016 2.791016 2.783203 2.779297 2.771484 2.763672 2.755859 2.744141 2.728516 2.708984 2.685547 2.658203 2.634766 2.615234 2.595703 2.580078 2.576172 2.568359 2.560547 2.548828 2.537109 2.533203 2.533203 2.533203 2.544922 2.560547 2.580078 2.607422 2.634766 2.666016 2.693359 2.720703 2.744141 2.767578 2.783203 2.794922 2.802734 2.806641
2.646484 2.642578 2.658203 2.685547 2.712891 2.736328 2.751953 2.759766 2.771484 2.771484 2.763672 2.751953 2.732422 2.724609 2.736328 2.751953 2.755859 2.767578 2.775391 2.783203 2.783203 2.783203 2.775391 2.767578 2.763672 2.763672 2.759766 2.751953 2.744141 2.736328 2.728516 2.712891 2.697266 2.681641 2.658203 2.638672 2.619141 2.603516 2.583984 2.572266 2.564453 2.556641 2.548828 2.533203 2.521484 2.521484 2.521484 2.521484 2.533203 2.548828 2.572266 2.595703 2.626953 2.654297 2.685547 2.712891 2.736328 2.755859 2.775391 2.787109 2.794922 2.802734
2.595703 2.611328 2.646484 2.681641 2.712891 2.740234 2.755859 2.763672 2.767578 2.767578 2.759766 2.751953 2.748047 2.744141 2.751953 2.759766 2.763672 2.767578 2.771484 2.771484 2.771484 2.771484 2.767578 2.763672 2.759766 2.755859 2.751953 2.740234 2.732422 2.728516 2.720703 2.708984 2.693359 2.673828 2.654297 2.638672 2.619141 2.607422 2.591797 2.580078 2.568359 2.556641 2.544922 2.529297 2.513672 2.517578 2.513672 2.517578 2.525391 2.537109 2.560547 2.583984 2.611328 2.642578 2.669922 2.693359 2.720703 2.740234 2.759766 2.771484 2.783203 2.791016
2.576172 2.607422 2.646484 2.689453 2.720703 2.744141 2.755859 2.763672 2.767578 2.767578 2.763672 2.763672 2.763672 2.763672 2.771484 2.775391 2.783203 2.783203 2.779297 2.779297 2.779297 2.779297 2.775391 2.771484 2.767578 2.759766 2.748047 2.740234 2.736328 2.736328 2.724609 2.716797 2.701172 2.685547 2.666016 2.650391 2.630859 2.619141 2.603516 2.591797 2.576172 2.564453 2.548828 2.529297 2.517578 2.517578 2.513672 2.513672 2.521484 2.533203 2.548828 2.572266 2.595703 2.623047 2.650391 2.673828 2.697266 2.720703 2.740234 2.755859 2.767578 2.779297
2.607422 2.634766 2.669922 2.708984 2.736328 2.751953 2.759766 2.767578 2.771484 2.775391 2.775391 2.779297 2.779297 2.783203 2.791016 2.794922 2.798828 2.798828 2.798828 2.798828 2.794922 2.791016 2.787109 2.787109 2.779297 2.771484 2.763672 2.759766 2.751953 2.744141 2.736328 2.724609 2.712891 2.697266 2.677734 2.662109 2.646484 2.630859 2.619141 2.603516 2.591797 2.572266 2.556641 2.541016 2.529297 2.525391 2.521484 2.521484 2.525391 2.533203 2.548828 2.564453 2.583984 2.607422 2.626953 2.650391 2.669922 2.693359 2.712891 2.728516 2.748047 2.759766
2.669922 2.693359 2.720703 2.744141 2.763672 2.771484 2.779297 2.787109 2.791016 2.794922 2.798828 2.798828 2.802734 2.810547 2.814453 2.818359 2.818359 2.814453 2.814453 2.814453 2.810547 2.810547 2.806641 2.798828 2.794922 2.791016 2.783203 2.771484 2.763672 2.751953 2.744141 2.736328 2.724609 2.708984 2.693359 2.673828 2.662109 2.646484 2.634766 2.619141 2.603516 2.587891 2.568359 2.556641 2.544922 2.537109 2.533203 2.533203 2.533203 2.544922 2.556641 2.568359 2.580078 2.595703 2.607422 2.623047 2.642578 2.658203 2.677734 2.697266 2.716797 2.732422
