py_wake/examples/data/AJ_ParqueFicticio/Ridge area   Sector 4   Height 30m   Power density.grd
DSAA
90  129
 262878   265103
 6504214   6507414
 .05175276   756.9068
[rows 81 to 107 of 129, columns 0 to 61 of 90]
31.70369 32.68401 34.03978 35.03619 35.84621 36.88705 38.1643 39.7286 42.06198 44.4955 47.22527 50.41295 52.27718 51.7126 49.05893 46.27322 44.10683 41.71969 40.07126 38.57757 36.13539 34.79329 33.61769 32.8124 31.92632 31.19126 31.7134 33.39659 36.66536 41.10648 47.72318 58.96651 80.4819 116.7812 168.9893 232.7031 296.9801 357.6862 413.0966 464.3192 513.5715 568.0676 619.6163 659.1579 689.9017 714.7305 727.6694 727.4324 697.7233 629.5548 561.4799 490.4248 428.2744 377.7372 340.161 314.1543 297.0099 283.5004 272.4031 263.1593 252.0955 243.5923
37.60341 40.33146 43.11302 45.36679 47.51782 49.52524 51.83999 53.88977 55.51994 57.79626 61.70881 66.27848 69.65672 69.97253 67.10045 63.43242 59.37419 57.17979 57.46513 58.16352 55.10036 51.21751 47.86736 47.1997 48.29293 50.38608 54.06087 59.56775 67.84391 76.54501 87.80245 103.45 129.5396 171.1794 222.4404 277.1428 331.9558 385.6825 437.9546 484.8601 531.2516 586.438 631.1535 660.1976 687.7762 709.5078 718.78 717.7579 679.2733 613.134 547.0246 474.5819 410.7828 358.4367 318.871 291.5177 274.2281 261.6234 253.1263 248 240.9818 233.1734
44.46246 48.8915 53.56166 57.44463 60.09215 63.23448 65.99107 66.78209 67.72775 71.11897 75.28621 78.9477 84.48508 87.80103 83.14698 76.7183 71.87659 70.37099 73.05845 77.1361 71.64732 65.45863 61.11983 61.00411 65.4624 72.38149 80.9351 92.12611 108.3441 122.7995 137.5382 156.4933 184.7278 225.7398 270.9337 315.108 362.2703 410.5779 459.797 500.5519 544.4445 595.1032 634.1431 657.9537 682.1286 700.0588 707.2715 703.2054 660.6129 600.7823 537.8983 466.6032 402.7188 349.1324 307.622 277.5613 258.9484 245.8763 238.2184 233.8213 228.3174 223.4826
50.38086 56.19126 61.94425 66.45314 69.89952 73.06068 74.75993 75.20784 76.76192 80.58413 83.73471 85.9889 89.14212 90.50974 86.84889 81.6531 77.73894 76.4754 78.07127 80.29939 76.59028 71.66855 68.46402 68.95468 74.57449 86.03942 102.485 121.2244 145.5461 166.7142 187.0846 212.9264 243.1737 277.4108 314.4805 351.0234 389.3935 434.5827 478.055 512.8264 552.046 596.3652 630.5421 650.766 672.223 687.7262 692.7573 682.1844 640.6309 590.1231 531.354 465.4423 404.7274 349.8012 305.3925 272.1012 252.2178 238.5125 229.4649 222.7907 216.817 213.5206
54.54946 61.15012 67.16827 72.36787 77.31139 79.6729 80.07631 80.74717 83.0213 86.06308 87.16998 86.31889 84.65492 82.78423 80.27879 77.47204 74.98283 73.682 73.29147 73.04441 71.03113 68.12222 66.37002 68.03963 74.80337 89.07751 113.0424 140.6547 173.6171 201.9996 233.5705 266.52 295.9397 323.2377 353.3581 384.3327 416.5268 458.3273 494.6891 523.8533 556.1432 590.9697 620.0185 639.6163 657.5135 671.075 671.6552 657.0007 621.8737 579.3766 525.0768 465.1358 408.0009 353.8539 307.4322 271.5734 251.6814 236.9476 225.5354 215.6575 208.2225 203.6831
57.07023 63.58851 69.55212 75.37008 80.7657 82.28852 81.60841 81.06949 82.23431 84.1241 82.808 79.05154 74.91025 71.56383 68.33547 66.47633 65.99953 65.11659 64.0293 63.02433 60.92087 59.10128 58.75467 62.65212 71.20661 88.71142 117.8592 152.8052 192.7968 229.3363 267.8356 305.9086 335.0876 360.6786 386.436 410.8906 442.5038 480.8493 510.9299 534.5806 557.856 580.5934 600.5278 616.7225 632.7208 642.8868 641.5313 628.8151 603.3129 566.8831 516.0877 462.3175 408.9161 357.5797 311.7342 274.7689 254.2998 238.1916 224.6645 212.3405 203.3596 196.6806
56.79422 62.83683 68.26006 73.59686 77.86053 78.19613 76.51763 74.62365 73.54704 72.91271 70.40039 66.54008 62.42612 58.70626 54.92058 52.55445 52.14369 52.50497 52.65657 51.65131 50.02701 48.72858 50.04138 56.63691 67.9805 88.80734 122.1349 161.936 205.4705 248.1492 289.7083 328.2721 360.8976 388.9863 411.5005 434.0343 466.3425 501.3389 526.9208 544.1694 555.8517 566.8096 577.8146 588.2241 600.9184 608.983 608.3705 599.3954 581.4447 550.5698 503.5724 459.1717 413.6508 367.1987 323.0237 285.4998 263.3629 246.5064 229.8494 214.3537 205.3398 197.4841
53.08492 58.10672 62.76853 66.71038 68.63641 67.98278 65.9258 63.27828 60.67195 57.66825 54.29966 50.70486 47.22669 43.94384 40.61839 38.34607 37.18039 37.97248 39.43317 39.66199 39.28568 39.97102 42.61246 51.71451 69.17107 92.36772 127.1233 168.8419 214.705 259.8322 302.7747 342.9165 379.862 408.585 429.8726 453.2545 486.0047 519.1685 540.9285 550.0839 549.5491 551.293 555.199 560.2653 568.2781 573.1704 572.7767 566.053 553.0012 528.5372 491.2881 456.3714 417.6756 377.7061 336.2711 299.7381 276.5642 259.943 243.2387 225.3042 213.7595 203.7027
46.88382 50.64428 54.38581 56.86185 56.40572 54.2893 51.77318 48.87197 45.59807 42.06507 38.50345 35.12944 31.87336 29.15862 27.03881 25.4171 24.29589 25.34281 26.74205 28.05648 29.10525 31.56161 35.92061 50.05895 70.54247 96.96025 131.9631 174.9979 223.1191 268.5375 312.5596 355.134 395.9508 424.0125 444.8538 469.6397 502.2828 533.6937 551.3615 552.3656 541.5486 533.8992 530.3773 528.7844 529.0706 530.3887 531.7493 528.9741 522.4318 503.3 477.6765 451.472 420.4175 386.0613 348.4474 314.5037 291.7301 276.5021 261.1576 242.3982 228.1963 216.8428
38.85011 41.15311 44.14101 45.31597 43.16356 40.10163 37.04319 34.30806 31.37451 28.45853 25.48658 22.54186 19.66101 17.43042 16.25012 15.64483 15.25471 15.74527 16.94333 18.05732 19.81401 23.39132 33.09281 48.45013 72.17141 102.6911 140.498 185.5004 233.623 278.2416 322.2842 366.6592 409.6475 437.333 457.6476 482.6498 514.3028 542.8024 556.7971 551.5555 527.7038 509.1014 501.7185 496.6712 492.4721 489.0957 490.3968 491.6819 490.0111 476.9639 460.3455 444.0042 419.6655 388.756 354.6887 325.5105 305.8681 292.6133 280.0999 261.7514 246.394 233.4603
29.28054 30.42674 31.86366 32.02782 29.81826 26.97034 24.40091 22.28145 20.09826 17.97702 15.99876 13.94831 11.89275 10.30707 9.609673 9.626633 9.68758 10.10537 11.18255 12.39028 14.54112 25.04965 36.03518 54.67477 83.61208 117.7163 157.4458 203.4313 248.0571 289.4147 332.1453 374.6191 415.558 442.3081 463.2351 487.4407 515.3213 540.1346 551.3656 539.5473 511.5829 489.9399 478.0789 466.2192 454.5938 449.1543 451.1898 454.5275 455.8541 451.6154 440.8594 431.4593 411.953 382.8805 351.9308 328.4521 313.8198 304.0005 294.4354 279.7156 266.3299 253.5975
19.6682 20.23247 20.5081 19.77453 18.24364 16.35423 14.5139 13.03162 11.72533 10.57151 9.441602 8.270647 7.245402 6.492997 6.303053 6.47174 6.699008 7.527046 9.142649 11.0974 20.48202 35.16145 52.35275 78.15601 111.8156 147.7558 185.3447 226.9573 266.692 303.4756 343.2346 380.1904 415.163 440.8268 462.518 487.4536 511.5054 530.7921 537.7501 523.6029 495.8718 470.1776 451.2442 433.8637 416.7633 411.6115 414.3646 420.1388 424.9 425.8618 419.2689 412.4336 396.1622 369.0299 341.4678 323.4312 313.9367 307.4288 301.1574 293.0245 284.4304 274.4911
12.17203 12.33717 12.30664 11.74312 10.57669 9.261039 8.03545 7.139592 6.408896 5.886885 5.403563 4.925365 4.533622 4.3077 4.530721 4.995525 5.589754 7.148284 10.01516 19.41306 35.20856 56.55845 84.72159 117.954 151.9234 186.1153 220.2106 255.1674 287.0893 319.5829 355.7771 387.575 416.3503 438.3093 459.0587 482.7187 502.532 517.3552 520.7671 505.3956 475.9516 447.0658 422.1089 400.7445 382.9556 376.1631 378.7369 387.4365 395.2095 399.587 397.7637 390.5659 375.9606 350.407 326.9004 312.287 306.2892 303.5863 302.1726 301.4174 299.0535 293.7455
7.421975 7.479042 7.553472 7.22062 6.462118 5.471215 4.504447 3.919841 3.635993 3.391079 3.202214 3.137787 3.097454 3.258105 3.93143 4.98042 6.744928 10.19635 19.97865 35.77182 58.92358 90.53634 125.0243 157.7514 189.6375 219.8238 250.5287 280.7959 306.4373 335.4695 367.0127 394.7597 417.3444 433.6544 450.7045 470.9039 486.8092 499.6905 502.2844 484.1319 453.8332 422.9396 396.3683 372.9763 352.8408 344.9024 347.3074 355.8605 364.3479 371.4032 373.9841 368.2053 352.2346 329.4311 308.3495 295.7124 292.4981 293.6692 297.1331 302.9658 307.8348 308.2955
4.739301 4.740014 4.818212 4.705633 4.277321 3.665073 3.113245 2.750301 2.626271 2.501952 2.435137 2.570466 2.799032 3.3858 4.765376 7.237038 11.50149 21.9728 38.01001 60.18023 89.66749 124.3915 159.9221 192.1566 221.827 250.127 278.8505 303.7699 325.0099 349.055 373.6924 395.3071 413.3485 425.8905 439.8736 455.1873 470.0503 482.5065 482.2827 463.7237 434.2173 405.4901 377.8141 350.506 326.5222 316.1522 317.3062 325.8506 335.3598 344.1174 348.7831 345.101 328.2992 306.9494 288.3927 276.8094 275.3294 278.865 286.3909 296.3388 306.9032 313.9172
2.964343 3.052288 3.16661 3.215749 3.056488 2.81342 2.564187 2.377273 2.343729 2.318017 2.409604 2.738542 3.459203 5.121074 8.349852 13.49875 24.67615 41.80235 64.22452 91.37911 122.389 156.7723 191.1146 222.4193 251.1762 281.3148 307.683 326.0858 343.5781 361.5814 377.7762 391.8006 404.3777 412.5752 423.1747 434.7332 448.3131 461.3633 459.8341 445.0607 419.3225 392.1357 362.5389 331.0338 303.1666 288.7339 288.0047 296.6714 306.8558 316.2375 321.2633 320.0207 304.8578 285.3948 268.4023 258.0339 256.9632 261.4848 270.8597 283.958 298.2658 310.6699
2.218095 1.961364 2.005026 2.121967 2.131451 2.076967 1.985175 1.943159 2.034234 2.253781 2.838965 4.106369 6.306362 10.27436 17.12016 29.41767 45.6184 67.65388 94.81509 123.694 154.3533 188.0793 222.3288 249.966 276.7634 308.1909 332.4168 348.0108 362.6445 374.0647 380.6081 386.1954 390.5558 393.4726 399.873 407.9599 420.9212 433.2603 436.5132 428.5329 407.453 380.173 349.2922 315.2452 282.6826 263.4916 259.8571 266.9 275.5829 285.6644 292.809 295.5576 283.8316 263.8695 248.0925 238.6387 237.9843 242.1988 252.3104 268.0199 285.3104 301.1966
4.665974 3.348858 1.896646 1.772858 1.764206 1.789194 1.825549 2.187214 2.929821 4.082194 5.914398 8.929526 13.65177 22.52428 35.41203 52.12318 71.70287 95.66524 122.611 150.7171 181.4836 213.5811 245.7036 270.6834 296.1038 326.11 349.6732 364.8236 378.6129 384.9447 383.4496 380.8179 376.9594 373.7597 373.7542 377.5606 390.1875 403.6537 412.4434 411.1207 397.8982 374.6814 343.4685 307.0609 271.1866 245.1014 235.783 238.6143 244.6719 254.9335 264.1186 270.057 260.7809 241.6045 227.3571 218.6149 217.2797 221.3505 231.8971 249.8288 269.8296 288.4445
6.646677 5.964393 5.187934 4.186002 3.597158 3.086383 3.469313 4.494149 6.253708 8.821127 12.85755 19.15857 28.28819 40.25767 55.03784 73.11186 93.77537 117.2008 141.2192 166.6801 194.5005 224.5711 254.7104 279.9037 305.4702 334.3701 359.1073 377.133 392.11 394.9061 386.7005 375.4203 362.8891 351.4067 345.062 345.7253 358.6662 373.6103 387.3897 394.1248 391.4832 374.7154 345.7459 308.9343 271.2531 240.1315 223.0807 218.461 219.5505 225.7457 233.8557 240.9766 236.6815 222.458 207.8406 199.5079 197.4586 201.5553 212.0314 229.7888 250.8531 271.1756
1.70141E+38 1.70141E+38 1.70141E+38 1.70141E+38 1.70141E+38 1.70141E+38 1.70141E+38 1.70141E+38 1.70141E+38 1.70141E+38 1.70141E+38 1.70141E+38 1.70141E+38 1.70141E+38 1.70141E+38 1.70141E+38 1.70141E+38 1.70141E+38 1.70141E+38 1.70141E+38 1.70141E+38 1.70141E+38 1.70141E+38 1.70141E+38 1.70141E+38 1.70141E+38 1.70141E+38 1.70141E+38 1.70141E+38 1.70141E+38 1.70141E+38 1.70141E+38 1.70141E+38 1.70141E+38 1.70141E+38 1.70141E+38 1.70141E+38 1.70141E+38 1.70141E+38 1.70141E+38 1.70141E+38 1.70141E+38 1.70141E+38 1.70141E+38 1.70141E+38 1.70141E+38 1.70141E+38 1.70141E+38 1.70141E+38 1.70141E+38 1.70141E+38 1.70141E+38 1.70141E+38 1.70141E+38 1.70141E+38 1.70141E+38 1.70141E+38 1.70141E+38 1.70141E+38 1.70141E+38 1.70141E+38 1.70141E+38
1.70141E+38 1.70141E+38 1.70141E+38 1.70141E+38 1.70141E+38 1.70141E+38 1.70141E+38 1.70141E+38 1.70141E+38 1.70141E+38 1.70141E+38 1.70141E+38 1.70141E+38 1.70141E+38 1.70141E+38 1.70141E+38 1.70141E+38 1.70141E+38 1.70141E+38 1.70141E+38 1.70141E+38 1.70141E+38 1.70141E+38 1.70141E+38 1.70141E+38 1.70141E+38 1.70141E+38 1.70141E+38 1.70141E+38 1.70141E+38 1.70141E+38 1.70141E+38 1.70141E+38 1.70141E+38 1.70141E+38 1.70141E+38 1.70141E+38 1.70141E+38 1.70141E+38 1.70141E+38 1.70141E+38 1.70141E+38 1.70141E+38 1.70141E+38 1.70141E+38 1.70141E+38 1.70141E+38 1.70141E+38 1.70141E+38 1.70141E+38 1.70141E+38 1.70141E+38 1.70141E+38 1.70141E+38 1.70141E+38 1.70141E+38 1.70141E+38 1.70141E+38 1.70141E+38 1.70141E+38 1.70141E+38 1.70141E+38
1.70141E+38 1.70141E+38 1.70141E+38 1.70141E+38 1.70141E+38 1.70141E+38 1.70141E+38 1.70141E+38 1.70141E+38 1.70141E+38 1.70141E+38 1.70141E+38 1.70141E+38 1.70141E+38 1.70141E+38 1.70141E+38 1.70141E+38 1.70141E+38 1.70141E+38 1.70141E+38 1.70141E+38 1.70141E+38 1.70141E+38 1.70141E+38 1.70141E+38 1.70141E+38 1.70141E+38 1.70141E+38 1.70141E+38 1.70141E+38 1.70141E+38 1.70141E+38 1.70141E+38 1.70141E+38 1.70141E+38 1.70141E+38 1.70141E+38 1.70141E+38 1.70141E+38 1.70141E+38 1.70141E+38 1.70141E+38 1.70141E+38 1.70141E+38 1.70141E+38 1.70141E+38 1.70141E+38 1.70141E+38 1.70141E+38 1.70141E+38 1.70141E+38 1.70141E+38 1.70141E+38 1.70141E+38 1.70141E+38 1.70141E+38 1.70141E+38 1.70141E+38 1.70141E+38 1.70141E+38 1.70141E+38 1.70141E+38
1.70141E+38 1.70141E+38 1.70141E+38 1.70141E+38 1.70141E+38 1.70141E+38 1.70141E+38 1.70141E+38 1.70141E+38 1.70141E+38 1.70141E+38 1.70141E+38 1.70141E+38 1.70141E+38 1.70141E+38 1.70141E+38 1.70141E+38 1.70141E+38 1.70141E+38 1.70141E+38 1.70141E+38 1.70141E+38 1.70141E+38 1.70141E+38 1.70141E+38 1.70141E+38 1.70141E+38 1.70141E+38 1.70141E+38 1.70141E+38 1.70141E+38 1.70141E+38 1.70141E+38 1.70141E+38 1.70141E+38 1.70141E+38 1.70141E+38 1.70141E+38 1.70141E+38 1.70141E+38 1.70141E+38 1.70141E+38 1.70141E+38 1.70141E+38 1.70141E+38 1.70141E+38 1.70141E+38 1.70141E+38 1.70141E+38 1.70141E+38 1.70141E+38 1.70141E+38 1.70141E+38 1.70141E+38 1.70141E+38 1.70141E+38 1.70141E+38 1.70141E+38 1.70141E+38 1.70141E+38 1.70141E+38 1.70141E+38
1.70141E+38 1.70141E+38 1.70141E+38 1.70141E+38 1.70141E+38 1.70141E+38 1.70141E+38 1.70141E+38 1.70141E+38 1.70141E+38 1.70141E+38 1.70141E+38 1.70141E+38 1.70141E+38 1.70141E+38 1.70141E+38 1.70141E+38 1.70141E+38 1.70141E+38 1.70141E+38 1.70141E+38 1.70141E+38 1.70141E+38 1.70141E+38 1.70141E+38 1.70141E+38 1.70141E+38 1.70141E+38 1.70141E+38 1.70141E+38 1.70141E+38 1.70141E+38 1.70141E+38 1.70141E+38 1.70141E+38 1.70141E+38 1.70141E+38 1.70141E+38 1.70141E+38 1.70141E+38 1.70141E+38 1.70141E+38 1.70141E+38 1.70141E+38 1.70141E+38 1.70141E+38 1.70141E+38 1.70141E+38 1.70141E+38 1.70141E+38 1.70141E+38 1.70141E+38 1.70141E+38 1.70141E+38 1.70141E+38 1.70141E+38 1.70141E+38 1.70141E+38 1.70141E+38 1.70141E+38 1.70141E+38 1.70141E+38
1.70141E+38 1.70141E+38 1.70141E+38 1.70141E+38 1.70141E+38 1.70141E+38 1.70141E+38 1.70141E+38 1.70141E+38 1.70141E+38 1.70141E+38 1.70141E+38 1.70141E+38 1.70141E+38 1.70141E+38 1.70141E+38 1.70141E+38 1.70141E+38 1.70141E+38 1.70141E+38 1.70141E+38 1.70141E+38 1.70141E+38 1.70141E+38 1.70141E+38 1.70141E+38 1.70141E+38 1.70141E+38 1.70141E+38 1.70141E+38 1.70141E+38 1.70141E+38 1.70141E+38 1.70141E+38 1.70141E+38 1.70141E+38 1.70141E+38 1.70141E+38 1.70141E+38 1.70141E+38 1.70141E+38 1.70141E+38 1.70141E+38 1.70141E+38 1.70141E+38 1.70141E+38 1.70141E+38 1.70141E+38 1.70141E+38 1.70141E+38 1.70141E+38 1.70141E+38 1.70141E+38 1.70141E+38 1.70141E+38 1.70141E+38 1.70141E+38 1.70141E+38 1.70141E+38 1.70141E+38 1.70141E+38 1.70141E+38
1.70141E+38 1.70141E+38 1.70141E+38 1.70141E+38 1.70141E+38 1.70141E+38 1.70141E+38 1.70141E+38 1.70141E+38 1.70141E+38 1.70141E+38 1.70141E+38 1.70141E+38 1.70141E+38 1.70141E+38 1.70141E+38 1.70141E+38 1.70141E+38 1.70141E+38 1.70141E+38 1.70141E+38 1.70141E+38 1.70141E+38 1.70141E+38 1.70141E+38 1.70141E+38 1.70141E+38 1.70141E+38 1.70141E+38 1.70141E+38 1.70141E+38 1.70141E+38 1.70141E+38 1.70141E+38 1.70141E+38 1.70141E+38 1.70141E+38 1.70141E+38 1.70141E+38 1.70141E+38 1.70141E+38 1.70141E+38 1.70141E+38 1.70141E+38 1.70141E+38 1.70141E+38 1.70141E+38 1.70141E+38 1.70141E+38 1.70141E+38 1.70141E+38 1.70141E+38 1.70141E+38 1.70141E+38 1.70141E+38 1.70141E+38 1.70141E+38 1.70141E+38 1.70141E+38 1.70141E+38 1.70141E+38 1.70141E+38
1.70141E+38 1.70141E+38 1.70141E+38 1.70141E+38 1.70141E+38 1.70141E+38 1.70141E+38 1.70141E+38 1.70141E+38 1.70141E+38 1.70141E+38 1.70141E+38 1.70141E+38 1.70141E+38 1.70141E+38 1.70141E+38 1.70141E+38 1.70141E+38 1.70141E+38 1.70141E+38 1.70141E+38 1.70141E+38 1.70141E+38 1.70141E+38 1.70141E+38 1.70141E+38 1.70141E+38 1.70141E+38 1.70141E+38 1.70141E+38 1.70141E+38 1.70141E+38 1.70141E+38 1.70141E+38 1.70141E+38 1.70141E+38 1.70141E+38 1.70141E+38 1.70141E+38 1.70141E+38 1.70141E+38 1.70141E+38 1.70141E+38 1.70141E+38 1.70141E+38 1.70141E+38 1.70141E+38 1.70141E+38 1.70141E+38 1.70141E+38 1.70141E+38 1.70141E+38 1.70141E+38 1.70141E+38 1.70141E+38 1.70141E+38 1.70141E+38 1.70141E+38 1.70141E+38 1.70141E+38 1.70141E+38 1.70141E+38
