py_wake/examples/data/AJ_ParqueFicticio/Ridge area   Sector All   Height 200m   Power density.grd
DSAA
90  129
 262878   265103
 6504214   6507414
 17.06541   665.6069
[rows 54 to 80 of 129, columns 0 to 61 of 90]
279.3973 258.3322 232.5853 202.821 171.088 133.3829 99.90119 77.69892 63.21356 55.63381 54.74092 57.36798 59.97281 59.35017 56.83073 54.17611 52.71664 53.01573 53.68113 55.63165 60.22392 66.42478 73.96878 82.55112 91.32864 97.85613 103.7043 111.9532 118.1845 125.3166 137.1818 151.2686 167.8007 187.2841 206.4678 228.2467 256.0484 287.5717 324.6567 369.1835 420.9809 479.7732 536.4052 588.8137 637.4282 660.6428 650.5472 613.681 562.3499 503.2964 444.5927 375.176 287.7374 203.1263 142.8506 115.5196 106.4143 105.7456 111.327 124.6111 147.0804 174.0236
288.968 272.0149 249.2442 221.1604 188.147 152.6645 119.0019 92.74143 75.16604 66.24362 64.68507 67.13926 68.18922 64.77098 59.82376 55.25056 52.38908 51.11765 50.91282 52.4333 56.38175 62.47268 69.74417 78.51719 88.59251 97.63276 106.3759 115.4686 124.3095 134.7748 147.4282 163.58 180.4851 196.3511 212.1564 231.5375 258.9131 289.1257 323.3062 364.7606 415.1581 473.1628 529.0176 583.6058 631.0867 651.9249 647.6752 618.2324 573.9277 517.7554 459.3849 396.5734 320.3267 241.1634 178.6384 143.7188 131.2866 129.9886 135.0299 147.1523 164.5074 181.5754
297.5697 285.4769 266.6537 240.0844 206.9167 174.863 142.5483 114.4525 94.17139 83.23536 81.26448 84.78674 85.8787 78.54962 69.63895 61.59589 56.12705 52.62787 50.65823 50.90398 54.85729 61.04147 68.22719 77.91407 89.7817 101.6133 112.8234 123.8607 134.5188 147.1442 162.3012 179.9285 197.4924 212.5312 228.2682 247.9546 271.5788 298.5662 328.6214 367.2773 416.8332 472.4387 526.7551 581.2573 623.7982 643.6628 643.8308 620.3593 581.0665 533.1061 476.4254 417.4435 352.0392 281.2471 216.8405 174.9613 158.1984 154.608 157.0807 164.8914 175.7707 186.4908
305.6355 297.5341 282.182 257.7174 227.5765 196.783 168.0019 143.6883 124.3976 111.8068 107.1392 111.4945 113.9415 106.4568 92.49363 78.68858 67.56026 60.29997 55.25442 53.92467 57.90252 64.39952 71.50034 81.55907 94.90745 109.1636 122.665 135.7366 148.2231 163.4376 180.8196 199.5192 217.3911 234.3311 252.9546 272.7278 294.3033 316.674 343.3844 379.222 427.084 479.6385 531.9174 582.0561 617.551 637.7418 641.3483 622.5421 587.7923 546.6443 496.9953 442.7131 385.601 324.1888 263.8251 215.3773 188.7545 178.7366 175.9737 179.011 184.7619 188.7768
310.6407 307.3771 295.2767 272.4441 245.0405 217.1333 191.9554 169.3938 151.8454 141.502 138.5728 141.3278 143.3566 136.8026 122.1051 106.5619 92.09654 80.74332 70.60644 66.61759 69.51585 74.98914 81.72699 91.99419 105.8522 121.3043 136.3563 150.3692 165.4171 182.6151 201.7285 222.3859 241.9814 260.9331 280.2871 300.9156 321.7302 343.697 370.4169 404.4241 446.8495 494.3727 543.3446 583.9111 615.592 636.2372 641.527 626.8085 596.8209 559.2513 516.6564 469.2757 418.6191 368.1323 316.3428 268.4052 230.959 208.5972 197.143 191.1211 187.3642 182.3878
313.749 315.1693 307.7423 289.066 263.8261 237.3703 213.9788 193.8966 178.1991 168.1025 165.2862 167.3522 169.0887 163.8011 150.6085 135.8336 121.1097 106.987 95.31508 89.12006 89.74428 92.68967 98.93816 109.8048 123.7562 138.7476 154.0679 168.8965 184.3865 202.5532 223.5262 246.403 269.0133 289.2855 309.3123 330.4556 350.8735 373.5893 400.839 433.0813 470.3186 513.2252 552.9476 586.3261 618.0695 639.2463 645.0725 633.6239 608.4594 573.3224 533.0078 492.0184 448.2505 403.5739 359.2144 315.7165 277.2785 244.8198 218.2596 198.5905 182.2877 169.419
317.5226 322.7166 320.3838 306.7089 284.3288 259.6389 237.6412 219.344 204.6225 193.7036 189.8994 191.5947 193.1801 189.2534 179.2705 167.912 154.5499 139.8156 126.3451 116.7893 116.1557 118.0098 122.1886 132.6532 146.1743 160.1037 174.6054 188.8354 204.8068 222.9145 244.2332 269.225 294.4833 315.4709 335.5803 356.9423 376.6059 399.1027 425.9147 454.7707 489.8069 526.7089 557.887 587.9235 621.4036 643.3627 646.9499 638.684 620.6849 588.6841 548.2133 509.1087 470.9998 430.805 389.9922 349.5523 310.0244 271.882 233.5746 198.4014 171.0755 153.0089
323.3539 330.4706 331.6042 322.479 303.2818 281.1838 261.4218 244.2382 229.938 218.6098 213.6791 213.1434 214.862 214.1981 208.3162 198.9551 187.4247 173.9939 160.7999 151.1482 147.8455 147.9579 150.3568 159.1152 171.6742 184.4185 196.7693 210.1088 226.2867 244.0707 264.9514 289.576 314.4051 334.7745 355.6576 375.3998 394.145 416.9564 441.7948 468.8916 502.0464 533.2603 560.1566 588.9816 623.213 642.1662 641.3382 634.1841 623.6653 601.3879 564.098 524.8333 488.1681 451.3152 411.4357 369.7575 325.0679 279.7667 233.0906 188.8268 154.1548 132.964
329.8877 338.4013 342.6599 338.1485 323.0538 304.1075 285.4991 268.7261 254.4514 243.2552 237.4699 236.1456 236.1627 234.7175 231.8926 224.7448 216.6125 206.8637 197.5661 189.7804 184.0826 183.4926 185.0938 191.8709 201.9743 213.1569 223.514 234.063 248.0292 265.4183 284.2075 306.8675 328.0896 348.4336 368.434 386.0536 405.2318 427.3487 449.7324 476.2996 507.1778 535.0489 561.6594 591.4221 624.0009 637.346 633.4817 626.392 619.3044 607.722 580.7636 543.3619 504.1124 466.8492 427.6897 383.3502 332.5176 278.3254 224.17 173.9807 135.2184 111.885
333.1781 343.8561 352.2892 350.5044 338.1404 322.099 305.537 290.1758 276.6316 265.2904 257.0524 251.8263 250.1534 250.6527 251.6204 249.2876 243.9208 237.6367 231.4489 226.8343 223.1221 221.0286 223.07 227.8167 236.6457 243.9075 249.6858 257.975 270.7907 285.0197 302.373 321.7062 339.4837 358.8652 376.868 392.5532 410.6593 430.7354 452.3385 477.8983 506.47 533.0433 560.2714 591.7402 623.6276 633.8477 628.6155 621.0359 614.7088 607.7838 592.8073 561.9311 520.6765 480.9744 442.1703 396.5337 340.1426 277.6297 215.8222 160.7349 120.0416 96.192
330.3257 343.0945 355.0247 353.9122 342.2233 327.6342 312.4199 297.9198 285.0858 274.4468 266.2308 260.8957 259.11 260.8804 264.8292 265.9489 261.5654 257.2596 255.6222 258.0141 256.2486 252.4835 252.2886 258.7035 266.5862 268.6034 271.3812 279.742 290.2063 301.6312 317.2013 333.3072 348.6154 365.7711 381.4838 395.6501 411.5572 428.7593 448.0864 472.0434 499.9722 526.0956 552.7257 584.6184 618.0699 630.6871 626.4443 618.5839 611.5178 605.3895 597.2906 576.3153 535.9587 493.0359 454.0816 409.3268 348.9306 279.0656 209.9965 151.8866 110.9676 87.5478
320.5307 333.9881 348.2092 350.4714 341.5191 329.3254 315.8253 301.7117 288.585 277.6601 268.7196 262.0541 258.7395 260.0194 265.2129 268.4218 267.7826 266.7453 267.6178 272.2902 272.5433 270.1928 270.9032 277.787 283.3669 285.2644 288.2329 295.6508 303.5681 313.3203 326.5439 339.608 352.4348 366.3922 379.7586 392.2636 404.7921 418.0737 435.0107 457.5208 485.3613 512.5384 539.6002 569.9608 604.9743 626.1476 626.676 618.8343 610.8606 603.6048 597.7748 583.6578 546.4211 501.0165 460.9253 418.8386 354.7934 279.7454 206.6387 148.0488 107.8426 84.78056
307.3306 320.3554 334.2004 341.7904 336.0436 325.5317 312.8439 298.4198 283.4869 270.4463 259.7748 251.215 246.3817 247.3458 254.0395 261.1527 262.9206 264.0249 266.3239 270.9705 273.6963 275.1698 277.591 283.0951 288.5804 292.9467 297.9669 304.8258 311.734 319.8636 331.0699 341.8873 351.6653 362.1903 373.3959 383.6244 391.9663 400.4324 414.8812 436.5067 463.0186 493.1252 523.0809 552.9286 586.4305 616.5724 626.8796 620.9935 611.4896 603.3892 596.8223 585.2897 550.0062 504.2707 462.9685 423.6516 358.689 280.5696 205.3748 147.4857 108.6448 85.36953
293.1209 304.6484 316.0567 324.8032 325.5349 318.4502 306.7277 291.1879 273.6193 257.5001 244.4424 234.0307 228.1361 229.2727 236.9214 248.5951 253.2593 254.4357 256.6984 262.5061 267.9994 270.3464 273.6237 279.7043 285.9825 290.8062 296.4793 304.1387 310.0313 317.6546 329.6585 339.7093 346.0013 352.6097 362.5819 371.4368 375.4966 380.0818 391.7668 411.6768 437.8412 469.8981 503.9697 535.7983 568.2386 601.9446 622.9621 623.9591 614.1263 604.2378 596.2161 584.955 550.004 503.7638 463.0355 425.7961 361.3553 282.0402 206.203 149.9357 112.1435 88.20421
278.227 288.5412 297.768 303.6062 304.3994 300.9798 291.9198 275.8168 255.8409 237.0778 222.3366 211.3207 205.6145 207.9721 215.8498 228.0552 237.8675 241.1274 243.6113 249.5402 257.1067 260.8279 264.2554 270.5187 277.3152 281.7406 286.6847 292.8626 298.2455 305.9958 317.3578 328.0178 332.9474 335.977 343.5299 351.4374 354.3694 356.9934 365.7785 384.3131 411.7921 444.1743 482.0411 520.0054 552.6067 585.2589 613.301 624.9684 618.053 606.0327 596.2332 583.8912 548.6476 501.7267 460.5465 423.5073 356.4479 275.3232 203.892 152.7341 116.4053 91.96947
264.5222 272.5606 279.9036 282.0779 279.3452 274.1547 264.8214 249.5963 230.8923 213.0768 198.5126 187.7808 182.6386 184.0532 191.1447 202.4639 214.027 221.2386 226.7782 232.5824 239.6601 246.1755 250.4467 255.6173 261.8412 267.8979 271.9372 274.5284 279.3793 287.0812 295.9226 305.6664 310.8482 312.2118 315.0141 319.8397 323.3468 326.7452 336.4391 354.8804 383.3021 416.909 456.8922 502.9657 539.5945 569.9641 599.9623 621.1462 621.5884 608.7984 597.0739 582.6278 546.027 497.527 454.5832 412.3827 337.91 255.8585 193.4736 150.1899 118.2567 95.79111
250.6366 257.354 262.9539 262.0418 255.3417 247.3596 236.9235 222.5427 205.5584 188.6716 174.7604 164.1931 158.0594 158.7734 165.571 176.1233 186.853 195.3319 203.9465 212.1577 218.8847 226.4009 232.9378 237.9989 243.9158 248.9385 252.9886 253.8214 257.3915 261.8396 269.3496 277.0659 281.6155 281.809 282.0723 282.7938 283.1643 285.9871 297.1899 322.3008 353.1027 388.4091 431.5593 483.1298 530.0981 559.4146 587.2593 613.2313 621.8362 611.5789 597.6259 580.8336 543.2208 493.6435 447.9958 396.9743 316.8755 239.6348 185.2871 147.2154 119.3923 99.01837
235.6039 241.375 246.3579 244.3297 234.8578 223.568 211.4188 197.4452 180.8251 164.1317 150.9799 140.0141 132.4507 133.6895 140.5074 150.5611 159.33 168.2337 177.6079 186.8905 196.1572 204.952 211.7594 217.4111 223.1095 227.2568 229.556 229.8781 231.7188 234.7169 240.3662 246.6221 250.579 251.3132 251.0594 249.7946 249.2166 247.0112 251.7027 281.7999 325.0119 363.4187 408.0409 462.8385 520.2891 553.5261 578.4469 603.2758 617.3515 610.7119 594.8834 574.4877 536.7911 488.2427 440.569 381.4565 301.2612 229.9142 181.6828 147.5003 121.5666 102.5407
219.7833 223.0772 226.8161 224.3368 212.9079 199.5603 186.6881 173.5827 158.6534 143.7936 131.3145 121.1334 113.7181 113.1707 118.6231 126.3859 134.0091 142.1778 150.8376 159.7164 169.558 180.2715 188.0272 192.8668 197.7979 201.6126 203.8795 203.7619 204.3627 205.9255 210.1759 216.3917 221.0547 222.6592 221.8382 222.0798 225.9738 224.8399 225.0504 251.1972 301.8181 347.1449 393.744 450.0818 512.6907 552.6107 574.3181 595.222 607.8571 601.7297 582.0881 557.7069 522.1978 478.2612 429.432 366.989 291.2064 224.5711 181.0612 149.8743 125.1619 106.3791
200.4791 202.0191 203.3925 199.9487 189.0573 177.1443 165.7629 154.3203 141.9305 130.1405 119.8824 110.9824 103.7514 101.3656 103.4266 108.706 113.9411 120.884 127.7013 135.4906 144.7421 153.4023 160.7255 165.5676 169.145 172.1917 174.4798 174.8572 175.5007 176.668 180.3058 185.382 193.0768 198.8457 199.9512 202.9285 210.3839 214.5845 221.16 244.297 294.1601 342.9045 392.0653 448.3057 512.598 556.2504 573.9292 589.6536 596.4297 586.03 562.8122 537.0136 504.0464 464.0207 415.032 352.7506 282.0417 221.8617 182.8529 154.1589 130.899 112.0351
180.0608 180.9844 180.9579 176.4698 167.3642 157.1328 147.3856 138.1853 129.7977 121.0955 111.8698 103.7528 97.6888 95.89267 97.03318 98.56503 102.2986 107.6096 112.9319 120.775 129.8983 135.5046 138.7438 142.6198 145.7959 147.3472 146.9481 146.3426 145.7486 147.3625 150.8698 154.5176 164.4661 176.2507 182.9487 189.71 199.2097 209.7691 223.2968 248.7488 296.7376 346.6307 398.6667 455.6387 519.2609 562.6899 575.8311 585.6794 584.2426 567.9102 542.6076 516.566 485.566 445.2364 393.9453 333.8419 269.9089 219.8479 186.2198 160.0055 137.6469 118.9236
164.1206 163.858 161.9847 157.7292 149.6891 140.1886 131.1556 125.6512 123.96 119.8392 112.9373 104.7442 96.46079 93.06775 95.6617 97.26296 97.2431 100.9555 107.5177 116.3604 125.3442 129.3644 129.3092 128.821 131.2619 133.7812 132.2577 127.5315 123.2724 125.4152 129.0061 130.0761 138.379 155.4272 169.7223 182.0777 196.3024 211.8458 229.3056 258.7734 307.3904 358.3461 411.2832 467.2057 528.9352 569.0728 578.0115 581.8253 572.2916 549.3444 522.0115 495.1903 462.3128 416.1082 362.3979 307.5406 254.9375 216.328 189.7225 166.9232 145.442 126.9343
152.3469 152.0907 149.6999 145.6411 138.7792 130.5025 123.1724 120.8626 123.8521 122.6103 118.2643 111.4639 103.7489 99.58092 101.4598 102.3652 101.0133 102.8122 109.6564 119.0421 126.4221 128.841 127.9024 125.7803 126.6637 128.7255 126.8722 121.8428 116.3997 116.8339 120.1009 121.0143 127.7514 146.0922 164.8418 183.1911 202.3133 223.4229 245.2177 280.0244 328.7584 379.1259 431.0132 483.8694 541.6238 575.113 579.9092 577.5494 559.6387 531.3398 500.6725 468.7127 426.3466 372.1692 318.2153 272.672 236.8222 211.0569 191.5701 172.9118 153.6402 136.4747
141.2794 141.3107 139.6873 137.0078 131.8965 126.7324 123.5974 125.0668 129.0564 129.5006 127.3006 122.287 118.0432 115.4362 114.5543 114.5108 113.2354 114.2245 117.9361 124.4211 130.3877 132.5416 132.4531 131.2512 131.1257 131.1205 128.9012 124.9524 121.2449 121.4083 123.0635 124.9391 133.0005 149.3013 169.3986 190.562 214.2492 241.5219 272.1627 312.1725 359.0674 408.7642 457.4207 505.7073 556.1103 579.7807 580.8213 572.1081 548.5361 515.607 475.6812 429.0827 373.436 315.2032 267.9179 236.9525 216.4345 201.9911 188.2793 175.0064 159.9223 146.7047
131.6761 130.807 129.7183 130.2233 128.1952 125.4098 124.8094 129.7482 135.0697 136.8329 137.4334 137.6699 135.4293 133.207 131.6169 131.5133 131.3936 130.2527 130.9373 134.1933 138.1768 139.9089 140.4666 141.3525 141.672 139.6143 136.2806 133.5865 132.0693 131.601 131.9461 134.8816 143.8504 159.0837 180.6107 204.9698 233.005 265.821 304.6856 347.571 392.8982 440.6873 484.9898 530.2433 570.0651 582.8341 579.8306 566.0912 538.4967 499.3052 443.4551 378.356 312.8005 260.1264 226.4642 207.5227 197.1859 188.3443 180.0688 172.4169 162.5739 153.5741
126.5616 124.7685 124.3356 128.3484 129.3168 127.6892 128.7043 135.5105 142.1275 146.843 151.1824 153.2296 153.2413 152.6159 152.7035 151.9025 150.5365 148.4992 148.1779 149.1264 150.528 150.9368 151.8903 153.8619 154.0984 151.4722 148.1642 146.7724 145.7349 144.0926 143.8283 147.899 155.7362 172.1288 197.0663 225.3084 256.8604 294.9066 338.2682 381.723 426.3441 470.0364 511.4999 552.2968 580.0503 584.1066 578.2377 560.2926 530.7267 480.32 410.7608 330.72 262.5608 220.6286 197.0357 184.6493 176.915 172.0645 168.3382 164.662 159.6043 155.1305
127.8641 127.8223 129.9369 134.564 136.4794 137.3287 140.842 146.7919 154.3037 161.5006 167.68 172.398 175.4093 177.0598 176.1385 174.3882 172.1251 169.2588 168.4382 167.6281 167.3804 167.1173 167.9263 168.9875 168.895 167.2483 165.0013 163.8642 162.349 160.6829 161.1076 164.9191 172.7162 190.6479 217.6198 248.9184 283.7494 324.3207 369.7406 414.2614 457.6021 498.0118 537.039 569.4429 584.3712 584.2184 575.158 555.6481 523.4564 463.8839 384.6047 297.4773 232.1545 195.529 175.7362 163.7745 158.2067 154.9132 153.0552 152.171 149.9226 148.0634
