py_wake/examples/data/AJ_ParqueFicticio/Ridge area   Sector 2   Height 30m   Weibull-k.grd
DSAA
90  129
 262878   265103
 6504214   6507414
 .8964844   2.380859
[rows 81 to 107 of 129, columns 0 to 61 of 90]
2.189453 2.193359 2.205078 2.216797 2.236328 2.240234 2.240234 2.240234 2.240234 2.240234 2.240234 2.244141 2.244141 2.248047 2.251953 2.255859 2.259766 2.259766 2.259766 2.255859 2.251953 2.248047 2.244141 2.240234 2.240234 2.240234 2.240234 2.193359 2.103516 2.005859 1.939453 1.919922 1.958984 2.021484 2.072266 2.103516 2.111328 2.115234 2.115234 2.111328 2.107422 2.103516 2.099609 2.095703 2.095703 2.091797 2.091797 2.087891 2.091797 2.091797 2.095703 2.099609 2.103516 2.107422 2.115234 2.126953 2.138672 2.154297 2.173828 2.197266 2.224609 2.240234
2.208984 2.212891 2.212891 2.216797 2.224609 2.232422 2.240234 2.240234 2.240234 2.240234 2.244141 2.248047 2.251953 2.251953 2.255859 2.259766 2.263672 2.267578 2.263672 2.259766 2.255859 2.251953 2.248047 2.240234 2.240234 2.236328 2.208984 2.169922 2.126953 2.080078 2.052734 2.041016 2.056641 2.080078 2.099609 2.107422 2.111328 2.111328 2.111328 2.107422 2.107422 2.103516 2.099609 2.099609 2.099609 2.095703 2.095703 2.095703 2.095703 2.095703 2.095703 2.099609 2.103516 2.107422 2.111328 2.119141 2.130859 2.138672 2.154297 2.169922 2.189453 2.212891
2.212891 2.208984 2.208984 2.205078 2.208984 2.208984 2.216797 2.228516 2.236328 2.236328 2.236328 2.244141 2.251953 2.255859 2.259766 2.259766 2.263672 2.267578 2.263672 2.259766 2.255859 2.255859 2.251953 2.244141 2.236328 2.212891 2.197266 2.173828 2.146484 2.123047 2.107422 2.095703 2.095703 2.103516 2.103516 2.107422 2.107422 2.103516 2.103516 2.103516 2.103516 2.103516 2.103516 2.099609 2.099609 2.099609 2.099609 2.099609 2.099609 2.099609 2.099609 2.103516 2.103516 2.107422 2.111328 2.115234 2.123047 2.130859 2.138672 2.150391 2.162109 2.177734
2.208984 2.205078 2.201172 2.197266 2.193359 2.197266 2.201172 2.208984 2.208984 2.205078 2.205078 2.208984 2.220703 2.244141 2.251953 2.255859 2.259766 2.259766 2.259766 2.255859 2.255859 2.255859 2.251953 2.244141 2.220703 2.201172 2.189453 2.173828 2.158203 2.142578 2.126953 2.119141 2.111328 2.107422 2.107422 2.103516 2.099609 2.099609 2.099609 2.099609 2.099609 2.099609 2.103516 2.103516 2.103516 2.103516 2.103516 2.103516 2.103516 2.107422 2.107422 2.107422 2.107422 2.111328 2.111328 2.115234 2.119141 2.126953 2.134766 2.138672 2.146484 2.154297
2.197266 2.193359 2.189453 2.185547 2.185547 2.185547 2.185547 2.189453 2.189453 2.185547 2.185547 2.185547 2.201172 2.228516 2.244141 2.248047 2.248047 2.251953 2.255859 2.255859 2.255859 2.255859 2.255859 2.236328 2.208984 2.189453 2.181641 2.169922 2.158203 2.146484 2.134766 2.126953 2.115234 2.111328 2.103516 2.103516 2.099609 2.095703 2.095703 2.095703 2.095703 2.099609 2.099609 2.103516 2.107422 2.107422 2.107422 2.111328 2.111328 2.111328 2.115234 2.115234 2.119141 2.119141 2.123047 2.126953 2.126953 2.130859 2.130859 2.134766 2.134766 2.138672
2.189453 2.181641 2.177734 2.173828 2.169922 2.169922 2.166016 2.166016 2.169922 2.169922 2.173828 2.177734 2.189453 2.212891 2.228516 2.232422 2.236328 2.240234 2.244141 2.248047 2.255859 2.259766 2.259766 2.236328 2.201172 2.177734 2.166016 2.162109 2.154297 2.142578 2.130859 2.123047 2.115234 2.107422 2.103516 2.099609 2.095703 2.095703 2.095703 2.095703 2.095703 2.095703 2.099609 2.103516 2.107422 2.111328 2.115234 2.119141 2.119141 2.123047 2.126953 2.130859 2.134766 2.138672 2.138672 2.142578 2.142578 2.138672 2.138672 2.134766 2.130859 2.130859
2.177734 2.169922 2.162109 2.158203 2.158203 2.158203 2.158203 2.154297 2.154297 2.154297 2.162109 2.169922 2.181641 2.205078 2.205078 2.205078 2.208984 2.216797 2.224609 2.228516 2.236328 2.248047 2.255859 2.216797 2.181641 2.166016 2.154297 2.150391 2.142578 2.134766 2.126953 2.119141 2.111328 2.107422 2.103516 2.099609 2.095703 2.091797 2.091797 2.091797 2.091797 2.095703 2.099609 2.103516 2.107422 2.111328 2.119141 2.123047 2.130859 2.134766 2.142578 2.150391 2.158203 2.166016 2.173828 2.177734 2.173828 2.169922 2.162109 2.150391 2.138672 2.134766
2.166016 2.158203 2.154297 2.146484 2.146484 2.146484 2.146484 2.146484 2.146484 2.146484 2.150391 2.158203 2.173828 2.169922 2.158203 2.150391 2.150391 2.162109 2.173828 2.181641 2.193359 2.212891 2.228516 2.177734 2.162109 2.150391 2.142578 2.138672 2.134766 2.126953 2.123047 2.115234 2.111328 2.107422 2.103516 2.099609 2.095703 2.091797 2.091797 2.091797 2.091797 2.095703 2.099609 2.103516 2.107422 2.115234 2.123047 2.130859 2.138672 2.150391 2.166016 2.181641 2.197266 2.212891 2.228516 2.240234 2.240234 2.228516 2.212891 2.197266 2.173828 2.154297
2.158203 2.154297 2.146484 2.142578 2.138672 2.142578 2.142578 2.146484 2.142578 2.142578 2.142578 2.146484 2.126953 2.091797 2.060547 2.037109 2.021484 2.033203 2.056641 2.083984 2.111328 2.158203 2.142578 2.134766 2.138672 2.134766 2.134766 2.130859 2.126953 2.119141 2.115234 2.111328 2.107422 2.103516 2.099609 2.099609 2.095703 2.091797 2.087891 2.087891 2.091797 2.091797 2.095703 2.103516 2.107422 2.115234 2.126953 2.134766 2.146484 2.162109 2.185547 2.212891 2.240234 2.240234 2.240234 2.240234 2.240234 2.240234 2.240234 2.240234 2.240234 2.212891
2.154297 2.146484 2.142578 2.138672 2.138672 2.142578 2.146484 2.150391 2.150391 2.150391 2.150391 2.115234 2.056641 1.986328 1.927734 1.888672 1.861328 1.865234 1.900391 1.943359 2.001953 2.080078 2.080078 2.107422 2.123047 2.123047 2.123047 2.123047 2.115234 2.111328 2.107422 2.103516 2.103516 2.099609 2.099609 2.095703 2.091797 2.091797 2.087891 2.087891 2.091797 2.091797 2.099609 2.103516 2.107422 2.115234 2.126953 2.134766 2.150391 2.169922 2.201172 2.236328 2.240234 2.240234 2.240234 2.240234 2.240234 2.240234 2.240234 2.240234 2.240234 2.240234
2.142578 2.138672 2.138672 2.138672 2.142578 2.150391 2.158203 2.166016 2.173828 2.177734 2.146484 2.091797 2.017578 1.931641 1.865234 1.841797 1.826172 1.830078 1.876953 1.939453 2.025391 2.072266 2.095703 2.111328 2.115234 2.119141 2.115234 2.111328 2.107422 2.103516 2.099609 2.099609 2.095703 2.095703 2.095703 2.091797 2.087891 2.087891 2.087891 2.087891 2.091797 2.091797 2.095703 2.103516 2.107422 2.119141 2.126953 2.138672 2.150391 2.173828 2.201172 2.240234 2.240234 2.240234 2.240234 2.240234 2.240234 2.240234 2.240234 2.240234 2.240234 2.240234
2.126953 2.126953 2.130859 2.134766 2.146484 2.158203 2.169922 2.185547 2.205078 2.185547 2.150391 2.099609 2.041016 1.986328 1.951172 1.943359 1.947266 1.986328 2.056641 2.126953 2.146484 2.138672 2.119141 2.115234 2.115234 2.115234 2.111328 2.103516 2.103516 2.099609 2.095703 2.091797 2.091797 2.087891 2.087891 2.087891 2.087891 2.083984 2.083984 2.083984 2.087891 2.091797 2.095703 2.103516 2.107422 2.119141 2.126953 2.134766 2.150391 2.166016 2.193359 2.232422 2.240234 2.240234 2.240234 2.240234 2.240234 2.240234 2.240234 2.240234 2.240234 2.240234
2.115234 2.119141 2.123047 2.134766 2.150391 2.169922 2.189453 2.216797 2.220703 2.201172 2.173828 2.142578 2.115234 2.087891 2.083984 2.091797 2.115234 2.162109 2.201172 2.185547 2.154297 2.134766 2.126953 2.119141 2.111328 2.107422 2.103516 2.099609 2.095703 2.091797 2.091797 2.087891 2.087891 2.083984 2.083984 2.083984 2.083984 2.083984 2.083984 2.083984 2.087891 2.091797 2.095703 2.099609 2.107422 2.115234 2.123047 2.134766 2.146484 2.158203 2.181641 2.212891 2.240234 2.240234 2.240234 2.240234 2.240234 2.240234 2.240234 2.240234 2.240234 2.240234
2.111328 2.119141 2.126953 2.138672 2.154297 2.181641 2.212891 2.244141 2.236328 2.224609 2.208984 2.197266 2.189453 2.181641 2.189453 2.201172 2.216797 2.216797 2.189453 2.166016 2.150391 2.134766 2.123047 2.115234 2.107422 2.099609 2.095703 2.095703 2.091797 2.087891 2.087891 2.083984 2.083984 2.083984 2.080078 2.080078 2.080078 2.080078 2.080078 2.083984 2.083984 2.087891 2.091797 2.099609 2.103516 2.115234 2.123047 2.130859 2.138672 2.150391 2.166016 2.193359 2.240234 2.240234 2.240234 2.240234 2.240234 2.240234 2.240234 2.240234 2.240234 2.240234
2.115234 2.123047 2.134766 2.146484 2.166016 2.193359 2.224609 2.251953 2.251953 2.248047 2.244141 2.240234 2.236328 2.236328 2.240234 2.228516 2.212891 2.193359 2.173828 2.158203 2.142578 2.130859 2.119141 2.111328 2.103516 2.099609 2.091797 2.091797 2.087891 2.083984 2.083984 2.080078 2.080078 2.080078 2.080078 2.080078 2.080078 2.080078 2.080078 2.083984 2.083984 2.087891 2.091797 2.095703 2.103516 2.111328 2.119141 2.126953 2.134766 2.142578 2.158203 2.173828 2.208984 2.240234 2.240234 2.240234 2.240234 2.240234 2.240234 2.240234 2.240234 2.240234
2.119141 2.130859 2.142578 2.158203 2.173828 2.197266 2.220703 2.240234 2.248047 2.255859 2.259766 2.251953 2.244141 2.232422 2.216797 2.201172 2.185547 2.173828 2.158203 2.146484 2.134766 2.123047 2.115234 2.107422 2.099609 2.095703 2.091797 2.087891 2.083984 2.080078 2.080078 2.080078 2.080078 2.080078 2.080078 2.080078 2.083984 2.083984 2.083984 2.083984 2.087891 2.087891 2.091797 2.095703 2.099609 2.107422 2.115234 2.123047 2.130859 2.138672 2.146484 2.162109 2.185547 2.228516 2.240234 2.240234 2.240234 2.240234 2.240234 2.240234 2.240234 2.240234
2.126953 2.138672 2.150391 2.162109 2.177734 2.197266 2.212891 2.220703 2.228516 2.228516 2.228516 2.224609 2.216797 2.205078 2.193359 2.177734 2.166016 2.158203 2.146484 2.138672 2.126953 2.119141 2.107422 2.103516 2.099609 2.091797 2.087891 2.083984 2.083984 2.080078 2.076172 2.076172 2.076172 2.076172 2.080078 2.083984 2.083984 2.087891 2.087891 2.087891 2.087891 2.087891 2.091797 2.095703 2.099609 2.107422 2.111328 2.119141 2.126953 2.130859 2.138672 2.150391 2.166016 2.193359 2.240234 2.240234 2.240234 2.240234 2.240234 2.240234 2.240234 2.240234
2.138672 2.146484 2.158203 2.169922 2.185547 2.197266 2.205078 2.208984 2.208984 2.208984 2.205078 2.197266 2.189453 2.177734 2.166016 2.158203 2.150391 2.138672 2.130859 2.123047 2.115234 2.111328 2.103516 2.099609 2.095703 2.091797 2.087891 2.083984 2.080078 2.076172 2.076172 2.076172 2.076172 2.076172 2.080078 2.083984 2.087891 2.087891 2.091797 2.091797 2.091797 2.091797 2.091797 2.091797 2.095703 2.103516 2.111328 2.115234 2.119141 2.126953 2.134766 2.142578 2.150391 2.169922 2.201172 2.240234 2.240234 2.240234 2.240234 2.240234 2.240234 2.240234
2.154297 2.162109 2.173828 2.181641 2.189453 2.197266 2.197266 2.197266 2.197266 2.193359 2.189453 2.181641 2.169922 2.162109 2.150391 2.142578 2.134766 2.126953 2.119141 2.115234 2.107422 2.103516 2.099609 2.095703 2.091797 2.087891 2.083984 2.080078 2.076172 2.076172 2.072266 2.072266 2.076172 2.076172 2.080078 2.083984 2.087891 2.091797 2.095703 2.095703 2.095703 2.091797 2.091797 2.095703 2.095703 2.103516 2.107422 2.111328 2.115234 2.123047 2.126953 2.134766 2.142578 2.154297 2.173828 2.205078 2.240234 2.240234 2.240234 2.240234 2.240234 2.240234
1.70141E+38 1.70141E+38 1.70141E+38 1.70141E+38 1.70141E+38 1.70141E+38 1.70141E+38 1.70141E+38 1.70141E+38 1.70141E+38 1.70141E+38 1.70141E+38 1.70141E+38 1.70141E+38 1.70141E+38 1.70141E+38 1.70141E+38 1.70141E+38 1.70141E+38 1.70141E+38 1.70141E+38 1.70141E+38 1.70141E+38 1.70141E+38 1.70141E+38 1.70141E+38 1.70141E+38 1.70141E+38 1.70141E+38 1.70141E+38 1.70141E+38 1.70141E+38 1.70141E+38 1.70141E+38 1.70141E+38 1.70141E+38 1.70141E+38 1.70141E+38 1.70141E+38 1.70141E+38 1.70141E+38 1.70141E+38 1.70141E+38 1.70141E+38 1.70141E+38 1.70141E+38 1.70141E+38 1.70141E+38 1.70141E+38 1.70141E+38 1.70141E+38 1.70141E+38 1.70141E+38 1.70141E+38 1.70141E+38 1.70141E+38 1.70141E+38 1.70141E+38 1.70141E+38 1.70141E+38 1.70141E+38 1.70141E+38
1.70141E+38 1.70141E+38 1.70141E+38 1.70141E+38 1.70141E+38 1.70141E+38 1.70141E+38 1.70141E+38 1.70141E+38 1.70141E+38 1.70141E+38 1.70141E+38 1.70141E+38 1.70141E+38 1.70141E+38 1.70141E+38 1.70141E+38 1.70141E+38 1.70141E+38 1.70141E+38 1.70141E+38 1.70141E+38 1.70141E+38 1.70141E+38 1.70141E+38 1.70141E+38 1.70141E+38 1.70141E+38 1.70141E+38 1.70141E+38 1.70141E+38 1.70141E+38 1.70141E+38 1.70141E+38 1.70141E+38 1.70141E+38 1.70141E+38 1.70141E+38 1.70141E+38 1.70141E+38 1.70141E+38 1.70141E+38 1.70141E+38 1.70141E+38 1.70141E+38 1.70141E+38 1.70141E+38 1.70141E+38 1.70141E+38 1.70141E+38 1.70141E+38 1.70141E+38 1.70141E+38 1.70141E+38 1.70141E+38 1.70141E+38 1.70141E+38 1.70141E+38 1.70141E+38 1.70141E+38 1.70141E+38 1.70141E+38
1.70141E+38 1.70141E+38 1.70141E+38 1.70141E+38 1.70141E+38 1.70141E+38 1.70141E+38 1.70141E+38 1.70141E+38 1.70141E+38 1.70141E+38 1.70141E+38 1.70141E+38 1.70141E+38 1.70141E+38 1.70141E+38 1.70141E+38 1.70141E+38 1.70141E+38 1.70141E+38 1.70141E+38 1.70141E+38 1.70141E+38 1.70141E+38 1.70141E+38 1.70141E+38 1.70141E+38 1.70141E+38 1.70141E+38 1.70141E+38 1.70141E+38 1.70141E+38 1.70141E+38 1.70141E+38 1.70141E+38 1.70141E+38 1.70141E+38 1.70141E+38 1.70141E+38 1.70141E+38 1.70141E+38 1.70141E+38 1.70141E+38 1.70141E+38 1.70141E+38 1.70141E+38 1.70141E+38 1.70141E+38 1.70141E+38 1.70141E+38 1.70141E+38 1.70141E+38 1.70141E+38 1.70141E+38 1.70141E+38 1.70141E+38 1.70141E+38 1.70141E+38 1.70141E+38 1.70141E+38 1.70141E+38 1.70141E+38
1.70141E+38 1.70141E+38 1.70141E+38 1.70141E+38 1.70141E+38 1.70141E+38 1.70141E+38 1.70141E+38 1.70141E+38 1.70141E+38 1.70141E+38 1.70141E+38 1.70141E+38 1.70141E+38 1.70141E+38 1.70141E+38 1.70141E+38 1.70141E+38 1.70141E+38 1.70141E+38 1.70141E+38 1.70141E+38 1.70141E+38 1.70141E+38 1.70141E+38 1.70141E+38 1.70141E+38 1.70141E+38 1.70141E+38 1.70141E+38 1.70141E+38 1.70141E+38 1.70141E+38 1.70141E+38 1.70141E+38 1.70141E+38 1.70141E+38 1.70141E+38 1.70141E+38 1.70141E+38 1.70141E+38 1.70141E+38 1.70141E+38 1.70141E+38 1.70141E+38 1.70141E+38 1.70141E+38 1.70141E+38 1.70141E+38 1.70141E+38 1.70141E+38 1.70141E+38 1.70141E+38 1.70141E+38 1.70141E+38 1.70141E+38 1.70141E+38 1.70141E+38 1.70141E+38 1.70141E+38 1.70141E+38 1.70141E+38
1.70141E+38 1.70141E+38 1.70141E+38 1.70141E+38 1.70141E+38 1.70141E+38 1.70141E+38 1.70141E+38 1.70141E+38 1.70141E+38 1.70141E+38 1.70141E+38 1.70141E+38 1.70141E+38 1.70141E+38 1.70141E+38 1.70141E+38 1.70141E+38 1.70141E+38 1.70141E+38 1.70141E+38 1.70141E+38 1.70141E+38 1.70141E+38 1.70141E+38 1.70141E+38 1.70141E+38 1.70141E+38 1.70141E+38 1.70141E+38 1.70141E+38 1.70141E+38 1.70141E+38 1.70141E+38 1.70141E+38 1.70141E+38 1.70141E+38 1.70141E+38 1.70141E+38 1.70141E+38 1.70141E+38 1.70141E+38 1.70141E+38 1.70141E+38 1.70141E+38 1.70141E+38 1.70141E+38 1.70141E+38 1.70141E+38 1.70141E+38 1.70141E+38 1.70141E+38 1.70141E+38 1.70141E+38 1.70141E+38 1.70141E+38 1.70141E+38 1.70141E+38 1.70141E+38 1.70141E+38 1.70141E+38 1.70141E+38
1.70141E+38 1.70141E+38 1.70141E+38 1.70141E+38 1.70141E+38 1.70141E+38 1.70141E+38 1.70141E+38 1.70141E+38 1.70141E+38 1.70141E+38 1.70141E+38 1.70141E+38 1.70141E+38 1.70141E+38 1.70141E+38 1.70141E+38 1.70141E+38 1.70141E+38 1.70141E+38 1.70141E+38 1.70141E+38 1.70141E+38 1.70141E+38 1.70141E+38 1.70141E+38 1.70141E+38 1.70141E+38 1.70141E+38 1.70141E+38 1.70141E+38 1.70141E+38 1.70141E+38 1.70141E+38 1.70141E+38 1.70141E+38 1.70141E+38 1.70141E+38 1.70141E+38 1.70141E+38 1.70141E+38 1.70141E+38 1.70141E+38 1.70141E+38 1.70141E+38 1.70141E+38 1.70141E+38 1.70141E+38 1.70141E+38 1.70141E+38 1.70141E+38 1.70141E+38 1.70141E+38 1.70141E+38 1.70141E+38 1.70141E+38 1.70141E+38 1.70141E+38 1.70141E+38 1.70141E+38 1.70141E+38 1.70141E+38
1.70141E+38 1.70141E+38 1.70141E+38 1.70141E+38 1.70141E+38 1.70141E+38 1.70141E+38 1.70141E+38 1.70141E+38 1.70141E+38 1.70141E+38 1.70141E+38 1.70141E+38 1.70141E+38 1.70141E+38 1.70141E+38 1.70141E+38 1.70141E+38 1.70141E+38 1.70141E+38 1.70141E+38 1.70141E+38 1.70141E+38 1.70141E+38 1.70141E+38 1.70141E+38 1.70141E+38 1.70141E+38 1.70141E+38 1.70141E+38 1.70141E+38 1.70141E+38 1.70141E+38 1.70141E+38 1.70141E+38 1.70141E+38 1.70141E+38 1.70141E+38 1.70141E+38 1.70141E+38 1.70141E+38 1.70141E+38 1.70141E+38 1.70141E+38 1.70141E+38 1.70141E+38 1.70141E+38 1.70141E+38 1.70141E+38 1.70141E+38 1.70141E+38 1.70141E+38 1.70141E+38 1.70141E+38 1.70141E+38 1.70141E+38 1.70141E+38 1.70141E+38 1.70141E+38 1.70141E+38 1.70141E+38 1.70141E+38
1.70141E+38 1.70141E+38 1.70141E+38 1.70141E+38 1.70141E+38 1.70141E+38 1.70141E+38 1.70141E+38 1.70141E+38 1.70141E+38 1.70141E+38 1.70141E+38 1.70141E+38 1.70141E+38 1.70141E+38 1.70141E+38 1.70141E+38 1.70141E+38 1.70141E+38 1.70141E+38 1.70141E+38 1.70141E+38 1.70141E+38 1.70141E+38 1.70141E+38 1.70141E+38 1.70141E+38 1.70141E+38 1.70141E+38 1.70141E+38 1.70141E+38 1.70141E+38 1.70141E+38 1.70141E+38 1.70141E+38 1.70141E+38 1.70141E+38 1.70141E+38 1.70141E+38 1.70141E+38 1.70141E+38 1.70141E+38 1.70141E+38 1.70141E+38 1.70141E+38 1.70141E+38 1.70141E+38 1.70141E+38 1.70141E+38 1.70141E+38 1.70141E+38 1.70141E+38 1.70141E+38 1.70141E+38 1.70141E+38 1.70141E+38 1.70141E+38 1.70141E+38 1.70141E+38 1.70141E+38 1.70141E+38 1.70141E+38
