py_wake/examples/data/AJ_ParqueFicticio/Ridge area   Sector 7   Height 30m   Turbulence intensity.grd
DSAA
90  129
 262878   265103
 6504214   6507414
 11.97907   100
[rows 54 to 80 of 129, columns 0 to 61 of 90]
14.56976 14.92752 15.34591 15.82756 16.26282 16.72964 17.42553 18.31174 19.3749 20.4409 21.24171 21.86143 22.44099 23.31827 24.58503 26.18416 27.8256 28.89431 29.82126 30.47988 30.20524 29.32833 28.09374 26.83356 25.84955 25.62415 25.79305 25.62998 25.85479 26.05884 25.55723 24.87965 23.89842 22.54938 21.32872 20.14714 18.96211 17.89584 16.9423 16.11642 15.44004 14.87726 14.43689 14.09258 13.78638 13.57506 13.47547 13.44985 13.48735 13.58079 13.69665 13.85091 14.01101 14.12031 14.19787 14.27923 14.32902 14.32965 14.22678 13.99096 13.67604 13.40785
14.32954 14.61361 14.94763 15.33973 15.77366 16.22034 16.67884 17.41557 18.24695 19.10709 19.8118 20.29513 20.87318 21.76793 22.93665 24.33871 25.81474 27.22027 28.42971 29.27138 29.46557 28.8525 27.83612 26.65537 25.46778 24.80247 24.44403 24.27279 24.19453 24.07729 23.82751 23.2115 22.5192 21.8038 21.04835 20.13774 18.98454 17.93176 17.02358 16.21421 15.5114 14.90766 14.43664 14.05317 13.73688 13.53468 13.40634 13.34332 13.33608 13.41788 13.54168 13.68499 13.82598 13.90958 13.9239 13.92949 13.89437 13.82906 13.72482 13.56253 13.4569 13.37059
14.07939 14.28385 14.53348 14.85505 15.26276 15.66945 16.08658 16.63502 17.32221 18.0008 18.52957 18.94618 19.37618 20.20555 21.26104 22.52435 23.85674 25.27819 26.73971 28.00033 28.35223 27.92175 27.14133 25.9183 24.5836 23.64802 23.09825 22.7949 22.6457 22.4966 22.15978 21.65856 21.12031 20.67351 20.14111 19.40662 18.54879 17.688 16.92444 16.16247 15.44542 14.84494 14.36506 13.95827 13.66092 13.46917 13.3265 13.24959 13.21934 13.25378 13.36946 13.51543 13.64699 13.7249 13.76215 13.76976 13.70787 13.63015 13.55975 13.48934 13.42582 13.37667
13.80522 13.96884 14.16684 14.42416 14.74094 15.11531 15.49872 15.86586 16.38937 16.91058 17.37991 17.65084 17.97945 18.58641 19.44081 20.55409 21.89853 23.31658 24.88712 26.22739 26.62687 26.33795 25.80335 24.8103 23.55078 22.5259 21.87747 21.46646 21.25739 20.99154 20.63018 20.21453 19.809 19.37687 18.85074 18.287 17.67638 17.09803 16.5142 15.85778 15.17696 14.61405 14.15445 13.77732 13.53705 13.35517 13.21569 13.13409 13.09587 13.09568 13.16188 13.29041 13.42049 13.51131 13.5841 13.62648 13.60931 13.56021 13.51309 13.46636 13.43008 13.42094
13.57043 13.70117 13.87688 14.11035 14.36295 14.6435 14.93787 15.25101 15.67781 16.05787 16.35698 16.5759 16.81873 17.25132 17.95666 18.8597 19.94029 21.09529 22.58391 23.85149 24.3823 24.37569 24.05533 23.32117 22.31243 21.3802 20.71111 20.28081 19.92645 19.58795 19.2217 18.82266 18.44316 18.03428 17.60315 17.12733 16.64272 16.17871 15.69693 15.18254 14.66456 14.19903 13.79087 13.51029 13.32508 13.16852 13.04315 12.96627 12.92836 12.92551 12.95959 13.05062 13.17269 13.25891 13.35855 13.42996 13.46092 13.46908 13.46411 13.46324 13.47792 13.51833
13.34161 13.44197 13.5799 13.76288 13.96751 14.19497 14.43093 14.67258 15.00513 15.30444 15.5114 15.65819 15.83624 16.16442 16.71547 17.42133 18.29273 19.35448 20.57466 21.65765 22.24355 22.48895 22.28939 21.68075 20.89481 20.1662 19.56907 19.13219 18.77604 18.38504 17.97695 17.56345 17.15766 16.78282 16.40959 16.00356 15.60491 15.21175 14.8095 14.40211 14.03517 13.67872 13.38625 13.18666 13.02953 12.89226 12.77916 12.7159 12.69994 12.71496 12.75699 12.82686 12.92725 13.0187 13.13831 13.2367 13.29979 13.35413 13.41619 13.48324 13.5639 13.66579
13.08509 13.15995 13.25712 13.38699 13.54 13.71046 13.88864 14.06295 14.33773 14.59597 14.76496 14.85281 14.96221 15.20827 15.61391 16.10426 16.73659 17.56386 18.56234 19.61678 20.20813 20.52108 20.57087 20.12499 19.52732 18.97762 18.47517 18.08671 17.73101 17.36115 16.94807 16.49763 16.06566 15.72162 15.39903 15.04394 14.72174 14.40865 14.08032 13.78635 13.50545 13.24205 13.0417 12.87308 12.72313 12.5888 12.49477 12.4443 12.43917 12.48483 12.55876 12.64182 12.72874 12.81549 12.94732 13.06962 13.16837 13.26438 13.38346 13.52819 13.68742 13.85899
12.79185 12.86305 12.95158 13.05448 13.1733 13.29445 13.41148 13.53506 13.74591 13.94071 14.06882 14.15529 14.233 14.37074 14.63706 15.00061 15.46913 16.08754 16.85591 17.67103 18.24315 18.58897 18.76312 18.59263 18.22295 17.83185 17.46826 17.13246 16.7889 16.45634 16.08528 15.67836 15.27798 14.97517 14.67163 14.38017 14.1167 13.84166 13.58277 13.34915 13.12161 12.92981 12.77829 12.63738 12.50669 12.40429 12.34321 12.30249 12.28865 12.32143 12.4056 12.50206 12.58773 12.67078 12.80879 12.96611 13.11299 13.25846 13.42733 13.63234 13.86735 14.11188
12.50089 12.57482 12.6588 12.73164 12.81035 12.89408 12.97986 13.11266 13.28336 13.43995 13.53598 13.57197 13.61946 13.74041 13.93681 14.21249 14.53871 14.9601 15.46006 16.02305 16.5413 16.80969 16.98478 16.98417 16.84509 16.60703 16.38716 16.20555 15.97159 15.67847 15.39945 15.06733 14.75938 14.48204 14.21376 13.96731 13.71588 13.47454 13.26145 13.05731 12.86854 12.71237 12.57807 12.46456 12.37447 12.32219 12.29341 12.26334 12.24108 12.24054 12.29689 12.38969 12.4825 12.57448 12.71509 12.90655 13.10449 13.30748 13.53351 13.8038 14.12442 14.46385
12.29125 12.35894 12.4326 12.49357 12.54559 12.59525 12.64769 12.75888 12.87548 12.98964 13.08461 13.15818 13.22396 13.31296 13.44795 13.63813 13.85496 14.11363 14.44646 14.83008 15.16727 15.39725 15.50887 15.59782 15.56553 15.49518 15.44649 15.38953 15.23384 15.04951 14.83638 14.5939 14.36675 14.13053 13.90804 13.70245 13.48165 13.26436 13.06394 12.88167 12.71888 12.57678 12.44972 12.34619 12.28743 12.27384 12.26601 12.24851 12.2281 12.21254 12.23075 12.3013 12.39167 12.4915 12.62673 12.84027 13.08359 13.33901 13.62265 13.96141 14.3798 14.8377
12.22097 12.28999 12.3613 12.42403 12.47764 12.52625 12.59316 12.68911 12.78012 12.86378 12.93415 12.99222 13.0497 13.12242 13.21184 13.33026 13.49963 13.70063 13.9155 14.11262 14.3167 14.50641 14.64095 14.69427 14.68874 14.73619 14.77514 14.75259 14.67174 14.56504 14.41116 14.24513 14.07342 13.88771 13.71396 13.54393 13.35919 13.17435 12.99579 12.82666 12.67374 12.54138 12.42572 12.32728 12.26806 12.25948 12.26372 12.25641 12.23926 12.21992 12.21346 12.24794 12.32305 12.42309 12.54553 12.76339 13.03531 13.33311 13.66896 14.06726 14.56593 15.12618
12.30925 12.37963 12.43618 12.47977 12.5163 12.55233 12.62624 12.71996 12.81108 12.89197 12.96472 13.0351 13.11073 13.18944 13.26263 13.34854 13.4639 13.61789 13.78057 13.89684 14.00993 14.13865 14.24063 14.26307 14.27174 14.30848 14.35127 14.35802 14.31776 14.25559 14.16389 14.0577 13.93764 13.80678 13.67715 13.54464 13.40469 13.25896 13.09986 12.9287 12.77147 12.63823 12.52446 12.42281 12.33567 12.29476 12.28776 12.28112 12.26573 12.24488 12.22967 12.23783 12.2911 12.38445 12.5094 12.7008 12.98376 13.30656 13.67122 14.09927 14.63866 15.26473
12.53147 12.60182 12.64282 12.65481 12.67486 12.70726 12.79488 12.90341 13.02018 13.12949 13.22929 13.32903 13.43211 13.52446 13.57791 13.624 13.71637 13.84114 13.97844 14.07392 14.12431 14.16105 14.20545 14.22413 14.20577 14.18124 14.17781 14.16803 14.13927 14.10801 14.06319 14.0069 13.93894 13.86152 13.7759 13.6905 13.61003 13.51086 13.36481 13.18894 13.02156 12.85486 12.71683 12.60067 12.48982 12.38653 12.33692 12.32014 12.30135 12.27904 12.26134 12.25977 12.29972 12.3841 12.50264 12.65829 12.92941 13.25271 13.62402 14.06123 14.61216 15.27879
12.85398 12.92278 12.9695 12.95541 12.93805 12.95711 13.04783 13.18009 13.33593 13.4888 13.63152 13.77349 13.91047 14.01912 14.06137 14.05682 14.13758 14.27476 14.40694 14.46706 14.46877 14.47532 14.47656 14.45408 14.40818 14.36721 14.30851 14.24356 14.21383 14.17834 14.1213 14.08727 14.07389 14.04609 13.98682 13.93508 13.91025 13.85591 13.7313 13.55384 13.36114 13.15606 12.97105 12.82056 12.67784 12.52808 12.42064 12.37225 12.34234 12.31276 12.28833 12.28072 12.31369 12.38791 12.49282 12.62959 12.85878 13.16479 13.52882 13.96868 14.5251 15.21286
13.22857 13.31536 13.37596 13.3864 13.34835 13.31836 13.3703 13.51239 13.71689 13.93142 14.12787 14.31264 14.4826 14.6098 14.67699 14.66896 14.69286 14.83033 14.97756 15.02699 14.98043 14.96163 14.94699 14.8991 14.82112 14.75274 14.68906 14.62722 14.58801 14.53669 14.47113 14.42449 14.43299 14.4418 14.40075 14.35878 14.34876 14.31884 14.21364 14.02657 13.78664 13.54023 13.29641 13.08118 12.90194 12.72166 12.55103 12.4425 12.38702 12.34168 12.30464 12.28687 12.31255 12.37888 12.47462 12.6007 12.79437 13.0827 13.4306 13.86106 14.41455 15.11103
13.6232 13.73427 13.82637 13.88522 13.89687 13.89477 13.93615 14.09756 14.34585 14.65639 14.95627 15.19301 15.35554 15.46543 15.51816 15.50248 15.48386 15.56799 15.69044 15.76476 15.72423 15.64602 15.60317 15.52686 15.42512 15.32625 15.27816 15.26342 15.21771 15.15674 15.11043 15.05758 15.05111 15.08535 15.10295 15.08797 15.06051 15.00568 14.87024 14.65616 14.35643 14.04378 13.73002 13.41266 13.17287 12.95614 12.73331 12.54168 12.43089 12.35828 12.30138 12.27513 12.30338 12.38042 12.49103 12.64115 12.86537 13.13768 13.48051 13.88616 14.40301 15.08445
14.03346 14.18006 14.33918 14.50062 14.70207 14.95336 15.26432 15.62023 16.08608 16.68633 17.18865 17.47946 17.60631 17.52423 17.30517 17.06749 16.89952 16.82451 16.78781 16.76171 16.69311 16.52144 16.37533 16.28481 16.18067 16.09051 16.03468 16.05021 16.03179 16.02697 16.00007 15.98014 15.99868 16.07849 16.16166 16.24728 16.29294 16.22636 15.99425 15.58322 15.15841 14.73532 14.29398 13.8487 13.47274 13.20396 12.93226 12.67121 12.48772 12.37529 12.29592 12.25716 12.28853 12.38227 12.51935 12.70953 12.9737 13.2638 13.58746 13.98889 14.49162 15.15731
14.51918 14.78856 15.06933 15.49662 16.2964 17.45925 18.7253 19.8134 20.86522 22.06037 22.7778 23.13843 23.20437 22.4284 21.48034 20.6319 20.10815 19.5868 19.0985 18.66331 18.24539 17.85767 17.58431 17.40593 17.257 17.17329 17.16006 17.21035 17.26489 17.33133 17.36586 17.39727 17.47963 17.61285 17.77694 17.98632 18.13094 18.23092 18.07466 17.20878 16.25147 15.60922 15.00025 14.38591 13.83184 13.46142 13.13367 12.81324 12.55003 12.38192 12.2799 12.24307 12.2826 12.38948 12.54828 12.77528 13.07107 13.38598 13.73032 14.1181 14.60986 15.29286
15.25773 15.8527 16.53285 17.64208 19.84547 23.05741 26.41009 28.87648 30.80285 32.61811 33.69867 33.91676 33.4629 31.80945 29.56752 27.82923 26.51321 25.14113 23.81893 22.67356 21.57494 20.56242 19.92128 19.5964 19.36008 19.23506 19.20341 19.32567 19.5028 19.73689 19.85396 19.83075 19.87638 20.01738 20.28192 20.45312 20.34059 20.40348 20.37345 19.22558 17.57779 16.52776 15.71588 14.92226 14.21275 13.70068 13.33044 12.98109 12.69046 12.49963 12.39824 12.36659 12.39662 12.48296 12.63462 12.86837 13.16819 13.50168 13.86967 14.28419 21.83916 24.23966
16.72973 17.93199 19.60927 22.39647 27.25805 33.94532 40.96255 46.1858 49.49216 51.14544 50.96596 49.72509 48.24399 46.18089 43.61174 40.67454 38.31433 35.36494 32.84228 30.40956 28.03744 26.22139 24.90273 24.16113 23.80457 23.62539 23.53922 23.67137 23.90234 24.24483 24.3211 24.18945 23.67569 23.32834 23.3837 23.15224 22.57049 22.21385 21.65761 20.45148 18.55427 17.21067 16.21801 15.30481 14.49852 13.88977 13.50947 13.16269 12.88557 12.70438 12.60508 12.55748 12.55779 12.61199 12.74539 12.96819 13.25847 13.60458 13.99541 14.44821 15.05778 15.88361
19.41965 21.60368 24.8292 30.06915 38.27687 49.9376 64.13004 75.19361 76.9621 74.23898 71.56525 68.34029 65.31917 62.13939 59.73997 58.85678 55.62893 50.81279 46.58074 41.77871 37.30319 34.84853 33.50537 32.14691 31.4222 31.3699 31.80319 32.1257 32.56475 32.65481 32.30485 31.71323 29.79362 27.83211 26.76197 25.76282 24.65283 23.58593 22.46121 21.08352 19.16948 17.68211 16.50846 15.50079 14.65409 14.01852 13.64912 13.31764 13.0629 12.89566 12.78384 12.70897 12.68598 12.73228 12.86286 13.07274 13.36187 13.70868 14.11006 14.60071 15.28464 16.22001
22.90078 26.55959 31.93933 39.73555 51.37402 67.51612 86.80418 97.63303 90.70776 82.42992 77.73212 75.8342 76.55104 75.74358 72.02012 71.03471 71.52959 66.9236 59.4645 52.0107 45.80751 42.92881 42.34725 42.26129 41.11739 40.22142 41.11409 43.36306 45.38539 44.19188 42.57155 41.55608 38.00527 33.14658 29.92015 27.66894 25.78498 24.21414 22.92047 21.40388 19.47358 17.93425 16.68542 15.64458 14.77182 14.12271 13.76389 13.44603 13.21725 13.06289 12.93817 12.84472 12.82166 12.88958 13.02498 13.21868 13.5087 13.85894 14.25774 14.76364 15.51098 16.53127
26.67954 31.47221 38.4727 48.21681 61.39384 76.89535 89.63627 96.59318 87.1365 79.09522 74.5786 73.21264 74.48849 75.39787 72.98943 72.94936 74.80276 71.8821 63.71786 55.5314 50.19246 47.80377 47.32646 47.8036 47.15885 46.00589 46.75927 49.01384 51.43498 50.48864 47.89845 46.0379 41.97821 35.65966 31.10982 27.89913 25.56385 23.81418 22.55058 21.00498 19.25749 17.81808 16.60834 15.63309 14.78339 14.17352 13.84156 13.55608 13.37173 13.23463 13.10913 13.03766 13.06075 13.16021 13.3045 13.50256 13.78359 14.11252 14.47902 14.97943 15.75166 16.79176
31.15292 36.85825 44.47993 54.34964 65.72207 74.18404 80.41385 80.04343 73.51664 67.92117 64.60484 63.89995 63.06435 62.95879 63.64986 64.37866 65.58311 64.0136 60.08506 54.81672 50.50235 48.05662 46.93007 46.65549 46.36629 46.02965 46.45651 47.43365 48.05389 47.02906 45.30816 43.13686 39.16257 34.26514 30.1289 26.98281 24.64218 22.83571 21.42016 19.94355 18.53374 17.28156 16.26164 15.45243 14.69505 14.18782 13.88826 13.65595 13.52055 13.41417 13.36958 13.40536 13.49173 13.62044 13.79623 14.01133 14.27063 14.55896 14.88109 15.39469 16.12187 17.04955
35.64486 42.43823 50.08741 57.241 64.01295 68.27242 69.12987 65.32524 60.03597 56.29185 53.58329 51.10146 50.54977 51.11735 52.21766 52.75343 52.76305 53.03282 52.04977 49.71404 46.83324 44.80187 43.38663 42.23932 41.7037 42.08846 42.61994 42.75429 42.266 41.57831 40.63974 38.66814 35.30199 31.66363 28.17202 25.37988 23.23595 21.52943 20.05968 18.76942 17.65431 16.6115 15.80575 15.12132 14.50768 14.15929 13.90935 13.75336 13.66733 13.64514 13.78125 13.95414 14.10873 14.29609 14.52894 14.78034 15.01283 15.25199 15.63749 16.10888 16.70633 17.43786
37.97237 44.89862 51.4372 54.5431 57.35374 59.29536 58.19655 53.5351 49.01467 45.50312 42.6874 41.26557 41.04612 41.44158 41.73978 42.38412 42.90978 43.35015 43.11208 42.27931 40.98219 39.78034 38.49698 37.30984 36.90438 37.38844 37.83651 37.54517 37.12934 37.01885 36.42567 34.68953 32.30884 29.21748 26.06109 23.57618 21.68569 20.12976 18.77851 17.71126 16.78123 16.0026 15.3643 14.74593 14.29329 14.07966 13.90158 13.82356 13.79778 13.95895 14.23839 14.54481 14.84729 15.15348 15.48119 15.79507 16.04941 16.39294 16.84312 17.24524 17.70637 18.20343
36.6031 41.54025 45.05803 46.72734 48.20726 48.33984 46.15269 42.82101 39.11665 36.05483 34.08065 33.03515 32.7497 32.87909 33.49995 34.24204 34.90015 35.45155 35.46627 35.39976 34.75988 33.96688 33.06747 32.44446 32.30166 32.51252 32.72598 32.66269 32.63215 32.62667 32.15978 31.00368 29.30886 26.77217 24.13509 21.97154 20.28659 18.88926 17.70091 16.76943 15.99951 15.43175 14.88947 14.41054 14.13911 13.98645 13.88177 13.85576 13.91777 14.22026 14.60201 15.05348 15.56252 16.10348 16.65809 17.1325 17.4317 18.12501 18.67306 19.06626 19.42746 19.76448
