py_wake/examples/data/AJ_ParqueFicticio/Ridge area   Sector All   Height 200m   Elevation.grd
DSAA
90  129
 262878   265103
 6504214   6507414
 200.1461   600.0008
[rows 27 to 53 of 129, columns 0 to 61 of 90]
215.836 220.7965 226.5543 232.4211 238.2152 244.0135 249.6593 254.989 260.1585 265.0433 269.4847 273.6373 277.8507 282.3463 287.4252 293.0353 299.0528 305.3573 311.6985 318.1429 325.6501 333.6143 341.5614 349.7656 357.9337 366.4174 375.2461 384.5415 394.3308 403.7765 412.9919 422.0141 430.7885 439.4395 447.1882 454.8036 462.1438 468.9694 475.7783 481.3315 484.8599 487.3513 488.8879 489.3234 488.1435 485.2435 480.9586 474.5115 466.4103 456.8067 445.3626 433.2728 420.9601 408.2163 395.5312 383.3683 371.8615 361.007 351.0341 341.7283 333.0349 324.8556
216.7504 221.9457 227.8803 233.9567 240.1532 246.5195 252.7553 258.8076 264.5759 269.7374 274.2922 278.4553 282.2715 286.0918 290.2411 294.9708 300.2942 306.0195 311.9582 318.0691 324.9359 332.1624 339.4378 347.2022 354.9161 362.8971 371.4929 380.5173 390.1331 399.8109 409.11 418.1736 427.2961 436.2416 444.6082 452.6246 460.4535 467.6968 474.908 481.2483 485.9171 489.5189 491.9016 492.5242 490.8995 487.6547 483.1338 476.4834 467.9392 458.1355 446.488 434.195 421.8369 409.1546 396.7578 385.2088 373.9534 362.9537 353.1209 344.2169 335.8989 328.3292
217.6427 223.0719 229.0827 235.1906 241.6105 248.3863 255.14 261.8993 268.4888 274.3358 279.0611 282.8345 286.4547 290.1426 293.9198 298.0872 302.7559 307.8754 313.1805 318.8289 325.1302 331.5706 338.0504 345.1554 352.3867 359.6649 367.9472 376.913 386.409 395.959 405.1686 414.2376 423.3101 432.5092 441.4729 449.8312 458.0676 465.8795 473.5662 480.7183 486.5126 491.3175 494.8462 496.0568 494.2082 490.4801 485.4188 478.5323 469.6855 459.564 447.6514 435.2017 422.9451 410.4633 398.3683 387.3225 376.3337 365.3169 355.549 347.1423 339.4043 332.2695
218.415 224.0282 230.077 236.2307 242.798 249.6971 256.658 263.8247 271.1095 277.8389 282.7139 286.4854 290.1095 294.013 298.0485 302.135 306.5016 311.1168 315.818 320.9989 327.0572 332.7887 338.5761 345.2232 351.9064 358.5002 366.4828 375.4255 384.5487 393.6811 402.6723 411.3157 419.762 428.9669 438.3602 447.131 455.5867 463.9074 472.1957 480.1153 487.0363 493.2149 498.0224 499.7805 498.2487 494.1991 488.2537 480.9698 471.6942 461.1548 449.1587 436.8313 424.9124 412.6946 400.6315 389.8343 379.5878 368.9505 359.0435 351.1139 343.8094 336.8939
218.692 224.3415 230.399 236.4958 243.1296 250.1752 257.2928 264.5325 271.8652 278.7699 284.156 288.7582 293.0875 297.3799 301.7726 306.1935 310.6049 315.1466 320.0096 325.4349 331.164 336.7181 342.4858 348.9098 355.2267 361.7156 369.2894 377.5586 385.7279 393.9878 402.3842 410.7261 419.0604 427.8432 436.7702 445.5059 454.0224 462.5466 471.2321 479.7218 487.4564 494.5804 500.1069 502.428 501.5972 498.0354 491.5114 483.6899 474.2354 463.6191 451.8879 439.7194 428.1344 416.4221 404.3394 393.6114 384.425 374.9736 365.2221 356.7789 349.5748 342.6976
218.9552 224.5801 230.618 236.6896 243.313 250.3362 257.4135 264.5297 271.6635 278.5227 284.4341 289.8129 294.9826 299.9814 304.8596 309.5939 314.2595 319.4044 325.1311 330.8884 336.5532 342.4404 348.4927 354.7117 361.0332 367.6021 374.6909 382.1641 389.431 396.6993 404.4061 412.3379 420.4168 428.4476 436.5561 444.8288 453.199 461.7234 470.5816 479.3708 487.6533 495.351 501.0563 503.9247 503.8341 500.8922 494.9033 486.7542 477.4396 466.8675 455.4289 443.5771 432.3238 421.1693 409.1851 398.1563 389.7184 381.5447 372.5996 363.8684 356.1895 349.2111
219.2115 224.8175 230.8361 236.8796 243.5084 250.5226 257.5558 264.5057 271.3996 278.2027 284.6239 290.7003 296.5458 302.1184 307.388 312.412 317.4736 323.5933 330.3451 336.6219 342.7042 348.8547 355.0767 361.4404 367.7918 374.2357 381.1818 388.3698 395.0438 401.7619 408.6888 415.6166 423.0571 430.4059 437.7007 445.4703 453.5203 461.752 470.4258 479.2016 487.8977 496.0716 501.9065 505.1473 505.7364 503.1945 498.203 490.2914 481.0308 470.7725 459.9824 448.7148 437.6825 426.8293 415.5759 404.7036 396.066 388.3604 380.1214 371.6569 363.6186 356.2274
219.5109 225.1618 231.207 237.2676 244.0258 251.1252 258.1818 265.1957 272.063 278.8258 285.6056 292.2269 298.5741 304.5153 309.9708 315.1237 320.8195 327.8197 335.1817 342.2721 348.8351 355.2524 361.9087 368.5242 374.9483 381.5923 388.709 395.9767 403.0026 409.5761 415.7825 422.0689 428.662 435.0956 441.8027 449.0241 456.1655 463.9435 472.0378 480.3686 489.1918 497.3675 503.148 506.6921 507.86 505.728 501.6008 494.5139 485.8175 476.3351 465.9591 455.1885 444.2102 433.5148 423.2166 413.3118 403.9489 395.5575 387.5445 379.1949 371.1497 363.7492
220.362 225.996 231.8877 237.858 244.8773 252.2396 259.5564 266.8313 273.9292 280.9139 287.9284 294.7933 301.4498 307.6361 313.2864 318.7341 325.0678 332.3672 339.8722 347.2311 354.3361 361.4555 368.6335 375.7205 382.7467 390.0448 397.5103 405.2971 412.8148 419.436 425.6348 431.7125 437.5635 443.3087 449.5217 455.6851 462.0967 469.0747 476.3444 483.7733 492.0061 499.7227 505.2606 509.0012 510.6187 509.0457 505.4528 499.5378 491.3821 482.6699 473.2488 463.0276 452.422 442.0516 431.9229 421.8282 412.2252 403.3627 394.9391 386.5061 378.2456 370.9621
221.9789 227.2329 232.768 238.4872 245.853 253.5645 261.2363 268.8318 276.2836 283.6362 290.8844 297.9943 305.0369 311.4874 317.4664 323.5835 330.1403 337.2419 344.7218 352.1434 359.6092 367.3243 374.9766 382.8952 390.8713 398.8578 407.106 415.5495 423.5846 430.5107 436.7437 442.5165 448.051 453.4437 459.0607 464.5847 470.1845 476.2014 482.4648 489.0967 496.2886 503.0987 508.308 512.1777 514.43 513.3986 509.9576 504.525 497.6058 489.6385 481.224 471.6493 461.3179 451.0245 440.8524 430.5845 420.42 411.1529 402.3535 393.5623 385.2209 377.6614
224.3436 228.8495 233.832 239.2345 246.9097 254.9287 262.9038 270.7775 278.5985 286.4118 294.0155 301.6241 309.1761 315.9965 322.5011 329.0164 335.6069 342.5593 349.8547 357.2743 365.2411 373.2155 381.4148 389.9647 398.7509 407.5427 416.4149 425.5209 434.4376 441.7979 447.9833 453.6766 459.0663 464.3864 469.3913 474.3838 479.3611 484.3842 489.4081 495.0485 501.5096 507.6771 512.6588 516.4918 519.1224 518.9285 515.2822 509.937 503.8491 496.6828 488.6514 480.0764 470.1107 459.665 449.4232 439.1668 428.7943 418.8014 409.3473 400.4307 392.0692 384.4813
227.8461 230.9614 235.189 240.4123 248.1775 256.2393 264.3712 272.482 280.5628 288.8586 297.0219 305.4509 313.65 321.1619 327.9167 334.5451 341.4468 348.7371 355.8079 363.3989 371.5973 379.8635 388.2737 397.0576 406.2654 415.6134 425.0291 434.5607 443.9222 451.9985 458.7391 464.8072 470.1562 475.2115 479.9 484.511 488.7604 492.8771 497.1873 502.2053 508.0009 513.7031 518.51 522.0207 524.3811 524.4805 521.1259 515.897 509.9521 503.3578 495.8158 487.4907 477.9585 467.4057 456.8578 446.5949 436.129 425.4604 415.7313 406.9372 398.6421 391.3429
231.9171 233.9402 237.3009 242.5012 249.7793 257.5665 265.7313 274.0479 282.4891 291.1202 299.772 308.8621 317.7181 325.8696 333.2521 340.3373 347.8711 355.3983 363.0519 370.8176 378.742 386.8872 395.3416 404.3583 413.6306 423.1249 432.862 442.5732 452.0548 460.7896 468.2916 474.848 480.6733 485.6738 490.3147 494.4597 498.4228 502.1166 505.907 510.4215 515.5556 520.7059 524.8533 527.8733 529.6716 529.4183 526.3978 522.0364 516.3644 509.6473 502.5116 494.3298 484.6097 473.8146 463.0398 452.4438 441.7502 431.2616 421.5256 412.729 404.7505 397.7986
236.6775 237.9849 240.5939 245.3784 251.6964 258.937 266.9629 275.306 283.982 293.0028 302.2695 311.9763 321.4011 330.0223 338.2374 346.4557 354.308 362.3101 370.541 378.3586 386.0212 393.7783 402.2104 411.4078 420.8401 430.4639 440.1542 449.8437 459.6281 468.6338 476.7695 483.8683 490.2901 495.4318 500.1154 504.1555 507.6778 511.1332 514.6368 518.6542 523.1893 527.562 531.0543 533.7253 535.3511 534.967 532.0707 527.7468 522.2267 515.5237 508.4869 500.7383 490.6444 479.1996 468.2764 457.5777 446.6091 436.0872 426.7758 418.2446 410.6441 404.6332
242.4883 243.1248 244.8931 248.4626 253.7173 260.3048 268.1148 276.3635 285.1639 294.4878 304.2513 314.464 324.3548 333.7212 342.8137 351.7077 360.3613 368.6898 377.261 385.1837 392.4557 400.2242 408.6094 417.8951 427.2657 437.0199 446.6424 456.424 466.1451 475.5299 483.8474 491.4023 498.3 503.5247 508.1931 512.9238 516.6587 519.5175 522.5541 526.1447 530.1622 534.5663 537.9587 540.0369 541.1342 540.7295 538.1364 533.2304 527.5191 521.0513 513.7999 505.7828 495.9266 484.2166 472.9154 462.0453 450.9968 440.4347 431.36 423.4731 416.7809 411.8525
249.1969 248.9465 249.4611 251.4464 255.6969 261.7734 269.3401 277.3919 286.166 295.531 305.6121 316.2105 326.4943 336.3526 345.9709 355.4413 364.7245 373.7211 382.3762 390.4287 398.2488 405.8452 413.9077 422.8531 432.1118 441.5908 451.0703 460.7813 470.5959 480.2241 488.4831 496.5202 503.2546 508.8521 514.1353 519.4271 523.2321 525.8911 528.8362 532.2795 536.5945 540.7214 543.4577 545.0298 545.9476 545.4216 542.9333 538.7715 532.7241 525.8925 518.1531 509.584 500.0236 488.5841 476.9739 465.9559 455.1192 444.657 435.8098 428.7029 423.0291 419.5747
256.0673 254.9332 254.4117 255.1497 258.0267 263.4853 270.5817 278.1852 286.8462 296.2048 306.3962 317.2009 327.748 338.0572 348.0307 357.7224 367.2358 376.6712 385.9645 394.7286 402.7821 410.2354 417.999 426.3533 435.0893 444.169 453.2671 462.7504 472.715 482.2243 490.6028 498.767 505.5529 511.8134 517.8257 523.0804 527.3657 530.8139 534.1852 537.9485 541.8367 545.2629 547.9548 549.6244 550.4413 549.7416 547.0959 543.0599 537.3897 530.0504 521.8765 512.8934 503.1552 492.0016 480.4462 469.5327 459.0782 449.2271 440.6821 434.3011 430.1112 428.2055
264.0807 262.0143 260.4568 260.2195 261.899 265.9098 271.7437 278.5576 286.9857 296.3616 306.502 317.2494 328.0029 338.6546 349.0427 359.144 368.6788 378.1573 387.8571 397.459 405.9113 413.6808 421.3665 429.0262 437.1687 445.5855 454.0284 463.2613 473.3934 482.874 491.1781 499.2351 506.207 512.9558 519.4299 524.9391 529.8701 534.4841 538.6823 542.4273 545.9579 549.41 552.2964 554.1647 555.1393 554.2022 551.0485 546.783 541.3307 533.9094 525.4296 516.1457 506.1174 495.2173 483.8127 472.9536 462.7669 453.5933 446.0811 440.709 437.7625 436.9769
273.3528 270.6752 268.3019 267.0421 267.2554 269.0789 273.1295 278.9452 286.8892 296.0137 306.002 316.6747 327.353 338.0912 348.7037 359.1291 368.6299 377.8247 387.564 397.4492 406.1646 414.3569 422.508 429.8332 437.4366 445.2723 453.1761 462.0774 472.3103 481.964 489.961 497.8802 505.164 512.2719 519.2001 525.1255 530.5674 536.0725 541.155 545.3849 549.2572 553.1793 556.7761 558.9477 559.6696 558.7458 555.25 550.3193 544.6539 537.5497 528.8395 519.4175 509.1862 498.3641 487.0561 476.1823 466.2708 457.8131 451.3956 447.1879 445.5418 446.1246
283.2961 279.8046 276.4129 273.9259 272.613 272.5296 274.6737 279.374 286.7175 295.3176 304.6516 314.7528 324.9587 335.3028 345.8633 356.2673 365.7879 374.909 384.3361 393.6995 402.4415 410.7564 418.6987 426.0367 433.4726 441.4224 449.4907 458.0372 467.725 477.6635 486.2064 494.3347 502.1527 509.5985 516.9734 523.5054 529.3343 535.3891 541.1346 545.9911 550.6285 555.3083 559.4695 561.783 562.3781 561.6568 559.0108 554.1066 548.0049 540.8911 532.2391 522.7865 512.4166 501.5598 490.4535 479.7691 470.4785 462.4208 456.4719 453.3259 453.0658 454.5816
293.3799 289.5453 285.3746 281.5693 278.7874 277.2857 277.7465 280.928 287.1549 294.6872 303.0072 312.1555 321.4602 331.4127 341.4804 351.3087 360.7267 369.7779 378.9902 388.0562 396.5524 404.6768 412.3777 419.6548 427.1492 435.1267 443.3644 451.8372 461.0562 470.8937 480.208 488.8237 497.3631 505.3492 512.986 520.239 526.7264 533.2355 539.6647 545.2085 550.4565 555.7044 560.2405 563.0802 564.414 563.7424 561.6995 557.9745 551.8366 544.4578 535.7926 526.229 515.9294 505.1324 494.3243 484.1747 475.2968 467.7542 462.2202 460.1349 461.0422 463.5449
303.7396 299.9891 295.734 291.2711 287.1707 284.4621 283.622 285.0131 288.9326 294.7182 301.7859 309.925 318.1417 327.1606 336.8377 346.3322 355.2695 364.1899 373.2772 382.1391 390.4255 398.3159 405.8611 412.9828 420.0613 427.9807 436.4755 445.1384 454.0814 463.4592 473.077 482.459 491.4167 500.0734 508.1842 516.0106 523.3703 530.4031 537.564 544.0166 549.8398 555.6298 560.5851 563.8407 565.8082 565.7126 563.9333 561.2808 556.0801 548.313 539.4718 529.7711 519.5424 508.7924 498.2366 488.6303 480.0627 473.1361 468.725 467.402 469.1879 472.4792
314.4013 310.9117 306.5831 301.5561 296.8999 293.3457 291.3403 290.9225 292.4113 296.2049 301.8798 308.7679 315.7986 323.708 332.8402 341.625 350.3368 358.832 367.5081 376.2422 384.5406 392.2494 399.6302 406.779 413.7939 421.1636 429.4949 438.1492 446.9917 456.2992 465.8306 475.3964 484.7626 494.062 502.8953 511.1559 519.261 527.1421 535.038 542.4949 548.8786 555.2244 560.7297 564.4808 567.0059 567.6883 566.2849 563.7673 559.7845 552.2216 543.1144 533.2651 523.0555 512.4258 501.8915 492.6775 484.932 478.7258 474.8651 474.2558 476.8418 480.9862
324.9846 321.771 317.3857 312.4118 307.3947 302.8346 299.585 297.6794 297.6604 300.1089 304.6747 310.2654 316.2065 322.9124 330.6305 338.1318 346.1742 354.0719 362.0823 370.5244 378.9145 386.7536 394.1835 401.7021 408.8582 415.9304 423.842 432.2447 441.0014 450.0482 459.0819 468.5656 478.2708 487.9863 497.252 505.8984 514.5401 523.4316 532.0799 540.5511 547.6379 554.5865 560.7732 565.1981 568.3464 569.782 568.838 566.218 562.37 555.7864 546.6121 536.7168 526.5385 516.153 505.7817 496.9207 490.0283 484.618 481.4563 481.7031 485.1437 490.1687
335.1796 332.7392 328.6951 323.7682 318.4311 313.3625 309.3621 306.3792 305.227 306.369 309.6824 314.4014 319.7504 324.968 330.3897 336.1335 342.7583 350.1592 357.4745 365.3349 373.7339 381.9612 389.8657 397.5986 405.1672 412.4335 419.8282 428.0688 436.1187 444.4725 453.5021 462.8185 472.7444 482.6098 491.8202 500.5589 509.9374 519.514 528.8746 538.0927 546.1346 553.8082 560.8066 566.0632 570.0568 572.3577 571.6016 568.7432 564.7533 558.9572 550.1903 540.2224 530.1239 520.084 510.3645 501.9274 495.6387 491.1226 488.9238 489.8667 493.5763 498.6662
344.7513 343.0776 339.8677 335.326 329.7176 324.3501 319.4927 315.8606 313.7282 313.5294 315.7678 320.1433 325.0643 329.0239 332.2164 335.6032 340.5324 347.3339 354.1553 361.3348 369.6515 378.3365 386.7747 395.0231 402.9193 410.17 417.2964 425.0401 432.6367 440.4071 449.3023 458.4168 468.3126 478.3526 487.7296 496.7471 506.3905 516.2233 525.9462 535.6259 544.6618 553.1193 560.886 567.0846 572.2172 575.6031 574.959 571.7574 567.5213 561.9965 553.8688 543.9233 534.0217 524.2447 515.1127 507.6679 501.925 497.9516 496.113 497.4324 501.4576 506.646
353.763 352.4042 349.7385 345.625 340.5408 335.0514 329.8505 326.1689 323.4214 322.2931 324.0848 327.9557 332.1334 334.8415 336.5916 337.9907 341.4613 347.24 353.2651 359.8421 368.0262 376.9523 385.9046 394.7529 402.9828 410.2894 417.3566 425.1376 432.373 439.5641 448.2576 457.0791 466.693 476.7983 486.4292 495.7177 505.119 514.5811 524.3339 534.4988 544.2567 553.2867 561.4984 568.4425 574.646 579.0066 578.703 575.4266 570.8601 565.2511 557.7452 548.3618 538.7357 529.3103 520.478 513.5652 508.7701 505.4486 503.8338 505.1566 508.8684 513.6949
