py_wake/examples/data/AJ_ParqueFicticio/Ridge area   Sector 12   Height 200m   Turbulence intensity.grd
DSAA
90  129
 262878   265103
 6504214   6507414
 11.39892   100
[rows 81 to 107 of 129, columns 0 to 61 of 90]
16.15724 16.01222 15.85871 15.71416 15.55564 15.38226 15.20102 14.99776 14.75999 14.53936 14.3546 14.21085 14.16868 14.22421 14.29505 14.32234 14.31667 14.33251 14.3513 14.39655 14.43109 14.40462 14.37 14.35253 14.3894 14.48057 14.61492 14.74965 14.87465 14.99484 15.08669 15.10254 14.97203 14.70456 14.3702 14.02265 13.69359 13.35546 13.04668 12.77759 12.57049 12.37194 12.22351 12.13348 12.0905 12.05909 12.06386 12.10343 12.31306 12.61363 12.9867 13.46178 14.00201 27.20677 31.53451 30.76868 29.04429 27.23233 25.75757 25.02668 25.11224 26.02456
15.28766 15.09084 14.9215 14.78441 14.64089 14.50396 14.36402 14.23378 14.10493 13.96655 13.80295 13.64701 13.55457 13.55276 13.58572 13.59983 13.61536 13.62569 13.60116 13.59342 13.62231 13.64455 13.65837 13.64529 13.64258 13.68027 13.77029 13.86972 13.96757 14.08335 14.17677 14.23205 14.19203 14.01985 13.80823 13.59288 13.35201 13.07069 12.78775 12.5625 12.38112 12.17715 12.03876 11.98436 11.93342 11.91665 11.92947 11.97293 12.19242 12.49135 12.8718 13.3673 13.94665 14.63331 32.59809 31.92927 30.85502 29.83474 29.17374 29.07318 29.51476 30.37272
14.75976 14.54613 14.36709 14.23509 14.14371 14.03169 13.90864 13.81643 13.72389 13.59743 13.46615 13.34325 13.21491 13.13181 13.14304 13.186 13.2218 13.22658 13.18731 13.13991 13.17753 13.21135 13.23222 13.2172 13.17963 13.16199 13.20678 13.26257 13.31541 13.4085 13.50617 13.58217 13.59034 13.49942 13.39604 13.29038 13.1103 12.88645 12.64633 12.47556 12.30946 12.10966 11.96334 11.89543 11.83241 11.80596 11.81337 11.86631 12.04996 12.32955 12.69897 13.1776 13.74782 14.41943 15.21351 16.07769 16.84678 17.47461 31.64645 31.80186 32.29227 32.8875
14.42312 14.21411 14.03843 13.90755 13.81794 13.73099 13.6494 13.58586 13.5218 13.43662 13.35972 13.29151 13.21019 13.13062 13.10364 13.12223 13.15397 13.17548 13.16882 13.11652 13.1134 13.12549 13.13687 13.12156 13.07664 12.99981 12.95858 12.94383 12.92781 12.95842 13.00482 13.04643 13.06373 13.06911 13.04287 12.99728 12.91393 12.75789 12.58976 12.47153 12.32668 12.13174 11.96023 11.86552 11.78674 11.73671 11.73009 11.79748 11.94724 12.18641 12.5157 12.9258 13.42185 14.01296 14.73668 15.5569 16.34652 17.08352 17.8043 18.73047 19.83092 20.83555
14.22321 14.02959 13.86733 13.73799 13.63597 13.57616 13.53321 13.48775 13.44296 13.41019 13.40799 13.43243 13.45876 13.4435 13.40865 13.3974 13.42539 13.45939 13.48379 13.46241 13.42917 13.41061 13.39757 13.36011 13.29087 13.15678 13.01243 12.88495 12.76701 12.70625 12.65295 12.62747 12.65442 12.71183 12.73565 12.73849 12.72893 12.6443 12.554 12.4959 12.39376 12.23733 12.05335 11.90628 11.79636 11.72209 11.71552 11.76742 11.87454 12.06464 12.3371 12.67146 13.09093 13.59404 14.20048 14.87922 15.54894 16.29339 17.26254 18.68411 20.56363 22.54784
14.14869 13.99177 13.85354 13.72997 13.62531 13.58714 13.59108 13.60522 13.60978 13.61133 13.66261 13.75498 13.85051 13.90208 13.91615 13.89774 13.87561 13.89303 13.93257 13.91641 13.89047 13.86029 13.83023 13.7564 13.65321 13.47544 13.24144 13.00606 12.78093 12.6164 12.48059 12.40561 12.40629 12.46077 12.51227 12.57069 12.58876 12.55623 12.52652 12.51688 12.47605 12.40044 12.28528 12.14451 11.99778 11.90715 11.86367 11.85198 11.88015 12.00037 12.199 12.45342 12.79812 13.2294 13.73882 14.27901 14.79387 15.45999 16.51811 18.18828 20.60012 23.54152
14.22721 14.1118 14.01535 13.92569 13.84596 13.83152 13.86999 13.93575 14.01147 14.07072 14.13684 14.22984 14.33095 14.41659 14.48043 14.51616 14.49626 14.44393 14.40117 14.37458 14.34868 14.33355 14.28822 14.16131 14.02276 13.82728 13.51944 13.20786 12.92296 12.69475 12.51696 12.39486 12.34166 12.35048 12.40322 12.47149 12.49216 12.4848 12.49706 12.52817 12.55786 12.55916 12.51085 12.4254 12.29293 12.18353 12.09608 12.03059 11.99016 12.02735 12.14217 12.31914 12.5768 12.91239 13.32357 13.76021 14.17821 14.70189 15.54869 16.98332 19.12681 22.02442
14.4542 14.38306 14.32125 14.27485 14.24733 14.24762 14.29485 14.38783 14.50513 14.64287 14.74967 14.84996 14.93291 15.00315 15.09409 15.16441 15.17248 15.07343 14.92869 14.82526 14.7574 14.69903 14.63592 14.46904 14.27939 14.06952 13.76726 13.44088 13.12375 12.85561 12.64075 12.48527 12.38919 12.36628 12.39818 12.44595 12.46146 12.45723 12.48233 12.55545 12.65727 12.70648 12.70314 12.65664 12.56028 12.47301 12.38975 12.31384 12.24492 12.2003 12.21462 12.3004 12.45014 12.66372 12.95351 13.2885 13.6371 14.05435 14.66056 15.65564 17.13357 19.27033
14.76117 14.73037 14.69013 14.67842 14.72151 14.77564 14.82968 14.92445 15.04645 15.1974 15.30548 15.41433 15.54486 15.64905 15.71756 15.77464 15.80066 15.63832 15.43174 15.24313 15.119 15.00783 14.91144 14.72086 14.48729 14.26673 13.98116 13.65184 13.31736 13.0345 12.79555 12.60614 12.46671 12.41864 12.43559 12.45683 12.45919 12.44646 12.4789 12.59095 12.74777 12.86708 12.93752 12.97608 12.97035 12.94081 12.84682 12.73023 12.5959 12.48659 12.40286 12.37516 12.40899 12.50032 12.6578 12.87372 13.14735 13.49574 13.97468 14.6724 15.621 16.983
15.15407 15.16151 15.10755 15.10164 15.19234 15.29866 15.3853 15.44465 15.49713 15.56761 15.6897 15.83588 16.00786 16.13682 16.14775 16.09329 16.04774 15.90862 15.69927 15.53052 15.38459 15.23262 15.11865 14.91711 14.65031 14.40559 14.11679 13.79487 13.47874 13.20768 12.96896 12.765 12.59155 12.52029 12.52703 12.53417 12.52072 12.48518 12.51406 12.63528 12.87953 13.10932 13.22775 13.30917 13.35973 13.40828 13.35017 13.22149 13.05219 12.87693 12.71264 12.57012 12.48999 12.48447 12.53348 12.63318 12.80159 13.06296 13.44653 14.02857 14.77659 15.74687
15.76456 15.79736 15.76946 15.73235 15.77651 15.83519 15.85765 15.82627 15.82778 15.845 15.87238 15.9382 16.06446 16.16274 16.12129 15.94806 15.81523 15.6773 15.49215 15.35215 15.24156 15.06156 14.98502 14.80661 14.57558 14.36825 14.12555 13.8401 13.58344 13.36835 13.16634 12.99306 12.82911 12.73857 12.73709 12.74682 12.74692 12.71838 12.71723 12.84291 13.0611 13.30271 13.48993 13.65875 13.81415 13.91813 13.89888 13.79067 13.62802 13.38906 13.14729 12.92055 12.76192 12.68734 12.66066 12.66502 12.72545 12.87562 13.1474 13.61367 14.2612 15.08692
16.69815 16.68192 16.63253 16.57343 16.50218 16.45264 16.40631 16.3236 16.21597 16.08204 15.96129 15.87354 15.81269 15.74478 15.61795 15.44042 15.30426 15.1447 14.96416 14.84985 14.72687 14.56869 14.48517 14.37119 14.24586 14.11568 13.96875 13.78106 13.60707 13.46827 13.32365 13.21704 13.11936 13.04203 13.02417 13.01708 13.01906 13.02418 13.03755 13.13486 13.32703 13.58397 13.83918 14.06173 14.33492 14.48997 14.50106 14.39262 14.21726 13.98018 13.72535 13.47526 13.256 13.1217 13.02863 12.95317 12.91729 12.97202 13.13264 13.42818 13.91969 14.61224
17.69302 17.54473 17.40151 17.2466 17.13172 17.05072 16.96234 16.78355 16.55779 16.26171 15.96078 15.70131 15.48705 15.29676 15.08892 14.90235 14.76905 14.6126 14.45197 14.32156 14.17782 14.06669 13.99678 13.94497 13.89341 13.82196 13.74475 13.65492 13.57638 13.50395 13.41114 13.35726 13.32261 13.29734 13.29533 13.27882 13.28481 13.29415 13.32138 13.4238 13.64818 13.91498 14.22878 14.54998 14.87396 15.10435 15.17476 15.06188 14.87073 14.63578 14.3595 14.08043 13.83432 13.67041 13.54084 13.41972 13.32324 13.2783 13.30329 13.40689 13.69249 14.21631
18.36117 18.16255 17.84513 17.56172 17.39134 17.31134 17.26488 17.04525 16.66098 16.27818 15.88595 15.50331 15.20651 14.94638 14.68281 14.47159 14.31158 14.16322 14.03756 13.91605 13.80378 13.70872 13.66152 13.64287 13.62203 13.5999 13.57251 13.54407 13.54165 13.52513 13.48138 13.46225 13.47765 13.51488 13.55278 13.55321 13.56565 13.56213 13.58012 13.67519 13.89007 14.20342 14.57205 14.9604 15.36727 15.67225 15.80073 15.75829 15.59833 15.3519 15.0342 14.73412 14.49313 14.32483 14.20565 14.0931 13.94369 13.79958 13.69503 13.63922 13.69623 13.98127
18.71974 18.47562 18.06947 17.67274 17.39801 17.23251 17.06529 16.80507 16.38354 15.99786 15.61308 15.20439 14.87676 14.59504 14.32884 14.11591 13.94867 13.81544 13.70662 13.61893 13.54623 13.47884 13.43054 13.40463 13.39193 13.3944 13.41017 13.44598 13.50775 13.55786 13.58883 13.6157 13.64387 13.69605 13.74212 13.75834 13.74753 13.71553 13.71285 13.80589 14.04813 14.37184 14.76879 15.24392 15.76466 16.16595 16.36657 16.36998 16.2243 15.98211 15.67513 15.37743 15.13655 15.02725 14.95046 14.88947 14.74463 14.54222 14.3369 14.16172 14.06143 14.12392
18.95805 18.60211 18.15709 17.67711 17.30755 16.9993 16.7148 16.40501 15.98012 15.60898 15.24225 14.87959 14.56129 14.28077 14.03896 13.84736 13.6905 13.55727 13.4575 13.3856 13.33206 13.27537 13.22961 13.20413 13.19235 13.19107 13.23662 13.3371 13.45337 13.57243 13.68549 13.78442 13.84827 13.9176 13.96547 13.98192 13.95247 13.87981 13.83881 13.91291 14.13748 14.46925 14.90369 15.45498 16.06899 16.58386 16.85976 16.8955 16.78553 16.58682 16.33959 16.0483 15.79916 15.73912 15.76474 15.79662 15.73123 15.56293 15.33127 15.05744 14.82215 14.67485
18.98045 18.56628 18.09902 17.60196 17.16371 16.77978 16.44547 16.08372 15.66224 15.2906 14.93714 14.61431 14.32943 14.07446 13.85365 13.6769 13.53325 13.40107 13.29342 13.21581 13.16136 13.10522 13.05699 13.0545 13.06295 13.06098 13.11399 13.23505 13.38447 13.56718 13.76691 13.94909 14.08851 14.19701 14.25674 14.27362 14.21734 14.09045 13.99965 14.01747 14.19567 14.53968 15.00664 15.6003 16.29331 16.90672 17.27307 17.38651 17.37747 17.2262 16.9718 16.66277 16.48126 16.50628 16.67777 16.86941 16.94164 16.9038 16.66941 16.24225 15.79135 15.38385
18.6224 18.26747 17.84815 17.42117 16.98713 16.59817 16.26045 15.86705 15.46606 15.10913 14.78531 14.48635 14.22782 14.00189 13.79703 13.62334 13.48779 13.37187 13.27815 13.20493 13.14004 13.08135 13.02917 13.03196 13.05325 13.05921 13.10596 13.22063 13.36734 13.57271 13.81882 14.0548 14.26155 14.43235 14.54874 14.59695 14.51825 14.34673 14.20896 14.15308 14.23991 14.52663 14.97895 15.58078 16.29427 17.00517 17.49764 17.7333 17.84966 17.76859 17.56388 17.28784 17.21018 17.37984 17.74018 18.18431 18.52786 18.71805 18.55972 17.86975 16.99537 16.16903
18.06388 17.72827 17.3784 17.05163 16.67327 16.33367 16.03589 15.68167 15.32345 15.00172 14.71394 14.44965 14.21294 14.01384 13.84302 13.69838 13.58086 13.4828 13.41259 13.36235 13.31257 13.25951 13.20306 13.19358 13.20946 13.21077 13.22455 13.30284 13.42649 13.62411 13.88717 14.16197 14.42551 14.66706 14.84904 14.93145 14.83933 14.64489 14.44638 14.29294 14.25654 14.43179 14.81573 15.37022 16.0452 16.76856 17.37328 17.78352 18.06506 18.18245 18.14229 17.99144 17.98052 18.32848 18.95643 19.72244 20.45396 20.95802 20.94547 20.09358 18.7092 17.32664
1.70141E+38 1.70141E+38 1.70141E+38 1.70141E+38 1.70141E+38 1.70141E+38 1.70141E+38 1.70141E+38 1.70141E+38 1.70141E+38 1.70141E+38 1.70141E+38 1.70141E+38 1.70141E+38 1.70141E+38 1.70141E+38 1.70141E+38 1.70141E+38 1.70141E+38 1.70141E+38 1.70141E+38 1.70141E+38 1.70141E+38 1.70141E+38 1.70141E+38 1.70141E+38 1.70141E+38 1.70141E+38 1.70141E+38 1.70141E+38 1.70141E+38 1.70141E+38 1.70141E+38 1.70141E+38 1.70141E+38 1.70141E+38 1.70141E+38 1.70141E+38 1.70141E+38 1.70141E+38 1.70141E+38 1.70141E+38 1.70141E+38 1.70141E+38 1.70141E+38 1.70141E+38 1.70141E+38 1.70141E+38 1.70141E+38 1.70141E+38 1.70141E+38 1.70141E+38 1.70141E+38 1.70141E+38 1.70141E+38 1.70141E+38 1.70141E+38 1.70141E+38 1.70141E+38 1.70141E+38 1.70141E+38 1.70141E+38
1.70141E+38 1.70141E+38 1.70141E+38 1.70141E+38 1.70141E+38 1.70141E+38 1.70141E+38 1.70141E+38 1.70141E+38 1.70141E+38 1.70141E+38 1.70141E+38 1.70141E+38 1.70141E+38 1.70141E+38 1.70141E+38 1.70141E+38 1.70141E+38 1.70141E+38 1.70141E+38 1.70141E+38 1.70141E+38 1.70141E+38 1.70141E+38 1.70141E+38 1.70141E+38 1.70141E+38 1.70141E+38 1.70141E+38 1.70141E+38 1.70141E+38 1.70141E+38 1.70141E+38 1.70141E+38 1.70141E+38 1.70141E+38 1.70141E+38 1.70141E+38 1.70141E+38 1.70141E+38 1.70141E+38 1.70141E+38 1.70141E+38 1.70141E+38 1.70141E+38 1.70141E+38 1.70141E+38 1.70141E+38 1.70141E+38 1.70141E+38 1.70141E+38 1.70141E+38 1.70141E+38 1.70141E+38 1.70141E+38 1.70141E+38 1.70141E+38 1.70141E+38 1.70141E+38 1.70141E+38 1.70141E+38 1.70141E+38
1.70141E+38 1.70141E+38 1.70141E+38 1.70141E+38 1.70141E+38 1.70141E+38 1.70141E+38 1.70141E+38 1.70141E+38 1.70141E+38 1.70141E+38 1.70141E+38 1.70141E+38 1.70141E+38 1.70141E+38 1.70141E+38 1.70141E+38 1.70141E+38 1.70141E+38 1.70141E+38 1.70141E+38 1.70141E+38 1.70141E+38 1.70141E+38 1.70141E+38 1.70141E+38 1.70141E+38 1.70141E+38 1.70141E+38 1.70141E+38 1.70141E+38 1.70141E+38 1.70141E+38 1.70141E+38 1.70141E+38 1.70141E+38 1.70141E+38 1.70141E+38 1.70141E+38 1.70141E+38 1.70141E+38 1.70141E+38 1.70141E+38 1.70141E+38 1.70141E+38 1.70141E+38 1.70141E+38 1.70141E+38 1.70141E+38 1.70141E+38 1.70141E+38 1.70141E+38 1.70141E+38 1.70141E+38 1.70141E+38 1.70141E+38 1.70141E+38 1.70141E+38 1.70141E+38 1.70141E+38 1.70141E+38 1.70141E+38
1.70141E+38 1.70141E+38 1.70141E+38 1.70141E+38 1.70141E+38 1.70141E+38 1.70141E+38 1.70141E+38 1.70141E+38 1.70141E+38 1.70141E+38 1.70141E+38 1.70141E+38 1.70141E+38 1.70141E+38 1.70141E+38 1.70141E+38 1.70141E+38 1.70141E+38 1.70141E+38 1.70141E+38 1.70141E+38 1.70141E+38 1.70141E+38 1.70141E+38 1.70141E+38 1.70141E+38 1.70141E+38 1.70141E+38 1.70141E+38 1.70141E+38 1.70141E+38 1.70141E+38 1.70141E+38 1.70141E+38 1.70141E+38 1.70141E+38 1.70141E+38 1.70141E+38 1.70141E+38 1.70141E+38 1.70141E+38 1.70141E+38 1.70141E+38 1.70141E+38 1.70141E+38 1.70141E+38 1.70141E+38 1.70141E+38 1.70141E+38 1.70141E+38 1.70141E+38 1.70141E+38 1.70141E+38 1.70141E+38 1.70141E+38 1.70141E+38 1.70141E+38 1.70141E+38 1.70141E+38 1.70141E+38 1.70141E+38
1.70141E+38 1.70141E+38 1.70141E+38 1.70141E+38 1.70141E+38 1.70141E+38 1.70141E+38 1.70141E+38 1.70141E+38 1.70141E+38 1.70141E+38 1.70141E+38 1.70141E+38 1.70141E+38 1.70141E+38 1.70141E+38 1.70141E+38 1.70141E+38 1.70141E+38 1.70141E+38 1.70141E+38 1.70141E+38 1.70141E+38 1.70141E+38 1.70141E+38 1.70141E+38 1.70141E+38 1.70141E+38 1.70141E+38 1.70141E+38 1.70141E+38 1.70141E+38 1.70141E+38 1.70141E+38 1.70141E+38 1.70141E+38 1.70141E+38 1.70141E+38 1.70141E+38 1.70141E+38 1.70141E+38 1.70141E+38 1.70141E+38 1.70141E+38 1.70141E+38 1.70141E+38 1.70141E+38 1.70141E+38 1.70141E+38 1.70141E+38 1.70141E+38 1.70141E+38 1.70141E+38 1.70141E+38 1.70141E+38 1.70141E+38 1.70141E+38 1.70141E+38 1.70141E+38 1.70141E+38 1.70141E+38 1.70141E+38
1.70141E+38 1.70141E+38 1.70141E+38 1.70141E+38 1.70141E+38 1.70141E+38 1.70141E+38 1.70141E+38 1.70141E+38 1.70141E+38 1.70141E+38 1.70141E+38 1.70141E+38 1.70141E+38 1.70141E+38 1.70141E+38 1.70141E+38 1.70141E+38 1.70141E+38 1.70141E+38 1.70141E+38 1.70141E+38 1.70141E+38 1.70141E+38 1.70141E+38 1.70141E+38 1.70141E+38 1.70141E+38 1.70141E+38 1.70141E+38 1.70141E+38 1.70141E+38 1.70141E+38 1.70141E+38 1.70141E+38 1.70141E+38 1.70141E+38 1.70141E+38 1.70141E+38 1.70141E+38 1.70141E+38 1.70141E+38 1.70141E+38 1.70141E+38 1.70141E+38 1.70141E+38 1.70141E+38 1.70141E+38 1.70141E+38 1.70141E+38 1.70141E+38 1.70141E+38 1.70141E+38 1.70141E+38 1.70141E+38 1.70141E+38 1.70141E+38 1.70141E+38 1.70141E+38 1.70141E+38 1.70141E+38 1.70141E+38
1.70141E+38 1.70141E+38 1.70141E+38 1.70141E+38 1.70141E+38 1.70141E+38 1.70141E+38 1.70141E+38 1.70141E+38 1.70141E+38 1.70141E+38 1.70141E+38 1.70141E+38 1.70141E+38 1.70141E+38 1.70141E+38 1.70141E+38 1.70141E+38 1.70141E+38 1.70141E+38 1.70141E+38 1.70141E+38 1.70141E+38 1.70141E+38 1.70141E+38 1.70141E+38 1.70141E+38 1.70141E+38 1.70141E+38 1.70141E+38 1.70141E+38 1.70141E+38 1.70141E+38 1.70141E+38 1.70141E+38 1.70141E+38 1.70141E+38 1.70141E+38 1.70141E+38 1.70141E+38 1.70141E+38 1.70141E+38 1.70141E+38 1.70141E+38 1.70141E+38 1.70141E+38 1.70141E+38 1.70141E+38 1.70141E+38 1.70141E+38 1.70141E+38 1.70141E+38 1.70141E+38 1.70141E+38 1.70141E+38 1.70141E+38 1.70141E+38 1.70141E+38 1.70141E+38 1.70141E+38 1.70141E+38 1.70141E+38
1.70141E+38 1.70141E+38 1.70141E+38 1.70141E+38 1.70141E+38 1.70141E+38 1.70141E+38 1.70141E+38 1.70141E+38 1.70141E+38 1.70141E+38 1.70141E+38 1.70141E+38 1.70141E+38 1.70141E+38 1.70141E+38 1.70141E+38 1.70141E+38 1.70141E+38 1.70141E+38 1.70141E+38 1.70141E+38 1.70141E+38 1.70141E+38 1.70141E+38 1.70141E+38 1.70141E+38 1.70141E+38 1.70141E+38 1.70141E+38 1.70141E+38 1.70141E+38 1.70141E+38 1.70141E+38 1.70141E+38 1.70141E+38 1.70141E+38 1.70141E+38 1.70141E+38 1.70141E+38 1.70141E+38 1.70141E+38 1.70141E+38 1.70141E+38 1.70141E+38 1.70141E+38 1.70141E+38 1.70141E+38 1.70141E+38 1.70141E+38 1.70141E+38 1.70141E+38 1.70141E+38 1.70141E+38 1.70141E+38 1.70141E+38 1.70141E+38 1.70141E+38 1.70141E+38 1.70141E+38 1.70141E+38 1.70141E+38
