py_wake/examples/data/AJ_ParqueFicticio/Ridge area   Sector 3   Height 30m   Weibull-k.grd
DSAA
90  129
 262878   265103
 6504214   6507414
 .8378906   2.826172
[rows 54 to 80 of 129, columns 0 to 61 of 90]
2.791016 2.798828 2.806641 2.806641 2.810547 2.810547 2.783203 2.736328 2.669922 2.607422 2.568359 2.537109 2.474609 2.380859 2.267578 2.150391 2.056641 1.998047 1.966797 1.978516 2.056641 2.173828 2.326172 2.486328 2.650391 2.744141 2.732422 2.716797 2.705078 2.693359 2.681641 2.669922 2.658203 2.642578 2.630859 2.611328 2.595703 2.583984 2.572266 2.564453 2.556641 2.552734 2.544922 2.537109 2.537109 2.541016 2.548828 2.564453 2.583984 2.615234 2.646484 2.681641 2.701172 2.666016 2.677734 2.701172 2.724609 2.744141 2.744141 2.740234 2.728516 2.720703
2.794922 2.798828 2.806641 2.806641 2.810547 2.818359 2.814453 2.791016 2.751953 2.708984 2.673828 2.646484 2.595703 2.517578 2.416016 2.306641 2.208984 2.138672 2.107422 2.134766 2.228516 2.369141 2.521484 2.662109 2.767578 2.759766 2.748047 2.736328 2.724609 2.716797 2.705078 2.693359 2.677734 2.666016 2.650391 2.634766 2.619141 2.607422 2.595703 2.583984 2.572266 2.564453 2.556641 2.548828 2.548828 2.544922 2.552734 2.568359 2.587891 2.611328 2.642578 2.673828 2.701172 2.654297 2.658203 2.681641 2.705078 2.724609 2.728516 2.728516 2.728516 2.724609
2.798828 2.806641 2.806641 2.806641 2.802734 2.810547 2.818359 2.818359 2.802734 2.779297 2.755859 2.736328 2.708984 2.650391 2.576172 2.486328 2.400391 2.330078 2.287109 2.298828 2.392578 2.521484 2.646484 2.755859 2.787109 2.779297 2.767578 2.759766 2.748047 2.740234 2.728516 2.716797 2.705078 2.693359 2.677734 2.666016 2.650391 2.634766 2.619141 2.607422 2.595703 2.583984 2.572266 2.564453 2.556641 2.556641 2.560547 2.572266 2.587891 2.611328 2.638672 2.669922 2.701172 2.646484 2.642578 2.666016 2.689453 2.712891 2.724609 2.728516 2.732422 2.736328
2.806641 2.806641 2.806641 2.806641 2.802734 2.798828 2.810547 2.822266 2.822266 2.818359 2.806641 2.794922 2.783203 2.755859 2.712891 2.654297 2.583984 2.525391 2.478516 2.474609 2.537109 2.623047 2.708984 2.779297 2.806641 2.798828 2.791016 2.783203 2.775391 2.763672 2.751953 2.740234 2.728516 2.716797 2.705078 2.693359 2.677734 2.662109 2.646484 2.634766 2.619141 2.607422 2.595703 2.583984 2.572266 2.568359 2.568359 2.580078 2.595703 2.615234 2.642578 2.669922 2.697266 2.642578 2.630859 2.650391 2.677734 2.705078 2.720703 2.732422 2.736328 2.744141
2.806641 2.806641 2.806641 2.806641 2.798828 2.783203 2.787109 2.802734 2.818359 2.826172 2.826172 2.822266 2.818359 2.814453 2.794922 2.771484 2.732422 2.693359 2.654297 2.642578 2.666016 2.705078 2.748047 2.783203 2.802734 2.806641 2.806641 2.802734 2.794922 2.783203 2.775391 2.759766 2.751953 2.740234 2.728516 2.716797 2.705078 2.693359 2.677734 2.662109 2.646484 2.630859 2.619141 2.603516 2.591797 2.583984 2.583984 2.591797 2.603516 2.623047 2.642578 2.669922 2.697266 2.638672 2.623047 2.642578 2.669922 2.701172 2.720703 2.732422 2.744141 2.751953
2.806641 2.806641 2.806641 2.806641 2.791016 2.759766 2.759766 2.771484 2.791016 2.806641 2.814453 2.818359 2.822266 2.826172 2.826172 2.822266 2.810547 2.791016 2.771484 2.759766 2.759766 2.767578 2.783203 2.798828 2.806641 2.806641 2.806641 2.806641 2.806641 2.802734 2.791016 2.779297 2.767578 2.759766 2.748047 2.740234 2.728516 2.716797 2.701172 2.689453 2.669922 2.654297 2.638672 2.623047 2.611328 2.603516 2.603516 2.607422 2.615234 2.630859 2.650391 2.669922 2.693359 2.638672 2.615234 2.630859 2.662109 2.693359 2.720703 2.732422 2.744141 2.755859
2.806641 2.806641 2.806641 2.806641 2.771484 2.736328 2.724609 2.732422 2.748047 2.767578 2.779297 2.791016 2.794922 2.802734 2.814453 2.822266 2.826172 2.826172 2.822266 2.818359 2.814453 2.814453 2.814453 2.814453 2.814453 2.814453 2.810547 2.806641 2.802734 2.806641 2.806641 2.794922 2.783203 2.775391 2.763672 2.755859 2.744141 2.732422 2.720703 2.705078 2.689453 2.673828 2.658203 2.642578 2.626953 2.623047 2.623047 2.623047 2.626953 2.638672 2.654297 2.669922 2.693359 2.646484 2.611328 2.623047 2.650391 2.681641 2.712891 2.728516 2.744141 2.755859
2.806641 2.806641 2.806641 2.806641 2.748047 2.708984 2.693359 2.693359 2.705078 2.720703 2.732422 2.744141 2.755859 2.763672 2.775391 2.787109 2.798828 2.810547 2.818359 2.822266 2.822266 2.822266 2.818359 2.814453 2.810547 2.806641 2.798828 2.794922 2.787109 2.783203 2.787109 2.791016 2.791016 2.783203 2.775391 2.767578 2.755859 2.748047 2.732422 2.716797 2.701172 2.685547 2.669922 2.654297 2.638672 2.634766 2.630859 2.630859 2.630859 2.638672 2.650391 2.669922 2.685547 2.654297 2.607422 2.607422 2.634766 2.669922 2.701172 2.724609 2.740234 2.751953
2.806641 2.806641 2.806641 2.775391 2.720703 2.685547 2.666016 2.662109 2.666016 2.677734 2.689453 2.697266 2.705078 2.712891 2.724609 2.736328 2.748047 2.759766 2.771484 2.783203 2.791016 2.791016 2.791016 2.787109 2.783203 2.775391 2.771484 2.767578 2.759766 2.755859 2.755859 2.759766 2.759766 2.759766 2.759766 2.767578 2.763672 2.751953 2.740234 2.724609 2.708984 2.693359 2.677734 2.662109 2.646484 2.634766 2.630859 2.630859 2.634766 2.638672 2.646484 2.662109 2.681641 2.669922 2.607422 2.599609 2.619141 2.650391 2.681641 2.712891 2.732422 2.748047
2.794922 2.802734 2.783203 2.748047 2.708984 2.673828 2.650391 2.634766 2.634766 2.634766 2.642578 2.650391 2.658203 2.662109 2.669922 2.681641 2.693359 2.705078 2.712891 2.724609 2.732422 2.736328 2.740234 2.740234 2.736328 2.736328 2.736328 2.736328 2.732422 2.732422 2.732422 2.736328 2.740234 2.736328 2.736328 2.740234 2.748047 2.755859 2.744141 2.728516 2.712891 2.697266 2.681641 2.662109 2.646484 2.634766 2.630859 2.630859 2.630859 2.634766 2.642578 2.658203 2.673828 2.689453 2.619141 2.591797 2.607422 2.634766 2.662109 2.689453 2.724609 2.740234
2.748047 2.755859 2.759766 2.736328 2.701172 2.666016 2.638672 2.619141 2.607422 2.603516 2.607422 2.607422 2.611328 2.615234 2.623047 2.630859 2.642578 2.650391 2.662109 2.669922 2.677734 2.685547 2.689453 2.693359 2.693359 2.697266 2.701172 2.705078 2.708984 2.712891 2.716797 2.720703 2.724609 2.720703 2.720703 2.724609 2.728516 2.748047 2.744141 2.728516 2.712891 2.697266 2.681641 2.662109 2.642578 2.634766 2.630859 2.626953 2.630859 2.630859 2.638672 2.650391 2.666016 2.685547 2.634766 2.595703 2.595703 2.619141 2.642578 2.669922 2.701172 2.724609
2.716797 2.728516 2.744141 2.736328 2.701172 2.666016 2.630859 2.607422 2.587891 2.576172 2.572266 2.564453 2.564453 2.564453 2.572266 2.580078 2.591797 2.603516 2.615234 2.626953 2.634766 2.642578 2.650391 2.658203 2.662109 2.669922 2.673828 2.681641 2.689453 2.697266 2.705078 2.712891 2.712891 2.712891 2.712891 2.712891 2.720703 2.740234 2.736328 2.720703 2.705078 2.689453 2.673828 2.658203 2.638672 2.626953 2.623047 2.623047 2.626953 2.626953 2.630859 2.638672 2.658203 2.677734 2.658203 2.611328 2.591797 2.607422 2.626953 2.650391 2.677734 2.705078
2.689453 2.705078 2.728516 2.736328 2.712891 2.677734 2.638672 2.603516 2.576172 2.552734 2.533203 2.517578 2.509766 2.505859 2.513672 2.525391 2.533203 2.548828 2.560547 2.580078 2.591797 2.603516 2.615234 2.626953 2.634766 2.646484 2.654297 2.666016 2.677734 2.689453 2.701172 2.705078 2.705078 2.705078 2.708984 2.712891 2.724609 2.736328 2.724609 2.708984 2.693359 2.677734 2.666016 2.650391 2.630859 2.619141 2.615234 2.615234 2.619141 2.623047 2.626953 2.630859 2.650391 2.669922 2.685547 2.630859 2.595703 2.603516 2.619141 2.638672 2.666016 2.689453
2.673828 2.689453 2.712891 2.736328 2.732422 2.705078 2.666016 2.623047 2.580078 2.537109 2.501953 2.474609 2.451172 2.443359 2.451172 2.470703 2.482422 2.490234 2.501953 2.525391 2.544922 2.556641 2.572266 2.591797 2.607422 2.623047 2.634766 2.654297 2.666016 2.681641 2.693359 2.697266 2.697266 2.705078 2.712891 2.728516 2.728516 2.720703 2.708984 2.697266 2.681641 2.666016 2.654297 2.638672 2.626953 2.615234 2.607422 2.607422 2.611328 2.615234 2.619141 2.626953 2.642578 2.662109 2.681641 2.654297 2.611328 2.607422 2.619141 2.634766 2.654297 2.673828
2.666016 2.689453 2.720703 2.751953 2.771484 2.767578 2.744141 2.697266 2.634766 2.560547 2.498047 2.439453 2.400391 2.388672 2.392578 2.416016 2.431641 2.439453 2.447266 2.466797 2.494141 2.513672 2.529297 2.552734 2.576172 2.595703 2.615234 2.638672 2.658203 2.673828 2.685547 2.697266 2.705078 2.716797 2.732422 2.720703 2.708984 2.701172 2.689453 2.677734 2.666016 2.654297 2.638672 2.626953 2.619141 2.607422 2.603516 2.603516 2.607422 2.611328 2.615234 2.623047 2.638672 2.658203 2.677734 2.669922 2.634766 2.619141 2.623047 2.634766 2.650391 2.666016
2.673828 2.712891 2.759766 2.806641 2.806641 2.806641 2.806641 2.806641 2.806641 2.787109 2.630859 2.498047 2.400391 2.357422 2.345703 2.365234 2.392578 2.400391 2.404297 2.419922 2.443359 2.470703 2.490234 2.513672 2.544922 2.572266 2.599609 2.626953 2.642578 2.666016 2.697266 2.728516 2.732422 2.720703 2.705078 2.693359 2.685547 2.677734 2.666016 2.658203 2.646484 2.638672 2.626953 2.615234 2.607422 2.603516 2.595703 2.595703 2.599609 2.607422 2.611328 2.619141 2.634766 2.654297 2.673828 2.689453 2.669922 2.642578 2.638672 2.642578 2.650391 2.658203
2.697266 2.767578 2.787109 2.791016 2.791016 2.798828 2.806641 2.806641 2.806641 2.806641 2.806641 2.806641 2.572266 2.423828 2.365234 2.361328 2.388672 2.392578 2.396484 2.408203 2.423828 2.451172 2.474609 2.498047 2.533203 2.572266 2.607422 2.634766 2.666016 2.720703 2.740234 2.724609 2.708984 2.697266 2.685547 2.673828 2.662109 2.654297 2.646484 2.638672 2.630859 2.623047 2.615234 2.607422 2.599609 2.595703 2.591797 2.591797 2.595703 2.603516 2.611328 2.619141 2.634766 2.650391 2.666016 2.685547 2.705078 2.685547 2.673828 2.666016 2.666016 2.666016
2.767578 2.775391 2.771484 2.771484 2.771484 2.775391 2.783203 2.798828 2.806641 2.806641 2.806641 2.806641 2.806641 2.806641 2.630859 2.537109 2.529297 2.513672 2.505859 2.509766 2.525391 2.548828 2.564453 2.587891 2.642578 2.693359 2.751953 2.775391 2.759766 2.744141 2.732422 2.716797 2.705078 2.697266 2.689453 2.677734 2.669922 2.662109 2.650391 2.634766 2.619141 2.611328 2.603516 2.599609 2.591797 2.591797 2.591797 2.591797 2.595703 2.603516 2.615234 2.619141 2.630859 2.646484 2.662109 2.681641 2.697266 2.720703 2.736328 2.716797 2.701172 2.693359
2.755859 2.751953 2.748047 2.748047 2.748047 2.751953 2.755859 2.767578 2.783203 2.802734 2.806641 2.806641 2.806641 2.806641 2.806641 2.806641 2.806641 2.806641 2.806641 2.806641 2.806641 2.806641 2.806641 2.806641 2.798828 2.791016 2.779297 2.767578 2.751953 2.740234 2.728516 2.720703 2.712891 2.708984 2.708984 2.708984 2.705078 2.697266 2.685547 2.654297 2.626953 2.611328 2.599609 2.595703 2.587891 2.587891 2.587891 2.587891 2.591797 2.599609 2.607422 2.615234 2.623047 2.642578 2.658203 2.673828 2.693359 2.712891 2.732422 2.748047 2.759766 2.751953
2.728516 2.724609 2.720703 2.716797 2.716797 2.720703 2.724609 2.732422 2.744141 2.759766 2.779297 2.806641 2.806641 2.806641 2.806641 2.806641 2.806641 2.806641 2.806641 2.806641 2.806641 2.802734 2.798828 2.794922 2.791016 2.787109 2.779297 2.767578 2.755859 2.740234 2.732422 2.728516 2.724609 2.728516 2.728516 2.728516 2.728516 2.634766 2.556641 2.599609 2.642578 2.619141 2.603516 2.595703 2.587891 2.587891 2.583984 2.583984 2.587891 2.591797 2.599609 2.607422 2.619141 2.634766 2.654297 2.669922 2.689453 2.708984 2.724609 2.740234 2.751953 2.759766
2.697266 2.693359 2.689453 2.681641 2.681641 2.685547 2.689453 2.697266 2.708984 2.720703 2.732422 2.748047 2.771484 2.798828 2.806641 2.806641 2.806641 2.806641 2.806641 2.806641 2.791016 2.783203 2.779297 2.779297 2.783203 2.783203 2.783203 2.779297 2.771484 2.759766 2.748047 2.744141 2.748047 2.748047 2.732422 2.337891 2.275391 2.330078 2.419922 2.513672 2.587891 2.611328 2.607422 2.599609 2.587891 2.587891 2.583984 2.583984 2.583984 2.587891 2.599609 2.607422 2.619141 2.634766 2.650391 2.669922 2.685547 2.705078 2.720703 2.732422 2.744141 2.751953
2.673828 2.666016 2.658203 2.650391 2.642578 2.642578 2.646484 2.658203 2.673828 2.689453 2.697266 2.705078 2.712891 2.732422 2.759766 2.779297 2.794922 2.802734 2.802734 2.791016 2.779297 2.771484 2.771484 2.775391 2.783203 2.791016 2.802734 2.806641 2.806641 2.806641 2.798828 2.791016 2.787109 2.095703 2.021484 2.068359 2.201172 2.373047 2.490234 2.552734 2.583984 2.587891 2.591797 2.603516 2.591797 2.587891 2.583984 2.583984 2.583984 2.591797 2.599609 2.611328 2.623047 2.638672 2.654297 2.669922 2.685547 2.701172 2.716797 2.728516 2.740234 2.744141
2.658203 2.646484 2.634766 2.623047 2.611328 2.603516 2.603516 2.619141 2.642578 2.658203 2.673828 2.681641 2.685547 2.697266 2.724609 2.748047 2.763672 2.779297 2.787109 2.783203 2.775391 2.775391 2.779297 2.794922 2.806641 2.806641 2.806641 2.806641 2.806641 2.806641 2.806641 2.806641 1.876953 1.916016 2.072266 2.236328 2.423828 2.583984 2.638672 2.626953 2.603516 2.587891 2.576172 2.572266 2.572266 2.580078 2.568359 2.572266 2.580078 2.591797 2.603516 2.615234 2.623047 2.638672 2.654297 2.666016 2.681641 2.697266 2.712891 2.724609 2.732422 2.740234
2.646484 2.638672 2.623047 2.607422 2.591797 2.576172 2.572266 2.587891 2.611328 2.638672 2.662109 2.673828 2.689453 2.708984 2.728516 2.748047 2.763672 2.779297 2.783203 2.787109 2.783203 2.783203 2.791016 2.806641 2.806641 2.806641 2.806641 2.806641 2.806641 2.806641 2.806641 2.806641 2.599609 2.314453 2.423828 2.552734 2.666016 2.705078 2.681641 2.654297 2.615234 2.587891 2.568359 2.552734 2.541016 2.556641 2.552734 2.556641 2.564453 2.564453 2.583984 2.611328 2.623047 2.634766 2.646484 2.662109 2.673828 2.689453 2.705078 2.716797 2.728516 2.736328
2.642578 2.634766 2.626953 2.611328 2.595703 2.576172 2.564453 2.576172 2.603516 2.634766 2.662109 2.693359 2.712891 2.736328 2.759766 2.775391 2.791016 2.794922 2.798828 2.794922 2.794922 2.794922 2.794922 2.794922 2.798828 2.806641 2.806641 2.806641 2.798828 2.787109 2.791016 2.791016 2.787109 2.771484 2.744141 2.720703 2.705078 2.685547 2.669922 2.638672 2.607422 2.580078 2.556641 2.537109 2.525391 2.548828 2.548828 2.568359 2.572266 2.572266 2.595703 2.603516 2.615234 2.626953 2.638672 2.650391 2.666016 2.681641 2.697266 2.708984 2.720703 2.728516
2.642578 2.638672 2.634766 2.623047 2.611328 2.595703 2.587891 2.595703 2.623047 2.658203 2.693359 2.724609 2.751953 2.775391 2.794922 2.806641 2.806641 2.806641 2.806641 2.806641 2.806641 2.802734 2.798828 2.794922 2.783203 2.771484 2.748047 2.724609 2.712891 2.720703 2.740234 2.748047 2.740234 2.732422 2.716797 2.701172 2.693359 2.666016 2.638672 2.615234 2.587891 2.564453 2.541016 2.525391 2.529297 2.548828 2.568359 2.583984 2.583984 2.583984 2.591797 2.599609 2.607422 2.619141 2.630859 2.642578 2.658203 2.669922 2.685547 2.697266 2.712891 2.724609
2.642578 2.642578 2.642578 2.642578 2.638672 2.638672 2.646484 2.666016 2.693359 2.720703 2.751953 2.775391 2.794922 2.806641 2.806641 2.806641 2.806641 2.806641 2.806641 2.806641 2.806641 2.806641 2.806641 2.798828 2.787109 2.771484 2.748047 2.724609 2.712891 2.716797 2.724609 2.724609 2.720703 2.712891 2.705078 2.677734 2.642578 2.619141 2.603516 2.583984 2.568359 2.548828 2.525391 2.521484 2.537109 2.560547 2.595703 2.587891 2.583984 2.583984 2.587891 2.595703 2.603516 2.615234 2.623047 2.634766 2.646484 2.658203 2.673828 2.685547 2.701172 2.712891
