py_wake/examples/data/AJ_ParqueFicticio/Ridge area   Sector 7   Height 200m   Weibull-A.grd
DSAA
90  129
 262878   265103
 6504214   6507414
 .9411393   7.10943
[rows 27 to 53 of 129, columns 0 to 61 of 90]
4.564286 4.59847 4.638924 4.674442 4.700932 4.718081 4.723985 4.715795 4.6959 4.665806 4.627104 4.582468 4.536764 4.494491 4.462115 4.439857 4.425475 4.416995 4.411965 4.409841 4.425606 4.452455 4.481077 4.517021 4.55546 4.597968 4.644444 4.697755 4.762345 4.837036 4.914311 4.991615 5.066349 5.136662 5.194884 5.247886 5.291929 5.325923 5.35204 5.359952 5.34496 5.314194 5.273122 5.228498 5.178422 5.12082 5.057925 4.977069 4.882002 4.774499 4.646042 4.514193 4.38258 4.24464 4.10429 3.645401 2.189619 2.747171 2.888278 3.014477 3.0948 3.129562
4.537249 4.577339 4.62344 4.666594 4.704945 4.737322 4.759221 4.768361 4.761579 4.737856 4.701856 4.656033 4.598797 4.534948 4.473133 4.420545 4.379425 4.346977 4.319466 4.294301 4.281042 4.277875 4.278654 4.295122 4.322148 4.355148 4.401601 4.458941 4.531789 4.611104 4.6894 4.767887 4.849464 4.930061 5.002157 5.068135 5.1281 5.177536 5.222571 5.254046 5.264123 5.257735 5.234126 5.194831 5.140003 5.076875 5.010667 4.927794 4.826339 4.714777 4.580591 4.441115 4.305582 4.166523 3.934816 3.095083 2.167953 2.386367 2.842091 2.981798 3.072699 3.127826
4.504986 4.550316 4.599132 4.64517 4.690511 4.734525 4.771594 4.79993 4.812866 4.804113 4.773233 4.722626 4.661815 4.593451 4.519752 4.448071 4.382769 4.324202 4.267748 4.215031 4.171906 4.133055 4.108151 4.110816 4.117877 4.125297 4.160141 4.217134 4.293916 4.376774 4.457325 4.538998 4.623162 4.712324 4.797883 4.874317 4.948945 5.016457 5.082026 5.1394 5.17753 5.198905 5.200358 5.175436 5.120292 5.048862 4.972471 4.884191 4.775907 4.65615 4.511733 4.362113 4.224041 4.063093 3.702459 1.863593 2.120521 2.312565 2.777784 2.918019 3.015571 3.080906
4.461386 4.511119 4.561728 4.60951 4.657854 4.705802 4.750017 4.790875 4.821865 4.832162 4.810977 4.766562 4.709447 4.647931 4.581398 4.509199 4.434977 4.357761 4.27517 4.196848 4.133257 4.058958 3.990689 3.970752 3.951656 3.926036 3.946779 4.004604 4.075801 4.154748 4.236252 4.313838 4.390843 4.4898 4.592173 4.682631 4.769341 4.85512 4.942762 5.026369 5.095561 5.151454 5.18434 5.176136 5.130061 5.054488 4.959548 4.858174 4.736648 4.602262 4.447005 4.291426 4.157378 3.955481 3.461683 1.877549 2.076846 2.27848 2.739572 2.873124 2.971133 3.038804
4.396873 4.447738 4.498976 4.545894 4.594773 4.643908 4.689697 4.731784 4.768321 4.790322 4.786468 4.76361 4.725733 4.678561 4.626036 4.567211 4.499865 4.423998 4.344102 4.268496 4.19424 4.11063 4.026804 3.957925 3.918483 3.880802 3.880126 3.90893 3.943986 3.99385 4.059195 4.131979 4.211857 4.309478 4.412096 4.511531 4.60817 4.707258 4.812482 4.916459 5.008198 5.087489 5.141841 5.151561 5.122778 5.060501 4.958135 4.84265 4.712441 4.569992 4.413087 4.255541 4.128692 3.918768 1.966717 1.919527 2.06286 2.229985 2.782932 2.894976 2.980924 3.044087
4.32579 4.376777 4.42828 4.474107 4.520795 4.567003 4.608797 4.646731 4.68139 4.708354 4.718887 4.716069 4.701215 4.675565 4.641181 4.598241 4.546432 4.491388 4.43651 4.374467 4.304745 4.233235 4.158982 4.081394 3.998929 3.938648 3.912442 3.903787 3.899083 3.909021 3.94949 4.010151 4.085781 4.166636 4.25528 4.353567 4.457667 4.567338 4.685973 4.803994 4.912496 5.00817 5.073522 5.099791 5.087253 5.041402 4.953909 4.833933 4.703419 4.557576 4.400953 4.246299 4.128476 2.57169 2.07122 1.986103 2.089499 2.228508 2.366041 2.889199 3.002493 3.085949
4.249281 4.302243 4.356001 4.402589 4.449103 4.493747 4.532784 4.566019 4.597103 4.626534 4.648691 4.660657 4.661827 4.652003 4.632473 4.604153 4.569766 4.546198 4.524557 4.484947 4.433872 4.375867 4.31107 4.240483 4.158883 4.066211 3.987021 3.958668 3.924028 3.907213 3.914536 3.937302 3.992662 4.054551 4.123971 4.218317 4.325757 4.440079 4.566305 4.693864 4.818552 4.931158 5.005644 5.04488 5.046961 5.012016 4.946077 4.834382 4.704776 4.563116 4.417933 4.276228 2.208974 2.390706 2.221656 2.11019 2.161448 2.2714 2.387054 2.831758 2.939915 3.058868
4.167779 4.22668 4.287 4.33895 4.391318 4.440195 4.481653 4.51735 4.5481 4.576977 4.605765 4.62791 4.63932 4.638116 4.624721 4.602726 4.587172 4.589609 4.592419 4.583255 4.554083 4.513276 4.467792 4.410878 4.337448 4.256569 4.176179 4.088669 4.048426 4.019189 3.99474 3.990114 4.012189 4.041618 4.093896 4.175237 4.261706 4.372591 4.493881 4.620058 4.754715 4.874877 4.953213 5.001878 5.017725 4.992524 4.945695 4.857083 4.743263 4.621965 4.487512 4.357125 2.173411 2.219851 2.238703 2.26625 2.284608 2.354951 2.439829 2.612377 2.873762 3.014038
4.093242 4.159048 4.225248 4.284264 4.350139 4.412103 4.465842 4.513107 4.552521 4.586081 4.616749 4.639867 4.65421 4.656287 4.64604 4.629705 4.627286 4.638633 4.649959 4.654507 4.649109 4.637487 4.61816 4.58659 4.542065 4.492659 4.436016 4.376245 4.299724 4.227684 4.19958 4.183584 4.175788 4.179657 4.213409 4.258467 4.323049 4.412533 4.513042 4.618086 4.741278 4.855065 4.931147 4.985798 5.012428 4.999235 4.964988 4.904643 4.810284 4.712102 4.608084 4.497643 4.398865 2.201654 2.234401 2.250744 2.329246 2.360056 2.39276 2.495933 2.744048 2.896534
4.030384 4.095495 4.163889 4.228213 4.311624 4.391411 4.462306 4.524769 4.577101 4.62056 4.655597 4.681985 4.701711 4.70786 4.703477 4.69845 4.696376 4.70208 4.71418 4.724369 4.734945 4.748191 4.754386 4.758323 4.75295 4.738106 4.719675 4.694905 4.647272 4.567864 4.46979 4.435842 4.413629 4.403458 4.415412 4.437625 4.474882 4.533469 4.60293 4.683135 4.77893 4.872852 4.943444 5.002767 5.043371 5.040552 5.011196 4.961866 4.900319 4.827273 4.755304 4.67045 4.584101 4.528086 2.185868 2.232589 2.331298 2.352082 2.373272 2.417462 2.612098 2.799426
3.97893 4.033482 4.098959 4.167078 4.268943 4.367823 4.456542 4.535659 4.604646 4.663321 4.708915 4.746406 4.77624 4.789286 4.79401 4.793326 4.787992 4.786919 4.793959 4.807995 4.836577 4.865606 4.895939 4.92753 4.955661 4.974656 4.986329 4.993979 4.984953 4.932814 4.850158 4.749752 4.689936 4.672405 4.660674 4.662615 4.676451 4.700713 4.730594 4.780703 4.856369 4.935561 5.002211 5.060421 5.110646 5.122499 5.091239 5.041757 4.997284 4.947161 4.889499 4.83351 4.766576 4.709897 4.65678 2.242852 2.271202 2.351403 2.376982 2.418758 2.56488 3.757452
3.949739 3.975114 4.031144 4.105042 4.220676 4.333105 4.436688 4.531117 4.61537 4.693726 4.760246 4.820793 4.868412 4.896509 4.905999 4.907874 4.910179 4.915466 4.917782 4.937403 4.975297 5.017505 5.059047 5.102377 5.148145 5.190848 5.226129 5.253386 5.267686 5.249758 5.199644 5.127297 5.035167 4.958153 4.932496 4.916381 4.903146 4.898663 4.906821 4.937378 4.993258 5.057819 5.116363 5.162425 5.203146 5.216348 5.189355 5.143375 5.09936 5.061364 5.017829 4.968717 4.913435 4.867648 4.82865 3.275678 2.305907 2.325238 2.383848 2.461379 3.808509 3.797754
3.921943 3.926013 3.969107 4.052474 4.170366 4.290976 4.408823 4.520604 4.62285 4.716756 4.800292 4.880552 4.948905 4.998257 5.027335 5.044474 5.064064 5.079836 5.097763 5.121686 5.154913 5.196023 5.243025 5.295096 5.346033 5.396937 5.445412 5.484274 5.51007 5.517007 5.498775 5.455406 5.391659 5.314371 5.22723 5.19407 5.169736 5.149592 5.138307 5.148199 5.1781 5.217967 5.250842 5.277144 5.298077 5.299772 5.274692 5.244119 5.209305 5.169805 5.133955 5.089539 5.029175 4.996121 4.950021 4.711248 2.672254 2.329411 2.385422 2.506793 3.847886 3.811425
3.898391 3.891581 3.929275 4.0154 4.124598 4.242274 4.36464 4.48635 4.605972 4.720224 4.826488 4.928536 5.017033 5.086502 5.142969 5.19022 5.224652 5.256625 5.287464 5.312598 5.340796 5.376894 5.426577 5.486091 5.546316 5.603961 5.655794 5.700147 5.735402 5.756155 5.761243 5.745278 5.709508 5.653228 5.582005 5.489481 5.435439 5.40434 5.37901 5.367205 5.370437 5.380552 5.389992 5.40246 5.412572 5.406092 5.377123 5.341142 5.305247 5.265429 5.23069 5.194868 5.129145 5.106353 5.037458 4.781433 4.335932 2.54687 2.422452 2.555225 3.870384 3.811267
3.894211 3.87148 3.902342 3.960702 4.056033 4.172107 4.306332 4.440017 4.570352 4.697087 4.822676 4.944594 5.054419 5.150313 5.235272 5.308387 5.366815 5.41078 5.450097 5.47796 5.501593 5.538055 5.588262 5.651742 5.714208 5.776666 5.832651 5.880397 5.915461 5.943235 5.958539 5.95845 5.943426 5.907853 5.85614 5.79022 5.706583 5.640076 5.596309 5.565739 5.551439 5.554133 5.551167 5.542561 5.533248 5.518198 5.488301 5.438447 5.390315 5.349061 5.308153 5.264866 5.203936 5.202502 5.103885 4.824052 4.267896 2.919087 2.761232 2.961828 3.661421 3.722118
3.906411 3.884416 3.897003 3.920524 3.980266 4.07176 4.217677 4.363077 4.507704 4.650438 4.790108 4.923881 5.049161 5.160723 5.261072 5.352486 5.432458 5.496528 5.545459 5.582227 5.616251 5.647466 5.686803 5.74014 5.799606 5.858953 5.913504 5.961011 5.998226 6.029029 6.049858 6.060522 6.06099 6.044939 6.012869 5.969207 5.905937 5.820222 5.750911 5.715353 5.698968 5.685398 5.660548 5.634228 5.614513 5.592032 5.560016 5.519462 5.464386 5.410371 5.355591 5.297393 5.272419 5.266977 5.144889 4.841782 4.235929 3.446031 3.318291 3.449298 3.584603 3.684074
3.91978 3.887065 3.882316 3.881922 3.916424 4.002252 4.115988 4.239498 4.396182 4.552295 4.708733 4.863658 5.003084 5.127333 5.236969 5.335567 5.429907 5.512661 5.580501 5.631787 5.668071 5.693244 5.719548 5.756994 5.79408 5.837542 5.884761 5.928412 5.964144 5.997622 6.029555 6.05486 6.073456 6.079586 6.069706 6.048466 6.012272 5.952213 5.872224 5.836068 5.80713 5.776124 5.743286 5.711659 5.684261 5.652975 5.612867 5.568669 5.515839 5.449391 5.380946 5.3107 5.307787 5.292368 5.15385 4.847369 4.283139 3.642524 3.499068 3.550797 3.651224 3.772611
3.973453 3.918863 3.89337 3.874006 3.883576 3.937052 4.024513 4.122584 4.248368 4.391019 4.560668 4.731585 4.890866 5.035297 5.163604 5.277801 5.379305 5.471058 5.552039 5.619225 5.670584 5.706597 5.733459 5.755984 5.776547 5.795207 5.813254 5.835412 5.870369 5.903415 5.938427 5.973471 6.007926 6.034053 6.046979 6.051183 6.044204 6.014718 5.960937 5.916295 5.883928 5.852384 5.81972 5.788201 5.758415 5.717022 5.661092 5.603813 5.547758 5.476476 5.398983 5.321264 5.331405 5.308667 5.163402 4.858374 4.35803 3.772489 3.642293 3.681414 3.783967 3.930929
4.067536 3.990308 3.949043 3.912708 3.885195 3.876316 3.91498 3.990204 4.113202 4.254756 4.405947 4.562187 4.707067 4.856076 4.999475 5.126109 5.232385 5.327881 5.419977 5.501837 5.565503 5.610605 5.640031 5.65573 5.664306 5.671231 5.680383 5.690025 5.697689 5.733856 5.770204 5.812186 5.858059 5.903156 5.940689 5.969705 5.988392 5.989697 5.968627 5.945839 5.92747 5.9092 5.889647 5.861951 5.827219 5.781315 5.714243 5.636947 5.566871 5.495207 5.411887 5.346706 5.349257 5.321687 5.173459 4.869482 4.461927 3.912961 3.798339 3.848179 3.980984 4.192251
4.207776 4.066659 3.990902 3.927892 3.861205 3.798737 3.780509 3.826157 3.942255 4.080669 4.225745 4.379683 4.523343 4.660683 4.793546 4.912861 5.006933 5.088024 5.167804 5.241724 5.303444 5.354693 5.394625 5.420667 5.439411 5.458586 5.476279 5.493086 5.508714 5.533934 5.575831 5.620193 5.667302 5.715785 5.765101 5.805815 5.838919 5.868973 5.889958 5.899511 5.902781 5.902662 5.896596 5.874386 5.839552 5.79796 5.74327 5.667231 5.584791 5.508611 5.424709 5.367441 5.366544 5.336666 5.196424 4.912968 4.617436 4.13634 3.986945 4.054076 4.253074 4.556098
4.366669 4.163236 4.052299 3.96529 3.857416 3.751538 3.679779 3.677535 3.763874 3.875829 3.998277 4.136014 4.265545 4.402724 4.533315 4.648772 4.744863 4.824489 4.901072 4.971278 5.028634 5.075737 5.111997 5.136828 5.158763 5.182915 5.205472 5.22367 5.243104 5.26772 5.319214 5.377784 5.442689 5.504496 5.565851 5.623733 5.671416 5.71776 5.759861 5.789285 5.812761 5.831623 5.841359 5.835274 5.815871 5.781845 5.741331 5.689467 5.610666 5.528662 5.444123 5.386652 5.38635 5.36233 5.245049 5.00842 4.760506 4.487287 4.304698 4.422621 4.727372 5.149242
4.553174 4.342684 4.168974 4.066776 3.936142 3.801618 3.690218 3.624619 3.625208 3.674209 3.757267 3.87082 3.976075 4.100406 4.239018 4.360072 4.452437 4.534769 4.614781 4.685002 4.740038 4.782743 4.816134 4.836414 4.848232 4.87291 4.903605 4.929752 4.952567 4.980787 5.030375 5.108551 5.187078 5.266598 5.342314 5.417288 5.485086 5.548037 5.612688 5.665451 5.707276 5.744106 5.7695 5.777835 5.775139 5.754771 5.724684 5.695803 5.641777 5.557413 5.469693 5.406661 5.405293 5.386208 5.290912 5.100532 4.890916 4.799419 4.762226 4.930818 5.205734 5.393785
4.764004 4.555264 4.331763 4.180299 4.052185 3.905501 3.767018 3.645272 3.553446 3.520922 3.548457 3.617722 3.684514 3.781754 3.927038 4.044368 4.144397 4.224845 4.303837 4.381261 4.442726 4.483763 4.513129 4.531899 4.538211 4.545882 4.576996 4.609526 4.638305 4.678027 4.727278 4.816805 4.910969 5.011634 5.10753 5.196065 5.28393 5.369306 5.456626 5.53469 5.593985 5.649454 5.69259 5.715138 5.727654 5.723607 5.704266 5.683629 5.655735 5.582909 5.492224 5.421573 5.416439 5.400277 5.319142 5.165443 5.011463 4.955247 5.026585 5.193215 5.408482 5.629579
4.982996 4.782661 4.556911 4.320998 4.194421 4.03387 3.864422 3.697139 3.555172 3.472795 3.455037 3.468346 3.490886 3.545125 3.646505 3.725677 3.814813 3.885567 3.951234 4.031432 4.108346 4.160404 4.192765 4.224329 4.231787 4.223854 4.242909 4.274631 4.311547 4.356079 4.400349 4.495464 4.614886 4.740863 4.85733 4.960306 5.066768 5.180793 5.291698 5.397637 5.47702 5.552632 5.616823 5.657328 5.68549 5.696932 5.687798 5.6696 5.646415 5.593785 5.504668 5.420671 5.414719 5.405223 5.343904 5.229542 5.1323 5.11487 5.224314 5.422533 5.659822 5.896328
5.200952 5.025205 4.816164 4.586306 4.360958 4.204309 4.029932 3.839074 3.664758 3.536031 3.465868 3.441565 3.442899 3.435606 3.432166 3.43117 3.459321 3.522075 3.56595 3.629698 3.721857 3.803168 3.863794 3.91012 3.937656 3.935697 3.929628 3.960853 3.971383 3.993989 4.055049 4.149525 4.299492 4.454282 4.586068 4.702618 4.840493 4.982812 5.119405 5.251652 5.358095 5.457722 5.547151 5.610455 5.658867 5.687456 5.683277 5.662233 5.636145 5.597121 5.516965 5.423299 5.405536 5.405638 5.379301 5.31537 5.268869 5.31452 5.455537 5.662488 5.897895 6.127618
5.395847 5.242777 5.06418 4.861804 4.636383 4.41108 4.203983 4.002587 3.802572 3.627597 3.516505 3.48296 3.474274 3.418628 3.310376 3.185578 3.121982 3.166768 3.197301 3.231453 3.332871 3.455006 3.555888 3.637771 3.688001 3.685365 3.662409 3.669308 3.65947 3.656144 3.724623 3.813409 3.978629 4.166282 4.32542 4.467292 4.62902 4.792832 4.94944 5.103256 5.240936 5.368158 5.485302 5.577025 5.65401 5.705501 5.705797 5.677691 5.644847 5.60597 5.535645 5.439848 5.392103 5.399126 5.403205 5.403645 5.427725 5.511429 5.655308 5.862959 6.095267 6.310493
5.577709 5.434971 5.267191 5.078458 4.879343 4.669922 4.437988 4.200542 3.99741 3.798225 3.675264 3.623028 3.58791 3.486705 3.322121 3.101492 2.965049 2.961806 2.957443 2.965794 3.071387 3.219609 3.359991 3.483539 3.557679 3.561595 3.537414 3.549965 3.521949 3.487794 3.549334 3.623782 3.781177 3.983218 4.165214 4.327124 4.489003 4.650661 4.819736 4.998029 5.161539 5.309394 5.445739 5.562542 5.668769 5.742955 5.752808 5.722994 5.680085 5.632891 5.569841 5.482915 5.404952 5.412381 5.437305 5.48734 5.591205 5.704891 5.847847 6.037727 6.240525 6.421238
