py_wake/examples/data/AJ_ParqueFicticio/Ridge area   Sector 9   Height 200m   Turbulence intensity.grd
DSAA
90  129
 262878   265103
 6504214   6507414
 8.696575   100
[rows 56 to 83 of 129, columns 0 to 62 of 90]
11.74829 11.67698 11.69195 11.85919 12.21434 12.60746 13.08691 13.65327 14.28718 14.79947 14.87607 14.54017 14.26402 14.48721 14.93993 15.49172 15.94979 16.2833 16.52025 16.52284 16.13187 15.65445 15.2488 14.8017 14.3512 14.00317 13.7369 13.52382 13.36965 13.22002 13.03718 12.81762 12.62044 12.50001 12.39597 12.24224 12.04769 11.83698 11.64015 11.37606 11.01679 10.63697 10.30533 9.98627 9.763065 9.675329 9.660691 9.735665 9.866525 10.0417 10.3119 10.75865 11.65403 13.24751 15.95195 19.86979 22.96415 24.51755 24.81663 23.967 22.698 21.66163 20.98522
11.67431 11.58027 11.5662 11.71646 12.02458 12.40894 12.84083 13.27999 13.75625 14.16753 14.32531 14.03942 13.76075 13.87342 14.35944 15.01677 15.69506 16.22429 16.68627 16.81834 16.41446 15.90953 15.49571 15.00719 14.47327 14.02258 13.68244 13.41919 13.22386 12.99398 12.75705 12.54096 12.353 12.19 12.02337 11.85651 11.68737 11.54546 11.38758 11.1522 10.81664 10.48097 10.17057 9.887598 9.740332 9.650773 9.627832 9.691154 9.813188 9.949188 10.15966 10.5041 11.18166 12.4233 14.39545 17.25589 20.07033 21.66644 22.35181 22.07963 21.40052 20.98603 20.96077
11.64232 11.50906 11.47953 11.6208 11.87406 12.1975 12.55565 12.94894 13.34049 13.62511 13.69925 13.53207 13.33726 13.39076 13.77867 14.31468 14.95314 15.58497 16.29596 16.60961 16.34389 15.96018 15.57732 15.07039 14.51629 14.01518 13.62506 13.33321 13.07633 12.81479 12.54894 12.28647 12.057 11.85497 11.67868 11.49446 11.33202 11.18707 11.01679 10.79951 10.53767 10.25939 9.980736 9.792682 9.685845 9.596065 9.5678 9.620129 9.725696 9.847904 10.00654 10.25461 10.73015 11.59576 12.97783 14.93727 17.2378 19.20306 20.27806 20.73372 20.8789 21.19299 21.63431
11.61983 11.45486 11.38292 11.46772 11.67209 11.95015 12.25616 12.57816 12.89351 13.14793 13.23125 13.13075 12.99699 13.04012 13.34346 13.75219 14.24955 14.84772 15.47133 15.87109 15.83405 15.68497 15.39852 14.91338 14.38061 13.90366 13.50141 13.1904 12.91881 12.64087 12.3512 12.05955 11.78683 11.56462 11.36522 11.16283 10.98908 10.82904 10.6443 10.44128 10.23862 10.00342 9.810875 9.692176 9.588816 9.492419 9.460824 9.512296 9.611581 9.730194 9.876743 10.05014 10.35339 10.93653 11.90444 13.31849 15.05653 16.96475 18.85896 20.1838 21.25488 22.11538 22.69907
11.56243 11.36787 11.24647 11.27253 11.43538 11.66625 11.91803 12.17058 12.43128 12.68622 12.79692 12.7482 12.67493 12.72958 12.94149 13.20336 13.56736 14.0588 14.60459 15.06303 15.10225 15.04577 14.91424 14.51647 14.05359 13.64668 13.29048 13.00675 12.7258 12.44905 12.14866 11.82106 11.5082 11.27878 11.07373 10.86584 10.70261 10.53511 10.34376 10.18136 9.999413 9.809799 9.692986 9.591947 9.472024 9.361285 9.351239 9.406387 9.486799 9.616621 9.761294 9.903098 10.08782 10.4553 11.12062 12.17731 13.67703 15.5636 17.88131 20.33262 22.26729 23.56598 24.45539
11.43785 11.23831 11.09427 11.06749 11.18696 11.37303 11.57249 11.78296 12.01075 12.2514 12.39517 12.43741 12.39745 12.40557 12.52588 12.72943 13.01463 13.40197 13.83513 14.18758 14.32013 14.34188 14.29446 14.01203 13.6277 13.28638 13.00671 12.75104 12.47491 12.20619 11.91448 11.58725 11.27495 11.04848 10.83184 10.64673 10.49729 10.32247 10.15501 10.00891 9.841366 9.701705 9.615488 9.515727 9.383917 9.302138 9.341129 9.400122 9.448246 9.538831 9.669037 9.791064 9.915618 10.14219 10.60969 11.45449 12.87651 14.90586 17.62455 20.94525 23.84233 25.76589 27.27444
11.2637 11.08588 10.93396 10.8542 10.9295 11.07543 11.24792 11.4367 11.63755 11.84405 11.97872 12.04105 12.08782 12.16903 12.25154 12.41282 12.60083 12.85124 13.11335 13.33886 13.51795 13.55984 13.54863 13.36967 13.09543 12.82092 12.60763 12.42518 12.19421 11.92847 11.66823 11.36266 11.10347 10.87205 10.65693 10.49921 10.34598 10.18605 10.04805 9.908963 9.763538 9.656062 9.568295 9.467474 9.343229 9.314878 9.37831 9.433768 9.465626 9.500356 9.580554 9.680152 9.793232 9.964332 10.30336 10.99381 12.3165 14.41248 17.38612 21.48839 25.46493 28.44686 30.6759
11.07474 10.89691 10.6964 10.59819 10.665 10.79778 10.95492 11.1247 11.30613 11.49896 11.67785 11.83322 11.93862 12.00105 12.01678 12.06536 12.19027 12.35692 12.54262 12.65861 12.74247 12.81085 12.79722 12.70356 12.48301 12.32038 12.22002 12.08174 11.86796 11.65889 11.41636 11.15689 10.94333 10.72468 10.53408 10.39712 10.25733 10.12155 10.00154 9.876009 9.751654 9.656003 9.564157 9.457141 9.346458 9.356664 9.418794 9.464932 9.486728 9.490659 9.509808 9.576562 9.689818 9.847033 10.10642 10.67115 11.843 13.84563 16.83179 21.28569 26.28645 30.44687 33.65254
10.93164 10.74202 10.53323 10.4856 10.57292 10.69838 10.83948 10.99346 11.16215 11.34528 11.52594 11.68879 11.80912 11.85609 11.82148 11.8256 11.95402 12.08304 12.15464 12.09641 12.1338 12.24327 12.28688 12.16177 11.98106 11.94474 11.90585 11.76069 11.58724 11.42124 11.19822 10.98413 10.80175 10.61124 10.45173 10.33086 10.21468 10.11199 10.02092 9.918423 9.804495 9.711969 9.62532 9.522271 9.418912 9.416732 9.466638 9.500462 9.510069 9.497862 9.47744 9.497181 9.607902 9.772383 9.99405 10.44626 11.47649 13.32519 16.17731 20.5181 26.23131 31.33956 35.6672
10.85985 10.67809 10.48249 10.43688 10.51664 10.62053 10.74305 10.89015 11.06343 11.2515 11.44627 11.64178 11.80513 11.87414 11.83474 11.81362 11.86204 11.91724 11.92464 11.83849 11.85344 11.93159 11.946 11.81587 11.71513 11.69167 11.64768 11.51557 11.38489 11.24028 11.05043 10.87346 10.71922 10.56921 10.44028 10.33966 10.25928 10.20288 10.14377 10.05687 9.945893 9.849833 9.761806 9.661577 9.552668 9.506837 9.522202 9.542414 9.53952 9.51469 9.473152 9.462845 9.563206 9.745153 9.965422 10.34215 11.29028 13.00063 15.62513 19.57273 25.35686 30.86804 35.83541
10.81881 10.64969 10.49356 10.41044 10.47563 10.57793 10.69896 10.86001 11.06274 11.28965 11.53031 11.7816 11.99423 12.08207 12.01656 11.91608 11.91326 11.91614 11.89677 11.82458 11.7981 11.79224 11.76639 11.6806 11.59597 11.53353 11.45911 11.35021 11.24596 11.13052 10.97241 10.82494 10.70651 10.60152 10.50255 10.42647 10.39584 10.39303 10.36097 10.28413 10.18461 10.06807 9.953662 9.846775 9.731179 9.62824 9.583799 9.588938 9.577971 9.54503 9.494493 9.471167 9.57343 9.775416 10.00588 10.34006 11.23845 12.83848 15.29182 18.91409 24.0592 30.10982 36.01714
10.78311 10.63704 10.51514 10.4506 10.47074 10.56202 10.69265 10.8823 11.13624 11.4241 11.72306 12.03025 12.27609 12.35517 12.25877 12.05406 11.98771 11.99126 11.97504 11.88067 11.79297 11.76677 11.72697 11.6334 11.5353 11.47157 11.39563 11.28796 11.21756 11.12691 10.96983 10.83987 10.76939 10.71826 10.64678 10.59859 10.61975 10.66217 10.65605 10.58889 10.48127 10.34236 10.18849 10.05217 9.914247 9.770714 9.669667 9.640537 9.624309 9.589851 9.538121 9.511228 9.624459 9.846144 10.09021 10.402 11.28211 12.82198 15.22574 18.73875 23.54661 29.02149 34.39515
10.7752 10.64312 10.54396 10.51082 10.56091 10.65053 10.80175 11.04395 11.37124 11.73781 12.10722 12.45794 12.70155 12.71857 12.57592 12.33873 12.15504 12.11389 12.08853 11.98128 11.84382 11.78713 11.73824 11.63767 11.53565 11.47864 11.4161 11.3457 11.29819 11.21656 11.08535 10.97122 10.93643 10.93614 10.90129 10.88304 10.93211 11.00067 11.01853 10.95813 10.82444 10.66469 10.47135 10.26788 10.09851 9.934114 9.78575 9.699922 9.672343 9.644011 9.599159 9.577424 9.710941 9.965174 10.24314 10.58764 11.58462 13.27405 15.84435 19.45514 24.19753 29.29704 33.85096
10.77072 10.67016 10.59714 10.6153 10.72155 10.87245 11.09179 11.40973 11.81809 12.2794 12.73763 13.13067 13.3471 13.33034 13.13372 12.83191 12.55684 12.41074 12.28743 12.15677 12.01802 11.89457 11.81498 11.72947 11.63976 11.55597 11.50766 11.50127 11.46895 11.39862 11.31664 11.23962 11.22478 11.2604 11.289 11.32716 11.39993 11.48802 11.5155 11.45116 11.27932 11.07019 10.82597 10.52455 10.29121 10.10733 9.930986 9.77634 9.719983 9.701382 9.673425 9.670731 9.845258 10.1646 10.52546 11.03034 12.34264 14.46219 17.42746 21.23151 25.64513 29.85991 33.28056
10.79997 10.72986 10.69104 10.76695 10.94259 11.16053 11.44286 11.83016 12.36926 13.04676 13.72105 14.2762 14.59307 14.53039 14.17256 13.71534 13.33866 13.06563 12.79138 12.54006 12.35398 12.16872 12.01645 11.91176 11.8126 11.74367 11.70442 11.73082 11.72085 11.71191 11.67328 11.64713 11.68061 11.78129 11.89514 12.03988 12.24524 12.46009 12.54476 12.34301 12.05495 11.73287 11.34175 10.90306 10.50171 10.28282 10.07996 9.882112 9.775047 9.763332 9.768479 9.806739 10.04989 10.47595 10.98062 11.78678 13.505 16.06915 19.35048 23.1064 26.82961 30.03364 32.49971
10.88132 10.83756 10.8303 10.94547 11.1832 11.4744 11.83263 12.3229 13.06153 14.06085 15.07938 16.02986 16.6825 16.5111 15.93271 15.25146 14.77166 14.31208 13.85078 13.43147 13.05123 12.723 12.48455 12.3145 12.17428 12.10155 12.1 12.1543 12.19947 12.24668 12.27574 12.32908 12.45036 12.64346 12.88663 13.20984 13.58168 14.09061 14.49917 14.02504 13.18849 12.63551 12.0549 11.4082 10.78171 10.45612 10.23392 10.0139 9.857237 9.849281 9.911466 10.03931 10.38387 10.9346 11.6398 12.8511 14.96541 17.8356 21.0654 24.25225 27.07456 29.46638 31.5291
11.01403 11.02285 11.05983 11.2159 11.52692 11.92147 12.40151 13.01726 13.96526 15.20409 16.52997 17.84373 18.92934 19.06145 18.37257 17.61341 16.99587 16.37087 15.73365 15.15878 14.55172 13.95227 13.54993 13.3099 13.1204 13.01312 12.9877 13.06151 13.16539 13.3134 13.4287 13.5381 13.76326 14.1043 14.58494 15.04785 15.30638 15.84261 16.48503 15.9057 14.41235 13.42654 12.66176 11.83527 11.05821 10.57388 10.35843 10.15215 10.021 10.06207 10.23849 10.50246 10.94164 11.58244 12.52642 14.1116 16.48248 19.37405 22.02719 24.1491 22.47487 25.12198 27.46259
11.26381 11.33007 11.42999 11.66088 12.07849 12.6171 13.30918 14.25301 15.55886 17.07762 18.64728 20.37087 22.16876 23.20493 23.23425 22.48792 21.92276 21.00969 20.23273 19.28601 18.12021 17.14527 16.40283 15.93006 15.62932 15.40774 15.2521 15.25874 15.34121 15.53405 15.70253 15.96255 16.14759 16.43484 17.03827 17.40574 17.3377 17.47009 17.48145 16.78213 15.06968 13.7985 12.87912 11.9853 11.16273 10.60832 10.44141 10.29862 10.25903 10.41912 10.72431 11.09407 11.60978 12.36218 13.5801 15.47653 17.9913 20.45997 21.95075 22.59531 23.05853 25.60009 27.88449
11.65966 11.78939 11.97931 12.35069 12.93615 13.72903 14.78684 16.20329 17.91206 19.87975 22.408 25.12998 27.52627 28.88124 29.31485 29.84813 29.24853 28.30795 27.48796 25.7667 23.66756 22.52632 21.87867 21.02757 20.43155 20.10164 20.0462 20.02467 20.18707 20.29843 20.37545 20.77678 20.60841 20.16931 20.22144 20.10836 19.58705 18.90089 18.13142 17.06077 15.29353 13.90761 12.83009 11.89736 11.10085 10.58889 10.49581 10.44212 10.52847 10.82871 11.24171 11.70383 12.33632 13.36449 15.00097 17.23765 19.67221 20.87758 20.33991 19.21725 22.01785 26.75282 29.01386
12.14179 12.37344 12.73289 13.29159 14.17024 15.45137 17.14724 18.86641 19.77102 20.95843 22.90681 25.72244 29.36441 31.9821 31.83997 32.21957 33.71631 33.68874 32.11743 29.85154 27.58192 26.78056 26.93614 27.08203 26.33958 25.47153 25.55132 26.44805 27.50519 27.13411 26.7882 27.52762 27.1047 24.96672 23.42965 22.2255 20.89412 19.5457 18.42856 17.04084 15.20818 13.78729 12.67118 11.77058 11.01812 10.5733 10.55329 10.59028 10.82085 11.26559 11.79051 12.38093 13.31116 14.9484 17.18077 19.61655 20.96024 19.61115 16.87513 17.24384 19.491 26.85968 28.79437
12.67183 12.98912 13.50417 14.25471 15.3955 17.02137 18.96052 20.18594 19.87451 20.27558 21.32542 23.15906 25.71137 27.92336 28.16961 28.99878 30.90993 31.86722 30.81076 29.05009 28.10922 28.32005 29.09241 29.87955 29.62264 28.8187 28.99596 30.02088 31.32976 31.17757 30.418 30.70774 30.10247 27.10696 24.55958 22.49268 20.70219 19.1087 17.89581 16.35905 14.6854 13.37377 12.33008 11.54605 10.87165 10.54919 10.60911 10.75696 11.15744 11.7465 12.42297 13.37151 15.05929 17.65054 20.56231 22.33549 20.56482 16.2372 16.99946 18.41744 20.54451 25.91663 28.17572
13.3291 13.74454 14.36704 15.21235 16.37212 17.66273 18.66859 18.80809 18.37244 18.42715 18.87777 19.8624 20.64726 21.40734 22.25284 23.11436 24.35229 25.27816 25.84137 25.83184 25.88221 26.50175 27.37348 28.14437 28.35988 28.3487 28.75126 29.46903 30.00221 29.68148 29.259 28.99623 27.83308 25.71839 23.48408 21.50065 19.73572 18.11204 16.69671 15.19408 13.83616 12.66542 11.78826 11.17507 10.63624 10.50447 10.65222 10.95735 11.51114 12.24912 13.36391 15.24434 18.23848 22.15085 25.03281 23.12623 17.68608 18.56821 19.43757 20.46615 22.1025 24.62696 26.93887
14.08705 14.69399 15.43873 16.08619 16.86662 17.66333 18.11722 17.66494 17.16444 17.10059 17.13525 17.02906 17.25309 17.60216 18.04718 18.41892 18.81358 19.73689 20.68681 21.41291 21.92824 22.70373 23.5262 24.00626 24.36061 25.06314 25.85647 26.39134 26.44737 26.35127 26.30596 25.87553 24.7549 23.31797 21.4999 19.81254 18.27126 16.79669 15.34589 14.0194 12.87895 11.91992 11.26889 10.78154 10.40648 10.46516 10.68769 11.13553 11.85581 12.88322 14.9498 18.45331 23.49718 28.37517 27.103 20.46112 21.63302 22.50264 23.13134 23.6638 24.50145 25.63383 27.01923
14.69843 15.42567 16.15027 16.33682 16.64292 17.15857 17.31496 16.73479 16.24886 15.94223 15.6344 15.46569 15.45116 15.42189 15.37885 15.50306 15.75794 16.28584 16.867 17.47688 18.11686 18.86513 19.49604 19.90693 20.46369 21.34623 22.18525 22.56275 22.75344 23.0587 23.17037 22.73279 22.11164 20.94076 19.36019 17.94651 16.67962 15.40242 14.03024 12.92776 12.00882 11.32734 10.84066 10.42885 10.24672 10.43697 10.73939 11.28755 12.09152 13.77579 17.09126 23.03027 31.00704 33.22402 22.89873 25.25267 26.73855 27.59127 27.93781 28.02881 28.18871 28.30201 29.0764
14.8643 15.37937 15.68983 15.71331 15.85573 16.00506 15.86151 15.53703 15.12672 14.76521 14.49212 14.24739 14.03944 13.80978 13.71395 13.72992 13.84194 14.12529 14.42947 14.8252 15.23565 15.69815 16.15472 16.65761 17.2809 17.97407 18.62579 19.10532 19.5142 19.85972 19.96448 19.7835 19.43951 18.54631 17.36385 16.21217 15.10727 13.98706 12.89634 12.01023 11.30721 10.83962 10.44102 10.17004 10.1962 10.43734 10.81424 11.40699 12.3255 14.58383 19.53657 28.95566 41.07675 28.21022 28.05305 31.51032 33.12658 33.73702 33.99555 33.90852 33.62197 32.95716 32.48894
14.58656 14.68216 14.67487 14.66349 14.63249 14.53025 14.36707 14.15093 13.87665 13.64988 13.41238 13.11034 12.86881 12.70187 12.64486 12.62661 12.63223 12.74703 12.89128 13.01191 13.24788 13.48545 13.84941 14.30996 14.85282 15.37077 15.89785 16.37457 16.72717 16.97331 17.12316 17.11968 16.80646 16.1919 15.38469 14.51099 13.65278 12.78376 11.95597 11.22571 10.75429 10.38783 10.07429 10.00259 10.17587 10.44901 10.88415 11.48395 12.60472 15.40982 21.70518 36.01269 62.68518 27.62123 34.22379 39.47002 41.2209 40.61299 40.80982 41.45343 41.12482 39.85225 38.10345
13.99074 13.88906 13.74718 13.60135 13.44989 13.30759 13.10187 12.91379 12.81265 12.69976 12.4859 12.26038 12.07969 11.94046 11.89642 11.92045 11.99694 12.03788 11.99427 11.92921 12.03115 12.2662 12.61091 12.97392 13.35252 13.68326 14.054 14.40392 14.64166 14.84293 14.95784 14.9742 14.78652 14.28463 13.67198 13.07003 12.41872 11.75993 11.08086 10.58333 10.28774 9.991193 9.833021 9.938169 10.1504 10.46152 10.92049 11.50101 12.82748 16.10338 23.66072 41.98931 78.97018 40.39946 40.41321 48.87255 48.52124 45.81787 44.8405 46.00697 50.0146 48.65448 45.66536
13.41602 13.19692 12.94112 12.71899 12.57045 12.39313 12.2278 12.17979 12.15653 12.02989 11.86641 11.74567 11.58737 11.47653 11.55653 11.68862 11.78777 11.80437 11.71378 11.58564 11.70717 11.8931 12.11178 12.36375 12.57019 12.75612 13.00325 13.21909 13.30502 13.39685 13.49869 13.48457 13.27174 12.84372 12.35503 11.91102 11.40042 10.91757 10.40436 10.11632 9.927252 9.739817 9.716732 9.887979 10.12931 10.47262 10.92813 11.5358 12.97114 16.55199 24.79014 45.08441 28.22282 37.7756 45.16187 46.72786 48.78185 50.69401 48.36657 48.45749 52.10644 57.70409 54.54188
