py_wake/examples/data/AJ_ParqueFicticio/Ridge area   Sector 4   Height 200m   Turbulence intensity.grd
DSAA
90  129
 262878   265103
 6504214   6507414
 11.9956   100
[rows 27 to 53 of 129, columns 0 to 61 of 90]
43.67765 43.5787 43.22791 42.92441 42.68885 42.49821 42.41846 42.48618 42.6497 43.00583 43.63606 44.43163 45.19844 45.78892 46.02411 45.93604 45.55849 44.95549 44.27332 43.37687 41.62095 39.56256 37.5243 35.37333 33.29975 31.11284 28.88207 26.61289 24.42629 22.63751 21.15211 19.92973 18.90735 18.08046 17.4719 16.91364 16.40526 15.89518 15.35406 14.9216 14.6256 14.35224 14.14124 14.04181 14.10903 14.33908 14.71861 15.33816 16.16216 17.23748 18.73052 20.47693 22.38722 24.75079 27.56195 30.36072 33.19308 36.44613 40.12271 44.55519 50.35695 58.99063
45.4095 45.21614 44.80064 44.4247 44.04096 43.65033 43.36769 43.17903 43.14077 43.44406 44.12816 45.04097 46.13802 47.24841 48.19887 48.81343 49.03785 48.95949 48.68121 48.11807 46.76104 45.03636 43.17441 40.8772 38.62034 36.16356 33.38783 30.54355 27.68754 25.17613 23.16543 21.53036 20.13043 19.02757 18.20442 17.529 16.91978 16.37431 15.80469 15.3208 14.93332 14.56121 14.26003 14.13378 14.22667 14.4925 14.91312 15.59574 16.53036 17.69928 19.32595 21.25683 23.33665 25.88729 28.7812 31.3614 34.293 37.88868 41.82051 46.29119 52.08513 60.13782
47.21986 46.94527 46.51683 46.13606 45.66135 45.11921 44.64767 44.20041 43.86351 43.94715 44.6552 45.83815 47.14191 48.4617 49.81369 50.99078 51.87184 52.43929 52.83714 52.81945 52.02024 50.95549 49.66724 47.60005 45.33207 42.91046 39.56231 35.852 32.09679 28.76842 26.06402 23.80862 21.91876 20.35761 19.14436 18.25127 17.52822 16.9154 16.3097 15.76744 15.28804 14.81163 14.41101 14.2493 14.35891 14.66487 15.15315 15.90307 16.94201 18.23457 20.01983 22.13774 24.37271 27.07425 29.85831 32.42877 35.4403 39.31675 43.56627 48.02177 53.60333 61.25699
49.14064 48.81353 48.40195 48.03159 47.50958 46.93214 46.3907 45.80367 45.2068 44.99845 45.71225 46.9687 48.37384 49.68995 51.01429 52.40002 53.65667 54.75943 55.81096 56.36847 55.91351 55.63277 55.07113 53.28782 51.31534 49.238 45.4627 40.92282 36.59034 32.69331 29.34678 26.58353 24.2567 22.07348 20.33433 19.11864 18.2214 17.48967 16.81511 16.20784 15.63695 15.04973 14.56638 14.38371 14.48545 14.83072 15.41952 16.24829 17.40783 18.85524 20.77935 23.0294 25.37142 28.15152 30.99872 33.7123 36.59307 40.47568 45.11255 49.49892 54.818 62.15721
51.28345 50.97045 50.60637 50.31113 49.79808 49.20809 48.64949 48.07506 47.47927 47.23687 47.81751 48.79173 49.95053 51.16702 52.38222 53.6412 54.94101 56.12009 57.01816 57.35058 57.20881 57.03958 56.37288 54.66697 52.88045 50.65332 47.04976 42.87117 39.037 35.38515 31.77743 28.64277 25.93482 23.48473 21.49218 19.98953 18.88316 18.00835 17.24362 16.57019 15.92337 15.26148 14.75324 14.54889 14.62113 14.96743 15.65208 16.58885 17.84749 19.41204 21.40185 23.76167 26.20875 28.87236 31.91361 34.87285 37.44715 40.80413 45.39862 50.25122 55.41255 62.29407
53.48874 53.2294 52.94246 52.7354 52.28642 51.77105 51.29753 50.84837 50.40902 50.23131 50.6527 51.35434 52.18614 53.12716 54.15526 55.28349 56.40013 56.98955 57.01497 56.91993 56.69817 55.99228 54.81511 53.1778 51.19706 48.73006 45.62871 42.23957 39.18755 36.17977 32.79663 29.67406 26.8566 24.48224 22.47788 20.80825 19.49302 18.4565 17.58988 16.85471 16.14658 15.44628 14.95318 14.72081 14.76693 15.10377 15.80468 16.85115 18.17797 19.84066 21.87692 24.3007 26.84178 29.42527 32.60366 35.96063 38.44494 41.28699 45.40435 50.43003 55.85722 62.32988
55.77135 55.58474 55.39526 55.29266 54.91158 54.48198 54.11762 53.84052 53.61791 53.52883 53.7572 54.18003 54.73534 55.45351 56.33709 57.31635 58.05663 57.69778 56.68279 55.94781 55.16256 54.02784 52.54455 50.67813 48.59694 46.21989 43.28548 40.21643 37.69973 35.17235 32.32221 29.77379 27.19959 25.0011 23.11898 21.38598 19.94375 18.79742 17.85287 17.06806 16.3081 15.59045 15.11882 14.86077 14.88309 15.221 15.88261 16.98444 18.39245 20.10602 22.11537 24.51422 27.16137 29.79754 32.87657 36.34417 39.22495 42.03203 45.76845 50.58815 56.16313 62.61103
58.12766 58.01988 57.93306 57.92392 57.54292 57.15129 56.8528 56.63577 56.52993 56.50839 56.55748 56.70503 57.00666 57.56301 58.37737 59.25903 59.4197 58.20269 56.50896 54.9077 53.54134 52.03854 50.08672 47.97623 45.8268 43.29991 40.31835 37.29629 34.60762 32.37386 30.18201 28.0955 26.07271 24.34728 22.71885 21.18214 19.94377 18.83797 17.92653 17.14946 16.37184 15.67495 15.22993 14.95079 14.94538 15.27764 15.88935 16.96786 18.37475 20.03659 22.02327 24.37946 27.14373 29.89565 32.80571 36.02188 39.3717 42.70518 46.3968 51.16765 56.80469 63.07918
60.35741 60.41674 60.54111 60.67008 60.18568 59.71009 59.31907 59.00834 58.81356 58.67131 58.5392 58.46553 58.51204 58.87566 59.5121 60.12376 59.71122 58.16493 56.24773 54.29704 52.33235 50.12868 47.68975 45.175 42.57105 39.65869 36.64743 33.54922 30.84652 28.84611 27.0767 25.35488 23.91011 22.65235 21.40088 20.339 19.39062 18.51547 17.75822 17.06988 16.34004 15.69503 15.2754 14.98484 14.94522 15.24441 15.83474 16.8244 18.19625 19.77981 21.63132 23.9066 26.64705 29.4765 32.40932 35.73875 39.30473 42.9346 46.88135 51.73146 57.68108 64.11558
62.35321 62.82567 63.30039 63.65342 62.97938 62.32266 61.72383 61.21333 60.76854 60.3385 59.93306 59.53144 59.17245 59.22589 59.49891 59.48985 58.82445 57.39914 55.4469 53.35316 50.99052 48.233 45.39434 42.26586 39.10241 35.98511 32.86316 29.86088 27.3574 25.59908 24.22314 22.97944 21.90026 20.97037 20.09606 19.34882 18.68436 18.05603 17.47473 16.87989 16.23499 15.65889 15.26404 14.97107 14.87803 15.12947 15.72494 16.66694 17.88971 19.37237 21.06409 23.20038 25.89553 28.88159 31.88995 35.28883 39.11136 42.98588 47.08076 52.08711 58.13306 65.30117
64.08267 65.26682 66.25677 66.90063 66.01507 65.11868 64.24709 63.45922 62.63493 61.74231 60.88857 59.92198 59.00328 58.60826 58.32858 57.84868 57.0157 55.64888 53.80038 51.64842 48.84494 45.90036 42.71709 39.30827 35.89129 32.68668 29.71903 26.93743 24.57812 23.05269 21.99684 21.12922 20.30663 19.58605 18.99164 18.45975 17.99038 17.56301 17.14709 16.65067 16.07155 15.54297 15.16337 14.88939 14.7551 14.93903 15.54525 16.45276 17.55682 18.90375 20.52279 22.43592 25.02 28.20548 31.30297 34.69291 38.54682 42.77901 47.19389 52.16951 58.16433 65.52483
65.31062 67.68756 69.43128 70.36569 69.38129 68.28685 67.08544 65.90132 64.6261 63.11368 61.57038 59.74843 58.13634 57.01907 56.33125 55.52536 54.28325 52.5467 50.81615 48.55263 45.68203 42.68744 39.60402 36.37477 33.12431 30.08136 27.3406 24.87125 22.77933 21.34362 20.38033 19.62284 19.03211 18.49821 18.0568 17.66674 17.34764 17.06419 16.74607 16.32305 15.81005 15.31741 14.9544 14.71406 14.58752 14.74537 15.30439 16.15849 17.21246 18.44915 19.94864 21.76871 24.21329 27.51222 30.75947 34.16793 38.03624 42.63007 47.25786 52.12584 58.03172 65.11967
66.31954 69.92056 72.71532 74.00726 73.36778 72.19762 70.5714 68.78786 66.77978 64.55426 62.21784 59.54696 57.17555 55.32281 53.92834 52.57476 50.75998 48.77976 46.64806 44.43335 42.01856 39.41533 36.63854 33.67072 30.81957 28.12688 25.64527 23.47037 21.6339 20.24913 19.2878 18.5663 18.02443 17.62702 17.26071 16.97465 16.73221 16.52755 16.28323 15.92249 15.4744 15.03045 14.71803 14.51565 14.42166 14.59056 15.09734 15.83295 16.81114 18.03168 19.41433 21.14122 23.58385 26.97665 30.33988 33.90199 37.96062 42.5471 47.26724 52.30528 58.11201 70.56393
67.12999 71.87812 75.92767 78.11166 78.46849 77.52682 75.49889 73.01166 70.04092 66.75106 63.25888 59.5887 56.39793 53.8894 51.67735 49.41466 47.36498 45.12388 42.77606 40.75825 38.79708 36.74427 34.30336 31.5885 28.99222 26.56094 24.38316 22.45676 20.74914 19.46167 18.50817 17.79037 17.24909 16.91181 16.6171 16.36838 16.1978 16.0406 15.8384 15.538 15.15049 14.7629 14.49826 14.32585 14.24523 14.40642 14.8708 15.56766 16.48656 17.65795 18.97967 20.56742 23.03387 26.61254 30.04053 33.66688 37.96949 42.7483 47.39735 52.46594 58.23542 77.36657
67.57789 73.49222 79.09751 83.17566 85.16389 84.92976 82.64712 79.42231 75.07265 70.43609 65.53344 60.62825 56.49213 53.0681 50.04023 47.25377 44.71877 42.39406 40.01108 38.12804 36.6116 34.79551 32.63257 30.11235 27.75322 25.45942 23.47697 21.67874 20.11996 18.8704 17.97678 17.26153 16.73033 16.4199 16.14571 15.87167 15.71624 15.62781 15.47358 15.2188 14.87035 14.48523 14.23497 14.11006 14.06394 14.20639 14.61329 15.3258 16.22489 17.31612 18.63389 20.24464 22.59363 26.16701 29.77398 33.52935 37.99165 43.03032 47.85276 52.72499 58.52477 83.51379
67.5721 74.74136 82.33759 89.1545 93.41805 94.38586 92.22454 87.55948 81.81416 75.6465 69.18576 63.08317 58.0289 53.74066 50.02136 46.7154 43.75828 41.0825 38.74065 36.86417 35.17126 33.57816 31.70715 29.45059 27.19861 25.05755 23.15931 21.40891 19.85323 18.60838 17.75779 17.01689 16.53658 16.19297 15.87182 15.57181 15.42556 15.3619 15.21857 14.9757 14.6152 14.2673 14.05465 13.95759 13.91606 14.05688 14.43784 15.04263 15.93782 17.03968 18.41108 20.12005 22.36199 25.75768 29.50507 33.41744 37.90578 43.15767 48.23997 52.78546 61.32339 83.50453
67.1155 75.57326 85.12231 94.69748 100 100 100 98.14907 91.0849 83.25137 75.0088 67.32381 61.03294 55.80161 51.4725 47.79749 44.56729 41.5344 38.75096 36.45356 34.64064 33.11607 31.39818 29.40528 27.31951 25.25978 23.41587 21.64192 19.97233 18.71325 17.82663 17.06741 16.58281 16.16144 15.7819 15.50021 15.31173 15.17194 15.00257 14.7583 14.44858 14.15073 13.92468 13.80965 13.76438 13.90646 14.28613 14.85667 15.67228 16.81596 18.23831 20.01677 22.29 25.52377 29.26375 33.23725 37.65464 42.71092 47.90327 52.07452 57.48161 68.04637
65.46671 75.00851 86.36279 98.41028 100 100 100 100 100 93.43247 83.42232 74.13075 66.33163 59.86397 54.56498 50.17999 46.63842 43.34968 40.14055 37.22794 35.09844 33.29725 31.52969 29.77068 27.80503 25.85627 24.09026 22.2148 20.33218 18.9865 18.06429 17.28878 16.76458 16.27666 15.85311 15.55876 15.3131 15.06917 14.83694 14.61825 14.35643 14.05224 13.79271 13.6529 13.58903 13.73414 14.13216 14.69714 15.45551 16.57526 18.02319 19.83451 22.15193 25.21243 28.86272 32.89322 37.30938 42.11107 46.61381 49.79123 50.56388 49.4368
62.50939 72.39658 84.65945 98.68272 100 100 100 100 100 100 94.98287 83.93076 74.61708 66.76771 60.30214 54.96062 50.96788 47.42821 43.7325 40.24416 37.67904 35.37288 33.10637 31.32129 29.349 27.33355 25.46548 23.36987 21.12879 19.53667 18.56107 17.72072 17.10111 16.54222 16.05929 15.72962 15.43577 15.10816 14.8084 14.56354 14.29152 13.95149 13.62971 13.46612 13.41447 13.54184 13.93332 14.52279 15.27367 16.30927 17.76071 19.55257 21.85793 24.77715 28.32018 32.40206 36.82132 41.33605 45.00464 46.85731 45.77281 42.00085
58.61888 68.33259 80.9567 95.22446 100 100 100 100 100 100 100 99.52722 88.94021 79.66812 71.5648 64.93751 60.04716 55.80914 51.55052 47.6591 44.45107 41.48975 38.8056 36.5281 34.07633 31.33684 28.67916 26.04337 23.27751 21.03444 19.63608 18.5462 17.6991 17.01631 16.42918 16.01541 15.67839 15.28994 14.92984 14.63696 14.3051 13.90903 13.54538 13.36786 13.31753 13.4208 13.72109 14.27058 15.03144 16.02978 17.42698 19.16079 21.40547 24.1951 27.53586 31.45969 35.49741 39.84275 43.27597 43.85372 40.91629 36.37888
54.41636 63.24271 75.22671 88.4775 100 100 100 100 100 100 100 100 100 100 91.09397 83.08955 76.66882 71.18528 65.79706 60.95229 56.9366 53.22061 49.85383 46.77844 43.23795 39.21539 35.22818 31.31664 27.48506 24.16441 21.7972 20.10293 18.76313 17.78544 17.0267 16.44482 16.00268 15.54844 15.11361 14.75791 14.37374 13.92851 13.5408 13.32061 13.21378 13.30376 13.5426 13.95847 14.68115 15.673 17.01166 18.68806 20.7825 23.3716 26.40141 29.82423 33.42669 37.24294 40.24305 39.49033 35.45265 30.84688
50.27343 57.85674 68.27514 80.09566 93.00045 100 100 100 100 100 100 100 100 100 100 100 100 95.40208 87.9445 81.4969 76.38721 71.73779 67.45486 63.50579 59.06536 52.65863 46.02365 39.94094 34.32286 29.56705 25.68895 22.73477 20.59832 19.02025 17.8908 17.04036 16.39907 15.84351 15.3092 14.8645 14.4325 13.93956 13.52584 13.26911 13.10798 13.14568 13.3534 13.66621 14.2559 15.24569 16.54178 18.15191 20.08123 22.45831 25.16449 28.02646 31.16455 34.24866 35.85246 34.4158 30.43536 26.5297
46.3835 52.71297 61.58159 72.287 83.67108 96.84814 100 100 100 100 100 100 100 100 100 100 100 100 100 100 100 99.8679 94.62327 89.08372 81.8432 73.48257 63.68856 54.52126 45.76676 38.17535 32.11896 27.40526 23.81224 21.10135 19.21417 17.91836 16.94925 16.18463 15.51682 14.96165 14.48346 13.94355 13.49296 13.19467 12.98088 12.94999 13.12074 13.42173 13.87512 14.78699 16.05264 17.60172 19.39466 21.55798 24.05791 26.47946 28.78309 30.96136 31.91665 30.26159 26.7898 23.58923
42.88609 48.12362 55.6398 65.06499 74.98616 86.94094 100 100 100 100 100 100 100 100 100 100 100 100 100 100 100 100 100 100 100 100 89.27863 76.09647 62.62467 51.31226 42.53174 35.13692 29.20658 24.66068 21.50004 19.38289 17.82982 16.64513 15.76001 15.06058 14.51586 13.93774 13.44503 13.0975 12.82881 12.73274 12.86386 13.17094 13.59998 14.35872 15.56472 17.04023 18.71312 20.65944 22.93798 24.99648 26.54024 27.85579 28.21201 26.68382 23.7631 20.87012
39.8471 44.07065 50.20338 58.44404 67.08342 77.42537 89.41505 100 100 100 100 100 100 100 100 100 100 100 100 100 100 100 100 100 100 100 100 100 84.86354 70.26524 57.18988 46.42454 37.1819 30.17114 25.32328 21.94555 19.25118 17.36279 16.08818 15.18517 14.53731 13.92115 13.38994 12.9932 12.66634 12.51248 12.62082 12.93188 13.35869 14.00007 15.07482 16.47244 18.0141 19.70329 21.58682 23.30058 24.44203 25.15026 24.9891 23.41848 21.06129 18.89475
37.24846 40.70133 45.58156 52.59001 60.08882 68.92263 79.47054 91.34032 100 100 100 100 100 100 100 100 100 100 100 100 100 100 100 100 100 100 100 100 100 91.49894 74.104 59.99425 47.24928 37.13057 30.18481 25.15525 21.141 18.35516 16.5361 15.33525 14.54056 13.88484 13.33249 12.89449 12.51403 12.31713 12.40602 12.7091 13.13036 13.71402 14.63875 15.93065 17.31812 18.77679 20.27259 21.43041 22.18227 22.52376 22.22611 20.8697 19.03251 17.48856
34.99094 37.88583 41.91193 47.7807 54.1634 61.68847 70.56589 79.94851 90.67673 100 100 100 100 100 100 100 100 100 100 100 100 100 100 100 100 100 100 100 100 96.00333 79.10626 65.54128 52.72426 41.51372 33.3378 27.26087 22.59525 19.27827 16.95711 15.39903 14.45423 13.77735 13.23841 12.78711 12.38356 12.17456 12.23835 12.51077 12.92075 13.48134 14.27432 15.38568 16.61299 17.83786 19.05401 19.85089 20.14856 20.17408 19.86468 18.91845 17.72031 16.68067
