py_wake/examples/data/AJ_ParqueFicticio/Ridge area   Sector All   Height 30m   Weibull-k.grd
DSAA
90  129
 262878   265103
 6504214   6507414
 1.111328   2.236328
[rows 81 to 107 of 129, columns 0 to 61 of 90]
1.681641 1.685547 1.693359 1.705078 1.716797 1.728516 1.744141 1.759766 1.775391 1.791016 1.802734 1.814453 1.822266 1.822266 1.822266 1.818359 1.818359 1.810547 1.802734 1.791016 1.783203 1.775391 1.771484 1.763672 1.751953 1.744141 1.732422 1.724609 1.724609 1.724609 1.736328 1.755859 1.791016 1.837891 1.884766 1.916016 1.935547 1.939453 1.939453 1.939453 1.935547 1.931641 1.931641 1.927734 1.931641 1.931641 1.931641 1.931641 1.927734 1.919922 1.880859 1.759766 1.568359 1.458984 1.427734 1.419922 1.427734 1.435547 1.439453 1.447266 1.451172 1.462891
1.748047 1.755859 1.767578 1.779297 1.791016 1.802734 1.814453 1.830078 1.841797 1.849609 1.861328 1.873047 1.880859 1.880859 1.884766 1.880859 1.876953 1.873047 1.873047 1.869141 1.861328 1.853516 1.841797 1.833984 1.830078 1.822266 1.818359 1.814453 1.814453 1.818359 1.826172 1.841797 1.865234 1.896484 1.923828 1.939453 1.947266 1.947266 1.947266 1.947266 1.943359 1.939453 1.939453 1.935547 1.939453 1.939453 1.939453 1.935547 1.927734 1.912109 1.853516 1.708984 1.517578 1.443359 1.416016 1.419922 1.427734 1.443359 1.455078 1.462891 1.462891 1.474609
1.802734 1.810547 1.822266 1.833984 1.845703 1.853516 1.865234 1.873047 1.880859 1.892578 1.900391 1.908203 1.916016 1.923828 1.919922 1.916016 1.912109 1.912109 1.912109 1.916016 1.908203 1.896484 1.888672 1.880859 1.880859 1.884766 1.880859 1.880859 1.884766 1.888672 1.892578 1.900391 1.916016 1.931641 1.943359 1.951172 1.951172 1.951172 1.947266 1.947266 1.947266 1.947266 1.943359 1.947266 1.947266 1.947266 1.943359 1.939453 1.931641 1.908203 1.837891 1.681641 1.517578 1.455078 1.423828 1.423828 1.439453 1.458984 1.474609 1.486328 1.486328 1.486328
1.841797 1.853516 1.861328 1.873047 1.876953 1.884766 1.892578 1.900391 1.904297 1.912109 1.919922 1.923828 1.927734 1.931641 1.927734 1.923828 1.919922 1.919922 1.919922 1.919922 1.916016 1.912109 1.908203 1.904297 1.904297 1.912109 1.916016 1.923828 1.927734 1.931641 1.935547 1.943359 1.947266 1.951172 1.955078 1.955078 1.951172 1.951172 1.947266 1.947266 1.947266 1.947266 1.951172 1.951172 1.951172 1.951172 1.947266 1.943359 1.931641 1.900391 1.822266 1.681641 1.544922 1.482422 1.447266 1.431641 1.439453 1.462891 1.486328 1.498047 1.505859 1.505859
1.869141 1.880859 1.888672 1.896484 1.900391 1.904297 1.912109 1.916016 1.919922 1.923828 1.923828 1.923828 1.919922 1.916016 1.912109 1.912109 1.908203 1.904297 1.900391 1.900391 1.900391 1.896484 1.896484 1.896484 1.904297 1.916016 1.931641 1.943359 1.951172 1.958984 1.962891 1.966797 1.962891 1.962891 1.958984 1.958984 1.951172 1.947266 1.943359 1.943359 1.947266 1.951172 1.951172 1.955078 1.955078 1.955078 1.951172 1.939453 1.927734 1.896484 1.814453 1.689453 1.572266 1.513672 1.474609 1.447266 1.435547 1.451172 1.478516 1.494141 1.505859 1.509766
1.888672 1.896484 1.900391 1.908203 1.912109 1.916016 1.916016 1.916016 1.919922 1.919922 1.916016 1.908203 1.900391 1.892578 1.884766 1.880859 1.876953 1.873047 1.869141 1.865234 1.865234 1.869141 1.869141 1.876953 1.892578 1.908203 1.931641 1.947266 1.962891 1.970703 1.974609 1.974609 1.970703 1.966797 1.962891 1.955078 1.951172 1.943359 1.939453 1.939453 1.943359 1.947266 1.947266 1.951172 1.955078 1.951172 1.943359 1.935547 1.923828 1.892578 1.810547 1.701172 1.595703 1.544922 1.509766 1.478516 1.458984 1.455078 1.466797 1.486328 1.505859 1.513672
1.896484 1.900391 1.904297 1.908203 1.912109 1.912109 1.908203 1.908203 1.904297 1.896484 1.892578 1.880859 1.873047 1.861328 1.849609 1.841797 1.837891 1.833984 1.830078 1.830078 1.826172 1.830078 1.837891 1.853516 1.873047 1.900391 1.927734 1.951172 1.966797 1.974609 1.978516 1.974609 1.970703 1.962891 1.958984 1.955078 1.947266 1.939453 1.935547 1.935547 1.939453 1.943359 1.943359 1.943359 1.947266 1.943359 1.939453 1.931641 1.919922 1.884766 1.810547 1.705078 1.615234 1.564453 1.541016 1.517578 1.501953 1.494141 1.494141 1.501953 1.517578 1.533203
1.896484 1.896484 1.900391 1.896484 1.896484 1.896484 1.892578 1.884766 1.876953 1.869141 1.857422 1.845703 1.833984 1.818359 1.806641 1.794922 1.787109 1.783203 1.783203 1.783203 1.787109 1.791016 1.806641 1.830078 1.861328 1.892578 1.923828 1.947266 1.962891 1.970703 1.970703 1.966797 1.962891 1.958984 1.955078 1.951172 1.943359 1.939453 1.935547 1.931641 1.931641 1.935547 1.939453 1.939453 1.939453 1.935547 1.931641 1.919922 1.904297 1.873047 1.802734 1.705078 1.623047 1.576172 1.556641 1.544922 1.537109 1.537109 1.537109 1.544922 1.552734 1.564453
1.888672 1.888672 1.884766 1.884766 1.880859 1.873047 1.865234 1.857422 1.845703 1.830078 1.814453 1.802734 1.783203 1.771484 1.755859 1.744141 1.732422 1.732422 1.732422 1.736328 1.744141 1.755859 1.775391 1.810547 1.849609 1.888672 1.919922 1.939453 1.955078 1.958984 1.962891 1.958984 1.955078 1.951172 1.951172 1.947266 1.939453 1.935547 1.931641 1.927734 1.927734 1.931641 1.931641 1.927734 1.927734 1.919922 1.916016 1.904297 1.888672 1.853516 1.791016 1.708984 1.634766 1.587891 1.564453 1.556641 1.552734 1.556641 1.564453 1.572266 1.583984 1.595703
1.873047 1.873047 1.869141 1.865234 1.857422 1.845703 1.833984 1.822266 1.810547 1.794922 1.775391 1.755859 1.736328 1.716797 1.705078 1.693359 1.685547 1.685547 1.685547 1.693359 1.701172 1.720703 1.748047 1.787109 1.837891 1.880859 1.916016 1.931641 1.943359 1.947266 1.947266 1.947266 1.943359 1.943359 1.943359 1.939453 1.935547 1.931641 1.927734 1.923828 1.919922 1.919922 1.916016 1.916016 1.908203 1.904297 1.892578 1.880859 1.861328 1.833984 1.779297 1.712891 1.646484 1.591797 1.564453 1.556641 1.556641 1.564453 1.572266 1.583984 1.599609 1.611328
1.849609 1.845703 1.841797 1.837891 1.826172 1.814453 1.798828 1.787109 1.771484 1.755859 1.740234 1.720703 1.701172 1.681641 1.669922 1.666016 1.662109 1.658203 1.662109 1.669922 1.681641 1.708984 1.740234 1.787109 1.845703 1.884766 1.908203 1.919922 1.927734 1.931641 1.931641 1.931641 1.931641 1.931641 1.927734 1.927734 1.923828 1.919922 1.916016 1.912109 1.908203 1.908203 1.904297 1.892578 1.884766 1.873047 1.861328 1.845703 1.830078 1.802734 1.763672 1.708984 1.650391 1.591797 1.560547 1.548828 1.548828 1.556641 1.568359 1.580078 1.595703 1.611328
1.814453 1.810547 1.802734 1.794922 1.783203 1.771484 1.759766 1.748047 1.736328 1.724609 1.712891 1.697266 1.681641 1.669922 1.662109 1.658203 1.658203 1.662109 1.669922 1.681641 1.705078 1.744141 1.783203 1.833984 1.873047 1.896484 1.908203 1.912109 1.916016 1.916016 1.916016 1.912109 1.912109 1.912109 1.916016 1.912109 1.908203 1.904297 1.896484 1.892578 1.892578 1.884766 1.873047 1.861328 1.841797 1.830078 1.818359 1.810547 1.794922 1.775391 1.744141 1.697266 1.638672 1.587891 1.556641 1.541016 1.537109 1.541016 1.548828 1.564453 1.580078 1.595703
1.771484 1.767578 1.759766 1.751953 1.740234 1.728516 1.716797 1.705078 1.697266 1.693359 1.689453 1.681641 1.673828 1.669922 1.669922 1.669922 1.673828 1.681641 1.701172 1.724609 1.763672 1.806641 1.845703 1.876953 1.896484 1.904297 1.904297 1.904297 1.904297 1.904297 1.900391 1.900391 1.900391 1.900391 1.900391 1.896484 1.892578 1.888672 1.880859 1.876953 1.869141 1.853516 1.833984 1.806641 1.787109 1.771484 1.767578 1.763672 1.755859 1.744141 1.716797 1.681641 1.634766 1.591797 1.556641 1.541016 1.533203 1.533203 1.537109 1.548828 1.560547 1.576172
1.736328 1.728516 1.724609 1.716797 1.705078 1.693359 1.677734 1.673828 1.669922 1.669922 1.673828 1.673828 1.677734 1.681641 1.685547 1.697266 1.708984 1.728516 1.751953 1.787109 1.830078 1.865234 1.888672 1.900391 1.908203 1.908203 1.904297 1.900391 1.896484 1.892578 1.892578 1.888672 1.888672 1.888672 1.884766 1.884766 1.876953 1.873047 1.865234 1.857422 1.845703 1.818359 1.783203 1.751953 1.724609 1.712891 1.708984 1.712891 1.712891 1.708984 1.697266 1.669922 1.630859 1.595703 1.564453 1.544922 1.533203 1.529297 1.533203 1.541016 1.548828 1.560547
1.705078 1.701172 1.697266 1.689453 1.681641 1.673828 1.662109 1.658203 1.662109 1.669922 1.673828 1.681641 1.693359 1.701172 1.716797 1.736328 1.755859 1.783203 1.814453 1.845703 1.876953 1.900391 1.912109 1.916016 1.912109 1.908203 1.900391 1.892578 1.888672 1.884766 1.880859 1.880859 1.876953 1.876953 1.876953 1.873047 1.869141 1.861328 1.857422 1.845703 1.822266 1.787109 1.744141 1.701172 1.673828 1.658203 1.654297 1.666016 1.673828 1.681641 1.677734 1.662109 1.630859 1.599609 1.576172 1.556641 1.544922 1.537109 1.537109 1.541016 1.548828 1.556641
1.681641 1.677734 1.677734 1.673828 1.669922 1.666016 1.666016 1.666016 1.673828 1.681641 1.693359 1.708984 1.724609 1.740234 1.759766 1.783203 1.806641 1.837891 1.865234 1.892578 1.912109 1.919922 1.923828 1.923828 1.916016 1.908203 1.900391 1.892578 1.884766 1.876953 1.873047 1.869141 1.869141 1.869141 1.869141 1.865234 1.861328 1.853516 1.845703 1.833984 1.806641 1.759766 1.712891 1.666016 1.630859 1.607422 1.603516 1.615234 1.634766 1.650391 1.658203 1.650391 1.634766 1.611328 1.591797 1.576172 1.564453 1.552734 1.548828 1.548828 1.548828 1.552734
1.666016 1.666016 1.666016 1.666016 1.669922 1.669922 1.673828 1.681641 1.693359 1.708984 1.724609 1.740234 1.759766 1.783203 1.806641 1.830078 1.857422 1.880859 1.904297 1.919922 1.931641 1.935547 1.931641 1.927734 1.919922 1.912109 1.900391 1.888672 1.880859 1.873047 1.865234 1.861328 1.857422 1.857422 1.857422 1.853516 1.849609 1.845703 1.837891 1.822266 1.791016 1.740234 1.685547 1.638672 1.599609 1.576172 1.568359 1.576172 1.595703 1.619141 1.638672 1.646484 1.638672 1.623047 1.607422 1.595703 1.583984 1.572266 1.564453 1.564453 1.560547 1.560547
1.669922 1.666016 1.666016 1.669922 1.673828 1.681641 1.689453 1.705078 1.720703 1.736328 1.755859 1.775391 1.798828 1.818359 1.845703 1.869141 1.888672 1.908203 1.923828 1.931641 1.935547 1.935547 1.931641 1.923828 1.916016 1.908203 1.896484 1.884766 1.876953 1.865234 1.857422 1.853516 1.849609 1.849609 1.845703 1.841797 1.837891 1.833984 1.826172 1.814453 1.779297 1.728516 1.673828 1.623047 1.587891 1.560547 1.548828 1.552734 1.572266 1.591797 1.615234 1.634766 1.642578 1.634766 1.626953 1.619141 1.607422 1.595703 1.587891 1.580078 1.580078 1.576172
1.685547 1.685547 1.685547 1.689453 1.697266 1.705078 1.716797 1.728516 1.748047 1.767578 1.787109 1.806641 1.826172 1.845703 1.869141 1.884766 1.900391 1.912109 1.919922 1.927734 1.927734 1.923828 1.919922 1.916016 1.908203 1.896484 1.888672 1.876953 1.869141 1.857422 1.849609 1.845703 1.841797 1.837891 1.833984 1.830078 1.830078 1.822266 1.818359 1.806641 1.775391 1.728516 1.673828 1.626953 1.591797 1.564453 1.544922 1.544922 1.560547 1.580078 1.603516 1.626953 1.638672 1.646484 1.650391 1.646484 1.638672 1.626953 1.611328 1.599609 1.599609 1.599609
1.70141E+38 1.70141E+38 1.70141E+38 1.70141E+38 1.70141E+38 1.70141E+38 1.70141E+38 1.70141E+38 1.70141E+38 1.70141E+38 1.70141E+38 1.70141E+38 1.70141E+38 1.70141E+38 1.70141E+38 1.70141E+38 1.70141E+38 1.70141E+38 1.70141E+38 1.70141E+38 1.70141E+38 1.70141E+38 1.70141E+38 1.70141E+38 1.70141E+38 1.70141E+38 1.70141E+38 1.70141E+38 1.70141E+38 1.70141E+38 1.70141E+38 1.70141E+38 1.70141E+38 1.70141E+38 1.70141E+38 1.70141E+38 1.70141E+38 1.70141E+38 1.70141E+38 1.70141E+38 1.70141E+38 1.70141E+38 1.70141E+38 1.70141E+38 1.70141E+38 1.70141E+38 1.70141E+38 1.70141E+38 1.70141E+38 1.70141E+38 1.70141E+38 1.70141E+38 1.70141E+38 1.70141E+38 1.70141E+38 1.70141E+38 1.70141E+38 1.70141E+38 1.70141E+38 1.70141E+38 1.70141E+38 1.70141E+38
1.70141E+38 1.70141E+38 1.70141E+38 1.70141E+38 1.70141E+38 1.70141E+38 1.70141E+38 1.70141E+38 1.70141E+38 1.70141E+38 1.70141E+38 1.70141E+38 1.70141E+38 1.70141E+38 1.70141E+38 1.70141E+38 1.70141E+38 1.70141E+38 1.70141E+38 1.70141E+38 1.70141E+38 1.70141E+38 1.70141E+38 1.70141E+38 1.70141E+38 1.70141E+38 1.70141E+38 1.70141E+38 1.70141E+38 1.70141E+38 1.70141E+38 1.70141E+38 1.70141E+38 1.70141E+38 1.70141E+38 1.70141E+38 1.70141E+38 1.70141E+38 1.70141E+38 1.70141E+38 1.70141E+38 1.70141E+38 1.70141E+38 1.70141E+38 1.70141E+38 1.70141E+38 1.70141E+38 1.70141E+38 1.70141E+38 1.70141E+38 1.70141E+38 1.70141E+38 1.70141E+38 1.70141E+38 1.70141E+38 1.70141E+38 1.70141E+38 1.70141E+38 1.70141E+38 1.70141E+38 1.70141E+38 1.70141E+38
1.70141E+38 1.70141E+38 1.70141E+38 1.70141E+38 1.70141E+38 1.70141E+38 1.70141E+38 1.70141E+38 1.70141E+38 1.70141E+38 1.70141E+38 1.70141E+38 1.70141E+38 1.70141E+38 1.70141E+38 1.70141E+38 1.70141E+38 1.70141E+38 1.70141E+38 1.70141E+38 1.70141E+38 1.70141E+38 1.70141E+38 1.70141E+38 1.70141E+38 1.70141E+38 1.70141E+38 1.70141E+38 1.70141E+38 1.70141E+38 1.70141E+38 1.70141E+38 1.70141E+38 1.70141E+38 1.70141E+38 1.70141E+38 1.70141E+38 1.70141E+38 1.70141E+38 1.70141E+38 1.70141E+38 1.70141E+38 1.70141E+38 1.70141E+38 1.70141E+38 1.70141E+38 1.70141E+38 1.70141E+38 1.70141E+38 1.70141E+38 1.70141E+38 1.70141E+38 1.70141E+38 1.70141E+38 1.70141E+38 1.70141E+38 1.70141E+38 1.70141E+38 1.70141E+38 1.70141E+38 1.70141E+38 1.70141E+38
1.70141E+38 1.70141E+38 1.70141E+38 1.70141E+38 1.70141E+38 1.70141E+38 1.70141E+38 1.70141E+38 1.70141E+38 1.70141E+38 1.70141E+38 1.70141E+38 1.70141E+38 1.70141E+38 1.70141E+38 1.70141E+38 1.70141E+38 1.70141E+38 1.70141E+38 1.70141E+38 1.70141E+38 1.70141E+38 1.70141E+38 1.70141E+38 1.70141E+38 1.70141E+38 1.70141E+38 1.70141E+38 1.70141E+38 1.70141E+38 1.70141E+38 1.70141E+38 1.70141E+38 1.70141E+38 1.70141E+38 1.70141E+38 1.70141E+38 1.70141E+38 1.70141E+38 1.70141E+38 1.70141E+38 1.70141E+38 1.70141E+38 1.70141E+38 1.70141E+38 1.70141E+38 1.70141E+38 1.70141E+38 1.70141E+38 1.70141E+38 1.70141E+38 1.70141E+38 1.70141E+38 1.70141E+38 1.70141E+38 1.70141E+38 1.70141E+38 1.70141E+38 1.70141E+38 1.70141E+38 1.70141E+38 1.70141E+38
1.70141E+38 1.70141E+38 1.70141E+38 1.70141E+38 1.70141E+38 1.70141E+38 1.70141E+38 1.70141E+38 1.70141E+38 1.70141E+38 1.70141E+38 1.70141E+38 1.70141E+38 1.70141E+38 1.70141E+38 1.70141E+38 1.70141E+38 1.70141E+38 1.70141E+38 1.70141E+38 1.70141E+38 1.70141E+38 1.70141E+38 1.70141E+38 1.70141E+38 1.70141E+38 1.70141E+38 1.70141E+38 1.70141E+38 1.70141E+38 1.70141E+38 1.70141E+38 1.70141E+38 1.70141E+38 1.70141E+38 1.70141E+38 1.70141E+38 1.70141E+38 1.70141E+38 1.70141E+38 1.70141E+38 1.70141E+38 1.70141E+38 1.70141E+38 1.70141E+38 1.70141E+38 1.70141E+38 1.70141E+38 1.70141E+38 1.70141E+38 1.70141E+38 1.70141E+38 1.70141E+38 1.70141E+38 1.70141E+38 1.70141E+38 1.70141E+38 1.70141E+38 1.70141E+38 1.70141E+38 1.70141E+38 1.70141E+38
1.70141E+38 1.70141E+38 1.70141E+38 1.70141E+38 1.70141E+38 1.70141E+38 1.70141E+38 1.70141E+38 1.70141E+38 1.70141E+38 1.70141E+38 1.70141E+38 1.70141E+38 1.70141E+38 1.70141E+38 1.70141E+38 1.70141E+38 1.70141E+38 1.70141E+38 1.70141E+38 1.70141E+38 1.70141E+38 1.70141E+38 1.70141E+38 1.70141E+38 1.70141E+38 1.70141E+38 1.70141E+38 1.70141E+38 1.70141E+38 1.70141E+38 1.70141E+38 1.70141E+38 1.70141E+38 1.70141E+38 1.70141E+38 1.70141E+38 1.70141E+38 1.70141E+38 1.70141E+38 1.70141E+38 1.70141E+38 1.70141E+38 1.70141E+38 1.70141E+38 1.70141E+38 1.70141E+38 1.70141E+38 1.70141E+38 1.70141E+38 1.70141E+38 1.70141E+38 1.70141E+38 1.70141E+38 1.70141E+38 1.70141E+38 1.70141E+38 1.70141E+38 1.70141E+38 1.70141E+38 1.70141E+38 1.70141E+38
1.70141E+38 1.70141E+38 1.70141E+38 1.70141E+38 1.70141E+38 1.70141E+38 1.70141E+38 1.70141E+38 1.70141E+38 1.70141E+38 1.70141E+38 1.70141E+38 1.70141E+38 1.70141E+38 1.70141E+38 1.70141E+38 1.70141E+38 1.70141E+38 1.70141E+38 1.70141E+38 1.70141E+38 1.70141E+38 1.70141E+38 1.70141E+38 1.70141E+38 1.70141E+38 1.70141E+38 1.70141E+38 1.70141E+38 1.70141E+38 1.70141E+38 1.70141E+38 1.70141E+38 1.70141E+38 1.70141E+38 1.70141E+38 1.70141E+38 1.70141E+38 1.70141E+38 1.70141E+38 1.70141E+38 1.70141E+38 1.70141E+38 1.70141E+38 1.70141E+38 1.70141E+38 1.70141E+38 1.70141E+38 1.70141E+38 1.70141E+38 1.70141E+38 1.70141E+38 1.70141E+38 1.70141E+38 1.70141E+38 1.70141E+38 1.70141E+38 1.70141E+38 1.70141E+38 1.70141E+38 1.70141E+38 1.70141E+38
1.70141E+38 1.70141E+38 1.70141E+38 1.70141E+38 1.70141E+38 1.70141E+38 1.70141E+38 1.70141E+38 1.70141E+38 1.70141E+38 1.70141E+38 1.70141E+38 1.70141E+38 1.70141E+38 1.70141E+38 1.70141E+38 1.70141E+38 1.70141E+38 1.70141E+38 1.70141E+38 1.70141E+38 1.70141E+38 1.70141E+38 1.70141E+38 1.70141E+38 1.70141E+38 1.70141E+38 1.70141E+38 1.70141E+38 1.70141E+38 1.70141E+38 1.70141E+38 1.70141E+38 1.70141E+38 1.70141E+38 1.70141E+38 1.70141E+38 1.70141E+38 1.70141E+38 1.70141E+38 1.70141E+38 1.70141E+38 1.70141E+38 1.70141E+38 1.70141E+38 1.70141E+38 1.70141E+38 1.70141E+38 1.70141E+38 1.70141E+38 1.70141E+38 1.70141E+38 1.70141E+38 1.70141E+38 1.70141E+38 1.70141E+38 1.70141E+38 1.70141E+38 1.70141E+38 1.70141E+38 1.70141E+38 1.70141E+38
