py_wake/examples/data/AJ_ParqueFicticio/Ridge area   Sector 12   Height 30m   Orographic speed.grd
DSAA
90  129
 262878   265103
 6504214   6507414
 .1633534   1.359788
[rows 81 to 107 of 129, columns 0 to 61 of 90]
.8933801 .9028713 .9128271 .9217589 .9307312 .9404254 .9510792 .9637623 .9796936 .9950321 1.008318 1.019655 1.024709 1.023177 1.018895 1.015966 1.014928 1.012877 1.011155 1.0077 1.003832 1.004035 1.005745 1.007813 1.007588 1.004305 .9977255 .9899375 .9814301 .9728891 .96676 .9654883 .9726331 .9882721 1.009796 1.035131 1.061787 1.090391 1.118198 1.144028 1.165336 1.185762 1.202191 1.213338 1.221214 1.228385 1.232174 1.233093 1.219466 1.196428 1.168976 1.136025 1.102755 1.071036 1.045424 1.028389 1.02054 1.018412 1.02068 1.025488 1.026726 1.02345
.9372279 .9512809 .9637254 .9740166 .9845654 .9945976 1.005269 1.016615 1.028043 1.040054 1.053455 1.066464 1.075068 1.07625 1.072703 1.069459 1.066141 1.064809 1.065724 1.064523 1.059658 1.055679 1.053267 1.054009 1.054951 1.053386 1.047742 1.040595 1.032581 1.022966 1.015137 1.010368 1.012574 1.024851 1.04201 1.062557 1.08712 1.114693 1.142532 1.166143 1.186332 1.208002 1.223654 1.23145 1.238981 1.245498 1.249277 1.250598 1.235553 1.212079 1.182856 1.14599 1.107031 1.067593 1.031806 1.002656 .9831452 .9715559 .9688442 .9720653 .9717277 .9673068
.9732392 .9899673 1.004856 1.016821 1.025684 1.035164 1.045049 1.052609 1.060668 1.071409 1.082421 1.09271 1.103293 1.109641 1.107754 1.102843 1.098492 1.096802 1.098494 1.100986 1.095888 1.090567 1.086922 1.086888 1.08954 1.091246 1.087942 1.082905 1.077453 1.068649 1.059561 1.052525 1.051589 1.059733 1.072624 1.087812 1.109369 1.133829 1.159378 1.179279 1.198922 1.22074 1.237227 1.246375 1.255219 1.262545 1.267611 1.268746 1.257089 1.235276 1.205924 1.167626 1.124973 1.081454 1.038656 .9997306 .9699855 .9488003 .9370852 .9294136 .9188883 .9100181
1.000907 1.018673 1.034054 1.045897 1.054219 1.061844 1.068769 1.07465 1.080969 1.088529 1.095155 1.101069 1.107661 1.113349 1.114494 1.111886 1.10817 1.105327 1.104555 1.106426 1.104433 1.101148 1.098613 1.098505 1.101557 1.107399 1.110021 1.109826 1.109153 1.104446 1.098499 1.093544 1.091993 1.095284 1.103703 1.114896 1.12956 1.14927 1.169487 1.185478 1.203848 1.225779 1.245005 1.257095 1.26782 1.277651 1.285033 1.285951 1.278389 1.260557 1.233809 1.198885 1.157532 1.112705 1.066275 1.022525 .9862928 .9565971 .9319517 .9054718 .8786392 .8578492
1.02141 1.038439 1.052871 1.064469 1.073471 1.078882 1.083025 1.087678 1.092453 1.095776 1.096434 1.095152 1.093866 1.095137 1.097116 1.096914 1.09364 1.089921 1.086906 1.087138 1.087283 1.086097 1.085103 1.086558 1.091248 1.101033 1.110931 1.118971 1.125894 1.12804 1.130009 1.130701 1.130071 1.13005 1.134433 1.141583 1.149942 1.163812 1.17753 1.188622 1.203621 1.222851 1.243911 1.26142 1.27559 1.288507 1.297838 1.302024 1.299614 1.286509 1.264085 1.234134 1.19608 1.152203 1.104921 1.059869 1.021737 .9857633 .947726 .9024823 .8530109 .8097556
1.034547 1.048922 1.061453 1.072289 1.080727 1.084028 1.08445 1.084514 1.08549 1.08602 1.082503 1.076084 1.069593 1.066193 1.065258 1.066281 1.066741 1.064419 1.061013 1.059788 1.058877 1.058402 1.058635 1.062372 1.06896 1.081524 1.097544 1.113506 1.128856 1.139792 1.149249 1.156876 1.159561 1.159288 1.160728 1.162487 1.167879 1.176802 1.184836 1.191378 1.200932 1.213546 1.229443 1.247362 1.265603 1.282453 1.297524 1.308768 1.314417 1.308504 1.29248 1.268758 1.235472 1.19409 1.147833 1.103312 1.065688 1.025898 .9776263 .9182384 .8491768 .7815678
1.037013 1.04816 1.057336 1.065225 1.071288 1.072404 1.069871 1.065771 1.061496 1.058232 1.053691 1.046981 1.039723 1.033813 1.02956 1.027874 1.029475 1.031385 1.031517 1.030446 1.029144 1.027716 1.028793 1.035428 1.04376 1.057358 1.078418 1.100249 1.12133 1.139347 1.154789 1.167122 1.174636 1.177951 1.178509 1.178754 1.183104 1.18891 1.192435 1.194603 1.197626 1.203524 1.213751 1.227362 1.245221 1.26545 1.286066 1.304099 1.317883 1.321626 1.314124 1.297459 1.271157 1.235852 1.193777 1.151219 1.113679 1.0742 1.024785 .9629191 .8914148 .8151748
1.029235 1.037033 1.043277 1.047633 1.049904 1.049577 1.04581 1.039274 1.031528 1.023052 1.015991 1.008997 1.002659 .996601 .9911821 .9875328 .9874786 .9922687 .9979752 1.000695 1.001356 1.001964 1.003823 1.012641 1.023984 1.03869 1.061005 1.085409 1.110124 1.132602 1.152286 1.168293 1.179847 1.185707 1.187676 1.189214 1.19325 1.197726 1.198903 1.196368 1.192657 1.194168 1.200513 1.211064 1.226655 1.246497 1.268507 1.289475 1.308287 1.321493 1.323971 1.315974 1.298607 1.272543 1.238598 1.201243 1.165427 1.127813 1.081516 1.02536 .9631204 .8935782
1.015962 1.020907 1.025145 1.026479 1.023868 1.019974 1.015352 1.008122 .9991903 .9887148 .9793711 .9708564 .9631152 .9571608 .9530525 .9495952 .94824 .9556267 .9642873 .9712431 .9748824 .9782495 .9818575 .9922401 1.006742 1.023593 1.045565 1.071085 1.098375 1.123392 1.146305 1.166173 1.181821 1.189772 1.192992 1.196535 1.201107 1.205239 1.204484 1.197362 1.188118 1.183565 1.183857 1.187862 1.196894 1.214145 1.238352 1.263611 1.287946 1.307847 1.320704 1.323626 1.316354 1.300408 1.277338 1.249124 1.21812 1.183693 1.141515 1.090468 1.036776 .9788304
.9972723 .9998762 1.004351 1.004557 .9983614 .9907753 .9837378 .9771544 .9695088 .9609936 .952002 .9425548 .932805 .9257056 .9241189 .9248764 .9255351 .931348 .9401518 .9466092 .9519036 .9576623 .9625115 .9741296 .9918112 1.011427 1.034491 1.060713 1.088224 1.113778 1.137914 1.159956 1.178836 1.188786 1.192934 1.197528 1.203021 1.208277 1.206768 1.197537 1.180085 1.166256 1.162376 1.162677 1.167528 1.179694 1.201235 1.227948 1.256429 1.282879 1.303599 1.317105 1.320162 1.3134 1.300408 1.28308 1.261416 1.233996 1.198647 1.151798 1.100551 1.046785
.9666641 .9677141 .9709345 .9724929 .967552 .9601997 .9543067 .9506641 .9464441 .9419267 .9370667 .9304258 .9214383 .9143533 .914161 .9194874 .9234305 .9289231 .9369101 .9425854 .9474514 .9560583 .9603382 .9726442 .9912094 1.010024 1.03165 1.057071 1.081773 1.104146 1.126206 1.146404 1.164984 1.176744 1.1817 1.185937 1.190116 1.194723 1.195049 1.184635 1.167762 1.152003 1.142814 1.136789 1.135792 1.143989 1.162298 1.186968 1.214737 1.245346 1.272401 1.293973 1.305423 1.306555 1.301534 1.293556 1.282183 1.264944 1.240145 1.203574 1.157252 1.104787
.920266 .9233193 .9256137 .926109 .9251978 .9223998 .9198954 .9204683 .922204 .924845 .9263933 .9259415 .9239969 .9228161 .925745 .9316301 .9361177 .9432529 .9521556 .9577579 .9651642 .9756183 .9831299 .9949927 1.009712 1.024997 1.041611 1.06166 1.081318 1.098436 1.116268 1.131351 1.145146 1.156448 1.162998 1.168204 1.171633 1.173351 1.172489 1.164098 1.149053 1.131964 1.117804 1.107939 1.101313 1.105766 1.121154 1.144454 1.171461 1.2011 1.229478 1.254581 1.272235 1.279374 1.281046 1.281387 1.280097 1.273189 1.259423 1.237457 1.203121 1.158008
.8695086 .8760589 .8808267 .8843172 .8847751 .8847223 .8855907 .890946 .8983337 .9084165 .9180859 .9255828 .9308863 .9358342 .9434342 .9508178 .9561198 .964476 .9741206 .9830253 .9949446 1.005932 1.015916 1.026245 1.036432 1.048061 1.059914 1.072997 1.085346 1.097492 1.111209 1.121859 1.130735 1.138534 1.144281 1.150062 1.152879 1.153818 1.151685 1.142921 1.125871 1.108084 1.090011 1.076352 1.066577 1.066149 1.077305 1.099529 1.125842 1.154019 1.182908 1.209251 1.229399 1.240142 1.246489 1.252816 1.259571 1.263608 1.262746 1.256813 1.238271 1.204491
.8298277 .8378075 .8490484 .8574781 .8611391 .8609964 .8601496 .8676229 .8823052 .8966992 .9115199 .9263088 .9370956 .9473373 .9599269 .9705718 .979524 .9896194 .9994922 1.011191 1.023915 1.037009 1.04721 1.054826 1.062426 1.069427 1.076701 1.084304 1.090142 1.097799 1.107605 1.115258 1.119991 1.123061 1.125913 1.130406 1.132622 1.134095 1.132299 1.123891 1.107503 1.087001 1.0673 1.049697 1.034984 1.029891 1.036691 1.053765 1.077249 1.10476 1.13466 1.161635 1.181649 1.19294 1.200191 1.208728 1.221926 1.235738 1.24702 1.254651 1.253905 1.237317
.8031259 .8123202 .8269761 .840894 .8489291 .8521314 .8560365 .8651474 .8826746 .8985347 .9148921 .9337018 .948836 .9631196 .9787099 .9923469 1.004611 1.015935 1.027296 1.039026 1.051256 1.063448 1.07371 1.081343 1.087118 1.090695 1.093425 1.094809 1.094803 1.096906 1.100889 1.105038 1.108578 1.110294 1.112288 1.115562 1.119251 1.122405 1.121785 1.113389 1.096342 1.07647 1.054407 1.03104 1.009544 .9988243 1.000944 1.014235 1.03523 1.060794 1.088799 1.11473 1.1342 1.142635 1.148918 1.156211 1.171325 1.191575 1.21243 1.230979 1.243009 1.243045
.7819446 .7951922 .8117512 .8295838 .8419621 .8518676 .8614421 .8735154 .892998 .9100392 .9280165 .9472076 .9651332 .9828197 .9996676 1.0144 1.028156 1.04208 1.054897 1.066762 1.07799 1.089465 1.098997 1.105832 1.110267 1.112844 1.111608 1.106288 1.100865 1.096794 1.094194 1.093086 1.094247 1.094916 1.096852 1.100256 1.105395 1.111334 1.113224 1.108005 1.092785 1.071856 1.046806 1.018133 .9904642 .9728046 .9700162 .980202 .9979758 1.020082 1.044026 1.068488 1.087898 1.094056 1.096367 1.100551 1.113111 1.133606 1.158532 1.185291 1.207823 1.222308
.769394 .7851408 .8031905 .8224453 .8390693 .8539239 .8672015 .8834333 .9047707 .9241988 .944177 .9637218 .9823881 1.001118 1.018756 1.034454 1.049033 1.064089 1.078558 1.09137 1.102869 1.113994 1.122829 1.126563 1.128375 1.129931 1.12648 1.117937 1.108376 1.098006 1.088011 1.080573 1.076644 1.075107 1.076755 1.080721 1.088151 1.097966 1.105185 1.104948 1.092792 1.070752 1.042925 1.010363 .9766066 .952277 .9436981 .9489325 .9610581 .9798782 1.002596 1.026227 1.042296 1.045983 1.043462 1.042381 1.050169 1.065958 1.091576 1.125641 1.159179 1.188133
.7732795 .7873051 .8043466 .8217521 .8400641 .8571822 .8724533 .8927564 .9150816 .9360874 .9564988 .9768011 .9956667 1.01371 1.031484 1.048167 1.062861 1.077116 1.090721 1.103379 1.115628 1.126139 1.134155 1.136541 1.136706 1.136854 1.13286 1.123529 1.112616 1.098804 1.083986 1.071727 1.062783 1.057306 1.055928 1.058853 1.068522 1.082209 1.09512 1.100986 1.095322 1.07631 1.047807 1.012512 .9746955 .9425669 .9260696 .9245272 .9302917 .9450591 .9645179 .9858539 .9978122 .9973167 .9898307 .9815027 .9804078 .9874042 1.008264 1.049755 1.099155 1.146687
.7895051 .8038238 .819156 .8333598 .8511787 .8679724 .8833487 .9038356 .9257943 .9464483 .96609 .9853396 1.003864 1.020885 1.036594 1.051409 1.06504 1.077895 1.089314 1.099825 1.110327 1.119857 1.127701 1.130651 1.130884 1.131087 1.12914 1.121801 1.111545 1.096918 1.079473 1.063242 1.049703 1.039509 1.03458 1.036466 1.047888 1.065286 1.083294 1.096652 1.099769 1.087629 1.061973 1.026876 .9875515 .9505354 .9251599 .9135684 .9109322 .9167333 .9290345 .945173 .9552369 .9508207 .9375634 .9218157 .9095864 .9052965 .9170063 .9566889 1.018718 1.086035
1.70141E+38 1.70141E+38 1.70141E+38 1.70141E+38 1.70141E+38 1.70141E+38 1.70141E+38 1.70141E+38 1.70141E+38 1.70141E+38 1.70141E+38 1.70141E+38 1.70141E+38 1.70141E+38 1.70141E+38 1.70141E+38 1.70141E+38 1.70141E+38 1.70141E+38 1.70141E+38 1.70141E+38 1.70141E+38 1.70141E+38 1.70141E+38 1.70141E+38 1.70141E+38 1.70141E+38 1.70141E+38 1.70141E+38 1.70141E+38 1.70141E+38 1.70141E+38 1.70141E+38 1.70141E+38 1.70141E+38 1.70141E+38 1.70141E+38 1.70141E+38 1.70141E+38 1.70141E+38 1.70141E+38 1.70141E+38 1.70141E+38 1.70141E+38 1.70141E+38 1.70141E+38 1.70141E+38 1.70141E+38 1.70141E+38 1.70141E+38 1.70141E+38 1.70141E+38 1.70141E+38 1.70141E+38 1.70141E+38 1.70141E+38 1.70141E+38 1.70141E+38 1.70141E+38 1.70141E+38 1.70141E+38 1.70141E+38
1.70141E+38 1.70141E+38 1.70141E+38 1.70141E+38 1.70141E+38 1.70141E+38 1.70141E+38 1.70141E+38 1.70141E+38 1.70141E+38 1.70141E+38 1.70141E+38 1.70141E+38 1.70141E+38 1.70141E+38 1.70141E+38 1.70141E+38 1.70141E+38 1.70141E+38 1.70141E+38 1.70141E+38 1.70141E+38 1.70141E+38 1.70141E+38 1.70141E+38 1.70141E+38 1.70141E+38 1.70141E+38 1.70141E+38 1.70141E+38 1.70141E+38 1.70141E+38 1.70141E+38 1.70141E+38 1.70141E+38 1.70141E+38 1.70141E+38 1.70141E+38 1.70141E+38 1.70141E+38 1.70141E+38 1.70141E+38 1.70141E+38 1.70141E+38 1.70141E+38 1.70141E+38 1.70141E+38 1.70141E+38 1.70141E+38 1.70141E+38 1.70141E+38 1.70141E+38 1.70141E+38 1.70141E+38 1.70141E+38 1.70141E+38 1.70141E+38 1.70141E+38 1.70141E+38 1.70141E+38 1.70141E+38 1.70141E+38
1.70141E+38 1.70141E+38 1.70141E+38 1.70141E+38 1.70141E+38 1.70141E+38 1.70141E+38 1.70141E+38 1.70141E+38 1.70141E+38 1.70141E+38 1.70141E+38 1.70141E+38 1.70141E+38 1.70141E+38 1.70141E+38 1.70141E+38 1.70141E+38 1.70141E+38 1.70141E+38 1.70141E+38 1.70141E+38 1.70141E+38 1.70141E+38 1.70141E+38 1.70141E+38 1.70141E+38 1.70141E+38 1.70141E+38 1.70141E+38 1.70141E+38 1.70141E+38 1.70141E+38 1.70141E+38 1.70141E+38 1.70141E+38 1.70141E+38 1.70141E+38 1.70141E+38 1.70141E+38 1.70141E+38 1.70141E+38 1.70141E+38 1.70141E+38 1.70141E+38 1.70141E+38 1.70141E+38 1.70141E+38 1.70141E+38 1.70141E+38 1.70141E+38 1.70141E+38 1.70141E+38 1.70141E+38 1.70141E+38 1.70141E+38 1.70141E+38 1.70141E+38 1.70141E+38 1.70141E+38 1.70141E+38 1.70141E+38
1.70141E+38 1.70141E+38 1.70141E+38 1.70141E+38 1.70141E+38 1.70141E+38 1.70141E+38 1.70141E+38 1.70141E+38 1.70141E+38 1.70141E+38 1.70141E+38 1.70141E+38 1.70141E+38 1.70141E+38 1.70141E+38 1.70141E+38 1.70141E+38 1.70141E+38 1.70141E+38 1.70141E+38 1.70141E+38 1.70141E+38 1.70141E+38 1.70141E+38 1.70141E+38 1.70141E+38 1.70141E+38 1.70141E+38 1.70141E+38 1.70141E+38 1.70141E+38 1.70141E+38 1.70141E+38 1.70141E+38 1.70141E+38 1.70141E+38 1.70141E+38 1.70141E+38 1.70141E+38 1.70141E+38 1.70141E+38 1.70141E+38 1.70141E+38 1.70141E+38 1.70141E+38 1.70141E+38 1.70141E+38 1.70141E+38 1.70141E+38 1.70141E+38 1.70141E+38 1.70141E+38 1.70141E+38 1.70141E+38 1.70141E+38 1.70141E+38 1.70141E+38 1.70141E+38 1.70141E+38 1.70141E+38 1.70141E+38
1.70141E+38 1.70141E+38 1.70141E+38 1.70141E+38 1.70141E+38 1.70141E+38 1.70141E+38 1.70141E+38 1.70141E+38 1.70141E+38 1.70141E+38 1.70141E+38 1.70141E+38 1.70141E+38 1.70141E+38 1.70141E+38 1.70141E+38 1.70141E+38 1.70141E+38 1.70141E+38 1.70141E+38 1.70141E+38 1.70141E+38 1.70141E+38 1.70141E+38 1.70141E+38 1.70141E+38 1.70141E+38 1.70141E+38 1.70141E+38 1.70141E+38 1.70141E+38 1.70141E+38 1.70141E+38 1.70141E+38 1.70141E+38 1.70141E+38 1.70141E+38 1.70141E+38 1.70141E+38 1.70141E+38 1.70141E+38 1.70141E+38 1.70141E+38 1.70141E+38 1.70141E+38 1.70141E+38 1.70141E+38 1.70141E+38 1.70141E+38 1.70141E+38 1.70141E+38 1.70141E+38 1.70141E+38 1.70141E+38 1.70141E+38 1.70141E+38 1.70141E+38 1.70141E+38 1.70141E+38 1.70141E+38 1.70141E+38
1.70141E+38 1.70141E+38 1.70141E+38 1.70141E+38 1.70141E+38 1.70141E+38 1.70141E+38 1.70141E+38 1.70141E+38 1.70141E+38 1.70141E+38 1.70141E+38 1.70141E+38 1.70141E+38 1.70141E+38 1.70141E+38 1.70141E+38 1.70141E+38 1.70141E+38 1.70141E+38 1.70141E+38 1.70141E+38 1.70141E+38 1.70141E+38 1.70141E+38 1.70141E+38 1.70141E+38 1.70141E+38 1.70141E+38 1.70141E+38 1.70141E+38 1.70141E+38 1.70141E+38 1.70141E+38 1.70141E+38 1.70141E+38 1.70141E+38 1.70141E+38 1.70141E+38 1.70141E+38 1.70141E+38 1.70141E+38 1.70141E+38 1.70141E+38 1.70141E+38 1.70141E+38 1.70141E+38 1.70141E+38 1.70141E+38 1.70141E+38 1.70141E+38 1.70141E+38 1.70141E+38 1.70141E+38 1.70141E+38 1.70141E+38 1.70141E+38 1.70141E+38 1.70141E+38 1.70141E+38 1.70141E+38 1.70141E+38
1.70141E+38 1.70141E+38 1.70141E+38 1.70141E+38 1.70141E+38 1.70141E+38 1.70141E+38 1.70141E+38 1.70141E+38 1.70141E+38 1.70141E+38 1.70141E+38 1.70141E+38 1.70141E+38 1.70141E+38 1.70141E+38 1.70141E+38 1.70141E+38 1.70141E+38 1.70141E+38 1.70141E+38 1.70141E+38 1.70141E+38 1.70141E+38 1.70141E+38 1.70141E+38 1.70141E+38 1.70141E+38 1.70141E+38 1.70141E+38 1.70141E+38 1.70141E+38 1.70141E+38 1.70141E+38 1.70141E+38 1.70141E+38 1.70141E+38 1.70141E+38 1.70141E+38 1.70141E+38 1.70141E+38 1.70141E+38 1.70141E+38 1.70141E+38 1.70141E+38 1.70141E+38 1.70141E+38 1.70141E+38 1.70141E+38 1.70141E+38 1.70141E+38 1.70141E+38 1.70141E+38 1.70141E+38 1.70141E+38 1.70141E+38 1.70141E+38 1.70141E+38 1.70141E+38 1.70141E+38 1.70141E+38 1.70141E+38
1.70141E+38 1.70141E+38 1.70141E+38 1.70141E+38 1.70141E+38 1.70141E+38 1.70141E+38 1.70141E+38 1.70141E+38 1.70141E+38 1.70141E+38 1.70141E+38 1.70141E+38 1.70141E+38 1.70141E+38 1.70141E+38 1.70141E+38 1.70141E+38 1.70141E+38 1.70141E+38 1.70141E+38 1.70141E+38 1.70141E+38 1.70141E+38 1.70141E+38 1.70141E+38 1.70141E+38 1.70141E+38 1.70141E+38 1.70141E+38 1.70141E+38 1.70141E+38 1.70141E+38 1.70141E+38 1.70141E+38 1.70141E+38 1.70141E+38 1.70141E+38 1.70141E+38 1.70141E+38 1.70141E+38 1.70141E+38 1.70141E+38 1.70141E+38 1.70141E+38 1.70141E+38 1.70141E+38 1.70141E+38 1.70141E+38 1.70141E+38 1.70141E+38 1.70141E+38 1.70141E+38 1.70141E+38 1.70141E+38 1.70141E+38 1.70141E+38 1.70141E+38 1.70141E+38 1.70141E+38 1.70141E+38 1.70141E+38
