py_wake/examples/data/AJ_ParqueFicticio/Ridge area   Sector 2   Height 30m   Power density.grd
DSAA
90  129
 262878   265103
 6504214   6507414
 .4300563   128.6981
[rows 54 to 80 of 129, columns 0 to 61 of 90]
27.42193 25.69744 23.41862 20.61717 17.75728 14.59368 11.87941 9.805037 8.048326 6.897074 6.422316 6.189049 5.876463 5.167728 4.352293 3.779725 3.646589 3.965788 4.390121 4.956098 5.817538 6.755509 7.685845 8.533736 9.134308 9.221277 9.124948 9.443263 9.591876 9.954804 11.22071 12.91957 15.09501 17.93166 20.78156 24.0587 28.15603 32.84636 38.22237 44.13515 50.46252 57.19752 63.30426 69.12807 74.93722 78.72154 79.63197 78.96698 77.12658 74.5564 71.74494 68.3912 65.59729 63.9271 62.95904 63.7538 66.09679 69.64929 74.5742 80.84159 88.53304 96.61435
29.35668 28.24234 26.55179 24.17096 20.76585 17.4616 14.67762 12.45165 10.66206 9.473796 8.939205 9.030895 8.931988 7.957973 6.714932 5.710722 5.228666 5.132281 5.290382 5.712463 6.418656 7.317221 8.202803 9.076999 9.936185 10.46006 10.88724 11.32033 11.86811 12.83989 14.25146 16.41718 18.77601 21.08035 23.41183 26.33153 30.60964 35.33873 40.43686 46.06393 52.39801 59.14793 65.41307 71.43465 76.96435 79.9755 81.31676 81.01869 79.80009 77.45093 74.82325 72.06498 69.83369 68.84907 68.8342 70.07999 73.13637 77.41164 83.16689 89.89857 97.45504 104.7579
31.51475 31.08948 30.08963 27.83663 24.20456 20.84418 17.80665 15.40619 13.66209 12.53598 12.16937 12.36108 12.34568 11.36489 10.02389 8.642325 7.681526 7.071518 6.714979 6.672627 7.230457 8.033855 8.808601 9.826957 11.04717 12.15653 13.05861 13.90587 14.82134 16.21787 18.22801 20.78332 23.44647 25.7007 28.11713 31.21609 34.93397 39.23088 43.7335 49.20331 55.52186 62.11701 68.28223 74.39659 78.88925 81.56482 83.09241 83.11814 82.09103 80.67548 78.35081 76.00286 74.46193 73.96341 74.3372 76.23303 79.82225 84.66923 90.92978 98.01923 105.1773 111.8901
34.06628 33.97738 33.30508 31.30513 28.13377 24.53066 21.36411 19.11402 17.41443 16.28991 15.78158 16.22388 16.51577 15.84089 14.17576 12.28734 10.60322 9.434369 8.567454 8.260954 8.753098 9.538352 10.23625 11.19045 12.51167 13.94893 15.48178 16.89833 18.25945 20.28651 22.85556 25.81282 28.73644 31.55646 34.63094 37.84547 41.28621 44.77979 48.86362 54.01766 60.31158 66.51238 72.55511 77.88432 81.25375 83.92374 85.43317 85.45541 84.76192 84.00047 82.47155 80.70295 79.54969 79.44093 80.39449 82.61405 86.35883 91.43778 97.8401 105.0397 111.6586 117.058
36.33856 36.60719 36.12639 34.18816 31.54169 28.39221 25.45382 22.94173 21.18351 20.21441 19.94268 20.26698 20.55786 19.9744 18.36735 16.49831 14.63653 13.10889 11.66693 11.1094 11.52826 12.25693 13.0643 14.21521 15.81787 17.59529 19.24583 20.74643 22.60192 24.93904 28.02297 31.54088 35.00912 38.35842 41.76517 45.33222 48.74944 52.36301 56.48988 61.34608 66.96619 72.5845 77.88557 81.67367 84.48902 86.82205 88.38959 88.43407 87.90661 87.30057 86.45109 85.5448 84.8195 85.4781 86.95264 89.63507 93.26606 98.10909 104.0912 110.4164 115.4338 118.9116
38.65541 39.31426 39.24584 37.90995 35.5583 32.64183 29.8603 27.42962 25.62851 24.47915 24.16572 24.41748 24.64585 24.06528 22.46742 20.666 18.85261 17.10531 15.65119 15.01212 15.28244 15.80804 16.73994 18.25663 20.16463 22.1608 24.13593 25.97822 27.89531 30.27662 33.71149 37.94649 42.25041 46.03975 49.77515 53.62072 57.21859 61.00124 65.24763 69.92788 74.67074 79.46875 83.25808 85.94717 88.71495 91.15724 92.43445 92.41654 91.78398 90.97497 90.30588 89.88586 89.99259 90.93144 92.82791 95.78815 99.40881 103.4697 108.2044 112.6553 115.7986 117.1737
41.47063 42.47675 43.02979 42.32654 40.33315 37.6931 35.10503 32.83717 30.92157 29.38003 28.8356 28.96369 29.09922 28.47782 27.12302 25.65762 23.93778 22.07734 20.45896 19.4633 19.8299 20.48805 21.3709 23.13441 25.30823 27.50426 29.73936 31.80812 34.05795 36.67736 40.12532 45.11676 50.25668 54.40103 58.39936 62.39576 65.83598 69.54334 73.55163 77.37035 81.52688 85.14769 87.62922 90.00401 93.2032 95.69424 96.27489 95.90308 95.25063 94.08783 93.36152 93.23848 94.0904 95.51291 97.7573 100.4807 103.5527 106.5565 109.1366 111.9138 112.9798 112.4604
45.16594 46.25613 47.00647 46.81333 45.20066 42.96006 40.72643 38.6669 36.62741 34.83883 33.96621 33.67793 33.76745 33.51192 32.53993 31.09381 29.45013 27.66482 26.08563 25.22971 25.44638 26.1458 27.06059 28.87871 31.27952 33.65409 35.88478 38.16458 40.71436 43.53028 47.84856 52.53426 57.8741 62.14106 66.36187 69.97182 73.21482 76.82127 80.04384 83.27744 86.58658 89.01633 90.8063 92.97321 96.21172 97.76049 97.32257 96.72984 96.45037 96.00948 95.61899 96.01372 97.26528 98.91055 100.7813 102.865 104.782 106.142 106.8756 107.6059 106.9154 104.586
49.33273 50.3938 51.41656 52.09085 50.99388 49.25835 47.18138 45.06961 42.92525 41.04506 39.87614 39.26543 38.72192 37.93076 37.2455 36.11558 35.02312 33.75256 32.81483 32.37098 32.36399 33.34003 34.45473 36.25676 38.57393 41.02726 43.1445 45.12463 47.48957 51.02722 55.37786 60.04894 64.40038 68.78166 72.73111 75.94688 79.10222 82.09219 84.6357 87.37836 89.87104 91.55932 92.96609 94.95214 97.48597 97.95813 96.86782 96.29932 96.39059 97.11843 97.54156 98.37117 99.54596 100.9784 102.4529 103.6615 104.2493 103.9973 103.1498 101.0293 98.23566 94.10987
53.21563 54.56866 56.27158 57.02478 56.08052 54.46754 52.57586 50.63969 48.53531 46.48298 44.67812 43.17348 42.20354 41.75769 41.78462 41.54396 40.76833 39.98039 39.49706 39.79479 40.50369 41.45218 42.88399 44.6002 47.0083 48.82195 50.18679 51.92459 54.283 58.20771 62.54205 66.73923 70.26854 74.4034 77.88834 80.70294 83.33712 85.74084 87.75272 89.7422 91.36953 92.6697 94.05461 95.84071 97.37872 97.1265 96.21953 95.83237 96.23814 97.41656 99.07739 100.3529 101.4046 102.4116 103.4286 103.8025 103.094 101.4925 99.20524 95.50256 89.78577 83.99538
55.5685 57.144 58.85863 58.89762 57.63681 56.07338 54.50384 52.86449 51.1067 49.24878 47.48647 45.99448 44.91581 44.65236 45.10197 45.27301 44.45796 44.07501 44.58156 46.42049 47.48992 48.09488 49.34867 51.72995 54.00394 54.93455 55.9192 57.81319 60.52625 64.4758 68.59026 72.0857 75.21031 78.79229 81.6948 83.96015 86.12489 87.61571 88.72492 90.01582 91.17611 92.16891 93.06239 94.48158 95.70901 95.74844 95.16273 95.12335 95.88425 97.5793 99.75534 101.9525 102.7669 103.2938 103.8027 103.3704 101.8569 98.78531 95.35534 90.60368 83.93677 76.75
55.87014 57.44468 59.05848 59.23574 58.13529 57.01274 55.67986 54.13204 52.35664 50.38181 48.43476 46.49811 44.95871 44.47187 44.96942 45.39483 45.49572 45.69543 46.66033 48.69658 50.13696 51.1346 52.73775 55.4129 57.34999 58.53299 59.6941 61.55084 65.23666 68.85571 72.24478 75.0667 77.98457 80.703 82.78261 84.62888 85.81506 86.35801 86.8289 87.63315 88.72466 89.44247 90.25325 91.43449 92.97336 93.82922 94.07855 94.48779 95.77142 97.56995 100.2079 102.6033 103.6058 103.4188 103.1701 102.545 100.0013 96.27167 92.04072 86.89037 80.08332 72.95046
54.79512 56.20729 57.36137 58.19156 57.32354 56.23135 54.90596 53.10966 50.84318 48.32623 45.80352 43.34858 41.55012 41.00255 41.7518 43.01021 43.48412 44.06639 45.06371 46.72069 48.51295 50.37663 52.5149 54.88231 57.03994 59.03186 60.93366 64.1894 67.79831 70.69366 73.42365 75.96837 78.34574 80.04269 81.48009 82.60667 82.7147 82.20551 82.30547 82.8989 83.69942 84.91676 86.36014 87.73436 89.43352 91.86193 93.36852 94.26429 95.66891 97.80456 100.3535 102.9873 103.5596 102.9189 102.288 101.5364 98.33308 94.03851 89.40886 83.91454 77.24095 70.28474
53.26181 53.93448 54.68051 55.2661 55.37623 54.5095 53.14181 50.7762 47.59144 44.1606 41.00453 38.24991 36.49701 36.21075 37.27314 39.35982 40.36313 40.65591 41.27407 42.82487 44.86764 46.70321 48.81367 51.37893 53.89434 56.02955 59.66684 64.03999 66.93199 69.32323 72.09444 74.75742 76.00896 76.71469 77.64961 78.07336 77.30145 76.19748 76.02917 76.7295 78.02151 79.82743 81.9762 84.18143 86.61009 89.59967 92.33511 94.28992 96.00811 98.15118 100.895 103.2971 103.6085 102.6749 101.7751 100.7761 96.99588 92.42274 87.17882 81.39205 74.79641 68.00475
53.36413 53.40268 52.86394 51.10775 50.62521 49.88247 48.13526 44.87353 40.65041 36.7231 33.60592 31.30255 30.11125 30.52664 31.86536 33.86728 35.70943 36.26458 36.65656 37.93143 39.97591 41.61183 43.40003 45.74834 48.08507 51.71548 55.82306 59.18982 61.59425 64.21986 67.05665 69.24196 69.97553 69.95606 70.4612 70.49014 69.61099 68.6215 68.33407 69.4291 71.75099 74.27659 77.38753 80.7662 84.03423 87.49604 91.22953 94.2705 96.71032 99.01956 101.6222 104.102 104.1086 102.6122 101.3147 99.88026 94.79796 89.47677 83.73011 77.93078 71.56743 65.31873
51.96274 51.62904 50.79251 48.50851 44.84245 41.66771 39.01621 35.46474 31.82657 28.68952 26.31248 24.68173 24.04675 24.36958 25.50837 27.23249 29.0876 30.18661 31.0994 32.01639 33.29654 35.05465 36.54105 38.06369 41.3138 45.35166 48.52728 50.55043 53.14499 55.68652 57.69771 59.30325 59.85027 59.47324 58.91552 58.58799 58.32402 58.20149 59.12391 61.11945 64.47069 68.08395 72.31953 77.23581 81.48604 85.61495 90.03136 94.52074 97.66134 100.2041 102.9195 104.9094 104.312 102.0524 99.89227 97.02129 90.46094 84.55941 78.61831 72.95441 67.30171 62.12733
48.83153 47.8725 46.51559 43.50554 38.93141 33.82667 30.33603 27.05313 24.05241 21.64147 19.95461 18.85711 18.2807 18.45003 19.44014 20.83611 22.17735 23.25361 24.40354 25.48795 26.29197 27.55517 28.96396 31.05949 33.955 36.49313 38.89255 40.45282 42.28263 43.67844 45.13183 46.15726 46.3708 45.63184 45.05766 44.41772 44.17148 44.97176 47.30681 51.77694 56.58908 61.56446 67.20947 73.57359 79.77892 84.63495 89.58974 94.83344 99.07571 101.9866 104.3415 105.8026 104.3861 101.1977 98.01465 93.5901 86.28294 79.90022 73.71764 68.18489 63.22604 58.87635
44.32181 42.98057 41.23898 37.94334 32.90938 27.31544 23.20112 20.25842 17.72043 15.79726 14.6783 13.85472 13.28143 13.64117 14.51092 15.62573 16.42453 17.24539 18.11391 18.9387 19.79291 20.74567 22.33552 23.9083 25.5839 26.95878 28.11187 29.05044 30.17549 31.20229 32.2308 33.01657 33.20848 32.99649 32.75163 32.41224 32.62118 32.96218 34.70418 41.16547 49.54329 56.02779 62.86625 70.36593 78.20716 84.23685 89.85638 95.68939 100.7988 103.8702 105.7196 105.8613 103.3113 99.35263 95.15793 89.4286 82.21045 75.76273 69.69277 64.36529 59.68127 55.7945
39.16138 37.12059 34.98977 31.35676 26.02736 20.43383 17.02599 14.51475 12.56985 11.30317 10.4953 9.972333 9.62754 9.815474 10.52663 11.26011 11.84618 12.4034 12.94399 13.40597 14.27374 15.51075 16.38102 16.81147 17.27652 17.73023 18.23288 18.60806 19.23358 19.90994 20.80492 21.87904 22.52149 22.78786 22.73249 23.15191 24.86522 26.02235 27.38439 33.53935 44.21458 52.80428 60.4387 68.67631 77.57284 84.95647 90.74279 96.50359 101.2154 103.6388 104.2196 102.8963 99.99883 96.1618 91.58491 85.15858 78.53912 72.03701 66.08109 60.82012 56.34609 52.57258
32.51533 30.12832 27.516 23.73022 18.92225 14.79586 12.3599 10.36706 8.876643 7.995021 7.608763 7.415205 7.158133 7.177837 7.455825 7.914849 8.24354 8.656663 8.987165 9.441748 10.0191 10.44205 10.61467 10.40855 9.986995 9.660567 9.583025 9.659763 10.0957 10.66207 11.55402 12.49183 13.8249 15.04259 15.6428 16.9888 19.73763 22.4086 25.79221 32.01763 43.02772 52.62445 60.99543 69.51216 78.77383 86.81175 92.13825 97.25648 100.9032 102.1197 101.7454 100.0595 97.17009 93.39804 88.11743 81.67715 75.25913 68.58265 62.77151 57.61337 53.32586 49.67062
25.56079 23.2145 20.55984 17.0645 13.26299 10.64029 8.779998 7.260642 6.259005 5.662487 5.274143 5.134135 5.154141 5.339127 5.550861 5.621772 5.837451 6.069284 6.170197 6.476357 6.956562 6.812963 6.219582 5.984143 5.587348 4.973747 4.225113 3.599793 3.140172 3.313597 4.146685 4.914042 6.369617 8.431078 10.22513 12.46128 15.91546 20.40314 25.84295 33.27406 44.48675 54.47483 63.43212 72.17046 81.44295 89.20771 94.00228 98.35416 100.9401 101.1965 100.2057 98.3321 95.32423 90.74192 84.84277 78.33671 71.69166 65.15673 59.44865 54.50846 50.32608 46.87481
20.29187 17.87243 15.16827 12.25929 9.23454 7.497773 6.014521 5.079214 4.829851 4.623424 4.386755 4.164538 3.924123 3.968569 4.403993 4.603981 4.507848 4.625713 4.915881 5.269028 5.558499 5.318634 4.688724 4.063097 3.715772 3.331942 2.625472 1.821694 1.239966 1.090593 1.101004 1.137111 1.62564 3.092963 5.914015 9.339135 14.13403 20.34424 27.19522 36.02161 47.60732 57.76455 66.65904 75.46909 84.66454 91.91643 96.21797 99.79543 101.3515 100.844 99.45181 97.02991 93.19977 87.35607 80.84209 74.40405 67.6384 61.25979 55.84708 51.27179 47.43766 44.13662
16.5741 14.41574 11.94461 9.453391 7.291424 5.934193 4.83171 4.353997 4.551513 4.529372 4.418641 4.248171 4.036229 4.033975 4.470549 4.649731 4.472555 4.479815 4.834724 5.258911 5.362961 4.99168 4.333204 3.630099 3.176023 2.799775 2.135782 1.374977 .7978073 .5836079 .550754 .5359477 .7527446 1.743877 3.882443 8.705765 15.31141 23.50151 31.81567 41.92306 53.18611 62.72864 71.45549 79.98284 88.85052 94.91415 98.75481 101.323 101.5705 100.5739 98.34813 94.78018 89.025 82.21679 75.55125 69.14456 62.57182 56.81005 52.02676 47.95242 44.32646 41.45793
13.43805 11.62634 9.69475 7.776408 6.380789 5.67349 5.270901 5.301421 5.587366 5.629988 5.578316 5.423226 5.611113 5.841956 5.978907 6.057718 5.873816 5.789067 5.80715 5.94093 5.909311 5.54752 4.983959 4.35627 3.785872 3.225935 2.48762 1.685393 1.048993 .7337866 .6016235 .5731733 .8292531 1.758821 4.51862 10.6744 19.22431 29.74235 40.20309 50.98983 60.79168 69.50573 77.45551 85.42277 93.47892 98.22205 101.1461 102.4849 101.8855 99.90871 95.79816 89.51339 82.40809 75.48955 68.90116 62.70469 57.07814 52.14968 47.86854 44.28674 41.62107 39.65294
11.04489 9.283549 7.851211 6.891091 6.312613 6.177876 6.323112 7.050968 7.633391 7.751577 7.896359 8.412615 8.740596 8.934115 8.913683 8.926915 8.828048 8.368466 7.96807 7.717462 7.492728 7.054485 6.548246 6.124181 5.608624 4.753935 3.757252 2.800855 2.014675 1.438092 1.103896 1.048162 1.473089 3.215901 8.358219 16.36897 27.0561 39.03751 50.42296 60.25787 68.57021 76.65395 84.27915 91.81223 98.4538 101.483 103.3073 103.4221 101.6944 98.06448 90.79091 82.9498 75.46599 68.41957 62.19818 56.60905 51.90031 47.85238 44.20835 41.40051 39.68378 38.43769
10.32961 8.575516 7.453322 7.493105 7.598157 7.749934 8.372091 9.811321 10.84855 11.48992 12.22135 12.77679 13.1788 13.48584 13.6293 13.40047 12.87851 12.16915 11.56376 11.04103 10.46069 9.786745 9.300257 9.010511 8.463148 7.373162 6.121528 5.035676 3.940792 2.921402 2.373439 3.444952 5.007409 8.623434 15.86879 26.13392 38.06672 49.87772 60.18704 68.5213 76.32378 83.71087 91.14012 98.16341 102.8357 104.5566 105.024 103.8621 101.1634 94.63593 85.91669 77.14994 69.09839 62.20737 56.26137 51.37867 47.33679 43.90121 41.04519 38.66236 37.54125 36.90186
12.0369 10.7175 10.27285 10.74298 11.07897 11.7672 13.11554 14.69496 16.20797 17.4481 18.38728 19.14456 19.81539 20.33357 20.04664 19.39484 18.47175 17.44188 16.70193 15.90777 15.17478 14.4196 13.93053 13.46997 12.81997 11.80343 10.49766 9.151525 7.858241 7.813604 8.522881 9.934068 12.14165 17.41644 26.69071 38.24854 49.80294 60.06535 68.88608 76.61658 83.99709 91.22788 98.32043 103.8508 106.4049 106.9467 106.2511 103.9329 100.1557 91.45576 82.24762 72.94603 64.53889 57.3486 51.40824 46.71325 43.19352 40.30851 37.99417 36.01739 34.78845 34.43385
