py_wake/examples/data/AJ_ParqueFicticio/Ridge area   Sector 12   Height 30m   Mean speed.grd
DSAA
90  129
 262878   265103
 6504214   6507414
 .2675334   6.021874
[rows 81 to 107 of 129, columns 0 to 61 of 90]
3.800186 3.839089 3.882187 3.92285 3.965963 4.013239 4.063873 4.122423 4.194055 4.262644 4.322141 4.372573 4.394795 4.388486 4.37068 4.357634 4.351191 4.338658 4.327504 4.310482 4.293012 4.291833 4.294439 4.296044 4.286461 4.264676 4.230914 4.19491 4.159649 4.127481 4.107036 4.108897 4.148793 4.225401 4.326321 4.441429 4.560124 4.685699 4.805785 4.916826 5.008426 5.096241 5.166873 5.214807 5.246195 5.273357 5.285721 5.285284 5.222708 5.121134 5.000124 4.855669 4.710959 2.659381 2.370745 2.428472 2.541333 2.666949 2.797614 2.898927 2.943534 2.930803
4.009064 4.069621 4.124642 4.171984 4.221747 4.269083 4.318617 4.367613 4.416741 4.468764 4.541459 4.606258 4.641451 4.646383 4.644442 4.63447 4.613399 4.583446 4.572765 4.565718 4.543593 4.52363 4.508881 4.506295 4.503861 4.491457 4.463014 4.429949 4.396059 4.358112 4.329651 4.315949 4.333824 4.394759 4.475249 4.566569 4.672163 4.790691 4.910365 5.011864 5.098659 5.191821 5.259114 5.292649 5.325034 5.348154 5.358903 5.358184 5.288461 5.18424 5.055557 4.897145 4.728038 4.55683 2.364167 2.397399 2.477913 2.56545 2.653865 2.726577 2.76807 2.782214
4.17982 4.252708 4.316939 4.36837 4.406479 4.464493 4.532541 4.592677 4.651621 4.712982 4.771841 4.825887 4.868317 4.885253 4.877839 4.856852 4.831897 4.806949 4.782201 4.746848 4.70426 4.678823 4.660164 4.656228 4.662812 4.665121 4.647042 4.623235 4.599555 4.564074 4.529243 4.505497 4.509739 4.552461 4.609801 4.675105 4.767783 4.872935 4.982763 5.068319 5.152765 5.246563 5.317445 5.356783 5.394819 5.421889 5.436312 5.432599 5.37525 5.276873 5.147685 4.984541 4.801976 4.616038 4.433137 4.266364 4.137614 4.044348 2.620218 2.671549 2.702814 2.724584
4.389349 4.459245 4.520762 4.574931 4.619636 4.66777 4.718232 4.764639 4.807814 4.847027 4.88179 4.912861 4.935885 4.948843 4.949121 4.932261 4.90579 4.873778 4.836784 4.806924 4.775989 4.745552 4.715667 4.710494 4.720314 4.741472 4.749501 4.746659 4.743289 4.725031 4.7035 4.688856 4.690259 4.707159 4.743372 4.791507 4.854553 4.939291 5.026203 5.094953 5.173934 5.268215 5.350868 5.402852 5.448968 5.486694 5.508703 5.501493 5.458773 5.375914 5.259955 5.110505 4.935451 4.746428 4.550243 4.364868 4.210495 4.083087 3.977109 3.864287 3.751091 3.66451
4.554442 4.618974 4.675532 4.724933 4.764204 4.798512 4.83412 4.869005 4.895789 4.908359 4.91062 4.90135 4.882308 4.869784 4.865613 4.852865 4.82285 4.78149 4.734148 4.699076 4.67965 4.663576 4.654429 4.65962 4.678511 4.718558 4.759419 4.792971 4.822784 4.834397 4.847097 4.856187 4.856629 4.856574 4.875438 4.906199 4.942151 5.001783 5.060766 5.108465 5.172951 5.255624 5.346158 5.42143 5.482356 5.532508 5.559744 5.562847 5.53972 5.477966 5.378378 5.250515 5.090775 4.907929 4.710367 4.521721 4.361223 4.209172 4.048505 3.858431 3.651399 3.470397
4.654801 4.707179 4.755302 4.797202 4.830355 4.853213 4.867483 4.874631 4.873484 4.860694 4.832452 4.790611 4.744435 4.70957 4.689351 4.673878 4.650831 4.608886 4.554432 4.544946 4.538703 4.535797 4.53703 4.554037 4.58391 4.638583 4.70801 4.77728 4.844283 4.894129 4.938977 4.971793 4.98337 4.98223 4.988447 4.996037 5.019236 5.057606 5.092164 5.120303 5.161388 5.215623 5.283967 5.361002 5.439424 5.502995 5.550651 5.581563 5.593647 5.559117 5.48637 5.384959 5.246111 5.075559 4.884954 4.701435 4.544989 4.378331 4.175913 3.958826 3.714858 3.464248
4.688433 4.723935 4.752378 4.774837 4.792047 4.797921 4.788918 4.768516 4.737614 4.700535 4.659902 4.609964 4.556182 4.504629 4.462981 4.426641 4.416883 4.420267 4.41706 4.409424 4.402537 4.397021 4.404308 4.436553 4.476944 4.538806 4.632261 4.72829 4.818923 4.89639 4.962794 5.015832 5.04816 5.062434 5.064862 5.065943 5.084662 5.109642 5.124816 5.134161 5.147173 5.172543 5.216518 5.275037 5.351818 5.42788 5.497777 5.555647 5.599382 5.60233 5.563482 5.490616 5.381493 5.238566 5.068868 4.896897 4.74271 4.578417 4.417586 4.225549 3.978742 3.695453
4.656298 4.67243 4.680488 4.680737 4.67734 4.670819 4.648379 4.607238 4.551583 4.482455 4.420967 4.359862 4.308101 4.280807 4.250825 4.228761 4.222706 4.238433 4.260085 4.270615 4.274388 4.280632 4.294443 4.338984 4.394807 4.463503 4.559612 4.664525 4.770771 4.867411 4.952041 5.020866 5.070552 5.095768 5.104255 5.11089 5.128263 5.147526 5.15261 5.141737 5.12581 5.132324 5.159616 5.204988 5.27202 5.345546 5.419569 5.489231 5.54786 5.586441 5.587941 5.551146 5.480881 5.378805 5.245718 5.097693 4.952143 4.802384 4.674522 4.504675 4.295631 4.041831
4.586669 4.584767 4.575095 4.554422 4.526366 4.49669 4.459627 4.401475 4.32983 4.248103 4.207985 4.168941 4.127742 4.093935 4.068535 4.047132 4.035942 4.064936 4.101806 4.133758 4.153472 4.175049 4.199739 4.253461 4.324275 4.398806 4.493263 4.602971 4.720285 4.827835 4.92634 5.011756 5.079035 5.113233 5.127096 5.14235 5.162027 5.179809 5.176589 5.146004 5.106295 5.086747 5.088027 5.105265 5.144105 5.203305 5.285961 5.369444 5.450703 5.516555 5.559504 5.568221 5.541246 5.482381 5.395379 5.286018 5.161255 5.033064 4.904601 4.749395 4.575742 4.372854
4.481517 4.462875 4.444268 4.410857 4.361748 4.30494 4.247232 4.198339 4.165554 4.127627 4.079915 4.029637 3.977723 3.937854 3.923488 3.92249 3.923329 3.947732 3.987725 4.019748 4.049242 4.084235 4.116996 4.177842 4.262198 4.346528 4.445681 4.558403 4.676669 4.786522 4.890277 4.985034 5.066205 5.108991 5.126843 5.146616 5.170247 5.19286 5.186396 5.146747 5.071763 5.012352 4.995699 4.99702 5.016786 5.054042 5.124296 5.213983 5.311074 5.40246 5.476681 5.528817 5.544771 5.523449 5.476975 5.411018 5.324618 5.213556 5.095469 4.952236 4.786587 4.60487
4.302306 4.270009 4.235641 4.200089 4.156869 4.125313 4.100136 4.084558 4.059507 4.030339 3.999441 3.961034 3.91273 3.87419 3.868395 3.89153 3.910099 3.935302 3.973969 4.004427 4.032825 4.081566 4.111664 4.1753 4.259617 4.340505 4.433476 4.542756 4.648951 4.745126 4.839958 4.92679 5.006667 5.057234 5.078559 5.096793 5.114779 5.134601 5.136025 5.091289 5.018795 4.951091 4.911624 4.885752 4.876394 4.896482 4.953464 5.035034 5.129378 5.23882 5.339046 5.423135 5.470732 5.478787 5.462956 5.434596 5.390834 5.321973 5.221082 5.083338 4.934025 4.763812
4.016833 3.981065 3.976597 3.978791 3.974907 3.963014 3.949636 3.94303 3.940738 3.942653 3.940568 3.930984 3.917524 3.909636 3.921547 3.94949 3.972128 4.006842 4.051033 4.081489 4.121215 4.176228 4.218032 4.275846 4.339134 4.404857 4.476287 4.562484 4.646993 4.720584 4.797249 4.862096 4.921409 4.970003 4.998181 5.02058 5.035337 5.042743 5.039058 5.00302 4.938384 4.864965 4.804128 4.761577 4.723595 4.727392 4.774102 4.851902 4.944886 5.050443 5.153884 5.247313 5.315886 5.346535 5.357822 5.363659 5.361314 5.334624 5.279121 5.191575 5.056888 4.884891
3.735432 3.763659 3.784219 3.799244 3.801328 3.793607 3.788959 3.80297 3.825863 3.862422 3.899009 3.928 3.950399 3.972612 4.00776 4.043347 4.070299 4.111607 4.159356 4.204096 4.262439 4.316978 4.365731 4.410152 4.453967 4.503976 4.554951 4.611203 4.6643 4.71653 4.775504 4.821298 4.85947 4.893013 4.917735 4.942603 4.954731 4.95879 4.949642 4.912004 4.838751 4.762327 4.68468 4.620157 4.567804 4.552653 4.583402 4.658456 4.750066 4.8495 4.953544 5.050227 5.12675 5.17026 5.199714 5.229758 5.259346 5.277008 5.2755 5.254386 5.185085 5.055333
3.565004 3.599365 3.647694 3.682539 3.690914 3.682432 3.670129 3.694047 3.751876 3.810595 3.872674 3.936872 3.985747 4.032821 4.090882 4.141056 4.184448 4.233228 4.281293 4.337326 4.397535 4.456347 4.500218 4.532983 4.565678 4.5958 4.627092 4.659796 4.684911 4.717846 4.760015 4.792925 4.813293 4.826512 4.83879 4.858122 4.867666 4.874017 4.866324 4.830211 4.759804 4.670559 4.581041 4.497948 4.426438 4.393744 4.408831 4.464289 4.544507 4.64074 4.748182 4.845567 4.919343 4.96529 4.998538 5.036778 5.092413 5.150642 5.199328 5.233294 5.234846 5.174417
3.450332 3.489877 3.552667 3.605529 3.633028 3.639996 3.651296 3.685775 3.758894 3.826561 3.897193 3.980455 4.048822 4.113893 4.185172 4.248219 4.305402 4.358567 4.411947 4.464945 4.517537 4.569967 4.614102 4.646944 4.671798 4.687201 4.698962 4.704937 4.704941 4.714007 4.731147 4.749 4.764241 4.771637 4.780227 4.79432 4.810195 4.823774 4.821133 4.785072 4.707579 4.615687 4.517054 4.411003 4.312233 4.257362 4.254297 4.295351 4.36675 4.456291 4.556349 4.64931 4.720819 4.754505 4.783412 4.81748 4.881819 4.966525 5.05353 5.130541 5.181311 5.184002
3.359354 3.416353 3.483797 3.554525 3.602491 3.641458 3.680603 3.730736 3.814403 3.888648 3.967618 4.052924 4.133425 4.213026 4.288987 4.355957 4.418123 4.478006 4.533117 4.584141 4.632427 4.681776 4.722777 4.752189 4.771281 4.782382 4.777104 4.75427 4.730991 4.71352 4.702368 4.697633 4.702646 4.705544 4.713884 4.728534 4.750644 4.77619 4.784338 4.75444 4.681086 4.586962 4.474644 4.347407 4.224481 4.142574 4.120965 4.151149 4.210962 4.287166 4.370523 4.457563 4.529074 4.55513 4.568845 4.591407 4.646258 4.731725 4.83323 4.940307 5.029935 5.088111
3.305487 3.373187 3.44652 3.525181 3.593593 3.656263 3.713483 3.783685 3.876857 3.962397 4.050651 4.137376 4.220613 4.301705 4.377592 4.445145 4.507849 4.572585 4.634797 4.689893 4.739345 4.78719 4.825194 4.841279 4.849096 4.855814 4.841012 4.804327 4.763264 4.718722 4.675793 4.643854 4.626988 4.620406 4.627506 4.644572 4.676528 4.718733 4.742726 4.729522 4.670249 4.569429 4.446071 4.304157 4.157756 4.050071 4.00656 4.018334 4.056537 4.120597 4.200733 4.286479 4.34506 4.361 4.355718 4.35819 4.395019 4.462208 4.566145 4.701299 4.833429 4.947668
3.322255 3.382537 3.453426 3.525735 3.603147 3.677155 3.744282 3.833397 3.931607 4.021975 4.10976 4.197083 4.278243 4.35587 4.43234 4.504098 4.567278 4.628572 4.68707 4.741504 4.79418 4.839389 4.873876 4.88416 4.884895 4.885563 4.868431 4.828353 4.781484 4.72215 4.658491 4.605832 4.567416 4.543897 4.537997 4.550588 4.592165 4.64942 4.689655 4.701612 4.666394 4.578614 4.453977 4.302579 4.141386 4.003492 3.92909 3.91453 3.928229 3.977826 4.046794 4.124536 4.167392 4.166929 4.142598 4.116892 4.11968 4.153829 4.241069 4.406571 4.600279 4.785221
3.391966 3.453507 3.519403 3.580453 3.657028 3.729212 3.7953 3.883347 3.977718 4.066539 4.151021 4.233828 4.313523 4.386759 4.454336 4.518035 4.576644 4.631923 4.681033 4.726237 4.771405 4.812398 4.846138 4.858844 4.859879 4.860778 4.852439 4.820928 4.776873 4.714038 4.639091 4.569359 4.511192 4.467407 4.446248 4.454376 4.503485 4.570147 4.629913 4.671704 4.672108 4.612846 4.500565 4.35149 4.186038 4.030103 3.921344 3.867657 3.849265 3.864459 3.905958 3.963677 3.999944 3.983837 3.936806 3.882393 3.842489 3.833774 3.886956 4.047183 4.28987 4.54881
1.70141E+38 1.70141E+38 1.70141E+38 1.70141E+38 1.70141E+38 1.70141E+38 1.70141E+38 1.70141E+38 1.70141E+38 1.70141E+38 1.70141E+38 1.70141E+38 1.70141E+38 1.70141E+38 1.70141E+38 1.70141E+38 1.70141E+38 1.70141E+38 1.70141E+38 1.70141E+38 1.70141E+38 1.70141E+38 1.70141E+38 1.70141E+38 1.70141E+38 1.70141E+38 1.70141E+38 1.70141E+38 1.70141E+38 1.70141E+38 1.70141E+38 1.70141E+38 1.70141E+38 1.70141E+38 1.70141E+38 1.70141E+38 1.70141E+38 1.70141E+38 1.70141E+38 1.70141E+38 1.70141E+38 1.70141E+38 1.70141E+38 1.70141E+38 1.70141E+38 1.70141E+38 1.70141E+38 1.70141E+38 1.70141E+38 1.70141E+38 1.70141E+38 1.70141E+38 1.70141E+38 1.70141E+38 1.70141E+38 1.70141E+38 1.70141E+38 1.70141E+38 1.70141E+38 1.70141E+38 1.70141E+38 1.70141E+38
1.70141E+38 1.70141E+38 1.70141E+38 1.70141E+38 1.70141E+38 1.70141E+38 1.70141E+38 1.70141E+38 1.70141E+38 1.70141E+38 1.70141E+38 1.70141E+38 1.70141E+38 1.70141E+38 1.70141E+38 1.70141E+38 1.70141E+38 1.70141E+38 1.70141E+38 1.70141E+38 1.70141E+38 1.70141E+38 1.70141E+38 1.70141E+38 1.70141E+38 1.70141E+38 1.70141E+38 1.70141E+38 1.70141E+38 1.70141E+38 1.70141E+38 1.70141E+38 1.70141E+38 1.70141E+38 1.70141E+38 1.70141E+38 1.70141E+38 1.70141E+38 1.70141E+38 1.70141E+38 1.70141E+38 1.70141E+38 1.70141E+38 1.70141E+38 1.70141E+38 1.70141E+38 1.70141E+38 1.70141E+38 1.70141E+38 1.70141E+38 1.70141E+38 1.70141E+38 1.70141E+38 1.70141E+38 1.70141E+38 1.70141E+38 1.70141E+38 1.70141E+38 1.70141E+38 1.70141E+38 1.70141E+38 1.70141E+38
1.70141E+38 1.70141E+38 1.70141E+38 1.70141E+38 1.70141E+38 1.70141E+38 1.70141E+38 1.70141E+38 1.70141E+38 1.70141E+38 1.70141E+38 1.70141E+38 1.70141E+38 1.70141E+38 1.70141E+38 1.70141E+38 1.70141E+38 1.70141E+38 1.70141E+38 1.70141E+38 1.70141E+38 1.70141E+38 1.70141E+38 1.70141E+38 1.70141E+38 1.70141E+38 1.70141E+38 1.70141E+38 1.70141E+38 1.70141E+38 1.70141E+38 1.70141E+38 1.70141E+38 1.70141E+38 1.70141E+38 1.70141E+38 1.70141E+38 1.70141E+38 1.70141E+38 1.70141E+38 1.70141E+38 1.70141E+38 1.70141E+38 1.70141E+38 1.70141E+38 1.70141E+38 1.70141E+38 1.70141E+38 1.70141E+38 1.70141E+38 1.70141E+38 1.70141E+38 1.70141E+38 1.70141E+38 1.70141E+38 1.70141E+38 1.70141E+38 1.70141E+38 1.70141E+38 1.70141E+38 1.70141E+38 1.70141E+38
1.70141E+38 1.70141E+38 1.70141E+38 1.70141E+38 1.70141E+38 1.70141E+38 1.70141E+38 1.70141E+38 1.70141E+38 1.70141E+38 1.70141E+38 1.70141E+38 1.70141E+38 1.70141E+38 1.70141E+38 1.70141E+38 1.70141E+38 1.70141E+38 1.70141E+38 1.70141E+38 1.70141E+38 1.70141E+38 1.70141E+38 1.70141E+38 1.70141E+38 1.70141E+38 1.70141E+38 1.70141E+38 1.70141E+38 1.70141E+38 1.70141E+38 1.70141E+38 1.70141E+38 1.70141E+38 1.70141E+38 1.70141E+38 1.70141E+38 1.70141E+38 1.70141E+38 1.70141E+38 1.70141E+38 1.70141E+38 1.70141E+38 1.70141E+38 1.70141E+38 1.70141E+38 1.70141E+38 1.70141E+38 1.70141E+38 1.70141E+38 1.70141E+38 1.70141E+38 1.70141E+38 1.70141E+38 1.70141E+38 1.70141E+38 1.70141E+38 1.70141E+38 1.70141E+38 1.70141E+38 1.70141E+38 1.70141E+38
1.70141E+38 1.70141E+38 1.70141E+38 1.70141E+38 1.70141E+38 1.70141E+38 1.70141E+38 1.70141E+38 1.70141E+38 1.70141E+38 1.70141E+38 1.70141E+38 1.70141E+38 1.70141E+38 1.70141E+38 1.70141E+38 1.70141E+38 1.70141E+38 1.70141E+38 1.70141E+38 1.70141E+38 1.70141E+38 1.70141E+38 1.70141E+38 1.70141E+38 1.70141E+38 1.70141E+38 1.70141E+38 1.70141E+38 1.70141E+38 1.70141E+38 1.70141E+38 1.70141E+38 1.70141E+38 1.70141E+38 1.70141E+38 1.70141E+38 1.70141E+38 1.70141E+38 1.70141E+38 1.70141E+38 1.70141E+38 1.70141E+38 1.70141E+38 1.70141E+38 1.70141E+38 1.70141E+38 1.70141E+38 1.70141E+38 1.70141E+38 1.70141E+38 1.70141E+38 1.70141E+38 1.70141E+38 1.70141E+38 1.70141E+38 1.70141E+38 1.70141E+38 1.70141E+38 1.70141E+38 1.70141E+38 1.70141E+38
1.70141E+38 1.70141E+38 1.70141E+38 1.70141E+38 1.70141E+38 1.70141E+38 1.70141E+38 1.70141E+38 1.70141E+38 1.70141E+38 1.70141E+38 1.70141E+38 1.70141E+38 1.70141E+38 1.70141E+38 1.70141E+38 1.70141E+38 1.70141E+38 1.70141E+38 1.70141E+38 1.70141E+38 1.70141E+38 1.70141E+38 1.70141E+38 1.70141E+38 1.70141E+38 1.70141E+38 1.70141E+38 1.70141E+38 1.70141E+38 1.70141E+38 1.70141E+38 1.70141E+38 1.70141E+38 1.70141E+38 1.70141E+38 1.70141E+38 1.70141E+38 1.70141E+38 1.70141E+38 1.70141E+38 1.70141E+38 1.70141E+38 1.70141E+38 1.70141E+38 1.70141E+38 1.70141E+38 1.70141E+38 1.70141E+38 1.70141E+38 1.70141E+38 1.70141E+38 1.70141E+38 1.70141E+38 1.70141E+38 1.70141E+38 1.70141E+38 1.70141E+38 1.70141E+38 1.70141E+38 1.70141E+38 1.70141E+38
1.70141E+38 1.70141E+38 1.70141E+38 1.70141E+38 1.70141E+38 1.70141E+38 1.70141E+38 1.70141E+38 1.70141E+38 1.70141E+38 1.70141E+38 1.70141E+38 1.70141E+38 1.70141E+38 1.70141E+38 1.70141E+38 1.70141E+38 1.70141E+38 1.70141E+38 1.70141E+38 1.70141E+38 1.70141E+38 1.70141E+38 1.70141E+38 1.70141E+38 1.70141E+38 1.70141E+38 1.70141E+38 1.70141E+38 1.70141E+38 1.70141E+38 1.70141E+38 1.70141E+38 1.70141E+38 1.70141E+38 1.70141E+38 1.70141E+38 1.70141E+38 1.70141E+38 1.70141E+38 1.70141E+38 1.70141E+38 1.70141E+38 1.70141E+38 1.70141E+38 1.70141E+38 1.70141E+38 1.70141E+38 1.70141E+38 1.70141E+38 1.70141E+38 1.70141E+38 1.70141E+38 1.70141E+38 1.70141E+38 1.70141E+38 1.70141E+38 1.70141E+38 1.70141E+38 1.70141E+38 1.70141E+38 1.70141E+38
1.70141E+38 1.70141E+38 1.70141E+38 1.70141E+38 1.70141E+38 1.70141E+38 1.70141E+38 1.70141E+38 1.70141E+38 1.70141E+38 1.70141E+38 1.70141E+38 1.70141E+38 1.70141E+38 1.70141E+38 1.70141E+38 1.70141E+38 1.70141E+38 1.70141E+38 1.70141E+38 1.70141E+38 1.70141E+38 1.70141E+38 1.70141E+38 1.70141E+38 1.70141E+38 1.70141E+38 1.70141E+38 1.70141E+38 1.70141E+38 1.70141E+38 1.70141E+38 1.70141E+38 1.70141E+38 1.70141E+38 1.70141E+38 1.70141E+38 1.70141E+38 1.70141E+38 1.70141E+38 1.70141E+38 1.70141E+38 1.70141E+38 1.70141E+38 1.70141E+38 1.70141E+38 1.70141E+38 1.70141E+38 1.70141E+38 1.70141E+38 1.70141E+38 1.70141E+38 1.70141E+38 1.70141E+38 1.70141E+38 1.70141E+38 1.70141E+38 1.70141E+38 1.70141E+38 1.70141E+38 1.70141E+38 1.70141E+38
