py_wake/examples/data/AJ_ParqueFicticio/Ridge area   Sector 10   Height 30m   Weibull-k.grd
DSAA
90  129
 262878   265103
 6504214   6507414
 .8261719   2.552734
[rows 54 to 80 of 129, columns 0 to 61 of 90]
2.326172 2.330078 2.330078 2.333984 2.333984 2.330078 2.330078 2.330078 2.220703 1.927734 1.810547 1.814453 1.810547 1.748047 1.662109 1.576172 1.537109 1.560547 1.611328 1.693359 1.814453 1.935547 2.037109 2.111328 2.158203 2.177734 2.185547 2.193359 2.197266 2.193359 2.197266 2.201172 2.205078 2.216797 2.224609 2.236328 2.244141 2.251953 2.263672 2.271484 2.275391 2.279297 2.279297 2.279297 2.275391 2.275391 2.275391 2.271484 2.271484 2.267578 2.259766 2.255859 2.255859 2.251953 2.208984 2.041016 1.880859 1.830078 1.908203 2.064453 2.193359 2.251953
2.326172 2.326172 2.330078 2.333984 2.333984 2.330078 2.330078 2.330078 2.294922 2.197266 2.138672 2.134766 2.107422 2.037109 1.943359 1.845703 1.775391 1.744141 1.755859 1.818359 1.919922 2.021484 2.107422 2.166016 2.205078 2.220703 2.232422 2.236328 2.236328 2.236328 2.236328 2.240234 2.236328 2.240234 2.240234 2.244141 2.251953 2.259766 2.263672 2.271484 2.275391 2.275391 2.275391 2.275391 2.271484 2.275391 2.275391 2.275391 2.271484 2.271484 2.263672 2.259766 2.259766 2.251953 2.197266 2.041016 1.892578 1.845703 1.900391 2.025391 2.138672 2.201172
2.326172 2.326172 2.330078 2.330078 2.333984 2.330078 2.330078 2.330078 2.318359 2.287109 2.275391 2.275391 2.263672 2.224609 2.169922 2.103516 2.041016 1.994141 1.970703 1.990234 2.056641 2.126953 2.177734 2.216797 2.244141 2.255859 2.263672 2.263672 2.267578 2.267578 2.267578 2.267578 2.263672 2.263672 2.259766 2.259766 2.263672 2.267578 2.267578 2.271484 2.275391 2.275391 2.275391 2.271484 2.271484 2.271484 2.275391 2.271484 2.271484 2.271484 2.267578 2.263672 2.259766 2.251953 2.208984 2.087891 1.966797 1.923828 1.951172 2.037109 2.126953 2.193359
2.326172 2.326172 2.330078 2.330078 2.330078 2.330078 2.330078 2.330078 2.330078 2.322266 2.318359 2.318359 2.314453 2.298828 2.275391 2.248047 2.220703 2.193359 2.169922 2.166016 2.189453 2.212891 2.232422 2.251953 2.267578 2.275391 2.279297 2.283203 2.283203 2.283203 2.283203 2.283203 2.279297 2.279297 2.275391 2.275391 2.271484 2.271484 2.271484 2.275391 2.275391 2.275391 2.275391 2.271484 2.271484 2.271484 2.271484 2.271484 2.271484 2.271484 2.267578 2.263672 2.259766 2.255859 2.240234 2.185547 2.115234 2.076172 2.083984 2.138672 2.197266 2.236328
2.326172 2.326172 2.330078 2.330078 2.330078 2.330078 2.330078 2.330078 2.330078 2.330078 2.330078 2.330078 2.330078 2.322266 2.310547 2.294922 2.279297 2.259766 2.244141 2.240234 2.244141 2.251953 2.259766 2.267578 2.275391 2.283203 2.287109 2.291016 2.291016 2.291016 2.291016 2.291016 2.287109 2.283203 2.283203 2.283203 2.279297 2.279297 2.279297 2.275391 2.275391 2.275391 2.275391 2.275391 2.275391 2.275391 2.275391 2.275391 2.275391 2.275391 2.271484 2.267578 2.267578 2.263672 2.259766 2.251953 2.236328 2.224609 2.228516 2.248047 2.271484 2.291016
2.330078 2.330078 2.330078 2.330078 2.330078 2.330078 2.330078 2.330078 2.330078 2.330078 2.330078 2.330078 2.330078 2.330078 2.330078 2.322266 2.306641 2.291016 2.275391 2.267578 2.263672 2.267578 2.271484 2.279297 2.283203 2.291016 2.291016 2.294922 2.294922 2.294922 2.294922 2.294922 2.294922 2.291016 2.287109 2.287109 2.283203 2.283203 2.283203 2.283203 2.279297 2.279297 2.279297 2.279297 2.279297 2.279297 2.279297 2.279297 2.279297 2.279297 2.275391 2.275391 2.271484 2.271484 2.271484 2.271484 2.271484 2.275391 2.283203 2.294922 2.306641 2.318359
2.330078 2.330078 2.330078 2.330078 2.330078 2.330078 2.330078 2.330078 2.330078 2.330078 2.330078 2.330078 2.330078 2.330078 2.330078 2.330078 2.330078 2.322266 2.310547 2.298828 2.294922 2.291016 2.291016 2.294922 2.294922 2.294922 2.298828 2.298828 2.298828 2.298828 2.298828 2.298828 2.298828 2.294922 2.294922 2.291016 2.291016 2.287109 2.287109 2.287109 2.283203 2.283203 2.283203 2.283203 2.283203 2.279297 2.283203 2.283203 2.283203 2.283203 2.283203 2.283203 2.279297 2.279297 2.279297 2.279297 2.283203 2.287109 2.294922 2.302734 2.318359 2.333984
2.330078 2.330078 2.330078 2.330078 2.330078 2.330078 2.330078 2.330078 2.330078 2.330078 2.330078 2.330078 2.330078 2.330078 2.330078 2.330078 2.330078 2.330078 2.330078 2.330078 2.322266 2.314453 2.310547 2.306641 2.306641 2.302734 2.302734 2.302734 2.302734 2.298828 2.298828 2.298828 2.298828 2.298828 2.294922 2.294922 2.294922 2.291016 2.291016 2.291016 2.287109 2.287109 2.287109 2.287109 2.283203 2.283203 2.283203 2.287109 2.287109 2.291016 2.291016 2.287109 2.287109 2.287109 2.287109 2.287109 2.291016 2.291016 2.298828 2.310547 2.333984 2.333984
2.330078 2.330078 2.330078 2.330078 2.330078 2.330078 2.330078 2.330078 2.330078 2.330078 2.330078 2.330078 2.330078 2.330078 2.330078 2.330078 2.330078 2.330078 2.330078 2.330078 2.330078 2.330078 2.326172 2.322266 2.314453 2.310547 2.306641 2.306641 2.302734 2.302734 2.298828 2.298828 2.298828 2.298828 2.294922 2.294922 2.294922 2.294922 2.294922 2.294922 2.291016 2.291016 2.291016 2.291016 2.287109 2.287109 2.287109 2.287109 2.291016 2.291016 2.294922 2.291016 2.291016 2.291016 2.291016 2.294922 2.294922 2.298828 2.306641 2.318359 2.333984 2.333984
2.330078 2.330078 2.330078 2.330078 2.330078 2.330078 2.330078 2.330078 2.330078 2.330078 2.330078 2.330078 2.330078 2.330078 2.330078 2.330078 2.330078 2.330078 2.330078 2.330078 2.330078 2.330078 2.330078 2.330078 2.322266 2.314453 2.310547 2.310547 2.306641 2.302734 2.298828 2.298828 2.298828 2.294922 2.294922 2.294922 2.294922 2.294922 2.294922 2.294922 2.294922 2.294922 2.294922 2.294922 2.291016 2.287109 2.287109 2.291016 2.291016 2.291016 2.294922 2.294922 2.294922 2.294922 2.298828 2.298828 2.302734 2.310547 2.318359 2.333984 2.333984 2.330078
2.330078 2.330078 2.330078 2.330078 2.330078 2.330078 2.330078 2.330078 2.330078 2.330078 2.330078 2.330078 2.330078 2.330078 2.330078 2.330078 2.330078 2.330078 2.330078 2.330078 2.330078 2.330078 2.330078 2.330078 2.326172 2.322266 2.318359 2.310547 2.306641 2.302734 2.302734 2.298828 2.298828 2.294922 2.294922 2.294922 2.294922 2.298828 2.298828 2.298828 2.298828 2.298828 2.298828 2.294922 2.294922 2.291016 2.291016 2.291016 2.291016 2.291016 2.294922 2.294922 2.294922 2.298828 2.298828 2.302734 2.306641 2.318359 2.330078 2.337891 2.310547 2.224609
2.330078 2.330078 2.330078 2.330078 2.330078 2.330078 2.330078 2.330078 2.330078 2.330078 2.330078 2.330078 2.330078 2.330078 2.330078 2.330078 2.330078 2.330078 2.330078 2.330078 2.330078 2.330078 2.330078 2.330078 2.330078 2.326172 2.318359 2.314453 2.310547 2.306641 2.302734 2.298828 2.298828 2.294922 2.294922 2.294922 2.294922 2.298828 2.298828 2.302734 2.302734 2.302734 2.298828 2.294922 2.294922 2.291016 2.291016 2.291016 2.287109 2.291016 2.291016 2.291016 2.294922 2.298828 2.302734 2.306641 2.314453 2.326172 2.341797 2.306641 2.126953 1.841797
2.330078 2.330078 2.330078 2.330078 2.330078 2.330078 2.330078 2.330078 2.330078 2.330078 2.330078 2.330078 2.330078 2.330078 2.330078 2.330078 2.330078 2.330078 2.330078 2.330078 2.330078 2.330078 2.330078 2.330078 2.330078 2.326172 2.322266 2.314453 2.310547 2.306641 2.302734 2.298828 2.298828 2.294922 2.294922 2.294922 2.294922 2.298828 2.298828 2.302734 2.302734 2.302734 2.298828 2.294922 2.291016 2.291016 2.291016 2.287109 2.287109 2.287109 2.287109 2.287109 2.291016 2.294922 2.302734 2.306641 2.318359 2.333984 2.333984 2.162109 1.712891 1.505859
2.330078 2.330078 2.330078 2.330078 2.330078 2.330078 2.330078 2.330078 2.330078 2.330078 2.330078 2.330078 2.330078 2.330078 2.330078 2.330078 2.330078 2.330078 2.330078 2.330078 2.330078 2.330078 2.330078 2.330078 2.330078 2.322266 2.318359 2.314453 2.310547 2.306641 2.302734 2.298828 2.298828 2.294922 2.294922 2.294922 2.298828 2.298828 2.298828 2.302734 2.302734 2.298828 2.294922 2.291016 2.287109 2.287109 2.287109 2.283203 2.283203 2.283203 2.283203 2.283203 2.287109 2.294922 2.298828 2.306641 2.322266 2.337891 2.287109 1.865234 1.341797 2.552734
2.330078 2.330078 2.330078 2.330078 2.330078 2.330078 2.330078 2.330078 2.330078 2.330078 2.330078 2.330078 2.330078 2.330078 2.330078 2.330078 2.330078 2.330078 2.330078 2.330078 2.330078 2.330078 2.330078 2.330078 2.322266 2.318359 2.314453 2.310547 2.306641 2.302734 2.298828 2.298828 2.294922 2.294922 2.294922 2.294922 2.298828 2.298828 2.298828 2.298828 2.298828 2.294922 2.291016 2.287109 2.283203 2.279297 2.279297 2.279297 2.279297 2.279297 2.279297 2.279297 2.283203 2.291016 2.298828 2.306641 2.322266 2.326172 2.177734 1.541016 1.275391 2.552734
2.318359 2.322266 2.326172 2.330078 2.330078 2.330078 2.330078 2.330078 2.330078 2.330078 2.330078 2.330078 2.330078 2.330078 2.330078 2.330078 2.330078 2.330078 2.330078 2.330078 2.330078 2.330078 2.326172 2.318359 2.314453 2.310547 2.306641 2.302734 2.298828 2.294922 2.294922 2.294922 2.294922 2.291016 2.291016 2.294922 2.294922 2.298828 2.298828 2.294922 2.291016 2.287109 2.283203 2.279297 2.275391 2.271484 2.271484 2.271484 2.271484 2.271484 2.271484 2.275391 2.279297 2.287109 2.294922 2.302734 2.318359 2.283203 1.986328 1.287109 2.552734 2.552734
2.310547 2.310547 2.314453 2.318359 2.326172 2.330078 2.330078 2.330078 2.330078 2.330078 2.330078 2.330078 2.330078 2.330078 2.330078 2.330078 2.330078 2.330078 2.330078 2.326172 2.322266 2.318359 2.314453 2.310547 2.302734 2.302734 2.298828 2.294922 2.291016 2.291016 2.287109 2.287109 2.287109 2.287109 2.287109 2.287109 2.291016 2.291016 2.291016 2.287109 2.283203 2.279297 2.271484 2.267578 2.263672 2.259766 2.259766 2.259766 2.263672 2.263672 2.263672 2.267578 2.275391 2.279297 2.287109 2.294922 2.302734 2.216797 1.841797 1.173828 2.552734 2.552734
2.298828 2.302734 2.306641 2.314453 2.318359 2.326172 2.330078 2.330078 2.330078 2.330078 2.330078 2.330078 2.330078 2.330078 2.326172 2.318359 2.318359 2.314453 2.310547 2.310547 2.306641 2.302734 2.298828 2.294922 2.294922 2.291016 2.287109 2.287109 2.283203 2.283203 2.283203 2.283203 2.283203 2.283203 2.283203 2.283203 2.279297 2.275391 2.271484 2.271484 2.267578 2.263672 2.259766 2.255859 2.251953 2.248047 2.248047 2.248047 2.251953 2.255859 2.255859 2.259766 2.267578 2.271484 2.275391 2.279297 2.279297 2.158203 1.826172 1.208984 2.552734 2.552734
2.291016 2.294922 2.298828 2.306641 2.314453 2.322266 2.330078 2.330078 2.326172 2.326172 2.326172 2.326172 2.326172 2.318359 2.310547 2.302734 2.298828 2.294922 2.291016 2.291016 2.287109 2.287109 2.283203 2.283203 2.279297 2.279297 2.279297 2.279297 2.279297 2.279297 2.279297 2.279297 2.279297 2.279297 2.275391 2.271484 2.267578 2.263672 2.255859 2.251953 2.251953 2.248047 2.244141 2.240234 2.240234 2.236328 2.236328 2.236328 2.240234 2.244141 2.248047 2.251953 2.255859 2.255859 2.255859 2.251953 2.236328 2.076172 1.513672 .9863281 1.888672 1.892578
2.283203 2.287109 2.294922 2.302734 2.310547 2.318359 2.322266 2.322266 2.318359 2.314453 2.310547 2.302734 2.294922 2.287109 2.287109 2.283203 2.279297 2.279297 2.275391 2.271484 2.267578 2.267578 2.267578 2.267578 2.267578 2.267578 2.267578 2.267578 2.267578 2.267578 2.267578 2.267578 2.267578 2.267578 2.263672 2.259766 2.255859 2.251953 2.248047 2.244141 2.240234 2.240234 2.232422 2.228516 2.228516 2.228516 2.228516 2.228516 2.228516 2.232422 2.236328 2.240234 2.240234 2.240234 2.228516 2.212891 2.162109 1.923828 1.298828 .8964844 1.888672 1.892578
2.279297 2.283203 2.287109 2.294922 2.302734 2.310547 2.310547 2.306641 2.302734 2.291016 2.279297 2.267578 2.259766 2.251953 2.248047 2.244141 2.244141 2.244141 2.244141 2.244141 2.248047 2.244141 2.244141 2.244141 2.244141 2.244141 2.244141 2.244141 2.244141 2.244141 2.244141 2.244141 2.244141 2.248047 2.248047 2.244141 2.244141 2.244141 2.240234 2.236328 2.232422 2.228516 2.224609 2.220703 2.220703 2.220703 2.220703 2.220703 2.224609 2.224609 2.228516 2.228516 2.224609 2.216797 2.193359 2.146484 2.029297 1.701172 1.166016 .9042969 1.888672 1.818359
2.279297 2.283203 2.287109 2.291016 2.298828 2.298828 2.298828 2.291016 2.287109 2.279297 2.267578 2.255859 2.240234 2.228516 2.228516 2.224609 2.220703 2.216797 2.220703 2.224609 2.228516 2.224609 2.220703 2.212891 2.212891 2.212891 2.208984 2.201172 2.193359 2.197266 2.201172 2.197266 2.205078 2.216797 2.224609 2.232422 2.232422 2.236328 2.232422 2.228516 2.228516 2.220703 2.216797 2.212891 2.212891 2.212891 2.212891 2.216797 2.216797 2.220703 2.220703 2.220703 2.212891 2.185547 2.134766 2.029297 1.806641 1.431641 1.064453 .9121094 .9003906 1.173828
2.283203 2.287109 2.287109 2.291016 2.294922 2.294922 2.291016 2.287109 2.287109 2.283203 2.275391 2.267578 2.255859 2.244141 2.240234 2.236328 2.228516 2.224609 2.224609 2.228516 2.228516 2.224609 2.216797 2.208984 2.201172 2.201172 2.193359 2.181641 2.169922 2.169922 2.173828 2.173828 2.181641 2.201172 2.216797 2.224609 2.232422 2.232422 2.232422 2.228516 2.220703 2.216797 2.212891 2.208984 2.205078 2.208984 2.208984 2.212891 2.216797 2.216797 2.216797 2.208984 2.185547 2.130859 2.017578 1.810547 1.498047 1.166016 1.005859 .9511719 .9238281 .9160156
2.287109 2.291016 2.291016 2.294922 2.298828 2.298828 2.298828 2.294922 2.294922 2.291016 2.291016 2.283203 2.279297 2.271484 2.263672 2.255859 2.251953 2.244141 2.240234 2.240234 2.240234 2.240234 2.232422 2.228516 2.220703 2.216797 2.208984 2.201172 2.193359 2.193359 2.193359 2.193359 2.201172 2.212891 2.220703 2.232422 2.236328 2.236328 2.232422 2.228516 2.220703 2.212891 2.205078 2.201172 2.197266 2.201172 2.205078 2.212891 2.212891 2.212891 2.208984 2.189453 2.142578 2.013672 1.775391 1.458984 1.162109 .9941406 1.064453 1.138672 1.162109 .9746094
2.291016 2.291016 2.294922 2.298828 2.298828 2.298828 2.302734 2.302734 2.302734 2.302734 2.298828 2.294922 2.291016 2.283203 2.279297 2.271484 2.267578 2.263672 2.259766 2.255859 2.255859 2.255859 2.255859 2.251953 2.248047 2.244141 2.240234 2.232422 2.228516 2.224609 2.220703 2.220703 2.224609 2.232422 2.236328 2.240234 2.240234 2.240234 2.236328 2.224609 2.212891 2.205078 2.201172 2.193359 2.193359 2.197266 2.205078 2.208984 2.216797 2.212891 2.205078 2.162109 2.044922 1.779297 1.408203 1.126953 1.033203 1.361328 1.341797 1.294922 1.248047 1.208984
2.298828 2.298828 2.298828 2.298828 2.302734 2.302734 2.306641 2.306641 2.306641 2.306641 2.306641 2.302734 2.298828 2.294922 2.287109 2.283203 2.279297 2.279297 2.275391 2.271484 2.271484 2.271484 2.275391 2.271484 2.271484 2.267578 2.263672 2.259766 2.255859 2.248047 2.248047 2.244141 2.244141 2.248047 2.248047 2.248047 2.248047 2.240234 2.228516 2.216797 2.208984 2.201172 2.193359 2.189453 2.193359 2.197266 2.201172 2.208984 2.212891 2.216797 2.205078 2.126953 1.880859 1.451172 1.076172 1.435547 1.376953 1.345703 1.326172 1.302734 1.283203 1.271484
2.310547 2.310547 2.306641 2.306641 2.310547 2.310547 2.310547 2.314453 2.314453 2.314453 2.314453 2.310547 2.306641 2.302734 2.298828 2.294922 2.291016 2.291016 2.291016 2.287109 2.287109 2.287109 2.287109 2.287109 2.287109 2.287109 2.283203 2.275391 2.271484 2.267578 2.263672 2.259766 2.255859 2.255859 2.251953 2.248047 2.240234 2.232422 2.220703 2.208984 2.201172 2.197266 2.193359 2.189453 2.193359 2.197266 2.201172 2.208984 2.208984 2.216797 2.216797 2.115234 1.728516 1.119141 1.431641 1.353516 1.326172 1.318359 1.306641 1.298828 1.294922 1.298828
