py_wake/examples/data/AJ_ParqueFicticio/Ridge area   Sector 4   Height 200m   Weibull-k.grd
DSAA
90  129
 262878   265103
 6504214   6507414
 .9707031   2.916016
[rows 81 to 107 of 129, columns 0 to 61 of 90]
2.732422 2.724609 2.724609 2.732422 2.744141 2.759766 2.779297 2.794922 2.810547 2.822266 2.833984 2.853516 2.869141 2.884766 2.892578 2.900391 2.904297 2.904297 2.904297 2.908203 2.904297 2.904297 2.904297 2.900391 2.892578 2.884766 2.783203 2.666016 2.564453 2.509766 2.498047 2.541016 2.642578 2.771484 2.861328 2.892578 2.896484 2.892578 2.888672 2.888672 2.884766 2.884766 2.880859 2.880859 2.880859 2.880859 2.876953 2.869141 2.865234 2.857422 2.853516 2.853516 2.849609 2.849609 2.841797 2.833984 2.826172 2.814453 2.802734 2.791016 2.783203 2.779297
2.818359 2.818359 2.822266 2.833984 2.845703 2.857422 2.869141 2.880859 2.884766 2.884766 2.892578 2.896484 2.900391 2.908203 2.912109 2.916016 2.912109 2.912109 2.912109 2.916016 2.916016 2.912109 2.912109 2.908203 2.904297 2.900391 2.830078 2.759766 2.716797 2.705078 2.724609 2.771484 2.830078 2.876953 2.896484 2.896484 2.892578 2.888672 2.888672 2.884766 2.884766 2.884766 2.884766 2.884766 2.884766 2.884766 2.876953 2.865234 2.857422 2.845703 2.841797 2.837891 2.837891 2.833984 2.833984 2.830078 2.822266 2.810547 2.802734 2.791016 2.783203 2.779297
2.884766 2.888672 2.892578 2.900391 2.912109 2.916016 2.916016 2.916016 2.916016 2.916016 2.916016 2.916016 2.916016 2.916016 2.916016 2.916016 2.916016 2.916016 2.916016 2.916016 2.916016 2.916016 2.916016 2.912109 2.912109 2.912109 2.861328 2.830078 2.822266 2.833984 2.853516 2.873047 2.892578 2.896484 2.896484 2.888672 2.884766 2.884766 2.884766 2.880859 2.880859 2.884766 2.884766 2.884766 2.888672 2.888672 2.876953 2.861328 2.845703 2.833984 2.826172 2.818359 2.818359 2.818359 2.818359 2.814453 2.810547 2.806641 2.802734 2.794922 2.787109 2.783203
2.916016 2.916016 2.916016 2.916016 2.916016 2.916016 2.916016 2.916016 2.916016 2.916016 2.916016 2.916016 2.916016 2.916016 2.916016 2.916016 2.916016 2.916016 2.916016 2.916016 2.916016 2.916016 2.916016 2.916016 2.916016 2.916016 2.880859 2.865234 2.873047 2.880859 2.892578 2.900391 2.900391 2.892578 2.888672 2.884766 2.880859 2.876953 2.876953 2.876953 2.876953 2.880859 2.884766 2.888672 2.888672 2.888672 2.873047 2.857422 2.833984 2.818359 2.806641 2.794922 2.791016 2.794922 2.798828 2.798828 2.798828 2.794922 2.798828 2.794922 2.794922 2.791016
2.916016 2.916016 2.916016 2.916016 2.916016 2.916016 2.916016 2.916016 2.916016 2.916016 2.916016 2.916016 2.916016 2.916016 2.916016 2.916016 2.912109 2.916016 2.916016 2.916016 2.916016 2.916016 2.916016 2.916016 2.916016 2.916016 2.888672 2.884766 2.892578 2.900391 2.900391 2.900391 2.892578 2.888672 2.884766 2.880859 2.876953 2.873047 2.873047 2.873047 2.873047 2.876953 2.884766 2.888672 2.892578 2.888672 2.869141 2.845703 2.818359 2.802734 2.783203 2.771484 2.767578 2.763672 2.771484 2.775391 2.775391 2.779297 2.787109 2.791016 2.791016 2.794922
2.916016 2.916016 2.916016 2.916016 2.916016 2.916016 2.916016 2.916016 2.916016 2.916016 2.916016 2.916016 2.916016 2.916016 2.912109 2.900391 2.900391 2.908203 2.912109 2.916016 2.916016 2.916016 2.916016 2.916016 2.916016 2.904297 2.888672 2.896484 2.900391 2.904297 2.900391 2.896484 2.892578 2.884766 2.880859 2.876953 2.873047 2.869141 2.869141 2.869141 2.869141 2.873047 2.880859 2.888672 2.892578 2.888672 2.865234 2.837891 2.806641 2.787109 2.763672 2.748047 2.740234 2.736328 2.740234 2.744141 2.748047 2.755859 2.763672 2.771484 2.779297 2.787109
2.916016 2.916016 2.916016 2.916016 2.916016 2.916016 2.916016 2.916016 2.916016 2.916016 2.916016 2.916016 2.916016 2.916016 2.900391 2.884766 2.880859 2.892578 2.908203 2.916016 2.916016 2.916016 2.916016 2.916016 2.908203 2.888672 2.892578 2.900391 2.904297 2.900391 2.896484 2.892578 2.888672 2.884766 2.876953 2.873047 2.869141 2.869141 2.865234 2.865234 2.869141 2.873047 2.880859 2.888672 2.892578 2.884766 2.861328 2.830078 2.798828 2.771484 2.748047 2.728516 2.712891 2.705078 2.705078 2.708984 2.716797 2.720703 2.732422 2.744141 2.755859 2.771484
2.916016 2.916016 2.916016 2.916016 2.916016 2.916016 2.916016 2.916016 2.916016 2.916016 2.916016 2.916016 2.916016 2.916016 2.896484 2.876953 2.865234 2.880859 2.912109 2.916016 2.916016 2.916016 2.916016 2.904297 2.869141 2.880859 2.896484 2.900391 2.900391 2.892578 2.888672 2.884766 2.880859 2.880859 2.876953 2.873047 2.869141 2.865234 2.865234 2.865234 2.869141 2.873047 2.880859 2.888672 2.892578 2.884766 2.857422 2.826172 2.794922 2.759766 2.732422 2.708984 2.693359 2.681641 2.677734 2.677734 2.681641 2.685547 2.693359 2.712891 2.724609 2.744141
2.916016 2.916016 2.916016 2.916016 2.916016 2.916016 2.916016 2.916016 2.916016 2.916016 2.916016 2.916016 2.916016 2.916016 2.912109 2.904297 2.900391 2.916016 2.916016 2.916016 2.916016 2.916016 2.912109 2.826172 2.845703 2.880859 2.900391 2.896484 2.888672 2.884766 2.880859 2.880859 2.876953 2.876953 2.873047 2.869141 2.869141 2.865234 2.869141 2.869141 2.869141 2.873047 2.880859 2.888672 2.896484 2.880859 2.853516 2.822266 2.787109 2.755859 2.724609 2.701172 2.681641 2.669922 2.658203 2.654297 2.650391 2.650391 2.658203 2.673828 2.689453 2.708984
2.916016 2.916016 2.916016 2.916016 2.916016 2.916016 2.916016 2.916016 2.916016 2.916016 2.916016 2.916016 2.916016 2.916016 2.916016 2.916016 2.916016 2.916016 2.916016 2.916016 2.916016 2.916016 2.728516 2.748047 2.833984 2.884766 2.896484 2.888672 2.876953 2.873047 2.873047 2.873047 2.873047 2.869141 2.869141 2.865234 2.865234 2.869141 2.869141 2.873047 2.873047 2.876953 2.884766 2.888672 2.896484 2.876953 2.853516 2.822266 2.787109 2.755859 2.724609 2.697266 2.677734 2.662109 2.646484 2.634766 2.626953 2.623047 2.623047 2.634766 2.646484 2.669922
2.916016 2.916016 2.916016 2.916016 2.916016 2.916016 2.916016 2.916016 2.912109 2.912109 2.908203 2.908203 2.916016 2.916016 2.916016 2.916016 2.916016 2.916016 2.916016 2.916016 2.916016 2.572266 2.599609 2.744141 2.861328 2.896484 2.884766 2.869141 2.865234 2.861328 2.861328 2.861328 2.861328 2.865234 2.861328 2.861328 2.865234 2.869141 2.873047 2.873047 2.876953 2.880859 2.884766 2.892578 2.888672 2.873047 2.849609 2.822266 2.791016 2.755859 2.728516 2.701172 2.677734 2.654297 2.634766 2.619141 2.611328 2.603516 2.595703 2.595703 2.603516 2.623047
2.916016 2.916016 2.916016 2.916016 2.916016 2.916016 2.916016 2.912109 2.908203 2.908203 2.904297 2.900391 2.896484 2.904297 2.916016 2.916016 2.916016 2.916016 2.916016 2.916016 2.462891 2.537109 2.712891 2.853516 2.896484 2.884766 2.865234 2.853516 2.849609 2.845703 2.845703 2.849609 2.849609 2.853516 2.857422 2.857422 2.861328 2.865234 2.873047 2.876953 2.880859 2.884766 2.888672 2.888672 2.880859 2.865234 2.845703 2.822266 2.794922 2.763672 2.736328 2.708984 2.677734 2.650391 2.630859 2.611328 2.599609 2.587891 2.576172 2.568359 2.572266 2.587891
2.916016 2.916016 2.904297 2.896484 2.892578 2.896484 2.900391 2.904297 2.908203 2.912109 2.912109 2.912109 2.912109 2.912109 2.912109 2.916016 2.916016 2.916016 2.916016 2.462891 2.552734 2.744141 2.865234 2.896484 2.880859 2.865234 2.849609 2.841797 2.837891 2.837891 2.837891 2.841797 2.841797 2.845703 2.849609 2.857422 2.861328 2.869141 2.876953 2.880859 2.884766 2.884766 2.880859 2.876953 2.869141 2.861328 2.845703 2.822266 2.794922 2.767578 2.740234 2.712891 2.681641 2.654297 2.630859 2.615234 2.599609 2.583984 2.568359 2.556641 2.552734 2.560547
2.908203 2.849609 2.810547 2.783203 2.763672 2.755859 2.755859 2.767578 2.779297 2.791016 2.806641 2.830078 2.857422 2.884766 2.908203 2.916016 2.916016 2.916016 2.544922 2.615234 2.779297 2.876953 2.896484 2.884766 2.869141 2.853516 2.845703 2.837891 2.833984 2.830078 2.833984 2.833984 2.837891 2.841797 2.849609 2.857422 2.865234 2.873047 2.876953 2.876953 2.869141 2.869141 2.865234 2.861328 2.861328 2.853516 2.841797 2.822266 2.798828 2.771484 2.744141 2.716797 2.685547 2.658203 2.638672 2.623047 2.607422 2.587891 2.572266 2.556641 2.548828 2.548828
2.830078 2.708984 2.619141 2.552734 2.482422 2.416016 2.369141 2.341797 2.353516 2.380859 2.435547 2.548828 2.677734 2.810547 2.908203 2.916016 2.916016 2.638672 2.685547 2.806641 2.880859 2.900391 2.888672 2.873047 2.865234 2.853516 2.845703 2.837891 2.830078 2.826172 2.826172 2.830078 2.837891 2.841797 2.849609 2.861328 2.869141 2.876953 2.876953 2.865234 2.857422 2.853516 2.853516 2.853516 2.853516 2.849609 2.841797 2.822266 2.802734 2.779297 2.751953 2.720703 2.693359 2.669922 2.650391 2.638672 2.623047 2.607422 2.587891 2.572266 2.556641 2.544922
2.853516 2.630859 2.458984 2.330078 2.205078 2.099609 2.017578 1.978516 2.041016 2.130859 2.294922 2.537109 2.783203 2.916016 2.916016 2.916016 2.712891 2.748047 2.833984 2.888672 2.900391 2.892578 2.880859 2.873047 2.861328 2.853516 2.845703 2.837891 2.830078 2.826172 2.826172 2.830078 2.837891 2.845703 2.853516 2.865234 2.873047 2.880859 2.865234 2.853516 2.845703 2.837891 2.837891 2.841797 2.845703 2.845703 2.841797 2.826172 2.806641 2.783203 2.755859 2.728516 2.705078 2.681641 2.666016 2.654297 2.642578 2.626953 2.607422 2.587891 2.568359 2.544922
2.712891 2.916016 2.716797 2.458984 2.287109 2.181641 2.115234 2.162109 2.404297 2.681641 2.916016 2.916016 2.916016 2.916016 2.861328 2.755859 2.798828 2.861328 2.896484 2.900391 2.896484 2.884766 2.876953 2.869141 2.861328 2.857422 2.849609 2.841797 2.833984 2.826172 2.826172 2.826172 2.833984 2.845703 2.857422 2.869141 2.876953 2.876953 2.857422 2.841797 2.830078 2.826172 2.822266 2.826172 2.837891 2.841797 2.841797 2.830078 2.814453 2.791016 2.767578 2.740234 2.712891 2.697266 2.685547 2.677734 2.666016 2.650391 2.634766 2.611328 2.587891 2.560547
1.705078 1.873047 2.802734 2.916016 2.916016 2.916016 2.916016 2.916016 2.916016 2.916016 2.916016 2.916016 2.916016 2.806641 2.806641 2.849609 2.884766 2.900391 2.900391 2.892578 2.884766 2.876953 2.873047 2.865234 2.861328 2.857422 2.849609 2.845703 2.837891 2.830078 2.830078 2.830078 2.837891 2.845703 2.857422 2.869141 2.880859 2.869141 2.849609 2.830078 2.814453 2.806641 2.806641 2.814453 2.826172 2.837891 2.841797 2.837891 2.826172 2.806641 2.783203 2.755859 2.728516 2.716797 2.705078 2.697266 2.689453 2.673828 2.658203 2.634766 2.611328 2.583984
1.748047 1.771484 1.849609 2.017578 2.322266 2.916016 2.916016 2.916016 2.916016 2.916016 2.869141 2.826172 2.830078 2.857422 2.884766 2.900391 2.904297 2.896484 2.888672 2.876953 2.869141 2.865234 2.861328 2.857422 2.853516 2.849609 2.849609 2.845703 2.837891 2.833984 2.830078 2.830078 2.837891 2.845703 2.853516 2.865234 2.876953 2.865234 2.845703 2.822266 2.802734 2.791016 2.787109 2.794922 2.810547 2.826172 2.837891 2.837891 2.833984 2.822266 2.802734 2.779297 2.751953 2.736328 2.728516 2.724609 2.716797 2.701172 2.685547 2.662109 2.634766 2.607422
1.70141E+38 1.70141E+38 1.70141E+38 1.70141E+38 1.70141E+38 1.70141E+38 1.70141E+38 1.70141E+38 1.70141E+38 1.70141E+38 1.70141E+38 1.70141E+38 1.70141E+38 1.70141E+38 1.70141E+38 1.70141E+38 1.70141E+38 1.70141E+38 1.70141E+38 1.70141E+38 1.70141E+38 1.70141E+38 1.70141E+38 1.70141E+38 1.70141E+38 1.70141E+38 1.70141E+38 1.70141E+38 1.70141E+38 1.70141E+38 1.70141E+38 1.70141E+38 1.70141E+38 1.70141E+38 1.70141E+38 1.70141E+38 1.70141E+38 1.70141E+38 1.70141E+38 1.70141E+38 1.70141E+38 1.70141E+38 1.70141E+38 1.70141E+38 1.70141E+38 1.70141E+38 1.70141E+38 1.70141E+38 1.70141E+38 1.70141E+38 1.70141E+38 1.70141E+38 1.70141E+38 1.70141E+38 1.70141E+38 1.70141E+38 1.70141E+38 1.70141E+38 1.70141E+38 1.70141E+38 1.70141E+38 1.70141E+38
1.70141E+38 1.70141E+38 1.70141E+38 1.70141E+38 1.70141E+38 1.70141E+38 1.70141E+38 1.70141E+38 1.70141E+38 1.70141E+38 1.70141E+38 1.70141E+38 1.70141E+38 1.70141E+38 1.70141E+38 1.70141E+38 1.70141E+38 1.70141E+38 1.70141E+38 1.70141E+38 1.70141E+38 1.70141E+38 1.70141E+38 1.70141E+38 1.70141E+38 1.70141E+38 1.70141E+38 1.70141E+38 1.70141E+38 1.70141E+38 1.70141E+38 1.70141E+38 1.70141E+38 1.70141E+38 1.70141E+38 1.70141E+38 1.70141E+38 1.70141E+38 1.70141E+38 1.70141E+38 1.70141E+38 1.70141E+38 1.70141E+38 1.70141E+38 1.70141E+38 1.70141E+38 1.70141E+38 1.70141E+38 1.70141E+38 1.70141E+38 1.70141E+38 1.70141E+38 1.70141E+38 1.70141E+38 1.70141E+38 1.70141E+38 1.70141E+38 1.70141E+38 1.70141E+38 1.70141E+38 1.70141E+38 1.70141E+38
1.70141E+38 1.70141E+38 1.70141E+38 1.70141E+38 1.70141E+38 1.70141E+38 1.70141E+38 1.70141E+38 1.70141E+38 1.70141E+38 1.70141E+38 1.70141E+38 1.70141E+38 1.70141E+38 1.70141E+38 1.70141E+38 1.70141E+38 1.70141E+38 1.70141E+38 1.70141E+38 1.70141E+38 1.70141E+38 1.70141E+38 1.70141E+38 1.70141E+38 1.70141E+38 1.70141E+38 1.70141E+38 1.70141E+38 1.70141E+38 1.70141E+38 1.70141E+38 1.70141E+38 1.70141E+38 1.70141E+38 1.70141E+38 1.70141E+38 1.70141E+38 1.70141E+38 1.70141E+38 1.70141E+38 1.70141E+38 1.70141E+38 1.70141E+38 1.70141E+38 1.70141E+38 1.70141E+38 1.70141E+38 1.70141E+38 1.70141E+38 1.70141E+38 1.70141E+38 1.70141E+38 1.70141E+38 1.70141E+38 1.70141E+38 1.70141E+38 1.70141E+38 1.70141E+38 1.70141E+38 1.70141E+38 1.70141E+38
1.70141E+38 1.70141E+38 1.70141E+38 1.70141E+38 1.70141E+38 1.70141E+38 1.70141E+38 1.70141E+38 1.70141E+38 1.70141E+38 1.70141E+38 1.70141E+38 1.70141E+38 1.70141E+38 1.70141E+38 1.70141E+38 1.70141E+38 1.70141E+38 1.70141E+38 1.70141E+38 1.70141E+38 1.70141E+38 1.70141E+38 1.70141E+38 1.70141E+38 1.70141E+38 1.70141E+38 1.70141E+38 1.70141E+38 1.70141E+38 1.70141E+38 1.70141E+38 1.70141E+38 1.70141E+38 1.70141E+38 1.70141E+38 1.70141E+38 1.70141E+38 1.70141E+38 1.70141E+38 1.70141E+38 1.70141E+38 1.70141E+38 1.70141E+38 1.70141E+38 1.70141E+38 1.70141E+38 1.70141E+38 1.70141E+38 1.70141E+38 1.70141E+38 1.70141E+38 1.70141E+38 1.70141E+38 1.70141E+38 1.70141E+38 1.70141E+38 1.70141E+38 1.70141E+38 1.70141E+38 1.70141E+38 1.70141E+38
1.70141E+38 1.70141E+38 1.70141E+38 1.70141E+38 1.70141E+38 1.70141E+38 1.70141E+38 1.70141E+38 1.70141E+38 1.70141E+38 1.70141E+38 1.70141E+38 1.70141E+38 1.70141E+38 1.70141E+38 1.70141E+38 1.70141E+38 1.70141E+38 1.70141E+38 1.70141E+38 1.70141E+38 1.70141E+38 1.70141E+38 1.70141E+38 1.70141E+38 1.70141E+38 1.70141E+38 1.70141E+38 1.70141E+38 1.70141E+38 1.70141E+38 1.70141E+38 1.70141E+38 1.70141E+38 1.70141E+38 1.70141E+38 1.70141E+38 1.70141E+38 1.70141E+38 1.70141E+38 1.70141E+38 1.70141E+38 1.70141E+38 1.70141E+38 1.70141E+38 1.70141E+38 1.70141E+38 1.70141E+38 1.70141E+38 1.70141E+38 1.70141E+38 1.70141E+38 1.70141E+38 1.70141E+38 1.70141E+38 1.70141E+38 1.70141E+38 1.70141E+38 1.70141E+38 1.70141E+38 1.70141E+38 1.70141E+38
1.70141E+38 1.70141E+38 1.70141E+38 1.70141E+38 1.70141E+38 1.70141E+38 1.70141E+38 1.70141E+38 1.70141E+38 1.70141E+38 1.70141E+38 1.70141E+38 1.70141E+38 1.70141E+38 1.70141E+38 1.70141E+38 1.70141E+38 1.70141E+38 1.70141E+38 1.70141E+38 1.70141E+38 1.70141E+38 1.70141E+38 1.70141E+38 1.70141E+38 1.70141E+38 1.70141E+38 1.70141E+38 1.70141E+38 1.70141E+38 1.70141E+38 1.70141E+38 1.70141E+38 1.70141E+38 1.70141E+38 1.70141E+38 1.70141E+38 1.70141E+38 1.70141E+38 1.70141E+38 1.70141E+38 1.70141E+38 1.70141E+38 1.70141E+38 1.70141E+38 1.70141E+38 1.70141E+38 1.70141E+38 1.70141E+38 1.70141E+38 1.70141E+38 1.70141E+38 1.70141E+38 1.70141E+38 1.70141E+38 1.70141E+38 1.70141E+38 1.70141E+38 1.70141E+38 1.70141E+38 1.70141E+38 1.70141E+38
1.70141E+38 1.70141E+38 1.70141E+38 1.70141E+38 1.70141E+38 1.70141E+38 1.70141E+38 1.70141E+38 1.70141E+38 1.70141E+38 1.70141E+38 1.70141E+38 1.70141E+38 1.70141E+38 1.70141E+38 1.70141E+38 1.70141E+38 1.70141E+38 1.70141E+38 1.70141E+38 1.70141E+38 1.70141E+38 1.70141E+38 1.70141E+38 1.70141E+38 1.70141E+38 1.70141E+38 1.70141E+38 1.70141E+38 1.70141E+38 1.70141E+38 1.70141E+38 1.70141E+38 1.70141E+38 1.70141E+38 1.70141E+38 1.70141E+38 1.70141E+38 1.70141E+38 1.70141E+38 1.70141E+38 1.70141E+38 1.70141E+38 1.70141E+38 1.70141E+38 1.70141E+38 1.70141E+38 1.70141E+38 1.70141E+38 1.70141E+38 1.70141E+38 1.70141E+38 1.70141E+38 1.70141E+38 1.70141E+38 1.70141E+38 1.70141E+38 1.70141E+38 1.70141E+38 1.70141E+38 1.70141E+38 1.70141E+38
1.70141E+38 1.70141E+38 1.70141E+38 1.70141E+38 1.70141E+38 1.70141E+38 1.70141E+38 1.70141E+38 1.70141E+38 1.70141E+38 1.70141E+38 1.70141E+38 1.70141E+38 1.70141E+38 1.70141E+38 1.70141E+38 1.70141E+38 1.70141E+38 1.70141E+38 1.70141E+38 1.70141E+38 1.70141E+38 1.70141E+38 1.70141E+38 1.70141E+38 1.70141E+38 1.70141E+38 1.70141E+38 1.70141E+38 1.70141E+38 1.70141E+38 1.70141E+38 1.70141E+38 1.70141E+38 1.70141E+38 1.70141E+38 1.70141E+38 1.70141E+38 1.70141E+38 1.70141E+38 1.70141E+38 1.70141E+38 1.70141E+38 1.70141E+38 1.70141E+38 1.70141E+38 1.70141E+38 1.70141E+38 1.70141E+38 1.70141E+38 1.70141E+38 1.70141E+38 1.70141E+38 1.70141E+38 1.70141E+38 1.70141E+38 1.70141E+38 1.70141E+38 1.70141E+38 1.70141E+38 1.70141E+38 1.70141E+38
