py_wake/examples/data/AJ_ParqueFicticio/Ridge area   Sector 12   Height 30m   Mean speed.grd
DSAA
90  129
 262878   265103
 6504214   6507414
 .2675334   6.021874
[rows 54 to 80 of 129, columns 0 to 61 of 90]
4.918911 4.783813 4.622894 4.418285 4.172062 3.837786 3.44176 3.0721 2.836942 2.716144 2.737754 2.800349 2.778038 2.594589 2.294669 1.958704 1.696099 1.575678 1.518542 1.555791 1.702575 1.892537 2.104359 2.314254 2.494466 2.599512 2.673305 2.78686 2.863996 2.937569 3.070933 3.209845 3.357018 3.529747 3.685026 3.842865 4.018298 4.197984 4.390613 4.596649 4.805295 5.007866 5.181183 5.32569 5.450393 5.529902 5.533572 5.474104 5.374176 5.235954 5.081983 4.894365 4.680157 4.452044 4.198658 4.03695 3.989789 4.010332 4.102494 4.27165 4.496974 4.708401
5.015584 4.910168 4.777913 4.608745 4.393472 4.130421 3.855211 3.580742 3.360342 3.260848 3.26472 3.308643 3.257784 3.048254 2.72982 2.358881 2.028146 1.774049 1.644952 1.644898 1.752764 1.93621 2.151396 2.380173 2.610219 2.784223 2.931293 3.064203 3.18416 3.304975 3.427586 3.567633 3.690409 3.794449 3.888117 3.994556 4.142166 4.295456 4.454571 4.628403 4.814944 5.005167 5.171859 5.316845 5.444735 5.517015 5.540001 5.505159 5.43245 5.309579 5.154683 4.978936 4.78536 4.588675 4.378027 4.222466 4.166482 4.236113 4.338899 4.475663 4.62112 4.735162
5.10856 5.034003 4.930143 4.784807 4.596056 4.391098 4.172881 3.96702 3.80118 3.706788 3.709497 3.757139 3.73566 3.545636 3.252973 2.879467 2.498639 2.141786 1.891288 1.790965 1.876137 2.060482 2.278167 2.54776 2.833942 3.069571 3.256934 3.412268 3.543685 3.670878 3.797071 3.917077 4.016719 4.084357 4.147114 4.226626 4.324582 4.436446 4.553731 4.697952 4.867106 5.036454 5.188777 5.328844 5.447187 5.51322 5.546237 5.524187 5.467753 5.376778 5.235059 5.066264 4.88819 4.706498 4.514043 4.36201 4.29725 4.376585 4.483998 4.585932 4.671439 4.730509
5.201034 5.145681 5.062067 4.938175 4.784428 4.607623 4.452712 4.315964 4.204643 4.125243 4.108314 4.159214 4.165998 4.043324 3.800755 3.480144 3.077157 2.664496 2.297757 2.107212 2.168407 2.352808 2.563703 2.835801 3.139384 3.399229 3.596468 3.756295 3.883123 4.00861 4.122509 4.220377 4.295527 4.3566 4.420456 4.484046 4.55215 4.62348 4.70638 4.818336 4.965315 5.112773 5.247925 5.372371 5.466866 5.528711 5.5624 5.548405 5.5006 5.43044 5.321907 5.172561 5.004547 4.829518 4.653935 4.502724 4.410193 4.474883 4.569977 4.642504 4.687476 4.692444
5.310305 5.242519 5.176501 5.067644 4.937715 4.826065 4.720907 4.61724 4.534516 4.490555 4.49568 4.524532 4.521708 4.437608 4.26569 4.030284 3.709308 3.351009 2.953144 2.715771 2.723061 2.850286 3.024735 3.257684 3.512819 3.736844 3.911967 4.049157 4.17047 4.283024 4.384047 4.473576 4.543837 4.604804 4.663895 4.7236 4.782249 4.843936 4.915464 5.00344 5.113727 5.230812 5.348871 5.442409 5.518643 5.571092 5.600381 5.590731 5.5489 5.483205 5.397712 5.276999 5.125574 4.96394 4.802621 4.660666 4.548069 4.581676 4.647169 4.66936 4.646284 4.573858
5.423622 5.380346 5.31706 5.234069 5.147483 5.059718 4.978844 4.90579 4.842189 4.808598 4.814036 4.833012 4.82495 4.757759 4.628145 4.463635 4.254341 3.989941 3.696224 3.471394 3.407619 3.426739 3.540594 3.71438 3.893162 4.048023 4.179421 4.291095 4.390829 4.490527 4.590805 4.684804 4.763413 4.827538 4.886973 4.94626 5.001004 5.059765 5.124894 5.199521 5.281513 5.371818 5.458628 5.528284 5.59905 5.64649 5.673538 5.668596 5.628747 5.557647 5.469715 5.369471 5.242156 5.089316 4.936662 4.799103 4.687054 4.681544 4.701025 4.657897 4.543895 4.383125
5.554031 5.533563 5.497257 5.440716 5.375075 5.310858 5.249843 5.192827 5.141691 5.105989 5.102473 5.116911 5.108109 5.053591 4.95366 4.836662 4.695969 4.524814 4.336405 4.158388 4.093866 4.075491 4.098247 4.187238 4.281753 4.360605 4.437812 4.507366 4.575462 4.664294 4.759319 4.858385 4.947152 5.015023 5.074376 5.133909 5.186206 5.2387 5.298084 5.356132 5.422114 5.489124 5.547029 5.604907 5.673364 5.721418 5.74324 5.745286 5.720419 5.648509 5.546837 5.444337 5.336351 5.199002 5.050341 4.91186 4.790626 4.733204 4.722652 4.610856 4.39855 4.144465
5.703933 5.698336 5.676996 5.640482 5.595749 5.551605 5.506651 5.458236 5.414525 5.381867 5.373582 5.379219 5.375495 5.343363 5.266959 5.163746 5.04963 4.924471 4.795676 4.676254 4.599876 4.556039 4.533576 4.557899 4.598425 4.638457 4.684067 4.737568 4.796408 4.849768 4.90535 4.988194 5.075462 5.14358 5.206002 5.263378 5.312405 5.36405 5.415435 5.465999 5.522761 5.573043 5.613612 5.660077 5.716792 5.752882 5.757164 5.760196 5.755777 5.715616 5.61991 5.510021 5.405803 5.28412 5.138433 4.988312 4.842857 4.713621 4.682798 4.521435 4.20238 3.829985
5.848326 5.857982 5.851537 5.842526 5.831961 5.810157 5.772993 5.731258 5.690828 5.658134 5.643367 5.639622 5.628617 5.596125 5.537416 5.449487 5.361836 5.266077 5.169678 5.070935 4.98355 4.934998 4.900701 4.890791 4.890069 4.908689 4.934857 4.962086 4.997202 5.039799 5.076672 5.112379 5.153392 5.217062 5.274603 5.325785 5.378413 5.432909 5.483222 5.532622 5.583708 5.627331 5.665759 5.708354 5.747082 5.762456 5.750933 5.746918 5.74825 5.740672 5.682979 5.578945 5.466213 5.348642 5.208588 5.048151 4.878195 4.719621 4.625288 4.418025 3.975696 3.427713
5.940932 5.972655 5.982967 5.984273 5.979784 5.964033 5.939617 5.911372 5.882516 5.857812 5.835875 5.820054 5.811812 5.798627 5.768952 5.710326 5.641937 5.569016 5.491722 5.407639 5.3317 5.273671 5.237869 5.206869 5.186452 5.176388 5.171313 5.172545 5.187253 5.205214 5.223212 5.239993 5.256822 5.268268 5.314263 5.356782 5.403824 5.454913 5.507005 5.561704 5.609993 5.651213 5.691044 5.736626 5.773948 5.772026 5.748708 5.733952 5.729973 5.732352 5.715118 5.639832 5.525973 5.409691 5.277806 5.116977 4.928792 4.748941 4.592569 4.363844 3.833024 3.138066
5.939111 5.983057 6.010059 6.020032 6.021874 6.015202 6.000353 5.982885 5.96666 5.954204 5.941308 5.931731 5.928316 5.9237 5.909066 5.872216 5.818809 5.765305 5.716841 5.665676 5.60074 5.53595 5.487145 5.454243 5.423683 5.386572 5.358653 5.3445 5.338371 5.334536 5.333402 5.331017 5.33108 5.329352 5.326468 5.359131 5.397193 5.441204 5.488564 5.543698 5.597019 5.637828 5.675289 5.720864 5.771803 5.778909 5.74849 5.722481 5.709606 5.709242 5.71126 5.676166 5.575915 5.463996 5.340302 5.192617 4.994353 4.801612 4.611213 4.385291 3.865144 3.138192
5.844168 5.898571 5.951571 5.990389 6.00956 6.01842 6.016492 6.007338 5.997378 5.985578 5.971272 5.95587 5.944367 5.937222 5.928369 5.905972 5.874231 5.839112 5.803641 5.767493 5.718923 5.666759 5.621564 5.587081 5.55325 5.516502 5.483385 5.457292 5.434326 5.413083 5.390326 5.367739 5.348194 5.329408 5.30796 5.319452 5.343102 5.37435 5.416665 5.47157 5.530933 5.578202 5.615945 5.661956 5.724283 5.765032 5.746599 5.713841 5.692473 5.685789 5.689876 5.67975 5.603 5.497507 5.385994 5.257602 5.059138 4.863718 4.670222 4.463613 4.051961 3.389239
5.681461 5.742959 5.812994 5.887172 5.926718 5.946028 5.951418 5.946954 5.9322 5.912819 5.888594 5.86251 5.841163 5.831901 5.834171 5.832681 5.814661 5.792526 5.765806 5.739555 5.707295 5.672571 5.635774 5.601927 5.574875 5.550661 5.525126 5.497349 5.468728 5.436027 5.397053 5.35575 5.316885 5.279836 5.242698 5.250577 5.255645 5.26829 5.301848 5.355721 5.414749 5.479708 5.531197 5.580228 5.642865 5.718227 5.73526 5.706618 5.679589 5.66718 5.667767 5.665142 5.603785 5.509435 5.414895 5.307396 5.124987 4.938029 4.749625 4.551724 4.269333 3.680757
5.477494 5.536232 5.60512 5.700651 5.781955 5.827075 5.844081 5.84024 5.815075 5.776885 5.733003 5.688879 5.654771 5.642999 5.651908 5.67796 5.674575 5.657047 5.636419 5.621312 5.602 5.573712 5.544773 5.520328 5.499502 5.478872 5.458247 5.437668 5.408145 5.374084 5.335224 5.285151 5.228217 5.172642 5.15881 5.16127 5.150124 5.144815 5.165179 5.215045 5.272759 5.347676 5.424523 5.484609 5.55147 5.63788 5.698802 5.696563 5.669564 5.654529 5.653599 5.652866 5.600647 5.517678 5.441567 5.354452 5.197355 5.02724 4.848295 4.655732 4.434163 3.801211
5.236802 5.287916 5.344786 5.421992 5.51027 5.581687 5.622836 5.621334 5.583857 5.521899 5.458736 5.403653 5.366096 5.358694 5.371851 5.411603 5.445208 5.444913 5.429078 5.418444 5.416055 5.395212 5.369429 5.349668 5.332711 5.308235 5.28111 5.258196 5.227339 5.190785 5.148402 5.099244 5.033068 5.011625 5.010137 5.016583 5.006999 4.993017 5.000169 5.038445 5.106684 5.189337 5.289522 5.381202 5.451205 5.53618 5.626817 5.670901 5.659807 5.644879 5.645165 5.645926 5.600091 5.524542 5.459065 5.384924 5.248549 5.09381 4.93027 4.750342 4.53863 2.839806
4.984529 5.013515 5.047735 5.086906 5.136586 5.188431 5.226946 5.23682 5.214542 5.164373 5.104412 5.0492 5.007682 4.987444 4.992984 5.027675 5.083206 5.118268 5.12668 5.118608 5.118975 5.116745 5.09666 5.073332 5.057225 5.040521 5.006516 4.966949 4.926962 4.884624 4.834149 4.841514 4.831871 4.802752 4.779262 4.776329 4.7765 4.772863 4.783751 4.821681 4.900163 4.998389 5.115003 5.251558 5.343488 5.426629 5.52684 5.616704 5.642341 5.635169 5.639716 5.643221 5.601456 5.527012 5.460861 5.382339 5.251622 5.10015 4.946555 4.782917 4.595634 2.899738
4.720981 4.727938 4.734962 4.737792 4.74197 4.760427 4.781677 4.795342 4.786151 4.750598 4.698967 4.644185 4.585058 4.54638 4.537541 4.558364 4.608961 4.657403 4.695112 4.713594 4.714687 4.724552 4.726777 4.712097 4.69514 4.673585 4.641969 4.605596 4.590241 4.577856 4.5772 4.579423 4.570025 4.53756 4.498799 4.464076 4.440781 4.438104 4.471543 4.559517 4.65758 4.77633 4.920555 5.089311 5.236861 5.320172 5.421453 5.534668 5.606003 5.62224 5.633948 5.643933 5.609972 5.537537 5.466018 5.37421 5.251123 5.105987 4.95724 4.799156 3.856125 3.926363
4.440825 4.478688 4.516196 4.524888 4.50325 4.466964 4.432056 4.390828 4.327373 4.260563 4.207773 4.147016 4.078211 4.045501 4.033948 4.062341 4.104007 4.1508 4.19643 4.236505 4.272995 4.310552 4.337289 4.35534 4.371608 4.374313 4.366108 4.346272 4.329833 4.317256 4.316538 4.312751 4.298071 4.265485 4.224692 4.177339 4.139378 4.099466 4.099162 4.233636 4.415724 4.560035 4.723099 4.912038 5.114967 5.220237 5.321099 5.438097 5.542162 5.59126 5.613854 5.626834 5.603829 5.542928 5.469766 5.372218 5.254666 5.118655 4.971672 4.817558 3.326043 4.264638
4.26179 4.285641 4.3221 4.32785 4.281301 4.221222 4.165692 4.112541 4.041699 3.953406 3.862748 3.777521 3.701254 3.674853 3.696161 3.734251 3.774492 3.816607 3.855548 3.890833 3.936332 3.99731 4.04116 4.062075 4.081953 4.092576 4.094346 4.079066 4.063402 4.047205 4.04409 4.053179 4.049499 4.025344 3.982619 3.94419 3.933039 3.89377 3.855753 3.970277 4.209767 4.400514 4.577606 4.777368 5.001252 5.137886 5.233494 5.340809 5.443844 5.507363 5.534844 5.551448 5.545842 5.510769 5.450079 5.36377 5.258543 5.13095 4.993746 4.843185 4.682096 4.511257
4.054472 4.071575 4.08353 4.079709 4.035181 3.978188 3.921952 3.865458 3.79006 3.700655 3.606192 3.511131 3.420781 3.374142 3.370351 3.405299 3.438831 3.481564 3.508893 3.53967 3.589833 3.647225 3.702592 3.7339 3.750046 3.762677 3.776945 3.778459 3.777276 3.771311 3.777885 3.792652 3.822552 3.832566 3.805312 3.78812 3.80561 3.801949 3.80648 3.894994 4.124364 4.333452 4.51843 4.715888 4.934047 5.085139 5.170303 5.262398 5.347264 5.405038 5.436264 5.462492 5.47403 5.461332 5.419432 5.352574 5.262312 5.146143 5.017516 4.873652 4.714328 4.540729
3.846314 3.849721 3.852413 3.83592 3.798316 3.746296 3.689086 3.628909 3.556952 3.465963 3.346692 3.229652 3.136993 3.099284 3.09484 3.094145 3.127476 3.167438 3.190924 3.243367 3.320936 3.364594 3.390866 3.428766 3.450408 3.45289 3.446076 3.447101 3.447097 3.457881 3.478968 3.496588 3.563849 3.641236 3.66729 3.68391 3.721786 3.76354 3.813942 3.90926 4.115292 4.318442 4.509939 4.706035 4.910359 5.058904 5.132795 5.210068 5.27452 5.320005 5.353751 5.38763 5.409771 5.406394 5.37875 5.332942 5.256245 5.15878 5.041237 4.904459 4.750822 4.5785
3.692722 3.681719 3.665668 3.642208 3.596729 3.528068 3.454377 3.402371 3.385177 3.330342 3.220602 3.070983 2.907495 2.830996 2.872011 2.891394 2.869948 2.900669 2.973829 3.076282 3.188323 3.232632 3.222546 3.202938 3.225279 3.253763 3.235604 3.17938 3.129656 3.160514 3.201331 3.201745 3.274664 3.439049 3.556447 3.635633 3.713606 3.788174 3.855328 3.964864 4.160924 4.351659 4.533563 4.717391 4.904783 5.046742 5.111858 5.17673 5.221842 5.251986 5.281564 5.316133 5.337721 5.333054 5.317418 5.29162 5.232664 5.15245 5.054397 4.934802 4.786056 4.617299
3.602725 3.592734 3.568574 3.535389 3.480799 3.401824 3.32186 3.28531 3.322863 3.30053 3.2187 3.080108 2.911565 2.808614 2.846681 2.85675 2.806753 2.813018 2.916898 3.063769 3.174648 3.210481 3.193084 3.151984 3.154063 3.189396 3.175259 3.114969 3.04305 3.050799 3.1025 3.109274 3.17332 3.374339 3.549299 3.686976 3.800889 3.899131 3.975685 4.096447 4.271031 4.438521 4.601005 4.761156 4.92481 5.052509 5.107992 5.158112 5.18206 5.19404 5.210935 5.228006 5.231331 5.224489 5.216148 5.201423 5.167989 5.112289 5.041599 4.947907 4.81623 4.661484
3.527113 3.525002 3.511045 3.483388 3.437261 3.388106 3.357692 3.366436 3.410185 3.4072 3.358261 3.251021 3.164644 3.105262 3.076438 3.057502 3.006063 2.999907 3.050294 3.160342 3.2629 3.30759 3.309287 3.288525 3.282507 3.293764 3.281497 3.242353 3.202968 3.210261 3.236139 3.254193 3.332198 3.491151 3.660485 3.810138 3.938634 4.056148 4.160071 4.287186 4.431034 4.574812 4.708151 4.83539 4.966364 5.069826 5.117571 5.151937 5.158941 5.150651 5.129428 5.103086 5.086601 5.075116 5.063857 5.058533 5.047101 5.020931 4.978831 4.916393 4.817379 4.697046
3.471313 3.460284 3.452293 3.45766 3.445744 3.427376 3.429867 3.490566 3.552168 3.56757 3.563617 3.558337 3.517174 3.469283 3.428664 3.406149 3.38751 3.352356 3.352337 3.401157 3.469143 3.503674 3.51821 3.532534 3.539099 3.520722 3.49271 3.466969 3.454722 3.450936 3.450939 3.473191 3.553293 3.677763 3.833357 3.978339 4.107837 4.232412 4.355439 4.477768 4.595499 4.718506 4.826572 4.933511 5.03333 5.102935 5.141269 5.159153 5.152609 5.114297 5.042559 4.975093 4.934051 4.906169 4.888346 4.881336 4.886778 4.884858 4.871591 4.842803 4.784728 4.705305
3.487883 3.466757 3.458901 3.507144 3.534194 3.531123 3.554271 3.643553 3.721755 3.776593 3.825128 3.841006 3.829084 3.805848 3.794456 3.774792 3.754077 3.729751 3.722106 3.731365 3.748311 3.757334 3.773264 3.796319 3.799582 3.770577 3.734351 3.715222 3.697898 3.670894 3.657907 3.683745 3.741294 3.857592 4.011219 4.151415 4.276943 4.404492 4.532229 4.64472 4.749813 4.849257 4.936844 5.029459 5.107205 5.151618 5.1796 5.18594 5.165184 5.085866 4.986055 4.885968 4.806026 4.75136 4.71748 4.702013 3.734891 3.664387 3.913213 4.410694 4.702349 4.661765
3.610436 3.60778 3.625765 3.67694 3.712319 3.737424 3.787882 3.859886 3.943654 4.020194 4.077827 4.110418 4.121771 4.119519 4.105838 4.091658 4.07629 4.058292 4.049246 4.034361 4.029991 4.03106 4.042315 4.05142 4.045579 4.020868 3.986942 3.957493 3.924964 3.891619 3.877107 3.892647 3.935751 4.038431 4.173294 4.303809 4.426386 4.553679 4.680729 4.790438 4.889083 4.97465 5.051198 5.121841 5.173492 5.207508 5.226776 5.228383 5.188493 5.091594 4.97597 4.849335 4.732002 4.63829 3.160173 2.7024 2.762662 2.912938 3.097817 3.280638 3.410808 3.402368
