py_wake/examples/data/AJ_ParqueFicticio/Ridge area   Sector 5   Height 200m   Weibull-k.grd
DSAA
90  129
 262878   265103
 6504214   6507414
 1.197266   2.861328
[rows 27 to 53 of 129, columns 0 to 61 of 90]
2.482422 2.478516 2.486328 2.490234 2.501953 2.513672 2.525391 2.537109 2.552734 2.568359 2.580078 2.587891 2.595703 2.599609 2.607422 2.619141 2.626953 2.638672 2.650391 2.662109 2.677734 2.697266 2.712891 2.724609 2.740234 2.751953 2.763672 2.771484 2.771484 2.771484 2.771484 2.767578 2.759766 2.751953 2.744141 2.732422 2.716797 2.697266 2.673828 2.646484 2.623047 2.595703 2.564453 2.533203 2.513672 2.498047 2.494141 2.494141 2.505859 2.529297 2.560547 2.599609 2.634766 2.673828 2.705078 2.728516 1.236328 2.697266 2.720703 2.693359 2.654297 2.583984
2.462891 2.462891 2.466797 2.474609 2.482422 2.494141 2.509766 2.525391 2.541016 2.556641 2.568359 2.576172 2.580078 2.583984 2.591797 2.599609 2.607422 2.619141 2.630859 2.642578 2.658203 2.673828 2.689453 2.705078 2.720703 2.736328 2.748047 2.755859 2.759766 2.763672 2.759766 2.755859 2.748047 2.740234 2.732422 2.720703 2.705078 2.685547 2.662109 2.638672 2.615234 2.583984 2.552734 2.525391 2.505859 2.490234 2.486328 2.494141 2.509766 2.533203 2.568359 2.607422 2.642578 2.677734 2.708984 2.724609 1.201172 1.287109 2.701172 2.669922 2.626953 2.548828
2.443359 2.447266 2.451172 2.455078 2.462891 2.474609 2.490234 2.505859 2.525391 2.541016 2.548828 2.552734 2.556641 2.560547 2.564453 2.572266 2.580078 2.587891 2.599609 2.611328 2.626953 2.642578 2.662109 2.677734 2.697266 2.716797 2.732422 2.744141 2.751953 2.751953 2.748047 2.744141 2.736328 2.724609 2.712891 2.701172 2.689453 2.669922 2.650391 2.630859 2.607422 2.576172 2.544922 2.521484 2.501953 2.486328 2.482422 2.494141 2.509766 2.537109 2.572266 2.611328 2.650391 2.681641 2.708984 1.208984 1.197266 1.267578 2.591797 2.646484 2.595703 2.509766
2.427734 2.431641 2.435547 2.439453 2.447266 2.458984 2.470703 2.486328 2.501953 2.521484 2.525391 2.525391 2.529297 2.533203 2.537109 2.541016 2.548828 2.552734 2.564453 2.576172 2.591797 2.611328 2.626953 2.650391 2.669922 2.689453 2.712891 2.732422 2.740234 2.740234 2.736328 2.728516 2.716797 2.705078 2.693359 2.681641 2.669922 2.654297 2.638672 2.619141 2.595703 2.568359 2.541016 2.521484 2.501953 2.490234 2.486328 2.498047 2.513672 2.541016 2.576172 2.615234 2.654297 2.685547 2.705078 1.267578 1.216797 1.263672 2.626953 2.623047 2.556641 2.462891
2.416016 2.416016 2.419922 2.419922 2.427734 2.439453 2.451172 2.462891 2.478516 2.494141 2.494141 2.498047 2.498047 2.501953 2.505859 2.509766 2.513672 2.517578 2.529297 2.544922 2.560547 2.580078 2.599609 2.623047 2.646484 2.669922 2.693359 2.716797 2.728516 2.732422 2.720703 2.708984 2.697266 2.685547 2.673828 2.666016 2.654297 2.638672 2.626953 2.607422 2.587891 2.560547 2.537109 2.517578 2.501953 2.494141 2.490234 2.501953 2.521484 2.548828 2.583984 2.623047 2.658203 2.689453 1.658203 1.455078 1.330078 1.291016 2.646484 2.595703 2.517578 2.416016
2.404297 2.404297 2.404297 2.408203 2.416016 2.423828 2.435547 2.443359 2.455078 2.462891 2.462891 2.466797 2.466797 2.470703 2.474609 2.478516 2.478516 2.486328 2.501953 2.521484 2.537109 2.556641 2.576172 2.599609 2.626953 2.650391 2.677734 2.701172 2.716797 2.720703 2.705078 2.693359 2.681641 2.669922 2.658203 2.646484 2.638672 2.626953 2.611328 2.595703 2.572266 2.548828 2.525391 2.509766 2.498047 2.494141 2.494141 2.505859 2.529297 2.556641 2.591797 2.630859 2.666016 2.689453 2.705078 2.705078 2.701172 1.826172 1.357422 2.568359 2.470703 2.357422
2.396484 2.396484 2.396484 2.396484 2.404297 2.412109 2.419922 2.427734 2.435547 2.435547 2.439453 2.439453 2.443359 2.447266 2.447266 2.447266 2.451172 2.462891 2.486328 2.501953 2.521484 2.541016 2.560547 2.583984 2.611328 2.634766 2.662109 2.685547 2.705078 2.708984 2.697266 2.681641 2.669922 2.658203 2.646484 2.634766 2.623047 2.611328 2.595703 2.580078 2.560547 2.537109 2.517578 2.501953 2.494141 2.490234 2.498047 2.513672 2.537109 2.564453 2.599609 2.634766 2.673828 2.697266 2.708984 2.708984 2.697266 2.669922 2.626953 2.537109 2.427734 2.294922
2.392578 2.392578 2.388672 2.388672 2.392578 2.400391 2.408203 2.412109 2.416016 2.419922 2.419922 2.423828 2.427734 2.431641 2.431641 2.427734 2.431641 2.451172 2.470703 2.494141 2.513672 2.529297 2.552734 2.576172 2.599609 2.626953 2.654297 2.677734 2.697266 2.705078 2.689453 2.673828 2.662109 2.646484 2.634766 2.623047 2.611328 2.599609 2.583984 2.568359 2.548828 2.529297 2.513672 2.498047 2.490234 2.490234 2.498047 2.517578 2.544922 2.576172 2.611328 2.646484 2.681641 2.708984 2.720703 2.716797 2.697266 2.662109 2.603516 2.501953 2.376953 2.185547
2.396484 2.392578 2.388672 2.380859 2.388672 2.392578 2.400391 2.404297 2.404297 2.408203 2.408203 2.416016 2.419922 2.423828 2.423828 2.419922 2.431641 2.451172 2.470703 2.490234 2.509766 2.533203 2.556641 2.580078 2.603516 2.634766 2.658203 2.681641 2.697266 2.701172 2.693359 2.677734 2.662109 2.646484 2.630859 2.619141 2.607422 2.595703 2.580078 2.568359 2.548828 2.529297 2.513672 2.501953 2.494141 2.494141 2.501953 2.525391 2.556641 2.587891 2.623047 2.658203 2.697266 2.724609 2.736328 2.728516 2.705078 2.654297 2.568359 2.455078 2.314453 1.986328
2.404297 2.396484 2.388672 2.380859 2.388672 2.392578 2.396484 2.400391 2.400391 2.404297 2.408203 2.412109 2.419922 2.427734 2.427734 2.431641 2.439453 2.458984 2.478516 2.498047 2.517578 2.541016 2.564453 2.591797 2.623047 2.650391 2.673828 2.693359 2.705078 2.708984 2.705078 2.689453 2.673828 2.654297 2.638672 2.626953 2.611328 2.599609 2.587891 2.572266 2.556641 2.537109 2.521484 2.509766 2.501953 2.501953 2.513672 2.537109 2.568359 2.599609 2.634766 2.669922 2.708984 2.740234 2.751953 2.744141 2.708984 2.634766 2.533203 2.404297 2.130859 1.705078
2.412109 2.404297 2.392578 2.384766 2.392578 2.396484 2.400391 2.404297 2.404297 2.408203 2.412109 2.419922 2.431641 2.435547 2.439453 2.447266 2.458984 2.478516 2.498047 2.517578 2.541016 2.564453 2.587891 2.619141 2.646484 2.673828 2.697266 2.712891 2.720703 2.720703 2.716797 2.708984 2.689453 2.673828 2.658203 2.642578 2.626953 2.615234 2.603516 2.587891 2.568359 2.548828 2.533203 2.521484 2.517578 2.517578 2.529297 2.548828 2.580078 2.611328 2.646484 2.681641 2.720703 2.755859 2.767578 2.755859 2.712891 2.619141 2.498047 2.353516 1.849609 1.998047
2.423828 2.408203 2.396484 2.388672 2.400391 2.408203 2.412109 2.416016 2.416016 2.419922 2.423828 2.435547 2.447266 2.455078 2.462891 2.470703 2.486328 2.505859 2.525391 2.544922 2.572266 2.595703 2.623047 2.650391 2.677734 2.701172 2.720703 2.736328 2.740234 2.740234 2.736328 2.724609 2.712891 2.697266 2.681641 2.666016 2.650391 2.638672 2.623047 2.607422 2.591797 2.572266 2.552734 2.541016 2.533203 2.533203 2.544922 2.564453 2.591797 2.623047 2.658203 2.689453 2.728516 2.767578 2.783203 2.771484 2.712891 2.603516 2.466797 2.310547 2.130859 1.935547
2.431641 2.412109 2.396484 2.392578 2.404297 2.412109 2.419922 2.427734 2.431641 2.435547 2.439453 2.451172 2.466797 2.478516 2.486328 2.498047 2.517578 2.537109 2.560547 2.583984 2.603516 2.626953 2.650391 2.681641 2.705078 2.728516 2.744141 2.755859 2.759766 2.759766 2.751953 2.748047 2.736328 2.724609 2.708984 2.697266 2.681641 2.666016 2.654297 2.638672 2.619141 2.595703 2.576172 2.560547 2.552734 2.548828 2.560547 2.576172 2.603516 2.634766 2.666016 2.701172 2.736328 2.779297 2.791016 2.775391 2.708984 2.591797 2.443359 2.275391 2.087891 1.888672
2.439453 2.416016 2.392578 2.388672 2.396484 2.408203 2.419922 2.431641 2.439453 2.447266 2.458984 2.470703 2.486328 2.498047 2.513672 2.529297 2.548828 2.568359 2.595703 2.619141 2.634766 2.654297 2.673828 2.701172 2.728516 2.751953 2.767578 2.775391 2.779297 2.779297 2.775391 2.767578 2.759766 2.751953 2.740234 2.724609 2.708984 2.697266 2.681641 2.666016 2.642578 2.619141 2.599609 2.583984 2.572266 2.568359 2.576172 2.591797 2.615234 2.642578 2.673828 2.708984 2.744141 2.787109 2.798828 2.783203 2.701172 2.576172 2.423828 2.251953 2.060547 1.884766
2.455078 2.423828 2.396484 2.380859 2.380859 2.388672 2.408203 2.423828 2.439453 2.451172 2.470703 2.486328 2.505859 2.521484 2.537109 2.556641 2.580078 2.603516 2.626953 2.650391 2.662109 2.677734 2.697266 2.720703 2.744141 2.763672 2.783203 2.794922 2.798828 2.798828 2.791016 2.787109 2.779297 2.771484 2.759766 2.748047 2.736328 2.724609 2.708984 2.689453 2.669922 2.646484 2.623047 2.607422 2.591797 2.587891 2.591797 2.607422 2.626953 2.654297 2.681641 2.716797 2.751953 2.791016 2.802734 2.779297 2.693359 2.560547 2.408203 2.240234 2.068359 1.935547
2.474609 2.443359 2.404297 2.373047 2.357422 2.361328 2.380859 2.400391 2.419922 2.443359 2.466797 2.494141 2.517578 2.537109 2.560547 2.583984 2.607422 2.630859 2.654297 2.673828 2.693359 2.705078 2.720703 2.740234 2.759766 2.779297 2.791016 2.806641 2.814453 2.810547 2.806641 2.798828 2.794922 2.783203 2.775391 2.763672 2.751953 2.744141 2.728516 2.708984 2.689453 2.666016 2.642578 2.623047 2.607422 2.603516 2.603516 2.615234 2.634766 2.658203 2.689453 2.720703 2.759766 2.794922 2.806641 2.771484 2.685547 2.552734 2.396484 2.244141 2.103516 2.029297
2.509766 2.486328 2.435547 2.384766 2.349609 2.341797 2.349609 2.365234 2.388672 2.419922 2.455078 2.490234 2.521484 2.548828 2.576172 2.599609 2.626953 2.650391 2.677734 2.701172 2.716797 2.728516 2.744141 2.759766 2.775391 2.791016 2.802734 2.814453 2.822266 2.822266 2.818359 2.810547 2.802734 2.794922 2.787109 2.775391 2.763672 2.755859 2.740234 2.724609 2.705078 2.677734 2.654297 2.634766 2.619141 2.611328 2.615234 2.623047 2.642578 2.666016 2.693359 2.728516 2.763672 2.798828 2.810547 2.767578 2.685547 2.556641 2.404297 2.271484 2.185547 2.181641
2.556641 2.541016 2.494141 2.435547 2.380859 2.341797 2.326172 2.326172 2.349609 2.384766 2.427734 2.470703 2.513672 2.548828 2.583984 2.615234 2.642578 2.666016 2.693359 2.716797 2.736328 2.751953 2.767578 2.779297 2.791016 2.802734 2.810547 2.818359 2.830078 2.830078 2.826172 2.818359 2.810547 2.802734 2.791016 2.783203 2.775391 2.763672 2.751953 2.736328 2.716797 2.693359 2.666016 2.646484 2.630859 2.623047 2.623047 2.630859 2.646484 2.669922 2.701172 2.732422 2.771484 2.806641 2.814453 2.767578 2.685547 2.568359 2.443359 2.341797 2.306641 2.349609
2.607422 2.603516 2.564453 2.509766 2.443359 2.376953 2.326172 2.298828 2.306641 2.337891 2.384766 2.439453 2.490234 2.537109 2.580078 2.619141 2.646484 2.673828 2.701172 2.728516 2.748047 2.763672 2.779297 2.791016 2.802734 2.814453 2.818359 2.826172 2.833984 2.837891 2.830078 2.822266 2.814453 2.806641 2.794922 2.787109 2.779297 2.767578 2.755859 2.740234 2.724609 2.701172 2.677734 2.658203 2.642578 2.634766 2.630859 2.634766 2.650391 2.673828 2.705078 2.740234 2.775391 2.810547 2.822266 2.771484 2.693359 2.591797 2.494141 2.435547 2.447266 2.525391
2.646484 2.658203 2.638672 2.591797 2.525391 2.447266 2.365234 2.302734 2.279297 2.291016 2.333984 2.388672 2.447266 2.505859 2.556641 2.603516 2.638672 2.669922 2.701172 2.724609 2.748047 2.767578 2.783203 2.798828 2.810547 2.822266 2.830078 2.833984 2.837891 2.837891 2.830078 2.822266 2.814453 2.806641 2.794922 2.787109 2.779297 2.767578 2.755859 2.744141 2.724609 2.705078 2.681641 2.662109 2.646484 2.638672 2.634766 2.638672 2.654297 2.677734 2.708984 2.744141 2.783203 2.818359 2.822266 2.779297 2.716797 2.630859 2.552734 2.529297 2.576172 2.650391
2.677734 2.697266 2.693359 2.666016 2.615234 2.537109 2.443359 2.349609 2.287109 2.263672 2.279297 2.322266 2.380859 2.451172 2.513672 2.568359 2.615234 2.654297 2.693359 2.720703 2.744141 2.767578 2.787109 2.806641 2.826172 2.837891 2.845703 2.845703 2.845703 2.841797 2.830078 2.822266 2.810547 2.802734 2.794922 2.783203 2.775391 2.763672 2.751953 2.740234 2.720703 2.701172 2.677734 2.662109 2.646484 2.638672 2.638672 2.642578 2.654297 2.677734 2.712891 2.748047 2.791016 2.826172 2.830078 2.794922 2.744141 2.681641 2.623047 2.626953 2.677734 2.736328
2.697266 2.720703 2.732422 2.720703 2.681641 2.623047 2.537109 2.439453 2.345703 2.275391 2.248047 2.259766 2.298828 2.365234 2.439453 2.509766 2.572266 2.630859 2.681641 2.720703 2.748047 2.775391 2.798828 2.826172 2.849609 2.853516 2.853516 2.853516 2.853516 2.845703 2.833984 2.822266 2.810547 2.798828 2.787109 2.779297 2.771484 2.759766 2.748047 2.732422 2.716797 2.697266 2.673828 2.658203 2.642578 2.634766 2.634766 2.642578 2.654297 2.681641 2.716797 2.755859 2.794922 2.830078 2.833984 2.810547 2.775391 2.732422 2.701172 2.708984 2.751953 2.791016
2.708984 2.736328 2.755859 2.755859 2.732422 2.693359 2.626953 2.541016 2.443359 2.349609 2.279297 2.244141 2.236328 2.271484 2.341797 2.419922 2.501953 2.587891 2.662109 2.720703 2.763672 2.798828 2.830078 2.853516 2.853516 2.853516 2.853516 2.853516 2.849609 2.841797 2.833984 2.822266 2.806641 2.794922 2.783203 2.775391 2.763672 2.751953 2.740234 2.728516 2.712891 2.689453 2.669922 2.654297 2.638672 2.630859 2.630859 2.638672 2.654297 2.681641 2.716797 2.759766 2.798828 2.833984 2.841797 2.826172 2.802734 2.779297 2.759766 2.767578 2.798828 2.822266
2.720703 2.744141 2.771484 2.775391 2.767578 2.740234 2.697266 2.634766 2.556641 2.470703 2.388672 2.326172 2.275391 2.251953 2.271484 2.322266 2.408203 2.509766 2.615234 2.716797 2.791016 2.845703 2.853516 2.853516 2.853516 2.853516 2.853516 2.853516 2.845703 2.841797 2.833984 2.822266 2.810547 2.794922 2.779297 2.767578 2.759766 2.748047 2.736328 2.720703 2.705078 2.685547 2.666016 2.650391 2.634766 2.626953 2.626953 2.634766 2.654297 2.681641 2.716797 2.759766 2.798828 2.837891 2.845703 2.837891 2.826172 2.814453 2.806641 2.814453 2.830078 2.841797
2.724609 2.751953 2.775391 2.787109 2.787109 2.771484 2.744141 2.705078 2.654297 2.587891 2.525391 2.470703 2.419922 2.361328 2.318359 2.306641 2.345703 2.435547 2.552734 2.701172 2.830078 2.853516 2.853516 2.853516 2.853516 2.853516 2.853516 2.853516 2.845703 2.841797 2.833984 2.822266 2.810547 2.794922 2.779297 2.767578 2.755859 2.744141 2.732422 2.716797 2.701172 2.685547 2.666016 2.650391 2.634766 2.623047 2.623047 2.634766 2.650391 2.677734 2.716797 2.759766 2.798828 2.837891 2.849609 2.845703 2.841797 2.837891 2.837891 2.841797 2.849609 2.849609
2.732422 2.755859 2.779297 2.794922 2.794922 2.791016 2.771484 2.748047 2.716797 2.673828 2.634766 2.599609 2.568359 2.529297 2.478516 2.435547 2.431641 2.474609 2.564453 2.720703 2.853516 2.853516 2.853516 2.853516 2.853516 2.853516 2.853516 2.853516 2.849609 2.841797 2.837891 2.830078 2.814453 2.794922 2.779297 2.767578 2.751953 2.740234 2.728516 2.712891 2.701172 2.681641 2.666016 2.650391 2.634766 2.626953 2.626953 2.638672 2.654297 2.677734 2.716797 2.755859 2.798828 2.833984 2.853516 2.853516 2.849609 2.849609 2.849609 2.853516 2.853516 2.853516
2.740234 2.759766 2.783203 2.798828 2.802734 2.798828 2.787109 2.771484 2.751953 2.724609 2.701172 2.689453 2.685547 2.669922 2.650391 2.630859 2.626953 2.638672 2.689453 2.779297 2.853516 2.853516 2.853516 2.853516 2.853516 2.853516 2.853516 2.826172 2.806641 2.787109 2.783203 2.783203 2.787109 2.787109 2.775391 2.763672 2.751953 2.740234 2.724609 2.712891 2.701172 2.685547 2.669922 2.654297 2.638672 2.630859 2.634766 2.642578 2.658203 2.681641 2.716797 2.755859 2.798828 2.830078 2.853516 2.853516 2.853516 2.853516 2.853516 2.853516 2.853516 2.853516
