py_wake/examples/data/AJ_ParqueFicticio/Ridge area   Sector 10   Height 30m   Orographic turn.grd
DSAA
90  129
 262878   265103
 6504214   6507414
-179.8749   179.8213
[rows 27 to 53 of 129, columns 0 to 59 of 90]
6.440289 6.746896 6.957319 7.120956 7.225694 7.217007 7.104094 6.882577 6.512843 6.044127 5.565013 5.141968 4.787458 4.529791 4.367802 4.297737 4.280723 4.30437 4.344327 4.362988 4.406293 4.48653 4.620033 4.771246 4.919544 5.078243 5.208643 5.323441 5.503711 5.636393 5.778737 5.920988 5.979612 6.038458 6.039992 6.005942 5.92293 5.82045 5.652608 5.418169 5.164036 4.772187 4.264809 3.775991 3.521698 3.583179 3.927718 4.508315 5.196636 5.989018 7.13037 9.730475 16.84995 34.76397 75.98051 143.4327 -163.0137 -136.9591 -125.0243 -118.6937
6.036828 6.316041 6.540029 6.754152 6.918658 6.980188 6.955204 6.814139 6.526588 6.123304 5.694656 5.334733 5.029782 4.76258 4.541682 4.388245 4.300313 4.250508 4.216512 4.150296 4.074842 4.061726 4.099051 4.166305 4.228748 4.319619 4.393611 4.440745 4.559033 4.682138 4.814218 4.986393 5.113492 5.28679 5.374738 5.442274 5.491804 5.52088 5.495012 5.430426 5.269032 4.951434 4.459523 3.9697 3.73176 3.805743 4.149942 4.734296 5.418373 6.226439 7.880995 13.18468 32.35894 97.90568 150.2114 174.6964 -165.1285 -148.2678 -136.4448 -128.3605
5.560747 5.814663 6.046659 6.292548 6.496493 6.619274 6.678574 6.624904 6.459245 6.157354 5.855608 5.617665 5.387672 5.156204 4.925764 4.721235 4.574686 4.458901 4.356864 4.22848 4.062137 3.956689 3.893897 3.855183 3.820256 3.80324 3.78698 3.721969 3.717788 3.787986 3.881233 4.011034 4.187549 4.40938 4.586853 4.740717 4.913247 5.068042 5.168011 5.234706 5.158582 4.901873 4.425703 3.979867 3.772899 3.821273 4.125506 4.64494 5.268519 6.154171 8.703982 20.3392 88.91 150.8364 169.4951 -176.8775 -163.3969 -150.745 -140.7829 -133.2156
5.011725 5.253873 5.492577 5.751383 5.974686 6.140436 6.259229 6.293521 6.254657 6.112291 6.012696 5.913529 5.761562 5.572278 5.371478 5.183232 5.038005 4.920706 4.778424 4.577811 4.366375 4.202559 4.053748 3.905266 3.76589 3.612822 3.443404 3.241101 3.110824 3.089329 3.106473 3.159497 3.270667 3.45956 3.7 3.921357 4.173218 4.427458 4.621022 4.770668 4.759557 4.527069 4.110551 3.78456 3.609213 3.615743 3.851838 4.254839 4.787165 5.815901 9.692945 40.0477 146.9012 166.9816 178.2739 -171.5238 -161.355 -151.3611 -142.9245 -136.7298
4.422262 4.659019 4.903907 5.171028 5.408123 5.600063 5.752471 5.870514 5.947752 6.019321 6.097109 6.107965 6.028289 5.888104 5.739748 5.614157 5.543227 5.472834 5.306231 5.057972 4.849617 4.663311 4.45343 4.240366 4.024379 3.760561 3.452419 3.128588 2.853574 2.691089 2.595699 2.548064 2.516174 2.597015 2.809977 3.050931 3.3242 3.620342 3.87009 4.064341 4.104248 3.886264 3.578562 3.394118 3.206275 3.135749 3.273459 3.512113 3.86844 4.86953 9.540822 93.59072 164.5137 174.8327 -176.4969 -168.1696 -160.5108 -153.1015 -146.2231 -141.0597
3.825305 4.053255 4.305358 4.58446 4.840148 5.061316 5.253622 5.446925 5.624038 5.866106 6.062586 6.155246 6.137675 6.052376 5.969297 5.934973 5.958474 5.926415 5.745432 5.520275 5.326458 5.135966 4.919079 4.687309 4.436218 4.140681 3.785016 3.373481 2.955968 2.594728 2.314075 2.125131 1.974989 1.938574 2.048926 2.227048 2.461854 2.736244 3.002129 3.236251 3.325501 3.167501 2.972444 2.871855 2.645844 2.465647 2.431971 2.436647 2.463372 2.986522 6.422465 142.4753 173.492 -179.8567 -172.9986 -166.0647 -160.3926 -155.3098 -150.4626 -146.6311
3.227463 3.439442 3.700812 4.008437 4.300224 4.565653 4.81271 5.071042 5.326467 5.660346 5.922789 6.068231 6.097029 6.064113 6.054031 6.107719 6.20211 6.167496 6.023846 5.861101 5.706052 5.556225 5.378127 5.164208 4.934399 4.656261 4.299767 3.858786 3.325284 2.764327 2.305225 1.941458 1.663681 1.514655 1.47486 1.511336 1.656259 1.859302 2.103635 2.366881 2.495267 2.424038 2.329783 2.25126 1.994537 1.687158 1.448239 1.197824 .8023916 .4478609 .656746 167.3965 -179.325 -175.3696 -170.5636 -165.4075 -161.2229 -157.9183 -155.1371 -153.1649
2.623064 2.803099 3.073331 3.426668 3.772649 4.103269 4.422565 4.744067 5.05906 5.415743 5.700134 5.885321 5.955921 5.973825 6.020278 6.123469 6.202871 6.157218 6.084566 6.009593 5.951252 5.876952 5.76775 5.631189 5.4616 5.213179 4.881013 4.437773 3.819503 3.154887 2.569561 2.041947 1.624799 1.341564 1.1305 1.010666 1.016794 1.11237 1.287452 1.532758 1.688941 1.709582 1.696276 1.611126 1.316826 .8989253 .4555928 .001244064 -.7619395 -1.956721 -4.25006 -22.90302 -168.7913 -170.0836 -167.796 -164.8618 -162.1564 -160.2588 -159.1997 -158.8403
2.006326 2.128732 2.38983 2.781455 3.188642 3.59959 3.999146 4.395053 4.783109 5.156116 5.4641 5.691467 5.789861 5.846655 5.922083 6.000997 6.009687 5.983309 5.968875 5.989431 6.02059 6.020555 6.017082 5.985648 5.870558 5.679735 5.393446 4.95694 4.317256 3.600951 2.94374 2.333567 1.834413 1.40109 1.05489 .7793095 .6338103 .5996836 .694515 .8763687 1.036749 1.111661 1.131881 1.024466 .6957336 .1714793 -.4669899 -1.071568 -2.003907 -3.625934 -6.528946 -15.33833 -114.2118 -158.8118 -162.1663 -161.8691 -160.9914 -160.5148 -160.8965 -162.2152
1.393823 1.421238 1.639332 2.023995 2.480794 2.969013 3.453304 3.936038 4.413328 4.835588 5.206975 5.480133 5.604178 5.684929 5.759902 5.783012 5.766577 5.744293 5.760893 5.841967 5.900147 5.970968 6.060153 6.102747 6.053609 5.930843 5.700875 5.329672 4.736122 4.017584 3.356927 2.719045 2.157175 1.618948 1.163984 .7801139 .5004431 .3520542 .3694436 .4978487 .6270806 .6882119 .6710034 .4855242 .1716444 -.444343 -1.204261 -1.944988 -2.832745 -4.415724 -7.029953 -12.30122 -29.35837 -110.0939 -147.8064 -154.8371 -157.1319 -158.6941 -161.004 -164.8947
.8173406 .6997184 .8254021 1.131639 1.614862 2.172072 2.745088 3.323873 3.907594 4.421607 4.883517 5.199927 5.364986 5.462572 5.521208 5.543175 5.536055 5.486732 5.497255 5.561469 5.606127 5.725603 5.857715 5.955937 5.976715 5.913676 5.757259 5.473809 4.9865 4.383864 3.764537 3.142852 2.514054 1.936542 1.411239 .9680348 .5918243 .3746161 .3133819 .3602954 .4270187 .4138881 .3092972 .011987 -.2945723 -.9373426 -1.72272 -2.539397 -3.365779 -4.65193 -6.874861 -10.5 -17.72041 -38.8307 -101.3972 -137.7268 -148.6445 -154.2768 -159.655 -166.9911
.3454423 -.005560441 -.04942159 .1138516 .5858462 1.190204 1.843117 2.513525 3.191443 3.809631 4.367844 4.752547 4.983156 5.133241 5.228971 5.288253 5.264885 5.209089 5.166964 5.125891 5.152669 5.275823 5.447715 5.559222 5.641686 5.636288 5.556883 5.382603 5.049274 4.603202 4.066207 3.53053 2.896693 2.332542 1.789299 1.311597 .9023622 .6149919 .4730833 .4189252 .3830265 .2680607 .05488204 -.2845197 -.662194 -1.267957 -2.01352 -2.852719 -3.684477 -4.705441 -6.39026 -9.193291 -13.87328 -23.31415 -48.90583 -99.61713 -131.1009 -145.7063 -155.8432 -167.4194
-.05894084 -.6612168 -.9559606 -.9600899 -.5690166 .0377521 .7374858 1.486269 2.250325 2.967174 3.606035 4.077096 4.399717 4.65235 4.824011 4.894935 4.86431 4.830394 4.707426 4.592196 4.588065 4.703069 4.890456 5.000549 5.121963 5.157784 5.165869 5.118586 4.932984 4.616804 4.214783 3.786035 3.238915 2.729894 2.25639 1.772959 1.337439 1.007938 .7959964 .6537355 .5149605 .3042304 .002530491 -.3519802 -.7920989 -1.380122 -2.12102 -2.960127 -3.810647 -4.753729 -6.007163 -8.131359 -11.801 -18.2639 -31.90238 -63.00059 -104.1434 -130.3173 -147.4174 -165.5166
-.4484388 -1.272581 -1.837166 -2.022465 -1.790924 -1.249617 -.553317 .2361013 1.068649 1.875423 2.595238 3.161551 3.602305 3.954892 4.19167 4.292466 4.302064 4.269233 4.131152 4.001544 3.965803 4.054624 4.202025 4.314454 4.459253 4.545492 4.651234 4.707623 4.655788 4.452539 4.207402 3.892958 3.50105 3.10659 2.755743 2.326238 1.87041 1.515449 1.262689 1.041007 .8343112 .539503 .1463401 -.2530485 -.7243068 -1.300337 -2.02765 -2.868456 -3.72758 -4.643398 -5.70669 -7.285451 -10.30208 -15.62804 -24.86082 -43.46971 -75.02811 -105.5087 -127.9186 -155.9004
-.7888243 -1.796318 -2.606232 -3.036745 -3.020085 -2.618019 -1.978871 -1.19971 -.3422319 .5266696 1.322141 1.992387 2.549771 2.974929 3.26793 3.449751 3.528145 3.539216 3.459931 3.367749 3.294067 3.307378 3.392016 3.502883 3.662159 3.82114 4.020314 4.160354 4.248407 4.1301 4.06458 3.869973 3.662718 3.450024 3.20533 2.856508 2.460524 2.122789 1.838079 1.558923 1.266694 .8848832 .4480484 -.0005280416 -.4838934 -1.054692 -1.735508 -2.534394 -3.38846 -4.265881 -5.260281 -6.625041 -9.059679 -13.50282 -20.4948 -32.31361 -50.79187 -69.25425 -77.20823 -55.63422
-.9706771 -2.136905 -3.177616 -3.939237 -4.217291 -4.031105 -3.50332 -2.78674 -1.942361 -1.057505 -.2016857 .5675739 1.221595 1.719893 2.088154 2.343295 2.527216 2.637759 2.673043 2.629166 2.523111 2.497524 2.510535 2.614531 2.782922 3.007174 3.281886 3.53786 3.712177 3.723457 3.814988 3.765052 3.755956 3.708445 3.53607 3.295808 3.05288 2.781612 2.459459 2.110928 1.732001 1.338 .9116652 .424092 -.09676828 -.6991223 -1.354392 -2.052192 -2.842351 -3.679013 -4.607135 -5.843455 -7.859114 -11.51758 -17.09469 -24.82965 -34.04107 -39.77401 -33.64356 -13.47385
-.9724863 -2.28461 -3.528026 -4.607624 -5.298158 -5.403228 -5.043282 -4.460487 -3.667636 -2.812353 -1.928641 -1.075134 -.3349641 .2548137 .7088352 1.038255 1.32188 1.561658 1.726611 1.757966 1.722631 1.702347 1.673851 1.763048 1.934298 2.189861 2.515857 2.857355 3.106849 3.27153 3.476358 3.614705 3.761879 3.834882 3.763012 3.671489 3.571017 3.368141 3.040423 2.659827 2.287122 1.91456 1.468092 .9328088 .3763112 -.2465556 -.888716 -1.531891 -2.202081 -2.953035 -3.776504 -4.833455 -6.559947 -9.644058 -14.22751 -19.61971 -24.3569 -25.32748 -19.53266 -8.453876
-.7850011 -2.219832 -3.623391 -4.942657 -6.010431 -6.545671 -6.515433 -6.166805 -5.470285 -4.657177 -3.775132 -2.877563 -2.065745 -1.374355 -.8216271 -.4004179 -.03690831 .309811 .6025422 .7783365 .8743675 .9165137 .9174303 1.00719 1.185853 1.447842 1.775116 2.15176 2.499295 2.786863 3.092128 3.397654 3.658535 3.83863 3.899901 3.940006 3.940826 3.81071 3.530284 3.203012 2.876641 2.508365 2.03372 1.462871 .9025297 .3074819 -.3073108 -.9140533 -1.505059 -2.12313 -2.820033 -3.679702 -5.10312 -7.670712 -11.58369 -15.94507 -19.04398 -18.83949 -14.41204 -7.399351
-.4382711 -1.922032 -3.399799 -4.886651 -6.247948 -7.294901 -7.763972 -7.758686 -7.238087 -6.516 -5.668662 -4.757524 -3.909151 -3.123223 -2.459019 -1.902953 -1.461424 -1.054858 -.6588317 -.3050039 -.05852749 .08883625 .1998945 .3231129 .5204037 .7759477 1.058641 1.414098 1.854147 2.304936 2.698275 3.118102 3.458598 3.717947 3.915321 4.061988 4.141584 4.094413 3.901045 3.661418 3.377236 3.012387 2.527905 1.988533 1.463178 .9427052 .4147178 -.1635322 -.7126455 -1.216324 -1.771334 -2.444494 -3.581377 -5.718031 -9.19744 -13.32352 -16.16043 -16.01767 -12.79826 -7.968444
.06628637 -1.397364 -2.870591 -4.445512 -6.055196 -7.603254 -8.686607 -9.112437 -8.813334 -8.220679 -7.486556 -6.626707 -5.787414 -4.968095 -4.204967 -3.490611 -2.932936 -2.462137 -1.978734 -1.481622 -1.080334 -.8124955 -.5632008 -.3717967 -.1522581 .1131593 .3550977 .6582167 1.126101 1.767279 2.252835 2.742465 3.153527 3.466624 3.771861 4.015625 4.168199 4.207838 4.119906 3.957775 3.711868 3.362275 2.912368 2.479478 2.008825 1.538401 1.093687 .6145416 .1042354 -.3269371 -.7256352 -1.223041 -2.123639 -3.924252 -7.071187 -11.28503 -14.50948 -15.43512 -13.63018 -10.04524
.6638532 -.7253044 -2.144838 -3.750321 -5.499036 -7.356161 -8.991303 -9.964847 -9.984058 -9.585437 -9.003102 -8.255675 -7.52373 -6.686002 -5.873118 -5.084712 -4.391329 -3.814337 -3.211941 -2.606465 -2.07999 -1.68882 -1.330765 -1.076481 -.8480782 -.5713108 -.3316521 -.07146355 .3563291 1.070773 1.681495 2.215771 2.706593 3.091105 3.470726 3.81705 4.034843 4.152771 4.172564 4.071405 3.87454 3.575492 3.201029 2.862329 2.452787 2.019003 1.595445 1.204719 .7846589 .4115008 .1375486 -.1930346 -.8542201 -2.344242 -5.261498 -9.687986 -13.92795 -16.12576 -15.55038 -12.42813
1.304233 .01001616 -1.29897 -2.770421 -4.534297 -6.561035 -8.521297 -10.00299 -10.6311 -10.57257 -10.1627 -9.514689 -8.97398 -8.234447 -7.386303 -6.542499 -5.781679 -5.086536 -4.341897 -3.600145 -2.97161 -2.468018 -2.029424 -1.741114 -1.536374 -1.279168 -1.016199 -.7569944 -.3860424 .2540176 .9427969 1.537939 2.096562 2.57874 3.013269 3.447749 3.758992 3.946018 4.064171 4.034081 3.904889 3.679487 3.391925 3.114654 2.764386 2.354551 1.916219 1.532891 1.222868 .924116 .7353151 .5472694 .1086916 -1.10924 -3.927531 -8.731753 -14.14636 -17.34076 -17.10465 -14.16666
1.970976 .7789158 -.4237067 -1.726822 -3.30325 -5.231086 -7.31504 -9.273269 -10.65254 -11.10509 -10.89767 -10.38439 -10.0585 -9.561592 -8.73339 -7.910748 -7.067672 -6.297967 -5.436923 -4.538044 -3.758982 -3.154371 -2.647084 -2.30168 -2.134127 -1.964549 -1.710019 -1.445533 -1.102605 -.5749086 .07688005 .7258549 1.32111 1.882167 2.385943 2.880013 3.301173 3.565617 3.774292 3.842596 3.806887 3.674002 3.479498 3.25756 2.942245 2.534119 2.060279 1.662188 1.391687 1.192086 1.051872 .9550669 .689454 -.2784031 -3.038018 -8.221098 -14.11253 -17.87163 -18.10273 -15.13596
2.631028 1.528619 .4245252 -.6965272 -2.05117 -3.837079 -6.002275 -8.294876 -10.17221 -11.04795 -11.01549 -10.70923 -10.57941 -10.40218 -9.792186 -9.161193 -8.273076 -7.447231 -6.554977 -5.519811 -4.552286 -3.797397 -3.223942 -2.799384 -2.604749 -2.522182 -2.330833 -2.103322 -1.801317 -1.341878 -.7983157 -.1811394 .4105286 .9916499 1.560039 2.099528 2.586152 2.958236 3.265686 3.482503 3.554881 3.530294 3.432508 3.276285 2.983281 2.559147 2.041772 1.63547 1.356482 1.21506 1.088916 1.021076 .8709175 .1288474 -2.461985 -7.85038 -13.81903 -17.71249 -18.02386 -14.85283
3.227487 2.203287 1.206649 .2264926 -.8698978 -2.340709 -4.323612 -6.710283 -8.95374 -10.30271 -10.61271 -10.46864 -10.40322 -10.61325 -10.58544 -10.32083 -9.591413 -8.644553 -7.753309 -6.664326 -5.527054 -4.578446 -3.878824 -3.372109 -3.094331 -2.997035 -2.885157 -2.681216 -2.472261 -2.097784 -1.64304 -1.129401 -.5661737 .001001128 .5648988 1.09486 1.604193 2.086337 2.507526 2.898303 3.103196 3.194734 3.208062 3.136914 2.881842 2.448344 1.915219 1.494414 1.2082 1.028931 .87447 .7559183 .6167676 -.01626282 -2.371159 -7.680834 -13.46975 -16.79173 -16.55237 -13.49208
3.741814 2.776852 1.878823 .9918006 .1453331 -.9933769 -2.660516 -4.832044 -7.274282 -9.16112 -9.897697 -9.780623 -9.747255 -10.27398 -10.97019 -11.43702 -11.14376 -10.13762 -9.208139 -8.156932 -6.865264 -5.672459 -4.755471 -4.072941 -3.66269 -3.502455 -3.405133 -3.238038 -3.092346 -2.863883 -2.500537 -2.121384 -1.612769 -1.057199 -.5226071 -.05243628 .451632 1.004306 1.540937 2.073286 2.420106 2.621675 2.750939 2.781843 2.594377 2.213929 1.748437 1.322196 .9947326 .739404 .5084178 .2618672 .007411806 -.6682656 -2.865738 -7.397719 -12.47549 -15.27632 -15.03855 -12.23217
4.159772 3.289357 2.460876 1.648708 .9629251 .08790071 -1.249151 -3.073196 -5.450796 -7.666727 -8.562648 -8.531142 -8.6593 -9.605123 -10.88581 -12.22426 -12.51109 -11.70702 -10.87031 -9.90267 -8.4876 -7.05315 -5.850019 -4.877096 -4.248901 -3.982036 -3.84168 -3.651307 -3.555471 -3.50794 -3.246515 -3.022927 -2.651332 -2.131775 -1.615341 -1.151072 -.6746543 -.1416052 .4369652 1.064751 1.55593 1.853951 2.055455 2.172469 2.057613 1.843562 1.548272 1.158932 .7757722 .4260056 .09075836 -.2940158 -.7462873 -1.581553 -3.673017 -7.405306 -10.9487 -12.82927 -12.68954 -10.51605
