py_wake/examples/data/AJ_ParqueFicticio/Ridge area   Sector 1   Height 200m   Mean speed.grd
DSAA
90  129
 262878   265103
 6504214   6507414
 .3740217   5.395012
[rows 27 to 53 of 129, columns 0 to 61 of 90]
2.297219 2.272918 2.276175 2.296305 2.333996 2.390045 2.455179 2.518852 2.575571 2.615003 2.630037 2.621974 2.598603 2.573006 2.561377 2.567624 2.587522 2.609779 2.621074 2.617658 2.620133 2.62003 2.61485 2.616322 2.619892 2.636929 2.67045 2.728517 2.818516 2.916429 3.024759 3.140984 3.257503 3.372267 3.460917 3.538732 3.601398 3.648765 3.695646 3.720516 3.710909 3.688429 3.661046 3.632575 3.5958 3.548702 3.498237 3.424394 3.333815 3.22679 3.092371 2.954511 2.816174 2.659725 2.486135 2.29993 2.097217 1.29871 1.196378 1.106229 1.03241 .9839596
2.24565 2.22485 2.232387 2.259752 2.310987 2.385067 2.467887 2.55002 2.619915 2.664102 2.679953 2.670035 2.63658 2.59522 2.561818 2.546521 2.547732 2.553219 2.551359 2.535956 2.519046 2.497396 2.471544 2.457508 2.442899 2.438569 2.457389 2.497773 2.57336 2.672023 2.7776 2.892351 3.019439 3.148015 3.258683 3.353513 3.436212 3.500916 3.566278 3.617263 3.638145 3.64448 3.638923 3.616996 3.571712 3.517318 3.462873 3.386141 3.287039 3.177321 3.039473 2.898492 2.762728 2.612797 2.45207 2.285731 2.087049 1.883824 1.149233 1.0605 .9931962 .9584384
2.19007 2.173118 2.182798 2.213371 2.27409 2.36277 2.462315 2.564124 2.654028 2.712543 2.72999 2.710178 2.671626 2.627429 2.586311 2.557645 2.541241 2.528277 2.506545 2.475673 2.441723 2.397901 2.348504 2.313428 2.280216 2.247982 2.248863 2.278494 2.342314 2.429534 2.52612 2.636096 2.760832 2.900565 3.034566 3.145776 3.248466 3.336997 3.424597 3.504726 3.559318 3.599581 3.624314 3.618811 3.5703 3.50432 3.436563 3.353972 3.247145 3.12958 2.984216 2.839364 2.70852 2.567557 2.419676 2.267883 2.075825 1.867759 1.09993 1.015978 .9595143 .9398343
2.125232 2.111355 2.122709 2.156897 2.225125 2.321244 2.429825 2.54446 2.652067 2.729448 2.74988 2.730552 2.693617 2.656561 2.623617 2.594732 2.570188 2.541547 2.500866 2.45548 2.414816 2.35321 2.285901 2.238176 2.186842 2.128988 2.115175 2.137492 2.181284 2.24613 2.327111 2.414776 2.513716 2.65503 2.808999 2.940397 3.058177 3.170608 3.284867 3.394504 3.484747 3.565414 3.625813 3.636717 3.598067 3.525423 3.43407 3.338318 3.217417 3.086329 2.936265 2.794307 2.67471 2.544178 2.401785 2.25405 2.084264 1.88194 1.061858 .9834468 .9383416 .9353862
2.040767 2.026474 2.039037 2.074785 2.148711 2.251831 2.366089 2.483521 2.593174 2.676454 2.709946 2.710822 2.692896 2.66941 2.649179 2.630962 2.608442 2.57764 2.540282 2.501621 2.455963 2.395287 2.33326 2.283753 2.22409 2.163095 2.134778 2.130145 2.13398 2.159955 2.212306 2.283279 2.373881 2.498532 2.638476 2.774051 2.900334 3.026061 3.158883 3.290378 3.405919 3.513171 3.59389 3.622222 3.603093 3.544815 3.441838 3.330931 3.203105 3.067912 2.92356 2.786013 2.677001 2.563055 2.424207 2.274812 2.137663 1.96318 1.065849 .9794765 .9427692 .9710874
1.950603 1.934874 1.948706 1.987371 2.065285 2.170928 2.28539 2.399739 2.504407 2.588073 2.634907 2.655479 2.660426 2.658113 2.654187 2.647311 2.633381 2.618483 2.603436 2.57587 2.534498 2.49003 2.443046 2.39376 2.338827 2.2835 2.240721 2.210915 2.178572 2.161955 2.182135 2.232174 2.309532 2.403703 2.513927 2.637441 2.765741 2.898255 3.04197 3.186046 3.319994 3.445197 3.533292 3.57738 3.577842 3.536979 3.449829 3.332156 3.206721 3.070925 2.932982 2.803763 1.770525 2.608434 2.474552 2.311223 2.197966 2.055262 1.861722 1.009294 .9967546 1.047113
1.854489 1.838527 1.85508 1.89823 1.981884 2.091347 2.206583 2.317067 2.415628 2.498381 2.55758 2.595308 2.618253 2.632812 2.641999 2.645401 2.643434 2.654564 2.667925 2.658575 2.6344 2.604129 2.568665 2.528957 2.479614 2.424858 2.381096 2.344555 2.293113 2.252589 2.237597 2.242114 2.290178 2.355437 2.434808 2.544667 2.668915 2.798085 2.941089 3.088275 3.237362 3.379259 3.473078 3.527632 3.545908 3.516359 3.454521 3.345486 3.221313 3.093189 2.972511 1.443316 2.766999 2.680345 2.566784 2.40987 2.289952 2.154207 1.967994 1.071931 1.141417 1.176761
1.753179 1.740381 1.763001 1.814069 1.908759 2.02627 2.145844 2.259625 2.357642 2.438463 2.505094 2.555248 2.591111 2.616283 2.631632 2.639305 2.653912 2.688328 2.720752 2.737332 2.732698 2.717114 2.699635 2.671932 2.629899 2.586915 2.554025 2.525409 2.492741 2.452395 2.409355 2.386099 2.396632 2.422143 2.478169 2.569523 2.663404 2.780957 2.906838 3.040538 3.193904 3.337171 3.430033 3.491995 3.525104 3.506667 3.467096 3.382432 3.275429 3.168844 3.05929 2.95902 2.866988 2.785327 2.694859 2.569469 2.428296 2.264773 2.065073 1.768211 1.42685 1.368622
1.661224 1.651229 1.676773 1.73492 1.846508 1.9792 2.111665 2.235894 2.341079 2.426417 2.496581 2.550728 2.593443 2.624963 2.645169 2.659286 2.687786 2.729681 2.768432 2.797131 2.813918 2.824242 2.827461 2.81907 2.800407 2.783447 2.76794 2.7618 2.751989 2.722484 2.688534 2.661155 2.643477 2.641343 2.676707 2.724953 2.791185 2.8791 2.974457 3.074882 3.20587 3.333169 3.418154 3.483929 3.527982 3.523664 3.497874 3.444121 3.354593 3.270678 3.189622 3.105487 3.023233 2.950944 2.862574 2.728831 2.58239 2.401632 2.176678 1.902142 1.626258 1.417169
1.585576 1.568453 1.591873 1.65369 1.785813 1.937172 2.086072 2.223146 2.339349 2.433508 2.50831 2.567735 2.619947 2.65821 2.685997 2.713958 2.74504 2.78178 2.822364 2.857821 2.89054 2.923132 2.945948 2.966687 2.980968 2.990708 3.004088 3.022376 3.032333 3.018059 2.992992 2.963932 2.938939 2.926565 2.939003 2.961761 2.996101 3.046891 3.104645 3.174274 3.267683 3.365093 3.43959 3.507231 3.5667 3.575222 3.553082 3.510322 3.45477 3.393365 3.340489 3.275094 3.200645 3.130757 3.043636 2.905981 2.746117 2.55344 2.31088 2.027109 1.749988 1.478325
1.526944 1.491203 1.506791 1.570778 1.723068 1.892949 2.057886 2.207686 2.336463 2.443709 2.5285 2.601524 2.667488 2.715014 2.753501 2.787253 2.816648 2.849763 2.888705 2.930077 2.982342 3.028425 3.071466 3.114837 3.157124 3.194294 3.229357 3.268306 3.302913 3.302394 3.279313 3.252721 3.229382 3.216298 3.208683 3.212454 3.223767 3.240199 3.257167 3.293406 3.36121 3.437566 3.50493 3.569592 3.637028 3.664347 3.637316 3.594643 3.557534 3.517218 3.474689 3.434572 3.371852 3.300232 3.217954 3.087247 2.928761 2.718207 2.450612 2.153064 1.859054 .9782718
1.498274 1.422665 1.423906 1.493384 1.659686 1.841006 2.01832 2.180133 2.31964 2.442711 2.545429 2.643035 2.728167 2.792833 2.835123 2.869855 2.906999 2.950507 2.989137 3.041054 3.105189 3.163773 3.216569 3.270337 3.328123 3.384107 3.436182 3.486772 3.532002 3.55016 3.542014 3.525745 3.502769 3.484662 3.467548 3.458558 3.448269 3.439072 3.436241 3.453428 3.499543 3.559859 3.618507 3.6708 3.726049 3.755886 3.734304 3.694504 3.659881 3.632091 3.600852 3.564886 3.510834 3.438148 3.356765 3.233715 3.082251 2.858792 2.578466 2.26932 1.072224 1.075581
1.481884 1.373946 1.356539 1.435523 1.599359 1.783849 1.971378 2.145951 2.299882 2.435327 2.554429 2.673368 2.779278 2.862391 2.921223 2.968416 3.023706 3.079316 3.138568 3.19989 3.26174 3.320795 3.378857 3.442424 3.505984 3.568853 3.630584 3.685957 3.734214 3.767157 3.777703 3.774006 3.762921 3.74515 3.726211 3.702672 3.683351 3.662643 3.645178 3.646407 3.670223 3.709386 3.744653 3.779223 3.815228 3.833183 3.816751 3.795353 3.768584 3.737529 3.713729 3.679686 3.619091 3.537861 3.456459 3.330956 3.179043 2.968473 2.68812 2.362538 1.211958 1.252051
1.485022 1.355931 1.321201 1.395972 1.540856 1.719374 1.911879 2.094512 2.261478 2.413998 2.553555 2.695042 2.821107 2.920308 3.003397 3.081872 3.151241 3.225624 3.30424 3.370677 3.428672 3.48298 3.545978 3.619533 3.692118 3.761242 3.823591 3.879438 3.933512 3.972932 3.998144 4.00724 4.009507 3.994068 3.976174 3.947649 3.914853 3.88562 3.858214 3.842686 3.845461 3.859642 3.874294 3.896219 3.922659 3.932964 3.915282 3.889694 3.862332 3.830467 3.807395 3.780693 3.71024 3.610823 3.523237 3.406767 3.252569 3.045448 2.776124 2.443386 1.436492 1.750245
1.528537 1.374714 1.3145 1.356442 1.476642 1.645123 1.839997 2.026404 2.207303 2.382559 2.549623 2.707411 2.839875 2.963635 3.073556 3.175848 3.273114 3.363332 3.455262 3.526768 3.580389 3.639822 3.70782 3.789117 3.865212 3.939579 4.001586 4.057709 4.109015 4.154043 4.182003 4.199339 4.208844 4.195611 4.178953 4.166261 4.136224 4.090339 4.047227 4.016926 4.004663 4.0142 4.020129 4.021943 4.030033 4.034161 4.018866 3.979083 3.943082 3.912262 3.881374 3.845026 3.777142 3.671828 3.574041 3.462806 3.308846 3.102189 2.837119 2.513228 2.17827 1.855085
1.611307 1.419245 1.31328 1.305049 1.399601 1.54988 1.737558 1.928616 2.12668 2.323519 2.51883 2.705512 2.864282 2.998292 3.119841 3.237788 3.354438 3.462159 3.560812 3.642036 3.711199 3.773595 3.842196 3.919636 3.990717 4.056 4.115161 4.168917 4.220173 4.26553 4.292067 4.315115 4.322024 4.317844 4.313149 4.309893 4.281417 4.232046 4.185868 4.151305 4.139616 4.13525 4.120979 4.106585 4.105873 4.103168 4.0864 4.058692 4.014546 3.972003 3.926064 3.873618 3.808465 3.708427 3.603909 3.499127 3.352474 3.149227 2.889844 2.58741 2.282168 2.016979
1.707206 1.475539 1.337149 1.269914 1.297063 1.420183 1.602778 1.801097 2.023276 2.241861 2.458773 2.66809 2.848247 3.00448 3.145 3.280937 3.417161 3.547653 3.665226 3.762484 3.838511 3.897597 3.957902 4.021868 4.081422 4.133139 4.169839 4.20184 4.251869 4.29499 4.324042 4.35038 4.361496 4.370976 4.379693 4.379819 4.36539 4.334195 4.29727 4.266077 4.240902 4.218098 4.197695 4.180272 4.172632 4.161557 4.137163 4.107296 4.067538 4.011887 3.952247 3.887053 3.814586 3.718193 3.614818 3.518323 3.383797 3.201116 2.956814 2.688089 2.447405 2.2538
1.864735 1.606988 1.396021 1.255444 1.21605 1.28887 1.447924 1.648399 1.890286 2.130045 2.361726 2.585094 2.784076 2.96065 3.122111 3.27883 3.428193 3.572704 3.709671 3.829092 3.914099 3.978931 4.035917 4.08435 4.128011 4.162816 4.187175 4.212681 4.242135 4.281564 4.307127 4.33215 4.348137 4.367417 4.386234 4.396466 4.4001 4.394102 4.37522 4.345985 4.315126 4.291905 4.273477 4.257347 4.248217 4.226841 4.185539 4.143223 4.101706 4.041509 3.972667 3.898298 3.817699 3.725405 3.6247 3.530442 3.40158 3.240581 3.041379 2.831837 2.659996 2.518661
2.093965 1.805217 1.52941 1.308886 1.187929 1.179426 1.297224 1.492602 1.741694 1.989573 2.229236 2.461095 2.667263 2.853828 3.028548 3.20142 3.3588 3.507799 3.6559 3.787627 3.880969 3.953581 4.015538 4.054858 4.086342 4.109662 4.125279 4.148445 4.182056 4.206062 4.224327 4.247198 4.268708 4.29731 4.330689 4.354996 4.374141 4.389939 4.392245 4.377867 4.358993 4.348216 4.344033 4.331971 4.314882 4.289369 4.23779 4.176116 4.122869 4.0645 3.988947 3.91011 3.82462 3.733076 3.632573 3.534444 3.408743 3.268111 3.122245 2.991205 2.890295 2.795382
2.363289 2.02859 1.689505 1.382236 1.177789 1.10193 1.168714 1.333878 1.579586 1.821299 2.046753 2.265015 2.460011 2.640999 2.822053 3.00242 3.167382 3.320599 3.466438 3.591536 3.688199 3.765203 3.827004 3.867811 3.898523 3.926375 3.945529 3.963762 3.994243 4.026614 4.056365 4.086111 4.119883 4.156758 4.203735 4.244282 4.276762 4.309943 4.331975 4.336041 4.337395 4.344891 4.35356 4.346163 4.327641 4.305669 4.269156 4.20885 4.143883 4.081702 4.005874 3.926455 3.838519 3.746065 3.648876 3.551377 3.439144 3.308187 3.199853 3.139817 3.103139 3.056605
2.634561 2.281325 1.919503 1.535577 1.247655 1.106625 1.104114 1.218411 1.430742 1.641064 1.835415 2.022029 2.185761 2.353344 2.52111 2.690254 2.860352 3.020221 3.169783 3.294471 3.388318 3.463294 3.522937 3.566007 3.60294 3.637345 3.66408 3.682838 3.709191 3.755626 3.810781 3.855836 3.909446 3.960542 4.017266 4.078345 4.12927 4.179063 4.222578 4.245562 4.264366 4.288878 4.310714 4.317653 4.31557 4.297873 4.274043 4.238333 4.175776 4.106869 4.029658 3.948122 3.862888 3.773287 3.683135 3.595984 3.493968 3.385509 3.310805 3.30606 3.329178 3.350167
2.905493 2.585692 2.237161 1.847042 1.489113 1.259784 1.173098 1.208087 1.325651 1.473868 1.626887 1.778247 1.901928 2.037721 2.196402 2.36172 2.526241 2.695182 2.855822 2.985799 3.079231 3.150899 3.209348 3.249337 3.275762 3.313748 3.352957 3.381269 3.405893 3.457508 3.52558 3.593898 3.660435 3.73173 3.803191 3.88361 3.961188 4.030035 4.097684 4.14547 4.180731 4.221443 4.256629 4.274842 4.287755 4.283283 4.267202 4.253022 4.212891 4.139479 4.058371 3.973898 3.890298 3.801336 3.715326 3.637861 3.545335 3.464994 3.439762 3.471494 3.545005 3.625948
3.160097 2.900383 2.572536 2.194387 1.823086 1.532905 1.352167 1.273816 1.277748 1.349422 1.454701 1.562319 1.641544 1.738485 1.881029 2.029679 2.199061 2.369035 2.534712 2.678664 2.78339 2.856807 2.915323 2.959998 2.986881 3.007519 3.046484 3.084805 3.120356 3.171596 3.236666 3.310225 3.388306 3.479641 3.572814 3.667156 3.770984 3.869214 3.962625 4.038898 4.090024 4.147653 4.199319 4.230551 4.256783 4.268388 4.260924 4.251144 4.234051 4.169245 4.084356 3.996667 3.913195 3.825736 3.737455 3.66472 3.596966 3.546589 3.5455 3.609004 3.724353 3.849978
3.384711 3.173494 2.894362 2.550374 2.189255 1.840989 1.564272 1.377706 1.294763 1.306859 1.370308 1.430292 1.466668 1.519049 1.614322 1.725381 1.882721 2.048158 2.211508 2.367736 2.495865 2.588515 2.659698 2.726579 2.767496 2.78565 2.815571 2.84808 2.883525 2.925796 2.970486 3.03807 3.124282 3.226102 3.330782 3.43523 3.558903 3.694156 3.815929 3.925035 3.996956 4.073106 4.144413 4.192452 4.232652 4.25896 4.25982 4.248539 4.233066 4.187359 4.103718 4.01545 3.932854 3.849889 3.763821 3.696718 3.653958 3.63349 3.6593 3.754711 3.90037 4.055359
3.579284 3.419589 3.197935 2.91326 2.565498 2.198206 1.867574 1.588219 1.418406 1.357949 1.364954 1.386451 1.391127 1.383632 1.399741 1.452912 1.568894 1.734238 1.896135 2.058974 2.21404 2.343316 2.451229 2.542918 2.608904 2.638443 2.650476 2.678956 2.687438 2.703441 2.746948 2.80531 2.896147 2.998446 3.094917 3.197465 3.346748 3.510718 3.660701 3.798076 3.899481 3.99899 4.094653 4.164618 4.224019 4.266551 4.269712 4.251669 4.231994 4.199343 4.125157 4.035897 3.954369 3.878802 3.808979 3.753782 3.728698 3.735841 3.790859 3.906545 4.060932 4.22187
3.743694 3.620816 3.45675 3.235878 2.932622 2.581779 2.200678 1.858681 1.604319 1.458014 1.409647 1.410887 1.384966 1.316135 1.249338 1.220114 1.279447 1.437828 1.607736 1.776208 1.959526 2.135859 2.286776 2.413197 2.501015 2.534088 2.537013 2.547443 2.538788 2.530624 2.568924 2.617705 2.706204 2.813424 2.911484 3.018165 3.174626 3.350073 3.516271 3.67224 3.805253 3.930196 4.050851 4.147697 4.234236 4.297981 4.302867 4.275571 4.247313 4.215783 4.152873 4.063618 3.984863 3.913548 3.859003 3.831504 3.824443 3.846865 3.909339 4.034599 4.200938 4.374103
3.889164 3.781601 3.647387 3.469708 3.234297 2.924889 2.557675 2.209409 1.890707 1.668888 1.587489 1.556647 1.479419 1.32903 1.183996 1.074179 1.08554 1.225658 1.395058 1.578795 1.791623 2.006388 2.202787 2.372622 2.484945 2.525348 2.528908 2.545134 2.523066 2.489816 2.520214 2.555215 2.632969 2.741679 2.845991 2.957426 3.099376 3.259298 3.427872 3.600958 3.755869 3.897065 4.030809 4.147291 4.258465 4.340565 4.35235 4.323344 4.284814 4.246995 4.193176 4.116441 4.044229 3.980415 3.935263 3.919574 3.939144 3.97918 4.045195 4.169155 4.332994 4.505747
