py_wake/examples/data/AJ_ParqueFicticio/Ridge area   Sector 12   Height 30m   Flow inclination.grd
DSAA
90  129
 262878   265103
 6504214   6507414
-20.07727   28.35171
[rows 54 to 80 of 129, columns 0 to 60 of 90]
-5.311745 -6.339402 -7.158067 -7.824559 -8.303222 -8.752658 -9.115964 -9.337911 -10.12831 -10.67534 -10.56545 -9.93082 -9.101705 -8.346697 -7.575945 -6.573414 -5.164005 -3.853566 -3.325211 -3.115826 -2.620024 -1.739128 -.7622865 .1825489 .9623877 1.680154 2.36539 2.885707 3.296027 3.71802 4.021568 4.227067 4.359851 4.429206 4.5395 4.727262 4.895134 5.025833 5.091053 4.957399 4.503192 3.705547 2.651005 1.527824 .02311641 -1.710392 -3.539627 -5.283931 -6.902104 -8.322033 -9.507439 -10.59154 -11.46463 -12.18604 -12.73821 -13.02508 -13.04894 -12.82711 -12.4184 -11.49995 -9.932756
-4.787603 -5.962471 -6.970729 -7.838192 -8.51109 -9.050896 -9.455066 -9.794746 -10.11413 -10.3363 -10.00535 -9.323193 -8.60461 -7.966508 -7.310275 -6.475748 -5.230265 -3.910374 -3.35585 -3.210067 -2.763791 -1.989763 -1.05914 -.08191287 .7534974 1.453381 2.015103 2.397185 2.687095 2.924568 3.067996 3.128975 3.102456 3.092887 3.161046 3.337326 3.553433 3.750264 3.939681 3.989651 3.750803 3.169445 2.325649 1.352129 -.08946782 -1.587366 -3.262357 -4.923326 -6.45838 -7.998575 -9.290207 -10.35976 -11.20815 -11.85184 -12.21695 -12.37974 -12.26081 -11.79456 -11.10709 -10.03084 -8.554057
-4.184591 -5.403327 -6.525625 -7.609153 -8.509901 -9.144829 -9.616567 -9.938416 -10.07591 -9.990437 -9.483623 -8.738527 -8.14044 -7.652502 -7.121454 -6.498106 -5.5998 -4.539915 -3.672448 -3.141738 -2.651111 -1.991596 -1.144167 -.208484 .5945364 1.188017 1.605169 1.867862 2.073262 2.203856 2.258847 2.225476 2.123695 2.045927 2.053065 2.160749 2.342455 2.554135 2.815353 3.004022 2.916538 2.516024 1.872158 .9960968 -.2360007 -1.571827 -3.088876 -4.67235 -6.111918 -7.555811 -8.963296 -10.09586 -10.93746 -11.4979 -11.77076 -11.82882 -11.53371 -10.87634 -10.00352 -8.880713 -7.515091
-3.445962 -4.725868 -5.960998 -7.178056 -8.194819 -9.045697 -9.519106 -9.714185 -9.652864 -9.378299 -8.798262 -8.038787 -7.365826 -7.012773 -6.789312 -6.365892 -5.76109 -4.946705 -4.032772 -3.17635 -2.561036 -1.957963 -1.205372 -.3820125 .3235305 .8196042 1.161527 1.382875 1.54551 1.629756 1.631341 1.536957 1.404823 1.308618 1.29273 1.327598 1.427976 1.595062 1.849242 2.102957 2.141129 1.891705 1.369854 .6013786 -.4083301 -1.61812 -2.989576 -4.471886 -5.818751 -7.123934 -8.412743 -9.602559 -10.48259 -11.03307 -11.25972 -11.24906 -10.88452 -10.10977 -9.113776 -7.894952 -6.490613
-2.618504 -3.971989 -5.330266 -6.714678 -7.835907 -8.663376 -9.11697 -9.304655 -9.15462 -8.726735 -8.043632 -7.336988 -6.742924 -6.39846 -6.082863 -5.765218 -5.45895 -4.959593 -4.24808 -3.406785 -2.685668 -2.058854 -1.383179 -.6792257 -.05237403 .4176864 .7475492 .9830637 1.166822 1.25946 1.260268 1.172074 1.033685 .9369246 .9132972 .9320261 1.011278 1.159515 1.363402 1.555575 1.636621 1.486938 1.047614 .3824377 -.4972018 -1.626468 -2.871379 -4.242746 -5.488861 -6.716436 -7.815668 -8.910807 -9.83959 -10.37039 -10.56767 -10.49485 -10.11662 -9.332491 -8.243813 -6.975916 -5.582364
-1.833045 -3.166539 -4.587373 -5.9969 -7.145612 -7.998013 -8.457895 -8.607342 -8.442612 -7.988554 -7.293518 -6.615072 -6.103068 -5.805532 -5.535129 -5.196937 -4.810683 -4.380832 -3.882036 -3.326905 -2.735934 -2.231755 -1.645853 -1.008282 -.4311527 .0355447 .3883525 .683584 .9232437 1.10767 1.202986 1.185284 1.087404 1.021988 1.028194 1.053401 1.137421 1.303997 1.47499 1.63165 1.683164 1.510475 1.124864 .5250289 -.2621868 -1.3672 -2.510416 -3.763305 -4.966249 -6.17537 -7.1909 -8.123298 -8.991017 -9.56727 -9.766633 -9.667365 -9.227593 -8.447747 -7.396536 -6.144214 -4.810302
-.9608135 -2.174555 -3.509792 -4.875617 -6.061701 -6.929636 -7.425302 -7.59791 -7.466771 -7.071894 -6.400139 -5.700335 -5.226502 -5.011515 -4.847435 -4.576169 -4.244977 -3.855475 -3.395718 -2.929765 -2.457413 -2.042144 -1.557757 -.9959349 -.5149391 -.1118434 .236712 .5612741 .834487 1.1357 1.381227 1.541248 1.561218 1.581465 1.636692 1.707326 1.818756 1.969821 2.100189 2.190403 2.178432 1.936169 1.571597 1.031407 .3485487 -.6932516 -1.704344 -2.795897 -3.961477 -5.299459 -6.410822 -7.32099 -8.094042 -8.680618 -8.919964 -8.810887 -8.353935 -7.584179 -6.587605 -5.428728 -4.184619
.1291596 -.979543 -2.214255 -3.505337 -4.656296 -5.464616 -5.937168 -6.141267 -6.063297 -5.738203 -5.159323 -4.557877 -4.081754 -3.807269 -3.742367 -3.670815 -3.531381 -3.297719 -2.972881 -2.605902 -2.261945 -1.890778 -1.457655 -.9743617 -.5881713 -.2331055 .13988 .5754165 .984351 1.341842 1.686924 2.016636 2.220092 2.379609 2.532938 2.654572 2.787137 2.923522 3.017507 3.052364 2.952437 2.622273 2.243501 1.728484 1.108023 .08379894 -.818364 -1.770194 -2.836375 -4.160034 -5.476374 -6.499807 -7.267251 -7.818384 -8.111761 -8.080147 -7.685011 -6.964391 -5.998705 -4.881411 -3.694154
1.581304 .5329384 -.6898871 -1.934574 -3.043975 -3.868166 -4.413002 -4.664761 -4.615679 -4.286546 -3.655749 -2.912622 -2.426357 -2.252895 -2.318708 -2.456372 -2.473938 -2.397115 -2.221395 -2.044977 -1.851969 -1.509204 -1.142155 -.757811 -.4337415 -.04245042 .4046396 .8848422 1.368196 1.834417 2.261389 2.621142 2.89222 3.17492 3.396177 3.623888 3.864219 4.046505 4.152738 4.138495 3.946406 3.561747 3.122266 2.548501 1.814673 .772196 -.1017675 -.9654534 -1.899233 -3.041907 -4.3947 -5.597551 -6.483152 -7.082204 -7.429754 -7.535468 -7.265379 -6.655581 -5.764229 -4.694259 -3.441436
3.413391 2.517116 1.413735 .3512339 -.527357 -1.21496 -1.694675 -1.951227 -1.954053 -1.731837 -1.324355 -.8387561 -.4475749 -.2717863 -.36021 -.5828371 -.6586719 -.7139864 -.7572821 -.8231071 -.7308034 -.5004441 -.1757346 .1147668 .3753409 .7498028 1.176778 1.636928 2.133712 2.624703 3.086001 3.481815 3.817746 4.108101 4.382208 4.667826 4.957062 5.181705 5.341414 5.368149 5.114366 4.703424 4.226689 3.607395 2.663591 1.545023 .6250035 -.2192211 -1.071887 -2.052263 -3.244406 -4.579708 -5.65125 -6.358089 -6.777521 -7.050685 -6.986185 -6.51684 -5.734703 -4.724583 -3.221498
5.382472 4.628254 3.563574 2.403424 1.459625 .7140203 .2085414 -.02048922 .04190105 .327158 .7791293 1.320708 1.817085 2.094938 2.093696 1.818489 1.537974 1.356572 1.309397 1.211711 1.162161 1.219309 1.419602 1.671804 1.851365 2.078365 2.401724 2.795686 3.245901 3.704582 4.152078 4.552536 4.93607 5.271033 5.540819 5.880902 6.224345 6.509674 6.718618 6.774366 6.484613 6.009493 5.491331 4.815034 3.724294 2.412138 1.351287 .4505059 -.3735679 -1.244972 -2.25022 -3.543957 -4.762771 -5.619797 -6.118595 -6.50227 -6.704506 -6.393107 -5.790578 -4.918206 -3.395192
7.350901 6.707757 5.694287 4.496859 3.557048 2.822776 2.323767 2.135465 2.279636 2.657084 3.174023 3.75896 4.327081 4.660814 4.632607 4.2756 3.941538 3.735273 3.684517 3.560742 3.368972 3.27364 3.383993 3.559149 3.613551 3.69195 3.904107 4.204123 4.579504 4.991225 5.40248 5.780681 6.185326 6.567317 6.871432 7.209361 7.586853 7.944111 8.181717 8.22128 7.925987 7.352665 6.742838 5.998868 4.944058 3.449041 2.157139 1.125521 .2595205 -.5663024 -1.450407 -2.634402 -3.89375 -4.848612 -5.477921 -5.935658 -6.425875 -6.25815 -5.844851 -5.14841 -4.007535
8.985496 8.491063 7.728076 6.512393 5.533535 4.824849 4.362729 4.21961 4.433208 4.911265 5.509153 6.143263 6.752614 7.107056 7.071455 6.603629 6.245008 6.016215 5.918692 5.746079 5.523005 5.40094 5.433686 5.497288 5.496003 5.540042 5.674671 5.862063 6.143585 6.457905 6.747854 7.04673 7.409403 7.778469 8.088811 8.431169 8.829647 9.246324 9.549773 9.616074 9.314537 8.625766 7.839697 7.009947 5.976503 4.507017 3.007737 1.808769 .8524153 .002820521 -.8503543 -1.945727 -3.199282 -4.191401 -4.919092 -5.40103 -6.080256 -6.035975 -5.790396 -5.258969 -4.488725
10.40599 10.0482 9.54079 8.690945 7.676548 6.872997 6.35578 6.208994 6.456362 6.996904 7.631117 8.286623 8.929629 9.308414 9.334939 8.793631 8.315737 8.098825 7.995831 7.800928 7.502094 7.388647 7.376905 7.374982 7.355951 7.436644 7.590229 7.73493 7.986002 8.2279 8.39035 8.560678 8.875325 9.241511 9.513391 9.721366 10.04135 10.43562 10.75184 10.80312 10.44243 9.786853 8.863243 7.905119 6.870306 5.555931 3.972645 2.553742 1.450684 .5257839 -.3508858 -1.418999 -2.669494 -3.650849 -4.402704 -4.868185 -5.619134 -5.658426 -5.555622 -5.190659 -4.646178
11.5535 11.30041 10.95698 10.50903 9.966249 9.361012 8.87429 8.704926 8.864777 9.302746 9.845536 10.3994 10.9776 11.32585 11.42499 11.09017 10.42341 10.03601 9.886497 9.737761 9.403267 9.219141 9.199677 9.206168 9.152292 9.216335 9.391012 9.586018 9.809036 10.0426 10.20271 10.22952 10.40291 10.76094 11.05443 11.17578 11.32897 11.61399 11.90237 11.8882 11.46405 10.81371 9.861571 8.686053 7.603635 6.405755 4.940732 3.382867 2.065327 1.038898 .1096681 -.9511552 -2.174724 -3.110873 -3.799057 -4.243247 -4.929461 -5.007797 -5.013417 -4.840715 -4.51496
12.38512 12.28727 12.0594 11.85822 11.69775 11.45596 11.13093 10.84442 10.75589 10.9332 11.32709 11.80404 12.41127 12.91379 13.13993 12.99411 12.47651 11.96351 11.60793 11.42973 11.20916 10.90884 10.79685 10.80945 10.76955 10.73468 10.86414 11.1528 11.42315 11.63699 11.85373 11.93801 11.9964 12.243 12.55267 12.71805 12.77557 12.85031 12.89206 12.79615 12.35226 11.68093 10.79524 9.492123 8.201019 7.034077 5.712399 4.169861 2.704456 1.547452 .568347 -.500725 -1.704152 -2.618797 -3.261681 -3.803993 -4.432532 -4.602876 -4.650613 -4.533007 -4.314234
13.06387 12.98867 12.78395 12.65281 12.65994 12.56788 12.34384 12.05611 11.92936 12.02429 12.31277 12.70973 13.33346 13.82584 14.10017 14.08487 13.7844 13.43868 13.04359 12.7121 12.52734 12.26611 12.03124 11.96379 11.93416 11.96801 12.01467 12.26754 12.55906 12.8631 13.04332 13.10765 13.09565 13.19453 13.30083 13.40178 13.43747 13.52989 13.58273 13.31375 12.8421 12.19552 11.31647 10.09132 8.547484 7.391727 6.249326 4.875379 3.387183 2.097916 1.090119 .02642913 -1.150205 -2.08324 -2.747579 -3.405656 -4.02783 -4.275001 -4.376487 -4.337302 -.5520458
13.61021 13.53099 13.22115 12.93894 12.89784 12.86398 12.70525 12.42992 12.2298 12.22327 12.36986 12.67889 13.29135 13.79996 14.11429 14.14504 14.08934 13.91243 13.69022 13.46186 13.23387 13.00259 12.8167 12.74144 12.66414 12.6975 12.76239 12.94517 13.14774 13.37004 13.48592 13.381 13.15783 12.95789 12.81583 12.76588 12.71484 12.94194 13.35703 13.32185 12.70073 12.14326 11.41313 10.37636 8.823277 7.502613 6.458825 5.313957 3.978641 2.708539 1.718983 .7273305 -.3782467 -1.354881 -2.129293 -2.930874 -3.588775 -4.041094 -4.192936 -4.189877 -4.079645
14.01794 14.0047 13.6722 13.18968 12.91332 12.71335 12.40951 11.97985 11.61364 11.43372 11.4671 11.63284 12.14103 12.68948 13.08728 13.27386 13.36161 13.39627 13.38558 13.37599 13.28104 13.08977 12.91107 12.88008 12.83395 12.80067 12.76346 12.83301 12.93005 13.01996 12.97773 12.75 12.40132 12.01954 11.71423 11.50839 11.25321 11.31067 11.80781 12.25698 11.91904 11.44049 10.88398 10.0184 8.75233 7.302898 6.394056 5.452615 4.383198 3.285156 2.380004 1.446854 .4020413 -.5943249 -1.486732 -2.352626 -3.035855 -3.604315 -3.952982 -4.01474 -3.939547
14.30504 14.21993 13.76757 13.1158 12.51502 11.95408 11.36839 10.75058 10.21188 9.818549 9.647905 9.663489 10.00701 10.56256 11.0923 11.37392 11.59323 11.75112 11.90708 12.06519 12.11299 12.09379 12.00513 11.98506 11.98259 11.97922 11.92811 11.92358 11.93982 11.95242 11.86831 11.66528 11.26145 10.7239 10.30369 10.02778 9.728382 9.702793 10.08656 10.70874 10.7188 10.38701 9.938805 9.23019 8.279644 6.829705 6.03195 5.209983 4.338064 3.42181 2.608521 1.762808 .839752 -.05184106 -.9135836 -1.730254 -2.429519 -3.037093 -3.46831 -3.772564 -3.813281
13.83807 13.46375 12.8605 12.09816 11.24831 10.45207 9.669429 8.936012 8.211948 7.626445 7.286655 7.179098 7.316432 7.722341 8.154494 8.486248 8.807413 9.123152 9.448018 9.724613 9.805446 9.866945 9.93261 9.991271 10.03296 10.0742 10.10861 10.17513 10.25164 10.32012 10.25021 10.18039 9.959143 9.435912 9.008103 8.725695 8.501695 8.497926 8.814036 9.381189 9.540057 9.387829 9.042304 8.439555 7.656069 6.242236 5.501832 4.735956 3.984945 3.247496 2.588678 1.904338 1.154332 .4184054 -.2945765 -1.00285 -1.69006 -2.285596 -2.791706 -3.218535 -3.515208
12.29752 11.77669 11.05268 10.12157 9.098536 8.142111 7.270035 6.636036 5.872966 5.182083 4.662921 4.416052 4.421443 4.819304 5.251072 5.502795 5.830369 6.327935 6.807572 7.186285 7.307966 7.332691 7.392972 7.533113 7.683527 7.711651 7.708673 7.751102 7.901058 8.093349 8.092391 8.185743 8.32171 8.079717 7.772696 7.522139 7.370321 7.385094 7.684019 8.153764 8.314464 8.215607 7.937898 7.478231 6.835779 5.542255 4.864986 4.147419 3.487702 2.913507 2.424788 1.938167 1.419591 .9115075 .4102313 -.1529891 -.8021581 -1.377017 -1.937909 -2.48229 -2.949797
10.3762 9.598463 8.707218 7.633181 6.496615 5.465556 4.722096 4.434399 3.872328 3.295007 2.797269 2.515409 2.433084 2.705339 3.063629 3.275625 3.573182 4.122865 4.691835 5.124107 5.284995 5.317787 5.358071 5.487303 5.695332 5.750761 5.721531 5.701036 5.797171 6.010436 6.07993 6.243469 6.586665 6.701795 6.66023 6.558218 6.480429 6.473205 6.682811 6.984012 7.091402 7.004002 6.783579 6.463493 5.909587 4.798985 4.168184 3.491363 2.904868 2.456758 2.140675 1.9072 1.688951 1.437195 1.151017 .7774072 .2437165 -.3383067 -.9473836 -1.572053 -2.196447
8.450155 7.521643 6.512219 5.371226 4.316007 3.515962 3.115265 2.936795 2.501565 2.048459 1.648654 1.387477 1.349692 1.50254 1.684083 1.891376 2.195641 2.702449 3.225832 3.662675 3.885119 3.993094 4.100608 4.250572 4.39596 4.429887 4.417804 4.414955 4.488174 4.631218 4.738359 4.962431 5.342687 5.6446 5.772987 5.793371 5.774471 5.776861 5.878034 5.98852 6.015878 5.879541 5.683632 5.440401 4.919215 4.062205 3.45847 2.811719 2.268586 1.869814 1.695901 1.723573 1.772091 1.762573 1.713492 1.53861 1.152187 .6428182 .06349962 -.578671 -1.296892
6.266129 5.342075 4.467203 3.486413 2.659195 2.150888 2.009324 1.894722 1.575789 1.247038 .9736291 .7846919 .6639177 .670266 .7510571 .9852836 1.348389 1.839011 2.321109 2.717727 2.962829 3.129798 3.305696 3.468161 3.535856 3.498798 3.459239 3.444193 3.482083 3.569178 3.716411 4.000798 4.433858 4.834315 5.05476 5.148425 5.179912 5.207509 5.209321 5.188814 5.13784 4.979506 4.796929 4.531367 3.972005 3.35391 2.764874 2.140138 1.61052 1.162038 .9821916 1.090439 1.336303 1.579725 1.763868 1.830453 1.675871 1.317001 .844965 .2742796 -.4134691
4.137349 3.301073 2.670387 2.013209 1.436886 1.082765 1.041302 1.019768 .8718817 .7019671 .5254434 .2914433 .1538162 .08564043 .2017838 .4825906 .8813007 1.381415 1.794941 2.090081 2.288452 2.47053 2.676366 2.811554 2.80667 2.69036 2.597893 2.560123 2.562104 2.627605 2.827323 3.177167 3.668778 4.161751 4.465583 4.620624 4.705225 4.761671 4.702193 4.629898 4.498516 4.34539 4.159663 3.865613 3.306073 2.777072 2.16941 1.537556 .9416102 .3280812 .09847566 .1553162 .4787917 .8858953 1.266771 1.557117 4.036358 3.879119 2.907248 1.490118 .4378302
2.574763 1.889082 1.394738 .9180244 .5190459 .3010379 .2983157 .347446 .3723375 .3376923 .2326517 .03756769 -.05405015 -.09751919 .04955005 .4038796 .7927297 1.212033 1.501717 1.646998 1.824927 2.023768 2.225568 2.298679 2.227662 2.059123 1.912394 1.826832 1.794717 1.865122 2.089133 2.456095 2.959774 3.50067 3.890269 4.136441 4.308473 4.429585 4.389081 4.285301 4.114677 3.938086 3.664503 3.308934 2.841565 2.334755 1.713179 1.072519 .3162097 -.4136552 -.7596368 -.8577479 -.6183296 -.1883535 7.024821 8.606848 7.244181 5.981111 4.99887 4.199028 3.534945
