py_wake/examples/data/AJ_ParqueFicticio/Ridge area   Sector 7   Height 30m   Flow inclination.grd
DSAA
90  129
 262878   265103
 6504214   6507414
-16.96069   24.8176
[rows 52 to 77 of 129, columns 0 to 59 of 90]
13.78501 14.58872 15.29156 15.82293 16.08969 15.87154 15.25306 14.44324 13.42698 12.34798 11.22937 9.909539 8.302686 6.572496 4.878014 3.460079 2.548837 1.919972 1.471477 1.207735 1.022824 .8346608 .6403589 .4533643 .2560958 .0795074 -.0429911 -.1467764 -.2784269 -.3183679 -.2167365 -.0854002 -.02494645 .02608609 .08132981 .2005286 .4095219 .6671024 .985302 1.390039 1.872788 2.43462 3.110452 3.876803 4.704612 5.515195 6.25485 6.876551 7.441087 8.023397 8.750486 9.476604 10.01712 10.36819 10.67618 11.05128 11.62799 12.24161 12.57642 12.45827
12.88965 13.82878 14.63291 15.27157 15.70268 15.92571 15.83768 15.501 14.968 14.37416 13.50251 12.27965 10.71616 8.990457 7.20946 5.543963 4.351811 3.513766 2.930649 2.635619 2.456037 2.276837 2.104952 1.962369 1.804984 1.651796 1.558866 1.502998 1.390805 1.370652 1.487929 1.59376 1.637503 1.655466 1.680831 1.754941 1.874825 2.020359 2.219767 2.483927 2.827005 3.244472 3.721835 4.262964 4.873601 5.516416 6.227217 6.938362 7.573601 8.169631 8.868245 9.671585 10.38523 10.84337 11.17009 11.43692 11.82229 12.13222 12.21134 11.73706
11.69576 12.77363 13.83403 14.81012 15.41083 15.81592 16.03292 16.0226 15.9123 15.6697 15.12417 14.25337 12.95772 11.42698 9.808722 8.229255 6.884724 5.809432 5.059965 4.6574 4.399083 4.16898 3.973237 3.841355 3.759725 3.716734 3.719458 3.742175 3.758797 3.809333 3.821491 3.741264 3.686328 3.625452 3.582107 3.589104 3.627782 3.67445 3.726716 3.795794 3.927373 4.116213 4.340353 4.620695 4.921819 5.374461 6.009379 6.751334 7.54363 8.270606 8.980132 9.756039 10.48818 11.10946 11.49702 11.80806 11.94815 11.94915 11.6432 10.86671
10.93537 12.02943 13.12271 14.17004 15.04249 15.67854 16.09809 16.23471 16.30102 16.2454 15.93898 15.40637 14.57638 13.50098 12.23971 10.87449 9.543217 8.352688 7.441795 6.888337 6.536184 6.235674 6.00951 5.884352 5.844451 5.8675 5.918438 5.97106 6.035982 6.033694 5.925125 5.815917 5.720308 5.629492 5.572031 5.52107 5.426474 5.310846 5.218698 5.141498 5.06665 4.997576 4.987925 5.027294 5.110262 5.386705 5.88571 6.514999 7.254626 8.109774 8.890346 9.627115 10.30662 10.85214 11.29053 11.54106 11.48529 11.16094 10.51656 9.452853
10.2769 11.27728 12.30702 13.39666 14.49933 15.32875 15.95559 16.38513 16.5954 16.61424 16.34744 15.92563 15.41448 14.84008 14.01998 12.99355 11.83988 10.71211 9.779516 9.174203 8.738423 8.338999 8.03709 7.840113 7.738914 7.70666 7.717772 7.750944 7.817375 7.709367 7.598139 7.474453 7.384599 7.361444 7.34624 7.250093 7.074389 6.841825 6.640032 6.426377 6.168077 5.892163 5.659037 5.42876 5.325861 5.484019 5.847519 6.373074 7.01229 7.822297 8.712765 9.496168 10.1406 10.58807 10.94684 11.12679 10.85971 10.2415 9.326559 8.106482
9.534142 10.47039 11.44033 12.49596 13.61908 14.6916 15.52516 16.01822 16.23437 16.3618 16.30931 15.9149 15.49513 15.1434 14.82187 14.38874 13.75266 12.93203 12.11618 11.49334 10.91993 10.37847 9.961511 9.629594 9.363832 9.190117 9.07792 9.031193 9.051007 8.895498 8.765226 8.661499 8.602472 8.573974 8.504984 8.411682 8.240176 8.054749 7.836699 7.50384 7.04193 6.594938 6.164663 5.719368 5.534557 5.593053 5.838737 6.26075 6.809061 7.464155 8.278981 9.113209 9.753754 10.18981 10.51067 10.58712 10.17588 9.339561 8.22321 6.820978
8.789058 9.662375 10.65175 11.77627 12.89358 13.95611 14.85053 15.53547 15.84373 15.86363 15.71019 15.39085 15.11389 14.96487 14.90107 14.76434 14.48068 14.02709 13.60436 13.14254 12.5319 11.93935 11.46981 11.03738 10.6142 10.24009 9.968064 9.792107 9.691673 9.525066 9.35777 9.229916 9.161277 9.070004 8.976048 8.830043 8.662034 8.490965 8.257679 7.890421 7.362528 6.790237 6.197592 5.752726 5.60556 5.623591 5.791054 6.12515 6.57759 7.105961 7.707293 8.443633 9.106647 9.487417 9.754126 9.735776 9.308002 8.407763 7.120982 5.579679
8.200774 9.030608 10.00768 11.09901 12.17875 13.1925 14.04582 14.71584 15.02375 15.01583 14.85227 14.61749 14.44933 14.48205 14.70538 14.89873 14.94282 14.80915 14.54606 14.16472 13.65541 13.10576 12.55088 11.98671 11.39862 10.86423 10.40083 10.04969 9.807719 9.618637 9.374756 9.173996 9.003631 8.843458 8.681333 8.489515 8.26565 8.025659 7.710861 7.27585 6.804359 6.230574 5.672861 5.356371 5.270887 5.294018 5.402468 5.681094 6.105384 6.57326 7.058756 7.598862 8.157006 8.505234 8.709501 8.611567 8.080572 7.154108 5.871806 4.297713
7.559298 8.250973 9.104525 10.09343 11.1248 12.11486 12.96781 13.59557 13.88835 13.91795 13.71416 13.40193 13.29986 13.50707 13.88861 14.21379 14.49906 14.71842 14.82415 14.73599 14.259 13.69028 13.08854 12.41306 11.70841 11.03143 10.4051 9.930487 9.539569 9.205992 8.903766 8.618618 8.249318 7.962773 7.713717 7.402082 7.129923 6.856294 6.490112 6.111676 5.689561 5.174386 4.788095 4.571189 4.484394 4.403409 4.425368 4.666014 5.135089 5.725077 6.248015 6.702253 7.106563 7.37665 7.508997 7.322058 6.730745 5.779016 4.556055 3.08022
6.697711 7.268323 7.976161 8.793706 9.678519 10.50818 11.20102 11.72224 12.00089 12.11059 12.0364 11.9013 11.77278 11.86089 12.26215 12.7241 13.23663 13.77022 14.23468 14.43391 14.19097 13.77887 13.23425 12.473 11.6335 10.82416 10.10151 9.443943 8.89041 8.402025 7.913255 7.447927 7.000746 6.697331 6.36989 6.008366 5.724513 5.388537 5.029356 4.703485 4.336292 3.970891 3.73304 3.557753 3.409618 3.238827 3.217419 3.432983 3.908897 4.619707 5.31112 5.809281 6.092836 6.215662 6.268456 6.059981 5.45741 4.506322 3.318603 1.923064
5.405421 5.960949 6.692781 7.488531 8.366454 9.178475 9.840072 10.28667 10.51325 10.51237 10.19916 9.769217 9.612819 9.847972 10.34007 10.95209 11.56067 12.14395 12.63756 12.99811 13.04016 12.7502 12.36056 11.72342 10.91588 10.02071 9.196478 8.522532 7.904459 7.288338 6.728764 6.126104 5.600096 5.186277 4.767682 4.402231 4.101289 3.768754 3.445857 3.158349 2.875715 2.655955 2.543884 2.483985 2.371816 2.26332 2.294367 2.505219 2.924447 3.567303 4.324884 4.884293 5.14909 5.199218 5.172685 4.987405 4.442151 3.568228 2.454542 1.143218
3.628165 4.124869 4.674999 5.131966 5.621272 6.13254 6.607761 6.948337 7.183123 7.288866 7.261439 7.188685 7.225234 7.507185 8.02332 8.520941 8.926067 9.448775 10.0857 10.61738 10.74543 10.56981 10.23536 9.85264 9.186238 8.396491 7.723815 7.118606 6.481469 5.874338 5.288805 4.666586 4.114745 3.618352 3.158166 2.762362 2.409936 2.096687 1.830939 1.573521 1.373625 1.243883 1.20113 1.234751 1.278811 1.340037 1.47887 1.718843 2.093608 2.61429 3.271737 3.873812 4.174186 4.211512 4.137873 4.026008 3.606726 2.857145 1.863763 .6801232
1.531727 1.923703 2.42081 2.919547 3.446707 3.96275 4.382161 4.659682 4.818408 4.870038 4.819828 4.713424 4.685389 4.858924 5.217358 5.65982 6.171307 6.702891 7.207109 7.574671 7.667088 7.66431 7.563435 7.289478 6.771903 6.296327 5.856291 5.333857 4.770491 4.231706 3.664434 3.059206 2.49557 1.97042 1.488008 1.047227 .643674 .3038225 .06054833 -.1164491 -.2147253 -.2540188 -.2319995 -.1204366 .1470207 .4609738 .7531093 1.057095 1.402353 1.816134 2.313321 2.832692 3.146153 3.207523 3.094197 3.030743 2.761046 2.190622 1.397209 .4222594
-.6243203 -.302788 .2123625 .7834476 1.323256 1.834237 2.206217 2.408041 2.456578 2.407353 2.279419 2.105332 2.005845 2.120234 2.483217 2.953903 3.432324 3.863341 4.204796 4.484319 4.718296 4.863533 4.824942 4.602489 4.334611 4.10402 3.802895 3.367169 2.922271 2.440345 1.910465 1.345272 .7699663 .2237742 -.2575478 -.7070816 -1.145272 -1.503777 -1.700497 -1.761829 -1.775296 -1.700433 -1.566 -1.362666 -.9906685 -.4331073 .05779668 .462722 .8133845 1.151705 1.503688 1.871864 2.121738 2.189937 2.112126 2.035112 1.910398 1.534205 .9639301 .2239469
-2.468233 -2.24648 -1.827564 -1.147813 -.5794794 -.09117461 .224602 .3510045 .2945035 .1348142 -.06125541 -.2639056 -.3745766 -.2730169 .1082332 .6083986 1.005709 1.342062 1.61308 1.876736 2.094449 2.236893 2.231153 2.115792 1.966886 1.811354 1.608828 1.332083 1.001596 .6313737 .2250001 -.2659557 -.7993102 -1.298784 -1.745982 -2.198298 -2.654953 -3.007274 -3.171442 -3.177526 -3.121522 -2.881148 -2.59667 -2.286946 -1.86859 -1.189507 -.5517538 -.06425332 .3089056 .6035346 .8603951 1.089785 1.231431 1.27458 1.223606 1.102516 1.059937 .8578534 .4825486 -.05735361
-4.10829 -3.946691 -3.640206 -3.073152 -2.342794 -1.725779 -1.337618 -1.201496 -1.28808 -1.457002 -1.65113 -1.87545 -2.034409 -1.994748 -1.697041 -1.20118 -.8657275 -.6803793 -.5126871 -.273511 -.08159929 -.01998883 -.02981977 -.09233197 -.239835 -.4461715 -.6131169 -.7953808 -1.067352 -1.320282 -1.563791 -1.93822 -2.420254 -2.868754 -3.197888 -3.524073 -3.895447 -4.18481 -4.292551 -4.225883 -4.084373 -3.79065 -3.375996 -2.955541 -2.487762 -1.883701 -1.172823 -.5775632 -.1614963 .1229093 .3212704 .4571934 .5112545 .4973151 .4187798 .2872012 .1839467 .0778695 -.1495468 -.5085636
-5.438406 -5.311702 -5.052181 -4.653418 -4.060866 -3.341287 -2.803573 -2.579937 -2.599285 -2.692166 -2.810378 -2.9657 -3.102779 -3.115802 -2.986757 -2.682494 -2.326054 -2.182001 -2.124542 -2.006331 -1.854291 -1.83108 -1.908085 -2.013032 -2.132744 -2.286924 -2.475872 -2.685675 -2.905876 -3.120796 -3.321923 -3.54722 -3.898904 -4.276901 -4.540819 -4.747886 -4.953191 -5.121564 -5.154991 -5.03434 -4.795374 -4.441916 -3.944867 -3.386829 -2.898322 -2.377117 -1.727448 -1.088414 -.6177239 -.343704 -.1923841 -.1418101 -.1870548 -.2961413 -.459447 -.6777331 -.9652252 -1.056732 -1.162905 -1.2961
-6.411724 -6.341741 -6.098114 -5.758923 -5.24699 -4.592522 -3.968385 -3.550146 -3.310808 -3.213417 -3.239493 -3.354191 -3.494762 -3.623899 -3.656695 -3.548669 -3.344616 -3.212415 -3.191753 -3.226032 -3.22995 -3.212842 -3.306768 -3.409973 -3.508025 -3.607344 -3.803107 -4.072525 -4.275383 -4.456998 -4.669858 -4.858737 -5.091016 -5.387091 -5.650257 -5.806569 -5.855013 -5.836042 -5.711278 -5.540878 -5.241676 -4.82673 -4.308786 -3.672723 -3.126026 -2.644037 -2.10112 -1.509904 -1.05131 -.7942294 -.6958705 -.7328938 -.8753852 -1.080616 -1.330432 -1.639227 -1.967317 -2.135111 -2.168105 -2.180923
-7.145735 -7.032966 -6.766914 -6.405426 -5.882551 -5.182918 -4.488499 -3.934841 -3.627623 -3.458015 -3.39018 -3.429307 -3.545243 -3.707286 -3.82528 -3.834586 -3.771819 -3.736319 -3.765949 -3.851674 -3.961431 -3.958669 -3.981385 -4.09696 -4.240414 -4.389437 -4.545134 -4.784106 -4.990664 -5.20471 -5.378819 -5.55969 -5.746964 -5.96115 -6.141675 -6.28128 -6.311335 -6.200713 -5.957851 -5.664339 -5.304142 -4.826892 -4.25288 -3.608057 -3.00995 -2.63501 -2.284596 -1.898822 -1.558306 -1.386463 -1.38104 -1.483378 -1.662941 -1.878627 -2.122995 -2.427586 -2.681943 -2.784935 -2.85473 -2.794523
-7.665076 -7.520342 -7.163992 -6.727075 -6.233296 -5.597385 -4.90796 -4.342216 -3.948672 -3.610167 -3.333915 -3.160319 -3.162053 -3.368737 -3.615128 -3.76146 -3.829985 -3.872301 -3.961237 -4.02261 -4.082495 -4.118583 -4.193438 -4.312234 -4.451975 -4.617839 -4.79765 -4.996504 -5.17905 -5.356774 -5.513728 -5.669295 -5.821814 -5.962967 -6.085974 -6.196397 -6.186395 -6.088458 -5.897706 -5.501712 -4.931273 -4.38878 -3.81475 -3.238937 -2.716444 -2.433518 -2.264842 -2.134828 -2.034749 -2.039339 -2.175383 -2.406116 -2.619089 -2.778486 -2.937186 -3.139118 -3.243014 -3.242275 -3.213431 -3.173074
-8.022417 -7.971384 -7.636837 -7.190459 -6.733139 -6.070325 -5.248103 -4.591955 -4.183554 -3.575204 -2.434698 -1.460178 -1.264532 -1.860359 -2.750481 -3.394361 -3.540168 -3.587568 -3.686844 -3.845193 -3.971534 -4.010128 -4.080416 -4.213142 -4.358937 -4.50739 -4.663805 -4.851843 -5.027071 -5.198629 -5.347311 -5.479877 -5.614497 -5.723305 -5.83655 -5.90214 -5.775368 -5.626441 -5.458907 -4.954066 -4.197784 -3.535138 -2.949293 -2.462174 -2.112908 -2.045311 -2.138406 -2.339884 -2.607132 -2.925118 -3.26516 -3.549546 -3.698693 -3.736744 -3.779208 -3.830041 -3.765916 -3.656796 -3.523644 -3.396882
-8.456889 -8.441265 -8.198891 -7.777116 -7.137507 -6.090294 -4.417146 -2.969003 -3.018527 -2.512203 -1.367685 -.3184935 .2679359 .1739192 -.5700961 -1.566392 -2.199313 -2.60393 -2.942217 -3.294545 -3.565367 -3.697898 -3.798723 -3.922408 -4.071043 -4.220206 -4.364645 -4.537173 -4.701125 -4.870414 -5.018642 -5.191196 -5.318537 -5.374956 -5.450392 -5.424059 -5.252058 -4.981544 -4.568151 -3.890221 -3.025027 -2.312923 -1.755606 -1.410033 -1.304705 -1.555732 -1.908702 -2.383482 -2.932411 -3.491851 -3.948545 -4.25582 -4.421774 -4.483098 -4.508811 -4.454577 -4.279443 -4.066076 -3.816259 -3.592925
-8.807849 -8.791233 -8.451506 -7.639537 -6.215003 -3.684262 -.7638515 -.4983138 -.1954202 -.9079202 -.4839322 .9767582 2.019209 2.129449 1.451707 .6039447 -.29348 -1.179893 -1.884558 -2.528903 -2.984188 -3.197213 -3.338515 -3.458337 -3.587872 -3.726739 -3.875612 -4.053333 -4.230707 -4.435966 -4.612099 -4.904329 -5.13634 -5.11116 -5.115305 -4.99181 -4.614697 -4.056744 -3.355572 -2.505689 -1.640386 -1.009758 -.6018667 -.4614394 -.5932251 -1.12592 -1.676598 -2.346268 -3.083586 -3.803629 -4.364305 -4.765385 -5.029231 -5.199514 -5.260186 -5.133616 -4.901721 -4.571451 -4.185603 -3.852493
-8.878393 -8.853865 -8.110825 -5.946435 -3.682422 -1.420914 1.285247 1.032108 -1.649776 -2.657835 -3.086106 -1.545352 .1825194 1.313894 1.307018 .7294424 .1306543 -.6328071 -1.462201 -2.180287 -2.676429 -2.932901 -3.090954 -3.281978 -3.431646 -3.532437 -3.701413 -3.96209 -4.279903 -4.559228 -4.716762 -5.175357 -5.563671 -5.245231 -4.789441 -4.237266 -3.504748 -2.65725 -1.758391 -.8080778 -.01174354 .4566013 .6190048 .4855787 .06829868 -.7449195 -1.474901 -2.314055 -3.20838 -4.061454 -4.751519 -5.286579 -5.711555 -6.022034 -6.084223 -5.902435 -5.608232 -5.193992 -4.68752 -4.234639
-8.631396 -8.480906 -7.036243 -4.110882 -3.516437 -2.593543 .1334974 -.7260801 -4.76748 -6.581047 -6.370355 -5.103837 -3.659045 -2.085341 -1.055135 -.8829358 -1.1094 -1.494123 -2.011654 -2.490353 -2.842273 -3.103302 -3.351608 -3.62386 -3.818665 -3.892797 -4.10334 -4.503572 -5.038396 -5.330059 -5.295167 -5.567934 -5.679124 -4.836036 -3.874075 -2.880074 -1.851163 -.802993 .2002954 1.100236 1.679864 1.882496 1.735355 1.324435 .6112083 -.4424205 -1.328521 -2.315304 -3.342528 -4.318582 -5.175807 -5.940548 -6.585717 -6.951986 -6.995743 -6.818963 -6.452606 -5.922726 -5.300321 -4.767173
-8.061831 -7.581975 -5.345276 -3.751506 -4.893238 -5.131484 -4.108311 -5.456434 -8.688647 -8.765182 -8.042307 -7.043378 -5.661804 -4.07097 -2.788389 -2.120912 -1.965835 -1.964033 -2.097305 -2.30487 -2.539233 -2.768466 -2.993675 -3.231104 -3.428729 -3.568044 -3.822377 -4.232988 -4.687931 -4.814994 -4.690101 -4.623384 -4.234938 -3.285458 -2.160384 -1.009008 .1148019 1.198524 2.146967 2.814866 3.098887 2.978938 2.548592 1.909996 .9187195 -.2747884 -1.279903 -2.367439 -3.471286 -4.568317 -5.703925 -6.744483 -7.448865 -7.791462 -7.86376 -7.675072 -7.251532 -6.680013 -6.014628 -5.487193
