py_wake/examples/data/AJ_ParqueFicticio/Ridge area   Sector 8   Height 200m   Orographic turn.grd
DSAA
90  129
 262878   265103
 6504214   6507414
-146.0817   28.3374
[rows 27 to 53 of 129, columns 0 to 60 of 90]
-4.649164 -4.806176 -4.840615 -4.827391 -4.741208 -4.546061 -4.254944 -3.857935 -3.329747 -2.752911 -2.218909 -1.72572 -1.249214 -.7879432 -.3449778 .06190967 .4399762 .7840775 1.067555 1.32531 1.633967 1.883634 2.106242 2.287599 2.412788 2.564561 2.76669 3.040393 3.345227 3.568059 3.79216 3.98038 4.255158 4.613228 4.966657 5.439047 6.02684 6.699637 7.487614 8.229594 8.894361 9.565303 10.13603 10.48135 10.59177 10.48987 10.19933 9.726794 9.147873 8.686555 8.254723 7.722244 6.720971 5.176205 2.638623 -2.248033 -9.546742 -16.5049 -21.30159 -24.47459 -26.4119
-4.495173 -4.639246 -4.68469 -4.711718 -4.672548 -4.528736 -4.298575 -3.951409 -3.465064 -2.926999 -2.433832 -1.977067 -1.51797 -1.020022 -.5010114 .01010002 .50049 .9537891 1.362683 1.764414 2.216906 2.59925 2.939559 3.246078 3.46858 3.700891 3.969161 4.278835 4.59422 4.836512 5.052332 5.234015 5.45041 5.749789 6.035334 6.421494 6.918998 7.492122 8.200731 8.88821 9.503604 10.13814 10.6657 10.93715 10.97927 10.78357 10.37883 9.830309 9.161907 8.611257 8.112001 7.357905 5.931556 3.758302 .3051864 -5.412944 -13.12244 -20.12376 -24.34538 -26.82514 -28.24104
-4.285701 -4.412874 -4.466261 -4.516546 -4.49858 -4.391568 -4.222669 -3.948482 -3.529656 -3.050578 -2.63374 -2.261509 -1.859683 -1.387554 -.8576929 -.291447 .2889866 .864495 1.419358 1.984416 2.583951 3.115042 3.607026 4.076121 4.434272 4.784764 5.159564 5.51954 5.861752 6.134012 6.343459 6.509566 6.680792 6.914786 7.135833 7.427719 7.827488 8.294938 8.902666 9.513661 10.07435 10.66683 11.13708 11.32165 11.30723 11.05054 10.54847 9.934698 9.217837 8.587955 7.975564 6.93989 5.069124 2.180602 -2.308217 -8.715371 -16.604 -23.45368 -27.16547 -28.8275 -29.56859
-3.985185 -4.103465 -4.167619 -4.2302 -4.21392 -4.123642 -3.984447 -3.761691 -3.420455 -3.046638 -2.77997 -2.520681 -2.187931 -1.772143 -1.294283 -.764326 -.1829414 .4476932 1.11546 1.821159 2.544533 3.226589 3.893011 4.535439 5.071152 5.592249 6.109422 6.546304 6.947142 7.279142 7.538785 7.745252 7.918908 8.080107 8.218163 8.401129 8.688802 9.045352 9.533889 10.05644 10.55205 11.05561 11.42703 11.53895 11.46055 11.18672 10.65216 9.987101 9.270929 8.600403 7.862411 6.555228 4.316976 .766485 -4.851861 -11.90077 -19.08408 -25.38178 -29.01842 -29.9191 -30.22942
-3.630486 -3.741967 -3.81168 -3.880232 -3.85426 -3.757387 -3.616039 -3.418 -3.160747 -2.921058 -2.793528 -2.639958 -2.394433 -2.060529 -1.672612 -1.245201 -.7623661 -.1765047 .5016897 1.232581 1.983012 2.712175 3.452695 4.200651 4.889904 5.589667 6.320396 6.981262 7.56587 8.050855 8.418343 8.684283 8.869652 9.019226 9.142458 9.260422 9.448106 9.716558 10.10153 10.54959 11.02205 11.47894 11.78988 11.84547 11.66499 11.32325 10.77265 10.04397 9.319052 8.627528 7.804807 6.323191 3.864293 .02631665 -6.304039 -13.62839 -19.44015 -24.47961 -28.25669 -29.73601 -29.97352
-3.267112 -3.376266 -3.456183 -3.531312 -3.49424 -3.390142 -3.250119 -3.077374 -2.893487 -2.745464 -2.691631 -2.607521 -2.445184 -2.212181 -1.940355 -1.646286 -1.299188 -.798893 -.1707475 .4963345 1.189512 1.900392 2.646315 3.437472 4.223248 5.064213 5.994468 6.906044 7.719573 8.412007 8.929692 9.310738 9.57093 9.777799 9.949249 10.06381 10.17544 10.3651 10.65849 11.0444 11.50296 11.93436 12.21257 12.25661 11.99365 11.58426 10.98931 10.18935 9.406013 8.678988 7.794323 6.229657 3.659291 -.2052629 -6.74492 -14.49214 -19.26542 -23.01909 -26.4592 -28.63669 -29.42383
-2.899989 -3.018491 -3.125014 -3.227315 -3.200577 -3.109345 -2.985395 -2.844577 -2.724943 -2.644551 -2.625798 -2.573034 -2.451858 -2.289513 -2.123396 -1.960546 -1.732463 -1.320546 -.795224 -.2367187 .3637585 1.008903 1.722021 2.50111 3.332804 4.272653 5.326258 6.410004 7.445864 8.332881 9.052737 9.653871 10.06317 10.36083 10.61631 10.74895 10.82621 10.96943 11.18597 11.51791 11.94485 12.33561 12.56448 12.6157 12.3161 11.86281 11.23104 10.39581 9.549277 8.771033 7.861952 6.33876 3.779467 -.03503722 -5.936884 -13.28245 -18.18356 -21.5351 -24.70029 -27.13431 -28.57895
-2.527632 -2.671554 -2.83371 -2.998122 -3.011219 -2.967236 -2.89592 -2.808827 -2.738982 -2.690276 -2.672061 -2.624999 -2.527521 -2.421147 -2.334009 -2.25591 -2.075506 -1.710713 -1.289139 -.8678333 -.4093561 .1279447 .7512723 1.454749 2.256272 3.203132 4.282385 5.442923 6.559186 7.553472 8.457934 9.231676 9.827568 10.30642 10.68184 10.89134 11.07039 11.2337 11.44226 11.7694 12.16716 12.54667 12.76466 12.82496 12.53381 12.0592 11.38765 10.53535 9.638713 8.79877 7.902191 6.524983 4.104986 .4611672 -4.446173 -10.33212 -15.98932 -20.15642 -23.33099 -26.08877 -27.86463
-2.138881 -2.321461 -2.562673 -2.819256 -2.899349 -2.939979 -2.950697 -2.947553 -2.952765 -2.942822 -2.922743 -2.866687 -2.771238 -2.695891 -2.648703 -2.583633 -2.389598 -2.072566 -1.731249 -1.405967 -1.069601 -.6713724 -.2014319 .3635212 1.051262 1.89623 2.907286 4.0482 5.186154 6.219476 7.165574 8.00036 8.750247 9.381076 9.887329 10.28352 10.59614 10.8642 11.16414 11.59468 12.06909 12.48554 12.72688 12.80712 12.55651 12.07444 11.36504 10.48432 9.586251 8.707474 7.821598 6.615004 4.543865 1.379459 -2.921057 -8.431733 -14.05979 -18.72435 -22.40916 -25.45215 -27.68291
-1.718098 -1.955321 -2.281762 -2.632978 -2.778917 -2.910851 -3.013261 -3.107919 -3.190275 -3.233918 -3.252701 -3.214654 -3.127693 -3.081797 -3.051439 -2.964682 -2.757721 -2.473729 -2.186564 -1.93062 -1.670267 -1.388837 -1.066046 -.6347958 -.08922911 .6183227 1.490296 2.52372 3.629331 4.641907 5.601471 6.494231 7.322215 8.052711 8.683858 9.209128 9.665808 10.07623 10.50712 11.04304 11.64521 12.15734 12.44943 12.52882 12.32271 11.85463 11.15398 10.27334 9.356754 8.465821 7.56932 6.488657 4.739933 1.968408 -1.912924 -7.048369 -12.83357 -17.73431 -21.79612 -25.29605 -27.78842
-1.281754 -1.575616 -1.977266 -2.397652 -2.602459 -2.827561 -3.024143 -3.226391 -3.412005 -3.548059 -3.634536 -3.624161 -3.557285 -3.524123 -3.491814 -3.402019 -3.212683 -2.945952 -2.693484 -2.481583 -2.274266 -2.075775 -1.844114 -1.512539 -1.07475 -.4853424 .2610104 1.169383 2.161316 3.095516 4.028477 4.953432 5.823416 6.599234 7.316708 7.975848 8.542776 9.079503 9.649448 10.30309 10.98756 11.55805 11.89896 11.9648 11.82938 11.3454 10.72727 9.902618 8.993949 8.09422 7.204548 6.204504 4.65288 2.11025 -1.468988 -6.220675 -11.85933 -17.23659 -21.83804 -25.50989 -28.17253
-.8758443 -1.193233 -1.642361 -2.095573 -2.356685 -2.665036 -2.9483 -3.2402 -3.509873 -3.732916 -3.910299 -3.955639 -3.945846 -3.944579 -3.952739 -3.907442 -3.748999 -3.519924 -3.284318 -3.058444 -2.869917 -2.735527 -2.549105 -2.252776 -1.867364 -1.362145 -.7150725 .08994342 .9718042 1.809798 2.632684 3.488227 4.324348 5.152981 5.933138 6.643342 7.296186 7.915894 8.556631 9.280382 10.02175 10.65325 11.04992 11.18066 11.14995 10.73788 10.16626 9.395122 8.534534 7.636275 6.749715 5.788626 4.355869 1.897179 -1.659092 -6.224075 -11.82353 -17.7313 -22.45027 -26.0487 -28.85217
-.4363297 -.788635 -1.261885 -1.719426 -2.061794 -2.456396 -2.824692 -3.207715 -3.553031 -3.845968 -4.061707 -4.143579 -4.207113 -4.292171 -4.373245 -4.363852 -4.248544 -4.066099 -3.82557 -3.604428 -3.433603 -3.314159 -3.161341 -2.888754 -2.532282 -2.064111 -1.484583 -.7912982 .004581265 .7737508 1.496334 2.271586 3.039577 3.776919 4.531404 5.27961 5.967077 6.610781 7.291804 8.067368 8.890148 9.624157 10.13626 10.38825 10.45706 10.18728 9.668278 8.897957 8.030236 7.130388 6.236326 5.285691 3.876998 1.390281 -2.252886 -7.001871 -12.75771 -18.56944 -23.40737 -27.09008 -29.82524
.05673293 -.3354803 -.8334151 -1.301837 -1.726111 -2.166259 -2.581285 -3.024924 -3.434283 -3.799702 -4.062473 -4.197021 -4.324855 -4.479116 -4.604242 -4.621791 -4.568843 -4.413394 -4.172391 -3.965413 -3.828662 -3.744073 -3.590348 -3.332088 -3.018611 -2.600715 -2.096766 -1.485781 -.7477565 -.04317484 .6132307 1.281869 1.967872 2.605144 3.299188 4.030057 4.73459 5.39388 6.099051 6.914932 7.796068 8.629567 9.237098 9.579334 9.699029 9.531817 9.100719 8.411499 7.557003 6.65267 5.734448 4.767968 3.318992 .6825016 -3.079749 -7.964598 -13.98771 -19.88102 -24.48165 -28.15008 -30.83252
.542496 .1593252 -.3347479 -.8320516 -1.328442 -1.805608 -2.259447 -2.747825 -3.189699 -3.583365 -3.853275 -4.024355 -4.211061 -4.41035 -4.57399 -4.652668 -4.646138 -4.524025 -4.306518 -4.148058 -4.033569 -3.916576 -3.753677 -3.492229 -3.199023 -2.82009 -2.408676 -1.875204 -1.195529 -.5150953 .07086562 .6792709 1.271289 1.786301 2.39154 3.07497 3.724019 4.36124 5.086895 5.921438 6.830431 7.693491 8.328604 8.734843 8.936182 8.835267 8.455791 7.88312 7.106265 6.221493 5.276003 4.242149 2.752221 -.01319118 -3.997638 -9.061434 -15.2347 -21.22643 -25.75008 -29.14722 -31.46654
.9707515 .6341626 .1741709 -.3235322 -.8612806 -1.368801 -1.848315 -2.355063 -2.795415 -3.202513 -3.482247 -3.676963 -3.873091 -4.048629 -4.187452 -4.280217 -4.329934 -4.28828 -4.168186 -4.041062 -3.91318 -3.777453 -3.573268 -3.298856 -3.030989 -2.707575 -2.340561 -1.85533 -1.21615 -.5894417 -.07233051 .4903049 .94256 1.38929 1.941638 2.54646 3.107246 3.702686 4.419297 5.258997 6.167667 7.02306 7.715695 8.193984 8.455699 8.40211 8.054201 7.478835 6.727958 5.850212 4.88274 3.773337 2.222045 -.6446256 -4.972249 -10.30235 -16.42865 -22.40103 -26.82409 -29.87554 -31.85398
1.407877 1.140952 .7295956 .2746336 -.2475715 -.7794678 -1.296471 -1.82927 -2.260969 -2.640614 -2.886967 -3.082155 -3.291953 -3.477322 -3.629926 -3.743964 -3.843338 -3.868402 -3.798406 -3.67746 -3.549632 -3.406602 -3.183286 -2.898048 -2.594697 -2.267103 -1.954255 -1.516809 -.8868777 -.3192793 .1234404 .5966551 .9419006 1.339655 1.8209 2.303081 2.777464 3.327443 4.011036 4.809152 5.677174 6.548371 7.291719 7.793829 8.094452 8.077536 7.762862 7.20302 6.470558 5.59503 4.598876 3.420101 1.739904 -1.249244 -5.821707 -11.3287 -17.34129 -22.99726 -27.35461 -30.05999 -31.32175
1.626476 1.466783 1.154301 .7748482 .3193176 -.1818516 -.6765363 -1.182373 -1.567276 -1.908515 -2.131597 -2.325471 -2.524742 -2.692622 -2.824085 -2.924463 -3.0505 -3.131026 -3.115899 -3.031916 -2.974705 -2.850068 -2.629396 -2.372818 -2.072572 -1.754569 -1.47137 -1.065468 -.449463 .09728864 .5020587 .9121744 1.187701 1.53576 1.939232 2.30817 2.698209 3.201261 3.822873 4.532747 5.333042 6.17301 6.93145 7.437033 7.747756 7.783789 7.541185 7.026972 6.296172 5.424669 4.397635 3.161672 1.360763 -1.71105 -6.436646 -12.14049 -18.10307 -23.38121 -27.20414 -29.48474 -30.25486
1.681316 1.603323 1.376271 1.090922 .7689922 .3634975 -.04610591 -.4637976 -.7561476 -1.027196 -1.197201 -1.351302 -1.527288 -1.684706 -1.807572 -1.89556 -2.020329 -2.109432 -2.104822 -2.052692 -2.053055 -1.982087 -1.810978 -1.61598 -1.346966 -1.047921 -.7715168 -.3783511 .2009109 .7214515 1.068203 1.427738 1.680813 1.974349 2.309183 2.596322 2.91202 3.352474 3.886814 4.479655 5.17697 5.946869 6.670963 7.147744 7.441482 7.485928 7.309534 6.889616 6.200743 5.341215 4.289818 3.007356 1.115849 -2.040895 -6.882456 -12.78794 -18.6669 -23.49348 -26.71894 -28.49587 -28.74584
1.523362 1.603291 1.571589 1.426601 1.197322 .9095433 .6362315 .347156 .1741856 .02160224 -.04311525 -.1127757 -.2200447 -.3363246 -.4486583 -.553646 -.6966844 -.7614641 -.7313619 -.703927 -.7411097 -.7109287 -.6343424 -.5430013 -.358151 -.08662396 .2172801 .6157842 1.114464 1.563959 1.854393 2.161986 2.404825 2.656869 2.934069 3.16996 3.42584 3.815318 4.281593 4.772137 5.375233 6.072299 6.734902 7.172375 7.442569 7.459968 7.248543 6.856277 6.1916 5.326742 4.262923 2.945083 .9914153 -2.232049 -7.065031 -12.95852 -18.47058 -23.05877 -26.08517 -27.45648 -27.16666
1.219355 1.407365 1.52193 1.547161 1.484733 1.343756 1.222961 1.106691 1.07179 1.065739 1.142801 1.202073 1.180067 1.153835 1.10243 .9979436 .8422765 .7554479 .7661721 .7927963 .7641128 .7487097 .7471731 .7518639 .8542406 1.080286 1.367929 1.73942 2.181996 2.57399 2.81871 3.058128 3.283529 3.495122 3.717782 3.912037 4.121278 4.454229 4.872449 5.306144 5.846036 6.478354 7.074671 7.457642 7.669945 7.653136 7.383074 6.939777 6.27649 5.381754 4.29849 2.955034 .9951326 -2.213668 -6.899176 -12.48567 -17.74735 -22.06027 -24.9115 -25.76663 -25.03536
.7353602 1.023665 1.213807 1.30151 1.337622 1.340091 1.400646 1.51343 1.702377 1.915388 2.181028 2.421795 2.52154 2.577041 2.540159 2.436664 2.285659 2.162303 2.148258 2.176909 2.166121 2.146943 2.11634 2.067966 2.07113 2.197401 2.432575 2.767516 3.17336 3.550402 3.786325 3.980564 4.184997 4.361828 4.528384 4.684023 4.84973 5.123106 5.496676 5.882876 6.363427 6.945447 7.490736 7.835018 8.012402 7.952491 7.635702 7.105538 6.405737 5.474363 4.361365 3.006272 1.070943 -2.089232 -6.608995 -11.83599 -16.89819 -20.81806 -23.05 -23.59936 -22.58089
.09293092 .4777511 .7331812 .8981153 1.033492 1.134869 1.297748 1.524909 1.909483 2.397502 2.930864 3.422124 3.690017 3.848953 3.832128 3.723007 3.56734 3.430486 3.376521 3.388442 3.406934 3.405943 3.390034 3.333944 3.267085 3.305211 3.451708 3.702655 4.046134 4.404305 4.677157 4.877789 5.053457 5.208289 5.322578 5.441851 5.571274 5.780464 6.112326 6.468771 6.89631 7.428236 7.921523 8.235185 8.402524 8.314919 7.956232 7.362318 6.59569 5.63473 4.473893 3.09859 1.19125 -1.881614 -6.31428 -11.24067 -15.76512 -19.25563 -21.24174 -21.54504 -20.29662
-.6343172 -.1963214 .1281132 .3451976 .5002909 .6558209 .9233277 1.277412 1.771823 2.400623 3.15663 3.931707 4.456061 4.753311 4.832458 4.761572 4.648013 4.516883 4.429619 4.41554 4.448147 4.48528 4.513976 4.503503 4.45128 4.433279 4.503528 4.650335 4.888824 5.211309 5.517049 5.74088 5.897646 6.025123 6.100091 6.172164 6.27338 6.419566 6.694586 7.019206 7.388803 7.873149 8.317636 8.607961 8.774668 8.682152 8.287804 7.653374 6.831918 5.865897 4.682065 3.289482 1.410071 -1.528648 -5.778631 -10.35879 -14.28704 -17.33768 -18.99534 -18.89149 -17.34086
-1.378627 -.9627587 -.6399212 -.3958296 -.2499155 -.06763085 .1788641 .5794942 1.174067 1.939451 2.923571 3.955128 4.738025 5.217956 5.482614 5.520411 5.518674 5.436381 5.347784 5.327733 5.351814 5.398019 5.457653 5.527647 5.538117 5.540889 5.623501 5.727609 5.89583 6.187815 6.447812 6.675943 6.806704 6.887498 6.929283 6.951111 6.968395 7.040577 7.234573 7.518808 7.82708 8.251086 8.637395 8.899962 9.059313 8.964132 8.567671 7.919451 7.075421 6.103624 4.944052 3.553748 1.724035 -1.021617 -4.845761 -8.994917 -12.38361 -14.85092 -16.04737 -15.75386 -14.28171
-2.017216 -1.646681 -1.385924 -1.23556 -1.14291 -.984062 -.7399637 -.2690977 .4056205 1.288786 2.47991 3.721662 4.686234 5.322734 5.791734 6.047635 6.176455 6.148576 6.057522 6.051759 6.072203 6.103254 6.180487 6.301936 6.403005 6.511014 6.684275 6.884547 7.044696 7.342033 7.557931 7.740917 7.832268 7.810483 7.759741 7.696747 7.634107 7.626051 7.733707 7.958872 8.201059 8.549046 8.859245 9.072931 9.194812 9.067646 8.700471 8.08151 7.263756 6.292078 5.195469 3.867398 2.147564 -.3682113 -3.748163 -7.220572 -10.16133 -12.22691 -13.20742 -12.77632 -11.31897
-2.613246 -2.264835 -2.002311 -1.898896 -1.913615 -1.897075 -1.748287 -1.323833 -.6841431 .2535177 1.584049 3.003453 4.136396 4.937226 5.560255 6.038118 6.288216 6.344424 6.309906 6.324262 6.344328 6.357809 6.419321 6.550692 6.728265 6.944872 7.220297 7.471475 7.719116 8.093795 8.307139 8.475165 8.515497 8.39281 8.237303 8.111435 8.041741 8.010138 8.040037 8.169608 8.365182 8.664813 8.92485 9.109225 9.18103 9.009354 8.669981 8.101995 7.361878 6.41541 5.379498 4.169188 2.625772 .451101 -2.467804 -5.40382 -7.71013 -9.374077 -10.20552 -9.778758 -8.602404
