py_wake/examples/data/AJ_ParqueFicticio/Ridge area   Sector 6   Height 30m   Mean speed.grd
DSAA
90  129
 262878   265103
 6504214   6507414
 1.018677   7.124547
[rows 54 to 80 of 129, columns 0 to 61 of 90]
5.777296 5.588568 5.348083 5.054815 4.751418 4.418707 4.082992 3.776881 3.486499 3.245921 3.108156 3.027578 2.935543 2.767968 2.540425 2.292659 2.088235 1.987645 1.946962 1.992571 2.163824 2.384217 2.611818 2.816969 2.977717 3.052397 3.101049 3.219414 3.307777 3.419751 3.642351 3.886823 4.140733 4.408786 4.638826 4.860354 5.088081 5.306146 5.523184 5.739861 5.949855 6.152982 6.330861 6.484641 6.616282 6.703202 6.714077 6.661656 6.566472 6.427972 6.283612 6.117554 5.95046 5.807878 5.693955 5.647184 5.61937 5.613915 5.64065 5.717051 5.847152 5.986329
5.870005 5.723465 5.525646 5.271101 4.967004 4.644475 4.336026 4.048663 3.793282 3.595831 3.487724 3.431195 3.332918 3.141061 2.896638 2.636302 2.410671 2.246386 2.158187 2.172821 2.294475 2.487078 2.69377 2.896187 3.094797 3.243028 3.377563 3.510999 3.650706 3.819908 4.008523 4.231457 4.429838 4.597351 4.750619 4.918607 5.128317 5.331022 5.526301 5.724224 5.923387 6.121006 6.295328 6.45301 6.585913 6.675513 6.708278 6.682639 6.621465 6.49765 6.345722 6.183822 6.020618 5.882774 5.762079 5.711707 5.688852 5.69082 5.716665 5.777047 5.864329 5.953183
5.953787 5.850416 5.696922 5.480853 5.196672 4.891382 4.591406 4.317108 4.087128 3.918546 3.841402 3.821314 3.755955 3.555561 3.301245 3.026167 2.782532 2.58022 2.433679 2.38344 2.478028 2.646494 2.826266 3.04156 3.27759 3.484776 3.665264 3.831464 3.988036 4.16566 4.357691 4.550158 4.715863 4.838848 4.95699 5.095666 5.252017 5.414054 5.572991 5.750319 5.939619 6.122609 6.287484 6.442234 6.570956 6.655715 6.701125 6.689974 6.648434 6.562596 6.420528 6.256657 6.093659 5.950605 5.817421 5.743531 5.722434 5.727902 5.750033 5.792629 5.850019 5.911512
6.030814 5.957518 5.837278 5.664531 5.432305 5.142503 4.855815 4.61176 4.412938 4.266714 4.185042 4.185853 4.163642 4.019946 3.777907 3.493858 3.207582 2.967873 2.767814 2.676243 2.748118 2.893089 3.042609 3.239454 3.485484 3.72784 3.940139 4.1347 4.304359 4.487881 4.675614 4.845631 4.984183 5.103211 5.223578 5.339514 5.456001 5.568595 5.689769 5.837807 6.0101 6.175542 6.325981 6.466596 6.576484 6.655423 6.704097 6.702789 6.669799 6.60833 6.505341 6.353974 6.190444 6.038108 5.892066 5.785746 5.749535 5.743094 5.754508 5.785071 5.826312 5.8612
6.091089 6.044164 5.951967 5.801117 5.607886 5.369662 5.123088 4.884851 4.695115 4.577588 4.529491 4.527903 4.514866 4.406278 4.200136 3.956953 3.695317 3.455736 3.215243 3.091725 3.121744 3.216106 3.334681 3.507211 3.734908 3.98025 4.207705 4.410226 4.604321 4.784465 4.962181 5.125822 5.258381 5.375556 5.485531 5.592107 5.692591 5.788991 5.892826 6.010516 6.14404 6.281154 6.414618 6.526376 6.617823 6.685819 6.731609 6.735094 6.706854 6.648499 6.571289 6.453144 6.299535 6.148152 5.993714 5.860837 5.805099 5.773965 5.765723 5.770542 5.780154 5.78109
6.144502 6.131101 6.072003 5.954717 5.78969 5.585047 5.37008 5.163401 4.989643 4.876847 4.839127 4.845973 4.839806 4.756673 4.580169 4.368463 4.13629 3.896178 3.679914 3.548664 3.537171 3.569862 3.66391 3.827605 4.034289 4.255234 4.47396 4.676823 4.865819 5.050779 5.21535 5.377984 5.518177 5.633831 5.738671 5.838899 5.928515 6.017366 6.109607 6.208389 6.309108 6.416028 6.517921 6.605375 6.689809 6.750093 6.793698 6.802341 6.773705 6.710144 6.630626 6.534918 6.405344 6.25547 6.095781 5.953392 5.862669 5.817001 5.775303 5.743084 5.712131 5.678307
6.203392 6.217613 6.194821 6.115285 5.984076 5.817413 5.635993 5.462373 5.303035 5.18181 5.136818 5.148669 5.156594 5.098853 4.964387 4.804647 4.609876 4.386203 4.168962 4.000114 3.96891 3.979235 4.028621 4.169584 4.352085 4.541798 4.739203 4.924779 5.105726 5.27933 5.445118 5.596342 5.738533 5.852801 5.951532 6.046638 6.12731 6.204738 6.286371 6.363871 6.445957 6.52808 6.602709 6.677884 6.759101 6.8177 6.857984 6.875353 6.860108 6.79358 6.697227 6.597405 6.486898 6.349561 6.186534 6.034547 5.910136 5.838012 5.772998 5.699879 5.627947 5.561597
6.275006 6.303878 6.301226 6.250276 6.148959 6.019135 5.87848 5.737237 5.598702 5.485398 5.434855 5.428156 5.441443 5.428719 5.347318 5.219849 5.061594 4.871914 4.675924 4.514223 4.440515 4.418652 4.432236 4.532174 4.683718 4.84165 4.998379 5.159624 5.327986 5.482751 5.633855 5.775949 5.89557 5.995034 6.094706 6.181014 6.254098 6.328058 6.39953 6.46728 6.539 6.602847 6.659751 6.720977 6.791136 6.837987 6.865691 6.887529 6.89549 6.859329 6.761645 6.649602 6.539711 6.41667 6.256497 6.08796 5.937347 5.815424 5.723513 5.627013 5.519924 5.420033
6.344295 6.386356 6.402796 6.389005 6.328045 6.232923 6.117999 5.990947 5.865485 5.757316 5.699882 5.693832 5.701098 5.687453 5.642289 5.547488 5.440553 5.308361 5.175568 5.047636 4.941283 4.910058 4.90644 4.962542 5.056344 5.1768 5.29304 5.402738 5.52786 5.663272 5.78359 5.904183 6.004486 6.082047 6.15972 6.239461 6.31722 6.390939 6.456778 6.522503 6.588405 6.645563 6.69802 6.751387 6.803387 6.831946 6.842638 6.858332 6.875974 6.877365 6.813436 6.700613 6.581548 6.461258 6.310754 6.129384 5.952343 5.801174 5.666903 5.531797 5.387274 5.237644
6.370763 6.430909 6.47048 6.4757 6.440151 6.375503 6.293039 6.19457 6.094506 5.999966 5.92542 5.87941 5.868072 5.871607 5.8665 5.818387 5.750113 5.674287 5.590172 5.504105 5.428313 5.378228 5.376176 5.394592 5.452164 5.511032 5.561795 5.626552 5.720071 5.813323 5.907904 5.999824 6.075603 6.14242 6.194415 6.255172 6.326882 6.400885 6.470925 6.536181 6.59889 6.654123 6.707815 6.764898 6.812054 6.825365 6.822327 6.826941 6.839086 6.854326 6.834802 6.744475 6.622691 6.502106 6.365943 6.184109 5.983609 5.807541 5.647126 5.479219 5.282044 5.077001
6.317712 6.393661 6.456634 6.467424 6.437373 6.383782 6.312525 6.231319 6.150886 6.074583 6.009721 5.96545 5.951835 5.963812 5.987828 5.978342 5.922388 5.868209 5.836472 5.827257 5.779055 5.71629 5.689014 5.715025 5.75523 5.754917 5.763472 5.809593 5.869217 5.928194 5.998727 6.062852 6.117975 6.169379 6.207717 6.241175 6.303311 6.369715 6.436905 6.50435 6.56846 6.622547 6.675426 6.736404 6.798275 6.814109 6.80156 6.794193 6.79622 6.808282 6.814666 6.764385 6.653769 6.535305 6.414986 6.248972 6.032474 5.839326 5.653828 5.461219 5.230916 4.984156
6.17661 6.263605 6.356063 6.392986 6.381157 6.348808 6.292428 6.221331 6.146609 6.076064 6.009734 5.952807 5.920623 5.924973 5.957848 5.968616 5.948424 5.92164 5.913941 5.935342 5.916599 5.870325 5.848045 5.877304 5.898799 5.893322 5.893304 5.921936 5.953961 5.990932 6.035594 6.075285 6.109784 6.142088 6.164815 6.179652 6.227419 6.281266 6.343214 6.414224 6.483238 6.542331 6.59746 6.660803 6.74275 6.785901 6.77861 6.763556 6.754822 6.758309 6.768256 6.749877 6.661571 6.550985 6.440948 6.303813 6.083122 5.882427 5.683652 5.47962 5.234967 4.964679
5.978275 6.069219 6.175524 6.257275 6.266637 6.247774 6.20143 6.132032 6.04801 5.963408 5.881387 5.804933 5.753065 5.747892 5.792482 5.834497 5.834884 5.830889 5.836917 5.863552 5.870785 5.86576 5.863165 5.882062 5.906943 5.92379 5.939488 5.960796 5.981814 6.00255 6.026793 6.044961 6.057616 6.068531 6.07347 6.079807 6.107838 6.14345 6.199274 6.271867 6.344378 6.421265 6.489715 6.558172 6.64457 6.726749 6.746273 6.732069 6.716805 6.711719 6.716776 6.71067 6.640361 6.542426 6.445922 6.339252 6.13409 5.93654 5.73432 5.525428 5.277067 4.990724
5.750019 5.836728 5.935692 6.038311 6.099318 6.106994 6.072958 6.000848 5.897079 5.785696 5.677565 5.576197 5.506804 5.497669 5.549642 5.634107 5.656828 5.654643 5.664176 5.705442 5.73705 5.74308 5.75334 5.783556 5.815981 5.836901 5.862276 5.89637 5.913974 5.9337 5.962942 5.971891 5.961947 5.950502 5.942729 5.959104 5.969011 5.984934 6.028678 6.098917 6.176784 6.269202 6.36137 6.44252 6.530524 6.632826 6.693676 6.697446 6.681523 6.67181 6.673527 6.671007 6.611059 6.524698 6.442662 6.358011 6.185483 6.001203 5.803351 5.591 5.339056 5.044611
5.50382 5.584544 5.670779 5.757384 5.82882 5.874074 5.865605 5.789479 5.661665 5.519373 5.388169 5.272267 5.195348 5.189881 5.239757 5.334681 5.412044 5.431141 5.442598 5.487288 5.54292 5.560831 5.57438 5.609971 5.646755 5.664247 5.684863 5.714674 5.733559 5.757858 5.789038 5.803771 5.783422 5.752475 5.75054 5.778585 5.788055 5.793859 5.825284 5.893201 5.985857 6.091535 6.208785 6.315826 6.407885 6.512259 6.609237 6.651295 6.644744 6.635598 6.636904 6.637217 6.584538 6.505066 6.432547 6.360116 6.21946 6.048872 5.864356 5.656463 5.403679 5.105869
5.260603 5.324475 5.396627 5.449631 5.487215 5.515636 5.513331 5.449988 5.335645 5.195266 5.057552 4.935011 4.852048 4.829927 4.867973 4.955204 5.056092 5.120245 5.16617 5.209451 5.26341 5.3103 5.333205 5.359926 5.394598 5.427517 5.44141 5.445189 5.461208 5.487171 5.505203 5.518956 5.501749 5.465859 5.463311 5.484666 5.505074 5.524196 5.568658 5.64286 5.75556 5.883185 6.022892 6.169398 6.277279 6.380675 6.493715 6.581248 6.604171 6.601065 6.606246 6.608781 6.559007 6.477511 6.402597 6.320287 6.18846 6.024262 5.849773 5.655409 5.421801 5.147065
5.007092 5.061191 5.120295 5.143967 5.140999 5.141856 5.129508 5.079793 4.97968 4.847497 4.713021 4.585161 4.48104 4.440684 4.470886 4.550639 4.644692 4.727047 4.808769 4.88068 4.933347 4.992512 5.041187 5.070076 5.101789 5.127631 5.144536 5.133372 5.134579 5.132901 5.139307 5.13742 5.12947 5.109131 5.093481 5.086826 5.087045 5.11032 5.183521 5.324562 5.479602 5.641479 5.815728 5.997659 6.146945 6.250111 6.364722 6.479825 6.543375 6.557267 6.571052 6.581404 6.539801 6.457466 6.376584 6.27664 6.146473 5.982878 5.813711 5.620055 5.40149 5.153761
4.713312 4.760994 4.820294 4.834024 4.793646 4.757641 4.729243 4.680863 4.586435 4.458913 4.3258 4.18102 4.049664 4.014931 4.052044 4.137235 4.221115 4.313835 4.409546 4.497724 4.577182 4.649238 4.700956 4.737362 4.770206 4.786594 4.78765 4.771801 4.755714 4.738899 4.727958 4.741937 4.744413 4.728021 4.70567 4.676992 4.656111 4.629663 4.661008 4.889518 5.18077 5.394963 5.601447 5.8127 6.0097 6.126804 6.239669 6.361868 6.461059 6.504048 6.527255 6.54178 6.512053 6.437986 6.35463 6.244106 6.111374 5.947069 5.774755 5.585313 5.374936 5.143498
4.337723 4.342207 4.393553 4.403002 4.333199 4.272717 4.235769 4.193851 4.108747 3.986334 3.852909 3.711129 3.570636 3.519862 3.571113 3.663918 3.766751 3.875498 3.981637 4.077083 4.169482 4.263753 4.324243 4.350759 4.373209 4.385916 4.387775 4.364229 4.334333 4.312864 4.321906 4.351282 4.363808 4.351234 4.312896 4.286125 4.300909 4.278464 4.271505 4.505035 4.904726 5.193735 5.427597 5.657021 5.879357 6.018274 6.123824 6.23456 6.33753 6.396476 6.424028 6.442862 6.432391 6.383979 6.310429 6.207937 6.080036 5.917494 5.742084 5.550207 5.340293 5.115296
3.795449 3.768932 3.785443 3.776948 3.724147 3.693573 3.670247 3.634698 3.566675 3.464782 3.343421 3.20346 3.061211 2.996199 3.020528 3.127122 3.245572 3.385653 3.501396 3.608745 3.710146 3.790506 3.852087 3.877421 3.880774 3.886 3.897377 3.890553 3.88183 3.873865 3.8922 3.922412 3.978398 4.008083 3.98464 3.986971 4.041306 4.081883 4.161169 4.377419 4.772748 5.086477 5.332539 5.561887 5.786294 5.935094 6.027496 6.120481 6.206589 6.261684 6.291358 6.318652 6.325817 6.303223 6.248405 6.163804 6.047342 5.893803 5.719771 5.524894 5.314659 5.088261
3.158902 3.133362 3.143086 3.142737 3.147728 3.160057 3.151454 3.118356 3.071788 2.980293 2.832251 2.684355 2.566664 2.533342 2.567296 2.630574 2.765797 2.911395 3.033574 3.168864 3.291462 3.342113 3.357097 3.388167 3.403706 3.399182 3.378311 3.365813 3.352844 3.367922 3.403383 3.436183 3.544325 3.666485 3.720437 3.774967 3.87329 4.000512 4.157303 4.385395 4.739894 5.040411 5.291376 5.517154 5.732541 5.877724 5.955449 6.032473 6.097418 6.140782 6.172142 6.206365 6.223743 6.211622 6.172112 6.107822 6.004126 5.869151 5.706811 5.516387 5.303922 5.073678
2.683215 2.649644 2.653932 2.693551 2.735558 2.765586 2.774246 2.78023 2.79769 2.748142 2.627144 2.468525 2.301217 2.243662 2.324931 2.40475 2.463982 2.595887 2.762884 2.923592 3.052573 3.085652 3.051803 3.010189 3.030219 3.059225 3.025463 2.94083 2.868894 2.91362 2.971789 2.985988 3.105302 3.341112 3.527017 3.679214 3.84935 4.030375 4.207696 4.442734 4.765233 5.040452 5.27629 5.488636 5.69347 5.834251 5.900763 5.96509 6.008109 6.035132 6.061302 6.095025 6.111182 6.095842 6.068982 6.026592 5.939367 5.823439 5.683751 5.51267 5.30357 5.074844
2.393378 2.398685 2.43063 2.496053 2.565656 2.6172 2.627861 2.66372 2.715624 2.694643 2.615608 2.49192 2.351461 2.285162 2.354611 2.417879 2.443078 2.525369 2.682743 2.845394 2.945227 2.960586 2.920577 2.862236 2.86152 2.895151 2.868832 2.790014 2.703911 2.722781 2.796032 2.83086 2.951349 3.237471 3.505404 3.743414 3.966468 4.174357 4.352895 4.584334 4.860557 5.098305 5.308114 5.495385 5.681759 5.810609 5.865138 5.914062 5.93152 5.938076 5.949677 5.961997 5.956139 5.936609 5.916414 5.887141 5.827668 5.741067 5.633487 5.492728 5.30173 5.089462
2.202464 2.255543 2.34041 2.446972 2.551585 2.632773 2.706415 2.759918 2.813263 2.816616 2.777097 2.687552 2.631281 2.606008 2.616834 2.655637 2.670028 2.712859 2.780311 2.876872 2.957674 2.986835 2.97838 2.950567 2.938362 2.942001 2.922574 2.878061 2.837863 2.858804 2.911317 2.974413 3.124772 3.37596 3.64812 3.906884 4.147077 4.372036 4.572774 4.793868 5.015942 5.216029 5.387584 5.539036 5.695045 5.801935 5.846374 5.877256 5.872273 5.854473 5.820084 5.779956 5.749886 5.723804 5.69787 5.677219 5.646641 5.594649 5.521731 5.42014 5.269518 5.100491
2.123374 2.196738 2.31955 2.484279 2.625319 2.728697 2.808009 2.909184 2.986838 3.011579 3.016402 3.025058 3.001607 2.98105 2.980199 3.010914 3.036255 3.023811 3.020931 3.051656 3.106953 3.137994 3.153329 3.167704 3.168766 3.140623 3.109064 3.086766 3.084018 3.099072 3.134925 3.217283 3.383384 3.606786 3.870985 4.126942 4.364695 4.589857 4.802908 5.003134 5.182418 5.351025 5.488931 5.618231 5.737573 5.810105 5.843418 5.853912 5.831526 5.776569 5.67444 5.581592 5.52169 5.475261 5.438057 5.416735 5.407202 5.383835 5.345839 5.28682 5.190624 5.077866
2.192395 2.278678 2.416539 2.626792 2.789186 2.879201 2.961601 3.096311 3.203353 3.278642 3.344691 3.371318 3.376694 3.376788 3.404393 3.420026 3.417841 3.393541 3.37172 3.365029 3.379129 3.391313 3.414588 3.44361 3.445401 3.407234 3.369231 3.360978 3.358135 3.35226 3.382813 3.478652 3.622437 3.841651 4.10919 4.35953 4.585559 4.804023 5.011009 5.18759 5.342449 5.475716 5.587584 5.704592 5.794608 5.836393 5.857247 5.851632 5.812285 5.699572 5.557072 5.417229 5.307233 5.228749 5.172828 5.140997 5.128755 5.119784 5.112606 5.094741 5.048627 4.994887
2.421586 2.545611 2.713621 2.914981 3.065677 3.166881 3.272397 3.39053 3.517923 3.631094 3.717183 3.774178 3.813746 3.839622 3.852193 3.857414 3.843025 3.809918 3.783309 3.747927 3.743301 3.747419 3.765015 3.776397 3.768974 3.740432 3.706579 3.685449 3.665547 3.65659 3.687473 3.767933 3.888295 4.089246 4.333159 4.567351 4.781006 4.988992 5.185051 5.34903 5.488318 5.597035 5.694582 5.78433 5.841883 5.870158 5.881194 5.86902 5.805745 5.661973 5.491019 5.30877 5.144474 5.013771 4.915718 4.854715 4.829819 4.821248 4.822182 4.830724 4.824613 4.813341
