py_wake/examples/data/AJ_ParqueFicticio/Ridge area   Sector 8   Height 30m   Mean speed.grd
DSAA
90  129
 262878   265103
 6504214   6507414
 .3099307   8.376832
[rows 54 to 80 of 129, columns 0 to 61 of 90]
5.96542 5.929476 5.878491 5.8068 5.722975 5.606288 5.477911 5.36019 5.23985 5.125972 5.047155 4.994716 4.983134 4.9494 4.880997 4.794024 4.711464 4.657315 4.607967 4.579076 4.598631 4.64297 4.703307 4.76851 4.829551 4.856052 4.868166 4.911091 4.915679 4.918709 4.974649 5.047122 5.130306 5.231204 5.31637 5.415274 5.549968 5.700937 5.871224 6.061584 6.269509 6.489287 6.683939 6.851695 7.026422 7.130257 7.150843 7.119871 7.052816 6.953863 6.824195 6.642097 6.417553 6.162635 5.860902 5.613523 5.458665 5.446083 5.584003 5.870677 6.262781 6.644023
6.040247 6.021554 5.990645 5.936039 5.840162 5.719274 5.600213 5.487472 5.381207 5.304275 5.2634 5.229353 5.1902 5.127472 5.048755 4.956334 4.868686 4.790679 4.725396 4.685581 4.68391 4.719377 4.767447 4.826889 4.901537 4.961004 5.015768 5.067649 5.105165 5.148633 5.199224 5.278017 5.352109 5.405818 5.450991 5.521935 5.650907 5.794878 5.944561 6.116909 6.32044 6.540954 6.734682 6.912657 7.076331 7.155063 7.1819 7.167194 7.119958 7.031007 6.913992 6.76066 6.574054 6.377721 6.174567 6.009172 5.919569 5.940854 6.06783 6.301958 6.575479 6.81969
6.137096 6.141449 6.129245 6.081324 5.976183 5.861873 5.740612 5.631222 5.540113 5.480027 5.461946 5.478101 5.456967 5.382209 5.283105 5.171267 5.064889 4.961542 4.871536 4.80292 4.797544 4.830876 4.871882 4.941256 5.034517 5.122459 5.198661 5.267692 5.318137 5.374623 5.440159 5.516618 5.585538 5.628961 5.672527 5.743048 5.838355 5.950871 6.068213 6.223404 6.422693 6.628752 6.814124 6.994772 7.122718 7.187197 7.218914 7.209013 7.1718 7.111264 7.00926 6.877964 6.72733 6.570048 6.407879 6.288093 6.262253 6.304844 6.407144 6.569259 6.758539 6.935582
6.259924 6.267406 6.261711 6.219233 6.132814 6.02124 5.906263 5.81838 5.745444 5.694999 5.67293 5.705804 5.719587 5.689775 5.589699 5.465264 5.333645 5.213112 5.096409 5.004432 4.979231 5.006566 5.040425 5.105323 5.205689 5.311034 5.40273 5.485872 5.547949 5.6196 5.692978 5.766994 5.832015 5.892937 5.959972 6.029258 6.104234 6.177304 6.268912 6.404985 6.589953 6.773478 6.943839 7.096912 7.177707 7.236578 7.267387 7.259901 7.225804 7.188529 7.119094 7.017255 6.896943 6.768827 6.643995 6.544294 6.520748 6.562586 6.63926 6.75731 6.890059 6.999094
6.367819 6.382227 6.376494 6.333405 6.267449 6.181484 6.090231 6.00526 5.94154 5.91325 5.9125 5.935899 5.944694 5.913246 5.832149 5.73596 5.625725 5.511494 5.384686 5.295809 5.270667 5.273711 5.285629 5.325419 5.421603 5.530447 5.630984 5.716248 5.800997 5.881658 5.961888 6.042088 6.117492 6.191629 6.262351 6.33772 6.408321 6.478505 6.56848 6.685545 6.825007 6.972852 7.115465 7.207169 7.258104 7.309975 7.33771 7.330186 7.299453 7.266456 7.222206 7.152656 7.06228 6.97541 6.888693 6.814128 6.773203 6.788361 6.833291 6.888454 6.940011 6.964826
6.481408 6.504344 6.512004 6.487953 6.438594 6.366329 6.289735 6.220868 6.169848 6.143217 6.143152 6.162491 6.169578 6.131904 6.050366 5.957651 5.861999 5.762219 5.667994 5.595777 5.566399 5.560713 5.581374 5.635648 5.716125 5.80327 5.892813 5.972245 6.060169 6.147223 6.238389 6.330842 6.423755 6.505059 6.580729 6.659112 6.728526 6.799339 6.886547 6.984023 7.081002 7.192286 7.275898 7.322244 7.365907 7.417311 7.44252 7.428954 7.392709 7.354074 7.310383 7.26727 7.210429 7.150155 7.093028 7.03782 6.997493 6.975591 6.968513 6.945385 6.900246 6.842096
6.61976 6.65334 6.676188 6.671834 6.637859 6.581903 6.523468 6.472784 6.429688 6.396254 6.390733 6.403383 6.402446 6.362431 6.29331 6.219888 6.133848 6.034056 5.935901 5.861059 5.85257 5.863366 5.888373 5.947365 6.029324 6.114117 6.200637 6.277194 6.358841 6.436559 6.518291 6.613634 6.719915 6.802149 6.878725 6.955746 7.015767 7.078673 7.151559 7.216131 7.287564 7.359186 7.393338 7.426259 7.476831 7.534733 7.545762 7.524556 7.491975 7.438022 7.385582 7.348583 7.319933 7.283762 7.244165 7.200859 7.149192 7.091373 7.023261 6.926685 6.785373 6.651167
6.788368 6.82276 6.848028 6.85744 6.835003 6.79546 6.7556 6.716133 6.67721 6.642298 6.63038 6.630124 6.632166 6.607212 6.554739 6.488094 6.409448 6.319545 6.23123 6.169221 6.154139 6.162127 6.186919 6.251025 6.339221 6.42356 6.496097 6.566923 6.642387 6.724493 6.804889 6.891691 6.971464 7.035087 7.110822 7.173534 7.223286 7.279723 7.329264 7.372477 7.423252 7.457193 7.468627 7.494479 7.546644 7.584214 7.564046 7.536047 7.518558 7.48364 7.434941 7.402068 7.388624 7.369783 7.333834 7.282597 7.202659 7.098288 6.974829 6.823013 6.588161 6.375647
6.967728 6.997299 7.025995 7.053594 7.047637 7.023732 6.992008 6.956812 6.92247 6.893143 6.881452 6.874106 6.852344 6.808896 6.763734 6.71153 6.66222 6.607017 6.552837 6.512686 6.49441 6.508471 6.532981 6.583559 6.658206 6.73526 6.795395 6.843393 6.901017 6.973768 7.037631 7.110117 7.167161 7.217041 7.266595 7.313488 7.358112 7.400102 7.429807 7.459342 7.489924 7.501688 7.509134 7.527345 7.567041 7.567082 7.52681 7.497989 7.489964 7.48901 7.469412 7.447209 7.432284 7.413494 7.374947 7.306706 7.194671 7.042568 6.865426 6.667455 6.340503 6.027296
7.125012 7.161555 7.20589 7.234902 7.229352 7.207279 7.179274 7.149192 7.11745 7.08364 7.051342 7.018445 6.988011 6.961301 6.94375 6.92905 6.903577 6.870742 6.836931 6.826777 6.835673 6.851682 6.876623 6.910223 6.972958 7.017701 7.042344 7.077055 7.12324 7.171475 7.219932 7.269367 7.305262 7.340246 7.365139 7.39304 7.42617 7.45259 7.469604 7.486546 7.500709 7.50363 7.510663 7.5273 7.552162 7.524718 7.481348 7.455747 7.452839 7.470026 7.486604 7.483292 7.465771 7.440681 7.398987 7.314425 7.176257 6.984807 6.759017 6.506248 6.121726 5.724236
7.22531 7.266133 7.304851 7.310102 7.289412 7.26123 7.232431 7.204703 7.176713 7.146935 7.118279 7.092285 7.070328 7.059603 7.061824 7.05905 7.039596 7.028076 7.034406 7.068256 7.087688 7.093883 7.109262 7.151248 7.196443 7.208053 7.218477 7.252252 7.281988 7.306871 7.343925 7.37093 7.389491 7.404562 7.407934 7.421389 7.439464 7.448534 7.450092 7.453264 7.458081 7.456523 7.458339 7.471735 7.490542 7.468083 7.430078 7.41028 7.413229 7.438254 7.47655 7.501377 7.485952 7.452398 7.407458 7.316548 7.158533 6.935491 6.669341 6.366979 5.987333 5.565189
7.248404 7.288828 7.320222 7.318007 7.297199 7.272901 7.247218 7.218946 7.186993 7.153144 7.119757 7.088119 7.062327 7.053876 7.061765 7.068862 7.074673 7.089436 7.118242 7.159253 7.180285 7.196409 7.224813 7.269748 7.295958 7.306247 7.321498 7.351357 7.362508 7.37294 7.390215 7.396264 7.395854 7.386998 7.370653 7.373796 7.372294 7.360519 7.347315 7.343402 7.346423 7.344921 7.346428 7.360167 7.387616 7.393752 7.377246 7.366057 7.37567 7.405697 7.452955 7.492579 7.484875 7.442043 7.39055 7.300471 7.126795 6.883453 6.596192 6.265538 5.924054 5.535091
7.207533 7.247304 7.273428 7.27868 7.259437 7.23285 7.202121 7.162454 7.113501 7.059883 7.007102 6.958972 6.926782 6.924036 6.949076 6.982371 7.007207 7.038635 7.075962 7.117685 7.152482 7.187799 7.22657 7.266959 7.295531 7.31963 7.344056 7.362916 7.364578 7.360385 7.357703 7.343621 7.320527 7.28585 7.264065 7.24897 7.222844 7.189244 7.168203 7.163865 7.167807 7.181535 7.199904 7.221 7.259175 7.304577 7.327216 7.327778 7.343634 7.377036 7.426352 7.46833 7.45913 7.408004 7.352386 7.269686 7.091141 6.842357 6.544279 6.194747 5.825698 5.513526
7.129401 7.160225 7.180705 7.186488 7.177415 7.14909 7.10658 7.045354 6.966548 6.883276 6.807786 6.744847 6.711558 6.722152 6.768814 6.833132 6.873744 6.906179 6.944777 6.994429 7.044002 7.084773 7.127609 7.173332 7.212286 7.242073 7.262306 7.274325 7.268907 7.258003 7.249613 7.221005 7.174197 7.127892 7.101158 7.071088 7.023137 6.97458 6.948173 6.946099 6.962474 6.995437 7.040338 7.082418 7.138654 7.210845 7.27086 7.296211 7.319252 7.355717 7.405313 7.446922 7.43154 7.374102 7.316585 7.243488 7.065237 6.820508 6.513752 6.143974 5.744635 5.400446
7.008457 7.030203 7.042672 7.040192 7.022934 6.997264 6.949175 6.865161 6.753357 6.640519 6.545555 6.476706 6.451466 6.481885 6.544544 6.619226 6.683895 6.722347 6.761396 6.817075 6.876731 6.920674 6.964081 7.012714 7.045959 7.059443 7.070334 7.071639 7.05905 7.044793 7.024137 6.990487 6.942677 6.897929 6.864829 6.829242 6.777483 6.724929 6.69565 6.700637 6.740528 6.794514 6.867949 6.950729 7.027179 7.114098 7.204326 7.267807 7.304252 7.34371 7.392803 7.433033 7.410805 7.345415 7.281234 7.207885 7.016284 6.769135 6.458343 6.080615 5.65765 5.281711
6.86096 6.863817 6.860455 6.834837 6.790385 6.738965 6.668463 6.568605 6.450928 6.334968 6.232444 6.161019 6.147108 6.189374 6.265883 6.352621 6.42971 6.484849 6.538528 6.59249 6.645697 6.698833 6.737802 6.764295 6.785013 6.800118 6.799033 6.777994 6.759078 6.739106 6.704501 6.690636 6.657609 6.60821 6.559968 6.513866 6.467486 6.427999 6.416756 6.436862 6.497812 6.578588 6.680386 6.812487 6.92364 7.025157 7.133021 7.238539 7.299721 7.34433 7.391822 7.426628 7.390894 7.307769 7.223164 7.122018 6.893675 6.627244 6.309218 5.9325 5.512573 5.130913
6.683356 6.664509 6.638577 6.584852 6.510342 6.431029 6.334209 6.210096 6.059258 5.901457 5.761548 5.65733 5.618528 5.681139 5.814729 5.956558 6.061404 6.145294 6.234446 6.314648 6.367328 6.411159 6.449645 6.471654 6.487679 6.490804 6.481228 6.445543 6.414146 6.385088 6.369758 6.350531 6.308262 6.243967 6.178443 6.100677 6.017863 5.962706 5.977808 6.087129 6.207757 6.333473 6.48527 6.662051 6.83846 6.96035 7.083576 7.20999 7.301785 7.354031 7.394701 7.417398 7.362636 7.257133 7.14753 7.00619 6.753432 6.475467 6.1469 5.760265 5.339495 4.955472
6.466441 6.435855 6.397101 6.328464 6.22173 6.104573 5.957715 5.756833 5.488751 5.2105 4.984097 4.788047 4.668881 4.766341 4.970674 5.201023 5.356538 5.50589 5.662012 5.798133 5.91595 6.005213 6.060088 6.091332 6.11133 6.10523 6.08496 6.052807 6.020973 5.98176 5.947168 5.904481 5.837602 5.744012 5.644982 5.531744 5.419194 5.287124 5.235044 5.478372 5.812891 6.040638 6.265159 6.509394 6.754014 6.920209 7.055748 7.192171 7.307262 7.367623 7.39567 7.39141 7.312554 7.190361 7.060151 6.881964 6.623094 6.335837 5.999734 5.607557 5.169935 4.771393
6.230752 6.198956 6.159781 6.075102 5.928159 5.739416 5.49552 5.157246 4.746294 4.34399 3.99592 3.708111 3.501574 3.511291 3.718827 3.952474 4.14069 4.337224 4.550076 4.774628 5.014884 5.243132 5.385901 5.454718 5.506891 5.530879 5.528238 5.488114 5.440557 5.374228 5.318366 5.274298 5.197918 5.086018 4.946408 4.843343 4.816776 4.716766 4.620395 4.871095 5.383037 5.75907 6.064424 6.382375 6.681379 6.906412 7.045424 7.179268 7.283128 7.327104 7.322273 7.282404 7.192353 7.075758 6.935963 6.741103 6.494078 6.197881 5.856668 5.461358 3.183917 3.600489
5.952414 5.897071 5.833609 5.720209 5.535311 5.306669 5.0247 4.638838 4.154863 3.697699 3.306507 2.966934 2.697427 2.58896 2.621508 2.758066 2.900263 3.10914 3.314188 3.556683 3.851203 4.116922 4.332372 4.464755 4.538555 4.584992 4.609972 4.590946 4.560898 4.506773 4.468422 4.420986 4.420611 4.394407 4.297971 4.271183 4.344995 4.37264 4.4258 4.653847 5.166081 5.610157 5.971889 6.330303 6.662494 6.917604 7.044196 7.158678 7.231808 7.23792 7.199063 7.141346 7.05389 6.943423 6.793318 6.594585 6.35956 6.059869 5.717002 5.318174 1.871728 2.051778
5.609728 5.52309 5.403789 5.201456 4.930911 4.63641 4.338717 3.996917 3.625873 3.280027 2.935466 2.652861 2.453308 2.349771 2.308654 2.270754 2.30746 2.398545 2.509377 2.710004 2.973018 3.155233 3.27748 3.421243 3.520595 3.563197 3.55171 3.536823 3.504405 3.499947 3.512943 3.49427 3.591558 3.739208 3.801482 3.88352 4.027901 4.197731 4.38944 4.665044 5.142956 5.589747 5.988769 6.364379 6.701811 6.947711 7.050466 7.137366 7.174726 7.144138 7.084291 7.017928 6.926535 6.798167 6.628283 6.433002 6.19514 5.901298 5.565557 5.17248 4.720456 2.027413
5.269009 5.119398 4.908 4.620924 4.239856 3.818951 3.445814 3.236842 3.241214 3.167445 2.987297 2.748917 2.497153 2.344004 2.325184 2.27097 2.176544 2.179703 2.27664 2.438665 2.632204 2.739405 2.765053 2.778735 2.861403 2.947682 2.931782 2.831812 2.73238 2.783619 2.846782 2.831021 2.947022 3.238903 3.484377 3.698411 3.937855 4.194212 4.438149 4.7655 5.240457 5.678595 6.075772 6.436388 6.763149 6.984843 7.06141 7.118805 7.115109 7.048714 6.967614 6.883839 6.763215 6.588001 6.402021 6.214273 5.968905 5.688581 5.381598 5.018988 4.584383 2.509644
4.961445 4.778446 4.511803 4.170815 3.749177 3.313072 2.988385 2.96555 3.226958 3.297985 3.229799 3.054814 2.824974 2.646569 2.600801 2.512134 2.371018 2.309627 2.371302 2.491903 2.589564 2.623507 2.613583 2.589457 2.626771 2.69971 2.693948 2.619078 2.528721 2.558756 2.646333 2.673041 2.786964 3.111214 3.436493 3.747005 4.055597 4.364913 4.640603 5.011973 5.463599 5.874555 6.246162 6.564893 6.863653 7.038179 7.084249 7.104014 7.04948 6.945273 6.831226 6.68915 6.489462 6.262816 6.053326 5.847192 5.610257 5.368701 5.122626 4.825465 4.442164 4.038244
4.643054 4.440881 4.172957 3.853199 3.502865 3.233856 3.148798 3.301839 3.551615 3.653673 3.642829 3.520109 3.40565 3.280645 3.145967 3.01564 2.862448 2.755504 2.701239 2.710515 2.732913 2.726627 2.707418 2.691267 2.703665 2.729118 2.723776 2.693271 2.672485 2.718823 2.787843 2.857896 3.016583 3.290494 3.610275 3.941009 4.280122 4.633047 4.980816 5.381722 5.785448 6.161746 6.478272 6.738006 6.98977 7.095582 7.112869 7.088676 6.987806 6.844569 6.640729 6.375749 6.093253 5.812707 5.541426 5.29675 5.074326 4.880741 4.699722 4.50228 4.237385 3.948548
4.349007 4.108503 3.857645 3.667754 3.49264 3.385176 3.417214 3.660623 3.899239 4.004748 4.054043 4.097671 4.044678 3.942598 3.812933 3.690483 3.563709 3.382546 3.230204 3.132129 3.07816 3.020107 2.976073 2.968791 2.971853 2.946061 2.915748 2.908685 2.937873 2.983407 3.036299 3.137041 3.3255 3.574758 3.900252 4.24147 4.595053 4.971152 5.371739 5.765318 6.122049 6.452499 6.710328 6.930826 7.121763 7.152582 7.139705 7.067862 6.931321 6.723932 6.385192 6.016842 5.6632 5.299885 4.942751 4.638165 4.423178 4.255678 4.133615 4.043372 3.929903 3.793554
4.201969 3.957074 3.758115 3.735874 3.710823 3.674661 3.756073 4.015637 4.24185 4.391982 4.514115 4.578696 4.579322 4.552841 4.507478 4.403585 4.261008 4.068988 3.88969 3.731084 3.59792 3.478404 3.400926 3.369539 3.335875 3.273178 3.222149 3.22642 3.252715 3.270242 3.318625 3.443751 3.613141 3.880196 4.23848 4.598174 4.957476 5.344732 5.75265 6.113945 6.438201 6.701903 6.915301 7.110427 7.225626 7.203844 7.158166 7.047759 6.8824 6.566161 6.150594 5.71136 5.258489 4.790291 4.346 4.001483 3.755382 3.591385 3.527296 3.508137 3.496318 3.499671
4.292428 4.131788 4.058274 4.087729 4.108839 4.152863 4.291372 4.487271 4.695663 4.864295 4.985958 5.079209 5.138996 5.177889 5.154604 5.072528 4.938758 4.751986 4.57327 4.387335 4.222715 4.073631 3.957646 3.86573 3.782998 3.707464 3.648878 3.627181 3.622776 3.632549 3.68701 3.800897 3.960809 4.236947 4.593815 4.956814 5.319596 5.705033 6.094584 6.432786 6.715445 6.922677 7.110702 7.252149 7.281731 7.236375 7.159931 7.027884 6.827385 6.437609 5.985778 5.485594 4.925228 4.324182 3.800251 3.38796 3.101528 2.990381 2.937215 2.937739 2.970911 3.042942
