py_wake/examples/data/AJ_ParqueFicticio/Ridge area   Sector 1   Height 200m   Mean speed.grd
DSAA
90  129
 262878   265103
 6504214   6507414
 .3740217   5.395012
[rows 54 to 80 of 129, columns 0 to 61 of 90]
4.009556 3.91813 3.80024 3.639908 3.45454 3.200495 2.904071 2.598446 2.290698 2.074636 1.982598 1.909915 1.759611 1.520816 1.286402 1.12428 1.081634 1.172086 1.34115 1.542799 1.777151 2.010066 2.234765 2.432252 2.578966 2.645121 2.667509 2.703344 2.699291 2.684133 2.710464 2.741445 2.782152 2.84867 2.914335 3.003506 3.134239 3.284761 3.443463 3.601738 3.756418 3.911149 4.048041 4.166304 4.28261 4.364338 4.389651 4.378958 4.346659 4.29983 4.252011 4.191988 4.132426 4.084826 4.052902 4.045158 4.07029 4.12083 4.197378 4.308361 4.454229 4.602592
4.085202 4.020171 3.933476 3.811595 3.638677 3.429398 3.198845 2.947988 2.694861 2.517936 2.452835 2.408305 2.247264 1.947035 1.62773 1.376686 1.26265 1.312652 1.442328 1.632837 1.859766 2.104727 2.340933 2.552586 2.726324 2.830088 2.893978 2.93275 2.951926 2.965723 2.979138 3.009589 3.034332 3.053736 3.078777 3.135281 3.252194 3.387469 3.523275 3.660037 3.800523 3.946813 4.077939 4.197935 4.309684 4.376878 4.413086 4.419259 4.407151 4.368649 4.321154 4.26975 4.221187 4.18789 4.183019 4.184005 4.215611 4.271328 4.342909 4.436863 4.54524 4.647757
4.165267 4.125607 4.065462 3.96693 3.814978 3.646061 3.456221 3.255548 3.061541 2.927477 2.892194 2.89461 2.798396 2.507332 2.158273 1.844957 1.658041 1.619703 1.657967 1.782346 2.005455 2.256987 2.493431 2.724221 2.918907 3.046875 3.126904 3.176214 3.201975 3.222339 3.245293 3.270928 3.290555 3.295819 3.30985 3.355316 3.435127 3.536636 3.638939 3.755299 3.885375 4.014818 4.134093 4.250299 4.345041 4.402528 4.443505 4.455364 4.454382 4.439612 4.399786 4.35296 4.312556 4.29157 4.292723 4.297041 4.330587 4.385321 4.448334 4.522244 4.602241 4.679545
4.251781 4.224023 4.178738 4.098998 3.984385 3.839096 3.687063 3.543845 3.407299 3.31366 3.274085 3.298114 3.269608 3.095167 2.805403 2.496241 2.236613 2.094417 2.021913 2.069181 2.266093 2.504223 2.720925 2.935079 3.124396 3.260308 3.346199 3.402755 3.433106 3.463567 3.492423 3.516993 3.532572 3.546936 3.57378 3.612533 3.669045 3.73413 3.807832 3.900856 4.01553 4.127108 4.232009 4.330487 4.397376 4.449215 4.487788 4.502115 4.504326 4.505034 4.488076 4.452942 4.415982 4.402291 4.408873 4.413609 4.434199 4.475485 4.52428 4.582708 4.643728 4.692914
4.325438 4.311996 4.276556 4.206837 4.119393 4.011702 3.897734 3.777901 3.678473 3.618138 3.599072 3.609373 3.593899 3.491947 3.303321 3.09529 2.89488 2.725289 2.566644 2.536027 2.662724 2.837401 3.009988 3.18332 3.338698 3.460882 3.548082 3.605574 3.648315 3.687505 3.722219 3.753078 3.775449 3.798446 3.826978 3.866761 3.916502 3.972571 4.037711 4.111711 4.194838 4.28106 4.368789 4.432245 4.478657 4.521498 4.555153 4.568492 4.570906 4.57133 4.56943 4.55159 4.522849 4.520375 4.531387 4.539436 4.549449 4.569178 4.598256 4.628739 4.653916 4.664587
4.402057 4.402841 4.385421 4.33802 4.269659 4.183777 4.092881 3.999283 3.929314 3.876448 3.857867 3.861383 3.845229 3.770075 3.639293 3.504895 3.379223 3.242739 3.107828 3.04528 3.095794 3.188741 3.312031 3.44683 3.566674 3.665047 3.743829 3.80146 3.845301 3.889645 3.935693 3.977825 4.014148 4.04445 4.076971 4.118829 4.164496 4.217106 4.275753 4.336323 4.392558 4.454475 4.508556 4.546467 4.587111 4.627366 4.65825 4.668356 4.664004 4.653372 4.645131 4.637695 4.621324 4.623918 4.637654 4.646621 4.65502 4.659904 4.656559 4.648677 4.62917 4.601202
4.493479 4.506013 4.506324 4.48111 4.432043 4.36867 4.299904 4.241136 4.184342 4.129629 4.104758 4.102425 4.083087 4.017621 3.921643 3.838489 3.760159 3.664409 3.555028 3.468719 3.484129 3.536673 3.604323 3.698639 3.790278 3.868952 3.938219 3.991684 4.03742 4.082891 4.13175 4.184527 4.233821 4.269133 4.303731 4.346055 4.386404 4.430198 4.479081 4.51905 4.558385 4.59573 4.620705 4.648444 4.689637 4.731327 4.753088 4.76125 4.758883 4.735951 4.713019 4.701123 4.695076 4.704837 4.718585 4.724536 4.724011 4.714588 4.686468 4.638414 4.577104 4.51468
4.605537 4.622131 4.629484 4.620803 4.589339 4.547266 4.50613 4.473025 4.427452 4.378878 4.351823 4.339695 4.321428 4.271584 4.195581 4.124985 4.063652 3.990412 3.90572 3.834476 3.823867 3.848035 3.88252 3.942455 4.017103 4.085769 4.143794 4.193323 4.239797 4.283124 4.32685 4.374917 4.419336 4.449751 4.481996 4.515839 4.54922 4.587977 4.622872 4.650427 4.677407 4.694325 4.703061 4.720443 4.753642 4.779587 4.781931 4.787539 4.796509 4.7904 4.765505 4.747387 4.742627 4.755454 4.7662 4.761449 4.742255 4.711427 4.661923 4.587337 4.490286 4.393668
4.723712 4.743198 4.758897 4.77174 4.765068 4.750165 4.738122 4.714354 4.678602 4.637516 4.608934 4.589769 4.555342 4.496552 4.43312 4.376055 4.336075 4.283476 4.223745 4.171659 4.147457 4.163507 4.184497 4.221789 4.271372 4.32592 4.368367 4.398993 4.432059 4.468062 4.499535 4.537594 4.569309 4.59728 4.623978 4.646891 4.672019 4.695271 4.712849 4.734032 4.750806 4.758095 4.763734 4.774707 4.789991 4.792122 4.781095 4.782051 4.795048 4.810304 4.805033 4.787548 4.776115 4.782424 4.790311 4.774502 4.736743 4.683245 4.612462 4.512749 4.377738 4.233393
4.826735 4.845588 4.871169 4.88622 4.895232 4.896296 4.891514 4.879969 4.857424 4.825383 4.791808 4.761282 4.72952 4.68983 4.651808 4.62131 4.59304 4.555544 4.511555 4.480228 4.471272 4.474788 4.489119 4.505522 4.537038 4.562165 4.575841 4.589921 4.610988 4.626278 4.64553 4.667475 4.685167 4.703857 4.719966 4.733184 4.750318 4.765157 4.77224 4.775779 4.785225 4.788637 4.793637 4.803808 4.809408 4.793623 4.775593 4.771552 4.782487 4.804596 4.822135 4.817297 4.80291 4.798981 4.805757 4.783685 4.733012 4.661807 4.572344 4.44997 4.281912 4.096345
4.890134 4.913298 4.932212 4.939906 4.942978 4.946218 4.948942 4.948564 4.939428 4.920637 4.897987 4.876545 4.852134 4.823397 4.799802 4.780821 4.758191 4.737756 4.725458 4.726283 4.720406 4.711569 4.712049 4.727297 4.742233 4.739678 4.737098 4.744115 4.748755 4.747804 4.753732 4.759947 4.765292 4.771253 4.774485 4.777483 4.783703 4.787016 4.783299 4.774228 4.775998 4.776946 4.778087 4.786264 4.796446 4.785548 4.764351 4.756665 4.764673 4.785844 4.813754 4.828761 4.818714 4.804171 4.810984 4.789446 4.73153 4.64924 4.546431 4.411697 4.229733 4.029522
4.876777 4.905403 4.930172 4.944468 4.952471 4.962824 4.972533 4.977046 4.970892 4.953119 4.92866 4.902512 4.874064 4.845571 4.826885 4.81929 4.819626 4.818946 4.82119 4.829463 4.830968 4.82963 4.833933 4.845724 4.850013 4.847205 4.843991 4.844107 4.83324 4.820126 4.809583 4.800555 4.791721 4.781217 4.769339 4.758727 4.748795 4.735722 4.721838 4.709441 4.709431 4.713473 4.715146 4.725133 4.745618 4.758318 4.747798 4.739593 4.745615 4.764053 4.792128 4.817064 4.816535 4.800914 4.799004 4.782539 4.723166 4.638596 4.533627 4.400411 4.223563 4.027741
4.806268 4.839148 4.867613 4.896657 4.909707 4.920258 4.928566 4.928428 4.913271 4.882776 4.844316 4.806751 4.773335 4.748685 4.745129 4.761476 4.777526 4.790919 4.800563 4.81325 4.827693 4.841745 4.852069 4.860495 4.869645 4.878329 4.883074 4.877825 4.86196 4.839855 4.816962 4.79476 4.770877 4.743747 4.716375 4.688818 4.656812 4.623455 4.600233 4.584877 4.588941 4.609366 4.624725 4.641124 4.668608 4.710469 4.725606 4.721631 4.726906 4.742872 4.767852 4.79346 4.796534 4.782884 4.775515 4.767424 4.714361 4.635702 4.534287 4.406331 4.239842 4.050908
4.697587 4.729208 4.758754 4.795386 4.826808 4.843347 4.848605 4.83697 4.800194 4.741792 4.677431 4.622352 4.586267 4.572665 4.587924 4.636709 4.670366 4.686657 4.700318 4.723307 4.749653 4.767139 4.78173 4.797235 4.812553 4.824389 4.829682 4.826633 4.809109 4.786473 4.765086 4.73605 4.696427 4.652447 4.613824 4.572904 4.519928 4.468241 4.433279 4.418065 4.441393 4.477249 4.516687 4.548451 4.588783 4.643828 4.688577 4.702105 4.709442 4.725801 4.749747 4.774489 4.778627 4.768189 4.758464 4.758751 4.714895 4.645063 4.547856 4.4227 4.263281 4.083016
4.54721 4.574877 4.601114 4.630584 4.654881 4.67303 4.669734 4.632418 4.560193 4.467725 4.380173 4.32024 4.298408 4.311877 4.349606 4.41867 4.488508 4.521122 4.541659 4.572857 4.611532 4.633103 4.64832 4.666058 4.682251 4.685764 4.684319 4.677101 4.659 4.636929 4.613041 4.583989 4.535689 4.477978 4.42803 4.379603 4.321622 4.261877 4.218647 4.222685 4.26835 4.322722 4.388451 4.45203 4.503736 4.565045 4.632121 4.675819 4.69375 4.712794 4.738291 4.763165 4.767109 4.756661 4.746329 4.741625 4.696645 4.628978 4.536188 4.4192 4.270458 4.102109
4.387282 4.397145 4.405854 4.402896 4.39441 4.37916 4.344384 4.282974 4.200132 4.1043 4.01447 3.960334 3.954629 3.973729 4.020858 4.10465 4.200786 4.266449 4.315169 4.353988 4.393217 4.428178 4.445823 4.457438 4.466438 4.473624 4.466119 4.443718 4.421405 4.396245 4.360487 4.323965 4.272787 4.20118 4.123151 4.055882 3.999391 3.96104 3.954522 3.981255 4.053897 4.139155 4.232093 4.337947 4.414251 4.48361 4.562113 4.63837 4.678275 4.704277 4.733246 4.757965 4.757816 4.740046 4.720729 4.690911 4.631261 4.558 4.4684 4.363261 4.235231 3.170859
4.216018 4.208973 4.195479 4.159345 4.106264 4.052158 3.986758 3.916431 3.825783 3.71668 3.614836 3.556484 3.547307 3.57033 3.629777 3.72687 3.833275 3.920767 4.000902 4.068046 4.112941 4.15486 4.185738 4.194083 4.198272 4.198164 4.189363 4.157028 4.121911 4.0742 4.026064 3.971031 3.903591 3.813044 3.726169 3.646177 3.586156 3.564081 3.590306 3.686409 3.802611 3.928865 4.064748 4.207544 4.331882 4.412362 4.498837 4.5914 4.660239 4.700389 4.734489 4.760225 4.755522 4.728381 4.696389 4.644748 4.565333 4.488725 4.399292 4.298186 4.186649 2.326665
4.031727 4.012496 3.984787 3.929093 3.839466 3.760607 3.67785 3.588629 3.479594 3.353906 3.24407 3.159504 3.119181 3.147192 3.215232 3.329415 3.437174 3.539723 3.636715 3.723084 3.793118 3.844921 3.870134 3.879173 3.882333 3.873311 3.851928 3.81612 3.770508 3.712879 3.650588 3.596641 3.534821 3.462581 3.381654 3.291538 3.22033 3.162767 3.159735 3.318635 3.551575 3.730372 3.903426 4.078313 4.245678 4.351901 4.445796 4.545558 4.636437 4.694052 4.731153 4.749037 4.738132 4.7068 4.66611 4.600672 4.514088 4.425811 4.338278 4.241925 3.188543 2.390936
3.83026 3.785726 3.739308 3.676585 3.578276 3.47072 3.363126 3.260742 3.141526 3.006443 2.87768 2.778767 2.730014 2.748285 2.821899 2.927367 3.043196 3.154444 3.25952 3.35492 3.435713 3.498645 3.526163 3.52526 3.519833 3.509455 3.493593 3.461873 3.421134 3.368991 3.320437 3.277902 3.225387 3.16199 3.079517 3.002307 2.962405 2.90965 2.875942 3.026387 3.343241 3.594098 3.797892 3.993392 4.178215 4.311047 4.404902 4.498816 4.583839 4.640273 4.668935 4.678895 4.67276 4.653489 4.616444 4.55267 4.475297 4.383475 4.284186 4.190306 4.089789 3.987904
3.575418 3.50628 3.456782 3.38473 3.282335 3.174334 3.06592 2.95794 2.833765 2.700163 2.569019 2.455632 2.38629 2.380026 2.424072 2.527343 2.648044 2.782017 2.895385 3.002189 3.093183 3.147267 3.174445 3.172619 3.155467 3.1407 3.131952 3.114031 3.087714 3.047494 3.011138 2.972408 2.952701 2.924662 2.860832 2.809293 2.798233 2.786497 2.811035 2.952313 3.276241 3.558457 3.7788 3.975829 4.157222 4.296192 4.381503 4.461881 4.528692 4.570378 4.592215 4.604692 4.608004 4.599411 4.567484 4.511911 4.443839 4.355463 4.256719 4.147737 4.045933 3.944915
3.300196 3.246394 3.183384 3.097274 2.999358 2.887274 2.771583 2.655184 2.540877 2.41442 2.259875 2.123231 2.045411 2.042705 2.083862 2.147081 2.281061 2.434142 2.569746 2.715349 2.831057 2.866776 2.860512 2.85298 2.830282 2.796573 2.76033 2.741037 2.72242 2.707973 2.688186 2.652426 2.665395 2.701845 2.694906 2.680689 2.692271 2.735686 2.823318 2.992371 3.303633 3.584113 3.811512 4.003669 4.172904 4.301859 4.376038 4.443069 4.492737 4.521405 4.541277 4.556738 4.563523 4.552658 4.520121 4.474036 4.410285 4.329991 4.237315 4.131155 4.017528 3.9063
3.110817 3.040025 2.957367 2.866494 2.754773 2.610117 2.46421 2.356006 2.319674 2.246696 2.111341 1.941603 1.78369 1.732652 1.814502 1.904759 1.99786 2.16681 2.372902 2.568844 2.706618 2.733304 2.687244 2.622426 2.591378 2.567464 2.505616 2.415052 2.336849 2.34621 2.361398 2.322555 2.350298 2.481877 2.566117 2.620522 2.683306 2.774314 2.894305 3.09437 3.395857 3.657036 3.868658 4.044683 4.201057 4.318099 4.382999 4.438575 4.472609 4.490121 4.506097 4.519636 4.518255 4.493896 4.461249 4.424309 4.365791 4.294175 4.212968 4.118288 4.009042 3.896464
2.991475 2.924133 2.834795 2.733419 2.603386 2.43843 2.278518 2.197104 2.238269 2.212437 2.113149 1.949063 1.770006 1.682989 1.7652 1.8637 1.955277 2.120318 2.355548 2.574001 2.692353 2.703922 2.650895 2.568031 2.513402 2.481079 2.409132 2.303367 2.194455 2.171446 2.19344 2.161345 2.187963 2.377833 2.557127 2.684582 2.802573 2.936269 3.079545 3.29678 3.559692 3.779559 3.960841 4.110909 4.250093 4.348402 4.401892 4.442724 4.458987 4.465171 4.471644 4.465919 4.438276 4.401233 4.36847 4.333703 4.287036 4.233436 4.172453 4.097302 4.001834 3.902181
2.892525 2.835166 2.75588 2.659431 2.534646 2.401046 2.302687 2.29278 2.358482 2.366313 2.304204 2.157196 2.042612 1.987241 2.013315 2.109487 2.216144 2.362176 2.518584 2.672133 2.766987 2.783249 2.748012 2.682074 2.615508 2.555819 2.481694 2.396711 2.327425 2.312632 2.310448 2.291912 2.341797 2.503645 2.693929 2.855792 3.010675 3.181094 3.360695 3.569469 3.768785 3.939579 4.079761 4.198031 4.313072 4.386175 4.427741 4.450988 4.451437 4.443774 4.41605 4.366593 4.314048 4.268831 4.229734 4.197041 4.167205 4.135321 4.09596 4.045718 3.975579 3.905691
2.822133 2.751985 2.67489 2.619843 2.541111 2.450523 2.403613 2.481818 2.585214 2.619737 2.609289 2.584164 2.508731 2.457878 2.479038 2.575015 2.68843 2.753493 2.813985 2.881416 2.937974 2.947418 2.923728 2.884663 2.82777 2.746228 2.665775 2.607303 2.586828 2.582484 2.569648 2.569612 2.633597 2.759839 2.934199 3.114281 3.285706 3.464136 3.649129 3.820304 3.964563 4.095612 4.204411 4.303854 4.390083 4.432983 4.458371 4.460922 4.44684 4.411651 4.334192 4.249362 4.178604 4.11955 4.072262 4.039829 4.023662 4.009674 3.992511 3.968915 3.932176 3.896283
2.836438 2.75434 2.680516 2.689996 2.672542 2.612706 2.611141 2.744513 2.871386 2.950983 3.005281 3.009949 2.979995 2.965616 3.017329 3.075774 3.122716 3.140692 3.153127 3.167038 3.17918 3.169507 3.1477 3.117292 3.062507 2.980253 2.906273 2.874621 2.869417 2.859621 2.853523 2.8619 2.897146 3.019372 3.213685 3.399544 3.565095 3.729249 3.888942 4.021884 4.136175 4.235358 4.323926 4.409285 4.466128 4.485678 4.492376 4.476653 4.44758 4.36931 4.26424 4.156835 4.060144 3.983843 3.926724 3.890024 3.872087 3.864322 3.865367 3.866945 3.85818 3.853997
2.976998 2.927828 2.906125 2.935965 2.945564 2.944788 3.000172 3.105279 3.219716 3.307855 3.365266 3.396854 3.411325 3.429009 3.453707 3.474898 3.482766 3.476153 3.470985 3.459361 3.455164 3.439589 3.414935 3.375325 3.318944 3.253211 3.196239 3.16667 3.15436 3.138007 3.130061 3.141407 3.177837 3.303001 3.482936 3.653313 3.803027 3.945809 4.080513 4.194946 4.292747 4.372468 4.448212 4.508434 4.533795 4.538245 4.527178 4.49882 4.450579 4.345553 4.228167 4.103535 3.983998 3.882021 3.800747 3.745906 3.718512 3.707986 3.710064 3.722751 3.734618 3.748452
