py_wake/examples/data/AJ_ParqueFicticio/Ridge area   Sector All   Height 200m   Weibull-A.grd
DSAA
90  129
 262878   265103
 6504214   6507414
 2.286018   9.440154
[rows 54 to 80 of 129, columns 0 to 61 of 90]
6.969594 6.7844 6.539883 6.226906 5.866365 5.388828 4.844482 4.347273 3.933625 3.680253 3.627632 3.670821 3.69107 3.607968 3.463573 3.311971 3.212614 3.195011 3.20549 3.273301 3.431825 3.632385 3.854779 4.079597 4.283787 4.419627 4.530818 4.695612 4.82084 4.955795 5.177539 5.42127 5.684114 5.973673 6.235621 6.504519 6.803239 7.103623 7.418383 7.752411 8.099167 8.456264 8.772448 9.047816 9.290693 9.411769 9.38032 9.22388 8.988605 8.689398 8.361473 7.939405 7.347656 6.617571 5.864669 5.380777 5.18451 5.164878 5.277155 5.524967 5.894077 6.275677
7.063344 6.921474 6.719954 6.444715 6.088143 5.672254 5.215261 4.760949 4.371412 4.133334 4.075321 4.117167 4.103646 3.959543 3.758354 3.556354 3.407683 3.324275 3.297141 3.348494 3.485925 3.683855 3.901406 4.13089 4.369362 4.564398 4.744726 4.919791 5.088173 5.27427 5.479957 5.726395 5.960321 6.168429 6.363261 6.583788 6.866994 7.149864 7.434399 7.743473 8.080788 8.43343 8.746695 9.033665 9.271291 9.38118 9.375154 9.254824 9.057325 8.779694 8.459561 8.08715 7.595572 6.988168 6.34164 5.848971 5.626708 5.589586 5.666571 5.856608 6.111395 6.343571
7.148283 7.053239 6.897305 6.6524 6.315788 5.959 5.570756 5.181068 4.844685 4.627918 4.578876 4.634788 4.631639 4.441541 4.189761 3.931249 3.725888 3.575403 3.480172 3.473969 3.602014 3.796148 4.002152 4.249684 4.524667 4.771316 4.989273 5.189165 5.373352 5.574355 5.79585 6.031682 6.248916 6.423215 6.594666 6.796574 7.023612 7.26023 7.500527 7.784432 8.11364 8.447291 8.751302 9.036645 9.248857 9.351728 9.36642 9.270937 9.09912 8.869465 8.568506 8.226648 7.8187 7.321864 6.75779 6.276233 6.034777 5.967536 5.993998 6.101653 6.250494 6.39386
7.230795 7.169556 7.047671 6.834758 6.54844 6.223252 5.89797 5.604479 5.349339 5.165784 5.089204 5.147849 5.172129 5.035087 4.769044 4.466217 4.179848 3.95816 3.78262 3.72151 3.833334 4.013533 4.198611 4.436861 4.723017 4.999564 5.240564 5.458189 5.652407 5.871047 6.098722 6.323766 6.522523 6.701328 6.885148 7.068513 7.254748 7.43654 7.637886 7.891259 8.200426 8.510576 8.798779 9.058009 9.233425 9.336792 9.363476 9.289419 9.137609 8.9456 8.693028 8.388846 8.04358 7.643026 7.189621 6.744228 6.444652 6.313418 6.271123 6.308638 6.382252 6.434026
7.283712 7.262258 7.169065 6.979181 6.732397 6.457067 6.188448 5.932289 5.723017 5.59318 5.554291 5.585561 5.603832 5.508241 5.290167 5.034748 4.765736 4.52254 4.277177 4.165343 4.225945 4.351891 4.505297 4.719522 4.984796 5.256968 5.50196 5.716853 5.929409 6.153462 6.382127 6.607982 6.807955 6.989784 7.164088 7.339406 7.505623 7.672153 7.862266 8.086242 8.346415 8.61995 8.882036 9.087648 9.242139 9.343994 9.376798 9.319635 9.189515 9.016415 8.806346 8.551805 8.25806 7.945327 7.600076 7.240097 6.915571 6.693193 6.567789 6.496512 6.447999 6.380052
7.324982 7.339694 7.285709 7.137574 6.922945 6.67769 6.44252 6.228622 6.053151 5.936893 5.903319 5.927125 5.942372 5.873725 5.702649 5.498346 5.276235 5.041787 4.826179 4.699874 4.705732 4.761963 4.883063 5.080288 5.31597 5.553486 5.780406 5.986619 6.189359 6.408111 6.64099 6.873997 7.086293 7.265424 7.432356 7.599262 7.751749 7.912216 8.094374 8.29621 8.514051 8.749255 8.956532 9.121465 9.274566 9.377282 9.411385 9.367543 9.258094 9.096713 8.899484 8.687975 8.445313 8.179744 7.901996 7.609706 7.327236 7.062359 6.816549 6.608181 6.409613 6.230104
7.373104 7.415907 7.403029 7.300457 7.120337 6.907719 6.701996 6.52115 6.366953 6.247766 6.205603 6.223855 6.240407 6.192908 6.074549 5.935473 5.764414 5.561796 5.361661 5.208371 5.1968 5.228576 5.299453 5.465643 5.668671 5.867217 6.064702 6.248765 6.441941 6.645257 6.866925 7.105416 7.328852 7.502431 7.66101 7.819694 7.95942 8.109237 8.279882 8.452088 8.648249 8.844415 9.002254 9.150843 9.311067 9.416394 9.440154 9.407432 9.330176 9.182833 8.987468 8.789074 8.586372 8.357202 8.110721 7.852487 7.581549 7.296291 6.969327 6.611907 6.273219 6.00094
7.439311 7.496637 7.508917 7.443686 7.296672 7.118443 6.946188 6.788349 6.648634 6.534922 6.483507 6.478332 6.496017 6.4874 6.422911 6.31881 6.186894 6.025499 5.859146 5.730593 5.687163 5.691676 5.730041 5.85347 6.02293 6.18829 6.343898 6.504466 6.68619 6.872445 7.076203 7.297993 7.506917 7.668962 7.825278 7.966959 8.096031 8.243642 8.395456 8.552536 8.733657 8.895485 9.028548 9.169736 9.331531 9.42029 9.419707 9.392395 9.349615 9.251207 9.074243 8.878427 8.689291 8.486703 8.253724 7.99307 7.693828 7.358968 6.96174 6.499042 6.033202 5.669461
7.510716 7.576792 7.610636 7.584041 7.475461 7.331424 7.180745 7.035891 6.906322 6.798866 6.742326 6.730725 6.731724 6.71639 6.685148 6.612061 6.528955 6.425367 6.323189 6.235238 6.169391 6.16827 6.193749 6.279185 6.399673 6.531529 6.651547 6.76857 6.913897 7.085056 7.257617 7.452003 7.624331 7.780865 7.926457 8.050351 8.179663 8.318862 8.455306 8.606347 8.77194 8.914697 9.046496 9.189074 9.340047 9.40019 9.381662 9.354231 9.327355 9.280541 9.15871 8.977377 8.779995 8.580551 8.357556 8.08514 7.746856 7.346138 6.872975 6.312126 5.726434 5.254149
7.553496 7.635317 7.699785 7.691846 7.606663 7.489418 7.363369 7.239314 7.123909 7.022383 6.945282 6.896298 6.88086 6.884553 6.894261 6.872508 6.822709 6.765198 6.705092 6.66127 6.627055 6.611221 6.638276 6.692465 6.78694 6.864502 6.927324 7.012338 7.136197 7.267389 7.417686 7.576916 7.717464 7.861419 7.990434 8.09952 8.219215 8.345736 8.474187 8.619323 8.77258 8.908047 9.042351 9.193213 9.338949 9.378683 9.354403 9.325178 9.300941 9.277928 9.217152 9.073735 8.871076 8.663249 8.447845 8.171702 7.802537 7.341447 6.78943 6.134128 5.444503 4.886975
7.54066 7.638667 7.727352 7.721313 7.641442 7.535438 7.42061 7.307378 7.202536 7.110735 7.03778 6.989726 6.973497 6.989521 7.02815 7.039828 7.0011 6.965221 6.955624 6.984725 6.9726 6.941259 6.944718 7.009865 7.087847 7.110211 7.139738 7.218016 7.313119 7.412943 7.543115 7.670227 7.788317 7.913545 8.023851 8.120872 8.225549 8.334689 8.449206 8.584516 8.73483 8.869086 9.001077 9.152049 9.306883 9.359973 9.339102 9.306657 9.280146 9.261657 9.23673 9.145212 8.950734 8.731727 8.518497 8.255264 7.864327 7.354621 6.729216 6.004219 5.249137 4.647
7.463837 7.569736 7.677392 7.695245 7.633054 7.547079 7.447079 7.33859 7.232604 7.140044 7.062187 7.001699 6.97048 6.982709 7.03092 7.062829 7.061415 7.055495 7.07036 7.119709 7.128664 7.112733 7.123597 7.190063 7.243191 7.263433 7.292146 7.358851 7.42857 7.510185 7.61562 7.717278 7.814166 7.914515 8.007948 8.092757 8.175298 8.259544 8.360549 8.491009 8.643699 8.785623 8.919579 9.067715 9.233918 9.329625 9.332294 9.299987 9.268938 9.247637 9.233275 9.177525 9.002808 8.776186 8.558924 8.314287 7.907243 7.361387 6.689295 5.929427 5.150081 4.5336
7.349681 7.454982 7.56221 7.623317 7.584514 7.509352 7.416065 7.302686 7.181072 7.069058 6.97189 6.891465 6.845125 6.85412 6.918277 6.986756 7.008176 7.024452 7.050979 7.09992 7.130531 7.151174 7.178882 7.230749 7.283175 7.326053 7.373047 7.432806 7.491913 7.559196 7.646194 7.728134 7.801817 7.876678 7.954555 8.023714 8.076759 8.131098 8.219948 8.347427 8.498152 8.662305 8.815535 8.965118 9.128801 9.274554 9.324323 9.302483 9.267569 9.240392 9.223596 9.181486 9.017746 8.789249 8.570974 8.344207 7.935317 7.367745 6.658523 5.872419 5.091802 4.492482
7.216125 7.312902 7.405816 7.478084 7.490207 7.440887 7.353806 7.229865 7.080235 6.936368 6.812059 6.70876 6.649749 6.662192 6.739901 6.854951 6.903319 6.919944 6.947073 7.007839 7.063004 7.091415 7.127167 7.186182 7.246583 7.292662 7.346758 7.415184 7.466202 7.529634 7.624368 7.700284 7.747345 7.794268 7.863535 7.92315 7.948339 7.976081 8.048753 8.172457 8.328867 8.509061 8.694235 8.859565 9.024106 9.193084 9.297588 9.30895 9.274236 9.240481 9.217523 9.17661 9.015583 8.786929 8.570558 8.359556 7.955716 7.374208 6.628743 5.81635 5.047436 4.511322
7.065015 7.15493 7.233268 7.285322 7.297883 7.278725 7.208084 7.071644 6.891371 6.713263 6.564724 6.449665 6.390785 6.417221 6.50208 6.629879 6.733405 6.770218 6.798513 6.861925 6.940136 6.98046 7.017609 7.080195 7.145346 7.189405 7.23752 7.295193 7.34434 7.411301 7.504113 7.588173 7.623918 7.646634 7.700464 7.755518 7.775398 7.789635 7.846834 7.968026 8.142073 8.335389 8.551072 8.757593 8.928309 9.096578 9.241706 9.305748 9.286367 9.245558 9.214913 9.170237 9.007134 8.77457 8.55606 8.34556 7.920775 7.29889 6.529948 5.728429 5.001399 4.564426
6.915283 6.98664 7.050529 7.069603 7.04871 7.008275 6.929206 6.790477 6.611958 6.431451 6.275112 6.156406 6.099506 6.117942 6.199811 6.327785 6.456545 6.537209 6.599524 6.662701 6.737628 6.80683 6.853555 6.905783 6.968298 7.029229 7.070529 7.096563 7.143192 7.2134 7.289132 7.369699 7.412144 7.42116 7.440211 7.476342 7.503094 7.531013 7.602691 7.73323 7.926096 8.141436 8.380936 8.643835 8.842656 9.005962 9.164193 9.280676 9.297343 9.25501 9.216304 9.163243 8.993277 8.749201 8.517125 8.271205 7.780098 7.079854 6.296209 5.542222 4.939515 4.60405
6.754808 6.813724 6.862919 6.851479 6.789687 6.716396 6.61656 6.475013 6.298651 6.113141 5.951923 5.825778 5.750863 5.761756 5.849601 5.980839 6.109753 6.212065 6.312996 6.406557 6.481153 6.563264 6.635519 6.690307 6.750977 6.804366 6.847108 6.857563 6.892293 6.934277 7.001553 7.069377 7.106772 7.105863 7.106453 7.109841 7.114838 7.144864 7.243733 7.449286 7.679787 7.924821 8.201571 8.507597 8.771884 8.934489 9.089646 9.231811 9.292218 9.263312 9.215008 9.151725 8.975884 8.720731 8.469705 8.16327 7.602457 6.855699 6.071897 5.361557 4.887558 4.611601
6.572206 6.62466 6.667726 6.643842 6.545562 6.427143 6.296421 6.141169 5.94805 5.74243 5.571148 5.421618 5.317232 5.342758 5.447473 5.591043 5.711063 5.829351 5.950053 6.066186 6.175669 6.277422 6.356246 6.420296 6.485181 6.529627 6.554768 6.561244 6.579953 6.609531 6.662431 6.718959 6.750898 6.753682 6.748297 6.73471 6.728899 6.712406 6.763951 7.054464 7.423942 7.716495 8.024003 8.365954 8.698866 8.887032 9.032313 9.174849 9.265012 9.255863 9.198531 9.114434 8.934509 8.680714 8.411617 8.043088 7.445374 6.684761 5.914929 5.264069 4.853497 4.600248
6.366372 6.391493 6.422358 6.387667 6.255876 6.097941 5.939024 5.772461 5.573693 5.362933 5.174977 5.01265 4.894185 4.893083 4.998961 5.132525 5.258185 5.387224 5.517689 5.644962 5.778088 5.916731 6.014515 6.074652 6.133434 6.178719 6.207254 6.208968 6.215663 6.227906 6.269103 6.33175 6.373099 6.384454 6.367446 6.368 6.417284 6.416287 6.428509 6.713975 7.194815 7.566606 7.902982 8.267678 8.637814 8.867005 8.997713 9.123933 9.206749 9.198963 9.121619 9.013908 8.838413 8.604864 8.3221 7.917798 7.317192 6.551429 5.801378 5.206535 4.837183 4.586989
6.09306 6.096097 6.098296 6.042135 5.900836 5.741561 5.582195 5.417383 5.231226 5.043643 4.872884 4.71504 4.581738 4.537629 4.579165 4.684664 4.787611 4.920951 5.04062 5.172621 5.32053 5.453744 5.561424 5.630364 5.677797 5.717454 5.750121 5.75812 5.767873 5.778467 5.820031 5.875797 5.966469 6.032629 6.039459 6.079784 6.183887 6.254638 6.354991 6.620047 7.107029 7.517833 7.875889 8.244411 8.624697 8.875264 8.985568 9.084463 9.136446 9.104116 9.005742 8.88665 8.720011 8.501975 8.205072 7.781704 7.179374 6.427677 5.713337 5.172789 4.843935 4.595239
5.776624 5.768271 5.746567 5.667937 5.535559 5.384238 5.23079 5.082935 4.944382 4.798014 4.630968 4.47779 4.362288 4.325334 4.343515 4.368342 4.445506 4.5516 4.653082 4.797292 4.958821 5.05116 5.103096 5.168293 5.216653 5.234466 5.226874 5.220025 5.212683 5.237194 5.290932 5.342016 5.488828 5.662434 5.761031 5.862974 6.007809 6.17027 6.361541 6.6554 7.121366 7.535872 7.913249 8.282958 8.657135 8.900566 8.987326 9.055836 9.067122 9.000949 8.887331 8.761993 8.598417 8.367131 8.03904 7.592517 6.974846 6.277009 5.638432 5.18038 4.876767 4.631979
5.511085 5.479654 5.427201 5.345603 5.21486 5.057272 4.903954 4.806121 4.785501 4.720556 4.599685 4.442587 4.275165 4.201154 4.249341 4.277447 4.2752 4.347072 4.477956 4.641543 4.799242 4.860727 4.850185 4.829257 4.86472 4.906077 4.872782 4.781349 4.701114 4.748312 4.818202 4.840316 4.992632 5.289005 5.528632 5.731426 5.952037 6.185842 6.421174 6.751585 7.210035 7.618409 7.991636 8.346642 8.70488 8.929487 8.992746 9.031753 8.999564 8.897415 8.766662 8.630795 8.446316 8.158205 7.777304 7.298803 6.684669 6.07721 5.585466 5.225336 4.94026 4.702261
5.310091 5.28027 5.218871 5.136732 5.015522 4.868814 4.740931 4.700902 4.767206 4.754767 4.681962 4.555259 4.402444 4.3104 4.345028 4.358742 4.32818 4.362872 4.492972 4.661276 4.77999 4.807784 4.777243 4.723638 4.724555 4.753914 4.714282 4.617241 4.510194 4.524429 4.600081 4.630517 4.769556 5.113583 5.443473 5.746349 6.042158 6.334354 6.603762 6.962424 7.388181 7.769653 8.120129 8.445213 8.773191 8.961112 9.001416 9.007163 8.931224 8.794929 8.639269 8.461273 8.199567 7.820251 7.359252 6.841692 6.301626 5.852804 5.542728 5.271534 5.021792 4.806076
5.127007 5.105487 5.061602 5.000347 4.9098 4.823288 4.775782 4.805509 4.880607 4.897618 4.864296 4.772819 4.698443 4.648659 4.626533 4.619893 4.590601 4.60269 4.658368 4.762558 4.848903 4.874486 4.857424 4.821653 4.802607 4.791228 4.746874 4.674209 4.61063 4.621694 4.665285 4.719563 4.884638 5.188709 5.534278 5.879437 6.221867 6.565523 6.895573 7.263043 7.63313 7.9812 8.290551 8.574965 8.853545 8.98817 9.008141 8.980206 8.867114 8.700615 8.479573 8.19278 7.806551 7.305834 6.755809 6.258425 5.87102 5.646004 5.450737 5.271878 5.082993 4.916227
4.976466 4.942964 4.912519 4.911125 4.879203 4.841603 4.841926 4.935142 5.030326 5.067057 5.079286 5.089199 5.055671 5.015604 4.987371 4.981501 4.977792 4.945264 4.939216 4.973083 5.022583 5.03631 5.031511 5.031105 5.020841 4.973881 4.9148 4.864305 4.843355 4.844852 4.862244 4.93432 5.114602 5.391258 5.749547 6.117458 6.483781 6.850409 7.214884 7.561738 7.885328 8.196594 8.465118 8.719858 8.936863 9.010611 9.010377 8.948789 8.811322 8.598486 8.262991 7.818375 7.266809 6.653186 6.098882 5.721244 5.552148 5.424453 5.321994 5.221136 5.107248 5.000402
4.918061 4.874285 4.857049 4.924504 4.949305 4.932935 4.96175 5.088255 5.20225 5.284898 5.358199 5.392898 5.394727 5.386616 5.389347 5.376409 5.352316 5.31243 5.28953 5.282891 5.285268 5.276345 5.277827 5.292964 5.282767 5.228105 5.16627 5.142172 5.128319 5.104343 5.115499 5.204381 5.36058 5.648175 6.034511 6.418041 6.782587 7.147307 7.507442 7.825082 8.122282 8.3892 8.626515 8.851567 9.002134 9.02958 9.00755 8.920997 8.766838 8.475398 8.028635 7.40705 6.680628 6.023441 5.573253 5.372146 5.258952 5.200266 5.163353 5.128334 5.072516 5.023947
4.993806 4.984477 5.015534 5.093125 5.132789 5.157439 5.227078 5.332282 5.457276 5.569649 5.660137 5.726982 5.769528 5.79371 5.785308 5.763251 5.72891 5.683891 5.65896 5.629478 5.611377 5.595884 5.59455 5.595904 5.579951 5.544001 5.502342 5.477163 5.45424 5.433827 5.455457 5.537827 5.683904 5.97257 6.346585 6.718793 7.067994 7.417448 7.758859 8.060008 8.330337 8.565651 8.78306 8.95545 9.036747 9.040738 8.999064 8.900702 8.723239 8.367354 7.824523 7.054429 6.208086 5.560224 5.249241 5.072367 5.011389 4.990224 4.978361 4.976754 4.965691 4.955369
