py_wake/examples/data/AJ_ParqueFicticio/Ridge area   Sector 11   Height 30m   Flow inclination.grd
DSAA
90  129
 262878   265103
 6504214   6507414
-20.70539   25.05876
[rows 81 to 107 of 129, columns 0 to 60 of 90]
7.257422 6.90038 6.567242 6.233931 5.992186 5.905804 5.908222 5.94571 5.985464 5.977095 5.877187 5.612772 5.312385 4.94523 4.776334 4.828185 5.028399 5.328123 5.587219 5.692431 5.896714 6.179105 6.513361 6.765014 6.933859 7.01041 7.115909 7.292832 7.522932 7.875462 8.383543 9.036714 9.781695 10.4054 10.79466 10.99363 10.97654 10.67276 10.01869 9.148268 8.206939 7.181364 5.811067 4.464973 3.181861 1.861474 .3998614 -1.076721 -3.054733 -4.773298 -6.109324 -7.250414 -7.965944 2.171247 .2333607 1.385165 .8530056 .4422161 -.3468261 -1.717586 -3.284552
7.74055 7.382796 7.004534 6.645499 6.450806 6.358465 6.310255 6.359853 6.467428 6.568045 6.543821 6.410961 6.138212 5.701251 5.532301 5.634853 5.865522 6.198828 6.4688 6.388643 6.517519 6.732259 7.058754 7.350501 7.541365 7.550449 7.57485 7.663561 7.748714 7.940965 8.305464 8.819023 9.46103 9.996865 10.32977 10.56212 10.54202 10.24761 9.511495 8.659757 7.808104 6.754015 5.262092 3.957426 2.725856 1.410267 -.03221681 -1.513838 -3.754545 -5.391776 -6.833386 -8.138262 -8.969678 -9.541059 1.470008 1.262302 1.993264 -.6233106 -1.201715 -1.158515 -1.237568
8.451721 8.149622 7.790434 7.424938 7.212364 7.073804 6.946615 6.922361 7.04798 7.190005 7.234371 7.263815 7.213776 6.91633 6.671028 6.680765 6.899973 7.245295 7.586249 7.506025 7.519312 7.665063 7.980936 8.323372 8.57724 8.551853 8.474701 8.46301 8.366806 8.341264 8.500458 8.788053 9.203289 9.59349 9.833185 10.03868 10.00165 9.729998 8.952595 8.208816 7.44755 6.394736 4.963783 3.721381 2.52059 1.22846 -.1996188 -1.75313 -3.978711 -5.600286 -7.158614 -8.606673 -9.580771 -10.26781 -10.66033 -10.82164 -10.72722 -10.45729 -1.729698 -1.925185 -1.738716
9.010486 8.773092 8.430004 8.076238 7.784592 7.577963 7.464636 7.488309 7.662555 7.831924 7.929901 8.075705 8.199986 8.092921 7.969128 8.022861 8.226813 8.530992 8.81962 8.75933 8.749449 8.906778 9.239834 9.601176 9.903552 9.905263 9.735906 9.583648 9.298226 9.056891 8.986506 8.973218 9.082849 9.252595 9.361356 9.410563 9.366016 9.084813 8.324838 7.706927 7.041708 6.115629 4.840149 3.663208 2.528445 1.292295 -.1242492 -1.789206 -3.807164 -5.421538 -7.070694 -8.556583 -9.643193 -10.4607 -10.96845 -11.23347 -11.24677 -11.11955 -10.82985 -10.44608 -9.9772
9.547727 9.370558 9.06675 8.770008 8.409874 8.125128 8.04573 8.132077 8.310749 8.441643 8.554228 8.771088 9.024593 9.14631 9.174186 9.24013 9.416074 9.641874 9.860319 9.881305 9.912546 10.08635 10.44377 10.82947 11.15579 11.25332 11.07782 10.8339 10.39315 10.01559 9.740526 9.375935 9.151763 9.041226 8.940483 8.843197 8.732978 8.374132 7.637722 7.095299 6.529362 5.808036 4.820964 3.772285 2.72636 1.574747 .1845689 -1.437407 -3.245919 -4.876118 -6.58465 -8.068938 -9.271059 -10.22098 -10.85161 -11.20813 -10.96651 -10.72357 -10.57429 -10.38311 -10.06733
10.05835 9.917901 9.686668 9.432552 9.040756 8.738678 8.704805 8.873896 9.107018 9.213826 9.263134 9.434218 9.685944 9.940009 10.16901 10.3832 10.48981 10.60333 10.71452 10.72486 10.8313 11.05263 11.45025 11.8546 12.18826 12.41996 12.29277 12.0313 11.53853 11.03851 10.5548 9.919431 9.400253 8.950678 8.607458 8.389623 8.18183 7.666425 6.942647 6.384955 5.875165 5.362714 4.743837 4.035674 3.185012 2.165795 .8536455 -.646611 -2.27461 -3.962143 -5.707462 -7.192026 -8.520535 -9.615466 -10.39769 -10.85927 -10.44505 -9.940989 -9.504912 -9.264126 -9.180822
10.60958 10.51271 10.32463 10.08428 9.715506 9.423823 9.360973 9.483833 9.687313 9.85082 9.898714 10.02965 10.24902 10.53433 10.84626 11.1891 11.36735 11.41626 11.35535 11.32554 11.41399 11.67298 12.11788 12.52876 12.85479 13.22343 13.16987 12.93816 12.46801 11.91605 11.27779 10.49327 9.756156 8.969495 8.421561 8.072421 7.748777 7.04144 6.279293 5.637087 5.144691 4.770421 4.370557 3.927711 3.352935 2.556915 1.504209 .2486724 -1.140537 -2.77327 -4.474821 -5.979677 -7.401842 -8.631435 -9.61753 -10.21312 -10.14407 -9.885141 -9.516191 -9.11761 -8.831805
11.11157 11.03689 10.83209 10.55022 10.2268 9.979883 9.880026 9.967649 10.08574 10.27612 10.38707 10.54245 10.75313 11.01634 11.33564 11.66803 11.93307 12.01284 11.86335 11.7385 11.80274 12.03074 12.49128 12.92495 13.22938 13.61703 13.67117 13.52124 13.06265 12.46291 11.72164 10.86966 9.953428 8.945653 8.322014 7.847843 7.406728 6.547408 5.68972 4.925384 4.424529 4.175028 3.958246 3.730367 3.428218 2.950185 2.221119 1.258662 .119114 -1.372586 -3.012274 -4.549671 -6.019943 -7.326566 -8.474989 -9.20068 -9.392719 -9.27878 -9.023088 -8.716012 -8.371119
11.51587 11.45601 11.20574 10.84189 10.53286 10.40942 10.32646 10.35404 10.38135 10.48979 10.59352 10.72993 10.97023 11.24122 11.52833 11.75697 12.05122 12.14013 12.02274 11.90142 12.00123 12.21407 12.67943 13.13965 13.42637 13.73653 13.8525 13.7537 13.27705 12.69684 11.93874 11.06361 9.994205 8.864544 8.217245 7.661176 7.106859 6.144963 5.179267 4.281805 3.736306 3.591066 3.546964 3.555069 3.557365 3.4563 3.035497 2.286901 1.29084 -.004425287 -1.459244 -2.965564 -4.441442 -5.75847 -6.944617 -7.821972 -8.33862 -8.486699 -8.444666 -8.275532 -7.905744
11.92866 11.87802 11.57109 11.08785 10.75519 10.65618 10.63031 10.60913 10.59834 10.57825 10.59199 10.62811 10.8119 11.0806 11.34198 11.43737 11.60303 11.74822 11.69014 11.66646 11.85941 12.04764 12.52008 12.99979 13.2798 13.52875 13.65471 13.54443 13.08732 12.58445 11.87567 11.03857 9.930285 8.797693 8.143129 7.557829 6.905158 5.910275 4.843214 3.831665 3.176305 3.109023 3.191965 3.283814 3.404372 3.584134 3.53397 3.153042 2.449655 1.380989 .135031 -1.251158 -2.699696 -4.010794 -5.099038 -5.949187 -6.628603 -7.211127 -7.678413 -8.078983 -8.148806
12.41828 12.33717 12.05734 11.51472 11.12059 10.98634 10.95892 10.90086 10.82953 10.69863 10.5567 10.40549 10.43881 10.6077 10.83733 10.85956 10.90887 11.01548 10.98179 11.03911 11.31264 11.47731 11.93932 12.39418 12.66575 12.89627 13.05657 12.91181 12.49435 12.11455 11.48789 10.74983 9.787341 8.732247 8.068283 7.472247 6.758913 5.833544 4.716115 3.559732 2.858401 2.677062 2.791157 2.982242 3.304683 3.72915 3.954151 3.853775 3.432992 2.637637 1.59814 .3890292 -.942077 -2.169242 -3.119697 -3.893789 -4.567935 -5.251493 -6.003332 -6.884247 -7.466322
12.91168 12.71022 12.37943 11.91619 11.52637 11.34501 11.32294 11.28671 11.17218 10.94997 10.67549 10.39774 10.28316 10.32104 10.41824 10.37246 10.4081 10.50713 10.49417 10.63469 10.87533 11.05763 11.37565 11.67312 11.89616 12.03827 12.14894 11.98262 11.63064 11.35171 10.78846 10.14666 9.399833 8.5283 7.889359 7.253556 6.460507 5.59329 4.521691 3.383343 2.685797 2.431965 2.534494 2.734416 3.153479 3.754972 4.195673 4.329801 4.132868 3.636481 2.858708 1.918209 .6831004 -.4025076 -1.205161 -1.888429 -2.521464 -3.262889 -4.104296 -5.1278 -6.082214
13.0618 12.83549 12.48548 12.00214 11.6407 11.46438 11.46418 11.49832 11.406 11.1953 10.89431 10.59144 10.40205 10.36558 10.3046 10.16858 10.18043 10.2492 10.33425 10.53091 10.7285 10.8676 11.01492 11.14741 11.2295 11.23414 11.19194 10.9469 10.67548 10.44535 9.936621 9.357091 8.742518 8.071277 7.536875 6.904211 6.146103 5.303131 4.280995 3.214548 2.482316 2.176526 2.188586 2.416855 2.888066 3.607381 4.247293 4.589471 4.565101 4.2859 3.690858 2.922179 1.877423 1.005377 .4002915 -.1304383 -.6407445 -1.346987 -2.1899 -3.168247 -4.304607
12.76261 12.65991 12.27269 11.73482 11.30867 11.14244 11.24904 11.45459 11.38034 11.23623 11.05184 10.77846 10.59093 10.56458 10.42366 10.26222 10.23933 10.29145 10.43183 10.63817 10.83643 10.89922 10.83108 10.78015 10.65182 10.51878 10.29998 9.954959 9.724007 9.501886 9.065823 8.548139 8.021472 7.501059 7.095694 6.536232 5.859047 5.041475 4.04716 2.990182 2.19303 1.814326 1.743922 1.927283 2.406857 3.194345 3.977072 4.563078 4.790863 4.723437 4.312653 3.709259 2.816913 2.174242 1.797861 1.466168 1.105715 .5085772 -.2445833 -1.140937 -2.261729
12.25209 12.28853 12.01276 11.51343 11.06286 10.85167 10.89421 11.17432 11.1564 11.09725 11.062 10.89013 10.75765 10.71097 10.57605 10.46834 10.45291 10.51911 10.64197 10.81033 10.96348 10.95551 10.76237 10.50882 10.20469 9.911256 9.46894 9.050923 8.791363 8.545645 8.195577 7.804933 7.347872 6.913057 6.575411 6.119159 5.540407 4.769771 3.811539 2.738469 1.915013 1.436426 1.230715 1.313619 1.75547 2.570648 3.438761 4.148113 4.534901 4.656613 4.446982 4.009544 3.314404 2.87248 2.729714 2.591306 2.480808 2.115755 1.555648 .7681647 -.2661369
11.75803 11.83217 11.68298 11.27597 10.91431 10.74459 10.80845 11.09446 11.10304 11.10104 11.12701 11.0722 11.04832 11.00737 10.91324 10.8447 10.87942 10.93716 10.99912 11.10495 11.18537 11.07786 10.72971 10.32742 9.945477 9.459895 8.785292 8.276696 7.919045 7.594828 7.273042 7.011983 6.688897 6.398977 6.168891 5.844869 5.401905 4.709536 3.773618 2.690502 1.751609 1.142108 .7696826 .69368 1.025399 1.794527 2.714456 3.536359 4.085264 4.384101 4.371868 4.139968 3.603606 3.268337 3.346255 3.394842 3.538128 3.481762 3.212791 2.607605 1.635496
11.09482 11.26895 11.24406 11.05785 10.85952 10.77504 10.9185 11.19536 11.24747 11.29884 11.35484 11.36437 11.39833 11.38144 11.32485 11.2795 11.34895 11.42805 11.44985 11.51692 11.47698 11.28262 10.76014 10.26021 9.844996 9.203641 8.367314 7.719916 7.201105 6.727596 6.373724 6.168422 5.99597 5.883041 5.809395 5.659737 5.380099 4.797624 3.901997 2.81289 1.759446 .9474013 .3723628 .09401955 .2470937 .8874731 1.796718 2.681147 3.377187 3.851827 4.010372 3.945409 3.586228 3.408905 3.597572 3.827321 4.158941 4.379423 4.393609 3.989548 3.127768
10.3893 10.65252 10.72319 10.76017 10.72437 10.75926 11.03017 11.32094 11.44354 11.54985 11.65577 11.72521 11.78341 11.81235 11.82878 11.81009 11.87903 11.93969 11.96523 12.03368 11.89334 11.60973 10.96744 10.38981 9.886208 9.150056 8.218192 7.428444 6.72299 6.019571 5.548763 5.308018 5.213106 5.246454 5.360774 5.444517 5.381934 4.964771 4.190054 3.106227 1.960583 .8846446 .04751324 -.4717297 -.5450909 -.1131304 .7076437 1.609013 2.410699 3.032501 3.382011 3.494128 3.279233 3.25692 3.525421 3.910446 4.39712 4.896834 5.270106 5.157089 4.456849
9.88598 10.13027 10.23972 10.41297 10.50248 10.649 11.00392 11.35034 11.55552 11.72286 11.87586 12.0113 12.09081 12.12978 12.17701 12.19132 12.27571 12.30562 12.33528 12.38172 12.25425 11.93289 11.28924 10.66644 10.07183 9.29264 8.298358 7.341051 6.448698 5.50935 4.885304 4.561541 4.492798 4.621091 4.909128 5.222781 5.394392 5.16496 4.538705 3.51318 2.359242 1.067582 -.02339113 -.8168918 -1.152887 -1.013735 -.433941 .354153 1.162665 1.896886 2.435461 2.737085 2.715876 2.792677 3.112363 3.561492 4.106359 4.760942 5.444301 5.837792 5.602656
1.70141E+38 1.70141E+38 1.70141E+38 1.70141E+38 1.70141E+38 1.70141E+38 1.70141E+38 1.70141E+38 1.70141E+38 1.70141E+38 1.70141E+38 1.70141E+38 1.70141E+38 1.70141E+38 1.70141E+38 1.70141E+38 1.70141E+38 1.70141E+38 1.70141E+38 1.70141E+38 1.70141E+38 1.70141E+38 1.70141E+38 1.70141E+38 1.70141E+38 1.70141E+38 1.70141E+38 1.70141E+38 1.70141E+38 1.70141E+38 1.70141E+38 1.70141E+38 1.70141E+38 1.70141E+38 1.70141E+38 1.70141E+38 1.70141E+38 1.70141E+38 1.70141E+38 1.70141E+38 1.70141E+38 1.70141E+38 1.70141E+38 1.70141E+38 1.70141E+38 1.70141E+38 1.70141E+38 1.70141E+38 1.70141E+38 1.70141E+38 1.70141E+38 1.70141E+38 1.70141E+38 1.70141E+38 1.70141E+38 1.70141E+38 1.70141E+38 1.70141E+38 1.70141E+38 1.70141E+38 1.70141E+38
1.70141E+38 1.70141E+38 1.70141E+38 1.70141E+38 1.70141E+38 1.70141E+38 1.70141E+38 1.70141E+38 1.70141E+38 1.70141E+38 1.70141E+38 1.70141E+38 1.70141E+38 1.70141E+38 1.70141E+38 1.70141E+38 1.70141E+38 1.70141E+38 1.70141E+38 1.70141E+38 1.70141E+38 1.70141E+38 1.70141E+38 1.70141E+38 1.70141E+38 1.70141E+38 1.70141E+38 1.70141E+38 1.70141E+38 1.70141E+38 1.70141E+38 1.70141E+38 1.70141E+38 1.70141E+38 1.70141E+38 1.70141E+38 1.70141E+38 1.70141E+38 1.70141E+38 1.70141E+38 1.70141E+38 1.70141E+38 1.70141E+38 1.70141E+38 1.70141E+38 1.70141E+38 1.70141E+38 1.70141E+38 1.70141E+38 1.70141E+38 1.70141E+38 1.70141E+38 1.70141E+38 1.70141E+38 1.70141E+38 1.70141E+38 1.70141E+38 1.70141E+38 1.70141E+38 1.70141E+38 1.70141E+38
1.70141E+38 1.70141E+38 1.70141E+38 1.70141E+38 1.70141E+38 1.70141E+38 1.70141E+38 1.70141E+38 1.70141E+38 1.70141E+38 1.70141E+38 1.70141E+38 1.70141E+38 1.70141E+38 1.70141E+38 1.70141E+38 1.70141E+38 1.70141E+38 1.70141E+38 1.70141E+38 1.70141E+38 1.70141E+38 1.70141E+38 1.70141E+38 1.70141E+38 1.70141E+38 1.70141E+38 1.70141E+38 1.70141E+38 1.70141E+38 1.70141E+38 1.70141E+38 1.70141E+38 1.70141E+38 1.70141E+38 1.70141E+38 1.70141E+38 1.70141E+38 1.70141E+38 1.70141E+38 1.70141E+38 1.70141E+38 1.70141E+38 1.70141E+38 1.70141E+38 1.70141E+38 1.70141E+38 1.70141E+38 1.70141E+38 1.70141E+38 1.70141E+38 1.70141E+38 1.70141E+38 1.70141E+38 1.70141E+38 1.70141E+38 1.70141E+38 1.70141E+38 1.70141E+38 1.70141E+38 1.70141E+38
1.70141E+38 1.70141E+38 1.70141E+38 1.70141E+38 1.70141E+38 1.70141E+38 1.70141E+38 1.70141E+38 1.70141E+38 1.70141E+38 1.70141E+38 1.70141E+38 1.70141E+38 1.70141E+38 1.70141E+38 1.70141E+38 1.70141E+38 1.70141E+38 1.70141E+38 1.70141E+38 1.70141E+38 1.70141E+38 1.70141E+38 1.70141E+38 1.70141E+38 1.70141E+38 1.70141E+38 1.70141E+38 1.70141E+38 1.70141E+38 1.70141E+38 1.70141E+38 1.70141E+38 1.70141E+38 1.70141E+38 1.70141E+38 1.70141E+38 1.70141E+38 1.70141E+38 1.70141E+38 1.70141E+38 1.70141E+38 1.70141E+38 1.70141E+38 1.70141E+38 1.70141E+38 1.70141E+38 1.70141E+38 1.70141E+38 1.70141E+38 1.70141E+38 1.70141E+38 1.70141E+38 1.70141E+38 1.70141E+38 1.70141E+38 1.70141E+38 1.70141E+38 1.70141E+38 1.70141E+38 1.70141E+38
1.70141E+38 1.70141E+38 1.70141E+38 1.70141E+38 1.70141E+38 1.70141E+38 1.70141E+38 1.70141E+38 1.70141E+38 1.70141E+38 1.70141E+38 1.70141E+38 1.70141E+38 1.70141E+38 1.70141E+38 1.70141E+38 1.70141E+38 1.70141E+38 1.70141E+38 1.70141E+38 1.70141E+38 1.70141E+38 1.70141E+38 1.70141E+38 1.70141E+38 1.70141E+38 1.70141E+38 1.70141E+38 1.70141E+38 1.70141E+38 1.70141E+38 1.70141E+38 1.70141E+38 1.70141E+38 1.70141E+38 1.70141E+38 1.70141E+38 1.70141E+38 1.70141E+38 1.70141E+38 1.70141E+38 1.70141E+38 1.70141E+38 1.70141E+38 1.70141E+38 1.70141E+38 1.70141E+38 1.70141E+38 1.70141E+38 1.70141E+38 1.70141E+38 1.70141E+38 1.70141E+38 1.70141E+38 1.70141E+38 1.70141E+38 1.70141E+38 1.70141E+38 1.70141E+38 1.70141E+38 1.70141E+38
1.70141E+38 1.70141E+38 1.70141E+38 1.70141E+38 1.70141E+38 1.70141E+38 1.70141E+38 1.70141E+38 1.70141E+38 1.70141E+38 1.70141E+38 1.70141E+38 1.70141E+38 1.70141E+38 1.70141E+38 1.70141E+38 1.70141E+38 1.70141E+38 1.70141E+38 1.70141E+38 1.70141E+38 1.70141E+38 1.70141E+38 1.70141E+38 1.70141E+38 1.70141E+38 1.70141E+38 1.70141E+38 1.70141E+38 1.70141E+38 1.70141E+38 1.70141E+38 1.70141E+38 1.70141E+38 1.70141E+38 1.70141E+38 1.70141E+38 1.70141E+38 1.70141E+38 1.70141E+38 1.70141E+38 1.70141E+38 1.70141E+38 1.70141E+38 1.70141E+38 1.70141E+38 1.70141E+38 1.70141E+38 1.70141E+38 1.70141E+38 1.70141E+38 1.70141E+38 1.70141E+38 1.70141E+38 1.70141E+38 1.70141E+38 1.70141E+38 1.70141E+38 1.70141E+38 1.70141E+38 1.70141E+38
1.70141E+38 1.70141E+38 1.70141E+38 1.70141E+38 1.70141E+38 1.70141E+38 1.70141E+38 1.70141E+38 1.70141E+38 1.70141E+38 1.70141E+38 1.70141E+38 1.70141E+38 1.70141E+38 1.70141E+38 1.70141E+38 1.70141E+38 1.70141E+38 1.70141E+38 1.70141E+38 1.70141E+38 1.70141E+38 1.70141E+38 1.70141E+38 1.70141E+38 1.70141E+38 1.70141E+38 1.70141E+38 1.70141E+38 1.70141E+38 1.70141E+38 1.70141E+38 1.70141E+38 1.70141E+38 1.70141E+38 1.70141E+38 1.70141E+38 1.70141E+38 1.70141E+38 1.70141E+38 1.70141E+38 1.70141E+38 1.70141E+38 1.70141E+38 1.70141E+38 1.70141E+38 1.70141E+38 1.70141E+38 1.70141E+38 1.70141E+38 1.70141E+38 1.70141E+38 1.70141E+38 1.70141E+38 1.70141E+38 1.70141E+38 1.70141E+38 1.70141E+38 1.70141E+38 1.70141E+38 1.70141E+38
1.70141E+38 1.70141E+38 1.70141E+38 1.70141E+38 1.70141E+38 1.70141E+38 1.70141E+38 1.70141E+38 1.70141E+38 1.70141E+38 1.70141E+38 1.70141E+38 1.70141E+38 1.70141E+38 1.70141E+38 1.70141E+38 1.70141E+38 1.70141E+38 1.70141E+38 1.70141E+38 1.70141E+38 1.70141E+38 1.70141E+38 1.70141E+38 1.70141E+38 1.70141E+38 1.70141E+38 1.70141E+38 1.70141E+38 1.70141E+38 1.70141E+38 1.70141E+38 1.70141E+38 1.70141E+38 1.70141E+38 1.70141E+38 1.70141E+38 1.70141E+38 1.70141E+38 1.70141E+38 1.70141E+38 1.70141E+38 1.70141E+38 1.70141E+38 1.70141E+38 1.70141E+38 1.70141E+38 1.70141E+38 1.70141E+38 1.70141E+38 1.70141E+38 1.70141E+38 1.70141E+38 1.70141E+38 1.70141E+38 1.70141E+38 1.70141E+38 1.70141E+38 1.70141E+38 1.70141E+38 1.70141E+38
