py_wake/examples/data/AJ_ParqueFicticio/Ridge area   Sector 6   Height 30m   Weibull-A.grd
DSAA
90  129
 262878   265103
 6504214   6507414
 1.15   8.031153
[rows 81 to 107 of 129, columns 0 to 61 of 90]
3.127532 3.345222 3.569918 3.768607 3.934152 4.07049 4.185044 4.299572 4.431194 4.552092 4.663449 4.772013 4.836309 4.850325 4.842004 4.832837 4.830451 4.800327 4.767915 4.730284 4.696521 4.691653 4.689253 4.684799 4.66772 4.640484 4.600372 4.564243 4.540056 4.532992 4.55183 4.611856 4.734461 4.912008 5.127226 5.360044 5.584985 5.805217 6.008428 6.191273 6.330506 6.452346 6.552073 6.615818 6.646646 6.670053 6.67336 6.659422 6.547909 6.376035 6.166762 5.92457 5.684868 5.465077 5.293154 5.176718 5.112118 5.078316 5.073318 5.095609 5.117782 5.137227
3.596763 3.857493 4.097198 4.294851 4.459239 4.581636 4.690223 4.79039 4.875948 4.972187 5.093949 5.217149 5.298626 5.326207 5.32937 5.315331 5.287781 5.263328 5.252063 5.226647 5.181345 5.122291 5.075106 5.057649 5.052227 5.040991 5.010324 4.981064 4.960295 4.941015 4.93939 4.962385 5.038256 5.185449 5.361229 5.550735 5.752132 5.958801 6.157016 6.317945 6.440979 6.570658 6.656317 6.690993 6.716007 6.734597 6.736322 6.726784 6.592718 6.414234 6.188231 5.912852 5.627473 2.364066 5.112349 4.928063 4.803881 4.726591 4.706767 4.7383 4.777738 4.817547
4.003273 4.28192 4.529513 4.719169 4.845653 4.964597 5.069794 5.13523 5.196298 5.288452 5.392478 5.489852 5.593688 5.658641 5.644141 5.598953 5.558393 5.538942 5.550498 5.560859 5.498749 5.422256 5.358263 5.322635 5.32654 5.343132 5.330622 5.319391 5.317441 5.297688 5.274791 5.270828 5.316245 5.429551 5.569478 5.71639 5.893709 6.074252 6.253681 6.382522 6.50028 6.63006 6.714736 6.751017 6.780543 6.800745 6.808689 6.796175 6.677849 6.50315 6.277044 5.986259 5.665418 2.749281 2.526668 2.429569 2.509785 2.638569 4.445638 4.447906 4.471005 4.519504
4.339249 4.612669 4.844722 5.012299 5.123017 5.21682 5.286284 5.332664 5.385112 5.459387 5.529174 5.590624 5.659299 5.711018 5.7103 5.677018 5.638168 5.611512 5.605517 5.61138 5.570658 5.516425 5.469062 5.443079 5.4406 5.478713 5.513544 5.537598 5.5673 5.568702 5.558239 5.565694 5.601355 5.67211 5.774772 5.886327 6.005324 6.14967 6.292737 6.393494 6.504258 6.637487 6.736705 6.782314 6.822102 6.855435 6.876315 6.849695 6.75873 6.608387 6.403362 6.138296 5.822224 3.254493 2.738001 2.571129 2.506829 2.598835 2.694849 2.756897 2.778419 2.781436
4.613358 4.858091 5.05527 5.201084 5.309858 5.375231 5.415413 5.454396 5.498087 5.539266 5.561443 5.565051 5.564791 5.574594 5.577843 5.56251 5.528638 5.494974 5.467611 5.457303 5.433707 5.402033 5.376287 5.370979 5.391038 5.452304 5.544741 5.627574 5.706863 5.750231 5.79484 5.83728 5.871327 5.90965 5.974936 6.04807 6.113239 6.218105 6.315403 6.386211 6.479207 6.596328 6.71213 6.785203 6.840904 6.888961 6.910884 6.89495 6.8361 6.719195 6.54596 6.321098 6.033352 4.284497 3.036392 2.779552 2.66086 2.634898 2.721882 2.773165 2.785234 2.774166
4.797758 5.005424 5.172863 5.304744 5.405112 5.448736 5.459736 5.465593 5.480881 5.49604 5.478128 5.434916 5.391321 5.366439 5.348326 5.339056 5.326317 5.297579 5.261294 5.236223 5.20904 5.190771 5.184083 5.207483 5.255419 5.346112 5.483391 5.621297 5.754829 5.854437 5.949088 6.035217 6.079634 6.104201 6.137123 6.161005 6.202914 6.275387 6.333289 6.376635 6.436975 6.51029 6.594182 6.67553 6.750806 6.814925 6.863694 6.891101 6.88379 6.808529 6.676354 6.498763 6.251872 5.94665 3.499962 3.05228 2.885089 2.788815 2.743125 2.784945 2.794259 2.766206
4.89536 5.067557 5.199745 5.304474 5.379723 5.399207 5.384087 5.356538 5.331233 5.313764 5.279908 5.22927 5.17555 5.129206 5.086172 5.059199 5.048443 5.03827 5.020019 4.994672 4.970078 4.956581 4.970881 5.025811 5.09805 5.218925 5.392332 5.567345 5.735445 5.881729 6.010687 6.118835 6.185874 6.225683 6.238218 6.242494 6.276069 6.325425 6.353019 6.369552 6.384785 6.40993 6.455023 6.512076 6.586341 6.670752 6.752869 6.818071 6.862498 6.844168 6.764102 6.635172 6.445587 6.197357 4.403419 3.452815 3.166353 3.023917 2.915684 2.835602 2.83777 2.811294
4.908305 5.045518 5.147995 5.21991 5.258576 5.260596 5.231564 5.182474 5.126682 5.066407 5.010632 4.954695 4.902538 4.85078 4.795931 4.749305 4.722964 4.728179 4.743236 4.74532 4.743567 4.757301 4.792482 4.87504 4.99206 5.13063 5.312644 5.500491 5.68847 5.85885 6.005531 6.126107 6.214724 6.26715 6.280078 6.287798 6.319121 6.357184 6.369635 6.351881 6.317748 6.313884 6.334951 6.374127 6.435117 6.51516 6.603003 6.681619 6.75367 6.795331 6.779433 6.708478 6.589532 6.418056 6.192112 4.101809 3.553226 3.321255 3.167724 3.042978 2.943906 2.897733
4.873658 4.978949 5.057202 5.099993 5.095558 5.066454 5.023577 4.961618 4.889671 4.806802 4.729423 4.659688 4.594564 4.53321 4.479524 4.431575 4.398102 4.43133 4.476356 4.515505 4.545444 4.592036 4.65445 4.767494 4.910075 5.06362 5.239811 5.430228 5.628765 5.807326 5.968884 6.109229 6.221481 6.278229 6.292491 6.310226 6.344978 6.379815 6.379731 6.32548 6.251494 6.206602 6.189879 6.192571 6.214954 6.277888 6.375625 6.476322 6.584625 6.668287 6.72126 6.723496 6.677103 6.584037 6.441818 5.401185 4.092084 3.68804 3.470423 3.305213 3.173743 3.042371
4.798851 4.873208 4.940832 4.962331 4.920658 4.856327 4.789393 4.721707 4.649615 4.570214 4.48896 4.40345 4.322078 4.255989 4.226518 4.216927 4.210692 4.239145 4.289964 4.333352 4.386322 4.459212 4.539593 4.666226 4.832181 5.003277 5.181401 5.373087 5.574394 5.753915 5.920182 6.072349 6.204006 6.264579 6.28034 6.302669 6.342503 6.380358 6.36712 6.29436 6.151652 6.047485 6.009004 5.987532 5.986592 6.024988 6.113545 6.229613 6.3624 6.484429 6.58831 6.664575 6.687861 6.655297 6.585658 6.48868 4.946903 4.101676 3.775425 3.56519 3.410474 3.259543
4.641201 4.691717 4.734533 4.746402 4.697259 4.621477 4.551474 4.494051 4.435822 4.379849 4.328725 4.266731 4.189334 4.125067 4.111413 4.138972 4.156487 4.185428 4.236756 4.283473 4.342478 4.440719 4.520898 4.657197 4.833039 4.997538 5.165025 5.355391 5.538704 5.695199 5.847031 5.985475 6.110517 6.175161 6.192295 6.210469 6.240012 6.269632 6.26308 6.167761 6.02794 5.909254 5.837595 5.776207 5.742091 5.762129 5.841095 5.954052 6.087094 6.242966 6.386012 6.511819 6.584558 6.595654 6.577658 6.551935 6.516017 4.648051 4.039472 3.762156 3.593267 3.442031
4.369693 4.413227 4.428946 4.41602 4.379189 4.32804 4.279604 4.249494 4.230068 4.22103 4.210018 4.187716 4.161868 4.142776 4.156063 4.191183 4.215672 4.262552 4.327397 4.380572 4.463275 4.57934 4.681156 4.814487 4.962731 5.094882 5.2293 5.386538 5.533976 5.651207 5.773028 5.873827 5.962534 6.021395 6.047732 6.071658 6.090229 6.095775 6.077193 5.993259 5.865548 5.732026 5.622134 5.537234 5.476643 5.487858 5.563195 5.68036 5.817423 5.970536 6.119521 6.260202 6.362092 6.407803 6.432363 6.464587 6.498469 5.660531 4.327427 3.906549 3.707624 3.566421
4.042105 4.09079 4.122907 4.128167 4.096725 4.056543 4.019036 4.0153 4.032564 4.077254 4.123942 4.160775 4.188696 4.213989 4.261617 4.307923 4.341364 4.403751 4.483319 4.56864 4.689404 4.810445 4.931248 5.051226 5.154402 5.257575 5.356901 5.463252 5.552425 5.632461 5.724328 5.791747 5.843264 5.876979 5.895987 5.92338 5.93003 5.924238 5.891181 5.803118 5.655576 5.515929 5.382576 5.281161 5.209805 5.205221 5.271429 5.396245 5.535121 5.68108 5.831136 5.976803 6.089161 6.152596 6.205471 6.276375 6.359945 6.432476 5.095144 4.19048 3.854102 3.670614
3.782624 3.835795 3.895357 3.921834 3.905771 3.859664 3.80994 3.824363 3.899318 3.980909 4.067398 4.158914 4.225972 4.290388 4.374779 4.446669 4.512962 4.594372 4.683208 4.797304 4.926628 5.061083 5.173897 5.259357 5.336423 5.401141 5.466787 5.531447 5.569286 5.617456 5.68117 5.724494 5.743011 5.741159 5.738272 5.75241 5.748168 5.742271 5.70836 5.615622 5.470888 5.312816 5.171234 5.049816 4.954074 4.933194 4.990946 5.101479 5.233326 5.380858 5.541436 5.687071 5.794354 5.865871 5.927016 6.012579 6.134796 6.265618 6.389208 5.40408 4.27719 3.898164
3.595217 3.647326 3.719889 3.774544 3.780581 3.75687 3.748475 3.786195 3.89024 3.988368 4.090238 4.21312 4.309602 4.404321 4.514045 4.61445 4.709336 4.803443 4.907631 5.021911 5.143404 5.265486 5.365667 5.442134 5.49919 5.533477 5.566636 5.583018 5.57721 5.587044 5.60848 5.62374 5.628186 5.611384 5.598149 5.597166 5.599714 5.601505 5.567483 5.470108 5.322113 5.172883 5.019361 4.861593 4.72311 4.675026 4.716269 4.819877 4.954181 5.103408 5.259415 5.40099 5.506219 5.56567 5.630461 5.717904 5.856351 6.023438 6.199279 6.37055 6.510461 4.748494
3.435005 3.50737 3.587058 3.663406 3.701623 3.734267 3.774282 3.839408 3.963978 4.073972 4.191779 4.319702 4.44018 4.564093 4.686103 4.797509 4.906019 5.021719 5.13576 5.245128 5.345249 5.447893 5.537454 5.606582 5.646466 5.672553 5.672295 5.633223 5.588142 5.554928 5.527803 5.503243 5.486782 5.457874 5.440014 5.434262 5.443236 5.457262 5.433748 5.358708 5.224986 5.072509 4.897944 4.700801 4.516726 4.422508 4.442813 4.544668 4.677225 4.82232 4.966278 5.110757 5.223828 5.280595 5.340149 5.42557 5.558726 5.728035 5.919951 6.126262 6.317379 6.471798
3.329919 3.415128 3.503637 3.592906 3.668828 3.744635 3.816171 3.915363 4.058015 4.188951 4.325227 4.457062 4.585341 4.718567 4.847113 4.964476 5.07988 5.202767 5.323905 5.42868 5.524443 5.621046 5.703279 5.740459 5.755621 5.774662 5.750947 5.682859 5.606198 5.526113 5.443415 5.371196 5.315415 5.268048 5.245105 5.238489 5.260355 5.293933 5.305575 5.267735 5.154236 4.992309 4.797386 4.564894 4.296988 3.381025 2.87724 3.991343 4.303832 4.485281 4.656252 4.821639 4.930549 4.991889 5.047396 5.127196 5.249394 5.400786 5.59731 5.835903 6.074387 6.288452
3.332627 3.405156 3.489706 3.574598 3.672012 3.77116 3.862084 3.996606 4.149078 4.291928 4.430659 4.568283 4.698555 4.8293 4.962989 5.09151 5.205568 5.321308 5.433144 5.534878 5.63303 5.718934 5.785312 5.799621 5.79624 5.798617 5.764319 5.686982 5.598161 5.488523 5.365837 5.254368 5.159883 5.084883 5.039868 5.026085 5.0621 5.121577 5.173599 5.175119 5.108246 4.964884 4.760632 4.490343 3.79543 2.725436 2.896027 2.839442 2.68341 3.55822 4.221845 4.473913 4.596998 4.671762 4.738563 4.817159 4.927399 5.066667 5.260084 5.529587 5.81609 6.079815
3.416956 3.49223 3.57094 3.642253 3.745264 3.84894 3.945865 4.08364 4.231921 4.370207 4.502564 4.635324 4.768579 4.896674 5.018488 5.136761 5.245117 5.349743 5.441789 5.525656 5.60614 5.678764 5.733519 5.745278 5.737064 5.732107 5.704734 5.637314 5.552933 5.432554 5.285056 5.139338 5.008136 4.897759 4.829243 4.813696 4.864817 4.95157 5.039727 5.094246 5.092476 4.992508 4.79945 4.514899 3.538064 2.716799 2.866929 2.849556 2.783899 2.633202 3.072644 3.728849 4.124744 4.277839 4.390849 4.497386 4.612437 4.751494 4.937941 5.19867 5.498849 5.790707
1.70141E+38 1.70141E+38 1.70141E+38 1.70141E+38 1.70141E+38 1.70141E+38 1.70141E+38 1.70141E+38 1.70141E+38 1.70141E+38 1.70141E+38 1.70141E+38 1.70141E+38 1.70141E+38 1.70141E+38 1.70141E+38 1.70141E+38 1.70141E+38 1.70141E+38 1.70141E+38 1.70141E+38 1.70141E+38 1.70141E+38 1.70141E+38 1.70141E+38 1.70141E+38 1.70141E+38 1.70141E+38 1.70141E+38 1.70141E+38 1.70141E+38 1.70141E+38 1.70141E+38 1.70141E+38 1.70141E+38 1.70141E+38 1.70141E+38 1.70141E+38 1.70141E+38 1.70141E+38 1.70141E+38 1.70141E+38 1.70141E+38 1.70141E+38 1.70141E+38 1.70141E+38 1.70141E+38 1.70141E+38 1.70141E+38 1.70141E+38 1.70141E+38 1.70141E+38 1.70141E+38 1.70141E+38 1.70141E+38 1.70141E+38 1.70141E+38 1.70141E+38 1.70141E+38 1.70141E+38 1.70141E+38 1.70141E+38
1.70141E+38 1.70141E+38 1.70141E+38 1.70141E+38 1.70141E+38 1.70141E+38 1.70141E+38 1.70141E+38 1.70141E+38 1.70141E+38 1.70141E+38 1.70141E+38 1.70141E+38 1.70141E+38 1.70141E+38 1.70141E+38 1.70141E+38 1.70141E+38 1.70141E+38 1.70141E+38 1.70141E+38 1.70141E+38 1.70141E+38 1.70141E+38 1.70141E+38 1.70141E+38 1.70141E+38 1.70141E+38 1.70141E+38 1.70141E+38 1.70141E+38 1.70141E+38 1.70141E+38 1.70141E+38 1.70141E+38 1.70141E+38 1.70141E+38 1.70141E+38 1.70141E+38 1.70141E+38 1.70141E+38 1.70141E+38 1.70141E+38 1.70141E+38 1.70141E+38 1.70141E+38 1.70141E+38 1.70141E+38 1.70141E+38 1.70141E+38 1.70141E+38 1.70141E+38 1.70141E+38 1.70141E+38 1.70141E+38 1.70141E+38 1.70141E+38 1.70141E+38 1.70141E+38 1.70141E+38 1.70141E+38 1.70141E+38
1.70141E+38 1.70141E+38 1.70141E+38 1.70141E+38 1.70141E+38 1.70141E+38 1.70141E+38 1.70141E+38 1.70141E+38 1.70141E+38 1.70141E+38 1.70141E+38 1.70141E+38 1.70141E+38 1.70141E+38 1.70141E+38 1.70141E+38 1.70141E+38 1.70141E+38 1.70141E+38 1.70141E+38 1.70141E+38 1.70141E+38 1.70141E+38 1.70141E+38 1.70141E+38 1.70141E+38 1.70141E+38 1.70141E+38 1.70141E+38 1.70141E+38 1.70141E+38 1.70141E+38 1.70141E+38 1.70141E+38 1.70141E+38 1.70141E+38 1.70141E+38 1.70141E+38 1.70141E+38 1.70141E+38 1.70141E+38 1.70141E+38 1.70141E+38 1.70141E+38 1.70141E+38 1.70141E+38 1.70141E+38 1.70141E+38 1.70141E+38 1.70141E+38 1.70141E+38 1.70141E+38 1.70141E+38 1.70141E+38 1.70141E+38 1.70141E+38 1.70141E+38 1.70141E+38 1.70141E+38 1.70141E+38 1.70141E+38
1.70141E+38 1.70141E+38 1.70141E+38 1.70141E+38 1.70141E+38 1.70141E+38 1.70141E+38 1.70141E+38 1.70141E+38 1.70141E+38 1.70141E+38 1.70141E+38 1.70141E+38 1.70141E+38 1.70141E+38 1.70141E+38 1.70141E+38 1.70141E+38 1.70141E+38 1.70141E+38 1.70141E+38 1.70141E+38 1.70141E+38 1.70141E+38 1.70141E+38 1.70141E+38 1.70141E+38 1.70141E+38 1.70141E+38 1.70141E+38 1.70141E+38 1.70141E+38 1.70141E+38 1.70141E+38 1.70141E+38 1.70141E+38 1.70141E+38 1.70141E+38 1.70141E+38 1.70141E+38 1.70141E+38 1.70141E+38 1.70141E+38 1.70141E+38 1.70141E+38 1.70141E+38 1.70141E+38 1.70141E+38 1.70141E+38 1.70141E+38 1.70141E+38 1.70141E+38 1.70141E+38 1.70141E+38 1.70141E+38 1.70141E+38 1.70141E+38 1.70141E+38 1.70141E+38 1.70141E+38 1.70141E+38 1.70141E+38
1.70141E+38 1.70141E+38 1.70141E+38 1.70141E+38 1.70141E+38 1.70141E+38 1.70141E+38 1.70141E+38 1.70141E+38 1.70141E+38 1.70141E+38 1.70141E+38 1.70141E+38 1.70141E+38 1.70141E+38 1.70141E+38 1.70141E+38 1.70141E+38 1.70141E+38 1.70141E+38 1.70141E+38 1.70141E+38 1.70141E+38 1.70141E+38 1.70141E+38 1.70141E+38 1.70141E+38 1.70141E+38 1.70141E+38 1.70141E+38 1.70141E+38 1.70141E+38 1.70141E+38 1.70141E+38 1.70141E+38 1.70141E+38 1.70141E+38 1.70141E+38 1.70141E+38 1.70141E+38 1.70141E+38 1.70141E+38 1.70141E+38 1.70141E+38 1.70141E+38 1.70141E+38 1.70141E+38 1.70141E+38 1.70141E+38 1.70141E+38 1.70141E+38 1.70141E+38 1.70141E+38 1.70141E+38 1.70141E+38 1.70141E+38 1.70141E+38 1.70141E+38 1.70141E+38 1.70141E+38 1.70141E+38 1.70141E+38
1.70141E+38 1.70141E+38 1.70141E+38 1.70141E+38 1.70141E+38 1.70141E+38 1.70141E+38 1.70141E+38 1.70141E+38 1.70141E+38 1.70141E+38 1.70141E+38 1.70141E+38 1.70141E+38 1.70141E+38 1.70141E+38 1.70141E+38 1.70141E+38 1.70141E+38 1.70141E+38 1.70141E+38 1.70141E+38 1.70141E+38 1.70141E+38 1.70141E+38 1.70141E+38 1.70141E+38 1.70141E+38 1.70141E+38 1.70141E+38 1.70141E+38 1.70141E+38 1.70141E+38 1.70141E+38 1.70141E+38 1.70141E+38 1.70141E+38 1.70141E+38 1.70141E+38 1.70141E+38 1.70141E+38 1.70141E+38 1.70141E+38 1.70141E+38 1.70141E+38 1.70141E+38 1.70141E+38 1.70141E+38 1.70141E+38 1.70141E+38 1.70141E+38 1.70141E+38 1.70141E+38 1.70141E+38 1.70141E+38 1.70141E+38 1.70141E+38 1.70141E+38 1.70141E+38 1.70141E+38 1.70141E+38 1.70141E+38
1.70141E+38 1.70141E+38 1.70141E+38 1.70141E+38 1.70141E+38 1.70141E+38 1.70141E+38 1.70141E+38 1.70141E+38 1.70141E+38 1.70141E+38 1.70141E+38 1.70141E+38 1.70141E+38 1.70141E+38 1.70141E+38 1.70141E+38 1.70141E+38 1.70141E+38 1.70141E+38 1.70141E+38 1.70141E+38 1.70141E+38 1.70141E+38 1.70141E+38 1.70141E+38 1.70141E+38 1.70141E+38 1.70141E+38 1.70141E+38 1.70141E+38 1.70141E+38 1.70141E+38 1.70141E+38 1.70141E+38 1.70141E+38 1.70141E+38 1.70141E+38 1.70141E+38 1.70141E+38 1.70141E+38 1.70141E+38 1.70141E+38 1.70141E+38 1.70141E+38 1.70141E+38 1.70141E+38 1.70141E+38 1.70141E+38 1.70141E+38 1.70141E+38 1.70141E+38 1.70141E+38 1.70141E+38 1.70141E+38 1.70141E+38 1.70141E+38 1.70141E+38 1.70141E+38 1.70141E+38 1.70141E+38 1.70141E+38
1.70141E+38 1.70141E+38 1.70141E+38 1.70141E+38 1.70141E+38 1.70141E+38 1.70141E+38 1.70141E+38 1.70141E+38 1.70141E+38 1.70141E+38 1.70141E+38 1.70141E+38 1.70141E+38 1.70141E+38 1.70141E+38 1.70141E+38 1.70141E+38 1.70141E+38 1.70141E+38 1.70141E+38 1.70141E+38 1.70141E+38 1.70141E+38 1.70141E+38 1.70141E+38 1.70141E+38 1.70141E+38 1.70141E+38 1.70141E+38 1.70141E+38 1.70141E+38 1.70141E+38 1.70141E+38 1.70141E+38 1.70141E+38 1.70141E+38 1.70141E+38 1.70141E+38 1.70141E+38 1.70141E+38 1.70141E+38 1.70141E+38 1.70141E+38 1.70141E+38 1.70141E+38 1.70141E+38 1.70141E+38 1.70141E+38 1.70141E+38 1.70141E+38 1.70141E+38 1.70141E+38 1.70141E+38 1.70141E+38 1.70141E+38 1.70141E+38 1.70141E+38 1.70141E+38 1.70141E+38 1.70141E+38 1.70141E+38
