py_wake/examples/data/AJ_ParqueFicticio/Ridge area   Sector 2   Height 200m   Mean speed.grd
DSAA
90  129
 262878   265103
 6504214   6507414
 .752207   5.028252
[rows 27 to 53 of 129, columns 0 to 61 of 90]
1.675763 1.696089 1.726578 1.757047 1.786521 1.817501 1.84706 1.871979 1.892949 1.903882 1.898002 1.876134 1.843018 1.804694 1.770718 1.738894 1.714546 1.699169 1.688624 1.685031 1.707892 1.74351 1.781309 1.828684 1.880761 1.947824 2.031801 2.1358 2.256776 2.381506 2.50541 2.625648 2.744067 2.859473 2.95697 3.053666 3.144994 3.226211 3.310674 3.374641 3.409484 3.440445 3.467605 3.483728 3.474764 3.438514 3.379237 3.278396 3.14296 2.974931 2.769037 2.559386 2.366001 2.176994 1.995471 1.828144 1.678607 1.093102 1.014412 .9581372 .9291782 .9275447
1.657801 1.684133 1.71804 1.750933 1.785125 1.823197 1.860488 1.896175 1.927173 1.944822 1.943765 1.924268 1.885637 1.836252 1.785187 1.735551 1.696196 1.667498 1.647009 1.635018 1.643145 1.660963 1.681502 1.71622 1.7541 1.805551 1.881695 1.985459 2.114395 2.249127 2.376163 2.498806 2.625256 2.747728 2.858147 2.961529 3.060076 3.146713 3.237087 3.313747 3.36787 3.417027 3.458419 3.474934 3.453564 3.406172 3.338155 3.227693 3.078273 2.903432 2.691514 2.477265 2.287367 2.108292 1.941133 1.791097 1.644672 1.514829 .9676337 .9234354 .9124014 .9309519
1.638172 1.671303 1.707836 1.741222 1.777917 1.820679 1.864455 1.910342 1.954327 1.984079 1.986171 1.960794 1.920096 1.869552 1.812047 1.751976 1.698784 1.655797 1.619866 1.595798 1.589874 1.588104 1.587709 1.603829 1.625924 1.655469 1.727169 1.83425 1.963102 2.096608 2.223165 2.348554 2.475571 2.60726 2.733559 2.845313 2.95338 3.052467 3.153381 3.24702 3.323781 3.396638 3.459184 3.48284 3.452968 3.391451 3.307193 3.185632 3.023983 2.838273 2.617788 2.400216 2.217055 2.050783 1.89845 1.764035 1.623263 1.496584 .9276926 .9002922 .9142601 .9560601
1.613607 1.653483 1.692982 1.727851 1.766325 1.809378 1.854776 1.905492 1.95933 2.001071 2.003869 1.97938 1.94135 1.897571 1.846609 1.785857 1.725659 1.669748 1.618576 1.582417 1.569481 1.550006 1.531799 1.535435 1.540763 1.548713 1.610963 1.719661 1.840453 1.965631 2.08954 2.205146 2.317925 2.455 2.597132 2.722316 2.838588 2.952663 3.070646 3.18482 3.28819 3.39132 3.476421 3.505021 3.476828 3.404456 3.295738 3.158899 2.981586 2.781826 2.557035 2.342628 2.16946 2.014865 1.872128 1.749785 1.626203 1.509069 .9014084 .8969483 .9488861 1.039891
1.575626 1.620636 1.663576 1.699347 1.738968 1.782567 1.827514 1.875517 1.926315 1.966985 1.976966 1.968163 1.946237 1.913667 1.872765 1.819876 1.759891 1.701324 1.653052 1.621863 1.600972 1.578025 1.560703 1.559553 1.555021 1.558865 1.602772 1.69219 1.788087 1.891629 2.002409 2.11397 2.228713 2.358713 2.492689 2.621002 2.742824 2.86632 2.997636 3.128595 3.252515 3.376198 3.470891 3.506397 3.488322 3.420554 3.295839 3.142726 2.956959 2.752082 2.53173 2.32032 2.1527 2.008613 1.870475 1.755623 1.65527 1.550431 .9017049 .9245166 1.065118 1.062601
1.532354 1.582315 1.629223 1.667218 1.707401 1.74909 1.789863 1.830707 1.872607 1.908098 1.925614 1.931459 1.927952 1.912427 1.884237 1.840317 1.786188 1.740674 1.711347 1.687178 1.665405 1.652194 1.644077 1.639257 1.635597 1.640636 1.6681 1.722305 1.794873 1.873644 1.97036 2.076481 2.189485 2.301514 2.416135 2.536364 2.659706 2.788943 2.929197 3.070486 3.209587 3.345806 3.44099 3.485767 3.479923 3.421897 3.304948 3.141749 2.955676 2.748817 2.533182 2.325905 2.159787 2.021238 1.885421 1.771558 1.688032 1.590137 1.506989 .9935306 1.239619 1.084127
1.483417 1.539326 1.591394 1.632736 1.674969 1.716062 1.75346 1.787108 1.819504 1.84979 1.874152 1.892165 1.902683 1.900587 1.882802 1.84899 1.805055 1.78241 1.776046 1.763689 1.751962 1.746121 1.743943 1.744684 1.742175 1.741929 1.762191 1.800876 1.845687 1.913705 1.992408 2.073628 2.173473 2.270488 2.36672 2.47935 2.600437 2.728041 2.868924 3.014172 3.166528 3.313887 3.409349 3.461285 3.467569 3.416792 3.319006 3.159966 2.973055 2.772284 2.570272 2.371339 2.199518 2.054741 1.924699 1.814596 1.731103 1.6354 1.555699 1.356375 1.29431 1.115119
1.429264 1.493116 1.552253 1.598998 1.647106 1.690916 1.727996 1.760465 1.788822 1.815188 1.843458 1.869681 1.889163 1.894528 1.88169 1.853703 1.829954 1.829021 1.836807 1.842207 1.841151 1.842344 1.852584 1.861343 1.861738 1.866961 1.890029 1.928152 1.975884 2.030901 2.092957 2.161063 2.240707 2.316033 2.402096 2.505376 2.605586 2.726108 2.855593 2.993002 3.150673 3.297443 3.389857 3.447532 3.465377 3.42356 3.345445 3.205357 3.032043 2.848493 2.653933 2.460044 2.275696 2.116569 1.987832 1.881496 1.784381 1.681826 1.58789 1.496004 1.348806 1.157007
1.379442 1.45078 1.514857 1.566638 1.624923 1.676948 1.720639 1.757931 1.788815 1.817097 1.846603 1.874199 1.897394 1.906588 1.898295 1.87949 1.87509 1.885726 1.896855 1.907197 1.918348 1.937238 1.961973 1.985719 2.005937 2.031878 2.064732 2.116498 2.176531 2.224157 2.275829 2.344059 2.406848 2.468614 2.547338 2.625003 2.709849 2.811003 2.919241 3.03383 3.176085 3.309395 3.39501 3.456015 3.484021 3.456227 3.391069 3.277863 3.118793 2.954552 2.782145 2.595107 2.402817 2.224967 2.071733 1.941145 1.829696 1.721164 1.607826 1.531511 1.397639 1.199498
1.338296 1.410878 1.47659 1.531648 1.603066 1.666703 1.720492 1.765345 1.802681 1.836361 1.867361 1.896879 1.925443 1.938739 1.937894 1.935737 1.938246 1.94864 1.963151 1.974373 1.993769 2.027056 2.065176 2.114105 2.164426 2.213273 2.269659 2.338103 2.408574 2.46104 2.505749 2.551862 2.611524 2.670328 2.737936 2.803688 2.871664 2.948985 3.030405 3.123658 3.238035 3.348791 3.427966 3.492182 3.534606 3.521259 3.459621 3.358182 3.23024 3.085667 2.935118 2.757249 2.556341 2.352906 2.164711 2.000141 1.862811 1.74517 1.630726 1.552951 1.446826 1.247805
1.305722 1.372856 1.436896 1.495242 1.580277 1.656184 1.72043 1.773462 1.818727 1.860438 1.896609 1.934331 1.971431 1.991727 2.001956 2.008292 2.012112 2.020722 2.034174 2.05071 2.083398 2.123368 2.17627 2.243956 2.319156 2.393265 2.468034 2.551691 2.639106 2.696736 2.73608 2.77441 2.820205 2.881077 2.936035 2.992807 3.049045 3.102803 3.154257 3.22426 3.32149 3.419317 3.497298 3.562113 3.614419 3.619214 3.554589 3.457748 3.349887 3.22517 3.082273 2.923834 2.718899 2.485025 2.257324 2.052858 1.885738 1.749861 1.637641 1.561195 1.498958 1.1485
1.287665 1.338414 1.397885 1.462969 1.558023 1.641773 1.714332 1.775785 1.828962 1.88129 1.928754 1.982614 2.031935 2.065401 2.079908 2.088691 2.100579 2.118056 2.129925 2.154599 2.196666 2.245999 2.304437 2.379376 2.466978 2.558108 2.648011 2.739837 2.831554 2.900988 2.94908 2.992379 3.030692 3.076117 3.125882 3.174945 3.216502 3.252867 3.292505 3.351812 3.435843 3.526462 3.602979 3.66176 3.709374 3.718139 3.662539 3.573944 3.474205 3.364131 3.231476 3.074941 2.868974 2.607065 2.331773 2.08129 1.874446 1.719934 1.624799 1.567684 1.557143 1.409591
1.277005 1.315296 1.368698 1.44449 1.539772 1.62624 1.705924 1.776347 1.840166 1.901113 1.959971 2.027734 2.090135 2.136336 2.164375 2.18479 2.212268 2.237903 2.267464 2.299734 2.338143 2.385915 2.446989 2.527647 2.618015 2.71481 2.813226 2.907777 2.998113 3.077382 3.137647 3.188094 3.233414 3.267433 3.308656 3.348598 3.385836 3.415445 3.447168 3.498259 3.568941 3.647455 3.710027 3.758472 3.796184 3.800661 3.758383 3.694983 3.608942 3.499493 3.37686 3.221214 3.001424 2.709782 2.388735 2.080078 1.825989 1.664812 1.596351 1.590295 1.634265 1.534366
1.287426 1.309185 1.356547 1.435958 1.524713 1.609403 1.693888 1.770954 1.844398 1.916704 1.990875 2.072731 2.14713 2.204006 2.251812 2.298893 2.335777 2.375262 2.420708 2.456957 2.491384 2.532974 2.596699 2.684355 2.778452 2.878058 2.976276 3.070878 3.165109 3.247547 3.315463 3.372436 3.422691 3.452748 3.477988 3.511849 3.541153 3.567659 3.595017 3.635903 3.693079 3.756583 3.809221 3.852873 3.888053 3.893142 3.86003 3.804011 3.72721 3.624861 3.509628 3.364208 3.127374 2.798651 2.438883 2.07398 1.755 1.580093 1.558317 1.62615 1.743722 1.646736
1.321351 1.320743 1.357365 1.423057 1.505303 1.590347 1.679175 1.762122 1.84468 1.928226 2.01658 2.111161 2.196886 2.271554 2.340428 2.404643 2.461237 2.510185 2.56433 2.603937 2.633749 2.67994 2.746992 2.839612 2.935989 3.035829 3.131201 3.226825 3.318432 3.405159 3.469824 3.52894 3.576111 3.599393 3.620519 3.655694 3.68299 3.694399 3.712967 3.746495 3.797902 3.862584 3.911784 3.943855 3.97029 3.977529 3.954091 3.896772 3.825622 3.736896 3.623555 3.474203 3.241725 2.895684 2.497654 2.07606 1.686298 1.4833 1.515642 1.677539 1.86801 1.716943
1.37674 1.34818 1.353914 1.395736 1.472825 1.566415 1.66527 1.751907 1.842346 1.933872 2.034458 2.140664 2.236995 2.324319 2.406539 2.484879 2.556095 2.619539 2.675484 2.721168 2.765637 2.810654 2.873369 2.959643 3.054816 3.150371 3.239139 3.333325 3.427027 3.512362 3.571254 3.629272 3.664451 3.6885 3.715212 3.746197 3.763596 3.769517 3.789085 3.824953 3.880846 3.934098 3.970905 3.996771 4.023011 4.031915 4.014155 3.973855 3.905448 3.819332 3.703692 3.548845 3.331047 2.993712 2.56716 2.095359 1.645302 1.401867 1.485869 1.748311 2.009419 1.817756
1.442324 1.382906 1.3516 1.372078 1.433917 1.533965 1.643295 1.737297 1.831739 1.932543 2.043867 2.159882 2.265127 2.363718 2.455217 2.540479 2.618397 2.692336 2.762943 2.824471 2.872872 2.914304 2.969646 3.041318 3.123791 3.209668 3.288241 3.377561 3.474023 3.556217 3.615092 3.669276 3.7018 3.732327 3.764204 3.788069 3.805401 3.821637 3.848929 3.888012 3.931518 3.971982 4.008598 4.036927 4.063395 4.07189 4.05452 4.019229 3.961782 3.874768 3.759922 3.607509 3.398343 3.081301 2.658146 2.168012 1.676172 1.391431 1.489577 1.826743 2.094818 1.981086
1.540634 1.4506 1.383429 1.37456 1.418369 1.500903 1.601217 1.698796 1.809439 1.922697 2.040341 2.159385 2.275496 2.385384 2.488501 2.584059 2.663463 2.738782 2.818426 2.896218 2.950652 2.996746 3.046902 3.100042 3.16729 3.239326 3.304386 3.390564 3.496457 3.580369 3.634784 3.680745 3.709402 3.744324 3.781413 3.805799 3.827837 3.857928 3.892846 3.925796 3.960665 4.001216 4.043443 4.077096 4.105268 4.109617 4.08579 4.048462 3.99636 3.914159 3.804521 3.660441 3.463564 3.176756 2.776117 2.284397 1.764164 1.442824 1.531728 1.872339 2.095812 1.989409
1.674009 1.565958 1.469317 1.420929 1.429426 1.4678 1.54191 1.635835 1.756251 1.885117 2.020475 2.157176 2.281413 2.398506 2.510496 2.616002 2.696962 2.768738 2.850886 2.933176 2.990385 3.04443 3.102533 3.1469 3.198728 3.253839 3.316116 3.398356 3.501499 3.579583 3.622075 3.661131 3.693021 3.73037 3.770408 3.798117 3.824672 3.863294 3.904422 3.938797 3.977031 4.02624 4.079491 4.114766 4.136503 4.137386 4.109673 4.066631 4.015078 3.943296 3.839737 3.708887 3.530284 3.275094 2.907516 2.432276 1.910178 1.563162 1.605885 1.884776 2.020024 1.83588
1.819629 1.69665 1.56823 1.471421 1.430331 1.423708 1.461132 1.544932 1.669861 1.804588 1.943095 2.086111 2.217443 2.341231 2.463433 2.575817 2.663604 2.739676 2.817117 2.885624 2.937925 2.986705 3.028589 3.060679 3.10034 3.161425 3.229579 3.30721 3.400676 3.484744 3.537354 3.581575 3.625098 3.668669 3.714505 3.750069 3.781854 3.827143 3.874522 3.91463 3.962271 4.021763 4.079382 4.113321 4.133332 4.136673 4.119537 4.080325 4.029644 3.964195 3.870456 3.754005 3.595178 3.372016 3.052548 2.626013 2.150855 1.769653 1.712738 1.879188 1.903636 1.701336
1.960448 1.840922 1.696701 1.556819 1.455562 1.407709 1.404281 1.458613 1.568428 1.688974 1.815059 1.949351 2.073023 2.199122 2.319551 2.429037 2.524738 2.605631 2.680288 2.741124 2.782974 2.81702 2.84445 2.870544 2.910899 2.970122 3.040994 3.118362 3.207778 3.300641 3.37747 3.438681 3.502375 3.559167 3.612335 3.662294 3.705412 3.756841 3.813478 3.863342 3.919326 3.986923 4.048585 4.089182 4.118401 4.125468 4.118409 4.096205 4.051535 3.988846 3.902361 3.795913 3.65975 3.472922 3.211781 2.864561 2.448029 2.059229 1.886638 1.905081 1.845841 1.72426
2.096117 1.993998 1.861393 1.706755 1.559927 1.472279 1.429274 1.432476 1.482244 1.561864 1.662497 1.780229 1.88675 2.000979 2.12535 2.240889 2.339741 2.430224 2.509127 2.565794 2.599493 2.622376 2.639977 2.65395 2.675019 2.728846 2.805526 2.889524 2.977802 3.070235 3.166088 3.255809 3.336062 3.413261 3.481805 3.548674 3.61184 3.674674 3.745356 3.809912 3.87292 3.947256 4.013406 4.059821 4.098423 4.116265 4.117451 4.110349 4.080055 4.016965 3.933733 3.833803 3.715972 3.560663 3.3533 3.086336 2.736797 2.379521 2.160523 2.076435 2.044946 2.120527
2.26763 2.143419 2.026235 1.870778 1.710456 1.591656 1.50847 1.454756 1.431588 1.45484 1.519067 1.607086 1.687437 1.782669 1.909466 2.025409 2.139648 2.237412 2.318598 2.379744 2.414073 2.427933 2.434586 2.44061 2.452116 2.483137 2.550785 2.633411 2.722416 2.823649 2.929246 3.034059 3.134225 3.2363 3.3292 3.411809 3.496876 3.582047 3.670897 3.754257 3.824541 3.905781 3.978931 4.032797 4.081265 4.113186 4.123386 4.119993 4.103593 4.043434 3.960323 3.863666 3.759001 3.631361 3.464628 3.266082 3.016337 2.730542 2.511168 2.429816 2.520706 2.818467
2.443761 2.319942 2.175063 2.039879 1.889029 1.740296 1.613136 1.506397 1.432577 1.412344 1.446905 1.498785 1.547886 1.613897 1.71246 1.812165 1.931691 2.035733 2.117706 2.183589 2.226895 2.244309 2.248531 2.259163 2.264951 2.276908 2.324363 2.395417 2.483887 2.582775 2.680475 2.793382 2.915334 3.039634 3.152045 3.251009 3.357874 3.474737 3.586072 3.692616 3.775506 3.865829 3.949298 4.013515 4.0732 4.119097 4.137245 4.132153 4.115286 4.064905 3.982244 3.888657 3.793514 3.689777 3.561296 3.423883 3.273313 3.090968 2.947493 2.955338 3.187537 3.507534
2.609956 2.508671 2.370644 2.209637 2.071619 1.920749 1.774511 1.632061 1.518424 1.449865 1.442369 1.467083 1.497341 1.516835 1.548672 1.61014 1.711819 1.829473 1.91559 1.984534 2.041261 2.075998 2.09452 2.106732 2.116654 2.12344 2.142795 2.200844 2.259274 2.334789 2.439644 2.557699 2.699991 2.840365 2.958984 3.067921 3.206498 3.352319 3.48938 3.618742 3.723736 3.829182 3.927343 4.005282 4.079299 4.138801 4.158913 4.148208 4.127419 4.084862 4.006934 3.914421 3.826483 3.743762 3.657485 3.573473 3.500684 3.426932 3.398871 3.496996 3.708689 3.928635
2.757973 2.677595 2.564759 2.428527 2.263413 2.0951 1.937792 1.783253 1.640485 1.52275 1.474474 1.489494 1.506207 1.480803 1.435675 1.425177 1.495856 1.626882 1.726707 1.798664 1.871598 1.931879 1.970815 1.997178 2.010221 2.004612 2.001747 2.030819 2.063529 2.114077 2.217268 2.33613 2.490741 2.652033 2.78849 2.916239 3.072571 3.235653 3.391088 3.539714 3.672406 3.798259 3.913751 4.009664 4.102701 4.174975 4.193175 4.17554 4.148309 4.10727 4.036473 3.945182 3.865083 3.796919 3.740896 3.70934 3.692933 3.690975 3.72922 3.849725 4.02354 4.18486
2.892395 2.819246 2.721403 2.601944 2.454991 2.284826 2.103442 1.953364 1.807953 1.668664 1.594163 1.595687 1.590671 1.519332 1.417285 1.332657 1.371767 1.497119 1.596641 1.6731 1.762736 1.845232 1.907857 1.954298 1.973922 1.961764 1.946458 1.967477 1.977585 2.000227 2.097048 2.209671 2.366037 2.545135 2.704721 2.851454 3.005503 3.16281 3.326911 3.496208 3.650308 3.791841 3.919748 4.03175 4.14196 4.218906 4.234742 4.214144 4.180049 4.137359 4.073961 3.99401 3.923381 3.868909 3.8299 3.824953 3.851293 3.896492 3.967811 4.083688 4.224426 4.369491
