py_wake/examples/data/AJ_ParqueFicticio/Ridge area   Sector 1   Height 30m   Power density.grd
DSAA
90  129
 262878   265103
 6504214   6507414
 .06721084   186.2864
[rows 54 to 80 of 129, columns 0 to 61 of 90]
76.60765 71.49292 65.10344 57.2336 48.95252 38.95071 29.05011 20.81795 14.26672 10.7942 9.692741 9.099237 7.626906 5.429051 3.522513 2.234041 1.683338 1.915977 2.849645 4.334922 6.619662 9.569019 13.13665 16.9186 20.14843 21.71967 22.25699 23.14448 23.02061 22.61538 23.26458 24.04734 25.10904 26.92503 28.80109 31.49453 35.75068 41.10872 47.30752 54.07405 61.27493 69.08649 76.52303 83.35938 90.46851 95.69943 97.3699 96.68645 94.61011 91.6478 88.69558 85.07564 81.5857 78.87811 77.9894 78.31839 80.58011 84.45096 89.91126 97.70417 107.9313 119.0273
80.97046 77.16113 72.12277 65.64778 57.14463 47.8683 38.86714 30.43244 23.2005 19.09626 17.9797 17.42994 14.63957 10.04084 6.123946 3.548992 2.410348 2.671088 3.54194 5.135809 7.582386 10.98025 15.09255 19.54754 23.79184 26.58696 28.40148 29.53061 30.08581 30.48115 30.86727 31.7915 32.55039 33.14809 33.93964 35.80936 39.92479 45.06951 50.65725 56.72687 63.44288 70.97642 78.21234 85.24939 92.17082 96.50935 98.91217 99.3442 98.56749 96.06976 93.04401 89.84481 86.89868 84.93745 85.86808 86.7902 89.65701 93.96083 99.25961 106.3593 114.6086 122.5165
85.77075 83.32596 79.55346 73.92804 65.93803 57.59137 49.07874 40.93876 34.05353 29.97486 29.2312 29.6399 27.09796 19.88398 12.94944 7.942255 5.378551 5.013127 5.375279 6.674838 9.501252 13.53141 18.22803 23.74786 29.17979 33.15327 35.79874 37.48269 38.36583 39.06505 39.86676 40.77859 41.47744 41.64038 42.13816 43.85868 47.01898 51.26174 55.78656 61.2481 67.762 74.68372 81.46339 88.45168 94.43476 98.19626 100.9456 101.7679 101.7315 100.7743 98.16163 95.14349 92.60282 91.74545 92.94534 94.16337 97.1184 101.6069 106.5867 112.5475 118.919 125.3191
91.16698 89.36646 86.31792 81.48361 75.03633 67.15774 59.51706 52.86188 46.98984 43.51456 42.35408 43.47698 42.54245 36.25651 27.12849 19.02096 13.30471 10.77897 9.696191 10.41116 13.69632 18.46813 23.72104 29.74475 35.84019 40.58886 43.83629 46.05029 47.24826 48.4689 49.64094 50.64614 51.27438 51.85628 52.99517 54.68946 57.24585 60.29484 63.87997 68.61124 74.76295 81.0891 87.35217 93.51653 97.86309 101.3271 103.965 104.9718 105.1546 105.2456 104.1272 101.783 99.35599 99.18126 100.85 101.9571 104.182 107.932 112.0733 117.0634 122.116 126.3659
95.93747 95.00668 92.45708 88.21618 82.85014 76.54977 70.23375 63.97049 59.32579 56.83867 56.32095 56.91514 56.29543 51.50537 43.60038 35.78774 29.00687 23.82122 19.85313 19.14523 22.19624 26.89686 32.08311 37.91508 43.69605 48.61821 52.33132 54.73983 56.65316 58.43936 60.04478 61.48925 62.53643 63.62825 65.01524 67.00504 69.56491 72.53502 76.09708 80.28584 85.17454 90.45306 96.04527 100.2241 103.3563 106.3121 108.6816 109.6448 109.8437 109.9149 109.8319 108.6265 106.6687 107.5381 109.405 111.0977 112.7022 114.78 117.5966 120.5769 122.8917 124.0846
101.08 100.8565 99.63358 96.43562 92.17026 86.74452 81.2344 75.80392 72.5574 70.1478 69.44951 69.77485 68.87468 64.74442 58.0969 51.77253 46.18493 40.53084 35.43542 33.32945 34.99751 38.2211 42.79519 48.19154 53.34122 57.68874 61.4265 64.24304 66.27896 68.52934 70.91903 73.14616 75.09473 76.73769 78.53437 80.90754 83.55889 86.69424 90.28553 94.09599 97.72344 101.8298 105.506 108.1299 111.0027 113.9085 116.1794 116.9414 116.6406 115.8881 115.3278 114.8397 113.7094 115.0145 117.4673 119.0659 120.357 121.676 122.0688 122.1054 120.9312 119.1054
107.2192 108.0563 108.0319 106.2123 102.7704 98.66582 94.09792 90.71381 87.92833 84.91562 83.76328 83.58641 82.37553 78.269 72.61102 67.92126 63.69385 58.67645 53.32845 49.41568 49.93996 52.20272 55.21851 59.48185 63.95244 67.80058 71.43819 74.31639 76.65569 79.19663 81.99098 85.08405 88.03628 90.1746 92.30418 94.97154 97.56252 100.4341 103.7095 106.4276 109.1458 111.7668 113.5321 115.5291 118.5661 121.7034 123.3681 124.0067 123.8419 122.1123 120.407 119.5599 119.1692 121.0787 123.6422 125.075 125.7126 125.6417 124.0872 120.9806 116.8996 112.5312
115.3852 116.5651 117.0653 116.3769 114.0161 110.9203 108.4352 106.7991 104.2946 101.3704 99.95467 99.08801 97.80088 94.1944 88.81377 84.19289 80.29471 75.8478 70.94833 66.81571 66.08492 67.31009 68.93806 71.96143 76.0588 80.13412 83.52271 86.47514 89.29779 91.97591 94.72807 97.82095 100.5032 102.5005 104.4196 106.477 108.7718 111.4869 113.9618 115.9268 117.8678 119.0734 119.6776 120.9485 123.4525 125.4359 125.6138 126.0563 126.7707 126.3214 124.4246 123.0751 122.7693 124.9597 127.0581 127.6647 127.1235 125.3534 121.8313 116.7381 110.3885 104.0126
124.4373 125.905 127.0936 128.0753 127.5274 126.6212 126.8156 125.7943 123.535 120.8758 118.9145 117.6802 114.7323 110.0456 104.9205 100.6599 97.67383 94.14251 89.82016 86.31434 84.59764 85.34506 86.5927 88.86578 91.9617 95.45094 98.20811 100.4356 102.6294 105.0533 107.1904 109.8276 112.0426 113.7532 115.6479 117.0182 118.5671 119.9833 120.709 122.2563 123.4727 123.9678 124.3437 125.1407 126.2845 126.419 125.5479 125.6232 126.6503 127.8733 127.4978 126.1743 125.3406 126.7592 128.6419 128.6677 126.3442 122.8027 117.9882 111.1435 102.0656 93.08032
133.0102 134.1826 135.9294 137.1319 138.4913 139.5226 139.7562 139.7422 138.4635 136.059 133.8611 131.2908 128.6385 125.0765 121.7153 118.7285 116.5265 113.3943 109.8497 107.2887 106.3568 106.5589 107.2769 108.3895 110.5989 112.367 113.304 114.2704 116.0234 117.0837 118.4487 120.0285 121.2966 122.6498 123.5297 124.4788 125.4544 125.9664 125.8719 125.5031 126.1644 126.3609 126.6886 127.4271 127.8119 126.5374 125.115 124.7977 125.6577 127.4092 128.8274 128.4928 127.4169 127.7483 129.5439 129.0642 125.7157 120.8175 114.6546 106.3187 95.53145 84.36513
139.5688 141.1333 142.0204 142.6303 143.201 144.1315 145.0334 146.016 145.8921 144.5662 142.9028 141.3438 139.1866 136.3395 133.9559 131.684 129.782 127.7715 126.7243 126.1266 125.6008 124.5581 124.5344 125.6646 126.4764 126.2016 126.2138 126.6861 126.9624 127.0861 127.4582 127.8555 128.1866 128.5663 128.4326 128.5854 128.7001 128.2878 127.3247 125.6669 125.4443 125.4459 125.4699 126.0471 126.7885 125.899 124.2335 123.6332 124.2587 125.9225 128.1418 129.3739 128.6394 127.5567 129.6314 129.1888 125.2721 119.8236 112.4393 103.352 91.86942 79.92596
139.0913 141.1212 142.5041 143.6804 144.3533 145.9111 147.4399 148.529 148.6751 147.7789 145.9336 143.5973 141.4144 138.5535 136.2253 135.1917 134.8405 134.7265 134.8475 135.1415 134.8836 134.4001 134.6917 135.5889 135.5476 135.238 135.2062 135.1245 134.1257 133.2548 132.2834 131.4424 130.6243 129.674 128.3211 127.3827 126.2128 124.8081 122.7896 120.924 120.3039 120.5416 120.6059 121.3101 122.8298 123.7718 122.9431 122.3068 122.7736 124.2102 126.4191 128.419 128.4368 127.273 128.3489 128.0063 124.2942 118.7038 111.2188 102.3122 91.02641 79.43677
133.811 136.1547 137.8318 139.8997 140.9853 142.5317 143.5733 144.2312 143.5831 141.5985 138.6023 135.7125 132.8691 130.4502 129.7678 130.408 131.666 132.3957 133.1264 133.7903 134.9241 135.7137 136.5082 137.1362 137.5035 138.1558 138.4729 138.2603 136.8265 134.88 132.8836 130.9658 128.9344 126.6656 124.4064 121.8789 119.0577 116.188 113.5955 111.6305 111.3567 112.7745 113.8382 114.9921 116.986 120.0976 121.229 120.9215 121.3273 122.5608 124.5076 126.5371 126.8339 125.8334 125.893 126.4865 123.2949 117.911 110.9945 102.4758 91.85963 80.62154
124.9941 127.1444 129.155 131.773 134.3162 135.9823 136.726 136.3821 133.9406 129.4281 124.5273 120.4591 117.633 116.5377 117.3514 120.4666 122.7458 123.9744 124.9967 126.4631 128.5108 129.5596 130.6779 131.8696 133.0506 133.9526 134.3092 133.9649 132.4295 130.7918 128.955 126.5288 123.0208 119.5306 116.2347 113.1039 108.9134 104.6876 101.4978 99.49697 101.0129 103.4058 106.089 108.2793 111.1242 115.1061 118.4143 119.4282 119.9874 121.2422 123.0946 125.0395 125.4161 124.6727 124.2631 125.2135 123.0367 118.3351 111.7204 103.3711 93.16543 82.15555
113.7021 115.4365 117.0847 119.0052 120.5562 121.9286 121.9317 119.3153 114.3771 107.829 102.1016 98.19415 96.6871 97.54992 99.82735 104.3307 109.0161 111.3479 112.8129 114.8111 117.3927 118.9781 120.0854 121.3874 122.2886 122.7773 122.5894 121.9466 120.7469 118.9632 116.7796 114.5107 110.8701 106.6401 102.813 98.96097 94.81895 90.48711 87.12514 86.93198 89.71687 93.11938 97.35725 101.5765 105.0951 109.3836 114.2144 117.441 118.7921 120.2439 122.206 124.1519 124.5106 123.7706 123.0412 123.5859 121.0556 116.5692 110.346 102.6407 93.19296 83.11629
102.1854 102.569 102.8761 102.3842 101.5249 100.2143 97.60938 93.5326 88.42416 82.89983 77.93864 74.99499 75.00335 76.05785 78.74513 83.50924 89.2351 93.20296 96.37112 98.93327 101.3272 103.6964 104.877 105.6367 106.2102 106.6548 106.3052 104.6576 103.029 101.2163 98.70513 95.96058 92.32848 87.52174 82.5066 78.13667 74.37495 71.89915 71.50399 72.91532 76.9193 81.80837 87.3705 94.00854 98.98843 103.6687 109.1484 114.6556 117.622 119.5931 121.8161 123.7461 123.7864 122.4848 121.0723 119.1486 115.5674 110.8035 105.0083 98.34995 90.49023 58.10236
90.53197 89.81422 88.69727 85.99614 82.35184 78.77024 74.67676 70.7969 66.14748 60.65236 55.80046 53.37327 53.43237 54.70665 57.44743 62.13478 67.4017 72.07129 76.52545 80.38578 82.83004 85.32984 87.18751 87.65576 88.06673 88.00648 87.40272 85.35191 83.16163 80.26324 77.22729 73.72078 69.6746 64.47353 60.00708 56.20014 53.44567 52.43701 53.56815 57.9376 63.53585 70.01399 77.45958 85.82896 93.58075 98.8344 104.7003 111.2337 116.2724 119.2968 121.9121 123.924 123.6131 121.5937 119.2274 115.4406 109.9892 105.3778 99.78035 93.60705 87.22759 39.05738
79.05142 77.70007 75.53713 72.06212 66.63631 62.61202 58.69902 54.53187 49.82615 44.72167 40.46721 37.29472 35.87536 36.83143 39.24583 43.7409 48.20151 52.60723 57.00849 61.12223 64.58904 67.22295 68.50756 68.94463 69.22667 68.70515 67.53721 65.48939 63.13643 59.98188 56.60066 54.09806 51.33012 48.22467 44.90155 41.38853 38.74191 36.6838 36.55655 42.31316 51.80527 59.96986 68.63947 78.20196 88.13699 94.8514 101.066 107.9635 114.5161 118.8217 121.6637 123.0689 122.2821 119.9561 116.9614 112.219 106.1217 100.3599 95.28079 89.59246 68.92554 44.35387
67.68702 64.8719 61.92224 58.57959 54.00354 49.28079 44.9393 41.0512 36.79507 32.24945 28.27796 25.3993 24.07887 24.49859 26.50241 29.56494 33.19104 36.93853 40.63359 44.27424 47.51484 50.13491 51.29132 51.2201 50.95265 50.47371 49.76506 48.39753 46.68555 44.56034 42.63754 40.99563 39.03533 36.76004 33.94231 31.43719 30.18257 28.58335 27.586 32.11562 43.24085 53.66119 63.2485 73.4454 84.02893 92.22256 98.3224 104.6919 110.6933 114.8143 116.9649 117.7434 117.3335 115.9595 113.3016 108.7785 103.4398 97.32106 91.17266 85.99585 80.42228 74.99934
54.61235 50.90847 48.76366 45.76707 41.73609 37.75034 34.08828 30.67995 27.03596 23.38757 20.13941 17.54547 16.06003 15.92677 16.81753 19.04639 21.89233 25.31086 28.51231 31.76199 34.71206 36.53788 37.46633 37.37813 36.75364 36.21937 35.89717 35.26574 34.36081 33.01791 31.83154 30.60041 29.97617 29.11246 27.23307 25.77248 25.45172 25.11631 25.76735 29.8237 40.70512 52.09259 62.31068 72.49218 82.78188 91.28238 96.77841 102.1568 106.7809 109.7493 111.3443 112.282 112.5693 112.005 109.7757 105.9199 101.3062 95.49698 89.25941 82.68336 77.35805 72.1242
42.51812 40.45583 38.13287 35.11481 31.8859 28.5048 25.26886 22.26543 19.5533 16.77393 13.72132 11.32627 10.10022 10.05541 10.66934 11.66324 14.00706 17.00809 19.99768 23.52247 26.63819 27.64048 27.44309 27.27008 26.66815 25.71254 24.76868 24.24021 23.63091 23.19164 22.67266 21.76604 22.06996 22.96941 22.77701 22.40262 22.67682 23.77243 26.10864 31.05496 41.73682 53.22974 63.94275 74.02528 83.72351 91.64796 96.42684 100.8886 104.2887 106.3002 107.7241 108.8545 109.3842 108.6703 106.4425 103.3148 99.06677 93.86372 88.07234 81.72045 75.25655 69.41922
35.6468 33.25693 30.60918 27.86783 24.73206 21.08249 17.77932 15.57057 14.88929 13.49278 11.19516 8.665516 6.67255 6.113521 7.032352 8.147827 9.396626 12.00601 15.75528 19.97254 23.34236 24.0241 22.86934 21.33929 20.62474 20.13862 18.83923 17.02224 15.56372 15.66552 15.84689 14.92772 15.31522 17.81489 19.67287 20.93256 22.45332 24.79357 28.1259 34.33556 45.32453 56.53822 66.85434 76.31742 85.42644 92.69178 96.89559 100.5982 102.9208 104.1451 105.2803 106.2602 106.2103 104.5746 102.3928 99.95692 96.14417 91.59299 86.59436 80.98446 74.80314 68.76287
31.72587 29.62101 26.98145 24.18425 20.9379 17.203 14.065 12.63457 13.35052 12.88774 11.20015 8.746899 6.520378 5.590844 6.460837 7.61611 8.809865 11.2521 15.44975 20.14159 23.0321 23.31625 22.00977 20.13695 18.95551 18.35004 16.95082 15.06331 13.32118 13.03474 13.35446 12.66894 12.86891 15.95683 19.46841 22.50381 25.57754 29.38597 33.86832 41.50787 52.18758 62.39374 71.729 80.11276 88.44305 94.65491 98.15871 100.8945 102.0099 102.4537 102.9255 102.5701 100.738 98.3092 96.20425 94.00588 91.09101 87.80771 84.1572 79.78124 74.42387 69.0838
28.70201 27.01817 24.80673 22.28633 19.3326 16.42943 14.4865 14.32488 15.58229 15.72975 14.51692 11.88113 10.0378 9.239092 9.602685 11.06405 12.85049 15.58762 18.92329 22.58282 25.05617 25.48516 24.57177 22.88564 21.35877 20.01123 18.4843 16.8435 15.68743 15.53852 15.48379 14.98757 15.65849 18.57902 22.75746 27.08135 31.69661 37.34896 43.99198 52.65039 61.89976 70.62309 78.3532 85.29034 92.41666 97.13992 99.9011 101.4723 101.5167 101.0203 99.18632 95.95086 92.59246 89.77924 87.40556 85.46572 83.73006 81.89925 79.66032 76.84309 72.99603 69.28869
26.67332 24.72442 22.69586 21.31402 19.48464 17.46667 16.47415 18.12238 20.4688 21.33508 21.06923 20.40906 18.66443 17.50512 17.95251 20.15331 22.97417 24.67101 26.37835 28.30326 29.98348 30.25581 29.5158 28.39655 26.79548 24.64419 22.63473 21.26601 20.85496 20.78664 20.41602 20.25657 21.53847 24.48482 29.39173 35.10254 41.17756 48.20188 56.27863 64.50177 72.0092 79.3055 85.71736 91.86949 97.43341 100.2786 101.9916 102.1683 101.2241 98.88127 93.83303 88.50011 84.21757 80.76313 78.07909 76.29176 75.44057 74.71996 73.82863 72.59274 70.66329 68.81112
27.08838 24.79479 22.84411 23.07213 22.61255 21.16366 21.11276 24.49606 28.03109 30.40585 32.09296 32.22299 31.25359 30.78736 32.40865 34.3115 35.96992 36.57861 37.08047 37.55412 37.96715 37.60177 36.81064 35.73326 33.86409 31.26436 28.98002 28.09186 27.86017 27.49776 27.12203 27.34006 28.33775 32.04417 38.59203 45.62904 52.56444 60.0941 68.06821 75.20641 81.71661 87.65594 93.19638 98.75101 102.563 103.8917 104.3466 103.2656 101.2938 96.10562 89.415 82.90344 77.32307 73.11074 70.07252 68.18354 67.29863 66.9476 67.05364 67.18862 66.7887 66.62595
31.31214 29.77216 29.09783 29.98186 30.25723 30.28165 31.99937 35.45383 39.48708 42.78544 45.01891 46.26716 46.83212 47.5368 48.54716 49.42358 49.8504 49.547 49.30431 48.78917 48.58835 47.91031 46.86268 45.22667 42.97611 40.45355 38.34679 37.18921 36.65559 36.06752 35.7706 36.133 37.37269 41.92076 49.09398 56.58989 63.76161 71.13162 78.57512 85.28041 91.29584 96.39854 101.4207 105.5307 107.2843 107.5843 106.7966 104.818 101.522 94.58193 87.20495 79.80163 73.10651 67.70461 63.60285 60.94406 59.66491 59.20538 59.34878 60.00257 60.62297 61.34409
