py_wake/examples/data/AJ_ParqueFicticio/Ridge area   Sector 11   Height 30m   Power density.grd
DSAA
90  129
 262878   265103
 6504214   6507414
 .02268139   926.6217
[rows 54 to 80 of 129, columns 0 to 61 of 90]
513.7365 465.5325 411.5473 352.4857 276.4583 160.8267 66.34945 21.68852 4.983664 3.569343 4.594524 6.081012 7.638734 8.154052 7.731365 6.954476 6.598861 7.143764 8.292385 10.74444 16.07295 24.60545 36.69382 52.01449 68.57851 81.40478 91.86223 105.1593 114.3065 122.8218 137.0425 153.09 171.3817 194.5461 216.7659 242.8976 276.9555 317.439 369.2592 434.7175 511.7116 597.5919 677.2085 746.4443 805.3026 833.6815 815.4822 757.9437 682.9255 600.425 517.0965 414.5891 290.8555 183.8997 111.6949 80.19472 71.23828 74.07373 84.6077 104.205 134.3255 168.2457
531.1815 489.5385 439.499 383.4042 314.008 217.4319 118.9118 52.19054 21.19189 12.6779 12.64645 15.98211 18.27286 16.87878 14.25281 11.79997 10.40581 10.05068 10.8316 13.55242 19.50937 29.48354 43.20887 60.32065 79.87096 96.69547 111.6864 125.7392 137.9966 151.2072 166.1387 185.3158 203.8194 221.8689 239.5599 262.8456 297.7679 337.4849 385.2171 446.1938 520.3862 603.8522 682.0837 752.8704 813.8967 840.2282 834.4568 791.9939 728.3854 651.3875 570.8763 482.874 379.3021 275.8796 193.677 145.6002 129.018 127.1309 133.4775 148.4063 167.9589 182.9491
547.3548 514.1669 469.9958 416.7747 353.277 280.0805 193.3773 116.3618 68.55416 48.57021 46.86104 54.49164 57.87869 47.50534 36.18334 27.2337 21.96098 19.00061 18.09437 20.19024 27.72437 39.83177 55.07261 75.06326 98.62802 120.7546 140.1261 157.2176 172.7832 189.7764 209.4797 231.6952 252.984 270.5348 288.1245 311.41 340.4377 376.2895 417.3657 471.3841 542.0701 620.4582 693.6774 762.6929 820.0844 845.2312 847.6198 815.2726 761.4341 698.1567 621.6799 540.9182 456.2281 367.9201 284.743 224.8583 198.3359 188.1419 183.8552 185.0802 187.1838 185.9901
561.3998 536.4592 499.0588 449.2077 392.9441 333.3553 267.6645 205.4072 156.0815 127.1872 118.4666 129.5898 136.5176 122.0501 95.89153 71.83414 54.40738 44.26398 37.77791 37.75316 46.99165 61.55107 77.53801 98.95799 126.0091 153.0542 176.2533 197.8046 216.6314 238.3893 263.3133 288.1428 310.8279 330.5786 352.2838 375.1936 400.5926 428.2283 463.0895 510.5102 575.427 646.9313 714.3283 777.5181 826.1194 851.9135 858.3235 833.8417 788.932 735.5626 669.2742 595.5712 520.83 445.6776 372.7673 308.7637 266.9283 240.9107 220.1425 205.1968 192.239 175.5504
569.8506 556.667 526.0198 478.4503 427.0744 374.5125 323.5123 273.5704 232.7745 209.0839 203.5373 211.0735 217.374 205.6697 177.5763 148.6468 122.6932 103.2678 85.33195 79.7416 87.61922 100.6439 115.4139 136.4851 163.3281 191.9424 217.7559 240.1789 263.4895 289.3391 316.6029 344.9 368.7708 390.5513 413.6714 437.3851 461.5251 488.1062 520.6228 563.5565 618.968 679.1063 742.8726 795.2139 838.6591 865.8155 873.3832 854.4915 815.8829 766.3003 709.4824 645.4794 577.5215 511.5365 446.3855 385.2461 329.8859 282.2206 242.829 207.7146 175.2675 142.6207
572.9855 570.5168 550.2275 510.3498 460.3788 410.8894 366.9893 326.7208 293.5969 272.3518 267.5811 273.5307 279.3586 271.8984 249.322 223.411 197.4396 172.6564 152.3829 142.7119 145.6696 151.88 163.9887 184.5995 209.5742 235.4986 259.9118 283.1961 305.8613 332.294 361.7311 391.9504 420.215 443.5996 466.7404 491.2899 515.1904 543.8591 576.4967 617.0277 662.8707 718.2808 769.6188 815.5784 858.9202 885.7737 893.6035 879.8304 846.8592 798.3732 743.6675 686.7889 624.5562 563.1132 501.1709 440.2412 381.5478 318.4203 252.9479 194.1501 141.6051 100.8417
575.3597 580.9678 571.2781 540.9391 495.9364 448.2865 407.1233 372.1391 343.9637 323.4686 317.5235 322.7622 328.6247 325.5043 311.0217 293.215 271.8822 248.1139 225.5025 208.7802 207.6427 210.1839 216.6552 234.4753 256.5151 277.8486 299.742 320.9482 344.1456 368.9355 397.4066 429.5763 460.4053 485.5336 509.4013 534.8018 559.0899 587.5778 620.358 657.1676 701.2628 747.8511 790.6973 830.5367 876.4531 901.5835 908.0948 901.7186 878.7942 834.2195 775.4843 718.4321 660.2169 601.233 540.4869 478.24 414.0914 340.1037 254.0311 169.7118 104.43 64.7767
578.7736 588.7178 587.064 565.3975 526.4697 482.8749 445.0119 412.3315 386.1321 365.8358 358.2425 359.663 365.7748 369.4967 363.4839 350.923 334.1885 314.5181 294.1573 278.5798 271.8999 270.416 272.2448 284.3629 301.7658 318.4677 334.7596 352.6269 374.5896 398.2075 425.9573 456.9496 487.5024 512.9641 538.0237 562.8743 587.179 615.6708 648.5578 684.447 726.977 768.3694 805.4213 842.4782 885.5817 909.576 910.7915 906.1383 893.0207 862.8607 806.9072 744.9396 686.0622 628.3519 566.1137 500.2025 424.113 337.1313 234.5558 137.4057 69.8219 39.29687
580.941 595.5371 601.0934 587.8939 556.1265 518.3503 481.9116 449.8841 423.8221 404.078 394.4252 394.2401 398.9374 402.4888 403.3576 394.7102 382.161 367.5876 353.4468 341.1916 331.4101 328.1905 327.8067 335.234 346.2259 358.312 370.0889 383.0531 400.4885 422.2417 446.222 475.0714 502.6874 528.1252 552.7145 575.6837 601.0828 631.4941 662.1096 698.7939 740.1513 779.4338 816.4356 856.4787 894.9021 912.7224 910.8203 901.6874 893.6661 876.2007 835.1633 773.3115 707.322 646.3221 583.0081 513.4372 427.6354 323.4461 208.8782 106.2183 46.00982 22.91672
574.9242 594.5275 607.981 600.8077 575.7655 544.5668 511.6812 482.3382 457.1879 437.1378 423.7305 417.5172 418.5543 425.7138 432.1797 430.7581 422.6225 412.8325 403.5585 395.0034 385.839 378.7249 378.6344 383.1768 390.6869 396.2574 401.67 410.8056 425.3801 442.1284 463.4386 487.607 511.3811 537.5951 560.8082 581.7582 606.1014 634.2185 666.4962 703.8845 744.8821 783.5999 821.9161 864.6682 904.8171 920.0888 911.379 900.0479 889.7331 875.7556 850.2472 798.121 727.7283 661.7284 599.1248 527.5716 435.3316 319.8646 194.3584 88.05191 33.09312 14.48419
558.5718 582.764 605.1506 603.173 581.2856 553.9028 524.4434 496.1237 470.59 451.1141 437.2825 430.0583 430.0876 438.722 449.7511 454.9008 449.0103 441.185 437.0376 437.2709 430.4484 420.4609 416.3899 421.1127 427.3401 426.504 427.3493 435.0523 445.7582 458.4082 477.0625 496.7076 516.8674 540.44 563.1275 581.9514 603.8636 629.6315 660.2974 697.0475 739.1103 778.2155 816.2616 861.3282 907.8723 925.5767 916.8715 900.1577 885.303 869.5574 851.3162 813.9313 747.2515 676.9437 613.218 542.9015 449.391 327.467 193.5361 84.50293 28.12494 10.15365
530.6475 557.3127 586.0781 594.2195 580.0623 556.9069 531.1079 502.5594 477.3748 457.3759 441.4534 431.7797 429.6055 436.3201 450.2115 458.2392 457.4982 454.0612 452.4378 456.0326 452.4207 444.2554 439.6844 444.7437 448.3139 447.3168 447.2579 452.9184 460.0533 470.1244 485.3903 501.1967 517.6277 537.2114 557.7234 575.0464 592.7318 613.9058 642.2592 678.217 721.2017 762.8865 802.8222 845.0604 894.4255 926.1403 922.7944 904.7719 884.8999 865.6609 847.6982 820.2169 760.2468 686.6147 623.2798 558.4505 463.4542 340.7861 204.9692 92.18207 29.85094 9.326109
498.3206 525.0012 555.6496 575.7105 569.0115 551.5152 527.4214 500.2805 472.0336 448.4398 430.976 418.3958 413.2292 418.5262 434.1424 448.8782 450.2976 449.683 449.8134 453.9295 453.7237 450.2867 447.6841 450.824 453.9737 455.6357 457.9847 462.9231 468.8224 477.4681 490.6584 503.4386 516.1559 531.5703 549.3942 562.9229 576.2985 591.0327 614.2567 650.0291 691.5121 738.283 782.4387 824.0385 870.0845 914.9352 926.6217 908.3906 884.4747 863.8725 843.7923 819.7267 764.7925 694.1014 628.4672 569.6452 478.6895 361.5419 228.0049 107.8619 36.88043 11.47511
465.0444 488.9496 515.8195 540.5007 549.0541 540.2402 520.4544 492.6507 461.7248 434.4065 413.5665 397.4629 389.1414 392.9727 408.2636 429.668 436.4023 434.805 435.2183 441.0928 445.6033 443.321 441.9322 444.6937 448.7191 450.459 453.7185 460.2611 465.5023 474.1833 489.2814 501.8122 510.2985 521.1227 536.1979 548.5965 556.9166 565.4589 584.7422 616.0927 655.8269 705.0927 754.851 798.2188 841.9833 888.8953 919.1023 912.6979 887.6643 864.1229 842.3916 819.0339 767.189 697.08 635.7188 580.3676 497.6353 390.6524 260.0933 130.4963 47.9938 13.49952
431.6639 453.879 476.8977 495.2676 507.0071 508.1473 497.937 473.8713 441.8701 410.7083 386.5703 368.2204 358.2514 362.0527 375.2979 396.8691 412.2497 415.2942 415.6396 421.0296 428.7123 428.5961 427.0857 430.6967 435.689 437.1548 439.2334 444.5894 449.9923 458.9193 474.285 489.7033 496.8786 500.1236 511.241 523.7377 530.0079 536.0226 549.6725 576.9777 616.6348 664.6492 719.5092 771.9539 813.8888 856.7476 895.877 911.4135 892.8588 865.1594 842.6724 819.6199 770.0561 701.6712 642.756 589.7231 511.8897 413.7381 290.0236 155.4484 58.41079 14.16326
405.2654 424.02 442.9315 454.7419 460.9772 462.7579 456.5895 438.556 409.8018 380.2979 355.7885 336.6508 325.9554 326.088 335.9999 354.06 372.5417 383.2681 388.6768 393.2731 400.7548 405.8428 406.6987 409.0494 414.2086 418.6012 420.0747 420.93 426.0471 435.6485 447.7435 460.7383 467.1798 467.9864 472.1386 481.5055 488.5115 494.3438 507.6949 531.9818 570.3797 616.7595 673.7283 737.1868 784.1481 822.2384 864.9171 894.0089 891.6086 865.7421 843.6493 821.419 771.8051 705.7849 647.2031 590.6473 513.9821 418.5803 301.0921 166.2932 59.08889 27.95401
382.5841 399.9194 416.8304 424.079 422.9547 420.2986 414.4869 399.4723 376.1685 350.0614 327.2648 308.1117 294.8676 292.3945 298.8118 312.5316 328.9483 340.8061 351.7232 361.0207 368.3217 376.4731 381.9354 385.2083 389.9437 394.3787 397.492 395.7 398.0386 401.9509 410.9567 420.8537 428.2406 429.1104 428.4195 430.5052 432.3875 436.2534 450.5223 480.6979 518.6535 564.7665 622.3427 693.9604 756.4689 791.1196 827.9714 867.6103 882.1443 866.0438 845.7145 823.5065 777.6005 713.0634 653.721 591.8325 515.9276 426.8133 314.482 175.5709 35.24277 26.21656
360.8706 376.0518 391.5336 397.7247 391.8637 383.8373 374.9449 363.5232 344.5786 321.0814 300.2197 281.5511 266.204 263.0229 268.417 278.7979 290.0328 301.3217 312.6948 323.6647 334.2375 343.3723 349.3215 354.2035 358.7995 361.9841 363.3177 362.131 362.7738 365.6489 373.3613 383.0437 390.5435 392.9109 392.842 390.3306 388.7909 382.9918 386.1645 420.4756 470.7177 516.1249 572.0829 644.1875 722.8082 762.7581 795.6935 832.5012 860.3289 856.8215 840.9734 819.9885 779.5513 720.7538 661.5527 596.9552 524.6353 440.9414 346.3582 214.3469 53.72579 25.63103
335.479 347.6719 361.9729 368.5309 360.5436 348.6301 337.3044 326.0526 309.045 289.5904 270.3165 253.0393 237.8116 232.6826 235.7941 243.5076 252.379 261.8879 271.8554 281.8837 292.5558 304.9533 313.0131 317.1819 321.9893 326.3189 329.0441 327.823 328.344 331.3472 338.5676 348.7347 358.0669 361.3047 360.6201 359.6033 361.2499 353.6829 346.4191 371.4391 428.1009 479.1101 535.0551 606.2918 691.5015 740.2552 769.519 801.6562 830.3101 835.255 820.6796 801.2554 768.6525 719.2506 664.0323 600.7571 535.5792 457.8818 371.8894 285.4424 205.6171 160.3583
307.2031 317.0117 327.5814 333.4869 326.979 317.1923 306.5704 295.7943 281.4079 264.9796 247.6745 231.9664 216.9565 209.1443 208.5892 213.9406 219.7435 228.3674 236.9424 245.7192 255.808 265.6453 274.6709 280.019 283.9857 288.1634 291.4626 292.3146 294.1769 297.1143 303.6121 313.4305 326.9157 335.8049 336.9346 337.0373 341.2801 338.4858 335.5823 353.8471 406.6399 461.0788 518.0433 585.9623 671.0961 727.1195 752.7634 779.4966 801.9435 806.4542 792.5624 777.0134 750.0385 710.686 662.3936 606.2399 546.0984 476.9581 400.0821 321.19 245.7148 197.7235
279.1999 287.8817 296.4258 299.982 295.6392 287.2678 278.7921 269.6588 259.3925 244.94 228.4893 212.3664 198.746 192.5638 190.734 190.3131 194.8125 202.074 209.3165 219.4233 231.4047 237.9548 242.3452 247.8549 252.6631 255.0564 254.7276 254.5985 255.0458 258.4565 264.5818 272.3882 289.1519 306.3344 313.9866 318.1506 323.7427 328.1809 332.6476 351.9081 399.6192 454.2732 513.5416 581.7736 663.1628 722.8442 743.3006 764.9363 779.4933 779.3926 767.3134 753.2076 731.8071 697.993 655.2516 609.0057 556.1886 495.5691 428.9248 357.5257 288.2143 237.0589
260.4264 266.7585 271.6743 273.7076 269.3463 261.1537 251.9902 247.2282 245.2949 237.5022 223.2112 206.2943 188.0236 178.18 179.5869 179.16 177.0295 182.272 192.2479 205.5965 219.2132 225.2299 225.2101 224.678 229.6273 233.807 231.979 224.4759 218.0866 221.9067 228.6806 230.7803 244.7238 271.2023 290.4646 303.3102 315.5365 325.8728 335.9345 358.1773 405.8515 459.3201 518.9893 585.265 662.0386 719.3413 739.7685 757.1551 762.0073 755.6173 742.5466 729.5608 709.7524 678.1259 643.2701 607.4729 562.0668 508.3107 453.3051 392.192 328.9831 277.9416
249.7686 255.1744 258.0794 258.5476 254.4966 246.3729 237.9747 236.1698 241.0187 237.7451 227.7783 212.8533 194.7736 182.6389 182.2819 180.8232 175.5954 176.684 187.6647 203.9809 216.8651 221.9139 221.0625 217.5593 219.577 224.0262 221.5688 212.9647 203.2871 203.4121 208.9607 210.4376 221.0464 250.9933 278.306 300.6139 319.7166 337.7947 352.5085 380.6601 426.7592 479.011 536.1203 597.7481 667.3713 721.1575 739.7119 752.309 749.4572 736.2836 719.0284 700.5908 676.3361 647.8105 619.8434 591.1505 556.1323 514.5589 388.0814 268.9506 369.5426 322.6953
239.3643 244.8956 248.3921 250.4002 247.0722 242.5385 239.9147 242.8747 249.3342 248.4845 242.8298 230.4491 218.3607 208.414 202.1799 198.238 193.0031 192.121 197.4672 208.8252 220.7429 226.1993 227.1702 225.7503 225.4701 226.3049 223.2809 216.6226 208.9769 208.7401 211.3316 213.8317 226.9963 252.8086 281.7426 308.119 333.1481 358.3003 382.2934 416.1504 460.6619 511.1385 563.484 619.4944 680.4539 724.4428 741.9055 749.5607 743.165 723.2013 692.8589 660.4226 632.4793 606.9682 582.0202 558.5988 533.4357 269.4068 199.6078 163.5757 138.7554 240.5446
229.9446 233.948 237.4933 243.4219 243.4742 241.6621 242.9655 251.6144 260.8071 262.7139 261.4815 257.6812 248.9848 239.7633 231.8925 227.9205 224.4632 220.7234 220.422 225.4056 233.1141 238.1088 240.8348 243.1096 244.1067 241.028 235.5351 230.7517 227.5451 225.7125 225.9608 230.5648 244.6231 268.0652 296.7962 325.5128 354.4262 383.9243 417.827 455.7493 499.3097 548.0951 596.0135 647.7861 698.6412 732.359 746.1648 751.249 741.3085 710.7966 665.3953 620.9866 588.3755 561.5024 537.2087 516.674 214.9894 170.7313 154.7729 143.7202 131.5322 122.8936
229.1957 230.2851 233.5888 243.2252 247.8831 247.2962 250.4937 262.0491 273.3458 280.4055 285.1763 284.6945 280.0923 273.1022 268.4413 263.9729 259.3796 254.4361 252.4957 253.1508 256.2269 258.3455 261.652 266.4713 267.884 263.6819 258.0466 255.3559 252.8447 249.0658 247.8014 253.3574 264.5936 287.011 317.6467 347.8724 377.911 413.9255 452.8714 494.1462 536.78 581.8245 627.501 675.5389 717.1471 741.1951 754.8225 757.384 743.815 700.6017 646.4266 593.3142 551.0669 518.7579 462.3988 172.0531 171.342 163.8849 151.3111 136.7533 127.6598 123.4584
240.1038 243.1458 248.2723 257.6702 262.6734 265.0453 270.5143 280.4898 292.2803 303.3674 312.1575 315.8205 315.8628 312.5521 307.0771 302.2413 297.2459 291.9675 289.9648 287.4586 287.5218 288.2397 291.6903 295.2516 296.4756 294.2574 290.1345 287.7155 283.7741 279.142 277.7585 280.956 289.1102 309.4862 338.9735 369.4811 402.4538 440.6528 484.6196 527.3549 572.275 616.0988 658.8669 699.8885 731.8262 752.3752 764.3645 767.1857 749.1464 697.452 638.7278 580.1983 528.0693 485.4425 192.9039 200.9098 186.0801 169.5333 155.9593 147.145 140.0861 139.7508
