py_wake/examples/data/AJ_ParqueFicticio/Ridge area   Sector 12   Height 30m   Orographic turn.grd
DSAA
90  129
 262878   265103
 6504214   6507414
-14.51735   22.509
[rows 81 to 107 of 129, columns 0 to 59 of 90]
-3.734072 -3.867978 -3.856904 -3.676688 -3.288414 -2.792095 -2.283496 -1.753225 -1.328555 -1.050668 -.8480558 -.6725544 -.5503214 -.3907194 -.109242 .05255039 -.01891983 -.3427263 -.7862495 -1.201725 -1.423827 -1.703057 -2.108441 -2.642695 -3.225804 -3.778462 -4.245984 -4.646942 -4.976628 -5.172891 -5.2396 -5.184558 -5.016156 -4.822541 -4.584317 -4.358819 -4.253683 -4.302469 -4.469325 -4.646715 -4.8911 -5.276566 -5.686091 -6.022284 -6.380259 -6.729544 -6.99912 -7.207946 -7.363928 -7.076186 -6.817347 -6.507692 -6.208791 -5.978249 -5.762559 -5.554074 -5.347874 -5.123875 -4.891458 -4.665251
-1.837847 -1.882114 -1.812775 -1.58291 -1.197469 -.7802782 -.3316976 .09516892 .3783461 .5941548 .7796034 .881021 .8876737 .9669843 1.129962 1.09621 .9040138 .574253 .1656346 -.2179393 -.4530901 -.7967208 -1.210038 -1.711065 -2.260588 -2.798178 -3.270338 -3.701897 -4.079284 -4.312821 -4.417683 -4.408818 -4.255509 -4.027981 -3.769971 -3.528362 -3.421292 -3.45667 -3.63364 -3.795165 -4.049803 -4.527851 -5.004708 -5.364733 -5.75114 -6.148536 -6.475094 -6.755965 -6.878491 -6.624468 -6.41115 -6.080468 -5.751429 -5.467635 -5.211992 -4.996515 -4.837204 -4.713036 -4.621279 -4.557421
-.1206484 -.1194901 -.03046826 .1664389 .475489 .8408398 1.18971 1.505844 1.770226 1.959775 2.107651 2.187889 2.089564 1.896145 1.812204 1.716515 1.558123 1.296143 .909782 .4264565 .1303243 -.1631285 -.4869868 -.8960433 -1.409504 -1.966018 -2.457072 -2.894079 -3.30175 -3.56344 -3.722043 -3.753159 -3.599088 -3.344342 -3.069617 -2.811814 -2.683971 -2.736558 -2.913179 -3.070934 -3.36551 -3.891743 -4.37054 -4.739306 -5.153394 -5.58668 -5.962704 -6.303457 -6.380449 -6.207266 -6.013788 -5.646858 -5.274041 -4.916806 -4.606824 -4.339169 -4.155452 -4.043586 -4.017173 -4.055407
1.390195 1.367276 1.402071 1.523266 1.751262 2.045637 2.33056 2.591848 2.80002 2.903628 2.976669 2.992064 2.804519 2.468623 2.222222 2.021373 1.818893 1.550593 1.139501 .6447394 .3334363 .08932949 -.1613816 -.4907195 -.9233659 -1.427718 -1.897358 -2.314384 -2.701882 -2.93986 -3.095671 -3.116432 -2.954046 -2.702818 -2.434581 -2.203705 -2.082407 -2.186007 -2.349456 -2.492173 -2.779688 -3.296828 -3.781817 -4.178114 -4.611911 -5.076886 -5.503953 -5.892437 -5.98761 -5.89403 -5.685844 -5.286074 -4.881296 -4.461883 -4.098052 -3.755005 -3.497238 -3.319061 -3.25611 -3.281821
2.72086 2.629781 2.596432 2.642292 2.750181 2.96778 3.217182 3.408168 3.482461 3.455571 3.421925 3.291322 2.95978 2.489884 2.09258 1.783086 1.516781 1.191532 .7794067 .3291512 .04146392 -.140224 -.3090962 -.5453473 -.8408151 -1.211456 -1.571252 -1.893223 -2.190219 -2.340968 -2.442895 -2.461199 -2.313955 -2.094253 -1.848284 -1.658733 -1.602883 -1.76952 -1.915334 -2.035536 -2.290419 -2.747601 -3.239575 -3.68806 -4.146748 -4.658748 -5.159411 -5.580723 -5.718131 -5.675783 -5.450607 -5.062377 -4.653628 -4.187556 -3.760602 -3.315646 -2.962217 -2.676837 -2.502112 -2.407468
3.72611 3.588539 3.514725 3.475571 3.471051 3.604892 3.775232 3.855201 3.738223 3.458505 3.191593 2.888842 2.502094 2.043905 1.625554 1.207547 .8188937 .433226 .0279865 -.3395004 -.5625433 -.6859544 -.7710993 -.8926769 -1.004259 -1.180047 -1.374031 -1.548759 -1.708242 -1.772215 -1.808797 -1.8233 -1.742732 -1.583178 -1.379567 -1.260925 -1.280791 -1.487413 -1.618444 -1.732805 -1.957083 -2.352944 -2.844315 -3.37973 -3.956856 -4.591577 -5.145754 -5.521491 -5.642347 -5.610386 -5.360758 -4.994186 -4.580042 -4.078882 -3.573348 -3.012787 -2.583788 -2.219522 -1.931681 -1.681205
4.450137 4.234361 4.063199 3.901882 3.744141 3.694994 3.674539 3.596521 3.377271 2.967504 2.536636 2.111749 1.669928 1.184187 .7323746 .2806832 -.1551816 -.5888967 -.9613318 -1.253647 -1.404144 -1.437529 -1.392204 -1.375579 -1.295372 -1.258916 -1.247853 -1.250597 -1.263304 -1.246795 -1.279555 -1.307346 -1.283154 -1.193396 -1.03468 -.9551425 -1.057086 -1.299516 -1.439271 -1.560336 -1.760171 -2.144202 -2.67853 -3.279046 -3.924096 -4.563855 -5.089485 -5.455718 -5.636668 -5.655526 -5.436967 -5.11822 -4.69731 -4.14728 -3.528955 -2.854857 -2.381353 -2.022502 -1.718652 -1.410665
4.810194 4.497437 4.19397 3.915998 3.656478 3.446568 3.250159 2.992198 2.617424 2.091803 1.535269 .9912312 .479708 -.02719007 -.5065598 -.9819226 -1.412443 -1.819799 -2.10612 -2.26143 -2.26796 -2.161844 -1.956935 -1.781879 -1.524518 -1.298411 -1.110023 -.9873455 -.9160144 -.8637993 -.8896354 -.9183797 -.9535497 -.8953019 -.7714171 -.7498681 -.9315713 -1.208006 -1.387086 -1.506129 -1.655993 -2.014228 -2.535313 -3.13368 -3.789746 -4.454805 -5.050805 -5.505123 -5.816546 -5.919182 -5.720472 -5.399344 -4.929893 -4.318144 -3.601818 -2.871293 -2.394524 -2.097462 -1.870764 -1.624235
4.887687 4.473736 4.017182 3.611293 3.27609 2.926093 2.516983 2.032777 1.484967 .8342305 .1813363 -.423119 -.9768813 -1.511406 -2.01413 -2.472508 -2.848194 -3.121696 -3.250737 -3.218006 -3.062934 -2.814303 -2.449054 -2.118574 -1.719428 -1.347992 -1.017951 -.7824116 -.6190822 -.5073075 -.508127 -.5501693 -.6521893 -.622499 -.5396075 -.5909331 -.859278 -1.188662 -1.432017 -1.558582 -1.669058 -1.985844 -2.509022 -3.134396 -3.849527 -4.607269 -5.304373 -5.816673 -6.127428 -6.217144 -6.050222 -5.712218 -5.194954 -4.543657 -3.783581 -3.058068 -2.604109 -2.386927 -2.272166 -2.116992
4.717988 4.204318 3.578835 3.026502 2.573878 2.067787 1.504283 .856348 .1892864 -.514475 -1.205786 -1.85709 -2.453401 -2.973011 -3.433776 -3.775308 -3.997142 -4.1566 -4.179156 -4.040411 -3.78563 -3.431042 -2.935071 -2.463367 -1.915063 -1.397519 -.9340561 -.590864 -.3244046 -.1504441 -.1165216 -.1676229 -.3385812 -.372182 -.3654602 -.50462 -.862521 -1.281786 -1.607943 -1.791041 -1.891535 -2.26072 -2.862999 -3.487658 -4.124285 -4.81161 -5.491251 -6.023444 -6.389349 -6.521639 -6.40114 -6.07049 -5.533188 -4.860136 -4.1205 -3.480825 -3.092814 -2.883795 -2.800073 -2.708029
4.22961 3.633819 2.883571 2.157435 1.567846 .9697481 .3378441 -.341877 -1.029786 -1.717671 -2.364726 -2.945126 -3.472043 -3.900994 -4.254961 -4.422629 -4.48684 -4.547207 -4.479794 -4.268522 -4.008986 -3.591648 -3.09249 -2.552889 -1.930105 -1.335273 -.7933903 -.3984207 -.07716277 .1212032 .1519406 .07777625 -.1580942 -.3005995 -.411841 -.6612111 -1.098976 -1.627134 -2.101787 -2.390116 -2.565524 -2.834884 -3.280397 -3.809924 -4.393553 -5.077593 -5.776579 -6.348854 -6.747379 -6.885605 -6.790844 -6.488674 -6.000769 -5.357568 -4.662616 -4.093869 -3.753612 -3.578023 -3.509783 -3.457524
3.324157 2.569231 1.700618 .8772581 .2221687 -.3536875 -.9300492 -1.554266 -2.164189 -2.712144 -3.193616 -3.589193 -3.871446 -4.06459 -4.255599 -4.314547 -4.282892 -4.226126 -4.060482 -3.822659 -3.532026 -3.116758 -2.66453 -2.154797 -1.602109 -1.056311 -.5493959 -.1679931 .1330303 .2789537 .2408463 .1190646 -.1525866 -.3971201 -.6612838 -1.085082 -1.624584 -2.2383 -2.803471 -3.143764 -3.309835 -3.524194 -3.92516 -4.39741 -4.875226 -5.46396 -6.094138 -6.644078 -7.040628 -7.242621 -7.257757 -7.115417 -6.709276 -6.066808 -5.357979 -4.806085 -4.490377 -4.333552 -4.265586 -4.211771
2.100878 1.241036 .3017994 -.5274027 -1.182678 -1.712713 -2.173052 -2.632365 -3.075528 -3.392853 -3.611322 -3.764408 -3.810769 -3.826163 -3.857917 -3.807817 -3.700824 -3.529557 -3.271661 -2.978378 -2.656218 -2.32283 -1.935366 -1.507949 -1.069079 -.6196199 -.232554 .07725392 .3245213 .3944848 .2733472 .07863217 -.239942 -.5703725 -.9743183 -1.546053 -2.184924 -2.889227 -3.523352 -3.938346 -4.173008 -4.40298 -4.69701 -5.053339 -5.411467 -5.904912 -6.48269 -7.023697 -7.420137 -7.683626 -7.779173 -7.709383 -7.334187 -6.696059 -6.006307 -5.466335 -5.173179 -5.021597 -4.912148 -4.847354
.8942869 -.02889479 -.9178264 -1.649141 -2.182608 -2.60709 -2.988921 -3.321568 -3.536648 -3.623669 -3.635362 -3.582651 -3.448222 -3.33059 -3.217643 -3.052928 -2.839745 -2.592501 -2.303025 -1.981678 -1.685167 -1.44577 -1.193453 -.8841736 -.5676535 -.2485976 .02044345 .2613044 .4513587 .4530057 .2685979 .002415631 -.3672826 -.7979934 -1.352935 -2.065943 -2.83441 -3.62251 -4.304843 -4.766146 -4.988235 -5.193775 -5.418304 -5.670758 -5.9112 -6.294718 -6.792185 -7.332365 -7.783268 -8.118624 -8.277782 -8.280791 -7.949629 -7.302729 -6.606571 -6.0862 -5.798576 -5.61026 -5.466702 -5.403409
-.04565534 -.8778679 -1.647628 -2.245961 -2.654161 -2.947702 -3.105286 -3.240342 -3.303274 -3.241233 -3.141318 -2.958501 -2.730881 -2.525374 -2.302347 -2.050742 -1.787097 -1.528144 -1.249666 -.9761003 -.7621837 -.6173199 -.4673648 -.2802968 -.1003676 .04977235 .1828839 .3366642 .4388079 .3861267 .1751137 -.1548828 -.6156839 -1.117435 -1.75132 -2.51646 -3.342903 -4.162374 -4.867416 -5.368403 -5.640081 -5.836936 -5.991701 -6.149595 -6.317926 -6.641104 -7.106974 -7.646118 -8.105343 -8.460058 -8.656477 -8.674703 -8.366442 -7.750286 -7.089121 -6.555862 -6.245387 -6.032842 -5.888422 -5.839993
-.6992767 -1.392039 -2.008409 -2.436957 -2.665796 -2.72437 -2.662304 -2.650615 -2.588695 -2.427163 -2.234312 -1.980079 -1.693328 -1.430153 -1.177966 -.9073117 -.6224701 -.3714367 -.1369473 .0665409 .1792814 .221168 .2546353 .3330033 .357513 .2873396 .2440525 .28479 .2757695 .1700466 -.04197635 -.3834554 -.8733225 -1.424368 -2.114862 -2.918001 -3.796421 -4.663625 -5.411415 -5.946949 -6.220461 -6.401596 -6.522544 -6.620413 -6.712537 -6.949503 -7.349567 -7.850085 -8.304384 -8.696969 -8.953458 -9.012349 -8.744123 -8.092918 -7.44158 -6.897871 -6.577087 -6.36573 -6.273056 -6.308441
-1.033503 -1.559635 -1.982624 -2.232389 -2.305881 -2.20568 -2.002934 -1.858054 -1.664821 -1.408907 -1.137999 -.8505704 -.5518578 -.2815772 -.02126588 .2608856 .5585285 .7950656 .9821942 1.108563 1.135704 1.070183 .9311516 .8506792 .7065203 .4107445 .1849378 .07824427 -.04546256 -.2020903 -.4100189 -.7496788 -1.228246 -1.80099 -2.516391 -3.340632 -4.254144 -5.1574 -5.912209 -6.452386 -6.747742 -6.960859 -7.074861 -7.115389 -7.137211 -7.283941 -7.603788 -8.052579 -8.495315 -8.898555 -9.144152 -9.195445 -8.961439 -8.34911 -7.725543 -7.176345 -6.820675 -6.57086 -6.493237 -6.585955
-.8562894 -1.28869 -1.596264 -1.746644 -1.730863 -1.529296 -1.232478 -.9715126 -.682407 -.3635595 -.04455856 .267199 .5630423 .8514996 1.120562 1.378431 1.638849 1.839568 1.989454 2.049854 1.950819 1.706423 1.358566 1.095798 .7754054 .3106191 -.07455 -.3369003 -.5864785 -.7901056 -.9580116 -1.232716 -1.642288 -2.176578 -2.867957 -3.690185 -4.61997 -5.542397 -6.32118 -6.911994 -7.250455 -7.46203 -7.53469 -7.519053 -7.47682 -7.535162 -7.776789 -8.178194 -8.604938 -8.994086 -9.234761 -9.308622 -9.08716 -8.529934 -7.919648 -7.359681 -6.915191 -6.546198 -6.391449 -6.542041
-.2542703 -.6119732 -.8409435 -.9454257 -.8938705 -.6636628 -.3388499 -.0173168 .3096272 .6421638 .9675816 1.273445 1.534046 1.782366 2.011471 2.239059 2.440743 2.559465 2.635036 2.602742 2.391829 1.980282 1.468828 1.022253 .5288051 -.07445849 -.6112937 -1.007704 -1.322509 -1.517371 -1.606276 -1.777777 -2.089067 -2.546383 -3.174496 -3.953996 -4.872047 -5.802774 -6.614161 -7.218852 -7.594584 -7.805166 -7.874843 -7.82433 -7.734568 -7.71242 -7.848782 -8.15603 -8.525607 -8.89323 -9.150015 -9.259887 -9.061091 -8.584688 -8.002879 -7.39542 -6.793044 -6.248761 -5.974936 -6.165163
1.70141E+38 1.70141E+38 1.70141E+38 1.70141E+38 1.70141E+38 1.70141E+38 1.70141E+38 1.70141E+38 1.70141E+38 1.70141E+38 1.70141E+38 1.70141E+38 1.70141E+38 1.70141E+38 1.70141E+38 1.70141E+38 1.70141E+38 1.70141E+38 1.70141E+38 1.70141E+38 1.70141E+38 1.70141E+38 1.70141E+38 1.70141E+38 1.70141E+38 1.70141E+38 1.70141E+38 1.70141E+38 1.70141E+38 1.70141E+38 1.70141E+38 1.70141E+38 1.70141E+38 1.70141E+38 1.70141E+38 1.70141E+38 1.70141E+38 1.70141E+38 1.70141E+38 1.70141E+38 1.70141E+38 1.70141E+38 1.70141E+38 1.70141E+38 1.70141E+38 1.70141E+38 1.70141E+38 1.70141E+38 1.70141E+38 1.70141E+38 1.70141E+38 1.70141E+38 1.70141E+38 1.70141E+38 1.70141E+38 1.70141E+38 1.70141E+38 1.70141E+38 1.70141E+38 1.70141E+38
1.70141E+38 1.70141E+38 1.70141E+38 1.70141E+38 1.70141E+38 1.70141E+38 1.70141E+38 1.70141E+38 1.70141E+38 1.70141E+38 1.70141E+38 1.70141E+38 1.70141E+38 1.70141E+38 1.70141E+38 1.70141E+38 1.70141E+38 1.70141E+38 1.70141E+38 1.70141E+38 1.70141E+38 1.70141E+38 1.70141E+38 1.70141E+38 1.70141E+38 1.70141E+38 1.70141E+38 1.70141E+38 1.70141E+38 1.70141E+38 1.70141E+38 1.70141E+38 1.70141E+38 1.70141E+38 1.70141E+38 1.70141E+38 1.70141E+38 1.70141E+38 1.70141E+38 1.70141E+38 1.70141E+38 1.70141E+38 1.70141E+38 1.70141E+38 1.70141E+38 1.70141E+38 1.70141E+38 1.70141E+38 1.70141E+38 1.70141E+38 1.70141E+38 1.70141E+38 1.70141E+38 1.70141E+38 1.70141E+38 1.70141E+38 1.70141E+38 1.70141E+38 1.70141E+38 1.70141E+38
1.70141E+38 1.70141E+38 1.70141E+38 1.70141E+38 1.70141E+38 1.70141E+38 1.70141E+38 1.70141E+38 1.70141E+38 1.70141E+38 1.70141E+38 1.70141E+38 1.70141E+38 1.70141E+38 1.70141E+38 1.70141E+38 1.70141E+38 1.70141E+38 1.70141E+38 1.70141E+38 1.70141E+38 1.70141E+38 1.70141E+38 1.70141E+38 1.70141E+38 1.70141E+38 1.70141E+38 1.70141E+38 1.70141E+38 1.70141E+38 1.70141E+38 1.70141E+38 1.70141E+38 1.70141E+38 1.70141E+38 1.70141E+38 1.70141E+38 1.70141E+38 1.70141E+38 1.70141E+38 1.70141E+38 1.70141E+38 1.70141E+38 1.70141E+38 1.70141E+38 1.70141E+38 1.70141E+38 1.70141E+38 1.70141E+38 1.70141E+38 1.70141E+38 1.70141E+38 1.70141E+38 1.70141E+38 1.70141E+38 1.70141E+38 1.70141E+38 1.70141E+38 1.70141E+38 1.70141E+38
1.70141E+38 1.70141E+38 1.70141E+38 1.70141E+38 1.70141E+38 1.70141E+38 1.70141E+38 1.70141E+38 1.70141E+38 1.70141E+38 1.70141E+38 1.70141E+38 1.70141E+38 1.70141E+38 1.70141E+38 1.70141E+38 1.70141E+38 1.70141E+38 1.70141E+38 1.70141E+38 1.70141E+38 1.70141E+38 1.70141E+38 1.70141E+38 1.70141E+38 1.70141E+38 1.70141E+38 1.70141E+38 1.70141E+38 1.70141E+38 1.70141E+38 1.70141E+38 1.70141E+38 1.70141E+38 1.70141E+38 1.70141E+38 1.70141E+38 1.70141E+38 1.70141E+38 1.70141E+38 1.70141E+38 1.70141E+38 1.70141E+38 1.70141E+38 1.70141E+38 1.70141E+38 1.70141E+38 1.70141E+38 1.70141E+38 1.70141E+38 1.70141E+38 1.70141E+38 1.70141E+38 1.70141E+38 1.70141E+38 1.70141E+38 1.70141E+38 1.70141E+38 1.70141E+38 1.70141E+38
1.70141E+38 1.70141E+38 1.70141E+38 1.70141E+38 1.70141E+38 1.70141E+38 1.70141E+38 1.70141E+38 1.70141E+38 1.70141E+38 1.70141E+38 1.70141E+38 1.70141E+38 1.70141E+38 1.70141E+38 1.70141E+38 1.70141E+38 1.70141E+38 1.70141E+38 1.70141E+38 1.70141E+38 1.70141E+38 1.70141E+38 1.70141E+38 1.70141E+38 1.70141E+38 1.70141E+38 1.70141E+38 1.70141E+38 1.70141E+38 1.70141E+38 1.70141E+38 1.70141E+38 1.70141E+38 1.70141E+38 1.70141E+38 1.70141E+38 1.70141E+38 1.70141E+38 1.70141E+38 1.70141E+38 1.70141E+38 1.70141E+38 1.70141E+38 1.70141E+38 1.70141E+38 1.70141E+38 1.70141E+38 1.70141E+38 1.70141E+38 1.70141E+38 1.70141E+38 1.70141E+38 1.70141E+38 1.70141E+38 1.70141E+38 1.70141E+38 1.70141E+38 1.70141E+38 1.70141E+38
1.70141E+38 1.70141E+38 1.70141E+38 1.70141E+38 1.70141E+38 1.70141E+38 1.70141E+38 1.70141E+38 1.70141E+38 1.70141E+38 1.70141E+38 1.70141E+38 1.70141E+38 1.70141E+38 1.70141E+38 1.70141E+38 1.70141E+38 1.70141E+38 1.70141E+38 1.70141E+38 1.70141E+38 1.70141E+38 1.70141E+38 1.70141E+38 1.70141E+38 1.70141E+38 1.70141E+38 1.70141E+38 1.70141E+38 1.70141E+38 1.70141E+38 1.70141E+38 1.70141E+38 1.70141E+38 1.70141E+38 1.70141E+38 1.70141E+38 1.70141E+38 1.70141E+38 1.70141E+38 1.70141E+38 1.70141E+38 1.70141E+38 1.70141E+38 1.70141E+38 1.70141E+38 1.70141E+38 1.70141E+38 1.70141E+38 1.70141E+38 1.70141E+38 1.70141E+38 1.70141E+38 1.70141E+38 1.70141E+38 1.70141E+38 1.70141E+38 1.70141E+38 1.70141E+38 1.70141E+38
1.70141E+38 1.70141E+38 1.70141E+38 1.70141E+38 1.70141E+38 1.70141E+38 1.70141E+38 1.70141E+38 1.70141E+38 1.70141E+38 1.70141E+38 1.70141E+38 1.70141E+38 1.70141E+38 1.70141E+38 1.70141E+38 1.70141E+38 1.70141E+38 1.70141E+38 1.70141E+38 1.70141E+38 1.70141E+38 1.70141E+38 1.70141E+38 1.70141E+38 1.70141E+38 1.70141E+38 1.70141E+38 1.70141E+38 1.70141E+38 1.70141E+38 1.70141E+38 1.70141E+38 1.70141E+38 1.70141E+38 1.70141E+38 1.70141E+38 1.70141E+38 1.70141E+38 1.70141E+38 1.70141E+38 1.70141E+38 1.70141E+38 1.70141E+38 1.70141E+38 1.70141E+38 1.70141E+38 1.70141E+38 1.70141E+38 1.70141E+38 1.70141E+38 1.70141E+38 1.70141E+38 1.70141E+38 1.70141E+38 1.70141E+38 1.70141E+38 1.70141E+38 1.70141E+38 1.70141E+38
1.70141E+38 1.70141E+38 1.70141E+38 1.70141E+38 1.70141E+38 1.70141E+38 1.70141E+38 1.70141E+38 1.70141E+38 1.70141E+38 1.70141E+38 1.70141E+38 1.70141E+38 1.70141E+38 1.70141E+38 1.70141E+38 1.70141E+38 1.70141E+38 1.70141E+38 1.70141E+38 1.70141E+38 1.70141E+38 1.70141E+38 1.70141E+38 1.70141E+38 1.70141E+38 1.70141E+38 1.70141E+38 1.70141E+38 1.70141E+38 1.70141E+38 1.70141E+38 1.70141E+38 1.70141E+38 1.70141E+38 1.70141E+38 1.70141E+38 1.70141E+38 1.70141E+38 1.70141E+38 1.70141E+38 1.70141E+38 1.70141E+38 1.70141E+38 1.70141E+38 1.70141E+38 1.70141E+38 1.70141E+38 1.70141E+38 1.70141E+38 1.70141E+38 1.70141E+38 1.70141E+38 1.70141E+38 1.70141E+38 1.70141E+38 1.70141E+38 1.70141E+38 1.70141E+38 1.70141E+38
