py_wake/examples/data/AJ_ParqueFicticio/Ridge area   Sector 5   Height 200m   Orographic turn.grd
DSAA
90  129
 262878   265103
 6504214   6507414
-17.71675   16.69296
[rows 52 to 77 of 129, columns 0 to 59 of 90]
2.272507 2.296985 2.664343 3.452102 4.87991 6.599306 8.573702 10.43867 12.02967 13.11553 13.33062 12.90803 12.56401 12.83941 13.50681 14.08098 13.77865 12.38935 10.90089 9.306429 7.539241 5.95413 4.646043 3.484291 2.434052 1.539387 .7449637 -.03617359 -.6955767 -1.211259 -1.610564 -1.917356 -2.200419 -2.481389 -2.737568 -2.981721 -3.237289 -3.488039 -3.754039 -4.027762 -4.393095 -4.8416 -5.272082 -5.724609 -6.261523 -6.716018 -6.889235 -6.744695 -6.439481 -5.790244 -4.785695 -3.386167 -1.738407 .0860789 2.062511 3.853847 5.248314 6.288813 6.838464 6.400159
2.558489 2.508993 2.728537 3.351985 4.585572 6.167995 8.049409 9.722157 11.25263 12.43008 12.63902 12.20849 11.93199 12.56303 13.88161 15.77097 16.69296 15.90404 14.71406 13.10774 10.7328 8.373299 6.390172 4.715375 3.395663 2.422268 1.624488 .7916252 .1526476 -.368442 -.9500858 -1.459908 -1.957523 -2.424063 -2.797017 -3.108709 -3.395369 -3.653773 -3.923246 -4.213814 -4.589106 -5.04314 -5.459199 -5.89517 -6.408082 -6.730115 -6.784552 -6.657258 -6.365715 -5.813379 -4.873037 -3.596234 -2.077435 -.438426 1.31211 2.841058 3.905598 4.656124 5.048727 4.656895
2.791989 2.690821 2.804005 3.338548 4.412944 5.930254 7.608868 9.096772 10.47223 11.41001 11.53656 11.14692 10.93774 11.5561 12.8602 14.60326 16.18651 16.66341 16.29442 14.92098 12.47716 9.948611 7.626229 5.627862 4.008344 2.886433 2.031324 1.14154 .504345 -.0536374 -.6947717 -1.30868 -1.882067 -2.401314 -2.805654 -3.149419 -3.464316 -3.745382 -4.034105 -4.352417 -4.752283 -5.234663 -5.671778 -6.128741 -6.607344 -6.732829 -6.680944 -6.512861 -6.202785 -5.731396 -4.919267 -3.80227 -2.467589 -1.068881 .4311802 1.703482 2.560388 3.055212 3.234258 2.954052
2.988051 2.847923 2.892104 3.317436 4.384713 5.823088 7.36035 8.755026 9.968208 10.70957 10.74285 10.19098 9.830562 10.29538 11.39253 12.89048 14.37811 15.41115 15.63316 14.72285 12.85751 10.56168 8.336869 6.321021 4.559457 3.27684 2.276797 1.445266 .7612103 .08781467 -.57351 -1.262918 -1.87324 -2.364434 -2.765083 -3.129936 -3.482754 -3.808787 -4.13636 -4.506731 -4.957903 -5.455856 -5.904102 -6.376196 -6.743629 -6.770979 -6.669267 -6.457792 -6.078532 -5.62522 -4.954721 -4.00789 -2.902163 -1.752694 -.5733779 .4699329 1.140752 1.469566 1.560643 1.349707
3.251824 3.078952 3.065988 3.457579 4.50409 5.795279 7.277937 8.626376 9.762323 10.43041 10.39226 9.682593 9.102627 9.362378 10.21815 11.43534 12.67085 13.73749 14.40456 14.21499 12.75274 10.7808 8.847496 6.864988 5.067339 3.70642 2.672755 1.833636 1.122038 .3923494 -.340927 -1.069669 -1.69907 -2.200957 -2.643433 -3.075148 -3.474087 -3.852338 -4.226077 -4.639034 -5.120767 -5.616067 -6.074343 -6.528575 -6.741464 -6.778559 -6.664267 -6.440751 -6.029836 -5.558624 -4.959056 -4.177125 -3.291456 -2.387381 -1.486667 -.6984738 -.2099584 .01876613 .07592983 -.04700576
3.534545 3.331433 3.303744 3.703479 4.620265 5.859062 7.300498 8.568348 9.615476 10.23995 10.30251 9.576627 8.86562 8.715886 9.288379 10.20492 11.32493 12.33496 13.23542 13.39182 12.25061 10.61407 9.041411 7.325927 5.627798 4.247459 3.196894 2.33372 1.595325 .8052888 .01846503 -.7209549 -1.356606 -1.905776 -2.420804 -2.914432 -3.369211 -3.789413 -4.209569 -4.65449 -5.137659 -5.625765 -6.095994 -6.466408 -6.624628 -6.699767 -6.597225 -6.377123 -5.985136 -5.531889 -4.92676 -4.290494 -3.59115 -2.913484 -2.278289 -1.742895 -1.416363 -1.275059 -1.24258 -1.316369
3.874509 3.616652 3.574231 3.963457 4.792544 5.963336 7.295837 8.595746 9.688334 10.32591 10.32839 9.710292 8.956128 8.630812 8.92659 9.457026 10.17434 10.90309 11.83589 12.14154 11.37666 10.21892 8.999743 7.581103 6.10593 4.809088 3.762865 2.926778 2.123538 1.30805 .5055603 -.2614489 -.9418311 -1.534602 -2.077962 -2.603497 -3.068169 -3.508584 -3.968972 -4.440814 -4.926281 -5.425987 -5.86108 -6.149436 -6.349008 -6.474171 -6.397898 -6.194637 -5.854678 -5.474921 -4.913594 -4.355558 -3.820038 -3.342234 -2.922386 -2.59128 -2.388884 -2.32814 -2.338902 -2.403535
4.234935 4.005878 3.980967 4.349184 5.13413 6.264117 7.513724 8.750652 9.8205 10.52926 10.59182 10.09457 9.387567 9.008749 9.101342 9.378832 9.785412 10.35825 10.96227 11.17877 10.66838 9.960639 8.999214 7.742584 6.445773 5.300083 4.307711 3.465915 2.666156 1.851375 1.022651 .217755 -.5138252 -1.112975 -1.658809 -2.180237 -2.628542 -3.075259 -3.551947 -4.027467 -4.535493 -5.044167 -5.414153 -5.695941 -5.94375 -6.11688 -6.031091 -5.82036 -5.574775 -5.301317 -4.866779 -4.410935 -4.009443 -3.702467 -3.4408 -3.250443 -3.133665 -3.129794 -3.19836 -3.296504
4.672942 4.481933 4.452105 4.783018 5.557845 6.667606 7.864656 9.034469 10.08315 10.90399 11.08367 10.66888 9.997499 9.605523 9.514535 9.526567 9.689796 10.05515 10.47717 10.73759 10.27847 9.681014 8.991988 7.885669 6.706631 5.684859 4.760911 3.94614 3.130366 2.323456 1.502167 .6570772 -.118736 -.7138588 -1.256348 -1.758563 -2.192606 -2.650067 -3.129243 -3.605509 -4.140833 -4.623419 -4.967535 -5.27017 -5.579296 -5.73806 -5.60343 -5.381158 -5.184193 -5.012405 -4.776977 -4.491236 -4.209336 -4.010225 -3.875556 -3.792109 -3.742111 -3.765306 -3.869233 -4.042693
5.169181 5.019574 4.991364 5.276407 6.029963 7.070051 8.170912 9.263423 10.28113 11.13293 11.46247 11.34078 10.83997 10.32879 9.984935 9.859195 9.854753 10.03482 10.28706 10.35903 10.04932 9.569571 9.001062 8.036022 6.923075 5.968503 5.149604 4.352334 3.492121 2.670246 1.827388 .9572505 .1901795 -.4080752 -.9635457 -1.428514 -1.853034 -2.320896 -2.777274 -3.262518 -3.801299 -4.251157 -4.627326 -4.997395 -5.403679 -5.529268 -5.387945 -5.186832 -4.979952 -4.816405 -4.729562 -4.619 -4.461445 -4.326268 -4.287145 -4.312069 -4.337325 -4.400172 -4.53025 -4.756518
5.656335 5.540472 5.483179 5.760187 6.562831 7.595293 8.707603 9.811189 10.8481 11.73288 12.1421 12.02417 11.56906 11.0991 10.59206 10.3789 10.28978 10.30884 10.27215 10.08978 9.924366 9.464844 8.905168 8.036275 7.036937 6.136115 5.352089 4.587348 3.758793 2.862055 2.009532 1.13459 .4191799 -.2150691 -.766553 -1.204893 -1.649584 -2.100974 -2.534315 -3.023251 -3.536799 -3.964694 -4.381025 -4.814672 -5.292402 -5.396782 -5.319086 -5.17874 -4.993916 -4.80867 -4.751087 -4.781918 -4.728186 -4.642769 -4.643023 -4.753564 -4.841134 -4.952503 -5.119586 -5.413329
6.125143 6.040835 5.94071 6.257713 7.033749 7.972139 8.980755 9.989134 10.93935 11.75329 12.28076 12.47448 12.28946 11.83126 11.23657 10.86416 10.73184 10.55514 10.35743 9.986979 9.714601 9.375955 8.750491 7.93455 6.922667 6.139289 5.463156 4.688715 3.801292 2.940411 2.040429 1.197971 .5038381 -.1480457 -.6865974 -1.120724 -1.557205 -1.977908 -2.400614 -2.878171 -3.363847 -3.78647 -4.212267 -4.664166 -5.118652 -5.262117 -5.289915 -5.242071 -5.142236 -4.998904 -4.909401 -4.990655 -4.994627 -4.92356 -4.91697 -5.033063 -5.175036 -5.280495 -5.494172 -5.861815
6.415888 6.291537 6.127252 6.492271 7.26347 8.173397 9.149686 10.15032 11.11056 11.95216 12.56966 12.88389 12.83156 12.37302 11.63811 11.10881 11.03149 10.93038 10.58226 9.813169 9.45008 9.211923 8.715622 7.739412 6.70052 6.105018 5.494133 4.619692 3.752331 2.91127 1.986717 1.178918 .4823335 -.1596182 -.6851375 -1.131493 -1.557801 -1.956969 -2.372342 -2.840078 -3.313689 -3.742613 -4.169084 -4.615892 -4.986125 -5.177195 -5.323627 -5.383523 -5.388746 -5.337142 -5.262904 -5.286001 -5.293933 -5.204102 -5.154682 -5.195439 -5.36454 -5.396849 -5.633364 -6.01638
6.438706 6.340858 6.252538 6.607594 7.357632 8.217067 9.15929 10.18901 11.21142 12.09241 12.77581 13.21991 13.31163 12.90434 12.13335 11.5485 11.29973 11.10879 10.68593 9.869547 9.364994 9.086276 8.567411 7.541658 6.648426 6.007429 5.341303 4.451508 3.623476 2.764828 1.853848 1.056955 .3621019 -.2558044 -.7952414 -1.270247 -1.690151 -2.078011 -2.50139 -2.970248 -3.428761 -3.859405 -4.286414 -4.712928 -5.019031 -5.205733 -5.446039 -5.602354 -5.714859 -5.755661 -5.762828 -5.724977 -5.670312 -5.535087 -5.423552 -5.364961 -5.475777 -5.398806 -5.576732 -5.88287
6.114361 6.096887 6.172484 6.466104 7.176528 8.024185 8.951073 10.02946 11.15244 12.14468 12.92083 13.47403 13.65279 13.307 12.52375 11.77681 11.48498 11.20705 10.76574 10.08942 9.512524 8.987321 8.345316 7.470846 6.609951 5.824278 5.019768 4.153107 3.325842 2.470171 1.568864 .7797456 .1045169 -.4897743 -1.04752 -1.545095 -1.963543 -2.36099 -2.806213 -3.280448 -3.728243 -4.143537 -4.564835 -4.972885 -5.279531 -5.427688 -5.666191 -5.906063 -6.097772 -6.218214 -6.299635 -6.273813 -6.145002 -5.934997 -5.737648 -5.576583 -5.500643 -5.29829 -5.349905 -5.530634
5.555033 5.619335 5.806883 6.233728 6.839091 7.621753 8.530639 9.646645 10.87072 11.95868 12.7982 13.40846 13.61158 13.27457 12.51872 11.6075 11.20137 10.99771 10.62176 9.946449 9.252468 8.731316 8.068993 7.194096 6.31867 5.547386 4.717785 3.804132 3.005677 2.147816 1.199901 .403935 -.2232544 -.7986092 -1.394347 -1.917143 -2.339771 -2.766774 -3.240806 -3.719805 -4.17073 -4.573265 -4.972091 -5.369657 -5.703142 -5.867826 -6.023698 -6.290808 -6.527882 -6.696121 -6.810565 -6.802091 -6.615881 -6.333077 -6.043214 -5.775703 -5.439947 -5.097724 -4.976028 -5.017865
4.782495 4.903737 5.15285 5.66913 6.39436 7.164732 8.090451 9.255486 10.52643 11.59816 12.39746 12.95676 13.11701 12.76947 12.10324 11.32154 10.68954 10.42009 10.08537 9.470681 8.712951 8.13722 7.500368 6.643794 5.756447 4.982199 4.168693 3.323842 2.510487 1.629457 .7062667 -.1066268 -.7252154 -1.286117 -1.87648 -2.394156 -2.843345 -3.301203 -3.804002 -4.299827 -4.753196 -5.157635 -5.533794 -5.926521 -6.286695 -6.493353 -6.576972 -6.758546 -7.02371 -7.191759 -7.303677 -7.278667 -7.040607 -6.702264 -6.335907 -5.990508 -5.392591 -4.954113 -4.636976 -4.513923
3.875581 4.027359 4.278496 4.795808 5.521523 6.32829 7.287501 8.436085 9.642438 10.65973 11.42504 11.94942 12.0802 11.8083 11.24651 10.5941 10.02984 9.640768 9.18196 8.612554 7.958318 7.243462 6.555743 5.773283 4.938496 4.081023 3.286257 2.573935 1.747859 .8652279 .007075386 -.7651952 -1.397491 -1.97909 -2.56776 -3.082367 -3.552994 -4.028636 -4.549479 -5.0683 -5.514925 -5.92214 -6.304569 -6.652745 -7.042666 -7.282343 -7.360078 -7.392194 -7.570326 -7.714039 -7.768493 -7.688457 -7.394617 -7.031252 -6.639455 -6.28261 -5.490736 -5.030389 -4.571179 -4.302001
2.913216 3.051481 3.289531 3.763441 4.41346 5.193219 6.159917 7.289841 8.411051 9.347859 10.00611 10.44516 10.53201 10.27387 9.768684 9.210495 8.795413 8.439465 7.947719 7.346798 6.73604 6.033077 5.287865 4.540151 3.739201 2.951797 2.17606 1.48318 .6708739 -.1345989 -.9797842 -1.725452 -2.356109 -2.955628 -3.56797 -4.109056 -4.597379 -5.074337 -5.5763 -6.064951 -6.501452 -6.902181 -7.27832 -7.593462 -7.924481 -8.200037 -8.308549 -8.254804 -8.252174 -8.311423 -8.256661 -8.047534 -7.633299 -7.219527 -6.79885 -6.389611 -5.501494 -5.013072 -4.496711 -4.150674
1.887268 2.0297 2.305585 2.782562 3.392134 4.107239 4.978715 5.963185 6.909246 7.664299 8.143539 8.446952 8.441189 8.145432 7.698622 7.255075 6.939936 6.602896 6.17288 5.644516 5.010393 4.329122 3.657467 2.939595 2.198622 1.469356 .7844283 .0911871 -.6644008 -1.438862 -2.223203 -2.927772 -3.542109 -4.133505 -4.724744 -5.28099 -5.801011 -6.317435 -6.838212 -7.27635 -7.632803 -8.029495 -8.413519 -8.750655 -8.98456 -9.288302 -9.391203 -9.324601 -9.107196 -8.950427 -8.735635 -8.361333 -7.796845 -7.298058 -6.826441 -6.2735 -5.413618 -4.868011 -4.319631 -3.924779
.7958742 .9171618 1.240407 1.75882 2.349572 2.957859 3.668246 4.428409 5.115779 5.589232 5.824521 5.938496 5.774538 5.456366 5.090882 4.778149 4.510408 4.195621 3.815968 3.335895 2.773242 2.161723 1.587078 .9672897 .3358792 -.310916 -.9245048 -1.556792 -2.227834 -2.92351 -3.612649 -4.230211 -4.789482 -5.339338 -5.875551 -6.4077 -6.908091 -7.446226 -8.032661 -8.511552 -8.819071 -9.181643 -9.583519 -9.946712 -10.1713 -10.43697 -10.53277 -10.4952 -10.19177 -9.84704 -9.482141 -8.952 -8.226931 -7.551488 -6.921008 -6.132763 -5.305894 -4.651263 -4.076522 -3.658913
-.5315084 -.4140495 -.1061561 .4442527 1.047752 1.600679 2.16468 2.695543 3.064199 3.242666 3.247893 3.159755 2.833799 2.426175 2.025138 1.79478 1.57648 1.310567 .9624218 .5018284 .00123099 -.4809381 -.8993093 -1.387232 -1.900159 -2.416335 -2.888961 -3.383194 -3.912425 -4.468351 -5.013235 -5.483622 -5.924683 -6.373509 -6.831823 -7.323729 -7.793597 -8.31434 -8.885875 -9.440643 -9.820109 -10.20041 -10.63638 -11.03272 -11.30981 -11.50837 -11.60407 -11.58612 -11.27898 -10.82894 -10.30147 -9.600822 -8.741135 -7.883751 -7.013823 -6.026637 -5.16675 -4.370603 -3.761473 -3.32451
-1.969848 -1.844154 -1.54505 -1.027515 -.4602948 .02494013 .4359125 .7293618 .7923416 .7021101 .4210695 .1276481 -.2461306 -.6191817 -1.025699 -1.364743 -1.517226 -1.69916 -2.004618 -2.384097 -2.760239 -3.16089 -3.509232 -3.826109 -4.189123 -4.598517 -4.954706 -5.27841 -5.59127 -5.941844 -6.265757 -6.536834 -6.810742 -7.127869 -7.510668 -7.97582 -8.464232 -9.016141 -9.611913 -10.23353 -10.70483 -11.13509 -11.57448 -11.96493 -12.27138 -12.40048 -12.48783 -12.45542 -12.14774 -11.63668 -10.98241 -10.15144 -9.186419 -8.175527 -7.079293 -5.97621 -5.014976 -4.093892 -3.410462 -2.920609
-3.018267 -3.007604 -2.795142 -2.3933 -1.960666 -1.64627 -1.398117 -1.233084 -1.200774 -1.300204 -1.647024 -2.129291 -2.779663 -3.292046 -3.530727 -3.779726 -4.07139 -4.184687 -4.291209 -4.503479 -4.710697 -5.005526 -5.363477 -5.71327 -5.96367 -6.22246 -6.486142 -6.760555 -6.929498 -7.060051 -7.139448 -7.212451 -7.341264 -7.600452 -7.975467 -8.458125 -9.012868 -9.638822 -10.3013 -10.97839 -11.49952 -11.97865 -12.42277 -12.79715 -13.09029 -13.11559 -13.17924 -13.11 -12.80804 -12.29102 -11.57748 -10.65032 -9.581041 -8.430822 -7.185744 -5.990555 -4.870936 -3.883601 -3.122039 -2.551891
-3.608271 -3.589014 -3.449216 -3.222571 -2.919132 -2.724586 -2.581443 -2.546056 -2.43905 -2.504803 -2.805085 -3.281778 -3.939166 -4.568757 -4.829007 -5.07664 -5.399848 -5.549719 -5.53778 -5.587461 -5.714108 -5.934141 -6.235785 -6.58644 -6.852495 -7.019968 -7.167493 -7.31625 -7.397465 -7.428814 -7.369864 -7.328577 -7.423506 -7.74019 -8.193533 -8.743432 -9.376277 -10.06301 -10.78859 -11.483 -12.03407 -12.56119 -13.01275 -13.40698 -13.68743 -13.60588 -13.66422 -13.57116 -13.31006 -12.83896 -12.10779 -11.15277 -10.02247 -8.743727 -7.433279 -6.158702 -4.904261 -3.846621 -2.983764 -2.297408
-4.047912 -3.94313 -3.754383 -3.57109 -3.281795 -2.999827 -2.755479 -2.73952 -2.713335 -2.794389 -3.046553 -3.515282 -3.963753 -4.481319 -4.88196 -5.157831 -5.469477 -5.644463 -5.760305 -5.829558 -5.894167 -6.017199 -6.219889 -6.506544 -6.794565 -6.956412 -7.028297 -7.071687 -7.083612 -7.086119 -7.017716 -6.997791 -7.200699 -7.643347 -8.241777 -8.892598 -9.579123 -10.27473 -11.00089 -11.66534 -12.25219 -12.81554 -13.29967 -13.7661 -14.04955 -13.89648 -13.94351 -13.83529 -13.61125 -13.21479 -12.58318 -11.69615 -10.50592 -9.182111 -7.864936 -6.520627 -5.196845 -4.065513 -3.096357 -2.288858
