py_wake/examples/data/AJ_ParqueFicticio/Ridge area   Sector 9   Height 30m   Power density.grd
DSAA
90  129
 262878   265103
 6504214   6507414
 .02814009   926.9411
[rows 81 to 107 of 129, columns 0 to 61 of 90]
176.5925 179.5288 185.2166 190.7035 196.2104 203.4587 212.3062 222.5416 233.8234 244.2351 255.6598 269.3657 280.639 289.5775 292.6019 292.6084 290.66 286.4346 283.6371 283.7332 279.5284 273.9424 265.448 255.571 247.1008 239.5179 231.853 225.3626 221.1254 218.0083 216.8815 219.0053 230.6251 254.7652 288.9401 331.2013 381.7127 443.0174 512.5715 581.2202 632.2018 676.6228 712.8887 716.6872 684.6542 636.8882 577.8992 510.6818 431.6349 308.8372 156.1824 46.70501 14.32636 54.09925 29.85398 18.64263 14.89842 14.27711 13.36 12.59343 13.06933 14.59395
197.3326 206.2553 216.5744 226.8965 237.1475 247.3386 260.9582 272.9954 281.1318 290.0465 303.3412 315.5373 325.1555 332.6126 333.2038 328.442 321.1119 316.5623 316.6169 320.0106 315.1951 304.9269 292.6119 281.9633 272.9999 268.3573 263.1493 259.3379 258.7056 258.4122 262.6576 271.013 288.214 318.8404 358.4115 403.5259 458.7666 523.0652 595.9841 655.0879 695.142 732.0768 749.8164 730.5514 690.751 640.303 579.7281 516.5582 431.5959 304.0052 153.7364 58.04062 28.1917 35.75378 19.95 10.60151 9.56841 10.09278 9.990341 9.034379 7.112041 7.87374
222.5601 237.1821 253.681 268.9055 281.5808 295.9973 308.3246 314.0459 319.3452 329.5328 340.8111 348.7697 356.84 360.6314 353.7483 343.7891 335.4626 331.7374 334.0501 337.5056 328.5989 317.0717 305.4681 296.5078 291.8239 289.6089 286.9046 287.1443 293.2691 300.0743 308.0684 322.8692 348.2542 386.2595 431.6735 480.6477 539.8723 604.8676 675.2108 719.0567 748.7009 771.9066 770.2539 738.452 694.4326 640.4631 581.8947 520.5737 433.0079 306.1516 162.4168 73.64141 101.0985 40.1063 21.00137 17.94177 16.18073 15.1189 8.025414 7.629767 6.120722 4.59081
253.0699 271.5407 289.9009 304.9465 319.3572 332.3478 339.8788 343.0143 348.0996 357.4053 364.4426 367.8569 369.7267 365.5657 354.54 343.4301 335.7799 332.687 333.3666 331.9389 322.6207 311.9519 303.2515 297.8104 295.903 298.1793 302.3519 308.7458 321.962 335.558 352.2914 379.8965 416.1328 459.8124 510.1027 563.8262 619.7723 682.8676 741.7994 772.9276 792.1278 800.1395 783.2999 743.8705 694.4446 640.1564 582.1705 516.5242 432.4174 311.7806 179.1068 105.5715 142.6293 57.52604 29.26628 19.79275 18.02542 16.59687 15.94393 15.76648 16.08438 17.02543
282.9886 302.3356 319.7896 334.9099 350.6188 359.6095 362.2963 364.19 368.379 373.8557 374.6372 370.4826 362.352 350.6304 337.7615 327.7624 320.8998 317.1601 315.0107 310.7373 303.0846 294.6711 288.3725 285.643 287.8855 295.5986 307.7228 323.4217 346.3 369.5547 401.7854 444.1939 489.6914 539.0466 593.7745 646.384 694.5711 753.7621 799.262 819.5251 826.1566 818.8809 789.6387 744.885 692.0601 637.638 577.1697 510.0391 433.0223 321.8007 201.013 147.2804 215.1432 94.69817 46.31778 26.0988 19.20897 16.99579 15.56643 14.54461 14.09355 14.31079
308.8234 327.4963 343.801 358.9485 371.8948 376.4286 375.3902 373.4033 372.6013 371.8447 364.6951 352.8528 338.7809 324.9764 311.9529 303.0007 297.7798 294.2145 290.4421 285.595 278.3592 271.7696 267.9367 269.9636 277.455 290.6323 311.4878 337.7018 370.8483 407.7316 454.4559 510.1253 563.2106 618.25 671.8992 715.0179 760.3071 813.8251 845.7219 855.6772 849.6641 826.1318 783.343 730.2953 673.87 616.5072 556.1721 496.704 432.8468 333.1494 224.8807 186.7355 261.099 158.7397 79.90316 44.92698 28.82062 20.74172 16.59596 14.50087 13.45262 13.02435
328.852 345.4362 358.979 371.4089 379.229 376.9877 370.6799 363.7466 357.1451 350.3404 338.3531 324.1075 309.2533 295.5007 282.7657 273.9115 269.3258 266.7007 264.2133 259.495 253.7651 249.2173 249.1367 257.2031 270.0312 289.2597 319.7043 356.4389 400.7089 451.2335 508.1602 569.6221 629.3333 689.623 734.5903 773.0539 815.0938 860.0683 880.2388 880.3646 857.7735 816.788 763.2343 704.0887 644.4238 588.0508 534.0194 482.3331 427.3856 340.1882 247.4795 220.5836 282.1306 248.617 140.5027 84.57443 57.07888 40.03575 28.91127 22.22116 18.64297 16.45648
339.5807 352.6633 363.211 371.1581 371.5134 364.01 353.8111 342.5469 331.3953 319.2939 304.6418 289.6926 275.5026 262.5164 250.6389 242.3858 236.8394 236.1576 237.0422 235.7578 232.7097 232.3429 236.741 250.6014 271.3799 298.1228 336.506 382.0506 436.3306 495.6459 559.71 625.016 690.9567 749.6439 787.2073 821.5696 860.3621 894.2939 903.8263 890.2741 851.2306 796.9999 737.499 676.0605 618.307 563.9703 513.9724 463.76 410.4363 336.6504 262.9584 245.3098 297.1616 360.4368 229.4692 146.8945 104.6036 79.26236 59.60349 45.11912 36.01007 29.64887
342.7126 351.7232 358.8299 361.8035 354.8941 341.511 327.5726 313.3842 298.9083 284.2416 268.4248 253.731 239.3943 226.8049 217.7062 211.383 206.8427 209.5641 212.8915 214.759 215.4546 219.6392 229.3734 249.644 278.9719 314.9245 359.3998 414.013 478.8206 545.1062 614.0357 683.3267 751.9154 803.7618 833.6595 863.6351 896.0585 916.8884 913.9044 885.8146 830.017 766.3618 703.1243 640.1547 579.9783 527.9034 482.0817 437.4513 391.1983 326.9121 270.3349 258.4921 298.7703 465.2711 345.8476 238.2386 173.0184 136.0298 108.9913 86.2877 70.28693 58.60638
338.9173 343.2587 347.2323 344.7948 330.8677 313.1449 295.5685 279.8 263.8893 249.4925 234.8649 221.8768 208.6134 197.3624 191.4868 189.1089 187.6711 190.2095 195.2212 197.7899 201.5989 210.8057 226.4094 253.398 292.0794 337.6753 391.4788 456.747 530.5526 600.9711 673.6284 744.7844 809.2059 850.9213 875.1271 898.4549 920.6912 926.9411 909.5664 866.299 794.3462 720.5811 655.993 595.4086 538.7155 488.6201 446.9255 407.3526 366.7903 315.6183 271.2863 260.4118 287.9057 382.7293 461.8943 350.5212 271.2531 218.732 180.0622 145.7151 121.2134 103.5439
324.8815 325.0144 325.0011 317.1886 299.8311 280.0889 261.6201 246.3176 231.9289 220.8803 210.8356 200.4546 188.8669 179.6621 177.474 180.6796 182.5988 185.6911 191.3078 194.8959 201.0289 218.7151 238.9094 273.9735 322.0708 375.7224 438.2188 513.6232 590.3693 660.9152 733.4363 800.1235 854.3304 884.2689 900.3812 915.4072 925.4023 915.631 882.8433 822.0622 741.926 670.455 609.7369 550.7518 493.3304 445.1699 406.7013 371.9135 336.2221 300.8821 268.511 255.9794 274.0719 340.352 532.2029 443.0071 375.3812 322.7463 276.5319 231.1971 196.9221 170.4458
299.2347 297.4269 292.6327 280.0825 262.4483 244.194 227.0049 213.7464 204.429 197.4455 190.9727 184.2514 179.0542 176.2093 179.0871 184.8378 188.4553 194.5267 202.4611 207.9945 223.3968 249.4483 280.0817 323.1275 375.7123 435.7149 502.8178 581.8372 655.2255 720.6268 788.0572 842.8856 884.0331 900.2777 906.6356 911.3455 906.4597 881.567 835.8865 766.2545 689.3862 619.4554 556.2251 495.6236 435.6919 389.4033 356.871 332.0729 308.4199 283.6356 259.9305 247.6737 256.8516 300.3263 404.4523 493.4889 449.6868 410.8271 373.0913 336.7199 302.5029 269.523
268.9402 264.9039 257.4709 245.2191 228.1544 210.9241 196.7873 186.7223 180.0594 177.2965 176.0133 175.4194 176.1754 178.843 187.0331 195.2948 201.2697 210.8348 223.5464 239.7229 265.5825 298.6173 340.7421 390.6917 447.5574 511.9775 581.6443 656.4428 719.1387 777.6632 833.7233 875.3594 901.1466 906.1981 900.1326 894.2559 872.7902 837.1386 785.1964 713.1252 637.6864 567.5504 497.1791 425.6547 358.4856 312.1288 288.728 280.5191 273.0086 261.0308 246.9107 236.5482 235.9117 255.752 306.2943 415.2407 481.7197 464.5183 448.8487 436.6932 418.8681 392.1136
240.5295 234.3354 228.478 218.4879 204.8974 190.4504 175.3944 166.4536 165.6419 166.0376 167.9315 173.3115 178.242 185.696 198.5169 210.1035 223.2778 240.3636 258.7332 283.4234 315.3209 357.2737 406.29 460.343 522.3323 585.7672 656.3138 724.1187 776.9542 825.7874 869.8403 896.9861 907.5908 898.3304 880.474 860.0897 827.4782 785.5416 731.2463 663.5452 593.248 520.7444 440.4968 353.1344 270.9572 224.0306 211.5653 217.6192 226.5928 231.658 230.2084 223.2165 215.8948 217.8195 236.1713 277.1338 358.2137 479.114 485.8405 498.6507 507.4524 501.643
216.2887 210.5305 206.2028 199.2861 190.2707 178.5007 168.1856 162.8421 165.7857 168.2046 172.2274 181.0797 189.4388 201.2368 219.2502 238.142 256.8386 277.5356 302.1408 331.442 367.9897 414.7105 469.767 528.7862 590.6652 654.6745 722.7033 779.2081 822.1805 861.4709 890.457 901.1414 896.0185 874.1608 847.3032 816.8808 779.6615 736.4425 684.4818 621.7888 557.0366 487.266 400.9407 295.2567 198.6907 150.313 143.0678 159.5208 182.8244 202.072 210.8906 208.4473 197.3742 187.8587 186.448 194.3119 217.5635 259.8347 332.9216 495.3456 545.1213 561.0701
195.9413 192.8375 190.0669 186.5258 180.9252 174.7684 169.6461 168.4481 174.9622 180.1318 187.6729 199.0307 213.6126 232.6926 253.8817 274.8126 296.6754 322.5576 352.3218 385.2943 424.6864 475.4963 535.1235 595.722 653.9413 718.1176 777.8271 820.5126 854.0156 882.529 895.489 890.4007 871.956 839.9769 805.6918 768.6882 728.9599 688.0048 640.213 584.3361 526.8767 461.932 371.6969 254.3234 152.5387 100.5447 94.42782 115.7486 146.1288 173.1626 189.8719 193.2305 181.7319 164.4108 150.3034 142.2525 140.26 144.5963 153.0441 169.9699 200.1317 267.8481
181.7631 181.0466 180.7 179.1714 177.1372 175.9383 174.6065 178.2626 189.059 200.5467 214.2497 229.8214 248.1127 269.4261 292.4845 316.2995 341.7405 371.6276 405.8874 441.2486 485.8655 539.8877 602.0193 656.1642 708.6714 767.9086 815.2124 846.7574 872.804 888.5718 885.2424 866.5922 835.1036 794.7154 754.6473 713.6749 674.8539 637.5787 595.8555 549.4319 498.9331 438.5199 341.2574 223.4735 120.7549 71.8184 84.41392 109.3157 130.0229 153.9433 172.172 179.4691 168.6988 145.6307 123.9773 106.7496 93.16405 79.21287 64.29004 46.83792 21.35605 3.448914
177.9411 178.011 179.3967 179.3054 180.7804 183.2432 186.134 196.6235 211.2254 226.4849 243.85 263.1628 284.6578 308.2539 333.5934 361.2689 389.5669 422.424 457.8657 497.0558 544.4149 597.7565 653.9976 699.8049 745.571 794.696 830.8624 854.2939 872.6595 878.6564 861.9706 832.7238 792.0173 745.6282 700.2426 656.8232 620.2429 587.901 554.5157 515.3113 472.5491 417.3758 324.8285 209.6338 102.3729 45.03555 28.14999 89.83401 145.3466 159.8284 164.7304 168.4501 156.5909 131.709 105.6918 82.53611 62.77991 42.1846 18.26521 5.474751 5.47811 5.342373
182.1847 184.682 187.2547 188.5479 193.713 199.2593 205.4142 219.1475 236.7294 255.0792 274.8322 295.9892 320.122 345.6021 372.0046 400.4901 430.8154 464.7561 499.6523 539.1379 583.8548 633.0229 680.2234 720.6332 759.1218 796.4934 825.4633 844.1265 858.1465 856.0041 831.1699 792.3692 745.4591 693.4589 644.511 600.9087 568.8727 542.6464 515.3468 483.9672 451.5377 404.846 322.1103 211.9012 109.3955 52.29285 28.69565 21.16484 98.55894 145.1325 159.4628 158.3436 144.7151 120.7963 93.60165 68.73234 46.42421 24.49818 6.99065 6.535346 6.787738 7.178776
1.70141E+38 1.70141E+38 1.70141E+38 1.70141E+38 1.70141E+38 1.70141E+38 1.70141E+38 1.70141E+38 1.70141E+38 1.70141E+38 1.70141E+38 1.70141E+38 1.70141E+38 1.70141E+38 1.70141E+38 1.70141E+38 1.70141E+38 1.70141E+38 1.70141E+38 1.70141E+38 1.70141E+38 1.70141E+38 1.70141E+38 1.70141E+38 1.70141E+38 1.70141E+38 1.70141E+38 1.70141E+38 1.70141E+38 1.70141E+38 1.70141E+38 1.70141E+38 1.70141E+38 1.70141E+38 1.70141E+38 1.70141E+38 1.70141E+38 1.70141E+38 1.70141E+38 1.70141E+38 1.70141E+38 1.70141E+38 1.70141E+38 1.70141E+38 1.70141E+38 1.70141E+38 1.70141E+38 1.70141E+38 1.70141E+38 1.70141E+38 1.70141E+38 1.70141E+38 1.70141E+38 1.70141E+38 1.70141E+38 1.70141E+38 1.70141E+38 1.70141E+38 1.70141E+38 1.70141E+38 1.70141E+38 1.70141E+38
1.70141E+38 1.70141E+38 1.70141E+38 1.70141E+38 1.70141E+38 1.70141E+38 1.70141E+38 1.70141E+38 1.70141E+38 1.70141E+38 1.70141E+38 1.70141E+38 1.70141E+38 1.70141E+38 1.70141E+38 1.70141E+38 1.70141E+38 1.70141E+38 1.70141E+38 1.70141E+38 1.70141E+38 1.70141E+38 1.70141E+38 1.70141E+38 1.70141E+38 1.70141E+38 1.70141E+38 1.70141E+38 1.70141E+38 1.70141E+38 1.70141E+38 1.70141E+38 1.70141E+38 1.70141E+38 1.70141E+38 1.70141E+38 1.70141E+38 1.70141E+38 1.70141E+38 1.70141E+38 1.70141E+38 1.70141E+38 1.70141E+38 1.70141E+38 1.70141E+38 1.70141E+38 1.70141E+38 1.70141E+38 1.70141E+38 1.70141E+38 1.70141E+38 1.70141E+38 1.70141E+38 1.70141E+38 1.70141E+38 1.70141E+38 1.70141E+38 1.70141E+38 1.70141E+38 1.70141E+38 1.70141E+38 1.70141E+38
1.70141E+38 1.70141E+38 1.70141E+38 1.70141E+38 1.70141E+38 1.70141E+38 1.70141E+38 1.70141E+38 1.70141E+38 1.70141E+38 1.70141E+38 1.70141E+38 1.70141E+38 1.70141E+38 1.70141E+38 1.70141E+38 1.70141E+38 1.70141E+38 1.70141E+38 1.70141E+38 1.70141E+38 1.70141E+38 1.70141E+38 1.70141E+38 1.70141E+38 1.70141E+38 1.70141E+38 1.70141E+38 1.70141E+38 1.70141E+38 1.70141E+38 1.70141E+38 1.70141E+38 1.70141E+38 1.70141E+38 1.70141E+38 1.70141E+38 1.70141E+38 1.70141E+38 1.70141E+38 1.70141E+38 1.70141E+38 1.70141E+38 1.70141E+38 1.70141E+38 1.70141E+38 1.70141E+38 1.70141E+38 1.70141E+38 1.70141E+38 1.70141E+38 1.70141E+38 1.70141E+38 1.70141E+38 1.70141E+38 1.70141E+38 1.70141E+38 1.70141E+38 1.70141E+38 1.70141E+38 1.70141E+38 1.70141E+38
1.70141E+38 1.70141E+38 1.70141E+38 1.70141E+38 1.70141E+38 1.70141E+38 1.70141E+38 1.70141E+38 1.70141E+38 1.70141E+38 1.70141E+38 1.70141E+38 1.70141E+38 1.70141E+38 1.70141E+38 1.70141E+38 1.70141E+38 1.70141E+38 1.70141E+38 1.70141E+38 1.70141E+38 1.70141E+38 1.70141E+38 1.70141E+38 1.70141E+38 1.70141E+38 1.70141E+38 1.70141E+38 1.70141E+38 1.70141E+38 1.70141E+38 1.70141E+38 1.70141E+38 1.70141E+38 1.70141E+38 1.70141E+38 1.70141E+38 1.70141E+38 1.70141E+38 1.70141E+38 1.70141E+38 1.70141E+38 1.70141E+38 1.70141E+38 1.70141E+38 1.70141E+38 1.70141E+38 1.70141E+38 1.70141E+38 1.70141E+38 1.70141E+38 1.70141E+38 1.70141E+38 1.70141E+38 1.70141E+38 1.70141E+38 1.70141E+38 1.70141E+38 1.70141E+38 1.70141E+38 1.70141E+38 1.70141E+38
1.70141E+38 1.70141E+38 1.70141E+38 1.70141E+38 1.70141E+38 1.70141E+38 1.70141E+38 1.70141E+38 1.70141E+38 1.70141E+38 1.70141E+38 1.70141E+38 1.70141E+38 1.70141E+38 1.70141E+38 1.70141E+38 1.70141E+38 1.70141E+38 1.70141E+38 1.70141E+38 1.70141E+38 1.70141E+38 1.70141E+38 1.70141E+38 1.70141E+38 1.70141E+38 1.70141E+38 1.70141E+38 1.70141E+38 1.70141E+38 1.70141E+38 1.70141E+38 1.70141E+38 1.70141E+38 1.70141E+38 1.70141E+38 1.70141E+38 1.70141E+38 1.70141E+38 1.70141E+38 1.70141E+38 1.70141E+38 1.70141E+38 1.70141E+38 1.70141E+38 1.70141E+38 1.70141E+38 1.70141E+38 1.70141E+38 1.70141E+38 1.70141E+38 1.70141E+38 1.70141E+38 1.70141E+38 1.70141E+38 1.70141E+38 1.70141E+38 1.70141E+38 1.70141E+38 1.70141E+38 1.70141E+38 1.70141E+38
1.70141E+38 1.70141E+38 1.70141E+38 1.70141E+38 1.70141E+38 1.70141E+38 1.70141E+38 1.70141E+38 1.70141E+38 1.70141E+38 1.70141E+38 1.70141E+38 1.70141E+38 1.70141E+38 1.70141E+38 1.70141E+38 1.70141E+38 1.70141E+38 1.70141E+38 1.70141E+38 1.70141E+38 1.70141E+38 1.70141E+38 1.70141E+38 1.70141E+38 1.70141E+38 1.70141E+38 1.70141E+38 1.70141E+38 1.70141E+38 1.70141E+38 1.70141E+38 1.70141E+38 1.70141E+38 1.70141E+38 1.70141E+38 1.70141E+38 1.70141E+38 1.70141E+38 1.70141E+38 1.70141E+38 1.70141E+38 1.70141E+38 1.70141E+38 1.70141E+38 1.70141E+38 1.70141E+38 1.70141E+38 1.70141E+38 1.70141E+38 1.70141E+38 1.70141E+38 1.70141E+38 1.70141E+38 1.70141E+38 1.70141E+38 1.70141E+38 1.70141E+38 1.70141E+38 1.70141E+38 1.70141E+38 1.70141E+38
1.70141E+38 1.70141E+38 1.70141E+38 1.70141E+38 1.70141E+38 1.70141E+38 1.70141E+38 1.70141E+38 1.70141E+38 1.70141E+38 1.70141E+38 1.70141E+38 1.70141E+38 1.70141E+38 1.70141E+38 1.70141E+38 1.70141E+38 1.70141E+38 1.70141E+38 1.70141E+38 1.70141E+38 1.70141E+38 1.70141E+38 1.70141E+38 1.70141E+38 1.70141E+38 1.70141E+38 1.70141E+38 1.70141E+38 1.70141E+38 1.70141E+38 1.70141E+38 1.70141E+38 1.70141E+38 1.70141E+38 1.70141E+38 1.70141E+38 1.70141E+38 1.70141E+38 1.70141E+38 1.70141E+38 1.70141E+38 1.70141E+38 1.70141E+38 1.70141E+38 1.70141E+38 1.70141E+38 1.70141E+38 1.70141E+38 1.70141E+38 1.70141E+38 1.70141E+38 1.70141E+38 1.70141E+38 1.70141E+38 1.70141E+38 1.70141E+38 1.70141E+38 1.70141E+38 1.70141E+38 1.70141E+38 1.70141E+38
1.70141E+38 1.70141E+38 1.70141E+38 1.70141E+38 1.70141E+38 1.70141E+38 1.70141E+38 1.70141E+38 1.70141E+38 1.70141E+38 1.70141E+38 1.70141E+38 1.70141E+38 1.70141E+38 1.70141E+38 1.70141E+38 1.70141E+38 1.70141E+38 1.70141E+38 1.70141E+38 1.70141E+38 1.70141E+38 1.70141E+38 1.70141E+38 1.70141E+38 1.70141E+38 1.70141E+38 1.70141E+38 1.70141E+38 1.70141E+38 1.70141E+38 1.70141E+38 1.70141E+38 1.70141E+38 1.70141E+38 1.70141E+38 1.70141E+38 1.70141E+38 1.70141E+38 1.70141E+38 1.70141E+38 1.70141E+38 1.70141E+38 1.70141E+38 1.70141E+38 1.70141E+38 1.70141E+38 1.70141E+38 1.70141E+38 1.70141E+38 1.70141E+38 1.70141E+38 1.70141E+38 1.70141E+38 1.70141E+38 1.70141E+38 1.70141E+38 1.70141E+38 1.70141E+38 1.70141E+38 1.70141E+38 1.70141E+38
