py_wake/examples/data/AJ_ParqueFicticio/Ridge area   Sector 8   Height 30m   Weibull-A.grd
DSAA
90  129
 262878   265103
 6504214   6507414
 .3492029   9.453814
[rows 81 to 107 of 129, columns 0 to 61 of 90]
5.169219 5.148092 5.176108 5.220842 5.295955 5.417379 5.571743 5.748424 5.936509 6.088744 6.223519 6.358606 6.443089 6.47296 6.444126 6.371001 6.259069 6.082211 5.891972 5.71268 5.503341 5.322742 5.140581 4.979662 4.841487 4.743268 4.661022 4.608303 4.594657 4.611419 4.661668 4.766055 4.962452 5.247569 5.599376 5.995217 6.399325 6.817597 7.22395 7.587601 7.84289 8.04981 8.228564 8.296747 8.256537 8.184277 8.06705 7.907188 7.615831 7.143268 6.621581 6.000693 5.256651 4.434323 3.739786 3.158838 2.865531 2.82437 2.761869 2.707383 2.740443 2.842469
5.635552 5.697558 5.782025 5.87882 5.99702 6.126871 6.28059 6.429197 6.542956 6.648837 6.782982 6.897357 6.969128 7.007905 7.004793 6.943105 6.818245 6.669361 6.513774 6.387119 6.189204 5.947945 5.6984 5.502522 5.363446 5.276289 5.196061 5.144147 5.137692 5.146706 5.185709 5.267614 5.434075 5.718398 6.052127 6.407219 6.790425 7.184273 7.577452 7.876178 8.074733 8.255025 8.361851 8.346524 8.281713 8.186847 8.052191 7.893142 7.541949 7.07188 6.537688 5.863882 4.294895 3.860784 3.290831 2.558316 2.471553 2.515153 2.50597 2.422809 2.236609 2.313271
6.079658 6.18772 6.316363 6.445431 6.5648 6.706857 6.848137 6.947793 7.03111 7.13238 7.233405 7.307648 7.366447 7.387451 7.343377 7.255795 7.142362 7.02746 6.926486 6.825164 6.601819 6.326373 6.047909 5.849151 5.732949 5.671883 5.608432 5.577864 5.604135 5.62435 5.651993 5.73231 5.902512 6.176469 6.49039 6.807022 7.163295 7.512871 7.858806 8.076532 8.231097 8.363706 8.408524 8.359669 8.279491 8.166638 8.026212 7.852849 7.479656 7.039505 6.5194 5.832535 2.050689 3.954856 3.184125 2.996468 2.893984 2.829528 2.328909 2.289432 2.126787 1.931951
6.524182 6.651825 6.783492 6.897241 7.006996 7.123481 7.213489 7.280067 7.345124 7.419518 7.479407 7.517579 7.535374 7.505296 7.433532 7.343195 7.242895 7.139445 7.027357 6.883127 6.678213 6.440212 6.19941 5.986385 5.873903 5.84306 5.841745 5.862002 5.938522 5.999695 6.069328 6.208747 6.405364 6.649897 6.931421 7.214801 7.493553 7.78301 8.046516 8.196001 8.310502 8.398094 8.402596 8.332311 8.234941 8.116359 7.975893 7.754424 7.389153 6.999213 6.521508 5.436982 2.291181 4.388377 3.529637 3.095887 2.999676 2.918457 2.878767 2.867215 2.885604 2.940169
6.885314 7.00727 7.118403 7.217635 7.319783 7.397597 7.449389 7.495682 7.537236 7.565713 7.568139 7.538155 7.480318 7.404367 7.312092 7.223387 7.126556 7.016251 6.879965 6.705926 6.51369 6.304565 6.096323 5.934214 5.844512 5.842762 5.907686 6.01053 6.163222 6.296609 6.471612 6.690862 6.905928 7.124223 7.368649 7.598292 7.786413 8.004449 8.175877 8.264973 8.331457 8.363742 8.33812 8.263276 8.156526 8.03473 7.861059 7.614541 7.292576 6.954459 6.525188 5.207139 2.331474 5.098409 4.089492 3.394813 3.063848 2.941484 2.85558 2.790737 2.760744 2.774129
7.156123 7.254241 7.344276 7.429222 7.504582 7.542964 7.555963 7.558424 7.553006 7.527085 7.464085 7.370772 7.262503 7.157226 7.062927 6.973104 6.889356 6.778307 6.634755 6.463541 6.286141 6.106581 5.93878 5.821367 5.767848 5.796727 5.921258 6.103234 6.33325 6.560752 6.823398 7.108943 7.334371 7.542992 7.73883 7.875818 8.011272 8.166437 8.256042 8.291277 8.293483 8.249026 8.159252 8.048133 7.925477 7.78159 7.604375 7.400938 7.161857 6.871454 6.465869 5.195682 2.647372 5.966475 4.865351 4.068719 3.507626 3.143435 2.917099 2.787735 2.717939 2.687942
7.319328 7.385619 7.441326 7.491178 7.519108 7.50753 7.474726 7.428653 7.373064 7.299603 7.198752 7.080826 6.958001 6.841217 6.735579 6.646607 6.565929 6.479492 6.379077 6.242392 6.082031 5.919509 5.790253 5.727252 5.715352 5.776546 5.959991 6.204117 6.494368 6.798455 7.10571 7.397299 7.639122 7.857169 7.992226 8.080485 8.179915 8.276415 8.297171 8.273718 8.190608 8.058904 7.903265 7.740087 7.587423 7.445907 7.295068 7.129375 6.95301 6.706666 6.294465 5.193439 3.120641 3.867834 5.819472 5.024143 4.40709 3.91414 3.510188 3.214084 3.030264 2.905833
7.368525 7.39703 7.414925 7.421337 7.398274 7.343134 7.273369 7.187609 7.086138 6.962916 6.828483 6.697873 6.575371 6.464829 6.368162 6.290898 6.219936 6.167806 6.111385 6.018316 5.896176 5.78613 5.700499 5.689029 5.73474 5.843788 6.058459 6.334957 6.665726 7.001667 7.323584 7.613168 7.865216 8.063906 8.160099 8.225214 8.285326 8.330998 8.299004 8.200426 8.023472 7.827442 7.627317 7.432953 7.257072 7.099561 6.943802 6.773083 6.599265 6.391949 6.031137 5.118127 3.539924 2.266225 6.815896 6.010839 5.39364 4.915406 4.468075 4.070442 3.774258 3.53618
7.333805 7.324892 7.30511 7.266232 7.188361 7.086265 6.981177 6.86623 6.729883 6.580287 6.433777 6.299027 6.171642 6.065442 5.984698 5.922853 5.867422 5.859822 5.845258 5.803126 5.733412 5.684641 5.653728 5.694417 5.80188 5.962446 6.193074 6.494333 6.857107 7.202615 7.527494 7.815538 8.063381 8.222291 8.285369 8.329007 8.356463 8.34898 8.260699 8.076452 7.819136 7.5546 7.298363 7.050631 6.812279 6.60827 6.443345 6.275426 6.134172 5.933503 5.674424 5.020287 3.893229 2.516204 4.193438 7.09647 6.379236 5.885776 5.46468 5.053347 4.71761 4.438645
7.227552 7.184517 7.137362 7.05701 6.92595 6.781509 6.637613 6.512979 6.379453 6.24512 6.10148 5.954175 5.801103 5.677683 5.619696 5.607044 5.601059 5.615568 5.634083 5.615827 5.591689 5.602677 5.625209 5.720329 5.894582 6.111127 6.376235 6.707207 7.080101 7.418141 7.733362 8.010145 8.234505 8.346174 8.377816 8.38946 8.381419 8.323589 8.171709 7.917226 7.542782 7.187998 6.892309 6.603761 6.304985 6.023516 5.800842 5.61885 5.478509 5.319096 5.189958 4.809309 4.062572 2.967373 1.884302 6.562772 7.411057 6.896058 6.461047 6.0187 5.658353 5.366879
7.014951 6.944664 6.86748 6.755978 6.603573 6.457857 6.319466 6.199356 6.076366 5.955325 5.834538 5.700321 5.549676 5.428378 5.396074 5.441129 5.475628 5.511907 5.560762 5.572793 5.580298 5.65391 5.714657 5.869634 6.100655 6.351353 6.63676 6.981643 7.32819 7.625489 7.90552 8.138035 8.306175 8.369243 8.366601 8.337423 8.276018 8.146635 7.947699 7.607838 7.208231 6.828668 6.465451 6.051013 5.603687 5.235351 4.982485 4.802729 4.667408 4.600035 4.633122 4.447291 3.924237 3.069289 2.008869 3.421162 8.05533 7.850805 7.454682 7.020538 6.652721 6.337945
6.668726 6.585997 6.481053 6.359777 6.231121 6.099614 5.970268 5.860272 5.765212 5.686003 5.606813 5.518218 5.441001 5.391893 5.403955 5.46251 5.507739 5.579062 5.661897 5.706588 5.784267 5.908328 6.039864 6.2369 6.472521 6.725004 6.994887 7.304432 7.589356 7.819554 8.037459 8.19654 8.288655 8.297945 8.262305 8.195768 8.076785 7.881839 7.622871 7.255888 6.837091 6.341898 5.793341 5.206413 4.626705 4.242038 4.033778 3.935748 3.884888 3.867894 4.02661 3.957861 3.58842 2.953361 2.217543 1.759687 4.410625 8.50733 8.236732 7.958008 7.67682 7.384935
6.258963 6.185369 6.104617 5.998516 5.861062 5.72037 5.589518 5.502791 5.448646 5.43653 5.43325 5.428954 5.431733 5.449227 5.522723 5.600451 5.657947 5.758516 5.869334 5.982752 6.147821 6.309892 6.503168 6.71407 6.935541 7.171482 7.408382 7.649197 7.841929 8.003992 8.152028 8.237575 8.259994 8.21277 8.129933 8.024501 7.849745 7.615447 7.318921 6.923177 6.383808 5.663734 4.852929 4.101893 3.506691 3.174283 3.060786 3.085481 3.12918 3.1688 3.461968 3.521201 3.294118 2.838002 2.32001 1.754047 1.943142 4.654138 8.759084 8.678056 8.556855 8.368805
5.922088 5.848473 5.795186 5.711622 5.583488 5.414908 5.236345 5.162797 5.205454 5.25777 5.32052 5.403193 5.473013 5.558496 5.69119 5.806257 5.914877 6.047866 6.197894 6.385291 6.58604 6.788617 6.990348 7.17904 7.372745 7.561921 7.759013 7.936174 8.05058 8.152608 8.234385 8.258582 8.219289 8.110582 7.971748 7.814484 7.596294 7.342617 7.029975 6.613316 5.919795 4.889211 3.870165 3.024797 2.468569 2.331968 2.34261 2.416381 2.501557 2.613866 3.009952 3.182371 3.057095 2.741671 2.356496 1.999861 1.631947 1.395584 3.553454 7.851083 9.121668 9.085434
5.655284 5.584105 5.545219 5.493886 5.384586 5.229906 5.105949 5.068412 5.165305 5.252572 5.346591 5.493572 5.619545 5.763603 5.948693 6.127979 6.29565 6.461683 6.647162 6.849376 7.046562 7.243442 7.443089 7.627933 7.779449 7.894077 8.046118 8.14887 8.19905 8.23906 8.248734 8.208547 8.120675 7.974853 7.80597 7.612135 7.38564 7.133243 6.823184 6.366833 5.483668 4.267552 3.096502 2.140298 1.823152 1.750461 1.800299 1.906174 2.028087 2.307404 2.739888 2.964639 2.914444 2.673219 2.376963 2.100919 1.899218 1.744833 1.530863 1.436309 3.698687 9.430192
5.419715 5.379744 5.35472 5.333265 5.260846 5.187193 5.141246 5.155216 5.289572 5.398062 5.534857 5.706338 5.905193 6.121652 6.334233 6.530125 6.716504 6.914172 7.120007 7.314044 7.494539 7.678799 7.864127 8.026879 8.129339 8.194009 8.280102 8.303478 8.296576 8.273656 8.212927 8.110264 7.977945 7.80426 7.616816 7.407384 7.180284 6.9373 6.629455 6.159421 5.15804 3.791792 2.503087 1.66006 1.324117 1.185584 1.283094 1.415069 1.730642 2.240936 2.650502 2.877493 2.866504 2.661444 2.402434 2.167219 1.993894 1.889154 1.875256 1.920887 1.980798 1.95101
5.256159 5.245377 5.246232 5.244505 5.227515 5.223587 5.232782 5.314075 5.48292 5.642184 5.847425 6.057501 6.275014 6.504172 6.724555 6.935254 7.140021 7.352212 7.560091 7.742782 7.921877 8.089839 8.243918 8.342141 8.38786 8.402623 8.431114 8.401983 8.34857 8.266844 8.136456 7.973608 7.788475 7.586758 7.386578 7.173018 6.957614 6.733411 6.45055 5.985018 4.911593 3.427729 2.387097 2.085799 2.723219 4.362664 3.911757 3.518188 2.634193 2.643556 2.837663 2.976646 2.940979 2.726361 2.461293 2.228269 2.061314 1.939104 1.924923 2.031951 2.188262 2.371702
5.240208 5.234004 5.247666 5.249583 5.274354 5.316186 5.36631 5.515911 5.738668 5.961244 6.18245 6.409633 6.632617 6.857769 7.08302 7.303455 7.505421 7.706378 7.898623 8.074647 8.239724 8.371462 8.466314 8.504935 8.50089 8.489664 8.471334 8.41025 8.326255 8.203397 8.026705 7.822921 7.597803 7.367934 7.145586 6.926576 6.730759 6.530605 6.274742 5.809911 4.769888 3.446642 2.544384 2.714908 5.294168 4.15335 3.550545 3.409302 3.52474 3.826595 3.493758 3.323452 3.181981 2.908832 2.597593 2.324334 2.128301 1.994056 1.942066 2.043661 2.223836 2.42812
5.347857 5.366429 5.388634 5.391449 5.443373 5.508636 5.609439 5.80903 6.041623 6.267353 6.48807 6.707149 6.927564 7.142008 7.347851 7.552203 7.74412 7.926218 8.088702 8.236554 8.358772 8.445786 8.483749 8.474759 8.447842 8.440885 8.398703 8.326794 8.234817 8.096079 7.896424 7.663433 7.406311 7.143929 6.898568 6.678074 6.501661 6.329119 6.101927 5.682848 4.770173 3.579653 2.725461 2.987264 5.583543 4.364499 3.57243 3.227226 3.195867 3.383883 3.65773 3.903541 3.664548 3.26277 2.857033 2.507714 2.252593 2.08545 2.001056 2.034046 2.185016 2.382664
1.70141E+38 1.70141E+38 1.70141E+38 1.70141E+38 1.70141E+38 1.70141E+38 1.70141E+38 1.70141E+38 1.70141E+38 1.70141E+38 1.70141E+38 1.70141E+38 1.70141E+38 1.70141E+38 1.70141E+38 1.70141E+38 1.70141E+38 1.70141E+38 1.70141E+38 1.70141E+38 1.70141E+38 1.70141E+38 1.70141E+38 1.70141E+38 1.70141E+38 1.70141E+38 1.70141E+38 1.70141E+38 1.70141E+38 1.70141E+38 1.70141E+38 1.70141E+38 1.70141E+38 1.70141E+38 1.70141E+38 1.70141E+38 1.70141E+38 1.70141E+38 1.70141E+38 1.70141E+38 1.70141E+38 1.70141E+38 1.70141E+38 1.70141E+38 1.70141E+38 1.70141E+38 1.70141E+38 1.70141E+38 1.70141E+38 1.70141E+38 1.70141E+38 1.70141E+38 1.70141E+38 1.70141E+38 1.70141E+38 1.70141E+38 1.70141E+38 1.70141E+38 1.70141E+38 1.70141E+38 1.70141E+38 1.70141E+38
1.70141E+38 1.70141E+38 1.70141E+38 1.70141E+38 1.70141E+38 1.70141E+38 1.70141E+38 1.70141E+38 1.70141E+38 1.70141E+38 1.70141E+38 1.70141E+38 1.70141E+38 1.70141E+38 1.70141E+38 1.70141E+38 1.70141E+38 1.70141E+38 1.70141E+38 1.70141E+38 1.70141E+38 1.70141E+38 1.70141E+38 1.70141E+38 1.70141E+38 1.70141E+38 1.70141E+38 1.70141E+38 1.70141E+38 1.70141E+38 1.70141E+38 1.70141E+38 1.70141E+38 1.70141E+38 1.70141E+38 1.70141E+38 1.70141E+38 1.70141E+38 1.70141E+38 1.70141E+38 1.70141E+38 1.70141E+38 1.70141E+38 1.70141E+38 1.70141E+38 1.70141E+38 1.70141E+38 1.70141E+38 1.70141E+38 1.70141E+38 1.70141E+38 1.70141E+38 1.70141E+38 1.70141E+38 1.70141E+38 1.70141E+38 1.70141E+38 1.70141E+38 1.70141E+38 1.70141E+38 1.70141E+38 1.70141E+38
1.70141E+38 1.70141E+38 1.70141E+38 1.70141E+38 1.70141E+38 1.70141E+38 1.70141E+38 1.70141E+38 1.70141E+38 1.70141E+38 1.70141E+38 1.70141E+38 1.70141E+38 1.70141E+38 1.70141E+38 1.70141E+38 1.70141E+38 1.70141E+38 1.70141E+38 1.70141E+38 1.70141E+38 1.70141E+38 1.70141E+38 1.70141E+38 1.70141E+38 1.70141E+38 1.70141E+38 1.70141E+38 1.70141E+38 1.70141E+38 1.70141E+38 1.70141E+38 1.70141E+38 1.70141E+38 1.70141E+38 1.70141E+38 1.70141E+38 1.70141E+38 1.70141E+38 1.70141E+38 1.70141E+38 1.70141E+38 1.70141E+38 1.70141E+38 1.70141E+38 1.70141E+38 1.70141E+38 1.70141E+38 1.70141E+38 1.70141E+38 1.70141E+38 1.70141E+38 1.70141E+38 1.70141E+38 1.70141E+38 1.70141E+38 1.70141E+38 1.70141E+38 1.70141E+38 1.70141E+38 1.70141E+38 1.70141E+38
1.70141E+38 1.70141E+38 1.70141E+38 1.70141E+38 1.70141E+38 1.70141E+38 1.70141E+38 1.70141E+38 1.70141E+38 1.70141E+38 1.70141E+38 1.70141E+38 1.70141E+38 1.70141E+38 1.70141E+38 1.70141E+38 1.70141E+38 1.70141E+38 1.70141E+38 1.70141E+38 1.70141E+38 1.70141E+38 1.70141E+38 1.70141E+38 1.70141E+38 1.70141E+38 1.70141E+38 1.70141E+38 1.70141E+38 1.70141E+38 1.70141E+38 1.70141E+38 1.70141E+38 1.70141E+38 1.70141E+38 1.70141E+38 1.70141E+38 1.70141E+38 1.70141E+38 1.70141E+38 1.70141E+38 1.70141E+38 1.70141E+38 1.70141E+38 1.70141E+38 1.70141E+38 1.70141E+38 1.70141E+38 1.70141E+38 1.70141E+38 1.70141E+38 1.70141E+38 1.70141E+38 1.70141E+38 1.70141E+38 1.70141E+38 1.70141E+38 1.70141E+38 1.70141E+38 1.70141E+38 1.70141E+38 1.70141E+38
1.70141E+38 1.70141E+38 1.70141E+38 1.70141E+38 1.70141E+38 1.70141E+38 1.70141E+38 1.70141E+38 1.70141E+38 1.70141E+38 1.70141E+38 1.70141E+38 1.70141E+38 1.70141E+38 1.70141E+38 1.70141E+38 1.70141E+38 1.70141E+38 1.70141E+38 1.70141E+38 1.70141E+38 1.70141E+38 1.70141E+38 1.70141E+38 1.70141E+38 1.70141E+38 1.70141E+38 1.70141E+38 1.70141E+38 1.70141E+38 1.70141E+38 1.70141E+38 1.70141E+38 1.70141E+38 1.70141E+38 1.70141E+38 1.70141E+38 1.70141E+38 1.70141E+38 1.70141E+38 1.70141E+38 1.70141E+38 1.70141E+38 1.70141E+38 1.70141E+38 1.70141E+38 1.70141E+38 1.70141E+38 1.70141E+38 1.70141E+38 1.70141E+38 1.70141E+38 1.70141E+38 1.70141E+38 1.70141E+38 1.70141E+38 1.70141E+38 1.70141E+38 1.70141E+38 1.70141E+38 1.70141E+38 1.70141E+38
1.70141E+38 1.70141E+38 1.70141E+38 1.70141E+38 1.70141E+38 1.70141E+38 1.70141E+38 1.70141E+38 1.70141E+38 1.70141E+38 1.70141E+38 1.70141E+38 1.70141E+38 1.70141E+38 1.70141E+38 1.70141E+38 1.70141E+38 1.70141E+38 1.70141E+38 1.70141E+38 1.70141E+38 1.70141E+38 1.70141E+38 1.70141E+38 1.70141E+38 1.70141E+38 1.70141E+38 1.70141E+38 1.70141E+38 1.70141E+38 1.70141E+38 1.70141E+38 1.70141E+38 1.70141E+38 1.70141E+38 1.70141E+38 1.70141E+38 1.70141E+38 1.70141E+38 1.70141E+38 1.70141E+38 1.70141E+38 1.70141E+38 1.70141E+38 1.70141E+38 1.70141E+38 1.70141E+38 1.70141E+38 1.70141E+38 1.70141E+38 1.70141E+38 1.70141E+38 1.70141E+38 1.70141E+38 1.70141E+38 1.70141E+38 1.70141E+38 1.70141E+38 1.70141E+38 1.70141E+38 1.70141E+38 1.70141E+38
1.70141E+38 1.70141E+38 1.70141E+38 1.70141E+38 1.70141E+38 1.70141E+38 1.70141E+38 1.70141E+38 1.70141E+38 1.70141E+38 1.70141E+38 1.70141E+38 1.70141E+38 1.70141E+38 1.70141E+38 1.70141E+38 1.70141E+38 1.70141E+38 1.70141E+38 1.70141E+38 1.70141E+38 1.70141E+38 1.70141E+38 1.70141E+38 1.70141E+38 1.70141E+38 1.70141E+38 1.70141E+38 1.70141E+38 1.70141E+38 1.70141E+38 1.70141E+38 1.70141E+38 1.70141E+38 1.70141E+38 1.70141E+38 1.70141E+38 1.70141E+38 1.70141E+38 1.70141E+38 1.70141E+38 1.70141E+38 1.70141E+38 1.70141E+38 1.70141E+38 1.70141E+38 1.70141E+38 1.70141E+38 1.70141E+38 1.70141E+38 1.70141E+38 1.70141E+38 1.70141E+38 1.70141E+38 1.70141E+38 1.70141E+38 1.70141E+38 1.70141E+38 1.70141E+38 1.70141E+38 1.70141E+38 1.70141E+38
1.70141E+38 1.70141E+38 1.70141E+38 1.70141E+38 1.70141E+38 1.70141E+38 1.70141E+38 1.70141E+38 1.70141E+38 1.70141E+38 1.70141E+38 1.70141E+38 1.70141E+38 1.70141E+38 1.70141E+38 1.70141E+38 1.70141E+38 1.70141E+38 1.70141E+38 1.70141E+38 1.70141E+38 1.70141E+38 1.70141E+38 1.70141E+38 1.70141E+38 1.70141E+38 1.70141E+38 1.70141E+38 1.70141E+38 1.70141E+38 1.70141E+38 1.70141E+38 1.70141E+38 1.70141E+38 1.70141E+38 1.70141E+38 1.70141E+38 1.70141E+38 1.70141E+38 1.70141E+38 1.70141E+38 1.70141E+38 1.70141E+38 1.70141E+38 1.70141E+38 1.70141E+38 1.70141E+38 1.70141E+38 1.70141E+38 1.70141E+38 1.70141E+38 1.70141E+38 1.70141E+38 1.70141E+38 1.70141E+38 1.70141E+38 1.70141E+38 1.70141E+38 1.70141E+38 1.70141E+38 1.70141E+38 1.70141E+38
