py_wake/examples/data/AJ_ParqueFicticio/Ridge area   Sector 10   Height 200m   Orographic speed.grd
DSAA
90  129
 262878   265103
 6504214   6507414
 .08324116   1.545591
[rows 81 to 107 of 129, columns 0 to 61 of 90]
.9338527 .9434645 .9539602 .9620163 .9675167 .972742 .9792588 .9868338 .996731 1.006914 1.018484 1.031167 1.039595 1.041615 1.036825 1.031683 1.028545 1.026489 1.028814 1.032646 1.032034 1.032608 1.033776 1.036665 1.03976 1.042528 1.043255 1.044217 1.045988 1.047193 1.049518 1.055851 1.070707 1.096797 1.130126 1.168028 1.210205 1.258842 1.310684 1.358483 1.396754 1.434287 1.465368 1.479563 1.477229 1.465692 1.444637 1.415725 1.372485 1.303023 1.169571 .9374094 .6654105 .474348 .3873841 .3508282 .346666 .3435462 .3432387 .3462356 .3493883 .35372
.9452738 .9601757 .9741328 .9846801 .9927826 .9999053 1.007815 1.013914 1.018807 1.026631 1.038649 1.050499 1.059847 1.06352 1.058259 1.051128 1.044543 1.042806 1.047704 1.054563 1.051704 1.046801 1.043154 1.044647 1.049883 1.056243 1.059826 1.063713 1.069352 1.073067 1.077502 1.085215 1.100544 1.128506 1.162264 1.199021 1.242286 1.291281 1.3437 1.385329 1.417543 1.452612 1.476285 1.480312 1.473678 1.460623 1.438852 1.411577 1.365703 1.291877 1.146458 .9000165 .6261317 .4540714 .3653741 .35051 .3399276 .334134 .3357404 .343678 .3520543 .3606728
.9574496 .9763772 .9942923 1.007625 1.015794 1.024402 1.031494 1.032917 1.035053 1.043881 1.053968 1.061744 1.07172 1.07752 1.070213 1.059814 1.05254 1.051588 1.058201 1.067194 1.06095 1.052832 1.047349 1.048252 1.055997 1.066372 1.073337 1.08097 1.091859 1.099016 1.105726 1.116742 1.135102 1.164067 1.198198 1.233865 1.276929 1.324841 1.374074 1.407071 1.434343 1.463471 1.479816 1.478206 1.469361 1.455128 1.434059 1.407013 1.361105 1.289766 1.148344 .9091396 .6423313 .4717381 .3800466 .3604513 .3481072 .3403459 .3406564 .3466512 .3538412 .3634035
.9696614 .9914543 1.010947 1.024738 1.034766 1.042555 1.045457 1.045155 1.047813 1.056154 1.062777 1.066778 1.071995 1.074095 1.06732 1.058326 1.052381 1.051722 1.056317 1.062059 1.056958 1.049459 1.044343 1.044988 1.052754 1.066755 1.079922 1.092701 1.109265 1.121339 1.134054 1.152629 1.175514 1.20401 1.237645 1.273277 1.311571 1.357383 1.399479 1.424965 1.446864 1.468487 1.478853 1.474034 1.463295 1.44897 1.42936 1.400247 1.356231 1.293747 1.169824 .9645522 .720392 .5319878 .4244719 .3724087 .3608188 .3510409 .3462511 .3448459 .3470417 .353588
.9821373 1.004914 1.023562 1.038044 1.050737 1.055644 1.054782 1.054262 1.057606 1.063661 1.0661 1.06473 1.062174 1.059019 1.053501 1.047952 1.043965 1.043288 1.044855 1.046855 1.043119 1.03688 1.032381 1.033838 1.04232 1.058806 1.078239 1.098202 1.121671 1.140476 1.163664 1.191495 1.218506 1.247007 1.279372 1.31219 1.345166 1.3874 1.421272 1.440637 1.456389 1.469124 1.47356 1.467206 1.455369 1.44154 1.421538 1.392292 1.353343 1.303068 1.202534 1.037809 .8261836 .6281512 .49466 .4083649 .3685358 .353809 .3434605 .335646 .3320237 .3336183
.994552 1.015938 1.033515 1.04883 1.061578 1.064127 1.060942 1.058155 1.059145 1.062739 1.060788 1.053967 1.046446 1.040287 1.034015 1.030472 1.030265 1.030453 1.030413 1.030075 1.025455 1.019688 1.01602 1.020045 1.030145 1.048454 1.073707 1.101039 1.131489 1.159528 1.192192 1.228234 1.259219 1.289431 1.318633 1.344635 1.37565 1.413652 1.439988 1.454296 1.462758 1.466052 1.463302 1.454057 1.441262 1.42657 1.407092 1.382069 1.351626 1.312694 1.235506 1.109586 .9329657 .7461937 .5932736 .4894272 .4219138 .3780982 .350858 .3352834 .326874 .3232518
1.004886 1.024694 1.040989 1.055283 1.065354 1.065139 1.059706 1.054289 1.051286 1.050349 1.045571 1.03732 1.02857 1.020792 1.013337 1.00935 1.010263 1.013278 1.015283 1.013844 1.009016 1.003012 1.001054 1.009277 1.021863 1.041528 1.072452 1.10624 1.143108 1.179948 1.219287 1.258595 1.294135 1.32671 1.350345 1.372371 1.402255 1.435486 1.455721 1.464553 1.464231 1.458022 1.448406 1.435386 1.421334 1.407172 1.390814 1.370695 1.347852 1.318312 1.262397 1.167742 1.027459 .8665715 .7161103 .6043524 .5301147 .4707978 .4221905 .3865588 .3644341 .3494536
1.01089 1.028474 1.043843 1.05584 1.061144 1.058411 1.051891 1.044596 1.03844 1.032225 1.024734 1.015731 1.006861 .9986794 .9912111 .9870676 .9865618 .9918456 .997649 .9984233 .9950365 .9923571 .9923952 1.004336 1.021636 1.044639 1.078347 1.116387 1.158704 1.200777 1.244053 1.285696 1.325396 1.356898 1.37633 1.396762 1.424692 1.452863 1.468157 1.47033 1.460217 1.445588 1.430716 1.414803 1.399498 1.385455 1.371379 1.354901 1.337019 1.315482 1.277954 1.211805 1.109463 .9807726 .8433536 .7265099 .6487803 .5912283 .5373984 .4895504 .4539078 .425256
1.013487 1.02857 1.043066 1.052684 1.052496 1.046038 1.03818 1.029738 1.021366 1.012352 1.0029 .9930096 .9828019 .9743183 .968792 .9658274 .9645113 .9724379 .9806611 .9847177 .9846054 .9865432 .9900108 1.00547 1.02834 1.055926 1.09075 1.132294 1.179081 1.223525 1.268795 1.31222 1.353988 1.382275 1.398363 1.417521 1.442849 1.465995 1.476249 1.471406 1.452036 1.429772 1.40997 1.390214 1.3713 1.356002 1.345057 1.333691 1.322643 1.30686 1.28375 1.244463 1.177717 1.083289 .9669446 .8536229 .7673292 .7079404 .6572607 .60776 .5673552 .5337815
1.012488 1.024351 1.03844 1.045865 1.040328 1.030178 1.019864 1.011149 1.002391 .9937554 .9844533 .9739441 .9619984 .9526486 .9505412 .9527113 .9545577 .9618436 .9711021 .9753771 .9788186 .9860074 .9932528 1.012499 1.041059 1.073522 1.111486 1.157194 1.205627 1.250182 1.295629 1.338998 1.379702 1.404198 1.417774 1.434916 1.456507 1.474165 1.479037 1.467928 1.439026 1.408026 1.384799 1.363063 1.342253 1.325761 1.316059 1.308984 1.302962 1.293516 1.279591 1.259762 1.220951 1.154145 1.064775 .9708673 .8914364 .8294515 .7770929 .7238569 .6804876 .6454047
1.004314 1.013612 1.024932 1.029978 1.021952 1.009827 .9987082 .9908265 .9835647 .9767888 .9702377 .9617518 .9508521 .9424939 .9435961 .951507 .9567081 .9640364 .9734457 .9784214 .9847494 .9983284 1.009084 1.033254 1.066744 1.102327 1.14267 1.191539 1.238354 1.280511 1.324368 1.364209 1.399692 1.420456 1.431888 1.44685 1.463746 1.475068 1.474898 1.456422 1.421605 1.387998 1.362085 1.336748 1.312223 1.294655 1.285873 1.281194 1.277487 1.274927 1.269034 1.258737 1.233531 1.18332 1.116053 1.049541 .9933311 .944282 .896596 .8443419 .8000692 .7621791
.9866226 .9954154 1.003501 1.004299 .9962739 .9848673 .9736436 .9664572 .962117 .9596903 .9571395 .9528172 .9480676 .9456329 .9510201 .960003 .9655582 .9746117 .985117 .9915468 1.003898 1.022901 1.042543 1.071595 1.106272 1.143674 1.184506 1.231857 1.274048 1.311874 1.352049 1.385887 1.41406 1.430781 1.440424 1.453251 1.464532 1.469294 1.463902 1.440988 1.404976 1.369192 1.338216 1.309529 1.281325 1.26276 1.25442 1.252356 1.252093 1.252548 1.250385 1.243979 1.224039 1.182426 1.131334 1.087731 1.054786 1.023244 .9906521 .9570858 .9232261 .8880866
.9627054 .9714673 .9779192 .9781269 .9696457 .9580404 .9467394 .9412448 .9402189 .9427559 .9457136 .9478197 .9492083 .9522604 .9621155 .971637 .9777482 .9880683 .9993052 1.011322 1.03147 1.056031 1.084738 1.117306 1.152939 1.191507 1.232246 1.27435 1.308869 1.341906 1.376783 1.40399 1.424688 1.436548 1.443433 1.45325 1.458912 1.458708 1.449335 1.424487 1.386883 1.349965 1.315124 1.283348 1.252653 1.231016 1.22126 1.22187 1.224507 1.226963 1.227893 1.224609 1.206328 1.168577 1.127127 1.096934 1.079002 1.065814 1.053503 1.043713 1.029094 1.006434
.9380431 .9450745 .9536403 .9559247 .9492885 .9367769 .9227307 .9180115 .9236287 .9294085 .9360397 .9448059 .9506471 .9585378 .9722373 .9836167 .9933899 1.005619 1.018787 1.036948 1.061225 1.092722 1.126653 1.161034 1.198492 1.235907 1.275577 1.312142 1.339999 1.368174 1.396515 1.41736 1.431443 1.43745 1.44044 1.4459 1.447047 1.443823 1.432658 1.408071 1.371607 1.33343 1.296949 1.261819 1.226802 1.201563 1.189998 1.189025 1.192089 1.197127 1.202401 1.201302 1.182802 1.147812 1.109601 1.083277 1.075536 1.076591 1.081476 1.090777 1.097017 1.092609
.9147217 .9209108 .9304652 .9358273 .9315899 .9208767 .9108227 .9082437 .9177735 .9250812 .9334595 .9462941 .956156 .9685175 .9846956 .998818 1.012063 1.026456 1.043827 1.065088 1.092379 1.126981 1.164723 1.202047 1.238741 1.275925 1.313676 1.343634 1.366433 1.389408 1.410085 1.423652 1.431364 1.431896 1.431487 1.432529 1.431648 1.428025 1.417556 1.394541 1.359619 1.323246 1.285948 1.246409 1.205231 1.174955 1.159905 1.15752 1.161497 1.168126 1.174291 1.173966 1.157577 1.122292 1.086967 1.061819 1.057624 1.066466 1.082539 1.103343 1.123345 1.134064
.8911731 .8993415 .909112 .9167219 .9154739 .9106936 .9058359 .9066809 .9189181 .9278594 .9391563 .9531439 .9670794 .9840078 1.001559 1.017094 1.032242 1.050954 1.072083 1.095467 1.124389 1.16112 1.201654 1.239278 1.273908 1.312003 1.346007 1.369181 1.38806 1.405553 1.418084 1.423939 1.425686 1.42146 1.417603 1.415027 1.412878 1.410369 1.401994 1.382917 1.352087 1.317482 1.279119 1.235365 1.188298 1.150559 1.130814 1.127096 1.130139 1.135992 1.140392 1.14159 1.128889 1.093879 1.057865 1.032806 1.028023 1.03811 1.058828 1.088082 1.117531 1.140286
.8713844 .88112 .8916492 .8999073 .9029909 .9035704 .9024513 .9083464 .9229177 .9352958 .9500203 .9656477 .9821456 1.000976 1.01973 1.0374 1.054976 1.076547 1.100665 1.125739 1.157248 1.195876 1.238051 1.271796 1.303717 1.340845 1.370535 1.389501 1.405434 1.417584 1.421697 1.41981 1.414602 1.405649 1.398296 1.392807 1.390347 1.390244 1.386257 1.37332 1.347937 1.314989 1.275889 1.229401 1.176421 1.13111 1.105145 1.097124 1.095238 1.09973 1.105609 1.109543 1.095722 1.060616 1.022557 .9948202 .9868272 .9925122 1.015718 1.054506 1.094517 1.12747
.8620494 .8709083 .8811469 .8884404 .8951628 .8996046 .9017186 .9135435 .9300607 .9458181 .9624798 .9805722 .9992725 1.018969 1.03944 1.060005 1.079554 1.102806 1.127522 1.154541 1.188467 1.226798 1.266283 1.296392 1.326197 1.360107 1.386865 1.404037 1.417923 1.425206 1.421518 1.412639 1.400798 1.386969 1.375232 1.366811 1.364986 1.36795 1.369458 1.363383 1.345604 1.317504 1.279555 1.231739 1.175683 1.121813 1.087346 1.072929 1.065389 1.06793 1.072996 1.077237 1.059993 1.023371 .9833261 .9509109 .9356329 .9350324 .9552898 1.002488 1.055873 1.100663
.8603635 .8706546 .8804479 .8867534 .8961574 .9031319 .908705 .9235332 .9417012 .9593309 .977239 .996113 1.016774 1.037453 1.058235 1.079474 1.100726 1.124919 1.149244 1.176495 1.2091 1.245688 1.281883 1.310907 1.339512 1.370405 1.396087 1.413622 1.426828 1.430521 1.420142 1.404 1.385236 1.365397 1.348744 1.338008 1.337302 1.343594 1.350337 1.35164 1.343637 1.322861 1.288481 1.241662 1.185618 1.127494 1.082984 1.057178 1.041838 1.035974 1.035172 1.035897 1.020868 .9850631 .9439697 .9092336 .8877549 .8818321 .8960122 .9380857 .9959475 1.05069
1.70141E+38 1.70141E+38 1.70141E+38 1.70141E+38 1.70141E+38 1.70141E+38 1.70141E+38 1.70141E+38 1.70141E+38 1.70141E+38 1.70141E+38 1.70141E+38 1.70141E+38 1.70141E+38 1.70141E+38 1.70141E+38 1.70141E+38 1.70141E+38 1.70141E+38 1.70141E+38 1.70141E+38 1.70141E+38 1.70141E+38 1.70141E+38 1.70141E+38 1.70141E+38 1.70141E+38 1.70141E+38 1.70141E+38 1.70141E+38 1.70141E+38 1.70141E+38 1.70141E+38 1.70141E+38 1.70141E+38 1.70141E+38 1.70141E+38 1.70141E+38 1.70141E+38 1.70141E+38 1.70141E+38 1.70141E+38 1.70141E+38 1.70141E+38 1.70141E+38 1.70141E+38 1.70141E+38 1.70141E+38 1.70141E+38 1.70141E+38 1.70141E+38 1.70141E+38 1.70141E+38 1.70141E+38 1.70141E+38 1.70141E+38 1.70141E+38 1.70141E+38 1.70141E+38 1.70141E+38 1.70141E+38 1.70141E+38
1.70141E+38 1.70141E+38 1.70141E+38 1.70141E+38 1.70141E+38 1.70141E+38 1.70141E+38 1.70141E+38 1.70141E+38 1.70141E+38 1.70141E+38 1.70141E+38 1.70141E+38 1.70141E+38 1.70141E+38 1.70141E+38 1.70141E+38 1.70141E+38 1.70141E+38 1.70141E+38 1.70141E+38 1.70141E+38 1.70141E+38 1.70141E+38 1.70141E+38 1.70141E+38 1.70141E+38 1.70141E+38 1.70141E+38 1.70141E+38 1.70141E+38 1.70141E+38 1.70141E+38 1.70141E+38 1.70141E+38 1.70141E+38 1.70141E+38 1.70141E+38 1.70141E+38 1.70141E+38 1.70141E+38 1.70141E+38 1.70141E+38 1.70141E+38 1.70141E+38 1.70141E+38 1.70141E+38 1.70141E+38 1.70141E+38 1.70141E+38 1.70141E+38 1.70141E+38 1.70141E+38 1.70141E+38 1.70141E+38 1.70141E+38 1.70141E+38 1.70141E+38 1.70141E+38 1.70141E+38 1.70141E+38 1.70141E+38
1.70141E+38 1.70141E+38 1.70141E+38 1.70141E+38 1.70141E+38 1.70141E+38 1.70141E+38 1.70141E+38 1.70141E+38 1.70141E+38 1.70141E+38 1.70141E+38 1.70141E+38 1.70141E+38 1.70141E+38 1.70141E+38 1.70141E+38 1.70141E+38 1.70141E+38 1.70141E+38 1.70141E+38 1.70141E+38 1.70141E+38 1.70141E+38 1.70141E+38 1.70141E+38 1.70141E+38 1.70141E+38 1.70141E+38 1.70141E+38 1.70141E+38 1.70141E+38 1.70141E+38 1.70141E+38 1.70141E+38 1.70141E+38 1.70141E+38 1.70141E+38 1.70141E+38 1.70141E+38 1.70141E+38 1.70141E+38 1.70141E+38 1.70141E+38 1.70141E+38 1.70141E+38 1.70141E+38 1.70141E+38 1.70141E+38 1.70141E+38 1.70141E+38 1.70141E+38 1.70141E+38 1.70141E+38 1.70141E+38 1.70141E+38 1.70141E+38 1.70141E+38 1.70141E+38 1.70141E+38 1.70141E+38 1.70141E+38
1.70141E+38 1.70141E+38 1.70141E+38 1.70141E+38 1.70141E+38 1.70141E+38 1.70141E+38 1.70141E+38 1.70141E+38 1.70141E+38 1.70141E+38 1.70141E+38 1.70141E+38 1.70141E+38 1.70141E+38 1.70141E+38 1.70141E+38 1.70141E+38 1.70141E+38 1.70141E+38 1.70141E+38 1.70141E+38 1.70141E+38 1.70141E+38 1.70141E+38 1.70141E+38 1.70141E+38 1.70141E+38 1.70141E+38 1.70141E+38 1.70141E+38 1.70141E+38 1.70141E+38 1.70141E+38 1.70141E+38 1.70141E+38 1.70141E+38 1.70141E+38 1.70141E+38 1.70141E+38 1.70141E+38 1.70141E+38 1.70141E+38 1.70141E+38 1.70141E+38 1.70141E+38 1.70141E+38 1.70141E+38 1.70141E+38 1.70141E+38 1.70141E+38 1.70141E+38 1.70141E+38 1.70141E+38 1.70141E+38 1.70141E+38 1.70141E+38 1.70141E+38 1.70141E+38 1.70141E+38 1.70141E+38 1.70141E+38
1.70141E+38 1.70141E+38 1.70141E+38 1.70141E+38 1.70141E+38 1.70141E+38 1.70141E+38 1.70141E+38 1.70141E+38 1.70141E+38 1.70141E+38 1.70141E+38 1.70141E+38 1.70141E+38 1.70141E+38 1.70141E+38 1.70141E+38 1.70141E+38 1.70141E+38 1.70141E+38 1.70141E+38 1.70141E+38 1.70141E+38 1.70141E+38 1.70141E+38 1.70141E+38 1.70141E+38 1.70141E+38 1.70141E+38 1.70141E+38 1.70141E+38 1.70141E+38 1.70141E+38 1.70141E+38 1.70141E+38 1.70141E+38 1.70141E+38 1.70141E+38 1.70141E+38 1.70141E+38 1.70141E+38 1.70141E+38 1.70141E+38 1.70141E+38 1.70141E+38 1.70141E+38 1.70141E+38 1.70141E+38 1.70141E+38 1.70141E+38 1.70141E+38 1.70141E+38 1.70141E+38 1.70141E+38 1.70141E+38 1.70141E+38 1.70141E+38 1.70141E+38 1.70141E+38 1.70141E+38 1.70141E+38 1.70141E+38
1.70141E+38 1.70141E+38 1.70141E+38 1.70141E+38 1.70141E+38 1.70141E+38 1.70141E+38 1.70141E+38 1.70141E+38 1.70141E+38 1.70141E+38 1.70141E+38 1.70141E+38 1.70141E+38 1.70141E+38 1.70141E+38 1.70141E+38 1.70141E+38 1.70141E+38 1.70141E+38 1.70141E+38 1.70141E+38 1.70141E+38 1.70141E+38 1.70141E+38 1.70141E+38 1.70141E+38 1.70141E+38 1.70141E+38 1.70141E+38 1.70141E+38 1.70141E+38 1.70141E+38 1.70141E+38 1.70141E+38 1.70141E+38 1.70141E+38 1.70141E+38 1.70141E+38 1.70141E+38 1.70141E+38 1.70141E+38 1.70141E+38 1.70141E+38 1.70141E+38 1.70141E+38 1.70141E+38 1.70141E+38 1.70141E+38 1.70141E+38 1.70141E+38 1.70141E+38 1.70141E+38 1.70141E+38 1.70141E+38 1.70141E+38 1.70141E+38 1.70141E+38 1.70141E+38 1.70141E+38 1.70141E+38 1.70141E+38
1.70141E+38 1.70141E+38 1.70141E+38 1.70141E+38 1.70141E+38 1.70141E+38 1.70141E+38 1.70141E+38 1.70141E+38 1.70141E+38 1.70141E+38 1.70141E+38 1.70141E+38 1.70141E+38 1.70141E+38 1.70141E+38 1.70141E+38 1.70141E+38 1.70141E+38 1.70141E+38 1.70141E+38 1.70141E+38 1.70141E+38 1.70141E+38 1.70141E+38 1.70141E+38 1.70141E+38 1.70141E+38 1.70141E+38 1.70141E+38 1.70141E+38 1.70141E+38 1.70141E+38 1.70141E+38 1.70141E+38 1.70141E+38 1.70141E+38 1.70141E+38 1.70141E+38 1.70141E+38 1.70141E+38 1.70141E+38 1.70141E+38 1.70141E+38 1.70141E+38 1.70141E+38 1.70141E+38 1.70141E+38 1.70141E+38 1.70141E+38 1.70141E+38 1.70141E+38 1.70141E+38 1.70141E+38 1.70141E+38 1.70141E+38 1.70141E+38 1.70141E+38 1.70141E+38 1.70141E+38 1.70141E+38 1.70141E+38
1.70141E+38 1.70141E+38 1.70141E+38 1.70141E+38 1.70141E+38 1.70141E+38 1.70141E+38 1.70141E+38 1.70141E+38 1.70141E+38 1.70141E+38 1.70141E+38 1.70141E+38 1.70141E+38 1.70141E+38 1.70141E+38 1.70141E+38 1.70141E+38 1.70141E+38 1.70141E+38 1.70141E+38 1.70141E+38 1.70141E+38 1.70141E+38 1.70141E+38 1.70141E+38 1.70141E+38 1.70141E+38 1.70141E+38 1.70141E+38 1.70141E+38 1.70141E+38 1.70141E+38 1.70141E+38 1.70141E+38 1.70141E+38 1.70141E+38 1.70141E+38 1.70141E+38 1.70141E+38 1.70141E+38 1.70141E+38 1.70141E+38 1.70141E+38 1.70141E+38 1.70141E+38 1.70141E+38 1.70141E+38 1.70141E+38 1.70141E+38 1.70141E+38 1.70141E+38 1.70141E+38 1.70141E+38 1.70141E+38 1.70141E+38 1.70141E+38 1.70141E+38 1.70141E+38 1.70141E+38 1.70141E+38 1.70141E+38
