py_wake/examples/data/AJ_ParqueFicticio/Ridge area   Sector 5   Height 200m   Orographic speed.grd
DSAA
90  129
 262878   265103
 6504214   6507414
 .2288494   1.618861
[rows 27 to 53 of 129, columns 0 to 61 of 90]
.8628921 .8688416 .8791426 .8889359 .8971184 .90368 .9074079 .9072525 .904007 .8965316 .8843399 .8692409 .8546376 .8429355 .8373523 .8374174 .8421619 .8500671 .8579479 .8670692 .8888178 .9154118 .9419368 .9708001 .9986159 1.029696 1.06442 1.104062 1.147214 1.18597 1.223156 1.257862 1.292813 1.326615 1.356435 1.388425 1.421664 1.457264 1.495654 1.526963 1.548026 1.562954 1.568336 1.563334 1.547619 1.522475 1.488732 1.440488 1.383637 1.323058 1.249716 1.178847 1.117961 1.061493 1.009332 .9663795 .9294553 .8970652 .8701749 .8475805 .825527 .8033948
.8388866 .8454512 .8564307 .8675597 .8788806 .8902277 .8994604 .9061813 .9092373 .9055843 .8955647 .8818886 .8653371 .8486512 .8349077 .8270466 .8257691 .8287902 .8335059 .8397626 .8550803 .8741152 .8937938 .9192787 .9434916 .971051 1.005972 1.045847 1.090937 1.134678 1.174431 1.2116 1.250031 1.287711 1.321885 1.357284 1.394666 1.433906 1.477888 1.516974 1.547301 1.572172 1.584873 1.581083 1.562917 1.533579 1.495826 1.445321 1.383616 1.319457 1.245005 1.1719 1.110601 1.054257 1.002373 .961843 .9251831 .8892579 .8596234 .8369924 .814493 .7927672
.8146804 .8221228 .8330747 .8441413 .8571489 .8720586 .8862209 .8998644 .9113351 .9149521 .9082424 .893616 .8772357 .8609512 .8450206 .8324945 .8251553 .8222113 .8203731 .8217504 .830503 .8401374 .8500983 .8681417 .8868606 .9063274 .9396548 .9821489 1.030657 1.078258 1.121318 1.162187 1.203219 1.245319 1.284976 1.323309 1.364027 1.406714 1.454765 1.500647 1.540283 1.575082 1.596813 1.596785 1.578499 1.545754 1.502286 1.44883 1.383561 1.315525 1.239757 1.164694 1.103322 1.047038 .9949964 .9553528 .9198573 .8814457 .8479249 .8247539 .8029739 .7812293
.7896543 .798062 .8089601 .8200737 .8341183 .8502299 .8665981 .8845057 .9034713 .9163105 .9136694 .9014617 .8867583 .873731 .8614045 .849257 .8395528 .8315623 .8230981 .8190864 .8249015 .8257719 .8268641 .8389503 .8502118 .8601063 .8904213 .9347027 .9817671 1.028688 1.073476 1.1143 1.153806 1.200247 1.246377 1.288629 1.33137 1.376734 1.427541 1.478469 1.526389 1.570818 1.602219 1.608204 1.593336 1.560488 1.510878 1.452755 1.38423 1.312016 1.235167 1.159324 1.09818 1.041791 .9873626 .9460286 .9140694 .8764822 .8383207 .813464 .7924284 .7705076
.7618887 .7705373 .781367 .7919289 .8064472 .8236716 .841382 .8604663 .8814905 .8985365 .9020507 .8980979 .8903739 .8815434 .8731044 .8645484 .8558176 .8476796 .8413028 .8400833 .8421116 .841252 .8424423 .851693 .8584294 .8674219 .8925121 .9279562 .962961 1.000187 1.039938 1.079771 1.120277 1.165946 1.21216 1.256549 1.300542 1.347169 1.399257 1.453375 1.507527 1.559293 1.598713 1.612562 1.603467 1.5753 1.524017 1.459399 1.387888 1.312504 1.235273 1.158695 1.096509 1.040782 .9842643 .9391522 .9115569 .8806174 .8423225 .810797 .7880638 .7656603
.7350863 .7437307 .7545149 .7649019 .7794695 .7967293 .8144324 .8329948 .8530877 .8711371 .8798001 .8829567 .8828756 .8803114 .8760998 .8702824 .8640124 .8620841 .8648993 .8672792 .8684974 .8717704 .8767604 .8836263 .8910701 .9020887 .9211085 .9457777 .9684972 .9925569 1.02378 1.059532 1.09862 1.138882 1.180982 1.225012 1.27043 1.318548 1.371806 1.428136 1.487406 1.544969 1.589267 1.611284 1.607397 1.584277 1.537303 1.468762 1.394616 1.316923 1.238948 1.162059 1.097962 1.042149 .9845256 .9338519 .9069149 .8829777 .8506967 .8169196 .7895389 .7655532
.7091277 .7179107 .7288111 .7392779 .7543076 .7718815 .789576 .8069898 .8249595 .8426685 .8556791 .8645917 .8700437 .8718889 .8704057 .8664318 .8629416 .8701839 .8832944 .8909188 .8962219 .902252 .9091384 .9174929 .9255983 .9356819 .9530886 .9740292 .9890079 1.005374 1.026491 1.050489 1.083535 1.118214 1.154685 1.197462 1.243781 1.292878 1.346903 1.404508 1.467566 1.529346 1.576269 1.605606 1.607006 1.587378 1.546885 1.479316 1.40292 1.324181 1.246475 1.170301 1.103243 1.045547 .9907739 .9394104 .9065711 .884028 .8576676 .8266788 .7974133 .7702491
.6840984 .6933759 .7047222 .7157496 .7323321 .7510024 .7692113 .7870663 .8040096 .8203753 .8358256 .8489271 .8582792 .8624356 .8612592 .8567654 .8577569 .8721333 .8905905 .9060817 .9158514 .9241713 .9351909 .9458721 .954829 .9672554 .9865139 1.008654 1.027982 1.042662 1.05554 1.072224 1.095704 1.120775 1.151895 1.190455 1.230865 1.278768 1.330884 1.387372 1.451658 1.514375 1.561862 1.596304 1.602904 1.585921 1.55017 1.488601 1.413485 1.337238 1.260447 1.184221 1.113605 1.05273 1.000493 .9536309 .915409 .88752 .8633077 .8351873 .8066009 .7798988
.6630875 .6720211 .682225 .692874 .7119631 .7329641 .7533525 .7731768 .791445 .8086058 .825134 .8395509 .8506648 .8558185 .8550751 .8517354 .8569046 .8724239 .8905109 .9071867 .9214271 .9358966 .9515765 .9668944 .9821003 1.001582 1.024734 1.052874 1.078019 1.093789 1.107131 1.121722 1.137278 1.155013 1.180556 1.208416 1.241903 1.282898 1.328805 1.380116 1.441143 1.501516 1.548194 1.585236 1.596306 1.581878 1.547921 1.493236 1.423441 1.351045 1.279118 1.204735 1.132871 1.070256 1.017034 .9687379 .9279086 .8970484 .8710665 .843833 .8151202 .7888041
.6471322 .652523 .6596906 .6683682 .6903039 .7140204 .737135 .7592415 .7798591 .7991367 .8168401 .8326151 .8461048 .8525579 .8537467 .8551499 .860741 .872268 .8877459 .9029331 .9188102 .9377075 .9572248 .9805514 1.005316 1.032071 1.063402 1.098747 1.129546 1.148556 1.162743 1.174679 1.187195 1.201146 1.220093 1.241137 1.266368 1.298162 1.33583 1.3814 1.436341 1.491711 1.536256 1.573326 1.588873 1.5767 1.543405 1.49223 1.431406 1.364342 1.298302 1.229065 1.157076 1.091959 1.037199 .9881209 .9438871 .9094717 .8821414 .8543184 .8255579 .7966186
.6357824 .6343258 .6366153 .6424624 .6666306 .692551 .7178259 .7417619 .7649139 .7872047 .8070734 .8261747 .8432027 .8520219 .8568408 .8608423 .8654655 .8730972 .8840972 .8968474 .9153452 .9352526 .9590457 .9881933 1.021008 1.055712 1.093147 1.134883 1.17404 1.19771 1.212522 1.224261 1.235236 1.247971 1.261061 1.276724 1.295318 1.318587 1.347327 1.38621 1.435716 1.486171 1.52801 1.561776 1.581003 1.571756 1.539874 1.490424 1.435378 1.375286 1.312851 1.250069 1.181551 1.113981 1.057777 1.009514 .9653178 .926233 .8954852 .8674989 .8382549 .8077582
.6318673 .6180905 .6136025 .6174861 .6418528 .6677568 .6938005 .718818 .7430995 .7683951 .7922304 .817549 .8395059 .8537033 .8600202 .864366 .8702428 .8788401 .8854455 .8972064 .9161755 .9379067 .9630935 .9940893 1.030848 1.070856 1.113097 1.15803 1.201407 1.232236 1.252461 1.26839 1.279381 1.290082 1.30046 1.31261 1.325586 1.341678 1.364424 1.397711 1.441398 1.486869 1.525107 1.55443 1.573082 1.566436 1.537768 1.492486 1.438977 1.382713 1.325223 1.26518 1.199873 1.132394 1.074641 1.026984 .9842491 .9421507 .9090011 .8812161 .8517124 .8206803
.6305546 .606589 .594254 .5973034 .6172974 .6406775 .6663604 .6921963 .7183296 .7452248 .7720272 .8019586 .8286336 .847915 .8590776 .8664041 .8763267 .8862663 .8970113 .9090932 .9246415 .9445996 .9702777 1.003291 1.04039 1.081258 1.125822 1.171788 1.216401 1.253006 1.279793 1.300836 1.315915 1.32737 1.338191 1.347355 1.357536 1.369576 1.387591 1.415945 1.453539 1.493533 1.52655 1.552112 1.568286 1.562525 1.535495 1.494609 1.444411 1.388903 1.334782 1.278304 1.213147 1.144243 1.085928 1.037619 .9939963 .9538391 .9211718 .8918364 .8618376 .8290348
.6319805 .6009782 .5818043 .5810695 .5929125 .6114843 .6352921 .6604654 .6875656 .7166441 .7474861 .7813564 .8116296 .8340558 .8516297 .8678095 .8802158 .8944132 .9104058 .9230656 .9361122 .9523794 .977635 1.012144 1.050506 1.091805 1.13516 1.180253 1.226659 1.265749 1.297795 1.324059 1.344367 1.357989 1.371299 1.381315 1.38858 1.398064 1.413206 1.437058 1.469714 1.504409 1.532113 1.553949 1.567442 1.561804 1.536047 1.496289 1.447939 1.394429 1.341256 1.28847 1.224836 1.152718 1.093126 1.045301 1.000542 .9599463 .9287269 .8994867 .8681149 .8359833
.6383647 .6010262 .57448 .56398 .5670741 .5802191 .6017859 .6254969 .6526523 .6829815 .7165727 .7531752 .7861374 .8137264 .8380328 .8602564 .8800013 .8978209 .9180272 .93273 .9426793 .9587124 .9831714 1.017979 1.0552 1.097043 1.139262 1.184108 1.229874 1.271245 1.305821 1.336096 1.361111 1.378198 1.394323 1.409245 1.418301 1.425566 1.43804 1.458386 1.486704 1.518331 1.542458 1.55986 1.570143 1.564375 1.541019 1.501897 1.452115 1.399468 1.345682 1.292202 1.232834 1.16164 1.098466 1.049205 1.00397 .9620078 .9296463 .9013448 .8707621 .8394765
.6488939 .6039019 .5669735 .5437388 .5386403 .5475618 .5669319 .5886866 .6149525 .6446603 .6796573 .7179965 .7528772 .7835367 .8118475 .839261 .8656564 .8908772 .9138449 .9313717 .94675 .9613717 .9824246 1.013805 1.049763 1.089061 1.129673 1.174098 1.221081 1.264607 1.300693 1.335111 1.362554 1.384586 1.405194 1.424739 1.437505 1.446139 1.458157 1.476474 1.503075 1.531887 1.553363 1.567426 1.575267 1.567789 1.544729 1.509254 1.459836 1.4046 1.347949 1.291099 1.233631 1.166866 1.102114 1.05066 1.005129 .961298 .9258903 .8976042 .8680723 .840441
.6580276 .6050714 .5594671 .5261381 .5102302 .5144372 .5302963 .5485647 .5736207 .6024998 .6374443 .6765351 .7130682 .7474778 .7792985 .8093466 .8387789 .8692557 .899512 .9249054 .9438422 .9584927 .9771666 1.00317 1.034515 1.070541 1.108392 1.151988 1.201054 1.245555 1.28398 1.321426 1.351386 1.379359 1.405162 1.427806 1.44592 1.46007 1.474579 1.493312 1.517583 1.543836 1.564813 1.577494 1.583486 1.574097 1.549623 1.514135 1.467374 1.409477 1.348973 1.288485 1.228748 1.164338 1.099698 1.046498 1.000994 .958101 .9202232 .8901295 .8639602 .8428543
.6745012 .6128904 .5583996 .5172276 .4921887 .4854039 .4917631 .5040247 .5272527 .5560374 .5902611 .6286458 .6667935 .7044116 .7404519 .7747104 .805203 .8373583 .8730459 .9079085 .932725 .9521942 .971392 .9920659 1.018934 1.049972 1.083092 1.125948 1.177843 1.222923 1.26146 1.29994 1.332158 1.364763 1.395165 1.421138 1.44468 1.4661 1.485639 1.505533 1.529131 1.555519 1.577239 1.589177 1.594053 1.583167 1.556483 1.519016 1.472847 1.414796 1.350329 1.285995 1.222337 1.158149 1.0937 1.038085 .990877 .9482136 .9120093 .8830693 .8602628 .8451731
.6988629 .6311883 .5698778 .5206231 .4845518 .4611954 .4541769 .4589418 .478602 .5055658 .5387186 .5767629 .6148631 .6541221 .693199 .731293 .7621748 .792543 .8298988 .8696092 .8991711 .9247567 .9498915 .9689124 .9924152 1.019764 1.049301 1.090751 1.145991 1.1941 1.231586 1.270532 1.305163 1.34101 1.375562 1.404795 1.432712 1.461064 1.486819 1.510306 1.535952 1.564118 1.588324 1.600702 1.605111 1.594997 1.568359 1.527507 1.477563 1.419339 1.351367 1.283183 1.215521 1.149205 1.083626 1.024648 .9746458 .9314284 .8972213 .8719419 .8559716 .8531598
.7283856 .6531896 .5827396 .5231795 .4756739 .4381696 .4170519 .4136481 .4290005 .4522125 .4804464 .514392 .5492591 .5862038 .6261259 .6655822 .6974916 .7274367 .7625954 .7993589 .8306031 .8589303 .8844075 .9044991 .9277223 .9580255 .9908889 1.032005 1.088562 1.145383 1.188603 1.230413 1.269324 1.30765 1.346075 1.379049 1.40986 1.443242 1.474738 1.502858 1.532783 1.564746 1.592825 1.60809 1.613159 1.604135 1.580565 1.540957 1.485514 1.4232 1.352116 1.279979 1.208456 1.138526 1.071227 1.00984 .9587668 .9132519 .877438 .8563792 .8502958 .8601497
.7596636 .6809972 .6033999 .5321989 .4725083 .4245311 .3915586 .3776002 .3849513 .4002584 .4207034 .4473501 .4752949 .5098317 .5465451 .5820183 .6139075 .64375 .6772675 .7111302 .7398655 .7661508 .7885383 .8063686 .8291605 .8615549 .9007308 .946749 1.005815 1.07119 1.127495 1.176798 1.22376 1.266517 1.307868 1.345791 1.380191 1.417345 1.454153 1.486718 1.521164 1.557823 1.58997 1.609704 1.617891 1.609701 1.588002 1.553714 1.497336 1.428365 1.352887 1.275981 1.201374 1.128404 1.059456 .9982154 .9456813 .8994125 .862739 .8474376 .8543599 .879389
.7943746 .7156603 .6359878 .5583879 .4878403 .4308163 .3890108 .3629072 .3535015 .3556443 .3662528 .3848315 .4036863 .4306418 .4648305 .498124 .5262271 .5550812 .5870928 .6178688 .6427869 .6639182 .6816955 .6947711 .7096569 .7418783 .7883896 .8429685 .9063887 .9766536 1.046978 1.111174 1.167582 1.218454 1.264301 1.307057 1.34639 1.386704 1.428795 1.466942 1.505539 1.54677 1.582583 1.606249 1.618861 1.612567 1.591118 1.559782 1.509543 1.435793 1.35454 1.272442 1.194323 1.118336 1.047308 .9863638 .932521 .8863381 .8550808 .8469405 .8665822 .903949
.8332725 .756346 .6749064 .5915818 .5156017 .4518234 .402193 .3641932 .3378039 .325529 .3255732 .3341085 .3429483 .3601719 .3896699 .4165261 .4427367 .4669166 .4932974 .5205911 .5430171 .5587138 .5710748 .5818189 .5937156 .6162366 .6612473 .7188141 .7861962 .8651879 .9468881 1.025599 1.096226 1.159923 1.214587 1.262316 1.307336 1.352177 1.39903 1.443157 1.485596 1.531502 1.571499 1.599057 1.61614 1.612888 1.591517 1.559201 1.515099 1.443595 1.356993 1.269601 1.187305 1.108532 1.033656 .9716349 .9205425 .876837 .848733 .8483078 .8794213 .9270217
.8745458 .8005021 .7177973 .6332418 .5530937 .4811448 .4220907 .3737423 .3377369 .3171646 .3101009 .3092746 .310209 .3178632 .3347729 .3493952 .3686626 .385699 .4028085 .4237207 .4439868 .4583779 .4691071 .4837079 .4970481 .5137144 .5501737 .6023046 .6688839 .747402 .8289538 .9184577 1.006711 1.086816 1.153297 1.208647 1.260732 1.312832 1.364609 1.41497 1.461311 1.511572 1.556164 1.588458 1.610445 1.611093 1.590228 1.555912 1.512241 1.447684 1.359167 1.267262 1.181111 1.100382 1.023036 .9596336 .9121364 .8732243 .8508601 .8598557 .9016237 .9575579
.9161264 .8489241 .7693799 .6839204 .5996071 .5226387 .4575108 .4015684 .3581328 .3295183 .3147935 .3090426 .3073219 .3042192 .3020673 .3010212 .3059097 .3163994 .3241963 .3360111 .3534516 .3705883 .3864223 .4034232 .4225148 .4417614 .4677113 .5144467 .5647197 .6276929 .7101459 .8020557 .9047363 .9998136 1.076621 1.141137 1.206718 1.268079 1.325665 1.381259 1.432347 1.486618 1.536276 1.574401 1.60258 1.608112 1.588113 1.551757 1.506409 1.446859 1.361676 1.266343 1.177044 1.095167 1.01933 .9565119 .911145 .8785897 .8649797 .8821561 .9268166 .9819198
.9551474 .8947813 .8228509 .740445 .6533361 .5724313 .4994262 .4381893 .3875159 .3501165 .3293747 .3234362 .3204472 .3086142 .28899 .2686318 .2583263 .2619167 .2637207 .2672886 .2821492 .3032197 .3250763 .3487255 .3723842 .3913577 .4121246 .4476384 .4859081 .5330847 .6089743 .6956299 .801518 .9080644 .9968494 1.073837 1.151059 1.221424 1.284588 1.34429 1.400375 1.458008 1.51206 1.556574 1.592326 1.604201 1.586802 1.549268 1.502321 1.443789 1.364176 1.26791 1.17662 1.093122 1.018213 .9612379 .9190704 .8901145 .8791395 .900255 .9485065 1.003955
.9921048 .9361308 .8687806 .7892817 .7057739 .6230926 .5466371 .4844747 .4294742 .3859529 .3638896 .3562313 .3488306 .3274932 .2965716 .2608855 .2397756 .2350083 .2302255 .2288494 .2426359 .2665985 .2949843 .3269089 .3562096 .3773428 .3982678 .4341972 .4657058 .5005309 .5687667 .6451495 .7427011 .8505923 .9465311 1.031264 1.110062 1.181038 1.247363 1.311435 1.371291 1.430575 1.486326 1.535774 1.578423 1.597595 1.58598 1.550726 1.502864 1.442386 1.36799 1.27594 1.184399 1.100544 1.024182 .9686579 .933605 .9107406 .9023858 .9242633 .9701452 1.020922
