py_wake/examples/data/AJ_ParqueFicticio/Ridge area   Sector 7   Height 30m   Turbulence intensity.grd
DSAA
90  129
 262878   265103
 6504214   6507414
 11.97907   100
[rows 27 to 53 of 129, columns 0 to 61 of 90]
15.1215 15.0858 15.04697 15.02977 15.04516 15.08937 15.16367 15.26911 15.39064 15.51826 15.64805 15.78001 15.90827 16.03551 16.15353 16.27044 16.39195 16.51703 16.64038 16.74396 16.79064 16.80641 16.81292 16.80095 16.77727 16.73022 16.65517 16.55076 16.41601 16.24114 16.01767 15.77049 15.52518 15.31146 15.13776 14.99858 14.9103 14.86673 14.85179 14.86536 14.91651 15.00882 15.12674 15.24439 15.35956 15.47996 15.6092 15.77549 15.97682 16.2114 16.50876 16.84236 17.22392 17.68935 18.25223 20.10522 42.03676 39.66583 39.68377 39.49342 39.54493 40.04107
15.13635 15.07811 15.01669 14.97411 14.95569 14.96164 14.99845 15.06772 15.16837 15.29521 15.43529 15.59371 15.78651 16.00829 16.23904 16.46249 16.67627 16.88269 17.08309 17.27062 17.40421 17.50116 17.58112 17.612 17.61963 17.59576 17.50989 17.37168 17.17401 16.93678 16.66972 16.38324 16.09622 15.83474 15.61587 15.43237 15.29574 15.20441 15.13183 15.08169 15.07281 15.10935 15.19059 15.30031 15.43063 15.57035 15.71308 15.89149 16.11938 16.38495 16.73159 17.13788 17.59363 18.1268 19.40934 21.69762 43.54401 41.73127 40.85068 40.30215 40.0372 40.06707
15.1698 15.08965 15.01321 14.95548 14.91269 14.88473 14.88147 14.90365 14.96028 15.0584 15.201 15.39414 15.62791 15.90062 16.2046 16.52054 16.83759 17.15265 17.47375 17.7835 18.0432 18.28388 18.5019 18.62722 18.72636 18.81756 18.75552 18.55728 18.24378 17.89215 17.53204 17.16347 16.80542 16.4716 16.19033 15.95764 15.76548 15.6148 15.47392 15.34787 15.26505 15.23266 15.25373 15.33113 15.46674 15.6361 15.81113 16.01373 16.27469 16.58867 17.0117 17.51636 18.05076 18.94097 20.82591 53.37162 45.8098 44.65966 42.56425 41.76861 41.18877 40.8875
15.24063 15.13961 15.05068 14.98213 14.92449 14.8785 14.84854 14.83388 14.84584 14.90796 15.04178 15.23947 15.48704 15.76951 16.08608 16.43928 16.82351 17.24783 17.71509 18.17287 18.55726 18.99237 19.4289 19.69839 19.96545 20.28001 20.27705 19.99982 19.61252 19.16305 18.68981 18.23416 17.7985 17.32274 16.90775 16.58133 16.31065 16.07823 15.85235 15.63635 15.46044 15.33099 15.26515 15.29791 15.41675 15.60626 15.84321 16.10051 16.42249 16.81783 17.33814 17.93812 18.51952 19.83936 22.28794 53.43657 48.53456 47.23195 43.73919 42.7896 42.04083 41.58352
15.38871 15.27375 15.1747 15.10061 15.03459 14.97886 14.93928 14.91539 14.91205 14.95087 15.0548 15.21406 15.42919 15.68948 15.98653 16.32674 16.72591 17.19278 17.70018 18.19165 18.67492 19.20814 19.73949 20.17468 20.59091 20.99948 21.12148 20.99045 20.77623 20.42916 19.95803 19.43478 18.88934 18.29915 17.76071 17.30573 16.92533 16.58844 16.26069 15.9531 15.69405 15.4882 15.3542 15.33607 15.41543 15.58046 15.85094 16.17114 16.55085 17.01632 17.6006 18.26604 18.87858 20.32439 51.16744 54.09755 51.05073 49.94159 43.09078 42.50459 41.86074 41.47779
15.58278 15.45604 15.34777 15.27055 15.20548 15.15466 15.12363 15.11112 15.11517 15.14421 15.21883 15.33626 15.5012 15.71449 15.97333 16.28533 16.66338 17.09066 17.53329 18.0047 18.51003 19.01856 19.5328 20.04734 20.57702 21.04572 21.34392 21.4712 21.52403 21.42282 21.05741 20.5355 19.92844 19.32953 18.74422 18.17549 17.65533 17.18451 16.73469 16.3289 15.98904 15.71676 15.53628 15.46885 15.51061 15.64003 15.88645 16.24112 16.65687 17.17729 17.81274 18.5125 19.15188 42.28535 50.28037 54.1033 52.53171 51.9218 51.62552 42.36014 41.33969 40.82619
15.82283 15.67604 15.55086 15.46626 15.40007 15.35482 15.33622 15.34208 15.36206 15.38844 15.43814 15.52174 15.6491 15.82469 16.05079 16.33326 16.67483 17.00603 17.33697 17.73682 18.18306 18.6575 19.15742 19.67141 20.23337 20.8238 21.29598 21.57952 21.86837 21.96217 21.81701 21.52185 20.97517 20.40791 19.83416 19.16173 18.49664 17.88379 17.2947 16.77368 16.33149 15.97775 15.7515 15.64022 15.64591 15.75218 15.95564 16.30901 16.75455 17.30251 17.93456 18.60403 35.85489 41.55673 48.13745 53.23204 52.83077 52.99273 53.2821 42.89989 41.83549 41.02629
16.11768 15.93125 15.77101 15.6638 15.5794 15.52664 15.50888 15.51848 15.54875 15.58168 15.61636 15.67589 15.7799 15.93953 16.15911 16.4343 16.71606 16.9487 17.18478 17.46907 17.83871 18.26338 18.69866 19.18592 19.75418 20.32704 20.8213 21.25938 21.54453 21.74051 21.84556 21.7523 21.4268 21.04778 20.52568 19.84542 19.19341 18.48212 17.80118 17.18883 16.64365 16.21964 15.958 15.81089 15.77853 15.86351 16.0222 16.32043 16.73538 17.23157 17.83928 18.46501 34.14978 39.68946 44.77013 49.77214 51.64108 52.79936 53.08435 43.34865 42.72649 42.06554
16.4313 16.18992 15.98704 15.84455 15.71379 15.62284 15.57264 15.55487 15.56794 15.59553 15.63342 15.70101 15.80852 15.97089 16.19205 16.45361 16.68065 16.86907 17.06643 17.29708 17.57756 17.88898 18.22963 18.62865 19.07928 19.51756 19.9368 20.28319 20.603 20.89608 21.02954 21.02614 20.93067 20.73655 20.33313 19.86275 19.2963 18.63578 17.98465 17.39344 16.82935 16.38181 16.10407 15.92892 15.8636 15.91605 16.0369 16.2502 16.60699 17.02431 17.5052 18.02738 18.47875 35.79152 40.70873 44.76634 48.23874 49.14335 48.80309 45.07994 45.2662 45.0204
16.74009 16.45854 16.21752 16.03773 15.83744 15.6845 15.58024 15.51861 15.49796 15.50706 15.54654 15.6214 15.72933 15.89249 16.10192 16.32377 16.54216 16.74161 16.92871 17.13581 17.35269 17.56521 17.80791 18.05783 18.33502 18.62163 18.87598 19.09337 19.3249 19.60661 19.87025 19.9834 19.99411 19.90078 19.6466 19.31968 18.90408 18.38779 17.85808 17.34484 16.8519 16.44187 16.16248 15.95873 15.84588 15.8651 15.96369 16.13609 16.37911 16.69313 17.02712 17.41495 17.77981 18.04875 36.38969 41.42687 44.86405 46.26387 47.19783 47.22511 48.20553 47.91747
17.03713 16.74915 16.48237 16.2605 15.97284 15.74296 15.57436 15.46001 15.39379 15.37034 15.39561 15.45634 15.55031 15.70282 15.88676 16.097 16.32948 16.55158 16.75358 16.93951 17.0759 17.2185 17.35584 17.48767 17.61893 17.76036 17.89393 17.99181 18.08601 18.29926 18.56169 18.80205 18.90636 18.85893 18.74977 18.54217 18.25577 17.91418 17.56595 17.17046 16.73808 16.36088 16.07715 15.85942 15.70269 15.67221 15.76511 15.92963 16.10496 16.32154 16.57848 16.82379 17.07777 17.27129 17.80391 37.26287 42.54028 44.45079 46.07139 48.21562 49.96827 39.45286
17.2791 17.05961 16.78578 16.50367 16.12919 15.82972 15.60076 15.43289 15.31901 15.24377 15.2197 15.22749 15.28339 15.40489 15.58626 15.79908 16.01171 16.21786 16.43428 16.58093 16.65933 16.73119 16.81643 16.89342 16.9468 16.99184 17.03659 17.06931 17.10265 17.20953 17.38005 17.55934 17.73073 17.80842 17.77542 17.66301 17.5176 17.31897 17.07131 16.75886 16.39814 16.06325 15.79434 15.6011 15.45816 15.41577 15.48894 15.63334 15.79305 15.94887 16.13292 16.32725 16.50712 16.66595 17.15398 22.62872 39.94361 43.56377 45.3896 48.47414 36.37265 39.47404
17.5466 17.37325 17.09667 16.73167 16.29502 15.93592 15.64058 15.40743 15.23642 15.11855 15.05196 15.01272 15.02248 15.09671 15.23688 15.41268 15.57598 15.74867 15.90207 16.01494 16.08953 16.14655 16.20218 16.2397 16.26927 16.28082 16.27773 16.28379 16.30074 16.33759 16.41888 16.52515 16.62668 16.70662 16.76058 16.73043 16.63547 16.51004 16.34996 16.12618 15.86701 15.61882 15.42964 15.29299 15.20165 15.18358 15.24304 15.32875 15.43969 15.57763 15.71452 15.87195 16.04727 16.22919 16.74294 17.83183 31.64167 43.33779 45.26645 48.55759 36.67851 40.07897
17.81627 17.64256 17.38369 17.0069 16.56375 16.14305 15.75149 15.4378 15.20507 15.02679 14.89849 14.80523 14.76941 14.79862 14.87093 14.96874 15.09137 15.2106 15.31327 15.40849 15.48767 15.5533 15.58944 15.59361 15.58933 15.57877 15.56933 15.5677 15.56309 15.57313 15.59047 15.63028 15.66427 15.70928 15.75069 15.80734 15.79184 15.70771 15.6026 15.46359 15.30564 15.16303 15.04747 14.94761 14.88201 14.87954 14.94018 15.02436 15.11915 15.23778 15.35073 15.46221 15.6373 15.89329 16.47518 17.63785 19.43199 36.08601 45.09601 48.83905 37.1538 40.27183
18.00753 17.84868 17.6573 17.35663 16.93976 16.49453 16.03208 15.62446 15.27118 14.98873 14.8011 14.65475 14.56707 14.53276 14.53503 14.56643 14.62744 14.70894 14.78243 14.86894 14.9563 15.00704 15.02563 15.0104 14.99253 14.96522 14.95088 14.94593 14.95043 14.94287 14.94243 14.94658 14.93591 14.95211 14.97261 14.97749 14.98545 14.97476 14.93223 14.86216 14.77118 14.66038 14.58506 14.5432 14.52751 14.5435 14.60078 14.70865 14.82253 14.92791 15.03914 15.15779 15.31235 15.60281 16.27446 17.53747 19.56911 24.10072 28.79312 33.12932 37.26625 40.0357
18.15726 18.03534 17.97351 17.82366 17.45358 16.97781 16.42447 15.94096 15.51711 15.15442 14.8402 14.58359 14.44615 14.36929 14.32989 14.31517 14.3238 14.35807 14.41098 14.47394 14.52812 14.58081 14.6124 14.61119 14.59585 14.57713 14.56671 14.56593 14.56891 14.56017 14.55622 14.53778 14.51394 14.49407 14.47252 14.44066 14.43486 14.45426 14.44772 14.40105 14.32351 14.26437 14.25366 14.26144 14.2729 14.30245 14.35704 14.4353 14.55348 14.67859 14.81372 14.96362 15.10214 15.40008 16.16082 17.54295 19.87393 24.47694 28.92759 33.26847 37.0638 39.08453
18.39472 18.34047 18.38662 18.37123 18.09682 17.56754 16.96012 16.42559 15.91486 15.47634 15.08923 14.76142 14.52277 14.35963 14.25635 14.1933 14.16729 14.15991 14.16996 14.198 14.24148 14.30122 14.35383 14.39041 14.41171 14.42221 14.43147 14.44214 14.44985 14.44294 14.4219 14.38273 14.33123 14.26527 14.20168 14.14394 14.09685 14.07222 14.06106 14.01611 13.98008 13.97417 13.99279 14.02095 14.05274 14.09906 14.16412 14.2423 14.34761 14.49322 14.656 14.83219 14.98403 15.31027 16.12874 17.56006 19.93813 24.42762 28.80789 32.65836 35.39413 35.95259
18.48028 18.5347 18.69037 18.79618 18.63672 18.21012 17.64225 17.09075 16.51719 15.99475 15.51829 15.11027 14.79593 14.56608 14.4052 14.29711 14.22677 14.1702 14.12599 14.10633 14.12245 14.16981 14.23371 14.29819 14.35364 14.39959 14.43453 14.45363 14.46518 14.46358 14.44218 14.39097 14.3116 14.2073 14.10393 14.00509 13.90566 13.82417 13.77276 13.73489 13.71618 13.72311 13.75215 13.78646 13.8265 13.89391 13.98807 14.0893 14.19742 14.34863 14.52799 14.72021 14.88817 15.23052 16.07085 17.53963 19.82821 24.15843 27.94888 31.02836 32.7205 32.40565
18.38761 18.52938 18.71445 18.9423 18.9974 18.88158 18.49611 17.96487 17.30695 16.67861 16.11775 15.63381 15.26234 14.96964 14.74801 14.59664 14.50775 14.43764 14.36603 14.31087 14.29307 14.30769 14.35484 14.42759 14.5034 14.57261 14.62793 14.65419 14.65657 14.65706 14.64232 14.58212 14.47932 14.33661 14.18278 14.03367 13.88615 13.74983 13.64738 13.57513 13.53257 13.51899 13.52697 13.55715 13.60927 13.6897 13.80785 13.94955 14.08671 14.23734 14.42452 14.61413 14.79726 15.14978 16.0018 17.50554 19.5285 23.55927 26.67945 28.8889 29.53054 28.265
18.15847 18.50889 18.79358 19.22319 19.52536 19.73009 19.63029 19.16476 18.41071 17.66765 17.01585 16.43757 15.99017 15.63833 15.35804 15.16167 15.05523 14.99008 14.93055 14.87729 14.8472 14.84097 14.86221 14.9129 14.96932 15.01898 15.06684 15.09738 15.08413 15.05221 15.01965 14.9414 14.81405 14.64597 14.45073 14.25925 14.06871 13.87839 13.71404 13.58875 13.50394 13.458 13.44294 13.46507 13.51912 13.59336 13.69244 13.83208 13.99371 14.15053 14.33375 14.51405 14.69974 15.05576 15.88014 17.32814 18.94511 22.27777 25.09178 26.59368 26.26483 24.51931
17.87775 18.39808 18.72256 19.3851 19.99958 20.50473 20.74288 20.50152 19.76704 18.99813 18.29919 17.63854 17.11026 16.65304 16.29437 16.0385 15.87971 15.78602 15.71179 15.6517 15.61636 15.60236 15.61391 15.6512 15.68813 15.71724 15.7477 15.77526 15.75759 15.68426 15.59954 15.47854 15.29935 15.09188 14.85703 14.61424 14.38143 14.14652 13.93007 13.75934 13.63218 13.54926 13.50404 13.49664 13.52469 13.58158 13.65284 13.74661 13.8961 14.05824 14.23481 14.40994 14.58427 14.91211 15.65057 16.92712 18.37658 20.37708 22.72974 23.38167 22.3791 20.47333
17.49174 18.06344 18.5186 19.10589 19.91517 20.64912 21.17913 21.35724 21.09231 20.56838 19.93468 19.22928 18.65137 18.08788 17.55677 17.17481 16.95085 16.79411 16.67097 16.58376 16.53285 16.51316 16.51726 16.55548 16.61353 16.62823 16.62443 16.62673 16.60096 16.50616 16.35411 16.15838 15.91958 15.64787 15.35972 15.05752 14.76609 14.48261 14.20774 13.98242 13.81482 13.69521 13.61932 13.58496 13.58206 13.61118 13.65537 13.70015 13.79377 13.94987 14.12426 14.29905 14.4657 14.76732 15.4231 16.52728 17.83267 18.88964 20.00631 20.16756 19.532 19.00961
17.00751 17.59809 18.16755 18.71049 19.55873 20.39609 21.11802 21.69264 22.07086 22.06982 21.71244 21.1457 20.63612 20.03434 19.26418 18.74179 18.37704 18.15156 17.97787 17.82926 17.73419 17.70815 17.71712 17.75843 17.84387 17.92232 17.8927 17.85502 17.8048 17.64131 17.39236 17.08858 16.73629 16.34708 15.96267 15.59161 15.22577 14.87305 14.53348 14.24695 14.03783 13.87764 13.76547 13.70454 13.67177 13.66668 13.68071 13.69577 13.73172 13.8548 14.02623 14.20389 14.37056 14.65148 15.25116 16.21783 17.29703 18.16042 18.66254 18.77361 18.43696 17.79066
16.48107 17.06812 17.68151 18.26127 19.01266 19.94659 20.88549 21.79691 22.55535 22.93281 22.90481 22.71488 22.45454 22.00105 21.28533 20.79783 20.35059 20.08693 19.93554 19.75154 19.56848 19.4878 19.48602 19.45674 19.54255 19.71558 19.732 19.67426 19.56868 19.34939 19.04004 18.56309 17.95968 17.33749 16.77922 16.28954 15.81304 15.34673 14.92194 14.55779 14.29804 14.08885 13.9299 13.83232 13.76714 13.72793 13.71273 13.70759 13.72375 13.80375 13.9653 14.14843 14.31105 14.56378 15.08733 15.89807 16.73511 17.3908 17.7192 17.62939 17.14185 16.45329
15.93178 16.44407 17.02377 17.61246 18.30316 19.2112 20.15149 21.19217 22.1795 22.9208 23.33586 23.48591 23.42071 23.38988 23.31532 23.24881 23.07885 22.76834 22.73667 22.67483 22.39977 22.12915 21.92982 21.76738 21.69795 21.84476 22.04132 21.96371 22.03391 21.95307 21.46189 20.78212 19.7895 18.80138 17.99535 17.31446 16.60653 15.9606 15.40536 14.93827 14.59917 14.32302 14.10024 13.9508 13.84156 13.76335 13.7299 13.71916 13.73138 13.78139 13.92259 14.11004 14.27401 14.4874 14.87788 15.48638 16.08895 16.51991 16.65566 16.44829 15.9563 15.33618
15.4402 15.87634 16.35459 16.86745 17.42078 18.30783 19.33464 20.42712 21.58476 22.6823 23.46739 23.74729 23.80171 24.17234 24.95352 25.90975 26.45981 26.17031 26.21946 26.46315 26.12537 25.46595 24.86072 24.31936 23.99999 24.15477 24.53065 24.65657 24.92254 25.08964 24.44814 23.58392 22.21945 20.7437 19.56067 18.57402 17.59042 16.72318 16.00446 15.40673 14.95012 14.58073 14.27315 14.04793 13.8677 13.7357 13.68788 13.68749 13.708 13.75674 13.88036 14.07563 14.25419 14.43238 14.69983 15.05686 15.44863 15.71909 15.75259 15.46637 14.96384 14.43406
14.98149 15.38821 15.82837 16.29859 16.77183 17.35682 18.36775 19.44776 20.6057 21.87666 22.77571 23.23266 23.52315 24.29188 25.60031 27.53879 28.85086 28.9485 29.30968 29.86677 29.46099 28.42586 27.2891 26.21175 25.58977 25.68293 26.10732 26.18581 26.66839 27.18965 26.53226 25.71665 24.20749 22.38273 20.85591 19.60151 18.47725 17.4905 16.61036 15.84066 15.25453 14.79334 14.40763 14.1007 13.83633 13.64793 13.57995 13.58739 13.63106 13.69885 13.81322 13.99726 14.18177 14.32269 14.4878 14.6691 14.84443 14.95323 14.91765 14.623 14.20585 13.7914
