py_wake/examples/data/AJ_ParqueFicticio/Ridge area   Sector 12   Height 200m   Weibull-A.grd
DSAA
90  129
 262878   265103
 6504214   6507414
 .3014333   6.740517
[rows 81 to 107 of 129, columns 0 to 61 of 90]
4.257291 4.300166 4.348441 4.393987 4.442277 4.495232 4.552696 4.618288 4.698536 4.775375 4.842029 4.898528 4.923423 4.916354 4.896407 4.881792 4.874574 4.860533 4.848037 4.828968 4.809397 4.808076 4.810995 4.812794 4.801268 4.776866 4.73905 4.698721 4.659226 4.623194 4.600293 4.602378 4.647066 4.733653 4.846712 4.975666 5.108638 5.249318 5.382963 5.50734 5.609941 5.708303 5.787417 5.841109 5.877233 5.907662 5.921513 5.921023 5.850921 5.737129 5.601563 5.438838 5.276749 2.735671 2.422816 2.519416 2.667913 2.823701 2.984566 3.106871 3.163736 3.156537
4.491293 4.559135 4.620774 4.673811 4.729559 4.782588 4.837286 4.892166 4.947195 5.005466 5.086045 5.158615 5.198028 5.203551 5.200505 5.189339 5.166612 5.13392 5.1228 5.114905 5.090119 5.067754 5.051231 5.048334 5.045607 5.031711 4.999846 4.962805 4.924839 4.882327 4.850443 4.835093 4.855117 4.923382 5.013554 5.115017 5.233292 5.366056 5.500103 5.613792 5.711011 5.815361 5.890737 5.928299 5.964574 5.991456 6.003499 6.002692 5.924582 5.806871 5.662733 5.485296 5.295878 5.104108 2.44696 2.51681 2.630441 2.745375 2.858269 2.949852 3.007123 3.032342
4.682589 4.763462 4.835406 4.893013 4.9357 4.99985 5.075206 5.140761 5.205822 5.274493 5.340364 5.399885 5.448335 5.467288 5.458991 5.435503 5.407576 5.380604 5.353839 5.316947 5.270111 5.241615 5.220712 5.216301 5.223678 5.226264 5.206011 5.17934 5.152812 5.113063 5.074043 5.04744 5.052192 5.100053 5.163441 5.236588 5.340397 5.458178 5.581196 5.677027 5.771615 5.876679 5.956074 6.000136 6.042741 6.07406 6.090218 6.086058 6.020822 5.910628 5.765925 5.583188 5.378696 5.170427 4.965559 4.778757 4.634544 4.530077 2.852768 2.923326 2.97068 3.004099
4.912302 4.991405 5.060264 5.120897 5.170938 5.223895 5.279425 5.331352 5.379662 5.42354 5.462437 5.496211 5.522966 5.537465 5.537777 5.518911 5.490273 5.454447 5.414 5.382441 5.348699 5.315495 5.282891 5.277095 5.288096 5.3118 5.320794 5.31761 5.313834 5.293381 5.269259 5.252854 5.254426 5.272492 5.313054 5.36697 5.437588 5.532504 5.629853 5.70686 5.795327 5.900931 5.993511 6.051738 6.103393 6.146661 6.171316 6.16324 6.114376 6.021565 5.891679 5.724279 5.528202 5.316477 5.09673 4.889091 4.716177 4.573468 4.454762 4.32839 4.2016 4.105295
5.095233 5.167428 5.231646 5.286923 5.330865 5.369254 5.40812 5.447148 5.477112 5.491174 5.493704 5.483333 5.462029 5.449003 5.444335 5.431042 5.397451 5.352107 5.300041 5.262563 5.241679 5.223675 5.214286 5.220101 5.241265 5.286129 5.331905 5.369493 5.402892 5.415902 5.43013 5.440313 5.439913 5.439851 5.460981 5.495436 5.535707 5.602501 5.668567 5.721995 5.794226 5.886827 5.988235 6.072547 6.14079 6.197986 6.228497 6.230948 6.205044 6.135874 6.024325 5.881105 5.70218 5.497375 5.276085 5.064783 4.885008 4.714696 4.534733 4.321831 4.089934 3.887833
5.20751 5.266106 5.319943 5.366819 5.403908 5.42948 5.445445 5.453442 5.452158 5.43785 5.406254 5.360413 5.308744 5.270675 5.248046 5.231652 5.206766 5.160692 5.102261 5.091634 5.084641 5.081384 5.082766 5.101819 5.135285 5.196535 5.274312 5.351914 5.426977 5.482819 5.532151 5.568909 5.581876 5.580599 5.587563 5.596064 5.62205 5.665028 5.703736 5.735254 5.781274 5.842023 5.918575 6.004862 6.092702 6.164922 6.21831 6.251913 6.265448 6.226771 6.144265 6.030693 5.875195 5.685137 5.47164 5.26608 5.090845 4.904171 4.677443 4.432803 4.155957 3.872674
5.245134 5.284852 5.316672 5.341797 5.361052 5.367623 5.357552 5.334726 5.300155 5.259623 5.214157 5.159201 5.099911 5.043087 4.997318 4.958284 4.948167 4.951958 4.948365 4.939811 4.932096 4.925916 4.93408 4.970203 5.015453 5.084756 5.189452 5.29616 5.397679 5.48445 5.558829 5.618237 5.654447 5.670435 5.673155 5.674366 5.695333 5.723313 5.74031 5.750777 5.765352 5.793769 5.843025 5.908572 5.994575 6.080772 6.159076 6.222884 6.271872 6.27413 6.230624 6.14902 6.026811 5.866746 5.676699 5.485017 5.312313 5.128288 4.944776 4.726412 4.447826 4.127854
5.209183 5.227232 5.236246 5.236525 5.232724 5.225429 5.200325 5.15523 5.092955 5.017385 4.949425 4.882672 4.825506 4.795723 4.762136 4.737417 4.730633 4.748252 4.772509 4.784305 4.788533 4.795528 4.810999 4.860898 4.923436 4.999573 5.107225 5.224738 5.343743 5.451991 5.546784 5.623876 5.679529 5.707773 5.717279 5.724712 5.744171 5.765747 5.771441 5.759263 5.741423 5.74872 5.77929 5.83011 5.905193 5.988534 6.071462 6.148491 6.214162 6.256336 6.258015 6.216808 6.138117 6.023801 5.874755 5.708981 5.545976 5.37826 5.231452 5.038623 4.802075 4.517468
5.131288 5.129159 5.118339 5.095212 5.064739 5.031532 4.990952 4.926742 4.848226 4.758303 4.713367 4.670402 4.624247 4.586373 4.557918 4.53394 4.521404 4.553886 4.595191 4.630987 4.653072 4.677244 4.704905 4.765089 4.84442 4.927105 5.032907 5.155791 5.287195 5.40766 5.517997 5.613671 5.68903 5.727335 5.742864 5.759949 5.78199 5.801907 5.798301 5.764043 5.719564 5.697669 5.699102 5.71841 5.761916 5.829184 5.920808 6.014318 6.104321 6.17807 6.225124 6.234885 6.20468 6.139797 6.042362 5.919888 5.780164 5.635655 5.488942 5.31235 5.117158 4.889341
5.013649 4.992794 4.972876 4.936372 4.882274 4.819529 4.756536 4.702562 4.665839 4.624118 4.570667 4.514342 4.456183 4.410793 4.394701 4.393583 4.394524 4.421857 4.467388 4.503263 4.536304 4.575506 4.612209 4.680373 4.774091 4.868549 4.97961 5.10587 5.238339 5.361387 5.477603 5.583739 5.674659 5.722584 5.742581 5.764728 5.791197 5.816525 5.809286 5.764874 5.680885 5.614339 5.595686 5.597165 5.620229 5.661036 5.739727 5.840185 5.947948 6.050293 6.132386 6.190763 6.208627 6.184752 6.132714 6.059877 5.963116 5.838736 5.704553 5.541262 5.353951 5.149732
4.813159 4.77789 4.741117 4.70374 4.656112 4.620766 4.592566 4.575116 4.547804 4.515128 4.480514 4.437487 4.382651 4.339483 4.332992 4.358905 4.379704 4.408659 4.451977 4.486099 4.517913 4.572516 4.606235 4.677525 4.7712 4.861802 4.96594 5.088344 5.207293 5.315019 5.42124 5.518501 5.607971 5.664611 5.688498 5.708921 5.729067 5.75127 5.752865 5.702756 5.621556 5.545721 5.501513 5.472534 5.46295 5.484553 5.548378 5.639745 5.744464 5.86703 5.978271 6.072428 6.125724 6.134743 6.117017 6.085261 6.036261 5.959155 5.847165 5.691948 5.522845 5.330427
4.496196 4.458452 4.454189 4.456646 4.452296 4.438975 4.424717 4.417317 4.41475 4.416895 4.414559 4.403098 4.388021 4.379186 4.392528 4.424554 4.449915 4.488804 4.538311 4.57243 4.616935 4.678565 4.725397 4.789377 4.860267 4.933883 5.013893 5.110441 5.2051 5.287529 5.373402 5.446037 5.512473 5.566904 5.598466 5.623555 5.640085 5.648379 5.644252 5.603886 5.531487 5.449251 5.381107 5.333445 5.290902 5.295155 5.347475 5.434618 5.537849 5.656064 5.770941 5.875556 5.951318 5.985631 5.998266 6.005832 6.003206 5.97332 5.911172 5.813144 5.663281 5.47066
4.18406 4.215677 4.238707 4.255536 4.25787 4.24992 4.244713 4.260409 4.286056 4.326301 4.367283 4.399755 4.424844 4.450458 4.489832 4.529701 4.559895 4.606171 4.659663 4.709785 4.775146 4.836245 4.890058 4.939815 4.988891 5.044906 5.102004 5.165012 5.224486 5.282988 5.349045 5.400339 5.443096 5.480667 5.508358 5.536213 5.549798 5.554344 5.544097 5.501939 5.419888 5.334286 5.247313 5.175041 5.1164 5.09943 5.133871 5.217939 5.319667 5.431025 5.546615 5.653903 5.739573 5.788284 5.821259 5.854895 5.88802 5.908806 5.907117 5.883476 5.806852 5.661541
3.993164 4.031651 4.085785 4.125493 4.134875 4.125373 4.111589 4.138385 4.20317 4.268951 4.338499 4.410418 4.465172 4.517908 4.582953 4.639162 4.687774 4.742421 4.796268 4.859041 4.926492 4.991557 5.040698 5.077397 5.114019 5.147758 5.182809 5.219441 5.247572 5.284463 5.331696 5.368558 5.391373 5.406179 5.419932 5.441586 5.452276 5.459389 5.450773 5.410322 5.33146 5.232357 5.131227 5.038154 4.958056 4.921436 4.938334 5.000453 5.089458 5.196361 5.316665 5.424779 5.507374 5.558813 5.596035 5.638846 5.701132 5.766321 5.821826 5.859859 5.861596 5.794905
3.864719 3.909013 3.979344 4.03922 4.070026 4.077832 4.090492 4.129118 4.211032 4.286839 4.365967 4.459243 4.535834 4.608732 4.688584 4.759216 4.823277 4.882837 4.942638 5.001188 5.060096 5.118824 5.168259 5.205045 5.232884 5.250136 5.26331 5.270003 5.270007 5.280163 5.299361 5.319358 5.33643 5.344714 5.354335 5.370121 5.387903 5.403113 5.400154 5.359762 5.273829 5.170885 5.059555 4.940767 4.830135 4.768674 4.765241 4.811225 4.890387 4.989828 5.101865 5.205062 5.285119 5.321901 5.355194 5.393334 5.465364 5.56115 5.658572 5.744803 5.801652 5.805639
3.762814 3.826659 3.902845 3.98208 4.035816 4.07947 4.123323 4.179487 4.273218 4.356394 4.444863 4.540429 4.630613 4.719789 4.804887 4.879913 4.948743 5.015818 5.077547 5.134699 5.188785 5.24406 5.289986 5.32293 5.344315 5.356749 5.350837 5.325261 5.299186 5.279617 5.267125 5.261822 5.267437 5.270683 5.280025 5.296434 5.3212 5.349813 5.35894 5.326328 5.244149 5.137859 5.012052 4.869533 4.731844 4.6401 4.615896 4.649705 4.715917 4.800454 4.893791 4.990396 5.070454 5.099626 5.114979 5.140239 5.202539 5.298238 5.411897 5.532721 5.633097 5.698249
3.702478 3.778309 3.861084 3.949207 4.025847 4.096056 4.160159 4.238805 4.343184 4.439013 4.537883 4.635039 4.728288 4.818343 4.903344 4.97901 5.049245 5.121756 5.191439 5.253152 5.308543 5.362135 5.404703 5.42272 5.431476 5.439001 5.422421 5.38133 5.335335 5.285444 5.237359 5.201583 5.182693 5.17532 5.183273 5.202388 5.238183 5.285456 5.313204 5.298412 5.23115 5.11822 4.980047 4.821089 4.657105 4.536488 4.487751 4.500938 4.542974 4.613942 4.703672 4.798862 4.864445 4.882289 4.876376 4.879981 4.922045 4.997291 5.113692 5.265053 5.413027 5.540964
3.72126 3.788782 3.868821 3.949828 4.036551 4.119461 4.194663 4.294497 4.403796 4.505016 4.603345 4.701155 4.792062 4.879013 4.964667 5.045043 5.115811 5.184466 5.24999 5.310961 5.369964 5.420603 5.459231 5.470751 5.471574 5.472323 5.453132 5.408242 5.355743 5.289284 5.217978 5.158996 5.115965 5.089622 5.083013 5.097116 5.143688 5.208675 5.253749 5.266279 5.22683 5.128509 4.988902 4.819322 4.638769 4.484314 4.400976 4.383938 4.39928 4.454078 4.531303 4.61756 4.665539 4.665021 4.638577 4.610567 4.614457 4.652707 4.751206 4.936615 5.153623 5.359929
3.799343 3.868276 3.942086 4.010468 4.09624 4.177093 4.251118 4.34974 4.455445 4.554934 4.649562 4.742313 4.83158 4.913611 4.989305 5.060654 5.126302 5.18822 5.243228 5.293861 5.344454 5.390371 5.428163 5.442394 5.443553 5.444561 5.43522 5.399924 5.350579 5.280198 5.196249 5.118142 5.052989 5.003946 4.980245 4.98935 5.044357 5.119866 5.185968 5.232779 5.233232 5.165993 5.040247 4.873297 4.688004 4.513371 4.39157 4.331445 4.310847 4.327863 4.373605 4.438235 4.478075 4.460808 4.408886 4.348671 4.304683 4.295622 4.35521 4.535461 4.806662 5.095963
1.70141E+38 1.70141E+38 1.70141E+38 1.70141E+38 1.70141E+38 1.70141E+38 1.70141E+38 1.70141E+38 1.70141E+38 1.70141E+38 1.70141E+38 1.70141E+38 1.70141E+38 1.70141E+38 1.70141E+38 1.70141E+38 1.70141E+38 1.70141E+38 1.70141E+38 1.70141E+38 1.70141E+38 1.70141E+38 1.70141E+38 1.70141E+38 1.70141E+38 1.70141E+38 1.70141E+38 1.70141E+38 1.70141E+38 1.70141E+38 1.70141E+38 1.70141E+38 1.70141E+38 1.70141E+38 1.70141E+38 1.70141E+38 1.70141E+38 1.70141E+38 1.70141E+38 1.70141E+38 1.70141E+38 1.70141E+38 1.70141E+38 1.70141E+38 1.70141E+38 1.70141E+38 1.70141E+38 1.70141E+38 1.70141E+38 1.70141E+38 1.70141E+38 1.70141E+38 1.70141E+38 1.70141E+38 1.70141E+38 1.70141E+38 1.70141E+38 1.70141E+38 1.70141E+38 1.70141E+38 1.70141E+38 1.70141E+38
1.70141E+38 1.70141E+38 1.70141E+38 1.70141E+38 1.70141E+38 1.70141E+38 1.70141E+38 1.70141E+38 1.70141E+38 1.70141E+38 1.70141E+38 1.70141E+38 1.70141E+38 1.70141E+38 1.70141E+38 1.70141E+38 1.70141E+38 1.70141E+38 1.70141E+38 1.70141E+38 1.70141E+38 1.70141E+38 1.70141E+38 1.70141E+38 1.70141E+38 1.70141E+38 1.70141E+38 1.70141E+38 1.70141E+38 1.70141E+38 1.70141E+38 1.70141E+38 1.70141E+38 1.70141E+38 1.70141E+38 1.70141E+38 1.70141E+38 1.70141E+38 1.70141E+38 1.70141E+38 1.70141E+38 1.70141E+38 1.70141E+38 1.70141E+38 1.70141E+38 1.70141E+38 1.70141E+38 1.70141E+38 1.70141E+38 1.70141E+38 1.70141E+38 1.70141E+38 1.70141E+38 1.70141E+38 1.70141E+38 1.70141E+38 1.70141E+38 1.70141E+38 1.70141E+38 1.70141E+38 1.70141E+38 1.70141E+38
1.70141E+38 1.70141E+38 1.70141E+38 1.70141E+38 1.70141E+38 1.70141E+38 1.70141E+38 1.70141E+38 1.70141E+38 1.70141E+38 1.70141E+38 1.70141E+38 1.70141E+38 1.70141E+38 1.70141E+38 1.70141E+38 1.70141E+38 1.70141E+38 1.70141E+38 1.70141E+38 1.70141E+38 1.70141E+38 1.70141E+38 1.70141E+38 1.70141E+38 1.70141E+38 1.70141E+38 1.70141E+38 1.70141E+38 1.70141E+38 1.70141E+38 1.70141E+38 1.70141E+38 1.70141E+38 1.70141E+38 1.70141E+38 1.70141E+38 1.70141E+38 1.70141E+38 1.70141E+38 1.70141E+38 1.70141E+38 1.70141E+38 1.70141E+38 1.70141E+38 1.70141E+38 1.70141E+38 1.70141E+38 1.70141E+38 1.70141E+38 1.70141E+38 1.70141E+38 1.70141E+38 1.70141E+38 1.70141E+38 1.70141E+38 1.70141E+38 1.70141E+38 1.70141E+38 1.70141E+38 1.70141E+38 1.70141E+38
1.70141E+38 1.70141E+38 1.70141E+38 1.70141E+38 1.70141E+38 1.70141E+38 1.70141E+38 1.70141E+38 1.70141E+38 1.70141E+38 1.70141E+38 1.70141E+38 1.70141E+38 1.70141E+38 1.70141E+38 1.70141E+38 1.70141E+38 1.70141E+38 1.70141E+38 1.70141E+38 1.70141E+38 1.70141E+38 1.70141E+38 1.70141E+38 1.70141E+38 1.70141E+38 1.70141E+38 1.70141E+38 1.70141E+38 1.70141E+38 1.70141E+38 1.70141E+38 1.70141E+38 1.70141E+38 1.70141E+38 1.70141E+38 1.70141E+38 1.70141E+38 1.70141E+38 1.70141E+38 1.70141E+38 1.70141E+38 1.70141E+38 1.70141E+38 1.70141E+38 1.70141E+38 1.70141E+38 1.70141E+38 1.70141E+38 1.70141E+38 1.70141E+38 1.70141E+38 1.70141E+38 1.70141E+38 1.70141E+38 1.70141E+38 1.70141E+38 1.70141E+38 1.70141E+38 1.70141E+38 1.70141E+38 1.70141E+38
1.70141E+38 1.70141E+38 1.70141E+38 1.70141E+38 1.70141E+38 1.70141E+38 1.70141E+38 1.70141E+38 1.70141E+38 1.70141E+38 1.70141E+38 1.70141E+38 1.70141E+38 1.70141E+38 1.70141E+38 1.70141E+38 1.70141E+38 1.70141E+38 1.70141E+38 1.70141E+38 1.70141E+38 1.70141E+38 1.70141E+38 1.70141E+38 1.70141E+38 1.70141E+38 1.70141E+38 1.70141E+38 1.70141E+38 1.70141E+38 1.70141E+38 1.70141E+38 1.70141E+38 1.70141E+38 1.70141E+38 1.70141E+38 1.70141E+38 1.70141E+38 1.70141E+38 1.70141E+38 1.70141E+38 1.70141E+38 1.70141E+38 1.70141E+38 1.70141E+38 1.70141E+38 1.70141E+38 1.70141E+38 1.70141E+38 1.70141E+38 1.70141E+38 1.70141E+38 1.70141E+38 1.70141E+38 1.70141E+38 1.70141E+38 1.70141E+38 1.70141E+38 1.70141E+38 1.70141E+38 1.70141E+38 1.70141E+38
1.70141E+38 1.70141E+38 1.70141E+38 1.70141E+38 1.70141E+38 1.70141E+38 1.70141E+38 1.70141E+38 1.70141E+38 1.70141E+38 1.70141E+38 1.70141E+38 1.70141E+38 1.70141E+38 1.70141E+38 1.70141E+38 1.70141E+38 1.70141E+38 1.70141E+38 1.70141E+38 1.70141E+38 1.70141E+38 1.70141E+38 1.70141E+38 1.70141E+38 1.70141E+38 1.70141E+38 1.70141E+38 1.70141E+38 1.70141E+38 1.70141E+38 1.70141E+38 1.70141E+38 1.70141E+38 1.70141E+38 1.70141E+38 1.70141E+38 1.70141E+38 1.70141E+38 1.70141E+38 1.70141E+38 1.70141E+38 1.70141E+38 1.70141E+38 1.70141E+38 1.70141E+38 1.70141E+38 1.70141E+38 1.70141E+38 1.70141E+38 1.70141E+38 1.70141E+38 1.70141E+38 1.70141E+38 1.70141E+38 1.70141E+38 1.70141E+38 1.70141E+38 1.70141E+38 1.70141E+38 1.70141E+38 1.70141E+38
1.70141E+38 1.70141E+38 1.70141E+38 1.70141E+38 1.70141E+38 1.70141E+38 1.70141E+38 1.70141E+38 1.70141E+38 1.70141E+38 1.70141E+38 1.70141E+38 1.70141E+38 1.70141E+38 1.70141E+38 1.70141E+38 1.70141E+38 1.70141E+38 1.70141E+38 1.70141E+38 1.70141E+38 1.70141E+38 1.70141E+38 1.70141E+38 1.70141E+38 1.70141E+38 1.70141E+38 1.70141E+38 1.70141E+38 1.70141E+38 1.70141E+38 1.70141E+38 1.70141E+38 1.70141E+38 1.70141E+38 1.70141E+38 1.70141E+38 1.70141E+38 1.70141E+38 1.70141E+38 1.70141E+38 1.70141E+38 1.70141E+38 1.70141E+38 1.70141E+38 1.70141E+38 1.70141E+38 1.70141E+38 1.70141E+38 1.70141E+38 1.70141E+38 1.70141E+38 1.70141E+38 1.70141E+38 1.70141E+38 1.70141E+38 1.70141E+38 1.70141E+38 1.70141E+38 1.70141E+38 1.70141E+38 1.70141E+38
1.70141E+38 1.70141E+38 1.70141E+38 1.70141E+38 1.70141E+38 1.70141E+38 1.70141E+38 1.70141E+38 1.70141E+38 1.70141E+38 1.70141E+38 1.70141E+38 1.70141E+38 1.70141E+38 1.70141E+38 1.70141E+38 1.70141E+38 1.70141E+38 1.70141E+38 1.70141E+38 1.70141E+38 1.70141E+38 1.70141E+38 1.70141E+38 1.70141E+38 1.70141E+38 1.70141E+38 1.70141E+38 1.70141E+38 1.70141E+38 1.70141E+38 1.70141E+38 1.70141E+38 1.70141E+38 1.70141E+38 1.70141E+38 1.70141E+38 1.70141E+38 1.70141E+38 1.70141E+38 1.70141E+38 1.70141E+38 1.70141E+38 1.70141E+38 1.70141E+38 1.70141E+38 1.70141E+38 1.70141E+38 1.70141E+38 1.70141E+38 1.70141E+38 1.70141E+38 1.70141E+38 1.70141E+38 1.70141E+38 1.70141E+38 1.70141E+38 1.70141E+38 1.70141E+38 1.70141E+38 1.70141E+38 1.70141E+38
