py_wake/examples/data/AJ_ParqueFicticio/Ridge area   Sector 9   Height 30m   Mean speed.grd
DSAA
90  129
 262878   265103
 6504214   6507414
 .2875556   10.04636
[rows 54 to 80 of 129, columns 0 to 61 of 90]
6.961014 6.907635 6.807867 6.653691 6.461113 6.254272 6.039491 5.831459 5.617102 5.460555 5.470401 5.595726 5.70188 5.701399 5.632199 5.541895 5.488218 5.496915 5.509862 5.549274 5.639918 5.740217 5.838686 5.933551 6.01922 6.07388 6.128718 6.212953 6.265487 6.32941 6.438785 6.561932 6.693464 6.822391 6.924255 7.031817 7.17232 7.32917 7.513255 7.733516 7.989531 8.277013 8.537349 8.764099 8.989331 9.095897 9.073266 8.954683 8.77496 8.548182 8.290907 7.967743 7.500007 6.831569 5.869234 4.923651 4.401295 4.250793 4.400826 4.828738 5.454934 6.046608
6.996526 6.966277 6.893393 6.761104 6.553622 6.338954 6.142849 5.949069 5.760217 5.636142 5.645988 5.758937 5.844189 5.808805 5.703063 5.577566 5.484615 5.438848 5.427091 5.463246 5.555554 5.67262 5.783504 5.896647 6.013152 6.106359 6.194195 6.282163 6.359423 6.452809 6.562355 6.696625 6.825262 6.926172 7.010171 7.112224 7.258733 7.415304 7.584138 7.791247 8.047395 8.334332 8.590425 8.83005 9.03537 9.110466 9.091778 8.989811 8.826296 8.608985 8.360616 8.072648 7.688891 7.164429 6.43443 5.606721 5.116165 4.979636 5.089411 5.427309 5.861136 6.214688
7.037791 7.034873 6.987267 6.865956 6.654483 6.447371 6.254393 6.073195 5.911855 5.811034 5.825286 5.936747 6.020395 5.962856 5.83216 5.671685 5.53889 5.444189 5.381667 5.382874 5.484787 5.616165 5.737767 5.880579 6.034274 6.168052 6.283009 6.38526 6.47218 6.57725 6.699161 6.834968 6.957876 7.052737 7.145366 7.260136 7.392293 7.532465 7.682006 7.8806 8.138678 8.413889 8.663785 8.905226 9.06369 9.122121 9.110713 9.018898 8.865446 8.676736 8.441132 8.175048 7.850968 7.427093 6.844007 6.154373 5.721111 5.579962 5.626007 5.832623 6.10514 6.343993
7.091777 7.100723 7.068298 6.957357 6.771855 6.568967 6.387598 6.239353 6.111422 6.027174 6.018949 6.124294 6.210441 6.183516 6.04334 5.853261 5.658909 5.508663 5.388634 5.361197 5.47233 5.611336 5.736761 5.894018 6.075295 6.241221 6.379321 6.49663 6.597581 6.71715 6.844435 6.977776 7.098047 7.208785 7.323384 7.442398 7.565163 7.682481 7.822759 8.01615 8.267132 8.523837 8.764108 8.973034 9.082445 9.137111 9.130762 9.04862 8.904479 8.741708 8.537724 8.301902 8.023911 7.669993 7.223653 6.677172 6.246333 6.05803 6.026968 6.144465 6.322787 6.450222
7.126204 7.154473 7.132224 7.028512 6.870529 6.698035 6.542255 6.398596 6.285301 6.228118 6.237727 6.310898 6.377191 6.361766 6.245781 6.089615 5.910326 5.738907 5.559241 5.489672 5.566461 5.67943 5.802066 5.969626 6.158479 6.339447 6.492605 6.61824 6.738988 6.867675 7.003243 7.141533 7.271581 7.39337 7.51181 7.637208 7.755455 7.875883 8.024511 8.211108 8.428344 8.657834 8.8711 9.01561 9.100945 9.156426 9.154131 9.08077 8.950564 8.801175 8.626154 8.425539 8.193517 7.919565 7.580106 7.18329 6.777741 6.497662 6.375395 6.355111 6.38055 6.368282
7.158074 7.202567 7.201479 7.125888 6.992363 6.8454 6.707199 6.581821 6.482633 6.423391 6.423999 6.476169 6.526098 6.509071 6.412064 6.287321 6.143082 5.979641 5.823833 5.739352 5.769045 5.832991 5.939589 6.108 6.298956 6.477212 6.636394 6.768339 6.893688 7.028179 7.173363 7.325148 7.474824 7.603375 7.724337 7.849456 7.96228 8.084093 8.237216 8.408436 8.591029 8.78996 8.942621 9.041064 9.12571 9.188061 9.186472 9.115101 8.996697 8.857123 8.692661 8.525693 8.341406 8.124983 7.860644 7.547768 7.211754 6.882249 6.590181 6.386331 6.225137 6.097626
7.209147 7.268185 7.289589 7.242317 7.130338 7.013714 6.895777 6.790681 6.699961 6.628939 6.614851 6.647963 6.678128 6.657034 6.585721 6.501144 6.389585 6.248399 6.105716 6.003343 6.02138 6.070625 6.147079 6.302521 6.481756 6.646178 6.794237 6.920448 7.053099 7.19216 7.347377 7.517822 7.682994 7.811092 7.93413 8.057525 8.159986 8.275252 8.409804 8.550952 8.71329 8.871486 8.971517 9.056548 9.154441 9.223509 9.205924 9.130563 9.030908 8.896908 8.741817 8.593053 8.449223 8.280406 8.070936 7.805829 7.481477 7.109663 6.685137 6.254698 5.910396 5.684956
7.290691 7.353452 7.387789 7.365914 7.284413 7.186738 7.088711 6.994705 6.906999 6.830948 6.800236 6.803189 6.824592 6.819232 6.776366 6.708751 6.618641 6.505156 6.389779 6.312677 6.308107 6.339963 6.399522 6.531483 6.695835 6.846175 6.972878 7.093069 7.226481 7.366483 7.520967 7.695154 7.856944 7.981156 8.105292 8.210609 8.302984 8.414543 8.522077 8.635649 8.778076 8.894191 8.971482 9.055935 9.166263 9.216846 9.168506 9.08858 9.010408 8.906788 8.771484 8.638073 8.516983 8.381354 8.202295 7.95912 7.609043 7.158259 6.614871 6.007228 5.477298 5.134386
7.391075 7.447474 7.490722 7.498422 7.447988 7.366176 7.277102 7.187985 7.105206 7.033979 6.999193 6.989545 6.979155 6.950444 6.922441 6.873558 6.818561 6.750511 6.686795 6.646472 6.629991 6.659417 6.710664 6.816143 6.9535 7.083873 7.187783 7.283144 7.403483 7.541486 7.683721 7.84722 7.982759 8.107644 8.225178 8.31094 8.398458 8.491898 8.573801 8.666739 8.784964 8.872939 8.947262 9.03302 9.142243 9.160224 9.095075 9.020199 8.956406 8.891463 8.795546 8.681485 8.561134 8.431666 8.269846 8.035164 7.667579 7.153684 6.508481 5.74484 5.028742 4.52762
7.505957 7.563107 7.634112 7.657691 7.604882 7.525162 7.440197 7.356457 7.276806 7.202608 7.142635 7.095838 7.066893 7.05255 7.0555 7.050938 7.020201 6.981226 6.945504 6.945656 6.96105 6.982745 7.033114 7.113618 7.235698 7.324512 7.38614 7.467818 7.582044 7.696849 7.830433 7.970461 8.084234 8.199916 8.29903 8.369661 8.443528 8.514139 8.575918 8.649994 8.746417 8.821546 8.895692 8.984371 9.082082 9.079243 9.017107 8.952836 8.900042 8.858473 8.806511 8.719172 8.595929 8.458242 8.304126 8.076078 7.706619 7.162528 6.460088 5.584725 4.708856 4.068527
7.600863 7.665178 7.734879 7.730001 7.6629 7.582027 7.500813 7.421384 7.344653 7.272222 7.210506 7.162706 7.133643 7.132452 7.159142 7.172346 7.145077 7.125679 7.135418 7.196245 7.225226 7.231501 7.26397 7.356572 7.459768 7.502 7.544024 7.629974 7.726955 7.823541 7.946321 8.062427 8.159857 8.25798 8.336355 8.393447 8.447775 8.491944 8.529339 8.584928 8.667625 8.737214 8.806462 8.89153 8.981025 8.987277 8.939947 8.888802 8.847298 8.818405 8.794706 8.741767 8.61902 8.466145 8.309755 8.094484 7.728295 7.173789 6.44211 5.524046 4.538069 3.798337
7.647266 7.71096 7.770569 7.75684 7.691217 7.61789 7.543201 7.464232 7.382229 7.304714 7.23548 7.175849 7.135332 7.133008 7.167054 7.193807 7.199356 7.210667 7.246022 7.315623 7.349675 7.367213 7.411892 7.505453 7.577719 7.616261 7.663715 7.745599 7.824263 7.909312 8.014367 8.10943 8.189937 8.263303 8.320213 8.359005 8.386861 8.398907 8.411448 8.460171 8.53756 8.607475 8.676571 8.757929 8.850517 8.887683 8.869007 8.831676 8.800009 8.779427 8.769417 8.7377 8.620769 8.450764 8.281463 8.077392 7.70747 7.15334 6.428528 5.525822 4.50452 3.707144
7.660118 7.720648 7.76414 7.759497 7.697604 7.623148 7.54596 7.456256 7.356158 7.257888 7.168181 7.08859 7.036437 7.036429 7.088538 7.150364 7.179544 7.21168 7.256815 7.321919 7.37184 7.417883 7.475323 7.552976 7.620522 7.675836 7.73616 7.809719 7.876317 7.946181 8.032734 8.109554 8.167157 8.211977 8.243967 8.262633 8.256759 8.234944 8.231965 8.283796 8.354867 8.43828 8.524076 8.608348 8.702769 8.78148 8.806604 8.784966 8.75958 8.742679 8.735359 8.711288 8.591882 8.406646 8.224614 8.029304 7.657662 7.112316 6.398559 5.519053 4.537399 3.677805
7.656187 7.706431 7.736989 7.726637 7.677357 7.602939 7.516053 7.405883 7.274565 7.144211 7.029553 6.93213 6.876474 6.890763 6.9654 7.070415 7.125635 7.159071 7.203425 7.276659 7.348685 7.401455 7.462242 7.541751 7.616871 7.675264 7.73779 7.809684 7.861152 7.91885 8.000722 8.06435 8.093926 8.104131 8.113613 8.109992 8.07035 8.022274 8.021138 8.069679 8.148281 8.249277 8.361676 8.465014 8.569276 8.675347 8.740483 8.746031 8.725771 8.707401 8.696209 8.671114 8.543296 8.345779 8.154221 7.966183 7.592492 7.055971 6.338498 5.461429 4.515632 3.727042
7.625557 7.668622 7.689492 7.668818 7.603812 7.524746 7.421464 7.277915 7.106022 6.942456 6.805914 6.701833 6.657472 6.701632 6.80003 6.92241 7.02022 7.068989 7.116841 7.19581 7.284536 7.34611 7.408362 7.489428 7.565131 7.619907 7.676149 7.730128 7.769591 7.822326 7.890515 7.940808 7.943863 7.922375 7.912312 7.888705 7.831643 7.782527 7.779652 7.830139 7.928462 8.046446 8.187163 8.332747 8.454576 8.569438 8.665432 8.709064 8.699265 8.674573 8.653801 8.620758 8.480226 8.266949 8.061065 7.863681 7.452826 6.876348 6.124473 5.24861 4.356606 3.715646
7.58165 7.607729 7.614563 7.569319 7.473936 7.358671 7.214364 7.032918 6.837285 6.659194 6.514514 6.415987 6.390977 6.447334 6.560279 6.701075 6.825948 6.907646 6.98681 7.071913 7.158242 7.240394 7.309179 7.380239 7.447999 7.50969 7.555207 7.577999 7.608836 7.653968 7.697856 7.721501 7.708585 7.668423 7.628595 7.580022 7.530877 7.494443 7.501426 7.564334 7.68602 7.830831 8.000379 8.200028 8.356733 8.476616 8.585234 8.667629 8.67785 8.645305 8.608806 8.559629 8.397979 8.157873 7.922513 7.672247 7.170409 6.482231 5.663365 4.811161 4.089993 3.690864
7.510199 7.516173 7.502465 7.42463 7.290668 7.137961 6.963671 6.766892 6.547229 6.336203 6.166259 6.054846 6.02089 6.089353 6.233879 6.40248 6.54231 6.651896 6.767646 6.881028 6.974139 7.069044 7.155123 7.223798 7.288723 7.337232 7.370586 7.372073 7.389363 7.399494 7.416028 7.417386 7.385553 7.324404 7.264796 7.21009 7.144682 7.092023 7.102578 7.22717 7.392442 7.576849 7.798148 8.050217 8.279649 8.411562 8.52327 8.621024 8.654296 8.616753 8.556124 8.479548 8.288178 8.011213 7.731629 7.385601 6.771444 5.978095 5.121503 4.336871 3.911123 3.669048
7.401594 7.390154 7.354347 7.251762 7.089985 6.916751 6.730807 6.522864 6.276898 6.007003 5.776254 5.605299 5.526018 5.625001 5.80872 6.011239 6.158968 6.299393 6.444462 6.583227 6.716284 6.8373 6.932014 7.005445 7.068633 7.104119 7.108705 7.089779 7.076671 7.062683 7.055786 7.034949 6.997389 6.944306 6.882151 6.803932 6.722713 6.615877 6.56004 6.756898 7.069145 7.315164 7.585696 7.898687 8.204225 8.374654 8.480318 8.574347 8.620189 8.575397 8.481441 8.356956 8.126382 7.814284 7.477244 7.004369 6.285016 5.42978 4.600738 3.921743 3.928056 3.671094
7.252714 7.208648 7.145068 7.030789 6.852293 6.655703 6.457445 6.249676 5.992688 5.710291 5.449845 5.224552 5.068797 5.108012 5.3025 5.504069 5.668208 5.828897 5.992082 6.146345 6.311375 6.477646 6.591639 6.660478 6.713851 6.740426 6.73924 6.7069 6.670398 6.626122 6.612667 6.611366 6.582757 6.525523 6.438681 6.363814 6.3378 6.254649 6.169738 6.367875 6.798178 7.139454 7.450377 7.805439 8.153872 8.375916 8.463775 8.535344 8.555607 8.478445 8.326887 8.138017 7.874916 7.546664 7.141793 6.558979 5.778552 4.905725 4.153136 3.574494 4.271228 3.851347
7.033888 6.959918 6.881472 6.754229 6.559497 6.353783 6.142301 5.910616 5.645195 5.378584 5.138567 4.908422 4.706522 4.629011 4.678816 4.816183 4.938159 5.105597 5.25132 5.424636 5.638066 5.82155 5.960392 6.046578 6.096429 6.127238 6.14913 6.138041 6.119442 6.090816 6.082018 6.06815 6.08024 6.071812 6.002868 5.97648 6.021505 6.029768 6.068834 6.27054 6.714735 7.106524 7.451683 7.816826 8.176217 8.413929 8.466808 8.494244 8.460007 8.321691 8.109626 7.8759 7.59193 7.242683 6.765908 6.1057 5.279105 4.434972 3.803286 3.338458 3.620723 3.567027
6.751501 6.678402 6.589086 6.438488 6.237213 6.015753 5.777998 5.524331 5.277807 5.036388 4.771093 4.531098 4.355808 4.292945 4.306642 4.304561 4.37474 4.477168 4.573511 4.757598 4.989668 5.118666 5.183858 5.276556 5.344822 5.377374 5.367993 5.354059 5.326101 5.325728 5.345436 5.334054 5.419948 5.544915 5.590849 5.65281 5.764933 5.896304 6.053846 6.308682 6.749488 7.159546 7.540912 7.909645 8.257357 8.469283 8.477346 8.451524 8.350917 8.146423 7.889132 7.622824 7.311927 6.896004 6.316824 5.57155 4.696768 3.996617 3.674382 3.690986 2.050972 3.1752
6.493466 6.405537 6.284965 6.120271 5.896796 5.628135 5.344528 5.130103 5.063304 4.964155 4.7947 4.569695 4.318589 4.19657 4.272115 4.292695 4.22518 4.254495 4.381908 4.570559 4.766308 4.825347 4.781399 4.731514 4.772214 4.831707 4.790479 4.666889 4.544948 4.588927 4.648429 4.615373 4.722349 5.018553 5.252078 5.446847 5.658223 5.88027 6.093085 6.402898 6.857184 7.279282 7.669702 8.021443 8.347443 8.517091 8.480458 8.402691 8.23387 7.968473 7.673089 7.37364 6.994435 6.425105 5.698279 4.869429 4.08805 3.831672 4.566285 5.018988 4.584383 2.538692
6.260071 6.16748 6.030223 5.854236 5.618279 5.337465 5.074351 4.978105 5.082401 5.080472 5.003878 4.856655 4.667035 4.550355 4.608387 4.611754 4.522161 4.500717 4.611438 4.773971 4.867035 4.841966 4.749467 4.643601 4.622038 4.648472 4.584726 4.447796 4.300821 4.304062 4.375389 4.3711 4.475961 4.824907 5.154517 5.450338 5.730991 6.00691 6.259478 6.618721 7.063356 7.477074 7.851544 8.163811 8.45924 8.556326 8.473765 8.340926 8.102201 7.785292 7.451707 7.069675 6.508132 5.711728 4.811718 4.014267 3.755239 5.175311 5.129824 4.825465 4.442164 2.887574
6.023149 5.925825 5.789986 5.626325 5.424087 5.236237 5.133413 5.177635 5.291876 5.32828 5.313293 5.23994 5.196824 5.177005 5.166587 5.155146 5.100816 5.072893 5.076877 5.124361 5.148091 5.097709 5.008939 4.917427 4.862332 4.816737 4.728571 4.615606 4.525909 4.525465 4.548346 4.573213 4.712212 4.981658 5.294566 5.603145 5.909841 6.226579 6.553402 6.947381 7.359117 7.781535 8.142389 8.41453 8.65834 8.641935 8.492013 8.26032 7.962255 7.604836 7.170203 6.572546 5.720129 4.662235 3.720889 3.445002 5.105392 4.892218 4.699722 4.50228 4.237385 3.706336
5.800584 5.679368 5.547806 5.454814 5.347771 5.256546 5.239636 5.363792 5.487762 5.542096 5.582966 5.643077 5.658972 5.669398 5.677009 5.693783 5.698422 5.641769 5.591283 5.566824 5.548954 5.484944 5.405567 5.35004 5.29417 5.191533 5.072166 4.97771 4.929655 4.904743 4.886519 4.92219 5.058505 5.273005 5.568283 5.874266 6.189627 6.531615 6.916114 7.3278 7.759072 8.146836 8.436746 8.664761 8.827128 8.720365 8.529001 8.238378 7.830111 7.402782 6.748621 5.790797 4.577735 3.429499 2.99506 4.65729 4.422662 4.252923 4.133615 4.043372 3.929903 3.793554
5.655065 5.528174 5.426197 5.438053 5.422817 5.379568 5.407598 5.555155 5.68419 5.781249 5.879998 5.955913 6.006525 6.062866 6.11733 6.139186 6.135615 6.092901 6.054465 6.018233 5.971829 5.89991 5.835933 5.791393 5.719977 5.601354 5.481796 5.411668 5.360731 5.300259 5.269392 5.31408 5.407354 5.613484 5.914275 6.222437 6.538805 6.897388 7.352607 7.773378 8.160349 8.466156 8.703353 8.89295 8.942984 8.775022 8.546188 8.216059 7.795912 7.157762 6.215967 4.824245 3.335209 2.507425 4.356997 3.973928 3.733805 3.591385 3.527296 3.508137 3.496318 3.499671
5.644608 5.575564 5.562667 5.610283 5.62911 5.649535 5.729388 5.843427 5.970851 6.086747 6.188461 6.287085 6.374379 6.459655 6.501304 6.512256 6.505684 6.467476 6.439275 6.40659 6.364269 6.309394 6.253088 6.189642 6.106147 6.00925 5.914436 5.842994 5.780315 5.725351 5.706955 5.738634 5.817504 6.018454 6.300651 6.62012 6.97656 7.377845 7.804061 8.190483 8.513649 8.749562 8.952726 9.069834 9.004926 8.80615 8.54375 8.195729 7.76696 7.019018 5.683953 3.898877 2.315128 2.93279 3.746962 3.320561 3.100027 2.990381 2.937215 2.937739 2.970911 3.042942
