py_wake/examples/data/AJ_ParqueFicticio/Ridge area   Sector 7   Height 30m   Flow inclination.grd
DSAA
90  129
 262878   265103
 6504214   6507414
-16.96069   24.8176
[rows 78 to 103 of 129, columns 0 to 59 of 90]
-7.001742 -6.032259 -3.901915 -4.137289 -5.647436 -5.622278 -4.880489 -6.037115 -7.809654 -7.717702 -6.996939 -5.876405 -4.609088 -3.229452 -2.089401 -1.321358 -1.028037 -.9749832 -1.050765 -1.200696 -1.394854 -1.603868 -1.785374 -1.917307 -2.034995 -2.222025 -2.498943 -2.807359 -3.006178 -2.987481 -2.823153 -2.534886 -1.945348 -1.068147 .006697653 1.093776 2.105665 3.007316 3.67801 4.023391 3.999366 3.580423 2.974409 2.16595 .9806628 -.2367108 -1.324771 -2.465336 -3.60182 -4.828874 -6.13169 -7.194006 -7.890902 -8.286489 -8.399441 -8.242449 -7.837083 -7.280554 -6.756083 -6.246644
-5.345153 -4.192606 -2.992266 -3.744225 -4.647562 -4.286937 -3.550599 -4.278739 -5.122606 -4.954993 -4.21227 -3.191623 -2.04632 -.9367554 -.02818822 .5615104 .7959355 .8365639 .7424703 .5811585 .3671849 .1384564 -.05199121 -.173205 -.2609581 -.3952285 -.5987446 -.7687852 -.8230172 -.7387633 -.5168653 -.1246686 .4251002 1.188472 2.085878 2.957371 3.724347 4.324526 4.636395 4.671616 4.343162 3.746335 2.989041 1.957092 .7070467 -.398324 -1.47868 -2.5786 -3.684985 -4.997382 -6.203158 -7.201951 -7.95225 -8.397375 -8.563856 -8.469965 -8.165359 -7.762789 -7.401453 -7.025986
-2.920259 -1.862992 -1.306042 -1.841882 -2.230598 -1.698682 -1.069988 -1.351393 -1.807279 -1.658258 -1.063484 -.2542792 .6150276 1.325276 1.85679 2.223729 2.385925 2.426169 2.355255 2.240891 2.017358 1.789758 1.587766 1.463731 1.414054 1.380897 1.316836 1.282656 1.357794 1.548313 1.836269 2.242922 2.734275 3.285068 3.875156 4.439713 4.89227 5.126704 5.090954 4.825394 4.270018 3.60839 2.703784 1.525588 .3223631 -.6994594 -1.719718 -2.718066 -3.77172 -4.946979 -5.942959 -6.843325 -7.591512 -8.131822 -8.430534 -8.461894 -8.262683 -7.830175 -7.579895 -7.64849
-.2177171 .6022653 .860648 .5721854 .477302 .9183089 1.377536 1.276788 .86893 .8243697 1.11969 1.521515 1.935494 2.361721 2.827462 3.109689 3.116896 3.155703 3.16269 3.125291 2.995386 2.712187 2.493646 2.414452 2.466721 2.581439 2.711934 2.869771 3.103899 3.403726 3.755885 4.146862 4.54927 4.949433 5.282188 5.504964 5.608801 5.507946 5.181414 4.56122 3.865504 3.109794 2.01398 .83639 -.1773528 -1.110281 -2.016516 -2.877298 -3.860864 -4.784427 -5.541276 -6.282581 -6.953257 -7.551962 -7.964259 -8.119386 -7.659465 -6.704786 -6.252165 -6.82261
1.686686 2.25358 2.389098 2.187358 2.073513 2.340626 2.484479 2.179592 1.822355 1.686344 1.637529 1.717795 2.019931 2.281288 2.29094 2.292576 2.385283 2.499214 2.629178 2.681868 2.545832 2.424021 2.367344 2.422672 2.626364 2.910213 3.225131 3.592043 4.029737 4.481999 4.93523 5.381447 5.761021 5.999805 6.095958 6.049711 5.821509 5.377684 4.676024 3.794373 2.957547 1.986615 .8953914 -.07105266 -.9173838 -1.708565 -2.439456 -3.125083 -3.924626 -4.5296 -5.04812 -5.580251 -6.102921 -.06149101 -7.112985 -7.332102 -6.012417 -5.964506 -5.704731 -5.235198
2.613091 2.860385 2.702154 2.333736 2.157923 2.123376 1.978985 1.73172 1.428131 1.106885 .7857507 .5855455 .5088078 .5315644 .6752942 .8936498 1.078469 1.194019 1.234688 1.259925 1.323777 1.427575 1.547447 1.71536 1.992301 2.429204 2.953819 3.524839 4.166573 4.820549 5.488273 6.110781 6.513284 6.607933 6.487441 6.183981 5.594675 4.827709 3.727996 2.671324 1.720716 .7024281 -.3134472 -1.154736 -1.885809 -2.51527 -3.084661 -3.618142 -4.143432 -4.386313 -4.586023 -4.782999 -5.036261 .9680623 1.854767 2.449225 2.830385 -.1521228 -5.032946 -4.95055
2.650658 2.554793 2.18923 1.821104 1.578283 1.332479 1.092774 .8169113 .4238717 -.0771779 -.5862243 -1.032783 -1.369584 -1.451966 -1.294803 -1.000459 -.7152804 -.5701401 -.5143346 -.4103903 -.2097245 .03009624 .2815589 .5589738 .9302945 1.509238 2.230155 3.016344 3.86511 4.740545 5.625266 6.330893 6.705494 6.711609 6.418924 5.8341 4.92681 3.871903 2.570334 1.413877 .3297174 -.6967925 -1.660806 -2.440326 -3.076098 -3.558274 -3.973577 -4.356627 -4.576866 -4.476369 -4.332179 -4.159209 -4.061967 1.340216 .2781448 2.45876 3.601214 1.671162 -.03144472 -1.063007
2.00125 1.687168 1.264558 .8696952 .5113633 .1967183 -.08336142 -.4368108 -.8954104 -1.451122 -2.077065 -2.704129 -3.158227 -3.286842 -3.050706 -2.625474 -2.260101 -2.013805 -1.877591 -1.716285 -1.473632 -1.168236 -.8418577 -.4521649 .02594137 .7036759 1.540465 2.468446 3.452697 4.41447 5.298499 5.968568 6.279439 6.225321 5.741659 4.881278 3.976172 2.818489 1.455917 .1951771 -1.041497 -2.187874 -3.165529 -3.894008 -4.442042 -4.818085 -5.14431 -5.314993 -5.168063 -4.800894 -4.377696 -3.910851 -3.488239 2.347426 -.29626 -.2493509 1.33043 3.295166 2.51259 1.244527
.9282103 .5448857 .06646686 -.4041349 -.8549539 -1.265768 -1.705505 -2.240485 -2.791977 -3.305641 -3.854546 -4.339138 -4.641642 -4.696062 -4.520516 -4.026419 -3.455167 -3.04523 -2.778781 -2.573411 -2.328555 -1.969444 -1.542154 -1.012611 -.4200126 .313388 1.189096 2.118461 3.077286 4.00291 4.718732 5.149337 5.354797 5.181981 4.489288 3.713278 2.822033 1.640282 .2991522 -1.032843 -2.401726 -3.707721 -4.896096 -5.832262 -6.401984 -6.716774 -6.775609 -6.554897 -6.096197 -5.484854 -4.815559 -4.107504 -3.405137 3.679306 -.02793379 -1.027556 -1.16759 -.02303605 2.079682 2.490603
-.5019228 -.9648536 -1.500448 -2.05569 -2.571695 -3.017621 -3.426551 -3.893086 -4.428801 -4.928395 -5.345809 -5.636941 -5.755178 -5.676244 -5.420272 -4.915124 -4.295176 -3.72154 -3.276001 -2.943906 -2.58431 -2.134556 -1.608199 -.9674897 -.2980124 .4361559 1.266745 2.093684 2.863157 3.480022 3.901694 4.119025 4.107144 3.703551 3.093294 2.410211 1.567253 .4178593 -.8862839 -2.27633 -3.711277 -5.065349 -6.280935 -7.278612 -7.882006 -8.114117 -8.066114 -7.76784 -7.211035 -6.477583 -5.634834 -4.736271 -3.794707 1.671811 .9302588 -.6957161 -1.283006 -1.320884 -.6101124 .7278721
-1.951388 -2.419753 -2.950052 -3.526699 -4.076174 -4.499451 -4.859366 -5.256521 -5.71345 -6.163655 -6.501129 -6.654294 -6.579811 -6.306975 -5.903607 -5.36241 -4.709805 -4.004208 -3.36395 -2.837889 -2.322174 -1.728563 -1.108659 -.400699 .3327857 1.023776 1.687033 2.301005 2.794256 3.117486 3.217633 3.136343 2.850485 2.275975 1.666314 .9975711 .1810002 -.9169901 -2.176316 -3.581248 -5.044825 -6.372465 -7.551104 -8.518357 -9.126259 -9.416023 -9.414451 -9.163198 -8.62477 -7.78292 -6.738338 -5.652157 -4.521548 -2.148202 2.008891 -.20424 -1.012237 -1.105567 -.8555809 -.4222878
-3.258078 -3.701729 -4.178793 -4.71837 -5.291067 -5.755259 -6.066509 -6.325329 -6.611273 -6.857531 -7.023553 -7.027627 -6.853812 -6.492857 -5.940215 -5.242794 -4.484694 -3.6387 -2.890254 -2.230437 -1.609056 -.9310052 -.2436518 .484342 1.203845 1.816617 2.314842 2.664902 2.735332 2.640284 2.426163 2.111322 1.623443 .9466812 .2990888 -.4005464 -1.209094 -2.271386 -3.496892 -4.884489 -6.326575 -7.655466 -8.880784 -9.93218 -10.67961 -11.02372 -10.95078 -10.57794 -9.886832 -9.014981 -7.910965 -6.695817 -5.490122 -4.355511 -.1156561 .4398421 -.8732316 -1.332121 -1.22095 -.8871648
-4.561945 -4.948528 -5.297705 -5.732347 -6.221236 -6.587778 -6.804205 -6.887701 -6.942959 -6.94117 -6.898543 -6.800681 -6.539276 -6.037809 -5.29226 -4.379916 -3.457402 -2.556274 -1.73519 -1.03025 -.3372752 .4086038 1.144008 1.855944 2.466064 2.907393 3.080669 2.971799 2.598803 2.129793 1.57322 .9482296 .2246061 -.561095 -1.283942 -2.034209 -2.857721 -3.844394 -4.980738 -6.293289 -7.791149 -9.149391 -10.2182 -11.05476 -11.68244 -12.03452 -12.03942 -11.72597 -11.0993 -10.23281 -9.168751 -7.953089 -6.750936 -5.664755 -3.672906 -.3066942 -.6854207 -1.404176 -1.725838 -1.779583
-5.869821 -6.182825 -6.471034 -6.743508 -7.016005 -7.172542 -7.154395 -6.993515 -6.807552 -6.614214 -6.363127 -6.013838 -5.531683 -4.828174 -3.907361 -2.832543 -1.754545 -.7344418 .1584742 .9338323 1.686717 2.439961 3.17244 3.748345 4.077259 4.110464 3.774274 3.193446 2.38361 1.54561 .6289131 -.3258826 -1.267897 -2.165466 -2.974818 -3.801062 -4.73202 -5.725916 -6.77344 -8.013662 -9.180954 -10.16713 -11.08538 -11.90906 -12.59656 -12.96971 -12.99838 -12.73948 -12.2126 -11.37218 -10.3769 -9.287756 -8.223638 -7.258679 -6.409681 -3.197512 -1.148342 -1.552075 -1.804059 -1.883369
-6.974619 -7.131011 -7.30828 -7.493091 -7.550089 -7.463563 -7.251106 -6.929161 -6.575796 -6.133005 -5.608894 -4.968759 -4.175902 -3.213809 -2.107562 -.9731888 .1414978 1.203923 2.151935 3.003717 3.730424 4.401762 5.011906 5.333294 5.371235 4.912296 4.192153 3.184835 2.047559 .9697251 -.1876133 -1.36823 -2.510734 -3.554706 -4.44549 -5.294094 -6.221254 -7.204504 -8.231698 -9.320252 -10.2818 -11.16171 -11.95242 -12.66886 -13.31294 -13.67032 -13.71876 -13.48538 -13.02084 -12.3487 -11.55644 -10.67548 -9.660484 -8.748858 -7.988377 -5.867384 -3.755362 -2.183035 -2.185164 -1.970818
-7.46665 -7.509071 -7.5469 -7.550361 -7.48411 -7.253971 -6.957972 -6.519444 -5.995322 -5.349836 -4.590296 -3.718518 -2.702173 -1.555296 -.3800152 .7792899 1.935225 2.969146 3.89785 4.678127 5.194156 5.679658 5.939095 5.978725 5.616517 4.858044 3.925622 2.733041 1.48982 .2910593 -.9789723 -2.242506 -3.45505 -4.593783 -5.578404 -6.474251 -7.401765 -8.322586 -9.282077 -10.27156 -11.14611 -11.81879 -12.48499 -13.14263 -13.74897 -14.1634 -14.28121 -14.06735 -13.6445 -13.0753 -12.37458 -11.50299 -10.43313 -9.550959 -8.900711 -8.442218 -6.091166 -4.397046 -2.956476 -2.681915
-7.281636 -7.255379 -7.09978 -6.921692 -6.724122 -6.484808 -6.156355 -5.626185 -4.892303 -4.125675 -3.255481 -2.223936 -1.143015 -.006287477 1.130434 2.262392 3.324148 4.262774 5.055908 5.576703 5.85351 6.030928 6.081679 5.829773 5.174761 4.326727 3.267527 1.982 .7057988 -.5685322 -1.884036 -3.168943 -4.425795 -5.630438 -6.661644 -7.578151 -8.447521 -9.247062 -10.05981 -10.81231 -11.4673 -12.06711 -12.64053 -13.24708 -13.88502 -14.36894 -14.56928 -14.49663 -14.19324 -13.70215 -13.05822 -11.85754 -10.68721 -9.739863 -9.130096 -8.888421 -8.870353 -6.983057 -4.992622 -3.512813
-6.638998 -6.554677 -6.336638 -6.072253 -5.76131 -5.313736 -4.724323 -4.051223 -3.247549 -2.430843 -1.518371 -.5298942 .5183242 1.545787 2.495292 3.398575 4.246111 5.008446 5.577285 5.866134 5.971512 5.917889 5.597626 5.085045 4.367541 3.524131 2.376919 1.085634 -.1902039 -1.523995 -2.90369 -4.215708 -5.410063 -6.506903 -7.464502 -8.324329 -9.069519 -9.733801 -10.34328 -10.94658 -11.49235 -11.95506 -12.45201 -13.06648 -13.78209 -14.36885 -14.66613 -14.65319 -14.38092 -13.93539 -12.80624 -11.59232 -10.41186 -9.434812 -8.731733 -8.373108 -8.626305 -9.368042 -9.403973 -6.458742
-5.754178 -5.576121 -5.335571 -5.02833 -4.561272 -3.907144 -3.147952 -2.375072 -1.563982 -.714843 .1194737 .9508839 1.782129 2.530552 3.222043 3.889003 4.51999 5.031452 5.360256 5.498598 5.419414 5.124418 4.631712 3.925698 3.201473 2.354538 1.263864 .1053696 -1.106512 -2.429247 -3.816933 -5.14677 -6.354864 -7.421463 -8.330856 -9.11626 -9.757012 -10.24371 -10.64485 -11.01864 -11.36364 -11.72368 -12.15995 -12.43744 -12.56835 -13.91419 -14.60873 -14.66841 -13.85921 -12.83301 -11.94659 -10.95392 -9.905199 -9.001368 -8.318007 -7.786463 -7.556772 -8.861239 -10.73948 -10.36216
-4.505892 -4.289401 -4.090333 -3.752288 -3.191743 -2.447248 -1.633338 -.8369547 -.09664368 .6350331 1.297575 1.931825 2.494176 2.987422 3.453974 3.832381 4.108359 4.289062 4.352303 4.358113 4.164451 3.746196 3.091281 2.368108 1.668386 .8511356 -.0720103 -1.030027 -2.106975 -3.362074 -4.719368 -6.028572 -7.249846 -8.303787 -9.176596 -9.899861 -10.4331 -10.71763 -10.88526 -11.01993 -11.20535 -11.45369 -11.23102 -8.380605 1.911809 12.46132 -1.50569 11.54569 -1.26851 -8.09911 -9.579757 -9.575546 -8.912822 -8.275743 -7.807915 -7.447968 -7.036835 -5.686572 -9.17033 -11.77355
-2.950193 -2.742692 -2.565299 -2.224619 -1.646362 -.9179668 -.1496664 .5353786 1.083702 1.549655 1.965173 2.279233 2.524696 2.683722 2.802794 2.892168 2.960891 2.914025 2.760407 2.558553 2.194726 1.719973 1.1127 .5253807 -.07750742 -.7556881 -1.509891 -2.301933 -3.186557 -4.253542 -5.444445 -6.661685 -7.839968 -8.894029 -9.791859 -10.51435 -10.95039 -11.11817 -11.12731 -11.08503 -11.03492 -10.98959 -10.00057 -4.709755 22.16389 -5.637846 -7.654423 -10.75906 -10.44272 6.35919 -1.688188 -6.433691 -6.933654 -6.915414 -6.934977 -7.041811 -7.130869 -7.29468 -10.09954 -12.74494
-1.381872 -1.146403 -.9031389 -.5474951 -.01510435 .6301422 1.273752 1.724095 1.950489 2.071191 2.144295 2.182226 2.174395 2.106344 2.010239 1.856822 1.68067 1.4339 1.130788 .7567781 .2820686 -.2415569 -.7881854 -1.306906 -1.816136 -2.33512 -2.880613 -3.462286 -4.159868 -5.07677 -6.147452 -7.278278 -8.397557 -9.437905 -10.32906 -11.03593 -11.39117 -11.47462 -11.36941 -11.14892 -10.89304 -10.4899 -9.496629 -4.068769 14.74391 -6.198761 -5.782858 -8.638779 -11.36317 -12.54482 -4.026988 -.3094491 -2.562802 -4.297086 -5.309547 -6.145586 -6.842743 -7.609587 -9.346747 -12.52491
1.70141E+38 1.70141E+38 1.70141E+38 1.70141E+38 1.70141E+38 1.70141E+38 1.70141E+38 1.70141E+38 1.70141E+38 1.70141E+38 1.70141E+38 1.70141E+38 1.70141E+38 1.70141E+38 1.70141E+38 1.70141E+38 1.70141E+38 1.70141E+38 1.70141E+38 1.70141E+38 1.70141E+38 1.70141E+38 1.70141E+38 1.70141E+38 1.70141E+38 1.70141E+38 1.70141E+38 1.70141E+38 1.70141E+38 1.70141E+38 1.70141E+38 1.70141E+38 1.70141E+38 1.70141E+38 1.70141E+38 1.70141E+38 1.70141E+38 1.70141E+38 1.70141E+38 1.70141E+38 1.70141E+38 1.70141E+38 1.70141E+38 1.70141E+38 1.70141E+38 1.70141E+38 1.70141E+38 1.70141E+38 1.70141E+38 1.70141E+38 1.70141E+38 1.70141E+38 1.70141E+38 1.70141E+38 1.70141E+38 1.70141E+38 1.70141E+38 1.70141E+38 1.70141E+38 1.70141E+38
1.70141E+38 1.70141E+38 1.70141E+38 1.70141E+38 1.70141E+38 1.70141E+38 1.70141E+38 1.70141E+38 1.70141E+38 1.70141E+38 1.70141E+38 1.70141E+38 1.70141E+38 1.70141E+38 1.70141E+38 1.70141E+38 1.70141E+38 1.70141E+38 1.70141E+38 1.70141E+38 1.70141E+38 1.70141E+38 1.70141E+38 1.70141E+38 1.70141E+38 1.70141E+38 1.70141E+38 1.70141E+38 1.70141E+38 1.70141E+38 1.70141E+38 1.70141E+38 1.70141E+38 1.70141E+38 1.70141E+38 1.70141E+38 1.70141E+38 1.70141E+38 1.70141E+38 1.70141E+38 1.70141E+38 1.70141E+38 1.70141E+38 1.70141E+38 1.70141E+38 1.70141E+38 1.70141E+38 1.70141E+38 1.70141E+38 1.70141E+38 1.70141E+38 1.70141E+38 1.70141E+38 1.70141E+38 1.70141E+38 1.70141E+38 1.70141E+38 1.70141E+38 1.70141E+38 1.70141E+38
1.70141E+38 1.70141E+38 1.70141E+38 1.70141E+38 1.70141E+38 1.70141E+38 1.70141E+38 1.70141E+38 1.70141E+38 1.70141E+38 1.70141E+38 1.70141E+38 1.70141E+38 1.70141E+38 1.70141E+38 1.70141E+38 1.70141E+38 1.70141E+38 1.70141E+38 1.70141E+38 1.70141E+38 1.70141E+38 1.70141E+38 1.70141E+38 1.70141E+38 1.70141E+38 1.70141E+38 1.70141E+38 1.70141E+38 1.70141E+38 1.70141E+38 1.70141E+38 1.70141E+38 1.70141E+38 1.70141E+38 1.70141E+38 1.70141E+38 1.70141E+38 1.70141E+38 1.70141E+38 1.70141E+38 1.70141E+38 1.70141E+38 1.70141E+38 1.70141E+38 1.70141E+38 1.70141E+38 1.70141E+38 1.70141E+38 1.70141E+38 1.70141E+38 1.70141E+38 1.70141E+38 1.70141E+38 1.70141E+38 1.70141E+38 1.70141E+38 1.70141E+38 1.70141E+38 1.70141E+38
1.70141E+38 1.70141E+38 1.70141E+38 1.70141E+38 1.70141E+38 1.70141E+38 1.70141E+38 1.70141E+38 1.70141E+38 1.70141E+38 1.70141E+38 1.70141E+38 1.70141E+38 1.70141E+38 1.70141E+38 1.70141E+38 1.70141E+38 1.70141E+38 1.70141E+38 1.70141E+38 1.70141E+38 1.70141E+38 1.70141E+38 1.70141E+38 1.70141E+38 1.70141E+38 1.70141E+38 1.70141E+38 1.70141E+38 1.70141E+38 1.70141E+38 1.70141E+38 1.70141E+38 1.70141E+38 1.70141E+38 1.70141E+38 1.70141E+38 1.70141E+38 1.70141E+38 1.70141E+38 1.70141E+38 1.70141E+38 1.70141E+38 1.70141E+38 1.70141E+38 1.70141E+38 1.70141E+38 1.70141E+38 1.70141E+38 1.70141E+38 1.70141E+38 1.70141E+38 1.70141E+38 1.70141E+38 1.70141E+38 1.70141E+38 1.70141E+38 1.70141E+38 1.70141E+38 1.70141E+38
