py_wake/examples/data/AJ_ParqueFicticio/Ridge area   Sector 11   Height 200m   Orographic turn.grd
DSAA
90  129
 262878   265103
 6504214   6507414
-179.8181   179.4548
[rows 27 to 53 of 129, columns 0 to 59 of 90]
4.081884 4.249336 4.2833 4.269267 4.188875 4.006142 3.75401 3.43365 3.027539 2.607373 2.255112 1.989158 1.773496 1.588033 1.418815 1.271228 1.130965 1.006977 .9170576 .8218029 .6891127 .6014057 .5566899 .5332803 .5456007 .5401079 .4643411 .3004999 .1572051 .02863067 -.0796089 -.1569113 -.3406288 -.55368 -.7883642 -1.098168 -1.512239 -1.98188 -2.569175 -3.187744 -3.749695 -4.385968 -5.043675 -5.587297 -5.875334 -5.899687 -5.820272 -5.748396 -5.267797 -4.143754 -3.442291 -10.09817 -114.3104 -157.4341 -164.2176 -168.5058 -173.591 179.4548 169.9094 157.285
3.946008 4.115943 4.180799 4.221054 4.186482 4.043244 3.83224 3.52547 3.118346 2.6834 2.323104 2.052298 1.800366 1.531054 1.249916 .97329 .7124705 .4628178 .2372813 -.01178125 -.3137069 -.5466208 -.7303279 -.8888529 -1.002434 -1.10592 -1.261756 -1.477956 -1.644988 -1.751999 -1.822855 -1.842483 -1.913048 -1.981919 -2.099427 -2.273617 -2.532817 -2.854051 -3.295749 -3.747175 -4.219519 -4.79442 -5.458259 -6.021574 -6.345064 -6.421132 -6.440509 -6.440089 -5.958722 -5.061327 -5.598127 -18.3384 -122.14 -153.9654 -160.7326 -165.1311 -170.7709 -179.0296 169.4821 154.2431
3.723653 3.894611 3.988907 4.076413 4.081738 3.985949 3.829273 3.560949 3.195019 2.774647 2.451226 2.200096 1.931995 1.621881 1.278511 .916712 .5555642 .1863857 -.1823645 -.588847 -1.055628 -1.452726 -1.811826 -2.154232 -2.433377 -2.696042 -2.984523 -3.304019 -3.550418 -3.685172 -3.763331 -3.773865 -3.740386 -3.695099 -3.66294 -3.685458 -3.754074 -3.886844 -4.148769 -4.431443 -4.796275 -5.298353 -5.937518 -6.451532 -6.795121 -6.971114 -7.117578 -7.210436 -6.823324 -6.279696 -8.158809 -26.06387 -117.0969 -148.7628 -156.3754 -161.0421 -167.2612 -176.8956 169.1983 150.7745
3.389905 3.56456 3.684257 3.802072 3.827665 3.768779 3.658347 3.449142 3.137652 2.767462 2.523754 2.310982 2.056755 1.750312 1.409118 1.042728 .6574231 .227679 -.2611694 -.8141201 -1.37527 -1.900608 -2.419895 -2.927792 -3.381854 -3.850242 -4.324521 -4.777683 -5.145488 -5.381697 -5.534706 -5.62188 -5.641416 -5.547324 -5.359091 -5.215012 -5.105929 -5.043467 -5.110502 -5.233134 -5.473573 -5.899134 -6.444205 -6.849743 -7.185124 -7.468191 -7.787416 -8.074715 -7.94816 -7.844125 -10.71361 -28.95957 -99.02603 -139.265 -150.111 -155.5071 -161.9446 -172.7742 170.0537 147.0815
2.932567 3.10908 3.245219 3.38283 3.416992 3.370728 3.272011 3.107829 2.849872 2.589005 2.431262 2.267684 2.051111 1.786369 1.500413 1.200444 .880751 .4740702 -.05059668 -.6343289 -1.198983 -1.76158 -2.34622 -2.931277 -3.512959 -4.141978 -4.818132 -5.484368 -6.075014 -6.511832 -6.815218 -7.005238 -7.122432 -7.077487 -6.875976 -6.644753 -6.421037 -6.229925 -6.148679 -6.155124 -6.312338 -6.704278 -7.134839 -7.40952 -7.728065 -8.049532 -8.514727 -9.080726 -9.369896 -9.752416 -12.76324 -26.82521 -70.53629 -119.5683 -139.1052 -146.673 -152.7726 -163.4289 175.8701 143.4111
2.403891 2.581421 2.731427 2.879865 2.911051 2.863141 2.764587 2.627899 2.426374 2.274385 2.178882 2.059981 1.889513 1.685399 1.482329 1.291434 1.083296 .7365079 .2394928 -.2946509 -.8251857 -1.36536 -1.949929 -2.576523 -3.223981 -3.936412 -4.745769 -5.596758 -6.405146 -7.096586 -7.598204 -7.922412 -8.138427 -8.206909 -8.110288 -7.918634 -7.666485 -7.425623 -7.251199 -7.165268 -7.260239 -7.591486 -7.913419 -8.095721 -8.391429 -8.734188 -9.248167 -10.05943 -10.78187 -11.62452 -14.36102 -24.16706 -49.13202 -89.55887 -120.9406 -133.7651 -139.1296 -147.4063 -169.3377 138.2084
1.811682 1.995838 2.169158 2.342387 2.379787 2.340368 2.253251 2.141178 1.997458 1.919124 1.860738 1.771038 1.63285 1.484212 1.370945 1.295468 1.193446 .9098437 .5086266 .0701061 -.3852318 -.8802354 -1.443509 -2.066782 -2.734941 -3.495041 -4.352154 -5.276134 -6.25156 -7.144423 -7.84251 -8.393066 -8.750506 -8.932781 -9.000519 -8.930668 -8.729545 -8.528128 -8.331294 -8.18569 -8.220851 -8.442124 -8.646947 -8.791279 -9.050879 -9.426283 -9.922325 -10.84977 -11.94902 -13.17346 -15.51175 -21.91176 -36.47811 -62.02263 -93.17957 -112.337 -118.2988 -121.4894 -131.6264 113.0568
1.160657 1.365763 1.584766 1.812907 1.881944 1.883999 1.840373 1.772412 1.690862 1.647655 1.602127 1.529503 1.406973 1.293425 1.235025 1.230306 1.174945 .9627137 .6837292 .3697043 .01769862 -.402307 -.8919818 -1.45388 -2.093255 -2.83351 -3.658551 -4.578266 -5.586694 -6.546327 -7.381844 -8.092986 -8.607698 -8.967462 -9.219991 -9.31448 -9.30985 -9.225286 -9.105873 -8.990018 -8.989513 -9.116652 -9.235104 -9.361723 -9.593555 -9.981577 -10.47194 -11.34449 -12.60491 -14.05171 -16.12618 -20.24585 -28.93624 -43.91947 -63.74466 -80.91138 -89.92171 -90.43731 -79.10471 -3.146588
.4701976 .7049591 .9806406 1.285319 1.421765 1.516634 1.564912 1.586464 1.58992 1.576308 1.5387 1.462082 1.323466 1.22366 1.189209 1.182971 1.11567 .9566793 .7558271 .556854 .319831 .01423794 -.3399197 -.7779661 -1.319534 -1.949104 -2.691401 -3.553018 -4.534862 -5.505507 -6.356499 -7.111456 -7.734917 -8.271552 -8.67726 -9.00871 -9.205762 -9.3048 -9.322762 -9.338693 -9.38504 -9.485642 -9.585687 -9.723141 -9.932999 -10.33153 -10.84413 -11.54446 -12.74867 -14.23428 -16.08017 -18.90656 -23.79183 -31.64556 -42.98679 -56.50952 -65.80993 -66.58871 -54.83997 -16.38547
-.2379654 .002909834 .3173844 .6806301 .9081195 1.12396 1.291371 1.428755 1.535676 1.576091 1.578195 1.50236 1.357417 1.264596 1.230757 1.193051 1.102204 .9504704 .8016604 .6820076 .5156943 .3444191 .1435743 -.1400155 -.5268905 -1.014287 -1.617858 -2.3614 -3.279777 -4.227456 -5.07747 -5.87926 -6.579047 -7.228086 -7.768638 -8.24791 -8.634972 -8.910106 -9.073045 -9.203814 -9.36327 -9.538362 -9.690706 -9.880686 -10.01976 -10.43883 -10.96301 -11.56505 -12.47307 -13.76854 -15.33766 -17.4949 -20.61516 -25.18517 -32.08157 -41.8112 -50.99905 -53.21031 -44.47438 -18.34243
-.9352755 -.7446859 -.4329425 -.05689292 .2838255 .6383683 .9453999 1.219791 1.450021 1.580888 1.658106 1.605369 1.482142 1.395951 1.349005 1.284875 1.162401 .98677 .8599007 .7724504 .68331 .6410552 .5828751 .4404502 .2120668 -.1370036 -.6069122 -1.221843 -2.027322 -2.895778 -3.742613 -4.550657 -5.327074 -6.024248 -6.683245 -7.260357 -7.773425 -8.173102 -8.491367 -8.762464 -9.014628 -9.286551 -9.533369 -9.7981 -9.922374 -10.28199 -10.78302 -11.32155 -11.97808 -12.94651 -14.25992 -15.90722 -18.23366 -21.5159 -26.40925 -33.75938 -41.89304 -45.385 -38.51107 -18.08327
-1.560184 -1.523079 -1.288091 -.952159 -.5057321 -.02186751 .4222492 .8369272 1.20164 1.470164 1.659312 1.679 1.62056 1.567054 1.521671 1.457119 1.323872 1.168519 1.020295 .93456 .9311398 .9829312 1.027975 .9639179 .8612819 .6255326 .2646066 -.2398738 -.925153 -1.673537 -2.456288 -3.21729 -4.038105 -4.756432 -5.454889 -6.088786 -6.685557 -7.190997 -7.600872 -7.980369 -8.348978 -8.742525 -9.108622 -9.441014 -9.684768 -9.990936 -10.39775 -10.8587 -11.38054 -12.07074 -13.02823 -14.33745 -16.17485 -18.90481 -23.1616 -29.55335 -36.90385 -40.54734 -33.82557 -17.29708
-2.138329 -2.281117 -2.207942 -1.933621 -1.440131 -.8562902 -.2799276 .2861611 .7872906 1.188399 1.478164 1.597422 1.639441 1.68446 1.704622 1.661496 1.570723 1.469871 1.321545 1.241527 1.267169 1.38252 1.501151 1.493026 1.463336 1.294891 1.027322 .6159493 .02280668 -.6385917 -1.314226 -2.002027 -2.749313 -3.438176 -4.108816 -4.800966 -5.434307 -5.992091 -6.486853 -6.976328 -7.484057 -8.022319 -8.543143 -8.955847 -9.319863 -9.647948 -10.00207 -10.31529 -10.68335 -11.19906 -11.8438 -12.82699 -14.39157 -16.89345 -20.94965 -27.24067 -34.24656 -36.65969 -30.08338 -16.39925
-2.617432 -2.928313 -3.068724 -2.918189 -2.505706 -1.907692 -1.24592 -.5527104 .09040767 .6502475 1.069546 1.323303 1.510436 1.675076 1.798131 1.834219 1.810523 1.75568 1.628071 1.564906 1.606545 1.758539 1.924999 1.994668 2.033258 1.924232 1.737839 1.395365 .889613 .2814185 -.2788292 -.903063 -1.547462 -2.167701 -2.784063 -3.498049 -4.19635 -4.784503 -5.337793 -5.933961 -6.55307 -7.245291 -7.899028 -8.37606 -8.776155 -9.116269 -9.455203 -9.73526 -9.991027 -10.33754 -10.77989 -11.43847 -12.73493 -15.12259 -19.1235 -25.34158 -32.12012 -33.74622 -27.30723 -15.0884
-2.911538 -3.39269 -3.783803 -3.913809 -3.699525 -3.17986 -2.478541 -1.697638 -.9356708 -.2249138 .3379741 .761085 1.125612 1.430364 1.667839 1.819685 1.897572 1.89697 1.83224 1.795918 1.84485 2.035028 2.246267 2.388451 2.484749 2.450822 2.33489 2.026654 1.584022 1.000162 .5347862 -.04587596 -.5825786 -1.113435 -1.691513 -2.347851 -3.014575 -3.643574 -4.280707 -4.961429 -5.684808 -6.430841 -7.118871 -7.688764 -8.156651 -8.521244 -8.820454 -9.106137 -9.315169 -9.521768 -9.849029 -10.35268 -11.29667 -13.35366 -17.28578 -23.59855 -30.23239 -30.90691 -23.46449 -11.95046
-2.984751 -3.627361 -4.324854 -4.90258 -5.018836 -4.678231 -4.002824 -3.204635 -2.368054 -1.542097 -.8212258 -.1996151 .3390664 .7756885 1.140937 1.417577 1.635026 1.74275 1.767676 1.794452 1.883899 2.091684 2.302241 2.49131 2.616604 2.641663 2.592578 2.361315 1.936367 1.393858 1.001097 .4733122 .04187097 -.4020049 -.9480574 -1.540336 -2.135416 -2.759337 -3.440854 -4.172484 -4.936346 -5.706515 -6.46282 -7.118784 -7.63727 -8.044604 -8.322497 -8.488369 -8.656283 -8.827324 -9.101171 -9.520894 -10.21316 -11.91526 -15.70199 -21.96168 -27.45068 -25.54865 -16.5327 -6.442681
-2.838476 -3.601672 -4.550661 -5.586287 -6.320933 -6.341568 -5.825607 -5.140894 -4.275953 -3.36209 -2.479433 -1.63795 -.9132454 -.3106042 .1917069 .598999 .9802732 1.274551 1.471971 1.594607 1.758452 1.967631 2.147858 2.335268 2.459375 2.509957 2.496237 2.30012 1.878918 1.430915 1.105603 .6911915 .3740567 -.0009935364 -.498073 -.9927885 -1.480964 -2.05266 -2.738757 -3.482072 -4.266101 -5.070099 -5.870889 -6.572355 -7.139578 -7.589912 -7.886383 -8.022883 -8.10006 -8.257873 -8.508254 -8.867575 -9.452153 -10.98881 -14.61924 -20.20301 -23.01665 -17.78429 -7.763148 1.188268
-2.414548 -3.214052 -4.334177 -5.751468 -7.15919 -7.943537 -7.984871 -7.630703 -6.785517 -5.768019 -4.727654 -3.670056 -2.715861 -1.877573 -1.170027 -.5744088 -.02933469 .4526156 .8436421 1.144819 1.437611 1.684881 1.867939 2.04703 2.148939 2.185236 2.176999 2.004646 1.624399 1.254411 .9997048 .7003967 .457038 .139692 -.2763631 -.6619934 -1.058411 -1.568474 -2.219667 -2.925256 -3.683092 -4.480291 -5.313836 -6.036497 -6.602167 -7.073002 -7.429167 -7.609062 -7.668498 -7.807217 -8.071913 -8.413476 -8.940703 -10.32173 -13.51665 -17.76645 -17.37383 -8.764991 2.263384 10.4052
-1.763045 -2.461517 -3.563597 -5.201932 -7.255545 -9.246063 -10.36731 -10.63483 -9.931039 -8.853794 -7.643148 -6.336457 -5.153911 -4.047744 -3.082213 -2.222499 -1.50437 -.8656991 -.2647043 .2725955 .7261819 1.048359 1.285988 1.465682 1.558371 1.576802 1.547021 1.399397 1.096487 .8277683 .6248184 .4120826 .2210507 -.03190094 -.3307053 -.6103927 -.9290617 -1.377427 -1.958861 -2.574878 -3.266903 -4.022018 -4.828767 -5.513064 -6.092268 -6.544672 -6.930099 -7.225516 -7.352919 -7.507887 -7.837677 -8.208801 -8.676427 -9.826952 -12.40722 -15.12901 -10.59864 3.366393 15.03609 20.24548
-.9977111 -1.517744 -2.48366 -4.189023 -6.809517 -10.15742 -12.96413 -14.24189 -13.75618 -12.69573 -11.49951 -10.06438 -8.698398 -7.341684 -6.003381 -4.750517 -3.745733 -2.903064 -2.099313 -1.35881 -.7326707 -.3020174 .02918655 .2442768 .3476129 .3838645 .3429688 .2133546 .001903123 -.06577121 -.1555994 -.2601049 -.378642 -.5547314 -.7393705 -.9272919 -1.172169 -1.54674 -2.037652 -2.572456 -3.19416 -3.905974 -4.670636 -5.291572 -5.870305 -6.296357 -6.605444 -6.915436 -7.161982 -7.408289 -7.822859 -8.246059 -8.644105 -9.624692 -11.88092 -13.15653 -3.240318 15.53514 25.02428 25.70312
-.2250461 -.4917468 -1.157033 -2.604343 -5.391159 -9.84234 -14.7181 -17.8034 -17.95008 -17.18446 -16.16477 -14.74778 -13.39962 -11.70797 -10.0142 -8.415929 -6.984429 -5.796282 -4.681577 -3.700666 -2.9215 -2.381431 -1.975206 -1.72259 -1.577989 -1.489048 -1.492171 -1.589436 -1.695197 -1.556508 -1.424586 -1.386079 -1.363885 -1.41834 -1.488845 -1.552922 -1.718545 -2.013061 -2.401545 -2.873444 -3.428038 -4.085402 -4.774109 -5.306416 -5.806915 -6.23966 -6.534323 -6.753067 -7.060069 -7.434759 -7.954332 -8.423552 -8.783867 -9.801199 -12.0334 -11.82091 1.221003 18.63749 26.20977 25.07932
.5016866 .4684124 .187348 -.5842784 -2.782588 -7.557274 -14.06155 -19.5769 -22.01782 -22.32804 -21.6314 -20.17077 -19.00953 -17.17737 -14.82998 -12.61855 -10.7602 -9.076355 -7.516068 -6.226537 -5.300014 -4.673864 -4.221051 -4.001675 -3.938941 -3.818753 -3.706187 -3.683188 -3.683878 -3.476228 -3.135739 -2.873513 -2.689586 -2.560831 -2.485645 -2.402689 -2.42764 -2.623078 -2.890941 -3.279338 -3.755958 -4.340725 -4.945252 -5.434947 -5.881087 -6.297466 -6.638865 -6.805263 -7.043784 -7.539229 -8.165093 -8.663454 -9.047569 -10.23007 -12.33377 -10.66097 2.472556 16.8531 22.36213 21.67093
1.133685 1.240904 1.242611 1.093308 .1441213 -3.527943 -10.61113 -18.97709 -25.21042 -27.72272 -27.6079 -26.24512 -25.35542 -23.56954 -20.30554 -17.46066 -14.80081 -12.62232 -10.61964 -8.892852 -7.672876 -6.936388 -6.456 -6.217329 -6.215986 -6.262788 -6.116317 -5.98345 -5.862452 -5.573971 -5.143362 -4.708406 -4.353782 -4.013669 -3.72676 -3.497567 -3.347863 -3.384473 -3.510155 -3.766726 -4.15242 -4.645445 -5.156201 -5.606378 -6.03207 -6.440544 -6.839628 -7.051692 -7.208514 -7.714915 -8.431687 -8.946157 -9.385862 -10.67391 -12.30034 -9.275702 2.021085 13.53094 18.7699 18.54963
1.606486 1.755433 1.922425 2.162703 2.347271 .6190188 -5.78084 -16.85513 -27.02283 -31.77987 -32.14003 -31.16989 -30.43791 -28.80009 -25.38992 -22.41113 -18.99706 -16.29348 -13.9953 -11.80664 -10.09301 -9.039151 -8.442248 -8.021156 -7.9844 -8.190764 -8.157327 -8.045931 -7.848559 -7.541888 -7.211431 -6.731264 -6.24201 -5.736654 -5.252596 -4.866209 -4.565205 -4.355951 -4.300519 -4.343215 -4.606781 -4.988166 -5.396964 -5.796275 -6.217455 -6.65169 -7.104671 -7.376536 -7.56699 -7.985283 -8.732858 -9.246573 -9.71747 -10.90086 -11.79241 -8.085029 1.074777 10.22338 15.04313 15.16098
1.929505 2.04123 2.278671 2.627454 3.286432 3.418831 .1771718 -10.13407 -23.86165 -32.15989 -34.14092 -33.18203 -31.68574 -30.8328 -29.20165 -26.9892 -23.7219 -20.2095 -17.61958 -15.10524 -12.76268 -11.08494 -10.05972 -9.458097 -9.211946 -9.34336 -9.544054 -9.482674 -9.510012 -9.405856 -9.087776 -8.680456 -8.11438 -7.519578 -6.980718 -6.529601 -6.030041 -5.569973 -5.284657 -5.083856 -5.162954 -5.405264 -5.691412 -6.015265 -6.41479 -6.870539 -7.378429 -7.715486 -7.943327 -8.299828 -8.974561 -9.495292 -9.958755 -10.84709 -11.00576 -7.365998 -.05315025 6.971169 10.82509 11.19874
2.107118 2.138121 2.365189 2.691647 3.257124 4.085888 3.824585 -1.841867 -15.9902 -29.13779 -33.41837 -31.21546 -28.65874 -28.74163 -29.92405 -30.39228 -28.39356 -24.25712 -21.1932 -18.55078 -15.52038 -12.9682 -11.29678 -10.2633 -9.79922 -9.921129 -10.2623 -10.44369 -10.66021 -10.86955 -10.66438 -10.40743 -9.858899 -9.16247 -8.547718 -8.044429 -7.440139 -6.819939 -6.343311 -5.964135 -5.835936 -5.933997 -6.091366 -6.31406 -6.658268 -7.060596 -7.545803 -7.933705 -8.210502 -8.541376 -9.112268 -9.662418 -10.09172 -10.62913 -10.23403 -7.064034 -1.42478 4.082779 7.533604 8.159532
2.205303 2.151198 2.300917 2.54415 2.85067 3.480587 4.328469 3.247012 -4.961038 -19.00891 -24.3641 -22.38886 -20.74323 -22.66381 -25.99278 -29.65357 -29.47238 -25.95708 -23.12381 -20.53718 -16.99214 -13.75954 -11.44641 -9.914694 -9.246552 -9.364043 -9.778361 -10.0145 -10.45933 -11.0869 -11.09201 -11.09921 -10.74066 -10.02465 -9.337255 -8.771816 -8.241023 -7.69605 -7.167525 -6.663033 -6.399271 -6.436179 -6.54929 -6.703249 -7.011266 -7.265778 -7.612525 -7.981777 -8.299508 -8.64485 -9.145777 -9.704828 -10.08969 -10.26677 -9.500006 -6.766407 -2.651484 1.432771 4.416028 5.279313
