py_wake/examples/data/AJ_ParqueFicticio/Ridge area   Sector 4   Height 30m   Mean speed.grd
DSAA
90  129
 262878   265103
 6504214   6507414
 .3957666   9.732685
[rows 54 to 80 of 129, columns 0 to 61 of 90]
4.125433 3.946467 3.698773 3.366641 3.001151 2.62985 2.297048 2.022549 1.783462 1.597696 1.484143 1.405642 1.312582 1.170224 1.001586 .8364242 .7033002 .6125213 .5435817 .5017921 .5012576 .5428432 .6385699 .7691925 .9169341 1.051115 1.198618 1.406766 1.598499 1.811896 2.138483 2.523221 2.977396 3.537805 4.111958 4.726541 5.383804 6.012259 6.591581 7.111085 7.579503 8.029452 8.430309 8.802049 9.146056 9.32999 9.345146 9.232592 9.024213 8.7144 8.33132 7.866103 7.380711 6.90666 6.466978 6.16555 6.011027 5.952362 5.977643 6.113173 6.347788 6.589578
4.278578 4.151092 3.954468 3.66331 3.282219 2.908322 2.584179 2.312633 2.087084 1.921558 1.826664 1.771407 1.683987 1.526345 1.335527 1.141148 .9712499 .8353275 .7355566 .681072 .6823627 .7429044 .8466966 .9896418 1.180833 1.390893 1.609542 1.8416 2.093158 2.383108 2.716566 3.132714 3.574379 4.018473 4.474184 4.989637 5.621585 6.210451 6.729527 7.20404 7.648238 8.079722 8.468726 8.842212 9.154541 9.316927 9.350928 9.265766 9.088428 8.803229 8.439735 8.018281 7.584219 7.156335 6.775801 6.491922 6.34911 6.302067 6.320062 6.418469 6.568573 6.710088
4.422486 4.349988 4.207211 3.950452 3.578593 3.213439 2.884089 2.614573 2.403618 2.25562 2.183995 2.163649 2.108778 1.946685 1.743001 1.528351 1.33451 1.165215 1.027147 .9432632 .9469146 1.013119 1.117946 1.286834 1.530805 1.797211 2.064997 2.339481 2.625574 2.95344 3.332735 3.764153 4.205977 4.604922 5.015318 5.497582 6.00545 6.483059 6.908206 7.330429 7.750012 8.151109 8.522982 8.882001 9.149287 9.304478 9.35426 9.287051 9.131918 8.897584 8.561853 8.173438 7.782474 7.385512 7.03123 6.757375 6.616039 6.566419 6.567817 6.623719 6.711071 6.79705
4.573214 4.538082 4.435052 4.215978 3.897221 3.53217 3.205503 2.951544 2.75623 2.619637 2.549864 2.559744 2.548012 2.429142 2.223915 1.993218 1.76652 1.571691 1.399206 1.294024 1.298746 1.369539 1.47259 1.648311 1.915096 2.222567 2.527952 2.839808 3.15207 3.524189 3.937967 4.375609 4.79911 5.206363 5.632223 6.058038 6.452382 6.803957 7.141803 7.501521 7.88371 8.252668 8.600985 8.917485 9.14283 9.296553 9.355416 9.305306 9.168037 8.974802 8.692923 8.348145 7.98801 7.613989 7.282308 7.012947 6.84716 6.775521 6.752051 6.774857 6.820165 6.853277
4.69813 4.707781 4.636837 4.445048 4.176255 3.852806 3.550872 3.288944 3.095621 2.977888 2.936355 2.951604 2.960163 2.876598 2.697293 2.491029 2.273773 2.072541 1.868443 1.750506 1.748259 1.806164 1.906569 2.084369 2.347859 2.666194 2.993436 3.316869 3.669911 4.06963 4.501654 4.951591 5.373174 5.768966 6.152445 6.518438 6.838743 7.128135 7.419419 7.721574 8.042371 8.370352 8.682907 8.939111 9.144923 9.294313 9.357483 9.322062 9.206467 9.03517 8.801936 8.515149 8.195786 7.855677 7.54155 7.280199 7.090399 6.977446 6.919624 6.892678 6.876178 6.846913
4.817065 4.863605 4.835067 4.691772 4.457423 4.164407 3.885948 3.642333 3.45393 3.332059 3.297236 3.321477 3.343937 3.288226 3.139967 2.964942 2.775115 2.574726 2.390093 2.273202 2.259402 2.289629 2.389723 2.581392 2.843338 3.144572 3.468428 3.79978 4.153602 4.558028 5.004149 5.459464 5.881661 6.241235 6.573488 6.882358 7.145798 7.398581 7.656348 7.921217 8.197244 8.484062 8.737796 8.954586 9.158912 9.306352 9.365412 9.339358 9.248009 9.095549 8.888033 8.65704 8.394295 8.086699 7.787528 7.526377 7.326441 7.180836 7.063165 6.970556 6.880475 6.794187
4.945864 5.021546 5.03875 4.946393 4.742419 4.482668 4.230926 4.010887 3.827415 3.689717 3.646712 3.674485 3.710433 3.681545 3.580983 3.461423 3.309152 3.126247 2.947278 2.811894 2.807467 2.84242 2.922371 3.116113 3.374355 3.654376 3.961035 4.276964 4.628881 5.016319 5.437413 5.883196 6.292253 6.609186 6.892479 7.155398 7.37858 7.599928 7.83242 8.062482 8.316031 8.561362 8.768394 8.970268 9.184274 9.324481 9.365292 9.348182 9.287766 9.156249 8.971233 8.773738 8.565624 8.302064 8.014173 7.748375 7.523223 7.344162 7.175969 7.00888 6.847639 6.712529
5.094519 5.184567 5.22826 5.178867 5.002097 4.780057 4.563032 4.363252 4.185958 4.043935 3.987214 3.992365 4.036404 4.059275 4.021194 3.936974 3.824323 3.678497 3.528898 3.420547 3.400827 3.43149 3.501446 3.679295 3.928677 4.188985 4.45438 4.746672 5.085564 5.437203 5.818442 6.216701 6.580221 6.855003 7.108754 7.32935 7.525429 7.734181 7.940519 8.153785 8.390065 8.600347 8.786799 8.985366 9.206495 9.320986 9.337955 9.329042 9.300491 9.217337 9.064304 8.889675 8.710644 8.490579 8.216261 7.934176 7.665505 7.43977 7.228797 7.009275 6.778729 6.589531
5.247978 5.343635 5.40794 5.390476 5.248971 5.061493 4.864375 4.676172 4.506815 4.368816 4.304974 4.308528 4.339335 4.360408 4.370756 4.325361 4.270382 4.190555 4.117682 4.06283 4.02672 4.070457 4.146661 4.306365 4.5164 4.750802 4.979446 5.212905 5.490746 5.810852 6.126074 6.460228 6.749443 7.005398 7.235007 7.429982 7.622262 7.814991 8.001623 8.206796 8.424018 8.61476 8.800701 9.00377 9.215379 9.298986 9.304977 9.301391 9.292853 9.262356 9.166453 9.018918 8.844275 8.647511 8.391381 8.095327 7.781608 7.504032 7.252362 6.988991 6.688081 6.418913
5.372965 5.486699 5.583106 5.579184 5.464701 5.306611 5.135774 4.968405 4.812873 4.679598 4.587764 4.542745 4.552656 4.600453 4.666892 4.69039 4.675428 4.654675 4.636877 4.644978 4.658686 4.692827 4.789589 4.92644 5.1198 5.290106 5.441562 5.626539 5.867344 6.11616 6.384955 6.65311 6.886438 7.116138 7.317332 7.49009 7.672596 7.856071 8.032357 8.227917 8.429323 8.612024 8.799174 9.008642 9.20721 9.275177 9.284156 9.286279 9.289767 9.29223 9.258348 9.151102 8.976303 8.788093 8.547414 8.250343 7.897124 7.573095 7.281282 6.976842 6.614056 6.271131
5.436025 5.570536 5.697811 5.688314 5.578961 5.435756 5.28062 5.126936 4.984328 4.862142 4.772913 4.726386 4.73452 4.802646 4.914089 4.984088 4.977438 4.979107 5.029064 5.143893 5.186428 5.199106 5.266911 5.42992 5.608871 5.699315 5.801049 5.97447 6.166851 6.362157 6.592036 6.806936 7.003985 7.203564 7.378632 7.535685 7.699776 7.867303 8.030276 8.213686 8.409486 8.589366 8.772113 8.979014 9.177209 9.259298 9.279716 9.288736 9.300946 9.319019 9.329465 9.269284 9.10047 8.902388 8.680554 8.399558 8.01333 7.65172 7.322624 6.988508 6.590958 6.210031
5.449512 5.589545 5.733456 5.750613 5.661282 5.544611 5.40881 5.260835 5.116897 4.996811 4.903961 4.842925 4.833934 4.90076 5.028762 5.126778 5.173783 5.213964 5.293151 5.428987 5.497972 5.526122 5.59958 5.761992 5.8976 5.981905 6.079351 6.231997 6.382753 6.549161 6.740663 6.917838 7.083586 7.250272 7.406011 7.550251 7.690496 7.832423 7.981853 8.159283 8.354572 8.538918 8.721581 8.921403 9.127106 9.24721 9.294515 9.311208 9.329516 9.354061 9.387478 9.36255 9.206029 8.99638 8.786116 8.527593 8.118168 7.730166 7.376175 7.027683 6.623464 6.233769
5.440714 5.576039 5.708743 5.782145 5.721607 5.620927 5.497767 5.345687 5.183832 5.042068 4.929769 4.848562 4.825404 4.890197 5.037831 5.184999 5.259095 5.32638 5.414197 5.535799 5.626729 5.704666 5.796886 5.925708 6.051708 6.162828 6.281407 6.416397 6.547975 6.691381 6.856911 7.004818 7.139863 7.276366 7.416614 7.544845 7.654097 7.762411 7.898767 8.071441 8.263494 8.466003 8.662548 8.858262 9.063504 9.233626 9.322044 9.352745 9.374497 9.400345 9.440394 9.435149 9.283607 9.066405 8.866135 8.627924 8.212643 7.809816 7.438491 7.079848 6.681896 6.292106
5.416068 5.541781 5.656478 5.735504 5.743128 5.677139 5.566769 5.405883 5.212619 5.036837 4.899268 4.798262 4.767917 4.839945 5.000929 5.206581 5.313857 5.374874 5.454379 5.583468 5.703788 5.785621 5.88203 6.013846 6.143739 6.252675 6.373377 6.513071 6.627352 6.761019 6.930828 7.065441 7.165662 7.269208 7.401361 7.52009 7.594319 7.669004 7.791621 7.961149 8.159279 8.37639 8.597982 8.804799 9.012815 9.212159 9.346841 9.408083 9.43304 9.45691 9.494809 9.495626 9.343426 9.121131 8.917382 8.702756 8.291869 7.886591 7.504432 7.136612 6.747087 6.368873
5.368914 5.491176 5.593789 5.653676 5.66131 5.634583 5.543072 5.365435 5.137445 4.931086 4.778594 4.677466 4.658126 4.750682 4.916263 5.126091 5.29913 5.382911 5.459621 5.585682 5.731287 5.826289 5.921087 6.052574 6.18546 6.290544 6.401355 6.522065 6.631363 6.765691 6.920959 7.058099 7.141855 7.216137 7.326838 7.42343 7.485727 7.548608 7.65894 7.829658 8.045403 8.276007 8.524379 8.765985 8.979693 9.186608 9.360953 9.46447 9.50276 9.520546 9.551455 9.549477 9.392901 9.163363 8.95359 8.744577 8.332192 7.926669 7.544878 7.181013 6.805118 6.443652
5.311902 5.418547 5.512407 5.54004 5.507041 5.450441 5.34398 5.168171 4.962123 4.779824 4.630414 4.535616 4.525169 4.606835 4.762456 4.964232 5.157545 5.290314 5.408368 5.530972 5.667681 5.799214 5.905695 6.022717 6.149997 6.27717 6.379105 6.461831 6.569647 6.701098 6.826132 6.955372 7.033297 7.07853 7.137628 7.212823 7.281516 7.359524 7.489102 7.675138 7.911633 8.164488 8.43822 8.726806 8.964324 9.169976 9.365169 9.513361 9.576471 9.589849 9.609076 9.595659 9.429215 9.187706 8.965301 8.736967 8.319103 7.911662 7.536593 7.186309 6.837292 6.511336
5.229248 5.327045 5.395055 5.378881 5.302561 5.207028 5.074577 4.898578 4.708136 4.540998 4.428308 4.366884 4.350044 4.416457 4.564144 4.754199 4.93368 5.082571 5.235798 5.387203 5.51972 5.664004 5.799533 5.917819 6.044845 6.163075 6.267745 6.335572 6.434472 6.519245 6.62624 6.724602 6.790658 6.820895 6.859903 6.904562 6.95781 7.049986 7.219081 7.486556 7.763817 8.046454 8.353675 8.680662 8.96839 9.173787 9.373312 9.547987 9.641902 9.65787 9.660078 9.628043 9.4498 9.196367 8.95742 8.686059 8.279613 7.888477 7.516982 7.174071 6.853195 6.56109
5.11758 5.187229 5.235502 5.200954 5.08367 4.943195 4.786842 4.613012 4.429122 4.27074 4.174315 4.110246 4.09846 4.193964 4.341185 4.514908 4.664566 4.813632 4.968596 5.123569 5.280528 5.436487 5.569946 5.69393 5.821127 5.929121 6.013121 6.075934 6.128577 6.192172 6.282513 6.375413 6.4406 6.480316 6.518616 6.55581 6.614619 6.677911 6.822536 7.19766 7.617571 7.946601 8.280365 8.639395 8.977973 9.203332 9.395866 9.578546 9.693054 9.713634 9.694048 9.630725 9.441916 9.187076 8.933206 8.620412 8.226997 7.856776 7.504623 7.170466 6.865864 6.597193
4.957801 4.991188 5.016537 4.961224 4.807997 4.635942 4.46724 4.303874 4.139675 4.00026 3.907228 3.844687 3.829785 3.90202 4.046641 4.200856 4.34072 4.481514 4.622866 4.763795 4.915505 5.080561 5.210098 5.311346 5.411833 5.502325 5.575154 5.608025 5.648757 5.698628 5.782697 5.892077 5.978365 6.037555 6.073876 6.14502 6.287339 6.389635 6.517392 6.92408 7.482282 7.890441 8.248976 8.625062 8.998223 9.251259 9.4328 9.606482 9.717792 9.732685 9.68521 9.592853 9.405997 9.163677 8.894144 8.55622 8.185214 7.814463 7.468067 7.153791 6.871891 6.621178
4.729796 4.73566 4.725701 4.640138 4.476964 4.309672 4.152244 4.003003 3.863034 3.749218 3.669498 3.607097 3.577303 3.614738 3.710188 3.834882 3.94885 4.078526 4.194386 4.318488 4.455061 4.580984 4.686627 4.766952 4.829981 4.885 4.933626 4.96479 5.002031 5.045005 5.126717 5.226943 5.373294 5.501994 5.576392 5.715246 5.949813 6.157119 6.406261 6.835569 7.446119 7.899005 8.27558 8.654226 9.045254 9.312219 9.479537 9.634124 9.722047 9.716511 9.644404 9.53604 9.35609 9.123433 8.838614 8.496449 8.144014 7.774889 7.436989 7.12771 6.855968 6.619369
4.451812 4.441336 4.400293 4.289506 4.133904 3.975001 3.824213 3.690359 3.587027 3.497093 3.408415 3.336765 3.300606 3.326565 3.393256 3.455755 3.546765 3.650252 3.744586 3.869031 3.999547 4.069648 4.100852 4.148101 4.180963 4.19205 4.179545 4.176571 4.177198 4.219512 4.2973 4.381963 4.588494 4.84545 5.039271 5.246001 5.543746 5.900703 6.311201 6.823173 7.454069 7.936662 8.33381 8.716607 9.113035 9.377328 9.528366 9.659876 9.713959 9.68125 9.591891 9.473066 9.294928 9.054668 8.758293 8.432759 8.088752 7.733676 7.409212 7.108874 6.84345 6.611989
4.185095 4.145184 4.068758 3.953355 3.797189 3.629718 3.473186 3.372802 3.34704 3.299957 3.223822 3.128803 3.032912 3.014562 3.087965 3.138851 3.159531 3.231233 3.342293 3.473499 3.591253 3.625107 3.592931 3.550669 3.556558 3.567181 3.509901 3.399315 3.299109 3.349315 3.432153 3.476772 3.691566 4.086703 4.458483 4.826863 5.266046 5.764284 6.274407 6.871374 7.519808 8.003652 8.402668 8.788368 9.182894 9.436539 9.573349 9.680968 9.698493 9.636893 9.529359 9.396255 9.203569 8.940753 8.64754 8.34909 8.012598 7.679035 7.37743 7.096067 6.834507 6.607405
3.933988 3.881683 3.788979 3.668824 3.512967 3.34813 3.202829 3.147063 3.176035 3.153569 3.095514 3.004724 2.899832 2.850674 2.895398 2.916732 2.899414 2.933807 3.038496 3.166909 3.243667 3.237296 3.172867 3.085918 3.043591 3.024605 2.935783 2.788071 2.632903 2.636914 2.733694 2.802853 3.016931 3.534449 4.084793 4.643601 5.239851 5.864647 6.445067 7.083022 7.680404 8.124496 8.502073 8.871284 9.251911 9.486821 9.6075 9.690319 9.674232 9.587821 9.454202 9.28483 9.054784 8.777598 8.498984 8.220599 7.911113 7.612105 7.340147 7.08463 6.839748 6.62687
3.673551 3.616203 3.527889 3.419302 3.285076 3.162969 3.080557 3.076183 3.106222 3.096897 3.05634 2.977438 2.918819 2.88344 2.863547 2.851656 2.818209 2.824187 2.860002 2.925689 2.963974 2.93875 2.869067 2.7786 2.700639 2.622615 2.50466 2.36942 2.247234 2.226881 2.315735 2.455353 2.797103 3.351438 3.999028 4.685125 5.412666 6.151069 6.810282 7.417847 7.902649 8.288865 8.631963 8.97541 9.315945 9.520673 9.629637 9.687306 9.643983 9.527724 9.339919 9.108082 8.845297 8.571808 8.304514 8.046775 7.782169 7.526982 7.28567 7.066861 6.847414 6.663544
3.428031 3.355554 3.278052 3.219387 3.138314 3.059795 3.017844 3.058596 3.10006 3.101059 3.090101 3.084091 3.043675 2.999872 2.957418 2.930521 2.901542 2.850024 2.82286 2.824588 2.825688 2.782851 2.716213 2.656817 2.583894 2.462264 2.330983 2.212881 2.133982 2.123623 2.197985 2.405055 2.838262 3.439108 4.189251 4.986837 5.796253 6.561685 7.214316 7.720131 8.107715 8.450157 8.766411 9.090048 9.376649 9.543743 9.64284 9.679351 9.620534 9.457766 9.188173 8.891071 8.61006 8.337317 8.08044 7.846994 7.631685 7.421507 7.216174 7.031485 6.84933 6.699993
3.255671 3.17743 3.120435 3.130183 3.104207 3.049271 3.036042 3.103237 3.162021 3.200901 3.240921 3.252499 3.236011 3.208529 3.183716 3.139017 3.081579 3.009994 2.953232 2.912139 2.870977 2.816019 2.768723 2.731414 2.662733 2.539039 2.410249 2.331963 2.312937 2.301144 2.382158 2.652625 3.074957 3.755055 4.630287 5.504147 6.303054 6.992716 7.542659 7.947636 8.283753 8.592473 8.889612 9.187603 9.42157 9.557318 9.646174 9.663534 9.590653 9.354783 9.027905 8.690302 8.376449 8.09852 7.851635 7.640174 7.460021 7.28937 7.12837 6.974215 6.827359 6.711672
3.214051 3.170687 3.165979 3.197264 3.195957 3.185034 3.213987 3.270156 3.345797 3.418678 3.478986 3.523139 3.544885 3.546564 3.505564 3.448504 3.377245 3.295388 3.237497 3.170686 3.11574 3.062171 3.024925 2.98779 2.929909 2.846397 2.77491 2.753236 2.755379 2.784887 2.918229 3.202217 3.633477 4.356042 5.235561 6.067532 6.763137 7.330008 7.77785 8.124511 8.432296 8.724298 9.006701 9.256833 9.439661 9.561093 9.637158 9.635878 9.540499 9.243057 8.895547 8.527141 8.178742 7.879753 7.626204 7.425174 7.272477 7.136821 7.011384 6.889923 6.76893 6.675561
