py_wake/examples/data/AJ_ParqueFicticio/Ridge area   Sector 9   Height 200m   Weibull-A.grd
DSAA
90  129
 262878   265103
 6504214   6507414
 .3239926   11.32763
[rows 54 to 80 of 129, columns 0 to 61 of 90]
7.841232 7.781103 7.668719 7.495048 7.278119 7.045704 6.804311 6.57046 6.330202 6.155193 6.16675 6.307559 6.427217 6.427154 6.349832 6.248464 6.188161 6.197311 6.211463 6.255425 6.356894 6.469444 6.580178 6.686567 6.78284 6.84416 6.906229 7.001427 7.06118 7.133487 7.257036 7.396119 7.544667 7.690268 7.805373 7.926623 8.085005 8.261814 8.469324 8.717613 9.006551 9.33097 9.624804 9.880787 10.13472 10.2545 10.22861 10.09381 9.890478 9.63377 9.343091 8.9782 8.450124 7.696053 6.61586 5.558827 4.968164 4.79508 4.965533 5.451987 6.1588 6.823334
7.881235 7.84716 7.765059 7.616044 7.382325 7.140813 6.920474 6.702709 6.490719 6.351912 6.36349 6.490542 6.586625 6.547745 6.429961 6.289345 6.184948 6.13313 6.119022 6.158911 6.26205 6.39326 6.517729 6.644979 6.776001 6.880758 6.979444 7.078857 7.166202 7.271723 7.395457 7.547071 7.692331 7.806361 7.901341 8.016367 8.181821 8.358303 8.548608 8.782373 9.071434 9.395244 9.683934 9.954428 10.18589 10.27055 10.24911 10.13341 9.947956 9.702294 9.421273 9.096032 8.662936 8.071034 7.250724 6.326283 5.776849 5.622638 5.746535 6.128362 6.617252 7.014619
7.927717 7.92443 7.870804 7.734154 7.49594 7.262944 7.046138 6.84256 6.661045 6.547981 6.564302 6.689904 6.784163 6.720366 6.574801 6.395689 6.246986 6.140372 6.069458 6.070011 6.183419 6.330369 6.466442 6.626873 6.799531 6.949986 7.079234 7.194442 7.292378 7.410763 7.548426 7.701768 7.840577 7.947787 8.052483 8.182146 8.331087 8.489375 8.658248 8.88208 9.173308 9.484221 9.76626 10.03842 10.21744 10.28331 10.27006 10.16582 9.992082 9.778262 9.512004 9.211413 8.845546 8.36729 7.71102 6.939526 6.456346 6.299439 6.35203 6.585061 6.891885 7.160413
7.98853 7.998607 7.962081 7.837112 7.628154 7.399921 7.196501 7.029768 6.885902 6.790977 6.781982 6.900406 6.99747 6.9677 6.811075 6.598828 6.381718 6.213485 6.07866 6.047151 6.170885 6.326087 6.466048 6.642274 6.845755 7.03215 7.187751 7.319636 7.433377 7.568092 7.71119 7.861735 7.997559 8.122655 8.251782 8.386231 8.524906 8.657451 8.815871 9.034172 9.317373 9.60706 9.878246 10.11413 10.23782 10.29944 10.29191 10.19893 10.03569 9.851482 9.620464 9.354349 9.040397 8.64094 8.138097 7.524261 7.042714 6.833555 6.800465 6.933591 7.134631 7.278234
8.02731 8.059154 8.034091 7.917265 7.739305 7.545316 7.371042 7.209469 7.0821 7.017667 7.028213 7.110657 7.185351 7.167971 7.037861 6.862702 6.662179 6.470593 6.269727 6.191476 6.277246 6.403316 6.540148 6.727747 6.939766 7.143109 7.315392 7.456653 7.592698 7.737373 7.89011 8.045912 8.192429 8.32964 8.463079 8.604706 8.738277 8.873967 9.041793 9.252428 9.49797 9.756961 9.997697 10.16133 10.25791 10.32044 10.31785 10.23477 10.08725 9.918116 9.72011 9.493279 9.231489 8.922105 8.539311 8.092957 7.636968 7.323113 7.186944 7.165361 7.195286 7.182634
8.06321 8.113329 8.112103 8.026955 7.876545 7.711635 7.557179 7.416211 7.304751 7.237996 7.23868 7.297164 7.353423 7.334238 7.224933 7.08467 6.922689 6.739544 6.565173 6.470638 6.503885 6.575496 6.694922 6.883693 7.098064 7.29834 7.477402 7.626068 7.766994 7.918524 8.081773 8.252779 8.42141 8.56624 8.702519 8.843484 8.970595 9.107834 9.280724 9.474009 9.680129 9.904689 10.07751 10.18884 10.28502 10.3553 10.35351 10.27269 10.13884 9.98077 9.794645 9.606126 9.397732 9.153526 8.85535 8.502881 8.125025 7.754107 7.425333 7.196808 7.016509 6.874319
8.120742 8.187244 8.211355 8.158106 8.031967 7.901906 7.769967 7.651865 7.549942 7.46991 7.454035 7.491347 7.525038 7.501269 7.420913 7.325609 7.200191 7.041372 6.881119 6.766257 6.786587 6.842091 6.927992 7.102636 7.304054 7.489037 7.655872 7.797765 7.946915 8.103599 8.278158 8.470196 8.656292 8.800618 8.93888 9.077901 9.193337 9.322819 9.474403 9.633815 9.817108 9.99614 10.10927 10.20549 10.31621 10.39445 10.37463 10.28931 10.1766 10.0252 9.850032 9.682022 9.519202 9.328625 9.092253 8.793242 8.428202 8.009677 7.531719 7.047056 6.659943 6.407162
8.212597 8.283294 8.321973 8.297331 8.205869 8.09717 7.987359 7.882079 7.783553 7.697852 7.663241 7.666569 7.690688 7.684344 7.63604 7.559847 7.458305 7.330713 7.200694 7.114082 7.108932 7.144832 7.211953 7.360381 7.545591 7.714705 7.857482 7.992601 8.142933 8.300345 8.474413 8.670336 8.852628 8.992226 9.132088 9.250747 9.354824 9.480131 9.600888 9.728838 9.889701 10.02093 10.10881 10.20439 10.32913 10.38654 10.33206 10.24159 10.1535 10.03633 9.883461 9.732747 9.595544 9.442352 9.240234 8.965924 8.571564 8.063757 7.45225 6.767962 6.171174 5.785752
8.325674 8.389204 8.437921 8.446594 8.391175 8.299667 8.199972 8.100199 8.006915 7.926954 7.887752 7.876575 7.864866 7.832512 7.800956 7.745869 7.684188 7.6075 7.535695 7.490253 7.47168 7.504841 7.562594 7.681167 7.835956 7.982874 8.099971 8.207435 8.342715 8.498226 8.658158 8.842393 8.994748 9.135465 9.267528 9.364158 9.462392 9.567669 9.659161 9.763865 9.897461 9.996982 10.08112 10.17815 10.30206 10.32232 10.24931 10.16453 10.09265 10.01906 9.910573 9.781661 9.645677 9.499423 9.316728 9.051954 8.637504 8.058603 7.331784 6.471807 5.665565 5.10139
8.45578 8.519817 8.599804 8.627081 8.568285 8.47914 8.383751 8.290051 8.200293 8.116991 8.049404 7.996667 7.964046 7.947884 7.951208 7.946066 7.911427 7.867505 7.827557 7.827729 7.845077 7.869527 7.926293 8.016704 8.154283 8.254371 8.323823 8.41587 8.544267 8.673642 8.82383 8.981623 9.109465 9.239817 9.351113 9.430321 9.513549 9.592729 9.661942 9.744586 9.853628 9.938675 10.02301 10.12334 10.23386 10.23107 10.16145 10.08862 10.02913 9.981891 9.922928 9.824123 9.684879 9.529365 9.355348 9.098045 8.681482 8.068565 7.277269 6.291175 5.304289 4.582991
8.56341 8.635869 8.714039 8.708901 8.633653 8.543214 8.452055 8.362887 8.27675 8.195442 8.125893 8.072023 8.039271 8.03793 8.068007 8.082888 8.052156 8.030613 8.04159 8.110142 8.142803 8.149875 8.186467 8.29083 8.407131 8.454726 8.502087 8.598612 8.707905 8.816752 8.954774 9.085614 9.195045 9.305244 9.393559 9.4575 9.518333 9.567721 9.60907 9.671286 9.764862 9.843664 9.922476 10.01873 10.11998 10.12743 10.0745 10.01686 9.969698 9.93714 9.910038 9.849977 9.710896 9.538267 9.36169 9.118781 8.706253 8.081251 7.257017 6.223073 5.111907 4.278635
8.616379 8.6878 8.754606 8.739139 8.665557 8.583624 8.499819 8.411172 8.319095 8.231742 8.153722 8.086835 8.041174 8.038556 8.076923 8.107073 8.113326 8.126395 8.16624 8.24468 8.283056 8.302822 8.353175 8.458617 8.540061 8.583497 8.636978 8.729261 8.817566 8.913412 9.031804 9.138583 9.228941 9.311615 9.37537 9.418691 9.449699 9.462898 9.476256 9.530742 9.618727 9.697888 9.776124 9.868187 9.973326 10.0156 9.994556 9.952488 9.916409 9.893216 9.881541 9.845394 9.71325 9.520939 9.329815 9.099911 8.682793 8.058215 7.241717 6.225593 5.074533 4.175911
8.631205 8.69906 8.747718 8.742486 8.672752 8.589205 8.502575 8.401847 8.289387 8.17865 8.077882 7.98819 7.929418 7.929716 7.98844 8.058115 8.091 8.127215 8.178404 8.251776 8.308036 8.359926 8.424662 8.512176 8.588301 8.650639 8.718623 8.801524 8.876579 8.954962 9.052503 9.138723 9.203272 9.253778 9.289454 9.310102 9.30311 9.277789 9.273659 9.332444 9.412898 9.507259 9.604688 9.700046 9.806833 9.895922 9.924618 9.899851 9.871242 9.851806 9.843164 9.815634 9.680702 9.471618 9.26615 9.045735 8.626682 8.012002 7.207957 6.218218 5.113822 4.145027
8.626776 8.68339 8.717472 8.705463 8.64994 8.566434 8.468537 8.34474 8.197114 8.050229 7.921348 7.811874 7.749155 7.765257 7.849366 7.967709 8.030246 8.067927 8.117912 8.200443 8.28194 8.341413 8.409919 8.499525 8.584186 8.649994 8.720461 8.801485 8.859489 8.924162 9.016427 9.087782 9.120751 9.131885 9.14257 9.13811 9.092719 9.037816 9.036536 9.091595 9.180523 9.294681 9.4217 9.538917 9.656787 9.776697 9.850102 9.856354 9.833142 9.812054 9.799048 9.770771 9.625959 9.40304 9.186842 8.974624 8.553265 7.94853 7.140587 6.153784 5.091183 4.206595
8.592619 8.640786 8.663956 8.640661 8.567079 8.477997 8.361631 8.200221 8.006866 7.822564 7.66903 7.552052 7.502359 7.552123 7.66301 7.80092 7.911143 7.966101 8.020336 8.10933 8.20932 8.278711 8.349196 8.440557 8.525874 8.587606 8.650991 8.711825 8.755954 8.815384 8.891886 8.948208 8.95165 8.927078 8.91537 8.888414 8.823052 8.767719 8.76448 8.82172 8.933209 9.066508 9.225447 9.389869 9.52753 9.657343 9.765523 9.814693 9.803273 9.775061 9.751263 9.713627 9.554896 9.314223 9.08189 8.859147 8.395926 7.746185 6.899772 5.915383 4.914908 4.195539
8.543143 8.572175 8.579531 8.528216 8.420409 8.290547 8.127632 7.923217 7.703134 7.503091 7.340675 7.229941 7.202044 7.265834 7.393117 7.551787 7.692216 7.784283 7.873494 7.969705 8.066993 8.159574 8.237092 8.317173 8.393536 8.463393 8.514354 8.540039 8.574791 8.625319 8.674777 8.701078 8.686176 8.640562 8.595342 8.539929 8.484213 8.443167 8.451381 8.5226 8.660044 8.823925 9.015335 9.240679 9.417635 9.552736 9.675143 9.768 9.77914 9.742079 9.700562 9.644749 9.462227 9.190958 8.925426 8.643479 8.077771 7.302509 6.38184 5.425866 4.61784 4.164151
8.462631 8.469012 8.452893 8.364859 8.213596 8.040892 7.844225 7.622563 7.375124 7.138002 6.947688 6.822986 6.785521 6.862934 7.02582 7.215571 7.372867 7.496366 7.626811 7.754586 7.859518 7.966471 8.063478 8.140871 8.214039 8.268706 8.306294 8.30765 8.327133 8.338551 8.356853 8.358047 8.3215 8.251941 8.184448 8.123151 8.049786 7.990455 8.002664 8.143044 8.329595 8.537733 8.787449 9.072206 9.330764 9.479424 9.605313 9.715478 9.752597 9.709516 9.640799 9.554132 9.338142 9.025725 8.710378 8.320193 7.62832 6.735948 5.775275 4.895913 4.414522 4.134533
8.339908 8.326684 8.285676 8.169087 7.986512 7.791372 7.581915 7.347678 7.07031 6.766586 6.50666 6.315134 6.227555 6.34008 6.54741 6.775419 6.94166 7.099656 7.262885 7.418979 7.568928 7.705307 7.812044 7.894494 7.9657 8.00569 8.010858 7.989213 7.974443 7.958362 7.950261 7.92583 7.883514 7.824025 7.754303 7.666796 7.57558 7.455774 7.39314 7.614697 7.966277 8.243518 8.548383 8.901439 9.245765 9.43783 9.55654 9.662501 9.713777 9.662915 9.556267 9.415632 9.155478 8.803496 8.423433 7.89072 7.081215 6.122054 5.193617 4.426733 4.426974 4.133773
8.172153 8.121855 8.049223 7.920162 7.719087 7.497629 7.273986 7.039647 6.750461 6.432356 6.138976 5.885195 5.709744 5.755333 5.97612 6.204017 6.38878 6.569643 6.753305 6.927166 7.112896 7.300283 7.428458 7.506037 7.565894 7.59584 7.594204 7.557459 7.516016 7.465534 7.450668 7.449809 7.418162 7.35424 7.2572 7.173616 7.144564 7.051342 6.956118 7.178731 7.662397 8.046437 8.396547 8.796352 9.189383 9.439253 9.537897 9.618169 9.640615 9.553272 9.382126 9.168958 8.872168 8.501998 8.045533 7.389585 6.513643 5.537171 4.687562 4.018077 4.755968 4.282956
7.92527 7.840976 7.752271 7.609248 7.389866 7.15811 6.92014 6.659385 6.361365 6.061645 5.792245 5.533834 5.307683 5.221116 5.27762 5.431888 5.569809 5.758664 5.922653 6.117522 6.357566 6.56355 6.719114 6.815764 6.871439 6.905632 6.930305 6.918074 6.897378 6.865629 6.856223 6.841581 6.855687 6.846893 6.770279 6.740943 6.791299 6.800388 6.844228 7.070753 7.569759 8.009943 8.398332 8.809534 9.214566 9.482092 9.540938 9.57147 9.532496 9.37627 9.136971 8.873277 8.552995 8.159191 7.622406 6.880564 5.956133 5.006708 4.270118 3.713563 3.90733 3.889733
7.606487 7.524132 7.423805 7.254706 7.028207 6.779463 6.512276 6.227545 5.951532 5.681126 5.383839 5.114631 4.917728 4.847136 4.862761 4.860543 4.939764 5.055335 5.163969 5.371202 5.632033 5.776615 5.849758 5.953428 6.03012 6.066845 6.056421 6.041032 6.009809 6.009705 6.032248 6.019968 6.116907 6.257506 6.309344 6.37895 6.504624 6.651535 6.82799 7.114 7.609213 8.070313 8.499224 8.91414 9.305642 9.544105 9.552813 9.523334 9.409577 9.17843 8.888184 8.587799 8.237197 7.768641 7.117619 6.2832 5.303377 4.487178 4.081723 4.108854 2.009171 3.339951
7.316362 7.217877 7.082578 6.898046 6.647667 6.346579 6.028713 5.788188 5.712971 5.601696 5.411505 5.158832 4.876251 4.738652 4.823905 4.847026 4.770341 4.80322 4.947424 5.160844 5.381963 5.448476 5.398853 5.342525 5.388276 5.455156 5.408679 5.269448 5.131999 5.181614 5.248772 5.211545 5.332326 5.666238 5.928998 6.147811 6.384902 6.633644 6.87203 7.220002 7.730347 8.204983 8.644381 9.040136 9.407165 9.59798 9.555937 9.467915 9.277321 8.977936 8.644427 8.306719 7.879529 7.23905 6.424332 5.498091 4.592709 4.254051 5.143394 5.656381 5.166583 2.496477
7.054246 6.950727 6.797082 6.600402 6.336525 6.022471 5.727378 5.618981 5.735416 5.732951 5.647072 5.481896 5.269029 5.137973 5.203632 5.207467 5.105997 5.081429 5.206512 5.390368 5.495611 5.467328 5.36282 5.243213 5.218972 5.248928 5.17695 5.022291 4.856171 4.859861 4.940532 4.935675 5.054117 5.447821 5.818759 6.15107 6.465803 6.775266 7.058515 7.462053 7.961887 8.427273 8.84866 9.20022 9.533154 9.641812 9.548395 9.397944 9.128604 8.771194 8.39502 7.96429 7.331999 6.438084 5.43222 4.514366 4.161748 5.842024 5.781292 5.438282 5.006303 2.954972
6.788066 6.679408 6.527724 6.344972 6.119015 5.908864 5.793399 5.842442 5.970034 6.010756 5.994027 5.912115 5.864389 5.842868 5.832067 5.820022 5.759298 5.728087 5.732671 5.786292 5.813066 5.75615 5.655841 5.552469 5.4903 5.438886 5.339357 5.2118 5.110518 5.110025 5.135792 5.163754 5.320312 5.623624 5.975271 6.321564 6.66578 7.021182 7.38815 7.830874 8.294006 8.771107 9.179204 9.486341 9.761552 9.741278 9.570823 9.306754 8.970567 8.567533 8.077538 7.404253 6.446061 5.262657 4.181695 3.799839 5.753757 5.513511 5.296569 5.074052 4.775517 4.035281
6.53824 6.403011 6.256208 6.15255 6.032922 5.930681 5.911448 6.050261 6.188915 6.249769 6.295645 6.363429 6.381569 6.394179 6.403756 6.423627 6.429925 6.367409 6.311585 6.284796 6.265033 6.193072 6.103624 6.040971 5.977886 5.862017 5.727235 5.620556 5.566142 5.53774 5.516825 5.556493 5.709375 5.950211 6.281686 6.625012 6.979024 7.363051 7.795326 8.259348 8.747394 9.185847 9.513398 9.770838 9.953932 9.832521 9.615734 9.286046 8.822045 8.339902 7.602609 6.524646 5.166153 3.851434 3.267692 5.248749 4.984324 4.793029 4.658568 4.556865 4.428986 4.275321
6.374678 6.232993 6.119282 6.132854 6.115867 6.067297 6.098508 6.263635 6.408221 6.516918 6.627993 6.713322 6.77037 6.834124 6.895766 6.921173 6.917881 6.871143 6.829327 6.789874 6.738784 6.658589 6.587112 6.537103 6.456737 6.323291 6.188523 6.109157 6.051332 5.982847 5.94752 5.996863 6.101006 6.332099 6.669472 7.015276 7.370607 7.773919 8.288855 8.764451 9.201729 9.547204 9.81535 10.02949 10.08592 9.896175 9.637788 9.264548 8.788609 8.064196 7.002552 5.440796 3.751845 2.674985 4.910319 4.478602 4.207984 4.047478 3.97525 3.953657 3.940337 3.944116
6.361934 6.28506 6.270992 6.324671 6.345896 6.368687 6.45799 6.585766 6.728861 6.858933 6.973272 7.08411 7.18247 7.278557 7.325486 7.33813 7.331592 7.289093 7.258416 7.222638 7.175939 7.115289 7.05271 6.982015 6.888655 6.779917 6.67349 6.593056 6.522156 6.459964 6.438684 6.47327 6.561218 6.786497 7.102947 7.462821 7.865487 8.318489 8.799676 9.23633 9.601091 9.867779 10.09725 10.22997 10.15676 9.932879 9.636906 9.244061 8.760171 7.915552 6.406527 4.402478 2.490049 3.202977 4.222812 3.74226 3.493719 3.370148 3.31023 3.310821 3.348205 3.429385
