py_wake/examples/data/AJ_ParqueFicticio/Ridge area   Sector 6   Height 30m   Mean speed.grd
DSAA
90  129
 262878   265103
 6504214   6507414
 1.018677   7.124547
[rows 27 to 53 of 129, columns 0 to 61 of 90]
4.814091 4.86248 4.917401 4.966538 5.003611 5.026999 5.034839 5.024618 4.999344 4.961946 4.917449 4.869304 4.824005 4.785918 4.763883 4.7558 4.757816 4.765441 4.770439 4.774731 4.810108 4.858559 4.917337 4.983894 5.047166 5.11951 5.203935 5.305372 5.424164 5.536038 5.648997 5.757899 5.865995 5.969522 6.056146 6.140975 6.218146 6.289726 6.354757 6.389853 6.386148 6.348613 6.278566 6.185051 6.075591 5.953317 5.823424 5.664478 5.492685 5.32386 5.127712 4.944418 4.782209 4.629966 4.486759 4.364673 2.141741 2.145045 2.359452 2.559128 2.719545 2.870546
4.757986 4.810072 4.871464 4.930346 4.982831 5.026339 5.055725 5.067675 5.05876 5.027938 4.984529 4.933141 4.871845 4.805607 4.744283 4.696206 4.663422 4.638919 4.616677 4.601235 4.614794 4.643384 4.675323 4.726445 4.773719 4.833765 4.92306 5.032242 5.161115 5.286678 5.402916 5.514612 5.6313 5.748301 5.851466 5.95226 6.05017 6.141598 6.234785 6.305478 6.337032 6.336175 6.290591 6.202883 6.086695 5.953635 5.815619 5.656765 5.476006 5.300221 5.10199 4.912326 4.747943 4.594115 4.452716 4.341386 2.190705 2.150459 2.394049 2.57345 2.717566 2.875412
4.692318 4.748109 4.81203 4.874179 4.935966 4.996063 5.046436 5.083881 5.101648 5.089577 5.052579 4.993562 4.924012 4.846962 4.765177 4.687034 4.619207 4.566178 4.513431 4.469102 4.450865 4.43771 4.425088 4.442691 4.466961 4.500004 4.594176 4.726477 4.877727 5.020094 5.145687 5.265063 5.38603 5.513221 5.633166 5.745816 5.861647 5.974286 6.093189 6.197577 6.266685 6.304161 6.293181 6.226007 6.112079 5.96736 5.812413 5.649055 5.461132 5.27487 5.071783 4.873865 4.708153 4.552773 4.412064 2.211498 2.205143 2.191778 2.424135 2.566139 2.70058 2.859542
4.613505 4.672864 4.737739 4.800911 4.867124 4.934273 4.996153 5.052435 5.097027 5.111565 5.086819 5.032011 4.962108 4.886908 4.806424 4.719741 4.641189 4.560755 4.473266 4.398882 4.361436 4.305538 4.249498 4.240181 4.235901 4.234062 4.324049 4.471133 4.622645 4.767617 4.901553 5.020604 5.133959 5.271837 5.411676 5.538741 5.666756 5.79841 5.939606 6.07269 6.179543 6.259064 6.291723 6.254835 6.158613 6.013597 5.835047 5.655947 5.456256 5.254573 5.045213 4.841774 4.67789 4.522225 4.374539 2.142461 2.221709 2.19797 2.429879 2.545775 2.684494 2.835365
4.511436 4.571178 4.635783 4.696666 4.764184 4.835166 4.901539 4.963683 5.019338 5.053992 5.050011 5.018151 4.966218 4.901756 4.831154 4.756532 4.679473 4.595172 4.510542 4.443088 4.388201 4.322856 4.267187 4.249099 4.229175 4.225005 4.289371 4.394022 4.493994 4.60143 4.717708 4.833626 4.949499 5.0828 5.220619 5.354464 5.488887 5.630624 5.784832 5.93637 6.070039 6.179959 6.250248 6.248161 6.179697 6.060074 5.877084 5.67669 5.468467 5.256745 5.045612 4.838298 4.674393 4.525946 2.133818 2.055648 2.141439 2.217591 2.445527 2.534009 2.67515 2.815028
4.403343 4.462137 4.525791 4.584269 4.649997 4.719218 4.783365 4.843251 4.898547 4.943099 4.956777 4.947395 4.91936 4.876009 4.822163 4.762188 4.696456 4.635723 4.586727 4.535416 4.480919 4.436587 4.401217 4.377373 4.361537 4.36184 4.391993 4.44251 4.487247 4.540736 4.623454 4.722507 4.829934 4.940736 5.059851 5.18816 5.324572 5.470888 5.631519 5.793732 5.947958 6.082508 6.176642 6.207004 6.163586 6.071958 5.914438 5.705894 5.494918 5.27797 5.064272 4.856258 4.690312 2.253073 2.074069 1.910581 1.877219 1.967774 2.198324 2.59647 2.684843 2.799655
4.289893 4.349137 4.413243 4.47084 4.53665 4.605237 4.66741 4.722646 4.77284 4.820143 4.847672 4.855948 4.846103 4.820529 4.782113 4.735387 4.683849 4.662889 4.659702 4.636368 4.606202 4.57995 4.557936 4.543417 4.529291 4.520717 4.536429 4.562495 4.568309 4.58441 4.621679 4.670552 4.750205 4.83659 4.930759 5.049137 5.182633 5.326524 5.487038 5.654604 5.826712 5.984699 6.095284 6.151878 6.133093 6.059967 5.936618 5.739912 5.528431 5.31395 5.105476 4.904135 4.733867 2.636049 2.26173 2.084278 2.020398 2.011487 1.997188 2.710891 2.756841 2.846073
4.170945 4.234 4.301806 4.362525 4.434751 4.508152 4.572878 4.630516 4.678694 4.722157 4.757623 4.779982 4.784164 4.769375 4.736853 4.691534 4.661997 4.676895 4.706034 4.724978 4.723068 4.715516 4.717118 4.715578 4.705288 4.703142 4.720429 4.742177 4.751143 4.746858 4.740303 4.749958 4.786376 4.832363 4.901745 4.999713 5.105635 5.239578 5.389257 5.552696 5.734843 5.904378 6.02239 6.097515 6.102593 6.044118 5.94605 5.782924 5.586788 5.39079 5.188946 4.991129 4.813851 4.145115 2.741866 2.337213 2.230269 2.195072 2.252606 2.658825 2.809121 2.905301
4.062163 4.128077 4.195313 4.25792 4.344062 4.431504 4.509498 4.579263 4.635953 4.683089 4.72242 4.74893 4.75942 4.750421 4.722358 4.684669 4.670818 4.697892 4.737707 4.774978 4.803893 4.832377 4.862419 4.885925 4.903256 4.927685 4.955683 4.989684 5.005175 4.991342 4.973911 4.964255 4.963067 4.973925 5.016143 5.069285 5.145951 5.252471 5.378204 5.52037 5.691759 5.856778 5.973993 6.060452 6.084118 6.039549 5.95408 5.827867 5.657763 5.483667 5.308688 5.1246 4.951398 4.812555 3.925793 2.91991 2.54547 2.418977 2.483288 2.664892 2.797718 2.929904
3.97125 4.02775 4.087008 4.145571 4.249842 4.355586 4.451371 4.536561 4.60801 4.667112 4.714451 4.748083 4.769171 4.767304 4.748952 4.730403 4.722911 4.734488 4.77521 4.819166 4.867079 4.925272 4.982008 5.044631 5.102499 5.156303 5.212561 5.26724 5.29429 5.281879 5.257202 5.22796 5.20761 5.196516 5.208932 5.231924 5.274403 5.344798 5.437819 5.555641 5.700709 5.845436 5.955692 6.046232 6.090347 6.055557 5.976174 5.864824 5.734716 5.58577 5.440084 5.281358 5.114853 4.975151 4.865892 3.811782 2.942651 2.675125 2.617965 2.675441 2.773811 2.968507
3.898877 3.931301 3.973959 4.024236 4.146174 4.269494 4.382149 4.482697 4.572213 4.650498 4.713427 4.76495 4.804143 4.814623 4.812821 4.806013 4.799682 4.806092 4.830221 4.872556 4.941034 5.014586 5.097019 5.188793 5.280826 5.365039 5.444221 5.522409 5.577676 5.577749 5.55098 5.515251 5.482198 5.46045 5.444026 5.442451 5.455674 5.489382 5.541856 5.628926 5.751662 5.877027 5.978794 6.060814 6.120346 6.100306 6.025047 5.913941 5.804319 5.682374 5.552246 5.422006 5.275753 5.135715 5.027051 4.934462 3.683988 3.001108 2.777357 2.72392 2.816591 4.709849
3.859941 3.842576 3.858402 3.903402 4.034434 4.165457 4.289213 4.402683 4.506783 4.608897 4.698689 4.784157 4.851287 4.887629 4.896075 4.896665 4.904407 4.923363 4.941079 4.984922 5.054955 5.133555 5.225251 5.32632 5.435117 5.539861 5.638078 5.731513 5.806823 5.837185 5.831327 5.809816 5.771282 5.738284 5.706213 5.685766 5.67078 5.6726 5.699642 5.762428 5.860119 5.963807 6.051497 6.115757 6.165689 6.153853 6.088695 5.985745 5.876451 5.767091 5.655575 5.534493 5.402483 5.269595 5.16081 5.070862 5.029064 3.474137 2.981862 2.810055 4.880682 4.805399
3.82964 3.77356 3.757261 3.802908 3.921676 4.048856 4.179781 4.306225 4.427612 4.546408 4.657952 4.773577 4.8719 4.940725 4.978353 5.001338 5.035475 5.070064 5.108367 5.157194 5.22117 5.299511 5.386725 5.477681 5.582854 5.69205 5.801523 5.903553 5.989824 6.046894 6.070113 6.072163 6.051465 6.023002 5.990293 5.952836 5.9254 5.908663 5.912988 5.950912 6.016743 6.090679 6.149501 6.193182 6.222304 6.205709 6.142383 6.055231 5.956085 5.846918 5.746064 5.636844 5.505094 5.369315 5.260449 5.168136 5.151135 4.710281 3.28678 2.917283 4.969577 4.879131
3.810735 3.732582 3.688658 3.720239 3.805375 3.916372 4.047552 4.180372 4.315423 4.454044 4.593406 4.738861 4.866497 4.962772 5.039916 5.108398 5.162327 5.219892 5.279248 5.330403 5.38625 5.455416 5.546727 5.651601 5.753867 5.840423 5.949561 6.054826 6.152876 6.225345 6.275438 6.301935 6.306899 6.289257 6.266001 6.226349 6.183129 6.154123 6.14222 6.154765 6.191361 6.233524 6.264059 6.290582 6.305079 6.282547 6.215122 6.123114 6.024402 5.919086 5.820029 5.724587 5.598934 5.451868 5.337476 5.248889 5.249581 5.220737 4.192091 3.133384 5.043246 4.949039
3.817974 3.720414 3.646279 3.63386 3.679837 3.76895 3.895887 4.029262 4.174022 4.328983 4.491311 4.662755 4.817432 4.949288 5.066119 5.170589 5.259785 5.335589 5.412196 5.469015 5.515532 5.585121 5.678095 5.791105 5.900947 6.003392 6.089939 6.174373 6.275218 6.358603 6.42387 6.468764 6.497234 6.495816 6.486623 6.468125 6.430765 6.387239 6.357044 6.348933 6.363182 6.391638 6.404651 6.407681 6.401852 6.371238 6.305564 6.204678 6.091275 5.984415 5.880702 5.782288 5.671472 5.52907 5.40401 5.341008 5.330249 5.289065 5.240738 5.182432 5.100769 5.003575
3.851385 3.721369 3.602054 3.529278 3.537925 3.611102 3.733786 3.863096 4.00911 4.168321 4.348804 4.542922 4.71842 4.873385 5.015234 5.148448 5.270657 5.378059 5.469176 5.539472 5.603405 5.667222 5.7486 5.854516 5.963807 6.068863 6.16351 6.242686 6.31648 6.407824 6.482644 6.54416 6.588204 6.60919 6.619088 6.62042 6.597095 6.55638 6.52154 6.504055 6.509707 6.522302 6.516204 6.499639 6.479491 6.437058 6.368474 6.279534 6.161239 6.039392 5.923028 5.812313 5.707352 5.581782 5.456484 5.412982 5.396547 5.347235 5.287388 5.226824 5.147237 5.063811
3.880095 3.713497 3.558488 3.438434 3.393431 3.446952 3.557376 3.673597 3.819004 3.980344 4.168525 4.375165 4.567708 4.746981 4.910375 5.061493 5.203247 5.338559 5.461908 5.560571 5.635972 5.696547 5.765898 5.851447 5.944652 6.039955 6.128565 6.210502 6.279352 6.361728 6.449107 6.528963 6.590228 6.637723 6.670113 6.690618 6.692814 6.67504 6.6509 6.635064 6.629622 6.627673 6.614199 6.588987 6.557515 6.502495 6.423686 6.330353 6.218817 6.084359 5.953415 5.830865 5.71853 5.601029 5.481434 5.460871 5.44538 5.39933 5.334877 5.270873 5.205875 5.150948
3.954167 3.74721 3.554859 3.398418 3.307211 3.303093 3.36434 3.451414 3.592784 3.760386 3.952803 4.164061 4.370199 4.568426 4.753311 4.924469 5.075343 5.224607 5.37582 5.511729 5.608513 5.680946 5.745824 5.811075 5.883859 5.959956 6.035092 6.117782 6.195012 6.268356 6.360209 6.451733 6.527485 6.597973 6.654472 6.697227 6.727585 6.740509 6.737804 6.729683 6.724068 6.722724 6.709624 6.681368 6.644928 6.579198 6.483755 6.375356 6.261531 6.125384 5.982184 5.849566 5.72716 5.612631 5.499437 5.495795 5.474715 5.429385 5.37403 5.31946 5.270413 5.23963
4.074132 3.839786 3.622742 3.430088 3.281416 3.18447 3.169523 3.215541 3.342395 3.507772 3.703291 3.920712 4.13188 4.34137 4.542492 4.731752 4.884984 5.029584 5.191948 5.351863 5.470113 5.56476 5.646215 5.703662 5.76173 5.820725 5.878411 5.955478 6.048769 6.124272 6.213891 6.311285 6.398612 6.487676 6.569213 6.634512 6.68935 6.73396 6.760469 6.773807 6.783577 6.794646 6.79432 6.76994 6.730567 6.664775 6.562149 6.431256 6.298151 6.160796 6.008825 5.868093 5.738064 5.621137 5.514595 5.515463 5.483012 5.434318 5.38776 5.350508 5.329304 5.339635
4.22371 3.952436 3.694108 3.452651 3.24491 3.067813 2.968302 2.965549 3.071938 3.223319 3.400614 3.605472 3.807233 4.011811 4.223262 4.424952 4.585534 4.729169 4.886272 5.043438 5.174131 5.284411 5.375933 5.440073 5.498975 5.562443 5.61933 5.686665 5.782846 5.888978 5.992793 6.101035 6.204307 6.30752 6.410418 6.495995 6.570454 6.642129 6.698935 6.738935 6.772418 6.802457 6.820188 6.808669 6.772015 6.712586 6.624502 6.497444 6.342725 6.193049 6.036085 5.889156 5.754207 5.632272 5.547209 5.535735 5.494063 5.433784 5.377844 5.353962 5.365557 5.413704
4.38638 4.098256 3.809535 3.512851 3.241659 3.004303 2.830917 2.760723 2.820328 2.929153 3.06844 3.242464 3.416862 3.61923 3.825222 4.018371 4.185952 4.334953 4.493396 4.649159 4.780028 4.895 4.989361 5.056968 5.122031 5.193242 5.26172 5.332702 5.429764 5.566326 5.702769 5.829406 5.957041 6.076705 6.195138 6.303773 6.39715 6.490814 6.575465 6.638902 6.696621 6.749891 6.789544 6.800336 6.780906 6.729054 6.653632 6.553979 6.400019 6.2327 6.067986 5.913233 5.776676 5.653814 5.588392 5.569532 5.518014 5.450342 5.388049 5.382024 5.43378 5.521152
4.572244 4.281481 3.986731 3.669922 3.346873 3.060878 2.834093 2.685826 2.637838 2.664045 2.745763 2.878386 3.008523 3.181798 3.391915 3.589538 3.749974 3.90676 4.075757 4.237607 4.371769 4.486317 4.581127 4.644357 4.690553 4.762433 4.848066 4.937166 5.043541 5.198011 5.367097 5.52634 5.676456 5.820274 5.955731 6.086373 6.204377 6.318016 6.430344 6.520785 6.601223 6.677527 6.737871 6.767395 6.769096 6.729394 6.660432 6.581073 6.457911 6.281814 6.105332 5.9411 5.799885 5.673947 5.6154 5.588677 5.528478 5.456886 5.410583 5.424277 5.509238 5.623888
4.782286 4.494134 4.190907 3.858164 3.514946 3.198712 2.931104 2.711329 2.552252 2.481153 2.492431 2.561026 2.629054 2.749489 2.949872 3.127867 3.293271 3.443218 3.610785 3.788903 3.942499 4.061184 4.15375 4.216881 4.250834 4.28558 4.367032 4.468944 4.600474 4.783786 4.983851 5.178042 5.362354 5.54111 5.703113 5.851729 5.994909 6.132363 6.269809 6.389296 6.491615 6.592379 6.675458 6.722807 6.743641 6.718641 6.65513 6.579618 6.486155 6.327353 6.140814 5.967028 5.817904 5.687594 5.623749 5.58445 5.526617 5.458811 5.41824 5.449411 5.559517 5.696939
5.003565 4.721931 4.409122 4.082114 3.729485 3.378183 3.062945 2.784137 2.564629 2.437212 2.398619 2.400298 2.409374 2.462873 2.585492 2.693227 2.829608 2.95594 3.098985 3.283129 3.467963 3.610513 3.710151 3.791999 3.823545 3.82703 3.880335 3.975591 4.120627 4.316818 4.526911 4.764286 5.006239 5.23385 5.429499 5.599423 5.766431 5.933949 6.09588 6.247298 6.372611 6.498174 6.606022 6.674876 6.714414 6.703889 6.64586 6.569753 6.480708 6.352239 6.166216 5.984756 5.828618 5.695226 5.623455 5.573648 5.521666 5.46795 5.437636 5.490076 5.629886 5.794086
5.22553 4.968763 4.667537 4.343118 3.986319 3.621194 3.284812 2.969793 2.708281 2.52828 2.434995 2.39864 2.385674 2.361461 2.347434 2.344446 2.388979 2.488441 2.591755 2.74938 2.954775 3.138318 3.275294 3.370783 3.424819 3.435083 3.448626 3.54072 3.636289 3.793283 4.033427 4.30612 4.615094 4.898549 5.125738 5.319518 5.5259 5.724434 5.911906 6.092337 6.245215 6.396441 6.53166 6.626922 6.689467 6.695804 6.641984 6.562218 6.468996 6.358719 6.187457 5.999834 5.837083 5.70131 5.628654 5.579477 5.530098 5.485681 5.479286 5.556153 5.702942 5.870935
5.427673 5.195505 4.92583 4.622048 4.272236 3.902356 3.535328 3.199414 2.900192 2.664459 2.527044 2.485456 2.464302 2.383074 2.245728 2.101313 2.03637 2.095501 2.165755 2.275877 2.481233 2.706268 2.887198 3.022405 3.101215 3.111088 3.106857 3.166727 3.23126 3.341523 3.585474 3.872062 4.221192 4.56021 4.830125 5.059965 5.296957 5.520969 5.729544 5.932384 6.11457 6.290522 6.452262 6.577606 6.670314 6.70175 6.658525 6.573277 6.473168 6.362475 6.20817 6.017802 5.847593 5.70494 5.624256 5.591786 5.547613 5.509333 5.510074 5.598451 5.758322 5.93526
5.616788 5.397999 5.142301 4.85139 4.533684 4.178134 3.807683 3.47919 3.163424 2.891832 2.743315 2.687516 2.639938 2.502339 2.294519 2.042475 1.898935 1.899087 1.919672 1.98647 2.179285 2.42308 2.646281 2.832365 2.94363 2.967048 2.970233 3.044878 3.091551 3.157921 3.389242 3.655558 3.997413 4.353692 4.65058 4.903333 5.139776 5.36207 5.583151 5.807796 6.012519 6.203361 6.378891 6.527702 6.649587 6.712575 6.692899 6.611823 6.504323 6.380557 6.237843 6.057311 5.884451 5.736677 5.63876 5.605551 5.574536 5.55644 5.565819 5.654249 5.807596 5.976115
