py_wake/examples/data/AJ_ParqueFicticio/Ridge area   Sector 2   Height 30m   Flow inclination.grd
DSAA
90  129
 262878   265103
 6504214   6507414
-17.53808   18.61598
[rows 54 to 80 of 129, columns 0 to 60 of 90]
-11.40078 -11.32726 -11.27861 -11.16211 -11.174 -11.42287 -12.00034 -12.72309 -13.56543 -14.40925 -14.79178 -14.61632 -14.03546 -13.47243 -12.97668 -12.41319 -13.25265 -14.58233 -15.70026 -16.12569 -15.86332 -15.40242 -14.92091 -14.47983 -14.09304 -13.92279 -13.88933 -13.80702 -13.86657 -13.9934 -13.96037 -13.85594 -13.66438 -13.35206 -13.04792 -12.71799 -12.28868 -11.81299 -11.29084 -10.70693 -10.05215 -9.261741 -8.374164 -7.452804 -6.184465 -4.832687 -3.591958 -2.581579 -1.73713 -1.035329 -.5714691 -.4004627 -.6980785 -1.329451 -2.132699 -2.933505 -3.488528 -3.775058 -3.771209 -3.570248 -3.173657
-11.30119 -11.25842 -11.20823 -11.0976 -11.13836 -11.45536 -11.99259 -12.66999 -13.48126 -14.27891 -14.79625 -14.7985 -14.41002 -14.12429 -13.99542 -14.0197 -14.3115 -15.00686 -15.85426 -16.36773 -16.38389 -16.11073 -15.7686 -15.3919 -14.97351 -14.68472 -14.48935 -14.35346 -14.31694 -14.31025 -14.27577 -14.13547 -13.95481 -13.78418 -13.62248 -13.39538 -12.98514 -12.49941 -11.98674 -11.3942 -10.66216 -9.751815 -8.770437 -7.71337 -6.316072 -5.046812 -3.821704 -2.780659 -1.953487 -1.293561 -.8596073 -.7075479 -.9397927 -1.4625 -2.101001 -2.743705 -3.185693 -3.351705 -3.212439 -2.837109 -2.220436
-11.19349 -11.11253 -11.01033 -10.92943 -11.08621 -11.41757 -11.97281 -12.65251 -13.4167 -14.11243 -14.58012 -14.65305 -14.43554 -14.38655 -14.50382 -14.76135 -15.25473 -15.83049 -16.38778 -16.84107 -16.91025 -16.70636 -16.44371 -16.06377 -15.58624 -15.1759 -14.87596 -14.66203 -14.57181 -14.49961 -14.40188 -14.24292 -14.07154 -13.96478 -13.85332 -13.6478 -13.33664 -12.92391 -12.47723 -11.89194 -11.0936 -10.11559 -9.051321 -7.818514 -6.442453 -5.235021 -4.038921 -2.97977 -2.177037 -1.542542 -1.126991 -.99527 -1.161013 -1.551651 -2.032448 -2.50371 -2.753627 -2.723064 -2.396493 -1.839451 -1.038282
-10.95124 -10.86108 -10.73528 -10.68189 -10.88514 -11.26768 -11.85352 -12.44973 -13.12067 -13.74935 -14.25427 -14.30404 -14.16114 -14.05659 -14.25536 -14.62221 -15.15705 -15.76093 -16.40968 -16.98774 -17.11221 -16.97724 -16.80528 -16.47089 -15.97812 -15.51818 -15.12983 -14.84783 -14.70816 -14.56008 -14.41682 -14.25264 -14.09793 -13.95604 -13.78299 -13.5848 -13.32898 -13.04386 -12.66948 -12.09837 -11.24279 -10.22831 -9.079819 -7.763125 -6.538267 -5.358458 -4.205327 -3.152334 -2.360761 -1.703838 -1.276693 -1.113647 -1.204901 -1.496306 -1.828794 -2.117409 -2.186737 -1.946943 -1.399868 -.5728477 .4970847
-10.67795 -10.55509 -10.47008 -10.5031 -10.72798 -11.08302 -11.62518 -12.21917 -12.85059 -13.35613 -13.72266 -13.79052 -13.74602 -13.68704 -13.91579 -14.26554 -14.74688 -15.32688 -16.05223 -16.66877 -16.85384 -16.8439 -16.77721 -16.52204 -16.08598 -15.59641 -15.1766 -14.86801 -14.65271 -14.47846 -14.29427 -14.09709 -13.90386 -13.6988 -13.49592 -13.24339 -12.98649 -12.70969 -12.32742 -11.7595 -10.9488 -9.928883 -8.711507 -7.553796 -6.483751 -5.354765 -4.254625 -3.225344 -2.438259 -1.737701 -1.279958 -1.041031 -1.052421 -1.186496 -1.335225 -1.415755 -1.316667 -.8939633 -.09519068 .9703624 2.237414
-10.4282 -10.32228 -10.24099 -10.26427 -10.44855 -10.77656 -11.25579 -11.78049 -12.31869 -12.75863 -13.08556 -13.1818 -13.17976 -13.22568 -13.54002 -13.94483 -14.41137 -14.99029 -15.64941 -16.22763 -16.48446 -16.5863 -16.57998 -16.35251 -15.94404 -15.49537 -15.05713 -14.71462 -14.43829 -14.18746 -13.95391 -13.69345 -13.39758 -13.12302 -12.85791 -12.54396 -12.23403 -11.90391 -11.44115 -10.83281 -10.093 -9.08252 -8.012975 -7.071674 -6.144293 -5.048567 -3.993468 -3.036067 -2.295735 -1.571958 -1.088722 -.782651 -.663186 -.6370553 -.593046 -.4454897 -.1058474 .5115912 1.463235 2.693984 4.079009
-10.05595 -9.905572 -9.780184 -9.756635 -9.903448 -10.21812 -10.64755 -11.09417 -11.55004 -11.96274 -12.23976 -12.30637 -12.34639 -12.52188 -12.8841 -13.28934 -13.75209 -14.34804 -15.03469 -15.692 -15.97308 -16.09086 -16.16005 -15.96756 -15.58234 -15.15083 -14.70429 -14.35888 -14.03627 -13.73507 -13.38308 -12.98733 -12.52594 -12.16603 -11.81517 -11.39752 -11.0521 -10.67273 -10.15663 -9.608785 -8.892434 -7.957844 -7.130152 -6.328458 -5.440727 -4.244545 -3.234459 -2.40255 -1.760999 -1.150949 -.7062308 -.3732637 -.1426362 .07063738 .3295722 .7275338 1.306188 2.112508 3.165278 4.466813 5.921743
-9.429635 -9.250113 -9.08288 -8.972509 -9.03422 -9.254294 -9.556006 -9.901672 -10.29276 -10.69676 -11.01883 -11.20585 -11.25424 -11.3966 -11.74819 -12.21913 -12.74524 -13.39471 -14.1269 -14.79189 -15.17113 -15.35928 -15.47406 -15.34147 -14.98628 -14.55344 -14.13254 -13.74585 -13.36252 -12.98972 -12.5192 -11.97236 -11.41079 -10.98918 -10.51567 -10.06868 -9.703277 -9.245605 -8.751367 -8.251541 -7.575995 -6.813666 -6.161517 -5.444021 -4.524427 -3.28624 -2.382989 -1.67035 -1.140744 -.6571464 -.2595643 .08664753 .4388825 .8375199 1.301713 1.905043 2.680065 3.631932 4.783998 6.168527 7.712755
-8.459835 -8.334474 -8.220533 -8.086701 -8.138611 -8.330053 -8.584128 -8.869827 -9.179285 -9.461318 -9.598397 -9.614556 -9.693505 -10.02053 -10.44022 -10.993 -11.53542 -12.12819 -12.76796 -13.38861 -13.87177 -14.09056 -14.23783 -14.19547 -13.91467 -13.49473 -13.08734 -12.76544 -12.39336 -11.9211 -11.42079 -10.78141 -10.19429 -9.680044 -9.118879 -8.634757 -8.190382 -7.716533 -7.277859 -6.815741 -6.234406 -5.648448 -5.121544 -4.52003 -3.611055 -2.510691 -1.748772 -1.138944 -.6725281 -.2354226 .1656433 .5899723 1.044561 1.561648 2.174371 2.950137 3.853986 4.877783 6.070475 7.463531 9.106452
-7.130083 -6.985905 -6.705151 -6.346603 -6.176215 -6.178614 -6.309974 -6.518916 -6.788239 -7.089771 -7.380114 -7.66072 -7.935571 -8.334901 -8.793182 -9.23937 -9.694213 -10.23243 -10.90998 -11.50939 -11.93995 -12.19133 -12.33619 -12.42479 -12.18714 -11.87838 -11.64388 -11.40662 -11.04053 -10.57876 -10.04838 -9.417007 -8.827522 -8.256966 -7.67584 -7.175867 -6.682037 -6.197519 -5.777517 -5.365015 -4.893367 -4.430787 -3.990514 -3.488956 -2.69875 -1.829277 -1.197674 -.6827496 -.2630252 .1584728 .6003956 1.139668 1.7093 2.305873 2.993737 3.864124 4.856957 5.898294 7.081869 8.459289 10.02988
-5.582674 -5.378889 -5.046535 -4.762277 -4.67078 -4.695301 -4.787639 -4.908182 -5.066304 -5.27035 -5.48889 -5.707473 -5.976307 -6.346606 -6.743229 -7.177521 -7.730152 -8.275527 -8.828786 -9.200387 -9.573399 -9.904581 -10.18868 -10.26008 -10.07478 -10.00694 -9.950588 -9.747122 -9.422024 -9.001813 -8.466446 -7.863802 -7.274395 -6.694979 -6.118133 -5.582041 -5.047148 -4.566771 -4.183714 -3.856461 -3.518694 -3.17384 -2.841226 -2.467777 -1.922841 -1.280745 -.7746107 -.3321137 .06684495 .5054107 .9964993 1.690104 2.414571 3.085443 3.82771 4.737176 5.844699 6.818028 7.920866 9.164823 10.56834
-4.002176 -3.741703 -3.404668 -3.138171 -3.028888 -3.025945 -3.044343 -3.048052 -3.072405 -3.16867 -3.316994 -3.50512 -3.798641 -4.207685 -4.683944 -5.184756 -5.716346 -6.197434 -6.627979 -6.917416 -7.327628 -7.723425 -8.013363 -8.071686 -8.064854 -8.134224 -8.152481 -7.989955 -7.688329 -7.290323 -6.774817 -6.204137 -5.62933 -5.062215 -4.514507 -3.97554 -3.425323 -2.975976 -2.684537 -2.469626 -2.254338 -2.050502 -1.855126 -1.607142 -1.265895 -.8362247 -.4330009 -.04081059 .3553331 .8208265 1.377459 2.19813 3.113263 3.886517 4.660936 5.548151 6.781708 7.643721 8.642287 9.710292 10.8815
-2.650157 -2.264496 -1.883203 -1.656868 -1.521001 -1.440894 -1.343943 -1.216795 -1.106407 -1.090939 -1.184684 -1.38126 -1.750514 -2.247096 -2.827794 -3.383988 -3.890865 -4.306843 -4.691751 -4.996596 -5.350011 -5.693888 -5.967187 -6.099638 -6.165865 -6.229922 -6.261276 -6.103281 -5.848902 -5.534177 -5.112834 -4.619415 -4.110362 -3.622128 -3.127354 -2.589626 -2.05668 -1.672083 -1.454325 -1.319437 -1.25832 -1.243084 -1.18605 -1.062656 -.8872597 -.6076453 -.213136 .1778528 .598141 1.095284 1.713179 2.635413 3.726365 4.598146 5.404264 6.284523 7.634927 8.416981 9.338916 10.26561 11.24397
-1.343429 -.8727491 -.3671796 .007384209 .1344559 .1913537 .3201878 .5199015 .7382223 .7921144 .6830316 .4340452 -.01163816 -.571879 -1.198773 -1.805258 -2.321592 -2.660123 -3.00285 -3.341117 -3.66699 -3.943793 -4.195434 -4.362822 -4.412242 -4.412769 -4.324151 -4.094723 -3.869635 -3.632286 -3.331143 -2.953363 -2.495564 -2.100857 -1.758903 -1.36451 -.9697104 -.7066228 -.6047779 -.6064333 -.6608441 -.7348889 -.7892759 -.7675096 -.6555178 -.4107698 -.05230172 .3613308 .8158033 1.358978 2.035818 3.032535 4.244005 5.213617 6.085535 6.997887 8.451168 9.220235 10.1004 10.906 11.69443
-.06135865 .4614196 1.031959 1.594598 2.0511 2.287468 2.523898 2.799702 2.966213 2.858962 2.56003 2.113628 1.517665 .8917022 .3192692 -.2217681 -.8004171 -1.223775 -1.550467 -1.85459 -2.161204 -2.434791 -2.641565 -2.784904 -2.836892 -2.749095 -2.534062 -2.254351 -2.06041 -1.873247 -1.672111 -1.424549 -1.093634 -.7891687 -.5334957 -.2953239 -.132333 -.0439036 -.06927927 -.1853703 -.3383731 -.4909946 -.6296671 -.6737492 -.565811 -.3213956 .04569082 .5120676 1.030716 1.639091 2.383238 3.4657 4.804174 5.907785 6.898504 7.9582 9.581958 10.40938 11.23191 11.84885 12.39382
1.027653 1.656286 2.343399 3.096467 3.711557 4.195657 4.574924 4.734234 4.546635 4.12132 3.589792 3.025594 2.425007 1.961312 1.489807 1.053444 .6005548 .1028681 -.3223826 -.5937677 -.8429042 -1.15979 -1.385068 -1.511223 -1.514163 -1.420018 -1.17051 -.8694714 -.7567403 -.6233177 -.4294547 -.2140023 -.001912058 .1849462 .3531674 .4431164 .4102368 .2515061 .03678466 -.1715841 -.3528117 -.5288701 -.6798967 -.7235811 -.603455 -.3434523 .0299772 .5844027 1.247326 1.957333 2.794851 3.971006 5.417472 6.651562 7.761613 9.008495 10.63106 11.47141 12.22703 12.76558 13.12043
1.895019 2.437155 3.121238 3.936554 4.659894 5.169631 5.582212 5.640953 5.324596 4.762857 4.067491 3.419812 2.871824 2.410092 1.99781 1.656873 1.364543 .9945642 .5856059 .2489552 -.0001410246 -.2776635 -.5612041 -.6855909 -.6394886 -.5309919 -.3997591 -.3081003 -.1998568 -.08745041 -.004383088 .1066914 .1937945 .20383 .1504487 .06912147 -.06892071 -.307014 -.5673603 -.789048 -.9056701 -1.027655 -1.116029 -1.114814 -.8553898 -.4615311 .0448965 .7183075 1.544039 2.442469 3.395447 4.656704 6.154505 7.466518 8.645817 10.04 11.48109 12.32641 12.98689 13.42058 13.62164
2.478001 2.93616 3.481009 4.141802 4.78518 5.22655 5.528039 5.595953 5.247659 4.551577 3.743173 3.088192 2.542127 2.072989 1.704815 1.462522 1.298622 1.065758 .8144827 .5521225 .2738345 3.620983E-05 -.1469975 -.2874548 -.3399115 -.3907863 -.4403509 -.5014493 -.5393472 -.6019815 -.6687143 -.7454162 -.8640699 -1.081597 -1.351951 -1.665078 -1.921615 -2.108926 -2.215987 -2.157885 -2.03193 -1.954533 -1.852601 -1.661519 -1.2321 -.6231042 .03861438 .8885403 1.95752 3.112012 4.26475 5.644862 7.120482 8.401809 9.576475 10.97503 12.11485 12.91263 13.48413 13.84889 13.99511
2.887811 3.316468 3.715844 4.195079 4.597511 4.711753 4.708179 4.486781 4.070477 3.520846 2.705647 1.995143 1.437688 1.068202 .7835531 .6332955 .5296209 .4063936 .2949761 .1633014 .007997217 -.1989267 -.3697354 -.5300729 -.7806925 -1.089772 -1.382906 -1.647747 -1.874579 -2.105296 -2.356146 -2.609461 -2.893027 -3.241466 -3.65396 -4.093538 -4.330934 -4.46987 -4.443724 -4.043539 -3.50695 -3.162425 -2.854964 -2.421463 -1.782403 -.7954542 .1080612 1.230862 2.56371 4.011088 5.368551 6.760653 8.108643 9.302699 10.4853 11.77286 12.68851 13.44409 13.92388 14.21244 14.31218
3.076518 3.333638 3.549814 3.757669 3.672757 3.328994 2.932047 2.45633 1.884395 1.254073 .631457 .1366262 -.3898335 -.6664582 -.788863 -.8558383 -.8903922 -.9315014 -.9411619 -.9747508 -1.02694 -1.157689 -1.41462 -1.745824 -2.131389 -2.623219 -3.160031 -3.694661 -4.147223 -4.555991 -4.91502 -5.235441 -5.520102 -5.809228 -6.184934 -6.498979 -6.534262 -6.436527 -6.11513 -5.546518 -4.817995 -4.301331 -3.837287 -3.192793 -2.312253 -.935825 .2032527 1.561218 3.074567 4.673332 6.093976 7.449102 8.765979 10.00745 11.2678 12.40929 13.2404 13.91669 14.30051 14.51277 14.54675
2.445132 2.417156 2.343103 2.148039 1.636732 1.043236 .4084196 -.2709963 -.9349001 -1.535765 -2.06751 -2.515486 -2.835777 -3.019194 -3.117743 -3.121622 -3.107087 -3.06763 -3.045955 -3.085527 -3.177371 -3.295866 -3.537452 -3.895064 -4.348412 -4.917549 -5.62755 -6.466756 -7.271984 -7.875634 -8.223884 -8.465728 -8.446516 -8.341138 -8.363578 -8.348269 -8.139441 -7.75202 -7.202137 -6.534132 -5.764997 -5.136577 -4.506856 -3.67966 -2.592197 -.9408869 .371441 1.906976 3.54776 5.213684 6.678977 8.074687 9.447287 10.81023 12.08576 13.08508 13.90026 14.43709 14.7033 14.79598 14.73885
.8263796 .5824884 .207491 -.3694826 -1.154896 -1.902369 -2.729746 -3.499843 -3.992401 -4.452598 -4.911173 -5.334112 -5.630289 -5.790945 -5.76103 -5.702894 -5.632868 -5.563146 -5.49328 -5.472819 -5.496481 -5.611589 -5.83226 -6.174189 -6.647775 -7.217283 -7.910193 -8.811401 -9.815513 -10.22965 -10.57703 -10.78729 -10.56898 -10.2359 -9.739113 -9.360995 -8.941844 -8.44643 -7.882921 -7.226692 -6.498827 -5.842134 -5.09442 -4.10039 -2.777983 -.8864921 .6008692 2.30906 4.075902 5.808373 7.362055 8.857162 10.38426 11.86947 13.04143 13.91497 14.6716 15.04852 15.15854 15.09696 14.9319
-1.216434 -1.707888 -2.344264 -3.112359 -3.997718 -4.856208 -5.683474 -6.262962 -6.418935 -6.657122 -6.981579 -7.39337 -7.761746 -7.983213 -7.924175 -7.888696 -7.907238 -7.842697 -7.631634 -7.409025 -7.309278 -7.408464 -7.679239 -8.075446 -8.576666 -9.129225 -9.731256 -10.30111 -9.938096 -9.170911 -8.803271 -9.402789 -9.484573 -9.715892 -9.774029 -9.38407 -8.989182 -8.582684 -8.167376 -7.631246 -7.007006 -6.334692 -5.468037 -4.331429 -2.775398 -.7354119 .911293 2.773484 4.660213 6.499791 8.239553 9.979508 11.70086 13.14856 14.18527 14.99245 15.57308 15.73703 15.66262 15.45224 15.16592
-3.328147 -3.985377 -4.742684 -5.535228 -6.361837 -7.045628 -7.589891 -7.848577 -7.883448 -8.035559 -8.299497 -8.701447 -8.985818 -9.138662 -9.198918 -9.237278 -9.292854 -9.260672 -9.081854 -8.802163 -8.607159 -8.63196 -8.852016 -9.217335 -9.723648 -10.22941 -10.64318 -10.66349 -8.934438 -7.290702 -6.619883 -5.523633 -6.240968 -8.495035 -9.066619 -8.967883 -8.736564 -8.469401 -8.183338 -7.787497 -7.268556 -6.547156 -5.579515 -4.32061 -2.538105 -.4802577 1.317748 3.295661 5.270671 7.287563 9.386019 11.40613 13.08592 14.38433 15.36546 16.0383 16.38034 16.39882 16.21272 15.85995 15.36927
-5.387589 -6.126859 -6.867247 -7.406836 -7.915862 -8.380242 -8.75562 -8.791831 -8.763239 -8.90052 -9.130941 -9.370602 -9.662337 -9.832317 -9.908281 -9.92959 -9.91679 -9.988977 -9.934433 -9.721585 -9.465004 -9.382154 -9.495823 -9.751696 -10.14498 -10.62284 -11.02878 -11.11449 -10.45033 -8.385754 -6.460279 -5.220485 -5.564445 -7.880898 -8.515696 -8.542479 -8.417009 -8.27839 -8.101048 -7.813895 -7.314621 -6.486075 -5.422014 -4.011915 -2.05503 -.1056142 1.809697 3.849067 5.898821 8.1964 10.50931 12.47522 14.03685 15.28148 16.18645 16.74393 16.93235 16.86034 16.59144 16.12765 15.49225
-6.957577 -7.582366 -8.15058 -8.337441 -8.582451 -8.956219 -9.308019 -9.350275 -9.344312 -9.432323 -9.580362 -9.828664 -10.13807 -10.26676 -10.25163 -10.24619 -10.25238 -10.35276 -10.34521 -10.20465 -9.972945 -9.82921 -9.826453 -9.955528 -10.28271 -10.75549 -11.20897 -11.47468 -11.45361 -10.7222 -8.681573 -7.08861 -7.397776 -8.151668 -8.372657 -8.267919 -8.14565 -8.069104 -7.948128 -7.695632 -7.100482 -6.179497 -4.966465 -3.336535 -1.347794 .4429113 2.378259 4.38871 6.50313 9.014053 11.20812 13.09829 14.61698 15.76786 16.58616 17.05934 17.21847 17.16541 16.86791 16.40743 15.76361
-7.961233 -8.339038 -8.605072 -8.699043 -8.894136 -9.170592 -9.43725 -9.600724 -9.633415 -9.669024 -9.790292 -9.967169 -10.19545 -10.22381 -10.1868 -10.15385 -10.15917 -10.29171 -10.3471 -10.30839 -10.12349 -9.922804 -9.819613 -9.890317 -10.16566 -10.57884 -11.02455 -11.37961 -11.53903 -11.24406 -10.53337 -9.677108 -9.001356 -8.685334 -8.415689 -8.140982 -7.973104 -7.878808 -7.720282 -7.372871 -6.653027 -5.656469 -4.244668 -2.485144 -.642641 1.094701 2.982986 4.921482 7.147143 9.560225 11.54056 13.34846 14.78329 15.89334 16.68314 17.13851 17.2823 17.24193 17.02335 16.65641 16.14544
