py_wake/examples/data/AJ_ParqueFicticio/Ridge area   Sector 5   Height 30m   Weibull-A.grd
DSAA
90  129
 262878   265103
 6504214   6507414
 1.616104   11.02586
[rows 27 to 53 of 129, columns 0 to 61 of 90]
5.741815 5.778401 5.852085 5.92492 5.98941 6.047478 6.088782 6.105556 6.103684 6.071995 6.002711 5.909266 5.816926 5.744511 5.714611 5.724018 5.766805 5.831806 5.896735 5.972489 6.141347 6.345889 6.54493 6.760889 6.968631 7.198597 7.451474 7.73476 8.038603 8.308964 8.565056 8.802795 9.03783 9.261713 9.455373 9.658463 9.863568 10.06276 10.26546 10.41552 10.49327 10.51522 10.46637 10.35268 10.18629 9.979071 9.74063 9.430277 9.085769 8.741665 8.326867 7.934954 7.594179 7.277079 6.979293 6.701396 3.377359 6.170415 5.985349 5.791157 5.588113 5.345483
5.562351 5.604575 5.682506 5.762671 5.848073 5.93864 6.017088 6.082105 6.125138 6.120705 6.066471 5.982755 5.876698 5.770082 5.684024 5.63975 5.641704 5.674202 5.718969 5.773964 5.894317 6.041171 6.192267 6.384792 6.568081 6.773542 7.028658 7.314412 7.631835 7.936298 8.210123 8.463523 8.721805 8.971703 9.194721 9.420883 9.64471 9.870853 10.11665 10.32458 10.46544 10.55478 10.55101 10.44412 10.2624 10.03013 9.77006 9.455236 9.087583 8.724958 8.306396 7.901192 7.557548 7.239546 6.932578 6.654235 3.263004 3.364799 5.887945 5.692198 5.48512 5.231153
5.384957 5.434421 5.511393 5.58951 5.685305 5.798726 5.90952 6.021671 6.122425 6.168977 6.135723 6.042276 5.936371 5.833042 5.732672 5.657033 5.61764 5.606549 5.603468 5.624965 5.700046 5.781222 5.864453 6.005538 6.151467 6.301734 6.547895 6.854619 7.197533 7.529026 7.824793 8.101895 8.376331 8.654978 8.90767 9.1457 9.394292 9.648716 9.928543 10.18812 10.39417 10.55136 10.60861 10.53342 10.35407 10.09841 9.802329 9.476534 9.09239 8.70669 8.282464 7.863318 7.518573 7.198781 6.865823 3.516557 3.25153 3.286109 5.703136 5.580429 5.372871 5.107861
5.205787 5.262433 5.338223 5.415752 5.518048 5.637468 5.760969 5.899516 6.050329 6.159374 6.149883 6.070295 5.974207 5.893656 5.819355 5.746657 5.687002 5.64057 5.591488 5.575916 5.631237 5.650746 5.672436 5.772783 5.868232 5.953701 6.18202 6.50485 6.840755 7.169044 7.476818 7.748402 8.002322 8.301191 8.596622 8.86297 9.12926 9.40705 9.712625 10.01271 10.27923 10.50412 10.63414 10.61053 10.46174 10.20728 9.868482 9.513198 9.110075 8.696859 8.265326 7.837372 7.493421 7.164618 6.799012 3.718906 3.323717 3.282653 5.662241 5.477796 5.257549 4.983029
5.012231 5.070415 5.144944 5.217842 5.322802 5.448923 5.580392 5.723666 5.88369 6.014089 6.0435 6.020091 5.972816 5.920313 5.872169 5.822174 5.767657 5.718853 5.685121 5.690123 5.71795 5.725001 5.747899 5.829591 5.894279 5.97534 6.170081 6.434348 6.689533 6.953333 7.213274 7.469488 7.728744 8.022237 8.319186 8.601639 8.87949 9.170158 9.489203 9.814344 10.12409 10.39955 10.594 10.6327 10.52945 10.31788 9.971486 9.573092 9.153521 8.719596 8.283316 7.846981 7.495522 7.153586 5.160576 4.337308 3.747102 3.432232 5.706558 5.440006 5.181982 4.892599
4.829591 4.887319 4.96097 5.032069 5.137114 5.262889 5.393064 5.529644 5.678062 5.807587 5.869387 5.893538 5.898887 5.888973 5.868121 5.833365 5.793858 5.788669 5.8214 5.851138 5.871581 5.907566 5.957346 6.021445 6.091163 6.187601 6.340423 6.531352 6.704245 6.875262 7.070139 7.296282 7.544198 7.800477 8.069257 8.349977 8.637949 8.93979 9.269434 9.610351 9.954731 10.27058 10.50632 10.60566 10.54339 10.37716 10.07207 9.650957 9.21804 8.769888 8.324649 7.883004 7.517472 7.164683 6.771054 6.415897 6.218873 4.942027 3.531198 5.451566 5.141958 4.824924
4.656652 4.714717 4.788168 4.859033 4.966867 5.093988 5.222888 5.348691 5.477926 5.600162 5.690193 5.753714 5.796515 5.815304 5.809958 5.784216 5.762247 5.823078 5.929041 5.994967 6.043055 6.097075 6.158449 6.231944 6.305106 6.393962 6.535601 6.701479 6.822642 6.944468 7.065195 7.20766 7.411839 7.628857 7.857931 8.129059 8.422896 8.730792 9.066251 9.416856 9.787622 10.1376 10.39824 10.54868 10.52831 10.39164 10.14231 9.733964 9.290916 8.839006 8.39295 7.954147 7.567719 7.197417 6.823684 6.460895 6.221188 6.040064 5.810738 5.490197 5.145658 4.777651
4.49439 4.555172 4.630468 4.703562 4.821655 4.954937 5.085534 5.21252 5.331789 5.442614 5.549136 5.641335 5.710787 5.743942 5.737327 5.705547 5.7156 5.827756 5.970511 6.091017 6.169157 6.237377 6.326417 6.41433 6.491054 6.594877 6.748729 6.922238 7.074187 7.188725 7.254975 7.341514 7.476327 7.625215 7.814856 8.055417 8.307724 8.607062 8.930433 9.275493 9.658074 10.02157 10.2913 10.47707 10.49722 10.38184 10.16982 9.814027 9.384466 8.952031 8.509516 8.067308 7.657794 7.266226 6.913485 6.584132 6.29716 6.066356 5.828938 5.508576 5.15073 4.701427
4.363644 4.421249 4.486828 4.555431 4.689839 4.837365 4.980836 5.119013 5.245289 5.361928 5.476223 5.577983 5.660433 5.699522 5.694089 5.669941 5.714314 5.834652 5.973032 6.100011 6.208966 6.320308 6.440867 6.559793 6.679941 6.832398 7.011569 7.224754 7.414402 7.533585 7.618191 7.685143 7.761867 7.855433 8.003311 8.167944 8.371815 8.624607 8.907882 9.219515 9.583913 9.937998 10.20462 10.40959 10.46171 10.36465 10.1668 9.867485 9.476849 9.071485 8.663348 8.233308 7.815605 7.421326 7.060922 6.715168 6.401332 6.136794 5.846564 5.516544 5.13353 4.470849
4.270016 4.302387 4.345807 4.39969 4.553499 4.718417 4.879003 5.030707 5.171228 5.302694 5.424407 5.536435 5.636215 5.683843 5.69197 5.704813 5.753171 5.849039 5.968096 6.083306 6.20434 6.347223 6.493995 6.670273 6.858583 7.061839 7.297175 7.557499 7.78221 7.919719 8.018096 8.072911 8.125104 8.188826 8.288969 8.404011 8.550184 8.740519 8.969007 9.243336 9.568326 9.891081 10.14447 10.35217 10.43854 10.3535 10.16226 9.886176 9.559546 9.18925 8.820893 8.425982 8.007578 7.608576 7.236049 6.878478 6.529085 6.201782 5.884197 5.526939 4.969032 3.994273
4.208008 4.192903 4.202349 4.23757 4.407254 4.587202 4.761448 4.924009 5.080427 5.232334 5.367926 5.50389 5.628257 5.692911 5.728587 5.762163 5.803917 5.871602 5.964 6.064241 6.205693 6.355228 6.533436 6.751778 6.998497 7.258457 7.535313 7.838274 8.117906 8.283117 8.382101 8.456103 8.495573 8.548253 8.605167 8.68235 8.780713 8.911894 9.078197 9.30686 9.597948 9.888782 10.12495 10.31189 10.42567 10.36152 10.18085 9.907722 9.616318 9.290039 8.944732 8.592331 8.198462 7.7953 7.41248 7.056943 6.695107 6.2981 5.932302 5.552909 4.60709 4.601479
4.195345 4.094531 4.057519 4.082372 4.25493 4.435996 4.616176 4.78629 4.949614 5.120704 5.282542 5.461704 5.619978 5.72379 5.77051 5.806464 5.858335 5.934329 5.994463 6.091857 6.24187 6.409853 6.598176 6.831003 7.105942 7.40394 7.71418 8.037789 8.344375 8.557211 8.691879 8.794019 8.852615 8.892422 8.929412 8.980413 9.037393 9.118838 9.245383 9.43637 9.688443 9.944917 10.15749 10.31473 10.41957 10.3752 10.21375 9.960123 9.671378 9.366589 9.052944 8.716098 8.342752 7.950535 7.555657 7.201811 6.826918 6.387233 5.982196 5.588062 5.125555 4.586818
4.19924 4.02665 3.934931 3.956809 4.099869 4.265234 4.444859 4.622364 4.800356 4.982776 5.16575 5.376294 5.566393 5.704371 5.785755 5.843547 5.925531 6.009577 6.102475 6.202676 6.325815 6.479151 6.676681 6.9343 7.214569 7.518392 7.844827 8.174649 8.48842 8.741368 8.921921 9.058502 9.153069 9.215154 9.256381 9.285497 9.324507 9.378326 9.47092 9.626718 9.835274 10.05189 10.22513 10.35544 10.43497 10.39363 10.23712 10.01025 9.737926 9.434504 9.140378 8.82518 8.451878 8.052272 7.653673 7.290662 6.885055 6.450593 6.032926 5.606168 5.122839 4.5591
4.22205 3.998074 3.857218 3.852121 3.938379 4.071784 4.241606 4.417731 4.605438 4.805096 5.018377 5.256793 5.47097 5.629425 5.756239 5.879826 5.977904 6.092713 6.22479 6.32894 6.432927 6.557272 6.750742 7.017416 7.313141 7.634197 7.951746 8.27572 8.602609 8.87348 9.091181 9.264731 9.395467 9.477555 9.553626 9.589125 9.607741 9.644529 9.716772 9.839533 10.0116 10.18767 10.32149 10.42727 10.48657 10.44218 10.28555 10.05685 9.78958 9.495866 9.204316 8.912687 8.54994 8.127794 7.717764 7.353546 6.918335 6.469935 6.058211 5.620178 5.119118 4.602332
4.281433 4.010474 3.814586 3.735985 3.758959 3.854941 4.011753 4.181203 4.373384 4.585823 4.821985 5.081023 5.313835 5.510118 5.686711 5.852505 6.003931 6.143938 6.305815 6.42481 6.505135 6.62852 6.815266 7.082196 7.366779 7.688335 8.01076 8.344633 8.667187 8.954977 9.190452 9.391542 9.554284 9.658688 9.754306 9.840061 9.879246 9.899362 9.950749 10.04825 10.1893 10.3464 10.45556 10.52827 10.56167 10.51028 10.36361 10.13003 9.844436 9.551024 9.252144 8.954514 8.620152 8.200894 7.765415 7.372501 6.927794 6.461205 6.03534 5.610234 5.149189 4.722894
4.373716 4.050862 3.776998 3.600944 3.560433 3.623721 3.764434 3.921773 4.111482 4.324172 4.575377 4.849924 5.099278 5.320268 5.527014 5.730826 5.930083 6.124449 6.303886 6.443026 6.56496 6.678793 6.84072 7.079902 7.353511 7.651586 7.958648 8.294111 8.641931 8.944471 9.189164 9.418429 9.59578 9.734349 9.860878 9.977973 10.04646 10.08499 10.13715 10.22137 10.3505 10.48766 10.57493 10.62177 10.63507 10.56696 10.41939 10.20814 9.918044 9.601214 9.280778 8.960794 8.637507 8.244407 7.796212 7.372592 6.923766 6.437875 5.987085 5.582761 5.178948 4.8866
4.464919 4.0909 3.752424 3.497924 3.371247 3.392985 3.502979 3.633194 3.815421 4.02622 4.281845 4.566617 4.832758 5.085177 5.320456 5.544721 5.765303 5.996774 6.228734 6.426601 6.575029 6.69048 6.835889 7.03446 7.272437 7.543707 7.826894 8.152574 8.519968 8.835675 9.095868 9.345169 9.540593 9.719554 9.881344 10.01956 10.12505 10.20189 10.28001 10.37574 10.48937 10.60948 10.69096 10.72554 10.72264 10.63685 10.47442 10.25901 9.984629 9.646277 9.299276 8.954697 8.615475 8.232441 7.784039 7.33548 6.887857 6.416526 5.950736 5.558829 5.260786 5.116049
4.613077 4.185261 3.784156 3.470762 3.271182 3.203448 3.235007 3.315037 3.481003 3.692735 3.94709 4.231642 4.514841 4.794811 5.064298 5.321737 5.551011 5.794137 6.06521 6.332409 6.523239 6.67527 6.825429 6.984686 7.189351 7.422379 7.668742 7.986113 8.369685 8.694915 8.955246 9.211154 9.422289 9.633049 9.826784 9.988478 10.13202 10.25973 10.37166 10.48202 10.60153 10.72299 10.80847 10.83738 10.82654 10.72741 10.54373 10.30753 10.03294 9.692429 9.318089 8.949509 8.583606 8.196734 7.750014 7.272814 6.81566 6.358257 5.934431 5.595222 5.389136 5.338404
4.816901 4.354861 3.908874 3.539394 3.257593 3.063605 2.987866 3.002583 3.13395 3.328909 3.576389 3.862423 4.150829 4.447535 4.743174 5.031365 5.266129 5.496993 5.779981 6.080214 6.305021 6.502707 6.697365 6.845215 7.025153 7.230536 7.450311 7.754636 8.158255 8.504243 8.756184 9.014434 9.242055 9.475212 9.698256 9.884117 10.05885 10.23398 10.38835 10.52455 10.66826 10.80877 10.91232 10.94562 10.93114 10.83609 10.64809 10.3805 10.07492 9.731441 9.334329 8.940825 8.549308 8.14378 7.686758 7.17833 6.707154 6.263408 5.890207 5.626932 5.525111 5.597714
5.050696 4.543612 4.041129 3.604611 3.242914 2.946068 2.762059 2.705622 2.791736 2.949408 3.156866 3.414157 3.683101 3.967257 4.27278 4.573009 4.818561 5.05004 5.318373 5.596086 5.833162 6.051292 6.248128 6.405735 6.585478 6.813043 7.056574 7.356486 7.764288 8.166862 8.457597 8.73532 8.992249 9.242933 9.492767 9.704903 9.900693 10.11062 10.30464 10.4731 10.64814 10.82065 10.95178 11.00618 10.99588 10.90979 10.74407 10.48338 10.13546 9.76373 9.347825 8.929262 8.512474 8.079406 7.601662 7.08208 6.619627 6.178034 5.817004 5.627663 5.638097 5.796989
5.287866 4.762411 4.218887 3.706646 3.263938 2.89657 2.628499 2.49029 2.506386 2.592912 2.733066 2.932149 3.151342 3.422153 3.708678 3.984111 4.233753 4.468878 4.72783 4.985644 5.205418 5.409403 5.584634 5.728577 5.907708 6.151688 6.44037 6.773789 7.19465 7.648209 8.028129 8.356812 8.668727 8.9498 9.219272 9.465702 9.686148 9.921739 10.15204 10.35116 10.55769 10.76293 10.92522 11.01258 11.02586 10.94685 10.79523 10.57523 10.2211 9.805012 9.361646 8.912766 8.475088 8.020693 7.525049 7.019521 6.563757 6.140313 5.795981 5.680936 5.79584 6.049954
5.541206 5.020389 4.470253 3.917269 3.404201 2.977715 2.651942 2.430372 2.324909 2.306962 2.361785 2.489539 2.635638 2.849973 3.120302 3.38519 3.613496 3.847515 4.100456 4.339227 4.533623 4.701127 4.844017 4.955553 5.081413 5.315072 5.648295 6.039316 6.493681 6.985607 7.465457 7.894739 8.26932 8.605546 8.90648 9.18575 9.440647 9.698549 9.965335 10.20309 10.4379 10.67286 10.86378 10.97929 11.02474 10.95916 10.80994 10.61387 10.30634 9.859733 9.380182 8.897732 8.435876 7.96145 7.449888 6.960639 6.511362 6.112888 5.842806 5.791749 5.988836 6.312485
5.818324 5.313406 4.758275 4.170111 3.623407 3.15437 2.779096 2.480817 2.261784 2.140933 2.111227 2.151894 2.209704 2.340884 2.571914 2.792233 3.012927 3.220546 3.441503 3.662696 3.8435 3.973791 4.078008 4.168351 4.253583 4.414931 4.737403 5.149832 5.629684 6.184595 6.752659 7.294425 7.768198 8.189787 8.550531 8.863733 9.15855 9.448915 9.749237 10.02776 10.28941 10.55448 10.77678 10.91931 10.99535 10.94928 10.80043 10.60132 10.3394 9.913589 9.40006 8.884057 8.393111 7.901662 7.36404 6.879584 6.47002 6.112313 5.882218 5.891435 6.158824 6.542746
6.108791 5.62586 5.068264 4.476337 3.904827 3.383387 2.947578 2.583734 2.305047 2.132367 2.055384 2.025846 2.014549 2.057124 2.17977 2.301914 2.472418 2.632705 2.796373 2.983327 3.156957 3.281783 3.360845 3.46545 3.561023 3.680427 3.941634 4.315244 4.790189 5.342608 5.911191 6.530765 7.136097 7.675685 8.116092 8.481341 8.824286 9.166009 9.501401 9.824377 10.10996 10.40633 10.66352 10.83915 10.94685 10.92365 10.77761 10.56915 10.31112 9.937159 9.413062 8.869047 8.352125 7.850886 7.302236 6.819396 6.452661 6.14817 5.973117 6.052363 6.385204 6.815276
6.40173 5.965737 5.433753 4.841163 4.244282 3.691577 3.217729 2.806076 2.481683 2.259986 2.137297 2.079606 2.051413 2.012136 1.984489 1.976793 2.030404 2.136605 2.233613 2.363485 2.525925 2.655022 2.768462 2.890263 3.027042 3.164931 3.350845 3.685784 4.04682 4.491202 5.068356 5.707011 6.415187 7.064901 7.576308 8.003917 8.439856 8.846242 9.223483 9.582597 9.89967 10.22754 10.52326 10.74019 10.88809 10.89504 10.7543 10.53447 10.26699 9.927396 9.426742 8.860879 8.3232 7.815114 7.291077 6.823167 6.484358 6.240751 6.140671 6.275641 6.613362 7.022252
6.67777 6.28907 5.811606 5.245461 4.63005 4.05357 3.52736 3.082417 2.712248 2.433959 2.275333 2.223855 2.195432 2.102499 1.954942 1.807069 1.739812 1.780308 1.821016 1.885343 2.021414 2.17237 2.328958 2.498389 2.667889 2.803822 2.952602 3.207036 3.482595 3.81833 4.35243 4.956966 5.690428 6.415332 7.013321 7.528633 8.045817 8.514847 8.930926 9.317047 9.670682 10.02699 10.35728 10.62047 10.81992 10.87094 10.75032 10.52141 10.24242 9.906796 9.442143 8.869489 8.316874 7.797157 7.294831 6.878688 6.571373 6.361304 6.28363 6.440839 6.793677 7.192683
6.939889 6.579951 6.135897 5.594097 5.006164 4.418915 3.869105 3.420567 3.022292 2.704163 2.540562 2.483668 2.432678 2.28117 2.061031 1.810084 1.663967 1.635999 1.616104 1.625611 1.738327 1.910003 2.113369 2.342088 2.552008 2.703414 2.853328 3.100127 3.315153 3.55578 4.03296 4.566839 5.248263 5.995545 6.652348 7.226247 7.756413 8.23113 8.667528 9.084835 9.466778 9.837184 10.18326 10.48332 10.73224 10.84077 10.76442 10.5476 10.25982 9.904716 9.471519 8.923363 8.367897 7.845371 7.337591 6.939798 6.688667 6.524859 6.465003 6.62174 6.950454 7.314234
