py_wake/examples/data/AJ_ParqueFicticio/Ridge area   Sector 7   Height 30m   Mean speed.grd
DSAA
90  129
 262878   265103
 6504214   6507414
 .8409476   6.299382
[rows 81 to 107 of 129, columns 0 to 61 of 90]
2.702044 2.589105 2.538666 2.521368 2.541479 2.616243 2.74528 2.929218 3.156419 3.355193 3.50497 3.612869 3.64028 3.601981 3.532743 3.467265 3.424701 3.375786 3.343592 3.326605 3.316011 3.337459 3.351706 3.353302 3.335414 3.313456 3.286765 3.267634 3.258148 3.257248 3.27316 3.325933 3.44331 3.616596 3.823606 4.040889 4.245891 4.438589 4.616199 4.776766 4.89178 4.985513 5.066432 5.101115 5.091951 5.074147 5.03961 4.993845 4.898249 4.751178 4.588039 4.39838 4.197782 3.998518 3.830848 3.714479 3.635889 3.586511 3.57656 3.599372 3.639831 3.689053
3.080688 3.036735 3.036913 3.065788 3.126621 3.212998 3.347519 3.518032 3.685942 3.837084 3.979954 4.092705 4.122013 4.070367 3.99176 3.920036 3.843837 3.791434 3.777038 3.781342 3.758173 3.722858 3.688077 3.673801 3.66613 3.65959 3.640764 3.62399 3.615238 3.604788 3.607073 3.635199 3.721579 3.879589 4.065935 4.2591 4.45528 4.642869 4.821572 4.961536 5.056376 5.140514 5.188806 5.18559 5.164777 5.132424 5.08594 5.034738 4.909246 4.753994 4.576669 4.362374 4.129927 3.268727 3.672334 3.495025 3.337235 3.252847 3.235054 3.260283 3.280805 3.337571
3.420745 3.42427 3.475736 3.549088 3.616057 3.710688 3.829564 3.941193 4.062359 4.197989 4.31427 4.385405 4.427469 4.42416 4.349597 4.246667 4.157198 4.100837 4.083932 4.082909 4.01459 3.938151 3.894439 3.881611 3.896603 3.914123 3.909695 3.906936 3.913259 3.904999 3.894293 3.90993 3.984176 4.126072 4.29425 4.465292 4.650656 4.823495 4.991714 5.102678 5.178082 5.241661 5.268837 5.257182 5.23114 5.189644 5.138613 5.076635 4.943842 4.791687 4.610682 4.385042 4.131975 2.83885 2.795845 2.680887 2.579129 2.563915 2.981048 2.986344 2.99016 3.009994
3.709627 3.753407 3.831595 3.908866 3.97828 4.056931 4.131934 4.211536 4.311697 4.417985 4.487121 4.509211 4.500355 4.478384 4.417359 4.327353 4.238959 4.169562 4.126523 4.100197 4.055612 4.002218 3.966161 3.954729 3.977588 4.023868 4.059573 4.088024 4.122626 4.13678 4.144448 4.182415 4.260251 4.377689 4.5238 4.679885 4.836355 4.987149 5.121188 5.205548 5.268176 5.308949 5.320981 5.306815 5.277411 5.235768 5.184937 5.101754 4.973841 4.837502 4.669373 4.464596 4.224355 2.650537 2.71173 2.532429 2.465891 2.509189 2.527914 2.524762 2.513096 2.504907
3.949236 4.007539 4.083628 4.160366 4.234622 4.284228 4.32503 4.386457 4.46512 4.530516 4.552513 4.520167 4.439952 4.336493 4.272481 4.193377 4.10267 4.018246 3.94661 3.896898 3.877031 3.857697 3.848107 3.861925 3.910512 3.994425 4.085374 4.168634 4.250952 4.307693 4.371612 4.448754 4.532022 4.629662 4.759532 4.895463 5.0029 5.118588 5.213707 5.274271 5.320821 5.345669 5.343106 5.333945 5.306649 5.266652 5.20455 5.114634 5.00481 4.888721 4.741091 4.566062 4.351553 2.469076 2.710818 2.534812 2.389665 2.356428 2.382484 2.382102 2.357774 2.330616
4.126192 4.17919 4.248801 4.323281 4.387664 4.41259 4.422843 4.446003 4.484786 4.511435 4.487194 4.407136 4.285919 4.150938 4.025162 3.943197 3.864003 3.774044 3.697217 3.651947 3.632049 3.627886 3.64764 3.706075 3.79279 3.908498 4.046998 4.186008 4.321854 4.435395 4.550573 4.667873 4.759193 4.854742 4.966615 5.051803 5.1306 5.216102 5.277726 5.316686 5.338506 5.335132 5.309703 5.278883 5.251034 5.208087 5.151842 5.088478 5.01755 4.925926 4.803927 4.662166 4.475811 2.29348 2.693011 2.639557 2.498311 2.377928 2.313348 2.300401 2.27909 2.243335
4.227925 4.268727 4.320628 4.375926 4.412374 4.405623 4.38269 4.367929 4.36527 4.355107 4.307606 4.214467 4.08146 3.927016 3.768137 3.636734 3.565974 3.509645 3.459002 3.415742 3.406296 3.41667 3.462944 3.5582 3.675296 3.816699 3.999212 4.182224 4.359134 4.520504 4.667767 4.800025 4.914022 5.02585 5.106292 5.166029 5.227495 5.287223 5.321251 5.336674 5.324281 5.284532 5.227402 5.166608 5.127481 5.092106 5.057939 5.023299 4.988124 4.927365 4.836288 4.724083 4.574794 2.678208 2.569744 2.722403 2.686788 2.59144 2.478837 2.390325 2.345859 2.299203
4.249061 4.271743 4.304654 4.334165 4.336216 4.304864 4.259617 4.216626 4.180561 4.131195 4.060318 3.957463 3.820572 3.657433 3.491893 3.355895 3.26125 3.221796 3.20563 3.196885 3.211879 3.252221 3.321656 3.44709 3.600207 3.769665 3.974062 4.18071 4.385451 4.571983 4.743717 4.893666 5.021554 5.126759 5.191835 5.242205 5.28992 5.328921 5.343026 5.329578 5.281475 5.216952 5.141417 5.066525 5.017388 4.978335 4.947464 4.919481 4.896578 4.866692 4.814579 4.738032 4.636458 3.68849 2.339979 2.668217 2.785513 2.802477 2.747272 2.654627 2.563815 2.486425
4.218059 4.222342 4.238163 4.243786 4.209148 4.145912 4.077537 4.013174 3.953892 3.883437 3.793587 3.677457 3.527588 3.376226 3.231719 3.098967 2.991585 2.963158 2.965974 2.997969 3.042384 3.115625 3.212847 3.363596 3.550788 3.748801 3.963096 4.190656 4.429255 4.636788 4.818096 4.973624 5.104194 5.195966 5.248851 5.292475 5.328748 5.349557 5.342131 5.29636 5.218492 5.12806 5.027825 4.928659 4.851527 4.797719 4.772218 4.757734 4.759435 4.752476 4.743178 4.715045 4.663519 4.587007 2.64465 2.458172 2.741111 2.892064 2.948678 2.926262 2.858381 2.765242
4.144692 4.130585 4.138439 4.124741 4.056602 3.961117 3.863646 3.783751 3.716026 3.644917 3.550797 3.439198 3.292438 3.139256 3.014194 2.911885 2.826617 2.791589 2.802615 2.836882 2.901355 3.001396 3.120761 3.292699 3.512607 3.741244 3.987559 4.243748 4.491227 4.699386 4.881722 5.038588 5.166096 5.241975 5.282002 5.313917 5.3384 5.34277 5.310986 5.23898 5.113383 4.977425 4.853982 4.750182 4.661 4.595477 4.567057 4.56523 4.583569 4.602553 4.625203 4.64569 4.640072 4.600622 3.43031 2.301894 2.517779 2.831706 3.022516 3.095409 3.092044 3.035203
3.998396 3.97131 3.962068 3.935751 3.857089 3.746871 3.639335 3.557676 3.494566 3.445284 3.384489 3.288681 3.153027 3.01086 2.907253 2.848541 2.800976 2.769894 2.774618 2.79826 2.868289 2.994563 3.120854 3.312422 3.553784 3.802045 4.064574 4.326184 4.56007 4.747815 4.914397 5.052929 5.160137 5.219861 5.245609 5.259882 5.262558 5.242703 5.192479 5.086297 4.947462 4.806875 4.680251 4.563707 4.455463 4.380992 4.348553 4.345272 4.362398 4.408268 4.459028 4.508752 4.528974 4.450722 3.961629 2.584205 2.136183 2.570822 2.928177 3.139936 3.245114 3.259753
3.759864 3.731512 3.70515 3.65817 3.584153 3.48362 3.379218 3.310193 3.286936 3.277833 3.252088 3.193804 3.111031 3.01798 2.964677 2.930131 2.891492 2.881166 2.900534 2.916176 2.989814 3.13534 3.290124 3.490813 3.71791 3.968953 4.206482 4.439803 4.638378 4.788411 4.922893 5.024418 5.095064 5.133737 5.146931 5.145042 5.121719 5.070563 4.99462 4.878931 4.747555 4.607018 4.476525 4.3479 4.224277 4.146549 4.114655 4.11797 4.142588 4.187749 4.237958 4.288378 4.259129 4.085298 3.727216 2.842776 2.273558 2.107788 2.626008 3.021054 3.293358 3.432455
3.483704 3.458261 3.429559 3.386391 3.306833 3.205724 3.12291 3.086153 3.094387 3.132923 3.159712 3.158631 3.143473 3.114138 3.096864 3.078088 3.050712 3.057492 3.089618 3.132349 3.219343 3.374601 3.554582 3.750863 3.971167 4.193322 4.392914 4.576405 4.719846 4.832292 4.932121 4.997314 5.032133 5.041965 5.033067 5.013557 4.963398 4.890322 4.792332 4.664207 4.524626 4.390907 4.24892 4.110786 3.982621 3.895082 3.858228 3.871824 3.902687 3.943167 3.990644 4.004857 3.888336 3.693365 3.429579 3.038783 2.47471 2.131322 2.074451 2.684623 3.171464 3.491052
3.2405 3.206524 3.20054 3.17419 3.111514 3.01916 2.923656 2.9032 2.966613 3.042007 3.108967 3.180938 3.211206 3.221627 3.242789 3.250845 3.255955 3.279655 3.314088 3.376924 3.476184 3.646533 3.822287 4.011359 4.21032 4.385331 4.547166 4.687529 4.783469 4.864011 4.932837 4.970149 4.97315 4.946911 4.906373 4.858675 4.782747 4.694336 4.583756 4.463884 4.328664 4.181992 4.035653 3.884969 3.740098 3.643708 3.605249 3.610538 3.638115 3.681217 3.736459 3.639611 3.493882 3.316677 3.112601 2.903787 2.691028 2.404028 2.169128 2.071034 2.688714 3.314698
3.043652 3.012416 3.020494 3.026775 2.991243 2.916139 2.859917 2.865423 2.959794 3.062322 3.168001 3.272108 3.3335 3.375153 3.420074 3.454038 3.484776 3.515439 3.558168 3.610871 3.727571 3.886518 4.072615 4.254073 4.415107 4.548771 4.673125 4.764741 4.820084 4.865957 4.897465 4.905028 4.887086 4.840949 4.782062 4.711223 4.6259 4.530428 4.429789 4.303111 4.158545 4.014993 3.860008 3.683499 3.508688 3.398227 3.354011 3.358862 3.391311 3.436172 3.349882 3.247531 3.123672 2.967828 2.821507 2.691598 2.627572 2.629312 2.666835 2.560918 2.334923 2.361901
2.870699 2.863526 2.889368 2.929074 2.921298 2.897773 2.888283 2.924069 3.041831 3.178019 3.302755 3.415953 3.501392 3.570772 3.626384 3.669311 3.708852 3.753167 3.797732 3.86341 3.993423 4.149515 4.316126 4.472692 4.595944 4.702192 4.78281 4.820165 4.838238 4.84714 4.83997 4.815307 4.777035 4.716114 4.645084 4.560816 4.467243 4.378734 4.28333 4.163616 4.021201 3.870382 3.697687 3.449871 3.150662 3.117388 3.107854 3.119087 3.031923 2.928212 2.855828 2.816462 2.755585 2.649039 2.549143 2.473713 2.448493 2.492735 2.643635 2.852161 3.063377 3.20815
2.752404 2.767536 2.821946 2.87823 2.905762 2.923338 2.945883 3.017964 3.160729 3.317683 3.462922 3.5831 3.67675 3.754876 3.814839 3.866333 3.915056 3.971733 4.058667 4.15254 4.268256 4.404012 4.544797 4.651854 4.733345 4.810289 4.851696 4.854697 4.842031 4.813588 4.764934 4.705541 4.638216 4.561135 4.480093 4.386246 4.289604 4.218005 4.139361 4.037044 3.897036 3.731775 3.408556 2.766783 2.002018 1.509036 2.426156 1.305988 1.916115 2.151299 2.281959 2.3728 2.376499 2.329733 2.278294 2.249294 2.257482 2.287404 2.428611 2.681864 2.94594 3.189641
2.747077 2.765264 2.828503 2.88482 2.93407 2.976492 3.021569 3.130497 3.282508 3.439642 3.590466 3.725015 3.837214 3.930051 4.010427 4.081463 4.141976 4.209743 4.286039 4.370412 4.473027 4.579407 4.679625 4.744212 4.792354 4.836079 4.850884 4.835032 4.804924 4.752711 4.677238 4.593395 4.501953 4.406091 4.306516 4.199438 4.112288 4.05055 3.990958 3.904471 3.787183 3.615326 3.116386 2.293475 .8409476 3.687115 3.151978 3.026591 2.830002 1.490236 1.627258 1.902825 1.985288 1.999246 2.001936 2.018589 2.059919 2.116287 2.226376 2.476129 2.767706 3.041717
2.835356 2.87104 2.931738 2.979385 3.037393 3.087907 3.145177 3.26567 3.427406 3.593687 3.748118 3.884145 3.998413 4.0901 4.163933 4.229557 4.286719 4.343699 4.39967 4.461524 4.533371 4.608492 4.675199 4.717231 4.744767 4.767103 4.772216 4.754447 4.723209 4.664468 4.576807 4.475037 4.363221 4.244505 4.125708 4.008319 3.931601 3.881444 3.838605 3.78106 3.70546 3.535695 3.022462 2.150501 1.235649 3.874562 3.171407 2.864954 2.837115 2.917675 2.082421 1.494296 1.529016 1.641807 1.709509 1.785976 1.871589 1.963915 2.083402 2.28315 2.556367 2.833322
1.70141E+38 1.70141E+38 1.70141E+38 1.70141E+38 1.70141E+38 1.70141E+38 1.70141E+38 1.70141E+38 1.70141E+38 1.70141E+38 1.70141E+38 1.70141E+38 1.70141E+38 1.70141E+38 1.70141E+38 1.70141E+38 1.70141E+38 1.70141E+38 1.70141E+38 1.70141E+38 1.70141E+38 1.70141E+38 1.70141E+38 1.70141E+38 1.70141E+38 1.70141E+38 1.70141E+38 1.70141E+38 1.70141E+38 1.70141E+38 1.70141E+38 1.70141E+38 1.70141E+38 1.70141E+38 1.70141E+38 1.70141E+38 1.70141E+38 1.70141E+38 1.70141E+38 1.70141E+38 1.70141E+38 1.70141E+38 1.70141E+38 1.70141E+38 1.70141E+38 1.70141E+38 1.70141E+38 1.70141E+38 1.70141E+38 1.70141E+38 1.70141E+38 1.70141E+38 1.70141E+38 1.70141E+38 1.70141E+38 1.70141E+38 1.70141E+38 1.70141E+38 1.70141E+38 1.70141E+38 1.70141E+38 1.70141E+38
1.70141E+38 1.70141E+38 1.70141E+38 1.70141E+38 1.70141E+38 1.70141E+38 1.70141E+38 1.70141E+38 1.70141E+38 1.70141E+38 1.70141E+38 1.70141E+38 1.70141E+38 1.70141E+38 1.70141E+38 1.70141E+38 1.70141E+38 1.70141E+38 1.70141E+38 1.70141E+38 1.70141E+38 1.70141E+38 1.70141E+38 1.70141E+38 1.70141E+38 1.70141E+38 1.70141E+38 1.70141E+38 1.70141E+38 1.70141E+38 1.70141E+38 1.70141E+38 1.70141E+38 1.70141E+38 1.70141E+38 1.70141E+38 1.70141E+38 1.70141E+38 1.70141E+38 1.70141E+38 1.70141E+38 1.70141E+38 1.70141E+38 1.70141E+38 1.70141E+38 1.70141E+38 1.70141E+38 1.70141E+38 1.70141E+38 1.70141E+38 1.70141E+38 1.70141E+38 1.70141E+38 1.70141E+38 1.70141E+38 1.70141E+38 1.70141E+38 1.70141E+38 1.70141E+38 1.70141E+38 1.70141E+38 1.70141E+38
1.70141E+38 1.70141E+38 1.70141E+38 1.70141E+38 1.70141E+38 1.70141E+38 1.70141E+38 1.70141E+38 1.70141E+38 1.70141E+38 1.70141E+38 1.70141E+38 1.70141E+38 1.70141E+38 1.70141E+38 1.70141E+38 1.70141E+38 1.70141E+38 1.70141E+38 1.70141E+38 1.70141E+38 1.70141E+38 1.70141E+38 1.70141E+38 1.70141E+38 1.70141E+38 1.70141E+38 1.70141E+38 1.70141E+38 1.70141E+38 1.70141E+38 1.70141E+38 1.70141E+38 1.70141E+38 1.70141E+38 1.70141E+38 1.70141E+38 1.70141E+38 1.70141E+38 1.70141E+38 1.70141E+38 1.70141E+38 1.70141E+38 1.70141E+38 1.70141E+38 1.70141E+38 1.70141E+38 1.70141E+38 1.70141E+38 1.70141E+38 1.70141E+38 1.70141E+38 1.70141E+38 1.70141E+38 1.70141E+38 1.70141E+38 1.70141E+38 1.70141E+38 1.70141E+38 1.70141E+38 1.70141E+38 1.70141E+38
1.70141E+38 1.70141E+38 1.70141E+38 1.70141E+38 1.70141E+38 1.70141E+38 1.70141E+38 1.70141E+38 1.70141E+38 1.70141E+38 1.70141E+38 1.70141E+38 1.70141E+38 1.70141E+38 1.70141E+38 1.70141E+38 1.70141E+38 1.70141E+38 1.70141E+38 1.70141E+38 1.70141E+38 1.70141E+38 1.70141E+38 1.70141E+38 1.70141E+38 1.70141E+38 1.70141E+38 1.70141E+38 1.70141E+38 1.70141E+38 1.70141E+38 1.70141E+38 1.70141E+38 1.70141E+38 1.70141E+38 1.70141E+38 1.70141E+38 1.70141E+38 1.70141E+38 1.70141E+38 1.70141E+38 1.70141E+38 1.70141E+38 1.70141E+38 1.70141E+38 1.70141E+38 1.70141E+38 1.70141E+38 1.70141E+38 1.70141E+38 1.70141E+38 1.70141E+38 1.70141E+38 1.70141E+38 1.70141E+38 1.70141E+38 1.70141E+38 1.70141E+38 1.70141E+38 1.70141E+38 1.70141E+38 1.70141E+38
1.70141E+38 1.70141E+38 1.70141E+38 1.70141E+38 1.70141E+38 1.70141E+38 1.70141E+38 1.70141E+38 1.70141E+38 1.70141E+38 1.70141E+38 1.70141E+38 1.70141E+38 1.70141E+38 1.70141E+38 1.70141E+38 1.70141E+38 1.70141E+38 1.70141E+38 1.70141E+38 1.70141E+38 1.70141E+38 1.70141E+38 1.70141E+38 1.70141E+38 1.70141E+38 1.70141E+38 1.70141E+38 1.70141E+38 1.70141E+38 1.70141E+38 1.70141E+38 1.70141E+38 1.70141E+38 1.70141E+38 1.70141E+38 1.70141E+38 1.70141E+38 1.70141E+38 1.70141E+38 1.70141E+38 1.70141E+38 1.70141E+38 1.70141E+38 1.70141E+38 1.70141E+38 1.70141E+38 1.70141E+38 1.70141E+38 1.70141E+38 1.70141E+38 1.70141E+38 1.70141E+38 1.70141E+38 1.70141E+38 1.70141E+38 1.70141E+38 1.70141E+38 1.70141E+38 1.70141E+38 1.70141E+38 1.70141E+38
1.70141E+38 1.70141E+38 1.70141E+38 1.70141E+38 1.70141E+38 1.70141E+38 1.70141E+38 1.70141E+38 1.70141E+38 1.70141E+38 1.70141E+38 1.70141E+38 1.70141E+38 1.70141E+38 1.70141E+38 1.70141E+38 1.70141E+38 1.70141E+38 1.70141E+38 1.70141E+38 1.70141E+38 1.70141E+38 1.70141E+38 1.70141E+38 1.70141E+38 1.70141E+38 1.70141E+38 1.70141E+38 1.70141E+38 1.70141E+38 1.70141E+38 1.70141E+38 1.70141E+38 1.70141E+38 1.70141E+38 1.70141E+38 1.70141E+38 1.70141E+38 1.70141E+38 1.70141E+38 1.70141E+38 1.70141E+38 1.70141E+38 1.70141E+38 1.70141E+38 1.70141E+38 1.70141E+38 1.70141E+38 1.70141E+38 1.70141E+38 1.70141E+38 1.70141E+38 1.70141E+38 1.70141E+38 1.70141E+38 1.70141E+38 1.70141E+38 1.70141E+38 1.70141E+38 1.70141E+38 1.70141E+38 1.70141E+38
1.70141E+38 1.70141E+38 1.70141E+38 1.70141E+38 1.70141E+38 1.70141E+38 1.70141E+38 1.70141E+38 1.70141E+38 1.70141E+38 1.70141E+38 1.70141E+38 1.70141E+38 1.70141E+38 1.70141E+38 1.70141E+38 1.70141E+38 1.70141E+38 1.70141E+38 1.70141E+38 1.70141E+38 1.70141E+38 1.70141E+38 1.70141E+38 1.70141E+38 1.70141E+38 1.70141E+38 1.70141E+38 1.70141E+38 1.70141E+38 1.70141E+38 1.70141E+38 1.70141E+38 1.70141E+38 1.70141E+38 1.70141E+38 1.70141E+38 1.70141E+38 1.70141E+38 1.70141E+38 1.70141E+38 1.70141E+38 1.70141E+38 1.70141E+38 1.70141E+38 1.70141E+38 1.70141E+38 1.70141E+38 1.70141E+38 1.70141E+38 1.70141E+38 1.70141E+38 1.70141E+38 1.70141E+38 1.70141E+38 1.70141E+38 1.70141E+38 1.70141E+38 1.70141E+38 1.70141E+38 1.70141E+38 1.70141E+38
1.70141E+38 1.70141E+38 1.70141E+38 1.70141E+38 1.70141E+38 1.70141E+38 1.70141E+38 1.70141E+38 1.70141E+38 1.70141E+38 1.70141E+38 1.70141E+38 1.70141E+38 1.70141E+38 1.70141E+38 1.70141E+38 1.70141E+38 1.70141E+38 1.70141E+38 1.70141E+38 1.70141E+38 1.70141E+38 1.70141E+38 1.70141E+38 1.70141E+38 1.70141E+38 1.70141E+38 1.70141E+38 1.70141E+38 1.70141E+38 1.70141E+38 1.70141E+38 1.70141E+38 1.70141E+38 1.70141E+38 1.70141E+38 1.70141E+38 1.70141E+38 1.70141E+38 1.70141E+38 1.70141E+38 1.70141E+38 1.70141E+38 1.70141E+38 1.70141E+38 1.70141E+38 1.70141E+38 1.70141E+38 1.70141E+38 1.70141E+38 1.70141E+38 1.70141E+38 1.70141E+38 1.70141E+38 1.70141E+38 1.70141E+38 1.70141E+38 1.70141E+38 1.70141E+38 1.70141E+38 1.70141E+38 1.70141E+38
