py_wake/examples/data/AJ_ParqueFicticio/Ridge area   Sector 9   Height 30m   Orographic turn.grd
DSAA
90  129
 262878   265103
 6504214   6507414
-179.9595   179.9429
[rows 54 to 80 of 129, columns 0 to 60 of 90]
2.694778 2.086329 1.269692 .2032825 -.9920314 -2.081641 -2.998406 -3.640547 -3.955812 -3.855684 -3.168029 -2.28898 -1.733343 -1.592918 -1.609272 -1.658041 -1.555103 -1.178008 -.685241 -.03496575 .8234288 1.691832 2.517094 3.305363 3.951312 4.430203 4.834176 5.186887 5.516943 5.823252 6.141657 6.406059 6.640116 6.886902 7.138449 7.392173 7.648586 7.918812 8.26979 8.711086 9.122986 9.442823 9.676012 9.861925 9.740886 9.58353 9.329198 8.841049 8.234237 7.511167 6.815769 6.230722 5.526083 4.070252 1.111539 -2.625437 -5.764577 -7.734084 -8.407603 -7.77631 -6.356305
2.643783 2.123348 1.37684 .364274 -.829549 -1.910752 -2.838265 -3.525118 -3.893545 -3.853401 -3.284999 -2.469866 -1.986424 -1.913283 -1.992812 -2.096866 -2.101533 -1.922233 -1.581316 -.9889765 -.1430245 .7179293 1.570083 2.410355 3.109201 3.599395 3.96519 4.295341 4.598114 4.893561 5.231596 5.531579 5.785872 6.073485 6.353254 6.599011 6.832307 7.076443 7.433401 7.890347 8.337311 8.712006 9.014953 9.226406 9.236344 9.262387 9.112068 8.694426 8.147188 7.529934 6.855653 6.245498 5.574228 4.461794 2.446554 -.3633737 -2.895911 -4.620915 -5.528997 -5.501505 -5.017423
2.388818 1.92995 1.255741 .3270009 -.756686 -1.832955 -2.77955 -3.516001 -3.956427 -4.001853 -3.560643 -2.863304 -2.382343 -2.361034 -2.490709 -2.641066 -2.710782 -2.640689 -2.439117 -1.94259 -1.151445 -.3484654 .4484817 1.265316 1.967169 2.460102 2.829922 3.145104 3.463191 3.795851 4.150159 4.489851 4.792002 5.084927 5.350851 5.579691 5.836545 6.125498 6.510209 6.982146 7.459677 7.90263 8.277216 8.507424 8.742156 8.858898 8.788864 8.47361 7.983969 7.419474 6.814996 6.237536 5.614611 4.707449 3.192557 1.055204 -.9671092 -2.500729 -3.587195 -4.092441 -4.209588
1.928262 1.595931 1.025361 .1982753 -.7973701 -1.86561 -2.805556 -3.579915 -4.103726 -4.284958 -4.008952 -3.457141 -2.963467 -2.971713 -3.14392 -3.317776 -3.43214 -3.42586 -3.339105 -2.960461 -2.271528 -1.546596 -.8226345 -.04263894 .6515562 1.161963 1.541796 1.858208 2.183504 2.544995 2.934333 3.31807 3.646425 3.907883 4.155302 4.407489 4.689562 5.041119 5.453598 5.926126 6.440815 6.968307 7.409452 7.765915 8.201046 8.377563 8.38724 8.168402 7.756446 7.201395 6.625086 6.076055 5.528271 4.801057 3.675393 2.045885 .2981119 -1.136407 -2.313649 -3.051867 -3.44173
1.403364 1.199701 .7506081 .02406683 -.9210842 -1.953277 -2.910403 -3.742897 -4.334422 -4.629904 -4.498433 -4.089942 -3.658391 -3.589172 -3.727613 -3.893332 -4.066451 -4.180944 -4.230465 -3.97037 -3.379795 -2.759962 -2.109545 -1.385461 -.7350348 -.2195979 .1602839 .4779055 .8023483 1.181152 1.600934 2.014068 2.344076 2.599773 2.873218 3.147199 3.440274 3.808109 4.22833 4.717568 5.326461 5.939228 6.479095 7.031862 7.591755 7.832962 7.908134 7.783993 7.455376 6.94811 6.373317 5.830053 5.327556 4.744488 3.925069 2.75783 1.298256 -.1088923 -1.294037 -2.257659 -2.991893
.7257107 .6463388 .2966351 -.3639737 -1.27406 -2.258947 -3.192566 -4.024556 -4.679046 -5.095568 -5.100999 -4.812168 -4.480323 -4.350434 -4.445513 -4.569901 -4.727655 -4.891067 -4.983071 -4.844172 -4.385024 -3.91537 -3.36516 -2.694526 -2.105961 -1.613966 -1.239333 -.9132619 -.5772011 -.1971611 .2285883 .6626976 .9980492 1.269291 1.561859 1.863024 2.184743 2.598619 3.067981 3.622472 4.305641 4.974026 5.655773 6.320223 6.93883 7.208067 7.321358 7.327251 7.145676 6.728866 6.188898 5.632646 5.123036 4.607013 3.986471 3.142474 2.065681 .8220622 -.5012873 -1.719113 -2.88082
-.09618399 -.08731637 -.3374263 -.9285643 -1.797073 -2.753114 -3.681133 -4.511142 -5.193069 -5.695351 -5.812912 -5.627697 -5.367918 -5.22054 -5.262815 -5.349292 -5.491104 -5.658734 -5.764793 -5.705369 -5.342941 -4.964506 -4.526581 -3.910249 -3.359583 -2.920588 -2.565874 -2.240682 -1.886551 -1.507562 -1.07912 -.6181859 -.2392409 .08194859 .4070303 .7531194 1.140754 1.608043 2.159396 2.798135 3.548615 4.277238 5.028179 5.704253 6.330915 6.595847 6.769602 6.88988 6.855561 6.628666 6.156991 5.603961 5.058996 4.539716 4.003947 3.363425 2.521495 1.468051 .1360851 -1.433751 -2.973235
-1.032632 -.9310842 -1.045618 -1.529725 -2.323151 -3.233088 -4.135802 -4.965632 -5.676943 -6.24948 -6.515802 -6.499442 -6.306206 -6.126132 -6.090704 -6.158531 -6.272745 -6.431393 -6.541833 -6.515765 -6.293863 -5.983652 -5.617023 -5.055273 -4.525773 -4.126237 -3.791866 -3.449214 -3.050468 -2.653141 -2.191566 -1.696421 -1.237153 -.8428867 -.4696629 -.07143347 .3722358 .9083045 1.535121 2.243028 3.049381 3.847318 4.616539 5.316916 5.947148 6.294107 6.563899 6.754393 6.801342 6.718005 6.33948 5.785719 5.187225 4.638432 4.1212 3.565991 2.84999 1.882522 .5398901 -1.254095 -3.232207
-1.983739 -1.814642 -1.852553 -2.299521 -3.044579 -3.909055 -4.767919 -5.564958 -6.254879 -6.816698 -7.122777 -7.183205 -7.097678 -6.952061 -6.821477 -6.892988 -7.013121 -7.166815 -7.234632 -7.200885 -7.125636 -6.919317 -6.617273 -6.085306 -5.596392 -5.205922 -4.857183 -4.478957 -4.039407 -3.570844 -3.059922 -2.510644 -1.999249 -1.525024 -1.078339 -.6334718 -.1307105 .4691815 1.147484 1.919322 2.771282 3.610569 4.389549 5.15881 5.807168 6.279986 6.600958 6.813122 6.905304 6.885105 6.632872 6.111598 5.484695 4.910474 4.405403 3.884445 3.24004 2.345718 1.031926 -.9161817 -3.354609
-2.792004 -2.585331 -2.514173 -2.840228 -3.473177 -4.254747 -5.071363 -5.861166 -6.566826 -7.14503 -7.537233 -7.735024 -7.720805 -7.593139 -7.405599 -7.404597 -7.544595 -7.694592 -7.765685 -7.720031 -7.683093 -7.602319 -7.318488 -6.841973 -6.357449 -5.981132 -5.629431 -5.215998 -4.726437 -4.227839 -3.661529 -3.081075 -2.538914 -1.991627 -1.474032 -.9903665 -.4378508 .2134022 .9406512 1.770124 2.669335 3.529231 4.32942 5.150307 5.885302 6.441557 6.759389 6.955546 7.05593 7.060789 6.91828 6.502108 5.891205 5.31094 4.82396 4.355372 3.762711 2.986613 1.775547 -.1812918 -2.889293
-3.342463 -3.089732 -2.878253 -3.075026 -3.607711 -4.289744 -5.037641 -5.79671 -6.506447 -7.109969 -7.569067 -7.865629 -7.953264 -7.85767 -7.622912 -7.553459 -7.749071 -7.922548 -7.960307 -7.785474 -7.780497 -7.812717 -7.632346 -7.150472 -6.656637 -6.376389 -6.066889 -5.618162 -5.123269 -4.62102 -4.01155 -3.418668 -2.855051 -2.255167 -1.677028 -1.145278 -.5533997 .1338135 .9017005 1.775961 2.727074 3.61775 4.449226 5.284117 6.128812 6.725228 7.031432 7.187852 7.263239 7.265249 7.186461 6.896983 6.358189 5.805627 5.348239 4.971467 4.433103 3.812003 2.792509 1.088896 -1.401662
-3.580455 -3.322276 -3.013269 -3.074157 -3.532106 -4.137606 -4.828606 -5.562768 -6.273993 -6.883565 -7.375959 -7.744234 -7.922883 -7.868838 -7.612776 -7.481526 -7.596777 -7.737639 -7.764439 -7.581939 -7.580033 -7.638359 -7.507914 -7.078325 -6.684263 -6.440474 -6.149898 -5.704859 -5.237193 -4.715796 -4.087608 -3.486169 -2.90413 -2.275251 -1.642879 -1.054486 -.4326788 .2713346 1.071819 1.974826 2.965835 3.909218 4.757695 5.581425 6.436014 7.085173 7.374454 7.48397 7.514726 7.499753 7.437201 7.278341 6.849494 6.375505 5.976422 5.710227 5.277412 4.82858 4.084026 2.835608 1.013228
-3.553716 -3.304296 -3.012707 -2.927581 -3.266281 -3.773946 -4.377148 -5.061008 -5.761516 -6.383757 -6.907055 -7.333209 -7.593805 -7.590864 -7.333726 -7.103301 -7.171201 -7.28288 -7.318975 -7.182626 -7.165952 -7.170164 -7.066603 -6.768406 -6.446185 -6.199418 -5.906838 -5.506735 -5.065783 -4.545108 -3.900532 -3.284799 -2.695984 -2.055057 -1.364396 -.7085359 -.0600284 .642006 1.450078 2.363603 3.340484 4.313055 5.162677 5.964668 6.717133 7.3963 7.704504 7.806524 7.794573 7.759035 7.698885 7.634837 7.344302 6.99394 6.688992 6.534576 6.296134 6.056426 5.636961 4.909205 3.93204
-3.3345 -3.075619 -2.841892 -2.723335 -2.910068 -3.281055 -3.75868 -4.342839 -5.000304 -5.62538 -6.171198 -6.646585 -6.986565 -7.034867 -6.834475 -6.485449 -6.462957 -6.575335 -6.644642 -6.525787 -6.447481 -6.461843 -6.401236 -6.161573 -5.886179 -5.674063 -5.417171 -5.035547 -4.646574 -4.161638 -3.494812 -2.854516 -2.280747 -1.665429 -.939034 -.2229137 .4405374 1.122172 1.903593 2.806428 3.744962 4.694184 5.556776 6.307498 6.952696 7.569363 7.956854 8.093663 8.061166 8.007549 7.955374 7.947275 7.794589 7.585224 7.40148 7.359217 7.392466 7.426471 7.40706 7.257386 7.151273
-2.951295 -2.661218 -2.424489 -2.301102 -2.395583 -2.654072 -3.026153 -3.537623 -4.150375 -4.779531 -5.349658 -5.866961 -6.259409 -6.332938 -6.169655 -5.826264 -5.65234 -5.704126 -5.77677 -5.703857 -5.567064 -5.557975 -5.526572 -5.337027 -5.074469 -4.871964 -4.639246 -4.293616 -3.928433 -3.460236 -2.822374 -2.151664 -1.588212 -1.032842 -.3618262 .3682171 1.01944 1.66286 2.386124 3.234235 4.119804 5.002445 5.8621 6.571306 7.130161 7.640547 8.069871 8.274981 8.264913 8.201741 8.169267 8.209332 8.191532 8.135069 8.102715 8.189674 8.56904 8.911326 9.2972 9.69445 10.3821
-2.436744 -2.097219 -1.795421 -1.613586 -1.589025 -1.691439 -1.914493 -2.338985 -2.94618 -3.646744 -4.32187 -4.937748 -5.406931 -5.562294 -5.44153 -5.115604 -4.839148 -4.780109 -4.774256 -4.71359 -4.576289 -4.494973 -4.442115 -4.299263 -4.069179 -3.833728 -3.595526 -3.308893 -2.96108 -2.491829 -1.910078 -1.25109 -.6854661 -.1847809 .3805729 1.039553 1.626807 2.186948 2.818783 3.576926 4.402094 5.212023 6.014811 6.734966 7.21289 7.608361 8.004558 8.25719 8.333732 8.281334 8.284837 8.392782 8.542205 8.684506 8.865955 9.181051 10.00878 10.75634 11.64323 12.69233 14.1914
-1.835314 -1.421577 -1.01631 -.7334185 -.6208162 -.6058627 -.6937352 -.9876903 -1.532259 -2.242124 -3.001814 -3.731397 -4.342381 -4.636608 -4.609599 -4.351808 -4.038463 -3.886961 -3.787648 -3.66618 -3.525872 -3.387131 -3.288971 -3.149364 -2.929938 -2.688079 -2.429274 -2.162289 -1.815018 -1.353309 -.7940698 -.1494022 .4410644 .9309373 1.412013 1.961771 2.476771 2.934227 3.443865 4.045109 4.702177 5.380934 6.038231 6.722228 7.14963 7.429755 7.729107 8.021022 8.186756 8.217436 8.284236 8.488823 8.850268 9.254752 9.71798 10.41371 11.69351 13.01052 14.70568 16.74335 19.08558
-1.156195 -.6922987 -.1995942 .1804133 .37642 .4780672 .4905314 .3447715 -.001098702 -.5250314 -1.182383 -1.888582 -2.584705 -3.096322 -3.31555 -3.258475 -3.051481 -2.876601 -2.735653 -2.580232 -2.432791 -2.258428 -2.110319 -1.947815 -1.706965 -1.441803 -1.149303 -.8688631 -.5137842 -.05315693 .5090383 1.156862 1.802719 2.352984 2.860596 3.393707 3.878722 4.320436 4.806157 5.147393 5.36937 5.728152 6.152859 6.607569 7.022409 7.141214 7.328039 7.582777 7.800767 7.959088 8.141793 8.523297 9.148569 9.859582 10.68139 11.92593 13.76896 15.97431 18.76071 21.9846 25.32027
-.3671933 .1384277 .6947072 1.176442 1.469669 1.644266 1.751728 1.75738 1.64826 1.391713 .9955475 .4968546 -.08436352 -.6833231 -1.19816 -1.425742 -1.428452 -1.35038 -1.251067 -1.119706 -1.021631 -.9111274 -.7540857 -.5606022 -.2972604 -.005849056 .311202 .6359791 1.027247 1.521657 2.103605 2.765605 3.481986 4.133989 4.768229 5.339137 5.711866 6.070794 6.460125 6.548398 6.304446 6.217546 6.341671 6.483054 6.828687 6.798721 6.909414 7.122477 7.429693 7.785727 8.197027 8.826486 9.692952 10.69132 11.99339 13.96639 16.64743 20.09241 24.19074 28.75527 33.16109
.6290464 1.188169 1.788981 2.393599 2.773849 3.008979 3.199319 3.368074 3.469123 3.421709 3.215221 2.946391 2.60117 2.189687 1.744062 1.324151 1.154679 1.056551 1.090822 1.13291 1.098493 1.134867 1.247873 1.425171 1.704381 1.993601 2.29444 2.632765 3.0342 3.561934 4.12794 4.832709 5.523443 6.156799 6.823811 7.286981 7.48291 7.595888 7.516824 7.308918 6.829198 6.482748 6.360599 6.291727 6.507414 6.446818 6.531725 6.752285 7.142615 7.724217 8.399879 9.263154 10.37137 11.74182 13.70809 16.57294 20.31095 25.15501 30.90983 37.45127 43.38246
1.805749 2.422551 3.070798 3.759166 4.23454 4.601829 4.974227 5.361936 5.604433 5.655016 5.657682 5.569216 5.322936 4.973453 4.582117 4.393557 4.137222 4.012825 4.022295 3.863452 3.600537 3.634621 3.897696 4.069046 4.339926 4.662951 5.069354 5.437712 5.899984 6.375017 6.846708 7.502727 8.001624 8.31607 8.673435 8.86268 8.822813 8.519446 8.043932 7.540833 6.90723 6.422916 6.123877 5.952093 6.074175 6.083233 6.184718 6.439764 6.902208 7.642502 8.519258 9.595047 10.99889 12.93162 15.68843 19.405 24.43362 31.05466 39.52942 49.4031 57.84784
2.926806 3.647363 4.410242 5.153655 5.793813 6.417578 7.095771 7.643108 7.63649 7.488825 7.400591 7.420752 7.539924 7.430068 6.774024 6.375762 6.416635 6.364894 6.070443 5.676452 5.335002 5.440056 5.925261 6.493912 6.80694 6.976019 7.443769 8.194672 8.985735 9.281978 9.562374 10.20111 10.56108 10.28053 10.00714 9.721186 9.298359 8.678603 8.047315 7.337485 6.571358 6.008138 5.647128 5.481344 5.560256 5.663894 5.805665 6.099986 6.641876 7.488469 8.519399 9.802871 11.61763 14.28179 17.73773 22.32718 29.38065 39.26587 52.07176 65.87563 76.8215
3.8507 4.658324 5.508018 6.352809 7.149135 7.947609 8.724558 9.124682 8.847717 8.61055 8.428443 8.350185 8.336544 8.134367 7.446504 7.02705 6.970605 6.881945 6.50726 6.106364 6.04066 6.36428 6.925095 7.565612 7.957848 8.163654 8.660208 9.424292 10.21506 10.55299 10.68317 11.1033 11.30665 10.72359 10.10013 9.464646 8.820326 8.074022 7.382188 6.545414 5.791277 5.248405 4.899945 4.802424 4.847974 5.086655 5.295026 5.656919 6.306278 7.237597 8.41393 10.04246 12.46917 15.76226 20.06514 26.5375 37.5085 53.44619 71.44476 87.1694 98.16756
4.645786 5.481163 6.350195 7.210699 7.985014 8.621593 9.047565 9.088405 8.834208 8.617119 8.420216 8.240993 7.794464 7.244784 6.788317 6.397623 6.128751 5.918922 5.837682 5.813789 5.933729 6.259452 6.716348 7.205526 7.582514 7.949831 8.459386 9.056713 9.519341 9.68583 9.873882 10.08815 9.995158 9.621518 9.049828 8.393843 7.709715 6.935876 6.133761 5.28964 4.66978 4.216807 3.982191 3.985568 4.003862 4.369837 4.632275 5.06872 5.792591 6.797915 8.300799 10.47096 13.32959 17.26836 23.6488 35.31308 55.43482 79.69392 98.74857 110.7427 118.4552
5.325003 6.174761 7.024033 7.679232 8.12185 8.431374 8.589491 8.366155 8.07435 7.867127 7.585417 7.024349 6.539414 6.00559 5.545024 5.093341 4.688563 4.610734 4.689757 4.850106 5.049858 5.358469 5.729829 6.03429 6.339595 6.823893 7.37076 7.816557 8.015837 8.158188 8.372686 8.417594 8.217826 7.968439 7.436304 6.795559 6.130239 5.417341 4.627501 3.934874 3.45411 3.140628 3.026637 3.066241 3.117193 3.535677 3.827269 4.313507 5.043514 6.166959 8.023968 10.39283 13.57006 19.17607 31.66604 59.43541 93.26048 114.294 125.1625 131.374 135.4961
5.675052 6.460585 7.124823 7.364759 7.453428 7.515276 7.398748 6.981575 6.617056 6.26569 5.849427 5.371397 4.943404 4.348086 3.792695 3.408141 3.137654 3.117126 3.227772 3.417993 3.679058 3.989095 4.303358 4.582424 4.954138 5.458045 5.944521 6.251407 6.433432 6.638788 6.77395 6.66044 6.503405 6.182211 5.593252 4.968642 4.361237 3.756951 3.128068 2.63585 2.283214 2.150093 2.100994 2.096154 2.257435 2.624325 2.918439 3.391385 4.071712 5.353543 7.077393 9.26181 13.18004 23.65588 59.48343 114.2587 134.2196 141.4626 144.9819 147.3528 149.2646
5.210587 5.754654 6.011333 5.999751 5.897904 5.654954 5.229726 4.76771 4.325472 3.928163 3.600888 3.203012 2.789839 2.250417 1.793371 1.510047 1.363345 1.425992 1.62096 1.830322 2.043063 2.285924 2.593912 2.98277 3.447029 3.908297 4.306191 4.629107 4.869637 5.008377 5.00596 4.872218 4.676805 4.299592 3.751481 3.187936 2.658646 2.181259 1.749171 1.3849 1.184964 1.204907 1.173075 1.182267 1.431085 1.69874 1.96331 2.366791 2.957086 4.1622 5.406 6.992106 11.52823 39.8034 136.9852 153.3368 156.7305 158.0374 158.8005 159.4373 160.1151
