py_wake/examples/data/AJ_ParqueFicticio/Ridge area   Sector 7   Height 30m   Weibull-k.grd
DSAA
90  129
 262878   265103
 6504214   6507414
 .8027344   2.552734
[rows 81 to 107 of 129, columns 0 to 61 of 90]
2.365234 2.365234 2.365234 2.365234 2.365234 2.365234 2.365234 2.365234 2.365234 2.365234 2.365234 2.365234 2.365234 2.365234 2.365234 2.365234 2.365234 2.365234 2.365234 2.365234 2.365234 2.365234 2.365234 2.365234 2.365234 2.365234 2.365234 2.365234 2.365234 2.365234 2.365234 2.365234 2.365234 2.365234 2.365234 2.365234 2.365234 2.365234 2.365234 2.365234 2.365234 2.365234 2.365234 2.365234 2.365234 2.365234 2.365234 2.365234 2.365234 2.365234 2.365234 2.365234 2.365234 2.365234 2.365234 2.365234 2.353516 2.326172 2.298828 2.271484 2.259766 2.267578
2.365234 2.365234 2.365234 2.365234 2.365234 2.365234 2.365234 2.365234 2.365234 2.365234 2.361328 2.341797 2.337891 2.353516 2.365234 2.361328 2.353516 2.357422 2.365234 2.365234 2.365234 2.365234 2.365234 2.365234 2.365234 2.365234 2.365234 2.365234 2.365234 2.365234 2.365234 2.365234 2.365234 2.365234 2.365234 2.365234 2.365234 2.365234 2.365234 2.365234 2.365234 2.365234 2.365234 2.365234 2.365234 2.365234 2.365234 2.365234 2.365234 2.365234 2.365234 2.365234 2.365234 1.955078 2.365234 2.361328 2.322266 2.294922 2.271484 2.232422 2.177734 2.177734
2.365234 2.365234 2.365234 2.365234 2.361328 2.361328 2.361328 2.365234 2.365234 2.365234 2.361328 2.349609 2.333984 2.322266 2.306641 2.294922 2.287109 2.294922 2.314453 2.337891 2.353516 2.365234 2.365234 2.365234 2.365234 2.365234 2.365234 2.365234 2.365234 2.365234 2.365234 2.365234 2.365234 2.365234 2.365234 2.365234 2.365234 2.365234 2.365234 2.365234 2.365234 2.365234 2.365234 2.365234 2.365234 2.365234 2.365234 2.365234 2.365234 2.365234 2.365234 2.365234 2.365234 1.603516 1.982422 2.068359 2.080078 2.138672 2.248047 2.216797 2.154297 2.087891
2.369141 2.369141 2.365234 2.365234 2.361328 2.361328 2.365234 2.365234 2.369141 2.369141 2.369141 2.369141 2.365234 2.333984 2.302734 2.279297 2.271484 2.283203 2.302734 2.318359 2.326172 2.341797 2.353516 2.361328 2.365234 2.365234 2.365234 2.365234 2.365234 2.365234 2.365234 2.365234 2.365234 2.365234 2.365234 2.365234 2.365234 2.369141 2.369141 2.369141 2.369141 2.365234 2.365234 2.365234 2.365234 2.365234 2.365234 2.365234 2.365234 2.365234 2.365234 2.365234 2.365234 1.400391 1.798828 1.888672 1.935547 2.087891 2.162109 2.169922 2.126953 2.044922
2.373047 2.373047 2.369141 2.369141 2.369141 2.369141 2.369141 2.369141 2.373047 2.373047 2.373047 2.373047 2.369141 2.365234 2.318359 2.283203 2.275391 2.283203 2.306641 2.326172 2.333984 2.341797 2.353516 2.361328 2.365234 2.365234 2.365234 2.365234 2.365234 2.365234 2.365234 2.365234 2.365234 2.365234 2.365234 2.369141 2.369141 2.369141 2.369141 2.369141 2.369141 2.369141 2.365234 2.365234 2.365234 2.365234 2.365234 2.365234 2.365234 2.365234 2.365234 2.365234 2.365234 1.224609 1.634766 1.787109 1.833984 1.919922 2.052734 2.123047 2.123047 2.068359
2.376953 2.376953 2.373047 2.373047 2.373047 2.373047 2.373047 2.373047 2.373047 2.376953 2.373047 2.373047 2.369141 2.361328 2.349609 2.302734 2.283203 2.294922 2.322266 2.345703 2.353516 2.365234 2.365234 2.365234 2.365234 2.365234 2.365234 2.365234 2.365234 2.365234 2.365234 2.365234 2.365234 2.365234 2.369141 2.369141 2.369141 2.373047 2.373047 2.373047 2.373047 2.369141 2.365234 2.365234 2.365234 2.365234 2.365234 2.365234 2.365234 2.365234 2.365234 2.365234 2.365234 1.130859 1.455078 1.677734 1.783203 1.861328 1.955078 2.068359 2.115234 2.103516
2.380859 2.380859 2.376953 2.376953 2.376953 2.373047 2.373047 2.373047 2.376953 2.373047 2.373047 2.369141 2.365234 2.361328 2.361328 2.345703 2.310547 2.306641 2.330078 2.361328 2.365234 2.365234 2.365234 2.365234 2.365234 2.365234 2.365234 2.365234 2.365234 2.365234 2.365234 2.365234 2.365234 2.369141 2.369141 2.369141 2.373047 2.373047 2.373047 2.373047 2.373047 2.369141 2.369141 2.365234 2.365234 2.365234 2.365234 2.365234 2.365234 2.365234 2.365234 2.365234 2.365234 1.275391 1.275391 1.509766 1.666016 1.783203 1.888672 1.974609 2.048828 2.083984
2.384766 2.380859 2.380859 2.380859 2.376953 2.376953 2.373047 2.373047 2.373047 2.373047 2.369141 2.369141 2.365234 2.365234 2.365234 2.365234 2.349609 2.330078 2.345703 2.365234 2.365234 2.365234 2.365234 2.365234 2.365234 2.365234 2.365234 2.365234 2.365234 2.365234 2.365234 2.365234 2.369141 2.369141 2.369141 2.373047 2.373047 2.373047 2.373047 2.373047 2.373047 2.369141 2.369141 2.365234 2.365234 2.365234 2.365234 2.365234 2.365234 2.365234 2.365234 2.365234 2.365234 1.798828 1.185547 1.333984 1.494141 1.630859 1.751953 1.849609 1.908203 1.958984
2.384766 2.384766 2.380859 2.380859 2.376953 2.376953 2.373047 2.373047 2.369141 2.369141 2.369141 2.365234 2.365234 2.365234 2.365234 2.365234 2.365234 2.353516 2.365234 2.365234 2.365234 2.365234 2.365234 2.365234 2.365234 2.365234 2.365234 2.365234 2.365234 2.365234 2.369141 2.369141 2.369141 2.369141 2.373047 2.373047 2.373047 2.373047 2.373047 2.373047 2.373047 2.369141 2.369141 2.365234 2.365234 2.365234 2.365234 2.365234 2.365234 2.365234 2.365234 2.365234 2.365234 2.365234 1.345703 1.208984 1.330078 1.458984 1.580078 1.689453 1.759766 1.791016
2.384766 2.384766 2.380859 2.376953 2.376953 2.373047 2.369141 2.369141 2.369141 2.365234 2.365234 2.365234 2.365234 2.365234 2.365234 2.365234 2.365234 2.361328 2.365234 2.365234 2.365234 2.365234 2.365234 2.365234 2.365234 2.365234 2.365234 2.365234 2.369141 2.369141 2.369141 2.373047 2.373047 2.373047 2.373047 2.373047 2.373047 2.373047 2.373047 2.373047 2.373047 2.369141 2.365234 2.365234 2.365234 2.365234 2.365234 2.365234 2.365234 2.365234 2.365234 2.365234 2.365234 2.365234 1.849609 1.279297 1.197266 1.291016 1.408203 1.521484 1.603516 1.646484
2.384766 2.384766 2.380859 2.376953 2.373047 2.369141 2.369141 2.365234 2.365234 2.365234 2.365234 2.365234 2.365234 2.365234 2.365234 2.353516 2.322266 2.310547 2.333984 2.365234 2.365234 2.365234 2.365234 2.365234 2.365234 2.365234 2.365234 2.369141 2.373047 2.373047 2.376953 2.376953 2.376953 2.376953 2.376953 2.376953 2.373047 2.373047 2.369141 2.369141 2.369141 2.369141 2.365234 2.365234 2.365234 2.365234 2.365234 2.365234 2.365234 2.365234 2.365234 2.365234 2.365234 2.349609 2.216797 1.458984 1.271484 1.162109 1.240234 1.345703 1.435547 1.498047
2.384766 2.380859 2.376953 2.373047 2.369141 2.369141 2.365234 2.365234 2.365234 2.365234 2.365234 2.365234 2.365234 2.365234 2.333984 2.302734 2.271484 2.255859 2.267578 2.318359 2.365234 2.365234 2.365234 2.365234 2.365234 2.365234 2.369141 2.373047 2.376953 2.376953 2.376953 2.380859 2.376953 2.376953 2.376953 2.376953 2.373047 2.373047 2.369141 2.369141 2.365234 2.365234 2.365234 2.365234 2.365234 2.365234 2.365234 2.365234 2.365234 2.365234 2.365234 2.365234 2.341797 2.263672 2.115234 1.720703 1.384766 1.224609 1.115234 1.185547 1.271484 1.345703
2.380859 2.376953 2.373047 2.369141 2.369141 2.365234 2.365234 2.365234 2.365234 2.365234 2.365234 2.365234 2.349609 2.322266 2.294922 2.267578 2.240234 2.228516 2.232422 2.279297 2.365234 2.365234 2.365234 2.365234 2.365234 2.365234 2.369141 2.376953 2.376953 2.380859 2.380859 2.380859 2.380859 2.376953 2.376953 2.376953 2.373047 2.369141 2.369141 2.365234 2.365234 2.365234 2.365234 2.365234 2.365234 2.365234 2.365234 2.365234 2.365234 2.365234 2.365234 2.345703 2.271484 2.158203 2.013672 1.880859 1.568359 1.376953 1.212891 1.076172 1.142578 1.216797
2.376953 2.373047 2.369141 2.365234 2.365234 2.365234 2.365234 2.365234 2.365234 2.365234 2.365234 2.341797 2.322266 2.302734 2.279297 2.255859 2.236328 2.224609 2.240234 2.294922 2.365234 2.365234 2.365234 2.365234 2.365234 2.369141 2.373047 2.376953 2.380859 2.380859 2.380859 2.380859 2.380859 2.380859 2.376953 2.373047 2.369141 2.369141 2.365234 2.365234 2.365234 2.365234 2.365234 2.365234 2.365234 2.365234 2.365234 2.365234 2.365234 2.365234 2.365234 2.271484 2.169922 2.052734 1.916016 1.794922 1.744141 1.583984 1.439453 1.337891 1.068359 1.119141
2.373047 2.369141 2.369141 2.365234 2.365234 2.365234 2.365234 2.365234 2.365234 2.357422 2.333984 2.318359 2.306641 2.294922 2.279297 2.263672 2.248047 2.244141 2.267578 2.337891 2.365234 2.365234 2.361328 2.365234 2.365234 2.373047 2.376953 2.380859 2.380859 2.384766 2.384766 2.380859 2.380859 2.380859 2.376953 2.373047 2.369141 2.365234 2.365234 2.365234 2.365234 2.365234 2.365234 2.365234 2.365234 2.365234 2.365234 2.365234 2.365234 2.365234 2.251953 2.158203 2.072266 1.962891 1.845703 1.736328 1.677734 1.689453 1.771484 1.677734 1.513672 1.193359
2.373047 2.369141 2.365234 2.365234 2.365234 2.365234 2.365234 2.365234 2.365234 2.333984 2.318359 2.314453 2.306641 2.302734 2.294922 2.287109 2.279297 2.287109 2.326172 2.365234 2.361328 2.361328 2.361328 2.365234 2.369141 2.373047 2.376953 2.380859 2.380859 2.384766 2.384766 2.380859 2.380859 2.376953 2.376953 2.373047 2.369141 2.365234 2.365234 2.365234 2.365234 2.365234 2.365234 2.314453 2.185547 2.310547 2.365234 2.365234 2.224609 2.099609 2.041016 2.013672 1.970703 1.888672 1.791016 1.701172 1.638672 1.623047 1.693359 1.798828 1.908203 2.001953
2.369141 2.365234 2.365234 2.365234 2.365234 2.365234 2.365234 2.365234 2.357422 2.333984 2.326172 2.326172 2.330078 2.330078 2.333984 2.337891 2.345703 2.361328 2.361328 2.361328 2.361328 2.361328 2.365234 2.369141 2.373047 2.373047 2.376953 2.380859 2.380859 2.380859 2.380859 2.380859 2.380859 2.376953 2.373047 2.369141 2.365234 2.365234 2.365234 2.365234 2.365234 2.365234 2.240234 1.791016 1.365234 1.044922 1.521484 1.412109 1.505859 1.673828 1.787109 1.857422 1.865234 1.818359 1.748047 1.677734 1.626953 1.583984 1.626953 1.740234 1.853516 1.951172
2.369141 2.365234 2.365234 2.365234 2.365234 2.365234 2.365234 2.365234 2.365234 2.365234 2.365234 2.365234 2.369141 2.369141 2.369141 2.365234 2.365234 2.365234 2.361328 2.361328 2.365234 2.365234 2.369141 2.373047 2.373047 2.376953 2.376953 2.376953 2.380859 2.380859 2.380859 2.380859 2.380859 2.376953 2.373047 2.369141 2.365234 2.365234 2.365234 2.365234 2.365234 2.361328 2.072266 1.505859 1.666016 2.552734 2.552734 2.552734 2.130859 1.353516 1.626953 1.736328 1.787109 1.767578 1.712891 1.666016 1.630859 1.603516 1.603516 1.693359 1.810547 1.912109
2.369141 2.365234 2.365234 2.365234 2.365234 2.365234 2.365234 2.365234 2.365234 2.369141 2.369141 2.373047 2.373047 2.373047 2.373047 2.373047 2.369141 2.369141 2.369141 2.369141 2.369141 2.369141 2.369141 2.373047 2.373047 2.373047 2.376953 2.376953 2.376953 2.376953 2.380859 2.380859 2.376953 2.376953 2.373047 2.365234 2.365234 2.365234 2.365234 2.365234 2.365234 2.357422 2.048828 1.439453 .8027344 2.552734 2.552734 2.552734 2.552734 2.416016 1.537109 1.595703 1.951172 1.810547 1.724609 1.673828 1.650391 1.634766 1.634766 1.677734 1.775391 1.869141
1.70141E+38 1.70141E+38 1.70141E+38 1.70141E+38 1.70141E+38 1.70141E+38 1.70141E+38 1.70141E+38 1.70141E+38 1.70141E+38 1.70141E+38 1.70141E+38 1.70141E+38 1.70141E+38 1.70141E+38 1.70141E+38 1.70141E+38 1.70141E+38 1.70141E+38 1.70141E+38 1.70141E+38 1.70141E+38 1.70141E+38 1.70141E+38 1.70141E+38 1.70141E+38 1.70141E+38 1.70141E+38 1.70141E+38 1.70141E+38 1.70141E+38 1.70141E+38 1.70141E+38 1.70141E+38 1.70141E+38 1.70141E+38 1.70141E+38 1.70141E+38 1.70141E+38 1.70141E+38 1.70141E+38 1.70141E+38 1.70141E+38 1.70141E+38 1.70141E+38 1.70141E+38 1.70141E+38 1.70141E+38 1.70141E+38 1.70141E+38 1.70141E+38 1.70141E+38 1.70141E+38 1.70141E+38 1.70141E+38 1.70141E+38 1.70141E+38 1.70141E+38 1.70141E+38 1.70141E+38 1.70141E+38 1.70141E+38
1.70141E+38 1.70141E+38 1.70141E+38 1.70141E+38 1.70141E+38 1.70141E+38 1.70141E+38 1.70141E+38 1.70141E+38 1.70141E+38 1.70141E+38 1.70141E+38 1.70141E+38 1.70141E+38 1.70141E+38 1.70141E+38 1.70141E+38 1.70141E+38 1.70141E+38 1.70141E+38 1.70141E+38 1.70141E+38 1.70141E+38 1.70141E+38 1.70141E+38 1.70141E+38 1.70141E+38 1.70141E+38 1.70141E+38 1.70141E+38 1.70141E+38 1.70141E+38 1.70141E+38 1.70141E+38 1.70141E+38 1.70141E+38 1.70141E+38 1.70141E+38 1.70141E+38 1.70141E+38 1.70141E+38 1.70141E+38 1.70141E+38 1.70141E+38 1.70141E+38 1.70141E+38 1.70141E+38 1.70141E+38 1.70141E+38 1.70141E+38 1.70141E+38 1.70141E+38 1.70141E+38 1.70141E+38 1.70141E+38 1.70141E+38 1.70141E+38 1.70141E+38 1.70141E+38 1.70141E+38 1.70141E+38 1.70141E+38
1.70141E+38 1.70141E+38 1.70141E+38 1.70141E+38 1.70141E+38 1.70141E+38 1.70141E+38 1.70141E+38 1.70141E+38 1.70141E+38 1.70141E+38 1.70141E+38 1.70141E+38 1.70141E+38 1.70141E+38 1.70141E+38 1.70141E+38 1.70141E+38 1.70141E+38 1.70141E+38 1.70141E+38 1.70141E+38 1.70141E+38 1.70141E+38 1.70141E+38 1.70141E+38 1.70141E+38 1.70141E+38 1.70141E+38 1.70141E+38 1.70141E+38 1.70141E+38 1.70141E+38 1.70141E+38 1.70141E+38 1.70141E+38 1.70141E+38 1.70141E+38 1.70141E+38 1.70141E+38 1.70141E+38 1.70141E+38 1.70141E+38 1.70141E+38 1.70141E+38 1.70141E+38 1.70141E+38 1.70141E+38 1.70141E+38 1.70141E+38 1.70141E+38 1.70141E+38 1.70141E+38 1.70141E+38 1.70141E+38 1.70141E+38 1.70141E+38 1.70141E+38 1.70141E+38 1.70141E+38 1.70141E+38 1.70141E+38
1.70141E+38 1.70141E+38 1.70141E+38 1.70141E+38 1.70141E+38 1.70141E+38 1.70141E+38 1.70141E+38 1.70141E+38 1.70141E+38 1.70141E+38 1.70141E+38 1.70141E+38 1.70141E+38 1.70141E+38 1.70141E+38 1.70141E+38 1.70141E+38 1.70141E+38 1.70141E+38 1.70141E+38 1.70141E+38 1.70141E+38 1.70141E+38 1.70141E+38 1.70141E+38 1.70141E+38 1.70141E+38 1.70141E+38 1.70141E+38 1.70141E+38 1.70141E+38 1.70141E+38 1.70141E+38 1.70141E+38 1.70141E+38 1.70141E+38 1.70141E+38 1.70141E+38 1.70141E+38 1.70141E+38 1.70141E+38 1.70141E+38 1.70141E+38 1.70141E+38 1.70141E+38 1.70141E+38 1.70141E+38 1.70141E+38 1.70141E+38 1.70141E+38 1.70141E+38 1.70141E+38 1.70141E+38 1.70141E+38 1.70141E+38 1.70141E+38 1.70141E+38 1.70141E+38 1.70141E+38 1.70141E+38 1.70141E+38
1.70141E+38 1.70141E+38 1.70141E+38 1.70141E+38 1.70141E+38 1.70141E+38 1.70141E+38 1.70141E+38 1.70141E+38 1.70141E+38 1.70141E+38 1.70141E+38 1.70141E+38 1.70141E+38 1.70141E+38 1.70141E+38 1.70141E+38 1.70141E+38 1.70141E+38 1.70141E+38 1.70141E+38 1.70141E+38 1.70141E+38 1.70141E+38 1.70141E+38 1.70141E+38 1.70141E+38 1.70141E+38 1.70141E+38 1.70141E+38 1.70141E+38 1.70141E+38 1.70141E+38 1.70141E+38 1.70141E+38 1.70141E+38 1.70141E+38 1.70141E+38 1.70141E+38 1.70141E+38 1.70141E+38 1.70141E+38 1.70141E+38 1.70141E+38 1.70141E+38 1.70141E+38 1.70141E+38 1.70141E+38 1.70141E+38 1.70141E+38 1.70141E+38 1.70141E+38 1.70141E+38 1.70141E+38 1.70141E+38 1.70141E+38 1.70141E+38 1.70141E+38 1.70141E+38 1.70141E+38 1.70141E+38 1.70141E+38
1.70141E+38 1.70141E+38 1.70141E+38 1.70141E+38 1.70141E+38 1.70141E+38 1.70141E+38 1.70141E+38 1.70141E+38 1.70141E+38 1.70141E+38 1.70141E+38 1.70141E+38 1.70141E+38 1.70141E+38 1.70141E+38 1.70141E+38 1.70141E+38 1.70141E+38 1.70141E+38 1.70141E+38 1.70141E+38 1.70141E+38 1.70141E+38 1.70141E+38 1.70141E+38 1.70141E+38 1.70141E+38 1.70141E+38 1.70141E+38 1.70141E+38 1.70141E+38 1.70141E+38 1.70141E+38 1.70141E+38 1.70141E+38 1.70141E+38 1.70141E+38 1.70141E+38 1.70141E+38 1.70141E+38 1.70141E+38 1.70141E+38 1.70141E+38 1.70141E+38 1.70141E+38 1.70141E+38 1.70141E+38 1.70141E+38 1.70141E+38 1.70141E+38 1.70141E+38 1.70141E+38 1.70141E+38 1.70141E+38 1.70141E+38 1.70141E+38 1.70141E+38 1.70141E+38 1.70141E+38 1.70141E+38 1.70141E+38
1.70141E+38 1.70141E+38 1.70141E+38 1.70141E+38 1.70141E+38 1.70141E+38 1.70141E+38 1.70141E+38 1.70141E+38 1.70141E+38 1.70141E+38 1.70141E+38 1.70141E+38 1.70141E+38 1.70141E+38 1.70141E+38 1.70141E+38 1.70141E+38 1.70141E+38 1.70141E+38 1.70141E+38 1.70141E+38 1.70141E+38 1.70141E+38 1.70141E+38 1.70141E+38 1.70141E+38 1.70141E+38 1.70141E+38 1.70141E+38 1.70141E+38 1.70141E+38 1.70141E+38 1.70141E+38 1.70141E+38 1.70141E+38 1.70141E+38 1.70141E+38 1.70141E+38 1.70141E+38 1.70141E+38 1.70141E+38 1.70141E+38 1.70141E+38 1.70141E+38 1.70141E+38 1.70141E+38 1.70141E+38 1.70141E+38 1.70141E+38 1.70141E+38 1.70141E+38 1.70141E+38 1.70141E+38 1.70141E+38 1.70141E+38 1.70141E+38 1.70141E+38 1.70141E+38 1.70141E+38 1.70141E+38 1.70141E+38
1.70141E+38 1.70141E+38 1.70141E+38 1.70141E+38 1.70141E+38 1.70141E+38 1.70141E+38 1.70141E+38 1.70141E+38 1.70141E+38 1.70141E+38 1.70141E+38 1.70141E+38 1.70141E+38 1.70141E+38 1.70141E+38 1.70141E+38 1.70141E+38 1.70141E+38 1.70141E+38 1.70141E+38 1.70141E+38 1.70141E+38 1.70141E+38 1.70141E+38 1.70141E+38 1.70141E+38 1.70141E+38 1.70141E+38 1.70141E+38 1.70141E+38 1.70141E+38 1.70141E+38 1.70141E+38 1.70141E+38 1.70141E+38 1.70141E+38 1.70141E+38 1.70141E+38 1.70141E+38 1.70141E+38 1.70141E+38 1.70141E+38 1.70141E+38 1.70141E+38 1.70141E+38 1.70141E+38 1.70141E+38 1.70141E+38 1.70141E+38 1.70141E+38 1.70141E+38 1.70141E+38 1.70141E+38 1.70141E+38 1.70141E+38 1.70141E+38 1.70141E+38 1.70141E+38 1.70141E+38 1.70141E+38 1.70141E+38
