py_wake/examples/data/AJ_ParqueFicticio/Ridge area   Sector 6   Height 30m   Weibull-A.grd
DSAA
90  129
 262878   265103
 6504214   6507414
 1.15   8.031153
[rows 27 to 53 of 129, columns 0 to 61 of 90]
5.427867 5.482426 5.544349 5.599948 5.641953 5.668519 5.677547 5.666214 5.637713 5.59554 5.545361 5.490882 5.439619 5.396488 5.371448 5.362333 5.364801 5.373399 5.379217 5.384057 5.42413 5.478951 5.545234 5.62029 5.691837 5.773422 5.86863 5.983221 6.117386 6.243558 6.371169 6.494198 6.616117 6.733096 6.831017 6.926909 7.014168 7.095348 7.169124 7.209142 7.205151 7.163008 7.083975 6.978465 6.854765 6.716634 6.5697 6.390205 6.196034 6.005399 5.783793 5.576868 5.39374 5.22203 5.060509 4.922812 2.197529 2.260693 2.57291 2.842831 3.048598 3.230071
5.36404 5.422761 5.492167 5.558552 5.61793 5.667376 5.700716 5.714384 5.704716 5.669959 5.621006 5.562868 5.493748 5.418873 5.349723 5.295511 5.258719 5.231088 5.206183 5.188769 5.204059 5.2363 5.272317 5.329967 5.383463 5.451179 5.551879 5.675194 5.820719 5.962531 6.093629 6.2198 6.351611 6.483785 6.600149 6.714043 6.824907 6.928453 7.033976 7.114135 7.150129 7.149355 7.09811 6.999144 6.867857 6.717363 6.561454 6.381865 6.177586 5.979103 5.755126 5.540849 5.355433 5.181757 5.022271 4.896701 2.272745 2.266398 2.627975 2.866216 3.048197 3.234288
5.289622 5.352515 5.424573 5.494835 5.564691 5.632642 5.689835 5.732465 5.752694 5.739468 5.697746 5.631192 5.552573 5.465688 5.373463 5.285524 5.209036 5.149236 5.089753 5.039764 5.019198 5.004364 4.99013 5.009981 5.037523 5.074786 5.181158 5.330533 5.501112 5.661867 5.803699 5.938528 6.074967 6.218626 6.35411 6.481372 6.612439 6.739895 6.87444 6.992598 7.070945 7.113613 7.101407 7.025606 6.896867 6.733387 6.558197 6.373528 6.161154 5.950681 5.721405 5.497797 5.310712 5.135446 4.976728 2.288944 2.303038 2.330638 2.672827 2.860122 3.027337 3.213303
5.20039 5.267301 5.340428 5.411832 5.48668 5.562581 5.632743 5.696599 5.747288 5.764068 5.736358 5.674551 5.595722 5.51092 5.420345 5.322591 5.234004 5.143297 5.044633 4.960748 4.918519 4.855482 4.792284 4.781777 4.77695 4.774876 4.876518 5.042556 5.213607 5.377282 5.52852 5.66298 5.791013 5.946537 6.104457 6.247988 6.392775 6.541481 6.701342 6.851871 6.972807 7.062908 7.099935 7.058308 6.949726 6.785917 6.584089 6.381655 6.156003 5.928118 5.6916 5.461935 5.276903 5.101305 4.934708 2.220107 2.334688 2.339162 2.682119 2.834694 3.003249 3.180785
5.085153 5.152492 5.225312 5.293938 5.370237 5.450654 5.525679 5.596136 5.659482 5.698956 5.694656 5.658922 5.600357 5.527854 5.448234 5.364258 5.277353 5.182111 5.086671 5.010601 4.948866 4.875173 4.812391 4.791992 4.769521 4.764972 4.837727 4.955914 5.06883 5.190174 5.32149 5.452407 5.583114 5.733663 5.889304 6.040472 6.192292 6.352372 6.526718 6.698059 6.849246 6.973644 7.053315 7.050959 6.973698 6.838706 6.631871 6.405403 6.170119 5.930905 5.692372 5.458176 5.273115 5.105502 2.237844 2.135083 2.245836 2.358087 2.686773 2.811707 2.981622 3.149283
4.963313 5.029387 5.101133 5.167247 5.241524 5.319743 5.392457 5.460359 5.523091 5.573912 5.589521 5.57913 5.547707 5.498818 5.438274 5.370636 5.296505 5.228013 5.172757 5.11489 5.05343 5.003595 4.963704 4.93698 4.919119 4.919617 4.95394 5.011071 5.061686 5.122187 5.215497 5.327392 5.448579 5.573738 5.708114 5.853027 6.00709 6.172349 6.353744 6.537119 6.711494 6.863844 6.970418 7.004847 6.955848 6.852281 6.674358 6.438695 6.200131 5.955024 5.713598 5.478591 5.291073 2.3938 2.185891 1.988882 1.954152 2.063705 2.34708 2.869056 2.979071 3.12039
4.835247 4.902022 4.974277 5.039197 5.113573 5.191258 5.261737 5.324387 5.381356 5.43508 5.466489 5.476007 5.465092 5.436431 5.393107 5.340411 5.282288 5.25865 5.255056 5.228908 5.194887 5.165455 5.140626 5.124413 5.108641 5.099288 5.117165 5.146885 5.153596 5.171905 5.213951 5.269236 5.359099 5.456556 5.562797 5.696349 5.847136 6.009634 6.190911 6.380311 6.574859 6.753471 6.878605 6.942805 6.921604 6.839077 6.699548 6.47724 6.238113 5.995777 5.760086 5.532604 5.340207 2.857082 2.422168 2.210672 2.133327 2.125874 2.112679 2.992301 3.052383 3.165024
4.701361 4.772248 4.848674 4.917112 4.998714 5.081819 5.155168 5.220519 5.275208 5.324594 5.364944 5.39034 5.395242 5.378742 5.342064 5.290955 5.257644 5.274446 5.307308 5.328842 5.326869 5.318351 5.320326 5.318927 5.30748 5.305388 5.325206 5.349891 5.360322 5.355628 5.348232 5.359124 5.400214 5.452098 5.530378 5.640911 5.760416 5.911537 6.080586 6.265324 6.471194 6.662833 6.796343 6.881453 6.887184 6.82119 6.710351 6.525778 6.30396 6.082316 5.854258 5.630587 5.4301 4.675664 2.998845 2.522221 2.39372 2.352528 2.424462 2.913449 3.101842 3.22463
4.578746 4.65286 4.728643 4.799024 4.896493 4.995237 5.08353 5.162552 5.22684 5.280163 5.32489 5.355142 5.367153 5.357189 5.325541 5.283038 5.267418 5.298125 5.343027 5.385233 5.417842 5.450152 5.48438 5.511069 5.530951 5.558685 5.5906 5.629274 5.647073 5.631627 5.61196 5.601066 5.599725 5.611815 5.659448 5.719405 5.805903 5.926084 6.068116 6.228683 6.422407 6.608957 6.741565 6.839458 6.866333 6.815868 6.719254 6.576333 6.383875 6.18693 5.989 5.780816 5.58492 5.427968 4.417484 3.209292 2.758908 2.605291 2.674554 2.89665 3.067031 3.236359
4.476433 4.539779 4.606391 4.672397 4.789919 4.909482 5.017631 5.114038 5.194773 5.261778 5.315523 5.353826 5.377966 5.375862 5.355348 5.334431 5.325983 5.339221 5.385322 5.434894 5.489104 5.554922 5.619089 5.689899 5.755527 5.816579 5.880389 5.942241 5.973109 5.959263 5.931421 5.898429 5.875469 5.862952 5.876807 5.902746 5.950672 6.030093 6.135202 6.268314 6.432333 6.595987 6.720739 6.823085 6.873034 6.833609 6.743852 6.617688 6.470361 6.301768 6.13688 5.957277 5.768922 5.610988 5.48741 4.276759 3.221486 2.886881 2.809828 2.881507 3.011646 3.264054
4.395013 4.431069 4.478976 4.535468 4.672896 4.812068 4.939231 5.052759 5.154032 5.242479 5.313806 5.372279 5.416842 5.428856 5.427008 5.419331 5.412372 5.419784 5.447182 5.495105 5.572333 5.655463 5.748626 5.852316 5.956306 6.051668 6.141168 6.22975 6.292459 6.292719 6.262519 6.222401 6.18492 6.160384 6.141855 6.139906 6.154823 6.192851 6.252226 6.350651 6.48948 6.631279 6.746288 6.839198 6.906375 6.883761 6.798479 6.672752 6.548532 6.410393 6.263021 6.115545 5.95021 5.791887 5.668958 5.564358 4.112467 3.265697 2.985128 2.91931 3.043438 5.30563
4.351288 4.331064 4.348567 4.39912 4.546792 4.694454 4.834106 4.961992 5.079513 5.195007 5.296602 5.39335 5.469419 5.510594 5.520304 5.521163 5.530094 5.551656 5.571819 5.621259 5.700621 5.789452 5.892863 6.007037 6.129947 6.248475 6.359458 6.465044 6.550398 6.584844 6.578431 6.554164 6.510693 6.473466 6.437287 6.414221 6.397314 6.399368 6.430056 6.501071 6.611487 6.728646 6.827958 6.900649 6.956988 6.943634 6.869928 6.753398 6.629523 6.505579 6.379386 6.242224 6.092934 5.942677 5.8196 5.718169 5.671035 3.836155 3.224042 3.011623 5.499642 5.413268
4.317446 4.253441 4.234577 4.285694 4.419369 4.562689 4.71023 4.852907 4.989902 5.123975 5.249893 5.38063 5.491854 5.569855 5.612477 5.638391 5.677076 5.716476 5.759663 5.814919 5.887269 5.975806 6.074354 6.177341 6.296156 6.419509 6.543194 6.658478 6.75621 6.820787 6.847184 6.849496 6.826367 6.79426 6.757362 6.715109 6.68416 6.66528 6.670356 6.713336 6.787793 6.871398 6.937973 6.987438 7.020496 7.001772 6.930124 6.831407 6.718973 6.595417 6.481054 6.357463 6.20846 6.055134 5.931958 5.82786 5.80869 5.317878 3.59654 3.137701 5.599579 5.496096
4.296442 4.207405 4.157104 4.192368 4.288138 4.413217 4.561038 4.710709 4.862893 5.019299 5.176546 5.340877 5.48494 5.593884 5.681045 5.758447 5.819461 5.884569 5.951699 6.00937 6.072545 6.150524 6.253699 6.372381 6.488145 6.586416 6.709494 6.828649 6.939465 7.02142 7.078142 7.108027 7.113854 7.093955 7.067936 7.02321 6.974459 6.94174 6.928522 6.942895 6.984385 7.032157 7.066803 7.096925 7.113498 7.088077 7.011792 6.907601 6.795839 6.676622 6.56448 6.456423 6.31429 6.148019 6.018817 5.918922 5.919505 5.885943 4.706645 3.403985 5.682588 5.575077
4.304902 4.193689 4.109343 4.095027 4.146508 4.246923 4.389957 4.540058 4.70317 4.877776 5.060892 5.254288 5.429013 5.577829 5.70971 5.827676 5.928436 6.014112 6.100683 6.164953 6.21739 6.295833 6.400883 6.528518 6.652823 6.769038 6.867104 6.962781 7.076748 7.17102 7.244857 7.295736 7.327846 7.326478 7.316339 7.295475 7.253568 7.204473 7.170631 7.161697 7.178 7.210314 7.225208 7.228626 7.222254 7.187717 7.113427 6.999407 6.871055 6.750109 6.632705 6.521279 6.396096 6.235294 6.094051 6.023004 6.010263 5.962767 5.906968 5.840351 5.747172 5.63674
4.342574 4.195077 4.059652 3.977015 3.986599 4.068888 4.207125 4.352827 4.517171 4.696558 4.90011 5.118837 5.316803 5.491641 5.651484 5.801828 5.939775 6.061278 6.164208 6.243678 6.31574 6.387668 6.479392 6.59903 6.722708 6.841892 6.949095 7.039105 7.122794 7.226043 7.310416 7.380042 7.429956 7.453862 7.465277 7.467016 7.440942 7.395019 7.355958 7.336457 7.343053 7.357496 7.350835 7.332366 7.309637 7.261768 7.184183 7.083642 6.949766 6.811902 6.680443 6.555142 6.43656 6.294739 6.153226 6.104168 6.084799 6.027906 5.959088 5.889918 5.7993 5.704841
4.374945 4.186357 4.010706 3.874646 3.82378 3.883929 4.008351 4.139306 4.303145 4.48476 4.696788 4.929615 5.146764 5.348764 5.533101 5.703384 5.863349 6.016065 6.155307 6.266743 6.351956 6.420226 6.498387 6.595059 6.700366 6.808545 6.908949 7.002077 7.08045 7.173577 7.272351 7.362649 7.431993 7.485802 7.522571 7.545951 7.548667 7.528857 7.501629 7.484007 7.478094 7.47636 7.461382 7.433162 7.397656 7.335588 7.246467 7.140968 7.014714 6.862841 6.714716 6.576065 6.449166 6.316445 6.181362 6.158172 6.139643 6.086179 6.012149 5.938833 5.865129 5.803008
4.458625 4.224665 4.006616 3.829705 3.726627 3.722135 3.791152 3.889272 4.048415 4.237272 4.453907 4.691946 4.92402 5.147573 5.355896 5.548752 5.718753 5.887184 6.057816 6.211213 6.320524 6.402405 6.475522 6.549304 6.631846 6.718123 6.803323 6.897286 6.984849 7.06805 7.171865 7.275312 7.360983 7.440728 7.504691 7.55315 7.587645 7.602461 7.599649 7.590733 7.584627 7.583582 7.569029 7.537378 7.496269 7.422118 7.31423 7.191733 7.063107 6.909115 6.747164 6.597379 6.458899 6.329529 6.201877 6.197139 6.172064 6.11936 6.055556 5.993098 5.937596 5.902916
4.593895 4.329343 4.083444 3.865544 3.697854 3.588744 3.57204 3.624038 3.767006 3.95309 4.173269 4.418108 4.655879 4.891733 5.118352 5.331604 5.504261 5.667194 5.850383 6.03082 6.164315 6.271215 6.363263 6.428246 6.49394 6.560943 6.626444 6.714065 6.819731 6.905335 7.006638 7.116698 7.21541 7.316091 7.408295 7.482181 7.544266 7.595074 7.625214 7.640502 7.651753 7.664714 7.664574 7.637298 7.59288 7.518659 7.402885 7.255007 7.104415 6.949058 6.777211 6.618275 6.471196 6.339121 6.218971 6.219106 6.18073 6.124214 6.070293 6.027575 6.003688 6.015581
4.762717 4.456512 4.164036 3.891125 3.656857 3.457675 3.346021 3.343168 3.463105 3.633489 3.833068 4.063662 4.290737 4.520942 4.75904 4.986117 5.167064 5.328916 5.505941 5.683039 5.83054 5.955046 6.058417 6.130941 6.197555 6.269569 6.334396 6.411011 6.519913 6.639798 6.757087 6.879384 6.996068 7.112689 7.229217 7.325965 7.410174 7.491264 7.555808 7.601168 7.639165 7.673526 7.693755 7.680988 7.639854 7.572809 7.473436 7.32989 7.154924 6.985648 6.808172 6.642031 6.489401 6.351679 6.255536 6.241306 6.192497 6.122888 6.058627 6.031222 6.044528 6.099026
4.946311 4.620929 4.294466 3.959117 3.653337 3.386358 3.191739 3.113136 3.180566 3.303066 3.4599 3.65574 3.85195 4.079632 4.311337 4.528858 4.717366 4.885283 5.063645 5.239176 5.386653 5.516216 5.622769 5.699184 5.772724 5.853434 5.931279 6.011744 6.121829 6.276009 6.429848 6.573102 6.717247 6.85241 6.986199 7.109184 7.214722 7.320605 7.416545 7.488336 7.553896 7.614228 7.659413 7.671804 7.6501 7.591602 7.506512 7.393668 7.219555 7.030373 6.844154 6.669186 6.514742 6.375972 6.301763 6.278959 6.219013 6.141046 6.069867 6.062833 6.121384 6.219812
5.156076 4.827698 4.494546 4.136461 3.772054 3.450252 3.195657 3.02928 2.975619 3.005359 3.097455 3.246768 3.393242 3.588083 3.82437 4.04676 4.227162 4.403739 4.593888 4.776129 4.927341 5.056445 5.163503 5.234772 5.287047 5.368262 5.464987 5.566043 5.686571 5.860735 6.05138 6.231145 6.400639 6.563246 6.716222 6.863782 6.997312 7.125716 7.252861 7.355329 7.446284 7.532822 7.601335 7.634857 7.63701 7.592218 7.514184 7.424443 7.285077 7.085987 6.886277 6.700615 6.540916 6.398677 6.332008 6.300082 6.230327 6.148176 6.095006 6.110431 6.20614 6.335549
5.393124 5.067652 4.72507 4.348804 3.961631 3.605621 3.304924 3.058239 2.879653 2.799872 2.81274 2.890006 2.966544 3.102021 3.327403 3.527616 3.713665 3.88235 4.071007 4.271671 4.444837 4.578644 4.683005 4.754179 4.79229 4.831286 4.923288 5.038545 5.187016 5.393698 5.619271 5.838427 6.046464 6.248237 6.431346 6.599167 6.761074 6.916548 7.071792 7.207011 7.322879 7.436988 7.530923 7.584786 7.608492 7.580285 7.508431 7.422801 7.316937 7.137356 6.926297 6.729858 6.561237 6.413846 6.341207 6.294848 6.22799 6.150096 6.103878 6.138745 6.262779 6.418117
5.642853 5.324697 4.971442 4.601567 4.203434 3.807784 3.45334 3.140261 2.893694 2.750556 2.707245 2.709197 2.719384 2.779516 2.917469 3.038625 3.192039 3.334147 3.495272 3.702964 3.91131 4.072084 4.184318 4.276349 4.311485 4.31496 4.374912 4.482462 4.64599 4.867194 5.104073 5.371902 5.644918 5.901765 6.122794 6.314633 6.503396 6.69276 6.875615 7.046839 7.188636 7.330713 7.452799 7.53071 7.575516 7.563642 7.497973 7.411881 7.311009 7.165427 6.954948 6.749851 6.57332 6.422453 6.340645 6.282445 6.222164 6.160392 6.125729 6.184803 6.342306 6.527828
5.893178 5.603228 5.263005 4.896151 4.493081 4.081539 3.703085 3.349123 3.055349 2.853054 2.748115 2.707208 2.692575 2.665247 2.649359 2.645864 2.695858 2.807881 2.924379 3.102316 3.334078 3.540992 3.695243 3.802297 3.86252 3.87345 3.888311 3.992147 4.0999 4.27691 4.547672 4.855133 5.203682 5.523675 5.780246 5.998977 6.232124 6.456454 6.668109 6.872046 7.044928 7.215947 7.368906 7.476607 7.54737 7.554519 7.4936 7.403171 7.297581 7.172737 6.978907 6.766858 6.58265 6.429095 6.346283 6.289015 6.231666 6.180619 6.172911 6.259243 6.42488 6.614677
6.121344 5.859124 5.554438 5.210972 4.815533 4.398273 3.985058 3.607326 3.271161 3.006088 2.851516 2.804588 2.78079 2.689329 2.534683 2.371882 2.298621 2.365368 2.44476 2.569205 2.801029 3.054792 3.258467 3.410207 3.498114 3.508344 3.502969 3.57035 3.643232 3.767553 4.042607 4.365734 4.759544 5.142159 5.446702 5.706271 5.973922 6.22697 6.46242 6.691623 6.897553 7.096457 7.279125 7.420968 7.525761 7.561029 7.512032 7.415648 7.302287 7.176973 7.002269 6.786893 6.594502 6.433189 6.341325 6.30289 6.25165 6.207761 6.20785 6.30716 6.487535 6.687416
6.334629 6.087482 5.798728 5.469922 5.110415 4.709099 4.291736 3.922214 3.567124 3.261731 3.094503 3.031658 2.978076 2.823337 2.589455 2.305599 2.143815 2.144104 2.167489 2.243021 2.460728 2.735798 2.987244 3.1962 3.320568 3.345912 3.348925 3.432845 3.48571 3.560542 3.821356 4.121626 4.507225 4.909287 5.244416 5.529632 5.796653 6.047752 6.297302 6.551089 6.782218 6.997922 7.196147 7.364232 7.501948 7.573011 7.550599 7.458922 7.337215 7.197154 7.035738 6.83145 6.635839 6.468761 6.357678 6.318634 6.282481 6.2611 6.270909 6.370284 6.543314 6.733717
