py_wake/examples/data/AJ_ParqueFicticio/Ridge area   Sector 7   Height 200m   Orographic turn.grd
DSAA
90  129
 262878   265103
 6504214   6507414
-15.10643   14.46258
[rows 81 to 107 of 129, columns 0 to 59 of 90]
4.573627 4.953829 4.892494 4.497195 3.702429 2.529864 1.242818 .1135904 -.722443 -1.279456 -1.586532 -1.701099 -1.660704 -1.529167 -1.337167 -1.118275 -1.024663 -1.001562 -.9384603 -.8072593 -.66521 -.6291178 -.7636723 -1.004153 -1.278128 -1.505276 -1.695372 -1.829313 -1.852092 -1.75833 -1.576191 -1.269765 -.7873275 -.1728035 .4948434 1.138637 1.775466 2.428334 3.086335 3.654819 4.088427 4.527255 4.878935 5.063958 5.045864 4.86942 4.629582 4.316932 4.040418 3.536295 2.924137 2.220959 1.283322 .03840543 -1.485845 -3.096779 -4.535617 -5.667566 -6.489794 -7.035607
3.150255 3.224077 3.069897 2.747352 2.185601 1.487277 .8158414 .1926367 -.3630784 -.7417584 -.9955087 -1.241937 -1.370664 -1.208712 -1.016574 -1.014554 -1.075142 -1.141477 -1.119013 -.9000881 -.7560771 -.81598 -1.026058 -1.320211 -1.61008 -1.816254 -1.984752 -2.090113 -2.034536 -1.838439 -1.522557 -1.05853 -.4109741 .3751221 1.175224 1.919102 2.615985 3.27067 3.865405 4.307077 4.600163 4.803761 4.906813 4.920848 4.749304 4.468482 4.127569 3.717482 3.385816 2.835301 2.273457 1.658 .8379306 -.2929618 -1.771039 -3.457444 -5.063967 -6.358671 -7.25857 -7.804796
2.545691 2.562125 2.425281 2.17028 1.836882 1.429582 .9863655 .5718054 .229042 .005035269 -.1802637 -.4132074 -.6728833 -.8614562 -.948293 -1.007998 -1.044839 -1.049874 -1.016715 -.9508455 -.9657366 -1.07681 -1.260409 -1.505726 -1.774242 -1.998123 -2.16872 -2.240272 -2.129959 -1.882712 -1.50302 -.8849576 -.01379156 .9547685 1.894329 2.763072 3.516135 4.183519 4.693705 4.993141 5.10851 5.065866 4.933726 4.72574 4.404819 3.996448 3.534114 3.020327 2.510731 1.923845 1.394942 .8620076 .1963965 -.7586736 -2.103136 -3.758439 -5.441061 -6.824192 -7.776988 -8.387798
2.494347 2.507587 2.378229 2.163384 1.963764 1.710588 1.392752 1.092357 .8828775 .7382808 .5842011 .3792613 .05526161 -.3664585 -.7241781 -.9401541 -1.003229 -.968355 -.9600315 -1.060506 -1.199149 -1.331622 -1.470819 -1.647581 -1.893783 -2.12376 -2.26248 -2.292631 -2.138578 -1.848969 -1.363044 -.5553998 .4716391 1.557166 2.586646 3.531456 4.340352 5.011716 5.453604 5.665282 5.645376 5.378141 4.99509 4.567935 4.068559 3.49542 2.88791 2.267061 1.553867 .9148471 .3819911 -.1080741 -.6344144 -1.37618 -2.503564 -3.980829 -5.597662 -6.982469 -8.00112 -8.743876
2.774488 2.772427 2.637686 2.450748 2.261835 2.067316 1.838662 1.605097 1.433327 1.322192 1.203417 .9866905 .5805767 .01250907 -.5341694 -.8921897 -1.032972 -1.062937 -1.10614 -1.270052 -1.457019 -1.597987 -1.715606 -1.836812 -1.994045 -2.156655 -2.224638 -2.169281 -1.916786 -1.523242 -.9028586 -.004156317 1.066328 2.178892 3.240139 4.158356 4.956131 5.635669 6.064207 6.264592 6.172427 5.766514 5.131988 4.435631 3.751095 3.026371 2.263776 1.429638 .5754907 -.09203822 -.6553232 -1.144714 -1.607755 -2.198108 -3.110123 -4.326947 -5.736756 -7.032821 -8.095967 -8.925005
3.140061 3.164424 3.059206 2.884811 2.685942 2.537286 2.401596 2.216945 1.967044 1.712954 1.459264 1.138845 .709936 .1652368 -.4150419 -.9183695 -1.202452 -1.323585 -1.421106 -1.577054 -1.761629 -1.899346 -1.977959 -1.992739 -2.002269 -2.01614 -1.921827 -1.720496 -1.376535 -.8588741 -.1141348 .7841105 1.765906 2.841416 3.826943 4.653377 5.421547 6.073996 6.49609 6.702197 6.601775 6.199251 5.516121 4.612266 3.636824 2.628436 1.578599 .5484941 -.3642785 -1.080634 -1.690833 -2.194054 -2.658049 -3.184018 -3.928094 -4.879601 -6.023031 -7.215372 -8.30216 -9.151757
3.628055 3.671958 3.599509 3.435284 3.189395 2.955788 2.746635 2.545637 2.29551 1.94465 1.537589 1.11355 .6458984 .09897874 -.4814154 -1.021652 -1.435444 -1.692207 -1.840175 -1.991272 -2.13048 -2.20483 -2.17502 -2.031675 -1.843323 -1.652406 -1.34437 -.9504613 -.4321576 .2132395 .9433143 1.721862 2.579451 3.487663 4.308567 5.041101 5.7403 6.334913 6.745811 6.933901 6.842783 6.430197 5.707628 4.736411 3.582131 2.353501 1.121072 -.05665542 -1.099385 -1.962451 -2.672956 -3.251061 -3.749599 -4.22513 -4.815318 -5.540688 -6.445805 -7.466364 -8.446876 -9.190864
4.094398 4.129521 4.049252 3.880437 3.599635 3.262374 2.962645 2.693056 2.404002 2.024719 1.538325 1.012518 .4614385 -.1225192 -.7172279 -1.275534 -1.75348 -2.105949 -2.314802 -2.440882 -2.496115 -2.425253 -2.235705 -1.911523 -1.489416 -1.027224 -.508812 .04357408 .6675027 1.327756 2.010052 2.709327 3.468364 4.193284 4.82527 5.428274 6.014212 6.500074 6.839819 7.020629 6.940683 6.448942 5.679057 4.671294 3.471454 2.158994 .8052108 -.5201523 -1.7529 -2.817211 -3.631241 -4.274505 -4.763659 -5.169108 -5.653668 -6.244144 -6.974762 -7.775099 -8.58155 -9.186572
4.439383 4.446456 4.322217 4.128723 3.853049 3.456437 3.02188 2.623821 2.237125 1.796795 1.284503 .74451 .1761392 -.4489817 -1.077795 -1.654895 -2.16607 -2.544652 -2.752101 -2.814482 -2.739054 -2.487717 -2.099233 -1.565358 -.9104759 -.2182721 .4670523 1.164115 1.872592 2.524653 3.130992 3.707605 4.30195 4.838969 5.314418 5.764513 6.200957 6.548685 6.786658 6.952854 6.842172 6.370125 5.632198 4.642159 3.409549 1.96567 .444704 -1.025574 -2.346359 -3.536146 -4.460265 -5.11861 -5.579244 -5.95331 -6.405304 -6.927289 -7.538919 -8.164961 -8.810609 -9.326756
4.679598 4.631757 4.404444 4.135076 3.798751 3.34722 2.830031 2.308367 1.810364 1.30772 .7807752 .2449457 -.3122554 -.9130785 -1.515306 -2.048602 -2.512087 -2.878976 -3.070947 -3.08892 -2.902184 -2.47516 -1.875654 -1.107821 -.213777 .6865817 1.550622 2.403187 3.156914 3.781946 4.326476 4.784479 5.172274 5.50647 5.826502 6.121301 6.369525 6.519915 6.634035 6.699831 6.66286 6.182518 5.381999 4.388334 3.180081 1.750846 .1818074 -1.379681 -2.81373 -4.086814 -5.097666 -5.77696 -6.236883 -6.689982 -7.204132 -7.757675 -8.318789 -8.798909 -9.268806 -9.754137
4.890041 4.786449 4.468527 4.02501 3.541465 2.984355 2.373691 1.76701 1.194034 .6373479 .09683359 -.4115992 -.9066875 -1.406349 -1.888266 -2.309551 -2.713526 -3.058562 -3.232513 -3.213842 -2.937885 -2.343339 -1.558056 -.5452733 .5824391 1.684695 2.710047 3.657695 4.431014 5.058037 5.569092 5.931047 6.130401 6.251848 6.41477 6.592569 6.703124 6.651571 6.516668 6.410887 6.125295 5.664858 5.008048 4.117071 2.945243 1.503553 -.09151239 -1.704277 -3.244319 -4.556255 -5.589883 -6.338982 -6.933306 -7.583424 -8.248075 -8.802967 -9.261229 -9.68935 -10.15984 -10.6561
5.102792 4.870452 4.464118 3.881167 3.199355 2.514485 1.8226 1.130065 .4868833 -.08982142 -.6022394 -1.047754 -1.417795 -1.751872 -2.056744 -2.336174 -2.64315 -2.919899 -3.061314 -3.004955 -2.616632 -1.911982 -.9626543 .1994551 1.421779 2.62789 3.77006 4.771867 5.515969 6.127915 6.603361 6.925143 7.052427 7.004007 6.961759 6.950331 6.905123 6.737715 6.443772 6.089709 5.672948 5.213212 4.595892 3.739747 2.6023 1.166267 -.4324857 -2.053101 -3.591752 -4.943789 -6.080454 -7.017339 -7.83165 -8.671995 -9.419776 -9.963373 -10.37356 -10.81668 -11.30719 -11.68698
5.202203 4.811621 4.25065 3.524265 2.736471 1.946076 1.167615 .4208765 -.2326234 -.7511143 -1.154938 -1.458328 -1.670756 -1.849009 -1.998562 -2.167327 -2.362072 -2.523525 -2.583807 -2.40548 -1.905718 -1.095991 -.04305094 1.115324 2.346375 3.545949 4.675996 5.64839 6.367664 6.937872 7.341596 7.590023 7.664336 7.547489 7.364516 7.161031 6.94558 6.634122 6.236204 5.75844 5.268589 4.74021 4.141741 3.306037 2.187973 .7701638 -.8402538 -2.47224 -4.026381 -5.441065 -6.66294 -7.70746 -8.687302 -9.647497 -10.44086 -11.00685 -11.49369 -11.93772 -12.29985 -12.46466
5.09225 4.557448 3.822577 2.983137 2.13468 1.312847 .4840238 -.2837484 -.8294932 -1.202144 -1.452536 -1.57399 -1.623375 -1.656946 -1.694845 -1.761974 -1.830933 -1.875931 -1.786694 -1.482138 -.9192047 -.1192518 .8839669 2.009025 3.18105 4.330793 5.422644 6.332113 7.03778 7.556347 7.874477 8.033048 8.064578 7.888856 7.596364 7.233818 6.841703 6.365139 5.841082 5.263079 4.722955 4.187119 3.5744 2.76001 1.655843 .2587191 -1.312502 -2.951128 -4.553449 -6.010408 -7.257803 -8.400391 -9.530041 -10.50705 -11.32544 -11.9703 -12.46132 -12.84578 -13.0825 -13.11418
4.828652 4.177568 3.328504 2.408256 1.523651 .6988115 -.05771787 -.7182568 -1.114451 -1.330936 -1.428541 -1.403499 -1.333239 -1.228724 -1.143571 -1.107579 -1.104099 -1.05621 -.8710416 -.5026413 .07034635 .845845 1.767644 2.782096 3.821707 4.913564 5.957285 6.822852 7.523603 8.037044 8.325112 8.372477 8.232279 7.931026 7.53508 7.062103 6.512797 5.916028 5.303833 4.676236 4.076866 3.497365 2.881454 2.07443 .9694722 -.3937989 -1.917527 -3.520244 -5.092942 -6.542075 -7.830998 -9.023829 -10.15537 -11.15043 -11.93758 -12.59087 -13.0894 -13.44666 -13.63855 -13.66929
4.533471 3.755612 2.838402 1.906524 1.062598 .3569032 -.2583892 -.773877 -1.027907 -1.109321 -1.050148 -.9013889 -.7131268 -.518939 -.379404 -.2872321 -.2210976 -.112979 .1115902 .4700498 1.000303 1.712219 2.578366 3.472042 4.340761 5.288209 6.22157 7.065522 7.765732 8.295874 8.592206 8.606815 8.363376 7.939419 7.410715 6.79921 6.101483 5.361953 4.629712 3.906459 3.262357 2.660245 2.013074 1.172872 .06355424 -1.240047 -2.65045 -4.12836 -5.625536 -7.057847 -8.405024 -9.600901 -10.67507 -11.58715 -12.32837 -12.92906 -13.43012 -13.83056 -14.11775 -14.27284
4.204333 3.352023 2.443653 1.579629 .8615469 .3106435 -.1600206 -.5006713 -.6124046 -.5576935 -.38616 -.158626 .09554812 .3119085 .484509 .6449384 .783853 .9220303 1.115756 1.414277 1.91208 2.567376 3.330525 4.080597 4.812543 5.558793 6.315649 7.066073 7.764021 8.337831 8.674194 8.695241 8.423533 7.911608 7.255891 6.499756 5.642649 4.74359 3.868969 3.053316 2.33368 1.656215 .9408092 .06004651 -1.056172 -2.263649 -3.501376 -4.811582 -6.226906 -7.604253 -8.880427 -9.980093 -11.02296 -11.85931 -12.53975 -13.09487 -13.59531 -14.08488 -14.46452 -14.68999
3.834118 3.003474 2.175658 1.443193 .8993297 .5171387 .2155813 .06586873 .08731221 .2532498 .49664 .7693402 1.064887 1.335696 1.545554 1.719062 1.895844 2.092284 2.294285 2.57065 2.971191 3.479981 4.029123 4.599559 5.198648 5.781485 6.372003 6.987322 7.595999 8.139468 8.479353 8.533955 8.288121 7.770637 7.060702 6.187095 5.169054 4.102413 3.069939 2.104533 1.279413 .5508597 -.2067135 -1.115884 -2.19823 -3.320467 -4.371503 -5.473408 -6.735208 -7.979345 -9.168424 -10.21672 -11.23258 -11.98411 -12.55471 -13.04364 -13.53921 -14.06073 -14.52502 -14.78405
3.473986 2.709097 2.017371 1.465519 1.118233 .9078454 .8002555 .8193471 .9455659 1.179277 1.469922 1.774817 2.085159 2.373687 2.635336 2.85891 3.055881 3.251733 3.462955 3.726772 4.036468 4.378269 4.721687 5.11062 5.550707 5.969169 6.383502 6.856307 7.374072 7.862513 8.17392 8.243099 8.025932 7.529836 6.788473 5.81962 4.656901 3.423151 2.228346 1.133155 .2374889 -.5232909 -1.312808 -2.216431 -3.21318 -4.205646 -5.093286 -6.00585 -7.068038 -8.201874 -9.331218 -10.35634 -11.26161 -11.91303 -12.38243 -12.78291 -13.23696 -13.72739 -14.20444 -14.58047
1.70141E+38 1.70141E+38 1.70141E+38 1.70141E+38 1.70141E+38 1.70141E+38 1.70141E+38 1.70141E+38 1.70141E+38 1.70141E+38 1.70141E+38 1.70141E+38 1.70141E+38 1.70141E+38 1.70141E+38 1.70141E+38 1.70141E+38 1.70141E+38 1.70141E+38 1.70141E+38 1.70141E+38 1.70141E+38 1.70141E+38 1.70141E+38 1.70141E+38 1.70141E+38 1.70141E+38 1.70141E+38 1.70141E+38 1.70141E+38 1.70141E+38 1.70141E+38 1.70141E+38 1.70141E+38 1.70141E+38 1.70141E+38 1.70141E+38 1.70141E+38 1.70141E+38 1.70141E+38 1.70141E+38 1.70141E+38 1.70141E+38 1.70141E+38 1.70141E+38 1.70141E+38 1.70141E+38 1.70141E+38 1.70141E+38 1.70141E+38 1.70141E+38 1.70141E+38 1.70141E+38 1.70141E+38 1.70141E+38 1.70141E+38 1.70141E+38 1.70141E+38 1.70141E+38 1.70141E+38
1.70141E+38 1.70141E+38 1.70141E+38 1.70141E+38 1.70141E+38 1.70141E+38 1.70141E+38 1.70141E+38 1.70141E+38 1.70141E+38 1.70141E+38 1.70141E+38 1.70141E+38 1.70141E+38 1.70141E+38 1.70141E+38 1.70141E+38 1.70141E+38 1.70141E+38 1.70141E+38 1.70141E+38 1.70141E+38 1.70141E+38 1.70141E+38 1.70141E+38 1.70141E+38 1.70141E+38 1.70141E+38 1.70141E+38 1.70141E+38 1.70141E+38 1.70141E+38 1.70141E+38 1.70141E+38 1.70141E+38 1.70141E+38 1.70141E+38 1.70141E+38 1.70141E+38 1.70141E+38 1.70141E+38 1.70141E+38 1.70141E+38 1.70141E+38 1.70141E+38 1.70141E+38 1.70141E+38 1.70141E+38 1.70141E+38 1.70141E+38 1.70141E+38 1.70141E+38 1.70141E+38 1.70141E+38 1.70141E+38 1.70141E+38 1.70141E+38 1.70141E+38 1.70141E+38 1.70141E+38
1.70141E+38 1.70141E+38 1.70141E+38 1.70141E+38 1.70141E+38 1.70141E+38 1.70141E+38 1.70141E+38 1.70141E+38 1.70141E+38 1.70141E+38 1.70141E+38 1.70141E+38 1.70141E+38 1.70141E+38 1.70141E+38 1.70141E+38 1.70141E+38 1.70141E+38 1.70141E+38 1.70141E+38 1.70141E+38 1.70141E+38 1.70141E+38 1.70141E+38 1.70141E+38 1.70141E+38 1.70141E+38 1.70141E+38 1.70141E+38 1.70141E+38 1.70141E+38 1.70141E+38 1.70141E+38 1.70141E+38 1.70141E+38 1.70141E+38 1.70141E+38 1.70141E+38 1.70141E+38 1.70141E+38 1.70141E+38 1.70141E+38 1.70141E+38 1.70141E+38 1.70141E+38 1.70141E+38 1.70141E+38 1.70141E+38 1.70141E+38 1.70141E+38 1.70141E+38 1.70141E+38 1.70141E+38 1.70141E+38 1.70141E+38 1.70141E+38 1.70141E+38 1.70141E+38 1.70141E+38
1.70141E+38 1.70141E+38 1.70141E+38 1.70141E+38 1.70141E+38 1.70141E+38 1.70141E+38 1.70141E+38 1.70141E+38 1.70141E+38 1.70141E+38 1.70141E+38 1.70141E+38 1.70141E+38 1.70141E+38 1.70141E+38 1.70141E+38 1.70141E+38 1.70141E+38 1.70141E+38 1.70141E+38 1.70141E+38 1.70141E+38 1.70141E+38 1.70141E+38 1.70141E+38 1.70141E+38 1.70141E+38 1.70141E+38 1.70141E+38 1.70141E+38 1.70141E+38 1.70141E+38 1.70141E+38 1.70141E+38 1.70141E+38 1.70141E+38 1.70141E+38 1.70141E+38 1.70141E+38 1.70141E+38 1.70141E+38 1.70141E+38 1.70141E+38 1.70141E+38 1.70141E+38 1.70141E+38 1.70141E+38 1.70141E+38 1.70141E+38 1.70141E+38 1.70141E+38 1.70141E+38 1.70141E+38 1.70141E+38 1.70141E+38 1.70141E+38 1.70141E+38 1.70141E+38 1.70141E+38
1.70141E+38 1.70141E+38 1.70141E+38 1.70141E+38 1.70141E+38 1.70141E+38 1.70141E+38 1.70141E+38 1.70141E+38 1.70141E+38 1.70141E+38 1.70141E+38 1.70141E+38 1.70141E+38 1.70141E+38 1.70141E+38 1.70141E+38 1.70141E+38 1.70141E+38 1.70141E+38 1.70141E+38 1.70141E+38 1.70141E+38 1.70141E+38 1.70141E+38 1.70141E+38 1.70141E+38 1.70141E+38 1.70141E+38 1.70141E+38 1.70141E+38 1.70141E+38 1.70141E+38 1.70141E+38 1.70141E+38 1.70141E+38 1.70141E+38 1.70141E+38 1.70141E+38 1.70141E+38 1.70141E+38 1.70141E+38 1.70141E+38 1.70141E+38 1.70141E+38 1.70141E+38 1.70141E+38 1.70141E+38 1.70141E+38 1.70141E+38 1.70141E+38 1.70141E+38 1.70141E+38 1.70141E+38 1.70141E+38 1.70141E+38 1.70141E+38 1.70141E+38 1.70141E+38 1.70141E+38
1.70141E+38 1.70141E+38 1.70141E+38 1.70141E+38 1.70141E+38 1.70141E+38 1.70141E+38 1.70141E+38 1.70141E+38 1.70141E+38 1.70141E+38 1.70141E+38 1.70141E+38 1.70141E+38 1.70141E+38 1.70141E+38 1.70141E+38 1.70141E+38 1.70141E+38 1.70141E+38 1.70141E+38 1.70141E+38 1.70141E+38 1.70141E+38 1.70141E+38 1.70141E+38 1.70141E+38 1.70141E+38 1.70141E+38 1.70141E+38 1.70141E+38 1.70141E+38 1.70141E+38 1.70141E+38 1.70141E+38 1.70141E+38 1.70141E+38 1.70141E+38 1.70141E+38 1.70141E+38 1.70141E+38 1.70141E+38 1.70141E+38 1.70141E+38 1.70141E+38 1.70141E+38 1.70141E+38 1.70141E+38 1.70141E+38 1.70141E+38 1.70141E+38 1.70141E+38 1.70141E+38 1.70141E+38 1.70141E+38 1.70141E+38 1.70141E+38 1.70141E+38 1.70141E+38 1.70141E+38
1.70141E+38 1.70141E+38 1.70141E+38 1.70141E+38 1.70141E+38 1.70141E+38 1.70141E+38 1.70141E+38 1.70141E+38 1.70141E+38 1.70141E+38 1.70141E+38 1.70141E+38 1.70141E+38 1.70141E+38 1.70141E+38 1.70141E+38 1.70141E+38 1.70141E+38 1.70141E+38 1.70141E+38 1.70141E+38 1.70141E+38 1.70141E+38 1.70141E+38 1.70141E+38 1.70141E+38 1.70141E+38 1.70141E+38 1.70141E+38 1.70141E+38 1.70141E+38 1.70141E+38 1.70141E+38 1.70141E+38 1.70141E+38 1.70141E+38 1.70141E+38 1.70141E+38 1.70141E+38 1.70141E+38 1.70141E+38 1.70141E+38 1.70141E+38 1.70141E+38 1.70141E+38 1.70141E+38 1.70141E+38 1.70141E+38 1.70141E+38 1.70141E+38 1.70141E+38 1.70141E+38 1.70141E+38 1.70141E+38 1.70141E+38 1.70141E+38 1.70141E+38 1.70141E+38 1.70141E+38
1.70141E+38 1.70141E+38 1.70141E+38 1.70141E+38 1.70141E+38 1.70141E+38 1.70141E+38 1.70141E+38 1.70141E+38 1.70141E+38 1.70141E+38 1.70141E+38 1.70141E+38 1.70141E+38 1.70141E+38 1.70141E+38 1.70141E+38 1.70141E+38 1.70141E+38 1.70141E+38 1.70141E+38 1.70141E+38 1.70141E+38 1.70141E+38 1.70141E+38 1.70141E+38 1.70141E+38 1.70141E+38 1.70141E+38 1.70141E+38 1.70141E+38 1.70141E+38 1.70141E+38 1.70141E+38 1.70141E+38 1.70141E+38 1.70141E+38 1.70141E+38 1.70141E+38 1.70141E+38 1.70141E+38 1.70141E+38 1.70141E+38 1.70141E+38 1.70141E+38 1.70141E+38 1.70141E+38 1.70141E+38 1.70141E+38 1.70141E+38 1.70141E+38 1.70141E+38 1.70141E+38 1.70141E+38 1.70141E+38 1.70141E+38 1.70141E+38 1.70141E+38 1.70141E+38 1.70141E+38
