py_wake/examples/data/AJ_ParqueFicticio/Ridge area   Sector 8   Height 200m   Orographic speed.grd
DSAA
90  129
 262878   265103
 6504214   6507414
 .1345283   1.404401
[rows 81 to 107 of 129, columns 0 to 61 of 90]
.8214415 .821704 .827663 .8344647 .8437349 .8578445 .8758733 .8975204 .9220433 .942531 .9617917 .9819204 .9953763 1.000724 .9970313 .9867979 .9700517 .9436156 .9157824 .8894066 .8579233 .8296079 .8006864 .7751772 .7535809 .7383874 .7257752 .7178152 .7160092 .7190539 .7273652 .7440594 .7750499 .8201199 .8757364 .9379094 1.002696 1.070818 1.138022 1.198671 1.242326 1.279209 1.311034 1.324414 1.319412 1.307737 1.288183 1.26112 1.213069 1.134522 1.047162 .9428807 .8173175 .6769808 .5550598 .4742611 .4399619 .4336207 .4240103 .4156316 .420692 .4363382
.8827416 .8936343 .9070119 .9212567 .9374828 .9546033 .9751716 .9948273 1.009501 1.024124 1.042901 1.059609 1.07036 1.076317 1.074803 1.064119 1.044468 1.022381 1.002401 .9851881 .9559334 .9193128 .8810062 .8506857 .8292692 .8160312 .803956 .7963271 .7959564 .7981501 .8052022 .8191128 .8463171 .8920188 .9456312 1.002163 1.064383 1.129111 1.19436 1.244468 1.278589 1.310206 1.329601 1.328864 1.318895 1.303306 1.280693 1.253562 1.196438 1.118406 1.029614 .9169819 .7770866 .6207814 .4851586 .3928111 .3794729 .3861481 .3847228 .3719431 .343347 .3551024
.944396 .9620237 .9817552 1.000144 1.016025 1.034666 1.05253 1.063964 1.074174 1.088901 1.10419 1.115447 1.124552 1.127787 1.120178 1.105888 1.087788 1.070083 1.055652 1.041893 1.008951 .9696798 .9309356 .9006639 .882926 .8737337 .8643168 .8601405 .8649271 .8690459 .8747734 .8891152 .9178047 .9628504 1.014269 1.065648 1.124247 1.182606 1.240427 1.277195 1.303505 1.326341 1.334687 1.327148 1.313923 1.295 1.27114 1.24164 1.180723 1.107834 1.022017 .9078956 .7618549 .6000375 .4544645 .3512497 .334787 .3490379 .3575387 .3514664 .3264868 .2965673
1.001325 1.021962 1.042429 1.059287 1.075349 1.091622 1.10304 1.110809 1.119839 1.131638 1.141036 1.146764 1.149135 1.144607 1.132975 1.118412 1.102498 1.086566 1.070112 1.049702 1.018708 .9835518 .9491832 .9208568 .9035277 .8987523 .898608 .9021756 .9146714 .9251197 .9375967 .961641 .9952035 1.036539 1.083797 1.131506 1.17797 1.227494 1.272258 1.297742 1.31691 1.331192 1.331768 1.319534 1.302711 1.282249 1.257952 1.220943 1.160878 1.096315 1.017896 .914804 .7785242 .6187031 .4652793 .351152 .2987631 .3196852 .3367534 .3365126 .3161647 .286684
1.052352 1.072232 1.089688 1.104948 1.120562 1.131564 1.137831 1.143432 1.149679 1.155286 1.156873 1.152983 1.143759 1.130296 1.115792 1.101788 1.086837 1.070406 1.050715 1.026321 .9978855 .967081 .9370999 .9128181 .8990055 .8987758 .9087771 .9248279 .9489835 .9705451 .9993606 1.036025 1.073025 1.110969 1.153078 1.192802 1.225488 1.264195 1.294502 1.310315 1.32128 1.325798 1.320023 1.305652 1.286545 1.265064 1.235422 1.194118 1.140729 1.084911 1.014704 .9255309 .805067 .655971 .5021356 .3813933 .3099245 .2932644 .3155429 .3236142 .3089249 .2800555
1.092881 1.109443 1.124041 1.137606 1.149616 1.155341 1.156752 1.156497 1.155415 1.152346 1.143719 1.12999 1.113486 1.096554 1.08032 1.066506 1.053926 1.038122 1.018188 .9943202 .9670064 .9393662 .9138798 .896416 .8884568 .893028 .9122332 .9404063 .9763278 1.01245 1.055098 1.10218 1.140914 1.17775 1.212422 1.237654 1.262287 1.291112 1.308323 1.315472 1.316087 1.308234 1.292002 1.27113 1.248326 1.222461 1.191446 1.156502 1.116243 1.068328 1.006153 .9312241 .8268016 .6934352 .5500159 .4311805 .3572671 .3119809 .2974087 .3069866 .3013473 .2762345
1.119548 1.131775 1.141872 1.150768 1.155862 1.153952 1.148352 1.141007 1.13255 1.121785 1.106573 1.088784 1.070296 1.052363 1.035019 1.020713 1.009217 .9968385 .9813516 .9602873 .9361982 .9119084 .8927026 .8837268 .882383 .8921326 .9205819 .9585631 1.00418 1.052531 1.102244 1.150199 1.191328 1.2291 1.253756 1.27101 1.289816 1.309024 1.315165 1.312732 1.299698 1.27779 1.251001 1.222041 1.194286 1.168252 1.140934 1.11156 1.08099 1.039944 .9852843 .9200856 .8327897 .7224259 .5990933 .4901712 .417694 .3682122 .330916 .3078044 .2994414 .2824515
1.129819 1.136759 1.141827 1.144764 1.142273 1.133606 1.122415 1.109094 1.093889 1.075539 1.055071 1.03488 1.016022 .9985779 .9820575 .9686067 .9569283 .9488754 .9401581 .9261177 .9083986 .892626 .8805447 .8798628 .8877197 .9052773 .9390149 .9825112 1.034789 1.088331 1.14045 1.188133 1.23079 1.264861 1.282438 1.295385 1.308249 1.317883 1.315063 1.300528 1.272334 1.239609 1.205592 1.171851 1.140674 1.112287 1.08428 1.054071 1.023796 .9887791 .9430673 .8875421 .819439 .7351443 .6352342 .5420046 .4768979 .431876 .3924225 .3556759 .3213874 .2950229
1.127309 1.128955 1.12895 1.125784 1.115527 1.100004 1.083286 1.065217 1.044706 1.022131 .9984345 .9761271 .9550048 .9372011 .9233703 .9125444 .9029463 .9014829 .8992229 .893576 .8842939 .8784998 .8754372 .8833653 .9012569 .9272413 .9639811 1.011858 1.069536 1.124801 1.177336 1.224494 1.265968 1.293003 1.304498 1.313154 1.319959 1.3203 1.307908 1.27958 1.23818 1.19453 1.151803 1.109985 1.069243 1.033492 1.003995 .9742873 .9493361 .9155477 .8797392 .8391787 .7895126 .7275456 .6491632 .5731995 .5192361 .4860599 .4547278 .4189788 .3786905 .3323332
1.114137 1.110572 1.106651 1.097745 1.079687 1.058093 1.035943 1.014997 .9925874 .9701646 .9464645 .9222218 .8971496 .8767056 .8665282 .8635224 .8618136 .8638956 .8670065 .8652803 .8633824 .8673996 .8733385 .8905568 .9194495 .9546268 .9973081 1.05055 1.110204 1.164483 1.215496 1.260494 1.297442 1.316106 1.321714 1.32441 1.324314 1.315411 1.292177 1.25221 1.192532 1.134586 1.085599 1.037416 .9869905 .9388812 .9002536 .8686202 .8443369 .8177679 .7929135 .7713535 .7394597 .6897277 .6284575 .5708016 .5318515 .5122136 .4967854 .4699656 .4361047 .3899635
1.085827 1.078209 1.069654 1.055548 1.033678 1.009538 .9861731 .96548 .9444101 .9238352 .9035358 .8814164 .8569066 .8369972 .8309012 .8371848 .8423856 .8479378 .8554244 .8578362 .8612697 .8755619 .8883843 .9159468 .954748 .9963301 1.043138 1.099348 1.155451 1.20398 1.249825 1.287664 1.314905 1.324718 1.323959 1.319454 1.30979 1.288936 1.25583 1.201407 1.136856 1.075065 1.015348 .9463794 .8712372 .8090237 .766326 .7362931 .7142665 .7037886 .6940402 .6845624 .6615128 .6181034 .5686591 .5307419 .5109801 .5043338 .5017973 .4911613 .4738017 .439937
1.039489 1.029831 1.017143 .99791 .9757121 .9531453 .9309199 .9115565 .8945181 .8802347 .8663558 .8513355 .8382753 .829649 .8314812 .8404644 .847315 .8582579 .8709712 .8778111 .8912634 .9138163 .9383385 .9734656 1.014319 1.057609 1.103501 1.155327 1.202327 1.240927 1.277464 1.303983 1.319001 1.319372 1.312091 1.300463 1.280552 1.248199 1.204528 1.144478 1.075919 .9943647 .9032237 .8050959 .7080535 .6440173 .6102336 .5955088 .5891263 .5885012 .5870598 .5829882 .5658914 .5311158 .4942593 .4708768 .4651295 .4684978 .4768758 .4861067 .4900586 .4762115
.9851872 .974641 .960538 .9416947 .9176074 .8931143 .8702288 .8542995 .8435642 .8397029 .8376285 .8357206 .8357825 .8384545 .8497429 .8616759 .8704742 .8858534 .9028701 .9202834 .946182 .9754211 1.010312 1.048287 1.08811 1.129929 1.171767 1.213709 1.246964 1.275167 1.300774 1.31557 1.319331 1.310403 1.294905 1.275881 1.245983 1.206232 1.155867 1.090556 1.001508 .881506 .7462942 .6212716 .522202 .4675804 .4508649 .4582146 .4692682 .4797181 .4882038 .4920794 .4807936 .4546963 .4278828 .4121332 .4111473 .4231727 .443887 .4709011 .4935648 .4991988
.9359679 .9228023 .9119701 .896055 .8731579 .8441502 .8136303 .7995322 .8039033 .8102808 .818693 .8313944 .8421178 .8552504 .8756466 .8933274 .9100111 .9300596 .9513869 .9786226 1.009974 1.045868 1.083152 1.119846 1.158193 1.193963 1.230457 1.262784 1.28425 1.302979 1.317756 1.322412 1.316253 1.297374 1.272534 1.244465 1.206556 1.162636 1.109688 1.039609 .9244631 .7532793 .5855145 .447313 .3556961 .3328102 .3361985 .3525024 .3719245 .3914199 .4092735 .418795 .4119156 .3939014 .3723663 .3585524 .3610736 .3783419 .4076385 .445678 .4837443 .5073388
.894725 .8813408 .8721408 .8607834 .8406745 .813736 .7916067 .7830494 .7959042 .8082426 .8226884 .8452845 .8646472 .8867915 .9138417 .9383969 .961442 .9847248 1.011465 1.04142 1.074363 1.110705 1.148683 1.18538 1.218645 1.248546 1.278677 1.299868 1.311672 1.320835 1.324076 1.317789 1.302674 1.277014 1.246897 1.21254 1.172481 1.128154 1.075159 .998416 .8520818 .6526201 .4645858 .3141611 .2632371 .248009 .2553594 .2765816 .3027036 .3284485 .3505445 .3641268 .363211 .3491171 .3320898 .3186114 .3191729 .3373324 .3705555 .4127574 .4574637 .4929307
.8579301 .8487492 .8413216 .8344004 .8199612 .8056621 .7957065 .7951829 .8139637 .8306161 .8516405 .8779742 .9051049 .9354391 .9655425 .9930589 1.019335 1.047804 1.077772 1.107841 1.139338 1.174248 1.211224 1.245059 1.271477 1.296466 1.31715 1.326516 1.329878 1.329511 1.321618 1.305039 1.28204 1.251091 1.217307 1.179713 1.138829 1.095411 1.042278 .9629232 .7982485 .5783474 .3753039 .2396771 .1952196 .1820771 .1925143 .2154121 .2446042 .274216 .2994344 .3189043 .325256 .3165391 .3035703 .2925982 .2890498 .2987232 .3313395 .3745137 .420307 .4614213
.8316455 .8266467 .8230786 .8192902 .8136128 .8103123 .8090412 .8191602 .8437188 .8673605 .8949294 .9240897 .9549232 .9879645 1.019917 1.050394 1.080028 1.111188 1.142991 1.172416 1.203847 1.236839 1.270137 1.294857 1.313508 1.331505 1.342035 1.342966 1.339538 1.330492 1.311839 1.285582 1.253887 1.217889 1.181353 1.142362 1.102623 1.061531 1.011695 .9327129 .7578519 .5242762 .3150602 .1916891 .1497937 .1630888 .1753253 .1871804 .1962549 .2252597 .2563575 .2820665 .292629 .2890047 .280459 .2736129 .2717304 .2724014 .2948778 .3399893 .3871647 .4313565
.8270152 .8228939 .8215473 .8187241 .8199241 .8240545 .8295465 .8507431 .8798346 .9093803 .9401826 .9727692 1.005744 1.039591 1.073561 1.10679 1.13743 1.16872 1.199036 1.227929 1.257716 1.28539 1.309872 1.325714 1.337762 1.347679 1.350256 1.34562 1.337065 1.321423 1.295193 1.262382 1.224311 1.183821 1.143658 1.103422 1.066139 1.028138 .9818662 .9031518 .7345615 .5059522 .2951742 .1666656 .1434501 .1583311 .1734689 .1886091 .1999919 .2060188 .2241309 .2517967 .2645921 .2646709 .260198 .2572052 .2583956 .2620915 .2737409 .3120639 .3599713 .4062251
.8404155 .8403414 .8408939 .8388913 .844981 .8533667 .864206 .890004 .9217217 .9533989 .9852542 1.017801 1.051448 1.084689 1.117031 1.149137 1.179421 1.208909 1.235815 1.261602 1.285856 1.307277 1.323571 1.333272 1.339953 1.343768 1.341663 1.334581 1.324185 1.305504 1.275013 1.237256 1.194005 1.148467 1.104678 1.063965 1.029308 .9950311 .9526652 .8809457 .7336652 .5208101 .3093248 .1631677 .1345283 .1524431 .1711722 .1898086 .2053229 .2154933 .2204336 .2308955 .242783 .2448636 .2431074 .2435285 .2477398 .2545674 .2659098 .2913869 .332878 .3771977
1.70141E+38 1.70141E+38 1.70141E+38 1.70141E+38 1.70141E+38 1.70141E+38 1.70141E+38 1.70141E+38 1.70141E+38 1.70141E+38 1.70141E+38 1.70141E+38 1.70141E+38 1.70141E+38 1.70141E+38 1.70141E+38 1.70141E+38 1.70141E+38 1.70141E+38 1.70141E+38 1.70141E+38 1.70141E+38 1.70141E+38 1.70141E+38 1.70141E+38 1.70141E+38 1.70141E+38 1.70141E+38 1.70141E+38 1.70141E+38 1.70141E+38 1.70141E+38 1.70141E+38 1.70141E+38 1.70141E+38 1.70141E+38 1.70141E+38 1.70141E+38 1.70141E+38 1.70141E+38 1.70141E+38 1.70141E+38 1.70141E+38 1.70141E+38 1.70141E+38 1.70141E+38 1.70141E+38 1.70141E+38 1.70141E+38 1.70141E+38 1.70141E+38 1.70141E+38 1.70141E+38 1.70141E+38 1.70141E+38 1.70141E+38 1.70141E+38 1.70141E+38 1.70141E+38 1.70141E+38 1.70141E+38 1.70141E+38
1.70141E+38 1.70141E+38 1.70141E+38 1.70141E+38 1.70141E+38 1.70141E+38 1.70141E+38 1.70141E+38 1.70141E+38 1.70141E+38 1.70141E+38 1.70141E+38 1.70141E+38 1.70141E+38 1.70141E+38 1.70141E+38 1.70141E+38 1.70141E+38 1.70141E+38 1.70141E+38 1.70141E+38 1.70141E+38 1.70141E+38 1.70141E+38 1.70141E+38 1.70141E+38 1.70141E+38 1.70141E+38 1.70141E+38 1.70141E+38 1.70141E+38 1.70141E+38 1.70141E+38 1.70141E+38 1.70141E+38 1.70141E+38 1.70141E+38 1.70141E+38 1.70141E+38 1.70141E+38 1.70141E+38 1.70141E+38 1.70141E+38 1.70141E+38 1.70141E+38 1.70141E+38 1.70141E+38 1.70141E+38 1.70141E+38 1.70141E+38 1.70141E+38 1.70141E+38 1.70141E+38 1.70141E+38 1.70141E+38 1.70141E+38 1.70141E+38 1.70141E+38 1.70141E+38 1.70141E+38 1.70141E+38 1.70141E+38
1.70141E+38 1.70141E+38 1.70141E+38 1.70141E+38 1.70141E+38 1.70141E+38 1.70141E+38 1.70141E+38 1.70141E+38 1.70141E+38 1.70141E+38 1.70141E+38 1.70141E+38 1.70141E+38 1.70141E+38 1.70141E+38 1.70141E+38 1.70141E+38 1.70141E+38 1.70141E+38 1.70141E+38 1.70141E+38 1.70141E+38 1.70141E+38 1.70141E+38 1.70141E+38 1.70141E+38 1.70141E+38 1.70141E+38 1.70141E+38 1.70141E+38 1.70141E+38 1.70141E+38 1.70141E+38 1.70141E+38 1.70141E+38 1.70141E+38 1.70141E+38 1.70141E+38 1.70141E+38 1.70141E+38 1.70141E+38 1.70141E+38 1.70141E+38 1.70141E+38 1.70141E+38 1.70141E+38 1.70141E+38 1.70141E+38 1.70141E+38 1.70141E+38 1.70141E+38 1.70141E+38 1.70141E+38 1.70141E+38 1.70141E+38 1.70141E+38 1.70141E+38 1.70141E+38 1.70141E+38 1.70141E+38 1.70141E+38
1.70141E+38 1.70141E+38 1.70141E+38 1.70141E+38 1.70141E+38 1.70141E+38 1.70141E+38 1.70141E+38 1.70141E+38 1.70141E+38 1.70141E+38 1.70141E+38 1.70141E+38 1.70141E+38 1.70141E+38 1.70141E+38 1.70141E+38 1.70141E+38 1.70141E+38 1.70141E+38 1.70141E+38 1.70141E+38 1.70141E+38 1.70141E+38 1.70141E+38 1.70141E+38 1.70141E+38 1.70141E+38 1.70141E+38 1.70141E+38 1.70141E+38 1.70141E+38 1.70141E+38 1.70141E+38 1.70141E+38 1.70141E+38 1.70141E+38 1.70141E+38 1.70141E+38 1.70141E+38 1.70141E+38 1.70141E+38 1.70141E+38 1.70141E+38 1.70141E+38 1.70141E+38 1.70141E+38 1.70141E+38 1.70141E+38 1.70141E+38 1.70141E+38 1.70141E+38 1.70141E+38 1.70141E+38 1.70141E+38 1.70141E+38 1.70141E+38 1.70141E+38 1.70141E+38 1.70141E+38 1.70141E+38 1.70141E+38
1.70141E+38 1.70141E+38 1.70141E+38 1.70141E+38 1.70141E+38 1.70141E+38 1.70141E+38 1.70141E+38 1.70141E+38 1.70141E+38 1.70141E+38 1.70141E+38 1.70141E+38 1.70141E+38 1.70141E+38 1.70141E+38 1.70141E+38 1.70141E+38 1.70141E+38 1.70141E+38 1.70141E+38 1.70141E+38 1.70141E+38 1.70141E+38 1.70141E+38 1.70141E+38 1.70141E+38 1.70141E+38 1.70141E+38 1.70141E+38 1.70141E+38 1.70141E+38 1.70141E+38 1.70141E+38 1.70141E+38 1.70141E+38 1.70141E+38 1.70141E+38 1.70141E+38 1.70141E+38 1.70141E+38 1.70141E+38 1.70141E+38 1.70141E+38 1.70141E+38 1.70141E+38 1.70141E+38 1.70141E+38 1.70141E+38 1.70141E+38 1.70141E+38 1.70141E+38 1.70141E+38 1.70141E+38 1.70141E+38 1.70141E+38 1.70141E+38 1.70141E+38 1.70141E+38 1.70141E+38 1.70141E+38 1.70141E+38
1.70141E+38 1.70141E+38 1.70141E+38 1.70141E+38 1.70141E+38 1.70141E+38 1.70141E+38 1.70141E+38 1.70141E+38 1.70141E+38 1.70141E+38 1.70141E+38 1.70141E+38 1.70141E+38 1.70141E+38 1.70141E+38 1.70141E+38 1.70141E+38 1.70141E+38 1.70141E+38 1.70141E+38 1.70141E+38 1.70141E+38 1.70141E+38 1.70141E+38 1.70141E+38 1.70141E+38 1.70141E+38 1.70141E+38 1.70141E+38 1.70141E+38 1.70141E+38 1.70141E+38 1.70141E+38 1.70141E+38 1.70141E+38 1.70141E+38 1.70141E+38 1.70141E+38 1.70141E+38 1.70141E+38 1.70141E+38 1.70141E+38 1.70141E+38 1.70141E+38 1.70141E+38 1.70141E+38 1.70141E+38 1.70141E+38 1.70141E+38 1.70141E+38 1.70141E+38 1.70141E+38 1.70141E+38 1.70141E+38 1.70141E+38 1.70141E+38 1.70141E+38 1.70141E+38 1.70141E+38 1.70141E+38 1.70141E+38
1.70141E+38 1.70141E+38 1.70141E+38 1.70141E+38 1.70141E+38 1.70141E+38 1.70141E+38 1.70141E+38 1.70141E+38 1.70141E+38 1.70141E+38 1.70141E+38 1.70141E+38 1.70141E+38 1.70141E+38 1.70141E+38 1.70141E+38 1.70141E+38 1.70141E+38 1.70141E+38 1.70141E+38 1.70141E+38 1.70141E+38 1.70141E+38 1.70141E+38 1.70141E+38 1.70141E+38 1.70141E+38 1.70141E+38 1.70141E+38 1.70141E+38 1.70141E+38 1.70141E+38 1.70141E+38 1.70141E+38 1.70141E+38 1.70141E+38 1.70141E+38 1.70141E+38 1.70141E+38 1.70141E+38 1.70141E+38 1.70141E+38 1.70141E+38 1.70141E+38 1.70141E+38 1.70141E+38 1.70141E+38 1.70141E+38 1.70141E+38 1.70141E+38 1.70141E+38 1.70141E+38 1.70141E+38 1.70141E+38 1.70141E+38 1.70141E+38 1.70141E+38 1.70141E+38 1.70141E+38 1.70141E+38 1.70141E+38
1.70141E+38 1.70141E+38 1.70141E+38 1.70141E+38 1.70141E+38 1.70141E+38 1.70141E+38 1.70141E+38 1.70141E+38 1.70141E+38 1.70141E+38 1.70141E+38 1.70141E+38 1.70141E+38 1.70141E+38 1.70141E+38 1.70141E+38 1.70141E+38 1.70141E+38 1.70141E+38 1.70141E+38 1.70141E+38 1.70141E+38 1.70141E+38 1.70141E+38 1.70141E+38 1.70141E+38 1.70141E+38 1.70141E+38 1.70141E+38 1.70141E+38 1.70141E+38 1.70141E+38 1.70141E+38 1.70141E+38 1.70141E+38 1.70141E+38 1.70141E+38 1.70141E+38 1.70141E+38 1.70141E+38 1.70141E+38 1.70141E+38 1.70141E+38 1.70141E+38 1.70141E+38 1.70141E+38 1.70141E+38 1.70141E+38 1.70141E+38 1.70141E+38 1.70141E+38 1.70141E+38 1.70141E+38 1.70141E+38 1.70141E+38 1.70141E+38 1.70141E+38 1.70141E+38 1.70141E+38 1.70141E+38 1.70141E+38
