py_wake/examples/data/AJ_ParqueFicticio/Ridge area   Sector 3   Height 200m   Turbulence intensity.grd
DSAA
90  129
 262878   265103
 6504214   6507414
 11.85211   100
[rows 28 to 55 of 129, columns 0 to 61 of 90]
50.65275 50.45568 50.03745 49.6794 49.3184 48.9445 48.68219 48.51666 48.51717 48.9044 49.78149 51.04405 52.66719 54.46434 56.25248 57.24459 57.72166 57.73417 57.36477 56.49717 54.59065 52.26216 49.79549 46.93801 44.23461 41.44638 38.46336 35.50188 32.57423 29.96605 27.81021 25.9809 24.33123 22.9566 21.89253 21.02024 20.29118 19.70768 19.14284 18.70467 18.40111 18.10874 17.84677 17.75214 17.93172 18.32617 18.9237 19.91644 21.3013 23.09299 25.55503 28.50637 31.76493 35.69199 40.14423 44.83162 49.95667 55.2758 61.11969 65.38635 71.67142 79.05536
51.10981 50.74092 50.22638 49.77775 49.23229 48.61386 48.06763 47.53951 47.12227 47.11157 47.7853 49.0132 50.45622 52.01617 53.68309 54.8256 55.65427 56.0978 56.27107 55.89406 54.65492 53.15767 51.44354 49.06788 46.61453 44.12508 41.0046 37.73016 34.52735 31.70773 29.37698 27.36309 25.57762 23.98796 22.69235 21.69787 20.87013 20.20158 19.58418 19.06881 18.65911 18.25333 17.8891 17.77407 18.0172 18.50042 19.20973 20.31094 21.83767 23.78217 26.46364 29.64633 33.11135 37.22769 41.88773 46.67633 52.24731 57.82098 63.30307 66.90553 72.43845 79.26833
51.80824 51.3165 50.74691 50.23088 49.55133 48.80579 48.09 47.33497 46.59074 46.2201 46.7669 47.82417 49.02185 50.17827 51.38696 52.34212 53.18826 53.85851 54.3969 54.39489 53.47324 52.6876 51.64934 49.68922 47.67434 45.6355 42.479 38.93458 35.68589 32.83172 30.3903 28.38823 26.6696 24.90926 23.38137 22.23341 21.3263 20.56245 19.86713 19.26723 18.74184 18.19611 17.74527 17.63638 17.88684 18.4529 19.32726 20.54025 22.23002 24.35902 27.19404 30.49462 34.04819 38.31024 43.35748 48.49051 54.14265 59.67817 65.33872 67.79157 72.55066 78.89941
52.83932 52.28675 51.68401 51.15666 50.40146 49.56046 48.7482 47.94427 47.1555 46.72078 47.03142 47.64547 48.3613 49.1174 49.92103 50.47955 51.11132 51.6187 51.84326 51.59614 51.00571 50.3897 49.39147 47.69197 46.00629 44.05369 41.24511 38.16319 35.42826 32.91531 30.61011 28.59598 26.80985 25.11109 23.64278 22.45652 21.51087 20.69999 19.95377 19.29596 18.69191 18.06671 17.61448 17.5044 17.71201 18.27189 19.27694 20.60179 22.38062 24.58539 27.39721 30.71879 34.27473 38.48066 43.85857 49.41774 54.60511 59.69615 67.11889 67.66413 71.8187 77.55889
53.96608 53.36098 52.72676 52.17963 51.39298 50.55125 49.76696 49.0508 48.38338 47.9868 48.05723 48.29422 48.55232 48.87029 49.29332 49.63237 49.94222 49.811 49.26527 48.75038 48.22574 47.37178 46.20191 44.75053 43.10712 41.1643 38.83654 36.37127 34.19457 32.16276 30.09018 28.14719 26.38806 24.90521 23.62376 22.49898 21.54267 20.70454 19.92915 19.24292 18.58735 17.93263 17.52608 17.39765 17.55238 18.07001 19.04642 20.4445 22.2149 24.43442 27.15912 30.39287 33.86602 37.91599 43.43671 49.63051 54.55569 59.48929 63.03862 67.07821 71.29999 76.41763
55.17192 54.49366 53.80679 53.22188 52.37865 51.52232 50.77172 50.17347 49.67939 49.35023 49.20266 49.13596 49.09001 49.14908 49.37349 49.68146 49.59808 48.62872 47.30125 46.39622 45.59919 44.61505 43.40458 41.94849 40.37304 38.61217 36.48802 34.29419 32.48766 30.73866 29.01454 27.44335 25.85545 24.53618 23.41968 22.35181 21.41375 20.59059 19.82507 19.13511 18.43447 17.76453 17.39423 17.2496 17.35117 17.83168 18.68412 20.04986 21.79739 23.91867 26.39589 29.35661 32.68069 36.58945 41.65765 47.71959 53.06647 58.38834 62.63247 66.74586 71.2644 76.25653
56.41868 55.64837 54.89069 54.23773 53.24095 52.28932 51.49316 50.85832 50.399 50.0868 49.77544 49.49803 49.29487 49.29692 49.54758 49.90521 49.58535 47.93091 46.15784 44.71068 43.61753 42.50917 41.10738 39.61647 38.11647 36.34979 34.27244 32.16474 30.26572 28.686 27.34079 26.03883 24.76304 23.69997 22.69656 21.73567 20.96286 20.19893 19.50955 18.86833 18.16059 17.53071 17.19814 17.03388 17.07759 17.49951 18.2005 19.41754 20.99156 22.84511 25.07665 27.70053 30.82459 34.48044 38.73873 43.73799 49.57356 56.09118 62.35284 67.48624 72.6209 77.41047
57.37102 56.61222 55.91333 55.24841 54.0136 52.84601 51.83361 51.00475 50.3895 49.91378 49.46857 49.0842 48.78219 48.76445 49.02275 49.29486 48.77813 47.30139 45.48322 43.87783 42.44904 40.953 39.34501 37.70009 35.98745 34.03415 31.98953 29.84447 27.93631 26.51314 25.3028 24.1838 23.21939 22.36727 21.49948 20.77443 20.12845 19.50095 18.93596 18.40317 17.77614 17.22989 16.93341 16.75298 16.73893 17.05783 17.65 18.63961 20.04166 21.60676 23.42554 25.64996 28.34118 31.48658 35.21352 39.87785 45.54927 52.47459 61.14491 68.63946 75.85336 81.11203
57.77635 57.31512 56.8651 56.31231 54.83095 53.41624 52.13796 51.05941 50.17435 49.42473 48.80006 48.23146 47.71717 47.57429 47.66642 47.57479 47.06743 46.09438 44.73259 43.18609 41.58973 39.82483 38.06033 36.06508 34.00564 31.92329 29.76941 27.63367 25.80048 24.49302 23.45363 22.5665 21.77284 21.05301 20.35456 19.75842 19.23846 18.75313 18.31842 17.8681 17.35353 16.90047 16.62428 16.42185 16.3303 16.54317 17.09267 17.95492 19.06114 20.36052 21.7965 23.62906 25.92803 28.66118 31.95544 36.19143 41.7837 48.73688 58.34674 69.9919 80.42783 88.3756
57.47183 57.58867 57.57927 57.23632 55.62918 54.05856 52.58943 51.29808 50.13035 49.04676 48.13359 47.2054 46.37204 45.96704 45.72026 45.40364 44.94698 44.2016 43.22776 42.1332 40.44123 38.68607 36.76016 34.59163 32.31498 30.08446 27.9354 25.84126 24.0044 22.79935 21.94384 21.20786 20.54548 19.92581 19.39309 18.90439 18.47906 18.12193 17.80982 17.43144 16.96482 16.54214 16.25271 16.03882 15.89464 15.9978 16.54705 17.33651 18.24428 19.31038 20.56282 21.97389 23.91717 26.38249 29.30297 33.02388 38.17511 45.30895 55.85017 71.3904 86.98161 99.79996
56.17388 57.13861 57.6932 57.58241 56.1411 54.68975 53.21787 51.8134 50.43426 49.0106 47.70158 46.27539 45.06447 44.25129 43.79866 43.34291 42.68209 41.79173 40.98301 39.8752 38.41014 36.89591 35.12133 33.04502 30.80712 28.5731 26.46153 24.48518 22.75968 21.55139 20.72298 20.04202 19.49253 19.00602 18.58402 18.19799 17.88341 17.62227 17.35476 17.00224 16.56719 16.14544 15.8385 15.63621 15.50092 15.58404 16.06672 16.78975 17.61991 18.53476 19.62312 20.87918 22.55018 24.82656 27.5741 30.90395 35.69407 43.18629 54.35815 72.98042 97.45347 100
54.10981 55.69188 56.78251 56.89408 56.03442 54.98349 53.69024 52.31382 50.80178 49.19659 47.56907 45.77733 44.2275 43.07441 42.2509 41.47931 40.47864 39.44511 38.3142 37.16753 35.93764 34.60719 33.09481 31.29636 29.28716 27.23955 25.25495 23.45177 21.87774 20.66053 19.79919 19.13066 18.59863 18.20699 17.85618 17.56819 17.31754 17.11604 16.89557 16.57483 16.17815 15.78226 15.50973 15.33281 15.22734 15.33238 15.7421 16.31656 17.0633 17.97894 18.95143 20.13157 21.7923 24.04924 26.7129 29.97511 34.72652 42.06625 53.8748 76.25443 100 100
51.41803 53.31706 54.78424 55.32746 55.26249 54.77217 53.82248 52.6616 51.17955 49.46208 47.55688 45.50689 43.72399 42.34222 41.11792 39.84177 38.69942 37.44353 36.07792 34.92311 33.82904 32.68277 31.22667 29.48145 27.73619 25.90824 24.15899 22.54995 21.06417 19.91235 19.04622 18.37845 17.85324 17.52438 17.23293 16.99465 16.82034 16.66192 16.47533 16.20455 15.85669 15.50276 15.25539 15.08638 14.9792 15.07337 15.43534 15.9784 16.68243 17.57602 18.51492 19.58871 21.357 23.83514 26.48389 29.66672 34.51432 42.08947 54.34089 81.16944 100 100
48.35557 50.3629 52.15699 53.37349 53.99396 54.04811 53.48433 52.64263 51.39143 49.65062 47.57596 45.39929 43.4781 41.81833 40.27694 38.78989 37.38305 36.03455 34.58612 33.40825 32.41937 31.22278 29.77532 28.0474 26.40125 24.74884 23.19995 21.71525 20.37342 19.25848 18.46347 17.8083 17.3193 17.04382 16.78992 16.51043 16.35467 16.28309 16.1493 15.91881 15.59363 15.22076 14.97179 14.84301 14.76676 14.83929 15.14564 15.72922 16.43217 17.26952 18.26036 19.43443 21.18333 23.81268 26.65678 29.92776 34.87244 42.82179 56.26973 88.62806 100 100
45.32597 47.39229 49.55583 51.36894 52.44896 52.8384 52.60958 52.41825 51.48208 49.95397 47.82059 45.46977 43.3575 41.54029 39.87362 38.27155 36.74266 35.2585 33.86167 32.63756 31.44796 30.28249 28.91012 27.28467 25.66262 24.10935 22.68556 21.26851 19.96016 18.88692 18.1629 17.51144 17.10899 16.82013 16.53117 16.24906 16.12207 16.0741 15.94506 15.71777 15.37142 15.04041 14.83208 14.72203 14.63822 14.70301 14.98604 15.46761 16.20446 17.09856 18.2206 19.59764 21.34721 24.0152 27.1773 30.68302 35.63037 43.92198 58.7712 97.75858 100 100
42.55873 44.65712 46.91662 49.0341 50.55831 51.2545 51.53902 51.77858 51.1398 49.84674 47.85871 45.58463 43.47609 41.51662 39.74031 38.10294 36.55674 35.00172 33.46237 32.05436 30.85285 29.75862 28.48385 27.02355 25.50015 24.00687 22.65911 21.25749 19.88961 18.85006 18.12959 17.49946 17.11823 16.77174 16.44091 16.20318 16.05049 15.93074 15.7653 15.52823 15.24518 14.97314 14.75051 14.61462 14.52008 14.58194 14.86515 15.32122 16.00175 16.99575 18.25508 19.82869 21.77551 24.54865 27.98739 31.74478 36.70203 44.7513 60.34422 100 100 100
39.77602 41.90149 44.17099 46.36333 48.16779 49.42447 50.47361 51.03755 50.59544 49.49841 47.76485 45.7056 43.63585 41.6266 39.76404 38.06332 36.60157 35.08757 33.42223 31.76332 30.48871 29.31857 28.10558 26.89017 25.51769 24.15206 22.89495 21.46938 19.99005 18.92717 18.21868 17.61924 17.22709 16.83881 16.48474 16.24999 16.05041 15.83101 15.61059 15.40579 15.17283 14.90053 14.64556 14.47985 14.36439 14.43298 14.7416 15.20023 15.84104 16.85344 18.21541 19.95677 22.16017 25.07572 28.81211 33.00074 38.2208 46.0255 60.16295 96.03983 100 100
37.01837 39.08467 41.29553 43.48069 45.91188 48.19899 49.62858 50.29146 49.88395 48.94807 47.4676 45.66438 43.82405 41.92176 40.06819 38.3273 36.96869 35.61541 33.95369 32.2191 30.90008 29.62023 28.27427 27.18796 25.95146 24.69197 23.42964 21.97075 20.35834 19.20369 18.51988 17.91675 17.46544 17.03445 16.64101 16.38008 16.14227 15.85027 15.5737 15.35302 15.10534 14.79493 14.48139 14.29936 14.20909 14.27138 14.58034 15.0661 15.70073 16.64092 18.06417 19.89927 22.31778 25.46509 29.59212 34.42797 40.11483 47.70319 59.6779 83.64135 100 96.09406
34.55836 36.61627 38.84343 41.36848 44.50842 47.39379 49.26707 49.87661 49.24762 48.3406 47.19892 45.83219 44.42008 42.84734 41.12913 39.5032 38.24558 37.00003 35.5107 34.01248 32.7161 31.42082 30.19196 29.12595 27.86829 26.2817 24.78887 23.25307 21.56158 20.13923 19.23953 18.51645 17.91841 17.41332 16.95282 16.62541 16.35525 16.01316 15.68651 15.42639 15.12582 14.76133 14.42189 14.24176 14.16165 14.20393 14.417 14.85594 15.48311 16.37389 17.75273 19.58855 22.13051 25.50793 29.92004 35.23203 40.94685 48.49414 59.05293 72.38473 74.20613 58.24189
32.47424 34.38469 36.52041 39.46608 42.97532 46.36017 48.79322 49.62579 48.88543 47.95483 47.17847 46.2129 45.21693 44.04908 42.76274 41.54711 40.46534 39.38227 38.04697 36.69276 35.54586 34.41565 33.32092 32.24939 30.84476 29.07094 27.21272 25.45648 23.60422 21.86917 20.54033 19.53789 18.66807 17.99574 17.446 16.99755 16.64682 16.26128 15.87369 15.55687 15.21325 14.8098 14.45748 14.24382 14.11024 14.13736 14.28298 14.57871 15.1416 15.9868 17.27308 19.04817 21.50193 24.88715 29.30944 34.51851 40.15971 46.95403 55.17707 59.1998 51.83287 39.69861
30.69213 32.34834 34.23335 37.12661 40.79227 44.42549 47.31493 48.86846 48.86702 48.08165 47.29873 46.83357 46.2827 45.27434 44.19625 43.42446 42.81816 41.99807 40.82954 39.61971 38.54011 37.47496 36.49028 35.6419 34.58362 32.72449 30.45522 28.23459 26.18353 24.21634 22.43258 20.94313 19.76316 18.80333 18.06728 17.46029 16.96391 16.50835 16.04157 15.64857 15.27357 14.84078 14.47495 14.2349 14.05407 14.02174 14.12368 14.30973 14.72765 15.52046 16.69383 18.33558 20.57565 23.78606 28.01559 32.86916 38.36855 44.10604 48.44474 47.51146 39.01843 30.34904
29.19086 30.59251 32.2813 34.91818 38.37772 41.98689 45.20803 47.74619 49.04768 48.80299 47.6086 46.92021 46.93846 46.49961 45.59259 44.92131 44.77147 44.51086 43.73742 42.58396 41.49449 40.63689 39.83194 39.0444 38.14124 36.67904 34.31152 31.73253 29.42519 27.07454 24.88679 22.94643 21.3126 19.92223 18.85201 18.04694 17.35893 16.75672 16.19 15.70648 15.3075 14.85326 14.46703 14.19679 13.97132 13.86532 13.91337 14.07607 14.36246 15.04156 16.09232 17.55364 19.50621 22.32453 26.2568 30.63514 35.151 39.56952 42.00034 39.07602 31.42231 25.00244
27.98172 29.17732 30.70191 32.90016 36.13068 39.74523 43.2538 46.48119 48.71423 49.18162 48.15678 46.8666 46.10065 46.08979 45.94939 46.03102 46.0579 46.50011 46.65477 46.0906 45.1102 44.25652 43.44312 42.25708 41.17449 39.92863 37.73709 35.17803 32.75586 30.23934 27.91331 25.55336 23.339 21.41793 19.94081 18.8425 17.89423 17.04348 16.34 15.74905 15.30944 14.83988 14.43085 14.12646 13.8565 13.68551 13.68152 13.83513 14.09395 14.61956 15.52497 16.76125 18.37017 20.60706 23.81402 27.30181 30.38523 33.12523 33.87934 30.21922 24.43386 20.06891
27.00462 27.98549 29.32441 31.15854 34.14078 37.48207 40.91323 44.30142 47.00404 48.26311 47.97245 47.03592 46.38399 46.37092 46.77573 47.62488 48.47363 49.14382 50.12697 50.52705 49.8675 48.75671 47.40346 45.75876 43.9379 42.22631 40.29235 38.05719 36.12889 33.88292 31.21026 28.50994 25.68828 23.24165 21.40705 19.96971 18.56687 17.40524 16.50559 15.79564 15.27965 14.78785 14.35947 14.02443 13.71193 13.49241 13.46218 13.60855 13.85411 14.2722 15.00558 16.02936 17.28378 18.90014 21.02643 23.31247 25.00062 25.98853 25.40403 22.70244 19.48627 17.17744
26.226 27.05928 28.19895 29.69781 32.43364 35.48033 38.79932 41.90291 44.71171 46.54111 46.77345 46.0186 45.82801 47.03073 49.3 52.10975 54.04509 54.52536 55.68515 56.84307 56.03021 53.91604 51.42103 48.62325 45.9599 43.93452 42.04317 40.56411 39.11809 37.31691 34.48215 31.56672 28.26148 25.22314 22.90543 21.01995 19.22365 17.76587 16.66157 15.82011 15.20126 14.67829 14.24124 13.88291 13.53596 13.29666 13.26011 13.39232 13.62379 13.98228 14.5642 15.39454 16.32501 17.45354 18.76552 19.89007 20.66874 20.90833 20.28042 18.60208 16.81066 15.65417
25.59359 26.37624 27.41554 28.75162 31.05927 33.84384 36.83982 39.4339 41.98858 43.85242 43.97472 43.48433 43.8681 46.16471 50.05539 55.69075 59.90431 61.15203 62.69642 63.40956 60.60716 56.5652 52.47196 48.49715 45.33577 43.24555 41.97356 40.56789 39.60002 38.45976 35.77187 32.99889 29.64776 26.2512 23.53635 21.33213 19.43465 17.90477 16.66314 15.68403 14.99683 14.46693 14.04527 13.68342 13.33046 13.1182 13.08894 13.19813 13.41237 13.73076 14.19817 14.82652 15.5053 16.25248 17.06774 17.62326 17.80282 17.70504 17.27928 16.41104 15.57269 14.9866
25.11159 25.8305 26.81895 28.13029 30.11188 32.60693 35.08788 37.20643 39.09122 40.27628 40.19303 39.86573 40.58517 43.0458 46.95662 52.03475 56.94581 60.08759 62.14222 61.49606 57.60449 53.25569 49.06288 45.22605 41.89829 40.0345 39.13158 37.49718 36.29813 34.9392 32.60606 30.15957 27.66908 25.0685 22.88704 20.89059 19.03515 17.52689 16.31268 15.38127 14.70282 14.17832 13.7875 13.44384 13.12834 12.97561 12.95115 13.03422 13.2182 13.5066 13.8879 14.36843 14.87083 15.36169 15.87868 16.19424 16.25778 16.14522 15.87666 15.47991 15.03995 14.6519
24.96352 25.49933 26.27997 27.40835 29.31715 31.5924 33.69238 35.45287 36.80013 37.4284 37.09899 36.51945 36.98049 39.04618 42.23499 46.28718 50.39684 53.88618 56.0515 55.60497 52.58021 48.69024 45.04317 41.6071 38.47364 36.707 35.08564 33.52697 32.00524 30.31095 28.49932 26.39262 24.48452 22.85686 21.38586 19.86869 18.22655 16.88902 15.84677 15.02347 14.39596 13.91281 13.5486 13.21611 12.9618 12.84621 12.82193 12.8877 13.04837 13.29935 13.63097 14.0295 14.43215 14.81095 15.16364 15.41318 15.47834 15.4271 15.28115 15.03714 14.73611 14.44554
