py_wake/examples/data/AJ_ParqueFicticio/Ridge area   Sector 9   Height 30m   Flow inclination.grd
DSAA
90  129
 262878   265103
 6504214   6507414
-21.86246   27.89935
[rows 81 to 107 of 129, columns 0 to 60 of 90]
11.45615 11.81809 12.10772 12.34517 12.59377 12.8382 13.04341 13.1297 13.00974 12.87968 12.69712 12.25659 11.75668 11.18301 10.8483 10.64998 10.45065 10.49911 10.50016 10.30305 10.17831 10.04558 10.0574 10.13087 10.30117 10.50819 10.8425 11.29932 11.83775 12.52342 13.3708 14.34837 15.36455 16.15115 16.55879 16.65417 16.45929 15.86371 14.79583 13.36369 11.8921 10.35636 8.381186 6.436623 4.841175 3.61717 2.637198 2.09501 1.786785 1.770556 2.274345 7.628709 14.96389 -7.868364 -4.903231 -3.322848 2.193646 3.120589 .6817806 -5.088836 -12.16778
13.13762 13.34475 13.43901 13.43988 13.39587 13.36243 13.14342 12.84439 12.6952 12.59097 12.22074 11.71215 11.26231 10.65895 10.13592 9.873352 9.900778 10.13965 10.37708 10.14304 10.0177 10.02961 10.26559 10.5893 10.98917 11.30432 11.71005 12.22225 12.72759 13.31963 14.03676 14.86081 15.71843 16.25118 16.40987 16.34649 15.92228 15.0947 13.70736 12.13271 10.67489 9.018916 6.974594 5.2775 3.922002 2.874268 2.129913 1.853129 1.604607 1.784217 2.719342 9.083134 23.25365 12.21742 -5.102571 .3509721 8.166348 1.208015 -.3688649 -.2036047 -.7036951
13.87885 13.82236 13.56579 13.19837 12.90755 12.50999 11.98804 11.67248 11.54941 11.29708 10.80683 10.3246 9.791574 9.132704 8.757833 8.716174 8.90396 9.201648 9.433756 9.223972 9.300746 9.592318 10.11093 10.67518 11.27893 11.74703 12.28042 12.89096 13.37747 13.90333 14.56774 15.25417 15.82687 16.0547 15.92196 15.63565 14.92587 13.90434 12.23664 10.67128 9.223396 7.573459 5.669115 4.16855 2.962784 2.102788 1.553248 1.42622 1.369961 1.690284 2.86526 8.85081 1.875502 9.823943 16.24304 13.5123 7.756914 4.575718 -1.519593 -1.935353 -1.113259
13.72014 13.41886 12.91772 12.43048 11.93445 11.29983 10.7472 10.43043 10.2218 9.824523 9.27396 8.767122 8.248124 7.696176 7.428408 7.485365 7.76264 8.093831 8.355361 8.331338 8.563233 9.020432 9.730575 10.54927 11.37398 12.06458 12.72683 13.42654 13.92896 14.43918 15.03562 15.43597 15.61009 15.52221 15.11906 14.49617 13.63091 12.43483 10.62666 9.105881 7.646971 6.083925 4.370455 3.015681 1.95694 1.278239 .8805353 .7986761 .9866915 1.369427 2.489013 6.37958 -1.159169 4.814971 9.253846 13.69471 10.19258 6.796983 4.175537 2.09329 .5014366
13.07757 12.58656 11.99537 11.44123 10.71024 9.96394 9.436706 9.084542 8.786055 8.329356 7.751127 7.21374 6.780787 6.476286 6.420045 6.606925 6.942768 7.306625 7.631812 7.828181 8.209264 8.806871 9.657896 10.61246 11.61131 12.51848 13.2947 14.02863 14.50058 14.93721 15.28675 15.27301 15.04205 14.62806 13.93757 13.05063 12.12747 10.80663 8.97824 7.457037 5.970446 4.485913 2.999902 1.80996 .9254274 .3986261 .06635536 .09140148 .4842405 .8482043 1.690303 3.421421 -4.095473 -.5705248 3.476418 6.151466 9.117298 9.167046 6.599954 4.100482 1.907718
12.05607 11.51488 10.88631 10.23313 9.365285 8.540759 7.939056 7.491812 7.138951 6.723023 6.227525 5.86828 5.675388 5.640201 5.763513 6.095191 6.528055 6.957204 7.373492 7.729548 8.218049 8.91909 9.894097 10.99754 12.10197 13.17778 14.00319 14.6763 15.04613 15.292 15.2676 14.78881 14.21139 13.44284 12.45321 11.54183 10.54857 9.080684 7.289676 5.714345 4.184993 2.751032 1.403355 .3011304 -.4663973 -.8957418 -1.032245 -.7495859 -.2189832 .09588944 .5467884 1.027842 -4.05118 -4.455784 -1.469874 .2672386 1.760405 3.607241 4.711274 3.95435 2.104513
10.77658 10.18951 9.517705 8.768434 7.866831 7.046153 6.466793 6.064027 5.737238 5.423136 5.102426 4.964286 5.005394 5.204422 5.527668 6.015371 6.539713 7.067368 7.516202 7.964747 8.586517 9.422514 10.5262 11.72061 12.84495 13.99016 14.75925 15.27977 15.43489 15.31308 14.89094 14.13163 13.25079 12.07835 10.9759 10.03787 8.987119 7.378546 5.608373 3.932387 2.377296 1.037778 -.1205543 -1.025998 -1.63333 -1.909744 -1.914636 -1.612208 -1.08946 -.8677058 -.8716028 -.904645 -3.363762 -6.946233 -5.367692 -3.237085 -2.249796 -1.614636 -1.083718 -.9452446 -1.348176
9.481739 8.914377 8.227408 7.419514 6.53967 5.809024 5.282096 4.945712 4.658578 4.479541 4.354624 4.418489 4.676425 5.074728 5.564432 6.163983 6.787322 7.435583 8.004847 8.598022 9.358707 10.30403 11.48299 12.70185 13.77181 14.79855 15.41001 15.72601 15.59922 15.16475 14.44113 13.45687 12.24099 10.73424 9.568282 8.529592 7.402554 5.700653 3.912405 2.137866 .5737669 -.604766 -1.555779 -2.261866 -2.696278 -2.886501 -2.854108 -2.612244 -2.235575 -2.12807 -2.380803 -2.6414 -3.449686 -8.002038 -8.110853 -7.169752 -5.450895 -3.760196 -2.656189 -2.316428 -2.420453
8.27956 7.763905 7.100095 6.277555 5.427583 4.809082 4.368458 4.155563 3.995964 4.006701 4.068695 4.272899 4.644885 5.169559 5.847023 6.56769 7.366231 8.165231 8.846088 9.539928 10.41985 11.41133 12.60783 13.7862 14.71834 15.49444 15.91759 15.99489 15.5275 14.8117 13.82354 12.62848 11.1137 9.408503 8.196448 7.05039 5.841799 4.094365 2.274406 .4288575 -1.106622 -2.151597 -2.956583 -3.53217 -3.907691 -4.029501 -3.934895 -3.709359 -3.404882 -3.49068 -3.898863 -4.18815 -4.135077 -7.712662 -8.892829 -9.378404 -9.1772 -7.93812 -6.23505 -4.691683 -3.625419
7.102169 6.66908 6.105341 5.328573 4.59215 4.166504 3.923684 3.843676 3.860256 3.995466 4.208475 4.535143 5.037939 5.710448 6.532858 7.350365 8.228498 9.120726 9.89569 10.69481 11.69914 12.70814 13.89659 14.97975 15.68601 16.13792 16.27118 15.97045 15.12186 14.14666 12.91059 11.48844 9.741989 7.937327 6.651331 5.419424 4.117219 2.42869 .6411143 -1.168496 -2.751078 -3.697487 -4.230098 -4.575798 -4.806506 -4.877999 -4.828863 -4.716366 -4.634947 -4.887836 -5.416462 -5.686655 -5.320933 -5.614307 -8.630636 -9.359058 -9.928993 -10.26094 -10.2091 -9.91325 -9.365418
5.988371 5.635215 5.178235 4.533665 4.04729 3.823115 3.828406 3.979045 4.2124 4.551565 4.954094 5.387809 5.972735 6.730403 7.656866 8.533706 9.426473 10.37441 11.22033 12.13278 13.24099 14.19569 15.2954 16.13336 16.47306 16.51409 16.26729 15.51118 14.31621 13.12729 11.64743 10.02229 8.207321 6.369993 4.998185 3.683097 2.233203 .6098896 -1.089219 -2.845315 -4.080209 -4.738652 -5.088788 -5.358251 -5.565652 -5.657934 -5.685127 -5.717863 -5.890444 -6.272133 -6.853018 -7.215597 -6.874671 -6.061272 -8.161154 -8.698977 -9.156733 -9.649824 -10.20257 -10.83753 -11.17542
5.107754 4.839429 4.495986 4.003125 3.724068 3.741388 3.986397 4.404319 4.930027 5.476169 6.040979 6.631655 7.370669 8.247306 9.205226 10.05794 10.94663 11.89315 12.74599 13.74932 14.7845 15.58648 16.33966 16.71635 16.69501 16.33405 15.7136 14.58121 13.1618 11.85882 10.22358 8.485483 6.682294 4.865854 3.430163 2.059863 .5464492 -.9754615 -2.548886 -4.057128 -5.001565 -5.569876 -5.84899 -6.015577 -6.120193 -6.213661 -6.360186 -6.558324 -6.9457 -7.60258 -8.331586 -8.88166 -8.657294 -7.440591 -6.824455 -7.86825 -8.123631 -8.508987 -9.009664 -9.69408 -10.40352
4.684477 4.482105 4.203409 3.912258 3.801029 3.963886 4.446223 5.121547 5.855869 6.62396 7.390042 8.172215 9.041744 10.01047 10.92728 11.72232 12.60183 13.46065 14.30642 15.22148 15.95421 16.44337 16.64264 16.54971 16.17273 15.43415 14.48724 13.13707 11.70719 10.35363 8.667802 6.913994 5.170787 3.456708 2.020526 .6185526 -.8643108 -2.266455 -3.662307 -4.911924 -5.722121 -6.170352 -6.378469 -6.281259 -6.395871 -6.47505 -6.744133 -7.201477 -7.899264 -8.891556 -9.622164 -10.24657 -10.29771 -9.215576 -7.519536 -6.726568 -7.024359 -7.213373 -7.533288 -8.021255 -8.804865
4.656437 4.600785 4.533617 4.412906 4.447308 4.751563 5.31594 6.170461 7.07999 8.006234 8.95268 9.857624 10.77745 11.76066 12.57558 13.30638 14.06567 14.77576 15.46122 16.04945 16.45536 16.53526 16.31503 15.90204 15.14472 14.18174 12.96671 11.44539 10.03326 8.627499 6.970232 5.264399 3.577305 1.945545 .5824787 -.7745283 -2.11371 -3.335695 -4.508999 -5.516408 -6.170057 -6.573308 -6.640142 -6.676231 -6.070212 -5.937571 -6.802118 -7.843435 -8.999615 -10.25459 -10.8123 -11.4631 -11.80591 -11.138 -9.515835 -7.536401 -6.096515 -5.930167 -6.040161 -6.356337 -7.014436
5.048276 5.22181 5.324287 5.364207 5.572935 6.012217 6.732029 7.743841 8.701423 9.666773 10.68388 11.59195 12.49246 13.35293 13.97332 14.49187 15.00527 15.50907 15.92865 16.22324 16.3441 16.14446 15.60255 14.84496 13.86707 12.77422 11.27997 9.680058 8.249818 6.775007 5.144041 3.523918 1.960334 .5223039 -.6844859 -1.877479 -2.981734 -4.00385 -4.985891 -5.875079 -6.478873 -6.869036 -7.156389 -6.884801 -6.252614 -6.363971 -7.331854 -8.793864 -10.24842 -11.23394 -11.73075 -12.35635 -12.86637 -12.71873 -11.72821 -10.0335 -8.042761 -6.166836 -4.782743 -4.752812 -5.369703
5.792294 6.147528 6.437632 6.664193 7.040464 7.638849 8.475902 9.556484 10.47674 11.3979 12.31662 13.11241 13.80803 14.34706 14.72223 15.04517 15.3856 15.64084 15.77861 15.83288 15.76572 15.35511 14.54226 13.48801 12.42393 11.1651 9.497256 7.928527 6.467278 4.935358 3.332916 1.832521 .3850626 -.889405 -1.944688 -2.936183 -3.80195 -4.606557 -5.407064 -6.143881 -6.69816 -7.152944 -7.687981 -7.95627 -7.94529 -7.880803 -8.588655 -10.47003 -11.74292 -12.10401 -12.58432 -13.12262 -13.69117 -13.91764 -13.58764 -12.62894 -11.10507 -9.242582 -7.263838 -5.050223 -2.59716
6.852778 7.348747 7.773958 8.151332 8.66256 9.340918 10.24469 11.29037 12.1092 12.88846 13.52557 14.05896 14.50641 14.801 14.99146 15.11673 15.22587 15.24455 15.11686 15.01814 14.72485 14.11408 13.01412 11.86626 10.80412 9.428949 7.735483 6.211351 4.719899 3.118308 1.526118 .1203763 -1.187826 -2.284475 -3.160321 -3.933302 -4.548102 -5.116393 -5.704519 -6.284247 -6.838618 -7.406478 -7.864527 -8.122863 -7.604975 -7.27673 -9.510025 -11.35159 -12.29763 -12.75007 -13.14752 -13.58791 -14.26949 -14.75621 -14.9124 -14.63675 -13.78093 -12.21482 -10.24712 -8.171025 -5.659045
8.126329 8.708037 9.19163 9.71895 10.29331 10.97522 11.88398 12.76832 13.33974 13.80672 14.19008 14.46741 14.66431 14.72742 14.70441 14.59301 14.51078 14.31195 13.99997 13.71529 13.16308 12.41828 11.25165 10.15772 9.114827 7.748247 6.113681 4.600692 3.090678 1.447216 -.08089044 -1.400353 -2.562315 -3.494999 -4.21104 -4.772557 -5.147755 -5.503799 -5.903776 -6.39393 -6.877613 -7.427489 -7.939384 -8.307403 -7.681335 -5.637846 -7.654423 -10.63152 -12.23403 -12.93904 -13.40117 -13.85339 -14.61387 -15.24362 -15.68796 -15.85763 -15.65693 -14.7228 -12.65301 -9.597194 -6.698984
9.455105 10.06631 10.57882 11.19554 11.7568 12.37905 13.11869 13.68466 14.01781 14.24912 14.40332 14.47841 14.44526 14.30818 14.13083 13.84702 13.57618 13.18754 12.75574 12.30629 11.6491 10.81582 9.687486 8.613612 7.541062 6.229043 4.719615 3.249931 1.739929 .02051935 -1.524988 -2.823478 -3.87622 -4.672531 -5.196013 -5.515114 -5.651442 -5.808838 -6.038471 -6.401251 -6.774233 -7.319613 -7.898975 -8.420285 -8.295422 -6.198761 -5.782858 -8.638779 -11.14694 -12.50657 -13.27336 -13.86298 -14.6233 -15.33614 -15.91778 -16.27213 -16.37025 -16.04507 -14.60532 -10.85229 -6.364892
1.70141E+38 1.70141E+38 1.70141E+38 1.70141E+38 1.70141E+38 1.70141E+38 1.70141E+38 1.70141E+38 1.70141E+38 1.70141E+38 1.70141E+38 1.70141E+38 1.70141E+38 1.70141E+38 1.70141E+38 1.70141E+38 1.70141E+38 1.70141E+38 1.70141E+38 1.70141E+38 1.70141E+38 1.70141E+38 1.70141E+38 1.70141E+38 1.70141E+38 1.70141E+38 1.70141E+38 1.70141E+38 1.70141E+38 1.70141E+38 1.70141E+38 1.70141E+38 1.70141E+38 1.70141E+38 1.70141E+38 1.70141E+38 1.70141E+38 1.70141E+38 1.70141E+38 1.70141E+38 1.70141E+38 1.70141E+38 1.70141E+38 1.70141E+38 1.70141E+38 1.70141E+38 1.70141E+38 1.70141E+38 1.70141E+38 1.70141E+38 1.70141E+38 1.70141E+38 1.70141E+38 1.70141E+38 1.70141E+38 1.70141E+38 1.70141E+38 1.70141E+38 1.70141E+38 1.70141E+38 1.70141E+38
1.70141E+38 1.70141E+38 1.70141E+38 1.70141E+38 1.70141E+38 1.70141E+38 1.70141E+38 1.70141E+38 1.70141E+38 1.70141E+38 1.70141E+38 1.70141E+38 1.70141E+38 1.70141E+38 1.70141E+38 1.70141E+38 1.70141E+38 1.70141E+38 1.70141E+38 1.70141E+38 1.70141E+38 1.70141E+38 1.70141E+38 1.70141E+38 1.70141E+38 1.70141E+38 1.70141E+38 1.70141E+38 1.70141E+38 1.70141E+38 1.70141E+38 1.70141E+38 1.70141E+38 1.70141E+38 1.70141E+38 1.70141E+38 1.70141E+38 1.70141E+38 1.70141E+38 1.70141E+38 1.70141E+38 1.70141E+38 1.70141E+38 1.70141E+38 1.70141E+38 1.70141E+38 1.70141E+38 1.70141E+38 1.70141E+38 1.70141E+38 1.70141E+38 1.70141E+38 1.70141E+38 1.70141E+38 1.70141E+38 1.70141E+38 1.70141E+38 1.70141E+38 1.70141E+38 1.70141E+38 1.70141E+38
1.70141E+38 1.70141E+38 1.70141E+38 1.70141E+38 1.70141E+38 1.70141E+38 1.70141E+38 1.70141E+38 1.70141E+38 1.70141E+38 1.70141E+38 1.70141E+38 1.70141E+38 1.70141E+38 1.70141E+38 1.70141E+38 1.70141E+38 1.70141E+38 1.70141E+38 1.70141E+38 1.70141E+38 1.70141E+38 1.70141E+38 1.70141E+38 1.70141E+38 1.70141E+38 1.70141E+38 1.70141E+38 1.70141E+38 1.70141E+38 1.70141E+38 1.70141E+38 1.70141E+38 1.70141E+38 1.70141E+38 1.70141E+38 1.70141E+38 1.70141E+38 1.70141E+38 1.70141E+38 1.70141E+38 1.70141E+38 1.70141E+38 1.70141E+38 1.70141E+38 1.70141E+38 1.70141E+38 1.70141E+38 1.70141E+38 1.70141E+38 1.70141E+38 1.70141E+38 1.70141E+38 1.70141E+38 1.70141E+38 1.70141E+38 1.70141E+38 1.70141E+38 1.70141E+38 1.70141E+38 1.70141E+38
1.70141E+38 1.70141E+38 1.70141E+38 1.70141E+38 1.70141E+38 1.70141E+38 1.70141E+38 1.70141E+38 1.70141E+38 1.70141E+38 1.70141E+38 1.70141E+38 1.70141E+38 1.70141E+38 1.70141E+38 1.70141E+38 1.70141E+38 1.70141E+38 1.70141E+38 1.70141E+38 1.70141E+38 1.70141E+38 1.70141E+38 1.70141E+38 1.70141E+38 1.70141E+38 1.70141E+38 1.70141E+38 1.70141E+38 1.70141E+38 1.70141E+38 1.70141E+38 1.70141E+38 1.70141E+38 1.70141E+38 1.70141E+38 1.70141E+38 1.70141E+38 1.70141E+38 1.70141E+38 1.70141E+38 1.70141E+38 1.70141E+38 1.70141E+38 1.70141E+38 1.70141E+38 1.70141E+38 1.70141E+38 1.70141E+38 1.70141E+38 1.70141E+38 1.70141E+38 1.70141E+38 1.70141E+38 1.70141E+38 1.70141E+38 1.70141E+38 1.70141E+38 1.70141E+38 1.70141E+38 1.70141E+38
1.70141E+38 1.70141E+38 1.70141E+38 1.70141E+38 1.70141E+38 1.70141E+38 1.70141E+38 1.70141E+38 1.70141E+38 1.70141E+38 1.70141E+38 1.70141E+38 1.70141E+38 1.70141E+38 1.70141E+38 1.70141E+38 1.70141E+38 1.70141E+38 1.70141E+38 1.70141E+38 1.70141E+38 1.70141E+38 1.70141E+38 1.70141E+38 1.70141E+38 1.70141E+38 1.70141E+38 1.70141E+38 1.70141E+38 1.70141E+38 1.70141E+38 1.70141E+38 1.70141E+38 1.70141E+38 1.70141E+38 1.70141E+38 1.70141E+38 1.70141E+38 1.70141E+38 1.70141E+38 1.70141E+38 1.70141E+38 1.70141E+38 1.70141E+38 1.70141E+38 1.70141E+38 1.70141E+38 1.70141E+38 1.70141E+38 1.70141E+38 1.70141E+38 1.70141E+38 1.70141E+38 1.70141E+38 1.70141E+38 1.70141E+38 1.70141E+38 1.70141E+38 1.70141E+38 1.70141E+38 1.70141E+38
1.70141E+38 1.70141E+38 1.70141E+38 1.70141E+38 1.70141E+38 1.70141E+38 1.70141E+38 1.70141E+38 1.70141E+38 1.70141E+38 1.70141E+38 1.70141E+38 1.70141E+38 1.70141E+38 1.70141E+38 1.70141E+38 1.70141E+38 1.70141E+38 1.70141E+38 1.70141E+38 1.70141E+38 1.70141E+38 1.70141E+38 1.70141E+38 1.70141E+38 1.70141E+38 1.70141E+38 1.70141E+38 1.70141E+38 1.70141E+38 1.70141E+38 1.70141E+38 1.70141E+38 1.70141E+38 1.70141E+38 1.70141E+38 1.70141E+38 1.70141E+38 1.70141E+38 1.70141E+38 1.70141E+38 1.70141E+38 1.70141E+38 1.70141E+38 1.70141E+38 1.70141E+38 1.70141E+38 1.70141E+38 1.70141E+38 1.70141E+38 1.70141E+38 1.70141E+38 1.70141E+38 1.70141E+38 1.70141E+38 1.70141E+38 1.70141E+38 1.70141E+38 1.70141E+38 1.70141E+38 1.70141E+38
1.70141E+38 1.70141E+38 1.70141E+38 1.70141E+38 1.70141E+38 1.70141E+38 1.70141E+38 1.70141E+38 1.70141E+38 1.70141E+38 1.70141E+38 1.70141E+38 1.70141E+38 1.70141E+38 1.70141E+38 1.70141E+38 1.70141E+38 1.70141E+38 1.70141E+38 1.70141E+38 1.70141E+38 1.70141E+38 1.70141E+38 1.70141E+38 1.70141E+38 1.70141E+38 1.70141E+38 1.70141E+38 1.70141E+38 1.70141E+38 1.70141E+38 1.70141E+38 1.70141E+38 1.70141E+38 1.70141E+38 1.70141E+38 1.70141E+38 1.70141E+38 1.70141E+38 1.70141E+38 1.70141E+38 1.70141E+38 1.70141E+38 1.70141E+38 1.70141E+38 1.70141E+38 1.70141E+38 1.70141E+38 1.70141E+38 1.70141E+38 1.70141E+38 1.70141E+38 1.70141E+38 1.70141E+38 1.70141E+38 1.70141E+38 1.70141E+38 1.70141E+38 1.70141E+38 1.70141E+38 1.70141E+38
1.70141E+38 1.70141E+38 1.70141E+38 1.70141E+38 1.70141E+38 1.70141E+38 1.70141E+38 1.70141E+38 1.70141E+38 1.70141E+38 1.70141E+38 1.70141E+38 1.70141E+38 1.70141E+38 1.70141E+38 1.70141E+38 1.70141E+38 1.70141E+38 1.70141E+38 1.70141E+38 1.70141E+38 1.70141E+38 1.70141E+38 1.70141E+38 1.70141E+38 1.70141E+38 1.70141E+38 1.70141E+38 1.70141E+38 1.70141E+38 1.70141E+38 1.70141E+38 1.70141E+38 1.70141E+38 1.70141E+38 1.70141E+38 1.70141E+38 1.70141E+38 1.70141E+38 1.70141E+38 1.70141E+38 1.70141E+38 1.70141E+38 1.70141E+38 1.70141E+38 1.70141E+38 1.70141E+38 1.70141E+38 1.70141E+38 1.70141E+38 1.70141E+38 1.70141E+38 1.70141E+38 1.70141E+38 1.70141E+38 1.70141E+38 1.70141E+38 1.70141E+38 1.70141E+38 1.70141E+38 1.70141E+38
