py_wake/examples/data/AJ_ParqueFicticio/Ridge area   Sector All   Height 200m   Flow inclination.grd
DSAA
90  129
 262878   265103
 6504214   6507414
-21.86246   28.35171
[rows 27 to 53 of 129, columns 0 to 60 of 90]
-11.27135 -11.73629 -12.09727 -12.40714 -12.69654 -12.93908 -13.13439 -13.30198 -13.38561 -13.37995 -13.35586 -13.3344 -13.31023 -13.24545 -13.14609 -13.05394 -13.35858 -13.59409 -13.81286 -14.08285 14.27629 14.59729 14.91289 15.15744 15.47002 15.82908 16.15563 16.35619 16.1814 15.92455 15.60189 15.19885 14.84937 14.1802 13.64249 13.06369 12.33305 11.52188 10.71481 9.574699 8.551454 7.948593 7.14702 7.24737 7.32823 8.367078 9.979242 11.97888 13.7184 15.36396 17.02667 18.05199 18.63264 19.01001 19.03837 18.56218 25.04592 26.00045 26.67486 26.04154 22.71579
-11.36528 -11.81531 -12.15134 -12.45693 -12.74978 -12.98361 -13.18194 -13.33785 -13.40683 -13.39093 -13.37009 -13.38501 -13.46884 -13.54651 -13.595 -13.54769 -13.44608 -13.465 -13.72465 -14.0056 -14.16607 -14.26853 14.53553 14.84725 15.21076 15.69091 16.10911 16.40861 16.41074 16.20802 15.96707 15.6874 15.38611 14.84259 14.30026 13.76325 13.05718 12.2492 11.15077 9.941219 8.878983 7.893299 7.066729 6.970273 7.211931 8.455992 10.28 12.33513 14.18557 15.78697 17.43942 18.43039 18.96406 19.26625 19.20862 19.5064 25.06577 26.37074 26.79935 24.62734 19.28653
-11.46938 -11.88611 -12.19803 -12.50142 -12.78138 -12.99255 -13.17923 -13.3074 -13.36414 -13.2963 -13.26353 -13.34576 -13.53342 -13.74026 -13.9339 -14.02461 -14.05042 -13.97853 -13.89333 -13.86897 -14.05361 -14.21047 -14.35153 14.47451 14.86382 15.45221 15.97488 16.32423 16.41517 16.29076 16.12435 15.9507 15.75972 15.3788 14.85481 14.37393 13.75259 13.01852 12.02996 10.6115 9.508916 8.253377 7.236908 6.853497 7.250154 8.661626 10.69077 12.7416 14.65907 16.26557 17.88402 18.85483 19.31997 19.55717 19.35879 21.17285 24.17805 26.52971 27.02836 22.43035 16.10969
-11.52718 -11.91269 -12.20893 -12.51443 -12.77967 -12.97565 -13.14183 -13.22013 -13.25554 -13.12498 -13.14431 -13.30419 -13.57283 -13.86227 -14.14073 -14.34679 -14.50135 -14.57884 -14.63185 -14.6586 -14.54729 -14.50332 -14.52094 -14.48709 14.55567 15.17686 15.71706 15.98882 16.06892 16.02066 15.9095 15.80543 15.79686 15.59517 15.17523 14.766 14.29341 13.69136 12.83114 11.55561 10.27054 8.918315 7.426166 6.651914 7.202923 8.784123 11.09315 13.16149 15.15001 16.80791 18.35704 19.31751 19.70858 19.92473 19.73246 19.39337 21.15155 25.26649 28.35171 19.63792 19.18738
-11.59938 -11.98086 -12.2752 -12.5885 -12.83823 -13.01494 -13.14742 -13.18952 -13.2161 -13.0954 -13.16542 -13.36027 -13.6542 -13.96664 -14.28253 -14.54309 -14.80934 -15.03894 -15.19955 -15.25476 -15.21021 -15.20098 -15.21289 -15.40555 -15.62245 -15.76509 15.83495 15.77648 15.61649 15.50762 15.47184 15.43568 15.4448 15.34557 15.11131 14.83049 14.51515 14.08761 13.3843 12.25981 10.97989 9.456268 7.533091 6.326204 6.943516 8.542609 11.19051 13.45199 15.50584 17.22991 18.70817 19.71489 20.07026 20.19443 18.74686 19.22073 18.89205 19.66403 25.7147 23.61767 22.59109
-11.6639 -12.07205 -12.38922 -12.73 -12.984 -13.16116 -13.27997 -13.32159 -13.3655 -13.31092 -13.40848 -13.59923 -13.85878 -14.1414 -14.45006 -14.75686 -15.11463 -15.42281 -15.58382 -15.66156 -15.68654 -15.67279 15.70895 -15.93354 -16.24038 -16.45757 16.50402 16.40829 16.22969 16.058 15.83189 15.60588 15.34645 15.08629 14.83543 14.6169 14.46067 14.20699 13.66984 12.75289 11.65946 9.978601 7.894509 6.539351 6.937515 8.36036 11.03821 13.58556 15.70041 17.4977 18.95537 20.01402 20.3993 20.47334 20.42085 19.74899 18.38359 18.17571 18.74802 26.48348 25.03933
-11.69555 -12.15349 -12.51308 -12.90525 -13.18734 -13.39299 -13.52828 -13.60316 -13.68485 -13.72162 -13.84184 -14.01212 -14.21287 -14.43348 -14.70774 -15.05464 -15.46528 -15.76111 -15.88044 -15.95956 -15.99658 16.06852 16.34268 16.56798 16.80969 17.08569 17.23626 17.16195 16.99959 16.77586 16.50367 16.27081 15.94137 15.64982 15.43072 15.17539 14.93036 14.64981 14.18433 13.43741 12.32062 10.50601 8.399732 7.027948 7.183493 8.364873 10.76388 13.55242 15.79102 17.65259 19.11192 20.19675 20.69614 20.7528 20.60872 20.09693 18.85325 18.30231 19.82437 27.89935 26.02884
-11.66491 -12.18296 -12.59874 -13.07423 -13.40541 -13.66752 -13.85804 -13.99592 -14.13002 -14.24055 -14.36406 -14.49794 -14.63639 -14.79959 -15.0522 -15.42584 -15.85118 -16.05667 -16.1309 -16.17124 16.3345 16.6583 16.95398 17.22546 17.55723 17.87418 18.06426 18.05212 17.83039 17.53777 17.27038 16.99564 16.62694 16.35783 16.09532 15.76244 15.51091 15.18159 14.70148 14.01258 12.85989 11.01317 8.953643 7.696394 7.693585 8.571043 10.49407 13.31074 15.61426 17.45572 19.01284 20.20887 20.90001 21.02349 20.77436 20.19512 19.44658 20.61078 22.47725 22.74567 26.39703
-11.52053 -12.08941 -12.56453 -13.14859 -13.52823 -13.85377 -14.09486 -14.28491 -14.47213 -14.64046 -14.78477 -14.92715 -15.03906 -15.18313 -15.42921 -15.78651 -16.12666 -16.30288 -16.37066 16.60758 16.92349 17.24946 17.58662 17.93026 18.29942 18.62 18.86516 19.08131 19.01509 18.74445 18.28905 17.76697 17.21248 16.81984 16.48642 16.13295 15.8269 15.4382 14.94416 14.31013 13.16977 11.39978 9.659334 8.457072 8.386885 8.999268 10.7607 12.93569 15.24016 17.0425 18.58111 19.8944 20.73304 20.9516 20.72097 20.20762 20.27026 21.19377 22.09435 23.12381 22.67899
-11.20513 -11.82596 -12.37327 -13.08957 -13.5175 -13.89587 -14.17469 -14.413 -14.64764 -14.84852 -15.03584 -15.21773 -15.32128 -15.47255 -15.71923 -16.00398 -16.27468 16.55326 16.85406 17.17902 17.51667 17.85119 18.24403 18.60409 18.94229 19.23321 19.39018 19.55062 19.51388 19.31985 19.07995 18.63927 18.17422 17.64429 17.03825 16.40388 15.8108 15.32775 14.85433 14.27894 13.25762 11.68834 10.39451 9.227879 9.127401 9.637911 11.05824 12.73024 14.69747 16.4443 17.87019 19.20377 20.23177 20.60926 20.42803 19.96797 19.67095 20.3612 21.36253 22.7407 24.8176
-10.74485 -11.40588 -12.03738 -12.87247 -13.34207 -13.7623 -14.07612 -14.36169 -14.65319 -14.9037 15.16609 15.43393 15.53261 15.64523 15.89151 16.23314 16.67752 17.03679 17.37285 17.77521 18.07919 18.43759 18.82209 19.17098 19.44995 19.65539 19.72801 19.55489 19.34259 19.21953 19.12255 18.91523 18.52281 17.97134 17.42038 16.78813 16.11557 15.45192 14.88093 14.28929 13.42356 12.27038 11.03143 9.817438 9.710308 10.07344 11.24977 12.82111 14.19038 15.79366 17.1954 18.38208 19.48343 20.08335 19.92945 19.43699 18.96391 19.18775 20.00381 21.82965 21.87404
-10.73004 -10.91991 -11.63231 -12.51357 -13.0125 -13.47134 -13.83441 14.24094 14.72185 15.12897 15.5569 15.84984 15.97084 16.07955 16.32656 16.70278 17.13757 17.47248 17.85775 18.22668 18.46503 18.8087 19.1899 19.50493 19.73862 19.85924 19.8345 19.58025 18.99334 18.65102 18.54843 18.42016 18.19962 17.84369 17.30686 16.72242 16.15488 15.62798 15.15183 14.57809 13.74694 12.61806 11.35341 10.08882 10.01842 10.20524 11.15284 12.68803 13.96651 15.24321 16.53966 17.72683 18.78384 19.48401 19.35258 18.79503 18.43383 18.05375 18.34298 18.73151 23.19148
-10.91626 -11.04601 -11.27982 -12.05698 -12.5584 13.14839 13.73825 14.28296 14.83987 15.34011 15.84711 16.15593 16.28649 16.43298 16.7084 17.0783 17.43267 17.76954 18.03963 18.27716 18.49897 18.82946 19.24435 19.52753 19.75591 19.80369 19.6984 19.42645 18.86333 18.16677 17.67632 17.57284 17.30404 17.04319 16.69825 16.24015 15.72103 15.24986 14.83729 14.32352 13.55331 12.46102 11.25232 10.15301 10.10447 10.24901 11.05432 12.4026 13.58376 14.75871 15.92245 17.09302 18.24801 19.00629 18.82815 18.24308 17.76826 17.35142 16.89138 16.30207 23.46526
-11.44955 -11.19976 -11.38582 -11.60447 -12.09414 12.85512 13.52224 14.15422 14.79943 15.39025 15.94887 16.27393 16.43427 16.63902 16.91496 17.18466 17.47352 17.74212 17.86152 17.97993 18.16844 18.53241 18.9401 19.16716 19.37676 19.39301 19.30557 19.05593 18.48185 17.7757 17.03831 16.40112 15.93445 15.69678 15.47321 15.23375 14.88343 14.48919 14.1441 13.70212 13.04898 12.13283 11.04963 10.1323 10.05751 10.15959 10.90438 12.14892 13.1895 14.31504 15.43186 16.47886 17.69522 18.60186 18.36123 17.68687 17.15148 16.83847 16.08503 14.53196 23.46686
-12.00345 -11.65685 -11.38568 -11.5509 -11.70897 12.42227 13.17607 13.90751 14.62248 15.28281 15.86855 16.19332 16.38553 16.58384 16.80608 17.0195 17.2133 17.40486 17.41769 17.47423 17.65934 17.94423 18.27947 18.42936 18.58705 18.53819 18.5023 18.30744 17.83662 17.05985 16.33986 15.61635 14.81246 14.21189 13.93546 13.7417 13.46857 13.24387 13.06104 12.7764 12.32892 11.46278 10.38264 9.548223 9.538717 9.647602 10.43365 11.77354 12.8379 13.94453 15.05609 16.04597 17.11125 18.08419 17.93342 17.17854 16.62752 16.33595 15.81688 18.23679 23.00014
-12.30091 -12.07476 -11.68334 -11.48458 -11.61663 -11.99126 12.67965 13.50077 14.276 15.00763 15.61568 15.94414 16.16207 16.32484 16.46175 16.56337 16.65629 16.75067 16.76476 16.79634 16.83727 17.03578 17.2691 17.3671 17.4693 17.45642 17.46577 17.34471 16.97742 16.15333 15.53096 14.72654 14.03354 13.49788 13.01431 12.40799 11.98487 12.00215 12.00061 11.8471 11.36849 10.55992 9.668084 8.915394 9.001214 9.132088 9.950936 11.16201 12.32053 13.64594 14.80817 15.80283 16.66689 17.47883 17.40237 16.61987 16.12362 15.90885 16.78795 18.42368 21.90949
-12.5693 -12.45446 -12.06149 -11.5585 -11.66402 -11.81996 -12.07766 12.87739 13.74326 14.5414 15.15925 15.48338 15.70648 15.82906 15.92713 15.96521 16.00679 16.05693 16.03567 15.95831 15.88802 15.99817 16.11919 16.19099 16.26635 16.25647 16.38007 16.3821 16.05044 15.27758 14.72185 13.9622 13.3933 12.90435 12.3772 11.82961 11.38509 11.08336 10.93796 10.79317 10.41191 9.839863 9.088727 8.254065 8.442225 8.628159 9.545191 10.71631 11.90647 13.45589 14.67837 15.68554 16.45651 17.06519 16.98263 16.15335 15.70976 15.47579 16.02286 17.42259 18.24813
13.16642 -12.53441 -12.16685 -11.59603 -11.68765 -11.82051 -11.92552 -12.2423 13.06742 13.90441 14.55397 14.91668 15.14661 15.33078 15.55918 15.61427 15.70879 15.71781 15.56718 15.24135 15.03455 15.06985 15.18116 15.43297 15.72594 15.96122 16.28034 16.42952 16.11554 15.29331 14.71159 13.89265 13.20023 12.52923 11.8618 11.38968 11.03191 10.7237 10.37082 9.960969 9.550499 9.176708 8.569425 7.797105 7.842252 8.121058 9.178762 10.35073 11.61511 13.24053 14.56912 15.59731 16.34233 16.76361 16.61103 15.7446 15.35735 15.0619 14.84261 16.00023 16.68682
14.10479 13.37276 12.20173 -11.41612 -11.49482 -11.70751 -11.84709 -12.17018 -12.40331 13.1181 13.78804 14.15516 14.38083 14.4515 14.78136 14.94215 15.13715 15.37073 15.4048 15.17283 14.95646 14.91447 14.88816 15.09615 15.40968 15.71817 16.13287 16.41876 16.22695 15.42503 14.93973 14.27969 13.66212 13.06351 12.27947 11.54463 10.93566 10.47212 10.06371 9.646299 9.174274 8.485444 7.905746 7.130148 6.901938 7.342046 8.628476 10.01214 11.44403 13.04267 14.47871 15.52523 16.27016 16.57843 16.35746 15.48725 15.18855 14.81417 14.3272 14.44428 -16.28425
14.76503 14.30702 13.34764 11.85982 -11.41231 -11.69192 -11.98217 -12.23089 -12.45566 -12.51312 12.8399 13.22787 13.47467 -13.60048 -13.77399 13.90778 14.25666 14.62474 14.80048 14.74111 14.64874 14.64005 14.61818 14.82126 15.188 15.53788 15.9785 16.36112 16.41039 15.719 15.26683 14.75989 14.18941 13.6406 12.93556 12.21977 11.6601 11.05059 10.23363 9.53178 9.060422 8.352046 7.224664 6.499239 5.960526 6.552474 7.90042 9.527319 11.253 12.9062 14.39324 15.46739 16.21759 16.49261 16.20858 15.39719 15.13 15.16062 14.15363 13.62732 -13.94371
15.30528 15.16608 14.59617 13.32572 11.70507 11.93494 -12.1716 -12.52693 -13.71607 -13.11398 -12.65143 -12.45286 12.66494 -13.02082 -13.41318 -13.64807 -13.74259 -13.7682 13.85214 14.00501 14.06345 14.11281 14.16437 14.4004 14.83433 15.27856 15.71571 16.14192 16.39145 16.05533 15.66435 15.28569 14.77056 14.22863 13.63636 12.97263 12.42668 11.86421 11.03992 10.19564 9.314065 8.456038 7.285601 6.199203 5.482744 5.960425 7.236747 8.910612 10.92553 12.76466 14.31235 15.44145 16.16547 16.42898 16.08136 15.28694 15.01846 14.59681 14.05299 13.40428 13.30416
15.60326 15.73976 15.46553 14.56384 13.23837 11.99369 -12.22334 -12.65341 -13.74637 -14.65912 -13.07782 -12.85746 -12.63362 -12.42691 -12.59044 -13.08372 -13.36767 -13.5121 -13.55849 -13.56593 -13.55147 -13.50959 13.58054 13.85386 14.33984 14.89716 15.34954 15.77275 16.13487 16.15599 15.96731 15.69811 15.32595 14.82392 14.31469 13.76055 13.22459 12.70825 11.92084 11.00131 10.0723 8.80099 7.558812 6.278965 5.457895 5.543302 6.699571 8.306174 10.34512 12.52212 14.19364 15.3992 16.10169 16.35272 15.94757 15.07128 14.80924 14.37827 13.72094 13.02739 13.84787
15.58396 15.96976 16.00342 15.56976 14.50004 13.0396 12.13406 -12.5779 -13.00513 -15.17801 -14.44555 -13.53884 -13.29001 -13.06461 -12.73326 -12.47922 -12.49375 -12.84932 -13.06069 -13.2457 -13.39071 -13.47195 -13.48592 -13.57393 -13.72081 14.30721 14.83415 15.29663 15.71829 15.97903 16.05107 15.95076 15.73734 15.32727 14.88537 14.49365 14.05331 13.55576 12.82961 11.83021 10.8529 9.53925 8.024577 6.748614 5.667162 5.316289 6.309625 7.899456 9.741433 12.1312 14.02103 15.33444 16.06513 16.32984 15.93981 14.98071 14.66684 14.20952 13.49305 13.31465 -18.31137
15.24048 15.87934 16.25879 16.25601 15.55233 14.45096 13.06217 -12.65094 -13.15745 -14.53266 -14.472 -14.20394 -14.09548 -13.84012 -13.43579 -13.16051 -12.955 -12.79615 -12.85745 -13.14299 -13.38444 -13.60958 -13.82217 -13.9764 -14.09465 -14.11904 14.18464 14.67523 15.14311 15.54068 15.83543 15.97938 15.92495 15.64029 15.2976 15.06287 14.7899 14.32551 13.68696 12.6569 11.65429 10.3322 8.685727 7.396365 6.077404 5.274519 6.081939 7.679899 9.411636 11.70747 13.83628 15.26524 16.04759 16.33822 15.98989 15.03323 14.63754 14.14038 13.35546 -18.4436 -19.27869
14.61181 15.37309 16.0062 16.32652 16.1386 15.36511 14.24345 13.24608 13.24293 14.0077 -14.18181 -14.47314 -14.40514 -14.20488 -13.92727 -13.74901 -13.63057 -13.46576 -13.29189 -13.09396 -13.37011 -13.65539 -13.88638 -14.07313 -14.17618 -14.17528 -14.07166 14.02152 14.47605 15.05709 15.48202 15.83264 15.90815 15.72772 15.53132 15.49841 15.36358 14.99296 14.45029 13.50524 12.48371 11.17067 9.49779 8.187301 6.687346 5.651731 6.128953 7.634872 9.306586 11.40526 13.61406 15.20441 16.03258 16.32192 15.99592 15.10611 14.65798 13.96684 -14.12801 -18.75145 -16.86788
13.84341 14.58872 15.29156 15.82293 16.08969 15.87154 15.25306 14.44324 14.11778 16.07728 17.00309 -14.58954 -14.55805 -14.51914 -14.44283 -14.06722 -14.49751 -14.5336 -14.2015 -13.73314 -13.11572 -13.63341 -14.13534 -14.57891 -14.88136 -15.08511 -15.23497 -15.13002 -15.02695 -14.97127 15.25933 15.72682 15.9159 15.80161 15.70466 15.78582 15.74963 15.50761 15.10154 14.3237 13.30075 11.99181 10.3795 9.040015 7.444949 6.093915 6.25485 7.672709 9.296065 11.2549 13.3992 15.12772 16.01204 16.30784 16.03272 15.1341 14.61462 13.84943 -15.97811 -16.37205 -14.31041
13.44287 13.82878 14.63291 15.27157 15.70268 15.92571 15.83768 15.501 14.968 15.5847 15.95539 15.60849 -14.60964 -14.67642 -14.89118 -14.92321 -14.16249 -15.00832 -15.51639 -15.66734 -14.91985 -14.26206 -14.9282 -15.62708 -16.03446 -16.24332 -16.33049 -16.22149 -16.15686 -16.1606 -15.94199 15.82886 16.05062 15.94193 15.87164 15.94393 15.95706 15.85638 15.61115 14.98244 13.98351 12.66596 11.23376 9.826111 8.08813 6.389568 6.227217 7.603792 9.283358 11.16762 13.14681 14.89508 15.86985 16.20611 15.95887 15.2117 14.47287 13.58388 -14.60808 -14.02941 -12.16387
