py_wake/examples/data/AJ_ParqueFicticio/Ridge area   Sector 11   Height 30m   Mean speed.grd
DSAA
90  129
 262878   265103
 6504214   6507414
 .2675334   9.155797
[rows 81 to 107 of 129, columns 0 to 61 of 90]
5.972109 6.038698 6.103928 6.157204 6.20411 6.249364 6.299481 6.360403 6.440937 6.521907 6.597 6.663909 6.690892 6.671389 6.626026 6.587384 6.563023 6.538498 6.526613 6.507869 6.479338 6.474887 6.481138 6.495803 6.503665 6.497442 6.472537 6.443856 6.412087 6.37559 6.349897 6.351383 6.403745 6.513684 6.663022 6.839 7.029949 7.242697 7.461123 7.667648 7.848151 8.037992 8.197758 8.311378 8.394211 8.466108 8.506803 8.521384 8.423371 8.230867 8.002614 7.740816 7.478669 4.894621 5.093603 4.716317 4.407194 4.147459 3.973558 3.913125 3.931728 4.025272
6.170926 6.265507 6.346079 6.405088 6.457592 6.504107 6.552919 6.601355 6.651591 6.713383 6.783119 6.854327 6.906343 6.908714 6.860814 6.817942 6.784527 6.778395 6.794122 6.795385 6.756489 6.720889 6.700251 6.709707 6.731137 6.742525 6.728511 6.707738 6.682672 6.641065 6.606067 6.587894 6.61189 6.702511 6.826372 6.974816 7.156298 7.369198 7.593622 7.786041 7.958533 8.157933 8.311314 8.397257 8.47287 8.541677 8.584028 8.602369 8.49758 8.304367 8.074247 7.79688 7.504042 7.199402 5.176539 4.864967 4.475661 4.191613 4.053195 4.051639 4.106236 4.219988
6.31759 6.430598 6.528088 6.598647 6.642074 6.679984 6.712831 6.723252 6.740506 6.790209 6.846183 6.897585 6.965294 7.008646 6.976934 6.92511 6.887045 6.880936 6.914698 6.961281 6.924736 6.877759 6.848286 6.853436 6.888012 6.924011 6.928209 6.923261 6.917008 6.881562 6.84131 6.812911 6.820427 6.888419 6.990579 7.109904 7.27845 7.48092 7.69568 7.860795 8.02735 8.223228 8.376303 8.461966 8.54085 8.612611 8.663036 8.678736 8.595192 8.420506 8.201481 7.925042 7.615904 7.289238 6.945147 6.610923 6.333751 6.123575 4.181642 4.157476 4.182984 4.267143
6.377916 6.504214 6.609657 6.681406 6.722624 6.75015 6.763035 6.76446 6.778525 6.818978 6.853841 6.883232 6.929533 6.971007 6.963381 6.930023 6.901024 6.893315 6.914577 6.954609 6.938616 6.908345 6.891146 6.895992 6.931737 6.994467 7.036789 7.060952 7.083627 7.071904 7.052154 7.039742 7.046452 7.088001 7.167706 7.268998 7.401254 7.584473 7.767618 7.904174 8.057268 8.241945 8.402397 8.499146 8.584048 8.668117 8.732025 8.746518 8.689307 8.550336 8.356855 8.108444 7.814767 7.484346 7.118027 6.748317 6.420256 6.152394 5.968389 5.839077 5.774852 5.780568
6.402987 6.531111 6.634188 6.710848 6.767598 6.783217 6.777458 6.777425 6.79517 6.822195 6.831066 6.827738 6.830841 6.84821 6.855952 6.849337 6.832467 6.825197 6.830756 6.852787 6.849996 6.831073 6.817272 6.827378 6.868185 6.950806 7.035258 7.106171 7.171268 7.198615 7.227927 7.253795 7.270746 7.296253 7.355343 7.437006 7.535825 7.690585 7.833162 7.937402 8.06413 8.218867 8.377796 8.49984 8.59949 8.698462 8.77211 8.805358 8.783179 8.684299 8.521885 8.30873 8.042365 7.726904 7.36842 7.003933 6.657424 6.344348 6.06882 5.822195 5.627348 5.495629
6.412845 6.530229 6.626368 6.70761 6.770897 6.779559 6.759208 6.742847 6.750785 6.775165 6.769247 6.739717 6.712081 6.702588 6.698305 6.70676 6.721292 6.7264 6.726655 6.721989 6.706236 6.688506 6.679006 6.702838 6.75056 6.843347 6.959886 7.073821 7.184686 7.264107 7.342106 7.415839 7.458954 7.488219 7.530432 7.578285 7.6673 7.794423 7.899935 7.975079 8.063087 8.167981 8.287592 8.407577 8.526026 8.641138 8.743524 8.815941 8.844518 8.793934 8.672734 8.501381 8.270057 7.980865 7.648839 7.312904 6.96392 6.610049 6.242702 5.883993 5.553554 5.257432
6.395882 6.501904 6.588654 6.66416 6.72173 6.726624 6.700002 6.670512 6.654496 6.657989 6.647966 6.618246 6.585378 6.561272 6.542681 6.542147 6.559133 6.57639 6.581556 6.573316 6.555387 6.53369 6.529729 6.570393 6.6246 6.715871 6.856677 7.001896 7.145514 7.270934 7.390074 7.496904 7.577506 7.63189 7.663285 7.699816 7.786971 7.895537 7.971732 8.018281 8.057895 8.111344 8.189392 8.282068 8.396894 8.527149 8.657691 8.765612 8.84186 8.852048 8.785123 8.659456 8.47525 8.232594 7.940176 7.629812 7.312394 6.973466 6.56246 6.126823 5.719149 5.308146
6.350765 6.444608 6.526721 6.590661 6.627475 6.630181 6.606508 6.571915 6.542079 6.515692 6.493116 6.463279 6.43282 6.39484 6.360973 6.33957 6.3416 6.374438 6.410592 6.421631 6.414913 6.406927 6.407868 6.460863 6.530687 6.623456 6.76677 6.925529 7.091681 7.247816 7.397653 7.531827 7.646625 7.717065 7.751542 7.795949 7.882417 7.981692 8.041591 8.055474 8.042994 8.057447 8.103774 8.1729 8.271237 8.396124 8.533445 8.65944 8.766239 8.834874 8.83182 8.761306 8.633066 8.45015 8.212396 7.929585 7.642166 7.346741 6.964389 6.530615 6.105541 5.66115
6.293806 6.376245 6.458173 6.512681 6.52126 6.507195 6.486963 6.456604 6.423493 6.382154 6.330349 6.277964 6.227409 6.18783 6.162313 6.14298 6.134384 6.181156 6.233634 6.268365 6.280623 6.291309 6.303496 6.365539 6.453176 6.555718 6.692741 6.857986 7.041675 7.215436 7.387788 7.549323 7.695675 7.777863 7.816047 7.873672 7.96255 8.058843 8.105819 8.088834 8.033493 8.002339 8.009879 8.039454 8.095057 8.1973 8.342439 8.492055 8.633433 8.744236 8.803861 8.799944 8.732697 8.60945 8.436707 8.210198 7.960188 7.701353 7.378784 6.977238 6.568271 6.159442
6.223464 6.292777 6.383844 6.436711 6.422454 6.389824 6.359709 6.330248 6.287903 6.240041 6.18721 6.127183 6.062479 6.014407 6.004215 6.010229 6.01223 6.048927 6.101959 6.134896 6.161095 6.189816 6.21187 6.281553 6.387374 6.505077 6.648036 6.821902 7.010219 7.190216 7.373752 7.552182 7.722111 7.816798 7.860259 7.925825 8.016357 8.11304 8.151953 8.119641 8.01159 7.919357 7.897491 7.900422 7.925628 7.99334 8.118976 8.274207 8.436353 8.584446 8.692429 8.75302 8.7481 8.676289 8.558937 8.402253 8.222548 8.023084 7.765796 7.404279 7.017448 6.634045
6.108603 6.168414 6.251159 6.310133 6.295861 6.247819 6.207515 6.183899 6.158107 6.129951 6.098458 6.05375 5.992381 5.943291 5.941293 5.973985 5.994781 6.028392 6.075908 6.10613 6.133878 6.183667 6.20529 6.280584 6.396202 6.514152 6.655002 6.834489 7.012192 7.179648 7.358943 7.529953 7.696472 7.803511 7.855281 7.922932 8.00441 8.089571 8.13412 8.088394 7.973541 7.864261 7.80542 7.764209 7.744582 7.779879 7.881382 8.023159 8.180436 8.352336 8.499116 8.609919 8.65399 8.621799 8.544074 8.444372 8.339503 8.21216 8.038092 7.772403 7.440164 7.075348
5.926604 5.998124 6.053406 6.079047 6.071262 6.041963 6.012777 6.006641 6.010931 6.021404 6.024616 6.013911 5.99232 5.977415 5.993325 6.027675 6.050672 6.092292 6.144464 6.175222 6.220027 6.285067 6.33136 6.409676 6.510831 6.618711 6.742181 6.900403 7.054235 7.196832 7.359406 7.503546 7.639638 7.746778 7.813173 7.889661 7.964872 8.027374 8.06052 8.021435 7.91049 7.7867 7.685688 7.611771 7.55059 7.555434 7.633922 7.764659 7.916813 8.083095 8.239216 8.370328 8.447303 8.443174 8.395385 8.342482 8.303373 8.243924 8.145835 7.997278 7.77387 7.483377
5.695778 5.763552 5.8178 5.850153 5.8431 5.822869 5.80643 5.823148 5.856991 5.907673 5.95647 5.991228 6.010961 6.032148 6.075055 6.116074 6.141896 6.188454 6.243258 6.294259 6.36981 6.445901 6.518426 6.598732 6.683917 6.783078 6.891086 7.012818 7.124461 7.241301 7.383057 7.501467 7.605448 7.69302 7.760846 7.842858 7.911221 7.962864 7.984709 7.942088 7.819406 7.686949 7.555333 7.449292 7.358567 7.325238 7.371125 7.491007 7.637908 7.794305 7.953116 8.090669 8.177067 8.184274 8.155296 8.135783 8.144076 8.154338 8.144106 8.111036 8.00104 7.797369
5.476731 5.544592 5.628586 5.683729 5.692662 5.669137 5.637494 5.662087 5.738521 5.812092 5.889293 5.967179 6.018828 6.071161 6.143003 6.201703 6.248163 6.303937 6.359702 6.431211 6.518096 6.619124 6.707793 6.783789 6.86599 6.949377 7.040105 7.131519 7.204038 7.295432 7.411477 7.509826 7.586888 7.645886 7.700475 7.774834 7.836089 7.886055 7.905866 7.863778 7.746684 7.59688 7.447966 7.308475 7.180314 7.111492 7.125696 7.210204 7.335425 7.483103 7.644479 7.780771 7.859032 7.861702 7.831906 7.82214 7.871019 7.94467 8.014793 8.075329 8.089137 8.006021
5.308562 5.375681 5.473841 5.557415 5.59025 5.584173 5.579484 5.61268 5.706223 5.786371 5.870585 5.97254 6.050916 6.1282 6.217816 6.293708 6.360464 6.424235 6.492304 6.569166 6.661602 6.769181 6.872368 6.960129 7.041186 7.117528 7.191312 7.247634 7.28807 7.347782 7.423195 7.493729 7.556186 7.600347 7.646946 7.709046 7.77385 7.830863 7.855999 7.816201 7.697342 7.550112 7.385694 7.206566 7.029876 6.918718 6.895909 6.950051 7.054166 7.185106 7.330529 7.457793 7.529407 7.506045 7.467311 7.453134 7.516416 7.633527 7.770134 7.906904 8.011851 8.040852
5.156652 5.242788 5.346856 5.451261 5.509024 5.542731 5.57125 5.621058 5.725577 5.81135 5.905054 6.009054 6.106289 6.206845 6.304547 6.387007 6.462713 6.545982 6.627743 6.710976 6.804622 6.918927 7.031832 7.124725 7.205719 7.291132 7.349785 7.367657 7.381399 7.405177 7.434044 7.464671 7.505174 7.534828 7.574033 7.628489 7.695095 7.765233 7.803986 7.783823 7.679407 7.528684 7.345415 7.129569 6.906538 6.740407 6.674934 6.699961 6.77659 6.882299 6.999574 7.117166 7.187355 7.147241 7.081499 7.056467 7.111695 7.239831 7.415276 7.621051 7.808698 7.940143
5.045054 5.14349 5.252802 5.36297 5.446252 5.510256 5.560513 5.635764 5.750669 5.85121 5.958268 6.065367 6.169419 6.277982 6.381161 6.471117 6.554016 6.648166 6.745308 6.839073 6.943115 7.067911 7.192448 7.273406 7.346434 7.437713 7.488406 7.489938 7.484024 7.470318 7.447402 7.431696 7.432762 7.440397 7.46855 7.516025 7.587706 7.675722 7.743732 7.754509 7.674617 7.520788 7.320555 7.075807 6.801529 6.574396 6.454208 6.436265 6.46917 6.552891 6.665419 6.783061 6.830658 6.775918 6.685636 6.64258 6.684978 6.801737 7.005395 7.280932 7.551751 7.773145
5.022767 5.109306 5.210765 5.307539 5.402726 5.481948 5.544537 5.647444 5.769046 5.881947 5.993834 6.108845 6.218186 6.325195 6.432737 6.533908 6.622608 6.718617 6.816821 6.918579 7.040481 7.171434 7.298402 7.374909 7.443602 7.53005 7.581964 7.582671 7.570294 7.531768 7.467797 7.411126 7.370991 7.346357 7.34782 7.379237 7.455711 7.561218 7.660637 7.70949 7.674099 7.543991 7.339645 7.069394 6.751898 6.448577 6.25607 6.183152 6.169247 6.230755 6.329161 6.440224 6.465257 6.396447 6.297368 6.235966 6.253606 6.350476 6.553941 6.887266 7.24148 7.539378
5.064603 5.153391 5.244156 5.320455 5.415462 5.49581 5.562747 5.671209 5.79407 5.909301 6.020403 6.132785 6.24615 6.352543 6.453201 6.54996 6.641326 6.738241 6.831225 6.930346 7.050235 7.18186 7.310843 7.397688 7.471554 7.556078 7.621281 7.637721 7.629298 7.579408 7.485589 7.390392 7.309153 7.245183 7.213955 7.227884 7.305893 7.427781 7.555067 7.650265 7.674143 7.590254 7.401745 7.124504 6.782677 6.427295 6.155125 6.001427 5.929658 5.933931 5.9917 6.079461 6.11545 6.051362 5.954298 5.88944 5.889464 5.966063 6.137779 6.439384 6.809458 7.153049
1.70141E+38 1.70141E+38 1.70141E+38 1.70141E+38 1.70141E+38 1.70141E+38 1.70141E+38 1.70141E+38 1.70141E+38 1.70141E+38 1.70141E+38 1.70141E+38 1.70141E+38 1.70141E+38 1.70141E+38 1.70141E+38 1.70141E+38 1.70141E+38 1.70141E+38 1.70141E+38 1.70141E+38 1.70141E+38 1.70141E+38 1.70141E+38 1.70141E+38 1.70141E+38 1.70141E+38 1.70141E+38 1.70141E+38 1.70141E+38 1.70141E+38 1.70141E+38 1.70141E+38 1.70141E+38 1.70141E+38 1.70141E+38 1.70141E+38 1.70141E+38 1.70141E+38 1.70141E+38 1.70141E+38 1.70141E+38 1.70141E+38 1.70141E+38 1.70141E+38 1.70141E+38 1.70141E+38 1.70141E+38 1.70141E+38 1.70141E+38 1.70141E+38 1.70141E+38 1.70141E+38 1.70141E+38 1.70141E+38 1.70141E+38 1.70141E+38 1.70141E+38 1.70141E+38 1.70141E+38 1.70141E+38 1.70141E+38
1.70141E+38 1.70141E+38 1.70141E+38 1.70141E+38 1.70141E+38 1.70141E+38 1.70141E+38 1.70141E+38 1.70141E+38 1.70141E+38 1.70141E+38 1.70141E+38 1.70141E+38 1.70141E+38 1.70141E+38 1.70141E+38 1.70141E+38 1.70141E+38 1.70141E+38 1.70141E+38 1.70141E+38 1.70141E+38 1.70141E+38 1.70141E+38 1.70141E+38 1.70141E+38 1.70141E+38 1.70141E+38 1.70141E+38 1.70141E+38 1.70141E+38 1.70141E+38 1.70141E+38 1.70141E+38 1.70141E+38 1.70141E+38 1.70141E+38 1.70141E+38 1.70141E+38 1.70141E+38 1.70141E+38 1.70141E+38 1.70141E+38 1.70141E+38 1.70141E+38 1.70141E+38 1.70141E+38 1.70141E+38 1.70141E+38 1.70141E+38 1.70141E+38 1.70141E+38 1.70141E+38 1.70141E+38 1.70141E+38 1.70141E+38 1.70141E+38 1.70141E+38 1.70141E+38 1.70141E+38 1.70141E+38 1.70141E+38
1.70141E+38 1.70141E+38 1.70141E+38 1.70141E+38 1.70141E+38 1.70141E+38 1.70141E+38 1.70141E+38 1.70141E+38 1.70141E+38 1.70141E+38 1.70141E+38 1.70141E+38 1.70141E+38 1.70141E+38 1.70141E+38 1.70141E+38 1.70141E+38 1.70141E+38 1.70141E+38 1.70141E+38 1.70141E+38 1.70141E+38 1.70141E+38 1.70141E+38 1.70141E+38 1.70141E+38 1.70141E+38 1.70141E+38 1.70141E+38 1.70141E+38 1.70141E+38 1.70141E+38 1.70141E+38 1.70141E+38 1.70141E+38 1.70141E+38 1.70141E+38 1.70141E+38 1.70141E+38 1.70141E+38 1.70141E+38 1.70141E+38 1.70141E+38 1.70141E+38 1.70141E+38 1.70141E+38 1.70141E+38 1.70141E+38 1.70141E+38 1.70141E+38 1.70141E+38 1.70141E+38 1.70141E+38 1.70141E+38 1.70141E+38 1.70141E+38 1.70141E+38 1.70141E+38 1.70141E+38 1.70141E+38 1.70141E+38
1.70141E+38 1.70141E+38 1.70141E+38 1.70141E+38 1.70141E+38 1.70141E+38 1.70141E+38 1.70141E+38 1.70141E+38 1.70141E+38 1.70141E+38 1.70141E+38 1.70141E+38 1.70141E+38 1.70141E+38 1.70141E+38 1.70141E+38 1.70141E+38 1.70141E+38 1.70141E+38 1.70141E+38 1.70141E+38 1.70141E+38 1.70141E+38 1.70141E+38 1.70141E+38 1.70141E+38 1.70141E+38 1.70141E+38 1.70141E+38 1.70141E+38 1.70141E+38 1.70141E+38 1.70141E+38 1.70141E+38 1.70141E+38 1.70141E+38 1.70141E+38 1.70141E+38 1.70141E+38 1.70141E+38 1.70141E+38 1.70141E+38 1.70141E+38 1.70141E+38 1.70141E+38 1.70141E+38 1.70141E+38 1.70141E+38 1.70141E+38 1.70141E+38 1.70141E+38 1.70141E+38 1.70141E+38 1.70141E+38 1.70141E+38 1.70141E+38 1.70141E+38 1.70141E+38 1.70141E+38 1.70141E+38 1.70141E+38
1.70141E+38 1.70141E+38 1.70141E+38 1.70141E+38 1.70141E+38 1.70141E+38 1.70141E+38 1.70141E+38 1.70141E+38 1.70141E+38 1.70141E+38 1.70141E+38 1.70141E+38 1.70141E+38 1.70141E+38 1.70141E+38 1.70141E+38 1.70141E+38 1.70141E+38 1.70141E+38 1.70141E+38 1.70141E+38 1.70141E+38 1.70141E+38 1.70141E+38 1.70141E+38 1.70141E+38 1.70141E+38 1.70141E+38 1.70141E+38 1.70141E+38 1.70141E+38 1.70141E+38 1.70141E+38 1.70141E+38 1.70141E+38 1.70141E+38 1.70141E+38 1.70141E+38 1.70141E+38 1.70141E+38 1.70141E+38 1.70141E+38 1.70141E+38 1.70141E+38 1.70141E+38 1.70141E+38 1.70141E+38 1.70141E+38 1.70141E+38 1.70141E+38 1.70141E+38 1.70141E+38 1.70141E+38 1.70141E+38 1.70141E+38 1.70141E+38 1.70141E+38 1.70141E+38 1.70141E+38 1.70141E+38 1.70141E+38
1.70141E+38 1.70141E+38 1.70141E+38 1.70141E+38 1.70141E+38 1.70141E+38 1.70141E+38 1.70141E+38 1.70141E+38 1.70141E+38 1.70141E+38 1.70141E+38 1.70141E+38 1.70141E+38 1.70141E+38 1.70141E+38 1.70141E+38 1.70141E+38 1.70141E+38 1.70141E+38 1.70141E+38 1.70141E+38 1.70141E+38 1.70141E+38 1.70141E+38 1.70141E+38 1.70141E+38 1.70141E+38 1.70141E+38 1.70141E+38 1.70141E+38 1.70141E+38 1.70141E+38 1.70141E+38 1.70141E+38 1.70141E+38 1.70141E+38 1.70141E+38 1.70141E+38 1.70141E+38 1.70141E+38 1.70141E+38 1.70141E+38 1.70141E+38 1.70141E+38 1.70141E+38 1.70141E+38 1.70141E+38 1.70141E+38 1.70141E+38 1.70141E+38 1.70141E+38 1.70141E+38 1.70141E+38 1.70141E+38 1.70141E+38 1.70141E+38 1.70141E+38 1.70141E+38 1.70141E+38 1.70141E+38 1.70141E+38
1.70141E+38 1.70141E+38 1.70141E+38 1.70141E+38 1.70141E+38 1.70141E+38 1.70141E+38 1.70141E+38 1.70141E+38 1.70141E+38 1.70141E+38 1.70141E+38 1.70141E+38 1.70141E+38 1.70141E+38 1.70141E+38 1.70141E+38 1.70141E+38 1.70141E+38 1.70141E+38 1.70141E+38 1.70141E+38 1.70141E+38 1.70141E+38 1.70141E+38 1.70141E+38 1.70141E+38 1.70141E+38 1.70141E+38 1.70141E+38 1.70141E+38 1.70141E+38 1.70141E+38 1.70141E+38 1.70141E+38 1.70141E+38 1.70141E+38 1.70141E+38 1.70141E+38 1.70141E+38 1.70141E+38 1.70141E+38 1.70141E+38 1.70141E+38 1.70141E+38 1.70141E+38 1.70141E+38 1.70141E+38 1.70141E+38 1.70141E+38 1.70141E+38 1.70141E+38 1.70141E+38 1.70141E+38 1.70141E+38 1.70141E+38 1.70141E+38 1.70141E+38 1.70141E+38 1.70141E+38 1.70141E+38 1.70141E+38
1.70141E+38 1.70141E+38 1.70141E+38 1.70141E+38 1.70141E+38 1.70141E+38 1.70141E+38 1.70141E+38 1.70141E+38 1.70141E+38 1.70141E+38 1.70141E+38 1.70141E+38 1.70141E+38 1.70141E+38 1.70141E+38 1.70141E+38 1.70141E+38 1.70141E+38 1.70141E+38 1.70141E+38 1.70141E+38 1.70141E+38 1.70141E+38 1.70141E+38 1.70141E+38 1.70141E+38 1.70141E+38 1.70141E+38 1.70141E+38 1.70141E+38 1.70141E+38 1.70141E+38 1.70141E+38 1.70141E+38 1.70141E+38 1.70141E+38 1.70141E+38 1.70141E+38 1.70141E+38 1.70141E+38 1.70141E+38 1.70141E+38 1.70141E+38 1.70141E+38 1.70141E+38 1.70141E+38 1.70141E+38 1.70141E+38 1.70141E+38 1.70141E+38 1.70141E+38 1.70141E+38 1.70141E+38 1.70141E+38 1.70141E+38 1.70141E+38 1.70141E+38 1.70141E+38 1.70141E+38 1.70141E+38 1.70141E+38
