py_wake/examples/data/AJ_ParqueFicticio/Ridge area   Sector 2   Height 30m   Weibull-k.grd
DSAA
90  129
 262878   265103
 6504214   6507414
 .8964844   2.380859
[rows 54 to 80 of 129, columns 0 to 61 of 90]
2.240234 2.240234 2.240234 2.251953 2.267578 2.283203 2.287109 2.287109 2.279297 2.244141 2.197266 2.173828 2.166016 2.119141 2.021484 1.943359 1.951172 2.025391 2.095703 2.134766 2.134766 2.107422 2.068359 2.025391 1.998047 1.982422 1.982422 2.001953 2.029297 2.064453 2.099609 2.130859 2.150391 2.162109 2.169922 2.169922 2.166016 2.158203 2.150391 2.146484 2.142578 2.138672 2.138672 2.134766 2.134766 2.130859 2.134766 2.134766 2.138672 2.142578 2.142578 2.146484 2.146484 2.142578 2.134766 2.123047 2.111328 2.099609 2.099609 2.099609 2.103516 2.111328
2.240234 2.240234 2.244141 2.255859 2.275391 2.287109 2.298828 2.302734 2.302734 2.291016 2.275391 2.236328 2.212891 2.208984 2.177734 2.138672 2.126953 2.142578 2.166016 2.177734 2.169922 2.146484 2.115234 2.080078 2.056641 2.048828 2.052734 2.068359 2.091797 2.115234 2.138672 2.158203 2.169922 2.173828 2.177734 2.177734 2.169922 2.162109 2.154297 2.150391 2.142578 2.138672 2.134766 2.134766 2.130859 2.130859 2.130859 2.134766 2.134766 2.138672 2.138672 2.138672 2.138672 2.134766 2.126953 2.119141 2.107422 2.095703 2.095703 2.099609 2.103516 2.111328
2.240234 2.240234 2.248047 2.263672 2.279297 2.294922 2.306641 2.318359 2.318359 2.314453 2.302734 2.287109 2.279297 2.275391 2.271484 2.267578 2.271484 2.275391 2.267578 2.255859 2.232422 2.208984 2.185547 2.162109 2.146484 2.134766 2.138672 2.146484 2.158203 2.169922 2.177734 2.185547 2.189453 2.189453 2.185547 2.181641 2.177734 2.166016 2.158203 2.150391 2.146484 2.138672 2.134766 2.130859 2.130859 2.130859 2.130859 2.130859 2.134766 2.134766 2.134766 2.134766 2.130859 2.126953 2.123047 2.111328 2.103516 2.095703 2.095703 2.099609 2.107422 2.115234
2.244141 2.248047 2.255859 2.267578 2.283203 2.298828 2.314453 2.322266 2.330078 2.330078 2.326172 2.314453 2.306641 2.302734 2.302734 2.302734 2.302734 2.306641 2.306641 2.298828 2.287109 2.275391 2.263672 2.251953 2.240234 2.240234 2.224609 2.216797 2.216797 2.212891 2.208984 2.205078 2.201172 2.197266 2.193359 2.189453 2.181641 2.173828 2.162109 2.154297 2.146484 2.142578 2.134766 2.130859 2.130859 2.126953 2.126953 2.130859 2.130859 2.130859 2.130859 2.130859 2.126953 2.123047 2.119141 2.111328 2.103516 2.095703 2.095703 2.099609 2.107422 2.115234
2.251953 2.255859 2.259766 2.271484 2.287109 2.302734 2.318359 2.330078 2.337891 2.341797 2.341797 2.333984 2.326172 2.326172 2.326172 2.326172 2.326172 2.330078 2.330078 2.326172 2.314453 2.302734 2.287109 2.275391 2.263672 2.251953 2.244141 2.240234 2.240234 2.240234 2.228516 2.216797 2.208984 2.205078 2.197266 2.189453 2.185547 2.173828 2.166016 2.158203 2.146484 2.142578 2.138672 2.134766 2.130859 2.130859 2.126953 2.130859 2.130859 2.130859 2.130859 2.126953 2.126953 2.119141 2.115234 2.107422 2.103516 2.095703 2.095703 2.099609 2.107422 2.115234
2.263672 2.263672 2.271484 2.279297 2.294922 2.306641 2.318359 2.330078 2.337891 2.345703 2.349609 2.349609 2.345703 2.341797 2.345703 2.345703 2.345703 2.345703 2.349609 2.341797 2.333984 2.322266 2.310547 2.294922 2.279297 2.267578 2.259766 2.251953 2.244141 2.240234 2.236328 2.220703 2.208984 2.205078 2.197266 2.189453 2.181641 2.173828 2.166016 2.154297 2.146484 2.142578 2.138672 2.134766 2.130859 2.130859 2.130859 2.130859 2.130859 2.130859 2.126953 2.126953 2.123047 2.119141 2.115234 2.107422 2.103516 2.099609 2.095703 2.103516 2.107422 2.115234
2.275391 2.275391 2.279297 2.287109 2.298828 2.310547 2.322266 2.333984 2.341797 2.349609 2.353516 2.357422 2.357422 2.357422 2.361328 2.361328 2.361328 2.361328 2.361328 2.357422 2.349609 2.337891 2.326172 2.310547 2.294922 2.279297 2.267578 2.259766 2.251953 2.244141 2.228516 2.212891 2.201172 2.197266 2.189453 2.181641 2.177734 2.169922 2.162109 2.154297 2.146484 2.142578 2.138672 2.134766 2.130859 2.130859 2.130859 2.130859 2.130859 2.130859 2.126953 2.126953 2.123047 2.119141 2.111328 2.107422 2.103516 2.099609 2.099609 2.103516 2.107422 2.111328
2.283203 2.283203 2.287109 2.294922 2.302734 2.314453 2.326172 2.330078 2.337891 2.345703 2.353516 2.361328 2.365234 2.365234 2.369141 2.373047 2.373047 2.373047 2.373047 2.369141 2.361328 2.349609 2.337891 2.322266 2.306641 2.291016 2.279297 2.267578 2.259766 2.251953 2.220703 2.201172 2.189453 2.185547 2.177734 2.173828 2.169922 2.162109 2.158203 2.150391 2.146484 2.142578 2.138672 2.134766 2.130859 2.130859 2.130859 2.130859 2.130859 2.130859 2.126953 2.123047 2.119141 2.115234 2.111328 2.107422 2.103516 2.103516 2.099609 2.099609 2.103516 2.107422
2.291016 2.291016 2.294922 2.298828 2.310547 2.318359 2.326172 2.330078 2.337891 2.341797 2.349609 2.357422 2.361328 2.369141 2.373047 2.376953 2.376953 2.380859 2.376953 2.373047 2.369141 2.357422 2.345703 2.330078 2.314453 2.298828 2.287109 2.275391 2.267578 2.244141 2.212891 2.189453 2.177734 2.173828 2.169922 2.166016 2.162109 2.158203 2.154297 2.146484 2.142578 2.138672 2.138672 2.134766 2.130859 2.126953 2.130859 2.130859 2.130859 2.126953 2.126953 2.123047 2.119141 2.115234 2.111328 2.107422 2.103516 2.103516 2.099609 2.095703 2.099609 2.099609
2.294922 2.294922 2.294922 2.298828 2.306641 2.314453 2.322266 2.326172 2.333984 2.337891 2.341797 2.349609 2.357422 2.365234 2.369141 2.373047 2.376953 2.380859 2.376953 2.373047 2.369141 2.361328 2.349609 2.333984 2.318359 2.306641 2.294922 2.283203 2.271484 2.232422 2.201172 2.177734 2.166016 2.162109 2.158203 2.154297 2.154297 2.150391 2.146484 2.142578 2.142578 2.138672 2.134766 2.130859 2.130859 2.126953 2.126953 2.126953 2.126953 2.126953 2.123047 2.123047 2.119141 2.115234 2.111328 2.107422 2.107422 2.103516 2.099609 2.095703 2.091797 2.091797
2.294922 2.294922 2.294922 2.298828 2.306641 2.314453 2.318359 2.322266 2.326172 2.330078 2.333984 2.337891 2.345703 2.353516 2.361328 2.365234 2.373047 2.373047 2.373047 2.365234 2.361328 2.357422 2.345703 2.330078 2.318359 2.306641 2.294922 2.283203 2.259766 2.216797 2.185547 2.166016 2.154297 2.150391 2.146484 2.146484 2.142578 2.142578 2.142578 2.138672 2.138672 2.134766 2.134766 2.130859 2.130859 2.126953 2.126953 2.126953 2.126953 2.123047 2.123047 2.119141 2.119141 2.115234 2.111328 2.111328 2.107422 2.107422 2.103516 2.099609 2.095703 2.091797
2.291016 2.291016 2.291016 2.294922 2.302734 2.306641 2.314453 2.318359 2.318359 2.322266 2.322266 2.326172 2.333984 2.341797 2.349609 2.357422 2.361328 2.365234 2.365234 2.357422 2.353516 2.349609 2.341797 2.326172 2.314453 2.302734 2.294922 2.283203 2.236328 2.197266 2.169922 2.150391 2.142578 2.138672 2.138672 2.134766 2.134766 2.134766 2.134766 2.134766 2.130859 2.130859 2.130859 2.130859 2.126953 2.126953 2.126953 2.126953 2.123047 2.123047 2.119141 2.119141 2.115234 2.115234 2.115234 2.111328 2.111328 2.107422 2.107422 2.103516 2.099609 2.095703
2.283203 2.283203 2.283203 2.287109 2.294922 2.298828 2.306641 2.310547 2.310547 2.310547 2.310547 2.314453 2.318359 2.326172 2.337891 2.341797 2.349609 2.353516 2.353516 2.349609 2.345703 2.341797 2.330078 2.318359 2.310547 2.298828 2.287109 2.251953 2.208984 2.177734 2.150391 2.134766 2.130859 2.130859 2.130859 2.126953 2.126953 2.130859 2.130859 2.130859 2.130859 2.130859 2.126953 2.126953 2.126953 2.123047 2.123047 2.123047 2.123047 2.119141 2.119141 2.115234 2.115234 2.115234 2.115234 2.111328 2.111328 2.111328 2.111328 2.111328 2.107422 2.103516
2.263672 2.271484 2.275391 2.279297 2.283203 2.291016 2.294922 2.302734 2.302734 2.302734 2.302734 2.302734 2.302734 2.310547 2.322266 2.330078 2.333984 2.337891 2.341797 2.341797 2.337891 2.330078 2.322266 2.310547 2.298828 2.287109 2.248047 2.201172 2.169922 2.146484 2.130859 2.123047 2.123047 2.123047 2.123047 2.123047 2.123047 2.126953 2.126953 2.126953 2.126953 2.126953 2.126953 2.123047 2.123047 2.123047 2.123047 2.119141 2.119141 2.119141 2.115234 2.115234 2.115234 2.115234 2.115234 2.115234 2.115234 2.115234 2.119141 2.119141 2.115234 2.115234
2.189453 2.205078 2.224609 2.263672 2.267578 2.275391 2.283203 2.291016 2.294922 2.294922 2.291016 2.287109 2.291016 2.294922 2.302734 2.310547 2.318359 2.322266 2.326172 2.326172 2.322266 2.318359 2.310547 2.298828 2.287109 2.236328 2.185547 2.150391 2.126953 2.115234 2.111328 2.111328 2.111328 2.115234 2.115234 2.119141 2.123047 2.123047 2.126953 2.126953 2.123047 2.123047 2.123047 2.123047 2.119141 2.119141 2.119141 2.119141 2.115234 2.115234 2.115234 2.111328 2.111328 2.115234 2.115234 2.115234 2.119141 2.123047 2.126953 2.126953 2.126953 2.126953
2.142578 2.146484 2.158203 2.177734 2.220703 2.255859 2.263672 2.275391 2.279297 2.283203 2.279297 2.275391 2.275391 2.279297 2.287109 2.294922 2.298828 2.306641 2.310547 2.310547 2.310547 2.302734 2.294922 2.287109 2.232422 2.173828 2.130859 2.103516 2.091797 2.091797 2.091797 2.095703 2.099609 2.103516 2.111328 2.119141 2.123047 2.126953 2.126953 2.126953 2.123047 2.123047 2.119141 2.119141 2.119141 2.115234 2.115234 2.115234 2.115234 2.115234 2.111328 2.111328 2.111328 2.115234 2.115234 2.119141 2.123047 2.126953 2.130859 2.134766 2.134766 2.134766
2.115234 2.123047 2.130859 2.142578 2.173828 2.228516 2.244141 2.255859 2.267578 2.271484 2.271484 2.267578 2.263672 2.267578 2.271484 2.279297 2.283203 2.287109 2.291016 2.291016 2.291016 2.287109 2.279297 2.232422 2.166016 2.119141 2.083984 2.068359 2.064453 2.064453 2.072266 2.080078 2.087891 2.099609 2.107422 2.119141 2.126953 2.130859 2.130859 2.130859 2.126953 2.123047 2.119141 2.115234 2.115234 2.111328 2.111328 2.111328 2.111328 2.111328 2.111328 2.111328 2.111328 2.115234 2.115234 2.119141 2.123047 2.130859 2.138672 2.142578 2.142578 2.142578
2.103516 2.111328 2.119141 2.130859 2.158203 2.212891 2.240234 2.240234 2.248047 2.255859 2.259766 2.255859 2.255859 2.255859 2.259766 2.263672 2.263672 2.267578 2.271484 2.271484 2.271484 2.267578 2.220703 2.169922 2.119141 2.080078 2.052734 2.033203 2.025391 2.029297 2.044922 2.060547 2.076172 2.091797 2.107422 2.123047 2.134766 2.142578 2.142578 2.134766 2.126953 2.123047 2.115234 2.111328 2.111328 2.111328 2.107422 2.107422 2.107422 2.111328 2.111328 2.111328 2.111328 2.115234 2.119141 2.123047 2.126953 2.134766 2.142578 2.146484 2.150391 2.150391
2.091797 2.099609 2.107422 2.126953 2.158203 2.228516 2.240234 2.240234 2.240234 2.240234 2.248047 2.248047 2.248047 2.248047 2.248047 2.251953 2.251953 2.255859 2.255859 2.255859 2.228516 2.193359 2.162109 2.130859 2.099609 2.064453 2.025391 1.994141 1.978516 1.978516 1.998047 2.025391 2.052734 2.080078 2.103516 2.130859 2.146484 2.150391 2.150391 2.142578 2.126953 2.119141 2.115234 2.111328 2.107422 2.107422 2.103516 2.103516 2.103516 2.107422 2.107422 2.111328 2.111328 2.115234 2.119141 2.126953 2.130859 2.138672 2.146484 2.154297 2.158203 2.162109
2.080078 2.087891 2.099609 2.123047 2.173828 2.240234 2.240234 2.240234 2.240234 2.240234 2.240234 2.240234 2.244141 2.240234 2.240234 2.244141 2.244141 2.244141 2.232422 2.205078 2.177734 2.158203 2.150391 2.150391 2.146484 2.119141 2.064453 1.994141 1.935547 1.912109 1.923828 1.958984 2.009766 2.056641 2.095703 2.130859 2.154297 2.162109 2.154297 2.142578 2.126953 2.119141 2.111328 2.107422 2.103516 2.099609 2.099609 2.099609 2.099609 2.103516 2.103516 2.107422 2.111328 2.115234 2.123047 2.126953 2.134766 2.146484 2.154297 2.162109 2.166016 2.169922
2.068359 2.080078 2.095703 2.126953 2.201172 2.240234 2.240234 2.240234 2.240234 2.240234 2.240234 2.240234 2.240234 2.240234 2.240234 2.240234 2.240234 2.240234 2.240234 2.232422 2.197266 2.197266 2.240234 2.240234 2.240234 2.240234 2.240234 2.240234 2.240234 2.107422 1.939453 1.916016 1.962891 2.025391 2.080078 2.126953 2.154297 2.162109 2.154297 2.138672 2.123047 2.115234 2.107422 2.103516 2.099609 2.095703 2.095703 2.095703 2.095703 2.099609 2.103516 2.107422 2.111328 2.119141 2.123047 2.130859 2.142578 2.154297 2.166016 2.173828 2.181641 2.181641
2.064453 2.072266 2.091797 2.138672 2.240234 2.240234 2.240234 2.240234 2.240234 2.240234 2.240234 2.240234 2.240234 2.240234 2.240234 2.240234 2.240234 2.240234 2.240234 2.240234 2.240234 2.240234 2.240234 2.240234 2.240234 2.240234 2.240234 2.240234 2.244141 2.240234 2.240234 2.240234 2.240234 2.232422 2.107422 2.123047 2.150391 2.158203 2.150391 2.134766 2.123047 2.111328 2.107422 2.099609 2.095703 2.091797 2.091797 2.091797 2.091797 2.095703 2.099609 2.107422 2.111328 2.119141 2.126953 2.138672 2.150391 2.166016 2.181641 2.193359 2.197266 2.201172
2.064453 2.076172 2.103516 2.162109 2.240234 2.240234 2.240234 2.240234 2.240234 2.240234 2.240234 2.240234 2.240234 2.240234 2.240234 2.240234 2.240234 2.240234 2.240234 2.240234 2.240234 2.240234 2.240234 2.240234 2.240234 2.236328 2.232422 2.236328 2.251953 2.279297 2.291016 2.287109 2.275391 2.251953 2.212891 2.095703 2.126953 2.146484 2.142578 2.130859 2.119141 2.111328 2.103516 2.095703 2.091797 2.091797 2.087891 2.087891 2.091797 2.091797 2.099609 2.103516 2.111328 2.119141 2.130859 2.142578 2.158203 2.177734 2.197266 2.212891 2.224609 2.228516
2.068359 2.083984 2.115234 2.185547 2.240234 2.240234 2.240234 2.240234 2.240234 2.240234 2.240234 2.240234 2.240234 2.240234 2.240234 2.240234 2.240234 2.240234 2.240234 2.240234 2.240234 2.240234 2.240234 2.240234 2.236328 2.228516 2.220703 2.216797 2.228516 2.255859 2.279297 2.283203 2.267578 2.248047 2.091797 2.041016 2.107422 2.134766 2.134766 2.123047 2.115234 2.107422 2.103516 2.095703 2.091797 2.087891 2.087891 2.087891 2.087891 2.091797 2.095703 2.103516 2.111328 2.119141 2.130859 2.146484 2.162109 2.185547 2.212891 2.236328 2.240234 2.240234
2.080078 2.095703 2.126953 2.197266 2.240234 2.240234 2.240234 2.240234 2.240234 2.240234 2.240234 2.240234 2.240234 2.240234 2.240234 2.240234 2.240234 2.240234 2.240234 2.240234 2.240234 2.240234 2.240234 2.240234 2.240234 2.240234 2.236328 2.240234 2.240234 2.240234 2.240234 2.240234 2.240234 2.033203 1.927734 2.021484 2.099609 2.126953 2.126953 2.119141 2.115234 2.107422 2.099609 2.095703 2.091797 2.087891 2.087891 2.083984 2.087891 2.087891 2.095703 2.099609 2.107422 2.119141 2.126953 2.142578 2.162109 2.185547 2.216797 2.240234 2.240234 2.240234
2.103516 2.111328 2.142578 2.201172 2.240234 2.240234 2.240234 2.240234 2.240234 2.240234 2.240234 2.240234 2.240234 2.240234 2.240234 2.240234 2.244141 2.244141 2.244141 2.240234 2.240234 2.240234 2.240234 2.240234 2.240234 2.240234 2.240234 2.240234 2.240234 2.240234 2.224609 1.794922 1.732422 1.810547 1.943359 2.052734 2.107422 2.123047 2.123047 2.119141 2.111328 2.107422 2.099609 2.095703 2.091797 2.087891 2.087891 2.083984 2.087891 2.087891 2.091797 2.099609 2.107422 2.115234 2.126953 2.138672 2.158203 2.181641 2.208984 2.240234 2.240234 2.240234
2.146484 2.150391 2.173828 2.208984 2.240234 2.240234 2.240234 2.240234 2.240234 2.240234 2.240234 2.240234 2.240234 2.240234 2.244141 2.248047 2.251953 2.251953 2.251953 2.248047 2.244141 2.244141 2.240234 2.240234 2.240234 2.240234 2.240234 2.240234 2.201172 1.978516 1.810547 1.755859 1.794922 1.908203 2.017578 2.083984 2.111328 2.119141 2.119141 2.115234 2.111328 2.103516 2.099609 2.095703 2.091797 2.091797 2.087891 2.087891 2.087891 2.087891 2.091797 2.099609 2.103516 2.111328 2.119141 2.130859 2.146484 2.169922 2.193359 2.224609 2.240234 2.240234
