py_wake/examples/data/AJ_ParqueFicticio/Ridge area   Sector 2   Height 30m   Weibull-A.grd
DSAA
90  129
 262878   265103
 6504214   6507414
 .8492776   5.677649
[rows 81 to 107 of 129, columns 0 to 61 of 90]
2.831916 2.832702 2.865245 2.904907 2.952522 3.02172 3.09961 3.175847 3.252721 3.313342 3.363158 3.416203 3.449763 3.45453 3.427457 3.389422 3.347323 3.293362 3.252311 3.224774 3.176522 3.142614 3.10466 3.071549 3.035664 2.996806 2.931569 2.871201 2.827633 2.802345 2.818329 2.905755 3.111645 3.42421 3.784237 4.116184 4.375971 4.578072 4.750285 4.90599 5.037356 5.162889 5.26704 5.317269 5.330258 5.319889 5.285646 5.233523 5.136339 4.960577 4.783383 4.585369 4.386686 4.198474 4.034214 3.903797 3.806354 3.728026 3.667359 3.624652 3.587417 3.568524
3.164877 3.209622 3.263802 3.319227 3.379911 3.429362 3.485488 3.541976 3.583695 3.62861 3.689318 3.745954 3.783555 3.795374 3.772004 3.724808 3.659945 3.613113 3.599186 3.604257 3.564532 3.501786 3.436272 3.402565 3.39476 3.3986 3.392884 3.381065 3.3826 3.386251 3.422727 3.506612 3.672451 3.922105 4.175753 4.397202 4.588537 4.759408 4.926147 5.068573 5.186265 5.293969 5.361773 5.380258 5.378088 5.34895 5.300919 5.237404 5.106903 4.927693 4.743493 4.533299 4.324618 4.124612 3.949471 3.804953 3.692942 3.603851 3.544641 3.513286 3.487874 3.468286
3.416716 3.485987 3.559372 3.623736 3.676036 3.735061 3.785412 3.805751 3.829107 3.884245 3.939651 3.975049 4.013426 4.027189 3.978096 3.906499 3.840961 3.804767 3.810139 3.832359 3.775809 3.704304 3.6455 3.62547 3.653906 3.708663 3.733403 3.759031 3.801997 3.831145 3.870209 3.947382 4.081497 4.263417 4.44317 4.6047 4.766085 4.927061 5.08575 5.208672 5.309859 5.390587 5.429375 5.431051 5.412036 5.368659 5.310341 5.230707 5.077799 4.905437 4.719554 4.507235 4.297751 4.09736 3.915242 3.75588 3.629923 3.530336 3.466366 3.429503 3.400638 3.388952
3.62451 3.708922 3.788439 3.852164 3.910197 3.962091 3.988697 3.998885 4.024159 4.07206 4.104485 4.116856 4.114914 4.077219 4.015364 3.944393 3.882801 3.843663 3.829287 3.823526 3.785105 3.736852 3.705961 3.708361 3.765044 3.855296 3.930012 3.993073 4.068471 4.124924 4.185023 4.277695 4.392692 4.520856 4.657377 4.792959 4.931228 5.082419 5.220164 5.32402 5.407191 5.4626 5.478428 5.465545 5.430293 5.376977 5.306174 5.201928 5.039604 4.87958 4.701097 4.504225 4.309568 4.11527 3.930015 3.762077 3.628684 3.520665 3.442682 3.381669 3.338509 3.32304
3.821979 3.907611 3.978462 4.040129 4.101227 4.131963 4.137782 4.14168 4.158815 4.179987 4.176552 4.140582 4.074449 3.988562 3.913571 3.852185 3.792692 3.741971 3.697966 3.662624 3.634725 3.611212 3.610146 3.658492 3.755171 3.884763 4.014338 4.125592 4.234995 4.321142 4.41856 4.526049 4.629094 4.735541 4.853926 4.973702 5.092071 5.225171 5.335522 5.41923 5.480886 5.510718 5.506569 5.480171 5.431788 5.366259 5.274127 5.148823 4.995924 4.84969 4.681689 4.503691 4.325839 4.14182 3.959813 3.791471 3.661513 3.549993 3.454905 3.369117 3.30192 3.261782
3.993401 4.068727 4.13109 4.18898 4.237163 4.246157 4.231526 4.209792 4.192811 4.173123 4.118565 4.033533 3.932999 3.830699 3.738426 3.675516 3.628873 3.573984 3.512709 3.459061 3.414681 3.39678 3.419646 3.528417 3.688008 3.866982 4.05477 4.21457 4.353608 4.470995 4.591718 4.712793 4.819536 4.926515 5.032047 5.12868 5.233479 5.344623 5.428473 5.490195 5.522089 5.520252 5.489836 5.440785 5.374468 5.289056 5.184001 5.065332 4.937081 4.804915 4.648889 4.490291 4.325808 4.153551 3.983037 3.823983 3.703685 3.589643 3.479417 3.376868 3.291483 3.222383
4.125621 4.183711 4.229236 4.267281 4.282737 4.257915 4.212628 4.160485 4.107434 4.044468 3.954611 3.846862 3.731385 3.615486 3.517954 3.44389 3.394948 3.354721 3.308064 3.244768 3.188923 3.159601 3.20832 3.400317 3.632353 3.864396 4.105896 4.300889 4.458824 4.597486 4.730551 4.858048 4.978677 5.090948 5.18073 5.263598 5.354795 5.441133 5.500159 5.534039 5.530362 5.493519 5.433036 5.359021 5.275917 5.186041 5.087101 4.97894 4.866037 4.740478 4.593678 4.447264 4.296365 4.145386 3.995546 3.85283 3.74214 3.636586 3.528959 3.42485 3.340797 3.261543
4.194981 4.230746 4.256971 4.268641 4.247734 4.194777 4.125081 4.043687 3.953085 3.843828 3.719672 3.58799 3.456833 3.342453 3.238378 3.154541 3.088927 3.065673 3.055222 3.020687 2.978442 2.983411 3.065306 3.335185 3.646258 3.925526 4.184699 4.390344 4.558393 4.708087 4.850117 4.984132 5.113605 5.220353 5.299345 5.372139 5.447868 5.509276 5.543931 5.546622 5.509537 5.445888 5.366746 5.278307 5.184537 5.08569 4.982161 4.871991 4.758695 4.637978 4.507253 4.376409 4.247083 4.12181 3.990964 3.863646 3.763832 3.674782 3.582379 3.487221 3.410983 3.338737
4.217112 4.229571 4.235517 4.220839 4.163589 4.077369 3.977976 3.868597 3.743574 3.601176 3.446271 3.288517 3.139712 3.009499 2.900414 2.808179 2.729556 2.737251 2.760749 2.778252 2.78317 2.849917 3.015201 3.339883 3.712482 4.019269 4.272778 4.479053 4.656352 4.815374 4.966236 5.107141 5.237345 5.332128 5.401065 5.462864 5.520864 5.554946 5.56023 5.530543 5.462488 5.373102 5.270524 5.159362 5.042761 4.930792 4.828614 4.726707 4.63184 4.525358 4.412459 4.302984 4.196387 4.111513 4.014048 3.91613 3.828113 3.748116 3.66142 3.564329 3.472681 3.40598
4.194622 4.183294 4.172883 4.132405 4.039115 3.921338 3.792546 3.663115 3.520147 3.367582 3.198756 3.030627 2.850036 2.683747 2.574768 2.509906 2.457416 2.457736 2.507353 2.545837 2.61268 2.776746 3.033806 3.403153 3.807375 4.119976 4.369772 4.576274 4.759167 4.925508 5.082404 5.224734 5.344096 5.421607 5.477479 5.524499 5.560923 5.565842 5.540333 5.476288 5.365734 5.236752 5.115907 4.997658 4.878273 4.769323 4.674901 4.588073 4.505474 4.412293 4.318505 4.231512 4.169163 4.097514 4.013261 3.93271 3.864223 3.804706 3.738991 3.652292 3.564269 3.482787
4.10208 4.073487 4.039506 3.973581 3.862022 3.727588 3.589105 3.458275 3.318081 3.170358 3.03614 2.885595 2.704489 2.535548 2.445394 2.443468 2.438071 2.452972 2.531413 2.606671 2.723919 3.031253 3.301239 3.645963 3.989324 4.262148 4.486475 4.687057 4.866108 5.027353 5.177564 5.305484 5.401945 5.458585 5.496459 5.52453 5.532415 5.5066 5.447764 5.343463 5.208359 5.08151 4.961941 4.836571 4.707433 4.599555 4.512803 4.436984 4.365927 4.299397 4.231201 4.161412 4.109258 4.035604 3.957578 3.896594 3.853004 3.81316 3.763212 3.692847 3.622703 3.555169
3.919063 3.880999 3.825913 3.736685 3.625329 3.498881 3.364425 3.238825 3.121168 3.029745 2.940445 2.836375 2.734504 2.651433 2.632409 2.669038 2.697713 2.778695 2.913202 3.029762 3.25876 3.522306 3.737728 3.99208 4.240198 4.447616 4.633368 4.814649 4.977995 5.120553 5.249138 5.349088 5.416445 5.449438 5.465925 5.469639 5.443878 5.387643 5.299736 5.175291 5.042056 4.90867 4.77676 4.646169 4.518167 4.424171 4.35307 4.295467 4.243005 4.19179 4.13405 4.063156 4.000731 3.926858 3.859428 3.818225 3.796135 3.771889 3.737517 3.696265 3.655721 3.612884
3.688152 3.647247 3.585941 3.50316 3.391638 3.268801 3.142503 3.04121 2.970376 2.942598 2.92229 2.900296 2.886355 2.886906 2.945866 3.021198 3.085358 3.208693 3.371886 3.533732 3.72049 3.916341 4.111698 4.297332 4.46943 4.635155 4.797186 4.953997 5.089906 5.209364 5.310228 5.379462 5.416931 5.423322 5.413423 5.389231 5.332967 5.252439 5.142859 5.005188 4.856668 4.717104 4.582421 4.45411 4.337127 4.251242 4.190604 4.151908 4.115501 4.075331 4.026915 3.966676 3.887446 3.812465 3.754169 3.725811 3.715214 3.707999 3.699685 3.69297 3.68136 3.6595
3.478529 3.429822 3.391979 3.333059 3.245625 3.125351 2.984921 2.903641 2.917689 2.939195 2.972005 3.029553 3.07821 3.142081 3.253237 3.359343 3.465302 3.60764 3.733068 3.878447 4.039769 4.207797 4.363531 4.507976 4.654655 4.798926 4.945308 5.077952 5.186597 5.281153 5.352839 5.392862 5.399643 5.372488 5.331715 5.275066 5.193751 5.097147 4.978491 4.839517 4.691232 4.547506 4.414692 4.290955 4.179481 4.100373 4.049782 4.016432 3.984766 3.953689 3.918402 3.866164 3.76832 3.699062 3.645461 3.619791 3.620905 3.632699 3.649634 3.671053 3.688114 3.690056
3.31686 3.276263 3.255822 3.227821 3.164396 3.070165 2.986389 2.9491 3.007888 3.061316 3.12311 3.22385 3.31023 3.408494 3.533611 3.658974 3.781517 3.893459 4.010287 4.136271 4.273042 4.416436 4.559571 4.694932 4.823723 4.950999 5.07453 5.174749 5.25545 5.321159 5.360934 5.370839 5.350432 5.300868 5.239955 5.16215 5.070364 4.968347 4.849186 4.708228 4.55878 4.422028 4.293719 4.166828 4.048789 3.968003 3.918459 3.888666 3.865626 3.845681 3.819163 3.772818 3.68975 3.596622 3.545214 3.521417 3.530113 3.555442 3.590146 3.628269 3.661596 3.67746
3.183891 3.169668 3.16648 3.167334 3.138342 3.10933 3.089705 3.099656 3.183367 3.254689 3.341486 3.450451 3.560686 3.681998 3.803373 3.916024 4.023851 4.136892 4.25112 4.36472 4.484288 4.614624 4.750153 4.873109 4.982306 5.090341 5.18084 5.245344 5.297438 5.332786 5.34096 5.323166 5.277794 5.209696 5.132334 5.041185 4.943022 4.840359 4.723396 4.590773 4.45363 4.323348 4.193357 4.059633 3.936517 3.850461 3.801299 3.778276 3.760776 3.743472 3.71582 3.677704 3.613718 3.516225 3.45932 3.435776 3.444416 3.470624 3.508433 3.552793 3.593645 3.622113
3.10487 3.113011 3.132712 3.154077 3.169574 3.192185 3.21478 3.272063 3.377703 3.474448 3.580729 3.689281 3.799565 3.914361 4.025494 4.132442 4.240903 4.356249 4.470631 4.579617 4.693753 4.815182 4.934201 5.028158 5.112019 5.19176 5.248818 5.285401 5.310702 5.315801 5.290822 5.24447 5.17367 5.08964 4.999738 4.900316 4.801756 4.705499 4.602567 4.489964 4.363651 4.234356 4.101367 3.965107 3.835209 3.741948 3.691911 3.670267 3.650902 3.637119 3.620049 3.598614 3.544807 3.460603 3.381386 3.356453 3.362228 3.382098 3.420848 3.474267 3.52699 3.56971
3.129473 3.138487 3.167487 3.197041 3.243816 3.297891 3.348807 3.444659 3.559721 3.670136 3.780181 3.892446 4.002777 4.112271 4.221684 4.331109 4.43958 4.55123 4.659233 4.764512 4.869389 4.970175 5.057466 5.123221 5.181967 5.232056 5.262183 5.277032 5.281205 5.264003 5.217204 5.150682 5.062669 4.963875 4.859306 4.752501 4.6587 4.573588 4.488367 4.391904 4.284232 4.167598 4.039624 3.902689 3.769061 3.662937 3.602782 3.574527 3.551928 3.543226 3.534302 3.522271 3.472821 3.403391 3.334974 3.284708 3.281954 3.296088 3.334693 3.40054 3.470122 3.528348
3.232561 3.255823 3.289604 3.318846 3.380801 3.447689 3.514762 3.62017 3.736284 3.847505 3.956348 4.064901 4.173825 4.27803 4.378641 4.48354 4.587376 4.689085 4.783785 4.874775 4.959499 5.036027 5.095814 5.139849 5.176778 5.203893 5.216808 5.220572 5.215397 5.186434 5.126636 5.045385 4.943405 4.828725 4.71291 4.604988 4.52019 4.449282 4.381434 4.307108 4.227363 4.128843 4.009602 3.876197 3.743812 3.630555 3.55699 3.515075 3.485527 3.468709 3.456205 3.444041 3.404727 3.348645 3.292389 3.247719 3.219012 3.22994 3.264365 3.325772 3.39837 3.463657
1.70141E+38 1.70141E+38 1.70141E+38 1.70141E+38 1.70141E+38 1.70141E+38 1.70141E+38 1.70141E+38 1.70141E+38 1.70141E+38 1.70141E+38 1.70141E+38 1.70141E+38 1.70141E+38 1.70141E+38 1.70141E+38 1.70141E+38 1.70141E+38 1.70141E+38 1.70141E+38 1.70141E+38 1.70141E+38 1.70141E+38 1.70141E+38 1.70141E+38 1.70141E+38 1.70141E+38 1.70141E+38 1.70141E+38 1.70141E+38 1.70141E+38 1.70141E+38 1.70141E+38 1.70141E+38 1.70141E+38 1.70141E+38 1.70141E+38 1.70141E+38 1.70141E+38 1.70141E+38 1.70141E+38 1.70141E+38 1.70141E+38 1.70141E+38 1.70141E+38 1.70141E+38 1.70141E+38 1.70141E+38 1.70141E+38 1.70141E+38 1.70141E+38 1.70141E+38 1.70141E+38 1.70141E+38 1.70141E+38 1.70141E+38 1.70141E+38 1.70141E+38 1.70141E+38 1.70141E+38 1.70141E+38 1.70141E+38
1.70141E+38 1.70141E+38 1.70141E+38 1.70141E+38 1.70141E+38 1.70141E+38 1.70141E+38 1.70141E+38 1.70141E+38 1.70141E+38 1.70141E+38 1.70141E+38 1.70141E+38 1.70141E+38 1.70141E+38 1.70141E+38 1.70141E+38 1.70141E+38 1.70141E+38 1.70141E+38 1.70141E+38 1.70141E+38 1.70141E+38 1.70141E+38 1.70141E+38 1.70141E+38 1.70141E+38 1.70141E+38 1.70141E+38 1.70141E+38 1.70141E+38 1.70141E+38 1.70141E+38 1.70141E+38 1.70141E+38 1.70141E+38 1.70141E+38 1.70141E+38 1.70141E+38 1.70141E+38 1.70141E+38 1.70141E+38 1.70141E+38 1.70141E+38 1.70141E+38 1.70141E+38 1.70141E+38 1.70141E+38 1.70141E+38 1.70141E+38 1.70141E+38 1.70141E+38 1.70141E+38 1.70141E+38 1.70141E+38 1.70141E+38 1.70141E+38 1.70141E+38 1.70141E+38 1.70141E+38 1.70141E+38 1.70141E+38
1.70141E+38 1.70141E+38 1.70141E+38 1.70141E+38 1.70141E+38 1.70141E+38 1.70141E+38 1.70141E+38 1.70141E+38 1.70141E+38 1.70141E+38 1.70141E+38 1.70141E+38 1.70141E+38 1.70141E+38 1.70141E+38 1.70141E+38 1.70141E+38 1.70141E+38 1.70141E+38 1.70141E+38 1.70141E+38 1.70141E+38 1.70141E+38 1.70141E+38 1.70141E+38 1.70141E+38 1.70141E+38 1.70141E+38 1.70141E+38 1.70141E+38 1.70141E+38 1.70141E+38 1.70141E+38 1.70141E+38 1.70141E+38 1.70141E+38 1.70141E+38 1.70141E+38 1.70141E+38 1.70141E+38 1.70141E+38 1.70141E+38 1.70141E+38 1.70141E+38 1.70141E+38 1.70141E+38 1.70141E+38 1.70141E+38 1.70141E+38 1.70141E+38 1.70141E+38 1.70141E+38 1.70141E+38 1.70141E+38 1.70141E+38 1.70141E+38 1.70141E+38 1.70141E+38 1.70141E+38 1.70141E+38 1.70141E+38
1.70141E+38 1.70141E+38 1.70141E+38 1.70141E+38 1.70141E+38 1.70141E+38 1.70141E+38 1.70141E+38 1.70141E+38 1.70141E+38 1.70141E+38 1.70141E+38 1.70141E+38 1.70141E+38 1.70141E+38 1.70141E+38 1.70141E+38 1.70141E+38 1.70141E+38 1.70141E+38 1.70141E+38 1.70141E+38 1.70141E+38 1.70141E+38 1.70141E+38 1.70141E+38 1.70141E+38 1.70141E+38 1.70141E+38 1.70141E+38 1.70141E+38 1.70141E+38 1.70141E+38 1.70141E+38 1.70141E+38 1.70141E+38 1.70141E+38 1.70141E+38 1.70141E+38 1.70141E+38 1.70141E+38 1.70141E+38 1.70141E+38 1.70141E+38 1.70141E+38 1.70141E+38 1.70141E+38 1.70141E+38 1.70141E+38 1.70141E+38 1.70141E+38 1.70141E+38 1.70141E+38 1.70141E+38 1.70141E+38 1.70141E+38 1.70141E+38 1.70141E+38 1.70141E+38 1.70141E+38 1.70141E+38 1.70141E+38
1.70141E+38 1.70141E+38 1.70141E+38 1.70141E+38 1.70141E+38 1.70141E+38 1.70141E+38 1.70141E+38 1.70141E+38 1.70141E+38 1.70141E+38 1.70141E+38 1.70141E+38 1.70141E+38 1.70141E+38 1.70141E+38 1.70141E+38 1.70141E+38 1.70141E+38 1.70141E+38 1.70141E+38 1.70141E+38 1.70141E+38 1.70141E+38 1.70141E+38 1.70141E+38 1.70141E+38 1.70141E+38 1.70141E+38 1.70141E+38 1.70141E+38 1.70141E+38 1.70141E+38 1.70141E+38 1.70141E+38 1.70141E+38 1.70141E+38 1.70141E+38 1.70141E+38 1.70141E+38 1.70141E+38 1.70141E+38 1.70141E+38 1.70141E+38 1.70141E+38 1.70141E+38 1.70141E+38 1.70141E+38 1.70141E+38 1.70141E+38 1.70141E+38 1.70141E+38 1.70141E+38 1.70141E+38 1.70141E+38 1.70141E+38 1.70141E+38 1.70141E+38 1.70141E+38 1.70141E+38 1.70141E+38 1.70141E+38
1.70141E+38 1.70141E+38 1.70141E+38 1.70141E+38 1.70141E+38 1.70141E+38 1.70141E+38 1.70141E+38 1.70141E+38 1.70141E+38 1.70141E+38 1.70141E+38 1.70141E+38 1.70141E+38 1.70141E+38 1.70141E+38 1.70141E+38 1.70141E+38 1.70141E+38 1.70141E+38 1.70141E+38 1.70141E+38 1.70141E+38 1.70141E+38 1.70141E+38 1.70141E+38 1.70141E+38 1.70141E+38 1.70141E+38 1.70141E+38 1.70141E+38 1.70141E+38 1.70141E+38 1.70141E+38 1.70141E+38 1.70141E+38 1.70141E+38 1.70141E+38 1.70141E+38 1.70141E+38 1.70141E+38 1.70141E+38 1.70141E+38 1.70141E+38 1.70141E+38 1.70141E+38 1.70141E+38 1.70141E+38 1.70141E+38 1.70141E+38 1.70141E+38 1.70141E+38 1.70141E+38 1.70141E+38 1.70141E+38 1.70141E+38 1.70141E+38 1.70141E+38 1.70141E+38 1.70141E+38 1.70141E+38 1.70141E+38
1.70141E+38 1.70141E+38 1.70141E+38 1.70141E+38 1.70141E+38 1.70141E+38 1.70141E+38 1.70141E+38 1.70141E+38 1.70141E+38 1.70141E+38 1.70141E+38 1.70141E+38 1.70141E+38 1.70141E+38 1.70141E+38 1.70141E+38 1.70141E+38 1.70141E+38 1.70141E+38 1.70141E+38 1.70141E+38 1.70141E+38 1.70141E+38 1.70141E+38 1.70141E+38 1.70141E+38 1.70141E+38 1.70141E+38 1.70141E+38 1.70141E+38 1.70141E+38 1.70141E+38 1.70141E+38 1.70141E+38 1.70141E+38 1.70141E+38 1.70141E+38 1.70141E+38 1.70141E+38 1.70141E+38 1.70141E+38 1.70141E+38 1.70141E+38 1.70141E+38 1.70141E+38 1.70141E+38 1.70141E+38 1.70141E+38 1.70141E+38 1.70141E+38 1.70141E+38 1.70141E+38 1.70141E+38 1.70141E+38 1.70141E+38 1.70141E+38 1.70141E+38 1.70141E+38 1.70141E+38 1.70141E+38 1.70141E+38
1.70141E+38 1.70141E+38 1.70141E+38 1.70141E+38 1.70141E+38 1.70141E+38 1.70141E+38 1.70141E+38 1.70141E+38 1.70141E+38 1.70141E+38 1.70141E+38 1.70141E+38 1.70141E+38 1.70141E+38 1.70141E+38 1.70141E+38 1.70141E+38 1.70141E+38 1.70141E+38 1.70141E+38 1.70141E+38 1.70141E+38 1.70141E+38 1.70141E+38 1.70141E+38 1.70141E+38 1.70141E+38 1.70141E+38 1.70141E+38 1.70141E+38 1.70141E+38 1.70141E+38 1.70141E+38 1.70141E+38 1.70141E+38 1.70141E+38 1.70141E+38 1.70141E+38 1.70141E+38 1.70141E+38 1.70141E+38 1.70141E+38 1.70141E+38 1.70141E+38 1.70141E+38 1.70141E+38 1.70141E+38 1.70141E+38 1.70141E+38 1.70141E+38 1.70141E+38 1.70141E+38 1.70141E+38 1.70141E+38 1.70141E+38 1.70141E+38 1.70141E+38 1.70141E+38 1.70141E+38 1.70141E+38 1.70141E+38
