py_wake/examples/data/AJ_ParqueFicticio/Ridge area   Sector 5   Height 200m   Mean speed.grd
DSAA
90  129
 262878   265103
 6504214   6507414
 1.436983   9.798634
[rows 54 to 80 of 129, columns 0 to 61 of 90]
6.379448 6.105329 5.738585 5.257605 4.745193 4.228791 3.762511 3.375487 3.036678 2.778337 2.642483 2.571063 2.482482 2.309849 2.081299 1.842931 1.647869 1.53445 1.461955 1.448403 1.53429 1.686982 1.890752 2.127371 2.373494 2.564698 2.743672 3.020909 3.268259 3.536012 3.948512 4.399312 4.879234 5.405471 5.878291 6.33505 6.788836 7.194077 7.570529 7.927882 8.271968 8.614922 8.924965 9.202731 9.439503 9.576626 9.559508 9.414905 9.181487 8.846883 8.472023 8.021759 7.547064 7.103322 6.659471 6.300897 6.087897 5.974846 5.96031 6.078737 6.325171 6.590594
6.490973 6.282501 5.981117 5.556777 5.024878 4.509135 4.061543 3.686867 3.378735 3.159149 3.049049 2.999867 2.89994 2.690223 2.427108 2.157024 1.926403 1.751217 1.636983 1.602262 1.660259 1.803953 2.00277 2.249956 2.549396 2.834644 3.127528 3.435359 3.756428 4.105093 4.479252 4.912902 5.320543 5.684093 6.022942 6.380605 6.787621 7.158584 7.500338 7.835583 8.171628 8.512128 8.821381 9.109422 9.348832 9.493417 9.514854 9.41492 9.23593 8.927225 8.545454 8.11525 7.660088 7.240192 6.841913 6.490833 6.288209 6.194993 6.183684 6.274034 6.434808 6.592438
6.577929 6.437271 6.204858 5.829621 5.314497 4.814898 4.365502 3.996148 3.710502 3.514928 3.430838 3.416142 3.34613 3.115704 2.826866 2.526113 2.265779 2.049918 1.885783 1.804358 1.853747 1.992527 2.180837 2.454775 2.80798 3.171551 3.526853 3.877716 4.221971 4.581952 4.965204 5.36072 5.72155 6.00928 6.284018 6.580891 6.890493 7.195693 7.486097 7.799217 8.130119 8.455422 8.754709 9.040474 9.272421 9.412851 9.460694 9.388688 9.24497 9.004267 8.643421 8.223813 7.788366 7.382083 7.001237 6.666619 6.469382 6.38269 6.360459 6.406291 6.494815 6.588673
6.651809 6.55889 6.377498 6.053781 5.614307 5.12361 4.68031 4.335354 4.075479 3.893804 3.796176 3.800438 3.774792 3.600601 3.311012 2.986848 2.67483 2.419374 2.206565 2.095447 2.140792 2.277309 2.453333 2.722667 3.095942 3.502645 3.891243 4.267036 4.61585 4.993997 5.373369 5.736576 6.051668 6.329072 6.600818 6.852261 7.095511 7.325551 7.564375 7.841084 8.153327 8.457436 8.739185 9.006596 9.211809 9.349659 9.411407 9.363288 9.239784 9.050035 8.763501 8.379559 7.964041 7.567351 7.206099 6.886478 6.659243 6.547779 6.496862 6.505392 6.547843 6.583579
6.673197 6.638631 6.498058 6.20971 5.832047 5.404429 5.002259 4.649425 4.38799 4.227143 4.159321 4.156418 4.141841 4.008341 3.754496 3.466974 3.17089 2.907992 2.651896 2.517179 2.541046 2.648595 2.810588 3.067353 3.423194 3.825264 4.217056 4.580384 4.946436 5.329396 5.70255 6.057771 6.361964 6.63215 6.87887 7.111014 7.32466 7.528319 7.743452 7.979271 8.241571 8.510942 8.774576 9.003444 9.189173 9.320199 9.388119 9.359953 9.2572 9.086251 8.862013 8.550757 8.172049 7.800088 7.45336 7.150842 6.894106 6.726861 6.633575 6.58363 6.556798 6.52398
6.668537 6.68292 6.594185 6.363596 6.032294 5.649868 5.284019 4.960128 4.706169 4.53934 4.475345 4.476342 4.469617 4.368559 4.152918 3.903151 3.639125 3.373478 3.140048 3.001586 2.998492 3.058462 3.207798 3.464096 3.79417 4.152898 4.514794 4.860771 5.203535 5.571509 5.957531 6.319755 6.634405 6.894632 7.125278 7.341766 7.534132 7.725774 7.925302 8.138391 8.361337 8.597877 8.823404 9.022243 9.209004 9.336273 9.408949 9.402121 9.31774 9.155847 8.946117 8.696491 8.377996 8.024827 7.687833 7.382131 7.130846 6.924506 6.756604 6.628864 6.51599 6.417461
6.658611 6.709144 6.678203 6.511524 6.229957 5.896563 5.569364 5.27884 5.033576 4.846998 4.768913 4.772043 4.781138 4.712011 4.551972 4.36761 4.147508 3.898993 3.664349 3.490368 3.480592 3.530197 3.638577 3.873558 4.171083 4.478232 4.797295 5.106865 5.430547 5.77074 6.133473 6.511952 6.844122 7.095118 7.309954 7.515781 7.693918 7.871316 8.062387 8.252059 8.460216 8.669938 8.858304 9.045678 9.238743 9.368741 9.439071 9.456396 9.410607 9.260618 9.043404 8.808478 8.544434 8.227576 7.897014 7.584816 7.316706 7.082987 6.857132 6.638534 6.441124 6.285268
6.660103 6.728342 6.730515 6.617023 6.383832 6.104017 5.827888 5.571293 5.342003 5.155285 5.062263 5.035979 5.049581 5.040431 4.952723 4.809361 4.633808 4.42403 4.213959 4.054265 4.006803 4.029862 4.102908 4.291189 4.547815 4.807367 5.06322 5.334484 5.640069 5.948223 6.280413 6.629563 6.955305 7.195564 7.409323 7.601598 7.77114 7.952785 8.135041 8.319183 8.523105 8.710772 8.878434 9.056552 9.246678 9.363046 9.413625 9.445376 9.44879 9.361316 9.154665 8.914228 8.668758 8.392918 8.074202 7.740574 7.423979 7.153677 6.887099 6.609553 6.332582 6.112941
6.66596 6.748561 6.780468 6.722115 6.541205 6.307507 6.060691 5.821628 5.603427 5.419915 5.31717 5.292792 5.298802 5.288076 5.251184 5.148893 5.035561 4.895938 4.764651 4.650755 4.567724 4.584051 4.639402 4.777381 4.961776 5.17268 5.376691 5.580995 5.825416 6.110817 6.392187 6.70009 6.976076 7.219471 7.43469 7.615146 7.795955 7.981051 8.15897 8.348597 8.548581 8.727726 8.897697 9.076625 9.25056 9.34124 9.370179 9.398183 9.42177 9.406526 9.266776 9.034078 8.780653 8.520429 8.2227 7.870895 7.505332 7.178534 6.877982 6.55868 6.200221 5.884592
6.630051 6.732392 6.803223 6.772044 6.632903 6.44699 6.2447 6.042645 5.851156 5.680644 5.551401 5.471051 5.44838 5.459111 5.475744 5.44025 5.373332 5.302496 5.229954 5.172214 5.129172 5.118443 5.176369 5.26819 5.413477 5.546269 5.664159 5.813947 6.023758 6.246552 6.493878 6.75241 6.984778 7.218978 7.430635 7.605293 7.785347 7.969206 8.150814 8.344567 8.54112 8.719616 8.897217 9.089128 9.262285 9.330045 9.344012 9.360145 9.379579 9.396865 9.343782 9.154583 8.895638 8.63628 8.360308 8.009157 7.600827 7.227466 6.883937 6.520833 6.095336 5.691327
6.526091 6.654027 6.767486 6.743216 6.617407 6.45231 6.270568 6.088059 5.916265 5.762753 5.639168 5.556577 5.528324 5.552611 5.611877 5.628658 5.572196 5.524072 5.520428 5.572642 5.55988 5.521606 5.539042 5.64612 5.774232 5.820419 5.880639 6.016419 6.181279 6.354679 6.57226 6.78715 6.993063 7.211579 7.40815 7.583145 7.755138 7.929497 8.104676 8.29677 8.498181 8.678826 8.856924 9.054631 9.25135 9.329272 9.334265 9.336419 9.34399 9.361732 9.362183 9.245637 8.999354 8.737023 8.478279 8.155111 7.714566 7.309638 6.926234 6.530729 6.064396 5.616014
6.351858 6.49189 6.638852 6.654821 6.558167 6.426104 6.26734 6.093871 5.924191 5.775158 5.647903 5.548232 5.497104 5.513565 5.584792 5.627613 5.623828 5.61445 5.642185 5.726676 5.747756 5.724934 5.743326 5.851311 5.941323 5.980628 6.033216 6.148849 6.273453 6.420529 6.603621 6.786809 6.970826 7.165697 7.351011 7.522576 7.676665 7.830914 7.998801 8.191712 8.401793 8.593498 8.774746 8.970817 9.193142 9.320722 9.339291 9.330519 9.323312 9.32934 9.342797 9.284369 9.071079 8.811722 8.565093 8.280926 7.826245 7.405837 7.00144 6.595331 6.124151 5.666256
6.14738 6.286206 6.434309 6.519755 6.457395 6.344328 6.200498 6.025874 5.840714 5.672204 5.526202 5.404937 5.33412 5.341112 5.425756 5.512135 5.536082 5.557197 5.598191 5.674343 5.721369 5.753162 5.792812 5.86963 5.953481 6.027034 6.109369 6.2139 6.325467 6.454797 6.616643 6.778959 6.939693 7.109709 7.284544 7.440299 7.564058 7.688869 7.848427 8.041368 8.252649 8.47103 8.671659 8.867438 9.08814 9.279584 9.345203 9.336024 9.317199 9.308245 9.31597 9.282323 9.096724 8.850432 8.619413 8.373656 7.936543 7.516326 7.104533 6.696372 6.238697 5.782378
5.925905 6.054816 6.18342 6.287747 6.307942 6.236173 6.108597 5.928323 5.715276 5.51389 5.340011 5.194401 5.108902 5.115047 5.207132 5.349858 5.406218 5.425795 5.462755 5.548256 5.623253 5.659583 5.705294 5.786697 5.874794 5.948905 6.04161 6.166106 6.269781 6.401253 6.589065 6.755536 6.884999 7.024639 7.200774 7.344613 7.436444 7.529738 7.671587 7.861705 8.078863 8.315939 8.549945 8.758628 8.972122 9.193245 9.325764 9.34412 9.318764 9.297823 9.297192 9.270619 9.100958 8.868536 8.654944 8.442109 8.04143 7.637946 7.231042 6.823616 6.381189 5.938165
5.692106 5.813801 5.921908 6.000273 6.028993 6.010469 5.91641 5.731935 5.492126 5.258817 5.064569 4.910328 4.824809 4.841414 4.932482 5.082914 5.210148 5.255265 5.288494 5.368364 5.468295 5.514275 5.555059 5.635306 5.727628 5.797455 5.881737 5.993759 6.102035 6.248527 6.446811 6.641067 6.764908 6.874194 7.02605 7.16515 7.254209 7.33301 7.45711 7.64657 7.884318 8.135248 8.401734 8.646945 8.855989 9.072366 9.258625 9.336279 9.318909 9.290634 9.282801 9.258116 9.097919 8.87294 8.670703 8.473537 8.106261 7.721926 7.338835 6.950126 6.528636 6.103303
5.464736 5.563965 5.654387 5.691616 5.684361 5.652103 5.568089 5.402013 5.181133 4.953303 4.755549 4.599678 4.514408 4.516773 4.59709 4.738047 4.889966 4.987853 5.060358 5.131162 5.219007 5.299541 5.349439 5.412352 5.499024 5.597586 5.674924 5.741636 5.850467 6.009685 6.188197 6.381857 6.521953 6.60941 6.699586 6.81663 6.922117 7.028102 7.180548 7.387629 7.650818 7.925554 8.215906 8.515164 8.738321 8.939111 9.14224 9.28747 9.309823 9.279809 9.269417 9.244205 9.088912 8.862636 8.659173 8.444194 8.096204 7.719149 7.362542 7.00681 6.631536 6.254119
5.22892 5.317643 5.394553 5.401376 5.354863 5.2945 5.19776 5.04244 4.839483 4.624694 4.436231 4.283573 4.185236 4.174849 4.248708 4.378126 4.516453 4.629399 4.738404 4.838221 4.917669 5.008747 5.091483 5.15785 5.24382 5.332793 5.418004 5.466383 5.560133 5.67976 5.845917 6.016628 6.139338 6.198771 6.262718 6.33536 6.420559 6.550182 6.759497 7.071333 7.38237 7.687492 8.008665 8.345156 8.620725 8.804938 8.999383 9.182132 9.263943 9.251715 9.243598 9.223471 9.081764 8.858235 8.649561 8.404773 8.075207 7.71452 7.371859 7.033352 6.698397 6.368574
4.978575 5.066371 5.143991 5.144325 5.063244 4.961668 4.842242 4.688451 4.491529 4.284359 4.110904 3.958191 3.848646 3.850237 3.925795 4.045607 4.154742 4.26506 4.377429 4.485558 4.591702 4.69723 4.784525 4.865636 4.95911 5.039289 5.103152 5.152218 5.231578 5.333732 5.473147 5.60868 5.709206 5.77381 5.832765 5.888764 5.970526 6.054502 6.22381 6.643885 7.107862 7.45456 7.794453 8.15324 8.487783 8.678255 8.856152 9.040907 9.172591 9.198395 9.194654 9.175094 9.055329 8.852192 8.642908 8.380991 8.066637 7.723224 7.392172 7.069534 6.756419 6.459857
4.717988 4.781732 4.853912 4.852726 4.749867 4.619744 4.484775 4.3364 4.156988 3.968818 3.804721 3.663497 3.560034 3.548673 3.620438 3.719972 3.818221 3.919571 4.022019 4.122518 4.23368 4.363614 4.465384 4.540409 4.625801 4.707264 4.777969 4.828923 4.89228 4.962687 5.068704 5.204842 5.315666 5.394056 5.447251 5.532474 5.686053 5.78858 5.904565 6.302456 6.865408 7.275552 7.626462 7.990146 8.351632 8.565716 8.724187 8.8887 9.027692 9.079462 9.07708 9.058552 8.970538 8.811848 8.614234 8.363419 8.071391 7.744601 7.424925 7.114323 6.814965 6.535444
4.388018 4.435347 4.48688 4.482635 4.391611 4.277556 4.157294 4.024929 3.870787 3.71595 3.577898 3.452194 3.348921 3.314803 3.345418 3.422877 3.500461 3.598806 3.686757 3.782997 3.895655 4.009629 4.115629 4.195905 4.2639 4.332987 4.401569 4.448938 4.500412 4.557635 4.657245 4.782798 4.956837 5.10898 5.20296 5.341537 5.55111 5.720141 5.9115 6.247648 6.770872 7.1884 7.538665 7.890857 8.253084 8.481609 8.619747 8.758965 8.874584 8.92394 8.922401 8.912085 8.851086 8.732769 8.559953 8.33818 8.075695 7.775068 7.473284 7.173449 6.888485 6.621233
4.018538 4.059541 4.094314 4.082359 4.017874 3.93101 3.833444 3.732919 3.628272 3.511582 3.377799 3.254697 3.15854 3.128165 3.14314 3.166904 3.23724 3.329087 3.41371 3.531833 3.665004 3.748765 3.80506 3.880676 3.941688 3.976531 3.988177 4.007687 4.031736 4.099484 4.209059 4.335119 4.579554 4.859768 5.062995 5.263968 5.500861 5.739151 5.987203 6.304927 6.759508 7.152788 7.504883 7.850974 8.203053 8.429814 8.547946 8.663355 8.744471 8.774935 8.772441 8.768082 8.723403 8.622805 8.476357 8.295201 8.06466 7.805451 7.535885 7.257342 6.984215 6.727592
3.719032 3.736422 3.750703 3.749699 3.705064 3.629855 3.547664 3.497042 3.482841 3.425887 3.319734 3.18256 3.031764 2.966907 3.013109 3.047029 3.05813 3.140001 3.271 3.427197 3.579077 3.648383 3.651606 3.646436 3.697964 3.752704 3.738363 3.66988 3.620567 3.718969 3.854932 3.958626 4.212292 4.626362 4.975398 5.266564 5.553074 5.824694 6.07461 6.386592 6.800767 7.167926 7.505472 7.836834 8.174854 8.395939 8.498172 8.59258 8.636254 8.638138 8.623893 8.61584 8.571311 8.470573 8.352386 8.219025 8.027838 7.813243 7.592545 7.355816 7.100897 6.85984
3.517153 3.546017 3.562021 3.566471 3.536302 3.477401 3.417189 3.412084 3.4647 3.448165 3.378046 3.262074 3.121422 3.041229 3.078911 3.103941 3.093981 3.148489 3.292076 3.467198 3.598099 3.646501 3.635943 3.602967 3.62485 3.678922 3.668932 3.605925 3.544131 3.621104 3.777312 3.899336 4.138646 4.594171 5.018398 5.38532 5.709837 5.999038 6.244729 6.553857 6.920753 7.252131 7.563937 7.866386 8.177273 8.382426 8.468395 8.53922 8.542953 8.511601 8.472932 8.433038 8.36148 8.264494 8.170691 8.074386 7.941337 7.785056 7.6237 7.440732 7.218752 7.00604
3.36475 3.418011 3.460825 3.486833 3.483163 3.470873 3.472515 3.516874 3.579037 3.588596 3.554354 3.468054 3.400899 3.358743 3.346964 3.357495 3.349573 3.382022 3.4588 3.582217 3.694499 3.749039 3.761196 3.752349 3.760868 3.786792 3.788795 3.765896 3.763057 3.858755 3.992928 4.140415 4.399209 4.786294 5.191247 5.564524 5.90139 6.212356 6.49097 6.795813 7.108272 7.40399 7.676227 7.936802 8.203122 8.38002 8.453837 8.500331 8.47333 8.407402 8.303943 8.192757 8.096022 8.005008 7.920929 7.854916 7.781869 7.69097 7.590838 7.470173 7.306318 7.147021
3.281175 3.33202 3.393816 3.468362 3.506398 3.526623 3.56285 3.65758 3.74111 3.77346 3.783591 3.789389 3.760041 3.728752 3.711495 3.723483 3.738612 3.730819 3.747317 3.806769 3.888194 3.938544 3.972477 4.009975 4.039014 4.037212 4.03121 4.046157 4.102281 4.188753 4.291386 4.445206 4.703065 5.03449 5.418661 5.785917 6.123664 6.442926 6.746054 7.034253 7.304618 7.570189 7.806431 8.04081 8.255111 8.389294 8.45407 8.478017 8.432145 8.316828 8.125732 7.947686 7.820708 7.717612 7.635746 7.586581 7.56139 7.527278 7.487148 7.431672 7.337406 7.241182
3.312503 3.351652 3.41607 3.540017 3.614138 3.641011 3.694186 3.819896 3.929467 4.01058 4.084302 4.119563 4.128554 4.124682 4.139989 4.144632 4.14 4.124802 4.125016 4.142978 4.176044 4.202837 4.248497 4.313902 4.357264 4.354442 4.353163 4.400728 4.45401 4.496753 4.574226 4.728785 4.941571 5.26248 5.654682 6.020389 6.349161 6.667766 6.971764 7.239133 7.488185 7.718542 7.926635 8.143658 8.318672 8.41463 8.472382 8.483019 8.42186 8.235204 7.997797 7.762573 7.577207 7.444833 7.353987 7.307547 7.299199 7.30269 7.315157 7.321654 7.288372 7.253894
3.480885 3.538115 3.625768 3.744127 3.820112 3.872463 3.955069 4.066271 4.196301 4.319572 4.423831 4.501256 4.554805 4.585087 4.588483 4.586148 4.570792 4.545023 4.540279 4.525213 4.53476 4.556931 4.606857 4.665977 4.713135 4.738146 4.753153 4.784912 4.811615 4.83707 4.902674 5.028345 5.207474 5.509763 5.877009 6.227622 6.54624 6.858312 7.155125 7.412659 7.649345 7.857909 8.051814 8.232581 8.366231 8.448731 8.50297 8.512927 8.426687 8.207814 7.940822 7.658126 7.410072 7.222208 7.092716 7.026436 7.019853 7.039628 7.074718 7.121224 7.139013 7.147336
