py_wake/examples/data/AJ_ParqueFicticio/Ridge area   Sector 7   Height 200m   Weibull-A.grd
DSAA
90  129
 262878   265103
 6504214   6507414
 .9411393   7.10943
[rows 81 to 107 of 129, columns 0 to 61 of 90]
3.048822 2.921388 2.864476 2.844958 2.86765 2.952009 3.097606 3.305151 3.561511 3.785795 3.954795 4.076541 4.107471 4.064256 3.986133 3.912251 3.864225 3.809031 3.772706 3.753538 3.741585 3.765786 3.781861 3.783662 3.763478 3.738703 3.708586 3.686999 3.676296 3.675281 3.693234 3.75278 3.885222 4.080747 4.314324 4.559493 4.790805 5.008233 5.208638 5.389812 5.519587 5.62535 5.716654 5.755788 5.745448 5.725359 5.686389 5.634751 5.526886 5.36094 5.176864 4.962864 4.736521 4.511685 4.322496 4.191192 4.102842 4.047805 4.037163 4.063413 4.109272 4.164717
3.476061 3.426467 3.426668 3.459249 3.527889 3.625352 3.777137 3.969533 4.158993 4.329532 4.490859 4.61867 4.651853 4.593119 4.504059 4.423249 4.337497 4.278253 4.261779 4.266636 4.240493 4.200646 4.161402 4.145293 4.136638 4.129258 4.108017 4.089089 4.079214 4.067423 4.070001 4.101737 4.199203 4.377492 4.587753 4.805709 5.027067 5.23873 5.440369 5.598295 5.705307 5.800243 5.854733 5.851104 5.827621 5.791115 5.738666 5.680892 5.539295 5.364117 5.164034 4.922238 4.659958 3.686589 4.143639 3.943679 3.766547 3.671829 3.652125 3.681088 3.704591 3.768688
3.859761 3.863738 3.921808 4.004575 4.080248 4.187027 4.321163 4.447002 4.583719 4.736756 4.86809 4.948739 4.996694 4.993298 4.90956 4.793658 4.692838 4.629043 4.609501 4.607723 4.530179 4.44357 4.394248 4.379773 4.396689 4.416458 4.411462 4.408349 4.415483 4.406163 4.394083 4.411726 4.495502 4.655609 4.84537 5.038364 5.247518 5.442539 5.632346 5.757552 5.842633 5.914371 5.945035 5.931884 5.9025 5.855678 5.798099 5.728167 5.578331 5.406648 5.202413 4.947814 4.662269 3.166965 3.154232 3.026495 2.911774 2.895056 3.365657 3.371922 3.376396 3.398313
4.185605 4.235002 4.323339 4.410526 4.488969 4.577716 4.662222 4.752041 4.864926 4.984852 5.062858 5.087783 5.077927 5.054154 4.986146 4.885088 4.785456 4.706877 4.657861 4.627764 4.577241 4.516554 4.475531 4.462395 4.488068 4.540288 4.580575 4.612678 4.65172 4.667691 4.676342 4.719183 4.807007 4.939517 5.104381 5.280498 5.457048 5.627044 5.778282 5.873466 5.944129 5.990295 6.00387 5.987887 5.95471 5.907722 5.850368 5.756509 5.61218 5.458344 5.268636 5.037578 4.766505 2.908256 3.049234 2.853319 2.780409 2.832899 2.854454 2.850893 2.837621 2.827456
4.455841 4.521623 4.607594 4.694177 4.777962 4.833932 4.87997 4.949279 5.037902 5.111687 5.136505 5.100011 5.009638 4.893034 4.822215 4.733761 4.631523 4.536062 4.454692 4.398114 4.375488 4.35346 4.342315 4.357678 4.412384 4.507066 4.609688 4.703633 4.796516 4.860539 4.932661 5.019703 5.113658 5.223828 5.370366 5.523594 5.644816 5.775349 5.882672 5.951007 6.00353 6.031566 6.028836 6.018499 5.9877 5.942569 5.872497 5.771042 5.647123 5.516135 5.349559 5.152067 4.910028 2.638209 3.029227 2.849375 2.689459 2.656387 2.689397 2.689694 2.662225 2.631068
4.655363 4.715158 4.793833 4.877868 4.95051 4.978633 4.990202 5.016333 5.060091 5.090012 5.062807 4.97248 4.835841 4.683791 4.54222 4.450931 4.361942 4.260159 4.172838 4.12117 4.098509 4.093485 4.115775 4.181709 4.279553 4.410111 4.566386 4.723237 4.876517 5.00463 5.13459 5.266944 5.369984 5.477795 5.603876 5.699994 5.788902 5.88522 5.954749 5.998706 6.023325 6.019676 5.991146 5.956371 5.924947 5.876488 5.813025 5.741529 5.661498 5.558115 5.420459 5.260504 5.050233 2.397839 2.971487 2.955582 2.808028 2.677842 2.609078 2.596958 2.573333 2.532884
4.770017 4.816051 4.874735 4.937125 4.978246 4.970773 4.944899 4.928243 4.925102 4.913777 4.860182 4.75522 4.605271 4.431125 4.251851 4.104002 4.024972 3.961474 3.903801 3.854218 3.843457 3.855163 3.907375 4.014856 4.14698 4.306531 4.512467 4.718967 4.918582 5.100661 5.266824 5.416056 5.544684 5.670711 5.761475 5.828877 5.898074 5.965464 6.003857 6.021258 6.007275 5.962584 5.898124 5.829687 5.785538 5.745622 5.70707 5.667985 5.628295 5.559739 5.456973 5.330368 5.161919 2.888324 2.771352 3.018034 3.006896 2.912702 2.792937 2.696507 2.647996 2.595786
4.793716 4.819453 4.856584 4.889879 4.892323 4.856949 4.806037 4.757532 4.71684 4.661141 4.581293 4.465241 4.310901 4.126824 3.940039 3.786587 3.680179 3.636091 3.617507 3.607171 3.624089 3.669609 3.747954 3.889487 4.062254 4.253461 4.48409 4.717259 4.948276 5.158747 5.352522 5.521715 5.665864 5.784567 5.857993 5.91467 5.968507 6.01251 6.028425 6.013252 5.958978 5.886333 5.801106 5.716759 5.661315 5.61725 5.582417 5.550843 5.525001 5.491279 5.432478 5.346107 5.231497 4.147562 2.479709 2.903457 3.084128 3.131029 3.084882 2.988704 2.889641 2.804417
4.758741 4.763573 4.781568 4.787912 4.748958 4.677611 4.6006 4.527981 4.461211 4.381716 4.280338 4.149419 3.980316 3.809528 3.646476 3.496685 3.375522 3.343713 3.346624 3.382725 3.432841 3.515482 3.625181 3.795277 4.006494 4.229919 4.471717 4.728481 4.997702 5.23187 5.436301 5.611784 5.759107 5.862655 5.92217 5.97139 6.012315 6.035794 6.027415 5.975773 5.887916 5.786036 5.672939 5.561199 5.474168 5.413454 5.38468 5.368337 5.370256 5.362405 5.351913 5.32017 5.262031 5.1757 2.882411 2.618222 2.981146 3.192282 3.284929 3.278248 3.210457 3.108738
4.67597 4.660054 4.669057 4.653725 4.576849 4.469245 4.359386 4.26924 4.192825 4.112702 4.006504 3.880582 3.714987 3.542145 3.401032 3.285594 3.189382 3.149943 3.1623 3.200965 3.273713 3.386593 3.521276 3.715281 3.963412 4.221392 4.499319 4.788387 5.067491 5.302359 5.50809 5.684934 5.828799 5.914412 5.959573 5.995582 6.023206 6.028136 5.992274 5.911033 5.769324 5.616073 5.476938 5.359817 5.259189 5.185256 5.153189 5.151128 5.17182 5.193241 5.218798 5.241914 5.235575 5.191061 3.862005 2.484106 2.675039 3.06169 3.319271 3.43463 3.449424 3.393697
4.510921 4.480363 4.470073 4.440498 4.351873 4.227628 4.106294 4.014265 3.943056 3.887449 3.818851 3.710747 3.557683 3.397272 3.280367 3.214376 3.161302 3.126425 3.131342 3.157386 3.236403 3.378882 3.521382 3.737535 4.009873 4.289996 4.586218 4.881271 5.145032 5.356861 5.544652 5.700951 5.821908 5.889291 5.918341 5.934445 5.937634 5.915233 5.85872 5.738914 5.582265 5.42364 5.28091 5.149409 5.027273 4.943245 4.906642 4.90294 4.922264 4.974021 5.031296 5.087401 5.110219 5.022446 4.47313 2.852465 2.302256 2.709425 3.138219 3.422225 3.573923 3.610365
4.241813 4.209955 4.180324 4.127437 4.044032 3.930599 3.812903 3.73502 3.708778 3.698508 3.669459 3.603694 3.510298 3.405304 3.345836 3.30742 3.26427 3.252804 3.274528 3.291396 3.373524 3.537727 3.712375 3.938822 4.195064 4.478325 4.746212 5.009337 5.233235 5.402509 5.554238 5.668634 5.748489 5.792122 5.807009 5.804878 5.778729 5.721011 5.635474 5.504941 5.356853 5.198279 5.051038 4.905906 4.766418 4.678714 4.642727 4.646466 4.674244 4.725202 4.781854 4.838745 4.806481 4.612123 4.208421 3.18864 2.490144 2.252172 2.733629 3.201453 3.549392 3.741042
3.930375 3.901771 3.8695 3.820895 3.731129 3.617143 3.523701 3.482227 3.491518 3.535 3.565226 3.564007 3.547272 3.514751 3.495754 3.474975 3.444399 3.45216 3.488396 3.536066 3.632511 3.807695 4.010774 4.232245 4.480823 4.731489 4.956563 5.163314 5.325151 5.451874 5.564503 5.638056 5.677338 5.688581 5.678542 5.65653 5.600098 5.517794 5.407231 5.262807 5.105313 4.954432 4.794223 4.638361 4.493747 4.394973 4.35339 4.36873 4.403555 4.44923 4.5028 4.519423 4.38963 4.170447 3.870325 3.423347 2.754879 2.332187 2.211308 2.761637 3.326077 3.724344
3.656084 3.617854 3.611197 3.581563 3.510843 3.406636 3.298875 3.275794 3.347346 3.432415 3.507969 3.589728 3.624306 3.636449 3.660739 3.670167 3.676163 3.703037 3.741763 3.811887 3.922315 4.114525 4.312836 4.526173 4.750669 4.948008 5.130473 5.28869 5.396792 5.48766 5.56531 5.607407 5.610793 5.58119 5.535599 5.481942 5.396416 5.296661 5.172032 5.036776 4.884201 4.718705 4.553586 4.383563 4.220099 4.111338 4.067943 4.073912 4.105028 4.153661 4.215993 4.10884 3.945196 3.743934 3.508606 3.264852 3.020937 2.678812 2.389837 2.254842 2.75875 3.454358
3.434089 3.398936 3.40805 3.415229 3.375137 3.290394 3.226956 3.233169 3.339651 3.455523 3.575301 3.693125 3.762651 3.809888 3.860873 3.899458 3.934376 3.969046 4.016956 4.075009 4.205964 4.385311 4.595414 4.800037 4.981738 5.132284 5.272438 5.375663 5.438101 5.489688 5.525235 5.533937 5.513695 5.461642 5.395346 5.315575 5.219444 5.11186 4.998304 4.855369 4.692249 4.530273 4.355398 4.156236 3.95899 3.834353 3.784461 3.789936 3.826549 3.877168 3.782033 3.667023 3.526428 3.347541 3.176312 3.020769 2.942162 2.945579 2.996401 2.867528 2.58926 2.507288
3.23895 3.230942 3.260187 3.304989 3.296215 3.26967 3.258962 3.299342 3.432217 3.586606 3.727715 3.855558 3.952158 4.030551 4.093479 4.142088 4.186871 4.236749 4.286194 4.359237 4.506056 4.682186 4.870185 5.046714 5.185645 5.305385 5.39619 5.438192 5.458583 5.46846 5.46037 5.432712 5.389533 5.32094 5.240801 5.145874 5.04043 4.940697 4.833049 4.69797 4.537279 4.367104 4.172245 3.893842 3.557619 3.518646 3.506714 3.519388 3.423324 3.306119 3.223484 3.178415 3.10842 2.984706 2.865795 2.772587 2.736628 2.783832 2.962108 3.207143 3.45269 3.620071
3.105561 3.122719 3.184112 3.247619 3.278685 3.298517 3.323955 3.405287 3.566566 3.744227 3.90832 4.043955 4.149549 4.237721 4.305301 4.363308 4.418084 4.481582 4.579676 4.685599 4.81617 4.969353 5.128073 5.248728 5.340535 5.42735 5.47391 5.477152 5.462863 5.430772 5.37588 5.308872 5.232915 5.146086 5.054795 4.94904 4.840128 4.75934 4.670603 4.555154 4.397178 4.210707 3.848422 3.11047 2.187538 1.535789 2.692034 1.434821 2.123537 2.408453 2.565142 2.671851 2.676445 2.621024 2.557941 2.518594 2.521628 2.548857 2.71278 3.010247 3.316956 3.597221
3.099551 3.120156 3.19151 3.255055 3.310626 3.358493 3.409355 3.532262 3.703782 3.881082 4.051263 4.20308 4.329563 4.434311 4.525 4.605275 4.673553 4.750018 4.836235 4.931439 5.047091 5.167124 5.280062 5.352795 5.407114 5.45629 5.472995 5.455109 5.420997 5.36209 5.27694 5.182347 5.07918 4.971159 4.858952 4.738263 4.640055 4.570395 4.503155 4.405568 4.273227 4.079423 3.518201 2.541747 .9411393 4.15335 3.550545 3.409302 3.195472 1.625888 1.817662 2.135532 2.231656 2.246048 2.24484 2.259087 2.301416 2.360888 2.483701 2.774424 3.113141 3.42849
3.199157 3.239507 3.307995 3.361756 3.42721 3.484206 3.548827 3.684783 3.867276 4.054789 4.229035 4.382401 4.511326 4.614775 4.698079 4.772121 4.836743 4.901033 4.964187 5.033977 5.115043 5.199802 5.275068 5.322354 5.353422 5.378623 5.384237 5.364189 5.328946 5.262671 5.163632 5.048813 4.922791 4.788849 4.65495 4.522743 4.436179 4.379585 4.331248 4.266318 4.181016 3.989677 3.411743 2.369315 1.093253 4.364499 3.57243 3.227226 3.195867 3.29088 2.313277 1.666255 1.724397 1.846719 1.917771 1.999462 2.093041 2.194594 2.328116 2.556504 2.87262 3.19117
1.70141E+38 1.70141E+38 1.70141E+38 1.70141E+38 1.70141E+38 1.70141E+38 1.70141E+38 1.70141E+38 1.70141E+38 1.70141E+38 1.70141E+38 1.70141E+38 1.70141E+38 1.70141E+38 1.70141E+38 1.70141E+38 1.70141E+38 1.70141E+38 1.70141E+38 1.70141E+38 1.70141E+38 1.70141E+38 1.70141E+38 1.70141E+38 1.70141E+38 1.70141E+38 1.70141E+38 1.70141E+38 1.70141E+38 1.70141E+38 1.70141E+38 1.70141E+38 1.70141E+38 1.70141E+38 1.70141E+38 1.70141E+38 1.70141E+38 1.70141E+38 1.70141E+38 1.70141E+38 1.70141E+38 1.70141E+38 1.70141E+38 1.70141E+38 1.70141E+38 1.70141E+38 1.70141E+38 1.70141E+38 1.70141E+38 1.70141E+38 1.70141E+38 1.70141E+38 1.70141E+38 1.70141E+38 1.70141E+38 1.70141E+38 1.70141E+38 1.70141E+38 1.70141E+38 1.70141E+38 1.70141E+38 1.70141E+38
1.70141E+38 1.70141E+38 1.70141E+38 1.70141E+38 1.70141E+38 1.70141E+38 1.70141E+38 1.70141E+38 1.70141E+38 1.70141E+38 1.70141E+38 1.70141E+38 1.70141E+38 1.70141E+38 1.70141E+38 1.70141E+38 1.70141E+38 1.70141E+38 1.70141E+38 1.70141E+38 1.70141E+38 1.70141E+38 1.70141E+38 1.70141E+38 1.70141E+38 1.70141E+38 1.70141E+38 1.70141E+38 1.70141E+38 1.70141E+38 1.70141E+38 1.70141E+38 1.70141E+38 1.70141E+38 1.70141E+38 1.70141E+38 1.70141E+38 1.70141E+38 1.70141E+38 1.70141E+38 1.70141E+38 1.70141E+38 1.70141E+38 1.70141E+38 1.70141E+38 1.70141E+38 1.70141E+38 1.70141E+38 1.70141E+38 1.70141E+38 1.70141E+38 1.70141E+38 1.70141E+38 1.70141E+38 1.70141E+38 1.70141E+38 1.70141E+38 1.70141E+38 1.70141E+38 1.70141E+38 1.70141E+38 1.70141E+38
1.70141E+38 1.70141E+38 1.70141E+38 1.70141E+38 1.70141E+38 1.70141E+38 1.70141E+38 1.70141E+38 1.70141E+38 1.70141E+38 1.70141E+38 1.70141E+38 1.70141E+38 1.70141E+38 1.70141E+38 1.70141E+38 1.70141E+38 1.70141E+38 1.70141E+38 1.70141E+38 1.70141E+38 1.70141E+38 1.70141E+38 1.70141E+38 1.70141E+38 1.70141E+38 1.70141E+38 1.70141E+38 1.70141E+38 1.70141E+38 1.70141E+38 1.70141E+38 1.70141E+38 1.70141E+38 1.70141E+38 1.70141E+38 1.70141E+38 1.70141E+38 1.70141E+38 1.70141E+38 1.70141E+38 1.70141E+38 1.70141E+38 1.70141E+38 1.70141E+38 1.70141E+38 1.70141E+38 1.70141E+38 1.70141E+38 1.70141E+38 1.70141E+38 1.70141E+38 1.70141E+38 1.70141E+38 1.70141E+38 1.70141E+38 1.70141E+38 1.70141E+38 1.70141E+38 1.70141E+38 1.70141E+38 1.70141E+38
1.70141E+38 1.70141E+38 1.70141E+38 1.70141E+38 1.70141E+38 1.70141E+38 1.70141E+38 1.70141E+38 1.70141E+38 1.70141E+38 1.70141E+38 1.70141E+38 1.70141E+38 1.70141E+38 1.70141E+38 1.70141E+38 1.70141E+38 1.70141E+38 1.70141E+38 1.70141E+38 1.70141E+38 1.70141E+38 1.70141E+38 1.70141E+38 1.70141E+38 1.70141E+38 1.70141E+38 1.70141E+38 1.70141E+38 1.70141E+38 1.70141E+38 1.70141E+38 1.70141E+38 1.70141E+38 1.70141E+38 1.70141E+38 1.70141E+38 1.70141E+38 1.70141E+38 1.70141E+38 1.70141E+38 1.70141E+38 1.70141E+38 1.70141E+38 1.70141E+38 1.70141E+38 1.70141E+38 1.70141E+38 1.70141E+38 1.70141E+38 1.70141E+38 1.70141E+38 1.70141E+38 1.70141E+38 1.70141E+38 1.70141E+38 1.70141E+38 1.70141E+38 1.70141E+38 1.70141E+38 1.70141E+38 1.70141E+38
1.70141E+38 1.70141E+38 1.70141E+38 1.70141E+38 1.70141E+38 1.70141E+38 1.70141E+38 1.70141E+38 1.70141E+38 1.70141E+38 1.70141E+38 1.70141E+38 1.70141E+38 1.70141E+38 1.70141E+38 1.70141E+38 1.70141E+38 1.70141E+38 1.70141E+38 1.70141E+38 1.70141E+38 1.70141E+38 1.70141E+38 1.70141E+38 1.70141E+38 1.70141E+38 1.70141E+38 1.70141E+38 1.70141E+38 1.70141E+38 1.70141E+38 1.70141E+38 1.70141E+38 1.70141E+38 1.70141E+38 1.70141E+38 1.70141E+38 1.70141E+38 1.70141E+38 1.70141E+38 1.70141E+38 1.70141E+38 1.70141E+38 1.70141E+38 1.70141E+38 1.70141E+38 1.70141E+38 1.70141E+38 1.70141E+38 1.70141E+38 1.70141E+38 1.70141E+38 1.70141E+38 1.70141E+38 1.70141E+38 1.70141E+38 1.70141E+38 1.70141E+38 1.70141E+38 1.70141E+38 1.70141E+38 1.70141E+38
1.70141E+38 1.70141E+38 1.70141E+38 1.70141E+38 1.70141E+38 1.70141E+38 1.70141E+38 1.70141E+38 1.70141E+38 1.70141E+38 1.70141E+38 1.70141E+38 1.70141E+38 1.70141E+38 1.70141E+38 1.70141E+38 1.70141E+38 1.70141E+38 1.70141E+38 1.70141E+38 1.70141E+38 1.70141E+38 1.70141E+38 1.70141E+38 1.70141E+38 1.70141E+38 1.70141E+38 1.70141E+38 1.70141E+38 1.70141E+38 1.70141E+38 1.70141E+38 1.70141E+38 1.70141E+38 1.70141E+38 1.70141E+38 1.70141E+38 1.70141E+38 1.70141E+38 1.70141E+38 1.70141E+38 1.70141E+38 1.70141E+38 1.70141E+38 1.70141E+38 1.70141E+38 1.70141E+38 1.70141E+38 1.70141E+38 1.70141E+38 1.70141E+38 1.70141E+38 1.70141E+38 1.70141E+38 1.70141E+38 1.70141E+38 1.70141E+38 1.70141E+38 1.70141E+38 1.70141E+38 1.70141E+38 1.70141E+38
1.70141E+38 1.70141E+38 1.70141E+38 1.70141E+38 1.70141E+38 1.70141E+38 1.70141E+38 1.70141E+38 1.70141E+38 1.70141E+38 1.70141E+38 1.70141E+38 1.70141E+38 1.70141E+38 1.70141E+38 1.70141E+38 1.70141E+38 1.70141E+38 1.70141E+38 1.70141E+38 1.70141E+38 1.70141E+38 1.70141E+38 1.70141E+38 1.70141E+38 1.70141E+38 1.70141E+38 1.70141E+38 1.70141E+38 1.70141E+38 1.70141E+38 1.70141E+38 1.70141E+38 1.70141E+38 1.70141E+38 1.70141E+38 1.70141E+38 1.70141E+38 1.70141E+38 1.70141E+38 1.70141E+38 1.70141E+38 1.70141E+38 1.70141E+38 1.70141E+38 1.70141E+38 1.70141E+38 1.70141E+38 1.70141E+38 1.70141E+38 1.70141E+38 1.70141E+38 1.70141E+38 1.70141E+38 1.70141E+38 1.70141E+38 1.70141E+38 1.70141E+38 1.70141E+38 1.70141E+38 1.70141E+38 1.70141E+38
1.70141E+38 1.70141E+38 1.70141E+38 1.70141E+38 1.70141E+38 1.70141E+38 1.70141E+38 1.70141E+38 1.70141E+38 1.70141E+38 1.70141E+38 1.70141E+38 1.70141E+38 1.70141E+38 1.70141E+38 1.70141E+38 1.70141E+38 1.70141E+38 1.70141E+38 1.70141E+38 1.70141E+38 1.70141E+38 1.70141E+38 1.70141E+38 1.70141E+38 1.70141E+38 1.70141E+38 1.70141E+38 1.70141E+38 1.70141E+38 1.70141E+38 1.70141E+38 1.70141E+38 1.70141E+38 1.70141E+38 1.70141E+38 1.70141E+38 1.70141E+38 1.70141E+38 1.70141E+38 1.70141E+38 1.70141E+38 1.70141E+38 1.70141E+38 1.70141E+38 1.70141E+38 1.70141E+38 1.70141E+38 1.70141E+38 1.70141E+38 1.70141E+38 1.70141E+38 1.70141E+38 1.70141E+38 1.70141E+38 1.70141E+38 1.70141E+38 1.70141E+38 1.70141E+38 1.70141E+38 1.70141E+38 1.70141E+38
