py_wake/examples/data/AJ_ParqueFicticio/Ridge area   Sector 11   Height 200m   Weibull-k.grd
DSAA
90  129
 262878   265103
 6504214   6507414
 .6894531   2.552734
[rows 54 to 80 of 129, columns 0 to 61 of 90]
1.927734 1.919922 1.916016 1.912109 1.912109 1.896484 1.830078 1.705078 1.888672 1.541016 1.451172 1.544922 1.630859 1.677734 1.732422 1.798828 1.822266 1.806641 1.771484 1.748047 1.751953 1.763672 1.779297 1.791016 1.794922 1.791016 1.783203 1.779297 1.775391 1.767578 1.771484 1.771484 1.771484 1.775391 1.783203 1.787109 1.791016 1.794922 1.794922 1.794922 1.794922 1.791016 1.787109 1.783203 1.779297 1.779297 1.779297 1.783203 1.787109 1.791016 1.798828 1.806641 1.826172 1.849609 1.865234 1.873047 1.888672 1.888672 1.888672 1.888672 1.888672 1.888672
1.927734 1.919922 1.916016 1.912109 1.908203 1.904297 1.888672 1.865234 1.888672 1.873047 1.849609 1.857422 1.853516 1.837891 1.826172 1.833984 1.841797 1.830078 1.794922 1.767578 1.759766 1.771484 1.787109 1.802734 1.814453 1.818359 1.818359 1.814453 1.814453 1.810547 1.806641 1.802734 1.802734 1.798828 1.798828 1.794922 1.794922 1.798828 1.798828 1.794922 1.791016 1.787109 1.783203 1.779297 1.775391 1.775391 1.775391 1.779297 1.787109 1.791016 1.794922 1.802734 1.814453 1.837891 1.857422 1.873047 1.884766 1.888672 1.888672 1.888672 1.888672 1.888672
1.927734 1.919922 1.916016 1.908203 1.908203 1.904297 1.900391 1.888672 1.888672 1.888672 1.888672 1.888672 1.888672 1.884766 1.876953 1.869141 1.861328 1.849609 1.814453 1.779297 1.771484 1.787109 1.802734 1.822266 1.837891 1.841797 1.841797 1.841797 1.837891 1.833984 1.830078 1.826172 1.822266 1.814453 1.810547 1.806641 1.806641 1.802734 1.798828 1.798828 1.794922 1.787109 1.783203 1.779297 1.775391 1.775391 1.775391 1.779297 1.787109 1.791016 1.794922 1.802734 1.810547 1.826172 1.845703 1.865234 1.884766 1.888672 1.888672 1.888672 1.888672 1.888672
1.931641 1.923828 1.916016 1.908203 1.908203 1.904297 1.900391 1.896484 1.888672 1.888672 1.888672 1.888672 1.888672 1.888672 1.888672 1.884766 1.876953 1.861328 1.837891 1.810547 1.806641 1.818359 1.833984 1.845703 1.853516 1.857422 1.861328 1.857422 1.853516 1.853516 1.845703 1.841797 1.833984 1.830078 1.826172 1.822266 1.818359 1.814453 1.806641 1.802734 1.798828 1.791016 1.787109 1.783203 1.779297 1.779297 1.779297 1.783203 1.787109 1.791016 1.798828 1.806641 1.814453 1.826172 1.841797 1.861328 1.880859 1.888672 1.888672 1.888672 1.888672 1.888672
1.927734 1.923828 1.916016 1.912109 1.908203 1.904297 1.904297 1.900391 1.896484 1.892578 1.892578 1.892578 1.888672 1.888672 1.888672 1.888672 1.888672 1.884766 1.873047 1.861328 1.857422 1.857422 1.865234 1.869141 1.873047 1.873047 1.873047 1.873047 1.869141 1.865234 1.861328 1.853516 1.849609 1.845703 1.837891 1.833984 1.830078 1.826172 1.822266 1.814453 1.806641 1.802734 1.794922 1.791016 1.787109 1.783203 1.783203 1.787109 1.791016 1.794922 1.802734 1.810547 1.818359 1.830078 1.845703 1.861328 1.880859 1.888672 1.888672 1.888672 1.888672 1.888672
1.927734 1.923828 1.919922 1.916016 1.912109 1.908203 1.904297 1.904297 1.904297 1.904297 1.904297 1.904297 1.900391 1.896484 1.888672 1.888672 1.888672 1.888672 1.888672 1.888672 1.888672 1.888672 1.888672 1.888672 1.888672 1.884766 1.884766 1.880859 1.880859 1.876953 1.873047 1.869141 1.861328 1.857422 1.853516 1.849609 1.845703 1.837891 1.833984 1.826172 1.822266 1.810547 1.806641 1.798828 1.794922 1.791016 1.791016 1.794922 1.798828 1.802734 1.806641 1.814453 1.826172 1.833984 1.849609 1.865234 1.880859 1.888672 1.888672 1.888672 1.888672 1.888672
1.927734 1.923828 1.919922 1.916016 1.912109 1.912109 1.908203 1.908203 1.908203 1.908203 1.908203 1.908203 1.908203 1.904297 1.900391 1.896484 1.892578 1.888672 1.888672 1.888672 1.888672 1.888672 1.888672 1.888672 1.888672 1.888672 1.888672 1.888672 1.888672 1.884766 1.880859 1.876953 1.873047 1.869141 1.865234 1.861328 1.857422 1.849609 1.845703 1.837891 1.830078 1.822266 1.814453 1.810547 1.802734 1.802734 1.802734 1.802734 1.806641 1.810547 1.814453 1.818359 1.830078 1.837891 1.849609 1.865234 1.876953 1.888672 1.888672 1.888672 1.888672 1.892578
1.927734 1.927734 1.923828 1.919922 1.916016 1.916016 1.912109 1.912109 1.912109 1.916016 1.916016 1.916016 1.916016 1.912109 1.912109 1.908203 1.904297 1.896484 1.892578 1.888672 1.888672 1.888672 1.888672 1.888672 1.888672 1.888672 1.888672 1.888672 1.888672 1.888672 1.888672 1.884766 1.880859 1.876953 1.873047 1.869141 1.865234 1.861328 1.853516 1.845703 1.837891 1.830078 1.822266 1.818359 1.810547 1.806641 1.806641 1.806641 1.810547 1.814453 1.818359 1.822266 1.830078 1.837891 1.849609 1.861328 1.876953 1.888672 1.888672 1.888672 1.888672 1.880859
1.927734 1.927734 1.923828 1.919922 1.919922 1.919922 1.919922 1.919922 1.919922 1.919922 1.919922 1.919922 1.919922 1.919922 1.916016 1.912109 1.912109 1.908203 1.904297 1.900391 1.892578 1.888672 1.888672 1.888672 1.888672 1.888672 1.888672 1.888672 1.888672 1.888672 1.888672 1.888672 1.888672 1.884766 1.880859 1.876953 1.873047 1.865234 1.861328 1.853516 1.845703 1.837891 1.830078 1.822266 1.814453 1.810547 1.806641 1.810547 1.810547 1.814453 1.818359 1.822266 1.830078 1.837891 1.849609 1.857422 1.869141 1.884766 1.888672 1.888672 1.884766 1.810547
1.927734 1.927734 1.923828 1.919922 1.919922 1.919922 1.923828 1.923828 1.923828 1.923828 1.923828 1.923828 1.927734 1.923828 1.923828 1.919922 1.916016 1.916016 1.912109 1.908203 1.900391 1.896484 1.892578 1.888672 1.888672 1.888672 1.888672 1.888672 1.888672 1.888672 1.888672 1.888672 1.888672 1.888672 1.884766 1.880859 1.876953 1.873047 1.865234 1.857422 1.849609 1.841797 1.833984 1.826172 1.818359 1.810547 1.810547 1.810547 1.810547 1.814453 1.818359 1.822266 1.830078 1.837891 1.845703 1.853516 1.865234 1.876953 1.888672 1.888672 1.884766 1.783203
1.923828 1.923828 1.919922 1.919922 1.923828 1.923828 1.923828 1.923828 1.927734 1.927734 1.927734 1.927734 1.931641 1.927734 1.927734 1.923828 1.919922 1.919922 1.916016 1.912109 1.904297 1.900391 1.896484 1.892578 1.888672 1.888672 1.888672 1.888672 1.888672 1.888672 1.888672 1.888672 1.888672 1.888672 1.888672 1.884766 1.880859 1.876953 1.869141 1.861328 1.853516 1.845703 1.837891 1.826172 1.818359 1.814453 1.810547 1.810547 1.810547 1.814453 1.818359 1.822266 1.826172 1.833984 1.841797 1.853516 1.861328 1.873047 1.884766 1.900391 1.927734 1.916016
1.919922 1.919922 1.919922 1.919922 1.919922 1.923828 1.923828 1.927734 1.927734 1.927734 1.931641 1.931641 1.931641 1.931641 1.927734 1.927734 1.923828 1.919922 1.916016 1.912109 1.908203 1.904297 1.900391 1.892578 1.888672 1.888672 1.888672 1.888672 1.888672 1.888672 1.888672 1.888672 1.888672 1.888672 1.888672 1.884766 1.880859 1.876953 1.869141 1.861328 1.853516 1.845703 1.833984 1.826172 1.818359 1.814453 1.810547 1.806641 1.806641 1.810547 1.814453 1.818359 1.822266 1.833984 1.837891 1.845703 1.857422 1.869141 1.880859 1.908203 1.943359 1.994141
1.912109 1.912109 1.912109 1.916016 1.919922 1.919922 1.923828 1.923828 1.927734 1.931641 1.931641 1.931641 1.931641 1.931641 1.927734 1.923828 1.923828 1.919922 1.916016 1.912109 1.908203 1.904297 1.900391 1.892578 1.888672 1.888672 1.888672 1.888672 1.888672 1.888672 1.888672 1.888672 1.888672 1.888672 1.888672 1.884766 1.876953 1.873047 1.869141 1.857422 1.849609 1.841797 1.830078 1.822266 1.814453 1.810547 1.806641 1.806641 1.806641 1.806641 1.810547 1.814453 1.818359 1.826172 1.837891 1.841797 1.853516 1.865234 1.876953 1.880859 1.791016 1.642578
1.900391 1.904297 1.904297 1.908203 1.912109 1.916016 1.919922 1.923828 1.927734 1.931641 1.931641 1.931641 1.931641 1.931641 1.927734 1.923828 1.919922 1.919922 1.916016 1.912109 1.904297 1.900391 1.896484 1.892578 1.888672 1.888672 1.888672 1.888672 1.888672 1.888672 1.888672 1.888672 1.888672 1.888672 1.884766 1.880859 1.873047 1.869141 1.861328 1.853516 1.845703 1.833984 1.826172 1.818359 1.810547 1.806641 1.802734 1.802734 1.802734 1.802734 1.806641 1.810547 1.814453 1.826172 1.833984 1.841797 1.849609 1.861328 1.873047 1.798828 1.505859 1.228516
1.888672 1.892578 1.892578 1.900391 1.904297 1.912109 1.916016 1.919922 1.923828 1.927734 1.927734 1.927734 1.927734 1.923828 1.919922 1.916016 1.916016 1.912109 1.908203 1.904297 1.900391 1.896484 1.892578 1.888672 1.888672 1.888672 1.888672 1.888672 1.888672 1.888672 1.888672 1.888672 1.888672 1.884766 1.876953 1.873047 1.869141 1.861328 1.853516 1.845703 1.837891 1.826172 1.818359 1.810547 1.802734 1.798828 1.798828 1.794922 1.794922 1.798828 1.802734 1.806641 1.810547 1.822266 1.830078 1.837891 1.845703 1.857422 1.861328 1.685547 1.220703 1.291016
1.888672 1.888672 1.888672 1.888672 1.892578 1.900391 1.908203 1.912109 1.919922 1.923828 1.923828 1.923828 1.919922 1.916016 1.912109 1.908203 1.908203 1.904297 1.900391 1.896484 1.892578 1.888672 1.888672 1.888672 1.888672 1.888672 1.888672 1.888672 1.888672 1.888672 1.888672 1.880859 1.876953 1.873047 1.865234 1.857422 1.853516 1.849609 1.841797 1.833984 1.826172 1.818359 1.806641 1.802734 1.794922 1.791016 1.787109 1.791016 1.791016 1.794922 1.798828 1.802734 1.810547 1.818359 1.826172 1.833984 1.841797 1.853516 1.837891 1.544922 1.013672 2.337891
1.888672 1.888672 1.888672 1.888672 1.888672 1.892578 1.900391 1.908203 1.912109 1.916016 1.916016 1.916016 1.912109 1.904297 1.900391 1.896484 1.892578 1.892578 1.888672 1.888672 1.888672 1.888672 1.888672 1.888672 1.888672 1.888672 1.888672 1.888672 1.880859 1.876953 1.869141 1.865234 1.857422 1.849609 1.845703 1.837891 1.833984 1.830078 1.822266 1.818359 1.810547 1.802734 1.794922 1.787109 1.783203 1.779297 1.779297 1.779297 1.783203 1.787109 1.791016 1.798828 1.806641 1.814453 1.822266 1.830078 1.841797 1.849609 1.822266 1.443359 .9121094 1.970703
1.888672 1.884766 1.880859 1.876953 1.876953 1.876953 1.884766 1.892578 1.900391 1.908203 1.908203 1.904297 1.900391 1.892578 1.888672 1.888672 1.884766 1.884766 1.884766 1.884766 1.880859 1.880859 1.880859 1.876953 1.876953 1.873047 1.869141 1.865234 1.861328 1.857422 1.849609 1.841797 1.833984 1.826172 1.818359 1.814453 1.806641 1.802734 1.794922 1.791016 1.787109 1.783203 1.779297 1.771484 1.771484 1.767578 1.767578 1.771484 1.775391 1.783203 1.787109 1.794922 1.802734 1.810547 1.818359 1.826172 1.837891 1.849609 1.861328 1.537109 1.583984 1.634766
1.876953 1.869141 1.865234 1.861328 1.861328 1.861328 1.861328 1.865234 1.873047 1.873047 1.873047 1.869141 1.865234 1.861328 1.861328 1.857422 1.853516 1.853516 1.853516 1.853516 1.853516 1.849609 1.849609 1.849609 1.849609 1.845703 1.841797 1.841797 1.837891 1.830078 1.822266 1.818359 1.810547 1.806641 1.798828 1.791016 1.783203 1.779297 1.771484 1.767578 1.767578 1.767578 1.763672 1.755859 1.755859 1.755859 1.755859 1.759766 1.763672 1.771484 1.779297 1.787109 1.794922 1.806641 1.814453 1.826172 1.833984 1.845703 1.857422 1.869141 1.849609 1.873047
1.857422 1.849609 1.845703 1.841797 1.841797 1.837891 1.837891 1.837891 1.841797 1.837891 1.837891 1.833984 1.830078 1.826172 1.822266 1.818359 1.818359 1.818359 1.814453 1.814453 1.814453 1.814453 1.814453 1.814453 1.814453 1.810547 1.810547 1.810547 1.806641 1.802734 1.798828 1.794922 1.791016 1.787109 1.779297 1.775391 1.771484 1.767578 1.763672 1.755859 1.755859 1.755859 1.751953 1.748047 1.744141 1.744141 1.744141 1.748047 1.751953 1.759766 1.771484 1.779297 1.791016 1.802734 1.810547 1.822266 1.833984 1.841797 1.853516 1.861328 1.845703 1.865234
1.837891 1.830078 1.822266 1.818359 1.818359 1.818359 1.814453 1.814453 1.810547 1.810547 1.802734 1.798828 1.794922 1.787109 1.783203 1.779297 1.775391 1.775391 1.771484 1.771484 1.771484 1.771484 1.771484 1.775391 1.775391 1.771484 1.771484 1.771484 1.771484 1.771484 1.771484 1.767578 1.767578 1.771484 1.767578 1.763672 1.763672 1.759766 1.759766 1.751953 1.751953 1.748047 1.744141 1.740234 1.736328 1.732422 1.736328 1.740234 1.744141 1.751953 1.763672 1.775391 1.787109 1.798828 1.810547 1.822266 1.830078 1.837891 1.845703 1.853516 1.845703 1.857422
1.822266 1.810547 1.802734 1.798828 1.798828 1.794922 1.794922 1.791016 1.791016 1.787109 1.783203 1.771484 1.759766 1.751953 1.748047 1.748047 1.740234 1.736328 1.740234 1.744141 1.751953 1.751953 1.748047 1.744141 1.744141 1.748047 1.744141 1.740234 1.736328 1.740234 1.740234 1.740234 1.744141 1.755859 1.759766 1.759766 1.759766 1.759766 1.755859 1.751953 1.748047 1.744141 1.736328 1.732422 1.728516 1.728516 1.728516 1.732422 1.740234 1.748047 1.759766 1.771484 1.783203 1.794922 1.806641 1.818359 1.826172 1.837891 1.841797 1.849609 1.849609 1.849609
1.810547 1.802734 1.794922 1.791016 1.787109 1.783203 1.783203 1.779297 1.783203 1.783203 1.779297 1.767578 1.755859 1.744141 1.744141 1.740234 1.728516 1.724609 1.732422 1.740234 1.748047 1.748047 1.744141 1.740234 1.736328 1.740234 1.740234 1.736328 1.728516 1.728516 1.736328 1.736328 1.740234 1.751953 1.759766 1.763672 1.767578 1.763672 1.759766 1.751953 1.748047 1.740234 1.732422 1.728516 1.724609 1.724609 1.724609 1.728516 1.736328 1.744141 1.755859 1.767578 1.779297 1.791016 1.802734 1.814453 1.822266 1.830078 1.568359 1.283203 1.845703 1.849609
1.802734 1.798828 1.794922 1.787109 1.787109 1.787109 1.791016 1.791016 1.791016 1.794922 1.791016 1.783203 1.779297 1.775391 1.771484 1.767578 1.755859 1.751953 1.751953 1.759766 1.763672 1.767578 1.767578 1.763672 1.759766 1.759766 1.759766 1.755859 1.755859 1.751953 1.755859 1.759766 1.759766 1.767578 1.771484 1.775391 1.775391 1.771484 1.767578 1.759766 1.751953 1.744141 1.736328 1.728516 1.720703 1.724609 1.724609 1.728516 1.732422 1.740234 1.751953 1.763672 1.775391 1.787109 1.798828 1.810547 1.818359 1.271484 1.095703 1.005859 .9433594 1.224609
1.802734 1.794922 1.794922 1.791016 1.794922 1.798828 1.802734 1.806641 1.806641 1.810547 1.810547 1.810547 1.810547 1.806641 1.806641 1.802734 1.802734 1.794922 1.791016 1.791016 1.794922 1.794922 1.794922 1.794922 1.791016 1.787109 1.787109 1.783203 1.779297 1.779297 1.779297 1.779297 1.783203 1.783203 1.787109 1.787109 1.783203 1.783203 1.775391 1.767578 1.755859 1.748047 1.740234 1.732422 1.724609 1.724609 1.728516 1.728516 1.732422 1.740234 1.748047 1.759766 1.771484 1.783203 1.794922 1.802734 1.154297 1.029297 1.005859 .9824219 .9628906 .9433594
1.806641 1.802734 1.798828 1.802734 1.806641 1.810547 1.814453 1.822266 1.826172 1.830078 1.833984 1.833984 1.833984 1.833984 1.833984 1.833984 1.833984 1.833984 1.830078 1.826172 1.822266 1.822266 1.822266 1.818359 1.814453 1.810547 1.806641 1.802734 1.798828 1.794922 1.794922 1.794922 1.794922 1.794922 1.794922 1.794922 1.794922 1.787109 1.783203 1.771484 1.763672 1.755859 1.744141 1.736328 1.732422 1.732422 1.732422 1.732422 1.736328 1.740234 1.748047 1.759766 1.771484 1.783203 1.724609 1.052734 1.064453 1.056641 1.037109 1.013672 .9941406 .9863281
1.826172 1.822266 1.822266 1.822266 1.826172 1.830078 1.837891 1.841797 1.849609 1.853516 1.853516 1.857422 1.857422 1.857422 1.857422 1.857422 1.857422 1.857422 1.853516 1.849609 1.845703 1.845703 1.841797 1.837891 1.833984 1.830078 1.826172 1.818359 1.814453 1.810547 1.806641 1.806641 1.806641 1.806641 1.802734 1.802734 1.798828 1.794922 1.787109 1.779297 1.767578 1.759766 1.751953 1.744141 1.740234 1.740234 1.740234 1.740234 1.740234 1.748047 1.755859 1.763672 1.775391 1.787109 1.126953 1.181641 1.162109 1.134766 1.107422 1.087891 1.080078 1.083984
