py_wake/examples/data/AJ_ParqueFicticio/Ridge area   Sector All   Height 200m   Flow inclination.grd
DSAA
90  129
 262878   265103
 6504214   6507414
-21.86246   28.35171
[rows 54 to 80 of 129, columns 0 to 60 of 90]
12.7815 12.82594 13.83403 14.81012 15.41083 15.81592 16.03292 16.0226 15.9123 16.21683 16.82488 16.79519 15.98979 14.99572 -14.85268 -15.21286 -15.27007 -14.74681 -15.70026 -16.12569 -15.86332 -15.40242 -16.13877 -16.70178 -16.92696 -16.98922 -16.96382 -16.81149 -16.7266 -16.65302 16.54413 16.54921 16.42212 16.17364 16.0208 16.03588 16.06101 15.9876 15.79654 15.3302 14.4532 13.22875 11.79752 10.32313 8.361262 6.494008 6.009379 7.223793 9.070021 11.00424 12.86083 14.52482 15.53394 15.88895 15.73794 15.20494 14.35122 13.33889 -12.85205 -12.14469 -10.50082
12.48074 12.56973 13.12271 14.17004 15.04249 15.67854 16.09809 16.23471 16.30102 16.394 17.13755 17.32909 16.88857 16.24341 15.58557 -15.18316 -15.64004 -15.79953 -15.85426 -16.36773 -16.38389 -16.64429 -17.21877 -17.50555 -17.51399 -17.36706 17.335 17.34884 17.4306 17.56109 17.59334 17.46052 17.18581 16.93431 16.80881 16.76334 16.58767 16.32799 16.07164 15.65338 14.87058 13.65382 12.16992 10.61144 8.436072 6.646517 5.88571 6.784785 8.541152 10.51191 12.44576 14.02696 15.03373 15.36517 15.21059 14.70999 13.80084 12.68023 11.34291 -10.40996 -9.128885
12.26941 12.29347 12.32724 13.39666 14.49933 15.32875 15.95559 16.38513 16.5954 16.61424 17.18842 17.46152 17.19079 16.87785 16.53672 16.18234 15.83827 -16.0089 -16.38778 -16.84107 -17.01525 -17.42548 17.7958 18.18138 18.29726 18.29857 18.29091 18.2705 18.35313 18.39951 18.33565 18.10792 17.79228 17.58139 17.44626 17.27318 17.02821 16.70717 16.44781 16.02841 15.17047 13.88918 12.36725 10.61414 8.464723 6.787077 5.847519 6.475874 8.083687 9.828785 11.9123 13.53149 14.5692 14.93659 14.82676 14.32261 13.31959 12.07586 10.66736 -9.227591 -8.270948
11.94088 11.93029 11.91589 12.49596 13.61908 14.6916 15.52516 16.01822 16.23437 16.3618 16.9299 17.13396 16.99665 16.76135 16.71411 16.76079 16.82924 16.83905 16.87698 17.07228 17.36654 17.94768 18.54119 18.96784 19.07963 19.01114 18.92343 18.85718 18.92216 18.89901 18.78613 18.52757 18.23277 17.98412 17.73228 17.46937 17.15713 16.87863 16.61224 16.14024 15.17385 13.85682 12.26451 10.37253 8.464155 6.869176 5.838737 6.26075 7.708045 9.248484 11.09212 12.80492 13.93682 14.42494 14.38863 13.94088 12.95279 11.62107 10.13203 8.659569 -7.54834
11.59634 11.5434 11.5427 11.77627 12.89358 13.95611 14.85053 15.53547 15.84373 15.86363 16.2646 16.45418 16.43962 16.30199 16.43102 16.66887 16.95238 17.2166 17.60798 18.02342 18.11679 18.08667 18.7678 19.26773 19.41316 19.31124 19.17599 19.09911 19.08303 19.03081 18.89285 18.63166 18.31716 17.98312 17.67703 17.31143 16.96745 16.66321 16.29866 15.71042 14.7399 13.42679 11.74397 10.0238 8.379596 6.856515 5.791054 6.12515 7.34968 8.766799 10.22827 11.86718 13.10336 13.71283 13.82647 13.43638 12.59968 11.48822 10.2928 9.121231 8.040009
11.89541 11.29161 11.29867 11.42879 12.17875 13.1925 14.04582 14.71584 15.02375 15.01583 15.4189 15.64933 15.7052 15.72716 16.03075 16.44879 16.90191 17.38752 17.92569 18.42238 18.65874 18.74442 18.7893 19.10459 19.22907 19.17287 19.02184 18.94053 18.89798 18.81742 18.65496 18.36904 17.94387 17.53263 17.1704 16.74607 16.34455 15.97669 15.46335 14.74662 13.8327 12.51523 10.98837 9.565478 8.145054 6.552626 5.513044 5.681094 6.799836 8.170834 9.487712 10.87466 12.10445 12.90576 13.21055 13.07421 12.4864 11.66136 10.73997 9.754589 8.785174
12.07105 11.11772 10.81305 10.8754 11.13521 12.11486 12.96781 13.59557 13.88835 13.95817 14.37313 14.53152 14.63337 14.84346 15.24912 15.71265 16.24997 16.89209 17.6011 18.30127 18.64493 18.79924 18.91504 18.71392 18.72877 18.65841 18.49159 18.43511 18.36433 18.28453 18.11418 17.77049 17.18671 16.70098 16.27115 15.74623 15.32287 14.91098 14.30473 13.6193 12.71993 11.4314 10.20448 9.000984 7.719279 5.978982 4.766392 4.666014 5.765789 7.257949 8.713456 10.00326 11.11577 12.05961 12.60124 12.73083 12.43981 11.88258 11.23956 10.50179 10.24733
11.99453 11.09429 10.14517 10.03707 10.16449 10.50818 11.20102 11.72224 12.00089 12.41459 12.86412 13.17901 13.32263 13.49663 13.89957 14.42712 15.07809 15.87805 16.76283 17.55984 18.02348 18.28884 18.4406 18.2747 18.02405 17.89006 17.73919 17.65833 17.54516 17.4097 17.18085 16.78094 16.1637 15.693 15.15616 14.62144 14.22633 13.72522 13.12551 12.49125 11.60378 10.45521 9.45841 8.360775 7.115664 5.307777 3.85957 3.432983 4.472779 6.085889 7.809 9.184655 10.27609 11.2466 12.02822 12.48134 12.518 12.2253 11.80856 11.81738 11.85602
11.55342 10.78997 9.945063 9.106937 9.233714 9.527549 9.892783 10.2964 10.72424 11.10163 11.31303 11.37577 11.49696 11.86819 12.36541 12.98691 13.68675 14.46936 15.29312 16.07639 16.65526 16.95728 17.16124 17.08786 16.92655 16.74313 16.59147 16.56668 16.48548 16.28312 16.05778 15.59741 15.05227 14.57531 13.99235 13.48243 13.05033 12.52627 12.07819 11.56711 10.78865 9.81688 8.901484 7.812456 6.481294 4.760767 3.469455 2.505219 3.396796 4.917549 6.732152 8.322185 9.555258 10.58329 11.52439 12.32436 12.68665 12.64618 12.88917 13.17344 13.49964
10.78803 10.11726 9.19109 8.09414 7.346949 7.138374 7.338509 7.638314 8.010898 8.404832 8.779969 9.142335 9.515343 10.01173 10.58191 11.0913 11.61781 12.29261 13.1611 13.96168 14.48572 14.79089 14.97884 15.38405 15.32447 15.1865 15.18697 15.2459 15.14058 14.98706 14.75147 14.30716 13.84903 13.42034 13.00652 12.70655 12.43266 12.08875 11.7333 11.276 10.55675 9.697412 8.838994 7.817576 6.308435 4.522974 3.211184 2.27221 2.483327 3.847066 5.53072 7.359905 8.827698 9.960454 11.00555 12.11785 12.95547 13.5354 13.94804 14.3844 14.95213
11.10844 10.12219 8.722717 7.193143 6.419047 6.001372 5.824869 -5.88238 -6.106516 -6.464506 -6.904011 7.415782 8.000667 8.606861 9.108433 9.444679 9.942718 10.57341 11.31177 11.81631 12.22164 12.70861 13.2587 13.60722 13.50876 13.54351 13.70366 13.76166 13.68924 13.59097 13.53284 13.32175 13.10634 12.81732 12.46538 12.1971 11.95562 11.70176 11.45836 11.10655 10.47947 9.695804 8.904097 7.955114 6.520738 4.778 3.376494 2.241678 1.740983 2.973234 4.440478 6.353199 8.062835 9.340294 10.56101 12.07216 13.54202 14.28208 14.86204 15.39947 15.93209
11.36241 10.44588 9.099955 7.559473 6.432811 5.649146 -5.240046 -5.1653 -5.400854 -5.892918 -6.537117 -7.267259 -8.039627 -8.647255 -8.950926 9.006788 9.280469 9.682558 10.18421 10.48208 10.75139 11.17424 11.69998 12.04738 12.1429 12.30685 12.56565 12.71662 12.82494 12.90535 12.85273 12.65954 12.46826 12.23321 11.95211 11.70308 11.50705 11.38384 11.29814 11.07376 10.57707 9.85795 9.123674 8.230734 7.015768 5.309648 3.816561 2.603021 1.591406 2.267375 3.582381 5.437636 7.464317 9.10675 10.54056 12.0926 14.03016 14.85675 15.59751 16.19579 16.76085
11.6997 10.91826 9.831194 8.295048 7.067177 6.183226 5.555861 -5.30194 -5.465237 -5.957195 -6.635527 -7.436427 -8.342615 -9.070283 -9.470952 -9.483788 -9.586305 9.84771 10.25054 10.5093 10.69505 10.98599 11.36099 11.62489 11.72935 11.85533 12.04112 12.13853 12.22903 12.30773 12.25409 12.05827 11.87493 11.71462 11.51479 11.41826 11.47126 11.64524 11.79006 11.6993 11.31596 10.572 9.677026 8.695046 7.620082 6.099594 4.457805 3.087491 1.981045 1.704061 3.047283 5.044703 7.273635 9.019599 10.51476 12.06101 14.33215 15.25049 16.15704 16.82311 17.42673
12.57396 11.87187 10.99028 9.766105 8.492454 7.493254 6.763664 6.392563 6.463654 6.996904 7.663733 8.513622 9.501843 10.32157 10.79568 10.60484 10.38763 10.39253 10.53021 10.62699 10.71097 10.89625 11.15654 11.35374 11.39702 11.47848 11.61214 11.64765 11.73268 11.82743 11.80391 11.75835 11.81613 11.95342 11.96789 11.8649 11.92767 12.18666 12.45866 12.48275 12.18615 11.55564 10.59057 9.52149 8.320738 6.942038 5.259301 3.694729 2.426196 1.588285 2.856483 4.868816 7.181168 8.982002 10.50892 12.04695 14.48923 15.49716 16.55563 17.3007 17.93137
13.22931 12.57819 11.79113 10.85858 9.966249 9.361012 8.87429 8.704926 8.864777 9.302746 9.845536 10.3994 10.9776 11.757 12.33166 12.3627 11.98423 11.84054 11.92753 11.98732 11.78715 11.72157 11.81881 11.91115 11.86976 11.93867 12.09414 12.22369 12.41815 12.60507 12.64801 12.47137 12.40386 12.51534 12.59239 12.49906 12.53413 12.81511 13.18343 13.33945 13.07531 12.52326 11.59778 10.33652 9.076059 7.706785 6.130861 4.417402 2.922956 1.710787 2.950166 4.798059 7.187314 9.049486 10.61259 12.19088 14.70499 15.77999 16.89784 17.66818 18.30082
13.5349 12.97645 12.2406 11.85822 11.69775 11.45596 11.13093 10.84442 10.75589 10.9332 11.32709 11.80404 12.41127 12.93033 13.64725 13.8845 13.62993 13.3766 13.27383 13.27277 13.1517 12.94442 12.88306 12.91545 12.85445 12.78279 12.81748 12.99401 13.20281 13.32664 13.38974 13.21798 13.02521 13.07337 13.21678 13.27514 13.34709 13.62193 13.98364 14.20216 13.98313 13.4571 12.6401 11.25667 9.752822 8.382236 6.926619 5.184656 3.461053 2.068378 3.177387 5.05477 7.299049 9.249202 10.87785 12.61283 15.02657 16.16214 17.22106 17.95978 18.52658
13.64284 13.08997 12.78395 12.65281 12.65994 12.56788 12.34384 12.05611 11.92936 12.02429 12.31277 12.70973 13.33346 13.82584 14.4945 14.86923 14.81025 14.69246 14.51345 14.30526 14.16764 13.91988 13.68803 13.60255 13.49127 13.41492 13.32075 13.44525 13.61087 13.77066 13.80242 13.67406 13.47199 13.43683 13.52904 13.70044 13.90981 14.33296 14.82339 14.96883 14.73536 14.25035 13.43187 12.12871 10.34237 8.943383 7.523887 5.834242 3.998425 2.669543 3.590368 5.555726 7.833926 9.762516 11.42834 13.35356 15.38469 16.61091 17.61201 18.3293 18.77205
13.618 13.53099 13.22115 12.93894 12.89784 12.86398 12.70525 12.42992 12.2298 12.22327 12.36986 12.67889 13.29135 13.94705 14.7061 15.04345 15.18836 15.18969 15.09314 14.92132 14.6836 14.40588 14.12593 13.96955 13.75688 13.63578 13.5242 13.5919 13.70265 13.85485 13.89399 13.78442 13.57464 13.44594 13.43005 13.57551 13.78491 14.35051 15.23297 15.61986 15.15438 14.66907 13.91833 12.92535 11.09012 9.342804 7.845007 6.220606 4.363147 3.455287 4.26475 6.296116 8.50801 10.42405 12.13608 14.12832 15.78801 17.00266 17.9116 18.54945 18.91712
14.01794 14.0047 13.6722 13.18968 12.91332 12.71335 12.40951 11.97985 11.61364 11.43372 11.4671 -11.76647 -12.74156 13.53144 14.21367 14.58797 14.80796 14.9242 14.93001 14.88286 14.69126 14.3862 14.05547 13.88921 13.69358 13.52897 13.3791 13.39462 13.49814 13.6524 13.72534 13.63075 13.43056 13.22811 -13.24024 -13.36834 -13.382 13.76117 14.73539 15.53175 15.29526 15.01026 14.52071 13.49054 11.71143 9.487425 7.868329 6.206022 4.386209 4.383854 5.368551 7.16262 9.187829 11.01555 12.78862 14.67973 16.08935 17.29581 18.12391 18.69696 19.02275
14.30504 14.21993 13.76757 13.1158 12.51502 11.95408 11.36839 10.75058 10.21188 -10.45651 -11.05109 -11.73759 -12.64202 -13.4331 -13.94745 -14.1703 -14.32005 -14.33182 -14.30268 -14.21756 -14.0137 -13.79697 -13.58978 -13.50992 -13.46317 -13.43364 -13.39061 -13.52466 -13.67926 -13.84679 -13.9327 -13.94498 -13.83188 -13.72298 -13.78282 -13.86076 -13.75946 -13.73607 14.46653 15.71766 15.84484 15.43227 14.81405 13.64505 11.9371 9.329271 7.591496 5.856909 4.338064 4.930846 6.093976 7.758844 9.676726 11.49803 13.33358 15.02312 16.34012 17.47446 18.22768 18.75297 19.03138
13.83807 13.46375 12.8605 12.09816 11.24831 10.45207 9.797001 -9.860583 -10.10878 -10.40816 -10.85609 -11.44517 -12.19646 -12.91197 -13.37766 -13.7208 -13.96413 -14.06252 -14.09867 -13.97919 -13.79804 -13.75867 -13.8115 -13.91835 -14.06371 -14.29044 -14.57111 -14.88706 -15.14724 -15.31059 -15.31312 -15.29351 -15.01471 -14.61566 -14.41851 -14.22848 -13.93544 14.17179 15.06032 16.06371 16.126 15.63977 14.82473 13.47354 11.73425 8.906283 7.085142 5.297257 4.437491 5.237478 6.678977 8.369955 10.25847 12.12776 13.89049 15.35437 16.6331 17.5981 18.25235 18.70433 18.94439
12.29752 11.77669 11.05268 10.24386 9.650908 -9.368796 -9.653914 -10.0747 -10.13349 -10.20145 -10.46625 -10.88293 -11.49149 -12.24702 -12.62726 -12.94746 -13.33352 -13.63581 -13.80073 -13.8433 -13.7191 -13.722 -13.92 -14.26078 -14.58759 -15.02935 -16.29791 -17.97226 -19.70406 -18.27922 -17.45689 -16.24283 -15.6478 -14.91893 -14.38328 14.17201 14.51265 14.948 15.63867 16.33252 16.18548 15.52602 14.49496 13.02124 11.20954 8.292964 6.430379 4.615292 4.555112 5.808373 7.362055 9.207077 11.14759 13.02749 14.55201 15.79029 16.965 17.72004 18.21296 18.54704 18.75742
10.95017 10.39701 9.823442 9.183914 -9.103993 -9.276212 -9.681742 -10.19909 -10.12734 -10.12673 -10.14957 -10.43232 -10.93123 -11.48188 -11.83794 -12.14323 -12.55259 -12.9933 -13.25534 -13.33591 -13.30691 -13.37094 -13.7971 -14.39399 -15.07899 -15.91066 -17.10222 -18.78665 -20.26172 -16.96383 -15.43636 -14.057 14.21488 14.66154 14.904 15.11894 15.36046 15.60226 16.06001 16.33639 15.92815 15.05739 13.81072 12.28022 10.36023 7.519459 5.655388 3.843711 4.694485 6.499791 8.427815 10.45385 12.45043 14.14662 15.39509 16.44143 17.33693 17.83463 18.12755 18.32456 18.47753
10.09876 9.516537 -9.222195 -9.110504 -9.187387 -9.397058 -9.87054 -10.15609 -10.06577 -10.16595 -10.39637 -10.72647 -11.11952 -11.56037 -11.95102 -12.29964 -12.63415 -12.96653 -13.22116 -13.38949 -13.5629 -13.84107 -14.21137 -14.67058 -15.15572 -15.68782 -16.24384 -16.53089 -14.41846 -13.5892 -12.96835 13.5209 14.59879 15.2723 15.63082 15.86185 16.03326 16.13029 16.23449 16.01618 15.3567 14.20404 12.78604 11.23177 9.159671 6.605741 4.768238 3.614912 5.270671 7.538403 9.914446 12.11278 13.91662 15.31229 16.36113 17.13195 17.65979 17.9293 18.05387 18.0833 18.11009
-9.531424 -9.514168 -9.635338 -9.580092 -9.660176 -9.950261 -10.39254 -10.57352 -10.59346 -10.69563 -10.8353 -10.98764 -11.26171 -11.58915 -11.91401 -12.23264 -12.48886 -12.84901 -13.16185 -13.41296 -13.6267 -13.89802 -14.22086 -14.55818 -14.94469 -15.31971 -15.44243 -14.78897 -12.98593 -12.03492 12.80609 13.84724 14.89012 15.70803 16.1206 16.3436 16.43593 16.38858 16.07432 15.44402 14.51708 13.14308 11.66498 10.0208 7.774847 5.609415 4.089433 3.849067 6.191896 8.910913 11.52432 13.5968 15.15591 16.35227 17.18392 17.68207 17.8995 17.96544 17.91316 17.78303 17.66117
-9.717872 -9.793116 -10.15011 -10.28337 -10.48829 -10.80247 -11.1576 -11.23051 -11.18311 -11.1894 -11.19667 -11.23775 -11.40342 -11.55367 -11.74824 -11.99995 -12.20619 -12.53745 -12.82662 -13.10744 -13.39102 -13.67906 -13.9637 -14.21703 -14.50933 -14.79092 -14.88779 -14.65178 -13.92185 -12.2312 13.05384 14.04508 15.12777 15.99194 16.37878 16.54068 16.53479 16.30561 15.62265 14.73713 13.56405 12.11832 10.58087 8.789251 6.634203 4.982896 3.620963 4.605049 7.203794 10.24757 12.74461 14.74467 16.19764 17.18936 17.80911 18.08288 18.10624 18.0238 17.79939 17.53721 17.31869
-10.38174 -10.65893 -10.92131 -10.9881 -11.1489 -11.37553 -11.57377 -11.64223 11.72538 11.70516 11.62524 11.38732 -11.36965 -11.30023 -11.37016 -11.55538 -11.7356 -12.05928 -12.32211 -12.57966 -12.87437 -13.1605 -13.45291 -13.69269 -13.93831 -14.13315 -14.21921 -14.12209 -13.83204 -13.17603 13.2205 14.16308 15.2055 16.00718 16.37067 16.47445 16.47392 16.16742 15.32727 14.22658 12.8063 11.32379 9.605631 7.648752 5.719572 4.317514 3.127167 5.423818 8.226168 11.23894 13.55183 15.53637 16.9227 18.6095 18.33076 18.45753 18.31651 18.08895 17.77127 17.41802 17.11872
