py_wake/examples/data/AJ_ParqueFicticio/Ridge area   Sector 5   Height 200m   Orographic turn.grd
DSAA
90  129
 262878   265103
 6504214   6507414
-17.71675   16.69296
[rows 78 to 103 of 129, columns 0 to 59 of 90]
-4.270391 -4.185808 -3.961702 -3.716887 -3.387938 -3.05724 -2.774714 -2.647391 -2.581059 -2.647227 -2.847865 -3.140574 -3.503499 -3.945851 -4.292392 -4.50594 -4.723641 -4.926749 -5.142231 -5.309245 -5.392766 -5.487241 -5.63431 -5.868362 -6.122433 -6.293483 -6.365952 -6.425303 -6.485686 -6.513981 -6.507406 -6.620089 -6.956608 -7.518866 -8.234567 -8.956076 -9.650632 -10.33444 -11.0321 -11.66604 -12.29653 -12.84827 -13.36045 -13.83167 -14.08584 -13.95996 -13.98275 -13.87226 -13.68499 -13.36148 -12.82694 -12.00959 -10.88904 -9.63339 -8.339606 -7.011006 -5.688921 -4.498807 -3.425087 -2.499969
-3.903012 -3.915744 -3.809981 -3.519718 -3.163614 -2.871037 -2.624356 -2.354159 -2.197383 -2.16289 -2.259656 -2.517493 -2.783113 -3.146781 -3.314439 -3.438337 -3.587634 -3.732641 -3.973659 -4.224813 -4.369948 -4.494304 -4.643454 -4.866592 -5.098098 -5.289438 -5.429942 -5.604076 -5.782599 -5.90769 -6.051455 -6.346015 -6.771522 -7.450864 -8.246631 -8.989835 -9.664102 -10.32512 -10.98394 -11.61113 -12.23464 -12.78119 -13.32764 -13.69988 -13.81565 -13.77905 -13.75605 -13.62796 -13.48767 -13.20232 -12.63856 -11.95982 -11.03445 -9.929428 -8.727341 -7.479741 -6.238084 -5.044031 -3.925109 -2.90613
-2.716017 -2.781975 -2.798183 -2.629951 -2.377194 -2.135743 -1.912385 -1.639433 -1.418183 -1.291605 -1.315254 -1.5084 -1.717765 -1.977709 -2.043829 -2.081604 -2.160141 -2.285881 -2.55189 -2.885236 -3.041981 -3.183302 -3.332286 -3.553912 -3.806277 -4.088395 -4.368843 -4.690222 -5.025129 -5.34014 -5.701216 -6.155451 -6.718582 -7.503179 -8.32621 -9.062794 -9.714214 -10.34356 -10.95658 -11.55459 -12.08007 -12.61702 -13.13336 -13.39816 -13.42319 -13.41183 -13.31893 -13.14179 -13.06224 -12.57601 -12.07165 -11.51575 -10.79443 -9.938746 -8.949392 -7.881784 -6.771802 -5.65291 -4.575126 -3.536545
-1.128306 -1.18756 -1.258798 -1.229187 -1.091285 -.9152253 -.7565495 -.5098158 -.2663799 -.1165117 -.13448 -.2862168 -.5220622 -.7542004 -.7274578 -.6508775 -.6141796 -.7489417 -1.045474 -1.476227 -1.591557 -1.732416 -1.874859 -2.118806 -2.44781 -2.872346 -3.295718 -3.76852 -4.319682 -4.873147 -5.43676 -6.05267 -6.802236 -7.65824 -8.478857 -9.190061 -9.819867 -10.41081 -10.9978 -11.47755 -11.88269 -12.33156 -12.71115 -12.83974 -12.88893 -12.82835 -12.67388 -12.43686 -12.37973 -11.68937 -11.24408 -10.74149 -10.18857 -9.606063 -8.888621 -8.07551 -7.193994 -6.252485 -5.290786 -4.331756
.3332711 .2353396 .1255206 .0964691 .1897602 .2819401 .3922173 .6022291 .7904398 .8776957 .8389237 .7508114 .590395 .4663926 .5633091 .6283771 .6941979 .5530699 .2173939 -.249146 -.347908 -.4361395 -.5212957 -.7869483 -1.225342 -1.796708 -2.362679 -3.005051 -3.77972 -4.527836 -5.292083 -6.09326 -6.956087 -7.875925 -8.70789 -9.38986 -9.995552 -10.53486 -11.06136 -11.39839 -11.71448 -11.98398 -12.17341 -12.2054 -12.21005 -12.05086 -11.82788 -11.51017 -11.26135 -10.57271 -10.16612 -9.691405 -9.281768 -8.893554 -8.467361 -7.973896 -7.407073 -6.739264 -5.987713 -5.172688
1.371629 1.231439 1.083074 1.008191 1.015111 1.040452 1.131263 1.332628 1.509248 1.526591 1.512585 1.519131 1.376909 1.240784 1.394712 1.573035 1.661809 1.516618 1.112796 .6125805 .6109471 .6384264 .5976154 .3212892 -.2411685 -.9635568 -1.657507 -2.451404 -3.42369 -4.327297 -5.234212 -6.200041 -7.195997 -8.153391 -8.99271 -9.678682 -10.25112 -10.77409 -11.19141 -11.44143 -11.64115 -11.70918 -11.67348 -11.57092 -11.44201 -11.17634 -10.86402 -10.47559 -9.865246 -9.264866 -8.807491 -8.310704 -8.01615 -7.767778 -7.591239 -7.375061 -7.135441 -6.800414 -6.359017 -5.802671
2.024258 1.819893 1.6335 1.523682 1.43742 1.443804 1.585745 1.786318 1.901267 1.863368 1.87588 1.924129 1.893305 1.912978 2.093256 2.262177 2.30495 2.14372 1.78217 1.459834 1.426422 1.475834 1.415635 1.123527 .5404543 -.2898755 -1.173925 -2.120463 -3.227927 -4.237746 -5.269047 -6.38965 -7.467531 -8.428318 -9.261739 -9.951651 -10.52198 -11.0522 -11.38692 -11.58959 -11.66135 -11.52855 -11.25026 -11.00719 -10.70291 -10.30982 -9.862431 -9.378653 -8.529387 -7.956882 -7.384355 -6.794607 -6.486666 -6.275911 -6.239611 -6.200587 -6.259026 -6.27615 -6.214692 -6.010477
2.411883 2.146709 1.95232 1.804551 1.647151 1.690405 1.880622 2.058319 2.09512 2.028703 2.046847 2.108518 2.167473 2.285703 2.442273 2.535611 2.507205 2.33559 2.082451 1.924642 1.896822 1.936582 1.859926 1.539618 .9358732 .06204344 -.9456298 -2.030517 -3.223803 -4.293238 -5.451926 -6.645987 -7.701273 -8.650949 -9.455633 -10.09769 -10.70619 -11.24216 -11.54935 -11.73675 -11.71468 -11.44848 -10.95944 -10.49505 -9.995966 -9.468024 -8.900739 -8.217011 -7.328561 -6.722701 -6.028663 -5.368431 -4.973665 -4.683364 -4.633968 -4.648884 -4.914451 -5.229517 -5.538761 -5.687594
2.515905 2.240384 2.046656 1.86461 1.728944 1.823338 2.008043 2.142651 2.122727 2.014418 2.028041 2.114317 2.225195 2.361727 2.520247 2.568712 2.459832 2.296048 2.119455 2.042908 2.073316 2.120265 2.024155 1.621911 .9859545 .09014871 -1.036081 -2.246511 -3.48967 -4.634952 -5.807683 -6.950249 -7.934869 -8.852391 -9.583038 -10.20927 -10.81305 -11.339 -11.63823 -11.81081 -11.73573 -11.44037 -10.93058 -10.33205 -9.664727 -8.98801 -8.210493 -7.332644 -6.405547 -5.693698 -4.867945 -4.150251 -3.617836 -3.201745 -3.034507 -2.987484 -3.328182 -3.808828 -4.406618 -4.874578
2.441074 2.143817 1.906837 1.694396 1.596466 1.698348 1.839654 1.937066 1.923992 1.875363 1.931799 2.033374 2.137911 2.244705 2.371052 2.400131 2.305627 2.127784 1.953985 1.918849 1.950268 1.996188 1.837894 1.304287 .6038411 -.324337 -1.569749 -2.864564 -4.128291 -5.302616 -6.412205 -7.394372 -8.291409 -9.092282 -9.713926 -10.30024 -10.86335 -11.34047 -11.63029 -11.76962 -11.67611 -11.38297 -10.88749 -10.2712 -9.510598 -8.674477 -7.742836 -6.770188 -5.794844 -4.918721 -3.983881 -3.210707 -2.52775 -1.972242 -1.602546 -1.389836 -1.656156 -2.120173 -2.804974 -3.454176
2.174261 1.86095 1.576686 1.365232 1.336338 1.469039 1.595246 1.661378 1.658521 1.649643 1.721511 1.818038 1.919783 2.017173 2.098215 2.088217 2.045795 1.863607 1.693731 1.643409 1.655715 1.580025 1.344158 .6869325 -.1715609 -1.229295 -2.5257 -3.85114 -5.114838 -6.217018 -7.190221 -8.020111 -8.810036 -9.435022 -9.929956 -10.42647 -10.92257 -11.29886 -11.52845 -11.63513 -11.53079 -11.1837 -10.66667 -10.02522 -9.243205 -8.368277 -7.415577 -6.435036 -5.457039 -4.457914 -3.439925 -2.586479 -1.781931 -1.085979 -.4698727 -.03695205 -.09646001 -.4398927 -1.039906 -1.70949
1.807865 1.49325 1.181401 .9887927 1.023938 1.177387 1.309227 1.348226 1.385608 1.367928 1.423634 1.507655 1.620705 1.717624 1.733132 1.6933 1.647126 1.459788 1.323174 1.258962 1.19973 .9625967 .5736607 -.237183 -1.311312 -2.53715 -3.836463 -5.147761 -6.334584 -7.278376 -8.076153 -8.743691 -9.361998 -9.800345 -10.18578 -10.56705 -10.95683 -11.18818 -11.32122 -11.38329 -11.23429 -10.88697 -10.40339 -9.811639 -9.106295 -8.269844 -7.330957 -6.342703 -5.345439 -4.286664 -3.202672 -2.256778 -1.35454 -.5202689 .3412966 .9917109 1.190161 .9985226 .5757324 .01590747
1.395896 1.098816 .7917406 .6475486 .747317 .8921643 1.042017 1.09164 1.158315 1.159524 1.193412 1.260072 1.371378 1.47197 1.423557 1.319554 1.194412 1.017537 .8373575 .745662 .5379378 .08205436 -.4999032 -1.490312 -2.766123 -4.108394 -5.411908 -6.663745 -7.676012 -8.431023 -9.044916 -9.527955 -9.906079 -10.16489 -10.45783 -10.73689 -10.98601 -11.03866 -11.05628 -10.98636 -10.86985 -10.6155 -10.17332 -9.62326 -8.951983 -8.199626 -7.329558 -6.380977 -5.393465 -4.31389 -3.240577 -2.240789 -1.250813 -.2618362 .7663066 1.545304 1.915677 1.926152 1.731326 1.401362
.8884671 .6217404 .3728536 .3520092 .5233284 .7070381 .8826088 .9896681 1.082442 1.130955 1.171327 1.250633 1.346661 1.402384 1.265405 1.063067 .8838337 .6543799 .3768322 .1523978 -.2684878 -1.031819 -1.851429 -3.067474 -4.486783 -5.840843 -7.083342 -8.210258 -9.014319 -9.609951 -10.0782 -10.40967 -10.59525 -10.69279 -10.89325 -11.10036 -11.23763 -11.16689 -10.9854 -10.77119 -10.48467 -10.23669 -9.867737 -9.40674 -8.805489 -8.161116 -7.410944 -6.573648 -5.661198 -4.623142 -3.585978 -2.546916 -1.462275 -.313791 .8112934 1.645732 2.10146 2.273116 2.310603 2.234573
.1648014 -.0497473 -.2170808 -.1211399 .1436391 .4389026 .7171282 .9336121 1.094167 1.211592 1.312588 1.437479 1.519454 1.514056 1.273997 1.002086 .7847489 .4381461 .02044017 -.3808036 -1.110858 -2.14564 -3.32417 -4.722684 -6.153667 -7.453609 -8.593042 -9.537931 -10.16536 -10.66251 -11.02772 -11.27933 -11.39321 -11.36608 -11.42952 -11.50794 -11.49209 -11.35669 -11.05291 -10.62475 -10.26572 -9.984561 -9.670659 -9.252549 -8.739275 -8.20473 -7.563146 -6.82658 -6.013845 -5.100513 -4.149697 -3.146301 -1.989877 -.7216824 .4694606 1.34265 1.8836 2.2075 2.413101 2.505612
-.6824897 -.7651997 -.7953684 -.6103034 -.2643057 .147715 .5706072 .9133179 1.159675 1.360008 1.532203 1.657619 1.714401 1.647916 1.321867 .9998251 .7215961 .2713737 -.2536924 -.9209562 -1.983145 -3.259952 -4.702047 -6.14123 -7.491903 -8.672277 -9.700579 -10.48759 -11.02384 -11.46177 -11.73442 -11.91686 -11.99449 -11.91553 -11.8655 -11.77598 -11.61751 -11.39054 -11.01513 -10.53476 -10.18836 -9.857093 -9.582273 -9.212238 -8.796064 -8.383581 -7.867873 -7.235339 -6.515104 -5.711924 -4.812274 -3.850816 -2.647024 -1.321121 -.1263781 .7809806 1.42054 1.905757 2.266207 2.499282
-1.301869 -1.258843 -1.137141 -.8463626 -.4246306 .08338084 .613324 1.027869 1.277317 1.539782 1.755562 1.835354 1.874873 1.742401 1.368409 1.012426 .6054733 .03271098 -.6521221 -1.617582 -2.850159 -4.326335 -5.816724 -7.17626 -8.412397 -9.479244 -10.42062 -11.10598 -11.63808 -12.04166 -12.23382 -12.32789 -12.35938 -12.26324 -12.16043 -11.9485 -11.69659 -11.36825 -10.93178 -10.44889 -10.05512 -9.776168 -9.535129 -9.259062 -8.969417 -8.662186 -8.258216 -7.745631 -7.10294 -6.356695 -5.483808 -4.552411 -3.329353 -2.017665 -.8505578 .07522083 .791914 1.404321 1.877582 2.197348
-1.522184 -1.390128 -1.150475 -.7607095 -.2347301 .3492107 .9093588 1.325298 1.535997 1.801127 1.998307 2.028748 2.01432 1.796775 1.382127 .9262548 .3608833 -.3567682 -1.282538 -2.403734 -3.735196 -5.188298 -6.606643 -7.845884 -8.917907 -9.928486 -10.8139 -11.47561 -12.05649 -12.47238 -12.66523 -12.702 -12.6153 -12.42692 -12.22967 -11.92626 -11.56013 -11.14394 -10.67556 -10.21654 -9.86542 -9.610464 -9.445159 -9.305806 -9.173245 -8.998622 -8.69978 -8.254579 -7.650064 -6.939981 -6.092682 -5.134253 -3.937848 -2.711917 -1.597242 -.6837536 .06368495 .7484183 1.309794 1.737915
-1.463126 -1.251982 -.9261562 -.4476292 .1641066 .7809435 1.358911 1.739058 1.909784 2.129019 2.237232 2.23285 2.103351 1.74026 1.245419 .68575 .00828443 -.922654 -2.013142 -3.192311 -4.487656 -5.836717 -7.131036 -8.192164 -9.126987 -10.06111 -10.89085 -11.6024 -12.25106 -12.71358 -12.94707 -12.98979 -12.8111 -12.53993 -12.23499 -11.84092 -11.39415 -10.89394 -10.38809 -9.891281 -9.577918 -9.39511 -9.310424 -9.28881 -9.315468 -9.316319 -9.12072 -8.718143 -8.13801 -7.443136 -6.606409 -5.638862 -4.478001 -3.2838 -2.2344 -1.357218 -.6450236 .02072535 .5859121 1.063399
-1.165385 -.8933786 -.511418 .03734139 .6488401 1.253094 1.831199 2.148172 2.290857 2.414025 2.4064 2.299968 2.034175 1.55324 .9573569 .2691839 -.5451196 -1.585415 -2.736035 -3.871886 -5.07761 -6.289534 -7.430894 -8.337379 -9.199256 -10.03943 -10.79843 -11.52024 -12.20701 -12.74315 -13.05524 -13.15673 -12.98222 -12.67582 -12.27519 -11.79656 -11.26846 -10.68226 -10.09003 -9.563627 -9.244055 -9.137316 -9.115923 -9.196064 -9.408491 -9.614429 -9.584426 -9.259314 -8.708907 -7.960971 -7.046374 -6.053713 -4.928356 -3.772671 -2.806969 -2.007736 -1.358714 -.7445982 -.1881623 .3488862
-.5392004 -.2825375 .07793528 .6093483 1.14322 1.701338 2.238344 2.459122 2.55116 2.556953 2.451626 2.198005 1.785908 1.216466 .4930394 -.3498208 -1.251671 -2.307241 -3.391583 -4.472552 -5.59612 -6.671637 -7.643641 -8.461435 -9.284003 -10.04702 -10.73236 -11.42975 -12.08766 -12.63403 -12.97033 -13.09763 -12.96735 -12.68007 -12.26587 -11.75663 -11.16174 -10.51143 -9.850356 -9.279599 -8.882504 -8.761404 -8.77603 -8.948261 -9.322999 -9.824724 -10.0663 -9.880126 -9.39248 -8.585878 -7.593771 -6.525401 -5.3873 -4.309038 -3.400946 -2.657884 -2.002473 -1.366696 -.7633623 -.1487451
.3711207 .5612755 .8634055 1.29484 1.692973 2.137325 2.53752 2.656132 2.633602 2.51124 2.279252 1.908633 1.339074 .6494273 -.1416892 -1.027727 -1.995376 -3.049656 -4.065148 -5.089933 -6.111006 -7.104304 -7.964458 -8.73573 -9.520578 -10.21558 -10.80599 -11.4291 -12.00622 -12.48633 -12.7951 -12.93579 -12.85398 -12.61532 -12.22245 -11.70529 -11.07562 -10.37979 -9.670204 -9.006531 -8.519822 -8.29769 -8.281875 -8.475193 -8.939189 -9.65138 -10.25625 -10.41193 -10.12681 -9.439095 -8.447095 -7.279841 -6.017274 -4.976989 -4.073107 -3.295603 -2.533751 -1.769885 -1.039664 -.3489656
1.70141E+38 1.70141E+38 1.70141E+38 1.70141E+38 1.70141E+38 1.70141E+38 1.70141E+38 1.70141E+38 1.70141E+38 1.70141E+38 1.70141E+38 1.70141E+38 1.70141E+38 1.70141E+38 1.70141E+38 1.70141E+38 1.70141E+38 1.70141E+38 1.70141E+38 1.70141E+38 1.70141E+38 1.70141E+38 1.70141E+38 1.70141E+38 1.70141E+38 1.70141E+38 1.70141E+38 1.70141E+38 1.70141E+38 1.70141E+38 1.70141E+38 1.70141E+38 1.70141E+38 1.70141E+38 1.70141E+38 1.70141E+38 1.70141E+38 1.70141E+38 1.70141E+38 1.70141E+38 1.70141E+38 1.70141E+38 1.70141E+38 1.70141E+38 1.70141E+38 1.70141E+38 1.70141E+38 1.70141E+38 1.70141E+38 1.70141E+38 1.70141E+38 1.70141E+38 1.70141E+38 1.70141E+38 1.70141E+38 1.70141E+38 1.70141E+38 1.70141E+38 1.70141E+38 1.70141E+38
1.70141E+38 1.70141E+38 1.70141E+38 1.70141E+38 1.70141E+38 1.70141E+38 1.70141E+38 1.70141E+38 1.70141E+38 1.70141E+38 1.70141E+38 1.70141E+38 1.70141E+38 1.70141E+38 1.70141E+38 1.70141E+38 1.70141E+38 1.70141E+38 1.70141E+38 1.70141E+38 1.70141E+38 1.70141E+38 1.70141E+38 1.70141E+38 1.70141E+38 1.70141E+38 1.70141E+38 1.70141E+38 1.70141E+38 1.70141E+38 1.70141E+38 1.70141E+38 1.70141E+38 1.70141E+38 1.70141E+38 1.70141E+38 1.70141E+38 1.70141E+38 1.70141E+38 1.70141E+38 1.70141E+38 1.70141E+38 1.70141E+38 1.70141E+38 1.70141E+38 1.70141E+38 1.70141E+38 1.70141E+38 1.70141E+38 1.70141E+38 1.70141E+38 1.70141E+38 1.70141E+38 1.70141E+38 1.70141E+38 1.70141E+38 1.70141E+38 1.70141E+38 1.70141E+38 1.70141E+38
1.70141E+38 1.70141E+38 1.70141E+38 1.70141E+38 1.70141E+38 1.70141E+38 1.70141E+38 1.70141E+38 1.70141E+38 1.70141E+38 1.70141E+38 1.70141E+38 1.70141E+38 1.70141E+38 1.70141E+38 1.70141E+38 1.70141E+38 1.70141E+38 1.70141E+38 1.70141E+38 1.70141E+38 1.70141E+38 1.70141E+38 1.70141E+38 1.70141E+38 1.70141E+38 1.70141E+38 1.70141E+38 1.70141E+38 1.70141E+38 1.70141E+38 1.70141E+38 1.70141E+38 1.70141E+38 1.70141E+38 1.70141E+38 1.70141E+38 1.70141E+38 1.70141E+38 1.70141E+38 1.70141E+38 1.70141E+38 1.70141E+38 1.70141E+38 1.70141E+38 1.70141E+38 1.70141E+38 1.70141E+38 1.70141E+38 1.70141E+38 1.70141E+38 1.70141E+38 1.70141E+38 1.70141E+38 1.70141E+38 1.70141E+38 1.70141E+38 1.70141E+38 1.70141E+38 1.70141E+38
1.70141E+38 1.70141E+38 1.70141E+38 1.70141E+38 1.70141E+38 1.70141E+38 1.70141E+38 1.70141E+38 1.70141E+38 1.70141E+38 1.70141E+38 1.70141E+38 1.70141E+38 1.70141E+38 1.70141E+38 1.70141E+38 1.70141E+38 1.70141E+38 1.70141E+38 1.70141E+38 1.70141E+38 1.70141E+38 1.70141E+38 1.70141E+38 1.70141E+38 1.70141E+38 1.70141E+38 1.70141E+38 1.70141E+38 1.70141E+38 1.70141E+38 1.70141E+38 1.70141E+38 1.70141E+38 1.70141E+38 1.70141E+38 1.70141E+38 1.70141E+38 1.70141E+38 1.70141E+38 1.70141E+38 1.70141E+38 1.70141E+38 1.70141E+38 1.70141E+38 1.70141E+38 1.70141E+38 1.70141E+38 1.70141E+38 1.70141E+38 1.70141E+38 1.70141E+38 1.70141E+38 1.70141E+38 1.70141E+38 1.70141E+38 1.70141E+38 1.70141E+38 1.70141E+38 1.70141E+38
