py_wake/examples/data/AJ_ParqueFicticio/Ridge area   Sector 1   Height 200m   Weibull-k.grd
DSAA
90  129
 262878   265103
 6504214   6507414
 .8417969   2.005859
[rows 54 to 80 of 129, columns 0 to 61 of 90]
1.884766 1.884766 1.888672 1.888672 1.888672 1.888672 1.892578 1.892578 1.892578 1.861328 1.814453 1.740234 1.646484 1.533203 1.462891 1.513672 1.712891 1.884766 1.896484 1.896484 1.896484 1.896484 1.896484 1.896484 1.896484 1.896484 1.896484 1.896484 1.896484 1.896484 1.896484 1.896484 1.896484 1.896484 1.896484 1.896484 1.896484 1.896484 1.896484 1.896484 1.896484 1.896484 1.896484 1.896484 1.896484 1.896484 1.896484 1.896484 1.896484 1.896484 1.896484 1.896484 1.896484 1.896484 1.876953 1.861328 1.845703 1.830078 1.818359 1.810547 1.810547 1.810547
1.884766 1.884766 1.888672 1.888672 1.888672 1.888672 1.888672 1.888672 1.892578 1.876953 1.845703 1.806641 1.755859 1.681641 1.626953 1.681641 1.873047 1.896484 1.896484 1.896484 1.896484 1.896484 1.896484 1.896484 1.896484 1.896484 1.896484 1.896484 1.896484 1.896484 1.896484 1.896484 1.896484 1.896484 1.896484 1.896484 1.896484 1.896484 1.896484 1.896484 1.896484 1.896484 1.896484 1.896484 1.896484 1.896484 1.896484 1.896484 1.896484 1.896484 1.896484 1.896484 1.896484 1.896484 1.873047 1.857422 1.841797 1.830078 1.822266 1.814453 1.810547 1.810547
1.884766 1.884766 1.888672 1.888672 1.884766 1.884766 1.884766 1.888672 1.888672 1.876953 1.857422 1.837891 1.818359 1.787109 1.755859 1.783203 1.896484 1.896484 1.896484 1.896484 1.896484 1.896484 1.896484 1.896484 1.896484 1.896484 1.896484 1.896484 1.896484 1.896484 1.896484 1.896484 1.896484 1.896484 1.896484 1.896484 1.896484 1.896484 1.896484 1.896484 1.896484 1.896484 1.896484 1.896484 1.896484 1.896484 1.896484 1.896484 1.896484 1.896484 1.896484 1.896484 1.896484 1.888672 1.869141 1.853516 1.841797 1.830078 1.822266 1.814453 1.810547 1.806641
1.884766 1.884766 1.888672 1.888672 1.884766 1.884766 1.884766 1.884766 1.884766 1.873047 1.857422 1.849609 1.841797 1.833984 1.826172 1.833984 1.880859 1.904297 1.904297 1.900391 1.896484 1.896484 1.892578 1.892578 1.892578 1.896484 1.896484 1.896484 1.896484 1.896484 1.896484 1.896484 1.896484 1.896484 1.896484 1.896484 1.896484 1.896484 1.896484 1.896484 1.896484 1.896484 1.896484 1.896484 1.896484 1.896484 1.896484 1.896484 1.896484 1.896484 1.896484 1.896484 1.896484 1.884766 1.865234 1.853516 1.841797 1.830078 1.822266 1.814453 1.810547 1.806641
1.884766 1.884766 1.888672 1.884766 1.884766 1.884766 1.884766 1.884766 1.876953 1.865234 1.853516 1.849609 1.845703 1.849609 1.849609 1.853516 1.869141 1.896484 1.900391 1.900391 1.896484 1.892578 1.892578 1.892578 1.892578 1.892578 1.892578 1.896484 1.896484 1.896484 1.896484 1.896484 1.896484 1.896484 1.896484 1.896484 1.896484 1.896484 1.896484 1.896484 1.896484 1.896484 1.896484 1.896484 1.896484 1.896484 1.896484 1.896484 1.896484 1.896484 1.896484 1.896484 1.896484 1.880859 1.865234 1.849609 1.837891 1.830078 1.822266 1.814453 1.810547 1.806641
1.884766 1.888672 1.888672 1.888672 1.884766 1.884766 1.884766 1.884766 1.869141 1.857422 1.849609 1.845703 1.845703 1.849609 1.853516 1.857422 1.865234 1.876953 1.888672 1.888672 1.888672 1.888672 1.888672 1.888672 1.888672 1.892578 1.892578 1.892578 1.896484 1.896484 1.896484 1.896484 1.896484 1.896484 1.896484 1.896484 1.896484 1.896484 1.896484 1.896484 1.896484 1.896484 1.896484 1.896484 1.896484 1.896484 1.896484 1.896484 1.896484 1.896484 1.896484 1.896484 1.896484 1.880859 1.861328 1.849609 1.841797 1.830078 1.822266 1.814453 1.810547 1.806641
1.888672 1.888672 1.888672 1.888672 1.888672 1.884766 1.884766 1.876953 1.861328 1.853516 1.845703 1.845703 1.845703 1.849609 1.853516 1.857422 1.861328 1.869141 1.876953 1.880859 1.884766 1.884766 1.884766 1.888672 1.888672 1.892578 1.892578 1.892578 1.896484 1.896484 1.896484 1.896484 1.896484 1.896484 1.896484 1.896484 1.896484 1.896484 1.896484 1.896484 1.896484 1.896484 1.896484 1.896484 1.896484 1.896484 1.896484 1.896484 1.896484 1.896484 1.896484 1.896484 1.896484 1.880859 1.861328 1.849609 1.841797 1.833984 1.826172 1.818359 1.810547 1.806641
1.888672 1.888672 1.888672 1.888672 1.888672 1.888672 1.880859 1.869141 1.857422 1.849609 1.841797 1.841797 1.841797 1.845703 1.853516 1.857422 1.861328 1.865234 1.869141 1.876953 1.880859 1.880859 1.884766 1.888672 1.888672 1.884766 1.884766 1.884766 1.884766 1.884766 1.884766 1.884766 1.888672 1.888672 1.892578 1.896484 1.896484 1.896484 1.896484 1.896484 1.896484 1.896484 1.896484 1.896484 1.896484 1.896484 1.896484 1.896484 1.896484 1.896484 1.896484 1.896484 1.896484 1.880859 1.865234 1.853516 1.841797 1.833984 1.830078 1.822266 1.810547 1.802734
1.888672 1.888672 1.888672 1.888672 1.888672 1.884766 1.869141 1.857422 1.849609 1.841797 1.837891 1.833984 1.837891 1.841797 1.849609 1.853516 1.857422 1.857422 1.865234 1.869141 1.873047 1.876953 1.876953 1.876953 1.876953 1.876953 1.876953 1.873047 1.873047 1.873047 1.873047 1.873047 1.873047 1.876953 1.876953 1.880859 1.884766 1.888672 1.896484 1.896484 1.896484 1.896484 1.896484 1.896484 1.896484 1.896484 1.896484 1.896484 1.896484 1.896484 1.896484 1.896484 1.896484 1.884766 1.869141 1.853516 1.845703 1.837891 1.830078 1.822266 1.814453 1.802734
1.884766 1.888672 1.892578 1.892578 1.884766 1.873047 1.865234 1.853516 1.845703 1.841797 1.833984 1.833984 1.833984 1.837891 1.841797 1.849609 1.849609 1.853516 1.857422 1.861328 1.865234 1.865234 1.869141 1.869141 1.869141 1.869141 1.869141 1.869141 1.865234 1.865234 1.865234 1.865234 1.865234 1.865234 1.869141 1.869141 1.873047 1.880859 1.888672 1.896484 1.896484 1.896484 1.896484 1.896484 1.896484 1.896484 1.896484 1.896484 1.896484 1.896484 1.896484 1.896484 1.896484 1.888672 1.873047 1.857422 1.849609 1.841797 1.833984 1.826172 1.814453 1.802734
1.869141 1.873047 1.880859 1.880859 1.876953 1.869141 1.861328 1.849609 1.841797 1.837891 1.833984 1.830078 1.830078 1.833984 1.837891 1.845703 1.845703 1.849609 1.849609 1.857422 1.857422 1.861328 1.861328 1.861328 1.865234 1.865234 1.861328 1.861328 1.861328 1.857422 1.857422 1.857422 1.857422 1.857422 1.861328 1.861328 1.865234 1.873047 1.880859 1.892578 1.896484 1.896484 1.896484 1.896484 1.896484 1.896484 1.896484 1.896484 1.896484 1.896484 1.896484 1.896484 1.896484 1.896484 1.876953 1.861328 1.853516 1.841797 1.837891 1.830078 1.818359 1.810547
1.861328 1.865234 1.873047 1.873047 1.873047 1.865234 1.857422 1.849609 1.841797 1.833984 1.830078 1.830078 1.826172 1.830078 1.837891 1.841797 1.845703 1.845703 1.845703 1.849609 1.853516 1.857422 1.857422 1.857422 1.861328 1.861328 1.857422 1.857422 1.857422 1.853516 1.853516 1.853516 1.853516 1.853516 1.857422 1.857422 1.861328 1.865234 1.876953 1.888672 1.896484 1.896484 1.896484 1.896484 1.896484 1.896484 1.896484 1.896484 1.896484 1.896484 1.896484 1.896484 1.896484 1.896484 1.880859 1.869141 1.857422 1.845703 1.841797 1.833984 1.826172 1.818359
1.853516 1.857422 1.865234 1.869141 1.869141 1.861328 1.857422 1.849609 1.841797 1.833984 1.830078 1.826172 1.826172 1.830078 1.833984 1.841797 1.841797 1.845703 1.845703 1.849609 1.849609 1.853516 1.853516 1.853516 1.857422 1.857422 1.857422 1.853516 1.853516 1.853516 1.853516 1.853516 1.853516 1.853516 1.853516 1.857422 1.861328 1.865234 1.876953 1.888672 1.896484 1.896484 1.896484 1.896484 1.896484 1.896484 1.896484 1.896484 1.896484 1.896484 1.896484 1.896484 1.896484 1.896484 1.888672 1.873047 1.861328 1.853516 1.845703 1.837891 1.830078 1.822266
1.853516 1.857422 1.861328 1.865234 1.865234 1.861328 1.857422 1.849609 1.841797 1.837891 1.833984 1.830078 1.830078 1.830078 1.833984 1.841797 1.845703 1.845703 1.845703 1.849609 1.849609 1.853516 1.853516 1.853516 1.853516 1.853516 1.853516 1.853516 1.853516 1.849609 1.849609 1.849609 1.853516 1.853516 1.857422 1.857422 1.861328 1.869141 1.880859 1.896484 1.896484 1.896484 1.896484 1.896484 1.896484 1.896484 1.896484 1.896484 1.896484 1.896484 1.896484 1.896484 1.896484 1.896484 1.892578 1.880859 1.865234 1.857422 1.849609 1.841797 1.833984 1.830078
1.849609 1.853516 1.857422 1.861328 1.865234 1.865234 1.861328 1.857422 1.849609 1.845703 1.837891 1.833984 1.833984 1.833984 1.837891 1.841797 1.845703 1.845703 1.845703 1.849609 1.853516 1.853516 1.853516 1.853516 1.857422 1.853516 1.853516 1.853516 1.849609 1.849609 1.853516 1.853516 1.853516 1.853516 1.857422 1.865234 1.869141 1.876953 1.888672 1.896484 1.896484 1.896484 1.896484 1.896484 1.896484 1.896484 1.896484 1.896484 1.896484 1.896484 1.896484 1.896484 1.896484 1.896484 1.896484 1.884766 1.873047 1.865234 1.857422 1.849609 1.841797 1.833984
1.849609 1.853516 1.857422 1.861328 1.865234 1.869141 1.873047 1.873047 1.869141 1.861328 1.853516 1.849609 1.841797 1.841797 1.841797 1.845703 1.849609 1.853516 1.853516 1.853516 1.857422 1.857422 1.857422 1.857422 1.857422 1.857422 1.853516 1.853516 1.853516 1.853516 1.853516 1.857422 1.861328 1.865234 1.869141 1.876953 1.888672 1.896484 1.896484 1.896484 1.896484 1.896484 1.896484 1.896484 1.896484 1.896484 1.896484 1.896484 1.896484 1.896484 1.896484 1.896484 1.896484 1.896484 1.896484 1.892578 1.880859 1.873047 1.865234 1.857422 1.849609 1.361328
1.853516 1.857422 1.861328 1.869141 1.876953 1.884766 1.892578 1.892578 1.888672 1.888672 1.888672 1.880859 1.865234 1.857422 1.857422 1.857422 1.861328 1.861328 1.861328 1.861328 1.865234 1.865234 1.865234 1.865234 1.861328 1.861328 1.861328 1.861328 1.861328 1.861328 1.865234 1.873047 1.880859 1.892578 1.896484 1.896484 1.896484 1.896484 1.896484 1.896484 1.896484 1.896484 1.896484 1.896484 1.896484 1.896484 1.896484 1.896484 1.896484 1.896484 1.896484 1.896484 1.896484 1.896484 1.896484 1.896484 1.892578 1.880859 1.873047 1.865234 1.853516 1.044922
1.857422 1.861328 1.873047 1.880859 1.896484 1.896484 1.892578 1.892578 1.888672 1.884766 1.884766 1.888672 1.888672 1.888672 1.888672 1.880859 1.876953 1.876953 1.876953 1.876953 1.876953 1.876953 1.876953 1.876953 1.873047 1.873047 1.873047 1.876953 1.876953 1.884766 1.896484 1.896484 1.896484 1.896484 1.896484 1.896484 1.896484 1.896484 1.896484 1.896484 1.896484 1.896484 1.896484 1.896484 1.896484 1.896484 1.896484 1.896484 1.896484 1.896484 1.896484 1.896484 1.896484 1.896484 1.896484 1.896484 1.896484 1.892578 1.880859 1.873047 1.248047 1.025391
1.861328 1.873047 1.888672 1.896484 1.896484 1.896484 1.892578 1.888672 1.884766 1.884766 1.884766 1.888672 1.888672 1.892578 1.892578 1.892578 1.892578 1.892578 1.896484 1.896484 1.896484 1.896484 1.896484 1.896484 1.896484 1.896484 1.896484 1.896484 1.896484 1.896484 1.896484 1.896484 1.896484 1.896484 1.896484 1.896484 1.896484 1.896484 1.896484 1.896484 1.896484 1.896484 1.896484 1.896484 1.896484 1.896484 1.896484 1.896484 1.896484 1.896484 1.896484 1.896484 1.896484 1.896484 1.896484 1.896484 1.896484 1.896484 1.892578 1.880859 1.873047 1.865234
1.876953 1.896484 1.896484 1.896484 1.896484 1.896484 1.892578 1.888672 1.884766 1.884766 1.884766 1.888672 1.892578 1.892578 1.892578 1.892578 1.892578 1.896484 1.896484 1.896484 1.896484 1.896484 1.896484 1.896484 1.896484 1.896484 1.896484 1.896484 1.896484 1.896484 1.896484 1.896484 1.896484 1.896484 1.896484 1.896484 1.896484 1.896484 1.896484 1.896484 1.896484 1.896484 1.896484 1.896484 1.896484 1.896484 1.896484 1.896484 1.896484 1.896484 1.896484 1.896484 1.896484 1.896484 1.896484 1.896484 1.896484 1.896484 1.896484 1.896484 1.884766 1.876953
1.896484 1.896484 1.896484 1.896484 1.896484 1.892578 1.888672 1.884766 1.880859 1.880859 1.884766 1.892578 1.896484 1.896484 1.896484 1.896484 1.892578 1.892578 1.892578 1.896484 1.896484 1.896484 1.896484 1.892578 1.888672 1.888672 1.884766 1.884766 1.892578 1.896484 1.896484 1.896484 1.896484 1.896484 1.896484 1.896484 1.896484 1.896484 1.896484 1.896484 1.896484 1.896484 1.896484 1.896484 1.896484 1.896484 1.896484 1.896484 1.896484 1.896484 1.896484 1.896484 1.896484 1.896484 1.896484 1.896484 1.896484 1.896484 1.896484 1.896484 1.896484 1.892578
1.896484 1.896484 1.896484 1.896484 1.896484 1.892578 1.888672 1.884766 1.880859 1.884766 1.884766 1.892578 1.904297 1.904297 1.900391 1.896484 1.896484 1.892578 1.892578 1.892578 1.892578 1.892578 1.888672 1.880859 1.876953 1.869141 1.857422 1.841797 1.826172 1.833984 1.845703 1.861328 1.876953 1.896484 1.896484 1.896484 1.896484 1.896484 1.896484 1.896484 1.896484 1.896484 1.896484 1.896484 1.896484 1.896484 1.896484 1.896484 1.896484 1.896484 1.896484 1.896484 1.896484 1.896484 1.896484 1.896484 1.896484 1.896484 1.896484 1.896484 1.896484 1.896484
1.896484 1.896484 1.896484 1.896484 1.892578 1.892578 1.888672 1.884766 1.884766 1.884766 1.888672 1.896484 1.904297 1.908203 1.904297 1.900391 1.896484 1.892578 1.888672 1.888672 1.888672 1.888672 1.884766 1.873047 1.865234 1.853516 1.837891 1.810547 1.775391 1.759766 1.767578 1.779297 1.810547 1.865234 1.896484 1.896484 1.896484 1.896484 1.896484 1.896484 1.896484 1.896484 1.896484 1.896484 1.896484 1.896484 1.896484 1.896484 1.896484 1.896484 1.896484 1.896484 1.896484 1.896484 1.896484 1.896484 1.896484 1.896484 1.896484 1.896484 1.896484 1.896484
1.896484 1.896484 1.896484 1.896484 1.892578 1.892578 1.892578 1.888672 1.888672 1.888672 1.888672 1.892578 1.900391 1.900391 1.900391 1.896484 1.892578 1.888672 1.884766 1.884766 1.884766 1.884766 1.880859 1.876953 1.865234 1.857422 1.841797 1.822266 1.794922 1.779297 1.779297 1.791016 1.822266 1.869141 1.896484 1.896484 1.896484 1.896484 1.896484 1.896484 1.896484 1.896484 1.896484 1.896484 1.896484 1.896484 1.896484 1.896484 1.896484 1.896484 1.896484 1.896484 1.896484 1.896484 1.896484 1.896484 1.896484 1.896484 1.896484 1.896484 1.896484 1.896484
1.896484 1.896484 1.896484 1.896484 1.892578 1.892578 1.892578 1.892578 1.892578 1.888672 1.888672 1.892578 1.892578 1.896484 1.896484 1.892578 1.888672 1.888672 1.884766 1.884766 1.884766 1.884766 1.884766 1.880859 1.876953 1.869141 1.861328 1.853516 1.845703 1.841797 1.845703 1.857422 1.876953 1.896484 1.896484 1.896484 1.896484 1.896484 1.896484 1.896484 1.896484 1.896484 1.896484 1.896484 1.896484 1.896484 1.896484 1.896484 1.896484 1.896484 1.896484 1.896484 1.896484 1.896484 1.896484 1.896484 1.896484 1.896484 1.896484 1.896484 1.896484 1.896484
1.896484 1.896484 1.896484 1.896484 1.896484 1.892578 1.892578 1.892578 1.892578 1.892578 1.892578 1.892578 1.892578 1.892578 1.892578 1.892578 1.888672 1.888672 1.884766 1.884766 1.884766 1.884766 1.884766 1.884766 1.884766 1.880859 1.880859 1.876953 1.880859 1.884766 1.896484 1.896484 1.896484 1.896484 1.896484 1.896484 1.896484 1.896484 1.896484 1.896484 1.896484 1.896484 1.896484 1.896484 1.896484 1.896484 1.896484 1.896484 1.896484 1.896484 1.896484 1.896484 1.896484 1.896484 1.896484 1.896484 1.896484 1.896484 1.896484 1.896484 1.896484 1.896484
1.896484 1.896484 1.896484 1.896484 1.896484 1.892578 1.892578 1.892578 1.892578 1.892578 1.892578 1.892578 1.892578 1.892578 1.892578 1.892578 1.888672 1.888672 1.888672 1.888672 1.888672 1.888672 1.888672 1.888672 1.888672 1.888672 1.888672 1.892578 1.896484 1.896484 1.896484 1.896484 1.896484 1.896484 1.896484 1.896484 1.896484 1.896484 1.896484 1.896484 1.896484 1.896484 1.896484 1.896484 1.896484 1.896484 1.896484 1.896484 1.896484 1.896484 1.896484 1.896484 1.896484 1.896484 1.896484 1.896484 1.896484 1.896484 1.896484 1.896484 1.896484 1.896484
