py_wake/examples/data/AJ_ParqueFicticio/Ridge area   Sector 3   Height 200m   Weibull-A.grd
DSAA
90  129
 262878   265103
 6504214   6507414
 .3814402   7.804301
[rows 54 to 80 of 129, columns 0 to 61 of 90]
3.872443 3.80478 3.700801 3.53859 3.358246 3.135454 2.91863 2.739995 2.583716 2.478979 2.461269 2.482171 2.464155 2.355608 2.188258 1.9997 1.840922 1.743838 1.675437 1.66658 1.74982 1.879749 2.041242 2.22081 2.404221 2.521819 2.586489 2.703331 2.792515 2.893383 3.080207 3.294851 3.534556 3.811811 4.069077 4.33363 4.618701 4.893722 5.163813 5.425776 5.677109 5.922909 6.137429 6.335635 6.525619 6.629091 6.650842 6.613148 6.531286 6.407877 6.249828 6.05854 5.883171 5.833545 5.747683 5.69275 5.694603 5.745667 5.834446 5.984639 6.188766 6.398367
3.916489 3.876796 3.799282 3.657879 3.46217 3.252807 3.05793 2.893043 2.760609 2.683918 2.683544 2.724676 2.71754 2.609574 2.444093 2.255242 2.084117 1.948141 1.857599 1.842524 1.911165 2.042178 2.198367 2.376087 2.569731 2.699531 2.827067 2.957033 3.090059 3.245173 3.422984 3.647626 3.868137 4.068373 4.26157 4.480318 4.752957 5.014361 5.260438 5.504201 5.748297 5.989118 6.201401 6.404953 6.573777 6.659367 6.685659 6.658538 6.58711 6.474503 6.329184 6.160789 6.001836 5.998577 5.970993 5.950726 5.978005 6.050645 6.145816 6.283844 6.451104 6.609404
3.960557 3.951532 3.899363 3.769104 3.569919 3.383717 3.194937 3.040517 2.92886 2.872366 2.890031 2.957751 2.983711 2.885625 2.727539 2.540925 2.365618 2.210041 2.086145 2.034496 2.09669 2.219836 2.363554 2.553002 2.752718 2.930175 3.095834 3.254454 3.408969 3.584531 3.78459 4.003296 4.20953 4.376515 4.544161 4.741124 4.956207 5.171945 5.378048 5.602277 5.840556 6.068914 6.276215 6.473278 6.610967 6.690046 6.720773 6.699346 6.635629 6.544473 6.412948 6.263424 6.122669 6.14867 6.156941 6.167297 6.218282 6.306947 6.409925 6.535807 6.673289 6.79728
4.012413 4.015951 3.979075 3.86204 3.69084 3.514767 3.340532 3.20972 3.116891 3.070684 3.083857 3.170902 3.233435 3.18737 3.046407 2.866196 2.675992 2.508291 2.356932 2.28352 2.336092 2.44755 2.573596 2.752502 2.968684 3.17699 3.368289 3.549684 3.717507 3.914537 4.124529 4.333802 4.520866 4.690819 4.865419 5.037957 5.207944 5.369533 5.539312 5.737399 5.959381 6.171646 6.368148 6.536818 6.647102 6.72436 6.756979 6.741011 6.684985 6.612566 6.503749 6.377914 6.255446 6.298812 6.343008 6.382081 6.44478 6.539178 6.642016 6.75373 6.862266 6.943893
4.037259 4.061388 4.033741 3.923516 3.78134 3.644212 3.500464 3.370163 3.282933 3.252878 3.283874 3.363109 3.435144 3.424423 3.321837 3.183915 3.023723 2.866574 2.69686 2.613327 2.646401 2.728496 2.837279 3.000839 3.215302 3.436484 3.643953 3.832133 4.020317 4.222346 4.429347 4.635421 4.819383 4.987829 5.147675 5.305461 5.452171 5.594471 5.75048 5.922242 6.107327 6.295173 6.466259 6.592909 6.689628 6.764614 6.79772 6.785985 6.739681 6.677131 6.589746 6.489086 6.389649 6.453028 6.530211 6.596555 6.668206 6.757656 6.84831 6.930431 6.993335 7.026395
4.058954 4.099115 4.093151 4.010205 3.89397 3.778793 3.656735 3.545598 3.465803 3.429727 3.457281 3.531295 3.604222 3.612312 3.54227 3.443635 3.324251 3.184541 3.048622 2.969525 2.982318 3.028721 3.127614 3.291574 3.494245 3.705457 3.910359 4.100234 4.289846 4.493582 4.700558 4.905621 5.094135 5.253804 5.402164 5.547149 5.677606 5.811064 5.95559 6.105667 6.262057 6.420982 6.548754 6.647816 6.743076 6.819952 6.848639 6.835068 6.796439 6.739584 6.663413 6.587845 6.515407 6.58867 6.695092 6.782909 6.861498 6.93956 7.002419 7.044189 7.058753 7.048015
4.09489 4.149494 4.168785 4.115211 4.031983 3.936918 3.836402 3.745483 3.669934 3.617944 3.630544 3.693853 3.763265 3.783446 3.752238 3.703736 3.624591 3.512548 3.394302 3.305431 3.321291 3.365963 3.442191 3.599605 3.793325 3.986572 4.179178 4.358774 4.542557 4.729499 4.93614 5.145306 5.336594 5.486835 5.624656 5.756913 5.873123 5.994076 6.122665 6.248484 6.386397 6.512705 6.608563 6.699087 6.804526 6.877587 6.889622 6.872126 6.841276 6.788054 6.723937 6.666613 6.621105 6.694985 6.825807 6.927602 7.00319 7.060893 7.09488 7.095112 7.064658 7.015033
4.156753 4.216028 4.246956 4.217488 4.169926 4.096302 4.018298 3.940616 3.867176 3.809171 3.805327 3.841969 3.906113 3.952734 3.961922 3.939134 3.892816 3.817498 3.73234 3.673366 3.67657 3.714488 3.779023 3.917806 4.101666 4.281549 4.45051 4.620761 4.805296 4.98793 5.176795 5.37145 5.529594 5.666115 5.797952 5.913067 6.018258 6.130754 6.239211 6.349461 6.469155 6.566782 6.648038 6.736207 6.846752 6.898026 6.890847 6.871901 6.852231 6.819877 6.774045 6.734399 6.706704 6.764628 6.906324 7.014148 7.07642 7.107421 7.11359 7.082847 7.010781 6.92392
4.232995 4.290785 4.332265 4.36091 4.334039 4.276456 4.204687 4.129821 4.058331 3.999921 3.984509 4.007232 4.042783 4.071737 4.104721 4.110708 4.109266 4.088187 4.064282 4.050971 4.046621 4.093441 4.158412 4.277808 4.434253 4.59782 4.745107 4.887178 5.050338 5.229322 5.402575 5.581531 5.72463 5.845902 5.951166 6.031971 6.123208 6.222318 6.313775 6.412548 6.512914 6.593255 6.670417 6.75816 6.858413 6.884927 6.870422 6.854915 6.8462 6.839741 6.822255 6.801657 6.777789 6.802119 6.940847 7.047773 7.095735 7.09878 7.074557 7.020816 6.907963 6.776623
4.313122 4.376816 4.463037 4.507262 4.477139 4.421997 4.357155 4.290214 4.222951 4.161719 4.118812 4.099848 4.111957 4.153883 4.219337 4.273629 4.299438 4.319147 4.335817 4.375628 4.414579 4.457756 4.531825 4.632629 4.777852 4.89898 5.002023 5.126804 5.28084 5.433816 5.596871 5.752628 5.88257 5.993531 6.084063 6.155318 6.219428 6.277196 6.356713 6.442535 6.52694 6.598754 6.672822 6.759253 6.842016 6.856901 6.846683 6.838533 6.841137 6.853317 6.864539 6.864062 6.841291 6.816627 6.944953 7.041817 7.084008 7.056677 7.00578 6.919393 6.777562 6.605904
4.390571 4.462256 4.543238 4.553286 4.507923 4.451282 4.392945 4.333411 4.273203 4.215958 4.171197 4.147651 4.152514 4.200802 4.286648 4.361862 4.393755 4.435088 4.507432 4.625926 4.689157 4.7221 4.782721 4.904976 5.036846 5.110714 5.192552 5.321836 5.45823 5.593624 5.745525 5.882038 5.999851 6.095801 6.171645 6.233763 6.283541 6.309844 6.364792 6.436569 6.51139 6.577524 6.645443 6.72564 6.800011 6.823021 6.824168 6.826855 6.840638 6.86587 6.898749 6.918267 6.896185 6.856399 6.927678 7.005814 7.046849 6.98968 6.916831 6.804751 6.637886 6.453942
4.407197 4.477387 4.543023 4.551065 4.507827 4.461499 4.411932 4.35146 4.28405 4.219757 4.163724 4.121136 4.10577 4.143138 4.227685 4.313708 4.384417 4.459373 4.560521 4.694297 4.783682 4.83901 4.917124 5.045964 5.152359 5.230484 5.319599 5.444844 5.56581 5.692245 5.828759 5.952197 6.052123 6.129673 6.192572 6.244438 6.275613 6.281295 6.323747 6.388189 6.457936 6.522289 6.588783 6.664784 6.740848 6.78572 6.808422 6.822997 6.847733 6.882687 6.929602 6.961476 6.939349 6.886247 6.889113 6.948599 6.980927 6.903691 6.816128 6.690134 6.51389 6.325358
4.384998 4.449344 4.489743 4.516853 4.477829 4.428428 4.375371 4.300884 4.210181 4.118562 4.037614 3.971298 3.940267 3.970748 4.061502 4.175363 4.264329 4.361197 4.474232 4.603275 4.720177 4.823081 4.927479 5.044384 5.156381 5.26184 5.373412 5.494373 5.609181 5.724976 5.850263 5.958545 6.038795 6.098852 6.149074 6.18621 6.194726 6.197219 6.241335 6.300987 6.367355 6.441506 6.516985 6.593727 6.674795 6.751283 6.801803 6.830896 6.863871 6.905448 6.958778 6.997792 6.969516 6.90367 6.843238 6.888885 6.898004 6.812882 6.712979 6.577143 6.397813 6.209071
4.331116 4.384646 4.414621 4.421212 4.411226 4.3682 4.304793 4.204885 4.073005 3.941848 3.83132 3.745075 3.709817 3.747078 3.847613 3.991522 4.101007 4.188387 4.296882 4.437146 4.583512 4.699978 4.819157 4.950863 5.077928 5.189691 5.31041 5.440062 5.547765 5.663475 5.792045 5.887224 5.947846 5.989872 6.03223 6.056158 6.06582 6.08572 6.127097 6.189206 6.264604 6.350155 6.44236 6.531783 6.624873 6.720163 6.797444 6.849005 6.890573 6.936723 6.99212 7.032453 6.997441 6.921654 6.850595 6.84557 6.816287 6.72514 6.607539 6.45963 6.277966 6.092642
4.233717 4.278914 4.302066 4.287845 4.244806 4.198301 4.111546 3.964682 3.780227 3.618711 3.496623 3.419092 3.40606 3.469831 3.580506 3.717427 3.862403 3.960938 4.065956 4.208592 4.373289 4.506985 4.633751 4.773939 4.907013 5.018623 5.133958 5.246519 5.354826 5.469461 5.584582 5.683017 5.736781 5.770487 5.814067 5.876994 5.909709 5.934521 5.982042 6.057878 6.153502 6.253576 6.365669 6.482453 6.589332 6.695834 6.795537 6.873373 6.929233 6.977322 7.031923 7.069764 7.026458 6.940065 6.857486 6.810523 6.718678 6.615945 6.474999 6.31879 6.138423 5.961613
4.10621 4.124718 4.129661 4.082154 4.017054 3.928059 3.792951 3.597118 3.378069 3.189498 3.092915 3.045062 3.061754 3.128749 3.237368 3.366947 3.505729 3.628278 3.759868 3.898291 4.047579 4.210268 4.351345 4.483855 4.612543 4.740052 4.840924 4.909613 4.997824 5.103992 5.200894 5.290748 5.373786 5.436971 5.502402 5.573576 5.636113 5.698256 5.787333 5.899324 6.026414 6.151696 6.286146 6.435114 6.567544 6.684248 6.801097 6.907266 6.980056 7.031168 7.07986 7.107504 7.049019 6.945883 6.844746 6.736453 6.561291 6.445468 6.288383 6.133688 5.96537 5.812271
3.925461 3.917094 3.925747 3.876136 3.768754 3.640369 3.478191 3.279983 3.071834 2.884702 2.743299 2.647329 2.661232 2.734012 2.846227 2.971098 3.082915 3.199643 3.340262 3.48889 3.627428 3.788142 3.952395 4.089085 4.217504 4.324285 4.40738 4.437138 4.490133 4.536573 4.638164 4.759571 4.854631 4.916973 4.990973 5.068876 5.157343 5.279901 5.45359 5.682137 5.877955 6.044895 6.214144 6.393062 6.566498 6.700026 6.829224 6.950994 7.041073 7.094813 7.130995 7.139426 7.058985 6.935877 6.813032 6.665199 6.41618 6.258308 6.094998 5.939708 5.788186 5.656827
3.685436 3.706594 3.71763 3.655355 3.514663 3.348379 3.166583 2.970151 2.767014 2.588325 2.461891 2.36331 2.303552 2.329958 2.437985 2.560328 2.644822 2.744466 2.861196 2.986627 3.128247 3.280047 3.425454 3.560637 3.682469 3.768443 3.808096 3.833782 3.8778 3.930236 4.010574 4.099537 4.17288 4.236525 4.31221 4.396559 4.520767 4.657955 4.869114 5.293061 5.69829 5.945099 6.154875 6.364353 6.573108 6.738339 6.878164 7.013752 7.113971 7.164954 7.181163 7.153988 7.045756 6.90485 6.761185 6.573381 6.3275 6.109119 5.899014 5.749354 5.61432 5.497804
3.463769 3.458426 3.448317 3.369484 3.201677 3.013661 2.828855 2.649754 2.470594 2.310417 2.190522 2.097896 2.039516 2.047807 2.11234 2.184911 2.248247 2.317834 2.396502 2.484032 2.595491 2.736198 2.859713 2.963372 3.070415 3.163161 3.231444 3.263214 3.287049 3.305222 3.349204 3.418661 3.472338 3.514196 3.547466 3.637789 3.842256 4.028272 4.25668 4.810184 5.476842 5.864982 6.127213 6.362432 6.599486 6.796883 6.94338 7.082253 7.174057 7.204848 7.186901 7.123102 7.000843 6.854958 6.692853 6.478559 6.247132 6.021468 5.809286 5.617403 5.447003 5.321002
3.186303 3.153374 3.109423 3.005381 2.838243 2.667392 2.505235 2.34942 2.200807 2.074225 1.973482 1.884822 1.822267 1.807363 1.833987 1.885353 1.925562 1.978817 2.02291 2.077657 2.154512 2.237597 2.31878 2.385046 2.444548 2.508489 2.571631 2.612621 2.645012 2.664288 2.703289 2.745803 2.824455 2.88949 2.90945 3.009401 3.254864 3.560163 3.976784 4.577653 5.332938 5.833952 6.144551 6.397171 6.654778 6.867388 7.012844 7.143239 7.215714 7.218391 7.171085 7.088153 6.962113 6.810292 6.623628 6.397076 6.17375 5.941391 5.730866 5.538472 5.370453 5.224519
2.882842 2.831531 2.760848 2.639842 2.489245 2.337944 2.192991 2.059874 1.950737 1.855942 1.760974 1.679457 1.621581 1.60659 1.620482 1.628718 1.658507 1.693223 1.715826 1.761762 1.822313 1.840582 1.836997 1.857554 1.874735 1.884015 1.884776 1.901563 1.918819 1.958724 2.015655 2.060103 2.186466 2.345988 2.448125 2.666358 2.96964 3.378768 3.900612 4.573212 5.358252 5.863598 6.192633 6.457922 6.727605 6.939867 7.078918 7.196068 7.247413 7.226887 7.161946 7.066418 6.932753 6.760072 6.547462 6.321012 6.09394 5.863587 5.65727 5.468064 5.301433 5.154406
2.632605 2.554085 2.454162 2.333237 2.189089 2.039298 1.900177 1.804316 1.769609 1.724733 1.657291 1.573477 1.482749 1.446195 1.480929 1.494236 1.475532 1.494857 1.543085 1.602774 1.650913 1.628101 1.55243 1.474612 1.448073 1.438115 1.386459 1.304487 1.243751 1.298793 1.377486 1.411825 1.554481 1.952599 2.282922 2.572619 2.928037 3.392408 3.952048 4.681882 5.467905 5.967382 6.282602 6.529037 6.805375 7.009805 7.141304 7.242401 7.271724 7.23303 7.154978 7.044553 6.887693 6.680417 6.453113 6.232848 6.000004 5.778121 5.582601 5.404265 5.239895 5.093975
2.44179 2.358187 2.248617 2.126088 1.987785 1.848123 1.727616 1.674227 1.695347 1.684527 1.647776 1.58442 1.504369 1.460725 1.492656 1.500079 1.465585 1.465109 1.521983 1.591696 1.611249 1.555085 1.448218 1.32327 1.244833 1.202428 1.120875 1.00702 .9012584 .9084034 .9911847 1.048952 1.295008 1.77441 2.223042 2.649477 3.122672 3.680555 4.272655 4.99981 5.678206 6.110262 6.408385 6.666758 6.928085 7.090884 7.221568 7.29441 7.293784 7.23377 7.137878 6.994825 6.794412 6.558097 6.32828 6.108174 5.881983 5.680132 5.504519 5.342496 5.184503 5.046144
2.277125 2.198559 2.100878 1.993784 1.879645 1.78404 1.722956 1.718856 1.750376 1.759791 1.749527 1.709585 1.688902 1.679288 1.675821 1.674444 1.644584 1.633182 1.643193 1.67549 1.681361 1.626686 1.527987 1.405895 1.298309 1.207385 1.103057 .9883064 .8978015 .8945504 .9512777 1.04101 1.286204 1.791732 2.336586 2.89599 3.504798 4.182993 4.838898 5.45655 5.941529 6.282747 6.556448 6.821805 7.080083 7.189747 7.299986 7.336701 7.318907 7.260308 7.104931 6.879005 6.639289 6.394633 6.163136 5.946234 5.743684 5.567802 5.412019 5.270777 5.128528 5.012347
2.146317 2.063424 1.983481 1.926492 1.863167 1.80905 1.786038 1.827519 1.876083 1.899571 1.921848 1.958154 1.967673 1.968925 1.965869 1.972668 1.968951 1.928335 1.896615 1.887671 1.879596 1.827752 1.747213 1.66099 1.558245 1.42262 1.28687 1.175516 1.112997 1.100027 1.133383 1.255832 1.554306 2.030455 2.682235 3.398676 4.125198 4.81361 5.397755 5.853493 6.189741 6.471181 6.733491 6.995866 7.214103 7.26999 7.336949 7.324785 7.286743 7.187608 6.955963 6.709039 6.4554 6.206778 5.976124 5.77109 5.596226 5.44583 5.312218 5.19471 5.078166 4.986594
2.095711 2.01312 1.955527 1.964827 1.952629 1.91859 1.919071 1.986801 2.051268 2.108121 2.177284 2.231715 2.269654 2.300964 2.335705 2.347217 2.337969 2.300239 2.265474 2.235723 2.200937 2.142716 2.083019 2.025458 1.93157 1.78528 1.641398 1.55334 1.495978 1.449621 1.472251 1.635419 1.94473 2.515069 3.308994 4.103339 4.789864 5.373441 5.828754 6.154837 6.424509 6.673353 6.930886 7.16375 7.294741 7.319759 7.323256 7.283266 7.231587 7.056582 6.8016 6.532078 6.263078 6.014329 5.791106 5.600871 5.445452 5.314162 5.205458 5.112201 5.018789 4.949774
2.165371 2.115703 2.105513 2.133527 2.139573 2.13862 2.170417 2.22478 2.299543 2.382179 2.465092 2.54721 2.625713 2.698566 2.738575 2.75718 2.750373 2.719853 2.699915 2.662252 2.625765 2.578472 2.534035 2.477822 2.3908 2.274708 2.156186 2.072317 2.007752 1.971648 2.023382 2.209266 2.549997 3.190876 4.009948 4.783955 5.392405 5.834185 6.166315 6.429272 6.662178 6.891618 7.132626 7.298319 7.340812 7.332762 7.278875 7.247006 7.168193 6.92611 6.657019 6.37123 6.089466 5.835327 5.611486 5.42816 5.288124 5.174922 5.082827 5.007411 4.935382 4.879749
