py_wake/examples/data/AJ_ParqueFicticio/Ridge area   Sector 10   Height 200m   Orographic speed.grd
DSAA
90  129
 262878   265103
 6504214   6507414
 .08324116   1.545591
[rows 54 to 80 of 129, columns 0 to 61 of 90]
1.128447 1.103627 1.068772 1.024656 .9765351 .9169564 .8418522 .762471 .6885082 .6435165 .640721 .6608302 .6807379 .6849403 .6817036 .679092 .6835218 .6963452 .709648 .72719 .7533354 .782189 .8117594 .8415573 .8690863 .8893343 .9073744 .929161 .9455771 .9636034 .9887751 1.01566 1.043713 1.071359 1.094636 1.11865 1.14803 1.180341 1.218481 1.264495 1.316713 1.373317 1.423554 1.46623 1.502592 1.515627 1.501527 1.464237 1.413741 1.357554 1.302299 1.224109 1.068996 .8329478 .5794553 .4164982 .3465471 .3299829 .3498552 .4050618 .4948598 .5947374
1.137465 1.118224 1.088668 1.048167 .9975299 .9408525 .8727285 .7954199 .7210419 .6735103 .6636569 .6772813 .68509 .6737388 .6570864 .644531 .642132 .648374 .6593079 .6766153 .7022946 .7323539 .7628042 .7948697 .8273494 .8544724 .8792005 .9029458 .9240756 .9473292 .9736174 1.003167 1.03137 1.055391 1.076521 1.099941 1.130233 1.162455 1.19857 1.243058 1.29617 1.353946 1.40529 1.45172 1.488443 1.50011 1.489817 1.457752 1.411424 1.356627 1.300797 1.232079 1.106058 .9078906 .6816778 .5073295 .4224785 .3957561 .4042813 .4458631 .5092234 .5726606
1.144121 1.131027 1.107458 1.070257 1.019952 .967905 .9066549 .8367238 .7681122 .7202812 .7074741 .7192817 .7232905 .6951857 .6610386 .6316959 .6158471 .6112023 .6144094 .627464 .6544031 .6860562 .7174973 .7532771 .7912953 .8253974 .8553469 .8823565 .9065296 .9331338 .9623539 .9934431 1.021597 1.04454 1.06655 1.091648 1.119986 1.150481 1.184117 1.227698 1.282309 1.339978 1.392216 1.4406 1.47421 1.485741 1.479627 1.45228 1.409677 1.360046 1.304456 1.242613 1.145659 .9895952 .7902279 .6133998 .5163521 .4767435 .4699627 .4906856 .5285678 .5709895
1.149373 1.141592 1.123109 1.089753 1.044689 .995554 .9440124 .8913036 .8386254 .7962966 .7758217 .7858431 .7914042 .765524 .7164384 .6655874 .6247913 .6009346 .5880749 .592637 .6186706 .6510704 .6828818 .7207516 .7633767 .8034473 .8380006 .8683565 .8953168 .9256355 .9575355 .9895874 1.017938 1.043087 1.06855 1.09462 1.121838 1.149181 1.181313 1.224025 1.278774 1.3354 1.387876 1.433767 1.462521 1.475628 1.473118 1.450546 1.412136 1.368012 1.316981 1.261341 1.189831 1.079875 .9290275 .7664079 .6483085 .5864493 .5582212 .5604172 .5791461 .5978051
1.1506 1.149046 1.135358 1.105509 1.065219 1.0214 .9783389 .9345222 .8932908 .8632874 .8510875 .8551363 .8586187 .8392146 .7944443 .7436011 .6935126 .6528729 .6170836 .6060567 .6226245 .6477341 .6761331 .7133728 .7567604 .7993231 .8365554 .8682182 .898819 .9313882 .9653335 .9993914 1.029876 1.057222 1.083614 1.111061 1.137586 1.165368 1.198816 1.240208 1.289739 1.342249 1.392037 1.42958 1.455924 1.470657 1.47073 1.452583 1.419592 1.379779 1.335051 1.286066 1.230461 1.160182 1.0643 .9473751 .830316 .7432098 .6902272 .6601456 .6441182 .6296263
1.149255 1.153357 1.145457 1.121541 1.085481 1.044857 1.006091 .9698961 .9372782 .9123122 .9021227 .9042749 .9070127 .894156 .8600385 .8185551 .7737218 .7281598 .6889222 .668215 .6720955 .684243 .7064227 .7414905 .781947 .8208603 .8565482 .8874968 .9175208 .9499757 .9850609 1.021082 1.054457 1.082451 1.109031 1.136635 1.162441 1.190788 1.224936 1.264065 1.307352 1.354413 1.394835 1.425269 1.452277 1.468688 1.469887 1.454999 1.427527 1.39156 1.349899 1.30764 1.262029 1.20991 1.147167 1.070195 .9847028 .897703 .8170487 .7514405 .6951436 .6503522
1.147673 1.15596 1.154023 1.136569 1.105143 1.068063 1.032641 1.001159 .9732903 .9497972 .939163 .940406 .9431325 .9352534 .9137542 .8870898 .8528232 .81182 .7722344 .7432406 .7416525 .7475643 .760035 .7895586 .8247613 .8573825 .8880377 .9152384 .9437883 .9739096 1.007443 1.044656 1.080439 1.108109 1.134191 1.161307 1.18562 1.213307 1.246578 1.281003 1.321223 1.361718 1.39297 1.420707 1.449846 1.467793 1.46737 1.45474 1.434216 1.401987 1.361952 1.322069 1.282822 1.23898 1.189279 1.131922 1.064841 .9885285 .8995729 .8033665 .7146478 .6459399
1.147336 1.158076 1.160534 1.148862 1.121941 1.088898 1.057212 1.028332 1.002667 .9806591 .9687412 .9655356 .9678251 .9668633 .9570611 .9396535 .915502 .8842666 .8515194 .8264902 .8177194 .8175823 .8234211 .8451068 .8742343 .900708 .9238502 .9469491 .9737899 1.001549 1.032825 1.068306 1.10231 1.128591 1.154982 1.179298 1.20192 1.229898 1.259894 1.291679 1.329584 1.363676 1.390501 1.41786 1.448839 1.464915 1.460257 1.448705 1.43477 1.411484 1.375153 1.335785 1.298151 1.258423 1.212466 1.15902 1.093796 1.016684 .9221931 .8093194 .6938309 .6030287
1.147423 1.159368 1.165538 1.158917 1.136598 1.107677 1.078261 1.05054 1.025939 1.005121 .9928648 .9888411 .9885541 .9870431 .984094 .9733608 .9591797 .9404058 .9214987 .9054981 .8926978 .8908477 .893939 .9087162 .9294364 .9500301 .9672449 .9838793 1.005712 1.032099 1.059408 1.091543 1.119867 1.145946 1.170954 1.191908 1.214792 1.241168 1.267862 1.298537 1.333389 1.363408 1.39019 1.418893 1.449434 1.461121 1.454072 1.44318 1.432145 1.417609 1.390776 1.354017 1.314271 1.274187 1.229896 1.175331 1.10443 1.016029 .9081676 .7768214 .638113 .5270075
1.145732 1.159694 1.170918 1.167316 1.148181 1.123029 1.096733 1.071239 1.047981 1.027815 1.012577 1.002753 .9994081 1.000424 1.003735 1.001689 .9931234 .9829805 .9725863 .9658833 .9594992 .9551269 .9588977 .9686854 .9857175 .9979541 1.006768 1.01976 1.039808 1.060845 1.086019 1.113299 1.136877 1.161585 1.184015 1.202468 1.223699 1.247385 1.272287 1.301659 1.33386 1.362217 1.389576 1.420086 1.450384 1.459035 1.451955 1.441582 1.431422 1.420621 1.403792 1.373411 1.332235 1.289708 1.246316 1.191069 1.113695 1.008461 .8775534 .7214386 .5623316 .4413505
1.141229 1.157537 1.172859 1.17038 1.152564 1.129454 1.104846 1.080379 1.057683 1.037899 1.022193 1.011488 1.007174 1.009709 1.017393 1.020658 1.013802 1.007009 1.004711 1.010543 1.008616 1.002535 1.002893 1.015435 1.030403 1.034303 1.038851 1.052379 1.068893 1.085964 1.109027 1.131768 1.152231 1.174346 1.193909 1.210725 1.229396 1.249617 1.271712 1.299044 1.33041 1.358572 1.385578 1.415916 1.447166 1.458511 1.453093 1.442926 1.432593 1.422337 1.410529 1.388392 1.347939 1.302416 1.258532 1.205173 1.121755 .9972174 .8371177 .6546825 .4785676 .3542581
1.133847 1.151033 1.168681 1.169586 1.154444 1.134224 1.111717 1.087655 1.064191 1.043816 1.026999 1.014103 1.0073 1.00936 1.018845 1.025414 1.024429 1.022358 1.024016 1.032708 1.034169 1.030912 1.032936 1.045832 1.056361 1.060235 1.065504 1.078007 1.09096 1.105992 1.125922 1.145084 1.162609 1.180865 1.197949 1.213254 1.228177 1.243659 1.263038 1.289171 1.320523 1.350033 1.37739 1.40671 1.438336 1.456536 1.455819 1.446011 1.434739 1.423779 1.412875 1.39558 1.357621 1.309577 1.263619 1.21271 1.122866 .9775894 .7884968 .5811358 .3919789 .2697006
1.126014 1.142814 1.159282 1.165921 1.154624 1.136443 1.115332 1.090787 1.065044 1.041817 1.022271 1.00647 .9972604 .9988248 1.010694 1.023208 1.02597 1.027289 1.030765 1.038921 1.043565 1.046134 1.05083 1.060756 1.070464 1.077666 1.085833 1.097005 1.108177 1.121137 1.138499 1.15484 1.168852 1.182857 1.19767 1.210948 1.220966 1.230981 1.247835 1.273067 1.303262 1.336004 1.3665 1.395587 1.425236 1.450502 1.45778 1.449968 1.437384 1.424898 1.412675 1.396419 1.359081 1.309334 1.261393 1.21203 1.116705 .94999 .7280325 .4934126 .2970162 .1912868
1.118801 1.134336 1.147989 1.155622 1.151144 1.136993 1.117253 1.091738 1.062623 1.035438 1.012589 .9938269 .9828327 .9849835 .9985735 1.018213 1.025759 1.027312 1.030759 1.040365 1.049062 1.052939 1.058563 1.06891 1.079434 1.086905 1.09563 1.107383 1.116587 1.128294 1.146292 1.161549 1.171158 1.180249 1.193367 1.205036 1.21019 1.215331 1.228927 1.25276 1.283059 1.317722 1.353065 1.384221 1.413031 1.440756 1.4562 1.453843 1.440721 1.425898 1.411389 1.393914 1.355477 1.304174 1.25461 1.206203 1.104586 .9138353 .654918 .3950854 .202503 .1402209
1.111576 1.126433 1.138289 1.143609 1.139541 1.129516 1.112131 1.085201 1.052356 1.021229 .9955564 .9754048 .9644923 .968729 .9833403 1.004364 1.020132 1.024806 1.028547 1.038367 1.050589 1.056629 1.062526 1.073095 1.084248 1.091586 1.099478 1.108957 1.117166 1.128753 1.145474 1.160876 1.168222 1.172818 1.182508 1.192351 1.195485 1.197549 1.207616 1.229849 1.261973 1.297649 1.337124 1.374696 1.4042 1.430389 1.450828 1.456261 1.445158 1.427618 1.410161 1.390213 1.349773 1.296292 1.244456 1.193796 1.074232 .8471272 .5599293 .297769 .1265395 .1249796
1.105757 1.118731 1.129588 1.131763 1.124965 1.113516 1.095645 1.068432 1.03582 1.00467 .9782955 .9578516 .9471716 .9500026 .9638367 .9846537 1.00394 1.014624 1.023271 1.033146 1.044929 1.055437 1.063007 1.072091 1.082623 1.092322 1.099422 1.10417 1.111754 1.123377 1.136807 1.150753 1.158234 1.160287 1.164046 1.169555 1.1721 1.174277 1.184518 1.2064 1.239944 1.277625 1.319644 1.365711 1.399456 1.423547 1.444253 1.456411 1.450242 1.430977 1.410143 1.386944 1.34402 1.287517 1.231902 1.170804 1.01378 .7404482 .4438163 .2057985 .0901643 .1225567
1.098729 1.110524 1.120359 1.119529 1.108521 1.093964 1.074605 1.048271 1.017622 .9877679 .9625972 .942791 .9305601 .931689 .944976 .9649029 .9834077 .996738 1.010167 1.023569 1.035047 1.047472 1.05829 1.067222 1.077337 1.086025 1.092953 1.095363 1.101532 1.109627 1.121562 1.133659 1.140607 1.141488 1.142335 1.143178 1.142585 1.143577 1.154587 1.183394 1.219498 1.259077 1.304713 1.356102 1.399566 1.422596 1.440759 1.454976 1.454177 1.43583 1.411643 1.384816 1.33991 1.281073 1.221396 1.141403 .9445217 .6461938 .3563618 .1444955 .08324116 .1189744
1.08862 1.099731 1.108968 1.106847 1.092073 1.073332 1.052308 1.027362 .998728 .97032 .9472962 .9276312 .9135211 .9159995 .9296265 .9486956 .9643545 .978976 .9938992 1.00877 1.023476 1.037674 1.048749 1.05797 1.067756 1.074834 1.079123 1.080602 1.08451 1.090772 1.100862 1.111694 1.118777 1.121084 1.121807 1.121056 1.119919 1.115973 1.120124 1.154515 1.203142 1.245854 1.2934 1.348153 1.400913 1.427261 1.441858 1.453925 1.45561 1.439066 1.412054 1.380618 1.334339 1.27591 1.212694 1.112869 .89734 .5947914 .3146496 .1310286 .08903649 .1140479
1.076356 1.084533 1.092375 1.089543 1.071827 1.050024 1.028212 1.005402 .9801838 .9548776 .9332926 .9149064 .9013584 .9020501 .9154221 .9322997 .9473553 .9624526 .9776505 .992814 1.008895 1.025583 1.037324 1.044998 1.052872 1.058852 1.062285 1.062473 1.064185 1.068109 1.076351 1.087319 1.09589 1.10031 1.100724 1.101508 1.105447 1.10267 1.101503 1.132518 1.190029 1.239808 1.289534 1.346093 1.40369 1.435829 1.446902 1.455157 1.454618 1.437203 1.406323 1.370104 1.324031 1.269147 1.202467 1.090731 .8739735 .5724749 .3005912 .1382858 .103617 .1141671
1.058487 1.064401 1.069486 1.065271 1.047082 1.025983 1.00568 .9856151 .9646485 .9441257 .9260452 .9096697 .8964726 .8943161 .9030483 .9175692 .9307579 .9467335 .96148 .9775689 .9951183 1.010406 1.021831 1.028965 1.034484 1.038684 1.041249 1.040765 1.041179 1.043558 1.050358 1.059501 1.071915 1.081496 1.08383 1.087723 1.095879 1.098447 1.103566 1.130666 1.188342 1.24237 1.294884 1.351543 1.410728 1.446215 1.453458 1.456904 1.451107 1.429463 1.394916 1.356701 1.312134 1.259539 1.187066 1.065201 .84837 .5584146 .3026961 .1600521 .1299838 .1266164
1.035706 1.04071 1.043398 1.037209 1.020841 1.001663 .9831192 .9662598 .9517839 .9365898 .9197273 .9041975 .892707 .8916019 .8989001 .9068939 .9185484 .9335589 .9482924 .9676825 .9881523 1.000251 1.006785 1.0133 1.018587 1.02097 1.019554 1.016636 1.014103 1.015999 1.021764 1.027691 1.043594 1.061664 1.070651 1.078937 1.08971 1.099611 1.112286 1.141123 1.196379 1.251311 1.306808 1.363372 1.421481 1.456046 1.45886 1.456889 1.444398 1.417097 1.380467 1.342127 1.298987 1.242488 1.156303 1.018942 .8004459 .5409016 .3178309 .2024008 .1668481 .1528891
1.013788 1.017127 1.016712 1.010277 .99551 .9768341 .9590585 .9478202 .9454047 .9383082 .9260078 .9105683 .8942804 .889523 .8999547 .9081687 .9121855 .9245886 .9435146 .9666308 .988488 .9987983 1.000756 1.001177 1.006578 1.011508 1.008199 .9985487 .9889253 .9918044 .9973009 .9979475 1.012581 1.040132 1.059937 1.075583 1.0919 1.108232 1.125505 1.1584 1.213325 1.26884 1.324523 1.378564 1.433621 1.464035 1.462223 1.454623 1.434936 1.401801 1.363515 1.325225 1.279034 1.205766 1.095088 .9382066 .7248579 .5072014 .3439614 .2533323 .2100241 .1880996
.9940352 .9970986 .9948874 .9886541 .9754843 .9584615 .9431615 .9384151 .9455768 .9442449 .9369316 .9247663 .9104699 .9042719 .9125749 .9187468 .9195958 .928119 .9476001 .9717744 .9908568 .9989715 .9999363 .9985759 1.002246 1.007525 1.004014 .993747 .9818602 .9819343 .9868905 .9864926 .9984517 1.029056 1.056196 1.079542 1.102161 1.124705 1.147658 1.186056 1.239818 1.294613 1.348066 1.397452 1.44712 1.47013 1.463891 1.450482 1.423528 1.385268 1.344998 1.302011 1.238028 1.132058 .985606 .8086197 .6201996 .4628537 .3694031 .2973611 .2530264 .2276937
.9729794 .9757597 .9739746 .9695489 .9591982 .9473576 .9398885 .9430123 .9519722 .9538792 .9509569 .9428335 .9361137 .9335339 .9353266 .938714 .9398866 .9459098 .958247 .9761727 .9920029 .9998806 1.00278 1.00393 1.006602 1.00863 1.004994 .9974054 .989722 .9891512 .9908031 .9921968 1.005426 1.031893 1.060999 1.088281 1.115881 1.145159 1.178126 1.221989 1.273613 1.327066 1.375589 1.419338 1.460876 1.473755 1.463683 1.444582 1.41157 1.369743 1.322369 1.259453 1.157196 1.002774 .818988 .6442159 .5028648 .4367159 .3748358 .3254208 .288944 .2666389
.9521894 .9522083 .9510332 .952592 .9476528 .940195 .9377822 .9475595 .9581555 .9622138 .9641873 .9653608 .9626305 .9604289 .9603986 .9625856 .965087 .9665422 .9724444 .9834111 .9952207 1.002038 1.00648 1.011307 1.014843 1.013622 1.009107 1.004597 1.00152 .9999302 .9991894 1.002735 1.016577 1.040499 1.071315 1.101845 1.133721 1.16964 1.212273 1.259362 1.309172 1.359071 1.401711 1.440977 1.472242 1.474575 1.461228 1.437071 1.400196 1.354325 1.289346 1.18522 1.024774 .826201 .6382809 .5015039 .4469381 .4035527 .3705076 .341947 .3173582 .3012194
.9367707 .9346732 .9345352 .9432467 .944197 .9391847 .9400506 .9525267 .9644269 .9729021 .9808839 .9850582 .9860652 .9864159 .9873303 .987253 .9867914 .9864047 .9898836 .9960839 1.002723 1.007161 1.012207 1.018423 1.021787 1.019952 1.016133 1.014805 1.013452 1.010362 1.009544 1.015289 1.026966 1.05199 1.08606 1.120175 1.15579 1.197836 1.246594 1.294723 1.343218 1.387212 1.425372 1.459359 1.478662 1.473136 1.456743 1.428984 1.3905 1.336334 1.246757 1.088919 .8695422 .6567878 .499457 .4363003 .3941213 .3757306 .3637796 .3509749 .337276 .3288946
.930878 .9321598 .937412 .9468481 .9496678 .9496272 .9548986 .964471 .9766207 .9880087 .9980695 1.006448 1.011887 1.015117 1.013446 1.010759 1.008355 1.006342 1.00881 1.01204 1.015221 1.017868 1.021886 1.026499 1.029363 1.029631 1.028212 1.027869 1.027026 1.025236 1.026129 1.032063 1.04386 1.070195 1.105172 1.14197 1.181262 1.227692 1.279188 1.327875 1.37263 1.411937 1.447211 1.472666 1.479626 1.470031 1.450936 1.421595 1.381484 1.319147 1.20443 1.000814 .7451438 .532418 .4363566 .3762594 .36079 .3577859 .354304 .3511723 .3469245 .3451958
