py_wake/examples/data/AJ_ParqueFicticio/Ridge area   Sector 4   Height 200m   Weibull-A.grd
DSAA
90  129
 262878   265103
 6504214   6507414
 .4437379   10.92024
[rows 81 to 107 of 129, columns 0 to 61 of 90]
3.722947 3.759884 3.812089 3.851798 3.885098 3.927188 3.977794 4.03626 4.118716 4.200628 4.28881 4.389183 4.447454 4.43592 4.361144 4.279334 4.212956 4.136085 4.081448 4.031507 3.944306 3.895473 3.851713 3.820549 3.784887 3.754665 3.754211 3.790928 3.88177 4.015106 4.21655 4.542286 5.079809 5.802772 6.600464 7.358591 7.98661 8.498975 8.91847 9.276129 9.593964 9.924548 10.21626 10.43057 10.5909 10.71679 10.77859 10.77221 10.61916 10.25393 9.864739 9.426145 9.004332 8.631828 8.328841 8.104676 7.948596 7.818764 7.708142 7.612862 7.499384 7.410656
3.962915 4.05763 4.150899 4.225946 4.29567 4.359265 4.430134 4.491753 4.538594 4.600857 4.705589 4.82123 4.9039 4.914179 4.847656 4.759208 4.655036 4.597574 4.605951 4.626249 4.544149 4.434412 4.336072 4.315607 4.348538 4.410377 4.498405 4.627503 4.820201 5.01514 5.257785 5.571112 6.0275 6.633907 7.24937 7.803491 8.288721 8.715215 9.095788 9.410657 9.704235 10.03181 10.28249 10.43866 10.58245 10.69285 10.73431 10.72169 10.51937 10.15648 9.771896 9.314097 8.872713 8.473067 8.145786 7.901194 7.735777 7.607911 7.519225 7.461227 7.385066 7.301126
4.207314 4.344834 4.481249 4.590191 4.663654 4.745715 4.814883 4.835042 4.85872 4.939645 5.03551 5.117001 5.23518 5.303878 5.209021 5.071567 4.963048 4.928816 4.991682 5.083856 4.960799 4.814092 4.705824 4.702631 4.815457 4.980517 5.156359 5.375427 5.672681 5.919777 6.155847 6.435016 6.809864 7.284411 7.743914 8.143138 8.531947 8.898643 9.244168 9.510208 9.782744 10.08167 10.29901 10.42694 10.55561 10.6472 10.67645 10.64592 10.41468 10.08052 9.707928 9.250447 8.803473 8.390534 8.040376 7.764526 7.582438 7.448494 7.366592 7.315782 7.252817 7.198056
4.394519 4.558784 4.710772 4.823703 4.906879 4.980943 5.020324 5.031257 5.06665 5.150521 5.217874 5.265285 5.329903 5.357923 5.285298 5.178196 5.094647 5.067584 5.103429 5.152411 5.072445 4.96193 4.887476 4.899933 5.030624 5.277521 5.585283 5.9032 6.278495 6.573569 6.837011 7.143169 7.468649 7.802999 8.137037 8.441651 8.739564 9.066356 9.361995 9.585873 9.826317 10.08671 10.27936 10.3908 10.50389 10.58394 10.60028 10.53552 10.30093 10.01092 9.65691 9.229706 8.803606 8.383973 8.011186 7.705465 7.510062 7.36717 7.272229 7.197253 7.130479 7.090929
4.513349 4.689981 4.840459 4.963578 5.075406 5.127638 5.137184 5.152398 5.20131 5.265079 5.288429 5.271884 5.238434 5.200191 5.14782 5.087719 5.032222 5.00464 4.996503 4.991632 4.946056 4.878264 4.836802 4.877928 5.03563 5.338926 5.773556 6.210348 6.666683 7.016671 7.36682 7.700443 7.972948 8.211498 8.459733 8.700727 8.937618 9.227785 9.468011 9.652308 9.848382 10.05352 10.22115 10.33054 10.4283 10.49717 10.48825 10.39624 10.18935 9.940047 9.604821 9.214411 8.814694 8.400253 8.015649 7.689415 7.493847 7.343637 7.224656 7.116885 7.032 6.980332
4.582432 4.752056 4.897544 5.031773 5.150362 5.183491 5.169931 5.159275 5.184708 5.224992 5.198246 5.118885 5.028312 4.952778 4.876695 4.829715 4.818854 4.799923 4.774705 4.751258 4.698483 4.651953 4.643645 4.745168 4.953249 5.328109 5.854435 6.388621 6.907231 7.32256 7.712352 8.06284 8.312177 8.517363 8.71596 8.896258 9.118984 9.375428 9.568884 9.715737 9.855978 9.991161 10.10911 10.20385 10.29357 10.34594 10.32474 10.23922 10.07896 9.858034 9.53768 9.18207 8.806087 8.41518 8.037246 7.704579 7.50712 7.345825 7.204715 7.071258 6.971076 6.895027
4.575339 4.73348 4.867149 4.992038 5.087756 5.095851 5.059744 5.018221 4.994572 4.980794 4.923415 4.83213 4.730803 4.635324 4.530206 4.461019 4.449118 4.462925 4.471651 4.445512 4.399107 4.361438 4.401145 4.587757 4.875001 5.325389 5.925629 6.515033 7.057379 7.516933 7.916407 8.254345 8.520091 8.736271 8.899946 9.059388 9.278826 9.507384 9.665835 9.77125 9.843392 9.910043 9.978124 10.04191 10.11563 10.15615 10.1392 10.07043 9.949452 9.751977 9.449791 9.149145 8.823977 8.472661 8.11475 7.786186 7.580408 7.414055 7.245709 7.081599 6.983536 6.89765
4.473455 4.611453 4.732721 4.830823 4.877744 4.862863 4.813835 4.748955 4.683255 4.605028 4.513919 4.412378 4.309464 4.207594 4.094884 4.013341 3.970308 4.002479 4.060711 4.070143 4.057973 4.082256 4.171216 4.447816 4.89293 5.393381 6.006629 6.606658 7.160587 7.630632 8.031164 8.372688 8.66417 8.879735 9.031286 9.191903 9.407997 9.617004 9.75075 9.806003 9.804831 9.817163 9.844266 9.878001 9.926604 9.950422 9.932693 9.875302 9.77973 9.611106 9.361477 9.117753 8.840401 8.539087 8.209224 7.897283 7.687426 7.529437 7.365557 7.186425 7.064307 6.957981
4.291748 4.404556 4.511442 4.579755 4.56807 4.510654 4.440269 4.35608 4.256851 4.144198 4.024036 3.903174 3.778961 3.668834 3.577391 3.503449 3.450992 3.503495 3.56764 3.62598 3.671414 3.772828 3.939305 4.380793 4.918673 5.481523 6.083418 6.684951 7.248907 7.712248 8.113972 8.469872 8.783728 8.988845 9.133509 9.299758 9.512148 9.705936 9.814919 9.820806 9.755641 9.710926 9.693 9.686667 9.691698 9.690985 9.684193 9.649465 9.58882 9.450841 9.267581 9.078938 8.851828 8.594322 8.295886 8.012107 7.808933 7.668054 7.524959 7.345471 7.204144 7.089342
4.030663 4.1096 4.207641 4.245358 4.177422 4.076488 3.970364 3.870415 3.757058 3.637106 3.506061 3.365707 3.215987 3.089769 3.018842 2.981425 2.957009 2.989045 3.06377 3.130244 3.229429 3.414077 3.792131 4.312844 4.953067 5.588923 6.210945 6.813751 7.35681 7.799614 8.194268 8.557378 8.882498 9.078475 9.218434 9.382856 9.585245 9.762607 9.846329 9.816982 9.671863 9.557613 9.514361 9.483478 9.459692 9.427291 9.422873 9.413804 9.382998 9.280192 9.151715 9.024449 8.842923 8.608622 8.337609 8.092989 7.91987 7.799266 7.684081 7.516205 7.369777 7.247915
3.667353 3.715261 3.773544 3.780582 3.691866 3.570584 3.453619 3.350857 3.237244 3.119369 3.000145 2.866343 2.71935 2.592991 2.533587 2.535661 2.541576 2.578211 2.667438 2.760903 2.912988 3.416531 3.866193 4.489404 5.210611 5.853478 6.447876 7.019861 7.501112 7.897979 8.271924 8.613328 8.918973 9.110322 9.251163 9.410869 9.590302 9.744861 9.814373 9.742759 9.572005 9.43571 9.359776 9.284385 9.203407 9.157878 9.159184 9.166895 9.158325 9.109627 9.020267 8.938622 8.786324 8.558387 8.307299 8.106868 7.978115 7.887492 7.797187 7.662592 7.540409 7.426659
3.210828 3.241822 3.256999 3.218079 3.133092 3.021206 2.903573 2.800863 2.703725 2.612303 2.515535 2.406754 2.302757 2.221418 2.201371 2.221389 2.247635 2.337287 2.494499 2.661636 3.164637 3.815144 4.415256 5.091552 5.752856 6.311398 6.802073 7.275313 7.678459 8.017229 8.355757 8.649799 8.909422 9.093038 9.243116 9.407492 9.562722 9.683953 9.730157 9.645109 9.47233 9.306212 9.180021 9.05918 8.933394 8.887876 8.897329 8.926076 8.944837 8.934091 8.871806 8.806753 8.669678 8.448917 8.219506 8.058779 7.970637 7.906539 7.843569 7.765684 7.689452 7.605985
2.735273 2.748082 2.744553 2.701242 2.608377 2.496148 2.381508 2.290263 2.210095 2.149222 2.089126 2.02599 1.971203 1.938335 1.971742 2.037947 2.116285 2.297744 2.571875 3.108291 3.821388 4.539339 5.233275 5.855644 6.368028 6.810478 7.199537 7.561213 7.864901 8.153378 8.4526 8.701221 8.913108 9.070439 9.214439 9.375169 9.504293 9.601102 9.625845 9.531081 9.342619 9.148028 8.97096 8.813545 8.676011 8.619615 8.631002 8.68461 8.727903 8.745047 8.716225 8.64723 8.518876 8.303729 8.098316 7.965183 7.903365 7.869463 7.846464 7.831434 7.80708 7.763811
2.317782 2.316724 2.319591 2.281618 2.196371 2.077001 1.946832 1.860324 1.815996 1.77594 1.744386 1.735435 1.731091 1.763629 1.880504 2.036188 2.253449 2.587044 3.160307 3.860114 4.611475 5.353372 5.969883 6.449172 6.853848 7.195863 7.515474 7.805568 8.036475 8.282777 8.538555 8.750217 8.917243 9.034781 9.156377 9.295872 9.403624 9.489855 9.50769 9.390581 9.184908 8.969765 8.774231 8.594567 8.435456 8.366904 8.380035 8.438364 8.492848 8.532834 8.537589 8.477756 8.334679 8.133791 7.943796 7.823555 7.785131 7.783161 7.803486 7.843879 7.88002 7.882828
1.986829 1.972408 1.971039 1.945832 1.873932 1.769118 1.667824 1.595998 1.574006 1.553571 1.548334 1.592793 1.655155 1.779155 2.005362 2.306734 2.692779 3.285624 3.958587 4.651192 5.336681 5.960318 6.479311 6.884812 7.22156 7.51373 7.789751 8.013588 8.19411 8.391104 8.585567 8.751245 8.88734 8.97891 9.080544 9.19102 9.294065 9.3793 9.377212 9.24813 9.042056 8.83441 8.626859 8.411923 8.213723 8.122746 8.128175 8.190799 8.259896 8.319139 8.342068 8.295311 8.142552 7.947826 7.772246 7.659177 7.636071 7.65925 7.715758 7.794395 7.875907 7.92732
1.701013 1.693597 1.690746 1.677982 1.625687 1.558431 1.491438 1.444617 1.453864 1.46921 1.520589 1.625409 1.788715 2.054611 2.419084 2.8401 3.432542 4.10264 4.760277 5.372121 5.927413 6.436985 6.874432 7.230291 7.526693 7.815194 8.050508 8.205697 8.347376 8.48997 8.615876 8.723958 8.820889 8.884353 8.963924 9.050767 9.147918 9.239571 9.220843 9.113916 8.929198 8.726262 8.499032 8.245118 8.006763 7.876143 7.866807 7.937277 8.017547 8.086724 8.115191 8.090075 7.94708 7.760579 7.593871 7.487596 7.470367 7.505086 7.582605 7.691537 7.806732 7.89838
1.530824 1.487313 1.481209 1.479698 1.456134 1.425053 1.390967 1.390744 1.453266 1.539223 1.686425 1.907851 2.201909 2.591855 3.064823 3.649326 4.23657 4.850402 5.440279 5.94769 6.40416 6.838356 7.229996 7.51693 7.775098 8.059252 8.263156 8.387795 8.500885 8.586063 8.636296 8.678647 8.715277 8.742761 8.795687 8.860207 8.956778 9.043303 9.055708 8.991357 8.83402 8.628522 8.38437 8.10228 7.816257 7.635238 7.59886 7.661108 7.735744 7.817682 7.870707 7.881289 7.76097 7.565483 7.404497 7.304361 7.291183 7.325578 7.417859 7.556005 7.701754 7.825461
1.696781 1.583807 1.461811 1.438664 1.436685 1.443814 1.4539 1.544666 1.703324 1.903097 2.154178 2.472137 2.848899 3.347204 3.89346 4.441441 4.95083 5.45667 5.929267 6.351029 6.756227 7.132516 7.474353 7.718143 7.952607 8.212703 8.403686 8.522397 8.625365 8.669692 8.658497 8.638548 8.612894 8.591961 8.597255 8.631611 8.732224 8.825839 8.879566 8.859515 8.754351 8.575018 8.327958 8.024126 7.701636 7.449415 7.354102 7.380954 7.437218 7.530767 7.609109 7.652419 7.549709 7.353179 7.198985 7.100862 7.082057 7.118063 7.221579 7.391335 7.571214 7.725914
1.931757 1.875005 1.823779 1.754963 1.740654 1.731718 1.801058 1.963982 2.193403 2.460727 2.784014 3.173264 3.615514 4.074495 4.530456 4.986082 5.420345 5.838101 6.211801 6.562624 6.908392 7.248219 7.55953 7.801126 8.031657 8.277171 8.477828 8.616422 8.725827 8.744767 8.681576 8.595845 8.50232 8.414737 8.366855 8.377212 8.485779 8.596544 8.691435 8.729431 8.699137 8.56569 8.33508 8.029644 7.693789 7.392161 7.216157 7.164885 7.174334 7.235681 7.312438 7.375074 7.317834 7.160053 6.995087 6.897712 6.86989 6.909593 7.019948 7.199582 7.3996 7.579751
1.70141E+38 1.70141E+38 1.70141E+38 1.70141E+38 1.70141E+38 1.70141E+38 1.70141E+38 1.70141E+38 1.70141E+38 1.70141E+38 1.70141E+38 1.70141E+38 1.70141E+38 1.70141E+38 1.70141E+38 1.70141E+38 1.70141E+38 1.70141E+38 1.70141E+38 1.70141E+38 1.70141E+38 1.70141E+38 1.70141E+38 1.70141E+38 1.70141E+38 1.70141E+38 1.70141E+38 1.70141E+38 1.70141E+38 1.70141E+38 1.70141E+38 1.70141E+38 1.70141E+38 1.70141E+38 1.70141E+38 1.70141E+38 1.70141E+38 1.70141E+38 1.70141E+38 1.70141E+38 1.70141E+38 1.70141E+38 1.70141E+38 1.70141E+38 1.70141E+38 1.70141E+38 1.70141E+38 1.70141E+38 1.70141E+38 1.70141E+38 1.70141E+38 1.70141E+38 1.70141E+38 1.70141E+38 1.70141E+38 1.70141E+38 1.70141E+38 1.70141E+38 1.70141E+38 1.70141E+38 1.70141E+38 1.70141E+38
1.70141E+38 1.70141E+38 1.70141E+38 1.70141E+38 1.70141E+38 1.70141E+38 1.70141E+38 1.70141E+38 1.70141E+38 1.70141E+38 1.70141E+38 1.70141E+38 1.70141E+38 1.70141E+38 1.70141E+38 1.70141E+38 1.70141E+38 1.70141E+38 1.70141E+38 1.70141E+38 1.70141E+38 1.70141E+38 1.70141E+38 1.70141E+38 1.70141E+38 1.70141E+38 1.70141E+38 1.70141E+38 1.70141E+38 1.70141E+38 1.70141E+38 1.70141E+38 1.70141E+38 1.70141E+38 1.70141E+38 1.70141E+38 1.70141E+38 1.70141E+38 1.70141E+38 1.70141E+38 1.70141E+38 1.70141E+38 1.70141E+38 1.70141E+38 1.70141E+38 1.70141E+38 1.70141E+38 1.70141E+38 1.70141E+38 1.70141E+38 1.70141E+38 1.70141E+38 1.70141E+38 1.70141E+38 1.70141E+38 1.70141E+38 1.70141E+38 1.70141E+38 1.70141E+38 1.70141E+38 1.70141E+38 1.70141E+38
1.70141E+38 1.70141E+38 1.70141E+38 1.70141E+38 1.70141E+38 1.70141E+38 1.70141E+38 1.70141E+38 1.70141E+38 1.70141E+38 1.70141E+38 1.70141E+38 1.70141E+38 1.70141E+38 1.70141E+38 1.70141E+38 1.70141E+38 1.70141E+38 1.70141E+38 1.70141E+38 1.70141E+38 1.70141E+38 1.70141E+38 1.70141E+38 1.70141E+38 1.70141E+38 1.70141E+38 1.70141E+38 1.70141E+38 1.70141E+38 1.70141E+38 1.70141E+38 1.70141E+38 1.70141E+38 1.70141E+38 1.70141E+38 1.70141E+38 1.70141E+38 1.70141E+38 1.70141E+38 1.70141E+38 1.70141E+38 1.70141E+38 1.70141E+38 1.70141E+38 1.70141E+38 1.70141E+38 1.70141E+38 1.70141E+38 1.70141E+38 1.70141E+38 1.70141E+38 1.70141E+38 1.70141E+38 1.70141E+38 1.70141E+38 1.70141E+38 1.70141E+38 1.70141E+38 1.70141E+38 1.70141E+38 1.70141E+38
1.70141E+38 1.70141E+38 1.70141E+38 1.70141E+38 1.70141E+38 1.70141E+38 1.70141E+38 1.70141E+38 1.70141E+38 1.70141E+38 1.70141E+38 1.70141E+38 1.70141E+38 1.70141E+38 1.70141E+38 1.70141E+38 1.70141E+38 1.70141E+38 1.70141E+38 1.70141E+38 1.70141E+38 1.70141E+38 1.70141E+38 1.70141E+38 1.70141E+38 1.70141E+38 1.70141E+38 1.70141E+38 1.70141E+38 1.70141E+38 1.70141E+38 1.70141E+38 1.70141E+38 1.70141E+38 1.70141E+38 1.70141E+38 1.70141E+38 1.70141E+38 1.70141E+38 1.70141E+38 1.70141E+38 1.70141E+38 1.70141E+38 1.70141E+38 1.70141E+38 1.70141E+38 1.70141E+38 1.70141E+38 1.70141E+38 1.70141E+38 1.70141E+38 1.70141E+38 1.70141E+38 1.70141E+38 1.70141E+38 1.70141E+38 1.70141E+38 1.70141E+38 1.70141E+38 1.70141E+38 1.70141E+38 1.70141E+38
1.70141E+38 1.70141E+38 1.70141E+38 1.70141E+38 1.70141E+38 1.70141E+38 1.70141E+38 1.70141E+38 1.70141E+38 1.70141E+38 1.70141E+38 1.70141E+38 1.70141E+38 1.70141E+38 1.70141E+38 1.70141E+38 1.70141E+38 1.70141E+38 1.70141E+38 1.70141E+38 1.70141E+38 1.70141E+38 1.70141E+38 1.70141E+38 1.70141E+38 1.70141E+38 1.70141E+38 1.70141E+38 1.70141E+38 1.70141E+38 1.70141E+38 1.70141E+38 1.70141E+38 1.70141E+38 1.70141E+38 1.70141E+38 1.70141E+38 1.70141E+38 1.70141E+38 1.70141E+38 1.70141E+38 1.70141E+38 1.70141E+38 1.70141E+38 1.70141E+38 1.70141E+38 1.70141E+38 1.70141E+38 1.70141E+38 1.70141E+38 1.70141E+38 1.70141E+38 1.70141E+38 1.70141E+38 1.70141E+38 1.70141E+38 1.70141E+38 1.70141E+38 1.70141E+38 1.70141E+38 1.70141E+38 1.70141E+38
1.70141E+38 1.70141E+38 1.70141E+38 1.70141E+38 1.70141E+38 1.70141E+38 1.70141E+38 1.70141E+38 1.70141E+38 1.70141E+38 1.70141E+38 1.70141E+38 1.70141E+38 1.70141E+38 1.70141E+38 1.70141E+38 1.70141E+38 1.70141E+38 1.70141E+38 1.70141E+38 1.70141E+38 1.70141E+38 1.70141E+38 1.70141E+38 1.70141E+38 1.70141E+38 1.70141E+38 1.70141E+38 1.70141E+38 1.70141E+38 1.70141E+38 1.70141E+38 1.70141E+38 1.70141E+38 1.70141E+38 1.70141E+38 1.70141E+38 1.70141E+38 1.70141E+38 1.70141E+38 1.70141E+38 1.70141E+38 1.70141E+38 1.70141E+38 1.70141E+38 1.70141E+38 1.70141E+38 1.70141E+38 1.70141E+38 1.70141E+38 1.70141E+38 1.70141E+38 1.70141E+38 1.70141E+38 1.70141E+38 1.70141E+38 1.70141E+38 1.70141E+38 1.70141E+38 1.70141E+38 1.70141E+38 1.70141E+38
1.70141E+38 1.70141E+38 1.70141E+38 1.70141E+38 1.70141E+38 1.70141E+38 1.70141E+38 1.70141E+38 1.70141E+38 1.70141E+38 1.70141E+38 1.70141E+38 1.70141E+38 1.70141E+38 1.70141E+38 1.70141E+38 1.70141E+38 1.70141E+38 1.70141E+38 1.70141E+38 1.70141E+38 1.70141E+38 1.70141E+38 1.70141E+38 1.70141E+38 1.70141E+38 1.70141E+38 1.70141E+38 1.70141E+38 1.70141E+38 1.70141E+38 1.70141E+38 1.70141E+38 1.70141E+38 1.70141E+38 1.70141E+38 1.70141E+38 1.70141E+38 1.70141E+38 1.70141E+38 1.70141E+38 1.70141E+38 1.70141E+38 1.70141E+38 1.70141E+38 1.70141E+38 1.70141E+38 1.70141E+38 1.70141E+38 1.70141E+38 1.70141E+38 1.70141E+38 1.70141E+38 1.70141E+38 1.70141E+38 1.70141E+38 1.70141E+38 1.70141E+38 1.70141E+38 1.70141E+38 1.70141E+38 1.70141E+38
1.70141E+38 1.70141E+38 1.70141E+38 1.70141E+38 1.70141E+38 1.70141E+38 1.70141E+38 1.70141E+38 1.70141E+38 1.70141E+38 1.70141E+38 1.70141E+38 1.70141E+38 1.70141E+38 1.70141E+38 1.70141E+38 1.70141E+38 1.70141E+38 1.70141E+38 1.70141E+38 1.70141E+38 1.70141E+38 1.70141E+38 1.70141E+38 1.70141E+38 1.70141E+38 1.70141E+38 1.70141E+38 1.70141E+38 1.70141E+38 1.70141E+38 1.70141E+38 1.70141E+38 1.70141E+38 1.70141E+38 1.70141E+38 1.70141E+38 1.70141E+38 1.70141E+38 1.70141E+38 1.70141E+38 1.70141E+38 1.70141E+38 1.70141E+38 1.70141E+38 1.70141E+38 1.70141E+38 1.70141E+38 1.70141E+38 1.70141E+38 1.70141E+38 1.70141E+38 1.70141E+38 1.70141E+38 1.70141E+38 1.70141E+38 1.70141E+38 1.70141E+38 1.70141E+38 1.70141E+38 1.70141E+38 1.70141E+38
