py_wake/examples/data/AJ_ParqueFicticio/Ridge area   Sector 9   Height 200m   Orographic speed.grd
DSAA
90  129
 262878   265103
 6504214   6507414
 .04106627   1.487633
[rows 27 to 53 of 129, columns 0 to 61 of 90]
.7496492 .7520563 .7590817 .7665138 .7739847 .782464 .7910852 .7994728 .8087279 .817188 .8227062 .8256113 .8276978 .8300131 .8340194 .8393697 .845807 .8527319 .8587338 .8651382 .8776513 .8912612 .9041991 .9179227 .9307132 .9456818 .9639484 .9868686 1.013087 1.03736 1.061579 1.084914 1.110183 1.137069 1.160875 1.187595 1.217248 1.24833 1.284026 1.316569 1.340494 1.363365 1.383129 1.394707 1.393425 1.378466 1.351972 1.313375 1.266024 1.211583 1.128292 .9687492 .706014 .4153877 .1931709 .07657904 .08960081 .1435482 .1952409 .2427516 .2829918 .3166758
.7476112 .7512606 .7588585 .7665541 .7751179 .7853959 .7958035 .8067629 .8181964 .8276116 .8331682 .8353495 .8351888 .8346743 .8351157 .837433 .8416767 .8470176 .8524367 .8587924 .8699706 .881426 .8922884 .9052534 .9167774 .9299938 .9478797 .9701085 .9960939 1.021992 1.046334 1.06963 1.095183 1.122223 1.147556 1.174287 1.204052 1.234656 1.270738 1.305038 1.33293 1.36031 1.383948 1.395481 1.391059 1.372357 1.342766 1.302075 1.251909 1.193149 1.094866 .9114638 .6394913 .3619122 .1663168 .08751384 .1155252 .165313 .2106855 .251584 .2861432 .314001
.7462977 .7512226 .7589319 .7662987 .775462 .7869365 .7987633 .8119557 .8258996 .8373895 .8423558 .8417023 .8398036 .8382468 .8370936 .8373645 .8392954 .842871 .8467724 .8525487 .8625175 .8715537 .879968 .8915206 .9019976 .9128435 .9307062 .9537376 .9803414 1.00661 1.030704 1.053972 1.078332 1.105575 1.132505 1.158841 1.188232 1.218954 1.255312 1.291723 1.324062 1.356604 1.385001 1.396572 1.389481 1.367484 1.333947 1.290956 1.238895 1.173689 1.055392 .8479789 .5798058 .3267933 .1598043 .1097593 .139195 .1834429 .2226127 .2564683 .2849778 .3082166
.7453322 .7512031 .7588379 .7660306 .7756177 .7872674 .799543 .8137446 .8293493 .8424747 .845803 .8438155 .8412574 .8399751 .8393357 .8388266 .8391286 .8404691 .8424529 .8473299 .8567055 .8632825 .8697548 .8807699 .890271 .8995048 .9183703 .9434524 .9696373 .9949154 1.01898 1.041072 1.062615 1.08954 1.117428 1.143781 1.171949 1.202798 1.239732 1.278445 1.315512 1.353732 1.386077 1.396699 1.38795 1.36401 1.326251 1.280709 1.226441 1.151253 1.011254 .7875165 .5341102 .3092392 .1663804 .1346046 .159711 .1961497 .2298143 .2563438 .2800252 .3000213
.7424014 .7485401 .7560397 .7627609 .7725778 .7846293 .7972525 .8109538 .8255381 .8372896 .8405402 .8404883 .8398893 .8395606 .839491 .8391278 .8383082 .8387988 .8419939 .8484223 .8559176 .8619202 .8690862 .8797792 .8890259 .9000861 .9195881 .9438784 .967254 .9900128 1.012569 1.034109 1.056168 1.081393 1.107086 1.132472 1.159206 1.189573 1.226633 1.267209 1.308426 1.351269 1.384637 1.394109 1.38475 1.360006 1.319346 1.27117 1.21432 1.128439 .9734938 .7421543 .5060748 .311703 .1862436 .158987 .1765633 .2024296 .2299435 .2531296 .2727132 .2903201
.7391908 .7453173 .7525392 .7588329 .7684691 .7801693 .7921725 .8044046 .8167935 .8266392 .8308366 .8330752 .8350938 .8366458 .8372301 .8364401 .835095 .8376452 .8446783 .8519564 .8585215 .8658895 .874436 .8843907 .8946943 .9077029 .9264522 .9489912 .9701696 .9907035 1.012271 1.033893 1.056489 1.078623 1.100862 1.124284 1.149515 1.179216 1.215871 1.257146 1.301656 1.347544 1.379934 1.38966 1.380472 1.355118 1.314201 1.264237 1.204011 1.104192 .9345614 .7038079 .4865353 .3206118 .2097067 .1810308 .193114 .2107431 .2308321 .2503971 .267461 .2824241
.7356016 .7417817 .7486624 .7543232 .7636688 .7748389 .785968 .7964798 .8064713 .8148341 .8206131 .8252963 .8295758 .8325198 .8332126 .8317954 .8307216 .8371284 .8477779 .8563183 .8637102 .8713997 .8801939 .890356 .9008214 .913828 .9325286 .9548289 .9757264 .9965246 1.01686 1.036485 1.05815 1.077892 1.097629 1.119969 1.143892 1.172432 1.207441 1.248023 1.295187 1.342964 1.373589 1.384438 1.376273 1.350551 1.310732 1.261037 1.196863 1.083197 .9048703 .6821101 .4800355 .3336582 .2390999 .2045227 .2093847 .2220546 .2364963 .2511858 .2656233 .2784347
.7319123 .7384961 .745073 .7499881 .7594002 .7701319 .7803723 .7900402 .7986388 .8060511 .8132035 .8199596 .8259752 .8294998 .8295774 .827287 .8285502 .8384242 .8504148 .8607255 .8684444 .876064 .8854954 .8954201 .9055223 .9193597 .9385142 .9618276 .9862114 1.007861 1.026963 1.046187 1.065808 1.083148 1.10265 1.124123 1.145368 1.172749 1.204932 1.243185 1.291028 1.338041 1.36668 1.378986 1.373106 1.348199 1.310101 1.262232 1.201663 1.090788 .9075329 .6861868 .4871062 .3524981 .2723813 .2336917 .2265077 .2339777 .2446652 .2560935 .2673706 .2776565
.7308543 .7375835 .7429623 .746509 .7565669 .7674528 .7777854 .7874207 .7956812 .8032495 .8109419 .8183013 .8252601 .8289841 .8290079 .8277585 .8319755 .8421209 .8532776 .8629549 .8713483 .8803747 .8900012 .9003596 .9122012 .9278796 .948001 .9738241 1.001164 1.024107 1.044479 1.063973 1.081733 1.098632 1.118067 1.137081 1.157161 1.182092 1.210576 1.244871 1.289823 1.333512 1.360219 1.374143 1.371389 1.349344 1.313357 1.267504 1.212904 1.118068 .951629 .7303481 .5251151 .3904776 .3096832 .2613813 .2437205 .2449034 .2522529 .2611081 .2703457 .2781473
.7336784 .7387498 .7419872 .7436303 .7548949 .7663655 .7771878 .7868907 .7953408 .8034876 .8111313 .8189564 .8271803 .8313769 .8324749 .8343777 .839336 .8476914 .8573796 .8658159 .874798 .8845959 .8943823 .9069858 .9216002 .9391945 .9616213 .9895409 1.019582 1.044342 1.065096 1.083946 1.101552 1.119322 1.138015 1.156313 1.174878 1.196601 1.220455 1.250627 1.290273 1.329414 1.355228 1.370772 1.371878 1.354061 1.319872 1.27416 1.226517 1.15373 1.020214 .8109733 .5870093 .4308956 .3418223 .2873017 .2597032 .2542475 .257935 .2644719 .2715241 .2777779
.7399256 .7415875 .7420027 .7421886 .7546958 .7666785 .7777415 .7872521 .7957733 .8044584 .8123096 .8217567 .8315943 .8370903 .8403212 .8436421 .8481557 .8553541 .8632159 .871006 .8815437 .8911747 .9020917 .9162259 .9331977 .9531487 .9770222 1.006478 1.039015 1.064669 1.0855 1.104972 1.123565 1.141879 1.15911 1.176663 1.194148 1.21155 1.229942 1.255711 1.291398 1.327549 1.353816 1.370227 1.374546 1.361124 1.328341 1.283689 1.239468 1.183513 1.079434 .904001 .6692324 .4749561 .3656966 .307284 .2743338 .2620366 .2616223 .2657418 .2706111 .2752665
.7504351 .7463291 .7436281 .7439468 .7566951 .7680584 .7787006 .7879017 .7962592 .8057154 .8147988 .8271223 .838867 .8466547 .8503509 .8536549 .8594301 .8673531 .8743704 .8835036 .8944885 .9044101 .915215 .9299716 .9476847 .9690134 .9939539 1.023337 1.055614 1.083115 1.105729 1.126084 1.145121 1.1627 1.179648 1.19574 1.210459 1.224235 1.240002 1.263694 1.296118 1.330491 1.357119 1.372979 1.378909 1.367588 1.336939 1.294791 1.251551 1.204707 1.12619 .9800715 .7537914 .5252192 .3813708 .3147846 .2806511 .2647828 .262403 .2647254 .2678579 .2707885
.7624786 .7545906 .7492406 .7510439 .7613713 .7708482 .7808402 .7898471 .7987072 .8083573 .81881 .8332262 .8466821 .8560699 .8618167 .8673236 .8755596 .8842772 .8947663 .9049509 .9144412 .9232602 .9335986 .9490917 .9663749 .9876576 1.012356 1.039996 1.070872 1.099653 1.123837 1.145661 1.166262 1.182844 1.198766 1.213526 1.227323 1.239548 1.253409 1.275007 1.304631 1.336782 1.36164 1.376261 1.382166 1.37191 1.344094 1.306268 1.264961 1.220033 1.158667 1.039832 .8229629 .5709707 .3948417 .3118249 .2773412 .2632861 .2606317 .2618818 .2637693 .2654227
.7775323 .7680442 .7612459 .7625217 .7682574 .7750642 .784112 .792531 .8016806 .8121029 .8247507 .8411033 .8558779 .8665517 .8757091 .8860477 .895549 .9066003 .9198982 .930394 .9384874 .9455221 .9560998 .9720988 .989526 1.010395 1.032942 1.058606 1.088558 1.117253 1.142174 1.164901 1.185994 1.20148 1.215958 1.23023 1.242497 1.25352 1.26643 1.286121 1.312549 1.341937 1.36535 1.379463 1.385711 1.377103 1.352417 1.316869 1.276399 1.232529 1.179521 1.086942 .8826177 .6091268 .4088115 .3087229 .2718318 .2595213 .2576042 .2585026 .259589 .2602209
.7973045 .7865517 .7780514 .7747439 .775814 .7800312 .7883214 .7961424 .805737 .8171725 .8319497 .8499187 .8659344 .8795624 .892406 .9054311 .9180639 .9306555 .9450944 .9555252 .9627734 .9708828 .9820051 .9983194 1.015279 1.035367 1.055548 1.079521 1.106847 1.135884 1.158901 1.182074 1.201742 1.214957 1.228377 1.244456 1.256864 1.265222 1.276338 1.294109 1.318786 1.348448 1.371252 1.383753 1.388952 1.38167 1.359835 1.325289 1.285344 1.243485 1.193577 1.111646 .9298539 .6507618 .4260108 .3076054 .2665941 .2557429 .2543391 .2551611 .2553818 .254755
.8193495 .806372 .7938779 .78491 .7828099 .7861158 .7942064 .8015769 .8114718 .8232806 .8396694 .859071 .8766401 .8928038 .9082586 .9236915 .9383175 .952718 .9666194 .9781153 .9883444 .996675 1.007692 1.022533 1.038382 1.055883 1.073904 1.095658 1.1221 1.149597 1.170062 1.192762 1.208328 1.220987 1.235823 1.25169 1.262176 1.26964 1.281287 1.299386 1.325255 1.352255 1.372563 1.384554 1.390486 1.384704 1.36456 1.333059 1.293549 1.25107 1.200571 1.120464 .9580178 .6901965 .446405 .310057 .2635361 .2534102 .2525451 .2532441 .2527526 .2513994
.8396294 .8244941 .8091686 .7970909 .7916844 .7943875 .8013803 .8074839 .8177608 .8305889 .8483608 .8687747 .8875423 .9056751 .9227774 .9393898 .9546381 .9700833 .9859092 1.000406 1.01147 1.019816 1.030245 1.042466 1.056006 1.070835 1.085505 1.104632 1.130495 1.155276 1.174164 1.194456 1.207786 1.221493 1.237245 1.250737 1.261039 1.271252 1.285247 1.304286 1.327362 1.35123 1.372308 1.385688 1.392512 1.387537 1.368052 1.337595 1.299761 1.256005 1.203976 1.123985 .9703808 .7185829 .4698862 .319534 .2646576 .253634 .2530732 .2536519 .252805 .2511417
.8624296 .845363 .8276307 .8137481 .806275 .8048828 .8077165 .8119373 .8229852 .8374056 .8560494 .8769006 .8971848 .9172762 .9366427 .9551126 .9703205 .9855047 1.002426 1.019263 1.030792 1.040281 1.050302 1.059402 1.069888 1.081082 1.092106 1.109028 1.133996 1.156858 1.173658 1.191165 1.203438 1.217624 1.233231 1.245501 1.256832 1.27072 1.287378 1.305343 1.325917 1.349483 1.372456 1.387443 1.395096 1.390539 1.371162 1.340981 1.30406 1.260161 1.207156 1.127136 .9791977 .7466345 .501717 .3382341 .2712084 .2561421 .2553007 .2558654 .2547568 .2529539
.888186 .8703561 .8513767 .8358593 .8246157 .8157275 .812907 .8153655 .8270843 .8428223 .8627089 .8846786 .9057267 .9266582 .9472106 .9666769 .9815186 .9957778 1.012964 1.030149 1.041796 1.052133 1.062071 1.068784 1.076415 1.084803 1.093541 1.108615 1.132276 1.153307 1.166941 1.181937 1.194285 1.208666 1.22445 1.236772 1.249043 1.265621 1.284444 1.302455 1.323214 1.348232 1.374144 1.390136 1.397048 1.392413 1.373598 1.343845 1.307012 1.264524 1.211157 1.132245 .9889531 .7718763 .5355781 .3635246 .2844982 .2624766 .259113 .2586648 .2569889 .2556585
.912826 .893059 .8715988 .8529336 .8366857 .8224165 .8149547 .8164248 .8292182 .845781 .8654184 .8869885 .9074954 .9281556 .9493884 .9686782 .9830682 .9969535 1.012993 1.027958 1.038807 1.048864 1.056868 1.061667 1.067244 1.075074 1.084158 1.097523 1.118141 1.13802 1.151502 1.165732 1.179535 1.194259 1.210371 1.223745 1.236672 1.255006 1.275743 1.295031 1.31781 1.345423 1.373176 1.38906 1.395862 1.391777 1.375293 1.347664 1.310966 1.268825 1.216442 1.140842 1.002927 .7964801 .5727392 .3996679 .311704 .2774391 .2669955 .2640958 .2631319 .2663754
.9347386 .9144595 .8912719 .8690339 .8480375 .8298808 .8187729 .8181877 .8297158 .8444759 .8622912 .8823771 .9010923 .9217027 .9419281 .9590963 .9727027 .9855638 .9998354 1.013225 1.02319 1.031938 1.038126 1.041852 1.046974 1.05486 1.064589 1.076883 1.094472 1.113365 1.128821 1.143598 1.159699 1.175356 1.191272 1.206247 1.220656 1.240083 1.263033 1.284675 1.309578 1.339602 1.368558 1.385592 1.394384 1.391375 1.376899 1.35297 1.317878 1.27494 1.22279 1.150077 1.022473 .8289896 .6193299 .4521336 .3541023 .3071664 .2878387 .2847597 .2915083 .3075203
.9554861 .9365065 .9140918 .8898169 .8649537 .8443059 .830681 .8256176 .8298615 .8396969 .8549368 .8738732 .8908831 .9098513 .9295729 .9456727 .9574792 .9690804 .9819038 .9936919 1.002658 1.010187 1.015632 1.01906 1.02253 1.030118 1.040935 1.053528 1.068781 1.085693 1.102263 1.119105 1.13634 1.153602 1.169913 1.186147 1.202924 1.223433 1.248867 1.274052 1.300738 1.332917 1.363227 1.381957 1.393245 1.392623 1.379939 1.358689 1.326941 1.282849 1.229586 1.158174 1.040533 .860521 .6653368 .5084261 .4040823 .34866 .3266144 .3260186 .3431968 .3719122
.9754488 .9583589 .9362817 .9102066 .8844207 .8619536 .845119 .8337361 .8289384 .8327819 .8455264 .8632153 .879169 .8970405 .9165435 .9301152 .9410082 .9506721 .9607731 .9711277 .9798093 .9862339 .9913101 .9954786 .9992273 1.005516 1.016307 1.028785 1.042474 1.05842 1.075058 1.092542 1.110749 1.129995 1.147609 1.164195 1.182968 1.205705 1.233622 1.262862 1.291091 1.325253 1.357386 1.378376 1.392849 1.395894 1.385494 1.364226 1.335138 1.291396 1.236298 1.164041 1.052177 .88488 .7001863 .5563745 .4608378 .4032923 .3781785 .3821438 .4112019 .4546631
.9937126 .9784383 .9567661 .9311716 .9042504 .8776626 .8559361 .8387184 .8286483 .828746 .8393787 .8556232 .8723331 .8898351 .9059357 .9152552 .9236743 .9304977 .9369448 .9452376 .9537891 .9606194 .966323 .9730651 .9785767 .9842551 .9942088 1.006361 1.019411 1.033918 1.048589 1.065702 1.085526 1.106396 1.124602 1.140942 1.161116 1.186905 1.216997 1.250032 1.280272 1.316445 1.351055 1.375198 1.393649 1.401185 1.393135 1.37072 1.340453 1.298816 1.243011 1.169873 1.06043 .9039984 .730593 .6005249 .5209406 .4699627 .4486677 .4627236 .5077219 .5687874
1.010708 .9983518 .9782512 .9531291 .9245741 .8956711 .8704802 .8482707 .8340456 .8296048 .8368648 .8532411 .872699 .8878415 .8967925 .9000685 .9033235 .9084072 .9115461 .9169248 .9255256 .9340546 .9423593 .9513382 .9598212 .9670022 .9755875 .9882807 .9985111 1.009621 1.024641 1.041603 1.063184 1.084917 1.102096 1.117424 1.140001 1.167634 1.199389 1.234908 1.26848 1.307028 1.344508 1.372384 1.395669 1.408107 1.40154 1.37721 1.344724 1.304779 1.250742 1.177584 1.069723 .9220867 .7657533 .6473692 .5815845 .5452562 .5375588 .5645463 .6209009 .6900663
1.026106 1.016226 .9986156 .974776 .9440233 .9132126 .8830058 .8571033 .8386219 .8283432 .8333216 .852618 .8742864 .8858819 .8875492 .8831589 .8809862 .8848829 .885998 .8883422 .897055 .9081704 .9195221 .9316906 .9428799 .9506567 .9584269 .9703435 .9787534 .9877477 1.003795 1.020938 1.043513 1.066371 1.083885 1.100059 1.12346 1.15104 1.182707 1.21928 1.256961 1.298436 1.338519 1.370329 1.39902 1.41565 1.409633 1.383667 1.349671 1.30965 1.25863 1.187755 1.084197 .9423017 .7982705 .6991655 .6439959 .6191007 .6209196 .6604342 .7300476 .8070413
1.039807 1.030939 1.014893 .9917285 .9613281 .9289133 .8956904 .869129 .8469853 .8323438 .8373444 .8567063 .876838 .8839276 .8806614 .8703225 .8646182 .8661861 .8648121 .864987 .8740867 .8871231 .9013146 .9165705 .9298856 .9383708 .9461359 .9589836 .9664901 .9743257 .9916779 1.009641 1.032807 1.056811 1.075871 1.093766 1.115876 1.140735 1.171145 1.208987 1.249949 1.293852 1.335472 1.370715 1.40417 1.422348 1.415999 1.390014 1.355245 1.314605 1.266732 1.203378 1.109984 .978945 .8401975 .7484366 .7097135 .6976988 .7076516 .7554236 .8288095 .9064735
