py_wake/examples/data/AJ_ParqueFicticio/Ridge area   Sector All   Height 30m   Weibull-k.grd
DSAA
90  129
 262878   265103
 6504214   6507414
 1.111328   2.236328
[rows 27 to 53 of 129, columns 0 to 61 of 90]
1.833984 1.830078 1.826172 1.826172 1.822266 1.818359 1.818359 1.818359 1.818359 1.818359 1.814453 1.810547 1.810547 1.802734 1.802734 1.798828 1.798828 1.798828 1.798828 1.798828 1.802734 1.802734 1.810547 1.818359 1.826172 1.837891 1.845703 1.853516 1.865234 1.873047 1.880859 1.884766 1.888672 1.892578 1.896484 1.896484 1.892578 1.888672 1.884766 1.880859 1.876953 1.873047 1.873047 1.876953 1.880859 1.884766 1.892578 1.896484 1.908203 1.923828 1.830078 1.603516 1.509766 1.388672 1.244141 1.158203 1.154297 1.185547 1.228516 1.267578 1.302734 1.333984
1.830078 1.830078 1.826172 1.822266 1.822266 1.818359 1.818359 1.818359 1.818359 1.814453 1.814453 1.810547 1.806641 1.798828 1.791016 1.787109 1.783203 1.779297 1.775391 1.771484 1.771484 1.771484 1.775391 1.783203 1.791016 1.798828 1.810547 1.822266 1.833984 1.845703 1.857422 1.865234 1.873047 1.876953 1.884766 1.884766 1.884766 1.880859 1.876953 1.873047 1.869141 1.869141 1.869141 1.873047 1.876953 1.884766 1.888672 1.896484 1.919922 1.931641 1.763672 1.513672 1.447266 1.318359 1.189453 1.126953 1.138672 1.181641 1.224609 1.263672 1.298828 1.330078
1.826172 1.822266 1.822266 1.818359 1.818359 1.818359 1.814453 1.818359 1.818359 1.814453 1.814453 1.806641 1.802734 1.794922 1.787109 1.779297 1.767578 1.759766 1.751953 1.744141 1.740234 1.736328 1.736328 1.740234 1.748047 1.751953 1.763672 1.779297 1.794922 1.814453 1.826172 1.841797 1.849609 1.861328 1.865234 1.869141 1.873047 1.873047 1.869141 1.865234 1.861328 1.861328 1.865234 1.869141 1.876953 1.884766 1.888672 1.896484 1.935547 1.923828 1.669922 1.462891 1.396484 1.275391 1.162109 1.111328 1.130859 1.173828 1.212891 1.248047 1.283203 1.314453
1.818359 1.818359 1.814453 1.810547 1.810547 1.810547 1.810547 1.814453 1.810547 1.810547 1.806641 1.802734 1.794922 1.791016 1.783203 1.771484 1.763672 1.751953 1.740234 1.728516 1.720703 1.712891 1.708984 1.708984 1.708984 1.712891 1.724609 1.740234 1.759766 1.775391 1.794922 1.810547 1.822266 1.833984 1.845703 1.853516 1.857422 1.861328 1.861328 1.857422 1.857422 1.861328 1.861328 1.869141 1.876953 1.884766 1.888672 1.900391 1.947266 1.892578 1.583984 1.423828 1.365234 1.259766 1.158203 1.115234 1.130859 1.162109 1.201172 1.228516 1.259766 1.294922
1.806641 1.806641 1.802734 1.802734 1.798828 1.802734 1.802734 1.802734 1.802734 1.798828 1.794922 1.791016 1.787109 1.783203 1.775391 1.767578 1.755859 1.744141 1.732422 1.724609 1.716797 1.712891 1.705078 1.705078 1.705078 1.705078 1.712891 1.724609 1.736328 1.751953 1.767578 1.783203 1.798828 1.814453 1.830078 1.837891 1.845703 1.849609 1.849609 1.853516 1.853516 1.857422 1.861328 1.865234 1.876953 1.884766 1.888672 1.900391 1.955078 1.873047 1.556641 1.408203 1.361328 1.271484 1.173828 1.134766 1.142578 1.158203 1.185547 1.212891 1.240234 1.275391
1.794922 1.791016 1.791016 1.791016 1.787109 1.787109 1.787109 1.787109 1.783203 1.783203 1.779297 1.779297 1.775391 1.771484 1.763672 1.759766 1.748047 1.744141 1.736328 1.732422 1.728516 1.724609 1.720703 1.716797 1.716797 1.716797 1.720703 1.724609 1.732422 1.740234 1.751953 1.767578 1.783203 1.798828 1.810547 1.822266 1.830078 1.837891 1.845703 1.845703 1.849609 1.849609 1.853516 1.861328 1.873047 1.884766 1.888672 1.900391 1.951172 1.888672 1.576172 1.412109 1.369141 1.291016 1.201172 1.158203 1.162109 1.169922 1.181641 1.201172 1.228516 1.263672
1.779297 1.775391 1.775391 1.775391 1.771484 1.771484 1.771484 1.771484 1.771484 1.767578 1.763672 1.763672 1.759766 1.755859 1.751953 1.748047 1.744141 1.744141 1.744141 1.740234 1.740234 1.736328 1.736328 1.736328 1.732422 1.732422 1.732422 1.736328 1.736328 1.740234 1.748047 1.759766 1.771484 1.783203 1.794922 1.806641 1.818359 1.826172 1.833984 1.837891 1.841797 1.845703 1.849609 1.857422 1.865234 1.876953 1.888672 1.892578 1.943359 1.923828 1.638672 1.431641 1.388672 1.318359 1.240234 1.197266 1.185547 1.185547 1.185547 1.197266 1.220703 1.259766
1.763672 1.759766 1.759766 1.759766 1.759766 1.759766 1.759766 1.755859 1.755859 1.755859 1.751953 1.751953 1.748047 1.748047 1.744141 1.740234 1.740234 1.744141 1.748047 1.751953 1.751953 1.751953 1.751953 1.755859 1.751953 1.755859 1.755859 1.759766 1.759766 1.763672 1.763672 1.767578 1.775391 1.783203 1.791016 1.802734 1.810547 1.822266 1.826172 1.833984 1.837891 1.837891 1.841797 1.853516 1.861328 1.873047 1.884766 1.888672 1.927734 1.966797 1.763672 1.474609 1.419922 1.357422 1.294922 1.248047 1.224609 1.208984 1.201172 1.205078 1.216797 1.255859
1.744141 1.744141 1.744141 1.744141 1.744141 1.748047 1.748047 1.748047 1.748047 1.748047 1.748047 1.744141 1.744141 1.740234 1.740234 1.740234 1.744141 1.751953 1.755859 1.759766 1.763672 1.767578 1.775391 1.775391 1.779297 1.783203 1.787109 1.791016 1.791016 1.794922 1.794922 1.794922 1.798828 1.798828 1.806641 1.810547 1.818359 1.826172 1.830078 1.833984 1.837891 1.837891 1.841797 1.849609 1.857422 1.869141 1.884766 1.892578 1.916016 1.978516 1.919922 1.630859 1.466797 1.412109 1.353516 1.294922 1.255859 1.228516 1.208984 1.193359 1.201172 1.232422
1.728516 1.728516 1.724609 1.728516 1.732422 1.736328 1.740234 1.744141 1.748047 1.748047 1.744141 1.744141 1.744141 1.744141 1.748047 1.748047 1.755859 1.759766 1.767578 1.771484 1.779297 1.787109 1.794922 1.802734 1.810547 1.818359 1.822266 1.826172 1.830078 1.826172 1.826172 1.826172 1.826172 1.826172 1.830078 1.830078 1.833984 1.837891 1.841797 1.841797 1.841797 1.841797 1.845703 1.849609 1.861328 1.869141 1.880859 1.892578 1.908203 1.955078 2.005859 1.861328 1.583984 1.466797 1.404297 1.341797 1.283203 1.244141 1.208984 1.185547 1.189453 1.220703
1.708984 1.708984 1.705078 1.708984 1.716797 1.724609 1.732422 1.740234 1.744141 1.748047 1.748047 1.748047 1.751953 1.755859 1.759766 1.763672 1.767578 1.775391 1.779297 1.787109 1.798828 1.810547 1.822266 1.833984 1.845703 1.853516 1.857422 1.861328 1.861328 1.861328 1.857422 1.853516 1.853516 1.853516 1.849609 1.849609 1.853516 1.853516 1.853516 1.853516 1.849609 1.849609 1.849609 1.853516 1.865234 1.873047 1.884766 1.896484 1.908203 1.935547 1.998047 2.013672 1.814453 1.564453 1.451172 1.380859 1.318359 1.263672 1.220703 1.193359 1.197266 1.224609
1.693359 1.685547 1.685547 1.685547 1.697266 1.708984 1.720703 1.732422 1.740234 1.748047 1.751953 1.755859 1.763672 1.771484 1.779297 1.783203 1.787109 1.794922 1.802734 1.810547 1.826172 1.837891 1.849609 1.865234 1.876953 1.884766 1.888672 1.892578 1.892578 1.888672 1.884766 1.880859 1.876953 1.876953 1.873047 1.873047 1.873047 1.873047 1.869141 1.865234 1.861328 1.861328 1.861328 1.861328 1.869141 1.876953 1.888672 1.896484 1.908203 1.927734 1.970703 2.033203 1.982422 1.732422 1.505859 1.412109 1.345703 1.283203 1.240234 1.216797 1.216797 1.236328
1.677734 1.666016 1.658203 1.662109 1.673828 1.689453 1.705078 1.716797 1.732422 1.748047 1.755859 1.767578 1.783203 1.791016 1.798828 1.806641 1.814453 1.822266 1.833984 1.845703 1.857422 1.869141 1.884766 1.892578 1.904297 1.912109 1.916016 1.919922 1.916016 1.912109 1.912109 1.908203 1.904297 1.904297 1.900391 1.896484 1.896484 1.892578 1.888672 1.884766 1.876953 1.873047 1.869141 1.873047 1.876953 1.880859 1.888672 1.900391 1.912109 1.923828 1.955078 2.013672 2.052734 1.880859 1.603516 1.439453 1.365234 1.306641 1.263672 1.236328 1.240234 1.259766
1.666016 1.646484 1.634766 1.634766 1.642578 1.662109 1.681641 1.701172 1.720703 1.744141 1.763672 1.779297 1.798828 1.810547 1.822266 1.830078 1.841797 1.853516 1.865234 1.876953 1.888672 1.900391 1.912109 1.923828 1.931641 1.939453 1.943359 1.943359 1.943359 1.939453 1.935547 1.931641 1.931641 1.927734 1.923828 1.916016 1.916016 1.912109 1.908203 1.900391 1.892578 1.884766 1.880859 1.880859 1.880859 1.888672 1.892578 1.904297 1.916016 1.927734 1.943359 1.986328 2.056641 1.982422 1.708984 1.482422 1.388672 1.326172 1.287109 1.259766 1.271484 1.302734
1.654297 1.630859 1.611328 1.603516 1.611328 1.626953 1.650391 1.677734 1.705078 1.736328 1.763672 1.787109 1.810547 1.826172 1.841797 1.853516 1.869141 1.880859 1.892578 1.900391 1.912109 1.923828 1.935547 1.947266 1.958984 1.962891 1.966797 1.966797 1.966797 1.962891 1.958984 1.955078 1.951172 1.947266 1.943359 1.939453 1.931641 1.927734 1.923828 1.916016 1.908203 1.900391 1.892578 1.888672 1.888672 1.892578 1.900391 1.908203 1.919922 1.927734 1.939453 1.966797 2.033203 2.037109 1.806641 1.548828 1.419922 1.349609 1.314453 1.298828 1.314453 1.345703
1.646484 1.615234 1.583984 1.568359 1.568359 1.587891 1.615234 1.646484 1.685547 1.720703 1.759766 1.791016 1.814453 1.833984 1.853516 1.869141 1.884766 1.896484 1.908203 1.919922 1.927734 1.939453 1.951172 1.962891 1.970703 1.982422 1.986328 1.986328 1.982422 1.978516 1.974609 1.970703 1.962891 1.958984 1.955078 1.951172 1.943359 1.939453 1.931641 1.923828 1.916016 1.908203 1.900391 1.896484 1.892578 1.896484 1.904297 1.912109 1.919922 1.927734 1.939453 1.958984 2.005859 2.033203 1.869141 1.611328 1.455078 1.380859 1.345703 1.341797 1.357422 1.392578
1.642578 1.599609 1.560547 1.533203 1.529297 1.544922 1.576172 1.611328 1.658203 1.701172 1.744141 1.779297 1.810547 1.833984 1.853516 1.873047 1.888672 1.904297 1.919922 1.931641 1.939453 1.947266 1.958984 1.970703 1.978516 1.986328 1.994141 1.994141 1.994141 1.990234 1.986328 1.978516 1.974609 1.966797 1.962891 1.955078 1.951172 1.943359 1.939453 1.931641 1.919922 1.912109 1.904297 1.900391 1.896484 1.900391 1.904297 1.912109 1.923828 1.931641 1.939453 1.955078 1.990234 2.001953 1.869141 1.646484 1.494141 1.419922 1.384766 1.384766 1.400391 1.447266
1.650391 1.599609 1.548828 1.513672 1.498047 1.509766 1.537109 1.572266 1.619141 1.669922 1.716797 1.755859 1.787109 1.818359 1.841797 1.861328 1.880859 1.900391 1.916016 1.931641 1.943359 1.951172 1.962891 1.970703 1.978516 1.990234 1.994141 1.998047 1.998047 1.994141 1.990234 1.982422 1.978516 1.970703 1.966797 1.958984 1.955078 1.947266 1.943359 1.935547 1.923828 1.916016 1.908203 1.904297 1.900391 1.904297 1.908203 1.916016 1.923828 1.931641 1.939453 1.955078 1.974609 1.966797 1.845703 1.654297 1.521484 1.447266 1.427734 1.427734 1.458984 1.513672
1.666016 1.611328 1.556641 1.509766 1.482422 1.478516 1.494141 1.525391 1.572266 1.623047 1.669922 1.712891 1.751953 1.783203 1.810547 1.837891 1.857422 1.876953 1.896484 1.912109 1.927734 1.939453 1.951172 1.962891 1.970703 1.978516 1.986328 1.994141 1.994141 1.990234 1.986328 1.982422 1.974609 1.970703 1.966797 1.958984 1.955078 1.951172 1.943359 1.935547 1.927734 1.919922 1.912109 1.908203 1.904297 1.908203 1.912109 1.916016 1.927734 1.935547 1.939453 1.951172 1.962891 1.943359 1.822266 1.646484 1.521484 1.466797 1.458984 1.478516 1.517578 1.580078
1.693359 1.634766 1.568359 1.513672 1.474609 1.455078 1.455078 1.470703 1.513672 1.560547 1.603516 1.646484 1.685547 1.720703 1.751953 1.783203 1.806641 1.826172 1.849609 1.865234 1.880859 1.896484 1.912109 1.923828 1.935547 1.947266 1.958984 1.966797 1.974609 1.974609 1.974609 1.974609 1.966797 1.962891 1.958984 1.955078 1.951172 1.943359 1.939453 1.931641 1.923828 1.916016 1.912109 1.908203 1.904297 1.908203 1.912109 1.919922 1.927734 1.935547 1.943359 1.955078 1.966797 1.939453 1.822266 1.650391 1.537109 1.498047 1.505859 1.537109 1.587891 1.650391
1.720703 1.669922 1.603516 1.533203 1.478516 1.435547 1.416016 1.419922 1.451172 1.486328 1.521484 1.560547 1.591797 1.626953 1.662109 1.693359 1.724609 1.748047 1.771484 1.791016 1.806641 1.822266 1.837891 1.849609 1.865234 1.884766 1.904297 1.919922 1.931641 1.943359 1.951172 1.955078 1.951172 1.951172 1.947266 1.943359 1.943359 1.939453 1.931641 1.923828 1.919922 1.912109 1.904297 1.904297 1.900391 1.904297 1.912109 1.919922 1.927734 1.939453 1.947266 1.958984 1.978516 1.962891 1.849609 1.693359 1.599609 1.572266 1.572266 1.607422 1.673828 1.748047
1.751953 1.708984 1.654297 1.583984 1.505859 1.443359 1.400391 1.388672 1.392578 1.412109 1.435547 1.466797 1.490234 1.521484 1.556641 1.591797 1.623047 1.650391 1.681641 1.705078 1.720703 1.736328 1.748047 1.759766 1.771484 1.794922 1.818359 1.845703 1.869141 1.892578 1.912109 1.923828 1.927734 1.931641 1.935547 1.931641 1.931641 1.927734 1.923828 1.919922 1.912109 1.908203 1.900391 1.896484 1.896484 1.900391 1.908203 1.919922 1.931641 1.943359 1.955078 1.970703 1.998047 1.998047 1.896484 1.755859 1.673828 1.638672 1.646484 1.689453 1.771484 1.861328
1.783203 1.751953 1.708984 1.646484 1.564453 1.478516 1.412109 1.373047 1.357422 1.357422 1.365234 1.380859 1.392578 1.412109 1.447266 1.482422 1.513672 1.544922 1.576172 1.603516 1.626953 1.638672 1.650391 1.658203 1.669922 1.681641 1.708984 1.744141 1.779297 1.814453 1.849609 1.876953 1.892578 1.904297 1.912109 1.919922 1.919922 1.919922 1.919922 1.916016 1.908203 1.904297 1.896484 1.896484 1.896484 1.900391 1.908203 1.919922 1.935547 1.951172 1.958984 1.978516 2.017578 2.033203 1.939453 1.814453 1.736328 1.708984 1.716797 1.771484 1.873047 1.978516
1.814453 1.791016 1.755859 1.708984 1.638672 1.537109 1.439453 1.373047 1.341797 1.330078 1.326172 1.330078 1.330078 1.337891 1.357422 1.380859 1.412109 1.439453 1.470703 1.498047 1.521484 1.541016 1.552734 1.564453 1.572266 1.580078 1.603516 1.634766 1.677734 1.720703 1.763672 1.806641 1.841797 1.869141 1.888672 1.900391 1.908203 1.912109 1.912109 1.912109 1.908203 1.900391 1.896484 1.892578 1.896484 1.900391 1.912109 1.923828 1.939453 1.955078 1.966797 1.990234 2.041016 2.076172 1.982422 1.853516 1.787109 1.767578 1.787109 1.865234 1.990234 2.099609
1.837891 1.826172 1.798828 1.767578 1.720703 1.623047 1.505859 1.412109 1.357422 1.337891 1.322266 1.314453 1.310547 1.302734 1.302734 1.306641 1.322266 1.345703 1.369141 1.392578 1.423828 1.447266 1.466797 1.482422 1.498047 1.505859 1.521484 1.548828 1.576172 1.615234 1.666016 1.720703 1.775391 1.818359 1.849609 1.873047 1.892578 1.904297 1.908203 1.908203 1.904297 1.904297 1.896484 1.896484 1.896484 1.904297 1.912109 1.927734 1.943359 1.962891 1.974609 2.001953 2.068359 2.115234 2.025391 1.884766 1.822266 1.814453 1.861328 1.962891 2.083984 2.169922
1.861328 1.853516 1.837891 1.814453 1.787109 1.720703 1.595703 1.474609 1.396484 1.361328 1.341797 1.333984 1.322266 1.306641 1.283203 1.263672 1.259766 1.275391 1.291016 1.310547 1.341797 1.373047 1.404297 1.431641 1.447266 1.458984 1.466797 1.486328 1.505859 1.533203 1.583984 1.638672 1.705078 1.767578 1.814453 1.849609 1.880859 1.900391 1.908203 1.912109 1.908203 1.908203 1.900391 1.900391 1.904297 1.908203 1.916016 1.931641 1.951172 1.966797 1.986328 2.017578 2.091797 2.150391 2.060547 1.931641 1.869141 1.869141 1.919922 2.017578 2.126953 2.201172
1.880859 1.873047 1.861328 1.845703 1.830078 1.798828 1.701172 1.576172 1.474609 1.416016 1.392578 1.388672 1.376953 1.345703 1.306641 1.263672 1.244141 1.248047 1.259766 1.271484 1.302734 1.345703 1.384766 1.423828 1.451172 1.458984 1.466797 1.486328 1.501953 1.517578 1.560547 1.611328 1.673828 1.744141 1.798828 1.845703 1.876953 1.900391 1.912109 1.916016 1.916016 1.912109 1.908203 1.908203 1.908203 1.916016 1.923828 1.939453 1.955078 1.974609 1.994141 2.025391 2.107422 2.177734 2.103516 1.986328 1.935547 1.935547 1.974609 2.052734 2.134766 2.197266
