py_wake/examples/data/AJ_ParqueFicticio/Ridge area   Sector 9   Height 30m   Power density.grd
DSAA
90  129
 262878   265103
 6504214   6507414
 .02814009   926.9411
[rows 54 to 80 of 129, columns 0 to 61 of 90]
306.608 299.6382 286.9209 267.9944 245.5186 223.3017 201.6255 181.97 163.5875 151.3318 152.4747 162.7614 172.1392 172.4563 166.8147 159.2738 154.8363 154.9539 155.6004 158.4828 165.6554 174.0831 182.8018 191.228 199.2087 204.2747 209.9139 218.729 224.6354 231.6418 243.8961 258.1952 274.0718 290.2422 303.4799 317.5212 336.5793 358.7628 386.0547 420.5366 463.7136 515.6213 565.9307 612.446 660.3866 683.0104 677.1044 648.8209 609.4395 561.8698 511.9102 453.7852 377.6089 284.7278 183.7922 117.3948 91.39002 85.60212 93.87264 117.7497 160.203 210.0144
311.1114 307.0788 297.5775 280.8733 255.9452 231.9929 211.6823 192.7656 175.6065 165.2461 166.4529 176.3774 184.2682 181.7456 173.1962 162.7745 155.1193 151.0422 149.2854 151.4826 158.4297 167.9235 177.3883 187.601 198.5113 207.4508 216.0853 225.4623 233.9277 244.4303 257.1353 273.2772 289.3745 302.4633 313.6772 327.2712 347.9522 370.5678 396.045 429.4124 473.1938 525.6683 575.0718 624.7463 668.8444 685.3742 680.2896 656.2463 619.1905 573.6504 524.0677 471.1388 406.5921 328.1643 239.7793 166.3959 134.0605 127.9174 136.817 162.1291 198.0099 231.0251
316.4479 315.9861 309.606 293.8372 267.6612 243.8293 223.1727 204.8506 189.1965 180.0781 181.5617 192.103 200.2659 195.4374 184.343 171.1547 160.3697 152.4437 146.8472 146.1656 153.2351 163.4179 173.3097 185.9632 200.2608 213.4134 225.0931 236.0327 245.5713 257.4795 272.0983 289.02 304.9423 317.6631 330.4305 346.6857 365.6188 386.8733 410.4479 442.6558 487.6106 539.4356 589.0673 639.1498 674.2025 687.0702 683.5778 661.6761 627.2255 586.3268 539.054 489.0025 432.5617 365.7333 287.0511 213.9609 178.1409 169.7426 175.8058 195.0444 221.1129 245.3315
323.5732 324.7027 320.2344 305.4415 281.7689 257.6041 237.7299 221.863 208.7491 200.2271 199.5849 209.9207 218.8116 216.4191 203.1727 186.32 170.1878 158.1345 148.5508 145.6911 153.3293 163.8096 173.6781 187.3172 204.2255 220.686 235.4165 248.1206 259.6192 273.7195 288.9711 306.2253 322.3881 337.7869 353.8372 371.455 390.2321 408.776 431.6852 464.5786 509.6331 558.6752 607.4091 652.1083 676.6553 688.6886 686.3339 667.2591 634.5998 599.3146 556.8127 511.7787 461.4545 402.5082 336.5191 267.7354 223.1114 207.1064 206.6098 219.828 239.2379 253.6933
328.137 331.9209 328.7686 314.669 293.9994 272.8051 255.4108 239.28 227.0695 220.9089 221.6264 229.4197 236.627 234.859 222.7342 207.1404 190.6798 175.987 161.5044 155.66 161.3986 170.0773 179.9234 194.6684 212.7899 231.3365 247.9757 262.0995 276.4329 291.9571 309.2782 327.6371 345.538 362.862 380.2448 399.694 418.6507 438.092 463.4824 496.6789 537.8486 583.1138 627.4388 659.6522 679.0118 691.2546 690.5939 673.3894 643.5254 610.6882 573.9756 534.0405 490.9871 442.7516 388.0978 331.2388 279.3347 247.8956 235.8657 235.0636 239.3878 239.5367
332.4064 338.4735 338.2166 327.6708 309.6462 291.2428 275.2328 260.4281 249.1299 242.3424 242.3441 247.9164 253.5912 251.5443 240.4471 226.9318 212.137 196.53 182.5926 175.325 177.76 183.1931 192.6058 208.3143 227.4713 246.5293 264.5913 280.4093 295.6636 312.9921 332.0854 353.2531 374.9855 394.3045 413.0595 433.0803 451.6476 472.3051 499.7813 531.7247 567.2795 607.7781 640.9557 662.7323 682.7339 696.5645 696.053 679.2145 652.4966 621.437 586.4268 552.9802 517.1265 477.7565 432.4779 383.137 335.1538 291.7655 256.5899 234.6621 218.6752 207.0409
339.4175 347.623 350.5516 343.7233 328.0534 313.6422 299.1285 286.0164 275.0311 266.366 264.6062 268.49 271.7448 269.1003 260.5054 250.5639 238.1303 222.9296 208.4542 198.5526 200.2497 205.0818 212.5418 228.3611 247.6109 266.3821 284.3076 299.8266 316.7433 335.5186 356.9599 381.9825 407.2997 427.6211 447.266 468.0528 485.7439 505.6647 530.294 557.6201 590.1722 623.8118 645.4918 664.4155 686.6053 702.746 698.6085 680.8377 658.1577 628.8601 596.1756 565.9243 537.1167 505.3661 467.8111 423.0608 373.1415 320.7844 267.1546 219.1918 185.6903 166.2754
350.8919 359.8103 364.6967 361.3701 349.8863 337.5038 324.628 312.6049 301.3437 291.4902 287.5166 287.7944 290.3971 289.2766 283.7833 275.3224 264.3394 251.2297 238.0705 229.7641 229.1698 232.5356 239.0044 253.6111 272.9974 291.2143 307.4107 322.9292 341.1731 360.6427 383.4322 409.8252 435.7821 455.8683 477.0552 495.4788 511.9959 531.9045 551.5275 573.4529 602.5039 627.0081 644.5833 663.3632 688.3043 700.272 689.2742 670.6545 653.5214 630.702 602.024 574.6345 549.8857 523.7861 490.754 448.2502 391.9738 326.6031 258.491 193.9717 147.3191 121.9799
365.4107 373.6062 379.9563 380.9804 374.9383 363.5224 351.2927 339.3202 327.7405 318.3279 313.5681 311.8192 310.3122 306.3888 302.5996 296.163 289.3657 280.7292 272.7909 267.8101 265.7317 269.1474 275.251 287.9086 305.4279 322.6641 336.7971 350.0979 367.0139 387.5629 409.075 435.3286 457.3427 478.7234 498.8686 514.235 529.6595 547.1119 561.4574 579.4985 603.7692 622.4011 638.538 657.4649 682.7908 686.642 672.8453 655.6304 641.8183 627.309 606.7605 583.1075 558.8814 533.6378 503.3051 461.5422 400.9766 325.9254 245.6701 169.2897 113.9104 83.40112
383.4113 391.5483 402.4286 406.8711 399.3263 387.7398 375.174 363.4632 351.7825 341.4994 332.9998 326.4268 322.3427 320.2562 320.5176 319.7761 315.5139 310.192 305.7048 305.6149 307.5257 310.2675 316.8494 327.2805 344.1689 356.7456 365.5794 377.5687 394.3941 412.2381 433.2156 456.4689 475.3662 495.6451 512.8525 525.0909 538.7171 551.3328 562.4071 575.4426 595.1515 610.9322 627.5039 646.8198 668.5778 668.5895 655.6891 641.0511 629.7772 620.3058 608.859 590.5128 565.5232 538.5121 509.3974 468.4654 407.0251 327.0856 240.22 155.3696 93.14204 60.14689
398.9677 408.879 419.3756 418.8772 408.4533 396.5071 384.3172 372.6409 361.5905 351.3654 342.4503 335.6122 331.436 331.1248 334.6799 336.3806 332.4535 330.0124 331.2243 339.5756 343.5421 344.3034 348.7891 362.061 377.2438 383.473 389.7263 402.4605 417.6878 433.2223 453.0601 472.829 489.2489 506.1457 520.305 530.1091 539.4948 547.024 552.7048 562.5881 579.2501 593.6174 608.8593 627.0289 646.5441 648.4778 639.0004 628.0959 618.6467 612.6055 607.0193 595.5969 569.9183 539.8672 510.2762 471.5243 410.8114 328.5775 238.2058 150.5279 83.38311 48.95539
407.2768 416.7648 425.7138 423.2643 412.9908 402.124 390.8167 379.0746 367.1125 355.6403 345.581 337.4245 331.6485 331.1823 335.7635 339.3642 340.0031 341.8492 346.7293 356.6007 361.4232 363.8638 370.3372 384.2818 395.2387 401.0797 408.3905 421.3366 433.5192 447.4958 465.2173 481.072 494.6334 507.6813 517.3101 523.6508 527.9843 529.3583 530.2406 538.5665 554.3167 568.3286 582.455 599.3415 619.6049 627.9077 623.9091 616.0638 608.7796 604.518 601.7816 594.6874 570.7665 536.8271 504.9833 468.94 407.4223 325.7316 236.6853 151.0001 81.72752 45.51851
409.9194 418.9355 425.2837 424.2457 414.0689 402.5507 390.8368 377.4726 362.8777 348.5209 336.1082 324.9923 317.7934 318.0153 324.9417 333.3133 337.2434 341.624 348.2874 357.5361 364.6986 371.3752 379.8595 391.5795 401.9272 410.4915 419.9834 431.7978 442.6503 453.7231 468.3894 481.0898 490.5455 498.3442 503.3088 505.8641 503.9526 498.6141 496.6948 506.3608 519.7325 535.6823 553.0792 569.9766 589.2874 605.7789 611.5269 606.3407 601.0991 596.9586 594.7974 589.295 565.0056 528.9971 495.1471 460.5425 399.5146 320.1202 233.3723 150.6054 84.55553 45.09193
409.4744 417.2843 421.5188 419.1066 410.9422 399.4476 385.8602 369.5493 350.6621 332.1711 316.7853 304.1093 296.7755 298.4966 308.1079 322.013 329.7964 334.2983 340.3734 350.6446 361.3423 368.9798 377.9289 389.8914 401.3979 410.449 420.297 431.831 440.1539 449.1236 462.8703 473.159 477.58 478.5887 479.9765 478.5228 470.2805 460.708 460.2636 468.883 482.9202 501.2957 522.2825 542.7766 563.4007 584.9066 597.9202 598.9894 594.1659 589.7616 586.8357 581.8223 555.463 517.571 482.5114 449.7177 389.353 312.5337 227.0878 146.2524 84.3123 49.75569
405.2631 411.4158 414.0606 410.5004 399.5355 387.0641 371.2802 350.5532 326.7185 304.7166 287.4193 274.7149 269.5248 274.786 286.8797 302.4201 315.189 321.6249 328.3965 339.2391 351.7032 360.4862 369.9337 381.9656 393.4069 401.7731 410.4862 418.9427 424.6569 433.0869 443.7095 451.4419 451.7229 447.3517 444.9043 440.2008 429.1026 420.899 420.2195 428.6511 445.652 466.0103 491.0594 517.9249 541.2622 563.9366 582.7844 591.449 588.7678 583.1163 578.2922 571.1077 543.2483 503.043 466.1613 432.5753 368.2592 289.2704 205.0793 130.6912 77.49702 52.84202
398.5495 401.9694 402.364 394.6217 379.3501 361.9745 340.6782 315.6286 290.3726 268.8876 252.3032 241.2682 238.6529 245.1764 258.1209 274.8913 289.9956 300.3295 310.5761 322.2231 333.9474 345.3472 355.0671 365.3012 375.2168 384.8037 391.1721 394.512 399.1152 405.5482 412.3082 415.3935 412.6291 405.5778 398.6668 390.0473 381.9037 376.2023 377.4522 387.1948 406.3094 430.3141 459.0014 494.3442 523.4547 545.9941 566.933 583.1177 584.4355 577.2337 569.3187 559.0464 527.6058 482.8892 442.0929 401.8173 328.0292 242.6459 163.2726 102.8321 67.66899 55.60049
387.6656 387.9243 384.7426 372.35 352.1006 329.6687 305.7526 280.5693 254.1458 230.8698 213.7159 202.9851 200.2053 207.2472 222.2112 240.28 255.885 268.7672 282.8367 297.0793 309.0988 321.6687 333.3378 342.8162 351.921 358.7766 363.4777 363.1089 365.4698 366.7747 368.6083 368.1864 362.473 352.6155 343.5518 336.0691 327.2141 319.8631 321.4367 338.3683 362.2031 390.0754 425.3357 468.5183 509.2705 533.6797 554.9092 573.8963 579.7172 570.8967 558.3079 542.9078 506.647 457.3519 410.9643 358.1481 276.3413 191.4229 123.4704 79.42249 64.4501 57.33199
370.9814 368.6443 362.3227 346.1256 323.0931 299.9742 276.4267 251.5992 223.9735 196.5266 174.7246 160.337 154.7861 163.9101 180.5869 199.7607 214.4538 229.0307 244.7611 260.4283 276.3362 291.3333 303.4028 312.5963 320.927 325.5949 326.0506 322.9319 320.9781 318.5556 317.0914 313.0801 307.9359 301.1718 293.3469 283.9634 274.0924 261.6923 255.2577 278.3526 318.039 352.0609 392.1853 442.7889 495.6623 526.8215 546.0871 564.1407 572.3306 562.7481 543.2554 519.1995 477.1065 424.0529 371.3943 305.5925 221.7541 146.2958 94.4561 64.66885 69.96699 58.7625
349.3592 342.1094 331.8867 315.7821 292.3286 267.8944 244.4042 221.3292 195.3507 169.0133 146.9114 129.4109 118.1447 121.6418 137.0487 153.6941 167.544 181.8594 197.1936 212.6624 229.8247 248.2782 261.1397 269.2397 275.2863 278.405 277.7946 273.3723 268.4989 262.4737 261.0186 261.2897 258.3476 252.108 242.8895 235.2076 232.4681 223.8392 215.2309 235.5897 284.6382 328.5647 372.5663 427.4516 487.2977 527.1595 543.0066 555.9873 559.0942 543.412 514.2628 479.6455 434.3319 382.0697 323.7188 251.5564 174.743 113.2916 77.16035 56.55256 113.7855 85.00377
318.6814 307.5883 296.8639 280.9414 257.325 233.8661 211.5117 188.6722 165.1048 143.2697 125.6264 110.1057 97.97173 93.74017 96.98123 105.1817 113.577 125.4324 136.0484 149.3113 166.9062 182.7321 195.0684 203.055 207.5201 210.0831 212.2225 211.2042 209.417 206.8562 206.3163 205.744 207.3298 207.0831 201.2198 198.95 202.8407 203.2934 206.8713 226.8858 275.955 324.8531 373.2495 429.8783 491.3932 534.4273 543.0648 547.5034 540.1354 513.47 474.7471 434.5013 388.9069 337.491 275.6515 204.3484 137.8969 92.32964 69.86465 55.04502 96.45029 84.01867
281.5386 272.3812 261.7979 244.7475 222.733 200.5009 178.2493 156.6753 138.0631 121.4292 104.9515 91.59769 82.75426 80.01421 81.22928 81.69542 85.56303 91.22141 96.57619 107.0275 121.2857 129.4322 133.8247 139.943 144.9859 147.5704 146.9121 146.0708 144.0931 144.3573 146.2602 146.0148 153.0655 163.1106 167.0815 172.1185 181.2347 192.0283 206.1133 231.3335 280.6035 332.9559 387.2578 445.3716 505.6051 544.4562 545.1521 539.3832 519.6633 481.3632 436.7657 393.6763 347.202 291.4347 225.4118 158.9935 106.2138 80.99635 74.64754 73.6324 33.50381 79.64737
251.2823 241.6666 228.7249 212.1246 191.0211 167.6523 145.323 129.8123 124.9217 118.3034 107.7164 94.94116 82.0436 76.81542 81.51889 83.20448 80.53091 82.59765 89.38162 99.8032 110.9055 113.9299 110.7883 107.3032 109.194 112.4171 109.673 102.2795 95.60667 98.03711 101.6713 100.2414 107.1174 125.7013 141.6559 155.8955 172.2716 190.7056 209.8746 241.5324 293.8682 349.4973 407.3926 464.4874 522.3156 553.7401 545.189 529.5779 497.6998 450.6594 401.5721 356.0729 304.0504 236.6225 168.4128 114.4159 85.47976 85.20598 111.7579 114.3791 87.27444 62.28753
226.0885 216.8592 203.5748 187.7505 167.934 146.7276 128.2708 121.4021 127.3824 126.8436 121.794 112.5445 101.7067 96.08862 100.5299 101.8251 97.72951 97.28859 104.3787 114.5185 120.4414 118.321 111.9868 104.9693 102.9366 103.6196 99.20427 91.13486 83.19036 83.18681 86.60406 86.43477 92.27283 112.4046 133.7278 155.1271 177.3515 201.7196 226.0924 265.1107 319.9517 377.7823 435.9573 489.0158 543.5237 560.7889 543.9254 517.4846 473.8067 419.9718 367.9562 313.9928 245.3731 168.4214 108.5931 79.06091 81.99461 134.1595 122.031 101.6882 79.42644 72.22848
202.2078 193.3707 181.5789 168.1644 152.7051 139.3124 131.9183 134.2132 141.7343 144.2386 143.142 138.1265 135.7482 135.2204 135.8254 136.5944 134.0291 133.3925 134.8928 139.0576 141.3561 137.6148 131.1318 124.2207 119.8288 115.8476 109.3673 101.6674 95.65015 94.79317 95.41497 96.32012 104.0156 120.8234 142.314 165.8607 192.2165 222.3902 257.1718 304.2831 359.9957 426.596 490.4992 541.4884 590.1171 583.0341 550.5426 502.1426 449.2904 391.1376 327.625 252.4961 168.0378 97.53818 63.93363 66.93905 120.1379 105.8074 93.89394 82.63456 68.96648 95.77682
181.5447 171.5269 161.1587 154.2487 146.378 139.6638 138.0724 146.7153 155.8614 160.055 163.3353 168.5718 170.123 171.8184 173.4976 176.054 177.7606 174.506 171.8954 171.497 170.9933 166.2897 160.0621 155.3341 150.4365 142.0072 132.3726 124.8574 120.4643 117.6832 115.4443 116.7207 124.9983 139.7409 162.2631 188.1774 218.0469 254.1359 299.9761 356.3878 425.5669 494.4196 549.9159 595.9451 629.6308 604.6528 563.6043 504.4185 427.8499 360.9131 273.3439 173.5893 91.08962 50.86039 49.25747 91.20837 78.16964 69.56944 63.93264 59.89008 55.04103 49.5555
168.654 158.6061 151.0054 152.0817 150.9011 147.4254 149.2854 160.5489 171.0582 179.2168 188.2103 195.2511 200.1629 205.9771 211.707 214.6257 214.9057 211.873 209.5825 207.5637 204.5395 198.7165 193.5309 189.547 183.0326 172.7754 162.3348 155.6537 150.5717 145.0425 141.6443 143.6061 149.7896 165.7128 191.4493 220.8539 254.504 297.3381 362.2463 429.5983 498.2625 557.2256 606.3699 647.167 657.7884 620.5189 572.4723 506.8789 429.5785 326.7563 213.7197 103.5176 45.01743 35.09172 74.69032 56.71904 47.08384 41.93217 39.75779 39.14421 38.78239 38.92573
166.9197 161.5327 160.693 164.7366 166.2928 167.8097 174.2962 184.1348 195.841 206.8387 216.9804 227.1128 236.5591 246.0388 250.7035 252.1377 252.1131 248.1564 245.9365 243.2306 239.4518 234.5979 229.3693 223.4438 215.4972 206.0904 197.1573 190.2457 183.8476 178.3174 175.808 177.2622 183.3767 201.3613 228.8644 264.8503 310.6985 367.8833 435.9167 505.1962 567.5179 617.0087 661.3183 688.877 673.9581 630.9911 576.2358 508.0949 432.0868 317.6062 165.8672 59.59048 25.84849 45.84472 47.55033 33.12392 26.97456 24.23107 22.97846 23.00721 23.81297 25.60615
