py_wake/examples/data/AJ_ParqueFicticio/Ridge area   Sector 4   Height 30m   Mean speed.grd
DSAA
90  129
 262878   265103
 6504214   6507414
 .3957666   9.732685
[rows 81 to 107 of 129, columns 0 to 61 of 90]
3.312131 3.344653 3.391093 3.426763 3.456915 3.495083 3.541044 3.593843 3.668042 3.741588 3.820749 3.911228 3.964022 3.954609 3.888379 3.815855 3.756881 3.688332 3.639609 3.595274 3.517313 3.473767 3.434744 3.40676 3.37459 3.347272 3.342182 3.369777 3.446463 3.562802 3.741122 4.031888 4.514191 5.165104 5.882363 6.560891 7.121222 7.577652 7.951231 8.2701 8.552989 8.847705 9.107268 9.29831 9.441238 9.553462 9.608026 9.601287 9.464342 9.13784 8.790531 8.399696 8.023382 7.69146 7.420677 7.220169 7.080359 6.963594 6.863976 6.778057 6.676319 6.596987
3.529663 3.614023 3.697294 3.764746 3.827482 3.884778 3.948585 4.004166 4.046143 4.10165 4.195484 4.298827 4.372777 4.382436 4.323351 4.244703 4.151565 4.100317 4.107789 4.126118 4.052894 3.954802 3.867099 3.848633 3.877786 3.932706 4.007257 4.118343 4.287439 4.460165 4.67713 4.958901 5.369401 5.913456 6.463866 6.957944 7.390191 7.770019 8.109318 8.389572 8.651296 8.94333 9.166807 9.306032 9.434218 9.53264 9.568549 9.55573 9.374386 9.049518 8.706384 8.298057 7.904821 7.548356 7.256793 7.038519 6.89042 6.775446 6.695748 6.643051 6.574547 6.499483
3.750807 3.873622 3.995464 4.093045 4.15925 4.232669 4.294359 4.312339 4.333457 4.405633 4.491135 4.563817 4.669219 4.730491 4.645888 4.523294 4.426507 4.395975 4.452045 4.534254 4.424501 4.293654 4.197091 4.194012 4.294635 4.441843 4.59537 4.788523 5.052777 5.27372 5.485514 5.735849 6.071647 6.49511 6.904823 7.259986 7.606205 7.933114 8.241148 8.477859 8.720811 8.987775 9.181534 9.295589 9.410814 9.492473 9.516978 9.487695 9.279577 8.980377 8.647516 8.239127 7.841019 7.473225 7.161348 6.915288 6.75276 6.633123 6.559831 6.513895 6.45715 6.408062
3.91944 4.065947 4.201503 4.302226 4.37641 4.442467 4.477591 4.487342 4.518909 4.593712 4.653784 4.696069 4.753702 4.778693 4.713919 4.618396 4.543879 4.519741 4.551712 4.595398 4.524077 4.425509 4.359105 4.370215 4.486778 4.706983 4.978991 5.261238 5.596334 5.859996 6.095852 6.36952 6.659749 6.957123 7.254547 7.525706 7.790869 8.081738 8.34527 8.544835 8.759167 8.991779 9.164021 9.263881 9.36471 9.43607 9.448554 9.388773 9.17673 8.916457 8.599788 8.218033 7.838228 7.465001 7.133451 6.861227 6.687233 6.559651 6.475458 6.408358 6.348903 6.313358
4.025423 4.18296 4.317171 4.426979 4.526718 4.573304 4.581817 4.595387 4.63901 4.695886 4.716712 4.701956 4.672122 4.638012 4.591304 4.5377 4.487955 4.463603 4.456345 4.452001 4.411352 4.350889 4.313909 4.350589 4.491242 4.76175 5.147394 5.536507 5.943988 6.256722 6.568948 6.866438 7.108649 7.320932 7.541826 7.756248 7.966981 8.225183 8.439308 8.60358 8.778352 8.961691 9.112123 9.210153 9.297828 9.358711 9.348193 9.263143 9.075381 8.851451 8.550682 8.201838 7.845635 7.476366 7.134808 6.844779 6.670692 6.537326 6.432078 6.336468 6.260891 6.215214
4.087038 4.238325 4.368084 4.487802 4.593571 4.623118 4.611024 4.60152 4.624204 4.660133 4.636279 4.565496 4.484715 4.417347 4.349249 4.306627 4.296943 4.280543 4.258291 4.237613 4.190543 4.149043 4.141634 4.232181 4.417767 4.751313 5.219501 5.696383 6.159135 6.529853 6.877057 7.189192 7.411104 7.593203 7.769827 7.930113 8.128203 8.356332 8.52876 8.65965 8.784647 8.905618 9.01175 9.097208 9.17771 9.223886 9.201946 9.122262 8.975635 8.776564 8.488694 8.170518 7.835151 7.486964 7.15108 6.855444 6.68009 6.537236 6.412317 6.294196 6.205672 6.138611
4.080712 4.221756 4.340975 4.452363 4.537733 4.544953 4.51275 4.475716 4.454622 4.442335 4.391159 4.309742 4.219369 4.134212 4.039557 3.976985 3.966158 3.979126 3.987792 3.96492 3.923531 3.889935 3.925349 4.091787 4.347498 4.747832 5.283267 5.809414 6.293379 6.702803 7.058626 7.359541 7.596057 7.788359 7.933401 8.075082 8.27023 8.473945 8.614694 8.708645 8.773429 8.833313 8.894981 8.952834 9.019054 9.054178 9.036104 8.97091 8.859355 8.68033 8.408745 8.13915 7.848296 7.535076 7.216772 6.924915 6.742569 6.594933 6.446167 6.301124 6.214826 6.139666
3.989842 4.112921 4.22108 4.308577 4.350424 4.337152 4.293425 4.235559 4.176961 4.107191 4.025932 3.935368 3.84358 3.752723 3.651183 3.577487 3.538544 3.568003 3.621519 3.630131 3.619277 3.640934 3.720278 3.966316 4.361075 4.80792 5.355782 5.891116 6.385051 6.803441 7.160156 7.464226 7.72366 7.915824 8.050477 8.193199 8.385361 8.571173 8.690373 8.739618 8.739059 8.750525 8.775654 8.806697 8.850521 8.870771 8.851564 8.796609 8.707768 8.553606 8.328465 8.109191 7.860959 7.591913 7.298292 7.020965 6.834719 6.694583 6.549515 6.39181 6.284145 6.19113
3.827779 3.928391 4.023722 4.084651 4.074229 4.02302 3.960244 3.885156 3.796655 3.69618 3.589009 3.481212 3.370428 3.272207 3.190473 3.124182 3.077228 3.124742 3.181952 3.233986 3.274508 3.364958 3.513244 3.902273 4.382583 4.886494 5.424546 5.960604 6.462737 6.875445 7.233186 7.550452 7.829803 8.012645 8.14115 8.288887 8.47819 8.650434 8.748052 8.753298 8.695216 8.65583 8.640808 8.636114 8.641556 8.639011 8.629644 8.594982 8.536883 8.410543 8.244096 8.073864 7.869963 7.639913 7.373559 7.121001 6.940094 6.814889 6.688343 6.530065 6.405672 6.305153
3.59492 3.665322 3.752765 3.786404 3.725813 3.635791 3.541139 3.451996 3.350893 3.243909 3.12703 3.00185 2.868316 2.755743 2.692484 2.659112 2.637335 2.665908 2.732554 2.791842 2.880305 3.04499 3.373509 3.837715 4.412512 4.982508 5.537959 6.074776 6.557851 6.952183 7.303958 7.627615 7.917411 8.091658 8.216403 8.362488 8.542868 8.701425 8.776047 8.750363 8.621011 8.519645 8.482024 8.454961 8.434689 8.403475 8.396781 8.385075 8.353641 8.258678 8.141026 8.02501 7.861673 7.651888 7.409596 7.191194 7.036712 6.929237 6.826901 6.67868 6.549488 6.443026
3.270886 3.313615 3.365597 3.371874 3.292749 3.184578 3.080258 2.988605 2.887115 2.781989 2.675512 2.556188 2.425368 2.31267 2.259688 2.261538 2.266813 2.299488 2.379069 2.462429 2.598073 3.033654 3.433978 3.994619 4.64372 5.219225 5.748262 6.256812 6.68538 7.038714 7.371976 7.676237 7.948628 8.119592 8.244678 8.387009 8.547374 8.685608 8.748037 8.684204 8.532474 8.411448 8.344213 8.277921 8.205265 8.162871 8.161365 8.165147 8.15405 8.106888 8.024498 7.949081 7.811354 7.606524 7.381623 7.202192 7.087173 7.006037 6.925204 6.805661 6.697742 6.598195
2.863714 2.891357 2.904894 2.870182 2.794382 2.694592 2.589676 2.497931 2.411166 2.329636 2.243215 2.146088 2.053242 1.980937 1.963387 1.981241 2.00465 2.084609 2.224826 2.373894 2.806879 3.386313 3.927054 4.537114 5.129506 5.626592 6.06236 6.483077 6.841953 7.143426 7.445057 7.707473 7.938812 8.102862 8.237045 8.383529 8.522341 8.630841 8.672972 8.597638 8.444092 8.29646 8.184416 8.07668 7.963659 7.921336 7.927603 7.950644 7.964388 7.95149 7.893223 7.832592 7.707652 7.508872 7.303279 7.158829 7.079573 7.021701 6.964866 6.895119 6.827725 6.754783
2.43957 2.450995 2.44744 2.408549 2.325619 2.225678 2.123576 2.04233 1.97095 1.91677 1.863174 1.806866 1.758005 1.728692 1.758486 1.81763 1.8875 2.049341 2.293837 2.756903 3.392417 4.039051 4.664166 5.221156 5.676768 6.069851 6.415205 6.73675 7.006948 7.263956 7.530537 7.752453 7.941236 8.081846 8.2106 8.354724 8.470269 8.557475 8.580466 8.496466 8.328917 8.155439 7.997147 7.856383 7.732941 7.681839 7.690304 7.735566 7.771233 7.783644 7.755197 7.691092 7.573944 7.380189 7.195599 7.075999 7.019822 6.988469 6.966843 6.952611 6.930696 6.892862
2.066984 2.064336 2.065779 2.031208 1.954807 1.848376 1.732535 1.655806 1.616605 1.581196 1.553432 1.545956 1.542669 1.57227 1.677022 1.816061 2.009835 2.307366 2.805315 3.429194 4.105148 4.771989 5.323018 5.749418 6.108844 6.412279 6.696358 6.954087 7.159411 7.37844 7.606697 7.795259 7.944494 8.049642 8.158863 8.284059 8.380997 8.458778 8.475143 8.370752 8.186522 7.994764 7.82005 7.659517 7.517716 7.455801 7.466289 7.516229 7.562341 7.595159 7.596647 7.540736 7.410541 7.229485 7.058957 6.950816 6.915421 6.912131 6.92898 6.963659 6.995154 6.997647
1.769902 1.754229 1.751083 1.727403 1.662391 1.56849 1.478162 1.414249 1.394865 1.377015 1.372966 1.413935 1.471492 1.584478 1.78837 2.057359 2.40167 2.919647 3.519664 4.142035 4.757375 5.314779 5.776607 6.136775 6.436229 6.695532 6.940741 7.139415 7.299454 7.474531 7.647753 7.79576 7.917852 7.999864 8.091292 8.191078 8.283813 8.360696 8.358834 8.242413 8.057869 7.872398 7.687448 7.495917 7.3193 7.237838 7.241891 7.295718 7.355304 7.405721 7.423436 7.378825 7.240426 7.06521 6.907489 6.806042 6.784246 6.803603 6.852272 6.920908 6.992093 7.036858
1.515783 1.504812 1.499559 1.486793 1.439761 1.380294 1.321554 1.280528 1.288043 1.301174 1.347079 1.44271 1.592402 1.832493 2.157563 2.533064 3.053 3.650668 4.240762 4.789495 5.285437 5.73919 6.1282 6.444717 6.707823 6.964168 7.173077 7.310568 7.435986 7.562598 7.674751 7.771452 7.858651 7.916041 7.987809 8.066513 8.153993 8.236599 8.218094 8.121468 7.955999 7.774346 7.571904 7.346083 7.1341 7.017717 7.009022 7.070277 7.139882 7.199198 7.221914 7.196993 7.067656 6.899758 6.750236 6.654826 6.638569 6.668181 6.73552 6.830761 6.931565 7.011169
1.361558 1.326524 1.317496 1.312375 1.289931 1.262038 1.231919 1.231648 1.288338 1.368489 1.50411 1.701599 1.963866 2.311656 2.731384 3.247628 3.772397 4.3227 4.850799 5.303519 5.710238 6.096373 6.444809 6.69985 6.929202 7.182039 7.362951 7.473203 7.573138 7.648195 7.692941 7.730666 7.764132 7.789881 7.838316 7.897114 7.98406 8.061189 8.070035 8.010953 7.869497 7.686016 7.468135 7.217256 6.963611 6.802703 6.770292 6.824646 6.889654 6.960417 7.005426 7.012318 6.902827 6.727621 6.583496 6.493836 6.481174 6.510518 6.591292 6.712201 6.839834 6.947596
1.513638 1.406098 1.301719 1.283134 1.281369 1.287727 1.296723 1.377676 1.519182 1.697358 1.921296 2.204882 2.540913 2.980793 3.467251 3.957582 4.41365 4.865679 5.287091 5.662552 6.023156 6.357915 6.662261 6.878809 7.087399 7.318787 7.488172 7.593535 7.684456 7.723111 7.713138 7.695367 7.673345 7.655517 7.661482 7.693367 7.784326 7.866483 7.912209 7.892209 7.796852 7.636328 7.416313 7.146495 6.860375 6.636786 6.552222 6.575793 6.624839 6.706389 6.774002 6.810081 6.71628 6.540455 6.402345 6.314456 6.297117 6.327901 6.418692 6.567724 6.725712 6.86099
1.720568 1.668778 1.619917 1.555062 1.542254 1.544507 1.606351 1.751661 1.95628 2.194705 2.481395 2.826643 3.220762 3.631005 4.038888 4.446059 4.833564 5.205514 5.538109 5.849915 6.157459 6.459988 6.737087 6.952009 7.15706 7.37544 7.554237 7.677312 7.773959 7.790404 7.733697 7.657327 7.574833 7.497609 7.455757 7.466206 7.564212 7.661686 7.74415 7.775489 7.74644 7.626401 7.420684 7.14951 6.851927 6.584705 6.428973 6.383294 6.39136 6.444974 6.511608 6.565312 6.511992 6.37028 6.222883 6.135948 6.110583 6.144673 6.241585 6.399445 6.575068 6.732985
1.70141E+38 1.70141E+38 1.70141E+38 1.70141E+38 1.70141E+38 1.70141E+38 1.70141E+38 1.70141E+38 1.70141E+38 1.70141E+38 1.70141E+38 1.70141E+38 1.70141E+38 1.70141E+38 1.70141E+38 1.70141E+38 1.70141E+38 1.70141E+38 1.70141E+38 1.70141E+38 1.70141E+38 1.70141E+38 1.70141E+38 1.70141E+38 1.70141E+38 1.70141E+38 1.70141E+38 1.70141E+38 1.70141E+38 1.70141E+38 1.70141E+38 1.70141E+38 1.70141E+38 1.70141E+38 1.70141E+38 1.70141E+38 1.70141E+38 1.70141E+38 1.70141E+38 1.70141E+38 1.70141E+38 1.70141E+38 1.70141E+38 1.70141E+38 1.70141E+38 1.70141E+38 1.70141E+38 1.70141E+38 1.70141E+38 1.70141E+38 1.70141E+38 1.70141E+38 1.70141E+38 1.70141E+38 1.70141E+38 1.70141E+38 1.70141E+38 1.70141E+38 1.70141E+38 1.70141E+38 1.70141E+38 1.70141E+38
1.70141E+38 1.70141E+38 1.70141E+38 1.70141E+38 1.70141E+38 1.70141E+38 1.70141E+38 1.70141E+38 1.70141E+38 1.70141E+38 1.70141E+38 1.70141E+38 1.70141E+38 1.70141E+38 1.70141E+38 1.70141E+38 1.70141E+38 1.70141E+38 1.70141E+38 1.70141E+38 1.70141E+38 1.70141E+38 1.70141E+38 1.70141E+38 1.70141E+38 1.70141E+38 1.70141E+38 1.70141E+38 1.70141E+38 1.70141E+38 1.70141E+38 1.70141E+38 1.70141E+38 1.70141E+38 1.70141E+38 1.70141E+38 1.70141E+38 1.70141E+38 1.70141E+38 1.70141E+38 1.70141E+38 1.70141E+38 1.70141E+38 1.70141E+38 1.70141E+38 1.70141E+38 1.70141E+38 1.70141E+38 1.70141E+38 1.70141E+38 1.70141E+38 1.70141E+38 1.70141E+38 1.70141E+38 1.70141E+38 1.70141E+38 1.70141E+38 1.70141E+38 1.70141E+38 1.70141E+38 1.70141E+38 1.70141E+38
1.70141E+38 1.70141E+38 1.70141E+38 1.70141E+38 1.70141E+38 1.70141E+38 1.70141E+38 1.70141E+38 1.70141E+38 1.70141E+38 1.70141E+38 1.70141E+38 1.70141E+38 1.70141E+38 1.70141E+38 1.70141E+38 1.70141E+38 1.70141E+38 1.70141E+38 1.70141E+38 1.70141E+38 1.70141E+38 1.70141E+38 1.70141E+38 1.70141E+38 1.70141E+38 1.70141E+38 1.70141E+38 1.70141E+38 1.70141E+38 1.70141E+38 1.70141E+38 1.70141E+38 1.70141E+38 1.70141E+38 1.70141E+38 1.70141E+38 1.70141E+38 1.70141E+38 1.70141E+38 1.70141E+38 1.70141E+38 1.70141E+38 1.70141E+38 1.70141E+38 1.70141E+38 1.70141E+38 1.70141E+38 1.70141E+38 1.70141E+38 1.70141E+38 1.70141E+38 1.70141E+38 1.70141E+38 1.70141E+38 1.70141E+38 1.70141E+38 1.70141E+38 1.70141E+38 1.70141E+38 1.70141E+38 1.70141E+38
1.70141E+38 1.70141E+38 1.70141E+38 1.70141E+38 1.70141E+38 1.70141E+38 1.70141E+38 1.70141E+38 1.70141E+38 1.70141E+38 1.70141E+38 1.70141E+38 1.70141E+38 1.70141E+38 1.70141E+38 1.70141E+38 1.70141E+38 1.70141E+38 1.70141E+38 1.70141E+38 1.70141E+38 1.70141E+38 1.70141E+38 1.70141E+38 1.70141E+38 1.70141E+38 1.70141E+38 1.70141E+38 1.70141E+38 1.70141E+38 1.70141E+38 1.70141E+38 1.70141E+38 1.70141E+38 1.70141E+38 1.70141E+38 1.70141E+38 1.70141E+38 1.70141E+38 1.70141E+38 1.70141E+38 1.70141E+38 1.70141E+38 1.70141E+38 1.70141E+38 1.70141E+38 1.70141E+38 1.70141E+38 1.70141E+38 1.70141E+38 1.70141E+38 1.70141E+38 1.70141E+38 1.70141E+38 1.70141E+38 1.70141E+38 1.70141E+38 1.70141E+38 1.70141E+38 1.70141E+38 1.70141E+38 1.70141E+38
1.70141E+38 1.70141E+38 1.70141E+38 1.70141E+38 1.70141E+38 1.70141E+38 1.70141E+38 1.70141E+38 1.70141E+38 1.70141E+38 1.70141E+38 1.70141E+38 1.70141E+38 1.70141E+38 1.70141E+38 1.70141E+38 1.70141E+38 1.70141E+38 1.70141E+38 1.70141E+38 1.70141E+38 1.70141E+38 1.70141E+38 1.70141E+38 1.70141E+38 1.70141E+38 1.70141E+38 1.70141E+38 1.70141E+38 1.70141E+38 1.70141E+38 1.70141E+38 1.70141E+38 1.70141E+38 1.70141E+38 1.70141E+38 1.70141E+38 1.70141E+38 1.70141E+38 1.70141E+38 1.70141E+38 1.70141E+38 1.70141E+38 1.70141E+38 1.70141E+38 1.70141E+38 1.70141E+38 1.70141E+38 1.70141E+38 1.70141E+38 1.70141E+38 1.70141E+38 1.70141E+38 1.70141E+38 1.70141E+38 1.70141E+38 1.70141E+38 1.70141E+38 1.70141E+38 1.70141E+38 1.70141E+38 1.70141E+38
1.70141E+38 1.70141E+38 1.70141E+38 1.70141E+38 1.70141E+38 1.70141E+38 1.70141E+38 1.70141E+38 1.70141E+38 1.70141E+38 1.70141E+38 1.70141E+38 1.70141E+38 1.70141E+38 1.70141E+38 1.70141E+38 1.70141E+38 1.70141E+38 1.70141E+38 1.70141E+38 1.70141E+38 1.70141E+38 1.70141E+38 1.70141E+38 1.70141E+38 1.70141E+38 1.70141E+38 1.70141E+38 1.70141E+38 1.70141E+38 1.70141E+38 1.70141E+38 1.70141E+38 1.70141E+38 1.70141E+38 1.70141E+38 1.70141E+38 1.70141E+38 1.70141E+38 1.70141E+38 1.70141E+38 1.70141E+38 1.70141E+38 1.70141E+38 1.70141E+38 1.70141E+38 1.70141E+38 1.70141E+38 1.70141E+38 1.70141E+38 1.70141E+38 1.70141E+38 1.70141E+38 1.70141E+38 1.70141E+38 1.70141E+38 1.70141E+38 1.70141E+38 1.70141E+38 1.70141E+38 1.70141E+38 1.70141E+38
1.70141E+38 1.70141E+38 1.70141E+38 1.70141E+38 1.70141E+38 1.70141E+38 1.70141E+38 1.70141E+38 1.70141E+38 1.70141E+38 1.70141E+38 1.70141E+38 1.70141E+38 1.70141E+38 1.70141E+38 1.70141E+38 1.70141E+38 1.70141E+38 1.70141E+38 1.70141E+38 1.70141E+38 1.70141E+38 1.70141E+38 1.70141E+38 1.70141E+38 1.70141E+38 1.70141E+38 1.70141E+38 1.70141E+38 1.70141E+38 1.70141E+38 1.70141E+38 1.70141E+38 1.70141E+38 1.70141E+38 1.70141E+38 1.70141E+38 1.70141E+38 1.70141E+38 1.70141E+38 1.70141E+38 1.70141E+38 1.70141E+38 1.70141E+38 1.70141E+38 1.70141E+38 1.70141E+38 1.70141E+38 1.70141E+38 1.70141E+38 1.70141E+38 1.70141E+38 1.70141E+38 1.70141E+38 1.70141E+38 1.70141E+38 1.70141E+38 1.70141E+38 1.70141E+38 1.70141E+38 1.70141E+38 1.70141E+38
1.70141E+38 1.70141E+38 1.70141E+38 1.70141E+38 1.70141E+38 1.70141E+38 1.70141E+38 1.70141E+38 1.70141E+38 1.70141E+38 1.70141E+38 1.70141E+38 1.70141E+38 1.70141E+38 1.70141E+38 1.70141E+38 1.70141E+38 1.70141E+38 1.70141E+38 1.70141E+38 1.70141E+38 1.70141E+38 1.70141E+38 1.70141E+38 1.70141E+38 1.70141E+38 1.70141E+38 1.70141E+38 1.70141E+38 1.70141E+38 1.70141E+38 1.70141E+38 1.70141E+38 1.70141E+38 1.70141E+38 1.70141E+38 1.70141E+38 1.70141E+38 1.70141E+38 1.70141E+38 1.70141E+38 1.70141E+38 1.70141E+38 1.70141E+38 1.70141E+38 1.70141E+38 1.70141E+38 1.70141E+38 1.70141E+38 1.70141E+38 1.70141E+38 1.70141E+38 1.70141E+38 1.70141E+38 1.70141E+38 1.70141E+38 1.70141E+38 1.70141E+38 1.70141E+38 1.70141E+38 1.70141E+38 1.70141E+38
