py_wake/examples/data/AJ_ParqueFicticio/Ridge area   Sector 1   Height 200m   Orographic speed.grd
DSAA
90  129
 262878   265103
 6504214   6507414
 .1009244   1.460559
[rows 27 to 53 of 129, columns 0 to 61 of 90]
.6411009 .6338645 .6342071 .6394331 .6498212 .6654924 .6837198 .7013556 .7165896 .7266206 .7297295 .7263646 .7187632 .7106733 .7066104 .7076795 .7126182 .7182456 .7208692 .719328 .7190609 .7181165 .7159222 .7155983 .7159032 .7198 .7281465 .7432099 .7670349 .7935222 .8229974 .8546206 .8863239 .9175498 .9416704 .9628426 .9798935 .9927813 1.005537 1.012304 1.00969 1.003573 .9961225 .9883761 .97837 .9655554 .9518244 .9317328 .9070873 .8779674 .8413935 .8038839 .7662441 .7236764 .6764448 .6257808 .5735082 .5228429 .4757518 .4294705 .3814082 .3335333
.6254439 .6190304 .6205547 .627927 .6423077 .6632801 .6867383 .7097784 .7288974 .7404233 .7439156 .7402475 .7301267 .717847 .7078345 .7028955 .7025277 .7033142 .7019853 .6967338 .6908273 .6837953 .6758249 .6711548 .6664453 .6645331 .6688992 .6796114 .7001776 .7270224 .7557485 .7869709 .8215497 .8565335 .886645 .912447 .9349484 .9525533 .9703375 .9842098 .9898918 .9916154 .9901032 .9841374 .9718161 .9570163 .9422025 .9213247 .8943601 .8645074 .8270007 .7886416 .751702 .7109078 .6671761 .6219174 .5714244 .5186448 .4703914 .4238042 .3746585 .3266543
.6086067 .6031232 .6052193 .6135405 .63067 .6558843 .6842405 .7130385 .7380021 .7537563 .7580428 .7520717 .7408662 .7280527 .7160857 .7075228 .7022507 .6977363 .6906375 .6807773 .6699126 .6566244 .6420744 .6315375 .6216547 .6120948 .6118863 .6199483 .6373129 .6610445 .6873242 .7172473 .7511863 .7892057 .8256657 .8559243 .8838652 .9079531 .9317879 .95359 .9684437 .9793989 .9861285 .9846311 .9714319 .9534796 .9350439 .912572 .8835056 .8515176 .8119662 .7725539 .736953 .6985987 .6583622 .6180183 .5696617 .5156506 .4656957 .4190783 .3695278 .3203714
.5890766 .584361 .5869079 .5962578 .615524 .6428871 .6738433 .7063596 .7365363 .7580006 .7637746 .7584252 .7479485 .7372932 .7277847 .7193958 .7120569 .7033147 .6909183 .6768417 .6638693 .6455241 .6258666 .6116517 .5966374 .579913 .5755115 .5815836 .5934989 .6111425 .6331764 .6570289 .6839491 .7223991 .7642918 .8000436 .8320898 .8626809 .8937692 .9236001 .9481542 .9701026 .9865363 .9895031 .9789869 .9592215 .9343655 .9083125 .8754171 .8397496 .7989193 .7602944 .7277535 .6922374 .6534942 .6165935 .5740345 .5212032 .4676106 .4200831 .3685596 .3162355
.5642443 .5593411 .5621969 .5719712 .5928249 .6221579 .6547338 .688157 .7192426 .742912 .7528067 .7533588 .7483461 .7416322 .7358509 .7306855 .724256 .7151338 .7036085 .6912261 .6768816 .6587132 .640324 .6254343 .607928 .5900174 .5810243 .5795846 .580628 .5876955 .6019395 .6212503 .6459019 .6798177 .7178949 .7547829 .7891429 .8233517 .8594907 .8952687 .9267058 .9558877 .9778505 .9855593 .9803545 .9644976 .9364789 .9063028 .8715229 .8347386 .7954623 .7580376 .7283769 .6973736 .6595949 .6248065 .5906109 .5442825 .4883119 .4330702 .3763659 .3176157
.5380237 .5326862 .5358887 .5464764 .5684452 .5985106 .6312268 .6639794 .6940122 .7181857 .7320254 .7381728 .7395999 .7388952 .73784 .7361088 .7323682 .7277327 .7222748 .7130425 .7000079 .6862294 .6718897 .6570024 .6405883 .6239597 .6107591 .6015609 .592761 .5882397 .5937304 .6073453 .6283935 .654016 .6840066 .7176133 .7525219 .7885773 .8276801 .8668814 .903327 .9373929 .9613624 .9733582 .9734838 .9623656 .9386533 .906636 .8725069 .8355585 .798026 .7628672 .7359483 .7097207 .673655 .6382179 .6106464 .5718051 .5177601 .4563863 .3912365 .3236616
.5103368 .5049371 .5089116 .5207614 .5443431 .5755211 .6085647 .6404396 .6690555 .6932492 .7106504 .7216131 .7280555 .7320876 .7348115 .7361422 .7358484 .7383191 .740726 .7367201 .7285886 .7188735 .7077966 .6955555 .6806262 .6640469 .6503624 .6387984 .6239261 .6129001 .6088207 .6100498 .6231274 .6408834 .6624795 .6923706 .7261767 .7613223 .8002319 .8402793 .8808439 .919452 .944979 .9598224 .9647951 .9567553 .93993 .9102629 .876477 .8416162 .8087812 .7780417 .7528641 .7292868 .7001866 .6682025 .6404293 .6033595 .5503188 .4859661 .4132459 .3349647
.4813851 .4769044 .4826047 .4966764 .5233368 .5568131 .5912048 .6241937 .6528417 .6765949 .696053 .7104567 .7205361 .7276488 .7322407 .734836 .7389206 .7475963 .7553678 .7587554 .756384 .7510118 .7450468 .7362525 .7234266 .7100599 .6992384 .6895885 .6790891 .6672645 .6555539 .6492262 .6520923 .6590335 .6742775 .6991335 .7246775 .756662 .7909126 .8272905 .8690194 .9080006 .9332672 .9501262 .9591346 .9541182 .9433514 .9203155 .8912015 .862201 .8323927 .8051105 .78007 .7578511 .7372354 .7147437 .6831635 .6399305 .5844084 .5159753 .4378045 .3520531
.4551443 .4515325 .4581005 .4741273 .5054307 .5431214 .5811585 .6171879 .6479919 .673075 .6935427 .7091171 .721184 .7301738 .7361835 .7404403 .7480375 .7587585 .7684391 .7753856 .779171 .7811593 .7811329 .7778332 .7715077 .7653425 .7593444 .7557349 .7512373 .7416957 .7315149 .7240655 .7192554 .7186748 .7282968 .741424 .7594449 .7833653 .8093107 .8366352 .8722752 .9069117 .9300349 .9479316 .9599176 .9587427 .9517257 .9371002 .9127408 .8899086 .8678544 .8449623 .8225822 .8029132 .7841153 .7615497 .7298805 .6829625 .620904 .54637 .4613453 .3697351
.4335096 .4281017 .4341596 .4511513 .4880071 .5307596 .5733109 .6129395 .6468605 .6744409 .6963025 .7134723 .7282977 .7393135 .7474462 .7553012 .7634903 .772858 .7831716 .7921936 .8005273 .808794 .8143347 .8190597 .8217934 .8230581 .8250732 .8282216 .8290781 .8235611 .8153222 .806447 .7996469 .79628 .7996643 .8058564 .8151999 .8290192 .8447332 .8636784 .8890938 .9155976 .9358675 .9542717 .9704524 .9727709 .9667471 .9551125 .9399976 .9232902 .9089034 .8911102 .8708537 .8518379 .833268 .8107753 .7769854 .7274106 .659288 .576433 .4849413 .385712
.4166726 .4063903 .410394 .4278971 .4700889 .5177296 .5645522 .6076257 .6450523 .6763616 .7011304 .7221921 .7409865 .7546749 .7657493 .7751864 .7829807 .7913976 .8013535 .8120999 .8258253 .8379159 .8490308 .859975 .8703875 .8792236 .8873031 .8962312 .9038997 .9021994 .8944587 .8858858 .8786724 .8751126 .8730407 .8740665 .8771449 .8816158 .8862324 .8960927 .9145412 .9353168 .9536455 .9712393 .9895878 .9970208 .989666 .9780554 .9679584 .9569889 .9454172 .9345019 .9174368 .8979499 .8794524 .8583302 .8254779 .77172 .6957869 .6058284 .5079102 .4028235
.4081777 .3872757 .3874944 .4064176 .4521659 .502631 .5525945 .598763 .6389692 .6745765 .7043777 .7323887 .7567303 .7753373 .7876307 .7974851 .8074681 .8188167 .8287682 .842274 .8591964 .8747634 .8886083 .9024259 .9171056 .9311512 .944005 .9562771 .9670054 .9704903 .9669209 .9611652 .9537081 .9481309 .9434745 .9410284 .9382289 .9357266 .9349563 .9396326 .9521797 .968591 .9845485 .9987767 1.013809 1.021927 1.016055 1.005226 .9958058 .9882444 .9797446 .9699588 .9552521 .9354752 .9153922 .8949324 .8633625 .8066629 .7270716 .6321257 .52824 .4195525
.4032012 .3738326 .3690965 .390571 .4353141 .4862379 .5386278 .587997 .6319436 .6708321 .7050838 .7390466 .7693099 .7932127 .8102285 .8235624 .8385864 .8534036 .8689334 .8849936 .901318 .9170055 .9323459 .9488834 .9652626 .9812821 .9968976 1.010721 1.022471 1.030074 1.031697 1.029436 1.02523 1.01936 1.013853 1.007449 1.002192 .9965574 .9918051 .9921396 .9986197 1.009275 1.018871 1.028277 1.038074 1.042959 1.038488 1.032666 1.025382 1.016933 1.010457 1.001194 .9847071 .9626058 .9406703 .9182093 .8861187 .8324401 .7523867 .6524981 .5441489 .4326018
.404055 .368931 .3594815 .3798257 .4192468 .468076 .521336 .5724569 .6194269 .6625011 .7027345 .7429351 .7788411 .8072409 .8308896 .8527853 .8718696 .8919472 .9128235 .9303444 .945694 .9601267 .9767321 .9959815 1.014946 1.032858 1.048883 1.063046 1.07651 1.086046 1.091815 1.093231 1.092791 1.087706 1.081951 1.074104 1.06518 1.057226 1.049769 1.045545 1.0463 1.050158 1.054145 1.06011 1.067304 1.070108 1.065297 1.058335 1.05089 1.04222 1.035942 1.028677 1.009508 .9824577 .9586268 .9352646 .9019015 .8492602 .7723241 .6702588 .5578753 .4480552
.4158948 .3740417 .3576581 .3690701 .401775 .4476164 .5013454 .5534568 .6026864 .6492447 .6945713 .7402813 .7814068 .8164343 .8473687 .8758737 .9027551 .9273704 .9520829 .9712414 .9854115 1.000982 1.018777 1.040067 1.060074 1.079588 1.095858 1.110365 1.123291 1.134496 1.141307 1.145185 1.147027 1.142847 1.137563 1.133585 1.125412 1.112928 1.101197 1.092953 1.089616 1.092211 1.093825 1.094318 1.096519 1.097642 1.093481 1.082657 1.072861 1.064475 1.056071 1.046181 1.027711 .9990563 .9724497 .9473247 .9132652 .8610891 .785957 .6854846 .5736068 .4671578
.4384156 .386158 .3573263 .3550868 .3810777 .4252318 .47943 .5318382 .58217 .6302533 .6795359 .7299735 .7754268 .8147928 .8503305 .8846583 .918724 .9505844 .9782575 1.000139 1.018438 1.033718 1.050329 1.070363 1.090314 1.108805 1.124503 1.138594 1.151753 1.163378 1.170144 1.175891 1.177488 1.175994 1.174101 1.172665 1.164918 1.151484 1.13892 1.129516 1.126335 1.125147 1.121264 1.117348 1.117154 1.116418 1.111856 1.104317 1.092306 1.08073 1.068231 1.053961 1.036233 1.009014 .9805763 .9542778 .9217756 .8713658 .79842 .7015774 .5925225 .4945876
.4645085 .4009449 .3603049 .3458551 .3608143 .4019698 .4545633 .5052131 .5561857 .6055163 .6570258 .7106238 .7594497 .8031123 .8425751 .880888 .920073 .9586105 .9933937 1.021286 1.041664 1.056523 1.071461 1.087982 1.104385 1.119904 1.132911 1.145338 1.158368 1.169702 1.177453 1.184456 1.187508 1.189921 1.191906 1.191691 1.187765 1.179278 1.169231 1.160744 1.153894 1.147689 1.142138 1.137397 1.135319 1.132305 1.125668 1.117541 1.106724 1.091582 1.075355 1.057616 1.037899 1.011672 .9835446 .9580655 .9286565 .8841701 .8152273 .7237886 .6246213 .5390276
.5073701 .4306572 .3758837 .3496648 .3532505 .3827262 .4260654 .4717535 .5224569 .5733572 .6258668 .6806514 .7325251 .7799681 .8239623 .8674417 .9100501 .9525985 .9932379 1.02819 1.052416 1.070078 1.085067 1.09799 1.110441 1.121349 1.130202 1.14092 1.154229 1.164957 1.171913 1.178721 1.183071 1.188317 1.193437 1.196221 1.19721 1.195578 1.19044 1.182486 1.174089 1.167771 1.162757 1.158368 1.155884 1.150068 1.13883 1.127317 1.116021 1.099642 1.080911 1.060676 1.038746 1.013634 .9862334 .9607416 .9330398 .8948646 .8370833 .7568787 .6698453 .5962939
.5697405 .4835695 .4148654 .3731306 .359252 .3678684 .3962903 .4349037 .4832844 .5336877 .5863748 .6418364 .694077 .7430962 .7902283 .8383035 .8834277 .9272439 .9710896 1.009945 1.037259 1.058273 1.076103 1.087622 1.097211 1.104833 1.110638 1.119421 1.133264 1.144414 1.149384 1.155607 1.161459 1.169242 1.178324 1.184937 1.190146 1.194445 1.195072 1.19116 1.186025 1.183093 1.181954 1.178673 1.174023 1.167081 1.153047 1.136266 1.121779 1.105897 1.08534 1.06389 1.040629 1.015721 .9883757 .9619656 .935685 .9040311 .8585474 .7938768 .7251509 .6724983
.6430201 .54642 .4606467 .399257 .3651839 .3531621 .3641617 .3942585 .4393348 .4865483 .5340903 .5846018 .6325369 .6787562 .7271311 .7778218 .8264588 .872862 .9171023 .9547895 .9835513 1.006263 1.024533 1.036999 1.046678 1.055474 1.06186 1.068516 1.080639 1.095373 1.103684 1.111777 1.120966 1.130999 1.143781 1.154814 1.163651 1.172679 1.178674 1.17978 1.180148 1.182188 1.184547 1.182534 1.177495 1.171516 1.161582 1.145173 1.127496 1.110578 1.089946 1.068337 1.044411 1.019255 .9928114 .9671252 .9448859 .9172928 .8788965 .8305805 .7862971 .754663
.7168296 .6200734 .522247 .4387003 .3818957 .3509452 .3442273 .3609122 .3975296 .4363515 .4749711 .5160276 .5544999 .5963418 .6407846 .688893 .7404987 .7906993 .8373554 .8756096 .9039808 .926511 .9444475 .9577133 .9691302 .9797168 .9882026 .9948973 1.005206 1.021857 1.036864 1.049123 1.063709 1.077612 1.093045 1.109664 1.12352 1.137068 1.148908 1.155162 1.160278 1.166947 1.172889 1.174777 1.17421 1.169395 1.162911 1.153195 1.136174 1.117425 1.096417 1.074232 1.051041 1.026662 1.002133 .9796861 .9601094 .9376152 .9073916 .8782949 .8598163 .8535225
.7905465 .703533 .6074079 .5113479 .4306076 .3785368 .3532341 .3505122 .3659765 .3898513 .4174218 .4482025 .4747656 .5069923 .5489092 .5969159 .6487809 .7034633 .7544504 .794792 .8234264 .8452087 .8629829 .8755856 .884404 .8961018 .9080582 .9174257 .9266989 .9407428 .9592641 .9778525 .9959565 1.015355 1.034799 1.056679 1.077787 1.09652 1.114926 1.127928 1.137522 1.148599 1.158173 1.163128 1.166642 1.165425 1.16105 1.157192 1.146273 1.126298 1.10423 1.081246 1.058499 1.034294 1.010891 .9914026 .9738319 .9573714 .941458 .9291764 .9323537 .9468747
.8621866 .7891563 .6999534 .5976694 .5039995 .4324611 .3856134 .3586994 .3488749 .3550334 .3705104 .3888436 .4022245 .4229521 .4605205 .5051473 .5603392 .6171876 .6706629 .7152281 .7469832 .7693357 .7872617 .8012481 .8101954 .8174153 .8289084 .8393349 .8490081 .8629497 .8806545 .9006689 .9219138 .9467649 .9721158 .9977853 1.026035 1.052762 1.078178 1.098931 1.112842 1.128522 1.14258 1.151078 1.158215 1.161372 1.159342 1.156681 1.15203 1.134397 1.1113 1.087441 1.064729 1.040933 1.016913 .9992624 .9874882 .9778238 .9706697 .9725339 .992006 1.021497
.9262226 .8659006 .787518 .6939232 .5956677 .5037286 .4317589 .3793145 .3496973 .3427863 .3484676 .3536858 .3542169 .3620168 .3866536 .4224433 .476371 .5336898 .5873964 .6352941 .6730952 .7004026 .7216271 .7414122 .7529994 .7579389 .76608 .7749253 .7845694 .7960709 .8082305 .8266192 .8500762 .87778 .9062621 .934681 .9683308 1.005131 1.038264 1.06795 1.087519 1.108239 1.127641 1.140711 1.151649 1.158807 1.159041 1.155972 1.151762 1.139325 1.116568 1.092551 1.070078 1.047504 1.024086 1.008489 1.002869 1.000735 1.003172 1.018113 1.048994 1.087516
.9817945 .9359468 .8731195 .7931426 .6980384 .598103 .5084224 .4317907 .3811437 .3573113 .3493775 .3442208 .3351367 .3255092 .3282523 .3499001 .3947292 .4529866 .5065372 .5557799 .6002277 .6367956 .6669472 .6918947 .7098487 .7178858 .7211599 .7289087 .7312168 .735571 .7474086 .763288 .7880037 .8158378 .8420864 .8699885 .9106062 .9552204 .9960288 1.033407 1.060998 1.088073 1.114102 1.133138 1.1493 1.160873 1.161733 1.156823 1.15147 1.142586 1.122401 1.098115 1.075932 1.055371 1.036373 1.024097 1.023115 1.028421 1.040759 1.064767 1.100174 1.14079
1.028708 .9932337 .9466526 .8846293 .7998908 .7024682 .5987757 .5048488 .4319667 .3863991 .3647002 .3544225 .3365131 .3090312 .288056 .2882917 .320414 .3776346 .432694 .4822756 .5331613 .5811394 .6222017 .6565992 .6804934 .6894922 .6902881 .693126 .690771 .6885497 .6989706 .7122433 .7363227 .7654958 .7921767 .8212033 .8637741 .911511 .9567311 .9991685 1.035359 1.069355 1.102184 1.128534 1.15208 1.169424 1.170754 1.163327 1.155638 1.147059 1.129942 1.105657 1.084229 1.064825 1.049621 1.044785 1.048551 1.058736 1.075836 1.105508 1.145813 1.190392
1.070174 1.039136 1.000925 .9510831 .8854327 .7992094 .6971233 .6011511 .5114979 .4459906 .4163998 .3981875 .3666547 .3166579 .2737953 .2519697 .272896 .3253091 .3785112 .4295696 .4874773 .545912 .5993495 .6455594 .6761211 .6871142 .6880828 .6924977 .6864932 .6774464 .6857173 .6952406 .7163963 .7459751 .7743569 .8046769 .8432996 .8868124 .9326792 .9797735 1.021923 1.06034 1.09673 1.128424 1.158673 1.181011 1.184217 1.176325 1.165842 1.155552 1.140908 1.12003 1.100382 1.083019 1.069563 1.068262 1.078812 1.094288 1.115012 1.147544 1.189522 1.235144
