py_wake/examples/data/AJ_ParqueFicticio/Ridge area   Sector 12   Height 200m   Turbulence intensity.grd
DSAA
90  129
 262878   265103
 6504214   6507414
 11.39892   100
[rows 27 to 53 of 129, columns 0 to 61 of 90]
17.35105 17.57503 17.72165 17.88909 18.118 18.39226 18.70248 19.05276 19.38939 19.70248 20.05439 20.41453 20.73373 20.96954 21.07328 21.07554 21.05485 21.09124 21.2488 21.52527 21.69979 21.77269 21.73095 21.50227 21.17265 20.74272 20.28761 19.7923 19.19244 18.65569 18.13234 17.61807 17.14705 16.65868 16.30737 15.96881 15.6601 15.40077 15.11772 14.93348 14.93466 15.02424 15.20674 15.47027 15.82307 16.26286 16.74805 17.42629 18.32618 19.57811 21.71633 25.13049 30.34305 38.18855 49.35416 63.84052 77.84172 94.3274 100 100 100 100
17.76431 18.00598 18.1723 18.35364 18.56325 18.7752 18.99922 19.22965 19.46995 19.7079 19.9966 20.29852 20.61777 20.91499 21.15871 21.33563 21.49287 21.69988 21.99027 22.36204 22.63836 22.77507 22.77498 22.55832 22.31335 22.03811 21.70136 21.33292 20.81112 20.22803 19.68854 19.1478 18.57509 17.97786 17.48232 17.03919 16.60666 16.24403 15.84754 15.50518 15.33854 15.27063 15.33255 15.55046 15.9373 16.40939 16.91619 17.60465 18.5673 19.89281 22.17686 25.86315 31.48184 40.00007 68.32237 71.44918 80.4026 83.29933 100 100 100 100
18.2199 18.48034 18.69228 18.93238 19.16429 19.34103 19.48409 19.58067 19.64885 19.75377 19.96464 20.272 20.56186 20.8316 21.1201 21.41623 21.73658 22.10282 22.52975 22.95513 23.24039 23.40647 23.48377 23.3892 23.32015 23.35119 23.21373 22.95819 22.52348 21.98299 21.45588 20.89579 20.27844 19.56007 18.86992 18.30469 17.73355 17.21637 16.67757 16.1551 15.79248 15.53379 15.4202 15.52253 15.90392 16.42916 17.01396 17.73687 18.75607 20.19269 22.66998 26.67831 32.69679 55.39424 76.95415 69.01502 82.01527 81.94317 100 100 100 100
18.77113 19.06651 19.34564 19.66319 19.94803 20.15204 20.27604 20.28297 20.18673 20.08498 20.20028 20.43989 20.67117 20.87156 21.10862 21.42644 21.80145 22.21912 22.66769 23.03262 23.17036 23.31928 23.47596 23.51684 23.69505 24.07439 24.17519 24.03975 23.79401 23.42351 22.98049 22.54675 22.08073 21.28617 20.38614 19.64889 18.96352 18.27764 17.55606 16.8402 16.25719 15.76424 15.42919 15.40268 15.69836 16.2357 16.94977 17.75717 18.87278 20.46257 23.11176 27.33874 42.23801 60.11245 78.22942 70.81541 79.95952 79.41173 100 100 100 100
19.53454 19.919 20.29976 20.74529 21.11721 21.35824 21.49357 21.48754 21.32085 21.05418 20.98352 20.99489 21.04791 21.15714 21.32347 21.56129 21.8552 22.13765 22.34893 22.42709 22.40219 22.43691 22.53957 22.6501 22.96771 23.43752 23.75363 23.92309 24.07929 24.08213 23.88866 23.57145 23.14274 22.44124 21.61032 20.81793 20.06745 19.28179 18.41488 17.53077 16.76284 16.08406 15.59449 15.43363 15.59944 16.02943 16.79536 17.70678 18.87917 20.53303 23.1882 31.99656 44.47066 60.08632 57.25121 70.09766 75.68681 74.62541 100 100 100 100
20.41039 20.92258 21.44071 22.04167 22.54478 22.87571 23.03809 23.02165 22.8066 22.43256 22.15174 21.93249 21.78191 21.74006 21.78855 21.89618 21.99593 21.95584 21.77759 21.57335 21.41024 21.31898 21.35116 21.51231 21.8281 22.25666 22.68717 23.08673 23.55292 23.95289 24.06371 23.93133 23.59763 23.13627 22.54253 21.8444 21.08183 20.23988 19.26496 18.25039 17.31201 16.4689 15.89376 15.6131 15.65336 15.97498 16.63158 17.59078 18.7628 20.43828 23.04582 41.76875 46.59909 41.95699 55.827 67.94551 71.06252 69.44026 68.69924 100 100 100
21.40273 22.06181 22.73507 23.50515 24.10742 24.48332 24.67973 24.67602 24.43139 23.95014 23.45077 23.01721 22.70013 22.51763 22.42259 22.34089 22.15721 21.71424 21.14984 20.7116 20.42635 20.29003 20.29988 20.43628 20.72235 21.12296 21.51711 21.9206 22.50212 23.06409 23.46512 23.73694 23.65287 23.43702 23.12474 22.56237 21.84858 21.03327 20.03436 18.94602 17.83844 16.82232 16.17495 15.81574 15.74032 15.99882 16.50151 17.40647 18.58534 20.20735 22.6076 35.06472 32.11133 40.36444 52.10718 62.40041 65.50368 64.14712 63.11526 100 100 100
22.52955 23.32316 24.15001 25.08677 25.76462 26.1642 26.33624 26.22743 25.86261 25.28786 24.63119 24.03956 23.58302 23.24949 22.97865 22.67214 22.15912 21.38599 20.60822 19.99758 19.64031 19.47915 19.4266 19.50753 19.73708 20.02665 20.29912 20.58662 20.97022 21.46087 21.99465 22.4325 22.63832 22.75865 22.66758 22.2965 21.87209 21.16096 20.28851 19.27538 18.08819 17.0195 16.35567 15.94679 15.78104 15.9817 16.3695 17.11579 18.16588 19.56875 21.7324 25.12903 30.47673 38.14391 47.34274 54.68535 58.82901 58.86646 58.0476 61.72084 100 100
23.65299 24.62052 25.70425 26.88859 27.58306 27.90298 27.91175 27.58155 27.00051 26.28119 25.52777 24.84393 24.23625 23.69401 23.17323 22.5996 21.82732 20.94057 20.14474 19.53058 19.13009 18.88423 18.74932 18.72636 18.80771 18.91421 19.04163 19.14967 19.33872 19.69233 20.08569 20.45093 20.78076 21.0546 21.09484 21.05587 20.84398 20.37311 19.7399 18.98198 17.95266 16.9879 16.37397 15.95148 15.72621 15.85953 16.18579 16.7355 17.63224 18.80603 20.57422 23.47732 28.08488 34.56123 42.11543 48.4123 52.40511 53.47785 53.20597 51.00502 79.49659 92.73642
24.66463 26.01239 27.52183 29.111 29.76198 29.9095 29.6554 29.04589 28.20644 27.29469 26.40213 25.5371 24.6397 23.78873 22.9598 22.09738 21.23728 20.42703 19.71279 19.16729 18.77606 18.47374 18.27224 18.10772 18.01135 17.96281 17.91259 17.85745 17.89357 18.10538 18.38693 18.70128 18.99289 19.24463 19.36805 19.42991 19.38628 19.15616 18.78669 18.25255 17.5103 16.76926 16.24085 15.8375 15.5358 15.61251 15.91985 16.39639 17.05145 18.01275 19.41479 21.80151 25.69516 31.17962 37.54797 42.93005 46.82002 48.22111 47.67043 44.78047 52.60808 62.02776
25.54257 27.55959 29.73363 31.88998 32.46835 32.38169 31.81563 30.90298 29.76103 28.4631 27.1326 25.84427 24.56835 23.43682 22.36951 21.3684 20.54063 19.8569 19.28641 18.83842 18.43541 18.13434 17.87596 17.6289 17.40336 17.22042 17.05515 16.87793 16.7531 16.83974 17.05725 17.30134 17.54271 17.72458 17.88619 17.97503 17.99869 17.9402 17.8131 17.49811 16.94939 16.38114 15.93245 15.58242 15.26308 15.24998 15.56329 16.02358 16.55537 17.34253 18.5651 20.44265 23.67697 28.42107 33.87957 38.38462 41.7766 43.27922 42.53868 39.58937 41.32633 74.19968
26.09656 29.29588 32.47606 35.26133 35.84628 35.60335 34.73807 33.48459 31.7714 29.7108 27.76333 25.84888 24.10238 22.63952 21.5014 20.57661 19.78679 19.15705 18.74183 18.37588 18.01673 17.72876 17.47892 17.22939 16.95574 16.6915 16.43878 16.19124 15.98294 15.93016 16.02857 16.17252 16.37041 16.53494 16.68206 16.7773 16.85959 16.90448 16.86308 16.65675 16.26621 15.83051 15.46677 15.20036 14.96818 14.93669 15.20656 15.63466 16.14147 16.8155 17.85165 19.48421 22.20724 26.34171 31.24996 35.09664 37.97005 39.33539 38.30093 35.45739 67.23893 66.66936
26.64063 31.04973 35.58548 38.99538 40.05042 39.86693 38.71336 36.92237 33.98936 31.0838 28.37572 25.80546 23.5976 21.86256 20.59865 19.67916 18.94503 18.41423 18.01879 17.73223 17.50504 17.3041 17.09124 16.83484 16.56374 16.28147 15.97798 15.69254 15.44278 15.28604 15.25455 15.29853 15.39387 15.52353 15.634 15.76068 15.85557 15.92696 15.93542 15.80531 15.54506 15.23952 15.0083 14.83032 14.69778 14.71392 14.95571 15.28858 15.73248 16.36968 17.2408 18.6594 21.1352 24.88903 29.36299 32.86509 35.37038 36.14067 34.87317 32.29422 61.07027 60.13343
27.03566 32.55724 38.6451 43.22226 45.50698 45.78173 44.33952 41.1621 36.80557 32.65004 28.9504 25.69599 23.10279 21.21689 19.83675 18.8055 18.14049 17.65174 17.28654 17.09914 16.9999 16.9101 16.73311 16.46521 16.17165 15.87269 15.5832 15.28714 14.98233 14.77085 14.63204 14.58196 14.56743 14.64649 14.72451 14.843 14.98199 15.07151 15.10545 15.04652 14.88716 14.70441 14.5748 14.45705 14.36661 14.40971 14.64687 14.98338 15.39911 15.97917 16.74134 17.88842 20.15046 23.73396 27.74652 30.96133 33.17229 33.6162 32.15973 29.7864 55.68755 51.68126
26.99092 33.67521 41.73536 48.95436 53.37598 54.49253 52.12061 46.09066 39.80956 34.28453 29.63068 25.7636 22.83 20.76512 19.27747 18.21913 17.51317 17.08478 16.75949 16.63663 16.66238 16.61808 16.47495 16.18827 15.8879 15.54189 15.2291 14.93151 14.66216 14.39133 14.20445 14.0775 13.97887 14.01158 14.06408 14.08496 14.18021 14.32888 14.42491 14.4292 14.34304 14.17805 14.07965 14.04938 14.0338 14.09555 14.30293 14.67603 15.0977 15.60434 16.30862 17.36449 19.29878 22.55567 26.2681 29.33606 31.26391 31.52313 30.04254 27.78378 26.80271 27.57787
26.61741 34.74335 45.86507 57.8769 65.60786 66.6301 60.86473 51.31944 42.9793 36.10865 30.53316 26.14579 22.99926 20.80875 19.25198 18.137 17.3667 16.87004 16.58615 16.4943 16.47704 16.50136 16.43851 16.19722 15.88632 15.53843 15.21377 14.88867 14.57521 14.29369 14.09301 13.88103 13.76228 13.7226 13.69454 13.64028 13.7033 13.85904 13.96798 13.99376 13.89473 13.77655 13.75486 13.78875 13.80302 13.88496 14.0814 14.36504 14.7754 15.27625 15.97482 17.03212 18.71703 21.54606 24.97825 27.97 29.59425 29.70542 28.24546 26.09644 26.32703 26.64425
26.34243 36.21828 51.43906 69.91159 82.83823 82.60468 69.45376 57.1544 46.61223 38.2669 31.81768 26.9516 23.59261 21.26081 19.64923 18.53267 17.75443 17.19231 16.79145 16.58006 16.53311 16.58762 16.573 16.41563 16.17179 15.86061 15.55626 15.21291 14.84492 14.51923 14.29556 14.01723 13.85503 13.71707 13.59132 13.51127 13.49539 13.5516 13.61227 13.6128 13.56447 13.51927 13.50917 13.54222 13.57152 13.6735 13.88269 14.14571 14.48761 14.99329 15.68738 16.72898 18.32986 20.84941 23.98957 26.82579 28.17382 28.01685 26.58536 26.67868 27.39967 27.40488
25.32272 36.87144 56.0181 81.35635 100 93.32617 78.59172 64.41805 51.321 41.13065 33.70094 28.3286 24.65076 22.10728 20.34793 19.13128 18.38133 17.83083 17.3435 16.94919 16.79361 16.75476 16.71879 16.65803 16.49416 16.27819 16.0743 15.74397 15.26968 14.89469 14.64678 14.35232 14.1443 13.93006 13.72405 13.58848 13.48059 13.39748 13.35962 13.35046 13.32883 13.27705 13.2473 13.26065 13.27491 13.39557 13.65197 13.94147 14.25407 14.72387 15.39191 16.38555 17.91927 20.17794 23.06992 25.8251 27.02219 26.62992 27.69637 29.78015 30.27131 29.28731
23.3784 34.92251 55.50005 83.1575 100 99.07437 88.42655 73.37148 57.34551 45.00157 36.30885 30.22437 26.20277 23.40403 21.44335 20.07009 19.33899 18.88851 18.38337 17.87531 17.61796 17.44538 17.25491 17.21979 17.1254 16.99265 16.87951 16.58937 16.02185 15.51039 15.27053 14.94524 14.67338 14.39025 14.09158 13.88436 13.70157 13.49839 13.34013 13.25596 13.17991 13.06983 12.96432 12.94042 12.97585 13.086 13.3573 13.7081 14.05064 14.46673 15.10028 16.01348 17.44828 19.53582 22.28587 25.02075 26.08884 28.49221 33.87373 35.48645 33.40063 29.95072
21.02087 31.60284 51.05052 77.53938 98.50291 100 95.93231 84.6567 63.63877 49.0918 39.65253 33.14906 28.86741 25.86208 23.60616 22.00291 21.16833 20.73804 20.28783 19.82858 19.49498 19.22823 18.99026 18.89438 18.78323 18.57006 18.39558 18.14644 17.58293 16.81839 16.36501 15.94165 15.53602 15.17083 14.76576 14.4466 14.19894 13.90113 13.62846 13.44599 13.26354 13.0599 12.88384 12.8243 12.85751 12.93846 13.11942 13.43997 13.82026 14.22743 14.80163 15.61833 16.94312 18.92706 21.54516 24.14727 24.96373 34.62106 40.54846 38.17099 33.01356 29.05259
18.83024 27.13834 43.56468 69.67881 97.25231 100 100 91.63177 69.12413 54.076 44.18386 37.30881 32.80328 29.33405 26.84142 25.17253 24.18925 23.67695 23.17648 22.7035 22.35378 22.03045 21.76446 21.62955 21.4391 21.112 20.76882 20.41678 19.80936 18.85845 18.06792 17.44823 16.80727 16.27633 15.77107 15.28154 14.90094 14.50155 14.09308 13.79676 13.5175 13.22505 12.98206 12.84884 12.7976 12.86189 12.98601 13.18371 13.53368 13.95138 14.48256 15.22741 16.41758 18.27678 20.71608 22.99314 24.96305 34.42862 38.76054 35.33434 30.3945 27.03588
16.94733 22.50154 34.05224 54.57094 83.47817 100 100 89.23801 72.73628 59.38466 49.48857 42.20624 37.61193 33.93385 30.91942 28.9669 28.00624 27.37596 26.72132 26.13108 25.7036 25.31583 24.96801 24.80654 24.70823 24.2549 23.62497 23.01972 22.33817 21.38827 20.31576 19.34044 18.48473 17.68829 17.00022 16.31979 15.71722 15.17976 14.60605 14.15046 13.77503 13.39567 13.08675 12.90245 12.78356 12.79436 12.89805 13.00567 13.23739 13.6482 14.15598 14.84804 15.93454 17.69811 19.99047 21.96007 24.31343 31.39173 33.7677 31.49152 27.76582 25.15599
15.42687 18.71874 25.92251 39.85623 60.13207 78.02916 84.10335 80.49522 72.70893 63.17502 54.22139 47.13925 42.75608 39.18399 35.66488 33.68117 32.49475 31.90754 31.21633 30.35523 29.61133 29.09419 28.64765 28.30621 28.13665 27.83231 27.03307 26.16924 25.2821 24.1659 22.94116 21.71412 20.57541 19.43466 18.42944 17.55409 16.69514 15.91415 15.14833 14.49544 14.02746 13.56259 13.17882 12.94129 12.77269 12.72469 12.80718 12.90699 13.02872 13.36598 13.85594 14.51623 15.5419 17.21908 19.47536 21.23737 23.16829 28.27587 30.45288 28.95427 26.00371 23.73884
14.37147 16.27113 20.42781 28.47714 41.08431 55.78157 65.90202 69.67451 68.0271 62.21228 54.91342 49.06009 45.41221 42.7219 40.12874 38.98269 37.95583 37.55674 37.04723 35.87193 34.53589 33.54215 32.79466 31.93873 31.41407 31.07126 30.24329 29.24221 28.14151 26.91872 25.72817 24.32417 22.84842 21.36721 20.05607 18.952 17.84289 16.72074 15.73317 14.84969 14.26387 13.71541 13.25121 12.94933 12.73645 12.64386 12.704 12.81349 12.92137 13.14913 13.60237 14.23713 15.22158 16.79691 18.96692 20.57044 22.06223 25.83797 27.7588 26.66483 24.14853 22.10243
13.66113 14.72331 16.87928 21.18667 28.66363 38.76579 48.36703 55.25102 57.82237 56.19757 51.7684 47.15764 44.12429 43.43287 43.87465 44.93701 45.40556 45.00168 44.7311 43.43083 41.21386 39.16271 37.4598 35.88891 34.61461 33.80909 33.05983 31.83871 30.9017 29.80331 28.3435 26.77827 24.94275 23.1731 21.70868 20.44119 18.97771 17.55811 16.342 15.26425 14.51346 13.86637 13.31115 12.93216 12.66058 12.52125 12.57392 12.7028 12.81727 12.98257 13.36918 13.98708 14.93475 16.39583 18.31534 19.74913 20.96306 23.73602 25.04931 24.14248 22.33183 20.81045
13.15909 13.82142 14.90882 17.03838 21.39806 28.07009 36.29364 43.09867 47.84024 49.44492 47.31108 43.3427 41.0556 42.19065 46.15099 51.55944 55.15938 54.91359 54.55166 53.265 49.75774 45.76043 42.44184 39.63216 37.5084 36.30249 35.41793 34.1701 33.20963 32.21123 30.4969 28.77964 26.67462 24.5689 22.86387 21.39151 19.75552 18.20248 16.86165 15.6752 14.75603 14.00862 13.3702 12.90592 12.55459 12.34885 12.38081 12.52745 12.66405 12.82638 13.15263 13.74505 14.6418 16.02209 17.71816 18.84181 19.73022 21.84207 22.99066 22.4287 20.99377 19.69484
12.76185 13.27507 13.95863 15.13041 17.50192 21.78577 27.98112 33.68752 38.02468 41.05056 40.09515 37.52721 36.52965 39.18498 45.25298 54.98183 62.29475 63.59897 64.1178 62.77765 57.38647 51.37963 46.24381 41.95742 38.95919 37.30376 36.09795 34.42521 33.36972 32.49485 30.64626 28.93079 26.84468 24.60309 22.74626 21.17697 19.68552 18.3112 17.01815 15.78809 14.79656 14.01766 13.36596 12.85936 12.44917 12.17997 12.16346 12.29408 12.45774 12.65023 12.93823 13.44904 14.25399 15.48838 17.01831 18.02883 18.53197 19.99838 21.03244 20.81698 19.83198 18.77644
