py_wake/examples/data/AJ_ParqueFicticio/Ridge area   Sector 2   Height 30m   Orographic speed.grd
DSAA
90  129
 262878   265103
 6504214   6507414
 .1020413   1.492522
[rows 54 to 80 of 129, columns 0 to 61 of 90]
.9090007 .8895023 .8623117 .8237031 .7804511 .7280505 .6760545 .6310002 .5889977 .557191 .5443438 .5444371 .547612 .5403784 .5260321 .5124899 .5072374 .5119433 .5161021 .5217994 .5340004 .5465143 .5578745 .5675752 .5750223 .5746219 .5735046 .5851378 .595118 .6106608 .6442803 .6833937 .7261594 .7740362 .816973 .860063 .9069843 .9540538 1.002628 1.051815 1.099913 1.146633 1.186064 1.220799 1.254084 1.273257 1.278621 1.275178 1.265912 1.2524 1.235881 1.216497 1.199306 1.188034 1.180455 1.182315 1.192313 1.20728 1.226083 1.250523 1.281307 1.313939
.9301072 .9182011 .8993691 .8690937 .8242519 .7756355 .7296941 .6878513 .65063 .6237165 .6122933 .6122608 .6104471 .5954764 .5733745 .5518653 .5393117 .5353231 .5364267 .5426565 .5541318 .5688559 .5820871 .5945451 .6085446 .6181694 .6281119 .6403057 .6561734 .6794338 .7090241 .7482389 .7862915 .8198175 .8514479 .8871427 .9327547 .9777815 1.021939 1.067512 1.114188 1.160198 1.199382 1.235382 1.265238 1.280696 1.28704 1.28573 1.278558 1.26637 1.251541 1.235465 1.222181 1.215387 1.21367 1.218824 1.23238 1.251307 1.273343 1.299437 1.328366 1.356098
.952563 .9483272 .9370362 .9116964 .8690216 .8259103 .7824898 .7439889 .7119357 .6890227 .6802226 .682705 .682221 .6631688 .6359448 .6069705 .5861024 .5734276 .5666856 .5672199 .58031 .5975275 .6123864 .6308733 .6529663 .672313 .6892703 .7059447 .7241438 .7490203 .7808139 .8175715 .8525274 .8799722 .9072184 .939799 .9757181 1.012686 1.049194 1.090871 1.136249 1.179261 1.217001 1.251834 1.275713 1.289356 1.296364 1.295808 1.290096 1.281827 1.268924 1.255774 1.246269 1.242684 1.244165 1.252432 1.269353 1.29153 1.316021 1.34267 1.369556 1.393659
.9779194 .9766682 .9694057 .9486301 .9152301 .8746904 .8358285 .8044688 .7781006 .757804 .746456 .7499943 .7522841 .7397012 .7115366 .6779723 .646569 .6252457 .6097995 .606394 .6204163 .6392602 .6547722 .6748754 .701368 .7274931 .7498551 .770788 .7910481 .8186395 .8509486 .8852332 .9167793 .9453571 .9747358 1.003762 1.032274 1.059304 1.08885 1.125273 1.167093 1.206157 1.241062 1.270048 1.287655 1.30041 1.307248 1.307339 1.302721 1.29773 1.288788 1.279126 1.272245 1.271226 1.276108 1.286994 1.304967 1.328328 1.353742 1.379907 1.403474 1.421389
.9985932 1.001024 .9959067 .9776065 .9524095 .9210493 .8898578 .8603452 .8368748 .8211318 .8132719 .812696 .8123947 .8017616 .7773743 .7484699 .7188802 .6951113 .6724806 .6661807 .6774065 .6928689 .7080582 .7284691 .7551605 .7832949 .8088267 .8312726 .8556349 .8844633 .9165142 .9504001 .9819939 1.011219 1.038865 1.066312 1.091625 1.115698 1.142711 1.173463 1.20692 1.240049 1.269337 1.288991 1.302865 1.314592 1.321005 1.321263 1.317751 1.313827 1.308309 1.302319 1.298702 1.301163 1.30882 1.32196 1.340232 1.36271 1.386298 1.408214 1.425005 1.435353
1.019681 1.025166 1.024826 1.013136 .9933664 .9675944 .9418564 .9176479 .8973346 .8820273 .8741243 .8717356 .8690105 .8577265 .8353946 .8097642 .7837411 .7591621 .7400395 .733419 .7409779 .7510625 .7662627 .7884946 .8147218 .8412839 .8669795 .8905055 .9148334 .9437914 .9769936 1.012057 1.045832 1.074802 1.101378 1.127409 1.150376 1.173201 1.19789 1.223628 1.249691 1.275894 1.295496 1.308804 1.322011 1.334073 1.339559 1.338725 1.335131 1.330755 1.325929 1.323189 1.322995 1.327724 1.337524 1.351903 1.369872 1.389493 1.407929 1.423067 1.432073 1.43502
1.044937 1.053052 1.057693 1.05258 1.037846 1.017946 .9978597 .97923 .9613799 .9447369 .9351063 .9309354 .9262345 .9144842 .8958089 .8754676 .8524324 .8285754 .808943 .7983075 .8057762 .8159353 .8281034 .849923 .8753554 .8999726 .9245422 .9473193 .9719595 1.000141 1.032807 1.069738 1.105514 1.133777 1.159141 1.183286 1.203556 1.223724 1.244745 1.264234 1.285239 1.303754 1.316024 1.32732 1.342326 1.354109 1.356085 1.353536 1.349913 1.344208 1.339849 1.339016 1.342451 1.349422 1.360149 1.374183 1.389616 1.404443 1.416439 1.424367 1.425739 1.421292
1.076529 1.084704 1.090797 1.090439 1.080083 1.066036 1.051933 1.037519 1.022041 1.006365 .9957821 .9883859 .9829547 .9741614 .9594943 .9404739 .9192793 .8975142 .8793749 .8705439 .8744966 .8832154 .8936186 .9126124 .9367153 .9597215 .9811828 1.002951 1.027753 1.054771 1.085906 1.121049 1.15452 1.181102 1.205646 1.226347 1.244084 1.262234 1.278444 1.293786 1.310062 1.32185 1.330419 1.340502 1.355685 1.362817 1.360296 1.356785 1.354744 1.352195 1.349746 1.351182 1.356714 1.364563 1.374317 1.385703 1.396353 1.405125 1.410606 1.411666 1.405625 1.394152
1.110828 1.118092 1.125834 1.131652 1.127202 1.118666 1.107933 1.095924 1.082708 1.068825 1.057778 1.048528 1.037803 1.025045 1.012658 .9969714 .9813971 .9654539 .9532968 .9477847 .9483464 .9577246 .9679206 .9835706 1.003325 1.023875 1.041801 1.05875 1.079841 1.105509 1.132689 1.163832 1.191856 1.217221 1.239363 1.256853 1.273323 1.288263 1.300554 1.312903 1.32467 1.332535 1.339742 1.348787 1.360717 1.362165 1.357695 1.354482 1.354251 1.356225 1.358138 1.361997 1.367481 1.374297 1.3821 1.389702 1.39476 1.396707 1.395505 1.389374 1.374894 1.354798
1.141175 1.149833 1.160975 1.166999 1.163545 1.156677 1.148548 1.139588 1.129037 1.116487 1.102944 1.089221 1.077019 1.067512 1.060612 1.052191 1.040056 1.028227 1.019338 1.018787 1.024026 1.031557 1.042337 1.054701 1.072389 1.085932 1.096161 1.109778 1.128832 1.149273 1.173427 1.199088 1.222362 1.244978 1.263734 1.278509 1.292489 1.304175 1.313653 1.322842 1.331014 1.336951 1.343205 1.351214 1.358944 1.357345 1.353323 1.351289 1.352826 1.357829 1.364491 1.371136 1.376233 1.380975 1.386366 1.389949 1.390117 1.385016 1.377268 1.363692 1.340531 1.312066
1.158945 1.168576 1.179096 1.180298 1.174905 1.168566 1.162506 1.156361 1.14901 1.13957 1.128486 1.116577 1.105209 1.097551 1.093896 1.088462 1.077114 1.068205 1.066665 1.07558 1.081736 1.085702 1.093734 1.109426 1.124967 1.130833 1.13744 1.151412 1.167234 1.183799 1.204875 1.225657 1.245353 1.264268 1.279546 1.29196 1.302787 1.310676 1.316563 1.322514 1.328476 1.333011 1.337794 1.344245 1.350197 1.349944 1.347799 1.347799 1.351404 1.358426 1.368383 1.378135 1.382848 1.385209 1.387859 1.387941 1.383369 1.371668 1.358148 1.338752 1.309876 1.276864
1.161251 1.170858 1.180655 1.182581 1.178069 1.17389 1.169846 1.164653 1.157475 1.148211 1.136674 1.123163 1.109872 1.101298 1.098168 1.095223 1.090226 1.085992 1.087208 1.096291 1.103753 1.10965 1.119911 1.136814 1.149265 1.156532 1.164708 1.178115 1.191065 1.205207 1.222232 1.239119 1.25527 1.269677 1.281651 1.29152 1.29845 1.302002 1.305051 1.309533 1.314538 1.318584 1.323204 1.329442 1.336173 1.340249 1.342246 1.344799 1.350552 1.35928 1.371036 1.382333 1.386729 1.386305 1.385827 1.383479 1.374228 1.357708 1.340131 1.317343 1.285953 1.251571
1.152937 1.161752 1.168873 1.174756 1.171178 1.166553 1.161868 1.154611 1.144139 1.131016 1.115974 1.099428 1.084517 1.076327 1.076402 1.07962 1.078373 1.077145 1.078514 1.085137 1.094595 1.106029 1.119189 1.134436 1.149086 1.162144 1.175037 1.188542 1.200637 1.212419 1.226451 1.240297 1.252474 1.262648 1.271772 1.278536 1.280535 1.279895 1.281378 1.285052 1.289622 1.296178 1.303334 1.310735 1.319353 1.330164 1.337964 1.343246 1.350753 1.360762 1.373329 1.385119 1.387935 1.384947 1.382131 1.378484 1.364886 1.345428 1.324654 1.299354 1.266751 1.23156
1.1376 1.14446 1.149789 1.154262 1.155972 1.152469 1.145981 1.134296 1.116534 1.096008 1.075371 1.055381 1.040313 1.035016 1.039336 1.050691 1.054046 1.051601 1.051212 1.057902 1.069399 1.080275 1.094053 1.111496 1.129131 1.144237 1.159929 1.176263 1.187715 1.199673 1.21535 1.228032 1.235647 1.241448 1.248901 1.253468 1.251332 1.24786 1.248382 1.252986 1.26031 1.270101 1.281645 1.292849 1.305457 1.320179 1.333592 1.343256 1.352661 1.363793 1.37674 1.388412 1.389653 1.384783 1.380095 1.375403 1.357638 1.335888 1.311589 1.283376 1.249497 1.214097
1.114344 1.119497 1.122708 1.122817 1.120004 1.116199 1.105767 1.085031 1.05662 1.028733 1.004916 .9860837 .9755862 .9773257 .9863622 1.000462 1.013038 1.013991 1.012926 1.018691 1.031324 1.041757 1.05395 1.071174 1.089266 1.104312 1.119898 1.134847 1.147496 1.16159 1.177321 1.191033 1.197095 1.200487 1.206892 1.211018 1.209398 1.206045 1.207163 1.214784 1.227531 1.241613 1.258462 1.276658 1.293445 1.311082 1.329315 1.34454 1.356782 1.368844 1.381935 1.393096 1.392544 1.385454 1.378435 1.371235 1.346735 1.321327 1.293123 1.26324 1.229391 1.195018
1.087896 1.088072 1.086985 1.078224 1.064235 1.048538 1.027593 .9993442 .9692141 .9430596 .9221997 .9075395 .9017671 .9043996 .9147871 .9303378 .9464739 .9550253 .9604324 .9649972 .9734063 .9862022 .9973747 1.010065 1.025603 1.043249 1.057035 1.066244 1.079681 1.095835 1.109958 1.123514 1.131058 1.133427 1.136141 1.140192 1.143081 1.146061 1.154756 1.169397 1.189543 1.210512 1.233602 1.260044 1.283193 1.30412 1.326092 1.347766 1.363609 1.376687 1.389128 1.398442 1.394626 1.383652 1.372297 1.358791 1.325731 1.296467 1.265784 1.235685 1.203771 1.173537
1.055282 1.051349 1.044753 1.027056 1.000743 .9727088 .9418707 .9089391 .8783428 .8533352 .8361478 .8251123 .8190555 .8214073 .8331138 .849372 .8640866 .8752885 .8863737 .8955508 .9015791 .9127159 .9255965 .93559 .9475196 .9592596 .9706318 .9759657 .9871995 .997918 1.012536 1.025338 1.032899 1.034624 1.038026 1.041751 1.046982 1.058583 1.080301 1.115147 1.147659 1.177815 1.210009 1.24437 1.277722 1.303057 1.328045 1.353021 1.372945 1.386891 1.397636 1.403612 1.395284 1.379615 1.363209 1.34172 1.303956 1.271921 1.239416 1.20862 1.179226 1.152423
1.015981 1.008888 .9986586 .9763038 .9404903 .9006131 .8605253 .8224773 .7883308 .7626252 .7487952 .7386951 .73184 .7386625 .7525327 .7689493 .779668 .7907375 .8018218 .811334 .8210234 .8318041 .8406094 .8476785 .8548502 .8588569 .8603809 .8616243 .8680964 .8781113 .8926348 .906954 .9167776 .9235724 .93102 .9382744 .9498157 .9610586 .9836938 1.043895 1.107838 1.150608 1.190974 1.232841 1.274809 1.307233 1.33502 1.362903 1.385547 1.399362 1.406485 1.405188 1.390606 1.370618 1.349717 1.320773 1.282794 1.249299 1.216357 1.185672 1.157534 1.132495
.9699929 .9558677 .9411209 .9138727 .8695496 .8213854 .7758577 .7356624 .7012081 .6768174 .6635056 .6559695 .65175 .6573218 .6722295 .6864524 .6968291 .7065372 .715142 .7219935 .7306316 .7427034 .7491532 .7491762 .7482057 .7448577 .7401292 .7342448 .7347341 .7411113 .7563369 .7777309 .7954691 .8094183 .8195801 .8370177 .8683119 .8901172 .9131162 .9831605 1.075784 1.135797 1.183198 1.230296 1.278226 1.317499 1.346344 1.374231 1.394488 1.403767 1.403486 1.394672 1.376895 1.355982 1.331978 1.298785 1.26328 1.228418 1.195237 1.164618 1.136734 1.111932
.9065054 .8869278 .8652593 .831539 .7859594 .7400847 .6970132 .6573408 .6242025 .602829 .5929924 .5880495 .5845081 .5867413 .5949637 .6070768 .6149011 .624104 .6288863 .633418 .6401207 .645115 .6474894 .6436325 .6341753 .6223711 .610153 .597121 .5909366 .5930253 .6085023 .6313785 .6654401 .6974253 .7188125 .7517666 .8023498 .8468003 .8957596 .970535 1.070791 1.139306 1.190842 1.239872 1.290911 1.332645 1.360101 1.385119 1.400278 1.402965 1.396569 1.38426 1.365732 1.343511 1.315123 1.279873 1.24558 1.209492 1.17636 1.145436 1.117735 1.092645
.8317053 .8095508 .78322 .7460167 .7045676 .6627913 .6216772 .5835371 .5553896 .5371836 .5246412 .5199972 .5207286 .5269687 .5348513 .538107 .5453117 .5521575 .5546802 .5615759 .5699416 .5662258 .5556169 .5486316 .5363334 .516028 .488801 .4634696 .4429177 .4375087 .4474779 .4664178 .5129961 .5726801 .6214588 .6753619 .7437226 .818356 .8954536 .9828937 1.08407 1.154757 1.208961 1.258841 1.310301 1.350346 1.375096 1.396303 1.40625 1.403701 1.39377 1.378995 1.358584 1.331784 1.298018 1.262332 1.226794 1.190829 1.158221 1.127714 1.100147 1.074684
.7680759 .7397652 .7071546 .6716641 .6319652 .5895768 .5478233 .5178449 .509291 .5019853 .4933124 .4848733 .4753921 .4772446 .4942051 .5016794 .4982568 .5026793 .5131155 .5252674 .5348617 .5271681 .5055627 .4820751 .4680208 .4514079 .417007 .3692603 .3249504 .3112982 .3123572 .3158008 .3558531 .440315 .5263315 .6128457 .7114041 .8143989 .9086347 1.007165 1.107636 1.177073 1.230987 1.280814 1.331961 1.368765 1.390806 1.407799 1.412538 1.405839 1.392963 1.375143 1.349518 1.314995 1.277542 1.2421 1.204962 1.169918 1.139013 1.110567 1.083735 1.058653
.7188026 .6903449 .6563707 .6212595 .5839494 .5452216 .5091437 .4918346 .4992571 .4985216 .4944844 .4880873 .4798714 .4798426 .4966688 .5033174 .4969272 .4973021 .5102419 .5249004 .5284736 .5160885 .4923981 .4642504 .4450181 .4280292 .3926195 .3406471 .2848286 .2551101 .247401 .24287 .2714179 .3625155 .4727341 .5938731 .7240149 .8504558 .9541611 1.055178 1.144453 1.207444 1.25923 1.307881 1.356898 1.387724 1.406478 1.418263 1.417691 1.407674 1.390908 1.365814 1.330088 1.288692 1.249627 1.212971 1.176346 1.144803 1.117833 1.092789 1.067775 1.044915
.6726202 .6459228 .6163574 .5866796 .558456 .5370566 .5241058 .5252069 .5345956 .5360455 .5344797 .5295413 .5356614 .5429934 .5472963 .5497909 .5442626 .5417382 .5424227 .5466922 .5458507 .5345832 .5159215 .4933655 .4723934 .4495143 .4140415 .3653275 .3127058 .2765825 .2566628 .2497768 .2805658 .3634784 .4817702 .6224994 .7743104 .9163517 1.027657 1.119568 1.189742 1.244485 1.292259 1.338376 1.382672 1.405634 1.420477 1.426242 1.420952 1.407245 1.380619 1.342093 1.297229 1.252906 1.211964 1.174861 1.142028 1.115109 1.09195 1.071203 1.050254 1.033058
.6343611 .6030897 .5777243 .5657033 .5564243 .5525168 .5569088 .5776411 .5932648 .5964268 .6002272 .6131495 .6211165 .6257654 .6253881 .625809 .6236024 .6126858 .6028598 .5965927 .5908719 .5792329 .5651362 .5527664 .5368955 .508498 .4707107 .4269785 .3819149 .3413894 .3126512 .3073755 .344404 .4257948 .5543141 .708333 .866523 1.002402 1.104332 1.177445 1.233071 1.282272 1.327013 1.370632 1.406669 1.421586 1.431017 1.43037 1.420811 1.39828 1.356801 1.308268 1.259565 1.212924 1.170728 1.134658 1.106117 1.083455 1.064448 1.048572 1.033543 1.022286
.6268043 .5916062 .5709026 .5825536 .5919248 .595941 .6116039 .6449895 .667133 .6801899 .6944887 .7049983 .7124446 .7180595 .7207265 .7168179 .7086702 .6957065 .6838444 .6728051 .6605512 .6461416 .6353698 .6288239 .6159338 .5883561 .5530646 .5183073 .4777264 .4324466 .4024101 .4054111 .4415455 .5341268 .6790909 .8362388 .9782372 1.089336 1.168843 1.225009 1.273366 1.318162 1.361092 1.400153 1.424832 1.433758 1.436644 1.430143 1.416259 1.379677 1.328898 1.275195 1.222188 1.174104 1.132074 1.097603 1.071238 1.050846 1.035958 1.024679 1.014394 1.008329
.6693438 .6455382 .6414659 .6582307 .6713477 .685113 .7105119 .7381523 .7628732 .7820613 .7960442 .8070084 .8164939 .8240421 .8219332 .814101 .8016574 .7863968 .7746832 .7615512 .7490192 .7362188 .7271602 .7191848 .7075451 .6884361 .6621575 .6326622 .5956001 .5569674 .5358462 .5444564 .5857889 .6872561 .8283312 .9666298 1.078253 1.160249 1.220504 1.268192 1.311908 1.353498 1.393814 1.423708 1.437556 1.441576 1.437953 1.426669 1.40703 1.358242 1.304433 1.247272 1.19107 1.140541 1.096619 1.061589 1.036305 1.017791 1.004586 .995636 .9887076 .9850962
