py_wake/examples/data/AJ_ParqueFicticio/Ridge area   Sector 4   Height 200m   Flow inclination.grd
DSAA
90  129
 262878   265103
 6504214   6507414
-16.71199   23.73209
[rows 27 to 53 of 129, columns 0 to 59 of 90]
-9.782896 -10.13919 -10.3658 -10.52353 -10.6453 -10.72391 -10.77798 -10.84341 -10.91037 -10.99113 -11.15418 -11.42499 -11.81676 -12.25583 -12.68622 -13.05394 -13.35858 -13.59409 -13.81286 -14.08285 -14.20163 -14.24168 -14.24889 -14.19148 -14.14066 -14.05362 -13.93293 -13.75597 -13.42727 -13.13029 -12.80064 -12.45279 -12.12048 -11.60075 -11.17697 -10.66599 -9.995107 -9.163545 -7.96321 -6.432453 -4.929957 -3.201271 -1.26607 .8847143 3.120201 5.369955 7.634142 10.04231 12.13731 14.04752 15.89137 16.82653 17.10638 16.9565 16.21721 14.9455 13.39735 11.50822 9.262713 6.92116
-9.929315 -10.31686 -10.56655 -10.7568 -10.90169 -10.96934 -11.00256 -11.01235 -10.98774 -10.95561 -11.01267 -11.19664 -11.52179 -11.92309 -12.36852 -12.79303 -13.16719 -13.465 -13.72465 -14.0056 -14.16607 -14.26853 -14.34659 -14.33541 -14.31931 -14.27306 -14.15817 -13.99284 -13.71764 -13.40091 -13.09616 -12.78746 -12.46749 -12.02159 -11.59938 -11.13434 -10.48882 -9.728195 -8.620578 -7.160773 -5.625898 -3.79968 -1.62484 .8205032 3.254702 5.624878 7.917852 10.33086 12.47981 14.26081 16.01128 16.8154 16.95479 16.62535 15.77059 14.37417 12.88544 11.06691 8.792176 6.32928
-10.00648 -10.40401 -10.67583 -10.91215 -11.09216 -11.17661 -11.21784 -11.19647 -11.12144 -10.9783 -10.93707 -11.05365 -11.32333 -11.66804 -12.0736 -12.49347 -12.90788 -13.2525 -13.56525 -13.86897 -14.05361 -14.21047 -14.35153 -14.39946 -14.419 -14.42725 -14.33853 -14.17806 -13.92168 -13.61434 -13.32241 -13.02948 -12.7393 -12.36109 -11.93611 -11.5148 -10.94616 -10.25992 -9.273111 -7.922184 -6.380066 -4.471581 -2.075434 .6247048 3.266563 5.828644 8.236025 10.58836 12.75476 14.48186 16.11436 16.81415 16.79562 16.34029 15.49393 14.01873 12.56472 10.90553 8.726595 6.224424
-10.02131 -10.42403 -10.71588 -10.99351 -11.2016 -11.31681 -11.38886 -11.36494 -11.2919 -11.05898 -10.97052 -11.02483 -11.23416 -11.52433 -11.86597 -12.2361 -12.62939 -12.98144 -13.31603 -13.63756 -13.82277 -14.01263 -14.19007 -14.27192 -14.33826 -14.39652 -14.35082 -14.20947 -14.00229 -13.74853 -13.47187 -13.20461 -12.97394 -12.63138 -12.21362 -11.81393 -11.33719 -10.7318 -9.859797 -8.627809 -7.105248 -5.113676 -2.52978 .2854516 3.048883 5.853496 8.495085 10.79704 12.97666 14.69511 16.16761 16.80213 16.65798 16.22433 15.54961 14.10178 12.59686 11.1675 9.274856 6.814745
-9.955435 -10.37575 -10.68765 -11.00294 -11.2341 -11.37576 -11.46824 -11.46014 -11.4173 -11.17592 -11.08519 -11.10309 -11.24769 -11.4672 -11.74325 -12.04538 -12.38688 -12.71709 -13.02431 -13.29841 -13.48866 -13.65742 -13.80259 -13.87821 -13.95573 -14.0212 -14.01759 -13.93867 -13.82978 -13.6769 -13.4641 -13.23604 -13.00546 -12.69957 -12.34468 -11.97985 -11.57475 -11.05554 -10.29196 -9.172647 -7.700503 -5.62995 -3.01979 -.1939478 2.631781 5.528553 8.462043 10.86294 13.00586 14.7088 16.02173 16.68243 16.49947 16.13422 15.65159 14.35315 12.69107 11.38358 9.914864 7.785213
-9.832359 -10.2706 -10.59561 -10.93067 -11.16919 -11.32863 -11.43115 -11.44413 -11.4353 -11.25918 -11.1897 -11.19723 -11.29211 -11.44374 -11.64997 -11.89116 -12.19135 -12.48804 -12.73888 -12.96518 -13.14427 -13.28126 -13.37954 -13.436 -13.47819 -13.51402 -13.51877 -13.47432 -13.42951 -13.36518 -13.21464 -13.02969 -12.80044 -12.55925 -12.29468 -11.99313 -11.64778 -11.19983 -10.52868 -9.51855 -8.113605 -5.992157 -3.450349 -.6963493 2.216132 5.069049 8.113629 10.72362 12.82741 14.52688 15.75243 16.44936 16.31672 16.02637 15.71414 14.71702 12.97468 11.60126 10.33313 8.643059
-9.711072 -10.16865 -10.50087 -10.84619 -11.07334 -11.23309 -11.3292 -11.35732 -11.37681 -11.28891 -11.2472 -11.24912 -11.3039 -11.40186 -11.5521 -11.75103 -12.01891 -12.28063 -12.4829 -12.66735 -12.82382 -12.94085 -13.01466 -13.03858 -13.04101 -13.04158 -13.00972 -12.9384 -12.89669 -12.84558 -12.73397 -12.63097 -12.44308 -12.26151 -12.07914 -11.82576 -11.5265 -11.13772 -10.55357 -9.660563 -8.320556 -6.194544 -3.763028 -1.140489 1.824128 4.635988 7.578732 10.37638 12.51848 14.18964 15.36914 16.08764 16.11894 15.89055 15.50631 14.7335 13.23307 11.73872 10.43491 9.017059
-9.643578 -10.13917 -10.48942 -10.85791 -11.06253 -11.20994 -11.28939 -11.31056 -11.33443 -11.31084 -11.29575 -11.29868 -11.32438 -11.37316 -11.47472 -11.64353 -11.88661 -12.10517 -12.28658 -12.43083 -12.55791 -12.66117 -12.7104 -12.71066 -12.6933 -12.64617 -12.559 -12.43224 -12.28321 -12.16825 -12.05526 -11.94836 -11.80258 -11.70079 -11.56176 -11.34921 -11.14006 -10.79998 -10.3026 -9.536255 -8.259807 -6.22368 -3.948251 -1.484089 1.459598 4.235991 7.023505 9.80886 11.97109 13.58193 14.83621 15.66751 15.92505 15.78422 15.29653 14.48711 13.21312 11.70365 10.18127 8.722676
-9.580644 -10.15756 -10.57131 -11.01838 -11.21653 -11.36024 -11.41971 -11.42925 -11.44411 -11.43694 -11.42652 -11.42947 -11.41985 -11.4294 -11.49846 -11.64326 -11.84043 -12.01742 -12.16329 -12.28653 -12.39106 -12.45992 -12.49443 -12.48233 -12.44231 -12.35186 -12.22316 -12.01695 -11.74117 -11.52478 -11.34161 -11.13919 -10.98196 -10.87432 -10.72846 -10.57683 -10.41662 -10.14311 -9.739403 -9.119887 -7.95956 -6.112484 -4.025011 -1.74158 1.122238 3.847064 6.592684 9.121931 11.29081 12.85358 14.09823 15.08796 15.55256 15.52489 15.10778 14.38567 13.17102 11.53557 9.78544 7.986334
-9.404768 -10.11978 -10.65105 -11.23496 -11.46009 -11.6194 -11.6709 -11.67836 -11.68956 -11.67764 -11.66825 -11.66714 -11.61275 -11.59074 -11.63797 -11.73793 -11.88658 -12.0229 -12.12865 -12.23649 -12.30895 -12.3545 -12.3896 -12.36004 -12.29434 -12.18892 -12.02388 -11.76663 -11.38393 -11.03089 -10.76721 -10.48799 -10.2615 -10.05361 -9.867038 -9.680475 -9.533158 -9.300057 -9.001652 -8.503556 -7.515108 -5.915863 -4.017064 -1.925732 .8025725 3.517619 6.23818 8.5556 10.50328 12.06421 13.26177 14.31462 15.01949 15.14323 14.823 14.17235 13.07097 11.38332 9.389239 7.221308
-9.024921 -9.916664 -10.62199 -11.37451 -11.67685 -11.88084 -11.95055 -11.9739 -11.99314 -11.96936 -11.96202 -11.93623 -11.8478 -11.79363 -11.81094 -11.87164 -11.99039 -12.07555 -12.15986 -12.26295 -12.27881 -12.32376 -12.35036 -12.32201 -12.2506 -12.13202 -11.96416 -11.69101 -11.22554 -10.75713 -10.40599 -10.07411 -9.724853 -9.388092 -9.118427 -8.863277 -8.645688 -8.443836 -8.254295 -7.889132 -7.047602 -5.648605 -3.902774 -1.926012 .522516 3.260066 5.888281 8.126929 9.840312 11.32426 12.54549 13.51688 14.34642 14.64695 14.38248 13.7192 12.6507 11.0417 8.902144 6.487331
-8.441512 -9.462254 -10.37475 -11.29189 -11.73251 -12.03186 -12.1646 -12.22813 -12.28363 -12.26994 -12.27541 -12.21214 -12.09737 -11.99678 -11.98575 -12.02695 -12.10812 -12.13612 -12.207 -12.27934 -12.27022 -12.30558 -12.33633 -12.31263 -12.26776 -12.15254 -11.9858 -11.72243 -11.26145 -10.73611 -10.26792 -9.838726 -9.394535 -8.963151 -8.560096 -8.223395 -7.93184 -7.734121 -7.576749 -7.255248 -6.5329 -5.256333 -3.626991 -1.742329 .4577977 3.087124 5.507608 7.708559 9.375303 10.78428 11.94642 12.96611 13.79782 14.14411 13.90927 13.17919 12.03057 10.442 8.21119 5.673197
-7.73304 -8.77512 -9.854033 -10.91574 -11.56215 -12.01482 -12.25881 -12.4051 -12.507 -12.53599 -12.56373 -12.49227 -12.35366 -12.24068 -12.19368 -12.19991 -12.2171 -12.23179 -12.22975 -12.25097 -12.24779 -12.29313 -12.34418 -12.30222 -12.28397 -12.18013 -12.02569 -11.7942 -11.37426 -10.83785 -10.29428 -9.795959 -9.217936 -8.760953 -8.250849 -7.810854 -7.432606 -7.165623 -6.98493 -6.665115 -5.990053 -4.792291 -3.284212 -1.513564 .5220807 2.98172 5.264013 7.344263 9.007954 10.45643 11.53196 12.55523 13.48278 13.85467 13.53765 12.75127 11.48619 9.72758 7.399945 4.833221
-6.9303 -7.925066 -9.089942 -10.29047 -11.15888 -11.8084 -12.20981 -12.48346 -12.67346 -12.7715 -12.83045 -12.76571 -12.63208 -12.53255 -12.46993 -12.39817 -12.37781 -12.36151 -12.28398 -12.25807 -12.25931 -12.33416 -12.39263 -12.33578 -12.31279 -12.19266 -12.06508 -11.87025 -11.47837 -10.96052 -10.39624 -9.847646 -9.179816 -8.651042 -8.169339 -7.614684 -7.139097 -6.802214 -6.558614 -6.198827 -5.549711 -4.415369 -2.969029 -1.304353 .6402992 2.928551 5.147119 7.201144 8.824338 10.25061 11.32897 12.27272 13.24277 13.70736 13.29081 12.38291 11.01538 9.090193 6.639748 4.052482
-6.085176 -6.999985 -8.169603 -9.485961 -10.53918 -11.40794 -12.00137 -12.44186 -12.75751 -12.95821 -13.07585 -13.05003 -12.96003 -12.86707 -12.77789 -12.68087 -12.59028 -12.53293 -12.40695 -12.34131 -12.3534 -12.42159 -12.48443 -12.41172 -12.38565 -12.24281 -12.13214 -11.93142 -11.6097 -11.06632 -10.54956 -9.949627 -9.275357 -8.712813 -8.226583 -7.622269 -7.035818 -6.634624 -6.338803 -5.947948 -5.307683 -4.144693 -2.678514 -1.101665 .7354142 2.872345 5.01597 7.115576 8.777143 10.17032 11.29933 12.21691 13.02336 13.52568 13.13677 12.11104 10.60073 8.535092 5.972085 3.396041
-5.320332 -6.119656 -7.215071 -8.56788 -9.748605 -10.81651 -11.61438 -12.2514 -12.71816 -13.0661 -13.28441 -13.32814 -13.2978 -13.22296 -13.13701 -13.02237 -12.89608 -12.77153 -12.62171 -12.5294 -12.46456 -12.52153 -12.58114 -12.52835 -12.48198 -12.35063 -12.2491 -12.06473 -11.76943 -11.20144 -10.75564 -10.10816 -9.521168 -8.96951 -8.428069 -7.770645 -7.158837 -6.737305 -6.373865 -5.921066 -5.170281 -4.01833 -2.583955 -1.046137 .762769 2.854637 4.934019 6.926302 8.739354 10.21268 11.4054 12.32536 12.94055 13.32115 12.97185 11.85048 10.19898 8.039392 5.421533 2.915992
-4.546964 -5.201332 -6.227205 -7.579042 -8.836443 -10.07362 -11.06058 -11.87416 -12.50125 -13.00561 -13.35816 -13.5189 -13.58376 -13.54221 -13.4719 -13.35949 -13.23262 -13.07948 -12.88497 -12.69995 -12.58059 -12.60938 -12.63655 -12.60278 -12.55561 -12.4304 -12.35286 -12.19894 -11.90026 -11.3646 -10.96844 -10.34968 -9.855786 -9.325993 -8.727048 -8.098372 -7.505579 -7.009767 -6.545693 -5.993738 -5.198588 -4.103835 -2.659451 -1.082015 .7489908 2.86069 4.929693 6.884167 8.666007 10.31399 11.56242 12.4926 13.0239 13.22833 12.83925 11.61811 9.825878 7.567998 4.949062 2.570606
-3.96471 -4.412495 -5.341586 -6.703665 -8.00958 -9.311793 -10.38263 -11.28553 -12.05329 -12.71196 -13.22615 -13.54808 -13.72259 -13.7454 -13.70813 -13.59642 -13.50209 -13.37524 -13.16301 -12.87767 -12.70263 -12.64851 -12.60079 -12.57999 -12.52615 -12.42078 -12.38028 -12.24826 -11.94259 -11.43479 -11.10679 -10.58781 -10.18163 -9.707577 -9.109924 -8.53498 -7.990164 -7.436324 -6.834687 -6.208809 -5.424142 -4.340355 -2.850589 -1.203346 .6783251 2.836601 4.952122 6.908417 8.64844 10.35628 11.70308 12.64396 13.14732 13.19598 12.72506 11.41953 9.476285 7.095151 4.530184 2.347417
-3.637444 -3.897994 -4.729491 -6.061144 -7.44058 -8.739833 -9.729982 -10.56101 -11.36204 -12.13344 -12.80861 -13.31177 -13.63813 -13.77395 -13.80767 -13.71867 -13.65847 -13.58777 -13.39728 -13.09229 -12.8891 -12.75765 -12.59671 -12.55083 -12.48817 -12.38484 -12.34864 -12.2246 -11.93478 -11.44263 -11.20456 -10.8162 -10.4823 -10.08951 -9.541562 -9.03017 -8.548672 -7.980754 -7.28851 -6.603755 -5.799807 -4.70672 -3.13468 -1.394446 .5053591 2.658333 4.832717 6.925032 8.686213 10.36327 11.81253 12.75946 13.25743 13.21108 12.64355 11.25789 9.178553 6.693017 4.159836 2.118999
-3.516778 -3.545216 -4.227634 -5.540396 -7.072065 -8.439492 -9.366432 -10.0055 -10.64986 -11.36792 -12.10389 -12.77257 -13.2737 -13.60048 -13.77399 -13.7917 -13.78012 -13.74197 -13.60363 -13.38563 -13.18849 -13.02987 -12.84998 -12.75574 -12.66691 -12.51355 -12.38846 -12.23647 -12.01368 -11.55376 -11.32892 -11.05658 -10.76622 -10.4531 -9.993956 -9.535028 -9.133367 -8.604347 -7.891918 -7.188264 -6.341028 -5.197045 -3.54939 -1.767056 .1934249 2.327981 4.472495 6.714159 8.655507 10.37088 11.86158 12.83338 13.31604 13.21561 12.53043 11.0616 8.923094 6.435915 3.930321 2.033817
-3.485362 -3.345645 -3.851732 -5.051198 -6.663465 -8.219959 -9.324682 -9.904795 -10.29218 -10.73027 -11.2885 -11.93721 -12.51844 -13.02082 -13.41318 -13.64807 -13.74259 -13.7682 -13.70335 -13.58486 -13.45952 -13.3386 -13.199 -13.09034 -12.95115 -12.75266 -12.55801 -12.33936 -12.11737 -11.75702 -11.50102 -11.29718 -11.03359 -10.76736 -10.42923 -10.03258 -9.676563 -9.218139 -8.529283 -7.814197 -6.950593 -5.752982 -4.066482 -2.286819 -.2439037 1.916279 4.029224 6.217009 8.440334 10.31575 11.85081 12.86129 13.28058 13.11885 12.32119 10.75834 8.630733 6.219419 3.868095 2.132574
-3.538238 -3.233149 -3.548521 -4.575743 -6.15412 -7.879028 -9.295815 -10.12925 -10.41099 -10.4617 -10.60573 -11.02465 -11.41596 -11.93525 -12.59044 -13.08372 -13.36767 -13.5121 -13.55849 -13.56593 -13.55147 -13.50959 -13.43605 -13.35291 -13.21558 -13.00003 -12.75565 -12.49803 -12.24816 -11.96466 -11.7087 -11.49216 -11.28031 -11.03746 -10.78871 -10.47968 -10.155 -9.76967 -9.138539 -8.396945 -7.54214 -6.311274 -4.616323 -2.856523 -.7819244 1.434209 3.592374 5.69121 7.979935 10.15484 11.78078 12.83589 13.19209 12.9519 12.04827 10.38242 8.260787 5.933958 3.75722 2.126184
-3.658301 -3.180551 -3.243788 -4.017298 -5.476455 -7.232699 -8.893212 -10.137 -10.68966 -10.64789 -10.34415 -10.24567 -10.11975 -10.24669 -11.13897 -11.9198 -12.49375 -12.84932 -13.06069 -13.2457 -13.39071 -13.47195 -13.48592 -13.45375 -13.31452 -13.09742 -12.87306 -12.65763 -12.4238 -12.17883 -11.94013 -11.71519 -11.52811 -11.30128 -11.08091 -10.8619 -10.59183 -10.25161 -9.699597 -8.941423 -8.123287 -6.891127 -5.208189 -3.455102 -1.374254 .9195073 3.192467 5.315985 7.492079 9.851972 11.66161 12.77554 13.10168 12.77489 11.81728 10.05099 7.923544 5.695873 3.603823 2.001692
-3.860901 -3.187674 -2.953038 -3.430973 -4.699277 -6.363947 -8.157121 -9.687876 -10.61064 -10.87286 -10.75782 -10.43299 -9.644018 -8.968559 -9.324433 -9.592938 -10.21176 -10.90024 -11.23722 -11.5111 -12.38709 -12.88953 -13.13552 -13.28077 -13.25056 -12.98228 -12.73267 -12.6305 -12.49415 -12.33723 -12.18876 -12.01774 -11.82987 -11.60214 -11.38244 -11.2054 -10.99097 -10.66488 -10.19417 -9.459384 -8.679935 -7.486658 -5.838471 -4.085032 -1.986662 .424167 2.869916 5.067892 7.223113 9.47705 11.50407 12.69857 13.04281 12.61044 11.59981 9.834175 7.743275 5.607646 3.53723 1.758753
-4.141678 -3.347453 -2.838606 -2.943233 -3.88325 -5.368858 -7.097647 -8.759635 -9.970581 -10.60743 -10.85337 -11.0516 -11.24696 -11.08432 -10.02121 -8.344728 -7.193274 -7.039752 -6.35079 -5.284222 -7.747893 -9.248806 -10.21993 -11.10759 -11.49979 -11.53873 -11.86975 -12.27039 -12.32242 -12.24682 -12.29873 -12.28919 -12.19046 -11.99549 -11.7857 -11.60619 -11.3605 -11.0375 -10.62026 -9.967566 -9.212558 -8.080667 -6.48592 -4.74033 -2.602256 -.01958684 2.637914 4.912199 7.097269 9.178971 11.28497 12.6352 13.01968 12.51635 11.39633 9.639488 7.55572 5.426908 3.33848 1.592063
-4.458553 -3.542102 -2.8978 -2.619019 -3.229602 -4.454978 -6.023803 -7.728689 -9.083922 -10.0016 -10.51938 -11.06704 -11.92554 -13.17905 -13.49077 -10.14376 -6.621124 -4.754948 -2.686028 -.5364503 -1.555525 -4.249595 -6.377091 -8.254857 -9.88755 -10.60719 -10.75104 -10.8888 -11.9759 -11.86461 -12.27221 -12.51881 -12.61034 -12.5045 -12.28687 -12.04305 -11.73553 -11.3915 -11.00167 -10.43856 -9.697049 -8.619599 -7.102442 -5.372565 -3.182752 -.4186162 2.415694 4.775847 7.022039 8.987922 11.04629 12.54167 13.00339 12.53967 11.32811 9.550021 7.568272 5.519454 3.485525 1.771139
-4.848105 -3.734057 -2.909675 -2.340012 -2.767291 -3.664794 -5.079521 -6.743095 -8.128896 -9.279309 -10.0787 -10.887 -11.93954 -13.12118 -14.1739 -13.44091 -9.187266 -5.680862 -1.553245 3.59402 4.66113 .2243379 -4.64242 -7.832347 -10.98226 -12.38784 -12.08807 -13.10674 -13.42014 -12.72296 -12.86486 -13.00188 -13.0663 -12.95506 -12.69697 -12.38708 -12.04948 -11.703 -11.30876 -10.76587 -10.0277 -8.986979 -7.562351 -5.872792 -3.643975 -.7840224 2.072319 4.548597 6.869623 8.84273 10.75486 12.29123 12.87969 12.5227 11.46727 9.66619 7.72539 5.795597 3.927641 2.397512
