py_wake/examples/data/AJ_ParqueFicticio/Ridge area   Sector All   Height 200m   Power density.grd
DSAA
90  129
 262878   265103
 6504214   6507414
 17.06541   665.6069
[rows 27 to 53 of 129, columns 0 to 61 of 90]
119.7999 122.509 127.0337 131.506 135.7076 139.7786 142.9866 145.1719 146.4158 146.3911 144.5206 141.5186 138.4782 136.4907 136.1366 137.3789 139.7462 142.6164 145.1239 147.7441 154.1139 161.9802 170.0583 179.3799 188.6439 199.7856 213.5367 231.5571 253.7117 275.0528 297.5347 320.1589 344.2848 370.3109 393.1006 418.9353 447.5697 478.5873 515.0118 546.1625 565.1005 578.0417 582.2609 574.7475 554.14 522.5776 485.4613 439.3973 372.7915 280.9244 188.0392 126.0174 87.0414 62.93254 49.69576 42.06905 36.92342 33.17131 30.69463 29.03366 27.59319 26.28077
115.163 118.0241 122.6697 127.436 132.5796 138.0353 143.026 147.521 151.0716 152.2855 150.8402 147.9693 144.2274 140.6514 137.8774 136.7698 137.2808 138.7379 140.3129 142.1474 146.7681 152.2934 158.0007 165.6355 172.7987 181.3891 193.5497 209.0058 228.7831 249.8862 270.6278 291.8058 315.5376 341.7803 366.3269 392.7518 422.8344 455.079 494.1868 530.8489 557.876 579.677 590.3425 582.6586 557.3981 520.4431 480.2262 430.5122 350.6665 250.1562 164.422 112.28 79.06118 58.54239 47.17852 40.64371 35.87294 32.04501 29.48762 27.95979 26.62998 25.4725
110.788 113.8447 118.3039 122.8817 128.2145 134.5474 141.074 147.663 153.8197 157.5129 157.0345 153.5401 149.4786 145.6098 142.0521 139.4897 138.2134 138.0491 138.0739 139.0067 142.1771 145.4271 148.7012 154.1894 159.4326 164.8222 175.2257 189.4814 207.567 226.934 245.9106 265.5526 287.4332 312.9647 339.0911 365.2839 395.9313 429.1963 469.868 511.4976 546.4979 577.4547 596.568 590.9112 562.9309 521.2783 476.0619 421.3323 328.2743 223.0709 147.1209 102.3061 72.89574 55.26881 45.1058 39.2109 34.8142 30.89909 28.11645 26.65278 25.44953 24.37127
106.2596 109.4947 113.7472 118.0206 123.3998 129.8542 136.6605 144.349 152.7583 159.2072 159.8208 156.9722 153.2509 150.0491 147.1925 144.2952 142.0983 140.6484 139.2751 139.318 142.0325 143.3865 144.6346 148.7588 152.207 155.1788 164.2872 178.1935 193.9384 210.7991 227.985 244.8975 262.4605 286.6732 313.402 339.6764 369.2664 403.0941 444.4536 489.2885 531.3848 571.6354 599.9254 597.9294 570.7737 526.5982 475.7362 414.3312 309.1478 202.2019 135.3192 94.82288 68.8785 53.18038 43.4113 37.7396 34.02684 30.29973 27.10597 25.52889 24.44545 23.39692
101.0595 104.2466 108.0844 111.8903 117.2002 123.5514 130.4048 138.101 146.6459 153.9374 156.4706 156.1184 154.5939 152.6049 150.5487 148.4721 146.2712 144.792 144.2041 145.0939 146.9276 147.812 149.2746 152.8445 155.4978 158.5695 166.8735 178.6649 190.6707 203.7462 218.2033 233.117 249.6447 270.5709 294.3266 319.4383 347.1524 380.2194 421.3909 467.6612 514.9233 562.2184 596.068 599.4077 575.788 533.4688 479.2924 412.2324 300.6679 193.0541 129.8033 90.80273 67.01847 52.59823 42.7899 36.86551 33.7279 30.79424 27.53078 25.35966 24.10711 23.01775
96.19775 99.0881 102.7014 106.068 111.0368 117.1396 123.5409 130.6115 138.3465 145.4862 149.4675 151.4294 152.3902 152.1936 151.3559 149.9412 148.4117 148.6986 150.7598 152.6931 154.1948 156.1188 158.569 161.5917 164.5408 168.7828 176.0199 185.7635 194.6697 204.0016 215.7032 228.9334 244.5515 261.6648 281.2921 303.765 329.6265 360.9287 400.6341 447.4212 498.5331 551.0875 587.5308 596.0956 576.7307 536.9753 484.1372 415.7738 304.9995 193.1509 127.4891 89.03659 66.49068 52.87616 42.87636 36.27432 33.38904 31.19956 28.49253 26.03659 24.37852 23.16217
91.54845 94.24475 97.56754 100.6177 105.3524 111.1026 117.256 123.4853 130.0247 136.7618 142.0407 145.9228 148.6726 149.9104 149.8078 148.7646 148.0373 151.1559 156.367 159.929 162.5361 165.2252 168.158 171.6491 174.8968 179.2299 186.5599 195.9098 203.5334 211.2679 220.1347 229.991 243.3153 257.4999 273.4096 293.4934 317.2619 346.5824 383.9435 429.0779 483.1284 538.9888 576.5878 590.4164 576.0772 538.5182 488.5217 423.9763 317.937 201.0893 129.9884 90.49506 67.69623 53.905 44.25682 37.29014 33.79236 31.72375 29.52284 27.19938 25.31559 23.86478
87.10046 89.69357 92.80117 95.6851 100.5479 106.2696 112.1554 118.2856 124.309 130.3402 136.1902 141.4583 145.3708 147.4874 147.5863 146.5168 147.286 152.6547 159.453 165.179 169.0674 172.4409 176.7319 180.8446 184.56 189.7924 198.2251 208.5758 218.6875 226.7886 233.9478 242.1517 252.6098 263.5641 277.5513 295.5298 315.2257 342.183 375.6744 417.5566 471.894 528.1376 565.636 583.0663 574.6619 540.2849 492.7587 434.3477 343.4866 226.7867 142.0764 96.57471 71.09531 56.18378 46.67606 40.02268 35.51742 32.71326 30.56368 28.3684 26.45896 24.97622
83.79666 86.1293 88.6491 91.01127 96.24501 102.3404 108.5441 114.9376 121.2029 127.3424 133.5672 139.2204 143.9314 146.46 146.7566 146.3014 148.4344 154.0913 160.7583 166.753 171.8961 177.1822 182.7843 188.4903 194.3467 202.1512 212.5549 226.1127 239.7255 249.3695 257.4426 265.9545 274.5178 283.6078 296.3298 309.9288 326.8286 349.9117 378.7525 415.5262 466.4828 519.2181 555.552 576.7739 573.7952 544.4562 498.4673 444.6187 371.0415 265.2564 169.2575 110.7 79.23512 61.76674 50.88274 43.1618 37.86421 34.43041 31.8327 29.53902 27.49696 25.96642
82.06337 83.32242 84.78067 86.26386 91.96119 98.51413 105.2233 111.9667 118.666 125.3648 131.8878 138.0456 143.7368 146.7671 147.8635 149.0049 151.5144 155.9959 161.8213 167.2714 172.9177 179.4602 186.013 194.3165 203.5537 214.4667 228.7524 246.4413 264.2717 276.7563 286.4736 294.5652 302.5194 311.067 321.5815 333.2195 346.9175 365.3602 388.9532 421.3401 466.1918 513.524 548.6486 571.7537 575.0781 550.8666 506.8999 453.1341 395.2484 311.1132 214.2692 137.1903 93.30178 70.12521 56.58722 47.41134 40.87568 36.62288 33.5927 30.98696 28.79288 26.9909
81.70792 81.15279 81.17288 81.7463 87.73383 94.46145 101.4227 108.4248 115.6307 122.9744 130.039 137.4607 144.4143 148.496 150.9823 153.1054 155.4213 158.9446 163.1082 167.7581 174.1127 180.8362 188.6328 199.0442 211.4828 226.074 243.7269 265.6714 289.1407 305.1712 316.1897 325.1489 333.1121 341.6823 350.1396 359.9253 370.9672 384.5236 402.14 429.47 469.5689 512.9485 547.0994 569.5946 578.1959 559.9666 518.1273 465.0416 413.877 349.9173 263.3737 177.2873 114.9018 81.41309 63.60487 52.66098 45.03139 39.54087 35.74509 32.89533 30.47133 28.44383
83.38239 79.81818 78.05643 78.15416 83.94372 90.33891 97.10645 104.0241 111.2144 119.1837 127.2523 136.69 145.2697 151.3964 154.6051 157.0519 160.0272 163.867 166.8959 171.2639 177.6025 184.5663 192.9838 204.2262 218.623 236.0651 256.6696 281.2196 307.789 328.9638 343.6548 355.639 364.6192 372.3557 379.8805 387.884 395.9637 405.2086 419.1507 443.1738 479.1385 519.3107 552.3568 573.4706 583.3002 569.2183 530.9564 480.4687 430.3298 377.3581 306.9973 220.8898 142.5558 94.735 70.66846 57.54332 48.93876 42.38997 38.03819 35.02409 32.39927 30.22515
85.94577 79.97598 76.37968 76.48839 80.90044 86.21854 92.59418 99.38434 106.6956 114.8294 123.6277 134.3901 144.5492 152.5164 157.5362 161.3264 165.8613 170.2242 174.8117 179.1972 184.3386 190.6251 199.2265 211.9954 227.1277 245.6926 268.0179 293.42 321.4979 346.5082 365.7602 381.1622 393.5397 401.8276 409.9962 416.5152 423.219 430.494 441.7092 463.2091 495.0905 531.82 561.556 580.4694 589.1296 576.699 541.4063 495.9926 448.1068 397.7296 340.2258 262.0777 171.3993 107.6891 76.65038 60.93519 51.33381 44.70526 40.16347 36.86535 34.13206 31.78914
89.63203 82.02158 77.05556 76.43813 78.73159 82.53629 88.07527 94.20026 101.3551 109.6578 119.4207 131.286 142.6272 151.7153 159.045 166.0952 171.5276 177.3572 183.9642 188.6268 192.8838 198.0583 206.9462 220.769 237.0637 256.5778 278.6679 304.0875 333.2874 360.4854 383.3654 402.9807 419.0305 428.847 438.3375 446.3462 451.2704 456.9688 466.7313 485.4362 513.9753 546.7013 572.6479 589.7358 597.8634 586.2773 554.2495 509.9682 462.7515 414.1298 363.4215 298.3678 201.6469 120.0985 81.57003 63.62644 53.16757 46.22805 41.91238 38.58316 35.81179 33.675
95.3501 86.20697 79.68974 76.74219 76.78185 79.11205 83.75726 89.0623 95.75311 103.9893 114.2807 126.7686 138.8495 149.4026 159.1374 168.1655 176.2267 183.481 191.5414 197.2185 200.741 206.1136 215.2773 229.511 245.8852 265.9073 287.5408 313.0669 341.7152 370.5897 395.0363 417.7057 436.6908 448.8707 460.0521 472.186 479.0584 482.5626 490.6401 506.7737 532.1525 563.6853 588.597 602.0946 607.7412 597.2999 567.9757 523.7469 475.3387 428.1053 378.8866 319.1189 228.685 135.2725 86.75453 65.67982 54.53849 47.34755 42.94236 39.92812 37.49086 35.62082
102.6812 91.52146 82.46921 76.48067 74.72273 75.98844 79.98159 84.41441 90.48222 98.09013 108.4385 121.0461 133.3539 144.8258 155.5027 166.06 176.0715 185.873 195.1135 202.2019 208.1534 213.5846 221.9134 235.0077 250.6007 269.0576 289.2895 313.8058 342.9472 372.4993 396.9064 422.3867 442.0185 457.1818 472.3695 487.8949 496.6422 500.9801 509.2551 524.928 550.4487 579.2375 601.1858 612.5851 617.3699 606.3704 577.7049 537.2192 488.2428 438.4677 387.0007 326.4055 244.311 150.3371 92.97784 67.95284 55.92836 48.38469 43.79393 41.09521 39.03173 37.79523
109.8579 96.4269 85.12157 76.98116 72.91479 73.31161 76.34802 79.66804 85.14759 92.23128 102.1912 114.42 126.5869 138.5932 149.9996 161.0527 171.7762 183.2088 195.1581 205.5835 213.2583 219.1022 226.6798 237.2282 250.4509 266.3461 283.8761 306.6407 335.9728 364.5983 389.4103 415.7694 435.7573 455.2917 474.7613 491.3994 504.1621 513.9895 525.3535 541.8301 565.0325 590.6241 612.7267 624.2144 627.988 615.8102 586.1906 545.7727 498.0228 445.4543 391.0213 328.302 248.5426 159.4627 99.25073 71.03817 57.62295 49.87633 45.03206 42.36402 40.98026 40.7944
119.3559 103.1924 89.36129 79.35469 73.51183 71.6114 72.4539 74.38261 79.34978 86.24223 95.52132 106.8572 118.7504 131.0246 143.226 155.1961 165.9033 177.5793 191.2417 205.0526 214.836 222.6728 230.3163 238.2992 248.8708 261.5407 275.29 296.1758 325.3535 353.289 376.7175 402.5608 423.1954 445.5819 468.1159 486.6156 502.9898 519.6551 536.3366 553.6024 575.3509 601.283 624.9612 637.3026 640.6871 627.1908 595.176 552.3368 505.0198 451.7017 394.5341 329.3882 249.2886 165.4152 105.3307 74.5293 59.41892 51.23751 46.70522 44.45906 43.88026 44.83539
131.6593 113.2236 96.96689 84.65539 76.12424 70.4997 68.60825 69.29876 73.65706 80.08938 88.76628 99.39317 110.4671 122.4018 134.7922 147.3422 157.6466 168.2236 181.968 196.927 208.0272 217.6965 226.9312 233.4666 241.7292 251.4831 262.5125 280.4488 309.055 337 358.0605 382.4328 404.0632 427.9452 452.5638 473.1733 492.5924 515.1599 537.6744 557.9804 581.1605 609.3533 637.1002 650.4861 652.714 639.0427 606.319 560.5714 509.8796 456.6 397.5191 330.7064 248.9668 167.4773 108.1169 76.00777 60.12507 52.01582 48.16853 46.81223 47.47451 50.30339
145.6896 123.9547 104.101 88.18719 76.44804 68.02737 64.02541 63.9799 68.07786 73.94439 81.36259 90.51857 100.0051 110.4305 122.1037 134.0692 143.9543 153.8018 165.9345 178.9274 189.7312 199.4112 207.869 213.6876 220.5453 229.7675 240.2379 255.2503 280.0009 308.5185 330.7833 354.2874 377.9717 402.1283 428.5022 451.5548 472.7842 499.0585 526.0931 550.1004 577.768 610.4844 641.7692 657.4756 659.872 646.6124 616.4566 571.4241 516.5505 460.9632 400.2259 331.8727 247.5095 165.3789 107.454 75.65408 60.51838 52.40268 48.69077 48.40507 50.81267 55.56201
160.151 136.0753 112.4284 91.88527 76.46857 66.13579 60.63292 59.65258 63.09472 67.87413 73.87294 81.31475 88.87177 97.98323 107.9672 117.6583 126.5594 135.491 146.0002 157.0762 166.5685 175.0032 181.8959 186.7811 192.6169 201.1008 211.295 224.4312 244.7652 271.0958 295.7643 319.8488 346.0144 371.4919 397.6041 423.5036 447.1698 475.242 507.0725 535.1345 566.292 603.3409 638.8823 657.8132 664.0836 651.6749 623.1057 582.4757 527.0144 467.0655 404.3579 333.2469 246.4447 162.8154 106.0458 75.73045 60.99281 53.3308 49.88937 50.86771 55.54973 63.14359
175.5121 150.8127 124.9972 100.304 80.40086 67.64577 60.78475 58.20784 59.23664 62.23956 67.0102 73.21703 79.11668 86.38029 95.13781 103.4749 110.6552 118.4825 127.741 137.2262 145.3572 152.4754 158.2487 162.1321 165.7485 172.933 183.146 195.5779 212.0916 233.6328 258.2143 284.0526 310.7119 338.0674 364.4074 391.6547 418.4345 448.3133 483.4892 517.1265 551.614 592.7753 631.2767 654.508 664.9244 655.4734 627.5982 589.7361 538.5742 475.013 409.3327 335.1204 245.67 159.7034 103.9418 75.54401 61.23949 54.23967 52.16957 54.3782 61.31726 72.13873
192.5276 167.7984 140.2358 111.1918 87.45022 71.85054 62.81711 57.90358 56.13954 57.31928 61.08112 66.33659 71.20454 77.18333 84.86192 91.34655 97.63149 103.9086 111.1823 119.439 126.9091 132.9265 137.9102 141.8265 144.8867 149.5322 158.0463 168.9236 182.4366 200.8682 222.7429 247.4169 274.0547 302.6841 330.4756 357.4878 386.7081 418.801 456.9852 495.8687 533.5754 578.5208 620.8973 647.6695 663.3085 658.2361 631.5627 592.4357 545.3643 482.8595 414.4093 336.562 243.9615 156.9197 101.3333 75.00116 62.51019 56.2126 54.57225 58.02856 67.67847 82.71664
210.0777 185.452 157.118 126.2084 97.64799 76.88767 64.36117 56.89222 53.43582 53.61671 56.8285 61.41889 66.18758 71.39326 77.34444 81.7299 86.65527 91.27401 96.31813 102.8993 109.8188 115.6671 120.5678 125.5909 129.3406 132.8917 139.5582 148.5121 159.8008 174.4196 191.4226 212.9557 238.7877 267.5577 295.2415 321.6352 351.5173 386.7682 426.7953 470.763 511.5061 559.6546 606.5583 638.7023 659.7466 660.3195 635.3293 593.8076 545.9074 487.577 417.9382 337.3674 242.2915 155.5752 100.942 76.03371 65.13592 59.6478 58.87347 64.59454 78.37165 99.09606
228.4489 204.5657 177.0363 146.0113 112.5297 85.81026 69.04636 58.35949 52.88089 51.52059 53.63045 58.08006 63.37102 67.70127 70.85933 73.07452 75.86192 79.62698 82.94804 87.5558 93.68053 99.85995 105.6521 111.5049 116.6533 120.8193 125.9123 134.074 141.9142 151.7555 166.0836 183.9535 207.9567 234.9074 259.965 284.2852 315.9509 352.7301 394.1915 440.6982 485.7352 537.0071 588.2139 627.0829 655.5591 662.5714 639.4094 594.7995 544.58 489.1036 421.2739 338.6501 241.5239 156.1336 104.549 80.24155 70.00936 65.75517 66.93898 75.66209 92.87095 117.0745
246.3085 223.3193 197.4356 168.3566 132.3695 99.01867 75.51471 61.12448 52.91909 49.27585 50.20818 55.01234 60.69558 63.77686 64.43043 64.11539 65.047 68.21171 70.65183 73.70171 79.06524 85.6327 92.32639 99.26028 105.6322 110.24 114.6588 121.4438 127.1348 133.9797 146.1616 160.6503 181.6479 206.3642 229.7918 253.4534 284.6966 321.059 362.0973 409.0187 458.0474 512.613 567.6627 612.7479 650.2673 665.236 644.2669 597.7389 545.3689 490.3504 425.4883 342.4503 244.7813 159.5881 109.8462 87.80122 78.03934 74.69786 77.09494 88.33131 109.289 137.1823
263.771 241.0095 215.3696 186.9774 153.3399 115.5558 85.2606 67.28561 55.68728 49.46201 49.61337 53.7773 58.47833 59.64896 58.59435 56.37766 56.33965 58.51653 60.17288 62.32165 67.25227 73.7922 81.23608 89.41599 96.80516 101.9466 106.5082 113.5974 118.4004 123.482 134.5406 147.2854 165.6939 188.594 211.4277 235.4139 264.3057 297.0668 336.123 383.9579 435.9418 492.4512 548.576 598.7188 644.1097 665.6069 649.42 604.6469 550.8597 493.8948 432.8585 354.9185 259.4876 173.3847 120.518 97.81091 90.02563 88.31926 91.78251 104.9038 127.7237 157.0811
