py_wake/examples/data/AJ_ParqueFicticio/Ridge area   Sector 5   Height 200m   Mean speed.grd
DSAA
90  129
 262878   265103
 6504214   6507414
 1.436983   9.798634
[rows 81 to 107 of 129, columns 0 to 61 of 90]
3.747035 3.858701 3.971963 4.068065 4.152187 4.236316 4.324778 4.424834 4.55147 4.680045 4.808348 4.938557 5.025048 5.048474 5.028033 5.004649 4.997929 4.978964 4.974805 4.967883 4.946693 4.967706 5.006481 5.061364 5.113342 5.15897 5.176911 5.19392 5.213031 5.235828 5.279447 5.369225 5.54238 5.794404 6.095539 6.41458 6.719646 7.020663 7.301988 7.55992 7.780284 7.995801 8.180824 8.31852 8.41408 8.495122 8.547878 8.565853 8.441298 8.220091 7.943829 7.628452 7.327854 7.070014 6.885204 6.780633 6.748673 6.754176 6.789436 6.850525 6.90215 6.93778
4.058102 4.199433 4.327902 4.432982 4.531857 4.621913 4.718407 4.816882 4.910845 5.016414 5.154423 5.29912 5.407496 5.440829 5.415101 5.380953 5.339921 5.333522 5.374302 5.411831 5.388842 5.361744 5.354184 5.401767 5.476651 5.548998 5.577883 5.599112 5.621231 5.630291 5.655305 5.709848 5.836056 6.060198 6.318651 6.588481 6.869106 7.15817 7.437232 7.672127 7.877519 8.107883 8.278136 8.378668 8.470057 8.551761 8.609575 8.63994 8.501761 8.281473 8.003053 7.662513 7.322824 7.011458 6.764656 6.597291 6.511285 6.475011 6.491966 6.55491 6.61622 6.671329
4.311766 4.472607 4.622943 4.744484 4.833909 4.928273 5.022774 5.081857 5.146355 5.255168 5.374838 5.483267 5.614631 5.698304 5.654955 5.578038 5.521973 5.521808 5.594175 5.685402 5.638958 5.58692 5.567491 5.617528 5.724504 5.830211 5.87303 5.910429 5.95674 5.969464 5.976676 6.011033 6.112124 6.30218 6.522611 6.745074 7.003163 7.269888 7.534244 7.732946 7.931277 8.158905 8.324908 8.421041 8.519856 8.606824 8.676175 8.709866 8.6015 8.397046 8.135785 7.793863 7.427424 7.079494 6.774864 6.54025 6.178391 5.677997 6.279913 6.302185 6.337257 6.392274
4.497167 4.669244 4.82773 4.950539 5.043576 5.131876 5.198345 5.243282 5.304434 5.399454 5.480523 5.546047 5.626889 5.682267 5.656779 5.599097 5.55406 5.552212 5.604026 5.676505 5.663119 5.632987 5.624392 5.667674 5.775584 5.918272 6.011486 6.084358 6.169172 6.211797 6.244388 6.308277 6.40926 6.553115 6.734184 6.923898 7.128416 7.366814 7.592788 7.758627 7.943288 8.160572 8.333547 8.436552 8.546057 8.649282 8.736133 8.764098 8.697447 8.535378 8.310658 8.009256 7.656199 7.286407 6.931468 6.638938 6.438638 5.895933 5.537257 5.337498 5.250228 5.260982
4.629617 4.808052 4.963799 5.093538 5.208145 5.275913 5.31297 5.353132 5.412576 5.476509 5.508159 5.512675 5.511963 5.515027 5.502843 5.479857 5.455035 5.453646 5.475157 5.513651 5.522069 5.512901 5.515041 5.561296 5.664992 5.829401 5.975616 6.112423 6.257825 6.356765 6.472214 6.593933 6.701853 6.811109 6.954966 7.11102 7.262957 7.466578 7.642924 7.775319 7.932494 8.118172 8.295261 8.425338 8.549441 8.67064 8.764717 8.811989 8.790523 8.682319 8.502962 8.255507 7.939539 7.576511 7.196489 6.861758 6.620655 6.394715 5.806925 5.440619 5.230428 5.141102
4.738023 4.906493 5.054936 5.190481 5.308722 5.356722 5.366253 5.376308 5.411778 5.455328 5.447172 5.400674 5.348623 5.313771 5.284563 5.280691 5.294705 5.303759 5.311407 5.32676 5.321332 5.312628 5.317556 5.377358 5.481318 5.6422 5.830885 6.034639 6.251362 6.431849 6.622586 6.810472 6.937319 7.038131 7.151572 7.253597 7.389746 7.561382 7.694392 7.796232 7.912042 8.04179 8.179126 8.313393 8.455883 8.596022 8.722185 8.817281 8.859346 8.809303 8.682391 8.493731 8.226373 7.889533 7.517286 7.168597 6.908138 6.655977 6.359429 5.754279 5.373063 5.132608
4.809501 4.965271 5.098775 5.222308 5.321932 5.349726 5.337667 5.316833 5.308063 5.310639 5.280875 5.223995 5.15985 5.105783 5.058054 5.043261 5.067748 5.106108 5.132996 5.135844 5.118922 5.093964 5.102319 5.182248 5.286378 5.431259 5.664748 5.924531 6.197197 6.453811 6.697704 6.914634 7.076888 7.203111 7.289966 7.372061 7.504725 7.652638 7.753199 7.823939 7.88587 7.959245 8.054427 8.163824 8.303922 8.462995 8.621813 8.75666 8.859414 8.881608 8.817832 8.680593 8.469958 8.189463 7.856755 7.52261 7.253662 6.996392 6.702242 6.419227 5.835823 5.41412
4.836986 4.975011 5.095724 5.195104 5.255579 5.265652 5.242107 5.201254 5.157755 5.10792 5.050947 4.986618 4.923162 4.865956 4.815789 4.792846 4.799793 4.853769 4.910436 4.928914 4.916758 4.906232 4.916469 5.009932 5.122402 5.286275 5.542267 5.834622 6.147811 6.445764 6.718737 6.957141 7.153331 7.292006 7.375393 7.463101 7.595358 7.730399 7.814342 7.845413 7.847696 7.883183 7.948462 8.036537 8.159422 8.312465 8.478191 8.632607 8.7747 8.870863 8.875246 8.79816 8.656572 8.448719 8.179767 7.890985 7.641185 7.405207 7.118897 6.804434 6.539805 5.980883
4.841349 4.959277 5.068821 5.14338 5.154228 5.129442 5.091508 5.037997 4.971104 4.892931 4.811265 4.731133 4.653392 4.594285 4.558344 4.536985 4.530277 4.591918 4.655128 4.69443 4.7018 4.718379 4.748253 4.841686 4.997504 5.198908 5.462239 5.773479 6.115895 6.43083 6.721972 6.984937 7.211747 7.35123 7.434284 7.534217 7.670032 7.800675 7.870804 7.861546 7.814226 7.802541 7.827415 7.877635 7.957862 8.091306 8.267595 8.446809 8.627598 8.774073 8.8514 8.848256 8.775662 8.640163 8.448104 8.226768 8.02328 7.82912 7.590019 7.279077 6.98648 6.699067
4.818926 4.910669 5.016918 5.069307 5.033619 4.969822 4.902188 4.839029 4.764072 4.683806 4.596701 4.503821 4.403989 4.330489 4.310564 4.315622 4.321202 4.36533 4.425668 4.457229 4.487572 4.541986 4.578417 4.698369 4.901883 5.144411 5.42924 5.759151 6.108744 6.424259 6.720727 6.998585 7.248635 7.389438 7.474763 7.579868 7.717828 7.849056 7.905262 7.876616 7.757043 7.681476 7.683686 7.710127 7.761608 7.863172 8.025432 8.216591 8.421391 8.606222 8.740368 8.814292 8.808593 8.730203 8.606466 8.461938 8.327063 8.187901 8.015927 7.748757 7.462309 7.159287
4.724883 4.791619 4.869528 4.902026 4.847346 4.762424 4.682384 4.619147 4.550636 4.478961 4.407305 4.322666 4.223795 4.147539 4.140902 4.184083 4.212248 4.252256 4.313164 4.350793 4.400311 4.476254 4.526478 4.676756 4.91362 5.167687 5.457376 5.798194 6.128596 6.419258 6.704604 6.968588 7.209521 7.356394 7.448323 7.553512 7.67966 7.800371 7.863256 7.810861 7.689512 7.59613 7.56389 7.545246 7.555313 7.628998 7.7733 7.954582 8.15613 8.371415 8.551851 8.681686 8.730243 8.696102 8.621842 8.546468 8.483382 8.410772 8.311983 8.130513 7.89427 7.612463
4.534314 4.591597 4.634826 4.626705 4.570827 4.488033 4.402998 4.340403 4.29128 4.254795 4.215986 4.164595 4.11464 4.0827 4.105783 4.158691 4.194216 4.261349 4.347911 4.4024 4.463875 4.571147 4.676301 4.853056 5.082017 5.327333 5.593187 5.901861 6.192173 6.440179 6.697256 6.920049 7.11978 7.265596 7.375993 7.494108 7.609609 7.705138 7.75706 7.71428 7.602389 7.489888 7.413267 7.361904 7.333919 7.386437 7.514797 7.690325 7.887429 8.098205 8.295197 8.455318 8.540828 8.541517 8.507014 8.487563 8.490833 8.481114 8.450346 8.370225 8.222322 8.007777
4.296134 4.343046 4.359215 4.334204 4.259469 4.169131 4.083229 4.035996 4.012786 4.020123 4.031361 4.036615 4.042275 4.06033 4.129868 4.200872 4.24732 4.336516 4.439836 4.503566 4.623642 4.766728 4.939106 5.139255 5.351272 5.586495 5.824961 6.073181 6.288923 6.496007 6.720656 6.905176 7.0628 7.186203 7.29654 7.423315 7.526173 7.609281 7.648411 7.603525 7.477512 7.357762 7.246559 7.16745 7.113182 7.135531 7.240943 7.414215 7.606489 7.8081 8.009175 8.189303 8.292445 8.310701 8.303483 8.322088 8.375472 8.431536 8.47375 8.493714 8.44343 8.319194
4.057947 4.074554 4.099842 4.080886 4.01003 3.903025 3.789421 3.748572 3.777434 3.813245 3.860124 3.927581 3.979215 4.048088 4.165927 4.26361 4.347551 4.453056 4.529823 4.64512 4.808259 5.017371 5.226989 5.425231 5.635479 5.835981 6.040751 6.237736 6.389729 6.560131 6.749521 6.905322 7.026555 7.116322 7.209929 7.32608 7.417829 7.500672 7.539559 7.497925 7.379001 7.236835 7.105993 6.992987 6.900251 6.893081 6.978398 7.129432 7.308741 7.507227 7.71678 7.903397 8.00926 8.034245 8.035687 8.068882 8.157729 8.267473 8.376743 8.47896 8.536992 8.518129
3.840457 3.841708 3.864819 3.863839 3.805246 3.708175 3.625278 3.599562 3.658646 3.710474 3.774992 3.885724 3.975676 4.082245 4.221513 4.342863 4.457835 4.551477 4.666516 4.819063 5.016651 5.250921 5.487197 5.701273 5.898712 6.072989 6.245754 6.384369 6.487996 6.614185 6.750229 6.871425 6.976477 7.051613 7.135382 7.233978 7.332037 7.422745 7.468474 7.427659 7.306177 7.168831 7.017837 6.856421 6.70872 6.662432 6.721631 6.857548 7.031394 7.224819 7.426305 7.608255 7.721099 7.733802 7.7371 7.768466 7.869711 8.011519 8.170715 8.334351 8.47444 8.560515
3.633765 3.64501 3.665962 3.680178 3.644763 3.597855 3.558905 3.559908 3.644917 3.712039 3.800099 3.913661 4.02889 4.165729 4.306651 4.434809 4.545484 4.686954 4.852236 5.037608 5.247432 5.492127 5.735858 5.952834 6.136003 6.315021 6.453509 6.526858 6.591856 6.669222 6.746186 6.820153 6.900154 6.960292 7.035635 7.123806 7.225543 7.332386 7.393176 7.379712 7.272934 7.129806 6.951234 6.740169 6.535219 6.428041 6.454254 6.581495 6.749633 6.936372 7.124876 7.307523 7.434606 7.440496 7.434617 7.458705 7.551522 7.695399 7.875199 8.082002 8.284998 8.458307
3.471342 3.49378 3.52136 3.544313 3.545886 3.542946 3.535199 3.573532 3.674183 3.760256 3.863061 3.970806 4.089071 4.232345 4.377481 4.504514 4.650154 4.835607 5.045551 5.253038 5.477217 5.732919 5.986058 6.167512 6.326426 6.508602 6.622135 6.666784 6.703369 6.72818 6.739188 6.757155 6.78929 6.824946 6.888251 6.967291 7.077494 7.208522 7.307631 7.335451 7.253641 7.097641 6.892821 6.639202 6.364924 6.184328 6.161085 6.263958 6.413293 6.605639 6.81023 7.005584 7.125124 7.135771 7.118519 7.132874 7.215789 7.346807 7.537041 7.780206 8.033867 8.270101
3.352132 3.387737 3.438046 3.458759 3.485152 3.506436 3.515699 3.585183 3.683283 3.778227 3.880581 3.99893 4.127133 4.26085 4.415012 4.585211 4.758696 4.959558 5.17533 5.396997 5.645995 5.901675 6.142185 6.298805 6.442613 6.608948 6.715303 6.756676 6.786013 6.776726 6.737457 6.705425 6.686459 6.683008 6.710332 6.768905 6.88999 7.046525 7.190032 7.263155 7.236264 7.100154 6.880526 6.586927 6.251443 5.084669 4.619226 4.855016 6.034625 6.230867 6.448121 6.660863 6.770482 6.784366 6.763301 6.769845 6.84548 6.976212 7.176672 7.455319 7.753599 8.036625
3.285434 3.322803 3.363508 3.391162 3.439294 3.476577 3.492847 3.566748 3.664141 3.762821 3.865674 3.980922 4.117389 4.267729 4.428782 4.605873 4.794133 5.000189 5.205111 5.420987 5.65913 5.907948 6.137796 6.302284 6.449187 6.608731 6.73076 6.793758 6.832962 6.807595 6.729239 6.644977 6.569908 6.510474 6.493752 6.534194 6.665347 6.848408 7.032527 7.167905 7.219245 7.134295 6.923813 6.612104 6.239281 4.95645 4.412247 4.401692 4.679624 5.680409 5.984984 6.197687 6.331254 6.344944 6.323319 6.320599 6.38756 6.534773 6.767094 7.083795 7.418473 7.73409
1.70141E+38 1.70141E+38 1.70141E+38 1.70141E+38 1.70141E+38 1.70141E+38 1.70141E+38 1.70141E+38 1.70141E+38 1.70141E+38 1.70141E+38 1.70141E+38 1.70141E+38 1.70141E+38 1.70141E+38 1.70141E+38 1.70141E+38 1.70141E+38 1.70141E+38 1.70141E+38 1.70141E+38 1.70141E+38 1.70141E+38 1.70141E+38 1.70141E+38 1.70141E+38 1.70141E+38 1.70141E+38 1.70141E+38 1.70141E+38 1.70141E+38 1.70141E+38 1.70141E+38 1.70141E+38 1.70141E+38 1.70141E+38 1.70141E+38 1.70141E+38 1.70141E+38 1.70141E+38 1.70141E+38 1.70141E+38 1.70141E+38 1.70141E+38 1.70141E+38 1.70141E+38 1.70141E+38 1.70141E+38 1.70141E+38 1.70141E+38 1.70141E+38 1.70141E+38 1.70141E+38 1.70141E+38 1.70141E+38 1.70141E+38 1.70141E+38 1.70141E+38 1.70141E+38 1.70141E+38 1.70141E+38 1.70141E+38
1.70141E+38 1.70141E+38 1.70141E+38 1.70141E+38 1.70141E+38 1.70141E+38 1.70141E+38 1.70141E+38 1.70141E+38 1.70141E+38 1.70141E+38 1.70141E+38 1.70141E+38 1.70141E+38 1.70141E+38 1.70141E+38 1.70141E+38 1.70141E+38 1.70141E+38 1.70141E+38 1.70141E+38 1.70141E+38 1.70141E+38 1.70141E+38 1.70141E+38 1.70141E+38 1.70141E+38 1.70141E+38 1.70141E+38 1.70141E+38 1.70141E+38 1.70141E+38 1.70141E+38 1.70141E+38 1.70141E+38 1.70141E+38 1.70141E+38 1.70141E+38 1.70141E+38 1.70141E+38 1.70141E+38 1.70141E+38 1.70141E+38 1.70141E+38 1.70141E+38 1.70141E+38 1.70141E+38 1.70141E+38 1.70141E+38 1.70141E+38 1.70141E+38 1.70141E+38 1.70141E+38 1.70141E+38 1.70141E+38 1.70141E+38 1.70141E+38 1.70141E+38 1.70141E+38 1.70141E+38 1.70141E+38 1.70141E+38
1.70141E+38 1.70141E+38 1.70141E+38 1.70141E+38 1.70141E+38 1.70141E+38 1.70141E+38 1.70141E+38 1.70141E+38 1.70141E+38 1.70141E+38 1.70141E+38 1.70141E+38 1.70141E+38 1.70141E+38 1.70141E+38 1.70141E+38 1.70141E+38 1.70141E+38 1.70141E+38 1.70141E+38 1.70141E+38 1.70141E+38 1.70141E+38 1.70141E+38 1.70141E+38 1.70141E+38 1.70141E+38 1.70141E+38 1.70141E+38 1.70141E+38 1.70141E+38 1.70141E+38 1.70141E+38 1.70141E+38 1.70141E+38 1.70141E+38 1.70141E+38 1.70141E+38 1.70141E+38 1.70141E+38 1.70141E+38 1.70141E+38 1.70141E+38 1.70141E+38 1.70141E+38 1.70141E+38 1.70141E+38 1.70141E+38 1.70141E+38 1.70141E+38 1.70141E+38 1.70141E+38 1.70141E+38 1.70141E+38 1.70141E+38 1.70141E+38 1.70141E+38 1.70141E+38 1.70141E+38 1.70141E+38 1.70141E+38
1.70141E+38 1.70141E+38 1.70141E+38 1.70141E+38 1.70141E+38 1.70141E+38 1.70141E+38 1.70141E+38 1.70141E+38 1.70141E+38 1.70141E+38 1.70141E+38 1.70141E+38 1.70141E+38 1.70141E+38 1.70141E+38 1.70141E+38 1.70141E+38 1.70141E+38 1.70141E+38 1.70141E+38 1.70141E+38 1.70141E+38 1.70141E+38 1.70141E+38 1.70141E+38 1.70141E+38 1.70141E+38 1.70141E+38 1.70141E+38 1.70141E+38 1.70141E+38 1.70141E+38 1.70141E+38 1.70141E+38 1.70141E+38 1.70141E+38 1.70141E+38 1.70141E+38 1.70141E+38 1.70141E+38 1.70141E+38 1.70141E+38 1.70141E+38 1.70141E+38 1.70141E+38 1.70141E+38 1.70141E+38 1.70141E+38 1.70141E+38 1.70141E+38 1.70141E+38 1.70141E+38 1.70141E+38 1.70141E+38 1.70141E+38 1.70141E+38 1.70141E+38 1.70141E+38 1.70141E+38 1.70141E+38 1.70141E+38
1.70141E+38 1.70141E+38 1.70141E+38 1.70141E+38 1.70141E+38 1.70141E+38 1.70141E+38 1.70141E+38 1.70141E+38 1.70141E+38 1.70141E+38 1.70141E+38 1.70141E+38 1.70141E+38 1.70141E+38 1.70141E+38 1.70141E+38 1.70141E+38 1.70141E+38 1.70141E+38 1.70141E+38 1.70141E+38 1.70141E+38 1.70141E+38 1.70141E+38 1.70141E+38 1.70141E+38 1.70141E+38 1.70141E+38 1.70141E+38 1.70141E+38 1.70141E+38 1.70141E+38 1.70141E+38 1.70141E+38 1.70141E+38 1.70141E+38 1.70141E+38 1.70141E+38 1.70141E+38 1.70141E+38 1.70141E+38 1.70141E+38 1.70141E+38 1.70141E+38 1.70141E+38 1.70141E+38 1.70141E+38 1.70141E+38 1.70141E+38 1.70141E+38 1.70141E+38 1.70141E+38 1.70141E+38 1.70141E+38 1.70141E+38 1.70141E+38 1.70141E+38 1.70141E+38 1.70141E+38 1.70141E+38 1.70141E+38
1.70141E+38 1.70141E+38 1.70141E+38 1.70141E+38 1.70141E+38 1.70141E+38 1.70141E+38 1.70141E+38 1.70141E+38 1.70141E+38 1.70141E+38 1.70141E+38 1.70141E+38 1.70141E+38 1.70141E+38 1.70141E+38 1.70141E+38 1.70141E+38 1.70141E+38 1.70141E+38 1.70141E+38 1.70141E+38 1.70141E+38 1.70141E+38 1.70141E+38 1.70141E+38 1.70141E+38 1.70141E+38 1.70141E+38 1.70141E+38 1.70141E+38 1.70141E+38 1.70141E+38 1.70141E+38 1.70141E+38 1.70141E+38 1.70141E+38 1.70141E+38 1.70141E+38 1.70141E+38 1.70141E+38 1.70141E+38 1.70141E+38 1.70141E+38 1.70141E+38 1.70141E+38 1.70141E+38 1.70141E+38 1.70141E+38 1.70141E+38 1.70141E+38 1.70141E+38 1.70141E+38 1.70141E+38 1.70141E+38 1.70141E+38 1.70141E+38 1.70141E+38 1.70141E+38 1.70141E+38 1.70141E+38 1.70141E+38
1.70141E+38 1.70141E+38 1.70141E+38 1.70141E+38 1.70141E+38 1.70141E+38 1.70141E+38 1.70141E+38 1.70141E+38 1.70141E+38 1.70141E+38 1.70141E+38 1.70141E+38 1.70141E+38 1.70141E+38 1.70141E+38 1.70141E+38 1.70141E+38 1.70141E+38 1.70141E+38 1.70141E+38 1.70141E+38 1.70141E+38 1.70141E+38 1.70141E+38 1.70141E+38 1.70141E+38 1.70141E+38 1.70141E+38 1.70141E+38 1.70141E+38 1.70141E+38 1.70141E+38 1.70141E+38 1.70141E+38 1.70141E+38 1.70141E+38 1.70141E+38 1.70141E+38 1.70141E+38 1.70141E+38 1.70141E+38 1.70141E+38 1.70141E+38 1.70141E+38 1.70141E+38 1.70141E+38 1.70141E+38 1.70141E+38 1.70141E+38 1.70141E+38 1.70141E+38 1.70141E+38 1.70141E+38 1.70141E+38 1.70141E+38 1.70141E+38 1.70141E+38 1.70141E+38 1.70141E+38 1.70141E+38 1.70141E+38
1.70141E+38 1.70141E+38 1.70141E+38 1.70141E+38 1.70141E+38 1.70141E+38 1.70141E+38 1.70141E+38 1.70141E+38 1.70141E+38 1.70141E+38 1.70141E+38 1.70141E+38 1.70141E+38 1.70141E+38 1.70141E+38 1.70141E+38 1.70141E+38 1.70141E+38 1.70141E+38 1.70141E+38 1.70141E+38 1.70141E+38 1.70141E+38 1.70141E+38 1.70141E+38 1.70141E+38 1.70141E+38 1.70141E+38 1.70141E+38 1.70141E+38 1.70141E+38 1.70141E+38 1.70141E+38 1.70141E+38 1.70141E+38 1.70141E+38 1.70141E+38 1.70141E+38 1.70141E+38 1.70141E+38 1.70141E+38 1.70141E+38 1.70141E+38 1.70141E+38 1.70141E+38 1.70141E+38 1.70141E+38 1.70141E+38 1.70141E+38 1.70141E+38 1.70141E+38 1.70141E+38 1.70141E+38 1.70141E+38 1.70141E+38 1.70141E+38 1.70141E+38 1.70141E+38 1.70141E+38 1.70141E+38 1.70141E+38
