py_wake/examples/data/AJ_ParqueFicticio/Ridge area   Sector 1   Height 200m   Orographic turn.grd
DSAA
90  129
 262878   265103
 6504214   6507414
-47.65217   16.78557
[rows 54 to 80 of 129, columns 0 to 60 of 90]
-4.55471 -4.12675 -3.549247 -2.839928 -2.067462 -1.334856 -.6409254 -.02480016 .601948 1.398181 2.251372 3.067498 3.966668 5.271014 7.152784 9.177996 10.35869 10.04649 9.255309 8.091193 6.474101 4.919952 3.530703 2.360124 1.408305 .6609437 .01861951 -.5674089 -1.137594 -1.660541 -2.064368 -2.389782 -2.627172 -2.746831 -2.816876 -2.802304 -2.675235 -2.483701 -2.283867 -2.137086 -2.057524 -2.014 -1.997138 -1.984398 -1.917215 -1.870558 -1.818624 -1.64812 -1.305955 -.8041806 -.1994741 .5366954 1.500753 2.67853 4.039268 5.444367 6.767313 8.020742 9.141718 10.00195 10.43589
-4.683477 -4.306445 -3.774394 -3.128025 -2.451257 -1.778577 -1.170317 -.6659008 -.2557122 .2164563 .8397602 1.502237 2.12451 2.768086 3.413386 3.844123 3.975764 4.091108 4.148854 3.965928 3.418217 2.576072 1.735849 1.001056 .3787121 -.1062805 -.5219686 -.9230135 -1.315528 -1.667683 -1.971517 -2.190672 -2.357358 -2.490699 -2.586043 -2.587365 -2.425391 -2.191374 -1.953249 -1.752991 -1.605732 -1.506447 -1.463383 -1.440473 -1.430334 -1.474617 -1.464377 -1.338818 -1.070966 -.6235721 .02295705 .8254339 1.851749 3.08918 4.477928 5.907913 7.240983 8.457085 9.535217 10.37773 10.86299
-4.660125 -4.344554 -3.894353 -3.362964 -2.775655 -2.132658 -1.567086 -1.099369 -.7657751 -.4575975 -.04735637 .433061 .8052741 1.118443 1.290448 1.162222 .6356719 .220501 .2499664 .5919582 .6687111 .4127172 .09523807 -.2195636 -.4728503 -.6687123 -.8721572 -1.108936 -1.368412 -1.606703 -1.805165 -1.959345 -2.074788 -2.183523 -2.250029 -2.224185 -2.101199 -1.891461 -1.656008 -1.412171 -1.205598 -1.062914 -.9836194 -.9494627 -1.003428 -1.086785 -1.096822 -1.015531 -.7860362 -.3902458 .2289821 1.088044 2.180858 3.467605 4.889374 6.360348 7.709345 8.891575 9.917679 10.74232 11.29175
-4.495843 -4.305002 -3.950104 -3.515472 -3.000012 -2.428818 -1.860701 -1.38194 -1.069281 -.8392932 -.5621543 -.2369498 -.05522742 -.08213568 -.1744824 -.3647359 -.8331791 -1.451774 -1.808591 -1.689791 -1.412901 -1.287139 -1.21857 -1.157494 -1.078731 -1.027044 -1.056989 -1.168391 -1.326245 -1.471315 -1.603111 -1.707021 -1.779961 -1.823683 -1.82715 -1.797136 -1.703652 -1.552659 -1.330159 -1.064407 -.8167067 -.6496207 -.5524159 -.5462914 -.6498946 -.7235405 -.7416188 -.6814788 -.4778889 -.0989844 .457446 1.285759 2.398337 3.723571 5.168346 6.65917 8.06691 9.274376 10.30095 11.09274 11.59411
-4.303253 -4.219821 -3.986668 -3.638926 -3.125452 -2.565924 -2.021428 -1.559734 -1.228849 -1.00739 -.803931 -.6121436 -.5536611 -.7363157 -1.026516 -1.322232 -1.691293 -2.169814 -2.612589 -2.758669 -2.533464 -2.264126 -2.009618 -1.728358 -1.418997 -1.187003 -1.087508 -1.091665 -1.152021 -1.23492 -1.315556 -1.372779 -1.398283 -1.393462 -1.371122 -1.313837 -1.225775 -1.088878 -.8818688 -.6408167 -.4109138 -.243049 -.1831965 -.2616373 -.3730972 -.4160361 -.4228399 -.3724639 -.1828255 .1785036 .7103704 1.457841 2.53479 3.85025 5.270493 6.721214 8.1429 9.422855 10.45072 11.24553 11.78573
-4.042273 -4.048015 -3.870322 -3.559687 -3.107982 -2.602478 -2.088051 -1.63008 -1.293709 -1.089274 -.9396909 -.8343365 -.8669878 -1.120147 -1.496011 -1.838807 -2.159969 -2.517211 -2.886571 -3.075782 -2.909609 -2.63692 -2.332555 -1.951695 -1.518032 -1.17587 -.9754363 -.8896186 -.8665771 -.8736967 -.8972929 -.9088194 -.8878345 -.8579746 -.8145524 -.7458172 -.6556724 -.51683 -.3266354 -.1345659 .02931848 .1424385 .1104622 -.02614693 -.1246366 -.1353011 -.1449213 -.1346575 .01649687 .3697682 .896441 1.605798 2.59681 3.864688 5.254862 6.664458 8.005973 9.242428 10.33536 11.20643 11.86872
-3.667216 -3.713784 -3.590997 -3.332872 -2.963285 -2.524544 -2.054131 -1.611593 -1.291668 -1.110148 -.9972539 -.9653361 -1.089103 -1.378127 -1.748392 -2.065699 -2.350311 -2.645208 -2.941507 -3.110781 -2.936076 -2.662791 -2.371177 -1.951311 -1.448105 -1.03306 -.7597801 -.601842 -.4982656 -.4251694 -.3638691 -.2978195 -.2420238 -.2072413 -.1528372 -.08476792 -.02298418 .08423793 .2138109 .3200328 .4244637 .4516357 .3565187 .2405479 .1976919 .1913035 .1050223 .01354623 .05703206 .345167 .9188368 1.67212 2.628735 3.822585 5.165562 6.528272 7.802965 8.952725 10.02414 11.01417 11.80666
-3.166173 -3.266549 -3.212579 -3.009419 -2.717963 -2.338206 -1.914945 -1.516436 -1.228126 -1.068289 -.9948742 -1.017975 -1.169067 -1.482418 -1.856029 -2.159177 -2.392144 -2.617092 -2.834552 -2.927781 -2.763674 -2.514816 -2.239541 -1.813556 -1.273558 -.8159379 -.4848329 -.2374666 -.05887141 .09450867 .2357446 .3573901 .4214109 .4558581 .5094534 .532553 .5630112 .631952 .6751837 .7010522 .7179657 .6503385 .5367435 .4613814 .4507781 .3938808 .2456957 .1021376 .07991876 .2876283 .8489979 1.67801 2.65031 3.755519 5.012642 6.338764 7.609758 8.743194 9.789676 10.80184 11.67986
-2.564201 -2.737966 -2.742158 -2.551576 -2.325076 -2.026722 -1.683677 -1.338436 -1.06179 -.8812039 -.7955293 -.8750655 -1.171555 -1.564309 -1.923147 -2.17865 -2.321264 -2.459688 -2.57643 -2.590689 -2.439079 -2.188852 -1.924035 -1.510516 -.9762868 -.498546 -.1491559 .1238697 .37995 .590569 .7830643 .9519434 1.023351 1.074714 1.118348 1.124068 1.127107 1.116939 1.073477 1.023205 .9429665 .7970641 .6491612 .5581124 .5202342 .4206761 .2847078 .1838251 .1702436 .326497 .8039716 1.628441 2.613259 3.658711 4.815734 6.086044 7.346661 8.490109 9.536607 10.57796 11.55834
-1.803639 -2.002524 -2.009154 -1.890595 -1.778257 -1.613553 -1.378661 -1.111808 -.8901233 -.7600639 -.7394978 -.8408416 -1.087868 -1.430304 -1.743579 -1.935027 -2.060376 -2.184734 -2.264679 -2.180799 -1.959197 -1.722985 -1.458521 -1.085781 -.5776544 -.1564 .1657373 .4864117 .7899556 1.034009 1.264587 1.449131 1.54782 1.609255 1.631247 1.62871 1.614808 1.551711 1.441014 1.3068 1.144078 .9536266 .7677417 .601473 .4621554 .3370081 .2565415 .2372659 .2879877 .4568759 .8493159 1.572994 2.51505 3.496068 4.528275 5.701309 6.922031 8.046926 9.080074 10.12832 11.19394
-.9878423 -1.249364 -1.421517 -1.516008 -1.518451 -1.3905 -1.150115 -.866003 -.6350481 -.5067264 -.481955 -.5708706 -.7971344 -1.097354 -1.393594 -1.639058 -1.778542 -1.801779 -1.751025 -1.620336 -1.4642 -1.261214 -.980965 -.5908282 -.1857333 .1440871 .4779736 .8430464 1.162803 1.433406 1.692035 1.894653 2.021554 2.083632 2.10212 2.107387 2.075646 1.961499 1.782362 1.562433 1.322514 1.087732 .8561368 .60303 .3447737 .1992024 .1806307 .2677859 .4163897 .6394191 .9960535 1.595848 2.41594 3.305524 4.205872 5.223786 6.347241 7.403384 8.403002 9.425256 10.50902
-.1694189 -.497994 -.8297301 -1.066384 -1.15325 -1.068406 -.8503211 -.5765916 -.3578875 -.2526019 -.2557558 -.3558221 -.5561528 -.8277032 -1.119734 -1.337425 -1.385558 -1.317268 -1.200561 -1.110456 -1.027812 -.8215602 -.4961313 -.1409269 .1413615 .4328482 .7846364 1.162655 1.482056 1.770205 2.037592 2.255775 2.411008 2.465505 2.46797 2.471655 2.42916 2.266544 2.026408 1.764607 1.468325 1.168727 .9067195 .6312366 .2926126 .09374615 .1080654 .284766 .5327756 .8330612 1.197728 1.705549 2.377192 3.129901 3.889584 4.736409 5.72838 6.673715 7.58493 8.506966 9.500439
.6067669 .2571139 -.2150892 -.5975309 -.7677992 -.7276685 -.5529919 -.3278171 -.1483499 -.08747075 -.139869 -.2650318 -.4394793 -.6410105 -.8743093 -1.02337 -.9938549 -.8722261 -.7531886 -.6722544 -.5678768 -.3488092 -.04692258 .2580696 .5354479 .8222949 1.144431 1.480336 1.762923 2.00402 2.250335 2.478981 2.626676 2.670617 2.678071 2.678554 2.609161 2.428393 2.184066 1.893963 1.538236 1.195086 .9214079 .6493394 .3221197 .1173104 .1317546 .3277286 .6458439 1.008116 1.405795 1.869617 2.417994 3.026422 3.645749 4.322438 5.120228 5.899143 6.677226 7.463533 8.314535
1.36864 1.013922 .5619439 .04025505 -.3132648 -.4173163 -.3330307 -.1889488 -.09575094 -.1201809 -.2244402 -.3412853 -.4190203 -.4756773 -.5887452 -.6822235 -.6036118 -.4484142 -.3359886 -.2668555 -.1292883 .09784665 .3722304 .6746646 .9789426 1.277901 1.576348 1.858799 2.071333 2.249606 2.445223 2.639835 2.760462 2.756651 2.705203 2.653712 2.551055 2.376693 2.155635 1.897297 1.604849 1.282434 .9929796 .7550917 .5167577 .2951707 .2539595 .4247261 .7791657 1.18542 1.601621 2.034488 2.499014 2.986099 3.459353 3.955009 4.524894 5.084384 5.681122 6.313585 7.027865
2.010678 1.678436 1.294813 .844871 .3878392 .04332183 -.1812685 -.3506877 -.4894725 -.5857007 -.6653824 -.663439 -.5208668 -.3055203 -.2032836 -.2498663 -.2236199 -.06466777 .09292609 .1927687 .2989998 .5136501 .7985533 1.085114 1.358328 1.65569 1.963139 2.186613 2.347895 2.509736 2.611086 2.683024 2.743581 2.734225 2.642554 2.483787 2.317902 2.167934 2.008693 1.83231 1.643038 1.398279 1.133647 .9375607 .7920534 .6231346 .5346468 .6341257 .9627483 1.392413 1.809843 2.210531 2.598282 2.975404 3.315224 3.631045 3.926714 4.21608 4.569125 5.030015 5.637825
2.52226 2.185478 1.795996 1.339629 .8066918 .2437657 -.3148758 -.8042991 -1.097985 -1.198195 -1.194295 -1.029429 -.6299307 -.1808466 .1021948 .2081925 .2533649 .3384174 .4967524 .6275569 .699456 .8575634 1.125703 1.395087 1.619431 1.887675 2.171561 2.374492 2.501128 2.612082 2.656632 2.620512 2.551922 2.472395 2.323868 2.090671 1.854172 1.707612 1.669417 1.667698 1.659596 1.563931 1.392992 1.22706 1.132053 1.042397 .9676139 1.027117 1.272936 1.662193 2.039456 2.368338 2.661775 2.931653 3.150851 3.317653 3.402168 3.541543 3.750905 4.039905 4.460981
2.818931 2.41022 1.966797 1.446098 .7904828 .03546273 -.7250658 -1.384633 -1.801811 -1.972965 -1.930784 -1.621892 -1.068134 -.3990261 .1611659 .4685737 .6455771 .7802885 .8680393 .9390857 1.003431 1.115037 1.308193 1.537407 1.760014 1.943976 2.12111 2.261488 2.36329 2.363416 2.295359 2.151344 1.945347 1.713894 1.48184 1.200796 .9425285 .8847621 1.013158 1.333333 1.613471 1.731565 1.730657 1.641933 1.620969 1.632471 1.607765 1.604895 1.741608 2.021505 2.300024 2.495529 2.646059 2.788765 2.895861 2.94636 2.886147 2.898294 2.994827 3.19497 3.525063
2.92452 2.378658 1.789105 1.150794 .399828 -.4862385 -1.413828 -2.208952 -2.724657 -2.944114 -2.876984 -2.531033 -1.860496 -.8989312 -.06609073 .4793775 .8256092 1.070884 1.169995 1.157993 1.158538 1.242745 1.368965 1.489627 1.61593 1.71918 1.7817 1.806838 1.787275 1.679029 1.483359 1.192482 .8276825 .4728346 .1496719 -.1962282 -.3881414 -.3711671 -.1204305 .659534 1.509575 1.972094 2.192965 2.229969 2.239089 2.311848 2.378054 2.403769 2.436829 2.536477 2.633156 2.610411 2.530393 2.493677 2.481879 2.421475 2.301693 2.276269 2.326945 2.465682 2.714264
2.854928 2.176512 1.394169 .5285454 -.4693838 -1.553389 -2.587509 -3.41102 -3.943518 -4.180085 -4.167668 -3.813442 -2.992602 -1.779739 -.6239671 .18201 .7388627 1.119869 1.255745 1.212672 1.151455 1.153894 1.182745 1.190416 1.166984 1.117979 1.065799 .9898565 .862325 .6153386 .2766386 -.1140138 -.5792006 -1.028726 -1.473772 -1.823183 -1.78605 -1.574531 -1.170942 -.02359734 1.409678 2.24649 2.674829 2.86492 2.9614 3.092413 3.236382 3.304463 3.263504 3.172218 3.025991 2.768187 2.472786 2.252677 2.090831 1.892658 1.709492 1.62797 1.625 1.720467 1.92721
2.517792 1.630503 .6147972 -.5767544 -1.854601 -3.041621 -4.045125 -4.819992 -5.33551 -5.571227 -5.570841 -5.286029 -4.451959 -3.045037 -1.601267 -.4719931 .3236299 .8361607 .9947212 .9359567 .8533204 .7720878 .6564904 .5032347 .3135581 .1158239 -.05957537 -.2425944 -.4615102 -.8058411 -1.213452 -1.718552 -2.16255 -2.523477 -2.925928 -3.112113 -2.811661 -2.239569 -1.311577 .0301344 1.630296 2.625549 3.164039 3.475013 3.680388 3.851204 4.031573 4.110377 4.018607 3.793162 3.465297 3.05294 2.608012 2.195346 1.807879 1.424287 1.136377 .9588506 .8974314 .9548312 1.132171
1.724437 .6156626 -.6154906 -2.046004 -3.46868 -4.715461 -5.728693 -6.474106 -6.900704 -7.115002 -7.377187 -7.357817 -6.536066 -4.846114 -3.018126 -1.587342 -.520583 .09102786 .2476301 .1739901 .09549015 -.03765565 -.3035358 -.6126437 -.9517795 -1.298874 -1.642859 -1.927994 -2.252917 -2.650487 -3.091915 -3.660472 -3.977 -3.979333 -4.004743 -3.883752 -3.346215 -2.345206 -.9834564 .5523353 2.146205 3.169944 3.747846 4.103423 4.358335 4.53163 4.716212 4.786991 4.670405 4.373631 3.924792 3.375954 2.781744 2.173699 1.550836 .9819575 .5522279 .2501667 .1047703 .1200178 .277862
.5440046 -.696366 -2.098011 -3.616233 -5.125122 -6.535903 -7.665396 -8.231725 -8.049155 -7.914141 -8.158903 -8.57386 -8.521344 -6.977042 -4.505258 -2.713067 -1.631214 -1.034703 -.8861036 -.8915637 -.8867288 -1.01428 -1.37407 -1.904712 -2.387371 -2.77038 -3.220757 -3.780125 -4.366197 -4.704223 -5.057026 -5.726701 -6.018206 -5.378391 -4.688276 -4.026229 -3.090595 -1.79656 -.33667 1.222532 2.683629 3.629184 4.221518 4.648157 4.96863 5.147652 5.323604 5.370969 5.236964 4.898649 4.365925 3.70325 2.950933 2.126797 1.277919 .5312095 -.05792201 -.4793255 -.7152761 -.7582119 -.6265931
-.7590787 -1.966339 -3.307763 -4.741653 -6.152205 -7.482596 -8.450373 -8.649025 -7.889459 -7.526405 -7.645929 -8.098727 -8.345358 -7.269731 -4.933515 -3.328555 -2.58428 -2.261165 -2.119372 -1.951622 -1.818176 -1.913604 -2.287724 -2.879977 -3.432736 -3.823655 -4.27684 -4.831628 -5.431025 -5.779278 -5.936243 -6.393326 -6.562554 -5.477952 -4.26201 -3.109134 -1.93374 -.5996006 .7208224 2.090811 3.252729 4.05119 4.635948 5.124349 5.486332 5.657015 5.814953 5.843993 5.717929 5.374152 4.789372 4.024697 3.087254 2.039402 1.022521 .1021474 -.670656 -1.196027 -1.501542 -1.619808 -1.556049
-1.956406 -3.050067 -4.159389 -5.285367 -6.285009 -6.989872 -7.152884 -6.806758 -6.16982 -5.869077 -5.89735 -6.223236 -6.061008 -5.173817 -3.963623 -3.173812 -2.999621 -3.037692 -3.029147 -2.785058 -2.519793 -2.518505 -2.801914 -3.278248 -3.761947 -4.146122 -4.509486 -4.864869 -5.120409 -5.187017 -5.200647 -5.271622 -4.966622 -3.984675 -2.764449 -1.559684 -.4067653 .7995525 1.928344 2.956578 3.759781 4.397347 4.964781 5.505259 5.893946 6.056864 6.175097 6.184241 6.058969 5.725384 5.139987 4.279755 3.163097 1.988126 .8486403 -.218944 -1.103456 -1.731933 -2.145082 -2.366325 -2.394931
-2.882121 -3.834378 -4.650869 -5.22463 -5.563421 -5.681071 -5.456419 -4.846354 -4.356427 -4.202451 -4.09877 -3.850151 -3.709344 -3.342528 -2.913306 -2.803662 -2.967401 -3.231608 -3.333903 -3.119359 -2.806957 -2.751191 -2.940369 -3.226399 -3.540732 -3.896755 -4.197854 -4.358391 -4.290224 -4.136207 -3.979625 -3.691927 -3.036712 -2.100863 -.9534652 .1336883 1.110227 2.040432 2.879889 3.573809 4.1577 4.707083 5.253759 5.766498 6.125887 6.292616 6.363386 6.358387 6.214586 5.850328 5.263571 4.382023 3.259635 2.046294 .8429124 -.2935994 -1.268963 -1.994099 -2.51326 -2.836602 -2.958221
-3.126338 -3.81265 -4.289981 -4.251732 -4.049844 -3.921663 -3.662151 -3.1712 -2.917224 -2.748623 -2.469656 -2.279282 -2.247148 -2.171457 -2.113037 -2.335214 -2.662554 -2.947196 -3.062527 -2.915857 -2.696259 -2.662006 -2.768298 -2.924426 -3.148898 -3.439302 -3.643777 -3.621158 -3.426397 -3.190863 -2.839634 -2.238443 -1.472383 -.4642172 .6334302 1.546834 2.295978 2.96135 3.539215 4.028621 4.502778 5.021664 5.557488 5.976799 6.215081 6.32968 6.339122 6.288949 6.109022 5.746323 5.128311 4.303798 3.276587 2.125252 .9549368 -.163633 -1.151718 -1.966475 -2.591783 -3.023253 -3.266055
-2.575444 -2.84481 -2.867791 -2.620404 -2.318865 -2.06837 -1.83752 -1.730125 -1.685325 -1.533783 -1.330457 -1.229048 -1.244488 -1.287899 -1.449104 -1.766053 -2.11594 -2.389543 -2.509166 -2.448762 -2.303562 -2.269943 -2.326482 -2.459811 -2.644281 -2.817567 -2.900951 -2.828012 -2.611914 -2.258394 -1.72476 -.9914281 -.1328208 .8767269 1.822706 2.551068 3.135244 3.644115 4.078525 4.459315 4.842364 5.306669 5.765047 6.070217 6.213132 6.226467 6.156317 6.020721 5.793262 5.344626 4.737288 4.00932 3.139319 2.159397 1.122705 .08656503 -.8770439 -1.702084 -2.378139 -2.91284 -3.276335
