py_wake/examples/data/AJ_ParqueFicticio/Ridge area   Sector 12   Height 30m   Weibull-k.grd
DSAA
90  129
 262878   265103
 6504214   6507414
 .7871094   2.333984
[rows 81 to 107 of 129, columns 0 to 61 of 90]
1.689453 1.685547 1.685547 1.685547 1.685547 1.685547 1.689453 1.689453 1.689453 1.689453 1.689453 1.689453 1.689453 1.689453 1.689453 1.689453 1.689453 1.689453 1.689453 1.689453 1.689453 1.689453 1.689453 1.689453 1.685547 1.685547 1.685547 1.685547 1.685547 1.685547 1.685547 1.685547 1.685547 1.689453 1.689453 1.689453 1.689453 1.689453 1.685547 1.685547 1.685547 1.685547 1.685547 1.685547 1.689453 1.689453 1.689453 1.689453 1.689453 1.689453 1.689453 1.685547 1.685547 1.076172 1.056641 1.103516 1.146484 1.181641 1.216797 1.240234 1.255859 1.267578
1.689453 1.689453 1.689453 1.689453 1.689453 1.689453 1.685547 1.685547 1.685547 1.685547 1.681641 1.681641 1.681641 1.681641 1.677734 1.677734 1.681641 1.685547 1.689453 1.689453 1.689453 1.689453 1.689453 1.689453 1.689453 1.689453 1.689453 1.689453 1.689453 1.689453 1.689453 1.689453 1.689453 1.689453 1.689453 1.685547 1.685547 1.685547 1.685547 1.685547 1.685547 1.685547 1.685547 1.685547 1.685547 1.689453 1.689453 1.689453 1.689453 1.685547 1.685547 1.685547 1.685547 1.685547 1.095703 1.146484 1.193359 1.232422 1.267578 1.294922 1.322266 1.345703
1.689453 1.685547 1.685547 1.685547 1.685547 1.681641 1.677734 1.669922 1.666016 1.666016 1.666016 1.662109 1.666016 1.666016 1.666016 1.666016 1.666016 1.669922 1.673828 1.685547 1.689453 1.689453 1.689453 1.689453 1.689453 1.689453 1.689453 1.689453 1.689453 1.689453 1.689453 1.689453 1.689453 1.689453 1.685547 1.685547 1.685547 1.685547 1.685547 1.685547 1.685547 1.685547 1.685547 1.685547 1.685547 1.689453 1.689453 1.689453 1.685547 1.685547 1.685547 1.685547 1.685547 1.685547 1.685547 1.685547 1.685547 1.685547 1.337891 1.376953 1.416016 1.447266
1.666016 1.669922 1.669922 1.669922 1.669922 1.666016 1.662109 1.662109 1.662109 1.662109 1.662109 1.658203 1.662109 1.662109 1.662109 1.662109 1.666016 1.666016 1.669922 1.677734 1.681641 1.685547 1.689453 1.689453 1.689453 1.689453 1.689453 1.689453 1.689453 1.689453 1.689453 1.689453 1.689453 1.685547 1.685547 1.685547 1.685547 1.685547 1.685547 1.685547 1.685547 1.685547 1.685547 1.685547 1.685547 1.689453 1.689453 1.689453 1.685547 1.685547 1.685547 1.685547 1.685547 1.685547 1.685547 1.685547 1.685547 1.685547 1.685547 1.685547 1.685547 1.689453
1.658203 1.658203 1.662109 1.662109 1.662109 1.662109 1.658203 1.658203 1.658203 1.658203 1.658203 1.658203 1.658203 1.662109 1.662109 1.666016 1.666016 1.669922 1.673828 1.681641 1.685547 1.685547 1.689453 1.689453 1.689453 1.689453 1.689453 1.689453 1.689453 1.689453 1.689453 1.689453 1.685547 1.685547 1.685547 1.685547 1.685547 1.685547 1.685547 1.685547 1.685547 1.685547 1.685547 1.685547 1.685547 1.689453 1.689453 1.685547 1.685547 1.685547 1.685547 1.685547 1.685547 1.685547 1.685547 1.685547 1.685547 1.685547 1.685547 1.685547 1.685547 1.689453
1.658203 1.658203 1.658203 1.658203 1.658203 1.658203 1.658203 1.658203 1.658203 1.658203 1.658203 1.662109 1.662109 1.666016 1.666016 1.669922 1.673828 1.677734 1.689453 1.689453 1.689453 1.689453 1.689453 1.689453 1.689453 1.689453 1.689453 1.689453 1.689453 1.689453 1.685547 1.685547 1.685547 1.685547 1.685547 1.685547 1.685547 1.685547 1.685547 1.685547 1.685547 1.685547 1.685547 1.685547 1.685547 1.689453 1.689453 1.685547 1.685547 1.685547 1.681641 1.681641 1.681641 1.685547 1.685547 1.685547 1.685547 1.685547 1.685547 1.677734 1.658203 1.642578
1.658203 1.658203 1.658203 1.658203 1.658203 1.658203 1.658203 1.658203 1.658203 1.662109 1.662109 1.666016 1.669922 1.673828 1.677734 1.685547 1.689453 1.689453 1.689453 1.689453 1.689453 1.689453 1.689453 1.689453 1.689453 1.689453 1.689453 1.685547 1.685547 1.685547 1.685547 1.685547 1.685547 1.685547 1.685547 1.685547 1.685547 1.685547 1.685547 1.685547 1.685547 1.685547 1.685547 1.685547 1.685547 1.689453 1.689453 1.685547 1.685547 1.681641 1.681641 1.681641 1.681641 1.681641 1.681641 1.685547 1.685547 1.685547 1.669922 1.654297 1.642578 1.626953
1.658203 1.658203 1.658203 1.658203 1.658203 1.658203 1.658203 1.662109 1.662109 1.669922 1.673828 1.681641 1.685547 1.689453 1.689453 1.689453 1.689453 1.689453 1.689453 1.689453 1.689453 1.689453 1.689453 1.689453 1.689453 1.685547 1.685547 1.685547 1.685547 1.685547 1.685547 1.685547 1.685547 1.685547 1.685547 1.685547 1.685547 1.685547 1.685547 1.685547 1.685547 1.685547 1.685547 1.685547 1.685547 1.689453 1.689453 1.685547 1.685547 1.681641 1.681641 1.681641 1.681641 1.681641 1.681641 1.681641 1.681641 1.681641 1.666016 1.654297 1.642578 1.638672
1.658203 1.658203 1.658203 1.658203 1.662109 1.662109 1.666016 1.669922 1.677734 1.685547 1.685547 1.689453 1.689453 1.689453 1.689453 1.689453 1.689453 1.689453 1.689453 1.689453 1.689453 1.689453 1.689453 1.689453 1.689453 1.685547 1.685547 1.685547 1.685547 1.685547 1.685547 1.685547 1.685547 1.685547 1.685547 1.685547 1.685547 1.685547 1.685547 1.685547 1.685547 1.685547 1.685547 1.685547 1.685547 1.689453 1.685547 1.685547 1.681641 1.681641 1.677734 1.677734 1.677734 1.681641 1.681641 1.681641 1.681641 1.677734 1.666016 1.654297 1.650391 1.646484
1.658203 1.658203 1.662109 1.666016 1.669922 1.673828 1.681641 1.685547 1.685547 1.689453 1.689453 1.689453 1.689453 1.685547 1.685547 1.685547 1.685547 1.685547 1.689453 1.689453 1.689453 1.689453 1.689453 1.689453 1.685547 1.685547 1.685547 1.685547 1.685547 1.685547 1.685547 1.685547 1.685547 1.685547 1.685547 1.685547 1.685547 1.685547 1.685547 1.685547 1.685547 1.685547 1.685547 1.685547 1.689453 1.685547 1.685547 1.685547 1.681641 1.681641 1.677734 1.677734 1.677734 1.677734 1.677734 1.681641 1.681641 1.681641 1.673828 1.662109 1.654297 1.650391
1.658203 1.662109 1.669922 1.681641 1.685547 1.685547 1.685547 1.685547 1.689453 1.689453 1.689453 1.689453 1.685547 1.685547 1.685547 1.685547 1.685547 1.689453 1.689453 1.689453 1.689453 1.689453 1.689453 1.689453 1.685547 1.685547 1.685547 1.685547 1.685547 1.685547 1.685547 1.685547 1.685547 1.685547 1.685547 1.685547 1.685547 1.685547 1.685547 1.685547 1.685547 1.685547 1.685547 1.685547 1.689453 1.685547 1.685547 1.685547 1.681641 1.681641 1.677734 1.677734 1.677734 1.677734 1.677734 1.677734 1.677734 1.677734 1.681641 1.677734 1.669922 1.662109
1.669922 1.681641 1.685547 1.685547 1.685547 1.685547 1.689453 1.689453 1.689453 1.689453 1.689453 1.685547 1.685547 1.685547 1.685547 1.689453 1.689453 1.689453 1.689453 1.689453 1.689453 1.689453 1.689453 1.685547 1.685547 1.685547 1.685547 1.685547 1.685547 1.685547 1.685547 1.685547 1.685547 1.685547 1.685547 1.685547 1.685547 1.685547 1.685547 1.685547 1.685547 1.685547 1.685547 1.685547 1.685547 1.685547 1.685547 1.685547 1.681641 1.681641 1.677734 1.677734 1.673828 1.673828 1.673828 1.677734 1.677734 1.677734 1.677734 1.677734 1.681641 1.681641
1.685547 1.685547 1.685547 1.685547 1.685547 1.689453 1.689453 1.689453 1.689453 1.685547 1.685547 1.685547 1.685547 1.689453 1.689453 1.689453 1.689453 1.689453 1.689453 1.689453 1.689453 1.689453 1.685547 1.685547 1.685547 1.685547 1.685547 1.685547 1.685547 1.685547 1.685547 1.685547 1.685547 1.685547 1.685547 1.685547 1.685547 1.685547 1.685547 1.685547 1.685547 1.685547 1.685547 1.685547 1.685547 1.685547 1.685547 1.685547 1.681641 1.681641 1.677734 1.673828 1.673828 1.673828 1.673828 1.673828 1.673828 1.677734 1.677734 1.677734 1.681641 1.681641
1.685547 1.685547 1.685547 1.689453 1.689453 1.689453 1.689453 1.689453 1.689453 1.689453 1.689453 1.689453 1.689453 1.689453 1.689453 1.689453 1.689453 1.689453 1.689453 1.689453 1.689453 1.685547 1.685547 1.685547 1.685547 1.685547 1.685547 1.685547 1.685547 1.685547 1.685547 1.685547 1.685547 1.685547 1.685547 1.685547 1.685547 1.685547 1.685547 1.685547 1.685547 1.689453 1.685547 1.685547 1.685547 1.685547 1.685547 1.685547 1.681641 1.677734 1.677734 1.673828 1.673828 1.673828 1.673828 1.673828 1.673828 1.673828 1.677734 1.677734 1.677734 1.681641
1.685547 1.685547 1.685547 1.689453 1.689453 1.689453 1.689453 1.689453 1.689453 1.689453 1.689453 1.689453 1.689453 1.689453 1.689453 1.689453 1.689453 1.689453 1.689453 1.685547 1.685547 1.685547 1.685547 1.685547 1.685547 1.685547 1.685547 1.685547 1.685547 1.685547 1.685547 1.685547 1.685547 1.685547 1.685547 1.685547 1.685547 1.685547 1.685547 1.685547 1.689453 1.689453 1.685547 1.685547 1.685547 1.685547 1.685547 1.685547 1.681641 1.677734 1.677734 1.673828 1.673828 1.669922 1.673828 1.673828 1.673828 1.677734 1.677734 1.677734 1.677734 1.681641
1.685547 1.685547 1.689453 1.689453 1.689453 1.689453 1.689453 1.689453 1.689453 1.689453 1.689453 1.689453 1.689453 1.689453 1.689453 1.689453 1.685547 1.685547 1.685547 1.685547 1.685547 1.685547 1.685547 1.685547 1.685547 1.685547 1.685547 1.685547 1.685547 1.685547 1.685547 1.685547 1.685547 1.685547 1.685547 1.685547 1.685547 1.685547 1.685547 1.689453 1.689453 1.685547 1.685547 1.685547 1.685547 1.685547 1.685547 1.685547 1.681641 1.677734 1.677734 1.673828 1.673828 1.673828 1.673828 1.673828 1.677734 1.677734 1.677734 1.681641 1.681641 1.681641
1.685547 1.685547 1.689453 1.689453 1.689453 1.689453 1.689453 1.689453 1.689453 1.689453 1.689453 1.689453 1.689453 1.685547 1.685547 1.685547 1.685547 1.685547 1.685547 1.685547 1.685547 1.685547 1.685547 1.685547 1.685547 1.685547 1.685547 1.685547 1.685547 1.685547 1.685547 1.685547 1.685547 1.685547 1.685547 1.685547 1.685547 1.685547 1.689453 1.689453 1.685547 1.685547 1.685547 1.685547 1.685547 1.685547 1.685547 1.685547 1.681641 1.677734 1.677734 1.673828 1.673828 1.673828 1.673828 1.677734 1.681641 1.681641 1.681641 1.681641 1.681641 1.681641
1.685547 1.685547 1.689453 1.689453 1.689453 1.689453 1.689453 1.689453 1.685547 1.685547 1.685547 1.685547 1.685547 1.685547 1.685547 1.685547 1.685547 1.685547 1.685547 1.685547 1.685547 1.685547 1.685547 1.685547 1.685547 1.685547 1.685547 1.685547 1.685547 1.685547 1.685547 1.685547 1.685547 1.685547 1.685547 1.685547 1.685547 1.689453 1.689453 1.685547 1.685547 1.685547 1.685547 1.685547 1.685547 1.685547 1.685547 1.681641 1.681641 1.677734 1.677734 1.673828 1.673828 1.673828 1.677734 1.681641 1.685547 1.685547 1.689453 1.689453 1.689453 1.685547
1.685547 1.685547 1.685547 1.685547 1.685547 1.685547 1.685547 1.685547 1.685547 1.685547 1.685547 1.685547 1.685547 1.685547 1.685547 1.685547 1.685547 1.685547 1.685547 1.685547 1.685547 1.685547 1.685547 1.685547 1.685547 1.685547 1.685547 1.685547 1.685547 1.685547 1.685547 1.685547 1.685547 1.685547 1.685547 1.685547 1.685547 1.689453 1.685547 1.685547 1.685547 1.681641 1.681641 1.681641 1.681641 1.681641 1.681641 1.681641 1.681641 1.681641 1.677734 1.677734 1.673828 1.677734 1.681641 1.685547 1.689453 1.693359 1.693359 1.697266 1.693359 1.689453
1.70141E+38 1.70141E+38 1.70141E+38 1.70141E+38 1.70141E+38 1.70141E+38 1.70141E+38 1.70141E+38 1.70141E+38 1.70141E+38 1.70141E+38 1.70141E+38 1.70141E+38 1.70141E+38 1.70141E+38 1.70141E+38 1.70141E+38 1.70141E+38 1.70141E+38 1.70141E+38 1.70141E+38 1.70141E+38 1.70141E+38 1.70141E+38 1.70141E+38 1.70141E+38 1.70141E+38 1.70141E+38 1.70141E+38 1.70141E+38 1.70141E+38 1.70141E+38 1.70141E+38 1.70141E+38 1.70141E+38 1.70141E+38 1.70141E+38 1.70141E+38 1.70141E+38 1.70141E+38 1.70141E+38 1.70141E+38 1.70141E+38 1.70141E+38 1.70141E+38 1.70141E+38 1.70141E+38 1.70141E+38 1.70141E+38 1.70141E+38 1.70141E+38 1.70141E+38 1.70141E+38 1.70141E+38 1.70141E+38 1.70141E+38 1.70141E+38 1.70141E+38 1.70141E+38 1.70141E+38 1.70141E+38 1.70141E+38
1.70141E+38 1.70141E+38 1.70141E+38 1.70141E+38 1.70141E+38 1.70141E+38 1.70141E+38 1.70141E+38 1.70141E+38 1.70141E+38 1.70141E+38 1.70141E+38 1.70141E+38 1.70141E+38 1.70141E+38 1.70141E+38 1.70141E+38 1.70141E+38 1.70141E+38 1.70141E+38 1.70141E+38 1.70141E+38 1.70141E+38 1.70141E+38 1.70141E+38 1.70141E+38 1.70141E+38 1.70141E+38 1.70141E+38 1.70141E+38 1.70141E+38 1.70141E+38 1.70141E+38 1.70141E+38 1.70141E+38 1.70141E+38 1.70141E+38 1.70141E+38 1.70141E+38 1.70141E+38 1.70141E+38 1.70141E+38 1.70141E+38 1.70141E+38 1.70141E+38 1.70141E+38 1.70141E+38 1.70141E+38 1.70141E+38 1.70141E+38 1.70141E+38 1.70141E+38 1.70141E+38 1.70141E+38 1.70141E+38 1.70141E+38 1.70141E+38 1.70141E+38 1.70141E+38 1.70141E+38 1.70141E+38 1.70141E+38
1.70141E+38 1.70141E+38 1.70141E+38 1.70141E+38 1.70141E+38 1.70141E+38 1.70141E+38 1.70141E+38 1.70141E+38 1.70141E+38 1.70141E+38 1.70141E+38 1.70141E+38 1.70141E+38 1.70141E+38 1.70141E+38 1.70141E+38 1.70141E+38 1.70141E+38 1.70141E+38 1.70141E+38 1.70141E+38 1.70141E+38 1.70141E+38 1.70141E+38 1.70141E+38 1.70141E+38 1.70141E+38 1.70141E+38 1.70141E+38 1.70141E+38 1.70141E+38 1.70141E+38 1.70141E+38 1.70141E+38 1.70141E+38 1.70141E+38 1.70141E+38 1.70141E+38 1.70141E+38 1.70141E+38 1.70141E+38 1.70141E+38 1.70141E+38 1.70141E+38 1.70141E+38 1.70141E+38 1.70141E+38 1.70141E+38 1.70141E+38 1.70141E+38 1.70141E+38 1.70141E+38 1.70141E+38 1.70141E+38 1.70141E+38 1.70141E+38 1.70141E+38 1.70141E+38 1.70141E+38 1.70141E+38 1.70141E+38
1.70141E+38 1.70141E+38 1.70141E+38 1.70141E+38 1.70141E+38 1.70141E+38 1.70141E+38 1.70141E+38 1.70141E+38 1.70141E+38 1.70141E+38 1.70141E+38 1.70141E+38 1.70141E+38 1.70141E+38 1.70141E+38 1.70141E+38 1.70141E+38 1.70141E+38 1.70141E+38 1.70141E+38 1.70141E+38 1.70141E+38 1.70141E+38 1.70141E+38 1.70141E+38 1.70141E+38 1.70141E+38 1.70141E+38 1.70141E+38 1.70141E+38 1.70141E+38 1.70141E+38 1.70141E+38 1.70141E+38 1.70141E+38 1.70141E+38 1.70141E+38 1.70141E+38 1.70141E+38 1.70141E+38 1.70141E+38 1.70141E+38 1.70141E+38 1.70141E+38 1.70141E+38 1.70141E+38 1.70141E+38 1.70141E+38 1.70141E+38 1.70141E+38 1.70141E+38 1.70141E+38 1.70141E+38 1.70141E+38 1.70141E+38 1.70141E+38 1.70141E+38 1.70141E+38 1.70141E+38 1.70141E+38 1.70141E+38
1.70141E+38 1.70141E+38 1.70141E+38 1.70141E+38 1.70141E+38 1.70141E+38 1.70141E+38 1.70141E+38 1.70141E+38 1.70141E+38 1.70141E+38 1.70141E+38 1.70141E+38 1.70141E+38 1.70141E+38 1.70141E+38 1.70141E+38 1.70141E+38 1.70141E+38 1.70141E+38 1.70141E+38 1.70141E+38 1.70141E+38 1.70141E+38 1.70141E+38 1.70141E+38 1.70141E+38 1.70141E+38 1.70141E+38 1.70141E+38 1.70141E+38 1.70141E+38 1.70141E+38 1.70141E+38 1.70141E+38 1.70141E+38 1.70141E+38 1.70141E+38 1.70141E+38 1.70141E+38 1.70141E+38 1.70141E+38 1.70141E+38 1.70141E+38 1.70141E+38 1.70141E+38 1.70141E+38 1.70141E+38 1.70141E+38 1.70141E+38 1.70141E+38 1.70141E+38 1.70141E+38 1.70141E+38 1.70141E+38 1.70141E+38 1.70141E+38 1.70141E+38 1.70141E+38 1.70141E+38 1.70141E+38 1.70141E+38
1.70141E+38 1.70141E+38 1.70141E+38 1.70141E+38 1.70141E+38 1.70141E+38 1.70141E+38 1.70141E+38 1.70141E+38 1.70141E+38 1.70141E+38 1.70141E+38 1.70141E+38 1.70141E+38 1.70141E+38 1.70141E+38 1.70141E+38 1.70141E+38 1.70141E+38 1.70141E+38 1.70141E+38 1.70141E+38 1.70141E+38 1.70141E+38 1.70141E+38 1.70141E+38 1.70141E+38 1.70141E+38 1.70141E+38 1.70141E+38 1.70141E+38 1.70141E+38 1.70141E+38 1.70141E+38 1.70141E+38 1.70141E+38 1.70141E+38 1.70141E+38 1.70141E+38 1.70141E+38 1.70141E+38 1.70141E+38 1.70141E+38 1.70141E+38 1.70141E+38 1.70141E+38 1.70141E+38 1.70141E+38 1.70141E+38 1.70141E+38 1.70141E+38 1.70141E+38 1.70141E+38 1.70141E+38 1.70141E+38 1.70141E+38 1.70141E+38 1.70141E+38 1.70141E+38 1.70141E+38 1.70141E+38 1.70141E+38
1.70141E+38 1.70141E+38 1.70141E+38 1.70141E+38 1.70141E+38 1.70141E+38 1.70141E+38 1.70141E+38 1.70141E+38 1.70141E+38 1.70141E+38 1.70141E+38 1.70141E+38 1.70141E+38 1.70141E+38 1.70141E+38 1.70141E+38 1.70141E+38 1.70141E+38 1.70141E+38 1.70141E+38 1.70141E+38 1.70141E+38 1.70141E+38 1.70141E+38 1.70141E+38 1.70141E+38 1.70141E+38 1.70141E+38 1.70141E+38 1.70141E+38 1.70141E+38 1.70141E+38 1.70141E+38 1.70141E+38 1.70141E+38 1.70141E+38 1.70141E+38 1.70141E+38 1.70141E+38 1.70141E+38 1.70141E+38 1.70141E+38 1.70141E+38 1.70141E+38 1.70141E+38 1.70141E+38 1.70141E+38 1.70141E+38 1.70141E+38 1.70141E+38 1.70141E+38 1.70141E+38 1.70141E+38 1.70141E+38 1.70141E+38 1.70141E+38 1.70141E+38 1.70141E+38 1.70141E+38 1.70141E+38 1.70141E+38
1.70141E+38 1.70141E+38 1.70141E+38 1.70141E+38 1.70141E+38 1.70141E+38 1.70141E+38 1.70141E+38 1.70141E+38 1.70141E+38 1.70141E+38 1.70141E+38 1.70141E+38 1.70141E+38 1.70141E+38 1.70141E+38 1.70141E+38 1.70141E+38 1.70141E+38 1.70141E+38 1.70141E+38 1.70141E+38 1.70141E+38 1.70141E+38 1.70141E+38 1.70141E+38 1.70141E+38 1.70141E+38 1.70141E+38 1.70141E+38 1.70141E+38 1.70141E+38 1.70141E+38 1.70141E+38 1.70141E+38 1.70141E+38 1.70141E+38 1.70141E+38 1.70141E+38 1.70141E+38 1.70141E+38 1.70141E+38 1.70141E+38 1.70141E+38 1.70141E+38 1.70141E+38 1.70141E+38 1.70141E+38 1.70141E+38 1.70141E+38 1.70141E+38 1.70141E+38 1.70141E+38 1.70141E+38 1.70141E+38 1.70141E+38 1.70141E+38 1.70141E+38 1.70141E+38 1.70141E+38 1.70141E+38 1.70141E+38
