py_wake/examples/data/AJ_ParqueFicticio/Ridge area   Sector 10   Height 30m   Weibull-A.grd
DSAA
90  129
 262878   265103
 6504214   6507414
 .3239926   12.37747
[rows 81 to 107 of 129, columns 0 to 61 of 90]
7.656571 7.731271 7.817 7.885972 7.938571 7.99215 8.057016 8.131016 8.223029 8.314624 8.415068 8.522932 8.590947 8.598197 8.552662 8.508603 8.483522 8.466971 8.48425 8.508004 8.499372 8.505399 8.51881 8.543913 8.557956 8.566773 8.558357 8.551568 8.552864 8.553007 8.565226 8.612684 8.723793 8.913717 9.15917 9.439999 9.750467 10.10637 10.48143 10.82671 11.11 11.39711 11.63268 11.75654 11.77681 11.73694 11.62604 11.45594 11.1564 10.65668 9.721921 8.089399 5.837842 5.859344 5.282644 5.029955 4.982005 4.932388 4.874582 4.849162 4.839317 4.85133
7.80024 7.922754 8.039568 8.130973 8.204999 8.270967 8.336531 8.386311 8.429085 8.495623 8.594515 8.692374 8.768175 8.794388 8.749121 8.691646 8.639795 8.626642 8.665922 8.716065 8.690191 8.651016 8.623917 8.638939 8.681898 8.723134 8.739648 8.757999 8.790498 8.809191 8.824387 8.861394 8.956919 9.149926 9.386481 9.648015 9.958938 10.31576 10.69477 10.99989 11.24747 11.52767 11.7236 11.7799 11.77095 11.71999 11.60403 11.44337 11.12311 10.59133 9.575444 7.854675 5.907831 5.397198 5.005554 4.752622 4.723171 4.683344 4.642989 4.627711 4.560584 4.508025
7.937139 8.091779 8.236 8.341917 8.40557 8.472577 8.528749 8.541309 8.561172 8.634779 8.718431 8.785081 8.869744 8.919078 8.861817 8.779303 8.72155 8.714102 8.767129 8.837994 8.786836 8.721847 8.67893 8.687756 8.750168 8.830683 8.879565 8.93018 9.000378 9.034952 9.062262 9.116511 9.22318 9.411444 9.639039 9.879051 10.18088 10.52607 10.88287 11.12911 11.34838 11.59717 11.75606 11.78088 11.75962 11.70168 11.59099 11.42823 11.11159 10.59667 9.604128 7.941535 6.275928 5.323267 4.448938 4.425669 4.564532 4.632951 4.306874 4.240491 4.060488 3.702179
8.032809 8.210245 8.367332 8.477707 8.555632 8.615628 8.639313 8.638718 8.6621 8.730796 8.78636 8.8228 8.870567 8.894726 8.846102 8.776296 8.72915 8.722986 8.758655 8.805996 8.76608 8.706181 8.665512 8.670978 8.732893 8.843654 8.943203 9.035177 9.15077 9.223942 9.295537 9.401134 9.532703 9.704955 9.917558 10.14672 10.40492 10.72988 11.03399 11.2267 11.41162 11.61636 11.74877 11.76129 11.7313 11.67654 11.57807 11.39921 11.09918 10.64741 9.768173 8.332399 6.786359 5.574631 4.389381 3.764062 3.690181 3.647109 3.579112 3.458988 3.273444 3.035211
8.126646 8.311688 8.462489 8.579058 8.678825 8.716517 8.710796 8.708953 8.737961 8.78806 8.809975 8.802649 8.787616 8.770512 8.733798 8.693214 8.66183 8.654911 8.665559 8.682914 8.654862 8.605604 8.568769 8.580694 8.6472 8.778145 8.928978 9.07923 9.250107 9.376555 9.528002 9.70093 9.858573 10.02095 10.21426 10.41834 10.6319 10.92431 11.16636 11.31105 11.4516 11.59515 11.69667 11.71376 11.68385 11.63731 11.5386 11.36285 11.1016 10.73684 10.01221 8.840579 7.427325 6.121397 4.728671 3.52775 3.063848 2.941484 2.85558 2.790737 2.760744 2.774129
8.216444 8.389531 8.532168 8.655648 8.757859 8.779267 8.755441 8.735106 8.745111 8.77695 8.764884 8.713631 8.657872 8.614805 8.571085 8.547001 8.546928 8.547641 8.545421 8.542989 8.50686 8.461091 8.431006 8.46174 8.539557 8.683849 8.880364 9.088473 9.31435 9.511928 9.73458 9.971029 10.15914 10.32961 10.49605 10.64681 10.84697 11.10365 11.28881 11.39302 11.47727 11.54735 11.59298 11.59679 11.57168 11.52694 11.44098 11.30175 11.10609 10.82603 10.26135 9.346897 8.104044 6.825715 5.43154 4.068719 3.507626 3.143435 2.917099 2.787735 2.717939 2.687942
8.286571 8.446756 8.578415 8.693709 8.777199 8.779737 8.738802 8.697417 8.675077 8.671145 8.638475 8.577054 8.511176 8.453016 8.397319 8.367802 8.377035 8.401676 8.416609 8.404526 8.365653 8.316496 8.298559 8.360981 8.456118 8.607145 8.845222 9.101359 9.374323 9.637619 9.910349 10.17404 10.40011 10.5914 10.72121 10.84461 11.03941 11.26361 11.40356 11.46639 11.4813 11.47657 11.46657 11.43965 11.40873 11.37403 11.31647 11.21754 11.08288 10.87891 10.46801 9.768669 8.742312 7.57343 6.271988 5.024143 4.40709 3.91414 3.510188 3.214084 3.030264 2.905833
8.31942 8.461463 8.585733 8.683248 8.730389 8.716396 8.669719 8.61427 8.567379 8.52032 8.465966 8.398372 8.331563 8.268847 8.211224 8.177822 8.174335 8.216676 8.260718 8.26517 8.237988 8.218033 8.213846 8.30323 8.431881 8.602701 8.856144 9.139501 9.448672 9.749501 10.0524 10.33689 10.59859 10.78946 10.89728 11.01633 11.20175 11.39777 11.50588 11.51933 11.45685 11.3883 11.33413 11.28046 11.23587 11.20067 11.16019 11.09045 10.99662 10.86023 10.58884 10.09488 9.325767 8.34748 7.167197 6.039701 5.39364 4.915406 4.468075 4.070442 3.774258 3.53618
8.325019 8.447661 8.566246 8.646141 8.651117 8.60897 8.55455 8.491733 8.429127 8.359094 8.287274 8.210825 8.131897 8.065779 8.018094 7.988481 7.972701 8.033321 8.098304 8.131897 8.133491 8.153015 8.174706 8.287494 8.454148 8.653064 8.906476 9.207978 9.544295 9.860765 10.17994 10.48321 10.76921 10.94845 11.04019 11.16076 11.33549 11.5083 11.58716 11.5511 11.41893 11.28585 11.1862 11.09353 11.01099 10.96084 10.94337 10.91462 10.87569 10.78799 10.63033 10.33825 9.82853 9.092632 8.112003 7.09647 6.379236 5.885776 5.46468 5.053347 4.71761 4.438645
8.30311 8.400601 8.51889 8.585215 8.550152 8.478501 8.405811 8.343108 8.278843 8.212825 8.140741 8.051917 7.948991 7.867245 7.844144 7.856463 7.867251 7.923108 7.997401 8.033723 8.065355 8.127557 8.173232 8.309402 8.512596 8.740687 9.008497 9.331145 9.672415 9.987592 10.30933 10.6183 10.91138 11.07952 11.16192 11.27845 11.43637 11.58482 11.63521 11.56256 11.35543 11.14558 11.01291 10.89624 10.78929 10.71788 10.70169 10.70321 10.70449 10.67039 10.58832 10.44872 10.1527 9.62597 8.880153 8.071219 7.411057 6.896058 6.461047 6.0187 5.658353 5.366879
8.221008 8.299415 8.397511 8.451453 8.401343 8.315388 8.237251 8.183441 8.132413 8.072742 8.012788 7.936585 7.840064 7.764719 7.76776 7.829378 7.870387 7.928232 8.005305 8.04845 8.103054 8.204626 8.270419 8.434738 8.666042 8.906663 9.180923 9.51757 9.840343 10.13433 10.44492 10.73205 10.99858 11.15823 11.23688 11.34689 11.47914 11.59164 11.6231 11.50853 11.26886 11.03506 10.86741 10.70915 10.56093 10.46978 10.45055 10.4641 10.48103 10.5021 10.48725 10.42795 10.2418 9.845679 9.283257 8.72533 8.258225 7.850805 7.454682 7.020538 6.652721 6.337945
8.056122 8.135077 8.210121 8.233588 8.187807 8.11132 8.034282 7.982312 7.943624 7.918619 7.891543 7.850004 7.806213 7.783088 7.824533 7.897446 7.943577 8.018487 8.106977 8.162661 8.251328 8.383464 8.509913 8.70111 8.929996 9.172291 9.437104 9.751617 10.0365 10.29503 10.58 10.82516 11.04152 11.18658 11.26952 11.3785 11.48409 11.55369 11.55534 11.4234 11.17796 10.92453 10.70767 10.51445 10.32613 10.21566 10.18992 10.21656 10.2559 10.2986 10.31563 10.29233 10.15419 9.829569 9.404914 9.042844 8.769166 8.50733 8.236732 7.958008 7.67682 7.384935
7.839701 7.925427 7.992593 8.0136 7.964614 7.888588 7.801473 7.757874 7.746884 7.764751 7.786224 7.801498 7.813313 7.839519 7.921817 8.002281 8.05498 8.142619 8.229914 8.315267 8.458632 8.62815 8.817436 9.027922 9.252893 9.495611 9.750329 10.01691 10.24024 10.46139 10.71187 10.91367 11.07819 11.19259 11.2692 11.3721 11.45056 11.49104 11.46747 11.32425 11.06499 10.80189 10.54914 10.32358 10.10736 9.962439 9.914988 9.954457 10.01205 10.06783 10.11065 10.11535 9.9965 9.708525 9.36985 9.119241 8.970339 8.861073 8.759084 8.678056 8.556855 8.368805
7.626442 7.702368 7.791545 7.831482 7.794547 7.698555 7.587416 7.549921 7.596703 7.645081 7.701511 7.777122 7.830313 7.900337 8.017796 8.115974 8.192795 8.280915 8.374905 8.504618 8.67689 8.896572 9.121828 9.339888 9.572846 9.802261 10.04223 10.26469 10.43355 10.61747 10.82392 10.98716 11.1081 11.18208 11.23797 11.32059 11.3761 11.40147 11.36715 11.2245 10.97391 10.69618 10.42651 10.16728 9.910187 9.729395 9.658154 9.674788 9.728991 9.801558 9.878105 9.902375 9.78769 9.528598 9.223951 9.005537 8.941401 8.950587 8.991613 9.069366 9.121668 9.085434
7.4347 7.503603 7.602528 7.668789 7.64295 7.562245 7.485669 7.467915 7.549399 7.614435 7.688793 7.801727 7.890766 7.999138 8.128294 8.234098 8.331244 8.435068 8.558589 8.708875 8.901166 9.141518 9.394133 9.632897 9.862356 10.08943 10.31274 10.48556 10.61311 10.75554 10.90293 11.01779 11.10267 11.14362 11.18134 11.2377 11.28603 11.31318 11.28442 11.1509 10.90798 10.64102 10.36002 10.05951 9.747998 9.521189 9.414429 9.410798 9.463889 9.543091 9.624185 9.656746 9.563153 9.307705 9.035845 8.827202 8.792543 8.866466 9.000509 9.173899 9.340633 9.430192
7.242967 7.328177 7.428241 7.510336 7.510921 7.481584 7.451033 7.464245 7.570614 7.651674 7.752265 7.8733 7.98368 8.114392 8.248519 8.364544 8.476099 8.612421 8.763018 8.928082 9.129722 9.384775 9.657451 9.901067 10.12184 10.36223 10.56357 10.68523 10.78177 10.87932 10.96115 11.01654 11.06226 11.07329 11.09139 11.12593 11.16839 11.20783 11.19653 11.09341 10.87941 10.6208 10.32637 9.987437 9.624032 9.332295 9.181253 9.158255 9.195569 9.262583 9.326546 9.370771 9.308821 9.062111 8.793958 8.586046 8.546505 8.630759 8.803414 9.047057 9.292345 9.481989
7.082805 7.179745 7.283862 7.373028 7.412757 7.429502 7.432014 7.488743 7.612513 7.713994 7.832153 7.956376 8.085274 8.230296 8.373228 8.504937 8.633559 8.790707 8.963941 9.141861 9.361819 9.632552 9.921344 10.14092 10.34647 10.58966 10.77072 10.86689 10.94263 10.99587 11.008 10.99914 10.98888 10.96469 10.95975 10.97543 11.01781 11.07808 11.10366 11.04792 10.87619 10.62673 10.32191 9.956169 9.5397 9.181654 8.973845 8.908463 8.898964 8.949976 9.023405 9.088153 9.018304 8.776357 8.497986 8.270271 8.204027 8.251679 8.445004 8.767916 9.101015 9.28108
7.012325 7.097984 7.195876 7.273024 7.343007 7.390607 7.417022 7.516125 7.650628 7.777207 7.909379 8.051762 8.196304 8.34644 8.501508 8.654551 8.79685 8.964574 9.141713 9.333889 9.575393 9.847356 10.12445 10.32467 10.51952 10.74791 10.92048 11.01231 11.07906 11.09727 11.04776 10.98021 10.91228 10.84451 10.80234 10.7934 10.84001 10.92397 10.99354 10.99319 10.88494 10.6742 10.3757 9.994223 9.546348 9.10041 8.827726 8.707489 8.645328 8.674846 8.737803 8.803169 8.70884 8.458173 8.167797 7.905249 7.778431 7.773805 7.942596 8.246873 8.512259 8.679776
7.007153 7.100455 7.190602 7.253348 7.33912 7.402929 7.452452 7.572624 7.718307 7.857792 7.997861 8.144726 8.303104 8.459341 8.614288 8.770385 8.924241 9.097977 9.271125 9.463926 9.698331 9.961789 10.22413 10.42632 10.62027 10.83481 11.0133 11.12008 11.18935 11.18593 11.08588 10.9584 10.83001 10.70792 10.62078 10.58823 10.63923 10.74741 10.85774 10.91919 10.89248 10.74455 10.47501 10.09915 9.633992 9.142893 8.773348 8.586977 8.457908 8.412578 8.422057 8.455708 8.379064 8.134194 7.835544 7.558781 7.380405 7.331509 7.408083 7.604275 7.91983 8.190574
1.70141E+38 1.70141E+38 1.70141E+38 1.70141E+38 1.70141E+38 1.70141E+38 1.70141E+38 1.70141E+38 1.70141E+38 1.70141E+38 1.70141E+38 1.70141E+38 1.70141E+38 1.70141E+38 1.70141E+38 1.70141E+38 1.70141E+38 1.70141E+38 1.70141E+38 1.70141E+38 1.70141E+38 1.70141E+38 1.70141E+38 1.70141E+38 1.70141E+38 1.70141E+38 1.70141E+38 1.70141E+38 1.70141E+38 1.70141E+38 1.70141E+38 1.70141E+38 1.70141E+38 1.70141E+38 1.70141E+38 1.70141E+38 1.70141E+38 1.70141E+38 1.70141E+38 1.70141E+38 1.70141E+38 1.70141E+38 1.70141E+38 1.70141E+38 1.70141E+38 1.70141E+38 1.70141E+38 1.70141E+38 1.70141E+38 1.70141E+38 1.70141E+38 1.70141E+38 1.70141E+38 1.70141E+38 1.70141E+38 1.70141E+38 1.70141E+38 1.70141E+38 1.70141E+38 1.70141E+38 1.70141E+38 1.70141E+38
1.70141E+38 1.70141E+38 1.70141E+38 1.70141E+38 1.70141E+38 1.70141E+38 1.70141E+38 1.70141E+38 1.70141E+38 1.70141E+38 1.70141E+38 1.70141E+38 1.70141E+38 1.70141E+38 1.70141E+38 1.70141E+38 1.70141E+38 1.70141E+38 1.70141E+38 1.70141E+38 1.70141E+38 1.70141E+38 1.70141E+38 1.70141E+38 1.70141E+38 1.70141E+38 1.70141E+38 1.70141E+38 1.70141E+38 1.70141E+38 1.70141E+38 1.70141E+38 1.70141E+38 1.70141E+38 1.70141E+38 1.70141E+38 1.70141E+38 1.70141E+38 1.70141E+38 1.70141E+38 1.70141E+38 1.70141E+38 1.70141E+38 1.70141E+38 1.70141E+38 1.70141E+38 1.70141E+38 1.70141E+38 1.70141E+38 1.70141E+38 1.70141E+38 1.70141E+38 1.70141E+38 1.70141E+38 1.70141E+38 1.70141E+38 1.70141E+38 1.70141E+38 1.70141E+38 1.70141E+38 1.70141E+38 1.70141E+38
1.70141E+38 1.70141E+38 1.70141E+38 1.70141E+38 1.70141E+38 1.70141E+38 1.70141E+38 1.70141E+38 1.70141E+38 1.70141E+38 1.70141E+38 1.70141E+38 1.70141E+38 1.70141E+38 1.70141E+38 1.70141E+38 1.70141E+38 1.70141E+38 1.70141E+38 1.70141E+38 1.70141E+38 1.70141E+38 1.70141E+38 1.70141E+38 1.70141E+38 1.70141E+38 1.70141E+38 1.70141E+38 1.70141E+38 1.70141E+38 1.70141E+38 1.70141E+38 1.70141E+38 1.70141E+38 1.70141E+38 1.70141E+38 1.70141E+38 1.70141E+38 1.70141E+38 1.70141E+38 1.70141E+38 1.70141E+38 1.70141E+38 1.70141E+38 1.70141E+38 1.70141E+38 1.70141E+38 1.70141E+38 1.70141E+38 1.70141E+38 1.70141E+38 1.70141E+38 1.70141E+38 1.70141E+38 1.70141E+38 1.70141E+38 1.70141E+38 1.70141E+38 1.70141E+38 1.70141E+38 1.70141E+38 1.70141E+38
1.70141E+38 1.70141E+38 1.70141E+38 1.70141E+38 1.70141E+38 1.70141E+38 1.70141E+38 1.70141E+38 1.70141E+38 1.70141E+38 1.70141E+38 1.70141E+38 1.70141E+38 1.70141E+38 1.70141E+38 1.70141E+38 1.70141E+38 1.70141E+38 1.70141E+38 1.70141E+38 1.70141E+38 1.70141E+38 1.70141E+38 1.70141E+38 1.70141E+38 1.70141E+38 1.70141E+38 1.70141E+38 1.70141E+38 1.70141E+38 1.70141E+38 1.70141E+38 1.70141E+38 1.70141E+38 1.70141E+38 1.70141E+38 1.70141E+38 1.70141E+38 1.70141E+38 1.70141E+38 1.70141E+38 1.70141E+38 1.70141E+38 1.70141E+38 1.70141E+38 1.70141E+38 1.70141E+38 1.70141E+38 1.70141E+38 1.70141E+38 1.70141E+38 1.70141E+38 1.70141E+38 1.70141E+38 1.70141E+38 1.70141E+38 1.70141E+38 1.70141E+38 1.70141E+38 1.70141E+38 1.70141E+38 1.70141E+38
1.70141E+38 1.70141E+38 1.70141E+38 1.70141E+38 1.70141E+38 1.70141E+38 1.70141E+38 1.70141E+38 1.70141E+38 1.70141E+38 1.70141E+38 1.70141E+38 1.70141E+38 1.70141E+38 1.70141E+38 1.70141E+38 1.70141E+38 1.70141E+38 1.70141E+38 1.70141E+38 1.70141E+38 1.70141E+38 1.70141E+38 1.70141E+38 1.70141E+38 1.70141E+38 1.70141E+38 1.70141E+38 1.70141E+38 1.70141E+38 1.70141E+38 1.70141E+38 1.70141E+38 1.70141E+38 1.70141E+38 1.70141E+38 1.70141E+38 1.70141E+38 1.70141E+38 1.70141E+38 1.70141E+38 1.70141E+38 1.70141E+38 1.70141E+38 1.70141E+38 1.70141E+38 1.70141E+38 1.70141E+38 1.70141E+38 1.70141E+38 1.70141E+38 1.70141E+38 1.70141E+38 1.70141E+38 1.70141E+38 1.70141E+38 1.70141E+38 1.70141E+38 1.70141E+38 1.70141E+38 1.70141E+38 1.70141E+38
1.70141E+38 1.70141E+38 1.70141E+38 1.70141E+38 1.70141E+38 1.70141E+38 1.70141E+38 1.70141E+38 1.70141E+38 1.70141E+38 1.70141E+38 1.70141E+38 1.70141E+38 1.70141E+38 1.70141E+38 1.70141E+38 1.70141E+38 1.70141E+38 1.70141E+38 1.70141E+38 1.70141E+38 1.70141E+38 1.70141E+38 1.70141E+38 1.70141E+38 1.70141E+38 1.70141E+38 1.70141E+38 1.70141E+38 1.70141E+38 1.70141E+38 1.70141E+38 1.70141E+38 1.70141E+38 1.70141E+38 1.70141E+38 1.70141E+38 1.70141E+38 1.70141E+38 1.70141E+38 1.70141E+38 1.70141E+38 1.70141E+38 1.70141E+38 1.70141E+38 1.70141E+38 1.70141E+38 1.70141E+38 1.70141E+38 1.70141E+38 1.70141E+38 1.70141E+38 1.70141E+38 1.70141E+38 1.70141E+38 1.70141E+38 1.70141E+38 1.70141E+38 1.70141E+38 1.70141E+38 1.70141E+38 1.70141E+38
1.70141E+38 1.70141E+38 1.70141E+38 1.70141E+38 1.70141E+38 1.70141E+38 1.70141E+38 1.70141E+38 1.70141E+38 1.70141E+38 1.70141E+38 1.70141E+38 1.70141E+38 1.70141E+38 1.70141E+38 1.70141E+38 1.70141E+38 1.70141E+38 1.70141E+38 1.70141E+38 1.70141E+38 1.70141E+38 1.70141E+38 1.70141E+38 1.70141E+38 1.70141E+38 1.70141E+38 1.70141E+38 1.70141E+38 1.70141E+38 1.70141E+38 1.70141E+38 1.70141E+38 1.70141E+38 1.70141E+38 1.70141E+38 1.70141E+38 1.70141E+38 1.70141E+38 1.70141E+38 1.70141E+38 1.70141E+38 1.70141E+38 1.70141E+38 1.70141E+38 1.70141E+38 1.70141E+38 1.70141E+38 1.70141E+38 1.70141E+38 1.70141E+38 1.70141E+38 1.70141E+38 1.70141E+38 1.70141E+38 1.70141E+38 1.70141E+38 1.70141E+38 1.70141E+38 1.70141E+38 1.70141E+38 1.70141E+38
1.70141E+38 1.70141E+38 1.70141E+38 1.70141E+38 1.70141E+38 1.70141E+38 1.70141E+38 1.70141E+38 1.70141E+38 1.70141E+38 1.70141E+38 1.70141E+38 1.70141E+38 1.70141E+38 1.70141E+38 1.70141E+38 1.70141E+38 1.70141E+38 1.70141E+38 1.70141E+38 1.70141E+38 1.70141E+38 1.70141E+38 1.70141E+38 1.70141E+38 1.70141E+38 1.70141E+38 1.70141E+38 1.70141E+38 1.70141E+38 1.70141E+38 1.70141E+38 1.70141E+38 1.70141E+38 1.70141E+38 1.70141E+38 1.70141E+38 1.70141E+38 1.70141E+38 1.70141E+38 1.70141E+38 1.70141E+38 1.70141E+38 1.70141E+38 1.70141E+38 1.70141E+38 1.70141E+38 1.70141E+38 1.70141E+38 1.70141E+38 1.70141E+38 1.70141E+38 1.70141E+38 1.70141E+38 1.70141E+38 1.70141E+38 1.70141E+38 1.70141E+38 1.70141E+38 1.70141E+38 1.70141E+38 1.70141E+38
