py_wake/examples/data/AJ_ParqueFicticio/Ridge area   Sector 9   Height 30m   Power density.grd
DSAA
90  129
 262878   265103
 6504214   6507414
 .02814009   926.9411
[rows 27 to 53 of 129, columns 0 to 61 of 90]
112.9128 113.9528 117.1126 120.5214 124.0151 128.0688 132.2818 136.47 140.9523 145.0796 147.7559 149.0779 150.1092 151.0611 152.8855 155.4224 158.5621 162.1749 165.2 168.4984 175.4912 183.1602 190.5935 198.9495 206.784 216.4238 228.2595 243.9014 262.4842 280.6729 299.2205 318.1968 339.4294 362.6111 384.3661 408.8482 437.1831 467.6565 503.8724 538.4462 564.828 591.7973 616.0862 632.7929 633.3457 615.8555 585.0292 539.9637 487.2671 430.0042 350.3026 227.2728 31.54546 9.220769 2.55781 1.258797 1.403093 3.466837 4.200918 5.371121 6.506142 7.310027
111.9881 113.5821 116.9974 120.5234 124.5344 129.4783 134.6168 140.1777 146.0169 150.7401 153.4934 154.4258 154.2022 153.546 153.3492 154.122 156.0779 158.469 161.1184 164.177 170.0923 176.1274 182.1284 189.3367 196.155 203.9231 215.1044 229.5538 247.1915 265.8142 284.1382 302.3958 322.8741 345.7931 367.9438 391.8444 419.5026 448.681 484.1686 519.9906 550.3205 581.478 611.3375 627.9172 625.1121 603.9465 569.9874 523.5515 469.0564 408.9727 319.6957 189.7363 22.06111 6.360782 1.722741 1.036249 1.149435 .9336514 4.00075 5.229167 6.423292 7.342282
111.3931 113.5554 117.0207 120.3916 124.6855 130.2167 136.0888 142.8533 150.2391 156.1906 158.6624 158.0096 156.7925 155.5225 154.4076 154.1633 154.5749 156.0001 157.4116 160.0342 164.9409 169.221 173.3776 179.4229 185.1143 191.1091 201.5647 215.8496 233.2203 251.3182 268.4961 286.1447 305.2995 327.3283 350.1852 373.1513 399.7302 428.3074 463.2076 500.3464 535.0688 572.5662 607.7769 624.9218 619.0455 594.5569 556.3926 508.4103 452.8677 388.2473 286.3469 153.332 42.48634 6.104157 1.560679 1.525291 .9372873 .8425918 3.248228 4.144757 5.050825 5.827652
110.958 113.5402 116.9699 120.2569 124.7495 130.3677 136.4687 143.7691 152.0944 159.0357 160.6172 159.2146 157.4549 156.5123 155.6898 154.8573 154.5149 154.6027 154.9464 156.662 160.958 163.8844 166.5569 171.845 176.4853 181.0348 191.5118 206.7909 223.3255 240.0831 256.9076 272.7483 289.0615 310.3743 333.5125 356.1386 380.7277 408.9448 443.986 482.5128 522.188 566.6312 607.1052 622.759 614.8539 587.3893 545.3988 495.5078 438.3285 365.6317 252.0779 123.4021 43.64885 5.32856 1.490574 1.193345 .8121967 .7643774 2.604805 3.147877 3.757117 4.354
109.6569 112.3395 115.683 118.7262 123.2898 129.0605 135.2959 142.2905 149.9472 156.0161 157.5474 157.2601 156.6322 156.2679 155.8179 155.1315 154.2336 153.6989 154.6807 157.379 160.6095 163.133 166.1002 171.0465 175.4716 180.8183 191.5342 205.6049 220.0363 234.5108 249.7155 265.0638 281.6864 301.1231 321.9789 343.442 366.6047 393.6662 428.5952 468.8198 512.5531 561.6376 603.6384 617.0842 608.2182 580.9861 535.1182 483.3759 424.6997 344.413 226.2295 104.4713 37.62521 7.414706 1.615371 .9661465 .7143621 .7015117 2.190043 2.532306 2.926215 3.381221
108.2354 110.8944 114.0874 116.9054 121.3376 126.8764 132.7306 138.8774 145.1236 150.0121 152.0069 152.9812 153.9965 154.5666 154.5648 153.7484 152.6767 153.3577 156.5426 159.829 162.6646 165.8703 169.679 174.3993 179.1592 185.6832 195.6578 208.4181 220.9857 233.835 248.0878 263.2848 280.2242 297.3925 314.7153 334.199 356.0229 382.4585 416.4411 457.0757 503.7364 555.7485 595.6919 608.6578 600.6392 573.4237 527.9632 474.483 413.9431 324.3417 202.9451 92.76492 33.72317 1.996523 1.051414 .7205499 .5341379 .5121798 .8139344 2.189719 2.46098 2.814552
106.669 109.323 112.329 114.8303 119.0825 124.2982 129.6417 134.8204 139.6407 143.6371 146.4034 148.6467 150.8642 152.2209 152.3524 151.3075 150.3447 153.4173 158.5873 162.7698 166.2718 169.817 173.8741 178.8178 183.6339 189.997 199.9929 212.3215 224.5988 237.5071 250.6472 264.2635 280.2214 294.9861 310.4415 329.0392 349.405 374.8253 407.2404 446.8473 495.9198 549.5634 586.7574 600.5706 594.0112 566.3557 523.2028 471.0699 406.6668 308.2649 187.3031 89.3586 11.21701 2.267045 1.154337 .5679709 .2954567 .1286104 .1174631 2.143432 1.720263 1.765338
105.0744 107.8782 110.7222 112.8628 117.0884 122.0379 126.8916 131.575 135.6982 139.1561 142.5736 145.8535 148.96 150.6338 150.4794 149.0459 149.4335 154.3352 160.5952 165.8214 169.709 173.4423 178.0841 182.8605 187.7485 194.7066 204.8747 218.1541 233.0297 246.7528 259.2519 272.3078 286.5585 299.5386 314.9527 333.0769 350.9888 375.5654 405.4141 442.5163 491.5613 544.2477 578.2084 593.4966 589.6154 564.0891 523.3163 473.0678 412.7691 315.8982 190.5628 55.34835 14.0696 3.184555 1.534914 .7696702 .3575818 .1382473 .04594721 .02814009 .3007053 .6654925
104.6111 107.4723 109.7813 111.2978 115.7777 120.7595 125.6121 130.2449 134.2985 138.0253 141.7138 145.276 148.6982 150.4779 150.3095 149.4631 151.6533 156.8283 162.6124 167.8146 172.1112 176.9381 181.8126 187.1745 193.5067 201.8513 213.3877 228.7094 246.2677 261.5215 275.6102 289.4634 302.7533 315.6636 331.4601 347.1795 364.785 387.4734 413.9111 446.8359 492.9254 541.101 571.952 589.6088 589.1901 566.6998 529.0389 481.4918 426.3031 340.5593 218.844 80.96012 27.64903 7.088206 2.9762 1.317338 .5842528 .2475239 .1055135 .05560465 .06853185 .2316431
105.8084 107.9671 109.3383 110.009 115.0035 120.2351 125.3053 129.9591 134.092 138.154 142.0326 146.0446 150.1719 152.2373 152.666 153.5345 156.0027 160.313 165.5939 170.0464 174.8748 180.4182 185.7235 192.8935 201.3143 211.583 225.3418 243.1908 263.448 281.0028 296.1018 309.9466 323.6138 337.8084 353.4709 369.4157 386.0426 406.0339 428.031 457.3486 497.3033 539.5566 568.9095 588.7669 593.294 575.895 539.91 491.7007 443.6964 374.6224 266.9217 122.8978 30.21746 19.01499 7.212035 2.851487 1.149051 .5023484 .2319687 .1349012 .1898677 .414285
108.5044 109.1954 109.3313 109.3602 114.8969 120.3634 125.5521 130.1153 134.2823 138.6185 142.6088 147.5308 152.778 155.7336 157.4431 159.2147 161.5175 165.2994 169.504 173.7446 179.7242 185.4325 191.7714 200.1433 210.6737 223.3059 238.8495 259.0989 282.3376 301.6077 317.568 332.9182 347.8201 363.1501 377.9569 393.9547 410.0134 425.8846 442.7738 467.0235 502.8099 541.782 572.5434 593.4313 601.1871 589.0467 553.8309 506.2984 460.7036 405.9699 314.6169 183.2758 61.03564 11.74116 17.10434 6.413341 2.437351 1.01312 .4779668 .3433971 .4490768 5.523483
113.1477 111.5211 110.9285 111.1158 116.2517 120.9948 125.9941 130.4102 134.4986 139.2342 143.882 150.3813 156.7497 160.8617 163.0454 164.8541 168.1113 172.6775 176.7782 182.2312 188.7763 194.7786 201.3751 210.6156 222.246 236.4086 253.7661 274.9628 299.6524 321.2479 339.8756 356.5223 372.6714 388.2259 403.2293 417.7734 431.1773 444.0374 458.0453 481.2701 514.2557 551.9145 583.0109 603.6428 612.7162 602.5798 568.4771 522.5285 476.9437 430.1499 356.8498 243.4506 103.7929 25.10623 4.541731 11.94363 4.489517 1.802132 .9166644 .7661768 5.08042 5.254052
118.5915 116.2745 114.7122 115.8368 120.2311 123.9375 127.7028 131.3531 135.7107 140.5698 145.9693 153.6769 160.9279 166.3861 169.6348 172.7867 177.6226 182.8439 189.2949 195.6791 201.7374 207.4608 214.3291 224.9737 236.9378 251.9177 270.1558 291.236 315.7413 339.5913 360.3315 379.3417 397.953 413.0107 427.9879 441.5414 454.4284 465.5919 478.5845 499.6845 530.2534 566.4174 595.2731 613.4318 622.4491 611.9984 581.1409 539.6292 495.2974 449.0759 389.6649 297.1315 149.7869 42.56235 7.859037 6.19024 6.229994 2.739699 1.566385 1.294091 4.847936 4.944176
125.3785 123.2631 121.2914 122.2449 124.8565 127.7012 131.5375 134.772 137.9779 142.5004 149.1245 158.0179 166.3355 172.4897 177.8724 184.0989 189.938 196.8983 205.5186 212.4673 217.9069 222.6697 230.0279 241.5454 254.5276 270.71 288.4829 308.8545 333.8742 358.9071 381.4216 402.4683 422.4933 437.2329 450.7219 464.1129 475.6701 486.4366 498.2553 517.8132 545.2014 578.21 605.2961 623.1538 632.3395 622.8959 594.8378 554.8475 511.1185 464.9106 415.5354 343.3647 197.5021 64.3908 15.37149 4.470875 5.442021 3.320889 2.204669 1.890054 4.618156 4.655645
134.748 133.0761 130.2956 129.0218 129.5735 131.2888 135.0283 138.487 142.5959 147.5186 153.9093 162.9895 172.2069 180.2974 188.141 196.3267 204.4845 212.8395 222.7116 229.985 235.0888 240.8912 249.066 261.4398 274.7273 291.0703 308.1243 329.0758 352.6394 379.2142 400.802 423.2329 442.032 454.843 467.6994 483.5943 495.765 503.7303 513.6866 531.445 557.4078 590.9971 618.4692 633.9967 641.0898 633.3422 607.9705 567.6214 523.467 478.6964 432.8274 370.1786 240.4517 94.93443 28.71462 8.256699 4.86588 3.117951 2.301584 1.534247 2.667487 3.479209
145.8628 143.4102 138.8972 134.8622 133.7463 134.9913 138.9165 142.3721 147.1939 152.8852 161.1046 171.1138 180.2164 188.7812 198.2715 208.3535 218.206 228.2027 238.1344 246.538 254.1604 260.4495 268.9631 280.7654 293.7463 308.5659 324.3231 344.0947 368.3664 394.3065 413.4794 435.8708 451.1742 463.037 477.779 493.727 503.7228 510.6619 521.4937 540.1316 568.3616 598.9615 622.7304 636.4264 644.9665 639.004 615.4304 579.0684 534.6359 488.0038 438.8219 379.1891 266.903 128.1642 50.12906 20.25382 8.711938 4.65103 2.978675 2.389763 2.573592 3.698894
156.2504 152.8463 147.1592 141.5672 138.5669 139.5376 142.9164 145.7844 151.0706 157.8969 167.7366 179.1942 190.0998 200.6976 211.1916 221.7732 231.7095 241.996 252.8542 263.6466 272.2998 278.9333 287.2975 297.3974 308.8672 321.7627 334.8559 352.5493 376.8091 399.9314 418.1599 438.1205 450.6747 464.1823 480.0335 493.4436 503.2471 512.8884 526.7657 547.0187 572.0685 598.4183 622.8708 639.184 648.1023 643.073 620.7863 585.4196 542.5002 493.955 439.5615 378.0182 275.8702 151.8233 74.2252 38.12022 18.44214 9.460729 5.78203 4.622408 5.034766 7.148296
168.8774 163.7166 157.2933 150.5784 146.4357 145.0186 146.04 147.9702 153.797 161.7887 172.6176 185.2062 197.8078 210.4142 223.1433 235.6742 246.4369 257.1303 269.4009 282.0696 290.8874 298.5619 306.836 313.7721 321.5771 331.0393 340.9855 356.7475 380.0997 401.7277 417.3399 434.2189 445.601 459.5018 475.0608 487.1555 498.2388 512.1656 529.336 548.5514 570.6438 596.7119 623.6219 642.2946 652.3899 647.4484 624.6874 589.2984 547.3782 498.9318 442.8051 371.5676 276.668 166.5678 93.44595 55.58045 32.31575 17.2679 11.27869 9.530274 11.11633 15.15487
183.8882 177.2785 170.4059 163.0065 156.5893 150.8921 148.6799 149.441 155.6407 164.6945 176.3537 190.0997 203.7634 217.8287 232.0591 245.8892 256.5379 266.9591 279.9295 293.1704 302.1369 310.5781 318.4271 323.4223 328.9252 334.7598 342.3604 356.3968 377.7193 397.1149 409.2589 423.1809 434.8434 448.7323 463.7143 475.8006 487.9319 504.8148 525.0687 543.9145 566.5744 594.8981 625.3163 645.505 655.285 649.8195 627.0359 591.6528 549.8002 503.0323 446.9459 369.9998 272.7419 171.0678 100.7686 62.77435 41.73685 24.8148 18.24116 16.98205 19.90212 24.67254
199.4153 189.3327 181.2321 172.2698 163.1203 154.2973 149.2945 149.5021 156.3534 165.8024 177.6052 191.2957 204.826 218.9899 233.8103 247.8471 258.3649 268.6671 280.8862 292.3538 300.5282 308.2195 314.1412 317.6988 321.3946 326.4016 333.6042 344.7638 362.8419 379.9398 391.9043 404.6142 417.2926 430.7014 446.111 459.0109 471.6881 490.1671 511.6327 532.5176 557.1211 588.8123 622.3635 642.0643 650.8317 647.0009 627.5957 594.7612 553.1815 507.1054 451.5769 377.5243 268.999 168.7424 97.49583 58.51551 39.75704 27.24355 20.71908 20.60505 25.22612 29.50752
213.8411 201.2314 191.6929 181.1678 168.8186 157.625 150.3053 149.1597 155.925 164.6456 175.5311 188.3664 200.7007 214.6454 229.0054 241.4521 251.3359 260.7529 271.0681 280.9477 288.0149 294.1266 297.5292 299.7324 302.6046 307.2232 314.0262 324.0654 338.6165 353.9531 367.138 379.9173 394.2545 408.5596 423.2691 436.8785 450.7796 469.9331 493.7476 516.3604 543.7865 578.1541 612.931 633.9836 645.7021 642.9243 626.9767 599.4125 559.7784 512.3964 457.6383 385.9594 276.463 169.2772 92.43099 50.93267 32.41266 24.47718 19.6177 21.49867 25.79351 31.77889
228.1925 215.9297 204.5784 192.9521 178.2579 164.9498 155.7736 151.7358 154.3731 160.8256 170.6514 183.1023 194.3484 207.1377 221.0947 232.6405 240.6306 248.7128 257.4771 264.8297 270.1612 274.3607 276.5616 277.8334 279.2708 283.5718 291.9526 301.4156 313.3008 326.5168 339.9194 353.6458 368.3629 383.5909 398.2525 413.1071 428.9722 448.7998 474.091 500.7434 529.8215 565.5988 601.5787 624.6546 640.4868 641.4226 627.9196 604.844 569.3979 520.4126 463.6612 392.8203 290.605 174.5591 90.21783 44.62194 25.1695 18.55443 17.50115 19.60333 25.62716 34.32113
243.1729 231.4371 217.2388 204.4547 189.3568 174.6987 162.9525 154.6321 151.1978 154.3688 163.5971 175.7035 186.5877 198.6819 212.3088 221.5464 228.9917 235.3785 241.4078 247.3403 251.403 253.7143 254.9399 256.1711 257.6934 261.8608 269.5001 278.7286 288.5131 300.3887 313.0727 326.9143 341.8422 358.2254 373.7111 388.0327 405.2774 426.9088 454.6424 484.4846 514.7278 552.8715 590.6046 616.3934 635.6506 642.0094 632.3596 610.0325 577.718 529.2751 470.0479 397.8228 299.3216 182.5587 90.7748 41.85098 22.61902 16.21042 15.36796 18.48945 27.16278 40.17241
257.3974 246.5692 231.4491 216.7307 200.9755 183.4395 167.8832 154.515 146.6197 147.3695 156.2581 168.2319 179.9763 192.2781 204.0433 210.9785 216.8487 220.9577 224.5162 228.2954 231.5731 233.4128 234.1901 236.255 239.5922 243.5164 250.1213 258.6542 267.5847 277.8213 288.2399 300.9977 316.6378 333.8357 348.9789 363.1575 381.2145 405.3727 434.2459 467.8643 499.2378 539.0275 579.306 608.8897 633.313 646.8245 640.2792 616.8027 583.3414 536.429 475.8307 402.1546 305.4547 192.6569 96.12278 44.27376 24.76058 17.13373 16.2173 21.90542 35.57898 56.24546
271.5648 262.2053 247.742 229.7876 213.2524 194.1686 175.9144 158.4475 146.1201 142.3729 148.7515 161.3783 175.331 186.8079 194.2449 198.1864 201.4365 204.9275 206.6174 208.7741 211.5972 214.1036 216.1805 219.0734 224.2204 228.8528 234.0494 242.4417 249.034 256.0442 266.2956 278.3114 294.7625 312.1763 325.9753 338.9744 358.7242 384.2243 414.3389 449.2383 483.8023 525.8864 569.3777 603.4531 634.2552 653.9724 650.3576 623.5547 587.2581 542.4376 483.6614 408.9618 312.1749 204.2076 108.5144 52.70451 31.54726 23.73779 24.20769 33.56366 53.55278 82.88363
284.4527 277.0279 263.3842 245.1245 225.2007 205.0572 183.5724 163.4703 147.2001 136.8626 139.9944 154.6524 170.1858 178.6852 181.1209 180.5144 181.6393 186.1539 187.7755 188.795 192.7268 196.8302 200.9425 205.2336 211.1799 215.7325 220.1254 227.2093 231.973 237.0896 247.548 259.2484 275.8505 293.5328 307.5284 320.968 341.3681 366.1414 395.7916 431.1834 469.8569 515.2269 561.3651 600.5577 638.8319 664.6454 661.0569 631.3829 592.7308 548.4152 491.813 418.2048 323.8495 217.0723 122.8867 67.94759 44.314 36.03669 37.55774 51.86084 81.32505 122.0177
296.5892 289.3653 276.1788 257.8465 235.3816 215.012 191.7439 171.5636 152.7493 138.4889 140.1025 153.7759 167.152 171.0474 168.569 162.7348 162.4071 166.9098 168.8324 170.569 176.1776 182.9257 189.5635 196.3057 201.9628 206.5755 210.8705 218.3116 222.3393 226.2346 237.1999 249.1996 266.0297 284.5837 300.0255 315.0181 333.6757 355.7211 384.1406 420.4838 462.5762 510.2805 558.7177 602.68 647.9534 675.9536 670.5908 640.4368 599.7617 553.7235 500.9996 434.4384 345.926 242.3766 144.5654 86.60569 64.5594 57.37384 60.34335 80.69564 118.3174 167.7516
