py_wake/examples/data/AJ_ParqueFicticio/Ridge area   Sector All   Height 200m   Weibull-A.grd
DSAA
90  129
 262878   265103
 6504214   6507414
 2.286018   9.440154
[rows 81 to 107 of 129, columns 0 to 61 of 90]
5.179803 5.244542 5.322221 5.390507 5.45156 5.5181 5.595379 5.684667 5.793643 5.897577 5.999553 6.103016 6.167107 6.179635 6.150995 6.117149 6.091925 6.055137 6.033597 6.014898 5.975175 5.955723 5.93931 5.929292 5.914591 5.898683 5.869786 5.847693 5.83966 5.8405 5.865788 5.938858 6.101081 6.358005 6.673338 7.007959 7.333878 7.6619 7.981637 8.272511 8.50721 8.734398 8.92664 9.03093 9.058799 9.04826 8.99025 8.889504 8.673821 8.274814 7.66212 6.793416 5.885164 5.309377 5.019279 4.864539 4.808753 4.784273 4.775831 4.78848 4.799811 4.816064
5.436052 5.54407 5.649232 5.737648 5.819301 5.895123 5.979057 6.059105 6.128156 6.20779 6.313551 6.417251 6.491275 6.515603 6.489274 6.446252 6.394642 6.367239 6.376961 6.391482 6.346324 6.285024 6.229195 6.211837 6.219262 6.233014 6.227735 6.227182 6.243871 6.256452 6.287387 6.35263 6.490513 6.729869 7.004216 7.284526 7.580884 7.889891 8.203219 8.455868 8.658449 8.875025 9.024273 9.069747 9.07705 9.052807 8.987459 8.890056 8.643121 8.218838 7.553857 6.626257 5.712482 5.196937 4.889999 4.726465 4.640291 4.597544 4.590314 4.612664 4.622003 4.65058
5.66792 5.804252 5.936571 6.043298 6.119259 6.200833 6.278208 6.320065 6.364173 6.446602 6.535327 6.608592 6.692417 6.741232 6.696917 6.625362 6.567483 6.548665 6.579274 6.623594 6.557339 6.475973 6.412499 6.396576 6.43175 6.483294 6.5053 6.535019 6.590549 6.623544 6.656712 6.723903 6.855937 7.067968 7.306684 7.544093 7.815702 8.102065 8.390349 8.592108 8.769351 8.955877 9.067824 9.088827 9.084494 9.051268 8.98643 8.883671 8.633257 8.214137 7.545606 6.620112 5.745898 5.23971 4.890914 4.678835 4.560677 4.493838 4.472632 4.47911 4.477195 4.487631
5.864305 6.016994 6.156262 6.261767 6.341468 6.412901 6.458655 6.484901 6.525357 6.595095 6.652009 6.691429 6.73464 6.754033 6.714318 6.653223 6.60393 6.585108 6.598855 6.620778 6.574119 6.51049 6.461526 6.451505 6.493059 6.580787 6.659461 6.73462 6.834723 6.903723 6.971867 7.078837 7.21915 7.394955 7.600661 7.812355 8.034845 8.294275 8.533968 8.691304 8.839039 8.98913 9.077184 9.085484 9.071554 9.039278 8.979768 8.85736 8.620938 8.235585 7.606942 6.768679 5.956703 5.416445 5.022135 4.733075 4.57329 4.484943 4.433661 4.39165 4.361206 4.353747
6.030118 6.183717 6.313436 6.418121 6.509568 6.557265 6.574827 6.594343 6.630873 6.67302 6.687561 6.674035 6.647568 6.619291 6.582727 6.543236 6.504294 6.481191 6.470132 6.466416 6.437576 6.394354 6.362085 6.368452 6.425946 6.543945 6.683784 6.825291 6.98407 7.10572 7.248281 7.4087 7.55772 7.710545 7.888305 8.069344 8.244781 8.4694 8.653214 8.770597 8.880782 8.982838 9.046415 9.05656 9.039617 9.01119 8.944141 8.819182 8.618726 8.283896 7.716083 6.983651 6.243397 5.682439 5.245806 4.894576 4.673542 4.539398 4.447526 4.35595 4.275622 4.218785
6.161568 6.299589 6.416864 6.521099 6.607728 6.63422 6.626388 6.617901 6.62728 6.642062 6.614954 6.552872 6.482732 6.424258 6.372196 6.341608 6.328166 6.310097 6.288455 6.270649 6.237148 6.204376 6.187137 6.223196 6.304733 6.447579 6.641535 6.848955 7.068515 7.258951 7.463685 7.673989 7.839544 7.991404 8.141914 8.271857 8.428633 8.618954 8.753333 8.835545 8.89729 8.938062 8.954195 8.947516 8.929112 8.897999 8.840239 8.749518 8.608149 8.329186 7.833839 7.209845 6.542781 5.991429 5.538751 5.166372 4.90721 4.699586 4.525654 4.384263 4.25869 4.1399
6.241576 6.360736 6.459624 6.546999 6.609018 6.609306 6.576216 6.537976 6.507918 6.483831 6.433586 6.358998 6.27854 6.204193 6.135413 6.092988 6.084538 6.088714 6.085968 6.065203 6.031923 6.000042 6.003513 6.079535 6.189423 6.353643 6.599555 6.860321 7.126382 7.376515 7.621797 7.850593 8.044202 8.212479 8.331235 8.43781 8.583977 8.742666 8.837474 8.881918 8.884531 8.863182 8.832391 8.794426 8.764044 8.73936 8.705148 8.647048 8.555746 8.338261 7.92582 7.394206 6.816543 6.305984 5.875951 5.510806 5.246622 5.017191 4.788205 4.576553 4.407462 4.241524
6.259796 6.355937 6.437835 6.499076 6.522738 6.501057 6.452955 6.39247 6.331023 6.262804 6.187512 6.105393 6.024346 5.946296 5.873861 5.823781 5.800717 5.82087 5.850345 5.852813 5.837215 5.834358 5.85977 5.972359 6.129385 6.327214 6.598702 6.888661 7.18844 7.470322 7.737898 7.981361 8.200371 8.367632 8.46926 8.570158 8.704485 8.835789 8.901378 8.899826 8.838423 8.768855 8.705424 8.645919 8.601192 8.571353 8.544325 8.499809 8.430209 8.271827 7.950404 7.517984 7.045578 6.602335 6.205413 5.862956 5.609201 5.398921 5.17025 4.930828 4.721522 4.519303
6.235694 6.308785 6.374706 6.411477 6.391027 6.335952 6.271263 6.196888 6.114453 6.022714 5.928403 5.8353 5.740563 5.659819 5.597732 5.55144 5.519828 5.559355 5.607379 5.640255 5.653934 5.689764 5.748191 5.897707 6.108613 6.350107 6.631887 6.94151 7.267348 7.562441 7.843513 8.10176 8.336773 8.490314 8.578805 8.676455 8.798498 8.903863 8.939445 8.890202 8.772654 8.654666 8.553665 8.460343 8.380761 8.333658 8.318746 8.296531 8.262275 8.14301 7.915184 7.598728 7.231792 6.861893 6.505483 6.195753 5.955394 5.768853 5.573083 5.338732 5.11881 4.903543
6.171643 6.219391 6.27817 6.29389 6.232634 6.144855 6.055438 5.974033 5.887792 5.798758 5.702749 5.599567 5.487933 5.395503 5.353881 5.341006 5.331804 5.364125 5.418156 5.452487 5.491567 5.567916 5.660892 5.847891 6.116808 6.40521 6.711859 7.042447 7.374439 7.669046 7.951743 8.214561 8.450215 8.587277 8.664328 8.752287 8.857626 8.937568 8.941851 8.855029 8.667571 8.487744 8.363028 8.252671 8.151237 8.082419 8.057961 8.049733 8.036325 7.964357 7.814576 7.609425 7.339787 7.023921 6.716712 6.456412 6.258523 6.101079 5.941322 5.727413 5.512681 5.296931
6.034499 6.061572 6.097896 6.097553 6.022173 5.921431 5.826721 5.751918 5.676648 5.602376 5.528054 5.439026 5.332521 5.243639 5.220832 5.251025 5.268961 5.301013 5.358152 5.397971 5.454687 5.583673 5.7026 5.934209 6.245914 6.550004 6.860765 7.199346 7.512111 7.784669 8.053312 8.294338 8.503502 8.623981 8.689904 8.764218 8.841327 8.88717 8.868355 8.737638 8.526946 8.333457 8.184103 8.034752 7.892757 7.801063 7.769089 7.762524 7.753902 7.733764 7.658796 7.529174 7.321556 7.045042 6.781659 6.583019 6.447564 6.339235 6.22581 6.061409 5.878027 5.675001
5.804215 5.827501 5.839831 5.811039 5.741722 5.653082 5.5649 5.500464 5.451962 5.415641 5.376565 5.324127 5.269929 5.231282 5.242611 5.28365 5.309731 5.364813 5.441081 5.49705 5.606842 5.786692 5.974797 6.236902 6.530209 6.814256 7.097052 7.402933 7.675387 7.909616 8.147573 8.34499 8.50711 8.605318 8.664921 8.72775 8.772942 8.779461 8.729764 8.582934 8.372537 8.154585 7.956369 7.768257 7.583996 7.478708 7.447591 7.459671 7.47458 7.477731 7.438946 7.350833 7.183468 6.946626 6.726263 6.581457 6.505062 6.445261 6.382383 6.301955 6.18585 6.027054
5.531107 5.556017 5.561471 5.534375 5.462017 5.375485 5.292628 5.246959 5.22823 5.238708 5.252368 5.258185 5.260458 5.271716 5.325852 5.381731 5.420485 5.498177 5.597683 5.711092 5.898705 6.118758 6.36559 6.625059 6.878943 7.133587 7.384426 7.635881 7.845312 8.040642 8.240028 8.393555 8.508185 8.573726 8.614135 8.660935 8.674282 8.654107 8.581083 8.42332 8.19049 7.943514 7.690225 7.452634 7.237944 7.110831 7.08171 7.126604 7.173478 7.201243 7.196006 7.146042 7.008513 6.80054 6.609822 6.49844 6.458753 6.452183 6.452919 6.458276 6.421075 6.3273
5.284256 5.298084 5.326301 5.318186 5.260403 5.166714 5.062569 5.028321 5.065708 5.108744 5.160235 5.225473 5.272524 5.329944 5.426107 5.512408 5.594378 5.703844 5.828942 6.00346 6.223996 6.482401 6.734296 6.965534 7.197746 7.41599 7.638316 7.843198 7.999 8.156862 8.314609 8.428396 8.499916 8.524172 8.53477 8.554122 8.541151 8.507169 8.425828 8.267837 8.027183 7.735514 7.437755 7.147551 6.883219 6.740335 6.715158 6.768186 6.83783 6.902077 6.945281 6.926033 6.804652 6.622831 6.447759 6.343905 6.332181 6.369312 6.430289 6.506588 6.559177 6.549169
5.077737 5.090429 5.12956 5.148416 5.112213 5.036794 4.970274 4.956575 5.026661 5.088335 5.157157 5.260702 5.345507 5.44324 5.572243 5.694468 5.817535 5.953326 6.116734 6.309781 6.535895 6.787243 7.035955 7.262836 7.471339 7.667202 7.861527 8.01401 8.12762 8.244079 8.348538 8.418138 8.454408 8.449122 8.43951 8.431724 8.412486 8.378284 8.30209 8.14477 7.889538 7.586757 7.255684 6.900697 6.589439 6.406775 6.363715 6.424202 6.522788 6.621979 6.69203 6.697664 6.601264 6.424009 6.26589 6.163572 6.161102 6.223397 6.325799 6.45017 6.567145 6.635663
4.889638 4.922062 4.969103 5.010635 5.002889 4.980051 4.962562 4.979756 5.074817 5.153194 5.248968 5.366651 5.486691 5.626922 5.775156 5.916553 6.061635 6.234426 6.421743 6.618081 6.830693 7.069115 7.310755 7.526134 7.711622 7.901571 8.060724 8.158 8.235635 8.307183 8.355529 8.374523 8.375331 8.343888 8.315535 8.289361 8.266308 8.241468 8.176533 8.040032 7.79366 7.479673 7.117438 6.720094 6.354038 6.112337 6.039294 6.097036 6.208083 6.325887 6.412127 6.451875 6.395057 6.227818 6.070008 5.969391 5.961349 6.022326 6.141632 6.30119 6.461672 6.593238
4.749478 4.798289 4.856924 4.910275 4.940558 4.96215 4.978364 5.037998 5.156955 5.266868 5.393089 5.525853 5.667484 5.827838 5.990892 6.150794 6.315538 6.504255 6.704954 6.897656 7.106606 7.338435 7.572713 7.74966 7.90762 8.084605 8.210144 8.274794 8.324431 8.351417 8.339815 8.306069 8.259097 8.199019 8.151714 8.111425 8.091104 8.084694 8.050229 7.94868 7.721305 7.397903 7.014227 6.59304 6.174796 5.887166 5.769238 5.791755 5.870924 5.999497 6.123454 6.210343 6.172357 6.019091 5.858135 5.751664 5.735072 5.779236 5.906654 6.108085 6.314025 6.493514
4.712959 4.755735 4.81538 4.866265 4.922641 4.974608 5.016957 5.122975 5.260992 5.397823 5.541686 5.696363 5.855368 6.02226 6.199532 6.378855 6.549322 6.735462 6.924602 7.114152 7.324964 7.541747 7.749833 7.896241 8.033501 8.185323 8.290156 8.340766 8.374439 8.367075 8.307503 8.228941 8.138474 8.045316 7.967232 7.909369 7.896663 7.91152 7.913274 7.850882 7.669664 7.37343 6.991309 6.552067 6.112119 5.751816 5.567509 5.541491 5.585511 5.697299 5.828652 5.946194 5.924713 5.788513 5.634144 5.517656 5.479909 5.507998 5.627913 5.864886 6.13225 6.364761
4.75579 4.810662 4.869142 4.912836 4.98589 5.052872 5.116418 5.241201 5.392245 5.542362 5.694746 5.854303 6.024104 6.194297 6.364206 6.536058 6.70552 6.882722 7.052464 7.227959 7.418248 7.61633 7.800933 7.938828 8.06607 8.199255 8.301095 8.356298 8.387917 8.360939 8.264729 8.142932 8.008986 7.873882 7.763167 7.692337 7.690022 7.727448 7.764284 7.752255 7.643192 7.4019 7.044975 6.609908 6.163409 5.759414 5.491835 5.380794 5.366178 5.42598 5.523142 5.631094 5.646406 5.542481 5.403215 5.28798 5.232655 5.247288 5.348777 5.568949 5.859674 6.139616
1.70141E+38 1.70141E+38 1.70141E+38 1.70141E+38 1.70141E+38 1.70141E+38 1.70141E+38 1.70141E+38 1.70141E+38 1.70141E+38 1.70141E+38 1.70141E+38 1.70141E+38 1.70141E+38 1.70141E+38 1.70141E+38 1.70141E+38 1.70141E+38 1.70141E+38 1.70141E+38 1.70141E+38 1.70141E+38 1.70141E+38 1.70141E+38 1.70141E+38 1.70141E+38 1.70141E+38 1.70141E+38 1.70141E+38 1.70141E+38 1.70141E+38 1.70141E+38 1.70141E+38 1.70141E+38 1.70141E+38 1.70141E+38 1.70141E+38 1.70141E+38 1.70141E+38 1.70141E+38 1.70141E+38 1.70141E+38 1.70141E+38 1.70141E+38 1.70141E+38 1.70141E+38 1.70141E+38 1.70141E+38 1.70141E+38 1.70141E+38 1.70141E+38 1.70141E+38 1.70141E+38 1.70141E+38 1.70141E+38 1.70141E+38 1.70141E+38 1.70141E+38 1.70141E+38 1.70141E+38 1.70141E+38 1.70141E+38
1.70141E+38 1.70141E+38 1.70141E+38 1.70141E+38 1.70141E+38 1.70141E+38 1.70141E+38 1.70141E+38 1.70141E+38 1.70141E+38 1.70141E+38 1.70141E+38 1.70141E+38 1.70141E+38 1.70141E+38 1.70141E+38 1.70141E+38 1.70141E+38 1.70141E+38 1.70141E+38 1.70141E+38 1.70141E+38 1.70141E+38 1.70141E+38 1.70141E+38 1.70141E+38 1.70141E+38 1.70141E+38 1.70141E+38 1.70141E+38 1.70141E+38 1.70141E+38 1.70141E+38 1.70141E+38 1.70141E+38 1.70141E+38 1.70141E+38 1.70141E+38 1.70141E+38 1.70141E+38 1.70141E+38 1.70141E+38 1.70141E+38 1.70141E+38 1.70141E+38 1.70141E+38 1.70141E+38 1.70141E+38 1.70141E+38 1.70141E+38 1.70141E+38 1.70141E+38 1.70141E+38 1.70141E+38 1.70141E+38 1.70141E+38 1.70141E+38 1.70141E+38 1.70141E+38 1.70141E+38 1.70141E+38 1.70141E+38
1.70141E+38 1.70141E+38 1.70141E+38 1.70141E+38 1.70141E+38 1.70141E+38 1.70141E+38 1.70141E+38 1.70141E+38 1.70141E+38 1.70141E+38 1.70141E+38 1.70141E+38 1.70141E+38 1.70141E+38 1.70141E+38 1.70141E+38 1.70141E+38 1.70141E+38 1.70141E+38 1.70141E+38 1.70141E+38 1.70141E+38 1.70141E+38 1.70141E+38 1.70141E+38 1.70141E+38 1.70141E+38 1.70141E+38 1.70141E+38 1.70141E+38 1.70141E+38 1.70141E+38 1.70141E+38 1.70141E+38 1.70141E+38 1.70141E+38 1.70141E+38 1.70141E+38 1.70141E+38 1.70141E+38 1.70141E+38 1.70141E+38 1.70141E+38 1.70141E+38 1.70141E+38 1.70141E+38 1.70141E+38 1.70141E+38 1.70141E+38 1.70141E+38 1.70141E+38 1.70141E+38 1.70141E+38 1.70141E+38 1.70141E+38 1.70141E+38 1.70141E+38 1.70141E+38 1.70141E+38 1.70141E+38 1.70141E+38
1.70141E+38 1.70141E+38 1.70141E+38 1.70141E+38 1.70141E+38 1.70141E+38 1.70141E+38 1.70141E+38 1.70141E+38 1.70141E+38 1.70141E+38 1.70141E+38 1.70141E+38 1.70141E+38 1.70141E+38 1.70141E+38 1.70141E+38 1.70141E+38 1.70141E+38 1.70141E+38 1.70141E+38 1.70141E+38 1.70141E+38 1.70141E+38 1.70141E+38 1.70141E+38 1.70141E+38 1.70141E+38 1.70141E+38 1.70141E+38 1.70141E+38 1.70141E+38 1.70141E+38 1.70141E+38 1.70141E+38 1.70141E+38 1.70141E+38 1.70141E+38 1.70141E+38 1.70141E+38 1.70141E+38 1.70141E+38 1.70141E+38 1.70141E+38 1.70141E+38 1.70141E+38 1.70141E+38 1.70141E+38 1.70141E+38 1.70141E+38 1.70141E+38 1.70141E+38 1.70141E+38 1.70141E+38 1.70141E+38 1.70141E+38 1.70141E+38 1.70141E+38 1.70141E+38 1.70141E+38 1.70141E+38 1.70141E+38
1.70141E+38 1.70141E+38 1.70141E+38 1.70141E+38 1.70141E+38 1.70141E+38 1.70141E+38 1.70141E+38 1.70141E+38 1.70141E+38 1.70141E+38 1.70141E+38 1.70141E+38 1.70141E+38 1.70141E+38 1.70141E+38 1.70141E+38 1.70141E+38 1.70141E+38 1.70141E+38 1.70141E+38 1.70141E+38 1.70141E+38 1.70141E+38 1.70141E+38 1.70141E+38 1.70141E+38 1.70141E+38 1.70141E+38 1.70141E+38 1.70141E+38 1.70141E+38 1.70141E+38 1.70141E+38 1.70141E+38 1.70141E+38 1.70141E+38 1.70141E+38 1.70141E+38 1.70141E+38 1.70141E+38 1.70141E+38 1.70141E+38 1.70141E+38 1.70141E+38 1.70141E+38 1.70141E+38 1.70141E+38 1.70141E+38 1.70141E+38 1.70141E+38 1.70141E+38 1.70141E+38 1.70141E+38 1.70141E+38 1.70141E+38 1.70141E+38 1.70141E+38 1.70141E+38 1.70141E+38 1.70141E+38 1.70141E+38
1.70141E+38 1.70141E+38 1.70141E+38 1.70141E+38 1.70141E+38 1.70141E+38 1.70141E+38 1.70141E+38 1.70141E+38 1.70141E+38 1.70141E+38 1.70141E+38 1.70141E+38 1.70141E+38 1.70141E+38 1.70141E+38 1.70141E+38 1.70141E+38 1.70141E+38 1.70141E+38 1.70141E+38 1.70141E+38 1.70141E+38 1.70141E+38 1.70141E+38 1.70141E+38 1.70141E+38 1.70141E+38 1.70141E+38 1.70141E+38 1.70141E+38 1.70141E+38 1.70141E+38 1.70141E+38 1.70141E+38 1.70141E+38 1.70141E+38 1.70141E+38 1.70141E+38 1.70141E+38 1.70141E+38 1.70141E+38 1.70141E+38 1.70141E+38 1.70141E+38 1.70141E+38 1.70141E+38 1.70141E+38 1.70141E+38 1.70141E+38 1.70141E+38 1.70141E+38 1.70141E+38 1.70141E+38 1.70141E+38 1.70141E+38 1.70141E+38 1.70141E+38 1.70141E+38 1.70141E+38 1.70141E+38 1.70141E+38
1.70141E+38 1.70141E+38 1.70141E+38 1.70141E+38 1.70141E+38 1.70141E+38 1.70141E+38 1.70141E+38 1.70141E+38 1.70141E+38 1.70141E+38 1.70141E+38 1.70141E+38 1.70141E+38 1.70141E+38 1.70141E+38 1.70141E+38 1.70141E+38 1.70141E+38 1.70141E+38 1.70141E+38 1.70141E+38 1.70141E+38 1.70141E+38 1.70141E+38 1.70141E+38 1.70141E+38 1.70141E+38 1.70141E+38 1.70141E+38 1.70141E+38 1.70141E+38 1.70141E+38 1.70141E+38 1.70141E+38 1.70141E+38 1.70141E+38 1.70141E+38 1.70141E+38 1.70141E+38 1.70141E+38 1.70141E+38 1.70141E+38 1.70141E+38 1.70141E+38 1.70141E+38 1.70141E+38 1.70141E+38 1.70141E+38 1.70141E+38 1.70141E+38 1.70141E+38 1.70141E+38 1.70141E+38 1.70141E+38 1.70141E+38 1.70141E+38 1.70141E+38 1.70141E+38 1.70141E+38 1.70141E+38 1.70141E+38
1.70141E+38 1.70141E+38 1.70141E+38 1.70141E+38 1.70141E+38 1.70141E+38 1.70141E+38 1.70141E+38 1.70141E+38 1.70141E+38 1.70141E+38 1.70141E+38 1.70141E+38 1.70141E+38 1.70141E+38 1.70141E+38 1.70141E+38 1.70141E+38 1.70141E+38 1.70141E+38 1.70141E+38 1.70141E+38 1.70141E+38 1.70141E+38 1.70141E+38 1.70141E+38 1.70141E+38 1.70141E+38 1.70141E+38 1.70141E+38 1.70141E+38 1.70141E+38 1.70141E+38 1.70141E+38 1.70141E+38 1.70141E+38 1.70141E+38 1.70141E+38 1.70141E+38 1.70141E+38 1.70141E+38 1.70141E+38 1.70141E+38 1.70141E+38 1.70141E+38 1.70141E+38 1.70141E+38 1.70141E+38 1.70141E+38 1.70141E+38 1.70141E+38 1.70141E+38 1.70141E+38 1.70141E+38 1.70141E+38 1.70141E+38 1.70141E+38 1.70141E+38 1.70141E+38 1.70141E+38 1.70141E+38 1.70141E+38
