py_wake/examples/data/AJ_ParqueFicticio/Ridge area   Sector 9   Height 200m   Weibull-A.grd
DSAA
90  129
 262878   265103
 6504214   6507414
 .3239926   11.32763
[rows 27 to 53 of 129, columns 0 to 61 of 90]
5.589122 5.60729 5.659894 5.715561 5.771543 5.835047 5.899615 5.962446 6.028212 6.087622 6.125865 6.145053 6.158219 6.172272 6.198222 6.233654 6.27679 6.323602 6.364217 6.407874 6.495097 6.590364 6.680364 6.776531 6.866486 6.971558 7.098798 7.257586 7.437754 7.605961 7.77268 7.933739 8.106439 8.286895 8.446215 8.62144 8.812601 9.008893 9.231628 9.433454 9.579512 9.723529 9.855358 9.943808 9.949854 9.863401 9.69787 9.446526 9.132202 8.759293 8.18559 7.099636 2.695973 2.026142 1.398455 1.048397 1.149856 1.723976 1.837254 1.993372 2.124209 2.207632
5.574018 5.601449 5.658322 5.715928 5.780013 5.856933 5.934825 6.016838 6.100594 6.166886 6.205288 6.218815 6.214738 6.206818 6.205148 6.216681 6.242131 6.27522 6.309399 6.350557 6.425537 6.502449 6.575163 6.662762 6.741585 6.831522 6.954159 7.106612 7.284414 7.463211 7.631061 7.791204 7.966026 8.147473 8.317679 8.49369 8.685591 8.878706 9.102953 9.31438 9.486873 9.660439 9.820326 9.912187 9.900417 9.793279 9.611407 9.347236 9.014374 8.614533 7.940231 6.687467 2.357052 1.724986 1.248651 .9977244 1.074865 .9960148 1.807743 1.975844 2.115384 2.211166
5.564315 5.601256 5.658961 5.714116 5.782671 5.868466 5.956921 6.05559 6.159756 6.241434 6.275321 6.267606 6.250342 6.234302 6.220265 6.215982 6.222623 6.240894 6.260933 6.294832 6.357981 6.414087 6.46567 6.539594 6.607661 6.677878 6.797391 6.954368 7.136314 7.316527 7.482194 7.642713 7.809617 7.993172 8.175029 8.34974 8.540171 8.735452 8.962775 9.188718 9.391737 9.600851 9.795068 9.890445 9.862296 9.736251 9.531795 9.253689 8.906923 8.464004 7.654284 6.231335 3.732131 1.844731 1.212877 1.160891 .9989092 .9494807 1.686599 1.828758 1.952761 2.047582
5.557225 5.601211 5.658351 5.712208 5.783924 5.871027 5.962805 6.068954 6.185625 6.279946 6.301864 6.284374 6.262004 6.248426 6.238416 6.228251 6.222705 6.222976 6.226686 6.250822 6.306854 6.342086 6.375674 6.44195 6.498914 6.553741 6.67759 6.848341 7.026264 7.197816 7.362156 7.512946 7.659657 7.843472 8.033798 8.211371 8.395904 8.594985 8.830209 9.074708 9.312509 9.564681 9.788989 9.876768 9.83787 9.698346 9.466222 9.172322 8.80813 8.296868 7.341282 5.798451 4.092153 1.852033 1.212736 1.064717 .9361867 .8923548 1.567157 1.668766 1.769646 1.858303
5.535479 5.581461 5.637594 5.687928 5.761348 5.851448 5.945818 6.048236 6.156553 6.240167 6.261803 6.259094 6.251786 6.245972 6.241015 6.232896 6.219895 6.213776 6.226136 6.261404 6.303284 6.33333 6.370797 6.432858 6.485097 6.549724 6.674036 6.833451 6.987087 7.136828 7.287649 7.433755 7.58575 7.75897 7.934013 8.106343 8.28436 8.483088 8.723488 8.9846 9.251591 9.536998 9.767438 9.843997 9.803607 9.660856 9.407534 9.097793 8.716723 8.136751 7.086743 5.485949 3.891086 2.229637 1.174141 .9912795 .8766007 .8187717 1.479475 1.552347 1.628543 1.708471
5.511515 5.557474 5.6116 5.658744 5.730817 5.818289 5.908027 5.999485 6.089774 6.159013 6.18759 6.202055 6.214993 6.223841 6.224978 6.21512 6.199765 6.210196 6.25224 6.29504 6.331361 6.37204 6.419819 6.476058 6.533848 6.609433 6.72298 6.863323 6.995681 7.125719 7.267226 7.412307 7.567626 7.71872 7.868212 8.026985 8.197691 8.395455 8.636863 8.905529 9.194878 9.500257 9.72107 9.795867 9.759933 9.616267 9.363236 9.042713 8.643559 7.979261 6.842491 5.273649 3.747121 1.343429 1.078982 .913829 .792497 .6963694 .7728872 1.479325 1.537599 1.604081
5.484851 5.531147 5.582671 5.625101 5.695138 5.778649 5.861865 5.940484 6.012038 6.070425 6.110647 6.143125 6.172933 6.192701 6.19573 6.182723 6.170774 6.211988 6.282616 6.336853 6.381396 6.425848 6.476051 6.534134 6.591695 6.664155 6.773952 6.907537 7.032652 7.161684 7.290746 7.417109 7.562926 7.695652 7.827118 7.97987 8.143725 8.336188 8.569569 8.835256 9.143722 9.461577 9.668879 9.749069 9.720971 9.577447 9.336186 9.018968 8.596831 7.851736 6.669668 5.204219 2.111507 1.401858 1.118942 .8829963 .7099122 .5378621 .358685 1.469264 1.189671 1.191863
5.457441 5.506746 5.556005 5.592873 5.66328 5.743533 5.820261 5.89258 5.955064 6.006775 6.057119 6.104757 6.147329 6.171669 6.170843 6.152399 6.159065 6.227351 6.310189 6.379641 6.428654 6.474946 6.531733 6.589134 6.644583 6.722909 6.835226 6.974643 7.124232 7.258164 7.375232 7.496146 7.623888 7.736418 7.866086 8.013461 8.156837 8.342373 8.55727 8.807015 9.120733 9.431435 9.622152 9.711213 9.697719 9.562042 9.338078 9.036391 8.641192 7.920392 6.71184 3.456122 2.410434 1.570404 1.230794 .9774495 .7567672 .551125 .3816381 .3239926 .4311444 .7576239
5.449588 5.500008 5.540363 5.567028 5.64225 5.723654 5.800938 5.873025 5.934943 5.990935 6.045452 6.097287 6.14636 6.172236 6.171268 6.160946 6.190418 6.261795 6.339665 6.406313 6.462274 6.521809 6.582963 6.646698 6.718255 6.813129 6.935607 7.095124 7.266908 7.410716 7.538012 7.66134 7.77308 7.880955 8.009314 8.135898 8.270212 8.437428 8.624377 8.843273 9.133548 9.417623 9.591724 9.690815 9.696415 9.581525 9.376763 9.0947 8.739551 8.123323 7.028361 4.588025 3.205674 2.051077 1.535286 1.169589 .8916097 .669422 .5036443 .4066789 .4358882 .653978
5.470638 5.508698 5.533085 5.545589 5.629857 5.715647 5.796583 5.869176 5.932429 5.993424 6.050671 6.108771 6.167439 6.197112 6.204346 6.217534 6.252246 6.311014 6.379359 6.437853 6.500075 6.567874 6.63357 6.717731 6.813973 6.927778 7.072394 7.251941 7.445262 7.60397 7.734369 7.852109 7.962035 8.075631 8.197439 8.317715 8.439496 8.58165 8.732866 8.920448 9.168788 9.416915 9.583006 9.694675 9.723915 9.638215 9.445589 9.166756 8.862031 8.387832 7.509228 5.670082 2.940665 2.850912 2.062857 1.513456 1.11744 .8477967 .6550697 .5466007 .6123649 .7940255
5.51721 5.52985 5.533194 5.534824 5.628345 5.717976 5.800756 5.871962 5.93576 6.000771 6.059566 6.13027 6.203894 6.24527 6.269596 6.294594 6.326387 6.377081 6.43249 6.487529 6.563116 6.631783 6.708608 6.807066 6.92452 7.060346 7.22061 7.416905 7.632421 7.799297 7.931076 8.05318 8.170484 8.287661 8.397516 8.510089 8.622822 8.731291 8.840665 8.994709 9.214439 9.441954 9.612115 9.732637 9.779439 9.723684 9.534817 9.261755 8.982208 8.617871 7.92928 6.606856 4.390111 2.193853 2.751869 1.983582 1.436225 1.071447 .8337958 .7465258 .8161068 2.057302
5.595562 5.569281 5.556748 5.560978 5.648854 5.728244 5.80788 5.87678 5.939391 6.010202 6.07824 6.170406 6.258259 6.316328 6.34441 6.369398 6.412763 6.472107 6.524696 6.593021 6.673119 6.745235 6.822738 6.927862 7.053339 7.202662 7.37509 7.575283 7.79329 7.976038 8.124054 8.253762 8.375477 8.486344 8.59292 8.693596 8.784019 8.865772 8.956409 9.097454 9.29618 9.51302 9.686698 9.800965 9.85428 9.806704 9.627096 9.368339 9.09488 8.790895 8.26882 7.276911 5.438864 3.266438 1.480719 2.44113 1.761049 1.298544 1.036183 .9757311 2.001836 2.02382
5.684781 5.642526 5.614222 5.631792 5.705572 5.769061 5.83246 5.891261 5.957622 6.029881 6.108134 6.215961 6.316366 6.386949 6.430067 6.471397 6.533092 6.598386 6.677044 6.75328 6.824339 6.89042 6.967882 7.083823 7.20978 7.361295 7.535232 7.726723 7.937952 8.133078 8.295069 8.43781 8.572702 8.678286 8.777664 8.867788 8.951574 9.022515 9.100785 9.227846 9.407595 9.608506 9.767052 9.866508 9.915303 9.866406 9.703423 9.474931 9.215472 8.923122 8.517067 7.768301 6.173955 4.032646 2.211192 1.718252 1.964691 1.493453 1.239069 1.162264 1.971284 1.983715
5.792279 5.752411 5.716541 5.73064 5.772553 5.819594 5.88103 5.934599 5.989049 6.057791 6.15242 6.274696 6.385208 6.465135 6.533753 6.61119 6.682361 6.765075 6.86456 6.94314 7.00395 7.056695 7.135884 7.255598 7.385993 7.542088 7.70651 7.886723 8.094625 8.292281 8.462066 8.614491 8.754358 8.853859 8.942653 9.028763 9.101296 9.164536 9.236294 9.350691 9.507851 9.68751 9.834334 9.927623 9.976794 9.933717 9.787992 9.571823 9.317806 9.031853 8.697734 8.142836 6.755155 4.640576 2.861304 1.764328 1.861064 1.592658 1.388878 1.318964 1.940071 1.944859
5.934426 5.898497 5.851726 5.831448 5.838958 5.868056 5.926988 5.981036 6.045622 6.120567 6.216023 6.340427 6.460202 6.562173 6.658299 6.755788 6.850358 6.944625 7.052687 7.130806 7.185162 7.24595 7.329354 7.451414 7.578279 7.728552 7.879532 8.057241 8.248201 8.450735 8.608129 8.765514 8.895771 8.979786 9.062276 9.162467 9.236973 9.281059 9.339771 9.44114 9.587416 9.771192 9.91472 9.99432 10.03188 9.994628 9.865195 9.650034 9.39732 9.125222 8.818538 8.34534 7.188277 5.22961 3.506001 2.31019 1.893333 1.606696 1.443029 1.298175 1.555821 1.734432
6.092924 6.048736 5.976811 5.914838 5.897444 5.919061 5.977608 6.030655 6.102071 6.186049 6.301548 6.436227 6.555195 6.664194 6.776543 6.892002 7.001451 7.109226 7.213283 7.299398 7.376063 7.438568 7.52107 7.632122 7.750714 7.88178 8.016619 8.179366 8.370464 8.562933 8.702274 8.856493 8.958375 9.038147 9.131958 9.231319 9.291518 9.328795 9.392242 9.497721 9.655463 9.820578 9.942978 10.01595 10.05742 10.0296 9.910605 9.716523 9.46556 9.18873 8.866426 8.413731 7.429818 5.714175 4.123832 3.10387 2.34925 1.898316 1.643625 1.526847 1.564694 1.77216
6.235892 6.177975 6.094197 6.010102 5.965964 5.981106 6.030636 6.07454 6.151202 6.246822 6.378601 6.527678 6.662381 6.791072 6.912312 7.030759 7.139121 7.248172 7.359948 7.46571 7.54883 7.61181 7.689425 7.78098 7.882379 7.993362 8.10316 8.246434 8.434614 8.606853 8.735695 8.872467 8.958738 9.046616 9.14759 9.230846 9.290061 9.347187 9.428835 9.54319 9.68162 9.822671 9.948882 10.03216 10.07891 10.05597 9.940853 9.753518 9.513451 9.2274 8.87851 8.41484 7.513012 6.00499 4.595619 3.762988 3.020773 2.417273 2.050702 1.902797 1.957462 2.198022
6.399445 6.324879 6.232433 6.136193 6.075641 6.056911 6.072448 6.100673 6.183822 6.293522 6.435585 6.593294 6.744593 6.892317 7.0337 7.168088 7.278237 7.387103 7.508017 7.629169 7.71282 7.782375 7.855917 7.919529 7.989689 8.069889 8.152541 8.279196 8.459316 8.617191 8.730174 8.846211 8.925216 9.016503 9.116449 9.192112 9.26003 9.344103 9.445772 9.553729 9.675106 9.814878 9.954522 10.05014 10.10291 10.08045 9.963139 9.776411 9.543311 9.256589 8.901506 8.387491 7.532537 6.190961 4.913828 4.183224 3.642339 2.954632 2.562821 2.422394 2.549652 2.812203
6.586031 6.499185 6.405068 6.30221 6.214211 6.136228 6.104929 6.116689 6.204155 6.324398 6.47716 6.646226 6.806868 6.965219 7.118979 7.262989 7.371478 7.475066 7.599543 7.722949 7.806032 7.88053 7.951411 7.997587 8.047604 8.099912 8.163214 8.27611 8.441274 8.58379 8.673059 8.770152 8.849613 8.94238 9.043212 9.120204 9.19598 9.299751 9.418084 9.527811 9.653269 9.806335 9.968665 10.07219 10.11958 10.09449 9.977216 9.790736 9.558581 9.28317 8.927405 8.387706 7.525147 6.281696 5.061615 4.318009 3.955107 3.334754 3.008877 2.937517 3.096869 3.274579
6.766804 6.649899 6.54213 6.425425 6.30287 6.182862 6.111573 6.113367 6.20927 6.336191 6.487663 6.655107 6.813432 6.97212 7.13367 7.278995 7.385681 7.487661 7.604747 7.712158 7.788513 7.859445 7.914427 7.946418 7.981949 8.030748 8.091884 8.183796 8.324848 8.456816 8.544722 8.636023 8.725079 8.820056 8.92364 9.008142 9.089355 9.205632 9.337056 9.45784 9.599778 9.773574 9.950549 10.05188 10.09765 10.07752 9.978176 9.805937 9.576139 9.30625 8.959298 8.445265 7.527721 6.317554 5.096848 4.251026 3.834677 3.440788 3.139986 3.133842 3.339371 3.413158
6.928864 6.79327 6.672328 6.538294 6.381258 6.230268 6.126053 6.109056 6.199352 6.316869 6.457425 6.615743 6.761833 6.922322 7.078509 7.209632 7.311791 7.407034 7.511074 7.606391 7.674645 7.733472 7.770511 7.791804 7.821368 7.865879 7.928531 8.012183 8.130605 8.254654 8.356193 8.452092 8.557114 8.659208 8.76158 8.85695 8.949177 9.073425 9.220273 9.35777 9.516052 9.707729 9.893468 10.00306 10.06484 10.05363 9.972479 9.829521 9.612218 9.339766 8.99746 8.506059 7.617562 6.396872 5.132751 4.155918 3.588533 3.315127 3.084011 3.179333 3.314983 3.461457
7.085606 6.957566 6.825745 6.684007 6.502313 6.331366 6.203002 6.144986 6.176959 6.263235 6.392253 6.548413 6.684253 6.834856 6.990031 7.114656 7.202536 7.287228 7.376874 7.453909 7.508451 7.551902 7.579169 7.595293 7.612866 7.656522 7.731251 7.816484 7.918057 8.028144 8.136871 8.24791 8.360907 8.47459 8.581044 8.686153 8.795499 8.928376 9.092467 9.255763 9.427191 9.633596 9.828702 9.950544 10.03113 10.03952 9.974872 9.856981 9.665242 9.386461 9.038026 8.557321 7.743894 6.50975 5.183079 4.076777 3.354836 3.025934 2.965779 3.067684 3.315792 3.59853
7.240335 7.123259 6.973355 6.823669 6.64146 6.460268 6.305219 6.187389 6.13513 6.176427 6.2985 6.456445 6.588863 6.732656 6.887993 6.993663 7.075931 7.145871 7.213655 7.277143 7.323987 7.353391 7.372117 7.388378 7.407366 7.449179 7.523327 7.608292 7.698902 7.803354 7.911977 8.027206 8.147797 8.276132 8.393753 8.502316 8.626229 8.776739 8.959441 9.150816 9.333237 9.553981 9.761748 9.899721 10.00273 10.0398 9.995737 9.882612 9.713471 9.437675 9.077598 8.591833 7.821606 6.628279 5.228149 4.018898 3.260372 2.910149 2.854974 3.035184 3.436344 3.884135
7.384188 7.278265 7.127415 6.964998 6.781812 6.573038 6.374515 6.191711 6.073793 6.080371 6.201326 6.359466 6.505607 6.65464 6.792092 6.87256 6.940274 6.99078 7.032684 7.079031 7.119838 7.145555 7.162593 7.19033 7.226003 7.264842 7.332155 7.41456 7.501445 7.596044 7.689944 7.802013 7.935167 8.076596 8.199821 8.309348 8.444787 8.619523 8.819404 9.038052 9.235018 9.47 9.695683 9.85615 9.987416 10.05849 10.03475 9.916517 9.742514 9.481305 9.115885 8.624053 7.873181 6.755758 5.327823 4.052365 3.301925 2.925501 2.891567 3.222816 3.803274 4.426417
7.520183 7.434452 7.294038 7.112049 6.924634 6.705896 6.483514 6.252292 6.070778 6.010149 6.101557 6.272898 6.452305 6.589106 6.67916 6.725509 6.766174 6.811726 6.834686 6.862808 6.902899 6.936907 6.968327 7.00596 7.062439 7.110381 7.165821 7.250365 7.315318 7.383215 7.48054 7.591551 7.738595 7.888372 8.00575 8.110724 8.268242 8.45987 8.675468 8.912555 9.135132 9.388825 9.63655 9.823534 9.989439 10.0964 10.08463 9.953537 9.765159 9.517727 9.163814 8.670754 7.931589 6.889194 5.538877 4.230586 3.468875 3.144009 3.218591 3.669733 4.351901 5.062608
7.642539 7.574972 7.447606 7.270093 7.059239 6.836316 6.583158 6.326344 6.09194 5.931076 5.97649 6.185862 6.392114 6.497785 6.525665 6.516914 6.533967 6.59169 6.614824 6.63321 6.683369 6.739613 6.792996 6.850015 6.917627 6.966607 7.013149 7.08731 7.13617 7.185508 7.289638 7.402753 7.557768 7.718881 7.842469 7.957836 8.125972 8.3211 8.540116 8.787623 9.042823 9.321411 9.591171 9.808191 10.01423 10.15229 10.14094 9.996166 9.796438 9.550439 9.216319 8.736824 8.027856 7.032053 5.766147 4.576662 3.820162 3.519754 3.625335 4.167118 4.959538 5.742283
7.752392 7.688533 7.569149 7.396662 7.173904 6.950297 6.686444 6.435878 6.178338 5.958612 5.979927 6.180364 6.360074 6.407525 6.372369 6.29385 6.290459 6.356217 6.384239 6.409902 6.485915 6.57444 6.65981 6.744659 6.815505 6.866637 6.911155 6.991228 7.031139 7.069053 7.181373 7.300415 7.461332 7.633859 7.77237 7.902544 8.061285 8.23802 8.452014 8.713953 8.995727 9.294833 9.579702 9.823749 10.06621 10.21451 10.19452 10.04513 9.83627 9.585585 9.274714 8.847023 8.207757 7.294395 6.090479 4.968637 4.354512 4.121418 4.22808 4.791048 5.581386 6.355235
