py_wake/examples/data/AJ_ParqueFicticio/Ridge area   Sector 5   Height 30m   Weibull-A.grd
DSAA
90  129
 262878   265103
 6504214   6507414
 1.616104   11.02586
[rows 54 to 80 of 129, columns 0 to 61 of 90]
7.169256 6.859791 6.446044 5.904212 5.328493 4.748869 4.225691 3.791424 3.411577 3.122149 2.969941 2.889671 2.789683 2.595553 2.338855 2.071201 1.852448 1.725122 1.643619 1.628383 1.724857 1.896033 2.124068 2.389133 2.665114 2.880117 3.081916 3.393686 3.672132 3.973584 4.436902 4.942696 5.481326 6.072178 6.603664 7.117528 7.628545 8.085571 8.509963 8.913008 9.301703 9.689253 10.03942 10.35386 10.62225 10.77705 10.75729 10.59357 10.32898 9.949654 9.524289 9.013968 8.476138 7.973939 7.473263 7.07087 6.831841 6.704976 6.688664 6.821562 7.098111 7.395968
7.29384 7.058119 6.718126 6.240178 5.642557 5.063417 4.561294 4.140951 3.795466 3.549353 3.42601 3.370397 3.257448 3.021558 2.725895 2.422818 2.16423 1.968128 1.840396 1.802162 1.867845 2.029409 2.252527 2.529538 2.865318 3.185588 3.514552 3.860278 4.220843 4.612377 5.03251 5.518857 5.976467 6.384835 6.765808 7.168334 7.62718 8.045266 8.430634 8.808801 9.188418 9.573171 9.922903 10.24888 10.51972 10.68292 10.70654 10.59259 10.38922 10.03952 9.606841 9.119022 8.603525 8.128461 7.678414 7.284017 7.056633 6.952024 6.939334 7.040724 7.221146 7.398038
7.390793 7.23124 6.969066 6.546223 5.967777 5.406766 4.902654 4.488324 4.167937 3.948665 3.854398 3.837487 3.758052 3.498699 3.174189 2.836634 2.544705 2.302994 2.119362 2.028873 2.085121 2.241441 2.453037 2.760494 3.156584 3.564572 3.963088 4.356674 4.742956 5.146821 5.576732 6.020646 6.425896 6.749399 7.05835 7.392964 7.741982 8.086142 8.413778 8.767471 9.140837 9.508466 9.846955 10.17034 10.43275 10.59126 10.64458 10.56258 10.39888 10.12566 9.716482 9.241014 8.747603 8.288205 7.857648 7.481284 7.259945 7.162659 7.137711 7.189143 7.288486 7.393813
7.472633 7.367093 7.162216 6.797937 6.304442 5.753738 5.256197 4.869053 4.57767 4.374064 4.264394 4.268737 4.239261 4.042989 3.717623 3.35365 3.003632 2.717208 2.478981 2.355116 2.406688 2.560419 2.758461 3.060836 3.479593 3.935887 4.371644 4.793082 5.183807 5.60788 6.033568 6.441401 6.795207 7.107453 7.413793 7.697414 7.971501 8.231224 8.500884 8.813204 9.16601 9.509789 9.828531 10.13125 10.36309 10.51867 10.58814 10.53299 10.39204 10.17612 9.850973 9.416024 8.945391 8.496666 8.088437 7.728011 7.473006 7.347921 7.290783 7.300354 7.347993 7.388096
7.495877 7.455873 7.297223 6.973033 6.548946 6.068764 5.617463 5.221787 4.928427 4.748271 4.671843 4.66809 4.651226 4.500826 4.21557 3.892739 3.560294 3.265455 2.978356 2.827796 2.855054 2.976199 3.158391 3.446754 3.846012 4.296847 4.736193 5.143424 5.553592 5.982919 6.401482 6.800612 7.142487 7.446617 7.724869 7.986827 8.227654 8.457743 8.700791 8.967146 9.263343 9.568043 9.866391 10.12523 10.33562 10.48401 10.56041 10.52771 10.41061 10.21633 9.961202 9.608398 9.179509 8.758908 8.366879 8.025114 7.73657 7.548888 7.444202 7.388154 7.358042 7.321214
7.489853 7.505219 7.40477 7.14546 6.773452 6.344374 5.933875 5.570446 5.285517 5.098418 5.026541 5.027133 5.019042 4.905303 4.66292 4.382247 4.085814 3.78776 3.52585 3.370736 3.367618 3.435151 3.603071 3.890744 4.261023 4.66339 5.068967 5.456828 5.841304 6.253703 6.686273 7.093184 7.447153 7.740094 7.999878 8.244247 8.461167 8.677301 8.902804 9.143609 9.396031 9.663821 9.918809 10.14436 10.3559 10.50005 10.58178 10.57307 10.47714 10.29356 10.05524 9.772158 9.411334 9.011761 8.631021 8.285578 8.002239 7.770685 7.582265 7.438916 7.312248 7.201679
7.477919 7.534268 7.498721 7.311177 6.995032 6.621045 6.253973 5.928058 5.652931 5.443396 5.355703 5.358933 5.368856 5.290953 5.110981 4.903718 4.656348 4.377345 4.113913 3.918797 3.907821 3.963515 4.085416 4.349022 4.682816 5.027105 5.384987 5.732166 6.095153 6.476632 6.88336 7.308113 7.681314 7.963867 8.205896 8.437861 8.638776 8.838892 9.0549 9.269383 9.505185 9.742821 9.95603 10.16817 10.38728 10.53449 10.61303 10.63199 10.57998 10.4103 10.16407 9.897997 9.598805 9.240424 8.866814 8.513993 8.211256 7.948532 7.695078 7.449767 7.228234 7.053332
7.478792 7.555019 7.557062 7.429236 7.167423 6.853626 6.543931 6.25581 5.998665 5.789309 5.684846 5.655023 5.669998 5.659425 5.56065 5.399401 5.202034 4.966531 4.730442 4.551176 4.497895 4.523541 4.605535 4.816616 5.104664 5.395707 5.682567 5.987012 6.329631 6.67546 7.047884 7.4397 7.805248 8.075304 8.316097 8.532832 8.724085 8.928959 9.135036 9.343308 9.57434 9.7872 9.977118 10.17936 10.39463 10.52651 10.58337 10.61907 10.62183 10.52297 10.28912 10.01734 9.739486 9.427114 9.066717 8.690233 8.332995 8.028296 7.728707 7.417245 7.106427 6.859946
7.484973 7.577324 7.612744 7.546824 7.344113 7.081728 6.804979 6.536902 6.291892 6.086154 5.970779 5.943091 5.949525 5.937167 5.895429 5.780282 5.652743 5.495716 5.348345 5.220209 5.126735 5.14506 5.206907 5.361763 5.568409 5.805099 6.034053 6.262996 6.537286 6.857563 7.173316 7.518846 7.828557 8.101695 8.343665 8.54711 8.750998 8.959737 9.160939 9.375349 9.601959 9.804716 9.997739 10.20088 10.39847 10.50147 10.534 10.56548 10.59146 10.57379 10.41565 10.15254 9.865717 9.571334 9.234948 8.837953 8.425682 8.057496 7.718893 7.360155 6.957892 6.603693
7.443864 7.558361 7.637476 7.602473 7.44627 7.237944 7.011213 6.784356 6.569712 6.37826 6.233145 6.142928 6.117148 6.128867 6.147213 6.107033 6.031591 5.951751 5.870011 5.804893 5.756587 5.74423 5.809238 5.911967 6.075007 6.224027 6.356323 6.524415 6.759866 7.009885 7.287435 7.577559 7.838323 8.101142 8.338664 8.535127 8.73861 8.94595 9.150804 9.370317 9.592566 9.795089 9.996685 10.21441 10.41112 10.48835 10.50458 10.52272 10.54457 10.56346 10.50273 10.28902 9.995936 9.702996 9.390977 8.994642 8.533799 8.113298 7.726829 7.318479 6.84056 6.387156
7.32636 7.469575 7.596941 7.569696 7.428468 7.243531 7.039504 6.834978 6.642107 6.469762 6.331354 6.23829 6.206571 6.233506 6.29936 6.317849 6.254138 6.200124 6.195702 6.253961 6.239638 6.19635 6.215917 6.33608 6.479847 6.531678 6.599257 6.751629 6.936635 7.131225 7.375394 7.616545 7.84762 8.092838 8.313431 8.51027 8.704234 8.9009 9.099005 9.316153 9.544342 9.748763 9.950893 10.17564 10.39883 10.48748 10.49363 10.49657 10.50508 10.5245 10.52448 10.39241 10.11404 9.8172 9.524487 9.159517 8.662873 8.206427 7.774733 7.330373 6.806575 6.303318
7.1296 7.286778 7.451734 7.469659 7.361576 7.213334 7.03512 6.840764 6.650287 6.482989 6.340484 6.22825 6.170855 6.189004 6.268275 6.315998 6.31175 6.30088 6.331663 6.426479 6.450135 6.424177 6.444815 6.565989 6.666996 6.711101 6.770479 6.900242 7.040073 7.205122 7.410588 7.616161 7.822665 8.041349 8.24931 8.441839 8.615696 8.79024 8.980141 9.198188 9.436088 9.653416 9.859079 10.08145 10.3334 10.4784 10.50033 10.49047 10.48288 10.48914 10.50427 10.43753 10.1962 9.90215 9.623519 9.302291 8.789224 8.315316 7.859999 7.403292 6.873643 6.359709
6.899344 7.055151 7.221372 7.317661 7.24767 7.120765 6.959332 6.763701 6.555869 6.366727 6.202848 6.066735 5.986925 5.994451 6.089116 6.185721 6.212595 6.235952 6.281953 6.367406 6.420176 6.455852 6.500345 6.586545 6.680638 6.763542 6.855937 6.973243 7.098443 7.243577 7.425201 7.607352 7.787728 7.97852 8.17472 8.349959 8.48977 8.630794 8.81179 9.029848 9.269069 9.516344 9.744255 9.966296 10.21641 10.4332 10.50802 10.49822 10.47705 10.46698 10.47567 10.43732 10.22658 9.947183 9.685547 9.407442 8.91403 8.43982 7.976159 7.516711 7.002583 6.490042
6.650414 6.795086 6.939413 7.056496 7.079546 6.998998 6.855817 6.653492 6.414384 6.188364 5.993216 5.829794 5.733523 5.740108 5.843131 6.003289 6.066532 6.0885 6.129975 6.22592 6.310077 6.350844 6.402138 6.493835 6.592698 6.675864 6.779898 6.919608 7.035952 7.18349 7.394252 7.581066 7.726351 7.883054 8.080713 8.243026 8.346986 8.45308 8.613703 8.829047 9.074836 9.343575 9.608472 9.844994 10.08701 10.33715 10.4872 10.50836 10.48035 10.4568 10.45609 10.4257 10.23287 9.969042 9.726471 9.485337 9.032315 8.576835 8.118189 7.65995 7.162523 6.664895
6.387685 6.524251 6.645569 6.73351 6.76574 6.744953 6.6394 6.432729 6.163601 5.901767 5.683463 5.510373 5.414111 5.432744 5.534625 5.703421 5.846515 5.897142 5.93443 6.024055 6.136191 6.188123 6.233891 6.323945 6.427547 6.506259 6.600846 6.7262 6.847707 7.012101 7.234615 7.45261 7.591584 7.714224 7.885065 8.042474 8.143764 8.233109 8.374224 8.588799 8.858155 9.141965 9.443833 9.721423 9.958426 10.20324 10.41374 10.50158 10.48204 10.45024 10.44143 10.41317 10.23098 9.975002 9.745677 9.521627 9.106083 8.671608 8.239648 7.801967 7.328024 6.850244
6.13253 6.243886 6.345357 6.387135 6.378994 6.34245 6.248175 6.061814 5.813956 5.558299 5.336391 5.161193 5.065513 5.068167 5.158577 5.316751 5.487523 5.597372 5.678737 5.758505 5.85709 5.947471 6.003797 6.074406 6.171679 6.281954 6.368748 6.443616 6.565398 6.744072 6.944398 7.161725 7.318939 7.417486 7.519501 7.652108 7.77178 7.892026 8.064924 8.299683 8.597588 8.908146 9.236822 9.575648 9.828523 10.05533 10.28483 10.4487 10.47385 10.43959 10.4279 10.39852 10.22185 9.964417 9.733699 9.489629 9.095264 8.669408 8.26714 7.866446 7.443932 7.019893
5.867897 5.967463 6.053771 6.061427 6.008905 5.94117 5.832613 5.658323 5.430577 5.189262 4.977792 4.806498 4.69642 4.685018 4.768161 4.913402 5.068917 5.195679 5.318019 5.430045 5.519507 5.621732 5.714593 5.789083 5.885259 5.985115 6.080416 6.134711 6.239584 6.373831 6.560292 6.751863 6.889942 6.957769 7.030691 7.113379 7.210192 7.356921 7.594004 7.946801 8.298456 8.643606 9.006511 9.386752 9.698593 9.90724 10.12651 10.33215 10.4242 10.40995 10.39984 10.37621 10.21431 9.96046 9.723384 9.446297 9.072621 8.665123 8.278487 7.896668 7.519795 7.148757
5.58696 5.685485 5.772591 5.772964 5.681668 5.567686 5.433672 5.261097 5.040123 4.80765 4.613009 4.441884 4.319187 4.321208 4.406009 4.54072 4.663212 4.787288 4.913415 5.034784 5.153925 5.272374 5.370069 5.461107 5.565722 5.655708 5.727071 5.781823 5.870881 5.985518 6.141969 6.294749 6.408613 6.482175 6.549408 6.613346 6.706581 6.802683 6.995068 7.469461 7.993079 8.384598 8.768594 9.174391 9.552175 9.767439 9.968122 10.17608 10.32333 10.35141 10.34624 10.32277 10.18508 9.954157 9.716885 9.420047 9.063467 8.675353 8.301741 7.938132 7.585336 7.252005
5.294529 5.366062 5.447063 5.445732 5.330304 5.184279 5.032544 4.866047 4.664722 4.45381 4.26966 4.111401 3.995507 3.98297 4.063518 4.175457 4.285737 4.399496 4.514488 4.627293 4.752065 4.897646 5.01187 5.095804 5.191358 5.282781 5.36184 5.419021 5.490119 5.569431 5.689332 5.842772 5.968143 6.057116 6.118149 6.215497 6.389688 6.506891 6.639923 7.089441 7.724173 8.186777 8.583233 8.993797 9.401965 9.643831 9.822688 10.00747 10.16305 10.21994 10.21584 10.19309 10.09166 9.910251 9.685135 9.400296 9.069274 8.699816 8.338964 7.988845 7.651475 7.33725
4.925572 4.978964 5.036813 5.03178 4.929069 4.800799 4.665571 4.516778 4.3438 4.170267 4.015337 3.874476 3.75857 3.720478 3.754841 3.841779 3.928858 4.039239 4.137731 4.245743 4.372182 4.499852 4.618812 4.708902 4.784951 4.862744 4.939981 4.993412 5.051457 5.116241 5.228622 5.370436 5.567044 5.739119 5.846212 6.003768 6.24121 6.433476 6.651252 7.031442 7.621017 8.091709 8.487132 8.884819 9.293903 9.552073 9.707644 9.864432 9.993783 10.04759 10.04405 10.03014 9.958691 9.822744 9.625062 9.372396 9.074575 8.734502 8.393715 8.055676 7.734839 7.434359
4.513712 4.560242 4.599547 4.585637 4.51249 4.414227 4.303984 4.190895 4.073193 3.942193 3.792207 3.654199 3.546427 3.512322 3.529135 3.555439 3.634011 3.736916 3.831696 3.964283 4.11376 4.208007 4.271199 4.35631 4.425042 4.464395 4.47771 4.499854 4.527096 4.603659 4.727211 4.869558 5.145201 5.461432 5.691554 5.919546 6.188051 6.458253 6.739263 7.098173 7.610627 8.053781 8.451344 8.842223 9.239935 9.495761 9.629235 9.758833 9.84938 9.882 9.877018 9.869451 9.816426 9.700002 9.531537 9.324561 9.062641 8.769089 8.464477 8.15032 7.842745 7.554178
4.181373 4.201758 4.217818 4.215641 4.164198 4.078621 3.985442 3.928162 3.911593 3.847628 3.7288 3.575284 3.406762 3.334226 3.385627 3.423028 3.43514 3.526548 3.673284 3.848483 4.018821 4.096858 4.100698 4.095327 4.153416 4.214897 4.199233 4.122521 4.067551 4.178538 4.331748 4.448953 4.734999 5.201756 5.595859 5.925336 6.249445 6.556637 6.839491 7.192023 7.658766 8.072935 8.453828 8.82817 9.210089 9.459554 9.574739 9.681106 9.729108 9.729612 9.711476 9.699401 9.646177 9.529215 9.393058 9.239867 9.022189 8.778301 8.528563 8.261347 7.974202 7.703081
3.957658 3.990325 4.007579 4.01123 3.975927 3.908521 3.840058 3.833927 3.892441 3.873865 3.795486 3.665748 3.508583 3.418791 3.460627 3.488046 3.476675 3.537376 3.698314 3.894638 4.041677 4.096046 4.084614 4.047989 4.072789 4.133543 4.12253 4.052149 3.983117 4.07004 4.246043 4.384092 4.654075 5.167344 5.646129 6.060368 6.427056 6.753799 7.031964 7.381019 7.794882 8.168814 8.520752 8.862917 9.214302 9.445473 9.542344 9.62215 9.625193 9.588293 9.542299 9.494879 9.410906 9.298695 9.189624 9.078174 8.925885 8.747988 8.564455 8.357598 8.107409 7.867678
3.788421 3.847696 3.894276 3.921854 3.916181 3.900985 3.902029 3.951469 4.021105 4.031844 3.993786 3.897217 3.821947 3.774767 3.761143 3.772589 3.763495 3.799755 3.885813 4.024467 4.150611 4.211884 4.225762 4.216043 4.225832 4.255179 4.257649 4.232568 4.229804 4.337592 4.488869 4.655369 4.947331 5.383956 5.840868 6.262035 6.642671 6.993645 7.308597 7.652852 8.00575 8.339869 8.647596 8.942607 9.244165 9.443139 9.526698 9.578713 9.54751 9.472086 9.353189 9.225568 9.113788 9.008018 8.910445 8.833605 8.748415 8.644039 8.529309 8.392418 8.20705 8.027268
3.695135 3.751068 3.818874 3.900696 3.94191 3.96344 4.003538 4.109563 4.203196 4.239542 4.251146 4.25766 4.224686 4.18953 4.169705 4.182956 4.199513 4.190759 4.209508 4.276294 4.367762 4.424322 4.462676 4.505034 4.537896 4.536341 4.530295 4.547559 4.610872 4.708065 4.824151 4.997571 5.288527 5.662321 6.095879 6.510263 6.891903 7.252229 7.594799 7.920314 8.226185 8.526344 8.793921 9.059794 9.302383 9.453589 9.52696 9.553946 9.501497 9.370421 9.153612 8.950763 8.805448 8.686629 8.591675 8.533915 8.50309 8.462203 8.41496 8.350893 8.24369 8.134305
3.729096 3.771959 3.84282 3.980298 4.06221 4.091577 4.150906 4.291713 4.414587 4.50548 4.5883 4.627668 4.637767 4.633179 4.649882 4.654853 4.649406 4.632338 4.632577 4.65275 4.690132 4.72047 4.772007 4.845472 4.894686 4.892028 4.891103 4.944799 5.005183 5.053734 5.141328 5.315853 5.555895 5.917872 6.360468 6.773132 7.144361 7.504264 7.847495 8.149915 8.431425 8.692698 8.928577 9.174565 9.372869 9.481367 9.546836 9.558823 9.489514 9.278457 9.009494 8.743028 8.53242 8.381124 8.276965 8.222388 8.211045 8.212574 8.22456 8.230206 8.190709 8.150708
3.915731 3.978949 4.076106 4.207885 4.29218 4.350546 4.442885 4.567327 4.713129 4.851329 4.968161 5.055113 5.114978 5.148434 5.151976 5.14908 5.131838 5.103179 5.097852 5.080936 5.091923 5.116819 5.173151 5.240102 5.293341 5.321709 5.339128 5.375643 5.406208 5.435646 5.509933 5.651748 5.85397 6.195027 6.609259 7.005262 7.364732 7.71728 8.052398 8.343771 8.611737 8.848121 9.068421 9.273195 9.424915 9.518649 9.580144 9.591363 9.494198 9.246451 8.944557 8.625028 8.344577 8.131588 7.984724 7.908669 7.899426 7.920185 7.957745 8.008105 8.026114 8.033848
