py_wake/examples/data/AJ_ParqueFicticio/Ridge area   Sector 7   Height 30m   Weibull-k.grd
DSAA
90  129
 262878   265103
 6504214   6507414
 .8027344   2.552734
[rows 27 to 53 of 129, columns 0 to 61 of 90]
2.357422 2.361328 2.361328 2.365234 2.361328 2.361328 2.357422 2.353516 2.349609 2.341797 2.337891 2.330078 2.330078 2.326172 2.330078 2.330078 2.330078 2.333984 2.333984 2.337891 2.341797 2.341797 2.345703 2.349609 2.349609 2.353516 2.357422 2.361328 2.365234 2.365234 2.365234 2.365234 2.365234 2.365234 2.365234 2.365234 2.365234 2.365234 2.365234 2.365234 2.365234 2.365234 2.365234 2.365234 2.365234 2.365234 2.365234 2.365234 2.365234 2.365234 2.365234 2.365234 2.365234 2.365234 2.365234 2.189453 1.458984 1.951172 2.041016 2.115234 2.158203 2.177734
2.357422 2.357422 2.357422 2.361328 2.361328 2.361328 2.357422 2.353516 2.349609 2.341797 2.337891 2.333984 2.330078 2.330078 2.326172 2.330078 2.330078 2.333984 2.337891 2.341797 2.345703 2.353516 2.361328 2.365234 2.365234 2.365234 2.365234 2.365234 2.365234 2.365234 2.365234 2.365234 2.365234 2.365234 2.365234 2.365234 2.365234 2.365234 2.365234 2.365234 2.365234 2.365234 2.365234 2.365234 2.365234 2.365234 2.365234 2.365234 2.365234 2.365234 2.365234 2.365234 2.365234 2.365234 2.322266 2.021484 1.474609 1.607422 2.029297 2.107422 2.150391 2.169922
2.353516 2.353516 2.353516 2.357422 2.357422 2.357422 2.353516 2.353516 2.349609 2.345703 2.337891 2.337891 2.333984 2.330078 2.326172 2.326172 2.326172 2.330078 2.333984 2.337891 2.349609 2.361328 2.365234 2.365234 2.365234 2.365234 2.365234 2.365234 2.365234 2.365234 2.365234 2.365234 2.365234 2.365234 2.365234 2.365234 2.365234 2.365234 2.365234 2.365234 2.365234 2.365234 2.365234 2.365234 2.365234 2.365234 2.365234 2.365234 2.365234 2.365234 2.365234 2.365234 2.365234 2.365234 2.232422 1.306641 1.470703 1.564453 1.986328 2.052734 2.087891 2.107422
2.349609 2.349609 2.349609 2.349609 2.353516 2.353516 2.353516 2.349609 2.345703 2.345703 2.341797 2.337891 2.337891 2.333984 2.330078 2.326172 2.326172 2.326172 2.326172 2.330078 2.337891 2.353516 2.365234 2.365234 2.365234 2.365234 2.365234 2.365234 2.365234 2.365234 2.365234 2.365234 2.365234 2.365234 2.365234 2.365234 2.365234 2.365234 2.365234 2.365234 2.365234 2.365234 2.365234 2.365234 2.365234 2.365234 2.365234 2.365234 2.365234 2.365234 2.365234 2.365234 2.365234 2.353516 2.134766 1.349609 1.458984 1.541016 1.951172 1.994141 2.013672 2.029297
2.345703 2.345703 2.345703 2.345703 2.345703 2.349609 2.345703 2.345703 2.345703 2.345703 2.341797 2.341797 2.341797 2.337891 2.333984 2.330078 2.330078 2.326172 2.322266 2.322266 2.326172 2.333984 2.345703 2.365234 2.365234 2.365234 2.365234 2.365234 2.365234 2.365234 2.365234 2.365234 2.365234 2.365234 2.365234 2.365234 2.365234 2.365234 2.365234 2.365234 2.365234 2.365234 2.365234 2.365234 2.365234 2.365234 2.365234 2.365234 2.365234 2.365234 2.365234 2.365234 2.365234 2.345703 1.341797 1.396484 1.451172 1.498047 1.955078 1.966797 1.966797 1.970703
2.341797 2.341797 2.341797 2.341797 2.341797 2.341797 2.345703 2.341797 2.341797 2.341797 2.345703 2.341797 2.341797 2.337891 2.337891 2.333984 2.330078 2.330078 2.326172 2.322266 2.318359 2.322266 2.326172 2.337891 2.353516 2.365234 2.365234 2.365234 2.365234 2.365234 2.365234 2.365234 2.365234 2.365234 2.365234 2.365234 2.365234 2.365234 2.365234 2.365234 2.365234 2.365234 2.365234 2.365234 2.365234 2.365234 2.365234 2.365234 2.365234 2.365234 2.365234 2.365234 2.369141 1.662109 1.416016 1.447266 1.462891 1.486328 1.490234 1.916016 1.927734 1.935547
2.337891 2.337891 2.337891 2.337891 2.337891 2.341797 2.341797 2.341797 2.341797 2.341797 2.345703 2.345703 2.341797 2.341797 2.337891 2.337891 2.333984 2.330078 2.326172 2.322266 2.318359 2.314453 2.314453 2.318359 2.326172 2.341797 2.365234 2.365234 2.365234 2.365234 2.365234 2.365234 2.365234 2.365234 2.365234 2.365234 2.365234 2.365234 2.365234 2.365234 2.365234 2.365234 2.365234 2.365234 2.365234 2.365234 2.365234 2.365234 2.365234 2.365234 2.365234 2.365234 1.416016 1.603516 1.478516 1.501953 1.486328 1.486328 1.478516 1.830078 1.837891 1.873047
2.333984 2.333984 2.333984 2.333984 2.337891 2.337891 2.337891 2.337891 2.341797 2.341797 2.341797 2.341797 2.341797 2.341797 2.337891 2.337891 2.333984 2.330078 2.326172 2.322266 2.318359 2.314453 2.314453 2.310547 2.310547 2.314453 2.330078 2.357422 2.365234 2.365234 2.365234 2.365234 2.365234 2.365234 2.365234 2.365234 2.365234 2.365234 2.365234 2.365234 2.365234 2.365234 2.365234 2.365234 2.365234 2.365234 2.365234 2.365234 2.365234 2.365234 2.365234 2.365234 1.353516 1.576172 1.537109 1.501953 1.517578 1.501953 1.490234 1.662109 1.748047 1.791016
2.333984 2.330078 2.330078 2.333984 2.333984 2.333984 2.337891 2.337891 2.337891 2.341797 2.341797 2.341797 2.341797 2.341797 2.341797 2.337891 2.333984 2.330078 2.326172 2.326172 2.322266 2.318359 2.314453 2.310547 2.310547 2.306641 2.310547 2.318359 2.341797 2.365234 2.365234 2.365234 2.365234 2.365234 2.365234 2.365234 2.365234 2.365234 2.365234 2.365234 2.365234 2.365234 2.365234 2.365234 2.365234 2.365234 2.365234 2.365234 2.365234 2.365234 2.365234 2.365234 2.365234 1.455078 1.548828 1.529297 1.548828 1.509766 1.490234 1.525391 1.595703 1.642578
2.330078 2.330078 2.330078 2.330078 2.330078 2.330078 2.333984 2.333984 2.337891 2.337891 2.341797 2.341797 2.341797 2.341797 2.341797 2.337891 2.333984 2.330078 2.326172 2.326172 2.322266 2.318359 2.318359 2.314453 2.310547 2.310547 2.306641 2.306641 2.314453 2.330078 2.365234 2.365234 2.365234 2.365234 2.365234 2.365234 2.365234 2.365234 2.365234 2.365234 2.365234 2.365234 2.365234 2.365234 2.365234 2.365234 2.365234 2.365234 2.365234 2.365234 2.365234 2.365234 2.365234 2.369141 1.412109 1.478516 1.513672 1.474609 1.431641 1.408203 1.451172 1.525391
2.330078 2.330078 2.330078 2.326172 2.326172 2.326172 2.330078 2.330078 2.333984 2.337891 2.341797 2.341797 2.341797 2.341797 2.341797 2.337891 2.333984 2.330078 2.326172 2.326172 2.322266 2.318359 2.318359 2.314453 2.314453 2.310547 2.310547 2.306641 2.306641 2.310547 2.322266 2.349609 2.365234 2.365234 2.365234 2.365234 2.365234 2.365234 2.365234 2.365234 2.365234 2.365234 2.365234 2.365234 2.365234 2.365234 2.365234 2.365234 2.365234 2.365234 2.365234 2.365234 2.365234 2.365234 2.384766 1.376953 1.427734 1.431641 1.392578 1.361328 1.384766 2.185547
2.333984 2.333984 2.330078 2.326172 2.326172 2.326172 2.326172 2.326172 2.330078 2.333984 2.337891 2.337891 2.337891 2.337891 2.337891 2.337891 2.333984 2.330078 2.326172 2.322266 2.322266 2.318359 2.318359 2.314453 2.314453 2.314453 2.310547 2.310547 2.306641 2.306641 2.310547 2.322266 2.341797 2.365234 2.365234 2.365234 2.365234 2.365234 2.365234 2.365234 2.365234 2.365234 2.365234 2.365234 2.365234 2.365234 2.365234 2.365234 2.365234 2.365234 2.365234 2.365234 2.365234 2.365234 2.384766 1.603516 1.392578 1.396484 1.369141 1.353516 2.177734 2.158203
2.333984 2.337891 2.333984 2.330078 2.326172 2.322266 2.322266 2.322266 2.326172 2.330078 2.330078 2.333984 2.333984 2.337891 2.337891 2.333984 2.333984 2.330078 2.326172 2.322266 2.318359 2.318359 2.318359 2.314453 2.314453 2.314453 2.310547 2.310547 2.310547 2.310547 2.310547 2.314453 2.322266 2.337891 2.365234 2.365234 2.365234 2.365234 2.365234 2.365234 2.365234 2.365234 2.365234 2.365234 2.365234 2.365234 2.365234 2.365234 2.365234 2.365234 2.365234 2.365234 2.365234 2.361328 2.388672 2.388672 1.494141 1.396484 1.361328 1.361328 2.154297 2.119141
2.341797 2.345703 2.349609 2.345703 2.337891 2.330078 2.322266 2.322266 2.322266 2.322266 2.326172 2.326172 2.330078 2.330078 2.333984 2.330078 2.330078 2.326172 2.322266 2.318359 2.318359 2.314453 2.314453 2.314453 2.314453 2.310547 2.310547 2.310547 2.310547 2.310547 2.310547 2.314453 2.318359 2.326172 2.337891 2.361328 2.365234 2.365234 2.365234 2.365234 2.365234 2.365234 2.365234 2.365234 2.365234 2.365234 2.365234 2.365234 2.365234 2.365234 2.365234 2.365234 2.365234 2.361328 2.392578 2.396484 2.349609 1.482422 1.400391 1.376953 2.123047 2.068359
2.353516 2.365234 2.369141 2.369141 2.361328 2.345703 2.333984 2.326172 2.322266 2.318359 2.318359 2.322266 2.322266 2.326172 2.326172 2.326172 2.326172 2.322266 2.318359 2.318359 2.314453 2.314453 2.310547 2.310547 2.310547 2.310547 2.310547 2.314453 2.314453 2.314453 2.314453 2.318359 2.318359 2.322266 2.330078 2.341797 2.357422 2.365234 2.365234 2.365234 2.365234 2.365234 2.365234 2.365234 2.365234 2.365234 2.365234 2.365234 2.365234 2.365234 2.365234 2.365234 2.365234 2.357422 2.396484 2.404297 2.271484 1.623047 1.560547 1.650391 1.943359 1.962891
2.361328 2.365234 2.373047 2.376953 2.376953 2.376953 2.357422 2.341797 2.333984 2.326172 2.322266 2.318359 2.318359 2.318359 2.318359 2.318359 2.318359 2.318359 2.314453 2.314453 2.310547 2.310547 2.310547 2.310547 2.310547 2.310547 2.314453 2.314453 2.318359 2.318359 2.322266 2.322266 2.322266 2.326172 2.330078 2.337891 2.345703 2.357422 2.365234 2.365234 2.365234 2.365234 2.365234 2.365234 2.365234 2.365234 2.365234 2.365234 2.365234 2.365234 2.365234 2.365234 2.353516 2.357422 2.400391 2.404297 2.212891 1.802734 1.759766 1.810547 1.857422 1.888672
2.365234 2.365234 2.373047 2.380859 2.380859 2.380859 2.380859 2.373047 2.353516 2.341797 2.333984 2.326172 2.322266 2.318359 2.314453 2.314453 2.314453 2.310547 2.310547 2.310547 2.310547 2.310547 2.310547 2.314453 2.314453 2.318359 2.318359 2.322266 2.322266 2.326172 2.330078 2.330078 2.330078 2.333984 2.333984 2.337891 2.341797 2.349609 2.365234 2.365234 2.365234 2.365234 2.365234 2.365234 2.365234 2.365234 2.365234 2.365234 2.365234 2.365234 2.365234 2.365234 2.345703 2.361328 2.404297 2.408203 2.220703 1.869141 1.810547 1.818359 1.841797 1.869141
2.365234 2.365234 2.373047 2.380859 2.380859 2.380859 2.380859 2.380859 2.380859 2.376953 2.361328 2.349609 2.341797 2.333984 2.326172 2.322266 2.322266 2.318359 2.314453 2.314453 2.314453 2.314453 2.318359 2.322266 2.322266 2.326172 2.330078 2.330078 2.333984 2.337891 2.341797 2.341797 2.341797 2.341797 2.341797 2.341797 2.345703 2.349609 2.361328 2.365234 2.365234 2.365234 2.365234 2.365234 2.365234 2.365234 2.365234 2.365234 2.365234 2.365234 2.365234 2.365234 2.341797 2.361328 2.404297 2.408203 2.259766 1.912109 1.841797 1.833984 1.849609 1.884766
2.361328 2.365234 2.373047 2.380859 2.380859 2.380859 2.376953 2.376953 2.380859 2.380859 2.384766 2.384766 2.380859 2.373047 2.361328 2.353516 2.345703 2.341797 2.337891 2.333984 2.330078 2.333984 2.333984 2.337891 2.341797 2.345703 2.349609 2.353516 2.361328 2.365234 2.361328 2.361328 2.357422 2.353516 2.353516 2.353516 2.353516 2.357422 2.361328 2.365234 2.365234 2.365234 2.365234 2.365234 2.365234 2.365234 2.365234 2.365234 2.365234 2.365234 2.365234 2.357422 2.337891 2.361328 2.404297 2.408203 2.326172 1.970703 1.884766 1.869141 1.888672 1.951172
2.341797 2.365234 2.369141 2.380859 2.380859 2.376953 2.369141 2.365234 2.369141 2.373047 2.380859 2.384766 2.384766 2.384766 2.384766 2.380859 2.380859 2.376953 2.376953 2.373047 2.369141 2.365234 2.365234 2.361328 2.361328 2.361328 2.361328 2.361328 2.361328 2.365234 2.365234 2.365234 2.365234 2.365234 2.365234 2.365234 2.365234 2.365234 2.365234 2.365234 2.365234 2.365234 2.365234 2.365234 2.365234 2.365234 2.365234 2.365234 2.365234 2.365234 2.365234 2.357422 2.337891 2.361328 2.404297 2.408203 2.388672 2.072266 1.951172 1.931641 1.982422 2.099609
2.326172 2.365234 2.365234 2.376953 2.380859 2.376953 2.361328 2.353516 2.353516 2.357422 2.365234 2.373047 2.380859 2.384766 2.388672 2.388672 2.384766 2.384766 2.380859 2.376953 2.373047 2.369141 2.369141 2.365234 2.365234 2.361328 2.361328 2.361328 2.361328 2.365234 2.365234 2.365234 2.365234 2.365234 2.365234 2.365234 2.365234 2.365234 2.365234 2.365234 2.365234 2.365234 2.365234 2.365234 2.365234 2.365234 2.365234 2.365234 2.365234 2.365234 2.365234 2.353516 2.337891 2.357422 2.400391 2.412109 2.396484 2.255859 2.087891 2.087891 2.205078 2.419922
2.314453 2.337891 2.365234 2.373047 2.380859 2.376953 2.361328 2.345703 2.337891 2.337891 2.341797 2.353516 2.361328 2.369141 2.380859 2.384766 2.388672 2.388672 2.384766 2.384766 2.380859 2.376953 2.373047 2.369141 2.369141 2.365234 2.365234 2.361328 2.361328 2.361328 2.365234 2.365234 2.365234 2.365234 2.365234 2.365234 2.365234 2.365234 2.365234 2.365234 2.365234 2.365234 2.365234 2.365234 2.365234 2.365234 2.365234 2.365234 2.365234 2.365234 2.365234 2.357422 2.337891 2.353516 2.396484 2.416016 2.404297 2.408203 2.333984 2.361328 2.443359 2.439453
2.306641 2.318359 2.353516 2.369141 2.380859 2.380859 2.369141 2.349609 2.330078 2.318359 2.318359 2.322266 2.326172 2.333984 2.353516 2.365234 2.376953 2.380859 2.384766 2.388672 2.384766 2.380859 2.380859 2.376953 2.376953 2.373047 2.373047 2.369141 2.365234 2.361328 2.365234 2.365234 2.365234 2.365234 2.365234 2.365234 2.365234 2.365234 2.365234 2.365234 2.365234 2.365234 2.365234 2.365234 2.365234 2.365234 2.365234 2.365234 2.365234 2.365234 2.365234 2.357422 2.337891 2.353516 2.392578 2.416016 2.408203 2.412109 2.423828 2.431641 2.431641 2.423828
2.310547 2.306641 2.322266 2.365234 2.376953 2.380859 2.376953 2.357422 2.333984 2.318359 2.306641 2.302734 2.294922 2.298828 2.310547 2.326172 2.341797 2.353516 2.369141 2.380859 2.388672 2.388672 2.384766 2.380859 2.380859 2.380859 2.376953 2.376953 2.369141 2.365234 2.365234 2.365234 2.365234 2.365234 2.365234 2.365234 2.365234 2.365234 2.365234 2.365234 2.365234 2.365234 2.365234 2.365234 2.365234 2.365234 2.365234 2.365234 2.365234 2.365234 2.365234 2.361328 2.341797 2.349609 2.384766 2.412109 2.412109 2.416016 2.416016 2.419922 2.419922 2.412109
2.314453 2.306641 2.306641 2.322266 2.369141 2.380859 2.380859 2.369141 2.349609 2.330078 2.318359 2.306641 2.294922 2.283203 2.275391 2.271484 2.279297 2.302734 2.326172 2.357422 2.380859 2.388672 2.388672 2.384766 2.384766 2.380859 2.380859 2.376953 2.373047 2.369141 2.365234 2.365234 2.365234 2.365234 2.365234 2.365234 2.365234 2.365234 2.365234 2.365234 2.365234 2.365234 2.365234 2.365234 2.365234 2.365234 2.365234 2.365234 2.365234 2.365234 2.365234 2.365234 2.345703 2.349609 2.376953 2.404297 2.412109 2.412109 2.412109 2.416016 2.412109 2.404297
2.318359 2.310547 2.302734 2.302734 2.318359 2.361328 2.380859 2.376953 2.365234 2.349609 2.333984 2.322266 2.310547 2.291016 2.259766 2.220703 2.201172 2.228516 2.267578 2.314453 2.357422 2.380859 2.384766 2.384766 2.384766 2.380859 2.376953 2.376953 2.376953 2.373047 2.369141 2.365234 2.365234 2.365234 2.365234 2.365234 2.365234 2.365234 2.365234 2.365234 2.365234 2.365234 2.365234 2.365234 2.365234 2.365234 2.365234 2.365234 2.365234 2.365234 2.365234 2.365234 2.353516 2.349609 2.369141 2.392578 2.404297 2.404297 2.408203 2.408203 2.404297 2.392578
2.326172 2.314453 2.306641 2.298828 2.302734 2.314453 2.345703 2.380859 2.376953 2.365234 2.353516 2.345703 2.337891 2.314453 2.275391 2.212891 2.173828 2.189453 2.224609 2.279297 2.341797 2.373047 2.384766 2.384766 2.380859 2.376953 2.376953 2.376953 2.376953 2.373047 2.369141 2.365234 2.365234 2.365234 2.365234 2.365234 2.365234 2.365234 2.365234 2.365234 2.365234 2.365234 2.365234 2.365234 2.365234 2.365234 2.365234 2.365234 2.365234 2.365234 2.365234 2.365234 2.365234 2.353516 2.357422 2.376953 2.388672 2.396484 2.400391 2.400391 2.392578 2.388672
