py_wake/examples/data/AJ_ParqueFicticio/Ridge area   Sector 6   Height 200m   Flow inclination.grd
DSAA
90  129
 262878   265103
 6504214   6507414
-12.49769   23.83437
[rows 52 to 77 of 129, columns 0 to 59 of 90]
10.27308 11.50628 12.50373 12.97193 12.68108 11.78305 10.34481 8.559496 6.631132 4.710117 2.988028 1.344686 -.3205635 -2.039582 -3.697542 -5.040966 -5.796377 -6.211105 -6.515234 -6.768858 -7.095149 -7.491563 -7.901176 -8.284257 -8.634495 -8.975624 -9.231815 -9.317539 -9.340385 -9.300837 -9.125906 -8.86558 -8.410154 -7.968891 -7.603634 -7.273985 -6.863172 -6.361475 -5.749643 -4.93637 -3.97197 -2.794845 -1.34352 .2188071 1.995258 3.991155 5.986419 7.672709 9.251466 10.73085 12.40483 13.85161 14.74076 15.23551 15.39599 15.1341 14.61462 13.84943 12.79818 11.55533
9.241358 10.69151 11.86468 12.62777 12.62208 12.11846 11.19564 9.848548 8.40905 6.876611 5.298899 3.658759 1.944257 .09853501 -1.798806 -3.533721 -4.620049 -5.256486 -5.666364 -5.900409 -6.231141 -6.651592 -7.040124 -7.368257 -7.665171 -7.973654 -8.213451 -8.288964 -8.325984 -8.384218 -8.247061 -7.989604 -7.511109 -7.035435 -6.643002 -6.304439 -5.949595 -5.546528 -5.044434 -4.369109 -3.516068 -2.47156 -1.21887 .1585811 1.809392 3.766277 5.786387 7.603792 9.283358 10.77282 12.34344 13.85272 14.85954 15.43264 15.61761 15.2117 14.47287 13.58388 12.47438 11.08144
7.855443 9.496694 11.01372 12.27018 12.57528 12.3072 11.6074 10.65098 9.568823 8.383597 7.078576 5.750135 4.261846 2.548455 .7234107 -1.020676 -2.392171 -3.329722 -3.905209 -4.241381 -4.678151 -5.187234 -5.621068 -5.94265 -6.15102 -6.329295 -6.462719 -6.474104 -6.473158 -6.538292 -6.396202 -6.074991 -5.759912 -5.439962 -5.181199 -4.928833 -4.635941 -4.318905 -3.963396 -3.510646 -2.877177 -2.024322 -.9923908 .1698524 1.646309 3.443641 5.366311 7.223793 9.070021 10.74535 12.26985 13.72775 14.7836 15.39065 15.65949 15.20494 14.35122 13.33889 12.09342 10.60681
6.853712 8.523625 10.12782 11.56447 12.35372 12.39693 11.84002 11.08814 10.17918 9.1867 8.110895 7.117212 6.118452 4.866622 3.377353 1.77927 .2928555 -.890011 -1.720605 -2.285015 -2.845873 -3.424707 -3.891021 -4.203553 -4.355515 -4.426664 -4.450104 -4.425669 -4.401696 -4.342656 -4.141039 -3.896155 -3.671597 -3.513627 -3.384865 -3.264382 -3.105947 -2.939728 -2.754821 -2.49376 -2.082803 -1.457838 -.6270378 .3620128 1.744302 3.283437 5.039829 6.784785 8.541152 10.38001 11.99957 13.40468 14.45 15.01757 15.21059 14.70999 13.80084 12.68023 11.34291 9.786074
5.911229 7.509546 9.099894 10.65292 11.7845 12.15453 11.92127 11.40125 10.66609 9.781039 8.748161 7.901812 7.264229 6.545283 5.510166 4.232274 2.846398 1.592758 .5952026 -.1503663 -.8446808 -1.509226 -2.035133 -2.395609 -2.578892 -2.645336 -2.650753 -2.608285 -2.534033 -2.384691 -2.219422 -2.038316 -1.844968 -1.691724 -1.58436 -1.5327 -1.515055 -1.508448 -1.493935 -1.413555 -1.181317 -.7510024 -.1213572 .7028921 1.900621 3.2453 4.823508 6.475874 8.083687 9.828785 11.60599 13.07824 14.14831 14.71591 14.82676 14.32261 13.31959 12.07586 10.66736 9.109189
4.914274 6.462666 8.037302 9.544851 10.74152 11.53444 11.61556 11.15538 10.4974 9.779052 8.97133 8.196939 7.649108 7.272838 6.751939 6.052977 5.125476 4.076132 3.070966 2.168397 1.284666 .4880079 -.1354007 -.6047782 -.9177627 -1.072384 -1.146318 -1.152265 -1.077732 -.9021942 -.7821035 -.6211331 -.4512347 -.3101089 -.2262413 -.1742398 -.1803107 -.2128527 -.2830098 -.3610849 -.3143685 -.04901474 .4152308 1.092021 2.077329 3.27234 4.680713 6.220564 7.708045 9.248484 10.90909 12.47496 13.62186 14.28855 14.38863 13.94088 12.95279 11.62107 10.13203 8.495684
3.863279 5.396955 7.009207 8.60555 9.826955 10.69015 10.9727 10.82565 10.29234 9.53492 8.693951 8.010379 7.573437 7.430524 7.204069 6.843313 6.289087 5.560717 4.841886 3.98689 3.033664 2.182816 1.507309 .9571059 .51513 .2042854 .01241374 -.1021596 -.165997 -.01537433 .07192484 .1834479 .3292213 .4287237 .4921545 .5187353 .5151196 .4839667 .4113908 .3085132 .2530777 .376913 .7288255 1.306203 2.182373 3.280455 4.554127 5.984212 7.34968 8.766799 10.13347 11.59405 12.82787 13.55796 13.69226 13.30953 12.46059 11.1926 9.648616 7.959972
2.967191 4.452272 6.057146 7.626356 8.876867 9.763131 10.12315 10.08689 9.671356 8.970758 8.16051 7.549239 7.215605 7.218151 7.284369 7.259346 7.060956 6.673748 6.109362 5.320427 4.43575 3.622554 2.859461 2.194967 1.624597 1.170983 .8212253 .5479755 .3608519 .2290817 .3064454 .3565328 .4318921 .4831482 .497027 .5011464 .4580692 .3818356 .2883818 .1791254 .1534319 .2762348 .5816486 1.1269 1.936754 3.010267 4.174835 5.495468 6.799836 8.170834 9.38767 10.58586 11.74891 12.58525 12.78842 12.49194 11.68272 10.52019 9.081118 7.42074
2.052916 3.37493 4.855249 6.338222 7.599176 8.513395 8.983158 9.024738 8.758417 8.183383 7.385772 6.689718 6.399499 6.507222 6.735754 6.859435 6.920755 6.872206 6.641844 6.144194 5.334219 4.551895 3.779485 3.015032 2.351985 1.77266 1.276413 .8773039 .5621859 .296096 .09446212 -.01073871 -.04175546 -.09189298 -.1444308 -.2155493 -.2877558 -.3664798 -.4441115 -.4929738 -.4555195 -.2733758 .05214095 .5719126 1.295791 2.297312 3.317516 4.481425 5.765789 7.257949 8.512614 9.609833 10.60869 11.48238 11.79871 11.58648 10.84855 9.756871 8.459287 6.937883
.9949748 2.159449 3.461272 4.789411 5.95276 6.76211 7.184885 7.270142 7.12871 6.721097 6.107715 5.564047 5.211177 5.151499 5.403425 5.671758 5.96284 6.215937 6.329278 6.145855 5.587997 4.960124 4.257518 3.468348 2.733116 2.067463 1.466868 .8949866 .4314896 .03121412 -.3357577 -.6175977 -.7937202 -.9683693 -1.148606 -1.251576 -1.337265 -1.417616 -1.463722 -1.45113 -1.330926 -1.0537 -.6984901 -.2098864 .4354471 1.386553 2.270132 3.284349 4.472779 6.002767 7.472858 8.657393 9.581081 10.37874 10.82732 10.78223 10.18274 9.136646 7.905083 6.495543
-.3518793 .7408659 2.049082 3.378151 4.549442 5.383527 5.851152 6.026319 5.904579 5.464291 4.692928 3.882762 3.477321 3.466544 3.784709 4.209073 4.598212 4.914605 5.073033 5.112339 4.895402 4.403239 3.866425 3.20096 2.523201 1.808607 1.135453 .5403844 -.004555285 -.5085384 -.9555077 -1.35418 -1.655254 -1.875425 -2.10529 -2.349584 -2.552635 -2.648357 -2.659879 -2.592811 -2.388019 -2.039808 -1.614181 -1.056673 -.3505851 .6143325 1.448067 2.358706 3.396796 4.749111 6.304071 7.657149 8.664032 9.449574 9.996338 10.17373 9.773653 8.878919 7.707319 6.348276
-2.075186 -1.11175 .01955321 1.028334 1.818057 2.402232 2.759916 2.95215 2.901711 2.638046 2.208455 1.74332 1.458125 1.444544 1.755977 2.132271 2.346932 2.627568 2.932687 3.211194 3.157314 2.841593 2.383296 1.952227 1.449345 .821597 .2414709 -.285339 -.8269398 -1.346682 -1.816996 -2.250451 -2.619002 -2.921359 -3.159903 -3.43131 -3.678729 -3.852695 -3.930039 -3.83244 -3.573842 -3.196847 -2.73054 -2.110256 -1.219417 -.1896054 .6792653 1.549558 2.483327 3.623705 5.03195 6.544755 7.714343 8.547865 9.190293 9.612 9.49019 8.789862 7.766522 6.543292
-4.000563 -3.167218 -2.059466 -1.012636 -.1984323 .4005817 .7767312 .9372194 .8447618 .5575215 .1268855 -.3583962 -.738338 -.8704556 -.7180473 -.3668252 -.02437855 .2834667 .490952 .7169603 .7014678 .5915665 .35823 .06490063 -.2739902 -.6581356 -1.05273 -1.474431 -1.952891 -2.427057 -2.880272 -3.32174 -3.723807 -4.06861 -4.354105 -4.640022 -4.933774 -5.157875 -5.297124 -5.23173 -4.911444 -4.484681 -3.984422 -3.318087 -2.253591 -1.035468 -.05037287 .8485143 1.721953 2.709878 3.890722 5.391219 6.704725 7.62707 8.362142 8.925056 9.158415 8.672247 7.879126 6.860281
-5.886921 -5.151943 -4.075847 -2.997437 -2.195775 -1.613556 -1.233281 -1.118459 -1.292504 -1.66269 -2.14902 -2.678421 -3.142082 -3.335603 -3.186471 -2.80875 -2.455471 -2.201149 -2.079525 -1.895048 -1.74034 -1.669385 -1.796911 -1.993004 -2.141266 -2.305113 -2.558063 -2.874871 -3.276397 -3.70148 -4.125687 -4.547411 -4.970028 -5.356761 -5.666851 -5.956027 -6.283941 -6.561007 -6.708031 -6.65942 -6.306173 -5.791625 -5.216025 -4.500148 -3.446333 -2.015232 -.8204672 .1811018 1.063585 1.967435 2.975252 4.345362 5.702796 6.700225 7.477849 8.177378 8.785151 8.483602 7.935417 7.125673
-7.36829 -6.7714 -5.903947 -4.769898 -3.970373 -3.436431 -3.089328 -3.033222 -3.300489 -3.788796 -4.352985 -4.922306 -5.418076 -5.625987 -5.470476 -5.021545 -4.695031 -4.469925 -4.353137 -4.171234 -3.988614 -3.869424 -3.907139 -3.984709 -4.040557 -4.112026 -4.249142 -4.446373 -4.751479 -5.082526 -5.406761 -5.766206 -6.155596 -6.532545 -6.840902 -7.142378 -7.490449 -7.809252 -7.986441 -7.950302 -7.58806 -6.953875 -6.248781 -5.463701 -4.465063 -3.000632 -1.591512 -.4632064 .4845296 1.369531 2.299679 3.537556 4.872454 5.884954 6.680914 7.451391 8.310257 8.173589 7.845633 7.216605
-8.513991 -8.054303 -7.428357 -6.544511 -5.661879 -5.068626 -4.701147 -4.66692 -4.986835 -5.547099 -6.158797 -6.767864 -7.306885 -7.534578 -7.436676 -6.923948 -6.575462 -6.422737 -6.349632 -6.16839 -5.933977 -5.838821 -5.829136 -5.835991 -5.858782 -5.947432 -6.075314 -6.21312 -6.470068 -6.708977 -6.897416 -7.146185 -7.494934 -7.856294 -8.088698 -8.29423 -8.579182 -8.87549 -9.049932 -8.981972 -8.59631 -7.968145 -7.146034 -6.281368 -5.29428 -3.989804 -2.465292 -1.139339 -.08208305 .8478319 1.761017 2.931175 4.238133 5.213648 5.974337 6.689177 7.711634 7.677994 7.532091 7.085125
-9.328967 -8.937404 -8.453444 -7.880769 -7.307165 -6.793879 -6.456854 -6.456294 -6.77986 -7.329217 -7.903461 -8.445224 -8.933972 -9.141983 -9.125643 -8.789474 -8.305855 -8.100992 -8.050647 -7.940083 -7.665771 -7.539279 -7.536517 -7.544628 -7.528013 -7.602496 -7.751234 -7.917936 -8.142251 -8.356981 -8.525495 -8.635323 -8.864194 -9.182137 -9.402435 -9.510303 -9.653515 -9.851917 -9.991575 -9.88655 -9.434469 -8.809459 -7.949324 -6.942735 -5.954175 -4.795609 -3.35261 -1.875504 -.6531603 .3443075 1.273568 2.401201 3.664171 4.574782 5.255764 5.863504 6.885919 6.887196 6.870759 6.634224
-9.785982 -9.478398 -9.059815 -8.674091 -8.401279 -8.195108 -8.049559 -7.998449 -8.148621 -8.507282 -8.981413 -9.463201 -9.959005 -10.2795 -10.38075 -10.23409 -9.893132 -9.630035 -9.481432 -9.404558 -9.238647 -9.03037 -8.982759 -9.013568 -8.992266 -8.979002 -9.103703 -9.356668 -9.58527 -9.774879 -9.984687 -10.08683 -10.19605 -10.43659 -10.68282 -10.78188 -10.79091 -10.81607 -10.80782 -10.6181 -10.12809 -9.486549 -8.673651 -7.564139 -6.475655 -5.377372 -4.09267 -2.590151 -1.220231 -.1354457 .8269991 1.930536 3.156907 4.023962 4.647929 5.223942 6.111735 6.297793 6.30965 6.157396
-10.00222 -9.696797 -9.292119 -8.99146 -8.863274 -8.781044 -8.730644 -8.765281 -8.897189 -9.184559 -9.578005 -10.00412 -10.53369 -10.91373 -11.09671 -11.07859 -10.92697 -10.80569 -10.6415 -10.482 -10.3814 -10.202 -10.05654 -10.03963 -10.02997 -10.05666 -10.12086 -10.3596 -10.60376 -10.85866 -11.04504 -11.15605 -11.23035 -11.38323 -11.53694 -11.64737 -11.66106 -11.63859 -11.53749 -11.11376 -10.56988 -9.905314 -9.078285 -8.004196 -6.734627 -5.710837 -4.614181 -3.275198 -1.874348 -.7007048 .2664563 1.360641 2.569417 3.459899 4.106051 4.760376 5.479344 5.763205 5.953456 5.895753
-10.05719 -9.713096 -9.288555 -8.97699 -8.902207 -8.914585 -8.909508 -8.926758 -9.083292 -9.40819 -9.735708 -10.14205 -10.73089 -11.1372 -11.35071 -11.38689 -11.41075 -11.40042 -11.3326 -11.21608 -11.06736 -10.90021 -10.77808 -10.73531 -10.68492 -10.72806 -10.82239 -11.028 -11.25039 -11.49211 -11.65921 -11.75377 -11.78389 -11.83492 -11.89264 -11.95849 -11.94695 -12.01718 -12.00384 -11.47549 -10.6874 -10.00227 -9.214504 -8.239872 -6.919428 -5.819658 -4.835281 -3.718331 -2.420183 -1.233958 -.2876581 .7207498 1.840352 2.761583 3.500267 4.289022 4.921346 5.313234 5.541937 5.619726
-10.02478 -9.718951 -9.306077 -8.970763 -8.882184 -8.875327 -8.82216 -8.771453 -8.858694 -9.098703 -9.466874 -10.02978 -10.71598 -11.17933 -11.41322 -11.50779 -11.59412 -11.65122 -11.64806 -11.60072 -11.46331 -11.25809 -11.10678 -11.08361 -11.05851 -11.08857 -11.16375 -11.35669 -11.58533 -11.85062 -12.0256 -12.05346 -12.02723 -12.0076 -12.02338 -12.03041 -11.90836 -11.89936 -11.88442 -11.42682 -10.51454 -9.720527 -8.9526 -8.04324 -6.859907 -5.670279 -4.8254 -3.922684 -2.883942 -1.843691 -.9877163 -.05247849 .9907218 1.955679 2.821004 3.6861 4.324883 4.831863 5.122507 5.256867
-10.13455 -9.775824 -9.347858 -8.961356 -8.807712 -8.716589 -8.515977 -8.301502 -8.431819 -8.629459 -8.915868 -9.419748 -10.20136 -10.97036 -11.42482 -11.56137 -11.71635 -11.77425 -11.80127 -11.75549 -11.58251 -11.39907 -11.24028 -11.20264 -11.21813 -11.29736 -11.40242 -11.60394 -11.84854 -12.10372 -12.24116 -12.26374 -12.14731 -11.99031 -11.9333 -11.86567 -11.55517 -11.3599 -11.16448 -10.73759 -9.864908 -9.046058 -8.296791 -7.468546 -6.480284 -5.279835 -4.555113 -3.780334 -2.945128 -2.064113 -1.292536 -.4443696 .4753324 1.362044 2.229981 3.046234 3.716608 4.288443 4.660172 4.884279
-10.07904 -9.584611 -9.075528 -8.683005 -8.507834 -8.341609 -8.074492 -8.066879 -8.148907 -8.403875 -8.649417 -8.981084 -9.577481 -10.32748 -10.98461 -11.60562 -12.04654 -12.08027 -12.0948 -11.93375 -11.57952 -11.37497 -11.30543 -11.27453 -11.30367 -11.41976 -11.60232 -11.85206 -12.13918 -12.38134 -12.45381 -12.49769 -12.33212 -11.95642 -11.63677 -11.34604 -10.96442 -10.58301 -10.19567 -9.735804 -8.980862 -8.261267 -7.56878 -6.812753 -5.949038 -4.764628 -4.112617 -3.399461 -2.691312 -1.965454 -1.324703 -.6272187 .131364 .8767735 1.608407 2.315587 2.986551 3.571424 4.038999 4.401946
-9.689366 -9.100341 -8.575262 -8.177639 -8.130505 -8.357461 -8.667581 -8.964349 -8.901958 -8.844568 -8.943427 -9.036066 -9.356831 -10.00251 -10.52487 -11.04048 -11.6639 -12.09135 -12.13674 -11.84424 -11.31887 -11.03194 -11.04442 -11.14966 -11.19946 -11.20002 -11.3433 -11.65724 -12.05219 -12.2448 -12.20774 -12.28035 -12.1559 -11.56112 -10.99894 -10.48762 -9.951167 -9.41463 -8.955343 -8.475321 -7.819288 -7.218774 -6.637525 -6.009718 -5.270691 -4.152458 -3.557716 -2.883794 -2.265485 -1.686997 -1.201593 -.6880571 -.1351803 .4004217 .9226375 1.50381 2.153037 2.697867 3.220462 3.715223
-9.09315 -8.538714 -8.15661 -7.97017 -8.369522 -8.973936 -9.539041 -9.940417 -9.478358 -9.364861 -9.244065 -9.265084 -9.521831 -9.936404 -10.05434 -10.2728 -10.69834 -11.02805 -10.97149 -10.6082 -10.19084 -9.985746 -9.99974 -10.16683 -10.31403 -10.31527 -10.45056 -10.74773 -11.15011 -11.34681 -11.2649 -11.30344 -11.21802 -10.57606 -9.882314 -9.203087 -8.544574 -7.910688 -7.425344 -6.968195 -6.47096 -6.020697 -5.569979 -5.089411 -4.465538 -3.469159 -2.920726 -2.279921 -1.729809 -1.27248 -.9440358 -.660917 -.3863565 -.09882777 .2052895 .6077033 1.148454 1.686936 2.25611 2.841837
-8.408525 -8.085766 -8.01089 -8.279725 -8.910975 -9.397058 -9.87054 -9.801849 -9.520835 -9.177052 -8.85498 -8.757041 -8.693991 -8.713855 -8.689185 -8.707015 -8.861298 -8.999484 -9.005396 -8.837129 -8.604734 -8.506724 -8.553118 -8.697891 -8.854474 -8.944592 -9.126108 -9.391706 -9.677046 -9.782736 -9.728077 -9.686298 -9.48965 -8.978524 -8.331939 -7.662667 -7.005453 -6.382356 -5.898309 -5.506632 -5.171642 -4.834577 -4.495872 -4.13878 -3.607255 -2.788402 -2.255573 -1.631433 -1.111732 -.7165131 -.5357165 -.5058044 -.4976317 -.4534731 -.3774943 -.1712914 .2073825 .6710842 1.212053 1.825232
