py_wake/examples/data/AJ_ParqueFicticio/Ridge area   Sector 3   Height 200m   Flow inclination.grd
DSAA
90  129
 262878   265103
 6504214   6507414
-20.26172   19.17503
[rows 27 to 53 of 129, columns 0 to 59 of 90]
-11.27135 -11.73629 -12.09727 -12.40714 -12.69654 -12.93908 -13.13439 -13.30198 -13.38561 -13.37995 -13.35586 -13.3344 -13.31023 -13.24545 -13.14609 -12.98846 -12.8251 -12.67082 -12.56671 -12.5661 -12.53046 -12.49163 -12.462 -12.41182 -12.38362 -12.36155 -12.33441 -12.28112 -12.11134 -11.9495 -11.75359 -11.54682 -11.37117 -11.04701 -10.80512 -10.50447 -10.07945 -9.545376 -8.762166 -7.728448 -6.742177 -5.57096 -4.185448 -2.540286 -.7496516 1.107928 2.993384 5.012316 6.758848 8.313737 9.742553 10.30501 10.22714 9.806048 9.048988 8.240556 7.692084 8.557117 4.631528 1.243783
-11.36528 -11.81531 -12.15134 -12.45693 -12.74978 -12.98361 -13.18194 -13.33785 -13.40683 -13.39093 -13.37009 -13.38501 -13.46884 -13.54651 -13.595 -13.54769 -13.44608 -13.3075 -13.19001 -13.14945 -13.0686 -13.00116 -12.96281 -12.89376 -12.83999 -12.80637 -12.75813 -12.68318 -12.52685 -12.31518 -12.08934 -11.85825 -11.63503 -11.31823 -11.02618 -10.71258 -10.28472 -9.784772 -9.055365 -8.070376 -7.055517 -5.81715 -4.271587 -2.418298 -.4895099 1.455818 3.374994 5.414271 7.222549 8.676494 10.0524 10.5096 10.27992 9.611224 8.568418 7.449482 7.619989 7.002444 4.828768 1.243796
-11.46938 -11.88611 -12.19803 -12.50142 -12.78138 -12.99255 -13.17923 -13.3074 -13.36414 -13.2963 -13.26353 -13.34576 -13.53342 -13.74026 -13.9339 -14.02461 -14.05042 -13.97853 -13.89333 -13.83886 -13.7182 -13.63787 -13.61441 -13.56298 -13.52006 -13.51201 -13.47304 -13.38036 -13.18916 -12.92648 -12.66395 -12.39371 -12.13822 -11.82214 -11.47408 -11.14268 -10.72302 -10.24171 -9.565454 -8.636388 -7.600304 -6.292712 -4.563785 -2.508369 -.4306615 1.657733 3.681505 5.683465 7.533177 8.978446 10.29684 10.68774 10.30934 9.467774 8.218572 6.728983 7.837389 8.431802 5.210374 1.701207
-11.52718 -11.91269 -12.20893 -12.51443 -12.77967 -12.97565 -13.14183 -13.22013 -13.25554 -13.12498 -13.14431 -13.30419 -13.57283 -13.86227 -14.14073 -14.34679 -14.50135 -14.57884 -14.63185 -14.6586 -14.54729 -14.50332 -14.52094 -14.48709 -14.47802 -14.51612 -14.46392 -14.29145 -14.04756 -13.76575 -13.45437 -13.14314 -12.88479 -12.54288 -12.1415 -11.76933 -11.36513 -10.89914 -10.25521 -9.35456 -8.266533 -6.822657 -4.880128 -2.714649 -.5682119 1.661674 3.847308 5.790524 7.649081 9.107299 10.31343 10.6807 10.21722 9.353064 8.08946 6.341814 8.115236 10.74323 5.699074 2.320981
-11.59938 -11.98086 -12.2752 -12.5885 -12.83823 -13.01494 -13.14742 -13.18952 -13.2161 -13.0954 -13.16542 -13.36027 -13.6542 -13.96664 -14.28253 -14.54309 -14.80934 -15.03894 -15.19955 -15.25476 -15.21021 -15.20098 -15.21289 -15.17638 -15.20219 -15.25431 -15.19321 -15.00604 -14.78552 -14.53588 -14.24924 -13.95495 -13.65998 -13.28435 -12.8665 -12.45877 -12.04957 -11.58538 -10.94957 -10.04929 -8.910692 -7.295838 -5.235151 -3.030192 -.8281645 1.429424 3.758684 5.703738 7.459621 8.856901 9.905873 10.32618 9.905824 9.139144 8.068364 6.30557 5.989848 8.922652 6.445273 2.829991
-11.6639 -12.07205 -12.38922 -12.73 -12.984 -13.16116 -13.27997 -13.32159 -13.3655 -13.31092 -13.40848 -13.59923 -13.85878 -14.1414 -14.45006 -14.75686 -15.11463 -15.42281 -15.58382 -15.66156 -15.68654 -15.67279 -15.64223 -15.60001 -15.59108 -15.60751 -15.56834 -15.43456 -15.28591 -15.1192 -14.86969 -14.57879 -14.23732 -13.87883 -13.50645 -13.11395 -12.70791 -12.24201 -11.60305 -10.70314 -9.529057 -7.777414 -5.695772 -3.51992 -1.235528 .9731309 3.326261 5.348135 6.970939 8.272253 9.174438 9.603937 9.276716 8.651491 7.837551 6.34473 4.725576 5.572441 5.129508 3.080806
-11.69555 -12.15349 -12.51308 -12.90525 -13.18734 -13.39299 -13.52828 -13.60316 -13.68485 -13.72162 -13.84184 -14.01212 -14.21287 -14.43348 -14.70774 -15.05464 -15.46528 -15.76111 -15.88044 -15.95956 -15.99658 -15.99605 -15.96587 -15.9027 -15.86677 -15.87005 -15.82963 -15.72355 -15.63634 -15.50508 -15.31118 -15.10031 -14.77457 -14.45046 -14.13528 -13.7509 -13.33985 -12.86627 -12.2286 -11.34776 -10.12772 -8.264729 -6.197226 -4.085904 -1.749234 .4233993 2.65422 4.740697 6.28449 7.425706 8.171342 8.537133 8.331116 7.818363 7.079565 5.89262 4.265758 4.498853 4.68597 2.8787
-11.66491 -12.18296 -12.59874 -13.07423 -13.40541 -13.66752 -13.85804 -13.99592 -14.13002 -14.24055 -14.36406 -14.49794 -14.63639 -14.79959 -15.0522 -15.42584 -15.85118 -16.05667 -16.1309 -16.17124 -16.22663 -16.26176 -16.23312 -16.17849 -16.15676 -16.12812 -16.05349 -15.93441 -15.77686 -15.63151 -15.50542 -15.33943 -15.07814 -14.84356 -14.55403 -14.17654 -13.81666 -13.33342 -12.70793 -11.86817 -10.60984 -8.734758 -6.731057 -4.697681 -2.350464 -.1973787 1.911306 3.947417 5.435203 6.440424 7.116455 7.430777 7.295819 6.783212 5.97977 4.909997 3.504638 2.437288 2.745447 2.03979
-11.52053 -12.08941 -12.56453 -13.14859 -13.52823 -13.85377 -14.09486 -14.28491 -14.47213 -14.64046 -14.78477 -14.92715 -15.03906 -15.18313 -15.42921 -15.78651 -16.12666 -16.30288 -16.37066 -16.42104 -16.48073 -16.50164 -16.485 -16.44626 -16.40356 -16.31825 -16.20693 -16.0156 -15.76199 -15.56883 -15.40055 -15.21092 -15.01236 -14.81836 -14.53856 -14.22797 -13.89316 -13.43546 -12.85546 -12.09916 -10.87373 -9.100028 -7.219831 -5.29992 -2.991946 -.862937 1.236417 3.09629 4.575618 5.500324 6.114367 6.479764 6.408135 5.89642 5.090183 4.09064 2.780719 1.322909 .9775466 .7875505
-11.20513 -11.82596 -12.37327 -13.08957 -13.5175 -13.89587 -14.17469 -14.413 -14.64764 -14.84852 -15.03584 -15.21773 -15.32128 -15.47255 -15.71923 -16.00398 -16.27468 -16.46245 -16.57187 -16.66697 -16.73173 -16.74741 -16.75365 -16.6838 -16.58457 -16.45304 -16.26769 -16.00541 -15.66003 -15.36617 -15.14482 -14.94024 -14.7541 -14.53133 -14.25525 -13.94256 -13.6277 -13.19466 -12.69056 -12.02065 -10.93345 -9.3663 -7.631149 -5.825881 -3.597437 -1.440251 .6815744 2.421368 3.769589 4.72501 5.343508 5.767905 5.842779 5.409911 4.585962 3.534591 2.236415 .6254808 -.7307851 -.3647257
-10.74485 -11.40588 -12.03738 -12.87247 -13.34207 -13.7623 -14.07612 -14.36169 -14.65319 -14.9037 -15.16174 -15.37086 -15.48486 -15.63319 -15.84946 -16.08709 -16.35423 -16.53657 -16.69184 -16.8689 -16.90754 -16.9499 -16.94508 -16.85609 -16.70891 -16.51586 -16.27924 -15.95183 -15.49761 -15.128 -14.8779 -14.62533 -14.37789 -14.08777 -13.81154 -13.48212 -13.12462 -12.74719 -12.37403 -11.83926 -10.88688 -9.497535 -7.883641 -6.126898 -4.07031 -1.841896 .2342028 1.950447 3.186433 4.15887 4.860194 5.309349 5.555892 5.294285 4.473314 3.317075 1.870095 .2101074 -1.590716 -1.325263
-10.24075 -10.91991 -11.63231 -12.51357 -13.0125 -13.47134 -13.83441 -14.17211 -14.52388 -14.80479 -15.10636 -15.30988 -15.42605 -15.55799 -15.78318 -16.05111 -16.30709 -16.46486 -16.65916 -16.81176 -16.84243 -16.91483 -16.94276 -16.85998 -16.7149 -16.48387 -16.20677 -15.84357 -15.35246 -14.90509 -14.55202 -14.24025 -13.92219 -13.61224 -13.27092 -12.92944 -12.59432 -12.28963 -11.98496 -11.50379 -10.66499 -9.382443 -7.846021 -6.143494 -4.231415 -2.030693 -.08147597 1.615636 2.841467 3.833088 4.574232 5.148002 5.516509 5.418649 4.647202 3.407712 1.776723 -.1368432 -2.177068 -3.092397
-9.889416 -10.5122 -11.24734 -12.05698 -12.5584 -13.0486 -13.45024 -13.83793 -14.23535 -14.57884 -14.9213 -15.12385 -15.23288 -15.37535 -15.60604 -15.8666 -16.07025 -16.23568 -16.34268 -16.43719 -16.49084 -16.58495 -16.67399 -16.62581 -16.52477 -16.29668 -16.00228 -15.6526 -15.1816 -14.67954 -14.23623 -13.85455 -13.39934 -13.04561 -12.66675 -12.30834 -11.94093 -11.62661 -11.34848 -10.91298 -10.15209 -8.956805 -7.538435 -5.941711 -4.173814 -2.112124 -.2541359 1.401127 2.674214 3.750356 4.487957 5.134571 5.655554 5.678474 4.886541 3.584044 1.74797 -.4843416 -2.728821 -3.656696
-9.759241 -10.24881 -10.9177 -11.60282 -12.09414 -12.6037 -13.01246 -13.41956 -13.83877 -14.21864 -14.57707 -14.78485 -14.90802 -15.08033 -15.28943 -15.4644 -15.65036 -15.78587 -15.81043 -15.85536 -15.92204 -16.06957 -16.1778 -16.12799 -16.07819 -15.87029 -15.6215 -15.30952 -14.83955 -14.32048 -13.80621 -13.34711 -12.79985 -12.37592 -11.99481 -11.6089 -11.24378 -10.91697 -10.6351 -10.22277 -9.553059 -8.49579 -7.185416 -5.692491 -3.995108 -2.070072 -.2536264 1.417075 2.708663 3.799713 4.577271 5.21768 5.833895 5.965392 5.095169 3.689286 1.709959 -.8451867 -3.297929 -3.595614
-9.73887 -10.08032 -10.61736 -11.23324 -11.70897 -12.23328 -12.61749 -13.01716 -13.41819 -13.80224 -14.14712 -14.34073 -14.4761 -14.62558 -14.78933 -14.93562 -15.06683 -15.18524 -15.16986 -15.20683 -15.29718 -15.40495 -15.48917 -15.41774 -15.37678 -15.19228 -15.00639 -14.71747 -14.33081 -13.75025 -13.25155 -12.707 -12.12355 -11.69591 -11.34719 -10.87312 -10.41422 -10.11767 -9.87953 -9.530932 -8.958291 -7.902271 -6.590786 -5.207218 -3.634713 -1.842686 -.09030788 1.577592 2.895583 3.988279 4.839769 5.487218 5.984418 6.115634 5.218542 3.676837 1.545812 -1.209633 -3.739731 -2.806422
-9.671352 -9.898403 -10.32861 -10.94923 -11.44845 -11.99126 -12.32443 -12.68024 -13.02907 -13.38764 -13.70002 -13.8773 -14.01728 -14.12468 -14.21906 -14.28891 -14.35975 -14.43111 -14.46038 -14.49934 -14.50992 -14.59324 -14.64408 -14.57554 -14.52691 -14.405 -14.29023 -14.04657 -13.69512 -13.08772 -12.64676 -12.03481 -11.54488 -11.14145 -10.74205 -10.23051 -9.796516 -9.536273 -9.306794 -8.969808 -8.313077 -7.31181 -6.116281 -4.834564 -3.322368 -1.578273 .1387963 1.759107 3.190872 4.338171 5.237752 5.871021 6.176615 6.168961 5.252209 3.544315 1.239373 -1.542669 -3.854998 -1.427425
-9.693253 -9.857608 -10.25817 -10.8746 -11.34354 -11.81996 -12.07766 -12.40435 -12.71405 -13.02695 -13.27204 -13.39559 -13.50408 -13.5699 -13.63586 -13.66473 -13.70059 -13.74182 -13.74762 -13.72233 -13.68587 -13.73654 -13.74657 -13.69075 -13.63918 -13.53583 -13.49925 -13.34706 -13.02906 -12.46934 -12.06887 -11.49233 -11.08463 -10.69176 -10.2468 -9.792974 -9.414414 -9.135727 -8.843268 -8.426589 -7.793968 -6.922526 -5.776949 -4.512793 -3.024779 -1.287265 .4139855 2.008543 3.423627 4.706108 5.633604 6.246993 6.433435 6.196476 5.168321 3.290208 .8477781 -1.873229 -3.69202 -.4711467
-9.707144 -9.810018 -10.21073 -10.8404 -11.27243 -11.69145 -11.92552 -12.2423 -12.49912 -12.73694 -12.9192 -13.00284 -13.06544 -13.07234 -13.06412 -12.99946 -12.96689 -12.96352 -12.93604 -12.83745 -12.78135 -12.79455 -12.76301 -12.73257 -12.70619 -12.66382 -12.7012 -12.62954 -12.36654 -11.84861 -11.49216 -10.99417 -10.65041 -10.29107 -9.851897 -9.460368 -9.134907 -8.822895 -8.445271 -8.011851 -7.445249 -6.657735 -5.546774 -4.270281 -2.770917 -1.025669 .6946008 2.292353 3.686984 5.002668 5.983785 6.572429 6.688225 6.249026 5.104216 3.106967 .5457737 -2.116066 -3.447171 -.6209163
-9.659607 -9.648724 -9.9957 -10.57302 -10.95864 -11.41426 -11.78883 -12.17018 -12.40331 -12.5522 -12.63538 -12.62893 -12.62054 -12.58655 -12.54354 -12.42803 -12.3464 -12.30198 -12.21313 -12.04555 -11.92899 -11.8734 -11.78998 -11.76268 -11.76421 -11.7748 -11.81284 -11.79089 -11.60338 -11.14808 -10.89583 -10.53602 -10.25709 -9.962482 -9.562269 -9.212586 -8.929653 -8.610211 -8.183558 -7.751123 -7.211558 -6.452312 -5.293075 -3.954234 -2.467406 -.7804371 .9105684 2.552222 3.939515 5.221996 6.268264 6.832227 6.911889 6.354368 5.124243 3.081923 .4756555 -2.112104 -3.387421 -1.268856
-9.536565 -9.426503 -9.727301 -10.20859 -10.67949 -11.26041 -11.77165 -12.23089 -12.45566 -12.51312 -12.48355 -12.3725 -12.27548 -12.17747 -12.06418 -11.90448 -11.79597 -11.72459 -11.60078 -11.41998 -11.27856 -11.17275 -11.05225 -11.0279 -11.06949 -11.04093 -11.06929 -11.05964 -10.9763 -10.6346 -10.4521 -10.2188 -9.987186 -9.740083 -9.403835 -9.089283 -8.847033 -8.544868 -8.10433 -7.674693 -7.131908 -6.345203 -5.140814 -3.815247 -2.331979 -.6994454 .9259642 2.617967 4.104432 5.403276 6.477293 7.055571 7.114973 6.50582 5.211118 3.191169 .6588557 -1.752514 -3.014553 -1.825633
-9.433615 -9.244142 -9.509225 -9.865372 -10.43279 -11.18758 -11.89017 -12.42754 -12.67141 -12.72707 -12.65143 -12.45286 -12.28531 -12.12585 -11.94899 -11.77361 -11.64441 -11.57267 -11.47619 -11.32512 -11.16969 -11.04742 -10.91213 -10.82367 -10.79767 -10.76499 -10.74727 -10.73437 -10.68429 -10.46303 -10.30302 -10.15569 -9.952786 -9.732731 -9.471465 -9.198497 -8.982875 -8.71763 -8.290091 -7.849326 -7.293147 -6.467684 -5.239223 -3.935113 -2.418133 -.7907121 .7981321 2.422683 4.090482 5.513521 6.633193 7.260341 7.289685 6.659412 5.333415 3.352288 1.003862 -1.201237 -2.501103 -2.724242
-9.353054 -9.069036 -9.226904 -9.519005 -10.13933 -11.0345 -11.89808 -12.55025 -12.88899 -13.06737 -13.07782 -12.85746 -12.63362 -12.42691 -12.18275 -11.97106 -11.83289 -11.77039 -11.70721 -11.61256 -11.48163 -11.32047 -11.16862 -11.05731 -11.01827 -11.00146 -10.96049 -10.90287 -10.84008 -10.68249 -10.5302 -10.37789 -10.19733 -9.977135 -9.758169 -9.525084 -9.312375 -9.076678 -8.66822 -8.177279 -7.611424 -6.752149 -5.514242 -4.225468 -2.697282 -1.040588 .589262 2.172951 3.89129 5.547613 6.759389 7.454923 7.482859 6.859028 5.537571 3.607635 1.451762 -.5734975 -2.082941 -3.197368
-9.282743 -8.897251 -8.901015 -9.140237 -9.705924 -10.59775 -11.55633 -12.40555 -13.00513 -13.43045 -13.63975 -13.53884 -13.29001 -13.06461 -12.73326 -12.47922 -12.30542 -12.2069 -12.15306 -12.08679 -11.99484 -11.91164 -11.8252 -11.7555 -11.71197 -11.67028 -11.60586 -11.52227 -11.44112 -11.30939 -11.13533 -10.93869 -10.74866 -10.50032 -10.26208 -10.0519 -9.843745 -9.602866 -9.210213 -8.656632 -8.074736 -7.191532 -5.954859 -4.669448 -3.137384 -1.418293 .3215938 1.961022 3.644783 5.457144 6.836714 7.611631 7.669056 7.070742 5.822306 3.981029 2.012665 .1947884 -1.315104 -2.692437
-9.250291 -8.767076 -8.621792 -8.775652 -9.254262 -10.12799 -11.19827 -12.22506 -13.04838 -13.68851 -14.07133 -14.20394 -14.09548 -13.84012 -13.43579 -13.16051 -12.955 -12.79615 -12.74585 -12.74012 -12.7974 -12.81498 -12.84086 -12.82811 -12.79315 -12.77301 -12.70944 -12.62046 -12.48788 -12.31711 -12.13256 -11.91781 -11.66201 -11.34134 -11.037 -10.81019 -10.58678 -10.28841 -9.888548 -9.285779 -8.684587 -7.792568 -6.562624 -5.267422 -3.711934 -1.883766 .02654737 1.76359 3.480091 5.226184 6.79074 7.657861 7.776577 7.250206 6.138146 4.43803 2.631132 1.011615 -.4014855 -1.652059
-9.256055 -8.694262 -8.39013 -8.42648 -8.745493 -9.536638 -10.57016 -11.72109 -12.74412 -13.59884 -14.18181 -14.47314 -14.40514 -14.20488 -13.92727 -13.74901 -13.63057 -13.46576 -13.29189 -13.09396 -13.30186 -13.48653 -13.65436 -13.79456 -13.86273 -13.915 -13.94442 -13.83501 -13.70038 -13.58709 -13.39676 -13.16973 -12.8384 -12.44164 -12.08681 -11.82804 -11.52652 -11.15224 -10.70774 -10.08217 -9.428737 -8.525146 -7.291554 -5.979193 -4.378443 -2.393709 -.2837035 1.544741 3.309062 4.95292 6.58433 7.584877 7.7585 7.354172 6.392004 4.931116 3.377815 1.915753 .5391246 -.6987555
-9.271187 -8.608649 -8.18898 -8.090954 -8.303748 -8.996148 -10.02078 -11.27845 -12.39008 -13.45578 -14.22548 -14.58954 -14.55805 -14.51914 -14.44283 -14.06722 -13.78342 -13.63532 -13.3676 -12.96429 -13.11572 -13.63341 -14.13534 -14.57891 -14.88136 -15.08511 -15.23497 -15.13002 -15.02695 -14.97127 -14.76332 -14.53215 -14.15956 -13.70508 -13.3 -12.96638 -12.56835 -12.11804 -11.63152 -11.00617 -10.2799 -9.332574 -8.082746 -6.733877 -5.051959 -2.888566 -.6226153 1.284441 3.09886 4.671308 6.258631 7.360304 7.597403 7.334162 6.529432 5.261301 3.932437 2.604074 1.254244 .03780233
-9.353086 -8.584037 -8.045366 -7.788233 -7.979343 -8.519856 -9.565982 -10.866 -12.04575 -13.31037 -14.18977 -14.59697 -14.60964 -14.67642 -14.89118 -14.92321 -14.16249 -13.5349 -12.76051 -11.83983 -12.26091 -13.71221 -14.9282 -15.62708 -16.03446 -16.24332 -16.33049 -16.22149 -16.15686 -16.1606 -15.94199 -15.70066 -15.31601 -14.80764 -14.34235 -13.93461 -13.50287 -13.04847 -12.54185 -11.89082 -11.10605 -10.11526 -8.84856 -7.434547 -5.614559 -3.295317 -1.001791 .9669335 2.804278 4.376724 5.840762 6.939698 7.281006 7.145472 6.538429 5.434788 4.257017 3.050393 1.785674 .614732
