py_wake/examples/data/AJ_ParqueFicticio/Ridge area   Sector 12   Height 200m   Power density.grd
DSAA
90  129
 262878   265103
 6504214   6507414
 .02268139   298.0662
[rows 54 to 80 of 129, columns 0 to 61 of 90]
161.2748 148.3629 133.9259 116.9749 98.25117 76.74637 55.0628 39.51896 31.12971 27.16274 27.81089 29.75187 29.03591 23.65004 16.35809 10.20225 6.622741 5.30751 4.734297 5.05829 6.604275 9.061767 12.48088 16.5832 20.74595 23.39028 25.41779 28.76947 31.19808 33.73283 38.61264 44.17707 50.78264 59.14447 67.43064 76.39413 87.2488 99.37792 113.5702 130.1732 148.5478 167.9512 185.8187 201.6389 215.9734 225.4507 225.8897 218.0949 205.8605 190.5118 173.8223 154.971 135.6427 116.8773 98.4193 87.54652 84.31086 84.42373 89.13332 100.0581 116.3836 134.2574
170.8546 160.2988 147.7098 132.617 114.6171 95.29237 77.52265 62.13836 51.51839 46.94043 47.0974 49.00574 46.7655 38.30473 27.50907 17.80079 11.31229 7.591066 6.013466 5.957173 7.20185 9.698964 13.3307 18.0332 23.7587 28.80564 33.58379 38.32624 42.96614 48.13916 53.80317 60.78786 67.41503 73.4283 78.93036 85.7665 95.53025 106.1056 118.2151 132.4584 148.9635 167.1411 184.2241 200.5818 214.6054 223.1731 225.9464 221.7467 212.5266 197.976 181.2935 163.0466 144.9004 127.8768 111.4861 100.0931 96.21239 99.98021 106.2387 115.9509 127.6055 137.262
180.419 172.597 162.1286 147.8155 131.0755 114.3696 98.19801 84.39889 74.26402 68.86697 69.00029 71.66277 70.41532 60.20166 46.6269 32.33985 21.12891 13.34433 9.131935 7.683676 8.826305 11.68169 15.81981 22.10395 30.47537 38.68565 46.16419 53.03778 59.34861 66.09988 73.08228 80.38824 86.59754 91.23515 95.70657 101.2256 108.3254 116.8372 125.8559 138.0547 153.7989 170.2379 185.9816 201.2796 214.8427 222.6681 226.6517 223.3225 216.6137 205.4792 189.801 171.6741 154.3407 138.287 122.1107 110.263 105.4758 111.1353 118.8521 126.0643 132.4968 137.1958
190.2699 184.2046 175.3479 162.3371 147.7009 131.9914 119.5226 108.5569 100.3844 94.5257 93.07601 96.53442 96.96651 88.89138 74.04999 57.01743 39.4166 25.58823 16.35921 12.53975 13.61557 17.42851 22.52787 30.54702 41.39959 52.49605 62.29073 70.89829 78.24994 85.9984 93.44597 100.4552 105.8191 110.299 115.4571 120.4051 125.8638 131.7605 138.854 148.8582 162.7289 177.4847 191.7623 205.5618 216.4811 223.8274 227.8996 226.2007 220.4629 211.5933 198.7018 182.586 165.5095 149.3073 133.715 121.1875 113.9303 119.4129 126.8488 131.4703 134.1909 133.5059
203.6098 194.6774 187.3778 175.3094 162.2098 151.9545 142.7056 133.546 126.1378 122.1361 122.1654 124.4794 124.556 117.707 104.547 88.17846 68.74555 50.83233 34.68698 26.89037 27.09114 31.04529 37.07105 46.26889 58.12071 69.88859 80.0975 88.7341 96.85423 104.8035 112.2823 119.533 125.136 130.1225 135.0768 140.2076 145.3713 150.9437 157.5951 166.0597 177.1185 189.3929 202.3327 213.6193 222.6161 228.9407 232.5231 231.335 225.5672 217.7305 207.1991 193.7419 177.6824 162.0001 146.8265 134.2826 124.8599 128.8488 133.7058 133.71 129.9197 122.9491
218.1217 211.5697 203.5249 193.5677 184.6935 175.9778 167.7184 160.4777 153.8735 150.2378 150.7065 152.432 152.0558 145.7524 134.1523 120.3459 104.1962 85.94888 68.52664 56.75135 53.33664 54.04679 59.56911 68.71494 79.04267 88.76347 97.59084 105.5193 112.9381 120.6854 128.8196 136.7556 143.6153 149.7941 155.258 160.8368 166.0977 171.8797 178.4523 186.2015 194.9882 204.9915 214.9325 223.142 231.7107 237.5621 240.9404 240.3199 235.3395 226.6186 215.5018 203.9841 189.9518 174.4606 159.3469 146.4983 136.5608 137.3716 138.3428 132.3093 120.8343 107.914
234.836 231.4169 226.1167 218.5267 211.3584 203.9141 197.0049 190.1151 184.0205 180.2061 179.261 181.2463 180.7722 174.9952 164.7932 153.8268 140.7778 125.9331 110.8382 98.0134 93.47572 91.89304 93.37746 99.50643 105.9807 111.8365 117.4195 122.5485 127.6891 135.138 143.4217 152.4056 160.7483 167.3018 173.161 179.1714 184.5537 190.0635 196.4376 202.807 210.8466 218.5977 225.4562 232.4666 240.9637 247.0312 249.8236 250.0944 246.9011 237.8077 224.6501 212.5358 200.2562 185.8621 170.4963 156.9667 145.7278 141.4745 139.7959 127.5926 109.3071 92.51823
254.2423 253.3385 249.6285 244.7771 239.0002 232.7155 227.1312 220.5537 214.6706 210.1832 209.1706 209.759 209.853 206.6432 198.4439 186.9705 175.3452 162.6114 150.1662 139.1948 132.4299 128.6112 126.6407 128.5883 131.9308 135.2849 138.7758 143.4555 148.2847 152.69 157.3799 165.3212 173.9751 180.9119 187.4149 193.5179 198.2419 203.9177 209.6718 215.4421 222.0572 228.0285 233.6068 239.335 246.4702 251.0697 251.6172 252.015 251.4444 246.2848 233.5522 220.2329 208.0798 195.0334 179.475 164.3275 150.4859 138.8629 135.8647 119.9701 96.67661 76.78568
273.9115 275.0986 274.05 271.8598 270.3633 266.55 260.706 254.3524 248.2816 243.3053 241.3588 240.7984 239.3002 235.7847 229.7188 218.8958 209.0733 198.0287 187.8683 177.2575 168.1931 163.2411 159.7696 158.6903 158.9736 160.6632 162.6229 165.1961 168.5835 172.2553 175.3798 178.4046 182.0262 188.6907 194.8371 200.4075 206.2478 212.4162 217.5772 223.3506 229.4317 234.7109 240.1278 245.4585 250.3659 252.3124 250.8011 250.2761 250.4503 249.4811 241.4116 228.5094 215.052 202.1817 186.8439 170.2466 153.7609 139.3716 130.9131 112.249 84.29228 60.91509
287.0305 291.4569 292.7863 292.8469 291.2673 288.0998 283.7324 278.0592 273.205 268.9832 265.9406 262.9639 262.5218 261.3935 258.0418 250.8987 242.6341 233.275 224.293 214.0703 205.0941 198.379 194.8367 191.2782 188.8985 188.2337 187.5539 187.5521 189.0016 190.2388 192.0523 193.1588 194.2833 194.2378 199.2101 203.8801 209.1436 214.9728 221.0345 226.862 232.666 237.694 242.6244 249.093 253.8646 253.5707 250.5101 248.586 248.0689 248.3794 245.4607 235.9845 222.1039 209.1112 194.3189 177.2435 158.5533 141.9635 128.1488 108.7943 78.15839 51.84879
286.7356 292.9314 296.7031 298.0662 297.4013 295.5122 292.4485 288.185 284.9997 282.3755 279.6964 277.4838 277.7153 277.749 276.3526 271.8843 265.23 257.8925 251.3347 245.2341 236.7931 229.2616 223.1408 219.6624 215.8371 211.3187 207.9287 206.7616 205.8958 205.2981 204.383 203.9442 203.1841 201.625 200.5557 204.1264 208.3608 213.3529 218.8281 225.3374 231.0709 236.0247 240.6344 247.0669 253.5962 254.479 250.4816 247.097 245.4329 245.386 244.9353 240.5033 228.1106 215.4101 201.2416 185.161 164.9237 146.716 130.088 111.0462 80.40714 52.54941
273.2465 280.7362 288.1526 293.691 295.5753 295.9601 294.7747 292.5488 289.3799 286.817 283.907 280.8532 279.1511 278.8298 279.0471 276.5634 272.0107 267.8359 262.8533 258.5809 251.9773 245.042 239.8173 235.2735 231.5702 226.8787 222.69 220.0392 217.1248 214.4378 211.5865 208.1553 205.7421 202.226 198.4806 199.6414 202.1879 205.6307 210.3953 216.7165 223.0417 228.6719 233.9044 239.575 247.4434 252.6699 250.2344 245.9794 243.2302 242.3743 242.1877 240.9274 231.4003 218.7147 206.4111 192.1528 171.3929 152.4623 135.1367 117.7824 90.35928 60.96696
251.1351 259.1841 269.4044 278.8234 284.4074 286.2902 286.1826 284.6825 280.9041 277.3414 273.1319 268.7027 265.7126 265.1061 266.0316 266.4425 264.6283 261.4889 258.5155 254.8514 251.1866 246.497 241.5977 237.8346 234.2586 231.0778 228.4476 224.8736 221.2353 217.1474 212.3642 207.3851 202.1614 196.6607 191.2837 192.031 192.4824 193.7744 197.3854 203.3319 209.3777 216.8581 223.55 229.4252 237.1141 246.6114 248.7598 245.0478 241.5823 240.0023 240.0769 239.0667 231.4801 220.1224 209.731 197.6333 178.1461 159.5382 142.1362 125.2574 103.8083 72.10487
225.8315 233.0047 241.6493 254.0579 264.9574 270.3228 271.8425 270.4979 266.2489 259.5182 252.9072 247.0911 242.6181 240.9987 242.699 247.3433 246.7588 245.0883 242.2911 240.2001 238.2957 234.5751 230.8078 228.3105 225.59 222.9241 220.277 217.6485 214.6395 210.4755 205.1749 198.7218 191.6862 184.4367 182.3112 182.4664 181.2014 180.5603 182.6141 187.8342 193.4413 202.2523 210.9511 217.9108 225.8536 236.4309 244.0724 243.7562 240.3054 238.3986 238.281 237.5139 231.0867 221.104 212.8321 202.9149 185.7769 168.3214 151.1666 134.0355 115.9581 76.10955
198.0654 203.7769 210.2879 219.4103 230.2018 238.4571 243.7281 242.8101 237.3149 228.8505 220.4383 213.8128 208.7101 208.36 210.3853 215.5713 219.4506 219.2931 217.9262 216.5134 216.0798 214.1167 210.9406 208.4863 206.3742 203.4233 200.1994 197.4802 193.9074 189.1737 183.8969 177.4986 169.5816 167.3426 167.1002 167.6524 166.6153 165.1524 165.779 169.508 176.3591 184.9229 195.6909 205.8941 213.9084 223.9416 234.994 240.4862 239.0668 237.1802 237.2162 236.6402 231.0164 221.9301 214.2634 206.3966 191.3209 175.0986 158.9672 142.377 124.3522 47.33826
170.9037 173.2624 176.7273 180.7915 186.0795 192.3061 196.5958 197.7209 195.2352 189.0987 182.0392 176.1751 171.8132 169.655 170.6262 174.0756 180.3159 183.9481 184.7389 183.7522 183.6703 183.3082 181.0476 178.464 176.6572 174.2681 170.6649 166.0581 161.4985 156.3365 150.5535 151.1477 150.1652 147.4003 145.1814 144.8416 144.7859 144.3843 145.2918 148.6762 155.9322 165.3636 177.0613 191.4547 201.5464 210.9802 222.7599 233.6849 236.8625 235.9582 236.5299 236.301 231.1902 222.2399 214.4949 206.1359 191.6969 175.7933 160.5838 145.3554 129.117 53.80062
144.4278 144.544 144.2457 144.0254 144.3777 146.4817 149.3297 151.0735 151.1344 147.8016 143.0313 138.0661 133.2281 129.8229 128.9827 130.269 134.5525 138.7402 142.0338 143.6151 143.1834 143.985 143.6557 141.8059 139.7737 137.3646 133.724 130.54 129.1681 128.0553 127.9246 128.0369 127.1845 124.439 121.2248 118.3875 116.4903 116.2184 118.7878 125.8327 134.0112 144.3954 157.726 174.3459 189.7828 198.8652 210.3203 223.6467 232.3267 234.3379 235.8049 236.3932 232.2568 223.532 215.1361 204.6598 191.6958 176.4478 161.6737 146.8837 108.6104 87.55163
118.1866 121.166 124.1698 124.8475 123.4138 120.4504 117.6489 114.4003 109.5207 104.8388 101.5837 97.52266 92.72388 90.19357 88.57255 90.38781 93.13048 96.28194 99.41761 102.2176 104.8042 107.5142 109.4529 110.7543 111.9288 112.0714 111.382 109.8164 108.5189 107.5196 107.4056 107.0633 105.92 103.4813 100.4954 97.39774 94.72218 92.23757 92.16193 101.1356 114.2888 125.7385 139.5739 156.8369 176.9019 187.9164 198.9059 212.199 224.5113 230.4986 232.6268 234.2828 231.5329 224.2225 215.6255 204.4937 191.578 177.8168 163.1388 148.6231 94.00624 106.2025
104.5557 106.2696 108.9528 109.3567 106.1732 101.7702 97.80966 94.39268 89.86737 84.10474 78.67629 73.5692 68.97732 67.47852 68.4095 70.28768 72.53203 74.93195 76.96597 79.04034 81.78431 85.57767 88.36313 89.68645 90.95382 91.61211 91.68066 90.61253 89.52779 88.67509 88.42111 88.96599 88.93698 87.3112 84.77214 82.54619 82.04474 79.56917 77.21809 83.97505 99.38753 113.0545 127.1232 144.3417 165.4169 179.1964 189.2806 200.4731 212.8322 219.6915 223.0154 225.0824 224.5023 220.406 213.3723 203.5971 192.0589 178.6327 165.3722 151.0534 136.6525 122.3889
90.12698 91.23341 92.00348 91.99316 89.01002 85.54314 82.20899 78.94037 74.85625 69.88835 64.85859 60.0337 55.33202 52.91439 52.38786 53.83532 55.07463 56.94266 58.25197 59.57969 62.10162 65.07989 68.04111 69.7378 70.8119 71.48902 72.26435 72.3128 72.2063 71.82656 72.37328 73.39804 75.32222 75.86927 74.44466 73.6185 74.8175 74.55273 74.54044 79.31216 93.48864 107.9891 122.2786 138.4569 158.8629 173.2451 182.0009 191.8143 201.1808 207.7582 211.407 214.5344 215.983 214.6065 209.871 202.3953 192.534 180.2804 167.7963 153.9697 139.5356 124.8408
77.03808 77.21143 77.5743 76.79387 74.77223 72.1672 69.32467 66.38638 62.89368 58.54378 53.03025 48.10711 44.06975 42.0738 41.47542 41.04029 41.96675 43.30357 43.98059 46.01307 49.2104 51.14211 52.4712 54.21597 55.21626 55.46841 55.11254 55.29637 55.26693 55.92085 57.08462 58.09427 61.65091 65.70222 67.2805 68.35982 70.43591 72.55244 74.98553 80.18879 92.87779 106.8754 121.2349 137.5901 156.1308 170.5846 178.0873 186.1828 193.1389 198.183 202.0085 205.9178 208.5484 208.2838 205.8715 200.8406 192.5049 182.2068 170.2416 156.9555 142.8436 128.0195
68.24223 67.80939 67.10609 66.20478 64.1323 61.08057 57.86306 55.80259 55.11544 52.63072 48.04934 42.34497 36.29494 33.37731 34.13525 34.25075 32.95284 33.58397 35.72928 39.28454 43.57159 45.38426 45.06935 44.36005 45.26775 46.58739 45.92568 43.81749 41.90203 43.1259 44.92419 45.18976 48.60991 56.07272 61.76419 65.92473 69.97968 73.76102 77.21478 83.39997 95.70649 109.3468 123.1357 138.5774 155.5938 169.3609 175.9311 182.6596 187.4598 190.7444 194.0214 197.9084 200.4188 200.0329 199.0166 196.3042 190.0158 181.6149 171.6406 159.9366 146.0893 131.3388
63.61178 63.24846 62.1495 60.78114 58.52994 55.48145 52.31249 51.08096 52.48055 51.40617 47.97015 42.58327 36.57386 32.93056 33.46287 33.14367 30.92446 30.63719 33.72312 38.81391 43.02343 44.60037 43.85763 42.29095 42.47696 44.02452 43.68131 41.34816 38.76961 39.16288 41.2855 41.78868 44.52792 53.3102 61.39752 68.54111 74.5604 79.92803 84.14397 91.67456 103.4702 115.6508 128.6788 142.4432 157.4901 169.9385 175.5407 180.7208 183.2557 184.5635 186.4167 188.3272 188.8007 188.1997 187.9935 186.5655 183.1706 177.4953 170.4153 161.2718 148.9168 135.1803
59.73463 59.95866 59.40771 58.52521 56.73639 54.83161 53.68615 54.07844 56.00172 55.65002 53.26263 48.76532 45.25127 42.73143 41.13488 39.85453 37.39564 36.81085 38.3291 42.47285 46.71003 48.62633 48.81811 48.02258 47.87596 48.48762 48.21225 46.62663 45.06296 45.48162 46.55807 47.60049 51.06129 58.47907 66.92188 74.93124 82.18697 89.40125 96.06272 104.7116 115.1374 126.5708 137.8226 149.1673 161.4813 171.6862 176.5354 180.0969 180.8568 180.0345 177.8988 175.2813 173.7081 173.1706 172.1595 171.7604 170.7496 168.2643 164.2268 158.2869 149.0793 138.3344
57.14683 56.7514 56.67543 57.25996 56.99296 56.40911 56.67904 59.33057 62.10215 62.68568 62.44315 62.13055 60.15307 57.70193 55.33508 53.89881 52.67646 50.87883 50.70265 52.91808 56.11905 57.77771 58.63879 59.32482 59.79966 59.19511 57.93887 56.80944 56.17749 55.95834 55.92139 57.13982 61.12931 67.50677 75.89958 84.4936 92.6362 100.909 109.8396 118.8718 128.3561 138.796 148.4178 158.3738 168.0631 175.064 179.0041 180.8813 180.2301 176.3132 169.1222 162.5522 158.6852 156.5951 155.0245 154.4869 155.1299 155.0788 153.9521 151.3753 146.1348 139.1096
57.98496 57.08623 57.01332 59.39324 60.9253 60.91983 62.08792 66.42864 70.53261 73.42555 76.01426 76.91764 76.16245 74.74543 74.03617 72.64047 71.41724 69.80267 69.34138 69.82428 70.74165 71.21607 72.29713 73.58758 73.95556 72.45647 70.56507 69.44845 68.44201 66.91471 66.16392 67.52273 70.67487 77.16162 86.39392 95.37947 104.1756 113.3108 123.311 132.5749 141.6315 150.575 158.7555 167.7325 175.5349 180.1126 183.0437 183.736 181.5873 173.4688 163.5961 154.0822 146.7775 142.3689 139.4677 138.217 96.72025 94.24048 105.7032 127.2941 138.7992 135.3466
64.11258 64.12985 65.05534 67.80036 69.73103 71.11111 73.97675 78.21454 83.10405 87.96719 91.73746 93.89088 94.61274 94.40328 93.14631 92.1422 91.06927 89.83215 89.19287 88.17419 87.84544 87.87157 88.5628 89.37603 88.94487 87.54079 85.30255 83.3819 81.298 79.19757 78.26315 79.14666 81.73515 87.94839 96.94286 105.8896 115.0628 125.1291 135.7369 145.3491 154.3632 162.478 169.9689 177.0908 182.4392 186.0336 188.1017 188.3035 184.0987 174.1208 162.6801 150.7301 140.2006 132.5578 69.94241 51.9341 53.52251 58.96599 66.50908 73.98855 79.12104 78.16847
