py_wake/examples/data/AJ_ParqueFicticio/Ridge area   Sector 5   Height 30m   Power density.grd
DSAA
90  129
 262878   265103
 6504214   6507414
 2.6045   815.4562
[rows 81 to 107 of 129, columns 0 to 61 of 90]
45.82077 49.78213 54.065 57.89221 61.40855 65.05745 69.10809 73.83478 80.22454 87.14938 94.36413 102.0757 107.4625 108.8245 107.3734 105.8396 105.3683 104.132 103.9141 103.4356 102.1613 103.4196 105.8983 109.5502 113.0008 116.0938 117.4524 118.8594 120.4239 122.2602 125.4822 132.251 145.7314 166.9737 194.8934 227.7213 262.227 299.8804 338.0036 375.8185 410.9389 447.5157 480.9694 507.0489 526.3008 542.7676 554.1679 557.7665 534.6797 492.0487 443.5796 392.4331 347.5254 312.1596 288.0297 275.0893 270.8972 270.9515 274.3153 280.8642 286.0616 289.3237
57.44061 63.43768 69.26631 74.31483 79.20481 83.88856 89.11139 94.65831 100.1547 106.7679 115.6402 125.5581 133.331 135.7405 133.7689 131.2065 128.2915 127.7802 130.6704 133.2499 131.5084 129.4894 129.1092 132.6307 138.2672 143.8612 146.4129 148.3899 150.4552 151.4875 153.8222 158.6264 169.8506 190.6898 216.5126 246.105 279.3914 316.7203 355.8615 391.4242 424.6405 464.5053 496.1264 515.3655 534.0185 550.7632 562.6608 568.7375 542.8632 500.0926 451.3329 396.2045 345.8959 304.3277 273.9257 254.9057 245.5647 241.4441 243.0248 249.2931 255.4775 260.7694
68.31963 76.12183 83.91413 90.5583 95.62724 101.2618 107.1202 110.8764 115.1783 122.5543 130.9163 139.0214 149.0257 155.6927 152.2426 146.0789 141.7929 141.7227 147.1663 154.2674 150.5955 146.5449 144.9717 148.8459 157.4192 166.3354 170.3553 173.9661 178.5787 180.0776 181.2493 184.7544 194.7736 214.0859 237.761 263.3974 295.3201 330.9565 369.065 399.4887 432.4134 471.8031 502.4857 520.5297 540.6815 557.9978 572.2552 579.0935 557.6052 518.183 471.3286 414.0478 359.1921 312.0946 274.7193 248.4912 223.3592 195.2253 222.2723 224.328 227.5244 232.4248
77.20773 86.33239 95.33804 102.7173 108.5391 114.2589 118.681 121.7183 125.9542 132.7572 138.7405 143.6945 149.9832 154.3772 152.3821 147.7276 144.2639 144.0611 147.9367 153.6718 152.5313 150.1837 149.5642 152.8402 161.5038 173.6453 182.3041 189.357 197.906 202.5894 206.3685 213.3557 224.181 240.2725 261.215 284.4413 310.9814 343.8836 377.2474 403.4082 433.4791 471.1443 502.0439 521.3343 542.9724 563.4714 580.6882 587.1234 572.5147 540.4733 498.9187 446.2349 390.3004 337.564 292.1689 258.3628 237.4301 204.3984 183.3114 171.5253 166.4905 167.6263
84.18632 94.21152 103.5761 111.8233 119.3534 123.9954 126.5596 129.4898 133.7753 138.4924 140.8377 141.1263 141.0194 141.3199 140.3338 138.6478 136.7225 136.5631 138.1257 140.996 141.5815 140.9372 141.0379 144.4154 152.2896 165.6656 178.8844 191.7683 206.2906 216.7932 229.4193 243.2453 256.0797 269.3152 287.2795 307.6393 328.4497 357.9059 384.6869 405.5882 431.3025 462.998 494.2754 517.7974 540.9993 564.9178 583.6428 593.4116 587.7197 566.1624 531.2828 485.3669 432.2872 376.1706 323.7564 282.4108 255.7751 233.6299 197.3182 174.1086 160.6416 155.2113
90.20397 100.0829 109.354 118.1988 126.3683 129.755 130.3913 131.1766 133.725 136.9111 136.2472 132.7519 129.0242 126.5858 124.4691 124.2513 125.1875 125.7772 126.2685 127.3105 126.8664 126.1861 126.4719 130.4844 137.8667 150.2319 166.0591 184.5089 205.5885 224.267 245.4163 267.567 283.5577 296.662 311.8426 326.0554 345.8117 371.6048 392.4589 408.861 428.0265 449.748 473.5695 497.2213 523.2147 550.2551 574.3984 592.422 600.0594 589.216 563.0037 526.128 478.1103 421.9087 366.1616 318.8705 287.3695 259.3926 230.791 191.3546 166.6857 151.3795
94.32931 103.7084 112.2154 120.3836 127.3213 129.2659 128.4526 126.9108 126.2383 126.3748 124.3265 120.4219 116.0119 112.4666 109.4006 108.4944 110.0312 112.3979 114.126 114.2629 113.0838 111.2896 111.6773 116.7254 123.5955 134.1312 152.3925 174.5709 200.2445 226.6832 253.9677 280.144 300.856 318.1232 330.1473 342.1716 362.0971 385.1447 401.4985 413.6557 423.8923 436.6584 452.9436 471.6513 496.3701 525.4885 554.6243 580.0743 599.2007 602.3356 588.2446 560.1404 519.938 469.6692 415.2626 365.3105 329.1312 297.6641 264.316 234.389 195.7104 167.993
95.9575 104.3297 112.0312 118.6383 122.7642 123.4217 121.8344 118.9748 116.0797 112.7203 109.0552 105.0035 101.1041 97.75748 94.8157 93.51104 93.87568 96.94097 100.2305 101.2236 100.3371 99.46751 99.85704 105.3097 112.6397 123.8763 142.9478 167.0024 195.7897 225.9702 256.5131 285.5057 311.1614 329.9341 342.1135 355.2517 375.6625 397.3485 411.4697 417.1375 417.9217 424.4679 435.5582 450.2361 471.255 498.3356 527.7865 556.2076 583.1827 600.527 599.5223 582.856 554.1331 514.2838 466.4189 418.8704 381.4624 349.1877 312.6472 275.1936 246.7824 206.7551
96.31411 103.3693 110.2994 115.1735 115.9541 114.3499 111.8944 108.4676 104.2696 99.57634 94.73439 90.21238 85.96419 82.84809 81.02998 79.86263 79.47121 82.63351 85.8113 87.71803 87.85092 88.49704 89.89471 95.29517 104.77 118.0192 137.058 162.0571 193.0484 224.9418 257.2788 289.3882 319.051 338.5869 350.6457 365.8004 387.1856 408.2754 420.4825 419.8245 412.7719 411.8141 416.2589 424.8347 438.487 461.0076 491.3862 523.1078 555.8987 582.6545 596.1957 593.6805 577.4681 549.593 512.43 472.4523 438.7151 409.1309 374.8773 332.8932 296.6311 264.0975
95.09179 100.5671 107.0798 110.5055 108.3395 104.426 100.3698 96.68324 92.47836 88.0167 83.39726 78.63452 73.7668 70.3675 69.43305 69.63992 69.74248 71.65773 74.28329 75.49822 76.59718 78.88635 80.73002 87.22701 99.11103 114.6177 134.9061 161.3721 192.8317 224.6029 257.5479 291.5641 324.5053 344.1718 356.7164 372.8369 394.8597 416.3621 426.5386 422.3881 404.4226 393.652 394.8814 399.8815 408.4764 424.8347 451.7651 483.9253 519.5563 551.9571 576.1362 588.3185 584.7757 567.1351 541.4061 513.6965 489.5333 466.2115 439.0235 398.0838 357.5674 318.466
89.83546 93.64575 98.23394 100.3369 97.3217 92.59743 88.29651 84.97091 81.51608 77.98588 74.62397 70.71712 66.27196 62.96825 62.63309 64.31849 65.3315 66.72407 69.01047 70.2803 72.03022 75.62586 78.19504 86.22379 100.1314 116.5394 137.4441 165.0555 195.1834 224.6401 256.3643 288.6151 320.1936 340.5749 354.0081 370.1119 390.303 410.0686 421.2561 413.4243 395.0263 382.1123 378.1665 376.2883 378.7202 390.427 412.6628 441.83 474.9078 511.0313 542.2419 564.7505 571.309 562.4235 546.0891 530.3904 518.6326 505.7861 488.9874 458.4982 421.6063 380.1675
79.67046 82.75391 85.21696 85.03107 82.39498 78.46946 74.55247 71.79971 69.76556 68.30744 66.69249 64.58238 62.51456 61.1016 61.84744 63.76858 64.79462 67.13627 70.3567 72.2258 75.10012 80.63107 86.3107 96.52816 110.9998 127.9354 148.277 174.4588 201.8022 227.6297 256.4449 283.4429 309.3405 329.4816 345.2384 363.347 381.7799 397.4608 406.7748 400.611 383.989 368.123 357.8434 351.7072 348.6003 356.632 375.6272 402.2019 432.6319 465.9258 498.3427 525.8185 539.0223 535.9377 527.3896 522.1928 522.1278 520.1617 514.8423 501.1383 475.8291 441.1177
68.0061 70.46212 71.59391 70.84715 67.85043 64.21965 60.91663 59.22775 58.55309 59.09456 59.75066 60.08017 60.29502 60.79953 63.18502 65.5763 66.87727 70.01877 73.98219 77.07929 83.39482 91.43636 101.7801 114.7304 129.7177 147.8111 167.8246 190.5169 211.9241 234.2085 259.856 282.7083 303.2002 320.1482 335.9803 355.0706 371.4454 385.0295 392.2426 385.9089 367.9849 351.5013 337.0475 326.9921 320.4597 324.3058 338.9725 363.5439 391.3539 421.5811 452.7196 481.6153 497.2673 497.4597 493.6503 494.9235 503.7973 513.2544 520.7456 524.1844 515.1971 494.008
57.66217 58.80986 60.3171 60.077 57.6576 53.92207 50.09277 48.96579 50.30677 51.83763 53.73412 56.22614 57.96151 60.23693 64.23793 67.60817 70.51427 74.66656 78.39077 84.51479 93.71424 106.5405 120.6338 135.0936 151.6543 168.7026 187.5786 206.9057 222.8415 241.8636 263.9725 283.5798 299.7971 312.2523 325.9401 343.2385 357.718 371.3611 378.0179 372.7064 356.1875 336.9097 320.1778 306.315 295.4229 295.2765 306.7996 326.4795 351.0089 378.7779 409.2382 436.9846 451.7197 453.0302 450.4544 454.5365 468.1077 486.0278 504.7385 523.0655 533.5263 530.2236
49.13273 49.64637 51.04254 51.6299 50.01176 47.07955 44.74438 44.2553 46.3776 48.28016 50.5553 54.25008 57.15355 60.59724 65.52877 70.12231 74.86482 79.40831 85.56865 94.29768 106.3539 122.1346 139.5789 156.805 173.9533 190.3371 207.6134 222.1869 233.9001 248.595 265.109 280.5948 294.4206 305.1698 317.3904 332.0368 347.133 361.3175 369.272 364.1715 347.902 329.9116 310.7136 291.2442 274.2323 269.6476 277.304 294.1855 315.7282 341.0082 367.9441 393.1917 407.6669 406.9836 405.2828 408.4137 422.6703 444.7393 470.4996 498.4374 523.067 538.7881
41.5383 42.39151 43.62906 44.7239 44.10498 43.05875 42.18314 42.49355 45.247 47.42023 50.25946 53.91356 57.70207 62.58592 68.05237 73.5509 79.05315 86.64964 96.12407 107.5464 121.6296 139.6537 159.3223 178.3782 195.867 214.0943 229.3537 237.7882 245.9871 255.6017 265.4694 275.2849 286.1451 294.8298 305.7204 318.6531 333.8921 350.0475 360.0499 358.9943 344.9427 326.2438 303.895 278.824 256.1105 245.0048 248.4018 263.1254 282.5169 304.888 328.2334 351.4575 366.6731 365.0527 361.7876 363.2929 375.6456 396.0461 423.2603 456.6001 490.9365 521.9317
35.80033 36.88221 38.17729 39.41563 39.90984 40.19277 40.1986 41.48768 44.62503 47.3544 50.69556 54.38599 58.6428 64.29082 70.58984 76.83707 84.51743 95.01756 107.9131 121.86 138.2266 158.7364 180.9782 198.2787 214.5878 234.5182 247.973 253.8507 259.1713 263.2365 265.7666 268.922 273.8467 279.3083 288.3306 299.6258 315.4078 334.3392 349.1233 354.0039 343.5936 323.541 297.8852 268.2568 238.519 220.5276 218.9539 229.5974 245.2639 265.8055 288.9512 311.749 324.871 323.7278 319.2288 319.6713 329.7103 346.6789 373.2097 409.263 449.6784 489.5517
32.21606 33.23138 34.67958 35.64534 36.72914 37.57967 38.02378 40.1743 43.28265 46.42123 49.94067 54.27007 59.30042 65.13139 72.38299 80.996 90.45083 102.4581 116.3978 132.0907 151.3254 173.0903 195.4357 211.3401 226.789 245.7359 259.0636 265.0153 269.6777 270.0856 266.4507 263.9836 262.8305 263.5279 267.9145 276.1841 292.536 313.6162 333.9261 345.0563 342.1368 324.4695 297.1785 262.7734 226.9831 160.3197 136.549 147.8571 206.0771 224.6726 246.6898 269.1683 279.9699 279.4184 274.9382 274.4422 282.6747 298.3281 323.8188 361.8605 405.7465 449.9958
30.25308 31.30069 32.4143 33.19662 34.57337 35.65105 36.27369 38.58735 41.72239 45.06388 48.77073 53.20858 58.80845 65.42038 73.0356 82.06879 92.45685 104.9667 118.3921 133.8367 152.3693 173.6386 195.1987 211.8986 227.924 246.4376 261.4071 270.2335 276.4474 274.9605 266.653 257.8396 250.5285 244.8657 244.0631 249.4904 265.9785 289.1307 313.7783 332.2913 339.95 328.9862 302.2914 265.3223 224.9748 150.8155 120.607 117.5649 129.4185 176.1165 197.7164 217.3322 229.4506 228.8189 224.9413 223.594 229.9121 245.7195 272.3179 311.3714 356.4422 402.213
1.70141E+38 1.70141E+38 1.70141E+38 1.70141E+38 1.70141E+38 1.70141E+38 1.70141E+38 1.70141E+38 1.70141E+38 1.70141E+38 1.70141E+38 1.70141E+38 1.70141E+38 1.70141E+38 1.70141E+38 1.70141E+38 1.70141E+38 1.70141E+38 1.70141E+38 1.70141E+38 1.70141E+38 1.70141E+38 1.70141E+38 1.70141E+38 1.70141E+38 1.70141E+38 1.70141E+38 1.70141E+38 1.70141E+38 1.70141E+38 1.70141E+38 1.70141E+38 1.70141E+38 1.70141E+38 1.70141E+38 1.70141E+38 1.70141E+38 1.70141E+38 1.70141E+38 1.70141E+38 1.70141E+38 1.70141E+38 1.70141E+38 1.70141E+38 1.70141E+38 1.70141E+38 1.70141E+38 1.70141E+38 1.70141E+38 1.70141E+38 1.70141E+38 1.70141E+38 1.70141E+38 1.70141E+38 1.70141E+38 1.70141E+38 1.70141E+38 1.70141E+38 1.70141E+38 1.70141E+38 1.70141E+38 1.70141E+38
1.70141E+38 1.70141E+38 1.70141E+38 1.70141E+38 1.70141E+38 1.70141E+38 1.70141E+38 1.70141E+38 1.70141E+38 1.70141E+38 1.70141E+38 1.70141E+38 1.70141E+38 1.70141E+38 1.70141E+38 1.70141E+38 1.70141E+38 1.70141E+38 1.70141E+38 1.70141E+38 1.70141E+38 1.70141E+38 1.70141E+38 1.70141E+38 1.70141E+38 1.70141E+38 1.70141E+38 1.70141E+38 1.70141E+38 1.70141E+38 1.70141E+38 1.70141E+38 1.70141E+38 1.70141E+38 1.70141E+38 1.70141E+38 1.70141E+38 1.70141E+38 1.70141E+38 1.70141E+38 1.70141E+38 1.70141E+38 1.70141E+38 1.70141E+38 1.70141E+38 1.70141E+38 1.70141E+38 1.70141E+38 1.70141E+38 1.70141E+38 1.70141E+38 1.70141E+38 1.70141E+38 1.70141E+38 1.70141E+38 1.70141E+38 1.70141E+38 1.70141E+38 1.70141E+38 1.70141E+38 1.70141E+38 1.70141E+38
1.70141E+38 1.70141E+38 1.70141E+38 1.70141E+38 1.70141E+38 1.70141E+38 1.70141E+38 1.70141E+38 1.70141E+38 1.70141E+38 1.70141E+38 1.70141E+38 1.70141E+38 1.70141E+38 1.70141E+38 1.70141E+38 1.70141E+38 1.70141E+38 1.70141E+38 1.70141E+38 1.70141E+38 1.70141E+38 1.70141E+38 1.70141E+38 1.70141E+38 1.70141E+38 1.70141E+38 1.70141E+38 1.70141E+38 1.70141E+38 1.70141E+38 1.70141E+38 1.70141E+38 1.70141E+38 1.70141E+38 1.70141E+38 1.70141E+38 1.70141E+38 1.70141E+38 1.70141E+38 1.70141E+38 1.70141E+38 1.70141E+38 1.70141E+38 1.70141E+38 1.70141E+38 1.70141E+38 1.70141E+38 1.70141E+38 1.70141E+38 1.70141E+38 1.70141E+38 1.70141E+38 1.70141E+38 1.70141E+38 1.70141E+38 1.70141E+38 1.70141E+38 1.70141E+38 1.70141E+38 1.70141E+38 1.70141E+38
1.70141E+38 1.70141E+38 1.70141E+38 1.70141E+38 1.70141E+38 1.70141E+38 1.70141E+38 1.70141E+38 1.70141E+38 1.70141E+38 1.70141E+38 1.70141E+38 1.70141E+38 1.70141E+38 1.70141E+38 1.70141E+38 1.70141E+38 1.70141E+38 1.70141E+38 1.70141E+38 1.70141E+38 1.70141E+38 1.70141E+38 1.70141E+38 1.70141E+38 1.70141E+38 1.70141E+38 1.70141E+38 1.70141E+38 1.70141E+38 1.70141E+38 1.70141E+38 1.70141E+38 1.70141E+38 1.70141E+38 1.70141E+38 1.70141E+38 1.70141E+38 1.70141E+38 1.70141E+38 1.70141E+38 1.70141E+38 1.70141E+38 1.70141E+38 1.70141E+38 1.70141E+38 1.70141E+38 1.70141E+38 1.70141E+38 1.70141E+38 1.70141E+38 1.70141E+38 1.70141E+38 1.70141E+38 1.70141E+38 1.70141E+38 1.70141E+38 1.70141E+38 1.70141E+38 1.70141E+38 1.70141E+38 1.70141E+38
1.70141E+38 1.70141E+38 1.70141E+38 1.70141E+38 1.70141E+38 1.70141E+38 1.70141E+38 1.70141E+38 1.70141E+38 1.70141E+38 1.70141E+38 1.70141E+38 1.70141E+38 1.70141E+38 1.70141E+38 1.70141E+38 1.70141E+38 1.70141E+38 1.70141E+38 1.70141E+38 1.70141E+38 1.70141E+38 1.70141E+38 1.70141E+38 1.70141E+38 1.70141E+38 1.70141E+38 1.70141E+38 1.70141E+38 1.70141E+38 1.70141E+38 1.70141E+38 1.70141E+38 1.70141E+38 1.70141E+38 1.70141E+38 1.70141E+38 1.70141E+38 1.70141E+38 1.70141E+38 1.70141E+38 1.70141E+38 1.70141E+38 1.70141E+38 1.70141E+38 1.70141E+38 1.70141E+38 1.70141E+38 1.70141E+38 1.70141E+38 1.70141E+38 1.70141E+38 1.70141E+38 1.70141E+38 1.70141E+38 1.70141E+38 1.70141E+38 1.70141E+38 1.70141E+38 1.70141E+38 1.70141E+38 1.70141E+38
1.70141E+38 1.70141E+38 1.70141E+38 1.70141E+38 1.70141E+38 1.70141E+38 1.70141E+38 1.70141E+38 1.70141E+38 1.70141E+38 1.70141E+38 1.70141E+38 1.70141E+38 1.70141E+38 1.70141E+38 1.70141E+38 1.70141E+38 1.70141E+38 1.70141E+38 1.70141E+38 1.70141E+38 1.70141E+38 1.70141E+38 1.70141E+38 1.70141E+38 1.70141E+38 1.70141E+38 1.70141E+38 1.70141E+38 1.70141E+38 1.70141E+38 1.70141E+38 1.70141E+38 1.70141E+38 1.70141E+38 1.70141E+38 1.70141E+38 1.70141E+38 1.70141E+38 1.70141E+38 1.70141E+38 1.70141E+38 1.70141E+38 1.70141E+38 1.70141E+38 1.70141E+38 1.70141E+38 1.70141E+38 1.70141E+38 1.70141E+38 1.70141E+38 1.70141E+38 1.70141E+38 1.70141E+38 1.70141E+38 1.70141E+38 1.70141E+38 1.70141E+38 1.70141E+38 1.70141E+38 1.70141E+38 1.70141E+38
1.70141E+38 1.70141E+38 1.70141E+38 1.70141E+38 1.70141E+38 1.70141E+38 1.70141E+38 1.70141E+38 1.70141E+38 1.70141E+38 1.70141E+38 1.70141E+38 1.70141E+38 1.70141E+38 1.70141E+38 1.70141E+38 1.70141E+38 1.70141E+38 1.70141E+38 1.70141E+38 1.70141E+38 1.70141E+38 1.70141E+38 1.70141E+38 1.70141E+38 1.70141E+38 1.70141E+38 1.70141E+38 1.70141E+38 1.70141E+38 1.70141E+38 1.70141E+38 1.70141E+38 1.70141E+38 1.70141E+38 1.70141E+38 1.70141E+38 1.70141E+38 1.70141E+38 1.70141E+38 1.70141E+38 1.70141E+38 1.70141E+38 1.70141E+38 1.70141E+38 1.70141E+38 1.70141E+38 1.70141E+38 1.70141E+38 1.70141E+38 1.70141E+38 1.70141E+38 1.70141E+38 1.70141E+38 1.70141E+38 1.70141E+38 1.70141E+38 1.70141E+38 1.70141E+38 1.70141E+38 1.70141E+38 1.70141E+38
1.70141E+38 1.70141E+38 1.70141E+38 1.70141E+38 1.70141E+38 1.70141E+38 1.70141E+38 1.70141E+38 1.70141E+38 1.70141E+38 1.70141E+38 1.70141E+38 1.70141E+38 1.70141E+38 1.70141E+38 1.70141E+38 1.70141E+38 1.70141E+38 1.70141E+38 1.70141E+38 1.70141E+38 1.70141E+38 1.70141E+38 1.70141E+38 1.70141E+38 1.70141E+38 1.70141E+38 1.70141E+38 1.70141E+38 1.70141E+38 1.70141E+38 1.70141E+38 1.70141E+38 1.70141E+38 1.70141E+38 1.70141E+38 1.70141E+38 1.70141E+38 1.70141E+38 1.70141E+38 1.70141E+38 1.70141E+38 1.70141E+38 1.70141E+38 1.70141E+38 1.70141E+38 1.70141E+38 1.70141E+38 1.70141E+38 1.70141E+38 1.70141E+38 1.70141E+38 1.70141E+38 1.70141E+38 1.70141E+38 1.70141E+38 1.70141E+38 1.70141E+38 1.70141E+38 1.70141E+38 1.70141E+38 1.70141E+38
