py_wake/examples/data/AJ_ParqueFicticio/Ridge area   Sector 11   Height 30m   Flow inclination.grd
DSAA
90  129
 262878   265103
 6504214   6507414
-20.70539   25.05876
[rows 54 to 80 of 129, columns 0 to 60 of 90]
1.127193 .1061823 -.3954458 -.457274 -.2243673 -.1030805 .3864636 3.71852 9.224995 9.987844 10.01242 9.507967 8.645293 7.809906 6.646405 5.127698 3.918983 3.545821 3.695554 4.392401 5.599333 6.880191 7.967821 8.78902 9.257165 9.637344 10.05625 10.36358 10.70351 11.19652 11.56039 11.81648 11.96314 11.98699 12.0765 12.25837 12.34307 12.32431 12.18176 11.75937 10.92374 9.64032 8.019205 6.365118 4.197272 1.810203 -.5242214 -2.551187 -4.188448 -5.389983 -6.208517 -6.889559 -7.410045 -7.82083 -8.362597 -9.448711 -11.17919 -12.53295 -12.85205 -12.14469 -10.50082
1.879408 .7197078 .01164847 -.2479284 -.08599976 .1646873 .4095517 .9856718 2.932295 5.041845 5.691709 5.985297 6.31886 6.761683 6.979002 6.771431 6.224071 5.714665 5.578901 5.948164 6.771722 7.763737 8.705185 9.467775 9.901993 10.19512 10.4434 10.61697 10.84901 11.11959 11.30158 11.35766 11.2797 11.22397 11.2702 11.40261 11.45687 11.42295 11.36159 11.0906 10.41081 9.265714 7.806961 6.241517 4.041948 1.914142 -.2796897 -2.281964 -3.90857 -5.302605 -6.298494 -7.043121 -7.653879 -8.207845 -8.868199 -9.710478 -10.59559 -11.1732 -11.13894 -10.40996 -9.128885
2.645019 1.378914 .4605066 -.1157555 -.1707358 .01228708 .2108408 .3695864 .7508304 1.422652 2.035015 2.636603 3.283197 3.904775 4.526728 5.025283 5.352729 5.55127 5.787372 6.302362 7.070198 7.885656 8.73071 9.454438 9.867673 10.08409 10.23984 10.35395 10.54579 10.70427 10.77215 10.70208 10.53412 10.42408 10.39565 10.40567 10.4172 10.39549 10.41352 10.27531 9.703691 8.695421 7.407182 5.842958 3.85482 1.91237 -.1315511 -2.113639 -3.723567 -5.12377 -6.322131 -7.186517 -7.826677 -8.363669 -8.931016 -9.516811 -9.940417 -10.09716 -9.87347 -9.227591 -8.270948
3.425975 2.043178 .883458 .01284199 -.2939049 -.3297898 -.2590841 -.1779393 -.0914428 .1748158 .6161054 1.168713 1.718729 2.136325 2.686977 3.100465 3.537265 4.015743 4.547895 5.335036 6.190636 7.006121 7.870893 8.653185 9.180771 9.483257 9.705938 9.890141 10.11616 10.25439 10.28773 10.17488 10.00032 9.856647 9.754285 9.659516 9.572447 9.530254 9.538784 9.442298 8.94474 8.062611 6.854814 5.336888 3.646343 1.838718 -.06800746 -1.99257 -3.589581 -4.968956 -6.175169 -7.167557 -7.859898 -8.35861 -8.770665 -9.11576 -9.276225 -9.209457 -8.909484 -8.326454 -7.54834
4.159515 2.737688 1.367367 .2141822 -.3605098 -.6542564 -.6802539 -.6304117 -.4786879 -.204695 .2899991 .8318906 1.290746 1.491501 1.769662 2.148585 2.645993 3.162406 3.647256 4.389705 5.211156 6.059312 6.99939 7.88683 8.571233 9.027277 9.364375 9.656283 9.931751 10.09942 10.13016 10.00836 9.794575 9.586069 9.42555 9.247613 9.107366 9.015721 8.926497 8.720424 8.262559 7.475224 6.307365 4.956531 3.477546 1.758344 -.02845412 -1.87464 -3.435173 -4.83907 -5.96572 -6.956087 -7.701818 -8.145425 -8.418804 -8.550429 -8.540192 -8.392216 -8.058815 -7.5861 -7.02503
4.807829 3.377414 1.926348 .6128806 -.2595253 -.7492126 -.897673 -.8690047 -.6545798 -.2770001 .327927 .9167505 1.320699 1.409142 1.453943 1.687632 2.011229 2.447144 3.039293 3.835304 4.725199 5.636297 6.634722 7.569545 8.28677 8.832618 9.237686 9.607527 9.920377 10.13474 10.2018 10.08285 9.80906 9.550545 9.353259 9.124465 8.937869 8.822443 8.633791 8.343141 7.88194 7.065743 6.013298 4.843159 3.526423 1.836077 .1445796 -1.581187 -3.123779 -4.583105 -5.699791 -6.595705 -7.311478 -7.766407 -7.961524 -7.967809 -7.800854 -7.573035 -7.307631 -6.972023 -6.633658
5.433978 4.080082 2.630775 1.229696 .1499933 -.5136693 -.8027419 -.8093657 -.5740305 -.1569902 .4974091 1.142452 1.546541 1.647759 1.664318 1.739459 1.831926 2.108742 2.582108 3.293308 4.203062 5.133098 6.157394 7.12974 7.898336 8.536826 9.044006 9.528753 9.920796 10.18033 10.30888 10.25395 9.960067 9.706467 9.494678 9.240914 9.058951 8.898438 8.627039 8.293662 7.782176 6.922594 6.015898 4.981968 3.798807 2.12153 .5553619 -.9676835 -2.450552 -4.040416 -5.272775 -6.177473 -6.823392 -7.279866 -7.46906 -7.412776 -7.177834 -6.891279 -6.667113 -6.481653 -6.289872
6.109371 4.843597 3.450707 2.021471 .838337 .09575348 -.2655913 -.31825 -.1087942 .298069 .9196219 1.530999 1.963721 2.17577 2.191398 2.192967 2.23755 2.375919 2.678202 3.204126 4.03169 4.918893 5.879298 6.825739 7.593558 8.212577 8.743272 9.278696 9.732431 10.09684 10.375 10.39828 10.16275 9.96918 9.742532 9.505371 9.346538 9.130469 8.836701 8.481886 7.902992 7.040093 6.220438 5.253 4.123137 2.425737 .9920342 -.339533 -1.679157 -3.205003 -4.643485 -5.67403 -6.344087 -6.782542 -7.003392 -6.96783 -6.737087 -6.446817 -6.254858 -6.119357 -5.88648
6.960185 5.786769 4.412945 2.948734 1.71091 .8761735 .4190857 .2916685 .454525 .8472993 1.483765 2.203787 2.711614 2.980016 2.990882 2.905165 2.929571 3.060345 3.382875 3.806817 4.328095 5.022326 5.841428 6.701458 7.378736 7.943104 8.47758 9.043827 9.546516 9.941566 10.27145 10.41179 10.37021 10.24454 10.02474 9.867155 9.74038 9.511295 9.232939 8.863426 8.244169 7.427759 6.619846 5.649656 4.393096 2.716695 1.372174 .1774425 -1.002536 -2.318923 -3.793818 -5.038352 -5.861463 -6.354364 -6.617439 -6.656977 -6.471392 -6.224606 -6.063217 -5.871756 -5.118815
8.064805 7.011434 5.6827 4.280813 3.200026 2.438106 1.975028 1.785446 1.859508 2.158268 2.652466 3.250522 3.78365 4.139077 4.21377 4.08086 4.131849 4.266661 4.509227 4.723823 5.064849 5.581566 6.241231 6.887436 7.381804 7.867163 8.410272 8.97951 9.47019 9.903431 10.2539 10.42115 10.49744 10.50022 10.3275 10.22977 10.13786 9.960147 9.736428 9.386958 8.777851 8.016205 7.22359 6.261859 4.830347 3.165838 1.837983 .7008762 -.3782479 -1.527986 -2.853442 -4.275762 -5.337961 -5.944208 -6.275661 -6.419495 -6.334501 -6.137655 -5.982469 -5.550604 -3.35405
9.337207 8.392474 7.047858 5.560584 4.424452 3.594441 3.066472 2.838037 2.911189 3.238005 3.766223 4.42181 5.089221 5.584305 5.786425 5.667374 5.612212 5.692179 5.937023 6.054166 6.209516 6.542063 7.052763 7.535829 7.807411 8.184515 8.680279 9.174081 9.625881 10.05389 10.3863 10.56499 10.69984 10.73943 10.68209 10.63056 10.58812 10.49904 10.36915 10.08922 9.510873 8.762486 7.990065 7.035412 5.567989 3.808066 2.388461 1.215578 .1691013 -.8878805 -2.047271 -3.49165 -4.779091 -5.544064 -5.970571 -6.194752 -6.283404 -6.155226 -6.036552 -5.349537 -1.927946
10.63047 9.767159 8.455698 6.92129 5.762225 4.910326 4.327645 4.057637 4.142994 4.525757 5.107573 5.817091 6.596409 7.207605 7.468091 7.346895 7.263626 7.320091 7.530848 7.599372 7.61594 7.779952 8.144064 8.479255 8.617625 8.862542 9.243074 9.622379 10.01089 10.39451 10.68849 10.85297 11.0034 11.09069 11.08994 11.05772 11.0618 11.09666 11.08123 10.87985 10.37525 9.618997 8.83037 7.872086 6.548136 4.702303 3.084884 1.779918 .6844823 -.3515345 -1.42284 -2.821562 -4.239924 -5.167672 -5.713077 -6.00809 -6.337341 -6.303575 -6.276045 -5.565575 -2.079936
11.6997 10.91826 9.831194 8.295048 7.067177 6.183226 5.555861 5.244996 5.337064 5.782403 6.437348 7.219789 8.102866 8.817424 9.161031 8.990907 8.884681 8.905683 9.059229 9.091323 9.051357 9.135826 9.372746 9.584847 9.673254 9.837005 10.09479 10.33759 10.62732 10.92435 11.11969 11.21312 11.32492 11.43252 11.46183 11.41826 11.47126 11.64524 11.79006 11.6993 11.31596 10.572 9.677026 8.695046 7.467086 5.732519 3.89997 2.401281 1.191043 .1039726 -.9735451 -2.336135 -3.836274 -4.878358 -5.533005 -5.899593 -6.457924 -6.542198 -6.655278 -6.155539 -2.800623
12.57396 11.87187 10.99028 9.766105 8.492454 7.493254 6.763664 6.392563 6.463654 6.953121 7.663733 8.513622 9.501843 10.32157 10.79568 10.60484 10.38763 10.39253 10.53021 10.55747 10.42209 10.4608 10.61351 10.74421 10.78509 10.91799 11.12677 11.26834 11.50163 11.73018 11.80391 11.75835 11.81613 11.95342 11.96789 11.8649 11.92767 12.18666 12.45866 12.48275 12.18615 11.55564 10.59057 9.52149 8.320738 6.768806 4.864099 3.118458 1.723079 .5289697 -.6108564 -1.990703 -3.558885 -4.677923 -5.412818 -5.852537 -6.586433 -6.786556 -7.018629 -6.50527 -2.278238
13.22931 12.57819 11.79113 10.85858 9.910574 9.009436 8.23651 7.791836 7.79074 8.252602 8.9732 9.839353 10.87921 11.757 12.33166 12.3627 11.98423 11.84054 11.92753 11.98732 11.78715 11.72157 11.81881 11.91115 11.86976 11.93867 12.09414 12.22369 12.41815 12.60507 12.64801 12.47137 12.40386 12.51534 12.59239 12.49906 12.53413 12.81511 13.18343 13.33945 13.07531 12.52326 11.59778 10.33652 9.076059 7.637382 5.86088 3.947603 2.29076 .948522 -.2884425 -1.71631 -3.338935 -4.523049 -5.313612 -5.832983 -6.667531 -6.979615 -7.29335 -6.384836 2.722408
13.5349 12.97645 12.2406 11.47913 10.80889 10.13577 9.455722 8.938192 8.839433 9.187113 9.881728 10.76566 11.90209 12.93033 13.64725 13.8845 13.62993 13.3766 13.27383 13.27277 13.1517 12.94442 12.88306 12.91545 12.85445 12.78279 12.81748 12.99401 13.20281 13.32664 13.38974 13.21798 13.02521 13.07337 13.21678 13.27514 13.34709 13.62193 13.98364 14.20216 13.98313 13.4571 12.6401 11.25667 9.752822 8.326264 6.697875 4.76851 2.885627 1.348117 .002712424 -1.499926 -3.18242 -4.44732 -5.29858 -5.96679 -6.836085 -7.285347 -7.578673 -5.908709 16.51598
13.64284 13.08997 12.32286 11.56401 11.04356 10.56495 10.02278 9.597422 9.552571 9.900615 10.58226 11.452 12.62815 13.69741 14.4945 14.86923 14.81025 14.69246 14.51345 14.30526 14.16764 13.91988 13.68803 13.60255 13.49127 13.41492 13.32075 13.44525 13.61087 13.77066 13.80242 13.67406 13.47199 13.43683 13.52904 13.70044 13.90981 14.33296 14.82339 14.96883 14.73536 14.25035 13.43187 12.12871 10.27435 8.77748 7.273119 5.470438 3.49953 1.735684 .2870114 -1.28053 -3.001466 -4.358227 -5.297356 -6.160894 -6.985381 -7.529846 -7.839956 -4.929586 1.965696
13.618 13.07903 12.26882 11.44104 10.90931 10.59347 10.26976 9.963859 9.920104 10.25562 10.89674 11.70972 12.87977 13.94705 14.7061 15.04345 15.18836 15.18969 15.09314 14.92132 14.6836 14.40588 14.12593 13.96955 13.75688 13.63578 13.5242 13.5919 13.70265 13.85485 13.89399 13.78442 13.57464 13.44594 13.43005 13.57551 13.78491 14.35051 15.23297 15.61986 15.15438 14.66907 13.91833 12.73316 10.77193 8.983829 7.491332 5.850647 3.936508 2.068328 .5262237 -1.051724 -2.740506 -4.161129 -5.234635 -6.289729 -7.100384 -7.746599 -8.339147 -6.588273 -9.730214
13.48187 13.03265 12.29457 11.42216 10.84079 10.55091 10.3498 10.13458 10.09786 10.35252 10.88781 11.56487 12.59286 13.53144 14.21367 14.58797 14.80796 14.9242 14.93001 14.88286 14.69126 14.3862 14.05547 13.88921 13.69358 13.52897 13.3791 13.39462 13.49814 13.6524 13.72534 13.63075 13.43056 13.22811 13.15334 13.27087 13.33452 13.76117 14.73539 15.53175 15.15711 14.57526 13.88026 12.72791 10.97481 8.857236 7.379254 5.832254 4.082078 2.266253 .7016725 -.8529964 -2.468157 -3.904408 -5.138626 -6.303098 -7.153368 -7.911388 -8.55619 -9.189094 -9.8531
13.29643 12.86857 12.23532 11.39162 10.75579 10.40106 10.17709 10.00738 9.934362 10.04071 10.34641 10.78964 11.56171 12.41997 13.10775 13.50487 13.81439 13.98455 14.08184 14.12443 13.97904 13.75458 13.46792 13.29186 13.13742 13.01868 12.89018 12.89068 12.99431 13.1749 13.30957 13.3588 13.23168 12.9441 12.8323 12.92951 12.93245 13.24286 13.98713 14.84827 14.68265 14.09632 13.38217 12.24478 10.71476 8.409482 6.936484 5.419647 3.798635 2.105918 .5953514 -.872688 -2.374476 -3.759362 -5.059135 -6.231329 -7.156964 -8.004842 -8.716928 -9.39789 -10.05303
12.79521 12.37506 11.75098 11.0265 10.40697 10.03895 9.797001 9.649414 9.461855 9.325155 9.376188 9.616164 10.11132 10.7608 11.26533 11.66682 12.04399 12.31692 12.5354 12.6328 12.4267 12.21815 12.07567 11.97645 11.87042 11.79043 11.75789 11.87078 12.09679 12.43379 12.65806 12.96402 13.11011 12.8382 12.70421 12.74335 12.7761 12.99602 13.49902 14.14838 14.02959 13.50797 12.75106 11.59028 10.14484 7.764835 6.281874 4.764345 3.218697 1.685385 .3144669 -1.018785 -2.391291 -3.715608 -4.961363 -6.070059 -7.069151 -7.9452 -8.724895 -9.469872 -10.15366
11.91417 11.47182 10.89671 10.24386 9.650908 9.300065 9.098533 9.057748 8.652729 8.221349 7.944254 7.922867 8.199905 8.808467 9.20086 9.463725 9.860917 10.34034 10.69553 10.84516 10.61973 10.34635 10.21697 10.24591 10.29027 10.19061 10.1475 10.30702 10.7452 11.31206 11.66338 12.25066 12.85208 12.79027 12.64733 12.58758 12.57315 12.65929 13.01352 13.42597 13.21799 12.65412 11.83406 10.70416 9.306214 6.9666 5.494178 3.975857 2.478174 1.094479 -.1343362 -1.322747 -2.552074 -3.758085 -4.837743 -5.831255 -6.858503 -7.726404 -8.533603 -9.328802 -10.09358
10.95017 10.39701 9.823442 9.183914 8.593965 8.218329 8.075017 8.176342 7.712134 7.191289 6.767192 6.565073 6.606673 7.025843 7.352443 7.566366 7.922463 8.50572 8.986587 9.177431 9.008452 8.771867 8.645224 8.694429 8.849422 8.809795 8.789515 8.960405 9.449624 10.1496 10.63476 11.35115 12.2196 12.45673 12.46013 12.39958 12.34449 12.30126 12.48253 12.59989 12.27236 11.63173 10.74495 9.67266 8.267604 6.078355 4.617916 3.098141 1.636681 .3589845 -.7609654 -1.807937 -2.855844 -3.856914 -4.737248 -5.59042 -6.519203 -7.366593 -7.145523 -5.977252 -9.840792
10.09876 9.516537 8.943811 8.299197 7.766862 7.4538 7.392684 7.378849 6.941364 6.45923 6.021661 5.720011 5.680161 5.881371 6.075442 6.287714 6.583345 7.073869 7.527386 7.791579 7.760413 7.656138 7.621964 7.692738 7.811874 7.848216 7.944931 8.202763 8.693494 9.330403 9.929138 10.71201 11.54276 12.00911 12.16329 12.1737 12.11845 12.02114 11.97922 11.77808 11.31927 10.52643 9.573 8.527457 7.053322 5.145265 3.688403 2.167351 .7334538 -.5273275 -1.62989 -2.549418 -3.369068 -4.12505 -4.806927 -5.485962 -6.244688 -1.667434 -.3026414 -.5018654 -2.503281
9.07891 8.58038 8.189799 7.61882 7.122158 6.904598 6.959367 6.881335 6.486286 6.063692 5.66952 5.349187 5.18119 5.193755 5.265809 5.450064 5.678081 6.036224 6.40571 6.697854 6.812234 6.876791 6.985693 7.102771 7.175857 7.249182 7.448537 7.773998 8.222607 8.781066 9.43966 10.22575 11.02049 11.60869 11.84657 11.91131 11.8718 11.74944 11.46734 11.01626 10.39236 9.47435 8.490324 7.375678 5.787042 4.195476 2.739259 1.222111 -.1957995 -1.582981 -2.778784 -3.627195 -4.242229 -4.770069 -5.245043 -5.703727 2.929034 3.50084 1.687012 .2280874 -1.377358
8.007704 7.579436 7.371862 6.936934 6.51052 6.338255 6.433518 6.410966 6.158592 5.841612 5.497785 5.12183 4.914662 4.761254 4.778452 4.888422 5.041142 5.351368 5.656916 5.937429 6.149498 6.34522 6.564957 6.7251 6.819151 6.918218 7.150506 7.474283 7.858395 8.362216 9.024553 9.772297 10.59898 11.26293 11.55563 11.65575 11.62641 11.4494 10.9581 10.34905 9.520163 8.559312 7.532335 6.307949 4.719337 3.312278 1.842546 .3281201 -1.142955 -2.783826 -4.006336 -4.881732 -5.427737 -5.792444 -5.728268 6.841276 2.760438 .9855297 .06781573 -.4524644 -1.073135
7.308687 6.917415 6.672606 6.326023 6.029791 5.919359 5.979968 6.022943 5.93648 5.742159 5.494215 5.136721 4.899327 4.638618 4.573111 4.677944 4.787123 5.070728 5.353718 5.573328 5.837183 6.096532 6.374692 6.574696 6.71775 6.835803 7.027649 7.288615 7.602199 8.046065 8.649924 9.359838 10.1705 10.85233 11.21583 11.36261 11.3363 11.0986 10.49645 9.732174 8.780272 7.793331 6.615958 5.273958 3.855512 2.522644 1.051535 -.4457531 -2.102208 -3.876461 -5.149625 -6.14195 -6.742938 -7.073865 5.178131 1.56352 .1037645 -.7166546 -1.325789 -2.025958 -2.269119
