py_wake/examples/data/AJ_ParqueFicticio/Ridge area   Sector 3   Height 200m   Flow inclination.grd
DSAA
90  129
 262878   265103
 6504214   6507414
-20.26172   19.17503
[rows 81 to 107 of 129, columns 0 to 59 of 90]
-11.30184 -11.36309 -11.38123 -11.40488 -11.47596 -11.55237 -11.611 -11.61092 -11.46974 -11.36422 -11.25027 -11.02809 -10.87206 -10.74681 -10.83379 -10.98959 -11.14972 -11.45008 -11.71281 -11.88208 -12.18787 -12.41984 -12.72678 -12.99713 -13.23187 -13.37308 -13.44681 -13.39072 -13.18426 -12.82694 -12.35606 -11.86478 -11.44738 -11.15625 -10.91055 -10.66628 -10.43417 -10.13073 -9.632954 -8.836508 -7.830466 -6.469158 -4.526896 -2.512357 -.5729621 1.518906 3.785104 6.153381 9.226878 11.89521 14.09444 16.07513 17.41663 18.31791 18.71772 18.70777 18.46469 18.17613 17.78629 17.34151
-11.84529 -11.75012 -11.61715 -11.48687 -11.39324 -11.31038 -11.14486 -10.97678 -10.89569 -10.83927 -10.63378 -10.39634 -10.25327 -10.05558 -9.990337 -10.07341 -10.36363 -10.69366 -10.97547 -11.00263 -11.26816 -11.57123 -11.97687 -12.31132 -12.52805 -12.61613 -12.67572 -12.62903 -12.43328 -12.15783 -11.79666 -11.4054 -11.02968 -10.71317 -10.474 -10.29901 -10.08159 -9.722836 -9.002844 -8.054785 -6.934277 -5.300497 -3.229083 -1.434137 .4216606 2.412924 4.542461 6.82343 9.999338 12.24431 14.39485 16.3622 17.6562 18.5345 18.86432 18.81912 18.53495 18.19114 17.70199 17.18693
-11.92704 -11.6974 -11.37548 -11.05215 -10.84403 -10.58415 -10.28318 -10.174 -10.16161 -10.03972 -9.787224 -9.579434 -9.366611 -9.122679 -9.170022 -9.380747 -9.727487 -10.04337 -10.26537 -10.21747 -10.57801 -10.95154 -11.39482 -11.7403 -11.9328 -11.97393 -12.02814 -11.99341 -11.78233 -11.54142 -11.25756 -10.94228 -10.64103 -10.36612 -10.13219 -9.943752 -9.613856 -9.076856 -8.05559 -6.987738 -5.736391 -4.017612 -1.99764 -.2985187 1.487584 3.330304 5.334071 7.563313 10.47803 12.39283 14.41378 16.24586 17.46818 18.30227 18.64146 18.59538 18.24138 17.83838 17.31598 16.84714
-11.63323 -11.30415 -10.88453 -10.5282 -10.19194 -9.80815 -9.527125 -9.430769 -9.393137 -9.228427 -9.004996 -8.819793 -8.652777 -8.500901 -8.604234 -8.875794 -9.252136 -9.578766 -9.835442 -9.923165 -10.27299 -10.65156 -11.0627 -11.38309 -11.58847 -11.59243 -11.58175 -11.53881 -11.33085 -11.12825 -10.90113 -10.60757 -10.33066 -10.08062 -9.8014 -9.475268 -9.011005 -8.205191 -6.934866 -5.723761 -4.354267 -2.641968 -.7215919 .9216439 2.600698 4.296398 6.193041 8.371327 10.75241 12.41928 14.23736 15.80762 16.94685 17.78733 18.19313 18.1592 17.74093 17.33048 16.86113 16.49329
-11.07351 -10.66866 -10.24979 -9.884834 -9.411242 -9.002757 -8.768891 -8.671307 -8.611592 -8.474232 -8.302747 -8.183776 -8.180284 -8.274015 -8.537163 -8.8933 -9.298433 -9.648292 -9.969782 -10.19746 -10.52977 -10.85186 -11.17778 -11.40424 -11.53469 -11.49554 -11.39021 -11.28396 -11.07331 -10.9008 -10.66913 -10.35244 -10.05852 -9.74842 -9.333992 -8.815557 -8.19329 -7.1069 -5.656198 -4.291712 -2.795398 -1.112867 .6736553 2.271992 3.814492 5.392966 7.175457 9.068929 10.85585 12.33685 13.95645 15.27487 16.35851 17.20435 17.68178 17.65381 17.18199 16.81541 16.46592 16.172
-10.30877 -9.90862 -9.500596 -9.10028 -8.573985 -8.150302 -7.895472 -7.77233 -7.737054 -7.710379 -7.712996 -7.838737 -8.113423 -8.450806 -8.866363 -9.313271 -9.722034 -10.07899 -10.43348 -10.71484 -11.0384 -11.2739 -11.46459 -11.51431 -11.49913 -11.43217 -11.25132 -11.09412 -10.90202 -10.73813 -10.48734 -10.09463 -9.718498 -9.228062 -8.61082 -7.984551 -7.152416 -5.807669 -4.224295 -2.674397 -1.049138 .6140804 2.314054 3.892844 5.356309 6.783236 8.219131 9.596483 10.93089 12.26083 13.66092 14.7571 15.78284 16.58337 17.08388 17.06185 16.61097 16.3286 16.10705 15.835
-9.356659 -8.946404 -8.530934 -8.092794 -7.597233 -7.247593 -7.100269 -7.10409 -7.168117 -7.304266 -7.540819 -7.932401 -8.477097 -9.062863 -9.680786 -10.22487 -10.60221 -10.87342 -11.10123 -11.30682 -11.48946 -11.57576 -11.56176 -11.41254 -11.27082 -11.16445 -10.97254 -10.81163 -10.65892 -10.47911 -10.18859 -9.748329 -9.201768 -8.422326 -7.683154 -6.936613 -5.9382 -4.373365 -2.659775 -.9028814 .7954634 2.3774 3.90629 5.302938 6.600097 7.752292 8.887089 9.995004 11.03012 12.22806 13.39439 14.32643 15.2085 15.87262 16.35143 16.33233 15.94249 15.64177 15.49112 15.23658
-8.422187 -8.050407 -7.640172 -7.187517 -6.750812 -6.522079 -6.49121 -6.651932 -6.869807 -7.251976 -7.759737 -8.443925 -9.263197 -10.08823 -10.88688 -11.51695 -11.84182 -11.88733 -11.82104 -11.73663 -11.60093 -11.4032 -11.19662 -10.95826 -10.77263 -10.66312 -10.51842 -10.41354 -10.30582 -10.13529 -9.795968 -9.274792 -8.477832 -7.449202 -6.606965 -5.720908 -4.567671 -2.839326 -.9674969 .9710039 2.716274 4.180984 5.53618 6.754365 7.856271 8.806809 9.690203 10.56376 11.37439 12.29598 13.1618 13.9067 14.59261 15.13633 15.60044 15.59113 15.2585 14.91161 14.79896 14.61572
-7.557813 -7.245656 -6.870493 -6.432386 -6.037521 -5.916025 -6.030146 -6.402011 -6.896753 -7.625794 -8.499925 -9.502593 -10.55584 -11.51579 -12.34282 -13.00298 -13.20486 -12.76828 -12.26699 -11.69969 -11.08536 -10.64999 -10.35077 -10.22113 -10.1452 -10.08268 -10.00725 -9.959457 -9.859988 -9.672604 -9.248561 -8.59847 -7.540717 -6.341674 -5.405718 -4.382176 -3.088633 -1.238219 .772592 2.858255 4.647856 6.055979 7.332073 8.4777 9.497256 10.14462 10.65393 11.14937 11.59993 12.25942 12.86841 13.42352 13.99105 14.49519 14.93627 14.9184 14.61735 14.23901 14.11568 14.03764
-6.688886 -6.458736 -6.184294 -5.81616 -5.542059 -5.598521 -5.922504 -6.520147 -7.358015 -8.397918 -9.596122 -10.88957 -12.116 -12.90823 -13.16349 -13.07109 -12.10341 -10.77464 -10.15716 -9.437665 -8.65134 -8.72636 -8.846559 -9.213303 -9.458536 -9.494688 -9.490246 -9.467805 -9.334385 -9.060081 -8.481511 -7.631584 -6.323814 -4.978497 -3.91528 -2.767974 -1.327106 .5566937 2.636763 4.835226 6.819853 8.135332 9.127841 9.999214 10.75661 11.07313 11.32318 11.56715 11.8476 12.25838 12.63085 13.04783 13.58584 14.13769 14.51566 14.43463 14.05152 13.63807 13.45598 13.47162
-5.867579 -5.703734 -5.499122 -5.258374 -5.23462 -5.531912 -6.144335 -7.015448 -8.11882 -9.365107 -10.73217 -12.17807 -13.01055 -12.30125 -11.27984 -10.29358 -8.55807 -6.557494 -6.203547 -5.730675 -5.320894 -6.838837 -7.602409 -8.400046 -8.822417 -8.93257 -8.994012 -8.954668 -8.73673 -8.312807 -7.504711 -6.433077 -4.991672 -3.523362 -2.319515 -1.029134 .5988426 2.504935 4.654507 6.955619 8.640302 9.698734 10.57326 11.42522 12.00775 12.06748 12.02454 12.02293 12.09872 12.26102 12.50934 12.88754 13.50736 14.10316 14.34646 14.08029 13.59733 13.17599 12.95183 12.89844
-5.267694 -5.223663 -5.133138 -5.089131 -5.391302 -6.013054 -6.864732 -7.89586 -9.067303 -10.26904 -11.47529 -12.76494 -11.19001 -9.737253 -8.814821 -8.300095 -7.186089 -5.810933 -5.540414 -5.48874 -6.243164 -7.627207 -8.078769 -8.332321 -8.415804 -8.472541 -8.526256 -8.397142 -8.035157 -7.45026 -6.429524 -5.189801 -3.687023 -2.133839 -.7990901 .633853 2.353136 4.239091 6.38589 8.567182 10.12185 11.26781 12.1062 12.78457 13.04831 12.84689 12.57507 12.36997 12.30788 12.38293 12.64524 13.03161 13.68965 14.19355 14.24766 13.78933 13.19342 12.71447 12.33963 12.09654
-5.246655 -5.327288 -5.509945 -5.836369 -6.345085 -7.10666 -8.05572 -9.082033 -10.09672 -10.97564 -11.62486 -11.84785 -9.708207 -7.911253 -7.710081 -7.614793 -7.277231 -7.521379 -8.390343 -8.655093 -8.846672 -8.777208 -8.55537 -8.336968 -8.214573 -8.158175 -8.041527 -7.698879 -7.166464 -6.398612 -5.209588 -3.861541 -2.34023 -.7836927 .6234955 2.175522 3.901512 5.742804 7.800028 9.843875 11.45324 12.486 13.19353 13.73328 13.82831 13.4926 13.04436 12.65886 12.50216 12.51247 12.73712 13.06021 13.74623 14.16185 14.03874 13.46065 12.76772 12.16187 11.60225 11.18379
-5.772921 -6.144211 -6.597525 -7.13903 -7.827434 -8.621006 -9.525372 -10.42621 -11.17471 -11.71824 -12.01203 -12.0696 -11.71485 -10.93108 -10.74547 -10.80939 -10.73881 -10.62512 -10.33915 -9.939704 -9.48109 -9.021815 -8.64763 -8.395545 -8.170582 -7.931146 -7.495106 -6.838126 -6.093041 -5.118189 -3.808125 -2.380303 -.8205709 .7248917 2.118484 3.669291 5.273545 6.975085 8.84249 10.64687 12.08008 13.11356 13.8031 14.24632 14.29866 13.88629 13.34903 12.93695 12.75839 12.70996 12.86922 13.20418 13.85813 14.10266 13.89243 13.22007 12.36275 11.58528 10.88462 10.3729
-6.752358 -7.285972 -7.816534 -8.395098 -9.120973 -9.929413 -10.78581 -11.5382 -12.02548 -12.37443 -12.55202 -12.55967 -12.44634 -12.21106 -11.98512 -11.70959 -11.35809 -10.92383 -10.43994 -9.947636 -9.482593 -9.077705 -8.720918 -8.402085 -8.027794 -7.536598 -6.734428 -5.813422 -4.846042 -3.665106 -2.256073 -.8053825 .7198392 2.135957 3.436969 4.831813 6.232511 7.742485 9.351596 11.00496 12.32918 13.26706 13.96729 14.50348 14.61986 14.17675 13.58012 13.07551 12.79437 12.68315 12.83274 13.16669 13.7433 13.96364 13.66498 12.91194 11.94261 11.04483 10.24364 9.68452
-7.875505 -8.467117 -9.025318 -9.569235 -10.23171 -10.90557 -11.58673 -12.17 -12.47855 -12.71101 -12.80104 -12.7517 -12.59816 -12.30348 -11.92706 -11.54567 -11.13405 -10.66086 -10.1993 -9.795439 -9.437203 -9.0852 -8.647172 -8.159672 -7.619461 -6.826849 -5.736059 -4.668756 -3.503621 -2.153688 -.6640176 .7865463 2.294257 3.611181 4.803187 6.001299 7.163644 8.429965 9.73351 11.12059 12.29926 13.23086 14.04476 14.67165 14.82797 14.40415 13.75218 13.18217 12.86501 12.7474 12.87713 13.09507 13.58089 13.77176 13.44675 12.66659 11.6518 10.6798 9.78758 9.143241
-9.064032 -9.614009 -10.11264 -10.58708 -11.08932 -11.58624 -12.11073 -12.51837 -12.69454 -12.80428 -12.78123 -12.62922 -12.39408 -12.06011 -11.68832 -11.28339 -10.86639 -10.42072 -9.985385 -9.649996 -9.290073 -8.874894 -8.217266 -7.573133 -6.879529 -5.841816 -4.588248 -3.409815 -2.085382 -.5767138 .9759386 2.437371 3.872754 5.083953 6.136213 7.11123 7.985582 8.888101 9.865667 10.96665 12.10065 13.10449 13.99284 14.67707 14.92352 14.54409 13.8448 13.26432 12.92423 12.74706 12.76781 12.89816 13.40438 13.5774 13.25106 12.44762 11.4258 10.37484 9.341964 8.559155
-9.947948 -10.44681 -10.86416 -11.28536 -11.64722 -11.99767 -12.3899 -12.59703 -12.65051 -12.63999 -12.56182 -12.39936 -12.16166 -11.83634 -11.45524 -11.02229 -10.61942 -10.16723 -9.721008 -9.321441 -8.826809 -8.257562 -7.441208 -6.695085 -5.885087 -4.752555 -3.418113 -2.135664 -.7109745 .9050152 2.462586 3.918394 5.253413 6.371051 7.286849 8.01806 8.58001 9.120649 9.793633 10.69328 11.62009 12.62163 13.55403 14.33071 14.68822 14.47795 13.86614 13.32936 12.95192 12.70133 12.64759 12.76421 13.25113 13.36777 13.07793 12.31058 11.33555 10.21198 9.033164 8.094307
-10.44427 -10.85176 -11.19698 -11.58678 -11.85654 -12.12445 -12.42182 -12.55908 -12.57648 -12.52878 -12.41812 -12.24064 -11.96379 -11.6222 -11.24061 -10.78463 -10.33742 -9.833958 -9.343636 -8.842257 -8.242807 -7.52795 -6.624203 -5.765203 -4.84956 -3.702423 -2.376257 -1.042232 .4709201 2.236272 3.872578 5.36365 6.650273 7.679119 8.382679 8.79915 9.011036 9.195339 9.561385 10.18236 10.89289 11.90518 12.89406 13.73603 14.18263 14.14524 13.6863 13.22666 12.87134 12.62959 12.55165 12.66199 13.04297 13.14795 12.86141 12.14364 11.18829 10.03498 8.808495 7.784543
1.70141E+38 1.70141E+38 1.70141E+38 1.70141E+38 1.70141E+38 1.70141E+38 1.70141E+38 1.70141E+38 1.70141E+38 1.70141E+38 1.70141E+38 1.70141E+38 1.70141E+38 1.70141E+38 1.70141E+38 1.70141E+38 1.70141E+38 1.70141E+38 1.70141E+38 1.70141E+38 1.70141E+38 1.70141E+38 1.70141E+38 1.70141E+38 1.70141E+38 1.70141E+38 1.70141E+38 1.70141E+38 1.70141E+38 1.70141E+38 1.70141E+38 1.70141E+38 1.70141E+38 1.70141E+38 1.70141E+38 1.70141E+38 1.70141E+38 1.70141E+38 1.70141E+38 1.70141E+38 1.70141E+38 1.70141E+38 1.70141E+38 1.70141E+38 1.70141E+38 1.70141E+38 1.70141E+38 1.70141E+38 1.70141E+38 1.70141E+38 1.70141E+38 1.70141E+38 1.70141E+38 1.70141E+38 1.70141E+38 1.70141E+38 1.70141E+38 1.70141E+38 1.70141E+38 1.70141E+38
1.70141E+38 1.70141E+38 1.70141E+38 1.70141E+38 1.70141E+38 1.70141E+38 1.70141E+38 1.70141E+38 1.70141E+38 1.70141E+38 1.70141E+38 1.70141E+38 1.70141E+38 1.70141E+38 1.70141E+38 1.70141E+38 1.70141E+38 1.70141E+38 1.70141E+38 1.70141E+38 1.70141E+38 1.70141E+38 1.70141E+38 1.70141E+38 1.70141E+38 1.70141E+38 1.70141E+38 1.70141E+38 1.70141E+38 1.70141E+38 1.70141E+38 1.70141E+38 1.70141E+38 1.70141E+38 1.70141E+38 1.70141E+38 1.70141E+38 1.70141E+38 1.70141E+38 1.70141E+38 1.70141E+38 1.70141E+38 1.70141E+38 1.70141E+38 1.70141E+38 1.70141E+38 1.70141E+38 1.70141E+38 1.70141E+38 1.70141E+38 1.70141E+38 1.70141E+38 1.70141E+38 1.70141E+38 1.70141E+38 1.70141E+38 1.70141E+38 1.70141E+38 1.70141E+38 1.70141E+38
1.70141E+38 1.70141E+38 1.70141E+38 1.70141E+38 1.70141E+38 1.70141E+38 1.70141E+38 1.70141E+38 1.70141E+38 1.70141E+38 1.70141E+38 1.70141E+38 1.70141E+38 1.70141E+38 1.70141E+38 1.70141E+38 1.70141E+38 1.70141E+38 1.70141E+38 1.70141E+38 1.70141E+38 1.70141E+38 1.70141E+38 1.70141E+38 1.70141E+38 1.70141E+38 1.70141E+38 1.70141E+38 1.70141E+38 1.70141E+38 1.70141E+38 1.70141E+38 1.70141E+38 1.70141E+38 1.70141E+38 1.70141E+38 1.70141E+38 1.70141E+38 1.70141E+38 1.70141E+38 1.70141E+38 1.70141E+38 1.70141E+38 1.70141E+38 1.70141E+38 1.70141E+38 1.70141E+38 1.70141E+38 1.70141E+38 1.70141E+38 1.70141E+38 1.70141E+38 1.70141E+38 1.70141E+38 1.70141E+38 1.70141E+38 1.70141E+38 1.70141E+38 1.70141E+38 1.70141E+38
1.70141E+38 1.70141E+38 1.70141E+38 1.70141E+38 1.70141E+38 1.70141E+38 1.70141E+38 1.70141E+38 1.70141E+38 1.70141E+38 1.70141E+38 1.70141E+38 1.70141E+38 1.70141E+38 1.70141E+38 1.70141E+38 1.70141E+38 1.70141E+38 1.70141E+38 1.70141E+38 1.70141E+38 1.70141E+38 1.70141E+38 1.70141E+38 1.70141E+38 1.70141E+38 1.70141E+38 1.70141E+38 1.70141E+38 1.70141E+38 1.70141E+38 1.70141E+38 1.70141E+38 1.70141E+38 1.70141E+38 1.70141E+38 1.70141E+38 1.70141E+38 1.70141E+38 1.70141E+38 1.70141E+38 1.70141E+38 1.70141E+38 1.70141E+38 1.70141E+38 1.70141E+38 1.70141E+38 1.70141E+38 1.70141E+38 1.70141E+38 1.70141E+38 1.70141E+38 1.70141E+38 1.70141E+38 1.70141E+38 1.70141E+38 1.70141E+38 1.70141E+38 1.70141E+38 1.70141E+38
1.70141E+38 1.70141E+38 1.70141E+38 1.70141E+38 1.70141E+38 1.70141E+38 1.70141E+38 1.70141E+38 1.70141E+38 1.70141E+38 1.70141E+38 1.70141E+38 1.70141E+38 1.70141E+38 1.70141E+38 1.70141E+38 1.70141E+38 1.70141E+38 1.70141E+38 1.70141E+38 1.70141E+38 1.70141E+38 1.70141E+38 1.70141E+38 1.70141E+38 1.70141E+38 1.70141E+38 1.70141E+38 1.70141E+38 1.70141E+38 1.70141E+38 1.70141E+38 1.70141E+38 1.70141E+38 1.70141E+38 1.70141E+38 1.70141E+38 1.70141E+38 1.70141E+38 1.70141E+38 1.70141E+38 1.70141E+38 1.70141E+38 1.70141E+38 1.70141E+38 1.70141E+38 1.70141E+38 1.70141E+38 1.70141E+38 1.70141E+38 1.70141E+38 1.70141E+38 1.70141E+38 1.70141E+38 1.70141E+38 1.70141E+38 1.70141E+38 1.70141E+38 1.70141E+38 1.70141E+38
1.70141E+38 1.70141E+38 1.70141E+38 1.70141E+38 1.70141E+38 1.70141E+38 1.70141E+38 1.70141E+38 1.70141E+38 1.70141E+38 1.70141E+38 1.70141E+38 1.70141E+38 1.70141E+38 1.70141E+38 1.70141E+38 1.70141E+38 1.70141E+38 1.70141E+38 1.70141E+38 1.70141E+38 1.70141E+38 1.70141E+38 1.70141E+38 1.70141E+38 1.70141E+38 1.70141E+38 1.70141E+38 1.70141E+38 1.70141E+38 1.70141E+38 1.70141E+38 1.70141E+38 1.70141E+38 1.70141E+38 1.70141E+38 1.70141E+38 1.70141E+38 1.70141E+38 1.70141E+38 1.70141E+38 1.70141E+38 1.70141E+38 1.70141E+38 1.70141E+38 1.70141E+38 1.70141E+38 1.70141E+38 1.70141E+38 1.70141E+38 1.70141E+38 1.70141E+38 1.70141E+38 1.70141E+38 1.70141E+38 1.70141E+38 1.70141E+38 1.70141E+38 1.70141E+38 1.70141E+38
1.70141E+38 1.70141E+38 1.70141E+38 1.70141E+38 1.70141E+38 1.70141E+38 1.70141E+38 1.70141E+38 1.70141E+38 1.70141E+38 1.70141E+38 1.70141E+38 1.70141E+38 1.70141E+38 1.70141E+38 1.70141E+38 1.70141E+38 1.70141E+38 1.70141E+38 1.70141E+38 1.70141E+38 1.70141E+38 1.70141E+38 1.70141E+38 1.70141E+38 1.70141E+38 1.70141E+38 1.70141E+38 1.70141E+38 1.70141E+38 1.70141E+38 1.70141E+38 1.70141E+38 1.70141E+38 1.70141E+38 1.70141E+38 1.70141E+38 1.70141E+38 1.70141E+38 1.70141E+38 1.70141E+38 1.70141E+38 1.70141E+38 1.70141E+38 1.70141E+38 1.70141E+38 1.70141E+38 1.70141E+38 1.70141E+38 1.70141E+38 1.70141E+38 1.70141E+38 1.70141E+38 1.70141E+38 1.70141E+38 1.70141E+38 1.70141E+38 1.70141E+38 1.70141E+38 1.70141E+38
1.70141E+38 1.70141E+38 1.70141E+38 1.70141E+38 1.70141E+38 1.70141E+38 1.70141E+38 1.70141E+38 1.70141E+38 1.70141E+38 1.70141E+38 1.70141E+38 1.70141E+38 1.70141E+38 1.70141E+38 1.70141E+38 1.70141E+38 1.70141E+38 1.70141E+38 1.70141E+38 1.70141E+38 1.70141E+38 1.70141E+38 1.70141E+38 1.70141E+38 1.70141E+38 1.70141E+38 1.70141E+38 1.70141E+38 1.70141E+38 1.70141E+38 1.70141E+38 1.70141E+38 1.70141E+38 1.70141E+38 1.70141E+38 1.70141E+38 1.70141E+38 1.70141E+38 1.70141E+38 1.70141E+38 1.70141E+38 1.70141E+38 1.70141E+38 1.70141E+38 1.70141E+38 1.70141E+38 1.70141E+38 1.70141E+38 1.70141E+38 1.70141E+38 1.70141E+38 1.70141E+38 1.70141E+38 1.70141E+38 1.70141E+38 1.70141E+38 1.70141E+38 1.70141E+38 1.70141E+38
