py_wake/examples/data/AJ_ParqueFicticio/Ridge area   Sector 12   Height 30m   Mean speed.grd
DSAA
90  129
 262878   265103
 6504214   6507414
 .2675334   6.021874
[rows 27 to 53 of 129, columns 0 to 61 of 90]
3.832426 3.848564 3.86704 3.875511 3.864428 3.831634 3.780565 3.712278 3.648029 3.604183 3.552214 3.498783 3.455161 3.430685 3.432749 3.454576 3.480922 3.496727 3.49192 3.470322 3.468994 3.487732 3.527631 3.597721 3.683819 3.784227 3.887998 3.997745 4.119669 4.227901 4.334296 4.438393 4.53663 4.636508 4.709311 4.780954 4.846321 4.903485 4.963087 4.994355 4.978927 4.937246 4.869765 4.780684 4.671568 4.544082 4.404768 4.227146 4.016447 3.768327 3.432112 3.02236 2.590627 2.137261 1.678901 1.282233 1.027588 .9265174 .8316387 .7643931 .7443427 .7744388
3.770849 3.788918 3.81083 3.825956 3.826721 3.812138 3.78308 3.739259 3.682759 3.650725 3.605492 3.556863 3.508284 3.469283 3.444913 3.435027 3.428337 3.411536 3.38079 3.340951 3.323283 3.333471 3.368201 3.434856 3.504802 3.577769 3.657372 3.740676 3.842387 3.948894 4.049547 4.151751 4.261768 4.375192 4.470621 4.560333 4.649448 4.72839 4.813898 4.881913 4.906717 4.90505 4.867559 4.788305 4.67069 4.532883 4.385405 4.202677 3.977458 3.716143 3.362269 2.932292 2.496512 2.035579 1.342798 1.187279 .9840865 .916599 .7143513 .6587391 .6606013 .7130936
3.698196 3.717691 3.738588 3.752678 3.757957 3.757473 3.750758 3.736532 3.712315 3.691718 3.658623 3.608097 3.562057 3.524139 3.487429 3.451324 3.410504 3.361335 3.304204 3.253847 3.234598 3.241181 3.265228 3.313543 3.357083 3.388019 3.438213 3.500946 3.583366 3.675917 3.76593 3.861165 3.968452 4.091033 4.209705 4.314378 4.42415 4.528931 4.64102 4.746317 4.815527 4.859302 4.862586 4.808087 4.691331 4.53976 4.37274 4.179772 3.941087 3.660215 3.283077 2.832622 2.394969 1.575021 1.202512 1.161024 .951187 .9150929 .6039958 .5600568 .5825161 .6562161
3.605739 3.624617 3.641402 3.650689 3.65405 3.656675 3.661398 3.670186 3.678075 3.68806 3.673048 3.635708 3.59929 3.569861 3.535301 3.486511 3.425874 3.357978 3.289834 3.244075 3.242904 3.247487 3.255904 3.281725 3.290032 3.276785 3.297651 3.343873 3.400906 3.468899 3.542031 3.614743 3.692383 3.812399 3.948541 4.069374 4.190535 4.318021 4.457455 4.597092 4.711684 4.806179 4.859501 4.836438 4.738131 4.582613 4.385943 4.171355 3.910659 3.602741 3.205992 2.747248 1.659568 1.461091 1.193205 1.113238 .9606355 .9289263 .4962848 .4646584 .5073956 .6020513
3.478982 3.490624 3.498792 3.496462 3.492042 3.49334 3.500242 3.516173 3.546156 3.594463 3.609215 3.608658 3.600437 3.582238 3.551826 3.505724 3.447162 3.390593 3.350881 3.341284 3.355652 3.365928 3.370213 3.37642 3.357522 3.325096 3.316843 3.327142 3.338618 3.364651 3.408962 3.46252 3.527785 3.626279 3.744179 3.863531 3.9859 4.121989 4.278661 4.443671 4.59345 4.725726 4.814506 4.825008 4.755007 4.620972 4.41194 4.170898 3.89365 3.570389 3.17127 1.924753 1.578124 1.446637 1.381715 1.1068 1.002335 .9820687 .3845448 .3714381 .4339395 .5488625
3.337348 3.338131 3.33444 3.318045 3.300115 3.293799 3.311343 3.343884 3.393142 3.453817 3.497366 3.529787 3.54952 3.548554 3.527979 3.493 3.457008 3.445435 3.462406 3.490218 3.516461 3.53506 3.537899 3.524953 3.494271 3.455424 3.423698 3.400096 3.371118 3.350829 3.360553 3.391892 3.442729 3.508183 3.591217 3.690967 3.806183 3.942001 4.106826 4.287542 4.465367 4.628303 4.736879 4.776003 4.733034 4.621776 4.432702 4.177454 3.893335 3.56021 3.162976 1.682976 1.747609 1.858682 1.398815 1.122447 1.051403 1.047395 1.019808 .2989948 .3714267 .5065379
3.205717 3.194158 3.180037 3.153118 3.139296 3.142301 3.157762 3.187787 3.237165 3.307687 3.376944 3.434924 3.471893 3.482383 3.47384 3.460235 3.463669 3.514435 3.591162 3.65157 3.690349 3.707985 3.704981 3.685466 3.648164 3.60141 3.562604 3.527177 3.472971 3.425923 3.397937 3.384153 3.406746 3.442052 3.488856 3.566304 3.668023 3.792873 3.953393 4.139235 4.340519 4.532029 4.655555 4.714179 4.696554 4.599449 4.440078 4.191833 3.900748 3.570371 3.194822 2.494675 2.330148 1.907581 1.486507 1.210667 1.126342 1.123056 1.105026 .2675334 .3260588 .4860706
3.08545 3.067101 3.044881 3.00986 2.995434 3.000263 3.019699 3.058908 3.117225 3.194119 3.278019 3.350078 3.396298 3.416982 3.425051 3.440157 3.494185 3.597306 3.707169 3.793422 3.840326 3.857128 3.858737 3.841554 3.804551 3.763849 3.730983 3.699476 3.657625 3.602926 3.546664 3.505299 3.492092 3.487899 3.507868 3.561491 3.626655 3.735238 3.875614 4.04812 4.259601 4.460195 4.588218 4.659297 4.662665 4.578389 4.442233 4.223524 3.951468 3.649424 3.292679 2.883707 2.436828 2.002695 1.628085 1.382049 1.249457 1.214303 1.194453 1.130166 .8558669 .5027214
2.972988 2.944981 2.90744 2.860334 2.852231 2.868826 2.904922 2.964232 3.041891 3.130934 3.22033 3.29404 3.347345 3.386052 3.424365 3.47876 3.573954 3.695095 3.80679 3.892467 3.945735 3.976073 3.990668 3.98894 3.971972 3.954296 3.936401 3.923887 3.899752 3.84871 3.794705 3.747957 3.708495 3.677753 3.678564 3.690557 3.728656 3.807578 3.917075 4.054487 4.243815 4.429245 4.550159 4.626392 4.645803 4.576358 4.453543 4.274978 4.029415 3.760941 3.448766 3.067117 2.631664 2.202103 1.82906 1.562861 1.40367 1.333881 1.296866 1.304915 1.204388 1.324491
2.877194 2.823175 2.760161 2.6929 2.69646 2.731276 2.790573 2.873468 2.973121 3.076789 3.172048 3.253346 3.32951 3.402494 3.483564 3.582515 3.691981 3.800277 3.897798 3.972185 4.025254 4.067647 4.096529 4.121595 4.136627 4.145415 4.156589 4.171388 4.167133 4.128765 4.0788 4.024906 3.976707 3.936791 3.918394 3.910768 3.921892 3.966174 4.037613 4.142382 4.288936 4.438492 4.545234 4.619577 4.659587 4.603906 4.485956 4.323956 4.126855 3.893111 3.6283 3.285407 2.867591 2.438661 2.057284 1.772363 1.577477 1.481131 1.445365 1.482329 1.477623 1.573457
2.798194 2.698382 2.598214 2.506346 2.52282 2.577436 2.659789 2.764398 2.885264 3.027914 3.178185 3.299624 3.403973 3.495559 3.599941 3.722 3.826339 3.913327 3.987202 4.046979 4.104971 4.151636 4.195314 4.240399 4.283698 4.321241 4.358622 4.398015 4.425931 4.408034 4.361372 4.308754 4.25675 4.216966 4.181418 4.160374 4.153134 4.164149 4.191623 4.257996 4.372107 4.491697 4.584457 4.649448 4.698733 4.665378 4.547397 4.389227 4.219892 4.019044 3.777542 3.490576 3.105192 2.675689 2.28998 1.999035 1.785105 1.659266 1.621812 1.680028 1.737125 1.316348
2.751683 2.570848 2.419852 2.309663 2.332862 2.398013 2.496643 2.618939 2.798706 3.022346 3.218001 3.391204 3.544069 3.676867 3.784389 3.871936 3.969922 4.048939 4.100077 4.149457 4.204961 4.255216 4.303593 4.354969 4.412923 4.471038 4.53026 4.588086 4.636971 4.649529 4.625925 4.589885 4.539468 4.494052 4.451496 4.419963 4.392186 4.374504 4.378247 4.419988 4.503326 4.597287 4.673099 4.721439 4.755228 4.729626 4.623039 4.472554 4.309428 4.13135 3.917751 3.654795 3.305605 2.886152 2.491265 2.200905 1.981195 1.835752 1.808911 1.887826 1.249119 1.408446
2.709583 2.454499 2.243617 2.124924 2.130503 2.191771 2.299901 2.446445 2.732053 2.997995 3.238399 3.46635 3.673316 3.849479 3.983845 4.07992 4.153861 4.203656 4.250391 4.292143 4.331553 4.372713 4.420527 4.47812 4.540546 4.608023 4.679727 4.74934 4.811313 4.849132 4.855748 4.841926 4.811763 4.769801 4.729785 4.6847 4.646221 4.614236 4.599342 4.619233 4.671828 4.736144 4.78101 4.808631 4.819783 4.784769 4.685731 4.559466 4.411 4.237377 4.048983 3.807887 3.467997 3.052367 2.656193 2.356723 2.13359 2.008201 1.998948 2.087903 1.392314 1.523682
2.681221 2.364403 2.095373 1.949547 1.912382 1.954112 2.06425 2.29767 2.63013 2.94421 3.24079 3.527015 3.78347 3.991572 4.1562 4.281011 4.361034 4.419199 4.458485 4.482798 4.506882 4.542953 4.597265 4.661308 4.729792 4.783069 4.823194 4.894631 4.97126 5.024276 5.057661 5.067558 5.062786 5.032117 4.998894 4.953006 4.899075 4.85599 4.828307 4.825839 4.850705 4.882564 4.899746 4.910473 4.91018 4.869064 4.771737 4.645455 4.503141 4.338138 4.164223 3.957861 3.624342 3.193652 2.804347 2.504243 2.278211 2.164802 2.181423 2.282829 1.553447 1.682661
2.689849 2.306566 1.96787 1.750183 1.662224 1.681472 1.798183 2.136858 2.503972 2.857552 3.20415 3.544381 3.845907 4.085072 4.274948 4.419488 4.520806 4.584991 4.63193 4.654424 4.666834 4.704244 4.762644 4.841825 4.923021 4.999009 5.059532 5.093615 5.099717 5.161443 5.209307 5.238881 5.254687 5.239387 5.215096 5.19045 5.144494 5.085434 5.039221 5.016431 5.018436 5.040243 5.045675 5.032649 5.012563 4.966016 4.875931 4.739472 4.5924 4.438805 4.267553 4.06549 3.763805 3.341608 2.947457 2.641613 2.419794 2.314147 2.345884 2.466692 2.424508 2.172935
2.72884 2.258369 1.81726 1.502761 1.371544 1.391 1.585364 1.977185 2.357257 2.737038 3.123996 3.500473 3.823075 4.08074 4.286166 4.44769 4.571638 4.659128 4.715185 4.746769 4.773221 4.804268 4.85147 4.928555 5.012404 5.094678 5.165925 5.219404 5.246094 5.238086 5.275434 5.324397 5.350584 5.357183 5.35344 5.346833 5.311971 5.253193 5.201715 5.169796 5.168811 5.175729 5.160572 5.128194 5.097106 5.042788 4.953771 4.838034 4.688851 4.528621 4.348136 4.134206 3.85919 3.470607 3.077424 2.76633 2.558944 2.462217 2.504728 2.644214 2.607876 2.609706
2.762227 2.192477 1.645491 1.25521 1.086529 1.120406 1.448342 1.802917 2.178243 2.579209 2.99361 3.392383 3.726737 3.995588 4.208477 4.376356 4.512665 4.623651 4.711831 4.770908 4.80931 4.837206 4.874796 4.93304 5.000948 5.074759 5.144467 5.206683 5.244539 5.258737 5.258814 5.322801 5.363628 5.395519 5.415899 5.421747 5.409724 5.376744 5.336794 5.307964 5.292941 5.280788 5.259801 5.223313 5.184432 5.1214 5.025998 4.912469 4.776019 4.605861 4.415172 4.191987 3.91828 3.557969 3.18073 2.876682 2.688585 2.618964 2.672068 2.644047 2.632351 2.706246
2.862512 2.17778 1.530653 1.085055 .8884624 1.07333 1.321234 1.597667 1.954034 2.370366 2.801871 3.212987 3.560141 3.842939 4.069715 4.250703 4.390529 4.51128 4.622873 4.717477 4.78111 4.825329 4.864325 4.904835 4.953691 5.005871 5.056687 5.117272 5.176563 5.205724 5.218595 5.264903 5.318652 5.3701 5.411667 5.435295 5.448373 5.449795 5.435206 5.411833 5.392169 5.380864 5.363132 5.327989 5.28863 5.217514 5.106401 4.981464 4.847427 4.677895 4.481199 4.253537 3.977213 3.641391 3.279921 2.97615 2.798357 2.75771 2.617289 2.521359 2.575642 2.722466
3.052298 2.300284 1.561678 1.110346 1.013539 1.084274 1.189072 1.367695 1.690518 2.108338 2.553042 2.977569 3.330004 3.62178 3.860138 4.054444 4.192361 4.305783 4.425581 4.542755 4.627333 4.692927 4.748953 4.782549 4.816866 4.851189 4.883606 4.935658 5.007546 5.061767 5.07402 5.140456 5.206628 5.274101 5.339285 5.382551 5.41613 5.448125 5.464499 5.462775 5.45918 5.463177 5.46344 5.43685 5.391591 5.320831 5.203398 5.057454 4.909028 4.745052 4.544491 4.318582 4.044724 3.721841 3.366592 3.055989 2.887946 2.603824 2.338446 2.362758 2.540092 2.802128
3.296737 2.506829 1.744382 1.273078 1.08631 1.076287 1.070321 1.115716 1.483806 1.928538 2.356728 2.750432 3.070731 3.335588 3.56282 3.746304 3.866171 3.967453 4.074667 4.182878 4.276872 4.350677 4.412928 4.450343 4.481504 4.519116 4.549854 4.587322 4.651599 4.750771 4.842032 4.933418 5.020325 5.100986 5.187333 5.254168 5.30501 5.361042 5.406664 5.430881 5.454341 5.482537 5.50205 5.487717 5.444048 5.378721 5.281004 5.140383 4.97558 4.805765 4.608083 4.38807 4.119272 3.800313 3.451789 3.144588 3.002009 2.323437 2.234134 2.410615 2.691281 2.976313
3.547845 2.821322 2.019478 1.395232 1.05622 .9506992 .8760161 .9921608 1.354791 1.750644 2.132039 2.484148 2.769802 3.026597 3.240855 3.407026 3.523915 3.604507 3.684507 3.761475 3.825671 3.880817 3.926296 3.955151 3.98928 4.038839 4.092155 4.15361 4.255978 4.406263 4.534461 4.646686 4.763728 4.865849 4.966911 5.062872 5.13773 5.216223 5.293773 5.345207 5.393531 5.446144 5.485445 5.491778 5.469512 5.409872 5.325256 5.21517 5.055391 4.874803 4.676877 4.45892 4.201407 3.889286 3.552611 3.269434 2.990559 2.444575 2.416362 2.632399 2.935311 3.224877
3.79628 3.218057 2.447532 1.677585 1.108971 .8147117 .838274 1.008294 1.275238 1.58992 1.914161 2.225877 2.470312 2.697597 2.910029 3.069942 3.169003 3.246351 3.326487 3.403323 3.464344 3.51778 3.564094 3.590744 3.611125 3.664206 3.735454 3.809988 3.902282 4.028881 4.176406 4.320256 4.457311 4.589745 4.711477 4.834794 4.945057 5.048002 5.159429 5.246259 5.31892 5.395359 5.45416 5.476348 5.473731 5.429255 5.350663 5.263177 5.135435 4.9513 4.749181 4.530511 4.279912 3.970304 3.642342 3.38445 3.070968 2.659778 2.671481 2.874176 3.169646 3.462771
4.036479 3.624255 2.972486 2.164911 1.475981 1.1241 1.045932 1.112394 1.263668 1.485348 1.747979 2.01006 2.209759 2.395513 2.597785 2.732928 2.828188 2.890928 2.96256 3.044877 3.118908 3.174782 3.2221 3.257261 3.276982 3.308271 3.378584 3.456669 3.544965 3.665387 3.808165 3.96191 4.11663 4.280087 4.433657 4.577986 4.72426 4.864288 5.009986 5.137248 5.233281 5.333421 5.414146 5.453514 5.467777 5.441374 5.370193 5.285339 5.187893 5.021867 4.816082 4.593968 4.34388 4.036932 3.704473 3.462751 3.204055 2.880411 2.877553 3.067759 3.36894 3.686798
4.249341 3.954086 3.470759 2.79773 2.095088 1.565521 1.336483 1.279309 1.337859 1.493334 1.712699 1.925869 2.084912 2.216316 2.350569 2.424158 2.494527 2.537317 2.588061 2.67365 2.769904 2.846545 2.906347 2.96889 3.001873 3.020395 3.075438 3.147942 3.236074 3.34428 3.461559 3.610557 3.780177 3.964214 4.140845 4.30348 4.477143 4.663237 4.843695 5.015178 5.138848 5.262829 5.36778 5.42861 5.460321 5.450834 5.387811 5.301448 5.208055 5.071912 4.870555 4.64607 4.394795 4.095571 3.76688 3.535492 3.334832 3.078856 3.072395 3.27136 3.6043 3.950097
4.440266 4.226703 3.906309 3.42618 2.802589 2.202951 1.803363 1.605351 1.559896 1.632746 1.792771 1.977453 2.118546 2.166782 2.165693 2.13986 2.139828 2.176442 2.208 2.282243 2.399425 2.513946 2.611338 2.696366 2.762471 2.7997 2.835547 2.907373 2.966233 3.045036 3.163501 3.305268 3.488139 3.68269 3.860133 4.028049 4.234799 4.454318 4.66543 4.871393 5.030665 5.18129 5.314462 5.402499 5.458168 5.46809 5.410915 5.319371 5.223574 5.104976 4.919458 4.692196 4.440562 4.153912 3.854861 3.634351 3.473039 3.276266 3.300806 3.534843 3.866271 4.191834
4.613776 4.442633 4.229063 3.92184 3.440846 2.874408 2.345803 2.025753 1.862875 1.830613 1.930246 2.10946 2.229597 2.195979 2.051273 1.879687 1.790287 1.817314 1.846851 1.904347 2.037559 2.195637 2.339713 2.469292 2.567804 2.615954 2.646507 2.703971 2.749459 2.805563 2.925434 3.062246 3.250806 3.461338 3.6506 3.829856 4.046219 4.274701 4.498533 4.721954 4.916011 5.0927 5.252821 5.372748 5.460664 5.497921 5.45234 5.356091 5.25295 5.135199 4.965995 4.739369 4.491261 4.211982 3.934758 3.754514 3.640227 3.503489 3.549738 3.779272 4.101144 4.410892
4.778296 4.622982 4.447351 4.220282 3.897065 3.437879 2.903559 2.510506 2.29045 2.162195 2.223579 2.365995 2.430122 2.304508 2.054909 1.747947 1.581545 1.573642 1.580915 1.623511 1.770829 1.962636 2.154298 2.335009 2.467348 2.530909 2.57021 2.645022 2.686605 2.72481 2.848199 2.97914 3.162898 3.38385 3.587178 3.775742 3.972722 4.174917 4.390575 4.62401 4.839245 5.030643 5.202238 5.343868 5.460293 5.526922 5.503724 5.4152 5.303167 5.175534 5.017431 4.807945 4.570848 4.307574 4.037951 3.871598 3.817848 3.767293 3.82499 4.031993 4.314817 4.588353
