py_wake/examples/data/AJ_ParqueFicticio/Ridge area   Sector 12   Height 30m   Orographic turn.grd
DSAA
90  129
 262878   265103
 6504214   6507414
-14.51735   22.509
[rows 54 to 80 of 129, columns 0 to 59 of 90]
-2.694947 -2.731603 -2.665099 -2.56783 -2.338326 -2.025401 -1.569799 -1.052612 -.5373343 -.01799691 .5500386 .9653155 1.014559 .5680129 -.6821692 -3.110588 -6.559417 -9.59465 -11.77826 -12.57471 -11.58165 -10.03513 -8.491166 -7.317703 -6.638827 -6.639757 -6.983804 -7.140065 -7.513213 -8.053847 -8.27276 -8.526211 -8.739069 -8.708786 -8.651426 -8.563848 -8.466827 -8.393605 -8.382704 -8.484789 -8.710437 -9.06677 -9.40986 -9.769041 -10.07203 -10.08573 -10.00251 -9.727463 -9.2313 -8.536573 -7.625072 -6.554265 -5.22817 -3.531057 -1.281125 1.343371 3.99561 6.527068 8.758519 10.35967
-2.698572 -2.726946 -2.623718 -2.422494 -2.109011 -1.748462 -1.249035 -.6821889 -.1004246 .4638681 1.041467 1.472045 1.617468 1.413876 .6638317 -.9894481 -3.670863 -6.831964 -9.44896 -10.54037 -9.970905 -8.46845 -6.932031 -5.753632 -4.960763 -4.76116 -4.862983 -5.137516 -5.4591 -5.879758 -6.349016 -6.746601 -7.147029 -7.468901 -7.693633 -7.811251 -7.775328 -7.751359 -7.80951 -7.992235 -8.29691 -8.683781 -9.057661 -9.482567 -9.75103 -9.835093 -9.730991 -9.424259 -8.878084 -8.197924 -7.289381 -6.184849 -4.847219 -3.185499 -1.082566 1.416876 3.967796 6.379627 8.535965 10.15148
-2.496266 -2.534705 -2.450027 -2.233192 -1.864936 -1.423412 -.8622627 -.2230457 .4481215 1.082206 1.658872 2.031687 2.200704 2.153464 1.807896 .8651952 -.8456104 -3.259941 -5.847128 -7.554607 -7.332565 -6.139639 -4.942683 -3.868847 -3.174254 -3.005974 -3.14885 -3.442167 -3.81372 -4.278952 -4.761863 -5.256165 -5.699223 -6.113162 -6.435567 -6.653344 -6.806428 -6.922918 -7.103722 -7.36018 -7.724617 -8.16645 -8.606391 -9.055183 -9.319173 -9.47496 -9.387637 -9.107974 -8.542599 -7.828793 -6.933085 -5.819426 -4.475856 -2.858448 -.8619435 1.517537 3.962432 6.259054 8.340261 9.995204
-2.123797 -2.255152 -2.21888 -1.995178 -1.573124 -1.052553 -.3892353 .3390228 1.067999 1.716569 2.227376 2.516215 2.660173 2.716693 2.662866 2.300028 1.432065 .008019147 -1.912239 -3.549217 -3.803205 -3.239293 -2.648366 -2.084014 -1.723345 -1.686239 -1.876509 -2.16173 -2.551263 -2.994331 -3.481317 -3.983596 -4.436642 -4.80731 -5.10083 -5.388039 -5.64842 -5.901579 -6.192717 -6.538668 -6.954772 -7.455821 -7.966422 -8.413808 -8.768328 -8.969278 -8.92685 -8.676663 -8.146155 -7.428305 -6.523123 -5.448108 -4.145558 -2.59023 -.7055695 1.535946 3.920341 6.158581 8.196324 9.819786
-1.690697 -1.895069 -1.927698 -1.729439 -1.240646 -.5940199 .1587457 .9352458 1.686256 2.32492 2.754641 2.952897 3.010681 3.075788 3.151305 3.10233 2.823293 2.247736 1.216478 .08684558 -.5387875 -.6969374 -.6718457 -.5896488 -.5730686 -.6784971 -.894146 -1.168113 -1.50377 -1.902751 -2.350777 -2.810033 -3.232566 -3.561362 -3.85133 -4.137881 -4.403661 -4.697238 -5.055399 -5.481064 -5.976538 -6.551034 -7.089742 -7.605895 -8.052467 -8.309103 -8.304499 -8.090933 -7.628862 -6.987516 -6.105009 -5.09155 -3.861836 -2.381278 -.6278166 1.406751 3.644363 5.851813 7.815981 9.441116
-1.139822 -1.391758 -1.434826 -1.213969 -.6989079 .001418739 .7894909 1.584914 2.31989 2.931989 3.31001 3.455087 3.44142 3.432238 3.462558 3.461742 3.367444 3.118616 2.641108 1.963088 1.312295 .8373014 .6175416 .4868813 .3286487 .1370271 -.0778641 -.3036406 -.5860268 -.9006566 -1.265177 -1.663821 -2.030079 -2.315877 -2.589049 -2.869488 -3.138726 -3.460364 -3.865234 -4.332151 -4.913958 -5.550054 -6.134082 -6.704878 -7.192308 -7.473998 -7.47207 -7.307808 -6.984644 -6.476325 -5.711629 -4.777863 -3.652989 -2.283103 -.6547423 1.204447 3.198392 5.226576 7.187721 8.876611
-.4403137 -.7038944 -.7700596 -.5557733 -.03484634 .6951321 1.496024 2.287022 2.993797 3.592558 3.95208 4.054178 3.952363 3.832991 3.752794 3.692749 3.603984 3.451461 3.168791 2.676972 2.131328 1.722633 1.456067 1.237138 1.014374 .8238825 .6703677 .5077515 .3010484 .06998321 -.2037472 -.5253214 -.8472963 -1.115147 -1.390175 -1.668711 -1.965933 -2.345987 -2.805694 -3.341933 -3.997332 -4.675373 -5.301667 -5.872566 -6.383154 -6.646929 -6.677808 -6.591909 -6.401413 -6.072962 -5.453711 -4.612199 -3.568795 -2.300214 -.7942634 .9051666 2.710416 4.535206 6.387646 8.187491
.4086315 .1170955 -.0002150909 .1898698 .7012702 1.421183 2.198212 2.958954 3.650255 4.2486 4.613915 4.727081 4.604934 4.365533 4.107004 3.931692 3.790059 3.630069 3.378204 2.975696 2.580211 2.30745 2.076516 1.822955 1.611995 1.493707 1.422177 1.338686 1.192915 1.016378 .797294 .4990207 .1953616 -.08528781 -.377247 -.6744113 -1.010181 -1.440588 -1.951841 -2.556123 -3.282901 -3.997854 -4.663819 -5.268221 -5.870914 -6.18522 -6.302462 -6.285608 -6.139016 -5.867886 -5.366895 -4.601661 -3.611521 -2.438813 -1.072476 .48344 2.17401 3.900407 5.656831 7.436251
1.32788 1.005088 .8392431 1.051373 1.584243 2.281514 3.024652 3.762257 4.454646 5.059994 5.43447 5.49864 5.247304 4.877726 4.499558 4.267627 4.120098 3.933141 3.663009 3.315186 3.073203 2.910957 2.707177 2.473739 2.316228 2.277446 2.242469 2.157309 2.039104 1.872933 1.649232 1.359592 1.06534 .7531952 .4381152 .1333043 -.2495831 -.734273 -1.292858 -1.962546 -2.742855 -3.485362 -4.198848 -4.87992 -5.599223 -5.985174 -6.159559 -6.179396 -6.058405 -5.799864 -5.365424 -4.696983 -3.764734 -2.66307 -1.425836 -.00531424 1.585852 3.26058 4.947857 6.691023
2.257312 1.925653 1.722291 1.885128 2.323774 2.889628 3.536981 4.22801 4.89674 5.466997 5.839349 5.965349 5.807964 5.454477 5.030132 4.748008 4.572521 4.340313 4.081097 3.819834 3.709266 3.603229 3.438783 3.234699 3.104666 3.060838 3.005967 2.908828 2.779601 2.608016 2.354186 2.059111 1.762932 1.415252 1.067901 .7367133 .3241448 -.1855544 -.7887923 -1.523496 -2.34872 -3.122972 -3.878038 -4.645019 -5.433995 -5.900925 -6.11697 -6.161827 -6.066611 -5.833269 -5.43539 -4.864696 -3.998555 -2.943372 -1.818683 -.5343812 .9495934 2.568911 4.180416 5.861563
3.014233 2.62256 2.26426 2.284356 2.632888 3.16377 3.823472 4.55781 5.266164 5.857372 6.269295 6.44663 6.328131 5.961685 5.460757 5.061015 4.879985 4.752886 4.601162 4.338076 4.21847 4.163412 4.08181 3.898937 3.722621 3.656393 3.608259 3.493239 3.355676 3.174453 2.891284 2.596176 2.288535 1.911679 1.537503 1.176656 .7405967 .2037927 -.4503088 -1.253378 -2.141689 -2.971981 -3.780843 -4.621057 -5.437212 -5.934299 -6.195887 -6.245635 -6.153211 -5.940917 -5.590005 -5.073337 -4.282305 -3.272101 -2.225249 -1.080827 .2911783 1.841362 3.370071 4.956738
3.517592 3.089218 2.646652 2.581275 2.878911 3.377239 4.027018 4.78054 5.505042 6.081657 6.478059 6.66731 6.581275 6.206018 5.64739 5.214541 5.058458 4.991466 4.892296 4.631877 4.483791 4.480065 4.474012 4.295375 4.108602 4.033347 3.994061 3.876481 3.734982 3.530523 3.219857 2.908467 2.586856 2.189707 1.761757 1.344656 .8886339 .3273928 -.3841014 -1.237484 -2.17624 -3.079868 -3.938713 -4.77846 -5.591981 -6.087434 -6.37125 -6.420104 -6.315355 -6.104261 -5.79957 -5.347872 -4.606667 -3.650576 -2.656179 -1.630633 -.3380975 1.148679 2.58696 4.045757
3.74607 3.341698 2.879646 2.689233 2.910094 3.372291 3.988163 4.720465 5.439529 6.005632 6.379132 6.568919 6.50562 6.160207 5.609955 5.151136 5.025809 4.98479 4.902231 4.704691 4.59849 4.596645 4.583959 4.449512 4.315412 4.243817 4.171066 4.045539 3.885682 3.636047 3.283033 2.952045 2.607428 2.190122 1.715039 1.245342 .7624932 .1829401 -.5621677 -1.464513 -2.45932 -3.413069 -4.291228 -5.110695 -5.87181 -6.328452 -6.573867 -6.6512 -6.536596 -6.323873 -6.036986 -5.650256 -4.95189 -4.032951 -3.05963 -2.114303 -.876144 .5326393 1.879085 3.210672
3.784842 3.395195 3.006282 2.778856 2.857229 3.206151 3.74966 4.420868 5.091443 5.599339 5.923131 6.111143 6.099206 5.822866 5.344268 4.8589 4.717631 4.725885 4.680339 4.514981 4.421352 4.452808 4.452709 4.361684 4.275507 4.239068 4.165571 4.014921 3.837019 3.551521 3.134858 2.75472 2.401426 1.962516 1.400559 .8482632 .3377466 -.2486615 -1.010921 -1.9284 -2.906179 -3.855633 -4.732634 -5.519575 -6.170372 -6.63133 -6.833107 -6.915685 -6.800542 -6.562683 -6.264095 -5.909051 -5.228414 -4.320916 -3.361488 -2.484539 -1.290301 .005967632 1.243644 2.447612
3.557875 3.179564 2.842958 2.663624 2.690017 2.857924 3.175288 3.623577 4.126742 4.558311 4.873427 5.119719 5.232356 5.111571 4.797167 4.377773 4.143552 4.158231 4.180794 4.093412 3.997528 4.024677 4.062737 3.997296 3.90324 3.864627 3.803036 3.652414 3.44122 3.138179 2.668603 2.183768 1.784525 1.360509 .7849339 .174262 -.3761095 -.9514362 -1.689215 -2.588186 -3.53134 -4.435377 -5.275585 -6.005876 -6.5866 -6.987122 -7.15355 -7.183376 -7.079241 -6.800649 -6.464957 -6.101942 -5.426927 -4.536507 -3.610973 -2.811179 -1.696312 -.5599633 .5326258 1.610343
3.126151 2.712844 2.31879 2.076989 1.972789 1.929577 1.986244 2.207998 2.609564 3.05715 3.439426 3.783321 4.0227 4.022782 3.809607 3.497757 3.293169 3.267178 3.310508 3.302639 3.242102 3.228178 3.263392 3.229535 3.136212 3.065911 2.990163 2.870731 2.620624 2.269121 1.778919 1.229239 .7389192 .2652338 -.3241995 -.9499688 -1.517066 -2.064562 -2.725018 -3.552621 -4.408355 -5.205418 -5.966691 -6.604264 -7.119092 -7.428799 -7.548159 -7.463418 -7.318083 -7.011972 -6.624871 -6.241598 -5.587347 -4.745552 -3.901973 -3.190709 -2.171377 -1.141488 -.1212835 .8743445
2.491628 1.970094 1.46906 1.117488 .857518 .6272064 .5145596 .6095677 .9007046 1.27873 1.64015 2.023614 2.287449 2.338809 2.238296 2.044508 1.938272 1.959498 2.016886 2.05953 2.057192 2.055639 2.081619 2.075833 2.01313 1.910073 1.778944 1.622217 1.331552 .909934 .3407327 -.2854274 -.8739498 -1.446507 -2.068322 -2.700618 -3.259495 -3.71268 -4.230224 -4.887331 -5.598814 -6.233728 -6.820782 -7.32953 -7.650281 -7.852581 -7.878012 -7.753506 -7.510886 -7.165534 -6.723844 -6.306301 -5.683324 -4.91395 -4.167673 -3.494278 -2.555578 -1.613201 -.6610048 .2723636
1.685297 1.037841 .415452 -.04313635 -.3987083 -.7599208 -1.04999 -1.148482 -1.02949 -.76644 -.469125 -.1375281 .1023013 .2213449 .2147942 .1538397 .121656 .1845818 .2979458 .3928286 .449911 .4913266 .5426716 .5332342 .4690029 .341524 .1704084 -.05005527 -.3905334 -.8589292 -1.463944 -2.137716 -2.798005 -3.415568 -4.033467 -4.671318 -5.229811 -5.685834 -6.154676 -6.594731 -6.962728 -7.359496 -7.737519 -8.103394 -8.238334 -8.330694 -8.213377 -8.018327 -7.665137 -7.249163 -6.788859 -6.389973 -5.845379 -5.168266 -4.50021 -3.810562 -2.934905 -2.029835 -1.111721 -.2214739
.6714847 -.09506187 -.8538739 -1.461035 -1.964587 -2.478405 -2.90739 -3.146523 -3.171035 -3.039603 -2.871384 -2.616737 -2.418422 -2.297804 -2.220156 -2.176161 -2.113155 -2.001684 -1.844705 -1.723358 -1.610234 -1.497456 -1.395545 -1.395241 -1.460364 -1.598124 -1.762802 -1.990228 -2.324982 -2.799658 -3.387322 -4.001124 -4.640254 -5.266901 -5.877267 -6.465632 -6.910382 -7.316877 -7.803526 -8.162323 -8.227433 -8.33058 -8.525966 -8.722176 -8.769675 -8.730479 -8.518283 -8.297319 -7.960776 -7.549645 -7.138808 -6.769573 -6.245351 -5.580128 -4.897911 -4.140511 -3.297095 -2.402816 -1.527813 -.6903188
-.7209225 -1.644176 -2.572315 -3.358973 -3.961019 -4.481597 -4.892152 -5.167999 -5.31573 -5.305602 -5.215358 -5.058505 -4.979811 -4.957791 -4.982763 -4.869545 -4.749643 -4.561663 -4.397671 -4.271293 -4.117671 -3.980893 -3.80726 -3.752058 -3.80577 -3.907593 -3.999038 -4.147227 -4.393218 -4.779927 -5.247478 -5.749036 -6.24098 -6.741689 -7.260731 -7.743704 -8.041235 -8.279289 -8.51976 -8.805579 -8.82799 -8.803204 -8.908729 -9.000123 -9.075319 -8.990511 -8.764544 -8.562088 -8.280646 -7.913473 -7.502611 -7.081889 -6.524975 -5.864634 -5.168802 -4.40046 -3.602828 -2.737397 -1.91555 -1.131828
-2.45474 -3.505401 -4.514397 -5.382157 -5.978283 -6.455232 -6.851739 -7.181525 -7.442358 -7.543326 -7.656711 -7.676418 -7.650753 -7.607805 -7.635111 -7.694566 -7.482918 -7.207714 -7.025969 -6.789379 -6.493877 -6.393668 -6.332374 -6.1752 -6.141292 -6.245247 -6.378495 -6.468436 -6.61532 -6.858011 -7.145068 -7.474355 -7.741251 -7.959273 -8.252529 -8.580795 -8.76624 -8.840062 -8.86869 -9.011958 -8.994559 -8.916418 -8.949922 -8.991188 -9.148859 -9.091297 -8.889001 -8.703445 -8.437585 -8.072111 -7.633089 -7.173803 -6.62135 -5.998478 -5.330229 -4.62024 -3.880122 -3.082172 -2.330873 -1.600988
-4.043947 -5.190584 -6.248131 -7.127371 -7.749499 -8.287717 -8.719848 -9.005708 -9.045087 -8.970987 -9.027945 -9.224038 -9.627018 -9.873675 -9.619242 -9.488817 -9.587484 -9.288123 -8.724761 -8.196626 -7.719032 -7.611279 -7.755559 -7.912875 -7.842622 -7.780431 -7.947786 -8.32303 -8.658429 -8.754199 -8.826052 -9.077073 -9.216299 -9.044611 -8.982205 -9.046207 -9.055281 -9.008986 -8.969493 -9.021172 -8.952708 -8.896761 -8.924212 -8.94688 -9.149728 -9.072031 -8.893165 -8.712992 -8.446848 -8.077413 -7.626874 -7.14782 -6.62925 -6.073179 -5.476274 -4.861814 -4.180055 -3.469756 -2.797509 -2.123083
-5.256976 -6.318264 -7.294783 -8.15213 -8.748305 -9.247656 -9.593284 -9.772305 -9.500696 -9.222402 -9.105095 -9.213106 -9.590792 -9.948461 -9.643513 -9.470554 -9.643852 -9.499017 -8.772077 -8.028708 -7.641641 -7.617346 -7.803539 -8.094039 -8.205616 -8.15749 -8.325872 -8.727997 -9.188539 -9.425525 -9.401551 -9.549139 -9.658449 -9.292337 -9.006949 -8.83175 -8.725535 -8.631887 -8.624043 -8.63833 -8.587844 -8.605994 -8.655522 -8.732303 -8.986126 -8.898701 -8.779121 -8.626117 -8.381811 -8.024778 -7.570913 -7.126377 -6.703326 -6.229854 -5.717309 -5.202326 -4.60898 -3.965279 -3.330696 -2.691262
-6.215508 -7.098636 -7.862396 -8.547209 -8.930208 -9.074697 -8.996663 -8.882401 -8.523334 -8.138774 -7.873321 -7.857028 -7.730567 -7.688178 -7.620364 -7.449133 -7.449404 -7.33131 -7.116527 -6.801661 -6.587553 -6.565205 -6.679186 -6.929461 -7.219599 -7.430494 -7.678335 -8.03298 -8.392591 -8.637248 -8.728312 -8.81289 -8.793175 -8.572612 -8.350721 -8.153008 -8.022874 -7.902647 -7.88656 -7.890189 -7.935189 -8.050103 -8.179585 -8.383179 -8.674729 -8.615546 -8.570098 -8.466088 -8.261888 -7.946166 -7.558519 -7.227839 -6.892198 -6.48739 -6.061956 -5.62419 -5.093132 -4.502056 -3.903522 -3.305335
-6.834054 -7.59165 -8.14105 -8.500912 -8.509446 -8.310023 -7.964471 -7.505891 -6.970554 -6.52767 -6.16399 -5.771494 -5.510466 -5.344684 -5.153048 -4.826241 -4.545518 -4.571803 -4.743285 -4.92862 -5.016848 -5.118392 -5.275623 -5.525374 -5.897814 -6.348224 -6.761114 -7.142906 -7.443737 -7.6802 -7.813435 -7.834866 -7.700141 -7.557451 -7.385982 -7.213953 -7.086396 -7.001326 -7.015226 -7.06616 -7.214998 -7.386965 -7.60156 -7.892823 -8.182827 -8.225467 -8.268571 -8.240411 -8.116972 -7.880602 -7.583588 -7.299284 -6.998655 -6.67076 -6.31961 -5.940579 -5.48266 -4.948211 -4.381848 -3.816611
-6.675222 -7.312254 -7.706706 -7.665266 -7.343931 -6.982499 -6.507113 -5.81337 -5.193413 -4.701033 -4.30056 -4.009672 -3.720675 -3.450724 -3.035712 -2.659761 -2.460477 -2.551579 -2.872953 -3.279539 -3.575509 -3.809575 -4.072748 -4.438887 -4.925665 -5.475535 -5.962924 -6.345859 -6.649072 -6.889236 -6.990872 -6.927482 -6.777872 -6.601947 -6.389036 -6.20815 -6.085305 -6.05336 -6.130488 -6.259321 -6.473485 -6.712368 -7.01105 -7.322157 -7.59142 -7.765112 -7.892909 -7.945269 -7.938456 -7.751049 -7.462696 -7.183752 -6.920105 -6.656922 -6.363686 -6.035873 -5.656175 -5.210066 -4.720865 -4.218045
-5.491051 -5.898168 -6.056059 -5.881502 -5.496011 -5.018476 -4.442748 -3.816005 -3.259965 -2.850222 -2.57276 -2.344724 -2.081346 -1.796474 -1.407617 -1.118288 -1.075668 -1.29943 -1.714511 -2.172444 -2.444292 -2.706753 -3.054726 -3.543756 -4.106769 -4.667733 -5.148469 -5.541925 -5.859853 -6.066815 -6.127928 -6.055408 -5.906751 -5.698063 -5.458018 -5.260016 -5.138214 -5.15059 -5.283087 -5.470794 -5.707305 -6.026953 -6.393869 -6.710213 -6.996637 -7.269991 -7.470886 -7.597897 -7.699495 -7.456404 -7.175894 -6.888975 -6.619774 -6.396776 -6.166348 -5.917103 -5.633337 -5.286407 -4.904318 -4.518104
