py_wake/examples/data/AJ_ParqueFicticio/Ridge area   Sector 10   Height 30m   Weibull-k.grd
DSAA
90  129
 262878   265103
 6504214   6507414
 .8261719   2.552734
[rows 81 to 107 of 129, columns 0 to 61 of 90]
2.322266 2.322266 2.318359 2.318359 2.318359 2.318359 2.318359 2.318359 2.318359 2.318359 2.318359 2.318359 2.314453 2.306641 2.306641 2.302734 2.306641 2.306641 2.302734 2.298828 2.298828 2.298828 2.302734 2.302734 2.302734 2.298828 2.294922 2.291016 2.283203 2.275391 2.271484 2.267578 2.259766 2.251953 2.244141 2.236328 2.228516 2.220703 2.212891 2.201172 2.197266 2.193359 2.189453 2.189453 2.193359 2.197266 2.205078 2.208984 2.208984 2.216797 2.208984 2.126953 1.744141 1.482422 1.361328 1.302734 1.298828 1.298828 1.294922 1.294922 1.294922 1.306641
2.330078 2.330078 2.326172 2.326172 2.322266 2.322266 2.318359 2.318359 2.318359 2.318359 2.318359 2.318359 2.318359 2.314453 2.314453 2.314453 2.314453 2.314453 2.314453 2.310547 2.310547 2.310547 2.314453 2.314453 2.314453 2.310547 2.306641 2.298828 2.291016 2.283203 2.275391 2.267578 2.255859 2.248047 2.236328 2.228516 2.216797 2.208984 2.201172 2.193359 2.193359 2.193359 2.189453 2.193359 2.197266 2.201172 2.205078 2.212891 2.212891 2.216797 2.201172 2.083984 1.716797 1.384766 1.302734 1.263672 1.279297 1.298828 1.302734 1.302734 1.287109 1.283203
2.330078 2.330078 2.326172 2.322266 2.322266 2.318359 2.318359 2.318359 2.318359 2.318359 2.318359 2.318359 2.318359 2.322266 2.322266 2.322266 2.326172 2.326172 2.322266 2.322266 2.322266 2.322266 2.322266 2.322266 2.322266 2.318359 2.314453 2.306641 2.298828 2.287109 2.275391 2.263672 2.251953 2.240234 2.228516 2.216797 2.205078 2.197266 2.189453 2.185547 2.185547 2.189453 2.193359 2.197266 2.201172 2.205078 2.212891 2.216797 2.216797 2.220703 2.201172 2.083984 1.689453 1.404297 1.263672 1.279297 1.314453 1.349609 1.291016 1.287109 1.251953 1.177734
2.326172 2.326172 2.322266 2.322266 2.318359 2.314453 2.314453 2.314453 2.314453 2.314453 2.318359 2.318359 2.318359 2.322266 2.326172 2.330078 2.330078 2.330078 2.326172 2.326172 2.326172 2.330078 2.330078 2.330078 2.326172 2.322266 2.318359 2.310547 2.298828 2.287109 2.275391 2.259766 2.248047 2.232422 2.216797 2.205078 2.193359 2.185547 2.181641 2.177734 2.181641 2.185547 2.193359 2.197266 2.205078 2.212891 2.216797 2.220703 2.224609 2.224609 2.208984 2.123047 1.814453 1.501953 1.345703 1.291016 1.306641 1.314453 1.333984 1.365234 1.447266 1.884766
2.322266 2.318359 2.318359 2.318359 2.314453 2.314453 2.314453 2.314453 2.314453 2.314453 2.314453 2.318359 2.318359 2.322266 2.326172 2.330078 2.330078 2.330078 2.330078 2.330078 2.330078 2.330078 2.330078 2.330078 2.326172 2.322266 2.318359 2.310547 2.298828 2.287109 2.271484 2.255859 2.240234 2.224609 2.208984 2.197266 2.185547 2.177734 2.173828 2.173828 2.173828 2.181641 2.189453 2.201172 2.208984 2.216797 2.220703 2.228516 2.232422 2.232422 2.220703 2.169922 1.974609 1.677734 1.521484 1.775391 2.330078 2.333984 2.333984 2.333984 2.333984 2.333984
2.314453 2.314453 2.310547 2.310547 2.310547 2.310547 2.310547 2.310547 2.314453 2.314453 2.314453 2.318359 2.318359 2.322266 2.326172 2.330078 2.330078 2.330078 2.326172 2.326172 2.330078 2.330078 2.330078 2.326172 2.322266 2.318359 2.310547 2.302734 2.291016 2.279297 2.267578 2.248047 2.232422 2.216797 2.205078 2.193359 2.181641 2.173828 2.169922 2.169922 2.169922 2.177734 2.185547 2.197266 2.208984 2.216797 2.224609 2.232422 2.240234 2.240234 2.232422 2.208984 2.103516 1.888672 1.744141 2.330078 2.330078 2.333984 2.333984 2.333984 2.333984 2.333984
2.310547 2.306641 2.306641 2.306641 2.306641 2.306641 2.310547 2.310547 2.310547 2.310547 2.314453 2.318359 2.322266 2.322266 2.326172 2.326172 2.326172 2.326172 2.326172 2.326172 2.326172 2.326172 2.326172 2.322266 2.314453 2.310547 2.302734 2.291016 2.279297 2.267578 2.255859 2.240234 2.224609 2.208984 2.197266 2.189453 2.177734 2.173828 2.169922 2.166016 2.169922 2.177734 2.185547 2.197266 2.208984 2.220703 2.228516 2.236328 2.244141 2.248047 2.244141 2.232422 2.181641 2.072266 2.001953 2.330078 2.333984 2.333984 2.333984 2.333984 2.333984 2.333984
2.302734 2.302734 2.302734 2.298828 2.302734 2.306641 2.306641 2.310547 2.310547 2.310547 2.314453 2.318359 2.318359 2.322266 2.322266 2.322266 2.326172 2.322266 2.322266 2.322266 2.322266 2.318359 2.318359 2.310547 2.302734 2.294922 2.287109 2.275391 2.263672 2.251953 2.240234 2.228516 2.216797 2.201172 2.193359 2.185547 2.177734 2.173828 2.169922 2.169922 2.169922 2.177734 2.189453 2.197266 2.208984 2.220703 2.232422 2.240234 2.248047 2.251953 2.251953 2.248047 2.232422 2.189453 2.189453 2.330078 2.333984 2.333984 2.333984 2.333984 2.333984 2.333984
2.298828 2.294922 2.294922 2.294922 2.298828 2.302734 2.306641 2.310547 2.310547 2.314453 2.314453 2.318359 2.318359 2.322266 2.322266 2.322266 2.318359 2.318359 2.314453 2.314453 2.314453 2.310547 2.306641 2.298828 2.291016 2.279297 2.267578 2.255859 2.244141 2.232422 2.224609 2.212891 2.205078 2.193359 2.185547 2.181641 2.173828 2.173828 2.173828 2.173828 2.177734 2.181641 2.189453 2.201172 2.212891 2.220703 2.232422 2.240234 2.248047 2.255859 2.259766 2.263672 2.259766 2.251953 2.271484 2.330078 2.333984 2.333984 2.333984 2.333984 2.333984 2.333984
2.291016 2.291016 2.294922 2.294922 2.298828 2.302734 2.306641 2.310547 2.314453 2.318359 2.318359 2.318359 2.322266 2.322266 2.322266 2.318359 2.314453 2.310547 2.306641 2.306641 2.306641 2.298828 2.294922 2.283203 2.275391 2.259766 2.248047 2.236328 2.224609 2.212891 2.205078 2.197266 2.189453 2.185547 2.181641 2.177734 2.173828 2.177734 2.177734 2.181641 2.181641 2.189453 2.197266 2.205078 2.212891 2.224609 2.232422 2.240234 2.248047 2.255859 2.263672 2.271484 2.275391 2.279297 2.302734 2.330078 2.333984 2.333984 2.333984 2.333984 2.333984 2.333984
2.287109 2.287109 2.291016 2.294922 2.298828 2.306641 2.310547 2.314453 2.318359 2.322266 2.322266 2.322266 2.322266 2.322266 2.318359 2.314453 2.310547 2.306641 2.302734 2.302734 2.298828 2.291016 2.279297 2.267578 2.255859 2.240234 2.228516 2.212891 2.201172 2.193359 2.185547 2.181641 2.177734 2.177734 2.173828 2.173828 2.173828 2.177734 2.181641 2.185547 2.193359 2.197266 2.205078 2.208984 2.216797 2.224609 2.232422 2.240234 2.248047 2.255859 2.263672 2.271484 2.283203 2.294922 2.322266 2.330078 2.333984 2.333984 2.333984 2.333984 2.333984 2.333984
2.283203 2.283203 2.287109 2.291016 2.298828 2.306641 2.314453 2.318359 2.322266 2.326172 2.326172 2.326172 2.326172 2.322266 2.318359 2.314453 2.310547 2.306641 2.302734 2.298828 2.291016 2.279297 2.267578 2.255859 2.240234 2.224609 2.208984 2.193359 2.185547 2.177734 2.169922 2.166016 2.166016 2.166016 2.169922 2.169922 2.173828 2.177734 2.185547 2.193359 2.201172 2.205078 2.208984 2.216797 2.220703 2.228516 2.232422 2.240234 2.248047 2.255859 2.263672 2.271484 2.283203 2.302734 2.330078 2.330078 2.333984 2.333984 2.333984 2.333984 2.333984 2.333984
2.275391 2.279297 2.283203 2.291016 2.298828 2.306641 2.314453 2.318359 2.322266 2.322266 2.326172 2.326172 2.322266 2.322266 2.318359 2.310547 2.306641 2.302734 2.298828 2.291016 2.283203 2.271484 2.255859 2.244141 2.224609 2.208984 2.193359 2.181641 2.169922 2.162109 2.158203 2.154297 2.158203 2.162109 2.166016 2.169922 2.173828 2.181641 2.189453 2.201172 2.208984 2.212891 2.216797 2.220703 2.224609 2.228516 2.236328 2.240234 2.244141 2.251953 2.259766 2.267578 2.283203 2.306641 2.330078 2.330078 2.333984 2.333984 2.333984 2.333984 2.333984 2.333984
2.271484 2.275391 2.283203 2.291016 2.298828 2.306641 2.310547 2.318359 2.318359 2.322266 2.322266 2.322266 2.322266 2.318359 2.314453 2.310547 2.302734 2.298828 2.291016 2.283203 2.275391 2.263672 2.248047 2.232422 2.216797 2.201172 2.185547 2.169922 2.158203 2.154297 2.150391 2.150391 2.154297 2.158203 2.162109 2.169922 2.177734 2.185547 2.197266 2.205078 2.212891 2.216797 2.220703 2.224609 2.232422 2.232422 2.236328 2.240234 2.244141 2.248047 2.255859 2.267578 2.283203 2.306641 2.330078 2.330078 2.333984 2.333984 2.333984 2.333984 2.333984 2.333984
2.267578 2.275391 2.283203 2.291016 2.298828 2.306641 2.310547 2.314453 2.318359 2.318359 2.318359 2.318359 2.318359 2.314453 2.310547 2.302734 2.298828 2.291016 2.283203 2.275391 2.263672 2.251953 2.240234 2.224609 2.208984 2.193359 2.177734 2.166016 2.154297 2.146484 2.146484 2.146484 2.150391 2.158203 2.166016 2.173828 2.185547 2.193359 2.205078 2.212891 2.220703 2.224609 2.228516 2.232422 2.236328 2.236328 2.240234 2.240234 2.244141 2.248047 2.255859 2.263672 2.283203 2.306641 2.330078 2.330078 2.333984 2.333984 2.333984 2.333984 2.333984 2.333984
2.267578 2.275391 2.283203 2.291016 2.298828 2.306641 2.310547 2.314453 2.314453 2.314453 2.314453 2.314453 2.310547 2.306641 2.298828 2.294922 2.287109 2.283203 2.275391 2.263672 2.255859 2.244141 2.228516 2.216797 2.205078 2.189453 2.177734 2.166016 2.154297 2.146484 2.146484 2.146484 2.154297 2.162109 2.169922 2.177734 2.189453 2.201172 2.212891 2.220703 2.228516 2.232422 2.236328 2.236328 2.240234 2.244141 2.244141 2.240234 2.244141 2.248047 2.251953 2.263672 2.279297 2.302734 2.330078 2.330078 2.333984 2.333984 2.333984 2.333984 2.333984 2.333984
2.267578 2.275391 2.283203 2.291016 2.298828 2.302734 2.306641 2.310547 2.310547 2.306641 2.306641 2.302734 2.298828 2.294922 2.291016 2.283203 2.279297 2.271484 2.263672 2.255859 2.248047 2.236328 2.224609 2.212891 2.201172 2.193359 2.181641 2.169922 2.162109 2.154297 2.150391 2.150391 2.154297 2.162109 2.173828 2.185547 2.197266 2.208984 2.220703 2.228516 2.236328 2.240234 2.240234 2.244141 2.244141 2.248047 2.248047 2.244141 2.244141 2.248047 2.251953 2.263672 2.279297 2.302734 2.326172 2.330078 2.333984 2.333984 2.333984 2.333984 2.333984 2.279297
2.271484 2.275391 2.279297 2.287109 2.291016 2.298828 2.298828 2.298828 2.298828 2.298828 2.294922 2.291016 2.287109 2.283203 2.279297 2.271484 2.267578 2.259766 2.251953 2.244141 2.236328 2.228516 2.220703 2.208984 2.201172 2.193359 2.185547 2.177734 2.169922 2.162109 2.158203 2.158203 2.162109 2.169922 2.177734 2.189453 2.201172 2.212891 2.224609 2.236328 2.244141 2.248047 2.248047 2.248047 2.251953 2.248047 2.251953 2.248047 2.248047 2.248047 2.251953 2.263672 2.279297 2.302734 2.326172 2.330078 2.333984 2.333984 2.333984 2.279297 2.189453 2.099609
2.275391 2.275391 2.279297 2.283203 2.287109 2.291016 2.291016 2.291016 2.287109 2.287109 2.283203 2.279297 2.275391 2.271484 2.267578 2.259766 2.255859 2.248047 2.240234 2.236328 2.228516 2.220703 2.212891 2.208984 2.201172 2.193359 2.189453 2.181641 2.177734 2.169922 2.166016 2.166016 2.169922 2.173828 2.185547 2.193359 2.205078 2.216797 2.228516 2.240234 2.248047 2.251953 2.255859 2.259766 2.255859 2.248047 2.244141 2.255859 2.251953 2.251953 2.255859 2.263672 2.279297 2.302734 2.322266 2.330078 2.333984 2.333984 2.306641 2.216797 2.138672 2.064453
1.70141E+38 1.70141E+38 1.70141E+38 1.70141E+38 1.70141E+38 1.70141E+38 1.70141E+38 1.70141E+38 1.70141E+38 1.70141E+38 1.70141E+38 1.70141E+38 1.70141E+38 1.70141E+38 1.70141E+38 1.70141E+38 1.70141E+38 1.70141E+38 1.70141E+38 1.70141E+38 1.70141E+38 1.70141E+38 1.70141E+38 1.70141E+38 1.70141E+38 1.70141E+38 1.70141E+38 1.70141E+38 1.70141E+38 1.70141E+38 1.70141E+38 1.70141E+38 1.70141E+38 1.70141E+38 1.70141E+38 1.70141E+38 1.70141E+38 1.70141E+38 1.70141E+38 1.70141E+38 1.70141E+38 1.70141E+38 1.70141E+38 1.70141E+38 1.70141E+38 1.70141E+38 1.70141E+38 1.70141E+38 1.70141E+38 1.70141E+38 1.70141E+38 1.70141E+38 1.70141E+38 1.70141E+38 1.70141E+38 1.70141E+38 1.70141E+38 1.70141E+38 1.70141E+38 1.70141E+38 1.70141E+38 1.70141E+38
1.70141E+38 1.70141E+38 1.70141E+38 1.70141E+38 1.70141E+38 1.70141E+38 1.70141E+38 1.70141E+38 1.70141E+38 1.70141E+38 1.70141E+38 1.70141E+38 1.70141E+38 1.70141E+38 1.70141E+38 1.70141E+38 1.70141E+38 1.70141E+38 1.70141E+38 1.70141E+38 1.70141E+38 1.70141E+38 1.70141E+38 1.70141E+38 1.70141E+38 1.70141E+38 1.70141E+38 1.70141E+38 1.70141E+38 1.70141E+38 1.70141E+38 1.70141E+38 1.70141E+38 1.70141E+38 1.70141E+38 1.70141E+38 1.70141E+38 1.70141E+38 1.70141E+38 1.70141E+38 1.70141E+38 1.70141E+38 1.70141E+38 1.70141E+38 1.70141E+38 1.70141E+38 1.70141E+38 1.70141E+38 1.70141E+38 1.70141E+38 1.70141E+38 1.70141E+38 1.70141E+38 1.70141E+38 1.70141E+38 1.70141E+38 1.70141E+38 1.70141E+38 1.70141E+38 1.70141E+38 1.70141E+38 1.70141E+38
1.70141E+38 1.70141E+38 1.70141E+38 1.70141E+38 1.70141E+38 1.70141E+38 1.70141E+38 1.70141E+38 1.70141E+38 1.70141E+38 1.70141E+38 1.70141E+38 1.70141E+38 1.70141E+38 1.70141E+38 1.70141E+38 1.70141E+38 1.70141E+38 1.70141E+38 1.70141E+38 1.70141E+38 1.70141E+38 1.70141E+38 1.70141E+38 1.70141E+38 1.70141E+38 1.70141E+38 1.70141E+38 1.70141E+38 1.70141E+38 1.70141E+38 1.70141E+38 1.70141E+38 1.70141E+38 1.70141E+38 1.70141E+38 1.70141E+38 1.70141E+38 1.70141E+38 1.70141E+38 1.70141E+38 1.70141E+38 1.70141E+38 1.70141E+38 1.70141E+38 1.70141E+38 1.70141E+38 1.70141E+38 1.70141E+38 1.70141E+38 1.70141E+38 1.70141E+38 1.70141E+38 1.70141E+38 1.70141E+38 1.70141E+38 1.70141E+38 1.70141E+38 1.70141E+38 1.70141E+38 1.70141E+38 1.70141E+38
1.70141E+38 1.70141E+38 1.70141E+38 1.70141E+38 1.70141E+38 1.70141E+38 1.70141E+38 1.70141E+38 1.70141E+38 1.70141E+38 1.70141E+38 1.70141E+38 1.70141E+38 1.70141E+38 1.70141E+38 1.70141E+38 1.70141E+38 1.70141E+38 1.70141E+38 1.70141E+38 1.70141E+38 1.70141E+38 1.70141E+38 1.70141E+38 1.70141E+38 1.70141E+38 1.70141E+38 1.70141E+38 1.70141E+38 1.70141E+38 1.70141E+38 1.70141E+38 1.70141E+38 1.70141E+38 1.70141E+38 1.70141E+38 1.70141E+38 1.70141E+38 1.70141E+38 1.70141E+38 1.70141E+38 1.70141E+38 1.70141E+38 1.70141E+38 1.70141E+38 1.70141E+38 1.70141E+38 1.70141E+38 1.70141E+38 1.70141E+38 1.70141E+38 1.70141E+38 1.70141E+38 1.70141E+38 1.70141E+38 1.70141E+38 1.70141E+38 1.70141E+38 1.70141E+38 1.70141E+38 1.70141E+38 1.70141E+38
1.70141E+38 1.70141E+38 1.70141E+38 1.70141E+38 1.70141E+38 1.70141E+38 1.70141E+38 1.70141E+38 1.70141E+38 1.70141E+38 1.70141E+38 1.70141E+38 1.70141E+38 1.70141E+38 1.70141E+38 1.70141E+38 1.70141E+38 1.70141E+38 1.70141E+38 1.70141E+38 1.70141E+38 1.70141E+38 1.70141E+38 1.70141E+38 1.70141E+38 1.70141E+38 1.70141E+38 1.70141E+38 1.70141E+38 1.70141E+38 1.70141E+38 1.70141E+38 1.70141E+38 1.70141E+38 1.70141E+38 1.70141E+38 1.70141E+38 1.70141E+38 1.70141E+38 1.70141E+38 1.70141E+38 1.70141E+38 1.70141E+38 1.70141E+38 1.70141E+38 1.70141E+38 1.70141E+38 1.70141E+38 1.70141E+38 1.70141E+38 1.70141E+38 1.70141E+38 1.70141E+38 1.70141E+38 1.70141E+38 1.70141E+38 1.70141E+38 1.70141E+38 1.70141E+38 1.70141E+38 1.70141E+38 1.70141E+38
1.70141E+38 1.70141E+38 1.70141E+38 1.70141E+38 1.70141E+38 1.70141E+38 1.70141E+38 1.70141E+38 1.70141E+38 1.70141E+38 1.70141E+38 1.70141E+38 1.70141E+38 1.70141E+38 1.70141E+38 1.70141E+38 1.70141E+38 1.70141E+38 1.70141E+38 1.70141E+38 1.70141E+38 1.70141E+38 1.70141E+38 1.70141E+38 1.70141E+38 1.70141E+38 1.70141E+38 1.70141E+38 1.70141E+38 1.70141E+38 1.70141E+38 1.70141E+38 1.70141E+38 1.70141E+38 1.70141E+38 1.70141E+38 1.70141E+38 1.70141E+38 1.70141E+38 1.70141E+38 1.70141E+38 1.70141E+38 1.70141E+38 1.70141E+38 1.70141E+38 1.70141E+38 1.70141E+38 1.70141E+38 1.70141E+38 1.70141E+38 1.70141E+38 1.70141E+38 1.70141E+38 1.70141E+38 1.70141E+38 1.70141E+38 1.70141E+38 1.70141E+38 1.70141E+38 1.70141E+38 1.70141E+38 1.70141E+38
1.70141E+38 1.70141E+38 1.70141E+38 1.70141E+38 1.70141E+38 1.70141E+38 1.70141E+38 1.70141E+38 1.70141E+38 1.70141E+38 1.70141E+38 1.70141E+38 1.70141E+38 1.70141E+38 1.70141E+38 1.70141E+38 1.70141E+38 1.70141E+38 1.70141E+38 1.70141E+38 1.70141E+38 1.70141E+38 1.70141E+38 1.70141E+38 1.70141E+38 1.70141E+38 1.70141E+38 1.70141E+38 1.70141E+38 1.70141E+38 1.70141E+38 1.70141E+38 1.70141E+38 1.70141E+38 1.70141E+38 1.70141E+38 1.70141E+38 1.70141E+38 1.70141E+38 1.70141E+38 1.70141E+38 1.70141E+38 1.70141E+38 1.70141E+38 1.70141E+38 1.70141E+38 1.70141E+38 1.70141E+38 1.70141E+38 1.70141E+38 1.70141E+38 1.70141E+38 1.70141E+38 1.70141E+38 1.70141E+38 1.70141E+38 1.70141E+38 1.70141E+38 1.70141E+38 1.70141E+38 1.70141E+38 1.70141E+38
1.70141E+38 1.70141E+38 1.70141E+38 1.70141E+38 1.70141E+38 1.70141E+38 1.70141E+38 1.70141E+38 1.70141E+38 1.70141E+38 1.70141E+38 1.70141E+38 1.70141E+38 1.70141E+38 1.70141E+38 1.70141E+38 1.70141E+38 1.70141E+38 1.70141E+38 1.70141E+38 1.70141E+38 1.70141E+38 1.70141E+38 1.70141E+38 1.70141E+38 1.70141E+38 1.70141E+38 1.70141E+38 1.70141E+38 1.70141E+38 1.70141E+38 1.70141E+38 1.70141E+38 1.70141E+38 1.70141E+38 1.70141E+38 1.70141E+38 1.70141E+38 1.70141E+38 1.70141E+38 1.70141E+38 1.70141E+38 1.70141E+38 1.70141E+38 1.70141E+38 1.70141E+38 1.70141E+38 1.70141E+38 1.70141E+38 1.70141E+38 1.70141E+38 1.70141E+38 1.70141E+38 1.70141E+38 1.70141E+38 1.70141E+38 1.70141E+38 1.70141E+38 1.70141E+38 1.70141E+38 1.70141E+38 1.70141E+38
