py_wake/examples/data/AJ_ParqueFicticio/Ridge area   Sector 12   Height 30m   Orographic speed.grd
DSAA
90  129
 262878   265103
 6504214   6507414
 .1633534   1.359788
[rows 54 to 80 of 129, columns 0 to 61 of 90]
1.162252 1.129164 1.0896 1.039668 .9796636 .8954757 .8026488 .7252694 .6643662 .6324491 .6374748 .6520438 .6468429 .6041235 .5342856 .4558839 .3947604 .3667305 .3549124 .3622878 .3950509 .4386269 .487844 .5369155 .5792853 .6042139 .622279 .650443 .6706772 .6908929 .725677 .7621382 .8006101 .8443872 .8833267 .9217842 .9631247 1.004798 1.049729 1.098643 1.148976 1.198365 1.240815 1.276418 1.306667 1.325072 1.324948 1.308342 1.280667 1.242845 1.200838 1.150867 1.09479 1.036711 .9768464 .9392173 .9283513 .9337222 .9498381 .9762342 1.011227 1.046042
1.185503 1.159462 1.126516 1.08465 1.032018 .9682844 .9000999 .8366801 .7859659 .7592818 .7601764 .7703965 .7585478 .7097546 .6356052 .549024 .4720429 .4170393 .3863927 .3830942 .4057272 .4476091 .4978065 .5515945 .6059828 .647353 .6827714 .7153868 .7455198 .7764764 .808413 .8446642 .8768932 .9044137 .9288834 .9552808 .9897369 1.02495 1.061859 1.103018 1.147904 1.194113 1.234873 1.27064 1.301794 1.319232 1.323878 1.313319 1.292339 1.25858 1.216378 1.169212 1.118197 1.067703 1.018577 .9823775 .9693457 .9717309 .9824209 1.001316 1.024293 1.045395
1.206878 1.18832 1.162245 1.12611 1.079723 1.029509 .975796 .9251699 .8856133 .8635518 .8644344 .8753669 .869878 .825565 .757127 .6701893 .5821033 .5035633 .4444097 .4170253 .4339611 .4761528 .5271487 .5908882 .6586847 .7146246 .7594499 .797139 .8296726 .8617249 .8938892 .9247885 .9507969 .9691271 .9858131 1.005565 1.02875 1.054607 1.081934 1.11599 1.156576 1.197734 1.235046 1.269557 1.29872 1.315102 1.322343 1.315244 1.298354 1.272389 1.233643 1.188208 1.141013 1.095004 1.050221 1.014842 .9997683 .9987057 1.004209 1.015511 1.029782 1.044156
1.226623 1.213835 1.192915 1.161988 1.123714 1.080018 1.036987 1.000432 .9720772 .9542407 .9499996 .9595709 .9602411 .9351329 .8839958 .8099958 .7161968 .6227325 .5380445 .4910369 .5030286 .5454416 .5948082 .6590206 .7307422 .7921655 .8390509 .8774626 .9085386 .9396479 .9682992 .9933148 1.012893 1.028874 1.045112 1.060996 1.077438 1.094332 1.11386 1.140388 1.175606 1.211534 1.244808 1.275652 1.299647 1.315137 1.322784 1.317917 1.303486 1.28269 1.2522 1.211767 1.167215 1.123625 1.082766 1.047579 1.026044 1.018704 1.018506 1.024875 1.034437 1.042066
1.241589 1.235165 1.219236 1.192137 1.15916 1.123171 1.088942 1.057632 1.034336 1.022183 1.020905 1.02494 1.023579 1.007146 .9735215 .9257087 .8585779 .7799304 .688912 .6334048 .6341411 .6632939 .703917 .7585523 .8184558 .871075 .9124004 .9450861 .9743586 1.001875 1.02691 1.049358 1.067219 1.082619 1.097399 1.112111 1.126294 1.141047 1.158098 1.179205 1.205936 1.234752 1.264064 1.288061 1.308002 1.321312 1.328029 1.324494 1.311964 1.292765 1.268094 1.234981 1.194705 1.154897 1.117358 1.084323 1.058121 1.042078 1.0354 1.033774 1.033969 1.031841
1.254661 1.254534 1.244991 1.224191 1.195857 1.164681 1.135264 1.109383 1.089701 1.078252 1.076144 1.078002 1.075599 1.062595 1.037409 1.004721 .9618027 .9061741 .8447099 .7997034 .7899747 .7982098 .8249823 .8654575 .9070861 .9431667 .9739037 1.000219 1.02399 1.047935 1.072221 1.095183 1.114477 1.130214 1.144779 1.159207 1.172409 1.186524 1.202226 1.220373 1.240751 1.26344 1.285695 1.30429 1.322892 1.334911 1.341134 1.339161 1.327901 1.30809 1.283394 1.255569 1.221411 1.184066 1.148542 1.116531 1.090457 1.06946 1.052197 1.039546 1.027547 1.015926
1.268694 1.273108 1.269927 1.255834 1.233109 1.207471 1.182851 1.16154 1.144089 1.131414 1.12709 1.127741 1.125919 1.115514 1.095998 1.07275 1.044428 1.009319 .9703611 .9351082 .925175 .9249939 .9331978 .9561532 .9812625 1.003217 1.024613 1.044665 1.065097 1.086036 1.108548 1.132131 1.153382 1.169735 1.184088 1.198433 1.211137 1.223984 1.238585 1.253177 1.270019 1.287464 1.303092 1.318713 1.336501 1.348532 1.353907 1.354259 1.347443 1.328333 1.300752 1.272572 1.243169 1.209584 1.174989 1.142765 1.114554 1.090045 1.065564 1.040727 1.017364 .9977018
1.285096 1.29219 1.292881 1.28418 1.267105 1.247042 1.227584 1.209797 1.194213 1.182126 1.176913 1.175836 1.174795 1.168919 1.154638 1.134324 1.111389 1.0863 1.061017 1.038893 1.026224 1.019731 1.018101 1.027492 1.041278 1.054552 1.06833 1.083846 1.101881 1.11989 1.139647 1.160838 1.181139 1.196983 1.211484 1.22509 1.237123 1.249901 1.262881 1.27598 1.290938 1.304693 1.316302 1.329126 1.344206 1.353737 1.355453 1.356429 1.354831 1.343703 1.317908 1.287939 1.259409 1.229386 1.195485 1.160553 1.126707 1.096281 1.06632 1.034312 1.001259 .9733736
1.300802 1.310423 1.31476 1.311936 1.302504 1.289133 1.274124 1.258924 1.244825 1.233227 1.226547 1.224175 1.222237 1.21665 1.20622 1.18919 1.171435 1.152476 1.134308 1.116974 1.10155 1.09385 1.089947 1.0922 1.097108 1.104939 1.113822 1.123489 1.135842 1.150808 1.165938 1.183005 1.199274 1.214067 1.227425 1.239328 1.251567 1.264241 1.276392 1.289427 1.303291 1.315656 1.326889 1.339005 1.350237 1.355268 1.353391 1.352675 1.352497 1.349297 1.332924 1.304483 1.273877 1.244398 1.211808 1.174476 1.134929 1.098031 1.062721 1.024234 .9808534 .9406552
1.307817 1.320403 1.328177 1.328059 1.322511 1.313561 1.302712 1.291301 1.280374 1.270892 1.26358 1.258626 1.256422 1.25436 1.249784 1.238985 1.225485 1.211791 1.197784 1.183393 1.169923 1.160132 1.155701 1.153364 1.153839 1.155037 1.156886 1.160992 1.168817 1.177953 1.189013 1.201123 1.212944 1.22529 1.236654 1.246542 1.257481 1.269362 1.281475 1.294634 1.308028 1.319927 1.331622 1.344825 1.35625 1.357558 1.352841 1.349399 1.347847 1.34706 1.340621 1.319381 1.28852 1.258602 1.227913 1.190489 1.146702 1.104854 1.064508 1.019885 .9671896 .9157062
1.30031 1.315439 1.32754 1.330597 1.32715 1.320267 1.311184 1.301677 1.293294 1.286607 1.281353 1.277766 1.276497 1.276147 1.27498 1.269478 1.259444 1.249245 1.240784 1.233703 1.222804 1.211243 1.203382 1.200568 1.198793 1.193952 1.190745 1.191798 1.194941 1.199251 1.206304 1.213648 1.221585 1.230859 1.239495 1.247088 1.255938 1.266171 1.277174 1.289977 1.304132 1.316113 1.327465 1.341069 1.356164 1.359788 1.353336 1.346897 1.342945 1.341427 1.339794 1.328469 1.301051 1.271238 1.242454 1.208088 1.161956 1.117109 1.072808 1.024651 .9674442 .9104149
1.27697 1.294219 1.311664 1.320729 1.321107 1.317533 1.310944 1.302768 1.29519 1.289227 1.283974 1.279331 1.276412 1.27569 1.276115 1.273876 1.268429 1.261989 1.256155 1.252167 1.245036 1.23587 1.228295 1.22512 1.222278 1.217575 1.213317 1.21184 1.211269 1.212066 1.21471 1.217763 1.221653 1.227118 1.232886 1.237855 1.243351 1.250608 1.260428 1.273178 1.28849 1.302283 1.3139 1.327676 1.345665 1.357423 1.353771 1.345422 1.339101 1.335874 1.334852 1.329832 1.308268 1.280004 1.253085 1.223208 1.17703 1.13156 1.086538 1.03884 .9825676 .9245628
1.243146 1.261176 1.281576 1.298645 1.303367 1.301567 1.296014 1.287829 1.279062 1.271263 1.263951 1.257122 1.252305 1.251329 1.254439 1.257063 1.254496 1.250882 1.247003 1.244526 1.240501 1.23523 1.229773 1.226349 1.224399 1.222464 1.220378 1.218632 1.217001 1.2159 1.215714 1.215282 1.215508 1.217273 1.220002 1.221828 1.222995 1.225913 1.233696 1.246206 1.261902 1.280063 1.295012 1.309453 1.327308 1.347129 1.351782 1.344415 1.336478 1.331705 1.329824 1.326861 1.309245 1.283771 1.25981 1.234795 1.192351 1.14885 1.105013 1.058967 1.005479 .9475272
1.203176 1.220212 1.23916 1.260456 1.274598 1.278326 1.274691 1.2659 1.254186 1.242025 1.230365 1.219561 1.212037 1.210808 1.215793 1.225026 1.226007 1.22308 1.220377 1.220292 1.219059 1.214894 1.211206 1.209631 1.208805 1.207384 1.206542 1.206663 1.20502 1.204227 1.205256 1.203943 1.200632 1.198946 1.200481 1.201045 1.198426 1.197166 1.20188 1.213522 1.229678 1.250133 1.271074 1.28792 1.306143 1.328571 1.343692 1.342696 1.334624 1.329005 1.326678 1.324319 1.309062 1.28642 1.266017 1.245744 1.20919 1.169607 1.12797 1.083166 1.031613 .9748188
1.159334 1.174692 1.190415 1.20694 1.22187 1.231757 1.233408 1.225597 1.210716 1.192741 1.176265 1.162427 1.153595 1.153158 1.159009 1.171682 1.181903 1.182696 1.180582 1.181213 1.183851 1.181501 1.17833 1.17793 1.178362 1.1765 1.174546 1.174242 1.173031 1.172654 1.174433 1.175507 1.171235 1.166238 1.165884 1.167362 1.165107 1.161829 1.163469 1.173945 1.192323 1.214313 1.240553 1.264533 1.282974 1.304642 1.326823 1.33692 1.332735 1.326925 1.324768 1.322818 1.309255 1.288562 1.270659 1.252836 1.221102 1.185097 1.147044 1.105179 1.055919 1.000804
1.116623 1.128147 1.140275 1.149627 1.157367 1.163769 1.165922 1.159984 1.146451 1.128703 1.11109 1.09583 1.085311 1.082076 1.086917 1.099195 1.114534 1.123529 1.126808 1.127711 1.130927 1.133464 1.131997 1.131008 1.132216 1.132969 1.130194 1.126192 1.124625 1.124851 1.124958 1.126665 1.124415 1.117631 1.112146 1.111441 1.111457 1.111333 1.115352 1.126 1.146208 1.171198 1.200783 1.234943 1.258167 1.27881 1.303019 1.323779 1.328497 1.324551 1.323365 1.322205 1.309895 1.289768 1.272017 1.252236 1.221819 1.186573 1.150834 1.112759 1.069183 1.020562
1.075313 1.08448 1.093253 1.096724 1.096817 1.097699 1.096797 1.091267 1.079229 1.062568 1.044781 1.027829 1.013304 1.006787 1.009468 1.019911 1.03421 1.04599 1.05579 1.062284 1.065774 1.071322 1.075287 1.076221 1.077702 1.078443 1.077356 1.071791 1.068212 1.065323 1.065164 1.065675 1.063481 1.055911 1.048038 1.041935 1.038443 1.039077 1.04779 1.068979 1.09264 1.121399 1.156459 1.197551 1.233138 1.253111 1.277069 1.303437 1.319098 1.320951 1.321591 1.322243 1.312245 1.293022 1.274373 1.25144 1.221704 1.187933 1.153322 1.116538 1.076916 1.033713
1.034118 1.042926 1.051652 1.053668 1.048204 1.042119 1.036603 1.029185 1.015689 .9973807 .9790092 .959495 .9410284 .9344133 .9365969 .9455066 .9551979 .9660705 .97667 .9859865 .9944718 1.003206 1.009421 1.013615 1.017394 1.017986 1.016065 1.011443 1.007611 1.004678 1.004506 1.005385 1.004102 .9987321 .9916078 .9833153 .9767446 .968837 .9693955 .9994648 1.039954 1.072938 1.111136 1.156118 1.204219 1.228828 1.251978 1.278922 1.302359 1.312396 1.316117 1.31817 1.311591 1.295702 1.277013 1.252826 1.223826 1.190882 1.156681 1.120821 1.083018 1.042999
.9924269 .9979731 1.006455 1.009009 1.001145 .9907586 .9815443 .9722943 .958025 .938782 .9181944 .8971822 .8763492 .866124 .8674347 .8737858 .8814013 .889971 .8983485 .9063306 .916784 .9307981 .9408173 .9456785 .9504272 .9532087 .9539952 .9509696 .9481767 .9458361 .947125 .9516788 .95371 .951083 .9443743 .9386466 .9378435 .9296501 .9210648 .9448006 .9955071 1.037179 1.077482 1.124092 1.176689 1.208216 1.229671 1.254151 1.277647 1.291741 1.297487 1.301149 1.299295 1.289932 1.274423 1.252942 1.22688 1.195359 1.161818 1.126369 1.088901 1.049165
.9441505 .9481464 .9541973 .9570047 .9511626 .9425502 .9338196 .9245405 .9102066 .8916476 .8710107 .848626 .8246691 .80879 .8029506 .8065321 .8107937 .818073 .822883 .8291499 .840299 .8535924 .8666396 .8743702 .8788587 .8825996 .8866086 .8877237 .8885412 .8889552 .8928481 .8993227 .9093675 .9146541 .9116685 .9105694 .9155608 .9140796 .9127088 .9291071 .9764037 1.021408 1.062986 1.108507 1.159532 1.19434 1.213255 1.234198 1.253718 1.267 1.274167 1.280388 1.282889 1.27931 1.268757 1.252227 1.22992 1.201205 1.169081 1.133812 1.096398 1.05602
.8967445 .9011577 .906031 .9078807 .9049829 .8986444 .890794 .8818223 .8690438 .8508703 .8267496 .80145 .7772409 .7616785 .7534575 .7472681 .7487541 .7532278 .7555941 .7655823 .7824936 .7928703 .7999682 .8099199 .816416 .8186577 .8186975 .8201547 .8215699 .8259756 .8332894 .8407384 .8592036 .8788553 .8868042 .8923737 .9010622 .9079449 .91467 .9311779 .9729216 1.01645 1.059389 1.104459 1.152263 1.186609 1.20297 1.220505 1.235324 1.245909 1.253912 1.262177 1.267582 1.266849 1.260378 1.249409 1.23074 1.206329 1.177431 1.1438 1.106168 1.064805
.8653987 .8672623 .8694817 .8709394 .8677004 .8596465 .8501735 .8436008 .8405964 .828721 .806556 .7764924 .7412164 .7181901 .7159927 .7111331 .6990034 .6990077 .7101956 .7303053 .7548963 .7656848 .7651049 .7630187 .7705894 .7795147 .7780545 .7682631 .7597912 .768656 .780111 .7841758 .8041959 .8413008 .8670506 .8842743 .8998854 .9124996 .922221 .941545 .98152 1.022707 1.063546 1.105643 1.14937 1.182155 1.19657 1.211273 1.221586 1.228632 1.235805 1.244436 1.250206 1.249954 1.247119 1.241589 1.227671 1.207778 1.183747 1.154205 1.117518 1.076249
.8489578 .85148 .8522186 .851958 .8472803 .8378032 .8273718 .8229545 .8285181 .8218392 .8044794 .776854 .7423236 .7160996 .7129901 .7053815 .6864812 .6805562 .697963 .7281144 .7528501 .7619796 .75988 .7531673 .7568715 .7682702 .7685592 .7585938 .7458975 .7502342 .7636841 .7687519 .7864972 .8294802 .8652982 .8928034 .9148834 .9324176 .9449804 .9678283 1.004381 1.041127 1.077727 1.114329 1.152439 1.1819 1.194264 1.205623 1.211007 1.213803 1.218079 1.222903 1.225079 1.225121 1.224681 1.222528 1.21495 1.201674 1.184256 1.160905 1.128128 1.089853
.8352565 .8398845 .8425669 .842917 .8389748 .8336982 .8302017 .8320684 .8384538 .8354325 .8242657 .8027714 .7837793 .7672519 .7543446 .7429473 .7253132 .7185983 .7263332 .7496061 .7729334 .7840566 .786096 .783864 .7859413 .792322 .7931399 .787465 .7808402 .7839506 .7912121 .7974182 .8160817 .8496179 .8837658 .9133843 .9386714 .9612526 .9812921 1.007435 1.038734 1.070946 1.101118 1.13018 1.160598 1.184446 1.195267 1.2031 1.204606 1.202706 1.198202 1.193317 1.191466 1.190895 1.190324 1.190593 1.189119 1.183206 1.172848 1.157106 1.132034 1.101598
.8254965 .8279821 .8313773 .8372151 .8380458 .8364942 .8375012 .8480716 .8581774 .8596017 .8577814 .8556251 .8461581 .8338065 .8211054 .8118494 .8041114 .7940652 .7929679 .8037845 .8195283 .8282028 .8330497 .8387015 .8433713 .8427961 .8396714 .8360959 .834004 .8332503 .8336236 .8389876 .8562334 .8821502 .9137121 .9430612 .9695985 .9954334 1.02157 1.048292 1.074665 1.102555 1.127102 1.151628 1.174798 1.190884 1.199803 1.203982 1.202527 1.193847 1.177757 1.16338 1.15581 1.151612 1.149394 1.149973 1.152873 1.153084 1.149881 1.142372 1.127093 1.106373
.8295719 .8289929 .8311908 .8437254 .8503413 .8502368 .8545238 .8710529 .8858858 .8965375 .9061857 .9090546 .9059122 .8996069 .8948413 .8887165 .8830636 .8773193 .875868 .8783614 .8825207 .885287 .8903533 .8978069 .9013523 .8978341 .8920927 .8888884 .884786 .8780882 .8744146 .8790845 .8906562 .9145249 .9462724 .9757264 1.002651 1.030637 1.0592 1.084605 1.108554 1.131202 1.15116 1.172541 1.19075 1.201266 1.208069 1.20982 1.205361 1.187244 1.164702 1.142568 1.125692 1.115107 1.109058 1.107592 1.109976 1.113081 1.115948 1.116135 1.109514 1.09831
.8544295 .8561543 .8617608 .8734589 .8809199 .8857498 .895644 .9102488 .9280098 .9445265 .9569838 .9639292 .9660509 .9648749 .960912 .9573358 .9540277 .9504839 .9491763 .9463161 .9455025 .9463505 .9501838 .9542349 .9552906 .9519584 .9458699 .939796 .9320087 .9233356 .9186198 .9205149 .9285104 .9495061 .9779817 1.006272 1.033381 1.062087 1.091119 1.116309 1.139013 1.158684 1.176335 1.192801 1.205108 1.213554 1.21863 1.219617 1.211031 1.188934 1.162705 1.134134 1.108096 1.087548 1.072688 1.064804 1.064309 1.067259 1.071525 1.075889 1.075123 1.06959
