py_wake/examples/data/AJ_ParqueFicticio/Ridge area   Sector 3   Height 200m   Orographic speed.grd
DSAA
90  129
 262878   265103
 6504214   6507414
 .1304103   1.614487
[rows 81 to 107 of 129, columns 0 to 61 of 90]
.4814939 .4838742 .4899755 .4953912 .5012544 .5095556 .5195274 .5312536 .5475931 .5651023 .5859053 .6121824 .6351361 .6496934 .6551057 .6590328 .6632614 .6625716 .6632831 .6637191 .6547928 .6493868 .6407623 .6304908 .6158189 .5997496 .5807158 .5662502 .5613301 .5675677 .5900896 .6393158 .7326611 .8653842 1.011386 1.138227 1.229991 1.297624 1.353324 1.403003 1.448534 1.497583 1.540611 1.567662 1.584943 1.594687 1.596056 1.589054 1.563579 1.502836 1.441169 1.372462 1.30531 1.244306 1.191803 1.150292 1.119249 1.093497 1.072461 1.056218 1.040632 1.027083
.5357844 .5450318 .555399 .5646629 .5746685 .5849345 .5974569 .6092117 .6187166 .631853 .6542224 .6811799 .7063441 .7243218 .7320423 .7356122 .7352864 .7409823 .7559327 .7724176 .7681828 .7547536 .7389696 .7322059 .7302907 .7299729 .7237473 .7217428 .7317944 .7486386 .7807869 .8329936 .917668 1.032447 1.140108 1.225151 1.290299 1.344519 1.396254 1.440829 1.482692 1.52672 1.558174 1.573631 1.584923 1.58766 1.584076 1.572848 1.536783 1.475613 1.414414 1.343642 1.275712 1.213581 1.161186 1.119586 1.088823 1.063856 1.045455 1.033057 1.020654 1.009225
.5886926 .6028036 .6180125 .6304839 .6389372 .6503299 .6616517 .6652625 .6694656 .6846061 .7044355 .7237334 .7521216 .7760835 .7747162 .7677431 .7677771 .7807571 .8088936 .8401527 .8319066 .8157682 .8028706 .8033028 .8180577 .8368863 .8458789 .8597114 .8878228 .9150618 .9478137 .996568 1.067493 1.15223 1.226747 1.285014 1.336535 1.386824 1.436225 1.475225 1.512138 1.54703 1.568126 1.575896 1.580221 1.577047 1.569002 1.552191 1.507347 1.450325 1.390433 1.320515 1.254009 1.192693 1.140077 1.09675 1.065905 1.041949 1.025597 1.014291 1.002501 .9932939
.6368318 .6538849 .6702955 .6818225 .6905017 .6988794 .7018628 .7007362 .7040906 .7166939 .7281085 .7374282 .7511895 .761185 .7576362 .7516009 .7544195 .7700049 .796671 .8236225 .827073 .8214478 .8191268 .8279431 .8518303 .8890288 .9225389 .9550062 .99775 1.034164 1.071531 1.122009 1.178755 1.234819 1.286596 1.332014 1.376742 1.426716 1.471628 1.505859 1.536403 1.561212 1.57289 1.574119 1.571284 1.563503 1.550322 1.526014 1.477699 1.42669 1.369492 1.30468 1.242557 1.182445 1.12895 1.083668 1.053025 1.029815 1.013538 1.000041 .987935 .9801456
.681533 .6985676 .7124012 .7229262 .7331945 .7346626 .7291721 .7248994 .7264097 .7309909 .7294798 .7209262 .7094277 .6993534 .6924666 .6900873 .6935968 .7062827 .7249181 .745516 .7600942 .7679431 .7775719 .7984605 .8351572 .889946 .9496023 1.005898 1.0637 1.10876 1.156981 1.206944 1.250964 1.291794 1.333084 1.373556 1.415623 1.46394 1.503176 1.532815 1.556134 1.57074 1.573647 1.568389 1.559052 1.546333 1.526292 1.494845 1.45025 1.405424 1.351599 1.293222 1.235888 1.177658 1.123696 1.077072 1.047495 1.02467 1.006507 .9898956 .976441 .967493
.7224712 .7360125 .7466529 .7561886 .7639549 .7586452 .7454541 .7319716 .7235588 .7175567 .7004154 .6736879 .6454534 .6219979 .6040714 .5976607 .6036283 .6126868 .6245832 .6411679 .6567667 .6737874 .6961362 .7360983 .7903578 .8625226 .9478949 1.028779 1.101265 1.15715 1.209244 1.257304 1.296866 1.335101 1.372913 1.409286 1.45119 1.495957 1.529591 1.553924 1.568361 1.572968 1.567868 1.555502 1.539147 1.519442 1.493948 1.462373 1.425277 1.385277 1.335325 1.283771 1.230576 1.175092 1.122434 1.076055 1.047478 1.023601 1.001992 .9822547 .9676353 .9566538
.7576349 .7664225 .7720597 .7764849 .7759107 .7613201 .7391769 .7152256 .6927962 .6707804 .6417399 .6072865 .5721761 .5395464 .5107497 .4933058 .4920482 .5010008 .5145016 .5274315 .5440875 .5656635 .6036502 .6696224 .7468938 .8373272 .9497266 1.049706 1.130642 1.1929 1.245203 1.291072 1.333355 1.373142 1.407184 1.441343 1.482115 1.522017 1.55023 1.567073 1.570768 1.564786 1.551442 1.532981 1.511633 1.488825 1.462854 1.433098 1.401352 1.364739 1.319215 1.27326 1.22479 1.174898 1.125564 1.080681 1.05177 1.028177 1.005386 .9834746 .9688595 .9566219
.7825453 .7852005 .7854795 .7819798 .7693903 .7464239 .7174954 .6846964 .6497522 .6108447 .5699812 .5285128 .4887197 .4506734 .4156126 .3896175 .3756397 .3808303 .3975523 .4148933 .436444 .4721633 .5255169 .6178636 .7296824 .8466192 .9741562 1.080724 1.162723 1.224018 1.275218 1.321772 1.367428 1.405866 1.436966 1.46928 1.507282 1.541391 1.563494 1.571512 1.564484 1.549291 1.529689 1.506726 1.481999 1.456567 1.430031 1.401424 1.372386 1.339835 1.301052 1.261325 1.219553 1.176625 1.131146 1.088531 1.059344 1.037173 1.015443 .9926775 .9772879 .9644119
.8010195 .7973873 .7924773 .7811231 .7557366 .7217618 .6848882 .6449032 .6002684 .552047 .5023034 .4537386 .4061855 .3633037 .327128 .2970397 .2748097 .2776884 .2922042 .3140545 .3423537 .3919729 .4636302 .5825167 .7343655 .8824759 1.015546 1.120601 1.198566 1.255658 1.305847 1.353906 1.400859 1.435903 1.464025 1.493684 1.527334 1.554396 1.56875 1.567679 1.550506 1.5274 1.501786 1.473456 1.443099 1.414679 1.389379 1.364214 1.341078 1.313827 1.282539 1.250412 1.21559 1.178308 1.136286 1.096831 1.068288 1.04825 1.029174 1.00683 .9897243 .9765828
.8135704 .8032706 .7951135 .7766196 .7393762 .6954519 .6495244 .6044793 .5560957 .5061479 .4537205 .3998415 .3449468 .2969393 .262884 .2385139 .2191373 .2146556 .2251289 .2412164 .2727751 .3331878 .4195915 .5629736 .754545 .9300258 1.067019 1.166055 1.235619 1.289258 1.339385 1.38816 1.433254 1.463804 1.488467 1.514181 1.541235 1.559467 1.564996 1.553845 1.524516 1.491009 1.461294 1.431146 1.399611 1.371936 1.349171 1.328591 1.309554 1.287239 1.263378 1.239357 1.210559 1.175418 1.135606 1.099745 1.074401 1.057253 1.041815 1.020701 1.003036 .9896777
.8129482 .7977225 .7822623 .7566409 .7143858 .6654585 .6169259 .5716776 .5247844 .4770466 .4291434 .3779458 .3232148 .2748981 .2438096 .2292476 .2163181 .2111128 .2213181 .2375313 .2724349 .3548864 .4546514 .6247467 .8354481 1.003943 1.124825 1.211051 1.271816 1.323118 1.372873 1.418936 1.458328 1.483672 1.504243 1.525666 1.544655 1.553695 1.548916 1.525239 1.486908 1.452653 1.422401 1.389483 1.354483 1.327059 1.307231 1.290748 1.275547 1.260553 1.244155 1.226112 1.199991 1.163807 1.124996 1.094078 1.074235 1.060355 1.046957 1.029021 1.014653 1.003285
.7931657 .7763159 .7541679 .720082 .6777883 .631112 .5835086 .5398724 .499313 .4613427 .4226255 .3808769 .340297 .3048794 .2833569 .2738569 .2648728 .2699911 .2916997 .3167153 .3778925 .4923145 .6290048 .8062613 .9780948 1.101186 1.187667 1.254694 1.308309 1.356571 1.403483 1.443848 1.476027 1.495537 1.51105 1.526565 1.535947 1.536395 1.523244 1.491961 1.452149 1.413944 1.378519 1.342944 1.307132 1.282751 1.26671 1.255156 1.24489 1.234546 1.222154 1.206636 1.180997 1.144524 1.107829 1.081565 1.066467 1.055138 1.044273 1.033309 1.024877 1.017824
.7630455 .7461918 .7221724 .6894152 .6464919 .6006892 .5553854 .5178251 .4857025 .4611913 .4380211 .4134693 .3897069 .3689152 .362355 .3613648 .3599792 .3798549 .4177104 .4726414 .5772447 .711983 .8629096 1.003371 1.10867 1.185228 1.245726 1.298714 1.345137 1.389658 1.431362 1.464581 1.489047 1.501994 1.511219 1.519204 1.519258 1.51207 1.492673 1.457723 1.414405 1.373536 1.335505 1.298856 1.263964 1.240698 1.226984 1.220418 1.214326 1.207241 1.197762 1.185138 1.160045 1.123416 1.089249 1.066153 1.053379 1.04513 1.039277 1.03636 1.034308 1.031479
.735453 .717602 .7014844 .6763405 .64021 .5949172 .5461459 .5133181 .4987877 .4858514 .4755353 .4709207 .4629156 .458647 .4696182 .4822657 .5009953 .5389673 .5925853 .6778555 .7913201 .9199732 1.03306 1.119392 1.186279 1.24066 1.291837 1.338873 1.379981 1.41972 1.454465 1.479973 1.496 1.500193 1.501828 1.500733 1.493271 1.480739 1.458285 1.423248 1.380165 1.338113 1.29895 1.261944 1.227213 1.204445 1.192771 1.187833 1.183301 1.178728 1.172577 1.161598 1.136001 1.101337 1.06895 1.046735 1.036622 1.032254 1.0318 1.035411 1.03995 1.041982
.7135286 .6995513 .6898585 .6754458 .6479633 .6108312 .5766038 .5540186 .5522894 .5488548 .5479506 .5592067 .5667487 .5797206 .6056803 .6342853 .6701389 .7170865 .7819293 .863635 .9571649 1.048319 1.12578 1.186326 1.237463 1.285502 1.332739 1.373628 1.409912 1.443421 1.469572 1.486051 1.492889 1.48943 1.484376 1.475996 1.464195 1.449142 1.426319 1.391966 1.349911 1.310157 1.272107 1.233471 1.196259 1.172433 1.160799 1.156829 1.154552 1.152645 1.148172 1.137561 1.113818 1.079544 1.048786 1.0273 1.018995 1.017765 1.021707 1.029563 1.038613 1.044354
.6922286 .6875803 .6844375 .6801969 .6646801 .6469516 .6305309 .6213168 .6317531 .6384546 .6504638 .6704068 .6930578 .7234304 .7579938 .7930793 .8326789 .8843543 .9438384 1.006837 1.070412 1.13289 1.189507 1.237659 1.281395 1.327433 1.368947 1.40244 1.433708 1.460132 1.477375 1.485298 1.483306 1.472685 1.460845 1.446329 1.431073 1.414886 1.392629 1.361395 1.324103 1.287339 1.24917 1.208352 1.169472 1.143661 1.131745 1.129259 1.12825 1.126918 1.12188 1.11266 1.092326 1.059323 1.029602 1.008717 1.000895 1.000624 1.00647 1.017113 1.028886 1.037933
.6792733 .6823998 .6871993 .6906194 .6898267 .6887831 .6861717 .6931306 .7147023 .734172 .7585981 .7856563 .816048 .8519831 .8891461 .9261991 .9650441 1.010203 1.057826 1.102771 1.148509 1.196514 1.243568 1.281846 1.319911 1.3619 1.396659 1.424474 1.450477 1.469312 1.47708 1.476239 1.465549 1.448571 1.430486 1.41079 1.393365 1.377756 1.358892 1.333985 1.301586 1.266525 1.228227 1.186743 1.145936 1.117614 1.10517 1.102806 1.101012 1.100041 1.096781 1.090768 1.07176 1.040006 1.010764 .9901986 .9820416 .9806263 .9877588 1.001922 1.017216 1.029583
.688466 .6932907 .7022999 .7091765 .7191996 .7294523 .7373323 .7594627 .7882814 .8165414 .8461201 .8786207 .9121434 .9472687 .9843275 1.021343 1.056017 1.092837 1.129561 1.165795 1.2046 1.244678 1.28351 1.315213 1.348521 1.384201 1.413304 1.436704 1.457854 1.469799 1.469328 1.460557 1.442911 1.420016 1.39558 1.371482 1.353503 1.339939 1.325832 1.306396 1.280853 1.250415 1.213897 1.172357 1.130591 1.098535 1.083097 1.078696 1.075575 1.075278 1.073609 1.069536 1.050643 1.021221 .9930943 .972454 .9623445 .959538 .9667981 .9847564 1.004677 1.020847
.7144516 .7244968 .7360237 .7441809 .7607842 .7770173 .7921088 .8202955 .8525512 .8834814 .9141299 .9459792 .9797239 1.013057 1.045824 1.078511 1.110334 1.14242 1.172825 1.204023 1.237207 1.272295 1.30527 1.33367 1.363188 1.393427 1.419002 1.44055 1.459115 1.465732 1.457988 1.441434 1.416545 1.386428 1.35609 1.329383 1.312422 1.301956 1.292691 1.280029 1.263811 1.239299 1.205511 1.16506 1.123824 1.089464 1.069794 1.061189 1.055801 1.053254 1.050705 1.046481 1.029852 1.003357 .9766948 .9566059 .9449051 .941389 .9479299 .9656618 .9876655 1.006718
1.70141E+38 1.70141E+38 1.70141E+38 1.70141E+38 1.70141E+38 1.70141E+38 1.70141E+38 1.70141E+38 1.70141E+38 1.70141E+38 1.70141E+38 1.70141E+38 1.70141E+38 1.70141E+38 1.70141E+38 1.70141E+38 1.70141E+38 1.70141E+38 1.70141E+38 1.70141E+38 1.70141E+38 1.70141E+38 1.70141E+38 1.70141E+38 1.70141E+38 1.70141E+38 1.70141E+38 1.70141E+38 1.70141E+38 1.70141E+38 1.70141E+38 1.70141E+38 1.70141E+38 1.70141E+38 1.70141E+38 1.70141E+38 1.70141E+38 1.70141E+38 1.70141E+38 1.70141E+38 1.70141E+38 1.70141E+38 1.70141E+38 1.70141E+38 1.70141E+38 1.70141E+38 1.70141E+38 1.70141E+38 1.70141E+38 1.70141E+38 1.70141E+38 1.70141E+38 1.70141E+38 1.70141E+38 1.70141E+38 1.70141E+38 1.70141E+38 1.70141E+38 1.70141E+38 1.70141E+38 1.70141E+38 1.70141E+38
1.70141E+38 1.70141E+38 1.70141E+38 1.70141E+38 1.70141E+38 1.70141E+38 1.70141E+38 1.70141E+38 1.70141E+38 1.70141E+38 1.70141E+38 1.70141E+38 1.70141E+38 1.70141E+38 1.70141E+38 1.70141E+38 1.70141E+38 1.70141E+38 1.70141E+38 1.70141E+38 1.70141E+38 1.70141E+38 1.70141E+38 1.70141E+38 1.70141E+38 1.70141E+38 1.70141E+38 1.70141E+38 1.70141E+38 1.70141E+38 1.70141E+38 1.70141E+38 1.70141E+38 1.70141E+38 1.70141E+38 1.70141E+38 1.70141E+38 1.70141E+38 1.70141E+38 1.70141E+38 1.70141E+38 1.70141E+38 1.70141E+38 1.70141E+38 1.70141E+38 1.70141E+38 1.70141E+38 1.70141E+38 1.70141E+38 1.70141E+38 1.70141E+38 1.70141E+38 1.70141E+38 1.70141E+38 1.70141E+38 1.70141E+38 1.70141E+38 1.70141E+38 1.70141E+38 1.70141E+38 1.70141E+38 1.70141E+38
1.70141E+38 1.70141E+38 1.70141E+38 1.70141E+38 1.70141E+38 1.70141E+38 1.70141E+38 1.70141E+38 1.70141E+38 1.70141E+38 1.70141E+38 1.70141E+38 1.70141E+38 1.70141E+38 1.70141E+38 1.70141E+38 1.70141E+38 1.70141E+38 1.70141E+38 1.70141E+38 1.70141E+38 1.70141E+38 1.70141E+38 1.70141E+38 1.70141E+38 1.70141E+38 1.70141E+38 1.70141E+38 1.70141E+38 1.70141E+38 1.70141E+38 1.70141E+38 1.70141E+38 1.70141E+38 1.70141E+38 1.70141E+38 1.70141E+38 1.70141E+38 1.70141E+38 1.70141E+38 1.70141E+38 1.70141E+38 1.70141E+38 1.70141E+38 1.70141E+38 1.70141E+38 1.70141E+38 1.70141E+38 1.70141E+38 1.70141E+38 1.70141E+38 1.70141E+38 1.70141E+38 1.70141E+38 1.70141E+38 1.70141E+38 1.70141E+38 1.70141E+38 1.70141E+38 1.70141E+38 1.70141E+38 1.70141E+38
1.70141E+38 1.70141E+38 1.70141E+38 1.70141E+38 1.70141E+38 1.70141E+38 1.70141E+38 1.70141E+38 1.70141E+38 1.70141E+38 1.70141E+38 1.70141E+38 1.70141E+38 1.70141E+38 1.70141E+38 1.70141E+38 1.70141E+38 1.70141E+38 1.70141E+38 1.70141E+38 1.70141E+38 1.70141E+38 1.70141E+38 1.70141E+38 1.70141E+38 1.70141E+38 1.70141E+38 1.70141E+38 1.70141E+38 1.70141E+38 1.70141E+38 1.70141E+38 1.70141E+38 1.70141E+38 1.70141E+38 1.70141E+38 1.70141E+38 1.70141E+38 1.70141E+38 1.70141E+38 1.70141E+38 1.70141E+38 1.70141E+38 1.70141E+38 1.70141E+38 1.70141E+38 1.70141E+38 1.70141E+38 1.70141E+38 1.70141E+38 1.70141E+38 1.70141E+38 1.70141E+38 1.70141E+38 1.70141E+38 1.70141E+38 1.70141E+38 1.70141E+38 1.70141E+38 1.70141E+38 1.70141E+38 1.70141E+38
1.70141E+38 1.70141E+38 1.70141E+38 1.70141E+38 1.70141E+38 1.70141E+38 1.70141E+38 1.70141E+38 1.70141E+38 1.70141E+38 1.70141E+38 1.70141E+38 1.70141E+38 1.70141E+38 1.70141E+38 1.70141E+38 1.70141E+38 1.70141E+38 1.70141E+38 1.70141E+38 1.70141E+38 1.70141E+38 1.70141E+38 1.70141E+38 1.70141E+38 1.70141E+38 1.70141E+38 1.70141E+38 1.70141E+38 1.70141E+38 1.70141E+38 1.70141E+38 1.70141E+38 1.70141E+38 1.70141E+38 1.70141E+38 1.70141E+38 1.70141E+38 1.70141E+38 1.70141E+38 1.70141E+38 1.70141E+38 1.70141E+38 1.70141E+38 1.70141E+38 1.70141E+38 1.70141E+38 1.70141E+38 1.70141E+38 1.70141E+38 1.70141E+38 1.70141E+38 1.70141E+38 1.70141E+38 1.70141E+38 1.70141E+38 1.70141E+38 1.70141E+38 1.70141E+38 1.70141E+38 1.70141E+38 1.70141E+38
1.70141E+38 1.70141E+38 1.70141E+38 1.70141E+38 1.70141E+38 1.70141E+38 1.70141E+38 1.70141E+38 1.70141E+38 1.70141E+38 1.70141E+38 1.70141E+38 1.70141E+38 1.70141E+38 1.70141E+38 1.70141E+38 1.70141E+38 1.70141E+38 1.70141E+38 1.70141E+38 1.70141E+38 1.70141E+38 1.70141E+38 1.70141E+38 1.70141E+38 1.70141E+38 1.70141E+38 1.70141E+38 1.70141E+38 1.70141E+38 1.70141E+38 1.70141E+38 1.70141E+38 1.70141E+38 1.70141E+38 1.70141E+38 1.70141E+38 1.70141E+38 1.70141E+38 1.70141E+38 1.70141E+38 1.70141E+38 1.70141E+38 1.70141E+38 1.70141E+38 1.70141E+38 1.70141E+38 1.70141E+38 1.70141E+38 1.70141E+38 1.70141E+38 1.70141E+38 1.70141E+38 1.70141E+38 1.70141E+38 1.70141E+38 1.70141E+38 1.70141E+38 1.70141E+38 1.70141E+38 1.70141E+38 1.70141E+38
1.70141E+38 1.70141E+38 1.70141E+38 1.70141E+38 1.70141E+38 1.70141E+38 1.70141E+38 1.70141E+38 1.70141E+38 1.70141E+38 1.70141E+38 1.70141E+38 1.70141E+38 1.70141E+38 1.70141E+38 1.70141E+38 1.70141E+38 1.70141E+38 1.70141E+38 1.70141E+38 1.70141E+38 1.70141E+38 1.70141E+38 1.70141E+38 1.70141E+38 1.70141E+38 1.70141E+38 1.70141E+38 1.70141E+38 1.70141E+38 1.70141E+38 1.70141E+38 1.70141E+38 1.70141E+38 1.70141E+38 1.70141E+38 1.70141E+38 1.70141E+38 1.70141E+38 1.70141E+38 1.70141E+38 1.70141E+38 1.70141E+38 1.70141E+38 1.70141E+38 1.70141E+38 1.70141E+38 1.70141E+38 1.70141E+38 1.70141E+38 1.70141E+38 1.70141E+38 1.70141E+38 1.70141E+38 1.70141E+38 1.70141E+38 1.70141E+38 1.70141E+38 1.70141E+38 1.70141E+38 1.70141E+38 1.70141E+38
1.70141E+38 1.70141E+38 1.70141E+38 1.70141E+38 1.70141E+38 1.70141E+38 1.70141E+38 1.70141E+38 1.70141E+38 1.70141E+38 1.70141E+38 1.70141E+38 1.70141E+38 1.70141E+38 1.70141E+38 1.70141E+38 1.70141E+38 1.70141E+38 1.70141E+38 1.70141E+38 1.70141E+38 1.70141E+38 1.70141E+38 1.70141E+38 1.70141E+38 1.70141E+38 1.70141E+38 1.70141E+38 1.70141E+38 1.70141E+38 1.70141E+38 1.70141E+38 1.70141E+38 1.70141E+38 1.70141E+38 1.70141E+38 1.70141E+38 1.70141E+38 1.70141E+38 1.70141E+38 1.70141E+38 1.70141E+38 1.70141E+38 1.70141E+38 1.70141E+38 1.70141E+38 1.70141E+38 1.70141E+38 1.70141E+38 1.70141E+38 1.70141E+38 1.70141E+38 1.70141E+38 1.70141E+38 1.70141E+38 1.70141E+38 1.70141E+38 1.70141E+38 1.70141E+38 1.70141E+38 1.70141E+38 1.70141E+38
