py_wake/examples/data/AJ_ParqueFicticio/Ridge area   Sector 5   Height 200m   Orographic speed.grd
DSAA
90  129
 262878   265103
 6504214   6507414
 .2288494   1.618861
[rows 81 to 107 of 129, columns 0 to 61 of 90]
.6065493 .6224101 .6382003 .6513945 .6629609 .6748344 .687696 .7025338 .7216849 .7413924 .7609909 .7806026 .7933534 .7961394 .7922212 .7880906 .787067 .7844566 .7841924 .7829886 .7799427 .7836555 .7906732 .8004284 .8097973 .8178318 .8227568 .8278607 .8334373 .8393312 .8484297 .8650985 .8960094 .9407923 .993949 1.049967 1.103659 1.157079 1.207727 1.254339 1.295409 1.33713 1.373715 1.400586 1.420281 1.436653 1.447251 1.450519 1.430761 1.38726 1.33746 1.281249 1.228312 1.183635 1.150894 1.131128 1.122825 1.119786 1.120854 1.125487 1.127966 1.129392
.6480291 .6688909 .6876479 .7027695 .7170806 .7302496 .7444519 .759147 .7736832 .7904133 .8118458 .8341968 .8507033 .8554101 .8515044 .8464788 .8406598 .8397474 .8455932 .8502233 .8466794 .8429716 .842963 .8515276 .8641941 .8761507 .8830102 .8892719 .8960443 .900397 .9072405 .9189194 .9425682 .9828412 1.028685 1.07602 1.125251 1.176247 1.226184 1.26814 1.30632 1.349765 1.382875 1.402831 1.421746 1.437727 1.44896 1.454088 1.430899 1.388617 1.339933 1.280614 1.223062 1.171579 1.131415 1.104503 1.090628 1.083612 1.083678 1.089734 1.094298 1.097669
.6821044 .7065157 .7291906 .7473764 .7606581 .775252 .7899938 .7995054 .8099343 .8269573 .8455954 .8625944 .8828916 .8957115 .8894174 .8781009 .8698989 .8698305 .8803344 .893403 .8865182 .879067 .8765716 .8840407 .9004981 .9175573 .9269364 .9361308 .9474131 .9529651 .9575951 .9666875 .9866421 1.021211 1.060544 1.099762 1.144983 1.192304 1.239416 1.275075 1.311686 1.353617 1.384451 1.402669 1.421896 1.438091 1.450757 1.456352 1.435475 1.39774 1.352392 1.29344 1.232931 1.176705 1.1292 1.093758 1.07329 1.060743 1.056625 1.058443 1.060313 1.064194
.7082995 .7350504 .7595952 .7786006 .7928744 .8065157 .8170354 .8243473 .8340868 .8488376 .8615282 .8719406 .8847339 .8937572 .890456 .8821222 .8754136 .8749483 .8823966 .8932378 .8913625 .8872553 .8861715 .8923821 .9076023 .9293773 .9468175 .9618837 .9795944 .99023 .9993717 1.013804 1.034023 1.060896 1.093649 1.127534 1.164092 1.207224 1.24779 1.277925 1.311534 1.35041 1.380742 1.39927 1.419051 1.437118 1.451782 1.456228 1.440939 1.41137 1.3716 1.318946 1.260663 1.201056 1.146307 1.102595 1.075583 1.056351 1.044577 1.03709 1.033157 1.034192
.7286841 .7563428 .780493 .800574 .8181543 .8287031 .8347371 .8412735 .8506193 .8605121 .8655609 .8665884 .8669875 .8682382 .8670667 .8639538 .8601773 .8597267 .8627126 .8686714 .8700866 .8689708 .8692405 .8755787 .8899519 .9140983 .940101 .9652678 .9924908 1.012038 1.034858 1.058995 1.080339 1.101577 1.128167 1.156596 1.185172 1.223085 1.255459 1.280079 1.308449 1.340973 1.370627 1.392377 1.413171 1.433363 1.448765 1.455304 1.447715 1.427315 1.394297 1.350205 1.297422 1.238214 1.179069 1.128414 1.09587 1.069164 1.047022 1.028725 1.015787 1.009249
.7452814 .7713626 .7943836 .8153445 .8336048 .8412248 .8430105 .844851 .8504806 .8572914 .8563071 .8495809 .8421437 .8375328 .8337807 .8336134 .8356444 .8367667 .8376438 .8399751 .8391778 .8378318 .8380854 .8459001 .8600691 .8845212 .9170274 .9525945 .9908857 1.023452 1.05828 1.093086 1.117531 1.137529 1.15911 1.179027 1.205536 1.238488 1.263764 1.283313 1.304379 1.327199 1.350267 1.372437 1.395716 1.41868 1.438238 1.451037 1.453562 1.442079 1.416672 1.381839 1.336347 1.281143 1.222288 1.168265 1.131827 1.098325 1.064785 1.035585 1.013674 .9966747
.7562401 .7803156 .8009593 .820051 .8356038 .8402674 .8387743 .8358642 .8347133 .8354128 .8313379 .8231751 .8138966 .8062577 .7996147 .7977559 .8014473 .8068929 .8104119 .8105784 .8076355 .8033509 .8034389 .8136244 .8280418 .8521757 .8914915 .9357159 .9826456 1.027432 1.070782 1.10994 1.140189 1.164303 1.181359 1.198168 1.224351 1.253424 1.273424 1.287726 1.299715 1.313349 1.330027 1.348642 1.371429 1.396565 1.420243 1.43877 1.450981 1.450236 1.434348 1.409003 1.372876 1.325963 1.271875 1.218556 1.179368 1.143882 1.1039 1.065074 1.036099 1.009921
.7604286 .781738 .800357 .81576 .8255019 .8277168 .8246494 .8187851 .812463 .8053095 .7972912 .7881605 .7791021 .7710202 .7639353 .7606727 .7617468 .7692268 .7767827 .7787015 .7759117 .7728798 .7725789 .784813 .8035162 .830808 .8735513 .9229441 .9764306 1.027884 1.075748 1.118101 1.153916 1.179661 1.195869 1.213542 1.239765 1.266459 1.283623 1.291213 1.293158 1.300307 1.312091 1.327217 1.347136 1.371171 1.396134 1.418283 1.437577 1.448232 1.443623 1.428419 1.402676 1.366417 1.320892 1.273294 1.235355 1.201637 1.161452 1.116651 1.080896 1.047187
.7611843 .7794104 .796331 .8080468 .810478 .8077219 .8028706 .7953417 .7858837 .7745667 .7629582 .7515706 .7405735 .7323348 .7271842 .7238758 .7225431 .7310264 .7392467 .7434905 .742584 .7425296 .7446169 .7600129 .7856523 .8190775 .86308 .9156559 .9739161 1.027917 1.078448 1.124605 1.165293 1.19065 1.206601 1.226142 1.252864 1.278359 1.293024 1.293783 1.287172 1.286496 1.292024 1.301578 1.315531 1.337235 1.364522 1.390953 1.416327 1.434766 1.442244 1.43831 1.422821 1.397237 1.36273 1.324781 1.292608 1.26411 1.229772 1.184111 1.142666 1.10304
.7580538 .7723473 .7889147 .7975917 .7934957 .7852242 .7764401 .7679458 .757724 .7463882 .7341015 .7210062 .7073165 .6973441 .6946536 .6949888 .6948174 .6997916 .7064146 .7084759 .709676 .7138445 .7196589 .7392883 .7727627 .8130737 .8607984 .9166185 .9759341 1.029769 1.080844 1.129133 1.17318 1.198333 1.214667 1.235018 1.261824 1.286841 1.298937 1.295997 1.277782 1.267747 1.270403 1.276524 1.285952 1.303032 1.32865 1.357343 1.386749 1.411051 1.427782 1.435753 1.430265 1.413243 1.389171 1.363319 1.341314 1.320109 1.294734 1.254611 1.212764 1.169544
.7441244 .7548044 .7674766 .7740362 .7678756 .7571028 .7469804 .739043 .7301634 .7210013 .7118052 .7005517 .6870008 .6763051 .6748052 .6794757 .6813944 .6845252 .6897717 .6912999 .6938688 .7049682 .7131816 .7379666 .7772543 .8197996 .8686158 .926465 .9825353 1.032246 1.081502 1.127433 1.16971 1.19573 1.213382 1.234055 1.258919 1.282213 1.295032 1.28794 1.268918 1.255811 1.252894 1.25206 1.255196 1.268533 1.292127 1.320093 1.3497 1.378917 1.402196 1.418865 1.421858 1.411718 1.395609 1.38072 1.369594 1.358251 1.343658 1.316303 1.281079 1.239424
.7153431 .7250974 .733216 .7347278 .7293782 .7199197 .7100529 .7033393 .6982191 .6946052 .6902854 .6838937 .6769681 .6718464 .673269 .6778302 .6795049 .6846406 .6916439 .6942841 .7031079 .7207522 .7383078 .7679529 .8066089 .8483122 .8937128 .9465387 .9961621 1.039199 1.084172 1.123595 1.159303 1.185342 1.206389 1.229622 1.252645 1.272116 1.283096 1.276688 1.25885 1.242194 1.232249 1.226234 1.223577 1.233977 1.25543 1.282865 1.312173 1.341703 1.36773 1.389423 1.398488 1.393571 1.383477 1.377281 1.376362 1.374689 1.370561 1.358579 1.335987 1.303042
.6790286 .6885121 .6946806 .6951148 .6881707 .6784871 .6691034 .6649795 .6637886 .6664514 .6690822 .6702178 .6702496 .6708831 .6767699 .6820528 .6838171 .6904241 .6991492 .7085322 .7282103 .7520067 .7811013 .8152457 .8517831 .8924369 .933981 .9771717 1.014802 1.051577 1.091578 1.125024 1.154146 1.176901 1.198313 1.223077 1.243912 1.261443 1.270411 1.263785 1.244273 1.226211 1.210661 1.200128 1.193359 1.19935 1.217684 1.245172 1.274175 1.303266 1.330569 1.35419 1.365969 1.363415 1.35743 1.357089 1.364094 1.3724 1.378919 1.381813 1.373573 1.354108
.6439793 .6507867 .6590967 .6610555 .6552234 .643857 .6313024 .6284638 .6342199 .6405657 .6476777 .6560667 .6609542 .6666742 .6771726 .6850033 .6911661 .7005638 .7116144 .7302789 .7570669 .7920738 .8279212 .8623541 .8992036 .9347154 .9712592 1.00629 1.033867 1.065036 1.0994 1.128209 1.15156 1.169446 1.188851 1.21214 1.231455 1.248985 1.257996 1.252323 1.233819 1.212556 1.193731 1.177862 1.16529 1.166788 1.18225 1.206959 1.234467 1.263471 1.292221 1.316239 1.327555 1.325568 1.320773 1.322662 1.334838 1.350929 1.367347 1.382852 1.391379 1.387818
.6112671 .6162975 .6248789 .6299192 .6264713 .6171634 .6090828 .6082438 .6173491 .6249159 .6332287 .6455674 .6540811 .6636484 .6770058 .6887828 .7005593 .7140799 .7325813 .7573815 .790036 .8295218 .8701697 .907603 .9427006 .9745504 1.006398 1.032257 1.052592 1.076976 1.102866 1.126226 1.147013 1.162648 1.180544 1.200904 1.221084 1.239683 1.249873 1.244922 1.226678 1.20635 1.184506 1.16144 1.140869 1.136749 1.148575 1.171143 1.197699 1.225808 1.253253 1.276081 1.286788 1.282896 1.278179 1.27939 1.293007 1.313532 1.337359 1.362407 1.384026 1.39746
.577427 .5839563 .5923114 .599595 .599571 .5970365 .5946784 .5967488 .608057 .6164063 .6264385 .6387509 .6507134 .665208 .6808701 .6957489 .7123677 .7349027 .7615015 .7917426 .8266334 .8680911 .9102281 .9482543 .9812966 1.014594 1.041411 1.057236 1.072148 1.089094 1.105621 1.121514 1.138088 1.151295 1.167656 1.186126 1.206851 1.227931 1.24072 1.240302 1.224907 1.204222 1.17841 1.147974 1.119075 1.106136 1.113056 1.134055 1.159381 1.186134 1.211398 1.233947 1.245394 1.239864 1.233454 1.233037 1.245021 1.26578 1.293151 1.325535 1.357841 1.385512
.546883 .5543706 .5630822 .5711737 .5755464 .5782281 .5794042 .5854641 .5984521 .6092155 .6217616 .6347579 .6489304 .6665487 .6856751 .7055737 .7285252 .7579907 .7917451 .8256204 .8629414 .9063138 .9502183 .9826013 1.012076 1.046499 1.069746 1.0816 1.092667 1.101622 1.10777 1.114937 1.123809 1.133159 1.147328 1.164098 1.186104 1.210949 1.229589 1.235838 1.224725 1.202764 1.173165 1.136315 1.097192 1.073272 1.072851 1.089993 1.112113 1.138879 1.165575 1.189582 1.199774 1.193499 1.185142 1.183113 1.193653 1.212774 1.242174 1.280392 1.320556 1.357857
.5271861 .5326685 .5403044 .54694 .5536976 .5589816 .5620963 .5725451 .5864158 .5995657 .6135402 .6296032 .6470183 .6674064 .6915538 .7182133 .7454289 .7773116 .8119819 .8481653 .8896192 .933198 .9752766 1.00396 1.031498 1.063795 1.08637 1.098446 1.108992 1.112762 1.110729 1.10964 1.110153 1.113159 1.121358 1.134756 1.158415 1.187311 1.212977 1.22664 1.224017 1.205113 1.17312 1.13001 1.081327 1.041949 1.028822 1.038185 1.05503 1.081582 1.109773 1.136377 1.144896 1.137782 1.128596 1.125532 1.135348 1.155012 1.186479 1.230041 1.276456 1.32041
.5153732 .5211727 .5273934 .5314976 .5388271 .5445604 .5486656 .5603846 .5751452 .5898591 .6055073 .6235593 .6449351 .6684838 .6937106 .7214497 .7509591 .7836998 .8167031 .852078 .8919263 .9346802 .9752874 1.005798 1.034486 1.066171 1.091843 1.108116 1.120594 1.121585 1.112702 1.10259 1.093626 1.087302 1.088116 1.098432 1.123683 1.156886 1.189181 1.212453 1.221905 1.210278 1.179163 1.132581 1.077318 1.024912 .9937062 .9861865 .9920053 1.009891 1.034325 1.061221 1.07334 1.066384 1.055407 1.050536 1.058854 1.081655 1.119143 1.169954 1.222518 1.271535
1.70141E+38 1.70141E+38 1.70141E+38 1.70141E+38 1.70141E+38 1.70141E+38 1.70141E+38 1.70141E+38 1.70141E+38 1.70141E+38 1.70141E+38 1.70141E+38 1.70141E+38 1.70141E+38 1.70141E+38 1.70141E+38 1.70141E+38 1.70141E+38 1.70141E+38 1.70141E+38 1.70141E+38 1.70141E+38 1.70141E+38 1.70141E+38 1.70141E+38 1.70141E+38 1.70141E+38 1.70141E+38 1.70141E+38 1.70141E+38 1.70141E+38 1.70141E+38 1.70141E+38 1.70141E+38 1.70141E+38 1.70141E+38 1.70141E+38 1.70141E+38 1.70141E+38 1.70141E+38 1.70141E+38 1.70141E+38 1.70141E+38 1.70141E+38 1.70141E+38 1.70141E+38 1.70141E+38 1.70141E+38 1.70141E+38 1.70141E+38 1.70141E+38 1.70141E+38 1.70141E+38 1.70141E+38 1.70141E+38 1.70141E+38 1.70141E+38 1.70141E+38 1.70141E+38 1.70141E+38 1.70141E+38 1.70141E+38
1.70141E+38 1.70141E+38 1.70141E+38 1.70141E+38 1.70141E+38 1.70141E+38 1.70141E+38 1.70141E+38 1.70141E+38 1.70141E+38 1.70141E+38 1.70141E+38 1.70141E+38 1.70141E+38 1.70141E+38 1.70141E+38 1.70141E+38 1.70141E+38 1.70141E+38 1.70141E+38 1.70141E+38 1.70141E+38 1.70141E+38 1.70141E+38 1.70141E+38 1.70141E+38 1.70141E+38 1.70141E+38 1.70141E+38 1.70141E+38 1.70141E+38 1.70141E+38 1.70141E+38 1.70141E+38 1.70141E+38 1.70141E+38 1.70141E+38 1.70141E+38 1.70141E+38 1.70141E+38 1.70141E+38 1.70141E+38 1.70141E+38 1.70141E+38 1.70141E+38 1.70141E+38 1.70141E+38 1.70141E+38 1.70141E+38 1.70141E+38 1.70141E+38 1.70141E+38 1.70141E+38 1.70141E+38 1.70141E+38 1.70141E+38 1.70141E+38 1.70141E+38 1.70141E+38 1.70141E+38 1.70141E+38 1.70141E+38
1.70141E+38 1.70141E+38 1.70141E+38 1.70141E+38 1.70141E+38 1.70141E+38 1.70141E+38 1.70141E+38 1.70141E+38 1.70141E+38 1.70141E+38 1.70141E+38 1.70141E+38 1.70141E+38 1.70141E+38 1.70141E+38 1.70141E+38 1.70141E+38 1.70141E+38 1.70141E+38 1.70141E+38 1.70141E+38 1.70141E+38 1.70141E+38 1.70141E+38 1.70141E+38 1.70141E+38 1.70141E+38 1.70141E+38 1.70141E+38 1.70141E+38 1.70141E+38 1.70141E+38 1.70141E+38 1.70141E+38 1.70141E+38 1.70141E+38 1.70141E+38 1.70141E+38 1.70141E+38 1.70141E+38 1.70141E+38 1.70141E+38 1.70141E+38 1.70141E+38 1.70141E+38 1.70141E+38 1.70141E+38 1.70141E+38 1.70141E+38 1.70141E+38 1.70141E+38 1.70141E+38 1.70141E+38 1.70141E+38 1.70141E+38 1.70141E+38 1.70141E+38 1.70141E+38 1.70141E+38 1.70141E+38 1.70141E+38
1.70141E+38 1.70141E+38 1.70141E+38 1.70141E+38 1.70141E+38 1.70141E+38 1.70141E+38 1.70141E+38 1.70141E+38 1.70141E+38 1.70141E+38 1.70141E+38 1.70141E+38 1.70141E+38 1.70141E+38 1.70141E+38 1.70141E+38 1.70141E+38 1.70141E+38 1.70141E+38 1.70141E+38 1.70141E+38 1.70141E+38 1.70141E+38 1.70141E+38 1.70141E+38 1.70141E+38 1.70141E+38 1.70141E+38 1.70141E+38 1.70141E+38 1.70141E+38 1.70141E+38 1.70141E+38 1.70141E+38 1.70141E+38 1.70141E+38 1.70141E+38 1.70141E+38 1.70141E+38 1.70141E+38 1.70141E+38 1.70141E+38 1.70141E+38 1.70141E+38 1.70141E+38 1.70141E+38 1.70141E+38 1.70141E+38 1.70141E+38 1.70141E+38 1.70141E+38 1.70141E+38 1.70141E+38 1.70141E+38 1.70141E+38 1.70141E+38 1.70141E+38 1.70141E+38 1.70141E+38 1.70141E+38 1.70141E+38
1.70141E+38 1.70141E+38 1.70141E+38 1.70141E+38 1.70141E+38 1.70141E+38 1.70141E+38 1.70141E+38 1.70141E+38 1.70141E+38 1.70141E+38 1.70141E+38 1.70141E+38 1.70141E+38 1.70141E+38 1.70141E+38 1.70141E+38 1.70141E+38 1.70141E+38 1.70141E+38 1.70141E+38 1.70141E+38 1.70141E+38 1.70141E+38 1.70141E+38 1.70141E+38 1.70141E+38 1.70141E+38 1.70141E+38 1.70141E+38 1.70141E+38 1.70141E+38 1.70141E+38 1.70141E+38 1.70141E+38 1.70141E+38 1.70141E+38 1.70141E+38 1.70141E+38 1.70141E+38 1.70141E+38 1.70141E+38 1.70141E+38 1.70141E+38 1.70141E+38 1.70141E+38 1.70141E+38 1.70141E+38 1.70141E+38 1.70141E+38 1.70141E+38 1.70141E+38 1.70141E+38 1.70141E+38 1.70141E+38 1.70141E+38 1.70141E+38 1.70141E+38 1.70141E+38 1.70141E+38 1.70141E+38 1.70141E+38
1.70141E+38 1.70141E+38 1.70141E+38 1.70141E+38 1.70141E+38 1.70141E+38 1.70141E+38 1.70141E+38 1.70141E+38 1.70141E+38 1.70141E+38 1.70141E+38 1.70141E+38 1.70141E+38 1.70141E+38 1.70141E+38 1.70141E+38 1.70141E+38 1.70141E+38 1.70141E+38 1.70141E+38 1.70141E+38 1.70141E+38 1.70141E+38 1.70141E+38 1.70141E+38 1.70141E+38 1.70141E+38 1.70141E+38 1.70141E+38 1.70141E+38 1.70141E+38 1.70141E+38 1.70141E+38 1.70141E+38 1.70141E+38 1.70141E+38 1.70141E+38 1.70141E+38 1.70141E+38 1.70141E+38 1.70141E+38 1.70141E+38 1.70141E+38 1.70141E+38 1.70141E+38 1.70141E+38 1.70141E+38 1.70141E+38 1.70141E+38 1.70141E+38 1.70141E+38 1.70141E+38 1.70141E+38 1.70141E+38 1.70141E+38 1.70141E+38 1.70141E+38 1.70141E+38 1.70141E+38 1.70141E+38 1.70141E+38
1.70141E+38 1.70141E+38 1.70141E+38 1.70141E+38 1.70141E+38 1.70141E+38 1.70141E+38 1.70141E+38 1.70141E+38 1.70141E+38 1.70141E+38 1.70141E+38 1.70141E+38 1.70141E+38 1.70141E+38 1.70141E+38 1.70141E+38 1.70141E+38 1.70141E+38 1.70141E+38 1.70141E+38 1.70141E+38 1.70141E+38 1.70141E+38 1.70141E+38 1.70141E+38 1.70141E+38 1.70141E+38 1.70141E+38 1.70141E+38 1.70141E+38 1.70141E+38 1.70141E+38 1.70141E+38 1.70141E+38 1.70141E+38 1.70141E+38 1.70141E+38 1.70141E+38 1.70141E+38 1.70141E+38 1.70141E+38 1.70141E+38 1.70141E+38 1.70141E+38 1.70141E+38 1.70141E+38 1.70141E+38 1.70141E+38 1.70141E+38 1.70141E+38 1.70141E+38 1.70141E+38 1.70141E+38 1.70141E+38 1.70141E+38 1.70141E+38 1.70141E+38 1.70141E+38 1.70141E+38 1.70141E+38 1.70141E+38
1.70141E+38 1.70141E+38 1.70141E+38 1.70141E+38 1.70141E+38 1.70141E+38 1.70141E+38 1.70141E+38 1.70141E+38 1.70141E+38 1.70141E+38 1.70141E+38 1.70141E+38 1.70141E+38 1.70141E+38 1.70141E+38 1.70141E+38 1.70141E+38 1.70141E+38 1.70141E+38 1.70141E+38 1.70141E+38 1.70141E+38 1.70141E+38 1.70141E+38 1.70141E+38 1.70141E+38 1.70141E+38 1.70141E+38 1.70141E+38 1.70141E+38 1.70141E+38 1.70141E+38 1.70141E+38 1.70141E+38 1.70141E+38 1.70141E+38 1.70141E+38 1.70141E+38 1.70141E+38 1.70141E+38 1.70141E+38 1.70141E+38 1.70141E+38 1.70141E+38 1.70141E+38 1.70141E+38 1.70141E+38 1.70141E+38 1.70141E+38 1.70141E+38 1.70141E+38 1.70141E+38 1.70141E+38 1.70141E+38 1.70141E+38 1.70141E+38 1.70141E+38 1.70141E+38 1.70141E+38 1.70141E+38 1.70141E+38
