py_wake/examples/data/AJ_ParqueFicticio/Ridge area   Sector 2   Height 200m   Turbulence intensity.grd
DSAA
90  129
 262878   265103
 6504214   6507414
 12.33158   100
[rows 56 to 83 of 129, columns 0 to 61 of 90]
19.841 20.16978 20.71727 21.67324 23.1444 24.67298 26.22693 27.58854 28.66501 29.35267 29.52489 29.37705 29.53759 30.59421 32.16111 34.00197 35.36682 36.18127 36.58689 36.42789 35.31067 33.97776 32.92794 31.84058 30.6717 29.71098 28.90555 28.13936 27.31766 26.22909 24.91576 23.49771 22.22325 21.24899 20.33389 19.3449 18.36801 17.47837 16.70801 15.96068 15.28141 14.72885 14.28684 13.9045 13.64207 13.46578 13.34272 13.27081 13.24998 13.25379 13.29599 13.3465 13.37801 13.38553 13.38108 13.36632 13.34478 13.33401 13.3561 13.37474 13.3692 13.34533
19.33327 19.62516 20.07515 20.88711 22.0507 23.42083 24.73037 25.76518 26.55683 27.0673 27.24854 27.01238 26.97147 27.54909 28.7824 30.359 31.97015 33.146 33.97781 34.03558 33.05063 31.85924 30.89454 29.78869 28.5272 27.42817 26.47898 25.61821 24.79273 23.73264 22.56667 21.40244 20.37823 19.48978 18.64326 17.87177 17.18482 16.59233 16.02606 15.43668 14.87171 14.41116 14.03128 13.73297 13.53654 13.37309 13.25607 13.18182 13.14761 13.12013 13.12198 13.12891 13.12815 13.10695 13.07401 13.03955 13.014 13.00254 13.02216 13.05277 13.0835 13.12568
19.02872 19.23084 19.62283 20.35971 21.29707 22.39333 23.45485 24.41069 25.09125 25.44821 25.50589 25.38767 25.3604 25.74136 26.59763 27.67772 28.88262 29.93602 30.94822 31.14035 30.44021 29.55499 28.70344 27.6914 26.54922 25.45606 24.5122 23.70059 22.84848 21.88858 20.86467 19.84772 18.94265 18.14599 17.4368 16.78899 16.23856 15.76157 15.29715 14.84777 14.43296 14.0671 13.77021 13.57053 13.41163 13.26118 13.15133 13.08177 13.04286 13.00458 12.98246 12.95589 12.91838 12.86247 12.80095 12.74379 12.70586 12.69427 12.72637 12.79307 12.88613 13.00672
18.76445 18.89147 19.16897 19.74645 20.55175 21.50555 22.42544 23.24473 23.86466 24.24755 24.32604 24.25052 24.24557 24.55116 25.1897 25.95654 26.8017 27.66772 28.35751 28.51795 28.05682 27.48826 26.73232 25.76832 24.7695 23.84097 22.98602 22.21848 21.44511 20.58211 19.64352 18.70209 17.8469 17.14005 16.52391 15.96646 15.50626 15.09349 14.70449 14.35475 14.04372 13.76519 13.56896 13.4249 13.27532 13.12306 13.02406 12.96944 12.93782 12.90805 12.88127 12.83714 12.77302 12.69052 12.6038 12.52417 12.47527 12.46713 12.51918 12.63263 12.79112 12.98671
18.46459 18.53034 18.69462 19.12417 19.81901 20.64452 21.44355 22.15144 22.75401 23.22067 23.37578 23.3573 23.37755 23.62322 24.05979 24.54668 25.13786 25.79664 26.34324 26.56498 26.13897 25.62316 25.04241 24.18732 23.30875 22.5176 21.76492 21.07388 20.35271 19.5764 18.72447 17.81916 16.9971 16.36462 15.82192 15.34145 14.95718 14.60961 14.29273 14.02848 13.7811 13.58399 13.45073 13.32462 13.16587 13.02515 12.95483 12.91829 12.89353 12.87231 12.83991 12.78124 12.69547 12.59282 12.48959 12.39865 12.3464 12.35015 12.42039 12.57363 12.79062 13.0543
18.09011 18.14501 18.26467 18.5838 19.18756 19.89422 20.58121 21.23285 21.83646 22.34416 22.5801 22.66031 22.67093 22.78852 23.06408 23.45307 23.89562 24.3747 24.75834 24.85024 24.54434 24.09813 23.60633 22.89158 22.10574 21.40639 20.7745 20.14278 19.45607 18.74978 17.96332 17.1511 16.41525 15.84768 15.35006 14.94715 14.61727 14.31162 14.06027 13.84552 13.64916 13.51353 13.41044 13.29784 13.1457 13.05038 13.01179 12.98284 12.95066 12.91216 12.85866 12.77597 12.674 12.56887 12.46561 12.37688 12.33158 12.35276 12.4427 12.62275 12.89196 13.22018
17.69442 17.76113 17.84139 18.0229 18.50767 19.10459 19.73777 20.36522 20.95799 21.46786 21.76189 21.91348 22.06524 22.25799 22.41993 22.68916 22.93717 23.2055 23.36761 23.33392 23.13073 22.68445 22.22138 21.62562 20.9778 20.36155 19.83101 19.32713 18.73987 18.06537 17.38454 16.67278 16.06305 15.53207 15.08609 14.74115 14.4353 14.17436 13.96866 13.78485 13.62926 13.52385 13.43058 13.32837 13.20779 13.16215 13.14298 13.11067 13.05654 12.9889 12.90759 12.80226 12.69245 12.59303 12.50238 12.42665 12.39379 12.43409 12.54965 12.74871 13.07144 13.48013
17.3458 17.36944 17.33773 17.4824 17.91845 18.46295 19.04149 19.62443 20.20319 20.75124 21.20758 21.55972 21.77665 21.87273 21.85121 21.89713 22.06079 22.21263 22.27592 22.09839 21.78786 21.42516 20.96994 20.47401 19.88319 19.44056 19.09176 18.6612 18.11919 17.54342 16.92931 16.33266 15.82268 15.34394 14.95573 14.65491 14.38276 14.15962 13.9824 13.82734 13.70152 13.60749 13.51656 13.4201 13.33608 13.31423 13.29556 13.25428 13.18132 13.08722 12.98116 12.85792 12.7414 12.65006 12.57448 12.51717 12.49303 12.55158 12.68508 12.91414 13.26746 13.74192
17.17274 17.16244 17.10402 17.35295 17.83057 18.35383 18.88445 19.4156 19.94908 20.46987 20.93445 21.31269 21.55885 21.6018 21.46237 21.42577 21.61121 21.70345 21.55717 21.09635 20.81106 20.5997 20.24053 19.65642 19.11314 18.87891 18.6203 18.17164 17.68273 17.18439 16.62789 16.12725 15.68421 15.26784 14.93574 14.66933 14.43723 14.25593 14.11339 13.98485 13.87278 13.7853 13.69899 13.60545 13.52967 13.49708 13.46241 13.40436 13.31382 13.20039 13.07256 12.93829 12.8194 12.73486 12.67436 12.6382 12.6244 12.69735 12.83872 13.0788 13.44807 13.92248
17.2122 17.21154 17.15814 17.37893 17.84558 18.30697 18.78185 19.29912 19.85345 20.39738 20.921 21.40917 21.77234 21.86564 21.70116 21.59307 21.5969 21.57242 21.36196 20.90565 20.59738 20.36131 19.97293 19.36439 18.92629 18.66607 18.38003 17.94513 17.49048 17.03764 16.55919 16.12705 15.7389 15.39476 15.10779 14.86827 14.68091 14.5455 14.42127 14.29135 14.17338 14.07989 13.98488 13.87846 13.77888 13.70543 13.6335 13.5513 13.44261 13.31661 13.17591 13.03747 12.9244 12.85051 12.80575 12.7853 12.78862 12.86702 13.0042 13.23225 13.58099 14.02364
17.37034 17.39758 17.44327 17.51692 17.94611 18.41206 18.88624 19.45689 20.1226 20.81554 21.49839 22.1537 22.63896 22.76452 22.51505 22.19952 22.12573 22.03685 21.84727 21.48486 21.12058 20.71179 20.25213 19.7249 19.24203 18.82398 18.41331 17.94299 17.50369 17.10323 16.68072 16.29935 15.97228 15.69222 15.43806 15.23258 15.10759 15.01757 14.89044 14.74313 14.60567 14.46378 14.32948 14.19814 14.06189 13.91675 13.79452 13.68505 13.56121 13.42674 13.28315 13.14414 13.04541 12.98615 12.95368 12.94108 12.9682 13.04352 13.17492 13.38701 13.70746 14.1117
17.58645 17.66257 17.77965 17.93371 18.17427 18.57936 19.07418 19.75411 20.64853 21.59801 22.49621 23.32767 23.89 23.96513 23.62051 23.00888 22.81665 22.83935 22.76523 22.41237 21.95551 21.57557 21.10747 20.5183 19.95129 19.48585 18.94882 18.35653 17.944 17.53649 17.04612 16.66543 16.42581 16.21946 15.95987 15.75916 15.6919 15.63501 15.49878 15.30423 15.09947 14.89493 14.69458 14.51214 14.32317 14.12903 13.95556 13.80674 13.66349 13.51945 13.37539 13.24006 13.1545 13.10778 13.08734 13.08242 13.1405 13.21671 13.35153 13.55645 13.85531 14.22303
17.84036 17.93655 18.11428 18.42677 18.80055 19.18546 19.7672 20.72665 21.97886 23.22094 24.29281 25.16133 25.62667 25.48266 25.0256 24.39803 23.89689 23.86207 23.88219 23.60945 23.10326 22.73649 22.32479 21.73839 21.14211 20.59054 20.00225 19.43902 18.97485 18.49475 17.97949 17.52153 17.28643 17.1235 16.86274 16.62889 16.51645 16.43955 16.27427 15.99247 15.6596 15.36677 15.07996 14.8093 14.57175 14.3393 14.11527 13.91864 13.74714 13.59237 13.44778 13.31902 13.24912 13.21942 13.21772 13.23408 13.35099 13.44859 13.6013 13.79803 14.07064 14.39699
18.13947 18.31946 18.54638 19.03639 19.74161 20.49573 21.39761 22.63159 24.00978 25.296 26.38158 27.20543 27.57157 27.46683 27.0025 26.35255 25.77289 25.52548 25.35321 25.1898 24.87664 24.40837 24.02437 23.59318 22.97886 22.25244 21.6868 21.29457 20.79751 20.20143 19.68806 19.18503 18.85636 18.68962 18.51037 18.2475 17.98069 17.7107 17.33171 16.86332 16.34063 15.89527 15.49593 15.1123 14.80326 14.53313 14.26676 14.01276 13.80891 13.64021 13.49848 13.385 13.3431 13.34444 13.37658 13.44091 13.63394 13.76809 13.94498 14.13964 14.38138 14.64506
18.70132 19.00488 19.36204 20.05131 21.04851 22.15614 23.33548 24.80364 26.32621 27.70791 28.76449 29.53665 30.02133 29.98308 29.45239 28.76519 28.24874 27.95335 27.62243 27.33096 27.17502 26.79577 26.34414 25.90935 25.35036 24.82333 24.32635 24.08071 23.58231 23.10355 22.48583 21.93134 21.54355 21.35886 21.12082 20.85541 20.49659 19.9176 19.09321 18.01779 17.14525 16.47071 15.89502 15.3937 14.97396 14.66197 14.36917 14.08651 13.85113 13.66994 13.53513 13.44355 13.43743 13.47529 13.54315 13.66482 13.89569 14.06346 14.26282 14.4703 14.69096 14.91595
19.56105 19.93919 20.37219 21.18863 22.5272 24.13788 25.77129 27.33696 29.00077 30.53565 31.5118 32.33289 32.97602 32.74854 32.11002 31.38497 31.06078 30.7734 30.48461 30.25044 29.98549 29.64873 29.28245 28.96408 28.60367 28.4361 28.39143 28.29649 27.90949 27.35489 26.62 25.90792 25.36866 24.94039 24.4952 24.06539 23.43936 22.8172 21.84056 19.80135 17.9723 16.96722 16.22106 15.61121 15.1043 14.72998 14.42387 14.12209 13.86739 13.6853 13.57073 13.5303 13.57258 13.64566 13.74305 13.9166 14.14714 14.34062 14.5511 14.76453 14.97815 15.18933
20.6363 21.25304 21.84323 22.87282 24.65398 26.80564 28.86315 30.78858 32.51958 33.72246 34.69093 35.41555 35.97173 35.86025 35.15315 34.52896 34.20374 33.96769 33.82071 33.77483 33.55333 33.07619 32.90474 33.06365 33.31275 33.66589 34.01805 34.34003 34.18865 33.66999 32.68418 31.427 30.39663 29.55276 28.90149 27.91084 26.2938 25.15811 24.07138 21.47963 18.66922 17.21068 16.33829 15.68152 15.13963 14.72089 14.42907 14.14768 13.92459 13.78283 13.71998 13.73069 13.7946 13.87365 13.98717 14.18549 14.393 14.60863 14.82711 15.04647 15.26528 15.48083
22.34615 23.20623 24.13585 25.58412 27.70052 30.01413 32.2294 34.47443 36.45806 37.68995 38.09524 38.17823 38.69777 38.82178 38.55195 38.05262 37.87983 37.64136 37.70117 37.74374 37.66211 37.78423 38.15957 38.92079 40.0456 41.31264 42.53106 43.68222 44.05089 43.60876 42.08931 40.17385 37.66006 35.44395 33.96827 31.88466 28.99649 26.67056 24.45072 21.68641 18.67828 17.05451 16.16993 15.55967 15.04468 14.6403 14.38967 14.15722 13.99089 13.90996 13.89293 13.9245 13.9916 14.07979 14.224 14.43163 14.63367 14.86824 15.09001 15.31689 15.53703 15.75817
24.6256 25.70409 26.99898 28.90265 31.21825 33.60161 36.11464 38.71136 40.71885 41.95579 42.68245 42.69312 42.30874 41.68395 41.32363 41.50756 41.40773 41.32496 41.61336 41.56542 41.59591 42.66581 44.4081 45.6931 47.46501 50.14219 53.86525 57.7798 61.29103 62.1002 59.84871 56.64122 50.76291 44.67888 40.39653 36.27154 31.79533 27.68504 24.23052 21.11164 18.22672 16.67428 15.84957 15.31913 14.86246 14.5119 14.31047 14.13201 14.023 13.99422 14.0088 14.06015 14.14584 14.27559 14.46467 14.67759 14.90425 15.14332 15.36344 15.58669 15.80427 16.0262
26.69942 28.23907 30.10753 32.28926 34.95581 37.73523 40.82806 43.23955 43.80342 44.217 44.6712 45.02818 45.49534 45.05005 43.53221 43.13473 43.79385 43.8864 43.60057 43.326 43.3767 44.86603 47.66221 50.86803 53.293 56.20826 61.903 71.08653 81.95425 86.61285 86.98621 85.9103 75.88759 60.72657 49.03643 40.55607 33.32935 27.58043 23.49167 20.15866 17.51196 16.16874 15.48675 15.04805 14.647 14.3574 14.19997 14.07598 14.02503 14.04356 14.09193 14.17526 14.3143 14.5183 14.74324 14.96537 15.22355 15.46144 15.66975 15.87102 16.07495 16.28155
28.3943 30.10797 32.28754 34.74783 37.4817 40.31491 43.25755 44.67695 43.79576 43.68562 43.75618 43.91599 44.19128 43.84359 42.33391 41.98381 42.83933 43.24567 42.74955 42.28359 42.78521 44.59839 47.54454 51.27771 54.66545 58.27617 65.19167 77.10382 94.25216 100 100 100 99.82748 74.24273 55.51336 41.7292 32.21372 25.70983 21.65679 18.60492 16.56174 15.57642 15.06765 14.7164 14.37615 14.16903 14.05887 13.99721 14.01038 14.07515 14.17022 14.32964 14.57218 14.84969 15.10606 15.36251 15.63243 15.84416 16.01742 16.18397 16.36274 16.52534
30.1879 31.99855 34.1245 36.42239 38.56951 40.04925 40.89601 40.64055 39.82555 39.66865 39.64433 39.74732 38.91386 38.1107 37.78428 37.80149 38.49551 39.0807 39.50695 39.77227 40.47605 41.97451 44.14751 46.8765 50.14473 54.12605 60.44783 70.5157 84.56643 97.40507 100 100 96.55076 73.87299 53.7846 38.96354 29.20207 22.92202 19.22004 16.8854 15.6166 14.99938 14.64573 14.35916 14.08216 13.96422 13.902 13.9053 13.97611 14.09067 14.29148 14.58828 14.92934 15.26222 15.57376 15.861 16.10813 16.28992 16.4374 16.56168 16.6948 16.77342
31.70702 33.99983 36.02989 37.12891 37.81387 37.88402 37.34296 35.77512 34.7973 34.69155 34.4874 33.6458 33.0547 32.69341 32.76401 32.95794 33.40437 34.3624 35.28603 36.04731 36.83709 38.02771 39.438 40.82922 42.65283 45.85864 50.68193 57.21856 65.65671 75.59148 84.31796 86.96143 78.04485 61.82233 44.71849 32.77975 24.85823 19.9542 17.14934 15.67389 14.9565 14.55377 14.262 13.99658 13.78942 13.74835 13.74225 13.80921 13.92785 14.12282 14.46313 14.86507 15.27753 15.68244 16.05288 16.36443 16.59227 16.7539 16.87399 16.95189 17.02005 17.02318
31.37878 33.88954 35.56779 34.94279 34.33687 33.94522 32.85316 30.95234 29.94105 29.48874 28.99056 28.66056 28.42457 28.25956 28.31147 28.72807 29.49042 30.41465 31.22536 31.97009 32.7795 33.77248 34.5957 35.21019 36.26962 38.45425 41.65434 45.58152 51.08462 58.33776 64.36596 63.35592 57.33136 45.98791 34.37091 26.11887 20.75941 17.53844 15.79882 14.97659 14.53359 14.21451 13.92358 13.67801 13.54796 13.54792 13.59596 13.71167 13.86703 14.17347 14.59138 15.06372 15.56568 16.03951 16.46251 16.80555 17.05399 17.22913 17.32311 17.36303 17.38982 17.33585
28.31391 29.81211 30.25188 29.53769 28.97385 28.29334 27.14664 26.09996 25.34542 24.88819 24.65924 24.55073 24.46938 24.45659 24.89129 25.52106 26.30352 27.15186 27.77693 28.42045 28.99625 29.56645 29.91485 30.28388 30.84547 31.88892 33.5815 35.90894 39.24033 42.62671 44.53751 43.72239 40.27636 33.39975 26.32177 21.14468 17.8612 15.98711 15.02322 14.54283 14.21389 13.91133 13.61947 13.42003 13.35723 13.38441 13.47511 13.62237 13.81144 14.19641 14.63761 15.16303 15.73251 16.29115 16.80604 17.22436 17.51627 17.71376 17.82589 17.86545 17.87059 17.80789
24.18153 24.36217 24.17371 23.88381 23.50009 22.9702 22.44716 22.03257 21.67957 21.48679 21.43667 21.38633 21.45893 21.74088 22.26893 22.86996 23.48202 24.17539 24.66921 24.96787 25.4112 25.62329 25.81364 25.94071 26.14219 26.4234 27.15091 28.21242 29.5237 30.84577 31.52337 30.86894 28.28946 24.51378 20.77185 17.89535 16.09854 15.11241 14.56929 14.21482 13.91884 13.61695 13.35579 13.22255 13.19799 13.25631 13.37701 13.5457 13.78262 14.19979 14.64766 15.20447 15.81338 16.4526 17.05449 17.55096 17.92039 18.20202 18.37806 18.43994 18.44911 18.39597
20.79053 20.64758 20.43031 20.20057 19.93707 19.82415 19.69629 19.6083 19.60283 19.56406 19.43295 19.33248 19.32952 19.48749 19.89399 20.46844 21.18593 21.71727 21.86254 21.74079 21.98034 22.38837 22.77265 22.74775 22.55127 22.28196 22.29627 22.54863 22.89642 23.35576 23.466 22.97097 21.54261 19.39353 17.46781 16.07603 15.18052 14.63918 14.23735 13.91705 13.63413 13.37119 13.17813 13.0924 13.08852 13.16902 13.30249 13.48244 13.7689 14.1738 14.63433 15.21331 15.83831 16.51175 17.1631 17.75728 18.25734 18.67093 18.92128 19.00255 19.02583 18.97484
19.08577 18.8588 18.62696 18.46345 18.37855 18.25361 18.17616 18.27696 18.34105 18.18906 18.03555 18.00277 17.88451 17.90876 18.45681 19.18491 19.8548 20.23293 20.14215 19.77678 20.18735 20.67769 20.97713 20.80352 20.22652 19.57693 19.27204 19.09503 18.93617 18.9824 18.96918 18.62714 17.82712 16.74846 15.83836 15.19517 14.72432 14.33269 13.96668 13.66848 13.41545 13.21155 13.07722 13.0212 13.04046 13.13371 13.27239 13.46285 13.78473 14.15561 14.60722 15.16425 15.7556 16.39518 17.043 17.68941 18.26829 18.77609 19.12025 19.32389 19.46548 19.45747
