py_wake/examples/data/AJ_ParqueFicticio/Ridge area   Sector 12   Height 200m   Weibull-A.grd
DSAA
90  129
 262878   265103
 6504214   6507414
 .3014333   6.740517
[rows 54 to 80 of 129, columns 0 to 61 of 90]
5.509676 5.358353 5.178106 4.948924 4.673898 4.298707 3.856382 3.440489 3.177133 3.042855 3.067064 3.137189 3.112193 2.906679 2.570683 2.193945 1.899802 1.764918 1.7012 1.743492 1.908281 2.121194 2.358243 2.593461 2.795414 2.913586 2.996294 3.123569 3.210024 3.291976 3.440882 3.59594 3.759573 3.952352 4.125514 4.302219 4.498623 4.699788 4.915442 5.146107 5.379693 5.606479 5.800513 5.962293 6.101902 6.190916 6.195025 6.129499 6.018617 5.86382 5.692333 5.483083 5.243109 4.987557 4.702919 4.521791 4.4697 4.496245 4.602933 4.794056 5.047611 5.283489
5.617959 5.499882 5.351743 5.162258 4.92194 4.627248 4.318935 4.011451 3.763921 3.653078 3.657417 3.706623 3.649646 3.414913 3.058176 2.642184 2.271727 1.986783 1.842814 1.843634 1.964533 2.170143 2.410954 2.667332 2.925132 3.12013 3.284943 3.433888 3.568317 3.703119 3.839873 3.996108 4.132942 4.248745 4.353628 4.472043 4.637298 4.809737 4.987901 5.182546 5.39142 5.604418 5.791068 5.952392 6.096614 6.177549 6.203287 6.164273 6.083879 5.947263 5.773764 5.577827 5.360967 5.140623 4.903831 4.729587 4.66688 4.747921 4.866082 5.020914 5.184092 5.312027
5.722101 5.63859 5.522256 5.360347 5.148892 4.919281 4.674815 4.444193 4.258405 4.152658 4.155694 4.209066 4.185004 3.972123 3.643657 3.225293 2.798727 2.398617 2.118781 2.007349 2.102812 2.309429 2.55302 2.855139 3.175342 3.439356 3.64929 3.823338 3.970587 4.112429 4.253802 4.387521 4.499129 4.57413 4.643633 4.732666 4.842349 4.967606 5.09979 5.261304 5.449829 5.639452 5.810011 5.966848 6.09936 6.173299 6.210268 6.186616 6.123415 6.022533 5.863793 5.675659 5.476165 5.271752 5.056183 4.885891 4.813353 4.903022 5.024977 5.141588 5.239027 5.306042
5.825681 5.76368 5.670024 5.532163 5.359922 5.16185 4.987486 4.835109 4.710398 4.622203 4.603967 4.661008 4.668611 4.530415 4.257928 3.898112 3.446726 2.984504 2.574142 2.361439 2.430394 2.636667 2.873005 3.177424 3.517579 3.808728 4.029068 4.208121 4.350204 4.490786 4.618384 4.727247 4.811423 4.879831 4.950533 5.021748 5.098018 5.177902 5.270742 5.396123 5.560728 5.725869 5.877227 6.016596 6.122423 6.191683 6.229412 6.213738 6.160201 6.08264 5.962052 5.794742 5.606518 5.409547 5.212876 5.043504 4.93986 5.011486 5.118834 5.203412 5.25623 5.264105
5.946089 5.872149 5.798203 5.677205 5.531647 5.405679 5.287012 5.170914 5.079115 5.030701 5.037266 5.069593 5.0656 4.971385 4.778788 4.515066 4.155481 3.753468 3.308363 3.042935 3.051103 3.193655 3.389119 3.650131 3.935358 4.18633 4.382517 4.53621 4.672114 4.798207 4.911381 5.010855 5.089554 5.157844 5.224032 5.290907 5.356601 5.425696 5.505815 5.604357 5.727889 5.859035 5.991274 6.095032 6.180408 6.239146 6.271947 6.26114 6.215326 6.141742 6.046975 5.911742 5.742103 5.560112 5.379419 5.220415 5.094296 5.129345 5.204431 5.233512 5.211571 5.132513
6.070869 6.024517 5.954651 5.862685 5.764741 5.665501 5.574944 5.493144 5.422837 5.386113 5.392205 5.413459 5.403531 5.328283 5.183126 4.998889 4.764498 4.468393 4.13876 3.887012 3.816876 3.838924 3.966474 4.161163 4.361451 4.534939 4.682143 4.807249 4.918979 5.03067 5.143009 5.248315 5.33638 5.407329 5.473902 5.540309 5.601627 5.667446 5.740397 5.823987 5.915826 6.016976 6.114213 6.192235 6.2715 6.324637 6.354933 6.349398 6.304763 6.225124 6.127639 6.015337 5.872708 5.700547 5.529558 5.375478 5.249972 5.24115 5.264746 5.221482 5.098178 4.919164
6.215746 6.193931 6.154369 6.092114 6.017582 5.945688 5.87738 5.814547 5.758254 5.718271 5.715284 5.730503 5.719686 5.65864 5.546745 5.41481 5.257299 5.065685 4.854755 4.654644 4.582423 4.562653 4.588128 4.687757 4.794393 4.882686 4.96997 5.048704 5.125821 5.225338 5.331793 5.442775 5.54222 5.618255 5.684746 5.751441 5.810029 5.868837 5.935363 6.000393 6.073313 6.148372 6.213231 6.27806 6.354738 6.408565 6.433007 6.435298 6.407445 6.326899 6.214038 6.099208 5.978234 5.823406 5.65689 5.501777 5.365983 5.299895 5.289845 5.170313 4.935792 4.648024
6.383508 6.377244 6.354482 6.31361 6.263539 6.215213 6.164886 6.111732 6.063805 6.028233 6.018952 6.025267 6.020094 5.983106 5.896542 5.780992 5.652246 5.512151 5.367986 5.234313 5.14882 5.099751 5.074608 5.101832 5.147195 5.192004 5.243974 5.303871 5.370665 5.431325 5.494486 5.587279 5.685028 5.761328 5.831246 5.895513 5.951407 6.009264 6.06683 6.123476 6.187066 6.243396 6.287811 6.339856 6.403383 6.443807 6.448603 6.452 6.44705 6.402065 6.2959 6.172793 6.056039 5.918746 5.755563 5.587411 5.424488 5.27973 5.246068 5.070796 4.712275 4.283161
6.545104 6.55591 6.548697 6.539765 6.527939 6.504672 6.464174 6.418519 6.3743 6.338722 6.322178 6.317984 6.305655 6.268223 6.200392 6.101936 6.00276 5.895554 5.786621 5.676094 5.57828 5.523934 5.485544 5.474452 5.472679 5.493517 5.523777 5.554255 5.593562 5.642229 5.684484 5.725427 5.772318 5.843635 5.908086 5.965415 6.024364 6.085404 6.142771 6.198113 6.255343 6.304214 6.34622 6.39393 6.437311 6.454531 6.441624 6.437127 6.438619 6.43013 6.366555 6.250007 6.123716 5.991018 5.834143 5.654438 5.464069 5.286451 5.18164 4.954086 4.450929 3.806644
6.648743 6.684245 6.695786 6.697248 6.693404 6.676941 6.650747 6.621332 6.590094 6.563491 6.538911 6.522223 6.51195 6.496115 6.461807 6.395077 6.317427 6.235776 6.148172 6.054038 5.969022 5.904056 5.862949 5.82825 5.805397 5.79311 5.78743 5.788809 5.805269 5.826397 5.846543 5.866353 5.886203 5.90099 5.95251 6.000135 6.052827 6.110051 6.1684 6.230693 6.28479 6.330968 6.37559 6.425598 6.467403 6.46525 6.439132 6.422604 6.418147 6.420811 6.402561 6.318219 6.190664 6.059398 5.911674 5.731529 5.520743 5.319292 5.144986 4.89185 4.282393 3.454667
6.646705 6.695887 6.726106 6.737267 6.740517 6.734226 6.718755 6.701434 6.684359 6.671495 6.658106 6.648403 6.643546 6.637317 6.619837 6.577473 6.516568 6.456648 6.402373 6.344008 6.271298 6.197687 6.143048 6.105145 6.070939 6.029398 5.998147 5.981251 5.974392 5.970099 5.969883 5.967213 5.968328 5.968418 5.96618 6.002767 6.045399 6.094696 6.147744 6.209499 6.270256 6.315974 6.35794 6.407943 6.465001 6.47296 6.438888 6.409754 6.395333 6.394926 6.398238 6.358922 6.246613 6.120226 5.981676 5.816254 5.594178 5.378289 5.165022 4.914361 4.3174 3.450632
6.54045 6.601336 6.66065 6.704093 6.726733 6.737828 6.736826 6.727704 6.718772 6.706649 6.691685 6.675458 6.662566 6.653527 6.641462 6.615283 6.57973 6.539306 6.499581 6.458015 6.40363 6.345221 6.293535 6.25493 6.215968 6.174834 6.137764 6.107481 6.081779 6.058005 6.032537 6.008317 5.986441 5.967479 5.945449 5.958322 5.984812 6.019813 6.06721 6.12871 6.196221 6.249175 6.290423 6.341961 6.411773 6.457417 6.436769 6.400077 6.376143 6.368656 6.374281 6.362938 6.276957 6.158773 6.032856 5.889044 5.666744 5.447853 5.231119 5.000518 4.533088 3.753778
6.358358 6.427183 6.504399 6.588578 6.632835 6.655619 6.662818 6.658962 6.644661 6.624042 6.597981 6.569801 6.545878 6.534459 6.535934 6.533189 6.511922 6.487134 6.456126 6.426733 6.389514 6.350639 6.309443 6.270454 6.240173 6.21307 6.183396 6.15231 6.12028 6.083682 6.040065 5.993842 5.951395 5.911973 5.872349 5.881175 5.886851 5.901015 5.938604 5.998947 6.066061 6.138834 6.195497 6.250417 6.320577 6.40499 6.424068 6.391987 6.361712 6.347812 6.34847 6.346572 6.277836 6.172137 6.065227 5.944818 5.740501 5.531089 5.320058 5.09839 4.781287 4.101472
6.128995 6.194719 6.271801 6.378694 6.469668 6.521321 6.541506 6.53835 6.511294 6.470692 6.422596 6.373165 6.334955 6.321766 6.330706 6.357763 6.353972 6.33326 6.310166 6.293253 6.270535 6.238872 6.206479 6.178027 6.15472 6.131633 6.10855 6.085519 6.051397 6.013285 5.97087 5.915874 5.853169 5.792916 5.778386 5.781142 5.768657 5.762711 5.78552 5.841375 5.906992 5.989935 6.076012 6.143314 6.218205 6.314993 6.383233 6.380723 6.350482 6.333642 6.3326 6.332821 6.274321 6.181372 6.095103 5.997525 5.821561 5.631015 5.430578 5.214889 4.966709 4.247696
5.858616 5.9158 5.979423 6.065795 6.164556 6.245581 6.291624 6.291067 6.250227 6.181956 6.112292 6.050614 6.009568 6.000272 6.013972 6.057417 6.095032 6.094702 6.075906 6.064004 6.061331 6.036926 6.008076 5.985965 5.966991 5.939603 5.909253 5.883614 5.849086 5.809222 5.762806 5.709759 5.637542 5.613525 5.611858 5.619079 5.608343 5.592682 5.600692 5.643566 5.72 5.81258 5.924797 6.027488 6.105898 6.201079 6.302602 6.35198 6.339554 6.322833 6.323153 6.325046 6.273698 6.189061 6.115708 6.031657 5.878903 5.70558 5.522399 5.320862 5.083723 3.058532
5.576389 5.609829 5.648119 5.69195 5.747539 5.804502 5.84759 5.858636 5.833713 5.778631 5.712559 5.650768 5.604304 5.581656 5.586857 5.625674 5.686782 5.726008 5.735419 5.726388 5.726799 5.724304 5.701834 5.675736 5.657717 5.640047 5.601998 5.558718 5.51494 5.469443 5.414734 5.422983 5.412181 5.379565 5.353255 5.349969 5.350161 5.346087 5.358283 5.400768 5.488676 5.598699 5.729318 5.882273 5.985245 6.078371 6.190618 6.291274 6.31999 6.311956 6.317049 6.322016 6.275226 6.191828 6.11772 6.028761 5.882346 5.712681 5.540639 5.357349 5.147573 3.098371
5.283445 5.292164 5.301862 5.305922 5.310601 5.330376 5.352316 5.366665 5.354455 5.314682 5.256919 5.195632 5.128534 5.085271 5.075385 5.099622 5.156226 5.21042 5.252607 5.273283 5.275458 5.286497 5.289932 5.274433 5.256371 5.233137 5.199473 5.158731 5.141532 5.127659 5.126925 5.129415 5.118888 5.082523 5.039107 5.000214 4.974121 4.971123 5.008578 5.107118 5.216959 5.34997 5.511517 5.700541 5.865811 5.959128 6.072573 6.199385 6.279288 6.297474 6.310589 6.322813 6.284767 6.203619 6.123497 6.020647 5.881787 5.719219 5.552608 5.375537 4.193799 4.375152
4.974988 5.017406 5.059426 5.069163 5.044094 5.003449 4.964349 4.918169 4.847094 4.771466 4.710747 4.641915 4.5649 4.529078 4.518428 4.550231 4.5969 4.649314 4.700424 4.745312 4.786184 4.828252 4.8582 4.878418 4.896641 4.899671 4.890481 4.868263 4.849849 4.835762 4.834958 4.830716 4.814272 4.777773 4.73208 4.678262 4.635749 4.590281 4.58994 4.74131 4.946055 5.107698 5.290346 5.501977 5.729278 5.847191 5.960166 6.091217 6.20778 6.262774 6.289115 6.303657 6.277885 6.209658 6.127696 6.018414 5.886723 5.733409 5.568773 5.39615 3.484633 4.769243
4.774419 4.801139 4.841983 4.848425 4.795488 4.728193 4.665994 4.605694 4.525598 4.426734 4.324479 4.229065 4.144392 4.11483 4.139384 4.182737 4.227811 4.274984 4.319312 4.358841 4.409813 4.478126 4.52725 4.550681 4.57295 4.584851 4.586834 4.569715 4.552168 4.533277 4.529788 4.539969 4.535092 4.508041 4.459444 4.415657 4.402402 4.358447 4.315893 4.444862 4.714579 4.929019 5.12738 5.351132 5.601906 5.75495 5.86204 5.983228 6.097653 6.169816 6.200603 6.219203 6.212923 6.173632 6.105641 6.008951 5.891066 5.748126 5.593499 5.424855 5.244419 5.053061
4.542164 4.561324 4.574718 4.569684 4.519808 4.45523 4.391514 4.327513 4.241612 4.140816 4.034389 3.927312 3.826963 3.775467 3.772565 3.812349 3.851197 3.899702 3.930313 3.965438 4.021636 4.085931 4.147957 4.183032 4.200429 4.214577 4.230559 4.232254 4.230929 4.224247 4.230908 4.246734 4.279479 4.29069 4.259433 4.239441 4.258255 4.254158 4.259989 4.36058 4.618935 4.853903 5.061097 5.283137 5.526629 5.696805 5.792212 5.895385 5.990459 6.055183 6.090164 6.119546 6.132473 6.118248 6.071308 5.996408 5.895288 5.765146 5.620123 5.458982 5.280522 5.086073
4.308968 4.312785 4.31509 4.295902 4.253076 4.193375 4.127871 4.059051 3.977071 3.873833 3.739046 3.60605 3.502592 3.462632 3.459714 3.460901 3.500088 3.546056 3.573562 3.632897 3.720395 3.769304 3.798111 3.840563 3.864805 3.866941 3.859311 3.859811 3.859806 3.871217 3.894143 3.913176 3.987738 4.07433 4.102742 4.120572 4.162937 4.210421 4.268341 4.376552 4.608774 4.83709 5.052416 5.272099 5.501001 5.667414 5.750193 5.836761 5.908966 5.959922 5.997726 6.03568 6.060485 6.056702 6.024742 5.973431 5.887523 5.778352 5.646693 5.493488 5.321398 5.128381
4.1369 4.123896 4.105235 4.077578 4.025249 3.946256 3.86164 3.801252 3.781273 3.719254 3.594417 3.423601 3.239049 3.154582 3.204667 3.229713 3.208924 3.245678 3.329875 3.445745 3.57183 3.621469 3.609576 3.587016 3.612036 3.643325 3.62237 3.558175 3.501901 3.53643 3.581455 3.580585 3.660739 3.845243 3.977257 4.065812 4.153788 4.238744 4.315417 4.439564 4.660654 4.874297 5.078882 5.284822 5.494754 5.653789 5.726737 5.799412 5.849951 5.88372 5.916857 5.955584 5.979768 5.97454 5.956044 5.927147 5.861111 5.771263 5.661433 5.527474 5.360864 5.17184
4.035414 4.023554 3.995827 3.957297 3.894107 3.802145 3.70978 3.666636 3.710124 3.685189 3.592294 3.434559 3.242796 3.127363 3.174992 3.190356 3.137662 3.147602 3.266129 3.43173 3.55651 3.596062 3.576575 3.529953 3.531688 3.570639 3.553564 3.485468 3.403749 3.411779 3.468942 3.475169 3.546054 3.771426 3.969263 4.124001 4.252972 4.364448 4.45168 4.587669 4.783985 4.972408 5.154436 5.333851 5.51719 5.66025 5.722406 5.778554 5.805383 5.818805 5.837731 5.856856 5.860581 5.852916 5.842611 5.826118 5.788668 5.726278 5.647099 5.542154 5.394663 5.221331
3.950722 3.947039 3.930736 3.897707 3.843969 3.786814 3.751335 3.761105 3.810741 3.808154 3.753456 3.63142 3.533466 3.467164 3.437108 3.41863 3.363608 3.358499 3.416636 3.540483 3.655377 3.705442 3.706734 3.682867 3.67551 3.687482 3.67246 3.628003 3.583287 3.59078 3.619725 3.638553 3.725771 3.904234 4.095128 4.264082 4.409436 4.541776 4.658924 4.80208 4.96402 5.125093 5.274471 5.417014 5.563743 5.679649 5.733138 5.771637 5.779483 5.770197 5.746421 5.716909 5.698442 5.684641 5.672029 5.666066 5.653261 5.623948 5.576792 5.506855 5.395949 5.261165
3.887573 3.874572 3.864285 3.868919 3.854175 3.832191 3.834239 3.90358 3.97395 3.991902 3.987478 3.98157 3.934801 3.881223 3.837159 3.813301 3.793721 3.754977 3.755572 3.810264 3.886429 3.925113 3.940749 3.956794 3.963488 3.94157 3.909525 3.880028 3.866323 3.862085 3.862089 3.886297 3.975927 4.115937 4.291575 4.454652 4.600426 4.740728 4.878531 5.016376 5.148268 5.286071 5.407136 5.526938 5.638763 5.716741 5.759686 5.779721 5.77239 5.72947 5.649103 5.573522 5.527543 5.495403 5.47544 5.467587 5.473683 5.471532 5.456672 5.424426 5.359377 5.270415
3.90613 3.881819 3.871682 3.925682 3.955263 3.95112 3.977021 4.07837 4.166633 4.228751 4.283816 4.301598 4.288247 4.262224 4.249465 4.228147 4.204944 4.178384 4.169819 4.180192 4.199176 4.209284 4.226436 4.25226 4.255206 4.222016 4.180735 4.159319 4.139925 4.109692 4.095153 4.124079 4.188508 4.319448 4.492221 4.650003 4.790607 4.934286 5.077387 5.203409 5.321144 5.432549 5.530672 5.634426 5.721524 5.77128 5.802627 5.80973 5.786478 5.697619 5.585802 5.473676 5.384118 5.322001 5.284053 5.266728 4.070668 3.980846 4.287964 4.906274 5.267104 5.221646
4.044052 4.040405 4.060546 4.117858 4.157479 4.185595 4.242104 4.322742 4.41729 4.503021 4.567577 4.604082 4.616799 4.614276 4.599708 4.583822 4.566606 4.546443 4.536309 4.519634 4.514738 4.515936 4.528544 4.537998 4.531456 4.503028 4.465034 4.432054 4.395624 4.35828 4.342028 4.359431 4.407705 4.523449 4.67451 4.821492 4.958813 5.101418 5.243751 5.366655 5.477166 5.573025 5.658781 5.737921 5.795785 5.833892 5.855478 5.857278 5.812591 5.704036 5.574504 5.432636 5.30119 5.195352 3.374016 2.819335 2.897345 3.081384 3.30483 3.528509 3.690114 3.683229
