py_wake/examples/data/AJ_ParqueFicticio/Ridge area   Sector 6   Height 200m   Orographic turn.grd
DSAA
90  129
 262878   265103
 6504214   6507414
-38.26102   10.82532
[rows 26 to 51 of 129, columns 0 to 59 of 90]
-1.977626 -2.090485 -2.265351 -2.439978 -2.609168 -2.764592 -2.884062 -2.95116 -2.960443 -2.872865 -2.684139 -2.438489 -2.197144 -2.043038 -1.978943 -1.971587 -2.011981 -2.074315 -2.114453 -2.156011 -2.25605 -2.351853 -2.45179 -2.54055 -2.628773 -2.748591 -2.937543 -3.239365 -3.594383 -3.935575 -4.290467 -4.605055 -5.005415 -5.44277 -5.886555 -6.435625 -7.104816 -7.884069 -8.739474 -9.54438 -10.22988 -10.94388 -11.56155 -12.06912 -12.40994 -12.59062 -12.60005 -12.42102 -12.06265 -11.52215 -10.7215 -9.804931 -8.997245 -8.159036 -7.361013 -6.650732 -6.096687 -5.584345 -5.101305 -4.623813
-1.679908 -1.764921 -1.923715 -2.09069 -2.278911 -2.481165 -2.665707 -2.81729 -2.915969 -2.915837 -2.799364 -2.612939 -2.420699 -2.284426 -2.226093 -2.235094 -2.295854 -2.373887 -2.432673 -2.49731 -2.619282 -2.736663 -2.851001 -2.962719 -3.056859 -3.184044 -3.377407 -3.671819 -4.00811 -4.330457 -4.641994 -4.936396 -5.322881 -5.739527 -6.16663 -6.698926 -7.343847 -8.106565 -9.004651 -9.862276 -10.6303 -11.42771 -12.1424 -12.70615 -13.05518 -13.2179 -13.17186 -12.91967 -12.48911 -11.8747 -11.03495 -10.04735 -9.19428 -8.33671 -7.504345 -6.768341 -6.158423 -5.563408 -4.990291 -4.457598
-1.420374 -1.482069 -1.612769 -1.759983 -1.95109 -2.174433 -2.393166 -2.610848 -2.796546 -2.877832 -2.824785 -2.71275 -2.601806 -2.527797 -2.49648 -2.521172 -2.596592 -2.699023 -2.798338 -2.917047 -3.079396 -3.221625 -3.357473 -3.492908 -3.60023 -3.746902 -3.969178 -4.272629 -4.600696 -4.916143 -5.20885 -5.4954 -5.863266 -6.254783 -6.674593 -7.194152 -7.832793 -8.589897 -9.487382 -10.33801 -11.14457 -11.98442 -12.75797 -13.33325 -13.68248 -13.81547 -13.72451 -13.40492 -12.9005 -12.22129 -11.34528 -10.31437 -9.429981 -8.556892 -7.669072 -6.884477 -6.224468 -5.563669 -4.898165 -4.29898
-1.19325 -1.235908 -1.33395 -1.448033 -1.624707 -1.84499 -2.078344 -2.340309 -2.596197 -2.758388 -2.780738 -2.755197 -2.73381 -2.740692 -2.759898 -2.812495 -2.910386 -3.050228 -3.205182 -3.395267 -3.617625 -3.804166 -3.985418 -4.166127 -4.313062 -4.500932 -4.757974 -5.063436 -5.371256 -5.663551 -5.943249 -6.224814 -6.560356 -6.938829 -7.353123 -7.850581 -8.45374 -9.166194 -10.00662 -10.81502 -11.62488 -12.47387 -13.25885 -13.78756 -14.13588 -14.28682 -14.18159 -13.80594 -13.25079 -12.53681 -11.63968 -10.59165 -9.668439 -8.773113 -7.835382 -6.998371 -6.309598 -5.596319 -4.818329 -4.114174
-.9901054 -1.018299 -1.089411 -1.180027 -1.347477 -1.550698 -1.771094 -2.038509 -2.352089 -2.618264 -2.736326 -2.800268 -2.839532 -2.900304 -2.969059 -3.056999 -3.194838 -3.399403 -3.638112 -3.912228 -4.196024 -4.445355 -4.703889 -4.966289 -5.197344 -5.483682 -5.803434 -6.110224 -6.386653 -6.635333 -6.881178 -7.138281 -7.440285 -7.794444 -8.17657 -8.626386 -9.159406 -9.780283 -10.50429 -11.22421 -11.98299 -12.79476 -13.52788 -14.00359 -14.32743 -14.50208 -14.43567 -14.05432 -13.49586 -12.77673 -11.8678 -10.81324 -9.83224 -8.903283 -7.897888 -6.964075 -6.216391 -5.465727 -4.586025 -3.757434
-.849323 -.8646998 -.9179079 -.9902236 -1.155728 -1.359541 -1.587633 -1.863841 -2.221181 -2.552811 -2.744358 -2.875879 -2.961045 -3.03996 -3.125214 -3.235158 -3.406546 -3.66796 -3.977324 -4.300294 -4.622659 -4.945453 -5.291602 -5.648675 -6.005153 -6.412478 -6.829781 -7.196321 -7.50061 -7.753962 -7.9878 -8.223495 -8.488791 -8.777795 -9.086823 -9.447171 -9.871335 -10.37244 -10.96821 -11.60786 -12.33826 -13.14289 -13.82375 -14.27407 -14.57668 -14.70406 -14.65585 -14.2633 -13.66 -12.89733 -11.94837 -10.86553 -9.804701 -8.809991 -7.736961 -6.678534 -5.842527 -5.051578 -4.110512 -3.182378
-.765901 -.7687917 -.8119483 -.882511 -1.061154 -1.28604 -1.548838 -1.85809 -2.245329 -2.593067 -2.823603 -2.988454 -3.103909 -3.191178 -3.270443 -3.37033 -3.542907 -3.834756 -4.178603 -4.521425 -4.872086 -5.246543 -5.666729 -6.120608 -6.588337 -7.098164 -7.632896 -8.127213 -8.537133 -8.869675 -9.12039 -9.3289 -9.539064 -9.755505 -9.990901 -10.25967 -10.57312 -10.96412 -11.45524 -12.04376 -12.77477 -13.57712 -14.21773 -14.65464 -14.92422 -14.98711 -14.86469 -14.44303 -13.75899 -12.93823 -11.95985 -10.8408 -9.697876 -8.609137 -7.465872 -6.281805 -5.330727 -4.488981 -3.54915 -2.581238
-.7169327 -.6992586 -.7285808 -.8012109 -1.006489 -1.266554 -1.573026 -1.915599 -2.310414 -2.659614 -2.922864 -3.116441 -3.252118 -3.337444 -3.39753 -3.466385 -3.612619 -3.899321 -4.237599 -4.575078 -4.936287 -5.359754 -5.84729 -6.375771 -6.936415 -7.551121 -8.190607 -8.8127 -9.375469 -9.809906 -10.11885 -10.36026 -10.5357 -10.68487 -10.85856 -11.03472 -11.24359 -11.55133 -11.96724 -12.51284 -13.21898 -13.96241 -14.54459 -14.99973 -15.22776 -15.26134 -15.04017 -14.56629 -13.81171 -12.89383 -11.84042 -10.65486 -9.422322 -8.211964 -6.986284 -5.702837 -4.603842 -3.716735 -2.842844 -1.933807
-.6993009 -.6398427 -.6398897 -.7067726 -.941531 -1.234382 -1.577559 -1.945378 -2.325558 -2.657595 -2.934897 -3.156189 -3.326609 -3.428994 -3.481049 -3.512809 -3.615809 -3.846994 -4.139632 -4.468617 -4.844059 -5.289271 -5.804451 -6.379096 -7.002414 -7.677015 -8.377718 -9.092422 -9.744423 -10.25946 -10.66181 -10.96212 -11.16059 -11.30809 -11.44803 -11.5633 -11.73448 -11.98798 -12.35854 -12.86755 -13.51744 -14.18032 -14.71124 -15.17892 -15.36804 -15.36873 -15.0834 -14.49183 -13.63139 -12.60276 -11.50974 -10.27239 -8.94767 -7.597941 -6.254714 -4.919491 -3.774797 -2.85316 -2.061467 -1.269795
-.7069126 -.5601632 -.4905007 -.5210273 -.7695415 -1.06723 -1.410487 -1.768543 -2.127787 -2.457288 -2.75826 -3.028965 -3.25243 -3.379717 -3.433527 -3.448516 -3.525974 -3.717397 -3.971215 -4.25914 -4.609808 -5.027344 -5.512966 -6.072346 -6.677032 -7.335587 -8.049288 -8.801842 -9.512359 -10.07863 -10.51649 -10.85745 -11.11335 -11.31627 -11.47634 -11.62866 -11.80109 -12.0503 -12.40654 -12.90434 -13.51464 -14.12407 -14.64427 -15.10913 -15.28509 -15.24928 -14.91307 -14.1846 -13.26857 -12.1596 -10.96294 -9.651268 -8.225195 -6.760294 -5.376629 -4.074258 -2.932627 -2.017886 -1.29041 -.6231791
-.7404122 -.454299 -.2818289 -.2447299 -.4812833 -.7563125 -1.07456 -1.402834 -1.738592 -2.075472 -2.407128 -2.73497 -3.008642 -3.161501 -3.225071 -3.258794 -3.342685 -3.510406 -3.726342 -3.969014 -4.270009 -4.613513 -5.016832 -5.496262 -6.024386 -6.616263 -7.276644 -8.017162 -8.76032 -9.37119 -9.865445 -10.27919 -10.58696 -10.83967 -11.0388 -11.24434 -11.45759 -11.7326 -12.09883 -12.59951 -13.21107 -13.82211 -14.34094 -14.78231 -14.91208 -14.87023 -14.4957 -13.73968 -12.73176 -11.57838 -10.32686 -8.988798 -7.512903 -5.972137 -4.553789 -3.276305 -2.150872 -1.250999 -.6039625 -.07818384
-.8095525 -.3415395 -.03038002 .1073085 -.07775516 -.3078484 -.5832379 -.8748477 -1.201987 -1.55994 -1.915983 -2.289861 -2.597188 -2.770367 -2.860161 -2.949942 -3.079685 -3.241848 -3.413635 -3.590985 -3.809658 -4.034219 -4.324347 -4.704566 -5.138549 -5.653825 -6.245646 -6.939383 -7.68757 -8.351543 -8.90057 -9.357445 -9.718772 -10.02644 -10.30503 -10.55206 -10.822 -11.14758 -11.56156 -12.07698 -12.66484 -13.27024 -13.77654 -14.18944 -14.29582 -14.21599 -13.83922 -13.13101 -12.11388 -10.97108 -9.723444 -8.380095 -6.901723 -5.312291 -3.859672 -2.617846 -1.530039 -.6490203 -.08589229 .3143423
-.9747269 -.2452101 .2568023 .5162904 .421027 .2503212 .01588002 -.2408893 -.5367013 -.8788458 -1.240057 -1.638795 -1.969064 -2.200114 -2.35256 -2.498819 -2.649598 -2.816458 -2.940128 -3.018022 -3.116276 -3.245763 -3.447201 -3.750942 -4.100007 -4.554112 -5.09588 -5.739762 -6.47465 -7.134368 -7.707633 -8.218943 -8.665948 -9.00473 -9.345342 -9.670346 -10.02099 -10.366 -10.76134 -11.25663 -11.83447 -12.44788 -12.95446 -13.36903 -13.54863 -13.47032 -13.10701 -12.46667 -11.49194 -10.36722 -9.145464 -7.858241 -6.422774 -4.848256 -3.390554 -2.191413 -1.198694 -.34054 .2321115 .5428778
-1.245602 -.2355209 .5318155 .9463006 1.003521 .9168785 .7338057 .5100629 .22804 -.09815957 -.4582533 -.8665778 -1.220139 -1.487833 -1.684179 -1.845049 -1.99094 -2.126145 -2.2194 -2.233202 -2.240208 -2.281348 -2.426566 -2.685785 -2.982578 -3.387268 -3.891814 -4.513884 -5.230838 -5.878559 -6.449291 -6.963706 -7.42748 -7.808163 -8.20565 -8.588071 -8.94334 -9.30174 -9.710209 -10.22351 -10.84072 -11.51182 -12.09173 -12.55248 -12.844 -12.82314 -12.48186 -11.82483 -10.89107 -9.806525 -8.633005 -7.411994 -6.031143 -4.489377 -3.068181 -1.918686 -.9576249 -.1591882 .3483082 .6204524
-1.556142 -.2728606 .7803742 1.40103 1.651976 1.674527 1.54985 1.365408 1.10323 .7888851 .4184412 .005743398 -.3523764 -.617764 -.8203009 -1.005426 -1.12706 -1.245389 -1.342102 -1.330062 -1.291282 -1.258864 -1.327256 -1.524511 -1.785595 -2.165306 -2.634127 -3.223481 -3.916923 -4.554846 -5.101166 -5.644646 -6.115975 -6.533785 -6.996864 -7.481936 -7.872443 -8.225716 -8.655858 -9.21064 -9.899543 -10.65639 -11.28207 -11.73759 -12.05691 -12.07457 -11.79708 -11.21628 -10.36036 -9.330669 -8.201762 -7.030643 -5.722231 -4.215614 -2.828666 -1.727795 -.7967181 -.0227553 .4419847 .6638538
-1.859683 -.3432441 .9827562 1.883646 2.339496 2.484449 2.418123 2.277458 2.045442 1.751963 1.380184 .9698923 .6234481 .3583099 .1477209 -.03361772 -.1719825 -.2873767 -.4076516 -.4334695 -.3309823 -.2104976 -.18968 -.3155209 -.5176217 -.8748545 -1.331516 -1.933216 -2.611198 -3.258223 -3.815697 -4.396773 -4.90234 -5.394648 -5.895829 -6.399535 -6.836204 -7.256575 -7.747798 -8.34346 -9.048393 -9.778792 -10.4243 -10.93545 -11.32056 -11.39769 -11.18361 -10.71026 -9.918728 -8.932904 -7.860733 -6.741123 -5.510073 -4.048083 -2.636451 -1.541649 -.6472151 .09929509 .5448405 .7294301
-2.257514 -.5543653 1.050871 2.319381 3.043895 3.340328 3.345519 3.24633 3.029765 2.742867 2.354729 1.943925 1.61101 1.360319 1.162495 .9800236 .8115211 .6229048 .4672922 .4441272 .5478722 .7241607 .8220062 .7631808 .5697076 .2467497 -.1767806 -.7717004 -1.478917 -2.172108 -2.757991 -3.408412 -3.962676 -4.501173 -5.040649 -5.598619 -6.120161 -6.602222 -7.116638 -7.695072 -8.398323 -9.18296 -9.915556 -10.4701 -10.87619 -10.98544 -10.79283 -10.3379 -9.634074 -8.713044 -7.673944 -6.567165 -5.372456 -3.981351 -2.580256 -1.458336 -.5525175 .2216983 .706788 .8684713
-2.730681 -.8584153 1.025462 2.671037 3.790526 4.276758 4.354209 4.290879 4.062835 3.772279 3.376784 2.947089 2.583678 2.282444 2.052992 1.877394 1.722234 1.519779 1.326856 1.246725 1.324429 1.474962 1.583404 1.570358 1.407517 1.099404 .6728191 .06021472 -.6943836 -1.392678 -2.014443 -2.689799 -3.248361 -3.834825 -4.43788 -5.017943 -5.567921 -6.084846 -6.613854 -7.210176 -7.955002 -8.779676 -9.552264 -10.12864 -10.56199 -10.7126 -10.56069 -10.14609 -9.477199 -8.606484 -7.577587 -6.45801 -5.26668 -3.922887 -2.524401 -1.332723 -.389109 .3963907 .9414454 1.170651
-3.231267 -1.229488 .8953623 2.852777 4.341149 5.157572 5.430574 5.444392 5.185742 4.828143 4.387657 3.932599 3.533073 3.196194 2.928476 2.728062 2.596457 2.410761 2.184335 2.01475 2.020283 2.090285 2.159492 2.158044 1.980185 1.673782 1.264294 .6304945 -.1792186 -.8684623 -1.480948 -2.144096 -2.714381 -3.337002 -3.975038 -4.546469 -5.100587 -5.662727 -6.243221 -6.867783 -7.624688 -8.462316 -9.261248 -9.833427 -10.26368 -10.45115 -10.37175 -10.02801 -9.416822 -8.576972 -7.53486 -6.373388 -5.141576 -3.799576 -2.4049 -1.164414 -.1746767 .6423681 1.22681 1.505251
-3.706921 -1.68118 .5593898 2.74648 4.578929 5.874128 6.500597 6.654559 6.385689 5.964466 5.461504 4.947567 4.49481 4.086481 3.739331 3.469826 3.332394 3.19441 2.982553 2.778301 2.725833 2.687411 2.63332 2.590786 2.386305 2.0676 1.67923 1.074831 .2228529 -.521817 -1.146539 -1.81245 -2.408403 -3.046597 -3.679077 -4.220626 -4.773798 -5.38798 -6.019598 -6.651325 -7.389282 -8.199285 -8.983215 -9.554561 -10.02253 -10.25104 -10.24606 -9.992147 -9.414873 -8.584036 -7.518105 -6.300494 -5.004566 -3.635494 -2.236039 -.9534598 .1006158 .9802656 1.616153 1.924978
-4.20428 -2.254895 .03490847 2.411885 4.590285 6.417803 7.562184 7.958206 7.695568 7.206937 6.646589 6.052809 5.52883 5.064631 4.630216 4.267696 4.056054 3.893178 3.681058 3.471618 3.362662 3.249742 3.120628 2.974393 2.694727 2.306761 1.886822 1.318996 .4708857 -.3546728 -1.029769 -1.697259 -2.324363 -2.957552 -3.597975 -4.14606 -4.682123 -5.312932 -5.966952 -6.605459 -7.342577 -8.165656 -8.975762 -9.580995 -10.07922 -10.30276 -10.28084 -10.05443 -9.49649 -8.633465 -7.509748 -6.222911 -4.853707 -3.43319 -2.003091 -.6634582 .4458101 1.38851 2.072215 2.357885
-4.647955 -2.853772 -.6249459 1.906677 4.403697 6.61908 8.29302 9.118969 8.98542 8.498238 7.88842 7.207289 6.591887 5.970613 5.419219 4.973081 4.651574 4.389268 4.11286 3.873794 3.721482 3.530202 3.339551 3.138765 2.818672 2.393619 1.906705 1.307754 .5005223 -.3227677 -1.056767 -1.742874 -2.410701 -3.055899 -3.693465 -4.27205 -4.832825 -5.481699 -6.155062 -6.806416 -7.546337 -8.39267 -9.20136 -9.800714 -10.27763 -10.49043 -10.43744 -10.15602 -9.595621 -8.678245 -7.479263 -6.114345 -4.668448 -3.175576 -1.683746 -.3086932 .8498207 1.83075 2.603415 2.946967
-4.94841 -3.362681 -1.306733 1.154543 3.79662 6.287157 8.312281 9.618868 10.01082 9.770379 9.202693 8.458924 7.785685 7.041559 6.292825 5.686483 5.260527 4.87142 4.503481 4.206028 3.99129 3.742084 3.490419 3.238693 2.913511 2.44466 1.87422 1.201562 .4058875 -.3948189 -1.157134 -1.885182 -2.578797 -3.248855 -3.883035 -4.471644 -5.048352 -5.698198 -6.384539 -7.059065 -7.800826 -8.660267 -9.453334 -10.05749 -10.52334 -10.71585 -10.63908 -10.28488 -9.68733 -8.734939 -7.458318 -6.010118 -4.496245 -2.949042 -1.408649 -.01233863 1.192371 2.26127 3.102595 3.516992
-5.109745 -3.78119 -1.953632 .3532269 2.947576 5.50155 7.699774 9.403749 10.43557 10.68709 10.34551 9.711805 9.094916 8.309566 7.335662 6.564963 5.929929 5.387064 4.913531 4.536686 4.232754 3.935365 3.639645 3.327533 2.969014 2.49894 1.859651 1.105362 .2856713 -.5148303 -1.274518 -2.023993 -2.756427 -3.460389 -4.105778 -4.699825 -5.290732 -5.933908 -6.620301 -7.310095 -8.052313 -8.915875 -9.691394 -10.30149 -10.7678 -10.94781 -10.84968 -10.44613 -9.802848 -8.824138 -7.500362 -5.965273 -4.378358 -2.772702 -1.163183 .2808734 1.519005 2.652293 3.573248 4.052488
-5.164246 -4.090697 -2.494433 -.392779 2.045363 4.570512 6.901233 8.879413 10.25473 10.82532 10.71905 10.38876 10.01698 9.405869 8.481932 7.641058 6.756268 5.977858 5.348029 4.863757 4.481623 4.140135 3.812255 3.427884 2.998585 2.476691 1.77586 .9559843 .1104029 -.6765723 -1.414778 -2.174667 -2.940777 -3.677361 -4.337064 -4.941969 -5.542142 -6.176329 -6.85689 -7.544856 -8.280038 -9.120842 -9.865048 -10.47165 -10.95092 -11.14486 -11.03202 -10.58418 -9.938125 -8.933598 -7.589818 -5.975572 -4.307567 -2.643617 -.9592407 .5738268 1.86868 3.07926 4.140312 4.772524
-5.097425 -4.225178 -2.888736 -1.043221 1.190503 3.556605 5.787426 7.764446 9.291956 10.14186 10.3494 10.26539 10.09377 9.922265 9.536336 8.896019 7.942106 6.849792 5.985075 5.360173 4.895407 4.494666 4.10016 3.650491 3.110778 2.476494 1.720097 .8172315 -.0280358 -.7986076 -1.557846 -2.328566 -3.129733 -3.89734 -4.574037 -5.198677 -5.821978 -6.440264 -7.092928 -7.748547 -8.45376 -9.241793 -9.939248 -10.53028 -11.01855 -11.2279 -11.12208 -10.65484 -9.994083 -8.988062 -7.646908 -5.985949 -4.234313 -2.49479 -.7325778 .9035718 2.309675 3.61149 4.753886 5.460673
