py_wake/examples/data/AJ_ParqueFicticio/Ridge area   Sector 3   Height 30m   Weibull-k.grd
DSAA
90  129
 262878   265103
 6504214   6507414
 .8378906   2.826172
[rows 81 to 107 of 129, columns 0 to 61 of 90]
2.681641 2.681641 2.685547 2.693359 2.705078 2.728516 2.748047 2.771484 2.791016 2.802734 2.806641 2.806641 2.806641 2.806641 2.806641 2.806641 2.806641 2.806641 2.806641 2.806641 2.806641 2.806641 2.806641 2.802734 2.791016 2.779297 2.763672 2.748047 2.736328 2.732422 2.728516 2.724609 2.716797 2.712891 2.673828 2.634766 2.603516 2.587891 2.568359 2.556641 2.544922 2.533203 2.521484 2.525391 2.544922 2.583984 2.599609 2.591797 2.583984 2.583984 2.587891 2.595703 2.603516 2.611328 2.619141 2.626953 2.634766 2.646484 2.658203 2.669922 2.681641 2.697266
2.767578 2.767578 2.775391 2.787109 2.806641 2.806641 2.806641 2.806641 2.806641 2.806641 2.806641 2.806641 2.806641 2.806641 2.806641 2.806641 2.806641 2.806641 2.806641 2.806641 2.806641 2.806641 2.806641 2.806641 2.798828 2.787109 2.775391 2.767578 2.755859 2.744141 2.736328 2.728516 2.720703 2.666016 2.630859 2.603516 2.580078 2.560547 2.548828 2.537109 2.529297 2.525391 2.525391 2.533203 2.560547 2.615234 2.607422 2.595703 2.587891 2.587891 2.587891 2.595703 2.603516 2.607422 2.615234 2.619141 2.623047 2.630859 2.638672 2.646484 2.662109 2.677734
2.806641 2.806641 2.806641 2.806641 2.806641 2.794922 2.755859 2.736328 2.736328 2.744141 2.748047 2.759766 2.771484 2.779297 2.783203 2.794922 2.802734 2.802734 2.802734 2.798828 2.802734 2.806641 2.806641 2.806641 2.802734 2.791016 2.783203 2.775391 2.763672 2.751953 2.736328 2.693359 2.658203 2.626953 2.599609 2.580078 2.560547 2.544922 2.537109 2.529297 2.525391 2.521484 2.525391 2.541016 2.576172 2.634766 2.619141 2.607422 2.595703 2.591797 2.591797 2.595703 2.603516 2.607422 2.615234 2.619141 2.619141 2.619141 2.623047 2.630859 2.642578 2.654297
2.728516 2.716797 2.701172 2.681641 2.654297 2.634766 2.623047 2.615234 2.619141 2.630859 2.650391 2.673828 2.708984 2.748047 2.771484 2.791016 2.798828 2.798828 2.794922 2.798828 2.794922 2.802734 2.802734 2.806641 2.802734 2.791016 2.779297 2.763672 2.740234 2.712891 2.685547 2.654297 2.623047 2.599609 2.580078 2.560547 2.548828 2.537109 2.529297 2.525391 2.521484 2.521484 2.529297 2.544922 2.587891 2.642578 2.630859 2.615234 2.603516 2.599609 2.599609 2.603516 2.607422 2.615234 2.623047 2.623047 2.623047 2.619141 2.619141 2.623047 2.626953 2.638672
2.666016 2.654297 2.638672 2.626953 2.611328 2.595703 2.580078 2.568359 2.568359 2.580078 2.591797 2.615234 2.658203 2.728516 2.787109 2.806641 2.806641 2.806641 2.802734 2.798828 2.791016 2.787109 2.787109 2.783203 2.783203 2.775391 2.759766 2.736328 2.708984 2.685547 2.654297 2.626953 2.599609 2.580078 2.564453 2.552734 2.544922 2.533203 2.529297 2.525391 2.521484 2.517578 2.529297 2.548828 2.599609 2.654297 2.638672 2.626953 2.615234 2.611328 2.607422 2.611328 2.615234 2.623047 2.630859 2.634766 2.630859 2.626953 2.623047 2.619141 2.619141 2.623047
2.677734 2.662109 2.646484 2.630859 2.615234 2.599609 2.580078 2.560547 2.552734 2.552734 2.556641 2.572266 2.619141 2.720703 2.806641 2.806641 2.806641 2.806641 2.806641 2.798828 2.755859 2.732422 2.724609 2.728516 2.732422 2.740234 2.732422 2.712891 2.685547 2.658203 2.630859 2.603516 2.583984 2.568359 2.556641 2.548828 2.541016 2.533203 2.525391 2.525391 2.521484 2.517578 2.525391 2.544922 2.603516 2.658203 2.646484 2.634766 2.623047 2.619141 2.615234 2.619141 2.623047 2.630859 2.638672 2.642578 2.642578 2.634766 2.630859 2.623047 2.615234 2.611328
2.716797 2.697266 2.681641 2.662109 2.642578 2.623047 2.595703 2.572266 2.548828 2.533203 2.529297 2.544922 2.599609 2.744141 2.806641 2.806641 2.806641 2.806641 2.806641 2.755859 2.630859 2.583984 2.580078 2.615234 2.658203 2.689453 2.701172 2.689453 2.666016 2.638672 2.611328 2.591797 2.576172 2.564453 2.556641 2.548828 2.541016 2.533203 2.525391 2.521484 2.521484 2.517578 2.521484 2.544922 2.611328 2.658203 2.650391 2.638672 2.630859 2.623047 2.623047 2.626953 2.630859 2.638672 2.646484 2.654297 2.650391 2.646484 2.638672 2.634766 2.623047 2.615234
2.763672 2.744141 2.724609 2.705078 2.685547 2.662109 2.634766 2.599609 2.568359 2.541016 2.529297 2.541016 2.603516 2.794922 2.806641 2.806641 2.806641 2.806641 2.806641 2.490234 2.326172 2.302734 2.373047 2.498047 2.607422 2.669922 2.693359 2.681641 2.654297 2.623047 2.599609 2.580078 2.568359 2.560547 2.556641 2.548828 2.541016 2.529297 2.525391 2.521484 2.517578 2.517578 2.525391 2.548828 2.615234 2.662109 2.654297 2.642578 2.634766 2.626953 2.626953 2.630859 2.634766 2.642578 2.654297 2.662109 2.662109 2.658203 2.654297 2.646484 2.638672 2.630859
2.798828 2.787109 2.771484 2.751953 2.736328 2.712891 2.689453 2.662109 2.630859 2.599609 2.580078 2.587891 2.634766 2.779297 2.806641 2.806641 2.806641 2.587891 2.064453 1.908203 1.888672 1.998047 2.181641 2.419922 2.603516 2.689453 2.705078 2.685547 2.650391 2.619141 2.595703 2.580078 2.568359 2.560547 2.556641 2.548828 2.541016 2.529297 2.521484 2.517578 2.517578 2.521484 2.529297 2.556641 2.626953 2.662109 2.654297 2.642578 2.634766 2.630859 2.630859 2.630859 2.638672 2.650391 2.662109 2.673828 2.673828 2.673828 2.666016 2.662109 2.658203 2.646484
2.818359 2.814453 2.806641 2.794922 2.783203 2.771484 2.759766 2.748047 2.736328 2.724609 2.716797 2.708984 2.673828 2.541016 2.208984 1.900391 1.662109 1.521484 1.490234 1.517578 1.615234 1.822266 2.091797 2.408203 2.634766 2.712891 2.716797 2.685547 2.646484 2.615234 2.595703 2.580078 2.568359 2.560547 2.556641 2.548828 2.537109 2.529297 2.521484 2.517578 2.517578 2.521484 2.537109 2.576172 2.662109 2.658203 2.650391 2.642578 2.634766 2.630859 2.630859 2.634766 2.642578 2.654297 2.669922 2.681641 2.685547 2.685547 2.677734 2.677734 2.669922 2.662109
2.814453 2.814453 2.814453 2.810547 2.806641 2.802734 2.802734 2.806641 2.806641 2.806641 2.806641 2.806641 2.806641 2.626953 2.228516 1.958984 1.763672 1.638672 1.623047 1.654297 1.763672 2.025391 2.275391 2.537109 2.681641 2.716797 2.701172 2.666016 2.634766 2.611328 2.591797 2.580078 2.564453 2.556641 2.552734 2.541016 2.529297 2.521484 2.517578 2.521484 2.529297 2.537109 2.560547 2.611328 2.658203 2.654297 2.646484 2.638672 2.630859 2.626953 2.630859 2.630859 2.642578 2.654297 2.669922 2.681641 2.689453 2.689453 2.685547 2.681641 2.677734 2.666016
2.791016 2.798828 2.806641 2.806641 2.806641 2.806641 2.806641 2.806641 2.806641 2.806641 2.806641 2.806641 2.806641 2.806641 2.798828 2.642578 2.498047 2.384766 2.337891 2.326172 2.384766 2.478516 2.583984 2.669922 2.701172 2.693359 2.673828 2.642578 2.619141 2.603516 2.587891 2.576172 2.560547 2.552734 2.541016 2.533203 2.521484 2.513672 2.521484 2.541016 2.556641 2.576172 2.611328 2.650391 2.646484 2.646484 2.638672 2.634766 2.626953 2.623047 2.623047 2.623047 2.630859 2.646484 2.666016 2.681641 2.689453 2.689453 2.689453 2.685547 2.677734 2.669922
2.783203 2.802734 2.806641 2.806641 2.806641 2.806641 2.806641 2.806641 2.806641 2.806641 2.806641 2.806641 2.806641 2.806641 2.806641 2.806641 2.802734 2.783203 2.763672 2.681641 2.662109 2.689453 2.705078 2.701172 2.685547 2.662109 2.642578 2.623047 2.611328 2.599609 2.583984 2.572266 2.556641 2.544922 2.533203 2.521484 2.513672 2.517578 2.541016 2.587891 2.626953 2.630859 2.630859 2.630859 2.634766 2.634766 2.630859 2.626953 2.619141 2.615234 2.611328 2.611328 2.619141 2.634766 2.654297 2.673828 2.685547 2.689453 2.689453 2.685547 2.681641 2.673828
2.798828 2.794922 2.794922 2.798828 2.806641 2.806641 2.806641 2.806641 2.806641 2.806641 2.806641 2.806641 2.806641 2.806641 2.806641 2.806641 2.806641 2.810547 2.771484 2.759766 2.755859 2.736328 2.712891 2.685547 2.662109 2.638672 2.623047 2.611328 2.603516 2.591797 2.580078 2.564453 2.552734 2.541016 2.525391 2.517578 2.513672 2.533203 2.591797 2.611328 2.607422 2.607422 2.607422 2.611328 2.619141 2.623047 2.619141 2.615234 2.607422 2.603516 2.599609 2.599609 2.603516 2.623047 2.646484 2.666016 2.677734 2.685547 2.689453 2.689453 2.685547 2.677734
2.791016 2.791016 2.794922 2.798828 2.806641 2.806641 2.806641 2.806641 2.806641 2.806641 2.806641 2.806641 2.806641 2.806641 2.806641 2.794922 2.794922 2.798828 2.798828 2.791016 2.767578 2.732422 2.697266 2.669922 2.646484 2.626953 2.611328 2.603516 2.595703 2.583984 2.572266 2.560547 2.544922 2.533203 2.521484 2.517578 2.525391 2.572266 2.611328 2.595703 2.591797 2.587891 2.591797 2.595703 2.603516 2.611328 2.611328 2.607422 2.599609 2.595703 2.591797 2.587891 2.591797 2.611328 2.634766 2.658203 2.673828 2.681641 2.689453 2.689453 2.685547 2.677734
2.791016 2.791016 2.794922 2.798828 2.806641 2.806641 2.806641 2.806641 2.806641 2.806641 2.806641 2.806641 2.806641 2.791016 2.763672 2.767578 2.787109 2.802734 2.806641 2.791016 2.759766 2.720703 2.685547 2.658203 2.638672 2.619141 2.603516 2.595703 2.587891 2.576172 2.564453 2.552734 2.541016 2.529297 2.521484 2.521484 2.544922 2.623047 2.599609 2.583984 2.576172 2.576172 2.576172 2.580078 2.591797 2.599609 2.599609 2.599609 2.591797 2.587891 2.580078 2.576172 2.583984 2.599609 2.626953 2.650391 2.666016 2.677734 2.685547 2.685547 2.681641 2.677734
2.666016 2.755859 2.798828 2.802734 2.806641 2.806641 2.806641 2.806641 2.806641 2.806641 2.791016 2.740234 2.716797 2.716797 2.736328 2.767578 2.794922 2.810547 2.802734 2.779297 2.744141 2.708984 2.677734 2.654297 2.634766 2.611328 2.595703 2.583984 2.576172 2.564453 2.556641 2.544922 2.537109 2.525391 2.521484 2.529297 2.568359 2.615234 2.591797 2.576172 2.564453 2.560547 2.560547 2.564453 2.576172 2.587891 2.591797 2.587891 2.583984 2.576172 2.572266 2.572266 2.576172 2.591797 2.619141 2.642578 2.662109 2.673828 2.681641 2.681641 2.681641 2.673828
2.462891 2.509766 2.560547 2.607422 2.634766 2.638672 2.642578 2.623047 2.607422 2.607422 2.619141 2.646484 2.681641 2.720703 2.763672 2.794922 2.814453 2.810547 2.791016 2.759766 2.728516 2.697266 2.669922 2.646484 2.626953 2.607422 2.587891 2.572266 2.560547 2.548828 2.544922 2.537109 2.529297 2.525391 2.521484 2.537109 2.595703 2.611328 2.587891 2.568359 2.552734 2.544922 2.544922 2.548828 2.560547 2.572266 2.580078 2.580078 2.576172 2.572266 2.568359 2.564453 2.568359 2.587891 2.611328 2.634766 2.654297 2.669922 2.681641 2.681641 2.681641 2.677734
2.345703 2.369141 2.392578 2.412109 2.431641 2.447266 2.462891 2.490234 2.529297 2.572266 2.623047 2.673828 2.720703 2.767578 2.798828 2.814453 2.814453 2.798828 2.775391 2.748047 2.720703 2.689453 2.662109 2.642578 2.619141 2.595703 2.576172 2.560547 2.544922 2.537109 2.529297 2.525391 2.521484 2.521484 2.525391 2.544922 2.615234 2.611328 2.587891 2.568359 2.548828 2.537109 2.537109 2.537109 2.548828 2.564453 2.572266 2.576172 2.576172 2.572266 2.568359 2.564453 2.564453 2.583984 2.607422 2.630859 2.650391 2.669922 2.677734 2.681641 2.677734 2.677734
1.70141E+38 1.70141E+38 1.70141E+38 1.70141E+38 1.70141E+38 1.70141E+38 1.70141E+38 1.70141E+38 1.70141E+38 1.70141E+38 1.70141E+38 1.70141E+38 1.70141E+38 1.70141E+38 1.70141E+38 1.70141E+38 1.70141E+38 1.70141E+38 1.70141E+38 1.70141E+38 1.70141E+38 1.70141E+38 1.70141E+38 1.70141E+38 1.70141E+38 1.70141E+38 1.70141E+38 1.70141E+38 1.70141E+38 1.70141E+38 1.70141E+38 1.70141E+38 1.70141E+38 1.70141E+38 1.70141E+38 1.70141E+38 1.70141E+38 1.70141E+38 1.70141E+38 1.70141E+38 1.70141E+38 1.70141E+38 1.70141E+38 1.70141E+38 1.70141E+38 1.70141E+38 1.70141E+38 1.70141E+38 1.70141E+38 1.70141E+38 1.70141E+38 1.70141E+38 1.70141E+38 1.70141E+38 1.70141E+38 1.70141E+38 1.70141E+38 1.70141E+38 1.70141E+38 1.70141E+38 1.70141E+38 1.70141E+38
1.70141E+38 1.70141E+38 1.70141E+38 1.70141E+38 1.70141E+38 1.70141E+38 1.70141E+38 1.70141E+38 1.70141E+38 1.70141E+38 1.70141E+38 1.70141E+38 1.70141E+38 1.70141E+38 1.70141E+38 1.70141E+38 1.70141E+38 1.70141E+38 1.70141E+38 1.70141E+38 1.70141E+38 1.70141E+38 1.70141E+38 1.70141E+38 1.70141E+38 1.70141E+38 1.70141E+38 1.70141E+38 1.70141E+38 1.70141E+38 1.70141E+38 1.70141E+38 1.70141E+38 1.70141E+38 1.70141E+38 1.70141E+38 1.70141E+38 1.70141E+38 1.70141E+38 1.70141E+38 1.70141E+38 1.70141E+38 1.70141E+38 1.70141E+38 1.70141E+38 1.70141E+38 1.70141E+38 1.70141E+38 1.70141E+38 1.70141E+38 1.70141E+38 1.70141E+38 1.70141E+38 1.70141E+38 1.70141E+38 1.70141E+38 1.70141E+38 1.70141E+38 1.70141E+38 1.70141E+38 1.70141E+38 1.70141E+38
1.70141E+38 1.70141E+38 1.70141E+38 1.70141E+38 1.70141E+38 1.70141E+38 1.70141E+38 1.70141E+38 1.70141E+38 1.70141E+38 1.70141E+38 1.70141E+38 1.70141E+38 1.70141E+38 1.70141E+38 1.70141E+38 1.70141E+38 1.70141E+38 1.70141E+38 1.70141E+38 1.70141E+38 1.70141E+38 1.70141E+38 1.70141E+38 1.70141E+38 1.70141E+38 1.70141E+38 1.70141E+38 1.70141E+38 1.70141E+38 1.70141E+38 1.70141E+38 1.70141E+38 1.70141E+38 1.70141E+38 1.70141E+38 1.70141E+38 1.70141E+38 1.70141E+38 1.70141E+38 1.70141E+38 1.70141E+38 1.70141E+38 1.70141E+38 1.70141E+38 1.70141E+38 1.70141E+38 1.70141E+38 1.70141E+38 1.70141E+38 1.70141E+38 1.70141E+38 1.70141E+38 1.70141E+38 1.70141E+38 1.70141E+38 1.70141E+38 1.70141E+38 1.70141E+38 1.70141E+38 1.70141E+38 1.70141E+38
1.70141E+38 1.70141E+38 1.70141E+38 1.70141E+38 1.70141E+38 1.70141E+38 1.70141E+38 1.70141E+38 1.70141E+38 1.70141E+38 1.70141E+38 1.70141E+38 1.70141E+38 1.70141E+38 1.70141E+38 1.70141E+38 1.70141E+38 1.70141E+38 1.70141E+38 1.70141E+38 1.70141E+38 1.70141E+38 1.70141E+38 1.70141E+38 1.70141E+38 1.70141E+38 1.70141E+38 1.70141E+38 1.70141E+38 1.70141E+38 1.70141E+38 1.70141E+38 1.70141E+38 1.70141E+38 1.70141E+38 1.70141E+38 1.70141E+38 1.70141E+38 1.70141E+38 1.70141E+38 1.70141E+38 1.70141E+38 1.70141E+38 1.70141E+38 1.70141E+38 1.70141E+38 1.70141E+38 1.70141E+38 1.70141E+38 1.70141E+38 1.70141E+38 1.70141E+38 1.70141E+38 1.70141E+38 1.70141E+38 1.70141E+38 1.70141E+38 1.70141E+38 1.70141E+38 1.70141E+38 1.70141E+38 1.70141E+38
1.70141E+38 1.70141E+38 1.70141E+38 1.70141E+38 1.70141E+38 1.70141E+38 1.70141E+38 1.70141E+38 1.70141E+38 1.70141E+38 1.70141E+38 1.70141E+38 1.70141E+38 1.70141E+38 1.70141E+38 1.70141E+38 1.70141E+38 1.70141E+38 1.70141E+38 1.70141E+38 1.70141E+38 1.70141E+38 1.70141E+38 1.70141E+38 1.70141E+38 1.70141E+38 1.70141E+38 1.70141E+38 1.70141E+38 1.70141E+38 1.70141E+38 1.70141E+38 1.70141E+38 1.70141E+38 1.70141E+38 1.70141E+38 1.70141E+38 1.70141E+38 1.70141E+38 1.70141E+38 1.70141E+38 1.70141E+38 1.70141E+38 1.70141E+38 1.70141E+38 1.70141E+38 1.70141E+38 1.70141E+38 1.70141E+38 1.70141E+38 1.70141E+38 1.70141E+38 1.70141E+38 1.70141E+38 1.70141E+38 1.70141E+38 1.70141E+38 1.70141E+38 1.70141E+38 1.70141E+38 1.70141E+38 1.70141E+38
1.70141E+38 1.70141E+38 1.70141E+38 1.70141E+38 1.70141E+38 1.70141E+38 1.70141E+38 1.70141E+38 1.70141E+38 1.70141E+38 1.70141E+38 1.70141E+38 1.70141E+38 1.70141E+38 1.70141E+38 1.70141E+38 1.70141E+38 1.70141E+38 1.70141E+38 1.70141E+38 1.70141E+38 1.70141E+38 1.70141E+38 1.70141E+38 1.70141E+38 1.70141E+38 1.70141E+38 1.70141E+38 1.70141E+38 1.70141E+38 1.70141E+38 1.70141E+38 1.70141E+38 1.70141E+38 1.70141E+38 1.70141E+38 1.70141E+38 1.70141E+38 1.70141E+38 1.70141E+38 1.70141E+38 1.70141E+38 1.70141E+38 1.70141E+38 1.70141E+38 1.70141E+38 1.70141E+38 1.70141E+38 1.70141E+38 1.70141E+38 1.70141E+38 1.70141E+38 1.70141E+38 1.70141E+38 1.70141E+38 1.70141E+38 1.70141E+38 1.70141E+38 1.70141E+38 1.70141E+38 1.70141E+38 1.70141E+38
1.70141E+38 1.70141E+38 1.70141E+38 1.70141E+38 1.70141E+38 1.70141E+38 1.70141E+38 1.70141E+38 1.70141E+38 1.70141E+38 1.70141E+38 1.70141E+38 1.70141E+38 1.70141E+38 1.70141E+38 1.70141E+38 1.70141E+38 1.70141E+38 1.70141E+38 1.70141E+38 1.70141E+38 1.70141E+38 1.70141E+38 1.70141E+38 1.70141E+38 1.70141E+38 1.70141E+38 1.70141E+38 1.70141E+38 1.70141E+38 1.70141E+38 1.70141E+38 1.70141E+38 1.70141E+38 1.70141E+38 1.70141E+38 1.70141E+38 1.70141E+38 1.70141E+38 1.70141E+38 1.70141E+38 1.70141E+38 1.70141E+38 1.70141E+38 1.70141E+38 1.70141E+38 1.70141E+38 1.70141E+38 1.70141E+38 1.70141E+38 1.70141E+38 1.70141E+38 1.70141E+38 1.70141E+38 1.70141E+38 1.70141E+38 1.70141E+38 1.70141E+38 1.70141E+38 1.70141E+38 1.70141E+38 1.70141E+38
1.70141E+38 1.70141E+38 1.70141E+38 1.70141E+38 1.70141E+38 1.70141E+38 1.70141E+38 1.70141E+38 1.70141E+38 1.70141E+38 1.70141E+38 1.70141E+38 1.70141E+38 1.70141E+38 1.70141E+38 1.70141E+38 1.70141E+38 1.70141E+38 1.70141E+38 1.70141E+38 1.70141E+38 1.70141E+38 1.70141E+38 1.70141E+38 1.70141E+38 1.70141E+38 1.70141E+38 1.70141E+38 1.70141E+38 1.70141E+38 1.70141E+38 1.70141E+38 1.70141E+38 1.70141E+38 1.70141E+38 1.70141E+38 1.70141E+38 1.70141E+38 1.70141E+38 1.70141E+38 1.70141E+38 1.70141E+38 1.70141E+38 1.70141E+38 1.70141E+38 1.70141E+38 1.70141E+38 1.70141E+38 1.70141E+38 1.70141E+38 1.70141E+38 1.70141E+38 1.70141E+38 1.70141E+38 1.70141E+38 1.70141E+38 1.70141E+38 1.70141E+38 1.70141E+38 1.70141E+38 1.70141E+38 1.70141E+38
