py_wake/examples/data/AJ_ParqueFicticio/Ridge area   Sector 7   Height 200m   Power density.grd
DSAA
90  129
 262878   265103
 6504214   6507414
 .8078354   239.5189
[rows 81 to 107 of 129, columns 0 to 61 of 90]
19.07169 16.7672 15.79479 15.46314 15.82494 17.25031 19.91592 24.17495 30.2234 36.27221 41.3186 45.21855 46.22521 44.75822 42.20873 39.88892 38.42125 36.78373 35.72632 35.16914 34.81987 35.48307 35.92213 35.95577 35.36622 34.65506 33.80754 33.20326 32.89657 32.84948 33.31143 34.92288 38.71838 44.8178 52.9042 62.3732 72.27146 82.46817 92.66404 102.5641 110.0553 116.4128 122.0906 124.5631 123.8711 122.5649 120.0856 116.8638 110.345 100.7902 90.85051 80.13407 69.74463 60.34792 53.12811 48.47953 45.68577 44.29737 44.38723 45.72357 47.5206 49.36501
28.24084 27.02708 27.01015 27.76649 29.42973 31.91326 36.0645 41.82987 48.07662 54.19894 60.51389 66.18848 67.66547 64.77489 60.82954 57.66334 54.49055 52.2028 51.45073 51.60095 50.63875 49.20745 47.82348 47.24825 46.92837 46.65202 45.9115 45.25492 44.90101 44.48564 44.54125 45.55891 48.84376 55.2781 63.56444 72.98113 83.44338 94.3261 105.524 114.8705 121.4892 127.5578 131.1131 130.8392 129.255 126.8377 123.4355 119.7664 111.1149 100.9947 90.20436 78.21269 66.44919 39.19411 46.83508 40.47068 35.74084 33.44862 33.20947 34.51744 35.96524 37.88879
38.63177 38.71638 40.45256 43.03259 45.54096 49.17391 54.01302 58.76226 64.31201 70.92158 77.02461 81.16264 83.90775 84.00858 80.24538 74.97645 70.51369 67.46693 66.13995 65.51702 61.93425 58.21793 56.2815 55.70106 56.31564 57.04255 56.81604 56.66166 56.89892 56.50303 56.00342 56.64075 59.88 66.44398 74.82793 84.0448 94.84937 105.7093 117.0348 124.9114 130.4388 135.209 137.2616 136.3285 134.3021 131.1349 127.3197 122.7991 113.5011 103.4338 92.2485 79.45707 66.56785 32.50015 24.22022 20.50638 18.18089 17.42348 26.23431 26.71193 27.51874 28.90894
49.17156 50.88508 54.15265 57.44897 60.59916 64.21908 67.71574 71.6657 76.75732 82.52033 86.40125 87.63359 87.18092 86.78011 84.16697 79.77486 75.17557 71.20885 68.51022 66.80362 64.44876 61.58389 59.67358 58.97472 59.88803 61.95765 63.57619 64.87608 66.4861 67.12508 67.45099 69.2673 73.14517 79.29073 87.41421 96.68587 106.6111 116.6325 126.175 132.423 137.1741 140.4812 141.3819 140.2352 137.912 134.6767 130.8083 124.6653 115.6068 106.4477 95.82953 83.86738 71.13774 32.35196 24.55909 18.96413 17.0771 16.7059 16.55906 16.45841 16.54041 17.00927
59.21955 61.82287 65.43874 69.14291 72.85632 75.39945 77.53328 80.84124 85.1104 88.85403 90.10985 88.16651 83.63242 77.9941 75.76633 72.51215 68.07669 63.75233 59.87181 57.21901 56.17199 55.16521 54.5131 54.92751 56.91368 60.60734 64.78638 68.76877 72.85693 75.74978 79.10288 83.28899 87.97754 93.70863 101.7282 110.4552 117.7963 126.0507 133.109 137.7256 141.3316 143.2538 143.1826 142.4209 140.2409 137.0995 132.3375 125.6545 117.8087 109.8839 100.3254 89.71942 77.75735 33.17842 27.6179 20.23971 16.48134 15.04866 14.55211 14.1054 13.69013 13.56026
67.42818 69.99741 73.58786 77.46547 80.91811 82.25928 82.7975 84.06834 86.24563 87.63528 86.30937 81.7496 75.26596 68.5343 62.71751 59.90727 56.74129 52.62434 48.97912 46.80231 45.89979 45.54155 46.26551 48.49308 51.93763 56.78691 62.97736 69.62051 76.53995 82.64931 89.16534 96.14017 101.8036 107.9709 115.366 121.3198 126.997 133.1823 137.8766 140.8904 142.5786 142.4527 140.5831 138.134 135.9556 132.6589 128.4353 123.7957 118.7477 112.4388 104.3847 95.51055 84.60965 31.27009 31.97739 24.68401 19.4495 15.99128 13.98701 13.02034 12.41097 11.90834
72.43236 74.48772 77.27782 80.22454 82.1915 81.88208 80.58054 79.74171 79.46493 78.98341 76.40389 71.62874 65.12749 58.07038 51.28823 46.33409 44.196 42.17151 40.02258 38.11478 37.7324 38.05922 39.6027 42.92849 47.26748 52.88539 60.77273 69.42331 78.51963 87.46638 96.18876 104.4878 112.0056 119.5705 125.3181 129.6909 134.1156 138.6767 141.3062 142.4913 141.475 138.4973 134.0491 129.5946 126.6771 124.0833 121.622 119.1717 116.7271 112.5803 106.5373 99.38429 90.35412 39.21946 34.69012 31.28659 26.29425 21.72815 17.84618 15.2895 13.94792 12.93388
73.43107 74.65262 76.33795 77.86868 78.03728 76.32605 74.01598 71.77741 69.93267 67.46818 64.12213 59.35729 53.46371 46.89015 40.79443 36.19763 33.38017 32.38042 31.70604 31.22358 31.64758 32.8353 34.95975 39.03805 44.43206 50.95348 59.62893 69.33858 79.93353 90.46372 100.9294 110.6879 119.3229 126.8748 131.6868 135.3065 138.9533 141.9709 143.0475 141.9463 138.1415 133.3172 127.6179 122.291 118.7794 116.0419 113.916 112.0229 110.5014 108.5403 105.1576 100.3004 94.07278 61.71011 30.14066 35.88448 34.06469 30.70788 26.46009 22.44642 19.56632 17.38169
71.84843 72.01837 72.87679 73.12595 71.41326 68.22243 64.96844 61.92533 59.28534 56.16179 52.34272 47.73275 42.12116 36.91759 32.36538 28.52644 25.65044 25.00789 24.96374 25.76287 26.90726 28.87684 31.64072 36.27257 42.62635 50.10669 59.12939 69.82391 82.33573 94.34465 105.5901 116.0233 125.278 132.0549 135.8778 139.2191 142.0236 143.6236 142.9855 139.3446 133.3145 126.6916 119.4304 112.6727 107.4904 103.9737 102.3402 101.4316 101.5617 101.1555 100.6103 98.89038 95.75433 91.19733 34.37669 33.64162 39.13916 39.55365 37.35988 33.46248 29.69823 26.36534
68.1865 67.45248 67.88166 67.262 63.96627 59.61949 55.38618 52.00957 49.25626 46.53326 43.01174 39.07404 34.27456 29.70065 26.27875 23.67979 21.64726 20.86552 21.07059 21.83727 23.34285 25.82028 28.99992 34.02744 41.2629 49.79665 60.21973 72.49564 85.70982 98.07025 109.8093 120.4531 129.7011 135.4038 138.4611 140.9172 142.8023 143.0922 140.5309 134.9108 125.4978 115.9468 107.7008 100.9657 95.41315 91.46972 89.79989 89.70673 90.80766 91.96552 93.36162 94.64608 94.35667 92.04108 48.1545 24.81801 36.88639 45.52289 47.77293 45.62938 42.29507 38.66395
61.25441 59.9857 59.61144 58.4798 55.10046 50.56698 46.32771 43.32424 41.04906 39.32637 37.2704 34.18435 30.118 26.2156 23.58878 22.26029 21.37698 20.74353 20.66417 20.95791 22.55314 25.64063 28.99722 34.63405 42.71802 52.24765 63.75725 76.67954 89.57395 100.9869 111.73 121.3269 129.0985 133.5465 135.4724 136.5247 136.8562 135.2737 131.5793 123.7086 113.9051 104.5134 96.63046 89.62585 83.43209 79.34214 77.60804 77.4448 78.37754 80.88818 83.73254 86.59001 87.80276 83.8279 62.09113 28.17284 20.08067 41.75215 54.26652 57.80116 57.44606 54.61315
50.97874 49.87151 48.86092 47.0695 44.31427 40.67927 37.16982 34.92801 34.18505 33.8885 33.08263 31.32269 28.93687 26.40351 25.27864 24.65506 23.94428 23.80734 24.16479 24.09469 25.53142 29.414 33.9548 40.50985 48.88421 59.40172 70.545 82.74178 94.12077 103.4516 112.3071 119.1474 124.3135 127.0944 128.0226 127.8341 126.2303 122.4694 117.2032 109.2806 100.8643 92.21599 84.64098 77.58939 71.1911 67.35517 65.82652 65.99462 67.19377 69.42438 71.96446 74.58295 73.67856 66.89527 53.96717 29.88937 20.87332 20.73004 48.61252 65.15821 73.81636 75.62639
40.6445 39.78974 38.83947 37.42487 34.83859 31.77221 29.36448 28.32878 28.543 29.60617 30.35427 30.30501 30.00885 29.43201 29.20291 28.93829 28.44142 28.73529 29.5796 30.26124 31.8512 36.6465 42.78148 50.2114 59.52406 70.00686 80.29754 90.45834 99.14156 106.1721 112.7946 117.2451 119.6457 120.4502 119.773 118.3486 114.9614 110.0957 103.623 95.69007 87.39941 79.91994 72.45562 65.65122 59.72987 55.89814 54.33937 54.92175 56.2514 58.02695 60.15732 61.21702 57.53984 51.57532 44.11312 32.95809 22.29753 17.3778 20.15562 56.28419 81.40409 95.61526
32.78527 31.78966 31.6354 30.88629 29.08208 26.56108 24.11285 23.59949 25.16351 27.11263 28.92177 31.19838 32.28931 32.80305 33.7066 34.22302 34.60909 35.49728 36.37462 37.67553 40.06711 46.1991 53.14802 61.3676 70.88639 79.91677 88.89626 97.17267 103.0535 108.2694 112.8515 115.3649 115.5254 113.6744 111.0201 107.9305 103.0761 97.46671 90.87447 83.96104 76.60022 69.11642 62.14843 55.47622 49.52644 45.81432 44.39059 44.59323 45.62833 47.27415 49.43943 47.22689 43.47713 39.17715 34.74047 30.34374 24.99432 20.18595 17.07093 16.76003 57.52879 97.20689
27.2226 26.41339 26.61059 26.79671 25.8526 23.94512 22.57726 22.69537 24.99316 27.73263 30.92466 34.22863 36.30899 37.81002 39.5236 40.9076 42.21506 43.36201 44.52594 45.33797 49.36594 55.89263 64.32582 73.1424 81.68869 89.02682 96.32414 101.8971 105.427 108.2649 110.3233 110.9293 109.681 106.583 102.8577 98.47156 93.3358 87.7935 82.08847 75.27695 67.98021 61.21681 54.43192 47.33257 40.93507 37.20733 35.78505 35.94714 37.00351 38.4952 37.12907 35.11264 32.45421 29.38286 26.98317 25.16631 24.44145 24.27821 23.90771 22.63433 19.74863 30.77169
22.85669 22.70135 23.33688 24.29648 24.09038 23.50033 23.25679 24.116 27.12519 31.23676 35.22028 38.983 42.05661 44.62273 46.82256 48.59324 50.27437 51.89759 52.97535 54.9793 60.73497 68.0659 76.5175 84.95471 91.97314 98.29221 103.2275 105.4754 106.6189 107.0263 106.5149 105.001 102.4956 98.73951 94.33875 89.41016 84.1288 79.33445 74.27639 68.2472 61.51415 54.88235 47.89125 39.60424 31.69106 29.29993 28.50329 28.81953 27.84453 26.42181 25.18396 24.48278 23.43937 21.78725 20.61802 20.05742 20.41172 21.81556 24.63124 28.75237 33.35859 36.46473
20.18224 20.52992 21.7494 23.06062 23.71276 24.12907 24.67472 26.5097 30.50327 35.52557 40.46795 44.78425 48.27338 51.36226 53.73405 55.80754 57.7318 59.89643 63.84852 68.31263 74.10842 81.32072 89.16158 95.40477 100.3013 105.1908 107.7271 107.747 106.8712 104.9723 101.8052 98.03552 93.88185 89.39223 84.82079 79.70716 74.65341 70.98093 67.09386 62.25978 56.03275 49.23359 39.2517 26.28742 14.60963 10.70223 21.97154 3.842098 10.99352 13.45583 14.82508 15.95259 15.95814 15.47705 15.16687 15.36285 16.16858 17.4422 20.13229 24.88428 30.64754 36.8106
20.06878 20.48296 21.90458 23.22244 24.41361 25.46795 26.62216 29.57902 34.06612 39.15674 44.49124 49.63074 54.12501 58.08835 61.66032 65.01155 67.87793 71.19144 75.15379 79.59996 85.13977 91.26725 97.17062 101.0434 104.0814 106.7466 107.675 106.5879 104.4486 101.0668 96.32661 91.24174 85.90733 80.64704 75.40728 70.01917 65.83815 62.91869 60.18724 56.37188 51.46399 44.85596 32.20209 18.82086 .8078354 45.03555 28.14999 24.93079 23.5811 6.131401 6.050856 8.907614 9.777967 10.12027 10.56077 11.21686 12.25951 13.59979 15.83341 20.27878 26.12022 32.63159
22.06447 22.92151 24.38811 25.5783 27.07938 28.42933 30.01594 33.56664 38.76457 44.58064 50.52617 56.09837 61.13221 65.36685 68.90107 72.13733 75.12373 78.08197 81.0615 84.44799 88.50874 92.89434 96.90217 99.34061 101.0282 102.4012 102.5486 101.3739 99.36528 95.69725 90.29502 84.41873 78.36432 72.15755 66.36673 61.02902 57.59386 55.41713 53.6032 51.23475 48.23518 42.03515 29.71553 16.62549 12.29782 52.29285 28.69565 21.16484 20.56106 23.29084 13.7315 4.815739 4.059853 5.455829 6.528021 7.730718 9.062345 10.60347 12.65832 16.10359 21.07999 27.05648
1.70141E+38 1.70141E+38 1.70141E+38 1.70141E+38 1.70141E+38 1.70141E+38 1.70141E+38 1.70141E+38 1.70141E+38 1.70141E+38 1.70141E+38 1.70141E+38 1.70141E+38 1.70141E+38 1.70141E+38 1.70141E+38 1.70141E+38 1.70141E+38 1.70141E+38 1.70141E+38 1.70141E+38 1.70141E+38 1.70141E+38 1.70141E+38 1.70141E+38 1.70141E+38 1.70141E+38 1.70141E+38 1.70141E+38 1.70141E+38 1.70141E+38 1.70141E+38 1.70141E+38 1.70141E+38 1.70141E+38 1.70141E+38 1.70141E+38 1.70141E+38 1.70141E+38 1.70141E+38 1.70141E+38 1.70141E+38 1.70141E+38 1.70141E+38 1.70141E+38 1.70141E+38 1.70141E+38 1.70141E+38 1.70141E+38 1.70141E+38 1.70141E+38 1.70141E+38 1.70141E+38 1.70141E+38 1.70141E+38 1.70141E+38 1.70141E+38 1.70141E+38 1.70141E+38 1.70141E+38 1.70141E+38 1.70141E+38
1.70141E+38 1.70141E+38 1.70141E+38 1.70141E+38 1.70141E+38 1.70141E+38 1.70141E+38 1.70141E+38 1.70141E+38 1.70141E+38 1.70141E+38 1.70141E+38 1.70141E+38 1.70141E+38 1.70141E+38 1.70141E+38 1.70141E+38 1.70141E+38 1.70141E+38 1.70141E+38 1.70141E+38 1.70141E+38 1.70141E+38 1.70141E+38 1.70141E+38 1.70141E+38 1.70141E+38 1.70141E+38 1.70141E+38 1.70141E+38 1.70141E+38 1.70141E+38 1.70141E+38 1.70141E+38 1.70141E+38 1.70141E+38 1.70141E+38 1.70141E+38 1.70141E+38 1.70141E+38 1.70141E+38 1.70141E+38 1.70141E+38 1.70141E+38 1.70141E+38 1.70141E+38 1.70141E+38 1.70141E+38 1.70141E+38 1.70141E+38 1.70141E+38 1.70141E+38 1.70141E+38 1.70141E+38 1.70141E+38 1.70141E+38 1.70141E+38 1.70141E+38 1.70141E+38 1.70141E+38 1.70141E+38 1.70141E+38
1.70141E+38 1.70141E+38 1.70141E+38 1.70141E+38 1.70141E+38 1.70141E+38 1.70141E+38 1.70141E+38 1.70141E+38 1.70141E+38 1.70141E+38 1.70141E+38 1.70141E+38 1.70141E+38 1.70141E+38 1.70141E+38 1.70141E+38 1.70141E+38 1.70141E+38 1.70141E+38 1.70141E+38 1.70141E+38 1.70141E+38 1.70141E+38 1.70141E+38 1.70141E+38 1.70141E+38 1.70141E+38 1.70141E+38 1.70141E+38 1.70141E+38 1.70141E+38 1.70141E+38 1.70141E+38 1.70141E+38 1.70141E+38 1.70141E+38 1.70141E+38 1.70141E+38 1.70141E+38 1.70141E+38 1.70141E+38 1.70141E+38 1.70141E+38 1.70141E+38 1.70141E+38 1.70141E+38 1.70141E+38 1.70141E+38 1.70141E+38 1.70141E+38 1.70141E+38 1.70141E+38 1.70141E+38 1.70141E+38 1.70141E+38 1.70141E+38 1.70141E+38 1.70141E+38 1.70141E+38 1.70141E+38 1.70141E+38
1.70141E+38 1.70141E+38 1.70141E+38 1.70141E+38 1.70141E+38 1.70141E+38 1.70141E+38 1.70141E+38 1.70141E+38 1.70141E+38 1.70141E+38 1.70141E+38 1.70141E+38 1.70141E+38 1.70141E+38 1.70141E+38 1.70141E+38 1.70141E+38 1.70141E+38 1.70141E+38 1.70141E+38 1.70141E+38 1.70141E+38 1.70141E+38 1.70141E+38 1.70141E+38 1.70141E+38 1.70141E+38 1.70141E+38 1.70141E+38 1.70141E+38 1.70141E+38 1.70141E+38 1.70141E+38 1.70141E+38 1.70141E+38 1.70141E+38 1.70141E+38 1.70141E+38 1.70141E+38 1.70141E+38 1.70141E+38 1.70141E+38 1.70141E+38 1.70141E+38 1.70141E+38 1.70141E+38 1.70141E+38 1.70141E+38 1.70141E+38 1.70141E+38 1.70141E+38 1.70141E+38 1.70141E+38 1.70141E+38 1.70141E+38 1.70141E+38 1.70141E+38 1.70141E+38 1.70141E+38 1.70141E+38 1.70141E+38
1.70141E+38 1.70141E+38 1.70141E+38 1.70141E+38 1.70141E+38 1.70141E+38 1.70141E+38 1.70141E+38 1.70141E+38 1.70141E+38 1.70141E+38 1.70141E+38 1.70141E+38 1.70141E+38 1.70141E+38 1.70141E+38 1.70141E+38 1.70141E+38 1.70141E+38 1.70141E+38 1.70141E+38 1.70141E+38 1.70141E+38 1.70141E+38 1.70141E+38 1.70141E+38 1.70141E+38 1.70141E+38 1.70141E+38 1.70141E+38 1.70141E+38 1.70141E+38 1.70141E+38 1.70141E+38 1.70141E+38 1.70141E+38 1.70141E+38 1.70141E+38 1.70141E+38 1.70141E+38 1.70141E+38 1.70141E+38 1.70141E+38 1.70141E+38 1.70141E+38 1.70141E+38 1.70141E+38 1.70141E+38 1.70141E+38 1.70141E+38 1.70141E+38 1.70141E+38 1.70141E+38 1.70141E+38 1.70141E+38 1.70141E+38 1.70141E+38 1.70141E+38 1.70141E+38 1.70141E+38 1.70141E+38 1.70141E+38
1.70141E+38 1.70141E+38 1.70141E+38 1.70141E+38 1.70141E+38 1.70141E+38 1.70141E+38 1.70141E+38 1.70141E+38 1.70141E+38 1.70141E+38 1.70141E+38 1.70141E+38 1.70141E+38 1.70141E+38 1.70141E+38 1.70141E+38 1.70141E+38 1.70141E+38 1.70141E+38 1.70141E+38 1.70141E+38 1.70141E+38 1.70141E+38 1.70141E+38 1.70141E+38 1.70141E+38 1.70141E+38 1.70141E+38 1.70141E+38 1.70141E+38 1.70141E+38 1.70141E+38 1.70141E+38 1.70141E+38 1.70141E+38 1.70141E+38 1.70141E+38 1.70141E+38 1.70141E+38 1.70141E+38 1.70141E+38 1.70141E+38 1.70141E+38 1.70141E+38 1.70141E+38 1.70141E+38 1.70141E+38 1.70141E+38 1.70141E+38 1.70141E+38 1.70141E+38 1.70141E+38 1.70141E+38 1.70141E+38 1.70141E+38 1.70141E+38 1.70141E+38 1.70141E+38 1.70141E+38 1.70141E+38 1.70141E+38
1.70141E+38 1.70141E+38 1.70141E+38 1.70141E+38 1.70141E+38 1.70141E+38 1.70141E+38 1.70141E+38 1.70141E+38 1.70141E+38 1.70141E+38 1.70141E+38 1.70141E+38 1.70141E+38 1.70141E+38 1.70141E+38 1.70141E+38 1.70141E+38 1.70141E+38 1.70141E+38 1.70141E+38 1.70141E+38 1.70141E+38 1.70141E+38 1.70141E+38 1.70141E+38 1.70141E+38 1.70141E+38 1.70141E+38 1.70141E+38 1.70141E+38 1.70141E+38 1.70141E+38 1.70141E+38 1.70141E+38 1.70141E+38 1.70141E+38 1.70141E+38 1.70141E+38 1.70141E+38 1.70141E+38 1.70141E+38 1.70141E+38 1.70141E+38 1.70141E+38 1.70141E+38 1.70141E+38 1.70141E+38 1.70141E+38 1.70141E+38 1.70141E+38 1.70141E+38 1.70141E+38 1.70141E+38 1.70141E+38 1.70141E+38 1.70141E+38 1.70141E+38 1.70141E+38 1.70141E+38 1.70141E+38 1.70141E+38
1.70141E+38 1.70141E+38 1.70141E+38 1.70141E+38 1.70141E+38 1.70141E+38 1.70141E+38 1.70141E+38 1.70141E+38 1.70141E+38 1.70141E+38 1.70141E+38 1.70141E+38 1.70141E+38 1.70141E+38 1.70141E+38 1.70141E+38 1.70141E+38 1.70141E+38 1.70141E+38 1.70141E+38 1.70141E+38 1.70141E+38 1.70141E+38 1.70141E+38 1.70141E+38 1.70141E+38 1.70141E+38 1.70141E+38 1.70141E+38 1.70141E+38 1.70141E+38 1.70141E+38 1.70141E+38 1.70141E+38 1.70141E+38 1.70141E+38 1.70141E+38 1.70141E+38 1.70141E+38 1.70141E+38 1.70141E+38 1.70141E+38 1.70141E+38 1.70141E+38 1.70141E+38 1.70141E+38 1.70141E+38 1.70141E+38 1.70141E+38 1.70141E+38 1.70141E+38 1.70141E+38 1.70141E+38 1.70141E+38 1.70141E+38 1.70141E+38 1.70141E+38 1.70141E+38 1.70141E+38 1.70141E+38 1.70141E+38
