py_wake/examples/data/AJ_ParqueFicticio/Ridge area   Sector 10   Height 30m   Orographic turn.grd
DSAA
90  129
 262878   265103
 6504214   6507414
-179.8749   179.8213
[rows 54 to 80 of 129, columns 0 to 59 of 90]
4.396902 3.67261 2.918408 2.162692 1.541401 .8964451 -.09490732 -1.551744 -3.492755 -5.36667 -6.246573 -6.541194 -7.102493 -8.348716 -9.964491 -11.56169 -12.56731 -12.56923 -12.14352 -11.28269 -9.824534 -8.31323 -6.893521 -5.654649 -4.739838 -4.298759 -4.101447 -3.835925 -3.699198 -3.702241 -3.512176 -3.364058 -3.20874 -2.849956 -2.46574 -2.05516 -1.607941 -1.135339 -.5817987 .03910087 .5979546 .9913346 1.255003 1.428472 1.352483 1.371947 1.259885 .9589972 .5743279 .1216586 -.3114025 -.7879679 -1.401153 -2.388656 -4.364384 -7.251341 -9.734831 -10.7475 -10.28736 -8.894209
4.520527 3.870677 3.151668 2.401035 1.819044 1.298812 .5797451 -.5017877 -1.960321 -3.367181 -4.106446 -4.351928 -5.042428 -6.476477 -8.254035 -10.05711 -11.45554 -12.2378 -12.37736 -11.77427 -10.54248 -9.079542 -7.619151 -6.277431 -5.153214 -4.504541 -4.123949 -3.856615 -3.651927 -3.527239 -3.405562 -3.251778 -3.161194 -3.017824 -2.843828 -2.634238 -2.266457 -1.856172 -1.35922 -.7978929 -.2714587 .1563968 .4829271 .658917 .7426723 .8660212 .8669996 .6356489 .2998629 -.1833109 -.7351671 -1.303027 -1.994899 -3.00217 -4.647876 -6.830293 -8.446136 -8.901443 -8.468431 -7.502465
4.500811 3.902288 3.215653 2.49327 1.943861 1.445186 .8893787 .09691713 -.9394028 -1.965374 -2.496507 -2.676495 -3.144403 -4.553954 -6.318163 -8.206581 -9.789154 -10.97635 -11.6982 -11.64131 -10.63197 -9.309762 -8.000929 -6.604525 -5.342571 -4.533477 -4.042845 -3.722473 -3.482423 -3.306787 -3.133666 -2.986718 -2.884644 -2.854939 -2.829642 -2.753437 -2.57046 -2.275616 -1.912214 -1.443245 -.9548371 -.5404598 -.2153497 -.03587563 .2366536 .3911066 .4471317 .264232 -.0410366 -.4928307 -1.118342 -1.784497 -2.514361 -3.459338 -4.834768 -6.50984 -7.580739 -7.766768 -7.357992 -6.653326
4.331083 3.827264 3.19209 2.524809 1.962747 1.441609 .9747879 .415073 -.2388742 -.9229308 -1.37922 -1.551152 -1.795785 -2.760063 -4.231412 -5.982463 -7.770233 -9.225567 -10.41481 -10.76798 -10.0307 -8.925191 -7.872808 -6.660654 -5.449698 -4.564565 -4.016304 -3.628516 -3.371395 -3.115327 -2.885628 -2.723737 -2.657154 -2.661836 -2.638025 -2.619776 -2.554268 -2.408756 -2.205858 -1.901003 -1.478547 -1.076852 -.7797313 -.514313 -.1651113 .009795867 .08947627 -.03995965 -.3151532 -.747709 -1.338499 -2.053373 -2.81624 -3.676269 -4.722357 -5.900479 -6.668885 -6.731391 -6.340161 -5.69663
4.136271 3.721088 3.167895 2.550827 1.949897 1.402219 .9458435 .4866999 .02798221 -.4030337 -.6575192 -.803953 -.9986413 -1.598683 -2.609003 -3.87489 -5.35194 -6.770267 -8.24319 -8.936127 -8.636789 -8.008058 -7.286743 -6.383587 -5.450354 -4.66388 -4.123556 -3.745071 -3.417675 -3.09551 -2.816254 -2.607763 -2.547917 -2.552435 -2.533492 -2.51852 -2.474789 -2.374923 -2.247765 -2.064288 -1.736084 -1.401627 -1.06857 -.7209266 -.3553228 -.1911575 -.1053989 -.1748576 -.3940772 -.8095809 -1.320517 -1.978718 -2.72085 -3.461599 -4.229024 -4.970785 -5.483118 -5.528356 -5.154606 -4.606103
3.864245 3.563556 3.099023 2.527055 1.918493 1.373591 .9105757 .4997842 .14244 -.1576909 -.3014283 -.377796 -.5203586 -.8675864 -1.520062 -2.379984 -3.454871 -4.688962 -5.910017 -6.721371 -6.862364 -6.820988 -6.45054 -5.807453 -5.182086 -4.629208 -4.19996 -3.837223 -3.533872 -3.205884 -2.874623 -2.614294 -2.518283 -2.494996 -2.463311 -2.430809 -2.381849 -2.267056 -2.152559 -1.967169 -1.705436 -1.439878 -1.078051 -.7112129 -.3463787 -.2156158 -.1189959 -.08436665 -.2139034 -.5885804 -1.050695 -1.584581 -2.213519 -2.867384 -3.462704 -3.965328 -4.251463 -4.264719 -4.036074 -3.605514
3.523743 3.304926 2.93683 2.431681 1.86915 1.357442 .887946 .4833719 .1645498 -.07334565 -.1692872 -.1773999 -.2124547 -.3697507 -.7398799 -1.256169 -1.952218 -2.838262 -3.808131 -4.694437 -5.051598 -5.265359 -5.304625 -4.983312 -4.642608 -4.376421 -4.102431 -3.839437 -3.581611 -3.316231 -3.029732 -2.749131 -2.588774 -2.503438 -2.459393 -2.38871 -2.284239 -2.174573 -2.01928 -1.823182 -1.576272 -1.321083 -.9726704 -.6348003 -.3087458 -.1855759 -.04126448 .1191883 .1333535 -.1131999 -.547448 -1.02312 -1.51888 -2.046598 -2.529694 -2.909265 -3.119637 -3.135619 -3.005332 -2.694786
3.115566 2.988406 2.723826 2.289391 1.803308 1.337859 .8891845 .5000331 .1992628 -.006231131 -.09100121 -.08193309 -.05445384 -.05938974 -.2289474 -.5512847 -.9781244 -1.549448 -2.229291 -2.944461 -3.485644 -3.869334 -4.157088 -4.162198 -4.093105 -4.06616 -3.994368 -3.847911 -3.639469 -3.468567 -3.24496 -3.025218 -2.812903 -2.678617 -2.59736 -2.469044 -2.325945 -2.161913 -1.94757 -1.703443 -1.431805 -1.134369 -.8138128 -.5158197 -.2784632 -.1298176 .05822955 .2944936 .4380165 .4108052 .07788409 -.3757161 -.8090985 -1.199285 -1.563124 -1.863611 -2.040172 -2.069487 -1.985307 -1.724036
2.65758 2.63824 2.44385 2.057564 1.686871 1.302293 .91167 .5532596 .2619514 .05811294 -.03893897 -.0161432 .06804381 .1531876 .1054552 -.1410774 -.4405304 -.8171165 -1.23947 -1.770463 -2.378464 -2.826253 -3.199792 -3.399603 -3.621624 -3.762093 -3.810244 -3.800197 -3.739704 -3.612238 -3.4743 -3.310938 -3.109357 -2.941916 -2.805659 -2.633421 -2.427014 -2.182029 -1.89799 -1.58248 -1.258915 -.9079425 -.5868121 -.2811011 -.127583 .06284808 .2661695 .4898239 .6710054 .7744086 .6434783 .2566224 -.1471942 -.4394752 -.6635507 -.851924 -.9427958 -.9195995 -.7873965 -.4105843
2.121862 2.179539 2.042443 1.769558 1.535172 1.260514 .9493158 .6374378 .3658551 .1710933 .06356232 .06184955 .1652468 .2726482 .2776791 .07437292 -.1735685 -.4430034 -.7512582 -1.213758 -1.772316 -2.256635 -2.586429 -2.876893 -3.209475 -3.451977 -3.598647 -3.700734 -3.723367 -3.687283 -3.605671 -3.494767 -3.331204 -3.148999 -2.959543 -2.763244 -2.51518 -2.19362 -1.826763 -1.435512 -1.043684 -.6601984 -.3209142 .006773304 .2245798 .4324717 .5913268 .7413282 .8824689 .9926271 1.007395 .7702395 .4305473 .2232198 .1258493 .09280787 .1257839 .2994127 .6559121 1.525141
1.500519 1.61686 1.62346 1.549639 1.432931 1.240738 .9798861 .6975368 .4503853 .2742147 .167824 .1441184 .2210613 .3112608 .3306052 .2094067 -.008452617 -.2709004 -.573436 -.977611 -1.463654 -1.929276 -2.305806 -2.612824 -2.913089 -3.204242 -3.430455 -3.582094 -3.664119 -3.695048 -3.65256 -3.580968 -3.447861 -3.25343 -3.028736 -2.810839 -2.529312 -2.149283 -1.719203 -1.264185 -.7996178 -.3884138 -.03585245 .2918577 .6324108 .8811855 .9706855 1.015876 1.074329 1.133852 1.181882 1.098815 .8812215 .7719278 .7861291 .9246402 1.114902 1.534809 2.328073 4.049757
.806647 .982724 1.183375 1.322022 1.301952 1.180518 .9759064 .7336739 .5190112 .3655683 .2635719 .221505 .2559837 .3152377 .3419299 .2625105 .05512656 -.2274266 -.5539089 -.9004375 -1.303881 -1.745671 -2.156194 -2.481242 -2.748719 -3.027358 -3.28314 -3.468757 -3.589191 -3.641505 -3.629065 -3.580779 -3.470999 -3.268886 -3.012591 -2.76797 -2.463981 -2.04768 -1.562863 -1.062252 -.5468267 -.08500751 .2640388 .5877937 .9475066 1.273846 1.324101 1.272804 1.236017 1.227943 1.238013 1.251238 1.177479 1.191254 1.316638 1.601748 1.996101 2.749543 4.13411 6.864078
.06160411 .2900124 .6202426 .9675344 1.079791 1.049083 .9263546 .7599041 .6017036 .4826782 .3923666 .3359708 .3125804 .3143011 .3163025 .2477953 .03830439 -.2505232 -.5734466 -.879718 -1.244763 -1.658491 -2.068982 -2.408695 -2.669071 -2.924025 -3.159742 -3.34911 -3.46266 -3.509818 -3.496233 -3.459186 -3.35828 -3.146142 -2.859314 -2.581237 -2.255549 -1.831109 -1.336088 -.8163167 -.2971244 .2003589 .5464407 .8433602 1.122289 1.461928 1.538138 1.449738 1.330669 1.260391 1.230007 1.273887 1.321841 1.466316 1.701244 2.088238 2.704607 3.80805 5.77067 9.504913
-.6733946 -.4006511 -.05657254 .4120628 .7324025 .8644331 .8694423 .8158009 .7426684 .6682619 .5890452 .5032744 .3959962 .2954099 .207172 .163752 -.02568419 -.3022789 -.6113383 -.9010103 -1.235653 -1.630965 -2.026539 -2.356392 -2.628582 -2.884902 -3.110536 -3.254442 -3.342753 -3.368967 -3.303283 -3.22622 -3.12602 -2.917014 -2.591258 -2.249002 -1.893934 -1.487975 -1.033152 -.5354091 -.06228688 .3882569 .7473993 .9767902 1.167442 1.401439 1.557765 1.500612 1.329108 1.209733 1.158106 1.204889 1.342722 1.588255 1.91165 2.347331 3.151865 4.505137 6.853179 11.55443
-1.33312 -1.028672 -.6826162 -.2417896 .2130297 .5489808 .7805674 .9214513 .9872025 .9439921 .8441653 .6901533 .4674091 .2242741 .02237236 -.04330469 -.1473212 -.376586 -.6847541 -.9960654 -1.270182 -1.63083 -2.020067 -2.346163 -2.587557 -2.833913 -3.06049 -3.16298 -3.208408 -3.210696 -3.103504 -2.919132 -2.773116 -2.580791 -2.271828 -1.853559 -1.451314 -1.066437 -.6796129 -.2621633 .129281 .4870535 .8140319 .9913784 1.056549 1.175538 1.345341 1.372497 1.208025 1.052616 .9964573 1.047247 1.249129 1.558767 1.942486 2.381245 3.347866 4.858633 7.436918 13.14241
-1.862242 -1.529664 -1.152267 -.7236241 -.2350105 .246495 .709316 1.075378 1.266427 1.249619 1.10891 .8679225 .5144905 .1380852 -.1705736 -.3335768 -.3896307 -.5273843 -.8036221 -1.126358 -1.369228 -1.658224 -2.01427 -2.331725 -2.544144 -2.730365 -2.91603 -3.00795 -3.03312 -2.980112 -2.846915 -2.591218 -2.345595 -2.133763 -1.865195 -1.439959 -1.003578 -.6246164 -.3024471 -.0122639 .253273 .499312 .7111905 .8639758 .8146175 .8040411 .9076834 .9886063 .9146352 .7555104 .7127057 .7859098 1.03956 1.383748 1.792644 2.226422 3.308695 4.937563 7.763104 14.84663
-2.216813 -1.814206 -1.366111 -.8842832 -.3803847 .1757515 .7544407 1.246457 1.487763 1.493827 1.313826 .9987931 .5518612 .07872428 -.3448793 -.6242079 -.7002759 -.8078079 -1.014372 -1.268373 -1.515735 -1.748562 -2.028086 -2.289049 -2.480735 -2.60403 -2.687902 -2.736472 -2.739101 -2.636408 -2.451182 -2.150725 -1.814283 -1.539996 -1.283396 -.9356139 -.5535313 -.2421277 .01525557 .1929531 .2774013 .3707669 .4251558 .5029943 .4151384 .2583168 .2531765 .3501226 .3886423 .3050539 .3013614 .4295807 .7383617 1.100096 1.490839 1.944511 3.108071 4.814761 7.64807 15.36774
-2.407938 -1.926166 -1.352298 -.7601047 -.2056913 .3687795 .9622211 1.465959 1.721161 1.716089 1.487009 1.120106 .605903 .02476414 -.4923309 -.8457476 -1.0025 -1.135187 -1.307358 -1.485198 -1.698259 -1.890661 -2.088456 -2.268158 -2.372902 -2.426172 -2.41513 -2.389986 -2.318543 -2.161468 -1.916975 -1.569591 -1.173594 -.8499296 -.5863196 -.3097441 -.07486536 .06954012 .1759604 .2345764 .1534539 .03606478 -.05426074 -.1612187 -.1930991 -.4828011 -.5805849 -.5263334 -.4049924 -.3323461 -.2387362 -.004432245 .3795824 .754657 1.11625 1.657953 2.888534 4.390482 6.234102 10.98337
-2.439737 -1.91153 -1.228163 -.4839431 .1927985 .7940379 1.362078 1.815866 2.034959 1.972163 1.675248 1.248366 .6459869 -.00603863 -.5964435 -1.001267 -1.23491 -1.41326 -1.582567 -1.74541 -1.923565 -2.070747 -2.168113 -2.263237 -2.275035 -2.231064 -2.13109 -2.024722 -1.875122 -1.65405 -1.3537 -.951977 -.5113592 -.1719473 .1007164 .3082171 .3858145 .3540491 .201399 .01005024 -.2109454 -.5066941 -.7465105 -1.012981 -1.033319 -1.375236 -1.512554 -1.492125 -1.302978 -1.045547 -.7816849 -.4105336 .03479585 .4158765 .792618 1.468472 2.595249 3.417151 3.377295 1.520249
-2.326955 -1.712552 -.9777848 -.07418178 .7366064 1.360002 1.878704 2.277274 2.422573 2.271147 1.883183 1.382695 .7104601 .004410081 -.646546 -1.106648 -1.392821 -1.604455 -1.768926 -1.94553 -2.139055 -2.258896 -2.250733 -2.243197 -2.185287 -2.082534 -1.916352 -1.723869 -1.502827 -1.213056 -.8851352 -.4281485 .0566882 .4003125 .6442521 .7249864 .6798804 .490543 .08506478 -.3811734 -.803679 -1.211014 -1.587578 -1.939341 -2.029372 -2.311959 -2.426606 -2.379145 -2.138842 -1.730338 -1.291661 -.8185299 -.3434353 .05096634 .5060713 1.278884 2.068608 1.862474 -.300316 -8.918415
-1.991273 -1.308328 -.5264229 .4221374 1.264646 1.892335 2.393527 2.753452 2.793546 2.529796 2.070049 1.501671 .7952557 .08038204 -.6136006 -1.1504 -1.503901 -1.702829 -1.867229 -2.056929 -2.234488 -2.348858 -2.314477 -2.216271 -2.085242 -1.975274 -1.802736 -1.577378 -1.28093 -.9491956 -.598914 -.1262584 .3789204 .7399935 .9096563 .8625963 .6900131 .3010393 -.2665095 -.9181595 -1.523811 -2.047941 -2.526676 -2.895538 -3.032759 -3.19749 -3.247075 -3.141089 -2.849792 -2.350672 -1.80772 -1.273131 -.7682774 -.2953553 .3102942 1.085415 1.378026 .07894637 -3.803971 -15.38683
-1.423962 -.7442996 .05756784 .9417408 1.739889 2.36858 2.88246 3.202889 3.077996 2.711921 2.199625 1.592921 .8949831 .1658832 -.5617629 -1.161107 -1.595787 -1.819545 -1.992226 -2.173254 -2.272275 -2.306569 -2.273207 -2.175238 -1.995951 -1.853112 -1.690503 -1.494716 -1.208877 -.8989303 -.5460286 -.1211252 .3545121 .6971161 .7970085 .6504546 .3430923 -.1887922 -.8402955 -1.62221 -2.359916 -2.988341 -3.526171 -3.860717 -4.011758 -4.027285 -3.992169 -3.82119 -3.477648 -2.940052 -2.357955 -1.786515 -1.213498 -.5449924 .2385277 .9214499 .6625669 -1.662748 -6.662862 -18.04725
-.7282469 -.04090441 .7223404 1.504539 2.230822 2.815837 3.261236 3.384986 3.129105 2.769331 2.282138 1.683629 .9833806 .184156 -.5700112 -1.176759 -1.690811 -2.04366 -2.229442 -2.316118 -2.286844 -2.201059 -2.114984 -2.045468 -1.941796 -1.769295 -1.569399 -1.382542 -1.210111 -1.017172 -.7122173 -.3878356 -.07114205 .201415 .2629746 .08387486 -.2741827 -.8485367 -1.575855 -2.470778 -3.265429 -3.954195 -4.503788 -4.790455 -4.967564 -4.808057 -4.688364 -4.455982 -4.065303 -3.528214 -2.95491 -2.356107 -1.618837 -.6658126 .3099881 .8597735 -.09605392 -3.474172 -9.257609 -19.69518
-.04660909 .653405 1.403736 2.0937 2.690665 3.141265 3.406129 3.316173 3.02159 2.695302 2.268777 1.678177 .9417012 .1133907 -.6140216 -1.213756 -1.780521 -2.19923 -2.404947 -2.409167 -2.277238 -2.112167 -1.973019 -1.898002 -1.861213 -1.720178 -1.521523 -1.369123 -1.292212 -1.232003 -1.031528 -.8282587 -.680939 -.4940259 -.4926398 -.6907494 -1.074572 -1.65514 -2.464877 -3.39296 -4.177787 -4.86073 -5.352656 -5.610834 -5.823011 -5.518428 -5.326261 -5.047598 -4.627301 -4.138529 -3.61938 -2.952416 -1.95074 -.6513121 .5709522 .8381349 -1.195694 -5.789031 -12.37831 -21.93115
.5673009 1.236353 1.94515 2.477615 2.827228 3.062612 3.177899 2.98915 2.722621 2.43744 2.022271 1.383375 .7120841 -.04993666 -.7421665 -1.330711 -1.832394 -2.176601 -2.373569 -2.402 -2.271482 -2.083637 -1.903297 -1.793898 -1.73709 -1.638479 -1.500968 -1.420131 -1.441805 -1.463905 -1.391445 -1.34501 -1.2931 -1.220589 -1.321725 -1.591756 -2.021355 -2.619543 -3.451962 -4.304441 -5.062459 -5.649158 -6.050292 -6.293831 -6.453375 -6.112768 -5.875922 -5.576604 -5.169072 -4.806078 -4.336646 -3.537238 -2.195001 -.4580564 .9120571 .4269687 -3.051479 -8.796347 -15.8058 -24.13583
1.135628 1.687361 2.168179 2.406051 2.559598 2.634751 2.573466 2.344725 2.128203 1.852438 1.466851 .9299125 .3595596 -.3857349 -1.008982 -1.477962 -1.848257 -2.067532 -2.209571 -2.266507 -2.18619 -2.029247 -1.846891 -1.690811 -1.561305 -1.470799 -1.420319 -1.430913 -1.524394 -1.642614 -1.738894 -1.854077 -1.934072 -2.028912 -2.247489 -2.594909 -3.071516 -3.675514 -4.4373 -5.181363 -5.852114 -6.301734 -6.660001 -6.897684 -6.870512 -6.566156 -6.313258 -6.010625 -5.691839 -5.485943 -5.05646 -4.102152 -2.28513 -.1046282 .9688517 -.8535603 -5.889864 -12.4923 -19.1561 -25.63191
1.575443 1.922216 2.050884 2.050047 2.046486 1.925386 1.674571 1.426018 1.221799 1.013033 .7619464 .3381408 -.1693204 -.8019037 -1.296788 -1.602306 -1.809822 -1.901887 -1.950015 -2.044692 -2.027894 -1.908445 -1.710911 -1.495688 -1.312181 -1.228208 -1.243257 -1.32131 -1.494506 -1.749231 -2.030818 -2.306164 -2.588973 -2.887825 -3.234813 -3.659062 -4.16848 -4.761167 -5.403469 -6.050343 -6.544847 -6.850297 -7.174747 -7.35201 -7.182745 -6.903216 -6.643034 -6.33975 -6.195933 -6.076809 -5.707841 -4.630379 -2.414984 -.01387412 .3322587 -3.063416 -9.310936 -16.17768 -22.2328 -26.70548
