py_wake/examples/data/AJ_ParqueFicticio/Ridge area   Sector 10   Height 30m   Flow inclination.grd
DSAA
90  129
 262878   265103
 6504214   6507414
-21.86246   24.38721
[rows 54 to 80 of 129, columns 0 to 60 of 90]
5.662779 4.229033 3.10826 2.270476 1.982985 2.029004 2.368375 3.000508 4.243288 6.451062 8.212676 8.750577 8.761688 9.180413 9.965894 10.76751 11.1817 10.98108 11.00372 11.40339 11.8383 12.33516 12.79242 13.16784 13.33172 13.60976 14.0465 14.32673 14.69864 15.27912 15.6529 15.89705 15.98983 15.90646 15.91079 16.03588 16.06101 15.9876 15.79654 15.3302 14.4532 13.09944 11.35997 9.58424 7.231302 4.613035 2.138344 .101454 -1.400609 -2.303943 -2.683043 -2.869663 -2.994035 -2.863025 -1.330975 -.5030704 -1.315009 -2.172115 -3.334741 -4.76217 -5.260197
6.443104 5.010827 3.823745 2.900345 2.48302 2.546281 2.926614 3.510508 4.397751 5.619462 6.77215 7.523805 7.881924 8.394805 9.168903 10.09565 10.90948 11.39779 11.77994 12.27061 12.80835 13.29392 13.81101 14.27514 14.47281 14.67422 14.90344 15.10376 15.39176 15.73939 15.97852 16.03734 15.92946 15.85106 15.90247 16.0381 16.02252 15.89679 15.76178 15.41129 14.60424 13.26581 11.58174 9.806832 7.296696 4.933853 2.594007 .5786208 -.9036272 -1.930547 -2.422396 -2.640782 -2.799772 -2.885754 -2.684592 -2.214648 -2.35489 -2.990879 -3.87177 -4.676786 -4.855186
7.235584 5.784399 4.52922 3.474009 2.978086 3.036242 3.462704 4.089904 4.895352 5.824274 6.774839 7.52418 7.828397 8.184816 8.749987 9.478198 10.29116 11.08031 11.88989 12.84153 13.64036 14.24056 14.89153 15.41422 15.62985 15.71438 15.79682 15.86684 16.06246 16.25424 16.32969 16.22855 16.02134 15.91961 15.90873 15.88654 15.81551 15.67089 15.58472 15.30576 14.50452 13.19289 11.57751 9.674676 7.302847 5.131375 2.932388 .9213708 -.5594752 -1.620227 -2.274908 -2.575236 -2.753167 -2.934995 -3.090615 -3.264959 -3.666856 -4.170498 -4.599391 -4.83898 -4.807554
7.943924 6.481812 5.133866 3.986244 3.44125 3.393131 3.829152 4.464905 5.262009 6.08119 6.970967 7.610975 7.93104 8.036474 8.377411 8.922971 9.698459 10.61152 11.63913 12.91604 13.98606 14.77955 15.58457 16.21022 16.46799 16.49052 16.47935 16.48068 16.61596 16.65498 16.59248 16.39652 16.15305 15.96255 15.7972 15.63225 15.44359 15.30463 15.20022 14.90592 14.0773 12.81832 11.21376 9.26034 7.215627 5.172988 3.101195 1.122046 -.3849248 -1.515164 -2.277658 -2.722473 -2.956883 -3.173301 -3.446765 -3.787026 -4.224896 -4.644932 -4.929664 -5.020443 -4.950151
8.603051 7.119878 5.687358 4.442497 3.794414 3.645535 4.017928 4.604659 5.371849 6.19055 7.019565 7.602844 7.974047 8.007231 8.226053 8.603219 9.17577 9.966815 11.01797 12.36895 13.55083 14.55164 15.54109 16.27598 16.62341 16.67454 16.65322 16.66886 16.73234 16.72734 16.61007 16.34834 16.02548 15.7128 15.46625 15.17746 14.92755 14.73228 14.50301 14.07882 13.29359 12.12246 10.51501 8.785419 7.032204 5.095206 3.142825 1.214532 -.3091852 -1.557257 -2.401673 -2.98557 -3.334503 -3.567158 -3.836672 -4.140305 -4.509423 -4.848372 -5.064669 -5.146914 -5.125164
9.1901 7.747034 6.278078 4.962158 4.141114 3.872611 4.121349 4.626322 5.323298 6.081042 6.875566 7.458555 7.809874 7.935809 8.253057 8.608482 9.10342 9.796286 10.71784 11.88421 13.02425 14.04957 15.07393 15.82399 16.18165 16.32834 16.34824 16.40811 16.48325 16.49427 16.39173 16.13012 15.71771 15.33503 15.02202 14.65869 14.33498 14.08506 13.72094 13.1861 12.44849 11.2792 9.851869 8.414746 6.893019 5.007583 3.15234 1.335618 -.1858532 -1.556923 -2.509786 -3.169816 -3.635523 -3.963269 -4.230144 -4.487521 -4.739455 -4.994092 -5.213907 -5.338366 -5.38906
9.686997 8.318183 6.865058 5.500965 4.529332 4.163863 4.259427 4.652696 5.255104 5.952116 6.715556 7.310308 7.67494 7.858919 8.122372 8.522784 9.061401 9.710983 10.54489 11.59851 12.64295 13.57884 14.54448 15.25791 15.60396 15.79293 15.86741 16.00848 16.09455 16.14508 16.08156 15.83539 15.34084 14.93151 14.58004 14.15209 13.82137 13.51072 13.0331 12.49423 11.74016 10.56604 9.394113 8.157621 6.788274 4.879923 3.130811 1.530971 .09239049 -1.388682 -2.485661 -3.254272 -3.780297 -4.2079 -4.531188 -4.794877 -5.005061 -5.190373 -5.42094 -5.654952 -5.831629
10.08381 8.789427 7.391054 5.988018 4.938588 4.456613 4.396973 4.647789 5.138315 5.776522 6.52064 7.163399 7.590162 7.850351 8.090799 8.424459 8.881622 9.52841 10.38781 11.39336 12.31029 13.17275 14.02916 14.67266 14.99203 15.15291 15.2826 15.46706 15.58085 15.63456 15.58996 15.34909 14.86609 14.49968 14.08639 13.6684 13.37136 12.98485 12.50127 11.97076 11.18332 10.08431 9.088529 7.945169 6.626326 4.67079 3.055916 1.66471 .3813406 -1.006141 -2.284914 -3.208028 -3.836072 -4.321296 -4.719849 -5.024468 -5.264435 -5.467323 -5.714172 -6.061497 -6.474859
10.41868 9.236927 7.89351 6.469826 5.395743 4.795651 4.587035 4.705948 5.098964 5.670841 6.360022 7.017798 7.506917 7.907229 8.183634 8.480645 8.900681 9.449008 10.17122 10.98502 11.84256 12.70011 13.4552 14.02673 14.27375 14.39724 14.54375 14.77788 14.93842 14.97168 14.95523 14.70358 14.33494 13.99623 13.55234 13.19784 12.90397 12.50699 12.07819 11.56711 10.78865 9.81688 8.901484 7.812456 6.405063 4.510616 3.030427 1.795617 .6606605 -.5280733 -1.833109 -2.961368 -3.762532 -4.316226 -4.752186 -5.125083 -5.392524 -5.623185 -5.948449 -6.442992 -7.135962
10.77728 9.706157 8.34342 6.869632 5.797411 5.130325 4.814173 4.805674 5.07427 5.549278 6.172678 6.861117 7.488918 8.026824 8.381678 8.582825 8.951848 9.444214 10.10085 10.73059 11.3662 12.05734 12.75718 13.34748 13.47023 13.5811 13.81571 14.0827 14.20434 14.27322 14.24696 14.0115 13.74053 13.42034 13.00652 12.70655 12.43266 12.08875 11.7333 11.276 10.55675 9.697412 8.838994 7.817576 6.308435 4.522974 3.125284 1.980661 .9506739 -.08394029 -1.254524 -2.540007 -3.551636 -4.187395 -4.629793 -5.042603 -5.350398 -5.603757 -5.97527 -6.639015 -7.524511
11.10844 10.12219 8.722717 7.193143 6.097456 5.366347 4.961107 4.858402 5.046906 5.469442 6.0646 6.763999 7.497475 8.146662 8.57641 8.75165 9.071337 9.539021 10.14697 10.56142 10.95931 11.50969 12.1623 12.65363 12.7095 12.86987 13.16431 13.37738 13.48818 13.57675 13.53284 13.32175 13.10634 12.81732 12.46538 12.1971 11.95562 11.70176 11.45836 11.10655 10.47947 9.695804 8.904097 7.955114 6.520738 4.778 3.376494 2.241678 1.255682 .2957126 -.7293546 -2.035927 -3.235303 -3.965519 -4.408325 -4.785305 -5.165563 -5.429734 -5.8624 -6.553528 -7.205872
11.36241 10.44588 9.099955 7.559473 6.432811 5.649146 5.140671 4.917636 5.014013 5.390451 5.961577 6.669924 7.503274 8.273469 8.795774 9.006788 9.280469 9.682558 10.18421 10.48208 10.75139 11.17424 11.69998 12.04738 12.1429 12.30685 12.56565 12.71662 12.82494 12.90535 12.85273 12.65954 12.46826 12.23321 11.95211 11.70308 11.50705 11.38384 11.29814 11.07376 10.57707 9.85795 9.123674 8.230734 7.015768 5.309648 3.816561 2.603021 1.591406 .6445755 -.3090957 -1.576512 -2.870428 -3.686866 -4.130029 -4.41335 -4.881496 -5.146636 -5.612623 -6.176058 -6.092973
11.46153 10.581 9.436588 7.954368 6.772249 5.923212 5.303601 4.948171 4.945525 5.281127 5.8497 6.593895 7.533801 8.438366 9.094501 9.311493 9.53288 9.84771 10.25054 10.5093 10.69505 10.98599 11.36099 11.62489 11.72935 11.85533 12.04112 12.13853 12.22903 12.30773 12.25409 12.05827 11.87493 11.71462 11.51479 11.28203 11.14042 11.17728 11.28504 11.18696 10.86993 10.27138 9.53081 8.680555 7.620082 6.099594 4.457805 3.087491 1.981045 .9897715 .02898896 -1.195842 -2.532706 -3.37235 -3.788296 -3.957835 -4.46771 -4.730934 -5.129254 -5.222564 -4.072567
11.36407 10.51403 9.520717 8.287536 7.104822 6.184629 5.459024 4.990784 4.888069 5.199617 5.786413 6.579439 7.615514 8.633335 9.423027 9.665908 9.793004 10.02963 10.37543 10.62699 10.71097 10.89625 11.15654 11.35374 11.39702 11.47848 11.61214 11.64765 11.73268 11.82743 11.76892 11.53123 11.35029 11.27293 11.17389 10.97652 10.91714 11.10452 11.36797 11.46367 11.3164 10.88623 10.15801 9.296949 8.283055 6.942038 5.259301 3.694729 2.426196 1.344734 .3364213 -.8741487 -2.210253 -3.018891 -3.379647 -3.430052 -3.921352 -4.149254 -4.282456 -3.218284 -2.121508
11.11945 10.28506 9.323529 8.242912 7.228892 6.347387 5.554926 4.992724 4.829876 5.148274 5.782776 6.636116 7.746174 8.82975 9.677048 10.07892 10.11679 10.25469 10.53833 10.7844 10.79358 10.86107 11.02198 11.153 11.12835 11.15728 11.22837 11.24794 11.35279 11.45166 11.41521 11.16589 10.96556 10.94604 10.96364 10.8543 10.89149 11.17337 11.5998 11.91614 11.90127 11.61727 10.99038 10.02214 8.962332 7.706785 6.130861 4.417402 2.922956 1.710787 .6314629 -.5847924 -1.895539 -2.658216 -2.946978 -2.909895 -3.356844 -3.475632 -2.79886 -.8585312 -2.288345
10.80257 9.981208 8.988418 7.896092 6.983363 6.195482 5.46029 4.923565 4.831174 5.167474 5.833929 6.70502 7.850173 8.95204 9.845748 10.36963 10.4847 10.57527 10.74394 10.90615 10.93747 10.89564 10.94189 11.01007 10.97873 10.9263 10.89292 10.93732 11.07674 11.15283 11.16299 10.98257 10.7606 10.73922 10.83435 10.91263 11.05468 11.45423 12.03318 12.53442 12.64935 12.45604 11.96949 10.9141 9.646297 8.382236 6.926619 5.184656 3.461053 2.068378 .9058893 -.3345092 -1.610868 -2.335512 -2.56091 -2.547182 -2.954232 -2.881796 -.3304678 .2906217 -9.767965
10.42026 9.62794 8.608288 7.496817 6.603491 5.88552 5.313945 4.916924 4.945231 5.306907 5.980424 6.82608 7.934175 9.023563 9.935764 10.51214 10.73259 10.89985 11.01027 11.08356 11.1368 11.0739 10.99021 10.97016 10.88604 10.79817 10.68201 10.72812 10.85823 10.97645 11.03022 10.93097 10.75537 10.73062 10.85518 11.03564 11.32923 11.946 12.75106 13.34547 13.52018 13.41051 12.95125 11.96653 10.34237 8.943383 7.523887 5.834242 3.998425 2.381318 1.128884 -.1216768 -1.336242 -2.024757 -2.220132 -2.324453 -2.673253 -2.186591 .08614182 1.905115 -10.15529
10.02958 9.285392 8.271219 7.152831 6.251646 5.579771 5.098706 4.870162 4.951785 5.3904 6.137221 6.948912 8.016987 9.089898 10.01384 10.6189 10.98157 11.22085 11.36197 11.41598 11.38559 11.27554 11.0942 11.00558 10.84193 10.72518 10.59519 10.64008 10.76114 10.94407 11.06294 11.05748 10.92764 10.87942 10.97255 11.23501 11.62234 12.37681 13.53137 14.40353 14.43409 14.31295 13.86215 12.92535 11.09012 9.342804 7.845007 6.220606 4.363147 2.597816 1.246317 .01331673 -1.084821 -1.706339 -1.923344 -2.160346 -2.502671 -1.904508 -.33628 2.672427 -10.06728
9.619576 8.93457 8.014343 6.846281 5.889711 5.3306 4.990093 4.898449 5.034703 5.440412 6.105571 6.908106 8.071513 9.235875 10.15613 10.74999 11.15729 11.4506 11.60784 11.69589 11.62894 11.44516 11.1745 11.02844 10.85167 10.71109 10.59181 10.63559 10.7992 11.04285 11.215 11.25365 11.20672 11.18777 11.3055 11.65886 12.03312 12.7458 14.02659 15.25104 15.29526 15.01026 14.52071 13.49054 11.71143 9.487425 7.868329 6.206022 4.386209 2.58754 1.186805 .02869731 -.8974848 -1.419078 -1.691117 -2.008969 -2.422824 -2.315065 -1.57698 1.050345 -10.2927
9.223126 8.583462 7.713244 6.566944 5.714621 5.294696 5.114193 5.089996 5.25943 5.603477 6.172323 6.90034 7.941298 9.093834 10.08177 10.7462 11.22961 11.54168 11.72763 11.8353 11.71538 11.48518 11.18087 10.99117 10.82441 10.71429 10.60284 10.63887 10.82036 11.10268 11.38876 11.61443 11.73923 11.73485 11.89396 12.30919 12.67554 13.34365 14.46653 15.71766 15.84484 15.43227 14.81405 13.64505 11.9371 9.329271 7.591496 5.856909 4.081158 2.361344 1.044207 .04301604 -.706795 -1.137409 -1.445898 -1.796422 -2.28896 -2.458831 -2.304993 -2.037916 -10.56091
8.86375 8.217415 7.386068 6.466379 5.799772 5.509764 5.434473 5.529778 5.698656 5.951228 6.361734 6.954249 7.813915 8.835447 9.68784 10.34122 10.92013 11.32146 11.59701 11.71769 11.47355 11.17137 10.92278 10.75837 10.59536 10.46606 10.39318 10.51974 10.80451 11.25861 11.64477 12.13719 12.55718 12.60697 12.79256 13.17285 13.56883 14.17179 15.06032 16.06371 16.126 15.63977 14.82473 13.47354 11.73425 8.906283 7.085142 5.297257 3.563451 2.015197 .8965856 .09319278 -.473039 -.8295671 -1.110365 -1.424158 -1.753222 -1.776487 -2.007349 -4.445999 -10.70947
8.495256 7.902181 7.211998 6.538394 6.029027 5.851299 5.897221 6.193658 6.336461 6.431627 6.621765 7.002568 7.638396 8.613854 9.350111 9.873693 10.45867 11.0215 11.36212 11.44075 11.08347 10.67558 10.43827 10.38735 10.36209 10.20079 10.11763 10.28146 10.76986 11.44579 11.92715 12.67742 13.50779 13.72229 13.8889 14.17201 14.51265 14.948 15.63867 16.33252 16.18548 15.52602 14.49496 13.02124 11.20954 8.292964 6.430379 4.615292 2.933585 1.596542 .7055592 .1293899 -.2541206 -.4950124 -.6283973 -.6754735 -.1621395 .2421551 -1.03632 -2.2637 -6.132658
8.34751 7.814433 7.297319 6.80821 6.447801 6.38443 6.591589 7.118021 7.217752 7.17778 7.182078 7.369526 7.784972 8.580138 9.170666 9.562612 10.06082 10.68027 11.04405 11.04492 10.66863 10.27228 10.04575 10.03451 10.13065 10.01397 9.964107 10.17717 10.76747 11.60012 12.21283 13.11122 14.21488 14.66154 14.904 15.11894 15.36046 15.60226 16.06001 16.33639 15.92815 15.05739 13.81072 12.28022 10.36023 7.519459 5.655388 3.843711 2.24336 1.117869 .4455278 .07771965 -.09915488 -.08323168 .2325233 1.555775 2.920115 3.55726 1.012215 -2.093066 -3.755315
8.485569 8.078669 7.749305 7.441437 7.291117 7.422967 7.82155 8.296645 8.319603 8.226363 8.139614 8.187562 8.430964 8.870608 9.227773 9.517988 9.839136 10.26872 10.57623 10.62969 10.37591 10.1 9.940865 9.913993 9.95671 9.932164 10.02113 10.33702 10.94832 11.74373 12.51431 13.5209 14.59879 15.2723 15.63082 15.86185 16.03326 16.13029 16.23449 16.01618 15.3567 14.20404 12.78604 11.23177 9.159671 6.605741 4.768238 2.991628 1.521289 .5725624 .04086356 -.1338613 .00155759 .6697026 2.879541 5.293219 8.37406 1.660684 -3.853023 -6.077425 -6.099344
8.784673 8.583933 8.561494 8.452399 8.449739 8.7328 9.262995 9.608197 9.554343 9.442827 9.323494 9.191755 9.182938 9.322709 9.44461 9.577405 9.675484 9.926239 10.1618 10.28107 10.18938 10.07819 10.04121 10.02501 9.988166 10.00818 10.22544 10.62747 11.19989 11.92872 12.80609 13.84724 14.89012 15.70803 16.1206 16.3436 16.43593 16.38858 16.07432 15.44402 14.51708 13.14308 11.66498 10.0208 7.774847 5.609415 3.816425 2.112607 .7714327 -.1164812 -.5822645 -.5456665 .291433 3.055207 7.911219 11.84125 -.9027719 -8.153346 -8.368247 -7.881775 -7.038786
9.29655 9.290676 9.564433 9.603799 9.638837 9.946145 10.46821 10.71321 10.65586 10.50893 10.27689 9.986402 9.840136 9.659883 9.567852 9.540243 9.530657 9.719992 9.885948 10.01212 10.05068 10.08859 10.15639 10.1673 10.15834 10.23456 10.51761 10.92763 11.44063 12.14328 13.05384 14.04508 15.12777 15.99194 16.37878 16.54068 16.53479 16.30561 15.62265 14.72784 13.4996 12.04777 10.5052 8.688948 6.44073 4.586895 2.854438 1.259609 .03213524 -1.002468 -1.392025 -1.08496 1.808426 7.985804 14.07291 -6.851988 -7.178088 -7.634756 -8.073259 -8.093751 -7.680611
10.19491 10.32079 10.56003 10.59881 10.6821 10.92516 11.21938 11.38226 11.32698 11.14065 10.90721 10.51378 10.19328 9.736735 9.482036 9.43037 9.393647 9.58241 9.738802 9.825654 9.932753 10.05328 10.20182 10.29811 10.39826 10.54419 10.82871 11.22251 11.71077 12.37566 13.2205 14.16308 15.2055 16.00718 16.37067 16.47445 16.35337 15.93457 15.02092 13.87716 12.46114 10.99284 9.267822 7.286233 5.275727 3.590261 1.934931 .4736558 -.7892671 -1.811987 -2.308492 -1.678315 3.155958 18.6095 -5.533945 -4.619228 -4.62558 -5.177708 -6.275957 -7.79804 -8.193026
