py_wake/examples/data/AJ_ParqueFicticio/Ridge area   Sector 4   Height 200m   Weibull-k.grd
DSAA
90  129
 262878   265103
 6504214   6507414
 .9707031   2.916016
[rows 54 to 80 of 129, columns 0 to 61 of 90]
2.880859 2.896484 2.908203 2.916016 2.916016 2.916016 2.916016 2.916016 2.916016 2.916016 2.916016 2.916016 2.916016 2.916016 2.916016 2.916016 2.916016 2.916016 2.916016 2.916016 2.916016 2.916016 2.916016 2.916016 2.916016 2.705078 2.470703 2.470703 2.533203 2.623047 2.740234 2.833984 2.888672 2.904297 2.896484 2.873047 2.845703 2.810547 2.787109 2.775391 2.767578 2.763672 2.755859 2.755859 2.755859 2.759766 2.767578 2.779297 2.798828 2.822266 2.849609 2.876953 2.904297 2.908203 2.908203 2.912109 2.912109 2.912109 2.912109 2.908203 2.908203 2.908203
2.873047 2.888672 2.900391 2.916016 2.916016 2.916016 2.916016 2.916016 2.916016 2.916016 2.916016 2.916016 2.916016 2.916016 2.916016 2.916016 2.916016 2.916016 2.916016 2.916016 2.916016 2.916016 2.916016 2.916016 2.849609 2.685547 2.677734 2.716797 2.771484 2.830078 2.873047 2.900391 2.908203 2.900391 2.888672 2.869141 2.833984 2.810547 2.798828 2.791016 2.783203 2.779297 2.775391 2.771484 2.771484 2.771484 2.775391 2.783203 2.798828 2.822266 2.845703 2.876953 2.904297 2.908203 2.908203 2.908203 2.908203 2.908203 2.904297 2.904297 2.904297 2.904297
2.869141 2.884766 2.896484 2.912109 2.916016 2.916016 2.916016 2.916016 2.916016 2.916016 2.916016 2.916016 2.916016 2.916016 2.916016 2.916016 2.916016 2.916016 2.916016 2.916016 2.916016 2.916016 2.916016 2.916016 2.837891 2.810547 2.826172 2.853516 2.876953 2.896484 2.908203 2.908203 2.900391 2.892578 2.880859 2.853516 2.833984 2.818359 2.810547 2.806641 2.798828 2.794922 2.791016 2.791016 2.783203 2.783203 2.783203 2.791016 2.802734 2.818359 2.845703 2.873047 2.904297 2.908203 2.908203 2.908203 2.904297 2.904297 2.900391 2.900391 2.896484 2.896484
2.869141 2.880859 2.892578 2.908203 2.916016 2.916016 2.916016 2.916016 2.916016 2.916016 2.916016 2.916016 2.916016 2.916016 2.916016 2.916016 2.916016 2.916016 2.916016 2.916016 2.916016 2.916016 2.916016 2.916016 2.896484 2.884766 2.892578 2.900391 2.908203 2.912109 2.908203 2.904297 2.896484 2.884766 2.873047 2.853516 2.841797 2.833984 2.826172 2.822266 2.818359 2.814453 2.806641 2.802734 2.794922 2.791016 2.791016 2.798828 2.806641 2.822266 2.845703 2.873047 2.904297 2.908203 2.904297 2.904297 2.900391 2.896484 2.896484 2.892578 2.892578 2.888672
2.869141 2.876953 2.892578 2.904297 2.916016 2.916016 2.916016 2.916016 2.916016 2.916016 2.916016 2.916016 2.916016 2.916016 2.916016 2.916016 2.916016 2.916016 2.916016 2.916016 2.916016 2.916016 2.916016 2.916016 2.916016 2.912109 2.912109 2.916016 2.916016 2.912109 2.908203 2.900391 2.892578 2.884766 2.873047 2.865234 2.857422 2.849609 2.845703 2.841797 2.833984 2.830078 2.822266 2.814453 2.806641 2.802734 2.802734 2.806641 2.814453 2.830078 2.845703 2.869141 2.900391 2.904297 2.904297 2.904297 2.900391 2.896484 2.892578 2.888672 2.884766 2.884766
2.873047 2.880859 2.892578 2.908203 2.916016 2.916016 2.916016 2.916016 2.916016 2.916016 2.916016 2.916016 2.916016 2.916016 2.916016 2.916016 2.916016 2.916016 2.916016 2.916016 2.916016 2.916016 2.916016 2.916016 2.916016 2.916016 2.916016 2.916016 2.916016 2.912109 2.908203 2.904297 2.896484 2.892578 2.884766 2.876953 2.873047 2.869141 2.861328 2.857422 2.849609 2.841797 2.833984 2.826172 2.818359 2.814453 2.814453 2.814453 2.818359 2.833984 2.849609 2.869141 2.896484 2.904297 2.904297 2.900391 2.896484 2.892578 2.888672 2.880859 2.876953 2.873047
2.880859 2.884766 2.896484 2.908203 2.916016 2.916016 2.916016 2.916016 2.916016 2.916016 2.916016 2.916016 2.916016 2.916016 2.916016 2.916016 2.916016 2.916016 2.916016 2.916016 2.916016 2.916016 2.916016 2.916016 2.916016 2.916016 2.916016 2.916016 2.916016 2.916016 2.916016 2.912109 2.908203 2.904297 2.896484 2.892578 2.888672 2.880859 2.876953 2.869141 2.861328 2.853516 2.845703 2.833984 2.830078 2.826172 2.822266 2.818359 2.822266 2.833984 2.849609 2.869141 2.892578 2.904297 2.904297 2.900391 2.896484 2.892578 2.884766 2.876953 2.869141 2.861328
2.892578 2.896484 2.900391 2.916016 2.916016 2.916016 2.916016 2.916016 2.916016 2.916016 2.916016 2.916016 2.916016 2.916016 2.916016 2.916016 2.916016 2.916016 2.916016 2.916016 2.916016 2.916016 2.916016 2.916016 2.916016 2.916016 2.916016 2.916016 2.916016 2.916016 2.916016 2.916016 2.916016 2.916016 2.912109 2.904297 2.900391 2.896484 2.888672 2.880859 2.873047 2.861328 2.853516 2.841797 2.837891 2.830078 2.826172 2.822266 2.822266 2.830078 2.845703 2.869141 2.892578 2.904297 2.904297 2.900391 2.896484 2.892578 2.884766 2.873047 2.861328 2.849609
2.908203 2.908203 2.912109 2.916016 2.916016 2.916016 2.916016 2.916016 2.916016 2.916016 2.916016 2.916016 2.916016 2.916016 2.916016 2.916016 2.916016 2.916016 2.916016 2.916016 2.916016 2.916016 2.916016 2.916016 2.916016 2.916016 2.916016 2.916016 2.916016 2.916016 2.916016 2.916016 2.916016 2.916016 2.916016 2.912109 2.912109 2.904297 2.896484 2.888672 2.876953 2.865234 2.857422 2.845703 2.837891 2.833984 2.830078 2.826172 2.822266 2.826172 2.841797 2.861328 2.888672 2.904297 2.904297 2.900391 2.896484 2.888672 2.880859 2.869141 2.853516 2.833984
2.916016 2.916016 2.916016 2.916016 2.916016 2.916016 2.916016 2.916016 2.916016 2.916016 2.916016 2.916016 2.916016 2.916016 2.916016 2.916016 2.916016 2.916016 2.916016 2.916016 2.916016 2.916016 2.916016 2.916016 2.916016 2.916016 2.916016 2.916016 2.916016 2.916016 2.916016 2.916016 2.916016 2.916016 2.916016 2.912109 2.912109 2.908203 2.900391 2.892578 2.880859 2.869141 2.857422 2.845703 2.837891 2.830078 2.826172 2.826172 2.826172 2.830078 2.837891 2.857422 2.880859 2.904297 2.904297 2.900391 2.896484 2.888672 2.880859 2.869141 2.845703 2.818359
2.916016 2.916016 2.916016 2.916016 2.916016 2.916016 2.916016 2.916016 2.916016 2.916016 2.916016 2.916016 2.916016 2.916016 2.916016 2.916016 2.916016 2.916016 2.916016 2.916016 2.916016 2.916016 2.916016 2.916016 2.916016 2.916016 2.916016 2.916016 2.916016 2.916016 2.916016 2.916016 2.916016 2.916016 2.916016 2.912109 2.912109 2.912109 2.904297 2.892578 2.880859 2.869141 2.857422 2.845703 2.830078 2.826172 2.826172 2.826172 2.826172 2.830078 2.837891 2.853516 2.876953 2.900391 2.904297 2.900391 2.896484 2.892578 2.884766 2.873047 2.849609 2.822266
2.916016 2.916016 2.916016 2.916016 2.916016 2.916016 2.916016 2.916016 2.916016 2.916016 2.916016 2.916016 2.916016 2.916016 2.916016 2.916016 2.916016 2.916016 2.916016 2.916016 2.916016 2.916016 2.916016 2.916016 2.916016 2.916016 2.916016 2.916016 2.916016 2.916016 2.916016 2.916016 2.916016 2.916016 2.912109 2.912109 2.912109 2.912109 2.904297 2.892578 2.880859 2.869141 2.853516 2.841797 2.826172 2.818359 2.818359 2.822266 2.826172 2.833984 2.837891 2.849609 2.873047 2.892578 2.904297 2.904297 2.900391 2.896484 2.888672 2.880859 2.861328 2.837891
2.916016 2.916016 2.916016 2.916016 2.916016 2.916016 2.916016 2.916016 2.916016 2.916016 2.916016 2.916016 2.916016 2.916016 2.916016 2.916016 2.916016 2.916016 2.916016 2.916016 2.916016 2.916016 2.916016 2.916016 2.916016 2.916016 2.916016 2.916016 2.916016 2.916016 2.916016 2.916016 2.916016 2.912109 2.912109 2.912109 2.912109 2.908203 2.900391 2.888672 2.876953 2.865234 2.849609 2.841797 2.826172 2.818359 2.814453 2.822266 2.826172 2.833984 2.841797 2.853516 2.869141 2.888672 2.904297 2.904297 2.900391 2.900391 2.892578 2.888672 2.876953 2.857422
2.916016 2.916016 2.916016 2.916016 2.916016 2.916016 2.916016 2.916016 2.916016 2.916016 2.916016 2.916016 2.916016 2.916016 2.916016 2.916016 2.916016 2.916016 2.916016 2.916016 2.916016 2.916016 2.916016 2.916016 2.916016 2.916016 2.916016 2.916016 2.916016 2.916016 2.916016 2.916016 2.912109 2.912109 2.912109 2.912109 2.908203 2.900391 2.892578 2.884766 2.873047 2.861328 2.849609 2.837891 2.830078 2.818359 2.814453 2.818359 2.830078 2.837891 2.845703 2.853516 2.869141 2.884766 2.900391 2.904297 2.904297 2.900391 2.900391 2.896484 2.888672 2.876953
2.916016 2.916016 2.916016 2.916016 2.916016 2.916016 2.916016 2.916016 2.916016 2.916016 2.916016 2.916016 2.916016 2.916016 2.916016 2.916016 2.916016 2.916016 2.916016 2.916016 2.916016 2.916016 2.916016 2.916016 2.916016 2.916016 2.916016 2.916016 2.916016 2.916016 2.916016 2.912109 2.912109 2.912109 2.908203 2.900391 2.896484 2.892578 2.884766 2.876953 2.869141 2.861328 2.849609 2.837891 2.830078 2.822266 2.818359 2.822266 2.830078 2.837891 2.845703 2.853516 2.869141 2.880859 2.896484 2.904297 2.904297 2.904297 2.904297 2.900391 2.896484 2.892578
2.916016 2.916016 2.916016 2.916016 2.904297 2.896484 2.892578 2.892578 2.900391 2.916016 2.916016 2.916016 2.916016 2.916016 2.916016 2.916016 2.916016 2.916016 2.916016 2.916016 2.916016 2.916016 2.916016 2.916016 2.916016 2.916016 2.916016 2.916016 2.916016 2.916016 2.912109 2.908203 2.904297 2.896484 2.888672 2.884766 2.880859 2.876953 2.876953 2.873047 2.869141 2.861328 2.849609 2.841797 2.837891 2.833984 2.826172 2.826172 2.833984 2.845703 2.849609 2.857422 2.869141 2.880859 2.892578 2.904297 2.904297 2.904297 2.904297 2.904297 2.904297 2.900391
2.916016 2.916016 2.904297 2.888672 2.873047 2.857422 2.837891 2.826172 2.830078 2.845703 2.873047 2.908203 2.916016 2.916016 2.916016 2.916016 2.916016 2.916016 2.916016 2.916016 2.916016 2.916016 2.916016 2.916016 2.916016 2.916016 2.916016 2.916016 2.916016 2.912109 2.896484 2.880859 2.873047 2.865234 2.857422 2.853516 2.853516 2.857422 2.861328 2.865234 2.865234 2.865234 2.857422 2.849609 2.845703 2.841797 2.841797 2.837891 2.841797 2.849609 2.857422 2.861328 2.869141 2.876953 2.884766 2.896484 2.900391 2.904297 2.904297 2.904297 2.904297 2.904297
2.916016 2.896484 2.873047 2.849609 2.826172 2.798828 2.771484 2.751953 2.744141 2.755859 2.783203 2.818359 2.865234 2.904297 2.916016 2.916016 2.916016 2.916016 2.916016 2.916016 2.916016 2.916016 2.916016 2.916016 2.916016 2.916016 2.916016 2.916016 2.896484 2.876953 2.857422 2.841797 2.830078 2.826172 2.822266 2.822266 2.830078 2.837891 2.849609 2.861328 2.869141 2.869141 2.865234 2.861328 2.853516 2.853516 2.853516 2.853516 2.853516 2.861328 2.865234 2.865234 2.865234 2.873047 2.880859 2.884766 2.888672 2.900391 2.908203 2.908203 2.908203 2.908203
2.892578 2.861328 2.830078 2.794922 2.755859 2.720703 2.685547 2.658203 2.646484 2.654297 2.681641 2.720703 2.771484 2.822266 2.861328 2.880859 2.892578 2.896484 2.900391 2.900391 2.896484 2.896484 2.892578 2.888672 2.884766 2.876953 2.873047 2.861328 2.845703 2.833984 2.818359 2.806641 2.802734 2.802734 2.806641 2.818359 2.833984 2.853516 2.865234 2.873047 2.876953 2.876953 2.873047 2.869141 2.865234 2.865234 2.865234 2.865234 2.865234 2.865234 2.869141 2.865234 2.865234 2.869141 2.873047 2.873047 2.876953 2.884766 2.892578 2.900391 2.908203 2.908203
2.845703 2.810547 2.763672 2.712891 2.662109 2.619141 2.580078 2.548828 2.541016 2.552734 2.583984 2.623047 2.677734 2.728516 2.779297 2.810547 2.826172 2.837891 2.837891 2.837891 2.833984 2.826172 2.818359 2.810547 2.802734 2.798828 2.791016 2.791016 2.791016 2.787109 2.791016 2.794922 2.806641 2.822266 2.841797 2.865234 2.888672 2.896484 2.896484 2.892578 2.888672 2.884766 2.880859 2.876953 2.873047 2.873047 2.873047 2.873047 2.873047 2.869141 2.869141 2.865234 2.865234 2.865234 2.865234 2.865234 2.869141 2.869141 2.876953 2.884766 2.888672 2.896484
2.787109 2.736328 2.681641 2.615234 2.556641 2.509766 2.466797 2.439453 2.435547 2.455078 2.486328 2.529297 2.583984 2.642578 2.697266 2.736328 2.759766 2.775391 2.779297 2.783203 2.779297 2.767578 2.744141 2.728516 2.716797 2.708984 2.701172 2.705078 2.716797 2.736328 2.767578 2.794922 2.833984 2.869141 2.896484 2.892578 2.888672 2.892578 2.896484 2.896484 2.888672 2.888672 2.884766 2.884766 2.880859 2.880859 2.876953 2.876953 2.876953 2.876953 2.873047 2.873047 2.869141 2.865234 2.861328 2.857422 2.857422 2.857422 2.861328 2.865234 2.869141 2.876953
2.724609 2.666016 2.595703 2.525391 2.458984 2.404297 2.353516 2.333984 2.361328 2.396484 2.435547 2.474609 2.517578 2.572266 2.634766 2.681641 2.708984 2.724609 2.740234 2.751953 2.751953 2.736328 2.708984 2.681641 2.662109 2.658203 2.642578 2.626953 2.626953 2.669922 2.720703 2.759766 2.806641 2.794922 2.779297 2.787109 2.818359 2.857422 2.884766 2.896484 2.888672 2.884766 2.884766 2.884766 2.880859 2.880859 2.880859 2.880859 2.880859 2.880859 2.880859 2.876953 2.873047 2.869141 2.861328 2.853516 2.849609 2.845703 2.841797 2.845703 2.849609 2.853516
2.673828 2.611328 2.537109 2.466797 2.396484 2.333984 2.291016 2.291016 2.341797 2.388672 2.431641 2.470703 2.509766 2.560547 2.623047 2.666016 2.693359 2.712891 2.732422 2.744141 2.740234 2.724609 2.697266 2.666016 2.642578 2.626953 2.611328 2.599609 2.603516 2.615234 2.615234 2.591797 2.509766 2.486328 2.541016 2.638672 2.748047 2.837891 2.880859 2.892578 2.888672 2.884766 2.884766 2.884766 2.880859 2.880859 2.880859 2.880859 2.880859 2.880859 2.884766 2.884766 2.876953 2.869141 2.861328 2.849609 2.837891 2.833984 2.830078 2.826172 2.826172 2.830078
2.630859 2.568359 2.501953 2.431641 2.373047 2.330078 2.314453 2.341797 2.392578 2.435547 2.482422 2.521484 2.572266 2.626953 2.669922 2.705078 2.728516 2.736328 2.744141 2.744141 2.740234 2.728516 2.712891 2.693359 2.669922 2.658203 2.662109 2.646484 2.646484 2.638672 2.431641 2.263672 2.173828 2.220703 2.376953 2.568359 2.744141 2.849609 2.888672 2.892578 2.888672 2.884766 2.884766 2.880859 2.880859 2.880859 2.876953 2.876953 2.876953 2.880859 2.880859 2.880859 2.876953 2.869141 2.857422 2.845703 2.830078 2.822266 2.814453 2.810547 2.806641 2.806641
2.607422 2.544922 2.482422 2.439453 2.408203 2.388672 2.392578 2.431641 2.478516 2.517578 2.560547 2.619141 2.666016 2.708984 2.744141 2.775391 2.794922 2.798828 2.787109 2.779297 2.779297 2.783203 2.791016 2.775391 2.751953 2.740234 2.716797 2.693359 2.681641 2.521484 2.232422 2.037109 2.025391 2.169922 2.408203 2.638672 2.802734 2.876953 2.896484 2.892578 2.888672 2.884766 2.884766 2.880859 2.880859 2.876953 2.876953 2.876953 2.876953 2.876953 2.880859 2.876953 2.873047 2.865234 2.853516 2.841797 2.826172 2.814453 2.806641 2.798828 2.794922 2.791016
2.611328 2.556641 2.513672 2.505859 2.501953 2.494141 2.505859 2.544922 2.583984 2.623047 2.666016 2.708984 2.748047 2.787109 2.818359 2.837891 2.849609 2.853516 2.857422 2.857422 2.857422 2.853516 2.849609 2.841797 2.826172 2.806641 2.783203 2.751953 2.513672 2.322266 2.146484 2.052734 2.103516 2.298828 2.564453 2.767578 2.869141 2.896484 2.892578 2.888672 2.888672 2.884766 2.880859 2.880859 2.880859 2.876953 2.876953 2.876953 2.873047 2.873047 2.873047 2.869141 2.865234 2.861328 2.853516 2.841797 2.826172 2.814453 2.802734 2.794922 2.787109 2.783203
2.654297 2.623047 2.611328 2.615234 2.619141 2.630859 2.650391 2.677734 2.705078 2.732422 2.759766 2.787109 2.818359 2.845703 2.865234 2.876953 2.884766 2.884766 2.888672 2.888672 2.888672 2.888672 2.884766 2.876953 2.869141 2.857422 2.767578 2.607422 2.447266 2.326172 2.251953 2.255859 2.345703 2.544922 2.748047 2.861328 2.892578 2.896484 2.892578 2.888672 2.888672 2.884766 2.880859 2.880859 2.880859 2.880859 2.876953 2.873047 2.869141 2.865234 2.865234 2.861328 2.861328 2.857422 2.849609 2.837891 2.826172 2.814453 2.802734 2.791016 2.783203 2.779297
