py_wake/examples/data/AJ_ParqueFicticio/Ridge area   Sector 1   Height 30m   Power density.grd
DSAA
90  129
 262878   265103
 6504214   6507414
 .06721084   186.2864
[rows 81 to 107 of 129, columns 0 to 61 of 90]
38.98502 39.63382 40.66391 41.78372 43.1005 44.85685 47.10293 49.91645 53.13895 55.98974 58.56642 61.02481 62.42411 62.9956 63.44342 63.77827 64.11169 63.70354 63.15907 62.65456 61.8057 60.9417 59.32359 57.1822 54.6046 52.17713 49.92422 48.36237 47.57272 47.20519 46.95948 47.31054 49.40901 53.84196 60.13257 67.19958 74.2256 81.3641 88.86287 95.95389 101.6402 106.6866 110.8459 112.372 112.4054 111.6007 109.6628 106.9767 101.795 94.12172 86.52087 78.53041 71.00893 64.29045 59.01878 55.40361 53.1978 51.86297 51.43627 51.95055 52.8865 54.02114
48.71081 50.69921 52.71282 54.64743 56.80159 59.03884 61.64243 64.67863 67.36371 70.27402 73.78382 76.81671 78.55848 79.49299 79.73653 79.17568 78.0894 77.75955 77.84991 77.83328 76.55153 74.28172 71.48276 69.00623 66.61171 64.60853 62.43567 60.75732 59.91457 59.24794 58.84988 59.0425 60.92101 65.32047 70.99729 77.66366 85.33982 93.21664 101.1411 108.0274 113.3874 117.9254 120.0543 119.707 117.9061 116.0744 113.3683 110.1569 103.3901 95.43103 87.31142 78.61392 70.39323 62.85234 56.56858 51.66666 48.01406 45.32709 44.10193 44.38474 45.24349 46.43338
58.10761 60.96375 64.15232 67.15343 70.03211 73.20387 76.40981 78.90343 81.21658 84.42639 87.52942 90.12118 92.04543 92.66901 91.5962 89.97523 88.62085 87.85795 87.66981 87.45605 85.4838 82.75694 79.86897 77.57282 76.03162 74.65374 72.94137 71.64503 71.12293 70.38976 69.69079 69.82369 71.75687 75.90504 81.98557 88.72018 96.4732 104.1446 112.2391 118.3431 122.9446 126.2642 127.2589 126.2283 123.5922 120.5457 117.4266 113.4624 106.1225 98.31851 89.96056 80.90813 72.19486 64.23428 57.14646 51.11024 46.20752 42.33273 40.09084 39.29643 39.25735 40.14754
69.0996 72.85748 76.29456 79.40162 82.26054 85.21338 87.55407 89.48424 91.67674 93.87453 95.69106 96.95763 97.34834 96.85659 95.47421 93.45451 92.12115 90.94547 89.66526 88.16263 86.68105 84.54663 82.325 80.55038 79.51496 79.44575 79.3334 79.18367 79.59519 79.58625 79.57294 80.56401 82.93424 87.58759 93.81885 100.1301 106.7286 114.0243 120.7679 125.957 130.3039 132.933 133.0709 131.6371 128.375 124.6193 121.2122 116.1039 108.8476 101.6987 93.75297 85.30302 76.84869 68.64055 60.85527 53.99512 48.16149 43.25565 39.65726 37.10582 35.79646 35.74425
79.40099 83.08231 86.36964 89.46696 92.14703 94.38593 95.94489 97.38172 98.55988 99.13937 98.87592 97.54154 95.12524 92.51754 90.61118 88.67522 86.95923 85.25193 83.2102 81.91305 80.92965 79.61131 78.09259 77.28281 77.43411 78.9257 80.99895 83.05759 85.29272 86.89406 88.84311 91.31973 95.17169 100.2556 105.8167 111.7637 117.0444 122.8268 127.9171 131.9167 135.2932 136.9716 137.0527 135.3124 131.5176 127.4729 123.4114 117.9411 111.7107 105.4599 98.29728 90.74023 82.78025 74.5518 66.31588 58.92689 52.66423 46.98101 41.915 37.61905 34.5229 32.64307
87.43437 90.61451 93.4996 96.10764 98.41305 99.39053 99.60368 99.37346 98.75753 97.4472 94.76665 91.1944 87.32394 83.77666 80.9716 78.90509 77.54407 75.96346 74.58129 73.39532 72.34373 71.49673 70.80289 71.27901 72.81628 75.80882 79.98277 84.36084 88.79576 92.66055 96.68043 102.2556 107.1992 112.0446 117.2576 121.512 125.5555 130.2414 133.6964 136.3269 137.9311 137.6853 136.1696 133.405 128.7823 124.487 120.9462 117.1769 113.2206 108.4678 102.5762 96.24503 88.98038 80.96034 72.64319 65.0054 58.60034 52.33877 46.03089 40.32514 35.55717 31.61316
91.84438 94.05461 95.85036 97.29337 97.9701 97.45113 96.09711 94.17862 91.80518 88.75838 85.1813 81.19302 76.97549 73.08198 69.47414 67.10681 66.63895 66.2816 65.76451 64.84544 63.97913 63.32973 63.55767 65.46465 68.34051 72.47663 78.49709 84.69035 91.32207 98.01096 104.3439 110.4912 116.4985 121.9549 126.2428 129.5172 133.1494 136.1469 138.3711 139.3013 138.3221 135.8051 132.2747 127.8445 122.4489 118.8366 116.7256 114.7294 112.7172 109.6696 105.3814 100.3933 94.36619 87.43328 79.79527 72.2754 65.63776 59.25209 52.66042 46.36467 40.76153 35.30141
92.35566 93.39227 93.9936 94.06371 93.24349 91.37218 88.95833 85.61603 81.85801 77.15939 72.78236 68.3262 64.45067 60.67297 58.19703 56.631 55.72773 56.03255 56.81765 57.06441 56.97838 57.48218 58.57587 61.52823 65.9091 71.13572 78.7949 86.70656 94.42322 102.4056 109.6064 116.5864 123.0972 128.6501 132.7253 135.7309 138.3885 140.5081 141.0606 140.0715 136.9527 133.2198 128.3121 123.1366 117.3074 113.5586 111.5941 110.0043 108.7625 107.4078 105.3084 102.2411 98.26024 93.33128 87.2359 80.50327 73.93052 67.60027 61.10065 54.75718 48.9232 42.80492
90.16509 90.11432 89.65366 88.44439 85.84489 82.83173 79.24209 75.10923 70.25954 65.09708 60.08321 55.89458 52.82186 50.30771 48.40873 47.08836 46.36419 47.45293 49.04089 50.4945 51.3392 53.09732 54.99474 58.95254 64.68168 71.74339 79.78734 88.40056 97.40771 106.104 114.2409 122.1069 128.8675 134.1994 137.7078 140.7893 142.7631 143.2888 142.2142 139.2235 134.213 128.7915 122.2598 115.4984 108.2044 104.1413 102.6818 102.0882 102.383 102.6224 102.8302 102.2667 100.643 97.72296 93.51942 88.24506 82.40567 76.50688 70.33097 63.9746 58.08225 52.0487
85.94917 84.79475 83.75894 81.44887 77.60094 73.22129 68.7398 64.05099 59.3649 54.62228 51.22831 47.89343 44.74086 42.18975 41.17637 41.10001 41.22064 42.3331 44.10132 45.62287 47.18861 49.83402 52.48238 57.30167 64.49313 72.96632 81.647 90.74355 100.5823 109.5189 118.4187 126.4468 133.4857 137.941 140.8854 143.0529 144.2198 143.5677 140.919 136.0814 128.3246 119.881 112.2097 104.8277 97.76251 94.55045 93.21617 93.36127 94.6094 96.18189 98.05383 99.8149 100.133 98.95824 96.73713 93.33898 89.2267 84.67629 79.41882 73.04853 66.55707 60.50599
77.81681 76.27134 74.37716 71.66833 67.56777 63.00145 58.62814 54.42868 51.30534 48.70531 46.19756 43.62179 40.98049 38.84904 38.54895 39.86875 40.99449 42.24777 44.31537 45.94239 47.74697 51.10001 54.06867 59.57445 67.7463 76.30912 85.06466 94.66313 103.9861 112.5383 120.535 127.6597 133.6556 137.2392 139.2486 139.9958 139.6645 137.5379 133.2012 126.502 118.0895 110.1309 102.6193 94.92769 88.2719 85.04375 83.73964 83.89112 85.19627 87.88544 91.06133 94.21005 95.72929 95.57871 94.64669 93.14592 91.28878 88.75076 85.2076 80.08973 74.19475 68.195
66.23887 64.53824 62.02925 58.80674 55.48343 51.90429 48.60898 46.62085 45.12978 43.94415 42.83102 41.78335 40.88511 40.43998 41.22733 43.06211 44.5914 46.6491 49.32887 51.26203 53.72107 57.71739 61.74802 67.70753 75.52335 83.45473 91.52737 100.1178 108.265 115.0335 121.6652 126.7715 130.4555 132.7294 133.7238 133.5823 131.2376 127.389 121.6806 114.3361 106.7523 98.81176 90.98536 83.24557 78.23933 75.5108 74.58492 75.07113 76.56157 79.04664 82.009 85.05534 87.10239 87.75507 88.12236 88.46297 88.98486 88.46984 86.87051 84.19896 80.23286 75.19734
54.27649 52.8872 50.56213 47.91238 44.83941 42.94245 41.30753 40.41709 40.04584 40.44402 41.11157 41.8416 42.74383 43.96312 45.99032 48.36814 50.32782 53.06476 56.1258 58.96236 62.8815 67.15084 72.28004 78.81525 85.47451 92.58575 99.83543 106.9191 112.8664 118.2718 122.8376 126.2368 127.8903 128.0706 127.5485 126.0571 122.2664 116.9966 110.319 102.3348 94.26839 86.39841 79.01185 73.34924 69.04488 66.48517 65.60727 66.39812 67.94593 70.06691 72.70544 75.54974 77.7571 78.81473 80.03011 81.60897 83.637 85.1849 86.07779 86.29304 84.89293 81.68823
45.48079 44.01048 42.77719 41.16917 39.97606 38.39413 36.70624 36.35113 37.49892 38.98974 40.83471 43.26257 45.48846 47.92861 51.24958 54.41538 57.40673 60.61256 63.87543 67.74698 72.07153 77.5625 83.45993 89.34727 95.52553 101.3572 107.3268 112.8385 117.1432 120.6653 123.8005 125.2272 124.9632 123.2395 120.5085 117.0155 112.0109 106.151 99.03945 91.30428 83.57959 76.13062 70.53947 65.57829 61.50237 59.04852 58.15289 58.43315 59.48739 61.32254 63.86683 66.43016 68.37774 69.64444 71.11739 73.14666 76.35905 79.70324 82.98877 85.58121 87.01173 86.20782
39.80667 38.62329 37.98162 38.18016 37.80073 36.94611 36.38881 36.69579 38.7172 40.82984 43.27491 46.73529 49.95415 53.41174 57.52196 61.40963 65.12106 68.77302 72.69276 77.2589 82.6274 88.39545 94.22446 100.1398 105.327 109.9772 114.4005 117.8046 119.8664 121.7448 122.55 122.2686 120.7048 117.5748 114.1266 109.6023 104.3042 98.15012 90.97637 83.09872 76.06155 70.44876 65.23085 60.20337 55.79742 53.07687 51.87231 51.81447 52.63663 54.23146 56.36235 58.48247 60.18003 61.26865 62.59158 64.8567 68.41464 72.95814 77.50021 81.89195 85.15897 86.74129
35.74521 35.4479 35.7601 36.7022 37.18105 37.69614 38.3639 39.50296 42.27962 44.98348 48.15372 51.98565 55.98153 60.31603 64.77808 69.11755 73.66339 78.75939 84.12592 89.26028 94.44792 99.94587 105.6106 110.8076 114.9743 118.4629 120.5758 121.5676 121.8917 121.4064 120.1196 118.087 115.289 111.3484 107.0125 102.038 96.40162 90.43031 83.32405 77.16267 71.65904 66.42005 61.25066 56.03551 51.37717 48.21039 46.69765 46.4963 47.04018 48.16217 49.5843 51.38673 53.04814 54.11425 55.2831 57.318 60.82173 65.15247 70.12007 75.10277 79.72303 83.14468
33.7705 34.01249 35.10782 36.48186 37.85107 39.3986 40.91556 43.09124 46.52945 50.00257 53.92623 58.14782 62.62997 67.87812 73.47037 78.94207 84.45934 90.2486 96.09424 101.6307 107.0272 112.0869 116.95 120.233 122.8521 124.4681 124.9904 123.9648 122.5109 119.9687 116.486 112.6247 108.3513 103.6757 98.97153 93.6527 88.2756 82.43051 77.30017 73.1017 68.25062 63.10718 57.90372 52.66882 47.70779 44.10311 42.22556 41.66348 41.68031 42.51292 43.90723 45.72073 46.91316 47.71633 48.82358 50.61724 53.63789 57.56128 62.32187 68.06178 73.59377 78.7029
34.74345 35.11639 36.23635 37.63312 39.52682 41.68722 43.81134 47.02175 50.96485 55.5479 60.33555 65.5209 70.89748 76.54065 82.45677 88.47128 94.08038 99.9538 105.7445 111.0496 116.2252 120.3795 123.4825 125.2676 126.1386 126.1678 125.3107 123.1305 120.2945 116.8117 112.1198 107.1539 101.8924 96.46104 91.13448 85.66525 80.36824 75.26366 72.54624 69.39465 65.59418 61.08382 56.11705 50.87778 45.73494 41.46331 38.92125 37.80652 37.36708 37.99841 39.19018 40.77231 41.49486 42.04236 42.97862 44.62546 47.05285 50.26928 54.84338 60.98367 67.76682 73.96831
37.98926 38.71038 39.7981 40.89706 43.0326 45.63889 48.41666 52.39569 57.1642 62.01173 66.93953 72.30305 77.90287 83.54704 88.99583 94.71143 100.0459 105.3985 110.1442 114.7755 118.5826 121.5372 123.4143 124.1479 123.9581 122.7146 120.9963 118.8083 115.7704 111.7341 106.6716 101.1163 95.22988 89.12051 83.42973 78.16146 73.33482 70.09177 68.39052 66.50039 64.10188 60.53014 55.98022 50.8752 45.71066 41.04177 37.73151 35.78598 34.75715 34.66069 35.21376 36.24942 36.94543 37.41668 38.23908 39.7429 41.89334 44.60028 48.32316 53.79168 60.34678 67.20444
1.70141E+38 1.70141E+38 1.70141E+38 1.70141E+38 1.70141E+38 1.70141E+38 1.70141E+38 1.70141E+38 1.70141E+38 1.70141E+38 1.70141E+38 1.70141E+38 1.70141E+38 1.70141E+38 1.70141E+38 1.70141E+38 1.70141E+38 1.70141E+38 1.70141E+38 1.70141E+38 1.70141E+38 1.70141E+38 1.70141E+38 1.70141E+38 1.70141E+38 1.70141E+38 1.70141E+38 1.70141E+38 1.70141E+38 1.70141E+38 1.70141E+38 1.70141E+38 1.70141E+38 1.70141E+38 1.70141E+38 1.70141E+38 1.70141E+38 1.70141E+38 1.70141E+38 1.70141E+38 1.70141E+38 1.70141E+38 1.70141E+38 1.70141E+38 1.70141E+38 1.70141E+38 1.70141E+38 1.70141E+38 1.70141E+38 1.70141E+38 1.70141E+38 1.70141E+38 1.70141E+38 1.70141E+38 1.70141E+38 1.70141E+38 1.70141E+38 1.70141E+38 1.70141E+38 1.70141E+38 1.70141E+38 1.70141E+38
1.70141E+38 1.70141E+38 1.70141E+38 1.70141E+38 1.70141E+38 1.70141E+38 1.70141E+38 1.70141E+38 1.70141E+38 1.70141E+38 1.70141E+38 1.70141E+38 1.70141E+38 1.70141E+38 1.70141E+38 1.70141E+38 1.70141E+38 1.70141E+38 1.70141E+38 1.70141E+38 1.70141E+38 1.70141E+38 1.70141E+38 1.70141E+38 1.70141E+38 1.70141E+38 1.70141E+38 1.70141E+38 1.70141E+38 1.70141E+38 1.70141E+38 1.70141E+38 1.70141E+38 1.70141E+38 1.70141E+38 1.70141E+38 1.70141E+38 1.70141E+38 1.70141E+38 1.70141E+38 1.70141E+38 1.70141E+38 1.70141E+38 1.70141E+38 1.70141E+38 1.70141E+38 1.70141E+38 1.70141E+38 1.70141E+38 1.70141E+38 1.70141E+38 1.70141E+38 1.70141E+38 1.70141E+38 1.70141E+38 1.70141E+38 1.70141E+38 1.70141E+38 1.70141E+38 1.70141E+38 1.70141E+38 1.70141E+38
1.70141E+38 1.70141E+38 1.70141E+38 1.70141E+38 1.70141E+38 1.70141E+38 1.70141E+38 1.70141E+38 1.70141E+38 1.70141E+38 1.70141E+38 1.70141E+38 1.70141E+38 1.70141E+38 1.70141E+38 1.70141E+38 1.70141E+38 1.70141E+38 1.70141E+38 1.70141E+38 1.70141E+38 1.70141E+38 1.70141E+38 1.70141E+38 1.70141E+38 1.70141E+38 1.70141E+38 1.70141E+38 1.70141E+38 1.70141E+38 1.70141E+38 1.70141E+38 1.70141E+38 1.70141E+38 1.70141E+38 1.70141E+38 1.70141E+38 1.70141E+38 1.70141E+38 1.70141E+38 1.70141E+38 1.70141E+38 1.70141E+38 1.70141E+38 1.70141E+38 1.70141E+38 1.70141E+38 1.70141E+38 1.70141E+38 1.70141E+38 1.70141E+38 1.70141E+38 1.70141E+38 1.70141E+38 1.70141E+38 1.70141E+38 1.70141E+38 1.70141E+38 1.70141E+38 1.70141E+38 1.70141E+38 1.70141E+38
1.70141E+38 1.70141E+38 1.70141E+38 1.70141E+38 1.70141E+38 1.70141E+38 1.70141E+38 1.70141E+38 1.70141E+38 1.70141E+38 1.70141E+38 1.70141E+38 1.70141E+38 1.70141E+38 1.70141E+38 1.70141E+38 1.70141E+38 1.70141E+38 1.70141E+38 1.70141E+38 1.70141E+38 1.70141E+38 1.70141E+38 1.70141E+38 1.70141E+38 1.70141E+38 1.70141E+38 1.70141E+38 1.70141E+38 1.70141E+38 1.70141E+38 1.70141E+38 1.70141E+38 1.70141E+38 1.70141E+38 1.70141E+38 1.70141E+38 1.70141E+38 1.70141E+38 1.70141E+38 1.70141E+38 1.70141E+38 1.70141E+38 1.70141E+38 1.70141E+38 1.70141E+38 1.70141E+38 1.70141E+38 1.70141E+38 1.70141E+38 1.70141E+38 1.70141E+38 1.70141E+38 1.70141E+38 1.70141E+38 1.70141E+38 1.70141E+38 1.70141E+38 1.70141E+38 1.70141E+38 1.70141E+38 1.70141E+38
1.70141E+38 1.70141E+38 1.70141E+38 1.70141E+38 1.70141E+38 1.70141E+38 1.70141E+38 1.70141E+38 1.70141E+38 1.70141E+38 1.70141E+38 1.70141E+38 1.70141E+38 1.70141E+38 1.70141E+38 1.70141E+38 1.70141E+38 1.70141E+38 1.70141E+38 1.70141E+38 1.70141E+38 1.70141E+38 1.70141E+38 1.70141E+38 1.70141E+38 1.70141E+38 1.70141E+38 1.70141E+38 1.70141E+38 1.70141E+38 1.70141E+38 1.70141E+38 1.70141E+38 1.70141E+38 1.70141E+38 1.70141E+38 1.70141E+38 1.70141E+38 1.70141E+38 1.70141E+38 1.70141E+38 1.70141E+38 1.70141E+38 1.70141E+38 1.70141E+38 1.70141E+38 1.70141E+38 1.70141E+38 1.70141E+38 1.70141E+38 1.70141E+38 1.70141E+38 1.70141E+38 1.70141E+38 1.70141E+38 1.70141E+38 1.70141E+38 1.70141E+38 1.70141E+38 1.70141E+38 1.70141E+38 1.70141E+38
1.70141E+38 1.70141E+38 1.70141E+38 1.70141E+38 1.70141E+38 1.70141E+38 1.70141E+38 1.70141E+38 1.70141E+38 1.70141E+38 1.70141E+38 1.70141E+38 1.70141E+38 1.70141E+38 1.70141E+38 1.70141E+38 1.70141E+38 1.70141E+38 1.70141E+38 1.70141E+38 1.70141E+38 1.70141E+38 1.70141E+38 1.70141E+38 1.70141E+38 1.70141E+38 1.70141E+38 1.70141E+38 1.70141E+38 1.70141E+38 1.70141E+38 1.70141E+38 1.70141E+38 1.70141E+38 1.70141E+38 1.70141E+38 1.70141E+38 1.70141E+38 1.70141E+38 1.70141E+38 1.70141E+38 1.70141E+38 1.70141E+38 1.70141E+38 1.70141E+38 1.70141E+38 1.70141E+38 1.70141E+38 1.70141E+38 1.70141E+38 1.70141E+38 1.70141E+38 1.70141E+38 1.70141E+38 1.70141E+38 1.70141E+38 1.70141E+38 1.70141E+38 1.70141E+38 1.70141E+38 1.70141E+38 1.70141E+38
1.70141E+38 1.70141E+38 1.70141E+38 1.70141E+38 1.70141E+38 1.70141E+38 1.70141E+38 1.70141E+38 1.70141E+38 1.70141E+38 1.70141E+38 1.70141E+38 1.70141E+38 1.70141E+38 1.70141E+38 1.70141E+38 1.70141E+38 1.70141E+38 1.70141E+38 1.70141E+38 1.70141E+38 1.70141E+38 1.70141E+38 1.70141E+38 1.70141E+38 1.70141E+38 1.70141E+38 1.70141E+38 1.70141E+38 1.70141E+38 1.70141E+38 1.70141E+38 1.70141E+38 1.70141E+38 1.70141E+38 1.70141E+38 1.70141E+38 1.70141E+38 1.70141E+38 1.70141E+38 1.70141E+38 1.70141E+38 1.70141E+38 1.70141E+38 1.70141E+38 1.70141E+38 1.70141E+38 1.70141E+38 1.70141E+38 1.70141E+38 1.70141E+38 1.70141E+38 1.70141E+38 1.70141E+38 1.70141E+38 1.70141E+38 1.70141E+38 1.70141E+38 1.70141E+38 1.70141E+38 1.70141E+38 1.70141E+38
1.70141E+38 1.70141E+38 1.70141E+38 1.70141E+38 1.70141E+38 1.70141E+38 1.70141E+38 1.70141E+38 1.70141E+38 1.70141E+38 1.70141E+38 1.70141E+38 1.70141E+38 1.70141E+38 1.70141E+38 1.70141E+38 1.70141E+38 1.70141E+38 1.70141E+38 1.70141E+38 1.70141E+38 1.70141E+38 1.70141E+38 1.70141E+38 1.70141E+38 1.70141E+38 1.70141E+38 1.70141E+38 1.70141E+38 1.70141E+38 1.70141E+38 1.70141E+38 1.70141E+38 1.70141E+38 1.70141E+38 1.70141E+38 1.70141E+38 1.70141E+38 1.70141E+38 1.70141E+38 1.70141E+38 1.70141E+38 1.70141E+38 1.70141E+38 1.70141E+38 1.70141E+38 1.70141E+38 1.70141E+38 1.70141E+38 1.70141E+38 1.70141E+38 1.70141E+38 1.70141E+38 1.70141E+38 1.70141E+38 1.70141E+38 1.70141E+38 1.70141E+38 1.70141E+38 1.70141E+38 1.70141E+38 1.70141E+38
