py_wake/examples/data/AJ_ParqueFicticio/Ridge area   Sector 9   Height 200m   Orographic speed.grd
DSAA
90  129
 262878   265103
 6504214   6507414
 .04106627   1.487633
[rows 81 to 107 of 129, columns 0 to 61 of 90]
.8848159 .8911048 .9006345 .9093682 .9174262 .9271917 .9391075 .9522855 .9668432 .980024 .9948898 1.011966 1.025323 1.033181 1.034087 1.032987 1.031022 1.027292 1.026772 1.028926 1.026163 1.022109 1.01526 1.007717 .9994143 .9917755 .9832025 .9757516 .9704611 .9661301 .9637373 .9659068 .9778036 1.002417 1.036252 1.076433 1.121541 1.173208 1.227236 1.27577 1.30964 1.338041 1.358659 1.357822 1.334685 1.299933 1.254583 1.201306 1.130484 .9991519 .7518747 .4131979 .1288366 .07615788 .1128629 .1480866 .1694404 .1846478 .1959416 .2042739 .2100417 .2130314
.9112734 .9252089 .9404773 .9548376 .9682794 .9814424 .9963346 1.008508 1.016692 1.0267 1.041469 1.05511 1.065667 1.073049 1.072916 1.067657 1.05972 1.055008 1.056127 1.061328 1.057055 1.047806 1.036701 1.028276 1.022763 1.01963 1.015097 1.011927 1.012305 1.012653 1.014594 1.020384 1.034757 1.063089 1.09808 1.136255 1.180921 1.2304 1.282615 1.321112 1.345196 1.367828 1.376189 1.360817 1.33175 1.293284 1.245303 1.192759 1.114154 .9615819 .6782897 .3209044 .06878424 .07818816 .1372849 .1691453 .1900774 .2058388 .2178091 .2268784 .233425 .2373757
.9435062 .9632292 .9840133 1.001948 1.01605 1.031395 1.04448 1.050503 1.05588 1.067099 1.079256 1.087793 1.096459 1.100569 1.093481 1.08314 1.074454 1.071167 1.074205 1.078913 1.069648 1.057542 1.046143 1.039075 1.03741 1.038532 1.037971 1.039705 1.046639 1.052035 1.058108 1.070063 1.091127 1.123237 1.160194 1.197901 1.241645 1.28754 1.3335 1.359402 1.375233 1.388198 1.384851 1.361352 1.328397 1.286956 1.23849 1.184747 1.10258 .9364403 .6368375 .2788732 .06750681 .09790716 .1503411 .1815132 .2037531 .221244 .2351386 .2463013 .2544153 .2595509
.9773951 1.000432 1.022475 1.03977 1.05529 1.069265 1.076888 1.080252 1.085793 1.095722 1.103148 1.106833 1.108956 1.105444 1.094322 1.082838 1.074883 1.072279 1.073477 1.073161 1.063472 1.052504 1.043239 1.038313 1.038827 1.044415 1.050748 1.058722 1.072457 1.084142 1.09842 1.121372 1.150385 1.184601 1.22259 1.260873 1.298586 1.339965 1.375547 1.391244 1.399372 1.402088 1.389581 1.360651 1.323845 1.281185 1.233174 1.173551 1.090958 .9199086 .6201445 .2813553 .07994654 .1023893 .1535941 .1861462 .2107768 .2306962 .2472384 .2608573 .2708451 .2779102
1.011024 1.034331 1.054177 1.070838 1.087176 1.096625 1.099615 1.101799 1.106325 1.112117 1.11362 1.109745 1.101705 1.090325 1.077473 1.066982 1.05973 1.056342 1.054459 1.050985 1.04292 1.034024 1.027008 1.02511 1.029344 1.039879 1.054117 1.070871 1.093183 1.113627 1.140827 1.175158 1.210115 1.246043 1.283911 1.318807 1.34946 1.385343 1.41033 1.418571 1.419026 1.411124 1.390619 1.358334 1.31909 1.276061 1.224457 1.162738 1.084425 .9174809 .6266331 .3079562 .1029341 .1012648 .1507808 .1851155 .2120993 .2347203 .2540243 .2697701 .2820628 .2913603
1.040495 1.061393 1.07907 1.095053 1.108853 1.113723 1.113075 1.111393 1.110738 1.110118 1.103555 1.091695 1.077689 1.063768 1.050308 1.040671 1.035484 1.031853 1.028384 1.024126 1.01672 1.00954 1.005041 1.007934 1.017015 1.032891 1.055859 1.082456 1.113742 1.145412 1.183903 1.226873 1.265283 1.303239 1.337756 1.364372 1.391287 1.421753 1.437779 1.440296 1.432737 1.414461 1.385179 1.347172 1.304072 1.257063 1.204463 1.148256 1.078891 .922142 .6472385 .3495323 .1371491 .1013613 .1441679 .1794546 .2080936 .2330837 .2548416 .2724346 .2869072 .2983499
1.062854 1.08056 1.095089 1.107804 1.115765 1.114217 1.10816 1.101371 1.095208 1.088403 1.076578 1.061708 1.046242 1.031683 1.017888 1.008308 1.003786 1.001931 1.000247 .9960591 .9900076 .9844589 .9839799 .9934738 1.008245 1.029737 1.062164 1.09838 1.138866 1.181123 1.226263 1.271228 1.31258 1.351414 1.378733 1.400519 1.424844 1.449197 1.458251 1.454756 1.438095 1.409778 1.373021 1.330029 1.283912 1.236911 1.187395 1.134519 1.069385 .9263796 .6729633 .393879 .180749 .1091226 .134787 .16952 .1991514 .2256363 .2496057 .26923 .285894 .2994106
1.074749 1.088225 1.099313 1.107321 1.108214 1.100881 1.090688 1.079596 1.068454 1.055762 1.040514 1.024416 1.008727 .994239 .9809178 .9717 .9661228 .9666827 .9687874 .9677062 .9645174 .9644077 .9687383 .985173 1.008202 1.037522 1.076879 1.120465 1.168648 1.21673 1.265168 1.311198 1.354731 1.390348 1.411561 1.430282 1.451071 1.468498 1.471551 1.460967 1.434914 1.398906 1.358133 1.313626 1.267423 1.220821 1.172254 1.117947 1.047605 .915639 .6892771 .4351592 .2324272 .1323845 .1271753 .1565132 .1860415 .2131317 .2386735 .260459 .2792435 .2949381
1.077953 1.086947 1.09439 1.097403 1.090983 1.077821 1.063383 1.048679 1.033458 1.017575 1.000807 .9842992 .9675432 .9524875 .9405099 .931927 .9258593 .9303179 .9360854 .9396697 .9411704 .9478531 .9586328 .9825317 1.015278 1.053397 1.097914 1.148331 1.203305 1.254503 1.304406 1.350641 1.393536 1.423219 1.4393 1.454523 1.470699 1.480654 1.477095 1.458693 1.42414 1.382597 1.338867 1.292451 1.244254 1.19653 1.149281 1.095183 1.026409 .900898 .7066085 .4859132 .2951781 .1740704 .1316759 .1439295 .1700988 .1964594 .2223256 .2459838 .2667533 .2846432
1.073441 1.07751 1.081809 1.07985 1.065984 1.047668 1.029081 1.012405 .9957061 .9798272 .9634745 .9464564 .9277783 .9113775 .9025137 .8992888 .8974722 .902186 .9104373 .9151608 .9214101 .9354197 .9525885 .9841493 1.027388 1.074868 1.126719 1.184839 1.243793 1.295786 1.345562 1.390378 1.429022 1.451542 1.462927 1.473601 1.483729 1.485462 1.474461 1.448388 1.404828 1.356488 1.311425 1.266166 1.219507 1.171957 1.124355 1.070607 1.000876 .8882349 .7248471 .5395873 .3636473 .2272338 .155978 .1412476 .1550962 .1772448 .2017113 .2261252 .2482153 .2680483
1.057546 1.057668 1.057595 1.050445 1.032338 1.011458 .9917372 .9753731 .959726 .945107 .9312702 .9160929 .8987601 .8844922 .8809966 .8864399 .8897323 .8951859 .9045778 .9107184 .9204586 .9429197 .9649028 1.004412 1.055975 1.109679 1.166849 1.230208 1.288602 1.338222 1.385597 1.425525 1.456469 1.471459 1.477764 1.483517 1.486562 1.479202 1.459687 1.423951 1.374905 1.327385 1.284326 1.239377 1.190736 1.141683 1.093462 1.039378 .9678393 .8728878 .7416273 .5834486 .4181338 .276029 .18957 .15511 .1508415 .1616066 .180466 .2027691 .2243126 .2450514
1.028447 1.026259 1.021956 1.009737 .9909948 .9706485 .9508231 .9346717 .9215245 .9111915 .901726 .8915915 .8831749 .8786676 .8834823 .893064 .8988283 .908469 .9207379 .9293068 .9472937 .9764279 1.008993 1.054345 1.106711 1.161999 1.219619 1.281271 1.33398 1.3779 1.419731 1.452004 1.474288 1.481963 1.482535 1.482407 1.476872 1.461206 1.434469 1.392966 1.344247 1.296083 1.249434 1.20019 1.144407 1.0926 1.045936 .998387 .9374622 .8550295 .7428704 .6043839 .4529544 .3166598 .2251818 .1783799 .160202 .1575581 .1649658 .179162 .1969239 .2162249
.9924893 .98893 .9824561 .970217 .9513977 .9305504 .9098299 .894542 .8841955 .8799037 .8779561 .877055 .8781609 .882356 .895313 .9082926 .9172209 .9313068 .9467885 .9641871 .9928578 1.028188 1.071021 1.118912 1.170323 1.224589 1.279558 1.333662 1.376354 1.41337 1.447461 1.470821 1.48423 1.485305 1.479867 1.473447 1.459592 1.437557 1.406175 1.362678 1.313033 1.261723 1.203278 1.13681 1.064843 1.005065 .963077 .9332036 .8910812 .8267031 .7367623 .6218322 .4860434 .3589111 .2659284 .2094076 .1794094 .1660986 .1627985 .1664822 .1748984 .1873839
.9579975 .9523907 .9482501 .9387608 .9225044 .9009693 .8768371 .8622136 .8605275 .8608572 .864077 .8727109 .8806384 .8921763 .911619 .928767 .9447386 .9635949 .9837436 1.010482 1.044344 1.086594 1.132936 1.180652 1.231693 1.281533 1.332677 1.378597 1.412397 1.442471 1.467866 1.482552 1.487633 1.481113 1.468975 1.455518 1.434833 1.408609 1.375273 1.332601 1.284523 1.226363 1.151401 1.057069 .9539483 .8803084 .8457312 .8329584 .8155062 .7806104 .7221195 .6304829 .5104316 .397516 .3074125 .245367 .2075897 .1858517 .175398 .1731334 .1757876 .1820155
.9273517 .9220605 .9198716 .9144276 .9012024 .8825055 .8652763 .8556992 .8602704 .8638788 .8699396 .8840281 .8969126 .9144198 .9378061 .9596284 .980859 1.003323 1.029647 1.060366 1.097018 1.141087 1.189269 1.237734 1.284721 1.330756 1.377149 1.41367 1.440172 1.463256 1.479585 1.484827 1.480844 1.46707 1.449913 1.430896 1.407312 1.380451 1.348052 1.307031 1.2595 1.198966 1.110068 .9850854 .8468043 .7546889 .7181789 .7199907 .7311743 .7284219 .6982059 .6308923 .5301147 .4271891 .3447738 .2833419 .2423141 .2151769 .1990663 .1920997 .1912681 .1939385
.8992257 .8972729 .8967938 .8949769 .8860872 .8758908 .8669975 .8641016 .874224 .881934 .8934031 .9096563 .9278347 .9510631 .9758447 .9993956 1.023109 1.050773 1.081276 1.113596 1.150606 1.194872 1.243549 1.289703 1.330687 1.37342 1.41213 1.439013 1.459327 1.475346 1.482609 1.479076 1.46757 1.447666 1.425824 1.402404 1.377146 1.351012 1.320283 1.282781 1.238089 1.176523 1.077026 .9300388 .7673399 .6533668 .6073332 .6139886 .6411574 .6627585 .6584689 .6219618 .5454357 .4521881 .3746114 .3167509 .2766551 .2479961 .2283417 .2170446 .2121894 .2116757
.8776878 .8788495 .8811287 .8817486 .8791614 .8765842 .8736935 .8788574 .894175 .9083685 .9260323 .945419 .9670803 .9922218 1.017986 1.043843 1.070512 1.101055 1.133954 1.166614 1.204929 1.248759 1.295558 1.333851 1.368276 1.405417 1.435259 1.454797 1.470135 1.479689 1.478064 1.466391 1.447383 1.421985 1.395918 1.369061 1.343269 1.319193 1.29258 1.260519 1.218672 1.155754 1.051327 .8952935 .7158796 .5837641 .5234088 .5210234 .5469949 .5842054 .6086571 .6060855 .5535802 .4729768 .3990871 .342608 .3040034 .2757214 .2578923 .2480545 .2411027 .2357315
.8701181 .871913 .8757017 .8771706 .8801467 .8833932 .8858688 .8996941 .919306 .9392918 .9608263 .984246 1.008884 1.035242 1.062836 1.091304 1.119266 1.150752 1.183041 1.216288 1.254371 1.294304 1.333636 1.363989 1.392823 1.422951 1.445777 1.460415 1.471423 1.474971 1.465717 1.44791 1.423177 1.39352 1.363303 1.333605 1.308502 1.287225 1.265483 1.238379 1.202148 1.144993 1.045471 .8922006 .7084234 .55575 .4750735 .4561588 .4715868 .5119539 .5514901 .5739837 .5471445 .4861574 .4209658 .3653571 .3248814 .2954486 .2783551 .2748788 .2749577 .2726828
.8739331 .8785017 .8833597 .8856997 .8932481 .9007112 .9086613 .9274219 .9502576 .9733511 .9971836 1.02209 1.048885 1.07594 1.103212 1.131441 1.159809 1.190469 1.220466 1.252035 1.285915 1.320652 1.352503 1.377596 1.401738 1.425911 1.444301 1.456604 1.465536 1.46515 1.450112 1.426576 1.396534 1.362239 1.328346 1.297448 1.27414 1.25622 1.239104 1.218374 1.191317 1.144957 1.059278 .9215981 .7471338 .5839943 .4779953 .4317919 .4275812 .4527205 .4893406 .5222073 .5229337 .4876333 .4381942 .3896558 .3490001 .3181705 .2980779 .2914773 .2952122 .3008035
1.70141E+38 1.70141E+38 1.70141E+38 1.70141E+38 1.70141E+38 1.70141E+38 1.70141E+38 1.70141E+38 1.70141E+38 1.70141E+38 1.70141E+38 1.70141E+38 1.70141E+38 1.70141E+38 1.70141E+38 1.70141E+38 1.70141E+38 1.70141E+38 1.70141E+38 1.70141E+38 1.70141E+38 1.70141E+38 1.70141E+38 1.70141E+38 1.70141E+38 1.70141E+38 1.70141E+38 1.70141E+38 1.70141E+38 1.70141E+38 1.70141E+38 1.70141E+38 1.70141E+38 1.70141E+38 1.70141E+38 1.70141E+38 1.70141E+38 1.70141E+38 1.70141E+38 1.70141E+38 1.70141E+38 1.70141E+38 1.70141E+38 1.70141E+38 1.70141E+38 1.70141E+38 1.70141E+38 1.70141E+38 1.70141E+38 1.70141E+38 1.70141E+38 1.70141E+38 1.70141E+38 1.70141E+38 1.70141E+38 1.70141E+38 1.70141E+38 1.70141E+38 1.70141E+38 1.70141E+38 1.70141E+38 1.70141E+38
1.70141E+38 1.70141E+38 1.70141E+38 1.70141E+38 1.70141E+38 1.70141E+38 1.70141E+38 1.70141E+38 1.70141E+38 1.70141E+38 1.70141E+38 1.70141E+38 1.70141E+38 1.70141E+38 1.70141E+38 1.70141E+38 1.70141E+38 1.70141E+38 1.70141E+38 1.70141E+38 1.70141E+38 1.70141E+38 1.70141E+38 1.70141E+38 1.70141E+38 1.70141E+38 1.70141E+38 1.70141E+38 1.70141E+38 1.70141E+38 1.70141E+38 1.70141E+38 1.70141E+38 1.70141E+38 1.70141E+38 1.70141E+38 1.70141E+38 1.70141E+38 1.70141E+38 1.70141E+38 1.70141E+38 1.70141E+38 1.70141E+38 1.70141E+38 1.70141E+38 1.70141E+38 1.70141E+38 1.70141E+38 1.70141E+38 1.70141E+38 1.70141E+38 1.70141E+38 1.70141E+38 1.70141E+38 1.70141E+38 1.70141E+38 1.70141E+38 1.70141E+38 1.70141E+38 1.70141E+38 1.70141E+38 1.70141E+38
1.70141E+38 1.70141E+38 1.70141E+38 1.70141E+38 1.70141E+38 1.70141E+38 1.70141E+38 1.70141E+38 1.70141E+38 1.70141E+38 1.70141E+38 1.70141E+38 1.70141E+38 1.70141E+38 1.70141E+38 1.70141E+38 1.70141E+38 1.70141E+38 1.70141E+38 1.70141E+38 1.70141E+38 1.70141E+38 1.70141E+38 1.70141E+38 1.70141E+38 1.70141E+38 1.70141E+38 1.70141E+38 1.70141E+38 1.70141E+38 1.70141E+38 1.70141E+38 1.70141E+38 1.70141E+38 1.70141E+38 1.70141E+38 1.70141E+38 1.70141E+38 1.70141E+38 1.70141E+38 1.70141E+38 1.70141E+38 1.70141E+38 1.70141E+38 1.70141E+38 1.70141E+38 1.70141E+38 1.70141E+38 1.70141E+38 1.70141E+38 1.70141E+38 1.70141E+38 1.70141E+38 1.70141E+38 1.70141E+38 1.70141E+38 1.70141E+38 1.70141E+38 1.70141E+38 1.70141E+38 1.70141E+38 1.70141E+38
1.70141E+38 1.70141E+38 1.70141E+38 1.70141E+38 1.70141E+38 1.70141E+38 1.70141E+38 1.70141E+38 1.70141E+38 1.70141E+38 1.70141E+38 1.70141E+38 1.70141E+38 1.70141E+38 1.70141E+38 1.70141E+38 1.70141E+38 1.70141E+38 1.70141E+38 1.70141E+38 1.70141E+38 1.70141E+38 1.70141E+38 1.70141E+38 1.70141E+38 1.70141E+38 1.70141E+38 1.70141E+38 1.70141E+38 1.70141E+38 1.70141E+38 1.70141E+38 1.70141E+38 1.70141E+38 1.70141E+38 1.70141E+38 1.70141E+38 1.70141E+38 1.70141E+38 1.70141E+38 1.70141E+38 1.70141E+38 1.70141E+38 1.70141E+38 1.70141E+38 1.70141E+38 1.70141E+38 1.70141E+38 1.70141E+38 1.70141E+38 1.70141E+38 1.70141E+38 1.70141E+38 1.70141E+38 1.70141E+38 1.70141E+38 1.70141E+38 1.70141E+38 1.70141E+38 1.70141E+38 1.70141E+38 1.70141E+38
1.70141E+38 1.70141E+38 1.70141E+38 1.70141E+38 1.70141E+38 1.70141E+38 1.70141E+38 1.70141E+38 1.70141E+38 1.70141E+38 1.70141E+38 1.70141E+38 1.70141E+38 1.70141E+38 1.70141E+38 1.70141E+38 1.70141E+38 1.70141E+38 1.70141E+38 1.70141E+38 1.70141E+38 1.70141E+38 1.70141E+38 1.70141E+38 1.70141E+38 1.70141E+38 1.70141E+38 1.70141E+38 1.70141E+38 1.70141E+38 1.70141E+38 1.70141E+38 1.70141E+38 1.70141E+38 1.70141E+38 1.70141E+38 1.70141E+38 1.70141E+38 1.70141E+38 1.70141E+38 1.70141E+38 1.70141E+38 1.70141E+38 1.70141E+38 1.70141E+38 1.70141E+38 1.70141E+38 1.70141E+38 1.70141E+38 1.70141E+38 1.70141E+38 1.70141E+38 1.70141E+38 1.70141E+38 1.70141E+38 1.70141E+38 1.70141E+38 1.70141E+38 1.70141E+38 1.70141E+38 1.70141E+38 1.70141E+38
1.70141E+38 1.70141E+38 1.70141E+38 1.70141E+38 1.70141E+38 1.70141E+38 1.70141E+38 1.70141E+38 1.70141E+38 1.70141E+38 1.70141E+38 1.70141E+38 1.70141E+38 1.70141E+38 1.70141E+38 1.70141E+38 1.70141E+38 1.70141E+38 1.70141E+38 1.70141E+38 1.70141E+38 1.70141E+38 1.70141E+38 1.70141E+38 1.70141E+38 1.70141E+38 1.70141E+38 1.70141E+38 1.70141E+38 1.70141E+38 1.70141E+38 1.70141E+38 1.70141E+38 1.70141E+38 1.70141E+38 1.70141E+38 1.70141E+38 1.70141E+38 1.70141E+38 1.70141E+38 1.70141E+38 1.70141E+38 1.70141E+38 1.70141E+38 1.70141E+38 1.70141E+38 1.70141E+38 1.70141E+38 1.70141E+38 1.70141E+38 1.70141E+38 1.70141E+38 1.70141E+38 1.70141E+38 1.70141E+38 1.70141E+38 1.70141E+38 1.70141E+38 1.70141E+38 1.70141E+38 1.70141E+38 1.70141E+38
1.70141E+38 1.70141E+38 1.70141E+38 1.70141E+38 1.70141E+38 1.70141E+38 1.70141E+38 1.70141E+38 1.70141E+38 1.70141E+38 1.70141E+38 1.70141E+38 1.70141E+38 1.70141E+38 1.70141E+38 1.70141E+38 1.70141E+38 1.70141E+38 1.70141E+38 1.70141E+38 1.70141E+38 1.70141E+38 1.70141E+38 1.70141E+38 1.70141E+38 1.70141E+38 1.70141E+38 1.70141E+38 1.70141E+38 1.70141E+38 1.70141E+38 1.70141E+38 1.70141E+38 1.70141E+38 1.70141E+38 1.70141E+38 1.70141E+38 1.70141E+38 1.70141E+38 1.70141E+38 1.70141E+38 1.70141E+38 1.70141E+38 1.70141E+38 1.70141E+38 1.70141E+38 1.70141E+38 1.70141E+38 1.70141E+38 1.70141E+38 1.70141E+38 1.70141E+38 1.70141E+38 1.70141E+38 1.70141E+38 1.70141E+38 1.70141E+38 1.70141E+38 1.70141E+38 1.70141E+38 1.70141E+38 1.70141E+38
1.70141E+38 1.70141E+38 1.70141E+38 1.70141E+38 1.70141E+38 1.70141E+38 1.70141E+38 1.70141E+38 1.70141E+38 1.70141E+38 1.70141E+38 1.70141E+38 1.70141E+38 1.70141E+38 1.70141E+38 1.70141E+38 1.70141E+38 1.70141E+38 1.70141E+38 1.70141E+38 1.70141E+38 1.70141E+38 1.70141E+38 1.70141E+38 1.70141E+38 1.70141E+38 1.70141E+38 1.70141E+38 1.70141E+38 1.70141E+38 1.70141E+38 1.70141E+38 1.70141E+38 1.70141E+38 1.70141E+38 1.70141E+38 1.70141E+38 1.70141E+38 1.70141E+38 1.70141E+38 1.70141E+38 1.70141E+38 1.70141E+38 1.70141E+38 1.70141E+38 1.70141E+38 1.70141E+38 1.70141E+38 1.70141E+38 1.70141E+38 1.70141E+38 1.70141E+38 1.70141E+38 1.70141E+38 1.70141E+38 1.70141E+38 1.70141E+38 1.70141E+38 1.70141E+38 1.70141E+38 1.70141E+38 1.70141E+38
