py_wake/examples/data/AJ_ParqueFicticio/Ridge area   Sector 4   Height 30m   Orographic speed.grd
DSAA
90  129
 262878   265103
 6504214   6507414
 .06656846   1.67403
[rows 54 to 80 of 129, columns 0 to 61 of 90]
.703351 .6697657 .6248293 .5666214 .5047975 .4423442 .3863665 .3401954 .2999806 .2687346 .2496348 .2364308 .220778 .1968332 .1684681 .1406876 .118296 .1030269 .09143113 .08440208 .08431218 .09130692 .1074083 .1293792 .1542295 .1751361 .1956736 .2273205 .2574926 .2924412 .3482116 .4153086 .4955499 .5952993 .6982539 .809036 .9276879 1.038339 1.139168 1.229067 1.309012 1.385158 1.453641 1.516932 1.573528 1.604088 1.60412 1.580365 1.539527 1.479522 1.4078 1.321931 1.234266 1.156349 1.084099 1.03477 1.009789 1.000786 1.005811 1.029111 1.06838 1.108341
.7305954 .7057865 .6691853 .6171258 .5520735 .4891835 .4346622 .3889878 .3510502 .3232085 .3072472 .2979529 .2832488 .2567332 .2246374 .1919426 .1633655 .1405032 .1237216 .1145572 .1147743 .1249575 .1424154 .166459 .1979165 .2297911 .2640559 .3016329 .3434614 .3928742 .4507273 .5236977 .6016864 .680548 .7618678 .8540408 .9637391 1.065586 1.155898 1.238175 1.31424 1.387758 1.454579 1.518551 1.5717 1.600473 1.605125 1.587066 1.552793 1.497692 1.428619 1.350066 1.270051 1.199969 1.137893 1.091978 1.069605 1.063275 1.067708 1.085185 1.110624 1.134166
.7555709 .7402303 .7126767 .666074 .6019239 .5405046 .4851075 .4397746 .4042916 .3793981 .3673508 .3639286 .3546992 .327435 .2931751 .2570706 .2244663 .1959907 .1727675 .1586581 .1592723 .1704078 .18804 .2164471 .2556668 .2983905 .3423215 .3882202 .4368314 .4933488 .5593376 .6347975 .7123818 .7827771 .8553897 .9377399 1.024282 1.106889 1.181024 1.254393 1.326475 1.395316 1.459506 1.521514 1.568972 1.59676 1.604961 1.590912 1.561275 1.516047 1.452012 1.378748 1.305417 1.240338 1.183174 1.139725 1.118341 1.112139 1.114337 1.125287 1.140919 1.155704
.780933 .7723462 .7516925 .7113704 .6555176 .5941156 .5391698 .4964535 .4636014 .4406262 .4288904 .4305522 .428579 .4085847 .3740653 .3352618 .2971309 .2643604 .2353482 .2176566 .2184507 .2303583 .2476916 .2772479 .3211257 .3716161 .4225967 .4753314 .5286974 .5928261 .6645096 .7405792 .8143846 .885525 .9588998 1.029853 1.096978 1.157823 1.216666 1.279165 1.345188 1.409011 1.469406 1.525241 1.566366 1.593869 1.604097 1.593702 1.567481 1.529753 1.475951 1.409903 1.341434 1.279653 1.226721 1.184831 1.160467 1.151531 1.150465 1.156583 1.165626 1.172006
.8015537 .8010321 .7861102 .7503703 .7024515 .6480469 .5972613 .5532047 .5206874 .5008846 .4938986 .4964636 .4979032 .4838475 .4536881 .4189943 .3824516 .348604 .3142744 .2944373 .2940595 .303799 .3206874 .3505936 .3949128 .4479482 .5028048 .5575123 .6176957 .6862356 .760622 .8382916 .9111457 .9796731 1.044357 1.10548 1.159954 1.209838 1.260185 1.312598 1.36854 1.425685 1.480601 1.527123 1.565079 1.59165 1.602758 1.595474 1.573197 1.539325 1.494316 1.438806 1.377035 1.320085 1.270397 1.230403 1.203102 1.188776 1.183108 1.182007 1.181593 1.178308
.8203654 .8267509 .8193262 .7917297 .7497444 .7004587 .6536214 .6126451 .5809556 .5604566 .5545995 .5586767 .5624545 .5530839 .5281466 .4987071 .466778 .4330723 .4020168 .3823555 .3800342 .3851186 .4019544 .4341934 .478253 .5289211 .583394 .6392538 .6992595 .7681829 .8445228 .9226493 .9950979 1.056974 1.112633 1.164272 1.209034 1.252463 1.296847 1.342969 1.391387 1.441773 1.487472 1.527463 1.565012 1.590662 1.601225 1.596551 1.579007 1.548708 1.508151 1.462715 1.410937 1.358563 1.311671 1.272241 1.243645 1.224672 1.210603 1.200069 1.189023 1.17744
.8400765 .851871 .8525931 .8336933 .7976809 .7539906 .7116472 .6746363 .6437761 .6206151 .6133816 .6180532 .6240997 .6192406 .602326 .5822158 .5566036 .5258388 .495736 .4729643 .4722196 .4780988 .4915465 .5241342 .5675708 .6146707 .6662512 .7193909 .7785838 .8437513 .9153458 .9914823 1.061418 1.115793 1.163027 1.207213 1.245242 1.283234 1.323522 1.363942 1.408679 1.45238 1.490303 1.527562 1.566283 1.590426 1.598429 1.596205 1.585061 1.559407 1.522419 1.482652 1.440519 1.394583 1.349797 1.309923 1.277543 1.253302 1.231657 1.210754 1.189847 1.171448
.8624079 .8771326 .882884 .8715078 .8413591 .8040118 .7675079 .7339045 .7040836 .680195 .6706545 .6715209 .6789283 .6827752 .6763701 .6622041 .6432559 .6187279 .5935653 .5753403 .5720235 .577181 .5889477 .6188621 .6608086 .7045927 .7492324 .7983964 .8553984 .9145446 .9786694 1.045657 1.106802 1.15346 1.195911 1.233342 1.266922 1.303004 1.33922 1.377025 1.419172 1.45733 1.491702 1.528297 1.567949 1.588329 1.592725 1.592301 1.587533 1.571423 1.53984 1.503389 1.46615 1.426379 1.383921 1.341767 1.302848 1.271467 1.243229 1.214651 1.184104 1.158468
.8851707 .9012859 .9108049 .9066849 .8828838 .8513497 .8181941 .7865382 .7580522 .7348405 .7241021 .7247 .7298817 .7334263 .7351668 .7275314 .7182838 .7048567 .6925994 .6833733 .6772994 .6846561 .6974737 .7243361 .7596644 .799091 .8375492 .8768174 .9235505 .9773929 1.030414 1.086619 1.135265 1.177813 1.215788 1.248088 1.280753 1.314473 1.347636 1.384407 1.423728 1.458843 1.493183 1.530719 1.568928 1.584937 1.587282 1.587633 1.586395 1.580186 1.55939 1.527006 1.490291 1.453063 1.413505 1.369252 1.323334 1.283998 1.249468 1.214364 1.174079 1.138427
.9037396 .9228699 .9390857 .9384258 .9191697 .8925788 .8638437 .8356922 .8095315 .7871144 .7716678 .7640956 .7657626 .7738021 .7849772 .7889296 .786413 .7829224 .7799286 .7812912 .7835971 .7893395 .8056151 .8286336 .8611569 .8898026 .9152777 .9463912 .9868949 1.028746 1.073958 1.119062 1.158224 1.196495 1.229964 1.258656 1.288925 1.319948 1.351644 1.387187 1.424225 1.458182 1.492971 1.531911 1.56878 1.582406 1.584658 1.585368 1.585618 1.585073 1.576289 1.55134 1.514411 1.47682 1.439505 1.394766 1.342425 1.295285 1.254246 1.21264 1.163439 1.118392
.9143464 .9369712 .9583791 .9567818 .9383884 .9143012 .8882071 .8623572 .8383703 .8178186 .8028102 .7949842 .7963523 .8078112 .826556 .83833 .8372115 .8374922 .845895 .8652094 .8723639 .8744963 .8859012 .9133196 .9434193 .9586321 .9757439 1.004914 1.037272 1.070123 1.108789 1.144935 1.178112 1.211599 1.240833 1.266956 1.294154 1.32186 1.351059 1.384827 1.421276 1.454997 1.48929 1.528006 1.565937 1.581961 1.585452 1.586466 1.587396 1.589015 1.588529 1.573114 1.537406 1.498115 1.461546 1.418564 1.360315 1.306045 1.258552 1.211587 1.156582 1.105834
.9166148 .9401687 .9643747 .9672605 .9522349 .9326108 .9097688 .8848792 .8606687 .84047 .8248525 .8145862 .8130739 .8243142 .8458443 .8623306 .8702369 .8769954 .8903148 .9131625 .9247659 .9295009 .9418566 .9691744 .991984 1.006164 1.022555 1.04823 1.073587 1.101577 1.133788 1.163756 1.192034 1.220183 1.246282 1.270309 1.293515 1.316898 1.343914 1.376763 1.413374 1.448103 1.482437 1.519877 1.559409 1.582317 1.589681 1.591131 1.592314 1.594535 1.598037 1.590222 1.557348 1.516346 1.479078 1.438834 1.37576 1.31586 1.263177 1.212437 1.154623 1.101026
.9151351 .937897 .9602179 .9725643 .9623817 .9454471 .9247316 .8991515 .8719272 .8480824 .8291935 .8155344 .8116391 .8225375 .8473697 .8721235 .8845865 .895904 .910675 .9311284 .946423 .9595321 .9750437 .9967118 1.017905 1.036596 1.056541 1.079246 1.101378 1.125499 1.153341 1.178964 1.202323 1.225515 1.249102 1.270499 1.288538 1.307067 1.332258 1.364156 1.399964 1.43778 1.474301 1.510713 1.549345 1.581165 1.595736 1.598976 1.600285 1.602349 1.60703 1.603451 1.572458 1.530606 1.492673 1.454862 1.38922 1.325478 1.268372 1.214161 1.154998 1.099228
.9109896 .9321347 .9514269 .9647191 .9660016 .9549021 .9363376 .9092764 .8767692 .8472025 .8240632 .8070739 .8019697 .8140849 .8411627 .8757536 .8937976 .9040607 .9174336 .9391466 .9593845 .9731489 .989365 1.011537 1.033385 1.051708 1.07201 1.095507 1.114729 1.137212 1.166002 1.189989 1.207641 1.225412 1.247668 1.267448 1.280715 1.294921 1.317508 1.348447 1.384597 1.424401 1.464884 1.502565 1.540465 1.576973 1.60041 1.608963 1.610549 1.612143 1.616505 1.614405 1.584076 1.541691 1.503222 1.466772 1.400094 1.334479 1.273776 1.21623 1.156287 1.100093
.9030582 .9236229 .9408825 .9509556 .9522396 .9477441 .9323518 .902473 .8641248 .829415 .8037656 .7867559 .7835028 .7990708 .8269218 .8622151 .8913205 .9054125 .9183154 .9395189 .9640099 .9799893 .9959345 1.018051 1.040402 1.058078 1.076716 1.09702 1.115404 1.137998 1.165432 1.190081 1.205099 1.218174 1.237254 1.255533 1.267527 1.279475 1.299442 1.329733 1.36781 1.408888 1.453358 1.496251 1.534161 1.571202 1.602056 1.618671 1.622522 1.623097 1.62638 1.624067 1.593531 1.550162 1.510769 1.47349 1.404902 1.338 1.275582 1.217 1.157532 1.102151
.8934687 .9114065 .9271939 .9322587 .928664 .9206474 .9037369 .8738249 .8373564 .8039725 .7788416 .7628965 .7611393 .7748756 .8010513 .8349903 .8675057 .8898377 .9096944 .9303165 .9533113 .9754353 .9933456 1.013029 1.034437 1.055828 1.072974 1.086888 1.105023 1.127876 1.151686 1.175179 1.19071 1.200874 1.213346 1.228045 1.240709 1.254388 1.276477 1.307997 1.348168 1.391602 1.439306 1.489742 1.530746 1.566713 1.601012 1.626025 1.634901 1.634638 1.636212 1.63226 1.600747 1.555793 1.514622 1.472672 1.401738 1.333928 1.271562 1.213974 1.15732 1.105891
.8795663 .8960159 .9098074 .9101618 .9001427 .8868942 .8671401 .8385362 .8050826 .7738131 .7506998 .7357364 .7316831 .7428537 .767695 .7996623 .8298513 .8548949 .8806679 .9061344 .9284241 .9526928 .975489 .9953847 1.016751 1.036637 1.054243 1.065651 1.082347 1.100279 1.123218 1.145012 1.160037 1.168251 1.177547 1.187122 1.196843 1.211657 1.238641 1.281485 1.32648 1.373361 1.425317 1.481689 1.530928 1.566076 1.600636 1.630544 1.645359 1.645836 1.644514 1.637599 1.604973 1.55865 1.515128 1.466294 1.395435 1.328488 1.266275 1.209377 1.156608 1.109517
.8607835 .876013 .8885224 .8869012 .8710229 .8512351 .8283752 .8009898 .7692946 .7395835 .7187471 .7027231 .6951934 .7067413 .730193 .7594134 .784586 .8096592 .8357242 .8617909 .8881916 .9144241 .9368721 .9577263 .9791211 .9972858 1.011415 1.022643 1.036808 1.053508 1.074798 1.095879 1.111141 1.120931 1.129695 1.137368 1.147179 1.156439 1.178509 1.237893 1.304705 1.358306 1.413892 1.474931 1.532896 1.570802 1.603901 1.634962 1.653421 1.655045 1.650033 1.63818 1.604592 1.558653 1.51295 1.457778 1.38938 1.323888 1.262589 1.206864 1.156439 1.112493
.8382346 .848716 .8586674 .8551391 .8346832 .8104077 .7859297 .7605597 .7323362 .7055002 .6847913 .6684607 .6595542 .6663033 .6866126 .710417 .7329991 .7561441 .779765 .8035934 .8293505 .8575687 .8798568 .8973529 .9152017 .9314778 .9449279 .954315 .9654862 .9784878 .997353 1.019918 1.037618 1.04934 1.056157 1.067316 1.089058 1.103531 1.122892 1.190073 1.282477 1.349982 1.409901 1.473608 1.537713 1.580425 1.611964 1.641691 1.659882 1.660882 1.651113 1.63417 1.600685 1.556917 1.508721 1.449869 1.385149 1.320275 1.26005 1.205531 1.156696 1.114453
.8063779 .8133665 .8187468 .8122848 .791306 .7679983 .7449633 .7218044 .69708 .6739005 .6546213 .6377288 .6258231 .6262244 .6376227 .6556369 .6732605 .6942894 .7137304 .7349716 .7585517 .7809799 .8002378 .8148383 .8266893 .8378817 .8481935 .8551705 .8631453 .8720995 .8872426 .9049857 .9290716 .9486691 .9581003 .9772807 1.013238 1.046804 1.090555 1.166462 1.272963 1.351484 1.415754 1.48039 1.547943 1.593568 1.623252 1.650132 1.664508 1.662262 1.647953 1.627466 1.594298 1.551854 1.501333 1.442141 1.38089 1.317351 1.25904 1.205562 1.15835 1.117184
.7675897 .7727011 .7739936 .7645896 .7452962 .723425 .701268 .6803003 .6605868 .6403878 .6190584 .6000072 .5865331 .5845514 .590575 .5976077 .610683 .627104 .6426967 .6638131 .6865032 .7001867 .708195 .7183248 .7257863 .7290547 .7280199 .7273938 .7266097 .7314107 .7410275 .7509143 .7789866 .8143305 .8393286 .8707225 .919793 .9827463 1.058968 1.156163 1.273474 1.359203 1.427604 1.493272 1.562058 1.607756 1.635147 1.658341 1.666938 1.659778 1.641683 1.618275 1.584591 1.54077 1.488765 1.432837 1.374064 1.314198 1.259235 1.207948 1.161896 1.121511
.7296372 .730701 .7269394 .7165442 .6975698 .6746666 .6518577 .6354624 .626057 .6115921 .5917081 .5688048 .5459727 .5367181 .543304 .5478032 .5487921 .5594686 .577195 .5990499 .6193404 .6262816 .6228822 .6178735 .6201739 .6220211 .6126133 .5939505 .5759034 .5777956 .5831847 .5813159 .6037596 .6594318 .7139947 .7711655 .8461875 .9384633 1.03827 1.157718 1.284192 1.373122 1.44241 1.508189 1.576866 1.621025 1.646227 1.665394 1.667752 1.655192 1.633099 1.606189 1.569503 1.5219 1.470424 1.419621 1.363724 1.308865 1.259315 1.21252 1.16776 1.128401
.6925568 .6917201 .6848862 .6731765 .6541401 .6314507 .60974 .5984865 .5968321 .5862847 .5696306 .5477732 .5239123 .5096908 .511595 .5112336 .505696 .5091186 .5247771 .5449021 .5576143 .5573269 .5479353 .534853 .5284567 .524941 .5103751 .4861933 .4599017 .4523475 .45561 .4533873 .4729367 .5417131 .6234881 .7157517 .823914 .9454744 1.063463 1.194489 1.312854 1.395051 1.461347 1.525762 1.591978 1.632671 1.655788 1.670705 1.667425 1.65003 1.622792 1.589255 1.546048 1.495564 1.44621 1.399189 1.34901 1.301175 1.258281 1.217149 1.175063 1.138137
.65224 .6501858 .6432078 .6322868 .615528 .5980335 .5841752 .5794962 .5787675 .5712637 .5584839 .5393236 .5231884 .5113821 .5035793 .4981439 .4899116 .4875857 .4912823 .5008816 .5073453 .5042751 .4942451 .4804318 .4678842 .4557133 .4378037 .4148833 .3933983 .3855348 .3856429 .3907745 .4226045 .4939661 .5930433 .7123153 .8502129 .9983456 1.134349 1.258339 1.352676 1.423005 1.484058 1.545871 1.606387 1.641987 1.663103 1.673749 1.666358 1.644545 1.608017 1.563293 1.51392 1.463406 1.415527 1.371749 1.32926 1.289467 1.253098 1.218672 1.181778 1.150106
.6122701 .6069462 .6005982 .5954605 .5844705 .5720612 .5638778 .566493 .5686662 .5642148 .5572041 .5499501 .5378649 .5255989 .5146858 .5071838 .4999937 .4896431 .4829993 .481907 .4823033 .4767112 .4675094 .4580103 .4458604 .4269773 .4057223 .3863908 .3731583 .3664395 .36608 .3807169 .4267105 .5066887 .6264999 .7703823 .9277735 1.082392 1.214887 1.3154 1.388309 1.449948 1.507416 1.566708 1.618582 1.648197 1.667114 1.67403 1.664096 1.634684 1.58538 1.530748 1.478041 1.427291 1.380623 1.340064 1.305001 1.272686 1.243005 1.215559 1.185661 1.160276
.5819348 .5742778 .5691069 .5721155 .5679017 .5584461 .5545183 .5622755 .5686113 .5714074 .5737216 .570926 .5639963 .5549966 .5474993 .5376798 .5264438 .5136896 .5036764 .49615 .4895025 .4805429 .4730581 .4673114 .456526 .4368688 .4164613 .4040363 .3955714 .3880265 .3916112 .4189682 .4705252 .5686845 .7144023 .8754354 1.031961 1.170607 1.279667 1.356936 1.418388 1.474468 1.529661 1.584178 1.626159 1.650782 1.666963 1.670998 1.659017 1.618249 1.560376 1.499233 1.441441 1.389827 1.344473 1.30681 1.276672 1.250251 1.227466 1.206809 1.183465 1.16427
.5703052 .5664131 .5670768 .5721722 .5712761 .568155 .5707158 .5778396 .5881168 .5978149 .6052029 .609291 .6096559 .6064265 .5971286 .5859639 .5730589 .5589127 .5489427 .5373651 .5281201 .5192735 .5134394 .5078184 .4989821 .4860518 .4726094 .4645914 .4592972 .4583996 .4720374 .5074662 .5674433 .6797996 .8325925 .9902651 1.128544 1.24023 1.325276 1.38876 1.444066 1.497689 1.550386 1.595995 1.628402 1.649948 1.663102 1.665088 1.649533 1.598633 1.537542 1.471941 1.409146 1.354658 1.308418 1.272194 1.24586 1.2242 1.206139 1.190894 1.173739 1.158857
