py_wake/examples/data/AJ_ParqueFicticio/Rough survey   Sector 5   Height 200m   Mean speed.grd
DSAA
73  159
 258469   265669
 6501692   6517492
 6.575564   12.64484
[rows 84 to 111 of 159, columns 0 to 62 of 73]
9.597439 9.582902 9.577125 9.572481 9.571212 9.571127 9.576406 9.581392 9.581604 9.5661 9.536915 9.49248 9.438477 9.400162 9.372166 9.323317 9.275735 9.238719 9.230493 9.255178 9.299663 9.338857 9.391539 9.465994 9.562205 9.654718 9.722323 9.775432 9.810677 9.808615 9.758643 9.702773 9.63398 9.526081 9.445851 9.347445 9.311351 9.342179 9.368982 9.373419 9.368953 9.307177 9.19459 9.070216 9.018481 8.9703 8.88461 8.833143 8.826822 8.892797 9.035692 9.175353 9.288124 9.348392 9.362419 9.318522 9.198096 9.0271 8.834106 8.639704 8.470661 8.348528 8.234348
9.602326 9.596025 9.586313 9.58468 9.583453 9.590736 9.596059 9.603987 9.598536 9.58954 9.553131 9.51495 9.470365 9.410912 9.374783 9.335316 9.293652 9.247801 9.2015 9.192869 9.221024 9.254779 9.313803 9.409484 9.554563 9.699839 9.784266 9.812105 9.768051 9.706614 9.612392 9.556935 9.536369 9.4538 9.373942 9.286125 9.277561 9.362047 9.418748 9.447492 9.439833 9.359492 9.254103 9.121067 9.027903 8.974458 8.881598 8.776615 8.691288 8.69874 8.842553 9.035886 9.208069 9.318267 9.36266 9.343921 9.223628 9.044804 8.842043 8.632391 8.435249 8.274477 8.165155
9.583266 9.586016 9.591767 9.598722 9.598426 9.602685 9.61179 9.61496 9.619108 9.607541 9.580491 9.545192 9.498292 9.441876 9.387701 9.349594 9.317756 9.27027 9.216686 9.183864 9.168352 9.183303 9.222773 9.301723 9.459341 9.656213 9.790009 9.82 9.717761 9.592789 9.473475 9.397351 9.378059 9.346136 9.30682 9.248681 9.244298 9.338654 9.422902 9.488791 9.49434 9.421861 9.310658 9.195294 9.10672 9.041114 8.950624 8.83311 8.702387 8.616544 8.662691 8.849475 9.070742 9.209762 9.316503 9.32206 9.211972 9.042033 8.843746 8.625587 8.408197 8.231972 8.124873
9.579958 9.587311 9.600033 9.608418 9.610984 9.613015 9.624727 9.62684 9.633792 9.629683 9.607581 9.579556 9.541978 9.478162 9.406613 9.36126 9.328177 9.289124 9.255635 9.211716 9.183441 9.177531 9.185142 9.23043 9.360186 9.57313 9.745912 9.810955 9.708666 9.534379 9.386819 9.275229 9.249357 9.247083 9.255963 9.226987 9.242707 9.333374 9.431639 9.511062 9.515757 9.46172 9.369602 9.256926 9.163693 9.078613 9.010121 8.915552 8.758822 8.615932 8.569285 8.695088 8.877892 9.066451 9.188272 9.230214 9.135803 8.97473 8.800777 8.584981 8.363545 8.192705 8.138618
9.610597 9.607015 9.617758 9.622924 9.628479 9.632851 9.631702 9.635941 9.642461 9.651875 9.638906 9.613828 9.577495 9.527886 9.453514 9.385212 9.336789 9.30263 9.27356 9.24121 9.227901 9.23343 9.2412 9.259666 9.333476 9.510923 9.720007 9.827435 9.746604 9.553007 9.352971 9.218482 9.162969 9.142797 9.147579 9.168144 9.265042 9.372392 9.469615 9.534277 9.541986 9.500658 9.397673 9.265327 9.156821 9.064127 8.984376 8.914618 8.778945 8.63692 8.544291 8.560201 8.658148 8.819848 9.007586 9.080807 9.007991 8.850036 8.689442 8.500277 8.282369 8.140702 8.1711
9.651194 9.645575 9.637012 9.644649 9.660565 9.664273 9.656817 9.64161 9.641598 9.647354 9.65763 9.646304 9.61996 9.575674 9.51438 9.431521 9.35801 9.311567 9.285155 9.266117 9.278852 9.310461 9.349642 9.390084 9.420538 9.528138 9.713016 9.858024 9.813465 9.604126 9.356539 9.181483 9.090228 9.044137 9.028943 9.094122 9.233306 9.382871 9.509995 9.582455 9.595253 9.543062 9.416933 9.27109 9.140553 9.064963 8.964069 8.886123 8.77124 8.659658 8.578238 8.515965 8.46906 8.569038 8.72987 8.855493 8.819549 8.683402 8.525911 8.357161 8.160427 8.071093 8.15977
9.699116 9.681115 9.673401 9.671358 9.690181 9.696822 9.699286 9.68156 9.664592 9.652005 9.656963 9.661572 9.646788 9.626961 9.576496 9.499802 9.408332 9.343346 9.290009 9.274329 9.309551 9.38649 9.469286 9.539533 9.580303 9.61378 9.748505 9.890154 9.861874 9.64216 9.369266 9.160114 9.055527 8.994306 8.96436 9.050467 9.163582 9.357803 9.538835 9.640548 9.647995 9.57327 9.447208 9.310231 9.230826 9.150141 9.079265 8.96954 8.86292 8.793461 8.745044 8.675827 8.54873 8.466752 8.501466 8.61085 8.619542 8.504848 8.329617 8.159712 7.993521 7.955426 8.093549
9.737049 9.723456 9.715486 9.713672 9.724904 9.742664 9.747446 9.73642 9.710035 9.686106 9.672219 9.674742 9.671167 9.66391 9.641693 9.581602 9.501266 9.425364 9.351479 9.282264 9.314827 9.434334 9.571873 9.685396 9.722242 9.740969 9.818695 9.927664 9.891618 9.658912 9.396947 9.181129 9.055895 8.972565 8.991487 9.058948 9.118495 9.294511 9.53033 9.68983 9.709706 9.621631 9.480665 9.398928 9.346341 9.272614 9.192704 9.066582 8.963167 8.931986 8.946377 8.892456 8.777963 8.623679 8.503003 8.442631 8.453247 8.363276 8.167589 7.966845 7.804041 7.794044 7.983863
9.784647 9.771812 9.764229 9.760464 9.76785 9.787233 9.797074 9.791532 9.774988 9.743406 9.703059 9.681881 9.684948 9.690617 9.687733 9.671362 9.619061 9.559093 9.472636 9.34366 9.305933 9.44042 9.634398 9.783087 9.84128 9.835716 9.894337 9.971741 9.895865 9.66591 9.407302 9.20022 9.063979 8.960407 9.00033 9.088037 9.117414 9.235709 9.485198 9.689466 9.741328 9.654633 9.53914 9.476614 9.431588 9.344675 9.232988 9.078045 9.008459 9.02224 9.065492 9.054414 8.973965 8.838117 8.655997 8.526147 8.436469 8.343261 8.152501 7.888018 7.635614 7.612929 7.829032
9.82924 9.828118 9.816406 9.8086 9.81298 9.834838 9.852052 9.851517 9.835447 9.809431 9.76274 9.71652 9.698987 9.707381 9.717671 9.728371 9.73912 9.723228 9.66138 9.503213 9.345061 9.415948 9.641521 9.84609 9.920107 9.90303 9.937841 9.995257 9.897232 9.659885 9.391875 9.183425 9.02427 8.955346 9.02052 9.114976 9.13618 9.198405 9.424051 9.647062 9.743023 9.687253 9.609494 9.539827 9.478059 9.363727 9.231725 9.115311 9.052203 9.062828 9.106355 9.114646 9.073318 8.999437 8.830667 8.679375 8.549814 8.422405 8.19781 7.872293 7.53721 7.433201 7.643413
9.875384 9.881503 9.873204 9.86897 9.86426 9.883099 9.907035 9.919454 9.90316 9.879494 9.843813 9.783325 9.742435 9.726971 9.723945 9.756124 9.81753 9.880523 9.876915 9.721313 9.489153 9.430895 9.625035 9.862091 9.964273 9.942518 9.951062 9.981186 9.877187 9.646825 9.378937 9.136288 8.966564 8.922391 9.047265 9.150435 9.154366 9.197942 9.386255 9.595835 9.711574 9.691373 9.624447 9.537957 9.464627 9.365246 9.248387 9.157111 9.105812 9.09305 9.087718 9.068005 9.039677 8.990958 8.8846 8.77148 8.636295 8.491726 8.270082 7.926844 7.527023 7.30123 7.428886
9.907625 9.934623 9.934373 9.931484 9.930662 9.929258 9.959109 9.976861 9.978719 9.958531 9.923691 9.879758 9.826416 9.777512 9.748797 9.750438 9.816097 9.965091 10.04403 9.950122 9.698745 9.529049 9.631866 9.855639 9.97678 9.955013 9.929596 9.919168 9.816578 9.620729 9.361257 9.095341 8.904279 8.861087 9.026776 9.159551 9.170134 9.190403 9.349633 9.556551 9.64093 9.623103 9.558667 9.493432 9.433184 9.370522 9.283794 9.209981 9.161371 9.110833 9.076429 9.011813 8.935637 8.884949 8.825425 8.747555 8.628797 8.497169 8.316863 8.019037 7.597002 7.250801 7.240455
9.940327 9.973735 9.990276 9.990302 9.999101 9.998493 10.00573 10.03167 10.04304 10.03702 10.01131 9.990689 9.94618 9.886524 9.814849 9.767785 9.796419 9.96549 10.12861 10.12348 9.899055 9.670816 9.682376 9.866179 9.975263 9.943373 9.853896 9.80326 9.703636 9.516894 9.278403 9.02154 8.81775 8.785711 8.966169 9.15612 9.188137 9.181219 9.325543 9.529165 9.579555 9.548941 9.483974 9.41953 9.383383 9.351187 9.320615 9.24677 9.194789 9.136351 9.086195 8.98697 8.86305 8.745047 8.68052 8.608667 8.498047 8.375641 8.26618 8.043941 7.68385 7.302792 7.129163
9.982446 10.01551 10.03094 10.04719 10.0629 10.08316 10.07529 10.07608 10.10471 10.11403 10.09883 10.09538 10.08352 10.05596 9.972672 9.861948 9.821423 9.946205 10.14639 10.20211 10.04604 9.818299 9.781733 9.908503 9.984439 9.904605 9.808349 9.724103 9.61783 9.438377 9.219418 8.978654 8.753827 8.673891 8.847008 9.098975 9.186668 9.201099 9.304033 9.464072 9.516443 9.493481 9.431773 9.360382 9.318042 9.291216 9.277463 9.228833 9.20502 9.152377 9.096352 9.011251 8.848858 8.666962 8.532133 8.424982 8.282737 8.153953 8.055223 7.912726 7.670875 7.350124 7.101727
10.0433 10.06741 10.08729 10.09303 10.1077 10.15044 10.16631 10.14574 10.16312 10.18381 10.17996 10.19229 10.21105 10.23431 10.19694 10.07461 9.953327 9.994599 10.16916 10.26829 10.14954 9.948739 9.879025 9.963043 10.00477 9.923491 9.813736 9.75001 9.667036 9.485907 9.250937 8.997024 8.733342 8.597203 8.733088 8.97769 9.09943 9.159815 9.25571 9.396544 9.44638 9.430308 9.370517 9.313171 9.282764 9.256092 9.241572 9.215816 9.198431 9.135876 9.073029 8.987281 8.855371 8.714434 8.513027 8.316406 8.120374 7.945769 7.815577 7.693216 7.520976 7.294724 7.089726
10.1256 10.15455 10.16599 10.16497 10.1478 10.20284 10.25703 10.25609 10.23908 10.26348 10.27524 10.28236 10.31796 10.39522 10.42029 10.33638 10.19351 10.15705 10.26508 10.3425 10.25269 10.07715 10.00283 10.02562 10.02691 9.962815 9.872485 9.842765 9.781534 9.585696 9.33288 9.042311 8.749829 8.598361 8.683524 8.863899 8.989968 9.063357 9.160963 9.304513 9.386214 9.380037 9.309383 9.243281 9.208977 9.221454 9.236168 9.217378 9.20445 9.151162 9.063565 8.987176 8.913006 8.78924 8.571454 8.349613 8.126188 7.882777 7.700203 7.529192 7.380198 7.215792 7.092486
10.20811 10.25381 10.27328 10.26661 10.2247 10.23749 10.33405 10.37317 10.34845 10.37911 10.38454 10.38755 10.42231 10.49467 10.58135 10.5734 10.47932 10.4112 10.43557 10.47589 10.3898 10.21831 10.10963 10.08309 10.07436 10.04217 9.9671 9.934616 9.864446 9.681655 9.408807 9.083526 8.781623 8.6572 8.728508 8.811876 8.895612 8.952237 9.052848 9.194343 9.306722 9.332704 9.25458 9.164193 9.106912 9.125339 9.20511 9.280374 9.326526 9.29867 9.183039 9.060458 8.956108 8.812205 8.612961 8.391304 8.15241 7.909564 7.686584 7.492027 7.305427 7.141536 7.051332
10.25777 10.34697 10.39627 10.38746 10.33558 10.29341 10.37796 10.48703 10.49424 10.51056 10.51864 10.50027 10.52471 10.59246 10.67744 10.73054 10.70533 10.67428 10.66786 10.65917 10.54841 10.36358 10.21169 10.1643 10.19254 10.18945 10.11283 10.02954 9.926438 9.734334 9.461403 9.133253 8.843984 8.735161 8.796607 8.847287 8.891893 8.945255 8.996906 9.097692 9.217754 9.263723 9.222426 9.12996 9.059745 9.011054 9.122638 9.345634 9.489622 9.490783 9.371309 9.209003 9.012105 8.826811 8.621029 8.40184 8.155491 7.918123 7.66818 7.4242 7.173069 6.999322 6.965417
10.27274 10.4062 10.49777 10.52874 10.47867 10.38285 10.41187 10.55206 10.60715 10.64606 10.6753 10.65528 10.65496 10.69338 10.75917 10.83511 10.85739 10.87516 10.89331 10.87708 10.74242 10.52212 10.3727 10.34097 10.36854 10.36315 10.28489 10.14122 9.967072 9.748524 9.497643 9.191746 8.930207 8.821877 8.841873 8.879624 8.9169 8.980989 9.038183 9.098431 9.192833 9.247287 9.245152 9.164677 9.044955 8.921365 8.996013 9.28782 9.568236 9.684722 9.600103 9.396523 9.135771 8.87445 8.61833 8.379373 8.123094 7.873876 7.601626 7.310831 7.024086 6.839583 6.871164
10.23807 10.41215 10.56252 10.65164 10.63131 10.50068 10.44486 10.56389 10.67764 10.74875 10.80443 10.80552 10.77683 10.7885 10.82351 10.88803 10.95047 11.01448 11.08773 11.08299 10.94915 10.75737 10.61642 10.58005 10.60824 10.59939 10.49121 10.26766 10.01366 9.766554 9.510187 9.235803 8.997911 8.88104 8.862475 8.893535 8.925726 8.986212 9.081934 9.190894 9.252056 9.268831 9.250271 9.167206 8.976302 8.798851 8.869916 9.154818 9.541649 9.801807 9.813495 9.631701 9.322618 8.959831 8.621361 8.333702 8.076285 7.826401 7.544237 7.229861 6.893921 6.674969 6.743752
10.13153 10.33157 10.54902 10.7217 10.75774 10.63019 10.52205 10.56564 10.67223 10.77363 10.85692 10.90194 10.87565 10.83938 10.83098 10.88089 10.9837 11.08695 11.21683 11.24058 11.14321 10.96362 10.84108 10.83787 10.90981 10.90353 10.75234 10.48363 10.18064 9.885946 9.596761 9.288579 9.056963 8.955269 8.944431 8.980453 8.995669 9.039037 9.140218 9.261847 9.323808 9.334659 9.253246 9.101371 8.881309 8.698599 8.68783 8.954555 9.395123 9.797338 9.981814 9.888278 9.561961 9.113263 8.706559 8.37854 8.108679 7.854781 7.573878 7.245259 6.875354 6.575564 6.611987
10.01825 10.16939 10.4236 10.68003 10.81078 10.75198 10.62992 10.59785 10.66372 10.76744 10.86142 10.92776 10.91409 10.84408 10.77503 10.78125 10.89124 11.05537 11.23406 11.29582 11.21521 11.07966 10.99818 11.06215 11.19305 11.21335 11.07106 10.80518 10.47173 10.14347 9.758521 9.402755 9.154544 9.039217 9.050603 9.054042 9.061003 9.132596 9.240727 9.331966 9.403601 9.379906 9.239225 9.036755 8.826118 8.675168 8.575608 8.708474 9.146486 9.677211 10.04267 10.09543 9.819788 9.35857 8.929403 8.571752 8.257514 7.953803 7.666574 7.342824 6.959757 6.603399 6.579637
10.05567 10.07319 10.24722 10.52875 10.76112 10.82383 10.74161 10.66217 10.67382 10.76957 10.87841 10.93064 10.91349 10.81281 10.70207 10.59271 10.67966 10.90946 11.12637 11.23929 11.19747 11.08687 11.04447 11.18544 11.40722 11.50926 11.43361 11.20045 10.85328 10.44021 9.980817 9.567716 9.284829 9.137494 9.098196 9.08801 9.13814 9.265723 9.400245 9.447446 9.489964 9.452314 9.283403 9.037231 8.813277 8.664973 8.526446 8.519779 8.871867 9.440581 9.935966 10.16326 10.00554 9.603917 9.181054 8.802873 8.434677 8.087646 7.77269 7.445548 7.079644 6.733331 6.655411
10.24605 10.13675 10.20702 10.40374 10.64987 10.83099 10.85224 10.77646 10.74101 10.82108 10.92678 10.97356 10.91266 10.76078 10.57971 10.38747 10.35887 10.60164 10.90019 11.07843 11.08556 10.98849 10.96934 11.14068 11.47402 11.69343 11.70977 11.5447 11.21264 10.77239 10.2632 9.803587 9.468782 9.272457 9.180422 9.152302 9.236977 9.431352 9.594049 9.638124 9.627967 9.563475 9.372045 9.048672 8.795949 8.653138 8.536256 8.476299 8.690731 9.198829 9.731209 10.06955 10.00719 9.686624 9.311476 8.968799 8.597025 8.226196 7.889772 7.559478 7.181583 6.867944 6.795959
10.51462 10.35956 10.32602 10.42145 10.58713 10.78848 10.92247 10.9117 10.85224 10.88472 10.9831 11.02979 10.94725 10.74538 10.46634 10.21407 10.07265 10.22132 10.52667 10.78852 10.88189 10.8245 10.81263 11.01878 11.39776 11.72697 11.85717 11.79198 11.5111 11.07895 10.56495 10.08937 9.731945 9.481451 9.350241 9.277381 9.361008 9.603022 9.815959 9.898849 9.842923 9.719914 9.450764 9.061418 8.747711 8.614026 8.527757 8.482524 8.639005 9.068267 9.555037 9.884926 9.850381 9.601592 9.28058 8.985655 8.677462 8.340652 8.008003 7.67349 7.283879 6.963675 6.8964
10.75418 10.60849 10.50822 10.5546 10.6438 10.78372 10.945 11.01207 10.98808 10.98428 11.05584 11.10747 11.01828 10.72595 10.38894 10.08501 9.894759 9.906796 10.13121 10.39288 10.5553 10.56015 10.55264 10.7815 11.21588 11.60393 11.85113 11.88945 11.69012 11.31543 10.84386 10.3862 9.982965 9.707664 9.509359 9.41183 9.497254 9.755565 10.03316 10.15521 10.08624 9.909843 9.575988 9.128457 8.730909 8.523394 8.429408 8.422357 8.614724 9.025091 9.477562 9.753159 9.735075 9.493073 9.185822 8.927189 8.676991 8.39395 8.079602 7.734706 7.35963 7.038635 6.950035
10.93559 10.84211 10.73422 10.72817 10.78256 10.86811 10.98516 11.08665 11.10701 11.10236 11.1483 11.1846 11.08135 10.77069 10.39497 10.0541 9.802851 9.686705 9.776955 9.982224 10.14762 10.22178 10.25422 10.46884 10.93269 11.35665 11.66829 11.79317 11.67834 11.42419 11.04664 10.62131 10.24216 9.928268 9.709629 9.576011 9.624228 9.89422 10.22338 10.39706 10.33535 10.12024 9.74957 9.233829 8.733805 8.40446 8.255816 8.252398 8.458885 8.911005 9.398705 9.665795 9.653087 9.433375 9.143916 8.884312 8.652541 8.403179 8.093639 7.730537 7.352422 7.053936 6.95789
11.06842 11.05315 10.97052 10.94977 10.98821 11.04053 11.10749 11.18008 11.23182 11.25835 11.28722 11.31603 11.18616 10.88776 10.53401 10.17904 9.880857 9.705466 9.592632 9.609299 9.711082 9.821549 9.906037 10.15971 10.63389 11.09688 11.4023 11.49526 11.47666 11.34664 11.13558 10.84075 10.55217 10.26803 10.02968 9.829171 9.797992 10.01585 10.36197 10.58791 10.59201 10.36868 9.942028 9.364796 8.802747 8.395694 8.156238 8.074619 8.252162 8.691104 9.206768 9.508492 9.53522 9.35622 9.112772 8.893182 8.691425 8.462676 8.168655 7.770134 7.344229 7.046341 6.940931
