py_wake/examples/data/AJ_ParqueFicticio/Rough survey   Sector All   Height 30m   Weibull-k.grd
DSAA
73  159
 258469   265669
 6501692   6517492
 1.337891   2.126953
[rows 0 to 27 of 159, columns 0 to 62 of 73]
2.021484 2.009766 2.009766 2.005859 2.005859 2.001953 1.998047 1.998047 1.994141 1.994141 1.990234 1.990234 1.990234 1.990234 1.990234 1.994141 1.998047 2.001953 2.005859 2.009766 1.998047 1.970703 1.955078 1.962891 1.982422 1.994141 2.060547 2.021484 2.017578 2.041016 2.044922 2.037109 2.048828 2.068359 2.087891 2.083984 2.056641 2.001953 2.009766 2.009766 2.001953 1.982422 1.966797 1.947266 1.958984 1.962891 1.966797 1.966797 1.966797 1.966797 1.966797 1.962891 1.962891 1.958984 1.958984 1.958984 1.962891 1.966797 1.970703 1.978516 1.986328 1.998047 2.009766
2.001953 2.001953 2.001953 2.001953 2.001953 1.998047 1.998047 1.994141 1.994141 1.990234 1.986328 1.986328 1.986328 1.986328 1.990234 1.994141 2.001953 2.005859 2.017578 2.025391 2.029297 2.021484 1.982422 1.951172 1.966797 2.037109 2.044922 2.009766 2.017578 2.033203 2.037109 2.037109 2.044922 2.060547 2.083984 2.087891 2.076172 2.013672 2.017578 2.021484 2.013672 2.001953 1.982422 1.962891 1.970703 1.974609 1.974609 1.974609 1.970703 1.970703 1.962891 1.958984 1.951172 1.951172 1.951172 1.951172 1.955078 1.958984 1.966797 1.974609 1.986328 1.998047 2.009766
1.994141 1.998047 2.005859 2.001953 1.998047 1.994141 1.994141 1.990234 1.990234 1.990234 1.986328 1.982422 1.978516 1.978516 1.986328 1.994141 2.001953 2.009766 2.021484 2.041016 2.048828 2.044922 1.978516 1.935547 1.943359 2.025391 2.052734 2.029297 2.017578 2.029297 2.033203 2.029297 2.033203 2.044922 2.064453 2.091797 2.103516 2.041016 2.033203 2.033203 2.029297 2.009766 1.990234 1.958984 1.974609 1.978516 1.982422 1.978516 1.974609 1.970703 1.955078 1.943359 1.943359 1.947266 1.947266 1.947266 1.951172 1.955078 1.962891 1.970703 1.978516 1.994141 2.009766
1.970703 1.994141 2.005859 1.998047 1.994141 1.990234 1.986328 1.982422 1.982422 1.982422 1.982422 1.974609 1.970703 1.966797 1.970703 1.990234 2.001953 2.013672 2.025391 2.048828 2.056641 2.052734 1.998047 1.974609 1.947266 2.033203 2.060547 2.033203 2.021484 2.029297 2.037109 2.017578 2.013672 2.029297 2.025391 2.052734 2.099609 2.072266 2.041016 2.048828 2.025391 1.994141 1.978516 1.966797 1.951172 1.986328 1.990234 1.982422 1.970703 1.966797 1.955078 1.951172 1.955078 1.947266 1.943359 1.939453 1.943359 1.947266 1.951172 1.962891 1.974609 1.990234 2.005859
1.939453 1.974609 1.990234 1.986328 1.990234 1.986328 1.978516 1.974609 1.974609 1.974609 1.974609 1.978516 1.962891 1.955078 1.962891 1.986328 2.001953 2.017578 2.033203 2.060547 2.060547 2.041016 2.009766 1.978516 1.947266 2.017578 2.048828 2.037109 2.021484 2.017578 2.013672 2.005859 1.998047 2.009766 2.001953 1.998047 2.021484 2.041016 2.025391 2.013672 1.947266 1.935547 1.951172 1.970703 1.974609 2.009766 1.990234 1.978516 1.978516 1.982422 1.978516 1.962891 1.958984 1.947266 1.939453 1.935547 1.931641 1.935547 1.939453 1.951172 1.962891 1.982422 2.005859
1.935547 1.947266 1.958984 1.978516 1.982422 1.978516 1.955078 1.955078 1.958984 1.962891 1.958984 1.970703 1.955078 1.943359 1.955078 1.966797 1.994141 2.017578 2.052734 2.072266 2.064453 2.052734 2.017578 1.986328 1.947266 1.982422 2.025391 2.025391 2.017578 2.005859 1.986328 1.958984 1.978516 1.970703 1.970703 1.958984 1.892578 1.900391 1.935547 1.935547 1.900391 1.876953 1.927734 1.966797 1.978516 1.978516 1.966797 1.970703 1.982422 1.994141 1.994141 1.974609 1.958984 1.943359 1.927734 1.919922 1.916016 1.919922 1.923828 1.931641 1.943359 1.962891 1.982422
1.943359 1.943359 1.935547 1.955078 1.978516 1.978516 1.955078 1.970703 1.974609 1.974609 1.970703 1.966797 1.966797 1.955078 1.955078 1.958984 1.974609 2.009766 2.037109 2.076172 2.072266 2.048828 2.021484 2.005859 1.955078 1.974609 1.998047 2.009766 2.005859 1.998047 1.986328 1.962891 1.958984 1.974609 1.978516 1.974609 1.955078 1.908203 1.908203 1.986328 1.951172 1.904297 1.939453 1.982422 1.978516 1.947266 1.943359 1.962891 1.994141 2.009766 1.998047 1.982422 1.955078 1.927734 1.908203 1.896484 1.896484 1.896484 1.896484 1.900391 1.904297 1.916016 1.943359
1.951172 1.951172 1.951172 1.939453 1.982422 1.994141 1.978516 1.982422 1.986328 1.986328 1.982422 1.978516 1.970703 1.955078 1.951172 1.943359 1.947266 1.978516 2.009766 2.056641 2.064453 2.060547 2.029297 2.021484 1.978516 1.966797 1.982422 1.998047 2.001953 2.001953 2.001953 1.986328 1.974609 1.974609 1.970703 1.970703 1.966797 1.955078 1.970703 2.009766 1.939453 1.900391 1.931641 1.955078 1.916016 1.931641 1.962891 1.974609 2.021484 2.033203 2.009766 1.986328 1.958984 1.888672 1.857422 1.865234 1.873047 1.869141 1.861328 1.837891 1.841797 1.873047 1.900391
1.955078 1.951172 1.947266 1.931641 1.939453 1.970703 1.974609 1.986328 1.998047 1.998047 1.990234 1.982422 1.970703 1.962891 1.947266 1.931641 1.923828 1.931641 1.962891 1.990234 2.009766 2.025391 2.013672 2.033203 1.990234 1.958984 1.955078 1.982422 1.994141 1.998047 2.005859 1.986328 1.970703 1.958984 1.947266 1.943359 1.919922 1.931641 1.935547 1.919922 1.841797 1.837891 1.876953 1.888672 1.904297 1.904297 1.939453 1.927734 1.951172 1.974609 1.947266 1.923828 1.869141 1.833984 1.814453 1.830078 1.849609 1.845703 1.822266 1.791016 1.779297 1.798828 1.822266
1.955078 1.947266 1.943359 1.931641 1.927734 1.947266 1.970703 1.994141 2.009766 2.009766 1.990234 1.974609 1.966797 1.966797 1.947266 1.919922 1.912109 1.923828 1.927734 1.919922 1.916016 1.904297 1.884766 1.888672 1.962891 1.947266 1.939453 1.970703 1.982422 1.990234 2.001953 1.982422 1.962891 1.943359 1.927734 1.927734 1.923828 1.892578 1.880859 1.849609 1.751953 1.677734 1.693359 1.791016 1.833984 1.845703 1.873047 1.857422 1.861328 1.896484 1.873047 1.818359 1.794922 1.814453 1.802734 1.814453 1.837891 1.830078 1.802734 1.771484 1.771484 1.771484 1.767578
1.958984 1.951172 1.947266 1.947266 1.962891 1.986328 1.994141 2.009766 2.017578 2.009766 1.974609 1.951172 1.962891 1.978516 1.974609 1.923828 1.880859 1.904297 1.931641 1.919922 1.876953 1.865234 1.822266 1.818359 1.814453 1.876953 1.876953 1.916016 1.943359 1.982422 1.986328 1.966797 1.947266 1.927734 1.916016 1.927734 1.912109 1.896484 1.853516 1.826172 1.783203 1.740234 1.720703 1.720703 1.677734 1.720703 1.728516 1.736328 1.755859 1.783203 1.775391 1.783203 1.818359 1.810547 1.802734 1.833984 1.853516 1.849609 1.818359 1.783203 1.771484 1.802734 1.818359
1.966797 1.962891 1.962891 1.982422 1.974609 1.982422 1.974609 1.994141 2.037109 1.990234 1.943359 1.919922 1.931641 1.990234 2.001953 1.943359 1.927734 1.927734 1.927734 1.931641 1.900391 1.837891 1.783203 1.810547 1.826172 1.818359 1.865234 1.912109 1.939453 1.970703 1.958984 1.947266 1.927734 1.908203 1.904297 1.916016 1.904297 1.888672 1.853516 1.818359 1.791016 1.767578 1.740234 1.712891 1.669922 1.650391 1.658203 1.646484 1.638672 1.658203 1.701172 1.802734 1.806641 1.787109 1.783203 1.818359 1.822266 1.822266 1.822266 1.783203 1.748047 1.755859 1.791016
1.974609 1.978516 1.978516 1.982422 1.974609 1.966797 1.955078 1.935547 2.021484 1.974609 1.978516 1.974609 1.955078 1.978516 1.986328 1.974609 1.919922 1.919922 1.923828 1.943359 1.931641 1.908203 1.822266 1.826172 1.837891 1.841797 1.818359 1.861328 1.900391 1.908203 1.912109 1.908203 1.900391 1.892578 1.888672 1.888672 1.888672 1.873047 1.853516 1.814453 1.783203 1.767578 1.736328 1.693359 1.666016 1.673828 1.669922 1.658203 1.646484 1.654297 1.685547 1.705078 1.716797 1.708984 1.716797 1.705078 1.673828 1.630859 1.599609 1.587891 1.607422 1.623047 1.705078
1.986328 1.986328 1.974609 1.974609 1.970703 1.962891 1.951172 1.943359 2.005859 2.037109 2.025391 1.974609 1.947266 1.970703 2.013672 1.986328 1.931641 1.908203 1.919922 1.943359 1.958984 1.935547 1.861328 1.841797 1.853516 1.853516 1.845703 1.826172 1.833984 1.865234 1.876953 1.884766 1.876953 1.865234 1.857422 1.857422 1.865234 1.861328 1.845703 1.818359 1.775391 1.744141 1.716797 1.669922 1.646484 1.642578 1.638672 1.623047 1.626953 1.623047 1.638672 1.626953 1.568359 1.560547 1.533203 1.482422 1.466797 1.470703 1.470703 1.478516 1.509766 1.572266 1.634766
1.990234 1.982422 1.974609 1.970703 1.966797 1.962891 1.955078 1.955078 1.994141 2.021484 1.990234 1.970703 1.955078 1.958984 1.982422 1.982422 1.966797 1.962891 1.943359 1.955078 1.951172 1.939453 1.912109 1.876953 1.853516 1.861328 1.865234 1.869141 1.869141 1.873047 1.873047 1.873047 1.873047 1.841797 1.814453 1.814453 1.845703 1.845703 1.837891 1.798828 1.755859 1.712891 1.685547 1.654297 1.638672 1.634766 1.634766 1.619141 1.587891 1.587891 1.595703 1.587891 1.552734 1.509766 1.482422 1.478516 1.474609 1.474609 1.470703 1.455078 1.482422 1.521484 1.591797
1.994141 1.982422 1.974609 1.970703 1.966797 1.962891 1.962891 1.958984 1.970703 1.990234 1.982422 1.974609 1.970703 1.966797 1.986328 2.009766 2.005859 2.005859 1.978516 1.970703 1.970703 1.951172 1.916016 1.912109 1.888672 1.845703 1.873047 1.880859 1.880859 1.876953 1.873047 1.873047 1.857422 1.794922 1.736328 1.736328 1.787109 1.830078 1.837891 1.806641 1.748047 1.728516 1.697266 1.654297 1.634766 1.630859 1.626953 1.619141 1.591797 1.572266 1.572266 1.564453 1.541016 1.509766 1.490234 1.482422 1.482422 1.498047 1.525391 1.537109 1.544922 1.541016 1.544922
1.990234 1.982422 1.974609 1.974609 1.970703 1.966797 1.966797 1.966797 1.970703 1.982422 1.986328 1.986328 1.986328 1.994141 1.998047 1.998047 2.005859 1.994141 1.974609 1.966797 1.958984 1.943359 1.919922 1.896484 1.892578 1.904297 1.861328 1.880859 1.876953 1.869141 1.857422 1.880859 1.849609 1.771484 1.771484 1.779297 1.833984 1.857422 1.857422 1.779297 1.712891 1.705078 1.673828 1.642578 1.623047 1.630859 1.642578 1.619141 1.572266 1.544922 1.541016 1.548828 1.541016 1.544922 1.560547 1.603516 1.646484 1.673828 1.685547 1.705078 1.697266 1.666016 1.630859
1.990234 1.982422 1.978516 1.974609 1.974609 1.970703 1.970703 1.970703 1.974609 1.978516 1.982422 1.990234 2.001953 1.990234 1.986328 1.982422 1.986328 1.978516 1.966797 1.958984 1.951172 1.943359 1.927734 1.908203 1.896484 1.896484 1.943359 1.947266 1.908203 1.908203 1.951172 1.947266 1.884766 1.869141 1.833984 1.833984 1.884766 1.982422 1.982422 1.884766 1.736328 1.673828 1.630859 1.591797 1.580078 1.603516 1.634766 1.654297 1.658203 1.677734 1.708984 1.736328 1.755859 1.763672 1.779297 1.783203 1.759766 1.759766 1.751953 1.740234 1.728516 1.712891 1.720703
1.994141 1.986328 1.982422 1.974609 1.974609 1.974609 1.974609 1.974609 1.978516 1.978516 1.982422 1.994141 2.001953 1.986328 1.978516 1.978516 1.974609 1.970703 1.966797 1.958984 1.955078 1.951172 1.947266 1.935547 1.935547 1.939453 1.955078 2.001953 2.025391 2.013672 2.029297 2.029297 1.955078 1.943359 1.912109 1.892578 1.912109 2.013672 2.041016 1.873047 1.755859 1.716797 1.728516 1.748047 1.767578 1.791016 1.826172 1.814453 1.791016 1.798828 1.833984 1.849609 1.857422 1.841797 1.814453 1.787109 1.751953 1.724609 1.716797 1.712891 1.712891 1.716797 1.740234
1.998047 1.990234 1.982422 1.978516 1.974609 1.974609 1.978516 1.978516 1.982422 1.982422 1.986328 1.990234 1.994141 1.986328 1.978516 1.974609 1.970703 1.962891 1.962891 1.962891 1.962891 1.962891 1.966797 1.955078 1.947266 1.947266 1.955078 1.986328 2.041016 2.044922 2.037109 2.072266 2.072266 1.974609 1.931641 1.888672 1.884766 1.986328 1.998047 1.861328 1.837891 1.814453 1.837891 1.853516 1.876953 1.900391 1.935547 1.923828 1.880859 1.873047 1.896484 1.896484 1.880859 1.849609 1.806641 1.755859 1.732422 1.712891 1.697266 1.689453 1.697266 1.705078 1.740234
1.994141 1.994141 1.990234 1.978516 1.978516 1.978516 1.978516 1.982422 1.986328 1.986328 1.982422 1.982422 1.982422 1.982422 1.974609 1.970703 1.970703 1.962891 1.962891 1.966797 1.970703 1.970703 1.966797 1.955078 1.951172 1.951172 1.962891 1.974609 1.978516 2.017578 1.990234 2.052734 2.099609 1.939453 1.912109 1.896484 1.916016 1.994141 1.892578 1.943359 1.955078 1.923828 1.900391 1.927734 1.912109 1.880859 1.919922 1.947266 1.908203 1.873047 1.892578 1.880859 1.873047 1.837891 1.779297 1.728516 1.697266 1.677734 1.666016 1.669922 1.681641 1.720703 1.767578
1.990234 1.986328 1.990234 1.978516 1.978516 1.978516 1.982422 1.986328 1.990234 1.986328 1.974609 1.974609 1.978516 1.978516 1.970703 1.970703 1.970703 1.966797 1.966797 1.970703 1.970703 1.966797 1.962891 1.955078 1.951172 1.947266 1.955078 1.962891 1.935547 1.904297 1.951172 1.990234 2.048828 2.037109 1.962891 1.880859 1.876953 1.951172 1.970703 2.048828 2.013672 1.951172 1.916016 1.896484 1.873047 1.853516 1.876953 1.908203 1.884766 1.849609 1.837891 1.849609 1.833984 1.810547 1.759766 1.708984 1.669922 1.658203 1.654297 1.662109 1.689453 1.755859 1.826172
1.986328 1.978516 1.978516 1.982422 1.982422 1.982422 1.986328 1.990234 1.990234 1.982422 1.970703 1.970703 1.974609 1.970703 1.970703 1.970703 1.978516 1.962891 1.962891 1.962891 1.966797 1.962891 1.958984 1.951172 1.947266 1.943359 1.939453 1.947266 1.931641 1.900391 1.939453 1.978516 2.068359 2.080078 2.025391 1.865234 1.841797 1.892578 2.064453 2.115234 2.044922 1.943359 1.884766 1.869141 1.857422 1.853516 1.853516 1.841797 1.818359 1.814453 1.798828 1.791016 1.787109 1.771484 1.748047 1.701172 1.677734 1.669922 1.677734 1.689453 1.728516 1.802734 1.876953
1.982422 1.978516 1.990234 1.990234 1.990234 1.990234 1.990234 1.990234 1.990234 1.982422 1.970703 1.970703 1.970703 1.970703 1.970703 1.970703 1.970703 1.962891 1.958984 1.962891 1.958984 1.958984 1.951172 1.951172 1.947266 1.939453 1.935547 1.927734 1.947266 1.947266 1.990234 1.978516 2.021484 2.080078 2.068359 1.904297 1.853516 1.873047 2.001953 2.115234 2.087891 1.943359 1.884766 1.849609 1.849609 1.818359 1.806641 1.791016 1.767578 1.755859 1.751953 1.751953 1.748047 1.744141 1.740234 1.708984 1.693359 1.697266 1.708984 1.736328 1.783203 1.857422 1.931641
1.986328 1.986328 1.990234 1.994141 1.994141 1.990234 1.990234 1.990234 1.990234 1.978516 1.974609 1.970703 1.970703 1.970703 1.970703 1.970703 1.970703 1.966797 1.962891 1.958984 1.962891 1.958984 1.951172 1.951172 1.947266 1.947266 1.947266 1.943359 1.970703 2.029297 2.021484 1.970703 1.962891 2.021484 2.080078 1.947266 1.896484 1.916016 1.955078 2.044922 2.056641 1.958984 1.880859 1.849609 1.837891 1.794922 1.779297 1.759766 1.740234 1.732422 1.716797 1.716797 1.724609 1.740234 1.771484 1.740234 1.716797 1.732422 1.748047 1.783203 1.841797 1.923828 1.982422
1.982422 1.990234 1.994141 1.994141 1.994141 1.990234 1.990234 1.990234 1.990234 1.982422 1.978516 1.974609 1.974609 1.974609 1.974609 1.966797 1.966797 1.966797 1.962891 1.962891 1.958984 1.962891 1.955078 1.955078 1.958984 1.970703 1.974609 1.970703 1.982422 2.029297 2.009766 1.962891 1.958984 1.947266 2.044922 2.001953 1.923828 1.919922 1.939453 1.982422 2.044922 2.021484 1.896484 1.869141 1.826172 1.791016 1.775391 1.748047 1.728516 1.712891 1.712891 1.712891 1.716797 1.744141 1.802734 1.787109 1.748047 1.744141 1.771484 1.806641 1.892578 1.966797 2.013672
1.986328 1.998047 1.998047 1.994141 1.994141 1.990234 1.990234 1.986328 1.986328 1.990234 1.986328 1.982422 1.978516 1.974609 1.970703 1.970703 1.966797 1.966797 1.962891 1.962891 1.962891 1.966797 1.966797 1.966797 1.955078 1.958984 1.986328 1.978516 1.966797 1.990234 1.978516 1.958984 1.958984 1.974609 2.005859 1.962891 1.935547 1.935547 1.951172 2.017578 2.033203 2.001953 1.912109 1.865234 1.830078 1.806641 1.775391 1.728516 1.708984 1.708984 1.712891 1.720703 1.724609 1.759766 1.830078 1.826172 1.763672 1.763672 1.759766 1.798828 1.904297 1.970703 1.994141
1.990234 1.998047 1.998047 1.998047 1.994141 1.994141 1.990234 1.986328 1.994141 1.998047 1.994141 1.986328 1.982422 1.978516 1.974609 1.970703 1.970703 1.966797 1.966797 1.966797 1.966797 1.974609 1.962891 1.962891 1.955078 1.947266 1.951172 1.962891 1.955078 1.955078 1.962891 1.955078 1.947266 1.966797 1.958984 1.935547 1.947266 1.955078 1.939453 1.978516 1.998047 1.986328 1.955078 1.865234 1.822266 1.791016 1.748047 1.728516 1.701172 1.701172 1.732422 1.751953 1.751953 1.775391 1.841797 1.822266 1.744141 1.748047 1.759766 1.833984 1.900391 1.931641 1.947266
