py_wake/examples/data/AJ_ParqueFicticio/Rough survey   Sector 8   Height 30m   Weibull-k.grd
DSAA
73  159
 258469   265669
 6501692   6517492
 .9746094   2.455078
[rows 84 to 111 of 159, columns 0 to 62 of 73]
2.388672 2.384766 2.380859 2.380859 2.380859 2.376953 2.376953 2.373047 2.373047 2.365234 2.361328 2.353516 2.345703 2.345703 2.341797 2.333984 2.310547 2.298828 2.314453 2.306641 2.318359 2.322266 2.330078 2.330078 2.322266 2.263672 2.142578 2.041016 1.994141 2.064453 2.166016 2.228516 2.251953 2.248047 2.248047 2.318359 2.337891 2.341797 2.318359 2.236328 2.197266 2.177734 2.181641 2.189453 2.212891 2.224609 2.232422 2.236328 2.255859 2.322266 2.341797 2.333984 2.326172 2.318359 2.310547 2.314453 2.314453 2.326172 2.341797 2.357422 2.361328 2.337891 2.236328
2.388672 2.384766 2.380859 2.380859 2.380859 2.376953 2.376953 2.373047 2.373047 2.369141 2.361328 2.353516 2.345703 2.345703 2.337891 2.326172 2.306641 2.302734 2.291016 2.275391 2.291016 2.283203 2.298828 2.306641 2.302734 2.240234 2.142578 2.021484 1.978516 2.048828 2.107422 2.185547 2.212891 2.244141 2.271484 2.318359 2.333984 2.341797 2.298828 2.248047 2.224609 2.212891 2.212891 2.228516 2.201172 2.224609 2.216797 2.181641 2.208984 2.240234 2.294922 2.330078 2.330078 2.322266 2.326172 2.322266 2.330078 2.337891 2.349609 2.361328 2.353516 2.306641 2.091797
2.388672 2.384766 2.380859 2.380859 2.380859 2.376953 2.376953 2.373047 2.373047 2.369141 2.361328 2.361328 2.353516 2.349609 2.337891 2.322266 2.322266 2.314453 2.279297 2.267578 2.244141 2.236328 2.220703 2.224609 2.208984 2.166016 2.060547 1.955078 1.880859 1.947266 2.009766 2.091797 2.177734 2.240234 2.275391 2.310547 2.330078 2.314453 2.240234 2.240234 2.240234 2.248047 2.244141 2.259766 2.255859 2.271484 2.275391 2.244141 2.244141 2.255859 2.267578 2.294922 2.322266 2.318359 2.326172 2.326172 2.333984 2.349609 2.357422 2.357422 2.326172 2.185547 1.916016
2.388672 2.384766 2.380859 2.380859 2.380859 2.376953 2.376953 2.373047 2.373047 2.369141 2.369141 2.365234 2.357422 2.341797 2.326172 2.318359 2.322266 2.314453 2.302734 2.283203 2.240234 2.201172 2.134766 2.064453 2.033203 2.009766 1.908203 1.837891 1.775391 1.763672 1.951172 2.044922 2.146484 2.232422 2.294922 2.337891 2.337891 2.271484 2.232422 2.228516 2.228516 2.236328 2.244141 2.259766 2.275391 2.279297 2.287109 2.291016 2.283203 2.287109 2.279297 2.259766 2.291016 2.322266 2.322266 2.318359 2.337891 2.353516 2.357422 2.349609 2.216797 1.935547 2.451172
2.388672 2.384766 2.380859 2.380859 2.380859 2.376953 2.373047 2.373047 2.373047 2.369141 2.369141 2.365234 2.361328 2.349609 2.326172 2.314453 2.318359 2.306641 2.302734 2.291016 2.267578 2.212891 2.134766 1.958984 1.814453 1.845703 1.869141 1.806641 1.794922 1.880859 1.955078 2.103516 2.142578 2.216797 2.287109 2.337891 2.337891 2.298828 2.251953 2.228516 2.216797 2.216797 2.220703 2.244141 2.255859 2.271484 2.255859 2.263672 2.287109 2.294922 2.267578 2.201172 2.216797 2.283203 2.318359 2.326172 2.333984 2.357422 2.357422 2.337891 2.041016 2.177734 2.009766
2.388672 2.384766 2.384766 2.380859 2.380859 2.376953 2.376953 2.373047 2.373047 2.369141 2.369141 2.365234 2.365234 2.353516 2.337891 2.318359 2.298828 2.298828 2.294922 2.294922 2.287109 2.263672 2.197266 2.060547 1.876953 1.830078 1.845703 1.865234 1.916016 1.974609 2.072266 2.134766 2.169922 2.220703 2.294922 2.326172 2.330078 2.287109 2.271484 2.236328 2.212891 2.212891 2.224609 2.255859 2.259766 2.248047 2.216797 2.228516 2.279297 2.275391 2.224609 2.107422 2.025391 2.130859 2.263672 2.310547 2.326172 2.349609 2.357422 2.341797 1.982422 2.083984 1.994141
2.388672 2.384766 2.384766 2.380859 2.380859 2.376953 2.376953 2.373047 2.373047 2.369141 2.365234 2.365234 2.361328 2.357422 2.345703 2.326172 2.298828 2.283203 2.259766 2.283203 2.291016 2.283203 2.240234 2.142578 2.048828 1.982422 1.943359 1.912109 1.958984 2.048828 2.134766 2.173828 2.205078 2.263672 2.306641 2.302734 2.287109 2.302734 2.283203 2.255859 2.228516 2.216797 2.267578 2.283203 2.291016 2.251953 2.279297 2.271484 2.306641 2.314453 2.279297 2.138672 2.103516 1.990234 2.033203 2.201172 2.314453 2.330078 2.333984 2.357422 2.123047 2.095703 2.064453
2.388672 2.384766 2.384766 2.380859 2.380859 2.376953 2.376953 2.373047 2.373047 2.369141 2.361328 2.365234 2.361328 2.357422 2.353516 2.345703 2.333984 2.294922 2.220703 2.205078 2.259766 2.279297 2.240234 2.146484 2.087891 2.068359 2.013672 1.939453 1.978516 2.099609 2.193359 2.224609 2.244141 2.310547 2.345703 2.294922 2.267578 2.291016 2.283203 2.259766 2.240234 2.255859 2.287109 2.310547 2.294922 2.294922 2.298828 2.341797 2.349609 2.341797 2.318359 2.294922 2.279297 2.208984 2.099609 2.119141 2.275391 2.322266 2.314453 2.361328 2.248047 2.181641 2.111328
2.388672 2.384766 2.384766 2.380859 2.380859 2.376953 2.376953 2.373047 2.373047 2.369141 2.361328 2.361328 2.361328 2.361328 2.357422 2.361328 2.357422 2.333984 2.220703 2.103516 2.177734 2.240234 2.208984 2.134766 2.080078 2.087891 2.037109 1.978516 2.025391 2.150391 2.228516 2.263672 2.283203 2.349609 2.341797 2.291016 2.271484 2.275391 2.275391 2.248047 2.271484 2.283203 2.302734 2.302734 2.294922 2.306641 2.326172 2.357422 2.357422 2.357422 2.345703 2.330078 2.345703 2.333984 2.326172 2.318359 2.302734 2.314453 2.345703 2.357422 2.283203 2.353516 2.154297
2.388672 2.384766 2.380859 2.380859 2.380859 2.376953 2.376953 2.373047 2.373047 2.369141 2.365234 2.361328 2.357422 2.357422 2.361328 2.361328 2.357422 2.349609 2.259766 2.134766 2.095703 2.173828 2.169922 2.115234 2.072266 2.080078 2.052734 2.048828 2.099609 2.181641 2.236328 2.267578 2.337891 2.365234 2.330078 2.275391 2.271484 2.275391 2.251953 2.251953 2.275391 2.291016 2.310547 2.318359 2.314453 2.326172 2.353516 2.357422 2.361328 2.353516 2.345703 2.349609 2.357422 2.357422 2.357422 2.357422 2.357422 2.361328 2.361328 2.357422 2.294922 2.451172 2.451172
2.388672 2.384766 2.384766 2.380859 2.380859 2.376953 2.376953 2.373047 2.373047 2.369141 2.369141 2.365234 2.353516 2.349609 2.349609 2.361328 2.357422 2.353516 2.287109 2.197266 2.115234 2.119141 2.119141 2.076172 2.064453 2.080078 2.080078 2.083984 2.142578 2.228516 2.259766 2.287109 2.349609 2.365234 2.326172 2.279297 2.275391 2.287109 2.267578 2.236328 2.275391 2.298828 2.314453 2.322266 2.330078 2.349609 2.353516 2.353516 2.349609 2.345703 2.333984 2.333984 2.357422 2.361328 2.357422 2.353516 2.357422 2.357422 2.357422 2.349609 2.287109 1.974609 2.287109
2.388672 2.384766 2.384766 2.380859 2.380859 2.376953 2.376953 2.373047 2.373047 2.369141 2.369141 2.365234 2.357422 2.337891 2.326172 2.337891 2.345703 2.330078 2.287109 2.228516 2.158203 2.119141 2.095703 2.025391 2.044922 2.072266 2.091797 2.126953 2.201172 2.271484 2.291016 2.310547 2.345703 2.365234 2.291016 2.279297 2.267578 2.271484 2.248047 2.228516 2.248047 2.279297 2.314453 2.337891 2.345703 2.353516 2.353516 2.361328 2.349609 2.345703 2.330078 2.326172 2.357422 2.361328 2.357422 2.361328 2.357422 2.345703 2.345703 2.322266 2.271484 1.701172 1.013672
2.388672 2.384766 2.380859 2.380859 2.380859 2.376953 2.376953 2.373047 2.373047 2.369141 2.369141 2.365234 2.365234 2.345703 2.291016 2.259766 2.267578 2.283203 2.248047 2.208984 2.185547 2.158203 2.119141 1.990234 2.021484 2.041016 2.068359 2.123047 2.181641 2.244141 2.279297 2.283203 2.318359 2.353516 2.291016 2.283203 2.275391 2.267578 2.267578 2.232422 2.271484 2.287109 2.322266 2.345703 2.345703 2.353516 2.353516 2.357422 2.349609 2.345703 2.326172 2.314453 2.326172 2.345703 2.357422 2.361328 2.361328 2.341797 2.330078 2.294922 2.232422 2.451172 2.220703
2.388672 2.384766 2.380859 2.380859 2.380859 2.376953 2.376953 2.373047 2.373047 2.369141 2.369141 2.365234 2.365234 2.361328 2.298828 2.189453 2.185547 2.208984 2.158203 2.138672 2.154297 2.158203 2.119141 2.029297 2.001953 2.001953 2.087891 2.142578 2.095703 2.107422 2.138672 2.212891 2.271484 2.314453 2.287109 2.267578 2.298828 2.291016 2.267578 2.255859 2.279297 2.306641 2.326172 2.333984 2.333984 2.330078 2.333984 2.345703 2.341797 2.337891 2.314453 2.326172 2.330078 2.259766 2.220703 2.259766 2.294922 2.353516 2.357422 2.326172 2.240234 2.224609 1.443359
2.388672 2.384766 2.380859 2.380859 2.380859 2.376953 2.376953 2.373047 2.373047 2.369141 2.369141 2.365234 2.365234 2.365234 2.314453 2.232422 2.185547 2.150391 2.080078 2.072266 2.119141 2.142578 2.091797 2.021484 2.013672 2.111328 2.220703 2.189453 2.099609 2.126953 2.166016 2.212891 2.271484 2.298828 2.267578 2.216797 2.244141 2.306641 2.302734 2.283203 2.287109 2.314453 2.326172 2.330078 2.326172 2.326172 2.326172 2.330078 2.333984 2.314453 2.330078 2.330078 2.326172 2.275391 2.193359 2.111328 2.177734 2.224609 2.283203 2.357422 2.318359 2.189453 2.451172
2.388672 2.384766 2.380859 2.380859 2.380859 2.376953 2.376953 2.373047 2.373047 2.369141 2.369141 2.365234 2.365234 2.357422 2.330078 2.298828 2.244141 2.150391 2.080078 2.056641 2.111328 2.142578 2.115234 2.064453 2.095703 2.236328 2.275391 2.220703 2.185547 2.173828 2.197266 2.232422 2.310547 2.287109 2.201172 2.166016 2.208984 2.263672 2.287109 2.294922 2.306641 2.318359 2.314453 2.330078 2.318359 2.333984 2.333984 2.333984 2.330078 2.322266 2.291016 2.302734 2.310547 2.287109 2.279297 2.275391 2.287109 2.298828 2.322266 2.349609 2.349609 2.263672 2.173828
2.388672 2.384766 2.384766 2.380859 2.380859 2.376953 2.376953 2.373047 2.373047 2.369141 2.369141 2.365234 2.353516 2.326172 2.314453 2.314453 2.283203 2.201172 2.123047 2.091797 2.119141 2.134766 2.126953 2.173828 2.251953 2.267578 2.212891 2.146484 2.162109 2.197266 2.228516 2.267578 2.314453 2.291016 2.212891 2.173828 2.185547 2.228516 2.224609 2.263672 2.310547 2.322266 2.314453 2.310547 2.298828 2.333984 2.333984 2.333984 2.333984 2.326172 2.306641 2.267578 2.248047 2.263672 2.275391 2.302734 2.337891 2.357422 2.349609 2.341797 2.322266 2.310547 2.451172
2.388672 2.384766 2.380859 2.380859 2.380859 2.376953 2.376953 2.373047 2.373047 2.369141 2.369141 2.353516 2.337891 2.306641 2.294922 2.298828 2.287109 2.251953 2.181641 2.134766 2.134766 2.169922 2.205078 2.275391 2.271484 2.251953 2.189453 2.154297 2.169922 2.216797 2.259766 2.298828 2.326172 2.298828 2.236328 2.232422 2.232422 2.267578 2.240234 2.275391 2.310547 2.318359 2.314453 2.240234 2.279297 2.322266 2.333984 2.333984 2.333984 2.330078 2.302734 2.263672 2.236328 2.240234 2.283203 2.314453 2.345703 2.353516 2.349609 2.345703 2.310547 2.451172 2.451172
2.388672 2.384766 2.380859 2.380859 2.380859 2.376953 2.376953 2.373047 2.373047 2.369141 2.369141 2.349609 2.326172 2.298828 2.279297 2.275391 2.279297 2.267578 2.224609 2.193359 2.193359 2.236328 2.287109 2.306641 2.271484 2.212891 2.169922 2.166016 2.189453 2.244141 2.283203 2.310547 2.322266 2.294922 2.255859 2.267578 2.283203 2.302734 2.318359 2.322266 2.310547 2.298828 2.294922 2.283203 2.298828 2.357422 2.357422 2.349609 2.333984 2.330078 2.314453 2.267578 2.228516 2.236328 2.271484 2.310547 2.341797 2.345703 2.349609 2.345703 2.322266 2.220703 2.072266
2.388672 2.384766 2.380859 2.380859 2.380859 2.376953 2.373047 2.373047 2.373047 2.369141 2.369141 2.357422 2.326172 2.287109 2.283203 2.279297 2.279297 2.275391 2.263672 2.255859 2.275391 2.318359 2.333984 2.322266 2.259766 2.212891 2.169922 2.162109 2.205078 2.236328 2.267578 2.287109 2.302734 2.298828 2.271484 2.287109 2.302734 2.333984 2.337891 2.337891 2.326172 2.267578 2.251953 2.275391 2.326172 2.357422 2.337891 2.361328 2.333984 2.330078 2.326172 2.271484 2.216797 2.208984 2.251953 2.302734 2.330078 2.341797 2.353516 2.341797 2.099609 2.220703 2.220703
2.388672 2.384766 2.380859 2.380859 2.380859 2.376953 2.376953 2.373047 2.373047 2.369141 2.357422 2.345703 2.310547 2.271484 2.271484 2.287109 2.302734 2.298828 2.298828 2.310547 2.330078 2.357422 2.369141 2.341797 2.287109 2.263672 2.232422 2.244141 2.240234 2.224609 2.236328 2.263672 2.310547 2.322266 2.314453 2.306641 2.337891 2.341797 2.337891 2.337891 2.302734 2.259766 2.244141 2.279297 2.341797 2.361328 2.365234 2.365234 2.349609 2.330078 2.330078 2.291016 2.248047 2.236328 2.275391 2.287109 2.314453 2.341797 2.353516 2.326172 2.056641 1.447266 2.220703
2.388672 2.384766 2.380859 2.380859 2.380859 2.376953 2.373047 2.365234 2.357422 2.345703 2.326172 2.302734 2.267578 2.248047 2.244141 2.291016 2.322266 2.333984 2.322266 2.333984 2.361328 2.376953 2.373047 2.369141 2.337891 2.318359 2.306641 2.306641 2.287109 2.267578 2.263672 2.294922 2.333984 2.353516 2.349609 2.357422 2.361328 2.357422 2.337891 2.330078 2.279297 2.224609 2.228516 2.298828 2.337891 2.333984 2.314453 2.341797 2.361328 2.341797 2.330078 2.322266 2.298828 2.322266 2.345703 2.337891 2.349609 2.349609 2.322266 2.291016 2.212891 1.439453 2.220703
2.365234 2.357422 2.365234 2.380859 2.380859 2.376953 2.373047 2.345703 2.341797 2.326172 2.294922 2.248047 2.212891 2.216797 2.224609 2.271484 2.326172 2.345703 2.337891 2.345703 2.361328 2.376953 2.373047 2.369141 2.357422 2.349609 2.345703 2.333984 2.318359 2.291016 2.298828 2.337891 2.361328 2.365234 2.361328 2.365234 2.353516 2.353516 2.337891 2.302734 2.248047 2.244141 2.255859 2.294922 2.330078 2.322266 2.306641 2.318359 2.341797 2.337891 2.326172 2.330078 2.345703 2.365234 2.357422 2.357422 2.345703 2.318359 2.287109 2.271484 2.388672 2.220703 2.220703
2.384766 2.361328 2.337891 2.341797 2.380859 2.376953 2.376953 2.345703 2.322266 2.306641 2.275391 2.216797 2.162109 2.166016 2.193359 2.251953 2.298828 2.330078 2.349609 2.349609 2.361328 2.373047 2.369141 2.369141 2.361328 2.353516 2.345703 2.345703 2.337891 2.322266 2.349609 2.369141 2.369141 2.369141 2.365234 2.353516 2.341797 2.353516 2.337891 2.302734 2.251953 2.251953 2.251953 2.275391 2.326172 2.326172 2.341797 2.341797 2.337891 2.318359 2.287109 2.302734 2.330078 2.365234 2.349609 2.330078 2.294922 2.259766 2.244141 2.248047 2.423828 2.220703 2.220703
2.384766 2.376953 2.361328 2.345703 2.345703 2.365234 2.369141 2.353516 2.318359 2.291016 2.251953 2.177734 2.142578 2.142578 2.162109 2.212891 2.240234 2.267578 2.302734 2.333984 2.345703 2.373047 2.365234 2.357422 2.365234 2.353516 2.353516 2.345703 2.345703 2.357422 2.369141 2.357422 2.341797 2.337891 2.330078 2.279297 2.259766 2.361328 2.337891 2.322266 2.279297 2.244141 2.232422 2.251953 2.310547 2.330078 2.353516 2.349609 2.349609 2.341797 2.267578 2.263672 2.279297 2.357422 2.349609 2.314453 2.255859 2.212891 2.212891 2.224609 2.419922 2.220703 2.220703
2.380859 2.384766 2.388672 2.365234 2.345703 2.341797 2.341797 2.337891 2.318359 2.275391 2.216797 2.142578 2.111328 2.083984 2.142578 2.177734 2.208984 2.173828 2.240234 2.294922 2.326172 2.357422 2.365234 2.361328 2.369141 2.353516 2.353516 2.345703 2.353516 2.365234 2.357422 2.330078 2.294922 2.283203 2.271484 2.205078 2.205078 2.361328 2.337891 2.330078 2.287109 2.244141 2.220703 2.248047 2.294922 2.322266 2.349609 2.345703 2.341797 2.357422 2.298828 2.271484 2.291016 2.361328 2.353516 2.318359 2.267578 2.232422 2.224609 2.228516 2.416016 1.869141 2.220703
2.384766 2.392578 2.392578 2.384766 2.361328 2.337891 2.322266 2.318359 2.302734 2.251953 2.177734 2.083984 2.076172 2.103516 2.119141 2.134766 2.166016 2.119141 2.130859 2.216797 2.291016 2.341797 2.373047 2.369141 2.361328 2.349609 2.349609 2.345703 2.361328 2.365234 2.333984 2.291016 2.263672 2.259766 2.287109 2.236328 2.251953 2.361328 2.337891 2.330078 2.291016 2.228516 2.208984 2.232422 2.283203 2.306641 2.341797 2.349609 2.349609 2.357422 2.326172 2.291016 2.337891 2.361328 2.333984 2.302734 2.287109 2.275391 2.271484 2.255859 2.451172 2.451172 2.220703
2.392578 2.392578 2.392578 2.384766 2.373047 2.345703 2.314453 2.298828 2.267578 2.228516 2.166016 2.099609 2.107422 2.138672 2.177734 2.197266 2.193359 2.146484 2.025391 2.060547 2.212891 2.318359 2.373047 2.365234 2.357422 2.322266 2.326172 2.341797 2.361328 2.345703 2.228516 2.123047 2.189453 2.255859 2.298828 2.287109 2.306641 2.361328 2.337891 2.318359 2.283203 2.216797 2.189453 2.228516 2.283203 2.302734 2.326172 2.341797 2.337891 2.341797 2.314453 2.314453 2.353516 2.353516 2.306641 2.283203 2.271484 2.287109 2.306641 2.287109 2.451172 2.392578 1.525391
