py_wake/examples/data/AJ_ParqueFicticio/Rough survey   Sector 11   Height 200m   Power density.grd
DSAA
73  159
 258469   265669
 6501692   6517492
 226.8198   1610.912
[rows 84 to 111 of 159, columns 0 to 62 of 73]
792.1995 788.1376 787.6437 786.2075 785.4094 786.5812 787.0017 787.7914 787.7875 783.4061 775.69 765.8385 753.4082 744.9961 737.2255 726.443 714.6499 706.1416 703.7035 706.9818 716.1086 724.5803 735.584 750.4152 774.2117 796.7934 815.6578 828.7996 836.9824 832.6714 811.9449 790.8799 767.9383 737.4949 714.0558 689.9053 678.419 683.5132 688.3876 686.1871 684.7153 668.6248 642.8501 614.6881 602.6954 590.5718 571.7701 559.1553 556.6663 566.492 591.7737 618.3393 640.3835 651.7146 652.6254 642.4733 617.5349 586.6613 552.905 518.4767 489.5976 469.5785 449.64
793.4339 791.1808 789.3975 789.4095 789.429 791.8698 791.4814 793.0925 791.8648 788.8251 780.466 771.4249 761.2282 748.1235 738.3546 729.7864 718.8711 708.1086 697.209 694.4742 700.4526 706.7752 718.3281 738.6022 773.4986 808.789 831.5615 838.7953 825.7819 805.0716 775.2173 754.7457 744.2865 720.5352 698.1243 674.9036 670.4811 686.418 695.7647 700.9963 697.0486 678.7513 654.4243 624.3099 604.0605 590.5877 569.7643 548.7297 531.1398 529.5729 555.252 589.6295 622.485 643.8792 651.1706 647.507 623.254 590.6912 554.3602 517.356 483.8322 457.4005 438.9171
787.2753 788.7388 791.2145 793.8888 793.1619 794.2086 794.4769 796.0761 797.7576 792.2703 787.4156 777.5852 766.9112 754.2221 742.275 733.4643 724.5533 713.2548 700.8223 692.8879 687.8972 691.58 698.9421 716.6318 753.8698 802.4543 837.8695 843.4468 813.6923 778.7221 743.1427 718.7963 707.842 696.0674 680.8311 664.484 661.0076 679.8258 694.9023 708.7218 708.3651 690.1352 664.5165 637.4995 617.5652 601.2357 581.1694 556.4462 531.4009 514.3052 521.1169 554.1821 594.9631 620.7859 641.7971 641.226 621.7181 590.2268 554.4487 516.8769 479.6693 449.5467 431.8154
787.1693 790.0462 794.7753 796.2575 797.4784 796.4354 799.4993 799.1555 800.6475 798.2933 792.9765 786.5583 778.4697 761.8529 746.935 736.577 727.7187 717.8406 709.4578 698.5027 692.5887 691.4498 693.1315 703.1796 733.1358 785.5777 828.5255 843.8102 813.452 764.8289 721.925 689.1038 675.2149 669.0945 666.3827 657.2851 657.9954 675.598 695.9847 712.8177 712.3557 698.0186 676.0283 646.6383 625.6409 605.8509 590.7294 570.9557 539.7599 513.5816 504.4829 525.7904 558.1171 592.4424 615.841 622.1215 605.9591 578.5323 547.1897 508.8763 470.8511 442.18 433.1515
794.1296 794.8979 798.0406 799.8599 801.716 801.5491 802.2239 801.2372 803.8994 804.1465 799.4294 794.3787 785.8456 773.9492 756.7445 741.2393 729.5544 720.5828 713.2333 704.9619 702.3871 703.8085 705.1273 711.872 727.6434 770.7308 821.4954 846.2537 820.6118 763.5303 709.198 670.751 653.2289 643.3794 640.0704 642.8527 660.2698 682.0273 703.4958 717.1475 717.3276 704.1545 678.0979 647.1227 622.293 602.3618 585.1451 570.3925 543.178 516.9641 500.5806 502.5235 519.0369 545.441 578.7553 592.4335 579.437 553.5882 527.388 494.278 457.6227 434.0074 438.6967
805.9021 805.6696 803.0133 805.7363 810.3551 810.7803 807.8232 803.6325 802.8894 803.6836 805.2559 802.7831 794.9706 786.2415 771.8796 752.2497 734.3252 722.7448 715.8299 710.7062 712.4719 719.1624 729.7631 736.8997 744.868 771.0914 816.5834 847.5443 828.5499 768.7043 704.08 657.6251 633.087 620.1068 613.4853 626.028 653.0942 683.4086 708.4432 723.9876 725.1825 710.5071 679.8228 646.6107 618.7899 602.2907 581.4621 565.4824 543.2162 522.1004 507.0504 495.4187 485.9544 501.8802 527.5773 549.2657 542.7413 523.5623 498.4221 469.7008 437.6069 423.136 436.3613
817.6486 813.2773 810.5329 812.2943 817.7748 818.6191 818.4126 813.1403 808.7484 804.4463 803.9422 805.681 802.1664 797.6462 785.7487 766.8633 746.1055 730.257 716.8884 711.0432 717.3651 733.5701 753.0948 768.0742 776.4484 783.7869 815.9694 848.0739 832.835 770.5974 699.8905 648.616 622.1753 606.5408 599.7499 612.5489 635.2737 674.8158 712.4191 734.1781 733.7143 714.6501 684.6727 653.4847 635.7529 617.8475 601.228 579.1407 558.3533 544.7683 534.5625 520.9556 498.3859 483.2705 489.0559 505.9954 507.4587 491.5814 464.483 437.3788 412.3743 405.1052 424.8608
825.6761 822.556 823.0093 822.3521 826.1424 829.3157 831.1524 827.8254 819.4205 812.6552 808.5978 809.3513 807.5072 805.9089 800.1521 785.1691 764.9336 747.6129 729.2501 712.5468 717.4662 740.7339 771.6595 797.0265 804.6341 809.7041 826.3015 849.0679 832.3894 767.1439 701.3103 648.9551 616.7741 598.7616 601.0935 612.5468 623.0198 658.0235 707.9811 740.1069 743.5457 722.4761 689.4548 669.395 656.6319 638.7692 620.8654 594.928 574.8571 568.1899 569.5328 557.6093 536.3826 508.1726 487.8913 478.0034 479.5297 466.6809 437.4438 407.8492 383.8794 380.8383 408.427
837.404 835.1937 835.173 835.6621 835.6687 841.4411 843.1013 840.4609 834.5541 826.6459 814.8063 809.0061 809.7328 811.1834 810.5641 805.5356 791.8111 778.105 755.5491 723.2248 711.6424 738.0875 782.2043 816.5242 830.1633 825.1636 836.291 852.5064 827.5566 765.1296 695.3666 647.0607 616.4799 594.6384 601.2523 615.9207 620.309 643.5923 694.256 738.1818 749.1282 727.0287 699.3805 682.5182 671.3469 651.4301 628.2984 596.0907 581.9936 583.6992 589.6351 586.9808 570.3928 545.196 513.2952 491.3365 475.8474 462.3254 433.751 394.8187 359.2267 354.9553 384.6033
849.1945 849.3071 847.7189 846.5038 846.5673 852.9482 856.0997 856.2768 850.1455 841.9283 828.4485 816.5619 812.1271 813.9513 814.4424 816.5882 818.5302 812.1808 796.889 757.4878 716.8672 729.3603 779.4601 827.3449 843.078 836.0258 841.8846 849.1018 819.4984 756.5643 689.5775 641.3979 606.756 591.3161 601.7322 619.0092 621.7069 634.1239 679.7142 725.066 745.5317 730.5152 710.8782 692.8038 678.4349 654.0657 625.6731 602.1674 589.0023 590.3707 597.0331 598.207 588.836 576.092 546.2539 519.6542 497.4839 477.1178 440.5214 391.7431 344.7438 329.752 357.3727
860.6644 863.759 862.6628 861.1795 860.0288 865.7649 870.5602 872.1053 866.9229 859.3147 848.0634 831.6284 821.1367 817.3359 815.0688 819.7729 833.9611 847.6998 845.6273 805.1368 745.6035 727.2051 769.7914 826.4594 848.0204 839.2484 837.8901 839.6911 810.962 750.2239 684.983 630.2832 593.9392 583.7324 606.2642 623.6465 622.6678 630.5726 668.2905 711.8981 734.8571 727.2297 711.4628 690.6781 674.5041 653.5294 628.2763 609.4899 598.7842 595.8081 593.273 589.1982 582.4244 575.5966 556.3304 536.4679 513.0166 488.4901 452.3707 399.0784 342.6565 312.5447 327.7454
867.4742 876.4039 876.574 875.7912 877.0112 875.3378 882.8423 886.2319 885.3564 878.1706 866.6916 852.5457 839.2944 827.1888 818.2016 816.2776 829.5571 866.2089 883.8716 855.0068 790.0292 746.4016 768.4331 820.4908 847.3486 839.0659 827.5551 821.9669 792.3446 741.7826 680.1 621.017 580.2829 570.694 598.7534 624.0579 624.1954 627.1518 658.0492 700.5911 716.484 711.1685 694.6472 680.3221 667.4258 652.7944 634.7288 619.3148 609.2751 599.1068 591.0061 578.4286 562.5514 554.3407 544.4828 531.6891 510.4766 489.2199 459.3835 412.2545 350.9459 305.7148 303.7735
878.0549 887.9031 890.373 890.3143 892.3116 892.5788 893.0948 898.1843 899.9511 896.9995 888.8418 878.7902 866.8716 851.8085 830.6182 818.066 821.9425 862.2861 902.4753 897.0243 834.4527 775.3427 777.2967 819.7344 843.5968 832.1884 808.0511 793.9949 767.5228 719.0842 661.3453 605.296 562.4913 553.5186 585.1547 620.5103 625.6671 623.1248 649.452 690.558 700.7105 693.2521 678.7398 664.9747 656.8545 648.4418 641.6155 626.3453 615.6891 602.7355 592.6327 572.0947 549.2047 527.58 515.754 503.1811 485.5038 466.8593 449.5011 415.4234 362.5536 311.808 289.828
887.388 895.8172 899.7247 903.7687 908.0443 912.517 908.6778 909.0105 913.6071 915.9012 909.3029 902.9288 898.6163 889.4611 866.2879 836.9451 824.6841 855.9897 902.855 913.6864 866.4697 808.3685 797.0961 826.5226 843.8414 821.8961 797.2414 775.5474 747.32 702.5869 649.2928 594.9994 547.8729 530.7233 560.4743 606.9279 623.1713 623.7368 643.7186 676.4778 687.1517 681.3867 667.8199 652.692 643.6037 636.3127 633.1692 622.9575 617.8457 605.9077 594.1139 576.6797 546.9276 514.8456 490.6223 471.943 447.3663 428.806 415.7746 395.1351 360.4377 317.5914 286.495
902.9898 907.0946 913.3509 914.5113 917.0595 927.2722 930.2351 923.9487 926.7081 930.1296 924.3773 923.9045 926.8619 931.3919 918.8813 885.3491 853.9105 863.9277 903.134 926.0533 890.1668 835.6937 816.2741 834.2523 844.4208 825.0493 797.4872 779.757 755.5806 707.8659 650.0894 593.1717 540.4977 515.0665 537.926 581.963 604.6683 614.8486 633.7822 662.5742 673.4824 668.9225 655.6238 642.5793 634.8094 629.2482 626.1624 620.5879 616.376 602.7612 591.1118 573.513 548.694 521.9781 486.7488 453.9125 421.9645 395.3774 377.7162 362.9898 340.1104 310.637 284.3972
922.1475 929.4095 933.0569 932.4348 925.9951 939.1218 952.1592 951.0132 943.5112 946.5609 944.5739 942.2961 950.5339 968.6776 972.7554 948.6196 907.7658 896.8006 921.8029 938.7537 912.1522 863.3795 841.5039 848.1049 849.28 832.0746 807.4542 795.6227 771.9426 721.5473 660.5031 598.3094 541.7126 514.022 528.0198 559.9384 582.4569 596.6946 615.9818 644.1559 660.1585 658.8115 643.2126 628.8328 620.4013 622.617 625.3563 623.0127 618.754 607.5041 589.8368 574.3906 557.9489 533.7481 495.1177 456.9071 421.5559 385.2898 360.3636 339.8211 320.941 299.8973 283.9433
940.8177 952.9857 960.2145 955.4083 943.5322 944.3664 969.6487 976.7833 968.0738 971.8436 967.1179 967.0309 972.4595 990.1025 1011.639 1005.534 977.7778 955.2359 959.484 966.6572 940.9341 894.0109 866.0655 857.5855 855.67 846.0807 823.4467 807.1442 782.8049 736.0363 674.2441 605.7984 546.7194 523.5106 535.4544 550.2878 565.6013 575.899 595.197 622.6337 644.3427 650.6643 633.5919 613.2437 600.7976 603.3694 620.9407 637.6239 643.8846 636.5743 611.5839 586.1022 564.0721 536.6265 501.0115 462.5984 424.502 388.0392 357.6819 333.3116 310.2386 289.4469 278.1018
950.5947 975.8771 990.2251 985.3739 966.8641 954.9857 975.6534 1002.555 1002.829 1001.114 998.1337 991.8425 994.5245 1011.638 1030.991 1044.213 1031.331 1019.268 1016.045 1010.554 979.3633 928.2186 885.4499 871.8894 878.2395 874.2424 847.91 821.0554 792.532 746.3195 682.6694 614.7173 557.3295 536.5993 547.0688 556.2841 563.2274 573.7713 583.8705 603.6263 627.5743 637.3065 627.5042 606.5105 591.1671 580.1757 603.9591 648.2586 675.3007 672.2884 645.6938 611.5839 573.0019 538.1228 501.2913 463.3003 424.1485 388.4686 353.7859 323.6775 293.4285 272.7951 268.2375
951.2042 988.8589 1013.426 1019.647 1002.039 972.1565 978.5675 1012.601 1025.016 1029.786 1036.278 1027.253 1025.216 1031.293 1048.417 1065.346 1066.927 1069.044 1073.661 1066.711 1026.884 963.6188 921.013 910.3746 913.2725 909.4845 882.6823 843.5638 800.1763 746.0923 689.5132 623.9096 572.5869 551.649 554.856 560.4871 567.142 579.2087 590.6221 603.7499 622.2181 633.2578 629.8128 611.2538 585.2976 562.143 578.5125 634.4792 690.1984 709.6345 690.8331 647.6566 595.1731 545.5585 499.9195 458.9742 418.5939 381.6728 344.3747 309.6754 276.3126 255.1347 257.7468
938.4042 985.6627 1026.343 1049.418 1040.204 999.6119 981.1633 1009.66 1036.557 1052.602 1066.738 1065.461 1053.291 1053.825 1060.848 1075.067 1089.521 1103.964 1125.104 1119.306 1076.324 1017.543 976.5284 965.8376 970.2894 963.5822 932.2912 872.7312 809.4764 749.7802 690.2692 631.9275 584.5847 561.9443 557.0395 562.7144 568.8455 580.4642 598.3503 620.571 632.0699 633.9254 628.4485 608.262 571.1492 538.6521 551.5902 604.2411 681.4221 733.4572 735.334 694.9526 630.5457 560.4455 500.0031 451.4992 411.2502 374.7083 337.1881 299.8849 261.8586 237.3538 243.6499
906.343 957.8532 1016.871 1065.25 1072.505 1032.119 996.098 1002.734 1029.313 1057.231 1077.25 1087.767 1078.211 1063.854 1057.029 1066.194 1093.049 1118.938 1154.424 1156.965 1124.695 1070.897 1034.312 1027.338 1045.293 1040.539 997.7795 925.9432 848.1269 775.0726 706.9852 641.6324 595.1303 575.2581 571.866 578.6017 581.7072 590.202 609.6623 632.8818 644.3603 645.0596 626.8111 594.4879 553.2194 519.4777 516.8634 563.8214 646.9605 730.7784 770.9366 748.9821 678.0826 588.4985 513.6367 458.1659 415.6941 378.3618 343.4926 302.5669 259.3525 227.1009 230.0453
872.9982 910.5081 977.7469 1046.971 1084.006 1061.53 1020.885 1007.349 1024.319 1052.277 1077.283 1094.022 1085.289 1059.937 1034.842 1033.594 1059.619 1104.436 1154.883 1168.822 1142.374 1100.203 1070.853 1086.297 1122.15 1123.892 1084.157 1008.394 917.7571 832.3785 740.9938 663.7973 613.3636 590.608 591.2217 592.0549 595.5647 610.2509 628.9028 646.548 659.8306 652.952 623.6288 581.9064 541.7959 513.9108 495.9673 518.1797 596.4636 702.9307 782.4665 793.1847 731.7004 635.453 551.7823 488.7727 437.6926 395.3159 356.9636 314.6607 268.4274 229.5884 226.8198
878.1138 879.6945 924.0126 998.779 1062.941 1077.633 1048.646 1022.997 1024.703 1049.571 1078.21 1090.722 1083.01 1047.768 1011.412 978.7942 997.5334 1058.767 1118.113 1149.523 1134.042 1097.595 1080.853 1119.799 1181.99 1209.858 1185.981 1117.046 1015.648 902.8158 790.3099 697.7007 638.7367 608.5233 604.1663 604.4017 616.1201 638.888 660.5062 669.4562 676.3192 667.2764 630.7834 580.2043 537.7659 509.9962 485.6159 484.5489 544.1734 651.3701 755.8668 807.5364 770.6014 681.7 596.9731 529.6346 470.5615 417.4191 372.3396 327.827 282.1453 243.1862 234.7833
925.3296 891.9083 906.7244 957.0895 1022.279 1071.893 1075.115 1052.479 1038.765 1060.913 1090.172 1103.212 1080.987 1031.042 976.7748 920.3557 910.7472 971.9979 1050.079 1098.829 1096.491 1064.482 1058.411 1108.788 1204.955 1272.641 1274.433 1217.743 1114.865 987.9703 857.4213 752.1992 682.1663 642.5283 625.6509 620.1852 637.9246 676.1451 702.1736 706.7745 703.4037 688.3795 644.5735 580.1149 532.5035 505.9054 485.294 474.8725 510.2301 602.4998 710.5322 784.3522 769.0726 697.7083 626.4274 564.462 499.9695 440.0731 389.487 342.7762 293.7263 257.1725 249.3026
993.5044 946.4229 933.5446 954.4777 1000.93 1055.985 1092.611 1085.82 1067.313 1076.067 1103.204 1115.582 1089.517 1025.815 945.8156 876.4381 838.2787 872.4915 945.4999 1012.335 1035.986 1016.998 1013.599 1073.767 1182.505 1286.468 1325.352 1300.461 1209.908 1082.194 944.2312 826.4918 745.0559 690.2239 662.6456 648.2663 664.346 711.9753 750.0588 761.8879 748.2226 717.3598 657.9411 580.1066 521.9435 496.7997 481.7238 473.36 500.5951 577.1682 671.6873 741.7089 734.0363 681.2289 624.0541 570.929 515.9823 458.9349 406.571 358.1356 306.4846 268.1341 260.0592
1059.462 1013.839 981.5086 987.3035 1011.603 1051.237 1094.709 1112.237 1103.664 1104.831 1124.697 1140.371 1112.248 1022.888 927.2803 843.4265 794.4748 792.1927 842.6454 905.9627 946.2038 944.7217 942.9622 1004.589 1127.242 1244.499 1321.825 1332.841 1269.465 1157.833 1025.758 904.3453 805.53 741.0022 696.8866 676.3235 692.8475 743.3521 798.3234 818.6124 800.0033 755.9295 679.7462 589.3684 516.3482 480.3392 464.6951 463.3386 495.2664 567.3935 654.8995 712.8898 708.5992 663.601 608.5869 562.0891 517.2664 468.902 418.1809 367.1707 315.3106 275.88 265.4513
1109.88 1079.288 1043.223 1034.403 1046.481 1070.078 1105.058 1134.902 1138.892 1137.707 1154.863 1164.372 1132.304 1039.348 929.2319 837.1322 770.2361 740.5643 759.6995 804.1815 842.1419 857.5754 865.7095 919.4465 1038.533 1160.156 1256.651 1300.832 1268.543 1195.527 1085.555 968.6974 869.3744 792.4613 741.4974 710.539 717.1373 773.4464 839.3709 873.7548 854.1139 799.265 714.5285 608.0692 515.9081 460.4609 436.7108 436.3385 468.8702 546.1268 638.6052 692.8542 692.0284 655.2918 602.8303 554.8629 513.8544 470.8762 420.9746 366.3774 315.0566 278.0258 266.6015
1148.863 1142.128 1112.895 1100.712 1104.928 1120.159 1138.722 1159.949 1177.628 1184.96 1195.347 1203.722 1163.699 1069.305 961.3506 862.6482 788.0856 744.3029 717.9484 718.6537 738.1017 761.6107 780.6326 838.3989 954.3231 1079.288 1168.41 1204.959 1209.884 1172.969 1111.714 1025.261 947.432 872.9849 812.6573 764.263 755.0545 798.6829 863.7759 915.9811 915.2421 856.0171 755.2819 633.2117 528.7468 459.8759 421.4883 408.5808 435.7461 507.1674 601.3291 661.1332 672.5273 644.3289 598.5079 557.5579 520.8098 481.2596 432.9541 372.4143 314.9378 277.5597 265.337
