py_wake/examples/data/AJ_ParqueFicticio/Rough survey   Sector 1   Height 30m   Weibull-k.grd
DSAA
73  159
 258469   265669
 6501692   6517492
 .5410156   2.638672
[rows 56 to 83 of 159, columns 0 to 62 of 73]
1.783203 1.787109 1.783203 1.783203 1.783203 1.783203 1.783203 1.787109 1.787109 1.787109 1.787109 1.787109 1.787109 1.787109 1.787109 1.787109 1.787109 1.787109 1.787109 1.787109 1.787109 1.787109 1.787109 1.783203 1.783203 1.783203 1.787109 1.787109 1.787109 1.787109 1.783203 1.763672 1.736328 1.732422 1.740234 1.744141 1.748047 1.728516 1.693359 1.677734 1.689453 1.705078 1.689453 1.681641 1.662109 1.658203 1.634766 1.630859 1.681641 1.736328 1.775391 1.783203 1.783203 1.783203 1.787109 1.783203 1.783203 1.783203 1.783203 1.787109 1.783203 1.787109 1.783203
1.783203 1.787109 1.783203 1.783203 1.783203 1.783203 1.787109 1.787109 1.787109 1.787109 1.787109 1.787109 1.787109 1.787109 1.787109 1.787109 1.787109 1.787109 1.787109 1.787109 1.787109 1.787109 1.787109 1.783203 1.783203 1.783203 1.787109 1.787109 1.763672 1.771484 1.779297 1.763672 1.740234 1.728516 1.732422 1.736328 1.736328 1.728516 1.701172 1.681641 1.689453 1.693359 1.708984 1.705078 1.693359 1.689453 1.673828 1.662109 1.673828 1.716797 1.755859 1.783203 1.783203 1.783203 1.787109 1.783203 1.783203 1.783203 1.783203 1.783203 1.787109 1.783203 1.775391
1.783203 1.787109 1.783203 1.783203 1.783203 1.783203 1.787109 1.787109 1.787109 1.787109 1.787109 1.787109 1.787109 1.787109 1.787109 1.787109 1.787109 1.787109 1.787109 1.787109 1.787109 1.787109 1.787109 1.787109 1.783203 1.787109 1.787109 1.779297 1.748047 1.748047 1.783203 1.759766 1.744141 1.736328 1.736328 1.736328 1.744141 1.732422 1.712891 1.689453 1.689453 1.693359 1.705078 1.716797 1.712891 1.708984 1.708984 1.689453 1.681641 1.705078 1.748047 1.783203 1.783203 1.783203 1.771484 1.783203 1.783203 1.783203 1.783203 1.787109 1.787109 1.759766 1.783203
1.787109 1.783203 1.783203 1.783203 1.783203 1.783203 1.787109 1.787109 1.787109 1.787109 1.787109 1.783203 1.787109 1.787109 1.787109 1.787109 1.787109 1.787109 1.787109 1.787109 1.787109 1.787109 1.787109 1.787109 1.787109 1.787109 1.787109 1.783203 1.775391 1.755859 1.775391 1.779297 1.755859 1.736328 1.740234 1.736328 1.740234 1.732422 1.716797 1.697266 1.685547 1.697266 1.705078 1.720703 1.732422 1.724609 1.728516 1.716797 1.673828 1.662109 1.736328 1.783203 1.783203 1.783203 1.775391 1.783203 1.783203 1.783203 1.783203 1.783203 1.783203 1.755859 1.787109
1.787109 1.783203 1.783203 1.783203 1.783203 1.783203 1.783203 1.787109 1.787109 1.787109 1.787109 1.783203 1.783203 1.787109 1.787109 1.787109 1.787109 1.787109 1.787109 1.787109 1.783203 1.783203 1.783203 1.787109 1.787109 1.787109 1.787109 1.787109 1.783203 1.783203 1.779297 1.771484 1.763672 1.744141 1.728516 1.728516 1.728516 1.728516 1.720703 1.705078 1.693359 1.701172 1.712891 1.720703 1.740234 1.736328 1.740234 1.732422 1.708984 1.658203 1.701172 1.775391 1.783203 1.783203 1.755859 1.767578 1.783203 1.783203 1.783203 1.783203 1.775391 1.779297 1.763672
1.787109 1.783203 1.783203 1.783203 1.787109 1.783203 1.783203 1.787109 1.787109 1.783203 1.783203 1.783203 1.787109 1.783203 1.783203 1.783203 1.787109 1.787109 1.787109 1.787109 1.783203 1.783203 1.783203 1.783203 1.787109 1.787109 1.787109 1.787109 1.783203 1.783203 1.783203 1.779297 1.763672 1.740234 1.724609 1.728516 1.728516 1.724609 1.716797 1.708984 1.708984 1.697266 1.685547 1.720703 1.736328 1.744141 1.748047 1.751953 1.744141 1.712891 1.693359 1.728516 1.783203 1.783203 1.783203 1.744141 1.783203 1.783203 1.783203 1.783203 1.775391 1.783203 1.787109
1.787109 1.783203 1.783203 1.787109 1.787109 1.787109 1.787109 1.787109 1.783203 1.783203 1.783203 1.783203 1.783203 1.783203 1.783203 1.783203 1.783203 1.787109 1.787109 1.783203 1.783203 1.783203 1.783203 1.783203 1.787109 1.783203 1.775391 1.783203 1.783203 1.783203 1.779297 1.759766 1.748047 1.744141 1.736328 1.728516 1.728516 1.724609 1.712891 1.712891 1.708984 1.693359 1.685547 1.701172 1.740234 1.744141 1.744141 1.751953 1.779297 1.763672 1.720703 1.705078 1.783203 1.783203 1.779297 1.736328 1.783203 1.783203 1.783203 1.783203 1.771484 1.771484 1.783203
1.783203 1.783203 1.787109 1.787109 1.787109 1.787109 1.787109 1.787109 1.783203 1.783203 1.783203 1.783203 1.783203 1.783203 1.783203 1.783203 1.783203 1.787109 1.783203 1.783203 1.783203 1.783203 1.783203 1.783203 1.783203 1.771484 1.759766 1.767578 1.783203 1.783203 1.783203 1.779297 1.763672 1.755859 1.744141 1.732422 1.728516 1.724609 1.716797 1.708984 1.701172 1.689453 1.689453 1.705078 1.728516 1.748047 1.740234 1.751953 1.783203 1.783203 1.783203 1.716797 1.705078 1.751953 1.783203 1.767578 1.767578 1.783203 1.783203 1.779297 1.767578 1.767578 1.779297
1.783203 1.783203 1.787109 1.787109 1.787109 1.787109 1.787109 1.787109 1.783203 1.783203 1.783203 1.783203 1.783203 1.783203 1.783203 1.783203 1.787109 1.783203 1.783203 1.783203 1.783203 1.783203 1.783203 1.783203 1.775391 1.759766 1.763672 1.759766 1.767578 1.783203 1.783203 1.783203 1.779297 1.763672 1.748047 1.748047 1.736328 1.732422 1.724609 1.712891 1.708984 1.705078 1.693359 1.685547 1.728516 1.740234 1.751953 1.759766 1.783203 1.783203 1.783203 1.751953 1.693359 1.720703 1.779297 1.783203 1.783203 1.783203 1.783203 1.783203 1.779297 1.783203 1.779297
1.783203 1.783203 1.787109 1.787109 1.787109 1.787109 1.787109 1.787109 1.783203 1.783203 1.783203 1.783203 1.783203 1.783203 1.783203 1.783203 1.783203 1.783203 1.783203 1.783203 1.783203 1.783203 1.783203 1.783203 1.775391 1.767578 1.763672 1.755859 1.759766 1.775391 1.783203 1.783203 1.783203 1.783203 1.763672 1.763672 1.755859 1.740234 1.728516 1.732422 1.724609 1.712891 1.697266 1.673828 1.705078 1.732422 1.748047 1.763672 1.767578 1.783203 1.783203 1.783203 1.751953 1.681641 1.736328 1.783203 1.783203 1.783203 1.783203 1.783203 1.783203 1.783203 1.783203
1.783203 1.783203 1.787109 1.787109 1.787109 1.787109 1.787109 1.787109 1.787109 1.787109 1.783203 1.783203 1.783203 1.783203 1.783203 1.783203 1.783203 1.783203 1.783203 1.783203 1.783203 1.783203 1.783203 1.783203 1.783203 1.783203 1.775391 1.767578 1.763672 1.767578 1.783203 1.783203 1.779297 1.783203 1.783203 1.783203 1.783203 1.755859 1.740234 1.740234 1.728516 1.724609 1.705078 1.673828 1.669922 1.701172 1.740234 1.775391 1.759766 1.751953 1.783203 1.783203 1.783203 1.740234 1.697266 1.751953 1.783203 1.783203 1.775391 1.775391 1.783203 1.783203 1.783203
1.783203 1.787109 1.787109 1.787109 1.787109 1.787109 1.787109 1.787109 1.787109 1.787109 1.787109 1.783203 1.783203 1.783203 1.783203 1.783203 1.783203 1.783203 1.783203 1.783203 1.783203 1.783203 1.783203 1.783203 1.783203 1.783203 1.775391 1.775391 1.771484 1.775391 1.775391 1.767578 1.759766 1.783203 1.783203 1.783203 1.783203 1.783203 1.751953 1.751953 1.740234 1.728516 1.705078 1.673828 1.654297 1.693359 1.724609 1.751953 1.751953 1.748047 1.779297 1.783203 1.783203 1.783203 1.732422 1.720703 1.783203 1.775391 1.771484 1.771484 1.775391 1.787109 1.783203
1.783203 1.787109 1.787109 1.787109 1.787109 1.787109 1.787109 1.787109 1.787109 1.787109 1.787109 1.783203 1.787109 1.787109 1.783203 1.783203 1.783203 1.783203 1.783203 1.783203 1.783203 1.783203 1.783203 1.783203 1.783203 1.783203 1.783203 1.783203 1.783203 1.783203 1.775391 1.759766 1.755859 1.775391 1.783203 1.783203 1.783203 1.783203 1.783203 1.775391 1.763672 1.732422 1.701172 1.685547 1.669922 1.681641 1.697266 1.744141 1.751953 1.744141 1.783203 1.783203 1.783203 1.783203 1.787109 1.728516 1.775391 1.783203 1.783203 1.783203 1.779297 1.779297 1.767578
1.783203 1.783203 1.787109 1.787109 1.787109 1.787109 1.787109 1.787109 1.787109 1.787109 1.783203 1.783203 1.783203 1.787109 1.783203 1.783203 1.783203 1.783203 1.783203 1.783203 1.783203 1.783203 1.787109 1.783203 1.783203 1.783203 1.783203 1.783203 1.783203 1.783203 1.783203 1.759766 1.748047 1.767578 1.783203 1.783203 1.783203 1.783203 1.783203 1.783203 1.748047 1.736328 1.728516 1.716797 1.708984 1.677734 1.685547 1.728516 1.759766 1.748047 1.744141 1.783203 1.783203 1.783203 1.787109 1.779297 1.771484 1.783203 1.783203 1.783203 1.783203 1.775391 1.767578
1.783203 1.783203 1.787109 1.787109 1.787109 1.787109 1.787109 1.787109 1.787109 1.787109 1.783203 1.783203 1.783203 1.783203 1.783203 1.783203 1.783203 1.783203 1.783203 1.783203 1.783203 1.787109 1.783203 1.783203 1.783203 1.783203 1.783203 1.783203 1.783203 1.783203 1.783203 1.783203 1.748047 1.751953 1.755859 1.771484 1.779297 1.783203 1.783203 1.783203 1.759766 1.740234 1.740234 1.736328 1.732422 1.705078 1.708984 1.732422 1.759766 1.763672 1.763672 1.783203 1.783203 1.783203 1.783203 1.787109 1.779297 1.783203 1.783203 1.783203 1.783203 1.779297 1.775391
1.783203 1.783203 1.783203 1.787109 1.783203 1.783203 1.787109 1.787109 1.787109 1.787109 1.783203 1.783203 1.783203 1.783203 1.783203 1.783203 1.783203 1.783203 1.783203 1.783203 1.783203 1.783203 1.783203 1.783203 1.783203 1.783203 1.783203 1.783203 1.783203 1.783203 1.783203 1.775391 1.748047 1.740234 1.744141 1.751953 1.755859 1.763672 1.767578 1.763672 1.767578 1.748047 1.744141 1.744141 1.740234 1.728516 1.716797 1.728516 1.759766 1.783203 1.783203 1.783203 1.783203 1.783203 1.783203 1.740234 1.748047 1.783203 1.783203 1.787109 1.787109 1.783203 1.775391
1.783203 1.787109 1.787109 1.783203 1.783203 1.783203 1.787109 1.787109 1.787109 1.783203 1.787109 1.783203 1.783203 1.783203 1.783203 1.783203 1.783203 1.783203 1.783203 1.783203 1.783203 1.783203 1.783203 1.783203 1.783203 1.783203 1.783203 1.783203 1.783203 1.783203 1.783203 1.779297 1.740234 1.732422 1.736328 1.736328 1.744141 1.751953 1.759766 1.759766 1.775391 1.759766 1.755859 1.748047 1.740234 1.736328 1.724609 1.728516 1.751953 1.783203 1.783203 1.783203 1.783203 1.783203 1.744141 1.689453 1.693359 1.740234 1.783203 1.783203 1.787109 1.783203 1.779297
1.787109 1.787109 1.787109 1.783203 1.783203 1.783203 1.787109 1.787109 1.783203 1.783203 1.783203 1.783203 1.783203 1.783203 1.783203 1.783203 1.783203 1.783203 1.783203 1.783203 1.783203 1.783203 1.783203 1.783203 1.783203 1.783203 1.783203 1.783203 1.783203 1.783203 1.783203 1.783203 1.748047 1.732422 1.736328 1.740234 1.740234 1.740234 1.744141 1.751953 1.759766 1.763672 1.771484 1.759766 1.748047 1.740234 1.724609 1.728516 1.736328 1.759766 1.783203 1.783203 1.783203 1.783203 1.783203 1.708984 1.685547 1.701172 1.740234 1.783203 1.783203 1.787109 1.783203
1.787109 1.787109 1.787109 1.783203 1.783203 1.783203 1.787109 1.783203 1.783203 1.783203 1.783203 1.783203 1.783203 1.783203 1.783203 1.783203 1.783203 1.783203 1.783203 1.783203 1.783203 1.783203 1.783203 1.783203 1.783203 1.783203 1.783203 1.783203 1.783203 1.783203 1.783203 1.783203 1.759766 1.744141 1.744141 1.744141 1.740234 1.736328 1.736328 1.740234 1.744141 1.763672 1.767578 1.763672 1.759766 1.759766 1.736328 1.736328 1.748047 1.771484 1.783203 1.783203 1.783203 1.783203 1.783203 1.775391 1.712891 1.693359 1.701172 1.744141 1.771484 1.783203 1.787109
1.787109 1.787109 1.787109 1.787109 1.787109 1.787109 1.787109 1.783203 1.783203 1.783203 1.783203 1.783203 1.783203 1.783203 1.783203 1.783203 1.783203 1.783203 1.783203 1.783203 1.783203 1.783203 1.783203 1.783203 1.783203 1.783203 1.783203 1.783203 1.783203 1.783203 1.783203 1.783203 1.771484 1.759766 1.748047 1.744141 1.744141 1.736328 1.736328 1.748047 1.759766 1.767578 1.771484 1.783203 1.783203 1.783203 1.783203 1.783203 1.767578 1.783203 1.783203 1.783203 1.783203 1.783203 1.783203 1.783203 1.755859 1.708984 1.677734 1.720703 1.755859 1.783203 1.783203
1.787109 1.787109 1.787109 1.787109 1.787109 1.787109 1.787109 1.783203 1.783203 1.783203 1.783203 1.783203 1.783203 1.783203 1.783203 1.783203 1.783203 1.783203 1.783203 1.783203 1.783203 1.783203 1.783203 1.783203 1.783203 1.783203 1.783203 1.783203 1.783203 1.783203 1.783203 1.783203 1.775391 1.759766 1.748047 1.744141 1.744141 1.744141 1.740234 1.759766 1.779297 1.783203 1.783203 1.783203 1.783203 1.783203 1.783203 1.783203 1.767578 1.763672 1.783203 1.783203 1.783203 1.783203 1.783203 1.783203 1.783203 1.744141 1.705078 1.712891 1.755859 1.783203 1.783203
1.787109 1.787109 1.783203 1.783203 1.787109 1.787109 1.783203 1.783203 1.783203 1.783203 1.783203 1.783203 1.783203 1.783203 1.783203 1.783203 1.783203 1.783203 1.783203 1.783203 1.783203 1.783203 1.783203 1.783203 1.783203 1.783203 1.783203 1.783203 1.783203 1.783203 1.783203 1.783203 1.763672 1.755859 1.751953 1.751953 1.755859 1.759766 1.763672 1.779297 1.783203 1.783203 1.783203 1.783203 1.783203 1.783203 1.783203 1.783203 1.751953 1.736328 1.783203 1.783203 1.783203 1.783203 1.783203 1.783203 1.783203 1.779297 1.736328 1.708984 1.724609 1.775391 1.783203
1.787109 1.787109 1.783203 1.783203 1.787109 1.787109 1.783203 1.783203 1.783203 1.783203 1.783203 1.783203 1.783203 1.783203 1.783203 1.783203 1.783203 1.783203 1.783203 1.783203 1.783203 1.783203 1.783203 1.783203 1.783203 1.783203 1.783203 1.783203 1.783203 1.783203 1.783203 1.759766 1.748047 1.755859 1.759766 1.755859 1.755859 1.763672 1.783203 1.783203 1.783203 1.783203 1.783203 1.783203 1.783203 1.775391 1.779297 1.779297 1.783203 1.779297 1.783203 1.783203 1.783203 1.783203 1.783203 1.783203 1.783203 1.736328 1.720703 1.712891 1.716797 1.724609 1.767578
1.787109 1.783203 1.787109 1.787109 1.787109 1.783203 1.783203 1.783203 1.783203 1.783203 1.783203 1.783203 1.783203 1.783203 1.783203 1.783203 1.783203 1.783203 1.783203 1.783203 1.783203 1.783203 1.783203 1.783203 1.783203 1.783203 1.783203 1.783203 1.783203 1.783203 1.767578 1.755859 1.744141 1.755859 1.755859 1.748047 1.759766 1.775391 1.783203 1.783203 1.783203 1.783203 1.783203 1.783203 1.767578 1.751953 1.751953 1.767578 1.787109 1.787109 1.783203 1.767578 1.775391 1.779297 1.779297 1.755859 1.744141 1.732422 1.724609 1.724609 1.724609 1.732422 1.744141
1.787109 1.787109 1.787109 1.787109 1.783203 1.783203 1.783203 1.783203 1.783203 1.783203 1.783203 1.783203 1.783203 1.783203 1.783203 1.783203 1.783203 1.783203 1.783203 1.783203 1.783203 1.783203 1.783203 1.783203 1.783203 1.783203 1.783203 1.783203 1.783203 1.783203 1.763672 1.759766 1.751953 1.763672 1.763672 1.759766 1.783203 1.783203 1.783203 1.783203 1.783203 1.783203 1.751953 1.744141 1.748047 1.744141 1.748047 1.759766 1.783203 1.787109 1.763672 1.748047 1.740234 1.740234 1.748047 1.751953 1.732422 1.736328 1.732422 1.732422 1.732422 1.740234 1.744141
1.787109 1.787109 1.787109 1.787109 1.783203 1.783203 1.783203 1.783203 1.783203 1.783203 1.783203 1.783203 1.783203 1.783203 1.783203 1.783203 1.783203 1.783203 1.783203 1.783203 1.783203 1.783203 1.783203 1.783203 1.783203 1.783203 1.783203 1.783203 1.783203 1.783203 1.783203 1.783203 1.763672 1.779297 1.775391 1.771484 1.783203 1.783203 1.783203 1.783203 1.783203 1.771484 1.751953 1.740234 1.744141 1.748047 1.740234 1.744141 1.748047 1.751953 1.748047 1.744141 1.740234 1.744141 1.748047 1.755859 1.744141 1.751953 1.751953 1.748047 1.744141 1.744141 1.748047
1.787109 1.787109 1.787109 1.787109 1.787109 1.783203 1.783203 1.783203 1.783203 1.783203 1.783203 1.783203 1.783203 1.783203 1.783203 1.783203 1.783203 1.783203 1.783203 1.783203 1.783203 1.783203 1.783203 1.783203 1.783203 1.783203 1.783203 1.783203 1.783203 1.783203 1.783203 1.783203 1.783203 1.783203 1.779297 1.771484 1.783203 1.783203 1.783203 1.783203 1.783203 1.751953 1.740234 1.732422 1.736328 1.740234 1.736328 1.736328 1.740234 1.744141 1.748047 1.748047 1.751953 1.751953 1.759766 1.771484 1.771484 1.767578 1.759766 1.751953 1.748047 1.740234 1.744141
1.787109 1.787109 1.787109 1.787109 1.787109 1.783203 1.783203 1.783203 1.783203 1.783203 1.783203 1.783203 1.783203 1.783203 1.783203 1.783203 1.783203 1.783203 1.783203 1.783203 1.783203 1.783203 1.783203 1.783203 1.783203 1.783203 1.783203 1.767578 1.775391 1.783203 1.783203 1.783203 1.783203 1.763672 1.783203 1.767578 1.783203 1.783203 1.783203 1.783203 1.755859 1.748047 1.732422 1.728516 1.744141 1.748047 1.732422 1.732422 1.728516 1.736328 1.751953 1.759766 1.763672 1.767578 1.783203 1.783203 1.783203 1.779297 1.763672 1.751953 1.736328 1.740234 1.740234
