py_wake/examples/data/AJ_ParqueFicticio/Rough survey   Sector 11   Height 200m   Weibull-A.grd
DSAA
73  159
 258469   265669
 6501692   6517492
 6.682074   12.74126
[rows 56 to 83 of 159, columns 0 to 62 of 73]
9.810572 9.843113 9.859474 9.877692 9.889977 9.896656 9.89937 9.911048 9.909955 9.910296 9.903935 9.901599 9.900962 9.877563 9.836364 9.828121 9.829064 9.82818 9.823348 9.825452 9.809843 9.775908 9.767786 9.784037 9.786378 9.792111 9.793087 9.780362 9.834865 9.893365 9.984373 9.92555 9.766403 9.706343 9.694818 9.718358 9.695099 9.489979 9.192358 9.095366 9.128834 9.166958 9.114746 9.083231 9.059544 9.10891 9.189065 9.274571 9.497948 9.832766 10.21347 10.50846 10.56082 10.43983 10.37825 10.61749 10.96078 11.07263 10.87179 10.56752 10.36345 10.45178 10.83802
9.790436 9.83502 9.843023 9.854864 9.880572 9.896684 9.904883 9.906979 9.905005 9.896721 9.890353 9.885923 9.879655 9.889915 9.859386 9.834534 9.833189 9.832531 9.829209 9.835137 9.828914 9.803055 9.783383 9.789226 9.784788 9.759567 9.759423 9.744583 9.766881 9.872198 10.00138 9.914836 9.790919 9.721284 9.76409 9.749726 9.710173 9.600885 9.352827 9.18112 9.144519 9.178659 9.20143 9.166506 9.17837 9.237771 9.232902 9.222501 9.361343 9.655816 10.03869 10.33016 10.41646 10.33948 10.29888 10.55067 10.89488 11.03855 10.86267 10.54717 10.312 10.33054 10.69629
9.784312 9.813438 9.82057 9.820378 9.84007 9.873162 9.882395 9.888906 9.884841 9.87492 9.864575 9.861654 9.855042 9.867912 9.858856 9.845991 9.835056 9.829174 9.830019 9.83954 9.826882 9.823499 9.805449 9.779381 9.77772 9.766476 9.752055 9.729576 9.721297 9.774963 9.885533 9.881702 9.77775 9.705688 9.68642 9.728113 9.729463 9.591071 9.397245 9.218728 9.169815 9.18292 9.181498 9.238681 9.283253 9.313045 9.257795 9.223014 9.292626 9.504685 9.831571 10.11291 10.2479 10.19871 10.17874 10.4198 10.78191 10.98852 10.88597 10.59926 10.31284 10.23393 10.53692
9.815591 9.81985 9.831271 9.824705 9.80271 9.82128 9.852375 9.862825 9.860924 9.85093 9.8425 9.832161 9.829989 9.841109 9.842681 9.83823 9.831781 9.830163 9.829416 9.830996 9.827482 9.821972 9.813548 9.800115 9.776325 9.777284 9.773527 9.751593 9.705674 9.72718 9.791044 9.774229 9.682867 9.605137 9.59885 9.637843 9.624653 9.562935 9.40442 9.242481 9.182922 9.156029 9.154561 9.2354 9.339751 9.39099 9.347175 9.262725 9.245262 9.369035 9.609203 9.873511 10.0539 10.03693 10.005 10.25238 10.61857 10.86189 10.84492 10.64294 10.3569 10.17734 10.37135
9.850873 9.849512 9.857558 9.867205 9.818415 9.78661 9.807562 9.83949 9.838511 9.831713 9.822413 9.81099 9.804754 9.814848 9.815532 9.812943 9.819286 9.822309 9.829735 9.826641 9.825592 9.798702 9.802902 9.795205 9.782307 9.797425 9.804456 9.848417 9.83139 9.814116 9.80144 9.771878 9.664323 9.567969 9.499846 9.519309 9.527406 9.507568 9.384592 9.23181 9.125495 9.066684 9.103372 9.249794 9.39443 9.453575 9.44253 9.384215 9.312062 9.294706 9.422607 9.631143 9.850253 9.886138 9.862669 10.06388 10.43851 10.72418 10.74575 10.61 10.37507 10.17057 10.22609
9.877724 9.883226 9.886411 9.900611 9.879481 9.829683 9.805328 9.814311 9.821803 9.82543 9.817607 9.811309 9.800698 9.792945 9.791123 9.791371 9.798773 9.809915 9.821009 9.824567 9.830543 9.807874 9.792684 9.780622 9.770024 9.808224 9.821718 9.885648 9.932306 9.966733 9.94838 9.801472 9.694008 9.611131 9.526921 9.529881 9.501491 9.438104 9.284145 9.166954 9.064466 9.010988 9.036666 9.190834 9.363927 9.466009 9.493991 9.506852 9.465981 9.352877 9.299284 9.414177 9.65038 9.772056 9.7376 9.877626 10.24465 10.56717 10.61529 10.53066 10.35733 10.17562 10.11978
9.894543 9.90859 9.924766 9.934907 9.91549 9.883407 9.841534 9.816771 9.820098 9.822753 9.821865 9.812604 9.79952 9.782118 9.775536 9.771169 9.768728 9.788557 9.791912 9.807788 9.814899 9.813069 9.786054 9.777584 9.764073 9.771436 9.814327 9.880925 10.00054 10.03389 10.01349 9.927794 9.812094 9.757851 9.648461 9.575038 9.502751 9.367808 9.233892 9.145513 9.046227 8.958558 8.973326 9.099981 9.299736 9.431964 9.493578 9.561086 9.610131 9.517477 9.346948 9.284328 9.44896 9.609345 9.66244 9.735487 10.03111 10.34819 10.46996 10.44259 10.31986 10.18741 10.08432
9.891265 9.921114 9.94817 9.961208 9.945865 9.912292 9.872689 9.841206 9.82435 9.818977 9.82533 9.814476 9.794861 9.781864 9.767192 9.757758 9.75347 9.754659 9.766067 9.774429 9.796795 9.789726 9.766293 9.746763 9.741914 9.744625 9.771456 9.860256 9.965007 10.04501 10.11241 10.05352 9.956536 9.83934 9.75233 9.632186 9.530815 9.412494 9.257085 9.124866 9.008998 8.920853 8.906355 9.011327 9.196149 9.373999 9.454354 9.543648 9.651169 9.65117 9.489007 9.306992 9.292352 9.418989 9.537269 9.599291 9.808637 10.11225 10.27929 10.30323 10.22092 10.1335 10.07801
9.872549 9.917763 9.949917 9.966308 9.960716 9.938513 9.90285 9.873789 9.836623 9.820353 9.819632 9.808646 9.799397 9.782586 9.772171 9.757009 9.754743 9.746563 9.746353 9.756631 9.774155 9.777436 9.756037 9.722129 9.701896 9.705 9.746584 9.820637 9.91603 10.05371 10.07461 10.04348 9.977467 9.916416 9.870508 9.743144 9.639375 9.479865 9.31637 9.161085 9.017588 8.893355 8.839832 8.900065 9.086202 9.2606 9.376657 9.496661 9.611012 9.684208 9.632035 9.447154 9.263366 9.232606 9.353165 9.500464 9.659781 9.915266 10.08836 10.12106 10.08131 9.994157 9.970154
9.84783 9.897277 9.932305 9.957407 9.966539 9.956629 9.934383 9.905297 9.862337 9.826186 9.815847 9.804572 9.795249 9.786573 9.778211 9.760684 9.744129 9.743785 9.746525 9.755831 9.770606 9.775438 9.761586 9.732168 9.703632 9.687196 9.702031 9.749283 9.832681 9.923742 9.983493 9.979564 9.962695 9.975658 9.924128 9.846568 9.724134 9.543096 9.366947 9.209968 9.060371 8.921654 8.818746 8.831709 8.963183 9.124496 9.261046 9.424979 9.54775 9.651538 9.740232 9.63971 9.393677 9.176991 9.175441 9.363602 9.582802 9.804323 9.968348 10.00532 9.959603 9.859409 9.788668
9.834486 9.871102 9.913641 9.947581 9.957458 9.960835 9.951546 9.931255 9.892271 9.840587 9.815657 9.810299 9.797153 9.788067 9.780125 9.766195 9.745031 9.733219 9.741381 9.753906 9.773065 9.789829 9.783776 9.767694 9.741925 9.713334 9.6963 9.734771 9.766345 9.82459 9.871859 9.913001 9.926605 9.983983 9.960678 9.899066 9.801425 9.620153 9.413702 9.248799 9.093964 8.968178 8.834997 8.792036 8.854942 8.949858 9.131359 9.33586 9.457 9.539892 9.728887 9.787761 9.587431 9.30657 9.135139 9.228271 9.490069 9.757036 10.0021 10.10762 10.04343 9.892287 9.724005
9.821887 9.850075 9.896087 9.933128 9.955783 9.954123 9.943641 9.937889 9.90166 9.859752 9.829892 9.811845 9.802531 9.791511 9.773784 9.758258 9.741372 9.727027 9.722111 9.740609 9.759108 9.791286 9.813353 9.813271 9.796552 9.764587 9.745461 9.758055 9.799709 9.826729 9.825483 9.831232 9.857276 9.93132 9.954328 9.927459 9.865548 9.739665 9.529568 9.340194 9.152206 9.000006 8.874678 8.78077 8.753757 8.8048 8.983086 9.218911 9.365082 9.425595 9.626257 9.793856 9.706841 9.468973 9.219191 9.137811 9.35034 9.691381 10.00728 10.21886 10.23845 10.10817 9.902668
9.799721 9.839147 9.879596 9.91195 9.941053 9.945986 9.940147 9.932824 9.907965 9.872763 9.841353 9.818918 9.802341 9.798617 9.782464 9.766716 9.740679 9.717595 9.709513 9.721832 9.737481 9.76353 9.816588 9.835496 9.852867 9.847695 9.850238 9.829787 9.831276 9.816024 9.79506 9.778546 9.79751 9.85263 9.907475 9.908249 9.890393 9.817677 9.648633 9.473108 9.31861 9.149932 8.990603 8.84833 8.726847 8.709187 8.835359 9.051501 9.19507 9.26463 9.471098 9.65584 9.652991 9.505539 9.289445 9.134299 9.22473 9.543619 9.869692 10.15004 10.28942 10.27702 10.11381
9.780813 9.801223 9.840394 9.885568 9.914124 9.93369 9.930743 9.930821 9.915124 9.884453 9.84783 9.815343 9.793091 9.790832 9.782005 9.765553 9.733473 9.707828 9.702879 9.705553 9.718037 9.750147 9.805587 9.852232 9.888844 9.905622 9.922439 9.920735 9.907454 9.885864 9.824759 9.744988 9.720987 9.76402 9.835605 9.863973 9.877498 9.829859 9.732169 9.613063 9.485529 9.349666 9.180802 9.00385 8.834033 8.728053 8.76435 8.908216 9.027967 9.118457 9.270734 9.438016 9.481692 9.388248 9.231872 9.088099 9.095405 9.367223 9.702993 9.990494 10.20018 10.28184 10.23256
9.753527 9.758168 9.786563 9.835939 9.873575 9.907992 9.925446 9.934814 9.921456 9.898767 9.855979 9.812053 9.776181 9.769849 9.769974 9.766716 9.742757 9.713315 9.702864 9.701519 9.718487 9.740491 9.805625 9.865129 9.910402 9.958852 9.982758 9.988404 9.998466 9.980538 9.915433 9.796977 9.681257 9.690378 9.753181 9.806358 9.827929 9.81647 9.771043 9.72859 9.640248 9.497013 9.346731 9.164167 8.995077 8.848916 8.79958 8.863919 8.962581 9.03793 9.133555 9.226352 9.290431 9.223016 9.077459 8.966676 8.997723 9.230404 9.560707 9.848433 10.09736 10.23058 10.25412
9.763972 9.746092 9.735291 9.769242 9.810581 9.866576 9.903521 9.924015 9.923616 9.904722 9.866219 9.819959 9.780694 9.751565 9.750172 9.752956 9.756015 9.727493 9.698512 9.693521 9.696284 9.734211 9.793222 9.879947 9.931623 9.992794 10.01524 10.0473 10.07469 10.08432 10.02688 9.87547 9.737404 9.68321 9.699047 9.732728 9.772917 9.783209 9.77875 9.753809 9.709732 9.591353 9.439827 9.292903 9.145123 9.00673 8.92307 8.922331 8.991862 9.087244 9.143603 9.167229 9.195546 9.115845 8.919873 8.773385 8.830906 9.095055 9.406381 9.708696 9.977345 10.14937 10.21185
9.790071 9.768559 9.747572 9.734341 9.761265 9.80921 9.871252 9.903561 9.911183 9.902183 9.872982 9.831856 9.78433 9.746885 9.720455 9.732214 9.736856 9.723616 9.699448 9.681486 9.669917 9.702289 9.758369 9.84452 9.93148 9.979721 10.03835 10.09496 10.13733 10.15494 10.12036 9.965554 9.799694 9.720046 9.69154 9.69059 9.689732 9.709509 9.729786 9.730374 9.727366 9.644041 9.517601 9.388321 9.256998 9.121621 9.024652 8.999665 9.072361 9.177103 9.260571 9.295748 9.315145 9.222339 8.965093 8.696448 8.658457 8.891081 9.193124 9.51958 9.812747 10.01763 10.13961
9.8118 9.794706 9.764377 9.755795 9.752522 9.767688 9.823382 9.863942 9.883124 9.894842 9.873189 9.843955 9.799056 9.756876 9.706501 9.693307 9.71207 9.700614 9.680112 9.654773 9.642476 9.665302 9.70901 9.787219 9.864246 9.930443 10.01336 10.10718 10.19994 10.24799 10.20412 10.07554 9.90329 9.788033 9.726811 9.668388 9.6349 9.631945 9.654012 9.689351 9.69723 9.671685 9.592046 9.474909 9.342635 9.203606 9.060636 9.010713 9.058836 9.163483 9.254089 9.344099 9.426873 9.408576 9.130126 8.783453 8.586495 8.685008 8.935673 9.252951 9.556186 9.792061 9.950127
9.828849 9.814355 9.789341 9.787352 9.779899 9.743909 9.772544 9.813356 9.853037 9.872199 9.858471 9.843689 9.821233 9.787227 9.713161 9.665683 9.677958 9.675888 9.666531 9.642608 9.624699 9.638638 9.679357 9.742463 9.806811 9.872448 9.949561 10.07061 10.19781 10.28245 10.25415 10.1455 10.00968 9.862906 9.759729 9.674873 9.611697 9.578947 9.57423 9.598221 9.6246 9.61842 9.584016 9.51733 9.406451 9.279116 9.117776 9.008299 9.004066 9.082658 9.155748 9.25639 9.370878 9.398847 9.217766 8.899877 8.625661 8.54966 8.692351 8.951887 9.223584 9.45388 9.639537
9.826107 9.815095 9.804975 9.808311 9.809117 9.775789 9.748653 9.772635 9.812937 9.835873 9.837631 9.832034 9.821165 9.808207 9.754753 9.679967 9.659836 9.658435 9.65991 9.660075 9.636079 9.636547 9.658891 9.704989 9.757531 9.811931 9.879027 9.983139 10.12193 10.22949 10.2409 10.14194 10.007 9.884425 9.76686 9.680688 9.618182 9.56302 9.527404 9.530918 9.523047 9.518895 9.510033 9.491232 9.386995 9.295578 9.154653 9.010143 8.951446 8.995336 9.054802 9.138452 9.2344 9.266065 9.181398 8.960732 8.678513 8.494747 8.496095 8.664992 8.877971 9.066762 9.269095
9.802768 9.79729 9.794974 9.797829 9.815016 9.794939 9.759923 9.763189 9.792826 9.804833 9.814243 9.80884 9.800493 9.806722 9.780389 9.711432 9.661777 9.648506 9.647664 9.659913 9.667987 9.664973 9.659166 9.686667 9.721721 9.768167 9.827433 9.912219 10.04326 10.15276 10.18509 10.09896 9.957917 9.841374 9.729996 9.64307 9.602532 9.552319 9.487256 9.491176 9.499128 9.465039 9.455299 9.442636 9.369168 9.295138 9.190335 9.052155 8.976124 8.953457 8.994213 9.068648 9.148817 9.176319 9.123866 8.981721 8.742383 8.515617 8.385931 8.450103 8.596416 8.754345 8.926592
9.783816 9.78153 9.776368 9.776136 9.795072 9.789078 9.767504 9.753739 9.768677 9.777152 9.789968 9.797428 9.79194 9.787145 9.771885 9.717505 9.67244 9.637848 9.637104 9.651037 9.666239 9.691065 9.706787 9.71371 9.728619 9.772266 9.826962 9.918696 10.03215 10.11807 10.1363 10.06359 9.929033 9.813803 9.696303 9.603758 9.562859 9.521069 9.45846 9.44302 9.446836 9.44484 9.42546 9.415913 9.400203 9.366741 9.319583 9.211883 9.103224 9.018419 9.016484 9.079212 9.189703 9.249366 9.206638 9.105996 8.923585 8.690151 8.532115 8.459062 8.482401 8.572307 8.700853
9.779633 9.772916 9.758615 9.753605 9.773877 9.78129 9.772198 9.757194 9.748786 9.752335 9.762221 9.769481 9.783728 9.777957 9.761126 9.730578 9.685437 9.639341 9.621334 9.625748 9.633753 9.679447 9.719727 9.738583 9.760831 9.802627 9.882171 9.980061 10.08865 10.14208 10.1394 10.02526 9.883904 9.781614 9.695654 9.632006 9.592058 9.550058 9.50454 9.45697 9.413568 9.406041 9.407403 9.431479 9.425213 9.420491 9.404989 9.369182 9.29844 9.163807 9.119347 9.160892 9.261723 9.344367 9.343324 9.283509 9.140033 8.953434 8.795961 8.661102 8.575908 8.591223 8.674491
9.792121 9.773932 9.757792 9.755882 9.760001 9.770894 9.77496 9.760641 9.738558 9.735356 9.736204 9.74598 9.755629 9.759536 9.749907 9.73044 9.70149 9.662232 9.626009 9.611105 9.608188 9.639484 9.685443 9.722695 9.758811 9.824087 9.924576 10.06727 10.16999 10.20098 10.13928 9.990145 9.831627 9.734093 9.654058 9.599183 9.585237 9.559574 9.526911 9.496972 9.429989 9.405256 9.416816 9.426571 9.440209 9.430976 9.416261 9.388968 9.362544 9.294853 9.254251 9.262864 9.320305 9.40281 9.449397 9.414176 9.305162 9.149472 8.958461 8.793497 8.704917 8.687677 8.675216
9.810828 9.798305 9.77048 9.756322 9.763624 9.773074 9.773105 9.761737 9.74877 9.738585 9.717188 9.705504 9.718759 9.723324 9.712831 9.710973 9.709106 9.679576 9.656826 9.630221 9.613917 9.630155 9.650952 9.68907 9.729167 9.804832 9.936082 10.10098 10.23568 10.26901 10.15345 9.984012 9.810457 9.702332 9.614627 9.543053 9.513763 9.488552 9.47287 9.456825 9.44457 9.433991 9.41987 9.417653 9.439607 9.426927 9.380038 9.334995 9.352987 9.356484 9.349053 9.352517 9.379511 9.433686 9.470478 9.460761 9.34592 9.181401 9.010097 8.864429 8.760998 8.698204 8.657341
9.811887 9.817295 9.798772 9.765585 9.760563 9.768046 9.778915 9.768794 9.759952 9.753223 9.721747 9.675704 9.674634 9.667977 9.670226 9.679085 9.682665 9.677461 9.672047 9.648952 9.644975 9.651383 9.657289 9.668154 9.700963 9.764112 9.891129 10.0664 10.21119 10.26111 10.15799 9.971735 9.789477 9.681688 9.602989 9.529817 9.468435 9.440606 9.431981 9.440602 9.437307 9.428168 9.409202 9.390682 9.391157 9.371524 9.33381 9.318842 9.327312 9.353951 9.370593 9.380509 9.407823 9.438673 9.46401 9.439957 9.327409 9.167509 9.017255 8.872461 8.760042 8.672635 8.611896
9.798428 9.811988 9.805021 9.787159 9.771651 9.770996 9.772006 9.78115 9.779588 9.764006 9.744053 9.693857 9.639067 9.628902 9.608896 9.59915 9.613987 9.6195 9.634706 9.647517 9.644634 9.657646 9.669172 9.695927 9.710283 9.758937 9.848872 9.998721 10.14164 10.19769 10.11035 9.965026 9.800872 9.684918 9.605057 9.522194 9.466887 9.417984 9.422538 9.444727 9.440733 9.41555 9.368998 9.320243 9.302615 9.2721 9.235721 9.224444 9.25031 9.290299 9.334197 9.375944 9.418256 9.443603 9.454407 9.421762 9.308748 9.150335 8.995963 8.851068 8.735618 8.638561 8.553248
9.800222 9.794536 9.801637 9.799078 9.789584 9.784376 9.787872 9.798003 9.786067 9.770386 9.752206 9.699658 9.651891 9.623126 9.591488 9.554498 9.532349 9.541606 9.559531 9.588853 9.615045 9.637091 9.675489 9.720012 9.762789 9.809436 9.873771 9.972152 10.06499 10.10865 10.05764 9.956681 9.82945 9.722904 9.653859 9.548693 9.484713 9.444736 9.447866 9.458849 9.4492 9.41034 9.303373 9.222782 9.196505 9.155897 9.102112 9.092182 9.099721 9.166116 9.251882 9.344885 9.401688 9.43046 9.434562 9.386056 9.276237 9.124527 8.958598 8.8049 8.679057 8.583684 8.476254
