py_wake/examples/data/AJ_ParqueFicticio/Rough survey   Sector 2   Height 200m   Orographic speed.grd
DSAA
73  159
 258469   265669
 6501692   6517492
 .7210667   1.456257
[rows 112 to 139 of 159, columns 0 to 62 of 73]
1.17312 1.178469 1.185637 1.199226 1.217948 1.239806 1.264231 1.292789 1.323786 1.350327 1.372408 1.3837 1.374345 1.352853 1.32327 1.291452 1.271617 1.269589 1.271679 1.263519 1.249284 1.240176 1.233651 1.239688 1.253709 1.263074 1.254842 1.22326 1.178923 1.134973 1.10321 1.083683 1.075484 1.076971 1.083315 1.097057 1.123912 1.165954 1.215938 1.263643 1.302182 1.323763 1.32446 1.307147 1.282241 1.258489 1.239054 1.224219 1.214251 1.205973 1.184309 1.147029 1.102319 1.061228 1.033193 1.016545 1.007883 1.000942 .9944698 .9889017 .9878665 .9921833 1.007083
1.191919 1.199941 1.210931 1.227138 1.247817 1.273846 1.301976 1.330512 1.357869 1.378731 1.394303 1.399723 1.384429 1.354867 1.319126 1.287788 1.276784 1.280144 1.278287 1.266783 1.251896 1.240692 1.237626 1.245475 1.25414 1.252062 1.230995 1.189938 1.146072 1.111912 1.092295 1.091908 1.101646 1.11238 1.125429 1.14646 1.178141 1.222828 1.273203 1.315012 1.346563 1.354512 1.338993 1.309575 1.276488 1.248537 1.225968 1.20625 1.187319 1.16436 1.135658 1.098503 1.06003 1.03052 1.011084 1.002848 .9983646 .995317 .9900247 .9841773 .9854909 .9907966 .9985777
1.208241 1.221404 1.237453 1.254793 1.278101 1.306818 1.337181 1.365481 1.388528 1.404198 1.415481 1.413592 1.389007 1.352624 1.316145 1.294251 1.294911 1.299162 1.291825 1.276542 1.262915 1.251184 1.243825 1.244101 1.241682 1.229328 1.200911 1.159029 1.118224 1.095154 1.089723 1.099764 1.117068 1.135621 1.161037 1.193331 1.23607 1.286698 1.33594 1.372362 1.388546 1.380828 1.351131 1.312682 1.275314 1.244274 1.216597 1.19083 1.163886 1.131541 1.095986 1.062008 1.031125 1.010661 .9996979 .9945518 .9921544 .9895434 .9871056 .9842431 .9846474 .9894491 .9925023
1.21259 1.2322 1.252716 1.273928 1.299441 1.32999 1.363002 1.38962 1.410552 1.42636 1.434482 1.422413 1.392169 1.355717 1.326718 1.318272 1.325093 1.327097 1.316033 1.300633 1.283705 1.267318 1.2495 1.235345 1.219323 1.1983 1.166584 1.128001 1.096312 1.083618 1.089987 1.105536 1.121095 1.144259 1.179763 1.227907 1.285112 1.342917 1.390014 1.418112 1.42055 1.399407 1.35929 1.31655 1.276614 1.241437 1.207907 1.176445 1.143703 1.109294 1.073622 1.040864 1.014682 1.000524 .9943115 .9898586 .9873042 .9858751 .9834763 .982145 .9827833 .9842597 .9851878
1.198113 1.223742 1.247389 1.274368 1.305776 1.339989 1.374236 1.402159 1.426033 1.443856 1.448636 1.430856 1.398288 1.367768 1.350445 1.35103 1.357381 1.35766 1.345866 1.328641 1.306258 1.277679 1.248951 1.221735 1.194872 1.168501 1.137813 1.103449 1.082184 1.082471 1.094577 1.107944 1.125129 1.152507 1.196733 1.252229 1.315258 1.375892 1.419462 1.432142 1.421054 1.389519 1.34704 1.304129 1.2642 1.22807 1.192089 1.157977 1.123107 1.090031 1.057961 1.031095 1.00993 .995893 .9886479 .9843684 .9814305 .9793711 .978039 .9760873 .975268 .9746819 .9738346
1.1702 1.197358 1.224918 1.258776 1.298296 1.338905 1.37568 1.408781 1.435621 1.454237 1.452694 1.431461 1.402441 1.379218 1.368605 1.371142 1.373951 1.369855 1.355394 1.33468 1.307074 1.272559 1.235903 1.204014 1.173301 1.144798 1.117038 1.092839 1.084237 1.092481 1.103264 1.113075 1.135408 1.169903 1.215289 1.266804 1.322021 1.372588 1.399065 1.398922 1.376044 1.338233 1.295418 1.256619 1.223427 1.192043 1.159294 1.126842 1.095428 1.065745 1.041352 1.021168 1.005433 .9928726 .9845678 .9783869 .9741666 .9698893 .9649753 .9622511 .9606469 .9559365 .952621
1.136894 1.166289 1.20091 1.243258 1.290003 1.336676 1.37806 1.412612 1.436723 1.44638 1.435413 1.414236 1.389714 1.369813 1.362992 1.362407 1.358872 1.3456 1.326315 1.300147 1.270526 1.238649 1.206982 1.178959 1.154523 1.130447 1.105633 1.092633 1.096517 1.104732 1.109983 1.119972 1.144263 1.17731 1.213273 1.255604 1.301368 1.340234 1.351337 1.334376 1.300705 1.258875 1.219427 1.185671 1.155705 1.130669 1.105771 1.079945 1.05767 1.038077 1.022649 1.010743 1.001212 .9915265 .9841263 .9764661 .970928 .9632527 .9532828 .94088 .9284765 .9223042 .91719
1.114855 1.15031 1.194219 1.244571 1.296963 1.347144 1.389605 1.419333 1.434972 1.42958 1.406727 1.377649 1.352287 1.334225 1.328057 1.326256 1.317113 1.296836 1.268859 1.239139 1.210172 1.184131 1.162804 1.151688 1.137761 1.12136 1.106315 1.098446 1.103782 1.109164 1.109333 1.118005 1.141021 1.165833 1.194261 1.235415 1.277275 1.306298 1.299715 1.267884 1.223856 1.181248 1.146514 1.119076 1.091096 1.067008 1.046705 1.028979 1.016422 1.00747 1.001836 .9986128 .9934376 .9881908 .982296 .9756352 .9673177 .9562122 .9387887 .9166064 .8964621 .8869797 .8847529
1.12324 1.165089 1.213941 1.267232 1.320843 1.369486 1.407136 1.430072 1.432378 1.409884 1.373913 1.337621 1.309865 1.291435 1.285878 1.281512 1.269854 1.245666 1.215391 1.185334 1.158538 1.138118 1.125932 1.122106 1.120342 1.110385 1.102184 1.098211 1.099329 1.100326 1.098905 1.109581 1.128943 1.146891 1.17766 1.221641 1.263101 1.281364 1.263153 1.218954 1.16888 1.124601 1.092649 1.069136 1.044012 1.019524 1.002232 .9905611 .984413 .9827353 .98172 .980975 .9808826 .9779258 .9724933 .9655608 .9533798 .9345438 .9083061 .8847332 .8701078 .8683718 .8735685
1.159952 1.200955 1.24986 1.303492 1.353707 1.397917 1.429074 1.438355 1.419924 1.384382 1.344896 1.307147 1.275811 1.257086 1.24736 1.238633 1.223019 1.199867 1.17404 1.149634 1.126308 1.109072 1.098209 1.096596 1.095798 1.09117 1.088198 1.087056 1.087111 1.08675 1.089321 1.101938 1.11502 1.135804 1.175065 1.222512 1.25864 1.265087 1.233652 1.182814 1.13161 1.085914 1.053441 1.030436 1.010261 .9939376 .9810296 .973918 .9714917 .970503 .9706913 .9677278 .9643489 .960865 .9538797 .9424186 .9252334 .8988002 .8727677 .859153 .8619177 .8727052 .8928187
1.198202 1.24026 1.289196 1.341453 1.387951 1.424346 1.44491 1.436837 1.399235 1.357246 1.323255 1.288386 1.260548 1.242115 1.223709 1.204463 1.182559 1.158666 1.137001 1.117308 1.100539 1.087632 1.079935 1.075132 1.072577 1.068853 1.07212 1.076112 1.077694 1.077441 1.085468 1.096554 1.111447 1.144241 1.190768 1.234707 1.257527 1.244121 1.200869 1.147278 1.096727 1.054141 1.021507 .9988913 .9842527 .9757506 .9716133 .9706204 .9690952 .9681687 .9646231 .9592504 .9491587 .9390637 .9244992 .9076887 .8884696 .8665555 .85341 .860383 .8819673 .9050751 .9309288
1.234953 1.281346 1.33136 1.37976 1.418656 1.443037 1.445278 1.416706 1.370341 1.329076 1.301686 1.276684 1.255579 1.236396 1.216509 1.192241 1.16564 1.13703 1.112572 1.09559 1.084017 1.077304 1.075126 1.070741 1.062999 1.056928 1.055245 1.064943 1.074551 1.079429 1.087864 1.101482 1.125709 1.165198 1.208329 1.239448 1.241673 1.211008 1.157992 1.104123 1.05938 1.02349 .9967358 .9774227 .9656201 .9609483 .9603484 .9639179 .9660215 .9647062 .9601073 .9501351 .9370137 .9174507 .8932931 .871557 .8549036 .8453881 .8559633 .8847792 .9154816 .9433306 .9686598
1.270476 1.322268 1.371657 1.412067 1.440369 1.446615 1.424118 1.383269 1.334566 1.297806 1.276291 1.257995 1.244674 1.232982 1.216712 1.196209 1.17208 1.147756 1.126809 1.112375 1.103099 1.098022 1.09116 1.082356 1.068727 1.056721 1.055434 1.064482 1.076416 1.085458 1.095294 1.114684 1.143937 1.180203 1.211505 1.225901 1.210847 1.168027 1.112996 1.061794 1.02103 .9959691 .9803179 .9691516 .9587739 .9520375 .949349 .9511297 .9546114 .9544074 .9488555 .9364491 .915895 .8901837 .8654361 .8476259 .8365245 .8490693 .8759536 .9111407 .9433657 .970607 .9928907
1.301592 1.355066 1.400006 1.432045 1.444441 1.427868 1.390164 1.341851 1.296663 1.267285 1.250065 1.234379 1.224353 1.218169 1.208611 1.196654 1.18163 1.168388 1.155769 1.148367 1.141625 1.131627 1.114669 1.093716 1.077015 1.066823 1.072365 1.086051 1.097303 1.102861 1.109206 1.126365 1.149969 1.178067 1.198163 1.198567 1.171716 1.12525 1.07436 1.028926 .9937878 .9721688 .9632841 .958959 .9543276 .9501104 .9461446 .942173 .9383222 .9341915 .9255497 .9065147 .8803925 .8533738 .8373197 .8314463 .8388091 .8662091 .9015371 .9336565 .9618363 .9855654 1.006896
1.329082 1.378915 1.418085 1.438707 1.43296 1.400452 1.355716 1.309695 1.270599 1.24213 1.223488 1.208984 1.200277 1.191193 1.181939 1.174969 1.169731 1.169692 1.171678 1.170795 1.161534 1.144773 1.120512 1.095703 1.081533 1.081143 1.093469 1.109869 1.116303 1.115871 1.116201 1.126504 1.144247 1.165284 1.176259 1.166337 1.132667 1.086702 1.039901 .9993975 .9715796 .9552462 .9449551 .9421827 .9415804 .940241 .9380764 .9330336 .9235472 .9107502 .8929805 .868189 .8401286 .8219383 .8194459 .8299402 .8546278 .8922843 .9304584 .9541221 .9743841 .993683 1.008872
1.3543 1.398498 1.426486 1.434955 1.412642 1.371449 1.327613 1.286225 1.248934 1.220362 1.198805 1.185663 1.175082 1.160973 1.153273 1.151206 1.148131 1.152836 1.158593 1.155991 1.143112 1.124201 1.101274 1.083214 1.076823 1.082996 1.099113 1.112309 1.114914 1.109653 1.107314 1.113848 1.13309 1.149754 1.151252 1.129478 1.092676 1.048524 1.005088 .9681406 .9451994 .9355142 .9314321 .9293828 .928243 .9271176 .9270934 .9253579 .915372 .8974855 .8723229 .8444856 .8247634 .8203036 .8326414 .8565692 .890912 .9268852 .9536002 .9675816 .9803287 .9930958 1.000317
1.372123 1.410492 1.428607 1.421287 1.386031 1.337473 1.2945 1.256284 1.223837 1.199664 1.181455 1.164471 1.152581 1.139158 1.133156 1.133394 1.128111 1.126842 1.127397 1.118237 1.102436 1.086225 1.067386 1.055896 1.057528 1.065773 1.077587 1.085849 1.086893 1.084055 1.083638 1.09648 1.115565 1.124017 1.116032 1.08642 1.046284 1.004547 .967162 .9381456 .9222757 .9166552 .9164228 .9180608 .9217402 .9214212 .9212213 .920687 .9159634 .8980496 .8725257 .84833 .8383661 .8491164 .8753771 .9070624 .9374636 .9587117 .9671422 .9719082 .9797566 .9865638 .9900215
1.393622 1.422814 1.424636 1.399124 1.349857 1.295486 1.254647 1.221146 1.194194 1.175257 1.161544 1.148409 1.135892 1.128102 1.123109 1.119184 1.110783 1.101154 1.092934 1.079484 1.062632 1.049497 1.033187 1.025818 1.035095 1.046192 1.054989 1.05739 1.057932 1.057896 1.060997 1.072609 1.086181 1.085774 1.071484 1.040678 1.001723 .9655086 .9386234 .9183451 .9104539 .907869 .9080318 .9096887 .9161893 .9208515 .9222565 .9200007 .913398 .8984553 .8754806 .8609922 .8648528 .89003 .9233652 .9527503 .9703206 .9759145 .9738349 .9752874 .9788825 .9843815 .9909471
1.423661 1.434378 1.413703 1.366691 1.309315 1.257554 1.224577 1.194732 1.173494 1.15968 1.150535 1.140765 1.130516 1.123659 1.115324 1.106853 1.096973 1.084927 1.067789 1.04849 1.031279 1.021043 1.009808 1.008098 1.019844 1.033412 1.043169 1.048682 1.051742 1.051211 1.049182 1.051501 1.055454 1.051018 1.031503 1.00283 .9704152 .9455418 .9310314 .9199135 .9143103 .9116414 .9110886 .9130493 .917257 .9216872 .9252009 .922327 .9101543 .8925286 .8763809 .8756487 .892232 .9249228 .9552057 .9755266 .9849272 .9869191 .9841493 .9849934 .990776 .9926655 .9972733
1.450656 1.435805 1.392187 1.334129 1.273277 1.230806 1.207802 1.186174 1.172562 1.162792 1.155443 1.146543 1.136036 1.119724 1.10762 1.096911 1.088655 1.073674 1.053987 1.030639 1.013639 1.003614 .9943057 .9977212 1.011301 1.026471 1.045022 1.058503 1.064689 1.060757 1.053256 1.046981 1.041255 1.02633 1.007634 .9830183 .9592341 .9442664 .9357766 .9307306 .9247923 .9235489 .9244046 .9280533 .9317795 .9329903 .9284794 .920542 .9057811 .8873636 .8796311 .891957 .9188762 .9493921 .9716798 .9850617 .9928966 .9977015 .9975114 .996657 .9990083 .9997343 1.003156
1.456257 1.416889 1.361599 1.301108 1.244866 1.211157 1.192671 1.18192 1.176083 1.166192 1.158758 1.147094 1.13193 1.114268 1.097878 1.087652 1.077455 1.062669 1.04195 1.021262 1.002584 .9910343 .9852777 .9897524 1.00769 1.027806 1.051913 1.072263 1.076069 1.068625 1.058356 1.049784 1.041782 1.025843 1.003272 .9770122 .9600791 .9481534 .9408428 .9361801 .9342328 .936116 .9389275 .9442777 .9466196 .9428157 .9332351 .917798 .8988194 .8835473 .8869987 .9079517 .936992 .9624978 .9788436 .9896362 .9968793 1.001744 1.004524 1.003986 1.004215 1.004921 1.007683
1.441679 1.386637 1.324054 1.265548 1.21766 1.193866 1.182768 1.177232 1.173884 1.163537 1.151665 1.135043 1.117262 1.09957 1.082387 1.072213 1.060542 1.044056 1.026344 1.009636 .9945302 .9835289 .9787573 .9861174 1.004701 1.028678 1.054016 1.070484 1.070468 1.062561 1.05467 1.050095 1.041788 1.024028 1.00212 .9792991 .959535 .9450367 .9370158 .9323899 .9336679 .9357374 .9428716 .9496544 .9499781 .9403107 .9284878 .9110934 .892059 .8835117 .893414 .9157262 .9410216 .9620222 .9783123 .98955 .9979264 1.003273 1.008521 1.011364 1.010791 1.012133 1.014411
1.417161 1.35449 1.288912 1.234455 1.197517 1.185115 1.181758 1.177696 1.173348 1.162858 1.144081 1.122062 1.100026 1.080858 1.063383 1.050534 1.037361 1.022484 1.008447 .9965494 .9851865 .9757431 .9729571 .9816415 1.001672 1.026883 1.050098 1.062468 1.053866 1.043769 1.034477 1.030133 1.023659 1.01203 .9921635 .9730419 .9522561 .9386461 .9298618 .9254264 .9272145 .9302798 .9367619 .9407901 .93692 .9272823 .9125499 .8963323 .8828707 .8826492 .8964791 .9164045 .9382794 .9583531 .9740068 .9867774 .9974088 1.004248 1.01039 1.013052 1.014507 1.017103 1.01972
1.391907 1.325597 1.262056 1.213553 1.188519 1.181526 1.176611 1.169693 1.163573 1.152186 1.13338 1.11124 1.087996 1.067388 1.048805 1.031997 1.017683 1.004762 .9935492 .9847391 .9765894 .9716939 .9717962 .9823691 1.002748 1.026859 1.047289 1.051575 1.040579 1.026389 1.013407 1.003326 .9949952 .9862019 .9714972 .9566588 .9426765 .9294356 .9216406 .920926 .9246033 .9283643 .9293483 .9255456 .9179009 .9041328 .8886409 .8766212 .8739887 .8824064 .8990017 .9182432 .9363784 .9534822 .9684795 .9814448 .9927456 1.002601 1.007874 1.011527 1.013759 1.017487 1.020346
1.362759 1.297668 1.239012 1.195871 1.176606 1.167881 1.156123 1.146077 1.139172 1.127352 1.110387 1.092406 1.074799 1.056912 1.038264 1.023561 1.005759 .9896404 .981503 .9739258 .9701608 .9728086 .9760761 .9887364 1.010025 1.033186 1.047342 1.040731 1.024267 1.006542 .9937102 .9820573 .9691924 .9576533 .9465784 .938091 .9305759 .922379 .9205145 .9227028 .9275613 .9296141 .9258471 .9144055 .9000066 .8860268 .8753513 .8723468 .8788957 .8929883 .9082006 .9226522 .9352958 .9485935 .961158 .9726886 .9829817 .9927779 1.000823 1.005289 1.009226 1.012924 1.016357
1.32437 1.262767 1.21044 1.172505 1.154389 1.140155 1.126994 1.119486 1.112165 1.096595 1.078054 1.064898 1.055032 1.040449 1.02649 1.012739 .9967726 .9813139 .9717636 .9659486 .9672073 .9728766 .978815 .9955859 1.015992 1.035673 1.042526 1.028631 1.006522 .9849871 .9709646 .9623841 .951188 .9377952 .9290161 .9236656 .9208673 .9197058 .9208758 .9261628 .9313267 .9309907 .9249834 .9104527 .8965507 .886571 .8841528 .8909414 .901648 .9105947 .9173444 .9246145 .933413 .9437833 .9527671 .9607197 .9686473 .9774312 .9860319 .9933144 .9989864 1.004298 1.008439
1.276385 1.223084 1.177442 1.142538 1.122788 1.10897 1.102567 1.101736 1.091209 1.069969 1.050268 1.038371 1.029677 1.017733 1.007273 1.001438 .9892108 .9782873 .9701859 .9680826 .969124 .975384 .9820878 .9989536 1.016256 1.029386 1.029146 1.012315 .9895651 .968049 .9530472 .9449165 .9383531 .929561 .9213391 .91751 .9166584 .9186893 .9212965 .9250339 .9289184 .9275646 .918996 .9078512 .9004462 .8973426 .9009115 .9080728 .9167252 .9201224 .9232499 .9281549 .9357245 .9433828 .9480938 .9506279 .9537588 .9605805 .9679546 .9774804 .986765 .9940847 1.00001
1.232839 1.184951 1.14427 1.108888 1.090429 1.086336 1.090851 1.090974 1.077037 1.056518 1.03701 1.020787 1.007933 .9974287 .9870197 .9854827 .9798992 .9741484 .9747556 .9775686 .9774528 .9810933 .9886839 1.002705 1.012219 1.017084 1.01367 .9975814 .9770914 .9583028 .943483 .9345508 .9307627 .9251619 .9201152 .9179374 .9172722 .9191756 .9227949 .9225543 .9231042 .9198144 .9113809 .9009136 .8977321 .9006989 .9043431 .9111462 .9184151 .9214434 .9294183 .9399511 .9471422 .94981 .948543 .9444011 .9449031 .9495408 .9574756 .9655681 .9741164 .9825468 .9898086
