py_wake/examples/data/AJ_ParqueFicticio/Rough survey   Sector 6   Height 200m   Orographic speed.grd
DSAA
73  159
 258469   265669
 6501692   6517492
 .7325408   1.316568
[rows 0 to 27 of 159, columns 0 to 62 of 73]
.9599063 .9563484 .9546673 .9536375 .952427 .9511687 .95043 .9496351 .948946 .9479781 .9465135 .9445593 .9425391 .9410894 .9395499 .9391166 .9395974 .9404595 .942668 .9458215 .9500877 .9557882 .9566802 .9531335 .9415288 .9238955 .9171234 .9203815 .9241657 .9250586 .9253378 .9271045 .9330834 .9426137 .9541348 .9652095 .9771041 .9849253 .987893 .9889622 .9879881 .9861912 .9838428 .9805956 .9788085 .9783891 .9772542 .9761927 .9753661 .9735618 .9716341 .968275 .965062 .9620262 .958591 .9555323 .9527305 .9499976 .9488413 .948344 .9476254 .9484012 .9506699
.9622087 .9570042 .9549494 .9539298 .952761 .9513249 .9505073 .948962 .9483217 .9479989 .9468713 .9450346 .9429786 .9409692 .9394402 .9388272 .9389839 .9405121 .9422253 .9466081 .9527063 .9597377 .9648957 .9663317 .9573888 .9384639 .9226032 .9214334 .9232012 .9252306 .9259157 .9274548 .9308615 .9388295 .9490109 .9615197 .9757548 .9883522 .9940778 .9955762 .9954256 .9943054 .9938735 .9909291 .9830457 .9815496 .9805433 .9800876 .9790223 .9771256 .9749525 .9711815 .9672976 .9634682 .959797 .9568771 .9530801 .9505094 .9482379 .9463734 .9453189 .9455384 .947287
.9698298 .9603184 .956032 .9541551 .9521357 .9508188 .9497624 .9485822 .9475417 .9466765 .9468131 .945274 .942686 .940638 .9387687 .9377741 .9381281 .9389538 .9406133 .94434 .95043 .958113 .9664211 .9734347 .9693698 .950095 .9329628 .9244285 .9231731 .9235885 .9246957 .9255304 .9277264 .9328377 .9403195 .9536083 .9692217 .9864789 .9973059 1.001209 1.000912 .998718 .9980665 .9976614 .9911143 .9842465 .9817725 .9818367 .9815251 .9807596 .9790419 .9758691 .9710761 .9664173 .9621823 .958218 .9540093 .949952 .9464368 .9438096 .9415352 .9420097 .9429407
.9827413 .9692573 .959026 .9544982 .9522867 .9507982 .9489281 .9474112 .9460654 .9446833 .9441026 .9449512 .9435182 .9411823 .9376096 .9356973 .9354044 .936136 .9376029 .9409311 .9459261 .9531525 .9622412 .9720259 .9738378 .9607876 .9410475 .9302577 .9249987 .9238938 .9237158 .922108 .9224618 .9232974 .9250668 .9322565 .9486375 .9706717 .9899822 .9992554 1.000458 .9996476 .9987063 1.000023 .9978497 .9903532 .9844162 .982689 .9822614 .9816823 .9825985 .9806216 .9762257 .9705141 .9655011 .9599938 .9544559 .9486279 .9437122 .9395781 .9369773 .9364223 .9378734
.993732 .9796343 .9659148 .9574296 .9531732 .9506286 .9492088 .9468207 .9448798 .9433666 .941956 .9413223 .9425478 .9415706 .9366316 .9332991 .9324293 .9326283 .9344598 .9373827 .9423102 .9478255 .9556429 .9644551 .9688438 .9630625 .9486474 .935747 .9273883 .923939 .9205444 .9196308 .9149392 .9110309 .9056274 .9040572 .9137974 .9365898 .9596525 .9778832 .9889211 .9933656 .9936326 .9963658 1.000195 .996181 .9894944 .9843608 .9835008 .9838867 .9875159 .9866014 .9829466 .9771307 .9704167 .9628436 .9546856 .9471151 .9397782 .933937 .9302475 .928998 .9298378
.9997722 .9910937 .9794905 .9670398 .9561532 .9517994 .9501531 .9476945 .9452286 .9433023 .9425742 .9396129 .9402362 .9397578 .9365383 .9313726 .9287292 .9278112 .9299149 .9337047 .9391941 .9458662 .9520468 .9590329 .9640194 .9613393 .9504911 .9391413 .929521 .9218442 .9156373 .9111586 .906207 .8977076 .8905373 .8835503 .884051 .8980579 .9188516 .9413592 .9630453 .979797 .9864988 .9901121 .9903679 .9909189 .9871125 .9835259 .9827681 .9847481 .9878669 .9908654 .9884468 .9831049 .9749213 .9650317 .9545109 .944569 .9346883 .9269014 .9204227 .9172378 .91532
1.004875 1.001121 .995918 .9842379 .9671384 .9552229 .95407 .9528881 .9499345 .9475034 .9458719 .9416858 .9397455 .9400569 .9381486 .9323809 .9254888 .9215167 .9206207 .9236591 .93073 .9403935 .9483443 .9561799 .9616874 .9603032 .9512539 .9412103 .9299805 .9203798 .9123034 .9034908 .8967199 .8912668 .8824614 .8752415 .8712789 .8749313 .8880343 .9079874 .9341713 .9594134 .9736257 .9783742 .9780564 .9777888 .9787481 .9793962 .9768924 .9782062 .9830903 .9870925 .9885443 .9864908 .9784754 .9673735 .9545257 .9416275 .928344 .9165547 .9067893 .8994113 .894326
1.008147 1.007037 1.004311 .9970283 .9826031 .9680932 .961745 .9600443 .9569861 .9540074 .9509429 .9471656 .9440728 .943417 .9412647 .9345102 .9243454 .9161882 .9114969 .9105018 .9171526 .9287114 .9416763 .9514915 .9590991 .9599629 .9528704 .9423839 .9315411 .9205444 .9112538 .9036858 .8959456 .8884646 .8797404 .870934 .8652091 .8642929 .8704266 .8840714 .9054204 .9301612 .9478865 .9567942 .9612933 .9658061 .96946 .968999 .9662283 .9659868 .9701446 .9735799 .9765337 .9792688 .9779331 .9671122 .9536073 .9387426 .9221729 .9063863 .8915241 .8797136 .8699376
1.011028 1.011048 1.009343 1.00343 .992511 .9804271 .9723917 .9690655 .9646365 .9610921 .9566019 .9527958 .9495654 .9488774 .9471606 .9398493 .9281371 .9141071 .9035714 .897168 .8986948 .9087226 .9211025 .9343655 .9470174 .9555117 .953354 .9445108 .9340152 .9233533 .914454 .9060109 .8973902 .8884912 .8789098 .8701862 .8606111 .8573 .8589872 .8648871 .8758274 .8926033 .9093283 .92129 .9349879 .9452165 .9482832 .9498643 .9451889 .9420258 .9484485 .9521689 .9550857 .9617075 .9673678 .9634887 .9521579 .9372338 .9197268 .9002143 .8784111 .8610169 .8491585
1.01363 1.014023 1.013032 1.009191 1.002177 .9903617 .9814575 .9766659 .9722452 .9673271 .9633641 .9595178 .9552132 .9538796 .9547302 .9499331 .9381146 .9215233 .9038849 .8903089 .8822188 .8822524 .8931677 .9048241 .9195492 .9385913 .9480668 .9440008 .9361899 .9268578 .9179305 .9090163 .899876 .8907437 .8810487 .8719029 .8621346 .8534637 .8509129 .8512985 .8535462 .8600158 .8689021 .8804427 .8962383 .9099454 .9145094 .9191876 .9176185 .9124591 .9173028 .9232152 .9291421 .9394069 .9490485 .9546548 .9481858 .9369749 .9210566 .9008691 .8755971 .8518228 .8370745
1.016211 1.016648 1.015929 1.014827 1.015485 1.006931 .9998438 .9895207 .9793329 .9742491 .9709786 .9672298 .9614358 .9580873 .9603779 .9615321 .9541087 .9373127 .9170799 .8970474 .8795073 .8689055 .8705401 .879482 .8909503 .9079132 .9271763 .9360452 .9336767 .9265893 .9194307 .9118323 .9034158 .8943436 .885085 .875814 .8657668 .8559659 .8486599 .8468063 .8457209 .8467575 .8482922 .8511852 .858361 .8699094 .8759408 .883131 .8853003 .881905 .8840056 .8906118 .9026552 .9163771 .9276846 .9350646 .9377596 .9330848 .9214612 .9034085 .8793985 .8528653 .8331871
1.01761 1.01903 1.018167 1.017555 1.019161 1.016021 1.010835 1.001433 .9885117 .9837876 .9799951 .9770964 .9698914 .9619681 .9615764 .9676951 .9696651 .9576765 .9386066 .9162972 .8916401 .8727986 .865095 .8669493 .8741241 .8860345 .9055802 .9211153 .9244803 .9221593 .9170638 .9110157 .9051939 .897647 .8901607 .8804386 .8704714 .86105 .8520352 .8474661 .845175 .8449958 .8423157 .8407473 .8396206 .8429307 .8481287 .8531646 .8575133 .855168 .8533569 .8599337 .8744162 .8879359 .8969583 .9044491 .9077922 .9088945 .9031045 .8923851 .8741982 .8511767 .8300592
1.017642 1.019781 1.019984 1.018996 1.019317 1.018451 1.015752 1.010055 .9996662 .9951993 .9929721 .9921172 .9853532 .9720562 .9644542 .9651763 .9718981 .9724703 .9602529 .9413205 .9195231 .8986478 .8810766 .8705521 .8689501 .8749092 .8866825 .9011846 .9100066 .9117883 .9109616 .9078692 .904142 .8985143 .8920899 .8839292 .874479 .8662703 .858187 .8513932 .8478621 .8461761 .8425829 .8388476 .832094 .8306783 .8323178 .8355427 .8378825 .8352146 .8309453 .8310882 .8394108 .850818 .85896 .8601167 .8625396 .8622362 .8600119 .8548645 .8460928 .8319921 .8170195
1.016797 1.018181 1.018833 1.01937 1.019582 1.019961 1.019179 1.017542 1.00943 1.00556 1.005691 1.004606 1.000828 .9910746 .9806808 .9741533 .9750243 .9742703 .9752471 .9644906 .9483227 .9279345 .9069756 .8875586 .8760799 .8740041 .8795196 .8887445 .8983539 .9029011 .9046095 .9043621 .9026631 .8991099 .8916826 .8847921 .8773103 .8710681 .8651511 .8596073 .8540732 .8489807 .8445828 .8410661 .8323331 .8261642 .8252243 .8237655 .8250144 .8212869 .8166115 .8130339 .8124691 .8173702 .8227817 .8243728 .82316 .8216183 .8184659 .8144066 .8084148 .8012371 .7933581
1.015393 1.016647 1.017696 1.018852 1.02035 1.0206 1.020612 1.019467 1.015192 1.011889 1.011068 1.010249 1.008363 1.003365 .9952197 .9876056 .9846282 .9850302 .985377 .9811682 .9728862 .9586524 .9377132 .9121493 .892332 .8825863 .8811598 .8860934 .8915771 .8966274 .8991867 .900984 .902845 .9007498 .8942502 .8852637 .8788596 .8740289 .8719861 .8694462 .8644469 .8580467 .8513626 .8475224 .841662 .8319743 .8279322 .8235632 .8186943 .8164731 .8115715 .8073227 .804349 .8057341 .8085407 .811918 .8131182 .8102836 .8049909 .7964678 .788818 .7800157 .7748472
1.013659 1.015113 1.016587 1.018301 1.019636 1.020944 1.021054 1.020868 1.018416 1.014396 1.012996 1.012652 1.012298 1.010861 1.007397 1.000498 .9954683 .9960334 .9969918 .993772 .9888635 .9824499 .9699447 .9472369 .9221131 .9014939 .8912424 .8895808 .8921098 .8963054 .9000303 .9018632 .9050103 .9062331 .9023794 .8930435 .882258 .8777635 .8780375 .8818303 .8807734 .8743677 .864893 .8593152 .8528305 .8446079 .8375517 .8330122 .8277373 .8215454 .818067 .8151566 .8148037 .8171723 .8214551 .8262514 .8291311 .8289549 .8243669 .8131809 .7982855 .7824104 .7693167
1.01238 1.013087 1.014933 1.017002 1.018853 1.020514 1.021401 1.021467 1.019989 1.017217 1.015382 1.014913 1.015265 1.01427 1.013919 1.010703 1.005653 1.001323 1.00178 .9994149 .9969326 .9946683 .9891163 .978074 .9598539 .9344679 .9135787 .9020534 .8997999 .9024573 .9067478 .9094582 .9138908 .9189988 .9200457 .9143263 .9000736 .8908204 .8918586 .8955208 .9005105 .8956773 .8844328 .8755197 .8687457 .8622448 .8564509 .8511166 .8462758 .8400829 .8347063 .8342384 .8383502 .8447418 .8512136 .8571683 .8620648 .8647089 .8601942 .8509715 .8331046 .8087304 .7810416
1.011472 1.012454 1.013862 1.016187 1.017804 1.019674 1.02102 1.021224 1.020717 1.019772 1.018208 1.015758 1.015424 1.015645 1.015301 1.013522 1.010468 1.007015 1.006104 1.003978 1.002556 1.001943 1.000075 .9972019 .9881652 .9711657 .950158 .9310919 .9202603 .9191229 .9219598 .9245631 .9309949 .9373527 .9417474 .9401287 .9274848 .9160399 .9142538 .9205892 .9297994 .9284615 .9177088 .9059588 .8970048 .8900857 .8831193 .880499 .8774329 .8724026 .8662145 .8641581 .8692502 .8786286 .88594 .8899146 .8919168 .8927312 .8907929 .8809242 .8642572 .8386191 .806071
1.010563 1.011735 1.013543 1.015454 1.017307 1.018735 1.020222 1.020761 1.021025 1.020882 1.020012 1.016766 1.015239 1.015756 1.015566 1.015318 1.012952 1.010735 1.009347 1.007255 1.005751 1.00621 1.008214 1.010184 1.009142 1.000525 .9851881 .9673374 .9538639 .9471604 .9422576 .9415087 .9516085 .9582706 .9638795 .9650536 .9545122 .9408802 .9353292 .9440634 .9578539 .9668555 .9649373 .9573668 .9458318 .9347476 .924823 .9204729 .9193174 .913856 .9051619 .89782 .8984379 .9036064 .9091269 .9112973 .9115989 .9098955 .9040135 .8957302 .8825442 .8624631 .8327899
1.009892 1.011244 1.013237 1.014854 1.015802 1.017205 1.018836 1.019522 1.020553 1.021194 1.020758 1.019545 1.017193 1.015737 1.016181 1.016056 1.015608 1.01397 1.01234 1.010104 1.009249 1.009334 1.010594 1.014327 1.016025 1.014891 1.008906 .9977072 .9841174 .9734612 .9622175 .9549233 .9636548 .9744954 .9822894 .984222 .9759504 .9627293 .9554451 .9638659 .9812184 .9982935 1.006412 1.005433 .9981412 .9869236 .9718874 .9625489 .9596213 .9530144 .9408485 .9296194 .9223302 .9210042 .922025 .9224358 .9210239 .9190978 .9111708 .9023335 .8917006 .876901 .8553268
1.007981 1.009942 1.011825 1.012923 1.013681 1.015076 1.016924 1.017961 1.019305 1.020225 1.020164 1.019896 1.018353 1.017344 1.016728 1.017038 1.017875 1.016335 1.01492 1.013236 1.012506 1.011463 1.012366 1.014182 1.016701 1.017664 1.015603 1.011341 1.002982 .9890694 .9758965 .965829 .9653304 .9787975 .9916773 .9985644 .9915684 .9787053 .9719903 .9801579 .9969245 1.015032 1.029004 1.034585 1.033142 1.025688 1.010739 .9972147 .9893229 .9815893 .9673595 .9554244 .9432335 .9357705 .9324818 .9299209 .9274593 .9240186 .91678 .9069712 .8978826 .888549 .8758906
1.005899 1.006509 1.008581 1.010146 1.011432 1.012867 1.014216 1.015795 1.017268 1.017984 1.018772 1.019256 1.018926 1.01803 1.017814 1.0177 1.018446 1.01856 1.017312 1.016777 1.016184 1.014441 1.013579 1.014249 1.016308 1.017164 1.015807 1.013005 1.008907 .999664 .989675 .979091 .9663793 .9747843 .9929028 1.005618 1.003111 .9875503 .9784123 .9867151 1.002884 1.022068 1.035429 1.043385 1.047483 1.044846 1.035081 1.022545 1.010569 .9990889 .9857765 .9741953 .9618328 .9498318 .9455503 .9407505 .9366132 .9324535 .9251831 .9153917 .9053473 .9001516 .8929419
1.00491 1.005055 1.006118 1.007514 1.009376 1.010931 1.011979 1.013404 1.014961 1.015761 1.017532 1.017916 1.018736 1.018535 1.018125 1.018178 1.017744 1.018203 1.018613 1.018379 1.017805 1.016447 1.01581 1.016546 1.016847 1.016428 1.014037 1.011179 1.009082 1.008551 1.005332 .9958768 .980615 .97566 .9889656 1.005376 1.009676 .9981154 .9842127 .983717 .998656 1.017655 1.032707 1.043282 1.048793 1.050462 1.04749 1.038961 1.027843 1.013685 1.001299 .9892211 .9778506 .9647092 .9583824 .9546637 .9499024 .9442665 .9382044 .9296709 .9193814 .9124348 .9075244
1.005195 1.006111 1.006543 1.006423 1.007436 1.008907 1.010207 1.011648 1.013047 1.014199 1.015652 1.01692 1.01734 1.018709 1.018446 1.0187 1.016675 1.016408 1.018062 1.019614 1.019589 1.018842 1.018152 1.018615 1.018515 1.016313 1.013507 1.010176 1.007573 1.010082 1.011931 1.007621 .995042 .9835393 .9864111 1.000796 1.011513 1.008794 .9963612 .9844985 .9907662 1.005835 1.022397 1.035331 1.043188 1.04855 1.050649 1.047517 1.039057 1.027628 1.016093 1.004424 .9921703 .9786162 .971779 .9697513 .9661121 .95969 .9535567 .9477428 .936493 .9274955 .9218072
1.004818 1.006562 1.006978 1.006439 1.007119 1.007924 1.008843 1.010419 1.011371 1.013467 1.014159 1.015832 1.016937 1.017834 1.018107 1.018759 1.018094 1.017647 1.018463 1.020317 1.02137 1.021123 1.02042 1.021428 1.020048 1.017998 1.015351 1.013256 1.010567 1.009553 1.014115 1.013422 1.007351 .9960876 .9895917 .9994026 1.008771 1.011632 1.004943 .9920748 .9895897 .9996995 1.013784 1.026379 1.036618 1.044554 1.050274 1.052576 1.050117 1.042855 1.03379 1.021746 1.008769 .9946525 .9852412 .9857456 .9834669 .9769269 .9704154 .9652305 .9548169 .9441522 .9352408
1.004468 1.004982 1.005937 1.006181 1.006641 1.007138 1.008625 1.009213 1.010317 1.012431 1.013375 1.014851 1.016032 1.016689 1.017645 1.018001 1.018587 1.019156 1.019589 1.021189 1.021991 1.023058 1.023156 1.024182 1.023276 1.021537 1.018413 1.01854 1.018732 1.01342 1.013021 1.014493 1.012912 1.006692 .9973825 1.001524 1.007467 1.012645 1.009614 .9998149 .9951206 1.003543 1.015265 1.026452 1.034762 1.042714 1.050615 1.057962 1.060657 1.056815 1.050775 1.042349 1.030033 1.013299 1.000768 1.000347 1.00135 .9937891 .985657 .9776805 .9681606 .9576421 .9480916
1.005883 1.00551 1.005833 1.00575 1.006778 1.007325 1.008451 1.009386 1.010456 1.011357 1.012326 1.014327 1.015449 1.016112 1.017315 1.018267 1.019307 1.020286 1.020857 1.021554 1.022205 1.023747 1.024886 1.025369 1.025805 1.025308 1.021662 1.022044 1.022213 1.018119 1.014845 1.014383 1.014155 1.010436 1.005311 1.007617 1.008703 1.01181 1.013212 1.004873 1.001753 1.008089 1.019295 1.029556 1.039724 1.046929 1.054728 1.062693 1.069232 1.069445 1.067562 1.063238 1.055374 1.038796 1.019295 1.014106 1.015699 1.010374 .996972 .9831474 .9741794 .9651664 .957316
1.005952 1.00627 1.005558 1.005952 1.00698 1.007684 1.008663 1.009355 1.010312 1.011223 1.011951 1.013826 1.015397 1.016309 1.017219 1.018735 1.020177 1.021206 1.021781 1.022059 1.022312 1.022505 1.023308 1.025109 1.02676 1.026518 1.024999 1.022411 1.02211 1.019599 1.017206 1.016146 1.014156 1.009797 1.00834 1.009833 1.010971 1.011976 1.013045 1.008312 1.004099 1.008225 1.017093 1.0313 1.044495 1.053191 1.062015 1.07099 1.079717 1.083158 1.08359 1.083416 1.081256 1.069051 1.046005 1.030934 1.028123 1.02372 1.008603 .9920427 .9805101 .9716658 .9640202
