py_wake/examples/data/AJ_ParqueFicticio/Rough survey   Sector 1   Height 30m   Power density.grd
DSAA
73  159
 258469   265669
 6501692   6517492
 .05552515   496.3947
[rows 0 to 27 of 159, columns 0 to 62 of 73]
41.02738 40.3343 40.27547 39.9818 39.58158 39.18311 38.82337 38.45562 38.18567 37.83825 37.38947 37.07003 36.75392 36.59446 36.64796 36.66238 36.88329 36.83867 36.87556 36.29287 36.31884 39.96597 42.59648 49.10167 44.74712 35.50984 39.38801 42.8922 47.20787 48.64952 47.91069 46.61015 51.24383 55.7297 60.43557 66.21347 69.75074 64.39894 62.53578 60.82431 57.78677 52.42805 48.60472 43.06469 43.8536 44.94878 45.08376 44.37721 43.99533 43.18252 42.45783 41.34668 40.57119 39.84584 39.67258 39.77383 40.01937 40.90567 41.90053 43.24151 44.71825 46.42292 48.34341
37.36787 38.4897 39.32124 39.27616 38.89285 38.3735 38.18055 37.84295 37.70721 37.37126 36.77474 36.36995 36.05087 35.84634 36.20464 36.48495 36.78871 37.0969 37.44201 37.60315 40.70338 45.3759 50.15061 51.20288 50.2957 47.00792 39.60477 45.06271 46.48603 48.59131 48.89639 49.66994 53.31496 58.48172 64.4585 70.5107 74.61979 69.00876 65.81532 63.70291 60.43453 56.46579 53.99398 49.19793 46.26224 45.91848 46.5284 46.62428 45.36702 44.32322 42.90371 40.88306 39.70516 38.95311 38.8477 39.02728 39.38769 40.50437 42.0871 43.48477 45.14733 46.92056 49.05917
37.08247 36.9656 38.58628 38.50479 37.75821 37.36594 37.00835 36.8477 36.8379 36.67724 37.35902 36.06757 34.7845 34.33606 35.12662 36.09889 36.76693 37.26122 38.04798 39.12727 42.39787 46.0002 46.98053 50.03376 51.71898 52.80915 48.66161 47.90841 46.70702 48.48481 49.62379 50.56566 53.82182 59.37127 66.13402 74.81889 82.63569 80.53517 72.87193 69.2622 64.37774 58.31961 54.6153 52.20528 48.7747 46.32972 45.70758 46.15034 45.92305 45.08896 42.52635 40.00446 38.51154 38.96485 38.89127 38.8843 39.21918 40.23732 41.7944 43.4097 45.27677 47.63349 50.13444
42.58506 37.73626 37.29199 36.88301 36.52486 36.21413 35.75728 35.46461 35.3704 35.32748 35.40887 36.08372 35.15407 33.99209 33.00573 35.32569 36.20334 36.76989 37.73588 39.13219 41.24591 44.57228 45.47367 51.22227 52.83148 58.90575 54.63135 51.027 48.6425 50.31831 52.01768 51.22936 54.59266 58.61726 60.85424 64.74551 75.14109 80.87599 84.36659 80.30162 67.96191 57.7547 52.9981 52.99981 49.21555 49.41647 47.00214 45.39416 44.58013 44.08205 43.76263 42.27969 41.34832 39.93113 39.05085 38.70402 38.79794 39.68267 41.31624 43.37284 45.86684 48.68562 52.22503
44.81125 39.59826 33.62585 33.86397 34.9858 34.71845 34.07861 33.45471 33.45843 33.45399 33.31054 33.7987 33.8561 33.24173 31.91238 33.82773 35.46393 36.53493 37.85753 40.35264 42.55384 41.78857 43.98481 46.5132 48.49108 58.12787 56.63748 52.31013 49.53539 50.38863 52.33138 54.11034 53.47214 52.18528 46.33052 38.25902 41.82822 53.43122 62.61781 59.48447 52.84212 51.96117 48.76086 53.12699 57.98445 58.56431 50.54552 45.93994 45.68529 46.95515 49.7318 46.65567 44.54718 41.86567 39.87494 38.57217 38.1164 38.68211 40.53898 43.17028 46.29439 50.80202 56.71943
43.4989 41.46626 36.67036 33.22084 32.74195 33.03821 31.09533 31.16879 31.08539 31.19444 31.66973 32.13348 31.77491 31.38168 31.40319 30.84209 33.87046 36.12429 39.73265 46.09153 47.9864 48.45197 46.55 47.4823 47.27314 51.52698 53.5825 51.15348 48.52478 47.40008 46.8792 43.76411 38.43624 29.78716 27.29415 25.00298 20.65798 23.41608 27.82854 27.98675 33.28626 42.20391 47.30983 53.11428 54.03083 54.08379 48.43727 46.00379 46.96103 49.78208 52.19038 52.82346 48.59649 44.06875 40.20884 37.73146 36.84687 37.14429 39.55079 42.8566 47.34218 54.53328 64.17988
44.22822 45.51127 45.45747 41.78963 34.26468 30.7251 31.86118 34.4719 34.59923 34.30189 33.8186 31.98701 30.91293 31.50043 31.80383 30.59213 30.58507 33.87384 36.33927 42.2896 48.15205 50.06205 51.81329 53.2504 48.69464 48.65453 50.56442 49.07568 46.19622 43.93937 41.91918 35.7036 30.68322 29.79357 28.38019 26.23228 23.9719 20.12111 17.38483 23.10254 33.37002 45.17317 53.85518 57.5067 52.11168 45.63931 44.41315 46.33757 48.89406 51.2509 51.28515 50.17619 50.1185 48.34211 40.8806 36.52914 35.26287 35.36357 37.77113 42.24492 49.05724 50.78179 47.52335
45.01958 45.60583 46.0887 44.6104 42.73042 35.88439 34.80106 37.01397 37.62645 37.0656 36.04916 34.32895 32.64902 32.17509 32.11555 30.22316 27.56717 29.93001 32.79629 36.94502 45.06239 53.09908 58.37117 60.56273 53.28818 47.70899 48.70192 46.82469 44.6354 41.32527 38.69762 34.45588 31.43243 29.30264 27.36551 25.32157 23.95726 22.2114 21.8098 25.29449 35.8715 45.13109 49.40332 47.06435 37.63805 40.07242 50.05767 50.65491 56.85802 56.35495 53.3952 49.26803 45.02259 39.65411 39.69497 34.57877 33.40948 33.31992 35.55658 39.69189 37.0962 34.29652 28.2611
45.7763 45.88009 45.7369 43.38716 40.75121 38.08841 37.09577 38.68094 40.17305 39.66422 37.28284 35.52559 33.78537 33.56744 32.82797 29.97436 27.12581 25.16521 27.62538 30.0241 35.26362 41.35171 48.70139 56.99759 53.48956 48.8479 44.84649 45.94051 43.2345 39.57159 37.77914 33.606 30.0093 27.17523 24.88575 22.64508 19.17083 19.69348 21.29228 21.83073 24.29144 29.42089 29.13525 27.1295 33.93421 38.68263 43.15331 41.63994 36.98681 34.79424 37.38847 34.17547 26.27995 28.78573 31.25899 32.20374 32.25405 31.87885 32.47184 29.99669 22.94826 17.54697 12.08515
46.68356 46.52982 45.78371 44.61525 42.6771 39.04705 39.53349 42.85918 43.0247 41.28061 37.75798 35.87135 34.50986 34.83419 34.33604 31.2428 27.84985 25.90082 25.16689 23.83951 24.43871 24.73718 24.18226 24.90487 39.54863 47.03564 46.0942 45.39787 41.52383 38.50379 36.76362 32.56896 28.14927 24.67843 21.79454 20.06761 20.00547 18.16994 18.08989 17.4523 12.94607 8.138082 6.761743 9.804749 20.55872 27.51497 28.2718 26.8362 23.31551 20.14823 21.15841 18.6411 17.1438 21.06271 26.90001 32.43909 33.10933 32.10249 30.75411 22.49784 15.91253 9.276897 5.421784
47.66947 47.58075 46.77342 47.89235 53.6339 52.23089 52.47167 51.43803 43.97985 41.22835 37.07319 34.14231 33.86968 35.78841 37.74152 37.67422 30.04708 26.25191 26.71232 24.90313 20.62742 19.39014 17.31507 18.34558 18.80297 27.33853 33.55299 39.24446 37.34374 37.30044 34.4341 30.28352 26.83254 23.314 20.71033 20.59863 19.46164 18.183 15.83073 14.97938 12.33078 9.383955 7.639486 7.569053 7.684391 10.37258 8.739126 10.52861 12.35209 10.65465 9.989311 11.83546 17.44577 21.49804 27.15125 35.24831 39.52757 38.83775 32.84236 23.60421 15.53601 9.75461 7.748209
49.00075 49.34684 48.71238 51.3377 51.9046 53.43412 52.31435 49.11574 43.92595 39.46733 34.23291 33.42992 30.73357 34.70864 36.81155 42.7462 47.27144 39.01296 27.41992 25.20714 20.62936 16.70406 15.45498 17.55952 18.91909 18.21855 24.75684 35.03858 36.0974 35.57373 31.03228 27.80484 25.33256 22.81102 21.20948 20.11913 18.88082 17.3807 15.14597 13.29349 11.93691 10.33758 8.732328 7.516835 5.686532 4.451165 4.230925 3.762227 3.734173 4.146339 4.722828 10.14999 16.70455 21.78684 24.90771 30.73115 33.2279 35.35997 33.62169 26.46344 17.96539 11.74366 8.006639
49.9373 51.10782 51.20341 50.75516 49.72191 49.60078 48.01978 45.50243 41.91236 38.83542 43.73228 49.72082 43.67313 31.36963 30.5682 30.40985 35.62714 43.01994 41.52894 31.42351 24.42108 23.08363 18.97197 18.53269 18.78511 18.97143 17.45205 22.82245 28.04734 25.90451 25.0843 23.37871 22.24188 20.88824 19.81716 18.77749 17.90197 16.64022 14.72566 12.1095 10.73298 9.969717 8.178914 6.422029 5.016314 5.093719 4.583744 4.144699 3.796614 3.916814 4.477052 6.012136 9.929143 13.19914 16.07914 13.76401 9.192994 5.732242 4.303971 3.916326 5.311494 4.565449 5.278932
50.07741 50.03642 48.98502 49.26499 48.80677 48.28255 47.57284 49.50362 47.6701 51.44657 54.37983 49.65431 48.19448 47.41985 39.81629 34.63493 31.58069 31.92986 39.23274 41.55296 40.79003 31.53073 22.46811 19.44991 19.13407 18.63594 17.65273 15.47516 15.80006 18.20739 19.13014 19.58464 18.8559 17.9019 16.87103 16.27303 16.34919 15.64235 14.30487 12.26718 9.555638 8.057195 6.795488 5.09083 3.933774 3.46933 3.282621 2.677741 2.904407 2.642788 3.100442 3.304421 2.628223 2.384711 1.044041 .05884283 2.666154 3.795859 1.954986 .05552515 .3123446 1.288914 2.899284
49.93876 49.0653 48.29621 48.5413 48.6317 48.0779 47.68345 48.37291 50.85452 52.21037 49.31474 48.46846 48.27623 48.54553 47.11928 42.70769 40.23201 42.12237 41.95083 43.77535 44.40138 41.19255 32.5503 22.09875 18.1585 18.1831 17.68941 17.06785 17.05799 17.42841 17.70195 17.66047 18.28628 16.25652 13.82812 12.9403 14.78139 14.2985 13.63972 11.46677 8.77781 6.630386 5.25276 4.319699 3.705078 3.101322 3.038377 2.484155 1.560212 1.620298 1.903539 1.777304 1.041916 .2885921 .05732743 .0580656 .658801 2.768004 7.019305 3.374858 .07282679 .7622609 2.501033
49.22666 48.18834 47.86866 48.09324 48.21602 48.4292 48.21817 48.41098 49.27496 49.41661 47.5859 48.32484 49.34874 50.77246 53.13493 51.69045 48.64668 52.04695 50.16937 49.4206 48.49776 47.75996 44.60378 33.24975 20.88738 16.13721 17.22356 16.91086 16.9075 16.97306 17.05511 16.86222 16.32697 13.85491 10.72309 8.886791 10.02583 12.25382 12.68016 13.28506 10.43657 8.315955 6.16884 4.408255 3.693838 3.266229 2.857578 2.545696 1.890071 1.34138 1.286577 1.147937 .7192706 .302643 .1490084 .4807423 .4182957 .2574628 .7810995 1.242197 2.163576 3.378365 3.866318
48.52197 47.52258 47.29617 47.70521 48.15234 48.64077 48.71994 49.15162 49.64187 49.5367 48.63585 49.3429 51.58773 53.38467 54.54383 54.60455 53.39372 49.41521 47.53664 46.40275 45.36235 45.12683 43.50285 42.60003 37.84722 23.70765 15.42534 15.59851 15.52175 15.43473 15.14406 16.1601 15.61325 14.09856 16.0974 16.47277 14.41562 12.60992 12.0689 10.50006 9.205577 7.903255 5.463989 4.096112 3.379814 3.448309 3.522357 2.787831 1.425808 .8142381 .6862755 .7379287 .8030357 1.087319 1.697492 3.374535 6.991871 10.5862 13.24178 15.30159 14.15089 10.82085 7.553801
48.18855 47.52605 47.13976 47.58112 47.99524 48.67632 49.1152 49.36018 49.79379 49.85248 49.64656 49.28079 51.90778 51.54226 50.95894 51.15581 50.07788 48.22219 46.7597 45.40439 44.53398 44.69007 44.12088 43.78837 42.49779 40.19865 30.79241 20.0766 16.13721 19.08525 24.26698 22.32756 19.07869 21.18342 24.88361 27.63069 24.41955 23.06389 21.74194 19.36856 14.97589 10.49076 4.717286 2.473803 1.969888 2.310664 3.019917 4.588257 5.584865 6.725672 7.284589 7.589563 9.992658 13.55719 17.51644 20.79405 21.371 23.49283 23.08824 20.93062 17.53775 14.12368 10.85151
47.99004 47.58874 47.75517 47.63967 48.16005 48.469 49.14754 49.66084 50.12327 50.34106 50.58478 49.76331 50.84264 49.18978 49.48306 50.02459 48.93951 47.61132 46.66421 45.50467 44.72472 45.27737 46.83272 49.37177 53.50092 52.07471 47.71361 44.23623 38.59718 38.28703 34.8816 32.55312 35.18279 38.59819 39.25709 40.18461 36.27552 31.86534 27.81816 23.63451 21.24013 23.53377 22.0842 19.29993 16.51028 15.94156 14.68848 16.42498 18.56978 19.26313 18.19923 16.57904 17.86464 20.50983 22.66049 23.12979 20.76722 18.744 17.17293 16.23958 15.96645 14.22422 11.94328
48.14532 48.03137 48.15123 47.71189 47.73231 48.0286 49.02865 49.69815 50.39143 50.93458 51.3101 51.34491 50.67524 49.01563 48.93953 49.12478 48.79061 47.53879 46.82336 45.84479 45.63142 46.0265 47.74417 48.01634 49.63186 52.29348 57.22108 56.59324 54.45254 51.8112 40.25768 38.04044 50.4962 52.03751 47.01771 41.66634 36.79742 34.93534 30.15681 25.76606 30.52435 40.39954 48.25634 51.70074 48.33241 43.60033 36.2725 34.06128 34.69748 33.10654 29.08782 24.02001 21.29411 21.12424 20.3311 18.28263 17.61927 16.64751 14.40539 13.35887 13.44528 13.44376 12.97709
47.4592 47.77869 48.14799 47.1995 46.84051 47.44769 48.3357 49.20802 50.13941 50.58789 49.72551 50.27239 49.93197 49.05291 48.71063 48.91801 49.34149 47.94046 47.61232 47.24868 47.18761 47.03364 46.76434 45.67814 46.92022 48.24316 50.47921 53.56355 54.13428 46.06079 37.92713 36.19205 43.3456 41.05622 47.8868 47.65654 41.00498 38.90104 35.79897 41.49177 47.82473 55.43882 60.88995 67.38947 65.85396 61.35009 52.67923 46.45772 41.27033 36.69009 32.05151 28.66667 24.08146 20.34586 17.62742 15.04347 13.20867 12.31485 11.2588 11.53997 12.27855 14.54611 17.14842
45.832 45.31178 45.98943 45.55719 45.77924 46.594 47.55491 48.60218 49.59025 49.23988 48.59931 49.19142 49.47382 48.93227 48.59344 48.88229 49.71857 49.31377 48.92395 48.85825 48.31085 47.11523 45.96865 45.2263 45.47452 45.82848 45.9842 46.15211 44.68551 40.26207 38.8461 37.22249 32.43657 38.09925 47.26194 44.2194 41.11299 34.0785 35.66433 49.92375 59.55682 59.68098 58.84892 56.00489 55.8539 53.81532 51.24778 46.48549 38.99499 32.36079 28.85773 27.48382 24.11682 19.16673 16.44796 13.36555 10.75834 10.44494 10.50593 11.23431 14.12735 19.4443 24.7619
44.86914 43.67795 43.47746 44.50434 45.15793 46.06393 46.92353 47.75658 48.58392 48.08484 47.53357 47.93166 48.61372 48.66931 48.49812 48.25486 49.1016 47.61261 48.20224 48.25117 47.85447 46.71554 45.75114 45.39114 44.9086 43.86534 42.02122 41.05946 42.31906 43.62791 47.27507 49.21718 47.3184 39.96674 42.22882 39.99004 40.00994 36.82531 38.32744 46.78141 49.24737 53.10733 49.8994 49.92343 50.225 49.8662 47.6744 43.1676 36.33192 29.93884 25.74589 23.63811 21.59517 17.52654 16.19698 13.47997 12.25465 12.62769 14.47503 17.39501 22.81176 29.60249 33.40662
44.95141 44.39571 45.33442 45.30055 45.44715 45.91317 46.47441 47.09999 47.43954 47.03715 46.65063 47.13766 47.68652 48.28386 48.49936 48.29002 47.21404 46.11886 46.83403 47.91461 47.71931 46.77858 45.85233 45.58106 44.83623 42.76183 40.34827 37.70308 39.11065 44.05143 55.12219 55.45016 49.26432 42.20622 39.89642 36.06067 40.49998 45.45409 45.65934 40.25387 39.80594 37.35573 39.19775 42.19556 42.67493 40.16402 39.8926 37.64999 32.58287 27.61472 23.97904 21.22466 19.16995 16.35053 16.26739 16.19734 16.08908 17.26076 22.38121 31.90195 38.7173 41.11583 42.09689
45.1601 45.5036 46.64223 46.2598 45.95761 45.96029 46.20196 46.58854 46.80862 46.68942 46.36903 46.86947 47.51981 48.03407 48.33364 48.2979 48.26506 47.25933 46.86312 47.60431 47.99415 47.38007 46.18886 46.22249 45.02675 43.46902 41.92806 41.11407 42.85868 46.30116 52.94748 49.52764 49.64083 43.62569 39.557 34.22538 38.53689 43.99335 45.86469 42.23257 34.70256 29.96643 30.83205 33.88915 35.01847 34.25328 34.56079 34.18826 31.01331 27.61611 24.59049 21.40094 19.38233 17.49594 19.11267 21.1609 22.53738 27.03689 39.29091 53.08047 56.2667 53.04002 47.05179
44.37275 45.07588 45.99641 46.38601 46.38037 46.05589 46.07067 46.0121 46.10835 46.39412 46.36603 46.99931 47.42118 47.61864 47.98582 47.61615 47.77954 47.68708 47.27472 47.69003 48.10757 48.49475 47.48966 47.84728 48.02784 47.33443 45.85525 45.91201 48.57386 48.44702 47.53351 44.78663 45.88102 47.18744 41.49688 37.79457 37.79512 41.67663 43.55461 41.37922 40.13263 39.39877 35.02053 35.24219 31.52728 31.34604 32.51877 32.70025 32.41624 29.35754 27.2335 25.18126 22.56403 19.94129 21.99456 28.85018 34.20895 42.55243 60.876 66.19343 63.76226 56.22241 46.0667
46.06825 46.72072 46.76575 46.58414 46.71606 46.46617 46.30183 46.04921 46.2338 47.02934 47.1095 47.51936 47.59832 47.49797 47.75193 47.86418 48.06781 48.03819 47.85379 47.68294 48.18544 49.22789 49.45977 48.98884 48.0764 47.78303 48.37479 48.53681 47.34772 47.57682 44.13552 42.54443 43.34647 44.72126 43.19092 39.60363 37.89059 40.87696 44.90497 44.63893 42.03155 41.11893 37.44548 38.05609 35.0741 33.02866 31.32179 29.21126 30.25779 30.30384 29.58238 29.82752 29.84748 28.23436 27.27126 35.09982 45.9809 62.47654 63.86077 57.61963 53.52493 46.44098 36.90289
47.17927 47.63549 47.21484 47.19004 47.0689 46.91426 46.79317 46.58981 47.49628 48.35715 48.3088 48.31107 48.17217 47.86777 48.21283 48.24644 48.54166 48.388 48.35072 48.23385 48.03606 48.79531 47.57823 48.11476 48.15528 47.08155 46.44076 45.81684 45.0019 44.34187 43.16301 42.19815 40.12178 39.28846 39.29842 37.33173 38.21866 40.57753 39.66272 40.98602 37.81448 35.90256 37.1288 37.56055 37.46988 34.00408 30.09924 29.49108 28.57307 28.83879 31.13361 35.44693 40.14373 43.02927 37.64023 39.74611 49.30882 65.69791 60.07229 50.59496 36.71544 29.81085 25.95168
