py_wake/examples/data/AJ_ParqueFicticio/Rough survey   Sector 8   Height 200m   Mean speed.grd
DSAA
73  159
 258469   265669
 6501692   6517492
 5.227395   10.93478
[rows 84 to 111 of 159, columns 0 to 62 of 73]
7.02688 6.987169 6.9518 6.929399 6.911203 6.887519 6.8787 6.865674 6.847327 6.840373 6.832491 6.822153 6.795289 6.773948 6.770958 6.771163 6.77064 6.773527 6.795564 6.843551 6.887057 6.931245 6.981956 7.063196 7.178034 7.332842 7.48938 7.610756 7.659216 7.650517 7.611041 7.565246 7.51585 7.44758 7.350578 7.255532 7.16414 7.131484 7.187247 7.269952 7.325065 7.325161 7.314218 7.283768 7.252049 7.234858 7.233192 7.239014 7.247957 7.261065 7.271728 7.278162 7.273972 7.248985 7.212159 7.162889 7.111802 7.046438 6.967036 6.862712 6.723107 6.552517 6.382875
6.971281 6.94193 6.910243 6.879425 6.85982 6.843613 6.834011 6.820033 6.80641 6.798098 6.791318 6.770265 6.751501 6.724609 6.735071 6.74801 6.749385 6.73583 6.748094 6.775246 6.817184 6.875009 6.950931 7.053993 7.194153 7.35811 7.509733 7.601389 7.635563 7.590175 7.556401 7.52144 7.462306 7.393098 7.293127 7.218561 7.155169 7.169932 7.249949 7.33397 7.368484 7.362327 7.336196 7.311435 7.285722 7.271004 7.258342 7.244005 7.220336 7.21323 7.225069 7.23578 7.249241 7.250946 7.230762 7.195905 7.161789 7.087279 6.989205 6.856312 6.683489 6.485471 6.312995
6.902646 6.879284 6.855669 6.828427 6.811852 6.805663 6.791642 6.77538 6.77616 6.765713 6.752327 6.734609 6.722625 6.700153 6.701757 6.720594 6.721366 6.718529 6.716966 6.720837 6.752943 6.804194 6.887096 6.997993 7.147517 7.303585 7.437339 7.538681 7.558208 7.537278 7.505296 7.46159 7.417636 7.357533 7.2796 7.219594 7.173336 7.211647 7.314724 7.380675 7.4001 7.384235 7.381156 7.369322 7.351557 7.3249 7.307649 7.27919 7.241948 7.213408 7.199767 7.219028 7.243288 7.257945 7.252655 7.240919 7.20385 7.116118 6.993232 6.830003 6.631793 6.421051 6.270505
6.841457 6.816145 6.792959 6.774378 6.7571 6.748894 6.740799 6.739232 6.739853 6.734893 6.715177 6.697544 6.684083 6.675916 6.669015 6.67633 6.683862 6.688576 6.694504 6.692546 6.714885 6.757164 6.824058 6.937713 7.079998 7.239839 7.382239 7.500676 7.541092 7.55491 7.539315 7.496013 7.451453 7.390893 7.321375 7.250231 7.220608 7.285197 7.34884 7.402181 7.425064 7.432227 7.434342 7.433411 7.411446 7.374987 7.333463 7.301687 7.252375 7.201625 7.174049 7.197669 7.229964 7.254242 7.265766 7.26014 7.204974 7.096465 6.943932 6.780013 6.57579 6.388225 6.294359
6.794817 6.760695 6.733082 6.718571 6.705391 6.688266 6.677204 6.67304 6.679228 6.683127 6.677579 6.659986 6.64928 6.648974 6.641689 6.623825 6.630811 6.648452 6.660522 6.681406 6.709792 6.754585 6.837797 6.952512 7.096288 7.263434 7.436421 7.586675 7.664644 7.679984 7.642713 7.588705 7.510108 7.440359 7.362811 7.2889 7.294163 7.35809 7.407967 7.447033 7.474461 7.495897 7.486396 7.454088 7.409265 7.358497 7.312645 7.267963 7.208477 7.148742 7.118137 7.12989 7.165639 7.190125 7.204968 7.187205 7.126956 7.015725 6.87442 6.708872 6.530414 6.38936 6.377231
6.751424 6.709907 6.682937 6.673734 6.660502 6.635889 6.632262 6.607649 6.613613 6.628389 6.638563 6.628692 6.617642 6.622151 6.621327 6.59033 6.583682 6.608566 6.639846 6.68146 6.74861 6.823845 6.940855 7.094546 7.26539 7.426742 7.624331 7.786803 7.869573 7.852044 7.78021 7.675237 7.570416 7.466067 7.373581 7.313365 7.344073 7.433776 7.486275 7.524978 7.548981 7.545456 7.508548 7.444083 7.379614 7.333166 7.282067 7.223464 7.147508 7.095932 7.06376 7.068449 7.053857 7.063955 7.072276 7.0495 6.995089 6.88588 6.761744 6.643668 6.503523 6.413239 6.439441
6.71272 6.677774 6.657712 6.623055 6.60883 6.602836 6.592766 6.577517 6.567685 6.575867 6.594057 6.59942 6.595244 6.594429 6.601377 6.586648 6.574114 6.590472 6.645325 6.720484 6.831242 6.96559 7.131667 7.339804 7.537304 7.715131 7.887323 8.033897 8.081921 8.015692 7.890982 7.75537 7.632599 7.510636 7.403653 7.381598 7.420002 7.498572 7.569412 7.617829 7.628665 7.603054 7.538456 7.471083 7.442204 7.423965 7.37912 7.315485 7.216604 7.149218 7.136679 7.124598 7.088455 7.036886 6.98139 6.917777 6.844929 6.749447 6.666232 6.606951 6.521229 6.473323 6.499158
6.688423 6.6463 6.623879 6.586686 6.566876 6.561307 6.560818 6.560446 6.556106 6.557731 6.566023 6.572402 6.57814 6.589469 6.599064 6.594511 6.592354 6.626001 6.70674 6.816607 6.970818 7.16687 7.380171 7.624444 7.846194 8.003358 8.151061 8.257339 8.245559 8.131822 7.980176 7.836389 7.702562 7.575196 7.474917 7.503788 7.510503 7.570323 7.656116 7.712266 7.718108 7.670526 7.612751 7.581921 7.589654 7.572162 7.510362 7.448972 7.367378 7.315589 7.325809 7.298333 7.233565 7.154698 7.025293 6.885963 6.804974 6.753754 6.726319 6.691311 6.615273 6.569488 6.580667
6.655054 6.610581 6.580027 6.547555 6.53142 6.537539 6.551709 6.553779 6.558763 6.557905 6.566647 6.572552 6.58132 6.600266 6.626841 6.62907 6.658848 6.736852 6.856833 6.999549 7.175164 7.406919 7.671021 7.911478 8.118906 8.254296 8.371263 8.426666 8.361948 8.216926 8.05402 7.901251 7.742907 7.5985 7.534055 7.59066 7.616274 7.65961 7.735411 7.803741 7.806986 7.771889 7.742566 7.746078 7.738948 7.697103 7.622099 7.551891 7.512631 7.515773 7.536523 7.516284 7.447658 7.345036 7.214259 7.090693 7.006179 6.964953 6.935607 6.863757 6.757298 6.672951 6.660189
6.609404 6.572762 6.542169 6.514137 6.510759 6.525204 6.543747 6.554492 6.56703 6.572963 6.583461 6.57784 6.598603 6.628879 6.666773 6.715779 6.785946 6.917555 7.090588 7.261258 7.440889 7.664342 7.92875 8.175443 8.361373 8.46247 8.543464 8.554811 8.436908 8.252707 8.073013 7.8895 7.737191 7.613741 7.618602 7.687077 7.72041 7.74395 7.827502 7.904188 7.925387 7.915717 7.899443 7.879992 7.83669 7.755336 7.673738 7.609918 7.614626 7.638185 7.650586 7.634222 7.570498 7.480657 7.385026 7.298815 7.244351 7.195971 7.122434 7.007811 6.878568 6.771106 6.742121
6.56083 6.537038 6.50943 6.494288 6.490803 6.513635 6.54293 6.558931 6.58267 6.599432 6.602385 6.608272 6.627505 6.673528 6.738969 6.826212 6.963816 7.158251 7.371691 7.568305 7.742737 7.924595 8.166901 8.398846 8.566974 8.633629 8.663409 8.620716 8.430578 8.215628 8.015978 7.837899 7.708806 7.652394 7.704669 7.79319 7.826236 7.866183 7.954289 8.031384 8.059097 8.033788 7.990076 7.926568 7.838836 7.739421 7.66829 7.646432 7.66135 7.665768 7.649468 7.607595 7.571204 7.523838 7.463256 7.414632 7.37492 7.308389 7.217616 7.099418 6.965462 6.849842 6.807525
6.509201 6.492359 6.484521 6.48646 6.487392 6.516797 6.55058 6.592086 6.616049 6.631414 6.648557 6.674044 6.696258 6.751949 6.844975 6.976295 7.172359 7.406632 7.657497 7.87416 8.037915 8.190625 8.383796 8.590354 8.72451 8.748324 8.69258 8.543936 8.323989 8.09121 7.906514 7.773102 7.700692 7.729506 7.810564 7.910584 7.952676 7.995293 8.073503 8.138391 8.119722 8.042974 7.968414 7.876481 7.787129 7.708257 7.667623 7.661188 7.640253 7.609453 7.564246 7.517992 7.476552 7.449922 7.433492 7.432391 7.409513 7.349885 7.273267 7.165491 7.033387 6.911253 6.842793
6.474264 6.463962 6.479926 6.502158 6.517035 6.544334 6.578827 6.627224 6.667235 6.685708 6.716773 6.759652 6.817203 6.897507 7.01773 7.176859 7.390088 7.641975 7.911095 8.146198 8.322866 8.44773 8.596884 8.736917 8.806914 8.735094 8.552238 8.316317 8.0841 7.898947 7.787582 7.747805 7.767047 7.857378 7.971069 8.044386 8.10119 8.137123 8.162316 8.19489 8.099531 7.969535 7.853609 7.758669 7.691978 7.656444 7.624631 7.582751 7.528825 7.471739 7.410509 7.348081 7.274887 7.236793 7.299283 7.344515 7.357081 7.33747 7.306119 7.211461 7.071767 6.935349 6.842623
6.446167 6.459093 6.491795 6.527576 6.567318 6.601198 6.636122 6.676383 6.730533 6.766668 6.822043 6.893205 6.990913 7.109608 7.267314 7.442257 7.633733 7.876155 8.156483 8.403747 8.562851 8.648339 8.745152 8.822493 8.776041 8.572498 8.306684 8.05174 7.881975 7.805892 7.810894 7.85849 7.909811 8.011804 8.117826 8.179071 8.241705 8.23058 8.163807 8.10774 7.976471 7.829477 7.695195 7.610056 7.541575 7.491121 7.42133 7.364374 7.28876 7.22682 7.171108 7.08791 7.027582 7.020295 7.100372 7.17559 7.238605 7.25673 7.247344 7.194728 7.077489 6.931489 6.801729
6.457301 6.492507 6.523741 6.568914 6.610549 6.674605 6.724911 6.756591 6.820459 6.892438 6.981656 7.091064 7.230451 7.407918 7.597724 7.77228 7.948919 8.170854 8.426155 8.642393 8.770205 8.806532 8.841445 8.82659 8.657392 8.388145 8.127769 7.979011 7.961369 7.995168 8.037537 8.056082 8.090747 8.122311 8.174391 8.211229 8.216898 8.151037 8.043092 7.941558 7.804727 7.658018 7.529553 7.434528 7.367522 7.28139 7.172441 7.077737 7.00101 6.956805 6.928877 6.907362 6.919114 7.004385 7.106645 7.197117 7.23042 7.252554 7.230961 7.166716 7.064939 6.920905 6.772458
6.498761 6.533501 6.590201 6.641062 6.694687 6.766634 6.846095 6.890203 6.965586 7.07326 7.195207 7.344526 7.528077 7.751211 7.98113 8.160994 8.331854 8.521346 8.730473 8.891726 8.952513 8.945867 8.904196 8.765785 8.508322 8.261848 8.121919 8.156241 8.241922 8.290063 8.272752 8.223887 8.203034 8.159493 8.152631 8.133361 8.036358 7.92109 7.830361 7.736279 7.606346 7.460461 7.34464 7.246068 7.194067 7.118499 7.016084 6.883251 6.828587 6.811463 6.846729 6.928292 7.054297 7.215363 7.334785 7.424192 7.449915 7.451305 7.383191 7.295156 7.187551 7.027648 6.836843
6.586445 6.643712 6.703183 6.764817 6.8322 6.911073 7.006252 7.096714 7.181936 7.314456 7.483987 7.657873 7.869259 8.117819 8.367502 8.570246 8.738598 8.898082 9.032891 9.128016 9.123498 9.03863 8.896041 8.65417 8.414545 8.289921 8.319093 8.435239 8.537166 8.517445 8.415985 8.31086 8.245316 8.173241 8.102785 7.999242 7.850642 7.710904 7.588643 7.500782 7.378629 7.251735 7.162356 7.111869 7.067113 7.007128 6.920776 6.850291 6.86802 6.929586 7.031419 7.167167 7.320971 7.506671 7.631723 7.707913 7.721488 7.696315 7.624821 7.519166 7.360342 7.103185 6.867239
6.708487 6.791675 6.852959 6.934525 7.023651 7.107928 7.224144 7.349411 7.460912 7.625667 7.824616 8.024211 8.260962 8.507044 8.754077 8.970023 9.13696 9.245795 9.322071 9.335173 9.249616 9.070277 8.832498 8.606129 8.493951 8.518987 8.62909 8.719068 8.716646 8.602126 8.443458 8.311569 8.233095 8.150491 8.066956 7.908378 7.735879 7.576421 7.416585 7.270253 7.165905 7.103297 7.081701 7.100604 7.090947 7.055513 7.002265 7.005177 7.093151 7.215137 7.339717 7.478701 7.65688 7.810985 7.914238 7.955462 7.945711 7.896224 7.805243 7.633717 7.369631 7.06415 6.881673
6.854805 6.942687 7.030208 7.132351 7.252944 7.353404 7.470883 7.636782 7.795491 7.981999 8.204571 8.414318 8.662496 8.917244 9.142009 9.338194 9.47726 9.548515 9.568199 9.502529 9.327522 9.098683 8.881269 8.745667 8.751756 8.822328 8.88151 8.860519 8.737892 8.568954 8.392595 8.273674 8.196306 8.107823 7.976637 7.812823 7.641043 7.460764 7.290719 7.142892 7.1005 7.127641 7.191682 7.24327 7.231766 7.229008 7.227438 7.301716 7.428969 7.552753 7.677614 7.816256 7.960715 8.06968 8.121218 8.100438 8.043441 7.953753 7.816369 7.596349 7.304111 7.058256 7.0116
7.004065 7.106927 7.207731 7.350998 7.49889 7.599216 7.715799 7.903133 8.119066 8.319315 8.559201 8.806463 9.058581 9.317127 9.521153 9.682184 9.760483 9.798749 9.765255 9.648687 9.453989 9.258726 9.107562 9.047004 9.067851 9.076613 9.009263 8.850729 8.656134 8.470537 8.323861 8.231389 8.153033 8.034735 7.884214 7.716438 7.542605 7.360936 7.208999 7.160475 7.203417 7.282217 7.366272 7.393369 7.397388 7.401366 7.46001 7.595405 7.741824 7.88597 8.004532 8.121441 8.209824 8.249553 8.225186 8.149871 8.0617 7.94243 7.780161 7.545688 7.302708 7.138343 7.178329
7.109208 7.255579 7.411479 7.5761 7.714748 7.816944 7.941053 8.14676 8.360177 8.588722 8.846581 9.126299 9.406451 9.665006 9.845191 9.966946 10.01409 10.00703 9.95279 9.832823 9.673222 9.561852 9.471049 9.398671 9.318809 9.206897 9.025282 8.812485 8.618858 8.46588 8.343414 8.262698 8.155572 8.005387 7.84684 7.673893 7.495393 7.314688 7.200411 7.239674 7.34411 7.44374 7.481521 7.463699 7.484449 7.543398 7.681888 7.867646 8.035545 8.189958 8.324921 8.41771 8.460486 8.433461 8.357176 8.266848 8.162501 8.014076 7.815151 7.586511 7.35933 7.219151 7.238773
7.228599 7.379136 7.562701 7.735714 7.885521 7.994243 8.149801 8.365514 8.576928 8.817128 9.087592 9.390663 9.690844 9.931216 10.08669 10.18857 10.24113 10.21557 10.15721 10.06406 9.954506 9.856442 9.758617 9.648884 9.476447 9.244937 9.048704 8.864982 8.715572 8.585211 8.489607 8.364085 8.194392 8.028421 7.853097 7.663386 7.467325 7.303641 7.260186 7.327274 7.450317 7.535552 7.546615 7.560497 7.653314 7.802617 7.96249 8.141987 8.320189 8.484914 8.637158 8.732659 8.752769 8.703202 8.609324 8.495299 8.333694 8.111588 7.868344 7.629786 7.396907 7.233894 7.20222
7.401151 7.529439 7.697019 7.864748 8.037728 8.191895 8.373536 8.579487 8.803015 9.060431 9.344137 9.635764 9.903152 10.11284 10.23192 10.29029 10.31659 10.30601 10.24497 10.16097 10.0722 9.950898 9.834586 9.703151 9.538378 9.32552 9.151129 9.010055 8.893286 8.79255 8.654611 8.459188 8.237303 8.028065 7.805283 7.592451 7.410899 7.316782 7.346206 7.425205 7.550821 7.637438 7.690352 7.805778 7.977348 8.174791 8.33412 8.441771 8.584852 8.754948 8.915399 9.031646 9.057907 8.996828 8.874594 8.678288 8.415587 8.122694 7.848992 7.615927 7.38234 7.204249 7.146755
7.654734 7.763783 7.890155 8.053514 8.231092 8.431244 8.638808 8.837798 9.058277 9.304096 9.58497 9.855767 10.0669 10.20111 10.24391 10.22894 10.21618 10.1908 10.14365 10.09026 10.00702 9.890492 9.752211 9.63982 9.546438 9.440556 9.325945 9.234432 9.136063 8.983286 8.777453 8.506655 8.229798 7.978209 7.750006 7.55041 7.408174 7.399274 7.483385 7.584648 7.718985 7.855265 7.984486 8.207324 8.412098 8.59922 8.71963 8.779136 8.854208 8.984442 9.114033 9.24038 9.251472 9.141095 8.93752 8.649747 8.326945 8.020148 7.760739 7.544501 7.335369 7.162265 7.088687
7.977266 8.079366 8.188795 8.337813 8.48776 8.689218 8.901454 9.110894 9.302912 9.521195 9.775105 10.01057 10.15052 10.18516 10.1215 10.02209 9.972787 9.941707 9.910258 9.888792 9.859278 9.781754 9.667564 9.576366 9.533954 9.492881 9.44332 9.383713 9.290363 9.093262 8.811904 8.504951 8.196851 7.936845 7.715563 7.554299 7.487952 7.550857 7.693102 7.8264 8.002251 8.194471 8.426339 8.665544 8.849735 8.986727 9.046852 9.058231 9.094564 9.174706 9.26296 9.31469 9.230206 9.034427 8.73058 8.411674 8.103382 7.843869 7.640446 7.462036 7.273221 7.1049 7.058194
8.366702 8.457396 8.547805 8.663069 8.779127 8.937394 9.11833 9.314969 9.479805 9.670012 9.889077 10.07034 10.14292 10.06219 9.924378 9.795289 9.679059 9.640747 9.629164 9.644656 9.664371 9.629294 9.534936 9.492015 9.479468 9.493439 9.524811 9.509838 9.358 9.094911 8.75733 8.403724 8.089046 7.833275 7.665172 7.582285 7.619848 7.772758 7.981165 8.185119 8.385595 8.62101 8.877246 9.0727 9.191605 9.249823 9.244361 9.225864 9.241742 9.307202 9.343281 9.28298 9.084942 8.770995 8.396839 8.072688 7.825475 7.634046 7.492489 7.366951 7.192891 7.049507 7.045172
8.716314 8.802714 8.865203 8.950341 9.039161 9.131844 9.27327 9.445889 9.623772 9.783902 9.961131 10.08762 10.07215 9.943822 9.781236 9.622231 9.484845 9.389754 9.372703 9.410105 9.460031 9.459428 9.395488 9.393106 9.426554 9.481889 9.552547 9.516919 9.30632 8.963716 8.567061 8.210028 7.923293 7.744394 7.666861 7.680605 7.801659 8.037702 8.312636 8.566001 8.79927 9.03685 9.239314 9.351974 9.377892 9.333203 9.256441 9.200737 9.212317 9.264597 9.276306 9.136618 8.846281 8.45663 8.075705 7.780411 7.573716 7.43823 7.334583 7.224983 7.080827 6.993927 7.063153
8.985553 9.039041 9.079501 9.144465 9.224791 9.299131 9.426142 9.579097 9.762648 9.916722 10.05278 10.13319 10.06988 9.92321 9.753447 9.561912 9.385252 9.292658 9.265169 9.266854 9.305279 9.323444 9.307954 9.336279 9.424306 9.495674 9.540442 9.412938 9.112735 8.739842 8.377514 8.0664 7.879456 7.793973 7.797452 7.877995 8.051028 8.349118 8.669182 8.944305 9.176815 9.375942 9.490965 9.499988 9.424606 9.296088 9.174912 9.092538 9.08467 9.106524 9.038859 8.83654 8.496938 8.114848 7.793312 7.564347 7.402975 7.301733 7.221005 7.11753 7.003981 6.981724 7.09657
