py_wake/examples/data/AJ_ParqueFicticio/Rough survey   Sector 6   Height 200m   Power density.grd
DSAA
73  159
 258469   265669
 6501692   6517492
 145.3619   858.2432
[rows 112 to 139 of 159, columns 0 to 62 of 73]
722.7809 702.8793 673.6811 643.8714 611.8187 579.7226 558.0129 545.3978 536.1147 525.4733 513.2439 504.9068 489.8559 469.7385 446.991 418.939 391.4658 368.8505 346.9383 334.45 356.4846 397.3212 442.0595 493.3774 547.1364 594.1834 634.3829 680.6586 732.36 772.994 803.2024 810.9445 790.5984 750.4091 696.7834 641.7556 599.342 579.2546 574.413 570.0871 560.8291 539.8959 510.2753 474.0243 436.2072 402.0378 377.1842 363.232 364.2603 388.4865 422.9951 454.1052 472.9332 477.5933 476.6755 467.8723 457.7018 442.421 418.3336 383.6567 343.402 311.0705 292.9655
788.9873 763.012 732.8569 701.1829 670.8938 638.1431 607.0906 590.5381 575.7495 562.5054 550.7038 540.4357 525.1801 504.4439 480.8337 455.6347 430.5403 405.2704 374.3899 348.3519 347.0297 362.8361 396.5783 445.6105 502.1377 552.7388 595.8319 636.2115 683.7134 728.7889 768.0474 811.1706 840.2935 833.4188 797.5257 743.2633 685.3593 644.5681 627.4844 621.5294 618.3927 603.3249 570.697 525.6437 475.7652 430.0402 393.9677 369.4368 356.3365 362.4409 385.7841 414.7167 437.3035 453.9471 458.368 457.4799 452.7784 443.0214 427.9013 399.043 357.9841 319.0222 291.6577
846.0224 816.016 785.6724 756.0255 723.8636 692.8942 658.0368 636.9586 620.6016 604.1224 591.9307 583.2079 565.1814 543.4717 519.6818 502.7596 479.3344 454.8829 420.995 392.8624 370.7038 360.735 367.2742 399.1761 450.7693 504.5436 553.2145 595.4606 636.4722 677.0651 717.5741 767.5035 819.3948 851.7666 858.2432 831.5511 777.713 726.1795 696.5878 687.8679 693.6815 684.8582 652.3501 601.7625 540.4199 482.1306 433.6606 396.8503 374.0575 364.0562 372.626 392.1593 412.4051 432.814 442.3198 444.4219 444.0273 439.0361 430.8749 412.8413 382.5253 342.5627 307.3871
855.9175 837.1951 813.4229 786.0518 755.4564 721.3717 689.0353 669.8454 655.3427 640.7484 631.8688 624.1404 609.9756 591.9449 585.7914 572.7636 553.9467 533.6031 504.2874 473.141 437.8486 402.1906 374.7198 373.1206 404.7931 452.049 503.7466 549.7562 588.823 619.9166 658.0665 704.2651 755.7891 802.3278 839.1756 851.1466 830.2515 788.9163 755.7585 749.493 760.1089 763.9796 742.0913 694.3783 628.2988 559.0055 494.5496 444.3287 410.2325 391.47 386.4861 391.3123 403.6322 417.8967 428.3694 434.2012 432.9573 431.736 426.2808 416.3726 396.3523 364.8048 330.6982
796.5532 794.622 784.1699 766.4066 738.5314 708.7142 688.9163 677.4653 668.5096 663.0012 660.6157 658.285 657.7552 666.8124 660.3309 644.1392 628.7387 615.5781 596.8312 567.9744 527.8807 477.5254 425.1466 387.3464 382.4459 415.0835 460.1688 504.6685 539.5215 571.2065 605.9857 641.6793 687.1115 734.611 778.7151 808.6084 813.3995 795.034 770.1234 758.699 770.298 788.0112 788.4597 757.6374 702.3394 633.3596 564.3065 502.6269 456.6394 427.5284 413.065 407.3882 408.9843 413.7453 420.0832 423.5373 423.331 420.6779 417.256 410.4695 398.7291 376.1526 349.0652
676.631 686.1974 689.4808 682.6594 673.7739 670.9293 664.8147 659.9385 656.9392 658.3134 662.7034 669.2274 696.871 713.4235 712.2239 694.3753 672.8296 656.8832 641.8925 619.3715 588.2714 547.2852 494.3433 439.4218 401.2867 398.8902 431.4268 471.6124 506.0183 537.6912 565.5327 594.4739 636.3677 679.3501 716.6651 742.4531 745.9885 725.0096 701.0582 692.4354 707.3688 732.7823 750.9507 742.2997 710.9713 664.5875 606.918 547.9161 497.6873 461.9282 439.7647 429.0274 422.9414 420.2689 418.8249 418.0161 416.5597 410.4798 403.5934 397.787 391.1554 376.5674 354.0582
552.3419 571.8258 587.8593 600.7658 609.2814 617.2242 621.9041 622.9039 626.3258 627.4758 629.0485 639.1179 676.0567 698.2938 707.4169 695.4733 665.4351 636.629 620.511 604.2471 583.8856 561.6122 535.0219 492.476 444.3067 412.7823 415.7099 442.3326 480.272 510.7336 533.5017 554.4719 590.114 620.9552 644.5848 655.9916 646.989 618.1055 592.3265 585.1146 598.6642 628.373 657.6055 665.7841 654.0369 631.5974 599.0753 557.025 516.6651 481.3182 458.8611 444.9538 437.1198 432.6397 427.2074 423.101 417.0584 409.8809 397.7632 384.821 375.4186 364.4436 345.8312
475.1802 493.6175 513.485 531.1689 547.3612 561.9202 574.1826 587.1751 597.7936 596.3026 589.0483 590.0684 601.4655 625.5854 640.342 643.6878 623.1302 595.2323 569.0547 548.1375 532.6948 520.2359 515.42 506.7415 478.1326 446.1416 425.6526 426.8736 452.4629 480.6944 500.4804 519.0516 542.201 560.3743 572.0022 568.461 563.7935 558.7908 526.3334 497.1802 502.6176 526.0552 558.8275 581.395 581.8575 571.7363 557.3917 535.5901 508.3093 480.7545 460.0242 448.7393 443.7439 439.5355 435.7418 431.4021 423.1695 414.5598 401.2771 385.549 368.0215 354.3098 339.4326
446.6697 457.5867 470.2709 485.2663 500.7315 517.2679 532.9717 552.3749 572.8656 581.1254 572.6002 556.2924 542.7062 539.4574 549.8204 566.5402 571.6027 556.705 528.6202 506.1494 485.608 471.7242 467.3994 475.9319 477.9052 462.6375 439.0016 421.3954 424.8664 444.4161 463.8859 482.5915 502.0193 510.0455 511.4422 505.082 520.0041 526.9428 506.8096 475.5959 460.0901 463.1005 485.8679 514.6695 527.5447 525.06 518.4321 504.8804 487.93 469.7034 451.2071 440.3805 437.4213 436.4448 434.0913 429.3477 422.7357 412.0175 402.0614 388.6319 371.3204 355.3613 342.7763
460.1328 455.8865 456.4978 462.0534 471.6759 484.486 498.9803 517.9036 541.3605 569.8931 580.3714 560.3527 529.6094 505.5759 500.9911 511.0391 525.0999 528.3486 516.6068 489.5676 465.5388 445.1873 429.9868 431.3012 440.9292 444.7136 433.8454 414.7881 402.7021 410.5234 427.8065 450.1468 467.5119 474.9974 469.8406 477.2834 493.8453 505.9614 501.7804 481.1624 460.8169 446.0032 447.1911 467.3085 485.6964 496.5484 497.5243 491.0566 478.5157 463.2383 446.425 433.4564 426.5282 425.6259 423.4389 421.533 414.0603 405.7042 396.813 388.2664 378.8353 366.863 359.9336
490.9337 474.6634 462.4613 457.2808 457.5786 461.323 472.3485 486.0062 508.9039 548.0422 585.5284 588.4235 561.1701 527.3399 497.4178 484.646 488.3994 493.7557 492.7357 481.2822 456.0008 434.0987 412.7422 401.072 402.8902 409.9341 411.9819 405.4315 391.0281 386.8022 400.1479 423.6474 444.7043 457.0683 450.4175 466.237 481.7995 487.7325 491.4375 482.6264 471.616 452.9359 436.6785 435.7748 449.0557 467.3951 477.1673 481.6977 476.0006 463.2331 450.4689 434.2674 423.0209 414.7448 410.7368 405.2966 398.9107 394.8221 391.4824 390.1034 388.9184 386.218 383.8051
522.2435 504.3583 484.1169 467.8328 456.1553 450.7638 449.1206 451.2872 469.2294 506.3815 560.0958 595.1342 600.2596 577.9102 544.8389 515.9886 501.2744 491.1513 483.6065 473.1903 456.8858 435.0525 416.2915 400.832 393.3304 390.6404 386.3138 383.6341 377.6233 372.7101 381.2397 406.3102 431.3345 445.7896 445.6025 462.3893 472.4616 474.3873 474.1668 466.9285 463.8011 457.4884 438.8745 425.3732 425.766 435.2453 449.6873 458.9348 465.8075 463.8631 456.565 443.1382 429.901 415.104 401.9417 391.0037 381.6369 380.0016 381.9618 389.3563 398.1922 400.8847 399.7704
540.7382 530.6022 510.2106 488.6277 469.3658 452.8179 432.865 423.0276 424.428 448.9699 502.1301 556.1107 594.6204 605.7621 596.476 577.9315 560.1556 544.387 528.2355 511.3746 496.9216 483.4865 461.4417 437.2953 419.3553 402.9247 386.8538 373.1927 361.8539 357.0852 363.5538 389.9604 418.035 430.7859 438.0047 456.036 464.763 465.4339 457.716 446.1602 441.3424 446.6381 441.9933 429.1676 421.0623 421.1932 421.455 428.4198 436.4122 449.284 451.5162 444.4257 433.5613 417.837 403.4444 387.6596 373.0988 367.7377 368.3564 378.3069 392.1555 402.537 404.8158
531.125 535.7308 527.7416 508.3756 486.7556 463.6461 436.4878 410.7823 392.2351 397.726 435.3571 488.1103 541.304 579.1512 595.886 606.7802 616.265 621.8879 618.1286 606.1099 591.8326 572.4124 541.1659 505.4189 471.0258 442.1903 421.2814 397.7312 376.1158 357.8638 353.2597 370.5799 393.4961 405.5142 421.7042 444.0757 455.8647 456.7307 447.8442 435.1039 424.6395 427.4913 427.5923 426.3641 422.2585 416.993 412.1861 406.7125 405.1119 415.3593 425.1918 429.8984 424.8654 413.0717 399.2566 382.7125 369.1251 361.8614 357.4314 359.0119 373.9251 390.8266 399.9248
505.6106 520.8047 524.8021 518.1186 503.7055 485.301 457.3763 421.5438 387.0877 367.753 380.5401 418.68 471.162 516.8264 546.7449 560.7798 584.7495 620.0873 648.5104 659.9598 653.5569 635.9604 608.2048 570.6862 527.6649 491.3373 462.7789 435.5846 404.7578 373.1724 352.8846 353.985 367.1094 372.3683 399.7502 427.2097 445.4273 449.0901 439.2281 425.9348 414.6675 410.7852 407.1989 406.4485 406.6374 406.9046 404.3386 397.7798 390.9094 384.8306 394.398 403.6977 409.344 406.0923 393.2164 382.3268 372.2119 363.2156 351.453 344.001 352.5015 369.5338 383.7539
469.1868 492.2516 510.2091 519.65 514.7397 505.1973 484.3471 449.3901 406.6624 368.1756 351.95 367.6787 406.9771 451.6377 487.1866 506.1398 514.9731 545.1942 586.7292 619.1897 633.1727 633.5144 622.4028 599.9548 562.1559 519.236 480.5245 446.6678 416.0127 381.3597 352.0567 340.4047 345.8156 348.9766 377.9642 405.8605 427.2128 436.54 430.7597 415.3691 402.4409 392.665 389.515 386.1245 386.8228 387.8163 391.0598 393.2388 390.6128 382.5517 383.1331 393.3329 405.763 413.383 409.1764 400.9635 389.9837 375.5681 356.3891 337.6696 333.9314 345.4751 358.4399
420.5339 452.4113 481.9489 503.7468 512.7297 514.5607 501.7159 471.3771 429.306 384.8 350.9454 341.2415 360.8881 399.1078 439.5061 463.1679 463.7388 470.7219 493.6795 530.2238 561.6161 582.41 588.5399 582.8989 556.9302 512.8843 465.3979 423.8341 394.2808 366.733 338.0706 321.6743 319.0751 325.6892 351.7297 378.195 400.6277 414.5489 415.9211 404.1079 389.2707 377.7077 372.0654 368.584 370.4772 372.4164 377.5557 384.9563 395.9223 397.4651 396.6812 402.623 420.1643 437.2897 443.6467 439.5003 427.7625 407.464 374.4803 340.8705 323.3438 324.2133 333.2738
375.0964 407.4719 444.592 476.5904 501.7348 514.0759 508.2732 482.6067 443.4883 399.259 359.9068 335.4302 333.3109 360.237 402.455 435.1834 438.1395 429.4756 434.2392 452.0815 480.3489 514.8947 534.4001 540.8661 534.5024 501.4344 453.3792 411.5852 370.0233 341.9057 316.5691 294.3626 281.0825 294.7138 318.5686 346.3745 369.6255 390.1091 400.0658 394.6669 384.3342 372.2176 363.5801 357.0356 354.3618 360.0034 367.3732 376.3984 389.9208 401.59 407.3038 414.8522 432.8988 456.4041 473.5524 475.1915 467.4143 446.6967 409.1484 364.8606 329.3097 316.0142 321.4815
352.6839 377.5369 411.2456 445.1663 478.5946 507.847 517.0035 497.6579 462.8081 419.8327 377.8536 344.044 327.3554 337.2901 372.2355 411.5343 427.0331 417.7036 405.4969 409.1037 425.781 453.1271 481.7181 499.2318 505.0635 491.9389 470.9798 433.3348 391.2111 346.0064 314.7208 280.6844 264.7632 269.5538 289.3326 316.8418 342.9587 370.5631 391.0037 396.4956 390.3661 378.773 368.3916 358.1872 349.0421 348.502 358.2581 368.0882 379.2397 392.6873 403.3256 413.8493 434.2342 460.1876 482.4932 493.254 491.7193 479.8887 449.9604 407.4393 362.4164 330.9354 317.8769
348.6022 364.7146 390.5192 422.8344 456.1197 492.1236 522.5818 522.9666 497.6509 460.0343 414.7082 372.375 343.1325 331.6577 350.7691 389.7962 419.5954 420.4598 405.7951 394.2585 396.9767 412.0702 436.5012 455.1538 468.5527 481.6854 486.4644 467.248 431.9226 391.4822 355.0429 311.6727 280.451 267.7752 274.8796 297.1088 324.0479 355.9608 384.9582 400.8788 403.5822 396.5126 388.8018 378.9404 367.2079 358.3416 357.3568 361.9345 368.6956 378.2057 388.7196 401.527 422.4313 451.1987 477.8083 495.6854 503.9142 504.9828 493.0572 457.8328 405.4459 358.9528 329.468
349.7987 354.7618 376.0826 406.534 435.7 470.6727 508.9391 528.1511 524.1193 492.4196 452.3143 407.1302 367.7544 342.2098 340.698 368.8241 404.5452 420.7505 413.599 397.8018 387.9285 391.4022 405.5082 419.0901 435.8781 460.3385 479.3925 483.37 457.4575 434.3589 408.8179 369.9572 329.6821 303.6962 289.031 293.1404 313.7094 341.2702 369.1557 394.2321 406.7646 409.7036 405.6074 399.9467 391.0363 383.116 372.9883 364.983 362.0503 362.4153 367.99 377.2438 399.6549 431.2077 461.8262 487.161 504.0399 514.4584 516.8458 496.1146 451.2861 400.6089 359.8961
357.6304 350.9714 362.5947 388.8673 415.6216 448.9567 487.1933 516.6346 529.9902 511.7869 476.7438 432.4492 389.1601 355.6227 338.3326 349.2559 379.2391 400.9944 409.0603 401.3369 388.5718 383.256 386.2995 393.3044 410.1659 430.5334 449.2445 456.8389 450.4863 435.4624 427.7342 409.7868 382.0774 350.7681 326.0371 312.094 312.4815 325.2379 347.743 373.4279 390.2508 397.4284 400.5729 402.2505 400.0053 393.5105 386.1551 375.0803 362.8029 351.582 346.8306 348.6862 361.8086 392.3502 429.3712 460.2821 487.7027 510.6685 525.9545 523.2454 492.8504 447.4081 401.2067
377.753 358.8438 357.7921 375.0064 399.7164 430.8936 468.4358 503.2566 529.7136 531.832 507.9865 464.9531 417.0252 374.347 344.2466 336.6472 352.6269 373.4505 389.5682 393.4846 386.9246 379.2085 375.3137 378.8321 389.3894 401.378 415.6121 423.4932 423.267 417.0154 406.0431 400.768 391.1418 376.8943 355.9562 335.3132 321.4203 320.722 331.9568 351.7536 370.4972 378.1155 381.9015 385.4704 385.3517 382.2247 383.3226 376.2159 363.5745 344.5574 330.874 325.3061 327.6783 347.5674 384.131 420.4682 453.404 486.8209 514.6564 529.9886 523.5003 492.4587 449.8977
409.7052 382.3073 367.359 373.2779 394.2141 419.7336 446.0415 475.1687 504.9255 523.9269 524.3634 498.6362 456.0193 409.1932 367.6717 341.3487 339.8042 351.8088 366.8481 377.7494 379.7182 375.8934 371.7864 372.8512 380.2274 387.5313 394.5164 395.0267 396.814 396.1939 387.9521 378.0584 372.6208 370.773 362.4567 346.0849 332.2209 323.5583 325.0176 338.0029 353.6224 364.0949 365.5141 366.4474 367.2878 364.4058 365.8796 364.3441 356.455 338.5001 321.1141 310.773 305.4828 312.8055 337.8914 371.5334 407.6722 444.6461 482.9776 512.4339 527.025 517.2453 487.4019
441.0423 413.0579 388.2778 379.7561 392.9507 410.9003 423.0374 438.1884 459.4356 481.047 497.0307 499.257 479.69 446.7476 407.3123 371.3322 348.7942 343.3125 350.9955 359.3012 365.345 369.5743 369.3576 374.0834 382.6638 389.8978 389.7434 378.8398 374.9707 374.3388 374.0678 367.9604 359.2253 355.5866 353.7038 345.7744 335.8467 328.4895 325.6512 332.3743 347.0233 357.6594 359.7006 358.0663 356.3732 354.2257 354.4657 358.6139 353.9663 341.5933 323.5242 306.4168 295.1258 291.4006 301.2421 323.7794 355.5132 391.3686 433.2938 473.9277 504.5478 514.5637 503.2903
454.099 432.0583 406.7774 387.9395 391.5658 401.854 407.2072 413.5736 423.0007 433.8745 447.6113 461.6815 466.9355 454.8974 433.8705 403.1776 374.6918 355.1079 346.7813 346.7339 350.1548 356.1754 360.5403 371.6027 384.2383 394.3756 392.3618 375.673 362.1708 354.9926 356.0084 357.4991 353.1198 346.4042 342.9315 340.2863 335.5809 330.1308 325.0772 330.0731 344.5696 355.679 360.7098 361.648 359.5323 355.8424 360.88 371.3714 370.2632 358.9868 337.0955 312.9145 292.6423 280.2576 277.7064 284.7242 303.4427 331.2329 369.6144 414.7761 458.6117 487.9018 497.3865
444.1862 433.0495 413.6096 394.3958 390.0674 395.7494 399.3713 404.6505 408.1428 407.9417 408.4805 417.9632 429.337 432.6244 427.9924 419.4347 399.1845 378.3547 361.1525 347.0005 340.7148 343.7193 347.0963 359.6435 378.377 392.3654 392.9577 377.4578 359.5215 345.4023 341.7399 345.1732 349.2336 347.2577 342.8377 337.5413 333.5891 327.8036 322.4267 322.9936 335.3846 347.8201 355.4055 360.1202 363.7476 362.9367 370.2512 376.9662 377.0972 369.0456 351.8769 329.8762 303.9156 283.044 271.3112 266.0872 268.224 281.2878 307.0126 346.0661 394.4184 437.764 467.9552
425.6623 420.2561 411.275 396.9835 392.1588 394.2145 398.9503 402.3362 408.0243 409.1346 401.1099 394.4141 398.0265 403.5141 406.09 409.6981 406.3006 396.4504 386.1613 366.5527 347.3348 337.8882 338.5949 350.646 367.4707 385.5178 392.1565 381.6544 363.345 346.5537 337.5203 336.318 342.434 347.1919 344.9385 341.0955 335.4087 328.6345 321.9435 318.4881 324.748 334.0894 344.2936 351.5347 356.854 357.8623 361.6473 366.1212 369.7907 367.0183 360.3992 351.0478 332.4519 307.6555 286.3899 269.126 258.8132 255.4358 263.4399 289.0408 329.5402 377.3577 417.6341
