py_wake/examples/data/AJ_ParqueFicticio/Rough survey   Sector 6   Height 200m   Power density.grd
DSAA
73  159
 258469   265669
 6501692   6517492
 145.3619   858.2432
[rows 28 to 55 of 159, columns 0 to 62 of 73]
374.8904 375.4879 375.1663 375.3763 375.6008 375.6171 376.9662 377.2021 378.4918 379.0769 379.3467 380.6931 381.7838 383.1105 384.1869 385.6396 387.2265 387.6936 388.5899 388.6383 387.829 386.7243 387.8721 389.9005 392.0226 392.4387 392.6158 389.3109 390.0705 387.4921 385.1311 384.032 381.347 376.9769 378.7995 381.5511 382.3099 380.1774 380.5351 376.8492 372.4393 371.3158 375.4877 385.6325 400.6162 414.6519 425.6121 437.9897 447.8346 455.0891 457.5467 460.8618 463.5358 457.2017 435.8736 413.6976 402.472 394.7577 380.9159 366.7027 354.5298 345.266 335.6694
373.3037 374.1901 373.8112 374.4874 374.1269 374.7347 376.2598 376.547 377.6577 378.9698 378.8572 379.882 381.4467 383.485 385.0291 386.8213 387.4842 388.6367 389.3102 389.2323 388.9023 387.8076 388.4601 390.3052 392.4318 394.304 395.2931 393.5769 393.1266 393.054 393.532 392.7144 390.3518 387.2097 390.3354 395.1727 392.7741 391.4718 390.0884 385.8124 381.3966 379.6187 383.1827 387.4916 400.0854 418.6541 437.0434 455.639 473.4432 488.956 496.502 498.4537 499.0895 496.2203 476.7192 449.4969 428.5557 412.1458 396.0215 383.0259 371.9399 362.2793 353.5018
371.8923 372.6547 371.5532 373.1927 373.1264 373.731 374.5582 375.0417 376.2204 376.1281 377.3532 378.134 379.4228 381.6359 384.1532 386.4186 387.365 388.5171 389.2031 388.9203 389.4133 389.624 390.2391 391.2669 394.146 396.7433 397.7375 398.3148 398.51 399.7644 400.3347 401.4717 400.9484 396.422 397.9804 398.5458 398.3548 399.0145 401.206 398.8044 391.4034 390.075 390.3771 394.8177 401.0573 416.5251 436.826 461.4048 486.039 510.0776 528.757 538.3475 539.3809 532.9442 516.3369 486.6465 454.759 425.1419 404.1743 388.3778 378.6271 372.0911 370.1457
369.8318 371.1483 371.3304 372.3691 371.5849 372.3576 372.9891 373.7812 373.9878 374.6901 375.2019 376.0472 377.3946 379.5908 383.0023 385.3389 387.0096 387.4353 387.3571 388.7179 390.0617 390.425 392.1029 393.5061 396.1257 399.1469 400.5047 401.2172 402.4478 404.4331 404.4462 406.5235 406.3975 404.9149 404.923 402.6455 402.5492 405.026 407.3142 405.7653 399.9096 397.0893 397.0564 400.6489 408.0642 415.5941 429.5822 448.4637 474.4367 500.554 528.0779 549.075 560.1139 560.0891 546.5178 517.3938 477.99 439.3538 410.5866 391.5536 381.4972 378.2131 380.2402
368.6642 369.355 369.3876 370.8637 370.2811 371.738 371.304 371.2288 371.6486 372.923 373.5543 374.3134 374.9767 377.5848 380.4335 382.8844 385.3321 386.4261 386.649 388.4173 390.4183 391.4831 393.92 396.139 397.7307 401.0699 403.2535 405.2872 406.7045 406.0154 407.4633 409.9437 410.8621 409.8468 408.995 408.7701 408.0008 408.396 409.7373 409.2951 407.3998 401.0893 396.3904 400.4818 407.8086 417.8246 427.7073 440.2988 454.3085 473.4227 495.4331 519.7648 541.9447 555.799 557.4213 537.5608 499.8117 458.0655 424.1857 401.5102 388.3756 389.1336 390.4591
368.8553 367.8937 368.4829 368.2315 369.1958 369.5562 370.7104 370.7007 370.7762 371.0123 371.6315 372.4484 374.1403 376.4803 378.2769 380.7548 383.2487 384.1673 385.6653 387.8524 390.9333 392.5368 393.8076 397.1992 398.6961 401.1085 403.5052 404.3178 407.1709 408.0891 409.7937 412.4472 413.2032 413.6931 414.6405 417.8662 417.5894 415.9659 416.2766 416.2395 414.3141 405.9149 395.2876 390.2904 398.0908 409.5463 422.9922 440.0824 453.5754 465.2359 479.3571 496.5795 516.3138 537.1276 552.3101 551.5119 520.061 483.3534 448.0587 422.0286 407.5013 404.0938 404.0345
369.608 367.8806 367.8061 367.2685 367.799 367.776 368.6606 369.3663 369.5604 369.9588 369.8911 371.082 371.907 374.9493 376.5161 378.5723 380.6175 382.1438 384.6487 387.4685 390.0826 392.4358 394.4775 397.3351 399.3973 401.7227 401.8131 404.4799 407.2085 408.9895 411.8655 414.7817 416.0063 416.6924 417.5504 422.1659 426.764 426.0607 424.6795 425.0876 422.7214 411.8534 398.6577 385.5393 384.4677 397.4996 415.9127 438.5806 460.3185 480.6564 498.8663 516.3307 529.6462 544.1334 558.9862 568.0904 551.3926 520.4696 487.9205 461.1813 440.5032 428.3637 425.2957
368.1348 366.4145 366.5304 366.8812 367.0586 367.0825 367.0094 367.5453 367.868 367.8588 367.8885 369.0769 369.9464 372.5805 374.1887 375.809 377.3018 379.3226 382.7662 386.4646 389.2276 391.203 393.5608 396.2311 398.9374 400.5829 402.006 404.7161 408.3028 410.9955 413.3557 416.502 420.0698 421.1783 422.9893 425.4147 431.9333 437.5397 438.2752 441.8859 436.54 427.1264 410.1155 392.8506 381.1313 389.2525 411.6713 437.9282 467.2826 497.3634 526.1993 552.7183 574.0481 585.4934 594.1766 600.0737 589.709 563.8394 533.8308 506.5642 490.0626 469.0635 460.6339
365.7788 365.1386 365.3366 365.2265 365.8033 366.8957 366.6841 366.6285 366.2337 366.2876 365.7288 365.8843 366.9824 369.0093 370.711 372.0065 373.4057 374.2851 377.635 381.7916 385.7737 388.6841 391.7373 394.7591 396.4438 398.3452 401.7471 405.2015 409.3371 412.6408 416.0544 419.3475 422.1766 426.6669 428.5921 432.1799 438.4264 449.3421 458.1499 463.3733 466.1557 460.539 444.4001 422.8264 398.2264 388.3437 400.7953 428.0468 461.0552 496.5315 532.3184 568.2305 600.5922 622.7269 633.509 636.0288 623.2492 597.297 568.8361 558.5447 556.9873 539.8712 517.765
363.2099 362.6117 363.3377 363.4662 363.636 365.2881 365.9098 365.6941 365.5838 364.3876 364.4761 364.3313 364.4253 366.2262 367.1741 368.762 369.9172 369.6403 371.5918 374.1511 379.9068 384.3343 387.6637 391.4598 393.2311 396.7546 400.1374 405.047 409.653 413.3464 418.3176 422.0238 425.9206 429.5803 433.7355 437.3792 442.6478 454.8608 468.1027 481.6699 493.7934 501.4349 495.5913 476.2694 443.9346 410.1228 396.7714 404.4464 425.4181 461.4612 499.4554 536.7009 578.2363 616.5481 642.224 654.9487 643.3052 616.6242 591.7363 600.4343 612.0601 614.3935 608.8414
361.1907 361.2024 361.4214 362.0498 362.0985 362.223 363.0023 363.2637 363.7081 364.03 364.1141 363.3164 363.4775 363.6731 364.6534 365.6883 367.2612 367.6341 368.692 369.6239 374.8264 379.5567 383.9426 387.1964 390.2925 394.1828 399.226 403.7868 407.5856 412.3271 417.0334 420.4146 426.3264 431.1922 437.3907 442.498 447.6784 457.8719 474.7704 492.4234 509.6145 528.5646 540.5463 535.4525 511.8604 469.8752 429.5363 408.1032 403.6059 426.4402 459.8636 494.1963 536.0406 581.5272 622.5791 649.4362 650.9269 627.1307 601.0244 616.103 634.0161 660.0999 678.7797
360.1954 360.9703 361.0684 361.4065 362.3379 361.5837 361.4061 361.8487 362.5282 362.5288 362.9922 363.5619 364.0182 363.8711 364.0881 365.375 366.1655 367.2635 369.0337 370.8445 374.7455 376.0267 379.3538 382.5658 386.5833 392.0398 396.8557 401.2611 406.0145 411.0027 414.7381 419.5799 425.0575 431.6467 435.8846 444.7246 448.9666 459.7829 477.8183 495.5924 515.9788 541.2319 565.0099 580.7155 578.9807 550.5084 506.3841 471.3242 446.9641 436.2634 458.648 491.4886 527.6923 568.1042 609.8829 644.4669 655.6176 634.613 598.7943 602.3162 618.9305 648.379 683.3317
360.4864 360.9328 360.3865 360.5479 361.5465 362.1247 361.7585 361.3761 360.863 361.208 361.9497 362.6591 363.9309 363.9917 363.7813 363.4297 364.6642 366.5902 368.3937 371.6793 373.7577 374.4198 375.543 377.895 382.6144 388.0266 393.2477 398.892 404.1116 408.5381 413.4748 418.8747 424.438 429.0177 434.9879 441.3064 446.004 456.518 472.4503 490.92 516.6099 546.0087 576.5221 605.5126 624.1884 620.4614 591.0222 562.5015 533.7739 509.9099 499.741 519.8183 551.2551 586.1833 620.704 651.177 660.6422 638.8508 594.9897 566.868 565.4111 581.6431 615.2515
362.5504 361.0572 360.7292 359.4771 359.176 359.6704 360.4771 360.3715 359.37 358.4696 358.2445 358.6892 360.1607 360.4574 360.7947 361.2707 362.0827 363.3898 365.7018 369.457 371.422 371.8074 372.9801 372.0493 374.5232 381.9362 388.4781 395.1347 399.7342 404.976 410.118 416.2827 421.366 426.9209 432.1503 437.1985 439.9623 446.924 458.4456 476.6549 503.6183 535.8897 569.1901 602.3453 632.6465 649.5676 641.8381 624.0124 605.7928 582.1213 562.8394 550.668 573.1609 603.7623 629.2479 654.2794 661.5975 636.6504 586.4478 533.9863 502.9077 499.4722 520.9485
364.6996 362.8329 361.5522 359.4267 356.6452 356.4585 357.7126 357.5427 356.3764 356.0443 355.3651 354.5503 354.6348 356.1809 357.6362 357.9384 358.6299 359.4679 361.5872 365.9185 368.468 369.9819 370.0231 371.9077 373.9344 378.685 383.3099 388.8982 394.192 399.7727 405.1436 411.7464 416.105 422.5799 427.5723 432.2804 434.26 433.5448 439.379 451.9248 473.9184 499.0437 527.3487 556.9794 587.0184 607.1199 613.4163 604.3682 596.2318 583.2021 564.9229 553.3585 565.6647 585.1356 607.4076 628.6438 638.9909 625.0348 584.2495 530.3856 477.9868 442.8454 440.649
366.0798 364.8087 363.5958 361.9881 357.057 353.508 354.5938 355.4285 354.7277 354.5358 355.1272 354.033 353.7914 354.2101 354.8936 355.1876 355.777 355.7317 357.3591 360.8571 363.7867 364.5723 365.3599 370.2775 373.9819 376.2254 378.9952 382.9944 386.0123 391.3747 398.4086 402.9271 407.6073 413.2394 418.4154 422.0074 422.6698 419.4012 416.728 418.8777 430.8801 446.5642 464.2491 484.2075 502.6407 516.265 520.5812 516.8884 508.7037 499.1117 500.6805 505.2907 517.8287 534.5016 557.3552 581.1859 601.0908 601.8033 577.2203 535.9903 484.8052 436.511 401.9996
366.8818 366.2783 365.4049 363.7203 361.9068 357.5687 353.9943 352.6789 353.3401 354.3642 355.7878 356.4139 354.8507 354.227 354.0041 354.4637 353.3811 353.3916 354.5149 355.5238 357.4369 358.3672 359.4206 360.0812 366.5831 368.8623 371.2057 373.3619 377.235 382.1108 387.986 391.8708 396.2472 401.3575 404.9528 407.7779 409.0648 405.7324 398.5409 394.4969 394.9191 402.4965 410.4024 419.0603 425.8044 438.2585 442.9653 442.7753 442.8243 447.0027 450.7185 457.9615 474.4565 495.6664 521.9304 546.5101 566.1059 570.2306 564.5284 540.1586 501.1471 453.3342 408.4671
366.5118 366.0026 366.1935 364.6799 365.5198 362.2927 357.8019 353.8055 352.5533 353.4074 354.4017 355.4705 355.659 355.3932 354.7029 353.8984 352.2799 352.7202 352.3366 352.2105 352.5256 353.4822 352.8252 353.1563 353.9305 358.8435 360.9802 361.7896 364.207 369.1859 372.6857 373.4562 380.2843 384.8832 388.805 391.737 393.9828 392.912 388.5463 383.1642 378.5795 379.2521 381.8651 386.8861 400.7672 417.6425 431.3719 438.415 440.4401 443.6721 448.2823 454.8681 466.6195 487.557 512.2852 536.7463 551.0237 550.6249 544.6373 531.5397 509.7355 477.6559 438.9139
365.4981 365.0869 366.4324 366.4962 366.4364 364.8859 360.2215 355.7238 353.8429 351.632 351.7346 352.7402 354.2483 354.4958 353.3313 351.5717 351.3387 351.5948 352.4075 351.6491 351.4834 350.9648 350.7432 350.7097 349.5241 351.1502 351.2355 350.2182 350.3922 352.97 354.5629 354.4482 357.8242 362.6143 366.0556 372.0773 376.0279 376.5582 378.0461 378.5796 377.1521 377.851 382.2306 396.1089 410.2603 426.3636 443.0619 454.9371 461.4567 465.0103 469.0653 474.907 481.606 493.8862 517.9238 545.7448 559.9196 553.0471 533.9802 514.5594 497.8256 480.576 458.9801
364.2963 363.7202 363.8764 365.2567 365.3103 363.8248 361.5114 357.9217 355.8175 351.5387 348.4642 349.6682 351.8784 352.1417 351.2178 349.2859 349.1505 349.214 350.4497 350.6639 350.0378 348.6448 349.3153 349.523 349.0272 347.2941 344.7812 341.685 340.3059 339.7499 339.2166 339.2015 338.0574 342.2525 343.5104 347.9023 352.811 357.337 360.34 365.21 372.0549 379.6233 390.2781 403.0114 419.3838 433.4329 441.3034 449.6834 455.1086 460.1425 467.7554 478.5527 489.3501 501.7167 519.3051 542.811 566.8303 570.0858 553.0364 521.6837 489.3892 464.1992 446.3173
363.2547 362.7681 362.2046 362.8204 363.4109 362.4136 360.7782 359.2851 357.0346 355.0262 349.433 346.7539 348.4426 348.7488 347.9323 347.1136 346.6974 345.9456 346.6906 348.4518 347.3725 346.0518 344.5962 343.7984 344.5411 342.5324 339.0492 337.4516 335.8053 333.543 331.0775 328.3514 327.288 327.0046 327.2549 329.9875 332.5297 336.0836 338.1656 344.2514 351.079 360.4168 370.1979 382.9692 395.9122 402.3939 415.1186 424.4193 434.9001 444.7174 454.0035 463.9841 479.2072 493.3254 505.5074 521.098 546.9914 567.5203 573.2264 554.9425 517.236 473.0489 437.3166
363.6541 362.4977 361.8681 361.1241 361.4642 361.6456 360.6196 359.7448 357.8827 356.8452 353.9923 348.6158 345.4686 346.3695 346.0854 345.4827 345.46 344.4975 343.1227 344.176 343.8989 342.9125 341.5755 341.2758 340.4787 338.6949 336.6245 334.519 332.6972 330.1229 326.136 322.8529 322.4069 318.3129 314.373 314.9273 315.5445 315.2408 316.2706 316.6556 320.1725 325.65 332.629 342.5619 352.4425 371.9472 390.809 409.6953 425.8492 438.6167 448.2246 453.8356 462.2764 473.1335 481.3647 488.2274 502.2899 525.6539 549.9121 567.487 556.0273 517.9643 469.1328
363.5618 363.3423 363.4899 362.604 361.3666 361.7546 360.8867 360.0401 359.917 359.0234 356.5903 353.8686 349.3664 346.9275 345.4352 345.163 346.4294 347.0532 345.6612 344.062 343.173 342.6593 342.34 342.9602 342.21 339.9321 337.1996 334.1722 332.3932 327.8763 322.4879 316.5506 312.2462 309.2639 304.9048 301.5107 297.6021 295.1991 293.6953 293.378 294.4313 298.2072 306.7403 316.0238 332.1953 354.426 377.3712 399.3279 419.2033 434.035 444.0076 445.1449 441.9239 452.0868 465.2068 462.1628 460.768 473.8144 496.4033 531.8782 561.1647 557.9538 525.5256
362.1258 362.7914 362.9295 362.8053 361.5805 360.656 360.9029 361.6557 361.3217 361.1624 359.2132 357.0294 352.7715 348.7423 347.0048 345.9809 346.3153 348.6158 348.7053 346.2261 345.1643 344.4801 344.4319 345.1725 344.6433 342.1253 339.559 337.4725 333.1721 328.967 322.4275 314.92 305.4897 299.6305 295.1431 288.9642 283.7061 279.0238 275.9178 273.47 274.2384 281.5986 290.5335 304.7254 322.3228 343.7097 365.1591 386.3443 405.94 419.9983 429.5584 432.3771 425.2477 432.2632 451.5548 457.077 443.4547 435.0488 442.9706 473.5268 518.6339 553.7269 556.826
360.8481 360.7308 361.386 361.6819 361.2157 360.3052 359.7601 361.034 361.7126 361.6656 360.3056 357.1763 354.921 351.3312 348.5989 346.6452 345.2971 346.3297 347.1418 346.5435 346.5844 346.7112 346.5644 347.0193 346.3987 344.6333 343.0444 341.6146 337.8746 333.2599 327.5157 319.9814 310.658 302.0182 295.2565 286.7695 276.7013 271.421 270.1241 267.1681 263.6194 264.6819 272.1938 285.7674 303.1235 323.1453 344.5646 363.9207 382.9492 400.1901 414.2436 421.5186 415.2162 416.1729 435.3057 457.4084 450.9706 429.0359 415.1355 425.4907 464.099 509.5887 537.281
359.7956 360.1497 360.5647 360.2042 360.4424 360.4323 360.0529 360.217 361.3371 361.4243 360.8591 358.6422 355.8913 353.3268 351.4113 349.1234 346.7775 345.5985 345.7707 345.0141 345.6977 348.9086 349.4265 348.6548 348.1314 346.252 345.7109 344.928 343.1512 339.0061 333.4818 326.3011 319.1686 313.8149 308.6852 300.345 287.5506 276.2841 273.3464 272.8159 267.1131 260.2553 260.0052 267.3403 280.5088 295.9921 315.0645 335.2822 356.5655 378.9924 401.0271 414.4225 409.5295 405.3129 417.4346 445.9459 461.3888 445.2443 418.8671 407.0796 426.4237 464.541 497.981
359.3886 359.4511 360.2775 360.342 360.3258 360.2111 360.7605 360.5605 361.0766 361.2487 360.8566 359.2091 356.4818 354.596 353.0391 352.6268 350.9992 348.1614 346.7195 344.8702 343.7541 344.582 347.0329 348.2355 347.5783 348.0244 348.4426 348.9125 348.9627 348.0445 343.4169 334.9967 328.3407 326.4156 325.7125 321.5547 308.5109 292.797 284.509 286.0436 283.9081 274.0757 266.326 262.7162 267.6588 276.5383 291.6666 311.0994 335.1559 358.9709 383.3757 400.6746 402.1992 395.6061 402.8831 427.5711 454.5282 456.3971 433.3073 412.1219 409.2247 435.2693 471.0917
358.8786 359.8689 360.6834 360.0986 359.8676 360.0067 360.4203 360.9639 360.9283 360.8168 360.3205 359.2476 357.2035 354.9778 352.8885 352.5231 352.0498 350.4902 348.1814 346.6186 344.5648 343.1064 344.8472 345.5462 346.2805 346.899 348.0328 350.7079 355.0135 356.4175 355.9248 349.5187 341.2963 340.0067 340.7771 340.8271 331.5544 314.6082 307.9973 308.6909 304.9275 299.2843 286.1398 276.1306 271.5759 272.2281 278.1667 291.4527 311.4199 336.2904 361.8288 384.1491 390.2585 387.8201 390.8026 410.8368 437.6593 449.2545 435.7377 416.8922 407.5551 421.0273 453.7926
