py_wake/examples/data/AJ_ParqueFicticio/Rough survey   Sector 6   Height 30m   Mean speed.grd
DSAA
73  159
 258469   265669
 6501692   6517492
 .2236509   9.259376
[rows 0 to 27 of 159, columns 0 to 62 of 73]
4.105844 4.082035 4.089334 4.094255 4.092403 4.088274 4.088012 4.087324 4.086455 4.080047 4.063193 4.040819 4.020217 4.007064 3.996318 3.997362 4.00964 4.025759 4.065651 4.143644 4.319797 4.5146 4.561763 4.611585 4.186172 3.434207 3.69288 3.823339 3.966183 4.034889 3.967067 3.905016 4.029778 4.22902 4.40575 4.567643 4.734979 4.679924 4.613757 4.59368 4.567175 4.531971 4.51459 4.369741 4.351763 4.420479 4.424343 4.416856 4.409782 4.388769 4.37097 4.331808 4.307291 4.28144 4.249537 4.225612 4.202046 4.174883 4.162797 4.156853 4.146037 4.149334 4.166806
3.996856 4.024475 4.063231 4.083857 4.087375 4.084094 4.083942 4.07863 4.080427 4.083858 4.075378 4.048437 4.023777 4.003453 3.991212 3.990995 4.001037 4.023606 4.072304 4.193336 4.416214 4.579795 4.679779 4.718131 4.641914 4.150758 3.578049 3.737692 3.876558 3.963396 3.968428 3.961445 4.034648 4.193975 4.358963 4.554079 4.786096 4.849762 4.751334 4.713287 4.693899 4.686048 4.703196 4.578362 4.34815 4.374588 4.44825 4.488453 4.465262 4.439879 4.41993 4.350018 4.31686 4.277711 4.243546 4.223312 4.196866 4.173068 4.149498 4.129764 4.117332 4.114046 4.125417
4.079269 3.900049 4.01869 4.06251 4.068506 4.069671 4.068298 4.064722 4.061486 4.062418 4.126624 4.085198 4.019607 3.990802 3.972458 3.974947 3.988079 4.013067 4.073742 4.167054 4.339392 4.407892 4.549052 4.799748 4.755977 4.225224 3.908077 3.851249 3.831181 3.899377 3.949836 3.934968 3.996561 4.126493 4.243578 4.521988 4.863578 5.166976 5.018094 4.936989 4.86107 4.762136 4.717229 4.75415 4.523846 4.359247 4.378809 4.451416 4.494165 4.507613 4.469595 4.409951 4.314071 4.282561 4.256173 4.231132 4.201545 4.164576 4.126977 4.097234 4.072292 4.07609 4.086
4.460109 4.094359 3.965383 4.022265 4.042788 4.05269 4.044651 4.032616 4.022951 4.019392 4.033801 4.111417 4.086345 4.021139 3.935565 3.944404 3.950666 3.977169 4.040132 4.118694 4.201058 4.228976 4.370044 4.659669 4.789295 4.573714 4.141249 3.917277 3.855862 3.9177 3.981662 3.911543 3.953398 4.033723 4.020337 4.132079 4.539659 5.033212 5.455556 5.35112 5.174061 4.862797 4.71789 4.760235 4.695811 4.493065 4.443487 4.442984 4.469212 4.490671 4.541014 4.460108 4.39152 4.329064 4.290291 4.248075 4.204098 4.150747 4.097645 4.053558 4.026643 4.030198 4.062185
4.713012 4.348136 3.917214 3.935186 3.985306 4.016524 4.01307 3.983717 3.970047 3.967428 3.951802 3.983128 4.063729 4.04219 3.921249 3.89691 3.907493 3.942827 4.029459 4.149003 4.171412 4.097318 4.099424 4.377418 4.553455 4.548681 4.254846 4.022966 3.894597 3.894799 3.910586 3.933558 3.873662 3.837646 3.667627 3.434095 3.594434 4.158709 4.661618 4.975128 5.005414 4.94038 4.659752 4.693508 4.884563 4.794976 4.633646 4.507768 4.50005 4.551332 4.673832 4.591058 4.520453 4.437053 4.361263 4.284489 4.208131 4.135685 4.054787 3.995141 3.964266 3.978677 4.046387
4.684148 4.584412 4.292813 3.971295 3.841531 3.962958 3.95417 3.921831 3.886083 3.884313 3.903697 3.895261 3.971288 3.960223 3.91972 3.811759 3.836481 3.874084 4.019355 4.211234 4.305236 4.259499 4.142115 4.252121 4.418758 4.390341 4.19047 4.032203 3.894998 3.801529 3.714833 3.568379 3.552036 3.330714 3.233019 3.02437 2.68683 2.954962 3.595429 4.000339 4.389886 4.770071 4.637984 4.63519 4.654273 4.808382 4.671848 4.544949 4.521355 4.585533 4.678236 4.803212 4.702515 4.581817 4.448591 4.320944 4.211363 4.114369 4.002796 3.923055 3.880156 3.918021 4.066936
4.69128 4.752562 4.782027 4.540986 4.044043 3.837954 3.941472 4.016819 4.004933 3.987772 3.996148 3.922383 3.871373 3.922818 3.951378 3.869003 3.720077 3.74756 3.798009 3.991851 4.216155 4.332813 4.288346 4.322123 4.391866 4.343323 4.182523 4.005804 3.844214 3.718736 3.606254 3.437162 3.436787 3.422472 3.309766 3.168805 3.004458 2.827739 2.873204 3.508527 4.074828 4.582993 4.732168 4.693037 4.705692 4.64957 4.606995 4.543882 4.500321 4.5627 4.627206 4.690969 4.816776 4.854497 4.597121 4.377626 4.221767 4.087705 3.937636 3.805739 3.746038 3.687278 3.614168
4.694376 4.723008 4.743792 4.72468 4.502976 4.079565 4.021066 4.092298 4.097642 4.087852 4.06887 4.013994 3.953424 3.974169 3.999172 3.917048 3.713348 3.607691 3.594368 3.67422 3.969871 4.251682 4.410128 4.49143 4.573694 4.423455 4.245802 4.022223 3.880517 3.731883 3.646676 3.594166 3.522785 3.437908 3.316761 3.184277 3.100446 3.065446 3.06768 3.082707 3.656449 4.303886 4.517783 4.607317 4.493851 4.496302 4.701102 4.57051 4.522406 4.63336 4.679601 4.617846 4.6413 4.68866 4.776915 4.430064 4.23297 4.072926 3.876048 3.626546 3.376647 3.295594 3.160889
4.713672 4.737602 4.747922 4.703568 4.561382 4.291105 4.177445 4.174654 4.167558 4.168814 4.124123 4.078069 4.03119 4.058298 4.079864 3.986473 3.799913 3.477172 3.375631 3.296698 3.447803 3.745489 4.029444 4.421702 4.591201 4.60115 4.372608 4.120548 3.980161 3.841146 3.773068 3.673237 3.568277 3.453032 3.310103 3.175399 3.007071 3.025807 3.083582 2.888083 2.966025 3.525774 3.880734 4.056474 4.362588 4.429497 4.395747 4.424348 4.186382 4.084654 4.337231 4.289695 4.142238 4.389061 4.540281 4.45565 4.262817 4.095929 3.891444 3.54606 3.042901 2.794859 2.775235
4.741188 4.761106 4.768429 4.75564 4.6829 4.417841 4.227818 4.192444 4.196473 4.246078 4.191874 4.140538 4.084888 4.123851 4.198367 4.130552 3.931669 3.670969 3.333148 3.060273 2.930926 2.928682 3.143166 3.201522 3.944021 4.576496 4.56441 4.322875 4.165811 4.001625 3.870834 3.759693 3.637776 3.508461 3.374418 3.310805 3.173309 2.920053 2.970042 2.879375 2.551746 2.502691 2.738535 2.916292 3.688754 3.978311 3.972914 4.085131 3.887021 3.592495 3.776635 3.816704 3.785932 3.959245 4.263523 4.49277 4.341551 4.204207 4.024521 3.736922 3.241003 2.649577 2.553751
4.769703 4.789668 4.789821 4.829893 4.99644 4.85472 4.730422 4.458858 4.230816 4.351728 4.261255 4.166743 4.074569 4.12356 4.294724 4.47035 4.209841 3.806287 3.580739 3.288764 2.857744 2.727963 2.737665 2.800009 2.756434 3.597559 4.209802 4.411168 4.224788 4.062771 3.971873 3.854971 3.728841 3.598236 3.481399 3.397471 3.272592 3.089457 2.888297 2.956024 2.902914 2.841767 2.790927 2.609738 2.546319 3.068698 3.074268 3.330498 3.461336 3.217599 3.17801 3.367808 3.716814 3.817836 4.077259 4.420121 4.564839 4.470444 4.387982 4.092792 3.620873 3.006198 2.744641
4.803608 4.835086 4.795099 4.853145 4.841766 4.888203 4.804841 4.624494 4.369668 4.445527 4.296629 4.226187 3.995688 3.976892 4.114914 4.625581 4.805938 4.425933 3.763839 3.514564 3.115105 2.681469 2.479382 2.660197 2.781387 2.768536 3.757205 4.247443 4.171924 4.112903 3.981478 3.857213 3.770219 3.677888 3.606544 3.461491 3.337618 3.208014 2.978016 2.969921 2.98921 2.981518 2.90029 2.776215 2.569499 2.584037 2.639493 2.627629 2.684784 2.692135 2.629953 3.066311 3.529616 3.772156 3.783812 4.003937 4.242947 4.539265 4.528909 4.392098 3.991573 3.430022 2.873645
4.821699 4.869478 4.846654 4.787858 4.752644 4.774026 4.771262 4.762109 4.50919 4.541592 4.558242 4.700023 4.564231 3.864413 3.830661 3.85427 4.244109 4.683115 4.617657 4.01203 3.45882 3.114578 2.736869 2.734233 2.803908 2.883797 2.882664 3.562589 3.952886 3.914846 3.846341 3.763529 3.71664 3.652863 3.598125 3.491171 3.36747 3.270536 3.145512 2.978648 2.967124 2.997211 2.93119 2.806586 2.611738 2.632631 2.647476 2.670986 2.668941 2.652276 2.578345 2.363855 2.815181 3.221206 3.390791 3.242841 3.262361 3.151254 2.905562 2.575855 2.806435 2.715289 2.735051
4.80463 4.777915 4.7344 4.740209 4.742343 4.762968 4.780005 4.933543 4.832345 4.815852 4.812241 4.747227 4.829915 4.806214 4.3172 3.908247 4.01082 4.159158 4.483354 4.514678 4.401282 3.869516 3.096883 2.80962 2.872669 2.933012 3.037554 3.164175 3.379985 3.539676 3.588593 3.599397 3.579507 3.555512 3.473742 3.412002 3.350051 3.294226 3.227167 3.128152 2.967088 2.896784 2.866088 2.759701 2.571553 2.518688 2.515936 2.445118 2.509866 2.456923 2.437328 2.273031 2.013908 2.372082 2.389963 .3965172 .2236509 .3089634 .3114211 .388786 .6914243 2.183364 2.399839
4.761585 4.728965 4.707617 4.730043 4.754618 4.764843 4.783182 4.849341 4.936586 4.898545 4.765967 4.73823 4.796478 4.847692 4.685048 4.387129 4.328791 4.422945 4.481714 4.540994 4.588871 4.434285 4.067966 3.210343 2.841599 2.96116 3.064235 3.207379 3.325047 3.414196 3.463619 3.491586 3.564043 3.514386 3.384303 3.256411 3.293226 3.250207 3.258207 3.21282 3.072306 2.917079 2.783856 2.715254 2.664868 2.520343 2.522755 2.418229 2.229324 2.263465 2.305226 2.265466 2.145517 1.941833 .3929436 .3946182 .391295 .3569789 .8240036 2.802202 2.086059 2.023445 2.075047
4.711891 4.693366 4.697012 4.721747 4.746524 4.772238 4.798901 4.860724 4.923588 4.877045 4.724496 4.739451 4.803622 4.87903 4.88466 4.689912 4.557756 4.686727 4.7041 4.728811 4.66166 4.719663 4.7515 4.22312 3.401809 2.811984 3.009999 3.170542 3.280473 3.372365 3.416479 3.439147 3.493609 3.494569 3.371114 3.081851 2.924319 3.093219 3.200943 3.409487 3.318856 3.124496 2.896224 2.763914 2.680946 2.580655 2.496033 2.438788 2.333494 2.219778 2.199229 2.143859 1.891743 .6841793 .5402759 .5702384 .5418715 .648959 2.218219 2.445548 2.31745 2.012053 1.468413
4.681929 4.658416 4.672276 4.704426 4.737343 4.772625 4.817652 4.874507 4.908529 4.865745 4.790152 4.793424 4.859992 4.8969 4.885077 4.895164 4.816509 4.609749 4.635009 4.637091 4.610315 4.657882 4.705736 4.767457 4.573572 3.681945 2.862341 3.026778 3.197654 3.296069 3.303262 3.367595 3.487244 3.592201 3.729246 3.690625 3.225024 2.996809 3.112522 3.237477 3.278742 3.144236 2.890454 2.737375 2.622113 2.606445 2.599972 2.483213 2.169909 2.036278 1.992769 1.847319 1.122523 1.048411 1.862187 2.720273 3.24919 3.524418 3.608821 3.5674 3.293016 2.842073 1.946509
4.668813 4.668937 4.659564 4.696324 4.725746 4.769976 4.819967 4.855247 4.882754 4.873632 4.826859 4.775451 4.825072 4.78072 4.760013 4.782543 4.740464 4.657236 4.638056 4.623409 4.618078 4.658938 4.704963 4.773452 4.7675 4.673042 4.052219 3.338836 3.18843 3.367708 3.597678 3.678225 3.693588 3.817389 4.029147 4.213665 3.819406 3.427385 3.559591 3.723303 3.76364 3.489528 2.822627 2.394494 2.206159 2.367967 2.491155 2.784505 2.972782 3.040236 2.972559 2.963254 3.238258 3.561835 3.806079 3.926504 3.917741 3.973139 4.011053 3.939155 3.678334 3.352623 2.753942
4.659046 4.667844 4.685149 4.698737 4.734436 4.762481 4.805745 4.842714 4.872145 4.878459 4.844548 4.746753 4.757667 4.702136 4.719513 4.744462 4.717749 4.679879 4.656513 4.631721 4.620265 4.664765 4.761356 4.892146 5.03064 4.977277 4.776109 4.531124 4.09339 3.905148 3.85314 4.129588 4.452535 4.422682 4.457329 4.608326 4.355763 3.867668 3.888227 4.121134 4.175148 4.428538 4.310507 4.069788 3.805628 3.66256 3.453449 3.619406 3.7896 3.776024 3.590953 3.461762 3.555865 3.743839 3.935442 3.983156 3.973405 3.896743 3.812918 3.772063 3.770501 3.580047 3.162075
4.659431 4.678284 4.709113 4.71376 4.724301 4.743808 4.787025 4.818595 4.856619 4.878559 4.852375 4.846273 4.786449 4.707994 4.71287 4.730663 4.731816 4.705826 4.673663 4.639318 4.630723 4.657233 4.704745 4.741437 4.845545 4.963505 5.171452 5.0566 4.694181 4.565122 4.393319 4.136441 4.508466 4.766698 4.756717 4.693001 4.530248 4.214594 4.079467 4.274621 4.473897 4.987636 5.213124 5.289665 5.075449 4.801883 4.384871 4.262476 4.356942 4.344991 4.111683 3.85447 3.686974 3.720807 3.808301 3.847116 3.866188 3.889683 3.778962 3.658426 3.626108 3.613076 3.413316
4.612971 4.666367 4.72471 4.712274 4.699159 4.717982 4.753958 4.786257 4.82214 4.83656 4.7772 4.799018 4.776381 4.735377 4.718091 4.734936 4.754945 4.727793 4.696517 4.665197 4.66022 4.657476 4.658473 4.651068 4.724859 4.78968 4.842025 4.947044 4.938071 4.595307 4.477886 4.07257 4.022057 4.556728 4.924963 4.935537 4.605128 4.492793 4.417687 4.658136 4.895487 5.141397 5.407773 5.501864 5.527446 5.497906 5.092941 4.69157 4.582264 4.594467 4.34922 4.20679 3.90309 3.783037 3.755804 3.737148 3.722469 3.736511 3.668105 3.595703 3.544772 3.586061 3.650299
4.546022 4.538384 4.627369 4.657009 4.655171 4.677207 4.707052 4.74361 4.773267 4.76043 4.738392 4.756085 4.759637 4.735617 4.727422 4.73322 4.761028 4.758317 4.731091 4.736996 4.722066 4.680649 4.639116 4.636173 4.672237 4.699048 4.693379 4.681885 4.752852 4.827589 4.56618 4.214783 3.546117 3.88121 4.707711 4.896323 4.822341 4.417646 4.222126 4.598584 5.107173 5.186417 5.283617 5.281096 5.358283 5.369373 5.187527 4.887859 4.655505 4.506574 4.378452 4.262839 4.090255 3.832408 3.803166 3.732483 3.643621 3.67396 3.659976 3.562484 3.493359 3.593386 3.749455
4.529332 4.508506 4.518686 4.585512 4.609365 4.641864 4.666195 4.691178 4.715829 4.704648 4.709917 4.721387 4.734226 4.731518 4.725339 4.720808 4.710879 4.713171 4.734213 4.738378 4.723681 4.690352 4.661775 4.662077 4.662127 4.647825 4.594261 4.547811 4.719349 4.979279 4.885679 4.699168 4.179687 3.830323 4.330191 4.804661 4.906884 4.705349 4.141053 4.044891 4.623119 5.023084 5.118975 5.174848 5.224913 5.229833 5.156425 5.019041 4.816415 4.516563 4.340784 4.244492 4.119558 3.882035 3.857164 3.817065 3.785011 3.807546 3.891295 3.823644 3.614239 3.59155 3.724448
4.55205 4.552072 4.598041 4.584598 4.59252 4.615267 4.632811 4.655513 4.660761 4.665377 4.678338 4.698526 4.709701 4.726628 4.723994 4.71425 4.657577 4.648712 4.6954 4.734485 4.734564 4.714081 4.689806 4.686252 4.673863 4.62266 4.560317 4.49345 4.579362 4.822227 4.89467 4.927042 4.605714 3.993477 4.105753 4.517131 4.881379 5.10786 4.755342 3.890305 3.975566 4.428821 4.701416 4.953628 4.980094 4.976219 5.006867 4.963329 4.805974 4.579048 4.380345 4.211082 4.081764 3.892766 3.896338 4.011974 4.047062 4.020621 4.108867 4.159388 3.915727 3.731302 3.815159
4.557526 4.601349 4.630937 4.602192 4.59713 4.602271 4.609787 4.625691 4.62901 4.666802 4.655524 4.680123 4.698396 4.707382 4.709852 4.71772 4.709818 4.685471 4.696461 4.731489 4.751114 4.741981 4.718364 4.721066 4.68258 4.628074 4.592408 4.600321 4.679862 4.616791 4.708056 4.76844 4.830282 4.502413 4.138579 4.29199 4.654544 4.836605 4.871164 4.437634 4.103321 4.03983 4.334018 4.607135 4.690077 4.793313 4.864593 4.904877 4.80951 4.648214 4.513545 4.314874 4.172874 3.988468 3.998144 4.248425 4.372519 4.30786 4.303185 4.448982 4.225605 4.06845 3.911824
4.525383 4.565064 4.594965 4.595707 4.595841 4.59008 4.6008 4.597066 4.602283 4.656024 4.641235 4.663865 4.678684 4.683157 4.691595 4.691694 4.705413 4.711091 4.714097 4.737922 4.754666 4.770111 4.759221 4.771091 4.760841 4.701689 4.682098 4.775525 4.843626 4.64185 4.607081 4.636764 4.711158 4.923963 4.423768 4.315532 4.537641 4.718203 4.770192 4.635763 4.395594 4.386274 4.498498 4.604759 4.568822 4.669571 4.774086 4.868775 4.903267 4.789952 4.680168 4.570559 4.419917 4.157959 4.027171 4.453672 4.779931 4.560565 4.337276 4.406077 4.451411 4.313477 4.112014
4.601676 4.61291 4.610686 4.59805 4.604402 4.5971 4.5997 4.596035 4.614832 4.645928 4.647166 4.670635 4.67121 4.668931 4.688131 4.694307 4.713739 4.726959 4.73178 4.735576 4.747186 4.776456 4.786607 4.766609 4.788696 4.788859 4.798092 4.856981 4.777724 4.755692 4.574839 4.564764 4.612045 4.723057 4.672174 4.593112 4.51615 4.639055 4.760281 4.647535 4.520842 4.587787 4.562656 4.739289 4.731256 4.704863 4.713904 4.739223 4.846391 4.851238 4.808559 4.818155 4.827872 4.608601 4.107082 4.390604 4.92501 4.952859 4.357153 4.127045 4.284079 4.29531 4.203815
4.630585 4.637896 4.616119 4.615656 4.615549 4.611757 4.612506 4.614038 4.651362 4.665511 4.663739 4.678252 4.68365 4.670948 4.689918 4.707884 4.728809 4.740523 4.744183 4.739174 4.727998 4.724794 4.721436 4.761686 4.796227 4.798902 4.816301 4.761392 4.695538 4.676034 4.601533 4.580498 4.535038 4.480765 4.650393 4.52865 4.482844 4.553003 4.562122 4.637144 4.474602 4.427623 4.464984 4.720422 4.85363 4.793203 4.728024 4.754583 4.782182 4.802738 4.844858 5.006341 5.221333 5.243868 4.535609 4.296039 4.682136 4.988972 4.494111 4.112917 4.019115 3.997653 3.945918
