py_wake/examples/data/AJ_ParqueFicticio/Rough survey   Sector 10   Height 30m   Orographic turn.grd
DSAA
73  159
 258469   265669
 6501692   6517492
-177.1106   169.0513
[rows 0 to 26 of 159, columns 0 to 60 of 73]
-1.345058 -1.342849 -1.313401 -1.194513 -1.125285 -1.059968 -.9759447 -.9030724 -.8117176 -.7613515 -.8035548 -.9122164 -.9655126 -.9679731 -1.007873 -.8703818 -.6338695 -.2339548 .3680618 1.683619 4.752182 5.759844 4.610211 .6853383 -2.593891 -9.431557 -7.710788 -6.299823 -5.859696 -6.03917 -7.22689 -7.612936 -8.000467 -6.479184 -5.394987 -5.015246 -3.621856 -3.192121 -3.196265 -2.970753 -2.63235 -2.032728 -1.495514 -1.718897 -2.028512 -1.369251 -1.190288 -.9241861 -.8407556 -.7854467 -.7264377 -.8306913 -.881897 -1.036291 -1.461789 -1.886311 -2.317435 -2.794206 -3.132014 -3.47864 -3.899473
-1.360154 -1.552134 -1.358095 -1.131335 -.9802498 -.8984639 -.8473715 -.830195 -.7591705 -.628621 -.4979117 -.6717085 -.7690294 -.873616 -.9909369 -.9158926 -.7168441 -.3125943 .1460314 1.603786 3.563565 3.36982 2.496569 1.006805 .6986967 -3.162662 -10.64993 -10.15957 -7.339767 -7.344684 -7.65097 -8.408842 -9.137108 -8.647115 -8.053028 -6.84872 -4.554852 -2.157328 -2.229746 -2.072035 -1.51017 -.9162056 -.3840987 -.8898209 -2.467312 -2.056038 -1.287032 -.6206025 -.4792014 -.3974625 -.147198 -.4198262 -.4668716 -.838713 -1.340066 -1.756582 -2.313926 -2.835336 -3.408226 -3.917513 -4.418874
-.657023 -2.588656 -1.652364 -1.156294 -.9159497 -.8002813 -.7534829 -.7571734 -.8042953 -.7482935 -.09640557 -.07423477 -.4599104 -.6561435 -1.015191 -1.042533 -.8436517 -.5480676 -.1559997 .7420654 1.811003 .8723534 1.607563 2.709535 .7451404 -4.380453 -9.158386 -9.905696 -8.948872 -8.772258 -8.54938 -9.470177 -10.15305 -10.62432 -11.20487 -8.946134 -5.644985 -1.172841 -.9140722 -.9034338 -.4047036 -.237645 -.1285199 .5542154 -1.134153 -2.113628 -1.661747 -.8569529 -.155799 .5189523 .918715 .8210349 -.08438268 -.8368444 -1.259672 -1.696418 -2.296383 -2.965644 -3.682158 -4.356758 -5.08247
2.074005 -.8479686 -1.747572 -1.121568 -.8525693 -.6840098 -.6362287 -.7125653 -.8159242 -.860584 -.6374677 .2717742 .2659591 -.2638146 -.9490326 -1.217021 -1.158124 -.8592417 -.4744817 .1303612 .3781307 -.9524002 -.185578 .8170612 .9755564 -1.983221 -7.555411 -10.3676 -10.06591 -9.760407 -9.36052 -10.27007 -11.52058 -12.29579 -13.62132 -12.74368 -8.496113 -2.884539 .9160632 .9502593 2.012488 1.430927 .2406189 .4546972 .6870373 -1.485057 -1.0926 -.5127012 .1587093 .823849 1.635848 .5127436 -.1394762 -.6460556 -.9898365 -1.552191 -2.280425 -3.14102 -4.045114 -4.982912 -5.944003
4.478699 2.04479 -1.220056 -1.28332 -1.07461 -.589013 -.4200278 -.6616154 -.8522037 -.8547959 -1.036286 -.6403231 .4137993 .1356123 -.8571169 -1.398225 -1.473583 -1.25609 -.7032408 .1442994 -.7834679 -1.63799 -2.710876 -1.348867 -.9548997 -2.045261 -6.245887 -8.553767 -9.552651 -10.1323 -11.06206 -11.38503 -12.74023 -13.05784 -13.57826 -13.83211 -12.36684 -6.118711 -2.129863 2.578815 6.65916 3.814318 .2566996 -.606612 .5095468 .04525668 .6870438 .3976812 .4442955 .7390308 1.46732 .8711545 .4957668 .1008162 -.4143965 -1.173454 -2.18513 -3.279118 -4.494699 -5.775069 -7.045361
4.657049 4.727959 2.68028 -.7136567 -2.014582 -.5654301 -.0830316 -.7632809 -1.170638 -1.19245 -1.113724 -1.257759 .01805883 -.3813693 -.7791272 -1.634341 -1.933018 -1.996492 -1.802175 -1.729478 -1.338275 -2.384715 -2.971468 -2.841129 -2.271258 -2.761215 -5.359097 -7.252789 -8.513636 -9.722034 -11.22951 -11.59249 -8.921174 -7.727282 -7.773454 -10.00488 -13.58731 -10.42554 -4.0239 3.465318 6.195147 3.705966 -.3610517 -1.717885 -1.459279 1.531738 1.796997 .7508175 .1812463 .3173483 .6951833 2.075123 1.861421 1.451304 .608657 -.5689493 -1.948747 -3.415683 -5.050499 -6.780412 -8.705241
4.720025 5.394036 5.945095 3.845843 .01345684 -1.277794 -.9609263 -.9975883 -1.075278 -1.160635 -.7478781 -.8089196 -1.080942 -.8757839 -.6221888 -1.044575 -2.499496 -2.9259 -3.590798 -3.556941 -2.806524 -2.097873 -3.218004 -3.593511 -2.7881 -2.744779 -4.654977 -6.290563 -7.589736 -8.671838 -9.767877 -9.514389 -6.742381 -6.24232 -7.119302 -8.136348 -9.629341 -9.988155 -7.079392 -.6748724 -.03421226 -.8999075 -1.531418 -1.846757 .6367566 2.437799 2.007691 .1430565 -.9541228 -.4512513 .3987428 1.600945 3.304672 4.033548 2.386657 .3675925 -1.588334 -3.503636 -5.620812 -8.28489 -11.33599
4.520488 4.851591 4.965782 5.3001 3.355874 .2209645 -.7520691 -.9100321 -.9890244 -.8425443 -.5354178 -.4963041 -.7765496 -.4527629 -.1425566 -.4177777 -1.916849 -3.567818 -4.550267 -6.637483 -5.773796 -4.82223 -4.059917 -3.548587 -1.677843 -1.766671 -3.650772 -5.442043 -6.418854 -7.233246 -7.296531 -6.153637 -5.749281 -5.791533 -6.482022 -7.261995 -7.724579 -7.159597 -6.731368 -9.031588 -6.818915 -4.256543 -2.873873 .5999923 4.154314 2.407134 .9320605 -1.395091 -2.385861 -.7274949 .7052495 1.074291 3.193517 5.600934 5.198345 1.303644 -1.235497 -3.442834 -6.14551 -9.939421 -11.93279
4.543085 4.926926 5.086674 5.312745 4.437259 1.973782 .4656241 -.38901 -.8715963 -.543398 -.1637058 -.1071092 -.1844959 .259327 .7834079 .5777586 -.7995381 -3.787804 -5.751504 -8.201901 -10.29364 -7.665657 -5.730607 -3.567072 -1.051935 .1030788 -1.798936 -4.102425 -4.586613 -4.793736 -4.776381 -4.494298 -4.438692 -4.689464 -5.437726 -5.951742 -6.306674 -6.280098 -6.558645 -10.30794 -11.1145 -7.227799 -3.107697 2.919663 3.887962 .3284533 -1.604684 -.6697029 -.9791412 -.2933417 1.935064 2.701057 5.759861 6.791494 4.93156 1.755733 -.9583598 -3.18116 -5.972826 -8.176322 -10.11555
4.5733 5.005027 5.386811 5.566181 5.209502 2.644811 -.5366651 -1.774964 -1.236264 .003371687 .8454288 .671405 .2825135 .8183435 2.108281 2.187296 .516983 -2.185323 -5.600134 -8.689572 -11.505 -11.84526 -8.043402 -7.724115 -4.240339 .2504645 .2036676 -2.034804 -2.055959 -2.456998 -3.105121 -2.997857 -2.885662 -3.060299 -3.357386 -3.071464 -4.736278 -7.189161 -6.722754 -7.850644 -9.680838 -8.139635 -3.668124 -2.093926 -.9082205 -1.857587 -1.312682 1.375194 1.347906 .6087096 2.563719 6.031509 7.961809 4.053485 1.390869 1.195915 -.812893 -2.505933 -4.616704 -4.34058 -5.379359
4.634924 5.04444 5.431429 5.5721 5.309638 3.689562 1.894936 -1.251327 -1.247705 1.460662 2.35495 1.708082 .2891005 .6351389 2.474388 4.258281 3.160592 -.8495811 -3.542137 -6.143927 -9.978609 -11.2865 -9.687948 -9.629694 -10.6093 -4.848495 -.5861094 .6747665 -.3449681 -1.489475 -1.12727 -1.033439 -1.248137 -1.231389 -1.219374 -2.280246 -3.54404 -5.150348 -6.629311 -5.935802 -5.477809 -4.356611 -3.320018 -5.405215 -7.423553 -3.735311 -.5602499 2.042218 2.936571 2.866877 3.281932 6.321465 5.013835 -.9507376 -2.074929 -1.225871 -.636468 -1.907008 -.9370818 -.1521008 .3802614
4.441175 4.816769 4.605017 3.919111 3.720722 3.637931 2.871321 1.834768 .5052265 4.088912 4.392284 2.078039 -.09400962 -1.048995 .4448715 4.682445 4.052989 2.160413 -1.684637 -3.477877 -6.183015 -9.989607 -12.32585 -11.15418 -10.25341 -10.03723 -1.954472 .404197 -.6310872 .1105343 .7037463 .4835665 .3368337 .2410557 .3850827 -.9825807 -2.382738 -3.479231 -5.295628 -4.69416 -3.833601 -2.815032 -2.703689 -3.546984 -4.984596 -3.16621 -.7418007 .3453812 2.897482 3.068182 .8915085 1.199198 -.853577 -2.920039 -4.713669 -4.343412 -2.788467 .02763736 1.149175 4.103875 5.950161
4.055813 4.229953 3.855194 3.230912 3.355344 3.540941 4.002881 5.238767 3.627579 6.145508 3.575681 2.151299 2.650061 -1.393797 -1.088355 -.9428062 .2914515 4.278649 4.158111 .2276745 -3.772459 -7.653584 -11.07715 -10.7526 -9.846763 -8.777274 -8.125014 -3.41883 .1478366 2.174473 1.901002 1.764891 1.583809 1.305156 1.259733 .3142657 -1.301862 -2.068622 -2.747972 -3.464501 -2.867499 -1.979496 -1.412201 -1.925033 -3.343717 -2.624595 -1.073215 1.00956 2.267495 1.859919 -1.00886 -6.642488 -6.116168 -5.24883 -5.494573 -5.666144 -2.161853 1.314069 4.395525 6.807343 8.604819
3.531987 3.240937 3.373967 3.35955 3.507688 3.942763 4.670686 6.48455 6.038005 3.810372 1.746651 3.267223 5.363378 5.295336 1.451133 -2.238637 -.579656 1.19218 2.711978 2.697351 1.541259 -2.709283 -8.187845 -10.26499 -8.983354 -7.868127 -6.274477 -3.867244 -.4696873 .969426 1.524297 1.579757 1.77388 2.092956 1.256038 .6249754 -.5217037 -.9212209 -.9915543 -1.013152 -1.411953 -1.209949 -.2726689 -.5947645 -2.02412 -1.518703 -.6089845 .5366132 1.40642 .8688588 -1.814512 -5.313869 -8.705853 -6.108721 -2.735894 1.47081 2.728742 3.398613 3.768416 3.798704 3.049191
2.858189 2.97831 3.191197 3.397507 3.769083 4.206311 4.91198 5.673845 5.521168 4.450171 3.559195 3.78667 4.914449 5.492734 3.496504 .7889273 .6389838 .9666604 1.450374 1.989768 2.434422 .8353705 -1.178295 -6.483224 -8.794122 -7.191764 -5.689067 -3.694203 -1.784444 -.3795915 .4720064 1.222446 2.023149 2.712265 2.137569 .3819039 -.4195925 -.4515846 .4926025 1.774898 1.933818 1.579748 1.016358 .5778092 1.118782 .3580926 1.460536 1.264634 .9414943 -.06715696 -1.247897 -2.262834 -2.780413 -1.587894 1.456537 3.944377 4.756023 4.076171 1.917034 -.5800136 -2.726019
2.449531 2.881613 3.224612 3.485783 3.830733 4.348835 4.986681 5.752263 6.114249 5.240664 3.861648 3.852096 4.397726 4.749526 3.48079 1.124825 .6729339 .9780455 1.889285 2.766429 1.896725 2.68069 4.124226 1.488516 -3.618419 -7.872491 -5.905178 -3.782168 -1.967366 -.4744899 .3296792 1.188032 3.1278 5.647306 4.431171 .2267912 -2.402311 -1.1159 .835208 4.626621 4.942442 3.032069 1.30064 1.81597 3.082826 3.699249 2.787492 1.818753 .772016 -.4126377 -.2413127 .2953469 1.404505 3.118952 5.07764 7.25858 6.28066 2.814163 .1324245 -3.33065 -7.098678
2.345225 2.678537 3.131992 3.445719 3.810239 4.283381 4.883305 5.45373 5.643406 4.988327 4.308824 3.946475 3.813579 3.445931 2.776525 2.80608 2.112863 1.103373 1.882845 2.438412 2.333149 2.836612 4.127408 5.493648 4.759845 -1.088336 -6.5566 -4.494472 -1.908893 -.2138235 -.0717344 1.023418 5.010911 8.123345 3.353518 1.79516 -1.753602 -2.46192 1.137744 6.692557 6.790603 4.020959 2.875272 3.018564 4.084361 4.679031 4.253197 3.568032 2.44796 .4311435 -.3061471 1.839395 4.923917 6.288066 5.541809 3.436684 .4839128 -.8904021 -2.53275 -3.820089 -5.81771
2.307415 2.772145 2.999331 3.390936 3.728881 4.141102 4.631869 5.033213 5.14453 4.955149 4.341411 3.629297 2.994925 2.654421 2.743118 2.93635 2.778935 2.279131 2.358188 2.586713 2.844011 3.232569 4.06304 5.11159 5.349307 5.133926 1.694727 -2.365054 -1.976269 -1.960996 -1.46874 3.313182 7.489002 4.87297 1.185004 2.294158 .09969771 -2.248953 2.685909 8.875014 10.42268 9.075047 6.43751 4.853135 4.976276 4.129389 4.376908 5.068632 2.489125 .3204555 -.3474791 .8392769 3.023071 3.22457 2.104499 .06670611 -2.027068 -2.935315 -2.53747 -2.34307 -3.423315
2.23782 2.682323 2.955943 3.36719 3.687339 4.011698 4.355528 4.651964 4.796218 4.770308 4.163736 2.949094 2.445993 2.687575 2.792844 2.91942 2.922285 2.75703 2.65976 2.692055 2.881889 3.357613 4.226776 5.017668 5.477783 5.469826 4.709787 2.742311 -.6447923 -3.317877 -1.960184 3.846177 7.758011 3.158427 1.125084 2.78875 1.486331 -.3955388 3.572239 13.14984 11.95822 12.3681 11.16672 8.34464 5.495029 3.3743 2.571996 2.667103 1.004273 .121757 -.2419031 .3318776 .7891654 .2599323 -.01309957 -1.333763 -1.206785 -1.956701 -2.233108 -1.963075 -1.731233
2.132044 2.545139 3.051687 3.483644 3.703145 3.901334 4.069545 4.209837 4.393679 4.445328 3.817557 3.648518 3.001706 2.799704 2.954695 3.00095 3.069428 3.051565 2.776645 2.614434 2.71414 3.084296 3.23915 3.179825 4.118164 5.3434 6.3522 4.762027 .4826249 -.05715975 2.949035 1.979177 .5680903 2.050101 3.161776 3.429594 3.65325 3.72817 8.350086 15.10868 10.79797 10.37593 9.816703 9.578195 7.307193 5.552253 3.953425 1.931809 .6607514 1.49123 1.91055 1.64933 .142231 -.606256 -.4596449 -.241026 -.7909863 -.8405898 -.8743891 -1.746366 -1.938324
1.80492 2.458736 3.183386 3.615707 3.726607 3.725057 3.832419 3.876359 3.899449 3.901309 3.538337 3.542476 3.305859 3.184112 3.124388 3.144916 3.171633 3.171806 2.706994 2.481947 2.569734 2.707477 2.678911 2.781539 3.389653 4.132106 4.457333 4.659828 4.281795 2.666323 6.024887 .4631096 -3.679407 3.952148 5.974578 4.596596 3.35376 5.709897 14.71749 11.63377 7.112535 6.195356 8.035139 6.932536 8.161174 9.812836 7.285882 2.562781 1.72603 4.496529 4.804285 4.463284 1.256866 1.117938 .4522794 .3149861 .02321678 .006481875 -.421407 -1.617683 -2.420472
1.724199 1.930805 2.829637 3.644759 3.603928 3.522034 3.476081 3.480129 3.397633 3.462664 3.586023 3.53268 3.36787 3.30592 3.298281 3.159887 3.117175 3.023926 2.753112 3.053414 3.143768 2.990605 2.639693 2.759134 3.214887 3.612777 3.736743 3.83491 6.193641 10.77657 7.000106 1.567981 -6.013934 -3.214046 3.64801 5.974877 7.524017 7.992406 9.735538 4.66867 4.466012 5.866515 6.825509 7.583715 9.170647 10.2497 8.254223 5.203771 4.568049 6.13576 7.101497 5.698041 4.155591 2.720016 2.38363 1.784066 1.476002 .7741253 -.3562159 -2.463775 -4.351197
2.005595 2.219898 2.589033 3.098669 3.175814 3.203415 3.129646 3.075204 2.9966 3.203409 3.690501 3.591695 3.439728 3.306865 3.23336 3.194278 2.63893 2.946971 3.041628 3.188798 3.250666 3.213723 3.046636 3.137871 3.326475 3.664678 3.873978 3.964129 7.421911 11.0726 7.285729 2.602415 -3.515693 -5.84113 .7100348 7.269762 10.29418 11.42997 3.491231 -2.99734 1.799669 6.386748 7.543177 8.824847 9.568456 9.417447 8.952222 8.793462 9.181502 8.448215 8.593193 8.15869 6.125428 4.904616 3.948691 3.378618 1.94677 .309821 -1.014282 -3.758651 -6.79811
2.310561 2.668564 2.708571 2.515676 2.645314 2.809036 2.807489 2.824214 2.736221 3.122839 3.57759 3.583902 3.435749 3.359129 3.127002 2.954153 2.410792 2.628586 3.026051 3.242233 3.361448 3.469819 3.42497 3.424869 3.593718 3.900736 4.389551 5.082749 6.942189 7.868425 3.143529 3.660522 1.300083 -3.992249 -.7746581 5.848683 9.921954 12.30625 6.713748 -3.573126 -2.793376 4.470588 6.509586 9.450169 9.420768 9.606393 10.15709 10.7651 11.54333 11.53423 10.84189 9.152048 7.032308 5.73854 4.901952 3.861747 1.636657 -.714292 -3.279664 -5.841573 -8.122068
2.234731 2.700956 2.498443 2.267962 2.405731 2.543404 2.570866 2.614792 2.576835 3.30156 3.353126 3.426559 3.34641 3.204285 2.995503 2.938469 2.843497 2.850788 3.107172 3.366251 3.52788 3.653223 3.74672 3.730377 3.684962 3.833964 4.600942 5.945816 5.948512 2.791767 1.032902 3.758977 5.148295 2.539876 .5407363 4.277413 7.321182 8.705014 7.711126 2.6633 2.124722 3.100687 5.809381 8.57169 8.884598 10.34138 11.21512 12.16937 12.83423 13.12939 13.40736 11.15084 7.903035 5.454863 4.042401 3.320896 .7435041 -2.927946 -6.622498 -7.567863 -8.772571
2.254032 2.348046 2.29145 2.117099 2.157889 2.30495 2.498873 2.485583 2.533812 3.239131 3.141309 3.149506 3.099364 2.975497 2.810154 2.793821 2.922817 3.054675 3.255749 3.471978 3.549462 3.667178 3.91075 3.964792 3.867577 3.66246 4.246714 5.701199 5.309718 1.978317 2.129786 3.897557 5.009793 7.789604 4.534915 3.1569 6.392002 7.686364 7.576262 6.467339 3.75556 3.095545 6.686519 7.899222 8.970316 10.70374 11.79066 13.32267 14.00117 14.72256 14.21032 12.20375 8.696322 4.557419 1.872576 1.350128 -.7554398 -5.786743 -9.596863 -9.580374 -7.801681
2.387045 2.102505 2.062124 2.019568 2.098168 2.186009 2.360188 2.494891 2.648001 2.623184 2.676754 2.857916 2.883571 2.772984 2.804216 2.806094 2.983685 3.158856 3.316261 3.48074 3.520268 3.586372 3.599706 3.62876 4.379151 5.01564 4.525877 5.465982 5.181967 4.458972 3.732547 3.863333 4.548309 5.759908 6.510676 6.816847 6.598368 7.017743 6.547716 4.648711 4.570619 5.834929 7.074794 8.994559 9.838943 11.06607 12.54602 14.22131 15.07532 15.01205 14.32861 12.52286 8.987055 4.122654 -.964174 -2.179104 -3.529079 -6.765885 -10.08098 -10.31197 -6.862103
