py_wake/examples/data/AJ_ParqueFicticio/Rough survey   Sector 5   Height 30m   Orographic speed.grd
DSAA
73  159
 258469   265669
 6501692   6517492
 .2180282   2.038777
[rows 0 to 27 of 159, columns 0 to 62 of 73]
.8975135 .9088849 .9138309 .9174414 .9188906 .9204023 .9230304 .9249876 .9265481 .9270028 .9254385 .9211143 .9171644 .912724 .9073787 .9036958 .9010758 .899881 .898185 .8983433 .9077725 .9835941 1.044375 1.083831 .9751251 .7457713 .7290093 .8365868 .8779169 .8532677 .8200784 .8185647 .8206325 .8504162 .8660384 .908166 .996294 1.079319 1.053823 1.048382 1.052325 1.065346 1.078429 1.071483 1.053713 1.06238 1.055872 1.052707 1.050614 1.046849 1.043983 1.037396 1.034328 1.033046 1.025963 1.01994 1.014164 1.005777 .9994189 .9900264 .9789991 .9686553 .9590606
.8964633 .9046956 .9113323 .9166498 .9197953 .9217018 .9235597 .9252717 .9268816 .9289871 .9298974 .9249002 .9199742 .9148942 .9080545 .9019273 .8979653 .8955525 .8863354 .8799505 .8923329 .9457539 1.058732 1.118086 1.085086 .8921596 .6786139 .7748905 .8447716 .8388163 .8288798 .8157563 .8121677 .824941 .8297504 .8790123 .969871 1.099109 1.070033 1.058853 1.060011 1.071638 1.096373 1.095058 1.039071 1.041715 1.051658 1.057647 1.056553 1.052552 1.054548 1.046652 1.044636 1.040865 1.033137 1.028145 1.020334 1.012104 .9990976 .9875399 .9747761 .9614958 .9490113
.9225048 .8817316 .901413 .9135126 .9191532 .9223131 .9242535 .9251165 .9256186 .9275264 .9437353 .9381238 .926569 .9205381 .9095331 .8996023 .8936602 .8881788 .8770062 .8568921 .8720018 .9016945 1.041878 1.145783 1.144364 .9264755 .7591139 .7698459 .8072078 .8118486 .8180293 .806208 .8051448 .8023567 .7839746 .8357018 .9251282 1.109309 1.097653 1.076285 1.067183 1.072937 1.088708 1.131989 1.067457 1.03002 1.030688 1.04496 1.058535 1.06236 1.067032 1.070671 1.053083 1.044078 1.039203 1.03491 1.026887 1.015879 1.001892 .9865149 .9693396 .9534687 .9382596
1.023485 .9281375 .8895237 .909461 .9175512 .922688 .9253477 .9249867 .9234968 .9237991 .9271051 .946746 .9473409 .9377521 .9145265 .8958606 .8862913 .8785228 .8658962 .8423072 .8485675 .8703874 .9853871 1.07734 1.143767 .9872279 .8206193 .7737095 .7864842 .7961979 .8085923 .8065811 .7976582 .7718087 .737916 .7444673 .8317477 1.025524 1.148748 1.105378 1.101709 1.103157 1.10281 1.12732 1.131277 1.050219 1.032136 1.040278 1.05329 1.058372 1.078706 1.075305 1.059941 1.054691 1.052999 1.046463 1.037035 1.022819 1.005684 .985103 .9636254 .9455373 .9292494
1.097468 .9939237 .8919618 .9023369 .9104956 .9215389 .9282186 .9267194 .9227554 .9214359 .9185731 .9207013 .9512406 .955963 .9227429 .8925624 .8790756 .8682304 .8558446 .8305654 .8443626 .8621016 .9219977 1.017004 1.09856 1.016718 .8762705 .8215979 .8046156 .8025398 .7922163 .8068936 .7764797 .7413663 .7086539 .6616721 .6974627 .8965142 1.04071 1.078352 1.134898 1.178374 1.126603 1.10979 1.143097 1.08013 1.062424 1.052191 1.04901 1.056976 1.081371 1.08677 1.080559 1.076898 1.072271 1.063713 1.050317 1.03232 1.009628 .9846233 .9594967 .9326041 .9098741
1.094117 1.057592 .9916738 .9190319 .8863483 .9142199 .9368061 .9310541 .9187831 .9161191 .9187929 .907003 .9355536 .9476455 .9289908 .8917149 .8717983 .85338 .8258916 .8336103 .8668528 .884167 .9206184 .9829863 1.0692 1.02097 .9193163 .8628253 .8337426 .8161095 .7973225 .802519 .8149189 .7859086 .762655 .7066595 .6488219 .747399 .8982852 .9606215 1.061694 1.223688 1.154798 1.10603 1.095083 1.113555 1.09399 1.068907 1.050981 1.04769 1.067507 1.109366 1.109456 1.106752 1.099943 1.087293 1.069509 1.046819 1.01892 .9886422 .9538845 .9186006 .8753935
1.082962 1.090525 1.099148 1.044647 .9310907 .888979 .9350308 .9386362 .9298581 .925817 .9302566 .9153387 .908707 .9293683 .9374186 .9146177 .8679415 .8421813 .8094279 .7875344 .838553 .9029722 .9450296 .9792734 1.057267 1.023732 .9575232 .8981233 .8544466 .8267156 .8051759 .7987544 .8260576 .8089174 .7762933 .7406026 .7135392 .7141233 .7399194 .814541 .9823273 1.170183 1.165098 1.10055 1.094744 1.107508 1.108235 1.08053 1.038246 1.03144 1.052073 1.082232 1.124575 1.161782 1.148512 1.123204 1.096332 1.068003 1.035795 .9940442 .9481338 .8879842 .8325161
1.075639 1.080605 1.085277 1.089513 1.004111 .9194041 .9255264 .9406867 .936734 .9347579 .9319065 .92439 .922543 .9394311 .9511357 .9391524 .891708 .8400878 .8030309 .7387639 .7921573 .8677044 .9606927 .9945587 1.067391 1.042919 .9930489 .9220485 .878744 .8446558 .824648 .8376858 .8344538 .8170542 .7885671 .7549912 .7360461 .7411205 .733269 .6817663 .9076861 1.116284 1.12733 1.105108 1.093069 1.09479 1.114345 1.080637 1.016598 1.008665 1.048781 1.058381 1.084613 1.156066 1.230374 1.172442 1.130121 1.098627 1.063803 1.022061 .9286498 .8699794 .8135033
1.076312 1.08298 1.089852 1.094553 1.062029 .9833335 .9621667 .9540033 .9415287 .9374578 .937075 .9359163 .9387864 .9516221 .9691904 .967223 .9324546 .852589 .7958155 .7360165 .7084008 .7938802 .8988277 .9545953 1.052231 1.089146 1.048783 .9623844 .9174571 .8846362 .8613166 .8577794 .8508635 .8368561 .8113078 .7826648 .76259 .7595078 .7683448 .7145665 .8160717 .9945791 1.035408 1.031323 1.08141 1.127625 1.084749 1.100324 1.016893 .9615319 1.038924 1.048669 1.047768 1.145831 1.239693 1.226015 1.166551 1.136946 1.118895 1.066501 .9329445 .8342587 .7976874
1.077851 1.084771 1.093902 1.102029 1.09508 1.037214 .9811551 .9527971 .9347202 .9386595 .9488 .953238 .9498277 .9583619 .9893733 1.003628 .9750179 .9066826 .8214911 .7491987 .6898651 .7003562 .8110245 .8276324 .9396828 1.095365 1.103733 1.020064 .9741964 .9262229 .8894232 .882071 .8749908 .8621699 .8451348 .8295279 .8034091 .7652249 .7932609 .7981007 .8096939 .888056 .9293631 .8617249 1.026008 1.097386 1.055369 1.091411 1.034332 .9232224 .9847963 1.025314 1.020334 1.087906 1.213055 1.262754 1.202186 1.186061 1.180045 1.139589 .9967732 .8151848 .7699065
1.07862 1.085434 1.090143 1.097893 1.109098 1.067448 1.053903 .993874 .9293407 .9445615 .9682765 .9785067 .9536104 .9421715 .9774149 1.062427 1.062334 .9570048 .8789065 .8169079 .7315952 .7006446 .7615057 .7871804 .7750002 .9474761 1.096045 1.096612 1.024894 .9453878 .9195451 .9139044 .9061314 .8964642 .8796635 .8501859 .8352653 .8094625 .7974834 .8433357 .8716567 .9033992 .9107435 .8551237 .9010819 1.004583 .983484 1.034686 1.03787 .9331115 .9278573 .9460227 1.008238 1.091719 1.183133 1.233583 1.238191 1.229514 1.246354 1.211205 1.085542 .8689722 .7766123
1.072744 1.080989 1.075834 1.062578 1.080352 1.080552 1.084931 1.034162 .9093435 .9600572 .9978656 1.025789 .9702591 .9028357 .9168543 1.066656 1.138513 1.062467 .9208171 .8601158 .7935802 .7267465 .7158207 .7481722 .768364 .7819747 1.00133 1.063913 1.018108 .9619685 .9438304 .9305172 .9295871 .9284399 .9154748 .8744786 .8592879 .8435885 .8205869 .8508437 .8865264 .9106842 .9182835 .9131066 .9119306 .9389793 .9404693 .9555592 .9940771 .9489061 .8683391 .8747981 1.017375 1.122271 1.135007 1.149574 1.205692 1.274482 1.266897 1.258123 1.182741 .9999123 .8334119
1.061591 1.069114 1.068957 1.057813 1.069773 1.083211 1.095917 1.101093 .9231308 .9671463 1.017173 1.070956 1.05977 .8923234 .8750347 .8925272 1.041351 1.115082 1.098227 .9594924 .8474889 .7806929 .7522886 .7553631 .7684219 .7936392 .8211669 .9565945 1.002607 .9758307 .9529305 .939117 .9389699 .9355905 .9270412 .9019182 .8794663 .8694634 .8615467 .8573707 .8849422 .9120287 .9301266 .9447895 .9272979 .9169351 .9261014 .9467155 .9719207 .9460879 .8812519 .7993199 .9306663 1.074492 1.121043 1.09228 1.136126 1.190336 1.21904 1.198075 1.156207 1.02304 .8968611
1.047488 1.051013 1.062782 1.065019 1.071964 1.084003 1.091892 1.103872 .9708458 .9528335 1.01218 1.071921 1.101223 1.046006 .9267173 .8983632 .9743201 1.028142 1.082205 1.060982 1.02749 .942906 .8275775 .7590801 .775439 .7970636 .8361458 .886606 .9296055 .9357338 .9323155 .9264132 .9294468 .9340424 .9246402 .9137182 .8941739 .8867521 .8850273 .8876935 .8926076 .9063488 .9288564 .9632919 .9395972 .9291321 .9292876 .9300525 .9502985 .9426826 .9068726 .8637311 .8763019 1.02755 1.114728 1.109698 1.109542 1.136135 1.141088 1.114381 1.06141 .9811305 .8999372
1.036976 1.048068 1.058227 1.066686 1.075293 1.081525 1.084532 1.081234 1.025672 .9880214 1.037141 1.068423 1.085752 1.078879 1.033514 .9965828 1.003536 1.030581 1.064496 1.060562 1.07218 1.063208 1.020084 .8458598 .7689732 .7979443 .8231205 .8564731 .8844411 .900436 .9077349 .9127778 .9296311 .9433867 .943365 .920633 .9017309 .887755 .894386 .9177495 .933311 .9430279 .9438894 .970991 .9843089 .9404586 .9435008 .9332033 .9416375 .9469987 .934784 .9310381 .9548107 1.013858 1.080718 1.110897 1.135502 1.15875 1.144763 1.092687 1.028409 .9390868 .8542506
1.030672 1.044473 1.055686 1.064423 1.073025 1.077551 1.077426 1.075561 1.060223 1.029917 1.037832 1.057206 1.072561 1.080886 1.067306 1.020778 1.000448 1.027926 1.069884 1.075316 1.069089 1.103846 1.143344 1.043906 .8804798 .7712372 .8018284 .8331682 .8597611 .8856642 .8961319 .8999255 .9187319 .9676481 1.023764 .9657658 .8681656 .8647175 .8804964 .9419038 .9935355 .9791101 .9602781 .989324 .9980224 .9718482 .9492648 .9427641 .9609147 .9647789 .9624398 .9621783 .9887242 1.033524 1.072829 1.110031 1.167613 1.203127 1.205956 1.121905 1.040245 .9496988 .748974
1.027291 1.037931 1.049136 1.058322 1.066971 1.072364 1.072777 1.069163 1.059201 1.042672 1.040127 1.047229 1.057803 1.058651 1.065914 1.057903 1.036314 1.031332 1.059716 1.065442 1.069088 1.09607 1.126385 1.155959 1.124456 .9342088 .7712915 .7964261 .8403654 .8723409 .8847517 .8735653 .9059538 .9945066 1.089365 1.078641 .8999039 .8155097 .8337494 .9092891 1.0174 1.007525 .9899674 .9965495 1.003619 .9819807 .9515521 .9599618 .9896165 .9937629 .9656528 .9559112 .9930674 1.036447 1.079253 1.116697 1.182197 1.229413 1.238962 1.192739 1.12391 1.030938 .784493
1.025876 1.036154 1.045462 1.055279 1.062077 1.067248 1.067998 1.065249 1.058449 1.05501 1.050338 1.03995 1.03701 1.053953 1.063173 1.064982 1.055025 1.05033 1.05954 1.066819 1.072999 1.091308 1.114434 1.144598 1.159953 1.14147 .9676387 .8095645 .8112664 .8556046 .8707563 .8668329 .8928773 .9721 1.10336 1.144636 .9923242 .8092571 .8092999 .8838055 1.064688 1.127944 1.043121 1.021613 1.010748 .9749755 .9293247 .985202 1.048261 1.044524 .9758025 .9293393 .9737368 1.056306 1.116921 1.156727 1.202613 1.225915 1.246888 1.241177 1.188215 1.114707 .9124708
1.022966 1.032799 1.042063 1.052875 1.05847 1.062979 1.064578 1.061389 1.058495 1.059563 1.06032 1.039863 1.026859 1.049021 1.060712 1.065905 1.06356 1.062709 1.064794 1.066751 1.068643 1.079845 1.101663 1.137253 1.16068 1.146649 1.091353 .9871314 .8925862 .8844775 .8507165 .8359585 .9506265 1.049656 1.11537 1.164865 1.088321 .8696297 .7731062 .8758148 1.117474 1.250477 1.220966 1.165513 1.098957 1.043715 .9502622 1.008522 1.098773 1.090963 .9973563 .9383589 .9554001 1.027527 1.115995 1.179798 1.228818 1.254371 1.248747 1.23749 1.237145 1.174046 1.006803
1.019939 1.029074 1.041313 1.050757 1.053564 1.057057 1.057811 1.056829 1.056067 1.058907 1.060742 1.05567 1.040287 1.04691 1.05911 1.067151 1.071132 1.073645 1.070505 1.067485 1.06361 1.067082 1.069517 1.096428 1.121712 1.134619 1.140825 1.082689 .9862951 .9576771 .8867899 .7896418 .8886924 1.099975 1.143884 1.183675 1.147376 .9368548 .7570304 .8616192 1.090154 1.260737 1.286997 1.288259 1.242537 1.167624 1.040604 1.047628 1.135732 1.135721 1.042352 .9818404 .9670647 1.016657 1.097549 1.176608 1.225473 1.273048 1.266524 1.241718 1.221767 1.199466 1.076747
1.014972 1.023793 1.034231 1.041205 1.045638 1.046827 1.050072 1.051256 1.051476 1.055663 1.059624 1.061073 1.052467 1.054176 1.06105 1.06878 1.074911 1.078587 1.074463 1.064621 1.060905 1.058799 1.067105 1.079828 1.097687 1.104001 1.097679 1.091764 1.093971 .9731678 .9242166 .8393202 .775571 1.077121 1.175113 1.218366 1.129487 .9335109 .7953387 .8631279 1.066771 1.203317 1.26621 1.269583 1.276476 1.27892 1.180412 1.115841 1.146852 1.173125 1.081046 1.063394 1.022798 1.037096 1.111576 1.183393 1.244546 1.289442 1.29168 1.258533 1.219846 1.169039 1.106027
1.01221 1.016011 1.019621 1.032604 1.037604 1.039181 1.040049 1.041571 1.042787 1.050795 1.060959 1.06441 1.061216 1.061185 1.063899 1.066544 1.073697 1.08107 1.075259 1.072645 1.06926 1.065791 1.066851 1.076499 1.087997 1.092424 1.083978 1.071437 1.091167 1.031758 1.000851 .958432 .7542418 .8552359 1.08467 1.212222 1.178764 .9474091 .7578124 .8507143 1.049979 1.178863 1.23591 1.256649 1.276729 1.291397 1.247718 1.184542 1.16785 1.159173 1.127348 1.103639 1.095007 1.070606 1.139644 1.209625 1.261209 1.310308 1.315856 1.271766 1.196156 1.124315 1.066668
1.011144 1.014471 1.015257 1.020019 1.027066 1.030017 1.030552 1.031846 1.033419 1.044042 1.059593 1.063725 1.064809 1.065711 1.065203 1.066178 1.059526 1.077893 1.080695 1.079438 1.07455 1.072945 1.075155 1.08112 1.086442 1.087238 1.077832 1.060973 1.059174 1.067404 1.091553 1.071856 .8582273 .7703416 .9342284 1.193125 1.2004 1.01186 .7645786 .7201848 .9486313 1.14539 1.239058 1.247582 1.26129 1.274591 1.26856 1.254684 1.235904 1.174883 1.150804 1.147906 1.152274 1.121025 1.161388 1.246133 1.293458 1.321458 1.346446 1.309622 1.176416 1.064542 1.004197
1.01475 1.020909 1.012703 1.008655 1.014919 1.02054 1.022816 1.024816 1.026722 1.038062 1.053759 1.059633 1.06188 1.066234 1.066457 1.066956 1.058156 1.063957 1.074898 1.080225 1.081339 1.081672 1.082925 1.087051 1.088341 1.081665 1.069859 1.056723 1.013193 1.030801 1.082879 1.109245 .9973302 .8061298 .8324183 1.093168 1.179854 1.121328 .9388115 .7206979 .788956 1.037657 1.153666 1.212272 1.222328 1.266563 1.281833 1.285662 1.272056 1.231772 1.200171 1.185726 1.190739 1.160704 1.175159 1.28026 1.343854 1.340949 1.362578 1.335528 1.19402 1.025873 .9591227
1.011553 1.017453 1.016489 1.010991 1.013039 1.016399 1.017859 1.020678 1.022814 1.038311 1.047283 1.054315 1.057856 1.059766 1.061698 1.069219 1.065724 1.064126 1.072049 1.079146 1.083677 1.086249 1.088623 1.092498 1.088319 1.073631 1.057016 1.047309 1.006802 .9535607 1.019834 1.083295 1.092234 .9506968 .8048628 1.003868 1.108909 1.097501 1.036008 .8917137 .8189397 .9413266 1.075526 1.148096 1.176755 1.244709 1.274659 1.298399 1.297057 1.262562 1.252751 1.243774 1.24863 1.193922 1.164844 1.299254 1.405757 1.38213 1.362271 1.351033 1.186968 1.025325 .9218452
1.012568 1.008492 1.011642 1.012566 1.013826 1.016175 1.019389 1.018717 1.020191 1.033205 1.041341 1.04728 1.051268 1.055058 1.058941 1.065337 1.068374 1.069687 1.073063 1.078182 1.082569 1.086151 1.090314 1.093243 1.087039 1.06215 1.036692 1.04048 1.039261 .9693191 1.003969 1.063216 1.071856 1.067486 .842906 .9455582 1.060057 1.086222 1.059197 .9681726 .8603534 .9209793 1.083634 1.128449 1.165157 1.212356 1.24201 1.285772 1.311261 1.300003 1.287608 1.305237 1.329028 1.249805 1.143302 1.295427 1.485273 1.445584 1.344482 1.295731 1.172686 1.042378 .9417428
1.014216 1.004242 1.00606 1.009552 1.014347 1.017666 1.020652 1.022982 1.0238 1.022649 1.030509 1.03991 1.047069 1.051812 1.060355 1.062175 1.067234 1.071959 1.073978 1.075692 1.075665 1.079976 1.084892 1.078581 1.092005 1.083734 1.03563 1.041896 1.065295 1.026117 1.03056 1.050873 1.053641 1.023537 .9295723 .9909338 1.036196 1.057166 1.062873 .9446433 .8873504 .9334117 1.069418 1.145101 1.184413 1.18772 1.209923 1.266061 1.311041 1.314926 1.313114 1.350259 1.425151 1.361674 1.148772 1.23865 1.516893 1.535299 1.37468 1.226711 1.11465 1.030803 .9560924
1.013259 1.011545 1.008483 1.010406 1.01522 1.018723 1.022363 1.024123 1.019949 1.020195 1.025692 1.03496 1.043386 1.051252 1.057446 1.062637 1.066816 1.072661 1.074508 1.073384 1.069043 1.063655 1.075044 1.082354 1.089978 1.087516 1.071641 1.048704 1.06397 1.055223 1.044965 1.054599 1.047878 .9994654 .9622802 1.014919 1.024917 1.029506 1.050021 .9733501 .9032325 .9129723 .9916397 1.129168 1.195322 1.207095 1.216743 1.248836 1.3017 1.32635 1.313797 1.361989 1.494133 1.512299 1.248418 1.22761 1.487714 1.585666 1.411361 1.166725 1.048978 .9872585 .9029018
