py_wake/examples/data/AJ_ParqueFicticio/Rough survey   Sector 12   Height 30m   Orographic turn.grd
DSAA
73  159
 258469   265669
 6501692   6517492
-60.97178   44.63027
[rows 27 to 53 of 159, columns 0 to 60 of 73]
-.5673561 -.4229031 -.4318688 -.5047925 -.7007325 -.8477827 -.9863425 -1.082179 -.7242534 -.5237988 -.7092518 -.9972927 -1.276389 -1.589157 -1.70048 -1.830597 -1.876598 -2.070541 -2.124713 -2.118743 -2.029171 -1.708578 -2.334152 -2.390188 -2.575885 -2.66053 -2.262265 -1.755252 -2.510525 -2.389474 -2.426842 -3.025983 -3.343113 -1.964843 -.30224 -2.830066 -3.084884 -2.543768 -3.465595 -.4048583 1.216622 .2783324 -2.204899 -6.163809 -7.919831 -9.185625 -10.52867 -11.53961 -13.2006 -13.7987 -12.84071 -12.79653 -14.73417 -14.43165 -9.916551 -9.068845 -13.58132 -12.66005 -10.0392 -5.07159 -4.812445
-.7514821 -.5806093 -.5539517 -.5602331 -.6150547 -.69886 -.7428824 -.7288367 -.3784623 -.3727719 -.5502139 -.764781 -1.109072 -1.453117 -1.499482 -1.573107 -1.818883 -1.999218 -2.09936 -2.115346 -1.924879 -1.66618 -2.13883 -2.309312 -2.385702 -2.439203 -2.204177 -2.1415 -2.197921 -2.366529 -2.767279 -3.076413 -3.531128 -2.917948 -1.629166 -1.482446 -1.568868 -2.278273 -3.156284 -2.926062 -1.131121 -.3609677 -1.287883 -4.633952 -6.91982 -7.798482 -8.281336 -9.794124 -11.67171 -12.42559 -11.67278 -10.70062 -12.39444 -13.01653 -10.35963 -8.532431 -11.43619 -11.72449 -8.567435 -4.017128 -3.042834
-.8571626 -.7625614 -.6673726 -.622793 -.634146 -.5801821 -.5612524 -.6757249 -.5339612 -.4014705 -.4325378 -.5476904 -.6970733 -1.29054 -1.449274 -1.52661 -1.68495 -1.844535 -1.893968 -1.895712 -1.483284 -1.382609 -1.788128 -2.05415 -2.16981 -2.170273 -2.023259 -2.115685 -2.149155 -2.237409 -2.363041 -2.509769 -2.013845 -.4578968 1.762123 .8215612 -1.110453 -1.631854 -2.046418 -2.051722 -.6749946 .07175204 -1.092793 -3.227826 -4.778677 -5.987349 -5.656223 -5.684786 -6.43906 -7.215029 -7.417468 -8.255022 -10.20495 -11.83208 -9.990492 -7.877634 -7.737057 -8.564493 -5.082993 -1.74189 -1.191385
-.8361582 -.7649572 -.748739 -.6405762 -.5621979 -.5734876 -.5189493 -.7212877 -.6484839 -.5071816 -.4248043 -.405671 -.5695817 -1.404763 -1.452321 -1.474912 -1.624954 -1.749748 -1.712643 -1.659867 -1.427623 -1.447137 -1.603567 -1.861 -1.829217 -1.884498 -1.960278 -1.94031 -1.893835 -1.694159 -1.572331 -1.556847 -.3033141 .631197 .9961345 -.4969576 -.9430258 -.8123786 -1.256234 -1.399221 -1.143523 -.1085554 -.1980977 -1.821691 -3.461698 -3.64322 -3.123465 -2.590965 -2.348601 -2.644389 -2.948712 -4.108389 -6.406691 -9.005495 -9.034451 -8.460519 -9.773561 -9.065926 -5.651906 -3.393047 -2.064947
-.8526706 -.7542074 -.688961 -.5966051 -.5657559 -.5963678 -.5402818 -.7254267 -.6325827 -.5270051 -.4338196 -.4258623 -.5062853 -1.074349 -1.431011 -1.444355 -1.511979 -1.693055 -1.71271 -1.53307 -1.383805 -1.456337 -1.497667 -1.597317 -1.667669 -1.709539 -1.708847 -1.821662 -1.488181 -1.048703 -1.341878 -1.771991 -1.732359 -.3434258 -.1035612 -.4083929 -.5655684 -.0852901 -.6953689 -1.764445 -1.148576 -.03220224 .7311518 -.3617479 -1.681585 -2.505685 -2.612587 -1.811716 -1.42231 -2.084447 -2.62527 -3.761245 -4.935953 -7.203086 -10.11511 -11.66356 -13.2931 -10.85209 -7.911796 -5.395136 -1.185322
-.5710129 -.5760975 -.6286381 -.5797988 -.6072579 -.6101428 -.7155409 -.6541055 -.5790808 -.5329123 -.4557967 -.4677899 -.5293477 -.5670753 -1.042742 -1.213385 -1.322701 -1.657541 -1.584606 -1.334368 -1.304622 -1.382643 -1.407439 -1.45539 -1.544905 -1.417568 -1.430285 -1.246402 -.8835585 -.8404555 -1.072029 -1.215488 -1.021607 -.4002419 .1781731 -.01138993 -.2828096 .2286654 -1.064978 -1.890819 -2.061377 -1.19236 .09161898 1.214199 .04653126 -1.14405 -2.084352 -2.358668 -2.967423 -4.839884 -6.363268 -7.744482 -8.803221 -10.9894 -13.7708 -15.62281 -15.85502 -12.83369 -9.858541 -5.229641 .160371
-.2942983 -.5124709 -.5648856 -.6438931 -.6589508 -.6292978 -.6357916 -.5950547 -.618514 -.5365695 -.508784 -.5750155 -.5652174 -.3018885 -.6173279 -.779366 -1.091523 -1.652037 -1.405996 -1.290231 -1.206074 -1.364556 -1.434755 -1.383501 -1.451225 -1.390356 -1.08993 -1.151247 -.8854746 -.7984588 -.9065497 -.9032444 -.7893599 -.3679422 .2969201 .4413087 -.2489752 .2702466 -.3101215 -.7174611 -2.309119 -2.360946 -2.185789 .1671887 2.114232 .003079038 -2.007566 -3.342004 -4.607153 -7.988456 -11.34649 -13.67283 -14.56783 -15.1131 -17.14144 -18.55865 -18.09649 -14.88199 -10.07775 -3.577407 3.548471
-.3966523 -.603416 -.6689018 -.6940842 -.6838363 -.7307627 -.7729626 -.7442533 -.6846957 -.6333491 -.6174341 -.5323659 -.5174431 -.03198148 -.2267894 -.5563158 -.9731746 -1.48208 -1.117438 -1.027394 -1.21069 -1.278417 -1.391052 -1.342361 -1.308559 -1.159036 -.9099053 -.9117548 -.8065377 -.8638461 -.8227686 -.7763146 -.7742409 -.4334382 .2146075 .8664293 -.2991632 .4421457 .2455273 -.1866751 -3.346382 -4.419127 -4.088579 -2.525605 2.118888 1.883863 -1.678165 -3.941561 -4.046516 -4.958267 -6.884327 -10.17791 -13.03307 -15.14032 -17.4178 -19.4341 -17.9176 -11.95811 -4.972727 1.064411 5.438675
-.5545341 -.7814746 -.7987224 -.8144954 -.7788106 -.8967022 -.8538718 -.7329221 -.6697099 -.6752453 -.593613 -.4591685 -.2427018 -.224362 -.3528934 -.5229331 -.76361 -1.444946 -.7779729 -.8314525 -1.122834 -1.275637 -1.309214 -1.280326 -1.197656 -.9899702 -.7984626 -.7615685 -.66185 -.6845154 -.7183797 -.6510053 -.6102994 -.4309641 .1010378 .8033999 .7348231 .5503531 .2544214 -.9789811 -3.964585 -6.308858 -7.591508 -5.21443 .5784041 6.388048 2.848854 .2107558 .2298935 -.008383291 -.3829808 -2.847821 -4.834373 -7.451733 -11.92125 -15.06501 -13.88056 -7.845604 -1.455261 2.823608 4.192261
-.7750025 -.9259555 -.8369799 -.8272981 -.82185 -.8758704 -.5345155 -.627966 -.7544869 -.7424014 -.7452025 -.5480549 -.2994386 -.3264402 -.538523 -.6611535 -.9041053 -1.578802 -1.396096 -.7755793 -1.169989 -1.25761 -1.231784 -1.117846 -1.172179 -.9331737 -.7900333 -.6521244 -.5055664 -.4475643 -.5028679 -.4742396 -.1874433 .2492084 .9170021 1.632355 2.438231 1.83378 1.896933 1.329569 -1.595599 -4.913637 -6.824028 -6.220899 -.8545898 9.820448 10.54562 5.544014 4.496621 4.339099 3.855254 .7388288 -2.899911 -5.404141 -8.42162 -12.0781 -11.73765 -6.416501 .07234409 4.376165 4.947928
-.7776157 -.9271929 -.8539453 -.8080398 -.743576 -.5988503 -.8903145 -.9214003 -.8925687 -.9172618 -.8972258 -.8101251 -.5307879 -.4652299 -.5983331 -.7126853 -.9972453 -1.572198 -2.091197 -1.653304 -1.233482 -1.267524 -1.071388 -.9380984 -1.314805 -.9501814 -.7443967 -.5386299 -.3792554 -.164015 -.002501483 .0721352 .3355096 .6223922 1.094878 2.087675 3.765085 2.712082 2.956651 3.426511 1.36754 -1.759021 -3.866114 -5.116318 -3.214461 7.14795 15.71972 10.96788 5.693125 3.00058 1.4148 -1.043183 -4.752726 -7.477551 -9.97361 -12.05157 -11.50876 -5.874362 2.513012 6.825522 8.18055
-.5122596 -.81628 -.8504222 -.8392857 -.9003239 -.9590862 -1.052685 -.9872105 -.9774911 -1.013082 -1.122489 -1.218587 -.9285194 -.2042429 -.392488 -.6308815 -.9943618 -1.501547 -2.133354 -2.054682 -.7550681 -.8720052 -.7471113 -.7806131 -1.151558 -.7979483 -.6215546 -.431594 -.3039421 -.008021574 .2884265 .1354499 .6087872 1.077719 1.581949 2.188022 3.946021 4.768176 5.388551 4.509158 3.612955 .7925264 -2.100786 -3.510937 -3.546857 3.067459 11.59268 9.232019 6.769616 -1.260426 -6.268823 -8.317875 -10.92849 -11.63004 -12.88892 -14.35306 -12.54274 -5.083832 4.665342 11.25947 13.96041
-.6231138 -.7976885 -.9323705 -.9814081 -1.082982 -1.313023 -.5843866 -.8845609 -.9971442 -1.051775 -1.111433 -1.18302 -.04135432 .07609779 -.2901066 -.5649238 -.9435265 -1.313115 -1.663277 -.7220383 .2299517 -.2390889 -.3724128 -.5421025 -.7266112 -.6804145 -.5362258 -.3878743 -.2235182 .1916546 .7001818 .7672766 1.069575 1.513175 1.727789 3.034148 5.005094 6.623551 7.293541 5.601026 4.767875 3.233617 .8625687 -1.928695 -2.792873 .5488947 7.656105 7.338707 7.103148 3.662093 -4.107511 -6.830476 -8.517836 -10.18067 -11.13262 -12.13523 -10.98585 -3.827241 7.133917 15.43841 16.87182
-.3490983 -.6493635 -.899205 -.954568 -.8490903 -.5602909 -.5175975 -.8807673 -1.055838 -1.051936 -.8446115 -.4596696 .201651 -.1728043 -.4276256 -.6392323 -.7847854 -.8057165 -.8703775 -.2903233 .083684 -.2425435 -.3599229 -.4467554 -.6768279 -.5952732 -.410355 -.1063114 .210555 .8332733 1.348933 1.406738 1.505354 1.723703 2.032879 3.376947 5.461397 8.273303 8.917997 8.221664 7.72548 6.626634 5.231089 1.855112 -.3446079 1.606364 7.464643 9.087328 8.696979 9.597208 6.138027 2.925774 .8079294 -.8463877 -3.97837 -8.248101 -8.158778 -2.871785 7.287901 15.90134 19.24767
-.394177 -.8135281 -1.071522 -1.02539 -.734641 -.9002678 -.8508438 -1.077584 -1.306665 -1.220729 -.9250686 -.9486624 -.4999501 -.5973542 -.6176751 -.6034447 -.5352814 -.4802707 -.6108566 -.3792272 -.4222485 -.5866632 -.9395514 -1.104688 -.7321889 -.3325042 -.003183879 .4448044 .7065701 1.377225 1.727822 1.881281 2.125259 2.473279 2.563133 3.59416 6.777575 10.43488 12.14369 12.13242 11.27539 10.28592 9.226081 6.012934 3.759741 5.078109 9.511374 11.65246 11.41722 11.54878 11.10688 8.822681 5.857326 2.847322 -1.392388 -5.186273 -6.54762 -3.193154 3.083978 10.34227 15.62223
-.7532403 -1.122838 -1.459351 -1.626349 -1.288842 -.7933462 -.887597 -1.394192 -1.559329 -1.441877 -1.370305 -1.49512 -1.58573 -.8989041 -.7077806 -.6567013 -.4857527 -.4336262 -.3472973 -.4763187 -.6594887 -.8522345 -1.256262 -1.312024 .143918 .8931835 .8460521 1.063081 1.233138 1.567882 1.902973 2.286881 2.345078 2.88176 3.420297 4.447359 7.105825 12.10947 15.85641 14.46702 12.76266 10.80086 9.618896 6.836267 5.781326 5.341882 8.82747 11.0226 8.765023 8.604897 8.546603 7.616224 5.076152 1.888034 -2.824698 -6.493407 -7.969747 -5.249618 -.9621875 3.560123 8.003639
-1.050387 -1.421103 -1.838898 -2.409367 -1.949255 -1.03607 -.5523311 -1.653633 -1.809273 -1.714643 -1.809466 -1.805629 -1.14263 -.4353763 -.5249773 -.6502132 -.6204857 -.5899258 -.3579478 -.3685032 -.7641685 -.8136504 -.7072963 -.1331467 .7485564 1.006902 1.0469 1.277646 1.437021 1.880883 2.217874 2.371399 2.988951 3.401999 3.620392 4.917181 7.111333 10.357 14.44318 14.40256 11.99826 8.819983 7.878469 5.276297 3.352199 1.919577 .7916161 3.081825 3.071363 2.560377 2.98579 1.592966 -3.123912 -7.323983 -10.0552 -11.73463 -9.241647 -6.637681 -3.665365 -.2956392 1.49713
-1.122065 -1.422387 -1.736488 -2.554864 -2.291731 -1.779643 -1.064534 -1.458378 -1.424176 -1.438915 -1.475958 -.7339767 .002055841 -.01934446 -.4325427 -.628629 -.8379377 -.8521342 -.7269244 -.2125772 -.7021907 -.6834113 -.6151418 -.7393707 .1833245 .3747527 .7489687 1.177397 1.635402 2.349263 2.400352 2.419862 3.241571 3.614676 3.281702 4.53637 6.227669 8.119818 11.32797 11.73393 11.52229 6.94401 3.794937 .906857 -5.127505 -11.01452 -12.37474 -9.628462 -7.972445 -9.325843 -9.909084 -10.72267 -12.26943 -12.95552 -12.21351 -12.7802 -9.780038 -6.31047 -4.125814 -3.144937 -2.697148
-1.273196 -1.375563 -1.693401 -2.426887 -2.278681 -1.51044 -.6899489 -1.123421 -1.210692 -.9303364 -.6978087 -.3255249 .007070723 -.1425867 -.5135201 -.8293635 -1.059554 -1.160185 -1.090122 -.5221905 -.5186883 -.7554892 -1.058717 -1.426837 -.9252229 -.2751789 .273876 .7541339 1.448999 2.333397 2.281542 2.114015 3.225309 3.89774 2.673857 3.905071 5.675223 7.468669 8.2457 8.106863 9.421632 6.110946 .05571067 -4.632294 -10.51555 -11.94697 -8.35708 -4.622164 -2.44801 -4.530131 -5.481016 -6.78328 -6.513855 -7.050779 -5.903168 -8.560161 -9.010837 -6.957075 -5.310243 -3.928917 -3.313681
-1.332735 -1.42267 -1.675159 -2.118032 -2.124203 -1.649406 -1.261953 -1.62286 -1.733155 -1.080142 -.47782 -.387814 -.1419116 -.3386163 -.8855281 -1.125058 -1.156284 -1.157698 -1.08199 -.1436475 -.445886 -.9956938 -1.459735 -1.789898 -.6893146 .03939379 -.1963116 .06848963 .5044801 1.247819 1.415467 1.011629 1.79375 3.629497 2.181968 3.285717 5.241579 7.165455 7.632327 7.300766 7.534353 6.195381 2.609034 1.30911 1.795448 3.681234 5.821138 6.693898 5.734072 3.990343 1.8269 -.3091747 .1319232 .9535728 .05967721 -4.121579 -7.881432 -9.014218 -8.285325 -7.399092 -3.964597
-1.360179 -1.461723 -1.592915 -2.422259 -2.420516 -2.10014 -1.876908 -2.158184 -2.512242 -1.841306 -.3183425 -.210375 .01415632 -.3710792 -1.122478 -1.297656 -1.185809 -.9230931 -.6676214 -.3838347 -.9730196 -1.29036 -1.219803 -.4750287 .4338591 -.1605507 -.7810162 -.7130793 -.3878296 -.1099913 .7175552 .4328403 .7885998 3.095517 1.807034 2.888068 4.963675 7.145723 8.951502 8.10813 8.586185 9.396053 9.473549 9.388524 8.45052 6.999897 6.858875 4.526747 1.010633 -.7388263 -.5542262 .001595423 2.214463 3.086226 1.888732 -1.769401 -5.897172 -8.263868 -7.68891 -8.849098 -8.506484
-1.504149 -1.712371 -1.890797 -2.200234 -2.604331 -2.419421 -2.268384 -2.291215 -2.665468 -2.089179 -.5954022 -.1920147 -.09377491 -.1378368 -1.387945 -1.483166 -1.383683 -1.026874 -.6201198 -.9860508 -1.575417 -1.592299 -1.45051 -1.725943 -1.048884 -.9131787 -1.820686 -1.451117 -1.037363 -.3723407 .1906519 -.3199461 -.1492008 2.404491 2.060417 2.529676 5.102953 6.893399 9.789735 9.334234 9.421412 10.13954 10.39051 9.063673 6.732721 2.761709 -1.634205 -4.436095 -5.395722 -4.832005 -1.744595 2.900232 3.214773 2.614127 .05829517 -1.370803 -4.837779 -5.784098 -5.749198 -8.031003 -8.791375
-1.833269 -2.226039 -2.520935 -2.372651 -2.430999 -2.379956 -2.350413 -2.577863 -2.718202 -2.643244 -2.105726 -.976078 -.943323 -1.198254 -1.485883 -1.736271 -1.69574 -1.741777 -1.591179 -1.163986 -1.934216 -2.031137 -2.26843 -2.741244 -3.38519 -2.517502 -2.510962 -2.309731 -1.83456 -1.338794 -.3781334 .5188277 1.591228 2.5962 2.270635 3.061638 4.611661 5.917316 8.537664 8.848445 9.001075 7.492229 6.016485 3.906686 -.120504 -4.931308 -5.229718 -4.238645 -.8154272 2.104963 3.998787 4.377945 3.373211 -.3209478 -5.441642 -5.745319 -6.378439 -7.085111 -5.629146 -6.216615 -9.263914
-1.99797 -2.299793 -2.626944 -1.608029 -1.86814 -2.053195 -2.345657 -2.683885 -2.511374 -2.547076 -2.267598 -1.83068 -1.414011 -.7326843 -.9977821 -1.460256 -1.660863 -2.305156 -1.894861 -1.054366 -1.901155 -2.279399 -2.526931 -2.692179 -2.281001 -1.750253 -2.66133 -2.866933 -2.636076 -1.891876 -1.286874 -.1545203 .8883862 .5318421 .8193532 2.143554 3.938554 4.494174 6.470776 7.557878 7.110089 5.938798 3.811627 3.057023 .9787256 -.9135351 1.418195 4.173107 5.944847 6.015078 3.217844 .6233866 1.881045 -2.526256 -8.91033 -11.11644 -10.03805 -8.725706 -5.466767 -6.129589 -8.181464
-2.029704 -2.046472 -2.262951 -1.828094 -1.793561 -1.92619 -2.290929 -2.479951 -2.400901 -2.200315 -1.875746 -1.258653 -.6181004 -.4957464 -.7479633 -1.019096 -.9030836 -1.215525 -1.085148 -.9266716 -1.797509 -2.404014 -2.354199 -2.174861 -1.730008 -1.892654 -2.73997 -2.967897 -2.300402 -2.490225 -2.914611 -2.781538 -1.482723 -1.823934 -1.945612 -.5141531 2.219697 2.061927 4.147625 6.894011 6.721356 7.844538 5.760489 6.570318 7.320874 7.236152 8.126813 8.31193 6.46628 3.673495 -1.616034 -5.480975 -3.292061 -2.650908 -9.084456 -13.48872 -13.4468 -12.12023 -7.184241 -5.262 -8.188254
-2.12337 -2.167167 -2.438889 -2.124044 -2.006069 -2.043294 -2.309461 -2.609487 -2.26619 -2.019557 -1.57482 -1.104771 -.814693 -.7613531 -1.021442 -1.297603 -1.03372 -.9517986 -1.654261 -1.245556 -1.472373 -2.245863 -1.638001 -1.163005 -1.375483 -1.726598 -1.805209 -1.518069 -2.001259 -2.926319 -3.827295 -3.371613 -2.884477 -3.166953 -5.229441 -5.194006 -2.976466 .7909442 2.208453 2.694951 5.814246 10.90061 8.918988 9.186193 10.07247 9.512953 8.455711 7.54864 4.087344 .6356434 -5.718626 -9.302588 -7.241832 -.3701198 -6.223073 -12.62736 -14.31623 -14.06444 -7.676538 -3.146161 -6.946244
-2.307712 -2.409423 -2.209529 -2.150488 -2.155875 -2.27017 -2.360149 -2.247276 -2.05176 -1.81476 -1.477409 -1.192452 -1.046859 -1.042308 -1.319658 -1.818231 -1.620627 -1.233926 -1.337057 -1.161706 -.5441607 -1.005115 -1.006572 -.8916092 -1.05302 -1.234352 -1.153461 -1.274943 -2.177626 -3.612809 -4.024869 -3.028314 -1.639135 -2.685663 -4.993216 -3.840515 -.05435734 2.140928 2.905292 3.037043 2.04928 7.502385 12.12734 12.4267 11.68054 9.677654 6.82126 5.136289 2.362883 .06276215 -5.195221 -9.045581 -9.462913 -.2928151 -2.321141 -12.25202 -14.41365 -13.71242 -7.113088 2.17349 -2.029313
