py_wake/examples/data/AJ_ParqueFicticio/Rough survey   Sector 12   Height 30m   Weibull-A.grd
DSAA
73  159
 258469   265669
 6501692   6517492
 .2253106   8.829541
[rows 28 to 55 of 159, columns 0 to 62 of 73]
4.32786 4.323558 4.301269 4.29303 4.288603 4.277151 4.278952 4.287537 4.302951 4.302017 4.291567 4.288254 4.2987 4.303311 4.314704 4.331946 4.341287 4.340844 4.352498 4.327633 4.304121 4.286292 4.298438 4.336269 4.384918 4.426421 4.465367 4.38077 4.359424 4.325062 4.252877 4.227904 4.156356 4.006204 4.253371 4.212117 4.230111 4.214883 4.231792 4.242912 4.141799 4.02567 4.071747 4.150809 4.437542 4.574636 4.582588 4.576851 4.579847 4.59664 4.560175 4.679061 4.987478 5.198659 4.673236 4.274301 4.260491 4.486844 4.400853 4.160831 3.973487 3.925537 3.877929
4.293388 4.292197 4.286537 4.280876 4.269453 4.263252 4.269663 4.279516 4.282736 4.293881 4.282516 4.283379 4.306089 4.339941 4.347433 4.355768 4.352823 4.363763 4.363389 4.348459 4.347891 4.332445 4.318371 4.349396 4.408253 4.452089 4.471824 4.420512 4.411061 4.393148 4.373273 4.324406 4.302942 4.322191 4.458601 4.448971 4.41688 4.416257 4.41874 4.358266 4.216892 4.197216 4.22659 4.142889 4.297754 4.61842 4.983469 5.182682 5.251276 5.388478 5.296579 5.081043 5.139265 5.421695 5.261639 4.7627 4.546348 4.583913 4.551548 4.51714 4.424775 4.543119 4.399776
4.26565 4.268965 4.259215 4.2635 4.251848 4.241987 4.253064 4.244098 4.257604 4.252208 4.258689 4.270591 4.253669 4.293544 4.343266 4.363011 4.365392 4.361906 4.358092 4.336631 4.360571 4.368108 4.377772 4.392489 4.447678 4.479503 4.475336 4.473064 4.462826 4.490974 4.504065 4.49638 4.54375 4.418589 4.466724 4.407602 4.419289 4.493616 4.559426 4.524395 4.361502 4.31826 4.307706 4.3832 4.357882 4.5495 4.991673 5.443866 5.860009 6.220615 6.400465 6.16008 5.861828 5.822888 5.812717 5.250702 4.855289 4.44096 4.378978 4.30326 4.355087 4.573097 4.633482
4.237734 4.24848 4.250615 4.248708 4.226248 4.222595 4.216169 4.2198 4.218702 4.225527 4.239926 4.231853 4.229242 4.280883 4.324949 4.36633 4.368343 4.353197 4.329641 4.330142 4.37841 4.391197 4.418479 4.438627 4.466769 4.491935 4.503526 4.498312 4.490264 4.551704 4.515773 4.515398 4.543839 4.533316 4.515203 4.410716 4.418861 4.517252 4.591098 4.610227 4.531428 4.395269 4.417729 4.464851 4.624547 4.660758 4.614611 4.730566 5.116687 5.671335 6.22215 6.420637 6.550993 6.389843 6.123348 5.65696 5.138834 4.553689 4.177341 4.044319 4.291021 4.430095 4.41115
4.223457 4.236091 4.222933 4.226359 4.212991 4.209782 4.184913 4.184678 4.194234 4.198688 4.213864 4.203429 4.186733 4.270368 4.307323 4.339861 4.351048 4.339882 4.323452 4.358654 4.398704 4.42025 4.450768 4.468892 4.476591 4.510285 4.540418 4.569846 4.585307 4.532043 4.531466 4.570538 4.601654 4.593166 4.540527 4.490411 4.422453 4.463379 4.492485 4.543932 4.529562 4.37307 4.293213 4.427019 4.591419 4.855197 4.841745 4.534484 4.398078 4.458609 4.761813 5.231 5.75593 6.108797 6.106933 5.794735 5.261604 4.705048 4.21171 3.98123 4.166373 4.462253 4.371695
4.251402 4.218711 4.213181 4.200053 4.207944 4.19347 4.198934 4.188841 4.181986 4.193193 4.190671 4.173965 4.184474 4.258289 4.288468 4.320722 4.323738 4.310532 4.316721 4.375303 4.430936 4.443213 4.45968 4.479034 4.488934 4.513231 4.528322 4.503675 4.558799 4.546898 4.558182 4.585563 4.594525 4.574523 4.584037 4.63436 4.561093 4.488459 4.497058 4.584815 4.57935 4.473839 4.131702 4.075839 4.299064 4.565521 4.809737 4.790778 4.595515 4.383181 4.239429 4.233494 4.523473 5.029501 5.631235 5.811566 5.287687 4.749429 4.339264 4.076715 4.229565 4.431467 4.494476
4.272877 4.224684 4.208934 4.191586 4.176045 4.146476 4.161846 4.166723 4.176241 4.174063 4.156681 4.167266 4.183556 4.266716 4.270173 4.282997 4.279341 4.28581 4.345488 4.422183 4.450043 4.4642 4.462638 4.484087 4.503499 4.519656 4.498251 4.508801 4.536932 4.555581 4.580413 4.600289 4.590427 4.549965 4.537055 4.635224 4.68046 4.634586 4.543396 4.591478 4.529367 4.37778 4.193839 3.766209 3.829518 4.159616 4.517231 4.710851 4.794339 4.932128 4.991812 4.967425 4.7674 4.760852 5.16826 5.637941 5.618923 5.250428 4.876708 4.934182 4.656817 4.370206 4.330652
4.263266 4.210171 4.190464 4.169598 4.163285 4.135024 4.13072 4.137157 4.155663 4.141046 4.128575 4.143116 4.163546 4.241972 4.237881 4.219306 4.220015 4.266302 4.378904 4.448442 4.466659 4.467182 4.460018 4.486282 4.492116 4.495169 4.49709 4.512058 4.549604 4.576268 4.594214 4.60864 4.624755 4.611288 4.618281 4.576755 4.659153 4.732687 4.636401 4.722675 4.483961 4.287741 4.152466 3.935508 3.401546 3.720299 4.459692 5.098304 5.466311 5.574886 5.895081 6.1258 6.207816 5.953549 5.816637 5.997355 6.027614 5.859077 5.596192 5.58182 5.223315 4.633162 4.346452
4.232543 4.189217 4.160775 4.143209 4.142954 4.150177 4.150346 4.152614 4.1339 4.124543 4.104922 4.101599 4.124084 4.185931 4.16266 4.150482 4.154319 4.155372 4.251523 4.407171 4.445971 4.436486 4.452915 4.474842 4.479029 4.469548 4.509688 4.524223 4.565094 4.598499 4.621071 4.63797 4.657045 4.716842 4.705642 4.642629 4.720092 4.887163 5.027066 5.034559 5.112482 4.904305 4.562404 4.307873 3.57187 3.293553 3.939937 4.894171 5.645092 6.100615 6.371663 6.68886 6.833846 6.870234 6.619381 6.478024 6.296601 5.983878 5.997389 5.990537 6.007093 5.52551 5.024992
4.177153 4.138576 4.120887 4.112994 4.097797 4.111819 4.165907 4.147854 4.1314 4.10379 4.099987 4.078636 4.079116 4.123444 4.108764 4.108901 4.100964 4.077553 4.103272 4.162849 4.33198 4.364242 4.401759 4.418318 4.423575 4.463525 4.491237 4.530561 4.572777 4.610822 4.66289 4.695124 4.715024 4.744008 4.730467 4.653102 4.692021 4.870522 5.046424 5.216917 5.473974 5.762298 5.62056 5.216782 4.517806 3.202489 3.125602 3.617005 4.40202 5.069987 5.342024 5.617357 6.215868 6.611123 6.72951 6.697743 6.500327 6.035536 6.176229 6.21888 6.473825 6.577673 6.375082
4.124473 4.089132 4.086415 4.090612 4.072109 4.05387 4.107533 4.109816 4.111164 4.109713 4.103452 4.093626 4.079225 4.073952 4.08124 4.081101 4.087204 4.085179 4.08722 4.072603 4.213828 4.275322 4.342664 4.381395 4.391617 4.437663 4.494874 4.533136 4.555341 4.588364 4.634239 4.660841 4.730293 4.76371 4.795717 4.850585 4.777091 4.796614 4.990153 5.212987 5.361533 5.7348 6.085683 6.057284 5.682586 4.681224 3.506605 2.945641 2.946675 3.533262 4.002826 4.195424 4.685446 5.35038 6.085359 6.412827 6.406481 6.084412 6.09135 6.189181 6.493681 7.04719 7.233527
4.091675 4.07968 4.079168 4.078417 4.093901 4.087596 4.077142 4.087002 4.095329 4.096453 4.106426 4.117202 4.120864 4.128897 4.098916 4.101754 4.104159 4.121585 4.135047 4.209473 4.262227 4.242435 4.26763 4.317307 4.381979 4.44909 4.486321 4.517126 4.546839 4.583911 4.61565 4.657671 4.709919 4.757162 4.760599 4.87725 4.802754 4.813971 4.987758 5.180454 5.321414 5.512862 5.921916 6.273087 6.423958 6.025655 5.059904 4.347754 3.423652 3.417539 3.924505 4.325503 4.634097 4.97139 5.644688 6.275116 6.620117 6.236939 5.998156 5.907601 6.097112 6.621906 7.325973
4.103245 4.078671 4.072831 4.069958 4.10438 4.124138 4.124041 4.100321 4.088657 4.080956 4.102962 4.109661 4.191619 4.168642 4.126146 4.093531 4.103185 4.135895 4.159301 4.285334 4.284283 4.237228 4.229897 4.229429 4.336323 4.426229 4.456432 4.504488 4.550708 4.602738 4.639413 4.685698 4.714036 4.725545 4.786952 4.805199 4.723492 4.762738 4.959167 5.199911 5.474127 5.736886 6.059687 6.511278 6.796473 6.992379 6.36283 6.104933 5.63411 4.928823 4.87044 5.164954 5.557538 5.829758 6.154903 6.533351 6.670322 6.476297 5.98994 5.506557 5.367199 5.804358 6.480609
4.142635 4.087224 4.068855 4.04918 4.046388 4.06244 4.114592 4.108152 4.070045 4.045393 4.030591 4.020084 4.075666 4.109996 4.08581 4.077745 4.087796 4.083581 4.137789 4.25831 4.266769 4.231333 4.211378 4.101358 4.12044 4.325696 4.401006 4.474889 4.520707 4.585064 4.644387 4.691666 4.737753 4.766351 4.823853 4.80273 4.702819 4.65572 4.713063 5.049196 5.480204 5.89407 6.273418 6.767464 7.162271 7.506946 7.276591 7.027812 7.041981 6.660258 6.332048 6.232194 6.299334 6.412315 6.644629 6.813809 6.758674 6.576392 5.788734 5.008897 4.335302 4.238544 4.930424
4.16193 4.121701 4.090813 4.054269 3.989789 4.000053 4.073217 4.063967 4.02764 4.008299 3.986861 3.93925 3.946665 4.006378 4.031404 4.033032 4.020245 4.022549 4.082972 4.220482 4.243588 4.250049 4.197544 4.171472 4.220908 4.292514 4.347251 4.408633 4.460449 4.56504 4.617472 4.669417 4.69831 4.801156 4.841088 4.842182 4.85686 4.594689 4.419898 4.693655 5.112205 5.420126 5.749894 6.153107 6.525607 6.965189 7.06738 6.826065 7.096615 6.938558 6.724373 6.599301 6.469903 6.295068 6.371509 6.516222 6.56739 6.495003 6.132203 5.294056 4.351435 3.654662 3.584952
4.173782 4.149696 4.147739 4.100815 3.984365 3.907113 3.972847 4.017567 3.994565 4.003155 4.005457 3.96636 3.969163 3.985385 3.998004 4.00142 3.985619 3.975883 4.00004 4.133039 4.176308 4.163243 4.168117 4.298627 4.374701 4.331041 4.329127 4.356165 4.365884 4.475121 4.574095 4.595248 4.630893 4.742099 4.775239 4.758101 4.725922 4.538513 4.208183 4.085436 4.357985 4.612061 4.699733 5.014697 5.268881 5.410687 5.327594 5.248201 5.28153 5.347919 5.366124 5.166097 5.196491 5.069446 5.271757 5.713698 6.084004 6.381927 6.158936 5.641475 4.936363 3.974596 3.161946
4.189648 4.182646 4.164997 4.145417 4.135888 4.030285 3.937164 3.943384 3.96384 4.004287 4.035992 4.050741 4.031527 4.025687 4.002443 3.999584 3.965595 3.957788 3.960055 4.029316 4.066105 4.048914 4.021264 4.062606 4.281577 4.275487 4.255711 4.248797 4.302996 4.430434 4.495534 4.505367 4.592875 4.672631 4.667177 4.659145 4.644199 4.541148 4.218162 3.955943 3.789076 3.969249 3.997834 4.008401 4.055281 3.967854 3.886424 3.623073 3.499132 3.697291 3.714934 3.69927 4.032866 4.51789 4.763366 5.212843 5.522689 5.787617 6.101998 5.85877 5.32136 4.541293 3.594133
4.195857 4.176066 4.17147 4.16363 4.211215 4.16807 4.088964 3.962834 3.957873 3.977389 4.008893 4.064003 4.098474 4.080888 4.031283 3.997214 3.971653 3.9672 3.958334 3.972231 3.964956 3.958441 3.930779 3.920226 3.960584 4.098651 4.106675 4.080193 4.085965 4.258355 4.311786 4.265493 4.439419 4.517146 4.541457 4.548001 4.551113 4.493063 4.373765 4.187654 3.805162 3.583248 3.587227 3.609232 3.727526 3.898532 4.139167 4.39354 4.222549 4.132305 4.230693 4.230616 4.29647 4.686589 5.053426 5.23656 5.370069 5.186583 5.431048 5.758533 5.792288 5.56862 4.931753
4.175992 4.15743 4.178011 4.209474 4.216484 4.19306 4.10506 4.012794 3.96733 3.925148 3.945753 4.022491 4.097557 4.096154 4.021418 3.981727 3.96896 3.974762 3.988397 4.016572 3.973546 3.951156 3.960001 3.943459 3.940916 4.014485 3.986558 3.940919 3.905801 3.923862 3.991874 3.897003 3.926265 4.16083 4.197692 4.364316 4.382624 4.335718 4.384991 4.442167 4.26964 4.055339 4.023748 4.324106 4.84185 5.229351 5.567201 5.864105 5.892268 5.786079 5.563251 5.317009 5.028164 5.038735 5.319063 5.731111 5.934742 5.423496 4.764462 4.738971 5.113905 5.574 5.822425
4.137977 4.122311 4.120122 4.179641 4.182304 4.164425 4.126889 4.067108 4.013517 3.916103 3.85058 3.948013 4.069538 4.08069 3.995613 3.951748 3.942647 3.952694 3.973508 4.047129 3.979376 3.949588 3.957249 4.018198 4.104536 4.044594 3.92074 3.837552 3.809966 3.788943 3.775145 3.724183 3.661766 3.790644 3.783177 3.950721 4.094877 4.124205 4.177071 4.376321 4.527132 4.636317 4.823111 5.036901 5.324943 5.567146 5.568602 5.474595 5.228995 5.026632 5.117606 5.38942 5.490293 5.402944 5.378999 5.750128 6.408613 6.402992 5.677903 4.766817 4.15872 4.199296 4.717354
4.12141 4.10122 4.084061 4.126703 4.149571 4.132264 4.113573 4.092671 4.059284 4.040623 3.917099 3.855668 3.94097 4.019757 3.937808 3.911721 3.900265 3.885674 3.895205 3.994728 3.944199 3.906594 3.862489 3.838375 3.901992 3.970685 3.825758 3.794228 3.783241 3.795965 3.739372 3.723306 3.701957 3.737601 3.679558 3.755785 3.837833 3.887077 3.875302 4.031187 4.245696 4.415968 4.558262 4.857071 5.045922 4.834425 4.561656 4.37964 4.383054 4.494722 4.560484 4.812301 5.142541 5.363604 5.316217 5.362902 6.011218 6.583168 6.712162 6.303512 5.142295 4.002481 3.571801
4.135908 4.114238 4.085371 4.078897 4.099136 4.114479 4.112788 4.090716 4.078653 4.094048 4.034364 3.915606 3.837889 3.872308 3.872934 3.878037 3.88002 3.848973 3.804887 3.874031 3.872074 3.836928 3.807196 3.804337 3.811579 3.808073 3.764372 3.758262 3.752451 3.738406 3.683853 3.67725 3.859192 3.832336 3.690037 3.704098 3.757212 3.714461 3.619645 3.601089 3.585214 3.657473 3.538486 3.568754 3.671042 3.944332 4.104323 4.476678 4.687795 4.83424 4.87584 4.707502 4.853335 4.995708 4.950021 4.705571 4.991871 5.620166 6.130105 6.767639 6.539909 5.546786 4.258468
4.147767 4.145257 4.143631 4.121132 4.102169 4.120454 4.113693 4.107885 4.119204 4.126444 4.108299 4.049893 3.946539 3.903898 3.858832 3.869404 3.906807 3.916331 3.897475 3.880267 3.841357 3.835591 3.839481 3.871696 3.90398 3.852117 3.777978 3.751737 3.757733 3.707722 3.625472 3.531212 3.519321 3.613216 3.517704 3.520082 3.615046 3.499216 3.369885 3.325575 3.235255 3.342891 3.36054 3.433183 3.631683 3.889064 4.22314 4.653868 5.015222 5.080678 5.135225 4.938911 4.433582 4.721338 5.115487 4.579123 4.126988 4.495646 4.932963 5.845066 6.717152 6.689209 6.044537
4.129673 4.130361 4.14913 4.147013 4.118354 4.105358 4.115808 4.144212 4.140692 4.156422 4.135373 4.12325 4.078571 3.969451 3.899387 3.879966 3.898654 3.984564 4.05604 3.937111 3.892767 3.866264 3.870042 3.925442 3.939978 3.895282 3.838816 3.823767 3.805007 3.744634 3.643927 3.507454 3.335284 3.324369 3.233021 3.180913 3.222592 3.180155 3.06162 3.004804 2.96331 3.244392 3.535792 3.847457 4.136732 4.395393 4.58979 4.780761 4.846739 4.823142 4.849313 4.746876 4.24517 4.269433 5.142476 5.044696 4.167388 3.682443 3.874533 4.521 5.694479 6.529443 6.715925
4.0961 4.09122 4.115794 4.128617 4.113141 4.091331 4.092146 4.125181 4.143167 4.156773 4.135191 4.102305 4.07944 4.001264 3.934735 3.88993 3.848482 3.899065 3.95794 3.943248 3.941293 3.927892 3.930538 3.985846 3.967894 3.933444 3.933405 3.966279 3.907983 3.826719 3.748143 3.692317 3.56654 3.289005 3.192699 3.041809 2.857326 2.807425 2.957032 2.863521 2.669298 2.714889 2.945668 3.436037 3.850684 4.174508 4.417651 4.445698 4.467873 4.537862 4.710116 4.709198 4.296357 3.977758 4.732637 5.475958 5.033166 3.989605 3.30089 3.50219 4.567172 5.498632 6.029248
4.083656 4.08495 4.107964 4.104643 4.105172 4.100323 4.10474 4.110567 4.13622 4.132643 4.130661 4.101594 4.064658 4.014103 3.980666 3.939756 3.879121 3.890527 3.888477 3.8917 3.925666 4.06473 4.101663 4.053642 4.014719 3.968275 3.98802 4.018412 3.988055 3.930316 3.876562 3.772476 3.673424 3.583728 3.568936 3.442271 3.030827 2.737329 2.974662 3.037706 2.79343 2.487713 2.484561 2.693068 2.998077 3.319553 3.606856 3.892791 4.082517 4.287094 4.682606 5.044683 4.625027 3.965454 4.095534 5.198881 5.553204 5.105258 4.024623 3.34077 3.727485 4.723582 5.189721
4.096022 4.090366 4.111551 4.110801 4.107151 4.105886 4.125718 4.122978 4.120049 4.12691 4.125488 4.101435 4.062964 4.024297 4.007042 4.027644 4.07442 4.003378 3.908905 3.866247 3.827824 3.878617 3.985522 4.008015 3.998191 4.003087 4.058984 4.071702 4.06965 4.092183 3.968343 3.721953 3.654973 3.790071 3.957238 4.059301 3.752784 3.19623 3.219578 3.527533 3.643142 3.069206 2.739913 2.516243 2.630774 2.87855 3.1286 3.541047 3.972032 4.219308 4.475423 4.907913 4.756267 4.195915 3.933691 4.599629 5.356585 5.620944 5.075816 3.991112 3.696885 4.310289 5.006148
4.096539 4.129555 4.136063 4.12413 4.103659 4.114941 4.129078 4.137462 4.122878 4.121123 4.117604 4.103394 4.070178 4.012296 3.993767 4.027617 4.059207 4.027032 3.951779 3.906303 3.840107 3.815632 3.881533 3.911301 3.935934 3.963888 4.022385 4.124819 4.228269 4.243604 4.284185 4.04258 3.906113 4.075084 4.221399 4.360349 4.392336 4.052081 3.644325 3.893483 4.111708 4.16318 3.689834 3.260024 3.019794 2.927846 2.971349 3.09607 3.528967 3.847626 4.193871 4.560412 4.577189 4.220009 3.898335 4.245344 4.77687 5.169034 5.163155 4.573177 4.192699 4.39963 4.968959
