py_wake/examples/data/AJ_ParqueFicticio/Rough survey   Sector 9   Height 200m   Mean speed.grd
DSAA
73  159
 258469   265669
 6501692   6517492
 5.765814   13.34246
[rows 28 to 55 of 159, columns 0 to 62 of 73]
8.499692 8.504083 8.506642 8.508819 8.511247 8.51566 8.517032 8.519123 8.520653 8.528039 8.53899 8.548614 8.551527 8.548457 8.544952 8.538956 8.532844 8.528302 8.518821 8.509466 8.496875 8.48108 8.464298 8.43591 8.393174 8.322275 8.251351 8.214134 8.196268 8.180402 8.1288 8.093768 8.037374 7.924769 7.863871 7.91642 7.944269 7.87843 7.838871 7.73698 7.670218 7.671464 7.700403 7.756914 7.793104 7.801959 7.799407 7.850567 8.001478 8.20078 8.452815 8.780892 9.182948 9.560558 9.861979 10.22273 10.54777 10.58304 10.24473 9.704611 9.138877 8.671973 8.380639
8.497858 8.501711 8.511704 8.514304 8.521117 8.524121 8.523305 8.524193 8.529334 8.536446 8.547276 8.553267 8.557359 8.548572 8.538595 8.531706 8.528967 8.528577 8.524738 8.515969 8.501651 8.47326 8.446315 8.41878 8.379429 8.321829 8.26062 8.223275 8.19906 8.177941 8.149268 8.101558 7.99159 7.925007 7.886274 7.911371 7.906871 7.86571 7.808175 7.739998 7.673203 7.655546 7.667522 7.710483 7.754215 7.795217 7.851277 7.966628 8.165043 8.417281 8.699785 9.041816 9.43646 9.828011 10.16028 10.48708 10.70364 10.58591 10.13031 9.530937 8.96875 8.553936 8.423676
8.494696 8.499841 8.509738 8.514838 8.522169 8.525771 8.526442 8.526469 8.530948 8.540557 8.545823 8.547946 8.546547 8.534614 8.527442 8.524137 8.527253 8.529381 8.527344 8.521963 8.49966 8.467564 8.430869 8.399831 8.363182 8.315797 8.270231 8.232815 8.194821 8.172976 8.142626 8.099779 8.01031 7.916768 7.847549 7.869953 7.866562 7.838318 7.794245 7.755407 7.675623 7.633697 7.664884 7.70797 7.752415 7.820246 7.930814 8.109019 8.353508 8.642227 8.94303 9.28944 9.673787 10.05632 10.40197 10.66951 10.74512 10.47076 9.928078 9.311675 8.781567 8.491713 8.589912
8.495355 8.49824 8.503654 8.509549 8.51995 8.522416 8.523909 8.52304 8.530171 8.536766 8.541246 8.539878 8.536679 8.522469 8.515634 8.5205 8.5292 8.534925 8.534493 8.518527 8.490334 8.458694 8.420403 8.384818 8.351682 8.308104 8.269364 8.239643 8.19657 8.161587 8.130181 8.074583 7.978643 7.899318 7.861448 7.849052 7.816473 7.784625 7.750695 7.733034 7.698619 7.667642 7.669884 7.728037 7.795084 7.884591 8.028068 8.238727 8.49262 8.77719 9.088879 9.455662 9.844175 10.21666 10.55047 10.73754 10.67546 10.28759 9.704197 9.109787 8.672839 8.552994 8.872387
8.494625 8.498982 8.505827 8.510251 8.517468 8.520581 8.522532 8.525753 8.528858 8.531045 8.533894 8.533684 8.530674 8.510718 8.50944 8.519036 8.531828 8.541596 8.538556 8.508736 8.47763 8.446011 8.409194 8.374767 8.341063 8.305385 8.270381 8.236925 8.196758 8.156862 8.115773 8.056989 7.967652 7.90026 7.870532 7.853086 7.806416 7.738222 7.702081 7.702686 7.703789 7.685623 7.709641 7.749007 7.845737 7.981442 8.157949 8.343957 8.56382 8.832393 9.146097 9.50722 9.897046 10.2744 10.5977 10.72693 10.56232 10.11434 9.536017 9.010261 8.70248 8.755092 9.24118
8.503435 8.505354 8.508686 8.516659 8.52086 8.528014 8.52687 8.529863 8.531813 8.533932 8.533279 8.531906 8.521027 8.506739 8.510343 8.52215 8.537543 8.544852 8.533869 8.503151 8.466518 8.4316 8.399914 8.364716 8.333447 8.302032 8.268457 8.250038 8.211743 8.154709 8.103727 8.047434 7.973553 7.905669 7.861234 7.834799 7.787893 7.69803 7.665078 7.672189 7.682383 7.712831 7.746217 7.817304 7.923137 8.060129 8.252502 8.440072 8.642412 8.891631 9.200494 9.557904 9.932326 10.29284 10.59117 10.71304 10.47869 10.02192 9.488807 9.050317 8.842219 9.048509 9.608855
8.506565 8.510517 8.513283 8.520269 8.523811 8.531183 8.529806 8.530654 8.53643 8.53864 8.542227 8.537269 8.531024 8.520315 8.526196 8.538801 8.548645 8.550323 8.524054 8.485978 8.446947 8.412516 8.380558 8.350149 8.323965 8.298412 8.275876 8.243109 8.2068 8.159483 8.103022 8.047185 7.982532 7.918712 7.850035 7.801934 7.763299 7.688584 7.629753 7.613454 7.648731 7.737537 7.827251 7.920252 8.013357 8.14803 8.349559 8.533442 8.757985 9.027215 9.350986 9.705415 10.06171 10.38475 10.62665 10.71089 10.4737 10.06142 9.569334 9.181787 9.073709 9.390483 9.940109
8.500502 8.509589 8.515312 8.518851 8.523976 8.527408 8.53144 8.533565 8.535541 8.539883 8.544599 8.541487 8.533142 8.525449 8.534577 8.547304 8.557881 8.549271 8.507344 8.456148 8.412492 8.38131 8.360691 8.340265 8.321246 8.302362 8.276528 8.240906 8.199364 8.151021 8.100149 8.044977 7.990149 7.932194 7.853302 7.780524 7.741703 7.68913 7.601552 7.552912 7.624566 7.750616 7.92717 8.080128 8.18918 8.31008 8.488325 8.693335 8.942981 9.229939 9.542961 9.906926 10.24183 10.51389 10.71181 10.7675 10.56516 10.17185 9.698858 9.350455 9.370711 9.765924 10.24745
8.486451 8.495317 8.505679 8.520062 8.530307 8.537131 8.540427 8.538801 8.539322 8.54016 8.544145 8.543489 8.537081 8.524646 8.533622 8.546338 8.549716 8.535123 8.483114 8.427347 8.377903 8.35675 8.343936 8.336817 8.328968 8.313007 8.281659 8.23647 8.19346 8.146164 8.095163 8.041256 7.995167 7.950673 7.890413 7.807888 7.735145 7.673979 7.587698 7.572976 7.666791 7.840288 8.063669 8.272098 8.411849 8.514471 8.689905 8.912341 9.161513 9.434983 9.704011 10.02351 10.32538 10.58608 10.77988 10.84298 10.67043 10.28789 9.846411 9.586255 9.74035 10.14982 10.53924
8.469686 8.483045 8.498251 8.515444 8.533609 8.537955 8.534276 8.538652 8.540911 8.54603 8.540419 8.537868 8.533652 8.521668 8.529128 8.528069 8.520306 8.500809 8.458804 8.402748 8.358785 8.341833 8.339477 8.339403 8.333797 8.312396 8.279891 8.240312 8.196358 8.139866 8.091581 8.05155 8.012464 7.978749 7.930613 7.847045 7.735898 7.662955 7.617703 7.609326 7.73508 7.971384 8.241618 8.478021 8.647051 8.742218 8.85511 9.070954 9.309967 9.526419 9.757954 10.03547 10.31921 10.55928 10.79392 10.90645 10.76242 10.42781 10.0625 9.952362 10.17981 10.52417 10.75702
8.473248 8.484488 8.501547 8.512218 8.523379 8.529486 8.523577 8.532023 8.541331 8.548055 8.546269 8.542027 8.532872 8.527135 8.52395 8.51554 8.497704 8.472614 8.438788 8.398026 8.352201 8.347442 8.34967 8.348086 8.338512 8.31401 8.278649 8.239485 8.195333 8.143653 8.097694 8.068398 8.039722 8.009684 7.965463 7.883635 7.746134 7.673593 7.646231 7.68053 7.843875 8.109076 8.418098 8.693358 8.853001 8.931921 9.006313 9.1624 9.345035 9.526093 9.728889 9.99389 10.292 10.58326 10.84692 10.97884 10.89747 10.63479 10.40802 10.39818 10.58712 10.80257 10.83787
8.485416 8.496739 8.510998 8.523959 8.527574 8.532913 8.535039 8.537888 8.545001 8.55646 8.563223 8.558386 8.548325 8.533012 8.521022 8.505693 8.492809 8.475414 8.444412 8.410188 8.374789 8.366859 8.367737 8.367626 8.345808 8.312491 8.281898 8.244012 8.200751 8.153935 8.120275 8.097018 8.078402 8.040217 8.007207 7.926486 7.813161 7.724008 7.694426 7.786253 7.991553 8.280472 8.596245 8.878597 9.05407 9.103496 9.157269 9.273327 9.407437 9.586042 9.818277 10.07292 10.36974 10.68625 10.96703 11.15118 11.11715 10.92597 10.81318 10.79582 10.86028 10.87123 10.7376
8.482507 8.497841 8.516791 8.533151 8.54313 8.545081 8.546004 8.548818 8.556069 8.564934 8.572148 8.575315 8.551677 8.528959 8.513108 8.503901 8.492306 8.474821 8.456367 8.425378 8.399911 8.383209 8.378296 8.370553 8.338355 8.305876 8.27898 8.250554 8.221561 8.187292 8.158943 8.133085 8.109709 8.090167 8.062475 7.998675 7.904112 7.823806 7.83801 7.995707 8.230947 8.518645 8.807829 9.052271 9.239224 9.306641 9.326436 9.400082 9.516896 9.706967 9.992932 10.28848 10.58165 10.8664 11.12452 11.29742 11.32194 11.21373 11.18071 11.0849 10.90556 10.72961 10.49733
8.493553 8.504341 8.513954 8.527086 8.539249 8.535698 8.531126 8.539169 8.552135 8.565182 8.572329 8.56596 8.531705 8.504173 8.49411 8.487504 8.481444 8.475425 8.45445 8.428736 8.416599 8.404485 8.386647 8.371362 8.340872 8.2983 8.286501 8.273582 8.254842 8.223337 8.199014 8.180247 8.162654 8.147326 8.126046 8.099138 8.024717 7.943998 8.030447 8.220726 8.475526 8.751146 9.008109 9.240794 9.410416 9.485621 9.473628 9.505215 9.633242 9.850734 10.13546 10.45819 10.73643 10.97167 11.19689 11.38502 11.45871 11.42351 11.34252 11.12217 10.81569 10.51156 10.19977
8.503097 8.512244 8.522907 8.526983 8.530501 8.534243 8.523284 8.52331 8.5372 8.548339 8.550524 8.542305 8.517669 8.491457 8.483402 8.48298 8.47888 8.469181 8.448739 8.420793 8.410461 8.409349 8.410857 8.389386 8.354575 8.318742 8.305941 8.295904 8.282065 8.258767 8.233396 8.213531 8.206073 8.204229 8.203742 8.18892 8.135984 8.111089 8.216271 8.389497 8.610448 8.854974 9.082537 9.312728 9.468561 9.521244 9.481172 9.478012 9.635148 9.874819 10.16527 10.44563 10.68787 10.90323 11.14404 11.3867 11.53536 11.50136 11.32099 11.00068 10.61098 10.23118 9.909582
8.503617 8.51871 8.531434 8.53775 8.540206 8.5288 8.505924 8.507656 8.530346 8.546826 8.550318 8.5398 8.521217 8.504195 8.493074 8.484159 8.473984 8.462039 8.439191 8.406386 8.400108 8.415792 8.43255 8.415273 8.377566 8.346096 8.326028 8.312988 8.303772 8.283877 8.266814 8.262593 8.26435 8.271953 8.272649 8.269063 8.24106 8.234965 8.313695 8.473145 8.655949 8.859336 9.082104 9.278017 9.386699 9.389871 9.33931 9.375737 9.555609 9.803754 10.06077 10.29722 10.5162 10.7581 11.08623 11.41193 11.59231 11.49616 11.17837 10.77315 10.33684 9.94321 9.623387
8.493057 8.507389 8.523389 8.535506 8.526999 8.509035 8.492705 8.499375 8.525367 8.547934 8.562485 8.553208 8.532759 8.508963 8.490324 8.476793 8.465257 8.444941 8.422877 8.39737 8.39255 8.413927 8.430003 8.423304 8.376049 8.353744 8.341941 8.344107 8.332872 8.315128 8.299097 8.312935 8.329784 8.324618 8.339674 8.336766 8.330297 8.330556 8.391818 8.499169 8.648016 8.849689 9.045382 9.166183 9.215672 9.186402 9.195441 9.285437 9.489486 9.724363 9.941451 10.15528 10.41482 10.77214 11.17118 11.51501 11.61605 11.39279 10.97504 10.47403 10.01335 9.644168 9.375675
8.487579 8.503881 8.513559 8.523067 8.520179 8.506791 8.501082 8.514331 8.534332 8.554315 8.571125 8.56054 8.536523 8.509439 8.48935 8.470438 8.45829 8.43759 8.416619 8.399608 8.401011 8.409904 8.419533 8.405264 8.372371 8.350207 8.357031 8.357445 8.351521 8.32033 8.320509 8.364609 8.363957 8.364863 8.389736 8.387917 8.392494 8.404512 8.461598 8.53183 8.649697 8.813536 8.95671 9.037032 9.09636 9.152 9.259164 9.406626 9.590963 9.781336 9.981111 10.23302 10.58224 11.02069 11.42789 11.66139 11.56575 11.19865 10.69374 10.20781 9.787355 9.447283 9.208426
8.478426 8.500499 8.510117 8.514164 8.518675 8.521632 8.530796 8.547615 8.559802 8.565089 8.57506 8.557464 8.525814 8.500299 8.480113 8.466919 8.450569 8.434467 8.417992 8.412055 8.410582 8.419608 8.422938 8.404586 8.380753 8.363346 8.365777 8.368756 8.360061 8.326303 8.332979 8.376898 8.382189 8.393567 8.434119 8.441161 8.444207 8.46088 8.505548 8.591169 8.697841 8.813299 8.938765 9.069726 9.22224 9.377379 9.500092 9.621824 9.755617 9.932721 10.15802 10.49311 10.91314 11.3503 11.64637 11.68486 11.39917 10.92807 10.39847 9.929522 9.574168 9.31486 9.124323
8.464099 8.485543 8.498216 8.497265 8.50879 8.533199 8.554626 8.576099 8.592013 8.590464 8.572602 8.548685 8.506789 8.468416 8.447364 8.445483 8.440613 8.434768 8.429047 8.41545 8.418312 8.428868 8.433349 8.42452 8.390108 8.367123 8.358008 8.36095 8.353731 8.345284 8.348707 8.382277 8.41269 8.425179 8.474829 8.502235 8.508905 8.534754 8.581827 8.66142 8.772366 8.897216 9.044316 9.195967 9.353216 9.491096 9.575351 9.651517 9.767796 9.979674 10.3188 10.77164 11.23693 11.56914 11.67513 11.49333 11.11392 10.63828 10.13417 9.702411 9.389015 9.150338 8.987391
8.456352 8.468768 8.480021 8.482589 8.502232 8.533311 8.565664 8.592228 8.609042 8.592598 8.564322 8.530429 8.481581 8.431109 8.415531 8.418165 8.422774 8.426542 8.418518 8.391807 8.395903 8.406918 8.413421 8.40227 8.360319 8.331389 8.336151 8.344207 8.357686 8.372534 8.407149 8.448797 8.463743 8.48078 8.530273 8.569292 8.59354 8.619926 8.661254 8.734914 8.836063 8.954916 9.08677 9.220992 9.3462 9.438659 9.491464 9.596186 9.80938 10.14378 10.59066 11.05288 11.42478 11.57723 11.47507 11.15438 10.7514 10.32701 9.883361 9.525226 9.251488 9.028081 8.847044
8.456498 8.469898 8.472916 8.478946 8.506095 8.540241 8.575787 8.595981 8.601191 8.579607 8.53434 8.495207 8.45025 8.405183 8.395397 8.411566 8.415118 8.406802 8.394235 8.368597 8.367401 8.375443 8.376376 8.359362 8.3353 8.31216 8.323318 8.349589 8.367986 8.394861 8.441737 8.500976 8.529536 8.552003 8.602659 8.650877 8.670952 8.690752 8.722124 8.78845 8.881309 8.969945 9.066631 9.170127 9.262323 9.349418 9.477528 9.717979 10.05371 10.46595 10.90135 11.25852 11.4297 11.36481 11.11882 10.73517 10.37588 10.00075 9.61706 9.343471 9.126236 8.929485 8.773513
8.451454 8.470735 8.484794 8.498009 8.526513 8.556435 8.589944 8.603297 8.590336 8.563356 8.515065 8.462658 8.419004 8.408218 8.414004 8.421244 8.422588 8.407708 8.380835 8.359866 8.358776 8.362411 8.363069 8.351718 8.347052 8.357218 8.358077 8.367908 8.383842 8.423881 8.45876 8.507231 8.536868 8.571843 8.642252 8.696215 8.712103 8.730673 8.773709 8.828732 8.905734 8.988746 9.072808 9.156275 9.267297 9.435215 9.676144 9.988069 10.3407 10.70929 11.0462 11.26695 11.23839 11.0168 10.70478 10.37008 10.03627 9.718194 9.390167 9.148367 8.996628 8.872235 8.742946
8.442689 8.469114 8.49529 8.518468 8.546919 8.576792 8.599666 8.5967 8.581703 8.552254 8.507492 8.460811 8.430083 8.419264 8.420074 8.421971 8.422084 8.407548 8.39017 8.3895 8.382498 8.373411 8.362792 8.352995 8.366174 8.393277 8.396812 8.395344 8.414806 8.451955 8.492952 8.504689 8.527478 8.568829 8.655842 8.720886 8.732757 8.764668 8.817395 8.87754 8.954746 9.039041 9.140713 9.259704 9.424401 9.654292 9.922585 10.20584 10.48928 10.76334 10.99076 11.11062 10.96303 10.63113 10.33252 10.07007 9.782984 9.499789 9.216205 8.998899 8.869949 8.812991 8.754701
8.438588 8.473277 8.495374 8.523643 8.553476 8.579696 8.594822 8.588683 8.572745 8.549326 8.514216 8.477361 8.444698 8.435017 8.430836 8.419732 8.405137 8.38389 8.384289 8.403806 8.414659 8.402866 8.380395 8.372136 8.390808 8.414323 8.42204 8.425814 8.446526 8.481901 8.518953 8.529423 8.540621 8.598454 8.689034 8.747998 8.787066 8.840065 8.878626 8.941661 9.021605 9.105243 9.233569 9.377046 9.574869 9.821982 10.07023 10.28136 10.49333 10.69174 10.8666 10.91376 10.67848 10.2859 9.997723 9.818037 9.620047 9.383353 9.114544 8.89074 8.774372 8.731347 8.721736
8.452868 8.481718 8.505964 8.538679 8.566036 8.585361 8.591338 8.584457 8.564688 8.546042 8.51925 8.486904 8.457641 8.443405 8.436727 8.427172 8.400712 8.374196 8.374989 8.398259 8.417917 8.412292 8.393581 8.397357 8.414251 8.438306 8.435118 8.445624 8.472831 8.512474 8.551517 8.579451 8.601132 8.689003 8.775459 8.861915 8.936484 8.971253 8.995062 9.078477 9.138989 9.214655 9.334611 9.483728 9.683533 9.905083 10.10422 10.27127 10.44498 10.60689 10.72732 10.69837 10.42308 10.01481 9.719491 9.579577 9.504087 9.358108 9.104434 8.825064 8.676094 8.630272 8.653157
8.476546 8.505553 8.526196 8.551357 8.578723 8.599774 8.59442 8.582559 8.564998 8.545429 8.524832 8.499583 8.469415 8.444165 8.434431 8.425292 8.401805 8.386339 8.388403 8.392655 8.392665 8.380013 8.375705 8.398477 8.430574 8.438747 8.439134 8.443989 8.47057 8.537745 8.613309 8.674341 8.710981 8.791287 8.908452 9.023315 9.109116 9.145856 9.141876 9.211772 9.292233 9.377993 9.461767 9.584341 9.753067 9.941329 10.10361 10.24483 10.38288 10.50145 10.53514 10.44975 10.19875 9.79108 9.469661 9.391186 9.405334 9.351707 9.104323 8.794471 8.558834 8.518018 8.584895
8.498731 8.526302 8.547311 8.575627 8.594523 8.600709 8.596753 8.57967 8.562403 8.545033 8.52778 8.507946 8.482307 8.452686 8.432558 8.420889 8.419028 8.407934 8.414164 8.414993 8.392907 8.361843 8.369032 8.401183 8.428112 8.440401 8.439827 8.443944 8.483528 8.604461 8.73427 8.827386 8.860097 8.952099 9.057235 9.183241 9.286865 9.315742 9.272489 9.311977 9.443086 9.519937 9.608483 9.686701 9.793825 9.958602 10.10623 10.19998 10.27705 10.31203 10.31052 10.23628 9.99861 9.590067 9.264572 9.239539 9.327693 9.329614 9.089046 8.755831 8.463613 8.398009 8.482272
