py_wake/examples/data/AJ_ParqueFicticio/Rough survey   Sector 4   Height 30m   Mean speed.grd
DSAA
73  159
 258469   265669
 6501692   6517492
 .1989357   11.37843
[rows 28 to 55 of 159, columns 0 to 62 of 73]
5.192237 5.199164 5.202826 5.203663 5.208576 5.217525 5.220559 5.220745 5.218101 5.239999 5.270116 5.3013 5.326288 5.364119 5.355698 5.357449 5.372966 5.38935 5.400695 5.410121 5.40562 5.372682 5.387012 5.372884 5.327924 5.230606 5.121725 5.09196 5.137247 5.159738 5.206887 5.217301 5.090209 4.77393 4.41289 4.864735 5.081052 4.995471 4.980038 4.64116 4.320366 4.367869 4.449298 4.905547 5.098666 5.128275 4.962623 4.900143 5.269219 5.692349 5.944725 6.382666 7.592981 8.391078 7.908913 8.218247 9.428427 9.868101 8.831935 7.150849 6.084505 5.023571 4.055051
5.185326 5.196572 5.208992 5.212946 5.222604 5.223376 5.219516 5.227743 5.244131 5.257064 5.276743 5.300111 5.328106 5.338623 5.342755 5.343556 5.358408 5.382805 5.402165 5.424073 5.374329 5.32048 5.326288 5.325518 5.294516 5.221439 5.138838 5.110814 5.11685 5.143425 5.159232 5.155468 4.988918 4.610941 4.440395 4.850602 4.938991 4.86906 4.846075 4.677344 4.440479 4.320249 4.429131 4.666028 4.864109 4.958941 4.928621 5.023557 5.511923 6.070053 6.35945 6.825191 7.742411 8.666039 8.767471 9.099642 9.624261 9.643657 8.371871 6.877619 5.676197 4.469618 3.898359
5.174428 5.186869 5.202612 5.207679 5.2158 5.22339 5.222453 5.228683 5.243432 5.257428 5.268006 5.279754 5.296397 5.302269 5.303988 5.32186 5.34952 5.378585 5.411869 5.415893 5.361202 5.317668 5.292099 5.285242 5.251123 5.206845 5.162972 5.128829 5.100436 5.102098 5.104615 5.114383 4.896548 4.587516 4.539165 4.77078 4.836667 4.796793 4.750559 4.702547 4.526356 4.258928 4.424671 4.618593 4.691138 4.769585 4.910113 5.267074 5.762655 6.350092 6.679597 7.291374 7.98356 8.910477 9.647244 9.919169 10.10585 9.28102 7.773918 6.325738 4.885275 3.955347 4.140697
5.169729 5.179338 5.1863 5.191937 5.203568 5.213475 5.216536 5.220429 5.231248 5.241302 5.250274 5.262828 5.272103 5.254485 5.280662 5.306914 5.340155 5.391859 5.441943 5.389758 5.346489 5.31554 5.277471 5.248872 5.22653 5.194899 5.158725 5.157744 5.108016 5.068388 5.088251 5.068838 4.870847 4.653554 4.659587 4.74227 4.724581 4.661781 4.637563 4.728135 4.562065 4.371805 4.334727 4.544485 4.695893 4.742414 4.889205 5.312863 5.831179 6.313253 6.864174 7.596622 8.31286 9.094738 10.10921 10.5441 10.44413 8.986136 7.184581 5.663941 4.292081 3.729624 4.926218
5.153671 5.166889 5.181421 5.188694 5.200934 5.207078 5.216346 5.21605 5.220323 5.22746 5.233805 5.242088 5.248435 5.203635 5.244375 5.284399 5.333747 5.423096 5.424876 5.36187 5.324654 5.299041 5.263961 5.232687 5.207633 5.166026 5.141118 5.131009 5.068449 5.041912 5.045588 4.988726 4.821183 4.693269 4.677805 4.735056 4.70903 4.538593 4.540132 4.682346 4.713709 4.501697 4.404616 4.39926 4.581795 4.884352 5.273756 5.501696 5.712715 6.154025 6.742951 7.464353 8.29827 9.276375 10.49838 10.92335 10.41804 8.644729 6.785093 5.226227 4.053428 4.031687 6.053817
5.15816 5.17208 5.181281 5.198613 5.210025 5.22042 5.218714 5.226069 5.230439 5.23381 5.23543 5.240838 5.224843 5.176854 5.231975 5.273685 5.33503 5.446146 5.398167 5.345128 5.301451 5.278506 5.253364 5.218447 5.196061 5.165866 5.124185 5.139319 5.093703 5.031639 5.010739 4.958316 4.848164 4.736054 4.65992 4.664934 4.675299 4.438294 4.461405 4.538735 4.655304 4.658895 4.582794 4.397535 4.411829 4.795074 5.372943 5.660717 5.796364 6.17731 6.728661 7.495677 8.238018 9.142133 10.346 11.24028 10.34341 8.39266 6.571961 5.206962 4.050256 4.391851 6.985122
5.179542 5.192002 5.196451 5.2059 5.211299 5.226788 5.223038 5.230188 5.241238 5.244696 5.254352 5.249354 5.234987 5.20256 5.251305 5.301742 5.366734 5.454529 5.365534 5.303782 5.265125 5.231737 5.211596 5.187572 5.166863 5.145575 5.131882 5.115415 5.085954 5.046649 4.992706 4.94684 4.880797 4.793457 4.661072 4.559766 4.66261 4.465001 4.361334 4.337258 4.551603 4.740107 4.779117 4.776058 4.319744 4.600631 5.181924 5.598015 5.770673 6.281479 6.845962 7.792265 8.532375 9.118609 10.19 11.1192 10.37369 8.530562 6.694368 5.214487 4.294682 5.005121 7.270949
5.164834 5.193988 5.203874 5.212704 5.214093 5.220226 5.226095 5.225138 5.230642 5.242441 5.248741 5.246068 5.229487 5.225671 5.285316 5.337348 5.393559 5.441195 5.309834 5.22622 5.187064 5.168136 5.162139 5.15248 5.147038 5.15086 5.129464 5.105974 5.069369 5.032501 4.98253 4.923644 4.864005 4.790777 4.63958 4.502816 4.553522 4.542441 4.310221 4.092175 4.413879 4.714101 5.098548 5.167168 4.757698 4.364519 4.961149 5.615602 5.957182 6.42498 6.974204 7.991467 8.774405 9.39535 10.17512 10.95018 10.42511 8.863963 6.726342 5.121393 4.806249 5.986132 7.45958
5.138635 5.164585 5.183247 5.208364 5.22759 5.241739 5.226108 5.226578 5.235746 5.239825 5.249996 5.246527 5.231265 5.220055 5.286067 5.34482 5.402805 5.451041 5.288964 5.147571 5.106071 5.107832 5.117821 5.130879 5.162999 5.15371 5.124187 5.091184 5.051125 5.011522 4.962971 4.892809 4.822384 4.801253 4.691328 4.539135 4.400414 4.374225 4.11748 4.059195 4.326841 4.818027 5.404184 5.705567 5.3944 4.26571 4.471909 5.382253 6.072341 6.610938 7.011074 7.964665 8.905154 9.456439 10.16729 10.88885 10.51592 8.820577 6.452841 5.06292 5.615788 7.096324 7.991647
5.086649 5.132849 5.164303 5.194142 5.225564 5.243497 5.223829 5.241046 5.245225 5.251711 5.246746 5.24486 5.235169 5.211985 5.268109 5.305943 5.338235 5.358447 5.326252 5.19754 5.055684 5.074089 5.091362 5.118016 5.18365 5.151481 5.114466 5.070118 5.027777 4.973947 4.904537 4.864802 4.846071 4.829997 4.789907 4.648164 4.276556 4.217605 4.135542 3.907066 4.292897 5.098745 5.790903 6.262755 6.186991 4.822406 4.050989 4.903433 5.897589 6.557287 6.951452 7.640042 8.480629 9.141593 9.981043 10.87819 10.49928 8.667367 6.257836 5.347672 6.419299 7.902804 8.525061
5.097732 5.138671 5.167614 5.184827 5.205561 5.230522 5.205053 5.226103 5.245614 5.260418 5.265808 5.272178 5.254109 5.217233 5.238279 5.254248 5.26776 5.270901 5.261703 5.195497 5.022779 5.065777 5.087337 5.122821 5.179019 5.136544 5.097764 5.055799 5.007655 4.938511 4.849391 4.887995 4.874017 4.83743 4.810383 4.610014 4.189425 4.025556 3.879229 3.932353 4.245249 5.039655 5.956538 6.680766 6.840884 5.719635 4.495386 4.710084 5.043799 6.001801 6.838348 7.375894 8.175011 8.993464 10.02529 11.02625 10.74972 8.700614 6.44459 5.883112 7.085855 8.085662 8.578277
5.130563 5.174727 5.201654 5.218887 5.225894 5.248659 5.208551 5.234674 5.258836 5.2827 5.299983 5.307155 5.234767 5.213113 5.224926 5.231796 5.247521 5.252987 5.238851 5.123441 5.027731 5.074425 5.108068 5.152789 5.154655 5.118796 5.080251 5.042269 4.993847 4.910469 4.841728 4.85905 4.861701 4.847824 4.82388 4.602222 4.198912 3.861483 3.582433 3.900068 4.275937 5.008365 5.828701 6.741563 7.24442 6.441724 5.092025 5.41801 5.234638 5.444992 6.630968 7.381857 8.130176 8.862248 9.902966 11.06855 10.80567 9.140909 7.243376 6.752855 7.080395 7.657883 7.991086
5.114028 5.164285 5.21037 5.24147 5.254745 5.233758 5.232405 5.256646 5.282874 5.306137 5.317764 5.315668 5.224365 5.206975 5.214907 5.227775 5.235187 5.222593 5.208511 5.152994 5.109533 5.110106 5.128887 5.161075 5.113142 5.057245 5.035889 5.000281 4.959909 4.896158 4.877748 4.873844 4.860512 4.866625 4.845292 4.696948 4.295222 3.716491 3.494062 3.891396 4.380298 5.096836 5.701263 6.634639 7.288922 6.877987 5.69395 5.655508 5.60373 5.596117 6.418469 7.324249 8.190551 8.932135 9.928044 10.84403 10.92132 9.868757 8.139669 7.103996 6.621443 6.91745 7.31145
5.151806 5.187276 5.217899 5.237259 5.24802 5.237493 5.203245 5.240256 5.28084 5.310168 5.328398 5.35151 5.206782 5.151226 5.171033 5.189558 5.197157 5.20069 5.187983 5.153253 5.169171 5.178499 5.180852 5.182144 5.122705 4.993915 4.999564 4.981787 4.968198 4.922456 4.909996 4.900107 4.886169 4.868048 4.86532 4.78749 4.306369 3.513359 3.486209 3.897178 4.500694 5.160582 5.57792 6.496788 7.23902 7.124136 6.019874 5.568262 5.704791 5.921985 6.503171 7.25245 8.096756 8.839699 9.778046 10.63502 10.74169 10.3959 9.107676 7.56037 6.204517 5.946515 6.377876
5.203528 5.233315 5.265699 5.282421 5.264717 5.235299 5.177378 5.204887 5.24912 5.274051 5.29007 5.296849 5.248734 5.161887 5.163758 5.18067 5.18644 5.194373 5.170205 5.124557 5.152932 5.192109 5.235958 5.24459 5.061226 4.972193 4.974793 4.969213 4.966752 4.930691 4.913552 4.888377 4.893685 4.884106 4.876305 4.752333 4.249046 3.634705 3.513127 4.01979 4.57291 5.063114 5.46034 6.366946 6.927776 7.146646 6.161843 5.355955 5.941359 6.379679 6.851211 7.380829 8.046184 8.584506 9.338119 10.38055 10.9429 10.84061 9.837466 8.258305 6.751052 5.463005 5.42234
5.22288 5.266759 5.310983 5.365262 5.347182 5.249256 5.126328 5.171225 5.244454 5.278757 5.303311 5.294702 5.231644 5.182442 5.1794 5.182706 5.184275 5.184665 5.156403 5.066869 5.120583 5.186895 5.243246 5.195502 5.062554 5.007964 4.993424 4.971766 4.959205 4.923229 4.901381 4.903481 4.890785 4.875403 4.918471 4.737825 4.408797 4.008655 3.761629 4.170974 4.531935 5.027927 5.541573 6.406305 6.900249 6.896369 6.232397 5.602268 6.04857 6.653512 7.062132 7.390822 7.984449 8.347685 9.138858 10.64468 11.25696 11.08238 9.99155 8.469811 7.352805 6.12341 5.15878
5.20843 5.245019 5.288552 5.366466 5.292584 5.21172 5.117618 5.145021 5.209552 5.262542 5.310204 5.274086 5.180501 5.163032 5.171956 5.17285 5.177244 5.160958 5.133291 5.055344 5.096211 5.172413 5.240354 5.243259 5.049949 5.018612 5.023942 5.025423 4.986214 4.926462 4.914832 4.943195 4.908323 4.891202 4.976021 4.809052 4.594229 4.331413 4.093643 4.28524 4.345937 5.078946 5.723168 6.119613 6.499226 6.451055 6.009301 5.846362 6.100317 6.765955 6.973089 7.057407 7.438534 8.262913 9.278001 10.85515 11.16103 10.74295 9.68086 8.377137 7.328315 6.445411 5.747998
5.207897 5.236691 5.266541 5.328136 5.30021 5.17844 5.100725 5.161996 5.211034 5.24338 5.288812 5.25892 5.198559 5.172708 5.176525 5.179449 5.182862 5.164899 5.129423 5.059128 5.099059 5.156258 5.207494 5.223241 5.111673 5.030134 5.046301 5.060908 5.015159 4.840615 4.874047 5.005632 4.858644 4.784991 5.012933 4.870787 4.671072 4.457601 4.449057 4.485778 4.447742 4.948867 5.54984 5.684279 5.963418 6.028303 6.278458 6.462043 6.632508 6.894386 7.078932 7.205263 7.575974 8.701985 9.789373 10.89075 11.0154 9.875577 8.857992 7.930656 7.246145 6.62672 6.235167
5.196459 5.243243 5.283964 5.291221 5.290121 5.249582 5.22111 5.271322 5.308953 5.292039 5.302793 5.249053 5.188274 5.166914 5.171669 5.177119 5.172202 5.155871 5.12496 5.077031 5.131267 5.19269 5.233778 5.236367 5.108495 5.048134 5.069757 5.076687 5.044886 4.924981 4.867016 5.033595 4.956439 4.733977 5.030914 4.912703 4.702538 4.510248 4.451724 4.627943 4.719718 4.873458 5.103538 5.429996 5.945086 6.348781 6.385458 6.570457 6.560918 6.828757 6.955404 7.59248 8.06533 8.893646 9.856052 10.69182 10.89715 9.642107 8.215692 7.507415 6.937292 6.614605 6.588455
5.175284 5.220252 5.256838 5.25442 5.27241 5.293926 5.312607 5.364983 5.441306 5.442615 5.297171 5.238115 5.142805 5.089337 5.105208 5.132972 5.143588 5.142228 5.128193 5.122624 5.185418 5.240399 5.266907 5.212816 5.067563 5.033901 5.051522 5.058079 5.023891 4.963877 4.885939 5.000533 4.986336 4.770446 5.01538 5.006225 4.752958 4.574996 4.39845 4.643482 4.785408 4.925406 5.182361 5.474058 6.052465 6.541968 6.363687 6.309297 6.491253 6.742047 7.050825 8.06181 8.893678 9.324903 9.72307 10.09463 10.33745 9.433045 8.103961 7.398788 6.808231 6.550827 6.415248
5.167026 5.196552 5.228695 5.215967 5.262181 5.300445 5.345512 5.408441 5.516178 5.416625 5.299044 5.217614 5.10622 4.982805 5.037584 5.086603 5.118472 5.136103 5.130189 5.070251 5.147668 5.200966 5.238095 5.264511 5.080615 4.942791 5.017005 5.031432 5.026007 4.978583 5.072863 5.168084 5.1366 4.835716 5.004958 5.070412 4.872854 4.720288 4.473963 4.679174 4.874086 4.996881 5.156217 5.553078 5.943841 6.323749 6.261581 6.165569 6.382575 6.847895 7.547724 8.275727 9.108149 9.488621 9.579189 9.152557 9.194422 8.830112 7.886352 7.523264 7.149712 6.503628 6.175189
5.195835 5.229987 5.235257 5.203574 5.2575 5.307329 5.368135 5.451539 5.49078 5.425957 5.283507 5.180724 5.078002 4.988009 5.025954 5.103262 5.124513 5.131153 5.121362 5.014323 5.08155 5.132237 5.167335 5.163393 5.12238 4.967309 5.028142 5.067981 5.061481 5.074454 5.171409 5.190371 5.089237 5.013013 5.102405 5.144982 4.987104 4.843234 4.610157 4.677344 4.74752 4.975903 5.136965 5.382653 5.652322 5.969402 5.891678 6.306884 6.891384 7.426799 8.108756 8.56167 8.886701 9.222084 9.358493 8.556872 8.333168 8.089939 7.206548 7.337558 7.441399 6.841918 6.358678
5.192028 5.234867 5.259176 5.209338 5.270906 5.33028 5.412124 5.506541 5.442251 5.384809 5.259996 5.126036 5.03583 4.995601 5.07832 5.124432 5.150872 5.177563 5.098578 4.985554 5.068769 5.111732 5.135525 5.113354 5.077198 5.096697 5.134835 5.133408 5.123702 5.202901 5.241494 5.197182 5.11453 5.090181 5.206731 5.204465 4.980321 4.880802 4.730644 4.665611 4.721402 4.866038 5.119142 5.081158 5.287426 5.724519 6.115529 6.614046 7.128821 7.783655 8.588199 9.035908 8.514098 8.592147 9.111209 8.420817 7.692136 7.531431 6.640203 6.75763 7.254573 7.234725 6.709882
5.162638 5.213061 5.256083 5.275876 5.31238 5.367166 5.462543 5.463078 5.412903 5.346329 5.232289 5.102266 5.011921 5.016354 5.070063 5.108191 5.117005 5.098443 5.082056 5.095109 5.134714 5.146152 5.122039 5.074692 5.121391 5.192044 5.233254 5.191481 5.159857 5.298546 5.392053 5.359252 5.156827 5.105515 5.286736 5.256732 4.939795 4.907864 4.805907 4.601602 4.688888 4.724287 5.078486 5.133983 5.311556 5.843812 6.264523 6.696209 7.240441 7.780996 8.697431 9.380359 8.473531 7.647153 8.379258 8.580238 7.724061 7.044411 6.282849 6.091211 6.75933 7.280639 7.194702
5.155871 5.21709 5.260158 5.287994 5.329327 5.379007 5.457743 5.441269 5.385015 5.333786 5.240388 5.1406 5.077914 5.073522 5.101549 5.1161 5.089156 5.050073 5.095645 5.158099 5.200366 5.219234 5.095243 5.08083 5.142885 5.208093 5.213035 5.16647 5.20957 5.322496 5.457911 5.34303 5.148577 5.205529 5.43494 5.386523 5.084292 4.880543 4.861581 4.796401 4.652465 4.347118 4.749026 4.945134 5.252857 5.882114 6.36754 6.613822 7.1394 7.654395 8.879724 9.613684 8.59937 6.816586 7.431549 8.21007 8.053024 7.367117 6.069796 5.619418 6.212823 6.940818 7.22592
5.191966 5.246491 5.270133 5.313599 5.356326 5.406501 5.460079 5.410203 5.358907 5.318395 5.256981 5.184771 5.130037 5.116873 5.137452 5.170221 5.117696 5.00841 5.066255 5.133732 5.157922 5.136311 5.097506 5.111651 5.163201 5.223656 5.18013 5.185029 5.237895 5.35604 5.466682 5.406644 5.194363 5.299963 5.56651 5.634293 5.256145 4.938809 4.815231 5.124034 5.070405 4.515234 4.357048 4.563368 4.985739 5.576771 6.096958 6.420716 6.949866 7.5711 8.810541 9.61633 8.80819 6.584606 6.42994 7.666102 8.217982 8.094832 6.698863 5.031594 5.561459 6.259697 7.154243
5.262867 5.288171 5.281943 5.321805 5.379885 5.454395 5.42953 5.385055 5.350699 5.313794 5.280058 5.231987 5.179683 5.135627 5.122866 5.123125 5.043355 5.02122 5.086645 5.125388 5.125679 5.072255 5.059595 5.113085 5.174528 5.208455 5.172886 5.137421 5.154767 5.42057 5.582129 5.599871 5.2075 5.317581 5.710314 5.996842 5.817995 5.106942 4.536976 5.185424 5.347665 5.084733 4.708025 4.369065 4.656616 5.318473 5.69243 6.042239 6.910764 7.513439 8.416942 9.322877 8.824553 6.77003 5.691014 6.849324 8.14769 8.547765 7.289593 5.475805 4.702096 5.541862 7.060756
5.299693 5.306113 5.3283 5.371305 5.42075 5.477689 5.411151 5.369097 5.33959 5.314686 5.293129 5.266226 5.23666 5.187858 5.104697 5.108715 5.123034 5.103446 5.144617 5.206745 5.172789 4.987686 5.027792 5.087822 5.148664 5.172999 5.136129 5.043458 5.044016 5.396147 5.85478 5.862572 5.163526 5.330165 5.648927 6.133376 6.168946 5.60965 4.595726 4.762812 5.559691 5.438584 5.299506 4.884631 4.725322 5.249511 5.519282 5.580854 6.438064 7.131462 8.112848 9.047672 8.69564 6.811894 5.271339 6.253269 8.146837 8.848891 7.655908 5.939342 4.336931 4.996644 7.033287
