py_wake/examples/data/AJ_ParqueFicticio/Rough survey   Sector 12   Height 200m   Weibull-k.grd
DSAA
73  159
 258469   265669
 6501692   6517492
 1.728516   1.861328
[rows 84 to 111 of 159, columns 0 to 62 of 73]
1.767578 1.767578 1.767578 1.767578 1.767578 1.767578 1.767578 1.767578 1.767578 1.767578 1.767578 1.767578 1.763672 1.763672 1.763672 1.763672 1.763672 1.763672 1.763672 1.759766 1.759766 1.759766 1.759766 1.759766 1.759766 1.759766 1.759766 1.759766 1.755859 1.755859 1.755859 1.755859 1.755859 1.751953 1.751953 1.751953 1.751953 1.751953 1.751953 1.751953 1.748047 1.748047 1.748047 1.748047 1.748047 1.748047 1.748047 1.748047 1.748047 1.748047 1.748047 1.748047 1.748047 1.744141 1.744141 1.744141 1.740234 1.740234 1.740234 1.744141 1.751953 1.759766 1.767578
1.767578 1.767578 1.767578 1.767578 1.767578 1.767578 1.767578 1.767578 1.767578 1.767578 1.767578 1.763672 1.763672 1.763672 1.763672 1.763672 1.763672 1.763672 1.759766 1.759766 1.759766 1.759766 1.759766 1.759766 1.759766 1.759766 1.759766 1.759766 1.755859 1.755859 1.755859 1.755859 1.751953 1.751953 1.751953 1.751953 1.751953 1.751953 1.751953 1.748047 1.748047 1.748047 1.748047 1.748047 1.748047 1.748047 1.748047 1.748047 1.748047 1.748047 1.748047 1.748047 1.744141 1.744141 1.744141 1.744141 1.740234 1.740234 1.740234 1.748047 1.755859 1.763672 1.771484
1.767578 1.767578 1.767578 1.767578 1.767578 1.767578 1.767578 1.767578 1.767578 1.763672 1.763672 1.763672 1.763672 1.763672 1.763672 1.763672 1.763672 1.759766 1.759766 1.759766 1.759766 1.759766 1.759766 1.759766 1.759766 1.759766 1.759766 1.755859 1.755859 1.755859 1.755859 1.755859 1.751953 1.751953 1.751953 1.751953 1.751953 1.751953 1.748047 1.748047 1.748047 1.748047 1.748047 1.748047 1.748047 1.748047 1.748047 1.748047 1.748047 1.748047 1.748047 1.744141 1.744141 1.744141 1.744141 1.740234 1.740234 1.740234 1.744141 1.751953 1.763672 1.771484 1.775391
1.767578 1.767578 1.767578 1.767578 1.767578 1.767578 1.767578 1.767578 1.763672 1.763672 1.763672 1.763672 1.763672 1.763672 1.763672 1.763672 1.763672 1.759766 1.759766 1.759766 1.759766 1.759766 1.759766 1.759766 1.759766 1.759766 1.759766 1.755859 1.755859 1.755859 1.755859 1.751953 1.751953 1.751953 1.751953 1.751953 1.751953 1.751953 1.748047 1.748047 1.748047 1.748047 1.748047 1.748047 1.748047 1.748047 1.748047 1.748047 1.748047 1.748047 1.744141 1.744141 1.744141 1.744141 1.744141 1.740234 1.740234 1.740234 1.748047 1.755859 1.767578 1.775391 1.779297
1.767578 1.767578 1.767578 1.767578 1.767578 1.767578 1.767578 1.763672 1.763672 1.763672 1.763672 1.763672 1.763672 1.763672 1.763672 1.763672 1.759766 1.759766 1.759766 1.759766 1.759766 1.759766 1.759766 1.759766 1.759766 1.759766 1.755859 1.755859 1.755859 1.755859 1.755859 1.751953 1.751953 1.751953 1.751953 1.751953 1.751953 1.748047 1.748047 1.748047 1.748047 1.748047 1.748047 1.748047 1.748047 1.748047 1.748047 1.748047 1.748047 1.744141 1.744141 1.744141 1.744141 1.744141 1.744141 1.740234 1.740234 1.740234 1.748047 1.759766 1.771484 1.783203 1.783203
1.767578 1.767578 1.767578 1.767578 1.767578 1.767578 1.763672 1.763672 1.763672 1.763672 1.763672 1.763672 1.763672 1.763672 1.763672 1.759766 1.759766 1.759766 1.759766 1.759766 1.759766 1.759766 1.759766 1.759766 1.759766 1.755859 1.755859 1.755859 1.755859 1.755859 1.755859 1.751953 1.751953 1.751953 1.751953 1.751953 1.748047 1.748047 1.748047 1.748047 1.748047 1.748047 1.748047 1.748047 1.748047 1.748047 1.748047 1.748047 1.744141 1.744141 1.744141 1.744141 1.744141 1.744141 1.744141 1.744141 1.740234 1.740234 1.748047 1.759766 1.775391 1.787109 1.787109
1.763672 1.767578 1.763672 1.763672 1.763672 1.763672 1.763672 1.763672 1.763672 1.763672 1.763672 1.763672 1.763672 1.763672 1.763672 1.759766 1.759766 1.759766 1.759766 1.759766 1.759766 1.759766 1.759766 1.759766 1.755859 1.755859 1.755859 1.755859 1.755859 1.755859 1.755859 1.751953 1.751953 1.751953 1.751953 1.748047 1.748047 1.748047 1.748047 1.748047 1.748047 1.748047 1.748047 1.748047 1.748047 1.748047 1.748047 1.744141 1.744141 1.744141 1.744141 1.744141 1.744141 1.744141 1.744141 1.744141 1.740234 1.740234 1.748047 1.763672 1.779297 1.791016 1.791016
1.763672 1.763672 1.763672 1.763672 1.763672 1.763672 1.763672 1.759766 1.759766 1.759766 1.759766 1.759766 1.759766 1.759766 1.759766 1.759766 1.759766 1.759766 1.759766 1.759766 1.759766 1.759766 1.759766 1.755859 1.755859 1.755859 1.755859 1.755859 1.755859 1.755859 1.755859 1.751953 1.751953 1.751953 1.748047 1.748047 1.748047 1.748047 1.748047 1.748047 1.748047 1.748047 1.748047 1.748047 1.748047 1.748047 1.744141 1.740234 1.740234 1.740234 1.740234 1.740234 1.744141 1.740234 1.740234 1.740234 1.740234 1.740234 1.751953 1.767578 1.787109 1.794922 1.794922
1.763672 1.763672 1.763672 1.763672 1.763672 1.763672 1.759766 1.759766 1.759766 1.759766 1.759766 1.759766 1.759766 1.755859 1.759766 1.759766 1.759766 1.759766 1.759766 1.759766 1.759766 1.759766 1.755859 1.755859 1.755859 1.755859 1.755859 1.755859 1.755859 1.755859 1.755859 1.751953 1.751953 1.748047 1.748047 1.748047 1.748047 1.748047 1.748047 1.748047 1.748047 1.748047 1.748047 1.748047 1.748047 1.740234 1.740234 1.736328 1.736328 1.736328 1.736328 1.736328 1.740234 1.740234 1.740234 1.740234 1.740234 1.748047 1.755859 1.775391 1.794922 1.806641 1.806641
1.763672 1.763672 1.763672 1.763672 1.763672 1.759766 1.759766 1.759766 1.759766 1.759766 1.759766 1.759766 1.759766 1.759766 1.759766 1.759766 1.759766 1.759766 1.759766 1.759766 1.759766 1.755859 1.755859 1.755859 1.755859 1.755859 1.755859 1.755859 1.755859 1.755859 1.751953 1.751953 1.751953 1.748047 1.748047 1.748047 1.748047 1.748047 1.748047 1.748047 1.748047 1.748047 1.748047 1.744141 1.740234 1.736328 1.736328 1.736328 1.740234 1.740234 1.740234 1.740234 1.740234 1.740234 1.744141 1.748047 1.751953 1.755859 1.767578 1.783203 1.802734 1.814453 1.814453
1.763672 1.763672 1.763672 1.759766 1.759766 1.759766 1.759766 1.759766 1.759766 1.759766 1.759766 1.759766 1.755859 1.759766 1.759766 1.759766 1.759766 1.759766 1.759766 1.759766 1.759766 1.755859 1.755859 1.755859 1.755859 1.755859 1.755859 1.755859 1.755859 1.755859 1.751953 1.751953 1.748047 1.744141 1.748047 1.748047 1.748047 1.748047 1.748047 1.748047 1.748047 1.748047 1.748047 1.740234 1.736328 1.736328 1.736328 1.736328 1.740234 1.740234 1.740234 1.740234 1.740234 1.744141 1.748047 1.751953 1.759766 1.763672 1.775391 1.791016 1.810547 1.822266 1.826172
1.763672 1.759766 1.759766 1.759766 1.759766 1.759766 1.759766 1.759766 1.759766 1.759766 1.759766 1.755859 1.759766 1.759766 1.759766 1.759766 1.759766 1.759766 1.759766 1.759766 1.759766 1.755859 1.755859 1.755859 1.755859 1.755859 1.755859 1.755859 1.755859 1.751953 1.751953 1.748047 1.748047 1.740234 1.744141 1.748047 1.748047 1.748047 1.748047 1.748047 1.748047 1.748047 1.740234 1.740234 1.736328 1.736328 1.736328 1.736328 1.736328 1.736328 1.740234 1.740234 1.740234 1.744141 1.748047 1.751953 1.759766 1.767578 1.775391 1.791016 1.810547 1.826172 1.830078
1.759766 1.759766 1.759766 1.759766 1.759766 1.759766 1.759766 1.759766 1.759766 1.759766 1.759766 1.755859 1.759766 1.759766 1.759766 1.759766 1.759766 1.759766 1.759766 1.759766 1.755859 1.755859 1.755859 1.755859 1.755859 1.755859 1.755859 1.755859 1.755859 1.751953 1.748047 1.748047 1.748047 1.740234 1.740234 1.744141 1.744141 1.744141 1.748047 1.748047 1.748047 1.744141 1.740234 1.740234 1.736328 1.736328 1.736328 1.736328 1.736328 1.736328 1.740234 1.740234 1.740234 1.740234 1.744141 1.748047 1.755859 1.767578 1.779297 1.794922 1.810547 1.826172 1.833984
1.759766 1.759766 1.759766 1.759766 1.759766 1.759766 1.759766 1.759766 1.759766 1.759766 1.759766 1.759766 1.759766 1.759766 1.759766 1.759766 1.759766 1.759766 1.759766 1.755859 1.755859 1.755859 1.755859 1.755859 1.755859 1.755859 1.755859 1.755859 1.755859 1.748047 1.748047 1.748047 1.744141 1.736328 1.740234 1.744141 1.740234 1.740234 1.744141 1.748047 1.744141 1.744141 1.744141 1.740234 1.740234 1.740234 1.740234 1.740234 1.740234 1.740234 1.744141 1.744141 1.740234 1.740234 1.740234 1.740234 1.748047 1.763672 1.775391 1.791016 1.810547 1.826172 1.833984
1.759766 1.759766 1.759766 1.759766 1.759766 1.759766 1.759766 1.759766 1.759766 1.759766 1.759766 1.759766 1.759766 1.763672 1.759766 1.759766 1.759766 1.759766 1.755859 1.755859 1.755859 1.755859 1.755859 1.755859 1.755859 1.755859 1.755859 1.755859 1.748047 1.748047 1.748047 1.748047 1.740234 1.736328 1.740234 1.740234 1.744141 1.744141 1.744141 1.744141 1.744141 1.744141 1.744141 1.744141 1.744141 1.744141 1.744141 1.744141 1.744141 1.744141 1.744141 1.744141 1.744141 1.744141 1.740234 1.740234 1.748047 1.759766 1.775391 1.794922 1.810547 1.826172 1.837891
1.759766 1.759766 1.759766 1.759766 1.763672 1.763672 1.763672 1.763672 1.763672 1.759766 1.759766 1.763672 1.763672 1.763672 1.759766 1.759766 1.759766 1.759766 1.755859 1.755859 1.755859 1.755859 1.755859 1.755859 1.755859 1.755859 1.755859 1.755859 1.748047 1.748047 1.748047 1.748047 1.740234 1.736328 1.740234 1.744141 1.744141 1.748047 1.744141 1.744141 1.744141 1.744141 1.744141 1.744141 1.744141 1.744141 1.744141 1.744141 1.744141 1.744141 1.744141 1.744141 1.744141 1.740234 1.740234 1.744141 1.751953 1.767578 1.783203 1.802734 1.818359 1.833984 1.841797
1.759766 1.759766 1.759766 1.763672 1.763672 1.763672 1.763672 1.763672 1.759766 1.759766 1.763672 1.763672 1.763672 1.759766 1.759766 1.759766 1.759766 1.755859 1.755859 1.755859 1.755859 1.755859 1.755859 1.755859 1.755859 1.755859 1.755859 1.748047 1.748047 1.748047 1.748047 1.744141 1.736328 1.736328 1.740234 1.744141 1.748047 1.744141 1.744141 1.744141 1.744141 1.744141 1.744141 1.744141 1.744141 1.744141 1.744141 1.744141 1.744141 1.744141 1.744141 1.744141 1.744141 1.740234 1.740234 1.751953 1.763672 1.783203 1.798828 1.814453 1.830078 1.841797 1.849609
1.763672 1.763672 1.763672 1.763672 1.763672 1.763672 1.763672 1.763672 1.763672 1.763672 1.763672 1.763672 1.759766 1.759766 1.759766 1.759766 1.755859 1.755859 1.755859 1.755859 1.755859 1.755859 1.755859 1.755859 1.755859 1.755859 1.748047 1.748047 1.748047 1.748047 1.748047 1.740234 1.736328 1.736328 1.740234 1.740234 1.748047 1.744141 1.744141 1.744141 1.744141 1.744141 1.744141 1.744141 1.744141 1.744141 1.740234 1.744141 1.744141 1.744141 1.744141 1.744141 1.740234 1.740234 1.748047 1.759766 1.771484 1.791016 1.806641 1.822266 1.837891 1.849609 1.857422
1.763672 1.763672 1.763672 1.763672 1.767578 1.767578 1.767578 1.763672 1.763672 1.763672 1.763672 1.759766 1.759766 1.759766 1.759766 1.755859 1.755859 1.755859 1.755859 1.755859 1.755859 1.755859 1.755859 1.755859 1.755859 1.748047 1.748047 1.748047 1.748047 1.748047 1.748047 1.740234 1.736328 1.736328 1.740234 1.740234 1.740234 1.744141 1.744141 1.744141 1.744141 1.744141 1.744141 1.744141 1.744141 1.736328 1.736328 1.736328 1.740234 1.740234 1.740234 1.740234 1.740234 1.740234 1.751953 1.763672 1.779297 1.794922 1.810547 1.826172 1.841797 1.853516 1.857422
1.767578 1.767578 1.767578 1.767578 1.767578 1.767578 1.763672 1.763672 1.763672 1.763672 1.759766 1.759766 1.759766 1.759766 1.759766 1.755859 1.755859 1.755859 1.755859 1.755859 1.755859 1.755859 1.755859 1.755859 1.748047 1.748047 1.748047 1.748047 1.748047 1.748047 1.748047 1.740234 1.736328 1.736328 1.740234 1.736328 1.736328 1.740234 1.744141 1.744141 1.744141 1.744141 1.744141 1.744141 1.740234 1.740234 1.744141 1.740234 1.740234 1.740234 1.740234 1.740234 1.740234 1.744141 1.755859 1.767578 1.783203 1.798828 1.814453 1.830078 1.849609 1.857422 1.861328
1.767578 1.767578 1.767578 1.767578 1.767578 1.763672 1.763672 1.763672 1.763672 1.759766 1.759766 1.759766 1.759766 1.759766 1.755859 1.755859 1.755859 1.755859 1.755859 1.755859 1.751953 1.744141 1.744141 1.740234 1.748047 1.748047 1.748047 1.748047 1.748047 1.748047 1.748047 1.740234 1.736328 1.736328 1.736328 1.736328 1.736328 1.736328 1.744141 1.744141 1.744141 1.744141 1.744141 1.744141 1.736328 1.740234 1.748047 1.748047 1.744141 1.740234 1.740234 1.740234 1.740234 1.748047 1.759766 1.775391 1.787109 1.802734 1.822266 1.833984 1.849609 1.861328 1.861328
1.767578 1.767578 1.767578 1.767578 1.767578 1.763672 1.763672 1.763672 1.759766 1.759766 1.759766 1.759766 1.759766 1.755859 1.755859 1.751953 1.744141 1.744141 1.744141 1.744141 1.740234 1.740234 1.736328 1.736328 1.740234 1.748047 1.748047 1.748047 1.748047 1.748047 1.740234 1.736328 1.740234 1.740234 1.736328 1.736328 1.736328 1.736328 1.740234 1.744141 1.744141 1.744141 1.744141 1.740234 1.740234 1.744141 1.751953 1.755859 1.751953 1.744141 1.740234 1.740234 1.748047 1.755859 1.771484 1.787109 1.798828 1.814453 1.826172 1.837891 1.849609 1.861328 1.857422
1.767578 1.767578 1.767578 1.767578 1.763672 1.763672 1.763672 1.759766 1.759766 1.759766 1.759766 1.759766 1.755859 1.755859 1.755859 1.748047 1.740234 1.740234 1.740234 1.740234 1.740234 1.740234 1.736328 1.736328 1.736328 1.740234 1.748047 1.748047 1.744141 1.740234 1.736328 1.740234 1.740234 1.744141 1.740234 1.740234 1.740234 1.736328 1.740234 1.744141 1.744141 1.744141 1.744141 1.740234 1.740234 1.751953 1.759766 1.767578 1.763672 1.755859 1.748047 1.748047 1.751953 1.767578 1.783203 1.798828 1.810547 1.822266 1.830078 1.841797 1.853516 1.861328 1.857422
1.767578 1.767578 1.767578 1.763672 1.763672 1.763672 1.759766 1.759766 1.759766 1.759766 1.759766 1.759766 1.755859 1.755859 1.755859 1.748047 1.740234 1.740234 1.740234 1.740234 1.740234 1.736328 1.740234 1.736328 1.736328 1.736328 1.740234 1.740234 1.736328 1.736328 1.740234 1.744141 1.748047 1.748047 1.748047 1.744141 1.740234 1.736328 1.740234 1.744141 1.744141 1.744141 1.744141 1.740234 1.748047 1.759766 1.775391 1.779297 1.779297 1.763672 1.755859 1.751953 1.759766 1.775391 1.791016 1.802734 1.814453 1.826172 1.833984 1.841797 1.853516 1.857422 1.857422
1.767578 1.767578 1.767578 1.763672 1.763672 1.759766 1.759766 1.759766 1.759766 1.759766 1.759766 1.755859 1.755859 1.755859 1.755859 1.755859 1.744141 1.744141 1.740234 1.740234 1.736328 1.736328 1.740234 1.740234 1.736328 1.736328 1.736328 1.736328 1.736328 1.736328 1.740234 1.748047 1.751953 1.751953 1.751953 1.751953 1.744141 1.736328 1.736328 1.744141 1.744141 1.744141 1.740234 1.744141 1.759766 1.771484 1.787109 1.794922 1.791016 1.775391 1.759766 1.755859 1.759766 1.775391 1.791016 1.802734 1.810547 1.822266 1.830078 1.841797 1.849609 1.857422 1.857422
1.751953 1.751953 1.748047 1.755859 1.759766 1.759766 1.759766 1.759766 1.759766 1.759766 1.755859 1.755859 1.755859 1.755859 1.755859 1.755859 1.755859 1.751953 1.748047 1.736328 1.736328 1.736328 1.740234 1.740234 1.736328 1.736328 1.736328 1.736328 1.736328 1.740234 1.744141 1.751953 1.755859 1.755859 1.755859 1.755859 1.748047 1.740234 1.736328 1.740234 1.744141 1.740234 1.740234 1.748047 1.767578 1.783203 1.794922 1.802734 1.798828 1.783203 1.767578 1.759766 1.763672 1.775391 1.787109 1.798828 1.806641 1.814453 1.826172 1.837891 1.849609 1.857422 1.857422
1.744141 1.740234 1.744141 1.744141 1.751953 1.759766 1.759766 1.759766 1.759766 1.755859 1.755859 1.755859 1.755859 1.755859 1.755859 1.755859 1.755859 1.755859 1.748047 1.744141 1.736328 1.736328 1.740234 1.740234 1.736328 1.736328 1.736328 1.736328 1.736328 1.744141 1.748047 1.755859 1.755859 1.755859 1.755859 1.755859 1.751953 1.744141 1.736328 1.736328 1.740234 1.740234 1.740234 1.751953 1.771484 1.787109 1.798828 1.802734 1.798828 1.787109 1.771484 1.763672 1.763672 1.775391 1.783203 1.794922 1.798828 1.806641 1.818359 1.830078 1.845703 1.853516 1.857422
1.740234 1.740234 1.740234 1.740234 1.748047 1.759766 1.759766 1.759766 1.759766 1.755859 1.755859 1.755859 1.755859 1.755859 1.755859 1.755859 1.755859 1.748047 1.748047 1.748047 1.736328 1.736328 1.740234 1.740234 1.736328 1.736328 1.736328 1.736328 1.740234 1.744141 1.751953 1.755859 1.759766 1.759766 1.759766 1.759766 1.755859 1.748047 1.740234 1.736328 1.740234 1.736328 1.740234 1.751953 1.771484 1.787109 1.798828 1.802734 1.798828 1.787109 1.771484 1.763672 1.763672 1.771484 1.783203 1.787109 1.794922 1.802734 1.810547 1.826172 1.837891 1.849609 1.853516
