py_wake/examples/data/AJ_ParqueFicticio/Rough survey   Sector All   Height 30m   Mean speed.grd
DSAA
73  159
 258469   265669
 6501692   6517492
 2.338363   9.457575
[rows 56 to 83 of 159, columns 0 to 62 of 73]
4.907236 4.939028 4.963146 4.984625 5.021418 4.98458 4.946359 4.928689 4.91279 4.896852 4.8823 4.86418 4.849755 4.802123 4.697155 4.693828 4.708994 4.716333 4.711474 4.722952 4.671064 4.553447 4.560301 4.615761 4.640883 4.642642 4.609299 4.533986 4.644994 5.040268 5.559608 5.401894 4.830053 4.937212 5.190019 5.394399 5.65164 5.365927 4.756811 4.584121 5.057421 5.309864 5.209991 5.057613 4.954187 5.154154 5.275651 5.06297 5.171426 5.58748 6.276697 7.015409 6.768656 5.544622 4.568931 5.296679 6.729397 7.130284 6.36459 5.273611 4.321324 4.35875 5.857281
4.859945 4.910886 4.930187 4.951942 5.019446 4.981187 4.943906 4.9232 4.899258 4.876505 4.854686 4.830755 4.804171 4.808964 4.743452 4.704771 4.702571 4.701826 4.700722 4.738966 4.727182 4.657439 4.610915 4.630853 4.647448 4.641911 4.613329 4.502623 4.579267 5.076373 5.701877 5.434247 5.09756 5.033169 5.288898 5.434941 5.584065 5.371984 5.01091 4.77085 5.0189 5.237227 5.144198 5.019029 5.132859 5.34209 5.28339 4.8792 4.922229 5.342704 6.176908 6.7112 6.573196 5.383282 4.609282 5.419434 6.84965 7.145525 6.402613 5.090544 4.233366 4.085847 5.319543
4.800088 4.832532 4.884781 4.898688 4.945985 4.940196 4.901118 4.880384 4.858848 4.833373 4.807255 4.783799 4.763122 4.773638 4.770801 4.740431 4.714905 4.69334 4.685523 4.724334 4.733612 4.729233 4.694506 4.631103 4.649808 4.639808 4.592118 4.596065 4.555077 4.947157 5.599774 5.316184 5.066995 4.995441 5.16317 5.358039 5.554227 5.33245 5.061003 4.844047 4.973985 5.018747 4.901587 4.971163 5.210918 5.389728 5.285383 4.859863 4.787531 5.195035 5.910915 6.291285 6.3254 5.319141 4.544034 5.412697 6.598104 7.138221 6.659152 5.519031 4.399035 3.942022 4.858235
4.823873 4.858312 4.958719 4.963471 4.869311 4.872784 4.849339 4.834895 4.813459 4.790245 4.768985 4.748969 4.731354 4.744238 4.753942 4.743095 4.725067 4.703336 4.685669 4.70681 4.716248 4.723721 4.725946 4.678936 4.655062 4.644608 4.664453 4.688557 4.582128 4.795407 5.193262 5.155721 4.955638 4.743521 4.927864 5.234872 5.487102 5.371586 5.096614 4.865496 4.834046 4.804113 4.680092 4.926573 5.323009 5.412899 5.310116 4.967615 4.77428 4.925745 5.495468 5.813639 6.045465 5.194368 4.506546 5.065497 6.217863 6.900534 6.589023 5.837052 4.810333 3.935455 4.662583
4.887878 4.938087 5.044551 5.067906 4.907276 4.765171 4.769913 4.784044 4.778711 4.762149 4.743226 4.722719 4.696133 4.691589 4.70928 4.707561 4.696652 4.683361 4.717278 4.742452 4.738563 4.68623 4.689154 4.679118 4.647986 4.647973 4.747568 4.808728 4.923815 5.018231 5.146108 5.041208 4.895062 4.739506 4.807758 5.199145 5.347834 5.349926 5.11844 4.872346 4.725065 4.571438 4.600482 4.917604 5.371444 5.431731 5.333452 5.18038 4.931764 4.826186 4.883641 5.218935 5.736929 5.225036 4.503361 4.76919 5.949304 6.734021 6.379638 5.724917 5.02079 4.242333 4.366523
5.003618 5.059595 5.094863 5.063904 4.94941 4.811628 4.700598 4.722243 4.753538 4.755989 4.741678 4.728356 4.699166 4.678344 4.679276 4.675491 4.670011 4.677709 4.734048 4.765006 4.789834 4.713829 4.679821 4.658188 4.608502 4.644529 4.74057 4.981207 5.203605 5.339863 5.398133 5.15109 4.940615 4.943633 4.931836 5.193927 5.264002 5.222345 5.040545 4.867709 4.695758 4.466398 4.418391 4.87272 5.252901 5.390945 5.27541 5.360915 5.374522 4.970142 4.549629 4.624774 5.364523 5.449453 4.625337 4.55504 5.775975 6.516492 6.269964 5.610898 5.033207 4.52086 4.201058
5.05274 5.141191 5.078037 5.049557 4.960281 4.861389 4.747336 4.716523 4.739569 4.753601 4.752315 4.72998 4.700127 4.677751 4.663938 4.650064 4.629996 4.635322 4.699876 4.739639 4.78196 4.75327 4.702299 4.655385 4.607131 4.65175 4.697742 5.01309 5.288042 5.533674 5.693419 5.391341 5.202211 5.278594 5.219057 5.253889 5.254666 5.136252 4.931977 4.796549 4.617023 4.421805 4.373142 4.602264 5.17885 5.273401 5.222805 5.331082 5.596153 5.47528 4.740988 4.240974 5.015666 5.342726 4.993746 4.536373 5.270855 6.21177 6.133247 5.608111 5.028146 4.79491 4.441879
5.043842 5.113959 5.08154 5.045402 4.974529 4.890676 4.81159 4.76641 4.744276 4.746314 4.762651 4.732635 4.71011 4.69196 4.668793 4.641825 4.607367 4.567154 4.628693 4.668859 4.73034 4.720878 4.683982 4.630937 4.62404 4.688234 4.729764 4.933796 5.264613 5.56409 5.652057 5.487761 5.365113 5.39953 5.453686 5.395437 5.312083 5.128546 4.910944 4.717989 4.536935 4.348809 4.26403 4.451539 4.934957 5.271217 5.169168 5.243791 5.57909 5.75006 5.268072 4.393903 4.543793 4.930395 5.059002 4.617294 4.779201 5.698761 5.854669 5.450532 4.960821 4.830273 4.756553
5.005011 5.074542 5.048079 5.03173 4.987721 4.93278 4.875767 4.835136 4.770357 4.735887 4.746048 4.748541 4.730583 4.706303 4.679326 4.643275 4.602857 4.599223 4.624687 4.642633 4.66991 4.71109 4.677251 4.598714 4.592756 4.629493 4.720142 4.910843 5.264878 5.580936 5.604681 5.481025 5.415903 5.447771 5.53327 5.491881 5.375271 5.183677 4.986 4.785546 4.572024 4.337183 4.241574 4.288538 4.825879 5.114569 5.075852 5.157706 5.382712 5.572629 5.563466 4.834864 4.432878 4.297417 4.637802 4.746994 4.569437 5.058754 5.336714 5.034548 4.743742 4.609332 4.675288
4.942712 5.020275 5.008738 5.000625 4.989212 4.964945 4.933559 4.909106 4.825903 4.732742 4.741383 4.7364 4.725307 4.71645 4.690438 4.640775 4.592995 4.626316 4.64217 4.651433 4.707647 4.757951 4.733735 4.627165 4.592603 4.572162 4.585588 4.789125 5.112581 5.336355 5.51402 5.335228 5.364962 5.544852 5.526454 5.492789 5.409467 5.141149 4.945477 4.840613 4.635797 4.396912 4.283064 4.299479 4.693668 4.90337 4.918309 5.08994 5.149738 5.237002 5.666643 5.586088 4.914821 4.09311 4.061812 4.47237 4.666276 4.88927 5.027788 4.83707 4.640078 4.405145 4.23648
4.897923 4.946704 4.964269 4.969842 4.969157 4.968202 4.963239 4.936262 4.847565 4.738884 4.727701 4.727539 4.713972 4.700981 4.682775 4.641619 4.623542 4.636607 4.65142 4.653202 4.728154 4.809186 4.760167 4.704308 4.665803 4.597191 4.662951 4.865597 4.978204 5.155165 5.243249 5.193515 5.266323 5.650197 5.538709 5.499457 5.490776 5.163634 4.868178 4.737526 4.558192 4.475175 4.353169 4.34513 4.470186 4.470815 4.648558 5.137085 5.113502 4.804008 5.518723 5.929363 5.487307 4.483029 3.757001 3.864389 4.56181 4.869704 5.174539 5.322122 5.015939 4.764137 4.191746
4.878325 4.897462 4.928284 4.947598 4.957377 4.961739 4.971252 4.938713 4.866196 4.779354 4.743043 4.728727 4.717964 4.69192 4.654284 4.661765 4.656125 4.636326 4.627541 4.673991 4.716156 4.794671 4.806493 4.77722 4.735756 4.697568 4.755188 4.913589 5.038421 5.15077 5.137695 5.125567 5.170577 5.531302 5.561743 5.479983 5.525678 5.39268 4.969198 4.755172 4.500291 4.473064 4.439397 4.347878 4.250444 4.156946 4.441546 5.118786 5.168879 4.677578 5.224228 6.037898 5.756728 5.112542 4.106552 3.514461 4.00814 4.812753 5.179476 5.495274 5.524935 5.279355 4.788011
4.856394 4.871062 4.907835 4.935305 4.957149 4.968487 4.961219 4.930508 4.888572 4.818805 4.765184 4.733355 4.710951 4.691189 4.681563 4.700875 4.678896 4.653006 4.621083 4.644053 4.657857 4.680401 4.755493 4.774321 4.771284 4.903986 4.994313 4.913046 5.036913 5.157431 5.13414 5.096248 5.106627 5.342184 5.576026 5.467743 5.500343 5.523629 5.137078 4.912951 4.825915 4.703977 4.597157 4.501812 4.199943 4.085288 4.312603 4.919322 4.965482 4.492071 5.160075 5.848927 5.709587 5.239135 4.518198 3.61501 3.617182 4.391321 5.008155 5.393653 5.58007 5.672787 5.319258
4.822425 4.814605 4.833606 4.891169 4.934632 4.995538 4.957989 4.937457 4.911126 4.861012 4.7961 4.732891 4.683473 4.671362 4.759683 4.773247 4.716976 4.651249 4.628966 4.609187 4.591755 4.576162 4.697402 4.745864 4.883781 5.034205 5.051452 5.092031 5.176818 5.269959 5.236525 5.0817 5.010213 5.165228 5.414145 5.450992 5.469754 5.449766 5.211938 5.109562 5.072934 5.060475 4.965113 4.666801 4.342737 4.093235 4.188415 4.520021 4.593245 4.391137 4.842764 5.418705 5.389854 4.889867 4.410146 3.68376 3.480044 4.120838 4.788458 5.199124 5.445706 5.537862 5.401291
4.788162 4.763692 4.719584 4.813534 4.896233 4.982036 4.961132 4.9553 4.936606 4.898868 4.832328 4.754711 4.656677 4.662404 4.756046 4.832407 4.73749 4.655466 4.628638 4.610608 4.584752 4.528184 4.710749 4.795615 4.974551 5.077819 5.095844 5.1556 5.330122 5.459975 5.402094 5.184946 4.947504 5.016286 5.244762 5.415219 5.418397 5.378384 5.33444 5.352085 5.387609 5.22558 5.108518 4.793765 4.560886 4.225326 4.201499 4.324259 4.402906 4.428825 4.574574 4.604436 4.824938 4.512786 3.984871 3.570846 3.552027 4.091882 4.659859 5.063863 5.310036 5.380719 5.289257
4.823423 4.761518 4.66925 4.689833 4.795405 4.91899 4.931056 4.942095 4.944467 4.925917 4.85376 4.750011 4.666036 4.653653 4.708614 4.798774 4.761707 4.69272 4.637113 4.598652 4.542606 4.578334 4.73322 4.953685 5.065009 5.103819 5.151333 5.188953 5.38407 5.640905 5.679276 5.324987 5.004979 5.013169 5.163641 5.336251 5.37017 5.328622 5.31824 5.351045 5.428246 5.253321 5.022078 4.855794 4.728771 4.505319 4.293731 4.31642 4.40537 4.578138 4.591905 4.378065 4.536771 4.429984 3.763707 3.264677 3.516153 4.134497 4.653703 4.95783 5.242427 5.297792 5.240528
4.875869 4.782105 4.68576 4.64915 4.714288 4.794728 4.856529 4.909644 4.942024 4.940844 4.857023 4.78459 4.723904 4.676095 4.667508 4.726731 4.719174 4.690397 4.641108 4.585668 4.494698 4.559299 4.671445 4.895767 5.062912 5.081461 5.168329 5.245611 5.423443 5.742389 5.849433 5.488137 5.191067 5.209392 5.222876 5.28195 5.237154 5.228796 5.259808 5.269788 5.379867 5.299174 5.04194 4.931351 4.8042 4.635327 4.448104 4.329294 4.519091 4.71346 4.853706 4.737769 4.908871 5.045074 4.103354 3.2071 3.259765 3.972419 4.450208 4.828475 5.225779 5.244862 5.245381
4.878053 4.815586 4.763902 4.735717 4.707813 4.694465 4.743942 4.860225 4.955032 4.935398 4.889427 4.83729 4.795497 4.739136 4.648492 4.638624 4.661102 4.640363 4.598636 4.5375 4.449002 4.496685 4.600688 4.785605 4.956433 4.986887 5.072497 5.237511 5.667659 6.000715 5.972898 5.719356 5.458358 5.358521 5.311312 5.207084 5.114335 5.098081 5.165356 5.244158 5.33107 5.417031 5.190841 5.065961 4.876842 4.690805 4.294072 4.180326 4.379451 4.634125 4.752278 4.904644 5.223883 5.605419 4.986208 3.582328 3.235714 3.514874 4.141629 4.680657 5.00942 5.22423 5.209026
4.903399 4.85468 4.815747 4.817473 4.815851 4.651604 4.59943 4.786437 4.958563 4.917777 4.886227 4.862999 4.84652 4.836098 4.68495 4.552402 4.558146 4.589343 4.573339 4.5178 4.411736 4.47099 4.578846 4.750189 4.883872 4.909993 4.944737 5.158427 5.696878 6.197423 6.016295 5.821986 5.675265 5.48686 5.354864 5.212859 5.099102 5.018992 5.042841 5.148695 5.261678 5.246954 5.17813 5.193401 4.945838 4.882544 4.326707 3.986117 4.126472 4.416811 4.396121 4.576725 5.088989 5.396083 5.259429 4.066473 3.350312 3.396408 3.683563 4.372958 4.799355 4.889 4.874025
4.888772 4.860902 4.836527 4.83216 4.866695 4.706257 4.578126 4.71798 4.887488 4.870806 4.846412 4.834894 4.830334 4.864958 4.731152 4.538239 4.522419 4.552087 4.555357 4.533749 4.459899 4.489273 4.567779 4.726561 4.835152 4.841566 4.822806 5.023909 5.503208 6.160145 6.063349 5.866069 5.657303 5.459871 5.317306 5.217276 5.152873 5.071176 4.967791 5.024543 5.019133 4.964637 4.913064 4.994601 4.725807 4.592767 4.378044 3.985961 4.085782 4.233121 4.263477 4.327151 4.584033 4.804996 4.745717 4.186636 3.515445 3.363055 3.402386 3.854444 4.344195 4.37272 4.275886
4.845024 4.827193 4.811371 4.803267 4.823655 4.745997 4.649047 4.701734 4.823111 4.827077 4.808704 4.78936 4.790466 4.817681 4.754531 4.581842 4.515469 4.520334 4.513658 4.526411 4.601939 4.611854 4.574678 4.674164 4.747253 4.757743 4.736073 4.914423 5.296651 6.044728 6.108701 5.87125 5.571103 5.350689 5.191411 5.118164 5.166942 5.094802 4.842405 4.916289 5.022904 4.733169 4.605521 4.673584 4.486535 4.461968 4.316091 4.05262 4.110814 4.133434 4.181373 4.266315 4.401825 4.491977 4.339841 4.166157 3.707033 3.47866 3.271364 3.480792 3.778368 3.796179 3.693168
4.809821 4.791257 4.763193 4.737697 4.753798 4.76298 4.720653 4.712715 4.76859 4.784237 4.784499 4.784792 4.776286 4.766391 4.741975 4.641497 4.552244 4.495831 4.463964 4.530583 4.623954 4.703742 4.781739 4.780875 4.727958 4.740209 4.748887 4.935766 5.339846 6.094904 6.193677 5.935296 5.581105 5.344872 5.142708 5.013642 5.096685 5.005315 4.721457 4.781245 4.808817 4.615936 4.550422 4.608479 4.650711 4.770903 4.753443 4.520628 4.456482 4.020066 4.093942 4.205719 4.408934 4.57619 4.431722 4.513175 4.183877 3.705574 3.657942 3.567024 3.426219 3.478421 3.464572
4.798252 4.758902 4.720385 4.68523 4.69229 4.743657 4.756275 4.74229 4.724631 4.732063 4.739389 4.748976 4.773141 4.758587 4.736743 4.692534 4.609751 4.500017 4.413333 4.471368 4.528499 4.699624 4.893013 4.828271 4.778193 4.732225 4.869792 5.091892 5.640813 6.175688 6.329095 5.896464 5.557264 5.342536 5.178067 5.091679 5.115177 5.056715 4.845793 4.732599 4.48862 4.490617 4.572911 4.766259 4.82191 4.894852 4.924364 4.9518 4.936481 4.255217 4.012681 4.135787 4.404804 4.751964 4.861007 4.992875 4.73566 4.416053 4.270156 4.006378 3.673501 3.541546 3.613848
4.822055 4.767972 4.706484 4.66193 4.638215 4.723386 4.763203 4.77109 4.7172 4.701165 4.698807 4.704988 4.737388 4.748419 4.734285 4.708861 4.654056 4.526937 4.431329 4.464005 4.449502 4.566873 4.757026 4.777057 4.735508 4.775897 4.915322 5.416128 6.127787 6.49966 6.301367 5.784536 5.383609 5.226712 5.109923 5.024243 5.086433 5.015364 4.817889 4.767889 4.529222 4.514438 4.704542 4.810118 4.967083 4.95504 4.89729 4.807868 4.708169 4.490264 4.374229 4.348396 4.537264 4.849921 5.106281 5.182538 5.023607 4.973773 4.656332 4.302454 3.999133 3.936848 3.793803
4.832652 4.797561 4.719739 4.620212 4.680965 4.739492 4.794736 4.76263 4.741241 4.710085 4.663992 4.636671 4.669962 4.705242 4.690222 4.67038 4.667863 4.601083 4.56621 4.545575 4.49884 4.572187 4.645126 4.6766 4.631776 4.758094 5.048258 5.693952 6.419202 6.665473 6.273667 5.722684 5.26673 5.146041 5.044367 4.93061 4.898574 4.688832 4.644286 4.622594 4.610627 4.705123 4.872397 4.921146 5.009691 4.967546 4.787302 4.648311 4.676279 4.659342 4.655025 4.672503 4.743451 4.943723 5.082952 5.225359 4.994108 4.846044 4.481281 4.168817 4.000586 3.885623 3.770601
4.805548 4.794429 4.72027 4.631333 4.653851 4.72053 4.793189 4.774343 4.75902 4.745114 4.700933 4.588433 4.583611 4.622094 4.632028 4.638254 4.654712 4.659439 4.652628 4.598812 4.603692 4.671986 4.665428 4.636127 4.581254 4.679665 5.032123 5.744836 6.419344 6.596726 6.173432 5.590313 5.130367 5.094333 5.030395 4.909256 4.750315 4.536961 4.528109 4.614829 4.73748 4.890761 4.960741 4.960931 4.964038 4.902062 4.721754 4.656901 4.667542 4.703281 4.738289 4.776151 4.822149 4.908635 5.02736 5.132576 4.816956 4.580437 4.298485 4.036778 3.903349 3.781652 3.687795
4.743145 4.762664 4.749408 4.684421 4.650935 4.671516 4.732586 4.752697 4.756745 4.752585 4.736419 4.595446 4.501446 4.520132 4.506278 4.486849 4.518931 4.553972 4.620094 4.662106 4.653919 4.688072 4.716499 4.695905 4.662577 4.687056 5.015456 5.713912 6.331027 6.488506 5.978833 5.544833 5.161737 5.107088 5.079395 4.820847 4.680291 4.409727 4.477298 4.667064 4.947774 5.042568 4.983964 4.891626 4.866446 4.774836 4.617265 4.574183 4.604481 4.665452 4.723211 4.779068 4.836699 4.907246 5.012168 5.002264 4.722973 4.474515 4.202763 3.990872 3.869743 3.73231 3.615883
4.743564 4.695086 4.703446 4.696664 4.672593 4.663897 4.713442 4.735353 4.736855 4.73966 4.725434 4.627559 4.536894 4.520858 4.503656 4.42294 4.364879 4.415918 4.466544 4.588052 4.653946 4.679577 4.70382 4.765949 4.810371 5.009487 5.319049 5.826483 6.23012 6.306624 5.864589 5.59262 5.362439 5.189625 5.240758 4.825029 4.596954 4.382866 4.502029 4.818654 5.065026 5.090422 4.849828 4.682575 4.753961 4.596274 4.429011 4.409215 4.451364 4.558761 4.676925 4.766565 4.834868 4.890848 5.01184 4.828091 4.616378 4.384971 4.109465 3.904035 3.765763 3.648417 3.49326
