py_wake/examples/data/AJ_ParqueFicticio/Rough survey   Sector 2   Height 200m   Power density.grd
DSAA
73  159
 258469   265669
 6501692   6517492
 44.61195   362.0808
[rows 0 to 27 of 159, columns 0 to 62 of 73]
111.9366 112.0685 112.1181 111.9411 111.7555 111.4837 111.3745 111.1374 110.9116 110.7614 110.617 110.4455 110.2553 109.9672 109.7616 108.9727 108.1525 106.8136 104.9091 102.4916 101.1464 101.875 107.1122 113.7252 117.5753 119.4218 121.5765 125.4076 128.4159 129.9041 131.2451 132.9717 135.2473 136.9708 138.1722 139.4381 141.0796 142.0028 141.2382 139.4759 137.305 134.6399 132.3351 130.1036 128.787 127.5779 126.3473 124.7887 123.7698 122.3879 121.6067 120.9695 120.5459 120.5998 121.384 122.1965 123.2137 124.4415 125.4025 126.4574 127.6695 128.9209 129.6508
110.1357 111.0798 111.144 110.884 110.6704 110.4117 110.3281 110.3453 110.1991 110.0132 109.5763 109.4872 109.1946 109.1032 109.0368 108.5592 107.8369 106.5535 105.1212 103.1998 103.6074 105.1863 110.9739 117.2193 120.9738 123.3254 125.9541 129.6923 131.6102 133.3229 134.6314 136.6194 139.622 141.7041 143.2561 143.7374 142.9419 142.0387 140.0213 137.6951 134.7787 132.4254 130.7527 129.4516 128.5818 127.2298 125.7018 124.1782 122.8633 121.4661 120.4193 119.8646 119.5097 120.005 120.8296 121.6761 123.1746 124.7043 126.437 128.0792 129.6878 131.1782 132.4774
108.634 110.2267 110.1133 109.9731 109.4299 109.3226 109.1892 109.2713 109.3322 109.281 108.8839 108.2902 108.345 108.2885 108.4106 108.2439 107.6444 106.5978 105.6683 105.15 105.8111 108.5509 113.2375 118.5209 123.511 127.1576 129.5909 131.9478 133.9297 135.3414 136.9613 139.3769 142.2216 144.3443 145.9579 145.7099 143.1364 140.5409 138.1845 134.7429 131.4544 129.6373 128.6401 127.8804 127.0942 126.0537 124.7735 123.3168 121.778 120.0411 118.6176 118.2139 118.5055 119.4238 120.4052 121.5157 123.3487 125.0576 127.2941 129.4654 131.6568 133.7397 135.6137
107.6079 107.9522 108.5005 108.452 108.2067 108.0789 108.0923 108.2361 108.3016 108.5111 108.3234 107.5361 107.5132 107.5433 107.9193 107.9295 107.8033 106.8901 106.2282 106.7541 108.2826 111.2479 116.2541 120.9801 125.3349 128.7083 131.2623 133.7585 134.9949 136.5421 138.5018 140.9428 142.3672 143.1196 143.2505 141.6771 139.3981 136.8513 133.7673 129.8074 126.2608 125.3364 126.0674 126.2288 125.7303 124.9517 122.8608 121.4698 120.1514 118.5935 117.7341 118.1928 118.432 118.984 119.7309 121.2895 123.2941 125.623 128.2298 131.0703 134.0735 136.7788 138.9211
106.4031 106.1149 106.1839 106.9392 107.1362 106.8967 106.9084 107.233 107.3463 107.5735 107.594 107.1911 106.8117 106.9736 107.4668 107.5809 107.7047 107.5299 107.3327 108.7279 110.7604 113.556 118.7939 123.2682 127.0806 130.2522 132.4633 133.7576 134.7865 136.2772 138.0612 140.226 138.7563 136.6027 134.4982 132.5701 131.3523 129.6538 126.6891 122.1647 119.4043 121.0023 124.1249 125.872 125.7507 123.9222 120.9492 119.4891 118.6796 118.1965 117.7199 117.8174 117.6802 117.7968 118.5477 120.292 122.8367 125.7379 128.9277 132.5392 136.2789 139.7779 141.8386
105.7593 104.7976 104.5705 105.0567 106.1062 105.7129 105.8521 106.5816 106.9214 107.0954 107.0198 106.7583 106.0835 106.9473 107.1758 107.2851 107.9143 108.4272 109.3265 111.3577 113.7393 117.4077 121.2287 125.2514 128.3433 130.6991 131.762 132.5376 132.8966 133.8506 134.5785 133.6324 130.1161 126.4059 123.8209 122.3094 121.521 120.9714 118.3878 114.5685 115.0062 119.1718 123.6296 125.105 123.6737 120.5029 118.4736 118.1265 117.9343 117.241 116.6016 115.5507 115.0471 115.1738 116.4033 118.5783 121.8344 125.414 129.2606 133.6527 137.4346 140.1221 140.9486
105.6781 104.8532 104.2286 103.9205 103.8127 104.7054 105.7735 106.6734 106.9816 107.0622 106.6031 106.0585 105.7719 106.3904 106.9362 106.913 107.57 108.8989 110.4212 112.4708 115.474 119.5106 123.8149 126.9151 128.7023 129.6244 130.3733 130.2001 130.0213 129.2823 128.6933 126.5955 122.3753 119.1941 117.1754 115.326 114.4795 113.4843 111.9267 111.4284 114.8167 120.1846 123.1059 121.9048 118.6487 116.0907 116.1802 117.3696 117.1797 115.7509 113.9357 112.0991 110.795 111.0178 112.927 116.0179 120.1585 124.4118 128.6917 132.9408 135.6389 135.4856 131.4787
106.1688 105.6398 105.384 104.4838 104.002 103.6722 105.391 106.9061 107.2312 107.0308 106.3331 105.572 105.5332 105.6948 106.1692 106.314 107.0544 108.4752 110.7107 113.8261 117.2154 120.9434 124.9729 127.1002 127.6774 127.3789 127.8676 127.4394 126.2402 124.8197 122.6922 120.0934 117.1689 114.455 112.4112 110.5207 109.326 108.1688 108.0191 109.9303 114.3318 118.3308 118.3769 115.1307 111.5518 112.4377 114.9923 115.7485 114.0492 111.5537 109.5833 107.5476 105.6493 105.6363 108.8247 113.5864 118.2544 122.4951 126.5688 128.5124 127.5785 122.7295 115.1967
106.4929 106.0772 105.8451 104.9743 104.3412 104.323 105.4405 106.7609 107.4968 106.6557 105.5933 105.1478 104.8485 104.8358 104.8742 105.0531 106.1062 107.9237 110.4939 113.9731 117.5078 119.7993 122.4237 123.9858 124.3455 124.1787 124.4485 124.133 122.1474 119.7693 117.5488 114.8777 112.2167 109.789 107.6955 105.6845 104.268 104.0424 104.9966 107.2705 109.2332 110.3212 108.5409 105.1567 105.2184 108.3503 109.7523 108.4759 105.9574 102.9635 101.2611 99.49928 98.14735 100.6151 105.5666 111.2433 116.2233 119.7551 121.6039 120.6088 115.0416 107.1753 98.31486
106.9282 106.482 106.023 105.9905 106.0443 106.284 107.7365 108.4231 107.3474 105.585 103.7372 103.8496 104.1529 104.0724 103.3445 103.702 105.1698 107.4343 109.8211 112.7271 115.4544 117.116 118.0028 119.2557 120.3975 120.6877 120.8027 119.9763 117.667 115.1292 112.795 110.3998 107.5201 105.0963 102.9076 101.1448 100.9478 100.9948 101.3471 102.0891 101.841 100 97.20327 95.994 98.23756 100.4963 99.84438 97.71294 95.12 92.83395 91.63196 90.64133 91.59836 97.28506 104.5408 109.7935 114.0168 115.6269 115.1713 110.388 102.8837 93.84993 86.28811
107.2146 106.9907 106.674 107.225 108.7216 109.3663 109.895 109.6358 107.1845 104.3448 102.845 102.7074 103.4103 103.0815 102.9454 102.9778 104.1556 106.5032 108.6169 110.6612 112.463 113.3181 113.9899 115.4249 116.5391 116.745 116.1875 115.0877 112.9478 110.739 107.8066 105.2519 103.2698 100.8389 98.92786 97.98714 97.81823 97.7566 97.43143 96.99229 95.13689 92.71139 90.04969 89.34266 90.31688 90.31913 88.04144 86.04152 84.61057 82.86129 82.60197 84.20499 89.00162 96.19886 102.9577 107.4135 109.6129 109.2621 106.2299 99.62452 92.08806 84.65862 80.18727
107.9361 107.8547 107.9569 108.8993 109.4476 109.485 109.3376 107.8008 105.5774 102.9793 102.4113 103.3154 103.406 103.3438 102.9345 103.2459 104.9763 106.0989 107.4892 108.7501 109.8857 110.865 112.0999 112.7096 112.9336 112.6099 110.7711 110.56 109.2422 105.6647 102.5907 100.3683 98.59435 97.01761 95.51373 94.84167 94.84007 94.45358 93.95266 92.16319 90.20074 87.78461 85.6726 84.46294 83.44196 81.83989 79.11446 77.34361 76.09802 75.60306 76.81789 80.7428 86.9562 92.97788 97.35604 99.06254 98.65137 96.06378 92.13238 86.74044 81.32579 77.32275 76.2849
108.5234 108.7678 109.0168 109.3167 109.2226 108.8986 107.861 105.9364 104.5449 103.7309 104.6555 105.6652 104.7372 103.4903 102.998 103.9936 105.7429 106.0992 106.9558 108.0745 109.6345 111.2007 112.1068 111.2215 110.1637 109.0345 107.4801 105.88 103.7164 99.98783 97.24326 95.09833 93.70023 92.59091 91.51258 91.53712 91.52012 91.06713 89.84025 88.04875 85.85068 83.6926 81.44105 79.92817 78.08543 76.05472 73.45724 71.70055 70.9417 71.09647 73.11453 77.00618 81.1124 84.24206 85.11364 83.0784 79.71416 76.5811 73.5582 71.41142 70.48454 71.28654 73.46566
108.9652 109.115 108.981 108.977 108.773 108.1412 106.9714 106.1864 105.6846 106.4892 107.3429 107.182 106.1392 104.7715 104.5873 105.4571 105.9356 106.0751 107.5019 108.4068 109.5306 110.94 111.7336 110.4154 108.1045 106.0689 103.7171 100.9863 97.99233 95.38595 93.12257 91.42228 89.78884 88.53297 88.21931 88.21976 88.47521 87.64915 86.2084 84.01341 81.6106 79.40163 77.33979 75.95912 73.89252 71.35025 69.33435 67.62347 67.55348 67.84939 69.87444 71.89304 72.89071 72.20608 69.81309 65.98254 63.00088 61.15419 60.71001 61.76222 64.31496 68.17552 72.12919
109.585 109.1941 108.8988 108.7801 108.443 107.7919 106.787 106.3997 106.4013 107.0622 107.5376 107.6299 107.1281 106.8371 107.0235 107.5318 107.5601 108.2779 108.9316 109.135 109.844 110.6838 110.3052 108.7911 106.9099 104.1081 101.4374 98.51768 95.60769 93.08456 90.92847 88.67896 87.02858 85.4695 85.25125 85.89157 86.21741 85.12441 83.01158 80.18053 77.50531 75.36757 73.48306 72.45106 70.43797 67.95667 66.13596 65.24882 64.62054 65.35842 66.41329 66.66546 65.51429 63.21226 60.18734 57.5102 56.38153 56.92094 58.86133 61.79996 65.76882 70.566 74.40185
109.5832 108.9832 108.6054 108.4243 108.0968 107.5945 106.9447 106.5861 106.3727 106.3708 107.3438 107.7603 108.0709 108.7949 110.1837 110.6644 110.1755 110.4554 110.3264 109.1852 109.1116 109.3363 107.5625 106.4309 105.0343 103.2263 100.4426 97.23337 94.47622 91.96856 89.7793 87.14964 84.51642 83.09834 84.02239 85.29318 85.32394 83.63831 80.54661 77.00536 74.55001 73.1702 71.97908 70.10956 68.0845 65.84066 64.8679 64.63654 65.00473 65.17039 65.11333 64.17482 62.58254 60.39624 59.08829 59.19872 61.08262 64.54684 68.26406 71.70446 75.19486 78.06918 80.28425
109.3894 108.7025 108.3606 108.1297 107.9637 107.646 107.0826 107.0809 106.9753 107.1658 107.5816 108.4249 109.362 110.3 111.5264 111.5148 110.8555 110.5485 110.3607 109.2615 108.5134 107.7896 105.6375 103.454 102.5365 101.9127 99.99758 97.11472 94.21194 92.21101 90.19009 86.88364 83.3719 82.95425 86.51701 87.89744 87.00162 83.99089 78.92709 73.47813 72.25225 71.98285 70.6608 69.3145 67.56253 66.27885 65.876 66.67619 67.66815 68.26529 67.85083 66.69012 65.81332 65.75256 66.97932 69.92371 74.78864 79.54309 83.70048 86.32599 87.67634 87.80181 86.73437
109.3393 108.5436 108.1544 107.9313 107.8106 107.654 107.4427 107.3327 107.5721 107.7768 108.3717 108.784 110.0498 110.7216 111.046 111.0265 110.4232 110.0471 109.5535 108.6659 107.8865 107.3575 106.1255 104.5068 102.5843 100.6253 99.65701 97.99487 96.09722 94.64811 92.41198 87.82574 85.10494 87.53081 91.39509 92.15314 89.73315 85.60591 78.68326 73.86139 72.36254 71.17831 71.08144 70.89269 70.35317 70.24374 70.51586 71.97073 74.23421 75.58096 75.23975 74.06823 74.28732 76.1871 79.88808 84.41412 89.138 93.09505 95.75784 96.58797 96.14196 94.47023 91.71358
109.2902 108.566 108.1811 107.8125 107.7646 107.5943 107.5768 107.7411 108.116 108.2985 109.0536 109.4458 110.0087 110.1 110.3702 110.58 110.0422 109.5382 109.17 108.4633 107.7347 107.1637 106.6082 106.0422 105.2893 103.8036 101.7264 99.59073 98.59105 97.87185 94.75697 91.08297 91.17636 93.2102 95.96303 95.33968 91.91965 86.71717 80.83463 76.39177 75.54485 75.76151 75.78791 75.79298 77.24942 78.08763 78.28046 80.58092 83.55829 84.57225 83.54163 82.20042 82.59991 85.64951 89.55242 93.65976 96.96409 99.58532 100.5381 100.4855 99.94612 97.88418 95.10481
109.3889 108.6978 108.106 107.5368 107.4162 107.3691 107.7868 108.0725 108.404 108.6972 109.1619 109.5122 109.6467 109.6187 109.6411 109.7959 109.654 109.1214 109.0081 108.4677 107.8729 107.2233 107.0209 106.9556 106.174 104.9252 103.7361 102.8141 102.1377 100.3095 96.43661 94.47455 96.61183 98.77451 98.95929 97.26328 93.34233 88.28069 82.73236 80.25172 81.69463 83.86857 85.55547 86.39075 86.7635 86.21779 85.93128 88.22478 90.93413 90.68316 88.38689 87.05223 87.80089 90.25473 93.26576 96.30598 99.11871 101.2869 101.5043 101.9217 101.9275 100.9235 98.81989
108.9348 108.4758 107.8409 107.2033 106.8715 107.2578 107.6466 107.9918 108.4053 108.6628 108.8599 109.0603 109.1068 109.0344 109.1765 109.2741 109.4421 109.0254 109.1198 108.6911 108.1473 107.4215 107.0472 106.6926 106.3062 105.3491 104.6402 103.7458 102.5869 99.43612 96.91895 97.25671 99.2022 100.0572 99.96674 98.60429 94.33918 89.59544 85.98854 86.4461 89.0329 92.14623 93.8014 94.66743 94.27807 92.49043 91.1543 91.46376 92.62886 90.57108 88.35125 87.86019 89.23048 90.55042 93.5798 95.86992 98.35996 100.7526 102.3165 104.3327 105.4884 105.7842 104.8467
108.0848 107.6435 106.8727 106.3487 106.4496 106.8663 107.4105 107.9073 108.3593 108.2622 108.3944 108.6607 108.9639 108.8455 108.7167 108.9882 109.2549 109.2351 109.1074 108.6067 107.9818 107.2315 106.9926 106.6004 106.0371 105.1791 104.1703 102.8318 100.6829 97.50092 97.99013 99.7256 100.6451 101.0102 100.1589 97.60387 93.94218 90.19508 90.04051 92.26837 94.67374 96.73619 96.92773 96.65969 95.41135 93.86682 93.20122 92.60307 90.4323 87.053 84.46219 85.8403 87.97507 89.72205 92.51524 95.54859 98.43719 102.3107 105.9972 109.6978 112.3223 113.3892 113.082
107.531 106.9017 106.2702 106.1816 106.3815 106.7943 107.3021 107.663 108.0223 107.9612 107.8182 108.0414 108.4682 108.6846 108.6278 108.518 108.924 108.9075 108.7623 108.2955 107.7803 107.0069 106.6765 106.3337 105.7377 104.4539 102.8411 101.0842 98.70688 97.9819 100.2092 102.7106 103.0923 101.901 100.0319 96.2322 92.98182 91.07664 92.73491 95.12054 96.03389 96.59293 95.9638 94.95892 93.81168 92.79588 91.79502 89.9217 86.62406 83.30018 81.68958 81.72839 85.56351 88.19386 92.5364 97.0604 102.172 108.2415 114.7142 119.59 122.946 123.459 120.9257
107.3413 106.8203 106.8567 106.7747 106.9665 107.1068 107.3598 107.5531 107.7234 107.5275 107.4044 107.5708 107.9779 108.3344 108.6495 108.8416 108.6778 108.3312 108.1717 108.0866 107.6461 106.9408 106.4643 106.2128 105.4003 103.8918 101.9887 99.99174 98.42256 99.86929 103.2486 104.582 103.8816 102.1194 98.77786 95.58712 93.15009 92.30312 94.44498 95.25503 94.51147 94.1336 93.28699 91.96897 90.67757 89.56712 88.11392 85.88927 82.94469 80.12517 78.92074 79.8182 83.77448 88.42417 94.23466 101.809 110.1714 118.5383 127.3553 134.0198 135.252 132.7337 127.2701
107.4909 107.1197 107.3925 107.4665 107.3842 107.3494 107.5674 107.5961 107.6501 107.2035 107.2778 107.4509 107.8732 108.2839 108.5943 108.6659 108.6475 108.2879 107.8517 107.7282 107.5166 107.0904 106.4229 106.2647 105.3755 104.0056 102.2647 100.9306 100.6103 102.2203 105.1941 104.4841 102.5034 100.5488 98.19349 95.3047 94.20578 93.81184 94.58768 94.33279 92.13891 91.83083 90.71739 88.95913 87.67142 85.98117 84.28641 82.42128 80.29334 78.30058 77.81232 79.61739 84.26196 91.56476 99.9638 110.22 121.907 133.32 143.4586 148.043 145.8335 138.6474 129.0275
107.2871 107.2474 107.5635 107.794 107.8761 107.6054 107.5088 107.658 107.5421 107.1647 107.2601 107.6462 107.9556 108.2475 108.5348 108.6394 108.4942 108.1618 107.714 107.5369 107.5293 107.4372 106.7141 106.3661 105.831 104.9034 103.3208 102.3312 103.1261 103.6112 103.3368 102.7045 101.3321 99.31061 97.21841 95.35067 94.55463 94.51052 94.69693 93.93236 92.36591 92.0453 90.28166 88.05402 85.79375 83.40599 81.89803 80.33836 78.86817 77.80591 78.67603 81.99564 87.96554 98.44256 108.7711 121.8707 136.5616 149.7582 158.2206 158.486 150.4654 138.6575 126.0229
107.8445 108.0049 108.2755 108.1576 108.1901 108.0578 107.9959 107.7885 107.7639 107.8384 107.8714 108.0675 108.2894 108.4911 108.4504 108.6488 108.4771 108.1788 107.8438 107.4866 107.4423 107.4607 107.2909 106.7357 105.6556 104.5235 103.5119 102.912 102.8321 102.458 101.6691 101.2816 100.3393 98.64371 96.41538 95.03254 94.42095 94.51846 95.03185 94.40176 92.77774 91.09439 89.64327 88.18427 85.57876 82.87438 80.4682 78.8382 78.22052 79.30445 81.48784 86.71627 95.12324 108.7301 121.0506 136.2316 152.4125 164.9372 167.5712 161.136 148.2296 133.5029 119.5056
108.2629 108.4818 108.5665 108.6528 108.5334 108.4111 108.4445 108.2731 108.31 108.7534 108.7462 108.7433 108.7155 108.7387 108.7771 108.5836 108.4911 108.2267 108.0769 107.8758 107.4534 107.5984 107.1289 106.5609 105.4517 103.9425 102.4638 102.0679 102.0635 101.2486 100.7588 100.5194 98.87017 96.86089 95.22954 94.98467 95.00102 94.98065 94.3904 92.91359 91.37075 89.31709 89.15784 87.56538 85.53867 83.30797 80.46049 79.50143 80.08407 82.48283 87.22603 94.53675 104.877 121.0639 135.5077 150.9997 166.4594 175.1729 171.1055 159.3571 142.6292 126.4156 113.2708
