py_wake/examples/data/AJ_ParqueFicticio/Rough survey   Sector All   Height 200m   Mean speed.grd
DSAA
73  159
 258469   265669
 6501692   6517492
 6.237165   10.99624
[rows 0 to 27 of 159, columns 0 to 62 of 73]
7.870868 7.858063 7.854974 7.852058 7.848873 7.847825 7.848934 7.848646 7.847839 7.844498 7.83912 7.828367 7.816633 7.802438 7.78579 7.769412 7.753283 7.736877 7.718153 7.70699 7.714871 7.778327 7.859516 7.909027 7.866982 7.755284 7.699204 7.751493 7.801467 7.808133 7.800909 7.814284 7.831068 7.864446 7.920931 8.008862 8.128724 8.23746 8.275213 8.286893 8.294096 8.294802 8.291525 8.279841 8.265551 8.245205 8.22112 8.196156 8.18154 8.163678 8.146749 8.127054 8.112098 8.102064 8.08904 8.078883 8.072232 8.060081 8.047935 8.033641 8.014208 7.998507 7.980302
7.886853 7.864938 7.855196 7.850342 7.846509 7.845233 7.845968 7.845435 7.844855 7.84355 7.838227 7.827431 7.814623 7.801095 7.783315 7.763388 7.744955 7.727203 7.702139 7.691073 7.71366 7.800986 7.925545 8.011342 7.977043 7.856121 7.751289 7.775378 7.811493 7.82379 7.824977 7.826761 7.833743 7.859468 7.902005 7.988801 8.100443 8.219263 8.276649 8.285412 8.284745 8.294175 8.313004 8.31096 8.268806 8.246348 8.225327 8.204295 8.185686 8.167077 8.152882 8.137265 8.12248 8.113542 8.10375 8.096704 8.087691 8.078444 8.060583 8.043857 8.022435 8.001997 7.982319
7.929389 7.885375 7.857618 7.848776 7.842736 7.84193 7.841678 7.840457 7.840508 7.838157 7.837901 7.827425 7.815251 7.801864 7.783242 7.758054 7.735935 7.712902 7.687754 7.67526 7.706995 7.802628 7.944576 8.059745 8.076057 7.954332 7.836753 7.802671 7.81807 7.826284 7.834705 7.833824 7.836004 7.844997 7.861454 7.927695 8.034578 8.173656 8.248835 8.270982 8.270512 8.281939 8.305391 8.326913 8.290308 8.24382 8.215067 8.199184 8.185632 8.168064 8.156137 8.150863 8.139131 8.127145 8.115799 8.114743 8.10551 8.092929 8.076437 8.055012 8.027884 8.006455 7.981691
7.995757 7.925427 7.869723 7.849695 7.840465 7.839231 7.838605 7.836349 7.834331 7.831078 7.826983 7.826588 7.822076 7.8088 7.782993 7.751182 7.725422 7.698665 7.673462 7.659645 7.695186 7.79417 7.93735 8.06869 8.123106 8.039742 7.91215 7.854581 7.837714 7.838337 7.842587 7.844587 7.829838 7.803767 7.788603 7.822008 7.911448 8.060963 8.174927 8.216765 8.230161 8.267027 8.30125 8.326504 8.316671 8.262301 8.211084 8.18807 8.17559 8.161593 8.165348 8.166474 8.156878 8.147458 8.142602 8.134885 8.12618 8.111136 8.092246 8.064882 8.037768 8.01049 7.982798
8.043629 7.969345 7.899504 7.863572 7.843554 7.838451 7.839796 7.837838 7.832479 7.826357 7.819769 7.81019 7.816751 7.814471 7.783622 7.745935 7.714885 7.686291 7.662595 7.65237 7.696169 7.78863 7.91998 8.050545 8.124796 8.086514 7.988825 7.91314 7.870698 7.855868 7.84748 7.845824 7.796879 7.741736 7.699422 7.683666 7.749258 7.881417 8.013305 8.082294 8.156881 8.237983 8.298354 8.315264 8.325462 8.274314 8.213327 8.178538 8.163297 8.162585 8.175517 8.184403 8.18152 8.176701 8.171544 8.165117 8.155282 8.136374 8.108553 8.082181 8.050418 8.011294 7.970727
8.065957 8.011482 7.957793 7.908713 7.860647 7.842028 7.846835 7.846122 7.836831 7.828074 7.824611 7.805428 7.803929 7.813054 7.788299 7.748559 7.710624 7.675006 7.656603 7.663414 7.718138 7.816221 7.922065 8.038869 8.121187 8.111152 8.032018 7.95767 7.899549 7.86196 7.832038 7.805029 7.755179 7.68984 7.633063 7.594446 7.618295 7.709691 7.805724 7.892723 8.043905 8.209331 8.290651 8.300713 8.279111 8.246264 8.204755 8.180852 8.162142 8.157102 8.171494 8.18921 8.195752 8.200342 8.202827 8.202056 8.18966 8.170131 8.143153 8.107358 8.059551 8.002255 7.929607
8.078083 8.051262 8.025977 7.980195 7.908176 7.856973 7.866397 7.8686 7.856428 7.84526 7.834236 7.810694 7.79767 7.807976 7.798363 7.761499 7.714342 7.668568 7.640116 7.637792 7.702044 7.814635 7.930031 8.040501 8.120918 8.123774 8.064071 7.989459 7.914071 7.851571 7.804713 7.753294 7.709167 7.653799 7.594487 7.550324 7.543707 7.577753 7.634681 7.737749 7.942112 8.158757 8.257819 8.243668 8.204987 8.180426 8.175617 8.176003 8.142206 8.1225 8.136487 8.158312 8.185164 8.211903 8.231996 8.239001 8.232216 8.213067 8.1784 8.125327 8.052845 7.950708 7.829293
8.087117 8.076273 8.060405 8.028296 7.967814 7.910232 7.895808 7.897982 7.88295 7.867433 7.847686 7.82739 7.817475 7.824862 7.81761 7.783312 7.729002 7.675076 7.633213 7.615867 7.671688 7.786902 7.924539 8.029336 8.106548 8.124489 8.080242 8.004509 7.922152 7.846693 7.780415 7.735103 7.690985 7.63548 7.578717 7.526734 7.505319 7.508058 7.544075 7.645609 7.85103 8.048679 8.140237 8.132527 8.106969 8.132998 8.157773 8.150076 8.089358 8.052395 8.062303 8.087049 8.12591 8.186599 8.257696 8.283785 8.281688 8.259785 8.212111 8.138486 8.009496 7.848836 7.683735
8.095842 8.092233 8.084062 8.063445 8.020998 7.974071 7.948431 7.933417 7.910894 7.885111 7.86227 7.84748 7.840932 7.840921 7.840405 7.816682 7.76872 7.701268 7.644468 7.60881 7.623161 7.71672 7.839147 7.943269 8.040918 8.103791 8.098082 8.02751 7.939783 7.851577 7.777217 7.726402 7.678768 7.627775 7.574777 7.522837 7.485425 7.479669 7.519125 7.594586 7.740962 7.88777 7.950961 7.956757 8.0065 8.076336 8.087318 8.07004 7.999496 7.943297 7.960214 7.982487 8.021932 8.128183 8.25507 8.322511 8.327838 8.306969 8.252503 8.136641 7.933487 7.718061 7.528807
8.104007 8.102087 8.099397 8.091968 8.067692 8.027985 7.997214 7.967897 7.9326 7.895618 7.875575 7.870351 7.860669 7.857231 7.865143 7.859651 7.825283 7.760778 7.685955 7.624261 7.592831 7.622637 7.721351 7.817284 7.91812 8.024891 8.075283 8.032789 7.947918 7.854755 7.783007 7.729858 7.677937 7.625715 7.573285 7.525791 7.491119 7.481733 7.505643 7.559762 7.646972 7.718793 7.7567 7.781381 7.874284 7.953774 7.949588 7.933277 7.880694 7.813599 7.822058 7.849237 7.91779 8.07635 8.245821 8.342277 8.357756 8.342961 8.270019 8.125383 7.883364 7.615525 7.410658
8.110468 8.11155 8.109303 8.112267 8.115594 8.082185 8.054478 8.006691 7.94279 7.89542 7.891218 7.903206 7.88608 7.862766 7.880285 7.909696 7.902975 7.843664 7.760352 7.677762 7.613069 7.586933 7.633629 7.708919 7.797523 7.892264 7.983369 7.992037 7.93316 7.845938 7.779957 7.728762 7.685329 7.635379 7.584921 7.537419 7.509027 7.492035 7.498457 7.540767 7.585354 7.624759 7.645443 7.667612 7.73587 7.78267 7.778728 7.776117 7.749658 7.685443 7.679371 7.723809 7.856987 8.04713 8.220702 8.313186 8.350855 8.337479 8.262312 8.102301 7.858587 7.573324 7.369322
8.112178 8.118989 8.118742 8.120241 8.133293 8.119964 8.096793 8.024373 7.933897 7.897128 7.91417 7.942453 7.921688 7.871594 7.870114 7.930271 7.984014 7.937353 7.851154 7.759387 7.670845 7.617579 7.622116 7.652925 7.70613 7.778543 7.855828 7.896414 7.880661 7.813933 7.758199 7.711642 7.680069 7.648216 7.603242 7.55456 7.525251 7.507744 7.505601 7.522318 7.553072 7.577522 7.594401 7.614161 7.638986 7.64799 7.637644 7.640621 7.636039 7.592525 7.575895 7.648404 7.81916 8.008581 8.139064 8.207381 8.234278 8.221618 8.156436 8.027441 7.814919 7.567687 7.382204
8.106432 8.118629 8.125679 8.124158 8.132923 8.134887 8.110531 8.046079 7.942531 7.916525 7.965117 8.006948 7.979828 7.906717 7.879674 7.916368 7.992447 8.010036 7.956532 7.870075 7.787415 7.725008 7.693703 7.665353 7.666386 7.700265 7.752752 7.79125 7.794314 7.755919 7.717244 7.681138 7.659703 7.637729 7.607284 7.571905 7.537886 7.518568 7.51029 7.514324 7.530398 7.552248 7.566939 7.585705 7.57946 7.562088 7.552046 7.549418 7.548711 7.533446 7.530918 7.591599 7.731276 7.892229 7.9978 8.023767 8.026905 8.013851 7.959604 7.850164 7.701047 7.537991 7.390392
8.096745 8.111786 8.121326 8.126919 8.132671 8.132827 8.112149 8.065753 7.981506 7.964759 8.012488 8.047503 8.036667 7.981368 7.945034 7.959706 7.999245 8.01583 8.02616 7.977138 7.917229 7.86224 7.800528 7.723233 7.673618 7.664065 7.687675 7.706534 7.703922 7.691736 7.66979 7.647623 7.633879 7.622036 7.602762 7.577667 7.548229 7.526039 7.512464 7.511054 7.519994 7.528638 7.5388 7.566311 7.545327 7.518771 7.502594 7.49048 7.497231 7.491611 7.507869 7.550479 7.635287 7.742917 7.822413 7.842653 7.83946 7.831158 7.794804 7.722934 7.614991 7.492526 7.374029
8.089871 8.103991 8.114296 8.123262 8.130503 8.12653 8.105367 8.071829 8.020217 8.000788 8.034752 8.065168 8.065749 8.045624 8.023625 8.022716 8.034822 8.056689 8.072621 8.051912 8.026315 7.991127 7.920842 7.818852 7.726943 7.674382 7.649001 7.644631 7.640913 7.63562 7.626768 7.617018 7.618811 7.619324 7.614699 7.593701 7.556828 7.523453 7.508615 7.51352 7.524428 7.534299 7.539347 7.562479 7.553022 7.506549 7.485148 7.478211 7.479826 7.495807 7.506821 7.528165 7.578313 7.644789 7.702644 7.742451 7.777499 7.801363 7.787161 7.726641 7.633907 7.511887 7.382169
8.082029 8.093814 8.102905 8.113845 8.121534 8.118135 8.099435 8.076704 8.044767 8.019893 8.044981 8.069981 8.082065 8.08763 8.086321 8.071458 8.064988 8.085813 8.108781 8.095451 8.087909 8.080916 8.033715 7.935817 7.82773 7.726929 7.657652 7.622924 7.605692 7.607485 7.601926 7.594743 7.598254 7.628386 7.658009 7.639055 7.572798 7.519634 7.492952 7.509512 7.548132 7.569856 7.572877 7.58641 7.566 7.525061 7.502475 7.504221 7.525391 7.534844 7.537824 7.540236 7.573858 7.632633 7.695707 7.766304 7.851186 7.917276 7.930678 7.873837 7.764522 7.613523 7.423216
8.073386 8.082734 8.090679 8.101726 8.111177 8.111597 8.099314 8.080982 8.061414 8.048654 8.055941 8.074255 8.093157 8.103256 8.116983 8.108017 8.091497 8.096595 8.119462 8.114944 8.113103 8.120131 8.098766 8.047349 7.960079 7.842255 7.724626 7.642042 7.608826 7.601877 7.604601 7.587757 7.596912 7.664518 7.746549 7.741842 7.642094 7.539816 7.486659 7.49331 7.579432 7.627457 7.632524 7.629774 7.611598 7.575805 7.552266 7.567399 7.60287 7.617422 7.605891 7.59727 7.634368 7.700319 7.7985 7.907932 8.023707 8.111934 8.133063 8.087643 7.9701 7.766651 7.500566
8.066923 8.073737 8.083598 8.094641 8.101555 8.104921 8.098322 8.088219 8.075553 8.074448 8.078821 8.080572 8.092278 8.11346 8.124773 8.124855 8.113615 8.112411 8.121879 8.123956 8.122958 8.132146 8.128497 8.112967 8.066339 7.97427 7.846837 7.732449 7.663311 7.644344 7.626553 7.596421 7.631213 7.735332 7.841634 7.850905 7.729858 7.590943 7.494382 7.51484 7.642078 7.720993 7.738045 7.73686 7.718183 7.681571 7.652559 7.677463 7.731857 7.746725 7.713249 7.690746 7.734858 7.840713 7.962852 8.083147 8.195397 8.270718 8.293991 8.240383 8.120373 7.913517 7.623179
8.060173 8.066866 8.075361 8.087612 8.09454 8.098757 8.098406 8.090555 8.085566 8.090449 8.100364 8.094785 8.090013 8.109238 8.125128 8.131959 8.128228 8.127264 8.129329 8.129585 8.125363 8.130321 8.139184 8.148701 8.130831 8.066167 7.967841 7.860471 7.777258 7.728225 7.668171 7.619407 7.703095 7.824912 7.922562 7.943248 7.825829 7.637553 7.501474 7.530653 7.708717 7.852266 7.913751 7.925416 7.901313 7.863118 7.817222 7.841967 7.902129 7.907921 7.852692 7.809618 7.842398 7.948211 8.080795 8.207859 8.303716 8.367226 8.368486 8.316644 8.210389 8.026648 7.7502
8.054081 8.060779 8.069623 8.079262 8.082057 8.088815 8.092263 8.091744 8.092184 8.100542 8.113386 8.110501 8.098835 8.108645 8.123303 8.134541 8.138958 8.14113 8.139607 8.137988 8.128606 8.129231 8.133468 8.152611 8.150101 8.113734 8.05138 7.972907 7.89307 7.814039 7.708801 7.651465 7.749056 7.894061 7.986742 8.007193 7.889683 7.679442 7.507143 7.555409 7.765764 7.969398 8.080894 8.114926 8.108411 8.062679 8.00511 8.013961 8.059339 8.048159 7.978594 7.923041 7.940067 8.021655 8.136703 8.25772 8.35524 8.421423 8.411962 8.361072 8.266912 8.100883 7.861717
8.047105 8.050463 8.053001 8.057914 8.064098 8.071954 8.081584 8.08798 8.094788 8.10547 8.116446 8.117887 8.109879 8.114835 8.125449 8.13718 8.146973 8.149267 8.149939 8.138632 8.130315 8.124165 8.129806 8.139529 8.142004 8.12151 8.080201 8.029934 7.968351 7.855449 7.757494 7.716228 7.737138 7.879637 7.994922 8.041263 7.924876 7.701628 7.539027 7.607234 7.820379 8.037161 8.174212 8.239286 8.244248 8.208406 8.157316 8.146112 8.160456 8.133636 8.057157 8.02829 8.032183 8.082355 8.187523 8.297564 8.396437 8.462724 8.46746 8.415449 8.317369 8.166508 7.960846
8.037285 8.036953 8.033685 8.038708 8.049202 8.059591 8.068922 8.077898 8.088699 8.10188 8.112818 8.120429 8.122332 8.12373 8.128835 8.137095 8.149581 8.156431 8.154499 8.144796 8.135114 8.127445 8.127706 8.131721 8.131114 8.116747 8.080896 8.034437 7.974091 7.872513 7.828382 7.802866 7.748261 7.816223 7.948956 8.027463 7.931508 7.715909 7.560341 7.644267 7.848539 8.056518 8.190823 8.267969 8.290979 8.289418 8.266277 8.239624 8.213868 8.170028 8.116123 8.102172 8.116387 8.148502 8.243878 8.353832 8.452951 8.529128 8.544888 8.49472 8.379545 8.228955 8.040828
8.025046 8.025084 8.024119 8.023995 8.035614 8.047088 8.056994 8.067611 8.078186 8.092258 8.105151 8.11582 8.125338 8.130841 8.132916 8.136648 8.140413 8.153122 8.156009 8.150276 8.140203 8.132675 8.131705 8.131284 8.123855 8.102481 8.064442 8.014785 7.949201 7.915925 7.922357 7.902396 7.825721 7.789511 7.871784 7.965191 7.920731 7.760782 7.620531 7.636046 7.811712 8.00908 8.159551 8.236715 8.278862 8.305047 8.313467 8.289459 8.250507 8.196866 8.166004 8.168208 8.195796 8.219454 8.312158 8.437119 8.547256 8.629564 8.661583 8.614223 8.474183 8.283285 8.089735
8.022983 8.026949 8.023329 8.01914 8.025494 8.03678 8.047707 8.057158 8.068308 8.079079 8.093314 8.107712 8.117943 8.129481 8.136409 8.141204 8.135868 8.138522 8.145917 8.150241 8.147345 8.139948 8.135704 8.133779 8.122014 8.089754 8.048274 7.992016 7.929582 7.937288 7.984762 7.976812 7.887182 7.796853 7.795188 7.888615 7.910422 7.822863 7.710811 7.652842 7.742074 7.907765 8.063496 8.160248 8.224806 8.279203 8.306208 8.30317 8.273176 8.235892 8.220714 8.236344 8.274801 8.307893 8.393125 8.544897 8.685139 8.774938 8.809672 8.754018 8.575342 8.33774 8.114596
8.018897 8.025641 8.025896 8.023582 8.02651 8.033986 8.040813 8.050416 8.059501 8.072124 8.084805 8.099396 8.111914 8.122379 8.133077 8.140844 8.140672 8.136617 8.140624 8.146145 8.148004 8.145437 8.13876 8.137663 8.119567 8.084519 8.036736 7.994174 7.953197 7.94267 7.985836 7.993054 7.933416 7.830292 7.762304 7.833404 7.8832 7.853952 7.778555 7.703178 7.705368 7.834562 7.973597 8.071423 8.15737 8.222137 8.269788 8.297751 8.298339 8.286202 8.29473 8.331754 8.38261 8.424212 8.50437 8.678916 8.855171 8.951465 8.967426 8.877739 8.648608 8.364904 8.11106
8.017999 8.01637 8.020664 8.027013 8.031009 8.036505 8.042657 8.046354 8.052036 8.062471 8.078405 8.093801 8.106398 8.119433 8.128883 8.135982 8.140347 8.139297 8.139139 8.141575 8.144887 8.147649 8.140803 8.137621 8.121874 8.08215 8.0324 8.006735 7.998456 7.968705 7.97378 7.981125 7.940038 7.857769 7.767606 7.80917 7.855014 7.86432 7.818045 7.740911 7.718093 7.810952 7.939312 8.041469 8.115341 8.170277 8.226667 8.283566 8.323177 8.33983 8.376454 8.451695 8.536809 8.586038 8.64904 8.835686 9.046894 9.14197 9.108345 8.944319 8.663487 8.355371 8.080654
8.024495 8.017141 8.017591 8.024015 8.032876 8.040733 8.045826 8.050493 8.052351 8.058712 8.071647 8.08861 8.105097 8.115721 8.124587 8.130768 8.136915 8.140449 8.139415 8.13688 8.137336 8.140537 8.143322 8.13074 8.120526 8.086608 8.03244 8.013973 8.01546 7.979855 7.968601 7.967879 7.931566 7.860148 7.793087 7.814582 7.836987 7.85359 7.847822 7.765362 7.726223 7.793503 7.914038 8.015554 8.09685 8.141104 8.192253 8.260969 8.337438 8.397223 8.47536 8.590343 8.727739 8.802131 8.837546 9.002303 9.232972 9.320337 9.199365 8.92725 8.604111 8.285987 8.021874
8.025678 8.026574 8.02371 8.027142 8.035705 8.043724 8.05035 8.051919 8.053906 8.061785 8.073298 8.089205 8.103513 8.116116 8.123007 8.129473 8.132947 8.138027 8.139093 8.136511 8.130642 8.128119 8.13048 8.127313 8.114293 8.08183 8.040429 8.011081 8.011266 7.986482 7.972399 7.963327 7.917285 7.846109 7.794588 7.816346 7.83998 7.844582 7.840624 7.764426 7.713772 7.755644 7.848021 7.974274 8.072692 8.130696 8.182257 8.261816 8.364902 8.46913 8.582895 8.742083 8.932363 9.050658 9.077867 9.199417 9.391608 9.448406 9.236364 8.877973 8.514128 8.195556 7.959897
