py_wake/examples/data/AJ_ParqueFicticio/Rough survey   Sector 1   Height 200m   Orographic turn.grd
DSAA
73  159
 258469   265669
 6501692   6517492
-10.85354   12.10055
[rows 108 to 134 of 159, columns 0 to 61 of 73]
-2.319027 -1.364066 -.6374571 -.1583425 .1302144 .4625673 1.055329 2.041482 3.188248 4.307864 5.429648 6.558972 7.492179 8.041404 8.22178 8.061687 7.636661 6.759909 5.519267 4.370516 3.535982 2.819873 2.022059 1.189348 .4702452 -.09632429 -.3597068 -.3116928 -.06984857 .04673675 -.05311445 -.2060293 -.4762593 -.6998026 -1.074157 -1.326878 -1.459361 -1.148738 -.2326878 .9871752 2.301581 3.564072 4.703901 5.695518 6.232345 6.328409 6.186187 5.974795 5.723972 5.271657 4.795311 4.254522 3.681259 2.990859 2.266636 1.603535 1.09326 .8982649 .9294797 1.078873 1.320495 1.5283
-2.108462 -1.269541 -.4080922 .2649422 .8103238 1.294307 1.828896 2.597952 3.593295 4.756467 5.903896 6.900322 7.615375 8.114816 8.210272 8.165219 7.9589 7.489978 6.479374 5.293363 4.19568 3.28974 2.380176 1.549631 .7159709 .1114919 -.2687864 -.4809977 -.7920681 -1.14321 -1.553587 -1.864992 -2.053479 -2.154975 -2.112693 -1.968905 -1.689208 -1.078308 -.06163049 1.216156 2.73587 4.175575 5.484303 6.522556 7.099013 7.099275 6.758427 6.345231 5.904189 5.431867 4.952534 4.336242 3.466266 2.468319 1.490368 .6988449 .2500386 .1450181 .3336248 .6472519 .8525993 1.116811
-1.854495 -1.201933 -.4430546 .316605 1.006604 1.653414 2.31875 2.989897 3.938864 5.047952 6.141721 6.981272 7.408289 7.730422 7.889184 7.959238 7.960639 7.940499 7.450217 6.431326 5.174821 4.021506 3.017003 2.195786 1.375315 .7734815 .2802823 -.3876795 -1.282348 -2.325097 -3.196266 -3.596463 -3.675373 -3.3829 -2.869325 -2.245337 -1.55328 -.7059704 .3481812 1.629573 3.173557 4.710384 5.995512 6.965949 7.52572 7.609155 7.265193 6.774296 6.264727 5.575576 4.830433 3.914389 2.735164 1.550233 .5346299 -.1405403 -.4566593 -.4087432 -.09273045 .3457745 .6402507 1.03655
-1.728432 -1.296182 -.6562309 .07007577 .8237654 1.637591 2.42072 3.246351 4.198389 5.173076 6.125004 6.749602 7.006936 7.154905 7.232637 7.255082 7.421528 7.745122 8.019258 7.592741 6.396739 5.065291 3.913208 3.024288 2.272226 1.644853 .9634609 -.0860502 -1.659239 -3.245648 -4.484715 -5.103916 -5.007059 -4.40942 -3.509429 -2.388874 -1.245175 -.08844111 1.019322 2.219676 3.552669 4.96034 6.115885 6.929866 7.403669 7.547061 7.419022 7.176036 6.708587 5.832517 4.703124 3.325609 1.847978 .5220496 -.3940203 -.8958638 -1.112625 -.9561171 -.5338979 .02464513 .6106116 1.295201
-1.898316 -1.533675 -.954193 -.2065501 .6421494 1.520485 2.455597 3.415126 4.353781 5.2045 5.977885 6.410308 6.525215 6.483627 6.326602 6.283084 6.545409 7.14111 7.869874 8.091244 7.42666 6.273576 5.109449 4.083609 3.178354 2.363065 1.42751 -.0386806 -1.89922 -3.684779 -5.031329 -5.733913 -5.683524 -5.022389 -3.944855 -2.584226 -1.03537 .478639 1.761395 2.876215 3.899497 4.888748 5.754269 6.380207 6.743857 6.995091 7.125751 7.131486 6.890249 6.069968 4.597322 2.780979 1.07975 -.2291987 -1.067554 -1.413694 -1.474101 -1.360548 -1.026739 -.4222624 .4937133 1.492135
-2.300242 -1.800674 -1.150898 -.3453382 .5066934 1.471307 2.449019 3.439106 4.362412 5.102979 5.690208 6.010888 5.973513 5.73357 5.419411 5.264303 5.613531 6.356784 7.187952 7.803823 7.864861 7.338596 6.429602 5.369728 4.175234 2.899657 1.548974 -.1227751 -1.999703 -3.665297 -4.836816 -5.472574 -5.590313 -5.168163 -4.244518 -2.807387 -1.009671 .8478306 2.3472 3.339851 4.04776 4.526256 4.95629 5.334472 5.64639 6.008894 6.336294 6.503305 6.439743 5.732869 4.28206 2.408089 .6837357 -.608562 -1.325249 -1.589231 -1.641406 -1.531872 -1.385901 -.9270989 .1025128 1.367224
-2.646861 -1.962294 -1.193532 -.4183777 .5070897 1.475805 2.480275 3.416883 4.236087 4.889607 5.359249 5.470383 5.260089 4.857968 4.494894 4.441184 4.884542 5.545524 6.272239 6.945761 7.521574 7.748871 7.460493 6.556896 5.071639 3.36744 1.607131 -.1970723 -1.968813 -3.303495 -4.115426 -4.584785 -4.834704 -4.720757 -4.061409 -2.788897 -.8942749 1.161148 2.784607 3.71735 3.947604 3.912218 3.865531 3.939708 4.213463 4.629603 5.04178 5.31841 5.274163 4.758636 3.53732 1.966236 .4580691 -.7064703 -1.290346 -1.524697 -1.610553 -1.599435 -1.530262 -1.24147 -.5271204 .6947964
-2.729744 -2.019892 -1.227112 -.4058938 .5216141 1.540899 2.569169 3.412076 4.127669 4.727256 5.051531 4.910792 4.485209 3.991019 3.724442 3.881328 4.353147 4.780541 5.245677 5.78039 6.37432 7.027381 7.41529 7.108231 5.717463 3.82603 1.762028 -.1421897 -1.726237 -2.638834 -3.099702 -3.407863 -3.756947 -3.757497 -3.243396 -2.124472 -.3838152 1.586073 3.164199 3.88138 3.770206 3.248222 2.692058 2.444434 2.554243 2.914552 3.363282 3.688861 3.683573 3.290752 2.449866 1.34536 .1913898 -.6384658 -1.118749 -1.407863 -1.473853 -1.528009 -1.506032 -1.366011 -.8916678 -.01238573
-2.508004 -1.830829 -1.128706 -.3055501 .7067157 1.736704 2.739734 3.565371 4.245104 4.729069 4.865107 4.509437 3.830688 3.342513 3.229131 3.575564 3.964319 4.213704 4.378184 4.640721 4.987889 5.441109 6.027903 6.373081 5.761837 4.047216 2.035218 .1249346 -1.162165 -1.764352 -2.053521 -2.299874 -2.552556 -2.513039 -1.945176 -.9322425 .5473351 2.2234 3.589678 4.06906 3.667267 2.708341 1.741238 1.162128 .9833102 1.179217 1.480672 1.820596 1.913428 1.732529 1.216491 .5748782 -.1114471 -.683551 -1.078809 -1.309367 -1.413741 -1.434867 -1.425251 -1.371274 -1.132918 -.5542809
-1.879398 -1.345085 -.7417768 .1227539 1.168668 2.195971 3.16202 3.998855 4.646116 5.028193 4.919704 4.339009 3.576356 3.049441 2.932261 3.286617 3.685644 3.871008 3.873246 3.877564 3.843465 3.82405 4.025654 4.514538 4.679548 3.909404 2.250209 .6111252 -.3855501 -.8037862 -1.038548 -1.296978 -1.411102 -1.166698 -.557373 .3206074 1.511811 2.953755 4.012332 4.261003 3.567963 2.315891 1.028595 .2094777 -.1740462 -.281756 -.1864352 .02699027 .1819998 .1559995 .001172149 -.3186688 -.6314331 -.9584882 -1.183047 -1.35616 -1.459835 -1.458667 -1.464418 -1.439876 -1.347442 -1.094224
-.9537769 -.4959753 .1609256 1.055628 2.075716 3.066177 3.953901 4.720384 5.194382 5.382946 5.114144 4.463095 3.66766 3.082467 2.84435 2.978133 3.346202 3.537885 3.475551 3.261712 3.00417 2.669726 2.39547 2.558091 3.032961 3.179406 2.4068 1.353983 .5648945 .1306444 -.1934494 -.3222015 -.3196795 .009418816 .5177262 1.213902 2.156654 3.367428 4.269688 4.343734 3.495527 2.003065 .5255267 -.4737256 -1.056721 -1.360809 -1.498083 -1.45499 -1.306074 -1.109517 -1.048862 -1.05294 -1.141748 -1.322204 -1.41525 -1.551685 -1.579728 -1.651734 -1.67653 -1.748133 -1.905984 -1.793246
.09604659 .7055226 1.50762 2.459317 3.440833 4.360092 5.106658 5.524152 5.669017 5.572607 5.198983 4.520063 3.8414 3.240488 2.880788 2.709991 2.770001 2.811099 2.735027 2.561619 2.315217 2.007932 1.577914 1.458443 1.716503 2.061152 2.190925 1.932865 1.44672 .9224321 .5012064 .3573049 .5215472 .792318 1.194147 1.906441 2.701715 3.519244 4.04813 4.025276 3.242052 1.784817 .21934 -.9587528 -1.685208 -2.142916 -2.443768 -2.5377 -2.348293 -2.018624 -1.71098 -1.522443 -1.548751 -1.6051 -1.694492 -1.796532 -1.865111 -2.008177 -2.2618 -2.584882 -2.763265 -2.665817
1.055842 2.00906 3.026746 4.048748 5.021928 5.810183 6.334194 6.440419 6.079353 5.408515 4.753578 4.232453 3.84176 3.456725 3.099503 2.639512 2.241516 1.929786 1.760368 1.684671 1.677686 1.660664 1.549135 1.252156 1.181328 1.311902 1.713609 2.072064 2.021562 1.551946 1.047334 .9266976 .9961932 1.215317 1.709654 2.505749 3.241998 3.551172 3.535388 3.135273 2.533035 1.50535 .1255775 -1.206021 -2.172625 -2.794955 -3.119509 -3.149751 -2.921096 -2.532487 -2.11975 -1.864419 -1.797397 -1.863982 -1.977013 -2.08195 -2.315001 -2.673968 -3.325551 -3.799671 -3.823446 -3.384922
1.809118 3.037288 4.298343 5.504081 6.477503 7.193825 7.553108 7.33627 6.430347 5.044968 3.908129 3.397542 3.26177 3.309296 3.156386 2.697068 1.975852 1.289987 .8486678 .7838421 .9293455 1.26056 1.517507 1.497872 1.271068 1.127011 1.377389 1.893216 2.252349 2.046442 1.660665 1.459675 1.342682 1.582308 2.246482 3.155659 3.703782 3.596198 2.883012 2.022967 1.404826 .7529696 -.1747242 -1.387571 -2.433046 -3.10159 -3.441378 -3.449742 -3.172358 -2.793785 -2.352726 -2.121463 -2.046857 -2.13556 -2.310658 -2.647914 -3.04423 -3.762994 -4.49087 -4.770533 -4.371573 -3.578255
2.139473 3.62515 5.15456 6.543777 7.613666 8.329771 8.50527 8.000614 6.660689 4.858787 3.283053 2.370635 2.210715 2.440744 2.61866 2.39947 1.715291 .9215879 .3206654 .02336785 .1746051 .6597316 1.243808 1.528715 1.479741 1.274442 1.397705 1.756433 2.272043 2.427604 2.290827 1.959582 1.781528 2.117453 2.964351 3.730514 3.95073 3.475247 2.259118 1.002997 .09576765 -.4164141 -.9278414 -1.670379 -2.461879 -3.07441 -3.343429 -3.384908 -3.224419 -2.900145 -2.667007 -2.419181 -2.463804 -2.586664 -2.975217 -3.439424 -3.982722 -4.680224 -5.085793 -4.780793 -3.913073 -2.962034
2.423965 3.995329 5.673965 7.189617 8.341379 8.997188 9.067813 8.371913 6.902141 5.075314 3.255488 1.948467 1.31985 1.252466 1.399705 1.367543 .9660085 .3579546 -.1948422 -.4460525 -.3655723 .1454114 .8868967 1.364476 1.427315 1.382756 1.500567 1.950819 2.51845 2.887695 2.904692 2.590163 2.519974 2.906459 3.548363 3.945583 3.765223 2.922912 1.498629 .1183641 -.9593516 -1.61165 -1.881102 -2.156563 -2.52357 -2.829759 -3.085726 -3.0922 -3.107775 -3.0518 -2.980791 -2.965484 -3.068321 -3.366653 -3.90195 -4.417656 -4.778526 -5.083889 -4.709823 -3.808896 -2.940477 -2.053208
2.943853 4.429921 6.039174 7.440719 8.50484 9.021735 9.009747 8.340099 7.174953 5.658374 3.851003 2.241377 1.147902 .6348089 .3822442 .1970184 -.1343854 -.5072156 -.7757429 -.8141556 -.6768391 -.2280873 .3143867 .8432908 .9808322 1.052266 1.456867 2.154086 2.992705 3.538644 3.655898 3.430174 3.368569 3.612674 3.827381 3.751051 3.1446 1.973971 .5618856 -.6836278 -1.749093 -2.376604 -2.614224 -2.597698 -2.673942 -2.798177 -2.800394 -2.800128 -2.794199 -3.062704 -3.277419 -3.504895 -3.952379 -4.485871 -5.029507 -5.280214 -5.272686 -4.579683 -3.515145 -2.518202 -1.80867 -1.168265
3.928245 5.112248 6.314663 7.448916 8.193428 8.35858 8.167479 7.711302 7.135074 6.24722 4.786392 3.102111 1.674569 .7506052 .1843638 -.2305701 -.7075512 -1.132118 -1.363459 -1.261966 -1.044477 -.8063465 -.5473587 -.2960794 .06045394 .4102067 1.066775 2.09433 3.168715 4.020267 4.389271 4.339694 4.175229 4.090907 3.89755 3.327081 2.30591 .9173421 -.3991978 -1.491197 -2.309789 -2.801096 -2.952897 -2.95722 -2.918201 -2.81729 -2.732716 -2.60883 -2.57581 -2.917531 -3.45128 -4.239378 -5.070801 -5.803416 -6.064257 -5.840282 -5.121566 -3.751469 -2.235332 -1.150185 -.638956 -.3537568
5.151552 5.994092 6.791213 7.386416 7.563232 7.238209 6.851983 6.646284 6.62491 6.475095 5.604834 4.154647 2.592704 1.310741 .4360453 -.04147498 -.4685534 -.9293273 -1.255979 -1.375355 -1.400614 -1.465402 -1.568792 -1.511366 -1.03328 -.2820805 .6777959 1.805701 2.891977 3.916196 4.600995 4.857139 4.744819 4.500254 3.903951 2.885336 1.449588 -.08930086 -1.31893 -2.255308 -2.861089 -3.120426 -3.22122 -3.179091 -3.058014 -2.986669 -2.893043 -2.794549 -2.772107 -2.942386 -3.807752 -4.990867 -6.246752 -6.916062 -6.697413 -5.960477 -4.6397 -2.841223 -1.05754 .0236871 .4348322 .5301071
6.585997 7.072708 7.297335 7.271143 6.86943 6.123693 5.537028 5.343408 5.517167 5.892013 5.82446 4.982201 3.552104 1.998107 .9378558 .4458323 .2038393 -.1559837 -.63665 -1.149241 -1.628115 -2.055576 -2.410613 -2.477087 -1.92906 -.913149 .3440764 1.499368 2.456149 3.446302 4.358044 4.897213 4.98782 4.691838 3.838631 2.426344 .7103437 -1.008703 -2.291186 -3.087947 -3.478757 -3.516518 -3.456734 -3.2967 -3.167532 -3.059548 -3.005657 -3.014246 -3.140866 -3.382626 -4.22902 -5.572512 -6.747558 -7.182237 -6.615423 -5.449518 -3.796473 -2.008854 -.4517455 .6839867 1.231286 1.259212
8.232891 8.289172 7.976793 7.309511 6.298905 5.115218 4.329674 4.05141 4.257813 4.840165 5.381055 5.239754 4.282484 2.777463 1.521029 .9271242 .8024858 .6151833 .09321121 -.7993165 -1.702981 -2.42255 -2.952533 -3.124405 -2.620338 -1.573726 -.2588093 .9682187 1.933523 2.922077 4.018135 4.914379 5.170973 4.72798 3.639418 1.962216 -.031636 -1.891063 -3.23539 -3.89998 -3.987659 -3.794589 -3.590651 -3.379036 -3.126888 -2.961621 -2.877698 -2.941361 -3.246536 -3.758675 -4.571282 -5.640686 -6.54476 -6.609698 -5.809938 -4.522568 -3.118769 -1.820112 -.5754408 .7060176 1.567666 1.741128
9.999805 9.727468 8.785893 7.42326 5.692531 4.101464 3.181593 2.881503 3.113833 3.771713 4.554105 4.986886 4.709277 3.618626 2.224123 1.218284 .9023377 .8870277 .5238391 -.3557422 -1.481903 -2.425905 -3.164545 -3.457896 -3.149233 -2.353476 -1.126192 .1137811 1.342736 2.515457 3.784541 4.891933 5.314281 4.730151 3.434685 1.536974 -.5825164 -2.540824 -3.827113 -4.38225 -4.302601 -3.971935 -3.648092 -3.333545 -2.959906 -2.722811 -2.59317 -2.663952 -3.090429 -3.79509 -4.727312 -5.479429 -5.81624 -5.483933 -4.716618 -3.726242 -2.931762 -2.264096 -1.339607 .04107283 1.322912 1.958529
11.33283 10.80809 9.399497 7.441559 5.256244 3.281451 2.171244 1.771742 2.055412 2.789229 3.715562 4.49485 4.765258 4.237636 2.886798 1.506259 .761775 .6797941 .5278741 -.1828036 -1.210317 -2.145162 -2.926333 -3.315054 -3.276155 -2.850521 -2.031802 -.8319311 .5252631 1.899073 3.161466 4.404976 5.028338 4.691662 3.290447 1.332001 -.7746178 -2.624476 -3.817799 -4.376375 -4.34321 -4.031424 -3.688294 -3.244623 -2.735066 -2.384381 -2.21541 -2.310232 -2.823579 -3.714598 -4.56289 -4.895785 -4.796261 -4.264052 -3.767075 -3.332681 -3.007877 -2.69895 -2.076785 -.8944662 .6351175 1.714139
12.0205 11.20201 9.479356 7.243162 4.906147 2.944144 1.569622 .9226292 1.142398 1.819004 2.808698 3.770318 4.397583 4.326452 3.34645 1.839928 .7148945 .225731 .04844473 -.3428632 -.9657148 -1.736411 -2.482689 -2.774948 -2.934329 -2.861847 -2.382873 -1.441963 -.2434786 .8365928 1.939348 3.058568 3.956065 4.01015 3.12165 1.436582 -.454154 -2.13299 -3.400348 -4.06411 -4.321907 -4.113943 -3.812736 -3.340085 -2.784405 -2.243666 -2.044924 -2.140641 -2.618194 -3.428106 -3.996531 -3.935095 -3.524193 -3.166413 -3.059306 -3.047666 -2.997838 -2.909996 -2.660598 -1.829732 -.3716917 1.023573
12.10055 11.08986 9.188461 6.87274 4.690154 2.92886 1.474009 .6963017 .6193032 1.100292 1.927426 2.788075 3.507286 3.82255 3.400316 2.198079 .8194818 -.1405811 -.5890949 -.7636624 -1.062142 -1.560197 -2.026602 -2.260092 -2.261995 -2.281447 -1.991242 -1.407062 -.5722815 -.006718775 .6107304 1.381414 2.162031 2.586516 2.429598 1.415084 .01767093 -1.424672 -2.654024 -3.614666 -4.040643 -4.015709 -3.756692 -3.365449 -2.933515 -2.573494 -2.334579 -2.311784 -2.616748 -3.058061 -3.105023 -2.651359 -2.271564 -2.219452 -2.421077 -2.670548 -2.84883 -2.970704 -2.958701 -2.513777 -1.418296 -.04872517
11.55204 10.5371 8.711739 6.486845 4.51365 3.001318 1.746085 .8494228 .4461186 .5660201 1.11017 1.78752 2.463079 2.964974 3.02441 2.356653 1.054807 -.1681123 -.9825924 -1.280219 -1.37146 -1.564644 -1.762591 -1.75994 -1.661825 -1.47221 -1.164671 -.8102076 -.5713406 -.3523084 -.02723168 .3153333 .6344794 .9113784 1.044423 .8003044 .1057986 -.9317553 -2.038009 -3.075452 -3.558099 -3.669558 -3.465353 -3.229933 -3.073876 -3.011544 -2.922944 -2.899941 -2.895215 -2.71179 -2.202133 -1.478438 -1.002411 -1.183532 -1.630781 -2.04817 -2.421672 -2.811601 -3.014492 -2.897793 -2.200929 -1.062203
10.4238 9.561124 8.014275 6.104617 4.417323 3.227434 2.188091 1.19843 .4449595 .0945619 .1043154 .5446945 1.197305 1.84631 2.265559 2.116604 1.171699 -.02466154 -1.007639 -1.5082 -1.662377 -1.712071 -1.664433 -1.472976 -1.157261 -.7188854 -.391159 -.1800317 -.3977576 -.4717025 -.34526 -.2257795 -.2625563 -.299885 -.289947 -.2318493 -.4748954 -.963644 -1.724978 -2.611644 -3.17263 -3.28592 -3.138087 -3.064435 -3.176241 -3.282161 -3.512394 -3.572139 -3.349157 -2.541717 -1.565363 -.6710744 .01875425 .06181785 -.5469541 -1.131491 -1.633298 -2.211695 -2.681767 -2.990041 -2.796795 -1.985969
