py_wake/examples/data/AJ_ParqueFicticio/Rough survey   Sector 10   Height 30m   Power density.grd
DSAA
73  159
 258469   265669
 6501692   6517492
 .01767533   1704.689
[rows 0 to 27 of 159, columns 0 to 62 of 73]
177.7461 186.9163 189.7159 191.1119 190.8913 191.1445 192.2682 192.7095 193.5889 194.0004 193.5806 191.81 190.04 189.079 184.9486 180.258 174.7766 169.1089 160.7666 147.239 125.0869 153.7424 201.5485 281.6148 234.9976 133.6552 106.7784 161.437 182.1125 162.3682 148.3556 150.4881 149.6972 151.8276 146.7894 167.1362 217.8897 293.305 268.9853 260.8099 261.8517 269.977 277.6054 278.8907 265.8765 261.1638 252.7009 246.5964 243.9603 240.4282 237.5963 234.3919 232.7354 233.9696 233.4318 233.2759 233.0529 230.5329 228.0372 222.586 216.1248 209.8069 202.9377
185.2395 191.4233 192.2475 193.0829 193.1565 193.5863 194.1079 194.9281 195.2709 195.6573 195.3392 194.0364 191.573 188.8126 184.2697 178.3949 172.3666 165.6535 153.7476 134.8337 120.9307 147.4436 231.2542 304.8857 278.5383 170.4885 95.93659 147.9069 171.6652 163.6884 157.3762 152.6814 151.7936 150.8868 141.7563 160.2162 202.4784 292.155 267.0702 254.8127 250.0589 254.762 270.491 281.0619 255.4954 252.2968 249.351 244.6839 242.5658 238.8022 237.4083 236.326 236.3053 238.2732 238.0212 238.5731 238.4278 236.6596 230.8125 225.3692 218.9713 211.3561 203.9218
193.3063 182.7638 185.1271 188.7841 190.2711 191.2788 192.1423 192.5263 192.972 193.7061 197.5014 194.2592 191.6001 189.933 184.8801 176.489 169.2718 162.8923 149.7495 126.5463 121.6826 142.5295 233.8698 301.0532 331.8255 203.0444 125.9603 138.9238 157.1419 155.992 156.026 153.4051 154.6478 150.7495 135.2299 143.1057 169.0885 272.5615 264.1395 247.2633 236.1811 244.5367 259.962 288.9315 260.5421 242.8911 237.8052 238.394 239.1792 233.4884 234.0376 240.6312 239.3216 241.1402 241.0704 243.7508 244.371 241.9644 236.8046 229.9981 221.9775 213.1487 204.5595
232.0444 198.3013 178.5928 187.1605 190.0367 194.4642 195.9575 195.9494 195.3952 195.9118 195.3887 198.4278 199.7685 199.534 190.8404 177.0431 168.2055 158.3528 144.646 122.0576 120.3399 140.625 213.901 268.9377 324.8429 217.6075 149.4967 142.7861 150.1278 151.8059 154.3935 160.5955 161.3478 144.4728 128.7177 121.0908 134.5874 220.5958 267.5538 231.2276 224.8846 245.6703 268.3463 285.6513 288.5052 248.9681 230.5574 230.9249 232.8597 227.6702 232.3305 245.2116 242.0118 245.1304 248.9978 251.103 252.2625 249.9958 243.9994 235.3731 225.9266 216.5509 206.9926
253.9094 210.7593 178.8121 186.0783 188.1679 190.5193 193.6295 195.5683 194.0971 193.0327 192.6021 188.7924 199.6949 206.6421 194.6264 175.9122 165.0474 153.6644 140.4308 113.7262 126.042 145.3534 194.8823 252.6361 318.8537 244.7937 176.7739 160.4938 158.1604 159.8964 157.5524 169.2116 157.6751 134.7746 120.3654 98.53902 106.6037 180.8135 242.6885 209.5222 203.7485 277.3182 293.3058 286.6529 293.1312 242.4547 227.1073 227.1887 223.8934 224.0072 229.4108 244.8999 246.6657 251.0286 255.3872 259.5282 262.5005 260.3701 253.543 244.2829 234.2331 221.2313 207.6633
249.4948 221.7054 203.9022 193.1974 182.5274 187.2566 200.0422 202.7523 197.3319 195.0873 198.6897 190.7205 197.7956 211.472 201.1504 182.8504 167.5746 152.0712 127.6838 123.1199 137.9959 158.7371 192.9222 240.3883 311.5958 265.3342 204.3201 180.0272 170.7764 168.5445 166.95 175.4266 164.7096 142.4984 129.6844 111.7079 100.6236 136.9166 186.0494 156.0252 182.0232 331.0361 331.8128 301.1095 284.5909 253.907 239.4118 236.4219 227.9762 219.9838 227.4089 239.4171 247.0959 254.9406 264.6793 272.7184 276.2224 275.8234 268.7974 259.169 246.6123 232.2127 211.2056
238.4615 232.672 230.7011 220.9213 191.7141 177.824 206.9902 206.5623 200.0664 197.7344 196.6299 188.5241 187.2485 199.0753 201.4595 190.2192 170.9205 152.4173 133.2202 111.982 130.5315 165.335 207.3932 238.4606 304.4243 269.4276 230.5499 199.1042 180.6917 170.5785 164.5349 161.6464 162.3917 147.1401 133.1458 119.4636 113.7721 118.0191 118.3189 114.6946 199.4504 360.6539 357.8278 293.5771 255.2439 245.0868 252.9687 254.5589 230.9908 215.9516 220.7469 228.2703 235.8424 255.5044 278.001 289.7344 295.9776 297.8174 293.0994 282.902 270.7917 233.6342 188.9811
235.3631 232.5868 233.1428 232.4299 194.6929 178.6709 194.1466 204.4057 200.6774 197.5217 192.8545 188.2579 191.6494 200.6119 205.355 201.3825 185.0383 160.3156 140.2798 110.1868 127.9443 162.9035 223.3696 243.0055 291.0484 273.7543 251.2588 211.2917 187.6255 171.3483 158.824 161.5564 158.0868 149.9004 137.6892 123.6626 116.215 116.7023 109.7187 91.52052 210.4986 363.638 346.9994 270.9395 219.5659 241.6743 268.2395 272.5375 222.8869 195.9756 211.443 217.8895 212.899 237.2011 300.4686 319.9883 322.2731 326.739 328.9492 332.0678 265.2955 214.7623 167.1732
234.8515 232.9026 235.1716 237.303 226.6182 201.9996 205.3632 206.5062 199.5487 192.6612 190.6825 190.5165 195.174 199.434 207.0224 210.4995 202.7519 175.5456 149.5065 125.6228 116.8173 146.7495 199.6647 211.2633 268.5732 287.8702 282.8642 232.3259 202.0442 181.8679 165.5807 163.9939 161.6206 156.2735 146.7645 134.171 127.0269 124.2193 128.6301 118.0109 184.8097 294.2718 280.4381 205.0528 219.6752 301.224 287.6043 288.0711 226.9546 181.1865 206.4365 207.0104 179.3855 225.8258 322.655 363.9157 352.7268 360.5897 386.7943 360.8906 256.7109 181.3818 140.7865
234.8062 233.1432 234.2688 238.5471 239.851 234.7583 230.7855 217.5468 195.3441 185.4783 187.1197 194.2633 197.2888 196.7585 203.7427 216.7905 218.66 199.0001 168.1712 143.0094 122.754 130.3334 177.5108 184.9538 224.5539 291.5706 299.667 256.0455 220.4353 190.064 170.6502 168.1112 166.248 162.0018 155.5709 145.301 140.1132 133.4813 146.5551 155.9677 174.6501 219.3427 209.8278 157.2402 248.5201 315.3121 270.399 264.5464 224.714 162.5106 180.3773 172.537 153.121 229.8967 363.8265 410.8865 385.3466 399.1125 431.7927 385.5292 269.2025 151.409 97.55395
231.6354 230.3113 228.1283 229.9767 234.6302 225.7999 240.3252 234.974 189.8409 172.5337 184.0307 202.5072 200.6532 185.6952 186.0113 224.8003 249.946 221.3503 189.7719 169.1538 141.7417 130.5478 159.5086 174.8573 170.4284 248.5569 317.0997 290.9074 244.5703 195.5108 175.4877 174.4522 173.8095 169.9155 160.8434 150.6861 151.041 146.5163 149.5487 174.0986 190.0958 200.8644 196.1572 176.556 220.5078 264.6231 217.5927 226.6857 218.5046 157.8527 152.3404 136.8091 174.1417 295.6215 393.8743 426.1278 416.2231 432.1566 434.0009 387.567 273.3431 141.3633 100.6772
228.0305 227.5012 226.3759 221.0177 236.585 235.5414 252.2226 227.7908 154.9463 157.3047 184.4144 235.0008 220.9355 175.9845 167.581 215.7741 276.4736 251.9538 200.9994 176.1702 156.4748 140.3657 145.0934 157.5015 163.9223 170.6601 260.0582 270.4504 244.1843 191.7955 176.8098 172.8056 174.9859 176.4824 167.9149 154.9223 157.1256 156.574 156.0326 171.242 186.6379 193.3001 196.7857 199.1483 206.509 207.5909 189.6968 189.3735 191.7585 166.1973 139.7467 139.2832 239.298 351.003 390.5756 397.1894 427.7362 445.5892 414.8196 357.0529 273.7423 163.3167 118.2687
222.8205 223.4781 227.2323 226.4715 235.2264 242.9548 248.1966 236.7231 135.5984 142.2149 194.9119 248.9817 239.0705 174.9443 160.619 171.0706 264.4477 256.002 245.2967 202.3961 168.8522 153.7848 159.2469 158.6242 160.5505 169.598 184.059 240.3654 229.0206 188.809 176.8453 170.1544 172.1274 173.1179 168.6764 161.9198 161.5094 161.9889 163.1163 166.5307 178.4852 187.6457 193.6518 205.7239 203.1649 190.9945 184.1501 180.3679 184.786 173.0505 157.599 148.1133 228.9095 337.983 387.0236 359.4263 347.6704 342.9227 321.9932 275.58 230.217 161.1571 148.6485
217.6126 222.9771 231.1917 232.725 235.9267 239.3316 234.8656 216.3807 135.5972 140.0865 200.4098 232.3338 226.6624 187.5019 157.7923 181.9321 224.1007 243.4801 256.3142 235.0408 225.0446 219.8533 189.3402 157.0263 158.9784 165.2326 180.5685 196.582 193.4736 181.1682 172.5563 167.3091 167.2078 167.4086 169.3216 167.7641 164.7803 163.5742 163.5451 165.6361 171.808 178.0525 183.5932 205.2512 199.063 187.5651 180.7917 172.182 177.3674 175.9234 174.1928 171.3461 192.426 278.2831 301.4067 247.1433 206.965 216.9382 219.629 225.1747 211.6565 186.4902 168.2876
216.8301 224.2967 229.0853 232.12 233.8058 232.7868 225.4256 211.0421 170.5154 154.9078 202.2729 223.2646 220.7092 206.6061 199.8014 212.2957 221.9719 236.3763 256.8221 241.714 242.7643 261.7482 261.0205 187.535 153.6852 161.2495 167.2073 173.8088 174.7498 171.6198 167.9147 163.7815 165.4444 168.6723 175.0029 175.9881 169.0971 161.008 157.6496 161.7354 169.9852 178.0819 181.8033 199.522 201.6081 180.2563 174.3367 168.5745 170.9361 179.9252 181.7487 184.9415 195.747 213.4886 229.0959 223.1291 214.3321 227.408 242.4879 225.7717 220.8793 199.6735 169.8587
218.0935 223.3614 226.7188 228.5494 229.4471 225.1881 216.0953 204.3506 187.5515 176.5107 200.0018 212.8942 215.3772 214.4109 217.6054 214.4095 207.3094 219.7635 242.628 233.5585 241.8312 258.8498 271.4824 242.5741 188.5948 149.5334 154.8498 159.5199 160.7366 163.5779 162.3309 157.1118 152.1018 158.9267 204.5195 206.2923 166.915 154.0671 148.049 151.3168 178.4482 186.9066 189.4202 200.7342 194.6336 174.7233 168.2079 169.9661 184.0995 190.0155 186.7588 181.7602 185.8482 197.3224 202.5418 188.9337 225.2739 307.118 341.3579 313.3158 291.6665 255.6238 129.5627
217.7712 221.8224 223.3351 224.403 224.7938 221.6218 213.2825 202.2665 191.6367 187.3223 194.0975 202.0665 208.1143 210.601 222.9538 215.3462 208.3388 222.4321 235.5096 232.2863 237.5394 251.0078 256.7577 259.4629 251.5961 197.476 141.1791 142.9821 149.8257 154.7043 160.307 144.1865 130.9697 150.8126 256.4695 266.4882 179.0214 136.0339 122.8308 122.7723 176.2261 195.0569 193.5895 195.0906 189.1978 172.98 160.0803 167.7139 185.4615 195.2825 182.6838 165.9931 168.3353 182.7149 210.6975 257.9825 348.7503 416.2754 456.0383 430.1053 389.2955 325.2242 160.5883
217.0298 218.4033 221.8086 222.17 221.3323 218.4868 212.1219 204.3531 196.9151 195.8552 199.4316 200.4863 202.1088 219.826 225.4813 222.8637 217.3966 221.8853 229.127 232.0032 232.9488 240.8754 246.4562 253.7315 262.9026 253.6268 182.4767 131.1598 132.6126 154.7486 154.4514 116.7204 103.9305 159.5549 288.8434 304.0155 215.1793 121.7313 92.06296 89.66043 159.777 212.4594 193.4043 191.3346 182.2979 170.6517 147.7079 171.2439 229.2459 247.3982 208.1593 170.9698 177.8654 223.7786 277.1131 335.5154 412.6836 453.7027 468.1753 457.7597 419.1927 364.651 224.6175
215.6915 216.5415 218.3264 219.9539 218.6674 216.7436 212.132 204.9671 200.1635 200.2208 207.4946 208.3419 202.4603 217.7471 224.0176 224.5667 223.0998 224.7817 227.7625 229.6737 228.2795 228.3801 230.1401 242.815 248.5874 238.6015 211.6225 166.5185 145.4845 163.8571 133.5587 87.07996 110.6462 206.8329 285.4505 300.4989 259.6182 132.4665 66.42558 64.51564 165.2403 230.5358 229.3494 233.7935 229.0967 215.9323 166.9424 198.7933 279.1459 283.3592 217.8323 175.2848 180.4547 230.6738 300.4909 377.5121 424.1619 464.7428 461.9247 444.5109 439.3265 383.9583 259.7163
214.281 214.2343 215.3425 215.9055 214.6739 213.6743 210.5835 207.0137 202.4561 202.5465 210.8672 208.5389 205.4233 214.3167 220.5932 225.0248 226.7608 229.0837 230.3581 230.3722 225.1118 220.9644 217.6552 238.0311 241.2543 229.7316 214.4699 193.8758 178.0035 166.1023 108.5686 71.49863 115.9522 244.8037 268.6709 303.7573 273.8504 131.588 42.37008 52.65853 153.849 248.3737 266.818 267.2929 271.2254 245.3265 185.0345 216.2675 302.2115 290.558 216.195 183.2731 190.4543 231.732 291.4298 357.2725 411.9921 461.6862 453.0962 442.0919 424.1607 395.7462 289.9444
215.7467 211.5651 207.7602 207.1732 208.6916 208.2077 207.9644 206.9682 205.1846 207.2844 215.5256 215.2269 211.3942 214.2996 219.7721 223.882 226.8037 230.1904 232.8071 227.7014 222.5005 218.0691 224.232 233.0076 235.9217 227.5706 215.1792 204.1603 209.3329 153.9868 107.65 105.6019 91.8681 212.5855 248.518 305.8213 258.5164 110.6496 32.78463 53.08962 159.1222 253.0964 266.6772 280.1374 266.1207 246.4977 220.0189 244.6977 288.0824 270.1999 203.4851 199.3031 213.0229 226.9015 291.6518 354.737 415.2282 459.1891 467.7121 455.2049 429.2508 379.304 311.6056
217.2612 216.2925 204.0952 202.2415 205.554 205.5878 205.3758 204.9137 205.3459 210.7931 217.1888 219.3123 218.0743 218.4007 220.019 222.0328 225.8506 232.429 230.8343 223.318 219.0615 218.9246 225.1225 230.822 232.1511 228.474 219.4832 208.1182 193.7293 122.1746 137.1938 164.6041 106.342 140.0924 213.5077 280.1275 234.1987 106.0644 35.05067 69.7858 163.7768 234.751 263.7678 269.8442 259.9584 255.3119 254.9813 257.9473 262.6021 239.6193 209.2119 211.746 228.6747 232.9761 288.7787 355.1809 405.1687 465.0767 491.6674 482.5546 437.6693 372.3839 308.5148
214.5055 213.9349 207.7499 201.5459 204.0688 203.6411 203.7794 203.784 204.4665 210.2506 215.6564 219.4357 220.5819 221.9672 221.8164 221.8765 222.187 232.8665 231.38 226.9702 221.7544 221.2484 225.4154 228.5314 229.5534 225.5925 217.3515 204.1702 162.6981 133.2668 177.313 218.019 134.9785 106.1154 149.9578 250.019 213.469 109.2751 53.3355 55.30151 137.5755 210.1369 263.7331 249.7309 247.78 258.8507 262.7654 259.0551 246.264 221.7779 208.4642 213.829 244.9945 242.7984 284.6096 362.1383 428.4873 487.0054 542.1989 558.8181 462.7239 351.0594 277.166
213.7061 212.1489 202.0813 199.6422 201.4032 202.1571 202.5712 202.6774 204.5479 208.3962 214.318 217.8567 219.8191 222.316 224.7549 226.1863 226.9001 228.5506 228.8855 227.3556 225.6074 224.2251 226.0427 228.5095 226.9469 219.4571 206.2724 191.4047 144.4295 140.7456 212.8888 225.0929 179.1289 111.7732 105.1659 203.1656 204.8044 144.3743 99.41915 65.01194 93.80737 178.0502 227.4819 224.364 230.4154 259.3756 261.39 256.1923 240.4234 219.6922 212.489 227.0221 261.9604 260.7304 281.8799 383.2872 486.1782 531.3231 619.5114 650.1389 501.6505 323.391 244.3201
213.0641 208.5777 206.9451 204.2011 203.0052 202.6963 202.5385 203.0522 204.6211 206.774 212.8855 216.5749 218.3606 219.9152 222.9635 227.9716 225.4481 223.8678 225.2645 224.864 224.6252 224.3553 225.4218 227.6678 225.4681 213.4134 193.2083 172.1124 145.8574 139.6144 195.3399 210.3201 198.4565 141.4186 82.91828 165.7945 192.918 165.5443 139.2252 106.8693 83.49342 142.3562 193.2562 202.8065 215.1952 239.7995 245.7841 247.2684 238.9332 216.7509 209.8316 236.1118 289.6415 287.527 283.1114 408.1533 577.3113 637.4626 712.0413 712.8931 494.4662 306.0002 210.0139
213.8578 206.3103 206.1141 206.6248 205.3393 204.5748 203.6824 203.0857 203.2137 203.4395 210.5287 213.8045 216.456 219.7744 223.4143 227.7288 226.7397 224.276 222.8641 221.8479 222.9401 221.9092 222.2391 222.2608 217.7923 201.9547 178.4308 164.4727 164.4892 153.8498 175.8032 198.7012 189.5075 156.134 75.38232 138.096 173.8887 171.5582 155.0977 118.5934 86.99711 121.2043 184.4215 197.1444 210.0867 217.444 219.7681 224.8016 229.9244 215.5439 216.2875 255.4682 333.5308 343.654 293.0883 437.2 722.7081 820.4959 746.092 664.5145 452.8065 288.8356 189.9372
211.4905 204.4169 204.2381 205.672 206.3709 206.8681 206.1929 206.0361 204.015 202.4304 207.1709 211.1902 215.6216 220.0593 225.1564 224.8266 224.8183 224.4897 222.3872 220.0424 217.5925 217.5225 219.5636 213.9645 213.7756 199.1259 171.5024 164.6146 183.5693 165.738 179.75 193.4358 185.798 152.8914 99.90913 130.374 157.781 162.167 165.8112 117.048 92.26257 105.6602 169.255 192.016 208.0186 196.9367 193.2082 204.6691 216.565 218.9096 226.7288 275.5108 401.481 450.6512 335.7469 442.7758 862.5818 1020.796 809.6349 577.5751 374.1758 250.3509 155.0925
211.7296 209.274 207.005 206.0741 206.3708 206.9781 207.3259 206.3391 201.5212 203.8814 207.5726 211.3269 214.9427 221.9063 224.4357 223.6846 222.5393 223.0782 222.0847 219.654 215.103 212.9015 217.3418 214.0764 208.579 195.4664 178.8722 170.9212 185.2661 177.5922 180.644 190.0924 181.7889 149.3766 106.6359 138.8352 159.0981 158.4217 169.3464 119.7653 93.00013 96.71595 133.5724 178.0771 196.49 193.7982 175.4559 185.2964 204.3835 225.6179 243.1954 300.0534 487.4017 601.7872 427.2846 489.3381 919.335 1145.025 840.8502 466.8358 291.2266 195.4444 103.5723
