py_wake/examples/data/AJ_ParqueFicticio/Rough survey   Sector 4   Height 200m   Orographic speed.grd
DSAA
73  159
 258469   265669
 6501692   6517492
 .6149352   1.475263
[rows 112 to 139 of 159, columns 0 to 62 of 73]
1.111864 1.125483 1.135741 1.151099 1.175728 1.205024 1.238256 1.273035 1.306254 1.33572 1.362659 1.377025 1.361133 1.317963 1.264764 1.21305 1.183916 1.176382 1.163054 1.135728 1.103673 1.082221 1.063094 1.074452 1.11967 1.160946 1.16796 1.142696 1.101587 1.059076 1.026078 1.004622 .9901524 .979807 .973222 .9732056 .9907247 1.037612 1.102915 1.160142 1.194586 1.196125 1.158476 1.091986 1.023356 .9670941 .9287739 .9090759 .9113765 .9411649 .9705933 .9769348 .9538974 .915386 .8768504 .8495384 .8292475 .8082368 .780624 .7387708 .6909368 .6640027 .6595124
1.11906 1.136041 1.151003 1.168575 1.194342 1.226307 1.259724 1.294174 1.325604 1.351679 1.373633 1.381028 1.359203 1.310668 1.253788 1.208913 1.193597 1.19264 1.17387 1.136044 1.094053 1.063402 1.046476 1.058952 1.101101 1.140196 1.13869 1.104409 1.06141 1.025443 1.001237 .9967255 1.000799 .9984359 1.000036 1.008176 1.028954 1.070609 1.127771 1.181055 1.214149 1.212673 1.16717 1.095421 1.023999 .9668754 .929077 .9052943 .8999531 .9149653 .9347066 .9392264 .9243096 .8966024 .8685541 .8470443 .8301393 .8131421 .7886438 .7537397 .7126708 .685201 .6772548
1.132253 1.150678 1.168924 1.187584 1.213472 1.247564 1.283769 1.314928 1.34168 1.364137 1.381112 1.380809 1.349947 1.296309 1.241782 1.208489 1.207952 1.207492 1.182819 1.141045 1.097267 1.056772 1.033876 1.040575 1.074124 1.10632 1.104453 1.067897 1.02586 .9966692 .9811326 .9839319 .9980952 1.010297 1.02643 1.04651 1.074128 1.112352 1.158073 1.198141 1.222278 1.216335 1.167784 1.09547 1.026736 .9707046 .9312744 .9032267 .889783 .8911796 .898445 .9026714 .8947674 .8798179 .8619773 .8452036 .8292894 .8135696 .7934521 .7667816 .7364978 .7093 .697469
1.149807 1.169173 1.188158 1.209103 1.236883 1.272131 1.307094 1.335523 1.357673 1.375078 1.385773 1.374852 1.336852 1.281705 1.235461 1.214866 1.218726 1.216947 1.191436 1.149749 1.106235 1.062988 1.02857 1.019567 1.041124 1.065776 1.064988 1.031979 .9964871 .9748728 .96704 .9726377 .9892129 1.009383 1.041151 1.082676 1.122468 1.158186 1.188005 1.209365 1.220364 1.206582 1.158951 1.093694 1.029619 .9768686 .9347833 .9020754 .8806549 .8725547 .8724418 .8736778 .8694975 .8634468 .8546298 .8418842 .8290962 .8123775 .795499 .7740037 .752763 .7326162 .719132
1.1653 1.185487 1.206856 1.231778 1.262089 1.297722 1.329711 1.354227 1.373421 1.386353 1.38764 1.364242 1.320538 1.270654 1.235921 1.223889 1.226761 1.222294 1.195923 1.157977 1.114564 1.069783 1.030341 1.006611 1.009226 1.025103 1.024017 .9998571 .9727318 .9612871 .9594458 .9627987 .978665 1.011262 1.056568 1.111475 1.165659 1.203212 1.219391 1.215807 1.205577 1.184551 1.142298 1.087446 1.03244 .9829053 .9393455 .9029395 .8750314 .8597471 .8566405 .8576196 .8555852 .8505449 .8461394 .8375196 .8261521 .8111717 .7954716 .7779148 .7627504 .7474924 .7380834
1.17518 1.197767 1.221984 1.250846 1.286035 1.320102 1.350554 1.372742 1.388136 1.395527 1.381992 1.349469 1.304799 1.262556 1.239075 1.234421 1.234816 1.224895 1.198208 1.159201 1.115167 1.07092 1.032968 1.004712 .9911995 .9899414 .9861745 .9709358 .956382 .9550509 .9522713 .9530148 .9774681 1.021293 1.074191 1.138214 1.201398 1.240071 1.238652 1.210626 1.18163 1.152488 1.117388 1.074435 1.027822 .9846705 .9437759 .9052499 .8743933 .8549794 .8479861 .8484579 .8484187 .8446643 .8394503 .8329805 .8235568 .8093837 .7919307 .7760468 .7671352 .7580125 .7523209
1.182304 1.207508 1.236302 1.270709 1.307798 1.342035 1.370578 1.391813 1.401763 1.396503 1.370384 1.331107 1.286995 1.251425 1.240448 1.243228 1.239699 1.223821 1.192368 1.152057 1.10536 1.06277 1.033358 1.010506 .9910472 .9712046 .9554015 .9454806 .9475446 .9516124 .9464839 .9494047 .9836513 1.031737 1.086205 1.159504 1.230202 1.267303 1.251815 1.202628 1.153012 1.116488 1.089223 1.058759 1.018858 .982567 .9448954 .908323 .8775123 .8562821 .8466623 .8468835 .8466541 .8441793 .8392235 .8326786 .8237491 .8109384 .7926438 .7745093 .7650514 .7625492 .7622465
1.188487 1.21783 1.252609 1.29181 1.331426 1.364467 1.390078 1.405364 1.407913 1.391086 1.35751 1.313357 1.271192 1.241962 1.236762 1.244326 1.242327 1.221451 1.186364 1.143494 1.096238 1.053049 1.02475 1.013897 .9989026 .9719738 .9444389 .9314761 .9375512 .9438181 .9392191 .9500518 .9904618 1.038588 1.095411 1.174885 1.251034 1.288201 1.259921 1.191049 1.123577 1.080825 1.059526 1.042228 1.008461 .9740025 .9424521 .9103311 .8827612 .8616285 .848428 .8470971 .8462898 .8437178 .8399239 .8347757 .8257964 .8129165 .7933681 .7742751 .7646796 .7676741 .7723669
1.202147 1.235632 1.27483 1.316981 1.355421 1.38542 1.404643 1.411098 1.402867 1.379708 1.344593 1.298567 1.256462 1.232082 1.22946 1.237754 1.239028 1.2198 1.182378 1.138456 1.090656 1.04547 1.017148 1.011315 1.002916 .9785162 .951084 .9297754 .9278934 .9328286 .9320148 .9522905 .9951827 1.041944 1.108276 1.194061 1.265762 1.29625 1.261317 1.182102 1.102049 1.04838 1.027963 1.020952 .9980024 .9673981 .9372425 .9114023 .8881295 .8672823 .852311 .8457704 .8432314 .8419904 .8382099 .8331729 .8230873 .8068179 .7868048 .7724274 .7687559 .774617 .7851453
1.223446 1.258577 1.300615 1.343708 1.380184 1.404599 1.417594 1.406593 1.379827 1.355466 1.329633 1.288989 1.249734 1.225129 1.221317 1.226346 1.225669 1.21049 1.180069 1.141168 1.09522 1.048316 1.015491 1.005267 .9998884 .9816814 .961266 .9403538 .9246847 .9213237 .9266527 .9532186 .995344 1.046747 1.125334 1.211187 1.275276 1.290329 1.248988 1.169903 1.087897 1.027678 1.000902 .9952205 .9832933 .9608909 .9372458 .9145308 .8943472 .8762622 .8602375 .8468487 .8409441 .8380905 .8340013 .8282223 .8163334 .7958248 .7776812 .7722552 .7761986 .7869131 .7993295
1.250301 1.287989 1.329324 1.372031 1.403835 1.421684 1.422938 1.392087 1.347074 1.317637 1.305914 1.282112 1.251116 1.227772 1.216662 1.212088 1.208248 1.194784 1.171178 1.140702 1.102205 1.057849 1.022107 1.002881 .9933575 .9802934 .9673024 .952652 .9321572 .9159109 .9215737 .9489827 .9934747 1.061558 1.145937 1.227725 1.278683 1.273045 1.225324 1.15125 1.076802 1.017628 .9840152 .9743244 .966141 .9519356 .9365082 .9193159 .9024849 .8864815 .8690196 .8523338 .8395972 .8329462 .8268405 .8193294 .8066498 .7861732 .7738154 .778235 .7897435 .80301 .815802
1.280382 1.322836 1.364689 1.402061 1.428079 1.436187 1.418288 1.371938 1.31163 1.277497 1.273314 1.265869 1.250658 1.233736 1.218381 1.203879 1.193872 1.180077 1.160202 1.135286 1.105704 1.068641 1.033158 1.006255 .9890736 .9777119 .9687765 .9605204 .9414857 .919532 .916257 .9431549 .9992985 1.077915 1.164262 1.237577 1.270654 1.251548 1.195242 1.124801 1.062034 1.012554 .9797985 .9633821 .9534928 .9423397 .9298602 .917629 .9054458 .8923084 .8752921 .8580613 .842002 .8292463 .8201504 .8110715 .7969356 .7835381 .7780007 .7881347 .8047333 .8196779 .8322877
1.311413 1.359671 1.400789 1.432857 1.450174 1.445631 1.407914 1.347113 1.278549 1.241427 1.238424 1.238398 1.237767 1.231923 1.218675 1.20095 1.186687 1.172542 1.155073 1.135905 1.111356 1.081935 1.048196 1.013218 .9892576 .9801258 .9754814 .9715208 .952675 .9239421 .9117202 .9425698 1.006878 1.089499 1.172993 1.23353 1.25198 1.226038 1.168272 1.09958 1.043072 1.005719 .9810445 .9651047 .9517438 .9380648 .9262884 .9134847 .9011878 .8890025 .8752282 .8579344 .8403268 .8251135 .8146146 .8080307 .7952492 .7905 .7876374 .7975154 .8165774 .8351479 .8470977
1.338602 1.391094 1.432311 1.458315 1.46316 1.440182 1.393186 1.32566 1.253703 1.211317 1.205683 1.2084 1.215661 1.218244 1.209843 1.193303 1.178057 1.16798 1.154757 1.139868 1.118925 1.091944 1.057281 1.01962 .9919769 .9854468 .9900351 .991695 .9723669 .9352242 .913362 .9413645 1.00989 1.09256 1.169525 1.218886 1.2281 1.199416 1.144356 1.081053 1.028808 .9960728 .978869 .9670986 .9552436 .941893 .9293017 .9141901 .8960442 .8804657 .8653688 .8476705 .8298631 .8181548 .8128546 .8113544 .80933 .809031 .8069288 .8080721 .822808 .8444727 .8599862
1.363758 1.415561 1.45408 1.47363 1.464795 1.428592 1.380506 1.314286 1.24387 1.193866 1.177663 1.179174 1.18935 1.198539 1.196577 1.183748 1.166302 1.157458 1.153043 1.143165 1.121496 1.09414 1.059785 1.024965 1.002911 .9985044 1.009823 1.01319 .9927444 .9504918 .9199672 .9407833 1.006469 1.08819 1.157842 1.196856 1.199693 1.174302 1.124739 1.066841 1.021639 .9938689 .9759552 .9657471 .9546764 .9433 .9333541 .9197867 .8945814 .8700343 .8486051 .8300304 .8172051 .8144217 .8187721 .8251371 .8313507 .8355225 .8332234 .8209607 .8263279 .8488967 .8667275
1.38461 1.433902 1.465754 1.475263 1.453232 1.412706 1.368611 1.311221 1.24445 1.189007 1.158783 1.152693 1.161735 1.174376 1.182612 1.176556 1.156651 1.146019 1.144416 1.134221 1.11496 1.088844 1.056107 1.02966 1.019593 1.022871 1.032428 1.033492 1.011242 .9665083 .9308918 .943646 1.006594 1.08103 1.138116 1.166232 1.167003 1.147823 1.107128 1.05677 1.015735 .9928101 .9795189 .9689599 .9560555 .9432404 .9320623 .9217477 .8983533 .8643836 .8281532 .8064749 .8026317 .8141847 .8319737 .8469743 .8590309 .8670997 .859392 .8354709 .8306127 .8501757 .8652396
1.398986 1.442392 1.46461 1.461333 1.432232 1.389549 1.354915 1.308759 1.25037 1.196708 1.155902 1.134121 1.134498 1.147796 1.165325 1.172446 1.154459 1.137337 1.131019 1.11836 1.100469 1.077976 1.050793 1.033058 1.036494 1.047469 1.054376 1.04954 1.026271 .9848989 .945263 .95288 1.008116 1.068672 1.11278 1.13202 1.131929 1.119057 1.091258 1.050949 1.015869 .9931383 .9802346 .9711874 .9612707 .9465463 .9305201 .917182 .8973091 .859933 .8140265 .7856016 .7906386 .8183184 .8496436 .8709965 .8867465 .8941669 .8816041 .8519267 .8374563 .8481628 .8590752
1.410071 1.442256 1.449158 1.431783 1.39832 1.363453 1.338567 1.302795 1.253267 1.205287 1.162918 1.127319 1.114344 1.123214 1.146108 1.164296 1.154627 1.132897 1.115786 1.10009 1.081047 1.064069 1.043194 1.03328 1.048868 1.070032 1.078194 1.067931 1.041347 1.002911 .9653274 .9668612 1.006343 1.050729 1.082793 1.096425 1.095834 1.08953 1.075701 1.046361 1.019128 .9967595 .9829807 .9719218 .9633165 .9500599 .9321721 .9097188 .8856426 .8478045 .8003616 .7717645 .7828363 .8241696 .8666065 .8922151 .9069171 .9133828 .9002396 .8725151 .8512914 .8455907 .8522872
1.420733 1.432975 1.420523 1.390954 1.35551 1.33169 1.323614 1.297997 1.259401 1.216077 1.173501 1.132706 1.103972 1.102891 1.122213 1.146147 1.15301 1.133083 1.104328 1.079198 1.061393 1.048369 1.031199 1.03031 1.05567 1.086278 1.102701 1.093387 1.063625 1.023398 .9880301 .9801762 1.004539 1.032717 1.052625 1.061476 1.060527 1.0611 1.059343 1.04677 1.024245 1.001514 .9887587 .978346 .9670043 .9503886 .9324161 .9065121 .8710685 .8301524 .7865483 .7643552 .7819769 .830968 .8776205 .9043286 .9189886 .9277661 .9211456 .897924 .8739023 .858718 .8551928
1.425687 1.411068 1.380846 1.344765 1.309167 1.297365 1.306082 1.297706 1.272369 1.234884 1.193033 1.147172 1.108127 1.085767 1.096522 1.121994 1.142669 1.133234 1.100088 1.066574 1.043698 1.032104 1.020405 1.024433 1.055865 1.093254 1.1214 1.118907 1.089615 1.045417 1.008274 .9964661 1.005707 1.017562 1.025533 1.028527 1.029489 1.033931 1.041679 1.0409 1.025608 1.0102 .9979762 .9901373 .9779519 .9577344 .9320917 .900201 .859041 .8116024 .7749929 .7628072 .7869906 .835287 .8790435 .9063828 .9228488 .9363904 .9362811 .9218646 .8991001 .8789126 .8697691
1.419613 1.378429 1.333659 1.296042 1.266531 1.265685 1.283296 1.29054 1.281461 1.252069 1.210956 1.162162 1.115955 1.080636 1.074165 1.097567 1.122572 1.123479 1.098429 1.06214 1.032133 1.018159 1.010031 1.018554 1.054059 1.098648 1.133184 1.139766 1.107272 1.06186 1.025612 1.012557 1.01467 1.014938 1.007366 .9992715 1.001944 1.009926 1.021707 1.028791 1.024682 1.017028 1.007271 1.001134 .9889817 .9670998 .9385749 .8973383 .8460614 .798981 .7722784 .7679813 .7928102 .8353289 .874771 .9009247 .9202132 .9381111 .9461147 .9425119 .923366 .9016569 .8889392
1.403367 1.340593 1.284246 1.248519 1.228106 1.237177 1.261348 1.278491 1.28074 1.260791 1.222083 1.171998 1.123119 1.08359 1.063276 1.075797 1.098496 1.105201 1.09099 1.06206 1.029775 1.010875 1.00368 1.016898 1.055833 1.103301 1.138527 1.145174 1.113953 1.068766 1.033752 1.023715 1.024494 1.018168 1.002737 .9852031 .980449 .9892257 1.002796 1.01343 1.018861 1.015597 1.010185 1.006099 .9942043 .9727437 .9422138 .8996391 .8440911 .7984873 .7789091 .7759978 .7922881 .8276258 .8657545 .8917954 .9122813 .9324484 .9486234 .9551474 .943249 .9255937 .913037
1.383977 1.305052 1.239046 1.205097 1.194809 1.214695 1.241594 1.263314 1.273149 1.264121 1.231669 1.182831 1.131682 1.088529 1.06092 1.060803 1.076291 1.082605 1.076723 1.059362 1.032109 1.009668 1.001419 1.016057 1.058953 1.107233 1.143394 1.145373 1.114212 1.070729 1.036656 1.024444 1.024402 1.02001 1.003836 .9839514 .969856 .9718564 .9849164 1.001665 1.012838 1.014453 1.01129 1.005434 .9930892 .9704719 .9398142 .9011603 .8512688 .8083882 .791886 .7887495 .7950656 .8200335 .8546512 .8812762 .9006228 .921969 .942698 .9579505 .9568463 .94675 .9360808
1.36399 1.277499 1.203408 1.166485 1.172214 1.198878 1.225501 1.243996 1.257907 1.254086 1.230475 1.192746 1.145435 1.100519 1.066603 1.053309 1.058573 1.06359 1.062399 1.050797 1.031468 1.013196 1.004206 1.020744 1.066669 1.117919 1.147775 1.1412 1.109505 1.070232 1.040145 1.023803 1.019203 1.016889 1.003349 .9855206 .9697531 .9659026 .9729851 .9906411 1.006874 1.014471 1.011879 1.002206 .987515 .9643969 .9359001 .9022569 .863308 .8278956 .8093452 .8033801 .8045685 .8172982 .8438824 .8680071 .8877416 .9075891 .9301021 .9511138 .9621428 .9614446 .9567257
1.340791 1.254911 1.178506 1.140319 1.154672 1.185121 1.209288 1.228335 1.241469 1.236499 1.218224 1.191292 1.156985 1.115552 1.080501 1.058581 1.050177 1.049064 1.05024 1.041696 1.028139 1.016018 1.008022 1.027988 1.077199 1.130602 1.156456 1.137499 1.098266 1.062629 1.038793 1.025585 1.01512 1.008671 1.00022 .9873007 .9723988 .96333 .9671209 .9831108 1.000739 1.013065 1.012075 .9967238 .9782197 .9566574 .9313574 .905368 .8774263 .8507764 .8297508 .819571 .8149388 .8213384 .8377346 .8570896 .8745634 .8931552 .9133694 .9374315 .9583099 .968946 .9705316
1.313903 1.235959 1.161403 1.122867 1.138233 1.170182 1.19725 1.217757 1.228073 1.220119 1.202238 1.181575 1.155432 1.120032 1.089946 1.07053 1.051623 1.043558 1.040535 1.03552 1.02466 1.016084 1.010121 1.032549 1.084932 1.139555 1.163361 1.13624 1.090884 1.051495 1.030417 1.022756 1.014657 1.003487 .9954949 .9858429 .9739338 .9660511 .9663935 .9778429 .9951313 1.008479 1.006723 .9913449 .9732965 .9529626 .931877 .9157295 .8959011 .8709872 .8496031 .835958 .8292613 .8307831 .8383952 .8495887 .8626003 .8781844 .8955535 .9197443 .9463786 .9667853 .9767897
1.284511 1.214037 1.148486 1.109562 1.124101 1.156604 1.189973 1.210167 1.215153 1.204809 1.186449 1.166157 1.145676 1.115708 1.09027 1.074759 1.059427 1.047814 1.042009 1.035669 1.023816 1.015462 1.010826 1.036149 1.088414 1.140518 1.161352 1.135314 1.087581 1.043038 1.02039 1.013916 1.012049 1.003238 .9939862 .9846537 .9757583 .9702829 .9678399 .9725087 .9883923 1.000641 .9975258 .9855889 .9704261 .9556322 .9372899 .9241622 .9086685 .8842122 .8652761 .8542752 .8463616 .8427984 .8431955 .8488837 .8569831 .8660058 .878598 .899968 .9290377 .9560166 .974189
1.256162 1.192726 1.135799 1.099673 1.11157 1.148933 1.187399 1.20397 1.202458 1.196339 1.17815 1.154501 1.133548 1.108324 1.08505 1.073228 1.061267 1.053047 1.053203 1.048127 1.029855 1.016423 1.013064 1.036283 1.084607 1.13315 1.156163 1.134331 1.086822 1.041943 1.015145 1.004885 1.005749 1.001667 .9955177 .987828 .9825021 .9782344 .9736104 .9703377 .9816474 .9908755 .9859216 .9764643 .9666542 .9556621 .9408403 .9287239 .9137037 .8920738 .8775152 .8716798 .8652263 .8559695 .850883 .8523422 .8591834 .8640454 .8681816 .8817981 .9080847 .9390339 .9649092
