py_wake/examples/data/AJ_ParqueFicticio/Rough survey   Sector 1   Height 200m   Weibull-A.grd
DSAA
73  159
 258469   265669
 6501692   6517492
 4.051715   8.662121
[rows 0 to 27 of 159, columns 0 to 62 of 73]
5.991699 5.977814 5.970243 5.95964 5.950393 5.939311 5.928998 5.92016 5.912609 5.905999 5.895565 5.886929 5.875847 5.871664 5.869541 5.866913 5.869624 5.866127 5.86777 5.864569 5.868069 5.879961 5.899541 5.92822 5.933454 5.912958 5.931546 5.971644 6.00532 6.021535 6.041282 6.063756 6.111527 6.160499 6.210704 6.251349 6.278738 6.272127 6.251766 6.224774 6.185309 6.133919 6.086842 6.042375 6.022381 6.011668 6.002402 5.986707 5.976142 5.957638 5.940899 5.921648 5.904156 5.888646 5.882367 5.879094 5.876604 5.880457 5.89119 5.912609 5.936247 5.96674 6.001226
5.968024 5.960111 5.955552 5.947799 5.935977 5.923661 5.91651 5.904355 5.898162 5.89403 5.883064 5.87383 5.864444 5.859623 5.860637 5.862209 5.866012 5.871521 5.880114 5.891023 5.912072 5.939116 5.96613 5.996632 6.013549 5.998121 5.992623 6.017857 6.033003 6.057678 6.072152 6.100041 6.139886 6.186696 6.236733 6.276606 6.303462 6.301211 6.278107 6.245989 6.201701 6.156512 6.120908 6.083669 6.044499 6.028536 6.014463 6.000856 5.985124 5.966492 5.943511 5.920686 5.896798 5.881931 5.873796 5.869961 5.869824 5.877092 5.897789 5.91949 5.94814 5.981109 6.020698
5.980015 5.955727 5.945488 5.934819 5.91584 5.903825 5.894975 5.88682 5.881162 5.876152 5.871868 5.858996 5.848017 5.84251 5.845362 5.853799 5.863308 5.872111 5.888682 5.908067 5.936513 5.972522 5.99225 6.032354 6.062646 6.062586 6.054423 6.04874 6.055649 6.069613 6.08867 6.116394 6.148471 6.186015 6.227027 6.270875 6.295469 6.30158 6.290437 6.255558 6.205991 6.158198 6.124259 6.099837 6.065664 6.032355 6.014862 6.005454 5.988689 5.971231 5.946351 5.920822 5.898299 5.885539 5.874633 5.866089 5.865438 5.871342 5.889575 5.918034 5.95101 5.995049 6.038803
6.008424 5.97007 5.935655 5.915241 5.900082 5.889592 5.87639 5.867522 5.861083 5.854708 5.850949 5.847159 5.838515 5.830606 5.827302 5.839962 5.853388 5.866121 5.88585 5.913007 5.943886 5.980299 6.009166 6.048117 6.083217 6.099504 6.082366 6.077872 6.069006 6.079399 6.095102 6.110495 6.128496 6.141562 6.149824 6.161388 6.195628 6.223485 6.234735 6.213801 6.164804 6.124547 6.099889 6.093682 6.075881 6.048162 6.01159 5.993382 5.978819 5.962901 5.953142 5.940258 5.918211 5.89028 5.869787 5.857665 5.853959 5.8578 5.875999 5.910583 5.955053 6.002187 6.050035
6.025568 5.98244 5.938924 5.908011 5.891498 5.872842 5.861394 5.849081 5.84132 5.836032 5.830969 5.826958 5.825585 5.822065 5.812582 5.819702 5.840027 5.85963 5.884528 5.919284 5.953449 5.977921 6.01189 6.042739 6.072538 6.103895 6.100093 6.079404 6.063427 6.065486 6.071373 6.087478 6.064204 6.040061 6.003049 5.975499 5.983012 6.025259 6.047595 6.052874 6.046572 6.044175 6.043797 6.069663 6.086528 6.063981 6.016805 5.983535 5.974616 5.968509 5.978321 5.964533 5.937296 5.899337 5.868608 5.845746 5.834401 5.836102 5.85339 5.893095 5.941787 6.000579 6.050899
6.036286 6.002031 5.964001 5.92829 5.889458 5.864124 5.8509 5.842912 5.835059 5.827945 5.824456 5.812972 5.807497 5.808902 5.805136 5.798006 5.818235 5.846209 5.886253 5.926762 5.962636 5.998375 6.019504 6.042065 6.062546 6.082884 6.077392 6.058883 6.037058 6.021555 6.007802 5.983219 5.934719 5.868424 5.821914 5.779075 5.758294 5.779086 5.80457 5.824481 5.882932 5.945475 5.991909 6.028461 6.023792 6.003846 5.975042 5.96041 5.961802 5.967872 5.970703 5.964548 5.934078 5.893027 5.849353 5.815698 5.798799 5.798807 5.813506 5.858472 5.905663 5.95296 5.985271
6.05498 6.035952 6.012341 5.968983 5.911718 5.865889 5.866149 5.867148 5.857022 5.846799 5.836194 5.815308 5.803207 5.807807 5.806389 5.78902 5.786693 5.813543 5.848823 5.896036 5.945546 5.991594 6.026104 6.046367 6.052114 6.053995 6.041432 6.023225 5.993481 5.962185 5.931464 5.877683 5.8036 5.755438 5.70707 5.661265 5.630805 5.615325 5.627358 5.670444 5.752209 5.85654 5.923938 5.944551 5.921853 5.899713 5.906387 5.924456 5.924113 5.924008 5.925103 5.912939 5.88745 5.855195 5.808651 5.771564 5.752884 5.746637 5.751269 5.791042 5.820092 5.829818 5.805943
6.074213 6.065986 6.056009 6.020695 5.967016 5.913158 5.898311 5.904261 5.895228 5.879944 5.861881 5.836275 5.818772 5.812225 5.806878 5.780886 5.758411 5.765408 5.796452 5.843727 5.898879 5.953087 6.003048 6.026906 6.031024 6.018114 6.007306 5.981867 5.947303 5.9057 5.858637 5.800042 5.736992 5.682122 5.630076 5.578123 5.540851 5.514474 5.521283 5.566403 5.631836 5.715828 5.76931 5.782176 5.774231 5.797214 5.839929 5.850044 5.843844 5.828977 5.8247 5.801803 5.770699 5.744349 5.732261 5.708179 5.693062 5.680064 5.675288 5.670145 5.653171 5.605088 5.52148
6.089293 6.085285 6.077292 6.044358 5.998787 5.95729 5.945098 5.947544 5.937258 5.917202 5.884641 5.85985 5.835548 5.830745 5.818028 5.782359 5.743837 5.724436 5.736595 5.768384 5.816288 5.853849 5.892713 5.931257 5.950047 5.957066 5.948281 5.932173 5.894104 5.848073 5.802487 5.741182 5.674914 5.612113 5.554528 5.500418 5.444358 5.42297 5.426438 5.448916 5.455597 5.480562 5.506906 5.522077 5.576451 5.642623 5.672913 5.673628 5.648333 5.616287 5.623219 5.605592 5.576941 5.588781 5.613514 5.629535 5.629433 5.610296 5.575229 5.519564 5.427449 5.325293 5.216212
6.104825 6.101426 6.091439 6.075427 6.05187 6.012791 6.003464 6.002178 5.979898 5.945353 5.905228 5.879657 5.855909 5.84582 5.838414 5.810315 5.765063 5.720567 5.700162 5.698274 5.710455 5.717013 5.735461 5.763693 5.804372 5.852061 5.876352 5.863738 5.833561 5.794826 5.748252 5.685881 5.612977 5.550338 5.485751 5.429906 5.390473 5.349932 5.327583 5.310017 5.269624 5.237703 5.215207 5.23969 5.314407 5.383611 5.399107 5.403467 5.381731 5.349508 5.354341 5.357418 5.366517 5.422341 5.489647 5.54322 5.558554 5.530617 5.477698 5.374198 5.248096 5.110535 5.006964
6.119133 6.117878 6.11108 6.112535 6.136644 6.117256 6.10233 6.068152 6.00866 5.96206 5.924938 5.898779 5.876673 5.862863 5.86574 5.854572 5.815975 5.763585 5.712206 5.674178 5.638472 5.609794 5.601944 5.62801 5.655845 5.693838 5.739762 5.771982 5.759858 5.731618 5.680852 5.624656 5.565384 5.499203 5.439928 5.393976 5.346113 5.299551 5.249148 5.210089 5.152177 5.092855 5.044375 5.034044 5.051481 5.084323 5.077491 5.084084 5.085371 5.06974 5.078618 5.117564 5.1917 5.281515 5.356724 5.414429 5.44181 5.418326 5.347576 5.228761 5.10091 4.978112 4.896696
6.135563 6.138841 6.136631 6.1466 6.157295 6.147943 6.130603 6.093153 6.034322 5.988476 5.953641 5.940945 5.914083 5.889162 5.881567 5.891509 5.891839 5.845307 5.779842 5.705482 5.633103 5.57417 5.551042 5.551189 5.563256 5.576893 5.604976 5.671194 5.680062 5.652621 5.604995 5.558993 5.510652 5.455014 5.40787 5.362631 5.316685 5.265471 5.206272 5.142145 5.081129 5.021841 4.961072 4.917707 4.879995 4.858556 4.838269 4.829659 4.830603 4.830136 4.851602 4.919866 5.019278 5.095634 5.14589 5.175645 5.171831 5.138454 5.072643 4.989194 4.90327 4.836571 4.800208
6.146378 6.156007 6.157902 6.158211 6.154865 6.14533 6.127835 6.099311 6.058367 6.036953 6.030442 6.024076 5.987445 5.931998 5.897857 5.889078 5.91078 5.906435 5.861849 5.793804 5.71969 5.658712 5.593443 5.54004 5.513714 5.502857 5.505776 5.541235 5.559512 5.536549 5.513204 5.478794 5.44412 5.400153 5.357001 5.321749 5.281761 5.233016 5.169921 5.09808 5.029615 4.967107 4.898231 4.837916 4.769122 4.728544 4.688602 4.669522 4.664044 4.66214 4.680935 4.725582 4.777588 4.812093 4.815131 4.766057 4.706501 4.646285 4.599132 4.582742 4.597552 4.628337 4.672571
6.151375 6.155692 6.153383 6.153965 6.150043 6.142833 6.131291 6.126647 6.10161 6.099788 6.105186 6.090419 6.060733 6.015596 5.974989 5.947604 5.931815 5.915955 5.933149 5.896248 5.832248 5.746249 5.668357 5.581927 5.510141 5.468822 5.442325 5.441061 5.452271 5.44763 5.437265 5.420863 5.389273 5.348795 5.303129 5.271127 5.243674 5.202055 5.147708 5.07571 4.99373 4.917115 4.845332 4.782077 4.703781 4.632738 4.59164 4.551648 4.551489 4.539101 4.550227 4.556358 4.53127 4.485256 4.418415 4.323418 4.245417 4.196182 4.186863 4.230236 4.317518 4.432305 4.538793
6.153852 6.152224 6.149099 6.150013 6.150009 6.144117 6.138155 6.134805 6.12607 6.124201 6.123208 6.117084 6.100071 6.079834 6.050444 6.019203 5.99896 6.000124 5.998983 5.980352 5.941649 5.871696 5.764988 5.638891 5.54341 5.473783 5.436509 5.422727 5.411517 5.404847 5.393529 5.373903 5.356769 5.312431 5.26399 5.226013 5.209856 5.179294 5.136748 5.066823 4.978301 4.889592 4.808826 4.750741 4.679156 4.59681 4.546072 4.504133 4.463483 4.458138 4.450998 4.422364 4.356462 4.273622 4.182419 4.109024 4.06388 4.051715 4.085312 4.150741 4.261456 4.388502 4.507125
6.148874 6.145637 6.144135 6.146126 6.145109 6.146493 6.144124 6.141136 6.133194 6.12202 6.126737 6.12858 6.126302 6.127059 6.129931 6.108216 6.078621 6.076405 6.068851 6.040948 6.012794 5.968843 5.883214 5.76568 5.641917 5.541587 5.47514 5.43507 5.41739 5.402506 5.396338 5.371843 5.345907 5.308606 5.272285 5.238156 5.206604 5.179107 5.141941 5.094464 5.015312 4.93026 4.840384 4.758559 4.686915 4.614121 4.563104 4.529163 4.493509 4.458524 4.43589 4.398208 4.338754 4.265622 4.219295 4.204103 4.219573 4.270442 4.332659 4.390544 4.455715 4.519182 4.591742
6.143307 6.136101 6.137431 6.140503 6.143684 6.147488 6.146881 6.148386 6.143895 6.138085 6.136452 6.143143 6.153141 6.15847 6.168379 6.156093 6.128418 6.099514 6.088636 6.061993 6.037699 6.012059 5.960607 5.882157 5.787372 5.670199 5.570787 5.500824 5.461075 5.450505 5.446897 5.426128 5.394469 5.376425 5.380541 5.360128 5.308805 5.258156 5.215951 5.143705 5.095848 5.016726 4.904795 4.817891 4.747491 4.69913 4.668558 4.640851 4.610209 4.580023 4.546567 4.521401 4.500983 4.495397 4.500156 4.53538 4.60419 4.668373 4.721921 4.755294 4.76 4.751242 4.730685
6.140364 6.134531 6.132153 6.136726 6.140374 6.146233 6.14987 6.150129 6.152038 6.15148 6.152877 6.149541 6.161225 6.16706 6.16512 6.156138 6.136728 6.114011 6.097821 6.072432 6.053037 6.037277 6.010715 5.978268 5.922968 5.83641 5.746902 5.656819 5.59516 5.576408 5.576777 5.548231 5.5312 5.536238 5.549407 5.539411 5.488314 5.431292 5.379339 5.317995 5.274718 5.190641 5.081981 4.98743 4.9219 4.894388 4.869962 4.862823 4.853018 4.837952 4.814482 4.790312 4.796943 4.82618 4.866208 4.908012 4.945374 4.983203 5.008723 5.002989 4.9763 4.929987 4.870481
6.137434 6.133246 6.134501 6.134245 6.140222 6.143487 6.148963 6.153123 6.158507 6.159929 6.164957 6.1593 6.16051 6.160561 6.157121 6.155566 6.137451 6.119087 6.105422 6.083942 6.066224 6.057054 6.054419 6.051075 6.041778 6.002958 5.936181 5.859313 5.805116 5.775937 5.736564 5.694956 5.70856 5.718458 5.727899 5.710559 5.66052 5.599539 5.530335 5.481329 5.454498 5.435504 5.39154 5.340693 5.28494 5.238717 5.195771 5.184304 5.185571 5.162854 5.120937 5.074505 5.065392 5.08506 5.106833 5.118888 5.126784 5.127899 5.114524 5.100674 5.080229 5.040969 4.986185
6.136829 6.133577 6.133251 6.13086 6.132928 6.136901 6.147361 6.152849 6.159919 6.164838 6.167949 6.168133 6.162597 6.154296 6.15071 6.147151 6.140632 6.123368 6.113541 6.094987 6.08415 6.074076 6.075053 6.083315 6.080311 6.070981 6.049492 6.012513 5.967347 5.919909 5.847365 5.802516 5.836443 5.859525 5.857356 5.829522 5.777444 5.718775 5.661327 5.638435 5.65906 5.691215 5.708227 5.699422 5.667964 5.618338 5.551777 5.501719 5.486226 5.439333 5.359378 5.295845 5.24572 5.227636 5.212048 5.196329 5.182305 5.175001 5.144054 5.132533 5.128961 5.122314 5.099625
6.126339 6.127745 6.127186 6.123701 6.122088 6.130744 6.140505 6.147372 6.15597 6.161278 6.162805 6.163608 6.159465 6.151438 6.145539 6.143539 6.145527 6.130348 6.123842 6.113198 6.104029 6.09019 6.085794 6.084438 6.089045 6.087523 6.083673 6.069755 6.036609 5.966191 5.901628 5.872932 5.888744 5.906892 5.91794 5.910225 5.857968 5.811154 5.77801 5.80291 5.838912 5.884766 5.919519 5.930866 5.913331 5.860604 5.781961 5.71772 5.667239 5.592237 5.499679 5.421001 5.349604 5.287714 5.249716 5.20953 5.183061 5.16937 5.157766 5.170818 5.194479 5.225109 5.247443
6.110519 6.107872 6.107309 6.106744 6.111191 6.120268 6.130185 6.140289 6.14951 6.149456 6.150662 6.153763 6.155758 6.148471 6.143173 6.142813 6.144684 6.14124 6.133425 6.127069 6.118794 6.101192 6.092023 6.086231 6.087723 6.084707 6.077502 6.062578 6.034822 5.980987 5.957098 5.940688 5.910684 5.927541 5.947554 5.937237 5.907759 5.85849 5.849797 5.899264 5.947463 5.984711 5.994404 5.994499 5.984284 5.945719 5.893413 5.8283 5.739155 5.63999 5.547105 5.480512 5.406288 5.324947 5.279475 5.234179 5.201468 5.203555 5.222955 5.261304 5.311141 5.372582 5.42036
6.102803 6.09496 6.092079 6.097465 6.105118 6.114174 6.122726 6.130774 6.139277 6.138313 6.139526 6.140038 6.146477 6.145614 6.141738 6.138568 6.140265 6.136258 6.134306 6.128206 6.121961 6.105742 6.096737 6.094451 6.088927 6.076253 6.056009 6.035779 6.015924 6.01439 6.029581 6.02774 5.986638 5.956771 5.958684 5.942556 5.93033 5.906276 5.898065 5.924687 5.962723 5.98095 5.979824 5.981918 5.971817 5.951501 5.914719 5.849526 5.752856 5.643593 5.560782 5.490252 5.431254 5.355104 5.318676 5.293121 5.286254 5.309615 5.365936 5.426401 5.493375 5.554944 5.584137
6.101909 6.098301 6.101436 6.100609 6.105813 6.111628 6.118145 6.124497 6.130651 6.129651 6.129212 6.132449 6.135924 6.142127 6.142274 6.143915 6.132934 6.125172 6.127362 6.131616 6.125865 6.11354 6.104101 6.102099 6.093334 6.073034 6.048993 6.023706 6.011953 6.041693 6.081915 6.082407 6.044554 5.992634 5.959034 5.942022 5.946723 5.954742 5.952954 5.927846 5.928469 5.926772 5.927961 5.928618 5.918027 5.901941 5.875422 5.822352 5.740354 5.646175 5.567127 5.507659 5.45906 5.399337 5.382949 5.396019 5.42771 5.475101 5.560026 5.653317 5.700605 5.731018 5.733498
6.102696 6.104094 6.108684 6.108107 6.109419 6.111444 6.116607 6.121602 6.124915 6.124309 6.12389 6.128718 6.13469 6.140233 6.14143 6.141837 6.137733 6.131352 6.127112 6.131934 6.132639 6.125331 6.113466 6.115882 6.102373 6.085645 6.065748 6.054008 6.051945 6.068469 6.114364 6.102139 6.066374 6.014193 5.969742 5.953835 5.961302 5.979861 5.976929 5.937652 5.901111 5.891025 5.883073 5.874528 5.86615 5.848752 5.827237 5.793307 5.74197 5.672598 5.608829 5.553121 5.520924 5.485938 5.491773 5.544385 5.606499 5.687828 5.789002 5.86951 5.89316 5.880005 5.831335
6.099486 6.101068 6.107596 6.110744 6.113082 6.111706 6.115273 6.118824 6.120936 6.122561 6.122539 6.129118 6.133633 6.135331 6.139728 6.139638 6.138461 6.136372 6.131742 6.135506 6.137156 6.139688 6.130777 6.131181 6.124789 6.117647 6.098591 6.094415 6.105375 6.095607 6.091248 6.085851 6.070561 6.032972 5.984833 5.972796 5.972046 5.991763 5.991102 5.955676 5.923136 5.924801 5.899711 5.874207 5.845099 5.819877 5.808506 5.792728 5.761948 5.713646 5.677991 5.650461 5.634586 5.61396 5.634089 5.710983 5.807665 5.90071 5.987691 6.027911 6.007439 5.951883 5.874651
6.109794 6.111101 6.115308 6.11363 6.116923 6.117076 6.119958 6.120632 6.123897 6.12756 6.128978 6.134577 6.136522 6.137238 6.138693 6.143381 6.143406 6.141951 6.140002 6.138767 6.141049 6.146213 6.147799 6.145489 6.135398 6.129622 6.117051 6.112615 6.112482 6.097457 6.079 6.071362 6.064103 6.037165 5.99999 5.98843 5.983688 5.992401 6.005317 5.976285 5.94932 5.939735 5.920974 5.904252 5.876032 5.846341 5.820961 5.801705 5.789383 5.781351 5.771183 5.778551 5.798874 5.799985 5.811463 5.892158 5.998007 6.087342 6.113611 6.090609 6.038007 5.962197 5.878465
6.1146 6.11823 6.117296 6.119509 6.121196 6.121948 6.125318 6.125845 6.129407 6.137037 6.138897 6.141609 6.143186 6.141927 6.143507 6.145413 6.149462 6.148288 6.148218 6.14722 6.144237 6.147366 6.143211 6.144601 6.141078 6.130179 6.115904 6.10499 6.104055 6.088362 6.076304 6.070755 6.048571 6.015666 5.996126 5.995332 5.99805 6.001028 5.99805 5.9698 5.942369 5.926549 5.930061 5.920757 5.910489 5.890736 5.862694 5.856192 5.864717 5.876132 5.904411 5.942944 5.990203 6.01323 6.024904 6.069586 6.155898 6.213972 6.19201 6.132954 6.043835 5.95785 5.876868
