py_wake/examples/data/AJ_ParqueFicticio/Rough survey   Sector 10   Height 200m   Orographic speed.grd
DSAA
73  159
 258469   265669
 6501692   6517492
 .6160442   1.459435
[rows 0 to 27 of 159, columns 0 to 62 of 73]
.9729254 .9720759 .9723015 .9726955 .9730504 .9736196 .9746405 .9753121 .9758448 .9759918 .975979 .9753184 .9744693 .9725583 .9700596 .9671739 .9637501 .9604455 .9561931 .9529789 .9532536 .9641435 .9793825 .9893854 .9849354 .9697859 .9598528 .9675881 .975324 .9759633 .973977 .9756119 .9755594 .9775093 .9835733 .9968966 1.017148 1.037637 1.047339 1.051656 1.055308 1.059371 1.062721 1.065277 1.064357 1.062466 1.059303 1.056537 1.054665 1.053328 1.052241 1.051027 1.050466 1.050966 1.050559 1.050638 1.051062 1.049972 1.048454 1.045353 1.041654 1.037353 1.031869
.976493 .9741104 .9729444 .9727436 .9731245 .9738125 .9745699 .975688 .9762017 .9763919 .976368 .9757555 .9745569 .9728689 .9700621 .9663233 .9624913 .9581935 .9525017 .9481782 .9497957 .9642072 .9867361 1.002267 .9979398 .9811345 .965578 .969898 .9763265 .9773412 .9772977 .9764155 .9755868 .9764853 .9802337 .9926037 1.011412 1.03258 1.043209 1.047459 1.050454 1.055327 1.062271 1.065755 1.062565 1.060256 1.058025 1.055773 1.054194 1.052639 1.052415 1.052242 1.052556 1.053469 1.05362 1.054343 1.054463 1.053738 1.050575 1.047551 1.04333 1.03816 1.032245
.9823735 .9774227 .9737067 .9729987 .9736013 .9743128 .9749811 .9757033 .9763852 .9766043 .9768623 .9763638 .9753985 .9739873 .9710132 .9660028 .9610842 .9558091 .9497156 .9450839 .9481947 .9634143 .9886035 1.008022 1.011643 .9940774 .9765013 .9730083 .9765456 .9778379 .9788346 .9776116 .9763309 .9754767 .9758614 .9838149 1.000042 1.023257 1.036308 1.04202 1.044919 1.051998 1.05987 1.066169 1.063498 1.058829 1.055561 1.05374 1.053047 1.051503 1.051862 1.053785 1.054807 1.055332 1.056297 1.057672 1.058109 1.05721 1.054911 1.051 1.046108 1.039504 1.032976
.9905705 .9822677 .9758327 .9741142 .9740304 .974718 .9757859 .9764612 .9768463 .9771279 .9767859 .9771156 .9771117 .9759831 .9722725 .966093 .9604472 .9542233 .9478206 .9430427 .9471332 .9631673 .9878637 1.009608 1.018794 1.005818 .9879123 .9802483 .9794152 .979934 .9806505 .9813952 .9786824 .9734897 .9703094 .9745038 .9867761 1.009243 1.026748 1.033796 1.039906 1.050127 1.060346 1.066418 1.066651 1.060241 1.054462 1.05233 1.051512 1.05053 1.052401 1.055452 1.056679 1.058789 1.061158 1.062561 1.063706 1.063015 1.060617 1.055759 1.049843 1.042901 1.034984
.9960783 .9875634 .9798499 .9766526 .9750462 .9756993 .9768943 .9780537 .9779974 .9776464 .9771432 .9756861 .9770447 .9774771 .973422 .9668308 .9600037 .9533409 .9469814 .942572 .9482489 .964073 .9867653 1.009007 1.021529 1.014477 1.000156 .9902989 .985814 .9844831 .9841535 .9844775 .9781781 .9698607 .9658632 .9656212 .9764638 .99472 1.013032 1.021876 1.034934 1.051432 1.064046 1.066782 1.067678 1.060903 1.05385 1.050975 1.049347 1.050487 1.052184 1.055863 1.058688 1.062425 1.065714 1.068712 1.070448 1.069873 1.067152 1.062348 1.05567 1.045994 1.035515
.9982663 .9917712 .9863008 .982058 .9776895 .9767448 .9788123 .9799721 .9792474 .9785748 .9783907 .9760908 .9764649 .9785633 .97494 .9691527 .961579 .9535458 .9473583 .9458489 .953455 .969584 .988263 1.008711 1.023038 1.02125 1.009704 .9994331 .9924002 .9890465 .9865431 .9845266 .9787369 .9730242 .9669608 .9645602 .9712687 .9849562 .9970075 1.00719 1.028077 1.055116 1.068192 1.067612 1.064325 1.059751 1.054873 1.052468 1.049651 1.048662 1.051502 1.055142 1.059667 1.06521 1.071434 1.076756 1.07959 1.079648 1.077316 1.071733 1.062994 1.05061 1.035331
.9982373 .9949933 .9925767 .989243 .9831629 .9787979 .9808318 .9816992 .9807025 .979799 .9787818 .9764955 .9756133 .9774879 .9763868 .9717739 .9650422 .9561943 .949198 .9457459 .9540294 .9717104 .9910122 1.010006 1.024346 1.025696 1.017967 1.007614 .9978413 .9905608 .9855871 .9817058 .9796651 .9735508 .9681666 .9645169 .9670051 .974264 .9813375 .9941096 1.024408 1.055405 1.068709 1.064561 1.058459 1.055614 1.055293 1.054931 1.049473 1.046129 1.048202 1.053111 1.060057 1.068614 1.078358 1.086394 1.090812 1.091917 1.089804 1.082218 1.070321 1.05213 1.03068
.9981328 .9966431 .9946487 .992238 .9873747 .9833754 .9829221 .9835165 .9819238 .9806246 .9786265 .9772649 .9774827 .9797224 .9793715 .9761369 .9698463 .9618003 .9535915 .9485331 .9551432 .9721549 .9934391 1.010421 1.023383 1.027719 1.022341 1.012457 1.001511 .9918159 .9845325 .9815842 .9792564 .9747782 .9698918 .9658283 .965777 .9688281 .974535 .9890308 1.021116 1.050625 1.061117 1.057096 1.051846 1.055517 1.057863 1.056698 1.046536 1.040748 1.04258 1.048524 1.057928 1.071887 1.087843 1.098985 1.104204 1.105808 1.102666 1.093984 1.074414 1.048285 1.022091
.9982901 .997638 .9968454 .9962167 .9935018 .9902208 .9879389 .9857296 .9830031 .9801678 .9787433 .9784287 .9797704 .9804062 .9817542 .9813538 .9774449 .9698319 .9615859 .9555564 .9558723 .9698068 .9887171 1.003552 1.018276 1.027881 1.02822 1.018389 1.00649 .9950172 .9860664 .9826382 .9800679 .9767516 .9731551 .9690094 .9682743 .970258 .9780992 .9912429 1.017456 1.04133 1.049262 1.046026 1.050017 1.058525 1.059033 1.055813 1.044986 1.037175 1.039361 1.044372 1.053816 1.073574 1.097744 1.11221 1.117417 1.119458 1.116479 1.10269 1.073821 1.040313 1.011124
.9983718 .9979886 .9981762 .9986538 .9971578 .9951554 .9918355 .9875 .9827875 .9787753 .9784082 .9800785 .9810861 .9815269 .983548 .9856306 .9850616 .9794921 .9717331 .9646978 .9607275 .9665889 .9820724 .9963721 1.010087 1.022926 1.028935 1.022795 1.01023 .9971854 .9886285 .9848026 .9818915 .9783493 .9752085 .9721698 .9712676 .9752308 .9829792 .9954529 1.014447 1.029261 1.036386 1.0374 1.048352 1.057664 1.055792 1.051427 1.04318 1.03355 1.03454 1.039162 1.051457 1.078408 1.107142 1.123612 1.128396 1.130866 1.124293 1.107007 1.072696 1.032864 1.00113
.9981646 .9982475 .9982603 .9990064 .9979705 .9950871 .9923139 .9876199 .9812011 .9757869 .9783247 .9834929 .9833077 .9806175 .9835525 .99001 .9932891 .9893155 .981682 .9744239 .9693953 .9692202 .9786501 .9898351 1.002704 1.014383 1.024169 1.02208 1.011937 .9986164 .9910355 .9869056 .9847963 .9818383 .9784596 .9752401 .9758804 .978703 .9857799 .9977956 1.010851 1.022393 1.02919 1.033592 1.045259 1.051131 1.048968 1.046911 1.041678 1.031263 1.029652 1.035572 1.056095 1.087186 1.115162 1.129483 1.135534 1.136173 1.128411 1.10812 1.072965 1.029855 .9991945
.9971941 .9979151 .9980997 .9979 .9994111 .9983302 .9961534 .9861165 .9749228 .9715983 .9786276 .9862092 .986096 .9798833 .9803202 .9905018 1.001014 .9979258 .9898905 .9827127 .977098 .9759191 .9808516 .9866176 .9944497 1.004467 1.012315 1.012923 1.008649 .9979278 .9916479 .9873691 .986133 .9858103 .9824125 .9790971 .9795309 .9823844 .9886123 .9974505 1.008295 1.017094 1.025145 1.032626 1.040525 1.043262 1.041611 1.041272 1.039836 1.032481 1.029228 1.039274 1.065138 1.096375 1.118789 1.129593 1.13421 1.134304 1.126551 1.107909 1.075433 1.03624 1.007331
.9955183 .996556 .9978049 .997721 .9995508 1.000832 .9976073 .9878011 .9718497 .9691827 .9806492 .9901295 .9891111 .9816073 .9805165 .9885978 1.001197 1.005116 1.0005 .9924625 .9868447 .9848201 .9880137 .9886284 .990657 .9961128 1.002697 1.005002 1.002382 .9958172 .9902321 .9866546 .9860796 .9866338 .9855993 .9839218 .9829575 .9849769 .9897504 .997075 1.005645 1.014615 1.022928 1.031667 1.036491 1.036232 1.03656 1.036886 1.037164 1.034916 1.03541 1.046051 1.069657 1.097565 1.116772 1.124746 1.128705 1.129014 1.121764 1.103327 1.076018 1.045884 1.019034
.9936284 .995846 .9977123 .9985623 .9998115 1.000236 .996725 .9880046 .9743385 .9723049 .9821091 .9908057 .9918131 .9861873 .9847087 .9916983 1.000553 1.005255 1.006378 1.001697 .9984047 .9984164 .997225 .9925737 .9900519 .9908266 .9952967 .9972951 .9937102 .9906099 .9867483 .984127 .9845083 .9863474 .9878609 .9876249 .9862789 .9867373 .989364 .995227 1.003683 1.011667 1.019516 1.030114 1.033111 1.033803 1.033662 1.034372 1.036137 1.037394 1.042119 1.051302 1.070271 1.093701 1.110985 1.119591 1.123705 1.125367 1.120583 1.105502 1.082799 1.055644 1.029806
.9926515 .9950449 .9970022 .9983212 .9992093 .9984719 .9947046 .9881282 .9791825 .9764138 .9841671 .9912395 .9932265 .991856 .9921591 .9965354 1.001231 1.005809 1.009107 1.007482 1.007393 1.008645 1.006769 1.000807 .9936944 .9898669 .9875941 .9865077 .9856107 .9837444 .9822664 .9815377 .983304 .9874233 .9918898 .9930869 .9894344 .9865507 .9872552 .9934584 1.002599 1.011794 1.01964 1.029195 1.033459 1.031781 1.031904 1.034505 1.038834 1.043618 1.048208 1.055696 1.070316 1.087524 1.103021 1.113305 1.122572 1.129351 1.127018 1.115453 1.094254 1.068016 1.03874
.9920269 .9940225 .9954339 .9968832 .998018 .996542 .9930255 .9883439 .98287 .9799268 .9854605 .9909073 .9939526 .9958063 .996846 .997561 .9995605 1.003992 1.009101 1.009329 1.011439 1.014711 1.013705 1.007376 .9999547 .9914759 .9845142 .9807035 .9782791 .978555 .9770538 .9769708 .9791628 .9879543 .9980848 .9996212 .9920765 .9849262 .9823469 .9880325 1.001181 1.012587 1.021267 1.030505 1.032771 1.031334 1.032044 1.036049 1.044106 1.050073 1.053358 1.057164 1.067459 1.082605 1.096658 1.110628 1.126408 1.137009 1.138611 1.12868 1.109359 1.081378 1.044659
.9911314 .9930792 .9939164 .9951658 .9962219 .9954597 .9927831 .9886674 .9854637 .9841896 .9865046 .9902753 .993881 .9964605 .9990709 .9990427 .9990512 1.003493 1.008926 1.0106 1.013066 1.016781 1.017396 1.014773 1.008004 .9984237 .9865185 .9775358 .974368 .9732463 .9730725 .9705794 .9738412 .9880816 1.00518 1.007973 .9957202 .9812538 .9733549 .9785289 .9979212 1.01407 1.024817 1.032004 1.034692 1.032557 1.031719 1.038254 1.048844 1.055494 1.056977 1.057281 1.065212 1.077591 1.095739 1.114717 1.133612 1.147925 1.151502 1.143549 1.125825 1.094109 1.051058
.9903489 .9915578 .9931813 .9941985 .9948127 .9944997 .9924677 .9901193 .9878621 .9880741 .9895108 .9910642 .9934863 .9978198 1.00059 1.00178 1.001834 1.004346 1.007749 1.010704 1.012594 1.01588 1.017391 1.017234 1.014037 1.005722 .9913241 .9789729 .9721872 .9701287 .9660756 .9613759 .9684395 .9885107 1.009059 1.013043 .9960509 .9750137 .9595912 .9661346 .9927973 1.014758 1.027838 1.036512 1.039323 1.036116 1.034243 1.04101 1.053965 1.05979 1.056669 1.054578 1.06226 1.080109 1.101129 1.122579 1.14321 1.156781 1.16135 1.154425 1.137241 1.106362 1.061538
.9894826 .9904807 .9914402 .9931879 .9935457 .9936706 .9927952 .990791 .9895753 .9906451 .9928234 .9932768 .9934149 .9974766 1.001079 1.003013 1.004255 1.006112 1.008036 1.010248 1.011433 1.013151 1.014723 1.016607 1.014203 1.006352 .9950185 .9831229 .9738393 .9678739 .9597182 .9527911 .9671165 .990667 1.009434 1.015387 .998332 .9679604 .9460932 .9530435 .988114 1.016985 1.033556 1.041725 1.043656 1.042231 1.038751 1.046328 1.059415 1.064124 1.058289 1.054731 1.062245 1.081729 1.106466 1.131374 1.150731 1.164586 1.16769 1.161017 1.145213 1.116739 1.07331
.9885018 .9893572 .9904334 .9918513 .9919487 .9925084 .9920662 .9916511 .9910934 .9924285 .9952101 .995436 .9946882 .9977496 1.00102 1.00396 1.005668 1.007902 1.009015 1.010483 1.010291 1.011145 1.011714 1.014533 1.01412 1.00786 .9984558 .9881627 .979086 .9691526 .9555348 .9491488 .9656929 .9920294 1.009839 1.016001 .9981039 .9633673 .9337503 .9432718 .9815224 1.017685 1.038225 1.04683 1.050179 1.047727 1.044414 1.052341 1.064002 1.066908 1.06131 1.05724 1.066025 1.084455 1.10923 1.134907 1.156276 1.171058 1.173563 1.167149 1.152163 1.124075 1.083681
.9883201 .9880214 .9879406 .9884597 .9895607 .9901385 .9909475 .9917538 .9923211 .9940372 .9964583 .9973091 .9969373 .9987982 1.001961 1.004564 1.006507 1.008668 1.009888 1.009065 1.008573 1.008633 1.01012 1.011978 1.011908 1.007784 1.000449 .9925265 .984576 .9701636 .9583201 .9552641 .9600167 .9851878 1.005263 1.013945 .9960437 .9576383 .9283789 .9393823 .9775342 1.015378 1.038374 1.050506 1.053856 1.052589 1.051836 1.058071 1.066877 1.06853 1.062742 1.06516 1.073803 1.089878 1.114705 1.140237 1.162729 1.178255 1.182528 1.174666 1.157154 1.128692 1.090484
.9878848 .9875352 .9859623 .9863572 .9878305 .9889655 .9898843 .9908467 .9921416 .9948127 .997145 .9987454 .9992852 1.000781 1.002514 1.004539 1.007072 1.009129 1.009858 1.008602 1.007372 1.00783 1.009154 1.010737 1.010105 1.007247 1.001029 .9934356 .9840962 .9696358 .9655962 .9653588 .9609717 .9723657 .9938418 1.007409 .9909174 .9550387 .9266335 .9395879 .9753065 1.011401 1.035625 1.050151 1.055171 1.058732 1.060802 1.063576 1.067707 1.068358 1.067127 1.071842 1.082748 1.09748 1.120847 1.147266 1.170489 1.187536 1.19223 1.183948 1.162092 1.13095 1.093218
.9861978 .9863783 .9856598 .9848359 .9861947 .9874303 .9886427 .9901149 .9913947 .99427 .9967409 .9991 1.000655 1.00246 1.003503 1.004754 1.005866 1.008964 1.009885 1.009386 1.007887 1.008224 1.009246 1.009464 1.008675 1.005332 .999605 .9916005 .9800626 .9739547 .9760201 .9758219 .968223 .9649935 .9786379 .994454 .9853936 .9583116 .9346993 .9375154 .9682866 1.003355 1.031004 1.044545 1.053122 1.060044 1.065726 1.067833 1.069333 1.069424 1.072113 1.080731 1.093228 1.106233 1.129074 1.157124 1.181547 1.19923 1.205427 1.196383 1.168852 1.129652 1.090854
.9857605 .9862345 .9848222 .9840457 .9847101 .9861629 .9876063 .9889417 .9906049 .9928116 .9956767 .9981503 1.000244 1.002466 1.004258 1.005392 1.006057 1.007336 1.008523 1.008826 1.008724 1.008741 1.008895 1.008989 1.007562 1.00306 .9962196 .9880816 .9768701 .9765921 .9841002 .9845049 .9731441 .9620371 .9636629 .9802189 .9818597 .964677 .9466436 .940841 .9584524 .9893318 1.017378 1.034321 1.046759 1.058242 1.06563 1.069765 1.071514 1.073318 1.078763 1.089402 1.103989 1.118095 1.138483 1.169545 1.197824 1.216104 1.221608 1.208532 1.174395 1.128049 1.084623
.985052 .9854729 .9849634 .9846091 .9849053 .9859183 .9867757 .9881492 .9898599 .992066 .9946103 .9971355 .9995031 1.001491 1.003777 1.005596 1.006406 1.006438 1.007402 1.007766 1.008006 1.008324 1.00842 1.00808 1.006005 1.000723 .9930723 .9849791 .9777952 .9766059 .9821099 .9851112 .9775962 .9637561 .9550674 .9685699 .9763591 .9690972 .9569416 .9484425 .9527856 .9781657 1.004041 1.021782 1.037876 1.050828 1.061022 1.068903 1.073483 1.077846 1.08664 1.101593 1.118065 1.132741 1.151679 1.184587 1.218421 1.236526 1.237707 1.218157 1.174461 1.121277 1.074839
.9851902 .9843306 .9843876 .9853522 .985867 .986737 .9873911 .9878648 .988999 .9906562 .9936766 .9963457 .9989497 1.001709 1.003546 1.005256 1.006244 1.006295 1.006544 1.006541 1.007182 1.007396 1.007191 1.006491 1.004087 .9973564 .9893678 .9843419 .9818176 .9784511 .9804335 .9833773 .9770035 .9649163 .9527827 .9616988 .9704414 .9704324 .9629837 .9529163 .9524155 .969961 .9955009 1.015656 1.031018 1.042315 1.053095 1.064467 1.074455 1.082613 1.094692 1.114858 1.137348 1.153403 1.169175 1.203774 1.242168 1.259959 1.252394 1.220423 1.167742 1.111198 1.061853
.9855353 .9838077 .9834214 .9847454 .9860882 .9873095 .9878709 .9887301 .9889385 .9897815 .9923791 .9953463 .9986438 1.001399 1.003086 1.004084 1.00514 1.005915 1.005795 1.005466 1.005189 1.005626 1.005826 1.003946 1.002517 .9961646 .9870358 .983794 .9844524 .9793293 .9798661 .9808702 .9751328 .9641137 .954778 .9600588 .9656991 .9685922 .9673967 .9553169 .9504474 .9639789 .9877065 1.007626 1.023876 1.033414 1.044046 1.057949 1.073379 1.086907 1.104928 1.130138 1.16006 1.180096 1.192895 1.224461 1.266216 1.282315 1.26159 1.212328 1.152124 1.093769 1.046393
.9855681 .9852061 .9847492 .9851111 .9863744 .9876254 .9884827 .9888048 .9890566 .990005 .9923305 .9953465 .9980475 1.001164 1.002726 1.003678 1.003946 1.004935 1.005252 1.004864 1.003916 1.003485 1.003992 1.002816 1.000039 .9942483 .9873108 .9829242 .9842964 .9815624 .9802896 .9794975 .9727174 .9619594 .9536704 .9593838 .9648249 .966188 .9661438 .9544442 .9475211 .9567952 .9740698 .9975016 1.015382 1.026737 1.037272 1.05235 1.071499 1.092265 1.114844 1.146241 1.18401 1.210696 1.222946 1.250636 1.287193 1.298286 1.261782 1.197438 1.131315 1.073182 1.031571
