py_wake/examples/data/AJ_ParqueFicticio/Rough survey   Sector 6   Height 30m   Weibull-A.grd
DSAA
73  159
 258469   265669
 6501692   6517492
 .2525203   10.44343
[rows 56 to 83 of 159, columns 0 to 62 of 73]
4.956678 5.048229 5.038091 5.043185 5.048768 5.069846 5.070145 5.086446 5.073777 5.079943 5.074541 5.082932 5.079343 5.016077 4.969307 4.968113 4.993905 4.99959 4.97821 4.967368 5.023664 4.949855 4.839883 4.870838 4.906771 4.905336 4.924833 5.062874 5.277917 5.534594 5.763247 5.687652 5.296692 5.520603 5.58045 5.567848 5.697931 5.508432 4.988643 4.77329 4.994219 5.435493 5.210375 4.965889 4.522798 4.096223 3.827156 3.694601 3.866989 4.476117 5.02623 5.712673 5.691817 5.313694 5.049109 5.217259 5.688963 5.95101 5.767805 5.456811 5.352263 5.158029 5.765696
4.896158 5.016201 4.965023 4.975334 5.023778 5.094815 5.103308 5.090014 5.07273 5.053755 5.046536 5.040951 5.037242 5.10215 5.079779 5.014769 5.008494 4.996392 4.981484 5.024363 5.051797 4.9939 4.886744 4.912964 4.917687 4.899728 4.917646 5.05581 5.138968 5.475113 5.671195 5.77002 5.758705 5.621428 5.667807 5.689776 5.409752 5.488706 5.305232 4.957636 4.974412 5.101348 5.09232 4.906198 4.63016 4.344092 3.9787 3.715771 3.726306 4.163474 4.843868 5.514907 5.607596 5.38192 5.438521 5.58074 6.169893 6.17868 5.845236 5.086352 4.831515 4.866893 5.678825
4.807544 4.866108 4.844095 4.830655 4.877352 5.02939 5.069083 5.053802 5.030881 5.003406 4.987648 4.985032 4.972244 5.018166 5.03091 5.013969 4.994947 4.974098 4.981066 5.014627 5.014541 5.018707 4.964162 4.966774 4.941998 4.925393 4.918396 4.884471 4.79445 4.797231 5.313591 5.282917 5.324411 5.435135 5.390222 5.326983 5.232251 5.071687 5.146588 4.899213 4.834708 4.813337 4.740848 4.738731 4.501093 4.287404 4.028273 3.652184 3.605498 3.932982 4.532819 5.115975 5.440312 5.23067 5.083252 5.449851 6.007013 6.406471 6.29025 5.678857 5.130866 4.918132 5.447477
4.885579 4.849901 4.80849 4.769436 4.704679 4.843852 5.003276 5.005941 4.968125 4.945907 4.929682 4.905548 4.922158 4.969448 4.976115 4.981688 4.980679 4.971415 4.985411 4.980702 4.990579 5.02117 5.035421 5.031615 4.996151 4.983958 4.962975 4.83274 4.497572 4.223373 4.386977 4.575031 4.559312 4.431824 4.538678 4.657853 4.809755 4.857953 4.886786 4.730484 4.561752 4.614488 4.57297 4.598854 4.636688 4.433989 4.133187 3.741233 3.254608 3.191332 4.060415 4.742456 5.167417 4.891648 4.654215 5.00235 5.582743 6.099496 6.190881 6.07372 5.515769 5.012343 5.206339
5.057803 4.965543 4.912307 4.946317 4.816553 4.705152 4.850948 4.932619 4.908314 4.887952 4.869608 4.849243 4.83849 4.88749 4.907351 4.922367 4.952014 4.964057 5.000903 4.992013 4.967952 4.92199 4.957271 5.006501 5.031721 5.103899 5.082575 5.080423 4.926866 4.580862 4.319445 4.28124 4.281605 4.123015 3.95015 4.130778 4.274247 4.395064 4.46891 4.370328 4.212874 4.232658 4.490942 4.542709 4.770349 4.65625 4.524504 4.189948 3.532681 3.042259 3.355386 4.197352 4.937884 4.754433 4.407263 4.724177 5.431184 5.987666 5.981989 5.915263 5.64688 5.307922 4.880419
5.139141 5.037439 5.014427 5.068594 5.019113 4.869652 4.775209 4.836021 4.842349 4.855286 4.848811 4.847041 4.848103 4.842047 4.851979 4.874095 4.910363 4.973472 4.992972 5.00561 4.997232 4.974491 4.942973 4.974433 5.013062 5.092947 5.168289 5.303362 5.374464 5.183723 4.96659 4.589897 4.363733 4.326859 3.975617 4.008527 4.079224 4.132939 4.113258 4.108533 4.018188 3.918504 3.975163 4.407327 4.560729 4.707364 4.667946 4.696899 4.218349 3.363579 2.947822 3.370469 4.675656 4.925185 4.450591 4.258083 5.301332 5.904142 5.870254 5.73109 5.556802 5.252329 4.606931
5.153293 5.117983 5.131155 5.156425 5.133465 5.069526 4.954736 4.839835 4.836976 4.853187 4.860695 4.854556 4.86101 4.833384 4.825694 4.831087 4.841351 4.911058 4.922636 4.950894 4.972287 4.983023 4.945329 4.973592 5.05217 5.06669 5.162936 5.260563 5.451609 5.531672 5.545747 5.255821 4.99473 4.832845 4.446719 4.115987 4.047951 3.983098 3.89572 3.95436 3.928894 3.840252 3.929079 4.025735 4.523764 4.564271 4.548973 4.758975 4.916904 4.472152 3.470712 2.97204 4.163392 4.845385 4.7117 4.263084 4.820863 5.705878 5.808942 5.765255 5.54789 5.289064 4.811912
5.094205 5.132174 5.182643 5.208896 5.190032 5.12031 5.010602 4.891874 4.843796 4.849042 4.88839 4.887204 4.858216 4.836334 4.814186 4.800815 4.796087 4.798807 4.820688 4.828556 4.899657 4.903671 4.87283 4.872325 4.948889 4.961428 5.047056 5.120673 5.337307 5.516098 5.450869 5.450649 5.293705 5.119081 4.780125 4.288745 4.139531 3.997422 3.881315 3.793065 3.718713 3.640165 3.756701 3.905626 4.173615 4.561937 4.469881 4.567948 4.926994 5.135002 4.454813 3.300608 3.104277 4.097143 4.705804 4.334831 4.113869 5.163035 5.511768 5.511037 5.387983 5.379982 5.181353
5.023292 5.116579 5.181328 5.207827 5.191063 5.142587 5.034926 4.930897 4.839464 4.83833 4.861266 4.874084 4.8683 4.838425 4.823026 4.800515 4.815161 4.789445 4.773938 4.783815 4.837988 4.836794 4.797247 4.745978 4.72893 4.722757 4.840469 4.917267 5.092465 5.366421 5.412831 5.420295 5.372917 5.242945 4.940439 4.715021 4.356533 4.172431 4.029037 3.845664 3.65689 3.571543 3.415008 3.369146 3.942629 4.262472 4.421761 4.475461 4.705423 5.092556 4.926604 3.870282 2.916474 2.990563 4.135807 4.491474 4.028207 4.254184 4.449996 4.574308 4.55198 4.507799 4.926625
4.957029 5.056117 5.14617 5.179162 5.183303 5.15209 5.085076 4.984499 4.864307 4.841997 4.858776 4.854349 4.851465 4.842024 4.836228 4.80095 4.79123 4.783979 4.793841 4.822896 4.864833 4.836405 4.788586 4.754359 4.661446 4.583344 4.49605 4.475945 4.615584 4.82417 5.023213 5.180217 5.257938 5.222012 4.912598 4.772755 4.562681 4.205802 4.042218 3.910188 3.770541 3.677073 3.431787 3.295616 3.605328 4.123423 4.297952 4.422077 4.49842 4.894016 5.335732 4.923825 3.831928 2.835876 3.233666 4.240454 4.49417 4.431863 4.267851 3.824597 3.863372 3.734167 3.866396
4.937089 4.992043 5.107982 5.15587 5.15122 5.140223 5.109372 5.065685 5.025057 4.92084 4.869644 4.8681 4.858357 4.848025 4.845419 4.83034 4.804052 4.782413 4.817842 4.873185 4.902343 4.883904 4.892402 4.83704 4.715178 4.588039 4.456412 4.433281 4.33772 4.380622 4.542284 4.673584 4.945407 5.131275 4.928302 4.830237 4.710327 4.299943 3.946435 3.814103 3.714862 3.729375 3.415813 3.206982 3.219095 3.503343 4.068799 4.438637 4.315368 4.35577 5.264243 5.435381 5.034949 3.862421 3.116812 3.762583 4.67979 4.803966 5.019097 4.944419 4.371972 4.052814 3.598991
4.92532 4.97378 5.079658 5.128015 5.146312 5.110447 5.081768 5.072763 5.029909 4.955518 4.898882 4.87583 4.869998 4.85293 4.831751 4.814477 4.792385 4.776002 4.799479 4.853878 4.866069 4.892389 4.968929 4.917 4.812443 4.684832 4.448249 4.444254 4.396929 4.353448 4.364071 4.451075 4.604854 4.858923 4.912771 4.844197 4.858024 4.695547 4.184669 3.921701 3.601968 3.382903 3.230147 3.011087 2.88266 3.266686 3.806658 4.386874 4.58289 4.500315 4.845177 5.571898 5.578506 5.143804 4.045279 3.715915 4.181747 5.070631 5.422572 5.63333 5.656782 5.226398 4.66452
4.888715 4.968517 5.091134 5.122154 5.123422 5.074971 5.051588 5.048544 5.020159 4.961603 4.907026 4.878606 4.87598 4.884966 4.860296 4.820866 4.773984 4.764135 4.779188 4.791857 4.78061 4.811069 4.94243 4.939131 4.91237 4.831151 4.773121 4.502417 4.406318 4.305085 4.236841 4.265505 4.406569 4.605872 4.783388 4.785842 4.857043 4.956148 4.648115 4.258869 4.182409 3.76423 3.301376 3.065539 2.841211 2.937318 3.110192 3.894935 4.124006 4.067498 4.684084 5.249298 5.361404 5.382859 5.010833 4.238816 4.222236 4.642249 5.068388 5.395105 5.682408 5.77394 5.53864
4.817084 4.876056 5.033109 5.101949 5.080252 5.058963 5.051665 5.040985 5.014031 4.96027 4.893271 4.850256 4.84758 4.882015 4.886276 4.831554 4.754303 4.760663 4.77747 4.766289 4.746811 4.77926 4.89113 4.913954 4.949515 4.922354 4.886473 4.76397 4.641774 4.419269 4.215033 4.048967 4.090996 4.323466 4.504798 4.6906 4.821544 4.913835 4.863641 4.684887 4.555307 4.489398 4.165394 3.636763 3.351993 3.05889 2.946206 3.171627 3.463023 3.405233 3.730181 4.561562 4.90615 4.768376 4.625131 4.418557 4.060276 4.239293 4.662895 4.98562 5.281489 5.585925 5.655698
4.722508 4.750107 4.883406 4.991139 4.984014 5.019664 5.068449 5.064364 5.020711 4.970153 4.888338 4.817768 4.786198 4.82893 4.872444 4.879943 4.878514 4.816491 4.789547 4.775817 4.785368 4.860144 4.906237 4.964015 4.963907 5.016701 4.940038 4.927554 4.871856 4.656709 4.509408 4.152348 3.875838 3.964706 4.211498 4.560301 4.73646 4.891965 5.037732 5.12651 5.008412 4.67951 4.512398 4.263676 3.912161 3.456888 3.237151 3.267237 3.400536 3.23641 2.964314 3.290273 3.694498 3.582713 3.773164 4.002274 4.264987 4.310562 4.601651 4.961266 5.232801 5.50877 5.593237
4.731761 4.704604 4.689391 4.782016 4.804853 4.939379 5.059167 5.062318 5.028739 4.972187 4.896521 4.868343 4.843775 4.795365 4.825995 4.856333 4.916851 4.844702 4.779795 4.769621 4.772153 4.864454 4.902731 5.092381 5.044306 5.091039 5.029506 5.009003 4.974198 5.008079 4.891893 4.468518 4.11071 3.906892 4.128703 4.438686 4.642576 4.838758 4.925489 4.954416 4.956257 4.771162 4.539203 4.506219 4.344681 4.059577 3.765992 3.651181 3.721137 3.716569 3.455806 3.155833 3.22983 3.156188 2.891806 3.156225 3.920198 4.394264 4.750093 5.082644 5.324947 5.540396 5.638838
4.842031 4.863204 4.834177 4.69163 4.685001 4.79187 5.013916 5.042645 5.018869 4.983078 4.975622 4.924131 4.841312 4.764415 4.716492 4.765457 4.842586 4.80815 4.753105 4.721528 4.697576 4.753478 4.772734 4.919996 5.05096 5.055153 5.107194 5.109132 5.097113 5.045044 4.968957 4.615127 4.196835 4.122961 4.17314 4.280435 4.496727 4.667078 4.787057 4.782535 4.901345 4.886417 4.790628 4.586114 4.438229 4.319629 4.126653 4.024544 4.159457 4.383661 4.602983 4.598496 4.617537 4.347373 3.133898 2.894207 3.24677 4.080849 4.593643 5.017065 5.472296 5.640471 5.848731
4.979077 4.958601 4.873917 4.757292 4.673808 4.678514 4.908848 4.963675 4.947555 4.969286 4.965046 4.929473 4.847028 4.745234 4.615821 4.632767 4.75076 4.713998 4.67103 4.620585 4.580405 4.581341 4.567415 4.663745 4.814404 4.864882 5.0143 5.174025 5.360271 5.343875 5.142482 4.942785 4.497594 4.390499 4.359972 4.275373 4.282364 4.370129 4.542889 4.735099 4.879079 5.112525 5.123883 4.847482 4.651073 4.362301 4.077957 3.963941 4.104704 4.511404 4.716047 5.028074 5.276423 5.479439 4.846494 3.650935 3.206568 3.286153 4.091527 4.753514 5.167384 5.741998 6.152628
5.01216 4.97808 4.911487 4.848853 4.754814 4.615201 4.790491 4.824184 4.858705 4.922451 4.915365 4.908689 4.87628 4.787583 4.59412 4.511359 4.608212 4.618647 4.607078 4.557116 4.494621 4.440267 4.464356 4.530927 4.629034 4.681522 4.812585 5.042407 5.35164 5.406045 5.258651 5.129197 4.996983 4.671321 4.500091 4.39879 4.244185 4.186112 4.236666 4.382515 4.632563 5.056723 5.11235 5.034763 4.90923 4.662024 4.141393 3.735691 3.777981 4.022328 4.034776 4.395953 5.040395 5.290922 5.254325 4.54818 3.488562 2.990581 3.201818 4.089346 4.687304 5.016058 5.326131
4.959775 4.946069 4.928916 4.909876 4.919028 4.82715 4.718999 4.706925 4.77036 4.849336 4.859318 4.858387 4.851895 4.840882 4.761045 4.576556 4.548735 4.554725 4.58504 4.584287 4.509102 4.397156 4.371244 4.400313 4.499928 4.497478 4.537049 4.60614 4.881457 5.102521 5.03107 4.873415 4.737698 4.730489 4.549856 4.493601 4.435086 4.245613 4.167991 4.225799 4.214661 4.40523 4.475409 4.660088 4.413095 4.357533 3.914603 3.729851 3.473123 3.54739 3.660224 3.587471 3.627963 3.885352 4.355642 4.100239 3.362934 2.723576 2.675389 3.173043 3.753512 4.092004 4.362711
4.875286 4.876523 4.874244 4.881869 4.950021 4.909009 4.763621 4.705335 4.749137 4.779331 4.791411 4.788298 4.777514 4.810762 4.83464 4.696095 4.559189 4.534475 4.563133 4.608806 4.599948 4.484605 4.344756 4.29856 4.351595 4.342929 4.32839 4.255034 4.343301 4.670412 4.755067 4.643802 4.515966 4.504357 4.422813 4.411622 4.481471 4.263015 4.122732 4.263268 4.33812 4.187251 4.105548 4.089211 3.908048 3.790782 3.547014 3.280185 3.263963 3.409017 3.56557 3.61358 3.593929 3.419732 3.4354 3.501583 2.959702 2.57035 2.094765 2.119846 2.785345 3.136863 3.240943
4.80848 4.807123 4.797507 4.795792 4.852872 4.81286 4.736809 4.664584 4.702432 4.706675 4.730171 4.749253 4.739536 4.742412 4.764769 4.653002 4.552959 4.49249 4.517375 4.551822 4.598913 4.663922 4.57142 4.461666 4.389771 4.361015 4.290183 4.231009 4.199624 4.407848 4.540551 4.550372 4.430094 4.39557 4.359326 4.211187 4.147276 4.139984 4.051459 3.925879 4.065988 4.231416 4.177668 4.155687 4.362503 4.501358 4.419026 4.161256 3.863651 3.328043 3.627308 3.743971 3.905362 3.978008 3.952008 3.900852 3.549506 2.886715 2.88027 2.562145 2.427936 2.865502 3.069299
4.777343 4.755167 4.727827 4.702687 4.742811 4.734076 4.700867 4.637375 4.625165 4.627424 4.658936 4.698205 4.745328 4.733421 4.706776 4.641651 4.542919 4.441253 4.420177 4.406121 4.432196 4.592334 4.616823 4.577291 4.52596 4.481738 4.466706 4.414776 4.420098 4.504273 4.55248 4.447895 4.393924 4.430736 4.46586 4.480402 4.441537 4.338499 4.431336 4.090038 3.982867 4.123115 4.145388 4.279614 4.438446 4.610152 4.887229 5.091702 4.971159 4.305 3.724644 3.841553 4.165082 4.611189 4.825726 4.949842 4.787386 4.542212 4.370201 4.048183 3.807417 3.465105 3.686698
4.787972 4.732471 4.69163 4.689416 4.674483 4.67129 4.662032 4.629717 4.59128 4.573486 4.578715 4.617742 4.689733 4.698184 4.669071 4.638851 4.588532 4.51456 4.418686 4.324747 4.296104 4.32112 4.425086 4.506654 4.528185 4.597917 4.662734 4.840994 4.911544 4.704982 4.562736 4.413011 4.264068 4.380438 4.351239 4.331089 4.443762 4.527468 4.576993 4.504453 4.315578 4.164275 4.238134 4.294229 4.502691 4.571809 4.6794 4.778034 5.008407 4.917137 4.713341 4.499932 4.622893 4.896532 5.179043 5.23058 5.461348 5.509631 5.234325 5.007876 4.810352 4.730828 4.594876
4.807819 4.757459 4.68151 4.679626 4.665834 4.666928 4.633541 4.631674 4.583848 4.539045 4.490417 4.50031 4.576858 4.592024 4.591886 4.605288 4.701941 4.670451 4.543362 4.415854 4.373322 4.2761 4.310943 4.353231 4.406755 4.507933 4.737917 5.054669 5.229131 5.089709 4.737675 4.467834 4.311154 4.314265 4.214224 4.094409 4.120891 4.271838 4.381475 4.422195 4.493588 4.586185 4.525551 4.551007 4.678768 4.751112 4.684964 4.725085 4.994375 5.252711 5.331781 5.286239 5.171038 5.271387 5.211698 5.31566 5.260447 5.180371 5.120278 5.009356 4.910619 4.85981 4.823477
4.804996 4.807431 4.795565 4.694965 4.645871 4.637779 4.658109 4.620434 4.573066 4.528292 4.441775 4.348708 4.409204 4.41128 4.458589 4.602375 4.676158 4.662868 4.620173 4.577661 4.492601 4.432763 4.34758 4.259718 4.243923 4.240655 4.402042 4.709229 4.931131 4.967825 4.863003 4.565745 4.270253 4.240856 4.190794 4.130351 4.085721 4.209582 4.267138 4.341577 4.361819 4.350994 4.388651 4.456337 4.54934 4.703649 4.824389 4.995456 5.133131 5.271943 5.335733 5.333308 5.248214 5.112247 5.042984 5.03653 5.013266 4.936875 4.94826 4.92666 4.851256 4.85659 4.856671
4.725594 4.776093 4.769226 4.705951 4.631598 4.58938 4.565754 4.574252 4.555295 4.518406 4.461803 4.404658 4.263324 4.25464 4.230793 4.238995 4.414534 4.43373 4.522987 4.586562 4.494865 4.480818 4.409802 4.36429 4.212367 4.072163 4.009321 4.220623 4.552773 4.792932 4.806267 4.623391 4.328768 4.217122 4.195263 4.139633 4.160888 4.179764 4.22745 4.237203 4.205082 4.170315 4.177055 4.224863 4.351004 4.496948 4.704426 4.881721 5.041928 5.198234 5.254163 5.220563 5.124394 4.997629 4.946968 4.924362 4.870399 4.794667 4.802978 4.852801 4.838474 4.842493 4.857373
4.688284 4.678945 4.688493 4.674858 4.621747 4.5743 4.547237 4.538904 4.510736 4.463896 4.479213 4.393629 4.258517 4.211353 4.148319 4.045214 4.026294 4.103715 4.26231 4.384925 4.421537 4.450881 4.457533 4.482615 4.427469 4.258524 4.069143 4.064129 4.302378 4.65328 4.750379 4.82326 4.632155 4.561645 4.57459 4.445644 4.467023 4.31777 4.223964 4.232346 4.193518 4.195133 3.911093 3.918329 4.098687 4.136408 4.269734 4.408654 4.605013 5.008948 5.15589 5.144478 5.02584 4.928027 4.880633 4.7556 4.722523 4.609528 4.654775 4.693869 4.699408 4.783408 4.800079
