py_wake/examples/data/AJ_ParqueFicticio/Rough survey   Sector 10   Height 30m   Mean speed.grd
DSAA
73  159
 258469   265669
 6501692   6517492
 .2639414   11.76405
[rows 0 to 27 of 159, columns 0 to 62 of 73]
5.518669 5.606153 5.633924 5.644748 5.645394 5.647881 5.656085 5.663409 5.672101 5.673283 5.669202 5.651825 5.631431 5.624797 5.583529 5.535911 5.484876 5.430526 5.339804 5.185641 4.911325 5.260437 5.757025 6.439742 6.033421 4.952284 4.62823 5.306308 5.528977 5.327873 5.164864 5.184843 5.180177 5.223075 5.179913 5.411725 5.915421 6.514381 6.333467 6.272851 6.281939 6.346792 6.406558 6.409653 6.308654 6.281635 6.213187 6.166039 6.147331 6.117525 6.093414 6.062655 6.048384 6.056038 6.048432 6.044144 6.036064 6.01125 5.986435 5.938512 5.880607 5.822836 5.758676
5.586623 5.645133 5.656074 5.664172 5.667708 5.671877 5.677012 5.685105 5.688548 5.692395 5.689336 5.673706 5.649542 5.62225 5.576781 5.51683 5.4596 5.393322 5.260884 5.035666 4.856977 5.191038 6.035458 6.617945 6.421493 5.435481 4.449336 5.125674 5.409473 5.331147 5.26249 5.204826 5.1961 5.195754 5.106682 5.327484 5.772138 6.522906 6.331492 6.237123 6.201842 6.244443 6.371511 6.440489 6.225158 6.202646 6.18851 6.156292 6.138576 6.106658 6.097902 6.082212 6.078891 6.092737 6.087661 6.08943 6.082026 6.060713 6.007299 5.959795 5.899689 5.830516 5.758242
5.673227 5.550134 5.585448 5.621882 5.639404 5.649313 5.65494 5.658775 5.663244 5.67053 5.7135 5.681921 5.649899 5.633446 5.580135 5.497175 5.423973 5.363222 5.214925 4.930314 4.867318 5.132893 6.058419 6.590987 6.799726 5.749021 4.885283 5.031525 5.243739 5.234781 5.239017 5.204629 5.216963 5.176981 5.005021 5.124507 5.440135 6.393027 6.327432 6.190267 6.099755 6.168431 6.290172 6.517047 6.279238 6.127145 6.087384 6.099221 6.115678 6.073035 6.077744 6.124976 6.107532 6.116975 6.113482 6.129867 6.128803 6.102264 6.055405 5.993551 5.91979 5.837013 5.757551
6.040842 5.719061 5.516143 5.605773 5.634278 5.680601 5.692214 5.692147 5.686821 5.688975 5.68695 5.725399 5.73538 5.727219 5.63668 5.500122 5.40977 5.310165 5.154934 4.871316 4.849329 5.109903 5.877589 6.350813 6.759367 5.909745 5.182689 5.075958 5.159098 5.182034 5.218027 5.273049 5.273283 5.088922 4.894437 4.815714 5.028507 5.951805 6.357183 6.055671 5.999853 6.180098 6.356303 6.491608 6.510141 6.18443 6.033762 6.040203 6.060441 6.024416 6.068845 6.167053 6.13385 6.153846 6.17981 6.190898 6.19404 6.165577 6.109224 6.029661 5.941219 5.857803 5.767041
6.220171 5.849363 5.518458 5.592142 5.612948 5.642034 5.672594 5.685621 5.67132 5.658014 5.653836 5.622179 5.73183 5.794865 5.67395 5.485579 5.372936 5.25455 5.104397 4.757895 4.925193 5.163975 5.676967 6.196887 6.693226 6.141267 5.485039 5.290462 5.253005 5.263911 5.232768 5.353782 5.216988 4.956333 4.764108 4.453436 4.59216 5.527154 6.130237 5.855831 5.790504 6.427205 6.539873 6.488234 6.551817 6.155523 6.021716 6.016003 5.987029 5.994699 6.043533 6.17091 6.179526 6.209446 6.238834 6.262661 6.273253 6.246131 6.180792 6.094317 5.99929 5.879322 5.756448
6.184165 5.940986 5.781961 5.666303 5.54772 5.606853 5.731816 5.748748 5.696887 5.675158 5.710067 5.632456 5.710442 5.830634 5.733982 5.551029 5.39468 5.230998 4.945079 4.886516 5.07745 5.316564 5.658344 6.082238 6.627964 6.288982 5.754077 5.500659 5.392501 5.353881 5.318755 5.391475 5.306494 5.060542 4.903695 4.643793 4.429797 4.948629 5.56155 5.295793 5.566847 6.809417 6.799681 6.580815 6.465426 6.249588 6.127623 6.095872 6.02265 5.958054 6.025374 6.13059 6.192435 6.254224 6.320013 6.366812 6.380532 6.360153 6.288013 6.197762 6.078184 5.943226 5.747704
6.091977 6.038857 6.018423 5.940084 5.657969 5.505399 5.789237 5.78865 5.727125 5.704637 5.696871 5.614058 5.598306 5.714486 5.740465 5.628227 5.419008 5.22412 4.997517 4.731542 4.984102 5.392514 5.797592 6.066679 6.57326 6.317809 5.987827 5.692018 5.497886 5.380766 5.300959 5.262914 5.291493 5.128489 4.954439 4.770099 4.674318 4.71259 4.745315 4.768575 5.737536 6.972871 6.961407 6.52729 6.254785 6.170244 6.236504 6.23771 6.038894 5.914224 5.964471 6.032226 6.095907 6.255391 6.433997 6.499806 6.525451 6.517492 6.457115 6.347579 6.217347 5.902308 5.510828
6.066018 6.04195 6.043606 6.036944 5.697718 5.53244 5.676419 5.772344 5.736981 5.709453 5.663804 5.618035 5.64565 5.73273 5.780871 5.736995 5.564787 5.298892 5.068175 4.678797 4.927748 5.34685 5.937517 6.112149 6.496172 6.361529 6.165628 5.809119 5.576431 5.400324 5.264538 5.296994 5.258289 5.162499 5.012178 4.829911 4.725582 4.732628 4.644919 4.368743 5.767546 6.947733 6.868673 6.367643 5.938243 6.139177 6.355807 6.367234 5.960133 5.729939 5.877729 5.937285 5.888863 6.090256 6.588875 6.714862 6.709458 6.714309 6.690646 6.646339 6.13246 5.730862 5.291459
6.062224 6.045391 6.061858 6.076609 5.986058 5.765329 5.794048 5.7991 5.733137 5.668882 5.648918 5.647038 5.686814 5.73112 5.803209 5.829206 5.741074 5.447234 5.15449 4.853079 4.732627 5.131821 5.699376 5.834807 6.333134 6.485891 6.424539 6.002564 5.728221 5.526529 5.358276 5.337515 5.305279 5.239787 5.122128 4.965077 4.866555 4.831026 4.888857 4.712647 5.435897 6.408436 6.373637 5.796437 5.933471 6.578849 6.468988 6.479694 5.985931 5.563296 5.827148 5.826979 5.537261 5.969331 6.738212 6.997741 6.910587 6.934505 7.049115 6.843808 6.069249 5.411547 5.018825
6.062445 6.045031 6.054735 6.08826 6.098934 6.060605 6.016769 5.893236 5.693505 5.606688 5.622682 5.69048 5.713983 5.71191 5.782091 5.900057 5.898206 5.693729 5.352492 5.038268 4.762297 4.853342 5.41458 5.4939 5.925203 6.512545 6.566516 6.217119 5.915974 5.626278 5.423799 5.39316 5.366649 5.314085 5.236447 5.118064 5.042469 4.930461 5.087611 5.173936 5.320077 5.737281 5.721517 5.236531 6.129768 6.632793 6.31522 6.286521 5.952475 5.346661 5.545864 5.453102 5.220884 6.005505 6.978696 7.274861 7.11337 7.177052 7.329305 7.045037 6.232897 5.12928 4.470122
6.035623 6.021111 6.001958 6.015455 6.062866 5.988138 6.117044 6.058228 5.640194 5.473392 5.589375 5.770762 5.744195 5.6061 5.609951 5.971026 6.179149 5.907606 5.592877 5.354531 4.999412 4.842894 5.184942 5.344394 5.286646 6.094369 6.661101 6.497118 6.130577 5.685129 5.488596 5.471349 5.45828 5.410711 5.309072 5.188981 5.178902 5.106611 5.115117 5.382328 5.53667 5.643198 5.602305 5.386625 5.759721 6.192424 5.827536 5.922275 5.863835 5.271332 5.206643 5.032328 5.47504 6.492013 7.137131 7.350654 7.306221 7.382041 7.390678 7.104698 6.317651 5.073014 4.529555
6.004621 6.000276 5.990385 5.946085 6.08326 6.074357 6.214474 6.008491 5.281346 5.304835 5.588199 6.059974 5.920519 5.495802 5.41818 5.89128 6.400958 6.2074 5.72131 5.459284 5.211072 4.967805 4.971364 5.13758 5.224269 5.295833 6.214506 6.33568 6.120091 5.662708 5.512932 5.461923 5.478823 5.488307 5.397445 5.245589 5.256173 5.235583 5.202896 5.364321 5.52454 5.593292 5.617216 5.623417 5.66459 5.685221 5.536824 5.533988 5.560887 5.311131 5.021739 5.052591 6.044615 6.846785 7.073561 7.132 7.332683 7.462796 7.296922 6.937164 6.33692 5.334875 4.779254
5.961812 5.968212 6.001874 5.998256 6.071835 6.13785 6.178261 6.074241 5.051755 5.127277 5.700483 6.19063 6.103292 5.476895 5.328341 5.43932 6.289771 6.236251 6.147537 5.75729 5.380456 5.170653 5.163833 5.160255 5.197676 5.307364 5.45482 6.035699 5.985295 5.628477 5.506485 5.43567 5.450902 5.455522 5.405387 5.326296 5.310355 5.304043 5.304559 5.326245 5.448173 5.543675 5.596017 5.690426 5.646168 5.541172 5.483947 5.449517 5.490958 5.37553 5.211055 5.062332 5.869068 6.700943 7.013805 6.833972 6.786174 6.749585 6.595637 6.251985 5.900751 5.245323 5.128498
5.915113 5.966862 6.036725 6.050319 6.078168 6.104325 6.065806 5.892776 5.050444 5.106062 5.758653 6.047197 5.988282 5.625842 5.312551 5.545136 5.948509 6.122453 6.242777 6.0677 5.982815 5.888631 5.521198 5.156991 5.197114 5.277149 5.449021 5.62875 5.630426 5.52943 5.446137 5.393194 5.392106 5.391432 5.403316 5.383822 5.345964 5.327118 5.320973 5.337669 5.388051 5.443437 5.496411 5.685212 5.610245 5.503078 5.439334 5.348089 5.405429 5.38787 5.367926 5.306531 5.444133 6.198152 6.395313 5.863701 5.238877 5.299679 5.35978 5.603603 5.622581 5.475484 5.303558
5.911208 5.975793 6.021485 6.045321 6.060227 6.048388 5.98062 5.850177 5.45323 5.283947 5.773931 5.968059 5.939358 5.809804 5.75081 5.868209 5.953262 6.080406 6.251686 6.129636 6.135471 6.284768 6.247916 5.530357 5.139465 5.244122 5.32336 5.414202 5.442132 5.421262 5.387798 5.348923 5.373084 5.40212 5.454304 5.452634 5.386697 5.299113 5.264863 5.307081 5.380991 5.446652 5.471742 5.631536 5.647844 5.43686 5.376681 5.3104 5.322101 5.4115 5.430695 5.452939 5.536631 5.65433 5.719539 5.586457 5.363345 5.400282 5.578002 5.566726 5.662829 5.537087 5.256397
5.922761 5.967515 5.997719 6.014259 6.022516 5.982075 5.900246 5.788088 5.624485 5.517135 5.75266 5.874658 5.895021 5.886623 5.919276 5.889971 5.823861 5.939319 6.139325 6.061682 6.132514 6.270306 6.363785 6.120121 5.572991 5.102262 5.18924 5.264591 5.295382 5.335258 5.327511 5.275351 5.2242 5.290329 5.727504 5.724576 5.33034 5.213261 5.158532 5.207997 5.479336 5.549345 5.554992 5.647132 5.582471 5.384535 5.313477 5.32915 5.457094 5.505126 5.473991 5.42507 5.445109 5.492588 5.460633 5.147675 5.476092 6.340527 6.647763 6.476878 6.27686 5.919449 4.641668
5.919843 5.953723 5.967696 5.977673 5.981599 5.95054 5.874878 5.771786 5.668691 5.628661 5.696165 5.773849 5.8318 5.855535 5.9718 5.900093 5.83517 5.964013 6.079288 6.051399 6.093701 6.207258 6.247704 6.259309 6.193846 5.688494 5.023474 5.067792 5.170276 5.237321 5.297176 5.126835 4.970254 5.174351 6.19059 6.263995 5.477257 4.999174 4.855031 4.843838 5.448234 5.62416 5.593662 5.591659 5.527982 5.368246 5.237543 5.307432 5.465636 5.546959 5.41813 5.251195 5.255978 5.403334 5.697763 6.129452 6.798997 7.220103 7.436234 7.287532 7.016842 6.554029 5.073659
5.913199 5.923028 5.954132 5.957853 5.950839 5.92556 5.864585 5.792092 5.72102 5.710987 5.748885 5.759335 5.778544 5.940623 5.991683 5.968688 5.919382 5.959982 6.021416 6.046673 6.054995 6.12023 6.16414 6.217864 6.288228 6.211998 5.577009 4.961389 4.973306 5.236921 5.248325 4.799188 4.597704 5.315076 6.455755 6.578605 5.859964 4.848707 4.437041 4.373165 5.24918 5.770169 5.577525 5.533509 5.441606 5.333209 5.097941 5.367093 5.914639 6.071913 5.738457 5.388948 5.477399 5.91976 6.360763 6.775819 7.234481 7.456216 7.539523 7.477633 7.241376 6.8876 5.817779
5.901068 5.909233 5.925927 5.941113 5.926981 5.909928 5.867978 5.801325 5.75296 5.753942 5.826406 5.834493 5.782276 5.922086 5.979121 5.984483 5.96851 5.986692 6.013295 6.027168 6.015038 6.016253 6.029068 6.132267 6.18106 6.096146 5.861264 5.414495 5.17449 5.356263 5.017761 4.35849 4.713028 5.815893 6.464994 6.584583 6.262994 5.013528 3.982655 3.909215 5.302217 5.903639 5.915483 5.994884 5.977337 5.860587 5.386442 5.708183 6.374913 6.404185 5.874806 5.472135 5.529577 5.997949 6.543798 7.041145 7.30964 7.515405 7.49545 7.398673 7.372325 7.040432 6.166916
5.888242 5.888265 5.898901 5.904452 5.890625 5.881913 5.853852 5.820982 5.778306 5.779694 5.858539 5.8372 5.808098 5.891239 5.948874 5.989084 6.00178 6.022452 6.033865 6.034106 5.987894 5.951077 5.921584 6.101833 6.126569 6.024121 5.887344 5.69711 5.538815 5.411613 4.693723 4.082164 4.799506 6.162452 6.351493 6.610762 6.381205 5.004303 3.428727 3.654355 5.218739 6.124829 6.289666 6.302014 6.353495 6.156654 5.613763 5.911485 6.5849 6.502712 5.902686 5.582228 5.636824 6.003878 6.472932 6.911218 7.237556 7.506371 7.454369 7.379139 7.280429 7.115319 6.420482
5.901583 5.863629 5.828654 5.823457 5.835151 5.831184 5.829494 5.820764 5.804538 5.824867 5.90173 5.899508 5.864482 5.891623 5.941946 5.979429 6.002899 6.032942 6.056083 6.011538 5.965484 5.925695 5.981473 6.058964 6.081525 6.008841 5.897468 5.797716 5.845984 5.277319 4.679045 4.651204 4.440803 5.870059 6.177078 6.624745 6.268093 4.724525 3.148688 3.697786 5.32963 6.223919 6.323268 6.440435 6.325243 6.149335 5.941405 6.172012 6.505055 6.363792 5.79075 5.750636 5.861588 5.974235 6.47361 6.889416 7.246319 7.486438 7.523513 7.445997 7.299816 7.018806 6.592919
5.915144 5.906672 5.793683 5.776495 5.805536 5.809441 5.80517 5.801474 5.809151 5.857776 5.9171 5.936957 5.926216 5.92954 5.941618 5.963336 5.998055 6.053288 6.039701 5.973518 5.935396 5.934255 5.990105 6.040632 6.049476 6.017394 5.937086 5.832314 5.685177 4.857498 5.067703 5.396597 4.629335 5.093339 5.887206 6.424111 6.040765 4.651834 3.220633 4.055098 5.394874 6.077927 6.311877 6.351715 6.257665 6.207341 6.228418 6.272196 6.306139 6.102684 5.822504 5.858823 6.014803 6.030014 6.458707 6.895384 7.185924 7.512985 7.645274 7.587965 7.334146 6.968227 6.568424
5.889819 5.884863 5.827809 5.769705 5.791439 5.790995 5.790064 5.793707 5.800846 5.852767 5.903214 5.935187 5.949178 5.962169 5.958271 5.962262 5.965642 6.0574 6.045017 6.006619 5.960377 5.95599 5.993456 6.018257 6.027448 5.99241 5.91497 5.79522 5.3606 4.999395 5.520873 5.931097 5.042316 4.640493 5.234318 6.175116 5.83243 4.677794 3.706258 3.752547 5.089817 5.854594 6.298902 6.177092 6.15254 6.244383 6.279979 6.247018 6.131719 5.923387 5.798811 5.848788 6.138288 6.11344 6.430736 6.944264 7.33076 7.639513 7.915308 7.971713 7.45549 6.804662 6.327222
5.88265 5.868709 5.774635 5.751631 5.769101 5.776945 5.78155 5.783216 5.801616 5.835495 5.891009 5.921 5.942477 5.965604 5.984982 6.001232 6.007841 6.019781 6.023419 6.010563 5.995427 5.983368 5.996728 6.018837 6.005195 5.934919 5.812888 5.665999 5.157119 5.111195 5.885788 5.993799 5.555466 4.735085 4.649347 5.776425 5.759593 5.125069 4.565153 3.961132 4.478333 5.541048 6.000793 5.95022 6.001859 6.235252 6.242371 6.190875 6.03995 5.857069 5.799084 5.949692 6.259691 6.253967 6.413896 7.090622 7.662424 7.881562 8.274292 8.384401 7.662382 6.62586 6.07378
5.876889 5.835826 5.821094 5.795574 5.784661 5.782277 5.781379 5.786891 5.802415 5.820409 5.87799 5.909534 5.929501 5.944282 5.969311 6.017442 5.992616 5.978896 5.991838 5.988916 5.987336 5.985281 5.991968 6.01224 5.992814 5.883545 5.688025 5.469556 5.180817 5.111357 5.719836 5.860082 5.744497 5.134031 4.295135 5.408548 5.670475 5.391752 5.099729 4.677845 4.307797 5.146877 5.685107 5.755394 5.866212 6.057252 6.095184 6.087589 6.000962 5.802083 5.726124 5.993628 6.463133 6.462831 6.438796 7.259849 8.128359 8.38059 8.641464 8.640015 7.6466 6.544633 5.794054
5.88425 5.814535 5.81333 5.818749 5.807161 5.800442 5.792506 5.787375 5.78916 5.789031 5.85638 5.887428 5.912457 5.943287 5.976682 6.015614 6.004471 5.983109 5.97095 5.962413 5.969772 5.964149 5.964364 5.964967 5.924924 5.780149 5.545597 5.394151 5.397623 5.28102 5.522044 5.74724 5.657254 5.294658 4.161447 5.094285 5.486344 5.460129 5.285349 4.842143 4.3688 4.881981 5.595542 5.711587 5.816744 5.856412 5.862339 5.877255 5.905197 5.75834 5.773579 6.139729 6.769295 6.861934 6.522864 7.448311 8.777392 9.085913 8.731715 8.414248 7.465392 6.463456 5.648451
5.862908 5.797071 5.795845 5.809983 5.817169 5.82241 5.816593 5.815625 5.79707 5.779733 5.828258 5.863595 5.905167 5.946194 5.989469 5.990292 5.987838 5.985495 5.967215 5.946603 5.924985 5.925025 5.944138 5.893337 5.888888 5.750887 5.473604 5.399422 5.597202 5.412067 5.560871 5.696337 5.62049 5.266192 4.572938 4.99085 5.314577 5.364741 5.408778 4.824714 4.456499 4.664378 5.441506 5.657044 5.793109 5.670505 5.6101 5.676197 5.761043 5.783908 5.869159 6.298029 7.205263 7.525228 6.817693 7.470434 9.295714 9.773988 8.956836 8.011082 7.026333 6.193699 5.318368
5.865442 5.846066 5.822307 5.814074 5.817448 5.823757 5.82761 5.818874 5.773758 5.796973 5.832511 5.86528 5.899326 5.963192 5.98655 5.980509 5.967925 5.973361 5.965034 5.943641 5.902628 5.882974 5.924173 5.891863 5.838244 5.710019 5.543168 5.462403 5.611966 5.533362 5.567976 5.663982 5.577132 5.22549 4.6668 5.092302 5.333062 5.329292 5.447409 4.85748 4.46655 4.526443 5.038723 5.51434 5.672801 5.625832 5.398032 5.47895 5.638349 5.841744 6.042316 6.520738 7.722205 8.313331 7.406741 7.68749 9.435647 10.13949 9.110921 7.51463 6.484135 5.72323 4.640816
