py_wake/examples/data/AJ_ParqueFicticio/Rough survey   Sector 2   Height 200m   Weibull-A.grd
DSAA
73  159
 258469   265669
 6501692   6517492
 4.032906   8.277595
[rows 84 to 111 of 159, columns 0 to 62 of 73]
5.010344 4.990414 4.976873 4.970168 4.966351 4.961391 4.962889 4.961833 4.960669 4.969976 4.984134 4.996863 4.994587 4.996826 5.01368 5.032994 5.052922 5.074787 5.104362 5.154876 5.200493 5.247369 5.30279 5.378782 5.484764 5.618803 5.748717 5.846533 5.891654 5.892983 5.871625 5.842045 5.807284 5.758823 5.682982 5.605195 5.530088 5.505211 5.557979 5.63687 5.68914 5.696475 5.694289 5.677169 5.654253 5.639434 5.637005 5.638755 5.639612 5.635873 5.628346 5.619071 5.610877 5.590775 5.558222 5.506979 5.45778 5.426245 5.388309 5.328814 5.241068 5.125957 5.013341
4.970485 4.959566 4.947279 4.935221 4.93098 4.929502 4.931567 4.930063 4.929907 4.937758 4.955665 4.96121 4.96408 4.964046 4.992337 5.023203 5.042852 5.053046 5.077617 5.113313 5.157958 5.216218 5.288553 5.382423 5.502913 5.641064 5.763029 5.836356 5.870176 5.846433 5.829957 5.811015 5.76925 5.717056 5.637496 5.573433 5.523248 5.537198 5.61059 5.688059 5.723752 5.724168 5.709578 5.695169 5.682241 5.670703 5.661394 5.651608 5.630325 5.617737 5.611145 5.602007 5.598204 5.591868 5.569968 5.526517 5.504782 5.466869 5.413645 5.332703 5.2204 5.084305 4.967332
4.921199 4.916022 4.907906 4.899061 4.896744 4.901648 4.902544 4.898335 4.907634 4.914546 4.926775 4.932746 4.944523 4.948021 4.972628 5.00793 5.024568 5.041013 5.060872 5.077566 5.117912 5.170821 5.247998 5.34831 5.47232 5.599797 5.704093 5.783957 5.806927 5.801651 5.790737 5.765957 5.737614 5.69114 5.627809 5.574139 5.536509 5.575695 5.66864 5.728024 5.747837 5.740993 5.743003 5.736766 5.728258 5.71063 5.697867 5.678326 5.648701 5.62358 5.606599 5.609275 5.609914 5.60882 5.59018 5.565969 5.545405 5.49749 5.424642 5.322556 5.191782 5.046629 4.942586
4.87851 4.870851 4.864144 4.861303 4.857953 4.861853 4.867109 4.873127 4.881663 4.888466 4.897702 4.903305 4.915791 4.933096 4.952393 4.977755 4.999933 5.022126 5.043361 5.059887 5.093109 5.140417 5.205045 5.302945 5.420978 5.546076 5.657422 5.749819 5.789718 5.812683 5.816584 5.795525 5.766548 5.720001 5.66101 5.596694 5.573144 5.637672 5.698946 5.747328 5.76975 5.779677 5.784394 5.785301 5.770324 5.745246 5.715627 5.691101 5.653493 5.614058 5.594497 5.608007 5.622981 5.622478 5.617216 5.593805 5.552001 5.490292 5.39389 5.29233 5.160456 5.034577 4.968636
4.846884 4.831302 4.822516 4.82254 4.822037 4.818345 4.822649 4.827728 4.837964 4.850997 4.865367 4.873574 4.890632 4.914894 4.931586 4.940868 4.96427 4.995411 5.02213 5.053095 5.091623 5.140675 5.217506 5.314451 5.430023 5.5615 5.694976 5.814794 5.884377 5.911045 5.897645 5.870615 5.815625 5.760046 5.694295 5.629246 5.631227 5.693216 5.744363 5.784139 5.811322 5.830935 5.827211 5.803835 5.768275 5.7309 5.699219 5.664546 5.616719 5.571007 5.553122 5.569398 5.595018 5.599657 5.588651 5.55175 5.492836 5.430426 5.345719 5.243119 5.134315 5.045024 5.039839
4.818495 4.796878 4.789795 4.79045 4.790971 4.783868 4.788261 4.782365 4.792391 4.811436 4.83378 4.850039 4.864506 4.896187 4.917608 4.914486 4.932499 4.96874 5.009694 5.057551 5.121504 5.194801 5.297803 5.424013 5.558733 5.686478 5.839673 5.969498 6.04552 6.049068 6.009268 5.938999 5.864466 5.781567 5.702677 5.651663 5.674526 5.75373 5.805263 5.844777 5.870028 5.86995 5.843023 5.793608 5.744652 5.708712 5.672304 5.627089 5.566519 5.526981 5.511826 5.52688 5.522206 5.524832 5.510775 5.465221 5.388853 5.329212 5.259431 5.195742 5.118204 5.067794 5.093339
4.793411 4.776089 4.770162 4.754828 4.755511 4.759414 4.760115 4.759411 4.761462 4.774688 4.801584 4.824542 4.850675 4.873549 4.902085 4.911298 4.926319 4.959486 5.019631 5.093367 5.190171 5.303922 5.44547 5.613774 5.769668 5.908863 6.045227 6.164805 6.2142 6.181751 6.099715 6.003458 5.9109 5.814755 5.723939 5.707507 5.740863 5.805748 5.869959 5.91582 5.931409 5.913644 5.862534 5.808691 5.785542 5.773113 5.73596 5.685217 5.604358 5.555077 5.557875 5.56357 5.544034 5.509093 5.455783 5.377507 5.285072 5.219546 5.183759 5.169888 5.135827 5.12007 5.145175
4.776782 4.756589 4.747986 4.732624 4.725945 4.731029 4.738207 4.747463 4.75527 4.763436 4.781127 4.805037 4.836915 4.869215 4.898356 4.91503 4.936317 4.9882 5.072084 5.172791 5.304245 5.46397 5.63903 5.834076 6.008919 6.134319 6.253349 6.342015 6.347908 6.277089 6.172077 6.066395 5.962295 5.858276 5.774578 5.802478 5.815923 5.866061 5.938274 5.9892 5.997761 5.961415 5.914251 5.886184 5.890955 5.875003 5.822113 5.770682 5.706331 5.669932 5.687675 5.678005 5.635654 5.582633 5.48174 5.354887 5.263436 5.227614 5.235225 5.242567 5.216017 5.204195 5.217567
4.75546 4.732434 4.719075 4.707186 4.70123 4.715494 4.733552 4.742571 4.756953 4.76623 4.782301 4.808731 4.837431 4.875993 4.917662 4.9381 4.983521 5.070816 5.190201 5.317504 5.466005 5.654235 5.86323 6.054847 6.220155 6.329976 6.426472 6.479604 6.44388 6.348095 6.232073 6.114823 5.987172 5.867345 5.81767 5.870485 5.90136 5.940948 6.003639 6.061332 6.063732 6.034517 6.009508 6.006621 5.995889 5.962948 5.899436 5.842974 5.810657 5.81637 5.840715 5.831735 5.779617 5.702133 5.603677 5.496302 5.426162 5.41077 5.412121 5.389116 5.340787 5.298173 5.293827
4.725732 4.706896 4.694584 4.685415 4.690558 4.707652 4.72983 4.744731 4.762997 4.780212 4.794028 4.813506 4.85351 4.898386 4.949156 5.005984 5.079654 5.209787 5.369127 5.52146 5.674175 5.856843 6.06443 6.256311 6.406252 6.492866 6.563542 6.582578 6.508109 6.378683 6.24609 6.102565 5.975651 5.870025 5.88017 5.94802 5.983053 6.009333 6.079847 6.141937 6.155596 6.143854 6.122863 6.105214 6.067693 5.999606 5.930677 5.880873 5.889863 5.913119 5.926209 5.914076 5.857396 5.784736 5.722489 5.668007 5.637795 5.613807 5.576165 5.515729 5.448864 5.389296 5.37208
4.693486 4.684056 4.671799 4.670451 4.679266 4.703282 4.729983 4.750213 4.774796 4.797538 4.811024 4.834127 4.878741 4.939128 5.013241 5.097931 5.224014 5.398243 5.587202 5.758929 5.906353 6.057454 6.249961 6.429583 6.562971 6.626141 6.660183 6.638608 6.506597 6.352019 6.199248 6.058342 5.950053 5.902362 5.948644 6.031306 6.067975 6.107412 6.181465 6.245364 6.263645 6.23552 6.190737 6.137741 6.061626 5.972906 5.917426 5.90611 5.927038 5.936001 5.926981 5.892417 5.854768 5.827825 5.794116 5.770114 5.752631 5.715703 5.662993 5.597651 5.525961 5.462233 5.438708
4.659192 4.654983 4.656464 4.66617 4.679704 4.706986 4.738216 4.775549 4.801031 4.822021 4.846917 4.875729 4.93107 5.005942 5.103921 5.228229 5.399986 5.599913 5.81088 5.993229 6.134414 6.263225 6.419177 6.578805 6.686316 6.713197 6.685669 6.582831 6.424292 6.255219 6.113096 6.006656 5.944881 5.970787 6.040521 6.126293 6.169056 6.211215 6.278322 6.331779 6.316091 6.244312 6.175223 6.092597 6.012568 5.940945 5.911614 5.914045 5.906365 5.890454 5.858959 5.824072 5.785763 5.767316 5.769753 5.782476 5.782738 5.754153 5.714535 5.656447 5.584386 5.517018 5.476503
4.629413 4.637436 4.656259 4.679228 4.702191 4.729744 4.761907 4.8012 4.840067 4.863349 4.895411 4.937036 5.015519 5.121246 5.247185 5.396752 5.581834 5.791513 6.012117 6.204104 6.351941 6.461663 6.583557 6.694428 6.752901 6.706128 6.575531 6.40862 6.238565 6.103979 6.023146 5.992695 6.005802 6.081965 6.175684 6.237325 6.289497 6.327052 6.349151 6.377176 6.297526 6.184681 6.080539 5.994555 5.933544 5.900086 5.873775 5.84774 5.812732 5.774831 5.732672 5.688453 5.630399 5.6001 5.654235 5.703073 5.734127 5.742373 5.741726 5.695276 5.615671 5.536639 5.480599
4.611882 4.63678 4.667892 4.700285 4.735538 4.773736 4.804626 4.841291 4.886729 4.924695 4.973819 5.036379 5.140414 5.279934 5.444309 5.607852 5.777474 5.979102 6.204853 6.404082 6.537134 6.61458 6.699037 6.763695 6.733194 6.585259 6.389955 6.204048 6.081886 6.032475 6.045357 6.086854 6.1295 6.214965 6.301493 6.35098 6.403865 6.400201 6.351806 6.306149 6.197515 6.069442 5.950065 5.873671 5.813007 5.769513 5.71022 5.66759 5.610427 5.57018 5.535386 5.472946 5.432745 5.444757 5.524954 5.592327 5.641704 5.667932 5.689711 5.679744 5.619783 5.533432 5.450865
4.623386 4.656363 4.693735 4.732873 4.769128 4.827316 4.871153 4.901381 4.954521 5.016253 5.091625 5.182066 5.324809 5.502787 5.695003 5.862461 6.022105 6.208939 6.414122 6.588564 6.697842 6.736966 6.773908 6.770231 6.648446 6.449347 6.255761 6.146709 6.143992 6.18005 6.222361 6.244578 6.278351 6.310816 6.353413 6.384332 6.390035 6.337265 6.251146 6.169153 6.057906 5.931519 5.814708 5.729656 5.672952 5.597559 5.501611 5.424314 5.367043 5.352467 5.342732 5.336858 5.358396 5.443357 5.544433 5.632104 5.666675 5.684443 5.673413 5.656126 5.610056 5.528821 5.432586
4.656708 4.689241 4.744201 4.787677 4.832406 4.894296 4.961188 4.998843 5.061681 5.149481 5.247676 5.383962 5.561173 5.768645 5.98283 6.156914 6.31472 6.478447 6.65049 6.782088 6.83985 6.846648 6.823676 6.728161 6.53816 6.356026 6.253518 6.286669 6.360201 6.41051 6.405877 6.373043 6.369125 6.343035 6.340092 6.325009 6.248896 6.154431 6.077742 6.003908 5.896271 5.772592 5.672197 5.582959 5.535622 5.459786 5.365076 5.263575 5.229511 5.24026 5.291428 5.370012 5.480536 5.622351 5.734674 5.820831 5.852193 5.862166 5.803541 5.767563 5.717569 5.62382 5.495224
4.722889 4.771565 4.826296 4.879585 4.9341 4.998617 5.077861 5.150112 5.220566 5.32655 5.462845 5.635994 5.835919 6.061563 6.279875 6.463138 6.62273 6.767015 6.885391 6.967336 6.974175 6.920254 6.820817 6.642551 6.467914 6.379273 6.408742 6.506193 6.592463 6.584104 6.515632 6.439493 6.401818 6.352956 6.299395 6.2187 6.097302 5.986831 5.886812 5.816012 5.713228 5.60861 5.533247 5.486801 5.445114 5.373186 5.28879 5.238504 5.255636 5.328574 5.441285 5.570895 5.707068 5.871046 5.984481 6.057918 6.07934 6.062791 6.015165 5.963857 5.872875 5.701147 5.536823
4.813593 4.879738 4.932647 5.003794 5.074715 5.143059 5.23638 5.334598 5.423748 5.554269 5.731937 5.927092 6.14849 6.36844 6.58249 6.767214 6.917871 7.031842 7.106249 7.129906 7.073389 6.945291 6.77089 6.602733 6.524532 6.55506 6.651311 6.729259 6.734078 6.649138 6.529095 6.43587 6.385701 6.331713 6.267075 6.141159 6.002294 5.869371 5.743613 5.625821 5.539105 5.491484 5.475832 5.491784 5.468287 5.416378 5.364081 5.364531 5.428477 5.538598 5.679623 5.821233 5.990984 6.129857 6.225554 6.269547 6.271092 6.23341 6.167073 6.067816 5.895597 5.687712 5.562852
4.921753 4.991154 5.06316 5.148014 5.242343 5.322788 5.414967 5.54425 5.667687 5.814776 6.030107 6.234709 6.462162 6.692465 6.886839 7.052616 7.172644 7.25562 7.291931 7.255191 7.13117 6.961325 6.798262 6.700868 6.717345 6.789123 6.848143 6.839925 6.750447 6.621116 6.483328 6.397608 6.349786 6.289657 6.188669 6.055581 5.915196 5.760687 5.621848 5.508298 5.483902 5.514392 5.568989 5.605513 5.582191 5.561176 5.558498 5.613297 5.705155 5.801758 5.945289 6.096893 6.241086 6.347794 6.403559 6.397108 6.359174 6.288865 6.180623 6.043557 5.854115 5.693877 5.674014
5.034339 5.111997 5.199458 5.307914 5.421072 5.502539 5.594279 5.738693 5.901502 6.085059 6.316904 6.546902 6.772365 7.00114 7.180867 7.319326 7.39199 7.432394 7.430669 7.356446 7.214561 7.064438 6.949562 6.913921 6.949964 6.976812 6.940924 6.828918 6.682877 6.540487 6.425358 6.358813 6.308765 6.221097 6.104952 5.965979 5.81936 5.663215 5.529942 5.500205 5.559158 5.639831 5.712624 5.728318 5.722507 5.716845 5.755789 5.859604 5.962906 6.073323 6.202932 6.337712 6.441158 6.496894 6.492418 6.442986 6.377996 6.280232 6.158223 6.009583 5.859372 5.763433 5.80472
5.113432 5.221646 5.341595 5.468036 5.579285 5.661813 5.759346 5.916235 6.111008 6.321928 6.56189 6.810887 7.052249 7.271631 7.436434 7.541981 7.584952 7.583916 7.552702 7.473652 7.352044 7.271377 7.205617 7.159957 7.116877 7.054811 6.935241 6.783275 6.641709 6.527418 6.433204 6.377821 6.298795 6.182885 6.054528 5.909637 5.753016 5.598341 5.506519 5.556121 5.668383 5.77024 5.807008 5.78911 5.80622 5.856309 5.968529 6.105944 6.221323 6.337037 6.459563 6.566214 6.632916 6.639767 6.597966 6.536759 6.457462 6.329665 6.199323 6.051909 5.908409 5.828719 5.849257
5.19851 5.317357 5.453013 5.585648 5.70476 5.789344 5.912336 6.108642 6.311989 6.527299 6.771394 7.033206 7.284876 7.486722 7.62351 7.71656 7.766524 7.749331 7.701002 7.631946 7.557579 7.485113 7.409918 7.325941 7.198578 7.038265 6.911473 6.790265 6.69095 6.598731 6.535798 6.444998 6.31236 6.176239 6.02891 5.862148 5.705525 5.571997 5.537761 5.624166 5.755761 5.847264 5.863052 5.876389 5.958557 6.089715 6.231248 6.374263 6.496106 6.605103 6.720324 6.811085 6.852077 6.841104 6.785625 6.705645 6.574939 6.422167 6.2587 6.098431 5.944241 5.841348 5.817271
5.325597 5.427954 5.55231 5.680237 5.812093 5.934723 6.089327 6.300314 6.512009 6.739522 6.982393 7.23469 7.459394 7.635338 7.739841 7.800318 7.837751 7.830182 7.774515 7.70637 7.638981 7.550126 7.452356 7.334919 7.195846 7.036467 6.923321 6.844204 6.783354 6.730129 6.637698 6.49078 6.312982 6.138752 5.972692 5.81503 5.675871 5.589633 5.595784 5.703338 5.83995 5.927287 5.98018 6.083113 6.23582 6.411631 6.55686 6.650108 6.750567 6.861832 6.970365 7.057488 7.088377 7.054171 6.969123 6.841488 6.659992 6.45326 6.25983 6.098603 5.940137 5.820796 5.774728
5.510573 5.598587 5.698948 5.818227 5.953674 6.121192 6.317202 6.516501 6.723556 6.94203 7.17915 7.406292 7.590212 7.709842 7.757097 7.759477 7.766912 7.755125 7.710913 7.659434 7.59038 7.498083 7.376522 7.278138 7.195492 7.105941 7.01823 6.956887 6.91755 6.825326 6.676226 6.496064 6.300788 6.117282 5.947584 5.797359 5.683627 5.661818 5.706275 5.823723 5.973867 6.102018 6.218941 6.419115 6.603914 6.773933 6.885666 6.942477 6.995803 7.078621 7.160684 7.248147 7.254167 7.161709 7.031529 6.834445 6.604436 6.385091 6.200692 6.049942 5.908236 5.788565 5.731221
5.744923 5.822152 5.915904 6.033224 6.173438 6.347288 6.541298 6.738088 6.921894 7.11919 7.332702 7.525834 7.656158 7.701097 7.668893 7.606651 7.582376 7.568392 7.546465 7.518551 7.489339 7.418445 7.309635 7.239756 7.198252 7.157834 7.119918 7.082866 7.031052 6.906981 6.723728 6.513089 6.29059 6.103317 5.936584 5.814546 5.756982 5.787088 5.874716 6.003197 6.19253 6.37286 6.583243 6.800199 6.975918 7.104661 7.165931 7.18001 7.204213 7.250586 7.302036 7.327847 7.251727 7.073631 6.87144 6.649601 6.430768 6.247107 6.106064 5.984833 5.859778 5.745469 5.710392
6.050693 6.121905 6.196305 6.28054 6.398315 6.553698 6.727065 6.905508 7.065794 7.239314 7.424801 7.573283 7.644942 7.608478 7.521461 7.437253 7.36217 7.339437 7.342325 7.35205 7.3584 7.321435 7.223798 7.175169 7.162428 7.165184 7.189435 7.189076 7.096087 6.924821 6.699269 6.450437 6.22297 6.031827 5.905416 5.842481 5.865077 5.967391 6.104771 6.287569 6.499247 6.719911 6.952135 7.137613 7.262741 7.333841 7.341239 7.328725 7.331277 7.365548 7.37454 7.308688 7.12983 6.867521 6.607491 6.378731 6.205537 6.073065 5.980669 5.904142 5.792408 5.69934 5.700422
6.333406 6.400301 6.444514 6.506781 6.593191 6.705218 6.860613 7.015125 7.178583 7.329703 7.48175 7.588442 7.591234 7.51723 7.413848 7.307867 7.215993 7.154598 7.149684 7.186262 7.225091 7.214293 7.146167 7.119382 7.119379 7.158732 7.214719 7.202034 7.068837 6.837578 6.563622 6.31217 6.102633 5.970361 5.911921 5.923982 6.011375 6.175193 6.363708 6.596797 6.833101 7.056787 7.245182 7.366642 7.420196 7.410378 7.363699 7.321065 7.320434 7.338353 7.32107 7.182602 6.911227 6.622874 6.352849 6.141579 5.99926 5.908812 5.845845 5.781576 5.69472 5.646236 5.707055
6.556516 6.591998 6.617373 6.66295 6.729907 6.824906 6.966724 7.122171 7.288511 7.432205 7.55197 7.625183 7.591478 7.498539 7.393146 7.26137 7.139352 7.082589 7.072116 7.083422 7.119959 7.136507 7.110836 7.111191 7.158302 7.199369 7.208381 7.130856 6.931904 6.67994 6.430954 6.212052 6.078785 6.016672 6.020003 6.081636 6.207834 6.420067 6.642424 6.908694 7.136983 7.327288 7.446451 7.485578 7.457409 7.379646 7.300308 7.242514 7.228828 7.221189 7.130929 6.927127 6.630702 6.357083 6.129734 5.968387 5.85745 5.79043 5.744048 5.685319 5.622303 5.623006 5.719887
