py_wake/examples/data/AJ_ParqueFicticio/Rough survey   Sector 1   Height 30m   Mean speed.grd
DSAA
73  159
 258469   265669
 6501692   6517492
 .3484707   7.297954
[rows 28 to 55 of 159, columns 0 to 62 of 73]
3.301445 3.313017 3.310788 3.310549 3.310305 3.307908 3.313319 3.317914 3.344934 3.350777 3.35336 3.355568 3.348326 3.343238 3.346381 3.35528 3.351445 3.345867 3.344413 3.340564 3.33423 3.335221 3.318361 3.326829 3.336061 3.318278 3.307805 3.267607 3.27139 3.258373 3.226428 3.199126 3.111311 3.000641 3.030773 3.161608 3.231813 3.172883 3.143229 3.048489 2.98158 2.979617 2.983805 3.011738 3.068055 3.089262 3.028884 2.93325 2.927897 2.98267 3.044417 3.215407 3.443596 3.583427 3.423243 3.483457 3.668957 3.809825 3.726037 3.516582 3.219709 2.993786 2.732894
3.28358 3.29524 3.301721 3.306657 3.306631 3.311152 3.317533 3.319461 3.339144 3.354696 3.357424 3.362108 3.368815 3.363878 3.363943 3.36729 3.363221 3.360317 3.36331 3.361949 3.372188 3.353905 3.333894 3.334934 3.3419 3.335402 3.323157 3.294517 3.286674 3.285714 3.278006 3.2522 3.214382 3.171663 3.290282 3.360201 3.282049 3.238229 3.214827 3.138637 3.070103 3.055335 3.045753 3.003328 3.067503 3.168289 3.288367 3.383429 3.546271 3.685987 3.691166 3.621121 3.660885 3.805467 3.86139 3.933225 4.107879 4.045212 3.926517 3.761924 3.505491 3.193873 2.933817
3.271674 3.282936 3.286026 3.297297 3.303343 3.30608 3.311371 3.310122 3.324665 3.334361 3.346479 3.350159 3.344391 3.330277 3.352563 3.366131 3.364874 3.365047 3.374475 3.36887 3.376263 3.364628 3.353596 3.346081 3.357283 3.352943 3.338581 3.323476 3.313126 3.33262 3.34406 3.348212 3.357682 3.257708 3.282596 3.254156 3.259327 3.283755 3.275542 3.241723 3.129455 3.078667 3.119653 3.136254 3.083089 3.170747 3.398306 3.707794 4.037909 4.344311 4.498539 4.522091 4.329847 4.244774 4.335028 4.238221 4.115236 3.849148 3.627714 3.416289 3.202317 3.074077 3.049013
3.259586 3.271809 3.279694 3.290987 3.291166 3.292731 3.297574 3.298707 3.30684 3.31904 3.326309 3.329504 3.329243 3.326071 3.340489 3.358763 3.368502 3.367733 3.366362 3.368437 3.380491 3.372723 3.369153 3.36292 3.363786 3.365703 3.358867 3.348382 3.343186 3.374756 3.352314 3.332797 3.28405 3.277249 3.283503 3.251166 3.242102 3.287308 3.28071 3.261818 3.208999 3.147627 3.185857 3.214599 3.261648 3.2521 3.277867 3.491254 3.822323 4.155618 4.509688 4.743338 4.852365 4.714766 4.466294 4.218925 3.907107 3.587854 3.234722 3.062518 3.031521 2.926032 3.257626
3.256062 3.268781 3.273682 3.283693 3.284972 3.288442 3.283157 3.286547 3.296198 3.304254 3.310844 3.311121 3.306915 3.326524 3.33645 3.351108 3.367953 3.370457 3.368051 3.380344 3.385646 3.381941 3.381057 3.375683 3.370655 3.376287 3.376962 3.392882 3.396208 3.367818 3.362497 3.35494 3.324447 3.312472 3.314324 3.301294 3.252728 3.24383 3.19422 3.216756 3.211697 3.124258 3.122587 3.235609 3.299803 3.438904 3.509911 3.45083 3.39374 3.395355 3.56232 3.831313 4.152264 4.301024 4.215691 3.986433 3.695783 3.39437 3.062269 2.962279 2.971254 3.161671 3.543417
3.278765 3.268931 3.274401 3.273731 3.281013 3.285336 3.29252 3.294157 3.293681 3.29812 3.301222 3.295542 3.298522 3.325328 3.337129 3.358171 3.367478 3.360922 3.370414 3.383614 3.39413 3.384785 3.379929 3.382098 3.376317 3.375877 3.381383 3.372972 3.392538 3.376904 3.370594 3.366101 3.34109 3.318601 3.333341 3.364145 3.301636 3.22725 3.205039 3.24269 3.20196 3.161174 3.01354 3.032612 3.231304 3.352705 3.532613 3.558666 3.413983 3.182842 2.996425 2.956926 3.134068 3.44439 3.722291 3.798049 3.504982 3.236755 3.097374 3.094366 3.178436 3.509399 3.82935
3.293525 3.276702 3.273648 3.269821 3.271771 3.269327 3.274774 3.282011 3.286242 3.290889 3.290527 3.30001 3.303199 3.342798 3.352468 3.361392 3.365066 3.360631 3.385164 3.399345 3.389488 3.381592 3.373597 3.376778 3.376535 3.381967 3.379336 3.378103 3.389328 3.382547 3.378433 3.374345 3.350147 3.323013 3.310236 3.355919 3.34588 3.305123 3.22065 3.210519 3.104907 3.071603 3.030547 2.902883 2.999762 3.212582 3.373966 3.477626 3.543318 3.656929 3.666322 3.566877 3.384997 3.335983 3.491996 3.644313 3.666865 3.687915 3.69818 3.696588 3.611516 3.702198 3.898974
3.282269 3.266249 3.263466 3.262934 3.264344 3.256092 3.259248 3.269237 3.276011 3.276368 3.281051 3.291172 3.305113 3.332363 3.345795 3.349438 3.354447 3.348778 3.394697 3.393503 3.375325 3.362841 3.3613 3.366819 3.37376 3.380642 3.38311 3.387743 3.396554 3.395506 3.385572 3.378116 3.367139 3.347807 3.331759 3.310585 3.358477 3.372925 3.245172 3.139518 3.017419 2.951425 2.905444 2.929377 2.877021 3.180676 3.530023 3.837071 4.098454 4.270374 4.547881 4.742883 4.760419 4.49598 4.185748 4.119634 4.160486 4.340986 4.288022 4.076221 3.916658 4.022315 4.072332
3.253854 3.24356 3.247457 3.250875 3.259894 3.270059 3.280978 3.274043 3.264857 3.264652 3.259444 3.267533 3.282293 3.304712 3.30922 3.311613 3.310768 3.284918 3.31259 3.353902 3.339718 3.337158 3.345028 3.361808 3.370441 3.373377 3.386139 3.393467 3.405124 3.409715 3.402435 3.387759 3.388778 3.43017 3.429021 3.397825 3.440096 3.465578 3.447396 3.392241 3.327064 3.257692 3.197324 3.163184 3.026631 3.014881 3.511217 4.056458 4.557745 4.925482 5.126342 5.250912 5.28518 5.177602 4.875252 4.584346 4.474664 4.514108 4.460964 4.376125 4.628956 4.804587 4.775129
3.215858 3.213337 3.225609 3.234983 3.244916 3.265678 3.267197 3.262873 3.259275 3.249243 3.246921 3.242896 3.251862 3.272141 3.276179 3.27727 3.266332 3.224221 3.201576 3.232155 3.280591 3.298084 3.322551 3.346088 3.348251 3.368859 3.383015 3.395144 3.407387 3.416439 3.425343 3.430593 3.447666 3.471275 3.481362 3.462355 3.472233 3.467966 3.537084 3.568821 3.650657 3.81899 3.879864 3.783971 3.532401 3.057786 3.010894 3.401281 3.91984 4.299438 4.436488 4.546556 4.72456 4.815096 4.794811 4.699357 4.597767 4.566483 4.658529 4.864988 5.433171 5.769785 5.785314
3.209547 3.204208 3.210865 3.220268 3.217923 3.211758 3.225747 3.237271 3.245527 3.248583 3.2422 3.226936 3.234408 3.264563 3.265418 3.258802 3.243923 3.213711 3.177092 3.168278 3.242317 3.271988 3.310503 3.334769 3.34003 3.365578 3.385238 3.397109 3.397005 3.405515 3.41146 3.427323 3.477981 3.508965 3.543486 3.542941 3.500109 3.519024 3.613816 3.663959 3.762316 3.96615 4.203205 4.346138 4.239216 3.884658 3.254656 2.953099 2.955825 3.151882 3.196568 3.258549 3.436192 3.817622 4.22265 4.382964 4.493522 4.659212 4.902256 5.40585 5.997037 6.321482 6.422943
3.206885 3.20889 3.209981 3.217809 3.223434 3.207661 3.237445 3.233595 3.241686 3.245534 3.250841 3.249858 3.294203 3.295538 3.274935 3.267903 3.25081 3.239092 3.230984 3.272698 3.304624 3.286616 3.305371 3.327148 3.351545 3.370237 3.380571 3.387666 3.394871 3.404132 3.423341 3.450594 3.491131 3.533499 3.541848 3.607331 3.596327 3.646138 3.687229 3.729028 3.848048 4.040753 4.296701 4.536053 4.701528 4.504452 4.223537 3.835425 3.294976 3.211148 3.273845 3.413522 3.580704 3.739828 4.13309 4.512961 4.738471 4.911375 5.227835 5.578802 5.859182 6.216559 6.444069
3.216622 3.214941 3.210213 3.218965 3.240976 3.265265 3.269105 3.24624 3.235701 3.241268 3.261688 3.289629 3.33362 3.301187 3.277187 3.258142 3.255536 3.265058 3.273246 3.330373 3.332158 3.298783 3.291473 3.296338 3.322484 3.346309 3.36068 3.384802 3.405746 3.440799 3.479139 3.502242 3.518355 3.538541 3.574145 3.624223 3.642418 3.736335 3.832539 4.019853 4.270367 4.514462 4.713386 4.870612 5.022345 5.138497 5.115757 5.10999 4.768586 4.347678 4.327854 4.574678 4.824876 4.975676 5.0101 4.951142 5.035436 5.257843 5.458033 5.314251 5.292253 5.539525 5.769518
3.242633 3.215167 3.204747 3.202307 3.216933 3.216693 3.2426 3.234481 3.215252 3.212769 3.221384 3.21919 3.249008 3.243585 3.239093 3.240857 3.24811 3.25499 3.268071 3.315366 3.321771 3.303123 3.275514 3.232154 3.23571 3.297221 3.344223 3.392773 3.420255 3.469921 3.512082 3.540601 3.572413 3.601558 3.629074 3.674608 3.74835 3.809838 3.984257 4.302186 4.648024 4.973386 5.210762 5.398252 5.545719 5.84156 5.974869 5.965947 5.976373 5.767649 5.594033 5.480801 5.527404 5.594685 5.491787 5.345561 5.202683 5.389229 5.365806 4.912129 4.292397 4.140394 4.534202
3.253488 3.224947 3.203328 3.175681 3.158953 3.188682 3.215771 3.190943 3.171701 3.173137 3.164614 3.142358 3.128346 3.181371 3.205797 3.211988 3.22443 3.23006 3.249968 3.286777 3.297404 3.298206 3.280998 3.27192 3.294614 3.330778 3.354916 3.389205 3.420218 3.473733 3.510741 3.549984 3.570096 3.642822 3.704473 3.758006 3.842281 3.930144 4.05783 4.243699 4.518955 4.67755 4.884538 5.109598 5.368608 5.616158 5.797354 5.710049 5.752576 5.747308 5.713865 5.6677 5.555329 5.390205 5.107437 5.025218 5.009808 5.234392 5.340095 4.92474 4.253063 3.632402 3.533967
3.250833 3.2332 3.208476 3.173699 3.135818 3.127755 3.171067 3.144333 3.13875 3.150731 3.153316 3.134723 3.160085 3.198565 3.199534 3.195143 3.198259 3.195969 3.211151 3.237258 3.255506 3.269155 3.292731 3.35571 3.386556 3.365069 3.361814 3.377357 3.386343 3.44791 3.505785 3.526841 3.585678 3.66174 3.711217 3.75496 3.816375 3.840838 3.824826 3.765232 3.899749 3.996197 4.102024 4.360433 4.519143 4.489435 4.152742 4.097898 4.2601 4.437035 4.587165 4.500788 4.214486 3.897561 3.923707 4.254113 4.765858 5.099404 5.062563 4.822094 4.3566 3.754947 3.145781
3.250973 3.240095 3.226242 3.189654 3.188414 3.148517 3.120996 3.108934 3.135777 3.1628 3.192381 3.234911 3.239529 3.230347 3.204373 3.195864 3.17454 3.166891 3.170235 3.196439 3.205686 3.223134 3.236076 3.249225 3.318434 3.315056 3.325439 3.343125 3.378808 3.463968 3.490263 3.506723 3.596234 3.656186 3.656242 3.699905 3.756409 3.762603 3.696935 3.547058 3.422123 3.517872 3.597432 3.542676 3.222225 2.835301 2.687213 2.648197 2.725643 2.873194 2.894162 2.85906 2.951269 3.244124 3.605313 4.089733 4.548593 4.875509 4.913636 4.629405 4.195046 3.672178 3.173265
3.239649 3.237794 3.227297 3.198593 3.229928 3.229753 3.208131 3.139746 3.138104 3.175111 3.216465 3.260676 3.271027 3.249306 3.219013 3.191117 3.166429 3.155644 3.148208 3.161794 3.1721 3.177038 3.156668 3.132746 3.160446 3.216632 3.247752 3.261924 3.296398 3.364749 3.395674 3.408059 3.512832 3.574989 3.567312 3.619422 3.689004 3.720679 3.694315 3.578614 3.370382 3.248395 3.137432 2.874651 2.674807 2.713778 3.042952 3.416124 3.515947 3.380234 3.39966 3.339031 3.470468 3.869567 4.441669 4.577444 4.584384 4.383297 4.322564 4.446785 4.383379 4.18591 3.875651
3.222332 3.226151 3.234476 3.232296 3.240038 3.248098 3.217875 3.159758 3.135699 3.147311 3.192058 3.231319 3.260044 3.24773 3.19822 3.166098 3.157418 3.157894 3.163772 3.199701 3.18811 3.167748 3.153642 3.130576 3.160084 3.199729 3.185882 3.17963 3.17758 3.191385 3.208606 3.197708 3.231646 3.377239 3.396834 3.504851 3.580783 3.622104 3.665138 3.721446 3.651058 3.488218 3.367734 3.524519 3.938851 4.368298 4.701997 4.979038 4.922462 4.806845 4.571563 4.447272 4.473838 4.759536 5.078625 5.101674 4.766136 4.172669 3.664842 3.582773 3.927098 4.229135 4.343792
3.201521 3.200127 3.203582 3.1927 3.201595 3.215252 3.211805 3.174236 3.143852 3.121961 3.147549 3.195624 3.241275 3.219826 3.158061 3.131633 3.136019 3.156034 3.178004 3.21732 3.181587 3.157694 3.175081 3.231017 3.259109 3.199944 3.131196 3.099548 3.092859 3.077118 3.083167 3.082674 3.073178 3.178433 3.185963 3.314435 3.427886 3.509881 3.596435 3.730704 3.883156 4.027941 4.203023 4.392231 4.634187 4.803943 4.760926 4.544065 4.211568 4.076567 4.193312 4.631678 5.083797 5.206141 5.207834 5.171299 5.018738 4.677046 4.154357 3.489353 3.114911 3.195972 3.612444
3.182631 3.171342 3.161884 3.168014 3.164586 3.17988 3.188573 3.188489 3.172441 3.175287 3.164078 3.142084 3.172274 3.17061 3.098966 3.090786 3.097074 3.112782 3.141774 3.157619 3.122518 3.110362 3.104969 3.080586 3.119239 3.112804 3.02623 3.032753 3.049195 3.074823 3.095363 3.074415 3.070506 3.139205 3.149871 3.225129 3.317959 3.379933 3.436231 3.561307 3.745699 3.917036 4.053254 4.262743 4.342139 4.10835 3.66624 3.379016 3.355432 3.519361 3.972506 4.618728 5.0197 5.192242 5.004111 4.784561 4.707517 4.882616 4.771454 4.33346 3.663743 2.948165 2.615891
3.178454 3.155891 3.129252 3.132074 3.150802 3.172548 3.183454 3.179318 3.172994 3.173349 3.147918 3.125432 3.073836 3.062583 3.056344 3.062016 3.070308 3.054156 3.038609 3.079271 3.049478 3.03937 3.018311 2.992003 2.955447 2.969768 2.958957 2.975749 2.997532 3.001272 3.050826 3.116083 3.229245 3.244267 3.195343 3.249087 3.288799 3.276734 3.255429 3.271989 3.28522 3.338446 3.282202 3.295754 3.189537 3.077767 3.139944 3.465876 3.925841 4.370265 4.681682 4.711337 4.815747 4.733523 4.319642 3.960313 3.930486 4.16436 4.36741 4.639615 4.330392 3.802361 3.013467
3.174121 3.167882 3.158476 3.194346 3.183927 3.193603 3.194199 3.19051 3.194659 3.190073 3.171796 3.14624 3.098521 3.104178 3.084826 3.075898 3.091896 3.070096 3.068509 3.080441 3.035618 3.021727 3.016292 3.021345 3.054005 3.058965 2.980356 2.956195 2.970668 2.976314 2.975616 3.00071 3.041198 3.063264 3.059992 3.137269 3.193187 3.130862 3.088567 3.079355 3.040597 3.102249 3.110439 3.107409 3.148724 3.252985 3.684936 4.190271 4.602337 4.851609 4.891015 4.725201 4.415563 4.272255 3.948128 3.429765 3.189625 3.38375 3.68244 4.105031 4.442253 4.346924 4.088742
3.154993 3.169174 3.178006 3.207074 3.199894 3.199312 3.205802 3.210676 3.208917 3.215765 3.207742 3.203125 3.181806 3.144188 3.117908 3.102058 3.123838 3.151017 3.178977 3.143468 3.081742 3.038407 3.039512 3.070261 3.111015 3.094859 3.027866 3.0006 3.00637 2.983842 2.922051 2.853409 2.817764 2.775608 2.784556 2.837716 2.917729 2.880167 2.881552 2.890475 2.886454 3.064476 3.254003 3.451821 3.685637 3.96559 4.222356 4.455779 4.58561 4.554644 4.426732 4.272519 4.007009 3.817606 3.804609 3.487494 2.979181 2.760317 2.965692 3.388135 3.897175 4.318363 4.46547
3.131439 3.14123 3.151627 3.177585 3.187965 3.18738 3.18839 3.191707 3.209967 3.222044 3.225678 3.211473 3.194222 3.163492 3.128222 3.094378 3.084691 3.107331 3.111298 3.142651 3.138685 3.094171 3.105581 3.15133 3.150749 3.128183 3.125511 3.136266 3.089073 3.013962 2.943833 2.920232 2.841344 2.698459 2.598979 2.547153 2.528965 2.627628 2.757686 2.711706 2.668073 2.752195 2.95329 3.264198 3.603037 3.940328 4.176826 4.236955 4.227186 4.172772 4.075276 3.971072 3.75372 3.622612 3.6462 3.741413 3.391578 2.808597 2.664452 2.898052 3.335031 3.739025 4.007357
3.12022 3.129228 3.155913 3.168259 3.17933 3.183068 3.194857 3.195209 3.211343 3.223536 3.231508 3.219327 3.194715 3.17075 3.144057 3.102885 3.074879 3.079283 3.088574 3.114709 3.171055 3.203835 3.207893 3.19715 3.193066 3.177704 3.18547 3.183406 3.128576 3.043831 3.011618 3.000916 2.975119 2.889511 2.810642 2.833475 2.794469 2.658935 2.784863 2.89749 2.716661 2.565645 2.617573 2.814885 3.102208 3.394372 3.600829 3.779052 3.871763 3.994374 4.094823 4.042749 3.670987 3.559122 3.417584 3.558615 3.679955 3.466619 3.118716 2.99746 3.048743 3.291546 3.426291
3.128836 3.146301 3.183013 3.183414 3.184949 3.197452 3.220539 3.213091 3.215591 3.226495 3.230352 3.220138 3.193364 3.171507 3.167296 3.16727 3.181009 3.158269 3.119079 3.090794 3.092761 3.113465 3.115121 3.168504 3.197641 3.19222 3.207117 3.198066 3.13021 3.099599 3.019824 2.941912 2.988538 3.134133 3.246437 3.355606 3.304563 3.095533 3.070387 3.293279 3.404419 3.059429 2.844991 2.678171 2.803254 3.038323 3.250173 3.57025 3.850515 3.989387 3.886796 3.727364 3.554325 3.508443 3.329764 3.332094 3.602042 3.798607 3.693403 3.42005 3.091701 3.175252 3.388896
3.154892 3.192857 3.206496 3.195936 3.183968 3.203979 3.221239 3.224399 3.223173 3.224807 3.227084 3.221538 3.193071 3.160993 3.16415 3.165817 3.198294 3.184352 3.145273 3.094776 3.056748 3.053109 3.07041 3.121981 3.161425 3.154716 3.18173 3.207241 3.192005 3.183093 3.248867 3.318334 3.321747 3.453473 3.599385 3.71322 3.835229 3.682334 3.449954 3.627346 3.779588 3.822457 3.547963 3.264294 3.099713 3.091604 3.151978 3.260691 3.535907 3.56522 3.391172 3.336916 3.317204 3.350617 3.226969 3.117726 3.173129 3.459467 3.669152 3.563544 3.416877 3.312209 3.339704
