py_wake/examples/data/AJ_ParqueFicticio/Rough survey   Sector 12   Height 30m   Mean speed.grd
DSAA
73  159
 258469   265669
 6501692   6517492
 .2004595   7.890977
[rows 56 to 83 of 159, columns 0 to 62 of 73]
3.649541 3.711725 3.701512 3.69778 3.696853 3.710482 3.709543 3.706538 3.692625 3.693202 3.686309 3.689641 3.683051 3.635957 3.62108 3.619723 3.633878 3.637321 3.610049 3.584873 3.657388 3.612234 3.515894 3.511658 3.540911 3.557751 3.594352 3.712841 3.872055 4.035844 4.172278 4.144584 3.905408 4.084725 4.099595 4.062062 4.134522 4.044418 3.708421 3.554205 3.68679 4.010166 3.859707 3.677027 3.335631 2.974989 2.780733 2.685013 2.80971 3.250491 3.645703 4.154447 4.141381 3.868007 3.684599 3.800145 4.140449 4.330486 4.202002 3.976033 3.959938 3.798339 4.203784
3.605642 3.688586 3.64589 3.646316 3.681353 3.731098 3.723351 3.709125 3.692037 3.674929 3.666312 3.658851 3.657103 3.70822 3.709162 3.655844 3.649177 3.637962 3.623651 3.629704 3.676274 3.634682 3.546022 3.568744 3.57704 3.551903 3.582654 3.710042 3.784987 3.999353 4.097131 4.206933 4.256104 4.162755 4.171756 4.166872 3.914787 4.020873 3.934173 3.685212 3.677029 3.757082 3.746338 3.611883 3.385908 3.15487 2.890803 2.700758 2.708338 3.019768 3.513363 4.009247 4.0848 3.916565 4.003055 4.060096 4.493936 4.498381 4.258109 3.70661 3.541574 3.585749 4.142525
3.539803 3.578113 3.556429 3.543962 3.576449 3.685388 3.698141 3.682574 3.662454 3.638889 3.623492 3.616894 3.605512 3.637713 3.641568 3.649251 3.637421 3.62112 3.625313 3.62661 3.63053 3.640472 3.591552 3.612187 3.60832 3.580989 3.584416 3.565039 3.513286 3.46731 3.840791 3.816325 3.898799 4.004735 3.947827 3.872725 3.785435 3.668551 3.791981 3.628348 3.566424 3.545944 3.484938 3.463775 3.268149 3.114057 2.926995 2.655024 2.61492 2.852523 3.288198 3.723372 3.960288 3.807729 3.725174 3.963481 4.375835 4.665342 4.583467 4.140073 3.771225 3.648666 4.011868
3.595443 3.564385 3.530383 3.501353 3.452639 3.537588 3.649494 3.648322 3.617334 3.596986 3.580779 3.560623 3.569409 3.59753 3.599865 3.601164 3.61441 3.60822 3.630629 3.598995 3.610354 3.652515 3.658665 3.682789 3.649887 3.63379 3.596 3.497316 3.251388 3.053478 3.17017 3.305599 3.293565 3.201138 3.277703 3.371089 3.477463 3.512944 3.570153 3.482991 3.358796 3.395239 3.364387 3.348588 3.366676 3.220239 3.002913 2.713107 2.360348 2.314869 2.945592 3.445916 3.761669 3.560126 3.37809 3.634628 4.066483 4.441402 4.510859 4.428886 4.037899 3.752763 3.840434
3.720135 3.652204 3.608565 3.63242 3.535407 3.434904 3.53799 3.595491 3.573722 3.554635 3.539229 3.51972 3.509531 3.537868 3.549587 3.557626 3.597129 3.613925 3.629829 3.598344 3.583332 3.54714 3.585887 3.658276 3.677246 3.732398 3.701625 3.678706 3.564321 3.31277 3.121092 3.092859 3.092822 2.978106 2.859892 2.986721 3.090895 3.178318 3.232373 3.18521 3.0794 3.102766 3.300566 3.298556 3.46357 3.381037 3.285996 3.038411 2.5622 2.206824 2.43458 3.0457 3.594812 3.461537 3.198916 3.429262 3.956418 4.36091 4.358671 4.313155 4.156598 3.9623 3.613294
3.783183 3.70392 3.685394 3.723006 3.668631 3.555266 3.483423 3.525009 3.524965 3.533121 3.523028 3.518862 3.51187 3.503789 3.50831 3.521336 3.573078 3.624863 3.608976 3.61026 3.59937 3.611292 3.606713 3.630952 3.665308 3.730191 3.778543 3.851335 3.885173 3.744421 3.588591 3.314419 3.150999 3.124442 2.874279 2.898467 2.949821 2.989092 2.985698 2.982354 2.918451 2.855477 2.914075 3.20118 3.311866 3.418066 3.384755 3.406172 3.059638 2.44033 2.138869 2.445713 3.402298 3.585017 3.231061 3.090998 3.860632 4.30084 4.277182 4.216474 4.090944 3.88917 3.39672
3.794779 3.765016 3.772646 3.772324 3.750677 3.701181 3.614697 3.526601 3.523306 3.5295 3.53114 3.519006 3.519997 3.496386 3.48802 3.488271 3.512554 3.574464 3.55125 3.564906 3.581406 3.593747 3.586296 3.631356 3.704324 3.710487 3.785653 3.821422 3.939679 3.999321 4.002888 3.793462 3.605211 3.493108 3.214402 2.976033 2.927207 2.892196 2.828269 2.87223 2.854649 2.797926 2.880338 2.925054 3.285654 3.309289 3.298481 3.451492 3.567015 3.244617 2.518265 2.156667 3.021885 3.525334 3.420036 3.094641 3.502917 4.156887 4.232834 4.242738 4.084484 3.894737 3.542861
3.753327 3.776253 3.808868 3.809093 3.791444 3.738534 3.654385 3.563174 3.525643 3.525399 3.545984 3.541071 3.516823 3.497526 3.478099 3.466276 3.459539 3.469664 3.472264 3.476101 3.53561 3.54853 3.520745 3.555523 3.617089 3.62329 3.694803 3.726491 3.853406 3.983868 3.934518 3.933065 3.825355 3.699469 3.455347 3.100669 2.994342 2.901343 2.819053 2.756297 2.703129 2.646452 2.746222 2.838798 3.025798 3.307493 3.241555 3.31359 3.575507 3.735938 3.239172 2.395139 2.252884 2.973732 3.419725 3.146688 2.986444 3.761048 4.055892 4.056295 3.967868 3.962763 3.816285
3.701184 3.76493 3.792842 3.806784 3.792089 3.753939 3.671121 3.592259 3.521626 3.517794 3.524535 3.530694 3.52306 3.497478 3.482607 3.464259 3.475349 3.449803 3.437653 3.451045 3.501365 3.49734 3.47441 3.431588 3.416757 3.441753 3.521101 3.550784 3.676319 3.873083 3.909191 3.908737 3.882284 3.789163 3.570998 3.409561 3.160208 3.028902 2.9267 2.794818 2.658671 2.597351 2.48419 2.450624 2.85823 3.090799 3.207277 3.246498 3.417323 3.705039 3.58578 2.808578 2.116627 2.170604 3.002013 3.267095 2.932479 3.133437 3.270815 3.36508 3.350926 3.320194 3.630086
3.653649 3.705247 3.765634 3.78576 3.786175 3.759824 3.707568 3.629562 3.539915 3.512589 3.521631 3.515292 3.509199 3.498422 3.491261 3.467552 3.452207 3.444796 3.457905 3.473828 3.515964 3.50345 3.465782 3.435979 3.367615 3.310388 3.247303 3.232124 3.331491 3.48115 3.625432 3.74549 3.800864 3.773909 3.551618 3.460401 3.310182 3.05373 2.936545 2.841697 2.74113 2.673789 2.496439 2.388969 2.613986 2.990615 3.117452 3.207764 3.26347 3.555285 3.884908 3.583001 2.781072 2.058292 2.347143 3.0855 3.317663 3.26523 3.139273 2.818403 2.841364 2.750348 2.850959
3.637159 3.656981 3.735929 3.768836 3.761926 3.750504 3.722985 3.688237 3.648112 3.568471 3.528042 3.523397 3.512108 3.501933 3.500547 3.481737 3.459438 3.449546 3.469032 3.533702 3.540774 3.533314 3.537523 3.496492 3.407429 3.314556 3.218016 3.200295 3.130681 3.157178 3.282449 3.376565 3.573683 3.713408 3.573034 3.502829 3.419188 3.121941 2.867135 2.772094 2.700848 2.711686 2.475868 2.324881 2.334506 2.540846 2.951227 3.219801 3.130729 3.160365 3.83188 3.957519 3.661007 2.803316 2.262272 2.779151 3.454574 3.540121 3.694771 3.638149 3.215481 2.983323 2.65516
3.612794 3.642267 3.715145 3.747394 3.757016 3.726277 3.702242 3.693889 3.650227 3.592777 3.547722 3.526854 3.51853 3.50374 3.485105 3.46884 3.458004 3.438971 3.457622 3.507171 3.516767 3.537461 3.594272 3.555961 3.481241 3.387414 3.211082 3.207251 3.168643 3.137345 3.152667 3.216205 3.328119 3.525068 3.56599 3.516163 3.529232 3.411694 3.039222 2.849622 2.618822 2.451754 2.34139 2.183448 2.090477 2.369188 2.761082 3.182315 3.324871 3.265301 3.515886 4.055706 4.060252 3.738397 2.98535 2.770788 3.084695 3.738655 3.993963 4.145663 4.162996 3.847471 3.436696
3.584442 3.638099 3.723719 3.742306 3.738751 3.699328 3.680808 3.665289 3.641801 3.595393 3.551907 3.526751 3.521543 3.525457 3.502811 3.472853 3.439495 3.424824 3.45516 3.462517 3.45327 3.477683 3.576982 3.573808 3.554765 3.491789 3.44624 3.24457 3.176422 3.110361 3.061007 3.082454 3.197088 3.340116 3.474838 3.47487 3.528201 3.603277 3.376295 3.093156 3.038252 2.728176 2.394547 2.222903 2.06037 2.130265 2.255914 2.825478 2.991985 2.951298 3.398977 3.818301 3.898695 3.915264 3.708285 3.177243 3.14563 3.425041 3.73445 3.970671 4.180728 4.247532 4.076589
3.530757 3.569761 3.680398 3.726443 3.705323 3.687849 3.669787 3.658465 3.635423 3.592516 3.539809 3.505049 3.499027 3.519912 3.520659 3.482713 3.419124 3.420277 3.455682 3.444925 3.429911 3.455289 3.539081 3.555726 3.579561 3.555089 3.524361 3.437145 3.357111 3.196123 3.045663 2.939333 2.968 3.137351 3.269963 3.405043 3.501373 3.570219 3.534095 3.401537 3.301174 3.25653 3.020279 2.637139 2.430792 2.218456 2.136971 2.300767 2.512458 2.470755 2.706697 3.315571 3.571548 3.521347 3.416079 3.293638 3.026552 3.129765 3.437344 3.670431 3.884842 4.108634 4.161219
3.460712 3.47602 3.570484 3.64327 3.635775 3.659405 3.680454 3.673897 3.638026 3.597597 3.533962 3.479941 3.452033 3.479991 3.511037 3.509274 3.505423 3.496746 3.46663 3.450554 3.458379 3.559702 3.548082 3.589103 3.586032 3.61892 3.56486 3.556593 3.525157 3.370463 3.264853 3.01169 2.813653 2.878778 3.057311 3.309814 3.437257 3.5516 3.657501 3.715207 3.633159 3.392817 3.271903 3.091773 2.83708 2.507157 2.348046 2.370156 2.467136 2.348192 2.150873 2.392987 2.726659 2.644571 2.792063 2.968641 3.184625 3.180362 3.393279 3.654608 3.85083 4.053103 4.115414
3.46513 3.44255 3.425632 3.491372 3.505409 3.588144 3.672003 3.670089 3.641344 3.596133 3.539132 3.513303 3.490665 3.454749 3.46828 3.490448 3.558505 3.502448 3.454385 3.446068 3.478796 3.558912 3.541349 3.679245 3.636642 3.672951 3.630209 3.624154 3.602568 3.629353 3.553531 3.241339 2.984298 2.837138 2.997717 3.222111 3.369553 3.511271 3.568787 3.594272 3.593152 3.459241 3.291312 3.267673 3.150839 2.944371 2.731728 2.648744 2.699675 2.699831 2.513815 2.337903 2.383801 2.332863 2.144226 2.33777 2.919532 3.238344 3.501171 3.744629 3.920193 4.07738 4.149264
3.543976 3.555678 3.531059 3.425059 3.418159 3.478647 3.636466 3.653419 3.630897 3.603399 3.592185 3.551113 3.490963 3.426843 3.387567 3.424839 3.503624 3.477987 3.436726 3.411743 3.417708 3.43248 3.444652 3.547655 3.645056 3.647159 3.695963 3.700192 3.694696 3.665434 3.6099 3.347948 3.04647 2.993476 3.03002 3.107757 3.264243 3.387108 3.473363 3.466876 3.553335 3.542806 3.473634 3.325641 3.218741 3.133055 2.993417 2.919564 3.017604 3.18167 3.402138 3.398101 3.411567 3.212415 2.319588 2.150878 2.428907 3.016259 3.382578 3.694945 4.029549 4.151073 4.302889
3.643826 3.623953 3.559459 3.47291 3.394427 3.39311 3.557681 3.592978 3.578811 3.589247 3.582727 3.557602 3.490196 3.413629 3.317251 3.348879 3.438054 3.411204 3.378323 3.338992 3.30736 3.308662 3.291942 3.362365 3.473625 3.509522 3.629194 3.748529 3.895638 3.882713 3.734623 3.586214 3.263614 3.186866 3.165127 3.104131 3.108988 3.171644 3.292835 3.432465 3.537167 3.706737 3.71534 3.515238 3.373165 3.164061 2.962195 2.875493 2.97779 3.329949 3.478142 3.709662 3.891467 4.041072 3.575791 2.724379 2.401796 2.438398 3.017042 3.498579 3.802061 4.222856 4.559401
3.665735 3.637938 3.586271 3.538618 3.450202 3.34426 3.467767 3.491068 3.509594 3.554591 3.549423 3.536508 3.510728 3.445524 3.322858 3.261221 3.334995 3.342098 3.332028 3.294649 3.24737 3.202879 3.216577 3.266223 3.338013 3.384623 3.481627 3.663041 3.888333 3.927499 3.818649 3.72039 3.62472 3.389812 3.266378 3.193206 3.080792 3.033879 3.070818 3.176839 3.358409 3.666313 3.707019 3.651117 3.560457 3.381453 3.00397 2.709805 2.795717 2.971939 2.980357 3.245189 3.71874 3.901959 3.876327 3.375056 2.605582 2.212508 2.368066 3.015101 3.449379 3.688464 3.900114
3.626971 3.613332 3.598656 3.563653 3.567015 3.496064 3.415113 3.40001 3.445097 3.503321 3.502735 3.498619 3.49267 3.504868 3.446606 3.310635 3.291153 3.294051 3.315592 3.315074 3.255285 3.169954 3.149955 3.171394 3.253105 3.252333 3.294922 3.343465 3.547313 3.709214 3.656025 3.536772 3.437139 3.432602 3.302115 3.260019 3.214041 3.076996 3.021019 3.063205 3.055423 3.193921 3.245152 3.38625 3.203682 3.16846 2.84486 2.712048 2.572536 2.626792 2.710189 2.654795 2.683435 2.870923 3.216457 3.031106 2.48828 2.021503 1.98599 2.348143 2.770278 2.992195 3.195605
3.564059 3.562317 3.539891 3.539735 3.58623 3.555551 3.442411 3.398031 3.431851 3.445961 3.451184 3.447896 3.460503 3.482325 3.500584 3.398759 3.29807 3.278043 3.298406 3.330328 3.318714 3.23555 3.132571 3.09964 3.147604 3.14313 3.143891 3.092845 3.158416 3.395415 3.456459 3.37316 3.277025 3.268944 3.209353 3.196629 3.247654 3.089588 2.988191 3.090373 3.144994 3.038023 2.984156 2.971167 2.837111 2.752285 2.579331 2.432759 2.419007 2.525152 2.640822 2.676434 2.658953 2.522065 2.532682 2.586073 2.194612 1.909856 1.563141 1.580055 2.034989 2.296568 2.374484
3.514462 3.514985 3.480539 3.473457 3.51674 3.480011 3.422888 3.372716 3.391197 3.390296 3.406623 3.442975 3.430699 3.433304 3.449184 3.367039 3.293053 3.247626 3.264194 3.284298 3.317008 3.364169 3.297609 3.225316 3.176017 3.169308 3.119905 3.078549 3.054537 3.204121 3.300026 3.304227 3.215039 3.190131 3.158305 3.051404 3.005384 3.000407 2.936507 2.84581 2.951289 3.075218 3.036762 3.019972 3.171461 3.276023 3.265342 3.075357 2.856338 2.464259 2.684307 2.771681 2.886469 2.93485 2.918294 2.882275 2.626684 2.138587 2.136053 1.871917 1.773863 2.093551 2.246508
3.496855 3.451969 3.425835 3.408681 3.430731 3.422222 3.400676 3.345336 3.331917 3.332276 3.354306 3.401147 3.435457 3.426835 3.406484 3.35781 3.285846 3.21072 3.189202 3.1785 3.19427 3.313111 3.33896 3.311891 3.287864 3.25902 3.249156 3.211932 3.2143 3.273508 3.302768 3.227657 3.188849 3.20964 3.235678 3.246525 3.21867 3.14426 3.21276 2.967356 2.893332 2.996722 3.01303 3.110911 3.223411 3.39994 3.601525 3.751156 3.665621 3.177336 2.752995 2.841222 3.077468 3.403818 3.559192 3.646671 3.525044 3.35732 3.221712 2.985032 2.810653 2.533862 2.693522
3.496352 3.430697 3.401139 3.390969 3.379751 3.380825 3.364232 3.335753 3.306665 3.292586 3.315391 3.342254 3.395571 3.400734 3.377969 3.355225 3.318596 3.258758 3.188401 3.119168 3.097744 3.116859 3.201779 3.275345 3.291274 3.343849 3.391472 3.520778 3.569404 3.413582 3.310269 3.202349 3.086337 3.173416 3.152582 3.138285 3.220232 3.281291 3.321448 3.273424 3.136899 3.026757 3.079645 3.11728 3.321834 3.371203 3.449089 3.520445 3.693996 3.628853 3.477602 3.315915 3.404604 3.603255 3.808935 3.845858 4.046066 4.079005 3.887636 3.730714 3.591713 3.525747 3.418051
3.487088 3.449425 3.384163 3.382679 3.378192 3.369732 3.338713 3.336623 3.301066 3.287882 3.250914 3.257699 3.313263 3.322469 3.321211 3.329944 3.394169 3.370624 3.278149 3.185819 3.154422 3.093332 3.134076 3.164298 3.204262 3.277427 3.443586 3.672908 3.797786 3.691968 3.436582 3.233092 3.122864 3.125458 3.053294 2.966672 2.986652 3.100739 3.184456 3.213956 3.266302 3.329985 3.281328 3.358458 3.450129 3.502312 3.45343 3.482381 3.678641 3.890913 3.961811 3.931747 3.837122 3.901588 3.833797 3.907648 3.872715 3.817535 3.79958 3.732962 3.664963 3.626682 3.601963
3.485947 3.475991 3.466722 3.399758 3.355526 3.341755 3.356043 3.327967 3.312918 3.278694 3.214741 3.147833 3.190923 3.190599 3.223182 3.320867 3.375362 3.36553 3.333363 3.302608 3.250011 3.223448 3.159893 3.098085 3.086947 3.082023 3.19732 3.420495 3.581143 3.608192 3.522953 3.30853 3.09323 3.072275 3.036251 2.99279 2.962281 3.055598 3.101116 3.154989 3.168745 3.154464 3.185188 3.288809 3.355932 3.468153 3.56122 3.701799 3.809937 3.916761 3.966054 3.962193 3.890253 3.770057 3.708822 3.679717 3.672176 3.62692 3.660046 3.665811 3.61736 3.628954 3.632371
3.417312 3.452664 3.454193 3.399088 3.339366 3.306651 3.288578 3.31553 3.298436 3.270596 3.228829 3.187577 3.083465 3.076304 3.051933 3.057744 3.186521 3.199193 3.264218 3.311139 3.254443 3.256858 3.207099 3.174915 3.064469 2.962334 2.912914 3.064199 3.306053 3.47377 3.488348 3.35489 3.135635 3.055035 3.039501 2.999553 3.018999 3.033565 3.072974 3.081209 3.052322 3.026612 3.08594 3.120554 3.21211 3.318151 3.478764 3.624784 3.747931 3.86417 3.900733 3.866668 3.781272 3.67627 3.614282 3.597766 3.55834 3.510545 3.547503 3.609146 3.607714 3.621212 3.638173
3.387386 3.3883 3.387023 3.369755 3.330495 3.295233 3.298079 3.286249 3.264805 3.230421 3.240493 3.177778 3.078987 3.038407 2.992533 2.918175 2.904868 2.960417 3.076112 3.175032 3.214103 3.236919 3.242519 3.260725 3.221102 3.097826 2.956393 2.949939 3.112605 3.371354 3.446613 3.500017 3.356683 3.304654 3.314463 3.221372 3.244131 3.138972 3.071771 3.070303 3.043247 3.099971 2.892277 2.897769 3.029027 3.055595 3.152283 3.255205 3.414786 3.724882 3.823328 3.800132 3.693982 3.600444 3.566867 3.476813 3.452785 3.367746 3.433637 3.488013 3.50772 3.578743 3.600801
