py_wake/examples/data/AJ_ParqueFicticio/Rough survey   Sector 8   Height 200m   Power density.grd
DSAA
73  159
 258469   265669
 6501692   6517492
 130.2234   1114.954
[rows 84 to 111 of 159, columns 0 to 62 of 73]
317.4328 311.6684 306.8342 303.7247 300.8615 297.6085 296.2744 294.4144 291.5846 290.5259 289.3749 288.2561 285.1185 282.3551 281.8297 281.7191 281.8462 282.0653 284.9246 290.6285 296.1221 301.8058 308.0786 318.8205 334.6555 357.4408 382.5357 402.6587 410.8578 408.5433 401.2095 392.5134 383.8261 373.0807 358.3301 344.5572 331.3658 326.9277 334.7663 346.4971 355.0914 355.3978 354.635 350.3326 345.6401 343.0815 342.8085 343.4782 344.558 345.5876 346.3809 346.8532 345.8448 342.3495 337.3448 330.4926 323.912 315.5742 305.5553 291.9 274.3339 254.0876 234.7206
309.8744 305.5283 301.2426 297.0962 294.1018 291.8084 290.3938 288.4239 286.2241 285.003 284.3105 281.5696 279.4515 276.1099 277.1848 278.8828 278.9277 277.4585 279.1528 282.5851 287.5204 294.8104 304.5486 318.4134 337.2383 361.7354 385.924 401.558 407.8973 400.0631 393.7744 386.8066 376.238 365.0768 350.2386 339.0948 330.0739 331.9297 343.0911 355.2339 360.6479 360.4926 357.0782 354.005 350.2415 347.9388 346.5093 344.464 341.5385 339.6018 340.6985 341.4262 342.7472 342.5925 339.7915 334.7809 330.4793 320.8272 307.927 290.6594 269.528 246.2858 227.2869
300.5151 297.2902 294.0719 290.4314 287.8255 286.8287 284.8625 282.6504 282.2272 280.7568 278.9587 276.9428 275.6393 272.8409 272.8918 275.2831 275.5069 275.0325 275.0149 275.6635 279.9921 286.3938 297.2088 311.9325 332.1833 354.8432 375.912 392.4243 396.6161 392.8252 386.9122 378.7644 370.1983 360.3487 347.8913 339.114 332.5005 337.5491 352.3536 362.1654 365.0667 363.0069 362.9475 361.5887 359.2928 355.2809 352.7056 349.0377 343.804 339.9565 337.7605 339.8038 341.9466 344.0266 342.8441 340.8847 336.1221 324.5412 307.9894 287.2339 263.0889 238.9067 222.832
292.55 289.1259 285.9996 283.458 280.806 279.5888 278.3655 277.96 277.5314 276.727 274.1521 272.1646 270.4002 269.6087 268.9789 269.6874 270.7003 271.4015 272.2519 272.1864 275.0229 280.6081 289.6335 304.9307 324.7779 347.2761 368.775 387.6519 394.564 396.7287 392.8884 384.3616 375.6323 365.1583 353.6462 343.2041 338.9097 347.9103 357.1104 365.1082 368.5335 369.7886 370.358 370.6115 367.3056 361.8975 356.114 350.9954 344.5224 338.0493 334.2032 337.3195 341.0204 343.5003 345.14 343.9604 336.2865 321.5921 301.5922 280.6979 256.31 235.3193 225.028
286.4401 282.0094 278.4003 276.3707 274.2581 271.988 270.4464 269.7357 269.9812 270.2057 269.3487 267.3881 265.9593 266.0417 265.3781 263.1785 264.1324 266.3071 267.8597 270.4969 274.3296 280.1902 291.2832 307.4797 327.9019 352.2198 377.9695 401.4002 413.87 415.8606 408.7379 398.3554 384.3674 372.4153 359.6522 348.5647 348.8245 357.9636 365.4198 371.4684 376.0007 378.931 377.8424 373.4818 366.9175 359.4882 353.1641 346.2023 338.2755 330.2342 326.8177 328.462 333.2472 335.6197 336.5684 333.8845 325.7031 311.0266 292.8258 271.8525 250.9844 235.1591 233.7084
280.7919 275.538 272.0456 270.7076 268.5948 265.4468 264.8312 261.7701 261.9898 263.4892 264.4594 263.0924 261.9054 262.5389 262.3212 258.9384 258.3206 261.3283 265.4055 270.4582 278.6735 288.3397 304.2702 326.1292 351.6706 376.7267 407.5795 433.3732 446.6049 442.8945 429.4761 411.3054 393.0469 375.8773 361.375 352.0029 355.738 368.6829 376.6173 382.7431 386.4302 386.1035 381.0313 371.6165 362.3057 355.8645 348.9556 340.2355 329.755 323.1557 319.4108 320.5805 319.3062 319.7484 319.7527 315.81 308.6907 294.8277 279.0657 264.233 248.0502 237.7463 240.4261
276.0458 271.3523 268.7359 264.4243 262.2012 261.2692 259.9014 257.937 256.3614 257.129 259.0032 259.3963 258.9741 258.6674 259.5826 258.0803 256.8455 259.1985 266.0218 275.179 288.832 306.2909 329.4469 359.7492 391.0092 421.3179 450.5552 474.7335 481.9896 469.2364 446.5525 423.0348 401.6302 382.0975 365.4275 361.6367 367.0382 378.1512 388.7869 396.4897 398.2715 394.6621 385.0191 375.1449 370.7414 368.2798 361.5559 352.489 338.6742 329.7345 328.4013 327.3336 323.2461 316.7112 309.0448 299.5652 289.8482 278.271 267.9185 260.299 250.1212 244.4403 247.0269
272.5186 267.2856 264.422 259.8381 257.0391 256.1447 255.8467 255.6142 254.6847 254.7119 255.4759 255.9888 256.6588 257.744 258.643 258.2834 258.5245 262.9387 273.2774 287.2893 306.981 333.4377 364.2866 402.6442 439.8465 468.5815 495.2069 514.2845 510.3985 488.2278 460.2559 434.4017 411.3833 390.9532 375.1894 379.1809 380.3118 389.003 401.9325 410.2713 411.3869 404.0821 395.4201 390.6209 391.8163 388.9675 379.9889 370.6636 359.3784 352.1606 353.3911 349.9752 341.2288 331.3509 314.2294 296.1649 285.334 278.924 275.3058 270.4854 261.1089 255.4653 256.3279
268.2222 262.7474 258.9645 254.9916 252.6657 253.0759 254.462 254.4929 254.5942 254.3483 255.2042 255.6874 256.7141 258.6344 261.4967 261.8584 265.5621 275.6246 291.1547 310.886 335.2173 368.3061 408.9339 449.2494 486.2202 512.5209 534.3525 544.1875 530.386 501.9603 470.9352 443.6452 416.5369 393.9742 383.7279 391.8369 396.4084 403.1251 414.3466 424.6864 424.882 419.9041 415.3713 415.6367 414.1344 407.9109 396.5096 386.1317 380.1627 380.6491 383.5272 381.0089 370.6993 356.2037 338.621 322.0087 310.6337 304.9891 300.7717 291.2121 277.9599 267.7119 265.6932
262.491 257.9998 254.2664 250.8454 249.9629 251.3379 253.1814 254.2022 255.17 255.6469 256.7311 255.948 258.3745 261.6342 265.8138 271.6765 280.2902 297.361 320.9778 346.0132 373.9937 408.5273 451.7462 495.2393 530.7524 550.8888 566.7853 567.0046 542.1756 506.3401 472.8885 440.5949 415.2887 395.3345 395.7652 406.3581 412.3242 416.3662 429.1119 440.9362 443.8945 442.2994 439.6176 436.2735 429.4854 416.6413 404.1396 394.3628 395.2732 398.9604 400.8685 398.0037 388.4991 374.9072 361.031 349.1892 341.4348 334.5785 324.3418 309.14 293.1091 279.6989 275.6613
256.5225 253.5437 250.1795 248.2473 247.3791 249.6783 252.7287 254.313 256.5769 258.2966 258.4548 259.0363 261.3586 266.7934 274.3556 285.0302 302.3634 328.565 359.3849 390.6909 420.4918 452.0843 494.3171 537.275 569.8893 584.1589 589.2319 578.032 539.2538 498.1443 461.7891 431.5755 410.3902 401.0499 408.6707 423.2 428.954 435.7562 450.2552 462.5044 466.6869 461.6266 453.8214 443.7633 429.4467 413.7034 402.7593 399.668 402.1399 402.9836 400.6422 393.985 388.2781 380.9551 371.9063 365.0977 359.3038 349.7627 336.8554 321.0065 303.9745 289.5621 284.2431
250.5776 248.1074 247.0221 247.0047 246.6104 249.7111 253.2493 257.7196 259.9778 261.5677 263.3783 266.2301 268.9561 275.7427 287.2231 304.299 330.2059 363.3947 401.5629 438.4056 468.7033 498.4589 534.2393 574.8441 601.7275 606.2008 593.4867 561.3394 517.947 474.7113 442.5612 420.4408 408.9779 413.8579 425.529 441.961 449.9503 457.5399 470.1 480.713 477.0262 463.1952 450.293 435.5728 421.131 408.6118 402.2468 401.4905 398.4987 394.0478 387.4083 380.7655 374.6082 370.4943 367.8971 367.5926 364.1516 355.1799 344.2894 329.1387 312.3137 297.3806 288.9176
246.0831 244.6227 246.1221 248.3945 249.548 252.4361 256.1354 261.4055 265.5237 267.4845 270.978 275.9024 282.9924 293.4168 309.3257 331.0814 361.4225 399.4507 442.7897 484.4049 518.4453 544.7043 575.7499 603.3563 617.7854 602.5572 564.7621 518.1135 474.4909 441.9533 423.2343 416.866 419.783 434.6055 452.5929 464.4989 474.6079 481.2807 485.3391 490.3791 472.9803 450.433 431.5159 416.3065 405.5837 400.2818 395.1138 389.0428 381.2419 373.0452 364.2782 355.6616 345.9724 340.6712 349.0705 355.2842 356.6352 353.8439 348.7306 335.1172 316.8521 299.9501 288.8961
242.6524 243.7471 247.1315 250.9004 254.8884 258.4759 262.3455 266.8159 272.6051 276.6761 283.2205 291.7694 304.2389 320.1325 342.4807 368.5663 398.5589 437.8824 485.9778 531.7921 563.7154 583.0607 604.2801 620.023 609.8033 567.8577 516.762 469.7985 440.6652 427.3481 427.6581 435.1594 443.5985 461.2491 478.7609 488.0849 499.3764 497.7631 485.3574 474.6539 452.0392 427.4384 405.7946 393.0671 382.537 375.1966 364.3804 356.391 345.8516 337.4597 329.94 319.1771 312.3323 311.9975 323.1666 333.2631 341.2681 343.0582 341.0616 333.4294 317.5083 299.017 283.6592
243.5487 247.1602 250.3831 255.2836 259.5643 266.6388 272.3081 275.9807 283.1083 291.6729 302.7283 316.6849 335.4279 360.5754 389.3527 418.1732 449.2032 488.8998 535.3528 577.8661 604.5258 613.7968 621.9936 618.5109 582.5515 529.9218 481.7834 455.9837 452.5659 457.6852 464.9589 467.4364 474.7659 481.0845 489.237 494.9398 495.422 482.9704 463.8437 446.0183 423.3741 399.8762 380.4366 366.3246 356.4298 344.5242 329.0871 316.6371 306.7223 301.5267 298.1919 295.8223 298.0618 309.52 324.0833 337.0592 341.5229 343.5927 339.7749 330.238 316.3759 297.8891 280.2518
248.0758 251.4353 257.5862 263.2465 269.1036 277.2806 286.5068 291.8647 300.8295 314.3451 330.3345 351.0602 377.5761 411.6309 448.8911 481.4526 514.5298 551.9088 593.9912 627.9591 641.0511 640.4982 632.2501 602.3965 550.1402 503.7661 478.7452 484.266 499.1443 507.9513 504.8048 496.2195 494.0279 487.1729 485.6968 481.2796 464.109 443.5764 428.1965 412.2929 391.8821 370.048 353.3865 339.5652 332.1813 321.7309 308.1371 291.5273 284.8856 283.3204 288.205 298.6829 315.4961 337.6659 355.1301 368.3384 372.0307 371.4916 361.0196 347.9839 332.9785 311.8092 288.201
257.6327 263.6907 270.3926 277.5039 285.3162 294.8239 306.2974 317.7513 328.7282 346.4507 370.3418 396.7987 430.4311 472.0403 516.1998 554.696 589.3875 624.2163 654.6373 675.5479 674.776 657.0183 626.527 576.6615 529.6028 506.7089 512.6794 533.6494 552.2525 548.7491 529.9155 511.0525 500.7082 488.5374 475.9578 457.7248 432.8083 409.9149 390.4881 376.5496 357.8224 339.8562 328.0316 321.2762 315.6297 307.2056 295.8952 287.1869 289.4363 297.6319 311.3752 330.0826 352.0079 379.7711 398.9794 410.7029 412.2439 407.2505 395.9519 379.8048 356.5677 321.8742 292.5266
271.6132 280.8888 288.099 298.028 308.9595 319.9288 334.9328 351.5498 367.0964 391.0809 421.8368 455.1169 496.2446 541.4961 589.452 633.7955 670.2108 695.0912 714.0026 717.7673 698.7888 659.7405 609.6826 564.155 542.0949 546.5369 568.7552 586.5218 586.4924 563.9556 533.5374 510.3412 497.5668 483.3562 468.6729 441.7005 413.146 388.3383 364.4079 343.2266 328.4214 319.7465 317.1712 319.9079 318.588 313.9472 306.3771 306.4942 317.5637 334.148 352.6815 374.0283 402.3882 427.3673 443.917 450.0928 447.8875 438.9572 423.4519 396.5082 358.127 317.5265 294.798
289.1222 299.3395 310.1415 323.2141 338.9201 352.9954 369.4806 393.0564 416.832 446.5863 484.4469 522.7644 570.7756 622.037 669.2996 712.2394 744.9639 761.6097 766.3907 751.3738 711.2491 661.8461 615.8247 587.4772 588.5206 603.4579 616.9045 613.3754 589.129 556.1837 522.6206 502.4442 489.8179 474.2249 452.0536 424.9496 397.2174 369.5635 345.0473 324.9252 319.2145 323.199 331.9215 338.6858 337.1917 336.9628 336.9507 346.5744 364.015 381.8198 402.1248 425.5047 450.8694 470.1265 478.8745 474.5931 464.3112 448.4856 425.3932 391.1872 349.7615 317.3275 311.6545
307.4366 320.3428 333.2903 352.5775 373.0655 388.162 405.9768 434.5121 469.0249 503.9156 548.1298 596.845 650.4621 707.7608 753.6935 791.7064 810.1725 818.798 809.5048 781.1743 735.0403 691.691 658.2969 645.322 650.24 653.2605 640.1935 609.7563 571.9185 536.4494 509.3666 493.9491 480.6019 460.8722 435.6969 408.6745 381.473 354.752 333.2196 326.5822 332.6053 343.7577 355.6336 359.3734 360.8808 361.3511 369.6503 389.1045 410.7554 433.7561 454.0656 475.5851 493.1415 501.4921 497.355 483.5555 467.1758 446.4218 419.8443 383.8205 349.8059 328.2522 333.6019
321.5543 340.2509 361.3561 384.5825 404.6542 420.9683 441.1277 474.7502 511.8435 553.8759 604.5184 663.6625 727.2936 788.6713 832.1699 860.9436 871.3022 868.9144 852.9304 820.8815 781.2811 756.3495 735.3599 718.6985 699.966 677.0322 639.9473 598.8147 561.6666 533.8125 511.8027 498.5426 480.205 454.5789 428.273 400.6903 373.3565 347.6214 331.4356 336.5525 351.5555 366.6056 372.548 370.2009 373.5416 382.733 403.3197 432.1219 458.7617 484.8093 508.9958 526.9948 536.9497 533.8586 519.7058 503.2885 483.9612 457.7064 425.1317 390.0208 357.6016 339.5266 341.8977
337.7898 357.7215 383.3964 408.4789 430.9588 448.8225 475.1439 512.969 552.4106 598.8652 655.5764 723.0559 794.7697 855.7575 894.3807 919.9063 931.9493 922.0977 903.5323 877.1255 848.9271 824.4939 799.6254 773.2103 732.5865 681.4742 641.2616 604.9256 577.2811 553.1482 537.2047 515.0477 484.9252 456.5158 427.2657 397.4124 368.5656 345.3897 338.8558 348.3557 366.8119 379.8607 382.2045 385.2637 399.4363 422.9034 449.1506 479.1743 508.9907 538.2723 566.749 585.4937 591.1513 582.4695 564.5232 542.0444 512.0413 473.1818 433.1986 396.0757 362.8348 341.5403 336.5494
361.5908 379.5853 404.0679 429.0511 455.6488 481.3411 513.4584 552.9136 596.8892 649.9008 712.6248 782.084 849.3011 904.1662 933.7053 949.1242 953.3442 945.5029 926.7258 902.1527 877.3781 845.6668 815.9175 783.8746 744.2937 695.4321 658.5392 630.843 609.0276 590.9373 565.9326 530.2357 490.3805 454.6598 418.6329 386.1453 359.7404 346.7062 350.2383 362.2399 381.2806 395.0117 404.3825 423.6062 451.5273 485.0048 513.1592 533.462 559.1216 591.0012 622.3908 645.3171 651.0195 638.5504 613.09 574.537 525.5871 474.6103 429.7235 394.0716 360.7752 337.3575 329.1459
398.3166 414.7862 434.3006 460.2816 488.7529 523.1215 562.3994 602.5733 649.5193 702.8668 768.7278 836.6187 892.6503 929.3276 939.2634 934.6179 929.4907 917.6027 900.4864 883.4507 860.5547 830.7328 795.5496 768.1919 744.6235 719.8035 694.7645 675.8441 657.028 626.9458 587.2574 536.6177 487.3387 445.3549 409.1553 379.148 358.9901 357.7754 369.1555 384.603 406.4864 429.1906 451.6062 491.7036 528.1136 562.4625 584.7951 597.4341 612.8735 638.7615 664.819 691.0386 691.9013 666.8299 624.3578 567.5458 508.7773 456.7018 415.6901 383.3307 354.1769 331.2716 321.3231
448.0626 465.3607 483.5623 508.9933 535.2797 572.4465 613.5848 658.5336 701.5634 752.4862 815.6442 876.8414 916.0535 926.8345 909.1319 881.7858 868.707 857.433 843.6667 834.5391 824.4279 804.0428 775.5411 753.5374 741.6703 731.3408 719.9374 706.8329 687.9039 647.8519 592.058 534.4163 479.8988 437.0919 402.5842 378.8085 369.6245 378.7964 400.18 421.0081 451.3416 485.3986 529.7394 577.062 612.7822 639.4399 651.2601 653.4341 661.1819 678.7849 697.656 708.2949 687.7263 645.0764 583.4037 523.0652 469.4435 427.3561 396.5881 370.7485 345.0673 323.6358 317.3924
514.8594 531.499 548.1443 568.3094 590.013 621.9399 659.1628 702.0969 740.5585 787.9074 844.3893 893.7102 914.4807 894.6202 858.9283 825.1253 795.9388 785.7736 779.0869 777.89 779.4578 769.6268 746.0117 734.8726 729.6353 731.5729 738.0195 734.5135 701.32 646.1188 579.3661 514.0618 460.1403 419.3715 394.0233 382.1234 388.2478 411.9921 445.1902 479.9417 517.0937 563.9849 617.3604 660.3376 685.9974 696.7954 693.488 688.7813 692.3561 706.64 714.7075 700.7442 656.9191 591.8278 520.7501 463.8393 423.6792 394.4189 374.1827 356.793 333.6383 316.0879 315.5954
580.2319 596.2552 608.7057 625.0117 642.3804 661.5718 692.5961 731.4365 774.2972 815.7103 863.0608 898.0007 894.9189 863.3146 821.6909 783.5247 750.2855 728.9827 722.9477 726.9745 735.3818 732.5049 715.5479 713.6456 719.1519 729.8442 744.8472 735.9989 689.7401 617.7321 541.8655 479.1362 432.0493 404.754 393.8426 396.4533 415.3149 453.788 501.1713 547.6705 595.3005 647.4233 694.0507 721.0096 727.4308 715.9251 697.6514 684.7825 686.454 697.0535 698.72 667.7299 606.4293 531.384 464.561 416.5259 384.8443 365.3594 351.1189 336.7762 318.5291 308.3906 317.6598
633.772 643.3979 651.5956 664.5176 680.6298 696.5375 725.8826 762.2103 807.165 847.7845 884.9315 907.3948 892.1221 854.9598 811.0993 765.1904 725.6368 705.9507 700.4561 699.3358 704.4623 704.5055 698.1681 702.9752 720.785 734.2207 742.5175 713.5005 648.7315 573.8298 506.1993 453.2014 424.0428 411.3721 412.5678 426.1123 455.2992 507.3061 566.1279 621.727 672.9783 720.1245 750.1191 754.6984 736.9962 707.6495 680.1665 662.7365 660.3609 663.2023 647.6573 605.0459 538.4546 470.735 418.1694 383.1268 359.64 345.787 335.1673 322.2919 308.6982 306.1936 321.5092
