py_wake/examples/data/AJ_ParqueFicticio/Rough survey   Sector 3   Height 30m   Orographic turn.grd
DSAA
73  159
 258469   265669
 6501692   6517492
-148.7593   101.2295
[rows 108 to 134 of 159, columns 0 to 60 of 73]
3.771633 -.9115246 -1.772269 -.1840223 .5709265 1.87134 2.472671 -.3918316 -3.478703 -3.399966 -1.161868 -.03218257 -1.626919 -3.144517 -6.01918 -8.868691 -11.82481 -9.49709 -4.97127 -2.776719 -3.736895 -7.43997 -12.73339 -11.137 -3.112449 -.2610576 .5805152 1.231899 -1.506305 -4.152847 -8.11491 -11.64059 -13.47708 -13.36421 -11.49498 -13.44326 -9.83958 -.685378 4.708136 4.773829 3.285257 1.987563 -2.295548 -9.669269 -15.87371 -16.46206 -19.0996 -24.0321 -24.19667 -16.47627 -7.587672 -5.393811 -6.385219 -12.61393 -17.30049 -18.46081 -21.53302 -26.49975 -29.55382 -30.75193 -38.70309
2.28817 -2.282587 -5.02285 -3.493498 -3.139284 -2.253758 .3649615 -.1395606 -1.973457 -2.863206 -.7243184 .9747123 .3411362 -1.446912 -3.849352 -5.724063 -8.582889 -8.88453 -6.122344 -2.82653 -2.628068 -5.998306 -12.30115 -12.2972 -4.163159 -.4526964 .2076011 -.5415484 -1.390826 -5.173544 -8.909328 -11.2467 -13.4185 -11.52942 -10.83688 -14.213 -13.09734 -3.293251 3.334658 3.389433 .5885832 -1.135121 -5.009456 -11.35043 -17.78507 -19.13844 -22.21882 -26.1231 -26.19264 -18.77482 -9.364566 -6.465899 -6.201523 -10.88288 -14.86068 -15.84349 -17.79527 -21.59812 -25.60672 -29.29912 -37.93394
-.3299633 -3.730224 -6.360644 -4.982525 -3.683414 -3.085536 -.6540911 .6645144 -.1279975 -1.183995 .2676977 2.212626 2.636132 .7654828 -1.585624 -4.073784 -6.386095 -6.523695 -5.555526 -3.784897 -2.983553 -4.748422 -10.1113 -11.12167 -3.365346 -.4303146 -1.359161 -.9744942 -2.483782 -3.704517 -4.694857 -5.031702 -4.707952 -5.483 -7.24712 -13.28177 -14.88494 -6.115619 1.01451 2.025037 -.4862227 -2.836172 -6.006577 -11.17835 -17.32318 -20.08065 -22.51293 -25.87865 -26.20661 -17.84595 -9.530271 -7.157758 -6.737617 -9.940563 -13.9278 -14.72295 -15.05403 -16.62795 -20.35891 -26.1148 -39.92304
-2.557031 -2.799973 -4.455413 -3.898881 -2.11308 -1.499557 .1243062 1.298868 1.167595 .08039467 1.132787 2.504414 2.975048 1.077169 -1.471148 -4.230592 -4.803383 -3.204516 -4.999874 -5.39539 -5.237524 -5.719419 -10.90553 -12.38244 -4.569234 -2.236274 -2.009267 -3.260759 -2.473482 -2.388525 -.4042008 .08691293 -.3467475 -3.068666 -5.988773 -12.78294 -15.06398 -8.523777 -1.314965 .5649892 -.5580347 -2.705187 -5.4809 -10.8991 -16.19705 -19.54149 -22.01447 -24.59636 -24.52465 -17.81249 -9.068192 -5.177368 -5.406963 -8.432246 -12.11327 -12.58938 -13.36804 -13.67059 -15.23514 -21.37678 -46.71362
-4.765321 -2.337632 -3.070297 -3.372733 -2.237956 -1.274935 -.4111391 .2131857 .1969849 -.02524279 .9593849 2.006108 1.616536 -.8633296 -2.539751 -4.464961 -3.395848 -2.252949 -3.730692 -7.364686 -7.844748 -8.343564 -12.46188 -13.85342 -6.275061 -2.333767 -2.360182 -2.63063 -2.859145 -3.439065 -2.779055 -1.34253 -.6449312 -4.54214 -7.616098 -11.33122 -15.03376 -10.48281 -3.767858 -1.133825 -.9708658 -1.864688 -5.065999 -10.65868 -14.67274 -18.398 -20.4075 -22.91831 -23.02942 -16.67047 -8.324623 -3.007328 -2.936273 -5.570183 -10.04165 -11.30643 -11.84769 -12.73415 -13.74273 -19.51545 -42.26427
-6.52962 -3.3249 -3.46518 -4.276448 -3.628129 -2.446404 -1.979019 -1.752218 -1.379774 -.9200071 .2256425 .7334924 .2826699 -1.821967 -2.945595 -4.916582 -2.548625 -1.624636 -2.257663 -6.507582 -10.48985 -11.59389 -14.7871 -16.47573 -7.927114 -2.51903 -1.182898 -2.72378 -4.18636 -5.762632 -7.741004 -6.246003 -6.603909 -10.13861 -9.184134 -10.54043 -13.08941 -11.12953 -5.914701 -3.42475 -1.952925 -1.972888 -4.928111 -10.3575 -13.80923 -17.26501 -18.92376 -20.41483 -21.0413 -16.25837 -8.564101 -2.964824 -1.606594 -3.8104 -7.850163 -10.71251 -11.86485 -12.68317 -13.87665 -18.34693 -31.59357
-7.656645 -5.452992 -5.206342 -5.45487 -4.977561 -3.743171 -2.932826 -2.939076 -2.213333 -1.383571 -.6049657 .07530507 -.1817783 -1.824789 -2.833548 -3.624094 -2.127747 -.6985744 -1.751309 -4.494673 -7.698968 -13.31326 -16.93459 -18.15423 -9.593413 -2.727476 -.6295828 -3.762994 -7.410425 -8.805244 -11.55992 -13.4631 -7.521921 -9.612972 -10.18492 -9.653769 -10.62761 -11.33021 -8.878942 -7.275046 -5.23805 -3.641564 -5.710478 -10.01822 -14.01591 -16.66121 -18.39191 -19.97849 -19.41454 -16.73308 -10.10145 -5.185379 -3.076668 -4.579527 -7.562946 -9.94031 -12.1116 -12.96889 -14.88063 -19.07668 -26.24355
-7.111446 -6.43482 -6.377751 -6.160105 -5.722292 -4.415277 -3.303988 -2.975065 -2.244751 -1.94164 -1.735777 -.3618977 -.4941614 -2.507505 -4.040143 -5.040842 -3.811481 -1.870957 -3.034773 -6.173958 -8.697474 -11.92043 -16.87261 -17.66398 -11.57811 -2.740392 .7464932 -2.875938 -6.750134 -7.475335 -11.09922 -12.12131 -10.21579 -9.720583 -8.143121 -6.396255 -8.251043 -10.44271 -11.29021 -11.73955 -9.155482 -6.785474 -8.460472 -11.93415 -15.85059 -17.26494 -18.69657 -20.24443 -20.22407 -18.06371 -14.25768 -9.640267 -7.558886 -7.024474 -8.565719 -10.32467 -11.95787 -13.89563 -15.80023 -19.54157 -22.67389
-4.149282 -4.43714 -4.333972 -4.094369 -4.214306 -2.997709 -2.204314 -2.20448 -2.474483 -2.204505 -1.918478 -2.176659 -2.758141 -5.581256 -7.532682 -8.710052 -7.590492 -5.76125 -7.472786 -10.33103 -12.19777 -13.37805 -15.8204 -17.62869 -13.49581 -5.295796 -.5462736 -2.897835 -5.607712 -7.166328 -10.28564 -11.93785 -10.75123 -8.130179 -8.154823 -7.01993 -6.337949 -8.575625 -11.16047 -12.63828 -12.16916 -10.37705 -10.95245 -13.6655 -16.28504 -17.6355 -19.54143 -20.98194 -21.64753 -20.66258 -16.72214 -12.7004 -11.4418 -10.61988 -8.609069 -10.15014 -11.19085 -14.15246 -16.9712 -20.02497 -20.96618
-.8771995 -1.232081 -1.116779 -.8683015 -.6683378 -.2243142 -.4925827 -1.316505 -2.472386 -2.637039 -3.643705 -4.156714 -5.715596 -8.861089 -9.577001 -8.926075 -9.038988 -8.025342 -9.866973 -11.75027 -13.52736 -14.75628 -14.60902 -15.99047 -16.0907 -10.67463 -4.831332 -5.247822 -8.417883 -8.791603 -11.91944 -16.02737 -15.34428 -11.04719 -11.80297 -8.161637 -4.135032 -5.092914 -7.321913 -12.10644 -11.80811 -9.993953 -8.939675 -11.18683 -14.5618 -15.52733 -17.62116 -19.98408 -21.31415 -21.59498 -18.44496 -13.85846 -12.11893 -11.22275 -10.60225 -10.36776 -10.27949 -12.94849 -16.36135 -21.58552 -22.39413
4.845913 4.779827 4.579376 3.785987 2.881748 1.872269 .7440096 -.06359797 -1.042534 -1.743856 -2.725108 -5.386018 -7.904805 -10.23347 -9.193889 -7.032304 -6.773628 -7.036553 -8.492809 -9.877278 -11.97496 -14.95417 -13.06103 -10.53897 -12.03413 -13.97528 -10.82041 -11.73794 -10.18244 -9.987977 -13.47356 -20.24638 -14.59787 -11.54287 -11.6174 -5.049103 .2767094 .5893256 -2.270255 -7.494411 -8.980577 -7.179143 -3.609031 -2.863004 -7.708146 -9.153895 -11.27591 -15.16447 -16.86481 -19.43781 -18.40373 -14.0637 -12.80073 -11.5641 -11.62213 -10.98449 -11.45877 -11.47085 -15.43672 -19.48081 -19.07771
10.55661 9.519298 8.010343 5.810983 4.009771 2.423599 .9481195 .3012528 -.2596932 -.8552766 -1.819763 -3.541372 -5.418228 -7.385353 -5.391487 -2.797735 -1.678017 -2.007313 -2.779511 -3.028442 -5.263843 -9.134594 -9.902747 -6.617152 -7.093521 -11.61603 -18.49714 -17.65162 -14.41365 -11.80989 -16.27629 -19.4176 -11.51762 -8.843208 -6.999789 -.5871971 3.629687 4.894629 2.96789 -3.293661 -6.648785 -5.418705 -.7513585 3.537392 -.9430947 -2.51395 -2.804694 -6.20181 -9.388511 -13.7443 -15.92782 -14.49329 -12.717 -12.22415 -12.19016 -11.49677 -12.66467 -12.22125 -15.64526 -19.07449 -17.70347
9.535266 7.362536 5.496561 4.308541 3.056376 1.756904 .3494767 -1.021463 -1.278396 -.2916981 .9690021 -1.323357 -2.676803 -4.032492 -3.197657 -.08604407 2.119038 2.599141 1.220339 .8787313 -1.443335 -6.528034 -9.51895 -5.274791 -5.307988 -8.058002 -15.24594 -18.61874 -16.63456 -12.75387 -15.17705 -16.63874 -8.445712 -6.263146 -2.46318 2.329485 4.685777 5.890644 5.057379 -.3324044 -6.149136 -7.842632 -2.907965 3.608236 3.666252 1.731626 1.605941 .06105014 -2.879525 -7.655007 -11.8709 -12.33901 -12.98116 -12.16739 -12.6111 -12.38359 -12.49155 -13.12739 -15.87984 -14.75487 -9.25362
4.067031 2.875135 2.75428 2.64611 1.703012 .4062086 -.1123959 -2.008669 -2.602838 -.1617073 3.573562 1.718907 -.637516 -1.252828 -.9948471 .5239258 3.367599 4.300457 3.473872 2.836535 .09229612 -5.085466 -8.870499 -6.238619 -4.054818 -5.921465 -8.182238 -11.9732 -15.52942 -14.96108 -15.72203 -11.69395 -6.385307 -3.780722 .7919666 2.789593 3.999752 4.428464 4.734936 .9268681 -4.258032 -9.401654 -6.269943 1.364 4.337168 3.025589 1.769344 -.5217437 -3.176282 -6.096414 -9.516181 -12.16512 -11.26447 -11.9373 -12.24317 -10.95696 -10.13447 -9.414287 -9.508435 .5318939 5.242388
3.273608 2.478002 1.897595 1.869327 .8338105 -.8671393 -1.050991 -3.419549 -5.426425 -2.838076 2.669272 4.258687 1.251624 -.6377858 .7187224 2.880746 6.529996 6.921456 6.418602 5.781331 4.989427 .5114931 -4.464517 -3.392918 -1.815281 -1.309494 -6.310123 -6.957533 -11.12685 -16.58079 -16.41914 -10.72921 -6.276552 -2.266339 -.9407748 .6308094 2.769353 2.653877 2.930453 1.003171 -1.075359 -6.374195 -6.001193 .357027 3.322298 1.873498 -.5225316 -1.828347 -3.825774 -5.505461 -7.386868 -11.17082 -11.22255 -9.646679 -8.767735 -7.568785 -4.026215 -3.099752 -6.651526 .3317643 -3.447836
3.468609 2.463971 1.382255 .7141009 .1292498 -1.191034 -2.267401 -2.605816 -7.38418 -6.524357 .395782 1.519276 1.706756 .3850455 1.307725 2.541965 5.640322 8.832109 11.27163 12.39106 11.46819 6.791891 .7450829 -3.297457 -3.528738 -2.33302 -1.588448 -2.805019 -7.699434 -16.75116 -19.58542 -15.52385 -9.376037 -5.85756 -2.759708 .98223 3.086164 4.027609 3.507251 1.82019 1.499469 -.2078363 -2.415138 -.330505 2.233978 1.378627 -.2729712 -3.043656 -4.970979 -5.430448 -6.236312 -9.218401 -10.62879 -9.611607 -6.367541 .2057722 4.654807 5.399564 -11.15196 -14.30245 -10.97126
2.360059 1.199203 .4067681 .08922486 -.3062012 -.8245392 -1.253707 -2.440225 -7.133901 -8.256583 -1.046405 -.2157749 1.219093 .9337993 .3414806 -.6446732 1.630469 4.110284 6.245819 6.658144 6.670054 3.77896 -.7216944 -5.804199 -6.795766 -2.239544 -1.119606 .004468902 -5.245324 -14.68062 -22.48972 -19.82638 -12.28367 -7.265306 -2.208511 1.811662 4.434141 6.183385 6.053553 3.50771 3.403207 2.675755 .7539365 -.02314041 -.4425927 -.4661203 -.07442623 -1.960916 -5.009633 -6.876896 -6.813798 -8.599644 -10.03255 -10.54277 -5.148767 6.444631 7.865221 -4.720599 -15.12329 -17.0018 -12.35445
2.303565 1.703139 1.129905 .3558146 .293954 .4317749 1.452477 .681734 -4.996309 -7.956582 -3.854386 -1.21603 1.346607 .5119942 -.5002422 -3.166789 -3.763088 -2.198217 -1.397761 -2.430511 -4.325057 -4.791461 -5.970357 -8.712909 -8.898706 -4.165281 -1.649279 -1.529556 -4.796984 -14.94856 -25.4448 -21.43215 -12.33672 -5.480981 -.1521062 3.294191 6.399995 8.159509 7.413818 4.343324 1.959721 2.161059 1.091938 .7617715 -.1693686 -1.444069 -.2954608 -1.578831 -4.881396 -5.925827 -6.850698 -7.161016 -7.048008 -.7554353 12.48568 10.78988 6.065038 -3.395607 -11.1984 -17.66316 -15.54006
1.745228 1.39749 1.669863 1.537672 1.341899 1.59424 3.293032 1.835424 -3.78221 -8.147422 -5.85998 -3.121538 .6387865 2.686776 3.437652 .9758595 -2.505557 -2.552566 -3.334716 -4.10176 -6.223472 -6.222756 -7.503174 -9.91266 -11.82694 -10.5666 -8.758833 -7.017333 -8.101667 -16.97875 -27.60815 -24.32265 -11.46188 -3.541471 1.024696 3.939177 7.056263 9.082156 7.874288 4.042881 2.335336 3.035209 3.194571 3.746054 2.401121 .7820981 1.106589 2.874657 -1.873061 -2.832244 -1.849691 1.795623 18.71341 25.63841 20.42616 17.28132 12.21487 1.909026 -8.192492 -18.16298 -19.77475
1.288329 1.034053 1.4095 2.218686 2.029371 1.681337 3.231004 2.522208 -1.695093 -6.687366 -6.416872 -5.807624 -.7935034 4.118811 6.785931 4.844007 -.8213779 -3.090382 -1.373773 -2.263326 -3.34525 -3.166367 -5.05076 -7.487957 -8.649935 -7.757773 -7.187278 -6.701511 -7.095295 -14.00205 -26.51561 -24.84641 -10.9675 -3.813244 .2781201 3.673603 6.521404 9.218649 10.11781 7.419444 5.592037 5.334299 4.292709 5.331572 4.835335 3.419532 1.905133 4.718211 5.541928 -1.075738 -3.661791 6.318262 16.50233 28.93534 31.23204 20.32404 3.846616 -2.710135 -5.290394 -18.65611 -20.77803
2.375886 1.36441 2.125367 1.930069 2.269477 1.585603 3.556894 3.928216 .8127421 -2.0161 -5.449739 -6.866049 -3.578888 2.048623 6.788099 7.017322 1.266836 -2.350251 -.08067477 1.427491 1.844431 2.548 -.9231741 -2.061714 -.881726 -.2897708 -.241539 -.5220718 -1.441545 -6.39896 -22.21903 -22.75724 -10.3122 -4.402423 .4764171 4.222651 7.749388 12.56101 16.04196 14.68313 10.48387 8.925318 8.412416 6.643336 5.981981 3.957742 2.313549 1.411809 2.508987 .03183445 -12.39898 -25.16961 -9.076481 13.73413 4.041365 -2.432843 -4.180449 -2.902493 -3.289075 -15.26956 -17.98484
2.297225 1.07833 .9958588 1.296628 2.427613 4.35828 7.72943 7.955395 5.347983 2.94644 -.1154172 -5.235075 -5.829437 -2.649192 3.712351 8.00979 5.919935 .6758666 1.237727 2.418552 3.722125 4.808321 2.094201 1.131204 4.677012 6.014003 7.094515 6.02867 5.174079 1.068561 -13.28174 -15.82513 -8.086134 -2.122816 3.004506 6.84218 11.0941 17.621 21.46321 19.91985 13.37141 10.62971 10.50321 9.32871 7.57005 4.572532 2.280938 -.4796558 -.7553524 -3.177264 -17.18419 -40.2489 -44.16684 -4.438322 -3.621509 -7.05408 -5.420143 .15966 1.308589 -8.626968 -13.64983
.07396132 -.7415518 -.3208328 1.525211 2.798742 6.27205 9.948558 10.13095 8.865565 6.444408 3.562721 -1.681135 -6.662725 -6.32697 -.5719643 6.901495 9.380415 4.347259 1.357065 2.277338 3.268017 4.868237 2.558473 -1.188298 5.852835 8.793447 11.52994 9.520042 6.00661 1.357044 -5.068654 -8.464358 -3.052706 .08498976 4.447695 8.783146 13.12233 16.50507 17.90627 17.81595 12.38864 9.373533 10.73877 9.237722 8.161436 5.224174 1.903439 -.9249508 -3.664955 -6.09163 -22.50658 -38.2758 -41.74688 -9.323135 -4.263229 -4.315395 -2.9509 1.56313 3.496984 -4.05057 -14.10699
-2.174884 -3.220508 -1.477627 .7294576 1.201982 3.404964 8.698289 10.05554 7.912671 4.602409 1.902697 -2.261636 -7.496192 -10.11961 -4.855494 3.424379 8.147269 7.643823 2.622979 .388141 .7488316 2.796457 1.921494 -2.024889 4.829839 9.668045 10.74581 8.701236 2.548596 -2.637086 -5.917745 -6.189321 -2.110345 .7391378 3.620341 5.470195 7.860108 10.33111 12.0463 13.1564 10.64738 8.271663 6.671636 7.267198 6.047256 1.822238 .4498497 -1.458538 -5.142887 -11.61375 -27.53283 -38.6557 -27.53241 -12.25862 -6.213879 -4.687422 -4.273156 -1.482669 -.1466774 -1.296226 -8.618454
-2.379498 -3.915825 -2.943715 -1.05231 -1.339956 1.711657 8.286673 8.934826 8.374085 5.928333 1.311775 -1.978213 -4.85095 -10.98009 -9.915898 -1.738142 5.948467 6.784188 5.795343 .5185304 -1.740921 .9239379 .4186262 -1.113246 3.035011 7.503514 7.912042 6.219352 1.516259 -4.351894 -8.415057 -6.307793 -3.910354 -1.170959 -2.270811 -.2395522 1.613112 2.818786 6.353646 9.842114 8.766045 6.204885 3.933917 4.252172 2.363006 .7190242 -.1263382 -1.869955 -6.300107 -19.64509 -22.86094 -35.76309 -24.93967 -14.18698 -8.627826 -6.579621 -6.031892 -1.424615 .1493483 2.154431 -2.415127
-2.342319 -4.522507 -4.037569 -1.453961 -.5911928 2.24384 7.023726 9.413714 9.198443 8.414728 4.672035 1.29816 -1.551772 -5.394274 -9.520267 -5.081626 3.325002 6.980859 7.641144 5.872685 -.9894089 -1.317245 -1.776115 -2.60599 2.522997 6.189223 7.337734 5.898023 3.098758 -3.150464 -8.671934 -7.247304 -3.592501 -1.392983 -3.592473 -7.174458 -3.686654 1.14621 5.209916 8.837717 8.699526 7.508712 4.005953 2.652948 2.413406 1.434851 .3080122 .5042353 -7.465221 -22.32216 -19.14956 -24.58486 -25.34694 -15.176 -8.268048 -8.162301 -7.708305 -3.172793 -1.515322 .9642124 -1.183009
-.5573955 -4.638516 -5.863077 -2.584837 -1.515454 1.043938 3.142473 5.226031 6.747406 7.69367 6.855192 4.161076 1.223262 -1.662377 -5.469509 -3.958267 2.704557 7.394001 8.701534 7.928362 3.590645 -.2460173 -.5414695 -.887989 4.345538 7.192371 8.649549 7.523888 5.894646 .7471697 -4.134665 -3.859464 -1.982871 -.104731 -.9139364 -4.427431 -5.267024 -1.166001 2.67974 8.468896 11.50287 9.847733 7.001118 5.443631 4.624522 3.041038 2.249353 3.754128 -1.046829 -20.03245 -15.19905 -16.90676 -20.8938 -16.97223 -8.297857 -8.46273 -9.184622 -6.77458 -4.613798 .4355302 -.7549964
