py_wake/examples/data/AJ_ParqueFicticio/Rough survey   Sector 4   Height 30m   Power density.grd
DSAA
73  159
 258469   265669
 6501692   6517492
 .007191152   1276.622
[rows 112 to 139 of 159, columns 0 to 62 of 73]
224.9011 259.3404 238.0059 246.3927 296.2341 352.2576 400.5356 472.2248 562.379 618.6433 724.2982 873.2641 797.3219 594.9373 443.593 258.851 219.1044 272.0364 238.4218 111.4923 113.3934 146.0965 107.1155 105.5023 296.2206 497.9207 528.179 402.4498 242.484 148.8743 121.484 123.5239 119.5854 104.022 83.73043 63.03485 50.28782 105.1278 283.4386 466.3817 608.7208 634.1884 447.4885 213.6844 118.5233 67.2867 46.95891 35.13529 31.72278 74.62096 189.7902 240.5509 150.8684 82.48015 50.76966 45.64418 45.01572 42.64067 37.93521 19.24838 .8343258 1.07167 1.983179
204.2228 259.7974 270.2658 273.0775 314.0612 383.1783 461.9089 548.6333 630.7186 672.8773 777.6172 891.5715 807.7141 578.9493 394.8456 229.1716 273.4946 357.9905 332.0103 159.0467 77.12669 77.56998 74.7282 96.49231 274.991 498.925 480.9565 264.9151 155.3115 110.9633 86.45306 112.6188 144.3447 135.5045 126.5599 110.0048 90.54762 134.207 299.7794 468.3344 667.0063 725.0158 494.7316 224.7071 126.6028 74.43028 54.43798 42.11603 34.05812 44.9006 103.0322 146.8772 109.059 72.96574 50.85614 47.26747 44.87479 44.06248 38.60388 24.41835 5.749051 2.18153 3.872344
218.5575 278.9171 298.6547 301.4528 331.5571 418.3321 553.7996 628.2275 679.114 712.7156 838.3497 934.3812 785.2139 512.3436 319.3989 237.1213 353.642 471.8575 363.3329 214.3424 111.8985 43.4065 36.66656 65.30495 205.5396 415.7682 411.1721 206.4219 102.7782 77.50507 70.49553 83.0038 139.2589 147.0807 160.3499 174.6079 183.2848 218.2325 363.5741 487.5136 664.2125 756.9244 501.5275 242.8445 135.6508 92.5327 67.29447 49.58326 43.71389 44.20042 65.11559 88.27241 77.92303 65.33717 55.76468 49.33917 43.97824 41.71117 36.17433 26.58189 14.89717 5.063968 4.953847
266.1711 307.7108 319.9477 332.1948 363.5668 474.7695 619.7851 667.6582 721.6354 779.1798 879.3546 930.4836 750.9675 428.9665 277.1083 276.1136 418.6549 529.0794 421.8223 272.8021 192.2924 106.1832 26.52913 19.67558 109.1995 290.1605 330.2856 154.4904 75.11827 69.65284 69.37182 82.17982 102.9317 118.2196 151.3451 238.9371 315.1469 372.0249 467.5137 497.292 608.7474 687.442 442.9078 246.3624 139.9502 104.4402 75.5704 55.11537 46.09644 45.1919 50.17932 55.11957 52.22357 56.85636 55.13995 49.33432 44.14923 38.6287 33.28106 25.51399 19.69933 11.11798 8.384504
303.7573 337.0305 352.1118 384.1673 429.5659 562.1407 672.5732 710.6235 781.2942 843.1992 932.1867 843.5395 653.2976 375.821 293.3011 330.4269 436.0192 522.1246 438.791 329.7118 255.349 184.0104 89.73863 28.53856 43.16696 160.7653 232.6131 114.2898 72.21224 76.7918 78.01692 72.35955 76.58291 103.0099 152.6376 273.3819 465.7074 531.0239 569.0289 499.3445 516.1773 515.2388 383.5252 247.7497 159.8315 114.9309 76.63264 52.8226 38.9118 33.22836 38.04641 45.23404 44.98281 45.37697 51.88152 48.13142 44.27032 36.13062 29.99557 24.0476 22.06803 14.80017 13.01171
321.5648 340.7522 358.2558 402.1415 511.0902 640.5601 709.8912 773.7959 817.5877 894.7645 835.6697 738.601 548.2013 355.9611 331.084 401.3743 447.813 504.1124 432.5551 341.143 253.2658 178.0488 134.6635 85.50918 47.09824 71.90766 123.3313 80.48295 69.05628 88.5927 76.08749 52.22987 62.45565 123.4288 167.3045 318.5156 606.9219 729.9164 639.821 449.2129 399.6469 362.7369 316.7979 230.8023 161.8832 130.257 90.91658 57.58168 37.8583 28.00313 30.69102 41.08464 44.73323 43.44193 44.6362 44.08385 43.6715 36.11333 26.68167 18.85711 19.57336 17.95864 17.55664
326.8589 339.955 377.74 457.8877 586.7161 689.927 757.8961 850.124 885.3403 888.0175 772.798 625.4944 444.9172 320.9256 354.9843 462.0158 504.3323 479.7694 385.5824 304.3982 214.6242 139.6414 135.5835 128.8713 96.59563 56.22033 58.63596 51.6911 78.48052 99.36077 73.25771 38.81469 78.05121 149.0181 161.8616 335.8848 728.9236 909.1223 669.52 343.6818 268.6596 250.7838 261.2877 239.3258 148.6497 134.1574 105.0367 64.30782 47.10814 31.20749 30.46211 42.07987 45.61013 46.47958 45.19493 44.15469 42.62128 41.33538 27.83935 17.62667 16.88301 18.75215 21.8267
311.871 344.8827 416.7279 523.4474 644.8884 728.7993 794.6422 895.3604 915.1564 859.0453 679.5508 496.9988 396.1108 309.9658 375.1671 508.8909 593.3665 482.3268 358.2835 291.9429 203.3528 118.5939 102.5647 154.1337 145.1611 86.9483 41.8298 43.84869 69.49727 100.1701 54.62849 39.01691 104.649 150.8539 160.2587 376.7625 795.673 1080.914 765.8789 293.3687 158.6097 157.0891 185.9019 244.8631 143.9778 111.8157 96.60791 69.78684 55.01995 38.98059 33.7317 40.62155 47.08872 47.90551 47.44267 48.92991 45.41504 46.1627 31.5621 17.24797 11.8838 19.34438 21.85581
317.8904 363.5917 444.5565 560.8334 661.5399 745.5427 809.565 856.3105 874.5654 860.8024 696.9792 427.0024 318.7578 275.9107 348.5141 513.8187 615.3981 512.4728 362.5215 278.3938 186.5483 107.0733 79.79705 139.4616 177.5085 124.1211 59.23439 44.05064 54.67814 72.7328 45.79487 48.2985 127.3821 125.8005 181.5514 447.6394 818.4092 1084.408 898.1298 359.0439 137.7961 87.6041 125.2983 205.5929 157.0488 102.7834 81.967 69.53055 59.50149 47.76682 38.20885 39.79089 42.22941 47.19106 46.29385 48.72128 46.43113 42.99913 24.69234 15.88708 14.12959 19.601 22.39087
379.8179 380.314 468.0389 595.3525 677.6153 752.532 856.3989 796.0676 722.7659 730.0361 757.6475 512.4496 315.7964 261.2426 298.4066 403.6295 508.274 470.0963 369.8374 304.9251 216.3283 119.4753 77.79637 117.1053 148.8236 118.111 93.74714 67.46042 48.86139 45.14413 38.98079 68.39281 107.5444 110.1776 250.4653 519.2081 840.9965 990.684 837.7895 385.6912 169.2076 76.54633 84.11779 141.103 137.3885 106.1382 87.11832 73.68833 64.38463 56.8917 47.55834 37.37426 41.69894 43.21864 44.97823 47.21723 49.51065 32.46512 14.63012 13.59686 17.65846 20.53958 25.79719
450.3415 453.3848 513.9005 641.3098 714.3005 752.8808 845.3757 707.2358 470.1489 486.0315 673.8037 571.3111 412.1708 336.5192 306.5008 323.4344 397.3784 392.8623 333.6556 290.5169 247.3101 146.3637 101.4947 104.1871 123.9484 112.6741 98.12519 96.5564 69.95848 35.55879 38.19208 64.16448 80.74937 148.6143 324.7363 594.5384 867.6758 820.4413 620.9297 325.793 187.7311 85.80113 68.67783 99.72626 105.4292 96.16036 89.90846 84.4053 74.84561 69.54913 59.62571 42.62016 38.63694 42.35503 42.83173 42.90124 40.60448 19.4259 11.86136 16.06943 28.17889 32.12449 35.52044
522.8408 575.4704 648.9606 716.7936 804.5018 795.3003 747.0258 639.6848 314.5268 311.9789 540.151 527.8169 468.7418 419.3252 395.5248 342.9464 346.4867 321.9558 295.0981 270.4589 234.456 173.091 137.2699 106.7137 96.83975 103.866 102.6722 114.5822 86.60979 38.93524 29.81219 39.81625 81.47726 200.0512 411.4069 701.839 853.111 737.6279 456.3281 239.3474 165.5657 106.2331 78.2825 79.63911 88.08086 87.51717 81.84087 80.94341 78.97691 76.13339 69.42231 53.39993 44.22846 39.72589 35.84629 31.39026 23.8096 12.68645 12.56728 20.10023 39.35249 43.42356 42.51357
625.7653 745.0156 805.2273 864.1991 913.7476 898.0405 738.5582 481.7353 224.4773 200.9117 440.0341 446.6183 469.776 464.9896 433.2708 349.5638 329.1844 309.6016 280.1985 264.5 245.0217 228.2412 185.7493 114.8849 86.30585 98.52171 103.7805 125.806 88.92377 42.34309 22.60673 33.01075 103.5076 244.621 459.9445 714.6541 800.4648 633.5872 385.7532 185.0171 121.6336 108.192 98.24427 96.23031 88.61827 77.86809 79.71976 77.71637 70.97265 70.66112 72.23552 61.23219 49.53975 34.69415 28.02747 22.43845 13.20933 16.55469 14.92072 20.10088 41.08721 53.03336 54.59248
710.2983 871.185 1001.362 1000.821 1030.326 887.5576 730.888 441.4344 183.9483 138.0633 269.0273 344.2614 431.5159 467.1451 415.2168 349.7966 301.5069 310.9618 293.8674 294.9593 257.0967 251.6768 199.2603 112.4567 73.04048 86.88651 115.2723 164.2163 132.873 50.39682 21.01556 36.08066 112.4996 260.6007 487.6512 687.3435 706.3336 530.0702 326.2324 166.9754 104.7697 93.6124 95.75831 102.8055 101.0445 88.69213 88.60165 81.34998 60.89563 61.44246 64.80038 56.63249 39.41323 24.75677 17.40596 21.26144 20.73554 23.30089 24.31854 21.57995 32.04957 58.97123 65.99907
771.0014 900.3531 1099.546 1164.096 1083.259 888.4755 754.9893 494.075 222.5132 109.8398 154.6708 226.7659 371.8984 437.0266 408.0776 341.2728 269.018 280.3297 322.2707 355.1618 298.1769 270.9113 195.7736 112.6244 77.60687 84.85428 132.5583 186.8044 185.6848 67.06213 20.30007 26.34951 95.29108 252.6898 468.5111 612.7899 580.5117 467.8993 291.3175 147.1603 106.0577 98.83435 92.56471 103.2561 95.99352 91.52886 94.24377 100.1753 67.22137 51.56515 49.65745 37.99333 13.09389 .9584732 17.09593 24.30853 27.83194 43.67813 58.1302 25.54391 22.90268 60.84976 72.89194
831.4839 964.8214 1124.368 1243.255 1053.772 818.5104 763.3907 609.5502 321.3109 144.1077 113.1102 140.2025 262.5301 348.6069 377.1016 383.2141 241.0126 239.3804 342.2879 348.2218 288.2393 250.7254 165.6113 115.5297 103.5938 124.7612 162.4219 209.0521 200.565 89.74457 22.79245 22.21841 102.3123 259.4654 412.7703 497.6382 457.2152 394.855 272.6212 138.7407 93.92925 100.3623 102.0551 104.8047 98.74223 90.92871 84.65498 104.432 96.52132 53.95681 26.12992 13.35102 9.598691 1.022779 2.425802 32.26214 56.88219 100.0035 92.90082 25.40812 22.30478 62.72075 69.74844
810.5184 960.6693 1178.666 1169.463 1029.411 711.6517 733.2578 642.7006 393.2482 253.352 151.7764 101.2979 154.7941 246.1955 358.629 445.8242 272.2893 211.1439 297.4617 299.1596 242.1632 229.2399 143.0525 111.0873 140.8423 180.6567 225.9378 219.7767 199.2676 118.8763 21.92118 27.1407 114.9843 234.1247 357.336 393.9851 348.7171 305.5818 241.0113 143.9781 104.2849 102.3219 102.5844 106.0353 111.2648 95.80336 84.09264 86.6867 99.97964 68.04345 20.72224 8.294396 13.14679 20.94322 58.46612 74.73092 103.9193 130.0178 107.7652 28.63254 23.78493 50.65429 61.14115
723.2067 857.0627 991.8159 1004.844 882.1261 645.6171 701.3371 622.7433 407.2053 317.3247 223.8395 114.5378 100.4564 157.6508 316.7802 461.7768 364.8604 220.3618 224.8657 227.1295 189.262 200.7583 123.55 102.6866 164.5818 228.2237 279.6466 230.5378 194.9097 126.6197 37.73303 33.5259 92.293 185.9728 284.8838 303.4586 247.3126 223.4842 212.9418 149.6273 118.6354 103.6954 108.8726 103.5972 115.1845 103.0692 94.59257 81.04242 80.7277 63.73233 18.19617 7.142773 9.949533 45.96313 90.50327 101.7155 111.5353 139.935 117.4525 41.79768 27.32244 30.14027 38.96781
674.0936 731.5221 777.5177 754.6048 604.7548 523.9089 695.1232 573.1796 442.298 355.8152 266.6937 152.5202 90.31076 105.0675 218.0553 387.7388 424.895 297.476 184.6357 165.7953 155.7639 173.7215 102.2632 86.56765 175.5987 256.1803 324.751 284.1727 230.7702 142.2469 65.60912 43.07627 71.1938 114.0876 191.8054 216.8276 170.5503 181.3158 199.266 193.4423 138.7335 107.1474 115.7349 115.0284 117.0601 105.4363 101.655 88.36177 64.18204 41.53141 12.53245 7.313572 7.055992 55.13797 109.2964 109.5206 115.5334 141.0799 144.7097 82.53445 37.48379 31.13865 33.26976
670.2315 576.5846 601.0511 565.6998 392.0255 432.1455 649.3606 596.1448 535.3727 444.8439 338.4546 222.0002 121.271 71.31475 127.7162 277.7386 418.7951 364.6945 222.6033 141.3677 128.8897 138.2478 91.78452 78.77637 153.3837 259.8 351.2204 373.8859 288.4345 169.5334 101.2961 73.54181 87.47858 86.71298 118.3692 139.3102 134.713 152.0401 179.644 197.5518 147.3375 128.794 121.2155 135.7831 138.8069 120.0529 101.3343 84.45459 55.32868 20.84666 8.650099 5.584567 11.22883 56.03798 97.70039 101.7846 107.4294 135.2584 139.5589 128.2416 70.47302 40.98457 42.09512
638.6417 438.8705 435.9606 439.4734 293.2312 364.5734 561.995 589.3671 637.5466 559.2702 416.5799 289.6155 185.8603 84.77166 79.37505 188.078 359.3806 379.6165 256.2819 148.9224 99.31437 112.6041 85.9702 76.12244 136.3123 260.3589 388.2488 467.0424 348.1418 184.8891 108.1665 115.0022 144.2696 133.1464 87.50827 85.53895 112.6218 125.9832 155.0257 184.2318 166.356 150.4766 134.2482 150.1403 156.6371 133.045 111.5404 82.45263 36.46851 8.824443 9.160852 3.472202 16.0455 51.69547 80.72504 90.26756 98.08029 131.7743 148.2006 157.6775 112.0784 58.69061 59.29439
584.306 314.434 284.6402 315.7974 235.3728 319.791 489.9278 611.3886 644.3855 632.4327 452.425 306.9987 212.7713 129.5236 77.31889 128.9529 283.9222 312.0068 257.1736 188.2743 108.9486 89.58211 76.01426 75.66696 137.807 275.4721 425.055 478.4427 342.1034 182.3213 108.5716 130.4483 183.0385 181.2068 120.9532 70.23479 77.87259 101.6509 123.083 151.7693 165.733 150.6517 142.8245 160.4542 171.3234 147.0482 115.4623 90.19022 27.40592 7.563346 11.72908 8.580556 10.9041 37.5393 75.13421 81.35729 87.45682 114.47 137.5671 167.211 131.6191 89.95995 82.64342
671.7505 270.1081 182.8107 212.2786 197.4126 306.1533 446.8163 556.0557 608.3817 659.0439 512.3926 357.2286 228.1905 144.7977 87.81801 105.851 194.8026 240.5508 221.4194 203.4639 132.9487 93.6786 75.82967 77.95123 143.7635 296.3783 442.3353 477.5938 326.203 180.8505 117.0335 134.0258 160.2235 189.5801 147.0078 89.75596 64.90967 79.82042 97.95634 131.5612 161.4264 159.8025 164.0162 169.1325 165.8419 133.4054 102.8329 83.93729 33.70679 9.001789 16.16769 16.74278 13.4383 23.64299 65.97126 73.5513 75.50615 95.78036 120.052 161.5177 146.4281 118.4231 107.0023
726.3411 309.2184 135.8627 130.4778 203.3696 331.9761 391.0562 459.1361 586.9615 591.8055 510.4052 394.47 273.8622 187.4609 116.4966 96.12569 145.9486 180.594 195.2829 184.9007 139.5945 107.2654 78.42381 81.50375 163.2469 352.3862 442.5077 432.4668 294.2408 182.7898 139.5106 134.4879 152.0221 167.4414 148.6429 107.8591 79.22821 74.01369 87.45846 124.4639 158.77 175.4065 182.83 164.8819 146.3773 120.1319 87.74612 64.3985 40.50529 19.46392 21.44469 23.00705 20.70602 16.79366 51.02384 63.17551 67.4568 77.11894 104.9462 136.3236 153.2549 140.3144 132.561
743.4504 371.7758 141.278 97.68777 206.7189 338.5674 361.1899 402.7867 509.1339 525.485 439.5369 384.1265 334.8692 221.6014 164.3395 129.3984 122.498 150.6914 179.9847 157.3995 129.6512 113.5711 79.74919 81.69596 195.5481 414.1385 502.3967 386.6728 222.6499 160.2448 146.1093 149.1275 135.5387 141.1825 133.888 116.8634 93.85347 70.22666 81.58018 107.1084 150.0579 181.0377 202.0422 138.7622 120.7423 98.54025 72.88936 65.1118 51.87962 40.99358 28.75666 27.89434 25.65023 24.06632 34.08026 52.10655 57.47571 65.17797 80.82623 113.6162 150.8178 152.639 145.8848
669.5083 405.3522 156.6402 88.35573 200.5726 318.8983 367.8121 408.1401 462.9102 426.5961 363.7782 330.2272 332.7038 236.2031 189.3243 182.1462 135.1179 136.1353 143.8644 146.9805 127.8024 114.9797 78.95812 81.33864 223.9901 447.2633 576.6233 383.8011 194.1187 133.815 131.8273 145.0139 142.4089 120.9004 120.7683 115.5995 99.25286 80.50848 82.77778 96.09873 136.3184 177.2161 194.4305 131.5784 106.4629 88.2988 73.39941 79.24317 78.76203 55.27905 38.52319 34.95251 29.80762 32.52548 30.21789 34.74209 46.2711 55.28817 60.67167 86.02967 133.2377 160.6512 159.3447
563.5355 372.7957 182.6586 85.00648 167.3153 273.3149 378.2911 427.0978 453.0879 382.5938 299.693 287.8103 312.1011 224.3922 165.2589 194.2719 165.8388 139.254 139.3666 143.8909 120.7743 115.946 83.07439 98.37094 251.4007 447.1026 548.3236 384.0074 197.2234 118.4022 115.8888 129.935 145.4239 130.1276 116.0787 109.6428 98.08889 93.76201 90.53164 87.43864 129.5034 170.6992 162.2216 126.7666 105.1384 94.34891 80.2058 82.189 95.8346 59.19022 47.9158 50.34468 38.90653 36.25605 36.28129 36.43694 34.03215 37.83948 43.32863 60.59087 104.4155 148.6362 165.907
493.7813 325.8836 204.8013 87.26778 131.9132 249.6522 393.4196 420.2358 400.5275 399.5083 318.9416 254.8655 269.1981 208.8025 158.6749 180.817 164.0149 135.2559 175.5054 189.5302 115.8291 105.3143 83.00399 94.15434 238.5077 407.1116 529.7167 383.0758 196.9197 120.8661 108.9896 112.6071 136.4699 131.8847 120.9397 112.4287 108.587 115.2194 113.6431 94.25412 132.0409 162.636 140.9738 105.7161 101.0778 99.77343 88.35224 90.55593 88.29627 55.90609 55.28017 62.08532 60.88415 45.00819 34.75916 37.42739 43.9244 39.42943 26.79613 36.77469 71.49371 122.1369 165.9785
