py_wake/examples/data/AJ_ParqueFicticio/Rough survey   Sector 3   Height 200m   Orographic turn.grd
DSAA
73  159
 258469   265669
 6501692   6517492
-16.79348   11.99736
[rows 108 to 134 of 159, columns 0 to 60 of 73]
1.30163 .7467957 .4921313 .5449353 .6532916 .6753877 .5021027 .03737053 -.39816 -.5521237 -.5676401 -.7118198 -1.1583 -1.840915 -2.650064 -3.446593 -3.917109 -3.784236 -3.369033 -3.062207 -3.141988 -3.529607 -3.765495 -3.336775 -2.310241 -1.406662 -.9768176 -.9628758 -1.417167 -2.094534 -2.976493 -3.712658 -4.015949 -4.031817 -3.730291 -3.351826 -2.606344 -1.550536 -.8023426 -.5185579 -.7640616 -1.509361 -2.88309 -4.701366 -6.424873 -7.60355 -8.503224 -9.071649 -8.722039 -7.416234 -6.036518 -5.329953 -5.625252 -6.596097 -7.684156 -8.55804 -9.430959 -10.43934 -11.58469 -12.8796 -14.63978
.4053678 -.07179251 -.3970108 -.3781621 -.2608052 -.1122471 .01906556 -.1421976 -.3882465 -.5158857 -.4675187 -.4400233 -.7350608 -1.359166 -2.15557 -2.959792 -3.485021 -3.546662 -3.296696 -3.077195 -3.167624 -3.58046 -3.909352 -3.574903 -2.568518 -1.702424 -1.284537 -1.28358 -1.607059 -2.16022 -2.885553 -3.413092 -3.783109 -3.721441 -3.651685 -3.489522 -2.983979 -2.094733 -1.277631 -1.061867 -1.460645 -2.320645 -3.765042 -5.547946 -7.263464 -8.512766 -9.357066 -9.8325 -9.410444 -8.122734 -6.615082 -5.686313 -5.644514 -6.318082 -7.169434 -7.863977 -8.591185 -9.506278 -10.69903 -12.24388 -14.0769
-.4717477 -.815084 -1.013153 -.9805346 -.7798926 -.5247751 -.2752109 -.1766723 -.2946155 -.3420374 -.2561384 -.1674732 -.3151817 -.9141427 -1.735767 -2.493469 -3.02915 -3.186923 -3.129406 -3.133154 -3.322408 -3.688694 -4.011266 -3.828043 -2.865243 -2.056117 -1.654447 -1.590452 -1.809321 -2.087122 -2.479435 -2.876067 -3.096072 -3.283338 -3.405406 -3.589663 -3.39669 -2.656259 -1.854222 -1.620864 -2.033959 -2.910727 -4.225886 -5.933454 -7.678806 -8.961604 -9.770534 -10.13261 -9.691577 -8.347058 -6.789165 -5.771599 -5.530733 -5.890516 -6.530858 -7.13679 -7.775467 -8.587864 -9.815649 -11.39655 -13.34453
-1.243584 -1.242892 -1.29435 -1.211664 -.969905 -.6874064 -.3966614 -.2579566 -.2466637 -.2324046 -.1275669 -.01590726 -.1621797 -.7133653 -1.490686 -2.191673 -2.627531 -2.816398 -3.051849 -3.365192 -3.649422 -4.016556 -4.380282 -4.179749 -3.320382 -2.43751 -2.047455 -1.989353 -1.982489 -2.076064 -2.249513 -2.4685 -2.665599 -2.967965 -3.316088 -3.745762 -3.791983 -3.304149 -2.514381 -2.184642 -2.431219 -3.196783 -4.4069 -6.019482 -7.673586 -8.902256 -9.740984 -10.10676 -9.66385 -8.427333 -6.685482 -5.574759 -5.154303 -5.40722 -5.934154 -6.452061 -7.008249 -7.718349 -8.799821 -10.48761 -12.53572
-1.779561 -1.524897 -1.423602 -1.355082 -1.166902 -.9416162 -.6878648 -.5111957 -.4436455 -.3628586 -.238478 -.1620413 -.3237206 -.8746417 -1.511245 -2.090649 -2.386325 -2.550672 -2.992379 -3.572316 -4.13695 -4.527622 -4.926724 -4.728938 -3.738458 -2.788137 -2.372259 -2.253649 -2.252273 -2.314137 -2.444616 -2.57037 -2.805818 -3.195167 -3.597098 -3.99314 -4.181063 -3.854404 -3.223922 -2.827305 -2.857647 -3.364133 -4.444192 -5.961976 -7.459619 -8.692667 -9.497935 -9.799957 -9.449738 -8.173524 -6.564092 -5.295125 -4.774723 -4.890633 -5.440619 -5.959621 -6.480698 -7.10072 -8.027007 -9.634563 -11.73894
-2.09607 -1.815448 -1.681299 -1.618006 -1.448605 -1.25832 -1.092715 -.9189265 -.7998819 -.660578 -.498931 -.4497158 -.6147634 -1.107025 -1.69237 -2.103307 -2.243745 -2.362932 -2.849432 -3.644915 -4.502684 -5.135358 -5.566652 -5.370647 -4.305587 -3.095645 -2.576752 -2.467628 -2.548842 -2.708448 -2.935342 -3.092654 -3.260426 -3.660725 -3.975927 -4.290751 -4.488008 -4.391129 -4.006332 -3.553657 -3.428188 -3.665525 -4.548727 -5.904863 -7.273439 -8.422632 -9.127129 -9.443408 -9.123386 -7.944817 -6.421914 -5.167846 -4.525943 -4.609403 -5.042623 -5.610231 -6.133745 -6.717567 -7.552602 -8.837938 -10.67451
-2.161372 -1.979999 -1.887556 -1.821707 -1.716062 -1.534959 -1.349936 -1.251333 -1.140679 -.9638774 -.8198705 -.7829508 -.9509064 -1.415056 -1.932027 -2.276189 -2.310232 -2.43568 -2.938259 -3.742555 -4.689851 -5.626255 -6.146491 -5.925268 -4.800442 -3.487619 -2.767736 -2.709348 -2.863768 -3.148826 -3.526773 -3.753396 -3.805726 -3.949576 -4.143559 -4.382632 -4.653454 -4.806897 -4.716753 -4.48725 -4.218561 -4.195333 -4.818875 -5.967253 -7.140201 -8.164886 -8.78232 -9.081519 -8.826724 -7.858785 -6.547779 -5.361858 -4.686733 -4.591966 -4.918246 -5.404649 -5.959199 -6.508465 -7.257522 -8.285617 -9.598718
-1.76866 -1.742736 -1.752969 -1.728221 -1.631753 -1.471395 -1.387122 -1.316994 -1.269338 -1.21833 -1.150588 -1.132275 -1.347981 -1.862973 -2.362104 -2.707207 -2.775506 -2.876421 -3.303366 -4.095489 -4.942226 -5.840968 -6.463409 -6.372002 -5.235819 -3.877675 -3.011486 -2.943294 -3.169653 -3.524314 -3.999793 -4.289543 -4.200164 -4.209221 -4.18148 -4.188254 -4.478197 -4.884116 -5.182539 -5.258237 -5.017043 -4.894938 -5.260087 -6.111464 -7.076824 -7.878242 -8.418083 -8.716895 -8.58142 -7.890664 -6.831621 -5.775345 -5.103626 -4.879348 -5.020253 -5.375739 -5.800406 -6.43154 -7.04844 -7.908786 -8.832467
-.9222371 -1.053057 -1.09391 -1.124628 -1.125537 -1.060733 -1.091395 -1.154236 -1.249216 -1.351995 -1.431443 -1.584548 -1.897744 -2.439291 -2.932903 -3.271353 -3.350817 -3.479392 -3.911637 -4.550628 -5.250493 -5.874312 -6.367324 -6.414454 -5.592575 -4.330612 -3.48181 -3.26017 -3.534982 -3.944318 -4.383662 -4.677567 -4.65133 -4.358315 -4.141675 -3.951113 -3.990347 -4.427552 -5.017007 -5.407977 -5.427489 -5.26493 -5.438094 -5.993442 -6.677855 -7.336275 -7.842009 -8.180079 -8.205836 -7.808119 -6.956072 -6.081385 -5.48441 -5.224942 -5.161389 -5.36166 -5.718849 -6.258143 -6.862574 -7.536116 -8.152369
.1406856 .01130741 -.0793419 -.2090501 -.3140112 -.4685159 -.6115789 -.8610851 -1.119084 -1.371984 -1.659912 -1.958666 -2.391248 -2.924323 -3.288099 -3.474532 -3.533398 -3.701793 -4.077475 -4.659007 -5.243418 -5.692625 -5.918116 -5.974248 -5.573554 -4.802889 -4.11506 -3.908516 -4.152555 -4.453846 -4.879449 -5.151899 -4.972146 -4.505309 -4.08589 -3.538709 -3.161722 -3.357458 -4.029556 -4.780042 -5.029717 -4.930881 -4.881084 -5.176535 -5.761408 -6.321263 -6.799876 -7.233123 -7.440573 -7.276133 -6.787423 -6.129232 -5.622653 -5.358674 -5.28946 -5.340628 -5.577442 -6.008546 -6.564909 -7.143943 -7.469129
1.295383 1.148783 .9608586 .7229838 .45409 .1328071 -.1810458 -.4940461 -.821245 -1.169915 -1.543499 -2.012036 -2.544363 -2.990802 -3.115861 -3.028363 -3.037909 -3.14023 -3.522225 -3.997323 -4.598657 -5.053264 -5.123943 -5.087133 -5.039162 -5.011868 -4.819821 -4.774992 -4.823787 -4.93208 -5.270624 -5.466537 -5.004346 -4.364739 -3.656693 -2.632115 -1.860848 -1.854578 -2.537848 -3.444709 -3.985323 -3.964348 -3.732046 -3.747407 -4.177786 -4.659219 -5.22137 -5.747524 -6.198333 -6.385742 -6.262293 -5.86523 -5.561595 -5.339473 -5.288013 -5.291321 -5.461517 -5.720891 -6.135135 -6.472166 -6.444349
2.115931 1.888241 1.581904 1.236401 .8720423 .425689 .01134874 -.3303375 -.6357714 -.9109 -1.186614 -1.588493 -2.051107 -2.373184 -2.357488 -2.110787 -1.935513 -1.982946 -2.225114 -2.657185 -3.268213 -3.875078 -4.173508 -4.207957 -4.297643 -4.718647 -5.218699 -5.438126 -5.385192 -5.328799 -5.497913 -5.378013 -4.675301 -3.818813 -2.855648 -1.662145 -.688073 -.4632803 -1.033163 -2.074146 -2.829751 -2.936677 -2.609394 -2.356472 -2.613501 -3.031767 -3.493373 -4.083407 -4.697771 -5.204415 -5.525097 -5.465752 -5.325122 -5.251329 -5.204058 -5.184425 -5.261095 -5.40379 -5.609558 -5.634223 -5.31228
2.24895 1.950353 1.627021 1.283204 .8632175 .3871487 -.05941259 -.4473745 -.6961094 -.7218707 -.7183332 -.9850065 -1.381699 -1.560195 -1.487006 -1.15099 -.8139127 -.6947709 -.9114923 -1.335146 -1.996945 -2.806691 -3.357355 -3.434813 -3.657986 -4.175155 -4.866049 -5.490825 -5.590683 -5.447637 -5.436291 -5.047097 -4.165589 -3.171351 -2.008383 -.7566226 .06988604 .3839681 -.04832273 -1.01801 -1.948761 -2.320513 -2.018469 -1.527614 -1.49628 -1.746314 -2.235273 -2.779459 -3.434256 -4.165703 -4.705072 -4.931549 -5.027267 -4.977108 -4.94378 -4.908448 -4.896457 -4.905639 -4.81082 -4.559887 -4.157765
1.7672 1.557937 1.327527 1.01691 .6501397 .160347 -.2713888 -.7500225 -.9585896 -.7035114 -.3794104 -.4644043 -.685221 -.8543256 -.6999338 -.3305604 .07170778 .2918316 .1694848 -.2445337 -.9258786 -1.863109 -2.588772 -2.874159 -3.027109 -3.493763 -4.096097 -4.784544 -5.337647 -5.446305 -5.335355 -4.785542 -3.750642 -2.699204 -1.431516 -.3088647 .4367012 .6570453 .4101114 -.3635223 -1.30327 -1.822767 -1.692542 -1.152035 -.8983266 -1.125431 -1.522681 -2.100407 -2.761383 -3.406099 -4.022715 -4.440395 -4.555792 -4.550177 -4.473315 -4.308454 -4.184791 -4.083059 -3.888729 -3.599972 -3.525499
1.411886 1.256805 1.024598 .7568055 .3834455 -.06319022 -.517396 -1.064963 -1.271668 -.9861717 -.4378442 -.1617814 -.2488773 -.3849411 -.1914783 .2092216 .7120034 1.016112 .9798593 .6854842 .05004712 -.9183884 -1.820003 -2.300217 -2.536618 -2.858675 -3.399341 -4.024483 -4.78802 -5.357331 -5.398571 -4.770194 -3.706684 -2.480459 -1.271864 -.1884474 .5552899 .7641851 .668492 .1143711 -.6065183 -1.166415 -1.237976 -.8252454 -.6164998 -.821964 -1.22618 -1.811533 -2.37585 -2.938893 -3.478522 -3.936087 -4.086712 -3.997319 -3.727332 -3.426237 -3.2413 -3.281819 -3.3112 -3.386362 -3.707126
1.19887 1.061448 .8277004 .5395299 .2237061 -.1611263 -.6379467 -1.082395 -1.466507 -1.318072 -.7311816 -.2817499 -.1299781 -.07128452 .05091859 .3216329 .7921847 1.229518 1.386568 1.177205 .6552102 -.2670658 -1.316949 -2.054014 -2.383126 -2.57544 -2.825875 -3.410079 -4.365299 -5.28926 -5.661084 -5.120016 -3.935044 -2.576843 -1.232682 -.05021308 .7677364 1.093804 1.048835 .6138325 .08279707 -.3558412 -.5681008 -.4798498 -.4194957 -.6498113 -1.073649 -1.639179 -2.158762 -2.601577 -3.085354 -3.401489 -3.570524 -3.380041 -2.862619 -2.415527 -2.363452 -2.564334 -3.219732 -3.881061 -4.307256
1.053473 .9301737 .7042939 .4922676 .229412 -.02303304 -.3873577 -.8930188 -1.437592 -1.481166 -1.000282 -.5201299 -.1841766 -.02844183 .05332525 .1308663 .4096852 .7067257 .819479 .6924647 .2467039 -.4882511 -1.328676 -2.182523 -2.554367 -2.487545 -2.604184 -3.020771 -4.035334 -5.317619 -6.049014 -5.533454 -4.217889 -2.649149 -1.072719 .2062752 1.110319 1.607659 1.604168 1.1566 .7070831 .322962 .02457792 -.1388582 -.2443048 -.4911706 -.8172714 -1.343067 -1.916744 -2.366756 -2.696845 -2.928197 -2.886526 -2.551159 -2.038925 -1.612718 -1.706164 -2.402865 -3.557619 -4.440633 -4.798172
.9335853 .8768051 .7653376 .6124339 .4350035 .2902465 .07330317 -.4086184 -1.130034 -1.509152 -1.203022 -.7055652 -.2359 .00202035 .03368698 -.09276776 -.1002071 -.01157612 -.02899979 -.2459126 -.6648896 -1.181641 -1.749376 -2.321201 -2.720367 -2.623584 -2.640612 -3.004408 -3.995207 -5.444085 -6.407571 -5.922379 -4.297511 -2.498947 -.8037282 .5586327 1.559772 2.113799 2.087364 1.634636 1.146949 .8055505 .5326398 .2806053 .03186214 -.288501 -.596662 -1.001675 -1.53252 -1.972402 -2.245049 -2.250704 -1.991688 -1.425621 -1.003733 -.826024 -1.203343 -2.283962 -3.688969 -4.79083 -5.169928
.8607138 .8791405 .8426035 .8080994 .7407933 .6697413 .6089959 .1174111 -.7122667 -1.325562 -1.273281 -.8299256 -.3031707 .2035558 .407219 .2462422 -.09714253 -.3479622 -.5308608 -.7910338 -1.162181 -1.499279 -1.847475 -2.213017 -2.500394 -2.631061 -2.63094 -3.01226 -3.876587 -5.297104 -6.379572 -5.951562 -4.249585 -2.272783 -.524488 .8577732 1.905333 2.56452 2.59251 2.160363 1.664405 1.314454 1.071152 .8199566 .4585848 .1078717 -.1676192 -.4750156 -1.059298 -1.522239 -1.703374 -1.511756 -.937589 -.3124198 -.02788229 -.1957524 -.9253747 -2.188733 -3.658371 -4.969955 -5.444142
.7433075 .8413354 .9148379 .933188 .9527534 .9940888 1.01794 .6433964 -.1201781 -.8695666 -1.133602 -.9393891 -.37941 .3803622 .8315511 .7206545 .2445845 -.1961737 -.4073687 -.6294644 -.8263179 -1.060136 -1.391096 -1.685176 -1.81231 -1.891469 -2.069898 -2.429847 -3.226364 -4.562952 -5.730572 -5.482924 -3.925065 -2.048105 -.3814005 1.062559 2.178781 2.990911 3.195679 2.898058 2.384656 1.971071 1.669773 1.383413 .979664 .5723099 .1775133 -.1298748 -.6242522 -1.252449 -1.7405 -1.555671 -.9259213 -.2552043 -.02718647 -.3788028 -1.216604 -2.213946 -3.442919 -4.848857 -5.468229
.6554313 .7563607 .8407487 .9361735 1.100672 1.277155 1.521806 1.363814 .7146223 -.08225283 -.7294512 -.88043 -.5260562 .250661 .9273328 1.121421 .7640867 .3067467 .1060844 .003627401 -.0591454 -.2529221 -.5207347 -.7274092 -.6671968 -.5738921 -.7204016 -1.125001 -1.898619 -3.172643 -4.517265 -4.648099 -3.362661 -1.678907 -.09698951 1.363412 2.602763 3.566355 3.988662 3.756131 3.201265 2.655805 2.231457 1.86512 1.392466 .8923953 .3333507 -.1266995 -.6847468 -1.448351 -2.332566 -2.604753 -1.999788 -1.257645 -1.007951 -1.360157 -1.853339 -2.313229 -3.065614 -4.352934 -5.178122
.3996798 .4617324 .578256 .7775343 1.181545 1.705203 2.154584 2.152071 1.605455 .8396891 .03940782 -.6177258 -.6377541 -.1442797 .6721683 1.308767 1.281574 .940703 .6846831 .6254737 .5686616 .4571116 .3201789 .2409993 .4389599 .7465942 .7198579 .3281398 -.5229127 -1.766997 -3.129453 -3.443502 -2.539157 -1.091855 .3489157 1.729457 2.968978 3.991271 4.503084 4.316144 3.733263 3.094299 2.627633 2.192538 1.662007 1.035054 .3546732 -.3731615 -1.026886 -1.93993 -3.023438 -3.716764 -3.392078 -2.603309 -2.133269 -2.194888 -2.251292 -2.200546 -2.605252 -3.682582 -4.610728
-.07051826 -.03343727 .1633919 .5928072 1.159665 1.906133 2.582495 2.750703 2.344974 1.577694 .6575008 -.2360862 -.791132 -.6204178 .2043282 1.155745 1.64929 1.437454 1.113424 .9548573 .9522105 .8746949 .6954669 .7238091 1.145707 1.652795 1.83614 1.380672 .3717295 -.8876677 -1.989443 -2.331593 -1.645402 -.5849833 .6736248 1.883175 2.935621 3.808974 4.266816 4.272976 3.759252 3.114853 2.710303 2.287898 1.749115 1.015824 .2574666 -.5738413 -1.46016 -2.423237 -3.645763 -4.605021 -4.463171 -3.603092 -2.836341 -2.530344 -2.309456 -2.056745 -2.19723 -3.065803 -4.147459
-.5961367 -.5942234 -.2775179 .2671229 .9282902 1.750758 2.594354 2.977211 2.707029 1.995027 1.063179 .01822704 -.827378 -1.023891 -.3343426 .7492629 1.602909 1.786317 1.416188 1.133607 .9667153 .9265248 .8586263 .8760563 1.429268 2.08697 2.333452 1.835358 .7654793 -.4819222 -1.444394 -1.638556 -1.15367 -.2853216 .5848479 1.499447 2.337456 2.998394 3.545235 3.702255 3.428054 2.972446 2.538517 2.145728 1.602147 .8670536 .1286661 -.7411984 -1.761861 -2.983315 -4.257646 -5.265419 -5.200053 -4.282594 -3.34481 -2.776643 -2.438681 -2.112319 -2.107802 -2.589651 -3.487092
-.8748883 -.9397103 -.7019383 -.1309471 .5755006 1.463413 2.428031 2.911549 2.841319 2.353975 1.461088 .4330842 -.4719908 -1.017769 -.7246874 .3007919 1.357885 1.840634 1.745732 1.298041 .9608775 .8936331 .8216594 .950102 1.489263 2.204957 2.46077 2.01882 .9454969 -.2100966 -1.039493 -1.194485 -.8732357 -.3542921 .1350475 .7460722 1.41194 2.087025 2.727127 3.122463 3.061901 2.748307 2.329675 1.938186 1.450943 .8429078 .1891651 -.748152 -2.012175 -3.358736 -4.632674 -5.591835 -5.569265 -4.718921 -3.743428 -3.128826 -2.666553 -2.186593 -1.995257 -2.101236 -2.783609
-.9219314 -1.149473 -1.030626 -.4538491 .2846754 1.184094 2.133251 2.733022 2.883916 2.657604 1.965871 1.061876 .1733934 -.4855843 -.5908885 .1106273 1.16423 1.882523 2.019778 1.674146 1.152149 .9075665 .8323762 1.017325 1.642049 2.315431 2.549739 2.230113 1.316985 .1926248 -.6626835 -.8415933 -.5537461 -.1898849 .02035002 .1988963 .7132716 1.511369 2.243903 2.757929 2.89119 2.713069 2.285113 1.913482 1.508445 1.124591 .4870195 -.4203661 -1.840088 -3.372587 -4.566485 -5.49859 -5.703724 -4.991268 -4.058929 -3.457805 -2.98592 -2.438391 -2.03994 -1.904117 -2.297927
-.8066722 -1.259509 -1.327448 -.8047769 -.07539525 .8192785 1.638963 2.325337 2.702106 2.762578 2.440666 1.745619 .9394122 .2342829 -.07684867 .3224021 1.220031 1.890052 2.166067 2.021263 1.539263 1.131055 .9542773 1.140113 1.838961 2.490924 2.814832 2.485218 1.841568 .8435009 .06959596 -.183213 .02401281 .259789 .3868929 .3688161 .6057848 1.150077 1.902484 2.618524 2.922501 2.866754 2.534236 2.200727 1.929277 1.509852 .9778519 .1787251 -1.214557 -2.925693 -4.118899 -4.967968 -5.475295 -5.152944 -4.327879 -3.748631 -3.388388 -2.841937 -2.308126 -1.862656 -1.947613
