py_wake/examples/data/AJ_ParqueFicticio/Rough survey   Sector 11   Height 200m   Power density.grd
DSAA
73  159
 258469   265669
 6501692   6517492
 226.8198   1610.912
[rows 112 to 139 of 159, columns 0 to 62 of 73]
1195.267 1199.334 1184.309 1172.628 1173.629 1185.364 1197.513 1212.82 1226.621 1239.089 1245.849 1248.339 1201.719 1108.859 1005.773 905.0372 833.6113 787.5508 733.7252 683.1024 656.9158 670.1741 690.6107 757.8859 883.7446 1008.728 1076.483 1110.936 1120.02 1104.94 1084.925 1058.783 1017.02 964.4282 904.0651 848.8234 820.6942 836.3936 891.2794 949.48 968.4495 920.3042 809.3867 673.4752 558.2441 474.3998 423.5033 400.2627 408.2591 465.797 547.8823 614.214 639.1174 622.1213 588.5344 557.2229 529.2709 496.4755 452.8536 391.8188 326.4702 284.3436 264.0041
1256.18 1262.406 1254.216 1244.241 1248.765 1259.49 1274.899 1284.244 1293.049 1298.961 1307.936 1297.695 1244.438 1144.444 1043.529 958.0675 901.5671 857.4239 782.9009 695.5554 624.6146 598.7114 609.8404 674.1057 798.076 931.1143 997.6525 1018.549 1020.025 1016.971 1015.069 1034.916 1057.098 1038.209 1005.024 961.1209 918.5676 909.1092 934.171 987.2029 1015.205 985.0725 873.1857 730.6371 603.3749 508.7764 448.5028 413.0022 405.7692 438.6114 501.5055 561.2457 594.9531 594.2641 574.3423 550.8336 530.0129 504.1403 469.6088 417.3156 352.8757 302.6599 273.5959
1325.51 1326.415 1323.324 1318.12 1315.413 1332.493 1351.891 1360.797 1362.092 1365.404 1363.666 1348.585 1283.247 1183.25 1083.682 1012.14 978.8602 936.4752 851.4196 741.7352 645.1481 575.6108 552.9735 595.9409 706.643 835.2355 913.6609 933.3958 931.2956 929.7362 937.2855 973.3965 1026.893 1059.029 1077.645 1066.112 1036.134 1003.956 996.8953 1025.211 1059.288 1045.526 945.8766 805.791 675.078 569.858 497.4055 448.6899 428.2952 437.2292 474.1118 521.6194 552.7706 565.8096 557.9805 542.4865 524.5015 503.6953 477.7928 439.3056 390.0305 337.1317 299.8389
1373.884 1382.296 1382.966 1381.701 1384.643 1400.456 1416.796 1427.329 1424.108 1416.221 1418.117 1391.813 1324.389 1227.993 1130.794 1068.975 1045.159 1012.628 931.1102 820.3965 714.2714 616.5076 549.0414 544.3467 623.3102 733.926 818.8518 848.363 851.4728 850.1991 862.9427 898.1993 958.3937 1013.586 1073.598 1126.145 1131.967 1091.677 1056.429 1057.382 1086.791 1085.161 1015.145 897.6544 771.5026 660.8435 570.9494 505.2115 469.3996 462.0963 476.9333 502.7672 524.7296 538.2811 539.7211 531.5793 516.7359 497.9434 477.2135 449.4541 414.5558 372.3515 334.8491
1373.547 1392.335 1409.01 1419.478 1426.966 1449.923 1460.846 1457.842 1458.25 1458.424 1448.528 1416.413 1352.852 1258.634 1180.163 1125.127 1103.383 1074.74 1005.813 909.494 805.7146 701.0902 607.5205 553.0411 571.9392 653.0272 727.0263 767.6604 775.9479 785.1327 803.7076 830.4225 881.3326 953.6308 1038.304 1121.918 1166.45 1145.971 1100.298 1062.276 1066.303 1079.195 1050.367 967.0473 861.1144 752.9888 657.3854 578.6402 524.7845 497.8169 497.4088 506.8059 516.8986 521.816 525.3645 520.0264 508.0423 491.1326 472.0919 450.6896 427.5799 396.0496 366.8354
1314.924 1350.776 1382.928 1405.546 1430.186 1446.981 1459.338 1460.458 1460.703 1453.902 1435.201 1401.718 1338.647 1270.547 1219.987 1179.153 1148.6 1110.56 1046.581 961.8889 872.5694 783.0989 696.7619 621.6644 585.0479 602.8811 653.1619 697.1428 716.7048 737.402 751.494 767.3996 826.3914 909.0894 997.8659 1091.6 1158.487 1157.771 1092.499 1020.99 1004.335 1016.745 1021.311 971.7758 893.3998 808.4385 721.8416 639.6879 576.3826 536.7543 520.8008 521.2398 523.1519 522.2298 519.2386 513.2217 502.8788 484.8443 462.7854 443.8253 430.5995 411.6592 389.5508
1211.315 1255.076 1296.734 1336.84 1375.504 1403.512 1424.579 1432.73 1437.2 1416.049 1378.069 1337.804 1282.958 1236.618 1224.265 1213.475 1173.399 1117.236 1045.595 969.1572 886.8959 817.0975 766.9396 708.4601 646.8799 603.3627 602.0853 629.6849 667.7676 696.7513 704.8531 721.0137 786.5059 863.1744 947.1168 1053.646 1147.244 1159.732 1075.297 969.8015 917.9241 924.6542 947.5978 932.6251 877.7368 815.3409 746.6658 675.6015 613.2825 567.5916 544.647 538.6584 535.8445 532.5751 525.6709 518.475 505.1594 488.8194 463.5701 440.0907 426.8095 418.0786 403.3564
1109.932 1157.022 1207.433 1259.047 1311.455 1347.941 1374.081 1396.716 1403.44 1374.92 1318.675 1264.302 1212.285 1180.562 1186.054 1209.62 1191.891 1132.117 1048.388 961.1943 876.4794 806.8264 773.9249 755.0405 711.0666 647.8731 598.6617 589.0419 618.9923 650.4781 663.3705 688.7407 750.7495 821.7599 902.6257 1019.739 1125.917 1153.024 1064.232 938.1076 845.4518 830.811 862.4705 879.7313 842.4791 792.2649 742.6525 687.1481 632.5478 588.5504 557.8702 547.4276 544.0497 539.9872 534.0595 527.4888 514.4421 496.9804 473.177 448.8115 432.1312 426.9372 420.0112
1078.072 1112.126 1155.981 1209.605 1254.206 1293.03 1319.745 1340.017 1357.249 1346.421 1299.751 1222.895 1148.979 1117.388 1127.79 1166.833 1185.139 1147.62 1066.54 969.1191 869.9747 784.7687 740.0665 741.7548 731.9047 683.7069 624.1884 579.5363 577.3936 604.0417 624.0269 660.746 724.2191 788.1562 881.2421 1002.141 1096.083 1141.103 1069.099 940.6108 817.8419 761.8744 781.3347 818.9498 810.8675 774.4792 729.379 685.598 639.5852 597.2881 564.5271 547.2474 541.8046 539.7001 535.7039 529.0091 516.5679 497.7914 478.0997 460.1317 447.9779 442.0567 440.2645
1101.06 1119.222 1146.755 1185.259 1222.47 1248.616 1268.338 1268.946 1273.614 1305.958 1310.908 1236.834 1147.336 1082.44 1074.021 1100.385 1129.971 1125.472 1079.238 996.6857 892.5388 787.9976 720.53 703.6828 705.3925 683.4059 642.9214 591.459 557.3072 561.4882 585.301 632.451 697.9092 768.1116 878.5267 989.6339 1079.201 1112.36 1063.974 956.335 829.808 743.7338 729.8887 760.1503 774.1453 757.4486 727.1157 689.113 649.189 610.8322 575.1529 549.4625 536.7715 534.0706 530.633 526.7312 514.468 493.9804 477.8165 469.2597 465.2478 462.832 461.2022
1163.925 1165.629 1175.753 1195.03 1210.509 1215.752 1216.778 1191.858 1181.431 1227.208 1293.314 1283.013 1208.494 1131.421 1080.22 1063.389 1077.726 1079.508 1057.983 1007.657 923.1755 817.3379 729.6729 686.2195 672.7079 661.157 638.5012 605.7675 559.5617 535.2856 550.4587 599.9543 670.8521 770.3282 882.4846 984.9196 1064.744 1074.237 1038.349 957.7227 856.5547 764.5628 717.7823 721.1063 730.4899 728.6368 714.0038 690.0412 659.8838 626.0198 592.0798 559.7894 539.949 529.7986 524.8524 518.1898 507.3987 488.8374 476.2031 476.7352 479.5132 481.5454 482.4739
1236.6 1240.929 1236.853 1234.622 1225.06 1207.315 1170.298 1115.876 1084.213 1118.279 1216.814 1276 1271.972 1221.82 1157.943 1107.654 1087.181 1071.126 1046.367 1005.578 943.945 853.3398 758.7777 695.0693 663.6761 644.1166 626.1632 600.6424 559.4642 522.2235 520.552 570.0168 654.7611 767.0474 887.4645 990.0717 1051.77 1045.958 1000.419 929.6838 862.2574 791.8387 735.5093 710.5262 701.4065 694.6736 686.8782 672.2072 656.9485 636.759 608.181 579.4963 553.8407 535.038 524.2617 514.9422 496.9909 483.6609 473.6562 477.1728 489.0569 495.475 489.2261
1289.74 1312.643 1309.42 1296.343 1267.476 1225.11 1143.223 1057.327 988.3625 998.6592 1091.057 1185.852 1250.325 1261.881 1236.326 1191.19 1160.017 1135.43 1100.708 1051.468 991.9036 910.0356 821.9128 736.732 685.8494 661.6796 636.9426 606.7274 555.8363 507.7749 492.8027 542.1652 636.3214 757.7751 884.7128 983.7755 1034.496 1025.369 970.6146 898.27 842.7207 794.5911 756.1349 724.1772 700.0295 680.8388 663.3798 647.1134 632.5685 625.6921 610.835 586.5869 564.3564 545.1215 531.5063 519.0812 496.7265 480.3359 465.2065 468.3909 486.005 494.5575 498.7966
1294.243 1349.311 1372.359 1358.021 1316.506 1250.248 1151.586 1036.837 928.9492 894.8999 954.7016 1049.652 1146.333 1208.853 1225.491 1214.025 1202.986 1196.936 1172.59 1124.946 1064.485 989.444 901.355 810.0246 740.749 706.7756 685.9907 647.8759 583.571 509.3698 473.1119 511.3937 609.3427 738.3674 865.9784 965.5872 1012.693 1006.552 952.2765 884.6801 825.7946 781.2519 754.6069 733.1619 711.3968 684.6754 661.9512 635.1682 607.8898 596.8854 587.6913 576.386 561.173 549.6577 538.8384 527.3906 509.9832 490.5069 466.2611 448.0583 462.3298 487.0763 499.7015
1273.01 1349.369 1391.635 1398.677 1358.57 1288.617 1194.977 1061.725 923.514 839.3006 846.493 916.227 1015.992 1105.346 1152.29 1156.177 1150.115 1162.232 1177.601 1161.24 1110.676 1047.06 966.7057 885.1129 814.2363 769.8798 744.2825 701.0057 628.3998 535.4478 475.4059 492.631 579.9793 709.3635 833.7788 930.3147 983.1082 989.3463 939.609 875.7113 820.6567 778.1491 747.3256 728.7886 706.416 687.3604 667.697 642.7571 602.3716 569.0204 557.4205 552.4693 551.7203 553.5833 550.982 546.4379 533.6116 503.7808 470.3183 437.8884 439.766 468.0356 490.7503
1229.038 1317.692 1380.802 1406.224 1374.381 1317.446 1243.01 1118.343 971.137 847.7463 793.2281 816.7607 896.2905 991.5837 1060.181 1078.965 1060.893 1072.071 1102.111 1114.302 1096.854 1052.519 994.0533 937.1956 884.6951 840.0076 797.4211 745.6514 670.9609 569.7071 492.8256 489.8651 567.3524 682.3339 791.4052 881.6567 940.286 961.4888 932.6312 871.199 813.0016 775.7328 750.0837 726.9935 702.7302 680.5847 662.0397 647.4537 614.0411 566.642 531.9269 524.1379 536.1643 559.1324 575.1413 577.7475 559.0898 534.469 491.6378 438.9041 423.1071 445.2883 469.0158
1157.108 1254.073 1327.675 1364.243 1354.59 1320.848 1273.319 1171.967 1032.314 898.3549 799.4191 765.9237 802.9999 886.4898 973.1621 1018.793 993.9523 979.1342 999.2349 1027.613 1033.808 1023.044 986.2047 952.4957 929.7116 897.5744 845.6136 778.7134 700.4883 602.259 512.3419 494.5414 556.3558 650.388 744.1328 822.8625 886.1093 923.0947 919.3406 868.2366 810.9317 766.4564 742.0124 723.5536 702.9653 676.6901 651.5004 635.0169 615.6323 572.4291 523.6993 502.8589 524.647 568.2348 597.8569 607.9969 601.6868 578.9782 527.0988 456.7213 418.4947 425.2894 442.3986
1080.749 1166.542 1239.557 1282.088 1306.29 1310.954 1287.446 1207.65 1082.643 949.7361 836.0436 758.9337 744.8393 799.603 894.8624 972.1401 967.6437 927.2775 914.86 931.1712 955.0934 963.9718 952.0505 942.3618 959.6147 959.9394 909.8809 825.3289 731.0309 628.4259 535.3815 503.7737 541.0991 608.2761 685.7917 760.3926 821.8839 874.0697 893.8104 860.7986 813.9711 769.8649 739.0126 713.0793 693.7504 669.9193 643.48 614.8948 593.9695 559.0883 512.5854 489.7397 513.0166 565.7169 619.649 639.9404 643.479 629.8101 578.3694 500.099 438.7332 414.7466 421.9992
1033.426 1088.669 1140.692 1184.923 1227.483 1276.255 1303.568 1249.839 1142.097 1010.384 887.7806 784.587 725.2983 740.6808 822.7277 918.5886 958.1879 922.4352 874.4651 857.8585 875.8768 896.3249 897.5379 913.5411 962.267 1002.927 982.7333 898.6281 789.7243 676.1373 580.5768 529.0295 534.7023 571.9306 631.0995 697.0065 758.4927 822.3649 864.467 863.5068 827.7059 782.3395 749.8206 719.0403 689.1632 658.3862 632.2037 600.2629 565.0734 530.9792 492.7042 470.546 497.8087 561.444 624.9636 659.2833 671.8328 672.3516 637.691 564.8183 488.3647 438.3021 416.6511
1012.765 1028.481 1057.037 1096.648 1141.558 1212.827 1299.799 1302.911 1223.866 1103.975 970.2081 840.9975 750.4889 714.2405 762.9147 859.4833 938.1743 935.2199 879.6048 831.4352 818.2084 834.1609 843.9866 867.1577 938.4888 1001.87 1029.719 979.1057 873.5243 757.8613 654.2415 593.417 565.8449 566.6907 594.4722 642.4141 699.0829 766.3029 828.1333 852.9178 841.0276 808.005 780.9415 753.3311 718.5673 672.1556 627.7448 585.3632 541.3051 498.4101 463.5829 454.8216 485.161 548.8453 614.0034 657.5967 682.0891 700.21 687.8824 634.2856 554.2935 483.6149 439.9777
1001.131 972.2909 980.5784 1018.905 1062.27 1142.781 1248.555 1303.627 1282.339 1181.837 1051.818 915.4525 801.4074 727.1652 725.2283 801.8633 892.1435 929.8887 897.7679 838.124 798.85 794.9814 800.264 826.8158 893.6391 971.515 1027.399 1020.875 928.9902 829.0626 737.192 679.7621 644.7339 615.6704 598.8746 608.6727 651.1169 710.692 774.0087 822.0218 835.1347 827.5103 806.0359 785.9106 751.8683 703.4769 649.5956 586.418 519.4041 469.2129 442.3636 436.8804 466.8661 526.8325 589.9805 638.5569 674.8963 706.304 717.4175 693.008 624.6439 548.1966 489.6271
999.7628 931.3755 912.4967 945.2397 993.2789 1076.769 1185.107 1269.232 1291.439 1231.413 1115.216 978.4948 852.4805 761.1135 718.6666 754.3411 833.0576 885.7878 891.9674 853.6619 803.2442 778.7 773.5623 796.178 855.1184 925.9891 980.0416 985.5279 929.2039 852.7681 778.7578 741.7836 722.108 687.4435 646.2136 620.8293 623.3361 661.8348 717.6899 772.2408 804.2881 807.6423 799.9421 790.8337 768.4999 727.9254 673.1048 600.2977 520.784 459.4773 429.9897 418.8346 434.648 486.3437 552.1308 603.6415 648.6644 692.5815 725.9959 732.0284 685.676 618.1448 546.892
1022.798 916.0466 864.1314 881.5065 933.475 1020.526 1121.564 1214.694 1278.123 1270.568 1190.978 1057.603 919.535 807.3627 735.828 728.7313 775.8364 826.3304 854.6178 847.9431 809.668 775.4594 759.3137 772.6913 825.0089 883.8645 937.0497 940.3871 902.5472 841.5779 783.7533 756.2216 751.7167 735.2123 694.6116 653.1409 630.6901 640.2744 677.6937 730.1009 771.0129 781.6934 778.796 772.0462 758.2883 721.9213 675.5615 614.2169 536.4526 464.7749 427.4851 410.1286 408.3829 439.8797 500.9648 556.7984 603.484 655.5784 705.9498 739.7958 719.9701 673.9512 619.3448
1063.614 934.3875 848.3592 841.83 898.6854 978.4249 1063.481 1141.863 1218.195 1251.001 1224.674 1139.119 1008.148 883.0472 784.5206 736.9396 747.5114 779.577 810.0086 819.6456 803.0159 774.8555 755.2012 768.7048 815.7472 875.4424 908.8503 895.5779 863.2487 820.6971 780.085 751.2905 738.9775 739.1683 720.7545 683.8802 654.3062 643.8557 658.7682 698.2761 738.5346 761.3388 759.0958 750.3535 735.5752 710.8651 673.4262 620.2999 552.0167 482.6773 435.8473 410.1142 396.1989 405.8041 447.928 498.9678 549.0303 600.5731 650.4835 703.7386 731.8455 719.4166 681.5908
1102.587 972.3508 864.3099 829.4238 879.3701 954.7783 1017.39 1075.294 1136.107 1173.241 1182.505 1151.195 1075.922 972.5413 872.4075 795.0665 759.4558 758.9509 776.9065 783.7516 777.116 765.6177 752.3607 771.9749 827.6831 890.3997 913.778 871.921 825.9541 791.0447 766.6577 749.9467 731.2631 725.6214 720.1298 697.8041 670.2474 654.2721 654.0864 680.3814 718.9904 748.6771 751.209 736.1266 719.4112 697.6441 665.9278 623.2578 567.3718 507.5181 455.2681 419.437 396.0193 389.7112 408.4664 444.3172 480.52 530.1902 588.3752 654.4435 709.7499 732.1203 720.1262
1112.414 1001.448 890.8583 833.2544 871.4304 939.8546 993.135 1037.186 1074.311 1090.177 1094.168 1095.798 1068.975 1009.782 940.5814 871.7948 809.2281 776.6701 765.7928 758.0805 749.3113 744.4175 737.7548 766.4789 834.3077 906.5782 928.9422 873.9434 808.493 757.2847 743.4714 741.9234 734.3608 719.713 709.8311 697.8082 677.4533 660.6276 652.8812 668.1238 705.5349 737.3796 745.3623 737.527 719.3036 694.6435 663.8474 636.1922 592.7053 538.8899 485.7105 441.7408 408.4909 389.6956 388.6868 395.6483 422.5147 462.6646 515.9736 583.6569 656.4833 710.1747 731.1223
1087.696 1001.278 905.2125 847.0948 871.7418 930.6245 988.3789 1024.581 1045.283 1040.587 1025.239 1018.543 1011.253 983.6164 946.5442 913.6705 867.6944 823.7438 788.8376 757.0229 729.9547 718.442 712.7713 747.962 829.2532 910.1436 938.1771 889.5839 807.5513 743.9058 721.5806 725.4253 733.8961 725.1463 713.8488 696.0978 679.2513 662.2496 649.6182 651.0539 684.1068 718.017 730.3057 728.4861 718.6829 700.0449 666.5409 642.1321 608.1445 559.7612 515.4797 477.4721 436.8463 397.8595 383.3607 382.2245 390.2093 408.4137 442.9809 502.0394 581.3757 655.8171 706.9885
1046.007 974.5917 908.8175 860.4775 879.316 934.3856 991.492 1019.274 1033.735 1038.703 1011.522 974.6826 958.7748 939.1987 920.0305 908.3182 887.4615 862.0587 841.2771 796.5392 742.1421 706.1417 697.7628 731.7432 808.5977 898.3591 934.2909 898.1976 820.2118 750.6886 714.5501 708.0569 720.7985 726.0311 717.8793 705.1032 689.5699 671.8194 652.1588 642.4854 663.8784 688.9279 704.2776 709.0983 704.9189 689.9988 661.4801 636.8624 608.2979 568.8975 535.1852 502.2796 471.5605 433.7457 405.4735 391.9505 388.6564 387.3625 394.7348 430.0566 496.8604 581.0129 653.3918
