py_wake/examples/data/AJ_ParqueFicticio/Rough survey   Sector 12   Height 30m   Weibull-A.grd
DSAA
73  159
 258469   265669
 6501692   6517492
 .2253106   8.829541
[rows 112 to 139 of 159, columns 0 to 62 of 73]
6.381176 6.413834 6.223612 5.95928 5.746857 5.425423 5.166002 5.10829 5.119425 5.120065 5.039639 5.064554 5.03441 4.93343 4.811891 4.456292 4.055308 3.808679 3.300256 2.603847 2.881521 3.91568 4.575386 5.067356 5.745832 5.739135 5.78518 6.3331 6.934128 7.321484 7.871801 8.249693 8.045091 7.201589 6.377296 5.619547 4.951208 5.073389 5.334752 5.559673 5.705858 5.488504 4.922446 4.697352 4.246292 3.656512 3.200528 2.768013 2.555836 3.618592 4.552856 5.073328 5.384695 5.322851 5.162396 5.10508 5.08259 5.014189 4.805817 4.282478 2.854824 2.602946 2.314182
6.949511 6.839374 6.686448 6.465105 6.346208 6.231693 5.929626 5.716235 5.627545 5.545488 5.443413 5.417273 5.3501 5.147345 5.054496 5.086943 4.590487 4.233434 3.86211 3.097218 2.808784 3.102117 3.639578 4.480289 5.394048 5.750826 5.764185 5.885121 6.354673 6.893866 7.308834 8.067412 8.644212 8.677552 8.024167 7.084197 5.954931 5.376873 5.441609 5.537819 5.858563 5.846919 5.423503 5.075965 4.555416 3.921757 3.439049 3.07086 2.74907 2.930598 3.435159 4.171731 4.756362 4.978956 4.99644 4.965942 4.989362 4.99811 5.027457 4.805937 3.885839 2.331395 2.231023
7.790551 7.526486 7.330421 7.096467 6.902719 6.798775 6.672971 6.377656 6.155872 5.946784 5.778163 5.837627 5.568725 5.339725 5.310909 5.255732 5.062654 4.814518 4.202394 3.664186 2.832105 2.700922 2.775303 3.485356 4.768607 5.383103 5.692554 5.978191 6.082829 6.399539 6.688157 7.254182 8.063554 8.550531 8.829541 8.575371 7.643141 6.606061 6.291532 6.331878 6.538767 6.586769 6.382308 5.808367 5.102365 4.489792 3.930347 3.463723 3.21167 3.103402 3.219777 3.609267 4.155105 4.680279 4.800418 4.822826 4.862539 4.899277 4.991859 5.03577 4.860376 3.84023 2.512719
8.232759 8.052802 7.878551 7.649965 7.400862 7.203286 7.003307 6.770154 6.5365 6.335733 6.202809 6.278577 6.02076 5.827378 5.837942 5.719429 5.527841 5.544278 5.160053 4.830478 4.322936 3.523724 2.665815 2.605717 3.65438 4.569871 5.171187 5.562175 5.798873 5.791569 5.949886 6.413836 6.932531 7.547449 8.078914 8.602572 8.519731 7.846699 7.321096 7.349695 7.662746 7.880274 7.777528 7.23784 6.31067 5.560268 4.74801 4.070802 3.730629 3.65359 3.680021 3.800534 4.05865 4.364882 4.619301 4.715132 4.725832 4.790627 4.826412 4.920186 4.815832 4.399637 3.952796
7.852015 7.8596 7.793036 7.677913 7.449635 7.189226 6.905029 6.803528 6.706473 6.625247 6.571823 6.568465 6.843133 6.984949 6.715374 6.548847 6.569574 6.659989 6.787838 6.597139 6.086848 5.349977 3.908834 2.646796 2.677485 3.675338 4.654477 5.189265 5.339752 5.444324 5.667729 5.76955 6.123487 6.573533 7.100819 7.742807 8.106755 8.053647 7.663651 7.483638 7.752594 8.44162 8.65623 8.341007 7.702141 6.885105 5.967988 5.115237 4.470117 4.177327 4.17261 4.201735 4.214263 4.262439 4.431009 4.546476 4.581513 4.593876 4.640515 4.77127 4.77663 4.548166 4.290112
6.867147 7.024402 7.045781 7.010885 6.820874 6.622238 6.5597 6.521822 6.471752 6.487991 6.570546 7.129179 7.519336 7.680469 7.519664 7.060524 6.946618 7.033937 7.195774 7.136003 6.976581 6.683413 5.99656 4.291347 2.996995 3.112293 4.14388 5.040614 5.273562 5.20289 5.356173 5.602982 6.101285 6.40739 6.766041 7.377945 7.416732 7.007903 6.821878 6.880003 7.102596 7.58869 8.027416 7.932102 7.839497 7.516239 6.82189 6.072076 5.319712 4.7458 4.557255 4.553664 4.463501 4.42381 4.377319 4.426328 4.426488 4.374024 4.283206 4.443829 4.610322 4.666989 4.358319
5.234666 5.455138 5.631253 5.766808 5.894369 5.99853 6.088295 6.120851 6.018414 5.949058 6.112339 6.726209 7.279781 7.474076 7.551887 7.347604 6.873762 6.50144 6.56965 6.545406 6.531215 6.536108 6.744006 6.231915 4.496551 3.292374 3.493967 4.243278 5.186087 5.221727 5.2978 5.314693 5.762836 6.068847 6.229502 6.529577 6.361245 6.08644 5.254462 4.999169 5.470705 6.128352 6.69699 6.620357 6.478554 6.748959 6.659677 6.191683 5.692864 5.108319 4.865593 4.835936 4.756285 4.736856 4.618389 4.584259 4.488092 4.453156 4.17481 3.863524 4.15805 4.393969 4.172009
4.06447 4.273872 4.608708 4.959031 5.228014 5.43364 5.607545 5.817381 5.843574 5.641509 5.388593 5.372481 5.975084 6.401284 6.782445 6.909693 6.379712 5.688219 5.17775 5.00197 5.050412 5.130962 5.738353 6.435313 6.002458 4.787154 3.777649 3.860902 4.48394 5.29103 5.206488 5.221931 5.331347 5.435617 5.48952 5.343546 5.680803 5.8045 5.022871 3.916449 3.72773 4.529019 5.449068 5.626578 5.474625 5.342923 5.571139 5.577798 5.394178 5.051292 4.825391 4.838465 4.929265 4.898847 4.884673 4.863427 4.772214 4.752845 4.582891 4.181533 3.812324 3.763995 3.706741
3.769955 4.015116 4.26861 4.537879 4.791848 5.033055 5.192863 5.497173 5.836949 5.911184 5.507605 4.709638 4.513359 4.673188 5.311617 5.986696 6.245584 5.932795 5.27355 4.709235 4.20515 4.141353 4.299027 5.374356 6.006992 5.805537 4.786066 3.818285 4.00745 4.673552 4.941099 4.85278 5.118906 5.067465 4.988829 4.93521 5.274481 5.643645 5.510551 4.5554 3.689872 3.598463 4.340486 5.17753 5.360905 5.095002 4.944716 4.917663 4.876701 4.747401 4.570797 4.518144 4.770062 4.866098 4.901414 4.872567 4.83885 4.702013 4.634122 4.400451 4.081185 3.824975 3.644029
4.431829 4.22659 4.298969 4.442785 4.563999 4.783144 4.875925 5.098719 5.450078 6.188087 6.245266 5.378161 4.443292 4.006389 3.916455 4.660983 5.51599 5.885304 5.85796 5.438287 4.800569 4.227418 3.861385 4.024164 4.885935 5.401667 5.260548 4.334735 3.615041 3.908005 4.394655 4.675525 4.806916 4.735391 4.620471 4.76644 4.937681 5.410983 5.83578 5.435373 4.663837 3.934363 3.858088 4.465774 5.130723 5.342311 5.231604 5.085268 4.909426 4.727944 4.466623 4.329927 4.358655 4.625865 4.712664 4.834412 4.779744 4.56971 4.349274 4.279571 4.041482 3.800718 3.96321
5.096789 4.661433 4.367873 4.400651 4.444533 4.479545 4.748828 4.856515 5.11625 5.950294 6.747789 6.565821 5.731815 4.673421 3.907354 3.665235 4.110796 4.640031 5.002328 5.240191 4.962845 4.341196 3.751729 3.375293 3.539984 4.083576 4.617583 4.786577 4.000406 3.640264 3.82319 4.445869 4.701666 4.951602 4.719068 4.827866 5.061319 5.180929 5.540238 5.693866 5.514077 4.612174 3.948446 3.861576 4.382338 5.008287 5.327472 5.41743 5.29734 5.015055 4.757995 4.41871 4.257784 4.199168 4.346169 4.42979 4.459889 4.3762 4.271103 4.483346 4.57398 4.554557 4.550466
5.638668 5.248356 4.864863 4.610195 4.471209 4.438378 4.387277 4.469583 4.836154 5.544573 6.578514 7.082881 7.006089 6.457126 5.389567 4.592786 4.171844 4.011323 4.02015 4.208137 4.328114 4.100425 3.616778 3.33948 3.488522 3.504411 3.646575 3.962787 4.035775 3.722615 3.677835 4.2752 4.762456 5.02392 4.987882 5.060602 5.103296 5.134834 4.987827 5.039225 5.481344 5.264138 4.574749 4.044444 3.962723 4.23055 4.745631 5.119052 5.398023 5.383037 5.148342 4.845888 4.584687 4.341416 4.173213 3.955825 3.833546 4.111434 4.256385 4.565052 4.906747 4.92728 4.742029
6.161222 5.98735 5.53331 5.151867 4.821456 4.570521 4.191701 4.023008 4.038525 4.492822 5.550018 6.588321 7.040548 7.219708 7.039744 6.708098 6.138083 5.428536 4.971073 4.628388 4.653943 4.612984 4.282775 3.888702 3.883751 3.825018 3.566115 3.392328 3.106943 3.174516 3.206693 4.196656 4.846322 5.101593 4.979276 5.134379 5.178276 5.144145 4.874302 4.461848 4.559609 5.077373 5.118326 4.694146 4.346304 4.235606 4.135404 4.353467 4.763086 5.32359 5.429823 5.210992 4.976392 4.749016 4.540289 4.229568 4.000909 3.956242 3.916947 4.166373 4.822998 4.96102 4.825472
5.914493 6.062488 5.980053 5.536734 5.109773 4.782341 4.355564 3.753323 3.283233 3.36483 4.280231 5.256021 6.185964 6.841496 7.192761 7.397126 7.53299 7.669172 7.513526 6.945003 6.575084 6.396339 5.954329 5.348969 4.685892 4.43899 4.435721 3.948549 3.537813 3.213279 2.62879 3.492497 4.469526 4.758395 4.862564 5.052768 5.140072 5.073346 4.860388 4.636098 4.580406 4.538552 4.849207 4.992514 4.876101 4.650294 4.4444 4.094254 3.900093 4.446787 5.040101 5.156802 5.004418 4.680095 4.371957 4.159303 4.060104 3.954681 3.606389 3.533497 4.275884 4.843842 4.743309
5.629376 5.72423 5.8575 5.64745 5.350306 5.286223 5.011643 4.322557 3.466877 2.88869 3.18024 4.110383 5.075139 5.696923 5.958236 5.977713 6.466121 7.458201 7.695777 7.777483 7.602061 7.272041 7.024214 6.548473 5.919971 5.555098 5.545764 5.492893 5.035357 3.92788 2.522462 2.853905 3.860519 4.031889 4.519284 4.940411 5.1942 5.197658 4.920143 4.643005 4.772333 4.581059 4.341932 4.319893 4.502432 4.614191 4.513712 4.217285 3.835004 3.333654 3.821476 4.214412 4.28838 4.298591 3.998728 3.80318 3.707635 3.623735 3.497459 3.236018 3.612054 4.422475 4.621158
5.539721 5.64712 5.662285 5.808751 5.673322 5.624028 5.646854 5.293573 4.369672 3.278055 2.786257 3.156157 4.128643 4.856572 5.211032 5.114825 4.844308 5.619177 6.663047 7.109131 7.244585 7.139524 7.004258 6.880858 6.409219 5.866761 5.468029 5.305248 5.384748 4.676135 2.926922 2.987245 3.850814 3.994397 4.309872 4.733054 5.126039 5.300996 5.046511 4.562219 4.343075 4.366313 4.37375 4.170986 4.089827 4.095747 4.285865 4.311538 4.19063 3.588614 3.29261 3.769849 4.309375 4.368143 3.5066 3.49464 3.872113 3.736533 3.674292 3.108143 3.122894 3.872015 4.219908
4.687197 5.11345 5.565551 5.717698 5.693708 5.750314 5.783239 5.588933 4.989427 4.211941 3.225672 2.80293 3.340537 4.236807 4.91932 5.050163 4.457135 4.155773 4.918821 5.535066 6.046532 6.310984 6.414067 6.49553 6.291327 5.55125 4.632334 4.271719 4.350829 4.324345 3.317288 2.815636 3.754944 3.868554 4.210699 4.459325 4.716475 4.883034 4.755621 4.377324 4.008185 3.877523 3.9362 4.05327 4.119215 4.008688 3.99774 4.269637 4.672635 4.726996 4.198375 4.087398 4.517391 5.296695 5.330806 5.192667 4.904171 4.495893 3.899163 3.126105 2.862763 3.320583 3.466199
3.613385 4.137669 4.83655 5.403851 5.817143 5.747506 5.511396 5.229095 4.762303 4.280672 3.645132 3.005528 2.821436 3.54903 4.571735 5.1113 4.67821 3.815135 3.743931 4.383398 4.903051 5.38157 5.789685 6.025383 6.051064 5.442672 4.683997 3.897402 3.486747 3.252845 2.937608 2.711367 2.853125 3.197735 3.699486 4.042659 4.176901 4.319904 4.321753 4.192559 3.928197 3.740173 3.68643 3.695184 3.760399 3.976403 3.937701 4.025437 4.376388 4.841971 4.759223 4.248426 4.456078 5.534547 5.850726 5.730686 5.539874 5.277067 4.420475 3.562543 2.7251 2.733038 3.19579
3.385123 3.762472 4.290466 4.684153 5.244495 5.730605 5.718729 5.304451 4.673013 4.151175 3.629498 2.995875 2.750747 2.91398 3.961018 4.934046 5.033436 4.30231 3.52264 3.639084 4.170374 4.714675 5.198676 5.460176 5.879549 5.648909 5.404039 4.581944 3.870139 3.243731 2.656116 2.135824 1.836647 2.001754 2.93007 3.534374 3.823224 4.137694 4.472281 4.507092 4.280226 3.955486 3.768058 3.577243 3.420362 3.533956 3.725947 3.948778 4.087713 4.462829 4.601468 4.318363 4.431467 5.284611 5.637949 5.677064 5.696696 5.570484 5.155019 4.562558 3.467445 2.925673 2.982202
3.626021 3.819515 4.222228 4.497527 4.800785 5.30632 6.071087 6.148493 5.751595 5.275008 4.541724 3.917878 3.328903 2.945934 3.320728 4.474891 5.258695 5.042091 4.204423 3.665622 3.711853 4.220426 4.672732 4.843383 5.236304 5.576138 5.811206 5.749478 5.285512 4.796944 4.188836 2.890781 2.149855 1.703841 2.138079 2.955128 3.602365 4.218441 4.663279 4.833347 4.85999 4.588553 4.527797 4.316533 4.014277 3.607232 3.4918 3.648875 3.930368 4.135163 4.226533 4.228957 4.592045 5.08839 5.497626 5.686728 5.835236 5.794139 5.953215 5.67601 4.568424 3.504354 3.039752
3.612504 3.608559 4.147387 4.607841 4.800922 5.017059 5.848954 6.120073 6.169119 5.836195 5.268836 4.728722 4.149813 3.515024 3.341133 3.996184 5.059302 5.358492 5.02339 4.286395 3.965936 3.940604 4.291173 4.465523 4.765893 5.242041 5.763817 6.178703 5.852752 5.87461 5.510168 5.02754 3.944409 3.049915 2.339307 2.585412 3.197144 3.866639 4.486398 4.96182 5.094709 5.161187 5.209677 5.088151 4.893511 4.677735 4.197632 3.738688 3.57569 3.817678 3.960393 3.811834 4.495074 5.156224 5.385835 5.674058 5.795227 5.829956 5.979852 5.72213 5.266249 4.373697 3.823536
3.55648 3.306 3.607579 4.231997 4.437732 4.736634 5.217467 5.684874 5.961206 5.735639 5.115064 4.543058 4.155977 3.698891 3.350878 3.4463 4.407863 5.014989 5.169916 4.764369 4.344089 4.20883 4.311084 4.373836 4.373196 4.735486 5.269114 5.427643 5.483688 5.659737 5.622873 5.632028 5.549677 4.869273 3.838901 3.245401 3.024042 3.350741 3.81649 4.469895 4.768734 4.816991 4.938701 4.999879 5.194581 5.095237 4.881307 4.465191 3.832612 3.600299 3.686746 3.363786 3.38098 4.580705 5.170505 5.384835 5.64713 5.978312 6.205853 6.126082 5.648441 5.120697 4.472833
3.97238 3.314467 3.287413 3.880136 4.209553 4.536906 5.042899 5.765514 6.184027 6.246835 5.948321 5.067841 4.153969 3.541769 3.173853 2.952547 3.583551 4.246928 4.711269 4.81567 4.496148 4.287766 4.160773 4.085232 4.108738 4.173335 4.42699 4.723597 4.878628 4.812721 4.776591 4.815654 5.312457 5.296855 4.955337 4.142075 3.64378 3.29732 3.513095 3.916732 4.258201 4.337884 4.332735 4.449627 4.640281 4.733547 4.763942 4.64716 4.347573 3.549035 3.535759 3.378649 2.936352 3.348128 4.454721 4.940541 5.257304 5.675912 6.00341 6.238051 6.251363 5.734113 5.294681
4.740923 3.928491 3.649668 3.954911 4.441407 4.524231 4.753274 5.208937 5.903802 6.450442 6.603923 6.226202 5.327972 4.284452 3.353657 2.811484 3.001994 3.584289 4.134229 4.48813 4.510742 4.359065 4.375035 4.257019 4.124869 4.126016 4.200021 4.240951 4.515812 4.577101 4.361994 4.01684 4.091634 4.579208 4.732771 4.417695 3.97446 3.532157 3.433097 3.664296 3.989652 4.107056 4.025615 3.977521 4.108978 4.12792 4.011826 3.91368 4.092414 3.561107 3.298217 3.255208 3.078834 2.59916 3.615724 4.258873 4.724469 5.147692 5.676487 5.976681 6.187035 6.086445 5.736518
5.517578 4.847664 4.30209 4.11573 4.413347 4.604309 4.42471 4.424197 4.834446 5.41875 5.97055 6.369049 6.163984 5.763893 5.017222 3.886172 3.143028 3.270342 3.675276 4.01979 4.232741 4.395309 4.530086 4.544787 4.41829 4.462384 4.342986 4.007595 3.98348 4.286253 4.443317 4.236481 3.863263 3.884581 4.162082 4.149419 3.895711 3.86578 3.603102 3.690614 3.942955 4.09932 4.029572 3.86643 3.754414 3.661645 3.744039 3.709079 3.683689 3.645107 3.40475 3.102996 3.072648 2.80108 2.899192 3.55162 4.094547 4.57269 5.134951 5.717564 6.060899 6.014775 5.82925
5.707839 5.356476 4.742816 4.231586 4.299975 4.501271 4.375956 4.246839 4.229179 4.250646 4.647021 5.318171 5.819424 5.828614 5.804366 4.982143 4.087959 3.514436 3.401595 3.57884 3.742582 4.053344 4.397126 4.614829 4.530741 4.719667 4.700285 4.235195 3.694059 3.647696 3.984669 4.225502 4.091815 3.840461 3.790905 3.870629 3.864208 3.817416 3.640794 3.706249 4.070018 4.205047 4.261083 4.281651 4.146926 3.987708 4.113525 4.596261 4.654443 4.513796 3.926042 3.344813 2.988634 2.882163 2.580133 2.579036 3.118697 3.682256 4.301237 5.016677 5.656968 5.931604 5.8662
5.23583 5.232534 4.964928 4.371606 4.116457 4.390049 4.35868 4.369813 4.307351 4.050785 3.748932 4.088851 4.825247 5.05469 5.297122 5.356893 4.921423 4.256768 3.67971 3.384803 3.375226 3.760243 3.945215 4.141687 4.428757 4.847674 4.742378 4.404492 3.820567 3.470715 3.551847 3.869944 4.153188 4.072541 3.944445 3.819915 3.794759 3.658162 3.477219 3.505365 3.93439 4.228039 4.336555 4.371633 4.427966 4.428352 4.53154 4.652082 4.599921 4.600313 4.356722 3.874211 2.976068 2.660959 2.700615 2.572482 2.232514 2.42497 3.052801 3.919512 4.763443 5.358828 5.649989
4.806382 4.802941 4.776538 4.511348 4.184579 4.269852 4.411612 4.402597 4.63881 4.640213 4.073954 3.556694 3.870911 4.243963 4.393659 4.983875 5.100368 4.99833 4.66345 3.80883 3.258434 3.374331 3.688887 3.999051 4.282773 4.620623 4.720499 4.420583 3.922297 3.604295 3.454127 3.604524 3.900651 4.169263 4.108049 4.022896 3.898972 3.655903 3.48348 3.379138 3.487284 3.773667 3.933594 4.044105 4.071207 4.107107 3.935143 3.971166 4.025252 4.320428 4.414213 4.585132 4.38115 3.647671 2.907107 2.774023 2.525583 2.20361 2.02927 2.641204 3.691342 4.548291 5.107771
