py_wake/examples/data/AJ_ParqueFicticio/Rough survey   Sector 7   Height 30m   Weibull-A.grd
DSAA
73  159
 258469   265669
 6501692   6517492
 .3886977   9.489745
[rows 112 to 139 of 159, columns 0 to 62 of 73]
6.507874 6.365207 6.238719 6.175642 6.032392 5.901242 5.759486 5.796795 5.990571 6.130384 6.08967 6.121818 6.069645 6.100854 5.964692 5.461233 4.962396 4.843669 4.511186 3.641184 3.982147 4.90817 5.489143 6.020118 6.474768 6.60103 6.680621 6.660994 6.570989 6.234677 6.008682 5.947595 5.808132 5.80184 5.599887 5.416647 5.522206 5.674327 5.892828 6.207651 6.554054 6.620633 6.323412 5.922158 5.547165 5.148152 4.810784 4.652732 4.405628 4.954101 5.508543 5.509535 5.295013 5.000443 4.861817 4.843635 4.881487 4.93676 4.898351 4.680946 4.27772 4.373984 4.389484
6.887394 6.713712 6.668908 6.694564 6.656074 6.568085 6.567996 6.622097 6.669402 6.619752 6.529555 6.580033 6.502533 6.348823 6.056647 5.703843 5.368664 5.275801 5.037091 4.280119 3.758499 4.082288 4.793002 5.807213 6.367996 6.622291 6.370564 6.047471 5.96946 5.947314 5.830237 6.21792 6.790792 7.06935 6.760624 6.50292 6.384656 6.111923 6.250087 6.557572 6.915314 7.008578 6.749871 6.202404 5.72211 5.268013 4.889496 4.628362 4.300576 3.999283 4.332059 4.602879 4.62326 4.609169 4.616407 4.794608 4.888665 4.985679 4.939804 4.827218 4.749227 4.1671 4.119095
7.504271 7.404186 7.368468 7.330619 7.249549 7.206483 7.299466 7.339786 7.208114 7.000149 6.960109 6.998012 6.681508 6.336306 5.936595 5.679002 5.828612 5.762905 5.284632 4.781669 3.922862 3.426531 3.740385 4.988138 5.848484 6.24395 6.072227 6.002228 5.738478 5.634097 5.825529 6.404909 6.757181 7.185337 7.474046 7.541451 7.586323 7.462542 7.322278 7.490409 7.771497 7.780872 7.352838 6.72998 6.201829 5.776764 5.334921 4.969982 4.613996 4.217292 3.988873 4.094822 4.172587 4.440829 4.597493 4.739834 4.891923 4.939412 4.992694 5.072771 5.206143 5.15343 4.339403
7.904606 7.924402 7.919341 7.851384 7.767191 7.688942 7.677269 7.620475 7.512271 7.436804 7.471247 7.328163 6.939497 6.498287 6.21567 6.252682 6.479963 6.486402 6.189628 5.858512 5.429564 4.62733 3.491202 3.490384 4.729542 5.415059 5.347009 5.424783 5.224229 5.204897 5.608849 6.088827 6.329282 6.63292 6.978714 7.66771 8.385925 8.750154 8.649379 8.815798 8.871787 8.800203 8.541091 8.125527 7.496221 6.851156 6.083932 5.508915 5.115777 4.779943 4.487679 4.270401 4.273375 4.424181 4.658887 4.777572 4.856122 4.951972 5.00664 5.119497 5.184968 5.258892 5.107607
7.521717 7.676699 7.66996 7.668952 7.735454 7.610362 7.573307 7.612338 7.756433 7.753601 7.801105 7.71503 7.589532 7.473459 7.331062 7.40998 7.568902 7.598837 7.695919 7.648223 7.283494 6.599632 5.239263 3.546557 3.463978 4.637063 4.976953 4.997046 4.911081 5.149389 5.634298 5.800276 5.746729 5.987627 6.692344 7.630784 8.495481 8.914318 9.108763 9.068213 9.220222 9.489745 9.40724 9.069464 8.545471 7.901402 7.208815 6.482213 5.831892 5.35719 5.003831 4.740958 4.622312 4.569735 4.540118 4.682184 4.725024 4.86071 5.006255 5.127304 5.114723 5.239111 5.10978
6.70077 6.867288 6.910774 6.963859 6.964507 7.01774 7.16351 7.417487 7.671927 7.829768 7.968219 8.127432 8.176889 8.403479 8.325287 7.988531 8.042645 8.092947 8.290663 8.284395 8.211559 7.873836 7.074676 5.496763 4.103563 4.007771 4.611067 4.838727 5.086732 5.444392 5.760896 5.920589 6.146442 6.66542 7.378323 7.912031 7.961968 8.137861 8.148155 8.420276 8.394572 8.452176 8.380297 8.239746 8.215931 7.878709 7.452853 6.882318 6.219216 5.644292 5.233601 4.971597 4.813954 4.664001 4.60099 4.57615 4.551734 4.6474 4.693382 4.976995 5.165793 5.120066 4.962611
5.09564 5.318835 5.500401 5.669544 5.963526 6.341364 6.746064 7.067643 7.247433 7.332574 7.428 7.848943 8.108046 8.364487 8.354128 8.066797 7.822733 7.569317 7.547704 7.476682 7.495749 7.560444 7.308485 6.594613 5.306852 4.259513 4.169888 4.777289 5.486854 5.703317 5.896641 6.100725 6.349845 6.789567 6.98341 6.940894 6.883211 6.956036 6.601361 6.310966 6.487158 6.672674 6.556525 6.362532 6.355856 6.47965 6.402084 6.124135 5.830419 5.51815 5.291488 5.115264 5.02468 4.876842 4.817596 4.695919 4.686031 4.641269 4.593154 4.478149 4.410252 4.532325 4.244432
3.639787 3.900081 4.328188 4.892838 5.448817 6.03001 6.511165 6.894258 7.042442 6.950541 6.681338 6.571005 6.836099 7.084772 7.288825 7.28596 7.05665 6.490187 5.999249 5.701963 5.585313 5.677245 6.001387 6.249096 6.111702 5.467061 4.884604 4.887291 5.341789 5.959341 5.908993 5.942546 5.984754 6.003636 5.896774 5.784713 5.931407 6.040703 5.733865 5.062755 4.736459 5.066278 5.316051 5.375719 5.16088 5.012132 5.035312 5.00407 4.969108 4.952484 5.064116 5.12777 5.094841 5.039823 5.017165 4.954665 4.995222 4.949365 4.879059 4.452062 3.674644 3.234734 3.148118
3.476089 3.903733 4.38765 4.955729 5.486347 5.975775 6.404685 6.883138 7.163894 7.010991 6.292288 5.698467 5.481634 5.595034 6.077567 6.384624 6.314844 5.931236 5.416698 4.946047 4.674611 4.648502 4.827418 5.52573 6.082209 5.982873 5.612761 4.959843 5.024055 5.381894 5.43313 5.642745 5.61965 5.366819 5.170738 5.245074 5.546094 5.723565 5.651046 5.274116 4.556581 4.267574 4.55063 4.986294 4.879399 4.543716 4.330369 4.290227 4.342499 4.455768 4.635497 4.73533 4.950207 5.003448 5.045468 5.073962 5.01566 4.967129 4.490342 3.717854 3.227433 3.146458 2.9316
4.575112 4.706483 4.954226 5.277102 5.61866 6.062612 6.334293 6.683635 6.905763 6.920254 6.257614 5.734685 5.166548 4.829143 4.851646 5.341477 5.531991 5.694124 5.723632 5.357721 4.904684 4.656842 4.443132 4.618224 5.138055 5.453065 5.448742 4.986824 4.542251 4.688812 5.074707 5.245346 5.100203 4.803966 4.815913 5.234324 5.583072 5.888712 5.84585 5.583359 5.093416 4.511996 4.277894 4.426044 4.629258 4.595382 4.486182 4.439178 4.438257 4.471767 4.573308 4.583969 4.59995 4.804352 4.91404 4.823203 4.763079 4.165379 3.245014 2.700104 2.773364 2.792794 3.28648
5.209734 5.146473 5.217323 5.44371 5.729817 6.033376 6.364099 6.564142 6.587008 6.756227 6.685969 6.386274 5.815477 5.349586 4.656821 4.275455 4.076224 4.394855 4.68977 4.978825 4.759129 4.391882 4.220018 3.975241 4.039042 4.20491 4.918393 5.078553 4.651307 4.484966 4.68026 4.94953 4.807354 4.979024 5.358047 5.773651 5.926351 5.947818 5.733922 5.728476 5.38385 4.816719 4.219738 3.891506 4.129842 4.444905 4.684309 4.776451 4.770544 4.71296 4.62693 4.633737 4.481707 4.372132 4.325837 4.219832 3.947813 3.249572 2.734999 2.873408 3.642385 4.085649 4.513169
5.655666 5.668301 5.801406 5.858528 5.960059 6.091058 6.112967 6.069329 6.133728 6.449529 6.722194 7.023818 6.862091 6.490128 5.541587 4.813142 4.140518 3.691021 3.510009 3.620644 3.804193 3.818082 3.867062 3.962643 3.977856 3.95055 3.941258 4.281881 4.528718 4.614329 4.744226 4.99643 5.190444 5.606128 5.993838 6.020639 5.865447 5.518435 5.063593 5.019347 5.113156 4.776222 4.354856 3.941151 3.838736 4.020668 4.333573 4.702283 4.945275 4.942295 4.825887 4.750981 4.652804 4.34354 3.893706 3.346594 2.94071 2.497629 3.128097 4.008948 4.582731 4.794562 5.08471
6.266744 6.573987 6.587035 6.493129 6.391107 6.261099 5.841337 5.469004 5.291626 5.55077 6.157534 6.656568 6.916321 7.037887 6.907526 6.578263 6.020731 5.264134 4.680985 4.323096 4.347534 4.482823 4.61893 4.491957 4.359016 4.053781 3.867738 3.77826 3.841348 4.061217 4.497461 5.283576 5.637233 5.979877 6.023159 5.932235 5.536192 5.017202 4.643919 4.34799 4.314851 4.522178 4.584633 4.404019 4.181655 4.047032 3.98019 4.209472 4.570418 4.968122 5.024525 4.93762 4.769345 4.376975 3.733193 2.931131 2.464377 3.138623 3.691762 4.391196 4.814877 5.099541 5.214623
6.238011 6.698418 6.958127 6.854092 6.624415 6.227557 5.594797 4.865983 4.432547 4.492124 5.319245 5.775452 6.243568 6.824267 7.013787 7.235768 7.224375 7.153648 6.929691 6.730953 6.626433 6.58477 6.265596 5.740776 5.018602 4.517491 4.453252 4.438703 4.355029 4.217324 4.477297 4.918654 5.416206 5.67932 5.713004 5.560762 5.040716 4.686271 4.49092 4.454613 4.29612 4.191707 4.418137 4.554523 4.538406 4.405705 4.225351 4.057158 4.04488 4.396892 4.770313 4.717497 4.300619 3.40033 2.551644 2.719296 2.857732 3.330114 3.815745 4.2675 4.786191 5.098235 5.297793
6.327705 6.634314 6.897972 6.879195 6.653685 6.332028 5.676354 5.149809 4.602806 3.987922 4.303439 4.986224 5.448526 5.645297 5.825077 5.970157 6.371819 6.971889 7.330368 7.567453 7.600721 7.324065 6.955659 6.308279 5.919909 5.777754 6.004993 5.989646 5.772797 5.154845 4.75007 4.654102 4.781855 5.041941 5.302071 5.251251 4.916522 4.695472 4.534155 4.444623 4.382215 4.20414 4.036621 4.067035 4.172341 4.279116 4.226452 4.04485 3.816601 3.462647 3.659272 3.484362 2.301265 2.135589 2.281889 2.494923 2.705438 3.314513 3.967065 4.115758 4.561656 4.993791 5.12733
6.462904 6.747726 6.869147 6.909895 6.659883 6.399997 5.988713 5.725413 5.275014 4.396522 3.836069 4.22387 4.829976 4.778309 4.85381 4.940667 5.148163 5.848112 6.584724 6.958578 6.966758 6.745695 6.417297 6.175818 6.000423 5.962086 5.917828 5.905772 5.962173 5.58909 4.902957 4.642799 4.781532 5.064922 5.175025 4.99963 4.846608 4.791738 4.548265 4.173346 3.943681 4.007866 4.063752 3.916123 3.864211 3.884218 4.004172 4.024154 3.90205 3.527131 3.143266 2.500883 2.312266 2.101552 1.805161 2.470878 3.495852 4.055818 4.1662 4.056347 4.205097 4.465278 4.636248
5.760252 6.370631 6.728365 6.832588 6.590646 6.312597 5.922572 5.651994 5.433776 5.012328 4.300293 3.807978 4.235964 4.427534 4.603158 4.736388 4.738725 4.849361 5.259859 5.548108 5.709642 5.747228 5.619751 5.478866 5.5472 5.341148 4.895025 4.719274 4.800825 4.817627 4.550685 4.42744 4.741478 4.955322 4.958564 4.550418 4.357528 4.276378 4.009644 3.689855 3.549849 3.520643 3.586958 3.766973 3.859531 3.839712 3.828058 4.030285 4.289796 4.186153 3.864673 3.336864 2.893926 2.914769 4.045747 4.613432 4.857441 4.684509 4.240468 3.845035 3.776294 3.885122 3.856012
4.988798 5.658455 6.280125 6.59615 6.424977 5.710967 5.172857 4.89375 4.670603 4.534529 4.345781 3.938904 3.763584 4.296294 4.57069 4.705671 4.490778 4.327287 4.236463 4.412562 4.753099 5.039981 4.990452 4.98055 5.173786 5.072811 4.351871 3.762188 3.488379 3.591382 3.710769 3.672567 3.85343 4.123671 4.144841 3.874153 3.663386 3.603015 3.467358 3.353726 3.395459 3.343122 3.30722 3.358779 3.489688 3.801708 3.85654 3.937663 4.175174 4.392303 4.076047 3.363087 2.909942 4.384722 5.133835 5.502169 5.344348 4.961106 4.309082 3.908342 3.407846 3.399958 3.799829
4.991829 5.434958 5.844684 5.819557 5.63811 5.41953 5.127616 4.74278 4.287993 4.049498 3.991563 3.833246 3.699472 3.888984 4.553263 4.621351 4.5248 4.290956 3.956636 3.812055 4.079907 4.508818 4.55211 4.779835 5.085073 5.074363 4.797221 4.113181 3.743188 3.632353 3.370873 2.933003 2.649793 2.838245 3.296736 3.251199 3.303498 3.485367 3.690027 3.709408 3.720784 3.567674 3.371027 3.248955 3.125885 3.360411 3.70743 3.943476 4.051492 4.103769 3.728572 3.566938 3.74728 4.91364 5.274589 5.299636 5.243843 5.021585 4.727895 4.487964 4.152983 3.727414 3.739384
5.348675 5.484997 5.702415 5.547007 5.274421 5.298779 5.533142 5.567632 5.274845 5.139348 4.873485 4.738643 4.33059 3.848444 4.198389 4.470397 4.806485 4.642435 4.255487 3.953076 3.866653 4.159197 4.269483 4.488752 4.751279 4.972629 5.177657 5.273097 5.22726 5.01413 4.582 3.637793 2.95978 2.464222 2.699137 2.983181 3.309626 3.788435 4.072826 4.158591 4.203163 4.112901 4.139071 3.994906 3.793871 3.644084 3.6187 3.770921 4.020243 3.800937 3.514406 3.896855 4.879598 5.291799 5.277481 5.268174 5.349671 5.309968 5.308419 5.194506 4.869632 4.151963 3.73511
5.305213 5.158403 5.53601 5.625571 5.390727 5.211864 5.359605 5.566215 5.614347 5.525118 5.517632 5.405008 4.972454 4.434398 4.191196 4.591352 4.783067 4.994026 4.771008 4.35232 4.094435 3.979427 4.10663 4.214566 4.522491 4.863163 5.336133 5.839892 5.858075 5.910491 5.73434 5.278416 4.552629 3.734601 3.107895 3.1134 3.417929 3.799862 4.203313 4.405372 4.510524 4.615109 4.666001 4.678078 4.698244 4.546127 4.183335 3.847311 3.66905 3.386087 3.815428 4.523477 5.283355 5.478087 5.32519 5.316262 5.399321 5.300212 5.351235 5.14397 4.968387 4.72714 4.3015
5.197059 4.715346 4.899832 5.148644 4.893095 4.862016 4.894264 5.108843 5.3686 5.239389 5.019352 4.880588 4.759134 4.454539 4.153101 4.299814 4.441713 4.66509 4.794858 4.509151 4.327576 4.163505 4.166711 4.24869 4.310246 4.450985 4.881576 5.162825 5.381649 5.621267 5.821472 5.829758 5.6334 4.980783 4.315722 3.853688 3.595214 3.477355 3.639616 4.054012 4.300508 4.366253 4.580036 4.758382 4.922206 4.811837 4.595334 4.202457 3.621471 3.650755 3.928514 4.1825 4.503063 5.033289 5.126755 5.262713 5.379276 5.37825 5.512946 5.463666 5.195084 5.008378 4.74157
5.507932 4.655025 4.49041 4.735309 4.743125 4.920217 5.1392 5.537428 5.758783 5.741672 5.544956 4.941005 4.447415 4.13039 3.87564 3.759961 3.845247 3.938269 4.323538 4.446043 4.335401 4.183355 4.010664 3.994703 3.971326 3.936514 4.094263 4.457336 4.626391 4.815763 4.910104 4.999633 5.220087 5.199144 4.865618 4.358855 3.912027 3.550473 3.463255 3.59704 3.772051 3.910897 4.047038 4.232722 4.438818 4.472123 4.350662 4.07692 3.584703 3.670713 3.828836 3.945443 3.839622 4.105051 4.72275 5.062318 5.289746 5.393445 5.560735 5.522874 5.532955 5.378454 5.259043
6.027339 5.22548 4.735312 4.782483 5.086207 5.207078 5.405801 5.479236 5.708038 6.098962 6.233945 5.881066 5.184135 4.374883 3.993867 3.499988 3.423281 3.531582 3.824497 4.184158 4.242713 4.148668 4.15846 4.125824 3.898152 3.827325 3.963229 4.122335 4.406575 4.538034 4.385852 4.156654 4.080994 4.509171 4.544689 4.24568 3.963713 3.566789 3.344803 3.366733 3.575457 3.696488 3.632647 3.676641 3.812344 3.763523 3.452153 3.217252 3.217167 3.296226 3.598291 3.747803 3.755768 3.581037 4.143425 4.640812 5.018126 5.302964 5.434639 5.47786 5.491627 5.523032 5.418154
6.524658 5.946529 5.297708 5.073796 5.189859 5.263472 4.919257 4.551555 4.704581 5.110924 5.637808 5.914394 5.742023 5.470922 4.941324 4.2874 3.650753 3.260608 3.517998 3.773923 4.00771 4.206 4.334641 4.390614 4.260896 4.173985 4.08063 4.032122 4.047312 4.263746 4.416632 4.167558 3.760089 3.682549 3.8671 3.899523 3.781688 3.717261 3.603993 3.582377 3.621183 3.707053 3.578192 3.532702 3.344595 3.138017 2.998613 2.979649 3.161473 3.501403 3.751152 3.612364 3.6624 3.53794 3.610257 4.116752 4.583824 4.971222 5.266138 5.380155 5.459832 5.414634 5.364012
6.427519 6.028886 5.539867 5.13668 5.062732 4.800214 4.242285 4.087903 4.057493 4.018957 4.271809 4.890436 5.397354 5.459841 5.343824 4.799842 4.091059 3.523866 3.296306 3.300277 3.629448 4.062842 4.31284 4.524832 4.477309 4.419119 4.256146 4.027208 3.770106 3.665358 3.883603 4.017981 3.858374 3.588312 3.506422 3.542263 3.654468 3.719591 3.656551 3.755333 3.895965 3.887036 3.88455 3.85921 3.659993 3.484681 3.615261 3.926386 4.260024 4.335559 4.09405 3.702038 3.495322 3.454989 3.222177 3.230714 3.716215 4.185001 4.668355 4.952847 5.225852 5.342465 5.302354
5.626674 5.518437 5.381679 5.057343 4.668613 4.231102 3.98749 4.119841 3.974263 3.64807 3.389309 3.714805 4.332643 4.712709 4.846316 4.964824 4.61207 4.089863 3.495224 3.295282 3.428107 3.748353 4.006569 4.330957 4.445123 4.431235 4.231558 3.925835 3.656336 3.458466 3.420407 3.657338 3.836583 3.807672 3.6259 3.563485 3.59232 3.577169 3.512266 3.624735 3.833562 3.991043 3.992901 3.974503 3.975937 3.914309 4.106262 4.289769 4.326273 4.356049 4.10288 3.753708 3.328254 3.207621 3.281358 3.163621 2.870143 3.039052 3.556879 4.219931 4.639387 4.986411 5.172771
4.940048 4.986784 5.06729 4.915353 4.301021 4.064024 4.142202 4.324375 4.338111 4.032109 3.634937 3.328695 3.449049 3.852063 4.113279 4.641121 4.704563 4.515767 4.285382 3.604607 3.564545 3.687309 4.01321 4.427814 4.33132 4.156881 3.942331 3.75582 3.569444 3.516939 3.433639 3.434125 3.667853 3.878128 3.783111 3.753466 3.647274 3.471598 3.416854 3.439894 3.365381 3.473644 3.617576 3.591822 3.55816 3.634998 3.688501 3.765929 3.782429 3.927038 4.130705 4.429943 4.508034 4.197615 3.524613 3.296434 3.075298 2.852405 2.662515 3.229806 3.972381 4.479683 4.884116
