py_wake/examples/data/AJ_ParqueFicticio/Rough survey   Sector 4   Height 30m   Power density.grd
DSAA
73  159
 258469   265669
 6501692   6517492
 .007191152   1276.622
[rows 0 to 27 of 159, columns 0 to 62 of 73]
109.874 116.3266 118.8203 120.0851 120.7589 121.5832 122.7642 123.719 124.39 124.8865 125.1582 124.5394 123.6002 121.8132 119.5677 116.6082 113.3443 109.7514 103.8211 95.45451 81.08228 100.4032 132.7691 191.3934 163.1461 90.88763 74.33413 113.6768 129.6078 116.4188 106.881 108.9523 109.0376 111.9009 108.825 124.5758 163.1546 220.7728 203.4367 198.146 199.4736 206.0823 211.7892 213.4057 204.4498 201.8316 195.0987 190.3498 188.2743 185.721 183.7965 181.4411 180.7058 182.017 182.1163 182.6604 183.017 181.231 179.3658 175.3031 170.845 166.0076 160.4625
112.6857 117.4683 118.6045 119.5857 120.488 121.4327 122.4233 123.7399 124.3709 124.8856 125.0793 124.6498 123.5579 122.3305 119.7008 115.8013 112.1221 107.5451 99.19233 87.23288 78.48351 96.57987 153.0046 206.9151 190.1054 118.6156 65.882 102.1081 121.275 116.7802 113.027 110.0087 109.8854 110.3122 104.8198 119.1748 151.2369 219.0171 201.0756 192.7245 189.5901 193.6456 205.4739 214.9198 197.2776 194.8306 192.2855 188.0241 186.4767 183.8229 183.2574 183.0603 183.0583 185.2388 185.8996 186.7893 187.2247 185.9205 181.3446 177.2882 172.1618 166.4356 160.3414
119.6845 114.8011 116.1887 118.5727 120.3219 121.6064 122.6803 123.5054 124.3826 125.324 127.3635 125.7784 124.8587 124.1375 121.0729 115.5049 110.6515 105.2539 96.14368 81.48975 78.87832 93.49651 154.9046 200.7006 227.9795 141.9327 87.71196 96.72084 110.6498 110.8871 111.891 110.3324 111.6118 109.5014 99.23438 106.7139 126.2914 201.9451 196.795 184.6561 176.3373 183.8866 196.0728 217.9784 199.3119 187.3577 183.5675 183.147 183.4061 178.2062 178.3034 183.9747 184.8944 187.2378 188.6176 190.4806 191.3008 189.6906 185.74 180.4892 174.0712 166.8637 160.3101
140.27 123.401 111.9909 117.5914 119.9525 121.6919 123.3062 124.2067 124.7163 125.5311 125.3061 126.4651 127.9217 129.1849 124.4887 115.4032 109.5283 103.0914 93.4375 78.92808 78.32011 92.51009 144.1194 181.3492 222.4313 150.9574 104.5634 99.00126 104.8965 107.1306 110.2163 114.3782 114.6254 103.3999 92.26633 88.58605 100.8852 164.2121 197.2747 171.2601 166.4333 181.5761 201.8991 215.4503 218.0155 191.3385 177.26 176.8559 177.4688 172.8478 174.8729 188.4846 187.2916 190.7945 194.199 196.2492 197.8346 196.2327 191.7417 184.718 176.8499 169.3786 161.5585
153.1909 128.0664 112.2134 117.9228 119.399 121.3345 123.9281 126.0101 125.8388 125.3954 125.8086 123.208 129.3174 134.9928 128.1599 115.9999 108.7069 100.9859 90.10202 73.04836 81.71047 96.13787 132.7125 173.9148 221.32 170.7983 124.0292 112.3002 110.7204 112.2119 110.8034 119.1974 110.5659 95.4934 85.1668 69.95569 77.35602 135.6408 182.4171 153.9166 148.8985 203.2842 221.961 218.2118 220.6193 183.3551 171.1759 172.8748 170.4742 170.1671 172.7991 186.9629 189.7919 194.5159 199.3258 203.1237 205.6646 204.6065 198.7323 190.7544 182.1263 171.2159 160.6653
150.4823 133.9386 123.959 121.6526 116.3271 118.7684 127.7283 130.6783 128.1286 127.0827 127.5899 122.7193 126.5038 136.5196 130.7291 119.6271 109.55 99.47757 82.24093 79.4658 89.90187 105.8587 131.5632 166.0472 217.85 186.335 143.9575 126.8946 120.3651 118.3218 116.6204 122.2606 118.0548 103.3076 94.54172 80.59606 70.19201 98.62508 140.4528 114.0802 133.1016 242.7591 252.2248 230.5099 218.2077 188.7023 178.1539 178.6231 173.5093 166.882 171.6633 179.6844 185.4461 193.9712 204.3415 212.3642 216.5587 216.5825 210.2143 201.3407 189.716 176.8444 159.2248
143.264 140.5473 140.0932 135.1474 120.2199 114.0274 133.3599 133.5406 129.7862 128.7175 127.9823 122.7433 122.7362 130.9213 132.7216 125.8752 113.6926 101.6172 88.81562 73.89154 86.28599 111.0365 142.4664 165.4303 213.3506 189.8007 163.1416 141.1123 127.2418 120.1254 115.6948 114.2529 117.306 107.3003 97.25154 87.29764 82.45783 85.12405 87.59671 86.58927 150.318 273.5307 272.4509 224.4568 191.4137 181.3771 188.1339 193.3626 177.593 164.979 166.9228 171.204 176.5715 191.0398 211.0381 225.7156 231.6913 232.9188 227.891 216.5561 202.8725 173.3404 141.1102
140.619 140.1005 141.1644 141.6679 119.6747 110.9061 123.9324 131.2945 129.4227 127.8191 124.6117 122.1146 125.0888 131.2863 134.6921 132.773 123.3543 107.2704 93.82445 73.66348 86.23194 110.7628 153.7158 168.5991 203.6225 192.8978 178.1757 150.3236 133.8975 122.6174 114.3789 117.4449 115.7437 109.3103 100.6317 90.50121 85.18124 86.1259 81.68047 67.97324 157.1444 275.0339 264.7384 203.9415 161.844 179.372 201.8403 209.5085 172.0124 149.0688 159.3833 164.0583 159.8057 177.4592 224.8751 249.1928 252.3104 254.8261 254.2037 249.5522 196.2306 160.1705 126.2737
139.8373 139.8786 142.2465 144.5417 138.8772 124.606 128.6828 131.5078 128.1879 123.5682 122.1864 122.7313 126.5685 129.3024 134.0712 137.9008 134.6662 117.5807 99.76917 83.27507 77.23571 99.50358 137.3096 146.1907 185.7458 199.3901 199.6073 164.9299 144.179 130.3564 119.505 119.0388 117.9036 114.4905 107.6658 98.59734 93.48691 91.77079 95.43996 85.48745 132.2556 217.3917 212.7215 152.4819 161.5598 229.8232 220.7431 221.0145 174.6573 138.8155 154.8851 154.4439 133.9843 168.8542 242.746 284.2133 276.3743 281.1026 298.0722 274.3838 192.3933 136.6248 109.301
139.1016 138.946 140.7677 144.4312 146.2252 143.9814 146.4038 139.7103 124.7004 117.1257 118.0217 123.1493 126.7142 125.4947 129.539 138.4644 144.0802 133.035 111.9917 93.56937 78.82081 83.72572 118.5906 124.8664 156.644 202.8707 210.0364 182.6438 158.0761 136.88 123.701 122.8105 122.0348 119.4604 115.2292 108.064 104.085 97.91862 108.2523 114.501 126.2338 160.3272 158.8484 120.3551 190.9246 241.7125 207.9627 203.2465 173.0157 125.316 137.8126 128.7817 114.5835 175.5619 284.2351 321.692 301.5822 311.5565 333.4812 297.8312 207.4812 116.5369 77.68359
137.7136 137.7816 137.6313 139.7478 143.6438 139.0477 149.3348 149.757 120.6299 108.3216 115.2858 127.3823 128.7042 117.7318 117.9659 143.0685 159.5012 147.4598 127.2918 112.4137 91.73094 83.78145 104.4094 115.2186 112.6534 173.4515 224.4211 205.3175 174.2924 140.5012 126.7372 126.6537 127.1703 125.0091 118.9747 112.2808 113.1791 109.4065 110.734 129.5537 141.5256 150.7569 148.5812 132.0123 162.9921 201.2072 169.1216 177.3264 170.3385 122.8848 118.6103 101.9577 130.1105 229.9435 305.9602 332.3692 324.9223 336.7547 339.9313 305.0869 216.0556 111.7368 79.43495
135.2722 135.9968 136.0396 134.1002 144.7627 144.8884 156.0405 141.7698 97.09181 97.81041 114.9936 147.6789 143.355 114.1302 106.4892 137.0169 176.8864 161.6596 134.5192 118.6807 104.3729 91.02541 92.64346 102.6814 108.5625 114.0844 183.8721 191.2147 173.9998 136.2322 126.0892 124.5869 127.676 129.9778 124.1716 115.4987 117.7596 117.4679 116.5053 127.9725 140.241 146.3029 149.3064 150.7232 155.476 159.2502 148.5115 149.9971 154.7768 133.5089 110.5853 108.8726 186.4561 270.9301 298.9339 305.6141 331.4444 348.2333 325.084 276.9909 209.3421 123.6395 93.61768
132.0941 133.6155 137.0919 137.8725 143.9945 149.7066 153.3986 146.7903 84.51255 88.44001 122.2514 157.2936 150.9484 114.4471 104.7591 111.9024 174.373 164.4172 158.1982 134.3377 114.6768 102.9892 103.687 104.2638 107.1581 114.9727 126.1611 170.7134 163.8268 133.1725 125.7635 122.3274 124.9613 126.8314 124.3138 120.3858 121.0152 121.6263 122.5058 125.0343 134.6027 142.5656 148.3064 157.5851 154.9694 146.7884 143.6895 143.0067 147.9408 138.3927 123.5312 111.5214 172.9595 257.1502 294.4497 273.1342 272.1921 277.8106 267.7339 229.9344 182.5035 126.2967 119.3004
129.2404 133.7519 139.4843 141.0415 144.0952 146.99 145.2529 134.0501 84.33377 87.79809 126.6208 146.4177 142.8593 118.4729 100.3196 120.2545 148.2973 159.7352 165.5683 152.7275 147.4294 151.1107 126.8822 103.9477 107.2565 113.2807 126.0091 139.4583 139.5348 131.0654 124.8921 121.5932 122.3201 122.9549 125.683 125.4442 123.8012 123.2431 123.5316 125.838 130.9747 136.2281 141.8228 159.3495 153.9348 146.354 142.2362 137.1962 142.2986 141.1249 136.792 130.7836 144.2003 212.4144 237.3112 204.3099 162.1969 171.4174 175.3468 188.1461 182.6881 155.4625 133.7673
129.4913 134.8219 138.8734 141.4648 143.0559 143.1639 139.1344 130.8457 106.0487 96.89507 126.736 140.2373 138.7945 130.3293 126.721 135.5841 142.7876 152.1806 166.4035 157.3046 158.8518 175.7988 180.3782 128.6082 103.9128 111.2906 117.262 123.6408 125.7124 124.4343 122.16 119.6334 120.99 124.0525 130.5454 132.299 127.3951 121.602 119.5333 123.5195 131.1689 138.6196 142.1832 156.7301 160.1241 142.9839 139.3858 135.2868 139.045 145.4587 144.9278 146.6221 154.7481 170.3723 189.0989 185.5125 173.6852 181.5249 193.6877 186.3031 174.3952 150.8102 130.01
130.2997 134.2881 137.3138 139.6185 141.2779 139.3215 134.4773 127.6899 117.5003 110.6726 125.6578 134.0995 135.9675 135.696 138.2508 137.3293 133.4311 142.1179 157.3111 152.299 158.9003 170.8597 180.3517 165.023 131.7275 102.6679 108.5845 113.7021 115.7277 118.5879 118.3354 114.8267 110.0362 113.3611 153.4355 156.2416 124.8324 116.3763 112.2914 112.2166 135.5746 145.096 147.8626 158.8471 155.8039 140.6379 135.4551 136.9752 148.7066 154.0275 151.9858 149.3238 157.0087 168.9003 174.3168 158.739 187.4049 261.2844 282.846 246.2595 220.8643 189.0738 96.95872
129.9364 133.2178 135.2344 136.9227 138.2349 137.0023 132.5513 126.2521 120.03 117.6936 122.3775 127.7563 131.9396 133.9104 142.6539 137.9898 134.1763 143.9646 152.9832 151.7047 155.9166 166.0649 170.7197 173.7726 169.3032 139.2669 98.64265 101.7301 107.8135 112.1777 117.0176 105.2661 92.94411 107.5731 192.0267 200.8115 134.239 102.4604 92.92365 89.65819 131.4194 151.5453 152.6498 155.2683 152.5197 139.3938 128.7974 136.0275 153.4164 162.2127 149.7936 140.8663 147.3336 159.974 180.4759 213.1776 279.8134 329.7457 356.2552 333.1142 297.6337 245.1962 118.0536
129.6996 131.3347 134.4755 135.8569 136.3886 135.5283 131.8551 127.4833 123.2022 123.0229 125.7095 126.6806 128.2918 139.7978 143.9264 142.6033 139.6915 143.1738 148.2945 151.2817 152.9521 159.0547 164.0481 170.1251 177.6348 172.32 125.3899 94.21133 95.71977 112.3921 112.729 82.69677 73.91158 113.9044 215.2285 226.3792 161.3007 92.26483 67.63636 65.82805 117.5024 155.8002 153.3065 156.4825 150.8342 139.6484 119.3956 136.9872 183.1134 195.586 163.2267 134.6236 139.6461 175.176 217.1448 263.1185 321.4854 351.5719 364.4864 357.0763 325.3443 281.2195 170.4561
128.9985 130.3456 132.5966 134.7779 134.7627 134.4289 132.3375 128.4616 125.5094 125.9276 131.0184 131.6992 128.6523 138.4255 142.9535 143.7064 143.172 145.0546 147.7878 149.6519 149.8179 150.9585 153.1032 162.5503 167.8533 162.4228 145.2345 115.5693 102.8344 119.3887 97.19815 62.50223 79.18176 148.3525 210.9821 219.2778 191.9343 98.82889 49.42964 47.6034 121.7851 169.8541 169.0625 172.1496 171.604 165.6221 128.1136 153.1596 217.0771 220.1017 169.1057 136.2078 139.916 179.7083 234.9419 294.457 332.1131 362.7764 361.3402 348.3608 345.5068 301.2964 201.6238
128.2534 129.2924 131.0404 132.5432 132.4794 132.615 131.3917 129.7307 127.2294 127.7611 133.2594 131.992 130.2845 136.231 140.766 143.9709 145.4122 147.6171 149.1833 150.2008 147.7113 146.0709 144.9984 160.0753 163.338 156.6665 147.6084 134.5744 125.6655 118.0608 77.6321 51.68826 84.13043 176.2946 193.5166 219.248 198.1529 96.52709 31.73855 39.06768 113.3342 182.8993 196.6059 197.4003 200.4905 181.6413 137.3707 162.6464 232.3319 222.8151 164.6679 140.2892 147.6276 180.2384 228.1729 280.9006 324.2689 364.1659 358.9166 348.2961 334.12 312.3947 227.9099
129.1728 127.6031 126.4981 127.2056 129.0146 129.5201 129.9284 129.88 128.9746 130.6427 136.0913 136.0141 133.8768 136.1457 140.0826 143.2124 145.5384 148.4267 150.8831 148.4481 146.0556 144.2014 149.5009 156.5205 159.6119 155.2368 148.0505 141.7675 146.3176 108.9537 76.40076 76.23559 66.96906 152.5143 178.7768 220.6288 187.3999 81.24609 24.48275 39.52313 117.1753 186.174 196.2415 206.4622 196.7099 182.668 163.5789 182.4192 218.8433 200.9047 152.0106 148.9765 164.7164 176.9118 229.3153 280.2385 329.7563 366.6369 373.3425 359.5449 336.8611 297.4258 244.7732
129.7811 130.2827 124.0693 124.0517 126.8825 128.0176 128.4941 128.7585 129.2594 132.7915 136.8612 138.3416 137.7491 138.3221 139.6641 141.67 144.7989 149.6249 149.4731 145.5907 143.7742 144.8305 149.9994 155.0823 157.1614 155.8903 150.927 144.2807 134.998 85.96722 97.03791 117.7169 79.09962 104.6073 154.4461 202.143 169.8165 77.74712 26.39478 52.35198 121.2954 172.8358 194.1856 199.0116 191.9251 189.1978 189.2117 191.6288 194.9767 178.3032 155.9328 158.1157 172.6038 180.8194 227.4755 282.8778 325.6812 373.4494 392.5592 379.2053 338.1447 287.2915 239.3978
127.5717 128.3052 125.8894 123.3642 125.7369 126.6111 127.2264 127.9726 128.6668 132.3023 135.8108 138.1819 139.1595 140.5106 140.7575 141.4292 142.3413 149.7986 149.7625 147.9929 145.4859 146.4157 150.3335 153.3898 155.4163 154.0216 149.3615 141.6356 113.5538 93.88684 125.3845 155.5081 99.59111 79.30901 109.636 180.3308 154.9915 79.84984 39.96242 41.62465 102.7546 154.5776 193.9916 184.4785 183.1041 191.8086 194.8644 192.4195 183.2111 165.0489 155.6441 159.6177 182.6764 186.0949 223.0348 289.1446 344.2707 388.9411 429.9579 433.4871 351.9242 267.0067 213.8963
126.7001 127.0917 122.2735 122.0854 124.134 125.3322 126.3059 126.905 128.1975 130.5899 134.4076 136.5454 138.3212 140.3506 142.1148 143.7328 144.8764 146.5646 147.7748 147.877 147.8955 148.1908 150.3948 153.4013 153.6165 149.5663 141.8755 132.5769 100.81 98.81651 150.8043 159.9218 129.0467 82.88111 77.05807 146.6403 148.6412 105.531 73.37345 48.79973 70.52129 131.0564 167.4077 165.74 170.1363 192.0774 193.9491 190.4523 179.1196 163.9082 158.6113 169.4943 194.7762 199.2413 218.9936 304.3839 388.9293 420.0498 480.8553 496.287 380.197 244.921 188.2038
125.7639 124.3005 124.7858 124.5086 124.6694 125.4113 125.9988 126.7962 128.0397 129.2432 133.2409 135.4459 136.9422 138.5201 140.7982 144.8903 143.7318 143.4868 145.3434 146.2654 147.0645 148.2127 149.8724 152.5872 152.4038 145.4076 132.717 119.1948 101.871 98.75391 139.145 149.498 141.745 102.3818 60.88077 120.0467 139.6671 120.481 101.737 79.55384 62.46624 104.983 142.1413 149.3574 158.6748 177.3362 182.5596 184.0602 178.2721 162.2593 157.1676 176.4914 215.5518 220.6706 219.5177 321.6068 457.3998 495.4977 540.7169 541.0499 374.1542 234.1428 162.6651
126.6413 123.4416 124.5942 126.2658 126.6535 127.0269 127.1011 127.1888 127.4485 127.4941 131.955 134.1882 135.8983 138.4572 141.1766 144.5901 144.6452 143.986 143.9357 144.3333 145.8613 146.7614 147.8559 149.1334 147.3418 138.0565 123.1054 114.4208 115.3726 109.5746 125.4653 141.6363 135.7708 112.3139 55.4631 100.5657 125.875 124.6068 112.9585 86.92104 64.79313 89.76745 135.2484 144.9705 154.8713 160.6237 162.8421 167.5656 171.6852 161.3427 162.1825 191.1655 248.5811 266.9413 228.7927 342.947 567.2123 624.9467 556.5422 496.8708 345.7759 224.4371 149.3766
125.1871 122.1976 123.3341 125.471 127.156 128.3792 128.6181 128.9985 127.9158 126.8311 130.0201 132.4293 135.4402 138.6432 142.1272 142.6499 143.1278 143.6932 143.3023 142.9017 142.4134 143.6803 146.3176 143.7962 144.9579 136.2561 118.5635 114.7691 128.55 116.847 127.3212 137.3759 132.6344 109.661 72.43093 94.17429 114.0428 117.5805 120.4804 86.13644 68.40448 78.03786 124.1901 141.2064 153.1662 145.4251 143.5235 152.6412 162.0967 163.7571 169.9673 205.929 298.7085 349.4063 261.2614 343.6129 665.9616 774.6098 600.0395 428.5216 288.0195 196.3025 117.7475
125.4528 125.5073 125.3342 126.0283 127.5398 128.7093 129.5795 129.3513 126.8474 128.3014 130.5728 132.5995 134.7792 139.4289 141.3995 141.6218 141.4803 142.6875 143.2207 142.8884 140.9602 140.7909 144.9838 143.8397 141.338 133.6131 123.3192 118.7197 129.2143 124.744 127.6044 134.8845 129.3621 106.921 76.80904 100.0705 114.9026 114.959 123.0405 87.56586 68.36817 71.25484 98.21884 130.8011 144.8495 143.218 130.6416 138.2462 153.1143 168.8265 181.6162 223.6754 361.5113 461.3133 332.3607 374.6465 695.9478 865.8129 629.6443 352.7191 226.5038 151.9135 78.11048
