py_wake/examples/data/AJ_ParqueFicticio/Rough survey   Sector 1   Height 200m   Orographic turn.grd
DSAA
73  159
 258469   265669
 6501692   6517492
-10.85354   12.10055
[rows 0 to 26 of 159, columns 0 to 61 of 73]
.3949744 .495995 .5476534 .5462492 .5631733 .5734693 .568767 .5693177 .5683259 .5833851 .5999997 .6443347 .6753787 .6971248 .7304444 .690353 .6215546 .4926717 .3019039 .03310942 -.2202977 -.3251536 .04803152 .6829102 1.337635 2.039369 2.453909 2.674847 2.810719 2.892998 2.997961 3.08436 3.059481 2.842035 2.572745 2.37727 2.153642 1.960668 1.807004 1.639785 1.504045 1.3514 1.227101 1.148593 1.098817 1.013417 .9629576 .8649616 .8050905 .7588169 .7380481 .7917904 .8608471 .9529068 1.126398 1.306744 1.482119 1.673554 1.800003 1.909087 2.038339 2.115968
.1702961 .3821187 .4497548 .4555767 .4544577 .4703093 .484662 .515317 .5202115 .5127989 .5060748 .5401082 .5771659 .6333331 .6801528 .6624556 .613466 .4868381 .3464417 .08843077 -.0910783 -.10362 .1609498 .5809472 1.145448 1.91761 2.645388 2.990177 3.098234 3.173276 3.244786 3.352865 3.427258 3.278245 3.053561 2.73547 2.32419 1.872611 1.550605 1.325455 1.102126 .9478687 .8243467 .7937748 .9572071 .894276 .8147863 .7010308 .6226928 .5770265 .5388751 .610679 .6907393 .8487967 1.034262 1.213459 1.467688 1.681109 1.914133 2.106591 2.279506 2.393588
-.1499335 .2149179 .3368404 .3654357 .3709854 .3831554 .399753 .4265935 .4618838 .4828781 .4429833 .4335529 .5037735 .5637988 .6392146 .6652994 .624422 .5436813 .4534643 .286877 .1740209 .2275604 .3033223 .4903326 .997498 1.863688 2.607756 3.074953 3.275122 3.381662 3.478853 3.62724 3.71813 3.662849 3.494558 3.076478 2.500951 1.840554 1.333062 .9748267 .7217565 .618368 .5357055 .4839065 .6053697 .7204229 .692937 .584273 .4621885 .3500779 .2761023 .3232383 .4879529 .711619 .9295278 1.15297 1.436409 1.73502 2.04248 2.306797 2.571776 2.720685
-.6380635 -.1947061 .1114983 .2256743 .2520992 .2807923 .3196709 .3621803 .4075766 .4544935 .455838 .3709494 .3979068 .4736983 .6112698 .6985219 .7088075 .6446303 .5830801 .4936365 .4792514 .570999 .6500217 .7110654 .9914263 1.65988 2.477573 3.024889 3.29962 3.470368 3.623927 3.866019 3.955359 3.932615 3.841428 3.51195 2.879942 2.039945 1.238511 .6831495 .3494463 .2651888 .3134255 .2854491 .2957458 .4640971 .4725786 .4084022 .3082571 .2045013 .09929845 .1861189 .3305841 .5348668 .7553727 1.056594 1.41952 1.823098 2.215537 2.592176 2.934546 3.167378
-1.121802 -.6920159 -.2648343 .008219422 .1377719 .1720466 .1970265 .2806962 .3492257 .4032166 .4491992 .4338028 .3601179 .4056278 .5962527 .7226748 .7907872 .7985078 .7531928 .7469314 .7854061 .8898869 1.041504 1.106111 1.259369 1.69721 2.323333 2.838974 3.202314 3.435752 3.708027 3.905879 3.958069 3.919817 3.943836 3.837984 3.408537 2.528386 1.561574 .6561977 .09859395 .07477628 .2781303 .346828 .2415306 .2134993 .1646441 .1953846 .1537026 .1000828 -.03519293 -.01671208 .06490222 .2253152 .496994 .8841851 1.375386 1.881524 2.419031 2.929093 3.355231 3.667681
-1.387733 -1.208246 -.8508139 -.3914551 -.0378609 .03718603 .07834323 .2031586 .295776 .3576123 .3739988 .442877 .3597986 .44156 .5694531 .7349619 .8936856 1.002674 1.051639 1.081273 1.127522 1.244743 1.335321 1.41648 1.502856 1.77197 2.205318 2.625102 2.975515 3.31548 3.589268 3.678587 3.558071 3.543972 3.581377 3.696591 3.616745 3.071 2.131019 1.05574 .4191349 .2702671 .4208499 .4552455 .3448722 .0720133 .01228771 .09460334 .1062293 .003435917 -.1326748 -.3183483 -.3151119 -.1781388 .1464046 .6515513 1.283187 1.948076 2.651046 3.29166 3.844212 4.155756
-1.562557 -1.527043 -1.422073 -1.070923 -.5151016 -.1486713 -.02969259 .07534623 .1782813 .2452042 .2520127 .3276688 .3458122 .3955085 .496289 .6653245 .9415149 1.212427 1.398687 1.488475 1.540904 1.571446 1.649009 1.636947 1.593331 1.715134 2.050548 2.377569 2.720611 2.998805 3.225472 3.351079 3.226473 3.133735 3.277792 3.363295 3.446889 3.218596 2.574502 1.841853 1.285417 .9505969 .7611544 .5304723 .2650279 .05648313 .03924857 .1327706 .2005713 .05078946 -.233928 -.5142102 -.6902181 -.6492447 -.2884781 .3311792 1.141528 1.980347 2.857116 3.671993 4.250339 4.472118
-1.615988 -1.635269 -1.572825 -1.429508 -1.008454 -.5615437 -.256464 -.07923406 .02860536 .08375648 .110114 .1350132 .2073092 .2386394 .3378415 .535551 .9076014 1.30796 1.675684 1.994993 2.089376 2.036465 1.940535 1.795535 1.593192 1.536958 1.801295 2.103753 2.357799 2.603132 2.744797 2.769243 2.784352 2.804075 2.919253 3.056004 3.167537 3.095141 2.844536 2.542638 2.236694 1.754633 1.158435 .5797657 .110405 .05416691 .1893336 .2798495 .2320507 .02265107 -.2643929 -.5758111 -.8555992 -.9908814 -.6820643 .09398232 1.001041 1.937964 2.950636 3.747662 4.192732 4.152466
-1.673398 -1.717209 -1.68571 -1.584727 -1.295289 -.9005297 -.5117298 -.3018167 -.1308804 -.1038274 -.09016775 -.03908226 .006443014 .02488973 .06256948 .2694797 .6996312 1.301083 1.891331 2.426661 2.69525 2.558504 2.372917 2.072466 1.693669 1.410475 1.490917 1.745176 1.927042 2.080549 2.171972 2.222498 2.264578 2.338982 2.490395 2.601957 2.821142 2.927218 2.98718 3.006862 2.850135 2.354891 1.545818 .7619679 .3132054 .2963464 .3360222 .1701079 .08258189 -.1091866 -.4641347 -.7774106 -1.036804 -1.007318 -.7091343 -.01535872 .8701645 1.782697 2.650276 3.300496 3.564163 3.365966
-1.710037 -1.768863 -1.78421 -1.662081 -1.428111 -1.01676 -.5696172 -.3383246 -.3035398 -.3237616 -.3927932 -.3108776 -.1933773 -.1776886 -.2628501 -.1249672 .3151253 1.001929 1.799944 2.530039 3.083476 3.237871 2.928953 2.640931 2.247573 1.645171 1.34774 1.408843 1.460899 1.5424 1.62808 1.692506 1.715859 1.799888 1.915928 2.060384 2.400205 2.761547 2.924161 3.022951 2.95647 2.539282 1.863831 1.23984 .9252902 .6888876 .4476783 .05482646 -.1833948 -.2791357 -.5752162 -.888679 -.9858377 -.6891827 -.2238757 .1506499 .8173682 1.428024 1.994638 2.271722 2.395264 2.209098
-1.761384 -1.798187 -1.807862 -1.713019 -1.576641 -1.235874 -.9487044 -.6356045 -.5559211 -.6860497 -.7355058 -.6208637 -.4126576 -.3441797 -.4269643 -.4844634 -.2286247 .4381465 1.255492 2.104786 2.892183 3.38414 3.392966 3.201607 2.897135 2.311388 1.614627 1.22901 1.117068 1.144024 1.098524 1.101951 1.176531 1.226995 1.34179 1.57281 1.922593 2.311519 2.576796 2.640082 2.524457 2.214873 1.85542 1.651007 1.512058 1.045293 .4852091 -.05242955 -.325796 -.4384402 -.5589925 -.5908836 -.4036206 .0154723 .4081662 .6409468 .7908205 .9522058 1.063419 .9927237 .957029 .975674
-1.730299 -1.783046 -1.744517 -1.627049 -1.61989 -1.513813 -1.359621 -1.214937 -1.033211 -1.152513 -1.084043 -.881092 -.6310167 -.4062435 -.4351164 -.5941671 -.5375921 -.1464693 .4956257 1.281583 2.213805 2.993857 3.432399 3.422378 3.188667 2.713442 1.828153 1.29152 1.055286 .8012431 .656379 .6284427 .6229839 .6998411 .7840778 1.051535 1.408782 1.734565 2.038493 2.034678 1.935307 1.651804 1.531301 1.461783 1.417661 1.045824 .4255795 -.05741472 -.4307031 -.4265286 -.1694927 .1502469 .4825117 .8054486 1.045152 .9738013 .8027778 .4580161 .1780757 -.1403067 -.2455307 .0385095
-1.670183 -1.711786 -1.690809 -1.628191 -1.646353 -1.649701 -1.66901 -1.687524 -1.597402 -1.527848 -1.265996 -1.119524 -.9960046 -.6985241 -.494135 -.4727513 -.530145 -.5334846 -.1389433 .4711519 1.259369 2.096468 2.821347 3.146486 3.112075 2.765952 2.176948 1.496728 .9767938 .5397763 .2998572 .1670349 .1363613 .1883986 .2750692 .5462013 .8893036 1.130511 1.303464 1.366796 1.245598 1.046597 .9300639 .9130512 .9747638 .7327631 .259434 -.1652192 -.3997205 -.2539902 .2754455 .9182993 1.278258 1.352564 1.216767 .926131 .3434523 -.1330758 -.5548529 -.7770888 -.6554562 -.009705893
-1.604667 -1.62425 -1.656099 -1.67238 -1.698645 -1.774309 -1.870437 -1.934968 -1.827441 -1.629044 -1.449566 -1.371641 -1.355726 -1.182458 -.8632516 -.5498736 -.5826643 -.5762542 -.4786852 -.1231777 .4116232 1.126862 1.876019 2.423349 2.622816 2.495551 2.047871 1.423005 .7589056 .3343811 .04902426 -.1221625 -.2579662 -.3046406 -.1129318 .1235012 .4221181 .5450998 .582575 .5117133 .4164906 .3296554 .2330197 .2143052 .303514 .1960197 -.09839802 -.3211058 -.3806365 -.1465865 .4684443 1.057114 1.385073 1.218425 .6768505 -.03468195 -.4999371 -.7587122 -.7115877 -.4193484 .216619 1.076329
-1.509439 -1.56526 -1.626875 -1.674127 -1.755221 -1.829394 -1.934531 -1.987131 -1.921092 -1.770217 -1.615038 -1.507599 -1.496226 -1.363384 -1.076639 -.7708054 -.6667883 -.6079648 -.5802611 -.4719031 -.2211159 .2101505 .7579449 1.414025 1.897332 1.974811 1.737748 1.254416 .7506831 .2928537 -.01800507 -.3321728 -.5805779 -.7248935 -.5640633 -.1887071 .07954718 .1204461 -.07944362 -.3645882 -.5562327 -.6302621 -.6338007 -.6109052 -.6724319 -.665081 -.7903372 -.7387967 -.5814391 -.3086597 .1685886 .4776816 .5544398 .1943163 -.4103597 -1.070109 -1.304181 -.9342077 -.2201074 .7594309 1.741652 2.803195
-1.449319 -1.53644 -1.620169 -1.691832 -1.766326 -1.859464 -1.937533 -2.019294 -2.010503 -1.893902 -1.688798 -1.571612 -1.523442 -1.400512 -1.144085 -.8698795 -.754119 -.7388378 -.7793646 -.7880304 -.6564356 -.5173321 -.376429 .11953 .7307795 1.213955 1.273979 .9929082 .6175904 .1934044 -.1609065 -.5091434 -.9258299 -1.162621 -.9737694 -.5311472 -.1495607 -.2004384 -.6072521 -1.205225 -1.546701 -1.549568 -1.402637 -1.473183 -1.546114 -1.579734 -1.445148 -1.269771 -.931381 -.5610629 -.379149 -.3675576 -.5895293 -1.030968 -1.42165 -1.56342 -1.184982 -.3842361 .5988778 1.735818 2.949533 3.985699
-1.426866 -1.499151 -1.591419 -1.679582 -1.754056 -1.839102 -1.939489 -1.992891 -1.984398 -1.877758 -1.743734 -1.607328 -1.496227 -1.354619 -1.216152 -1.112355 -1.013352 -.9005293 -.9311144 -.9635658 -.9565365 -.9526268 -.9912553 -.9260294 -.5653952 .07015087 .5069386 .5811942 .3511406 .04854895 -.2974125 -.7266531 -1.271042 -1.517161 -1.193708 -.883766 -.5220015 -.5743366 -1.203364 -2.043835 -2.441991 -2.418573 -2.302257 -2.212698 -2.250926 -2.224602 -2.051335 -1.690743 -1.286703 -.8664169 -.6804991 -.8627055 -1.182129 -1.434298 -1.431037 -1.079921 -.3598186 .3526541 1.237735 2.015404 2.98444 4.011939
-1.40463 -1.494306 -1.577148 -1.67291 -1.735073 -1.809917 -1.895685 -1.941698 -1.929385 -1.873103 -1.745238 -1.597704 -1.447441 -1.352857 -1.306423 -1.248814 -1.209637 -1.133334 -1.151166 -1.170083 -1.202042 -1.233768 -1.298674 -1.372862 -1.278921 -.9854115 -.5253963 -.1599292 -.03124069 -.1431439 -.4193255 -.9481517 -1.431945 -1.448754 -1.235832 -1.121545 -.9820899 -1.063812 -1.719326 -2.613328 -3.159462 -3.36904 -3.235817 -2.975768 -2.800566 -2.577102 -2.285974 -1.967911 -1.483253 -1.067042 -.8582317 -.9609182 -1.118473 -1.158879 -.8575169 -.2769951 .3828733 .950473 1.402444 1.925945 2.555208 3.394428
-1.3834 -1.474921 -1.563324 -1.66046 -1.722961 -1.784668 -1.847419 -1.878318 -1.871352 -1.837047 -1.713025 -1.551022 -1.443437 -1.417123 -1.379942 -1.348255 -1.324288 -1.301421 -1.291785 -1.29397 -1.318446 -1.390386 -1.510909 -1.630123 -1.671405 -1.549978 -1.272461 -.9148764 -.605773 -.48519 -.6206306 -1.032754 -1.361323 -1.326115 -1.282773 -1.397921 -1.406296 -1.530956 -2.129466 -3.05979 -3.638926 -3.905222 -3.839753 -3.582755 -3.164223 -2.762975 -2.466996 -2.057014 -1.653554 -1.327363 -1.163662 -1.087798 -1.03958 -.8093508 -.4652837 .05073767 .5397465 .992045 1.389583 1.733809 2.180196 2.70964
-1.360583 -1.45733 -1.568451 -1.669042 -1.710003 -1.757951 -1.783761 -1.790144 -1.808488 -1.791763 -1.700942 -1.623048 -1.53119 -1.46249 -1.470898 -1.447779 -1.44538 -1.444358 -1.401246 -1.382288 -1.414564 -1.482976 -1.542976 -1.666535 -1.800309 -1.894887 -1.826598 -1.56306 -1.189443 -1.033995 -1.103051 -1.09006 -1.120818 -1.218534 -1.455024 -1.707555 -1.890683 -2.079277 -2.571078 -3.189932 -3.547868 -3.800579 -3.837141 -3.691366 -3.4035 -3.104167 -2.686734 -2.268878 -1.937603 -1.795079 -1.709964 -1.514065 -1.204975 -.8457733 -.4911993 -.06651196 .4126401 .8334724 1.228799 1.635948 2.039927 2.436078
-1.327075 -1.44229 -1.567011 -1.654945 -1.698297 -1.707963 -1.734641 -1.733982 -1.743565 -1.736185 -1.687173 -1.654114 -1.59822 -1.570569 -1.532911 -1.529431 -1.536342 -1.52663 -1.469101 -1.457287 -1.488346 -1.528085 -1.593509 -1.686887 -1.806098 -1.937254 -1.946025 -1.903087 -1.75414 -1.652344 -1.507863 -1.129116 -.8887245 -1.22308 -1.650552 -2.021757 -2.287677 -2.451443 -2.747417 -2.901681 -3.098917 -3.286514 -3.527615 -3.594167 -3.591138 -3.565221 -3.24987 -2.767514 -2.469826 -2.527869 -2.418927 -2.172859 -1.697 -1.315033 -.83087 -.3909894 .0940071 .5959573 1.130673 1.757863 2.195095 2.471018
-1.329191 -1.392462 -1.549552 -1.646963 -1.669739 -1.670037 -1.662134 -1.667729 -1.670146 -1.678321 -1.686692 -1.671843 -1.627925 -1.608777 -1.61217 -1.577498 -1.570776 -1.573114 -1.543952 -1.576667 -1.620591 -1.640162 -1.634676 -1.694861 -1.818337 -1.935469 -1.999195 -2.052967 -2.155861 -2.222857 -1.833971 -1.280975 -.76193 -.9933366 -1.670021 -2.364084 -2.710333 -2.670446 -2.577325 -2.502084 -2.602018 -2.967424 -3.360863 -3.636902 -3.904235 -3.998959 -3.76811 -3.439324 -3.317577 -3.370638 -3.270844 -2.900131 -2.391719 -1.873772 -1.411863 -.8269634 -.2513413 .4618199 1.238977 2.034216 2.631094 2.791678
-1.354472 -1.422385 -1.521387 -1.578213 -1.613086 -1.620011 -1.600232 -1.605165 -1.618525 -1.636618 -1.70483 -1.690616 -1.670172 -1.638586 -1.628394 -1.63887 -1.580358 -1.592887 -1.618004 -1.656411 -1.689616 -1.724056 -1.73577 -1.793141 -1.863606 -1.985397 -2.081983 -2.182039 -2.382457 -2.44919 -2.084238 -1.492779 -.9572096 -.9260147 -1.561516 -2.512757 -3.034501 -2.903214 -2.423428 -2.123261 -2.308561 -2.840482 -3.381057 -3.82619 -4.126911 -4.292799 -4.316725 -4.276781 -4.342188 -4.328783 -4.146801 -3.743905 -3.13651 -2.526459 -1.844888 -1.141347 -.29276 .6908056 1.67056 2.499248 3.106742 3.239969
-1.386251 -1.463999 -1.484971 -1.493393 -1.505072 -1.529858 -1.538985 -1.560758 -1.58008 -1.630219 -1.6859 -1.705901 -1.673813 -1.678006 -1.63375 -1.619619 -1.568835 -1.592836 -1.659009 -1.714728 -1.757206 -1.804288 -1.829539 -1.868558 -1.949324 -2.039054 -2.15527 -2.269055 -2.365733 -2.281152 -1.954894 -1.668774 -1.339948 -1.188254 -1.622728 -2.441901 -3.069383 -3.086419 -2.568697 -2.098555 -2.233988 -2.749095 -3.368756 -3.928665 -4.325246 -4.621527 -4.862607 -5.045887 -5.169899 -5.197031 -5.000722 -4.498994 -3.7214 -2.911358 -2.077429 -1.118798 .01774597 1.212423 2.345915 3.109964 3.512396 3.451726
-1.367263 -1.457623 -1.452489 -1.426254 -1.453713 -1.472992 -1.478018 -1.518661 -1.52976 -1.639014 -1.649502 -1.681898 -1.670335 -1.65347 -1.626819 -1.636775 -1.614337 -1.634649 -1.702716 -1.771913 -1.824712 -1.858557 -1.903271 -1.94987 -1.997758 -2.078185 -2.182322 -2.262347 -2.212344 -2.026778 -1.858175 -1.866619 -1.881268 -1.793403 -1.870716 -2.431591 -2.85374 -2.990454 -2.766536 -2.393767 -2.474587 -2.827147 -3.403252 -4.012692 -4.489927 -4.945094 -5.336954 -5.651053 -5.863678 -5.919526 -5.708948 -5.074746 -4.090353 -3.013384 -1.850316 -.7426139 .6027054 1.98823 3.116694 3.611046 3.637841 3.265984
-1.369181 -1.400034 -1.404778 -1.378267 -1.379453 -1.408905 -1.465579 -1.469315 -1.507944 -1.60876 -1.624845 -1.628698 -1.631093 -1.618444 -1.616084 -1.6132 -1.643554 -1.693228 -1.750627 -1.817522 -1.840771 -1.881597 -1.957542 -2.024334 -2.049517 -2.092851 -2.163827 -2.274836 -2.231334 -2.021744 -1.999568 -2.090498 -2.207191 -2.297433 -2.279524 -2.51275 -2.769019 -2.935722 -2.85775 -2.675412 -2.65365 -2.918687 -3.495318 -4.120141 -4.664824 -5.218242 -5.658139 -6.090797 -6.37277 -6.406576 -6.099535 -5.380393 -4.211954 -2.811597 -1.411672 -.06365906 1.339977 2.79462 3.722928 3.905493 3.448481 2.744175
-1.370935 -1.360917 -1.351456 -1.337738 -1.354568 -1.369235 -1.40996 -1.452562 -1.493623 -1.51191 -1.526631 -1.567104 -1.576335 -1.573029 -1.612106 -1.618986 -1.666551 -1.725445 -1.775495 -1.832207 -1.854853 -1.898964 -1.94958 -2.021334 -2.145815 -2.250052 -2.251954 -2.354207 -2.352675 -2.289489 -2.222733 -2.238678 -2.366463 -2.513095 -2.631701 -2.797513 -2.822488 -2.904183 -2.902812 -2.791117 -2.889714 -3.176812 -3.697419 -4.193042 -4.83646 -5.410791 -5.970976 -6.434259 -6.713654 -6.565143 -6.20831 -5.384709 -4.101638 -2.491802 -.798578 .7668121 2.18418 3.380648 3.989507 3.83474 3.011229 2.043318
