py_wake/examples/data/AJ_ParqueFicticio/Rough survey   Sector 9   Height 30m   Power density.grd
DSAA
73  159
 258469   265669
 6501692   6517492
 .000164093   1949.029
[rows 112 to 139 of 159, columns 0 to 62 of 73]
233.4505 230.976 216.4827 246.2891 300.9699 360.8432 427.0303 526.3812 684.1105 803.1694 959.5696 1150.245 1046.578 845.3766 640.1678 363.2893 294.6142 417.8468 493.2005 412.1485 309.1448 268.8503 171.4741 172.9387 381.4095 584.7559 635.7269 415.5164 185.2853 75.82258 35.65961 27.46159 27.53694 40.52469 49.07498 55.84791 75.21053 150.0437 330.1828 509.0837 716.397 864.0306 788.3915 466.4237 292.5516 188.7174 142.0211 101.1453 93.86242 221.1406 321.0194 260.1273 129.1378 63.87159 41.12554 38.51833 39.99381 41.8479 42.38964 29.62505 5.557046 1.521163 2.727062
193.4037 224.7197 242.3525 275.3989 325.8391 397.0532 501.1281 656.9594 805.6898 872.3384 1015.592 1201.52 1092.02 823.1743 509.816 268.1585 323.8328 516.9634 558.6248 395.0959 279.4844 229.1517 172.1271 190.1971 416.6218 595.7148 509.9262 256.0234 115.6845 58.41629 28.97124 32.14722 46.86277 51.7685 59.92953 80.02338 119.0295 203.3335 409.5956 614.4695 855.3612 971.2688 775.1809 416.7879 257.9203 176.9477 149.678 129.1923 116.8225 164.2398 205.8481 162.38 87.82235 52.54686 37.52353 42.20336 42.77996 45.41911 38.08957 27.92147 17.17788 3.13529 5.467902
186.7882 249.6006 281.5084 306.9391 352.4864 451.8228 618.6005 764.1685 843.5705 889.9749 1117.64 1226.752 1024.364 642.2803 347.9513 249.9098 403.0995 604.1446 540.1196 374.8955 309.0173 237.6427 178.7141 188.7242 373.8304 504.8526 396.9335 188.5747 79.2646 44.16828 37.51665 47.86963 63.90747 67.4905 77.01315 104.5174 183.2622 325.6596 556.6631 755.1297 960.1434 994.7466 684.3479 371.8453 242.8197 189.6313 156.7718 127.5296 119.9449 121.2267 126.5234 112.049 70.26387 51.47727 46.85709 46.36665 46.23134 44.67018 38.54058 30.86315 24.78708 20.14614 10.76815
223.5793 277.7238 305.2771 335.2502 389.8166 532.4996 705.5631 781.3654 849.8271 969.9638 1186.668 1133.92 873.0067 464.8635 293.677 314.9454 530.98 642.2936 552.6248 414.2996 365.2976 308.5303 188.7346 176.0483 277.7913 370.9369 290.2573 126.9182 47.28179 43.55418 54.83539 68.24117 71.46406 68.68088 82.17741 152.4919 298.4838 531.2997 771.1927 862.0936 923.2382 907.6837 590.4363 362.4456 248.4903 202.1244 156.405 121.1326 102.8697 94.21768 89.39219 78.2137 59.40432 57.00734 55.63505 51.77935 49.55673 45.47619 40.76291 33.78868 31.094 27.89297 25.89124
243.3171 287.3119 304.0179 344.5962 434.9525 601.7153 731.0565 794.2131 939.0158 1047.169 1206.053 1052.802 725.4014 421.0759 355.9177 450.5762 610.3653 683.671 591.4534 492.0067 418.1428 328.7085 222.3989 161.2766 195.105 257.8281 221.6234 89.32024 49.16875 59.35334 74.6359 73.9062 60.09746 71.08547 122.1006 254.315 523.0557 732.9452 955.5411 894.9538 870.9194 753.8954 511.6299 344.6211 245.7745 196.7051 150.8822 115.2044 88.59093 72.4335 69.01617 67.03964 60.61382 56.60295 55.35625 53.27395 49.84197 46.20345 42.54572 35.63092 33.07156 30.92469 29.93243
255.3715 273.6111 285.2319 329.1963 456.8579 606.8007 721.9005 879.4454 1057.806 1225.23 1167.011 919.0526 658.6282 445.569 432.1595 555.3424 655.5422 716.4432 636.8097 530.0269 413.2042 293.0006 220.0225 164.3534 146.6414 169.9138 145.1655 63.57825 57.69672 98.24003 96.14131 66.83678 67.50474 142.7852 226.3841 392.748 692.3818 995.9972 1025.078 840.9933 660.6599 513.1552 365.4021 271.4334 204.926 167.1958 136.2043 99.86317 72.87005 56.19221 52.79925 56.94723 58.09146 51.96711 52.38589 48.9556 47.80597 46.16119 39.37192 32.81768 34.85559 30.47135 32.55766
238.1606 242.1044 271.5617 351.6923 486.0183 637.7299 793.7231 1004.228 1185.523 1281.148 1070.235 852.2451 586.1605 433.8869 461.5519 583.7926 673.1352 684.1519 544.9513 436.2592 321.6292 218.9111 174.7362 149.3094 149.7907 124.4649 92.37736 71.51673 91.17246 127.7599 104.3781 67.94875 111.6301 214.6019 235.1399 385.2113 731.6272 1051.847 1043.071 658.8932 435.8519 320.0576 227.8395 195.1398 137.2864 117.5764 93.28223 65.81699 56.05267 46.3431 45.26168 53.28514 56.38798 51.95918 52.57483 48.2044 49.79806 48.04752 40.40014 32.18851 23.98178 23.97355 25.07558
189.7994 217.7049 284.4243 411.3949 580.8043 765.0855 948.7104 1135.19 1219.015 1220.628 984.4247 698.6128 506.3947 390.5552 425.0079 521.2459 621.4174 542.7521 418.3937 333.3569 238.4169 150.6822 111.3883 129.2874 142.9623 126.2063 80.51749 82.5848 117.4864 144.3125 85.43915 65.54004 150.5563 203.1941 193.4915 379.1469 732.365 998.7147 876.3377 508.3983 291.7227 197.8029 150.5847 166.9021 106.7234 83.82004 63.46484 45.12963 40.19791 37.65356 42.95432 52.1399 54.27901 54.23304 53.2972 53.01046 54.56301 54.20976 41.82721 24.21661 11.17025 10.80435 11.62294
217.5028 279.0293 386.1794 559.013 746.2887 936.4619 1141.278 1285.138 1239.332 1089.182 785.8851 560.4021 422.3473 358.7578 403.2775 479.8615 507.3964 408.1908 304.4876 246.1875 190.5354 130.9732 106.4747 136.515 168.2909 128.8522 95.45781 86.18671 101.3967 111.5358 64.38433 80.60043 167.0439 142.7999 179.9229 425.5919 773.2929 963.1487 804.3608 429.3296 227.3958 137.5608 130.1644 142.213 96.18219 62.00835 46.44022 39.39807 36.88804 37.08887 40.71018 47.69954 49.79872 53.3969 52.83245 57.50475 54.01735 53.59565 23.24751 7.240797 4.5982 8.724367 9.353559
323.0354 387.7227 527.0827 733.6559 933.4333 1138.65 1405.686 1396.336 1141.848 783.1558 613.6687 470.5938 358.9396 328.9533 410.8833 446.9793 405.0741 344.2636 265.8579 226.377 182.6007 135.2243 105.4274 152.0782 153.8693 110.7267 98.47751 101.0929 90.37862 77.44138 62.17363 97.1755 122.5188 104.3855 225.7856 538.7838 942.2228 1015.97 705.1733 339.42 196.2961 112.3208 106.5957 111.0576 81.04839 56.63589 46.09721 42.0064 42.27567 44.93778 50.73724 46.21831 50.39563 50.22857 53.25121 47.41153 48.93644 22.73906 3.318885 1.76407 3.893268 6.192944 12.04924
372.707 449.7209 639.9501 890.508 1125.283 1397.444 1555.985 1430.817 820.2421 554.1761 534.0744 408.2654 335.913 368.0415 371.8294 369.015 318.9293 275.6493 222.3188 190.0792 167.5126 117.0531 116.908 126.1703 136.3104 100.939 109.1946 107.9466 105.2133 64.84144 69.28934 87.87097 81.4918 133.6013 368.8031 775.8041 1060.022 954.514 554.2823 271.0025 154.0907 94.13631 80.43221 84.33977 70.06123 57.10717 53.26856 50.27536 48.66645 53.69098 52.54585 50.58361 46.36445 47.90876 41.27347 35.21513 24.71521 5.054098 1.117481 2.21135 10.60233 21.01217 35.39608
414.4318 547.1384 817.4344 1081.597 1416.126 1584.308 1633.541 1289.059 579.8193 421.998 458.3922 398.6906 339.0517 336.3314 330.5001 296.7593 275.3781 215.4502 168.4525 142.8853 127.4019 111.4046 124.4474 131.9977 111.4283 111.4883 100.0093 119.2035 113.2685 71.68888 60.79895 65.13195 103.8155 253.9048 560.2777 901.6461 995.2082 730.5759 391.1989 193.4169 113.5897 69.50111 61.16937 63.49012 64.08922 62.66564 54.54107 56.19566 55.52042 54.13009 53.50807 49.3476 46.93839 39.46242 26.994 15.79879 8.309562 1.732572 2.462728 11.631 30.80949 40.29955 55.60187
520.5864 757.6012 1025.573 1307.28 1608.018 1765.235 1541.407 953.6706 441.6952 340.3195 447.6666 370.3744 348.6593 343.0242 328.7884 272.7386 239.849 216.2219 183.4461 173.377 160.0044 167.8474 177.196 149.7112 107.8788 95.91734 99.94008 130.1339 135.3151 86.18085 49.16266 66.86267 165.0122 366.0733 635.8196 847.6502 787.4607 505.6068 281.8874 141.0402 81.47372 64.04238 60.90913 69.21431 68.62452 59.16969 61.21533 62.29822 58.46255 54.03873 53.42562 49.88147 42.58798 25.35927 12.15373 5.35491 2.114437 5.930866 12.42511 26.34394 41.83992 58.80195 71.81875
649.8401 907.8212 1205.236 1445.291 1685.573 1450.948 1124.704 687.1119 367.3737 302.8874 384.4442 337.9896 340.3567 368.8856 320.9892 288.1953 233.1261 216.1968 195.0408 233.4216 236.926 250.3674 215.0445 131.9032 84.21449 80.15924 98.5247 177.6596 197.2316 119.1483 40.13363 79.42289 196.8838 383.2106 608.9886 720.5704 578.9001 366.1621 219.7191 115.8667 71.6843 61.32648 61.89162 67.34741 71.23901 67.51189 66.39589 68.97382 62.96714 55.69952 51.79627 39.83426 20.89877 5.996604 3.005414 4.674973 5.218777 11.42703 29.39053 39.97665 48.41906 69.62672 93.89981
838.4448 1071.112 1371.374 1586.302 1562.142 1154.595 835.4767 609.2422 401.8768 296.4972 320.6297 294.6452 342.8919 339.6331 296.6993 266.4183 221.3835 197.5739 245.8548 295.9434 279.2368 259.7628 179.4652 94.62091 75.6014 93.3456 163.0963 234.0912 263.0561 141.2793 27.92187 57.24914 185.6407 392.9115 578.1844 590.5084 427.3482 298.8617 189.6932 99.38476 68.32845 62.4329 59.88038 67.56422 63.13448 62.712 65.72388 69.28822 57.81145 50.70275 38.43014 17.70972 2.906276 2.297021 4.397095 6.539968 8.783961 27.3838 79.30824 50.64031 47.21023 88.35742 99.66195
1005.192 1251.625 1518.395 1587.128 1312.286 925.5948 714.7324 589.1992 412.7222 292.198 262.1319 273.275 309.0095 263.8121 247.961 277.6763 221.3672 234.7677 283.4926 286.3717 228.0172 186.785 111.3997 70.98897 77.00771 124.5074 197.141 268.6666 259.1454 152.4438 42.43757 47.68571 202.4627 425.8011 544.5677 469.8011 328.3124 247.4704 156.6946 80.24975 54.17123 59.64801 64.00676 65.91824 63.40053 60.92177 57.43047 65.22824 57.84159 44.01774 20.642 2.672887 1.73676 2.467155 5.797988 10.19335 33.2082 104.9742 116.4316 51.83226 48.12302 93.57469 90.54893
1110.157 1387.598 1570.078 1522.153 1223.106 725.996 634.0582 533.0089 377.5722 308.2712 287.4784 227.097 235.7402 211.3445 239.0724 304.3976 249.8382 250.9085 280.175 236.293 162.9773 137.6288 78.41827 51.86122 79.99722 135.5916 210.4533 228.0992 207.939 150.2735 48.49654 64.84608 248.4995 402.293 446.4435 344.9358 235.0883 166.1971 111.3671 65.81931 54.70589 58.43382 59.15989 64.92702 70.08603 64.52982 59.47002 60.9782 63.43253 40.69278 15.33015 2.35331 .7877656 3.13846 19.61186 45.78662 91.77149 128.9658 116.1607 51.64393 49.97472 76.67698 76.10868
1304.07 1576.467 1614.761 1381.641 919.3345 507.595 488.1916 433.6224 305.0262 281.5199 272.4609 202.6878 194.9035 203.3017 249.9041 302.3548 265.6969 237.367 241.0056 181.722 128.1711 120.6397 62.67999 44.24245 80.39446 136.5448 187.6202 172.3539 160.2548 129.2191 76.13918 96.607 231.8434 310.5679 309.8849 230.8712 145.2417 100.7671 83.91541 59.8405 58.46919 56.92352 61.36288 60.48031 73.40043 69.70866 70.11143 65.31271 60.65288 42.55044 8.923137 2.012975 .9836649 16.63203 53.31836 85.63177 93.22439 98.49821 87.01398 53.72285 53.0274 58.05926 62.96937
1614.542 1706.368 1480.362 1068.281 577.0306 355.118 420.9197 341.2157 283.2266 273.4792 264.0557 230.6808 188.3119 211.338 243.7495 261.5019 259.8683 237.9314 193.1811 144.1318 114.6689 111.9797 53.30193 47.24203 87.74342 137.6017 173.1459 175.0627 174.1762 151.4707 107.028 123.5159 192.0439 235.3987 209.68 150.6628 92.12298 83.86196 86.24548 83.20178 69.28249 59.79041 64.61966 70.35034 75.90421 75.79734 81.54688 76.08895 56.69946 29.67606 3.701448 2.683705 3.27455 41.97868 81.78126 81.23679 80.3967 86.26817 88.38984 71.05418 63.62936 62.71395 63.83728
1949.029 1569.217 1146.478 782.5972 383.5916 334.5906 406.8683 346.4841 340.8498 329.0368 314.0586 291.5128 240.241 172.7463 198.5816 216.8904 267.7895 236.2096 181.7452 131.9583 110.4927 100.4906 54.55481 52.23962 86.70604 136.0368 188.7299 224.8179 227.2059 172.6629 122.8452 125.5929 178.8422 183.3026 167.0272 119.1195 88.38641 85.19954 91.42677 96.23055 71.58302 69.49788 69.52793 82.50404 94.29576 100.524 89.95116 80.49746 55.13035 15.26172 2.798099 4.855137 18.40851 65.7561 81.39558 73.8149 74.60518 91.00731 84.63183 85.32749 83.09219 66.92841 76.82341
1879.048 1216.268 824.2713 596.5742 303.2346 307.1906 353.5334 360.3275 404.8189 390.8309 371.1655 324.0574 251.8473 166.375 149.7706 211.7328 250.0292 255.0288 169.9446 122.1288 90.91637 90.43851 59.81451 52.74165 89.21938 158.3338 242.4234 314.3918 282.9563 175.7773 120.8739 127.3308 181.735 185.5223 160.2458 112.5924 107.1123 99.67524 98.90484 97.63317 86.3896 83.43446 78.95942 92.72425 111.7579 102.6093 93.39864 78.65913 37.40302 5.304717 8.939236 11.51552 34.52002 66.65047 76.1138 69.23123 73.23683 86.2915 90.3452 94.30321 82.98161 72.93446 82.39836
1641.344 896.4456 586.0562 417.3421 227.126 262.6089 333.8912 374.5806 396.9562 405.5236 345.341 288.0094 235.5783 180.7022 135.5861 194.0685 230.7866 205.3486 153.2959 118.4995 88.76701 71.8481 57.75909 59.98434 100.3008 191.5158 287.8708 347.0003 267.7256 162.3457 119.3156 142.0784 177.2231 168.6735 143.4472 108.0338 102.2868 90.06961 87.60621 86.77674 92.31244 84.56783 90.66331 111.8905 118.8858 103.9582 83.21985 64.58902 22.29776 9.287941 16.59466 20.34059 28.21538 54.11909 71.23672 73.12562 71.74271 73.50242 83.13631 99.63519 88.60072 78.04552 92.41206
1361.403 681.4183 409.1961 281.5032 201.9961 291.8332 375.3202 404.3171 412.8877 432.1956 340.9187 264.3431 209.0264 166.4126 125.2331 165.7144 183.059 156.7832 128.9746 118.2153 86.87356 70.47918 55.44405 60.46646 102.8012 213.3362 316.4656 351.8072 233.6133 148.0858 116.9417 137.8055 135.9867 153.4353 123.1404 98.97594 76.02675 78.97334 77.96644 81.20444 87.13057 90.84735 105.966 115.4911 112.8781 90.20042 65.59835 46.78411 15.62552 11.56951 22.40845 28.88008 29.58359 44.44204 76.75439 77.51418 75.75526 76.98756 86.28568 94.73016 86.46249 87.70201 96.89574
1126.963 590.9894 298.511 196.2443 236.6461 379.393 434.8474 416.8908 437.2257 402.4571 324.9464 245.1405 189.8666 153.8325 144.0489 135.348 158.0466 138.0217 126.3985 113.0573 83.86491 69.21882 55.46775 61.8701 111.6994 251.9105 340.0323 349.5369 226.9686 143.6532 116.1268 120.8949 124.6683 126.6089 103.4785 79.39274 69.76379 65.16385 66.6787 80.40683 92.50697 104.5092 115.4972 111.0613 92.66753 69.58154 41.91051 26.76278 15.91542 14.26793 28.38461 36.00645 38.22607 37.45884 75.18261 80.22627 80.25823 83.33402 85.64297 92.11711 90.79099 91.20146 99.47804
944.3522 528.7903 247.587 166.5635 270.4379 381.3151 375.9677 350.5753 395.2099 367.3188 287.4373 222.3734 195.0016 146.3781 124.8544 133.6196 140.1999 118.0875 127.3763 103.7255 80.89825 74.67642 59.24542 63.69763 144.7281 299.6371 385.2411 336.6313 189.9684 129.6939 113.4576 115.2517 104.4697 101.0778 84.06667 75.42384 67.7262 52.28344 65.36444 81.45517 96.50409 111.477 122.6404 85.88087 67.05117 47.38316 29.31468 26.17776 24.66541 32.37132 38.49166 44.25182 43.47742 46.53873 65.4174 78.3076 79.75234 82.96378 84.91736 85.79869 94.30071 94.51453 97.92889
745.2496 438.8474 222.6648 140.6235 258.2766 296.3413 278.4318 313.6532 361.4126 317.6652 235.319 195.4094 194.5123 145.154 114.6986 117.5939 105.3899 106.7559 105.2965 94.105 93.39122 89.44994 64.68356 68.20516 177.5413 320.9047 401.9845 291.5569 167.489 109.4101 98.77161 98.46781 95.14023 78.27324 76.92028 69.5322 65.65352 60.51017 69.53451 83.0863 97.1268 115.8223 122.465 73.4678 55.11974 44.17517 38.37954 40.07097 53.04111 45.9824 43.15053 46.65895 46.40376 54.12246 60.35737 69.93503 74.31813 78.46613 75.70269 76.97488 91.09657 98.32423 98.2769
550.2361 337.5407 201.9515 118.9787 184.6349 195.4772 250.4358 312.8375 322.718 256.6716 199.3855 182.8847 185.9436 132.0923 92.36529 110.5422 96.70592 91.39368 95.53925 107.4166 99.18921 92.58517 74.46274 100.1295 206.7679 298.6496 361.9496 244.6866 144.651 95.0515 86.0016 88.63927 89.37012 82.71516 70.26495 70.10783 65.11967 70.61631 77.62054 79.99198 99.47549 118.5605 100.1266 73.02863 57.4162 50.67494 50.92496 56.71315 68.86122 46.41874 36.95276 41.08588 49.63883 59.59255 62.61436 64.74772 67.76507 68.62582 63.3623 71.29352 84.44357 99.00719 104.3602
438.6191 284.7006 197.743 98.28116 111.5928 172.1209 279.534 336.6207 277.8037 226.6078 199.3777 183.7551 166.0853 127.2793 94.83582 104.1832 91.98811 72.47286 99.34807 131.6679 114.4741 104.9258 92.82387 115.7695 200.7098 262.4466 288.6255 212.8004 125.9313 91.91666 87.21766 81.8928 92.38638 81.71886 72.69573 70.4928 69.81873 82.53313 88.58814 81.22369 99.14409 108.621 89.2883 56.69398 51.47045 52.7071 56.08221 58.89793 55.97578 37.13803 41.01245 52.08497 63.60061 68.86172 59.97484 58.29916 64.91407 69.25578 62.95382 64.13334 80.24578 96.69355 115.3411
