py_wake/examples/data/AJ_ParqueFicticio/Rough survey   Sector 10   Height 30m   Mean speed.grd
DSAA
73  159
 258469   265669
 6501692   6517492
 .2639414   11.76405
[rows 84 to 111 of 159, columns 0 to 62 of 73]
5.843225 5.807903 5.788197 5.782198 5.772779 5.815613 5.892588 5.940317 5.977784 5.983797 5.954665 5.90304 5.804659 5.70559 5.71214 5.624519 5.592088 5.520966 5.411357 5.58286 5.717604 5.807328 5.839879 5.931059 6.272061 6.910918 7.446191 7.783273 8.05823 7.949641 7.428743 7.084448 6.965981 6.593952 6.495684 5.593754 5.434131 5.483991 5.871673 6.471353 6.726947 6.565969 6.120155 5.636316 5.702563 5.603831 5.180946 5.033753 4.780008 4.80485 5.264281 5.564661 5.775035 5.931599 6.061459 5.836461 5.541118 5.109301 4.612343 4.180204 3.675484 3.310945 2.890513
5.897614 5.872244 5.798873 5.783576 5.762801 5.859982 5.905684 5.964929 5.968992 5.999934 5.98806 5.947087 5.898742 5.698149 5.731781 5.758466 5.731149 5.618177 5.447379 5.479935 5.564029 5.679451 5.786629 5.899333 6.458416 7.340248 7.879496 8.183171 8.033157 7.659904 7.1167 6.81126 6.935641 6.562906 6.224303 5.374816 5.31679 5.668105 6.326905 6.740903 6.86719 6.590716 6.337451 5.793739 5.704626 5.766247 5.38155 5.134528 4.716494 4.494488 4.831107 5.450728 5.772375 5.894145 6.04285 6.013711 5.594843 5.10338 4.676876 4.190812 3.565065 3.007418 2.471668
5.819929 5.793645 5.75984 5.736613 5.792973 5.863422 5.939599 5.925276 5.966613 6.000059 5.989703 5.905129 5.87075 5.740075 5.704703 5.759233 5.736021 5.65624 5.622706 5.532659 5.535462 5.578475 5.688153 5.762872 6.383896 7.432521 8.203967 8.375177 8.020022 7.457399 6.943921 6.669956 6.596232 6.378394 6.095854 5.400581 5.197482 5.739717 6.570409 6.782308 6.865944 6.682583 6.317688 5.96772 5.766965 5.686121 5.675515 5.383131 5.033357 4.330993 4.434462 4.96163 5.768274 5.758814 5.947363 6.144605 5.580656 5.095821 4.59178 4.160473 3.361734 2.714111 2.191042
5.694655 5.692366 5.667776 5.759068 5.806212 5.827246 5.909087 5.90089 5.940885 6.009441 5.9794 5.942256 5.912398 5.867484 5.760335 5.750335 5.730626 5.717562 5.686942 5.587092 5.6253 5.646939 5.738535 5.75939 6.160132 7.243469 8.324486 8.531244 8.180382 7.549544 6.874691 6.362397 6.308456 6.142873 5.955992 5.3178 5.07384 5.979632 6.573349 6.849502 6.900063 6.773172 6.571751 6.07347 5.853996 5.670848 5.655221 5.711214 5.215807 4.45512 4.274621 4.670981 5.37493 5.704991 5.826122 6.091602 5.539009 4.936707 4.440731 4.068122 2.999393 2.326802 2.132271
5.687894 5.636849 5.630767 5.764091 5.816439 5.829763 5.855056 5.843169 5.913555 6.011131 6.004394 5.965154 5.933119 5.93512 5.859426 5.734535 5.654177 5.731514 5.696 5.657372 5.66752 5.745751 5.879751 6.06886 6.20895 6.918602 8.173115 8.784575 8.503092 7.706055 6.735412 6.218566 6.044179 5.874774 5.550232 5.132039 5.346231 6.178497 6.638971 6.898385 6.963306 6.88116 6.570894 6.140181 5.762199 5.628291 5.492198 5.751495 5.255319 4.656861 4.375927 4.556956 4.67662 5.277875 5.885459 6.006359 5.531709 4.680815 4.241477 3.838865 2.516757 2.178066 2.360416
5.705182 5.618483 5.663405 5.726542 5.822868 5.833204 5.889359 5.815793 5.875545 5.913082 5.998465 5.953373 5.931826 5.96904 5.944137 5.746583 5.653389 5.642869 5.636871 5.626705 5.700765 5.851803 6.130006 6.518159 6.687788 6.797729 8.007087 9.055821 8.906696 7.774079 6.596265 6.035091 5.820265 5.538444 5.07819 5.072574 5.484156 6.31839 6.747448 7.009051 7.051368 6.972532 6.497019 6.00985 5.597144 5.69603 5.462125 5.465234 5.070614 4.665658 4.658184 4.645756 4.22067 4.681814 5.463313 5.872186 5.433706 4.483177 3.97362 3.696174 2.371621 2.152951 2.425449
5.652282 5.634502 5.701176 5.655365 5.762302 5.833423 5.880962 5.828686 5.859073 5.83621 5.941292 5.920923 5.950009 6.018413 6.018811 5.854389 5.688882 5.607285 5.641466 5.530468 5.697785 5.988192 6.399724 7.075352 7.3241 7.005975 7.833208 9.063832 8.979629 7.730153 6.451478 5.834994 5.653796 5.2767 4.72077 5.126294 5.309199 6.159777 6.888626 7.143464 7.197976 6.941165 6.369483 5.854609 5.85556 5.85639 5.77569 5.396135 4.910419 4.862825 5.167715 5.349397 4.76193 4.205575 4.583827 5.16554 5.087433 4.385118 3.857532 3.411106 2.398646 2.057096 2.502198
5.722993 5.664905 5.662139 5.622413 5.64198 5.777761 5.875991 5.912404 5.887668 5.854417 5.855872 5.871195 5.914523 5.993906 6.037852 5.895087 5.706897 5.654568 5.745237 5.558924 5.633098 6.162672 6.781901 7.569055 7.784708 7.398178 7.929193 9.001369 8.925747 7.535551 6.396653 5.810308 5.602551 4.732302 4.714274 5.308025 5.227612 5.741971 6.827259 7.495163 7.364854 6.843785 6.095844 5.948456 6.056169 5.904657 5.75754 5.277654 4.776515 4.867378 5.50039 5.704067 5.499135 4.919097 4.234503 4.248025 4.600868 4.400658 3.913417 3.224231 2.191239 1.786892 2.418634
5.674315 5.646351 5.646064 5.603506 5.575614 5.766444 5.904135 5.914624 5.959438 5.937734 5.866859 5.807113 5.882045 5.947376 5.984916 5.895123 5.73139 5.858852 6.122356 5.817933 5.400391 6.166798 7.214812 7.988361 8.111514 7.616699 8.096144 8.914927 8.785223 7.3633 6.30801 5.818123 5.455149 4.408083 4.928051 5.757221 5.378366 5.362844 6.520861 7.466599 7.419934 6.732164 6.104986 6.023494 6.115291 6.013301 5.58896 4.86948 4.746478 4.924594 5.528941 5.761845 5.558169 5.474008 4.639733 4.240413 4.271801 4.43893 4.130212 3.393673 1.822787 1.426602 2.077528
5.692671 5.665476 5.60648 5.537382 5.565951 5.746411 5.905335 5.937833 5.963143 5.992388 5.918751 5.766381 5.799146 5.898457 5.901263 5.847366 5.773218 6.203981 6.758475 6.432658 5.369647 5.711977 7.362717 8.337616 8.36306 7.764249 8.114279 8.802086 8.509435 7.143037 6.155913 5.607546 4.87657 4.137227 4.987481 5.950995 5.634431 5.202721 6.314387 7.37946 7.455693 6.771367 6.238298 6.035546 6.191832 5.852218 5.164247 4.880535 4.897041 5.096341 5.421319 5.619435 5.385611 5.33509 4.655394 4.305687 4.162429 4.468164 4.231126 3.404217 1.580256 1.121525 1.545796
5.610984 5.608805 5.569108 5.555517 5.542467 5.695955 5.895797 5.971336 5.999172 6.026901 5.978355 5.811326 5.791584 5.864658 5.861814 5.800021 5.86893 6.598367 7.464083 7.269377 5.910692 5.308935 6.9959 8.577802 8.665891 7.935031 8.049984 8.609365 8.334089 7.024098 6.063755 5.379121 4.465055 4.19329 5.372753 6.155082 5.62033 5.217192 6.131436 7.123538 7.186193 6.879136 6.353001 6.055195 5.979291 5.483788 5.083401 5.074004 5.160467 5.24275 5.3943 5.443161 5.152026 5.062934 4.660988 4.544211 4.439335 4.418839 4.163578 3.55805 1.878581 .9942664 .7903106
5.561931 5.618895 5.564122 5.591336 5.637023 5.685864 5.848161 6.005793 6.079753 6.03563 5.956904 5.86217 5.867227 5.890866 5.891832 5.745506 5.944267 6.99167 7.950916 7.99688 6.804258 5.549553 6.527175 8.519047 8.846065 8.059983 7.901014 8.220939 7.832508 6.932559 6.102423 5.295102 4.413529 4.228054 5.674711 6.36193 5.855848 5.294646 6.178011 7.155715 7.066477 6.740662 6.111314 5.87059 5.686763 5.455655 5.341022 5.168211 5.309902 5.285444 5.404119 5.301247 4.801219 4.740777 4.656168 4.685363 4.523031 4.240899 4.216594 3.684608 2.383811 1.030835 .8825004
5.491024 5.552434 5.614041 5.621429 5.6904 5.74957 5.813465 6.011212 6.090729 6.014363 5.925541 5.933579 5.995582 6.063455 6.055002 5.93013 5.9458 6.874541 8.201083 8.635397 7.617663 5.990956 6.402919 8.345974 8.694789 8.268462 7.523835 7.5385 7.311075 6.624766 6.030556 5.211732 4.318735 4.204701 5.639849 6.440226 6.119183 5.521082 5.899062 7.044534 6.766948 6.461314 5.875517 5.545652 5.564006 5.493878 5.50638 5.361993 5.391924 5.306466 5.495997 5.358859 4.73013 4.522901 4.623279 4.709543 4.452914 4.013287 4.107337 3.804121 2.853554 1.266206 1.007983
5.373016 5.562197 5.647375 5.679614 5.691722 5.866243 5.898736 5.926597 6.059087 6.03443 5.954751 5.995032 6.048594 6.349528 6.52121 6.349776 5.926472 6.482387 8.371334 8.95468 8.15995 6.486776 6.692466 8.216905 8.718089 7.96413 7.178153 6.949424 6.816903 6.465446 6.20142 5.447137 4.412158 4.114593 5.206775 6.367496 6.180931 5.724425 5.956107 6.731369 6.760776 6.262346 5.726324 5.484034 5.456305 5.468108 5.496056 5.246382 5.330556 5.280684 5.507802 5.440358 4.605899 4.519311 4.666558 4.790977 4.333596 4.00179 3.950162 3.583157 3.000832 1.901832 .6187506
5.334206 5.574612 5.722162 5.722679 5.607367 5.910995 6.086277 5.868722 5.964421 6.08465 6.033655 6.038571 6.146726 6.710115 7.215891 6.974128 6.132378 6.39712 8.312796 9.074373 8.31496 6.876539 7.038182 8.018736 8.628967 7.633455 6.5855 6.745739 7.215247 6.780871 6.204887 5.613445 4.446711 4.080328 4.867315 6.090527 6.057653 5.708455 5.836495 6.441199 6.588243 6.135852 5.593035 5.403224 5.517397 5.471868 5.392474 5.189841 5.275958 5.344544 5.260402 5.128232 4.950119 5.322501 4.778541 4.5293 4.148484 3.745692 3.619605 3.382957 2.93209 1.87786 .6314837
5.356119 5.596789 5.83249 5.825444 5.587944 5.804791 6.223602 5.982506 5.902534 6.170602 6.176497 6.168906 6.339914 7.100847 7.829329 7.62751 6.751012 6.802391 8.166956 9.034253 8.456106 7.282603 7.334356 7.887668 8.06078 7.049363 6.373108 7.167097 7.731306 7.198614 6.401243 5.620598 4.603921 4.268676 4.868824 5.684138 5.847524 5.50693 5.592946 6.330689 6.438723 6.038501 5.631498 5.326727 5.464427 5.373087 5.330334 4.82155 5.112812 5.145334 5.146174 5.18002 5.336312 5.67509 5.224724 4.856611 4.438716 3.818482 3.489301 3.100378 2.87025 2.005955 .7653486
5.578941 5.771872 5.934959 5.990571 5.748137 5.629163 6.189635 6.304193 5.933074 6.27178 6.446276 6.429154 6.64703 7.221745 8.04628 8.089307 7.613947 7.52722 8.170979 9.027593 8.587474 7.680603 7.408626 7.443292 7.236202 6.93295 6.921076 7.488001 7.864682 7.414163 6.486732 5.517451 4.574357 4.518972 5.141847 5.428082 5.488846 5.201822 5.437187 5.904114 6.151768 5.995018 5.614727 5.378197 5.182017 5.069878 4.875887 4.704722 5.295169 5.55576 5.391786 5.408668 5.495171 5.676346 5.392084 4.995991 4.549334 4.000913 3.387309 3.154065 2.786296 1.705747 .3324745
5.744483 5.984513 6.007937 6.126818 6.024199 5.602699 5.965303 6.618376 6.148397 6.362536 6.839458 6.662336 6.983147 7.452776 8.014298 8.346401 8.204705 8.250555 8.551419 9.030213 8.688799 7.846346 7.055877 6.820876 7.119363 7.392409 7.533697 7.62727 7.764577 7.285099 6.413926 5.413052 4.612791 4.636682 5.324559 5.398817 5.429061 5.198932 5.180691 5.37157 5.734377 5.792498 5.681435 5.720767 5.35396 4.62136 4.408932 4.718092 5.81985 6.183165 6.01713 5.830819 5.727562 5.607437 5.407887 5.066348 4.532841 4.162391 3.689047 3.337888 2.354653 .4209313 1.248417
5.778773 5.970793 6.07725 6.323973 6.485845 5.829139 5.651175 6.70854 6.540626 6.554444 7.254087 7.12316 7.249671 7.779068 8.036943 8.427121 8.417983 8.637298 8.962594 9.229413 8.710163 7.43565 6.772758 6.647408 7.414133 7.959371 8.055285 7.826266 7.471756 6.959069 6.298094 5.444823 4.806993 4.945491 5.248431 5.27051 5.333378 5.135515 5.190945 5.060565 5.513579 5.823051 6.004354 5.927413 5.368482 4.129769 3.856834 4.93467 6.235085 6.672165 6.598469 6.320926 6.014134 5.681327 5.346324 5.063442 4.47228 4.193218 3.695752 3.071114 1.462927 2.835056 2.744319
5.750272 5.8835 6.139157 6.68654 7.012867 6.177179 5.431183 6.541335 6.915392 6.869211 7.540339 7.68989 7.559278 8.159583 8.191748 8.4761 8.444717 8.661879 9.210136 9.342261 8.531296 7.395878 6.678802 6.838171 7.8519 8.299108 8.47967 7.687175 7.034497 6.590715 6.122848 5.502778 5.035203 4.922159 5.050723 5.120597 5.016262 4.725512 4.761386 4.969857 5.598925 6.133396 6.174821 6.200553 5.158961 3.604829 3.451629 4.750691 6.240062 6.955797 7.215288 7.059803 6.451881 5.775711 5.131403 4.729459 4.346704 3.993399 3.539605 2.739099 1.25662 1.852914 1.723492
5.448185 5.777976 6.248178 7.034588 7.423077 6.379455 5.592505 6.422999 6.949046 7.17964 7.71253 8.162392 8.18717 8.381967 8.244183 8.337513 8.409939 8.553653 9.172977 9.221388 8.491241 7.446735 6.831862 7.227884 8.224258 8.645474 8.650346 7.683776 7.014948 6.638706 6.141427 5.481719 4.909894 4.85885 5.026581 5.199871 4.778034 4.519805 4.667511 5.284072 6.061325 6.433268 6.250226 5.754563 4.589912 3.854315 3.559777 4.308704 5.84402 7.021479 7.733778 7.863186 7.041933 5.811666 4.986293 4.619521 4.333539 3.917248 3.404385 2.690705 1.526554 1.64054 1.372837
5.203815 5.510427 6.19238 7.176877 7.521278 6.700502 6.112597 6.559065 6.921788 7.327949 7.81015 8.457355 8.75039 8.562016 8.22311 7.927269 8.133172 8.46174 8.972211 9.006803 8.239327 7.453341 6.8695 7.467177 8.435241 8.674535 8.533846 7.904904 7.290537 7.001607 6.289482 5.499358 4.806075 4.713806 5.087328 4.872777 4.314035 4.25041 4.693247 5.435684 6.355813 6.669876 6.215855 5.196494 4.577024 4.42336 3.919347 3.864231 5.188531 6.795461 8.01591 8.470261 7.621078 6.052229 5.215774 4.872989 4.398305 3.768911 3.097702 2.562932 1.624956 1.856034 1.276235
5.464086 5.262605 5.757905 6.781362 7.365694 7.095893 6.813382 6.743467 6.896115 7.442384 8.098039 8.73779 9.111887 8.684426 8.215096 7.419649 7.606097 8.323662 8.509386 8.612132 8.205411 7.405795 6.742764 7.209296 8.264366 8.833438 8.70577 8.324351 7.776538 7.352794 6.373026 5.375978 4.727695 4.517957 4.682063 4.229571 3.980561 4.350548 5.173477 5.71537 6.466334 6.716924 6.115549 5.269434 4.750272 4.983856 4.494925 3.616005 4.340805 6.299016 7.908124 8.478271 8.092794 6.362437 5.448802 5.127994 4.282054 3.342058 2.754953 2.408494 1.551985 2.674033 1.301549
5.992767 5.394711 5.639962 6.182837 6.96959 7.440138 7.534061 7.180855 6.969195 7.552046 8.500401 9.249698 9.362616 8.74907 8.126577 6.902548 6.537491 7.560794 8.371787 8.499089 8.191992 7.34144 6.231421 6.69324 8.176604 8.683355 8.836079 8.780113 8.340215 7.676941 6.380104 5.28297 4.630236 4.351168 4.242534 3.912769 3.810449 4.530935 5.655324 6.186769 6.581392 6.832586 6.39917 5.435942 4.894982 5.272634 5.008888 4.026274 3.985135 5.556649 7.59149 8.544322 8.197964 6.725069 5.547893 4.963098 3.965798 3.030865 2.557139 2.375505 1.552665 2.328408 1.121168
6.540823 5.752935 5.726093 6.168579 6.535783 7.316475 8.021759 7.846388 7.334148 7.662783 8.744773 9.740203 9.526668 8.973548 7.857676 6.771707 5.784191 6.628463 7.872 8.410645 8.281572 7.227635 5.815259 6.060634 7.926555 8.62385 8.88366 9.228208 8.83958 7.783001 6.311675 5.21137 4.516142 4.178151 4.038291 3.535987 3.608588 4.706132 6.106247 6.680229 6.839264 7.128605 6.740826 5.689678 4.977521 5.251494 5.047241 4.274733 4.132409 5.293631 7.276766 8.111281 8.037827 6.36364 5.088541 4.544756 3.829849 3.095098 2.661929 2.457886 1.653864 2.942072 2.309367
7.001745 6.29554 5.866719 6.435107 6.608399 6.963225 7.988459 8.266907 7.890092 7.883103 8.932732 10.05687 9.98829 8.875423 7.62632 6.707382 5.847693 5.763761 6.778996 7.857527 8.139881 7.223777 5.529344 5.650752 7.542839 8.484825 9.004884 9.456075 9.140273 7.768813 6.306487 5.296048 4.443854 4.14653 3.863955 3.42786 3.554258 4.873335 6.512812 7.313898 7.281697 7.490192 7.171356 6.08744 5.045286 5.047574 4.736538 4.175831 4.170358 5.393679 7.21462 7.864197 7.657825 5.915226 4.58072 4.094278 3.754916 3.310989 2.900171 2.564636 1.776618 3.095324 3.000907
7.289176 6.738271 6.162689 6.565066 6.823127 6.972971 7.812095 8.278316 8.340092 8.289043 9.169919 10.19272 10.11437 8.95207 7.543298 6.529726 5.839247 5.441567 5.91473 6.979116 7.505002 7.061891 5.618447 5.389675 7.135365 8.42175 9.052331 9.474455 8.861217 7.568056 6.171341 5.070761 4.422816 3.996494 3.898457 3.512856 3.576466 5.022065 6.871865 7.936871 7.946912 8.002273 7.610968 6.451683 5.085916 4.581443 4.347863 3.969837 4.057163 5.5321 7.314461 7.857266 7.097064 5.526477 4.300883 3.82881 3.628229 3.454292 3.0953 2.550323 1.44203 .2999707 .7844836
7.192657 7.043219 6.53801 6.687107 7.118425 7.2996 7.780442 8.206424 8.644774 8.811058 9.503716 10.3242 10.12008 8.987466 7.996973 6.747474 6.072743 6.182825 5.474519 5.672303 6.344603 6.449989 5.358445 5.130237 6.994303 8.383621 9.063102 8.905804 7.945056 6.706541 5.75035 5.006123 4.552003 4.406681 4.31658 3.809243 3.696897 5.036298 7.107566 8.397781 8.682674 8.662745 8.001834 6.463666 5.167425 4.408919 3.998195 3.686098 3.864231 5.29009 7.113794 7.54987 6.440522 5.084803 4.191052 3.901131 3.706331 3.619744 3.433515 2.69969 .8126951 .7287323 .8056988
