py_wake/examples/data/AJ_ParqueFicticio/Rough survey   Sector 8   Height 200m   Weibull-k.grd
DSAA
73  159
 258469   265669
 6501692   6517492
 2.373047   2.619141
[rows 56 to 83 of 159, columns 0 to 62 of 73]
2.568359 2.568359 2.568359 2.568359 2.572266 2.572266 2.572266 2.572266 2.572266 2.576172 2.576172 2.576172 2.576172 2.576172 2.576172 2.576172 2.576172 2.580078 2.580078 2.580078 2.580078 2.580078 2.580078 2.580078 2.580078 2.580078 2.580078 2.580078 2.580078 2.580078 2.576172 2.576172 2.572266 2.568359 2.564453 2.564453 2.556641 2.552734 2.544922 2.541016 2.537109 2.533203 2.529297 2.525391 2.517578 2.505859 2.498047 2.498047 2.501953 2.509766 2.513672 2.525391 2.541016 2.556641 2.568359 2.572266 2.572266 2.576172 2.580078 2.583984 2.583984 2.583984 2.583984
2.568359 2.568359 2.568359 2.568359 2.572266 2.572266 2.572266 2.572266 2.572266 2.576172 2.576172 2.576172 2.576172 2.576172 2.576172 2.576172 2.576172 2.580078 2.580078 2.580078 2.580078 2.580078 2.580078 2.580078 2.580078 2.580078 2.580078 2.580078 2.580078 2.576172 2.572266 2.572266 2.568359 2.564453 2.564453 2.560547 2.556641 2.552734 2.544922 2.541016 2.537109 2.537109 2.533203 2.529297 2.521484 2.513672 2.501953 2.501953 2.501953 2.505859 2.513672 2.525391 2.541016 2.556641 2.568359 2.572266 2.572266 2.576172 2.583984 2.583984 2.583984 2.583984 2.583984
2.564453 2.568359 2.568359 2.568359 2.572266 2.572266 2.572266 2.572266 2.572266 2.576172 2.576172 2.576172 2.576172 2.576172 2.576172 2.576172 2.576172 2.580078 2.580078 2.580078 2.580078 2.580078 2.580078 2.580078 2.580078 2.580078 2.580078 2.580078 2.576172 2.568359 2.568359 2.564453 2.564453 2.560547 2.556641 2.556641 2.552734 2.548828 2.544922 2.541016 2.537109 2.533203 2.537109 2.533203 2.525391 2.517578 2.505859 2.501953 2.501953 2.501953 2.513672 2.525391 2.544922 2.556641 2.568359 2.568359 2.572266 2.580078 2.583984 2.583984 2.583984 2.583984 2.583984
2.564453 2.568359 2.568359 2.568359 2.572266 2.572266 2.572266 2.572266 2.572266 2.576172 2.576172 2.576172 2.576172 2.576172 2.576172 2.576172 2.576172 2.580078 2.580078 2.580078 2.580078 2.580078 2.580078 2.580078 2.580078 2.580078 2.580078 2.576172 2.572266 2.564453 2.560547 2.560547 2.556641 2.552734 2.548828 2.544922 2.544922 2.541016 2.541016 2.541016 2.537109 2.537109 2.533203 2.533203 2.529297 2.521484 2.513672 2.505859 2.501953 2.501953 2.509766 2.525391 2.541016 2.556641 2.564453 2.568359 2.572266 2.580078 2.583984 2.583984 2.583984 2.583984 2.583984
2.564453 2.568359 2.568359 2.568359 2.572266 2.572266 2.572266 2.572266 2.572266 2.576172 2.576172 2.576172 2.576172 2.576172 2.576172 2.576172 2.576172 2.580078 2.580078 2.580078 2.580078 2.580078 2.580078 2.580078 2.580078 2.580078 2.580078 2.576172 2.572266 2.564453 2.560547 2.556641 2.552734 2.548828 2.541016 2.537109 2.533203 2.533203 2.533203 2.533203 2.533203 2.533203 2.533203 2.533203 2.529297 2.525391 2.521484 2.513672 2.505859 2.501953 2.509766 2.525391 2.541016 2.552734 2.560547 2.564453 2.568359 2.576172 2.583984 2.583984 2.583984 2.583984 2.583984
2.564453 2.568359 2.568359 2.568359 2.572266 2.572266 2.572266 2.572266 2.576172 2.576172 2.576172 2.576172 2.576172 2.576172 2.576172 2.576172 2.576172 2.580078 2.580078 2.580078 2.580078 2.580078 2.580078 2.580078 2.580078 2.580078 2.580078 2.576172 2.568359 2.564453 2.560547 2.556641 2.548828 2.544922 2.537109 2.533203 2.529297 2.529297 2.529297 2.529297 2.529297 2.529297 2.529297 2.529297 2.529297 2.529297 2.529297 2.525391 2.517578 2.509766 2.513672 2.521484 2.537109 2.548828 2.556641 2.560547 2.568359 2.580078 2.583984 2.583984 2.583984 2.583984 2.583984
2.564453 2.568359 2.568359 2.568359 2.572266 2.572266 2.572266 2.572266 2.576172 2.576172 2.576172 2.576172 2.576172 2.576172 2.576172 2.576172 2.576172 2.580078 2.580078 2.580078 2.580078 2.580078 2.580078 2.580078 2.580078 2.580078 2.576172 2.572266 2.572266 2.564453 2.560547 2.556641 2.552734 2.544922 2.537109 2.529297 2.525391 2.525391 2.525391 2.525391 2.525391 2.525391 2.525391 2.529297 2.529297 2.529297 2.529297 2.529297 2.529297 2.521484 2.521484 2.521484 2.533203 2.544922 2.556641 2.560547 2.564453 2.576172 2.583984 2.583984 2.583984 2.583984 2.583984
2.564453 2.568359 2.568359 2.568359 2.572266 2.572266 2.572266 2.572266 2.576172 2.576172 2.576172 2.576172 2.576172 2.576172 2.576172 2.576172 2.576172 2.580078 2.580078 2.580078 2.580078 2.580078 2.580078 2.580078 2.576172 2.576172 2.572266 2.572266 2.568359 2.564453 2.560547 2.556641 2.552734 2.548828 2.537109 2.529297 2.525391 2.525391 2.521484 2.521484 2.525391 2.525391 2.525391 2.525391 2.525391 2.529297 2.533203 2.533203 2.533203 2.533203 2.529297 2.529297 2.529297 2.541016 2.552734 2.560547 2.568359 2.576172 2.583984 2.583984 2.583984 2.583984 2.583984
2.564453 2.568359 2.568359 2.568359 2.572266 2.572266 2.572266 2.572266 2.576172 2.576172 2.576172 2.576172 2.576172 2.576172 2.576172 2.576172 2.576172 2.580078 2.580078 2.580078 2.580078 2.580078 2.580078 2.576172 2.576172 2.572266 2.568359 2.568359 2.564453 2.560547 2.560547 2.556641 2.552734 2.548828 2.541016 2.533203 2.529297 2.525391 2.525391 2.521484 2.521484 2.521484 2.521484 2.517578 2.521484 2.525391 2.533203 2.533203 2.537109 2.541016 2.537109 2.533203 2.533203 2.537109 2.552734 2.560547 2.572266 2.576172 2.583984 2.583984 2.583984 2.583984 2.583984
2.564453 2.568359 2.568359 2.568359 2.572266 2.572266 2.572266 2.572266 2.576172 2.576172 2.576172 2.576172 2.576172 2.576172 2.576172 2.576172 2.580078 2.580078 2.580078 2.580078 2.580078 2.580078 2.576172 2.576172 2.572266 2.572266 2.568359 2.564453 2.560547 2.556641 2.552734 2.552734 2.552734 2.544922 2.541016 2.537109 2.533203 2.529297 2.525391 2.521484 2.521484 2.521484 2.517578 2.513672 2.517578 2.525391 2.529297 2.537109 2.537109 2.544922 2.544922 2.541016 2.541016 2.541016 2.548828 2.564453 2.576172 2.580078 2.583984 2.583984 2.583984 2.583984 2.583984
2.564453 2.568359 2.568359 2.568359 2.572266 2.572266 2.572266 2.572266 2.576172 2.576172 2.576172 2.576172 2.576172 2.576172 2.576172 2.576172 2.580078 2.580078 2.580078 2.580078 2.580078 2.576172 2.576172 2.576172 2.572266 2.568359 2.564453 2.560547 2.552734 2.548828 2.548828 2.548828 2.544922 2.544922 2.541016 2.537109 2.533203 2.533203 2.529297 2.525391 2.525391 2.521484 2.517578 2.513672 2.513672 2.517578 2.529297 2.533203 2.537109 2.544922 2.548828 2.548828 2.548828 2.552734 2.556641 2.572266 2.580078 2.583984 2.583984 2.583984 2.583984 2.583984 2.583984
2.564453 2.568359 2.568359 2.568359 2.572266 2.572266 2.572266 2.572266 2.576172 2.576172 2.576172 2.576172 2.576172 2.576172 2.576172 2.576172 2.580078 2.580078 2.580078 2.580078 2.580078 2.576172 2.576172 2.576172 2.572266 2.568359 2.564453 2.560547 2.552734 2.548828 2.544922 2.544922 2.541016 2.541016 2.537109 2.537109 2.537109 2.537109 2.533203 2.529297 2.525391 2.521484 2.513672 2.509766 2.509766 2.517578 2.525391 2.533203 2.537109 2.541016 2.548828 2.552734 2.556641 2.560547 2.564453 2.576172 2.583984 2.583984 2.583984 2.583984 2.583984 2.583984 2.583984
2.564453 2.568359 2.568359 2.568359 2.572266 2.572266 2.572266 2.572266 2.576172 2.576172 2.576172 2.576172 2.576172 2.576172 2.576172 2.576172 2.580078 2.580078 2.580078 2.580078 2.576172 2.576172 2.576172 2.576172 2.572266 2.568359 2.560547 2.556641 2.552734 2.544922 2.541016 2.537109 2.537109 2.537109 2.537109 2.537109 2.537109 2.541016 2.537109 2.533203 2.533203 2.525391 2.517578 2.513672 2.513672 2.513672 2.517578 2.525391 2.533203 2.537109 2.541016 2.548828 2.556641 2.564453 2.572266 2.580078 2.583984 2.583984 2.583984 2.583984 2.583984 2.583984 2.583984
2.564453 2.568359 2.568359 2.568359 2.572266 2.572266 2.572266 2.572266 2.576172 2.576172 2.576172 2.576172 2.576172 2.576172 2.576172 2.576172 2.580078 2.580078 2.580078 2.580078 2.580078 2.580078 2.576172 2.576172 2.572266 2.568359 2.564453 2.560547 2.552734 2.544922 2.537109 2.533203 2.533203 2.533203 2.533203 2.533203 2.537109 2.541016 2.541016 2.541016 2.537109 2.533203 2.525391 2.521484 2.521484 2.517578 2.517578 2.521484 2.525391 2.529297 2.533203 2.544922 2.552734 2.564453 2.576172 2.580078 2.583984 2.583984 2.583984 2.583984 2.583984 2.583984 2.583984
2.564453 2.568359 2.568359 2.568359 2.572266 2.572266 2.572266 2.572266 2.576172 2.576172 2.576172 2.576172 2.576172 2.576172 2.576172 2.576172 2.580078 2.580078 2.580078 2.580078 2.580078 2.580078 2.576172 2.576172 2.572266 2.568359 2.564453 2.560547 2.552734 2.544922 2.537109 2.533203 2.529297 2.525391 2.529297 2.533203 2.537109 2.541016 2.544922 2.544922 2.541016 2.537109 2.537109 2.533203 2.529297 2.529297 2.525391 2.525391 2.529297 2.529297 2.533203 2.541016 2.548828 2.560547 2.572266 2.580078 2.583984 2.583984 2.583984 2.583984 2.583984 2.583984 2.583984
2.564453 2.568359 2.568359 2.568359 2.572266 2.572266 2.572266 2.572266 2.576172 2.576172 2.576172 2.576172 2.576172 2.576172 2.576172 2.576172 2.580078 2.580078 2.576172 2.576172 2.576172 2.576172 2.576172 2.572266 2.568359 2.568359 2.564453 2.560547 2.556641 2.548828 2.541016 2.533203 2.529297 2.525391 2.525391 2.529297 2.533203 2.541016 2.544922 2.544922 2.544922 2.544922 2.541016 2.541016 2.541016 2.537109 2.537109 2.537109 2.537109 2.541016 2.541016 2.544922 2.548828 2.556641 2.564453 2.572266 2.580078 2.583984 2.583984 2.583984 2.583984 2.583984 2.583984
2.564453 2.568359 2.568359 2.568359 2.572266 2.572266 2.572266 2.572266 2.576172 2.576172 2.576172 2.576172 2.576172 2.576172 2.576172 2.580078 2.580078 2.580078 2.576172 2.576172 2.576172 2.576172 2.572266 2.572266 2.568359 2.568359 2.568359 2.560547 2.556641 2.548828 2.541016 2.533203 2.525391 2.525391 2.525391 2.525391 2.533203 2.537109 2.541016 2.544922 2.544922 2.544922 2.548828 2.548828 2.544922 2.544922 2.544922 2.544922 2.548828 2.548828 2.552734 2.556641 2.556641 2.560547 2.564453 2.568359 2.572266 2.576172 2.583984 2.583984 2.583984 2.583984 2.583984
2.564453 2.568359 2.568359 2.568359 2.572266 2.572266 2.572266 2.572266 2.576172 2.576172 2.576172 2.576172 2.576172 2.576172 2.576172 2.576172 2.580078 2.576172 2.576172 2.576172 2.576172 2.572266 2.572266 2.568359 2.568359 2.568359 2.564453 2.560547 2.556641 2.544922 2.541016 2.533203 2.529297 2.525391 2.525391 2.529297 2.529297 2.533203 2.537109 2.541016 2.544922 2.548828 2.552734 2.552734 2.552734 2.552734 2.548828 2.552734 2.552734 2.556641 2.556641 2.560547 2.564453 2.568359 2.568359 2.568359 2.568359 2.572266 2.576172 2.583984 2.583984 2.583984 2.583984
2.564453 2.568359 2.568359 2.568359 2.572266 2.572266 2.572266 2.572266 2.576172 2.576172 2.576172 2.576172 2.576172 2.576172 2.576172 2.576172 2.580078 2.576172 2.576172 2.576172 2.576172 2.572266 2.568359 2.568359 2.564453 2.564453 2.560547 2.556641 2.552734 2.544922 2.537109 2.533203 2.529297 2.529297 2.525391 2.529297 2.529297 2.533203 2.537109 2.541016 2.544922 2.548828 2.552734 2.552734 2.556641 2.552734 2.552734 2.552734 2.552734 2.556641 2.556641 2.560547 2.564453 2.568359 2.572266 2.572266 2.568359 2.568359 2.568359 2.576172 2.583984 2.583984 2.583984
2.564453 2.568359 2.568359 2.568359 2.572266 2.572266 2.572266 2.572266 2.576172 2.576172 2.576172 2.576172 2.576172 2.576172 2.576172 2.580078 2.576172 2.576172 2.576172 2.576172 2.572266 2.572266 2.568359 2.564453 2.560547 2.560547 2.556641 2.552734 2.544922 2.537109 2.529297 2.529297 2.525391 2.529297 2.529297 2.529297 2.529297 2.533203 2.537109 2.537109 2.544922 2.548828 2.552734 2.556641 2.556641 2.556641 2.556641 2.552734 2.552734 2.552734 2.556641 2.556641 2.564453 2.568359 2.572266 2.572266 2.568359 2.564453 2.560547 2.568359 2.576172 2.583984 2.583984
2.564453 2.568359 2.568359 2.568359 2.572266 2.572266 2.572266 2.572266 2.576172 2.576172 2.576172 2.576172 2.576172 2.576172 2.576172 2.580078 2.576172 2.576172 2.576172 2.576172 2.572266 2.568359 2.564453 2.560547 2.560547 2.560547 2.556641 2.544922 2.537109 2.525391 2.521484 2.521484 2.521484 2.525391 2.529297 2.529297 2.533203 2.533203 2.537109 2.541016 2.544922 2.552734 2.552734 2.556641 2.556641 2.556641 2.556641 2.552734 2.552734 2.552734 2.556641 2.556641 2.564453 2.568359 2.568359 2.568359 2.564453 2.560547 2.556641 2.560547 2.568359 2.580078 2.583984
2.564453 2.568359 2.568359 2.568359 2.572266 2.572266 2.572266 2.572266 2.576172 2.576172 2.576172 2.576172 2.576172 2.576172 2.576172 2.576172 2.576172 2.576172 2.576172 2.572266 2.572266 2.568359 2.564453 2.560547 2.560547 2.556641 2.552734 2.541016 2.529297 2.517578 2.509766 2.513672 2.517578 2.521484 2.525391 2.529297 2.533203 2.533203 2.541016 2.544922 2.548828 2.552734 2.556641 2.556641 2.560547 2.560547 2.560547 2.560547 2.556641 2.556641 2.560547 2.564453 2.568359 2.572266 2.572266 2.572266 2.568359 2.564453 2.564453 2.564453 2.572266 2.580078 2.583984
2.564453 2.568359 2.568359 2.568359 2.572266 2.572266 2.572266 2.572266 2.576172 2.576172 2.576172 2.576172 2.576172 2.576172 2.576172 2.576172 2.576172 2.576172 2.576172 2.572266 2.568359 2.568359 2.564453 2.560547 2.560547 2.560547 2.552734 2.541016 2.525391 2.509766 2.505859 2.509766 2.513672 2.521484 2.529297 2.533203 2.533203 2.537109 2.544922 2.548828 2.552734 2.556641 2.556641 2.556641 2.560547 2.560547 2.564453 2.564453 2.568359 2.568359 2.568359 2.572266 2.572266 2.576172 2.576172 2.576172 2.576172 2.576172 2.576172 2.576172 2.580078 2.583984 2.583984
2.564453 2.568359 2.568359 2.568359 2.572266 2.572266 2.572266 2.572266 2.576172 2.576172 2.576172 2.576172 2.576172 2.576172 2.576172 2.576172 2.576172 2.576172 2.572266 2.572266 2.568359 2.564453 2.564453 2.560547 2.560547 2.556641 2.548828 2.537109 2.517578 2.501953 2.501953 2.505859 2.513672 2.521484 2.529297 2.533203 2.537109 2.544922 2.548828 2.552734 2.556641 2.556641 2.556641 2.556641 2.556641 2.560547 2.564453 2.568359 2.572266 2.572266 2.572266 2.576172 2.576172 2.576172 2.576172 2.576172 2.580078 2.580078 2.580078 2.583984 2.583984 2.583984 2.587891
2.564453 2.568359 2.568359 2.568359 2.572266 2.572266 2.572266 2.572266 2.576172 2.576172 2.576172 2.572266 2.572266 2.576172 2.572266 2.576172 2.576172 2.572266 2.572266 2.568359 2.568359 2.564453 2.560547 2.560547 2.560547 2.552734 2.544922 2.529297 2.513672 2.501953 2.501953 2.509766 2.517578 2.525391 2.529297 2.533203 2.537109 2.548828 2.552734 2.556641 2.556641 2.556641 2.552734 2.556641 2.556641 2.560547 2.564453 2.568359 2.572266 2.576172 2.576172 2.580078 2.580078 2.576172 2.576172 2.580078 2.580078 2.580078 2.583984 2.587891 2.587891 2.591797 2.595703
2.564453 2.568359 2.568359 2.568359 2.572266 2.572266 2.572266 2.572266 2.576172 2.576172 2.576172 2.572266 2.572266 2.572266 2.572266 2.572266 2.572266 2.572266 2.572266 2.568359 2.564453 2.564453 2.560547 2.556641 2.552734 2.544922 2.533203 2.517578 2.505859 2.498047 2.501953 2.513672 2.521484 2.525391 2.529297 2.537109 2.541016 2.548828 2.552734 2.552734 2.552734 2.552734 2.548828 2.552734 2.552734 2.560547 2.564453 2.568359 2.572266 2.576172 2.576172 2.580078 2.580078 2.576172 2.576172 2.580078 2.580078 2.583984 2.583984 2.587891 2.591797 2.595703 2.599609
2.564453 2.568359 2.568359 2.568359 2.572266 2.572266 2.572266 2.572266 2.576172 2.576172 2.576172 2.572266 2.572266 2.572266 2.568359 2.572266 2.572266 2.568359 2.568359 2.568359 2.564453 2.560547 2.556641 2.552734 2.548828 2.541016 2.521484 2.505859 2.494141 2.494141 2.505859 2.513672 2.521484 2.529297 2.533203 2.541016 2.548828 2.552734 2.552734 2.552734 2.548828 2.544922 2.544922 2.548828 2.548828 2.556641 2.560547 2.564453 2.568359 2.576172 2.576172 2.580078 2.580078 2.576172 2.576172 2.580078 2.580078 2.583984 2.583984 2.587891 2.595703 2.599609 2.603516
2.564453 2.568359 2.568359 2.568359 2.572266 2.572266 2.572266 2.572266 2.576172 2.576172 2.576172 2.572266 2.572266 2.572266 2.568359 2.568359 2.568359 2.564453 2.564453 2.564453 2.560547 2.560547 2.556641 2.552734 2.544922 2.533203 2.513672 2.494141 2.486328 2.490234 2.501953 2.513672 2.525391 2.529297 2.537109 2.544922 2.552734 2.556641 2.552734 2.548828 2.544922 2.541016 2.541016 2.541016 2.544922 2.552734 2.556641 2.560547 2.564453 2.572266 2.576172 2.580078 2.580078 2.576172 2.580078 2.580078 2.583984 2.583984 2.583984 2.591797 2.595703 2.599609 2.607422
