py_wake/examples/data/AJ_ParqueFicticio/Rough survey   Sector All   Height 200m   Mean speed.grd
DSAA
73  159
 258469   265669
 6501692   6517492
 6.237165   10.99624
[rows 112 to 139 of 159, columns 0 to 62 of 73]
9.366288 9.407459 9.420959 9.464678 9.558022 9.680693 9.8236 9.984838 10.14846 10.28783 10.40772 10.46805 10.35552 10.09641 9.777336 9.448821 9.233258 9.140985 9.026614 8.861754 8.730206 8.703964 8.700865 8.862069 9.187697 9.473907 9.563689 9.48241 9.322077 9.143776 9.007531 8.903605 8.800056 8.694897 8.584484 8.506112 8.534948 8.745522 9.079995 9.382987 9.560822 9.54183 9.291903 8.890921 8.479356 8.139631 7.901753 7.767793 7.762597 7.929234 8.10627 8.161308 8.052039 7.852179 7.65713 7.508306 7.39443 7.269354 7.101743 6.859249 6.586472 6.41231 6.36594
9.51184 9.563488 9.603559 9.659832 9.76227 9.900147 10.05155 10.20549 10.3475 10.46132 10.55356 10.57284 10.42765 10.13643 9.796309 9.508051 9.371554 9.312279 9.151215 8.896263 8.659646 8.533319 8.526853 8.699021 9.016764 9.294795 9.34026 9.201714 9.031365 8.90516 8.837409 8.879718 8.948104 8.937753 8.902926 8.874685 8.903842 9.061331 9.334443 9.606084 9.781658 9.750319 9.458133 9.015991 8.569887 8.201245 7.93593 7.747925 7.666487 7.71031 7.816212 7.862416 7.805733 7.688972 7.558 7.45823 7.374074 7.281332 7.146484 6.940971 6.694583 6.500498 6.402895
9.668164 9.726315 9.787523 9.85432 9.957027 10.11228 10.27815 10.4196 10.53399 10.6213 10.68622 10.66611 10.46726 10.14676 9.818503 9.601732 9.559156 9.510106 9.312243 9.021222 8.737027 8.503611 8.404553 8.511128 8.777186 9.026189 9.078692 8.936226 8.768044 8.680235 8.670093 8.769378 8.924794 9.04035 9.142575 9.222653 9.306326 9.441511 9.641459 9.838717 9.968889 9.916425 9.608092 9.159602 8.712253 8.329744 8.030697 7.798494 7.651603 7.585796 7.592605 7.61779 7.595545 7.552354 7.484072 7.412994 7.343922 7.266613 7.167443 7.021249 6.840145 6.646643 6.507733
9.767713 9.853801 9.931769 10.01658 10.13598 10.29558 10.46085 10.59356 10.68945 10.75771 10.79879 10.72314 10.49499 10.17671 9.899754 9.764598 9.758048 9.714921 9.522187 9.240373 8.942483 8.644399 8.40397 8.34485 8.503803 8.702832 8.770557 8.660587 8.53431 8.477785 8.514205 8.62968 8.794526 8.972554 9.195297 9.442142 9.644361 9.796064 9.918743 10.02684 10.08924 10.00804 9.720533 9.316235 8.891322 8.509254 8.16967 7.889965 7.683509 7.558953 7.498858 7.473736 7.45071 7.439127 7.41727 7.369984 7.311182 7.240204 7.158409 7.053096 6.927863 6.777106 6.636988
9.749907 9.867968 9.977837 10.1048 10.24932 10.42232 10.5816 10.70181 10.79888 10.86618 10.87285 10.74513 10.50942 10.23405 10.03334 9.947608 9.941684 9.897037 9.72538 9.476986 9.180848 8.849698 8.530817 8.307924 8.281537 8.406037 8.46734 8.406953 8.327117 8.334479 8.400328 8.489959 8.64783 8.887789 9.192082 9.531157 9.838193 10.03701 10.10962 10.08254 10.03864 9.937782 9.707189 9.378233 9.017812 8.654689 8.309669 7.998348 7.743464 7.571605 7.481169 7.435896 7.40206 7.373012 7.356585 7.321609 7.270263 7.202103 7.130315 7.045174 6.95815 6.843743 6.736601
9.616052 9.76515 9.91608 10.08275 10.27701 10.46821 10.63381 10.76159 10.85514 10.91034 10.85609 10.69971 10.48115 10.26955 10.14144 10.09268 10.06199 9.985147 9.818393 9.577875 9.296114 8.98831 8.679245 8.403085 8.224367 8.185717 8.212807 8.201732 8.196098 8.259109 8.309825 8.373302 8.571479 8.8633 9.196643 9.567995 9.911701 10.10173 10.07434 9.925175 9.791348 9.661046 9.487764 9.245328 8.962035 8.670627 8.363904 8.057343 7.792867 7.598866 7.487299 7.436314 7.399217 7.360059 7.322816 7.284262 7.236737 7.159173 7.067049 6.987861 6.93519 6.856373 6.771104
9.426639 9.604162 9.797537 10.0186 10.25107 10.46995 10.65116 10.78548 10.86371 10.85322 10.72734 10.54821 10.35033 10.18457 10.13598 10.13072 10.06437 9.928826 9.731043 9.486242 9.20618 8.942716 8.729154 8.515293 8.301596 8.118308 8.028111 8.028896 8.120483 8.206503 8.232764 8.293095 8.52663 8.819839 9.130702 9.524065 9.891648 10.06215 9.94065 9.661055 9.413204 9.254006 9.137778 8.977865 8.749934 8.527481 8.284163 8.024093 7.792896 7.608233 7.500041 7.451862 7.418722 7.383514 7.339385 7.292779 7.234376 7.155637 7.041509 6.921832 6.843812 6.797421 6.739414
9.273914 9.479359 9.719519 9.984262 10.24992 10.48225 10.66471 10.79033 10.83898 10.75503 10.56735 10.33947 10.1337 10.00208 9.99144 10.03321 9.984775 9.817711 9.573442 9.298966 9.01501 8.764734 8.60581 8.529722 8.39083 8.185699 8.002831 7.940578 8.027253 8.119166 8.136195 8.22473 8.462391 8.729085 9.032462 9.447449 9.841269 10.01977 9.820949 9.415305 9.044398 8.842291 8.766361 8.696594 8.511478 8.312392 8.125326 7.926945 7.742402 7.587614 7.481769 7.444864 7.420875 7.39328 7.359667 7.318473 7.25217 7.165076 7.034459 6.891311 6.781442 6.744894 6.721218
9.281998 9.497721 9.75263 10.03186 10.29353 10.51487 10.67238 10.76373 10.76827 10.65573 10.44256 10.16611 9.922505 9.787786 9.789234 9.852101 9.853176 9.711954 9.45601 9.16447 8.861944 8.595628 8.440124 8.427628 8.391658 8.237952 8.055945 7.920077 7.919901 7.983974 8.017427 8.15001 8.392529 8.632171 8.976635 9.42322 9.804578 9.967124 9.75084 9.290245 8.822749 8.523622 8.438224 8.435213 8.324705 8.152463 7.983792 7.829077 7.685135 7.555939 7.452149 7.397847 7.380255 7.36685 7.337045 7.295401 7.222613 7.107747 6.970349 6.850085 6.773829 6.753433 6.768471
9.443391 9.636135 9.88003 10.14481 10.3833 10.56669 10.68926 10.68697 10.59305 10.49842 10.35959 10.09853 9.829885 9.651666 9.614229 9.645546 9.652275 9.565091 9.378134 9.126074 8.829307 8.535343 8.332985 8.284561 8.277946 8.195409 8.07596 7.938907 7.841823 7.842407 7.905381 8.07783 8.309672 8.57779 8.990372 9.440892 9.788183 9.880385 9.65532 9.210759 8.728609 8.359241 8.201986 8.191571 8.151017 8.048099 7.92477 7.799548 7.679317 7.565478 7.459856 7.372115 7.325827 7.305344 7.272869 7.229119 7.141325 7.005052 6.87899 6.819457 6.813274 6.836513 6.891083
9.66959 9.850429 10.06576 10.30353 10.49816 10.62507 10.67665 10.55777 10.35927 10.26 10.24086 10.10069 9.880259 9.690391 9.559646 9.490301 9.454587 9.378754 9.249475 9.070924 8.82921 8.548246 8.316281 8.192432 8.146185 8.09387 8.040257 7.962267 7.837356 7.753212 7.815319 7.995884 8.249477 8.623876 9.070046 9.501562 9.775619 9.74484 9.493621 9.093266 8.667686 8.298441 8.072914 8.00445 7.976934 7.933576 7.873087 7.799094 7.706802 7.607753 7.499056 7.385357 7.293822 7.233796 7.179718 7.115678 7.026347 6.9045 6.828445 6.849593 6.915552 6.985603 7.060641
9.905833 10.1121 10.31416 10.50187 10.63813 10.68926 10.60785 10.37178 10.08879 9.969439 10.02669 10.02905 9.945627 9.80736 9.652892 9.503529 9.396903 9.285377 9.156241 9.006765 8.828941 8.600152 8.3756 8.204081 8.096873 8.030026 7.975642 7.938498 7.844471 7.736913 7.748716 7.935077 8.261585 8.698195 9.157782 9.540314 9.703918 9.586185 9.278364 8.898398 8.554961 8.261416 8.039273 7.914479 7.854165 7.811958 7.776322 7.738599 7.696862 7.63004 7.532741 7.417582 7.304523 7.194063 7.098679 7.010481 6.909142 6.83592 6.826219 6.914066 7.035667 7.133471 7.204579
10.12006 10.37295 10.57251 10.71894 10.78902 10.74178 10.50402 10.16242 9.805463 9.655499 9.731512 9.81509 9.866215 9.845901 9.750989 9.613904 9.49214 9.37259 9.241947 9.106243 8.953042 8.767672 8.5495 8.321173 8.157018 8.067095 8.008584 7.966179 7.858436 7.723378 7.693422 7.907195 8.283838 8.737267 9.181669 9.49506 9.57217 9.408135 9.080301 8.701035 8.394074 8.189509 8.04101 7.92522 7.831347 7.754849 7.693532 7.645465 7.605124 7.574599 7.511146 7.405413 7.283244 7.15517 7.050015 6.965256 6.862621 6.839746 6.853715 6.955931 7.103444 7.227505 7.304566
10.25701 10.55976 10.779 10.8947 10.88766 10.71908 10.40651 9.994024 9.579955 9.372866 9.415995 9.521395 9.646723 9.721011 9.70137 9.624314 9.547049 9.492467 9.408595 9.305111 9.168685 8.992359 8.755392 8.492363 8.279385 8.182252 8.166481 8.135256 8.001466 7.790421 7.686495 7.864544 8.246748 8.700722 9.113723 9.373978 9.404538 9.231221 8.91759 8.565461 8.274041 8.089158 7.991242 7.922186 7.847815 7.76501 7.686954 7.595832 7.49973 7.444381 7.388326 7.299815 7.183094 7.076921 7.005129 6.953569 6.917846 6.921452 6.934601 6.973872 7.100672 7.255328 7.360542
10.35118 10.6674 10.89125 10.98978 10.9161 10.67929 10.35783 9.933253 9.496822 9.195214 9.133797 9.213254 9.362741 9.483763 9.520738 9.483107 9.428111 9.433393 9.452725 9.418495 9.291794 9.115814 8.885121 8.634249 8.440877 8.354072 8.362778 8.337299 8.178161 7.908346 7.720274 7.819191 8.164724 8.602556 8.986675 9.202919 9.215266 9.0668 8.780873 8.454808 8.20184 8.037942 7.926838 7.866508 7.806083 7.744662 7.684144 7.597344 7.449489 7.307118 7.213617 7.127165 7.053511 7.014334 7.002036 7.01327 7.037026 7.060311 7.058677 7.011312 7.075188 7.230642 7.352353
10.4002 10.717 10.92616 10.99624 10.8609 10.61551 10.32982 9.95521 9.521455 9.151191 8.952197 8.949648 9.070354 9.208476 9.308551 9.317864 9.2413 9.246265 9.305893 9.300192 9.213603 9.069721 8.873156 8.696288 8.576364 8.519906 8.508057 8.45834 8.288027 7.992703 7.755002 7.784868 8.107935 8.503664 8.820674 8.980306 8.991964 8.887727 8.652733 8.357299 8.121511 7.985923 7.906706 7.837938 7.766425 7.696942 7.64277 7.591008 7.461524 7.264507 7.076394 6.974618 6.965669 7.027416 7.107884 7.176607 7.230104 7.262076 7.206933 7.06865 7.050416 7.173622 7.274318
10.38193 10.68786 10.86877 10.88652 10.73446 10.49278 10.26635 9.957426 9.570547 9.203712 8.918839 8.77632 8.814625 8.949398 9.108766 9.190506 9.103598 9.040944 9.062143 9.053163 8.999736 8.908357 8.766257 8.660006 8.632539 8.614998 8.571775 8.474114 8.293753 8.022316 7.761077 7.762934 8.039572 8.360251 8.607371 8.719088 8.732019 8.669559 8.513627 8.27855 8.070088 7.934129 7.859524 7.80824 7.75798 7.678447 7.601112 7.545706 7.46703 7.277994 7.045453 6.909401 6.958479 7.12412 7.296093 7.408727 7.479013 7.483741 7.359928 7.150132 7.049226 7.102128 7.173578
10.35231 10.60406 10.71599 10.67612 10.52208 10.32876 10.1606 9.912574 9.579708 9.247827 8.949422 8.714615 8.636557 8.734113 8.929461 9.07819 9.03188 8.903124 8.829703 8.789566 8.742002 8.702106 8.613707 8.567347 8.642186 8.702951 8.661251 8.517737 8.300919 8.039425 7.785212 7.742447 7.922391 8.153965 8.340568 8.435916 8.455153 8.444116 8.380573 8.216704 8.061532 7.926801 7.84048 7.772171 7.729616 7.670615 7.588407 7.488706 7.394631 7.231696 7.013425 6.893007 6.981133 7.227645 7.477151 7.617692 7.679103 7.668543 7.52561 7.30101 7.121849 7.066015 7.113189
10.37969 10.50721 10.50335 10.39241 10.23958 10.13296 10.08019 9.896154 9.625631 9.322767 9.027689 8.751711 8.568469 8.581107 8.743857 8.931059 8.986425 8.862061 8.689064 8.567457 8.511749 8.495721 8.445812 8.469204 8.620411 8.765296 8.798906 8.674707 8.441575 8.151388 7.889306 7.764388 7.83307 7.9619 8.082662 8.164414 8.200409 8.250699 8.281012 8.225314 8.101904 7.965584 7.878819 7.803715 7.729454 7.646964 7.569915 7.455556 7.298842 7.126808 6.946194 6.874806 7.007322 7.299655 7.572907 7.726328 7.794116 7.808864 7.714081 7.519047 7.313878 7.169127 7.121518
10.42237 10.37625 10.25403 10.10183 9.946585 9.920326 9.99824 9.940861 9.758966 9.49996 9.205049 8.892873 8.634864 8.486751 8.569191 8.762571 8.915314 8.861804 8.659653 8.458632 8.346815 8.322371 8.298904 8.354687 8.555563 8.767274 8.91684 8.871617 8.664617 8.366449 8.086592 7.921595 7.869783 7.862476 7.894412 7.942272 7.999293 8.09097 8.190165 8.218087 8.147961 8.056329 7.980576 7.92079 7.836651 7.710485 7.56712 7.408055 7.214494 7.005933 6.864582 6.858807 7.033864 7.32501 7.584192 7.747724 7.840552 7.905659 7.879852 7.741967 7.530851 7.333091 7.22039
10.40092 10.18443 9.975729 9.81355 9.682821 9.715026 9.853447 9.91413 9.859278 9.649768 9.370441 9.041596 8.727181 8.486341 8.434285 8.595364 8.781168 8.81007 8.660254 8.439017 8.263183 8.199514 8.180322 8.252995 8.473639 8.74467 8.958486 9.011321 8.807621 8.533495 8.284914 8.133221 8.047279 7.955734 7.851677 7.795731 7.849117 7.946522 8.063144 8.149671 8.15743 8.128107 8.074052 8.033986 7.95404 7.815006 7.63571 7.398224 7.130396 6.906569 6.812511 6.841928 7.027757 7.297281 7.539491 7.709821 7.831733 7.933525 7.974357 7.915262 7.739233 7.533833 7.384162
10.33157 9.972284 9.681603 9.522763 9.43899 9.52458 9.69815 9.831739 9.863383 9.725792 9.464688 9.127264 8.793168 8.517509 8.365129 8.436172 8.596227 8.662856 8.601555 8.43737 8.247743 8.13937 8.105093 8.188874 8.418169 8.695848 8.915254 8.97322 8.815406 8.570263 8.360909 8.265843 8.208154 8.093337 7.934245 7.79165 7.746349 7.806108 7.916646 8.024133 8.089345 8.090823 8.077473 8.065331 8.000904 7.863904 7.679012 7.426075 7.11547 6.876075 6.793439 6.811317 6.937399 7.176764 7.432215 7.616628 7.764562 7.901336 8.005027 8.030617 7.914745 7.74547 7.586901
10.26716 9.798114 9.430277 9.263017 9.23412 9.376178 9.571118 9.7366 9.829722 9.781561 9.567801 9.234564 8.874879 8.565681 8.348786 8.312761 8.405445 8.472694 8.473849 8.393847 8.244618 8.114902 8.06377 8.14388 8.375718 8.6394 8.853725 8.887847 8.737442 8.516345 8.322125 8.240946 8.216242 8.155106 8.002275 7.838159 7.718574 7.709735 7.787363 7.908177 8.0052 8.031064 8.029475 8.012448 7.951767 7.823624 7.651084 7.425631 7.142594 6.89877 6.807963 6.801654 6.855856 7.029208 7.278379 7.483602 7.645355 7.808071 7.957502 8.056598 8.032753 7.92691 7.796713
10.2256 9.702326 9.267453 9.065797 9.112359 9.278714 9.447056 9.582033 9.701296 9.711586 9.586288 9.34223 9.016339 8.686057 8.414789 8.270139 8.27325 8.313127 8.335385 8.304285 8.213984 8.118293 8.065599 8.149627 8.386367 8.651727 8.816217 8.787504 8.637363 8.447205 8.278815 8.16882 8.124149 8.098223 8.001005 7.862206 7.739108 7.679976 7.70759 7.817612 7.931486 7.99214 7.982807 7.936122 7.86456 7.739796 7.582885 7.392837 7.175505 6.969918 6.858203 6.823575 6.83177 6.919434 7.112724 7.309597 7.486 7.659487 7.831725 7.983889 8.061765 8.041773 7.962753
10.16076 9.644688 9.184117 8.946081 9.019037 9.18413 9.301974 9.40734 9.507328 9.519197 9.454217 9.321679 9.108597 8.83227 8.564816 8.362509 8.247661 8.211196 8.227514 8.201638 8.152206 8.109828 8.074522 8.183625 8.439233 8.712219 8.836849 8.719394 8.516258 8.337792 8.217065 8.129208 8.043664 7.992814 7.937214 7.848517 7.74656 7.678438 7.681468 7.767841 7.886455 7.969149 7.964412 7.879096 7.778187 7.661962 7.528388 7.393517 7.24158 7.091021 6.962127 6.885121 6.844532 6.872385 6.98068 7.133973 7.29262 7.4655 7.650676 7.841758 7.998093 8.066363 8.052871
10.02753 9.566653 9.12173 8.862902 8.91925 9.066353 9.179601 9.278981 9.340079 9.312255 9.245095 9.170727 9.055323 8.855897 8.659239 8.485792 8.31224 8.209232 8.163767 8.133573 8.093522 8.074647 8.06196 8.201384 8.481604 8.765194 8.86995 8.689153 8.428682 8.214801 8.110025 8.066254 8.006424 7.923907 7.867476 7.810092 7.739854 7.685407 7.674478 7.739061 7.856324 7.942885 7.940693 7.860814 7.760151 7.650407 7.546811 7.482986 7.383691 7.241562 7.093605 6.975547 6.89693 6.876748 6.909558 6.978953 7.093488 7.24096 7.416828 7.62998 7.844434 7.999268 8.064873
9.822401 9.428077 9.042154 8.786887 8.817668 8.955945 9.105496 9.207303 9.227307 9.160916 9.058583 8.976756 8.90257 8.763336 8.628773 8.532773 8.402108 8.285103 8.205792 8.136591 8.064599 8.039674 8.031216 8.188627 8.481414 8.758115 8.849375 8.675699 8.391062 8.132786 8.006666 7.981226 7.974934 7.92016 7.853575 7.791129 7.736912 7.695878 7.669644 7.692539 7.797669 7.881923 7.877748 7.824358 7.757957 7.684645 7.601474 7.547108 7.47095 7.333094 7.20464 7.103197 7.005778 6.932551 6.903066 6.913969 6.958025 7.039396 7.169815 7.371412 7.620909 7.841788 7.991229
9.608574 9.259763 8.944545 8.712072 8.72981 8.89435 9.081944 9.163914 9.157686 9.113608 8.99177 8.852459 8.754285 8.642983 8.534101 8.487488 8.41775 8.349984 8.323091 8.250109 8.11587 8.032266 8.022205 8.167942 8.430751 8.695071 8.806749 8.66555 8.384897 8.122325 7.963046 7.904089 7.921352 7.907815 7.866238 7.817555 7.771511 7.732854 7.694972 7.66716 7.73212 7.793265 7.788817 7.754242 7.719313 7.673317 7.59908 7.54593 7.478042 7.363437 7.283571 7.237534 7.167676 7.064549 6.980093 6.933289 6.934935 6.949238 6.995141 7.133461 7.364538 7.626215 7.839641
