py_wake/examples/data/AJ_ParqueFicticio/Rough survey   Sector 8   Height 30m   Orographic turn.grd
DSAA
73  159
 258469   265669
 6501692   6517492
-66.54638   66.4292
[rows 0 to 26 of 159, columns 0 to 61 of 73]
.09096061 .6249782 .7791428 .8507136 .9112822 .9993308 1.095158 1.168259 1.223359 1.307878 1.440253 1.52098 1.561233 1.489553 1.330342 1.035692 .6187071 .1385199 -.6303512 -1.962989 -4.952532 -4.505438 -1.989732 1.834085 2.95606 3.193679 -.3001653 2.064558 2.172256 1.026897 .9007774 1.471867 .8115736 -.3092437 -1.656711 -1.427855 -.2260762 2.776266 2.343407 2.221775 2.546395 3.255615 3.800218 5.108196 4.684236 4.044856 3.639747 3.490478 3.426242 3.451872 3.483696 3.663991 3.820143 4.125028 4.371221 4.585149 4.765248 4.838395 4.787501 4.537152 4.298165 3.92273
.9851039 1.179223 .98386 .9096441 .955198 1.049111 1.123155 1.258878 1.293998 1.304336 1.381639 1.520992 1.584076 1.597098 1.41611 1.034007 .5828564 -.03757318 -.9624797 -2.952402 -5.557929 -4.64378 -1.080166 2.035928 1.551116 .1850755 -.2323618 2.334332 2.417896 1.64715 1.403102 1.334992 .9947187 .01642011 -1.475265 -1.562151 -.9757241 1.554845 1.292214 1.113836 1.132524 1.473907 2.104164 3.565302 4.203836 3.909921 3.253475 2.800035 2.91683 2.959406 3.124558 3.669565 3.967064 4.420024 4.695399 4.916835 5.106977 5.165884 5.009865 4.86471 4.593778 4.200933
1.040078 1.895496 1.118322 1.004795 1.108221 1.202317 1.298503 1.381745 1.463188 1.529219 1.247171 1.407362 1.784362 1.915874 1.723253 1.152597 .5605724 -.105871 -1.151566 -3.193192 -4.695171 -3.48626 .05298806 1.344406 2.909017 1.318966 -.1238198 1.165482 2.230162 1.826051 1.569146 1.666659 1.48638 .5855847 -.9946227 -2.204774 -2.781619 -.7885178 -.3669916 -.4731238 -.4715836 .4363813 1.493902 2.578713 3.064319 3.546657 3.211363 2.709541 2.526881 2.176409 2.556663 3.428169 4.178383 4.507232 4.791855 5.082182 5.342553 5.480746 5.471279 5.310143 5.047419 4.509857
.1048855 1.248294 1.161308 1.249953 1.30473 1.373343 1.565821 1.72919 1.818746 1.904698 1.780404 1.336656 1.637944 2.198084 2.38786 1.39672 .7547889 -.01195307 -1.130155 -3.055897 -3.677276 -2.270766 .4091645 .9659753 2.418345 -.2481349 -.2275108 1.014392 1.836434 1.591568 1.381048 2.221154 2.159813 .8663434 .03389568 -1.202805 -2.83325 -1.626806 -2.503603 -3.196047 -2.749027 -.2331909 1.874245 2.378996 3.068375 2.792408 2.33729 2.39967 2.374643 1.998607 1.892224 3.266589 3.672904 4.380661 4.9077 5.3501 5.757252 6.015192 6.074717 5.901877 5.540647 4.994912
-.7758442 -.06877157 1.632121 1.995882 1.730207 1.67083 1.952295 2.344035 2.396313 2.378119 2.502369 2.017375 2.00302 2.623342 2.902069 1.863424 1.027356 .08835211 -1.299919 -3.86716 -2.948924 -1.181946 1.448718 2.357217 3.930063 .86191 .3864184 1.198535 1.973842 2.159611 2.089489 2.581801 2.523958 1.546524 1.77956 1.794954 1.331362 1.620139 .8483315 -2.609212 -4.050637 .6195142 3.474913 2.889265 1.796725 .2934116 .7199287 1.743447 1.66347 1.350988 .7348827 2.186339 2.866381 3.812737 4.706222 5.545816 6.24363 6.664989 6.844493 6.716014 6.32122 5.471614
-.7641693 -1.44827 .03568392 2.145234 2.616554 1.912885 2.901639 3.350686 3.351951 3.268578 3.117978 2.681822 2.523172 3.460389 3.183386 2.971861 1.705395 .4522968 -1.818608 -3.240569 -2.829407 -1.224854 1.057891 2.736578 4.665371 2.969214 1.763525 1.923801 2.464017 3.040511 3.651595 4.935434 4.635886 5.225421 5.213545 5.573286 7.62585 8.393156 6.587243 1.060553 -.5064877 4.436012 5.211241 3.875002 3.11126 .677534 1.036452 1.877273 1.679669 .834246 .5540906 .2680553 1.422762 2.820462 4.445475 5.905042 6.956804 7.598149 7.946321 7.868433 7.348327 6.227736
-1.424708 -2.213348 -2.536208 -.9543658 1.506771 2.474176 3.426745 2.747067 2.478129 2.533122 2.420521 2.543936 2.938094 3.239151 3.134089 3.15954 3.14821 1.592665 .2268802 -2.400494 -2.509842 -1.258758 .9436808 2.157258 4.587053 3.573821 3.006711 2.8022 3.006183 3.436123 4.015298 5.305506 5.660254 4.821517 4.79711 4.987873 6.035319 8.234379 8.41113 1.912226 3.388165 6.665042 5.240802 3.101753 1.432094 1.461179 2.21744 2.75171 1.960936 .7836892 .5584719 .5053896 -.03078582 .7023043 3.957677 6.413032 7.874553 8.82851 9.483489 9.530087 8.929152 7.750146
-1.660344 -1.969489 -2.043116 -1.882015 -2.018289 .3936528 1.923005 1.953879 1.729568 1.65936 1.562533 1.767947 2.512962 2.916039 3.010575 3.489139 4.274109 3.43049 2.013651 -.1533014 -.8508322 -.5713465 1.023051 1.219739 2.718794 3.22536 3.54959 3.359597 3.229949 3.508045 3.488006 4.244533 4.76306 4.913893 5.129795 5.250525 5.439573 5.974718 5.40219 3.392555 7.03251 8.485845 6.413129 2.898915 1.355885 2.561517 2.158041 3.309644 1.350417 -.5244251 -.2863343 .5202047 .0814354 1.110485 3.747838 7.537662 9.092666 10.2878 11.37998 12.42404 11.64583 10.33274
-1.873876 -2.089239 -1.98038 -1.46361 -.7699232 .1200496 1.278882 1.412761 1.117658 .7310619 .9880962 1.394384 2.090957 2.146418 2.436438 3.520005 4.744749 5.828207 4.70375 3.466234 2.191362 1.876554 2.401976 .5147467 1.593804 2.464636 4.05209 3.654733 3.260297 3.284959 2.88708 3.739331 4.619868 5.3973 6.067418 6.414668 7.651315 7.243359 7.030771 7.641772 11.3374 12.29192 9.513384 4.402266 2.496871 5.95836 5.384516 5.318791 4.336011 2.498501 2.089137 2.623274 2.306538 3.285441 7.156901 9.388393 10.22943 11.57422 13.53592 15.05936 15.38366 14.46128
-2.145543 -2.343132 -2.266252 -1.887733 -1.114967 .8846374 2.22349 1.838163 .6295826 -.2411317 .2078517 1.085769 1.755519 1.391603 1.243559 2.671194 4.590117 5.649914 6.519503 7.005079 6.428977 7.009715 8.763306 8.768638 4.584546 2.904766 3.418935 3.360169 2.91845 2.586948 2.497519 3.386183 4.497858 5.545511 6.505047 6.431666 7.279014 9.141149 9.890098 11.45756 16.37799 21.74388 21.17903 14.09435 10.85811 10.78652 8.751162 7.900528 7.684896 6.241628 5.980873 5.400642 4.087985 7.995434 11.33911 10.79184 10.78514 12.2098 14.37567 16.23532 16.50511 16.41675
-2.463968 -2.646314 -2.697365 -2.842047 -3.462471 -2.621978 -1.08759 .6949139 .2291649 -1.601293 -.561929 1.410913 2.062285 .6922535 -.6912709 .1881052 3.961158 5.903697 5.804808 6.95666 8.837098 9.139096 11.64815 12.01526 12.00458 9.189175 7.389863 4.48785 3.826012 2.442723 2.039549 3.075888 4.324331 5.465919 6.115714 6.112334 7.428135 8.881137 11.26832 12.75654 15.09041 17.80409 19.15312 19.14533 22.09375 19.44746 18.06284 15.78817 13.42106 11.54169 11.71704 7.653823 6.614444 12.38604 13.46398 11.30636 9.677176 10.80812 12.14468 14.02415 14.5152 12.58389
-2.790882 -2.98899 -2.712074 -2.939317 -2.244995 -2.424652 -1.140783 -.9004043 -2.400353 -3.421021 -.8814411 2.830933 4.038298 1.346616 -.3996038 -1.63655 .1358543 1.999297 4.955687 5.610522 7.970954 10.77833 12.85714 12.03657 11.40936 12.16664 9.017447 4.995335 4.252602 1.83417 2.123714 3.080453 4.214007 5.396941 5.590158 5.997624 7.466603 8.786151 11.1783 12.92509 14.47328 15.83482 17.63541 19.61388 23.18198 24.86053 23.86321 24.79689 24.91809 22.28947 19.47125 11.42274 12.70611 14.80488 15.35749 13.31923 12.60496 11.20846 10.56696 10.4088 11.15176 10.02772
-2.967365 -3.133212 -2.717975 -2.226362 -1.702491 -1.387827 -1.06923 -1.599366 -4.901164 -5.271466 -2.122475 -.3109958 .2342228 2.327801 1.622484 2.137309 4.207409 .1710024 .1585794 2.874499 5.717024 7.614649 11.34248 11.46706 11.13333 11.23076 12.55537 9.800234 5.704105 3.696652 3.554386 3.997424 4.720963 5.567998 5.876481 6.475967 7.725633 8.87213 10.47948 12.98777 14.6388 15.54342 17.6486 20.87934 23.58998 22.65788 22.89918 23.26342 24.27581 23.41167 21.71495 20.23527 19.65935 20.27493 19.83199 20.68275 22.92354 26.7503 29.56109 30.1491 24.66199 21.852
-2.914462 -2.443949 -1.906658 -1.814256 -1.604482 -1.511789 -1.815371 -3.933226 -7.280873 -6.360413 -2.78097 -1.500473 -2.595845 -4.134305 -2.11543 2.390798 4.159276 4.021552 1.870619 .5199793 .9176595 5.169079 10.18548 10.70677 10.55301 10.72003 11.19561 11.82542 9.975981 7.324134 6.149774 5.657042 5.99686 6.434846 7.546138 8.130629 8.46579 9.061603 10.02509 11.74193 14.83735 16.86071 18.58905 22.74929 25.25874 25.76406 25.76936 27.08376 26.58387 27.43787 26.3331 26.69736 31.03677 33.64076 38.98085 52.3145 63.30401 66.07449 64.46471 57.59387 46.69366 34.52716
-2.533632 -2.060597 -1.738135 -1.68045 -1.738766 -1.851393 -2.354627 -3.459154 -5.654663 -6.035034 -2.839741 -1.942191 -2.628457 -3.609892 -2.569513 .2286353 1.24307 1.253715 1.864614 .6666701 .3741226 2.624289 5.82558 9.42742 10.63888 10.34958 10.10479 9.562241 8.795875 7.819569 7.117404 6.630231 6.099025 7.221196 9.553099 11.0529 9.694718 9.59583 9.493904 11.06992 14.38426 17.97196 20.76623 23.78909 25.4318 26.13637 25.92822 27.58064 31.93807 31.99914 30.78634 31.71108 35.78182 44.11108 52.02485 57.44841 62.4305 66.4292 64.92349 58.30147 49.65145 39.29425
-2.138288 -1.878079 -1.755826 -1.752289 -1.808704 -2.206909 -2.789834 -3.698951 -4.824676 -4.893083 -2.748036 -2.335803 -2.729384 -3.232882 -2.843203 -1.541019 -1.067201 -1.304225 -.5317391 -1.163349 -.1917914 .2393542 .6662568 3.703098 8.170198 11.08954 9.75558 8.849347 8.14493 7.650291 7.227264 6.690323 5.891752 7.127951 13.19135 16.62937 14.27696 10.96593 9.432904 7.69598 12.11295 15.69895 19.48181 23.48643 25.02848 25.23877 26.18665 27.45024 30.92095 33.96506 34.16541 35.01386 38.97764 45.73343 54.55194 64.55965 62.07154 49.34868 41.91396 38.35059 35.38033 33.03689
-2.001865 -1.708655 -1.727849 -1.813581 -1.968955 -2.325581 -2.94901 -3.752186 -4.430603 -4.223602 -3.375675 -3.000033 -3.095969 -3.108426 -2.436208 -2.813754 -2.57125 -.8062691 -.3190537 -.4736451 .002322994 .3842974 .3457056 .005288188 1.300061 6.273127 10.29021 9.044255 8.235004 7.918734 8.465842 6.323682 4.017659 5.274438 11.61727 12.37969 11.11421 10.05501 7.883548 7.180622 12.95899 16.52848 20.70679 23.86915 25.76206 24.64462 23.53056 26.53645 33.84756 38.0315 38.52361 38.05005 39.84571 38.73726 35.04485 29.2739 25.00155 23.00463 22.21987 20.74168 21.36697 23.2293
-1.920163 -1.868693 -1.661532 -1.821477 -1.996263 -2.346805 -2.895522 -3.462673 -3.914603 -3.876805 -3.329832 -2.886895 -2.951919 -2.014188 -1.748568 -2.015872 -2.002043 -1.226614 -.6956294 -.389444 -.2645585 -.144491 -.1675585 -.3034257 .2921135 .6649393 1.810685 4.658983 6.706863 6.688201 4.235514 .1491846 -1.682315 3.091769 9.176744 8.233274 6.950531 3.409794 -1.11006 -3.699477 4.570277 13.52386 22.47227 29.40829 31.45313 28.78456 24.36736 21.3911 22.62051 21.88691 19.48989 16.68829 13.52348 12.76428 12.55284 13.73205 16.32032 16.69447 17.05952 17.74817 19.04667 20.35291
-1.842764 -1.913195 -1.864946 -1.875973 -2.101655 -2.331587 -2.714802 -3.210632 -3.602411 -3.644353 -3.033919 -2.265432 -2.472715 -1.706212 -1.580887 -1.740214 -1.638797 -1.239144 -.8786574 -.5729657 -.5242358 -.8386437 -1.481559 -1.813805 -2.510524 -2.563348 -2.379281 -2.722097 -.730551 1.947067 .2950884 -5.887872 -6.761954 .7016653 4.608743 4.188401 4.345572 .3377702 -6.296581 -11.18338 -.1103163 2.552444 4.023702 7.254158 9.799797 10.33115 8.794534 9.4679 12.43761 12.58241 10.6175 9.104156 8.453186 9.821806 11.71596 14.27137 16.59813 18.82639 19.75107 19.84109 19.84453 19.83384
-1.848501 -1.98322 -2.108657 -2.079833 -2.164101 -2.273411 -2.5977 -2.8847 -3.296473 -3.437393 -2.843442 -2.883317 -2.610805 -1.872861 -1.716828 -1.620173 -1.561283 -1.23761 -.8989409 -.5860956 -.7668067 -1.156977 -1.657221 -.755932 -1.34965 -2.868503 -4.802926 -4.580887 -2.474497 -2.228081 -5.397704 -7.192091 -4.873451 .09543941 1.395401 3.672302 3.823582 -2.597864 -12.61056 -14.62337 -4.00449 -1.626568 -2.354847 -2.84394 -.6364903 .382778 .2613446 3.331042 7.02349 6.748948 4.923249 5.297444 7.540956 9.941177 12.6885 15.84537 17.91013 19.59744 20.89147 21.64177 21.26423 20.4568
-1.519688 -1.937718 -2.47151 -2.431645 -2.2306 -2.275089 -2.459352 -2.631686 -2.880067 -2.887631 -2.240386 -2.37938 -2.398715 -2.099106 -1.819165 -1.712905 -1.720006 -1.335092 -.9361278 -.9202519 -1.121019 -1.293895 -.9111661 -.3056355 -.6725271 -1.568374 -2.592253 -3.582263 -3.191581 -3.5344 -6.706918 -3.141553 -3.398034 -.02727802 -1.005464 1.841617 2.339294 -6.078626 -18.6279 -15.09566 -5.483236 -2.063806 -3.514188 -3.321398 -4.301236 -5.360264 -3.398904 1.334861 4.40156 3.715144 2.065102 3.189485 6.984925 9.406226 13.81691 17.60092 20.67679 22.43733 23.53056 23.30148 22.39187 19.53529
-1.103797 -1.030925 -1.988525 -2.326448 -2.107773 -2.103375 -2.209589 -2.386303 -2.508616 -2.27792 -2.011947 -2.045025 -2.101483 -2.003979 -1.929117 -1.829743 -1.817095 -1.452748 -1.305546 -1.715938 -1.789437 -1.423822 -.6924128 -.2972559 -.4476277 -.781801 -1.166596 -1.659662 -3.255826 -9.205986 -5.413235 -.3649908 1.134016 .8702508 -1.052973 .9987288 -.881812 -6.693612 -15.27308 -10.25666 -5.54263 -3.250511 -2.574694 -2.311936 -3.591689 -4.100606 -2.311647 .4782687 2.725524 2.939843 2.249785 3.622641 6.504602 9.663582 13.75115 18.42882 22.22819 23.85704 24.74292 24.36365 21.92179 17.43846
-1.171364 -.9565456 -1.205947 -1.863424 -1.834688 -1.947325 -2.000927 -2.082094 -2.167552 -1.968513 -1.938505 -1.865235 -1.903386 -1.829441 -1.806309 -1.764394 -1.630008 -1.092864 -1.304279 -1.538034 -1.65508 -1.369642 -.8468648 -.6340528 -.5018731 -.5241687 -.5060471 -.8220367 -5.08534 -9.349024 -5.040455 -.8614044 -1.113984 -.6632316 -1.657779 .1482667 -3.253539 -9.337382 -9.673845 -7.603763 -3.893024 -3.508049 -1.423213 -2.702519 -3.278878 -2.652699 -1.727887 -.7428359 .3336795 1.712589 2.654834 4.17048 7.690915 10.32251 13.28653 18.2209 21.35239 22.70206 22.74437 22.12387 18.9583 14.61965
-1.369069 -1.39242 -1.917217 -1.774415 -1.728522 -1.790136 -1.808016 -1.899835 -1.854785 -1.851653 -1.798009 -1.852085 -1.809675 -1.818227 -1.68538 -1.51156 -1.00691 -.8602768 -1.179026 -1.515789 -1.554919 -1.412531 -1.066559 -.8276682 -.7388514 -.6913262 -.8936028 -1.259287 -5.163698 -6.89227 -2.446512 -2.207958 -1.894126 -1.460237 -3.007169 -.1306019 -3.546882 -9.39284 -8.732255 -5.183013 -2.645606 -.7507275 .09529456 -2.491781 -2.303335 -.504346 -.663412 -.6041002 -.1785333 .7340861 2.481553 5.664329 9.498977 11.67907 12.86608 16.72845 19.89102 20.67502 20.50124 18.61115 15.73289 11.57684
-1.436259 -1.793957 -1.866102 -1.677562 -1.651915 -1.656295 -1.664988 -1.713542 -1.677843 -1.978388 -1.713991 -1.788629 -1.85701 -1.829067 -1.688558 -1.450504 -1.531656 -1.415917 -1.396189 -1.633664 -1.755985 -1.647127 -1.353228 -1.172678 -.9021538 -1.084778 -2.005977 -3.540613 -5.296406 -4.477158 -1.764826 -1.854437 -3.071178 -3.458054 -5.427061 -.7320739 -2.072388 -5.51094 -6.731354 -5.249783 -5.205233 -.08781113 1.206053 -.7832063 -.6770352 -.09051566 -.4296659 -.8016839 -.4872106 -.4297659 .4738004 5.15278 10.33575 12.10655 11.3757 14.56318 18.39051 18.78874 17.82219 15.74732 12.42694 8.275834
-1.178508 -1.577949 -1.629933 -1.483543 -1.444082 -1.438048 -1.533956 -1.520444 -1.587364 -2.031045 -1.707559 -1.744538 -1.802165 -1.651606 -1.513117 -1.272133 -1.436403 -1.584786 -1.655381 -1.851234 -1.886436 -1.981425 -1.845253 -1.854843 -1.930686 -2.279003 -3.295877 -4.747093 -4.912178 -3.566047 -2.271668 -1.52112 -2.682129 -6.227105 -8.814121 -2.676974 -2.338393 -4.090634 -5.297513 -6.441801 -7.02585 -3.926823 -1.006457 -1.098792 .1239759 -.4668001 -1.41967 -2.185913 -2.286191 -2.363873 -.9769624 3.499143 9.983331 12.90129 11.02647 12.62246 16.90506 18.01858 16.04144 14.09579 9.888812 6.077004
-1.666412 -1.848527 -1.731508 -1.513272 -1.457347 -1.355451 -1.414769 -1.425456 -1.645354 -1.927431 -1.775965 -1.836521 -1.739804 -1.545234 -1.426476 -1.472862 -1.634726 -1.736942 -1.850734 -1.960055 -2.118017 -2.277846 -2.153919 -2.232693 -2.380323 -3.195096 -4.261442 -5.069892 -3.6549 -4.121301 -2.298531 -1.308734 -2.14693 -4.780864 -8.343751 -5.641275 -3.408937 -4.057616 -4.391147 -6.135696 -7.454171 -6.923567 -2.717775 -2.756635 -1.650051 -2.3674 -2.957103 -2.592539 -2.95462 -2.7862 -1.535526 2.063556 8.669988 12.18193 11.35361 12.16857 16.76984 16.88993 16.57715 14.37574 9.259309 4.926504
