py_wake/examples/data/AJ_ParqueFicticio/Rough survey   Sector 6   Height 30m   Orographic turn.grd
DSAA
73  159
 258469   265669
 6501692   6517492
-61.52128   44.63026
[rows 108 to 134 of 159, columns 0 to 60 of 73]
-3.373539 .9254366 1.921766 .2138707 -.6561845 -1.990413 -2.564312 .4343992 4.305769 4.561825 1.692242 .05353831 2.964787 5.877217 11.29758 14.99653 19.81004 14.075 6.23583 3.077649 3.952894 7.337515 10.87429 8.706107 2.625294 .2208645 -.4838918 -1.061205 1.44776 3.995133 7.067046 9.609199 10.32564 9.697197 7.754898 8.089351 5.268163 .4589002 -4.153729 -5.084984 -4.053052 -2.691284 3.318305 14.34626 22.01526 21.25739 22.28284 25.20504 27.05704 19.9537 10.32407 7.194622 8.278955 13.32975 15.30182 14.03447 14.0881 16.36305 18.39097 19.62169 23.91639
-1.890495 2.070558 5.00587 3.772262 3.603346 2.584626 -.4201979 .1618636 2.449716 3.980424 1.133389 -1.698438 -.6338941 2.931934 7.291517 10.29805 14.76775 16.65364 9.3395 3.616315 3.004092 6.274389 10.61181 10.35972 3.516389 .3839467 -.1765364 .4962456 1.218807 4.260614 6.61384 7.717773 8.558332 6.823588 6.176988 7.507175 6.778043 2.231588 -2.888041 -3.481604 -.7205968 1.587567 7.615916 17.64377 27.03024 26.66181 26.3357 27.13202 26.02716 20.43564 12.1212 8.561569 7.73037 11.11404 12.69902 11.56414 11.39306 13.30815 16.23814 19.04008 22.22827
.2745309 3.150973 5.825769 5.056134 4.023407 3.593061 .8088266 -.8151889 .1652176 1.715143 -.4447621 -4.158571 -4.956437 -1.430484 3.032536 7.868934 12.01116 13.70775 11.11993 6.031949 3.836854 5.245252 9.549478 10.00174 3.139081 .4096925 1.352526 .9113562 2.106489 2.564092 2.730286 2.636001 2.323079 2.726822 3.962058 7.333355 8.763261 4.453208 -.9076587 -2.102501 .5932739 4.129162 9.565043 17.92293 27.16846 30.50523 29.38348 29.82666 27.88319 19.44046 11.26089 9.03576 7.165344 8.648538 10.25249 9.877457 9.557479 10.62069 13.78636 18.28679 22.42736
2.187838 2.346826 3.885 3.716028 2.190889 1.728111 -.156013 -1.672912 -1.611295 -.1212871 -1.893956 -4.579615 -5.312513 -1.885327 2.497919 7.110191 8.257871 5.957489 12.40812 12.55809 8.5262 6.905174 10.52313 11.215 4.627792 2.5422 2.229066 3.386944 1.983815 1.383534 .1714439 -.03190489 .1391178 1.438498 3.253333 7.81076 10.28035 6.977699 1.293844 -.6224642 .6946349 4.061415 9.05358 17.63569 25.00119 29.54193 31.31391 32.59372 32.84096 22.06338 11.03164 5.854837 4.970199 6.170791 7.595028 7.471229 7.833336 8.489423 10.44084 15.41115 25.49573
3.903517 1.908624 2.55595 3.042633 2.202991 1.376605 .4924793 -.2777263 -.2800705 .03792708 -1.559723 -3.463021 -2.726775 1.382001 3.80744 6.056445 4.693908 3.746083 7.673671 18.86617 16.31253 12.4132 13.84393 13.80895 6.946318 2.816552 2.920881 2.661606 2.092526 1.786292 1.051085 .4443069 .218276 1.942081 3.907065 6.835975 11.20016 9.71221 4.160498 1.351639 1.267021 2.701941 8.03368 16.0962 21.14144 26.20028 29.69167 33.76242 36.15836 25.7089 11.12312 3.205714 2.41716 3.702568 5.913849 6.566392 6.985931 7.665997 8.626532 12.04126 25.82608
4.693412 2.556386 2.806129 3.723102 3.382495 2.446051 2.191995 2.189006 1.879595 1.31029 -.3455865 -1.196995 -.4534045 2.768898 3.88923 5.460045 3.203844 2.594939 4.080699 13.50151 22.94091 21.77406 21.2378 19.4572 9.765719 3.067081 1.365013 2.558576 2.88069 2.931323 2.957776 2.229896 2.474596 3.892686 3.994265 5.693497 9.449146 10.81817 7.010118 4.371972 2.635712 2.789488 7.005298 13.7969 17.62696 22.50306 26.43504 29.94711 33.20863 28.44808 13.0996 3.261499 1.306352 2.528091 4.645183 6.600836 7.260435 7.850684 8.04483 9.839269 17.75172
4.898056 3.980177 4.065923 4.520463 4.430515 3.631607 3.153697 3.488684 2.795478 1.848204 .8997746 -.1147068 .2739641 2.458118 3.19542 3.798336 2.600824 1.028429 2.861865 7.551408 16.29921 30.21634 33.61461 27.84826 13.19408 3.361501 .6791296 3.19907 4.714018 4.394814 5.213302 6.020439 3.347597 4.097111 4.376649 4.717868 6.957664 10.45401 10.35218 9.224401 6.769632 4.60783 6.836145 11.07944 15.44783 19.28124 22.79734 26.03767 26.86824 24.50582 14.21035 5.942753 2.666361 3.212146 5.020532 6.502668 7.764925 8.132265 8.672244 10.0769 13.0977
4.582083 4.567032 4.780525 4.903329 4.934484 4.286146 3.554323 3.386388 2.677502 2.504394 2.454537 .4982735 .6517234 2.817954 4.046639 5.2852 4.732202 2.430244 4.039242 8.330498 13.02363 21.69204 36.21367 38.23841 19.4305 3.60487 -.8062581 2.311356 3.814109 4.107044 6.346626 6.875545 5.466327 4.718339 3.92151 3.546859 5.742784 9.533047 12.74137 13.76315 10.3915 7.326347 8.054396 10.3755 13.9775 16.23067 18.96836 22.00147 22.66506 20.17789 15.54286 9.569229 6.337633 5.426477 6.199049 7.117677 8.064916 8.927642 9.654931 10.88835 12.47234
2.884209 3.267011 3.295598 3.292633 3.734708 3.004444 2.400517 2.489146 2.97579 2.791879 2.571029 2.790778 3.060789 5.302581 7.10019 9.144735 8.725411 6.658868 8.20033 11.13173 13.62012 15.81522 23.01861 35.71189 28.70463 7.795225 .5953313 2.231525 3.483586 4.627468 6.799098 7.667773 6.140669 4.588541 5.088403 5.109612 5.53584 8.494913 12.9515 14.77226 13.53223 9.931488 8.895587 10.02577 11.51126 12.98959 15.25705 17.56764 19.03951 18.18078 14.46408 10.75648 9.311662 8.343783 6.456236 7.307046 7.803132 9.53863 10.95157 11.73731 11.93532
.6971172 .9860774 .9078259 .7403983 .6409725 .2375764 .556545 1.594559 3.216353 3.600801 4.844541 4.83723 5.816267 7.861701 8.606139 9.309774 10.14547 9.094016 10.58849 11.99171 12.98244 13.17251 13.24529 18.84152 26.96878 17.72728 5.346427 3.753264 5.562983 6.908055 8.986245 10.12602 8.944661 7.916107 9.341996 7.128867 4.256442 6.240119 9.553689 15.13559 13.03745 9.326568 6.99512 7.990744 9.491983 9.828511 11.43997 13.13276 14.42255 15.05657 13.12582 10.15205 9.147123 8.241189 7.897628 7.473576 7.361846 9.176466 11.17987 13.24782 13.50149
-4.730957 -4.518911 -4.368657 -3.858026 -3.221905 -2.246389 -.9388785 .08622847 1.520664 2.647168 3.791112 6.56807 8.100378 9.286876 8.404143 7.09084 7.6359 8.438837 9.448147 10.27874 11.30704 12.33282 9.602828 7.982137 12.94374 19.87081 12.81161 10.29197 7.834503 8.532182 10.57588 13.55838 10.69114 10.06223 10.17502 4.902515 -.3272964 -.824313 3.681285 11.47092 11.13349 7.035387 2.907069 2.210077 5.441477 5.88741 6.769045 8.562947 9.719453 11.64664 11.52591 9.453115 8.944733 7.923209 8.197649 7.611896 8.183967 8.159739 11.00032 13.81366 11.23177
-12.60676 -11.35882 -9.706429 -7.40242 -5.422235 -3.409524 -1.381693 -.448667 .3946089 1.349829 2.806358 4.917155 6.331226 7.535044 5.282577 2.819144 1.874253 2.403264 3.362525 3.555873 5.704043 8.53436 7.441798 4.699309 5.519897 10.94713 19.31701 18.13123 14.20283 10.40196 12.1225 13.08841 10.18132 8.456858 6.484922 .6618556 -4.906694 -7.261072 -4.785475 5.662461 10.20541 6.038043 .6345732 -2.856009 .7127491 1.812616 1.772917 3.509291 5.267381 7.941042 9.921867 9.653205 8.466846 8.210795 8.171429 7.744739 8.747886 8.467302 10.23112 11.28165 8.98473
-13.10656 -10.3225 -8.053024 -6.63857 -4.856086 -2.854187 -.586308 1.682365 1.955623 .4222797 -1.364146 1.953238 3.764054 5.227945 3.78511 .09464193 -2.290293 -2.750489 -1.322215 -.9965041 1.670611 7.169965 9.503778 4.507461 4.346809 6.242983 13.05055 19.62773 17.62132 11.7467 10.82629 13.08858 8.028666 5.677371 2.39865 -2.995064 -6.998097 -8.937374 -7.355379 .4587652 8.745885 9.949667 2.907728 -2.990326 -2.634091 -1.159936 -1.011243 -.036927 1.733992 4.75967 7.779898 8.587 8.683857 8.186419 8.386003 8.527348 8.486032 9.141161 8.502292 5.703926 3.342324
-5.368165 -4.174207 -4.342789 -4.497917 -3.053225 -.741239 .216074 3.689865 4.170637 .2013232 -4.134027 -2.11217 .8636318 1.833095 1.602554 -.7251834 -3.849022 -4.322625 -3.224789 -2.695368 -.09298876 5.470793 9.879292 7.338675 3.90684 4.710615 6.400327 11.58845 17.68292 14.76599 12.58384 10.20616 5.802904 3.306718 -.8760213 -4.020265 -6.759348 -7.032252 -6.167849 -.9980558 4.555639 10.2414 6.71426 -1.225179 -3.058147 -1.869036 -1.052392 .3124702 1.988106 4.056529 6.895146 8.771246 8.320794 8.287621 8.497098 7.179458 6.805676 5.162804 2.889275 -.1328325 -1.781444
-3.903906 -3.431213 -3.127186 -3.423882 -1.633148 1.817458 2.152972 6.705035 8.436938 3.312727 -2.707085 -4.056101 -1.293081 .8257769 -1.123163 -4.820931 -9.485452 -8.388445 -6.620903 -5.356796 -4.688125 -.493982 5.098791 4.272597 2.221556 1.290723 5.7956 6.141031 11.87008 16.60944 15.9253 9.5248 5.124138 2.04116 1.187776 -1.005459 -4.713596 -4.254999 -3.682648 -.9497093 .90572 5.505446 5.719424 -.3394363 -2.598433 -1.240692 .3231553 1.095845 2.328803 3.667485 5.151908 8.14833 8.254343 7.299234 6.142362 4.966186 2.325752 1.073957 1.410598 -.0852225 1.465881
-3.853433 -3.229049 -2.220469 -1.330485 -.2718945 2.63267 5.149747 5.385865 11.30394 7.847839 -.3923124 -1.344341 -1.456721 -.3566092 -1.429612 -3.164055 -7.685538 -11.52182 -13.32874 -13.0268 -11.21174 -6.784663 -.8761721 4.251812 4.174092 2.699222 1.711781 2.985413 8.209537 16.94934 18.90471 12.97202 8.172629 6.425665 3.795618 -1.571621 -5.105105 -6.01533 -4.364344 -1.739046 -1.132953 .1416073 1.825535 .2797606 -1.878373 -1.098575 .1897918 2.00615 3.110679 3.38033 4.045926 6.15949 7.31233 6.622021 4.057925 -.1142893 -2.129168 -1.38817 3.142932 6.23734 6.193115
-2.577801 -1.520119 -.6155173 -.1574343 .6219065 1.831774 2.919823 5.08494 11.84813 11.66207 1.212999 .2032226 -1.048612 -.7834845 -.2911837 .5505031 -1.418705 -3.855548 -6.059493 -6.832725 -6.595271 -3.841398 .7977225 6.979824 7.427379 2.310252 1.224973 -.005598057 7.390534 18.83818 23.14529 17.08495 12.43058 8.9616 3.176569 -2.801751 -6.749596 -8.194511 -6.859561 -3.40458 -2.686272 -1.804278 -.5029156 .01749502 .3593026 .3701896 .06089343 1.557774 3.61014 4.327386 4.190028 5.368402 6.210871 5.750024 2.31055 -2.317744 -2.202769 1.915733 7.836686 10.45107 7.774879
-2.831426 -2.263588 -1.668594 -.6026223 -.5710583 -.8555831 -2.926644 -1.361316 9.468395 14.26421 5.569441 1.359955 -1.287357 -.4614244 .419528 2.536574 2.77992 1.549653 .968923 1.924311 3.625846 4.180179 5.320383 7.394968 7.445056 3.605551 1.504709 1.815294 6.657881 21.23877 30.27384 23.66465 14.53694 7.167845 .2209136 -4.939599 -8.913994 -9.725572 -7.665863 -3.76035 -1.50919 -1.598174 -.7681993 -.5360432 .1247374 1.102457 .2322731 1.367168 4.336738 4.492562 4.482503 4.192797 3.429578 .2587725 -3.540722 -3.71337 -2.252539 1.712799 8.378263 15.0837 11.5403
-2.430088 -2.072497 -2.631112 -2.643811 -2.423956 -2.651572 -5.24405 -3.048716 6.923034 16.86067 11.00792 4.287508 -.7458467 -2.809111 -3.264398 -.8997728 2.096742 1.793931 2.439089 3.148066 4.775806 4.861266 5.393742 6.216662 7.527341 7.652963 7.633185 6.929306 9.137778 20.51507 31.84164 29.43317 15.46798 5.383604 -1.578866 -5.683573 -8.682541 -9.73859 -7.59274 -3.305941 -1.702308 -2.218868 -2.41149 -2.917382 -1.796684 -.5792654 -.8456355 -2.322248 1.633672 2.698352 1.423571 -.9652616 -5.220633 -6.485625 -6.767374 -6.834261 -5.590871 -1.358027 8.877076 18.60643 17.54138
-1.930879 -1.635889 -2.377492 -3.714342 -3.274032 -2.440837 -4.345491 -3.387259 2.438956 11.85336 13.02356 10.39805 1.102686 -4.670403 -6.958094 -5.28221 .8713467 2.978449 1.190094 1.859911 2.522895 2.271064 3.136843 4.089797 5.184762 5.867786 6.743968 7.156328 7.383085 14.38032 29.04677 27.08951 15.25715 6.019599 -.4399279 -5.116353 -7.382337 -9.000569 -8.773875 -5.66923 -3.992329 -3.901627 -3.238163 -4.197521 -3.838883 -2.714105 -1.453879 -3.594189 -4.136013 .9120008 2.686906 -2.028313 -3.96033 -7.252385 -10.96807 -9.298287 -2.682992 2.887017 6.058304 20.10104 21.61583
-4.382753 -2.476177 -3.697971 -3.246832 -3.576308 -2.079296 -4.498644 -4.861683 -.994895 2.735062 9.681223 13.29573 5.702802 -2.478675 -7.305686 -7.991642 -1.52047 3.00709 .09044667 -1.344726 -1.440318 -1.81374 .5552761 1.076985 .5410567 .2342797 .2592851 .6219341 1.630114 6.895075 21.95437 28.9997 15.75457 7.059455 -.7207561 -5.651203 -8.484561 -11.45528 -12.78175 -10.62325 -7.938617 -7.212475 -6.722183 -5.342767 -4.868667 -3.238181 -1.886573 -1.105489 -1.814978 -.02019387 6.460505 6.958868 1.608599 -3.297071 -1.776637 1.476707 3.388375 2.803244 3.499581 16.37092 20.90862
-5.848619 -2.54249 -2.02335 -2.23346 -3.415014 -5.160366 -9.458599 -9.862638 -6.500776 -3.870611 .1754926 8.930235 10.53544 3.751738 -4.399601 -8.943802 -6.96381 -.9299692 -1.745213 -2.66825 -3.211566 -3.687239 -1.277117 -.6002108 -2.88977 -4.675924 -7.257327 -7.331114 -6.913136 -1.392515 17.66344 25.00733 15.22091 3.773995 -4.626152 -8.839822 -11.5329 -14.90878 -16.52985 -14.18408 -10.48739 -8.803805 -9.087786 -8.031704 -6.896775 -3.869388 -1.971697 .4112572 .5873426 2.020166 6.548553 9.295143 7.496993 1.811082 2.058801 4.809153 3.930054 -.1208445 -1.107393 8.032688 17.17038
-.2163175 1.986231 .7172596 -2.795063 -3.770158 -6.573677 -11.02712 -11.33822 -10.73636 -8.810754 -5.441446 2.964941 12.28575 11.33255 .7634959 -7.622572 -10.04394 -5.372797 -1.891964 -2.809362 -3.23682 -4.167008 -1.642513 .7091913 -3.751482 -6.503152 -9.646458 -9.666536 -7.37646 -1.869614 7.65539 17.39379 8.260548 -.222948 -7.673406 -11.24594 -12.60652 -13.77607 -13.73167 -13.37171 -9.441697 -7.459286 -9.23256 -8.725854 -8.360837 -5.179975 -1.835715 .8470176 3.020703 3.743855 6.523527 9.681705 10.71397 5.420067 2.902153 2.912931 1.973158 -1.069439 -2.542135 3.247913 14.55748
6.355136 8.359681 3.08536 -1.254998 -1.540822 -3.801628 -8.912667 -9.562908 -8.150012 -5.166219 -2.436558 3.248162 12.49207 17.94781 7.322128 -3.949074 -8.402369 -7.906733 -3.016599 -.4569703 -.8238446 -2.60409 -1.374114 1.408445 -3.447376 -7.216663 -8.560663 -7.514099 -2.450233 2.622027 6.131753 9.203023 4.69772 -2.10075 -7.924585 -7.811894 -8.069916 -8.707143 -9.257516 -9.855812 -7.186061 -5.930453 -4.874659 -5.94074 -5.640024 -1.960549 -.4804071 1.45471 4.349745 6.136697 7.705836 12.08474 13.16355 8.452117 4.341461 3.063112 2.730473 1.011229 .09468126 .8835223 7.223779
6.920808 9.93185 5.622456 1.609836 1.579285 -1.96656 -8.433096 -8.735138 -8.456041 -6.30565 -1.520039 2.420217 6.402585 16.07773 14.64085 2.184212 -6.260056 -6.730273 -5.345963 -.5093762 1.712238 -.8891329 -.3358497 .8354485 -2.411161 -6.362975 -7.029605 -5.640213 -1.410237 3.63939 6.61592 5.524777 4.726251 1.824731 4.447023 .3727805 -2.002368 -2.809805 -5.33685 -7.287291 -6.054687 -4.284308 -2.720711 -3.131807 -1.938516 -.6094366 .1154857 1.821382 5.156813 7.789777 10.17827 17.57487 15.46026 9.65646 5.982466 4.222874 3.864221 .9492283 -.09794308 -1.47443 1.763134
6.611896 11.37363 7.992397 2.158787 .6889693 -2.596712 -7.996255 -10.10925 -9.562944 -9.220876 -5.497985 -1.603637 1.949116 7.220444 13.51904 7.321033 -3.955411 -6.898922 -6.559821 -5.044375 .8898184 1.147203 1.417208 2.075221 -2.243395 -6.298835 -7.672611 -6.396229 -3.030499 2.665995 6.664282 5.872558 3.15876 1.344405 4.129611 9.226795 4.725323 -1.280962 -5.011419 -7.050065 -6.613797 -5.487751 -3.013555 -2.12886 -1.913271 -1.123858 -.2367655 -.3885668 4.851532 11.00735 11.30023 17.32157 20.04713 10.85952 5.837796 5.607439 5.029524 1.966757 .9398614 -.6352457 .8202947
1.307255 10.60464 11.44675 3.685228 1.787003 -1.299528 -3.856852 -5.697205 -6.838235 -7.82658 -6.777 -4.4981 -1.490624 2.192449 7.56069 6.313007 -3.65297 -7.968756 -7.760248 -6.694847 -2.967072 .207779 .4381522 .7498808 -4.143845 -8.737453 -11.36903 -9.561469 -6.218112 -.6899119 3.692919 3.587686 1.670219 .09042522 .7882524 4.265288 5.309416 1.253109 -2.709864 -7.635444 -9.606964 -8.228228 -6.245105 -4.882609 -3.935692 -2.393501 -1.618419 -2.462995 .5292096 10.84583 10.47067 13.40915 19.49798 15.93794 6.924649 6.398065 6.488189 4.506551 3.013917 -.2782868 .4696894
