py_wake/examples/data/AJ_ParqueFicticio/Rough survey   Sector 8   Height 30m   Mean speed.grd
DSAA
73  159
 258469   265669
 6501692   6517492
 .05389789   10.15042
[rows 112 to 139 of 159, columns 0 to 62 of 73]
6.268356 6.152085 6.069528 6.206736 6.381303 6.446025 6.502861 6.733531 7.157948 7.454623 7.603336 7.794748 7.661114 7.558295 7.220453 6.384189 5.806974 6.073092 6.238174 5.999336 5.775177 6.109404 5.98727 6.197151 7.04809 7.326626 7.477525 7.02512 5.945482 4.879279 4.138038 3.929545 3.89982 4.165493 4.273627 4.354466 4.725111 5.574081 6.344087 6.831512 7.432831 7.780062 7.767547 7.484086 6.973486 6.502248 6.213085 6.147503 6.188156 6.538611 6.447685 5.821738 5.017768 4.291142 3.890346 3.828886 3.868299 3.903069 3.888465 3.549081 2.77894 3.025551 3.380197
6.221827 6.290855 6.394247 6.585053 6.793381 7.008791 7.221121 7.554404 7.838103 7.897473 7.987984 8.219287 8.064617 7.725029 6.986858 6.222966 6.065432 6.506397 6.524521 6.111451 5.956444 5.948132 6.044901 6.564896 7.2723 7.370352 6.982832 6.13591 5.23607 4.550973 3.861368 4.052052 4.52741 4.633273 4.746512 5.007302 5.437953 6.195129 6.936735 7.366588 7.923895 8.162911 7.918123 7.350792 6.698505 6.271689 6.101825 6.012342 5.950674 5.770715 5.389257 4.903076 4.350573 3.969313 3.73675 3.894109 3.918122 3.981629 3.814364 3.475588 3.105958 3.366147 3.703365
6.390238 6.742383 6.898212 7.00603 7.179758 7.523016 7.975143 8.246261 8.245328 8.163527 8.427967 8.537032 8.107453 7.370481 6.503252 6.07024 6.527781 6.897729 6.567914 6.070559 5.739146 6.076717 6.259171 6.672059 7.067983 6.973958 6.532846 5.789651 4.805995 4.197856 4.062057 4.395916 4.837999 4.9732 5.179512 5.579335 6.321852 7.308936 8.137517 8.585308 8.865229 8.709587 8.175916 7.29344 6.718919 6.42 6.175665 5.944797 5.72634 5.381969 4.823539 4.442807 4.036233 3.907368 3.915534 3.949444 3.974479 3.953014 3.825946 3.604301 3.349581 3.494135 3.822049
6.767558 7.100346 7.233924 7.342697 7.547366 8.018873 8.390275 8.45926 8.425475 8.564602 8.886729 8.636037 8.042218 7.117388 6.535712 6.684282 7.332967 7.426645 7.139258 6.904893 6.807699 6.643574 6.327046 6.372676 6.426125 6.18575 5.810776 5.110964 4.154729 4.076237 4.398218 4.739891 4.848424 4.875207 5.165524 6.100827 7.284362 8.534052 9.50196 9.870642 9.741916 9.431411 8.567847 7.652641 7.051162 6.701514 6.282089 5.908597 5.582837 5.200833 4.811225 4.364651 3.98707 3.998179 4.06518 4.041747 4.025519 3.970854 3.878298 3.705099 3.633084 3.650995 3.735919
6.724103 7.027183 7.116295 7.306263 7.675209 8.129234 8.295568 8.410113 8.721537 8.872243 9.10216 8.848278 8.307941 7.593233 7.362145 7.924786 8.429534 8.452669 8.389878 8.264666 8.005067 7.466465 6.696097 6.177998 5.744517 5.560736 5.364999 4.607697 4.087261 4.33993 4.70312 4.727695 4.520801 4.75197 5.559035 6.796056 8.187198 9.197505 10.14399 10.15042 10.05452 9.530239 8.572492 7.763071 7.087021 6.65049 6.214738 5.809145 5.391674 4.961317 4.618669 4.365572 4.180824 4.075175 4.017492 4.034142 3.991075 3.970579 3.939776 3.77737 3.694324 3.711148 3.727699
6.381577 6.550283 6.624365 6.827848 7.305751 7.660842 7.949067 8.382051 8.868567 9.208957 9.277547 9.077773 8.687219 8.122578 8.085736 8.526311 8.879769 8.964108 8.956841 8.720235 8.258092 7.498626 6.797575 6.197112 5.766684 5.353309 4.985683 4.288692 4.30559 4.916922 5.025697 4.643831 4.691205 5.726244 6.618264 7.575144 8.39702 9.120008 9.457813 9.743999 9.116947 8.352902 7.571225 7.064426 6.627617 6.232078 5.871576 5.379831 4.901623 4.515067 4.292467 4.226495 4.18523 4.020937 4.004701 3.932996 3.903756 3.913089 3.810867 3.713474 3.802947 3.625341 3.72797
5.367805 5.458471 5.674636 6.138914 6.733011 7.289414 7.78953 8.317035 8.727504 8.957643 8.781548 8.945039 8.610766 8.158561 8.209112 8.498228 8.6319 8.569281 8.277428 7.941373 7.455535 6.83678 6.257968 5.801121 5.683908 5.3092 4.667984 4.500231 4.868539 5.344954 5.212269 4.801788 5.398547 6.421622 6.622207 7.108552 7.622357 8.117053 8.103233 7.821104 7.403458 6.830893 6.181818 5.883225 5.560652 5.432656 5.135519 4.62975 4.373426 4.127959 4.069787 4.17527 4.203459 4.077385 4.072285 3.956377 3.983985 3.938436 3.815694 3.654759 3.290574 3.298053 3.292944
4.315108 4.605631 5.126475 5.879719 6.624354 7.274176 7.868958 8.374923 8.605211 8.597952 8.194148 7.752153 7.639999 7.486176 7.545624 7.724079 7.692707 7.21849 6.679917 6.296169 6.018006 5.610079 5.265101 5.510725 5.551909 5.403151 5.128379 5.089911 5.44023 5.655101 5.016668 4.711895 5.702878 6.044841 5.844009 6.282146 7.030312 7.447055 7.053125 6.379968 5.809363 5.476991 5.111431 4.96546 4.724846 4.496139 4.264575 4.001613 3.901752 3.822552 3.950989 4.15803 4.178684 4.161937 4.139538 4.114532 4.156584 4.134483 3.887849 3.308439 2.599554 2.506709 2.5062
4.378199 4.913641 5.551447 6.243686 6.879994 7.494706 8.102978 8.66568 8.774296 8.411321 7.490764 6.849641 6.468026 6.425613 6.756065 6.978672 6.956817 6.46803 5.943234 5.467636 5.121199 5.018948 4.976151 5.28016 5.711339 5.389419 5.166009 5.238832 5.330863 5.234683 4.528244 4.930924 5.640238 5.26503 5.331403 6.047048 6.825662 7.198493 6.95585 6.102342 5.405473 4.889499 4.740737 4.659219 4.334392 3.961888 3.681961 3.591044 3.603473 3.68493 3.800668 3.965777 4.060668 4.136147 4.137711 4.226474 4.149713 4.135624 3.296273 2.346689 2.067679 2.378494 2.316012
5.523157 5.737275 6.193508 6.739688 7.277469 7.900996 8.417055 8.805679 8.629683 7.895231 7.142231 6.575413 6.014782 5.764578 5.997376 6.274582 6.243077 6.063751 5.743179 5.460521 5.210064 4.987248 4.825355 5.129668 5.245973 5.030491 4.91882 5.014916 5.006703 4.768362 4.483173 4.94528 5.006336 4.678035 5.254082 6.248765 7.008101 7.315489 6.917061 6.047376 5.425731 4.849152 4.555818 4.336238 4.075122 3.896948 3.741276 3.697252 3.736798 3.829649 3.963228 3.899981 3.975416 4.027224 4.111319 3.98239 3.99265 3.23175 1.908954 1.679107 1.96666 2.111469 2.572719
6.055397 6.180639 6.577945 7.099722 7.647019 8.321681 8.706706 8.971821 8.215029 7.511574 7.199767 6.550494 6.288671 6.131521 5.691707 5.365969 5.116847 5.126435 5.046678 4.963123 4.793279 4.523753 4.612212 4.463475 4.49194 4.373838 4.842917 4.885772 4.953558 4.603528 4.686514 4.722555 4.481478 4.950233 6.02368 7.033931 7.399375 7.297449 6.611498 5.804587 5.180192 4.602584 4.248344 3.948859 3.776287 3.860024 3.963339 3.967483 3.964471 4.045743 4.022624 3.985071 3.866216 3.851641 3.719397 3.570031 3.206517 2.161155 1.431409 1.791907 2.620498 3.156712 3.650367
6.393857 6.726489 7.261877 7.695127 8.179902 8.598254 8.815909 8.425358 7.754092 7.313777 7.129032 6.925929 6.637654 6.581861 6.119453 5.562027 5.044679 4.490698 4.105224 3.944886 3.919646 4.021079 4.295771 4.485342 4.384461 4.301407 4.205816 4.5588 4.824323 4.766024 4.713463 4.532066 4.925085 6.049493 6.932686 7.347321 7.280294 6.729111 5.855742 5.112738 4.667851 4.199018 3.988566 3.785791 3.630275 3.739605 3.833671 4.043575 4.141116 4.123498 4.08607 4.007737 3.920175 3.68847 3.266245 2.712209 2.267343 1.673936 1.732381 2.705862 3.571721 3.844943 4.215674
7.04354 7.667464 8.0929 8.396125 8.697453 8.827703 8.402102 7.601799 6.896704 6.787906 6.822018 6.841493 6.730819 6.77613 6.710353 6.401147 5.863436 5.309957 4.825122 4.632292 4.54616 4.778006 5.000627 5.026114 4.694529 4.277981 4.147993 4.251421 4.521905 4.778501 4.673068 4.834502 5.86058 6.790823 7.078644 7.179718 6.81969 6.025025 5.202242 4.472811 3.962945 3.952491 3.997878 4.029994 3.943594 3.779216 3.760659 3.918162 4.062616 4.141925 4.149035 4.074072 3.895575 3.367854 2.718086 2.130903 1.726018 2.195788 2.697395 3.370303 3.866792 4.250222 4.511763
7.277957 7.961895 8.503226 8.746294 8.842522 8.353969 7.490702 6.500938 6.010115 6.113416 6.367003 6.311054 6.432703 6.820273 6.772285 6.83189 6.550397 6.369127 6.130794 6.311502 6.335617 6.389334 6.104589 5.378421 4.652496 4.356475 4.461546 4.884942 5.084239 5.275983 5.097689 5.341683 6.082675 6.533069 6.74081 6.736548 6.180159 5.419997 4.817469 4.257066 3.942238 3.786433 3.927394 4.051426 4.110375 4.05081 3.927745 3.927571 3.914667 3.972846 4.043656 3.807604 3.207111 2.295472 1.905561 2.027449 2.089125 2.565075 3.312784 3.889435 4.054867 4.416984 4.86854
7.61265 8.126625 8.621657 8.825154 8.651147 8.002121 7.127553 6.48215 6.093367 5.841959 5.838736 5.829976 6.093363 6.138271 5.952285 6.013069 6.139987 6.197761 6.625408 6.991464 6.936996 6.728715 6.127318 5.177879 4.788267 4.974749 5.714281 6.179236 6.328082 5.900193 5.289971 5.359084 5.742233 6.068789 6.391912 6.345439 5.743824 5.148816 4.631181 4.131213 3.937528 3.77044 3.65424 3.707739 3.779682 3.87775 3.871409 3.730777 3.707423 3.485562 3.354873 2.804044 1.844378 1.739686 1.868093 1.964714 2.1265 2.933419 4.221205 4.252088 4.241854 4.726953 4.862555
7.942175 8.43331 8.76496 8.80565 8.36978 7.760105 7.188612 6.809203 6.299183 5.847957 5.442378 5.591067 5.667431 5.384217 5.225904 5.472859 5.528258 6.014493 6.460902 6.651599 6.383729 6.042206 5.359895 4.81284 4.85226 5.334833 5.905299 6.321025 6.312361 5.852036 5.299026 4.999338 5.822187 6.194312 6.283284 5.969738 5.433784 4.938173 4.288377 3.725257 3.462073 3.545723 3.654843 3.560232 3.530936 3.570269 3.657253 3.609996 3.444556 3.372546 2.817291 1.767837 1.708293 1.746111 1.599442 1.908734 3.056472 4.272101 4.515361 4.309418 4.375807 4.674169 4.572142
7.553308 8.321725 8.677513 8.707287 8.234913 7.421201 7.030577 6.649894 6.195507 5.84977 5.670977 5.29116 5.2533 5.051208 5.080321 5.380782 5.348139 5.502475 5.759964 5.632042 5.291752 5.130227 4.686213 4.294726 4.667349 5.041966 5.258498 5.220729 5.203926 5.162999 4.60143 5.266621 6.035738 6.115054 5.933878 5.424096 4.815778 4.143788 3.512932 3.118999 3.118869 3.204165 3.250823 3.443309 3.5554 3.565429 3.579154 3.723709 3.816345 3.560671 2.880531 1.396875 1.255494 2.090088 3.074481 3.841382 4.549538 4.756792 4.468719 4.074304 4.187075 4.240746 4.071628
7.054208 8.004041 8.50639 8.455887 7.767953 6.623016 6.150263 5.848884 5.457818 5.362443 5.276172 5.082943 5.002526 5.069821 5.23802 5.307022 5.157927 5.062125 5.00201 4.877431 4.553548 4.564319 4.2073 3.976331 4.386616 4.591053 4.643768 4.353334 4.177802 4.111055 4.440226 4.933382 5.270457 5.249297 5.041335 4.612306 3.947522 3.244995 2.884466 2.726583 2.99129 3.063975 3.108889 3.155829 3.413577 3.58359 3.694034 3.808508 3.846551 3.718554 2.491767 1.280915 1.009361 3.082407 4.150485 4.745635 4.758365 4.51593 4.0896 3.83311 3.926832 3.968815 4.111238
7.564467 8.201222 8.245038 7.594611 6.741014 5.941329 5.832517 5.413935 5.06904 4.997168 4.931232 4.922211 5.004256 5.164961 5.26603 5.169827 4.995859 5.002354 4.657618 4.36032 4.274079 4.287264 3.902575 3.966018 4.348701 4.454901 4.408851 4.371438 4.349551 4.236058 4.065883 4.221267 4.066067 4.054068 4.169061 3.894558 3.332926 3.127156 3.13695 3.123872 3.247574 3.217656 3.154814 3.253564 3.330832 3.508575 3.795609 3.949035 3.831647 3.393903 1.737285 1.409838 1.507386 3.913877 4.582083 4.587375 4.534385 4.39283 4.199268 4.190556 4.314335 4.26745 4.240571
8.609361 8.57173 7.92082 7.088708 6.119133 5.960281 6.018615 5.67492 5.734565 5.796388 5.669688 5.642439 5.670168 5.352973 5.114675 5.060514 5.193966 5.017326 4.79073 4.390553 4.22196 4.169878 3.807454 3.953093 4.204035 4.366216 4.654484 4.983441 5.353092 5.232257 4.83324 4.405114 4.118838 3.530302 3.568264 3.657455 3.527127 3.505222 3.573546 3.589927 3.538706 3.567704 3.638732 3.674332 3.780886 3.952797 3.886097 3.935896 3.806155 2.86566 1.430162 1.717875 2.994073 4.411759 4.612288 4.492695 4.525045 4.638562 4.545508 4.536045 4.513386 4.325727 4.309884
8.568673 8.064506 7.489867 6.902873 6.015922 5.888222 5.78735 5.824501 6.047769 6.100131 6.214848 6.084794 5.79516 5.587353 5.270379 5.193902 5.216497 5.260633 4.747845 4.542578 4.26068 4.083872 3.848078 3.838551 4.187696 4.568392 5.147966 5.728014 5.877095 5.642908 5.206975 5.086157 5.049394 4.507598 4.110684 3.751902 3.865489 3.984345 3.931063 3.842287 3.856127 4.000606 4.0981 4.181858 4.407969 4.360124 4.17383 3.962945 3.403724 2.066035 2.396898 2.492522 3.877174 4.48806 4.568455 4.471508 4.545835 4.58743 4.610565 4.4966 4.456556 4.362609 4.424834
8.282681 7.407749 6.781224 6.238017 5.448271 5.529136 5.592115 5.69101 5.881353 5.896792 5.783726 5.583876 5.399892 5.229487 5.106116 5.166967 5.097179 4.8947 4.544838 4.288257 4.309497 4.073349 3.904129 3.979437 4.202821 4.744534 5.283526 5.676603 5.579694 5.431052 5.22256 5.401458 5.511366 5.127323 4.708992 4.440371 4.042534 3.805031 3.710458 3.665195 3.807371 3.823592 4.124651 4.419425 4.557111 4.454177 4.233387 3.872271 3.067583 2.420003 2.918041 3.316114 3.828687 4.198213 4.438668 4.518798 4.537774 4.505402 4.638462 4.716365 4.567744 4.488229 4.545574
7.940529 6.962456 6.264772 5.64477 5.280166 5.646345 6.009381 6.188186 6.213113 6.214576 5.859573 5.472911 5.058007 4.756327 4.599002 4.673892 4.55202 4.351588 4.180295 4.168295 4.067695 4.024303 3.779621 3.845024 4.03679 4.58592 4.986079 5.304693 5.012358 4.823227 4.81941 5.010073 5.033283 5.051615 4.741883 4.446321 4.078998 3.777652 3.65954 3.485322 3.457544 3.605759 3.907624 4.113698 4.195889 4.114487 3.891538 3.522759 2.807707 2.599687 3.135149 3.451065 3.700626 3.995812 4.375836 4.488273 4.546932 4.602613 4.740539 4.713382 4.666934 4.688021 4.769548
7.925539 6.966547 6.382639 5.676309 5.730916 6.098321 6.333191 6.308337 6.376702 6.294538 6.003917 5.55921 5.15556 4.792009 4.604718 4.285767 4.18558 4.145679 4.11148 4.075346 3.908369 3.85436 3.840516 3.914525 4.023969 4.643716 4.991655 5.132185 4.930915 4.608697 4.436369 4.402637 4.33112 4.431784 4.246099 4.013297 3.935946 3.65347 3.456388 3.442183 3.503579 3.666707 3.799592 3.856521 3.691508 3.416155 2.90363 2.599292 2.595937 2.68853 3.240692 3.551912 3.756903 3.95563 4.319447 4.425439 4.527322 4.643308 4.716663 4.733886 4.677357 4.73446 4.808589
7.959268 7.081805 6.399498 5.898023 5.994625 6.134829 5.854435 5.559773 5.71229 5.800215 5.653748 5.41494 5.236135 5.114369 4.862333 4.685231 4.292287 3.874172 4.042944 3.946398 3.791446 3.932242 3.991696 4.079606 4.474461 4.995044 5.168241 5.064126 4.642126 4.429108 4.335863 4.22497 3.980831 3.844523 3.645009 3.623242 3.59757 3.512245 3.589156 3.67172 3.648157 3.763019 3.792033 3.501417 3.148055 2.740288 2.399659 2.384205 2.638447 3.204254 3.522897 3.725393 3.786706 3.915471 4.169748 4.362091 4.460362 4.571851 4.645924 4.674187 4.707109 4.68106 4.717015
7.570131 6.767293 6.209231 5.695079 5.841747 5.573756 5.112157 5.110691 5.208645 5.058178 4.876558 4.829833 5.036377 5.014241 4.831655 4.521067 4.282556 3.994008 3.781047 3.644154 3.888281 4.090677 4.081334 4.220216 4.818923 5.190459 5.26998 4.897538 4.386412 4.023906 3.970485 3.903835 3.795044 3.511712 3.44709 3.336327 3.446151 3.554981 3.684094 3.871826 3.868318 3.908056 3.913548 3.454833 3.166496 2.968679 3.08929 3.327474 3.783176 3.799402 3.671611 3.660877 3.704631 3.837599 3.886496 3.96655 4.161375 4.346633 4.376059 4.448909 4.604865 4.653332 4.634771
6.697128 6.15568 5.779119 5.330386 5.220753 4.799241 4.787458 5.104417 5.018801 4.602826 4.255136 4.355271 4.574633 4.43493 4.340715 4.464462 4.200161 3.99177 3.792565 3.792932 3.884534 3.994703 4.048716 4.459445 4.949804 5.07822 5.12968 4.593294 4.136281 3.799795 3.65626 3.696163 3.658657 3.627 3.390194 3.41599 3.420463 3.570254 3.719376 3.819468 3.943107 4.041036 3.776453 3.535446 3.419446 3.353492 3.640306 3.841938 3.978192 3.799801 3.543343 3.464333 3.528059 3.708173 3.825088 3.770868 3.603445 3.691816 3.894985 4.136008 4.344879 4.495445 4.593939
6.039112 5.67086 5.481247 4.836986 4.568802 4.580402 5.011907 5.337066 5.099699 4.585059 4.356227 4.184352 4.106872 4.086764 3.942947 4.230145 4.214902 3.993882 3.962626 4.062593 4.039227 4.077338 4.294886 4.745646 4.868063 4.788216 4.617952 4.272828 3.892611 3.77939 3.727329 3.604473 3.715577 3.627323 3.488333 3.496444 3.446383 3.596744 3.698544 3.716732 3.715482 3.741866 3.571182 3.149057 3.054176 3.138007 3.342897 3.445279 3.41708 3.432767 3.609098 3.927312 4.11405 4.284843 3.970982 3.725092 3.534972 3.473595 3.52796 3.80715 4.105228 4.320634 4.528327
