py_wake/examples/data/AJ_ParqueFicticio/Rough survey   Sector 11   Height 200m   Orographic turn.grd
DSAA
73  159
 258469   265669
 6501692   6517492
-11.48195   15.21141
[rows 81 to 107 of 159, columns 0 to 60 of 73]
-.4221365 -.4510539 -.4813649 -.5776119 -.7852581 -1.05987 -1.287031 -1.450426 -1.589969 -1.712119 -1.843129 -1.888915 -1.896706 -1.992935 -2.051262 -2.009188 -1.977925 -2.049033 -2.17414 -2.36159 -2.628511 -2.953995 -3.309476 -3.639926 -4.015762 -4.635909 -5.466315 -6.480004 -7.323872 -7.643448 -7.328061 -6.728339 -6.167942 -5.75447 -5.36523 -4.999602 -4.592244 -4.095849 -3.876679 -3.870455 -3.954083 -3.893977 -3.817404 -3.562446 -3.221119 -2.735651 -2.131503 -1.569832 -1.085448 -.6868763 -.4786627 -.4125706 -.5232851 -.7203549 -.8230228 -.6777771 -.1700153 .5142596 1.380722 2.255596 3.056796
-.4693507 -.5174916 -.5754299 -.6693941 -.8466818 -1.087858 -1.362958 -1.524406 -1.680905 -1.861351 -1.995772 -2.004591 -2.12629 -2.248339 -2.333679 -2.377655 -2.34726 -2.400284 -2.499657 -2.608154 -2.892023 -3.149383 -3.527094 -3.868315 -4.421303 -5.181241 -6.198428 -7.197076 -7.870844 -7.917778 -7.31302 -6.623093 -6.048605 -5.651716 -5.244137 -4.706615 -4.257676 -3.860865 -3.807134 -4.040425 -4.27909 -4.325553 -4.186707 -3.880397 -3.491814 -2.948286 -2.250992 -1.672086 -1.119408 -.68596 -.4321896 -.4285327 -.5549107 -.7457984 -.878211 -.6588091 -.05083376 .6817797 1.603577 2.593572 3.490834
-.5011115 -.5484698 -.6347137 -.7619641 -.9295207 -1.14011 -1.377549 -1.585605 -1.792756 -1.994045 -2.086601 -2.223047 -2.355465 -2.48815 -2.640169 -2.741787 -2.807483 -2.856269 -2.913256 -3.053388 -3.243774 -3.438542 -3.728366 -4.148411 -4.792412 -5.756302 -6.836721 -7.786151 -8.291883 -8.09055 -7.356865 -6.582529 -5.990413 -5.434115 -4.949582 -4.276471 -3.778964 -3.568728 -3.796528 -4.161944 -4.490686 -4.614266 -4.5029 -4.204212 -3.836639 -3.296807 -2.651178 -2.053833 -1.530609 -.9655603 -.603992 -.5253966 -.6374772 -.8044159 -.8230903 -.5746107 .04810491 .8279731 1.777398 2.852852 3.902364
-.474546 -.5708005 -.6616758 -.8025578 -.9650823 -1.205117 -1.425057 -1.692662 -1.917033 -2.084859 -2.236228 -2.437052 -2.587991 -2.681268 -2.849441 -2.993265 -3.175103 -3.308756 -3.377148 -3.523212 -3.668417 -3.852878 -4.106647 -4.532755 -5.17961 -6.207396 -7.358263 -8.223204 -8.597874 -8.280034 -7.52583 -6.682826 -5.967997 -5.324173 -4.724996 -3.858309 -3.441326 -3.389979 -3.676734 -4.234976 -4.636424 -4.765899 -4.636706 -4.376498 -4.026967 -3.584406 -3.071688 -2.61873 -2.021655 -1.395003 -.917392 -.7077946 -.7203953 -.7474653 -.6991264 -.3550718 .2184702 1.051142 2.10262 3.196213 4.402711
-.5148625 -.6027833 -.6987842 -.8228057 -.9974211 -1.250257 -1.479516 -1.748616 -1.965631 -2.16283 -2.392889 -2.593271 -2.780646 -2.879708 -3.035749 -3.270514 -3.458584 -3.614575 -3.788373 -4.001667 -4.176339 -4.446099 -4.722014 -5.150228 -5.818483 -6.858594 -7.927475 -8.686489 -8.92975 -8.555026 -7.887795 -6.982443 -6.148359 -5.314804 -4.549516 -3.715515 -3.321541 -3.375338 -3.730162 -4.212323 -4.550997 -4.631755 -4.51833 -4.245067 -4.009964 -3.612428 -3.27056 -2.947941 -2.473957 -1.891054 -1.349503 -.9635978 -.757404 -.6689631 -.5330864 -.1105854 .5811013 1.476769 2.477968 3.659693 4.975535
-.5339551 -.6051601 -.6942965 -.8506189 -1.065666 -1.307855 -1.580117 -1.77761 -1.99372 -2.250653 -2.489078 -2.656354 -2.850952 -3.012064 -3.224184 -3.465278 -3.623222 -3.814682 -4.12659 -4.373392 -4.718505 -5.050506 -5.483646 -6.050819 -6.804972 -7.690514 -8.604875 -9.221252 -9.380022 -9.022726 -8.271719 -7.341007 -6.310332 -5.302035 -4.423779 -3.591031 -3.246058 -3.468083 -3.982985 -4.299897 -4.471299 -4.465979 -4.278306 -3.977001 -3.706216 -3.341813 -3.054176 -2.825659 -2.428704 -1.992632 -1.617447 -1.279038 -.9514946 -.7223022 -.4260865 .04533407 .8768947 1.857246 3.00733 4.260967 5.707339
-.4728819 -.5718645 -.6840713 -.9135351 -1.145079 -1.390712 -1.647331 -1.851075 -2.067725 -2.340063 -2.539956 -2.738404 -2.922912 -3.194056 -3.455909 -3.64333 -3.81562 -4.070266 -4.310219 -4.621093 -5.067753 -5.598314 -6.23565 -6.952915 -7.767809 -8.559311 -9.328159 -9.759425 -9.809791 -9.450401 -8.545429 -7.481845 -6.315369 -5.152571 -4.152551 -3.359584 -3.129975 -3.594955 -4.061301 -4.363232 -4.500823 -4.427566 -4.200282 -3.783796 -3.445753 -3.102722 -2.853359 -2.564496 -2.243272 -1.906115 -1.731559 -1.6489 -1.368112 -.8715158 -.4894617 .07745567 .9859794 2.190114 3.417217 4.872783 6.453667
-.407434 -.5285597 -.6860101 -.9381756 -1.210147 -1.473728 -1.710383 -1.922943 -2.179034 -2.3925 -2.590672 -2.800296 -3.015139 -3.298077 -3.580624 -3.8428 -4.04622 -4.318595 -4.536266 -4.877151 -5.306957 -5.888249 -6.649983 -7.585477 -8.451008 -9.165809 -9.754773 -10.07487 -9.984552 -9.432178 -8.538473 -7.278258 -6.158945 -4.940314 -3.90135 -3.208499 -3.039582 -3.450975 -3.966864 -4.320971 -4.472291 -4.366274 -4.136265 -3.779158 -3.402042 -3.089556 -2.906264 -2.563589 -2.177317 -1.924191 -1.972839 -2.182185 -2.014118 -1.496112 -.8805751 -.1497117 .878723 2.217806 3.666355 5.221753 7.022625
-.3202442 -.4621719 -.6731358 -.9291013 -1.236852 -1.481596 -1.794575 -2.057724 -2.308839 -2.528674 -2.723885 -2.866614 -3.076327 -3.389283 -3.677643 -3.971368 -4.277451 -4.531444 -4.797445 -5.072066 -5.430967 -5.98237 -6.801056 -7.746327 -8.678542 -9.398561 -9.953514 -10.14898 -9.826247 -9.082525 -8.012843 -6.856309 -5.706489 -4.578749 -3.601269 -3.070411 -3.038884 -3.392482 -3.826132 -4.19091 -4.32343 -4.222866 -3.932345 -3.561742 -3.273088 -3.004469 -2.811043 -2.504042 -2.095386 -1.897279 -2.176817 -2.558708 -2.760918 -2.371971 -1.576625 -.642951 .5249563 2.051662 3.640232 5.303652 7.198714
-.1718632 -.3783554 -.6427599 -.8812237 -1.163893 -1.50938 -1.832648 -2.109856 -2.397829 -2.64879 -2.839053 -2.952013 -3.184103 -3.420464 -3.714501 -4.007508 -4.399151 -4.762224 -5.124757 -5.30002 -5.585437 -6.057562 -6.817709 -7.780489 -8.622049 -9.373802 -9.855499 -10.01175 -9.548538 -8.60164 -7.374887 -6.179747 -5.01367 -3.995727 -3.141659 -2.94348 -3.031444 -3.254661 -3.667464 -3.977701 -4.101256 -3.959143 -3.511284 -3.109495 -2.707278 -2.531473 -2.179622 -1.806773 -1.418372 -1.374785 -1.737033 -2.246405 -2.447892 -2.487415 -1.998711 -1.005887 .2277347 1.657383 3.318244 5.162365 7.138887
-.09616882 -.299104 -.5311123 -.7752889 -1.059041 -1.440694 -1.772247 -2.117691 -2.436339 -2.685253 -2.906218 -3.050296 -3.231743 -3.442094 -3.67647 -3.957672 -4.355618 -4.850164 -5.376844 -5.718868 -5.887453 -6.244809 -6.939289 -7.819025 -8.625599 -9.168974 -9.61576 -9.711715 -9.134151 -8.002368 -6.641125 -5.365612 -4.244403 -3.182826 -2.626812 -2.748971 -2.915547 -3.130416 -3.491383 -3.798395 -3.777302 -3.446211 -2.958004 -2.467148 -2.070206 -1.706679 -1.340901 -.7768854 -.476265 -.4787104 -.7133226 -1.067156 -1.234587 -1.314876 -1.221466 -.5659771 .3670955 1.581453 3.123139 5.066705 7.071959
.08985928 -.1709654 -.4035338 -.6630719 -.9725571 -1.344807 -1.719376 -2.058647 -2.384474 -2.68065 -2.938473 -3.103312 -3.295517 -3.440429 -3.593674 -3.845304 -4.205756 -4.80562 -5.526023 -6.049263 -6.280218 -6.591568 -7.24831 -8.037106 -8.668417 -9.104074 -9.350856 -9.31714 -8.606366 -7.377743 -5.947358 -4.598665 -3.411357 -2.49764 -2.290872 -2.566211 -2.820284 -3.024399 -3.350888 -3.599801 -3.377411 -2.963217 -2.40265 -1.845372 -1.426994 -.9673687 -.5193353 .00227014 .3135476 .3642933 .2060184 .07205273 .1563028 .237667 .428386 .9007758 1.437188 2.294616 3.493214 5.301445 7.435426
.2070332 -.03296702 -.2991441 -.5644494 -.8771545 -1.27207 -1.636707 -1.988366 -2.318058 -2.622106 -2.895487 -3.115975 -3.325223 -3.493869 -3.611114 -3.754604 -4.056839 -4.722213 -5.538155 -6.233282 -6.677644 -7.028773 -7.628019 -8.319361 -8.820498 -9.019996 -9.097115 -8.842889 -7.985682 -6.736629 -5.328142 -3.962463 -2.725775 -1.896964 -2.042397 -2.494834 -2.71752 -2.887068 -3.218554 -3.345534 -3.063321 -2.493145 -1.802679 -1.282006 -.9031266 -.3802106 .1286048 .4583377 .6453759 .6599395 .6307 .736547 1.052781 1.452484 1.942127 2.370319 2.843132 3.418604 4.317116 5.873315 7.920791
.3323607 .07684548 -.2007066 -.5014065 -.833854 -1.19161 -1.54845 -1.917068 -2.234051 -2.51847 -2.799871 -3.075921 -3.367433 -3.619297 -3.764883 -3.84702 -4.100962 -4.69052 -5.562744 -6.329313 -6.900953 -7.387122 -8.014614 -8.661712 -8.962835 -8.9986 -8.833154 -8.358383 -7.437141 -6.144565 -4.793436 -3.519732 -2.354608 -1.727966 -1.970633 -2.439607 -2.629911 -2.722811 -2.998643 -3.160485 -2.848661 -2.200513 -1.498902 -.9757118 -.4512847 .1086988 .4700677 .6415293 .681698 .6613025 .6268381 .790066 1.295303 1.898442 2.500306 3.045116 3.544831 4.158294 5.001257 6.385303 8.331474
.412384 .1457748 -.1231348 -.4297162 -.7829879 -1.144736 -1.481565 -1.824576 -2.123999 -2.404734 -2.666648 -2.958724 -3.332367 -3.722236 -4.016141 -4.176672 -4.429566 -4.984474 -5.741993 -6.441708 -7.005348 -7.557337 -8.255674 -8.919431 -9.132425 -8.968801 -8.630934 -7.968464 -6.986751 -5.744712 -4.548287 -3.396358 -2.301115 -1.795431 -2.121352 -2.418391 -2.561555 -2.583997 -2.813244 -3.026041 -2.77275 -2.063914 -1.306756 -.6748976 -.1625664 .3090742 .5564116 .6754475 .6049646 .4845093 .4113775 .5478151 1.059499 1.643467 2.305219 2.863558 3.576389 4.403223 5.40644 6.778217 8.553117
.49557 .1920837 -.08008716 -.3828067 -.7001317 -1.068039 -1.435936 -1.747441 -1.984561 -2.223825 -2.468659 -2.757301 -3.194228 -3.719783 -4.217365 -4.598684 -4.959372 -5.464223 -6.169278 -6.72787 -7.145602 -7.576022 -8.267346 -9.014336 -9.150968 -8.911393 -8.396433 -7.696276 -6.814923 -5.80037 -4.728273 -3.649396 -2.596204 -1.988663 -2.130441 -2.405067 -2.458171 -2.469739 -2.595221 -2.833412 -2.49883 -1.875746 -1.153043 -.5574225 -.1198413 .2326457 .4195778 .4750701 .357467 .2202154 .064921 .1094392 .4057432 .8734876 1.425345 1.997524 2.938196 4.064011 5.32381 6.849747 8.559901
.5853553 .2353425 -.09064377 -.3597423 -.6139846 -.9665875 -1.331398 -1.654449 -1.877947 -2.088429 -2.320992 -2.592649 -2.988557 -3.593696 -4.295137 -4.899779 -5.399824 -6.010039 -6.697688 -7.168511 -7.396126 -7.657066 -8.211359 -8.830305 -8.965851 -8.573359 -7.909369 -7.33764 -6.811394 -6.103015 -5.134033 -4.014192 -2.915334 -2.190788 -2.19111 -2.484483 -2.327544 -2.304638 -2.410648 -2.548891 -2.336346 -1.75944 -1.111654 -.6314417 -.2939639 -.0653061 .04788884 .1035076 .02687981 -.1818922 -.3968249 -.4114121 -.2847326 -.283218 -.03348158 .6414405 1.779046 3.096006 4.604634 6.455787 8.424801
.7160822 .2866422 -.07526944 -.3535122 -.5733848 -.8509004 -1.191849 -1.495207 -1.742669 -1.961862 -2.16765 -2.42343 -2.793136 -3.385426 -4.120411 -4.852581 -5.488633 -6.283318 -7.084744 -7.510165 -7.569798 -7.6494 -8.06493 -8.448086 -8.344306 -7.763724 -7.148677 -6.836848 -6.537522 -5.922499 -5.010314 -3.915855 -2.913519 -2.385236 -2.419834 -2.786088 -2.648315 -2.306983 -2.214444 -2.304008 -2.200688 -1.747893 -1.196648 -.8025237 -.5762877 -.3524993 -.2768804 -.2391326 -.3556937 -.7020104 -.8870236 -.990551 -.9891772 -.9700451 -.7065182 -.1163929 .9137477 2.302881 4.00499 6.004473 8.195363
.8761511 .4074721 .008039375 -.3079247 -.5290205 -.7129242 -1.004007 -1.268752 -1.548542 -1.812459 -2.044774 -2.303256 -2.695196 -3.243383 -3.874996 -4.511045 -5.19443 -6.146179 -7.024764 -7.494836 -7.476463 -7.415073 -7.518102 -7.63197 -7.372528 -6.807716 -6.473656 -6.272609 -6.003041 -5.477116 -4.584779 -3.525295 -2.627985 -2.395048 -2.636393 -2.96012 -2.819187 -2.432178 -2.267489 -2.286579 -2.127336 -1.825411 -1.46422 -1.073582 -.8071841 -.4607433 -.2750987 -.3008872 -.6755834 -1.08075 -1.377884 -1.415542 -1.290552 -.9603517 -.5261596 .2473197 1.303371 2.690638 4.273893 6.247647 8.558154
1.015843 .5909865 .1901623 -.1583632 -.3921375 -.5409108 -.7363649 -.9778171 -1.268858 -1.599635 -1.930002 -2.2585 -2.690176 -3.237273 -3.765319 -4.148384 -4.764769 -5.633747 -6.525319 -7.010357 -6.989685 -6.860403 -6.687134 -6.524872 -6.243126 -6.070791 -6.046775 -5.98322 -5.616693 -5.005825 -4.073272 -3.030301 -2.243602 -2.113975 -2.516242 -2.813586 -2.777318 -2.54985 -2.408069 -2.380821 -2.217407 -2.102764 -1.814505 -1.434567 -1.120105 -.4959699 -.0134634 -.01568783 -.4548009 -.9948856 -1.306971 -1.439514 -1.317153 -.8862557 -.1840054 .8115394 2.06011 3.624451 5.348898 7.237998 9.578353
1.158035 .8156238 .4613917 .05800111 -.1904058 -.3405542 -.4452687 -.6780893 -.9231902 -1.292981 -1.757948 -2.175997 -2.685386 -3.225503 -3.661634 -3.959687 -4.359234 -4.963496 -5.721757 -6.171255 -6.160433 -5.901863 -5.542209 -5.31929 -5.288317 -5.390632 -5.525538 -5.537717 -5.212154 -4.500072 -3.508952 -2.537463 -1.850994 -1.842981 -2.110139 -2.297374 -2.294021 -2.13572 -2.154251 -2.203609 -2.21069 -2.240592 -2.071441 -1.808041 -1.066509 -.1581802 .5840377 .6223273 .2400945 -.4152362 -.8923611 -1.215773 -1.207883 -.752961 .1012484 1.218074 2.590449 4.145651 5.856178 7.962535 10.60928
1.263292 1.025353 .7120326 .2822839 -.01954529 -.1271612 -.196495 -.4183868 -.6703827 -1.065111 -1.582505 -2.150035 -2.684179 -3.237194 -3.604372 -3.77422 -3.968844 -4.334986 -4.795702 -5.070512 -4.988503 -4.555843 -4.131577 -4.048839 -4.350014 -4.758719 -5.10302 -5.132555 -4.769726 -3.978589 -3.032471 -2.147393 -1.531799 -1.474996 -1.612725 -1.602516 -1.592698 -1.479112 -1.537855 -1.780326 -2.126883 -2.350016 -2.109741 -1.591764 -.6735164 .4789444 1.269954 1.218441 .80538 .1558066 -.4517304 -.9446122 -1.041945 -.6389803 .2675316 1.419762 2.821832 4.280585 6.082757 8.370812 11.32748
1.232254 1.117115 .8366712 .4186798 .1107562 .0008191927 -.1024045 -.391861 -.6988603 -1.093495 -1.647299 -2.223588 -2.793263 -3.310419 -3.47683 -3.470218 -3.502803 -3.622636 -3.777627 -3.786229 -3.446468 -2.873543 -2.497657 -2.629026 -3.237478 -3.922926 -4.382312 -4.48045 -4.149719 -3.555519 -2.727753 -1.865734 -1.233583 -.9630028 -.9269199 -.8553818 -.7572274 -.7054406 -.7983696 -1.236751 -1.827739 -2.238891 -2.063951 -1.41355 -.2627976 .9057653 1.663073 1.615411 1.133695 .5942674 -.0244931 -.6080461 -.807021 -.4079398 .5496954 1.676975 3.072472 4.61767 6.460268 8.856934 11.74829
.9554518 .9364018 .7489288 .4074552 .09394301 .01343463 -.2030417 -.6181849 -1.048326 -1.481784 -2.057419 -2.678774 -3.206475 -3.576057 -3.514148 -3.220018 -2.950939 -2.803957 -2.743641 -2.411594 -1.853828 -1.231708 -.8693843 -1.151614 -1.943338 -2.759272 -3.324172 -3.459071 -3.293307 -2.914331 -2.231787 -1.393956 -.6164571 -.2123982 -.08017406 .00899139 .2138699 .09824812 -.3346328 -1.005036 -1.70837 -2.183674 -2.060454 -1.310738 -.1808975 .8040149 1.499079 1.723715 1.425209 .9271722 .4041053 -.100756 -.1552178 .3123554 1.318232 2.412886 3.75826 5.36522 7.302344 9.516517 12.01865
.5147032 .4538542 .3444765 .09303572 -.09341833 -.1816746 -.44342 -.9578347 -1.506882 -2.058884 -2.750099 -3.416157 -3.942897 -4.096974 -3.849615 -3.189198 -2.561158 -2.11088 -1.807975 -1.341471 -.5991375 .1128662 .4691966 .2082245 -.5797482 -1.405293 -1.940897 -2.186294 -2.135997 -1.921323 -1.308588 -.4485976 .3238426 .831186 .9904968 1.225515 1.263298 .8687689 .05847094 -.9026138 -1.820908 -2.292723 -2.100044 -1.281136 -.2499165 .576974 1.212856 1.693935 1.64701 1.198781 .7893881 .5762397 .8359776 1.611126 2.714991 3.861193 5.153002 6.740901 8.538955 10.38901 12.53869
.2560987 .06738774 -.1459771 -.3061993 -.4061176 -.5030158 -.8171301 -1.388951 -1.976655 -2.650437 -3.475675 -4.289636 -4.807569 -4.767455 -4.299418 -3.484802 -2.546463 -1.788399 -1.320467 -.7646031 -.05902888 .7572644 1.278554 1.183343 .6341861 -.04901168 -.5358114 -.8144222 -.8578533 -.652411 -.005680208 .8602771 1.576064 1.987232 2.186138 2.365145 2.303361 1.49584 .2906068 -.9543912 -1.936587 -2.296661 -2.073503 -1.241952 -.2254385 .6572903 1.326633 1.853356 1.858228 1.373659 .985518 1.080192 1.720939 2.94373 4.223314 5.456859 6.783204 8.213718 9.642463 11.26122 13.10967
.499603 .1178458 -.2397291 -.5270615 -.696771 -.8245963 -1.174302 -1.714224 -2.35441 -3.176642 -4.185092 -5.130664 -5.648268 -5.557552 -4.999429 -4.023952 -3.009296 -2.113235 -1.414573 -.7679811 .01138541 .9297454 1.695489 1.849304 1.439463 1.012286 .6773064 .4028403 .3733954 .7166513 1.455682 2.335293 2.957556 3.337134 3.500032 3.556324 3.162222 2.096745 .6281561 -.8320981 -1.887055 -2.258171 -2.003599 -1.11522 -.03081251 .9582829 1.873564 2.44417 2.379132 1.694589 1.051065 1.098029 2.032201 3.543252 5.18464 6.570971 7.926988 9.270905 10.53586 11.82078 13.45434
