py_wake/examples/data/AJ_ParqueFicticio/Rough survey   Sector 12   Height 30m   Power density.grd
DSAA
73  159
 258469   265669
 6501692   6517492
 .01056863   660.7155
[rows 84 to 111 of 159, columns 0 to 62 of 73]
63.07714 59.15566 57.34452 56.08126 55.12135 53.63219 53.32644 52.30275 51.05869 50.856 49.64517 46.91091 42.85341 41.84493 41.01342 39.45347 34.89159 32.98013 35.20053 37.83918 43.07848 46.55915 49.95741 53.82247 60.4791 60.95921 51.51666 43.70852 43.52158 50.34706 55.06287 60.41297 63.32751 55.26897 51.35622 53.40707 53.96242 57.1868 57.12548 49.68087 48.93053 42.71886 36.14421 30.28642 33.18311 33.60538 30.16622 29.64604 31.16768 53.95851 84.03864 81.46429 76.6039 73.22836 68.35264 62.94897 57.70668 55.61979 60.0948 57.69133 56.62581 58.10616 63.08234
61.25325 58.32372 56.62545 55.63178 54.01481 54.52201 53.24532 52.55796 51.9417 50.93122 48.38926 45.53856 42.38843 39.66146 40.31516 39.5621 36.30504 33.90801 31.86984 31.11383 34.71199 36.43477 41.48078 47.21256 59.22065 65.41354 58.92068 48.84396 42.33319 43.58044 40.56504 45.82755 51.99052 51.04226 48.37366 46.72893 50.10328 58.91146 59.89835 61.05898 57.86448 49.46462 44.14355 38.22655 32.67595 36.67213 30.85309 23.98088 22.11836 24.62511 40.91868 69.35299 75.05961 76.26588 79.335 77.50943 76.43378 77.49362 72.81788 66.13022 57.96357 55.27679 58.31691
54.88391 55.33794 55.67134 54.7173 54.67358 53.98754 52.74411 52.58846 53.24308 50.88559 48.22135 47.44273 45.618 41.88413 40.06816 38.76558 39.22999 37.89588 32.61763 29.79943 27.87097 28.18949 28.58788 31.03694 38.88835 51.70803 54.44178 47.68255 36.8653 32.63546 29.38804 32.15224 39.81231 45.30101 46.12201 43.68925 46.42403 50.46933 54.81627 59.82907 60.98166 58.40634 50.75572 48.90573 45.87935 48.38168 48.75745 36.9519 32.55622 28.61876 31.21236 41.97144 71.91422 72.02744 80.34052 87.26653 95.63972 95.67437 91.13145 80.60468 66.89658 60.0185 59.22888
52.28204 53.03398 54.22633 54.22413 53.13255 52.29648 52.19424 53.06634 53.33223 51.41505 50.65175 48.62637 46.53313 41.5929 37.81242 37.5727 39.29507 37.67867 35.74181 32.00506 27.72016 25.18437 22.39625 19.65868 22.04719 34.50519 45.7695 44.45625 35.35329 24.59291 24.93806 24.52813 32.55015 41.53707 51.43978 53.52475 48.53351 46.55838 53.11242 57.58421 58.06279 57.63107 56.96471 54.52234 54.58708 53.54206 55.106 57.01593 46.88619 37.48201 30.44074 31.50063 52.56529 78.37994 78.08219 85.61223 98.44498 99.99573 97.69772 92.11429 76.40797 72.63904 68.50739
53.13259 52.36559 53.35123 52.7212 51.60365 50.31229 49.59031 50.15975 50.34859 51.53442 51.0769 47.98003 46.56161 44.44013 38.71781 35.74918 36.47745 35.93587 35.40232 32.9527 30.09772 26.96928 24.05248 18.97415 15.45496 22.85466 40.84698 46.56911 39.0451 29.91387 22.66189 27.78565 29.25196 36.46543 44.10681 53.11355 59.28256 61.2989 58.56588 58.5466 58.12598 56.73741 52.82387 51.10138 47.16481 47.112 42.08806 46.50243 45.58608 37.29751 27.0806 20.26919 25.58495 47.5724 80.29884 86.38013 86.60673 91.70596 93.1293 91.01576 76.22692 72.21696 84.65646
54.12566 53.24794 52.60235 52.41397 51.59563 51.08578 48.45457 45.13071 45.16979 47.69806 48.63057 49.43589 47.64639 45.17181 41.92557 35.45028 32.35293 32.64055 32.3483 32.60664 32.88015 32.34642 30.59579 27.62175 20.84857 19.32497 34.4609 51.44371 50.09397 36.26528 29.98168 29.27704 29.77243 31.79728 38.53829 45.35922 57.81518 62.95438 67.31693 64.27548 60.69871 58.444 51.83961 48.35223 40.9796 38.65584 30.3807 30.90733 32.42857 26.36327 19.81537 12.63464 7.330515 14.99366 39.926 64.69592 65.10314 70.58205 73.58076 76.42544 70.51547 68.10868 84.04028
59.32387 56.67255 53.79882 51.69785 52.56314 51.54066 48.40785 47.10103 43.26772 42.97506 44.2879 47.23423 46.61516 45.80828 44.59027 38.52342 32.02967 29.12075 28.40791 29.85252 34.15388 37.70579 40.00782 42.18557 37.37011 27.02641 34.71464 51.05203 54.3836 43.7659 35.89773 31.59385 32.86555 35.31931 36.62993 40.10734 44.97523 64.72116 75.48888 74.72107 68.32141 58.93446 57.76296 50.65401 52.22331 43.881 50.50875 39.88998 39.68367 37.98412 34.01199 20.45202 13.38474 6.440267 9.618963 24.36464 39.22292 32.50105 39.71623 47.08069 54.09747 58.60561 78.94259
61.74379 58.18031 56.48099 55.00154 53.41859 52.00311 51.45148 48.65581 45.07829 42.68496 42.20005 43.85191 45.98004 47.19547 47.39032 43.13351 36.39729 30.4051 26.43072 24.24641 31.20336 42.34672 48.85677 53.21321 49.264 40.46269 42.18768 51.38639 55.47345 48.37918 44.88015 41.0469 40.65937 46.41488 55.40511 47.10969 40.78913 54.3954 75.96028 86.21418 76.47391 66.85903 59.35427 64.89001 69.66151 70.39996 69.51958 79.1116 71.3663 67.05796 68.49474 59.40777 47.57937 24.18372 10.05975 9.977436 20.78548 25.1966 22.05962 29.58003 34.21997 45.09324 72.6611
64.758 61.50501 58.23956 55.75758 54.16688 54.5574 53.19965 51.68913 49.56314 45.08273 42.13469 42.53685 44.66645 48.14371 49.53662 48.50096 42.86547 38.15897 31.79425 22.02207 22.47264 40.53868 56.70275 60.4576 54.97197 47.05781 48.19765 53.98289 59.92817 54.77805 52.46979 53.49958 54.48743 52.84379 56.54792 53.13065 46.3884 49.51543 69.30621 82.45073 88.20672 74.66586 70.60445 77.90456 85.64224 87.96072 82.49641 80.65691 84.93708 91.611 100.3419 97.25797 102.5127 86.7686 50.5281 33.35009 28.22185 34.03647 42.61976 31.45945 18.62631 29.55702 63.43641
66.97935 63.28909 59.7853 57.5277 56.28203 55.72533 56.08644 54.02654 52.05138 49.80866 44.99743 41.83985 43.17914 44.98225 49.4305 53.78429 54.09154 51.7383 47.50529 31.69735 17.31885 28.8011 54.04012 64.97747 58.6637 48.78189 51.24635 63.73434 67.92128 59.04426 52.65651 50.36093 60.74602 65.50117 58.61326 54.18901 50.01731 46.75487 58.18159 82.42242 95.67941 92.12173 101.7844 105.2626 102.5783 94.87084 90.93482 87.37531 85.1573 88.07816 96.92848 109.8004 118.7944 130.7333 122.6342 98.54222 86.07521 78.10361 64.2696 43.59517 12.06354 18.64133 44.6443
68.26135 66.22935 62.49458 58.9104 55.92978 56.75223 57.43455 56.40173 53.64344 52.00698 49.85569 43.81757 40.99337 42.14474 44.82271 51.25065 61.8173 69.81284 71.64191 54.15399 25.29731 20.22713 40.6795 63.36607 63.86508 52.40814 55.43025 68.21027 75.03151 68.57491 55.42565 49.46178 53.62754 61.03659 62.65675 63.41452 54.18704 57.2311 64.56209 77.48336 98.30236 108.1384 114.3836 107.5289 105.3577 106.9265 92.13264 87.93139 86.66436 87.9821 86.67236 88.51997 106.6111 117.5698 127.1839 125.1818 104.1233 100.6292 81.69505 59.87297 18.71478 12.07449 23.33555
66.35768 67.48223 63.64772 60.7795 57.4565 54.82493 58.07305 60.20414 58.21334 56.31494 54.03465 50.2252 44.49012 39.65062 39.70195 42.47147 54.23957 76.18948 89.05028 77.93326 43.47282 24.25801 32.54418 53.25498 63.40667 55.24734 57.45921 70.35425 80.48957 77.2227 60.20119 49.91391 49.4334 54.79552 55.22149 68.94802 55.36699 55.04288 66.29495 77.89177 85.30581 91.98534 100.9198 107.9256 110.042 114.8307 100.2297 101.4331 94.09435 87.9256 81.27378 76.35979 81.98109 96.08069 114.5393 113.9015 112.1047 111.8801 109.1484 92.21628 45.25027 8.978674 12.46925
64.89666 64.8717 66.55116 64.73524 63.03924 58.19812 56.13381 60.03141 61.54916 60.01722 57.94358 56.7657 52.4407 45.2492 38.0425 35.33684 40.18857 62.7603 87.20825 93.81155 65.46754 36.24125 36.69837 45.80283 56.81007 53.01378 44.97614 51.59329 54.67055 50.96074 46.80465 36.5785 39.48043 50.36536 66.32767 79.13902 72.18255 66.62816 78.21847 82.18318 89.78851 84.8067 90.49791 95.13252 100.2317 109.2704 113.8123 107.1453 94.75203 89.92835 78.40061 65.65678 52.22345 56.16106 82.37579 86.52197 97.01273 95.88103 115.6135 119.8206 84.67181 21.5033 9.687603
63.7261 64.15927 64.61539 65.89859 68.36879 66.95923 58.4815 57.19631 64.51179 64.52166 62.32443 62.69071 62.53748 58.72387 49.07455 35.6036 30.0787 42.211 73.20837 84.84098 71.37997 43.90282 41.55237 49.93836 53.70083 41.13983 39.07815 40.663 34.1474 30.72993 30.15252 30.77613 34.25419 38.15541 61.82074 78.97466 101.3308 84.26653 80.47987 81.08327 83.94092 82.62089 82.11112 81.22456 80.87123 79.45539 80.56553 86.41413 83.50359 77.70203 63.84117 55.17063 39.25108 19.39178 18.88257 25.269 32.25572 42.53316 59.40625 79.44462 86.2674 51.0733 14.36999
66.56115 65.35411 63.96963 62.43872 64.32373 71.0352 67.42952 58.49649 62.30009 66.44688 66.25881 67.08569 72.48769 78.87616 73.41615 53.82951 33.8844 35.29072 58.25798 74.01316 67.14167 47.08933 42.28494 45.82006 54.13742 50.51895 44.81504 41.05287 41.51629 38.14314 37.86579 40.19127 38.07385 34.49933 49.04027 54.77093 70.40735 89.01778 89.27153 81.11449 79.16291 77.51456 73.30212 71.84815 69.21879 61.22765 53.81316 49.60189 52.35268 42.38993 44.78633 40.6064 32.01989 30.45723 18.17978 12.00397 12.40652 14.37478 19.97044 37.45924 46.29041 41.46424 19.04823
73.31815 67.4752 66.30222 63.58463 60.70599 70.85136 79.30633 66.90605 63.46859 69.18325 69.40857 72.32495 78.14884 95.86525 107.1473 91.26911 58.11355 43.90046 56.19818 69.88647 69.67904 55.88161 51.47322 50.26016 56.15174 57.56279 48.34657 57.77328 68.89091 59.465 53.3084 54.98765 50.52939 36.34283 36.18998 37.12274 44.00185 54.63356 64.59811 76.79136 77.54209 70.16282 57.69683 54.77726 52.13331 59.4058 53.73975 45.63003 36.74788 30.16188 26.42122 30.25462 39.27405 47.68214 41.34172 39.79099 36.63949 26.83606 23.61656 22.85001 28.58454 31.33427 22.46171
85.40689 80.32935 76.02242 72.5474 62.78457 68.32727 86.66511 85.89326 72.31847 78.4257 77.59064 79.86844 83.32703 91.70522 115.7898 126.2973 102.0735 73.83997 66.19914 78.35361 76.14938 62.5011 54.63637 59.29044 65.49416 58.59343 52.31042 57.08171 72.26286 74.4177 65.45698 62.29022 50.51272 44.16959 39.62481 32.40649 32.08227 30.94225 33.09835 47.45846 64.18793 58.03096 46.9689 40.6936 34.72795 45.67707 54.74054 55.07652 43.79731 40.09108 38.05014 35.88009 37.87302 48.33615 54.656 58.05345 59.02603 54.98454 43.87452 39.39137 35.76283 27.88865 30.80229
91.58056 99.80561 95.0928 87.84553 77.08266 66.6743 88.54201 112.2779 93.45982 94.12595 94.85846 86.67581 94.06564 97.01243 114.0926 136.1755 135.3997 119.2739 96.49016 92.37347 84.59122 72.7817 60.14153 65.16882 66.37711 74.28362 69.62691 68.43236 76.52763 79.39722 72.56521 66.92751 53.85225 46.6821 47.24374 40.87661 38.05915 37.78564 30.47042 34.62057 42.89091 44.75404 40.17017 32.33965 33.92777 36.69593 60.80098 80.2004 92.19015 78.61697 62.06509 50.3797 45.61472 49.56898 65.84087 67.71117 65.23219 62.30232 52.1494 39.16949 20.21675 33.33112 .2185398
99.48443 109.2406 113.0874 106.9907 97.82173 78.39162 89.09618 126.639 129.8839 120.332 131.3056 111.1412 109.479 115.0936 119.2944 137.153 145.6692 149.4758 132.1927 121.7069 103.1827 79.19415 74.41756 75.47217 87.1732 89.85847 82.45747 77.23021 74.63322 76.41983 73.46585 70.33759 58.80876 53.05141 48.97853 47.33772 45.16536 44.86284 42.63532 37.29397 37.81729 39.9571 47.12339 51.06347 48.31985 53.59927 69.98846 105.168 126.3003 124.3201 93.77109 66.6215 54.05665 58.19754 62.11089 66.51305 59.80616 54.19619 43.79166 32.99107 18.82586 15.37119 .2791357
104.4422 119.9361 130.6986 135.0046 124.6776 93.78029 92.4238 114.5483 147.8372 153.2173 159.0739 157.0244 130.2457 134.9625 139.8112 155.1926 155.8165 161.4618 169.3895 159.4314 136.812 125.2144 119.4224 121.5139 114.5545 107.9387 92.72142 68.6506 61.03892 57.42541 56.87555 57.80478 56.78124 51.36349 44.99871 41.94431 41.28138 46.52796 49.37376 54.85408 53.1362 49.52654 53.67829 61.59486 63.42822 58.13356 66.73695 101.0258 137.9319 157.5215 132.5305 91.7382 60.97972 50.09162 50.46185 50.87954 48.01797 43.06504 36.76329 26.2216 11.44221 18.75367 28.7793
76.35686 111.315 145.3217 164.5881 157.3729 123.1035 105.6882 99.49797 122.8884 140.8204 152.6264 167.4872 151.8279 142.5843 153.2087 187.8329 211.1937 201.6389 209.5214 221.9285 223.7753 228.9873 216.9705 197.1922 161.689 146.0129 117.7564 88.5918 65.62563 54.08598 49.77005 49.53243 54.55198 55.92629 55.56165 51.47355 54.93974 50.87511 49.66499 57.81968 61.41607 58.84412 52.81359 48.51063 57.64742 42.47021 41.86253 71.91236 137.546 178.6401 182.1231 136.1841 85.01077 57.23484 49.94349 43.83487 43.85761 43.02051 42.68994 33.41513 11.22317 13.16284 10.86542
44.58153 66.73188 109.453 156.5108 167.6899 140.7293 111.3505 101.1925 109.1584 120.1249 128.336 145.7159 147.1282 140.0655 147.5609 190.5638 240.5988 277.1921 280.0667 295.8207 328.458 325.0912 316.6831 304.2852 259.3105 188.5009 156.5036 126.2057 95.5499 81.8561 66.4581 67.26923 62.39848 66.92474 76.46638 75.0414 71.17854 67.80737 59.60976 55.71266 58.72806 52.79654 44.25585 41.78358 47.84146 46.8096 31.72125 39.3303 102.5602 189.2012 228.9294 224.9766 150.3676 113.9453 91.77509 76.23166 65.64818 59.70415 55.06178 47.723 22.34003 16.33336 9.235825
40.99925 40.6218 55.15429 97.36357 146.8551 153.0015 114.6748 93.11974 100.3201 113.6053 124.2798 125.8225 129.3551 129.8382 141.5633 153.7454 214.6322 296.6288 289.3191 307.4265 325.4857 315.867 302.369 347.4014 366.5995 292.5284 232.7199 191.0009 149.7528 116.8604 100.6776 86.3941 74.87392 67.75801 69.16965 76.93826 84.34704 75.81304 61.09979 49.98019 51.56475 54.54181 46.78155 43.86337 55.02994 63.93678 46.28112 26.92704 56.28694 143.343 225.0125 289.5988 324.6892 227.827 175.8243 141.8106 101.4076 74.45419 63.32077 52.5967 32.80827 22.13021 14.59937
66.76905 47.48289 46.84333 60.49003 103.6456 152.1731 152.8678 113.8262 101.4893 117.4614 134.9768 131.5082 116.6481 107.8631 109.2912 119.9373 129.5426 213.0087 296.5014 299.2422 312.296 283.4581 271.4061 327.0061 410.5623 421.9996 368.7186 295.3105 233.4907 182.8299 144.3905 113.1158 89.82621 78.8914 79.44479 81.84093 86.12388 94.8697 76.95385 59.91524 54.73864 60.42786 56.38459 56.27101 64.10522 81.37067 82.17688 44.43831 41.50959 93.5817 160.8298 241.4827 292.6045 278.857 230.0444 210.2236 155.4192 106.1858 81.26997 65.5843 37.13127 25.53433 24.93675
113.0689 78.12695 71.3488 70.67255 82.55066 125.2472 167.6372 156.7127 125.7523 119.0991 132.2461 132.0008 113.9886 101.1727 84.81841 88.44463 71.90849 108.4839 175.8205 235.1134 274.01 267.1804 247.7625 305.757 384.6367 415.1306 444.9975 436.0115 347.2628 282.9903 235.0209 174.9895 143.7599 124.2236 115.3588 100.1272 108.0077 117.4031 100.9819 87.0957 73.91444 73.67706 67.88395 67.80209 66.25027 88.20804 99.71482 83.76723 62.5046 99.91347 143.4575 173.2258 194.2183 194.2081 179.7503 186.1768 171.0856 133.4392 103.0479 84.58836 48.87538 24.32065 31.68534
184.8508 149.4568 118.2976 117.6729 107.06 115.3676 147.0575 164.2328 139.0927 117.186 120.1581 125.3712 112.3521 75.73792 65.26941 57.06618 55.2651 47.66468 81.64933 141.1382 198.0957 217.1033 206.119 228.525 350.1973 398.2472 450.2077 448.3488 477.9855 419.3614 329.817 250.5162 185.1127 153.1501 127.008 112.3318 122.1602 140.2478 134.2368 129.6183 101.674 92.92345 86.69376 85.71219 65.69879 74.37553 83.52232 78.18604 91.50079 137.8487 170.391 175.7943 180.1682 155.638 126.7089 128.797 136.6442 121.8052 99.98285 84.70988 60.3961 .01427688 24.36447
243.6028 233.4566 177.2471 157.2796 137.854 120.831 125.7771 143.2128 137.7136 115.216 109.4283 105.3664 101.0831 79.47495 53.96607 41.52639 37.66153 26.61569 33.53941 69.98216 123.1147 167.891 161.1465 165.2266 229.8957 288.9621 337.5063 440.1299 505.5005 511.1752 399.1948 269.7736 197.3551 146.7902 122.4784 109.5316 113.6879 150.0963 166.5312 170.8502 139.391 114.5272 101.8799 96.92985 64.90772 51.8096 52.58969 47.51793 65.48729 143.7644 209.2448 202.3835 203.3636 171.1973 134.0002 115.1714 108.9419 101.0151 80.47817 58.84752 42.53178 25.77155 28.76502
250.3799 256.7452 211.0629 179.9817 156.2312 123.7664 117.419 123.3882 125.8587 118.8782 114.5972 113.8834 110.5591 90.96164 79.4238 59.14022 43.79543 36.5192 19.39659 23.92605 56.41611 115.6279 141.1374 151.3441 193.3431 207.9411 271.0091 338.1803 417.4706 481.4286 513.2987 440.0902 284.1534 205.2738 159.9028 118.0678 101.6639 135.3848 168.384 190.7437 174.7959 135.7423 107.1181 94.47864 66.03204 45.75307 36.27698 28.86671 32.71103 99.82497 179.2629 196.1835 193.3673 172.1484 147.7431 132.0145 119.3974 104.5633 83.04488 50.57657 23.24333 23.54984 17.84488
