py_wake/examples/data/AJ_ParqueFicticio/Rough survey   Sector 11   Height 30m   Orographic speed.grd
DSAA
73  159
 258469   265669
 6501692   6517492
 .21804   2.036368
[rows 112 to 139 of 159, columns 0 to 62 of 73]
1.285145 1.348306 1.295299 1.254933 1.273594 1.282049 1.282825 1.32282 1.37226 1.399606 1.461797 1.552478 1.509842 1.364289 1.244464 1.057369 .9985358 1.03329 .9497821 .7272511 .7143633 .8315594 .8433222 .9159917 1.212467 1.401882 1.417003 1.426102 1.444385 1.469952 1.567406 1.648519 1.615657 1.425184 1.238448 1.057971 .8982073 .9671531 1.204323 1.383325 1.46669 1.437917 1.22898 .9321855 .7476288 .5923761 .4976427 .4171032 .375383 .6016112 .9511724 1.158668 1.146025 1.063002 .9839045 .9630824 .9542962 .9351147 .8885136 .7613094 .4971536 .4533052 .4030563
1.350177 1.400975 1.377743 1.331127 1.343196 1.383246 1.391713 1.405711 1.437234 1.455943 1.512743 1.570341 1.521943 1.362123 1.239474 1.10203 1.116194 1.148795 1.091757 .8101802 .6122071 .6092017 .6328262 .7674813 1.115186 1.396596 1.414956 1.291425 1.29002 1.355896 1.41556 1.575605 1.686681 1.662526 1.543049 1.345234 1.098937 1.015954 1.181389 1.342614 1.492537 1.514161 1.311328 .9989746 .8216323 .6588393 .5538998 .4764842 .4121867 .4856514 .7382712 .9662914 1.03542 1.016595 .9711995 .9408014 .9365534 .9319908 .9306415 .8685192 .664328 .4054898 .3882111
1.488924 1.487778 1.464679 1.423577 1.4105 1.452441 1.503748 1.499447 1.508466 1.511434 1.558479 1.615312 1.525861 1.350891 1.228644 1.154468 1.233547 1.292567 1.150433 .9409717 .7120467 .5039614 .4323582 .5538211 .9552739 1.305939 1.384641 1.255911 1.184498 1.22916 1.264419 1.357523 1.56602 1.64011 1.688358 1.637553 1.444594 1.242871 1.259789 1.345255 1.494282 1.582499 1.399153 1.129307 .9207855 .7729995 .6523977 .5564249 .5138253 .5193012 .6435774 .7947534 .8922094 .951122 .9383139 .920364 .9103522 .9112245 .9176212 .9073339 .8507783 .6547268 .4373548
1.584642 1.570323 1.544344 1.511972 1.487802 1.51836 1.563226 1.56142 1.576289 1.574964 1.599102 1.653291 1.556326 1.361391 1.253646 1.215301 1.293072 1.388222 1.270397 1.076139 .9076617 .6792202 .4102691 .3828943 .7055516 1.129381 1.28646 1.174078 1.132843 1.12427 1.121347 1.200161 1.318786 1.443631 1.558885 1.686424 1.651215 1.496323 1.387188 1.38231 1.520467 1.637343 1.536139 1.352424 1.123985 .9691299 .8073045 .673628 .6148603 .6189924 .6622251 .7392955 .8054868 .8666418 .8966447 .8973549 .8856785 .8842077 .8800395 .880369 .8488263 .7541331 .6697172
1.572923 1.578126 1.572373 1.567895 1.545319 1.578871 1.600392 1.604902 1.614465 1.628646 1.657678 1.625301 1.580523 1.437296 1.33194 1.287412 1.343348 1.432559 1.384266 1.26485 1.127825 .9689295 .6602885 .3967957 .4899964 .8825604 1.135974 1.086979 1.058029 1.063524 1.07503 1.07904 1.158318 1.268951 1.372885 1.525432 1.641859 1.592506 1.458285 1.381938 1.444097 1.61553 1.636577 1.533374 1.384854 1.220332 1.038091 .8730698 .7545451 .7105581 .7380462 .7787929 .7934555 .8100786 .8611286 .8673964 .8647956 .843837 .8357534 .8480961 .8466467 .7866871 .7369311
1.478528 1.503428 1.517654 1.538106 1.562393 1.599357 1.606694 1.60772 1.593257 1.619216 1.590638 1.60603 1.563895 1.483622 1.439362 1.382486 1.36927 1.422598 1.391481 1.331671 1.268382 1.196954 1.075248 .7392871 .4946001 .6210169 .9041325 1.011554 1.016865 1.007208 .99991 1.013924 1.114211 1.207161 1.264567 1.452135 1.621308 1.576587 1.458156 1.286697 1.332094 1.459559 1.55372 1.492702 1.436886 1.369442 1.222811 1.070299 .9276237 .8237833 .8067397 .8368964 .8341951 .8347512 .8316158 .8426552 .8426241 .810945 .772076 .7799223 .8068912 .8184569 .7607509
1.341029 1.383334 1.428404 1.470775 1.519847 1.557613 1.579531 1.605683 1.592314 1.575117 1.532211 1.480947 1.44724 1.415942 1.455839 1.488548 1.429902 1.362645 1.311449 1.262819 1.210803 1.17284 1.240538 1.176989 .8344107 .5845529 .6667303 .7915577 .985943 .9987575 .9716578 .9310331 1.048601 1.138072 1.167128 1.378215 1.619302 1.656517 1.426047 1.118089 1.103654 1.244531 1.402767 1.394661 1.267083 1.296423 1.255726 1.137265 1.033584 .9107332 .8703417 .890006 .8841091 .8908745 .8681387 .8661 .8440248 .8373637 .7564416 .678115 .7428443 .7884554 .7640501
1.225388 1.264853 1.335426 1.407307 1.472681 1.51597 1.543211 1.597221 1.600285 1.549929 1.431964 1.313491 1.291697 1.284665 1.411023 1.538651 1.532283 1.385513 1.245001 1.175825 1.078131 .9922581 1.08971 1.266819 1.183634 .8942084 .6381112 .6608205 .8051115 .9878906 .9319302 .9193827 1.000264 1.065879 1.107561 1.320117 1.612091 1.756629 1.529173 1.061782 .866973 .981482 1.217517 1.37272 1.187537 1.120832 1.146381 1.099991 1.034614 .9361742 .8782 .8875355 .917847 .9148921 .9124351 .9141091 .8871218 .8871951 .8323836 .7465177 .6926309 .745658 .7556233
1.179496 1.215094 1.274686 1.362728 1.430046 1.478241 1.504477 1.530203 1.565761 1.586345 1.494457 1.237965 1.129231 1.098867 1.238531 1.471102 1.586498 1.511285 1.320225 1.18275 1.020026 .8589894 .8294749 1.098404 1.22144 1.131293 .8562298 .6438262 .6936073 .8612254 .8951573 .8627451 1.009875 1.03267 1.116404 1.341551 1.595271 1.75867 1.658848 1.212561 .8482413 .753151 .9714599 1.276822 1.254665 1.128009 1.078703 1.043474 .998309 .9256248 .857547 .8435667 .8848261 .9089562 .912103 .9079444 .9009404 .8701058 .8476877 .8236662 .7865525 .7696635 .7743561
1.230587 1.198086 1.265988 1.359782 1.406351 1.446259 1.499335 1.455797 1.440311 1.569144 1.652456 1.405062 1.147416 1.05077 1.077954 1.248921 1.45465 1.521905 1.459422 1.348568 1.153067 .9043286 .7618961 .8570455 1.046309 1.084842 1.024244 .806744 .6320989 .696636 .7870333 .8748816 .9778919 1.002488 1.161914 1.371798 1.573191 1.682664 1.666521 1.361865 1.029876 .7741379 .8111662 1.074205 1.210179 1.18582 1.132138 1.0698 1.004887 .9395158 .857995 .808313 .8210496 .8656031 .8792546 .9128113 .9095861 .8748793 .8382972 .8556158 .8416514 .813524 .8135068
1.348221 1.287785 1.294033 1.37569 1.410528 1.414834 1.475103 1.372825 1.230096 1.390499 1.69346 1.666211 1.409535 1.189885 1.103365 1.12168 1.258189 1.324611 1.343738 1.354283 1.271339 1.037094 .8311948 .807637 .8702195 .9394172 .9389426 .9587501 .7570621 .6343684 .669785 .84345 .9454548 1.087598 1.200714 1.393711 1.580476 1.56587 1.511477 1.384541 1.222623 .9344317 .8167316 .9244804 1.0495 1.108561 1.125191 1.122036 1.073956 1.002124 .9326398 .832936 .8022711 .8055129 .8396358 .8646625 .8982253 .8694313 .8464909 .8963036 .912728 .8776565 .8525361
1.466808 1.421226 1.406897 1.418564 1.454696 1.434185 1.394639 1.327267 1.061026 1.165528 1.579783 1.675571 1.642767 1.509108 1.349309 1.225792 1.214534 1.220587 1.236031 1.266508 1.250078 1.099719 .9184718 .8073263 .8080487 .8385712 .8654531 .9037051 .8175024 .6467387 .6223228 .7659096 .9209585 1.070823 1.257223 1.475165 1.580342 1.538444 1.3687 1.243935 1.244687 1.133184 .9677972 .9128234 .9498126 .9740847 1.024677 1.054864 1.080672 1.071825 1.0184 .9299264 .8682696 .8309337 .8243586 .8313701 .8228807 .8385694 .8161986 .8514881 .9273942 .9246144 .8724368
1.567045 1.565325 1.529183 1.520414 1.52106 1.499636 1.397262 1.203447 .9240364 .9283285 1.35276 1.521878 1.635424 1.653027 1.599293 1.485092 1.444517 1.366842 1.307828 1.246946 1.241811 1.18249 1.042155 .8436388 .8030692 .8735322 .8622329 .8732394 .7342303 .5591367 .5245863 .7193657 .9003844 1.077149 1.291404 1.4987 1.576794 1.519478 1.35584 1.136149 1.097351 1.143394 1.11405 1.035244 .9675792 .9375051 .929352 .9360599 .9633438 1.044193 1.064678 1.006155 .9478931 .9021544 .8961701 .8920639 .8302056 .7819582 .7211392 .7518409 .90029 .9321536 .8967806
1.559143 1.631422 1.663588 1.613613 1.599029 1.517789 1.425301 1.194652 .8553596 .7624348 1.047253 1.264832 1.498604 1.5894 1.589236 1.540391 1.537797 1.593506 1.577107 1.466708 1.359216 1.322115 1.210853 1.037389 .9058593 .9273003 .9863067 .9702755 .8451444 .5591299 .4203348 .5691852 .8302249 1.082513 1.324775 1.495815 1.556315 1.492934 1.344939 1.165428 1.055907 1.038098 1.073351 1.09895 1.066503 1.000724 .9837543 .9049695 .8136541 .8935927 .9918552 1.008272 .9768001 .9421638 .9295779 .8993726 .8575467 .7953489 .6803771 .6203109 .7735276 .9167793 .8839068
1.543613 1.603165 1.698552 1.706038 1.651271 1.565658 1.502674 1.281254 .9274006 .6903307 .8040634 1.007865 1.279684 1.435132 1.485667 1.413068 1.373279 1.542107 1.58327 1.593395 1.513126 1.450832 1.37026 1.241942 1.104762 1.049842 1.079513 1.115987 1.020266 .6670983 .4212377 .4518248 .7357288 1.032223 1.294963 1.453207 1.51475 1.499137 1.344282 1.148754 1.090662 1.063259 1.022606 1.043548 1.038272 1.026951 1.01966 1.011598 .844254 .7368644 .8190383 .8975835 .9391881 .9498142 .9282509 .9050497 .867911 .8181084 .7074987 .5545251 .619215 .8283215 .8792622
1.554581 1.617443 1.688776 1.752328 1.666908 1.561723 1.566582 1.447443 1.12351 .7856264 .7110796 .7849009 1.06689 1.28227 1.401495 1.355884 1.156466 1.221758 1.463881 1.518599 1.499216 1.471527 1.39319 1.333414 1.230873 1.146667 1.099247 1.099061 1.101762 .84414 .476673 .4812814 .7460817 1.029778 1.22989 1.36378 1.437059 1.487104 1.388595 1.168955 1.05849 1.068835 1.05619 1.043782 1.018785 .9892414 .9847499 1.058477 1.041803 .7985327 .6812604 .7852672 .905987 .9781032 .9763439 .9383975 .9019853 .8618292 .8076109 .5260407 .5191914 .7403824 .8297287
1.49454 1.577043 1.709843 1.713449 1.663283 1.529015 1.572739 1.51847 1.276566 1.052711 .8084496 .6855568 .8466925 1.10012 1.342497 1.412929 1.144546 1.016985 1.211741 1.340304 1.382737 1.426974 1.333747 1.317866 1.314083 1.23083 1.132133 1.071432 1.05761 .9038888 .5471754 .4414498 .7526866 .9870981 1.182864 1.274584 1.33677 1.42015 1.403714 1.227872 1.070672 1.02891 1.033793 1.038998 1.048379 .9915565 .9486998 .978236 1.069459 1.008603 .7865259 .7625173 .9027411 1.102445 1.130102 1.068229 1.019378 .9964716 .884102 .5550802 .484229 .6522971 .7276796
1.405527 1.482848 1.572688 1.616196 1.620467 1.54793 1.599858 1.531911 1.317021 1.166408 .9864403 .7412152 .6981193 .8840564 1.217233 1.446656 1.297096 1.018355 1.021882 1.120473 1.208466 1.312983 1.253878 1.26365 1.37034 1.366002 1.279165 1.105269 1.009226 .8665868 .5333852 .4573574 .678187 .9078426 1.102378 1.19597 1.235875 1.339737 1.389365 1.269737 1.10601 1.024709 1.020417 1.002746 1.007306 .9992444 .9568062 .9091319 .9581745 .9912054 .8807839 .8045152 .8733643 1.095547 1.18156 1.12622 1.115615 1.168076 1.038154 .7025287 .4951814 .5069951 .6015481
1.370471 1.395346 1.426098 1.455091 1.441782 1.536664 1.671706 1.5602 1.379277 1.219533 1.062388 .8327688 .6656886 .7089341 1.015615 1.362913 1.441233 1.179266 .9586822 .9614347 1.051141 1.181527 1.144915 1.130853 1.374757 1.4595 1.499552 1.303101 1.1018 .8882254 .6490431 .5174069 .6435049 .7616178 .9513069 1.081067 1.142369 1.25086 1.344972 1.343281 1.177765 1.052544 1.044955 .9940703 .9568632 .9318618 .9241872 .9011428 .8593202 .8823454 .8554356 .8087677 .8282017 1.012643 1.146012 1.152342 1.175873 1.234952 1.206768 .9493563 .6279392 .5164961 .535399
1.36395 1.271713 1.303896 1.325525 1.254844 1.377933 1.691473 1.714959 1.575106 1.397997 1.199397 .9899926 .747999 .5978166 .7992939 1.175575 1.455531 1.385378 1.091142 .9222497 .9212887 1.041686 1.043715 1.010321 1.244563 1.4611 1.572674 1.540354 1.317953 1.074349 .8784451 .6731567 .6876172 .6993035 .7868092 .8878999 1.001824 1.155213 1.279256 1.338842 1.268147 1.172979 1.137397 1.119413 1.054925 .9178557 .8675514 .8482991 .8102045 .7790878 .7856818 .7675623 .8025861 .9496317 1.092947 1.146055 1.180051 1.223555 1.27092 1.202399 .8934289 .6442516 .5737683
1.342721 1.152002 1.167351 1.233142 1.163181 1.274836 1.613433 1.680182 1.695224 1.560777 1.333423 1.144558 .9467873 .6689538 .6590378 .9818538 1.355518 1.433971 1.297125 1.029402 .8957497 .9494327 .9587783 .9560184 1.130374 1.370282 1.535615 1.611885 1.425373 1.22052 1.072905 1.019052 .9170931 .835467 .6940324 .723583 .8480646 .9796236 1.155094 1.304775 1.301133 1.256764 1.207985 1.214928 1.163677 1.0811 .9763706 .8519759 .7211524 .6978644 .7081125 .6532121 .7751464 .9465372 1.042052 1.11873 1.149283 1.228451 1.285689 1.282036 1.108923 .8436666 .7478037
1.296087 1.023009 .994415 1.105606 1.084555 1.215947 1.449347 1.621314 1.677873 1.619771 1.3801 1.173099 1.021598 .8308991 .6650701 .81323 1.169891 1.344096 1.350692 1.211259 .9704459 .9256976 .9220277 .9227587 1.06819 1.271061 1.455874 1.479737 1.385621 1.202563 1.090052 1.11651 1.180639 1.115654 .8841816 .6937767 .7311212 .8521985 .9965589 1.179016 1.241438 1.22375 1.182015 1.187044 1.220863 1.166692 1.086633 .9992347 .7489017 .6407052 .6587749 .5736729 .5672652 .8324583 1.00536 1.04689 1.10132 1.222469 1.294569 1.334623 1.202225 1.027382 .9058545
1.355468 .9641163 .8413689 .9692969 1.013656 1.163151 1.338419 1.532895 1.654527 1.702481 1.584023 1.319713 1.065475 .8811699 .7192318 .7438007 .9853734 1.175051 1.262892 1.258707 1.094512 .9574879 .9138437 .9016451 1.049094 1.208255 1.360825 1.402525 1.318772 1.145365 1.007957 1.031202 1.154036 1.206122 1.107079 .8846941 .7725793 .7982425 .8917149 1.060269 1.18403 1.175572 1.142499 1.14656 1.167274 1.127414 1.082424 1.059168 .8929989 .6346775 .6438999 .6010797 .4952953 .5870146 .874751 .9622366 1.012822 1.119251 1.21224 1.341477 1.319118 1.172201 1.068346
1.427099 1.034893 .7573193 .8191286 1.011607 1.161421 1.23369 1.352164 1.559397 1.684206 1.686705 1.569821 1.323497 1.053188 .8134036 .7296541 .8647721 .9958126 1.124535 1.180374 1.129473 1.035447 .9487281 .9313175 1.088446 1.260144 1.328797 1.310442 1.224121 1.135202 1.038917 .9747021 1.02665 1.132015 1.147186 1.026076 .8795229 .8306722 .8768963 1.005492 1.123393 1.152218 1.132667 1.085665 1.097059 1.085388 1.059622 1.021531 .9280068 .6958337 .6223946 .5991555 .5434715 .4282835 .6958543 .8316097 .9104078 .9922081 1.130067 1.244959 1.321785 1.271027 1.188841
1.499716 1.180528 .826329 .7455049 .9917766 1.175831 1.196539 1.253951 1.393863 1.492056 1.550513 1.60717 1.541677 1.324015 1.13189 .9049683 .8251171 .9215657 1.021273 1.065119 1.07247 1.048121 .9586281 .9570866 1.139746 1.336083 1.385947 1.240759 1.076524 1.066387 1.082244 1.062048 .996439 1.028804 1.090497 1.057033 .9618011 .8890159 .8778504 .9441828 1.079555 1.147146 1.163237 1.062601 1.052063 1.041155 1.042734 1.014329 .9192523 .7714097 .6513787 .5784034 .5582336 .4925991 .5320657 .6831947 .7865853 .8774302 .9991814 1.160681 1.292678 1.292393 1.243562
1.494095 1.300904 .9281762 .759634 .982043 1.178302 1.251264 1.276938 1.320145 1.302613 1.320556 1.426728 1.497409 1.376409 1.310729 1.215488 .9962202 .9214336 .9390008 .9975449 .9646886 .9751524 .9243214 .9507327 1.155667 1.385084 1.487003 1.282876 1.016146 .9440815 1.013947 1.090904 1.074628 1.021533 1.020278 1.038282 .9865285 .9124274 .8731968 .8994501 1.049295 1.141133 1.178835 1.13271 1.093 1.046035 1.005384 1.065139 1.005309 .9012278 .762709 .6555433 .5664517 .5492694 .4943348 .5123255 .6132447 .7184458 .8366312 1.006488 1.203023 1.299761 1.289098
1.416865 1.298889 1.047744 .8083382 .9544632 1.179114 1.294563 1.313012 1.339829 1.277702 1.175621 1.20152 1.349844 1.297803 1.254648 1.308901 1.21791 1.069801 .981469 .9370368 .882642 .9344817 .8723582 .9028088 1.154516 1.419426 1.485084 1.344028 1.067505 .9075482 .9369482 1.022373 1.109054 1.068506 1.045832 1.005303 .9736044 .9198948 .8603078 .848224 1.002742 1.118027 1.156786 1.130058 1.112447 1.087704 1.010182 1.007864 1.023136 .9286133 .8762822 .8170862 .6219847 .5488992 .5440777 .5350935 .5038658 .5339669 .6157744 .7951623 1.022625 1.204412 1.274339
1.351361 1.221211 1.088527 .8807319 .9612324 1.153653 1.294454 1.288476 1.329763 1.395244 1.237072 1.097231 1.172504 1.169767 1.134031 1.248781 1.243574 1.193491 1.215393 1.057271 .8450909 .8387811 .8067358 .8367741 1.121564 1.379195 1.533399 1.38973 1.117583 .9409829 .893973 .9493096 1.038296 1.089893 1.074348 1.039241 1.013823 .9647284 .9124441 .8484801 .9465764 1.054137 1.070054 1.073469 1.081781 1.074003 .9859792 .985612 .9921502 .91568 .9063302 .9225569 .8713979 .6888402 .5518152 .5668657 .5863174 .5400031 .4506777 .5407695 .7945947 1.036193 1.196938
