py_wake/examples/data/AJ_ParqueFicticio/Rough survey   Sector 9   Height 30m   Orographic turn.grd
DSAA
73  159
 258469   265669
 6501692   6517492
-148.9397   100.5022
[rows 112 to 139 of 159, columns 0 to 60 of 73]
-5.329143 -2.733706 -3.497485 -3.777005 -2.517147 -1.45469 -.5135842 .1595036 .1514106 -.077043 .9511431 2.042026 1.639886 -.939607 -2.694912 -4.739914 -3.619576 -2.381159 -3.887692 -7.642612 -8.131684 -8.626817 -12.91689 -14.30122 -6.357083 -2.276301 -2.282397 -2.520691 -2.688133 -3.179537 -2.360515 -.7746394 -.007751437 -4.080122 -7.221838 -10.99878 -14.77764 -10.18907 -3.455283 -.8348188 -.7026557 -1.618822 -4.833009 -10.41868 -14.36053 -18.05901 -20.04884 -22.569 -22.69703 -16.34837 -7.992902 -2.635519 -2.480917 -4.994933 -9.371506 -10.61323 -11.16299 -12.05658 -13.1468 -18.88022 -41.71189
-7.182056 -3.723474 -3.838978 -4.670357 -3.935617 -2.644059 -2.121387 -1.867124 -1.461646 -.9778194 .2104695 .7402307 .272105 -1.923108 -3.114112 -5.233166 -2.710516 -1.707994 -2.348028 -6.757397 -10.8846 -12.00834 -15.31028 -16.97997 -8.049206 -2.462912 -1.066219 -2.595123 -4.027241 -5.574357 -7.52756 -5.900301 -6.250174 -9.848242 -8.845697 -10.22411 -12.82899 -10.87145 -5.645117 -3.162571 -1.704033 -1.733958 -4.684403 -10.09163 -13.5266 -16.98284 -18.63659 -20.03296 -20.67403 -15.89737 -8.185991 -2.538509 -1.096751 -3.208119 -7.173666 -10.05714 -11.20514 -12.02721 -13.17718 -17.55388 -30.96259
-8.337071 -5.920309 -5.631906 -5.870825 -5.33074 -3.97178 -3.083888 -3.078484 -2.307695 -1.437298 -.6265638 .08073897 -.1942078 -1.920277 -3.003577 -3.855554 -2.242666 -.7290973 -1.813194 -4.663299 -7.974962 -13.77648 -17.49306 -18.68842 -9.767251 -2.671703 -.4895454 -3.652985 -7.353952 -8.7257 -11.52372 -13.42466 -7.237701 -9.350168 -9.898954 -9.347344 -10.36251 -11.10864 -8.661102 -7.058951 -5.018414 -3.411482 -5.460649 -9.73561 -13.71598 -16.35349 -18.07331 -19.66182 -19.09773 -16.31249 -9.648788 -4.707692 -2.53003 -3.984038 -6.946196 -9.317912 -11.48187 -12.32463 -14.19185 -18.32262 -25.43471
-7.668489 -6.915291 -6.832127 -6.576806 -6.072364 -4.637482 -3.4374 -3.087354 -2.318267 -2.00167 -1.787465 -.3576234 -.5000471 -2.631833 -4.272789 -5.320423 -3.980224 -1.939623 -3.138762 -6.402612 -8.998805 -12.30667 -17.4118 -18.16743 -11.82546 -2.67868 .943611 -2.717844 -6.651803 -7.337157 -11.04583 -12.03999 -10.02257 -9.464325 -7.825468 -6.080285 -8.005733 -10.24431 -11.1142 -11.56612 -8.958097 -6.565072 -8.211683 -11.65915 -15.56312 -16.96052 -18.37323 -19.90994 -19.86621 -17.66169 -13.81082 -9.144905 -6.971566 -6.439435 -7.977947 -9.724196 -11.35671 -13.26747 -15.14221 -18.83303 -21.95019
-4.414502 -4.712952 -4.587513 -4.312982 -4.416418 -3.094622 -2.246119 -2.249979 -2.537156 -2.256122 -1.96469 -2.240763 -2.86251 -5.873971 -7.942003 -9.128986 -7.907015 -5.979939 -7.74646 -10.70089 -12.61264 -13.81616 -16.32911 -18.15278 -13.82887 -5.310126 -.3708438 -2.718712 -5.456821 -7.030522 -10.21218 -11.85369 -10.56271 -7.83603 -7.879033 -6.765039 -6.112994 -8.387969 -10.99973 -12.47568 -11.9904 -10.16739 -10.70732 -13.39528 -15.99154 -17.32263 -19.21322 -20.63117 -21.2723 -20.24076 -16.2432 -12.18366 -10.90034 -10.06629 -7.995292 -9.543528 -10.58008 -13.53502 -16.34538 -19.36389 -20.28011
-.8092429 -1.194178 -1.06681 -.7956796 -.5826286 -.1128534 -.4049911 -1.292578 -2.516179 -2.695399 -3.756861 -4.310468 -5.971135 -9.330547 -10.07137 -9.326181 -9.407229 -8.326693 -10.22107 -12.16235 -13.99539 -15.27914 -15.11492 -16.5064 -16.54427 -10.88461 -4.785311 -5.149781 -8.393588 -8.732328 -11.9022 -16.07186 -15.29888 -10.87822 -11.64643 -7.96245 -3.916622 -4.894665 -7.138687 -11.94072 -11.61197 -9.750784 -8.649786 -10.87544 -14.23367 -15.17273 -17.25271 -19.58993 -20.88792 -21.12378 -17.92662 -13.30899 -11.5695 -10.64908 -10.03343 -9.792974 -9.705533 -12.29673 -15.7015 -20.92108 -21.75036
5.467958 5.390149 5.150369 4.248775 3.25056 2.139899 .9188116 .04377934 -1.002479 -1.750443 -2.79043 -5.601902 -8.286476 -10.78125 -9.659994 -7.34344 -7.045153 -7.304143 -8.8176 -10.25204 -12.43465 -15.552 -13.56114 -10.88541 -12.37378 -14.32927 -11.02188 -11.92459 -10.22786 -9.973619 -13.50673 -20.42346 -14.54576 -11.40881 -11.46522 -4.812725 .5260084 .8180536 -2.055975 -7.280932 -8.734437 -6.874376 -3.233865 -2.459244 -7.287227 -8.717976 -10.80995 -14.66249 -16.33635 -18.89109 -17.85053 -13.51027 -12.2502 -10.99632 -11.06942 -10.42185 -10.91227 -10.91788 -14.87782 -18.75383 -18.27938
11.81022 10.64975 8.918763 6.439363 4.442852 2.730139 1.133986 .4325496 -.1731003 -.8111991 -1.839166 -3.671985 -5.674717 -7.788398 -5.662582 -2.91015 -1.730291 -2.076198 -2.881761 -3.136552 -5.470957 -9.538395 -10.3357 -6.802232 -7.246376 -11.912 -19.01746 -18.04397 -14.59837 -11.85448 -16.40546 -19.57718 -11.40619 -8.658357 -6.755905 -.2949653 3.900369 5.147057 3.22499 -3.028998 -6.352788 -5.054657 -.3068608 4.000462 -.4428395 -1.98327 -2.225127 -5.576347 -8.75815 -13.12135 -15.34198 -13.94174 -12.16447 -11.67297 -11.64742 -10.95845 -12.14137 -11.69895 -15.09815 -18.43667 -16.87774
10.70704 8.267919 6.165828 4.811521 3.427657 2.010762 .4898857 -.9717102 -1.244415 -.2176107 1.106065 -1.330929 -2.784667 -4.239871 -3.347501 -.06327216 2.240554 2.748518 1.309973 .9616529 -1.473107 -6.8262 -9.946674 -5.408827 -5.393188 -8.224517 -15.65352 -19.04951 -16.90546 -12.83462 -15.28706 -16.71257 -8.276234 -6.006754 -2.141896 2.632367 4.955563 6.150382 5.330961 -.02856135 -5.823301 -7.465856 -2.462989 4.0853 4.207086 2.339576 2.274307 .7591445 -2.181535 -6.990667 -11.25408 -11.75858 -12.41889 -11.62085 -12.07411 -11.86459 -11.9674 -12.60711 -15.21749 -13.77521 -8.101232
4.713903 3.379365 3.19136 3.020046 1.980749 .579568 .007394286 -1.996942 -2.640269 -.07611508 3.871618 1.907185 -.6188495 -1.296142 -1.021185 .5732049 3.559706 4.543116 3.685547 3.018268 .1384707 -5.306331 -9.275553 -6.427241 -4.101576 -6.01363 -8.318413 -12.1816 -15.78738 -15.14316 -15.86712 -11.63764 -6.156565 -3.450177 1.130722 3.066972 4.242652 4.672501 5.016073 1.264193 -3.887846 -9.01654 -5.829875 1.860061 4.903528 3.651078 2.429734 .1504265 -2.517224 -5.464665 -8.930003 -11.58242 -10.69745 -11.38063 -11.70681 -10.3997 -9.58694 -8.712995 -8.191706 2.172911 6.473594
3.855713 2.951787 2.261416 2.178728 1.044648 -.7752517 -.9827236 -3.480195 -5.628406 -2.923425 2.903996 4.612358 1.390982 -.6447816 .7772042 3.055564 6.895906 7.313787 6.796095 6.121621 5.290232 .591068 -4.632259 -3.463509 -1.777843 -1.208261 -6.376232 -6.993271 -11.24979 -16.84417 -16.59303 -10.65927 -6.023916 -1.944196 -.680038 .8541803 2.990545 2.887901 3.217401 1.36074 -.6554461 -5.92155 -5.51005 .8884948 3.901194 2.481408 .07953574 -1.218064 -3.215281 -4.921145 -6.809735 -10.60507 -10.6399 -9.067971 -8.166924 -6.942963 -3.324678 -1.930828 -4.7636 1.825368 -2.581011
4.061741 2.912573 1.68787 .9433206 .2838213 -1.123823 -2.266403 -2.634504 -7.748337 -6.885788 .4905023 1.660508 1.857377 .4268942 1.392292 2.68399 5.954114 9.340218 11.93595 13.12701 12.14636 7.208857 .8364739 -3.377889 -3.58921 -2.295805 -1.471354 -2.699482 -7.717357 -17.02268 -19.87621 -15.61191 -9.236708 -5.661576 -2.55592 1.19417 3.309897 4.285078 3.82718 2.218827 1.977604 .3434143 -1.852502 .2502277 2.828649 1.964842 .3192746 -2.46979 -4.402368 -4.861533 -5.667974 -8.652606 -10.05764 -9.007829 -5.681301 1.03634 5.676979 7.103474 -9.752101 -13.48369 -10.37985
2.833018 1.517631 .6287279 .251617 -.1902628 -.7555284 -1.214157 -2.476974 -7.528333 -8.779948 -1.057492 -.2003307 1.304518 .9762818 .345411 -.7151487 1.694996 4.322045 6.590062 7.013136 7.021121 3.973239 -.7323676 -6.017128 -7.029943 -2.216228 -1.00259 .189952 -5.197515 -14.87375 -22.87373 -20.04002 -12.23843 -7.122969 -2.013203 2.03378 4.684452 6.484138 6.422745 3.957503 3.947289 3.260866 1.33673 .5335416 .1122474 .1151351 .5002826 -1.399162 -4.460116 -6.321091 -6.255245 -8.038459 -9.449016 -9.86044 -4.26125 7.636393 9.460737 -3.641733 -14.33515 -16.39988 -11.8273
2.72904 2.027511 1.374275 .514551 .4248644 .5565273 1.624581 .8153692 -5.276043 -8.488256 -4.084067 -1.283405 1.427739 .5107901 -.5779209 -3.408519 -4.05442 -2.390941 -1.534374 -2.594543 -4.562848 -5.021196 -6.227942 -9.093008 -9.28125 -4.25445 -1.573821 -1.42713 -4.754354 -15.14121 -25.87667 -21.66236 -12.30189 -5.323068 .05972182 3.533763 6.684861 8.510096 7.827562 4.82397 2.50116 2.741213 1.662173 1.317167 .3695861 -.9054059 .2534406 -1.04126 -4.335301 -5.36406 -6.286709 -6.55462 -6.301063 .3979143 13.96488 12.02627 7.220587 -2.545582 -10.60043 -17.17667 -15.06571
2.093194 1.675374 1.913934 1.735844 1.514383 1.773693 3.565114 2.01933 -3.99875 -8.712472 -6.257252 -3.357358 .6481909 2.806431 3.581132 .9590642 -2.741286 -2.786138 -3.588659 -4.353444 -6.548468 -6.522029 -7.857763 -10.41414 -12.39725 -10.9495 -8.951784 -7.092421 -8.156331 -17.21624 -28.08707 -24.62892 -11.42018 -3.367411 1.241598 4.188483 7.365875 9.454762 8.305515 4.546071 2.888152 3.609283 3.781413 4.31303 2.971552 1.339546 1.65545 3.423555 -1.30713 -2.241854 -1.200965 2.639958 20.25782 27.20978 21.68246 18.36523 13.17915 2.550019 -7.765236 -17.74168 -19.35531
1.577899 1.258984 1.608699 2.432106 2.221293 1.84899 3.47845 2.722479 -1.79425 -7.186393 -6.915996 -6.261534 -.9139311 4.285859 7.102113 5.017824 -.9862441 -3.374168 -1.533725 -2.454612 -3.583689 -3.38251 -5.35878 -7.927075 -9.067542 -8.017677 -7.33638 -6.776375 -7.138753 -14.1832 -26.97898 -25.20204 -10.92707 -3.655447 .4819126 3.929911 6.844125 9.602392 10.58011 7.978209 6.216304 5.942124 4.87831 5.907126 5.413783 3.993304 2.47598 5.278393 6.127924 -.4688701 -2.893748 7.907804 18.29988 30.43774 32.32549 21.24167 4.450386 -2.309486 -4.916262 -18.25747 -20.39458
2.703203 1.578979 2.340828 2.111701 2.455778 1.730583 3.798274 4.177778 .8454837 -2.2073 -5.899372 -7.453051 -3.939792 2.051862 7.054406 7.281196 1.180547 -2.619865 -.2122238 1.376159 1.814337 2.571907 -1.068021 -2.249631 -.9375484 -.2731675 -.18972 -.4472832 -1.356333 -6.399449 -22.63971 -23.04575 -10.2761 -4.261497 .6892227 4.502239 8.107276 13.01314 16.58964 15.32212 11.12523 9.541553 9.028142 7.224597 6.545883 4.515073 2.86839 1.954348 3.047272 .6413615 -11.64342 -23.94791 -6.946759 15.17332 4.787996 -1.896483 -3.766589 -2.539425 -2.920351 -14.85046 -17.59018
2.579475 1.245912 1.127858 1.426238 2.611321 4.679958 8.23068 8.439196 5.671287 3.070878 -.2243918 -5.756161 -6.40839 -3.0086 3.762281 8.257716 6.041734 .5390796 1.136551 2.380775 3.744398 4.905563 2.077434 1.102276 4.860826 6.243743 7.349257 6.27532 5.422342 1.251844 -13.44236 -15.96518 -8.021935 -1.948669 3.260992 7.179372 11.54086 18.18518 22.07678 20.59062 13.99535 11.2414 11.09853 9.915903 8.111174 5.112978 2.805553 .03179501 -.2317569 -2.604399 -16.36113 -39.37674 -43.15135 -3.675623 -3.109092 -6.635361 -5.016082 .5603511 1.723417 -8.163338 -13.23975
.2010423 -.6887054 -.2721392 1.649848 2.997865 6.721821 10.56896 10.76769 9.400514 6.765282 3.662633 -1.975319 -7.346438 -6.926466 -.816741 7.080268 9.653756 4.347083 1.221471 2.192383 3.247581 4.948698 2.537664 -1.396953 6.029577 9.049506 11.89458 9.834398 6.246846 1.51518 -5.027294 -8.453924 -2.910415 .2923481 4.741857 9.177196 13.65181 17.08316 18.48224 18.38583 12.95308 9.944516 11.30425 9.774234 8.677129 5.731198 2.382637 -.4443089 -3.151597 -5.48349 -21.52874 -37.48796 -41.05376 -8.796877 -3.830493 -3.889654 -2.529109 1.975486 3.906177 -3.629816 -13.71546
-2.178707 -3.307357 -1.514981 .789092 1.272706 3.597527 9.187849 10.61602 8.293983 4.740551 1.85059 -2.604182 -8.179614 -11.00965 -5.40581 3.38004 8.312378 7.785952 2.502264 .1540096 .5528929 2.731436 1.822111 -2.309625 4.948961 9.967263 11.0174 8.9182 2.66993 -2.598514 -5.914753 -6.146351 -1.962459 .9573295 3.907856 5.830559 8.309629 10.82709 12.54977 13.66385 11.18735 8.793795 7.184482 7.753562 6.503354 2.250873 .8949847 -.9979846 -4.635108 -10.89351 -26.53053 -38.02442 -27.00783 -11.82474 -5.796827 -4.259467 -3.852297 -1.085288 .2574356 -.900709 -8.238105
-2.412807 -4.06986 -3.094491 -1.133015 -1.515768 1.732363 8.733693 9.372061 8.711877 6.091016 1.18142 -2.330566 -5.424279 -11.9965 -10.87141 -2.138487 5.966592 6.827849 5.789076 .2398319 -2.138613 .7178517 .1942849 -1.381901 3.039955 7.686277 8.096997 6.365896 1.576907 -4.360699 -8.455709 -6.285274 -3.808188 -.9959162 -2.079403 .03691516 1.939521 3.183815 6.771536 10.30059 9.240944 6.673558 4.395773 4.687428 2.764437 1.127375 .2989502 -1.422502 -5.746256 -18.75676 -22.13031 -35.28761 -24.51125 -13.77678 -8.218103 -6.155963 -5.621706 -1.031688 .5360923 2.528754 -2.034499
-2.402054 -4.74272 -4.295438 -1.614063 -.7712244 2.246579 7.313812 9.810596 9.547085 8.686745 4.70092 1.091373 -1.964052 -6.085034 -10.53049 -5.718961 3.175357 7.008915 7.697446 5.837106 -1.386312 -1.708362 -2.149886 -2.963107 2.472062 6.289996 7.474041 6.011946 3.182258 -3.160168 -8.767902 -7.233291 -3.491385 -1.234832 -3.426115 -7.015406 -3.4438 1.479039 5.605747 9.277989 9.141154 7.962111 4.43273 3.048026 2.800216 1.832513 .7357101 .9710446 -6.848132 -21.64338 -18.54889 -24.10293 -24.93396 -14.74929 -7.854537 -7.769355 -7.317132 -2.77457 -1.135498 1.319625 -.8215678
-.5644398 -4.925315 -6.30477 -2.894727 -1.832844 .910137 3.125684 5.301391 6.881367 7.859458 6.957436 4.080978 .9292811 -2.180949 -6.283626 -4.592844 2.465716 7.406302 8.779253 7.968194 3.405433 -.6236636 -.9092107 -1.199113 4.321759 7.267143 8.786045 7.647008 6.018351 .8034844 -4.145606 -3.819649 -1.872977 .05886259 -.7316276 -4.242753 -5.042535 -.8640918 3.041883 8.889772 11.94827 10.2856 7.405432 5.831721 5.014068 3.458236 2.705433 4.269911 -.3352166 -19.41034 -14.65342 -16.42862 -20.46628 -16.56322 -7.904628 -8.078928 -8.806129 -6.406127 -4.255665 .7861156 -.4016347
.1591709 -4.519303 -9.944385 -8.3266 -4.044093 -.7003829 -.1447862 1.745703 4.780947 6.171788 6.318893 5.922298 3.676158 .6488842 -3.61595 -3.121772 1.945118 4.876166 7.23584 7.325661 5.606179 2.877079 -1.109368 -1.31734 5.985419 8.566698 8.353671 7.161244 4.829756 2.437419 .5810532 .003683274 2.178533 2.935676 3.403878 1.663627 -1.616236 -.05207792 3.910131 8.451854 10.88525 10.41224 9.452122 7.623554 8.03184 8.88644 11.96289 13.46049 8.105184 -6.68038 -10.79651 -12.81233 -15.7762 -19.67457 -10.07501 -8.621922 -9.205346 -8.960822 -5.89143 -2.055923 .272741
.08827537 -3.893567 -11.09201 -13.42694 -5.228343 -.7164137 1.45255 4.227842 6.199914 6.599764 6.363204 6.791115 6.244701 1.731889 -.510749 -2.947536 -.7954592 4.716519 5.923815 6.213317 5.58225 2.766142 -2.564149 -3.05681 4.20953 7.987998 8.567861 6.15597 3.318501 2.139355 1.979352 3.092335 3.878694 5.827415 7.544623 6.183321 3.585557 1.295167 1.751235 4.112193 8.541616 9.722616 10.53396 9.193484 11.57684 14.63191 17.49073 16.60751 9.467156 -2.045803 -9.879649 -11.8638 -13.50783 -15.13428 -12.77792 -10.22964 -9.944757 -9.77013 -8.310595 -4.265266 -.2346598
.4216807 -1.667586 -9.733227 -14.08116 -4.811617 1.67168 6.254841 7.247882 7.8214 8.019238 8.198693 8.66109 7.397575 3.41352 1.995362 3.544337 1.1083 2.87431 5.27948 7.658496 3.771739 .8893418 -3.605027 -4.616264 2.744851 7.673491 9.768866 7.574568 3.556446 2.673843 3.813514 5.818103 6.594235 7.465309 8.112066 8.9747 5.907211 2.221834 .9139237 .7720875 5.25766 8.029371 9.109107 9.625709 10.58107 10.89468 7.464968 6.033755 .1279448 -5.498416 -8.357485 -8.613609 -10.96862 -10.93493 -11.18492 -10.16208 -9.682561 -9.394711 -8.879224 -5.789302 -1.065064
2.388495 .5686356 -5.346546 -12.44012 -3.412843 5.340189 9.035838 7.897663 9.033764 10.04491 9.826225 9.028386 9.632232 6.938196 4.404505 5.225761 5.295671 4.430045 5.376336 5.096251 2.324127 1.574656 -2.548306 -3.78757 2.704065 8.688241 10.31217 10.26364 6.142138 3.19785 4.808145 6.327735 8.345008 7.301545 8.438111 7.347951 5.959045 3.591896 1.300445 -.05639263 3.781094 6.320459 8.43598 8.302164 7.652611 7.304624 2.003198 .0402687 .6473103 -4.53698 -4.68381 -2.528929 -6.218082 -8.260585 -9.165915 -8.47245 -7.441296 -7.368612 -8.377864 -6.594615 -2.016886
4.184137 1.618675 -2.249236 -8.658328 -1.315528 5.947565 7.738613 6.027033 7.477541 11.70469 10.12088 8.266075 10.11622 8.570984 6.701347 6.04891 5.237071 5.095951 7.979217 6.23421 .2742501 -.8742344 -4.784356 -6.730043 2.524207 9.604789 14.01248 13.15203 8.812746 3.971508 3.032501 5.289101 6.709587 7.525116 8.011449 6.953332 6.916564 5.716359 3.928847 1.446678 5.331333 7.994237 8.565383 10.39993 11.23627 10.02247 5.722589 4.903849 5.016615 -.7313567 -3.233726 -5.217048 -6.82286 -11.18941 -11.24979 -8.295101 -5.077645 -5.386433 -8.550555 -8.820892 -4.43428
