py_wake/examples/data/AJ_ParqueFicticio/Rough survey   Sector 6   Height 30m   Mean speed.grd
DSAA
73  159
 258469   265669
 6501692   6517492
 .2236509   9.259376
[rows 28 to 55 of 159, columns 0 to 62 of 73]
4.630575 4.635255 4.623785 4.620521 4.621403 4.618042 4.633464 4.644236 4.673855 4.674471 4.678507 4.686183 4.689996 4.689975 4.705059 4.733803 4.745953 4.74989 4.754846 4.743696 4.709571 4.693382 4.708202 4.751877 4.799592 4.824642 4.852503 4.761454 4.742355 4.708729 4.658966 4.631871 4.548702 4.379099 4.588846 4.580916 4.613452 4.598598 4.625746 4.605518 4.469034 4.34266 4.396699 4.532473 4.850184 5.003795 5.012213 5.009397 5.021216 5.043468 5.002053 5.127677 5.479736 5.701059 5.120164 4.689321 4.675045 4.923815 4.829184 4.565459 4.357069 4.292248 4.189053
4.602678 4.612284 4.607498 4.610715 4.604632 4.609246 4.625144 4.637496 4.65953 4.674578 4.670996 4.679752 4.695212 4.739957 4.754126 4.769611 4.7662 4.765188 4.769031 4.756777 4.755676 4.736619 4.724075 4.758427 4.809313 4.846597 4.858768 4.815265 4.792436 4.779221 4.759388 4.708483 4.682284 4.66513 4.781539 4.807251 4.791031 4.790881 4.795698 4.718498 4.552598 4.508235 4.544363 4.490346 4.696287 5.047436 5.396442 5.610109 5.746293 5.900162 5.799479 5.567521 5.632053 5.944703 5.766078 5.228018 4.990106 5.031265 4.995456 4.956909 4.847042 4.882984 4.705208
4.578051 4.58789 4.581319 4.593062 4.593476 4.595522 4.604027 4.617934 4.637291 4.636231 4.649725 4.649853 4.642393 4.693196 4.753252 4.777076 4.771638 4.765573 4.766348 4.746315 4.769587 4.773032 4.779347 4.79328 4.843418 4.870542 4.874129 4.856155 4.844666 4.87018 4.881676 4.884609 4.908849 4.756067 4.797986 4.766 4.786186 4.859129 4.926858 4.887193 4.694053 4.628524 4.624392 4.724087 4.7167 4.920396 5.37699 5.857915 6.314248 6.723499 6.931388 6.745018 6.422473 6.380811 6.36183 5.762116 5.330724 4.875121 4.806291 4.714979 4.722854 4.878974 4.964501
4.551428 4.563434 4.57037 4.583344 4.572394 4.572278 4.577492 4.596011 4.599955 4.611755 4.614689 4.6133 4.615525 4.680693 4.737006 4.767182 4.775427 4.758525 4.73721 4.741338 4.786174 4.796288 4.818036 4.833805 4.859487 4.892427 4.900772 4.885718 4.869259 4.924361 4.887174 4.903106 4.917805 4.880209 4.862328 4.767461 4.775806 4.86952 4.948521 4.969271 4.871527 4.707905 4.727737 4.795403 4.975785 5.022863 4.988945 5.13037 5.554452 6.155472 6.75763 7.034404 7.176771 6.99177 6.702211 6.194693 5.630146 4.992408 4.57447 4.422949 4.616362 4.721513 4.782231
4.525044 4.545804 4.551828 4.565963 4.562486 4.568538 4.558904 4.561599 4.575888 4.585649 4.590864 4.587214 4.578748 4.66242 4.710273 4.738431 4.757833 4.746881 4.732502 4.769917 4.806156 4.823473 4.84787 4.861635 4.877164 4.906553 4.925702 4.950837 4.958425 4.899223 4.913024 4.950326 4.968192 4.947684 4.888895 4.845775 4.777821 4.80666 4.846564 4.901731 4.878627 4.702001 4.609249 4.741349 4.925714 5.221035 5.241701 4.950402 4.819761 4.883512 5.218077 5.732993 6.307629 6.687852 6.693276 6.353684 5.76479 5.150596 4.607361 4.351864 4.470012 4.766064 4.795965
4.547246 4.535648 4.546731 4.541334 4.55276 4.554011 4.572218 4.567622 4.56721 4.568531 4.5721 4.561643 4.578557 4.648088 4.674949 4.715837 4.729996 4.716899 4.727173 4.785442 4.8334 4.843576 4.855525 4.880299 4.889081 4.901558 4.908434 4.883217 4.931154 4.926166 4.937245 4.961044 4.959785 4.929827 4.934362 4.985547 4.916436 4.827404 4.828858 4.919557 4.929882 4.824102 4.469835 4.388573 4.612007 4.916013 5.216452 5.239049 5.029675 4.799205 4.648921 4.643884 4.956803 5.51386 6.187274 6.390459 5.806801 5.205762 4.746814 4.459357 4.527843 4.742988 4.928841
4.579989 4.55065 4.545385 4.531581 4.532785 4.51884 4.540101 4.550631 4.550063 4.553754 4.544274 4.56165 4.57861 4.644137 4.656499 4.680009 4.688833 4.692642 4.756009 4.825213 4.848287 4.859023 4.864799 4.884086 4.893046 4.903375 4.876402 4.883965 4.920777 4.93728 4.958704 4.972472 4.95927 4.909408 4.888322 4.977989 5.040098 4.97523 4.859647 4.912076 4.882049 4.749446 4.567375 4.119658 4.130122 4.486414 4.905226 5.16837 5.249073 5.403738 5.470456 5.436178 5.221719 5.217885 5.67132 6.203666 6.178398 5.748455 5.336314 5.319651 4.971284 4.69688 4.74913
4.579575 4.541822 4.528378 4.524197 4.522634 4.507816 4.507961 4.521071 4.530808 4.524023 4.521501 4.535323 4.558591 4.624714 4.631115 4.622525 4.621222 4.669446 4.781343 4.842386 4.85777 4.856407 4.859372 4.875679 4.887856 4.876245 4.873907 4.898004 4.932272 4.956835 4.969328 4.982767 4.992386 4.971936 4.969506 4.915708 5.004179 5.06181 4.953742 5.036842 4.840056 4.686443 4.541468 4.304102 3.734092 3.996808 4.808497 5.512082 5.91163 6.054305 6.419132 6.709518 6.799342 6.520043 6.370885 6.575836 6.606616 6.412582 6.10051 5.967136 5.580189 5.020872 4.766875
4.550302 4.520262 4.508312 4.498286 4.50609 4.525831 4.528616 4.523662 4.508436 4.503976 4.485668 4.485985 4.507026 4.572163 4.56054 4.543258 4.54569 4.551379 4.656806 4.79207 4.830476 4.832554 4.839764 4.859154 4.863611 4.849265 4.882921 4.908901 4.946294 4.976802 4.997967 5.006289 5.019501 5.079192 5.057754 4.982918 5.051823 5.204916 5.332055 5.339841 5.454528 5.30258 4.992512 4.71578 3.923509 3.540663 4.207139 5.25758 6.073127 6.56875 6.864102 7.27155 7.486275 7.521986 7.246539 7.096679 6.895535 6.551223 6.480852 6.375774 6.419296 5.985095 5.51282
4.491269 4.466264 4.468902 4.466088 4.461637 4.485351 4.535594 4.516441 4.504098 4.483537 4.478876 4.463157 4.453661 4.512581 4.497405 4.495533 4.492503 4.464018 4.488784 4.553416 4.724234 4.758775 4.783279 4.808897 4.809088 4.840631 4.878485 4.913326 4.951879 4.981569 5.030241 5.059344 5.077195 5.107799 5.091638 5.000508 4.995119 5.176678 5.350962 5.509573 5.801051 6.163476 6.090863 5.713512 4.952835 3.493247 3.348603 3.903547 4.780233 5.512115 5.830169 6.167569 6.806748 7.235985 7.367364 7.338541 7.120337 6.607968 6.637821 6.616394 6.910129 7.07657 6.903933
4.438771 4.429468 4.430608 4.441127 4.433573 4.417863 4.469862 4.478106 4.485797 4.489763 4.488695 4.466051 4.455391 4.463535 4.47036 4.470298 4.474987 4.469473 4.468898 4.467538 4.59838 4.65367 4.719805 4.757593 4.772829 4.826758 4.880461 4.914474 4.929512 4.959673 4.995613 5.027546 5.094549 5.128485 5.155715 5.17872 5.077471 5.089738 5.278689 5.507696 5.679955 6.117564 6.556613 6.595105 6.225597 5.075671 3.767467 3.234433 3.239993 3.878658 4.390828 4.598736 5.131059 5.86003 6.669798 7.033085 7.018767 6.662493 6.544002 6.579463 6.916022 7.542081 7.765396
4.422752 4.418106 4.423758 4.436109 4.456571 4.444446 4.441224 4.455797 4.473751 4.480575 4.491801 4.494654 4.507657 4.511998 4.49257 4.498418 4.491507 4.507297 4.535551 4.601134 4.638179 4.613952 4.652649 4.691401 4.771736 4.836403 4.87038 4.89409 4.924133 4.950623 4.975475 5.019255 5.071787 5.119505 5.122337 5.203463 5.102672 5.094168 5.259715 5.473686 5.64263 5.883802 6.361562 6.799226 6.998532 6.510364 5.405792 4.690866 3.741303 3.75228 4.310191 4.743825 5.078946 5.44582 6.182551 6.873953 7.249316 6.8341 6.461033 6.297065 6.499383 7.065321 7.826006
4.429691 4.420916 4.416952 4.426291 4.456729 4.489971 4.496914 4.472324 4.46109 4.463321 4.477047 4.49011 4.58342 4.557019 4.519115 4.484914 4.48844 4.522761 4.559583 4.675816 4.667091 4.621642 4.601044 4.598785 4.722405 4.809063 4.836473 4.881579 4.920173 4.965116 4.998726 5.045899 5.076066 5.089766 5.128784 5.136834 5.023101 5.027786 5.219739 5.489374 5.796227 6.104808 6.471825 7.00623 7.355171 7.514486 6.777329 6.492021 6.008219 5.275632 5.278209 5.654269 6.105919 6.405801 6.761917 7.156712 7.3018 7.106801 6.4959 5.907149 5.734275 6.196311 6.926394
4.472502 4.427263 4.419932 4.402745 4.398622 4.42196 4.485991 4.478622 4.448431 4.423541 4.400995 4.389956 4.463977 4.498674 4.475173 4.465227 4.470997 4.479695 4.533867 4.648741 4.657939 4.623216 4.587512 4.495283 4.506522 4.701175 4.77164 4.845942 4.887949 4.947104 5.004873 5.053593 5.099626 5.128152 5.165646 5.137709 4.995214 4.902996 4.957184 5.320556 5.791314 6.248877 6.663184 7.232838 7.697547 8.03548 7.719899 7.427853 7.448351 7.062223 6.745315 6.687437 6.824749 7.014636 7.301505 7.467445 7.401463 7.219005 6.352777 5.457848 4.685673 4.572476 5.306495
4.501122 4.46346 4.441557 4.400586 4.337333 4.354962 4.442751 4.438579 4.401182 4.381723 4.350983 4.315277 4.317155 4.382267 4.409138 4.409235 4.415311 4.417943 4.474216 4.60865 4.634977 4.627993 4.597405 4.57277 4.597768 4.654385 4.714502 4.772466 4.824475 4.926416 4.97692 5.028322 5.060573 5.141619 5.18096 5.171016 5.151525 4.840144 4.645846 4.950896 5.408624 5.754349 6.117039 6.590419 7.009062 7.475623 7.505555 7.215777 7.529815 7.383764 7.182002 7.081949 7.005061 6.893176 6.988575 7.136393 7.189981 7.124153 6.729337 5.807775 4.757267 3.963751 3.898906
4.513309 4.49834 4.481637 4.452336 4.331539 4.257527 4.336971 4.386495 4.363781 4.365582 4.371343 4.336608 4.339985 4.35824 4.370742 4.374114 4.376395 4.367636 4.389337 4.514994 4.564634 4.556373 4.564014 4.687378 4.744925 4.699257 4.695649 4.718315 4.727068 4.833633 4.932212 4.956467 4.989085 5.079193 5.115421 5.08266 5.025303 4.804268 4.442681 4.332561 4.634068 4.931178 5.05154 5.437134 5.742827 5.894398 5.783037 5.65251 5.708912 5.812624 5.846641 5.677774 5.707949 5.550943 5.770434 6.253765 6.666931 6.996962 6.758538 6.184258 5.410928 4.356393 3.466182
4.53063 4.523081 4.51471 4.501468 4.497886 4.390842 4.296067 4.304113 4.329588 4.36608 4.411316 4.429067 4.408662 4.399645 4.373763 4.377136 4.354997 4.347174 4.350923 4.407176 4.450603 4.43815 4.424299 4.462225 4.656898 4.647111 4.625786 4.617336 4.665857 4.788845 4.856043 4.868283 4.927029 5.007018 5.01042 4.988762 4.955644 4.829146 4.476921 4.210621 4.04478 4.287393 4.374945 4.411333 4.455787 4.344721 4.258068 3.965935 3.834521 4.05297 4.074598 4.056556 4.412616 4.944312 5.215153 5.713161 6.061357 6.351463 6.690385 6.409989 5.820793 4.974999 3.939612
4.523562 4.518715 4.521554 4.521147 4.579869 4.542336 4.456141 4.324031 4.311478 4.343 4.382652 4.441463 4.472681 4.452318 4.412637 4.387595 4.360948 4.356788 4.347799 4.350768 4.346624 4.355324 4.32629 4.309671 4.354833 4.4734 4.479599 4.452497 4.450451 4.607578 4.667511 4.604048 4.767446 4.840883 4.889784 4.883348 4.865939 4.789529 4.661582 4.474693 4.074259 3.894142 3.946258 3.964702 4.079524 4.271153 4.530978 4.813712 4.638839 4.541554 4.645328 4.640613 4.712825 5.143183 5.545606 5.746878 5.893272 5.691537 5.946699 6.294105 6.32793 6.070587 5.394222
4.499671 4.498408 4.527945 4.570921 4.5883 4.567559 4.474192 4.37628 4.326772 4.288955 4.31132 4.393692 4.468644 4.473316 4.411975 4.37044 4.35785 4.365059 4.380373 4.392688 4.356456 4.348043 4.352571 4.340341 4.329906 4.387965 4.363155 4.316275 4.275338 4.282017 4.347653 4.236701 4.258574 4.476594 4.543941 4.70022 4.698585 4.629473 4.678327 4.747227 4.574479 4.370789 4.377941 4.707871 5.263125 5.663209 5.993599 6.299688 6.338775 6.25888 6.059189 5.83669 5.518559 5.529391 5.837154 6.289708 6.507819 5.932632 5.210958 5.179214 5.587529 6.067563 6.315555
4.469242 4.459945 4.466228 4.538698 4.550891 4.53425 4.494711 4.430437 4.378736 4.274824 4.205944 4.310085 4.438135 4.461324 4.38343 4.337168 4.329137 4.341462 4.362592 4.428894 4.376997 4.340866 4.357226 4.40842 4.477142 4.418148 4.302676 4.229056 4.193282 4.157948 4.104423 4.06601 4.002805 4.103572 4.119433 4.285418 4.416241 4.417523 4.455673 4.676164 4.836516 4.951868 5.154349 5.381124 5.706449 5.989303 5.984616 5.909646 5.70142 5.521648 5.618327 5.915667 6.025393 5.929246 5.903049 6.310483 7.011706 6.994186 6.201392 5.206802 4.543613 4.588928 5.153567
4.451128 4.438382 4.426188 4.479815 4.502238 4.495059 4.478418 4.458653 4.426786 4.406512 4.27391 4.215285 4.305923 4.389171 4.319346 4.292767 4.282043 4.268585 4.283271 4.376785 4.337708 4.293078 4.253441 4.227323 4.297207 4.341321 4.213318 4.181202 4.172266 4.172077 4.095679 4.081547 4.06164 4.057093 4.012994 4.093485 4.149328 4.181679 4.144823 4.316871 4.546017 4.723727 4.869958 5.200373 5.428869 5.266333 5.009197 4.799219 4.802741 4.923247 5.005428 5.280926 5.643218 5.885689 5.833402 5.884763 6.576338 7.189851 7.326495 6.882616 5.615699 4.37167 3.902455
4.46843 4.451687 4.428077 4.430265 4.45376 4.473287 4.471426 4.455961 4.444842 4.461704 4.404408 4.275389 4.207246 4.246223 4.248192 4.255395 4.259223 4.228 4.182252 4.259342 4.252784 4.222248 4.190525 4.187125 4.193048 4.19037 4.143341 4.140062 4.136717 4.089654 4.037448 4.033817 4.200409 4.164246 4.030925 4.041 4.076827 4.018572 3.897484 3.88318 3.870992 3.959318 3.857368 3.919453 4.032057 4.324544 4.497437 4.906203 5.144831 5.305893 5.350566 5.165305 5.324939 5.481046 5.430733 5.159785 5.463151 6.138589 6.690978 7.385612 7.144089 6.05684 4.651144
4.480818 4.484866 4.492685 4.471018 4.45423 4.473855 4.475646 4.471385 4.485473 4.501859 4.482173 4.432926 4.324223 4.278197 4.234074 4.246533 4.289239 4.30154 4.283229 4.260806 4.226058 4.220204 4.225206 4.260742 4.296688 4.241879 4.161067 4.132509 4.141079 4.058851 3.976428 3.872937 3.862489 3.970553 3.863894 3.867855 3.936375 3.812122 3.662949 3.610908 3.526872 3.64341 3.689765 3.770117 3.99185 4.275047 4.642547 5.082516 5.464154 5.575682 5.63481 5.418569 4.863338 5.179019 5.596027 5.007107 4.514852 4.913617 5.387324 6.378509 7.332179 7.304229 6.596719
4.458405 4.469042 4.494538 4.496516 4.465693 4.457663 4.475268 4.507455 4.514143 4.53157 4.52192 4.505092 4.447662 4.338847 4.277974 4.25923 4.284884 4.378721 4.432335 4.331334 4.283246 4.25409 4.259343 4.32084 4.337049 4.291852 4.228714 4.211688 4.162681 4.101514 3.9929 3.848297 3.663903 3.649492 3.550505 3.493713 3.541097 3.495022 3.365215 3.288305 3.251735 3.528339 3.853233 4.170046 4.469354 4.760886 4.975111 5.187016 5.298367 5.291861 5.320172 5.207147 4.655791 4.682155 5.619991 5.519999 4.555955 4.026168 4.234789 4.938006 6.217528 7.129315 7.329532
4.425165 4.425151 4.458848 4.468565 4.459524 4.442728 4.445704 4.491943 4.512733 4.529595 4.522013 4.483361 4.453714 4.374344 4.316238 4.270246 4.230182 4.280832 4.345365 4.339196 4.338113 4.322824 4.32781 4.374112 4.370021 4.334826 4.334968 4.340379 4.279774 4.191118 4.106225 4.049925 3.910031 3.612719 3.505086 3.342145 3.139044 3.084813 3.250484 3.148149 2.928703 2.966358 3.237216 3.733146 4.163786 4.529102 4.801724 4.84996 4.900736 4.977388 5.166453 5.165576 4.711627 4.362337 5.175567 5.991872 5.512283 4.360652 3.616008 3.839057 4.986509 6.00753 6.586601
4.4099 4.41702 4.441258 4.442505 4.448727 4.449764 4.464254 4.471522 4.502429 4.514795 4.517061 4.489147 4.44421 4.399759 4.366348 4.321108 4.261672 4.27081 4.276808 4.283397 4.319488 4.445795 4.482197 4.433011 4.411345 4.375277 4.39811 4.401926 4.368291 4.304728 4.250107 4.153488 4.034632 3.935169 3.91669 3.78494 3.331682 3.008611 3.270878 3.334275 3.065802 2.733573 2.730018 2.959518 3.294719 3.639289 3.954103 4.267612 4.47604 4.70097 5.135914 5.528962 5.066755 4.348958 4.490887 5.688026 6.085381 5.587677 4.40129 3.66198 4.085459 5.157938 5.682482
4.421431 4.420445 4.443749 4.44997 4.451085 4.460624 4.48318 4.483275 4.495792 4.508587 4.510849 4.489349 4.450182 4.411089 4.398465 4.42252 4.440998 4.371667 4.300302 4.255815 4.216813 4.272762 4.386159 4.399474 4.392047 4.413464 4.429185 4.437452 4.457381 4.485244 4.354149 4.084548 4.017608 4.166496 4.353424 4.466812 4.129132 3.515985 3.480554 3.848389 3.978787 3.373653 3.01123 2.764988 2.881384 3.152887 3.426818 3.879861 4.353478 4.625593 4.907783 5.370205 5.201969 4.601397 4.31322 5.022815 5.865944 6.152989 5.543132 4.365553 4.019324 4.704645 5.475257
4.422275 4.456994 4.471276 4.460494 4.45199 4.466418 4.483632 4.496481 4.498947 4.502111 4.502002 4.49085 4.458088 4.398975 4.369032 4.412364 4.436257 4.401539 4.348702 4.299171 4.228587 4.202364 4.274068 4.311978 4.339549 4.368325 4.391828 4.481857 4.601723 4.655132 4.696998 4.446553 4.252088 4.438086 4.609484 4.800323 4.817516 4.408045 3.900139 4.16527 4.449512 4.489672 4.00392 3.534678 3.284784 3.205935 3.253153 3.390243 3.865739 4.216517 4.598392 4.989074 5.005626 4.620134 4.271011 4.63705 5.236147 5.663266 5.640622 4.999747 4.492684 4.771627 5.436574
