py_wake/examples/data/AJ_ParqueFicticio/Rough survey   Sector 5   Height 200m   Mean speed.grd
DSAA
73  159
 258469   265669
 6501692   6517492
 6.575564   12.64484
[rows 0 to 27 of 159, columns 0 to 62 of 73]
9.198515 9.170539 9.159969 9.157026 9.151895 9.148053 9.149919 9.149172 9.147958 9.142712 9.134277 9.11843 9.10253 9.084421 9.063007 9.050241 9.041103 9.038819 9.042736 9.0615 9.100507 9.187908 9.240894 9.229928 9.11045 8.90774 8.799128 8.836463 8.882571 8.884611 8.868941 8.879141 8.903988 8.966595 9.067875 9.208012 9.384016 9.535393 9.608121 9.646467 9.669262 9.690527 9.703247 9.704473 9.694746 9.689811 9.673169 9.661633 9.652658 9.640554 9.627197 9.601683 9.578793 9.560243 9.530537 9.50459 9.481878 9.451493 9.431005 9.407263 9.378415 9.3569 9.341802
9.242637 9.191737 9.171696 9.165484 9.161919 9.157235 9.155873 9.151711 9.150342 9.149745 9.144278 9.129804 9.111661 9.09006 9.066249 9.046972 9.033195 9.028998 9.020232 9.036327 9.082329 9.193491 9.308013 9.361082 9.260621 9.038127 8.837077 8.827969 8.860875 8.869972 8.868237 8.862102 8.85826 8.902278 8.979558 9.130747 9.335864 9.533134 9.635981 9.680303 9.709978 9.738165 9.776578 9.780157 9.716348 9.702577 9.692686 9.687407 9.679918 9.66627 9.656579 9.632544 9.609549 9.584901 9.555883 9.533805 9.499938 9.470854 9.430574 9.395123 9.35902 9.328014 9.303932
9.329201 9.234957 9.188293 9.174019 9.167205 9.163571 9.160673 9.156461 9.152048 9.147401 9.151497 9.142047 9.120007 9.099126 9.070941 9.040765 9.022053 9.006531 8.992067 8.991585 9.042439 9.159404 9.314891 9.42877 9.392919 9.158131 8.939686 8.84965 8.847488 8.848522 8.851558 8.835155 8.823115 8.837506 8.878919 9.013905 9.22721 9.481545 9.634004 9.706382 9.736852 9.766479 9.805147 9.835224 9.782894 9.720294 9.695118 9.694049 9.696846 9.693068 9.690397 9.680014 9.650514 9.616093 9.586265 9.558903 9.522671 9.4803 9.433394 9.385671 9.334549 9.295055 9.258823
9.460831 9.328909 9.228403 9.191023 9.178332 9.172608 9.165988 9.158724 9.150668 9.141923 9.136921 9.147947 9.138961 9.117147 9.073327 9.029143 9.000406 8.979019 8.959832 8.948992 8.99333 9.110942 9.26787 9.414606 9.448674 9.279258 9.042282 8.9152 8.86784 8.853254 8.844849 8.822763 8.799759 8.770644 8.765104 8.849154 9.04335 9.325936 9.560793 9.678784 9.736562 9.785516 9.824526 9.860578 9.850218 9.773278 9.716966 9.702741 9.702982 9.70197 9.721226 9.719672 9.694138 9.662483 9.634543 9.595161 9.551035 9.49448 9.435143 9.368798 9.30612 9.254256 9.214836
9.568029 9.434748 9.306074 9.231696 9.195024 9.183793 9.18091 9.169108 9.154705 9.141914 9.129419 9.1204 9.137138 9.131202 9.075688 9.020355 8.979169 8.94796 8.92914 8.911409 8.960567 9.067864 9.204149 9.34871 9.419486 9.329175 9.148796 9.004615 8.918577 8.879812 8.842952 8.82541 8.770561 8.716004 8.672453 8.674693 8.806236 9.065018 9.330133 9.521441 9.672853 9.771945 9.81786 9.839923 9.870025 9.821225 9.758783 9.718091 9.708975 9.719295 9.75359 9.764139 9.75305 9.730176 9.694374 9.646572 9.584372 9.513927 9.432933 9.350431 9.273532 9.19945 9.142706
9.622849 9.539486 9.437164 9.330377 9.233699 9.203234 9.202121 9.187342 9.165765 9.148951 9.142941 9.11305 9.122907 9.124949 9.084018 9.021204 8.962214 8.912358 8.889272 8.88975 8.952079 9.060016 9.173798 9.300113 9.386969 9.34843 9.212787 9.081662 8.978961 8.90388 8.844567 8.809612 8.770133 8.707551 8.644758 8.595207 8.637458 8.806046 9.024137 9.249623 9.492149 9.707428 9.791183 9.805206 9.798717 9.79781 9.760166 9.726296 9.709248 9.721108 9.757895 9.80031 9.807563 9.796127 9.76223 9.705837 9.628923 9.540798 9.439757 9.336807 9.229293 9.13401 9.043608
9.65717 9.6212 9.578613 9.487018 9.344297 9.241807 9.238023 9.229307 9.203502 9.182819 9.169516 9.133108 9.118114 9.125129 9.104051 9.043695 8.960827 8.881778 8.831086 8.820459 8.89098 9.021425 9.147293 9.27722 9.375785 9.368721 9.267466 9.149332 9.027531 8.929871 8.854111 8.788226 8.758817 8.712523 8.637896 8.583055 8.572606 8.64021 8.777005 8.978158 9.279186 9.564911 9.707673 9.727347 9.71445 9.712649 9.717325 9.713798 9.672874 9.673653 9.724614 9.783015 9.830693 9.854373 9.834045 9.776935 9.685364 9.577863 9.452026 9.311464 9.173685 9.039505 8.928164
9.675795 9.664014 9.637739 9.583183 9.467165 9.352913 9.300296 9.283089 9.253545 9.22898 9.202746 9.176132 9.156968 9.162125 9.143602 9.082929 8.980419 8.877236 8.791265 8.739889 8.796183 8.936597 9.107651 9.246564 9.359492 9.389279 9.313655 9.197974 9.078898 8.965896 8.879579 8.830787 8.784761 8.728765 8.658828 8.59108 8.558219 8.573952 8.645729 8.796872 9.065841 9.349504 9.519869 9.580698 9.607207 9.650007 9.671946 9.659475 9.603181 9.588387 9.634047 9.695191 9.766133 9.846639 9.890591 9.840257 9.744316 9.62461 9.471703 9.309979 9.124464 8.952186 8.81071
9.694069 9.693239 9.679424 9.642385 9.560619 9.464565 9.392777 9.352688 9.306813 9.274132 9.244271 9.220513 9.20772 9.205874 9.20116 9.150294 9.047942 8.90643 8.778871 8.683764 8.673453 8.797763 8.960317 9.115008 9.272063 9.377969 9.365136 9.261275 9.14465 9.0312 8.94218 8.884294 8.830176 8.769001 8.698582 8.631872 8.570702 8.55862 8.599821 8.687734 8.869147 9.085936 9.24883 9.337641 9.449963 9.541461 9.557961 9.561273 9.494724 9.45442 9.516101 9.572762 9.640393 9.756946 9.873528 9.879248 9.797326 9.681371 9.533193 9.340591 9.091967 8.869538 8.712096
9.709541 9.712509 9.709352 9.68667 9.632813 9.543159 9.458589 9.400863 9.354771 9.312919 9.295806 9.278981 9.25444 9.248665 9.267488 9.244562 9.156165 9.006489 8.835121 8.690482 8.59702 8.616137 8.763167 8.906005 9.067053 9.258267 9.352199 9.301576 9.203481 9.09376 9.006748 8.943352 8.885456 8.820826 8.753509 8.687428 8.616878 8.572999 8.587239 8.640249 8.739378 8.857273 8.965816 9.060329 9.20543 9.329107 9.357293 9.382726 9.351068 9.287337 9.331155 9.39646 9.483469 9.636883 9.786202 9.867721 9.821655 9.742332 9.602832 9.410181 9.127983 8.844877 8.653008
9.724245 9.728635 9.725609 9.718907 9.709496 9.635156 9.570972 9.480338 9.395784 9.352859 9.352108 9.352348 9.30958 9.276029 9.306161 9.34506 9.307184 9.16467 8.980032 8.796913 8.640638 8.55991 8.61332 8.721442 8.85642 9.02947 9.211991 9.270741 9.220872 9.124596 9.058657 9.003201 8.948619 8.888212 8.821219 8.748376 8.682723 8.626134 8.607744 8.648434 8.705177 8.773396 8.825039 8.867156 8.959132 9.065551 9.112702 9.165955 9.168344 9.112428 9.122802 9.185183 9.327593 9.511624 9.669963 9.758626 9.791612 9.760954 9.659784 9.480289 9.207997 8.888114 8.651099
9.725073 9.738145 9.732561 9.722218 9.736916 9.71059 9.666069 9.563796 9.436975 9.404825 9.416655 9.427616 9.377871 9.296052 9.297921 9.38531 9.439713 9.34176 9.171018 8.980513 8.778399 8.636075 8.596905 8.634773 8.721014 8.854628 9.039552 9.151855 9.164433 9.120462 9.076101 9.028994 8.99525 8.952125 8.894967 8.8172 8.750247 8.698559 8.664867 8.679927 8.718409 8.765974 8.788422 8.811814 8.837523 8.87994 8.924678 8.968594 9.001049 8.959828 8.928809 8.99495 9.166472 9.352317 9.480962 9.567963 9.610593 9.628641 9.57411 9.451158 9.226254 8.934977 8.679666
9.713807 9.731454 9.737415 9.72863 9.740026 9.742148 9.714268 9.639956 9.497298 9.459726 9.498819 9.532106 9.487483 9.37052 9.317143 9.35661 9.451617 9.4729 9.366622 9.198565 9.017747 8.856454 8.74372 8.678389 8.683923 8.759894 8.882981 9.005208 9.068271 9.07352 9.058662 9.035076 9.015789 8.987053 8.945279 8.882378 8.812388 8.766986 8.737281 8.729625 8.751513 8.7866 8.803579 8.816293 8.792841 8.790993 8.815934 8.848702 8.870487 8.842257 8.803139 8.823916 8.949055 9.115805 9.23667 9.277969 9.319539 9.327984 9.298189 9.210026 9.061625 8.854239 8.640375
9.696148 9.715559 9.72957 9.737252 9.74579 9.753691 9.737919 9.686683 9.562722 9.520962 9.57073 9.609572 9.595287 9.511228 9.436118 9.42061 9.467736 9.48528 9.489826 9.393128 9.265169 9.121539 8.968974 8.821961 8.744763 8.747235 8.821749 8.912663 8.982602 9.016092 9.023967 9.020994 9.02151 9.013611 8.971832 8.923427 8.864329 8.827807 8.805992 8.803606 8.811454 8.817766 8.826174 8.846021 8.802026 8.770033 8.771504 8.770376 8.785757 8.760888 8.732684 8.727217 8.77994 8.891273 8.990106 9.035707 9.042862 9.03781 9.001548 8.929166 8.814156 8.665826 8.506588
9.677645 9.701143 9.719287 9.733987 9.74991 9.751451 9.738607 9.698107 9.620175 9.579165 9.614475 9.646405 9.646207 9.607878 9.553896 9.521214 9.523658 9.544223 9.559878 9.525195 9.468345 9.37709 9.231898 9.040375 8.883481 8.815269 8.812819 8.860618 8.912739 8.955721 8.979571 9.002608 9.033182 9.046977 9.023678 8.963501 8.901923 8.862446 8.863555 8.887182 8.903087 8.904594 8.894912 8.906377 8.887691 8.821432 8.799528 8.779326 8.759033 8.754702 8.727818 8.718096 8.74309 8.809455 8.879402 8.936295 8.969189 8.961317 8.911506 8.811933 8.688657 8.531502 8.385383
9.663354 9.687285 9.705935 9.725368 9.741611 9.745664 9.732373 9.707101 9.662286 9.620015 9.634948 9.659698 9.670061 9.66494 9.638706 9.593335 9.572524 9.596108 9.628223 9.615284 9.594622 9.569468 9.494047 9.322052 9.127691 8.95999 8.875536 8.866878 8.890372 8.936681 8.96875 8.996469 9.043799 9.099265 9.112359 9.048413 8.941767 8.890304 8.89917 8.968519 9.027802 9.03448 9.005952 9.007919 8.977921 8.92215 8.876548 8.857042 8.84257 8.814112 8.798385 8.791095 8.824562 8.892166 8.966673 9.040573 9.099858 9.119237 9.080229 8.958601 8.779372 8.564199 8.33722
9.651579 9.67098 9.689309 9.710461 9.728785 9.737659 9.73257 9.709369 9.682476 9.656282 9.654366 9.665904 9.681029 9.681786 9.684684 9.663176 9.6335 9.628169 9.658916 9.658196 9.658474 9.66608 9.644994 9.573902 9.430605 9.222817 9.04018 8.938628 8.926814 8.952811 8.99359 9.020082 9.085644 9.185979 9.248939 9.215565 9.070553 8.962506 8.963731 9.041108 9.162561 9.195774 9.165025 9.134174 9.10279 9.053905 9.010095 8.990057 8.98587 8.958939 8.925071 8.927071 8.986434 9.073195 9.173329 9.266109 9.344755 9.393817 9.357446 9.254625 9.058163 8.769578 8.418735
9.641875 9.660256 9.679841 9.701479 9.715994 9.727595 9.72609 9.714492 9.69628 9.689615 9.683029 9.672871 9.675029 9.694758 9.703831 9.697732 9.681307 9.672952 9.686508 9.692363 9.697112 9.712607 9.715317 9.705539 9.642381 9.504038 9.306366 9.1339 9.042256 9.034988 9.047943 9.070592 9.161906 9.284221 9.38567 9.388604 9.241815 9.094949 9.05164 9.150886 9.33599 9.425882 9.407131 9.360025 9.31021 9.2495 9.191315 9.190493 9.20436 9.182493 9.12725 9.110147 9.173307 9.295619 9.406671 9.490341 9.556187 9.592584 9.583835 9.483681 9.302494 9.011012 8.621232
9.631741 9.649796 9.669238 9.692747 9.707033 9.717853 9.722292 9.712702 9.704087 9.707219 9.707887 9.686573 9.673282 9.697083 9.711475 9.717846 9.711431 9.708891 9.71144 9.712893 9.713584 9.729203 9.754219 9.780406 9.767436 9.683022 9.541072 9.379677 9.253633 9.186476 9.133864 9.120833 9.255857 9.398086 9.508324 9.546868 9.417704 9.217491 9.11579 9.231245 9.482391 9.665813 9.724207 9.708872 9.633128 9.547674 9.465009 9.45381 9.482717 9.456789 9.377481 9.318125 9.348481 9.444397 9.557699 9.644917 9.700939 9.72573 9.688483 9.603586 9.453221 9.212386 8.848186
9.621306 9.639735 9.662398 9.684014 9.691492 9.703597 9.708252 9.707596 9.707574 9.716075 9.72488 9.715121 9.694537 9.700695 9.71912 9.731507 9.737735 9.741173 9.736809 9.73296 9.730597 9.740243 9.753447 9.793 9.807826 9.778848 9.702684 9.58633 9.458028 9.351453 9.23665 9.171226 9.295559 9.479718 9.6145 9.665457 9.550275 9.331214 9.17802 9.292302 9.572387 9.834325 9.97007 9.997776 9.963187 9.881508 9.769019 9.729821 9.745785 9.713527 9.617897 9.529245 9.509295 9.558986 9.646093 9.729001 9.782262 9.810015 9.75806 9.668847 9.537989 9.333607 9.036407
9.611301 9.625432 9.641444 9.65598 9.66925 9.678478 9.691296 9.699255 9.706818 9.719185 9.729876 9.730176 9.717147 9.719582 9.729682 9.743669 9.757782 9.760714 9.75718 9.745312 9.742208 9.740881 9.757312 9.781404 9.801139 9.794621 9.75146 9.69194 9.606482 9.465266 9.337913 9.255381 9.263531 9.468763 9.649869 9.743486 9.637996 9.400915 9.236745 9.342264 9.615945 9.891722 10.07876 10.16538 10.17273 10.12692 10.03242 9.969275 9.949718 9.914649 9.805169 9.735746 9.68001 9.683676 9.740458 9.804067 9.854335 9.872633 9.826879 9.71993 9.587793 9.416973 9.185772
9.601213 9.606561 9.616872 9.633043 9.648502 9.660991 9.670468 9.681444 9.693467 9.712138 9.726781 9.735043 9.732778 9.734406 9.741863 9.7493 9.765077 9.776186 9.772712 9.766879 9.76157 9.757765 9.761 9.7765 9.791583 9.789855 9.758327 9.712425 9.654078 9.543861 9.457025 9.376308 9.266178 9.375532 9.603238 9.764935 9.691597 9.442521 9.234377 9.341022 9.612524 9.89561 10.09284 10.21153 10.26604 10.27174 10.22069 10.15409 10.10332 10.04553 9.963844 9.899815 9.84996 9.815972 9.861551 9.90958 9.948823 9.96153 9.909642 9.795396 9.634577 9.478322 9.28198
9.5894 9.595345 9.603191 9.609205 9.627202 9.640748 9.650047 9.663891 9.677119 9.696361 9.719629 9.7313 9.740831 9.746579 9.749088 9.755828 9.756256 9.774755 9.783337 9.782876 9.7757 9.7741 9.778027 9.787071 9.790086 9.779979 9.74744 9.701768 9.64734 9.619819 9.596513 9.519277 9.380343 9.340103 9.50567 9.7097 9.712901 9.520963 9.294925 9.290375 9.543704 9.830103 10.05859 10.19312 10.27211 10.31792 10.32817 10.29031 10.23864 10.16106 10.09843 10.05483 10.0124 9.960936 9.984139 10.04035 10.07145 10.06894 10.02266 9.909618 9.721221 9.518936 9.339418
9.589939 9.60219 9.597828 9.593969 9.602736 9.618786 9.632705 9.646964 9.662368 9.681159 9.704144 9.722418 9.732059 9.749381 9.754358 9.760323 9.751348 9.758217 9.776414 9.789538 9.792342 9.792724 9.792927 9.799252 9.797832 9.771854 9.732926 9.684872 9.62411 9.631731 9.660944 9.627661 9.494482 9.374788 9.424343 9.616358 9.706978 9.612545 9.422513 9.31251 9.454008 9.700658 9.942359 10.10906 10.2211 10.31099 10.36275 10.36946 10.33428 10.27948 10.23271 10.19779 10.15967 10.10199 10.10765 10.17692 10.21956 10.20645 10.14922 10.03471 9.817803 9.57908 9.383698
9.582294 9.59885 9.597321 9.59213 9.59866 9.609514 9.617905 9.634375 9.648155 9.674177 9.689443 9.710485 9.726031 9.738836 9.74985 9.762558 9.762468 9.762266 9.775477 9.791055 9.80152 9.805079 9.806041 9.813248 9.800734 9.771177 9.728558 9.684895 9.635525 9.61342 9.652195 9.669416 9.605332 9.473314 9.40257 9.553277 9.65731 9.643282 9.531618 9.407975 9.432684 9.620619 9.837945 10.00827 10.15202 10.26713 10.3549 10.41065 10.4224 10.40198 10.38295 10.36107 10.32551 10.257 10.23006 10.31598 10.37898 10.35538 10.27525 10.14527 9.906867 9.643343 9.427595
9.582126 9.581333 9.586087 9.592128 9.597715 9.607372 9.62038 9.624694 9.637466 9.660618 9.67976 9.698979 9.716486 9.732143 9.745505 9.755513 9.765168 9.771548 9.778968 9.791492 9.801125 9.811011 9.816111 9.822835 9.809894 9.772951 9.724614 9.708396 9.691401 9.638026 9.64945 9.678698 9.644676 9.553429 9.443507 9.53256 9.618599 9.651962 9.592497 9.48225 9.462563 9.604795 9.809464 9.984775 10.11736 10.22809 10.3313 10.43268 10.4977 10.51185 10.52175 10.54068 10.53138 10.43994 10.37276 10.44931 10.54469 10.50763 10.38858 10.20469 9.956357 9.696754 9.47618
9.588876 9.576245 9.574771 9.583141 9.597343 9.608487 9.618519 9.629724 9.636478 9.644786 9.662828 9.688064 9.709 9.724856 9.740931 9.750955 9.764292 9.776861 9.782806 9.788891 9.793248 9.806738 9.817589 9.8163 9.819833 9.793921 9.733013 9.723144 9.729481 9.679448 9.668749 9.67385 9.648398 9.575989 9.507607 9.561833 9.604166 9.637581 9.636373 9.522667 9.487947 9.610519 9.80194 9.966719 10.11695 10.21685 10.32245 10.43905 10.54875 10.60433 10.66184 10.72279 10.76629 10.68194 10.54851 10.5745 10.68315 10.66028 10.4725 10.20225 9.944158 9.698981 9.50454
9.586455 9.585303 9.578494 9.583045 9.598048 9.610146 9.620322 9.626689 9.632668 9.638877 9.654769 9.680633 9.702981 9.723297 9.73643 9.75216 9.763844 9.777524 9.784511 9.786805 9.787529 9.787404 9.799278 9.810175 9.815517 9.796195 9.762372 9.726389 9.733236 9.709201 9.691708 9.682884 9.644654 9.572124 9.527399 9.571234 9.60862 9.622544 9.632562 9.548401 9.494087 9.586267 9.726115 9.93377 10.10851 10.22409 10.33773 10.46356 10.59944 10.70265 10.78656 10.89401 11.00158 10.96751 10.80155 10.74265 10.8045 10.7833 10.54543 10.21367 9.927185 9.688752 9.515471
