py_wake/examples/data/AJ_ParqueFicticio/Rough survey   Sector All   Height 200m   Mean speed.grd
DSAA
73  159
 258469   265669
 6501692   6517492
 6.237165   10.99624
[rows 28 to 55 of 159, columns 0 to 62 of 73]
8.02693 8.029589 8.030992 8.032849 8.036855 8.043327 8.049347 8.056014 8.057313 8.066936 8.079841 8.095469 8.107056 8.115919 8.12172 8.126416 8.133474 8.138863 8.141021 8.139256 8.129069 8.117227 8.118891 8.116436 8.106427 8.078238 8.044802 8.017732 8.010809 7.998835 7.980162 7.95898 7.907041 7.830427 7.798995 7.833496 7.856348 7.843465 7.831572 7.77064 7.72286 7.737607 7.800574 7.909168 8.028129 8.125157 8.195265 8.29682 8.434835 8.579833 8.722646 8.905811 9.129533 9.296729 9.34779 9.433023 9.549443 9.519893 9.239923 8.842016 8.460361 8.160143 7.965789
8.020594 8.025263 8.029786 8.032358 8.036568 8.041655 8.047021 8.054096 8.059031 8.067558 8.077928 8.091013 8.103057 8.112944 8.119402 8.125433 8.131079 8.138468 8.141809 8.139977 8.130282 8.113829 8.10795 8.10606 8.09833 8.077543 8.049088 8.029028 8.01642 8.007206 7.99331 7.966397 7.910306 7.839006 7.813971 7.84489 7.853539 7.844934 7.832634 7.789866 7.740007 7.736034 7.789704 7.868461 7.974462 8.09595 8.21181 8.350667 8.528635 8.721104 8.900735 9.096775 9.320017 9.523163 9.618806 9.675966 9.702838 9.559726 9.212452 8.794589 8.419941 8.150482 8.040245
8.011877 8.016597 8.022571 8.027822 8.030959 8.037389 8.043662 8.048305 8.056265 8.061866 8.071006 8.078461 8.086767 8.09815 8.106358 8.118068 8.128484 8.136468 8.139079 8.138647 8.128575 8.115478 8.103529 8.098258 8.088787 8.073732 8.057077 8.037676 8.020768 8.011115 7.994223 7.974275 7.917846 7.846676 7.822968 7.834984 7.841796 7.838404 7.835386 7.814765 7.765606 7.743448 7.781991 7.853943 7.940798 8.053372 8.196568 8.378287 8.594808 8.830766 9.061172 9.2924 9.51997 9.727538 9.860741 9.899497 9.82616 9.548396 9.128947 8.692451 8.343014 8.148462 8.17775
8.004784 8.008942 8.014229 8.020216 8.023514 8.030993 8.036166 8.040958 8.046007 8.053086 8.058549 8.065635 8.072017 8.080725 8.09517 8.110077 8.12519 8.135515 8.137016 8.133398 8.123979 8.11326 8.100685 8.089494 8.081035 8.071579 8.057394 8.043622 8.021977 8.005932 7.992885 7.972271 7.918644 7.861001 7.839908 7.830427 7.822674 7.818356 7.821854 7.82466 7.793036 7.766202 7.78225 7.845147 7.936546 8.041053 8.175621 8.357088 8.580546 8.835045 9.106817 9.388884 9.660488 9.892967 10.05386 10.07777 9.906984 9.524166 9.045323 8.601102 8.287258 8.190045 8.34157
7.995777 8.001754 8.008369 8.014307 8.018456 8.02624 8.030311 8.03373 8.037715 8.043592 8.048158 8.053782 8.056666 8.061315 8.077209 8.09639 8.117112 8.132298 8.133972 8.124649 8.11694 8.108028 8.096409 8.084897 8.075743 8.062233 8.051616 8.041351 8.021887 7.998103 7.986465 7.963912 7.917924 7.873261 7.847868 7.838845 7.819323 7.793411 7.799718 7.818185 7.820693 7.790288 7.788927 7.831418 7.921899 8.054875 8.20509 8.357199 8.537533 8.767053 9.037454 9.343625 9.66212 9.948572 10.16285 10.19067 9.963594 9.520873 9.017079 8.576393 8.306789 8.303915 8.535738
7.996786 7.999751 8.005056 8.011869 8.019011 8.025261 8.029227 8.033329 8.036253 8.038947 8.042068 8.04547 8.04648 8.047705 8.06435 8.084379 8.107882 8.12311 8.124399 8.11889 8.109814 8.101705 8.090631 8.080031 8.06989 8.057688 8.041973 8.035644 8.020754 7.996678 7.980385 7.957651 7.919889 7.880617 7.853029 7.844482 7.826665 7.781152 7.785696 7.810107 7.833827 7.838433 7.820055 7.824256 7.892809 8.029531 8.209208 8.386582 8.559779 8.765312 9.01615 9.309674 9.619088 9.924506 10.18036 10.26368 10.00977 9.562873 9.056819 8.639694 8.404994 8.457893 8.739919
8.001683 8.003465 8.007004 8.010993 8.015533 8.020444 8.025036 8.029736 8.034683 8.037722 8.040669 8.042103 8.045239 8.046675 8.059398 8.081954 8.103214 8.114884 8.112495 8.106009 8.097211 8.086095 8.077386 8.069179 8.060025 8.0485 8.035959 8.024953 8.012766 7.997662 7.977027 7.954683 7.926544 7.886956 7.848825 7.82979 7.829428 7.795067 7.776709 7.796988 7.843832 7.885423 7.894133 7.875299 7.881981 7.993132 8.181325 8.389195 8.603012 8.839681 9.109052 9.402855 9.687913 9.965992 10.19976 10.29796 10.08523 9.663714 9.180281 8.784005 8.586074 8.66723 8.939648
7.994962 7.999872 8.004628 8.010753 8.013586 8.016567 8.021616 8.025013 8.027706 8.031087 8.031927 8.035063 8.037588 8.041667 8.056495 8.07373 8.091383 8.102731 8.093845 8.082387 8.072641 8.06359 8.059134 8.053926 8.050467 8.041115 8.029316 8.018237 8.005065 7.99052 7.971869 7.949306 7.927935 7.895566 7.852973 7.813904 7.81154 7.807995 7.781365 7.797455 7.866981 7.941383 7.995471 7.993237 7.948039 7.99148 8.159719 8.395696 8.646527 8.916499 9.206391 9.535783 9.837646 10.08652 10.28164 10.35991 10.18722 9.791039 9.32315 8.954867 8.824124 8.932081 9.154757
7.983111 7.989565 7.995989 8.005247 8.013241 8.020765 8.021978 8.023089 8.024613 8.02597 8.025965 8.025262 8.025368 8.029358 8.043689 8.05988 8.072719 8.075798 8.066901 8.049815 8.042859 8.038929 8.038213 8.042218 8.041886 8.034801 8.024465 8.010797 7.997329 7.983124 7.968212 7.945989 7.922863 7.901899 7.863306 7.818787 7.79603 7.802971 7.797368 7.83465 7.93117 8.052744 8.150884 8.174989 8.109221 8.041039 8.138705 8.368376 8.651313 8.943212 9.246211 9.58232 9.910128 10.18297 10.37521 10.44797 10.27742 9.883787 9.437716 9.134533 9.103331 9.232986 9.398482
7.964604 7.973918 7.985018 7.996269 8.004808 8.014559 8.020059 8.022981 8.024231 8.022271 8.021249 8.020398 8.01557 8.017448 8.028268 8.038093 8.043899 8.040866 8.034088 8.015793 8.008742 8.011584 8.018184 8.028383 8.033152 8.025251 8.015596 8.001007 7.988998 7.970416 7.958738 7.945103 7.925428 7.907653 7.878213 7.827555 7.772457 7.776072 7.798571 7.853061 7.99016 8.176187 8.338807 8.410464 8.354403 8.208167 8.161773 8.311832 8.564383 8.847577 9.153488 9.478188 9.825958 10.14465 10.39443 10.50241 10.34395 9.964817 9.545362 9.320747 9.358586 9.50425 9.629178
7.958525 7.968322 7.980106 7.989889 7.995579 8.000474 8.004391 8.010414 8.018494 8.023178 8.025517 8.020244 8.01478 8.010558 8.014917 8.018854 8.020605 8.017389 8.011877 7.996523 7.977246 7.988268 8.003445 8.013286 8.019995 8.012383 8.003571 7.990385 7.974377 7.956737 7.942492 7.939129 7.928705 7.910964 7.887076 7.838451 7.760202 7.746708 7.780535 7.862715 8.022699 8.251325 8.487693 8.637412 8.629388 8.47259 8.324661 8.341989 8.483576 8.714536 9.010018 9.331079 9.683546 10.03516 10.3425 10.50372 10.40406 10.05414 9.676365 9.492599 9.531651 9.67189 9.746563
7.962 7.974072 7.985195 7.993719 8.000044 8.002885 8.001669 8.008285 8.016471 8.024725 8.030231 8.027905 8.020612 8.012296 8.010789 8.011304 8.013329 8.014224 8.011659 7.996381 7.97634 7.978165 7.990812 8.002719 8.004168 7.99911 7.989534 7.977672 7.96561 7.947657 7.934752 7.930053 7.924203 7.910202 7.887336 7.842434 7.767003 7.735593 7.766033 7.87223 8.050012 8.294192 8.56057 8.781383 8.867118 8.756223 8.595641 8.5461 8.582009 8.727004 8.997659 9.311874 9.64252 9.988184 10.30855 10.51334 10.47428 10.17561 9.831457 9.631249 9.59809 9.641816 9.666774
7.960947 7.973877 7.986205 7.996248 8.005365 8.00915 8.008697 8.01159 8.017048 8.024643 8.028531 8.029196 8.020574 8.012329 8.006022 8.003728 8.004979 8.005734 8.007132 7.999647 7.986053 7.979706 7.978412 7.981828 7.982912 7.974093 7.968806 7.96286 7.955207 7.944335 7.935003 7.929496 7.920848 7.910192 7.891221 7.845485 7.774077 7.724782 7.762419 7.891384 8.09284 8.341869 8.606309 8.852952 9.009144 8.990943 8.863184 8.802303 8.806898 8.896469 9.114594 9.399187 9.716619 10.03916 10.33227 10.54252 10.54672 10.30968 9.994462 9.714448 9.514602 9.433307 9.405909
7.975105 7.981264 7.987674 7.991195 7.994524 7.997134 7.99968 8.004935 8.011863 8.015686 8.014535 8.013214 8.000879 7.98953 7.985549 7.986966 7.988603 7.990742 7.991509 7.989007 7.989877 7.986406 7.980278 7.966422 7.951686 7.942154 7.946297 7.949145 7.946954 7.939702 7.932508 7.930229 7.922854 7.914193 7.897983 7.860562 7.779076 7.713071 7.764441 7.904394 8.118745 8.363757 8.617079 8.866796 9.054685 9.109764 9.036343 8.980891 9.008849 9.097139 9.26273 9.502367 9.782319 10.07436 10.34503 10.5576 10.60458 10.43054 10.10629 9.731431 9.391388 9.180249 9.077399
7.992723 7.996705 8.00041 7.997667 7.986918 7.985598 7.986642 7.989754 7.995062 7.999286 7.995986 7.990782 7.97861 7.969144 7.968721 7.972313 7.973724 7.973143 7.971055 7.971688 7.976515 7.982856 7.987566 7.976701 7.945714 7.926333 7.927244 7.932546 7.934018 7.927652 7.924071 7.921428 7.919243 7.91634 7.902931 7.872014 7.80056 7.732246 7.766329 7.8857 8.074711 8.29469 8.523282 8.765945 8.959356 9.043136 9.011446 8.965684 9.035717 9.154639 9.316916 9.51701 9.749893 10.00636 10.27325 10.50531 10.61063 10.48808 10.1699 9.747746 9.324395 8.982488 8.782222
8.001463 8.009905 8.018538 8.021385 7.999567 7.97469 7.965503 7.974649 7.98668 7.994771 7.998414 7.987197 7.974548 7.965499 7.962654 7.962419 7.961309 7.955811 7.948821 7.946298 7.955276 7.968239 7.980322 7.976637 7.952755 7.930807 7.920854 7.917336 7.91312 7.907447 7.909193 7.909625 7.908659 7.908797 7.900856 7.87387 7.81644 7.752229 7.748029 7.827532 7.970286 8.16118 8.372295 8.592705 8.763391 8.839077 8.826632 8.818036 8.900462 9.042766 9.204797 9.388037 9.607198 9.857505 10.15466 10.42689 10.56706 10.46734 10.15449 9.739223 9.308752 8.913185 8.618845
8.001808 8.012008 8.024038 8.032538 8.019423 7.986453 7.959402 7.961696 7.978095 7.993252 8.005228 7.998621 7.977924 7.963887 7.958516 7.955944 7.95044 7.940852 7.932814 7.92205 7.929597 7.94376 7.955143 7.951634 7.934413 7.917598 7.909274 7.904884 7.901561 7.89077 7.889502 7.897648 7.897977 7.896849 7.89334 7.870332 7.826764 7.776191 7.751286 7.78359 7.877608 8.050273 8.241103 8.410253 8.547831 8.620852 8.652801 8.686917 8.783005 8.929181 9.079518 9.253863 9.489779 9.78764 10.11472 10.3941 10.49647 10.35415 10.06873 9.690831 9.295244 8.918908 8.599657
8.001392 8.012075 8.023432 8.032025 8.032892 8.006826 7.980634 7.974069 7.979465 7.989902 8.000105 7.994952 7.9822 7.969934 7.96097 7.954527 7.946277 7.937215 7.924543 7.910742 7.912771 7.92353 7.926971 7.919941 7.901718 7.891986 7.88992 7.883523 7.870049 7.855284 7.852851 7.867096 7.869292 7.86166 7.872674 7.857212 7.822221 7.788496 7.782759 7.791738 7.847841 7.978735 8.132723 8.271049 8.417908 8.540198 8.643564 8.732065 8.830895 8.957041 9.103985 9.282851 9.529085 9.849594 10.16946 10.40336 10.41825 10.20492 9.9049 9.584803 9.276581 8.976216 8.699205
7.994332 8.010178 8.026269 8.034684 8.035854 8.027575 8.01098 8.004883 8.001763 7.990578 7.990351 7.984296 7.97366 7.965246 7.957219 7.947226 7.939288 7.933079 7.92573 7.915555 7.914871 7.921941 7.925214 7.915733 7.891448 7.879251 7.875339 7.862562 7.842844 7.817896 7.811196 7.822045 7.815166 7.812135 7.834312 7.82946 7.80163 7.778036 7.784907 7.824848 7.881562 7.971202 8.10018 8.264504 8.442541 8.606506 8.729769 8.837186 8.942311 9.06794 9.223026 9.433085 9.683451 9.968163 10.22825 10.3904 10.33489 10.09041 9.75427 9.440195 9.186228 8.970892 8.778527
7.984611 7.999681 8.011901 8.025393 8.031104 8.035247 8.034288 8.033279 8.033505 8.010216 7.97646 7.96771 7.954897 7.943834 7.934374 7.9285 7.926384 7.92556 7.925227 7.917239 7.919961 7.92244 7.927405 7.921045 7.895307 7.876302 7.861004 7.845063 7.824004 7.805414 7.789776 7.790252 7.781838 7.771097 7.789382 7.788904 7.770461 7.758964 7.769595 7.821421 7.900196 8.002793 8.135717 8.290198 8.464713 8.626264 8.734122 8.824143 8.929033 9.076944 9.28491 9.553422 9.829278 10.05885 10.20718 10.24411 10.19233 10.00023 9.706144 9.392068 9.116269 8.895569 8.730287
7.98026 7.990927 8.000265 8.009579 8.023509 8.034641 8.043622 8.050931 8.053338 8.030427 7.981793 7.949751 7.93207 7.913374 7.907845 7.909126 7.911341 7.910245 7.906182 7.901746 7.903407 7.904627 7.904425 7.897163 7.876765 7.853438 7.841885 7.831769 7.823414 7.813472 7.808574 7.810431 7.7946 7.767899 7.778373 7.777236 7.75838 7.744416 7.744248 7.790054 7.867303 7.966556 8.087062 8.234099 8.386998 8.523631 8.63131 8.741411 8.901252 9.110358 9.361996 9.633137 9.884841 10.03718 10.07292 10.02258 9.954807 9.838084 9.650442 9.440632 9.187893 8.918541 8.690312
7.987207 7.996675 8.000764 8.003135 8.018841 8.036674 8.050635 8.05924 8.05537 8.037672 7.995737 7.946624 7.91298 7.89498 7.891891 7.902111 7.90597 7.898829 7.886356 7.877072 7.878883 7.883825 7.882839 7.876497 7.864486 7.84073 7.836355 7.8377 7.83054 7.824293 7.818733 7.819566 7.816206 7.796963 7.794003 7.790346 7.763866 7.732892 7.716696 7.737983 7.798213 7.875195 7.977069 8.097668 8.235051 8.389297 8.545035 8.745425 8.969814 9.225077 9.487185 9.704049 9.843925 9.902513 9.876442 9.768119 9.66416 9.572401 9.463755 9.400077 9.280381 9.057325 8.804419
7.987143 8.002846 8.015678 8.01533 8.025167 8.043342 8.059504 8.065213 8.058331 8.04025 8.001656 7.959043 7.915808 7.89906 7.898006 7.905571 7.914493 7.912598 7.890918 7.871953 7.874299 7.878242 7.882382 7.880966 7.87386 7.866116 7.860081 7.854019 7.849903 7.843119 7.827947 7.812567 7.797293 7.790847 7.79452 7.786902 7.750072 7.713939 7.695452 7.7034 7.741255 7.807008 7.902462 8.006947 8.150761 8.343156 8.557509 8.798396 9.054331 9.313704 9.555752 9.715408 9.72225 9.701751 9.680501 9.563628 9.415291 9.300893 9.200372 9.199746 9.240618 9.181807 9.000761
7.979373 7.999735 8.017093 8.027038 8.035542 8.049788 8.065691 8.068089 8.058691 8.040849 8.006861 7.968742 7.93214 7.911202 7.906762 7.906079 7.908278 7.912847 7.904468 7.895292 7.893434 7.890322 7.888133 7.887084 7.888559 7.891684 7.89006 7.881659 7.872714 7.87261 7.863075 7.833169 7.78865 7.775384 7.788252 7.771168 7.726625 7.698472 7.685968 7.68505 7.714808 7.776319 7.87369 7.996927 8.155367 8.364257 8.594161 8.831244 9.071575 9.312267 9.525614 9.649075 9.582617 9.487558 9.484167 9.439457 9.274885 9.093526 8.95161 8.936549 9.040093 9.141852 9.117517
7.97439 7.995084 8.013727 8.028551 8.040242 8.050686 8.05981 8.063174 8.054972 8.040316 8.011839 7.976909 7.949994 7.930227 7.92028 7.909651 7.895126 7.890614 7.896206 7.903167 7.912007 7.911729 7.899408 7.895815 7.902781 7.909352 7.911721 7.908661 7.908276 7.911439 7.909473 7.876945 7.832367 7.815851 7.826091 7.79639 7.744 7.713704 7.704016 7.70714 7.712354 7.74304 7.834808 7.962523 8.134879 8.351681 8.578365 8.788209 9.008711 9.235992 9.457924 9.570299 9.457872 9.288654 9.270256 9.33497 9.25376 9.040118 8.802116 8.703062 8.796289 8.959615 9.060734
7.979263 7.998752 8.015396 8.031137 8.044621 8.055004 8.057973 8.055105 8.04735 8.03525 8.01503 7.988045 7.962123 7.945472 7.9369 7.925425 7.901395 7.882701 7.884739 7.894456 7.905287 7.918571 7.912104 7.909802 7.916275 7.924337 7.923859 7.929742 7.942939 7.95382 7.952438 7.929417 7.893197 7.901245 7.922062 7.904397 7.851527 7.796236 7.766926 7.78936 7.787775 7.778863 7.824542 7.927293 8.087014 8.283837 8.49079 8.68605 8.904101 9.142847 9.373172 9.48365 9.350997 9.127008 9.062445 9.176716 9.249012 9.104652 8.816747 8.578621 8.582041 8.74435 8.917432
7.992059 8.008081 8.020813 8.036063 8.050484 8.061492 8.059559 8.053032 8.045049 8.03306 8.018977 7.998161 7.973486 7.952441 7.941793 7.936416 7.914631 7.895535 7.893085 7.891015 7.886444 7.885016 7.896037 7.906731 7.919623 7.929286 7.931683 7.940621 7.96489 8.003847 8.019316 7.998682 7.961293 7.981106 8.022636 8.042176 8.003483 7.923778 7.851808 7.879154 7.907263 7.903637 7.903002 7.9484 8.066087 8.224501 8.395295 8.579025 8.80217 9.034762 9.239491 9.345614 9.241138 8.992518 8.875613 9.002097 9.173563 9.156674 8.882677 8.574895 8.430447 8.562244 8.796956
7.999696 8.018248 8.033238 8.047638 8.058288 8.062345 8.059062 8.051397 8.041769 8.031164 8.02009 8.003572 7.985133 7.95936 7.937277 7.930976 7.926883 7.915745 7.912285 7.911591 7.891589 7.868397 7.880386 7.897596 7.911628 7.921905 7.927593 7.941918 7.984756 8.054004 8.110282 8.106091 8.052404 8.069353 8.113795 8.166618 8.153859 8.062797 7.958762 7.953245 8.017295 8.038463 8.041562 8.044863 8.092617 8.213112 8.3435 8.484255 8.664813 8.864717 9.068556 9.199798 9.115124 8.873868 8.723646 8.853088 9.074423 9.13243 8.901914 8.584799 8.364429 8.427622 8.680532
