py_wake/examples/data/AJ_ParqueFicticio/Rough survey   Sector 8   Height 30m   Orographic turn.grd
DSAA
73  159
 258469   265669
 6501692   6517492
-66.54638   66.4292
[rows 54 to 80 of 159, columns 0 to 61 of 73]
-.03746755 .08346839 -.2129049 -.02414103 .3104677 .6745222 .2805066 -.02720421 -.3592908 -.7354236 -1.019568 -1.188084 -1.244371 -1.255761 -1.2631 -1.451211 -2.012059 -1.644393 -.7703657 -.1515457 .1189874 -.6609182 -1.583427 -1.34074 -.8927416 -.802647 -1.159044 -1.448056 -1.416075 .3341165 2.558916 4.353366 2.119519 1.589821 2.528037 3.301058 4.742977 5.694711 3.530867 3.57583 3.550345 6.936096 8.295193 9.219963 9.682534 10.3227 9.823957 7.957514 8.455821 9.30251 11.84959 14.0007 13.3477 6.553034 2.715884 5.5609 7.896677 7.794269 4.190388 1.170208 -.4862476 -.3858223
.1461013 -.1382388 -.134462 .1949899 .5570338 .7575052 .1439375 -.2559028 -.4945646 -.693783 -.867011 -.9688971 -.9113261 -.7900012 -1.159002 -1.461274 -1.540604 -1.411793 -.7396768 .1084789 .4375721 -.6461858 -.9151861 -.8211368 -.6449788 -.6686323 -1.109945 -2.174167 -3.302078 -1.222277 1.542073 2.690576 .3477587 .0937761 .5745425 1.603336 1.685148 2.140443 1.019553 -.08538085 1.989845 1.277129 3.981632 5.821997 7.104361 9.682384 10.53415 9.76294 9.84846 10.75228 13.65307 16.34963 14.81489 7.070017 .6405774 4.928912 12.38966 12.33203 5.832099 -.3130595 -5.496282 -4.207657
.3479725 -.2210923 .2378231 .4748656 .8877115 .2392123 -.1667148 -.5072808 -.5120701 -.7450061 -.8465012 -1.111634 -1.186643 -.971945 -1.543912 -1.511897 -1.52392 -1.412689 -1.204169 -.8321173 -1.878595 -2.047742 -1.059202 -.656089 -.6942246 -.5974496 -1.193389 -2.839993 -3.7273 -2.679202 .7594823 -.0500644 -1.597084 -2.537809 -.7307938 .7875553 1.562483 .9615022 -.9876917 -1.512545 1.708896 .7630556 1.195099 1.731307 3.955287 7.639889 9.971395 9.694385 10.40841 10.91714 13.3154 14.48146 13.18923 5.769362 -2.23052 4.53459 14.6837 15.59013 10.11542 1.439073 -7.417439 -4.808569
.4278181 -.1934201 .6955192 .831457 1.113436 -.08319584 -.5730856 -.6756808 -.7238913 -.7339355 -.8678429 -1.044449 -1.267249 -1.880892 -2.032155 -1.735326 -1.642823 -1.476081 -1.304402 -1.303687 -1.543045 -1.525607 -.985209 -.929956 -.724986 -.5276561 -1.028465 -2.814882 -2.623108 -1.016703 2.797844 -.329922 -2.879392 -2.529602 -.6409835 .3081599 2.881699 1.168726 -.9030536 -.9501942 1.488062 2.333325 2.061484 2.412702 4.685399 7.705213 9.806064 9.14235 9.67918 10.58801 13.156 13.57417 12.70549 3.44681 -4.783233 1.664401 10.53675 13.32418 9.854906 3.702223 -3.311087 -5.233195
.8209569 .6529664 1.572858 1.836976 1.853134 .1860844 -.6923916 -.727896 -.6936691 -.6329736 -.7312434 -.9398111 -.9931757 -1.337236 -1.396711 -1.464961 -1.458024 -1.389556 -1.46552 -1.294849 -1.078472 -1.092197 -.804516 -1.225448 -.9290643 -.8241348 -1.116985 -.5464867 -.01486843 3.136748 5.431699 2.397525 .1358001 -1.247625 .4137873 2.047972 4.46781 3.409055 1.094697 .6781706 2.257203 2.819724 2.775813 3.339816 6.487656 9.235288 10.75569 10.46261 10.13414 10.99883 13.34696 13.87206 12.4865 4.509923 -2.104348 2.934834 9.709797 11.04504 7.499419 1.686788 -4.192652 -7.642148
.2112029 1.128272 2.874017 3.297993 2.861034 1.459871 -.5611118 -.735883 -.5027351 -.4766545 -.4946528 -.4125926 -.7746688 -1.12958 -.9565181 -1.083796 -1.188286 -1.22306 -1.484577 -1.089386 -.9936858 -1.092111 -1.13019 -1.349132 -1.235617 -1.288578 -.8682426 .9747099 3.371418 7.810996 10.58738 8.465976 5.979958 4.257752 5.111182 6.34593 7.214932 5.576986 3.101497 2.415959 3.2608 2.895946 2.468529 3.914793 7.20003 9.227971 11.15196 11.65945 13.10121 14.3736 13.75375 13.4068 12.92322 6.954504 1.166711 3.849609 10.55462 12.01571 7.893513 .6594034 -4.452324 -9.015192
-1.093624 .6617683 2.551943 2.425445 2.016993 1.692172 .192262 -.526202 -.2355607 -.1478066 -.105967 -.1004633 -.233179 -.784815 -.7162663 -.7720811 -1.142995 -1.349392 -1.24764 -.7404725 -.4210065 -.4502693 -.7493749 -1.147442 -1.489931 -2.143333 -1.213777 -.371435 2.67937 7.475814 11.00645 10.21261 8.626331 7.910624 9.047715 10.19877 10.21718 9.079555 6.331512 4.838796 4.930428 4.014358 2.572087 4.25974 6.879944 8.22298 8.80908 10.2837 12.96511 15.04424 14.00268 13.04519 12.59463 9.140852 3.451634 3.214528 9.3638 11.47203 8.041498 1.148928 -4.815085 -8.078784
-.6070756 1.261337 1.887589 1.079283 .3578787 .4645199 .2741762 -.1128465 .2560457 .1237645 .08689196 .02248966 -.2872287 -.4087352 -.4062862 -.6329046 -.9731128 -1.456186 -.9542251 -.634569 -.1222341 -.7173897 -.7157347 -1.050875 -1.661071 -1.959427 -1.698941 -.8324612 .9243206 4.173845 6.97984 8.30763 8.112326 7.278757 9.538449 11.27747 11.1888 10.23486 8.600533 7.150375 6.539629 5.370127 4.692521 5.181651 7.610891 8.04209 7.617436 8.397107 12.27251 15.12629 15.4931 13.69737 11.07493 9.287648 5.055415 5.167984 8.663379 10.20696 8.132024 1.836249 -3.679554 -4.912523
-.2365948 1.263939 .4715073 -.06609168 -.8389245 -1.335547 -1.335942 -.3235373 .06475046 .1369891 .1046813 -.01795398 -.3943653 -.2522839 -.2544631 -.407441 -.6984066 -1.28995 -.5070772 -.2596259 .1028655 -.2877231 -.4275411 -.9870068 -1.881935 -1.478901 -1.77511 -.05858891 1.030067 2.820598 3.9569 3.36391 3.69447 5.685884 8.275418 10.89628 11.37772 10.89411 9.700217 8.173795 6.749763 5.584526 4.732565 5.606412 7.78355 8.329508 8.01878 7.431548 9.298206 12.00686 13.00095 13.5643 12.0485 8.81876 5.912413 4.626702 7.838111 9.280452 7.335808 1.289966 -3.853575 -3.718334
.2697402 .8179125 -.07325148 -.7646538 -1.335557 -1.556001 -1.21145 -.3338155 .04893923 .07280102 -.1136443 -.3908343 -.2462499 -.1251373 -.06166067 -.1374035 -.4074757 -.8402821 -.1448393 .3294953 .3828647 .2758999 .2413493 -.3442304 -.8472326 -.3461132 -.5474911 .4197059 1.865515 3.19567 4.593583 2.982762 3.01888 4.739618 7.702516 10.59116 11.11958 10.86826 9.785834 8.866241 7.826827 6.68392 5.245868 5.646453 8.303506 8.495428 8.126042 8.520443 9.249605 9.829249 12.20357 11.91667 14.49278 10.74042 7.002844 5.878973 9.976472 10.08213 7.717445 2.330734 -3.190822 -4.716108
.5985373 .5158169 -.4429997 -.9467106 -1.190601 -1.299289 -.6662973 .1042455 .4552951 .1096415 .03267185 -.02506192 -.1040682 .04766881 .007304552 -.06580755 -.6556897 -.3074673 .3143165 .5663927 .3608479 .9906026 1.095329 .7366857 .7730106 .9947875 .8556553 2.009591 4.004464 4.712769 4.669866 3.354225 3.038745 4.220624 7.168709 8.625997 10.31439 10.18119 9.471092 9.12931 9.051901 7.920154 8.210834 8.796285 9.553278 9.552398 8.511674 9.202266 10.01811 8.563299 10.60449 12.04352 15.14075 14.66252 8.610838 6.409815 10.68836 15.02876 15.96918 9.900758 5.625996 4.922241
.6096188 .5241213 -.5828203 -1.008833 -1.154763 -.9783829 -.5196593 .434221 .8666381 .04946861 .02715456 .09440921 .08148331 .146298 .01878671 -.05470456 -.4548264 .1431164 .3027255 .2569585 .5360472 1.585938 1.912407 .9737021 1.534018 2.030984 3.125234 5.232574 7.069982 7.554927 7.79481 4.381775 3.842877 5.793449 8.058366 9.003203 9.996523 10.12497 9.44693 10.03369 9.358407 7.712865 8.493855 9.292962 10.40223 8.810021 8.240194 9.316426 9.188527 6.762357 7.250521 10.56594 13.11723 12.90426 11.12179 6.400267 6.090565 10.32384 14.49375 18.06621 16.07381 14.59816
.301674 .3713729 -.6680133 -1.108578 -1.003767 -.8429936 -.4534079 -.2189 -.7717119 -.8022822 -.2224022 -.1353717 -.09892838 -.06098651 -.1621164 -.373934 -.2044184 .2719102 .1512563 -.3993226 .3342822 1.612794 .9775566 1.003145 2.006503 2.684247 4.72757 6.832321 8.742778 10.18064 9.898042 8.011513 5.893924 7.986724 8.658969 9.235971 10.49159 10.56004 10.63654 10.92383 9.498106 8.477345 9.577024 10.57898 11.21135 9.639516 7.720921 9.861633 10.33811 6.861254 6.310558 8.836613 7.956411 8.280252 7.529718 3.639794 1.728238 4.158274 4.594616 7.433593 13.07424 14.47612
.2447799 .003582502 -.7841644 -1.085967 -1.128027 -.5789429 -.04937014 -.2913049 -.584576 -.7005302 -.3915477 -.2130076 -.2087416 -.2097441 -.3148964 .1080997 .3920117 .414532 .09135495 .1267395 .5402764 1.331774 .7253782 1.049212 1.852491 2.894458 5.841315 7.534396 9.089472 10.6127 10.44878 9.224934 7.790741 9.414964 9.37086 9.171852 9.683156 10.04947 9.98009 10.80082 11.02331 12.15997 12.31434 12.60925 12.60378 9.214176 7.438958 9.330038 7.841839 3.961788 6.745245 8.215378 5.351298 2.880484 2.508153 .101637 .819447 -.7110625 -.6083283 .8565819 1.195894 4.257576
.3757902 -.3012424 -1.234195 -1.219825 -.9033561 -.09576996 .178461 -.06578927 -.1847869 -.2751262 -.2072006 -.1602761 -.3286079 -.5862733 -.2938616 .5288998 .8993887 .7765233 .2620686 .4787455 .8525437 .9239836 .5042003 .8462891 1.151141 3.55946 5.051878 7.087887 9.450443 11.59134 11.7487 10.50935 8.940066 9.925543 10.96119 9.690022 9.435691 9.055527 8.003829 9.641115 9.3259 10.63299 12.49919 13.56586 13.28594 11.74589 12.15456 11.89436 10.72999 6.586147 7.869877 9.351832 6.810966 1.779941 -2.025417 -4.550116 -4.062675 -.2169922 2.627437 3.258422 1.734414 1.704111
.7243179 .02837689 -1.514843 -1.544331 -.6462663 .4457675 .1381014 .1267521 .1541954 .2550966 .3414045 .1749694 -.3016236 -.7810351 .3778032 1.290947 1.59876 .7846016 .3966123 .3802699 .504024 .07948816 .3684087 .8296623 2.105128 3.951481 4.538053 6.391393 8.610338 11.85416 13.17318 12.49157 10.85174 10.91835 11.83928 10.34767 9.374035 8.466454 6.714374 7.253973 6.998378 6.933404 8.623299 10.52709 10.56954 10.37811 12.5482 15.00309 14.92003 13.13193 12.95012 12.1579 9.113305 5.127213 .4661274 -6.277804 -4.028508 1.753081 5.39113 6.475908 5.471625 2.225028
1.466666 .8737393 -1.133348 -1.215204 -.004750546 .7574895 -.01305667 .02988936 .4041544 .6273552 .885488 .8520995 .1049929 -.2311374 .4765951 1.389768 .368769 .1879798 .283261 .3321683 .02039327 -1.376542 .3771969 .8041463 2.866647 3.452155 4.570383 5.402843 7.832188 11.35704 12.347 13.39256 12.6088 12.4559 12.12423 10.7672 9.366604 7.713321 5.879757 5.072593 5.975998 6.663859 7.255783 6.683731 8.015661 8.277632 10.51569 12.68386 13.9753 16.48394 20.89876 20.73627 20.51822 18.40313 7.002865 -2.780528 -5.540735 .2846824 4.407188 5.019484 4.485027 1.572056
1.846262 1.430606 .503336 -.2368679 .8883261 .9089732 -.29755 -.1000669 .4612833 .9777383 1.071403 .1867925 -.4792211 .05345712 .4190027 1.267276 .2821855 .3796536 .5523244 .3132846 -.3195839 -.837729 .6518456 1.1809 2.925814 2.972166 4.253605 4.907765 7.562114 10.01959 11.17337 11.08729 10.55087 11.95626 11.37117 10.46929 9.000823 7.082104 6.298636 6.253818 7.084516 6.585624 6.436254 5.451818 5.649733 5.739596 6.335671 8.334159 10.32594 13.60399 19.05041 21.85457 24.42731 23.54522 15.39031 3.660165 -1.913408 -.1749816 2.230835 2.009166 2.511505 .3427894
1.131991 -.2094428 -1.000684 .3129271 1.261437 1.110081 -.6692212 -.3006668 .5245587 1.030979 .1644148 -.03144003 .2818783 .6764815 1.217759 1.524644 .7045929 .8589249 .9969251 .7617017 -.02191187 .2140056 1.388443 2.429761 3.014805 3.163007 3.68873 4.613553 6.963465 10.53236 11.82602 11.07499 10.75505 10.99347 10.80219 10.43665 8.550974 7.387917 6.8454 7.147512 7.353518 6.40381 4.763382 5.503737 5.437439 4.742322 4.484273 4.454154 6.156639 6.775837 6.490553 5.222989 7.121452 12.28961 13.62516 4.774858 1.735505 1.212214 1.360594 1.177505 .5716571 -1.267151
-.4789284 -.9617756 -.5492998 .5962942 1.40349 1.268442 -.8629993 .06755295 1.577571 1.149875 .7215155 .6029525 1.17738 1.782325 2.2602 2.025628 1.175406 1.474804 1.554273 1.453799 .8690775 1.570726 2.971035 4.129469 4.500916 4.277247 3.689038 3.885123 6.522202 9.740744 10.84316 10.09574 10.35447 9.715092 9.742508 10.10022 9.473793 8.552165 7.620165 6.94081 6.635843 5.36023 3.332935 4.614537 4.375992 5.161738 3.569471 3.787522 4.687307 3.886907 3.411648 1.823972 2.753096 4.86125 4.786071 1.255785 1.703968 3.929173 2.576974 2.277903 1.575503 -2.2459
-.5919936 -.719312 -.3166617 .5296382 1.801141 1.518291 -1.210096 .8974569 2.722937 1.552424 1.325935 1.191948 1.506087 2.557523 2.997104 2.54707 1.734046 2.128021 2.147084 2.138803 1.609352 3.052434 4.035056 5.331575 5.756857 5.484774 4.481658 4.332607 6.765704 10.59332 10.06099 9.120399 8.278889 8.782495 9.367652 9.35858 9.643201 9.285365 9.09837 8.81982 7.723432 4.417694 3.274886 4.1325 2.847107 4.733265 3.755296 4.557044 6.341511 7.427058 7.364609 5.263394 3.838565 4.519053 3.483433 -2.140174 .5484743 5.409814 6.016522 5.29228 4.133049 1.749105
-.1598166 -.2727931 -.2840308 .006201877 .4392082 -.3808201 -.5809225 1.457402 2.943524 1.916801 1.584001 1.566624 1.674447 2.391646 1.818421 1.72196 2.068043 2.484848 2.24845 2.101377 2.093003 3.866323 5.095098 6.583704 6.770808 6.863183 6.169877 7.499061 9.663298 13.80343 13.0343 11.98098 10.94938 8.990946 8.946902 8.550223 8.504574 9.120843 9.180791 9.72154 10.4844 8.437927 7.349937 7.206675 6.723542 6.669621 9.465186 6.728167 10.55924 11.71912 11.12622 12.60968 15.69159 15.70809 9.271192 4.91681 4.665344 8.859536 8.658469 9.124275 9.380473 6.767406
.279367 .1111598 .05759928 -.02020377 -.4624488 -.8322311 -.1535104 1.301958 2.468778 2.292467 2.01923 1.925049 2.105135 2.223731 1.24655 .8536142 1.831166 2.334095 2.002359 1.706445 2.84856 4.517982 5.703194 7.410553 7.696661 7.962512 7.908131 10.80758 13.86555 17.4241 16.23148 14.53873 12.64396 10.34857 9.191722 8.390919 8.388564 9.647509 8.841613 9.198167 10.08082 9.286661 10.31073 12.12463 12.89332 14.27106 15.75859 14.27943 13.52841 11.76545 11.27433 12.43154 15.63053 21.12995 19.23071 15.26128 14.39618 14.79242 16.36472 18.54301 15.87099 13.65574
.684176 .5291095 .4508685 .2797163 -.1171785 .627619 1.146996 2.014432 2.412631 2.681834 2.49075 2.361415 2.539218 2.529789 2.047057 2.281967 2.505653 2.635206 1.976761 2.537003 3.147109 3.392277 5.479235 6.636848 7.049647 7.880421 9.082598 12.19873 16.57685 20.64298 18.45971 15.62078 12.99025 11.05239 9.651499 10.05996 11.75389 11.29459 9.79566 12.34223 11.69269 8.544191 8.853777 10.29534 7.788532 6.905902 7.633732 7.541663 9.052933 9.986284 9.149028 10.09896 11.40397 13.06473 11.20387 12.64923 12.89578 14.66586 12.00412 13.18876 14.55402 12.30533
.9766666 .8915061 .7983732 .7845274 .4478513 1.422553 2.10446 2.884949 2.931138 3.111618 2.885894 2.633668 2.497538 2.602285 2.784669 3.17725 3.508149 3.48743 2.698395 3.680757 3.934266 4.284344 6.223737 5.991014 6.195758 6.531765 8.481402 11.84716 16.60539 18.69583 17.77835 14.73543 12.24929 10.68225 9.232828 8.265067 8.965588 9.753632 7.547297 10.45612 9.965363 8.78269 9.638103 10.03483 7.698796 5.917112 3.297512 1.387014 2.680665 2.261543 6.932979 7.646837 6.937656 5.398696 3.816501 3.656814 2.472297 1.194131 1.332396 1.725582 .8909757 2.830095
1.107333 1.314472 1.157418 .7077239 .6725286 2.010486 2.784355 3.394214 3.289286 3.442719 3.399828 3.10638 2.860535 3.009467 3.328656 3.504573 3.578856 3.008885 3.030817 4.692969 4.849916 6.043367 7.086218 6.541552 5.799364 5.539124 6.50706 9.774874 14.63668 17.72195 16.84143 14.0263 11.86757 10.40973 9.652765 8.839145 8.73198 7.894467 5.865727 6.835557 6.653459 8.587501 9.277631 9.059026 7.515541 6.153982 4.58235 3.014297 -.3710968 -1.847163 -.7931764 .9486529 1.872749 2.44539 2.180625 2.002673 -.8322799 -1.636254 -2.416736 -4.188323 -6.009418 -5.693274
1.087686 1.401628 1.492573 .2912803 1.383404 2.256015 3.553791 3.295424 3.770442 4.106844 4.264867 3.867959 3.534487 3.90269 3.79306 3.471115 2.284264 1.898045 3.197808 4.639386 4.554892 6.792887 7.345509 7.307806 6.04236 6.230483 6.680732 9.561606 13.46326 15.56573 14.9969 13.51867 11.11522 10.74495 10.87892 10.98344 11.37042 8.081232 6.729537 6.211468 5.134272 4.63468 5.760055 5.714311 5.467485 4.271033 3.22307 1.663963 -.5028422 -2.571479 -3.162557 -2.560989 -.9659647 -.09408934 1.243292 1.511825 .3902838 -.1474767 -3.030818 -5.687605 -6.932207 -7.92528
