py_wake/examples/data/AJ_ParqueFicticio/Rough survey   Sector 6   Height 30m   Weibull-k.grd
DSAA
73  159
 258469   265669
 6501692   6517492
 .7480469   2.744141
[rows 0 to 27 of 159, columns 0 to 62 of 73]
2.310547 2.310547 2.310547 2.310547 2.310547 2.310547 2.310547 2.310547 2.310547 2.310547 2.310547 2.310547 2.310547 2.310547 2.310547 2.310547 2.310547 2.310547 2.310547 2.306641 2.306641 2.287109 2.287109 2.302734 2.310547 2.310547 2.345703 2.310547 2.310547 2.314453 2.322266 2.314453 2.330078 2.333984 2.349609 2.341797 2.314453 2.310547 2.310547 2.310547 2.310547 2.310547 2.310547 2.306641 2.310547 2.310547 2.310547 2.306641 2.306641 2.306641 2.306641 2.306641 2.306641 2.306641 2.306641 2.310547 2.310547 2.310547 2.310547 2.310547 2.310547 2.310547 2.310547
2.310547 2.310547 2.310547 2.310547 2.310547 2.310547 2.310547 2.310547 2.310547 2.310547 2.310547 2.310547 2.310547 2.310547 2.310547 2.310547 2.310547 2.310547 2.310547 2.314453 2.333984 2.318359 2.298828 2.298828 2.302734 2.310547 2.373047 2.318359 2.310547 2.314453 2.318359 2.322266 2.333984 2.349609 2.373047 2.361328 2.330078 2.310547 2.310547 2.310547 2.310547 2.310547 2.306641 2.306641 2.310547 2.310547 2.310547 2.306641 2.306641 2.306641 2.302734 2.302734 2.302734 2.302734 2.306641 2.306641 2.310547 2.310547 2.310547 2.310547 2.310547 2.310547 2.310547
2.310547 2.310547 2.310547 2.310547 2.310547 2.310547 2.310547 2.310547 2.310547 2.310547 2.310547 2.310547 2.310547 2.310547 2.310547 2.310547 2.310547 2.310547 2.310547 2.326172 2.337891 2.326172 2.302734 2.287109 2.298828 2.310547 2.357422 2.337891 2.314453 2.318359 2.322266 2.326172 2.333984 2.353516 2.388672 2.392578 2.373047 2.310547 2.310547 2.310547 2.310547 2.310547 2.306641 2.298828 2.310547 2.310547 2.310547 2.310547 2.306641 2.302734 2.294922 2.294922 2.298828 2.302734 2.306641 2.306641 2.310547 2.310547 2.310547 2.310547 2.310547 2.310547 2.310547
2.298828 2.310547 2.310547 2.310547 2.310547 2.310547 2.310547 2.310547 2.310547 2.310547 2.310547 2.306641 2.306641 2.306641 2.310547 2.310547 2.310547 2.310547 2.310547 2.326172 2.333984 2.322266 2.310547 2.302734 2.298828 2.310547 2.345703 2.345703 2.326172 2.330078 2.330078 2.322266 2.333984 2.365234 2.392578 2.404297 2.400391 2.330078 2.314453 2.322266 2.310547 2.302734 2.306641 2.302734 2.294922 2.310547 2.310547 2.306641 2.302734 2.298828 2.291016 2.294922 2.298828 2.302734 2.302734 2.306641 2.310547 2.310547 2.310547 2.310547 2.310547 2.310547 2.310547
2.283203 2.298828 2.310547 2.310547 2.310547 2.310547 2.310547 2.310547 2.310547 2.310547 2.310547 2.310547 2.302734 2.302734 2.310547 2.310547 2.310547 2.310547 2.310547 2.341797 2.333984 2.314453 2.310547 2.310547 2.306641 2.310547 2.322266 2.326172 2.322266 2.322266 2.330078 2.326172 2.333984 2.357422 2.357422 2.357422 2.353516 2.310547 2.310547 2.302734 2.275391 2.275391 2.298828 2.306641 2.302734 2.310547 2.306641 2.302734 2.302734 2.302734 2.298828 2.298828 2.298828 2.298828 2.298828 2.302734 2.306641 2.310547 2.310547 2.310547 2.310547 2.310547 2.310547
2.279297 2.283203 2.294922 2.310547 2.310547 2.310547 2.302734 2.306641 2.310547 2.310547 2.310547 2.310547 2.302734 2.302734 2.306641 2.310547 2.310547 2.310547 2.326172 2.345703 2.333984 2.318359 2.310547 2.310547 2.310547 2.310547 2.310547 2.310547 2.310547 2.310547 2.310547 2.310547 2.310547 2.310547 2.310547 2.310547 2.310547 2.310547 2.310547 2.279297 2.251953 2.248047 2.294922 2.310547 2.310547 2.298828 2.294922 2.298828 2.306641 2.306641 2.306641 2.294922 2.291016 2.291016 2.291016 2.294922 2.302734 2.310547 2.310547 2.310547 2.310547 2.310547 2.310547
2.283203 2.279297 2.275391 2.287109 2.306641 2.310547 2.306641 2.310547 2.310547 2.310547 2.310547 2.310547 2.310547 2.306641 2.306641 2.310547 2.310547 2.310547 2.310547 2.349609 2.341797 2.318359 2.310547 2.310547 2.310547 2.310547 2.310547 2.310547 2.310547 2.310547 2.310547 2.310547 2.310547 2.310547 2.310547 2.310547 2.310547 2.310547 2.310547 2.310547 2.302734 2.294922 2.306641 2.310547 2.302734 2.287109 2.287109 2.302734 2.310547 2.310547 2.306641 2.298828 2.287109 2.271484 2.271484 2.283203 2.294922 2.310547 2.310547 2.310547 2.310547 2.310547 2.310547
2.287109 2.283203 2.283203 2.279297 2.294922 2.310547 2.310547 2.310547 2.310547 2.310547 2.310547 2.310547 2.310547 2.306641 2.302734 2.302734 2.310547 2.310547 2.310547 2.333984 2.341797 2.326172 2.310547 2.310547 2.310547 2.310547 2.310547 2.310547 2.310547 2.310547 2.310547 2.310547 2.310547 2.310547 2.310547 2.310547 2.310547 2.310547 2.310547 2.310547 2.310547 2.310547 2.310547 2.298828 2.267578 2.279297 2.298828 2.310547 2.310547 2.310547 2.306641 2.302734 2.287109 2.248047 2.228516 2.259766 2.287109 2.302734 2.310547 2.310547 2.310547 2.310547 2.310547
2.287109 2.283203 2.283203 2.275391 2.279297 2.298828 2.306641 2.310547 2.310547 2.310547 2.310547 2.306641 2.306641 2.302734 2.298828 2.294922 2.302734 2.310547 2.310547 2.310547 2.322266 2.314453 2.310547 2.310547 2.310547 2.302734 2.310547 2.310547 2.310547 2.310547 2.310547 2.310547 2.310547 2.310547 2.310547 2.310547 2.310547 2.310547 2.310547 2.310547 2.310547 2.310547 2.302734 2.259766 2.259766 2.283203 2.306641 2.298828 2.302734 2.306641 2.287109 2.275391 2.232422 2.201172 2.193359 2.236328 2.275391 2.294922 2.310547 2.310547 2.310547 2.310547 2.310547
2.287109 2.283203 2.279297 2.275391 2.275391 2.291016 2.306641 2.310547 2.310547 2.310547 2.306641 2.302734 2.302734 2.302734 2.291016 2.283203 2.291016 2.306641 2.310547 2.310547 2.310547 2.310547 2.310547 2.310547 2.310547 2.298828 2.298828 2.310547 2.310547 2.310547 2.310547 2.310547 2.310547 2.310547 2.310547 2.310547 2.310547 2.310547 2.310547 2.310547 2.310547 2.310547 2.232422 2.267578 2.271484 2.283203 2.291016 2.255859 2.259766 2.279297 2.251953 2.189453 2.158203 2.201172 2.220703 2.232422 2.267578 2.283203 2.298828 2.287109 2.298828 2.306641 2.205078
2.287109 2.283203 2.283203 2.279297 2.283203 2.294922 2.302734 2.310547 2.310547 2.306641 2.298828 2.294922 2.302734 2.306641 2.298828 2.275391 2.259766 2.294922 2.310547 2.310547 2.310547 2.310547 2.310547 2.310547 2.310547 2.310547 2.287109 2.287109 2.302734 2.310547 2.310547 2.310547 2.306641 2.302734 2.298828 2.306641 2.310547 2.310547 2.310547 2.310547 2.306641 2.279297 2.244141 2.287109 2.298828 2.251953 2.185547 2.142578 2.154297 2.181641 2.169922 2.146484 2.197266 2.259766 2.271484 2.271484 2.275391 2.283203 2.259766 2.228516 2.208984 2.236328 2.244141
2.291016 2.287109 2.287109 2.291016 2.294922 2.294922 2.298828 2.302734 2.318359 2.294922 2.279297 2.283203 2.298828 2.310547 2.310547 2.279297 2.275391 2.287109 2.306641 2.310547 2.310547 2.310547 2.310547 2.310547 2.310547 2.310547 2.294922 2.287109 2.302734 2.306641 2.298828 2.298828 2.294922 2.287109 2.287109 2.298828 2.306641 2.310547 2.310547 2.306641 2.291016 2.263672 2.248047 2.248047 2.244141 2.162109 2.087891 2.017578 1.900391 1.962891 2.115234 2.224609 2.255859 2.275391 2.294922 2.302734 2.287109 2.251953 2.236328 2.166016 2.099609 2.115234 2.208984
2.291016 2.291016 2.291016 2.294922 2.294922 2.294922 2.287109 2.279297 2.322266 2.291016 2.294922 2.298828 2.291016 2.310547 2.310547 2.310547 2.294922 2.271484 2.271484 2.298828 2.310547 2.310547 2.310547 2.310547 2.310547 2.310547 2.310547 2.306641 2.287109 2.275391 2.279297 2.279297 2.275391 2.275391 2.271484 2.283203 2.294922 2.294922 2.294922 2.294922 2.275391 2.251953 2.212891 2.185547 2.189453 2.181641 2.119141 2.025391 1.943359 1.986328 2.138672 2.298828 2.294922 2.275391 2.283203 2.279297 2.158203 1.923828 1.669922 1.517578 1.630859 1.740234 2.103516
2.294922 2.294922 2.294922 2.294922 2.294922 2.291016 2.287109 2.275391 2.330078 2.345703 2.314453 2.294922 2.279297 2.287109 2.306641 2.310547 2.298828 2.283203 2.279297 2.287109 2.294922 2.310547 2.310547 2.310547 2.310547 2.310547 2.310547 2.302734 2.267578 2.267578 2.267578 2.271484 2.263672 2.255859 2.259766 2.267578 2.279297 2.283203 2.275391 2.263672 2.244141 2.220703 2.166016 2.103516 2.111328 2.076172 2.037109 1.947266 1.919922 1.919922 2.076172 2.212891 2.267578 2.130859 1.775391 2.228516 2.228516 2.228516 2.228516 2.228516 2.228516 1.662109 2.072266
2.298828 2.294922 2.294922 2.294922 2.291016 2.287109 2.287109 2.283203 2.306641 2.330078 2.294922 2.291016 2.283203 2.279297 2.291016 2.302734 2.302734 2.298828 2.291016 2.291016 2.291016 2.294922 2.298828 2.310547 2.310547 2.310547 2.310547 2.306641 2.291016 2.283203 2.275391 2.267578 2.259766 2.236328 2.224609 2.244141 2.271484 2.271484 2.255859 2.216797 2.166016 2.115234 2.080078 2.033203 1.966797 1.982422 1.935547 1.896484 1.767578 1.822266 1.931641 1.962891 1.861328 1.509766 2.228516 2.228516 2.228516 2.228516 .7480469 2.310547 1.658203 2.025391 2.232422
2.298828 2.294922 2.294922 2.294922 2.291016 2.287109 2.287109 2.283203 2.287109 2.298828 2.291016 2.291016 2.287109 2.283203 2.294922 2.306641 2.306641 2.306641 2.298828 2.294922 2.298828 2.287109 2.267578 2.283203 2.310547 2.310547 2.310547 2.310547 2.298828 2.283203 2.275391 2.267578 2.244141 2.173828 2.111328 2.181641 2.267578 2.271484 2.251953 2.189453 2.115234 2.111328 2.099609 1.986328 1.884766 1.849609 1.861328 1.873047 1.814453 1.775391 1.755859 1.693359 1.439453 2.228516 2.228516 2.228516 2.228516 2.228516 1.404297 1.841797 2.158203 2.298828 2.310547
2.298828 2.298828 2.294922 2.294922 2.291016 2.291016 2.287109 2.283203 2.287109 2.294922 2.291016 2.291016 2.291016 2.294922 2.298828 2.298828 2.302734 2.306641 2.298828 2.294922 2.291016 2.283203 2.267578 2.251953 2.255859 2.294922 2.310547 2.310547 2.294922 2.279297 2.271484 2.271484 2.224609 2.134766 2.169922 2.197266 2.279297 2.294922 2.259766 2.142578 2.033203 2.060547 2.009766 1.919922 1.814453 1.822266 1.873047 1.814453 1.599609 1.556641 1.591797 1.443359 1.255859 2.228516 1.337891 1.724609 2.005859 2.111328 2.185547 2.240234 2.279297 2.302734 2.310547
2.298828 2.294922 2.294922 2.294922 2.291016 2.291016 2.287109 2.287109 2.287109 2.291016 2.291016 2.294922 2.298828 2.294922 2.294922 2.294922 2.294922 2.298828 2.294922 2.291016 2.287109 2.283203 2.271484 2.259766 2.251953 2.251953 2.291016 2.310547 2.302734 2.302734 2.306641 2.283203 2.240234 2.240234 2.248047 2.236328 2.283203 2.310547 2.298828 2.236328 2.076172 1.935547 1.806641 1.642578 1.548828 1.705078 1.841797 1.900391 1.978516 2.087891 2.154297 2.162109 2.146484 2.154297 2.185547 2.224609 2.244141 2.259766 2.248047 2.236328 2.248047 2.267578 2.310547
2.298828 2.298828 2.294922 2.294922 2.291016 2.291016 2.291016 2.287109 2.291016 2.291016 2.291016 2.294922 2.302734 2.294922 2.294922 2.294922 2.294922 2.294922 2.291016 2.291016 2.287109 2.283203 2.279297 2.271484 2.271484 2.275391 2.283203 2.298828 2.310547 2.310547 2.310547 2.330078 2.279297 2.283203 2.283203 2.263672 2.279297 2.310547 2.345703 2.255859 2.115234 2.052734 2.064453 2.095703 2.138672 2.185547 2.224609 2.212891 2.216797 2.236328 2.259766 2.263672 2.259766 2.259766 2.248047 2.248047 2.220703 2.212891 2.208984 2.201172 2.193359 2.208984 2.263672
2.298828 2.298828 2.294922 2.291016 2.291016 2.291016 2.291016 2.291016 2.291016 2.291016 2.291016 2.294922 2.294922 2.294922 2.294922 2.294922 2.291016 2.291016 2.291016 2.291016 2.291016 2.291016 2.291016 2.287109 2.279297 2.275391 2.275391 2.294922 2.314453 2.314453 2.333984 2.376953 2.349609 2.294922 2.279297 2.259766 2.255859 2.294922 2.404297 2.298828 2.205078 2.181641 2.205078 2.216797 2.232422 2.251953 2.275391 2.279297 2.275391 2.263672 2.271484 2.271484 2.275391 2.271484 2.248047 2.208984 2.193359 2.169922 2.150391 2.166016 2.177734 2.177734 2.220703
2.302734 2.298828 2.294922 2.291016 2.291016 2.291016 2.291016 2.291016 2.291016 2.291016 2.291016 2.291016 2.294922 2.294922 2.294922 2.294922 2.291016 2.291016 2.291016 2.294922 2.294922 2.294922 2.291016 2.287109 2.283203 2.283203 2.287109 2.287109 2.287109 2.306641 2.310547 2.322266 2.365234 2.279297 2.259766 2.259766 2.271484 2.306641 2.435547 2.404297 2.275391 2.263672 2.251953 2.263672 2.255859 2.240234 2.259766 2.287109 2.275391 2.240234 2.248047 2.244141 2.263672 2.248047 2.212891 2.166016 2.123047 2.091797 2.083984 2.134766 2.177734 2.216797 2.240234
2.302734 2.302734 2.294922 2.291016 2.291016 2.291016 2.291016 2.294922 2.294922 2.294922 2.291016 2.291016 2.294922 2.294922 2.291016 2.294922 2.294922 2.291016 2.291016 2.291016 2.291016 2.291016 2.291016 2.287109 2.283203 2.283203 2.283203 2.287109 2.271484 2.263672 2.271484 2.302734 2.310547 2.310547 2.287109 2.244141 2.236328 2.275391 2.435547 2.404297 2.318359 2.279297 2.259766 2.248047 2.232422 2.216797 2.236328 2.259766 2.248047 2.216797 2.205078 2.216797 2.216797 2.208984 2.162109 2.103516 2.037109 2.021484 2.052734 2.146484 2.240234 2.283203 2.298828
2.302734 2.298828 2.298828 2.294922 2.294922 2.294922 2.294922 2.294922 2.294922 2.294922 2.291016 2.291016 2.294922 2.291016 2.291016 2.291016 2.294922 2.291016 2.291016 2.291016 2.291016 2.287109 2.287109 2.287109 2.283203 2.279297 2.279297 2.279297 2.267578 2.259766 2.267578 2.294922 2.326172 2.333984 2.310547 2.228516 2.212891 2.255859 2.404297 2.427734 2.326172 2.275391 2.236328 2.228516 2.220703 2.216797 2.216797 2.205078 2.181641 2.181641 2.162109 2.154297 2.154297 2.146484 2.126953 2.048828 2.037109 2.072266 2.123047 2.224609 2.302734 2.310547 2.310547
2.298828 2.298828 2.294922 2.298828 2.298828 2.294922 2.294922 2.294922 2.298828 2.294922 2.291016 2.291016 2.291016 2.291016 2.291016 2.291016 2.294922 2.291016 2.291016 2.287109 2.287109 2.287109 2.283203 2.283203 2.283203 2.279297 2.275391 2.267578 2.271484 2.279297 2.294922 2.291016 2.306641 2.333984 2.330078 2.255859 2.220703 2.240234 2.345703 2.396484 2.345703 2.275391 2.240234 2.212891 2.212891 2.185547 2.173828 2.158203 2.130859 2.115234 2.103516 2.099609 2.095703 2.099609 2.103516 2.064453 2.080078 2.150391 2.232422 2.294922 2.310547 2.310547 2.310547
2.298828 2.294922 2.298828 2.298828 2.298828 2.298828 2.298828 2.298828 2.298828 2.294922 2.294922 2.291016 2.294922 2.294922 2.294922 2.291016 2.294922 2.291016 2.291016 2.287109 2.287109 2.287109 2.283203 2.283203 2.283203 2.283203 2.279297 2.275391 2.287109 2.318359 2.306641 2.291016 2.283203 2.310547 2.361328 2.279297 2.251953 2.259766 2.283203 2.337891 2.341797 2.287109 2.240234 2.208984 2.201172 2.162109 2.142578 2.123047 2.095703 2.083984 2.056641 2.044922 2.052734 2.099609 2.154297 2.123047 2.138672 2.240234 2.306641 2.310547 2.310547 2.310547 2.310547
2.298828 2.298828 2.298828 2.298828 2.298828 2.298828 2.298828 2.298828 2.298828 2.294922 2.294922 2.294922 2.294922 2.294922 2.294922 2.291016 2.291016 2.291016 2.291016 2.287109 2.287109 2.287109 2.283203 2.283203 2.287109 2.291016 2.287109 2.283203 2.291016 2.314453 2.302734 2.287109 2.283203 2.271484 2.380859 2.298828 2.267578 2.263672 2.267578 2.298828 2.357422 2.310547 2.248047 2.228516 2.189453 2.158203 2.142578 2.111328 2.091797 2.068359 2.056641 2.041016 2.033203 2.115234 2.212891 2.208984 2.208984 2.298828 2.310547 2.310547 2.310547 2.310547 2.310547
2.298828 2.298828 2.298828 2.298828 2.298828 2.298828 2.298828 2.298828 2.298828 2.298828 2.294922 2.294922 2.294922 2.294922 2.294922 2.294922 2.291016 2.291016 2.291016 2.287109 2.287109 2.287109 2.287109 2.287109 2.283203 2.283203 2.291016 2.287109 2.283203 2.291016 2.291016 2.287109 2.283203 2.283203 2.337891 2.283203 2.271484 2.271484 2.275391 2.326172 2.353516 2.322266 2.255859 2.224609 2.193359 2.173828 2.146484 2.091797 2.068359 2.064453 2.064453 2.056641 2.048828 2.138672 2.267578 2.279297 2.271484 2.310547 2.310547 2.310547 2.310547 2.310547 2.302734
2.298828 2.298828 2.302734 2.298828 2.298828 2.298828 2.298828 2.298828 2.298828 2.298828 2.298828 2.298828 2.294922 2.294922 2.294922 2.294922 2.291016 2.291016 2.291016 2.291016 2.291016 2.294922 2.287109 2.287109 2.283203 2.279297 2.275391 2.279297 2.283203 2.279297 2.283203 2.283203 2.279297 2.283203 2.298828 2.267578 2.279297 2.283203 2.275391 2.294922 2.326172 2.306641 2.275391 2.228516 2.193359 2.166016 2.123047 2.099609 2.052734 2.044922 2.087891 2.107422 2.103516 2.154297 2.271484 2.306641 2.306641 2.310547 2.310547 2.310547 2.310547 2.294922 2.275391
