py_wake/examples/data/AJ_ParqueFicticio/Rough survey   Sector 11   Height 200m   Weibull-k.grd
DSAA
73  159
 258469   265669
 6501692   6517492
 1.767578   2.083984
[rows 0 to 27 of 159, columns 0 to 62 of 73]
1.900391 1.900391 1.900391 1.900391 1.904297 1.908203 1.908203 1.908203 1.912109 1.912109 1.916016 1.916016 1.916016 1.919922 1.919922 1.923828 1.927734 1.927734 1.931641 1.935547 1.939453 1.939453 1.935547 1.935547 1.935547 1.943359 1.947266 1.947266 1.947266 1.947266 1.951172 1.951172 1.955078 1.955078 1.958984 1.958984 1.958984 1.955078 1.951172 1.947266 1.947266 1.943359 1.939453 1.939453 1.939453 1.943359 1.943359 1.947266 1.947266 1.947266 1.947266 1.947266 1.947266 1.947266 1.947266 1.947266 1.947266 1.951172 1.951172 1.955078 1.955078 1.958984 1.962891
1.896484 1.900391 1.900391 1.900391 1.904297 1.904297 1.908203 1.908203 1.912109 1.912109 1.912109 1.916016 1.916016 1.919922 1.919922 1.923828 1.927734 1.927734 1.931641 1.939453 1.939453 1.939453 1.935547 1.931641 1.935547 1.943359 1.947266 1.947266 1.947266 1.951172 1.951172 1.951172 1.955078 1.955078 1.958984 1.958984 1.958984 1.955078 1.951172 1.951172 1.951172 1.947266 1.943359 1.939453 1.939453 1.943359 1.947266 1.947266 1.947266 1.947266 1.947266 1.947266 1.947266 1.947266 1.947266 1.947266 1.947266 1.947266 1.951172 1.955078 1.955078 1.958984 1.966797
1.896484 1.896484 1.900391 1.900391 1.904297 1.904297 1.904297 1.908203 1.908203 1.912109 1.912109 1.912109 1.916016 1.919922 1.919922 1.923828 1.927734 1.931641 1.931641 1.935547 1.939453 1.939453 1.935547 1.931641 1.935547 1.943359 1.947266 1.947266 1.947266 1.951172 1.951172 1.951172 1.955078 1.955078 1.958984 1.958984 1.958984 1.958984 1.955078 1.955078 1.951172 1.947266 1.943359 1.943359 1.943359 1.947266 1.947266 1.947266 1.947266 1.947266 1.947266 1.947266 1.947266 1.943359 1.943359 1.943359 1.943359 1.947266 1.947266 1.951172 1.955078 1.958984 1.966797
1.896484 1.896484 1.900391 1.900391 1.904297 1.904297 1.904297 1.904297 1.908203 1.912109 1.912109 1.912109 1.912109 1.916016 1.919922 1.923828 1.927734 1.931641 1.931641 1.935547 1.935547 1.939453 1.935547 1.931641 1.931641 1.939453 1.943359 1.947266 1.947266 1.951172 1.951172 1.951172 1.955078 1.955078 1.958984 1.958984 1.958984 1.958984 1.955078 1.955078 1.951172 1.947266 1.943359 1.943359 1.943359 1.947266 1.947266 1.947266 1.947266 1.947266 1.947266 1.947266 1.947266 1.943359 1.943359 1.943359 1.943359 1.943359 1.947266 1.951172 1.955078 1.958984 1.966797
1.900391 1.900391 1.896484 1.900391 1.904297 1.904297 1.904297 1.904297 1.904297 1.908203 1.912109 1.912109 1.912109 1.916016 1.916016 1.923828 1.927734 1.931641 1.931641 1.935547 1.935547 1.939453 1.935547 1.931641 1.931641 1.935547 1.943359 1.943359 1.947266 1.947266 1.947266 1.951172 1.955078 1.955078 1.958984 1.958984 1.955078 1.955078 1.951172 1.951172 1.947266 1.943359 1.939453 1.939453 1.943359 1.947266 1.947266 1.947266 1.947266 1.947266 1.951172 1.947266 1.947266 1.943359 1.943359 1.939453 1.939453 1.939453 1.943359 1.947266 1.951172 1.958984 1.966797
1.904297 1.904297 1.900391 1.896484 1.904297 1.904297 1.904297 1.904297 1.904297 1.908203 1.912109 1.912109 1.912109 1.912109 1.916016 1.919922 1.923828 1.927734 1.931641 1.935547 1.935547 1.939453 1.935547 1.931641 1.931641 1.931641 1.939453 1.939453 1.943359 1.943359 1.943359 1.947266 1.947266 1.947266 1.947266 1.947266 1.947266 1.943359 1.943359 1.943359 1.939453 1.935547 1.935547 1.939453 1.939453 1.943359 1.947266 1.947266 1.947266 1.951172 1.951172 1.947266 1.947266 1.943359 1.939453 1.935547 1.935547 1.935547 1.935547 1.939453 1.947266 1.955078 1.962891
1.904297 1.908203 1.908203 1.904297 1.904297 1.904297 1.904297 1.904297 1.904297 1.908203 1.912109 1.912109 1.912109 1.912109 1.916016 1.919922 1.923828 1.927734 1.931641 1.935547 1.935547 1.935547 1.935547 1.931641 1.927734 1.931641 1.935547 1.935547 1.939453 1.939453 1.939453 1.939453 1.939453 1.939453 1.943359 1.943359 1.939453 1.935547 1.935547 1.935547 1.931641 1.931641 1.931641 1.935547 1.939453 1.939453 1.939453 1.943359 1.947266 1.947266 1.947266 1.947266 1.943359 1.939453 1.935547 1.931641 1.927734 1.927734 1.927734 1.931641 1.939453 1.947266 1.951172
1.908203 1.912109 1.912109 1.912109 1.908203 1.904297 1.904297 1.904297 1.904297 1.912109 1.912109 1.912109 1.912109 1.912109 1.916016 1.919922 1.919922 1.923828 1.927734 1.935547 1.935547 1.935547 1.935547 1.931641 1.927734 1.927734 1.931641 1.931641 1.935547 1.935547 1.939453 1.935547 1.935547 1.935547 1.935547 1.935547 1.935547 1.931641 1.931641 1.931641 1.927734 1.923828 1.923828 1.927734 1.927734 1.935547 1.935547 1.939453 1.943359 1.943359 1.943359 1.943359 1.939453 1.931641 1.927734 1.923828 1.919922 1.916016 1.916016 1.919922 1.923828 1.931641 1.939453
1.908203 1.912109 1.912109 1.912109 1.908203 1.908203 1.904297 1.904297 1.908203 1.912109 1.912109 1.912109 1.912109 1.912109 1.916016 1.916016 1.916016 1.919922 1.923828 1.927734 1.931641 1.931641 1.927734 1.927734 1.923828 1.923828 1.927734 1.927734 1.931641 1.931641 1.935547 1.931641 1.931641 1.931641 1.931641 1.931641 1.927734 1.927734 1.923828 1.923828 1.916016 1.908203 1.912109 1.916016 1.916016 1.923828 1.927734 1.927734 1.931641 1.931641 1.931641 1.931641 1.927734 1.923828 1.916016 1.912109 1.912109 1.908203 1.908203 1.908203 1.912109 1.916016 1.923828
1.908203 1.912109 1.916016 1.912109 1.912109 1.912109 1.908203 1.908203 1.908203 1.916016 1.912109 1.912109 1.912109 1.912109 1.916016 1.916016 1.916016 1.916016 1.916016 1.923828 1.923828 1.923828 1.919922 1.919922 1.919922 1.919922 1.923828 1.923828 1.927734 1.931641 1.931641 1.931641 1.931641 1.927734 1.927734 1.927734 1.923828 1.919922 1.916016 1.912109 1.904297 1.896484 1.892578 1.896484 1.900391 1.904297 1.908203 1.912109 1.916016 1.916016 1.916016 1.916016 1.916016 1.908203 1.904297 1.904297 1.900391 1.900391 1.896484 1.896484 1.900391 1.904297 1.912109
1.912109 1.916016 1.916016 1.916016 1.919922 1.919922 1.919922 1.916016 1.916016 1.919922 1.919922 1.916016 1.912109 1.916016 1.916016 1.916016 1.916016 1.916016 1.916016 1.916016 1.916016 1.916016 1.916016 1.916016 1.912109 1.912109 1.916016 1.919922 1.923828 1.927734 1.927734 1.927734 1.927734 1.923828 1.923828 1.923828 1.919922 1.916016 1.912109 1.904297 1.896484 1.888672 1.884766 1.880859 1.884766 1.884766 1.888672 1.888672 1.892578 1.896484 1.900391 1.900391 1.900391 1.896484 1.892578 1.888672 1.892578 1.888672 1.888672 1.884766 1.888672 1.896484 1.904297
1.912109 1.916016 1.916016 1.916016 1.919922 1.923828 1.923828 1.923828 1.923828 1.927734 1.923828 1.919922 1.916016 1.916016 1.919922 1.919922 1.916016 1.916016 1.916016 1.916016 1.916016 1.912109 1.912109 1.912109 1.908203 1.908203 1.912109 1.916016 1.919922 1.923828 1.923828 1.923828 1.923828 1.919922 1.919922 1.919922 1.916016 1.912109 1.908203 1.900391 1.892578 1.884766 1.880859 1.873047 1.873047 1.869141 1.869141 1.873047 1.873047 1.876953 1.880859 1.884766 1.880859 1.876953 1.873047 1.873047 1.869141 1.869141 1.869141 1.869141 1.876953 1.884766 1.892578
1.912109 1.916016 1.916016 1.919922 1.919922 1.923828 1.923828 1.927734 1.931641 1.935547 1.931641 1.923828 1.923828 1.919922 1.919922 1.919922 1.919922 1.916016 1.916016 1.919922 1.919922 1.916016 1.912109 1.908203 1.908203 1.908203 1.908203 1.912109 1.916016 1.916016 1.916016 1.916016 1.919922 1.916016 1.916016 1.916016 1.916016 1.912109 1.904297 1.896484 1.892578 1.884766 1.876953 1.869141 1.865234 1.861328 1.861328 1.861328 1.861328 1.861328 1.861328 1.861328 1.857422 1.849609 1.845703 1.837891 1.833984 1.830078 1.830078 1.837891 1.849609 1.861328 1.876953
1.912109 1.916016 1.916016 1.916016 1.919922 1.923828 1.927734 1.931641 1.931641 1.935547 1.935547 1.931641 1.931641 1.927734 1.927734 1.919922 1.919922 1.919922 1.919922 1.923828 1.919922 1.916016 1.912109 1.912109 1.908203 1.908203 1.908203 1.908203 1.912109 1.912109 1.916016 1.916016 1.916016 1.916016 1.912109 1.912109 1.912109 1.908203 1.904297 1.896484 1.888672 1.880859 1.873047 1.865234 1.861328 1.853516 1.853516 1.849609 1.849609 1.849609 1.849609 1.845703 1.833984 1.822266 1.810547 1.798828 1.791016 1.787109 1.787109 1.798828 1.814453 1.837891 1.857422
1.912109 1.916016 1.916016 1.916016 1.919922 1.923828 1.927734 1.931641 1.935547 1.939453 1.935547 1.935547 1.935547 1.931641 1.931641 1.927734 1.923828 1.919922 1.923828 1.923828 1.923828 1.919922 1.916016 1.912109 1.912109 1.908203 1.908203 1.912109 1.912109 1.912109 1.912109 1.912109 1.916016 1.912109 1.908203 1.908203 1.908203 1.908203 1.904297 1.900391 1.888672 1.880859 1.873047 1.865234 1.861328 1.853516 1.849609 1.845703 1.841797 1.837891 1.837891 1.830078 1.818359 1.802734 1.791016 1.783203 1.775391 1.767578 1.771484 1.783203 1.798828 1.822266 1.845703
1.908203 1.916016 1.916016 1.916016 1.919922 1.927734 1.927734 1.931641 1.935547 1.939453 1.935547 1.935547 1.935547 1.935547 1.935547 1.931641 1.931641 1.927734 1.927734 1.927734 1.927734 1.923828 1.919922 1.919922 1.916016 1.912109 1.912109 1.912109 1.912109 1.912109 1.916016 1.916016 1.916016 1.912109 1.908203 1.904297 1.908203 1.908203 1.908203 1.904297 1.896484 1.884766 1.873047 1.865234 1.861328 1.857422 1.853516 1.849609 1.841797 1.837891 1.833984 1.830078 1.822266 1.810547 1.798828 1.794922 1.791016 1.787109 1.791016 1.798828 1.810547 1.826172 1.849609
1.908203 1.912109 1.916016 1.916016 1.919922 1.927734 1.927734 1.931641 1.931641 1.939453 1.935547 1.935547 1.935547 1.935547 1.939453 1.939453 1.935547 1.931641 1.931641 1.931641 1.927734 1.927734 1.923828 1.923828 1.919922 1.919922 1.919922 1.919922 1.919922 1.919922 1.919922 1.919922 1.919922 1.916016 1.912109 1.912109 1.912109 1.916016 1.916016 1.912109 1.904297 1.892578 1.880859 1.873047 1.869141 1.865234 1.865234 1.861328 1.853516 1.845703 1.845703 1.841797 1.837891 1.833984 1.830078 1.826172 1.822266 1.822266 1.826172 1.830078 1.833984 1.845703 1.857422
1.908203 1.912109 1.916016 1.916016 1.919922 1.927734 1.927734 1.931641 1.931641 1.935547 1.935547 1.935547 1.935547 1.935547 1.935547 1.939453 1.939453 1.935547 1.935547 1.935547 1.931641 1.931641 1.931641 1.931641 1.927734 1.923828 1.927734 1.927734 1.927734 1.927734 1.931641 1.931641 1.931641 1.923828 1.923828 1.919922 1.923828 1.927734 1.931641 1.931641 1.919922 1.904297 1.892578 1.884766 1.880859 1.880859 1.880859 1.876953 1.873047 1.869141 1.869141 1.869141 1.869141 1.865234 1.857422 1.853516 1.849609 1.845703 1.845703 1.849609 1.853516 1.857422 1.869141
1.908203 1.912109 1.916016 1.916016 1.919922 1.927734 1.927734 1.931641 1.931641 1.935547 1.935547 1.935547 1.935547 1.935547 1.935547 1.939453 1.939453 1.935547 1.935547 1.935547 1.935547 1.935547 1.939453 1.939453 1.943359 1.943359 1.943359 1.939453 1.939453 1.939453 1.943359 1.947266 1.947266 1.939453 1.931641 1.931641 1.935547 1.947266 1.958984 1.958984 1.947266 1.931641 1.919922 1.908203 1.908203 1.904297 1.904297 1.900391 1.896484 1.892578 1.892578 1.892578 1.888672 1.884766 1.876953 1.869141 1.861328 1.857422 1.853516 1.853516 1.857422 1.865234 1.876953
1.908203 1.912109 1.916016 1.919922 1.919922 1.923828 1.927734 1.927734 1.931641 1.935547 1.935547 1.935547 1.935547 1.935547 1.939453 1.935547 1.939453 1.939453 1.935547 1.939453 1.939453 1.939453 1.939453 1.943359 1.947266 1.951172 1.955078 1.955078 1.955078 1.955078 1.958984 1.958984 1.955078 1.947266 1.943359 1.943359 1.947266 1.962891 1.978516 1.978516 1.966797 1.955078 1.947266 1.943359 1.939453 1.931641 1.923828 1.919922 1.916016 1.912109 1.908203 1.908203 1.900391 1.892578 1.884766 1.873047 1.865234 1.857422 1.853516 1.853516 1.861328 1.869141 1.884766
1.908203 1.912109 1.916016 1.919922 1.919922 1.923828 1.927734 1.927734 1.931641 1.931641 1.935547 1.935547 1.935547 1.935547 1.935547 1.935547 1.939453 1.939453 1.939453 1.939453 1.943359 1.943359 1.943359 1.947266 1.947266 1.951172 1.958984 1.962891 1.962891 1.962891 1.966797 1.962891 1.962891 1.955078 1.951172 1.951172 1.958984 1.978516 1.990234 1.990234 1.978516 1.966797 1.962891 1.958984 1.958984 1.958984 1.947266 1.935547 1.927734 1.923828 1.919922 1.912109 1.904297 1.896484 1.884766 1.873047 1.861328 1.853516 1.853516 1.853516 1.865234 1.876953 1.892578
1.908203 1.912109 1.916016 1.919922 1.919922 1.923828 1.927734 1.927734 1.927734 1.931641 1.935547 1.935547 1.935547 1.935547 1.939453 1.939453 1.939453 1.939453 1.939453 1.943359 1.943359 1.943359 1.943359 1.947266 1.951172 1.951172 1.958984 1.962891 1.966797 1.970703 1.970703 1.966797 1.962891 1.962891 1.962891 1.962891 1.970703 1.986328 1.990234 1.990234 1.986328 1.974609 1.966797 1.966797 1.970703 1.966797 1.958984 1.951172 1.939453 1.931641 1.923828 1.916016 1.908203 1.896484 1.884766 1.873047 1.861328 1.853516 1.853516 1.857422 1.869141 1.888672 1.904297
1.908203 1.912109 1.916016 1.916016 1.919922 1.923828 1.923828 1.927734 1.927734 1.931641 1.935547 1.935547 1.935547 1.935547 1.935547 1.939453 1.939453 1.939453 1.939453 1.943359 1.943359 1.947266 1.947266 1.947266 1.951172 1.955078 1.958984 1.962891 1.970703 1.974609 1.970703 1.970703 1.966797 1.966797 1.966797 1.970703 1.978516 1.990234 1.990234 1.990234 1.986328 1.978516 1.970703 1.970703 1.970703 1.970703 1.962891 1.958984 1.951172 1.939453 1.931641 1.916016 1.908203 1.896484 1.884766 1.873047 1.865234 1.857422 1.857422 1.865234 1.880859 1.900391 1.919922
1.908203 1.912109 1.916016 1.916016 1.919922 1.923828 1.923828 1.927734 1.927734 1.931641 1.931641 1.935547 1.935547 1.935547 1.935547 1.939453 1.939453 1.939453 1.939453 1.943359 1.947266 1.947266 1.947266 1.951172 1.951172 1.955078 1.958984 1.962891 1.970703 1.974609 1.970703 1.970703 1.970703 1.970703 1.974609 1.974609 1.982422 1.990234 1.990234 1.986328 1.986328 1.978516 1.970703 1.974609 1.970703 1.966797 1.966797 1.962891 1.955078 1.947266 1.935547 1.919922 1.904297 1.896484 1.888672 1.876953 1.869141 1.865234 1.869141 1.876953 1.892578 1.916016 1.931641
1.908203 1.912109 1.916016 1.916016 1.919922 1.923828 1.923828 1.927734 1.927734 1.931641 1.931641 1.935547 1.935547 1.935547 1.935547 1.939453 1.939453 1.939453 1.939453 1.947266 1.947266 1.947266 1.951172 1.951172 1.955078 1.958984 1.962891 1.966797 1.970703 1.970703 1.970703 1.974609 1.974609 1.978516 1.978516 1.982422 1.982422 1.990234 1.990234 1.990234 1.990234 1.982422 1.974609 1.974609 1.974609 1.970703 1.966797 1.966797 1.962891 1.955078 1.943359 1.923828 1.904297 1.896484 1.892578 1.880859 1.873047 1.873047 1.876953 1.888672 1.908203 1.927734 1.939453
1.908203 1.912109 1.916016 1.916016 1.919922 1.923828 1.923828 1.923828 1.927734 1.931641 1.931641 1.931641 1.935547 1.935547 1.935547 1.935547 1.939453 1.939453 1.943359 1.947266 1.947266 1.951172 1.951172 1.955078 1.958984 1.962891 1.966797 1.970703 1.970703 1.970703 1.970703 1.974609 1.978516 1.982422 1.986328 1.986328 1.986328 1.990234 1.990234 1.990234 1.990234 1.990234 1.982422 1.974609 1.974609 1.974609 1.974609 1.970703 1.966797 1.958984 1.947266 1.931641 1.908203 1.900391 1.892578 1.888672 1.880859 1.876953 1.884766 1.900391 1.919922 1.935547 1.947266
1.908203 1.912109 1.916016 1.916016 1.916016 1.919922 1.923828 1.923828 1.927734 1.931641 1.931641 1.931641 1.935547 1.935547 1.935547 1.939453 1.939453 1.943359 1.943359 1.947266 1.951172 1.951172 1.955078 1.958984 1.958984 1.966797 1.970703 1.970703 1.974609 1.974609 1.974609 1.978516 1.978516 1.986328 1.986328 1.990234 1.990234 1.990234 1.990234 1.994141 1.994141 1.994141 1.990234 1.982422 1.982422 1.982422 1.982422 1.978516 1.974609 1.966797 1.955078 1.935547 1.912109 1.904297 1.896484 1.892578 1.884766 1.884766 1.892578 1.908203 1.927734 1.943359 1.955078
1.908203 1.912109 1.912109 1.916016 1.916016 1.919922 1.923828 1.923828 1.927734 1.931641 1.931641 1.931641 1.935547 1.935547 1.935547 1.939453 1.943359 1.943359 1.943359 1.947266 1.951172 1.951172 1.955078 1.958984 1.962891 1.966797 1.970703 1.974609 1.974609 1.974609 1.978516 1.978516 1.982422 1.986328 1.990234 1.990234 1.990234 1.990234 1.994141 1.994141 1.998047 1.998047 1.994141 1.994141 1.990234 1.990234 1.990234 1.986328 1.978516 1.970703 1.958984 1.939453 1.916016 1.904297 1.900391 1.892578 1.884766 1.884766 1.896484 1.916016 1.935547 1.951172 1.958984
