py_wake/examples/data/AJ_ParqueFicticio/Rough survey   Sector 4   Height 30m   Orographic speed.grd
DSAA
73  159
 258469   265669
 6501692   6517492
 .02416044   2.245389
[rows 0 to 27 of 159, columns 0 to 62 of 73]
.9121592 .9291488 .9356256 .9389347 .9406544 .9427471 .9457698 .9482016 .9499148 .9511446 .9517429 .9498172 .9473972 .9428103 .9369933 .9295582 .9211134 .9120625 .8980314 .8748966 .8344114 .9029333 .9922059 1.105054 1.043861 .8845462 .8086448 .9341536 .9746695 .9382163 .9153128 .9245891 .9243786 .9244921 .9119047 .9542291 1.044326 1.159146 1.127391 1.116964 1.119298 1.131325 1.142444 1.149029 1.130668 1.125119 1.112166 1.103407 1.09935 1.094767 1.091087 1.086799 1.085283 1.088222 1.088127 1.088732 1.089666 1.087582 1.08478 1.077137 1.068819 1.058975 1.046543
.9191898 .9318476 .9349629 .937668 .9400529 .9424564 .9449721 .9482647 .9498891 .9512523 .9519489 .9504737 .9476163 .9441527 .9373513 .9274297 .9178123 .9061311 .8844736 .8473974 .8194104 .8799656 1.031894 1.137009 1.103107 .9364244 .7865238 .9197693 .9601511 .945439 .9357337 .9302512 .9319955 .9275163 .9054906 .9424725 1.018399 1.152442 1.120122 1.104305 1.098138 1.10598 1.130705 1.149141 1.117 1.11123 1.105348 1.098416 1.096307 1.091397 1.09165 1.091226 1.091923 1.096195 1.096634 1.098272 1.098862 1.097594 1.090121 1.083467 1.074166 1.062597 1.049616
.9385017 .924964 .9284624 .9349837 .939602 .9429121 .945628 .9476786 .9498466 .9522306 .9598405 .9558295 .9519526 .9494789 .9409052 .9266014 .913766 .8995471 .8753252 .8283783 .8196009 .8677515 1.034685 1.137962 1.174495 .998068 .8595922 .8966461 .9376931 .9359468 .9369043 .9372422 .9435735 .9357913 .9005784 .9109098 .9587553 1.123009 1.113252 1.090158 1.074814 1.088519 1.113684 1.159397 1.118688 1.09635 1.087712 1.08761 1.090819 1.083474 1.08671 1.098619 1.097393 1.100114 1.102643 1.106075 1.107452 1.105981 1.100905 1.092496 1.08191 1.067761 1.054262
1.003483 .94784 .9171346 .9323044 .9385933 .9432072 .9475929 .9496895 .9504834 .9523821 .9527006 .9598114 .9635214 .9645121 .950187 .9260076 .910437 .8929574 .8666058 .8196054 .8176592 .8646846 .9998863 1.086993 1.166004 1.01534 .9057955 .9052985 .9252462 .9290792 .9350787 .9554873 .9634092 .9283256 .8959603 .8722867 .8913468 1.046915 1.117432 1.066033 1.058215 1.093192 1.127112 1.153907 1.161041 1.102284 1.073977 1.075655 1.080245 1.0742 1.084502 1.105592 1.101033 1.107607 1.114358 1.11836 1.121372 1.120309 1.115326 1.105227 1.092956 1.079801 1.063386
1.044824 .9729827 .9177362 .9326623 .9368857 .9430671 .9508977 .9555343 .9543931 .953097 .9534887 .9477844 .9681556 .9814098 .9609685 .9276509 .907769 .8864807 .8562413 .798732 .8293675 .8733811 .9724106 1.063905 1.158058 1.057855 .9567336 .9364086 .9399019 .9479674 .9490883 .9771978 .9618593 .9120842 .8827468 .8283724 .8451314 .9897143 1.083061 1.033431 1.040616 1.150527 1.165641 1.154142 1.163218 1.089633 1.069041 1.071151 1.066458 1.06783 1.07834 1.103552 1.107542 1.116407 1.125248 1.132817 1.138036 1.137663 1.132705 1.123936 1.112861 1.094889 1.072647
1.039834 .9985436 .9657356 .9443852 .9289108 .936863 .9632861 .9687132 .96094 .9578726 .9590814 .945393 .95991 .9845046 .9681445 .9378598 .9103366 .8813804 .8298839 .8216487 .8564121 .9015533 .9695691 1.050192 1.151615 1.09211 1.006364 .9720333 .9628773 .9665464 .9743144 .9992968 .967725 .9209386 .8943204 .8617857 .8577157 .9364291 1.0051 .9463159 1.008705 1.228297 1.217921 1.174286 1.151717 1.110424 1.091421 1.085315 1.071419 1.057999 1.070854 1.094857 1.107966 1.12208 1.13852 1.152014 1.160434 1.16261 1.160316 1.15451 1.14396 1.128187 1.097226
1.022021 1.016878 1.018168 .9979931 .9437092 .9224234 .9747936 .9738179 .9637446 .9610023 .9604467 .9470442 .9466285 .9685829 .9738 .9555545 .9233706 .8885794 .8492461 .7995383 .843566 .9165049 .9959219 1.049597 1.144964 1.099656 1.049891 1.005841 .9783188 .9667878 .9637577 .9634719 .9564288 .9235335 .8978474 .871602 .8675938 .8874704 .877423 .8437308 1.020529 1.253983 1.246388 1.162755 1.109052 1.101898 1.113679 1.111901 1.074195 1.049369 1.058486 1.07516 1.094309 1.129973 1.162076 1.180382 1.190405 1.196152 1.200462 1.201197 1.202199 1.151757 1.066267
1.014021 1.013467 1.016487 1.019931 .9530767 .920173 .9498673 .967739 .9628195 .9587857 .9519494 .9458564 .9534351 .9709058 .9807326 .9756384 .9495947 .9079228 .8683194 .80182 .8425916 .9155947 1.022916 1.054731 1.122338 1.102924 1.078918 1.025156 .9898746 .9658957 .9439363 .9494063 .9443967 .9270682 .9056004 .8783664 .8637885 .8654864 .8468712 .8009642 1.059852 1.265089 1.236803 1.13355 1.069646 1.09878 1.131544 1.136569 1.063089 1.015936 1.043307 1.057013 1.057597 1.112897 1.209177 1.226458 1.229579 1.238899 1.255104 1.289105 1.208878 1.120866 1.018968
1.011952 1.013541 1.02011 1.028377 1.011028 .9644624 .9684813 .9704365 .9603949 .9493971 .9476428 .9497102 .9596092 .9687538 .9837967 .9929057 .9818674 .9410267 .8958701 .8505791 .8349892 .895529 .9919741 1.004673 1.08747 1.119719 1.117025 1.053161 1.007666 .9750736 .9461551 .9458756 .9443684 .9377488 .9236653 .9002862 .8894474 .8829039 .8952748 .8883706 1.05054 1.203052 1.161234 1.043548 1.069618 1.184337 1.161715 1.164194 1.072651 .9920376 1.04268 1.048454 1.016028 1.107558 1.244298 1.287497 1.271752 1.285211 1.328874 1.31973 1.193974 1.057996 .9489734
1.009922 1.011525 1.018325 1.02893 1.032509 1.017472 1.006242 .9878145 .9519408 .9354267 .9419358 .9560089 .9624932 .962925 .9803008 1.005369 1.009012 .9774841 .9351003 .8992137 .8662466 .8894089 .9759053 .9909667 1.036692 1.127697 1.141631 1.08349 1.031919 .9836634 .9519752 .9504362 .9498514 .9454665 .9367825 .9157149 .9127544 .9124746 .9424358 .972742 1.036293 1.12125 1.095365 .9731784 1.124061 1.216379 1.14963 1.144726 1.083977 .9682174 1.008285 1.010273 .9816031 1.106954 1.290732 1.343318 1.311367 1.331756 1.377566 1.333517 1.185942 .9792314 .8404661
1.006507 1.008434 1.009897 1.015036 1.021215 1.003229 1.021765 1.012359 .9420788 .9143879 .9400735 .9732715 .9681432 .9417953 .9478524 1.022845 1.063006 1.015295 .9657074 .9403451 .9088189 .8933688 .956886 .990042 .9919314 1.087534 1.174448 1.136987 1.0708 .9907688 .9567228 .9584243 .9620026 .9593491 .9454509 .9262721 .9334043 .9335813 .9523382 1.002623 1.037993 1.066719 1.063026 1.02892 1.124699 1.17905 1.100526 1.111896 1.09456 .9781719 .9685495 .9401923 1.009478 1.202218 1.327993 1.356154 1.340281 1.360471 1.369467 1.327136 1.183579 .9442289 .8397052
.9986543 1.001829 1.001585 .9920025 1.018265 1.017507 1.04186 1.004418 .8788783 .8914911 .9487861 1.027452 1.004248 .9238047 .9081692 1.006458 1.09735 1.058784 .98054 .9428737 .9202679 .9129679 .9479883 .9664648 .9740846 .9913517 1.102188 1.110089 1.07031 .9846525 .9626028 .9587338 .9674419 .9752593 .9613435 .9361637 .9451014 .9490176 .9594957 .9933552 1.027849 1.045173 1.057917 1.069979 1.099296 1.105897 1.06953 1.072942 1.080905 1.024141 .9565626 .9345877 1.120923 1.281428 1.332419 1.331506 1.36138 1.377511 1.34652 1.291522 1.194301 1.003741 .8903001
.988605 .9928288 1.000074 .9996938 1.016241 1.0311 1.042754 1.032634 .8436846 .8674074 .9614044 1.043333 1.033117 .9241107 .8976693 .9187318 1.075105 1.072958 1.058401 .9831125 .9331461 .9235953 .9653355 .964779 .9648483 .9793545 1.00887 1.078592 1.054331 .990657 .9696921 .96022 .9667507 .9715253 .9651548 .952997 .9549369 .9595388 .967506 .9833377 1.012379 1.033431 1.052391 1.085193 1.092461 1.067355 1.05574 1.050793 1.06376 1.038714 1.000443 .9811593 1.130644 1.290051 1.349186 1.32044 1.311905 1.322236 1.310098 1.253571 1.175956 1.036748 .9792519
.9790891 .9898459 1.00587 1.009415 1.017606 1.026797 1.025811 1.003144 .8477111 .8519573 .9630238 1.021789 1.022363 .9559861 .8915606 .9402509 1.014983 1.049148 1.070715 1.039048 1.021619 1.019228 1.002725 .9564865 .955524 .9653931 .9901267 1.015799 1.008408 .9842277 .9683362 .9591036 .9623484 .9661483 .9716505 .9705637 .9650272 .9647586 .9683177 .9790102 1.00137 1.020444 1.037702 1.091041 1.089993 1.07138 1.058473 1.045928 1.055773 1.055825 1.049901 1.050421 1.123133 1.270878 1.322563 1.260737 1.24804 1.270207 1.270501 1.237141 1.180534 1.106618 1.043677
.9775699 .99231 1.004042 1.011335 1.016533 1.018525 1.011259 .9917876 .9177498 .8842884 .9718692 1.009276 1.010327 .9900876 .9727526 .9885594 1.00667 1.030881 1.065733 1.046304 1.051307 1.079913 1.086051 .9927763 .9440231 .9534335 .9601616 .9678635 .9699675 .9651221 .9595326 .9540624 .9602216 .9730732 .9906675 .9943367 .9778163 .9625683 .9578178 .9743103 1.001211 1.027058 1.042596 1.085367 1.095759 1.058485 1.046639 1.040538 1.060679 1.080205 1.080912 1.091922 1.131731 1.188891 1.227922 1.231813 1.251207 1.287074 1.297835 1.269396 1.222497 1.158989 1.069042
.9785646 .9911053 1.000578 1.007172 1.012515 1.009368 .9991605 .9832697 .9552988 .9315632 .9708994 .993759 1.000294 1.000455 1.00139 .990818 .9804475 1.002412 1.043468 1.035188 1.047633 1.078768 1.107662 1.062276 .9834787 .9346463 .9361731 .9386256 .9415406 .9492619 .9491702 .9411542 .9364084 .9672917 1.062021 1.066076 .9855072 .9518263 .938683 .9539889 1.020908 1.040429 1.053298 1.087766 1.083325 1.047533 1.036187 1.043509 1.083017 1.107663 1.102688 1.095781 1.114962 1.148967 1.173665 1.193954 1.266487 1.344257 1.3831 1.339836 1.303684 1.25172 1.04895
.9775712 .9879409 .9949659 1.000539 1.004861 1.003081 .9933835 .9780591 .9608465 .9518731 .9630737 .9764408 .9864569 .9898726 1.009584 .9979422 .9859563 1.009093 1.034833 1.034479 1.044428 1.07015 1.087634 1.101408 1.08979 .997705 .9116716 .9071034 .9198399 .9330704 .9478173 .9132332 .8962415 .9629624 1.136693 1.149785 .9991445 .9100847 .8789799 .9003245 1.028042 1.060546 1.06787 1.080313 1.0778 1.045053 1.015411 1.038409 1.096571 1.133325 1.111677 1.071688 1.075582 1.104567 1.154504 1.213765 1.322888 1.394956 1.435081 1.402241 1.362669 1.297862 1.07318
.9770237 .9834347 .9927448 .9975717 1.000046 .9987162 .9905317 .9798145 .9681118 .9668767 .9724654 .9726215 .973954 1.003088 1.014231 1.011923 1.00424 1.012202 1.026098 1.034754 1.040293 1.056399 1.071675 1.090775 1.10929 1.097508 .9698901 .8698359 .8802416 .9285406 .9238585 .8470089 .8321557 .9570395 1.16796 1.190494 1.052371 .8627442 .7871109 .8031645 1.008359 1.115627 1.083776 1.094167 1.084241 1.051868 .9919471 1.036375 1.139431 1.164785 1.091467 1.015632 1.025313 1.105889 1.184291 1.262376 1.361899 1.407528 1.425064 1.41744 1.382823 1.327493 1.130909
.9749035 .9805568 .9873878 .9945582 .9954079 .9955097 .9907492 .9809536 .9734185 .974456 .9859979 .9838473 .9733441 1.001064 1.0129 1.015412 1.014565 1.019541 1.026339 1.031597 1.032863 1.03738 1.045503 1.070283 1.082379 1.069623 1.02619 .9396802 .8958643 .9402609 .8763316 .7618572 .8402209 1.031005 1.150915 1.177375 1.11677 .8823833 .7023542 .7239354 1.022553 1.156405 1.145856 1.134703 1.111352 1.082059 .9874085 1.049576 1.180501 1.185611 1.079892 1.001534 1.010568 1.100973 1.20958 1.314592 1.377191 1.429434 1.431861 1.413798 1.408844 1.346696 1.176102
.9725454 .9770156 .9834341 .9891654 .9896331 .9906903 .9873779 .982823 .976718 .9779056 .9905559 .9866407 .9800802 .9961434 1.008377 1.016801 1.02099 1.027231 1.030422 1.032582 1.026852 1.024015 1.021006 1.056875 1.067899 1.055915 1.034815 .9944447 .9595824 .9396649 .8171759 .712839 .8391201 1.085323 1.129301 1.184559 1.146956 .8885321 .6068736 .6769118 .9770656 1.152041 1.173203 1.171296 1.166024 1.118921 1.009858 1.060873 1.193749 1.180312 1.06658 1.009963 1.025615 1.101729 1.201295 1.298552 1.370853 1.431727 1.429497 1.420545 1.400082 1.363873 1.217843
.9741521 .9723697 .9715301 .9754506 .9808897 .9819521 .9828457 .9824412 .9798462 .9839759 .9976639 .9976622 .9913165 .9973033 1.007601 1.016066 1.021857 1.029679 1.034112 1.02741 1.021697 1.017585 1.030531 1.048435 1.057507 1.049359 1.031364 1.014607 1.024106 .9190775 .822678 .8118272 .777092 1.04376 1.111097 1.190678 1.120921 .8395447 .55996 .658429 .9588732 1.125024 1.154464 1.166902 1.154072 1.135168 1.081623 1.105661 1.171882 1.160206 1.054685 1.048474 1.066988 1.097288 1.20759 1.303539 1.387272 1.443308 1.457492 1.442338 1.410738 1.341347 1.240209
.9761293 .9786104 .9645641 .9678624 .9753577 .977669 .9781932 .9783766 .9790704 .9888926 1.000672 1.004156 1.001993 1.003804 1.007519 1.012391 1.01995 1.031866 1.030553 1.021989 1.017993 1.020393 1.032398 1.045327 1.051698 1.050069 1.038141 1.021382 1.007807 .8756385 .9005039 .9454746 .8239557 .8994443 1.044239 1.163773 1.103284 .8370666 .5701005 .7169017 .9562073 1.092197 1.144961 1.16096 1.155626 1.157547 1.147317 1.138495 1.146928 1.124005 1.079707 1.078595 1.103764 1.112921 1.208635 1.310887 1.384699 1.457013 1.486751 1.477572 1.420413 1.326417 1.226007
.9717908 .9751759 .9698917 .9643351 .9709554 .9727648 .9736273 .9750431 .9764451 .9874194 .9990517 1.004797 1.006687 1.0097 1.010293 1.012265 1.012068 1.032896 1.033082 1.028973 1.023321 1.025699 1.035101 1.042941 1.048447 1.046812 1.037014 1.018089 .9534088 .903625 .9842478 1.041891 .8848227 .8215809 .9174681 1.126983 1.084555 .8569338 .6549635 .6641511 .8985145 1.054992 1.15366 1.140244 1.142269 1.161011 1.16676 1.16349 1.151366 1.109739 1.091705 1.10149 1.145249 1.140777 1.207422 1.32374 1.408965 1.474053 1.528441 1.542232 1.439315 1.303128 1.186989
.9705793 .9731063 .9595762 .9583336 .9643432 .9681625 .970409 .9716814 .975018 .9831892 .9953969 1.001126 1.004894 1.009734 1.013459 1.017411 1.018824 1.024349 1.028769 1.029442 1.029807 1.03133 1.037078 1.044149 1.045598 1.037816 1.021448 1.001138 .913458 .9073144 1.030797 1.054503 .9707689 .8323187 .8155349 1.041861 1.065388 .9476077 .8093789 .7004283 .7915392 .9945217 1.095133 1.105956 1.116676 1.170514 1.178995 1.178526 1.163697 1.132702 1.118775 1.136485 1.181812 1.176682 1.206969 1.346454 1.464245 1.509074 1.587809 1.608381 1.477885 1.272114 1.138716
.9673985 .9652653 .9651229 .9636754 .9649876 .967383 .9688975 .9711002 .9742617 .9805195 .9916093 .9975666 1.001335 1.004642 1.009868 1.020157 1.017177 1.017099 1.023157 1.0261 1.028682 1.031917 1.037028 1.043412 1.043173 1.02698 .9973658 .9652584 .9108759 .8888146 .9953647 1.03268 1.018585 .9002501 .7539161 .9642276 1.029256 .9786839 .9149089 .8248687 .7608911 .918236 1.035025 1.06672 1.091642 1.147967 1.166788 1.179171 1.175885 1.143155 1.137867 1.170893 1.23263 1.215614 1.200958 1.36577 1.542725 1.595537 1.656907 1.657185 1.465524 1.233074 1.076141
.9704996 .9615263 .9643014 .9681718 .969443 .9710706 .9719272 .9720543 .9730024 .9755785 .9876796 .9932478 .9976087 1.003873 1.010506 1.019467 1.020109 1.019088 1.020279 1.02196 1.025915 1.028129 1.032231 1.035241 1.030186 1.005568 .9678237 .9479423 .9475718 .9189497 .9652952 1.015722 1.004364 .9479527 .7309575 .8992652 .9877613 .9875507 .9515011 .8627301 .7705009 .8633705 1.018238 1.050508 1.086076 1.113074 1.126265 1.151278 1.169888 1.155891 1.156033 1.21084 1.300489 1.288347 1.206508 1.384322 1.654807 1.736651 1.707221 1.633432 1.406591 1.190775 1.023032
.9659405 .9565833 .9596524 .9656499 .9703687 .974043 .9753821 .9769434 .9746882 .9714521 .9803712 .9876202 .9957878 1.003733 1.012867 1.014417 1.01647 1.01886 1.018697 1.018409 1.017181 1.019912 1.026439 1.020077 1.026316 1.006501 .9546441 .9468052 .9856107 .9493777 .9778405 1.006088 .9957141 .933658 .8066031 .8903361 .9544578 .9650098 .969333 .8526528 .7861165 .8284683 .9876689 1.044651 1.084336 1.07446 1.08208 1.126425 1.160034 1.164866 1.174607 1.241716 1.383946 1.406518 1.257549 1.382831 1.755587 1.866345 1.762929 1.567734 1.312449 1.122687 .9491143
.9656232 .965106 .9643661 .9665189 .9711117 .9748777 .9777245 .9777495 .9704588 .9734282 .9797664 .9862772 .9930084 1.005083 1.010623 1.01211 1.012556 1.016726 1.018187 1.017366 1.012714 1.010496 1.022949 1.021859 1.018366 1.002193 .9759603 .9604062 .9890754 .9772751 .9825996 1.001915 .9902583 .926526 .8319616 .9146248 .9534365 .9523322 .9774614 .8664181 .7930316 .8069843 .904936 1.019224 1.069042 1.075845 1.064148 1.093808 1.146361 1.181719 1.189268 1.260687 1.461511 1.547072 1.361547 1.437159 1.807441 1.950679 1.77032 1.439237 1.195922 1.032807 .8410937
