py_wake/examples/data/AJ_ParqueFicticio/Rough survey   Sector 7   Height 200m   Orographic speed.grd
DSAA
73  159
 258469   265669
 6501692   6517492
 .6526977   1.394431
[rows 84 to 111 of 159, columns 0 to 62 of 73]
.9192409 .9145823 .9110635 .907692 .9042612 .8997466 .8965522 .8922585 .8885204 .8860531 .8840992 .88046 .875863 .8732936 .8715767 .8702191 .8685892 .8682718 .8709623 .8758426 .8805895 .8849455 .8896925 .8952063 .902184 .9082968 .9131414 .9177416 .9203457 .924227 .9295822 .9350824 .9384455 .9385302 .9347715 .9343487 .929582 .9277775 .9312817 .9342746 .9363294 .9347179 .9343596 .9333041 .9336695 .9364192 .94105 .9461114 .9539555 .9636447 .9732129 .9794664 .981467 .9804073 .977652 .9757786 .9732837 .9712175 .970374 .9679544 .9648968 .9598919 .957375
.9138272 .9106559 .9071005 .9033898 .8997332 .8956543 .8923563 .8880574 .8843697 .8818129 .8785379 .874172 .8697899 .8662941 .8659946 .8649515 .8633364 .8610305 .8606358 .8619739 .865942 .8705162 .8775561 .8860617 .8959201 .9036606 .9089844 .9113126 .9134003 .9138062 .9183563 .9256587 .9296039 .9318333 .9297166 .9309247 .9297107 .9326776 .9385824 .9429156 .9434168 .9411324 .9389348 .9382984 .9379336 .9404555 .9417955 .9425297 .9439006 .949838 .9597592 .9693716 .9769061 .9809126 .9818873 .9828762 .9831101 .9809736 .9777385 .9734542 .9679577 .9603411 .956682
.9068661 .9049452 .9024571 .8989474 .8948767 .8916575 .8876459 .8839743 .8818532 .8781632 .8741307 .870675 .8670871 .8630244 .8609272 .8603023 .8590558 .8570151 .853904 .8517886 .8519634 .8547665 .8601282 .8678052 .8777553 .8871453 .8925917 .8976842 .8990453 .9016867 .9075732 .9136934 .9213941 .9269047 .9289967 .9320648 .9318864 .936006 .9429678 .9479275 .9487005 .9466617 .9475968 .9487292 .9495192 .9506274 .9508629 .9488313 .9472037 .9475034 .9511474 .9607103 .9715689 .97887 .9846795 .9882115 .9903444 .988488 .9850324 .9790852 .9725942 .9643342 .9599231
.9024515 .8999239 .8975207 .8936286 .8892391 .8857809 .8826059 .8801174 .8778977 .8742211 .870729 .8668815 .8638164 .8592351 .855118 .8539901 .8532695 .8511945 .849618 .8465421 .8440751 .8431236 .843872 .8493732 .8579441 .8686112 .8773929 .8867942 .8919961 .8988088 .9081525 .9156321 .9242269 .9315267 .9363323 .9379127 .9384181 .9424306 .9461843 .9501308 .9516654 .9531558 .9553177 .9589679 .9596801 .9591705 .957103 .9556561 .9514453 .9473341 .945693 .9517056 .9620172 .9740087 .9821446 .9879069 .98945 .9887215 .9844025 .9813098 .9766616 .9722947 .9686891
.9005888 .8964059 .892966 .8889599 .8843811 .8797507 .8764152 .8736598 .8709963 .8693926 .8671302 .8635148 .8603075 .8566826 .8518021 .8468482 .8453575 .8444033 .8439295 .8425569 .841387 .840238 .8411261 .8437377 .8513958 .8639598 .8783726 .8933383 .904631 .9139207 .9202513 .9284998 .9322404 .9383712 .9423721 .9432074 .9479219 .9527145 .9543829 .9561689 .9580125 .9616477 .9624988 .9617195 .9598386 .9570946 .9536521 .9520596 .9477975 .9418121 .9367077 .9366153 .9443703 .955587 .9679286 .9745649 .9767494 .9772588 .9772757 .9763787 .9777581 .9777184 .981556
.8998045 .8944969 .8898227 .8859074 .8812159 .8764237 .8716358 .8661559 .8632945 .8622186 .8617413 .8606548 .8575062 .8543014 .8501639 .8427095 .8383043 .8379565 .8387268 .8409139 .8446401 .8475641 .8518589 .8588555 .8683942 .8802677 .898165 .9161599 .9309329 .9383896 .9422784 .9427781 .9436454 .9443952 .9453025 .9466113 .9530718 .9619159 .9654018 .9671193 .9690127 .9696428 .9676995 .9632613 .9579817 .9552135 .950828 .9471896 .9419863 .9368014 .9292986 .9252334 .9212231 .9283059 .9405947 .9507397 .9542837 .9572849 .9603797 .9660029 .9730945 .9794538 .9888393
.9006709 .894491 .8891342 .8832059 .8789998 .8740267 .8689105 .8637213 .8588104 .855992 .8559256 .8567142 .8547657 .8525872 .8494582 .8435709 .8368232 .8340044 .8353959 .8426085 .8523502 .8628256 .8739135 .8871813 .9010026 .9142636 .9304286 .9473053 .9594025 .9633684 .9623702 .9592648 .9577306 .9552782 .9528944 .9549946 .9606847 .9703813 .9769592 .9808288 .9814222 .9797446 .9766142 .9721726 .972978 .9720322 .9703638 .966264 .9584525 .9508687 .9450575 .9375017 .9295996 .9226857 .9223036 .9281092 .9311363 .9336801 .9402668 .9534622 .9675904 .9816904 .9942963
.9011468 .894811 .8895877 .8835735 .8782312 .8731571 .8687002 .8638417 .8587736 .8550065 .8528979 .8529164 .8531566 .8528869 .8515275 .8470853 .8410666 .8381242 .8398573 .8477561 .8641207 .8833675 .9011137 .9200177 .93729 .9506728 .9645246 .9773152 .9838908 .9838668 .9809886 .9775394 .9739357 .9709198 .9669997 .9706151 .9715211 .9790267 .9885457 .9942481 .9961086 .9942369 .9919484 .9934338 .9985903 1 .9963971 .9920903 .9840823 .9787269 .9788516 .9723041 .9618286 .9496066 .9344044 .9237038 .9237667 .9288409 .9386203 .9541271 .9691442 .9876296 1.001726
.9031934 .8955696 .8897792 .883885 .8780499 .8742693 .8705874 .8658975 .8617654 .8570918 .8534859 .8527375 .8525866 .8546029 .8567381 .8542635 .8523336 .8524289 .8558065 .8640935 .8816513 .9061809 .9304158 .9507181 .9689594 .9811826 .9935878 1.002174 1.00372 1.001015 .997436 .9934509 .9875606 .9805971 .9774638 .9829102 .9844486 .9895371 .9985346 1.006865 1.011326 1.011606 1.013876 1.020208 1.023892 1.022231 1.015636 1.009351 1.006719 1.008517 1.011048 1.008054 1.00006 .987026 .9710302 .9594101 .9541663 .9577395 .9641585 .9725699 .9829928 .9976957 1.012114
.9030693 .896709 .8903416 .8845115 .8798472 .8760817 .8732556 .8691694 .8654159 .8617425 .8576791 .8542408 .8544733 .8568404 .8611163 .8657568 .8699706 .8752759 .8830276 .8923422 .9070317 .9301785 .9557401 .9780217 .9957299 1.006882 1.016973 1.022548 1.019776 1.012403 1.006254 .998983 .9937857 .9887062 .9896761 .9949761 .997351 1.000016 1.009653 1.020666 1.028335 1.033774 1.039332 1.04237 1.039723 1.033435 1.026586 1.020525 1.021566 1.024869 1.027667 1.027934 1.023968 1.017594 1.009275 1.001975 .9989555 .9980509 .9958179 .9950403 .9991352 1.008997 1.022272
.9029467 .8976423 .8911989 .8858461 .8809546 .8784786 .87649 .8731067 .8703471 .8676989 .8636395 .8595613 .8580122 .8600637 .8664702 .8763301 .8893587 .9036448 .9158058 .9272818 .939441 .9559279 .9791993 1.000625 1.01816 1.027408 1.034244 1.03585 1.025246 1.014969 1.005582 .9974136 .9938897 .9933992 1.000488 1.007809 1.010561 1.015692 1.0259 1.036459 1.045419 1.050376 1.053108 1.04919 1.043419 1.036116 1.029853 1.027283 1.028317 1.028657 1.026987 1.024323 1.025604 1.027371 1.026122 1.02543 1.024346 1.021901 1.017561 1.01384 1.013898 1.019091 1.030892
.9014158 .897271 .8928568 .8886996 .8841095 .8812368 .8802896 .8795841 .8776841 .8749036 .8725234 .8697348 .8674404 .8678541 .8740733 .8871007 .9066414 .9274776 .9465843 .9618204 .9733483 .9853072 1.002243 1.020683 1.035292 1.040959 1.040046 1.031217 1.017585 1.005295 .9960445 .9910564 .9926538 .9992573 1.010243 1.021362 1.025704 1.031682 1.041041 1.049452 1.052251 1.052014 1.050897 1.045539 1.039911 1.035122 1.031637 1.030652 1.027056 1.021829 1.016019 1.011262 1.010482 1.013524 1.018946 1.02405 1.028224 1.029896 1.030789 1.029777 1.027071 1.027356 1.033691
.9005203 .8974279 .8955367 .8930645 .8904766 .887574 .8854398 .8856969 .8867158 .8852823 .8843477 .8841933 .8836401 .8849267 .8903438 .9026073 .9224509 .9466646 .9700833 .9903265 1.005221 1.015534 1.027118 1.037407 1.045285 1.040432 1.025479 1.007456 .9913451 .9818283 .9801096 .98493 .9959046 1.009099 1.024901 1.036008 1.04299 1.04736 1.053213 1.057775 1.052252 1.045053 1.03877 1.032807 1.029503 1.028802 1.027022 1.021942 1.014502 1.006297 .9977318 .9894544 .9816542 .9794118 .9902309 .9999309 1.010318 1.020088 1.031402 1.036616 1.034702 1.031806 1.031673
.9015152 .8996245 .8981971 .8979286 .8980607 .8972911 .8945523 .8935013 .8960744 .8974224 .8990458 .9021391 .9063263 .9111242 .9179077 .9280236 .9435067 .9653019 .9909931 1.01476 1.030757 1.038335 1.045466 1.049798 1.044088 1.025322 1.002466 .980595 .9678374 .9671958 .9778008 .993384 1.007487 1.021086 1.036768 1.047819 1.058102 1.05825 1.054462 1.050477 1.039582 1.030089 1.022217 1.015949 1.011308 1.008098 1.002316 .9963604 .9881395 .9791045 .9705775 .9601389 .9507351 .9451352 .9521255 .963729 .978108 .9922081 1.008708 1.024746 1.032935 1.032354 1.028518
.9072366 .9046123 .9034833 .9034936 .9042557 .9078276 .907801 .9056706 .9084195 .9127975 .9184849 .9257267 .9357179 .9471365 .9582352 .9669458 .9783186 .995201 1.01694 1.038431 1.053356 1.057408 1.058576 1.054694 1.037511 1.013404 .990844 .9780205 .9804434 .9910668 1.005038 1.017277 1.025697 1.029901 1.038646 1.046529 1.051546 1.049235 1.042222 1.033646 1.02112 1.010521 1.002116 .9958371 .9910107 .9841642 .9739786 .9644405 .9550487 .9454308 .9392354 .9341807 .9329046 .9396905 .9468248 .9565426 .9650496 .9774227 .9918515 1.008352 1.022859 1.031591 1.029852
.916722 .9135788 .9135467 .9131637 .9138633 .919883 .9247023 .9246992 .9270273 .9340923 .9427323 .9544672 .9692041 .9871269 1.00472 1.016613 1.026678 1.037467 1.053118 1.067867 1.07622 1.076995 1.072169 1.056852 1.031393 1.01056 .9987758 1.005798 1.019137 1.030578 1.037259 1.040657 1.039592 1.034003 1.034176 1.034841 1.029706 1.022952 1.016826 1.009573 .999279 .9873744 .978141 .9710901 .9684083 .9651683 .9574562 .9437315 .9334233 .926051 .9247157 .9316743 .9454965 .9631076 .9731959 .9842092 .9923804 1.001812 1.008102 1.020135 1.036025 1.046961 1.0475
.9296913 .9297548 .9299327 .9299858 .9308426 .936382 .9457042 .9515857 .9545819 .9630757 .9744388 .9885617 1.006116 1.027203 1.049242 1.068063 1.080012 1.0883 1.094899 1.101686 1.102416 1.094738 1.081252 1.056653 1.034466 1.023464 1.027264 1.041978 1.058207 1.062185 1.059862 1.054586 1.047315 1.038817 1.030987 1.021033 1.008152 .9966377 .9867951 .9806486 .9720117 .9608213 .9535685 .95107 .9491007 .9509187 .9506276 .9463082 .9436228 .9428244 .9478989 .9588234 .975379 .9939844 1.008284 1.020908 1.030324 1.039632 1.04775 1.05657 1.066302 1.068099 1.06755
.9443151 .9493963 .9512667 .952422 .9547334 .9589958 .9712588 .98283 .9899064 1.000535 1.013749 1.028906 1.048581 1.069995 1.093701 1.115561 1.130511 1.138101 1.13906 1.136941 1.12788 1.110549 1.088107 1.066134 1.05579 1.058889 1.070264 1.080615 1.084144 1.078109 1.069173 1.058911 1.049936 1.040244 1.031712 1.015998 1.00025 .9857072 .9696993 .9557337 .9473134 .94192 .9414629 .9450237 .9514328 .9567063 .9629874 .9718457 .9805064 .9843289 .9898117 .9983902 1.011812 1.027184 1.041357 1.052319 1.061033 1.068187 1.073219 1.076686 1.076855 1.077022 1.080245
.9591106 .968026 .974399 .9782093 .9826022 .987357 .9984272 1.015128 1.028013 1.041248 1.057915 1.072304 1.092677 1.11546 1.137851 1.159712 1.174165 1.181126 1.180363 1.171288 1.153 1.131573 1.112147 1.099187 1.097942 1.102664 1.105855 1.102701 1.09225 1.080596 1.069166 1.058767 1.050431 1.04032 1.02712 1.011928 .9961527 .9808226 .9632969 .9466851 .9408438 .9428029 .9534205 .9637659 .9706591 .9768223 .9879415 1.004474 1.021378 1.030051 1.035004 1.039721 1.047556 1.056775 1.065458 1.070071 1.074015 1.075342 1.075518 1.07426 1.074134 1.080192 1.095062
.9705867 .983965 .9949158 1.003873 1.011583 1.015458 1.023348 1.040383 1.059353 1.076429 1.095944 1.11508 1.134988 1.158547 1.18172 1.20234 1.213129 1.218162 1.216896 1.206281 1.189254 1.173458 1.160764 1.153317 1.149969 1.143928 1.131091 1.110827 1.090926 1.074773 1.065183 1.057557 1.049862 1.038007 1.023457 1.008228 .9928086 .9773076 .9638674 .9565417 .9565723 .9612386 .9728864 .9822996 .9885444 .9950868 1.011533 1.033533 1.054395 1.070579 1.077416 1.079723 1.080096 1.08021 1.079748 1.07739 1.077674 1.077057 1.075054 1.072575 1.074812 1.084589 1.099229
.9718531 .9913058 1.010074 1.025469 1.034874 1.039592 1.04492 1.059449 1.078055 1.098819 1.121235 1.144623 1.168736 1.193367 1.21735 1.237234 1.248724 1.252495 1.251406 1.246103 1.236276 1.227504 1.219721 1.21105 1.198564 1.177248 1.149442 1.121702 1.099277 1.083491 1.074393 1.065614 1.056272 1.042999 1.028498 1.013454 .9981669 .9808965 .9696465 .9692829 .9742839 .9807045 .9854023 .9898998 .9956816 1.00636 1.027966 1.057102 1.083116 1.104843 1.118729 1.121437 1.118035 1.110349 1.104207 1.099419 1.097594 1.094761 1.091797 1.087166 1.083816 1.087571 1.092631
.9714234 .9898109 1.012928 1.03333 1.049014 1.056164 1.063742 1.077218 1.094051 1.11454 1.137365 1.163875 1.191233 1.216951 1.238854 1.25898 1.273183 1.279643 1.281878 1.280321 1.277565 1.27375 1.266892 1.255589 1.234675 1.20464 1.175211 1.148766 1.128945 1.112678 1.100162 1.086735 1.071176 1.056894 1.041811 1.025703 1.007826 .990369 .9818335 .9815117 .9858853 .9903198 .99194 .9983472 1.011083 1.031068 1.052617 1.080561 1.109776 1.135522 1.156651 1.166461 1.165371 1.158983 1.152763 1.146471 1.137443 1.127639 1.118361 1.108176 1.098835 1.091317 1.084391
.9843217 .9944746 1.01194 1.033883 1.055772 1.071415 1.082517 1.094783 1.111674 1.132777 1.155132 1.179518 1.204574 1.229518 1.249179 1.262708 1.276837 1.288866 1.292935 1.294364 1.29388 1.291051 1.285821 1.275964 1.25982 1.235554 1.212739 1.190502 1.17132 1.152959 1.134006 1.11335 1.091736 1.071542 1.051764 1.03399 1.01812 1.003721 .9973664 .9940073 .9972426 1.002517 1.008945 1.023474 1.044813 1.071743 1.093585 1.111457 1.135121 1.161078 1.185686 1.205297 1.212864 1.213034 1.207241 1.194569 1.175914 1.155537 1.137026 1.12394 1.111331 1.098652 1.085122
1.017181 1.018703 1.027857 1.04416 1.065793 1.08933 1.106651 1.119521 1.134835 1.153068 1.173063 1.193351 1.21307 1.230514 1.242185 1.248996 1.25611 1.268054 1.27745 1.283615 1.28529 1.283979 1.280892 1.277881 1.273964 1.265686 1.251825 1.235375 1.217142 1.194774 1.169325 1.142467 1.114445 1.089399 1.067014 1.048141 1.03264 1.02493 1.020651 1.016742 1.01887 1.028862 1.043687 1.066407 1.092761 1.121183 1.142747 1.155176 1.167595 1.18495 1.203406 1.225734 1.237832 1.238845 1.232648 1.214601 1.190115 1.166109 1.146399 1.130335 1.116779 1.103605 1.090456
1.063591 1.0621 1.065768 1.074696 1.089561 1.110379 1.130721 1.146517 1.157928 1.170951 1.186982 1.20249 1.21474 1.221066 1.220826 1.21979 1.219997 1.227111 1.239296 1.251696 1.261672 1.266194 1.268825 1.273556 1.277318 1.279692 1.277795 1.270216 1.256498 1.233494 1.205973 1.175221 1.142419 1.113052 1.088318 1.068787 1.056999 1.052973 1.05253 1.052572 1.05779 1.071103 1.091741 1.115812 1.141953 1.167564 1.186036 1.196768 1.203025 1.209839 1.218629 1.229582 1.231173 1.226797 1.215015 1.197505 1.177331 1.157625 1.142244 1.128949 1.11736 1.105321 1.096809
1.115898 1.114139 1.1129 1.116613 1.123267 1.135192 1.149885 1.164572 1.173675 1.182338 1.193438 1.20264 1.207399 1.201152 1.19322 1.187134 1.18225 1.183339 1.194489 1.210595 1.227927 1.239701 1.245666 1.25591 1.266776 1.277277 1.28869 1.29293 1.283228 1.261763 1.233364 1.19801 1.162562 1.128699 1.103678 1.087842 1.083295 1.086144 1.090996 1.098188 1.106968 1.121971 1.142404 1.161604 1.179431 1.197743 1.210651 1.220376 1.226324 1.231206 1.231356 1.226837 1.215584 1.199526 1.180412 1.162227 1.147009 1.133413 1.123634 1.1172 1.10949 1.101514 1.097792
1.163275 1.163581 1.15785 1.155768 1.155492 1.157772 1.164914 1.174963 1.18461 1.190276 1.196883 1.201285 1.197586 1.187454 1.17645 1.16513 1.154962 1.146647 1.151804 1.170042 1.191089 1.207932 1.21786 1.231649 1.24703 1.263695 1.282705 1.293889 1.289535 1.272174 1.244207 1.209322 1.172782 1.141909 1.119859 1.109599 1.109902 1.118987 1.130778 1.144371 1.156278 1.170166 1.183965 1.193813 1.201212 1.204662 1.208221 1.213042 1.219385 1.225461 1.226163 1.215244 1.195414 1.17217 1.149891 1.130966 1.117197 1.106613 1.099455 1.092542 1.088359 1.085963 1.090117
1.203214 1.200955 1.193182 1.187788 1.184074 1.181102 1.182118 1.188477 1.197321 1.20366 1.207039 1.208732 1.201363 1.18999 1.179409 1.164195 1.146244 1.134517 1.131389 1.141232 1.158515 1.178597 1.195145 1.212504 1.233241 1.251222 1.268812 1.275865 1.273609 1.264677 1.249862 1.225541 1.198398 1.173381 1.154651 1.143456 1.142067 1.153988 1.169455 1.18713 1.201309 1.211335 1.215393 1.213842 1.209021 1.200218 1.194881 1.192337 1.195287 1.201339 1.196175 1.183779 1.162841 1.142522 1.124427 1.109779 1.098618 1.088789 1.080443 1.07291 1.067441 1.067438 1.075335
