py_wake/examples/data/AJ_ParqueFicticio/Rough survey   Sector 5   Height 30m   Weibull-k.grd
DSAA
73  159
 258469   265669
 6501692   6517492
 .8457031   2.744141
[rows 84 to 111 of 159, columns 0 to 62 of 73]
2.611328 2.603516 2.591797 2.587891 2.580078 2.560547 2.544922 2.525391 2.509766 2.505859 2.505859 2.498047 2.486328 2.490234 2.474609 2.486328 2.462891 2.458984 2.501953 2.490234 2.501953 2.513672 2.529297 2.533203 2.521484 2.451172 2.322266 2.193359 2.130859 2.205078 2.349609 2.451172 2.482422 2.517578 2.494141 2.630859 2.623047 2.611328 2.591797 2.482422 2.419922 2.392578 2.435547 2.490234 2.478516 2.501953 2.580078 2.611328 2.673828 2.681641 2.681641 2.681641 2.669922 2.646484 2.603516 2.611328 2.638672 2.681641 2.681641 2.677734 2.654297 2.587891 2.388672
2.591797 2.587891 2.587891 2.580078 2.568359 2.552734 2.537109 2.517578 2.509766 2.498047 2.486328 2.470703 2.451172 2.462891 2.470703 2.470703 2.439453 2.435547 2.451172 2.443359 2.458984 2.462891 2.490234 2.517578 2.505859 2.408203 2.287109 2.142578 2.099609 2.181641 2.283203 2.404297 2.400391 2.466797 2.486328 2.619141 2.626953 2.599609 2.533203 2.482422 2.447266 2.447266 2.451172 2.521484 2.490234 2.501953 2.548828 2.541016 2.607422 2.677734 2.681641 2.681641 2.666016 2.658203 2.642578 2.638672 2.681641 2.681641 2.677734 2.669922 2.638672 2.509766 2.150391
2.576172 2.580078 2.580078 2.572266 2.560547 2.548828 2.525391 2.517578 2.509766 2.494141 2.474609 2.478516 2.478516 2.474609 2.470703 2.458984 2.462891 2.458984 2.416016 2.396484 2.376953 2.376953 2.369141 2.404297 2.365234 2.267578 2.130859 2.017578 1.951172 2.041016 2.146484 2.263672 2.361328 2.451172 2.494141 2.603516 2.630859 2.568359 2.474609 2.470703 2.455078 2.474609 2.513672 2.572266 2.599609 2.623047 2.619141 2.611328 2.646484 2.681641 2.681641 2.681641 2.666016 2.669922 2.666016 2.654297 2.681641 2.673828 2.662109 2.642578 2.556641 2.302734 1.865234
2.580078 2.576172 2.576172 2.556641 2.544922 2.537109 2.517578 2.521484 2.513672 2.490234 2.486328 2.478516 2.466797 2.443359 2.431641 2.439453 2.451172 2.435547 2.423828 2.404297 2.337891 2.287109 2.216797 2.158203 2.126953 2.064453 1.927734 1.869141 1.818359 1.818359 2.080078 2.244141 2.373047 2.490234 2.568359 2.650391 2.658203 2.548828 2.455078 2.435547 2.427734 2.462891 2.509766 2.603516 2.634766 2.658203 2.658203 2.654297 2.681641 2.681641 2.681641 2.681641 2.681641 2.681641 2.681641 2.669922 2.681641 2.669922 2.634766 2.599609 2.349609 1.865234 2.744141
2.576172 2.568359 2.556641 2.541016 2.529297 2.513672 2.501953 2.509766 2.490234 2.478516 2.474609 2.458984 2.455078 2.443359 2.416016 2.404297 2.423828 2.404297 2.408203 2.384766 2.345703 2.271484 2.173828 1.998047 1.853516 1.892578 1.888672 1.837891 1.845703 1.982422 2.130859 2.376953 2.427734 2.529297 2.619141 2.681641 2.669922 2.564453 2.478516 2.431641 2.423828 2.455078 2.505859 2.576172 2.615234 2.623047 2.626953 2.595703 2.666016 2.681641 2.681641 2.642578 2.681641 2.681641 2.681641 2.673828 2.681641 2.662109 2.619141 2.548828 2.009766 2.744141 2.154297
2.564453 2.556641 2.552734 2.541016 2.517578 2.505859 2.482422 2.470703 2.455078 2.466797 2.451172 2.462891 2.451172 2.431641 2.404297 2.373047 2.365234 2.373047 2.369141 2.380859 2.365234 2.322266 2.236328 2.107422 1.935547 1.892578 1.900391 1.923828 2.009766 2.142578 2.353516 2.462891 2.498047 2.560547 2.662109 2.666016 2.642578 2.564453 2.509766 2.458984 2.447266 2.451172 2.509766 2.556641 2.576172 2.525391 2.505859 2.490234 2.583984 2.615234 2.548828 2.423828 2.357422 2.498047 2.591797 2.626953 2.673828 2.666016 2.619141 2.560547 1.900391 1.759766 1.830078
2.576172 2.568359 2.548828 2.537109 2.517578 2.498047 2.470703 2.466797 2.439453 2.435547 2.423828 2.443359 2.431641 2.416016 2.400391 2.376953 2.341797 2.314453 2.310547 2.361328 2.384766 2.365234 2.322266 2.232422 2.169922 2.134766 2.076172 2.013672 2.095703 2.279297 2.470703 2.541016 2.568359 2.626953 2.681641 2.646484 2.654297 2.595703 2.529297 2.498047 2.466797 2.470703 2.544922 2.580078 2.576172 2.552734 2.599609 2.615234 2.666016 2.638672 2.576172 2.376953 2.404297 2.302734 2.326172 2.490234 2.580078 2.626953 2.658203 2.607422 2.181641 1.833984 2.005859
2.572266 2.564453 2.552734 2.541016 2.525391 2.490234 2.474609 2.455078 2.435547 2.427734 2.419922 2.419922 2.427734 2.416016 2.404297 2.392578 2.365234 2.302734 2.240234 2.283203 2.396484 2.408203 2.361328 2.283203 2.259766 2.294922 2.216797 2.076172 2.138672 2.373047 2.552734 2.623047 2.638672 2.681641 2.681641 2.677734 2.662109 2.638672 2.548828 2.490234 2.486328 2.521484 2.599609 2.626953 2.654297 2.681641 2.681641 2.681641 2.681641 2.681641 2.681641 2.666016 2.650391 2.599609 2.490234 2.388672 2.470703 2.556641 2.673828 2.673828 2.423828 1.888672 2.064453
2.576172 2.560547 2.548828 2.533203 2.517578 2.498047 2.474609 2.462891 2.447266 2.423828 2.416016 2.427734 2.419922 2.423828 2.423828 2.416016 2.400391 2.341797 2.236328 2.193359 2.380859 2.447266 2.388672 2.298828 2.279297 2.341797 2.271484 2.154297 2.212891 2.466797 2.623047 2.677734 2.681641 2.681641 2.681641 2.642578 2.677734 2.681641 2.587891 2.490234 2.509766 2.576172 2.650391 2.681641 2.681641 2.681641 2.681641 2.681641 2.673828 2.677734 2.681641 2.681641 2.681641 2.681641 2.681641 2.681641 2.681641 2.681641 2.681641 2.681641 2.537109 1.884766 1.935547
2.564453 2.552734 2.541016 2.533203 2.529297 2.498047 2.478516 2.462891 2.451172 2.439453 2.423828 2.416016 2.419922 2.408203 2.431641 2.455078 2.455078 2.396484 2.294922 2.248047 2.349609 2.490234 2.380859 2.294922 2.283203 2.349609 2.322266 2.291016 2.357422 2.541016 2.642578 2.681641 2.681641 2.673828 2.681641 2.626953 2.654297 2.681641 2.591797 2.513672 2.552734 2.646484 2.681641 2.681641 2.681641 2.681641 2.681641 2.677734 2.681641 2.681641 2.681641 2.681641 2.677734 2.666016 2.642578 2.650391 2.662109 2.681641 2.681641 2.677734 2.517578 1.986328 1.701172
2.560547 2.548828 2.537109 2.525391 2.513672 2.501953 2.478516 2.458984 2.443359 2.439453 2.427734 2.416016 2.396484 2.392578 2.419922 2.466797 2.501953 2.458984 2.365234 2.337891 2.408203 2.513672 2.392578 2.263672 2.283203 2.373047 2.388672 2.380859 2.427734 2.583984 2.646484 2.681641 2.681641 2.677734 2.681641 2.630859 2.681641 2.681641 2.658203 2.583984 2.626953 2.681641 2.681641 2.681641 2.681641 2.681641 2.677734 2.681641 2.681641 2.681641 2.681641 2.681641 2.677734 2.669922 2.638672 2.626953 2.658203 2.654297 2.662109 2.654297 2.544922 2.353516 1.732422
2.544922 2.533203 2.521484 2.517578 2.501953 2.490234 2.478516 2.470703 2.455078 2.447266 2.443359 2.431641 2.404297 2.365234 2.376953 2.443359 2.505859 2.470703 2.396484 2.373047 2.435547 2.552734 2.451172 2.232422 2.283203 2.412109 2.466797 2.458984 2.525391 2.599609 2.623047 2.677734 2.681641 2.681641 2.673828 2.626953 2.658203 2.681641 2.681641 2.595703 2.630859 2.673828 2.681641 2.681641 2.681641 2.673828 2.681641 2.681641 2.681641 2.681641 2.681641 2.681641 2.681641 2.673828 2.650391 2.654297 2.650391 2.619141 2.615234 2.583984 2.482422 2.658203 2.681641
2.537109 2.521484 2.521484 2.517578 2.509766 2.486328 2.478516 2.466797 2.462891 2.458984 2.455078 2.451172 2.427734 2.380859 2.337891 2.376953 2.474609 2.462891 2.369141 2.361328 2.458984 2.607422 2.548828 2.236328 2.287109 2.349609 2.419922 2.392578 2.380859 2.443359 2.505859 2.619141 2.681641 2.681641 2.681641 2.662109 2.681641 2.681641 2.681641 2.646484 2.673828 2.681641 2.681641 2.681641 2.681641 2.681641 2.681641 2.681641 2.681641 2.681641 2.681641 2.681641 2.681641 2.681641 2.673828 2.677734 2.662109 2.630859 2.595703 2.513672 2.361328 2.123047 2.681641
2.529297 2.517578 2.513672 2.517578 2.521484 2.501953 2.478516 2.470703 2.470703 2.470703 2.470703 2.470703 2.462891 2.419922 2.357422 2.322266 2.404297 2.427734 2.291016 2.294922 2.412109 2.583984 2.548828 2.326172 2.251953 2.248047 2.306641 2.255859 2.142578 2.189453 2.330078 2.568359 2.681641 2.681641 2.681641 2.681641 2.681641 2.681641 2.681641 2.662109 2.642578 2.677734 2.681641 2.681641 2.681641 2.681641 2.681641 2.681641 2.681641 2.681641 2.681641 2.626953 2.650391 2.509766 2.505859 2.568359 2.681641 2.681641 2.673828 2.607422 2.400391 2.041016 2.556641
2.537109 2.517578 2.501953 2.505859 2.517578 2.505859 2.482422 2.474609 2.474609 2.470703 2.486328 2.494141 2.505859 2.478516 2.419922 2.396484 2.439453 2.423828 2.251953 2.240234 2.373047 2.537109 2.498047 2.330078 2.224609 2.326172 2.388672 2.255859 2.169922 2.333984 2.533203 2.666016 2.681641 2.681641 2.681641 2.673828 2.681641 2.681641 2.681641 2.677734 2.634766 2.662109 2.681641 2.681641 2.681641 2.669922 2.638672 2.638672 2.595703 2.564453 2.556641 2.513672 2.494141 2.447266 2.474609 2.416016 2.548828 2.681641 2.681641 2.677734 2.583984 2.099609 1.462891
2.529297 2.505859 2.498047 2.498047 2.517578 2.521484 2.494141 2.490234 2.498047 2.486328 2.498047 2.525391 2.548828 2.529297 2.494141 2.498047 2.533203 2.478516 2.322266 2.267578 2.380859 2.541016 2.517578 2.384766 2.298828 2.404297 2.423828 2.400391 2.435547 2.537109 2.646484 2.681641 2.681641 2.681641 2.681641 2.658203 2.642578 2.681641 2.681641 2.658203 2.619141 2.630859 2.638672 2.650391 2.630859 2.646484 2.599609 2.599609 2.482422 2.400391 2.380859 2.435547 2.529297 2.591797 2.658203 2.681641 2.681641 2.681641 2.681641 2.681641 2.681641 2.435547 1.783203
2.533203 2.525391 2.517578 2.513672 2.525391 2.556641 2.521484 2.513672 2.537109 2.525391 2.525391 2.560547 2.564453 2.544922 2.521484 2.552734 2.591797 2.556641 2.427734 2.345703 2.419922 2.525391 2.513672 2.455078 2.416016 2.392578 2.431641 2.443359 2.505859 2.595703 2.677734 2.681641 2.681641 2.681641 2.681641 2.646484 2.607422 2.626953 2.587891 2.587891 2.583984 2.537109 2.544922 2.548828 2.552734 2.607422 2.603516 2.560547 2.458984 2.427734 2.501953 2.544922 2.595703 2.642578 2.681641 2.681641 2.681641 2.681641 2.681641 2.681641 2.666016 2.349609 2.744141
2.552734 2.552734 2.544922 2.533203 2.544922 2.587891 2.583984 2.552734 2.583984 2.580078 2.556641 2.587891 2.591797 2.568359 2.560547 2.583984 2.619141 2.603516 2.521484 2.439453 2.458984 2.521484 2.541016 2.509766 2.431641 2.474609 2.521484 2.556641 2.572266 2.626953 2.681641 2.681641 2.681641 2.681641 2.681641 2.681641 2.646484 2.658203 2.595703 2.541016 2.470703 2.455078 2.435547 2.404297 2.521484 2.677734 2.646484 2.595703 2.595703 2.587891 2.607422 2.623047 2.646484 2.681641 2.681641 2.681641 2.681641 2.681641 2.681641 2.681641 2.654297 .8457031 2.744141
2.587891 2.572266 2.564453 2.552734 2.560547 2.626953 2.658203 2.599609 2.626953 2.638672 2.611328 2.623047 2.630859 2.607422 2.607422 2.607422 2.634766 2.626953 2.572266 2.505859 2.494141 2.564453 2.591797 2.587891 2.560547 2.544922 2.548828 2.572266 2.591797 2.630859 2.677734 2.681641 2.681641 2.681641 2.681641 2.681641 2.673828 2.673828 2.615234 2.576172 2.458984 2.416016 2.462891 2.580078 2.662109 2.677734 2.611328 2.642578 2.662109 2.642578 2.638672 2.638672 2.669922 2.681641 2.681641 2.681641 2.681641 2.681641 2.681641 2.681641 2.314453 2.681641 1.291016
2.619141 2.599609 2.587891 2.572266 2.580078 2.642578 2.673828 2.638672 2.650391 2.677734 2.654297 2.658203 2.662109 2.638672 2.654297 2.658203 2.662109 2.646484 2.599609 2.552734 2.580078 2.654297 2.681641 2.681641 2.630859 2.587891 2.513672 2.517578 2.544922 2.572266 2.634766 2.681641 2.681641 2.681641 2.681641 2.681641 2.677734 2.681641 2.666016 2.626953 2.587891 2.525391 2.591797 2.623047 2.681641 2.654297 2.603516 2.662109 2.673828 2.666016 2.638672 2.623047 2.646484 2.681641 2.681641 2.681641 2.681641 2.681641 2.681641 2.681641 2.462891 2.681641 2.681641
2.642578 2.630859 2.619141 2.603516 2.595703 2.654297 2.673828 2.662109 2.650391 2.662109 2.650391 2.642578 2.654297 2.650391 2.681641 2.681641 2.681641 2.681641 2.654297 2.646484 2.681641 2.681641 2.681641 2.681641 2.677734 2.607422 2.517578 2.537109 2.529297 2.533203 2.611328 2.681641 2.681641 2.681641 2.681641 2.681641 2.681641 2.677734 2.669922 2.638672 2.603516 2.572266 2.580078 2.611328 2.677734 2.681641 2.681641 2.681641 2.677734 2.677734 2.658203 2.619141 2.634766 2.681641 2.681641 2.681641 2.681641 2.681641 2.681641 2.669922 2.595703 2.681641 2.681641
2.623047 2.650391 2.642578 2.603516 2.587891 2.630859 2.677734 2.666016 2.650391 2.638672 2.619141 2.603516 2.615234 2.650391 2.681641 2.681641 2.681641 2.681641 2.681641 2.681641 2.681641 2.681641 2.677734 2.681641 2.681641 2.626953 2.576172 2.583984 2.599609 2.615234 2.673828 2.681641 2.681641 2.681641 2.681641 2.681641 2.666016 2.646484 2.673828 2.646484 2.544922 2.478516 2.494141 2.642578 2.681641 2.681641 2.681641 2.681641 2.681641 2.677734 2.681641 2.666016 2.681641 2.681641 2.681641 2.681641 2.681641 2.681641 2.658203 2.572266 2.423828 2.681641 2.681641
2.580078 2.611328 2.607422 2.583984 2.572266 2.611328 2.634766 2.638672 2.650391 2.634766 2.603516 2.568359 2.564453 2.642578 2.681641 2.681641 2.681641 2.681641 2.681641 2.681641 2.681641 2.681641 2.677734 2.666016 2.673828 2.658203 2.638672 2.638672 2.658203 2.669922 2.681641 2.681641 2.681641 2.681641 2.681641 2.654297 2.583984 2.630859 2.666016 2.591797 2.486328 2.435547 2.513672 2.654297 2.681641 2.681641 2.681641 2.681641 2.681641 2.681641 2.681641 2.681641 2.681641 2.681641 2.681641 2.681641 2.681641 2.646484 2.544922 2.466797 2.189453 2.681641 2.681641
2.615234 2.638672 2.603516 2.580078 2.583984 2.611328 2.638672 2.650391 2.669922 2.654297 2.607422 2.541016 2.521484 2.599609 2.669922 2.681641 2.681641 2.681641 2.681641 2.681641 2.681641 2.681641 2.666016 2.654297 2.662109 2.666016 2.673828 2.681641 2.681641 2.681641 2.681641 2.681641 2.677734 2.673828 2.658203 2.599609 2.541016 2.607422 2.646484 2.556641 2.478516 2.470703 2.560547 2.681641 2.681641 2.681641 2.681641 2.681641 2.681641 2.681641 2.681641 2.681641 2.681641 2.681641 2.669922 2.638672 2.564453 2.427734 2.322266 2.330078 2.076172 2.681641 2.681641
2.654297 2.681641 2.681641 2.646484 2.634766 2.638672 2.634766 2.662109 2.681641 2.666016 2.591797 2.494141 2.501953 2.544922 2.638672 2.681641 2.681641 2.681641 2.681641 2.681641 2.681641 2.681641 2.658203 2.630859 2.666016 2.669922 2.666016 2.669922 2.681641 2.681641 2.669922 2.650391 2.615234 2.587891 2.552734 2.458984 2.412109 2.599609 2.642578 2.587891 2.556641 2.541016 2.623047 2.681641 2.681641 2.681641 2.681641 2.681641 2.681641 2.681641 2.681641 2.681641 2.681641 2.681641 2.666016 2.587891 2.431641 2.279297 2.220703 2.224609 1.947266 2.681641 2.681641
2.666016 2.677734 2.681641 2.681641 2.681641 2.681641 2.638672 2.646484 2.662109 2.646484 2.548828 2.431641 2.412109 2.431641 2.564453 2.642578 2.681641 2.681641 2.681641 2.669922 2.681641 2.681641 2.662109 2.658203 2.666016 2.669922 2.669922 2.677734 2.673828 2.658203 2.615234 2.564453 2.501953 2.466797 2.443359 2.345703 2.345703 2.595703 2.662109 2.623047 2.615234 2.607422 2.669922 2.681641 2.681641 2.681641 2.681641 2.681641 2.681641 2.681641 2.681641 2.681641 2.681641 2.681641 2.658203 2.576172 2.458984 2.369141 2.330078 2.283203 1.865234 1.462891 2.681641
2.666016 2.666016 2.677734 2.681641 2.681641 2.681641 2.638672 2.615234 2.611328 2.595703 2.486328 2.326172 2.306641 2.388672 2.474609 2.564453 2.646484 2.619141 2.603516 2.626953 2.669922 2.681641 2.677734 2.673828 2.677734 2.681641 2.681641 2.677734 2.666016 2.603516 2.509766 2.443359 2.404297 2.404297 2.451172 2.392578 2.423828 2.615234 2.677734 2.642578 2.638672 2.634766 2.677734 2.681641 2.681641 2.681641 2.681641 2.681641 2.681641 2.681641 2.681641 2.681641 2.681641 2.666016 2.591797 2.525391 2.482422 2.470703 2.478516 2.435547 1.705078 2.744141 2.681641
2.669922 2.666016 2.669922 2.681641 2.681641 2.669922 2.615234 2.580078 2.556641 2.544922 2.451172 2.333984 2.333984 2.423828 2.533203 2.623047 2.630859 2.548828 2.482422 2.533203 2.658203 2.681641 2.681641 2.673828 2.681641 2.681641 2.681641 2.681641 2.654297 2.521484 2.349609 2.255859 2.310547 2.388672 2.458984 2.474609 2.537109 2.654297 2.681641 2.650391 2.634766 2.619141 2.658203 2.681641 2.681641 2.681641 2.681641 2.681641 2.681641 2.681641 2.681641 2.681641 2.677734 2.611328 2.501953 2.455078 2.439453 2.478516 2.537109 2.525391 1.353516 1.630859 2.560547
