py_wake/examples/data/AJ_ParqueFicticio/Rough survey   Sector 10   Height 200m   Weibull-A.grd
DSAA
73  159
 258469   265669
 6501692   6517492
 6.592178   15.43679
[rows 56 to 83 of 159, columns 0 to 62 of 73]
10.78955 10.82541 10.87715 10.91637 10.94967 10.93924 10.9249 10.90799 10.89839 10.87833 10.86406 10.84365 10.8339 10.80946 10.75601 10.74228 10.74419 10.75154 10.75834 10.77416 10.74195 10.70304 10.71303 10.74518 10.75776 10.77305 10.77471 10.78627 10.88696 11.09593 11.26867 11.25863 11.11382 11.08062 11.15017 11.23994 11.26375 11.11244 10.85305 10.76199 10.86819 10.94286 10.9647 10.99358 11.07819 11.25468 11.42455 11.54868 11.80081 12.1721 12.58967 12.85905 12.72031 12.30155 12.00132 12.21384 12.61364 12.71428 12.33293 11.74076 11.26442 11.23067 11.56352
10.7701 10.81841 10.8731 10.91142 10.94847 10.93374 10.91278 10.89751 10.87899 10.86344 10.84618 10.82885 10.81021 10.80118 10.76977 10.74902 10.74477 10.75197 10.76297 10.77504 10.76907 10.7444 10.73957 10.75271 10.76708 10.78693 10.80025 10.81531 10.92501 11.15539 11.36317 11.36103 11.22466 11.17102 11.24169 11.32282 11.36115 11.23639 11.01313 10.87326 10.90866 10.97705 11.01633 11.05338 11.17659 11.35309 11.44001 11.46087 11.64345 11.97767 12.37756 12.62117 12.50531 12.12988 11.87127 12.10888 12.52484 12.64818 12.28771 11.68878 11.17188 11.04125 11.34004
10.75486 10.80965 10.8673 10.90433 10.93199 10.92041 10.88959 10.87295 10.85557 10.84165 10.82338 10.80518 10.79748 10.79553 10.78373 10.76624 10.75531 10.75208 10.75625 10.77155 10.78575 10.78342 10.77567 10.76292 10.78032 10.79943 10.82924 10.88474 10.98986 11.19261 11.41718 11.42052 11.3103 11.24769 11.27955 11.37483 11.44238 11.32862 11.12148 10.96329 10.95705 10.97308 11.00001 11.10578 11.25933 11.41245 11.45666 11.44361 11.55914 11.8106 12.14161 12.35348 12.2787 11.96211 11.75382 11.99868 12.38285 12.54216 12.2612 11.69094 11.13713 10.89962 11.14202
10.7656 10.83034 10.91608 10.94206 10.91452 10.89439 10.86301 10.84435 10.83225 10.81713 10.80536 10.79802 10.78165 10.7806 10.77881 10.77179 10.76278 10.76239 10.76249 10.77868 10.78951 10.79993 10.80495 10.79117 10.79996 10.83046 10.88663 10.96958 11.07811 11.26071 11.42292 11.44012 11.35174 11.27231 11.33135 11.42718 11.48662 11.42683 11.22851 11.04746 10.98503 10.94201 10.96468 11.11504 11.32083 11.46293 11.49186 11.46746 11.50924 11.678 11.89465 12.06778 12.05991 11.81773 11.6442 11.84224 12.19667 12.39422 12.19353 11.68311 11.13997 10.82305 10.9884
10.80078 10.8742 10.96364 10.98385 10.92237 10.85967 10.8228 10.81406 10.81011 10.80548 10.79883 10.78757 10.77272 10.7619 10.76367 10.76441 10.75733 10.76105 10.77478 10.80081 10.81175 10.80118 10.80645 10.80344 10.81204 10.84827 10.94147 11.06588 11.21639 11.36696 11.48494 11.48366 11.41973 11.35227 11.37649 11.45984 11.49761 11.45027 11.28066 11.09336 10.9814 10.95728 10.99895 11.16872 11.38345 11.5227 11.57068 11.57018 11.57262 11.56704 11.66446 11.77719 11.83465 11.69536 11.53534 11.67581 12.02344 12.23935 12.07224 11.61996 11.13212 10.81907 10.86978
10.85669 10.9398 10.98325 10.97742 10.92325 10.85095 10.79953 10.7884 10.80567 10.80696 10.80275 10.7934 10.77454 10.76011 10.7551 10.75408 10.75135 10.75931 10.78821 10.81766 10.84939 10.83379 10.81935 10.81249 10.81495 10.87084 10.9901 11.15906 11.33637 11.50897 11.60907 11.58103 11.50966 11.48055 11.48239 11.52829 11.54143 11.4687 11.30752 11.14897 11.0178 10.9242 10.95991 11.13373 11.35507 11.50217 11.56915 11.63551 11.67456 11.60379 11.53303 11.57362 11.67419 11.63994 11.47689 11.55536 11.86857 12.08693 11.96283 11.56633 11.15068 10.85464 10.76564
10.8905 10.97228 10.9741 10.95916 10.90617 10.85017 10.79889 10.78801 10.80028 10.813 10.81283 10.80048 10.78412 10.76711 10.75655 10.74734 10.73961 10.74831 10.78621 10.82337 10.86128 10.85733 10.83887 10.82644 10.84174 10.90028 11.01875 11.21037 11.42372 11.6144 11.71688 11.68219 11.60693 11.59755 11.58568 11.59181 11.56401 11.44316 11.27194 11.12829 10.98992 10.87813 10.91272 11.06247 11.29588 11.45866 11.55116 11.64226 11.73985 11.69047 11.5031 11.40209 11.48504 11.50219 11.42317 11.4143 11.65205 11.85215 11.79495 11.46923 11.11225 10.8783 10.77116
10.89964 10.96112 10.96483 10.94451 10.90356 10.86362 10.83088 10.82068 10.81616 10.82323 10.8271 10.80702 10.79139 10.77933 10.76505 10.75301 10.73764 10.73885 10.76968 10.8115 10.85122 10.86137 10.85642 10.85283 10.87395 10.95091 11.05538 11.23378 11.46246 11.67683 11.79065 11.77195 11.71607 11.71366 11.73032 11.70292 11.63464 11.48667 11.30767 11.14637 10.98791 10.87186 10.85125 10.976 11.19165 11.38845 11.47803 11.58496 11.70596 11.72429 11.57509 11.37973 11.32829 11.34098 11.31326 11.2786 11.41996 11.60171 11.5851 11.34547 11.04956 10.86923 10.77843
10.89355 10.94206 10.94119 10.93191 10.91292 10.88604 10.87401 10.86471 10.84126 10.82723 10.82633 10.8165 10.80247 10.79312 10.77454 10.75921 10.74478 10.75362 10.78086 10.8108 10.83227 10.87644 10.88445 10.87571 10.90452 10.97223 11.09266 11.27424 11.50211 11.71603 11.8248 11.82196 11.79048 11.80311 11.83921 11.81166 11.71858 11.55412 11.37579 11.1931 11.02029 10.87114 10.82125 10.91572 11.11207 11.28948 11.38854 11.51704 11.62678 11.68435 11.63791 11.46308 11.25883 11.12796 11.10331 11.1185 11.19026 11.35593 11.38645 11.21576 11.02074 10.87039 10.76347
10.86872 10.91149 10.91245 10.91039 10.91211 10.91117 10.90852 10.90848 10.87481 10.83046 10.82379 10.81724 10.81063 10.80551 10.78539 10.76728 10.75487 10.77552 10.79465 10.82211 10.86661 10.91798 10.93256 10.92275 10.94337 10.99924 11.11653 11.29582 11.50792 11.69172 11.80669 11.80768 11.82338 11.88802 11.92058 11.88858 11.79234 11.60623 11.41589 11.25373 11.0744 10.91056 10.82857 10.87595 11.02481 11.15755 11.25878 11.41178 11.51904 11.59047 11.6586 11.59261 11.34451 11.0482 10.91187 10.91775 10.99952 11.12409 11.18222 11.11116 11.01164 10.87402 10.7256
10.83969 10.874 10.88462 10.89376 10.91068 10.92413 10.93227 10.92868 10.88535 10.83212 10.82143 10.81556 10.80706 10.79845 10.79312 10.78402 10.7724 10.78923 10.80491 10.82759 10.88701 10.96087 10.97484 10.9781 11.00994 11.06075 11.18468 11.35026 11.51657 11.66163 11.75589 11.78344 11.83192 11.95039 11.98002 11.94758 11.85793 11.66022 11.45603 11.28534 11.1107 10.98161 10.87256 10.86154 10.93232 10.9898 11.12028 11.31957 11.41629 11.45117 11.60533 11.66517 11.43864 11.06009 10.75185 10.67162 10.77762 10.93578 11.04677 11.10761 11.06309 10.93137 10.7368
10.82947 10.84827 10.86012 10.88233 10.90245 10.93263 10.94351 10.93586 10.90567 10.85579 10.83245 10.82102 10.81109 10.79944 10.79274 10.79802 10.80063 10.80037 10.80719 10.84298 10.89827 10.96447 10.99791 11.02635 11.0769 11.15856 11.26476 11.4229 11.57337 11.69108 11.74908 11.78315 11.82796 11.95573 12.00603 11.98173 11.92205 11.77436 11.56045 11.35873 11.17249 11.04994 10.94732 10.8898 10.85489 10.86394 11.00491 11.22004 11.3365 11.3424 11.52655 11.65168 11.47612 11.09963 10.69698 10.46315 10.55641 10.75031 10.96013 11.09215 11.10619 11.007 10.79022
10.81801 10.82705 10.83741 10.86738 10.90455 10.93967 10.95014 10.94344 10.92408 10.88368 10.84848 10.83056 10.81576 10.80878 10.81143 10.82553 10.8244 10.81768 10.81407 10.84048 10.87837 10.92901 10.98683 11.05285 11.13815 11.25764 11.38222 11.49084 11.62136 11.739 11.78646 11.79374 11.82029 11.91334 11.99485 11.9826 11.94727 11.83932 11.64619 11.47861 11.32041 11.18572 11.06531 10.93997 10.79477 10.76052 10.88448 11.07866 11.19896 11.21667 11.40847 11.52653 11.39076 11.05957 10.6582 10.35269 10.34351 10.57392 10.83587 11.03509 11.10267 11.04405 10.82461
10.80206 10.79551 10.80048 10.8375 10.89957 10.95272 10.95501 10.95629 10.9428 10.91645 10.8791 10.83967 10.81212 10.81293 10.85228 10.87206 10.85931 10.83134 10.82428 10.82698 10.84531 10.88587 10.96985 11.07465 11.20718 11.33789 11.45884 11.5843 11.71486 11.82496 11.86525 11.82343 11.80147 11.86264 11.95195 11.957 11.93368 11.8388 11.69663 11.57829 11.45212 11.33795 11.19901 11.03271 10.84612 10.73427 10.79297 10.94443 11.05008 11.1079 11.25534 11.33404 11.2343 10.94567 10.58897 10.26517 10.18574 10.42381 10.71712 10.9232 11.01746 10.98934 10.83036
10.79714 10.77876 10.75974 10.80918 10.89124 10.95181 10.95565 10.96116 10.96091 10.94091 10.9089 10.86693 10.82098 10.82377 10.8722 10.91165 10.88257 10.8485 10.83191 10.83081 10.84125 10.87117 10.98857 11.12548 11.26675 11.3978 11.52772 11.65222 11.80828 11.9412 11.96885 11.90268 11.81026 11.82205 11.88897 11.9142 11.89102 11.81068 11.71411 11.65809 11.57531 11.44207 11.29622 11.10017 10.928 10.77652 10.75623 10.83438 10.93042 11.02229 11.12261 11.1423 11.0731 10.84051 10.4881 10.18587 10.10736 10.32802 10.60893 10.80818 10.92211 10.90021 10.77146
10.81424 10.77825 10.74525 10.77199 10.8597 10.92514 10.93399 10.95317 10.971 10.96603 10.93407 10.89074 10.84831 10.84484 10.87758 10.91397 10.89993 10.87277 10.84633 10.8293 10.83599 10.88822 11.02388 11.17819 11.32454 11.44699 11.57924 11.71026 11.88289 12.03288 12.08922 11.99696 11.87005 11.83268 11.84939 11.85025 11.83455 11.76867 11.72442 11.68026 11.63219 11.49925 11.32491 11.15467 11.00345 10.85998 10.77548 10.78806 10.86406 10.97695 11.02388 11.01234 10.96688 10.78013 10.4317 10.10197 10.03175 10.23461 10.47603 10.66416 10.78119 10.78337 10.66657
10.83075 10.78493 10.75278 10.768 10.82766 10.87401 10.89543 10.93596 10.97893 10.99435 10.96294 10.92513 10.89429 10.8758 10.88134 10.9002 10.89321 10.87763 10.85545 10.83206 10.83022 10.89656 11.02266 11.18659 11.3382 11.46533 11.60509 11.7621 11.94978 12.11971 12.2002 12.10456 11.96312 11.88532 11.8442 11.81864 11.75471 11.70449 11.68122 11.69323 11.6652 11.53095 11.3637 11.21038 11.06 10.89888 10.78637 10.74982 10.82614 10.92069 10.96502 10.96931 10.96658 10.84663 10.51193 10.09085 9.915924 10.08983 10.32344 10.53879 10.6629 10.67122 10.57107
10.83487 10.80231 10.79285 10.8053 10.81633 10.83193 10.85123 10.92307 11.00043 11.00875 10.99357 10.96753 10.95198 10.9238 10.88857 10.87574 10.87601 10.86652 10.84815 10.82774 10.83026 10.90278 11.02617 11.18166 11.32752 11.4571 11.59811 11.79686 12.03443 12.24004 12.30355 12.22739 12.08953 11.9698 11.89232 11.80661 11.72663 11.67515 11.66047 11.65647 11.63003 11.54425 11.40655 11.2643 11.10288 10.94054 10.76857 10.70516 10.75505 10.84063 10.89357 10.93732 10.95924 10.91138 10.57169 10.13069 9.867362 9.951351 10.16113 10.38261 10.52111 10.51982 10.41939
10.84584 10.82698 10.82361 10.84272 10.85495 10.81011 10.80046 10.90748 11.00813 11.01599 11.01083 10.99654 10.98878 10.97737 10.9123 10.85492 10.84627 10.85162 10.85005 10.83929 10.84447 10.92366 11.04614 11.19002 11.32154 11.44514 11.58785 11.80296 12.091 12.33465 12.40417 12.32835 12.19173 12.04434 11.92096 11.80545 11.7119 11.63679 11.60674 11.59852 11.5635 11.4789 11.38817 11.28904 11.1364 10.98921 10.75416 10.63517 10.64213 10.7249 10.76528 10.82503 10.90127 10.88811 10.6276 10.2297 9.929412 9.875602 10.01479 10.2127 10.34733 10.34514 10.22304
10.84893 10.84048 10.83733 10.85338 10.86639 10.81699 10.80009 10.8983 10.99234 11.00527 11.0018 11.00105 10.99898 10.99926 10.9345 10.84978 10.8354 10.8466 10.85893 10.8756 10.89074 10.95871 11.07746 11.20415 11.32581 11.43711 11.5756 11.81084 12.11572 12.38531 12.48566 12.4012 12.24056 12.07074 11.92466 11.79923 11.7121 11.60295 11.53503 11.5061 11.44588 11.36882 11.27706 11.21121 11.06013 10.93437 10.80129 10.65558 10.62584 10.66021 10.69136 10.75 10.82204 10.79938 10.61198 10.32178 10.05257 9.896171 9.911274 10.03151 10.13555 10.12167 9.986223
10.83275 10.83012 10.83221 10.84007 10.85498 10.8435 10.83819 10.89835 10.96958 10.99367 10.99497 10.99276 10.98932 10.98697 10.94861 10.87643 10.84539 10.8512 10.86422 10.89466 10.95105 11.02196 11.10548 11.21412 11.32104 11.4348 11.57928 11.82598 12.14195 12.42748 12.53056 12.43091 12.23486 12.03949 11.8657 11.74106 11.67136 11.57198 11.45268 11.4236 11.37698 11.25473 11.18985 11.12802 11.02335 10.93717 10.83492 10.70838 10.65433 10.61428 10.61403 10.65307 10.7102 10.69876 10.57753 10.39889 10.18999 9.976923 9.856646 9.890157 9.92548 9.875846 9.747985
10.82298 10.8189 10.81562 10.81332 10.83553 10.86712 10.88023 10.91137 10.95148 10.97829 10.99166 10.99592 10.98855 10.98346 10.96384 10.92363 10.87808 10.85752 10.86336 10.9108 10.98778 11.08276 11.18168 11.2672 11.3396 11.45559 11.62393 11.89346 12.22692 12.50051 12.58492 12.46381 12.23667 12.02867 11.83115 11.67955 11.61513 11.5272 11.3843 11.3408 11.28095 11.18252 11.11795 11.09059 11.04366 10.98203 10.91293 10.79461 10.69726 10.59408 10.55174 10.58539 10.66238 10.68947 10.62079 10.51732 10.34321 10.10229 9.923174 9.813106 9.736639 9.645953 9.498395
10.82328 10.80991 10.79454 10.79533 10.82054 10.86495 10.9021 10.93129 10.94421 10.96896 10.98324 10.98827 10.99326 10.98586 10.9766 10.96002 10.91736 10.87614 10.86567 10.91277 10.98976 11.10332 11.23386 11.30904 11.37124 11.4913 11.70306 12.01419 12.36329 12.60622 12.66595 12.48137 12.22078 12.00964 11.8228 11.69515 11.61333 11.51531 11.38007 11.28323 11.169 11.10773 11.1006 11.11727 11.07914 11.02961 10.94137 10.85262 10.75597 10.59624 10.53619 10.56446 10.64652 10.70355 10.68206 10.6083 10.4286 10.19857 9.991208 9.793512 9.610161 9.493635 9.321681
10.83092 10.81621 10.79046 10.78436 10.80307 10.86842 10.92539 10.96089 10.96192 10.96523 10.97297 10.97742 10.98352 10.98869 10.99195 10.97951 10.95075 10.91066 10.89823 10.93782 10.99016 11.09839 11.21642 11.30611 11.38988 11.539 11.7963 12.16375 12.52725 12.75092 12.7044 12.45862 12.16827 11.94563 11.77776 11.65351 11.57377 11.464 11.33739 11.25137 11.13622 11.09797 11.1194 11.12317 11.1053 11.04217 10.94349 10.82829 10.71849 10.60697 10.55568 10.56997 10.62823 10.71067 10.74362 10.67265 10.49868 10.28415 10.02246 9.762219 9.529552 9.361577 9.160378
10.83266 10.82361 10.79662 10.77452 10.82415 10.88854 10.95036 10.96696 10.98281 10.98118 10.96989 10.95735 10.96733 10.9825 10.98715 10.9819 10.97178 10.95548 10.96127 10.99056 11.03372 11.12217 11.20297 11.29797 11.39941 11.58634 11.89175 12.29511 12.68011 12.86141 12.73029 12.43468 12.11693 11.88885 11.72958 11.57687 11.4736 11.33111 11.23489 11.1838 11.15118 11.14694 11.14653 11.12046 11.10123 11.01567 10.88505 10.74365 10.6697 10.60005 10.57023 10.57023 10.6176 10.68832 10.7376 10.69012 10.51122 10.26603 9.964004 9.66341 9.411143 9.202289 8.983599
10.81492 10.81722 10.79957 10.78697 10.82665 10.89913 10.95892 10.98311 10.99891 11.00617 10.99501 10.95539 10.9515 10.96925 10.98339 10.98381 10.97994 10.99405 11.01921 11.03943 11.0895 11.16419 11.24163 11.32063 11.43784 11.64685 11.97498 12.39511 12.75748 12.89264 12.71055 12.38231 12.06639 11.85825 11.69069 11.53635 11.38451 11.24707 11.17768 11.18044 11.20557 11.21143 11.18901 11.13148 11.07481 10.96896 10.82387 10.70801 10.6322 10.58842 10.57142 10.57721 10.61909 10.68315 10.72244 10.66274 10.45961 10.1935 9.870869 9.558875 9.293367 9.042461 8.82249
10.79615 10.81076 10.81286 10.80963 10.82996 10.88124 10.94148 10.97862 11.00692 11.02522 11.02684 10.97547 10.94325 10.9525 10.9528 10.95089 10.95997 10.98833 11.03209 11.07134 11.13013 11.19833 11.28848 11.38606 11.52111 11.73988 12.07045 12.46678 12.78538 12.87183 12.65316 12.34778 12.0521 11.84385 11.67328 11.4772 11.31698 11.17307 11.15295 11.22158 11.28654 11.28598 11.21685 11.11728 11.0334 10.90808 10.75218 10.6407 10.5728 10.54263 10.54918 10.58466 10.63733 10.69133 10.71667 10.63285 10.40941 10.12656 9.796282 9.473104 9.195778 8.927132 8.668827
10.78958 10.78279 10.80012 10.82096 10.84177 10.87817 10.92849 10.97601 11.01134 11.03626 11.03325 11.0065 10.97605 10.97185 10.96892 10.9503 10.94557 10.97472 11.01299 11.07892 11.15367 11.22236 11.32532 11.46099 11.64775 11.91498 12.22948 12.55606 12.78385 12.80025 12.59352 12.32738 12.07127 11.85338 11.67682 11.42871 11.24611 11.14496 11.18362 11.28568 11.35305 11.33689 11.20344 11.0669 10.97619 10.83956 10.67587 10.56683 10.49321 10.46775 10.49622 10.56473 10.63254 10.68246 10.68166 10.5768 10.35205 10.05899 9.720929 9.38102 9.076736 8.798875 8.506477
