py_wake/examples/data/AJ_ParqueFicticio/Rough survey   Sector 2   Height 200m   Mean speed.grd
DSAA
73  159
 258469   265669
 6501692   6517492
 3.573825   7.33496
[rows 56 to 83 of 159, columns 0 to 62 of 73]
4.733412 4.744398 4.755798 4.769086 4.77654 4.779573 4.773401 4.767607 4.762023 4.759949 4.757969 4.756557 4.749727 4.740605 4.733833 4.73144 4.735622 4.742257 4.745544 4.746037 4.743665 4.737254 4.745444 4.760744 4.773036 4.77771 4.786278 4.803997 4.847144 4.932388 5.042163 5.127566 5.173182 5.23938 5.310494 5.374495 5.440064 5.500055 5.553485 5.595124 5.645168 5.677973 5.694106 5.67418 5.671068 5.679747 5.685743 5.65437 5.624064 5.590027 5.567204 5.531402 5.426036 5.270579 5.130893 5.087013 5.101141 5.088615 4.999164 4.885256 4.796916 4.734779 4.692854
4.728896 4.731925 4.74615 4.765948 4.775302 4.775027 4.767634 4.758236 4.751857 4.750782 4.749866 4.749291 4.746842 4.739778 4.737335 4.735304 4.73712 4.741596 4.747526 4.749635 4.759168 4.758973 4.761359 4.773173 4.784836 4.79353 4.805882 4.835083 4.912887 5.016936 5.12522 5.200234 5.244688 5.306949 5.377989 5.433671 5.484827 5.535384 5.588975 5.630899 5.669858 5.683715 5.659363 5.631655 5.639317 5.645954 5.622435 5.567302 5.535624 5.512625 5.493397 5.445281 5.342468 5.201397 5.094433 5.083268 5.09704 5.069905 4.956429 4.836764 4.745966 4.688853 4.662259
4.70732 4.709897 4.731958 4.754867 4.765975 4.759305 4.751055 4.740928 4.736199 4.735974 4.737453 4.738204 4.735616 4.729861 4.735236 4.73869 4.738177 4.739994 4.744398 4.750861 4.766017 4.776609 4.780322 4.78801 4.795347 4.805606 4.825368 4.868989 4.95197 5.052976 5.148011 5.20831 5.251734 5.30313 5.370378 5.427904 5.476762 5.52144 5.553448 5.59269 5.628296 5.620041 5.578605 5.564384 5.567202 5.5703 5.533486 5.472845 5.443226 5.433408 5.40989 5.346433 5.255557 5.138643 5.060575 5.067385 5.065736 5.032264 4.92791 4.819365 4.729231 4.672657 4.659739
4.701825 4.716762 4.73794 4.752088 4.753927 4.747051 4.734142 4.72307 4.719064 4.720273 4.723458 4.726476 4.72716 4.720922 4.725669 4.733968 4.739813 4.741999 4.745937 4.75292 4.768075 4.785364 4.796629 4.799995 4.808882 4.821258 4.840066 4.889192 4.957191 5.04037 5.116746 5.164533 5.202636 5.256203 5.322474 5.391768 5.450842 5.491673 5.515349 5.526406 5.538633 5.530242 5.504501 5.49724 5.495777 5.492917 5.4554 5.395489 5.366183 5.35392 5.320458 5.253747 5.172229 5.079734 5.030769 5.033499 5.019328 4.990942 4.897489 4.79852 4.713633 4.653657 4.65108
4.724736 4.741322 4.759418 4.763719 4.753785 4.737277 4.720012 4.705133 4.704527 4.708231 4.711003 4.713455 4.713724 4.709637 4.71768 4.728943 4.73778 4.743468 4.751398 4.763171 4.772479 4.782044 4.794373 4.808195 4.81944 4.835157 4.864382 4.919568 4.987772 5.051549 5.113639 5.14951 5.180148 5.229726 5.297238 5.363301 5.411185 5.449107 5.455952 5.460052 5.453642 5.435327 5.429551 5.43925 5.438812 5.431888 5.397336 5.355699 5.314708 5.282515 5.233263 5.170276 5.108178 5.041134 5.000902 4.998946 4.988093 4.960481 4.856719 4.754001 4.676823 4.627419 4.618978
4.749609 4.762237 4.770169 4.761073 4.740044 4.720916 4.701748 4.691943 4.696139 4.702821 4.706811 4.707563 4.708764 4.710856 4.717566 4.726981 4.737885 4.744261 4.75367 4.769674 4.783423 4.79374 4.800663 4.812593 4.825705 4.84955 4.898557 4.967239 5.044197 5.11717 5.163001 5.186907 5.208901 5.257548 5.296725 5.337245 5.377104 5.396664 5.399868 5.391074 5.377401 5.366228 5.374936 5.381088 5.382146 5.374273 5.344755 5.320224 5.288682 5.22858 5.155008 5.096519 5.06183 5.030415 4.97632 4.966228 4.955817 4.908711 4.80307 4.69799 4.621007 4.576662 4.546755
4.76058 4.775361 4.769201 4.755898 4.734758 4.712879 4.699308 4.692678 4.697524 4.704658 4.707409 4.708135 4.711873 4.715555 4.717788 4.723056 4.730784 4.7357 4.750016 4.769597 4.782784 4.792528 4.803779 4.818439 4.839576 4.877865 4.932914 5.009449 5.085727 5.151011 5.21111 5.233357 5.252121 5.285239 5.311125 5.33653 5.355688 5.353446 5.344406 5.335911 5.324713 5.319603 5.323511 5.331569 5.323109 5.321661 5.303672 5.283995 5.251085 5.200964 5.121174 5.05184 5.029869 5.012155 4.975435 4.930329 4.904083 4.838306 4.729758 4.627162 4.552058 4.504643 4.482235
4.762187 4.766872 4.759547 4.749693 4.734418 4.71956 4.709092 4.700475 4.700274 4.70687 4.711104 4.714586 4.71438 4.715002 4.717539 4.717287 4.720302 4.722301 4.738758 4.75737 4.768085 4.777523 4.795446 4.821609 4.853579 4.905638 4.969355 5.035663 5.10875 5.172174 5.223718 5.2472 5.266274 5.302207 5.337187 5.350905 5.345648 5.328633 5.30898 5.29346 5.278955 5.263428 5.261166 5.266351 5.272989 5.27306 5.258609 5.23092 5.204875 5.154094 5.082821 5.033293 5.009292 4.983015 4.935755 4.867828 4.806412 4.729541 4.617762 4.525739 4.460947 4.440932 4.432855
4.756674 4.753205 4.746236 4.739 4.730645 4.720572 4.714244 4.706759 4.703999 4.707243 4.709094 4.712121 4.714803 4.714725 4.714268 4.71369 4.718851 4.727178 4.740014 4.748743 4.754256 4.769848 4.791117 4.819687 4.858443 4.916184 4.978106 5.045871 5.115664 5.171175 5.209916 5.23477 5.263258 5.30145 5.336637 5.341488 5.320799 5.301039 5.283346 5.265445 5.232773 5.205401 5.195517 5.209221 5.220677 5.227119 5.202991 5.175029 5.148705 5.115186 5.067273 5.031704 4.98704 4.928341 4.87341 4.79737 4.694314 4.596528 4.486928 4.402 4.35392 4.36096 4.380586
4.746543 4.738986 4.731181 4.724228 4.721175 4.719052 4.716507 4.711998 4.708833 4.706815 4.70566 4.707803 4.712507 4.713277 4.713078 4.713071 4.720857 4.732481 4.745481 4.754594 4.766825 4.786062 4.804122 4.828733 4.858601 4.902106 4.958229 5.024951 5.092238 5.142091 5.174757 5.196068 5.231602 5.268004 5.294739 5.292987 5.277273 5.253608 5.237525 5.213902 5.186887 5.166565 5.161491 5.174647 5.188754 5.178569 5.150501 5.13603 5.119041 5.084817 5.057132 5.029678 4.986096 4.907546 4.817229 4.727817 4.611382 4.509567 4.403265 4.319482 4.308857 4.324947 4.33866
4.731473 4.722876 4.715492 4.709863 4.709902 4.709779 4.713885 4.713803 4.710587 4.704531 4.703809 4.705197 4.707689 4.708621 4.71077 4.720281 4.727884 4.740901 4.754348 4.76512 4.78036 4.808073 4.822097 4.832366 4.852735 4.886134 4.948135 5.012675 5.062205 5.105651 5.135559 5.161233 5.19828 5.233399 5.24655 5.24249 5.228354 5.211482 5.186745 5.1588 5.139814 5.135778 5.132944 5.141637 5.156065 5.132917 5.109718 5.11104 5.098341 5.061544 5.046931 5.033433 4.985895 4.900286 4.78809 4.666188 4.560283 4.463713 4.409542 4.368676 4.355395 4.359358 4.34939
4.718654 4.712939 4.703942 4.698438 4.698241 4.700871 4.706062 4.709236 4.709669 4.700279 4.699535 4.701764 4.702914 4.703735 4.710316 4.721037 4.734479 4.74689 4.76219 4.77495 4.793945 4.812375 4.815362 4.823837 4.846697 4.888772 4.946609 4.999897 5.047386 5.08616 5.11161 5.143561 5.176861 5.200981 5.209684 5.208591 5.199852 5.183936 5.163185 5.133979 5.113957 5.108831 5.112889 5.109222 5.096569 5.075081 5.074057 5.083943 5.075685 5.037211 5.037596 5.027449 4.969836 4.877958 4.760769 4.630226 4.540704 4.468375 4.441503 4.433599 4.425277 4.410105 4.370784
4.707902 4.702608 4.695838 4.690546 4.689371 4.692984 4.697794 4.702087 4.703804 4.697558 4.693765 4.694491 4.699403 4.702345 4.710751 4.724334 4.738207 4.752414 4.76309 4.774715 4.786918 4.793098 4.790494 4.811149 4.846348 4.907325 4.960587 4.992103 5.030247 5.066851 5.095469 5.12713 5.15599 5.176586 5.186175 5.192538 5.186728 5.172142 5.153516 5.132067 5.126149 5.137311 5.1385 5.113943 5.067942 5.03541 5.02864 5.02698 5.002188 4.97078 4.988445 4.980761 4.916505 4.816244 4.701625 4.586483 4.502362 4.473386 4.467443 4.466268 4.461914 4.441596 4.379485
4.686402 4.686931 4.680862 4.676635 4.680467 4.685782 4.693926 4.692494 4.695678 4.69257 4.688127 4.685927 4.692824 4.700502 4.721581 4.740387 4.750465 4.761225 4.766496 4.767243 4.767505 4.766233 4.776781 4.810384 4.865493 4.924118 4.970094 5.002104 5.035071 5.065584 5.092389 5.110819 5.136418 5.160676 5.178047 5.188621 5.188856 5.176189 5.161129 5.157605 5.171776 5.176613 5.161119 5.119117 5.067877 5.029305 5.001812 4.969057 4.92558 4.899061 4.900259 4.868744 4.798641 4.698971 4.604943 4.517314 4.477746 4.478392 4.483617 4.485377 4.479967 4.460616 4.418651
4.66223 4.667265 4.663126 4.66097 4.672165 4.680838 4.683878 4.683117 4.685481 4.685601 4.682214 4.683276 4.687623 4.699725 4.732686 4.763016 4.768948 4.766476 4.7629 4.764244 4.759751 4.764835 4.792508 4.835214 4.888309 4.936456 4.969618 5.00317 5.047132 5.08356 5.101755 5.109737 5.129768 5.160491 5.189383 5.200154 5.204789 5.190303 5.186803 5.192048 5.202956 5.202441 5.17003 5.120507 5.068425 5.0281 4.982768 4.927785 4.874048 4.826847 4.788592 4.719252 4.65082 4.58482 4.534485 4.493634 4.482343 4.502758 4.519165 4.517133 4.512217 4.503538 4.466954
4.651509 4.648884 4.64569 4.646931 4.667271 4.672777 4.667769 4.667609 4.671608 4.677085 4.679003 4.684507 4.694028 4.709999 4.737408 4.765079 4.759846 4.756463 4.754971 4.75396 4.75966 4.77487 4.815067 4.857848 4.905933 4.938379 4.971361 5.000409 5.040899 5.083575 5.125914 5.14808 5.16575 5.191151 5.210854 5.222746 5.231067 5.221975 5.211926 5.217468 5.207402 5.190081 5.153947 5.110587 5.071784 5.030151 4.984802 4.926255 4.865166 4.809251 4.735339 4.651338 4.60021 4.571572 4.540549 4.520665 4.532493 4.556613 4.568741 4.57135 4.565728 4.555344 4.524469
4.653249 4.648997 4.644943 4.646729 4.654661 4.654542 4.646697 4.651262 4.663357 4.67706 4.683536 4.688943 4.696283 4.705382 4.72932 4.74035 4.732142 4.731246 4.732918 4.73811 4.750325 4.770645 4.812074 4.855864 4.896436 4.932981 4.963237 4.995999 5.038063 5.10335 5.161312 5.189009 5.211142 5.233374 5.235625 5.24352 5.235684 5.222363 5.215933 5.20847 5.196454 5.175813 5.133734 5.099115 5.060719 5.017873 4.972129 4.923784 4.873674 4.823207 4.766189 4.708789 4.675992 4.650186 4.618397 4.58955 4.597263 4.607979 4.615787 4.616519 4.61754 4.611634 4.587353
4.658471 4.65419 4.653517 4.643586 4.637629 4.633869 4.629341 4.640939 4.659857 4.669219 4.679101 4.685314 4.691931 4.696893 4.702712 4.710753 4.698214 4.698344 4.703104 4.711773 4.725905 4.752268 4.796922 4.837924 4.876884 4.914658 4.947541 4.994802 5.058893 5.136603 5.197037 5.224687 5.244326 5.258926 5.255606 5.234731 5.220809 5.211423 5.20912 5.206147 5.195735 5.167209 5.119079 5.07634 5.033141 4.978509 4.928323 4.873272 4.843112 4.812842 4.774781 4.746445 4.745357 4.729702 4.673413 4.63332 4.619326 4.630743 4.646366 4.649173 4.648386 4.641442 4.607328
4.655333 4.651579 4.650548 4.643341 4.63361 4.622564 4.61527 4.63422 4.652077 4.656329 4.665509 4.67379 4.678661 4.686492 4.68672 4.678089 4.664334 4.670174 4.676925 4.686539 4.702166 4.737936 4.783838 4.823531 4.861642 4.894481 4.935247 4.988751 5.072248 5.160179 5.219906 5.251525 5.270751 5.268793 5.251255 5.228228 5.210412 5.193842 5.182453 5.17269 5.154894 5.114248 5.072887 5.034437 4.971003 4.920691 4.86228 4.798689 4.772729 4.75912 4.733991 4.724072 4.729079 4.713528 4.661266 4.605267 4.590155 4.610556 4.639047 4.652454 4.634725 4.595747 4.531773
4.63832 4.6391 4.640163 4.633322 4.624866 4.611792 4.610112 4.627503 4.638621 4.638958 4.644834 4.651364 4.658318 4.661477 4.653894 4.645344 4.64385 4.653792 4.663477 4.673692 4.697272 4.725513 4.770267 4.809739 4.843666 4.872061 4.910817 4.969867 5.052325 5.136517 5.202627 5.241805 5.248673 5.24213 5.23102 5.217674 5.202956 5.178834 5.139933 5.107456 5.05764 5.006436 4.965438 4.90682 4.84795 4.792284 4.75578 4.717774 4.711312 4.709102 4.685416 4.671208 4.658395 4.627903 4.568936 4.527267 4.539967 4.561392 4.585481 4.600266 4.575933 4.49551 4.413058
4.612031 4.616898 4.619973 4.617974 4.607173 4.604775 4.60273 4.61192 4.617562 4.618829 4.622552 4.626653 4.632813 4.629994 4.630115 4.624937 4.628285 4.640533 4.654435 4.668513 4.694896 4.721887 4.756402 4.7883 4.814166 4.840469 4.875163 4.932809 5.014854 5.103305 5.181149 5.212044 5.217375 5.212402 5.197987 5.18856 5.174216 5.139194 5.082004 5.035299 4.98722 4.913753 4.838477 4.786234 4.731718 4.714516 4.705986 4.701931 4.708364 4.697098 4.661857 4.625912 4.589889 4.536647 4.489965 4.503447 4.535537 4.550508 4.553452 4.546181 4.509923 4.414246 4.30582
4.590977 4.591031 4.592141 4.590044 4.581085 4.579661 4.583501 4.588231 4.592566 4.597159 4.603214 4.606355 4.608111 4.610895 4.615804 4.617959 4.614155 4.622794 4.635757 4.657304 4.694727 4.732214 4.764168 4.790388 4.80235 4.817136 4.852249 4.91438 5.003911 5.100713 5.190858 5.21486 5.216475 5.201739 5.169372 5.136247 5.11605 5.077116 5.00495 4.953349 4.902875 4.832554 4.77716 4.757266 4.758974 4.780544 4.780639 4.777022 4.777881 4.733849 4.680937 4.635682 4.604432 4.585822 4.578132 4.607056 4.618222 4.622366 4.619724 4.590939 4.509023 4.394326 4.279358
4.572486 4.564862 4.560687 4.55426 4.54442 4.54843 4.558012 4.562057 4.566265 4.576334 4.58483 4.592302 4.592021 4.594928 4.60056 4.604738 4.601979 4.60115 4.611999 4.63987 4.683669 4.722367 4.767043 4.785826 4.793967 4.814742 4.866195 4.94768 5.05763 5.165684 5.238466 5.240984 5.227641 5.194801 5.155787 5.12841 5.101977 5.046171 4.974428 4.909646 4.829309 4.778648 4.773694 4.807205 4.848263 4.877045 4.883507 4.871492 4.843215 4.776922 4.729535 4.698132 4.697449 4.711162 4.740056 4.767802 4.771921 4.764616 4.738216 4.677639 4.584853 4.465425 4.370457
4.555543 4.541086 4.532012 4.522991 4.514799 4.524454 4.53505 4.546124 4.552601 4.555619 4.56309 4.567596 4.568047 4.572735 4.581942 4.590868 4.592322 4.588635 4.603205 4.632174 4.66131 4.697629 4.73701 4.7587 4.786162 4.830565 4.90684 5.016739 5.142766 5.237935 5.269742 5.247609 5.211486 5.169582 5.129764 5.096732 5.059682 5.001899 4.934784 4.876405 4.811357 4.798001 4.843257 4.886364 4.940323 4.959649 4.95131 4.921773 4.875795 4.836201 4.818931 4.814316 4.830116 4.867679 4.900822 4.922544 4.914874 4.905946 4.869717 4.788835 4.693717 4.593643 4.483961
4.535182 4.520683 4.506738 4.499556 4.504878 4.514697 4.524429 4.528266 4.530685 4.52978 4.531447 4.536284 4.533738 4.549017 4.56789 4.577798 4.583057 4.594347 4.609605 4.633316 4.661299 4.685316 4.709481 4.738895 4.781262 4.850092 4.954727 5.08245 5.213068 5.286496 5.280725 5.234569 5.184183 5.134654 5.086876 5.044625 4.991774 4.931645 4.873228 4.841453 4.838155 4.884421 4.951581 4.990753 5.016675 5.015977 4.986667 4.949988 4.923735 4.910032 4.91503 4.931493 4.953148 4.979222 5.005532 5.005435 4.981871 4.947741 4.890252 4.817298 4.731321 4.634359 4.531511
4.511433 4.503665 4.492516 4.485721 4.487813 4.499961 4.503632 4.500691 4.501615 4.500882 4.500051 4.498363 4.500289 4.526354 4.551579 4.563894 4.569335 4.591508 4.618466 4.640318 4.657762 4.684637 4.706551 4.731647 4.775671 4.860801 4.981271 5.11659 5.228443 5.276706 5.253741 5.200558 5.149784 5.099703 5.058021 5.014109 4.950567 4.88861 4.83857 4.836718 4.881039 4.950644 5.00806 5.046776 5.054544 5.044911 5.019071 4.993745 4.983028 4.977659 4.984905 5.004625 5.013705 5.027152 5.029191 5.000005 4.954175 4.901721 4.849225 4.785383 4.71146 4.629329 4.533754
4.482757 4.476292 4.473041 4.464564 4.460454 4.46159 4.461144 4.462055 4.463128 4.468428 4.4708 4.467499 4.474275 4.489414 4.507126 4.517551 4.528285 4.566381 4.601209 4.622736 4.648842 4.674774 4.703816 4.732385 4.784167 4.871507 4.996176 5.127922 5.218442 5.246425 5.221112 5.170515 5.129922 5.089682 5.04763 4.992984 4.92553 4.860686 4.82936 4.855762 4.931458 5.002288 5.042037 5.059395 5.057053 5.044796 5.03031 5.018217 5.013503 5.016307 5.021682 5.022534 5.01777 5.01793 5.001719 4.959488 4.900895 4.855673 4.809391 4.75709 4.692362 4.614671 4.521695
4.456869 4.443649 4.440063 4.4379 4.42991 4.425715 4.427122 4.426236 4.428294 4.435637 4.442946 4.452131 4.449732 4.457128 4.467243 4.47411 4.493427 4.530498 4.563294 4.59411 4.633486 4.664979 4.699706 4.74553 4.812603 4.91491 5.037562 5.145865 5.214061 5.228732 5.205161 5.171451 5.135903 5.105151 5.054662 4.991329 4.911094 4.850818 4.850439 4.928153 5.002148 5.037648 5.045222 5.043136 5.032396 5.015662 5.005863 5.000881 5.009879 5.009702 5.011518 5.001291 4.99634 4.985746 4.958268 4.911556 4.849437 4.818128 4.779201 4.732186 4.671775 4.583113 4.491034
