py_wake/examples/data/AJ_ParqueFicticio/Rough survey   Sector 1   Height 30m   Orographic turn.grd
DSAA
73  159
 258469   265669
 6501692   6517492
-136.9426   66.49902
[rows 108 to 134 of 159, columns 0 to 61 of 73]
-4.665928 .8267011 2.907141 3.951559 3.283192 .5926189 -.3734121 2.815287 7.142123 9.266156 10.56275 13.85428 17.00349 18.19588 19.23313 17.47715 18.25341 14.27126 8.132115 3.937146 3.17826 3.014705 1.580765 -1.043944 -2.572492 -3.839174 -4.586774 -4.173754 -.2376712 1.004203 .2909937 .3897863 -.6642148 -1.919004 -4.140726 -5.838099 -9.244797 -8.55726 -5.506545 -.9833903 3.790902 7.072161 10.83101 14.36266 14.80966 13.17882 11.47342 10.34139 12.0276 11.54228 11.32272 9.93326 9.582747 6.728837 3.989723 .8044925 -1.633609 -1.552072 -.6222828 .2229035 1.278496 2.566204
-5.651176 -1.260528 2.254666 3.592013 5.008024 4.581986 3.432462 3.87444 6.549852 10.001 12.39146 14.81586 16.90049 19.88254 18.78128 18.02581 17.82902 20.12836 13.7912 7.74032 4.668609 3.879692 1.662884 1.103158 -2.07402 -3.689674 -3.951442 -1.851629 -2.489628 -2.215746 -3.027783 -3.867061 -4.660652 -6.794213 -7.751189 -8.11886 -8.83242 -7.193187 -5.159688 -1.117834 4.967612 9.424808 13.28074 16.16697 17.81509 16.0373 12.89593 10.72836 9.625465 9.605596 10.69611 10.16849 8.474635 5.232264 2.344585 -.9567243 -3.197172 -2.904362 -1.203474 .2785096 -.07622866 -.2350868
-4.181868 -2.263027 .7697995 2.685223 3.971518 5.360107 5.83604 4.984306 6.754787 10.42127 13.70491 16.61961 16.49245 16.92417 18.32984 19.37248 19.40528 22.28768 20.75834 14.09075 7.946612 4.727594 3.014622 2.21683 -.09745883 -.9900489 .5447358 -1.154545 -2.733479 -6.591558 -9.560255 -11.27705 -12.38371 -11.98773 -9.747656 -7.569656 -5.818624 -4.539547 -3.192097 -.1041784 5.39696 11.24984 14.89128 16.90476 18.46162 18.59165 15.47921 13.33137 11.37015 9.317457 8.40426 9.189602 4.60603 .982461 -1.407285 -3.16777 -4.225658 -3.604558 -1.219294 1.146991 -.608887 -1.597951
-2.497483 -2.858014 -1.208833 .6641256 1.928044 4.358848 5.86903 6.007633 8.004457 11.02143 13.54942 15.69667 14.80869 14.90807 14.97608 15.69397 16.50522 18.07092 26.01688 24.53802 15.19959 7.440585 3.841235 2.85351 2.456568 4.34531 3.606279 2.503473 -3.995281 -10.53042 -16.10105 -18.06135 -16.84331 -13.7576 -10.30622 -5.745494 -2.689219 -.9843904 .2446904 2.176944 5.96942 12.03946 15.67711 17.04301 17.66644 18.28083 17.54681 16.55958 16.8104 12.57203 8.97645 5.514935 .4518775 -3.521641 -5.446132 -6.391195 -6.390127 -5.12704 -2.542739 .4798658 -.003171685 1.805333
-2.511405 -3.659712 -2.890476 -.8910384 .6935515 2.56146 4.865878 6.847051 9.293235 10.94922 12.80292 14.15286 13.6193 13.08855 11.93252 10.00246 10.06817 14.68166 20.93234 27.34413 22.41973 13.95195 7.931437 5.722152 5.431005 5.962823 6.64319 1.556657 -5.798865 -11.99817 -16.82507 -18.8052 -18.75812 -14.62584 -10.74001 -6.483402 -.7654778 2.691778 4.287128 5.081435 7.447099 10.71693 14.43453 15.17568 15.37482 16.35232 17.58785 18.76764 20.47394 17.80638 11.12933 3.043602 -3.203968 -6.651133 -7.39253 -7.236072 -6.761493 -6.059807 -4.883106 -3.467149 1.740877 4.914226
-4.650101 -4.542155 -3.336469 -1.323896 .009108876 1.176482 3.550812 6.620489 8.806357 9.835015 11.39016 13.0033 12.68834 12.01919 8.639315 4.937042 7.145865 13.32546 16.9893 21.96191 24.47694 21.07108 15.33186 10.90051 8.858123 6.280677 4.244407 -.2215146 -6.510009 -11.51655 -15.25056 -16.55985 -15.83245 -14.52472 -12.94386 -8.854109 -2.126809 4.105126 7.040254 7.94094 8.803353 10.08703 11.44495 11.81188 11.95972 13.692 16.03519 17.80252 19.91171 20.88203 14.75839 3.829089 -4.088492 -7.399049 -8.069937 -6.27379 -6.020825 -5.517135 -6.43942 -6.630229 -2.35313 7.347825
-6.619255 -4.758202 -3.392534 -1.953952 -.4987972 1.027901 3.231659 5.796927 7.122367 8.270836 10.91128 11.29828 11.10459 8.695374 4.410305 2.894312 6.207918 10.66432 14.01114 15.77892 22.82386 26.29647 24.29306 18.17984 12.35969 6.6972 2.224477 -2.10147 -6.822948 -10.81863 -11.66843 -11.26506 -13.09138 -13.12941 -12.83685 -10.90675 -5.072404 2.91159 7.809608 9.351342 9.032028 7.79868 7.215714 6.90326 8.292175 10.44803 12.78526 14.60289 15.96025 16.50287 13.13444 5.863018 -1.965229 -5.954163 -5.906679 -5.332455 -4.990951 -5.158651 -6.022086 -6.720078 -5.995815 .07176841
-6.680223 -4.956133 -3.809467 -2.57108 -.9234305 1.341256 3.411247 4.716138 5.611336 7.567102 9.989248 8.645971 7.516367 4.171442 1.9459 3.528873 7.368004 7.725853 8.893992 10.55059 14.25043 20.38646 26.21045 26.72038 18.21322 8.450294 1.570347 -3.768198 -9.326498 -9.579009 -7.603643 -7.423367 -9.13234 -11.00093 -11.63358 -9.794235 -4.663561 2.320124 7.897725 9.034907 7.229664 5.008755 2.562168 1.712675 3.432242 5.458026 7.814575 10.04734 10.8196 10.02469 8.101373 4.05167 -.8172973 -2.886799 -3.711547 -4.098854 -3.985511 -4.352095 -4.781183 -5.546198 -4.957987 -2.247239
-6.318587 -4.994874 -4.345793 -3.216226 -.9356728 1.490515 3.21949 4.154344 5.932375 7.191266 8.595776 7.510377 3.960119 1.322852 1.946262 5.082153 6.935681 6.325181 5.701731 6.365001 7.964333 9.842674 16.02191 25.05481 24.78715 12.52384 2.447284 -4.696436 -7.971335 -6.6161 -4.99388 -5.011748 -7.740853 -8.858987 -6.930466 -4.187343 -.365287 3.581867 8.559896 9.286903 7.849388 3.440025 -.2389674 -1.571396 -1.525853 -.1757107 1.756561 3.847367 5.236357 4.942306 3.263338 1.373602 -.01229612 -1.120569 -2.919503 -3.233385 -3.545662 -3.256744 -3.281828 -4.387295 -4.721913 -2.913812
-4.934741 -4.613494 -4.323862 -3.367133 -.6957836 1.556878 3.358637 5.590611 8.033295 9.416941 9.124013 5.816349 3.070424 1.026344 1.610182 5.001883 6.899859 6.742674 6.08425 5.540667 4.672876 3.349814 3.672609 10.67634 19.73161 17.63373 4.809556 -5.273147 -5.678362 -1.810872 -1.575531 -4.020121 -5.874196 -3.007909 -.5189393 .3795379 2.669462 7.564969 10.11984 10.81592 7.535891 2.679685 -1.84773 -3.026776 -3.831698 -4.137946 -2.953564 -1.984708 -.957356 -.2101817 -.695855 -1.538893 -1.478748 -2.409452 -2.319874 -3.124988 -3.29848 -2.579566 -2.243854 -2.991717 -3.144945 -4.256499
-3.208135 -3.942379 -3.610939 -1.540708 1.347321 3.772402 5.716555 8.082853 10.55255 11.9557 9.962047 7.563486 4.153184 2.0981 1.869792 3.394992 6.10291 7.806171 6.458902 5.317032 3.711101 1.540189 -1.732241 -1.97419 6.959439 14.79078 8.946128 1.841997 -1.754695 .5701219 -.1148385 -1.4968 -1.294034 1.63195 1.771233 1.624129 4.193713 8.654516 13.99337 14.38683 9.431273 2.751141 -3.392199 -4.6591 -4.571505 -5.961795 -6.599763 -6.556811 -5.642825 -4.100959 -3.479912 -3.344114 -2.936589 -3.788447 -3.144982 -3.751787 -2.932388 -3.015341 -1.622619 -.4586264 -4.565762 -5.696725
-1.684476 -.9630134 .4922788 3.279387 6.005536 7.952187 9.654697 10.56126 11.36965 12.68567 12.42506 10.25048 6.463981 3.832916 1.99434 1.532214 3.626857 5.601871 6.226826 5.551226 4.459866 2.373199 -2.38403 -4.870978 -2.697233 3.53146 8.472478 7.777394 5.636187 1.975919 -.3614702 -1.599506 1.954075 2.824309 1.310297 3.342099 6.195301 8.297548 11.72163 15.97563 14.1507 5.238854 -3.640852 -6.810484 -5.984285 -6.261654 -8.754468 -9.498689 -8.535855 -6.547949 -4.345271 -3.397479 -3.998033 -3.980263 -4.034662 -4.171044 -3.232766 -3.320686 -3.415279 -4.472471 -7.856637 -11.45325
3.246831 5.219145 7.607697 9.739214 11.24074 12.45534 13.95243 13.95268 11.98099 10.01724 8.661332 11.00096 10.2341 8.613068 5.839547 2.459254 .8738627 .0724472 1.409109 2.774181 4.447259 5.336527 4.147715 -1.324619 -2.286424 -2.412382 2.517386 8.748569 8.205708 3.392785 -1.685509 1.005402 2.520907 .48148 .5334342 5.441646 8.606606 8.482532 7.613403 8.699504 11.93841 9.589246 1.39154 -6.284522 -9.264131 -9.657207 -10.74055 -10.77545 -9.631729 -7.183315 -4.617501 -3.184148 -3.808139 -3.964242 -4.059955 -3.395942 -3.647921 -2.899785 -7.368473 -13.22411 -15.60312 -13.49016
5.276477 8.649739 11.14527 13.44261 15.38827 16.35577 18.01624 17.35223 13.79127 5.785456 1.87609 4.500809 8.320842 10.72861 13.31741 8.389116 1.666222 -2.175646 -3.63504 -2.728528 .1419885 4.198152 6.636135 6.979457 .9982275 -2.682844 -2.149289 4.314633 9.647895 5.867867 1.103063 1.716202 .5935603 -1.435701 2.165447 8.475306 12.71648 10.60682 4.533317 1.400955 3.698097 6.281946 4.585863 -3.279096 -9.972341 -11.73534 -11.81745 -10.70385 -8.789425 -6.42322 -3.327547 -2.475476 -2.264307 -3.375441 -3.276112 -4.93886 -4.719698 -8.948706 -17.69721 -21.91543 -20.48481 -18.45489
2.864228 7.469262 12.81971 15.96496 18.2652 20.65442 20.07193 19.57122 14.03918 5.310701 -1.041418 -3.465945 .177329 7.077476 11.75849 12.87805 6.78874 1.191164 -2.792953 -5.006709 -4.210414 -1.114128 5.462786 7.562892 6.097438 .2851051 .8153009 .1380663 6.415255 6.792672 5.940264 1.76042 -1.951257 -1.437314 6.532471 12.36465 13.4333 11.6873 4.492256 -1.848123 -3.548416 -.6125103 1.577784 -1.41669 -7.368743 -9.939157 -10.12411 -10.14482 -9.053501 -6.633057 -4.950914 -2.575226 -2.37403 -2.32808 -4.330641 -6.141685 -9.938138 -17.79676 -21.77856 -21.64062 -15.05765 -9.56203
.8568676 5.909301 12.28122 16.85427 20.49972 22.18851 23.16049 20.74398 14.35051 7.675424 -.4173071 -3.70731 -4.626588 -2.059138 1.59525 4.430685 5.344351 2.105503 -2.498262 -6.505585 -7.551262 -3.824945 3.805004 8.153809 5.967949 4.849171 2.660897 2.911361 5.065739 7.099686 6.866745 2.042555 .8087866 5.024612 9.665517 12.33136 12.44262 8.931735 3.910415 -2.052595 -7.158129 -8.431013 -5.311465 -3.793589 -5.235313 -5.972809 -8.002637 -7.846816 -8.077539 -8.000527 -6.87736 -5.156419 -4.032973 -4.371293 -7.181395 -12.30365 -16.97023 -22.84435 -18.18986 -11.44685 -7.891273 -6.060918
1.018315 5.616225 10.96785 15.49982 19.6271 22.24109 23.60528 20.91707 16.40593 12.55771 4.299134 -1.356973 -4.201097 -4.617099 -3.957477 -3.442001 -4.150217 -3.744901 -4.197539 -3.071734 -3.998816 -1.598354 2.898742 7.372485 5.322088 1.859347 2.826824 5.903673 11.33379 12.40115 9.385425 4.177834 5.527994 8.628474 10.65726 10.98747 9.309056 4.212704 -.1216444 -2.58613 -7.218615 -9.984348 -9.281145 -6.413425 -4.673499 -5.144041 -4.682937 -4.439418 -5.211528 -7.237624 -7.710763 -6.759906 -6.416257 -8.67557 -13.71812 -20.33076 -22.87102 -15.30543 -8.204049 -4.290423 -5.289892 -3.779315
4.207819 6.685511 9.952681 14.22339 18.1922 18.71821 18.91213 18.86716 19.15769 18.67935 11.45742 3.44068 -1.789606 -2.766725 -3.92105 -3.712904 -5.210694 -6.86364 -7.556629 -4.300015 -2.175069 -1.050426 -.04712575 -.07485957 -.3355432 -1.506498 -1.421731 5.148749 10.75215 15.11005 14.02065 10.83176 9.383562 9.444538 10.04626 9.402782 5.57387 -.07005656 -3.362052 -5.724406 -6.990919 -7.926984 -8.406063 -8.245058 -6.88356 -5.53821 -5.445755 -2.676094 -.5849634 -3.745683 -6.470632 -8.518744 -11.81867 -18.59358 -24.11131 -22.20784 -19.88192 -12.49335 -2.005632 3.268267 -.6692351 -2.253028
7.984158 9.954226 11.59482 14.213 15.73742 13.21363 11.20506 13.07823 17.84072 22.39181 19.20359 9.781862 3.66807 -.2830659 -3.075109 -2.46488 -3.027986 -6.771869 -5.605264 -4.243719 -3.357986 -2.963507 -4.264802 -6.199365 -5.237486 -2.949708 .5629886 2.871552 6.653953 11.65518 13.88422 14.10453 12.55236 12.71157 11.2218 7.944423 1.536434 -3.547796 -5.37135 -6.811044 -8.304873 -8.599542 -8.03463 -7.682037 -7.808417 -7.220131 -6.728255 -6.446643 -2.371515 .1705894 -5.179633 -13.49418 -26.11302 -28.5855 -25.99001 -23.71192 -20.18736 -8.579978 5.670964 7.880433 4.860129 2.237473
10.30734 11.98123 13.69943 13.15699 12.13743 9.210141 6.25448 6.573005 10.4508 17.95834 21.37507 17.92653 9.096448 1.034315 -3.172756 -.415839 1.890747 .5698502 -2.763611 -3.549275 -4.949613 -6.087317 -8.191614 -9.680858 -7.537384 -3.061916 1.694948 4.694915 4.205828 6.516402 12.21349 11.58069 13.15917 13.84288 12.29026 7.038483 -.4364224 -5.970821 -9.255005 -10.12119 -10.39911 -9.796074 -8.625918 -8.322382 -7.872327 -7.110819 -7.153346 -8.657078 -9.515792 -3.399657 -5.396984 -21.33656 -26.08581 -29.65102 -30.59866 -24.23067 -9.927074 2.890552 5.887224 9.309946 9.116773 5.818245
16.00418 15.8673 14.34285 13.41581 11.34002 6.367136 4.338193 3.529502 4.852838 8.971759 17.59947 20.31094 14.00919 3.908972 -1.93834 -.5854772 4.09094 7.531643 2.954161 -2.186814 -6.639629 -8.88165 -10.45746 -12.41864 -10.11292 -4.837812 1.909038 4.772166 3.836125 4.796977 8.279827 14.93878 15.35303 14.48816 10.93233 5.591979 -2.107351 -9.939741 -15.25869 -15.7956 -12.1765 -9.928858 -9.833266 -8.635303 -8.000861 -6.752112 -5.950703 -6.364571 -8.54402 -9.908065 -8.922367 -15.74235 -22.73361 -25.35903 -17.23744 -9.666629 -3.002653 .5348675 3.124753 8.037626 11.01235 7.706789
25.55562 23.51714 19.27997 14.35818 7.948934 2.066878 .9535598 1.180429 2.223134 5.730062 11.32537 16.44801 18.18067 10.41625 2.453521 -1.757486 .9754238 8.151969 8.581491 1.247798 -5.455779 -8.571569 -11.53094 -13.42528 -12.51899 -8.962812 -3.427191 1.831515 5.025694 6.44582 12.82683 18.13887 19.97548 16.48685 10.32548 3.074953 -5.784885 -15.57299 -20.47589 -20.04379 -13.50365 -10.55015 -9.56589 -8.878625 -6.49621 -6.359558 -4.638872 -3.429623 -5.464439 -8.489959 -12.84706 -15.88142 -18.96555 -15.31667 -10.38017 -5.553689 -4.912653 -6.470045 -4.614459 2.090365 11.52792 11.94285
29.36413 27.18109 22.30215 16.09851 6.520936 -2.298266 -3.289424 -3.163324 -.09324193 4.988432 9.825756 16.11138 18.98068 18.11128 7.884728 -1.331307 -3.792347 3.258392 8.204121 4.321135 -1.957365 -6.274523 -10.83321 -10.48618 -12.47989 -11.56173 -10.96915 -5.228975 2.121188 7.867307 13.12667 22.31365 27.73715 26.55838 13.17734 1.580669 -9.232797 -14.84278 -17.38213 -17.62204 -13.32372 -10.51933 -9.861901 -6.760713 -4.084036 -3.051533 -1.869313 -1.680678 -2.851326 -7.993097 -15.60095 -14.94687 -14.30882 -7.888144 -6.697311 -6.846694 -7.60249 -9.174104 -8.946911 -3.300417 6.672719 11.62547
29.46862 26.75145 20.7123 14.53665 5.924354 1.023591 -4.438583 -7.169069 -3.784271 .4879467 5.546499 10.63873 16.62159 19.12868 13.00354 1.874514 -3.907093 -3.501321 2.236766 4.014383 2.046931 -3.189529 -8.481771 -7.21161 -9.996817 -11.92493 -11.39258 -8.404354 -2.29037 1.126856 3.607882 13.13526 22.59362 28.62117 20.88482 6.843685 -3.830244 -9.993691 -12.94086 -14.15286 -14.27193 -11.82259 -10.5544 -8.667995 -5.013347 .9134502 1.431372 .6484733 -1.618824 -8.912474 -15.18428 -11.83608 -6.526196 -3.411733 -5.373629 -7.343489 -7.949495 -7.842582 -9.495269 -7.937016 -.4029624 6.476717
29.37854 26.31561 18.71846 11.8897 4.876177 2.691497 -4.332088 -5.74546 -4.582706 -1.709888 3.125017 6.163756 9.431083 14.4911 14.32521 6.772031 -1.995321 -3.989654 -5.118559 -.7012537 .4377082 -1.411284 -5.351144 -6.054053 -6.887965 -8.038246 -7.277493 -5.766188 -2.537578 -2.219527 -1.944403 -.3128702 6.701259 12.45564 19.18996 12.03678 4.832428 -1.552082 -7.547702 -12.18166 -12.77366 -11.34993 -10.13203 -9.081557 -5.845435 -4.281433 -2.113868 .2606086 -1.882124 -11.64168 -8.921402 -4.246653 -1.871241 -3.034346 -4.60086 -6.960153 -7.206906 -8.326282 -9.328741 -9.451293 -6.046404 .0131105
28.65982 26.23469 20.01049 11.22098 4.221539 2.605378 -.5985968 -3.739742 -4.417482 -2.526335 1.720008 4.858662 6.674628 10.02633 13.16591 11.86501 2.768836 -4.206797 -7.859048 -6.777893 -2.076178 -2.667836 -4.427221 -4.093286 -4.122222 -2.989171 -3.029755 -1.188908 -2.174999 -2.481139 -2.354562 -1.724871 -1.396169 -.1910148 5.248688 9.682615 8.16119 2.253204 -3.780569 -10.13225 -10.98513 -11.02578 -8.529048 -6.474265 -6.609591 -6.369966 -6.217018 -6.258373 -6.374341 -7.179645 -4.497717 .8711036 3.772897 -1.616644 -4.353293 -4.970949 -6.202533 -8.974057 -9.648161 -9.612907 -7.646492 -4.211996
23.65631 23.89925 20.20778 10.57275 4.971487 5.19563 3.724095 -.648254 -3.440163 -3.951424 -4.119478 -.2480754 4.524151 8.046328 10.91337 14.17629 6.644262 -2.288926 -7.70315 -8.392131 -6.338549 -3.885517 -4.697931 -3.57822 -3.486553 1.088326 2.451818 2.172509 -1.901957 -2.313289 -.7865258 .04277567 -3.120143 -3.453533 -3.084536 1.160177 2.643067 2.38944 -1.119194 -7.309249 -10.98509 -9.84748 -6.618053 -5.556511 -6.263748 -7.088559 -8.521967 -11.01649 -13.32774 -5.979001 -2.441162 1.28328 6.449747 5.333308 -.6307518 -2.79759 -3.997453 -6.165358 -7.380124 -9.9447 -9.916217 -6.585095
