py_wake/examples/data/AJ_ParqueFicticio/Rough survey   Sector 1   Height 200m   Orographic speed.grd
DSAA
73  159
 258469   265669
 6501692   6517492
 .6526977   1.394486
[rows 28 to 55 of 159, columns 0 to 62 of 73]
.9867855 .9876586 .9876718 .9880441 .9883531 .9884855 .9894599 .9896229 .9907992 .9914805 .9919072 .992394 .9923448 .9924515 .9927158 .9935813 .9936186 .9932833 .9935843 .9935729 .9932222 .9924443 .9922011 .9926808 .9931523 .9918422 .9905575 .9878144 .9884496 .9867053 .9849296 .9834494 .9788225 .9725751 .971709 .9762819 .9779932 .9747185 .9732702 .9675292 .9623143 .9615728 .9624255 .9633167 .9658006 .9683506 .9706317 .9737471 .9774809 .9818625 .9862043 .9928921 1.000734 1.006909 1.007151 1.010001 1.017463 1.019415 1.011259 .9989236 .9837165 .9694997 .9568372
.9857575 .9866351 .9870384 .9877639 .987908 .9884908 .9894532 .9895697 .9906939 .9919689 .9922484 .9925393 .9931443 .9934793 .9937909 .9947216 .9946517 .9946746 .9950259 .9947247 .9949609 .9939032 .9932243 .9934841 .9939597 .9936942 .9927851 .9907482 .9902361 .9900949 .9899587 .9885467 .984688 .9802466 .9821337 .9868568 .9841069 .981124 .9788145 .9735211 .9687855 .9670614 .9684398 .9688138 .9721108 .9796811 .9892429 1.000159 1.01164 1.022074 1.029241 1.033397 1.038139 1.043187 1.043503 1.04271 1.04211 1.035192 1.022343 1.008932 .9952869 .9827957 .9750584
.9849211 .9857877 .985769 .9870193 .9875345 .987973 .9885867 .9888023 .9897698 .9903919 .991432 .9919484 .9922152 .9919639 .9935287 .9948192 .9949183 .9950698 .9956952 .9952685 .9957432 .9953213 .9949932 .9944848 .9956153 .9955576 .9948289 .9941161 .9935437 .9942324 .9943792 .9944574 .991837 .9868768 .9869388 .9871408 .9867426 .9861701 .9851255 .982264 .9757728 .9736018 .9743275 .9771781 .9800785 .9879349 1.000724 1.018752 1.036364 1.053539 1.065882 1.072692 1.075146 1.074908 1.074293 1.067637 1.055791 1.038589 1.022829 1.008334 .9970166 .9902669 .9934175
.9840057 .9849199 .9853284 .9864307 .9865186 .9870494 .9876083 .9879985 .9885924 .9894121 .9900413 .9906243 .9912456 .9911254 .9927262 .9941493 .9951249 .9950929 .9950184 .995608 .9966045 .9961137 .9965061 .9962005 .996483 .9971049 .9971193 .9966924 .9966438 .9976096 .99698 .9964361 .9936732 .9912466 .9908177 .9893997 .9883198 .9888056 .9881421 .9860065 .9814935 .9787805 .9801599 .9838617 .9897625 .9964896 1.006576 1.021017 1.040238 1.056886 1.073492 1.086707 1.093327 1.093726 1.089796 1.077802 1.058596 1.036802 1.018828 1.005254 .9991758 .998768 1.011941
.9835862 .9842777 .9845852 .9856128 .9858354 .9866755 .9866796 .9868838 .9874157 .9881886 .988874 .9893811 .9897859 .9906743 .9921361 .9932353 .9947085 .9948928 .9949917 .9964101 .9971991 .9970729 .9974698 .9975329 .9973477 .9985996 .9988848 .9997749 1.000172 .9990495 .9989313 .9987072 .9967698 .9947357 .994231 .9939297 .9919663 .9898898 .9884863 .9875329 .9861713 .9821282 .9808976 .9861696 .9937595 1.004176 1.01381 1.022779 1.031896 1.042852 1.054665 1.06758 1.079474 1.085852 1.086823 1.076949 1.058051 1.038157 1.021377 1.012052 1.009271 1.017931 1.035406
.9843044 .9836785 .9842625 .9843977 .9852419 .985851 .9865991 .9867417 .9868828 .9874446 .9879751 .9881368 .9891046 .9901972 .9914203 .9931378 .9942603 .9939329 .9949904 .9960214 .9974825 .9973353 .9971725 .998044 .9979802 .9987565 .9995946 .9999756 1.001128 1.000559 1.000476 1.000546 .9991635 .9980479 .9981104 1.000061 .9982848 .9942286 .9919817 .9911155 .9897227 .9855465 .9810824 .9823934 .9924397 1.005111 1.018047 1.028957 1.036134 1.040798 1.046273 1.053456 1.062592 1.071979 1.07734 1.076618 1.062201 1.049014 1.03827 1.033605 1.034759 1.045279 1.061469
.9848214 .9837784 .9838987 .9837533 .9842566 .9842386 .9849207 .9855551 .9858508 .9864402 .9867031 .9880168 .9884101 .9900551 .9913386 .9922416 .9927843 .9933729 .994741 .9963112 .9963241 .9967864 .9967731 .9978519 .9984652 .9995846 .9996244 1.000483 1.001453 1.001356 1.001853 1.002386 1.001712 1.001235 1.000234 1.002989 1.004197 1.001301 .9973643 .9951901 .9929636 .9888967 .9851127 .9834625 .9894232 1.004683 1.021602 1.037603 1.051069 1.062643 1.071048 1.077597 1.081734 1.08356 1.085912 1.088065 1.081911 1.078179 1.074469 1.072351 1.072039 1.07964 1.093457
.9835616 .9825975 .9829003 .9829641 .9834753 .9834583 .9832551 .9841789 .9846801 .9849004 .9855496 .9868147 .9875567 .9888785 .9902521 .9908712 .9912417 .9914172 .9939386 .9947059 .9947837 .9950765 .9958262 .9970794 .9984676 .9996137 1.000337 1.001012 1.00251 1.003047 1.00333 1.004262 1.005146 1.005335 1.005294 1.005867 1.009147 1.010819 1.007127 1.005304 1.000778 .9980651 .9951186 .9937921 .9955453 1.009508 1.030584 1.052779 1.074741 1.093142 1.109256 1.119927 1.125216 1.123011 1.118513 1.117794 1.115556 1.116825 1.117162 1.115683 1.118807 1.127322 1.136088
.9813726 .9809796 .9816104 .981694 .9823564 .9834946 .983746 .983696 .983287 .9836347 .9835023 .9843878 .9855251 .9868351 .9875083 .9880798 .9884206 .9877814 .988776 .9908548 .9914838 .9929513 .9945157 .996483 .9976246 .9988012 1.000394 1.001704 1.003561 1.004724 1.005665 1.00678 1.008104 1.010861 1.012145 1.013388 1.016599 1.021729 1.023241 1.023144 1.023924 1.023221 1.021265 1.019416 1.015948 1.02067 1.038661 1.062196 1.088056 1.111714 1.129123 1.143106 1.15093 1.153125 1.150485 1.147711 1.146935 1.149334 1.152569 1.160547 1.174502 1.188635 1.195496
.9791717 .9788727 .9798798 .9803054 .9809127 .9823884 .9822881 .9822455 .9824748 .9819323 .9822888 .982617 .9833224 .9845062 .9850808 .9855748 .985521 .983981 .9836908 .9850625 .9874804 .9901646 .9925701 .9950285 .9960566 .99818 .9997614 1.002092 1.004176 1.005861 1.008188 1.010107 1.012578 1.015565 1.01902 1.020959 1.023663 1.029187 1.035985 1.041917 1.048429 1.055804 1.059533 1.059039 1.052671 1.044392 1.047309 1.06079 1.079549 1.098555 1.113909 1.127677 1.140576 1.151306 1.158405 1.164139 1.166411 1.172243 1.184265 1.203575 1.230646 1.251495 1.25778
.9781521 .9780082 .9783928 .9790118 .9792227 .9795546 .9797286 .9803542 .9809023 .9814626 .9815354 .9812676 .982041 .9829229 .9834422 .9836401 .9834204 .9823757 .9816274 .9817386 .9848536 .9880335 .9911503 .9935285 .9949452 .9971886 .9997461 1.002159 1.003602 1.005906 1.008361 1.011117 1.01547 1.019796 1.024502 1.028626 1.031271 1.037436 1.04845 1.058225 1.068901 1.082891 1.095273 1.10158 1.098694 1.086705 1.073996 1.069391 1.071331 1.079715 1.090065 1.102298 1.1183 1.135904 1.152852 1.168056 1.179893 1.192129 1.210932 1.239968 1.271232 1.296436 1.303486
.97755 .9779518 .9779134 .9783832 .9791977 .9784652 .9790695 .9792731 .9798583 .9801936 .9809876 .9818636 .9834051 .9836603 .9831634 .9835492 .9827574 .9826314 .9830347 .9846569 .9865161 .9872497 .9896463 .9918073 .9938106 .9962952 .998998 1.001351 1.003768 1.006801 1.009326 1.012917 1.017449 1.02299 1.027321 1.03483 1.039098 1.047181 1.060085 1.072148 1.086744 1.104555 1.122171 1.136944 1.143831 1.137905 1.125046 1.11314 1.10264 1.098528 1.102612 1.114155 1.128517 1.144482 1.161672 1.180262 1.19571 1.210889 1.230753 1.257097 1.283654 1.302297 1.308313
.9778039 .9780736 .9774247 .9776939 .9787877 .9795101 .9795327 .9789881 .9786224 .9793046 .9805877 .9823282 .9838141 .9830535 .9827241 .9820473 .9822351 .9832919 .9841845 .9861881 .9873771 .9871643 .9880899 .9895492 .9914238 .9941065 .9972024 1.000781 1.004375 1.007617 1.011317 1.015676 1.020146 1.024834 1.030927 1.03836 1.044211 1.055961 1.070314 1.086412 1.106261 1.12703 1.146319 1.164188 1.178549 1.184656 1.179915 1.173497 1.161007 1.15084 1.151468 1.157179 1.167839 1.178629 1.189547 1.200753 1.213213 1.225376 1.240539 1.252627 1.25887 1.263643 1.265616
.9793739 .9775649 .9769917 .9763797 .9769316 .9770225 .9775834 .977643 .9767861 .9768822 .9778669 .9785037 .9794682 .9793175 .9798315 .9802531 .9809238 .9816825 .9830164 .9853022 .9863868 .986585 .9869038 .9862402 .9870026 .9910126 .9953806 1.000313 1.004078 1.008005 1.012283 1.017176 1.022051 1.027443 1.033727 1.041093 1.049208 1.060948 1.076414 1.095315 1.116905 1.139873 1.159625 1.177736 1.195394 1.209916 1.213474 1.211452 1.207328 1.199811 1.195572 1.194785 1.198599 1.203787 1.205839 1.212715 1.220214 1.226898 1.230303 1.22473 1.213507 1.202095 1.199483
.9800968 .978054 .9768413 .9749891 .9735666 .9743122 .9749878 .9744629 .973799 .9743251 .974448 .974121 .9738671 .975391 .9771754 .9774686 .9785532 .9792154 .9808735 .9829094 .9843736 .9854977 .9857944 .9868807 .9879888 .9909505 .9943435 .9985371 1.002606 1.006901 1.011217 1.016908 1.021467 1.028499 1.035488 1.043374 1.051664 1.061295 1.076281 1.092025 1.109177 1.126366 1.143239 1.160165 1.176929 1.188855 1.19474 1.194214 1.195533 1.195499 1.194611 1.193273 1.191258 1.189474 1.191057 1.198074 1.207944 1.215221 1.212532 1.198217 1.173747 1.149275 1.134493
.9799111 .9783342 .9767103 .9747869 .9722899 .9713503 .9722488 .971799 .9715551 .9724213 .9734679 .9731392 .9737639 .9747326 .9754472 .9754337 .9759669 .9761302 .977878 .9793578 .981193 .9825242 .9839593 .9873042 .9893205 .9907665 .992839 .9960846 .9990799 1.00339 1.009176 1.01363 1.01926 1.026016 1.032833 1.04059 1.047765 1.055316 1.06392 1.072938 1.083936 1.094013 1.105363 1.116496 1.125203 1.129895 1.130274 1.131933 1.13538 1.140094 1.144206 1.143633 1.143599 1.145667 1.154375 1.16959 1.187084 1.196193 1.189961 1.174567 1.145093 1.114512 1.087039
.9797685 .97871 .9773118 .9749541 .9740142 .9721 .9704157 .9698193 .9711077 .9725331 .9744579 .9760553 .9758585 .9755272 .9746551 .9746971 .9734538 .973443 .9745706 .9760628 .9773381 .9787176 .9801977 .9814545 .9844649 .986266 .9887444 .9916028 .9951399 .999595 1.004326 1.008735 1.01477 1.020996 1.026788 1.03312 1.040404 1.046048 1.050488 1.053843 1.056937 1.062589 1.06727 1.070607 1.070101 1.069201 1.070948 1.075131 1.08223 1.089063 1.092294 1.094931 1.102872 1.116621 1.134803 1.153861 1.168782 1.172777 1.1682 1.151129 1.125376 1.094611 1.065739
.9786934 .9779293 .9774368 .9750186 .9758793 .9748266 .9729816 .9702594 .9705468 .9723449 .9744062 .9762804 .9766613 .9760033 .9748207 .9735425 .9718695 .9717982 .9722574 .9731475 .9738707 .9747258 .9745439 .97486 .976121 .9792759 .9822009 .9843541 .9874516 .9913061 .9952341 .998933 1.005775 1.011628 1.017256 1.023277 1.031268 1.037388 1.041318 1.042837 1.042651 1.044018 1.044071 1.044225 1.046557 1.053421 1.065751 1.076459 1.083301 1.087193 1.09019 1.095925 1.107623 1.127499 1.147539 1.160622 1.161735 1.153519 1.140328 1.127329 1.110566 1.089751 1.066252
.9773027 .9765527 .9768683 .9761674 .9765337 .9763346 .9741673 .9710445 .9705654 .9708816 .972622 .9738389 .9749969 .9745275 .9725029 .9708219 .9703146 .970619 .9718289 .9727584 .9727959 .9722064 .9721413 .9722222 .9727031 .9749783 .9759195 .9766565 .978076 .9801543 .9829835 .9863052 .9912835 .9978454 1.00346 1.011166 1.019664 1.026819 1.033577 1.038854 1.041977 1.043659 1.046014 1.055224 1.066712 1.081036 1.094222 1.105158 1.109743 1.112296 1.115586 1.12491 1.13875 1.155633 1.171066 1.175468 1.164095 1.142189 1.118567 1.100027 1.087583 1.077286 1.065744
.9758044 .9748431 .9745752 .9741766 .974563 .974813 .9743371 .971988 .9710705 .9699678 .9700876 .9713081 .9727503 .9715473 .9693578 .9678958 .968171 .9690838 .9708698 .9714761 .9706241 .9696202 .9707111 .9718659 .972357 .9711788 .9698795 .9692448 .9700108 .9708034 .9726241 .9759076 .9786664 .984833 .989557 .997269 1.005678 1.015639 1.023873 1.032506 1.041881 1.050829 1.06093 1.071361 1.083973 1.094679 1.100367 1.103566 1.104583 1.109758 1.122164 1.142308 1.162831 1.176516 1.181108 1.174722 1.162001 1.141271 1.116502 1.088284 1.06557 1.050079 1.041129
.9742033 .9732205 .9722832 .9719748 .9725708 .9729463 .9728042 .9724779 .9710544 .9709233 .969646 .9681711 .9688612 .9678339 .965833 .9652334 .9653214 .9659747 .967376 .9677115 .9666667 .9660938 .9657581 .964521 .9650642 .9643015 .9622646 .9631984 .964452 .965965 .9679911 .9695593 .9725921 .9760535 .9804195 .9870518 .9944308 1.00324 1.011318 1.021189 1.031093 1.042007 1.051851 1.06212 1.070799 1.074017 1.075681 1.079543 1.089186 1.103889 1.124805 1.147143 1.16634 1.172754 1.164806 1.150301 1.139867 1.131095 1.118643 1.096923 1.069643 1.041274 1.017975
.9734733 .97189 .9707938 .9702476 .9711857 .9722589 .9723581 .9719471 .9709569 .9707201 .9695792 .9668702 .9645306 .9640167 .963697 .9633834 .9636374 .9630488 .9621634 .9630958 .962705 .9616975 .9604717 .9596372 .9582157 .9578713 .9578229 .9584123 .9595569 .960642 .9624878 .9653625 .9700234 .9719527 .973802 .9792242 .9847851 .98996 .9969631 1.002817 1.010408 1.01769 1.0249 1.033231 1.038623 1.046317 1.05802 1.075486 1.096105 1.116838 1.135989 1.148952 1.154579 1.147344 1.12894 1.107871 1.097436 1.095592 1.096748 1.097178 1.082601 1.057674 1.02831
.9727874 .9720396 .9717496 .9723924 .9722628 .9729634 .9726757 .9721234 .9721333 .9715407 .9701449 .9686854 .9655538 .9644688 .9636371 .9632949 .9642403 .9641168 .9635607 .9627492 .9614323 .9608555 .9601543 .9604054 .9604622 .9601908 .9578726 .9569249 .9573954 .9570795 .957113 .9574867 .9584543 .9603047 .9626487 .9675456 .972422 .9755877 .9809536 .9860517 .9919854 .9988897 1.006899 1.015245 1.02684 1.042683 1.064338 1.088027 1.11054 1.127433 1.137235 1.13729 1.128072 1.113441 1.094358 1.069821 1.053563 1.051816 1.05808 1.071952 1.081154 1.074587 1.056318
.9711677 .9716468 .9719162 .9729339 .9729142 .9725494 .9726164 .9732035 .9730641 .9733087 .9721822 .9713081 .9688907 .9661844 .9650756 .9643732 .9649487 .9663738 .9665353 .9650809 .9635196 .9624611 .9621799 .9628398 .9636534 .9627069 .960226 .9590468 .9576322 .9565651 .9541147 .9511107 .9480639 .9471738 .9493414 .9522228 .9560345 .9601876 .9663236 .9725299 .9792785 .9899509 1.000975 1.015793 1.03382 1.054237 1.075702 1.095552 1.111135 1.11765 1.117152 1.112075 1.096603 1.080102 1.066984 1.048638 1.026745 1.016801 1.01931 1.034437 1.055238 1.070603 1.071556
.9697802 .9700619 .9703129 .9715717 .9722308 .9721061 .9715753 .9723334 .9733807 .9738149 .973599 .9719309 .9704599 .9682001 .9660578 .9643757 .9637256 .9642546 .9650968 .9656863 .9657961 .9651433 .9651821 .9662207 .9664732 .9656039 .9643432 .9636855 .9615361 .9588199 .9562517 .9536514 .9495914 .9468071 .9459132 .9460449 .9466729 .9531375 .9608324 .9658285 .9718219 .981083 .9943047 1.011532 1.032097 1.052523 1.071142 1.085122 1.093899 1.096277 1.093385 1.087317 1.07106 1.054505 1.044689 1.03734 1.020293 1.004029 .9986693 1.005125 1.023177 1.043768 1.055816
.9689911 .9694101 .9700803 .9706548 .9717592 .9720821 .9719729 .972254 .9734673 .9741032 .9744088 .973096 .9711993 .9693753 .967718 .9656761 .964212 .9634499 .9641259 .9644379 .9667559 .9683174 .9685326 .96886 .9691548 .9685962 .968119 .9675941 .9654788 .962958 .9604713 .9592913 .9583332 .9595127 .9597247 .961793 .9630387 .9621594 .9690483 .9776682 .9790804 .9819577 .991841 1.005834 1.023126 1.038397 1.051856 1.063576 1.071105 1.074781 1.073823 1.067405 1.05187 1.03651 1.026327 1.023449 1.019825 1.010036 1.000041 .9960296 1.003356 1.016701 1.027932
.9686676 .9694478 .9709523 .9713565 .9718474 .9723073 .9730723 .9730002 .9735638 .9743072 .9743261 .9734691 .9712526 .9700615 .9688981 .9686207 .9680616 .9662616 .9654066 .9641639 .9639707 .964492 .96601 .9687821 .9700295 .9706274 .9712015 .9708056 .9697614 .9694134 .9697442 .9694504 .9717169 .9768825 .9831244 .9889509 .9894726 .9881499 .9915477 1.000029 1.004623 1.003258 1.004979 1.009718 1.018527 1.026339 1.036208 1.046468 1.053279 1.05482 1.051068 1.044102 1.033869 1.020938 1.011696 1.009698 1.013523 1.013587 1.006691 1.000241 .9949874 .9998943 1.009397
.9690343 .9705843 .9716107 .9715865 .9714618 .971967 .9730101 .9735374 .9737192 .9739604 .9738739 .9735258 .9716303 .9702423 .9692693 .9689966 .9694447 .9684793 .9669304 .9653146 .9640964 .9633322 .9649675 .9673653 .9694511 .9702086 .9716094 .9737436 .9764232 .9797385 .9846694 .9894093 .9923487 .9995122 1.007135 1.014511 1.018483 1.017697 1.019398 1.025697 1.030454 1.032165 1.029896 1.027362 1.025603 1.024005 1.026915 1.030715 1.032169 1.030386 1.025174 1.022426 1.016338 1.007171 .9990241 .9976 1.000953 1.00554 1.004045 .9998916 .9947999 .9928213 .9983578
