py_wake/examples/data/AJ_ParqueFicticio/Rough survey   Sector All   Height 200m   Elevation.grd
DSAA
73  159
 258469   265669
 6501692   6517492
 17.93852   840
[rows 112 to 139 of 159, columns 0 to 62 of 73]
554.4807 573.2426 584.2639 599.8134 621.4818 642.0478 661.5187 685.4671 711.2172 730.9492 747.7598 762.3618 755.5144 736.4111 711.8536 673.0666 649.2412 648.5378 639.0331 612.3353 598.736 603.6719 597.5281 607.4404 643.9695 666.7779 667.9939 650.0355 622.8907 595.2891 577.6864 567.9266 554.5886 539.2745 522.8188 509.3514 504.9753 526.3511 562.0961 589.2078 605.9259 603.522 575.2819 527.5086 483.725 444.2645 414.5645 393.137 380.5774 393.6398 407.1465 400.6681 372.695 339.4234 312.3978 294.8837 280.6605 266.5829 249.7662 223.2612 184.3946 177.7222 177.5837
577.5306 598.4569 615.4229 632.1685 653.9405 678.2978 701.0406 724.5875 745.9385 760.3443 773.6055 784.8145 775.3695 749.6302 716.4202 680.005 670.8175 672.8773 659.2842 622.6172 593.6714 583.151 580.0717 597.5485 633.5742 657.9072 648.2945 616.0367 591.2797 574.8223 560.7559 569.2576 580.6332 579.9987 568.4261 558.6577 551.2272 560.9014 590.8189 614.8206 633.7534 630.1231 594.5724 538.4368 490.677 448.9872 417.8057 393.0264 373.073 363.4483 364.7015 359.8861 342.298 320.4874 299.9487 287.9048 276.2758 265.4935 251.0804 230.0017 202.178 179.5629 178.2386
606.3488 628.382 647.1888 664.1326 684.2936 710.7026 739.3754 760.637 775.2084 784.7696 799.2575 805.6289 786.7671 752.2592 715.7268 692.0374 697.5938 700.0118 672.8784 636.8818 603.0646 578.5367 567.1641 579.134 610.3708 633.101 626.1213 595.631 566.4738 552.6638 548.8435 560.3757 580.6897 590.9983 600.3248 605.8431 607.8317 614.2024 633.1255 648.7818 661.5723 654.1397 611.3815 553.8243 503.8909 463.4196 427.898 396.4676 371.7223 350.7498 336.9953 328.7998 315.9885 305.9785 293.4447 281.6546 271.1862 260.8494 249.6848 236.1543 220.7819 201.8765 184.5017
629.2516 652.5067 672.3572 691.0572 711.5937 739.3078 766.3285 783.7743 797.749 809.3259 821.8685 820.1331 795.9285 755.9827 726.5677 716.7156 726.2708 725.4542 699.8871 666.2117 636.9213 603.7866 567.3524 556.4029 574.6257 595.7863 594.3281 566.5521 541.2766 533.6649 537.3544 549.9205 563.2099 577.8162 597.5421 628.5519 651.7119 665.8272 677.0853 682.4462 682.7162 671.5132 630.3598 579.6827 528.3022 484.7959 441.6049 403.3049 372.9901 348.8109 329.4027 313.6529 299.7694 293.4886 286.752 276.4966 266.2503 256.2594 246.161 235.609 224.8927 212.0975 201.5257
631.3121 658.4756 680.8813 704.3986 729.0225 757.6544 781.0028 798.625 816.519 828.733 838.2385 828.6553 806.2012 773.8592 753.3706 750.4516 754.7357 751.4981 732.6475 706.5776 675.6996 638.5147 590.6737 551.3802 539.9261 558.3433 563.5563 539.9048 524.2505 525.0613 532.0166 535.7862 543.7606 563.0988 593.5829 633.6922 673.0201 692.1333 700 690.5661 681.9318 669.0593 636.1517 593.1442 547.1589 502.1977 456.6896 414.3259 376.9772 347.6857 327.0668 311.188 296.8375 285.1156 277.527 269.3563 259.5528 249.4389 240.855 232.3855 224.4479 215.1265 206.8533
618.8289 646.9114 672.4717 700.2616 731.7618 761.3859 784.8548 807.006 825.7325 840 840 831.3333 812.1975 790.0437 777.7595 772.7258 770.0962 763.1517 746.4197 721.6746 691.803 656.1581 618.2158 570.6319 535.0767 526.5775 530.5541 519.2743 515.96 524.0269 526.1454 525.1736 540.4774 572.2956 603.1219 641.908 677.1031 693.7069 686.867 668.8576 648.1 627.7549 602.5181 568.8961 535.2482 499.5625 459.2015 417.3144 377.5153 344.664 322.7499 308.829 295.5463 281.95 271.1972 261.6103 252.2256 241.6917 229.429 222.6557 220.548 213.8689 206.8084
592.6757 622.6368 653.9525 688.6811 725.0173 757.9381 785.8945 810.5677 827.3967 835.024 826.8569 817.3596 800.4408 783.9953 780.4006 779.4175 768.9948 750.4749 727.0861 700.835 670.6833 641.022 618.5103 589.5745 550.3013 516.2991 500.5298 499.6714 515.705 523.9374 521.4129 517.1411 541.9176 573.9034 591.7881 625.2294 662.9061 678.0544 656.5797 616.7094 589.0575 569.4475 551.001 525.4401 490.4287 467.987 438.0985 400.9635 369.204 338.6928 318.7681 307.6209 295.7975 283.6995 271.9489 260.5118 250.5335 240.5161 224.8107 208.8322 202.024 201.4969 195.749
567.5212 600.8957 640.4626 683.2003 723.9708 759.0415 788.4412 813.0734 825.9821 824.1298 805.2842 782.905 767.9586 755.6707 758.7459 763.678 755.3041 725.54 691.5822 661.4608 629.9467 599.3516 584.8613 585.1516 566.5107 532.6009 500.2266 493.6728 506.3514 520.4691 508.7616 508.0552 535.4506 555.4047 567.6993 603.8587 645.2717 663.5268 632.397 574.8035 530.4259 509.5451 500.5475 491.3065 453.5978 424.8344 402.2303 375.2997 351.1406 327.2937 310.4751 302.0201 293.5478 282.972 273.1889 263.7634 253.7042 243.8561 227.8084 205.3545 184.3323 180.1089 180
570.2192 607.5198 648.5107 691.4025 730.1344 764.0417 791.6692 813.838 823.229 817.6634 790.7673 755.303 731.9468 719.2551 726.1173 738.4005 737.1154 711.1863 673.7858 638.4662 602.8394 571.243 552.5718 562.4361 565.2714 543.1398 511.922 489.5594 490.0717 497.7071 490.1134 498.9974 526.9849 532.8116 552.9755 594.391 632.3529 649.1466 624.9601 562.3465 503.2133 464.666 457.0628 460.4307 434.7085 400.9719 374.6642 352.8117 333.4552 314.9812 298.7354 288.6218 283.3768 276.7346 268.2407 260.5016 249.6131 237.428 215.0165 192.8127 180 180 180
601.3506 629.2826 667.2036 706.9479 741.5057 772.2644 798.6967 809.481 806.4077 799.3431 786.7723 752.4496 716.8633 697.1576 694.8257 702.3845 705.0428 693.8455 669.4661 639.9592 603.5629 564.9872 537.3654 535.8499 539.2924 528.275 512.8715 490.8697 473.1396 470.7291 473.6768 491.2943 507.0711 514.8109 549.8214 592.6592 626.416 635.0079 611.361 555.051 497.1899 447.6642 425.0851 423.6823 411.7963 390.1548 367.5059 346.8379 328.3067 311.5062 295.2809 278.9709 270.1894 265.1405 258.5249 249.7084 240.5038 217.0299 189.2212 180 180 180.7461 193.181
629.7455 654.6578 686.5046 723.4362 754.5046 781.3188 800.89 801.0313 775.457 769.0789 780.3227 761.5557 730.1564 704.8198 683.1426 669.4927 663.8174 655.6868 641.2743 625.0597 599.4783 561.449 532.5868 516.2062 509.8567 501.0347 499.0878 493.7874 474.0464 456.9245 460.903 478.0553 489.7543 519.2787 560.0541 601.7127 624.2312 613.9505 582.1552 537.6606 490.9835 439.3111 404.9734 391.6937 382.3958 371.9461 360.7109 346.9196 330.5762 314.0441 296.093 276.9543 260.9943 250.3436 241.2589 231.3231 219.5477 194.752 180 184.9966 200.2641 210.1859 221.9823
655.7573 684.7121 716.7948 745.8431 772.1942 789.3115 794.3605 780.4332 743.1812 736.5528 758.9059 757.8936 744.4446 725.926 699.2469 672.2244 651.985 630.8376 611.9272 597.1397 579.8973 555.4775 532.1265 513.3694 498.5482 488.4975 479.5937 479.8497 471.5873 454.4803 451.9233 464.4701 490.3993 531.056 573.5164 604.5707 610.9539 587.8268 544.4063 501.2661 469.8367 432.6113 398.2023 374.7359 360.4117 349.8475 341.6803 334.9299 327.1544 314.4373 297.6546 278.6469 261.2546 243.4901 225.6063 208.1038 192.8914 180 181.5092 201.0426 222.5191 232.5727 241.3315
683.5076 720.8446 748.6984 772.1198 790.6611 798.2902 781.9842 747.8688 708.2515 698.2358 723.5103 731.5316 734.5823 731.6086 718.6068 695.9465 674.8066 650.3314 626.6732 606.5815 590.4183 574.4478 553.1125 524.123 501.4491 487.8375 476.6855 472.0759 460.3358 445.4998 439.8477 460.9297 497.9675 537.5622 570.9482 592.9514 588.3573 558.8615 515.8195 467.8495 434.6068 416.2538 397.1251 376.5861 356.071 337.9458 324.6148 315.4438 308.7884 304.8972 295.2534 278.4561 260.1013 237.6656 217.0255 197.7343 180.4968 184.8452 190.6551 208.1067 231.2104 245.8271 253.946
695.731 739.0336 772.5468 790.1814 800 787.3964 760.7339 719.1157 676.8717 662.7125 681.3055 691.3029 706.5473 715.6125 708.9713 699.1718 685.7853 677.0321 662.0502 646.0246 626.6467 610.2663 582.2548 544.1299 509.3604 494.002 491.0284 490.9045 477.6115 452.6483 436.8314 453.5388 489.8852 526.2732 556.8694 571.7095 560.8145 530.4457 492.0431 450.6183 416.3303 393.7074 382.4499 371.8257 357.363 338.9161 323.5027 305.689 286.9241 282.1262 278.9905 264.7055 242.696 216.6992 199.1236 193.5746 189.2719 194.328 201.211 210.0942 229.3427 250.8495 263.0781
705.9641 745.9372 781.8054 800 799.8144 779.7557 751.7592 714.4554 672.0135 640.5952 641.1564 650.6663 670.6418 679.8344 676.7575 666.7391 657.7618 663.321 665.428 661.936 645.1212 623.3439 593.5491 555.9658 527.217 513.8873 520.0246 520.3216 506.5396 467.8189 436.1592 438.9942 469.6037 506.259 536.1389 546.5068 533.5283 509.4296 473.1669 432.4567 405.1592 383.918 364.2666 353.803 341.8499 330.1414 317.8921 303.6001 277.6465 254.82 246.0029 231.3403 207.6796 198.0569 195.2636 194.6272 196.3697 208.6232 223.4879 215.3994 224.5072 251.3314 263.9906
715.0436 753.8931 783.9156 800 790.5215 768.8609 749.7147 722.2316 678.1234 635.8398 614.8263 616.2988 632.9009 640.2045 643.8029 640.545 621.4433 626.5461 642.9894 641.8041 625.874 606.4205 577.8665 553.6589 535.5471 527.1738 524.3554 521.7203 510.0779 474.5593 434.4219 427.0592 461.5486 495.8944 514.9485 516.5258 504.9047 487.9459 455.2373 413.3423 383.2706 370.3867 357.572 343.2341 328.7516 315.486 304.9727 298.7859 281.9139 249.7971 219.9909 199.7694 197.7831 198.1073 199.1818 205.2025 223.3176 241.5203 241.694 219.3264 221.5894 244.9366 254.5187
706.1144 748.5776 780.5303 790.4029 780.2797 751.6864 739.0717 716.2764 678.3746 644.0852 613.5251 590.7462 595.8015 605.8692 621.1397 627.7561 603.8048 591.9178 601.6998 600.1585 587.2129 576.8923 552.5404 535.1162 531.9682 524.9893 514.4418 501.5201 488.1316 462.8831 419.9822 419.9009 454.5168 477.3027 488.3211 482.5179 468.8368 453.6176 429.218 395.0135 368.4164 352.6777 341.3339 333.2565 324.5938 309.3841 294.9848 287.9683 283.1151 261.3213 225.2768 199.0064 198.5533 218.1717 239.975 251.878 263.4896 266.7413 253.5862 222.8902 219.0511 232.5217 238.5257
696.5026 736.2641 762.3263 768.8849 756.8276 728.3001 716.174 695.527 662.0906 636.1838 609.9955 579.4859 568.3428 577.5167 600.3436 614.4545 596.5164 569.4315 560.8915 556.4403 548.4049 546.4568 526.4244 514.6597 523.8545 524.3418 511.2681 485.9093 464.5593 441.1484 411.1229 407.9499 428.4333 442.8059 450.1067 444.5946 429.5662 417.4302 404.6732 380.1969 359.501 342.3164 330.6312 319.2609 313.2298 305.1618 292.4183 278.4538 270.5073 257.8982 224.0929 198.9637 200 240.1918 268.135 280.5003 283.0907 283.1776 265.9026 235.4335 219.9102 220.7896 231.655
704.7368 730.6998 739.705 731.5442 714.2771 703.4269 705.0442 681.9647 653.3356 628.1726 603.6894 576.1049 556.3218 555.9023 574.0257 592.2912 590.5643 565.6392 536.3877 521.1678 516.3459 518.2043 500.584 496.1432 515.5983 523.8105 521.4287 497.4308 472.2413 442.7497 411.5096 396.4734 397.8548 402.4727 410.2906 407.9285 396.5698 394.4688 393.9095 383.3996 362.6881 341.4093 328.6935 316.1748 303.9656 294.239 287.2047 275.2198 257.2839 240.2597 211.509 200 204.5939 250.6886 278.4719 286.0591 290.7253 293.2868 286.5956 265.197 243.1137 232.1386 232.7251
720.5521 720.6571 713.2296 700.2509 676.5685 679.1428 698.6666 690.4254 672.0746 649.497 621.3586 593.2946 565.0838 539.2301 545.3638 565.2238 581.9117 567.3698 534.2201 505.5109 492.6934 492.8164 479.9801 477.5468 497.6217 516.0132 528.3006 524.3085 502.75 469.301 435.2908 406.2289 394.8542 380.1325 377.5446 376.8882 375.604 380.9383 385.6912 383.2517 367.8994 352.1355 340.8445 330.4684 317.0187 298.8427 281.593 266.8965 248.1584 221.0159 200 200 221.8912 256.3233 277.543 286.6998 294.4634 301.9342 303.2508 295.172 271.1899 248.4988 242.0641
715.9766 695.0827 683.8345 675.1376 652.4815 656.9548 679.0056 682.2394 680.5974 661.8312 635.8211 606.1725 573.1738 538.3516 524.7004 541.8241 562.9861 562.4756 536.3068 503.833 479.0753 472.6814 464.0777 461.7552 481.2959 507.0629 529.165 539.676 517.5057 484.8408 454.5536 435.8193 420.2666 397.1867 371.8087 357.7458 359.8032 365.4342 372.4834 377.0253 370.2823 361.1354 350.1635 343.5586 333.424 314.618 291.145 263.9739 231.6986 200.6098 200 200.3368 229.9944 256.7471 272.6721 284.0024 293.4824 303.7691 310.6584 307.6732 291.5374 269.4425 261.0543
704.1978 666.3527 647.5229 640.4868 622.947 633.9508 652.3603 666.2968 670.0778 657.2548 627.5654 595.7471 566.6551 536.4652 511.821 517.462 535.4573 537.9695 525.6686 502.3045 474.9825 459.8362 451.7119 452.1913 469.9696 495.4073 518.5623 523.2814 505.5486 476.6799 453.5495 445.9697 440.4962 419.7876 386.4703 358.057 345.9404 344.4052 348.573 356.5004 358.4665 351.3258 345.6193 342.72 337.072 319.0819 296.2593 269.2215 225.8656 200 200 200 211.4623 240.6381 263.6392 276.3714 287.9405 301.4373 313.1343 318.9983 306.2469 290.7004 280.7117
694.8413 645.5295 615.7663 607.1982 600.6729 619.2162 639.9145 657.0316 664.4517 661.1178 636.5822 598.0411 558.4835 526.282 498.8592 493.9655 501.6557 504.8989 501.8185 493.5934 471.4342 452.6913 440.9623 440.3819 458.0942 481.4056 499.702 504.2639 484.0635 456.972 433.9416 427.3693 426.2922 419.5206 395.3497 364.5178 339.9771 330.687 330.4991 336.352 341.4608 338.0085 333.9768 329.9484 323.1601 307.0003 286.5513 264.4026 228.5074 200 200 200 200 215.9683 247.6819 264.3445 277.1057 292.5353 307.8705 320 320 309.5553 302.1576
691.0529 639.2011 597.6498 581.8143 594.032 614.2374 625.6252 634.251 647.9085 650.7964 637.8478 609.5132 571.2314 531.7085 498.5951 477.7991 476.4097 477.368 479.0697 476.0128 462.8729 448.6523 437.0679 437.4173 454.3501 479.433 490.5186 486.1496 467.3091 444.5659 422.5761 406.5396 398.8142 397.8985 384.7211 361.2926 339.1704 323.7105 318.2361 323.9197 330.5052 331.0753 324.8515 314.4494 304.2178 288.1202 266.2379 245.5533 225.6934 202.815 200 200 200 200 228.7522 247.2229 262.7618 278.6704 296.8701 311.3508 320 320 315.5872
686.6605 638.8683 590.4919 567.8954 584.9611 602.3031 601.5692 601.499 612.322 615.5077 609.973 600.0367 580.124 547.9557 516.6257 487.705 466.7283 458.3251 460.701 455.7481 448.6146 444.0411 434.1751 436.6776 460.0875 485.2941 491.2383 471.4949 443.5587 427.1688 414.9979 400.931 382.0831 372.2484 364.217 351.6788 334.6979 319.2722 314.2112 317.0533 324.2645 327.1776 321.7023 302.1585 286.6341 269.3726 252.9502 240.0035 227.294 217.5504 208.3702 202.5961 200 200 211.2045 229.0294 244.9474 261.4625 279.5529 298.8884 314.8148 320 320
668.1589 628.7886 581.4078 553.6219 569.0104 579.7105 578.3336 580.7279 584.5413 576.0197 567.7415 565.8945 563.547 542.0162 521.7993 500.5338 471.1871 452.3795 443.4259 438.1899 434.4539 434.5502 427.3373 433.289 461.9905 486.9059 493.4056 463.9393 426.8527 402.3271 394.5225 389.5721 376.5134 358.4826 348.1657 339.0425 328.8021 317.3701 310.7571 312.1695 320.9495 324.5546 320.6226 302.7132 286.1773 270.0625 259.3876 257.9943 253.5109 239.9603 221.4908 208.4493 200 200 200 206.6395 220.7612 237.1297 254.0356 275.814 300.7604 315.2587 320
634.657 605.517 569.5053 538.2343 544.5449 553.223 562.6887 570.128 568.2871 551.7903 533.0337 529.2303 533.4434 517.9681 502.4504 499.1705 479.7937 457.3669 441.099 431.6903 423.3131 424.397 417.5257 428.3805 458.2494 480.8564 483.2216 455.6073 418.0233 388.003 375.3712 372.4616 369.8618 357.2572 343.4564 332.5879 322.9066 314.3614 306.5682 303.2897 313.2641 320.0417 312.5717 300.1243 289.2914 278.1298 268.9462 265.2032 261.0337 244.8725 229.7864 219.1208 203.6694 200 200 200 200 208.2649 222.2448 246.4546 274.8835 299.7502 313.5193
603.9246 577.6832 553.7095 521.7659 520.6707 535.9614 554.8204 560.8298 556.345 547.6187 526.4819 506.3839 501.6171 492.3539 478.8528 483.229 474.698 459.8372 456.3392 441.5346 420.0836 414.5875 411.6897 422.3748 447.8544 465.9503 470.7378 446.656 410.8628 383.2095 366.3096 358.2568 358.8098 353.668 343.0047 332.7186 323.1448 315.0099 307.2998 297.7831 301.2859 305.325 298.0178 286.4179 278.7855 273.2063 263.6731 258.9237 252.3331 239.2952 235.5585 237.5276 232.9551 220.7028 204.3743 200 200 200 200 216.5625 245.9576 276.2028 300.5465
