py_wake/examples/data/AJ_ParqueFicticio/Rough survey   Sector 7   Height 30m   Orographic speed.grd
DSAA
73  159
 258469   265669
 6501692   6517492
 .01442826   2.19552
[rows 84 to 111 of 159, columns 0 to 62 of 73]
.8592746 .8404432 .8299198 .822518 .8137171 .8000975 .7899112 .7773195 .7654731 .7652513 .7661266 .756687 .7366857 .7309973 .7192542 .7266517 .7064276 .700421 .7239169 .7410976 .7642234 .786274 .8065099 .8233908 .8584517 .884144 .8924538 .8796186 .8841215 .8725744 .897011 .9273496 .9362572 .9335561 .886611 .8982709 .8585411 .8491992 .8812207 .87109 .868688 .8336478 .8296272 .8189836 .7966557 .7938514 .8239783 .8379471 .8762925 .9590281 1.026483 1.011813 .9936647 .9723963 .9317749 .9085261 .8997481 .902334 .9114028 .9182423 .9274522 .9167846 .9084897
.8386713 .8301571 .8219748 .8122132 .7985501 .7930104 .78347 .7700965 .7654576 .7607036 .7504237 .7344638 .71364 .7027385 .7189928 .7252936 .7037404 .6873003 .6913073 .6964408 .7115955 .734044 .7652 .8109094 .8702422 .9009748 .8933645 .8656216 .8442248 .8229504 .8354591 .8732574 .855843 .8666276 .8263042 .8502698 .847508 .8576322 .8813322 .9051384 .8995658 .8743786 .8464473 .8451312 .8157293 .8182696 .8235348 .8106153 .8004288 .8357202 .8901423 .9660221 .9845591 .9860891 .982899 .976575 .9905295 .9881269 .9761063 .9608458 .9391067 .8925288 .883178
.8013868 .8087581 .8105919 .7987062 .7915772 .7877927 .7731708 .7679284 .7700426 .7553335 .7399495 .7382651 .7346917 .7177723 .7172331 .716385 .7192042 .7107537 .682219 .659124 .6539807 .6660316 .6785089 .7200054 .76348 .7953796 .7887496 .7660573 .7325976 .7358574 .7506703 .7701924 .798699 .8239899 .8131996 .8315375 .8347203 .8341768 .8788753 .8988149 .8930208 .8918802 .8924607 .9123067 .919444 .9292026 .9166617 .8890747 .8790811 .8842872 .8720887 .9040372 .9802639 .9908062 1.009652 1.023304 1.060692 1.061235 1.041588 1.001768 .9561629 .8854133 .8802388
.7902341 .7935001 .7961618 .7827772 .7764116 .7724451 .763074 .7717459 .7693312 .7542638 .7485429 .738 .7282667 .7047589 .690578 .6979744 .7092991 .6973479 .6855046 .6659502 .6311954 .6066428 .5917004 .5946661 .6312909 .6662694 .6506935 .665452 .659673 .6860576 .7394575 .7817709 .811597 .8503839 .8753274 .8783321 .8539118 .8673607 .8581741 .8718179 .8755197 .8918973 .9224932 .9707037 .9794008 .9791663 .9743173 .9745376 .9557127 .9195395 .8824044 .8930838 .9734319 1.028069 1.026025 1.050604 1.076675 1.074234 1.049394 1.024037 .9813833 .948696 .9453024
.788884 .7817475 .7729062 .7692405 .7593932 .7466829 .7424892 .74936 .7424158 .7436118 .7417506 .7246527 .7160189 .7119562 .6869639 .6678796 .6761621 .6716188 .6726227 .6539264 .6293713 .5985069 .5632551 .5320436 .5442002 .6026248 .6308128 .6745827 .727622 .7985497 .8143783 .8565656 .8462844 .872543 .8950043 .9031246 .9173566 .9010617 .8788957 .8741427 .8826922 .9152672 .9367404 .9541557 .9427493 .9246259 .917932 .9019166 .9166587 .8776919 .8343103 .8237634 .9015249 .9583907 1.045609 1.035403 1.030837 1.039132 1.027227 1.000025 .9853576 .9738488 1.008487
.7841918 .7734816 .7684708 .7665648 .7511238 .7443784 .7251753 .7063512 .6995367 .7185374 .7183764 .7272612 .714856 .7040289 .680941 .6399743 .6313755 .6390394 .6365526 .6461174 .6420302 .6287388 .6098788 .6049126 .6167507 .6517339 .7131205 .8061794 .8914664 .9263758 .9285343 .9019467 .8750756 .8642949 .879455 .8689843 .8934448 .925544 .9232399 .9135453 .9218435 .9250402 .92606 .8952686 .8538787 .8145365 .7836912 .7583453 .7716972 .7490479 .7108926 .6883204 .6663767 .7326669 .849041 .9395943 .937147 .9317735 .9307625 .9313857 .9518405 .9708548 1.020812
.8062747 .7890383 .7727868 .7555677 .7510608 .739107 .7140427 .7090752 .6841155 .6820017 .6860381 .7073637 .6988236 .6933846 .6852276 .6537403 .6133037 .5891175 .5994046 .6235863 .6603457 .6769762 .6980966 .7388638 .7877373 .8222072 .8758316 .9397242 .9991847 1.003843 .9771985 .9338722 .9072669 .8785645 .857574 .8583332 .9120311 .941644 .9587762 .9681469 .9540328 .9423718 .9227507 .8783759 .8717347 .8705904 .9008043 .8712699 .8497104 .7919193 .7804767 .7005569 .6832892 .6646247 .6584808 .7315115 .7514483 .6980345 .7365564 .7860568 .8943107 .9651379 1.021727
.8119058 .7930188 .7809296 .7695268 .7520342 .7305455 .7261084 .7090595 .6874335 .6771911 .6738847 .6797321 .6955569 .6916025 .688222 .6648243 .6257307 .5804766 .566778 .5965484 .6787483 .7418141 .78618 .8528521 .9215971 .9650689 1.00253 1.02026 1.037163 1.039865 1.017416 .9968438 .9701108 .9645538 .9270455 .9498435 .9257993 .9503517 .9791732 1.004269 .999706 .9604853 .9457694 .9530402 1.030037 1.073231 1.061695 1.046237 .9856923 .9537358 .9996498 .9857079 .9341825 .8168519 .6891776 .5725397 .5887648 .6245697 .6753619 .7567977 .8805047 .9706008 1.034866
.8215405 .801008 .7825849 .7652161 .7466343 .7451068 .7322203 .7225799 .7115412 .6848965 .6735905 .6801759 .6815715 .6964175 .7016361 .6865802 .6547936 .6231421 .6004274 .605103 .6965021 .812441 .893872 .9400698 1.004795 1.039715 1.079017 1.087054 1.064907 1.088985 1.079811 1.074488 1.036729 .9803986 .9182104 .9593499 .98032 .9962164 1.000541 1.007029 1.011762 1.005375 1.02331 1.092353 1.14456 1.143402 1.08462 1.064609 1.055189 1.100418 1.149995 1.135177 1.143385 1.071241 .9275596 .7935053 .7650331 .7972404 .8678563 .8605236 .9277827 .9906981 1.061768
.8233117 .8011445 .7806233 .7694302 .762444 .7488056 .7443032 .7305263 .7198578 .709199 .686684 .6680009 .6771768 .6801712 .7043211 .7261416 .7238863 .706157 .6978704 .7047756 .7522866 .8702343 .94771 1.006452 1.059218 1.08259 1.137643 1.17288 1.153241 1.130887 1.089316 1.047845 1.017707 .9841835 .9782214 .9815474 .9786309 .9789798 .9934208 1.031311 1.081616 1.136341 1.191881 1.221636 1.195567 1.138763 1.104149 1.079084 1.119704 1.153076 1.166898 1.182745 1.202652 1.182087 1.196755 1.150383 1.148847 1.106052 1.045297 .985058 .9671807 1.009606 1.085465
.8235281 .8088119 .7881159 .7687385 .7519454 .7538785 .7472801 .7351033 .7207392 .7163494 .7008278 .6700624 .6568426 .6648546 .6897717 .7325993 .787518 .8181343 .8387393 .8489581 .8692675 .9081576 .9902121 1.049107 1.114689 1.155197 1.194109 1.242665 1.177427 1.135269 1.058343 .9973038 .9757929 .9756064 .9812243 1.021336 1.029956 1.050961 1.072609 1.127623 1.178679 1.233527 1.25021 1.228594 1.163372 1.130818 1.083893 1.090375 1.127793 1.147526 1.130769 1.124157 1.166278 1.183229 1.215108 1.209521 1.19583 1.153688 1.083625 1.034 .9889569 1.016091 1.096265
.8041666 .8035883 .7832806 .7717932 .7516107 .7385201 .7487158 .7560267 .745923 .7312552 .7203344 .700095 .6721939 .6456431 .6627805 .7070834 .7992217 .8924734 .9327652 .9497508 .9722714 1.003839 1.047348 1.096514 1.185858 1.25269 1.284193 1.242381 1.188197 1.100734 .9975795 .9493538 .9286405 .9674372 1.007748 1.046199 1.028317 1.06465 1.161036 1.164701 1.194661 1.205745 1.213162 1.185307 1.147084 1.130319 1.114472 1.161697 1.14053 1.130826 1.093703 1.084748 1.111814 1.132582 1.163884 1.171536 1.197956 1.187943 1.155581 1.144906 1.084629 1.031719 1.070417
.7942585 .7879332 .7969333 .78925 .7780491 .7510446 .7435893 .7561995 .7619778 .7499834 .7397692 .7322959 .7128682 .6764849 .6586118 .7002535 .8023544 .893741 .9509007 1.024686 1.081709 1.112187 1.141996 1.167679 1.233059 1.24202 1.195708 1.046133 .9174956 .8537366 .8252935 .8462179 .9382221 1.039066 1.094783 1.124956 1.140454 1.203829 1.246828 1.237857 1.21887 1.167732 1.132367 1.1113 1.111023 1.138632 1.169827 1.167159 1.121238 1.10278 1.057677 1.01514 .9413528 .9213624 1.043968 1.100285 1.143674 1.172566 1.220472 1.223319 1.188355 1.094514 1.042416
.7867654 .7842434 .7838385 .7945453 .8056834 .7930515 .7544158 .7484126 .7723275 .7713811 .7628703 .7674438 .7644653 .7475489 .7278432 .7403684 .7898979 .8612483 .9465125 1.045177 1.117276 1.154972 1.189123 1.226159 1.213981 1.107462 .9259833 .7543222 .6396235 .6471647 .7505742 .8735107 .980779 1.067969 1.151603 1.194635 1.270856 1.292731 1.243578 1.199952 1.138528 1.104922 1.070434 1.05009 1.044913 1.052138 1.034417 1.058677 1.032704 1.010297 .9795278 .8597199 .7636415 .6220272 .6653829 .7178423 .8324476 .8881959 .9791157 1.118867 1.157358 1.115361 1.036346
.8032852 .7879517 .7764666 .7761574 .7870466 .8094171 .7907347 .7522496 .7678266 .7800469 .789776 .8026541 .8319645 .8565074 .8656931 .8632737 .8585035 .9126489 .9892253 1.069993 1.135221 1.160923 1.217814 1.228111 1.114096 .9773461 .8081658 .6957467 .7087977 .8477178 .9893634 1.064479 1.104416 1.112201 1.154391 1.16272 1.219281 1.252293 1.20782 1.156079 1.089531 1.041277 1.014709 1.002815 .9877223 .9401079 .8686879 .8394771 .8019922 .7704716 .7441086 .6872786 .6391234 .6645125 .6693398 .645444 .6559724 .726835 .7685601 .8655927 .9208832 .9866257 .9908723
.8264516 .7904172 .7866104 .7796992 .7769116 .8200847 .8327873 .7907028 .7869505 .8046099 .818777 .8518251 .9016643 .9785938 1.03307 1.029821 1.013079 1.045797 1.097655 1.152152 1.182298 1.234433 1.25085 1.202973 1.011761 .8693824 .7875143 .8930248 1.047546 1.145808 1.182724 1.172855 1.159747 1.104527 1.106587 1.107755 1.057747 1.060854 1.083566 1.080439 1.012112 .9633918 .9145434 .881795 .8709596 .8842457 .8119003 .749154 .6540679 .58178 .5768682 .6227157 .7306398 .8652653 .9037177 .9316174 .9184084 .8903951 .8338151 .8712565 .9606127 1.071647 1.097095
.8711039 .8497645 .8333749 .8214845 .7975608 .8311936 .8743694 .8734202 .8428009 .8671768 .883637 .9273385 .9723333 1.032053 1.112667 1.17382 1.207698 1.217494 1.208905 1.236893 1.258026 1.288567 1.233422 1.067695 .8979175 .8219287 .9089624 1.080285 1.215517 1.259808 1.235306 1.178353 1.143242 1.095651 1.074259 1.025229 .9491221 .8890687 .8730034 .913177 .9119799 .8241175 .7836207 .7593141 .7415234 .78021 .7876467 .7519948 .6625451 .6512309 .7112702 .7793542 .8774515 .9671496 1.029951 1.081499 1.121058 1.160216 1.188264 1.21944 1.292906 1.259117 1.162465
.905005 .9315329 .9134728 .8866495 .8617187 .856627 .9270303 .9760982 .948938 .9636633 .9805703 1.005891 1.072607 1.118888 1.191248 1.283963 1.353557 1.364486 1.33504 1.331341 1.308424 1.246894 1.111789 .9557223 .8886696 .9928414 1.159263 1.283944 1.307861 1.270012 1.204776 1.141464 1.117524 1.115158 1.088838 1.026291 .9579152 .9058033 .831046 .76399 .7229456 .7067731 .678963 .689837 .7373779 .801172 .836908 .878945 .9302709 .9217395 .9289649 .9571732 1.003778 1.068508 1.149523 1.194523 1.233354 1.270012 1.299747 1.304723 1.257762 1.162863 1.118644
.956288 .9760109 .9808304 .9575519 .9501145 .9466593 .9956964 1.063143 1.092657 1.097583 1.137469 1.142086 1.19673 1.252488 1.306889 1.376515 1.434761 1.459985 1.437455 1.388289 1.286197 1.170215 1.064403 1.02033 1.114599 1.231177 1.324473 1.332724 1.271862 1.1987 1.143783 1.112815 1.109668 1.100335 1.053894 1.003173 .9569318 .9051255 .8107863 .7396104 .6844136 .684412 .7552782 .8901681 .9188558 .9117367 .9261188 1.026281 1.097535 1.098253 1.06571 1.06273 1.104406 1.161885 1.206874 1.213728 1.220835 1.205296 1.194559 1.144841 1.079882 1.116158 1.21212
.998272 1.031343 1.048579 1.048359 1.049503 1.021206 1.026966 1.086298 1.184783 1.233909 1.270599 1.304241 1.315657 1.389234 1.449454 1.502154 1.510671 1.513406 1.491261 1.415864 1.324231 1.270323 1.242038 1.279036 1.332937 1.369936 1.317411 1.21044 1.098148 1.036201 1.035973 1.054645 1.073356 1.050231 .9886796 .9334779 .8905928 .8672032 .8228838 .8147244 .8327858 .8575931 .9723421 1.006641 .9842509 .9906908 1.0277 1.09364 1.150764 1.203077 1.1659 1.144922 1.147762 1.144982 1.131489 1.093935 1.089699 1.079462 1.058384 1.017425 1.026047 1.138273 1.286156
.9279898 1.032487 1.114924 1.154047 1.146596 1.105146 1.078637 1.096673 1.160896 1.230616 1.288405 1.354632 1.415236 1.484021 1.558405 1.630174 1.636413 1.602459 1.589951 1.5657 1.539903 1.534528 1.534272 1.525029 1.499043 1.407149 1.258496 1.133418 1.030209 .9972402 1.025363 1.049913 1.061871 1.039011 1.001311 .9545993 .9210876 .8522737 .8207974 .8611905 .9324993 .9731014 .9659499 .9173961 .9010231 .8787618 .9718506 1.117253 1.2012 1.270286 1.292703 1.247461 1.196784 1.134998 1.072713 1.05731 1.091248 1.121959 1.129326 1.107345 1.098571 1.153128 1.188421
.8083033 .914426 1.04916 1.14346 1.16001 1.127435 1.107811 1.134817 1.164661 1.205496 1.260374 1.348016 1.45978 1.540037 1.63221 1.711897 1.745857 1.735318 1.723011 1.712207 1.755532 1.78582 1.787 1.713074 1.583958 1.401114 1.271698 1.190366 1.14717 1.145991 1.153305 1.132963 1.103362 1.091182 1.078677 1.030442 .9673373 .8910576 .8745569 .8881616 .9064526 .9044026 .8555075 .8537809 .8607541 .9242344 .9953419 1.134231 1.237119 1.343356 1.424722 1.435441 1.360974 1.308568 1.292055 1.309745 1.324672 1.316079 1.284503 1.256984 1.216516 1.180146 1.120557
.7984014 .8224889 .8907217 1.002358 1.097328 1.14334 1.109945 1.120428 1.174076 1.235126 1.294281 1.373528 1.472538 1.586547 1.666479 1.719522 1.758013 1.805615 1.739843 1.726511 1.77566 1.784124 1.77179 1.709093 1.637203 1.511313 1.416713 1.353726 1.325495 1.303656 1.264884 1.20715 1.141892 1.095399 1.033745 1.008368 .9674829 .9042798 .8893791 .8626651 .8693355 .8437601 .8435075 .8873135 .9805431 1.098627 1.148311 1.160695 1.278959 1.362403 1.485703 1.598889 1.656306 1.674404 1.667859 1.615187 1.523381 1.429735 1.349426 1.295744 1.261575 1.230504 1.146968
.9213312 .8851801 .8816015 .9240145 1.033778 1.171227 1.22892 1.210907 1.248079 1.322219 1.391038 1.444028 1.504112 1.584469 1.618812 1.667279 1.675992 1.708741 1.727666 1.706923 1.705855 1.680759 1.66447 1.662334 1.671572 1.681955 1.623721 1.557485 1.507852 1.439273 1.347249 1.257631 1.174147 1.095913 1.041789 1.005896 .9661618 .9555413 .9414098 .8881433 .8728269 .898056 .9554403 1.060278 1.181276 1.304112 1.371074 1.349521 1.343811 1.380649 1.454453 1.599023 1.710175 1.804803 1.808124 1.7214 1.590264 1.457517 1.37265 1.307257 1.263176 1.229747 1.171217
1.09086 1.034749 1.038876 1.038602 1.078879 1.19232 1.297509 1.350615 1.357789 1.387639 1.428071 1.479047 1.53158 1.54275 1.54016 1.495409 1.454098 1.495488 1.531944 1.570686 1.618936 1.63326 1.642126 1.672063 1.670002 1.680931 1.707053 1.709953 1.659183 1.582701 1.507797 1.413005 1.32517 1.239115 1.155746 1.095674 1.061536 1.043801 1.019741 .9915207 .990755 1.045835 1.139166 1.261972 1.382269 1.481242 1.562204 1.584913 1.525056 1.496575 1.500683 1.553257 1.601273 1.616292 1.587791 1.537399 1.472643 1.414176 1.36504 1.322567 1.287531 1.241034 1.204588
1.271965 1.239465 1.213177 1.233092 1.231815 1.261695 1.320538 1.38656 1.383218 1.389676 1.414121 1.452297 1.470423 1.414066 1.361756 1.303642 1.28683 1.300085 1.342284 1.412957 1.497529 1.526679 1.539516 1.579373 1.637335 1.660085 1.726427 1.771203 1.790443 1.739248 1.634147 1.50428 1.36725 1.234028 1.143102 1.114551 1.130546 1.134193 1.13773 1.150554 1.15948 1.221534 1.331269 1.44116 1.531624 1.578123 1.629977 1.667341 1.692882 1.665205 1.592294 1.565726 1.526415 1.434227 1.336517 1.289074 1.290239 1.284942 1.285151 1.302815 1.311945 1.249782 1.217398
1.405981 1.425386 1.373638 1.345818 1.31389 1.293609 1.30743 1.326963 1.35403 1.360079 1.379673 1.377406 1.342215 1.299117 1.220101 1.185457 1.178462 1.12604 1.153714 1.254972 1.355702 1.411066 1.413795 1.42265 1.451188 1.548271 1.667654 1.775863 1.815693 1.765732 1.59666 1.387162 1.237559 1.127883 1.088083 1.106217 1.156311 1.207287 1.247182 1.290762 1.314248 1.378591 1.464946 1.523366 1.537292 1.526869 1.520032 1.544548 1.613571 1.653492 1.644448 1.614048 1.49522 1.380335 1.276315 1.191085 1.153942 1.14825 1.141952 1.140087 1.163107 1.157561 1.197749
1.453165 1.456123 1.405212 1.363966 1.327856 1.288418 1.264051 1.268451 1.313144 1.363521 1.377287 1.383936 1.336616 1.301113 1.300146 1.2375 1.144535 1.084606 1.095826 1.133331 1.211727 1.307835 1.379945 1.413384 1.426993 1.517192 1.636528 1.709586 1.67901 1.669179 1.640118 1.542867 1.34134 1.234966 1.177978 1.155798 1.164709 1.237703 1.305809 1.389477 1.430988 1.478094 1.506801 1.510871 1.485687 1.436446 1.401578 1.386766 1.454368 1.564229 1.566391 1.487213 1.375158 1.291025 1.232343 1.176884 1.144958 1.114122 1.080127 1.01704 1.005713 1.083392 1.1543
