py_wake/examples/data/AJ_ParqueFicticio/Rough survey   Sector 12   Height 200m   Orographic speed.grd
DSAA
73  159
 258469   265669
 6501692   6517492
 .732862   1.315491
[rows 0 to 27 of 159, columns 0 to 62 of 73]
.963081 .9596155 .9580191 .9570716 .9559957 .954842 .9541277 .9533884 .9526917 .9516612 .9501308 .9481376 .9460228 .9445139 .9428546 .9422987 .9426849 .9434527 .945591 .9487227 .9528829 .9584411 .9593354 .9556809 .9440059 .9263024 .9194844 .922653 .9262614 .9271207 .9273604 .9290852 .9350058 .9444897 .9559509 .9669386 .978739 .9864853 .9893492 .9903581 .9893489 .9875257 .9851018 .9818143 .9799581 .9794731 .978294 .9771865 .9763401 .9745029 .9725559 .9691895 .9659567 .9628858 .9594103 .9563118 .9534725 .9506768 .9494923 .9489693 .9482446 .9490243 .9512637
.9652533 .9601136 .958172 .9572425 .956205 .9548572 .9541026 .9526413 .9519944 .9516026 .9504066 .9485242 .9463732 .9443656 .942683 .941951 .9420215 .9434772 .9451506 .9494815 .9554002 .9623743 .9674749 .9688866 .9598408 .9408529 .9249351 .923573 .9253 .9273033 .9279279 .9294167 .9327736 .9406967 .9508157 .9632508 .9774042 .989911 .9955385 .996985 .9968029 .9956396 .9951295 .9921219 .9841619 .9826106 .9815554 .9810884 .9799893 .9780734 .9758757 .9720997 .9681795 .9643121 .9605978 .95763 .9538164 .9511801 .9488812 .9470046 .9459525 .9461569 .9478794
.9727356 .9633237 .9591305 .9573562 .9554771 .9542582 .9532798 .9521683 .9510502 .950144 .9503075 .948684 .9460704 .9439056 .9419327 .9408574 .9411266 .9419055 .9435245 .9471468 .9531044 .9607255 .969021 .9759244 .9717693 .9524539 .9352467 .9265659 .9252795 .925647 .9266872 .9274667 .9296273 .9346859 .9420909 .9553359 .970876 .9880329 .9987975 1.002636 1.002303 1.000026 .9993122 .9988228 .9922059 .9852838 .9827786 .9828396 .9824941 .9817134 .9799709 .9767661 .97194 .9672341 .9629625 .9589734 .9546927 .9506148 .9470809 .9444548 .9421768 .9426188 .9435382
.9855085 .9721408 .9620057 .957611 .9555081 .954147 .9523607 .9507959 .9494941 .9481347 .9475005 .948287 .9468577 .944357 .9407136 .9387177 .9383751 .9390733 .94045 .9436406 .9485778 .9557489 .9648276 .9744664 .9762297 .9631261 .9432059 .9323923 .927099 .9259224 .9256792 .9240955 .9243381 .9251184 .9268636 .9339752 .9502664 .9722386 .9914967 1.000722 1.001865 1.000963 .9999341 1.001161 .9989259 .9913884 .985438 .9836913 .9832382 .982644 .9835198 .9815046 .9770661 .971302 .9662642 .960744 .9551395 .9492941 .9443604 .9402297 .9376047 .9370405 .9384732
.9963592 .9824008 .9687867 .9604328 .9563043 .9538686 .9524404 .9501059 .9481602 .9467164 .9452505 .9445836 .9458018 .9446718 .939675 .9362776 .9353738 .9355188 .9371713 .9400515 .9449309 .9504514 .9581462 .9668577 .971197 .9653477 .9507972 .9378735 .9294444 .9259312 .9225021 .9215453 .9167833 .9128952 .9074026 .9057485 .915403 .9381526 .9611666 .9793444 .9902819 .99466 .9948326 .9974952 1.001276 .9972374 .9905285 .9853708 .9844766 .984838 .988432 .9874742 .9837555 .9779048 .9711806 .9635373 .9553607 .9477795 .9404368 .9345762 .9308755 .929613 .9304813
1.002287 .9937224 .9822332 .9699343 .9591848 .9548505 .9532701 .9508674 .948504 .946548 .9458094 .9428492 .9433213 .9427989 .9395155 .9343088 .9316431 .9306429 .9325966 .936341 .9418122 .9484198 .9544862 .9614117 .9663426 .96354 .9526363 .9412177 .9315351 .9238186 .9175854 .9130291 .9080204 .8995274 .8922914 .885225 .8856481 .8996199 .920353 .9428195 .9643973 .9810702 .9876828 .9912375 .9914605 .9919994 .9881566 .9845377 .9837488 .9856904 .9887754 .9917135 .9892447 .9838752 .9756784 .9657187 .9551812 .9452345 .9353375 .9275316 .9210465 .9179054 .9159627
1.00726 1.003629 .998545 .9870143 .9700071 .9581662 .9570832 .956034 .9530792 .9506565 .9490004 .9447904 .9427527 .9430254 .9410759 .9352782 .9283316 .9242072 .9232654 .9262927 .9333678 .9428855 .9507641 .9585422 .9639685 .9624451 .9533481 .9432359 .9319701 .9223382 .9142154 .9053358 .8985991 .893059 .8842065 .876913 .8729129 .8764925 .8895376 .9094004 .9354992 .9606682 .9747878 .9795122 .9791859 .9788933 .9797865 .9804052 .977866 .9791396 .9839696 .9879175 .9893409 .9872679 .9791813 .9680573 .9551878 .9422828 .9289856 .9171793 .9074693 .9000634 .8950646
1.010415 1.009418 1.006792 .9996696 .9853522 .9709211 .9646259 .9630674 .9600264 .9570629 .9540002 .9501061 .9469923 .9463102 .9441313 .9373255 .9271272 .918834 .9141154 .9131083 .9196861 .9311729 .9440805 .953844 .9613054 .9620721 .9549023 .944383 .9335184 .9224883 .9131277 .9054881 .8977734 .8902696 .8814687 .87263 .8668375 .8658644 .8719452 .885464 .9067312 .9313679 .9490678 .9579681 .962445 .9668684 .9704916 .9699963 .9671927 .966887 .9709848 .9743906 .977321 .9799854 .9786385 .9677902 .9542706 .9393824 .9228051 .9070694 .8921748 .8804636 .8706552
1.01317 1.013263 1.011687 1.005929 .9951155 .9831359 .9752194 .9719483 .9675803 .9640309 .9595406 .9556636 .9524173 .951699 .9499435 .9425982 .9308496 .9167064 .9061732 .8997575 .9011762 .9111481 .9234717 .9366387 .9491398 .9575682 .95536 .946494 .9359775 .9253922 .9164232 .9078767 .8991885 .890254 .8806217 .8718529 .8622254 .8588754 .8604512 .8662619 .8770766 .893813 .9105296 .9224805 .9361455 .9462636 .9493011 .9508522 .9461226 .9428818 .9492671 .9529706 .9558496 .9624172 .9680557 .9641635 .9528055 .9378715 .9204135 .9008508 .8791593 .8617447 .8498616
1.015623 1.016106 1.01527 1.011543 1.004639 .9929661 .9841431 .9794359 .9750836 .9701632 .9662022 .9622966 .9579902 .9566259 .9574391 .9526213 .9406766 .9240869 .906449 .8927848 .8846352 .8846301 .8954695 .9070067 .9216282 .9406068 .9500518 .9459629 .9382713 .9288678 .919844 .9108342 .9016582 .8924628 .8827402 .8735393 .8637361 .8550228 .8523493 .852603 .8547823 .8612245 .8701046 .8816125 .8972895 .9109749 .9155077 .9201403 .9184846 .9132886 .918111 .9239898 .9298623 .9401073 .949728 .9553228 .9488319 .9376042 .9217169 .9016368 .8763424 .8525355 .8378237
1.018053 1.018703 1.018047 1.017044 1.017814 1.009398 1.002367 .9921611 .982002 .9769726 .9736553 .9699207 .9641306 .9607485 .9630201 .9641566 .9566246 .9397993 .9195746 .899454 .8818699 .8712181 .8727764 .8815659 .8929777 .9099067 .9291486 .9381672 .9357262 .928551 .9212787 .9136316 .9051377 .8960431 .8867437 .8774349 .8673574 .8574492 .8500428 .8480862 .8469772 .8480022 .8495055 .8523368 .8593923 .8709139 .8768978 .8839906 .8861254 .8827109 .8847875 .8913701 .9033815 .9170761 .9283658 .9357247 .9384032 .9337787 .9222686 .9041938 .8801551 .8536165 .8339697
1.019377 1.020965 1.020172 1.019667 1.021371 1.018348 1.013255 1.00394 .9910917 .9864077 .9825777 .9796919 .9724832 .9645553 .9641404 .97016 .9721134 .9601305 .9409883 .9186449 .8939524 .8750593 .8672438 .8689986 .8761286 .8880247 .9076958 .9231963 .9264816 .9240588 .9188855 .9127472 .9068968 .8993092 .8917984 .8820511 .872035 .8624874 .8533521 .8487546 .846463 .8462558 .8435448 .8418089 .8406492 .8439072 .8490037 .8539944 .8583096 .8559417 .8541173 .8606676 .8751317 .8886319 .8976252 .9050869 .908496 .9095508 .903906 .8931663 .8749784 .8519609 .8308675
1.019367 1.02161 1.021883 1.020977 1.021405 1.020655 1.018044 1.012391 1.002108 .9977084 .9954587 .9946074 .9878522 .974555 .966953 .9675763 .9742475 .9748061 .9625756 .9436265 .9217884 .9008363 .8831832 .87256 .8709359 .877014 .8887466 .9031888 .9119192 .913603 .912727 .9095699 .9057975 .9001545 .8937081 .8855225 .8759512 .8676145 .859481 .852704 .8491394 .8474326 .8436542 .8398966 .8330946 .8315895 .833167 .8363502 .838649 .835962 .8316758 .8318015 .8400923 .8514854 .8596003 .8608009 .8631588 .8629733 .8607303 .8555862 .8468475 .8327953 .8178207
1.018425 1.019878 1.020623 1.021239 1.021568 1.022038 1.021356 1.019757 1.011762 1.007896 1.008061 1.007001 1.003237 .9934961 .9830183 .9764448 .9773511 .9765918 .9775044 .9667352 .950518 .9300309 .9089797 .8895459 .8781612 .8760633 .8815191 .8906768 .9001914 .9046806 .9063281 .9060214 .9042925 .9007145 .8932775 .8863341 .8786797 .8723769 .8664798 .8609015 .855332 .8502085 .8456427 .8420877 .833257 .8270342 .8260532 .8245476 .8257624 .8220191 .817329 .8137088 .8131174 .8179826 .8234389 .8249596 .8238218 .8222437 .8190907 .8150667 .8091152 .8019954 .7941332
1.016928 1.018256 1.019362 1.020613 1.022216 1.022581 1.022641 1.021618 1.017401 1.014109 1.01333 1.01254 1.010689 1.00572 .997461 .9898278 .986913 .9872317 .987582 .9833512 .9750066 .9606982 .9396859 .9141017 .8943537 .8845727 .883096 .8879489 .8933684 .8983638 .9008562 .9026181 .9044431 .9023381 .8957976 .8866356 .8801737 .8753456 .8732876 .8707271 .8656825 .8592267 .8525281 .8484671 .8425514 .8328183 .8287401 .8243235 .8194281 .8171745 .8122608 .8079863 .804966 .806385 .8091227 .8125823 .8137355 .8108748 .8055978 .7970998 .789501 .7807267 .7755792
1.015119 1.016581 1.01817 1.019964 1.02139 1.022826 1.022982 1.022879 1.02051 1.016502 1.015157 1.014856 1.014535 1.013036 1.009546 1.002656 .9977022 .9982015 .9991405 .9958783 .9909081 .9843997 .9718811 .9492332 .9240791 .9034064 .8931088 .8913809 .893847 .8979854 .9016622 .9034671 .9065878 .9077895 .9038123 .8943608 .8835596 .879057 .879318 .8830796 .8819691 .8755246 .8658679 .860229 .8536964 .8454362 .8383373 .8337584 .8284569 .8222404 .8187367 .815797 .8153974 .8177778 .822147 .8268973 .8297471 .8295918 .8250219 .8138478 .7989817 .7831036 .7699901
1.01371 1.014532 1.016443 1.018576 1.020543 1.022262 1.023211 1.02336 1.02191 1.019224 1.017446 1.017024 1.017421 1.01633 1.015991 1.012854 1.007779 1.003433 1.003863 1.001467 .9989155 .9965904 .9910593 .9800159 .9617685 .9363246 .9153798 .9037738 .9014785 .9040909 .9083477 .9110431 .9154497 .9204851 .9213876 .9156374 .901354 .8920843 .8931032 .8967179 .9016683 .8966763 .8853791 .8764061 .8695924 .8630664 .8572314 .8518636 .8469808 .8407608 .8353559 .8348516 .8389937 .8454826 .8519094 .857826 .8627354 .8654003 .8609019 .8516999 .8338308 .809408 .7816487
1.012759 1.013834 1.015295 1.017688 1.019413 1.021318 1.022754 1.023015 1.022547 1.021682 1.020185 1.017777 1.017431 1.017639 1.017291 1.015608 1.01251 1.009055 1.008124 1.005949 1.004455 1.003805 1.001944 .9990688 .9900041 .9729746 .9518864 .9327767 .9218943 .9207278 .9235512 .9261313 .9325228 .938785 .9430829 .9414244 .9287606 .9172953 .9154604 .9217561 .93084 .9294456 .9186373 .9068308 .8978605 .8909055 .8839156 .8812587 .8781314 .8730727 .8668463 .8648158 .8700047 .8793584 .8866353 .8906034 .8926131 .8934276 .891506 .8816297 .8649322 .8392271 .806703
1.011789 1.013036 1.014879 1.01689 1.018816 1.020275 1.021855 1.022428 1.022769 1.022701 1.021893 1.018708 1.017135 1.017665 1.017568 1.01726 1.014921 1.012704 1.01131 1.009184 1.007618 1.00802 1.010025 1.011979 1.010919 1.002249 .9868909 .96899 .9554821 .9487574 .9438326 .9430611 .9530784 .9596367 .965194 .9663407 .9557741 .9420903 .9365063 .9451455 .9588814 .9678218 .9658549 .9582415 .9466956 .9355884 .9256337 .921203 .9200186 .9145124 .9058225 .8984277 .899133 .9042782 .9097869 .9119632 .9122561 .9105317 .9046603 .8963481 .8831123 .863055 .8333566
1.011067 1.012467 1.014515 1.01623 1.017195 1.018652 1.020403 1.021115 1.022207 1.022922 1.02256 1.021361 1.019011 1.017638 1.018135 1.017958 1.017509 1.015871 1.014221 1.011991 1.011004 1.011095 1.012354 1.016062 1.017705 1.016544 1.010554 .9993272 .985711 .9750428 .9637744 .9564101 .9650869 .9758244 .9835766 .9854866 .9771816 .9639034 .9565713 .9649318 .9822226 .999236 1.007327 1.006333 .9990097 .9877665 .9726419 .9632667 .9602875 .9536636 .9414518 .9302573 .9229326 .9215972 .9226211 .9230331 .9216011 .9196854 .9117296 .9028364 .8922193 .8774165 .8558105
1.009102 1.0111 1.01307 1.014236 1.014992 1.016454 1.018389 1.019482 1.020889 1.021881 1.021892 1.021597 1.020084 1.019201 1.018556 1.018872 1.019714 1.018191 1.01675 1.014944 1.014227 1.013193 1.014074 1.015867 1.018305 1.01926 1.017186 1.012908 1.004542 .990608 .9773945 .9672647 .9666474 .9800772 .9929441 .9997903 .992744 .9798331 .9730953 .9812096 .9979053 1.015978 1.029939 1.035481 1.034012 1.026528 1.011461 .9978819 .9899293 .9821672 .9679325 .9559755 .9437636 .936295 .933006 .9304267 .9279515 .9245163 .9172521 .9074275 .898338 .8889726 .8762898
1.006962 1.007621 1.009781 1.011388 1.012666 1.01419 1.015591 1.017239 1.01878 1.019576 1.020382 1.02089 1.020676 1.01985 1.019584 1.019478 1.020235 1.020303 1.01905 1.018452 1.017877 1.016136 1.015242 1.015839 1.017865 1.018709 1.017337 1.014533 1.010421 1.001164 .9911153 .9804593 .9676371 .9760214 .9941169 1.006787 1.004235 .9886155 .9794984 .9877352 1.003851 1.023043 1.036348 1.044273 1.048339 1.045572 1.035746 1.023098 1.011102 .9995617 .9862444 .974655 .9622918 .9502879 .9459977 .9411822 .9370516 .932875 .9255792 .9157833 .9057117 .9004964 .8932961
1.005926 1.006141 1.007252 1.00862 1.010546 1.012186 1.013309 1.014778 1.016404 1.017283 1.019051 1.019493 1.02045 1.020212 1.01983 1.019901 1.019469 1.019888 1.020237 1.020033 1.019464 1.018093 1.017399 1.018084 1.018364 1.017934 1.01554 1.012669 1.010564 1.009992 1.006709 .997142 .9818356 .9768379 .99012 1.006475 1.010743 .9992085 .9852492 .9847268 .9996249 1.018603 1.033617 1.044156 1.04963 1.051133 1.048072 1.039455 1.028224 1.014054 1.001662 .9895913 .9782273 .9650877 .9587607 .9550604 .9502799 .9446056 .9385408 .9299849 .9196821 .912739 .9078463
1.006159 1.00714 1.007612 1.007474 1.008565 1.010137 1.011475 1.012951 1.014407 1.01559 1.017107 1.018522 1.019005 1.020332 1.020095 1.020366 1.0183 1.018073 1.019673 1.021245 1.021214 1.020405 1.019779 1.020109 1.019995 1.017796 1.014983 1.011646 1.009016 1.011467 1.013247 1.008845 .9962262 .9846792 .9875003 1.001851 1.012507 1.009836 .9973708 .9854445 .9917402 1.006765 1.023293 1.036191 1.043866 1.04914 1.051115 1.047827 1.039359 1.027912 1.016371 1.004706 .9924614 .9789183 .9721195 .9700903 .9664133 .9599811 .9538425 .9480116 .936766 .9277796 .9220994
1.005772 1.007537 1.007913 1.007442 1.008205 1.009094 1.010037 1.01165 1.012602 1.014807 1.01563 1.017358 1.018442 1.019394 1.019713 1.020345 1.0197 1.019224 1.020057 1.021929 1.022961 1.022751 1.021897 1.022883 1.021499 1.019455 1.016805 1.014705 1.011947 1.010867 1.015324 1.014602 1.008494 .9971899 .9906399 1.000391 1.009842 1.012641 1.005891 .9930584 .9905381 1.000614 1.014659 1.027212 1.037221 1.045006 1.05069 1.052821 1.05035 1.043076 1.034 1.021959 1.008991 .9948823 .9855212 .9860343 .9837058 .9771686 .9706419 .9654691 .9550713 .9444155 .9355111
1.005347 1.005909 1.00682 1.007154 1.007741 1.008227 1.009741 1.010376 1.011493 1.013678 1.014788 1.016327 1.017477 1.018189 1.019198 1.019539 1.02017 1.020713 1.021178 1.022773 1.023483 1.024628 1.024585 1.0256 1.0247 1.02296 1.019849 1.019921 1.020044 1.014673 1.014172 1.015617 1.014021 1.007764 .9983762 1.002623 1.008472 1.013632 1.010599 1.000759 .9960427 1.00444 1.016113 1.027076 1.0352 1.043127 1.05082 1.058153 1.060829 1.056963 1.050923 1.042507 1.030198 1.01351 1.000989 1.000514 1.001543 .9939733 .985854 .9778974 .9683947 .9578826 .9483417
1.006724 1.006366 1.006694 1.006719 1.007791 1.008337 1.009495 1.010438 1.011603 1.012644 1.01367 1.015668 1.016841 1.017561 1.018812 1.019778 1.020867 1.021818 1.022428 1.023038 1.023758 1.025167 1.026284 1.026765 1.027197 1.026718 1.023049 1.023354 1.02345 1.01926 1.015954 1.015463 1.01522 1.011448 1.006425 1.008642 1.009716 1.01275 1.014166 1.005793 1.002661 1.008964 1.019946 1.030008 1.040151 1.04712 1.054887 1.062826 1.069335 1.06954 1.06765 1.063346 1.055538 1.038965 1.019371 1.014226 1.015878 1.010534 .9971431 .9833361 .9743842 .9653825 .9575433
1.006711 1.007058 1.006396 1.006892 1.007889 1.00863 1.009656 1.010375 1.011372 1.012464 1.013246 1.015092 1.016746 1.017761 1.018664 1.020224 1.021619 1.02272 1.023254 1.023499 1.023725 1.023892 1.024679 1.02647 1.028142 1.027886 1.026318 1.023653 1.023293 1.020687 1.018271 1.017205 1.015159 1.010727 1.009414 1.010858 1.011945 1.012933 1.013971 1.009219 1.004984 1.009074 1.017573 1.031748 1.044701 1.053364 1.062145 1.071066 1.079762 1.083194 1.083629 1.083523 1.081385 1.069076 1.046062 1.031047 1.028232 1.023854 1.008751 .9922118 .9806926 .9718579 .9642233
