py_wake/examples/data/AJ_ParqueFicticio/Rough survey   Sector 8   Height 30m   Mean speed.grd
DSAA
73  159
 258469   265669
 6501692   6517492
 .05389789   10.15042
[rows 56 to 83 of 159, columns 0 to 62 of 73]
4.456936 4.439886 4.459047 4.481293 4.491349 4.505596 4.441654 4.400049 4.368967 4.357612 4.341633 4.331626 4.312804 4.276988 4.265813 4.252364 4.255544 4.269332 4.243945 4.208189 4.198049 4.175303 4.171143 4.191646 4.219335 4.192829 4.186109 4.179171 4.219635 4.382059 4.909548 5.265993 5.150431 5.393162 5.438844 5.5073 5.633047 5.79279 5.839108 5.84631 6.03844 6.139506 6.267143 6.138912 6.00466 5.772056 5.777547 5.59901 5.352516 5.204886 5.3156 5.484212 5.269771 4.672057 4.043686 4.202777 4.60034 4.797619 4.608816 4.24085 3.995411 4.07003 3.819603
4.464345 4.362329 4.40347 4.491912 4.51509 4.473107 4.422022 4.369401 4.334545 4.326412 4.325677 4.319418 4.317156 4.268491 4.296708 4.282363 4.26887 4.264507 4.25851 4.206181 4.266857 4.2467 4.205777 4.244031 4.2397 4.221497 4.204321 4.269728 4.549986 4.888874 5.26557 5.312778 5.410033 5.552657 5.713114 5.707339 5.651624 5.726084 5.974679 5.970329 6.044725 6.134035 5.81559 5.72306 5.771605 5.755788 5.595573 5.291807 5.219669 5.231652 5.384164 5.391498 5.058197 4.513816 4.284841 4.668509 4.908436 4.903669 4.41001 4.004001 3.841184 3.777475 3.735687
4.332049 4.222231 4.323461 4.440551 4.501864 4.407443 4.358434 4.300112 4.277278 4.273693 4.283275 4.292708 4.271939 4.194023 4.251327 4.279672 4.2693 4.24846 4.224718 4.198439 4.256594 4.283857 4.262704 4.300457 4.266567 4.227316 4.221772 4.368758 4.610228 4.85194 4.992301 5.084472 5.221622 5.354786 5.41761 5.499914 5.432451 5.490198 5.76349 5.877913 5.926532 5.881489 5.540363 5.38965 5.452535 5.496329 5.257367 4.986258 4.988106 5.155775 5.234274 5.074957 4.808774 4.356298 4.370683 4.697317 4.865319 4.789138 4.461696 4.144711 4.055605 3.871002 3.94875
4.233142 4.285167 4.330395 4.405579 4.443046 4.421354 4.305445 4.230966 4.211975 4.219456 4.234478 4.253084 4.255868 4.168716 4.210548 4.242222 4.26331 4.238697 4.224032 4.204389 4.244348 4.327209 4.326469 4.329573 4.296505 4.235213 4.242489 4.250924 4.239668 4.450718 4.537932 4.570285 4.650848 4.801639 4.880055 5.183112 5.324305 5.393078 5.56966 5.66505 5.678247 5.524291 5.300015 5.209904 5.247344 5.299186 5.064116 4.805978 4.740827 4.798113 4.962514 4.767664 4.552426 4.247025 4.190558 4.492267 4.569931 4.675485 4.47532 4.188256 4.046104 3.838768 4.082357
4.370836 4.406672 4.471974 4.517546 4.486684 4.397115 4.321422 4.157075 4.158051 4.174432 4.184711 4.192283 4.189624 4.131539 4.162723 4.225552 4.25346 4.239854 4.247788 4.253149 4.236188 4.26582 4.267623 4.318498 4.318496 4.263379 4.282631 4.235444 4.420244 4.386841 4.469392 4.453876 4.434729 4.490203 4.71274 5.043818 5.149614 5.24466 5.282415 5.345316 5.328366 5.139907 5.117398 5.167701 5.197787 5.214087 5.052757 4.905768 4.727723 4.645172 4.637866 4.438577 4.303653 4.114293 4.273913 4.427418 4.494493 4.716733 4.427726 4.081407 3.840357 3.905429 4.236288
4.515966 4.544167 4.588289 4.46608 4.328052 4.304732 4.221745 4.134116 4.141247 4.161435 4.164845 4.157922 4.149109 4.175553 4.191048 4.211993 4.272631 4.242851 4.25603 4.285094 4.304361 4.335164 4.300928 4.303666 4.291395 4.305163 4.386771 4.515675 4.722578 4.847227 4.776062 4.570421 4.503298 4.796103 4.852786 4.971455 5.041316 5.096056 5.119601 5.089659 4.977592 4.925288 5.063396 5.045808 5.096364 5.059819 4.943495 4.915633 4.8445 4.559099 4.229641 4.236687 4.294886 4.370123 4.138885 4.38318 4.573402 4.648953 4.3558 3.908339 3.730628 3.856078 3.809474
4.60847 4.631883 4.523043 4.429013 4.31787 4.228213 4.200161 4.183944 4.173533 4.177649 4.167259 4.16547 4.190642 4.204928 4.202006 4.210114 4.233419 4.193547 4.226558 4.309753 4.291757 4.295523 4.301788 4.322413 4.339385 4.419552 4.513722 4.697003 4.817655 4.918298 5.201359 5.131253 5.072433 5.112376 5.032333 5.024442 5.021186 4.975359 4.945734 4.908644 4.875776 4.880148 5.005945 4.986509 4.924477 4.958061 4.935701 4.960239 4.893137 4.757185 4.451849 4.03871 4.258935 4.396046 4.481984 4.466249 4.55786 4.479911 4.276512 3.87517 3.644458 3.506945 3.636796
4.638397 4.545424 4.464794 4.416699 4.34497 4.290807 4.257906 4.216439 4.187931 4.200499 4.199599 4.213925 4.216378 4.208259 4.195826 4.180341 4.15927 4.106329 4.181345 4.26281 4.199476 4.19714 4.251954 4.317715 4.361668 4.495227 4.637882 4.728995 4.864347 5.019452 5.095693 5.046084 5.043603 5.086299 5.154929 5.139313 5.067438 4.948065 4.904918 4.829923 4.784881 4.761885 4.802649 4.774619 4.827159 4.912891 4.917537 4.82478 4.833324 4.621809 4.273951 4.215923 4.244956 4.415131 4.382086 4.201152 4.199979 4.144775 3.978457 3.624546 3.401452 3.4699 3.517625
4.627044 4.493711 4.416367 4.374583 4.344678 4.307557 4.268992 4.233167 4.212235 4.212358 4.21016 4.213864 4.223246 4.205594 4.180474 4.158267 4.12837 4.148849 4.167687 4.185515 4.143014 4.150713 4.189012 4.239119 4.313946 4.500537 4.541608 4.714974 4.894832 5.040417 4.977883 4.962911 4.989067 5.092816 5.196561 5.1373 5.062118 4.957902 4.911161 4.834677 4.669206 4.518961 4.500004 4.556272 4.670284 4.809551 4.676001 4.625962 4.567529 4.524079 4.354972 4.300233 4.138124 3.933763 4.076516 4.011511 3.627925 3.434956 3.18979 3.016755 2.826325 3.071422 3.371353
4.582938 4.460931 4.376361 4.333735 4.319878 4.304315 4.275049 4.256661 4.263832 4.230524 4.20743 4.211869 4.213928 4.202133 4.170626 4.12767 4.127576 4.185592 4.192301 4.206779 4.221282 4.200652 4.207563 4.28474 4.304738 4.336377 4.335197 4.521367 4.704093 4.774999 4.75221 4.766739 4.842386 4.983783 4.996963 4.945315 4.880388 4.823124 4.798817 4.642152 4.551925 4.522205 4.500562 4.590735 4.716542 4.716597 4.565956 4.533376 4.569143 4.528705 4.438486 4.46725 4.313124 4.044287 3.778725 3.739772 3.442812 3.256141 2.877046 2.503875 2.760321 2.983405 3.121918
4.52462 4.448178 4.339626 4.297462 4.282373 4.279075 4.284459 4.285878 4.242913 4.224291 4.21935 4.215123 4.203563 4.18069 4.154164 4.140272 4.18401 4.219884 4.239043 4.253233 4.300738 4.316733 4.334966 4.310127 4.250937 4.203392 4.279572 4.443451 4.506417 4.556352 4.546573 4.59605 4.745531 4.874931 4.853009 4.807205 4.713646 4.632889 4.51698 4.380289 4.431096 4.434759 4.441089 4.526664 4.627531 4.556672 4.421144 4.502624 4.550613 4.466717 4.448845 4.611489 4.621352 4.262086 3.970221 3.660249 3.386389 3.215572 3.046716 2.942809 3.183255 3.188005 3.283905
4.48186 4.42148 4.335435 4.288526 4.258004 4.264514 4.26762 4.275206 4.264901 4.21671 4.206101 4.202322 4.190552 4.157101 4.127694 4.151781 4.203187 4.236373 4.291202 4.315455 4.355872 4.345885 4.287295 4.248688 4.169865 4.172116 4.320601 4.395727 4.476727 4.505048 4.495567 4.572874 4.726617 4.78136 4.752562 4.735168 4.690051 4.590364 4.501925 4.282833 4.176242 4.220799 4.322406 4.367869 4.344897 4.320152 4.459695 4.659393 4.769142 4.49882 4.654263 4.837484 4.728448 4.508587 4.120885 3.793065 3.553458 3.300515 3.400862 3.502661 3.599824 3.722583 3.555887
4.462315 4.417949 4.337556 4.283431 4.249465 4.23767 4.261736 4.259218 4.252283 4.213108 4.183497 4.176298 4.178061 4.131993 4.147267 4.174878 4.20386 4.251097 4.293272 4.311344 4.332007 4.249048 4.121953 4.131279 4.101667 4.3441 4.469177 4.3735 4.374725 4.408269 4.43374 4.545081 4.666603 4.673242 4.663764 4.69418 4.686997 4.599191 4.491757 4.319622 4.307434 4.448295 4.49461 4.393078 4.169263 4.128933 4.264053 4.459357 4.446273 4.257569 4.542021 4.803889 4.826046 4.523382 4.133308 3.887556 3.475517 3.374457 3.550732 3.62475 3.674405 3.698673 3.404677
4.403884 4.402213 4.301182 4.245199 4.230643 4.233392 4.269825 4.236694 4.226007 4.199724 4.166427 4.148297 4.158518 4.113865 4.210141 4.245315 4.246683 4.29647 4.301956 4.275449 4.229712 4.12758 4.015775 4.071619 4.250022 4.486553 4.494959 4.442017 4.436826 4.407241 4.416251 4.451159 4.555209 4.527114 4.603741 4.685585 4.699645 4.66022 4.512783 4.522598 4.767457 4.893102 4.838728 4.584239 4.308836 4.254435 4.163263 4.066732 3.903136 3.872737 4.332405 4.45084 4.250149 3.844745 3.579337 3.225886 3.35446 3.360017 3.528846 3.603599 3.54858 3.524828 3.498437
4.307682 4.337806 4.306734 4.196815 4.23666 4.246572 4.23578 4.21174 4.189737 4.175573 4.150464 4.141005 4.132179 4.145033 4.28693 4.380221 4.380147 4.337477 4.291763 4.259419 4.189472 4.112314 4.115804 4.197645 4.430789 4.505085 4.461674 4.467612 4.528115 4.516761 4.444551 4.363334 4.399804 4.441822 4.618412 4.732615 4.746423 4.720248 4.727835 4.81349 4.963364 5.031646 4.891276 4.681499 4.428631 4.369504 4.187528 3.996218 3.782819 3.65131 3.49234 3.330121 3.147254 2.99077 3.041409 3.170383 3.387849 3.573168 3.686125 3.688837 3.624849 3.656156 3.653187
4.260135 4.246116 4.22594 4.178231 4.291593 4.231068 4.172271 4.141138 4.133395 4.134573 4.147672 4.154457 4.199121 4.269591 4.370194 4.38069 4.314761 4.276873 4.245896 4.22716 4.202783 4.212702 4.288648 4.412074 4.564062 4.515717 4.477948 4.487258 4.462378 4.502491 4.62811 4.615041 4.575556 4.604723 4.716526 4.808462 4.872556 4.858415 4.85224 4.896037 4.897916 4.930945 4.807728 4.646416 4.579834 4.538601 4.410472 4.215855 3.919263 3.746873 3.335157 3.003594 2.854856 2.891888 3.079623 3.158849 3.512089 3.830243 3.951849 3.929479 3.820099 3.825795 3.760452
4.29592 4.257607 4.259564 4.263159 4.28112 4.243851 4.089929 4.070873 4.104891 4.186522 4.203854 4.218204 4.236471 4.258895 4.324628 4.302481 4.186058 4.172859 4.172549 4.174675 4.1783 4.174531 4.278871 4.387486 4.407343 4.476221 4.436368 4.417186 4.334042 4.584163 4.751069 4.743461 4.801369 4.896839 4.894792 4.940927 4.91612 4.858117 4.840374 4.804043 4.810944 4.855644 4.737431 4.67667 4.651387 4.601087 4.553777 4.420544 4.22844 4.14791 3.965255 3.827806 3.923963 3.845448 3.603954 3.599965 3.810943 3.947516 4.059727 4.108111 4.069328 4.077967 4.089535
4.366687 4.347465 4.340164 4.267616 4.210329 4.183673 4.053977 4.048336 4.139969 4.185726 4.210891 4.218222 4.226973 4.211293 4.210896 4.223162 4.066847 4.048536 4.061081 4.068665 4.071698 4.05136 4.169796 4.241199 4.299288 4.354905 4.352114 4.378364 4.596149 4.845297 4.976027 4.93723 5.013588 5.110678 5.046296 4.863833 4.782042 4.806787 4.888484 4.887878 4.907661 4.991715 4.796763 4.721242 4.665175 4.55524 4.472435 4.252199 4.307246 4.302069 4.274031 4.239094 4.423163 4.551531 4.318314 4.008561 3.856852 3.895616 4.077459 4.23603 4.383204 4.474539 4.564033
4.379689 4.357638 4.330745 4.260097 4.202315 4.157013 4.06069 4.087954 4.164544 4.145272 4.167387 4.190513 4.185494 4.177545 4.174502 4.108558 3.968171 3.958694 3.96929 3.952652 3.930587 4.000511 4.110622 4.183894 4.26439 4.290369 4.31273 4.435617 4.701268 5.055038 5.053956 5.083613 5.170099 5.168151 5.00489 4.844287 4.776058 4.768162 4.786008 4.851991 4.94254 4.845779 4.802262 4.810101 4.657818 4.544539 4.285402 3.9557 3.856385 3.936693 3.858754 4.007344 4.346548 4.520693 4.395802 3.860138 3.713291 3.736391 3.943182 4.164876 4.368161 4.432085 4.165679
4.31613 4.326251 4.320687 4.255701 4.161772 4.050752 4.090848 4.162903 4.157451 4.092401 4.105083 4.127399 4.156057 4.080354 4.01523 4.008497 3.950673 3.950357 3.942856 3.889461 3.944477 3.979961 4.051383 4.142467 4.184992 4.198571 4.221817 4.354982 4.543716 4.765262 4.872115 4.965194 4.950538 4.945433 4.929724 4.881038 4.842083 4.827018 4.702846 4.618608 4.467242 4.430507 4.400225 4.164224 4.105738 3.677477 3.60554 3.437955 3.558333 3.582524 3.532817 3.571125 3.5529 3.568497 3.417534 3.024867 3.271385 3.412072 3.64151 3.769405 3.893482 3.793391 3.560461
4.236248 4.265897 4.277789 4.249928 4.121427 4.110764 4.112105 4.141797 4.113783 4.048526 4.049379 4.060649 4.077276 3.992413 3.957972 3.940735 3.945848 3.950966 3.947008 3.916208 3.992895 3.94895 3.974305 4.024105 4.048633 4.04379 4.028653 4.060388 4.189386 4.503376 4.736737 4.783899 4.754027 4.76583 4.78727 4.823379 4.818254 4.739367 4.558022 4.415039 4.362261 4.07092 3.592764 3.394229 3.077601 3.101355 3.071204 3.228027 3.4795 3.573822 3.491376 3.388245 3.198132 2.859283 2.615655 2.743158 3.002907 3.01318 2.950919 2.958994 3.160765 3.006103 2.774517
4.196635 4.200477 4.20804 4.189098 4.031876 4.029584 4.048889 4.060596 4.03943 4.007565 4.017253 4.017394 3.993443 3.9659 3.965468 3.937916 3.899974 3.895634 3.910619 3.907568 4.022073 4.078646 4.103318 4.147658 4.05453 3.922764 3.841234 3.838708 4.019035 4.367544 4.742871 4.825241 4.822133 4.778589 4.688974 4.550238 4.49369 4.399886 4.19435 4.072937 4.009761 3.699415 3.501418 3.379231 3.471026 3.863628 3.8598 3.872071 4.022924 3.733602 3.530097 3.340948 3.160467 3.009072 3.082749 3.309683 3.224484 3.069046 3.316695 3.380914 3.106745 2.954438 2.859719
4.173629 4.128286 4.112052 4.073373 3.923301 3.925404 3.964996 3.967415 3.969766 3.972656 3.991953 4.002615 3.965098 3.945714 3.93147 3.9144 3.861553 3.810996 3.784115 3.850035 4.007999 4.026852 4.174899 4.134041 4.022305 3.850687 3.879164 3.910913 4.271632 4.722316 5.061037 5.032254 4.967534 4.803187 4.682996 4.660046 4.630892 4.50217 4.2558 4.02438 3.661143 3.484953 3.496629 3.689073 4.094461 4.383343 4.473306 4.559527 4.408725 3.896535 3.502541 3.373237 3.479162 3.753047 4.082652 4.394304 4.295398 4.467201 4.604284 4.37995 3.983245 3.638237 3.378152
4.152107 4.074792 4.02113 3.953093 3.863015 3.879314 3.909702 3.959544 3.963605 3.941357 3.952484 3.9644 3.887264 3.8804 3.887289 3.876076 3.830847 3.746109 3.762192 3.821638 3.861449 3.917211 4.02248 3.971725 3.962513 3.949184 3.985562 4.338292 4.881651 5.186265 5.176289 5.01428 4.882482 4.687865 4.628957 4.63624 4.609746 4.453982 4.19773 3.855456 3.503044 3.477772 3.826097 4.096986 4.447773 4.601978 4.587195 4.444301 4.039421 3.946196 4.008963 4.064075 4.185179 4.430818 4.683638 4.93329 5.067103 5.242988 5.05605 4.700667 4.344314 4.152454 3.829272
4.113328 4.03068 3.952713 3.885348 3.932055 3.93784 3.944169 3.944493 3.919501 3.879045 3.860439 3.879107 3.778414 3.816588 3.860355 3.864949 3.865625 3.873772 3.850736 3.84634 3.887788 3.878496 3.889221 3.880452 3.89923 4.023866 4.283789 4.744819 5.248334 5.462137 5.297901 4.940177 4.734508 4.547907 4.453438 4.37084 4.193439 4.002228 3.826536 3.697833 3.682751 4.073915 4.569496 4.663262 4.706607 4.735018 4.588533 4.391804 4.258437 4.338698 4.508787 4.704949 4.831565 4.990104 4.961637 5.027915 5.155128 4.992033 4.719565 4.389099 4.194023 3.954378 3.742304
4.056696 3.990413 3.935503 3.92708 3.940244 3.982137 3.904636 3.87101 3.844042 3.806228 3.76373 3.738714 3.672622 3.760106 3.870797 3.884963 3.84125 3.895076 3.939168 3.94998 3.924703 3.929043 3.897166 3.805214 3.795592 4.013329 4.318416 4.756234 5.13949 5.180851 4.998362 4.698325 4.514156 4.391226 4.352988 4.273119 4.073689 3.89822 3.751576 3.72375 3.91379 4.342888 4.572804 4.700393 4.700803 4.666328 4.652895 4.623524 4.649879 4.678156 4.752624 4.827521 4.862527 4.845898 4.818037 4.822541 4.741324 4.499341 4.264298 4.050044 3.929233 3.751838 3.564129
3.992411 3.921326 3.93616 3.904325 3.867707 3.848901 3.754631 3.743755 3.743456 3.719845 3.671273 3.625085 3.631264 3.662397 3.713357 3.707993 3.629596 3.798627 3.845846 3.874452 3.872429 3.891625 3.851952 3.74632 3.786714 3.825108 4.167939 4.613756 4.935754 4.983356 4.756429 4.536161 4.426649 4.365297 4.352163 4.23107 3.994061 3.830535 3.666449 3.649716 4.12784 4.50931 4.624436 4.672359 4.638018 4.585687 4.649581 4.683838 4.704636 4.716599 4.720549 4.728005 4.712898 4.683136 4.67556 4.587057 4.400987 4.235694 4.110126 3.977261 3.8654 3.698074 3.469268
3.914301 3.854036 3.844595 3.843222 3.790962 3.722708 3.685762 3.665248 3.653178 3.624592 3.646596 3.650239 3.587478 3.569689 3.531975 3.472911 3.503934 3.674654 3.700408 3.729631 3.827039 3.841603 3.812429 3.831202 3.771669 3.990398 4.327335 4.698104 4.88657 4.902203 4.744232 4.633412 4.615086 4.668184 4.579279 4.395464 3.932811 3.601694 3.53142 4.129457 4.528025 4.582698 4.516044 4.51099 4.362998 4.269936 4.401138 4.427302 4.61213 4.676463 4.621964 4.591499 4.557723 4.539824 4.469148 4.277746 4.141639 4.067607 3.995216 3.906951 3.847602 3.587216 3.304618
