py_wake/examples/data/AJ_ParqueFicticio/Rough survey   Sector 9   Height 200m   Orographic speed.grd
DSAA
73  159
 258469   265669
 6501692   6517492
 .6956037   1.534277
[rows 0 to 27 of 159, columns 0 to 62 of 73]
.9771281 .9773206 .9778876 .9777645 .9778445 .9779159 .9781895 .9782763 .9782382 .9781615 .977872 .9775222 .9768098 .9753721 .9737975 .9709792 .9675802 .963249 .9575992 .9514449 .9482572 .9554617 .9731294 .9908244 .9964796 .9936545 .9927493 1.003489 1.012668 1.015045 1.015958 1.019464 1.02141 1.022181 1.025014 1.033921 1.047017 1.059444 1.063577 1.063316 1.062588 1.061499 1.060367 1.059262 1.057088 1.05403 1.050549 1.046461 1.043787 1.041392 1.039604 1.038683 1.038564 1.039655 1.041534 1.043984 1.04663 1.048595 1.049634 1.049549 1.049401 1.048427 1.045677
.9760578 .976824 .9766258 .976226 .9759982 .9761872 .976563 .9772684 .9773597 .9771146 .9764692 .9760709 .9752433 .9744681 .9729781 .9699646 .9665543 .9618479 .9560142 .9497402 .9494326 .9611827 .983119 1.00214 1.007226 1.004445 1.002628 1.011883 1.018913 1.021859 1.023454 1.025693 1.028152 1.029005 1.03092 1.037393 1.046388 1.055546 1.058038 1.056598 1.053925 1.053679 1.05566 1.056352 1.054657 1.051368 1.047981 1.044139 1.041252 1.038718 1.037133 1.037093 1.037554 1.039902 1.0423 1.04521 1.048807 1.051514 1.05309 1.054146 1.054364 1.053365 1.051398
.9764149 .9769806 .9754131 .9747792 .9745091 .9746956 .9750288 .9755297 .9762077 .9763523 .9757493 .9747216 .9745097 .9739745 .9727978 .9696407 .965737 .9609964 .9558363 .9508836 .9528806 .9666825 .9877685 1.006791 1.017788 1.016402 1.013245 1.016938 1.02272 1.025853 1.02883 1.031374 1.033371 1.033875 1.033821 1.035657 1.040318 1.048109 1.050112 1.04791 1.044609 1.046393 1.049768 1.052904 1.051275 1.048029 1.044447 1.041165 1.038294 1.034869 1.033187 1.034381 1.036618 1.039641 1.043001 1.046789 1.051029 1.054702 1.057811 1.059392 1.060469 1.05941 1.058177
.9767812 .9754051 .9735016 .9729755 .9726548 .9730591 .9737549 .9744259 .9749827 .9755081 .9750843 .9739826 .9740158 .9739128 .9728248 .9697373 .9661218 .9610658 .9562021 .9525043 .9566828 .9716254 .9927176 1.011812 1.024082 1.024133 1.021308 1.023071 1.025861 1.029171 1.032654 1.03731 1.037489 1.03404 1.030845 1.029692 1.031213 1.037106 1.039219 1.03586 1.033615 1.038535 1.045997 1.050009 1.049674 1.046143 1.040429 1.037189 1.034599 1.031803 1.031422 1.034575 1.036717 1.040156 1.044219 1.048953 1.054655 1.059791 1.063932 1.066482 1.068359 1.068311 1.066022
.9747049 .9728055 .9713561 .9715189 .9714251 .9716385 .9723793 .9738339 .9743676 .9746348 .9746978 .9732239 .9731666 .9739912 .9731666 .9700541 .966554 .9623718 .9579567 .9560081 .9622659 .976705 .9974618 1.016611 1.029499 1.031472 1.02918 1.028016 1.028976 1.031371 1.035218 1.039034 1.033832 1.025882 1.02135 1.018244 1.020596 1.024007 1.025567 1.019986 1.02155 1.033671 1.046211 1.050295 1.050145 1.043742 1.035858 1.032839 1.030689 1.030591 1.03038 1.032981 1.035319 1.039054 1.044211 1.05095 1.058498 1.064971 1.070686 1.075183 1.077759 1.077319 1.07358
.9729383 .9693466 .9688568 .9707228 .9709166 .9701834 .9717528 .9740064 .9743773 .9745017 .9744022 .9731527 .972074 .9748518 .9737579 .9712663 .9683444 .9648101 .9624835 .9634919 .9713786 .9866924 1.003035 1.020652 1.03363 1.036799 1.033726 1.030918 1.029453 1.03088 1.032074 1.030545 1.022098 1.014299 1.007948 1.005552 1.00843 1.01254 1.010582 1.00512 1.014543 1.035552 1.049503 1.050919 1.04667 1.038567 1.032917 1.031698 1.029801 1.027868 1.028233 1.028145 1.030616 1.035339 1.043076 1.052861 1.062965 1.071885 1.079939 1.08557 1.088088 1.085013 1.076482
.9710978 .9683992 .9671447 .967968 .969112 .9692529 .9724113 .9745731 .9748219 .9747069 .9736835 .972198 .9713175 .973621 .9741448 .972268 .9705759 .9684288 .9670703 .9677172 .9768072 .9925796 1.009721 1.024847 1.035417 1.038163 1.03626 1.03202 1.027987 1.024784 1.022606 1.018715 1.01192 1.003811 .9993207 .9954468 .9968802 .9987409 .9965817 .9990362 1.018389 1.041786 1.052046 1.046517 1.037191 1.031258 1.031097 1.032862 1.029642 1.025018 1.022652 1.022057 1.024001 1.030087 1.04103 1.054421 1.067972 1.079673 1.089654 1.095471 1.09487 1.0843 1.064334
.9709609 .9691699 .9681158 .9670281 .9673575 .9686089 .9720709 .9752566 .9753049 .9744787 .9726579 .971023 .9716116 .9735016 .9743851 .973622 .9728335 .9720973 .9719371 .9743949 .9831304 .9976479 1.014613 1.02655 1.033844 1.035825 1.034763 1.030148 1.023695 1.017714 1.011877 1.00722 1.00277 .9970949 .9924712 .9886638 .9882597 .9884833 .9900779 .9994655 1.023285 1.043247 1.045575 1.035207 1.024492 1.027406 1.03268 1.033458 1.024866 1.017035 1.014292 1.013774 1.016114 1.024225 1.040446 1.058764 1.074266 1.087179 1.09749 1.100308 1.089634 1.06678 1.037956
.9708127 .9694068 .9688531 .9686416 .9691068 .9706955 .9740551 .9755411 .9755501 .9731343 .9709983 .9705443 .971287 .9718705 .9729463 .9740739 .9754531 .9766179 .9783291 .9820793 .9880726 .9984459 1.012001 1.02095 1.027994 1.031883 1.03277 1.027823 1.019434 1.010687 1.003027 .9983535 .9940152 .9896547 .9862648 .9820766 .9816617 .9834867 .9903571 1.001727 1.020502 1.033977 1.031055 1.019218 1.018562 1.027363 1.029421 1.024768 1.01435 1.004726 1.001994 1.001113 1.004114 1.020328 1.044007 1.064958 1.080526 1.093067 1.100233 1.095197 1.072004 1.039281 1.005251
.9708759 .969469 .9689434 .9704534 .9718844 .9748983 .9785172 .9785862 .9747508 .9701396 .9673653 .9689317 .9704623 .9706178 .9706395 .9730344 .9768862 .9801729 .9834554 .9872676 .9918889 .9985832 1.007142 1.015597 1.022765 1.026834 1.028498 1.024016 1.013714 1.003062 .9956414 .9909315 .9859764 .9816856 .9779958 .9750713 .9767061 .98225 .9891731 .9992658 1.011541 1.016727 1.013433 1.007835 1.015363 1.022288 1.018522 1.010269 1.000114 .9903309 .9876009 .9874618 .9961955 1.022937 1.053613 1.073147 1.085901 1.094508 1.094376 1.08014 1.049788 1.011051 .9773788
.97053 .9698225 .969363 .9713684 .9734788 .9756665 .9773068 .9771426 .9712384 .9635476 .9633787 .9679528 .9699889 .9683462 .9694387 .9730663 .9776647 .981798 .9847888 .9883045 .9927323 .9973624 1.004233 1.011559 1.018823 1.02212 1.022728 1.017215 1.007403 .9964126 .9879049 .9824608 .9793678 .9750139 .9714243 .9699557 .9727619 .9776608 .9840916 .9924524 .9987496 1.00173 1.001061 1.001857 1.010125 1.010643 1.002218 .994629 .9873677 .9773623 .9749976 .9805828 1.001435 1.033979 1.063367 1.079513 1.08708 1.088758 1.081492 1.060452 1.027795 .9896863 .9641232
.9708577 .9706345 .9711604 .9730885 .974722 .975245 .9753495 .9686509 .9607878 .9549116 .9598967 .9680499 .9705091 .9680222 .9676058 .9733284 .9820715 .9834341 .9836722 .985644 .9899295 .9959959 1.004031 1.008269 1.01194 1.014418 1.010749 1.006884 1.000769 .9880499 .9794213 .9739587 .9710107 .9695435 .9661308 .9651388 .9680428 .9721086 .9781068 .9822835 .9871506 .9884897 .9911411 .994658 .9990484 .9964221 .9877113 .9818941 .9767299 .9709482 .9718934 .9856439 1.013191 1.044282 1.066535 1.075366 1.076955 1.071953 1.060444 1.03938 1.009676 .9795377 .9627135
.9709107 .9713394 .9725973 .9734846 .9744337 .9750898 .9718705 .9632869 .951251 .9495465 .9617293 .9708738 .9704643 .966918 .9676273 .9736287 .983145 .9857559 .9860888 .9857743 .9890093 .995344 1.003872 1.005878 1.005808 1.005373 1.003518 .9980812 .9900293 .9783993 .9700676 .9642916 .9621519 .9615639 .9602298 .9609664 .9629245 .9655393 .9688638 .9725136 .9752207 .9777569 .980527 .985131 .9872504 .9831117 .9770958 .9723328 .9700087 .9696391 .9761981 .9929059 1.017286 1.041504 1.055562 1.057343 1.052642 1.046285 1.034831 1.017188 .9967957 .9801768 .9698817
.9706813 .9721519 .9729437 .9733713 .9738714 .9729117 .9684642 .9608261 .9514408 .9528557 .9631043 .9702505 .9700982 .9666592 .9685131 .9771338 .9827499 .985615 .9885076 .9884366 .9908469 .9970585 1.00242 1.001879 .999273 .9965567 .9935105 .9870779 .9763482 .9683416 .9613082 .9564689 .9538799 .9532445 .9551717 .9567432 .9583603 .9587175 .9592142 .9603545 .9629822 .9656346 .9684062 .9745561 .9753677 .9725286 .9681197 .9652095 .9660214 .9690962 .9794647 .9929148 1.01054 1.026262 1.03294 1.030557 1.027586 1.025393 1.02165 1.013122 1.002886 .9926649 .984326
.9715133 .9723686 .9727889 .9731157 .9726588 .9708723 .9663565 .9605316 .9546729 .9548687 .962955 .969635 .9706058 .9707201 .9739768 .980421 .9845911 .988744 .9914923 .9909688 .9929324 .9971913 .9989957 .9979886 .994676 .9897878 .9834334 .9759194 .9684244 .9609193 .9553989 .950101 .947684 .9475065 .9513373 .9555721 .9554541 .9526601 .949333 .9484264 .9504835 .9541132 .9578085 .9639881 .9646558 .9610088 .9583593 .959775 .9636836 .9701083 .9783299 .9865223 .9970661 1.005226 1.009865 1.010644 1.015204 1.023694 1.028783 1.029627 1.024551 1.017486 1.004521
.9718024 .9718323 .971575 .9717329 .9715846 .9692366 .965432 .9607166 .9565741 .9557353 .9630995 .9689096 .97176 .9749005 .9794549 .983137 .9850853 .9884239 .9912677 .9900624 .9923128 .9950843 .9930498 .9906087 .9882963 .9840835 .9767804 .9686672 .9613347 .9555827 .9496662 .9442564 .9397228 .9422881 .9513547 .9569067 .9546514 .947531 .9393758 .9350984 .9390087 .9455529 .9515811 .9559103 .9550717 .9516585 .9522763 .9564005 .965336 .972876 .9766952 .9788372 .9834145 .9896795 .996422 1.006216 1.022961 1.040267 1.052321 1.056553 1.054534 1.044361 1.024735
.9713042 .9714026 .9707183 .9705696 .9705204 .9689565 .9655397 .9617829 .9593951 .9599102 .9635512 .9685486 .9731377 .9772692 .9815243 .9824477 .9827366 .9864494 .9895383 .9891781 .9899977 .9918211 .9897017 .9857607 .9822843 .9792842 .9722045 .9635726 .9566034 .9514527 .9466997 .9384524 .932826 .9400723 .9576743 .963158 .9564804 .9428834 .9275495 .9189928 .9280527 .9390338 .9460491 .950607 .9505895 .9480104 .948452 .9568319 .9687662 .977645 .9797914 .9775099 .9801537 .9875165 1.002418 1.022248 1.046643 1.067284 1.080824 1.083537 1.079382 1.064168 1.038748
.9710128 .9703692 .9703308 .9699754 .9697813 .9687453 .9662042 .9638599 .9624778 .9634772 .9664494 .9695835 .9739617 .9786451 .9812203 .9823922 .9822292 .984112 .9857112 .9865291 .9866292 .9878387 .9870015 .9845803 .9814725 .9762394 .9685062 .9607651 .9550021 .9512916 .9445201 .9328049 .9311202 .9465368 .9657466 .970037 .9570223 .9377895 .9156466 .9073302 .9199772 .93254 .9419788 .9497758 .9525277 .9518696 .9530684 .9619066 .9774476 .9863007 .9854248 .9819432 .9865611 1.001265 1.022572 1.04736 1.072281 1.09058 1.100022 1.099991 1.092124 1.074787 1.047053
.9706559 .9698921 .9694946 .9695026 .9692038 .9686175 .967302 .9655284 .9649711 .966323 .969875 .9723215 .973965 .9772676 .9801447 .9818793 .9823038 .9831653 .984036 .9847429 .9844899 .9842796 .9833995 .9828986 .9801287 .9745981 .9676825 .9609925 .9562932 .9524035 .9428675 .9304411 .9372922 .9560841 .9714682 .9738981 .9589584 .9319483 .9049063 .8962515 .9149693 .9335769 .9464244 .9550076 .9605643 .9633152 .9631204 .9738576 .9891865 .9962058 .9923159 .9890401 .9952953 1.014042 1.038383 1.064562 1.085847 1.102087 1.108579 1.106637 1.098254 1.080024 1.052288
.9703113 .9694562 .9687011 .9683202 .9680878 .9680719 .9678457 .9676979 .9672304 .968567 .9720218 .9731957 .9736569 .9764929 .9785504 .9806837 .9815814 .9825544 .9834413 .9839733 .9827101 .9818471 .981463 .9818953 .979512 .9730885 .9662855 .9611451 .9581277 .9511295 .9372097 .9309569 .9442855 .9636964 .9738747 .9741269 .9561607 .9251384 .8939281 .891835 .916796 .942173 .9581744 .9667343 .9725031 .9733576 .9744979 .9848953 .9979786 1.000736 .9950925 .9924704 1.001764 1.020146 1.043573 1.068508 1.090665 1.107063 1.112528 1.1116 1.104061 1.085966 1.058953
.9703428 .9685283 .9666932 .9657686 .966083 .9668143 .9675962 .9685451 .9690881 .9705396 .9730026 .9739933 .9742206 .9755512 .9780404 .9797921 .9810623 .9819403 .9833741 .9823763 .9810989 .9798704 .979814 .9796661 .978079 .9730066 .9672698 .9615124 .9565818 .9447243 .9355972 .9377069 .9453503 .9602675 .9697905 .9708716 .9517357 .9187117 .8913223 .8982334 .9254984 .9531531 .9684267 .9771996 .9793967 .9773648 .9791127 .9888515 .998398 .9968124 .9911273 .9940709 1.004934 1.020601 1.045058 1.069395 1.092186 1.109939 1.119049 1.120301 1.112193 1.093989 1.067869
.9695402 .9682837 .9648742 .9638441 .9648896 .9662131 .9675297 .9685547 .9698757 .9716142 .9730937 .974405 .9753594 .9763111 .9771696 .9789852 .9808384 .9819897 .9825053 .9807145 .9786927 .9780344 .9786439 .9787056 .9764922 .9725587 .9667189 .9597455 .9502526 .9365386 .9384028 .9457275 .9488158 .954749 .9619963 .9619618 .9434289 .9152467 .8949604 .9075018 .9345893 .9578574 .9709428 .9781001 .9777972 .97818 .981782 .986908 .989455 .9866285 .9846013 .9915574 1.004838 1.020857 1.043864 1.070684 1.095026 1.116953 1.130267 1.134117 1.125588 1.105401 1.078985
.967636 .9665896 .9646004 .9634615 .964397 .965658 .9672834 .9686285 .9696456 .9713629 .9721271 .9739361 .9753549 .9769338 .9775524 .9779173 .9794721 .9813354 .9813874 .9799629 .9781101 .9771937 .9773882 .9766008 .9747959 .9700886 .9637057 .9555523 .9432361 .9376444 .9451615 .9537886 .9544516 .9513942 .952553 .9501829 .9353005 .9159669 .9049939 .9124731 .9342065 .9535673 .9667351 .9706867 .9726425 .975082 .9782605 .9789142 .9768625 .974593 .9772816 .9878014 1.004279 1.020511 1.046263 1.076522 1.105987 1.132421 1.150795 1.155632 1.14384 1.117391 1.086138
.9669346 .9660523 .9649352 .9643656 .9649859 .9660118 .9673051 .9682342 .9693272 .9700899 .9712322 .9727119 .9746832 .9763279 .9779495 .978825 .9794886 .9795462 .979387 .9788724 .9777646 .9765663 .9759931 .9754252 .9728753 .9674851 .9598074 .9512712 .9410056 .9431053 .9550043 .9596737 .9547957 .9468142 .9405119 .9405 .9327105 .9197262 .9137951 .9155247 .9268031 .9425857 .9550031 .9598904 .9634784 .9677173 .9693682 .9688213 .9667019 .9658599 .9712898 .9852156 1.005986 1.026263 1.05263 1.089692 1.127109 1.157702 1.178884 1.181589 1.16187 1.126433 1.087779
.9667521 .965896 .9658209 .9660911 .9661037 .9667453 .9675202 .9681301 .969314 .9692182 .9707721 .9721386 .9741271 .9758865 .9778637 .978858 .9794021 .9784465 .9778731 .9773656 .9764519 .9758518 .9748709 .9740265 .9713519 .9656592 .9577364 .9500176 .945299 .9479303 .9562738 .957995 .9509116 .9400439 .9309264 .93232 .932273 .9253911 .9194922 .9173164 .9181586 .931869 .943007 .9475924 .9529405 .9560323 .9579011 .9589037 .9585075 .9599414 .9687487 .9882393 1.013797 1.038822 1.068999 1.110755 1.156565 1.191149 1.210203 1.204543 1.171932 1.125342 1.07974
.966736 .9658002 .9661517 .9675397 .9680639 .9683836 .9682049 .9685999 .9688632 .96854 .9704488 .9723856 .9741995 .9763278 .9777136 .9788083 .9788563 .9778644 .9768311 .975789 .9756632 .9753838 .9736689 .9722324 .9698971 .9640316 .9563706 .9509012 .9500936 .9504716 .9520589 .9529483 .9459561 .9342614 .9237381 .9266881 .9294763 .9276721 .9232081 .9172093 .916064 .925464 .9356858 .9413604 .9446293 .9448518 .9466972 .9490929 .9523964 .9576381 .9710195 .9965979 1.030069 1.061161 1.092655 1.139986 1.191825 1.228176 1.237862 1.217113 1.169392 1.113981 1.062356
.9674078 .9663784 .9665257 .9678127 .9688207 .9695976 .9695482 .9695972 .9691744 .9695393 .971143 .9727691 .9749305 .9767992 .977256 .9778796 .9777709 .977246 .9761499 .9749274 .9743101 .9740683 .9734948 .9708733 .9676633 .9612035 .9540028 .9500152 .9505708 .9472698 .9481239 .9484549 .9418575 .9306731 .9206616 .9217496 .9254484 .9268298 .9263974 .9180392 .9120179 .9176586 .9274525 .9349521 .9373679 .9357155 .9353244 .9391714 .947143 .9599233 .979286 1.011176 1.053308 1.09156 1.124977 1.17345 1.229033 1.261099 1.254106 1.21276 1.152908 1.091709 1.039022
.9681682 .9681632 .9683588 .9688348 .9696339 .9703767 .9708391 .9705598 .970356 .9713933 .972998 .9742848 .9753623 .9770982 .9777886 .9773528 .9766675 .9763347 .9759299 .9750462 .9733613 .9732869 .9725357 .9699986 .9652969 .9583037 .9509165 .9475265 .94934 .9467047 .9459493 .9453884 .9372949 .9258751 .9161769 .9202034 .9249202 .9257813 .9242591 .9129269 .9058806 .908475 .9175146 .9257783 .9295087 .9296459 .927681 .9335733 .9462816 .9663182 .9937139 1.032526 1.081259 1.125414 1.161413 1.209452 1.260464 1.282598 1.255021 1.196161 1.127429 1.064501 1.017525
