py_wake/examples/data/AJ_ParqueFicticio/Rough survey   Sector 8   Height 200m   Weibull-k.grd
DSAA
73  159
 258469   265669
 6501692   6517492
 2.373047   2.619141
[rows 112 to 139 of 159, columns 0 to 62 of 73]
2.560547 2.564453 2.564453 2.564453 2.568359 2.560547 2.548828 2.537109 2.525391 2.509766 2.498047 2.490234 2.490234 2.498047 2.509766 2.513672 2.513672 2.505859 2.498047 2.501953 2.509766 2.525391 2.548828 2.560547 2.564453 2.564453 2.572266 2.576172 2.580078 2.587891 2.595703 2.595703 2.599609 2.599609 2.599609 2.595703 2.591797 2.583984 2.576172 2.564453 2.552734 2.544922 2.541016 2.548828 2.564453 2.572266 2.580078 2.583984 2.583984 2.583984 2.583984 2.591797 2.599609 2.603516 2.607422 2.611328 2.611328 2.615234 2.615234 2.615234 2.611328 2.607422 2.611328
2.564453 2.564453 2.564453 2.564453 2.568359 2.560547 2.552734 2.541016 2.529297 2.517578 2.505859 2.498047 2.501953 2.513672 2.525391 2.529297 2.525391 2.517578 2.509766 2.505859 2.505859 2.517578 2.533203 2.548828 2.556641 2.560547 2.572266 2.576172 2.583984 2.591797 2.595703 2.599609 2.599609 2.599609 2.599609 2.599609 2.595703 2.587891 2.576172 2.564453 2.552734 2.548828 2.552734 2.560547 2.576172 2.583984 2.583984 2.587891 2.583984 2.583984 2.587891 2.595703 2.599609 2.603516 2.607422 2.611328 2.611328 2.615234 2.615234 2.615234 2.611328 2.611328 2.615234
2.564453 2.564453 2.564453 2.564453 2.568359 2.560547 2.552734 2.541016 2.533203 2.521484 2.513672 2.509766 2.517578 2.529297 2.541016 2.541016 2.537109 2.529297 2.521484 2.513672 2.509766 2.513672 2.525391 2.537109 2.548828 2.560547 2.572266 2.580078 2.583984 2.591797 2.595703 2.599609 2.599609 2.599609 2.599609 2.599609 2.595703 2.587891 2.580078 2.568359 2.560547 2.560547 2.568359 2.580078 2.591797 2.595703 2.595703 2.595703 2.595703 2.591797 2.595703 2.599609 2.599609 2.603516 2.607422 2.611328 2.611328 2.615234 2.615234 2.615234 2.615234 2.615234 2.615234
2.564453 2.564453 2.564453 2.564453 2.568359 2.560547 2.552734 2.544922 2.537109 2.525391 2.521484 2.521484 2.533203 2.544922 2.548828 2.544922 2.541016 2.537109 2.533203 2.529297 2.529297 2.525391 2.529297 2.533203 2.541016 2.556641 2.572266 2.580078 2.583984 2.591797 2.595703 2.595703 2.599609 2.599609 2.599609 2.595703 2.591797 2.587891 2.580078 2.572266 2.572266 2.576172 2.587891 2.595703 2.603516 2.603516 2.607422 2.607422 2.607422 2.607422 2.603516 2.603516 2.603516 2.603516 2.607422 2.611328 2.611328 2.615234 2.615234 2.615234 2.615234 2.615234 2.615234
2.560547 2.564453 2.564453 2.564453 2.568359 2.560547 2.548828 2.541016 2.533203 2.525391 2.525391 2.533203 2.544922 2.552734 2.552734 2.552734 2.548828 2.544922 2.544922 2.548828 2.548828 2.548828 2.548828 2.544922 2.544922 2.556641 2.572266 2.580078 2.583984 2.591797 2.595703 2.595703 2.595703 2.595703 2.595703 2.591797 2.583984 2.580078 2.572266 2.572266 2.576172 2.587891 2.591797 2.599609 2.603516 2.607422 2.607422 2.607422 2.611328 2.607422 2.607422 2.607422 2.607422 2.607422 2.607422 2.611328 2.611328 2.611328 2.615234 2.615234 2.615234 2.615234 2.615234
2.564453 2.564453 2.564453 2.568359 2.564453 2.552734 2.541016 2.533203 2.525391 2.521484 2.525391 2.537109 2.544922 2.556641 2.560547 2.556641 2.552734 2.552734 2.552734 2.556641 2.564453 2.568359 2.568359 2.564453 2.560547 2.560547 2.576172 2.580078 2.587891 2.587891 2.591797 2.595703 2.595703 2.591797 2.587891 2.583984 2.580078 2.564453 2.556641 2.560547 2.572266 2.587891 2.591797 2.599609 2.603516 2.607422 2.607422 2.611328 2.611328 2.611328 2.611328 2.607422 2.607422 2.607422 2.607422 2.607422 2.611328 2.611328 2.615234 2.615234 2.615234 2.615234 2.615234
2.568359 2.568359 2.564453 2.556641 2.548828 2.537109 2.525391 2.517578 2.513672 2.513672 2.521484 2.537109 2.544922 2.556641 2.560547 2.556641 2.552734 2.552734 2.552734 2.560547 2.568359 2.576172 2.583984 2.580078 2.576172 2.572266 2.580078 2.583984 2.587891 2.587891 2.591797 2.595703 2.591797 2.587891 2.583984 2.576172 2.564453 2.556641 2.548828 2.552734 2.564453 2.580078 2.587891 2.591797 2.599609 2.603516 2.607422 2.607422 2.611328 2.611328 2.611328 2.611328 2.607422 2.607422 2.607422 2.611328 2.611328 2.611328 2.611328 2.615234 2.615234 2.615234 2.615234
2.556641 2.552734 2.544922 2.533203 2.525391 2.513672 2.505859 2.501953 2.505859 2.509766 2.517578 2.533203 2.544922 2.552734 2.556641 2.556641 2.556641 2.556641 2.556641 2.560547 2.568359 2.576172 2.580078 2.580078 2.580078 2.580078 2.583984 2.583984 2.587891 2.587891 2.591797 2.591797 2.587891 2.583984 2.576172 2.568359 2.560547 2.548828 2.544922 2.552734 2.560547 2.576172 2.580078 2.583984 2.591797 2.595703 2.599609 2.603516 2.607422 2.607422 2.611328 2.607422 2.607422 2.607422 2.607422 2.611328 2.611328 2.611328 2.611328 2.615234 2.611328 2.611328 2.611328
2.541016 2.533203 2.521484 2.509766 2.498047 2.490234 2.486328 2.490234 2.498047 2.509766 2.521484 2.533203 2.541016 2.552734 2.556641 2.560547 2.560547 2.564453 2.564453 2.564453 2.568359 2.572266 2.576172 2.576172 2.580078 2.580078 2.583984 2.583984 2.587891 2.587891 2.587891 2.587891 2.583984 2.580078 2.568359 2.564453 2.548828 2.541016 2.544922 2.556641 2.564453 2.576172 2.580078 2.583984 2.587891 2.591797 2.595703 2.599609 2.603516 2.603516 2.607422 2.607422 2.607422 2.607422 2.607422 2.611328 2.611328 2.611328 2.611328 2.611328 2.611328 2.611328 2.607422
2.537109 2.521484 2.501953 2.486328 2.474609 2.466797 2.462891 2.478516 2.498047 2.517578 2.533203 2.541016 2.544922 2.548828 2.548828 2.552734 2.560547 2.564453 2.572266 2.576172 2.572266 2.572266 2.572266 2.576172 2.576172 2.580078 2.580078 2.583984 2.583984 2.583984 2.587891 2.583984 2.580078 2.572266 2.564453 2.552734 2.541016 2.541016 2.552734 2.564453 2.572266 2.576172 2.580078 2.583984 2.583984 2.587891 2.591797 2.595703 2.599609 2.603516 2.603516 2.607422 2.607422 2.607422 2.607422 2.607422 2.607422 2.611328 2.611328 2.611328 2.611328 2.607422 2.607422
2.533203 2.513672 2.490234 2.470703 2.455078 2.447266 2.451172 2.470703 2.494141 2.521484 2.541016 2.552734 2.556641 2.556641 2.552734 2.552734 2.556641 2.564453 2.572266 2.576172 2.580078 2.576172 2.572266 2.572266 2.572266 2.576172 2.576172 2.580078 2.580078 2.583984 2.583984 2.583984 2.580078 2.568359 2.560547 2.544922 2.537109 2.541016 2.556641 2.572266 2.576172 2.576172 2.576172 2.580078 2.583984 2.583984 2.587891 2.595703 2.595703 2.599609 2.603516 2.603516 2.607422 2.607422 2.607422 2.607422 2.607422 2.611328 2.611328 2.611328 2.611328 2.611328 2.607422
2.533203 2.509766 2.482422 2.462891 2.443359 2.435547 2.439453 2.462891 2.494141 2.521484 2.544922 2.560547 2.564453 2.568359 2.564453 2.564453 2.564453 2.568359 2.576172 2.580078 2.580078 2.580078 2.572266 2.572266 2.572266 2.572266 2.572266 2.572266 2.576172 2.580078 2.580078 2.580078 2.572266 2.560547 2.552734 2.541016 2.537109 2.544922 2.564453 2.580078 2.580078 2.576172 2.576172 2.580078 2.580078 2.583984 2.587891 2.591797 2.595703 2.599609 2.603516 2.603516 2.603516 2.607422 2.603516 2.603516 2.607422 2.607422 2.611328 2.611328 2.611328 2.611328 2.611328
2.525391 2.505859 2.478516 2.455078 2.439453 2.431641 2.439453 2.458984 2.490234 2.513672 2.537109 2.556641 2.568359 2.576172 2.576172 2.576172 2.580078 2.580078 2.580078 2.580078 2.580078 2.576172 2.576172 2.576172 2.576172 2.576172 2.572266 2.568359 2.568359 2.572266 2.576172 2.576172 2.564453 2.552734 2.548828 2.541016 2.541016 2.552734 2.568359 2.580078 2.580078 2.576172 2.576172 2.580078 2.580078 2.583984 2.583984 2.587891 2.591797 2.595703 2.599609 2.603516 2.603516 2.603516 2.603516 2.603516 2.603516 2.607422 2.607422 2.611328 2.611328 2.607422 2.607422
2.509766 2.494141 2.470703 2.455078 2.443359 2.439453 2.447266 2.466797 2.486328 2.505859 2.525391 2.544922 2.560547 2.572266 2.580078 2.576172 2.576172 2.576172 2.572266 2.572266 2.572266 2.576172 2.576172 2.576172 2.576172 2.576172 2.576172 2.568359 2.564453 2.568359 2.572266 2.568359 2.556641 2.548828 2.544922 2.544922 2.548828 2.564453 2.576172 2.580078 2.580078 2.576172 2.576172 2.580078 2.580078 2.583984 2.583984 2.583984 2.587891 2.591797 2.599609 2.603516 2.603516 2.603516 2.603516 2.599609 2.599609 2.603516 2.603516 2.607422 2.607422 2.607422 2.607422
2.490234 2.478516 2.462891 2.451172 2.451172 2.458984 2.466797 2.482422 2.490234 2.501953 2.513672 2.533203 2.552734 2.564453 2.572266 2.580078 2.576172 2.572266 2.572266 2.572266 2.572266 2.576172 2.580078 2.580078 2.580078 2.576172 2.576172 2.572266 2.568359 2.568359 2.568359 2.560547 2.548828 2.544922 2.544922 2.548828 2.556641 2.572266 2.580078 2.580078 2.580078 2.580078 2.576172 2.580078 2.580078 2.580078 2.583984 2.583984 2.587891 2.591797 2.595703 2.599609 2.603516 2.603516 2.599609 2.595703 2.595703 2.595703 2.599609 2.603516 2.607422 2.603516 2.603516
2.466797 2.455078 2.451172 2.451172 2.462891 2.474609 2.486328 2.498047 2.505859 2.505859 2.509766 2.521484 2.541016 2.556641 2.564453 2.572266 2.576172 2.576172 2.572266 2.572266 2.572266 2.576172 2.580078 2.580078 2.580078 2.576172 2.576172 2.572266 2.568359 2.564453 2.564453 2.556641 2.544922 2.544922 2.544922 2.552734 2.564453 2.576172 2.580078 2.580078 2.580078 2.580078 2.580078 2.583984 2.580078 2.580078 2.580078 2.583984 2.583984 2.591797 2.599609 2.603516 2.603516 2.603516 2.599609 2.595703 2.595703 2.595703 2.595703 2.603516 2.603516 2.599609 2.599609
2.435547 2.431641 2.439453 2.451172 2.470703 2.490234 2.501953 2.509766 2.517578 2.513672 2.513672 2.517578 2.529297 2.548828 2.560547 2.564453 2.568359 2.572266 2.580078 2.576172 2.572266 2.576172 2.576172 2.576172 2.576172 2.576172 2.576172 2.572266 2.564453 2.560547 2.560547 2.548828 2.537109 2.541016 2.544922 2.556641 2.568359 2.583984 2.580078 2.580078 2.580078 2.580078 2.583984 2.583984 2.583984 2.580078 2.580078 2.583984 2.587891 2.591797 2.603516 2.607422 2.607422 2.607422 2.603516 2.599609 2.595703 2.595703 2.595703 2.599609 2.599609 2.599609 2.599609
2.400391 2.408203 2.423828 2.451172 2.482422 2.505859 2.517578 2.521484 2.525391 2.525391 2.517578 2.517578 2.525391 2.537109 2.552734 2.560547 2.564453 2.564453 2.572266 2.580078 2.576172 2.576172 2.576172 2.576172 2.576172 2.576172 2.583984 2.580078 2.572266 2.560547 2.552734 2.541016 2.537109 2.537109 2.544922 2.556641 2.572266 2.580078 2.580078 2.580078 2.580078 2.580078 2.583984 2.583984 2.583984 2.583984 2.580078 2.583984 2.587891 2.595703 2.607422 2.611328 2.611328 2.607422 2.603516 2.599609 2.599609 2.595703 2.595703 2.595703 2.599609 2.599609 2.599609
2.376953 2.392578 2.419922 2.451172 2.490234 2.517578 2.529297 2.533203 2.537109 2.533203 2.525391 2.521484 2.525391 2.533203 2.544922 2.556641 2.564453 2.564453 2.568359 2.576172 2.580078 2.580078 2.576172 2.576172 2.576172 2.583984 2.583984 2.583984 2.576172 2.568359 2.556641 2.544922 2.537109 2.533203 2.544922 2.560547 2.576172 2.580078 2.580078 2.580078 2.580078 2.580078 2.583984 2.583984 2.583984 2.583984 2.580078 2.583984 2.587891 2.599609 2.607422 2.611328 2.611328 2.607422 2.603516 2.599609 2.599609 2.595703 2.595703 2.595703 2.595703 2.595703 2.595703
2.373047 2.392578 2.423828 2.458984 2.498047 2.525391 2.537109 2.544922 2.544922 2.541016 2.537109 2.533203 2.529297 2.537109 2.544922 2.556641 2.564453 2.568359 2.572266 2.580078 2.580078 2.583984 2.580078 2.576172 2.580078 2.583984 2.583984 2.583984 2.580078 2.576172 2.568359 2.560547 2.548828 2.541016 2.544922 2.560547 2.576172 2.580078 2.580078 2.580078 2.580078 2.580078 2.583984 2.583984 2.583984 2.583984 2.580078 2.583984 2.591797 2.603516 2.611328 2.611328 2.611328 2.607422 2.603516 2.603516 2.599609 2.595703 2.595703 2.595703 2.595703 2.595703 2.595703
2.376953 2.400391 2.435547 2.470703 2.505859 2.525391 2.541016 2.548828 2.552734 2.548828 2.544922 2.544922 2.541016 2.541016 2.544922 2.556641 2.564453 2.572266 2.576172 2.580078 2.580078 2.583984 2.580078 2.580078 2.583984 2.583984 2.583984 2.583984 2.583984 2.580078 2.576172 2.572266 2.568359 2.560547 2.556641 2.564453 2.576172 2.580078 2.580078 2.580078 2.580078 2.580078 2.583984 2.583984 2.583984 2.580078 2.580078 2.583984 2.591797 2.603516 2.607422 2.611328 2.611328 2.607422 2.603516 2.603516 2.599609 2.599609 2.595703 2.595703 2.595703 2.595703 2.595703
2.388672 2.416016 2.447266 2.482422 2.513672 2.529297 2.537109 2.548828 2.552734 2.556641 2.552734 2.552734 2.548828 2.548828 2.548828 2.552734 2.564453 2.572266 2.580078 2.580078 2.583984 2.583984 2.580078 2.583984 2.583984 2.583984 2.580078 2.580078 2.580078 2.583984 2.576172 2.576172 2.576172 2.576172 2.572266 2.576172 2.580078 2.580078 2.580078 2.580078 2.580078 2.580078 2.583984 2.583984 2.583984 2.580078 2.580078 2.583984 2.591797 2.603516 2.607422 2.607422 2.607422 2.607422 2.603516 2.603516 2.599609 2.599609 2.595703 2.595703 2.595703 2.595703 2.595703
2.412109 2.435547 2.466797 2.494141 2.517578 2.529297 2.537109 2.544922 2.556641 2.560547 2.560547 2.560547 2.560547 2.560547 2.556641 2.556641 2.560547 2.572266 2.580078 2.580078 2.583984 2.583984 2.583984 2.583984 2.583984 2.576172 2.572266 2.572266 2.576172 2.583984 2.580078 2.580078 2.580078 2.583984 2.583984 2.583984 2.583984 2.580078 2.580078 2.580078 2.580078 2.580078 2.583984 2.583984 2.583984 2.583984 2.580078 2.583984 2.591797 2.599609 2.603516 2.603516 2.603516 2.603516 2.599609 2.599609 2.599609 2.599609 2.599609 2.595703 2.595703 2.595703 2.595703
2.435547 2.462891 2.486328 2.505859 2.521484 2.529297 2.533203 2.541016 2.552734 2.560547 2.568359 2.572266 2.572266 2.572266 2.568359 2.560547 2.564453 2.568359 2.576172 2.580078 2.583984 2.583984 2.583984 2.583984 2.580078 2.572266 2.564453 2.564453 2.572266 2.580078 2.580078 2.580078 2.580078 2.583984 2.583984 2.583984 2.583984 2.580078 2.580078 2.580078 2.580078 2.580078 2.583984 2.583984 2.583984 2.583984 2.580078 2.580078 2.587891 2.591797 2.595703 2.599609 2.599609 2.599609 2.599609 2.595703 2.599609 2.599609 2.595703 2.595703 2.595703 2.595703 2.591797
2.462891 2.486328 2.505859 2.517578 2.525391 2.529297 2.533203 2.537109 2.544922 2.556641 2.568359 2.576172 2.576172 2.580078 2.580078 2.572266 2.568359 2.572266 2.576172 2.580078 2.583984 2.583984 2.583984 2.583984 2.580078 2.568359 2.560547 2.564453 2.572266 2.580078 2.580078 2.580078 2.580078 2.580078 2.583984 2.583984 2.583984 2.580078 2.580078 2.580078 2.580078 2.580078 2.583984 2.583984 2.583984 2.583984 2.583984 2.580078 2.583984 2.587891 2.591797 2.595703 2.595703 2.595703 2.595703 2.595703 2.595703 2.595703 2.595703 2.595703 2.595703 2.591797 2.591797
2.482422 2.505859 2.521484 2.529297 2.533203 2.533203 2.533203 2.533203 2.541016 2.548828 2.560547 2.572266 2.576172 2.580078 2.580078 2.580078 2.580078 2.576172 2.576172 2.580078 2.583984 2.583984 2.583984 2.583984 2.576172 2.568359 2.564453 2.564453 2.572266 2.576172 2.580078 2.580078 2.580078 2.583984 2.583984 2.583984 2.580078 2.580078 2.580078 2.580078 2.580078 2.580078 2.583984 2.583984 2.583984 2.583984 2.580078 2.580078 2.583984 2.587891 2.591797 2.591797 2.591797 2.591797 2.587891 2.587891 2.591797 2.591797 2.591797 2.591797 2.591797 2.591797 2.587891
2.494141 2.517578 2.533203 2.541016 2.541016 2.541016 2.537109 2.537109 2.541016 2.548828 2.556641 2.564453 2.576172 2.580078 2.580078 2.580078 2.580078 2.580078 2.580078 2.580078 2.580078 2.580078 2.583984 2.580078 2.576172 2.568359 2.564453 2.568359 2.572266 2.580078 2.580078 2.580078 2.580078 2.583984 2.583984 2.583984 2.580078 2.580078 2.580078 2.580078 2.580078 2.580078 2.583984 2.583984 2.583984 2.583984 2.580078 2.580078 2.583984 2.587891 2.587891 2.591797 2.591797 2.587891 2.583984 2.580078 2.580078 2.580078 2.587891 2.587891 2.587891 2.587891 2.587891
2.501953 2.525391 2.541016 2.548828 2.552734 2.544922 2.541016 2.537109 2.544922 2.552734 2.556641 2.560547 2.572266 2.580078 2.580078 2.580078 2.580078 2.580078 2.580078 2.580078 2.580078 2.580078 2.580078 2.576172 2.572266 2.572266 2.568359 2.572266 2.576172 2.580078 2.580078 2.580078 2.580078 2.583984 2.583984 2.583984 2.580078 2.580078 2.580078 2.580078 2.580078 2.580078 2.583984 2.583984 2.583984 2.583984 2.583984 2.580078 2.583984 2.583984 2.587891 2.591797 2.591797 2.587891 2.587891 2.580078 2.576172 2.572266 2.576172 2.580078 2.583984 2.583984 2.583984
