py_wake/examples/data/AJ_ParqueFicticio/Rough survey   Sector 12   Height 200m   Power density.grd
DSAA
73  159
 258469   265669
 6501692   6517492
 114.8835   743.9581
[rows 84 to 111 of 159, columns 0 to 62 of 73]
269.5957 265.9441 262.5028 258.1995 254.9784 250.9795 247.1957 243.8367 240.9578 239.8446 236.2665 231.9297 227.6576 224.5638 221.8235 218.3679 214.6385 212.1001 213.8613 215.4983 217.79 219.5672 221.7401 224.2605 226.8164 226.6726 224.0427 221.7615 222.1894 226.2749 229.4983 233.0193 234.6166 233.6702 232.6836 233.0194 232.7714 234.3357 234.783 232.2532 234.9464 230.443 225.0857 219.9173 219.4521 220.1755 219.659 220.6774 225.5917 235.0385 248.4076 259.0935 266.368 269.51 270.2692 269.7048 272.1504 278.8289 286.4808 290.6724 294.4823 297.748 302.6913
268.0647 264.5742 261.2468 257.0298 253.638 249.1539 246.5245 243.2939 241.7208 239.3283 234.5716 230.7325 226.5065 222.2431 219.5456 216.0406 212.7466 209.8805 208.4209 207.1581 208.353 209.4356 212.2063 216.2069 221.4352 224.0207 222.3929 219.5471 218.225 217.5954 217.6542 221.5985 227.2414 228.6207 229.0512 229.9789 231.6946 236.3916 238.4471 243.3545 240.6593 235.2359 229.7857 224.2315 220.6817 220.7737 218.2695 214.9293 213.7415 218.8231 231.8299 247.0707 259.9555 268.244 272.2408 275.0427 284.026 290.8143 295.4741 297.8797 299.9378 300.5351 303.8532
264.1444 262.0574 258.7705 255.7864 250.9181 248.1254 244.965 242.4088 241.8156 238.4931 234.3932 230.8333 226.5848 222.0267 217.7147 214.5458 211.9046 210.6019 205.8471 202.6868 200.3557 199.9429 200.623 202.8324 207.9651 213.6865 215.7416 216.4552 210.7188 207.1435 206.3295 209.0389 216.2684 221.932 225.9406 228.7548 230.8173 235.2859 243.347 245.9202 245.2155 240.7674 235.901 231.6691 228.7267 227.7378 224.744 219.6209 214.9839 213.4187 218.8302 232.5555 249.2647 260.775 270.6643 280.6315 292.161 300.124 305.5412 306.9112 307.4749 306.911 308.0769
262.7327 259.4713 257.2711 252.4434 249.3132 246.3307 243.6667 242.692 240.8259 237.5103 234.3542 230.8179 227.2312 221.728 215.9359 212.6071 210.0426 208.7024 205.6466 201.4925 197.6205 194.6835 192.143 191.7211 194.591 201.7199 207.0988 211.0068 206.5286 200.8512 199.9573 202.3991 209.6203 218.0523 225.8352 229.8305 232.4808 235.0887 243.7673 247.0599 246.6578 244.295 240.9131 238.0005 235.2287 232.7631 230.3016 226.7364 219.7025 213.732 212.1742 220.1368 233.6653 250.1625 263.8727 278.1505 290.5429 302.2387 307.9811 312.5057 314.321 315.5428 315.1386
263.7664 259.1322 254.6622 251.4871 248.2184 244.6936 241.7215 240.7704 238.2978 236.7578 234.3631 231.005 227.3263 222.4265 216.4556 210.9664 209.5511 206.4626 203.976 200.5962 197.7491 195.079 192.0224 188.5738 188.682 195.0251 205.2727 210.693 208.8404 203.1501 199.4431 202.2225 207.0882 214.7568 222.3975 228.2941 235.6388 245.423 247.8969 249.5965 249.3325 248.2321 244.0386 238.8668 235.0995 231.6301 227.9033 226.0126 220.4482 213.2956 207.5048 207.1518 214.6235 228.5041 245.3488 262.9182 277.643 291.5286 302.2898 309.0225 315.2824 316.9604 323.3928
264.5833 259.945 254.5314 251.506 248.5324 245.0432 242.822 237.7998 235.2526 233.8245 232.9373 231.1909 227.8122 223.3522 218.1629 213.402 207.6372 204.2613 202.0013 200.2965 199.931 199.302 197.6972 195.788 193.8465 198.5019 206.4307 214.5592 215.7052 210.5412 205.4921 204.8332 207.7564 212.7273 218.3782 225.523 240.1196 247.8574 252.9997 255.0701 255.2408 252.978 247.4006 240.948 234.7485 231.8996 226.9445 224.0831 219.2956 213.8066 206.719 200.7828 196.8177 205.2019 220.3201 236.5738 254.9167 272.8351 286.2691 297.2495 306.2836 313.2314 324.752
268.034 260.4552 256.7537 252.7376 249.8943 247.1359 242.6885 238.4356 234.5518 231.5831 230.5981 230.234 227.5827 225.458 220.0992 216.2003 208.7158 203.5803 199.8702 199.8329 201.9809 205.0239 206.7329 207.035 208.1951 206.5898 211.9721 220.011 223.1051 218.74 212.9826 210.4161 212.4186 215.489 219.0245 227.617 237.3882 248.7342 257.709 262.3426 262.0447 258.3459 253.7187 247.9217 246.3327 242.7791 240.8488 236.2307 231.4783 226.6532 220.7244 212.7482 203.8473 198.5002 202.9241 215.1575 233.8844 250.1929 264.4892 278.6298 291.5945 304.6871 321.6881
268.2729 263.594 259.3611 254.9954 251.6809 248.3504 244.9074 241.4977 236.837 233.1231 230.5608 229.5795 229.1206 226.6252 225.8833 220.6542 213.7467 207.4936 202.213 199.185 202.815 209.7398 215.6684 219.7702 219.5839 218.3452 220.8215 227.3786 230.589 226.5542 222.0567 219.5753 219.9013 222.0714 228.4151 231.892 237.4638 247.4363 260.4329 268.8675 270.7381 267.6989 262.5664 261.6328 262.3411 260.9197 257.8614 260.7683 258.6886 255.1844 251.9931 242.0453 231.1673 221.5004 213.2825 215.6163 227.6286 241.7347 253.1514 266.1389 276.8121 294.8269 316.5172
272.3147 266.7381 262.3596 257.8019 253.8876 250.9688 248.4781 244.7504 240.7312 236.1416 231.7396 229.3939 228.1291 230.5192 229.4357 226.744 222.2033 216.7379 210.1221 203.2801 203.2433 212.0096 222.0101 228.4963 229.2972 227.3782 230.2051 235.7121 237.3126 233.8641 229.9073 228.2469 227.9828 229.9078 232.8677 236.7727 240.2632 246.6663 260.5266 272.5967 278.5771 276.7046 274.5082 276.246 277.4298 280.7863 281.8102 282.887 283.9572 286.1143 286.4301 282.5652 276.3743 266.6497 255.9172 252.4067 253.323 259.6808 265.1573 268.1372 270.9768 285.1873 309.7391
274.9695 270.5308 265.1966 260.2881 256.7356 254.5545 252.1978 248.6888 244.7371 240.5643 235.3369 230.8384 228.8015 230.7565 231.6196 232.5188 232.644 229.8714 224.3415 214.5405 206.8389 211.6308 224.0363 233.0649 235.7054 234.8554 237.4483 243.2998 244.3598 239.9552 235.4586 232.5471 231.5765 235.0583 237.778 240.9059 244.3639 247.4641 259.9351 274.4985 284.3669 286.74 288.7001 291.5994 295.0976 298.3006 298.888 296.8251 296.9319 299.2518 301.9984 304.1401 305.2967 305.0025 299.7856 294.3944 291.8483 291.1679 285.48 277.8797 270.8703 276.9061 300.8463
277.8024 273.9384 268.5295 264.3622 260.1863 257.9235 256.0592 253.2374 249.6094 245.6107 240.7129 235.054 233.7869 231.6763 232.3924 235.9522 240.8756 244.1841 241.1823 230.9264 216.7989 214.6658 223.3385 234.032 239.7474 239.7335 242.5058 248.1171 248.1863 243.9551 238.2512 232.6379 233.3616 238.709 241.6877 248.8232 248.5303 251.6019 262.4742 275.7966 287.4897 292.6806 294.971 300.6386 305.5845 308.0911 306.6489 304.5314 302.8171 302.2494 300.8098 301.2492 308.2513 314.9962 316.9536 317.2442 314.3009 311.4987 303.3496 290.3491 275.4686 270.9104 288.4672
279.1906 277.0377 272.2433 268.4371 264.5182 261.0517 259.8956 258.2166 255.7095 251.4719 247.1499 245.1887 239.4611 235.3696 234.1172 236.6183 243.1187 251.6486 255.1103 248.4857 231.5917 222.401 224.9968 234.1812 241.1238 242.2213 243.4572 246.8994 246.954 244.2236 237.1335 232.368 229.9971 239.7091 243.0026 252.1495 252.9221 255.4355 264.6614 277.0193 284.9816 289.7216 295.8742 302.6147 307.5891 310.9826 310.0815 308.6196 303.8583 297.5103 291.4969 288.8774 293.0474 299.783 307.83 313.018 315.6093 316.8147 315.2439 305.1057 285.3494 269.7246 276.0345
281.5427 278.3084 275.9507 272.679 270.1048 266.6289 263.7968 262.9242 262.6278 258.7111 255.5047 255.3382 249.978 244.8082 240.1339 238.709 242.0924 252.8169 261.5955 260.2902 248.286 233.9833 230.9788 236.1223 242.0625 241.6527 238.8581 239.0672 237.9075 234.3075 231.0597 225.5745 224.0745 239.5357 249.2697 257.3935 261.1232 263.2756 267.4595 278.5448 283.2887 284.7233 289.7731 295.3487 300.8149 305.3785 306.4629 302.0678 294.5825 286.2683 277.1089 270.5106 267.1776 268.446 277.3639 284.9931 293.8445 301.5375 310.036 308.6367 293.6611 274.2468 266.8385
283.4883 280.8677 278.4475 277.1279 275.9986 274.1963 270.4027 268.5291 267.2829 266.5364 266.794 265.6001 263.9831 260.5699 254.1235 246.8571 245.0118 251.9598 261.8894 267.2219 258.3292 244.6565 239.279 241.5053 243.6417 239.9581 236.9774 233.6223 229.8984 228.0325 224.5081 222.1872 223.5573 239.8853 253.9606 260.5597 271.5931 272.6461 270.8077 275.1991 277.5364 278.7968 279.0211 282.9345 285.0116 286.3701 284.8438 281.1545 274.9474 265.4279 255.3865 247.8241 241.8312 234.5089 237.0546 246.9061 258.8707 269.3179 282.4582 292.7336 290.9426 277.266 264.8737
288.663 285.121 283.0346 281.1052 280.3325 281.4242 279.6314 274.7487 274.4195 277.3363 277.2787 278.1993 279.9078 279.9416 276.3778 266.8827 258.2395 256.7784 266.1953 271.5843 266.267 254.8585 247.5369 248.2195 248.787 245.6824 241.258 238.2053 239.1762 235.1823 231.2883 227.9314 232.0792 238.9377 248.2162 252.6869 259.8301 265.9609 266.3664 268.9661 270.2298 270.685 269.5495 267.689 267.3969 266.9118 262.8597 259.7513 255.8921 248.1619 242.3881 236.0966 228.6265 222.5573 225.2421 231.036 237.7624 246.7183 257.6118 268.7673 275.5142 274.0234 265.6386
296.4539 293.3032 290.7452 288.0474 284.8217 287.9164 288.7397 286.5304 284.1601 288.6145 290.038 291.3531 295.0697 300.0833 302.2284 295.379 282.4689 273.8216 277.9139 280.6241 276.7718 267.1862 261.0351 258.6575 257.0425 254.953 250.7846 251.4266 255.2659 250.2389 244.4027 237.4774 242.8445 240.4361 241.5165 240.8314 243.502 247.4807 251.8893 258.437 262.543 262.2147 258.9133 256.4389 255.7036 258.2163 258.6096 254.1485 248.6949 241.9897 235.6548 232.9331 232.1069 236.0435 240.7305 246.9486 251.4716 254.1154 256.9552 261.9024 269.4055 272.4373 272.864
305.856 305.0933 302.9643 298.9579 295.0458 294.7717 300.8292 302.7395 303.4015 304.9859 305.3112 307.4401 310.9412 317.6231 324.161 323.8124 313.87 305.9874 300.1561 298.9721 293.8815 283.1637 275.7499 271.4014 269.627 267.4742 263.7784 268.1451 269.8631 265.1147 256.8247 250.6788 253.3654 250.667 242.6786 235.1379 231.9787 234.1994 238.7604 245.6883 251.7783 252.2859 248.4805 245.394 243.8788 249.4096 256.7403 259.9363 259.0688 254.2773 247.6821 241.8064 240.1228 252.4251 262.0839 268.6634 272.2328 273.2011 273.1716 273.4232 274.7193 275.748 279.4932
313.8029 317.5024 317.8974 314.4001 308.6386 305.9575 313.2023 323.5269 324.2325 325.3087 326.0883 325.9297 329.628 334.7545 340.7877 345.798 346.6784 339.743 331.5418 325.6135 316.5522 303.8589 293.4935 288.3967 288.5057 287.914 287.6983 284.4258 281.7899 275.4315 266.0526 262.6329 261.9684 254.3934 250.4387 241.6966 234.0265 234.1258 233.9092 236.7554 242.1771 243.6609 242.5707 239.6934 241.7339 248.9099 267.7312 278.2722 282.2747 279.08 269.8264 259.6943 262.0035 270.4107 278.967 284.7359 287.1635 285.751 281.2405 276.5789 271.4096 272.2203 279.5416
320.3092 328.7679 333.4515 332.8657 325.748 320.3565 324.582 339.5203 344.7299 347.8461 349.9354 349.1068 349.0173 350.9893 356.2244 368.6301 371.3235 369.9589 365.7687 359.3127 346.8077 331.852 321.6415 317.524 316.0097 316.7654 309.0359 299.1432 289.7141 281.1092 271.7755 270.2601 269.3128 262.0531 256.6039 250.7378 243.5239 239.2304 238.8173 237.7737 240.0429 242.1995 245.6051 246.2131 248.3945 266.9716 287.1009 306.1048 317.7104 314.8079 304.0499 291.8764 286.224 287.4698 290.4457 291.9608 290.5321 285.576 278.2153 269.6494 262.6611 262.9482 274.6719
320.9192 334.2651 344.5356 346.9254 345.0141 336.999 338.6202 348.3153 358.4928 364.6173 370.1738 369.4359 365.9515 365.8293 372.0072 385.9008 392.8573 397.3624 400.4352 397.2232 387.0428 375.156 365.6599 359.8167 359.1274 349.9192 334.9517 315.1132 297.9661 284.5607 273.9896 275.332 275.4249 270.1126 265.3228 260.1962 255.3007 249.5737 246.119 248.3142 248.0166 247.0864 249.3684 250.8694 262.2903 276.3848 296.9571 320.4414 340.5966 350.7986 343.696 327.5678 313.2072 304.4075 299.4409 294.5109 290.7477 285.0478 276.1677 265.6686 253.9374 249.3419 258.9977
313.0329 330.5778 345.6642 358.0077 360.0792 356.4696 349.0726 352.1595 360.5609 370.5712 376.4199 378.3879 375.6281 374.6286 385.0193 397.1656 411.1587 421.8481 432.121 436.568 435.198 442.8117 442.7985 433.2892 407.9909 392.7134 368.6075 342.0423 318.2519 299.149 285.1815 288.756 289.8271 285.8745 282.6017 278.0639 274.4183 265.7097 254.7572 256.2672 256.0631 254.6811 251.8571 249.4283 264.8453 276.345 293.0227 321.815 352.8053 376.4784 383.1134 370.8781 354.1376 335.4781 322.9424 311.5323 304.8307 297.1152 287.56 273.7965 255.0483 239.9897 243.7487
303.1047 314.3683 335.176 354.8159 366.2553 367.7507 359.4588 356.3299 361.5237 368.1753 372.9764 375.874 375.1723 378.9248 382.4211 404.3715 436.7255 459.4002 476.1166 490.3773 507.9991 518.5947 523.8508 512.1804 479.4929 440.4879 414.8776 384.9402 356.0935 331.2935 323.1924 320.2862 314.3074 312.1909 308.5931 304.5919 297.1395 285.408 270.7522 263.459 262.162 258.3302 252.0418 253.1086 268.6716 282.393 293.729 317.4395 354.4089 391.1292 415.8221 420.2555 408.2424 389.7246 371.1364 353.7221 337.8816 322.9893 309.3698 290.7703 267.2745 243.1874 239.5475
307.0112 306.8748 319.9604 341.9085 366.1639 374.1348 368.8502 362.8322 361.448 366.0523 369.4997 369.6591 372.3871 371.748 374.4953 394.7712 433.1554 469.9469 494.5037 516.5389 534.1588 548.4871 560.9725 560.3394 545.2435 509.0608 472.2677 442.7725 412.7379 392.1868 377.7265 362.8031 351.84 339.7075 332.3405 326.4472 320.7199 307.2502 287.5053 272.5876 268.7186 264.9862 258.2018 266.2169 283.9424 298.5877 307.3389 318.9756 350.2416 390.7261 427.9965 454.5256 460.2679 449.0108 427.8351 403.1089 377.8642 352.7539 330.6925 308.3028 282.862 257.1713 247.368
327.6185 317.632 321.1066 338.9161 359.2427 376.8304 381.0857 373.5325 367.5722 367.9147 368.8101 365.9124 364.2535 358.9177 356.0335 366.7538 396.8972 433.9799 470.2294 500.4036 523.5837 546.3693 561.7265 576.8188 583.6525 576.762 554.3554 524.7778 496.3104 468.481 441.5101 418.7118 393.5475 375.5448 362.1465 353.8383 346.3766 335.4173 312.4981 290.1426 281.9846 277.2971 271.7879 289.3675 305.5694 320.4429 329.6445 336.4741 354.836 390.1433 424.3919 459.5099 477.1631 474.3602 459.9681 437.7763 408.0752 377.4992 350.5569 324.532 295.7223 272.1029 262.5992
363.5385 348.7569 342.9272 350.4723 362.0022 379.032 389.429 386.4537 376.9872 370.6591 368.5923 367.746 358.4861 347.1707 335.5276 329.6313 346.0893 371.8195 410.7325 450.9594 490.5097 519.2645 545.012 572.5573 593.7479 606.4962 607.4305 595.168 574.9128 547.605 521.4388 485.1415 450.7088 421.9579 402.1647 386.3655 378.5766 368.778 346.9715 318.5307 306.7297 297.4613 302.5105 313.3974 324.3405 338.2909 348.6883 356.7274 370.5732 396.504 423.2062 448.3372 461.4341 464.1531 455.5211 439.4778 418.4857 390.7552 363.9504 336.4499 307.5114 282.9592 274.7539
429.2029 414.18 401.2142 385.3367 377.4864 384.1518 392.3511 394.018 384.8761 374.7808 372.726 365.7926 355.1626 335.1508 319.0464 306.8276 301.4449 313.2173 343.3606 389.494 435.8798 475.9504 507.4388 540.8121 573.9172 599.3505 622.876 635.8338 635.391 621.6447 593.1219 549.0791 505.237 465.862 436.0568 416.2462 409.3087 402.5037 384.8156 361.9617 340.4656 332.7179 335.2058 336.827 336.5817 343.4146 352.597 363.3759 381.0295 407.4041 428.7167 442.0412 448.5733 447.1571 437.8477 424.8234 409.1503 388.2287 363.6418 338.4433 312.0428 288.8752 279.8332
492.0483 484.2462 458.7406 435.4009 411.2393 396.5818 396.86 396.9849 391.0441 384.1754 374.647 366.6876 355.0489 334.6062 314.1185 297.2996 285.1606 278.3305 292.5094 325.2816 376.8408 424.0533 459.8419 495.5596 532.1481 564.1402 600.4736 636.801 665.6265 668.2897 648.3253 603.0024 553.0258 506.2132 469.2258 445.4581 434.8215 431.0999 421.3569 404.7442 383.1902 369.1538 363.2045 354.9719 344.2959 337.0278 338.4138 347.4964 366.1734 396.4864 423.9509 437.6458 442.6303 437.1509 426.8971 411.6768 397.4044 378.6443 355.5015 329.1362 304.2005 283.9692 275.1225
548.973 537.3853 509.8106 481.8948 450.2064 418.0463 409.6015 405.3454 399.6921 395.8133 385.465 378.5301 366.0039 346.295 327.4612 308.407 288.9241 278.5959 271.1824 280.9274 324.2593 373.5074 416.0463 454.5077 493.8129 525.8405 564.2249 609.4079 653.0661 681.8302 686.2726 660.104 615.1533 566.4255 523.1855 486.787 464.4365 457.7193 450.9811 440.0819 422.2633 405.4036 389.9597 373.3524 353.2285 335.0697 325.4472 324.0957 338.3302 369.0195 397.4893 417.6491 426.5903 427.2069 418.3473 407.2867 393.8433 375.3179 352.5344 323.4662 295.2976 273.3431 264.474
