py_wake/examples/data/AJ_ParqueFicticio/Rough survey   Sector 8   Height 200m   Orographic speed.grd
DSAA
73  159
 258469   265669
 6501692   6517492
 .721692   1.448555
[rows 28 to 55 of 159, columns 0 to 62 of 73]
.9700408 .9711312 .9714034 .9718083 .9720316 .9721498 .9725977 .9725178 .9733813 .9740347 .9745115 .9748718 .9744987 .9737672 .9733347 .9732441 .9724689 .9718538 .9714293 .9710826 .9706743 .9696878 .9680325 .9659584 .9629698 .9581275 .9539441 .9514078 .9518369 .9506924 .9491078 .9468351 .9396966 .930352 .9264925 .93312 .9359078 .9306946 .9270368 .9175447 .9110929 .9098719 .9085152 .9069751 .9036469 .8990148 .8949955 .8949708 .9038438 .9185483 .9399238 .9690282 1.005117 1.041994 1.074836 1.113904 1.149188 1.156722 1.130959 1.087964 1.040556 1.000523 .9742744
.9695448 .9703292 .9714995 .9721072 .9726248 .9730533 .9733046 .9730199 .9740092 .9751192 .9756875 .9756045 .9756972 .9746475 .9736596 .9734103 .9729669 .9728105 .9728414 .9722877 .9721484 .9702578 .9677658 .9656247 .9628543 .9592215 .9558256 .9530039 .9522297 .9518101 .9511352 .9486247 .9422638 .9358937 .935993 .940493 .9375798 .932062 .9280776 .920745 .9147512 .9126185 .9108876 .9093357 .9084725 .9091222 .9131036 .9227303 .9388353 .9594748 .9828816 1.010435 1.043378 1.078383 1.111698 1.146548 1.170561 1.162763 1.125537 1.076962 1.031239 .9967455 .9856312
.9692198 .9701233 .9707828 .9719224 .9728366 .9729738 .9732352 .9729493 .9735247 .9747669 .9754916 .9756528 .9751385 .9730608 .9730356 .9732918 .9732534 .9733514 .97378 .9734007 .9725312 .9702895 .9677954 .9651603 .9633516 .9605595 .9575733 .9555745 .9539143 .9538106 .9531057 .951656 .9462641 .9396927 .9375699 .9373897 .9366027 .9342173 .9294596 .9249869 .9184303 .9146681 .9156936 .9168767 .9168358 .9212599 .9315003 .9497938 .9722353 .9980194 1.022596 1.049247 1.078862 1.109235 1.141003 1.16695 1.175053 1.152193 1.108103 1.058919 1.017142 .9950475 1.006115
.9690469 .9698421 .9704195 .9714769 .9722942 .9724119 .9727551 .9725192 .9733565 .9741194 .9747235 .9748752 .9746994 .9725656 .9721236 .9727992 .9736484 .974124 .974254 .9736636 .97257 .9702497 .9680212 .9655305 .9634519 .961212 .9594876 .9579509 .9562137 .9558691 .9541562 .9505856 .9438763 .9393824 .9379042 .9372948 .9347044 .9325479 .9286316 .9252467 .921069 .9183192 .9208443 .9249583 .9294825 .9357034 .9479041 .9672099 .9915016 1.015081 1.040799 1.070213 1.099593 1.127383 1.154242 1.16923 1.163658 1.131854 1.085991 1.040782 1.010662 1.004616 1.037728
.9693533 .969954 .9704669 .9713112 .9717724 .972209 .9720871 .9724269 .9728975 .9733613 .9739243 .9739964 .9739492 .9727347 .9725976 .9730617 .9742841 .9746923 .9747288 .9738912 .9723403 .9701436 .9680187 .9659247 .963487 .9622447 .9606742 .9600945 .9590988 .9570678 .9548528 .9514914 .9454046 .9412985 .9405646 .939978 .9360234 .9303529 .9260107 .9242048 .9232104 .9210261 .923086 .9302469 .9391264 .9508144 .964881 .9799993 .9969199 1.016979 1.04024 1.067585 1.097562 1.126022 1.151039 1.16041 1.146727 1.112879 1.070474 1.035782 1.0193 1.031316 1.077821
.9706425 .9702408 .9707019 .9711393 .9716633 .9723816 .972493 .9726404 .9727988 .9734418 .9736298 .9734958 .9732918 .9728264 .9733055 .9743977 .9752977 .9750957 .9750025 .9733595 .9718395 .9694706 .9673595 .9657584 .9636869 .9624367 .9618259 .9615262 .960507 .9578262 .9553806 .9524522 .9478424 .9440483 .9425606 .9426692 .9385539 .9305118 .9255475 .9242264 .9229037 .9230403 .924694 .9331412 .9468029 .9620441 .9777025 .99267 1.006939 1.022552 1.042828 1.06757 1.095157 1.122363 1.144184 1.153701 1.135802 1.105264 1.072379 1.0497 1.044489 1.068701 1.118019
.9709044 .9704553 .9706597 .9710436 .9713802 .9717087 .9717714 .9720661 .9725677 .9730681 .9736397 .9741961 .9738957 .9741603 .9750249 .9754202 .9758322 .9759455 .9747334 .9729862 .9701115 .968246 .9660681 .9650363 .9638592 .9634671 .963157 .9622524 .9609565 .9583982 .9558223 .9536006 .9501366 .9474682 .9435447 .9429947 .9405978 .9341396 .9271137 .9224791 .9207063 .9236001 .9297965 .940694 .9549558 .9741181 .9911209 1.008431 1.026498 1.046806 1.068941 1.092612 1.116661 1.13698 1.151873 1.157096 1.140433 1.119222 1.094859 1.078847 1.080923 1.110834 1.158654
.9697964 .9696997 .970249 .9702867 .9709132 .9709728 .9709281 .9717215 .9721536 .9726204 .9735559 .9740984 .9741916 .9741883 .97532 .9759396 .976373 .975198 .9739873 .9707183 .9675297 .9656968 .9648516 .9644158 .9642331 .9646593 .9643334 .9629493 .9618322 .9595816 .9571 .9549802 .9528165 .9506613 .9474964 .9447333 .9439895 .9408347 .9317935 .9245512 .9227811 .927572 .9394943 .9550964 .9721133 .9926317 1.014331 1.036206 1.05942 1.08348 1.107955 1.132172 1.152654 1.16614 1.174023 1.175499 1.162816 1.145787 1.126119 1.113833 1.125436 1.161683 1.202486
.9676709 .9678065 .9689091 .9698541 .970714 .9716562 .9721038 .9719064 .9717152 .9721289 .972529 .9733534 .9736795 .9734747 .9741836 .9750265 .9750392 .9732721 .9696634 .9673221 .9639595 .9636596 .9638454 .9646266 .9650352 .965246 .9645829 .9637008 .9627314 .9611343 .9589348 .9570101 .9560185 .9562582 .955095 .9521874 .9503102 .948736 .9423001 .9381165 .9404708 .9475726 .961242 .979996 .9977828 1.016373 1.039226 1.063228 1.088697 1.113911 1.135596 1.156442 1.172819 1.185435 1.193723 1.195127 1.186769 1.172181 1.157292 1.156679 1.18143 1.221886 1.254176
.9657419 .9662352 .9676946 .9690202 .9704996 .9713564 .9706141 .9708511 .9712408 .9716223 .9717168 .9720209 .9725201 .9722024 .972891 .9730615 .9721336 .9697497 .966155 .9631863 .9616032 .9622592 .9635488 .9649963 .9650664 .9655076 .9648317 .9644591 .9634615 .962448 .9615003 .9610079 .9611971 .9623213 .96328 .9612786 .9575072 .9551476 .9551336 .955493 .9624706 .9769805 .9943132 1.012828 1.030537 1.043541 1.05866 1.079517 1.100376 1.118773 1.135652 1.15287 1.169064 1.184242 1.198955 1.208436 1.204401 1.196585 1.194046 1.208336 1.246456 1.285297 1.304482
.9657969 .9661427 .9673591 .968206 .9689294 .9694612 .9687927 .9697664 .9706028 .9713582 .9713125 .9713801 .9716864 .9722694 .9722269 .971562 .9699261 .9674801 .9643667 .9618282 .9614842 .962881 .9645767 .9658862 .9657764 .9660125 .9655923 .9652823 .9641641 .9632992 .9628209 .9641405 .9662154 .9686831 .9704531 .9700558 .9654637 .9650142 .9691923 .9743721 .9867387 1.006353 1.028655 1.049885 1.065092 1.074869 1.081441 1.092191 1.102609 1.113625 1.126481 1.142582 1.162111 1.182418 1.202604 1.219265 1.224092 1.226175 1.235657 1.264955 1.30397 1.334244 1.337856
.966342 .9669222 .9675646 .9685426 .9689797 .9687864 .9695131 .9696564 .9703526 .9713396 .9723059 .9726833 .9736347 .9732998 .9720958 .9710639 .9694752 .9679696 .9660011 .9653146 .9651161 .9650548 .9663372 .9672038 .9667994 .9662476 .9663719 .9660853 .9655307 .9658809 .9665644 .9683911 .9713716 .974442 .9770026 .9791063 .9778116 .9784791 .9841523 .9950011 1.013165 1.036813 1.061437 1.084529 1.101797 1.110084 1.114947 1.120693 1.124171 1.129968 1.141925 1.159897 1.179941 1.202229 1.223231 1.241937 1.250594 1.259126 1.277989 1.306944 1.336116 1.348264 1.337749
.9662999 .9671361 .96775 .9687746 .9698431 .970297 .9704351 .9701209 .9705025 .971599 .972999 .9746333 .9741816 .9721991 .971321 .9704412 .9697204 .9690083 .9681736 .967631 .9675831 .9666103 .9671229 .9673872 .9658756 .9657198 .9662155 .9672244 .9686288 .9701083 .9719036 .9741524 .9767733 .9802272 .9843999 .9887179 .989099 .993727 1.003613 1.021879 1.045481 1.071638 1.096259 1.117338 1.135542 1.14708 1.153239 1.159662 1.161772 1.167296 1.181842 1.199452 1.220058 1.239119 1.255639 1.268327 1.278746 1.289233 1.308559 1.324813 1.328849 1.321231 1.301256
.9674737 .9669235 .9669336 .9675974 .968901 .9683967 .9681824 .9686666 .9690157 .9704534 .9721162 .9722338 .9705077 .9686604 .9685984 .9687331 .9688979 .9690745 .9682812 .9680988 .9680182 .9678204 .9669551 .9662393 .9652218 .9650931 .967316 .9701066 .9725911 .9740998 .9768554 .9798537 .9832674 .9875046 .9923147 .9976106 1.001985 1.008385 1.024688 1.047287 1.072963 1.099728 1.122157 1.141834 1.159302 1.173459 1.179677 1.185149 1.192994 1.20298 1.216854 1.232804 1.248441 1.262017 1.272485 1.284206 1.29453 1.305103 1.312799 1.308537 1.293341 1.270304 1.246359
.9675936 .9669356 .9668536 .9661426 .9662237 .9671764 .9664185 .9658938 .9666194 .9679664 .9686905 .9684514 .9668316 .9661234 .9668914 .9672184 .9680707 .9680827 .9677184 .9667878 .9668608 .9674271 .9678633 .9677455 .9678757 .9683618 .9700909 .9724756 .9748226 .9771243 .9797485 .9833022 .9874444 .9934924 .9995986 1.006177 1.012101 1.0217 1.04079 1.061635 1.082644 1.103753 1.122706 1.14142 1.156676 1.165618 1.168602 1.17124 1.182702 1.198037 1.215395 1.230071 1.241429 1.25104 1.263016 1.279872 1.296057 1.304696 1.298524 1.279596 1.249898 1.217635 1.189292
.9668866 .9667161 .9663343 .9653946 .9654419 .9653353 .9641787 .9634731 .9649615 .9667201 .9677075 .9673977 .9673174 .9672865 .9671529 .966639 .9665275 .9663348 .9663432 .9647242 .9651468 .9669962 .9691291 .9704382 .9705999 .970699 .9715836 .9735771 .9761001 .97859 .9819606 .9857692 .9915407 .9973955 1.003597 1.010846 1.017563 1.02721 1.041803 1.058652 1.074805 1.089412 1.105017 1.117904 1.124675 1.124735 1.121786 1.12716 1.141655 1.159988 1.178667 1.192777 1.205285 1.22029 1.243783 1.272541 1.294384 1.295356 1.274398 1.244952 1.206675 1.170939 1.139324
.9656572 .9656137 .9654527 .9644798 .9637879 .9629098 .9620023 .9621724 .9646585 .9669817 .9690909 .9699006 .9694446 .9682708 .9666388 .9658282 .9646574 .9636818 .963212 .9632097 .9634823 .965888 .9679952 .968775 .9679338 .9687986 .9710722 .9743153 .976976 .980136 .9829552 .9875142 .9937827 .9991249 1.005303 1.011642 1.01939 1.027418 1.03878 1.049894 1.060399 1.072466 1.08244 1.086778 1.083983 1.078532 1.079348 1.089166 1.108039 1.127743 1.144028 1.15917 1.179492 1.20925 1.244899 1.278193 1.292256 1.278397 1.247398 1.206843 1.166658 1.131207 1.104041
.964397 .9647019 .9645395 .9632852 .9633427 .9630386 .9630601 .9630978 .9649902 .9676062 .9702732 .9710669 .9700397 .9680102 .9662057 .9645236 .9631794 .9620883 .9615665 .9618156 .9628316 .9640568 .9649985 .9644411 .9638025 .9650533 .9685924 .9718925 .9751259 .9768906 .9806047 .9866998 .9920291 .9973407 1.003552 1.009808 1.018537 1.026979 1.036318 1.044074 1.051955 1.060356 1.064635 1.064508 1.064623 1.069705 1.082764 1.098906 1.115885 1.130845 1.145614 1.16575 1.195868 1.235987 1.273711 1.295181 1.286998 1.255039 1.21063 1.170192 1.134895 1.10577 1.084537
.9629431 .9635352 .9635841 .9629045 .9634247 .964063 .9647632 .9648383 .9660289 .9676214 .9700171 .9697758 .9684141 .9664026 .9638835 .9625587 .9617725 .9612805 .9613531 .9624117 .9626853 .9632062 .9637976 .9629803 .9628832 .9641019 .965794 .9682059 .9705188 .971747 .9751697 .9812913 .9864253 .9929696 .9999883 1.007009 1.01563 1.025068 1.034294 1.044501 1.053695 1.060517 1.066311 1.075345 1.087492 1.102781 1.11662 1.130562 1.141357 1.154228 1.170967 1.199273 1.236773 1.276605 1.303417 1.304467 1.274204 1.224957 1.174055 1.132236 1.103374 1.083756 1.069528
.9611366 .9615903 .9618353 .9604689 .9613504 .9637371 .9656327 .96632 .9674133 .968263 .9689971 .9681879 .966138 .9626634 .9599835 .9596261 .9599591 .9607149 .9618685 .9617925 .9616312 .9622419 .9635171 .9643777 .9632493 .9617999 .9615754 .9631206 .9650112 .9669499 .9707902 .9765334 .9822101 .9888297 .9962363 1.005 1.013519 1.024507 1.034929 1.046555 1.059248 1.07157 1.084613 1.096895 1.110175 1.121279 1.127314 1.132338 1.139564 1.156889 1.187124 1.230089 1.274527 1.304868 1.312061 1.290922 1.249784 1.197321 1.146326 1.102615 1.073204 1.053292 1.042088
.9595408 .9593945 .9592595 .9585777 .9598712 .9625328 .9650737 .9670436 .9677319 .9676423 .9674569 .9654225 .9623676 .9583163 .9561945 .9563816 .9572283 .9586295 .9595322 .9578162 .9578125 .9588686 .9597561 .9586228 .9564705 .9551456 .9555016 .9580976 .9613751 .965305 .9711368 .9765473 .9820061 .9880282 .995612 1.004545 1.013813 1.024303 1.035033 1.046957 1.059857 1.073079 1.085574 1.096631 1.105193 1.10832 1.109437 1.117053 1.135906 1.166874 1.210435 1.256522 1.292638 1.304868 1.289986 1.255352 1.211945 1.167037 1.122893 1.084566 1.055297 1.032177 1.014101
.9585484 .9581949 .9574254 .9574696 .9597153 .9626541 .9652885 .9664396 .9666793 .965621 .9632273 .9610919 .9575769 .9541986 .9536766 .9549115 .9556894 .955364 .9547129 .9538436 .9538332 .9540715 .9538789 .9523198 .9499682 .9494745 .9517348 .9551302 .9586632 .9632357 .9703442 .9780476 .9844075 .9900017 .9967789 1.005859 1.013975 1.022236 1.032138 1.042064 1.053315 1.062803 1.071745 1.080055 1.084466 1.089854 1.10187 1.125913 1.159638 1.199665 1.241109 1.274078 1.288327 1.277003 1.246097 1.203692 1.164464 1.127545 1.092702 1.067061 1.042465 1.021258 1.004018
.9575413 .9579014 .9582173 .960014 .9620919 .9642708 .9663363 .9668381 .9660833 .9642766 .9612045 .9580429 .9547595 .9544606 .954958 .9554867 .9561259 .9550177 .9538957 .9529305 .9522568 .9524825 .9522061 .9515978 .9519421 .9537535 .9532757 .9548457 .9575861 .9626007 .9680824 .9742073 .979021 .9844794 .9930419 1.002734 1.010121 1.01712 1.027089 1.036357 1.046319 1.0557 1.063628 1.071495 1.082255 1.098228 1.124019 1.156503 1.191681 1.225233 1.252979 1.268351 1.261267 1.233876 1.19717 1.154713 1.117743 1.088422 1.0621 1.043729 1.029792 1.016295 1.003962
.9560707 .9576623 .9593264 .9616656 .9638559 .9656626 .9668261 .9666926 .9656994 .9642292 .9613918 .958903 .9569392 .9558431 .9559053 .9560684 .9567771 .9564237 .9557375 .9558501 .9546713 .9536458 .9530463 .9529198 .9549738 .9572001 .9565994 .9567543 .9590909 .9631706 .9673908 .9696417 .9725853 .9772156 .9867021 .996192 1.003136 1.011267 1.021778 1.032867 1.044096 1.056419 1.068238 1.082651 1.101371 1.12528 1.153301 1.181068 1.206073 1.225457 1.238306 1.242885 1.224426 1.189296 1.152741 1.116105 1.082541 1.057532 1.036591 1.022451 1.013726 1.009984 1.006431
.9550402 .9573689 .9584728 .9611748 .9637197 .9655455 .966067 .9656515 .9652644 .9642594 .9626378 .9604396 .9582539 .9574215 .9566163 .955516 .9549531 .9539617 .9547104 .9570876 .9580805 .9568692 .9558949 .9564757 .9583973 .9600551 .9603662 .9609637 .9621717 .9645619 .9682811 .97088 .9728813 .9780061 .9861041 .9937084 1.001313 1.012946 1.023458 1.033652 1.046078 1.059477 1.075974 1.094242 1.117338 1.142469 1.166078 1.184971 1.199781 1.210264 1.216858 1.214966 1.189835 1.15201 1.116233 1.087797 1.061361 1.039872 1.022744 1.008987 1.000637 .9970978 .9965624
.9556345 .9574735 .9592831 .9619101 .9644033 .9657575 .9660673 .9657192 .9650647 .9644541 .9634312 .9613723 .9592617 .9580232 .9570783 .9558448 .9542552 .9528294 .9537963 .956268 .9595044 .9594158 .958414 .9596707 .9615491 .963477 .9633291 .9641137 .9650284 .9673231 .9708209 .9759907 .980571 .9894949 .9975855 1.008312 1.019658 1.026529 1.035871 1.049657 1.058057 1.069231 1.086063 1.104634 1.126505 1.147059 1.163549 1.176672 1.186981 1.194463 1.196672 1.18835 1.16085 1.12217 1.087855 1.063126 1.04796 1.035919 1.021295 1.004316 .9923092 .9843509 .9814581
.9569198 .9593204 .9615422 .9633107 .965309 .9669829 .9669582 .9661382 .9652756 .9647267 .9636329 .9621618 .9596498 .9580647 .9572679 .9568278 .9559255 .9549283 .9552459 .9555823 .9563338 .9558576 .9559861 .9597843 .9633852 .9646546 .9651813 .9652609 .9660402 .9706197 .9785237 .9869484 .9946135 1.005251 1.01845 1.032462 1.043907 1.052306 1.059449 1.071408 1.081851 1.091487 1.102578 1.116718 1.132993 1.147759 1.160172 1.170221 1.17598 1.178157 1.171925 1.158848 1.133156 1.096619 1.063417 1.045496 1.038068 1.033727 1.020721 1.003755 .9846568 .9739769 .9705403
.9588987 .9615259 .9632876 .9651346 .9661211 .9667672 .9672434 .9662638 .9653231 .9645061 .9636467 .9626372 .9603537 .9584888 .9575964 .9570111 .9578071 .9572076 .9574971 .9569819 .9558633 .9543291 .955698 .9597285 .9632928 .9646292 .9658589 .9670346 .970322 .9804434 .9941902 1.007854 1.015671 1.028337 1.041901 1.056467 1.070356 1.079149 1.085002 1.094694 1.107578 1.116322 1.124978 1.132263 1.139995 1.148892 1.15848 1.162449 1.161195 1.15416 1.144353 1.132645 1.108779 1.073627 1.0429 1.031079 1.028627 1.028179 1.016179 .9984838 .9787948 .9658522 .9604181
