py_wake/examples/data/AJ_ParqueFicticio/Rough survey   Sector 7   Height 200m   Orographic turn.grd
DSAA
73  159
 258469   265669
 6501692   6517492
-10.85354   12.08443
[rows 0 to 26 of 159, columns 0 to 61 of 73]
.3695787 .4688612 .5190175 .5173919 .5353608 .5441918 .539289 .5403509 .5382575 .5544894 .5711985 .618664 .6503611 .6728361 .7061698 .6665073 .5983655 .4703264 .2853257 .01692602 -.2357845 -.3402909 .03324408 .6683136 1.323681 2.031488 2.446319 2.667595 2.803864 2.886808 2.992072 3.078653 3.059481 2.842035 2.572744 2.377269 2.153642 1.960668 1.807004 1.639786 1.504045 1.3514 1.227101 1.148593 1.098817 1.013417 .9629576 .8649618 .8050907 .758817 .7380483 .7917905 .8608474 .9529069 1.126399 1.306744 1.482119 1.673555 1.800003 1.909087 2.03834 2.115969
.1488177 .3583003 .4243613 .4297622 .4296552 .4439903 .4569677 .4877701 .491737 .4855366 .4789487 .5160908 .5533084 .610253 .6574659 .6402649 .591848 .4657431 .3307211 .07313468 -.1059105 -.1179901 .1472019 .5673904 1.132673 1.910367 2.638108 2.983082 3.091505 3.167236 3.239009 3.347306 3.427258 3.278245 3.053561 2.73547 2.32419 1.872611 1.550605 1.325455 1.102126 .9478687 .8243469 .7937751 .9572071 .8942762 .8147862 .7010309 .6226932 .5770268 .5388753 .6106791 .6907398 .8487969 1.034262 1.21346 1.467688 1.681109 1.914133 2.106591 2.279506 2.393589
-.1677509 .194402 .3147804 .3428821 .3485656 .3593512 .3740737 .4004684 .4350955 .457254 .4174666 .4107371 .4810261 .5420728 .6181173 .6444921 .6039134 .5235893 .4385517 .2723198 .1598206 .2137973 .2902251 .4776358 .9855754 1.856936 2.600848 3.068026 3.268434 3.375827 3.47323 3.621862 3.713061 3.662849 3.494558 3.076477 2.500951 1.840554 1.333062 .9748265 .7217565 .6183681 .5357058 .4839064 .6053702 .7204229 .6929374 .5842735 .4621886 .3500784 .2761025 .3232387 .4879531 .7116194 .9295281 1.15297 1.436409 1.735021 2.04248 2.306797 2.571777 2.720685
-.6519304 -.2111199 .09275794 .2062007 .2326547 .2594162 .2960327 .3379844 .3825019 .4306546 .4320932 .3495509 .3764067 .4534749 .5912501 .6787027 .6892908 .6253784 .5649925 .4798088 .4656522 .5578959 .6374419 .6990306 .9799579 1.648579 2.470935 3.018233 3.293208 3.464778 3.618536 3.860858 3.950433 3.932616 3.841429 3.51195 2.879942 2.039945 1.238511 .6831496 .3494464 .2651889 .3134257 .2854493 .2957461 .4640974 .4725789 .4084025 .3082573 .2045017 .09929879 .1861191 .3305843 .534867 .7553731 1.056594 1.419521 1.823098 2.215537 2.592176 2.934546 3.167378
-1.129079 -.704504 -.2798569 -.0078041 .1212763 .1532226 .1770919 .2587808 .3258505 .3812455 .4272333 .4113998 .3400328 .3868521 .5772757 .7037591 .7721176 .7799882 .7354149 .7338201 .7726107 .8773494 1.029292 1.09453 1.248151 1.686476 2.317069 2.832745 3.196198 3.430078 3.702889 3.900915 3.953352 3.919817 3.943836 3.837984 3.408537 2.528386 1.561574 .6561979 .09859405 .07477643 .2781304 .3468283 .2415307 .2134994 .1646443 .1953848 .1537028 .100083 -.0351927 -.01671193 .0649024 .2253156 .4969943 .8841854 1.375386 1.881525 2.419031 2.929093 3.355232 3.667681
-1.392257 -1.216431 -.8617615 -.4043519 -.05310237 .02127649 .06091909 .1836789 .2751046 .3375916 .3538193 .4222808 .3412467 .4236341 .5516258 .7171215 .8758023 .984896 1.034252 1.068818 1.115157 1.232615 1.32367 1.405304 1.491974 1.761697 2.199448 2.61927 2.96986 3.310117 3.584339 3.673939 3.553627 3.543972 3.581377 3.696591 3.616745 3.071 2.13102 1.05574 .419135 .2702675 .4208501 .4552457 .3448724 .07201346 .01228799 .09460362 .1062295 .003436371 -.1326745 -.3183481 -.3151118 -.1781387 .1464048 .6515516 1.283188 1.948077 2.651046 3.29166 3.844212 4.155757
-1.563937 -1.531866 -1.429222 -1.079925 -.5251266 -.1621606 -.04470381 .0590445 .1598843 .2275088 .2336825 .3089757 .329036 .3789135 .4797015 .648827 .9245631 1.195066 1.381562 1.47621 1.528842 1.559718 1.637709 1.626156 1.582917 1.705455 2.045201 2.372209 2.715399 2.993705 3.220883 3.346604 3.222171 3.129689 3.277792 3.363295 3.446888 3.218596 2.574502 1.841853 1.285418 .9505973 .7611546 .5304727 .2650279 .05648333 .03924876 .1327709 .2005717 .05078951 -.233928 -.51421 -.6902179 -.6492445 -.2884776 .3311794 1.141528 1.980347 2.857116 3.671993 4.250339 4.472118
-1.614755 -1.637457 -1.577246 -1.435046 -1.015739 -.5724349 -.2689951 -.09297106 .01276901 .06859045 .09407952 .1185432 .1918819 .2236175 .3227742 .5202591 .8917668 1.29156 1.658946 1.98268 2.077544 2.025027 1.929532 1.785131 1.583344 1.527756 1.796388 2.098773 2.352968 2.598307 2.740635 2.765151 2.780449 2.80025 2.919253 3.056004 3.167537 3.095141 2.844536 2.542638 2.236695 1.754633 1.158436 .5797659 .1104053 .05416702 .1893339 .2798496 .232051 .02265126 -.2643927 -.5758111 -.855599 -.9908808 -.6820638 .09398261 1.001041 1.937965 2.950636 3.747662 4.192733 4.152467
-1.668062 -1.716724 -1.687141 -1.587471 -1.298934 -.9084895 -.5219932 -.3126536 -.1441661 -.1163729 -.103834 -.05354287 -.007145967 .01143121 .04921127 .2556543 .6851888 1.285822 1.875351 2.414445 2.683398 2.547077 2.362056 2.062308 1.684205 1.40176 1.482763 1.74059 1.922514 2.076195 2.167941 2.218864 2.260997 2.335437 2.490396 2.601957 2.821142 2.927218 2.987181 3.006863 2.850136 2.354892 1.545818 .7619683 .3132056 .2963467 .3360224 .1701081 .08258224 -.1091864 -.4641344 -.7774104 -1.036804 -1.007317 -.709134 -.01535813 .870165 1.782697 2.650276 3.300497 3.564163 3.365967
-1.70103 -1.765635 -1.783181 -1.662529 -1.429588 -1.022108 -.5780569 -.3470591 -.3140444 -.3380894 -.4038392 -.3231583 -.2052815 -.1898635 -.2743977 -.1371614 .3025552 .9883937 1.785438 2.518248 3.071945 3.226284 2.918024 2.630711 2.238013 1.636644 1.34 1.404565 1.45676 1.53846 1.624432 1.689198 1.712707 1.796795 1.915928 2.060384 2.400205 2.761547 2.924162 3.022951 2.95647 2.539283 1.863831 1.23984 .9252906 .6888881 .447679 .05482696 -.1833945 -.2791353 -.5752159 -.888679 -.9858375 -.6891825 -.2238753 .1506504 .8173687 1.428025 1.994639 2.271722 2.395265 2.209099
-1.749098 -1.792611 -1.804182 -1.711464 -1.576008 -1.238623 -.9546809 -.6419005 -.5635396 -.6961705 -.7442861 -.6309485 -.4227344 -.354515 -.4368905 -.4947129 -.239137 .426741 1.24279 2.094162 2.881485 3.372939 3.381987 3.19123 2.887402 2.302456 1.606897 1.225069 1.113284 1.140462 1.09521 1.099145 1.173817 1.224358 1.339188 1.57281 1.922593 2.311519 2.576797 2.640082 2.524458 2.214874 1.855421 1.651008 1.512059 1.045294 .4852096 -.05242902 -.3257956 -.4384397 -.5589923 -.590883 -.4036202 .0154727 .4081667 .6409473 .7908211 .9522063 1.06342 .9927241 .9570296 .9756746
-1.715772 -1.775087 -1.738319 -1.624278 -1.617718 -1.513574 -1.361762 -1.218519 -1.038424 -1.160245 -1.090503 -.8892865 -.6392423 -.4148205 -.4431403 -.6026797 -.5463477 -.155863 .4852682 1.272399 2.204344 2.983639 3.421933 3.412134 3.179122 2.70446 1.820502 1.287777 1.051713 .7980734 .6534891 .6260563 .6206203 .6975484 .7818054 1.051535 1.408782 1.734566 2.038493 2.034679 1.935307 1.651805 1.531301 1.461784 1.417662 1.045825 .4255801 -.05741407 -.4307023 -.4265283 -.1694923 .1502474 .4825121 .8054492 1.045153 .973802 .8027785 .4580168 .1780766 -.140306 -.2455301 .03851007
-1.656038 -1.700264 -1.682489 -1.623759 -1.642633 -1.647305 -1.668855 -1.689065 -1.600038 -1.533136 -1.27024 -1.125497 -1.002331 -.7051025 -.5006256 -.4793254 -.5372541 -.5411401 -.147553 .4616876 1.251348 2.087765 2.812217 3.137135 3.103164 2.757455 2.169424 1.493103 .9735574 .5368931 .2972609 .1649586 .134413 .1863467 .2730874 .5462014 .8893038 1.130511 1.303465 1.366797 1.245599 1.046597 .9300644 .9130517 .9747645 .7327636 .2594347 -.1652185 -.3997197 -.2539895 .2754464 .9183 1.278258 1.352565 1.216767 .9261318 .343453 -.1330748 -.5548519 -.7770878 -.6554555 -.00970503
-1.588662 -1.61098 -1.645692 -1.666166 -1.693654 -1.768995 -1.868059 -1.934447 -1.828133 -1.631778 -1.450611 -1.375706 -1.360525 -1.187924 -.8684528 -.5545444 -.5883135 -.5824563 -.485305 -.1306323 .4049956 1.119822 1.868368 2.415245 2.615022 2.488022 2.041024 1.419743 .7560333 .3317802 .04674196 -.1240653 -.2597173 -.3062746 -.1146146 .1235014 .4221185 .5451002 .5825753 .5117137 .4164911 .329656 .2330202 .2143058 .3035148 .1960203 -.09839735 -.3211051 -.3806359 -.1465854 .4684449 1.057115 1.385074 1.218426 .6768517 -.03468093 -.499936 -.758711 -.7115866 -.4193473 .2166198 1.07633
-1.491417 -1.550244 -1.61501 -1.666227 -1.748813 -1.824543 -1.930147 -1.985091 -1.919782 -1.770353 -1.613929 -1.509715 -1.499635 -1.367602 -1.080738 -.7743517 -.6712937 -.6130247 -.5855103 -.477632 -.2265344 .2047158 .751892 1.407593 1.890734 1.968368 1.731603 1.249216 .7480693 .2905008 -.02004443 -.3340309 -.5820057 -.7263063 -.5654423 -.1900436 .07954771 .1204466 -.07944319 -.364588 -.5562323 -.6302617 -.6338001 -.6109045 -.6724311 -.6650803 -.7903364 -.7387961 -.5814382 -.308659 .1685894 .4776824 .5544409 .1943171 -.4103585 -1.070108 -1.304179 -.9342066 -.2201061 .7594321 1.741653 2.803196
-1.429677 -1.519702 -1.607121 -1.681701 -1.758827 -1.853461 -1.931723 -2.015258 -2.007495 -1.891977 -1.693123 -1.572377 -1.525457 -1.403284 -1.147062 -.8722355 -.7573894 -.7427916 -.7832944 -.7920695 -.6608657 -.5215268 -.3807758 .1148713 .7256679 1.208633 1.268735 .9882366 .6153252 .1914167 -.1627242 -.5107111 -.9269458 -1.163637 -.9746888 -.5321602 -.1495603 -.200438 -.6072516 -1.205225 -1.5467 -1.549567 -1.402636 -1.473182 -1.546113 -1.579733 -1.445148 -1.26977 -.9313799 -.561062 -.3791481 -.3675565 -.5895285 -1.030967 -1.421649 -1.563419 -1.184981 -.3842348 .5988788 1.735819 2.949534 3.9857
-1.405676 -1.481503 -1.577225 -1.667073 -1.745653 -1.832118 -1.93201 -1.986991 -1.979923 -1.874718 -1.744009 -1.606442 -1.497112 -1.356176 -1.217906 -1.113475 -1.015251 -.9034174 -.9337441 -.966145 -.9599651 -.9559524 -.9944274 -.9292316 -.5688134 .06626307 .5027206 .5772812 .3492053 .04683437 -.2989216 -.7280018 -1.271777 -1.517834 -1.194318 -.884358 -.5220012 -.5743362 -1.203364 -2.043834 -2.44199 -2.418572 -2.302256 -2.212698 -2.250926 -2.224602 -2.051334 -1.690742 -1.286703 -.8664163 -.6804982 -.8627046 -1.182128 -1.434297 -1.431036 -1.07992 -.3598175 .3526551 1.237736 2.015405 2.984441 4.01194
-1.38176 -1.474746 -1.561804 -1.658736 -1.725407 -1.801795 -1.88756 -1.937698 -1.923748 -1.86897 -1.743734 -1.595063 -1.447093 -1.353311 -1.306931 -1.249186 -1.209899 -1.134778 -1.152644 -1.171445 -1.204777 -1.236327 -1.301032 -1.375063 -1.28121 -.9880027 -.5282539 -.1628528 -.03273587 -.1445417 -.4205828 -.9490816 -1.432239 -1.449219 -1.236269 -1.121935 -.9820896 -1.063812 -1.719326 -2.613328 -3.159461 -3.36904 -3.235817 -2.975767 -2.800566 -2.577101 -2.285973 -1.96791 -1.483252 -1.067041 -.858231 -.9609175 -1.118472 -1.158879 -.857516 -.2769945 .3828741 .9504738 1.402445 1.925946 2.555209 3.394429
-1.358337 -1.453142 -1.546708 -1.645433 -1.712235 -1.775642 -1.837588 -1.87342 -1.86493 -1.832015 -1.709503 -1.546557 -1.44185 -1.41641 -1.379406 -1.34772 -1.3232 -1.301359 -1.292271 -1.294282 -1.320486 -1.392359 -1.512548 -1.631629 -1.672999 -1.551644 -1.274339 -.9167638 -.6068411 -.4862092 -.6215057 -1.033395 -1.361784 -1.326421 -1.28303 -1.398111 -1.406296 -1.530955 -2.129465 -3.05979 -3.638926 -3.905221 -3.839752 -3.582755 -3.164223 -2.762975 -2.466996 -2.057014 -1.653553 -1.327363 -1.163661 -1.087798 -1.03958 -.8093502 -.4652829 .0507385 .5397473 .9920461 1.389584 1.73381 2.180197 2.709641
-1.333714 -1.433031 -1.550672 -1.653204 -1.697774 -1.748374 -1.772082 -1.781167 -1.801271 -1.785869 -1.695962 -1.617431 -1.528267 -1.460852 -1.46966 -1.446279 -1.442942 -1.442882 -1.400846 -1.381758 -1.416124 -1.484396 -1.544083 -1.66761 -1.801292 -1.895832 -1.827521 -1.564067 -1.190003 -1.034617 -1.10359 -1.090426 -1.121087 -1.218691 -1.455098 -1.707616 -1.874719 -2.079276 -2.571078 -3.189932 -3.547868 -3.800579 -3.837141 -3.691365 -3.403499 -3.104166 -2.686734 -2.268878 -1.937603 -1.795079 -1.709963 -1.514065 -1.204975 -.8457725 -.4911986 -.06651121 .4126408 .8334734 1.2288 1.635949 2.039928 2.436078
-1.298993 -1.417219 -1.549242 -1.638898 -1.684703 -1.697924 -1.726617 -1.724411 -1.735422 -1.729308 -1.681175 -1.646791 -1.594307 -1.567982 -1.530863 -1.527087 -1.532821 -1.523924 -1.467784 -1.455949 -1.489337 -1.52907 -1.594233 -1.687481 -1.806566 -1.937685 -1.946395 -1.903329 -1.754481 -1.652512 -1.508056 -1.12937 -.8889506 -1.223061 -1.65051 -2.006235 -2.270385 -2.451443 -2.747417 -2.90168 -3.098917 -3.286514 -3.527614 -3.594167 -3.591138 -3.565221 -3.24987 -2.767514 -2.469826 -2.527869 -2.418927 -2.172858 -1.697 -1.315032 -.8308694 -.3909888 .09400789 .5959583 1.130674 1.757864 2.195096 2.471019
-1.300027 -1.366769 -1.527492 -1.629926 -1.654636 -1.65949 -1.653266 -1.657379 -1.661042 -1.67068 -1.679962 -1.667088 -1.622701 -1.605413 -1.609239 -1.574532 -1.566558 -1.569273 -1.541485 -1.57441 -1.618159 -1.64055 -1.635011 -1.695083 -1.818403 -1.935277 -1.998999 -2.052732 -2.155532 -2.22263 -1.833874 -1.281 -.762 -.9928913 -1.669782 -2.347524 -2.693143 -2.670446 -2.577325 -2.502084 -2.602018 -2.967424 -3.360863 -3.636902 -3.904235 -3.998959 -3.76811 -3.439323 -3.317577 -3.370637 -3.270843 -2.90013 -2.391719 -1.873771 -1.411862 -.8269626 -.2513404 .4618207 1.238977 2.034216 2.631095 2.791679
-1.324619 -1.396154 -1.49821 -1.560234 -1.597698 -1.608481 -1.590547 -1.593875 -1.608206 -1.628039 -1.697028 -1.684185 -1.663228 -1.634655 -1.624752 -1.635178 -1.575763 -1.58811 -1.614599 -1.653637 -1.686355 -1.723851 -1.735698 -1.792921 -1.863282 -1.984972 -2.081347 -2.181293 -2.381604 -2.448613 -2.083863 -1.492507 -.9570919 -.9257892 -1.561111 -2.495026 -3.016894 -2.903214 -2.423428 -2.12326 -2.308561 -2.840482 -3.381057 -3.826189 -4.12691 -4.292798 -4.316725 -4.276781 -4.342188 -4.328782 -4.146801 -3.743904 -3.13651 -2.526458 -1.844887 -1.141347 -.2927591 .6908064 1.670561 2.499248 3.106743 3.239969
-1.355413 -1.436522 -1.461213 -1.474884 -1.489401 -1.517106 -1.528567 -1.549034 -1.568544 -1.620451 -1.677339 -1.697941 -1.666009 -1.673204 -1.629458 -1.615224 -1.564056 -1.587667 -1.654805 -1.711385 -1.753287 -1.803592 -1.828785 -1.867828 -1.948643 -2.038448 -2.154344 -2.268103 -2.36465 -2.280512 -1.954387 -1.66833 -1.339499 -1.187814 -1.622153 -2.422319 -3.050516 -3.066743 -2.568697 -2.098555 -2.233989 -2.749095 -3.368756 -3.928664 -4.325246 -4.621527 -4.862607 -5.045887 -5.169899 -5.197031 -5.000722 -4.498994 -3.721399 -2.911357 -2.077428 -1.118797 .01774671 1.212424 2.345916 3.109964 3.512397 3.451727
-1.335597 -1.428946 -1.427922 -1.407182 -1.437369 -1.459216 -1.46696 -1.505314 -1.517568 -1.62817 -1.640035 -1.672957 -1.660938 -1.647761 -1.621764 -1.632258 -1.609361 -1.629101 -1.697605 -1.767902 -1.820218 -1.85742 -1.902068 -1.948535 -1.99663 -2.077102 -2.181195 -2.261249 -2.211174 -2.026123 -1.857494 -1.865948 -1.880426 -1.792607 -1.849082 -2.410247 -2.833018 -2.969504 -2.766536 -2.393768 -2.474587 -2.827147 -3.403252 -4.012692 -4.489927 -4.945095 -5.336954 -5.651053 -5.863678 -5.919527 -5.708948 -5.074745 -4.090352 -3.013384 -1.850316 -.7426133 .602706 1.98823 3.116694 3.611046 3.637841 3.265984
-1.336696 -1.370844 -1.379849 -1.358475 -1.362954 -1.393817 -1.453629 -1.454467 -1.495277 -1.596883 -1.614038 -1.618923 -1.620115 -1.611836 -1.610518 -1.608148 -1.638143 -1.686823 -1.744738 -1.812734 -1.836065 -1.880086 -1.955818 -2.02259 -2.047899 -2.091419 -2.162462 -2.273306 -2.229826 -2.020336 -1.99865 -2.0895 -2.206201 -2.296399 -2.278151 -2.490329 -2.746894 -2.913517 -2.85775 -2.675412 -2.65365 -2.918688 -3.495318 -4.120141 -4.664823 -5.218242 -5.658139 -6.090796 -6.37277 -6.406575 -6.099535 -5.380393 -4.211952 -2.811596 -1.411671 -.06365854 1.339978 2.794621 3.722928 3.905492 3.448481 2.744176
-1.337766 -1.331456 -1.326162 -1.314747 -1.337181 -1.353518 -1.397323 -1.441036 -1.480514 -1.499318 -1.51536 -1.556682 -1.564014 -1.564887 -1.606016 -1.613245 -1.660804 -1.718436 -1.768646 -1.8265 -1.849655 -1.89698 -1.947478 -2.019327 -2.143828 -2.248148 -2.25015 -2.352262 -2.350719 -2.287609 -2.221621 -2.237484 -2.365268 -2.51194 -2.63055 -2.775043 -2.799716 -2.881121 -2.902812 -2.791117 -2.889714 -3.176813 -3.697419 -4.193042 -4.83646 -5.410791 -5.970976 -6.434258 -6.713654 -6.565143 -6.20831 -5.384709 -4.101638 -2.491802 -.7985773 .7668126 2.18418 3.380649 3.989507 3.83474 3.011229 2.043318
