py_wake/examples/data/AJ_ParqueFicticio/Rough survey   Sector 2   Height 200m   Mean speed.grd
DSAA
73  159
 258469   265669
 6501692   6517492
 3.573825   7.33496
[rows 112 to 139 of 159, columns 0 to 62 of 73]
5.952073 5.965371 5.986402 6.034562 6.097923 6.196025 6.318107 6.458346 6.598629 6.708812 6.791055 6.828997 6.782693 6.691659 6.563806 6.417539 6.317074 6.293475 6.290424 6.254665 6.258824 6.282912 6.296941 6.333646 6.379971 6.39662 6.335402 6.190511 5.993216 5.782538 5.619353 5.514143 5.470879 5.481673 5.520042 5.59572 5.734462 5.936667 6.164892 6.398429 6.576704 6.686459 6.722784 6.683632 6.591815 6.48747 6.394016 6.319026 6.265872 6.214342 6.083702 5.858825 5.622929 5.417933 5.273696 5.184048 5.134922 5.093957 5.052881 5.0075 4.977763 4.990551 5.072479
6.060284 6.087718 6.128096 6.190714 6.264893 6.384872 6.505495 6.648888 6.772842 6.858159 6.915133 6.930107 6.859422 6.73025 6.569954 6.422118 6.362298 6.363897 6.340745 6.289741 6.276446 6.279859 6.312569 6.367956 6.393448 6.350464 6.222452 6.030614 5.832822 5.667312 5.562998 5.553917 5.600088 5.655279 5.72922 5.846071 6.012964 6.233163 6.480337 6.684429 6.82847 6.869723 6.822483 6.712381 6.567825 6.435472 6.323627 6.223513 6.124651 5.997688 5.830359 5.60159 5.406074 5.259961 5.160544 5.115124 5.088033 5.067816 5.032144 4.98918 4.979958 5.002911 5.051682
6.147918 6.203404 6.270331 6.340662 6.431438 6.564558 6.692462 6.82511 6.93162 6.995092 7.036759 7.023465 6.910129 6.744838 6.573602 6.480732 6.467991 6.477515 6.437083 6.389968 6.359262 6.343146 6.338785 6.355962 6.334046 6.246244 6.076129 5.882231 5.695628 5.583539 5.551877 5.597096 5.681667 5.775764 5.910833 6.0848 6.309408 6.563452 6.818443 7.006007 7.078044 7.038213 6.906405 6.730966 6.550203 6.397274 6.260417 6.131432 5.993003 5.820426 5.616566 5.420321 5.26137 5.158568 5.102632 5.074243 5.058082 5.039926 5.019431 4.993737 4.984794 5.005748 5.031234
6.16306 6.252607 6.343613 6.433081 6.533918 6.677539 6.822108 6.94599 7.044288 7.112614 7.144973 7.087834 6.947987 6.775658 6.674853 6.649559 6.673863 6.675581 6.631042 6.582277 6.521364 6.458696 6.381292 6.313671 6.223232 6.098008 5.910281 5.730114 5.586539 5.526397 5.557484 5.633198 5.71004 5.827941 6.013459 6.264637 6.558039 6.848655 7.107236 7.259414 7.266215 7.152073 6.940432 6.726852 6.528839 6.350614 6.18013 6.019977 5.852746 5.675846 5.489872 5.317629 5.181126 5.107942 5.075604 5.051053 5.03552 5.022738 5.003965 4.987156 4.982783 4.989039 5.000401
6.062027 6.182667 6.287529 6.403093 6.536599 6.701544 6.868596 7.007225 7.119775 7.20154 7.223674 7.143142 6.99621 6.896823 6.838528 6.852378 6.881181 6.883637 6.841303 6.775683 6.680623 6.546805 6.404791 6.260995 6.109629 5.958951 5.777834 5.609737 5.516084 5.522358 5.584645 5.651143 5.737327 5.878311 6.105894 6.386778 6.699098 7.00612 7.259877 7.33496 7.276187 7.095265 6.87728 6.663942 6.460288 6.274518 6.089939 5.916049 5.738439 5.570445 5.406822 5.268084 5.157944 5.084833 5.046747 5.02358 5.006456 4.992033 4.979418 4.961726 4.951931 4.947819 4.949138
5.855764 5.982086 6.10479 6.25146 6.472047 6.690161 6.874924 7.033529 7.159136 7.247254 7.245749 7.15163 7.062302 6.986279 6.949152 6.967028 6.979083 6.962939 6.90464 6.817979 6.690581 6.520855 6.337479 6.176801 6.011391 5.851285 5.685392 5.564276 5.530014 5.575508 5.631896 5.681045 5.794842 5.970948 6.198386 6.44477 6.695993 6.971951 7.123442 7.147439 7.037935 6.820404 6.609754 6.41694 6.248246 6.085715 5.916257 5.749049 5.588398 5.438109 5.315807 5.213901 5.133454 5.068502 5.025348 4.992891 4.969838 4.945433 4.915601 4.895599 4.884446 4.860764 4.849375
5.63479 5.784399 5.976946 6.205752 6.446697 6.676682 6.873622 7.033742 7.146999 7.196078 7.153973 7.064566 7.005601 6.94136 6.914279 6.906621 6.884555 6.819165 6.739314 6.624191 6.485878 6.322785 6.154302 6.015656 5.899795 5.778331 5.636713 5.572042 5.596051 5.639924 5.668369 5.719448 5.842413 6.005476 6.17301 6.344443 6.549816 6.718735 6.792662 6.760636 6.625875 6.399894 6.205914 6.042525 5.896687 5.770805 5.642593 5.508512 5.392845 5.293149 5.215934 5.157582 5.109727 5.060115 5.022055 4.982265 4.953139 4.912069 4.857956 4.790929 4.72642 4.697308 4.676433
5.561092 5.744616 5.967072 6.215059 6.465703 6.701646 6.899437 7.041021 7.120509 7.102357 7.003745 6.877398 6.777455 6.726103 6.701161 6.681244 6.623761 6.523795 6.397814 6.269698 6.1434 6.018898 5.916834 5.862191 5.790732 5.712597 5.643348 5.60735 5.635784 5.664081 5.666317 5.710065 5.821744 5.93238 6.043392 6.210084 6.384143 6.524477 6.489836 6.34961 6.192639 5.983136 5.80961 5.68027 5.551549 5.437572 5.338068 5.248585 5.183995 5.138032 5.109609 5.094703 5.068747 5.04195 5.011572 4.977107 4.933937 4.875578 4.783308 4.667157 4.565754 4.521499 4.513281
5.611846 5.817624 6.050015 6.297208 6.542641 6.767151 6.944866 7.064352 7.09521 7.005679 6.843696 6.676029 6.545132 6.455687 6.428228 6.404499 6.344222 6.220425 6.068869 5.94372 5.838577 5.760056 5.708356 5.695341 5.69311 5.652626 5.619904 5.606179 5.613204 5.618415 5.612268 5.663735 5.749663 5.813818 5.935433 6.105384 6.30783 6.391786 6.305481 6.092912 5.882868 5.677227 5.518381 5.406452 5.293514 5.182004 5.103512 5.048755 5.019977 5.012652 5.008117 5.004879 5.004443 4.989187 4.961013 4.925229 4.861841 4.763417 4.625253 4.503091 4.431478 4.426775 4.455105
5.794501 5.985972 6.20315 6.436207 6.65556 6.856827 7.007332 7.077271 7.027358 6.888512 6.711202 6.529942 6.375579 6.282431 6.233987 6.190715 6.111155 5.989453 5.850815 5.721999 5.63085 5.582696 5.551155 5.548934 5.549526 5.541437 5.537498 5.540265 5.546717 5.54726 5.560696 5.619019 5.666476 5.744749 5.890447 6.10819 6.275179 6.306584 6.161991 5.90923 5.674316 5.46364 5.313947 5.201234 5.109594 5.042694 4.988198 4.959449 4.95149 4.949085 4.951748 4.937205 4.920091 4.901996 4.865813 4.806304 4.717157 4.578534 4.441576 4.372146 4.389705 4.448857 4.553698
5.985156 6.17396 6.377743 6.589315 6.781268 6.940071 7.04807 7.050459 6.924211 6.762193 6.611259 6.439106 6.299293 6.207922 6.115995 6.019437 5.908949 5.783712 5.663485 5.552059 5.462584 5.436154 5.434514 5.427133 5.419885 5.407594 5.438785 5.470647 5.490933 5.496691 5.538957 5.587933 5.642684 5.784381 5.952157 6.162089 6.263167 6.202961 6.000796 5.720275 5.472007 5.300977 5.150426 5.035676 4.969609 4.942744 4.934242 4.938992 4.936583 4.93518 4.91938 4.893179 4.841651 4.789843 4.714577 4.627686 4.528102 4.412606 4.342454 4.379836 4.493787 4.61526 4.749878
6.167625 6.372719 6.57244 6.755629 6.901123 7.000647 7.026164 6.935671 6.777359 6.621789 6.505116 6.377836 6.264398 6.167946 6.072381 5.952698 5.817496 5.667603 5.533319 5.436322 5.372719 5.353035 5.390436 5.396456 5.367103 5.340379 5.338809 5.405387 5.476447 5.515628 5.560462 5.621206 5.730639 5.889134 6.03898 6.180921 6.185109 6.043073 5.785811 5.488486 5.276786 5.138751 5.019331 4.924391 4.869994 4.859285 4.870937 4.900164 4.918218 4.915548 4.894914 4.845061 4.77816 4.677662 4.553131 4.441046 4.355468 4.305576 4.358807 4.507916 4.667534 4.812628 4.944534
6.339924 6.566712 6.760377 6.903557 6.998076 7.011227 6.916875 6.767404 6.590259 6.455064 6.374898 6.286043 6.205775 6.135554 6.047388 5.939982 5.812363 5.688627 5.584809 5.513269 5.474005 5.481176 5.477235 5.458925 5.401467 5.337177 5.334508 5.396854 5.484843 5.555485 5.613693 5.706227 5.833803 5.956287 6.052 6.113788 6.038713 5.834568 5.554926 5.262571 5.072977 4.98822 4.928989 4.87897 4.832202 4.808872 4.804904 4.826686 4.854843 4.861061 4.835905 4.773709 4.668252 4.535925 4.408496 4.316821 4.260483 4.326185 4.465494 4.647015 4.813534 4.954471 5.069911
6.477261 6.708733 6.886669 6.996515 7.026028 6.942513 6.776496 6.577053 6.397191 6.288319 6.232268 6.169346 6.113513 6.065813 5.999069 5.946584 5.889266 5.831787 5.777332 5.74982 5.732319 5.700522 5.632376 5.54119 5.462877 5.403375 5.421396 5.505413 5.590689 5.648973 5.695209 5.777389 5.862144 5.924778 5.982751 5.980391 5.850518 5.621521 5.348062 5.09967 4.928781 4.856599 4.829563 4.818922 4.804618 4.792852 4.781247 4.770703 4.763134 4.752701 4.714431 4.618872 4.484571 4.345224 4.262514 4.231782 4.269951 4.41317 4.598416 4.765794 4.910998 5.032449 5.141912
6.579126 6.792919 6.951584 7.024985 6.990593 6.850194 6.650649 6.447499 6.276436 6.153503 6.083509 6.033677 5.999031 5.945806 5.882228 5.827132 5.821523 5.852379 5.882044 5.893633 5.863654 5.792723 5.682304 5.565 5.49407 5.486012 5.534307 5.623528 5.684151 5.712957 5.731867 5.778261 5.822942 5.832592 5.871039 5.822647 5.65911 5.42156 5.155325 4.953317 4.815443 4.75408 4.719028 4.716382 4.726534 4.732281 4.729462 4.712318 4.680038 4.626628 4.544999 4.421049 4.276558 4.182222 4.167966 4.219801 4.345799 4.541741 4.743504 4.871345 4.976804 5.074121 5.150278
6.651025 6.842498 6.965794 7.007777 6.917465 6.747332 6.554048 6.365606 6.191803 6.053703 5.953152 5.904288 5.868199 5.801701 5.755645 5.734012 5.703627 5.733385 5.791383 5.805461 5.761813 5.684375 5.584452 5.500954 5.464712 5.483403 5.548801 5.618136 5.65941 5.66659 5.67686 5.70334 5.747749 5.741212 5.745848 5.64162 5.4579 5.21629 4.981522 4.798398 4.684695 4.636692 4.625913 4.626988 4.638633 4.649109 4.663882 4.666357 4.632817 4.558626 4.441852 4.300453 4.197381 4.17362 4.234834 4.354243 4.528217 4.712237 4.85565 4.937892 5.006588 5.068843 5.102813
6.664029 6.843461 6.944388 6.939017 6.808115 6.611616 6.419644 6.241244 6.086033 5.964656 5.871407 5.792526 5.747335 5.691566 5.661589 5.658343 5.627233 5.611553 5.593811 5.569719 5.522405 5.469109 5.395487 5.346815 5.344403 5.360127 5.392969 5.437192 5.473405 5.500739 5.531465 5.590865 5.626518 5.609305 5.570206 5.427931 5.221052 4.978839 4.793548 4.649734 4.571078 4.543221 4.542069 4.550188 4.583162 4.603187 4.625349 4.641315 4.638858 4.567493 4.445655 4.317061 4.263381 4.32125 4.456214 4.616573 4.769086 4.874113 4.919437 4.954427 5.000137 5.031842 5.046452
6.684798 6.837377 6.89289 6.831018 6.653224 6.427626 6.241457 6.081593 5.950235 5.853182 5.779734 5.714383 5.657917 5.631095 5.612306 5.590999 5.546128 5.495603 5.445199 5.350249 5.279509 5.250693 5.195307 5.168332 5.199228 5.215647 5.228843 5.251227 5.275224 5.315918 5.372693 5.421624 5.424361 5.41294 5.346719 5.199679 4.993022 4.785353 4.652102 4.551597 4.512486 4.499674 4.500481 4.508693 4.540912 4.586169 4.622924 4.640951 4.631842 4.57507 4.459026 4.373177 4.392472 4.530409 4.704185 4.853414 4.940236 4.963457 4.951932 4.96629 4.98994 5.019893 5.05267
6.774247 6.853862 6.824267 6.678242 6.470332 6.257678 6.106496 5.96184 5.855902 5.784107 5.733429 5.681259 5.631957 5.604757 5.572006 5.530478 5.477651 5.41527 5.324629 5.207865 5.111332 5.075786 5.054053 5.054821 5.090577 5.121905 5.170264 5.197587 5.23614 5.247857 5.27173 5.269693 5.26266 5.234864 5.146292 5.010548 4.832662 4.686392 4.614474 4.559371 4.531599 4.518371 4.515632 4.525349 4.546204 4.581183 4.632765 4.652891 4.621305 4.547976 4.461201 4.444014 4.531343 4.710894 4.868871 4.970879 5.015658 5.020589 5.003678 5.012846 5.048173 5.060318 5.084354
6.887449 6.863717 6.733847 6.538516 6.309273 6.13402 6.030667 5.925084 5.857115 5.807503 5.767512 5.71962 5.666111 5.587603 5.532888 5.481392 5.435362 5.354892 5.248929 5.116908 5.023902 4.974214 4.954602 4.979648 5.019385 5.087502 5.179443 5.246263 5.282605 5.282334 5.284318 5.243847 5.200901 5.119397 5.029845 4.911767 4.776823 4.68007 4.637992 4.612983 4.583551 4.577388 4.581629 4.599713 4.618182 4.641492 4.650835 4.64632 4.602596 4.523672 4.477866 4.530831 4.673337 4.839216 4.9547 5.02053 5.057539 5.077737 5.074961 5.071766 5.086977 5.092838 5.110093
6.922585 6.794416 6.615839 6.403201 6.181794 6.039855 5.956897 5.904449 5.875245 5.826334 5.789151 5.730266 5.653735 5.56598 5.485777 5.435622 5.379216 5.293036 5.175655 5.061686 4.969112 4.911866 4.897355 4.919411 4.994418 5.09412 5.213601 5.314462 5.333325 5.310659 5.294047 5.259353 5.203844 5.127233 5.014028 4.880369 4.780516 4.699336 4.663102 4.639992 4.630341 4.639675 4.653609 4.680127 4.697003 4.701539 4.678998 4.635603 4.571188 4.505328 4.519725 4.622845 4.774391 4.909549 4.992799 5.045395 5.079385 5.099649 5.11115 5.106649 5.110155 5.116304 5.129869
6.88669 6.686658 6.465834 6.250191 6.056106 5.955493 5.907052 5.881167 5.863789 5.812225 5.753932 5.671834 5.583605 5.495437 5.409646 5.358633 5.296238 5.200207 5.089225 5.004062 4.929193 4.874668 4.855668 4.887497 4.979605 5.09844 5.23044 5.318693 5.309637 5.266376 5.268826 5.246323 5.191533 5.100624 4.996416 4.879643 4.770838 4.683888 4.644134 4.621207 4.627541 4.637798 4.673157 4.706775 4.714884 4.686889 4.656371 4.601625 4.536353 4.505399 4.557609 4.671939 4.802749 4.910608 4.991426 5.045988 5.086082 5.109547 5.132505 5.144108 5.14193 5.150568 5.160606
6.826043 6.58303 6.331243 6.116224 5.963315 5.912158 5.901262 5.883708 5.86071 5.805576 5.709795 5.600942 5.493742 5.400469 5.314398 5.250029 5.181669 5.095955 5.00248 4.939201 4.882883 4.836079 4.82227 4.865313 4.964591 5.109043 5.236182 5.298435 5.24246 5.173236 5.134023 5.124511 5.08057 5.01593 4.917463 4.82269 4.71967 4.652215 4.608677 4.586694 4.595556 4.610749 4.642876 4.662841 4.64366 4.608941 4.569423 4.520202 4.483421 4.498434 4.57412 4.678677 4.792191 4.893779 4.96971 5.031749 5.084379 5.11608 5.143482 5.152775 5.159976 5.173639 5.185574
6.773295 6.502351 6.239473 6.034402 5.925033 5.89472 5.873281 5.842696 5.812905 5.750874 5.645728 5.528498 5.414149 5.319407 5.234384 5.154616 5.081997 5.009865 4.936518 4.880665 4.840273 4.81601 4.816516 4.868919 4.977477 5.121302 5.230035 5.251414 5.187407 5.09601 5.022751 4.972789 4.931498 4.887916 4.815034 4.741491 4.67219 4.606565 4.56793 4.564389 4.582614 4.601255 4.606132 4.587285 4.549395 4.481156 4.429916 4.404639 4.424523 4.488029 4.581892 4.684782 4.779868 4.866882 4.939431 5.00285 5.059447 5.108248 5.131384 5.145129 5.153718 5.172188 5.18391
6.693587 6.418885 6.160724 5.963148 5.871822 5.828502 5.769371 5.720876 5.689798 5.630618 5.533697 5.423239 5.327032 5.238378 5.153354 5.095764 5.013493 4.930617 4.880348 4.827071 4.808411 4.821534 4.837729 4.900477 5.020499 5.156219 5.231525 5.198614 5.109962 5.003553 4.925129 4.867373 4.803611 4.74642 4.69153 4.649463 4.612216 4.571589 4.562349 4.573195 4.597275 4.60745 4.588778 4.532071 4.460705 4.391418 4.353647 4.374034 4.437372 4.530997 4.621474 4.700667 4.768403 4.835585 4.896106 4.952059 5.004498 5.054087 5.094078 5.112186 5.1272 5.142393 5.156853
6.544605 6.278065 6.039651 5.856862 5.766222 5.693171 5.624485 5.585796 5.551231 5.47744 5.380966 5.298041 5.229057 5.156781 5.087595 5.019444 4.941053 4.87243 4.826676 4.792027 4.793772 4.821871 4.851304 4.934425 5.055211 5.169024 5.207047 5.137447 5.021307 4.89861 4.812395 4.769867 4.714376 4.647997 4.604485 4.577967 4.564097 4.558341 4.564139 4.590344 4.615938 4.614272 4.584498 4.51248 4.443577 4.394115 4.406746 4.471812 4.551258 4.617002 4.661889 4.703197 4.749217 4.800512 4.850653 4.889131 4.919677 4.96499 5.010649 5.045314 5.06865 5.090319 5.107491
6.326976 6.096645 5.883002 5.710938 5.611143 5.54004 5.504417 5.498111 5.446973 5.343763 5.245263 5.178023 5.115748 5.044191 4.99235 4.96343 4.902829 4.848689 4.808536 4.803779 4.81135 4.838569 4.870048 4.96339 5.062427 5.137134 5.138519 5.053032 4.932126 4.811102 4.723591 4.683293 4.650762 4.607186 4.566436 4.547458 4.543237 4.553303 4.566225 4.584748 4.604001 4.597291 4.554823 4.499586 4.462884 4.447697 4.499287 4.559662 4.624169 4.661525 4.687198 4.714733 4.75306 4.789946 4.823558 4.836634 4.848507 4.879255 4.904187 4.952043 4.995203 5.02679 5.053795
6.121211 5.912561 5.719004 5.540409 5.448057 5.427763 5.447263 5.446164 5.378987 5.276989 5.178323 5.093593 5.017634 4.943559 4.891969 4.884351 4.856678 4.828175 4.831184 4.845127 4.85357 4.877545 4.917603 4.992528 5.046829 5.074424 5.058176 4.974102 4.862188 4.754669 4.676188 4.631917 4.613142 4.585383 4.56037 4.549576 4.546279 4.555713 4.573651 4.572459 4.575184 4.558879 4.51708 4.465201 4.449432 4.464137 4.506935 4.564052 4.624142 4.660898 4.714034 4.772693 4.810526 4.823748 4.813556 4.7959 4.794625 4.81699 4.860591 4.89443 4.917493 4.9542 4.985294
