py_wake/examples/data/AJ_ParqueFicticio/Rough survey   Sector 2   Height 30m   Mean speed.grd
DSAA
73  159
 258469   265669
 6501692   6517492
 .0483088   7.25462
[rows 28 to 55 of 159, columns 0 to 62 of 73]
2.860738 2.88013 2.882804 2.884261 2.88239 2.878273 2.878113 2.880009 2.915332 2.923923 2.922296 2.916744 2.894059 2.878984 2.871866 2.869937 2.857105 2.850657 2.848065 2.851778 2.863372 2.866754 2.837378 2.817969 2.790425 2.745542 2.726247 2.709347 2.721784 2.711514 2.698937 2.680176 2.581403 2.465692 2.439464 2.652543 2.741601 2.639618 2.556844 2.434357 2.427457 2.498938 2.468718 2.40877 2.320349 2.260315 2.147517 2.005584 2.015084 2.141848 2.333465 2.625952 3.066352 3.388312 3.458076 3.770674 4.0978 4.255986 4.069905 3.638247 3.149085 2.568832 2.161393
2.843919 2.85967 2.874455 2.881913 2.884315 2.890152 2.89279 2.886808 2.91005 2.929568 2.934835 2.934987 2.933817 2.88885 2.877634 2.87346 2.863508 2.859434 2.865497 2.87621 2.887604 2.872137 2.834975 2.814497 2.79585 2.770436 2.751639 2.725882 2.723823 2.725525 2.71848 2.69776 2.66981 2.635158 2.746001 2.873097 2.742879 2.665602 2.619328 2.537446 2.528917 2.528604 2.491733 2.409663 2.377921 2.32975 2.375367 2.428664 2.551804 2.733566 2.855989 3.028946 3.325275 3.609807 3.861942 4.24024 4.548747 4.466801 4.169195 3.681387 3.073498 2.547008 2.220166
2.837834 2.852453 2.86091 2.875334 2.886239 2.889158 2.89421 2.880811 2.895752 2.914254 2.928255 2.933899 2.92459 2.856196 2.86115 2.869865 2.865133 2.864707 2.884722 2.890417 2.889262 2.86975 2.845275 2.819616 2.815017 2.794666 2.769387 2.755893 2.746895 2.769578 2.784337 2.78939 2.807489 2.724199 2.736026 2.717091 2.71109 2.71225 2.659149 2.622384 2.546215 2.4954 2.570183 2.535358 2.422828 2.458104 2.60505 2.854128 3.141876 3.408312 3.534811 3.641768 3.752051 3.971962 4.349479 4.559225 4.539763 4.2441 3.803532 3.242636 2.634094 2.334561 2.279304
2.831739 2.847377 2.857855 2.871318 2.877426 2.879064 2.884881 2.873514 2.8865 2.90186 2.913446 2.919018 2.91546 2.865362 2.851088 2.86378 2.872435 2.875772 2.89877 2.886953 2.889478 2.871006 2.854121 2.834619 2.822217 2.808527 2.794277 2.782915 2.790899 2.820836 2.799616 2.751988 2.670019 2.687608 2.708185 2.711648 2.691151 2.712157 2.656413 2.611299 2.578639 2.565689 2.610044 2.63079 2.605872 2.558406 2.610913 2.886172 3.199942 3.404179 3.639705 3.835912 4.05576 4.204248 4.435418 4.514304 4.330971 3.926347 3.335174 2.74595 2.428272 2.183946 2.700357
2.845327 2.855231 2.858922 2.868691 2.871815 2.873716 2.867736 2.872793 2.882707 2.891338 2.900387 2.902083 2.89815 2.886951 2.868051 2.872063 2.88531 2.893908 2.900042 2.898113 2.890424 2.874484 2.860734 2.844878 2.827508 2.824991 2.816706 2.83264 2.839488 2.825921 2.806715 2.772916 2.715625 2.707715 2.743586 2.750548 2.708405 2.672795 2.570724 2.573453 2.572736 2.533266 2.582889 2.683003 2.695077 2.763238 2.855114 2.892622 2.946787 3.022646 3.186311 3.399304 3.673857 3.907141 4.222207 4.261536 4.067262 3.59752 2.986042 2.534117 2.402801 2.514293 3.270427
2.876002 2.861781 2.863959 2.863486 2.86884 2.875234 2.87768 2.882951 2.881866 2.889461 2.893157 2.887543 2.884383 2.897605 2.89587 2.904766 2.904125 2.905009 2.900406 2.897243 2.893191 2.86988 2.854708 2.847474 2.832777 2.827567 2.838779 2.837271 2.848138 2.826415 2.809085 2.788664 2.748981 2.72878 2.749117 2.768955 2.709226 2.6293 2.59594 2.608981 2.529264 2.516891 2.463722 2.562693 2.748554 2.794323 2.903754 2.894701 2.854551 2.787964 2.836158 3.038226 3.28105 3.589932 3.85851 4.084117 3.813627 3.297545 2.840357 2.643449 2.661652 3.027206 3.799201
2.88085 2.864494 2.860934 2.860889 2.863111 2.864977 2.861995 2.868501 2.87634 2.882755 2.887025 2.895586 2.892532 2.931998 2.93726 2.932331 2.922683 2.92178 2.918018 2.909546 2.878841 2.859866 2.8416 2.838379 2.834547 2.84101 2.855075 2.849294 2.849302 2.828888 2.811092 2.796981 2.764274 2.748403 2.738408 2.751538 2.710647 2.668916 2.595876 2.55178 2.389329 2.360137 2.389957 2.495668 2.64768 2.80787 2.81823 2.810828 2.888741 3.06391 3.177145 3.383566 3.521844 3.607382 3.827218 3.963626 3.791827 3.557976 3.277748 3.135673 3.018988 3.453019 4.045277
2.860186 2.848341 2.85005 2.850215 2.853933 2.845461 2.850905 2.863126 2.86998 2.873266 2.883918 2.89602 2.911225 2.921674 2.93663 2.942118 2.943519 2.917018 2.929479 2.896369 2.85436 2.832324 2.827174 2.828584 2.83491 2.855822 2.864247 2.859427 2.856596 2.841302 2.817904 2.798118 2.774359 2.753681 2.726046 2.712184 2.74069 2.730383 2.577394 2.369706 2.273359 2.191147 2.283004 2.505152 2.705212 3.020948 3.122291 3.267166 3.475131 3.681633 3.930427 4.137568 4.32066 4.380265 4.303199 4.310089 4.187025 4.069602 3.652612 3.316188 3.239317 3.900131 4.327881
2.825501 2.820309 2.833648 2.843473 2.853641 2.858756 2.882795 2.871302 2.86101 2.862831 2.865595 2.880557 2.899484 2.902143 2.909359 2.922211 2.933565 2.907361 2.845571 2.860433 2.811435 2.804528 2.813376 2.832278 2.842633 2.859147 2.864665 2.864319 2.864468 2.85536 2.830927 2.801234 2.794655 2.828382 2.829969 2.806961 2.806949 2.75869 2.619341 2.538076 2.46195 2.396862 2.475123 2.689026 2.957282 3.161932 3.475869 3.685873 4.048697 4.380382 4.562829 4.634069 4.604345 4.576469 4.608352 4.558574 4.436651 4.189163 3.754668 3.468099 3.878562 4.669091 5.021024
2.795327 2.799478 2.818118 2.834757 2.855427 2.877985 2.848714 2.849555 2.852891 2.853869 2.852241 2.855979 2.871857 2.877079 2.886689 2.896309 2.891293 2.857721 2.803377 2.77349 2.770394 2.779868 2.809637 2.836139 2.831753 2.856231 2.862383 2.865944 2.866007 2.864944 2.850812 2.841594 2.857828 2.878245 2.899153 2.904121 2.851514 2.741788 2.719699 2.610439 2.688966 2.874674 2.973702 3.034284 3.17235 3.242838 3.452483 3.700588 3.910776 4.04961 4.076036 4.142295 4.174963 4.176743 4.303122 4.525039 4.427336 4.161075 3.955325 3.975174 4.849518 5.658432 5.93146
2.816903 2.804936 2.815369 2.825511 2.831851 2.83916 2.81978 2.834993 2.845781 2.851249 2.844461 2.839503 2.851537 2.894984 2.888333 2.874709 2.854979 2.81845 2.766818 2.73966 2.782748 2.799549 2.82927 2.847546 2.840527 2.860586 2.86665 2.869578 2.861918 2.859379 2.846498 2.855235 2.897513 2.924899 2.958489 2.917135 2.823561 2.795061 2.762315 2.722649 2.853217 3.083402 3.281034 3.436514 3.478385 3.56868 3.486744 3.293897 3.318309 3.272534 3.294058 3.396121 3.540866 3.80873 4.089548 4.367507 4.445604 4.263483 4.331707 4.891515 6.052234 6.305971 6.382984
2.817048 2.822108 2.826499 2.83345 2.830038 2.821805 2.854899 2.845777 2.851195 2.858164 2.862336 2.860959 2.923258 2.925822 2.89498 2.874571 2.849187 2.824751 2.792647 2.82928 2.876661 2.854469 2.861883 2.873621 2.867746 2.864975 2.865597 2.865797 2.861794 2.862144 2.8768 2.896147 2.929886 2.967471 2.975606 2.989145 2.926001 2.870542 2.733118 2.799522 2.978823 3.288678 3.526355 3.682451 3.809316 3.809283 3.776959 3.805064 3.50412 3.348441 3.361257 3.511174 3.72639 3.91422 4.271398 4.663291 4.630205 4.636058 5.088628 5.902144 6.37748 6.568353 6.17564
2.835371 2.829499 2.833037 2.846427 2.860176 2.875452 2.878909 2.857808 2.856878 2.868816 2.890145 2.918636 2.95233 2.907222 2.882559 2.863926 2.854485 2.852196 2.845926 2.891046 2.904206 2.869563 2.866748 2.873742 2.847869 2.842204 2.852982 2.869936 2.88341 2.913441 2.953695 2.962527 2.968949 2.993118 3.021784 3.063977 3.032212 2.944385 2.855553 3.084739 3.389815 3.750115 3.973865 4.11147 4.192232 4.256218 4.299405 4.455135 4.290554 4.244779 4.318676 4.449122 4.692777 4.901009 5.03121 4.984316 5.02518 5.128833 5.60971 6.085627 6.206359 6.060708 5.676857
2.853975 2.827858 2.825799 2.837693 2.862036 2.844822 2.834755 2.834319 2.836892 2.856514 2.886182 2.895881 2.8634 2.836521 2.840108 2.847689 2.857736 2.865501 2.856819 2.879426 2.884143 2.868819 2.83556 2.807111 2.817856 2.823874 2.865582 2.905895 2.927276 2.971682 3.003654 3.018881 3.039293 3.064397 3.083224 3.138513 3.172855 3.021683 3.192825 3.529287 3.90328 4.271446 4.455163 4.629616 4.760153 4.933322 4.924495 4.926037 4.9813 5.06076 5.255973 5.363505 5.432128 5.382166 5.270749 5.235863 5.124925 5.365996 5.526228 5.487771 5.148669 4.83325 4.774696
2.84816 2.829878 2.822326 2.814957 2.827377 2.848124 2.816348 2.792147 2.800273 2.820362 2.832514 2.826974 2.794778 2.803231 2.819657 2.831872 2.848701 2.857405 2.863741 2.85266 2.852479 2.85318 2.82984 2.825979 2.881355 2.915261 2.920435 2.943971 2.964746 2.990057 3.01758 3.045565 3.058182 3.118133 3.173163 3.212204 3.186384 3.268981 3.531834 3.778333 4.037544 4.180178 4.341735 4.585574 4.81338 4.932051 4.879402 4.652545 4.731316 4.962022 5.191535 5.331684 5.313697 5.083071 4.853586 4.959575 5.064743 5.341029 5.394112 5.07149 4.60257 4.258601 3.999174
2.831594 2.827539 2.815468 2.800778 2.821912 2.836423 2.808955 2.753716 2.778467 2.802259 2.808195 2.802914 2.818268 2.845726 2.838548 2.831424 2.83456 2.836839 2.843996 2.823778 2.819333 2.84321 2.878497 2.928387 2.956209 2.94725 2.94384 2.956475 2.966022 3.001909 3.033912 3.052392 3.110125 3.162118 3.213449 3.245037 3.271371 3.320242 3.479156 3.675024 3.738239 3.774485 3.991323 4.237797 4.301528 4.123939 3.646482 3.574686 3.816693 4.074488 4.348796 4.324077 4.124788 3.919852 4.039987 4.5518 5.087603 5.296994 5.105174 4.713453 4.290625 3.899827 3.483934
2.820401 2.816333 2.8132 2.791232 2.773256 2.766706 2.765444 2.751176 2.787082 2.813819 2.836876 2.873169 2.886775 2.876555 2.841314 2.828131 2.814461 2.8049 2.800258 2.816318 2.79869 2.831658 2.86896 2.863691 2.888632 2.890323 2.922474 2.959143 2.987888 3.043402 3.049428 3.068345 3.14933 3.186955 3.199484 3.235399 3.281298 3.29874 3.390605 3.473969 3.454407 3.513521 3.561359 3.518258 3.207903 2.759928 2.444504 2.589079 2.83029 3.051296 3.106964 3.090441 3.139383 3.428288 3.934475 4.556542 4.996323 5.194006 4.888937 4.315663 3.810311 3.441206 3.215232
2.806732 2.813907 2.805041 2.781248 2.779712 2.774223 2.800339 2.784026 2.801785 2.839461 2.880968 2.895986 2.90479 2.877736 2.840753 2.816974 2.801241 2.784876 2.771718 2.782596 2.800705 2.812201 2.815671 2.79796 2.779184 2.814777 2.870496 2.914374 2.961673 2.978966 2.998542 3.05112 3.104538 3.14059 3.143155 3.192569 3.258443 3.300863 3.348458 3.318897 3.339805 3.300721 3.122078 2.836913 2.577299 2.483147 2.845312 3.213171 3.491286 3.45141 3.469369 3.430765 3.631574 4.129554 4.799375 5.04058 5.035056 4.710111 4.356318 3.992957 3.706656 3.466794 3.366362
2.795368 2.812291 2.814885 2.786674 2.785798 2.799954 2.810159 2.805565 2.814248 2.853293 2.903306 2.88378 2.886355 2.860579 2.809646 2.793551 2.788488 2.780588 2.771327 2.830083 2.822437 2.813238 2.801806 2.779219 2.793377 2.837085 2.822909 2.84187 2.861603 2.879707 2.876174 2.914559 2.956054 3.04389 3.063681 3.131876 3.209948 3.276474 3.293999 3.372453 3.412939 3.34309 3.124587 3.188322 3.559698 4.040044 4.367346 4.62563 4.504524 4.406001 4.155396 4.213551 4.547314 5.116206 5.552817 5.458647 5.072201 4.374199 3.783448 3.508209 3.488207 3.569528 3.638973
2.78104 2.795556 2.805087 2.744193 2.752671 2.786684 2.811349 2.814602 2.827092 2.87999 2.914843 2.887186 2.875273 2.822515 2.757423 2.757225 2.770664 2.789449 2.802255 2.834494 2.811975 2.816226 2.835846 2.86524 2.892274 2.818492 2.757715 2.762479 2.767143 2.755898 2.797917 2.827722 2.851743 2.967595 2.97496 3.092107 3.163364 3.270279 3.341805 3.443864 3.597739 3.776121 3.970046 4.171379 4.455532 4.602859 4.483802 4.154888 3.780012 3.683741 3.874872 4.523139 5.279029 5.639206 5.713856 5.44113 5.013628 4.264627 3.701028 3.324313 3.10699 3.105903 3.208561
2.764807 2.764481 2.767125 2.738487 2.730518 2.764968 2.798429 2.826878 2.854334 2.844356 2.892036 2.877091 2.829426 2.786021 2.701324 2.718693 2.741691 2.775466 2.803239 2.752237 2.747863 2.773082 2.801685 2.797345 2.752126 2.70395 2.6637 2.696472 2.722675 2.745081 2.847941 2.861903 2.859102 2.932429 2.981834 3.067885 3.210961 3.292953 3.400101 3.510957 3.673885 3.848026 3.994526 4.148681 4.150131 3.871474 3.345367 3.067822 3.108373 3.39695 4.062578 4.984564 5.52005 5.672312 5.396686 4.976714 4.560348 4.222236 3.743473 3.313131 3.14816 2.911797 2.684922
2.75527 2.743357 2.723415 2.717923 2.741493 2.770567 2.801641 2.827479 2.836516 2.808763 2.774937 2.799583 2.747369 2.686002 2.685485 2.707673 2.721683 2.721574 2.727013 2.706112 2.686572 2.70535 2.706633 2.672456 2.607464 2.589056 2.620287 2.655481 2.685174 2.730057 2.860458 2.947449 2.997547 3.053046 3.051804 3.149397 3.216424 3.248384 3.324543 3.385658 3.435172 3.446968 3.382413 3.339473 3.163853 2.951588 2.876999 3.15482 3.77788 4.402009 5.016408 5.320885 5.399291 5.150987 4.631435 4.188731 4.002451 3.76145 3.434164 3.425222 3.12215 2.941457 2.716027
2.740703 2.739807 2.727822 2.777992 2.789263 2.804361 2.824637 2.847025 2.826558 2.794904 2.751925 2.716014 2.697429 2.723883 2.745321 2.737197 2.738328 2.707989 2.697373 2.69985 2.681662 2.677609 2.673157 2.651224 2.663152 2.709732 2.665653 2.651403 2.662679 2.762348 2.829099 2.900726 2.936615 2.891245 2.984983 3.090196 3.131215 3.110781 3.174014 3.218446 3.194627 3.195852 3.167123 3.088636 3.043207 3.128309 3.561541 4.163414 4.704781 5.074222 5.216003 5.158511 4.998059 4.553399 4.143394 3.649499 3.417541 3.426275 3.204409 3.166394 3.159146 3.033354 2.998316
2.721711 2.746236 2.752455 2.795259 2.813772 2.831547 2.853457 2.839425 2.819815 2.801188 2.768595 2.753554 2.764502 2.761214 2.760195 2.760046 2.775276 2.748986 2.75653 2.767258 2.724084 2.687126 2.679075 2.66967 2.726093 2.750432 2.711699 2.674855 2.706195 2.771549 2.795772 2.789517 2.782364 2.728206 2.827604 2.917554 2.937002 2.906419 2.993784 3.06542 3.100538 3.255197 3.328734 3.485374 3.70442 4.038945 4.404397 4.706163 4.795302 4.784132 4.709631 4.654085 4.427441 4.037665 3.768184 3.472037 3.17308 2.991656 2.957302 2.956699 2.959211 3.093741 3.188596
2.708915 2.736968 2.740207 2.775929 2.80586 2.828042 2.84779 2.818141 2.815068 2.807891 2.794909 2.780018 2.775641 2.76692 2.758019 2.744931 2.750154 2.73931 2.715429 2.776635 2.782429 2.736969 2.718343 2.747864 2.76414 2.772033 2.769515 2.768963 2.754809 2.750404 2.764697 2.736899 2.669554 2.687513 2.678019 2.66577 2.662161 2.798187 2.885416 2.878597 2.993085 3.153418 3.293219 3.528234 3.873199 4.249398 4.464504 4.504745 4.435775 4.371991 4.364002 4.360841 4.093214 3.798982 3.570807 3.280411 3.128381 2.980486 2.83854 2.909036 2.878364 2.898437 2.954892
2.712057 2.733112 2.7596 2.786195 2.807615 2.824876 2.845097 2.827933 2.816916 2.8155 2.809868 2.79392 2.77545 2.767248 2.756828 2.737889 2.724528 2.697758 2.720638 2.768022 2.826613 2.790473 2.780348 2.790011 2.800397 2.816994 2.802434 2.798448 2.758595 2.715986 2.74815 2.791107 2.776269 2.763934 2.752256 2.866665 2.952692 2.920341 2.907295 3.098795 2.991806 3.005361 3.214236 3.400196 3.662258 3.920208 4.020723 4.081822 4.13643 4.265968 4.384729 4.36631 3.964977 3.6748 3.396723 3.081292 3.074104 3.193094 3.163702 2.987705 2.948877 2.691315 2.692639
2.733946 2.76441 2.797398 2.803851 2.819637 2.849649 2.859443 2.838023 2.824781 2.822257 2.817723 2.806032 2.7817 2.76569 2.764665 2.749704 2.762073 2.766734 2.751935 2.751273 2.778163 2.757712 2.685919 2.76295 2.821256 2.808898 2.810572 2.784767 2.682932 2.687564 2.712537 2.822863 2.811266 2.92975 3.076674 3.224487 3.298436 3.307303 3.387479 3.40698 3.528269 3.39608 3.377391 3.443314 3.594157 3.721868 3.860341 4.042181 4.199093 4.301416 4.159801 4.025868 3.797542 3.531918 3.188434 3.050389 3.145928 3.336433 3.293465 3.226459 2.866024 2.67312 2.800828
2.778109 2.808344 2.823105 2.826456 2.828256 2.860755 2.855405 2.840813 2.830209 2.824234 2.822004 2.815204 2.79006 2.771629 2.774303 2.750648 2.788267 2.786757 2.771141 2.749911 2.735037 2.699907 2.688143 2.74858 2.799166 2.777982 2.790766 2.787818 2.667331 2.683837 2.866483 3.154146 3.135603 3.247418 3.395391 3.502472 3.674154 3.750705 3.81534 3.886163 3.952277 4.01475 3.934872 3.89776 3.853459 3.81366 3.908646 3.990149 4.002004 3.848244 3.680504 3.674711 3.581801 3.357232 2.962433 2.853166 3.088356 3.399652 3.296785 3.119593 3.025638 2.806168 2.743553
