py_wake/examples/data/AJ_ParqueFicticio/Rough survey   Sector 10   Height 200m   Orographic speed.grd
DSAA
73  159
 258469   265669
 6501692   6517492
 .6160442   1.459435
[rows 84 to 111 of 159, columns 0 to 62 of 73]
.9955859 .9952946 .9958376 .9974966 .999907 1.003749 1.007897 1.012852 1.016635 1.018261 1.018327 1.017889 1.015348 1.013361 1.014124 1.012531 1.011724 1.0112 1.012478 1.018906 1.027078 1.035645 1.047069 1.064514 1.089875 1.124202 1.159661 1.187356 1.200971 1.193681 1.171256 1.14672 1.124113 1.099274 1.077484 1.049293 1.035902 1.037117 1.046824 1.060551 1.069678 1.066746 1.053842 1.037013 1.02518 1.012409 .9957263 .9835348 .9729523 .9680249 .9720016 .9800128 .9896338 .9946207 .9939166 .9826107 .9616432 .9336501 .9011617 .8681893 .8356927 .8078447 .7803547
.9954568 .9959835 .9964063 .9977903 1.000396 1.005245 1.009605 1.014855 1.018014 1.020547 1.021547 1.021609 1.020787 1.016817 1.016894 1.018099 1.017928 1.016684 1.016168 1.020302 1.027456 1.03748 1.050659 1.071111 1.102431 1.142941 1.178704 1.200987 1.203103 1.187571 1.162829 1.13754 1.117049 1.090783 1.0658 1.03991 1.030333 1.039684 1.05407 1.068644 1.075789 1.07001 1.057652 1.039908 1.026778 1.014464 .9998748 .9847267 .9685224 .9590747 .9621286 .9718678 .9830214 .9907734 .9915687 .9814409 .959857 .9302046 .8973585 .8614492 .824842 .7925498 .7667698
.9926063 .9937924 .9954995 .9984034 1.001858 1.006403 1.011856 1.015305 1.019392 1.022858 1.024768 1.024428 1.023794 1.02134 1.020561 1.022248 1.022504 1.021956 1.023099 1.025054 1.031141 1.040517 1.055097 1.077176 1.112157 1.154943 1.19249 1.212346 1.205907 1.184595 1.155569 1.127569 1.103814 1.079348 1.056705 1.034126 1.026312 1.040511 1.061222 1.075567 1.080216 1.073275 1.059609 1.043201 1.030032 1.017065 1.00359 .9886323 .9694856 .9539748 .9511554 .9615789 .9750121 .9830356 .9865162 .9786754 .9558718 .9255034 .890424 .8524673 .8124529 .7786418 .756297
.9899453 .991955 .9946953 .9992042 1.003219 1.007532 1.013045 1.016645 1.02112 1.025533 1.027095 1.028041 1.027963 1.027251 1.025707 1.025443 1.025968 1.027592 1.029448 1.031506 1.038282 1.049379 1.064638 1.086444 1.120357 1.163576 1.202795 1.222779 1.214276 1.188285 1.153368 1.119273 1.092366 1.06804 1.04798 1.028614 1.025244 1.044451 1.064535 1.079506 1.083533 1.077473 1.064914 1.047067 1.032031 1.01746 1.005976 .9918265 .9714198 .952197 .9447458 .9545799 .9660907 .9738681 .9778407 .9716476 .9483309 .9150515 .8802851 .8403072 .7988221 .7658176 .7541519
.9905446 .9917759 .9950645 .9997497 1.004796 1.009486 1.013338 1.017358 1.022537 1.02731 1.02979 1.0312 1.032001 1.033038 1.031523 1.030032 1.029754 1.032317 1.034398 1.038673 1.046805 1.059958 1.078365 1.102565 1.132171 1.170696 1.210793 1.23372 1.225052 1.192722 1.152218 1.111949 1.082608 1.055544 1.034461 1.021621 1.02758 1.04719 1.067734 1.082041 1.086788 1.081744 1.067879 1.048436 1.030568 1.015415 1.00403 .9907405 .9706637 .9526228 .9448723 .9503347 .9569755 .9624161 .9677865 .9611025 .9373227 .9024776 .8663583 .8274098 .7846597 .7567116 .7562711
.9917452 .9930271 .9955157 1.000487 1.007138 1.011382 1.016044 1.018868 1.023307 1.027984 1.03271 1.034467 1.036054 1.038335 1.038351 1.035719 1.034777 1.03606 1.039721 1.044474 1.054602 1.070851 1.094482 1.122252 1.149759 1.181178 1.218594 1.242982 1.233133 1.194512 1.145164 1.102165 1.068608 1.040356 1.018486 1.013208 1.026136 1.049082 1.07079 1.086004 1.090804 1.084195 1.06628 1.044514 1.025891 1.013147 .9995877 .9858613 .9667459 .9524636 .9495202 .9510578 .9501711 .9525218 .9527208 .946715 .9234864 .8879088 .8509225 .8138415 .7729302 .7506537 .7560298
.9926534 .9939935 .9974765 1.000925 1.0074 1.013927 1.019632 1.022625 1.025899 1.029239 1.03355 1.036372 1.039815 1.04283 1.044059 1.042396 1.041369 1.042824 1.046286 1.050281 1.062169 1.082592 1.110863 1.143734 1.171362 1.196184 1.226113 1.248996 1.237006 1.192158 1.136353 1.089187 1.05405 1.026414 1.005338 1.009094 1.022146 1.046108 1.072644 1.089668 1.09347 1.083417 1.061792 1.040265 1.025239 1.014682 1.001121 .9833973 .9648008 .9563255 .9583316 .9611152 .952785 .9450479 .9380506 .9285091 .9075092 .8753802 .8374785 .8000485 .7621292 .7434285 .7514557
.9941465 .995708 .9985646 1.002057 1.007682 1.015944 1.022178 1.027209 1.03029 1.032398 1.035223 1.038483 1.042075 1.045982 1.048906 1.048775 1.049141 1.052671 1.058291 1.060968 1.071504 1.095532 1.129215 1.165902 1.193357 1.211921 1.234491 1.251414 1.234843 1.184081 1.126742 1.077885 1.041888 1.011655 1.000618 1.009976 1.018861 1.040344 1.07096 1.093279 1.095162 1.079676 1.056454 1.039368 1.027958 1.014695 .9995771 .9779994 .9623213 .958419 .96399 .9647475 .9562494 .9426146 .9271042 .9072997 .8911946 .8654447 .8294591 .7894461 .7519098 .7325164 .7430589
.9942622 .9968772 .9997079 1.003374 1.00914 1.017581 1.025286 1.03074 1.035086 1.037365 1.038304 1.039692 1.044117 1.048195 1.051763 1.055512 1.058577 1.066726 1.075817 1.077363 1.082942 1.108747 1.148813 1.187485 1.213277 1.22656 1.241876 1.251323 1.226542 1.173919 1.116022 1.066929 1.02842 .9989161 .9971172 1.011815 1.020281 1.036013 1.066667 1.092015 1.092661 1.076151 1.0548 1.039251 1.027681 1.011551 .9926901 .969684 .9580509 .9587087 .9656663 .9665699 .9567404 .9414587 .9200513 .8985798 .881092 .8611299 .8302904 .7863195 .7402163 .7180787 .7283351
.9952968 .9986524 1.001695 1.005149 1.010858 1.019999 1.028329 1.034674 1.039246 1.042354 1.042847 1.042801 1.04586 1.050836 1.055219 1.060318 1.069044 1.084198 1.099178 1.102582 1.101176 1.121746 1.164075 1.206573 1.230807 1.236959 1.245174 1.246338 1.215077 1.160845 1.102841 1.052987 1.012236 .9881753 .9968991 1.015812 1.02325 1.032969 1.061705 1.086333 1.09018 1.074292 1.054225 1.03842 1.025602 1.005062 .9835886 .9671915 .9597286 .9614062 .9659363 .9645668 .9542486 .9395126 .9164907 .8963155 .8784271 .8598384 .829408 .7832031 .7320464 .7030122 .7113461
.9963746 1.000805 1.00432 1.008818 1.014066 1.022425 1.03137 1.039416 1.04381 1.046908 1.048682 1.048338 1.050889 1.055562 1.059759 1.066489 1.08069 1.103531 1.1268 1.133056 1.12723 1.137091 1.176705 1.221316 1.243619 1.244977 1.243833 1.235867 1.20093 1.146316 1.089365 1.038901 .9997274 .9839396 1.000587 1.021156 1.026578 1.033837 1.05829 1.082294 1.087475 1.072709 1.05261 1.034591 1.016948 .9964225 .9792106 .968846 .965045 .9647497 .9645786 .9591709 .9478763 .9338499 .9152846 .8977572 .8797504 .8589582 .8291615 .7839937 .7296694 .6913027 .6909591
.9968142 1.003408 1.007751 1.012686 1.018808 1.025349 1.034614 1.042993 1.048905 1.0523 1.054083 1.055743 1.058873 1.063341 1.068777 1.075354 1.091523 1.123157 1.153264 1.164994 1.157392 1.157417 1.188391 1.231573 1.253022 1.248589 1.237919 1.218815 1.182136 1.13185 1.07953 1.030864 .9932226 .982791 1.005215 1.025389 1.030858 1.034965 1.05566 1.079782 1.081921 1.064617 1.04317 1.024027 1.007672 .9923489 .9804329 .9728308 .9698147 .9670762 .9642302 .955626 .9403645 .9269821 .9126412 .899065 .8798906 .8573912 .8290305 .7875913 .7338012 .6872976 .6747239
.9973021 1.005331 1.011571 1.016963 1.023501 1.030223 1.03793 1.046586 1.052595 1.056706 1.059215 1.063291 1.069183 1.076244 1.08246 1.089725 1.105251 1.138542 1.176615 1.194827 1.187398 1.178782 1.19967 1.238869 1.255558 1.24564 1.220803 1.194799 1.160529 1.117314 1.071781 1.028235 .9933449 .984683 1.006273 1.029563 1.035726 1.037319 1.052666 1.075715 1.070834 1.052566 1.030579 1.012143 .9998465 .9904558 .9841266 .9763468 .9726523 .9686615 .9653834 .9549685 .9381998 .9206821 .9098108 .8979128 .8773039 .8528506 .8278518 .7903138 .7411935 .6917601 .6657428
.998765 1.007804 1.015104 1.021554 1.027835 1.036556 1.042787 1.049244 1.056736 1.062062 1.065763 1.071773 1.080636 1.093465 1.104019 1.110422 1.122167 1.153656 1.195755 1.218719 1.213553 1.200317 1.212339 1.241305 1.251256 1.229417 1.198366 1.171527 1.146176 1.113197 1.074883 1.034707 .9987311 .9848692 1.003248 1.031233 1.038522 1.03948 1.047858 1.062092 1.058564 1.041409 1.020431 1.003818 .9926382 .9852094 .9801583 .9737748 .9709074 .9683478 .9658016 .9566581 .9398063 .9252968 .9139228 .8983992 .8734052 .8467095 .8201149 .7855769 .7421126 .69603 .6616277
1.001707 1.01143 1.019853 1.025609 1.031212 1.041074 1.049369 1.053324 1.060405 1.067597 1.072543 1.080482 1.092948 1.111635 1.12854 1.137184 1.144211 1.171491 1.213295 1.239021 1.233061 1.217155 1.221214 1.237996 1.235707 1.207891 1.177369 1.161177 1.147323 1.119434 1.082293 1.041216 1.003929 .9863518 1.000242 1.027943 1.0362 1.033303 1.036083 1.046375 1.044659 1.030603 1.011674 .9970708 .9888582 .9803907 .9745822 .9692711 .9679603 .9678569 .96525 .9593927 .9487654 .9395127 .9231051 .902327 .8739103 .8425563 .8101636 .7750603 .7344128 .690266 .6565602
1.006433 1.017298 1.025877 1.031774 1.034563 1.043947 1.055458 1.060884 1.065592 1.07455 1.082101 1.090996 1.106701 1.130873 1.15287 1.163981 1.170503 1.193361 1.229458 1.252552 1.245932 1.228339 1.222991 1.224406 1.212178 1.187573 1.168572 1.163289 1.155156 1.128838 1.089191 1.04376 1.004951 .9882182 .9992161 1.018852 1.023585 1.019278 1.021722 1.031664 1.032047 1.021847 1.006004 .9905981 .9816176 .9744288 .9696441 .9653129 .9695595 .9721023 .9710782 .9676788 .9630237 .9527617 .933134 .9078996 .8771625 .8406739 .8044326 .7658061 .7254695 .6835212 .6514489
1.01197 1.023836 1.033295 1.039475 1.040437 1.04534 1.059311 1.068815 1.073243 1.084684 1.094771 1.106113 1.123653 1.148501 1.174626 1.188246 1.198447 1.216437 1.243047 1.261217 1.2532 1.232373 1.214905 1.202475 1.189584 1.180173 1.174197 1.174067 1.163897 1.135232 1.090858 1.04162 1.002702 .9887837 .998872 1.00715 1.008321 1.004881 1.007313 1.016622 1.02006 1.016874 1.002499 .9865695 .9749604 .9638415 .9601877 .9652491 .9773571 .9864606 .9853154 .9814245 .9755115 .9638088 .9420628 .9134142 .878691 .8394535 .7993741 .7600057 .7154186 .669655 .637203
1.014756 1.029484 1.040862 1.048299 1.049042 1.04898 1.060489 1.076918 1.084172 1.09591 1.110438 1.122698 1.142093 1.166691 1.191014 1.208935 1.221001 1.235972 1.255287 1.265792 1.253363 1.225858 1.197681 1.182622 1.182261 1.185896 1.185949 1.182189 1.166914 1.132615 1.08538 1.037071 1.000483 .9895751 .9962264 .9980229 .9957924 .9924298 .9925696 .9981092 1.00602 1.00925 1.002239 .9901847 .9707811 .9502308 .9463722 .9643455 .9848917 .9998679 1.002584 .9994493 .9902185 .9741921 .9492522 .9180707 .8805921 .8410225 .7985204 .7512542 .6958033 .6455152 .6218287
1.01543 1.032306 1.047181 1.059178 1.061792 1.056542 1.062379 1.082326 1.09518 1.110199 1.129217 1.145197 1.163686 1.186779 1.207662 1.22453 1.235712 1.248896 1.262465 1.266034 1.247449 1.211907 1.183647 1.175834 1.185834 1.197327 1.20039 1.188296 1.162111 1.122326 1.077394 1.033218 1.000279 .98843 .9880869 .9854409 .9826832 .9800686 .9810821 .9867153 1.000483 1.010522 1.008137 .993486 .9671514 .9387894 .9329394 .9593827 .9921877 1.015947 1.024229 1.021715 1.008392 .9860276 .9548239 .9195134 .8790811 .8386113 .7919092 .737986 .6767355 .627892 .6160442
1.014244 1.032704 1.05271 1.070382 1.076477 1.068353 1.067434 1.087353 1.107856 1.127251 1.150483 1.170126 1.187481 1.208081 1.221897 1.233114 1.242588 1.252658 1.26251 1.259627 1.235274 1.200952 1.177074 1.175849 1.192828 1.208091 1.207381 1.185543 1.150881 1.11228 1.070453 1.030383 .9990837 .9819695 .9751787 .9709199 .966212 .9643088 .9690932 .9851913 1.003048 1.014807 1.012881 .9951313 .9607387 .9287567 .9248905 .9521853 .994604 1.028669 1.044861 1.045374 1.02828 .9957889 .9548203 .9144426 .8731934 .8308094 .7826029 .725875 .6646011 .6189724 .6195872
1.010504 1.030301 1.055344 1.079692 1.091179 1.083078 1.080033 1.09633 1.1199 1.144221 1.171293 1.197104 1.215153 1.228692 1.233625 1.236274 1.241329 1.24712 1.255834 1.247833 1.22328 1.193292 1.174063 1.177873 1.198293 1.213111 1.207927 1.181823 1.146825 1.109783 1.069023 1.027605 .9933403 .9742636 .9662328 .9620603 .9541923 .9538154 .9656879 .9892787 1.011012 1.024218 1.01649 .9900538 .9551563 .9279968 .9217784 .9449405 .9886155 1.033111 1.061506 1.066995 1.044938 1.002666 .954444 .9114879 .8697929 .8250899 .7749979 .7201151 .6622969 .617067 .6194256
1.009498 1.026196 1.053661 1.084257 1.102253 1.100676 1.098207 1.11132 1.134387 1.161901 1.193227 1.223079 1.243262 1.248973 1.243714 1.23488 1.233706 1.237379 1.243891 1.236889 1.212881 1.185726 1.169886 1.176999 1.198109 1.210593 1.205587 1.183756 1.150752 1.115477 1.070541 1.023956 .9866335 .9643545 .9571277 .9475804 .9417549 .948728 .9691618 .995903 1.023028 1.032934 1.018072 .9877551 .9581025 .9394756 .9287922 .9381657 .9773782 1.030088 1.070387 1.082033 1.057942 1.009641 .9583827 .9123851 .8665417 .8172503 .7677427 .7174945 .6627002 .6179794 .6179057
1.019913 1.026803 1.049015 1.0802 1.106146 1.116831 1.120143 1.131018 1.150972 1.181351 1.217496 1.249713 1.26884 1.266803 1.252107 1.229341 1.21969 1.222873 1.228658 1.22396 1.204263 1.176587 1.160018 1.168724 1.191985 1.208045 1.207737 1.191429 1.161312 1.121972 1.070178 1.017429 .9771833 .9529026 .9404415 .9311048 .9310002 .9505311 .9809173 1.009494 1.035641 1.042259 1.025849 .9959201 .9688315 .9520198 .9385703 .9348156 .9651824 1.020224 1.069303 1.08913 1.067484 1.016026 .9620215 .9114998 .8590502 .8075238 .7603272 .7129886 .6627427 .6209914 .6178418
1.036557 1.035692 1.050844 1.076679 1.105402 1.128776 1.143582 1.154404 1.171806 1.204237 1.244652 1.279016 1.292884 1.282642 1.25714 1.221163 1.19942 1.20103 1.209391 1.208946 1.191791 1.163355 1.143339 1.150485 1.181865 1.205036 1.210405 1.200652 1.173047 1.128056 1.069317 1.012082 .9691785 .9415951 .9259834 .9177163 .9263107 .9572499 .9954984 1.027933 1.05159 1.057777 1.041708 1.009777 .9815456 .9638802 .9471584 .9372856 .9559875 1.007164 1.061185 1.09 1.069686 1.017318 .9589131 .9056152 .8513052 .7994916 .7539933 .7113718 .6636417 .6257207 .6204861
1.055767 1.051242 1.059379 1.080897 1.106996 1.136881 1.163324 1.179884 1.196304 1.227519 1.269405 1.304351 1.314383 1.296166 1.25717 1.212984 1.182371 1.178912 1.186126 1.18952 1.178364 1.15038 1.126699 1.133272 1.167844 1.199793 1.212907 1.208196 1.180213 1.131294 1.067423 1.008855 .9650592 .9362332 .9197583 .9121671 .9258207 .9665587 1.013546 1.050366 1.072163 1.078695 1.062061 1.027677 .9929408 .9719335 .9520652 .9372425 .9510192 .997723 1.051159 1.080027 1.058953 1.005261 .9445356 .8917683 .8425175 .7965245 .7546229 .7138751 .6659325 .6271994 .6223148
1.073302 1.069198 1.072269 1.090945 1.114315 1.143894 1.177353 1.202257 1.222172 1.251388 1.292436 1.327265 1.332479 1.302173 1.253445 1.205877 1.171773 1.161447 1.165125 1.168199 1.158986 1.133415 1.106812 1.114535 1.151884 1.188524 1.210752 1.210406 1.179627 1.127961 1.064498 1.007992 .9617962 .9344849 .9172558 .9124475 .9313172 .9777326 1.03459 1.077049 1.099815 1.105666 1.087557 1.0492 1.0068 .974813 .9493868 .9341094 .9472571 .9910352 1.041571 1.064445 1.040975 .9845518 .9232529 .8745916 .8346033 .7968104 .7592034 .7180329 .6703006 .6312629 .625446
1.086273 1.08562 1.087727 1.103296 1.126699 1.155111 1.189474 1.220263 1.246394 1.275688 1.313172 1.342897 1.340369 1.302876 1.250519 1.201924 1.165839 1.150078 1.149258 1.148327 1.136272 1.113782 1.089935 1.094974 1.134745 1.174538 1.200585 1.199109 1.164917 1.11419 1.055746 1.003541 .9643137 .9382802 .9256622 .9224269 .9420627 .9930583 1.056746 1.106337 1.131789 1.136946 1.116339 1.069877 1.015451 .9715576 .9400741 .9241032 .9372061 .9803354 1.028234 1.043482 1.015334 .9623176 .905916 .8615764 .8273191 .7966926 .7614468 .7203307 .6727678 .6377059 .6333203
1.092892 1.099691 1.103786 1.117943 1.141562 1.170118 1.203188 1.235943 1.26827 1.298877 1.331084 1.354362 1.343882 1.304024 1.252735 1.201873 1.165707 1.151476 1.142974 1.131063 1.113491 1.092106 1.070916 1.079146 1.120775 1.164614 1.184742 1.170938 1.134334 1.087755 1.042084 1.00134 .9746141 .9557133 .9457738 .9425943 .9607856 1.010929 1.078693 1.134753 1.165323 1.168646 1.14008 1.083531 1.020254 .9692426 .9329525 .914869 .9259907 .9620603 1.005019 1.014016 .9866117 .9381206 .8909507 .8554555 .8269837 .8012088 .7704392 .7269517 .6786556 .6485751 .6458559
