py_wake/examples/data/AJ_ParqueFicticio/Rough survey   Sector 9   Height 200m   Weibull-k.grd
DSAA
73  159
 258469   265669
 6501692   6517492
 2.451172   2.712891
[rows 112 to 139 of 159, columns 0 to 62 of 73]
2.556641 2.556641 2.556641 2.556641 2.556641 2.556641 2.552734 2.548828 2.548828 2.544922 2.541016 2.541016 2.544922 2.548828 2.556641 2.560547 2.560547 2.560547 2.560547 2.564453 2.564453 2.568359 2.572266 2.580078 2.587891 2.595703 2.603516 2.615234 2.638672 2.638672 2.642578 2.646484 2.646484 2.650391 2.650391 2.646484 2.626953 2.619141 2.619141 2.615234 2.615234 2.615234 2.611328 2.607422 2.599609 2.595703 2.591797 2.587891 2.595703 2.607422 2.619141 2.630859 2.638672 2.646484 2.650391 2.654297 2.650391 2.650391 2.646484 2.642578 2.634766 2.623047 2.611328
2.556641 2.556641 2.556641 2.556641 2.552734 2.552734 2.552734 2.548828 2.548828 2.544922 2.544922 2.544922 2.548828 2.552734 2.560547 2.564453 2.564453 2.564453 2.564453 2.564453 2.560547 2.564453 2.568359 2.572266 2.583984 2.591797 2.603516 2.615234 2.638672 2.638672 2.642578 2.642578 2.646484 2.650391 2.650391 2.646484 2.626953 2.615234 2.615234 2.611328 2.615234 2.615234 2.611328 2.607422 2.603516 2.599609 2.595703 2.595703 2.599609 2.611328 2.623047 2.630859 2.642578 2.650391 2.654297 2.654297 2.654297 2.654297 2.650391 2.646484 2.638672 2.626953 2.619141
2.556641 2.556641 2.556641 2.556641 2.552734 2.552734 2.548828 2.548828 2.548828 2.548828 2.544922 2.548828 2.552734 2.560547 2.564453 2.568359 2.568359 2.568359 2.568359 2.564453 2.564453 2.560547 2.560547 2.568359 2.580078 2.587891 2.603516 2.615234 2.634766 2.638672 2.642578 2.646484 2.646484 2.650391 2.650391 2.642578 2.623047 2.615234 2.611328 2.611328 2.611328 2.615234 2.615234 2.611328 2.611328 2.607422 2.603516 2.603516 2.607422 2.611328 2.623047 2.634766 2.642578 2.650391 2.654297 2.658203 2.654297 2.654297 2.650391 2.650391 2.642578 2.634766 2.626953
2.552734 2.556641 2.556641 2.556641 2.552734 2.552734 2.548828 2.548828 2.548828 2.548828 2.548828 2.552734 2.556641 2.564453 2.564453 2.568359 2.568359 2.568359 2.568359 2.568359 2.564453 2.564453 2.560547 2.564453 2.576172 2.587891 2.599609 2.615234 2.626953 2.638672 2.642578 2.646484 2.646484 2.650391 2.650391 2.638672 2.623047 2.611328 2.607422 2.607422 2.611328 2.615234 2.619141 2.619141 2.615234 2.615234 2.611328 2.611328 2.615234 2.619141 2.626953 2.634766 2.642578 2.650391 2.654297 2.654297 2.654297 2.654297 2.654297 2.650391 2.646484 2.642578 2.638672
2.552734 2.556641 2.560547 2.560547 2.552734 2.552734 2.548828 2.548828 2.548828 2.548828 2.548828 2.556641 2.560547 2.564453 2.564453 2.564453 2.568359 2.568359 2.568359 2.568359 2.568359 2.568359 2.568359 2.568359 2.576172 2.583984 2.595703 2.607422 2.619141 2.623047 2.626953 2.626953 2.634766 2.638672 2.634766 2.626953 2.619141 2.611328 2.607422 2.607422 2.611328 2.615234 2.619141 2.623047 2.623047 2.623047 2.619141 2.619141 2.623047 2.623047 2.630859 2.638672 2.642578 2.650391 2.654297 2.654297 2.654297 2.654297 2.654297 2.650391 2.650391 2.646484 2.646484
2.556641 2.556641 2.560547 2.564453 2.556641 2.548828 2.548828 2.544922 2.544922 2.544922 2.548828 2.556641 2.560547 2.560547 2.564453 2.568359 2.568359 2.568359 2.568359 2.572266 2.572266 2.572266 2.576172 2.576172 2.576172 2.583984 2.595703 2.603516 2.611328 2.611328 2.611328 2.615234 2.623047 2.623047 2.623047 2.619141 2.619141 2.611328 2.607422 2.607422 2.611328 2.619141 2.623047 2.626953 2.630859 2.630859 2.630859 2.630859 2.630859 2.630859 2.634766 2.642578 2.646484 2.650391 2.654297 2.654297 2.658203 2.654297 2.654297 2.654297 2.654297 2.650391 2.650391
2.548828 2.556641 2.556641 2.560547 2.548828 2.544922 2.541016 2.541016 2.541016 2.544922 2.548828 2.556641 2.560547 2.560547 2.564453 2.568359 2.568359 2.572266 2.572266 2.576172 2.576172 2.576172 2.580078 2.583984 2.583984 2.583984 2.591797 2.595703 2.603516 2.603516 2.607422 2.607422 2.611328 2.615234 2.619141 2.619141 2.619141 2.615234 2.615234 2.611328 2.615234 2.623047 2.630859 2.638672 2.642578 2.642578 2.642578 2.642578 2.642578 2.638672 2.642578 2.646484 2.650391 2.654297 2.654297 2.658203 2.658203 2.658203 2.658203 2.658203 2.662109 2.662109 2.662109
2.544922 2.548828 2.548828 2.548828 2.541016 2.537109 2.537109 2.533203 2.537109 2.544922 2.548828 2.552734 2.560547 2.564453 2.568359 2.572266 2.576172 2.580078 2.580078 2.580078 2.583984 2.583984 2.587891 2.587891 2.591797 2.591797 2.587891 2.591797 2.595703 2.599609 2.603516 2.607422 2.611328 2.615234 2.619141 2.623047 2.619141 2.615234 2.615234 2.619141 2.619141 2.626953 2.638672 2.654297 2.662109 2.666016 2.666016 2.666016 2.658203 2.654297 2.650391 2.650391 2.654297 2.658203 2.658203 2.662109 2.662109 2.662109 2.666016 2.669922 2.677734 2.681641 2.677734
2.544922 2.544922 2.537109 2.533203 2.529297 2.525391 2.529297 2.529297 2.537109 2.544922 2.548828 2.556641 2.560547 2.564453 2.572266 2.576172 2.583984 2.587891 2.591797 2.591797 2.591797 2.587891 2.591797 2.591797 2.595703 2.595703 2.591797 2.591797 2.595703 2.599609 2.603516 2.603516 2.611328 2.615234 2.619141 2.623047 2.615234 2.611328 2.615234 2.623047 2.626953 2.630859 2.646484 2.669922 2.669922 2.669922 2.673828 2.673828 2.677734 2.666016 2.662109 2.658203 2.658203 2.662109 2.662109 2.666016 2.669922 2.673828 2.689453 2.693359 2.693359 2.697266 2.697266
2.544922 2.537109 2.525391 2.521484 2.517578 2.517578 2.521484 2.525391 2.537109 2.544922 2.552734 2.560547 2.564453 2.568359 2.572266 2.576172 2.587891 2.595703 2.603516 2.603516 2.603516 2.595703 2.591797 2.591797 2.599609 2.599609 2.599609 2.595703 2.595703 2.595703 2.599609 2.603516 2.611328 2.615234 2.619141 2.615234 2.611328 2.611328 2.623047 2.634766 2.638672 2.642578 2.650391 2.669922 2.669922 2.669922 2.673828 2.673828 2.677734 2.677734 2.669922 2.666016 2.666016 2.666016 2.669922 2.677734 2.689453 2.693359 2.693359 2.693359 2.697266 2.697266 2.693359
2.544922 2.529297 2.521484 2.517578 2.513672 2.513672 2.517578 2.525391 2.533203 2.548828 2.556641 2.568359 2.572266 2.572266 2.576172 2.580078 2.591797 2.599609 2.607422 2.611328 2.619141 2.607422 2.599609 2.595703 2.595703 2.599609 2.599609 2.599609 2.595703 2.595703 2.595703 2.603516 2.607422 2.615234 2.615234 2.611328 2.607422 2.615234 2.630859 2.646484 2.658203 2.658203 2.666016 2.669922 2.669922 2.669922 2.673828 2.673828 2.677734 2.677734 2.681641 2.673828 2.673828 2.677734 2.685547 2.689453 2.689453 2.693359 2.693359 2.693359 2.697266 2.693359 2.677734
2.541016 2.529297 2.517578 2.513672 2.509766 2.509766 2.517578 2.525391 2.533203 2.544922 2.556641 2.572266 2.580078 2.583984 2.587891 2.591797 2.599609 2.603516 2.607422 2.607422 2.615234 2.615234 2.603516 2.599609 2.599609 2.599609 2.599609 2.599609 2.595703 2.595703 2.595703 2.599609 2.603516 2.611328 2.611328 2.607422 2.611328 2.619141 2.642578 2.654297 2.662109 2.666016 2.666016 2.666016 2.669922 2.669922 2.673828 2.673828 2.677734 2.677734 2.681641 2.681641 2.685547 2.685547 2.685547 2.689453 2.689453 2.689453 2.693359 2.693359 2.689453 2.673828 2.666016
2.537109 2.525391 2.517578 2.513672 2.509766 2.513672 2.517578 2.525391 2.533203 2.544922 2.552734 2.568359 2.583984 2.591797 2.595703 2.599609 2.603516 2.607422 2.611328 2.611328 2.619141 2.619141 2.607422 2.599609 2.603516 2.603516 2.603516 2.599609 2.595703 2.591797 2.591797 2.595703 2.603516 2.607422 2.611328 2.611328 2.615234 2.634766 2.646484 2.654297 2.666016 2.666016 2.666016 2.669922 2.669922 2.669922 2.673828 2.673828 2.677734 2.677734 2.681641 2.681641 2.685547 2.685547 2.689453 2.689453 2.689453 2.689453 2.693359 2.681641 2.669922 2.662109 2.658203
2.529297 2.521484 2.517578 2.513672 2.509766 2.513672 2.517578 2.525391 2.537109 2.541016 2.548828 2.560547 2.576172 2.587891 2.599609 2.603516 2.607422 2.607422 2.611328 2.615234 2.619141 2.619141 2.611328 2.607422 2.607422 2.607422 2.607422 2.599609 2.595703 2.591797 2.587891 2.591797 2.599609 2.607422 2.611328 2.615234 2.626953 2.634766 2.642578 2.654297 2.666016 2.666016 2.666016 2.669922 2.669922 2.669922 2.673828 2.673828 2.677734 2.677734 2.681641 2.681641 2.685547 2.685547 2.689453 2.689453 2.689453 2.689453 2.681641 2.662109 2.658203 2.658203 2.654297
2.521484 2.517578 2.513672 2.513672 2.513672 2.521484 2.525391 2.529297 2.537109 2.541016 2.548828 2.556641 2.568359 2.583984 2.599609 2.603516 2.607422 2.607422 2.611328 2.615234 2.619141 2.619141 2.623047 2.619141 2.615234 2.611328 2.607422 2.603516 2.595703 2.591797 2.587891 2.591797 2.599609 2.607422 2.611328 2.619141 2.634766 2.634766 2.642578 2.654297 2.662109 2.666016 2.666016 2.669922 2.669922 2.669922 2.673828 2.673828 2.677734 2.677734 2.681641 2.681641 2.685547 2.685547 2.689453 2.689453 2.689453 2.693359 2.669922 2.654297 2.650391 2.654297 2.654297
2.509766 2.513672 2.513672 2.513672 2.521484 2.525391 2.533203 2.537109 2.541016 2.544922 2.544922 2.552734 2.564453 2.576172 2.595703 2.599609 2.607422 2.607422 2.611328 2.615234 2.619141 2.619141 2.623047 2.626953 2.626953 2.623047 2.611328 2.607422 2.599609 2.595703 2.591797 2.591797 2.599609 2.607422 2.611328 2.623047 2.634766 2.634766 2.642578 2.650391 2.658203 2.666016 2.666016 2.669922 2.669922 2.669922 2.673828 2.673828 2.677734 2.677734 2.681641 2.681641 2.685547 2.685547 2.685547 2.689453 2.689453 2.693359 2.666016 2.650391 2.650391 2.650391 2.654297
2.505859 2.505859 2.509766 2.513672 2.525391 2.533203 2.541016 2.544922 2.548828 2.548828 2.548828 2.552734 2.560547 2.572266 2.587891 2.595703 2.603516 2.607422 2.611328 2.615234 2.619141 2.619141 2.623047 2.626953 2.630859 2.630859 2.626953 2.615234 2.607422 2.599609 2.595703 2.595703 2.599609 2.607422 2.611328 2.630859 2.634766 2.634766 2.638672 2.646484 2.654297 2.662109 2.666016 2.666016 2.669922 2.669922 2.673828 2.673828 2.677734 2.677734 2.681641 2.681641 2.685547 2.685547 2.685547 2.689453 2.689453 2.689453 2.669922 2.654297 2.650391 2.650391 2.650391
2.498047 2.501953 2.505859 2.513672 2.529297 2.541016 2.556641 2.564453 2.560547 2.552734 2.552734 2.552734 2.556641 2.564453 2.580078 2.595703 2.599609 2.603516 2.607422 2.615234 2.619141 2.619141 2.623047 2.626953 2.630859 2.630859 2.630859 2.634766 2.619141 2.607422 2.603516 2.599609 2.603516 2.603516 2.611328 2.634766 2.630859 2.630859 2.638672 2.642578 2.654297 2.658203 2.662109 2.666016 2.669922 2.669922 2.673828 2.673828 2.677734 2.677734 2.681641 2.681641 2.685547 2.685547 2.685547 2.689453 2.689453 2.689453 2.681641 2.662109 2.650391 2.650391 2.650391
2.494141 2.498047 2.505859 2.517578 2.533203 2.552734 2.560547 2.564453 2.568359 2.564453 2.556641 2.556641 2.556641 2.564453 2.572266 2.595703 2.595703 2.599609 2.607422 2.611328 2.619141 2.619141 2.623047 2.626953 2.630859 2.630859 2.630859 2.630859 2.634766 2.615234 2.607422 2.603516 2.603516 2.603516 2.615234 2.634766 2.634766 2.634766 2.638672 2.646484 2.654297 2.658203 2.662109 2.666016 2.666016 2.669922 2.673828 2.673828 2.677734 2.677734 2.681641 2.681641 2.685547 2.685547 2.685547 2.689453 2.689453 2.689453 2.693359 2.673828 2.654297 2.650391 2.650391
2.498047 2.501953 2.509766 2.521484 2.537109 2.556641 2.560547 2.564453 2.568359 2.572266 2.564453 2.560547 2.560547 2.564453 2.572266 2.587891 2.595703 2.599609 2.603516 2.611328 2.615234 2.623047 2.623047 2.626953 2.630859 2.626953 2.626953 2.630859 2.634766 2.626953 2.615234 2.611328 2.607422 2.607422 2.615234 2.638672 2.638672 2.642578 2.646484 2.646484 2.654297 2.662109 2.662109 2.666016 2.669922 2.669922 2.673828 2.673828 2.677734 2.677734 2.681641 2.685547 2.681641 2.685547 2.689453 2.689453 2.689453 2.689453 2.693359 2.689453 2.666016 2.654297 2.650391
2.498047 2.505859 2.517578 2.525391 2.541016 2.556641 2.568359 2.568359 2.568359 2.572266 2.576172 2.568359 2.564453 2.568359 2.572266 2.583984 2.599609 2.599609 2.603516 2.611328 2.615234 2.623047 2.623047 2.626953 2.626953 2.623047 2.626953 2.626953 2.634766 2.638672 2.626953 2.623047 2.623047 2.619141 2.623047 2.638672 2.646484 2.646484 2.650391 2.650391 2.658203 2.662109 2.666016 2.666016 2.669922 2.669922 2.673828 2.673828 2.677734 2.677734 2.677734 2.662109 2.662109 2.666016 2.681641 2.689453 2.689453 2.689453 2.693359 2.693359 2.681641 2.666016 2.654297
2.501953 2.509766 2.521484 2.529297 2.541016 2.556641 2.568359 2.568359 2.568359 2.572266 2.580078 2.580078 2.572266 2.572266 2.572266 2.583984 2.599609 2.603516 2.603516 2.611328 2.615234 2.623047 2.623047 2.626953 2.626953 2.619141 2.619141 2.623047 2.630859 2.638672 2.638672 2.634766 2.638672 2.638672 2.638672 2.642578 2.650391 2.650391 2.650391 2.654297 2.658203 2.662109 2.662109 2.666016 2.669922 2.673828 2.673828 2.673828 2.677734 2.677734 2.666016 2.654297 2.650391 2.654297 2.666016 2.677734 2.689453 2.693359 2.693359 2.693359 2.693359 2.677734 2.666016
2.509766 2.517578 2.525391 2.533203 2.544922 2.556641 2.568359 2.572266 2.572266 2.576172 2.580078 2.587891 2.591797 2.583984 2.580078 2.583984 2.599609 2.599609 2.603516 2.611328 2.615234 2.623047 2.623047 2.623047 2.623047 2.615234 2.615234 2.619141 2.626953 2.634766 2.642578 2.646484 2.650391 2.650391 2.650391 2.650391 2.654297 2.654297 2.654297 2.654297 2.654297 2.658203 2.662109 2.666016 2.669922 2.669922 2.673828 2.673828 2.677734 2.677734 2.662109 2.650391 2.646484 2.646484 2.654297 2.666016 2.673828 2.689453 2.693359 2.693359 2.693359 2.697266 2.677734
2.517578 2.525391 2.533203 2.537109 2.544922 2.556641 2.564453 2.572266 2.576172 2.580078 2.583984 2.587891 2.591797 2.595703 2.595703 2.595703 2.599609 2.599609 2.603516 2.611328 2.615234 2.619141 2.623047 2.623047 2.619141 2.611328 2.611328 2.615234 2.623047 2.630859 2.638672 2.642578 2.646484 2.646484 2.650391 2.650391 2.654297 2.654297 2.654297 2.654297 2.654297 2.654297 2.658203 2.662109 2.666016 2.669922 2.673828 2.673828 2.677734 2.681641 2.662109 2.650391 2.646484 2.642578 2.646484 2.654297 2.662109 2.673828 2.689453 2.693359 2.697266 2.697266 2.697266
2.525391 2.533203 2.537109 2.544922 2.552734 2.556641 2.564453 2.572266 2.572266 2.576172 2.580078 2.587891 2.591797 2.595703 2.599609 2.603516 2.603516 2.603516 2.603516 2.607422 2.615234 2.619141 2.623047 2.623047 2.619141 2.611328 2.607422 2.611328 2.623047 2.630859 2.638672 2.638672 2.642578 2.646484 2.646484 2.650391 2.650391 2.654297 2.654297 2.658203 2.658203 2.654297 2.658203 2.662109 2.666016 2.669922 2.673828 2.673828 2.677734 2.677734 2.666016 2.650391 2.646484 2.642578 2.642578 2.646484 2.654297 2.662109 2.673828 2.693359 2.693359 2.697266 2.697266
2.529297 2.537109 2.544922 2.548828 2.556641 2.564453 2.572266 2.568359 2.568359 2.572266 2.576172 2.583984 2.591797 2.599609 2.603516 2.603516 2.603516 2.603516 2.607422 2.607422 2.611328 2.619141 2.623047 2.623047 2.619141 2.607422 2.603516 2.611328 2.619141 2.626953 2.634766 2.638672 2.642578 2.642578 2.646484 2.646484 2.650391 2.654297 2.654297 2.658203 2.658203 2.658203 2.658203 2.662109 2.666016 2.669922 2.673828 2.673828 2.677734 2.677734 2.669922 2.654297 2.646484 2.642578 2.642578 2.646484 2.650391 2.654297 2.662109 2.677734 2.693359 2.697266 2.697266
2.537109 2.544922 2.552734 2.556641 2.564453 2.572266 2.572266 2.568359 2.568359 2.568359 2.572266 2.580078 2.583984 2.595703 2.599609 2.603516 2.607422 2.607422 2.607422 2.607422 2.611328 2.619141 2.623047 2.623047 2.615234 2.607422 2.603516 2.607422 2.619141 2.626953 2.634766 2.634766 2.638672 2.642578 2.642578 2.646484 2.650391 2.654297 2.654297 2.658203 2.658203 2.658203 2.658203 2.662109 2.669922 2.673828 2.673828 2.677734 2.677734 2.681641 2.677734 2.662109 2.650391 2.646484 2.646484 2.646484 2.646484 2.650391 2.654297 2.662109 2.681641 2.697266 2.697266
2.541016 2.548828 2.560547 2.564453 2.572266 2.576172 2.572266 2.572266 2.572266 2.568359 2.572266 2.576172 2.583984 2.591797 2.595703 2.603516 2.607422 2.607422 2.611328 2.611328 2.615234 2.619141 2.623047 2.623047 2.615234 2.607422 2.599609 2.603516 2.615234 2.626953 2.634766 2.638672 2.638672 2.642578 2.642578 2.646484 2.650391 2.654297 2.654297 2.658203 2.658203 2.658203 2.662109 2.662109 2.669922 2.673828 2.673828 2.677734 2.677734 2.681641 2.681641 2.669922 2.658203 2.650391 2.646484 2.646484 2.646484 2.646484 2.650391 2.654297 2.666016 2.685547 2.697266
