py_wake/examples/data/AJ_ParqueFicticio/Rough survey   Sector 3   Height 30m   Power density.grd
DSAA
73  159
 258469   265669
 6501692   6517492
 .0001479314   1045.697
[rows 56 to 83 of 159, columns 0 to 62 of 73]
45.59978 45.04472 46.75805 48.35866 50.06337 49.3273 47.26806 46.04979 45.61036 45.10589 44.85852 44.35693 43.4071 42.78294 40.54035 40.66873 41.30587 42.16256 42.30585 42.53514 40.00421 38.08413 40.17259 42.04024 42.82802 42.56616 41.07616 36.94829 37.15746 46.64315 73.37061 87.68146 75.72875 81.77237 94.17275 107.7562 122.1433 123.1752 97.82934 89.70677 129.6898 135.3795 139.615 133.5117 141.4127 175.0705 203.1183 180.7336 171.5612 160.2685 161.5604 183.0136 155.1561 79.95737 37.08659 58.90697 116.5137 136.5857 99.69756 54.91866 26.73827 31.52975 56.17102
45.5174 43.28825 45.94648 48.67849 50.98041 48.03451 46.20704 45.05824 44.43097 44.33891 44.16863 43.89281 43.37645 41.19405 40.60408 40.72907 41.0166 41.6735 42.22789 41.95928 42.47237 41.45709 41.4978 42.61629 43.21347 43.27282 41.77048 38.07262 49.03151 64.55235 95.92711 88.49449 82.36471 88.61467 108.0504 115.4276 134.3266 121.6472 109.8332 101.6326 126.9386 144.3679 127.0941 122.3329 145.8206 179.0925 187.1196 150.4926 151.1631 164.056 184.9046 166.902 136.059 66.9403 36.61515 67.99552 122.1974 136.0673 90.70071 50.62941 29.47162 25.04578 40.72168
42.87533 41.12495 45.13312 48.8369 51.27875 46.72701 44.34539 43.27591 42.98439 43.13251 43.14402 43.08078 42.71118 41.0525 41.62399 41.74801 41.46442 41.34663 41.08839 41.73556 43.4309 43.93044 43.85085 42.86329 43.30387 42.83169 41.62177 46.66946 59.93162 84.90562 91.05008 91.4398 88.04514 86.59957 99.58339 116.3694 128.3348 126.6353 116.0146 110.7361 126.7167 130.8662 114.4423 114.5431 145.6594 174.3171 168.0189 140.1813 136.8491 161.3057 180.1356 140.8712 117.0929 63.85564 45.18915 72.19608 113.9128 122.2155 91.94727 55.94336 32.6072 25.43986 36.48635
40.32241 43.18556 48.1753 51.30391 51.12986 48.44819 43.05716 41.5577 41.63913 41.90037 42.29088 42.803 42.39513 40.62912 41.39274 41.89828 42.01685 41.53734 40.90852 41.93256 43.18523 44.59146 44.63301 43.68531 43.20271 42.07773 43.41304 46.92626 52.24722 80.27117 87.56965 80.57584 83.9229 88.67275 97.18719 124.4678 139.8879 134.5785 122.8659 115.1831 120.2439 111.8209 98.42626 110.0897 136.3408 156.8849 153.2905 135.9695 143.3126 162.5776 164.4621 114.3869 101.4482 64.41866 47.25551 64.46159 97.24711 115.6263 92.05812 59.26575 36.16226 23.50283 38.37577
41.55035 45.83024 51.86422 53.25146 50.88728 47.35503 43.68437 40.03366 40.70581 41.26749 41.65157 41.84779 41.58634 39.85025 41.06161 41.8166 41.70094 41.07991 42.04556 43.62277 44.14485 44.41425 44.02088 43.98153 42.96458 40.81164 44.40368 45.67365 56.82747 67.72472 84.43292 84.08115 79.88145 85.85775 108.2618 141.6234 149.8009 149.0771 131.3624 120.4513 115.8749 99.02219 91.16833 110.5218 129.2517 140.4116 131.8493 131.8571 140.7366 155.5755 142.7482 94.62759 85.07042 64.76154 59.53523 62.8007 87.69546 114.1202 87.4419 56.16039 35.02707 24.48679 42.76127
46.20818 50.9029 53.83164 49.67833 44.90697 43.70281 41.13506 39.57043 40.841 41.32798 41.48778 41.47641 40.82249 41.146 41.69559 42.08792 42.09625 40.84695 42.84962 44.52504 46.27918 45.37548 44.53606 43.69525 41.67438 41.83847 44.96479 52.68819 64.19519 78.69063 85.14237 80.32289 82.42884 102.8107 121.7477 144.073 148.7905 146.3156 135.4909 122.2828 110.1771 97.25809 96.32229 108.5923 127.1968 124.441 113.3838 113.7129 137.0951 145.121 120.8127 104.4107 77.75575 76.9454 52.66608 71.84117 87.43143 104.0926 83.48253 51.84047 34.98366 30.04784 31.57345
48.88332 53.66814 49.79093 46.98529 43.07135 40.08334 38.92999 40.13448 40.97647 41.7218 41.75127 41.61634 41.53747 42.05832 42.06501 42.08118 42.02152 39.99587 42.77023 45.44013 46.18718 45.68944 45.38411 44.12331 42.00808 45.45016 48.45031 59.06135 68.2382 79.32939 97.3624 99.11493 100.4396 114.0724 125.4602 145.2247 148.7016 141.4295 130.1949 116.8435 104.9455 95.88276 93.49533 104.5988 114.5549 119.4881 116.493 113.0358 104.5949 116.5858 117.5125 92.08845 76.93974 76.02977 70.49698 74.93396 79.82343 90.24561 77.36063 50.37736 33.47324 29.66041 31.16776
50.24967 50.56126 47.64568 45.53291 42.96059 41.18975 40.71853 41.17584 41.36901 41.94265 42.18838 42.08386 42.40301 42.49124 42.31935 41.81368 40.90046 39.15165 41.81792 44.69718 44.2017 44.07078 45.06294 45.14177 44.8047 52.33826 58.18026 65.00356 72.20848 84.59917 93.39959 85.55764 90.6909 103.3424 128.3666 152.2238 150.4464 138.8452 127.6768 115.5208 105.1087 95.32113 87.20386 92.75496 112.961 116.2879 116.8337 109.3055 99.51102 92.54616 79.56081 94.16262 113.5557 92.66148 68.55065 60.69904 72.33826 72.82626 64.91533 44.65337 30.1137 28.39833 30.75758
50.18582 48.36607 45.63512 44.38174 43.3435 42.25726 42.3712 42.79609 42.6576 42.20793 42.40507 42.8149 42.97817 42.86054 42.2939 41.57456 39.97992 41.12251 42.77443 43.2427 42.47689 44.01442 44.83438 44.9934 48.81767 59.04086 59.85736 72.06042 85.48122 90.79567 88.36972 82.24303 83.81584 99.4678 126.6674 133.0137 141.5706 133.6673 126.1038 118.0768 105.8492 89.84643 89.24363 95.6221 109.5177 117.6477 99.02604 95.53931 87.44456 82.78671 81.04163 92.9834 110.803 90.55238 59.38334 52.61222 47.07299 49.94151 44.62831 34.59682 26.63883 29.05692 30.26882
48.67532 47.12142 44.02332 43.10031 42.90414 43.08266 43.2893 44.45899 44.86205 42.55498 42.37538 42.77635 43.09275 43.06407 42.23704 41.04919 40.19838 42.6585 43.45867 43.31155 44.73721 46.4721 47.12949 46.65689 50.00087 54.77545 58.27023 74.65168 89.62228 89.8605 87.99839 76.6537 78.1506 92.78692 110.9435 113.4392 117.6059 121.1307 117.1442 109.4923 100.2084 89.58459 91.22652 100.1743 118.7631 108.0813 91.99393 88.44495 89.63878 74.86647 76.93442 86.47463 99.17482 89.11057 63.69156 42.89862 36.97047 38.64755 33.51838 25.18102 29.28303 32.72773 30.74362
46.43781 45.91169 42.77773 41.9846 42.32704 42.85546 43.84058 44.35363 42.27768 41.24438 42.25273 42.51428 42.46102 42.2515 41.61811 40.89776 41.99044 43.63927 44.19242 43.83585 46.38477 49.85976 48.8057 47.88665 48.16666 47.94788 57.62457 73.15282 84.68127 90.67781 83.35489 79.92339 81.30655 95.93956 96.39963 96.06939 95.88525 103.0072 101.891 94.47536 93.08103 88.63437 94.26421 104.6189 116.4189 102.5178 83.3443 85.69371 97.09276 80.40194 73.5285 91.38868 84.83228 78.12252 60.55143 38.03854 31.11338 33.02452 33.14601 34.42962 40.26514 40.08338 37.4249
45.3253 44.35302 42.21498 41.47405 41.55944 42.83833 44.26573 44.11505 43.20884 41.59844 41.88423 42.21769 42.10244 41.43522 40.6758 42.01894 43.64215 44.28881 44.96178 46.18147 48.56184 49.97263 47.72841 47.19775 46.41345 48.20345 61.22701 69.76909 80.6182 87.4629 86.04483 88.53555 94.68002 95.45659 94.2881 92.05295 92.16312 87.38894 93.20714 83.9518 82.93568 93.43243 102.5658 107.6596 105.5882 84.8607 85.81913 101.6626 102.4099 72.6625 81.40437 101.1264 84.51866 63.51426 52.89569 34.12484 28.79563 29.80456 34.73835 41.1849 43.85304 47.47035 40.13045
44.92092 43.5382 41.424 41.04655 41.53166 43.19373 44.37249 44.11638 43.81127 42.58925 41.94485 41.89874 41.71524 40.45471 41.31837 43.47514 44.62865 45.49252 45.3368 46.53266 47.99069 46.62724 43.4599 44.38345 44.23169 55.78757 64.02945 65.40267 72.82029 81.72833 87.42609 95.37076 98.28709 93.45514 95.62108 91.87183 90.98501 85.79004 74.99186 74.19471 75.75774 99.54891 116.786 117.1661 98.37333 86.47547 98.20277 105.1657 94.90054 70.44713 78.46843 101.6463 92.52998 62.67468 38.71533 29.38572 20.77681 27.91019 39.14728 45.29082 46.66455 48.19272 36.53261
43.77334 43.19128 39.61471 39.58481 41.38751 44.16387 44.41375 44.04433 43.98627 43.52394 42.6882 41.81447 41.20359 39.76094 44.31376 46.76266 47.2445 46.60304 45.94031 45.26184 44.43631 41.61753 41.14088 42.91007 50.20827 62.07144 64.06726 67.30413 73.85989 83.09473 88.22393 99.39655 102.9369 92.68847 94.63661 93.75801 91.24821 86.06338 73.01648 74.10394 98.28831 108.7521 115.8781 110.2462 91.94288 86.53844 93.63689 99.44534 76.88631 72.82334 103.3215 89.81915 71.92793 47.07024 31.93826 15.8882 18.86539 27.43251 39.23829 46.25204 46.70689 43.72424 38.57467
42.56157 42.61989 39.1186 38.46368 42.07388 44.65243 43.72089 43.54384 43.92765 43.94942 43.51542 42.88346 40.99356 41.09641 46.08472 50.80341 48.25146 46.37054 45.52425 44.91349 42.8142 38.44177 43.17256 46.55991 57.41077 61.95963 63.46794 66.2216 76.52071 87.92381 87.64223 86.15027 100.9893 101.8511 110.1739 104.4118 95.55654 85.81654 80.16195 81.58983 101.253 116.2156 110.0992 94.89677 86.30714 83.85823 84.38773 81.94114 66.80609 67.2959 78.28489 56.37877 45.69024 36.54033 25.35395 17.61334 17.69744 29.33227 40.58564 45.22146 45.89936 43.95775 40.03883
42.38211 41.51915 39.58517 38.37068 43.48978 43.92723 41.70889 41.93175 42.94098 43.96381 43.98531 42.23133 41.67405 43.9413 47.48376 50.35311 46.89382 45.77304 45.14879 44.10887 41.99929 41.69877 47.52603 53.60892 62.33443 61.44501 63.80017 66.06384 73.57578 84.4611 94.74582 95.18681 103.4765 116.7765 119.7452 116.7002 112.0041 99.31068 94.09576 97.45982 99.28432 106.48 100.0473 85.71447 83.88828 82.92694 78.29295 76.38707 61.92586 56.95535 51.65692 42.69286 39.45848 40.61244 34.43626 25.14381 24.9415 33.54595 43.60246 45.66511 47.09547 45.00299 40.18239
42.56263 39.74098 38.20067 40.38822 43.11037 43.37844 39.08353 40.12202 42.53736 45.20325 43.91949 43.56018 44.1212 45.0218 47.68736 48.36181 44.4108 44.25148 44.25104 43.65305 41.6397 42.74067 48.17796 55.05964 58.38738 60.56675 61.39127 63.63285 67.917 90.52378 104.8237 101.3932 122.9541 134.7436 132.8832 133.4542 118.09 105.1503 98.53658 96.56519 93.37939 96.64465 85.49109 86.90273 86.92796 82.02276 78.53465 71.87273 66.10709 57.39103 52.18085 45.33651 52.64638 60.60428 60.92524 36.73544 34.72015 43.0973 43.0529 47.32041 49.56686 47.30643 43.25821
41.65252 40.59027 41.11766 41.5807 41.83317 41.51482 37.22887 39.78479 44.83522 45.33418 45.13884 45.05606 45.99841 46.41898 46.67799 46.70137 42.13227 42.10982 42.30927 42.02392 40.68388 41.75877 47.83727 53.45838 57.45569 58.97851 58.04796 60.90876 78.91093 103.345 114.5216 107.3897 134.8221 143.171 137.8529 124.6922 114.4114 111.0519 110.6548 104.5952 102.187 99.94501 79.26072 83.03918 82.05505 80.86094 70.29192 61.9575 67.28444 60.59079 54.56765 51.62277 61.72836 75.24334 61.16441 41.52089 34.99288 45.01682 51.92627 51.23352 56.67433 53.67029 47.44548
41.8969 41.46713 41.81081 42.1268 43.25869 40.98732 35.69809 40.97588 47.04912 45.04615 45.17361 45.51449 46.13794 47.81812 47.51488 44.27213 40.04201 40.75018 41.06234 40.37344 38.55232 42.82509 48.10881 53.99839 58.40701 58.95187 57.86295 62.87775 84.04077 120.0583 116.1567 112.1 126.609 138.4667 129.8444 117.1321 115.4353 114.0566 113.4165 115.7877 114.83 87.08612 80.13196 84.49724 73.68408 74.90175 63.19604 51.98465 50.89629 52.06578 47.38493 49.09521 60.52286 70.90001 63.32758 31.18846 32.16374 44.02959 54.94335 62.69172 62.77633 57.25835 44.38155
41.19263 41.53464 41.82694 41.50848 41.17281 37.12598 36.93933 42.62699 46.68525 44.07808 43.94167 44.60472 45.54009 45.60186 42.43982 40.68463 39.96362 40.89964 40.51418 39.13963 39.87749 43.83565 48.38932 55.09134 57.7213 58.4123 57.58229 66.27563 83.97186 115.7019 118.6829 118.465 119.3714 115.1837 119.4487 115.0336 112.6843 117.4446 108.1203 102.5867 91.98267 78.78969 72.61866 60.57841 55.646 42.37487 43.09465 33.01965 44.50609 45.52022 43.21369 47.4097 53.8199 55.14593 40.58592 25.03761 28.2804 42.45014 49.73872 58.43673 60.05769 45.07689 32.79741
39.91273 40.63494 41.29453 41.15208 38.92558 38.03618 38.59804 41.93385 44.50106 43.3489 43.1493 43.34581 44.13334 43.02251 40.85588 38.64713 39.56016 40.48616 40.00256 39.15776 43.20121 44.91356 47.41908 52.73163 54.5785 55.10656 54.35205 62.86831 78.20084 113.5178 125.0459 119.074 110.1452 108.3625 110.0273 110.7327 109.384 112.3441 96.59727 82.83166 76.48826 59.84015 45.2027 42.30377 33.5846 35.36301 35.49244 37.54466 47.62539 48.41488 41.96347 40.82986 39.85426 34.93213 25.90003 26.32938 30.72821 38.48056 44.608 52.64233 44.39472 30.32648 22.81015
39.44499 39.71741 40.10277 39.9059 37.26945 38.67302 39.71492 41.42294 42.42607 42.64781 42.95856 43.0493 42.96979 42.49962 41.85526 40.94907 39.87006 39.70657 38.88282 40.2043 44.56601 47.07928 52.08697 55.89061 53.45432 51.01645 50.72906 57.55041 78.32848 120.0495 139.7292 128.4527 124.9285 115.938 104.0177 97.44601 99.65643 90.15208 72.45786 68.75488 63.34638 45.67905 40.36819 39.35311 39.14082 49.12347 50.06777 48.75444 64.22161 57.07548 39.36292 36.15834 34.06769 32.80984 32.20581 40.19041 36.46735 33.77757 45.05586 53.73776 44.83632 27.61634 22.33027
39.22117 38.69361 38.45949 37.98758 35.55439 37.62444 39.68756 41.02763 41.3817 42.16255 42.70213 42.88437 42.42687 42.21637 42.08933 42.03392 40.94294 39.09044 36.96081 40.14086 44.82539 47.23829 56.57365 54.42559 51.2879 46.78745 51.76477 60.54136 93.87849 139.8191 165.7569 159.1154 141.6396 116.0363 99.01528 94.35439 95.21658 89.39311 63.1443 60.5896 45.87807 39.45014 41.43262 48.82628 58.13029 66.06654 62.33381 61.26646 58.43632 39.83904 35.06276 33.65635 36.96826 44.01674 50.98185 60.95506 53.5457 62.04838 65.89036 57.29704 41.58818 37.43235 26.88002
39.04523 38.27502 37.23651 35.69172 34.43426 37.3642 39.58848 41.81693 41.81564 41.81232 42.33049 42.50254 41.06012 41.39964 41.91714 41.84786 40.68359 37.384 37.1162 41.01876 42.11459 46.29576 52.5687 50.32005 48.58051 48.19957 51.96479 75.19897 127.6824 177.0082 185.509 155.2294 134.5101 105.3184 98.78951 97.72532 92.46191 74.77663 57.1694 48.42616 37.54807 39.15548 51.35963 60.98019 76.68851 84.65639 77.70831 63.09168 41.97305 35.96708 37.52746 44.19411 49.48467 58.78603 69.12199 86.07651 79.57268 83.65083 70.93455 52.37362 38.58218 34.91885 27.41665
38.44875 37.7627 36.49071 33.81565 36.83264 38.9076 41.52656 41.40591 41.79226 41.5125 41.33662 41.25227 39.1764 40.8635 41.73095 41.34285 40.01026 39.2078 40.28866 42.18608 42.68279 46.50559 48.29877 48.25399 46.48544 51.27312 62.728 95.10907 149.9737 185.2841 183.6326 140.9937 114.4544 94.66354 89.87507 86.89497 70.25447 54.12917 46.32986 42.20526 40.44808 50.41941 81.69969 87.95237 88.4229 85.80034 74.36224 58.89267 45.94791 42.58007 48.25597 57.96902 68.46748 79.50932 85.2653 89.9316 89.73731 79.18814 57.08676 41.16855 34.29763 27.87021 22.38989
36.89785 36.08157 34.4635 34.529 36.76121 39.85027 40.56689 40.62821 40.9837 41.1735 41.15046 39.90424 37.77612 40.93538 43.00204 41.16302 39.80367 41.35188 43.08601 42.94606 44.34044 47.53105 48.39162 47.13317 45.80555 54.17116 71.3119 109.3585 157.5333 170.1486 138.4172 104.8807 94.57073 83.14207 81.7958 76.42159 62.23249 48.17178 43.45365 43.88328 51.88223 73.49951 90.6834 95.78179 92.04942 81.58419 70.56716 61.78877 59.24723 57.80497 60.19742 64.36137 70.05517 77.01022 82.11294 85.75584 72.38226 56.7404 41.70481 31.49592 27.66519 22.20771 17.56114
35.63418 34.81311 35.52977 35.23153 35.71247 37.15681 37.81272 38.49545 39.34298 39.9118 39.99262 36.98132 37.55331 39.16964 40.67015 40.09422 36.54216 40.74659 42.0627 42.81268 44.54203 46.32427 47.59077 45.46358 48.50216 53.09284 76.26252 119.3863 159 160.3804 118.4575 94.47685 83.05534 81.72307 81.98869 71.35624 55.9478 43.50756 40.8173 45.378 68.36353 98.97323 104.7891 101.4929 93.09223 80.81196 70.67661 64.95541 62.12952 60.22388 60.58989 63.35084 67.51722 72.32984 76.84403 71.56938 56.60622 46.43502 37.6313 30.00047 25.91321 20.79013 15.49395
34.97784 33.70207 34.33383 35.07315 35.03923 35.05967 36.42917 37.2633 37.97011 38.70206 39.03276 38.60163 37.70694 38.10395 38.24411 37.06413 36.75709 40.50182 39.7411 41.47348 44.81857 45.5818 45.51035 47.12598 48.03274 63.87661 92.99361 149.7569 167.4401 150.9481 113.9405 94.11319 89.20952 94.10532 84.92596 70.58649 45.58774 35.52291 38.54345 62.98441 98.86294 104.3464 104.6685 96.20238 83.55978 71.76078 67.62226 63.77996 66.09763 60.61033 57.86937 58.82253 62.43702 66.05871 65.72098 56.89301 47.14057 41.95269 35.09835 29.26476 25.77052 18.46816 12.67633
