py_wake/examples/data/AJ_ParqueFicticio/Rough survey   Sector 6   Height 200m   Orographic speed.grd
DSAA
73  159
 258469   265669
 6501692   6517492
 .7325408   1.316568
[rows 84 to 111 of 159, columns 0 to 62 of 73]
.980067 .9768754 .9746885 .9721895 .9698189 .9665963 .9643154 .9613707 .9585501 .9552938 .9512852 .9453499 .9388114 .9344159 .9304341 .9250565 .9194958 .9154004 .9147104 .9165392 .9199444 .9225477 .925705 .9293159 .9329028 .9325184 .9284871 .9255882 .9254123 .9289706 .9330347 .9374972 .9393103 .9367414 .9350592 .9348775 .9346064 .9370853 .937583 .9338591 .9304524 .9242312 .9166448 .9091604 .9083242 .9091132 .9081447 .9093996 .9159812 .9286974 .946005 .9598187 .9688081 .9728733 .9736066 .9725747 .9684766 .9642636 .9608292 .956856 .9553701 .9558029 .9586038
.9790729 .9769409 .9743804 .9722258 .9697325 .9670982 .9647139 .9620226 .9588017 .9558243 .9503141 .9447378 .9387228 .9324008 .9281379 .9229001 .9177186 .9123238 .9071163 .9050188 .9067413 .9082025 .9121212 .9178883 .925665 .9295825 .9276055 .923282 .9178917 .9166696 .9162333 .9215583 .9283299 .929825 .9299276 .9305955 .9330359 .9398832 .9426586 .9417434 .9382827 .9308899 .923304 .9153636 .9102367 .9102163 .9064603 .9015244 .8995025 .9064535 .9242697 .9444982 .9612381 .9713806 .9761314 .9785914 .9773047 .9731392 .9676585 .962805 .9594684 .9569827 .9588829
.9760134 .9750431 .9740407 .9723767 .9694927 .9668775 .9643013 .9619986 .9599351 .9559223 .9510061 .9460715 .9399877 .9333001 .926817 .9216725 .9175909 .9118363 .9044635 .899484 .8955899 .8946736 .8953297 .898372 .9063549 .9160556 .9194915 .9170361 .9076247 .901417 .8999242 .9035866 .9129105 .920549 .9256812 .9290494 .9316264 .9380714 .9418159 .9453124 .944391 .9384097 .9317265 .9258141 .9216304 .920085 .9157804 .9084144 .9015928 .8989368 .9064146 .9256517 .9478363 .9622067 .9742845 .9804232 .9819474 .9793556 .9756254 .9702777 .9663427 .9629412 .9626703
.9755301 .9745706 .9739945 .9716824 .9688455 .9659951 .9639446 .9617358 .9598614 .9563106 .9522145 .9475783 .9424814 .9342107 .9254991 .9200954 .9159166 .9103379 .9054744 .8988973 .8926278 .8877372 .8833228 .8819928 .8869128 .8988907 .9073172 .909934 .9019423 .8923947 .8907211 .8931926 .9035041 .9152347 .925761 .930728 .9340454 .9380776 .9425508 .9470013 .9464738 .9433008 .9387293 .9346178 .9306809 .9271042 .9235654 .918565 .9084637 .8995632 .8971931 .9087242 .9274209 .9489605 .9638543 .9742805 .9773571 .9779979 .976468 .9741948 .9718202 .9707184 .9702618
.9784696 .976081 .9747251 .9719136 .9689419 .9659409 .9630002 .9608253 .9584849 .9569833 .9537686 .9493741 .9440809 .9370604 .9278327 .9192759 .9134265 .9083542 .9041943 .8985973 .8939009 .8895307 .8840755 .8781612 .8779201 .8878489 .9014677 .9091884 .9051021 .896423 .8903322 .8932483 .8999937 .9106851 .9210697 .9287873 .938816 .9447347 .9481828 .9505244 .9502169 .9487641 .9431171 .9359941 .9306077 .9256224 .9203199 .9175691 .9095261 .8994412 .8908119 .8902858 .901026 .9203538 .9428229 .9572185 .9629505 .965446 .9684088 .9697117 .9716724 .9729933 .9789896
.9826791 .9797247 .9760079 .9734017 .9709857 .9680946 .963642 .9589258 .9560627 .9542553 .9533711 .9510627 .9466705 .9399348 .931866 .9214346 .9122294 .9063455 .902217 .8988686 .8976772 .8962737 .8933945 .8897322 .8854578 .889416 .9016934 .9140204 .915793 .9078481 .89973 .897322 .9011003 .9078056 .9153672 .9251664 .9376648 .9482437 .9550946 .9578792 .9581319 .9551499 .9476335 .9387269 .9300517 .9259664 .9189077 .9146913 .9080799 .8999858 .8896618 .8808885 .874719 .8871922 .9088843 .9289105 .9386307 .9451158 .950442 .9562209 .9623418 .9693729 .9812829
.9884284 .9836482 .9793717 .9757671 .9739282 .9703087 .9665791 .9615525 .9566067 .9526895 .9514275 .9510227 .947605 .9436981 .9366906 .9270303 .9152339 .9065549 .899516 .8980188 .9002656 .9044397 .9065287 .9059029 .9037645 .9015908 .9101964 .9224842 .9268849 .9200037 .9108541 .905607 .9080057 .9118227 .9163427 .9250715 .934343 .9496009 .9614342 .9674149 .9670351 .9621954 .9558192 .9478478 .9455356 .9407442 .9379823 .9318154 .9249361 .9180377 .9099156 .8985955 .8854057 .8771624 .8835371 .9010954 .9141613 .9205748 .9261071 .9356601 .9468079 .9613738 .9791178
.9925706 .988184 .9842049 .9805586 .977891 .9748784 .9713413 .9663101 .9602005 .955205 .9516984 .9507638 .9490543 .9467415 .9428061 .934868 .9240532 .9133499 .9033108 .896212 .9002794 .9102448 .9182995 .9226308 .9209479 .919517 .9236106 .933357 .9376431 .9311676 .9239522 .9189515 .918904 .9212769 .9264299 .9314298 .9347376 .9480742 .9651504 .9759606 .978135 .9739548 .96704 .9655603 .966419 .9644411 .9606292 .9560089 .949174 .94519 .9439363 .9345807 .9216451 .9062943 .8938777 .8922259 .9014241 .9080852 .9118305 .9204779 .9319897 .9521793 .975027
.9989531 .9938139 .9897805 .985849 .9825025 .9799101 .976513 .9720086 .9667988 .9605395 .9541596 .950991 .9496629 .9493436 .9482354 .9444527 .9369124 .9271719 .914748 .9012634 .8993766 .9118348 .925671 .9336404 .9354014 .932958 .9373356 .9452326 .9470553 .9414195 .9351083 .931341 .9304344 .9288839 .9327859 .9384723 .9389203 .9473267 .9654728 .9807732 .987843 .9850998 .9819999 .9839587 .9852855 .983269 .9779701 .9703931 .9677302 .9697781 .9720947 .9690114 .9615542 .9485254 .9323095 .9236287 .9204595 .9231865 .9229276 .9231788 .9272586 .9454401 .9714342
1.004046 1.000377 .9955484 .9911988 .987721 .9851062 .982561 .978427 .9732462 .9675322 .9603155 .9540902 .9509788 .9507391 .951368 .9519026 .9511107 .945241 .9346619 .9175007 .9037178 .9105496 .9274514 .9408673 .9449822 .9438536 .9477285 .9558355 .9567204 .9497961 .9419446 .9373242 .9352276 .9359169 .9397905 .9443874 .9447046 .9485644 .964948 .983359 .9951211 .9975376 .9994422 1.000059 .9989549 .9943914 .9881155 .981269 .979116 .9811503 .9848396 .9865292 .9853157 .9818618 .9720427 .96302 .9573388 .9534433 .9449214 .935148 .9298689 .9403459 .9658687
1.009427 1.006379 1.001719 .997413 .9928833 .990537 .9887473 .9856411 .9807191 .9755131 .9691243 .9609267 .9549042 .9519569 .951638 .9553524 .9606205 .9633225 .9575958 .9403494 .9192395 .9136029 .9271733 .9430919 .9512645 .9511524 .9549621 .9625297 .9619344 .9551984 .9458514 .9374473 .9342881 .9368342 .9454421 .9510359 .9504918 .9543203 .9684933 .9853381 .9991706 1.004941 1.007097 1.005478 1.003971 1.000351 .9937589 .988274 .9855205 .98458 .9833088 .9825923 .9858948 .9891453 .9872468 .984355 .9791865 .9738493 .9642479 .950522 .9380329 .9379655 .9583334
1.012937 1.011815 1.008253 1.004142 .9997604 .9955025 .994566 .9925538 .9894477 .9845105 .9785715 .9716685 .9638352 .9567374 .9530304 .954109 .9608406 .9718997 .9749554 .9638882 .941289 .9255949 .9301306 .9440444 .9539151 .9552249 .9567241 .9609658 .9602659 .9548841 .9444606 .9338626 .9298864 .9341589 .9456792 .9557534 .9565241 .9595368 .9716802 .987169 .9964737 1.001585 1.003958 1.004348 1.00357 1.00237 .9976591 .9934115 .9881505 .9816953 .9766177 .9718518 .9711904 .9743457 .9785898 .9803503 .9802905 .9794031 .9761848 .9666728 .9500535 .9392945 .9486521
1.01664 1.01587 1.014105 1.010497 1.007583 1.003335 .999886 .9990029 .9977183 .994572 .9897948 .9852172 .9777459 .9687527 .9596503 .9547698 .9576362 .9712488 .9821165 .9802527 .9618416 .9426539 .9391789 .9473665 .9557258 .9549208 .9505035 .9500461 .9478046 .9412782 .9328088 .9246488 .922086 .9306391 .9466373 .9601836 .9641805 .9651452 .9753935 .9892548 .9944876 .9958853 .996407 .9961702 .9970186 .9981075 .9972395 .9909509 .9836602 .975489 .9675985 .958379 .9499964 .9454494 .9498606 .9536819 .9585029 .9638873 .9718851 .9716356 .9594901 .9447349 .9407625
1.021529 1.020423 1.01804 1.016522 1.015221 1.013203 1.008344 1.004937 1.005514 1.004396 1.000983 .9984539 .9948754 .9884033 .9768353 .9645019 .9598006 .968316 .9824665 .9868261 .9758949 .9578913 .9512038 .955126 .9581769 .9524585 .9473436 .9421321 .9364792 .9292871 .9241734 .9205706 .9185461 .9255065 .9423722 .9596877 .9707112 .971981 .9763327 .9850813 .9878288 .9886658 .9876876 .9856367 .9845747 .9839346 .9821404 .977307 .9721211 .963393 .9545732 .9450577 .931909 .9175185 .9130433 .9159184 .9213975 .9292401 .9418321 .9540212 .956655 .9478869 .9386902
1.029191 1.026303 1.023992 1.02148 1.020495 1.021812 1.019645 1.01442 1.01378 1.013953 1.012424 1.01214 1.012467 1.011477 1.004128 .9894447 .9763157 .975485 .9855613 .9932307 .9867926 .9719763 .9628933 .9643381 .9648929 .9597245 .952871 .9484242 .9454682 .9399485 .9344286 .9293714 .9236178 .9217521 .9333271 .9481677 .9593158 .9661117 .9710198 .9776354 .9788008 .9787062 .9766915 .9739966 .97247 .9705647 .9669347 .962688 .9579205 .9478522 .9399673 .9312707 .9209172 .9124463 .9036812 .8991913 .8981649 .9027218 .9134241 .928046 .9396784 .9447862 .9409493
1.039601 1.036639 1.0333 1.029707 1.025872 1.029601 1.031987 1.029139 1.025108 1.025641 1.025744 1.026176 1.028649 1.033651 1.033508 1.023432 1.007975 .9982582 1.001034 1.005254 1.000601 .9884799 .9808795 .9779516 .9752179 .9716352 .9655676 .9667827 .967778 .9610369 .9527998 .9428453 .9325325 .9232032 .9263515 .9349148 .9428195 .9493901 .9560052 .9643812 .9691027 .9681035 .9634032 .9597805 .9586463 .9615297 .9620865 .9569532 .9502587 .9410992 .9316503 .9272494 .926263 .9255796 .9184745 .9146316 .9119731 .9109102 .9137616 .9227771 .9372185 .9485923 .9537011
1.050324 1.049727 1.047073 1.042689 1.036576 1.036905 1.044657 1.046425 1.041817 1.042517 1.041797 1.042138 1.044811 1.050097 1.056757 1.056675 1.046174 1.034192 1.02835 1.027817 1.021861 1.008833 .999505 .9935482 .9908059 .98769 .9831141 .9846786 .9870062 .9806513 .9692929 .9550934 .9412824 .9315674 .9293579 .9282581 .9298498 .9326432 .9385094 .9476056 .955247 .9553826 .9499867 .9455723 .9432424 .9501208 .9601929 .9651033 .9642515 .9574039 .947276 .9397488 .9375866 .9384892 .9369131 .9359177 .9344862 .9349285 .9369587 .9423015 .9517008 .9600012 .9683238
1.058404 1.063262 1.063996 1.058971 1.052089 1.047507 1.05572 1.064605 1.063922 1.063499 1.062534 1.060714 1.062426 1.067586 1.075462 1.081784 1.079472 1.072761 1.064526 1.058603 1.048422 1.0334 1.02048 1.013984 1.014041 1.013554 1.009174 1.005473 1.002118 .9936416 .9810362 .9651162 .9502966 .9398898 .9382121 .9341495 .931715 .93261 .9318745 .9353364 .9423121 .9442779 .942391 .9383721 .9407109 .9463165 .9636966 .9830089 .9923003 .9876038 .97606 .9635662 .9549348 .9524612 .9521294 .9520109 .9510159 .9509689 .9497909 .9512091 .9542983 .9630975 .9745981
1.063115 1.073626 1.079211 1.077826 1.070935 1.062387 1.066159 1.0788 1.083297 1.085198 1.086645 1.083233 1.083037 1.086184 1.093056 1.102567 1.105923 1.105174 1.101404 1.094999 1.081431 1.064363 1.052721 1.047965 1.046737 1.043422 1.034967 1.023363 1.011646 1.000466 .9881598 .9730714 .959401 .9493068 .9445944 .9419198 .9390802 .9393963 .9383586 .9365631 .9394936 .9423308 .9467914 .9476373 .9483472 .9530154 .9698551 .99566 1.016845 1.020908 1.010507 .9931372 .9773574 .9673502 .9624299 .9590915 .9558851 .9519492 .9479815 .9454644 .947817 .9579867 .9758714
1.061665 1.077754 1.089602 1.094282 1.090559 1.079055 1.07488 1.08526 1.09546 1.101355 1.105308 1.104614 1.101832 1.103545 1.110566 1.120958 1.12814 1.132909 1.136284 1.133094 1.122407 1.110104 1.100125 1.094127 1.089195 1.079986 1.064014 1.041409 1.020918 1.004325 .9908154 .978568 .9667072 .957516 .9515188 .9489934 .9468163 .9461513 .9478269 .950592 .9504412 .9494795 .9525412 .9542872 .9537574 .9549761 .9728375 1.000016 1.029398 1.047374 1.044118 1.026399 1.00372 .9837859 .9706357 .9611962 .956456 .952158 .9468892 .9428522 .9418494 .948917 .9635785
1.049852 1.070227 1.090223 1.104092 1.105504 1.094861 1.084828 1.087372 1.096273 1.105244 1.11174 1.11492 1.11378 1.1138 1.120513 1.132933 1.146551 1.156677 1.166453 1.170344 1.166537 1.159274 1.152832 1.146287 1.137989 1.123338 1.099027 1.070544 1.043859 1.021576 1.004351 .9898525 .9791428 .9716502 .9670888 .9651307 .9628516 .9587986 .9577976 .961234 .9614491 .9599218 .9560765 .9523868 .9505771 .9512341 .9647065 .9955519 1.032184 1.062483 1.074536 1.063741 1.040016 1.012203 .9926963 .9792057 .9722239 .9670613 .9625555 .9551483 .946101 .9420263 .9472029
1.035729 1.051288 1.07598 1.098796 1.110786 1.106378 1.095355 1.091189 1.095406 1.103246 1.109339 1.11428 1.114821 1.115035 1.119048 1.133414 1.153547 1.172263 1.188752 1.198337 1.201324 1.199574 1.195986 1.193292 1.1855 1.167767 1.143768 1.114399 1.084711 1.058044 1.034122 1.014755 1.000373 .9924359 .9893492 .9861162 .9808714 .9761255 .9727054 .9706646 .9695569 .9648891 .9564375 .951124 .9516034 .9564838 .9636528 .9873891 1.027214 1.068062 1.096207 1.10105 1.084789 1.059426 1.039057 1.02316 1.009579 .9985145 .989791 .9775555 .962445 .9461027 .9399329
1.03894 1.040488 1.056261 1.08229 1.104845 1.112227 1.105043 1.09665 1.096223 1.102264 1.107775 1.10934 1.108986 1.108963 1.112025 1.118972 1.141406 1.170097 1.191713 1.206764 1.212574 1.213969 1.21544 1.220481 1.223591 1.214054 1.195423 1.169005 1.137667 1.105667 1.07511 1.048807 1.028895 1.015443 1.00784 1.00292 1.000621 .9966367 .9913797 .982338 .9780664 .9734886 .9645739 .9601981 .9630324 .9715369 .9768985 .988161 1.020474 1.063353 1.10162 1.125051 1.124018 1.109494 1.09104 1.072048 1.05158 1.031744 1.0142 .9986194 .9811192 .9612408 .9476242
1.064034 1.051514 1.055643 1.072217 1.095062 1.113711 1.116376 1.108641 1.103617 1.10605 1.108526 1.106945 1.101897 1.096799 1.093782 1.094399 1.107825 1.138709 1.170189 1.192247 1.202909 1.206842 1.213383 1.22605 1.243185 1.250521 1.242758 1.222089 1.192558 1.158445 1.122585 1.090748 1.063952 1.045236 1.032643 1.024852 1.021799 1.022058 1.016389 1.003918 .994588 .9891439 .9815924 .9773663 .9813538 .9922699 1.001568 1.007824 1.026084 1.059576 1.095143 1.126458 1.136719 1.130879 1.119385 1.102328 1.079463 1.055772 1.034546 1.014656 .994093 .9751949 .9631362
1.101803 1.084808 1.07832 1.082886 1.095854 1.113395 1.124864 1.122984 1.114274 1.110007 1.109441 1.105682 1.096913 1.085206 1.072311 1.06513 1.067181 1.088723 1.123295 1.155456 1.176446 1.187368 1.199456 1.2202 1.244446 1.26438 1.270884 1.262877 1.241022 1.209507 1.175212 1.1405 1.109467 1.083515 1.066126 1.052761 1.048505 1.050154 1.046912 1.036453 1.024044 1.01383 1.004813 .9967021 .9987874 1.0112 1.023393 1.032389 1.043939 1.065763 1.091406 1.115411 1.123036 1.121716 1.113881 1.101801 1.085336 1.064491 1.044063 1.024206 1.003562 .9849503 .9759762
1.143743 1.127884 1.113654 1.109899 1.111301 1.119101 1.128679 1.131439 1.124232 1.115141 1.110091 1.10454 1.094142 1.07252 1.054046 1.040271 1.033552 1.041139 1.069023 1.103716 1.135035 1.155154 1.170902 1.195895 1.228089 1.255927 1.276947 1.283977 1.274926 1.252301 1.222343 1.186354 1.150444 1.118564 1.093819 1.077742 1.074068 1.077543 1.078517 1.072924 1.058761 1.045394 1.031916 1.018074 1.01195 1.019032 1.030141 1.042218 1.05693 1.07705 1.09574 1.10867 1.111873 1.106469 1.096607 1.086084 1.073539 1.057153 1.039196 1.022035 1.004866 .9884847 .9803593
1.179914 1.169135 1.152419 1.141582 1.134892 1.132061 1.133684 1.13606 1.1313 1.120883 1.1128 1.105971 1.0942 1.071925 1.049163 1.02927 1.014408 1.005793 1.018221 1.049535 1.085198 1.113914 1.134658 1.161278 1.19684 1.229761 1.259443 1.280211 1.285488 1.278624 1.257436 1.223224 1.185311 1.149287 1.120411 1.101684 1.095534 1.100766 1.107231 1.106962 1.093962 1.076619 1.057429 1.036178 1.020334 1.013885 1.017512 1.027385 1.043519 1.068233 1.091662 1.103833 1.104912 1.09717 1.085385 1.072343 1.059438 1.044168 1.026644 1.007086 .9912893 .978018 .9726012
1.21079 1.203332 1.187241 1.173811 1.163133 1.153154 1.147624 1.14472 1.140543 1.133223 1.124304 1.118426 1.105754 1.085459 1.064647 1.042413 1.019046 1.001902 .9926068 1.00435 1.034564 1.06869 1.097262 1.128188 1.166512 1.201515 1.232135 1.253998 1.272711 1.282633 1.28063 1.260599 1.229956 1.195176 1.163289 1.135754 1.120361 1.121814 1.129979 1.134525 1.126964 1.107807 1.081905 1.053426 1.028978 1.011575 1.00404 1.003664 1.016086 1.042686 1.067665 1.085354 1.089984 1.086524 1.077227 1.065988 1.054458 1.038941 1.019864 .9971729 .9757924 .9610318 .9559663
