py_wake/examples/data/AJ_ParqueFicticio/Rough survey   Sector 11   Height 200m   Power density.grd
DSAA
73  159
 258469   265669
 6501692   6517492
 226.8198   1610.912
[rows 0 to 27 of 159, columns 0 to 62 of 73]
706.3746 701.7767 701.1331 702.0549 700.9883 700.2264 702.0464 703.3284 703.0274 703.3741 701.2732 699.0756 696.6577 692.283 688.589 685.2766 682.7679 683.0174 683.1779 686.8909 696.4155 714.7983 725.1619 720.8785 693.6793 647.1829 623.1085 629.6557 637.7878 636.7778 630.8608 630.9037 631.209 641.6662 659.1091 686.6168 724.0917 756.1213 766.0372 773.8857 781.7027 785.4319 787.2153 784.8492 780.2538 775.4818 769.6516 763.2911 759.1697 754.4287 749.5986 742.0107 735.0729 729.162 720.9519 713.5574 706.96 697.5024 691.7808 684.2208 677.0626 670.2948 665.0874
717.1055 705.87 703.0954 703.3662 702.6597 703.2035 702.8055 703.3125 702.9932 704.2856 704.3491 700.9183 698.0675 692.9387 688.7256 683.994 680.4818 680.5107 678.051 678.9331 690.946 715.4331 739.9573 752.3694 727.0275 674.677 630.9572 627.7155 632.976 632.0637 629.9303 625.4615 621.0598 627.7667 640.0679 669.5961 707.3031 750.811 779.2529 786.851 791.039 796.2403 803.8661 803.5985 786.1332 778.9913 772.7504 769.3559 765.5913 760.569 756.4829 749.1867 742.1707 734.8344 726.5222 719.8813 710.8245 702.983 691.6194 681.4792 672.8597 664.1617 655.8411
736.3664 716.6994 706.3223 704.8157 703.236 703.9858 704.8165 703.8247 704.2321 703.0261 705.2706 704.3514 699.2799 694.2039 689.0157 682.154 677.6449 673.7365 670.4783 669.1607 679.8411 704.9198 741.251 768.0186 756.8813 700.4332 651.8534 631.6111 630.0182 627.2132 625.6765 619.4391 613.4295 614.1976 613.7158 639.5439 682.8309 743.89 778.1628 792.2955 798.2664 803.6158 811.5129 815.8609 800.7495 781.7394 773.4882 771.2279 769.9562 767.2573 764.8114 760.5228 751.782 743.4449 734.8402 726.944 717.1596 704.8781 693.3766 680.6423 667.5114 657.2752 646.5536
769.2509 737.7212 714.9763 708.0706 705.1981 705.5031 705.4285 705.2094 703.1117 700.9595 701.3506 705.0294 704.5776 699.176 688.9961 678.9077 672.3057 667.1057 662.6727 659.2746 668.9672 693.3307 729.9402 764.2261 771.1973 728.7347 674.4443 645.4199 633.8401 627.7457 624.0356 617.1694 603.5154 595.664 591.1472 611.3989 649.3086 708.9673 760.7072 785.975 798.3793 808.6813 816.6449 822.1815 816.8231 794.3084 778.9933 773.6841 771.8157 769.8113 772.4303 769.8531 761.9474 754.0358 745.6501 734.8986 723.2023 709.1409 693.4425 676.7615 661.3495 648.5709 637.3523
796.7488 763.5015 734.1434 716.9357 708.5818 707.4874 708.1103 706.7504 704.9156 701.9709 699.1816 698.5304 703.4708 701.5591 690.2285 676.0977 666.8689 659.7392 655.4962 650.599 661.1005 683.733 714.8196 748.0465 763.4134 740.7725 697.0046 665.0731 643.731 634.1204 625.2698 613.9306 599.4297 591.3443 579.8144 578.4063 602.9177 653.0871 708.843 750.3849 785.0831 806.6649 815.9553 818.5092 821.4672 806.1332 789.3427 777.6328 773.6719 773.032 778.6257 780.5027 775.6979 769.7333 759.3687 747.8969 731.8975 714.603 694.0357 673.8373 655.4399 636.9892 622.615
810.371 790.9837 766.9932 740.9756 717.1116 711.42 712.405 710.407 706.9796 703.036 701.5624 696.2353 699.5211 700.9016 691.1502 676.9468 663.7836 652.6739 646.4904 645.0159 658.3441 681.4058 707.1204 736.0902 754.9991 745.8678 711.7927 682.3878 658.0008 636.3156 622.1696 611.4132 607.0082 592.2372 577.3439 565.2045 570.8962 602.7531 645.1667 692.4136 745.7711 793.2968 810.1672 809.5215 805.8106 802.0395 789.6106 779.6459 773.8973 773.1562 779.662 789.1392 788.616 785.2735 776.595 762.7303 743.1094 721.6407 697.9101 673.1539 646.9981 624.4247 603.5204
820.4109 811.8307 802.3649 779.989 742.361 719.942 720.0034 719.1953 714.7939 710.0767 706.907 700.0459 697.654 700.2143 694.9914 681.1049 662.4836 645.0504 633.912 629.876 644.5798 673.3064 700.0616 730.0118 753.3426 749.8433 724.6563 695.6136 665.8931 642.8198 629.8392 614.6661 606.4312 594.8012 576.2956 563.2687 559.9726 572.038 597.6268 636.595 698.8434 759.4626 790.4985 791.9604 785.6343 783.4738 781.3355 778.0162 764.997 763.4103 773.3817 785.0959 795.7786 800.6092 794.8911 780.6675 758.7986 732.3866 702.828 669.7896 637.3442 607.3979 584.5386
823.5123 821.4371 816.6773 803.4833 774.5274 745.7548 733.9132 731.1556 725.753 718.4427 713.9105 709.1741 706.0983 708.0082 703.1827 688.9139 667.1891 644.247 625.5778 613.1479 624.6266 653.6295 689.8632 721.8819 748.8724 755.5891 736.0689 707.6199 677.5964 655.8552 634.7223 624.3755 612.6064 598.9528 582.4772 566.818 558.2063 560.3652 572.1517 599.7573 652.2848 711.8372 748.7778 760.2919 765.5125 768.8386 772.6483 765.9173 749.8214 744.9125 753.5347 765.737 781.9351 802.0406 811.4208 798.512 775.2281 747.0609 710.8575 672.8391 632.2969 595.1288 565.5878
828.1117 829.0065 827.4454 818.5878 798.6391 773.0273 755.3311 746.8511 735.9755 728.3867 723.0159 718.6886 716.8108 717.4275 715.6818 704.8206 682.3995 650.6602 622.913 602.5434 599.3983 624.4192 659.2582 692.8893 729.2855 753.6216 748.6219 724.7542 696.9464 671.0023 649.1521 636.6011 623.0358 607.9872 591.1235 575.7918 562.9097 558.0016 564.4714 579.1057 614.5419 659.4364 691.7419 709.3222 732.8278 747.8777 748.0468 746.9901 729.1781 718.8734 730.7686 741.9654 757.7197 783.7633 811.8257 812.1843 790.2881 762.673 726.9964 683.425 629.8721 584.5502 552.3704
831.8566 833.7895 833.256 829.882 815.7604 791.0901 769.8539 756.1348 746.9081 735.5975 734.436 731.6076 727.0367 726.8389 730.5398 725.796 705.7549 672.7189 636.1078 603.7311 585.0748 588.7494 619.5443 649.3264 683.3931 726.053 746.2167 734.5994 710.9127 684.4235 664.066 648.8333 634.3239 619.6457 603.532 587.9604 572.5135 562.4203 563.5554 572.4781 591.928 616.2743 637.4899 655.908 682.5424 705.9255 709.3344 711.9989 702.1785 687.2949 695.1727 708.194 725.9765 761.2335 794.6116 811.7159 800.5453 779.7836 747.2158 703.2771 641.7633 584.2676 545.8516
833.7159 835.7646 837.1686 836.4682 833.577 814.0197 797.2678 775.5598 756.3134 747.1742 747.3447 747.4461 739.4644 731.2504 739.0648 748.2971 739.6919 707.3464 666.4153 627.3544 595.2441 578.8289 589.0984 610.6415 639.9758 676.6081 715.6378 727.8912 715.598 692.2262 676.376 662.7226 648.9045 635.0844 618.6334 600.9865 586.1689 573.4294 568.3742 576.0568 587.452 600.6661 611.5531 619.8013 635.1171 655.4965 663.1204 672.8257 670.2828 656.0801 655.5002 667.3315 695.7331 735.2378 770.5895 791.1563 795.792 788.6329 763.6713 723.9946 663.1911 595.5812 547.5497
833.3535 837.5459 838.0283 836.8515 840.5338 832.8981 822.0546 798.2813 768.3392 761.3959 764.4605 766.0679 754.1914 735.4952 735.2261 755.5789 769.9957 747.5654 708.8232 666.2535 622.9543 594.7063 586.1888 593.3245 612.0518 640.0037 677.924 701.7895 703.5259 692.1943 681.0672 669.2686 660.2695 649.6273 634.7783 615.7935 600.574 588.6584 580.6752 583.7408 591.6729 601.6531 605.3214 610.6155 613.8857 622.3386 630.0753 636.3223 641.6959 630.3189 621.1894 631.4185 666.1157 705.412 733.8819 752.201 762.2665 765.1615 752.0135 723.549 671.0338 608.2455 556.0058
829.725 835.0369 838.4236 836.08 840.7398 840.9675 836.1319 818.7559 784.5591 774.7563 783.2806 792.3669 781.0525 753.8681 739.5305 749.1434 771.1241 778.0236 752.9167 713.0622 672.8217 638.7527 615.6923 602.9772 603.8888 619.3173 645.3922 670.1784 682.8381 684.0309 679.6048 673.0403 665.7206 657.89 645.9308 630.032 612.848 602.4328 596.6959 595.4295 598.6101 605.942 609.6782 612.764 607.1971 606.392 609.9171 615.0786 617.9905 610.705 601.1597 603.7208 628.0273 663.5849 689.372 700.784 710.9238 714.0109 706.5276 683.3146 646.3813 599.8549 552.5936
824.1505 829.6226 835.2842 839.433 841.8349 844.5833 841.7968 830.1556 802.1279 790.2755 800.7872 811.533 808.205 788.9695 768.5217 763.556 774.8723 779.3329 780.6005 756.0353 727.5048 695.8361 663.2435 631.492 616.1573 616.5114 631.9151 651.4256 665.5524 672.5348 671.6536 669.7531 667.8771 662.9312 652.5689 639.7961 624.9669 616.4458 610.9776 610.6229 612.2374 613.6905 615.6939 620.1417 610.3784 604.7853 603.3182 602.9763 604.4247 597.8441 590.3567 588.9258 601.895 626.7998 651.0164 665.2538 669.5827 668.7634 659.7524 638.6017 607.9847 569.7323 532.7726
818.1248 824.8259 831.7935 837.8515 842.8482 844.1429 842.4681 833.1592 814.2091 803.1765 812.4899 820.149 820.5119 812.5267 796.7704 786.6607 787.1393 793.0369 795.5567 787.5403 773.651 752.9171 720.022 678.3727 644.1545 630.6962 630.0854 638.8796 650.0356 659.0822 663.1265 667.0883 669.8893 671.6817 665.2295 649.4561 634.0163 623.6024 622.7935 626.4341 631.1194 631.54 629.9998 632.7125 627.9753 615.1621 610.239 605.8554 601.5085 600.137 593.036 592.1661 599.8652 618.0278 635.9003 650.0961 659.0942 659.4594 646.0851 619.4102 587.7991 548.2744 513.2928
815.1707 820.3401 827.8125 835.4054 840.3391 840.9096 840.3665 835.2308 824.3323 813.0196 817.4824 823.3522 826.6158 825.0557 817.0145 805.2004 798.6805 805.5566 813.1438 809.6417 802.558 797.5605 780.2891 739.3041 696.4025 660.7495 642.204 640.2172 645.3412 655.2105 659.9316 664.7391 672.8737 683.6575 684.4976 668.8717 642.3185 629.1459 628.7395 642.1304 654.6577 657.7706 653.2985 654.0723 646.8604 634.6061 624.7214 620.2166 618.1485 611.7947 608.521 607.0532 615.1965 632.3694 651.6816 667.9249 680.6993 684.6813 672.7443 642.4597 600.1417 551.8358 503.0455
811.4589 817.2188 822.8847 830.9797 836.5983 838.3007 839.9136 835.1218 830.173 820.965 822.2662 825.0073 828.6365 828.5945 827.3165 821.6628 815.2473 813.5396 820.549 820.1212 820.9237 821.3361 816.5546 798.0964 764.8276 716.4339 675.9028 653.3733 650.7208 656.3748 664.9022 669.4379 681.5005 701.9645 712.9507 702.1348 668.1772 641.9109 640.4159 655.8586 681.7921 690.1268 684.8391 678.2909 670.6304 659.6848 648.4349 643.6233 643.6669 639.2997 630.5836 630.9895 643.6782 662.0484 683.2311 703.064 720.0582 729.291 717.6508 692.001 647.342 583.9061 514.5471
808.3593 813.9681 819.8436 828.3323 832.9199 835.136 837.4987 835.2218 832.6019 830.2044 828.8473 826.0262 826.3382 831.2108 833.6287 830.4499 826.2225 824.7004 827.7177 828.4348 831.1846 834.6332 835.1182 832.5162 816.3071 780.9797 733.2161 694.5641 674.1617 672.1482 673.2689 677.4056 695.955 721.3994 739.4833 738.3094 701.7349 666.967 655.3715 678.4676 718.948 738.0025 735.5029 724.9481 712.7675 697.0029 682.3179 681.3026 682.9229 677.2657 663.7495 658.9648 670.8124 696.7059 722.3856 740.8035 755.6425 764.0866 760.6978 734.7366 691.8398 627.9105 547.6597
805.1791 810.6949 816.8577 825.7626 830.418 832.1223 835.652 833.8245 833.59 833.6735 834.0789 828.4606 825.3154 831.8992 835.3738 835.3868 833.6006 834.2794 834.6589 834.522 834.7585 839.204 844.8816 852.344 847.8504 826.0967 789.0753 749.2036 717.9226 702.3729 689.713 687.7809 715.2834 742.1945 765.4084 771.1785 737.4462 690.7743 669.2427 696.0151 751.5424 794.496 805.7039 798.4086 776.0371 755.364 734.5756 730.5169 735.3849 728.597 709.6426 694.8709 701.342 721.8032 748.2576 769.4952 784.2612 789.939 781.5737 760.4784 723.3381 666.9225 588.381
802.381 808.0833 814.9917 821.7634 826.1804 829.7539 831.3065 833.183 833.3651 835.0668 837.4559 835.6127 830.7515 832.4417 835.541 840.3435 840.4064 840.9062 841.3895 838.2919 838.3326 841.338 845.5607 854.8683 858.4134 851.3342 831.0162 801.0862 767.472 741.6674 714.7838 698.7274 722.522 760.5042 789.6896 799.2432 770.8479 718.2745 683.5362 707.8895 769.8508 831.4376 863.285 866.3651 852.8311 829.3896 797.9194 786.7819 788.7998 780.4081 757.9982 736.1409 732.5121 744.5522 765.4469 787.5925 801.2521 809.6912 797.6816 775.1451 740.4448 691.1613 622.8725
799.4614 804.3953 809.9333 814.6068 820.1163 822.7216 826.3617 830.131 831.9739 836.4349 837.9214 838.9738 836.3667 837.2191 839.6355 843.2876 845.4358 845.9219 844.8228 842.2816 840.3915 840.3622 845.0674 850.3396 856.9117 855.7638 842.8478 826.92 805.0439 771.3093 738.6874 716.2903 712.8045 757.5078 799.2551 820.068 792.3089 733.432 694.0906 715.5458 776.5226 841.871 887.5769 907.6243 905.5291 889.1938 862.7367 841.5626 833.3253 824.0728 797.7673 782.2233 769.9112 771.6125 786.961 804.5732 819.8406 826.2236 813.3544 786.3398 749.5178 705.8213 650.3223
796.9095 799.2467 803.5254 808.6353 814.6339 817.8074 820.0794 824.6584 829.3417 833.5717 836.5298 839.5317 839.6689 840.42 840.9243 842.7231 846.8563 849.9149 849.2155 846.8767 846.4061 845.5639 846.1857 848.8024 852.5048 853.8035 844.0562 832.4383 818.093 791.6122 766.6485 742.3181 712.2474 734.0605 785.6989 824.5104 805.1085 742.2911 692.9276 712.4111 771.8043 840.1509 889.7671 917.5259 928.1194 927.4498 911.2804 889.641 874.7397 858.6172 835.5862 819.5565 807.919 802.1839 815.3452 829.5256 842.7056 847.3503 832.5336 801.6561 757.6397 713.9578 665.8168
794.3436 796.7012 799.8471 803.8825 808.5309 812.0671 816.0524 819.4168 824.3746 828.8021 834.3613 837.9365 841.0734 842.8152 843.7285 844.2565 844.4473 849.2405 851.8171 850.6785 849.9708 848.0563 849.1373 852.231 852.1161 849.4185 841.0884 829.8436 816.306 808.7064 800.2961 775.1081 737.7852 725.4859 762.9414 810.4471 809.9623 760.0967 704.8326 699.7639 754.9734 821.5264 878.4399 911.7338 930.3424 939.5563 941.6003 928.3301 913.5872 892.9287 873.0946 858.3476 846.822 836.6277 844.9161 861.6253 870.542 871.1841 857.3287 823.9815 771.5013 717.7297 671.933
794.7839 798.6271 798.1783 799.2962 801.6366 805.816 811.0013 814.5792 820.0455 824.616 831.6716 835.4667 838.3068 843.2421 844.5686 844.8818 842.3318 844.3474 849.7758 852.606 852.3613 853.0436 853.4249 853.8404 854.5529 847.6182 837.9078 826.1959 810.6093 809.2953 813.7093 801.2885 763.712 732.8441 743.4157 787.4805 807.4326 781.8099 732.5419 704.7156 733.6561 789.8743 849.2627 888.5117 917.7977 940.7413 951.8336 952.0972 942.4335 926.3498 912.0551 898.5157 884.8713 871.2082 873.4464 893.3169 904.8746 901.02 881.7947 847.5407 787.8188 724.3409 676.9708
792.8196 797.8206 797.6888 798.0891 799.9814 802.8376 806.6467 810.8605 815.8412 822.6929 827.399 832.0181 836.359 840.1533 843.0883 844.9621 844.9848 845.4794 849.7626 851.5051 855.1292 856.5007 855.2693 858.0988 853.9636 846.3539 835.3226 825.3886 811.4549 803.7202 809.3536 809.5714 791.112 755.6263 737.8253 771.5794 794.8505 787.3765 756.7105 724.3007 727.9457 770.658 823.1014 864.194 898.8694 928.7281 951.9958 964.6194 966.7661 960.4128 953.1231 943.5454 926.9888 909.7531 901.7396 926.3997 943.0956 933.8192 908.1837 867.7109 801.1389 733.8809 683.8704
792.7894 793.1448 794.4127 797.3699 798.8644 801.3763 806.7567 809.6682 812.8489 818.9783 824.5154 830.1193 833.3278 837.6814 841.5637 844.2695 845.5844 848.218 849.3 852.0086 854.9393 856.4191 858.5746 859.636 855.4825 846.2488 833.241 828.961 824.4756 808.5511 808.2788 812.0684 800.0062 775.2204 747.087 764.5886 783.7592 788.3641 770.627 741.9424 734.925 766.2731 814.4892 859.0199 890.9697 918.5086 944.3405 971.8846 988.2653 991.0115 992.0096 991.2899 979.5523 954.89 938.1348 955.7698 980.866 969.54 931.5871 875.8752 807.5642 742.9775 691.7492
794.3592 791.6263 791.462 794.8509 800.0583 802.7664 805.6457 810.39 812.2251 813.944 819.5078 826.9539 831.0189 835.397 840.0745 841.4621 845.6916 848.0323 850.5658 851.2559 851.2413 855.5521 857.3703 856.7111 858.9517 851.0204 834.2245 832.8008 831.8766 817.3038 811.2266 808.6904 795.4517 779.8345 762.878 771.4218 778.0257 783.6917 780.3528 750.0211 740.6759 768.2458 811.7434 852.7509 889.3977 914.3256 940.9169 971.7716 1000.324 1014.351 1028.3 1041.196 1042.251 1016.797 981.3406 985.7446 1014.009 1003.55 947.9383 871.5782 801.9301 740.9576 695.7491
793.3802 793.2819 793.1436 794.2513 799.8353 802.8912 805.4863 809.0664 810.6006 811.6125 816.6641 824.4927 829.2299 834.556 838.4907 841.8578 844.1555 848.319 850.7349 850.3904 849.8394 850.2821 852.3358 854.8816 856.5438 852.2295 842.5317 832.0702 832.1904 823.6437 815.0278 810.9879 799.3961 779.9639 766.8073 773.611 778.8954 779.3822 777.8367 757.4274 741.8504 761.1878 793.5255 841.248 885.4298 914.1354 943.2482 976.6856 1014.657 1041.04 1060.829 1086.377 1105.036 1095.608 1047.05 1030.234 1045.655 1035.974 964.8019 871.4937 795.8123 737.1652 696.9733
