py_wake/examples/data/AJ_ParqueFicticio/Rough survey   Sector 2   Height 30m   Power density.grd
DSAA
73  159
 258469   265669
 6501692   6517492
 .0001479314   389.8945
[rows 0 to 27 of 159, columns 0 to 62 of 73]
26.75163 26.77448 26.93403 26.77659 26.64705 26.48636 26.39116 26.29859 26.17208 26.04667 26.00364 26.01815 25.86207 25.71034 25.6543 25.26594 24.77748 23.86539 22.66705 21.34793 18.82405 19.83478 22.24662 33.49117 35.14223 34.20073 33.53807 36.2398 39.16514 40.08565 41.24986 41.1212 45.20099 45.24805 45.27066 49.23346 50.87299 50.49652 48.10641 46.36468 44.26856 41.03415 38.63937 36.15361 36.56798 35.82872 35.17455 34.02928 33.55313 32.89164 32.23605 31.73174 31.39146 31.28303 31.89715 32.59817 33.35305 34.24759 34.98427 35.88636 36.97398 38.09847 39.03996
25.1935 26.36874 26.56758 26.37613 26.12073 25.94614 25.91497 25.92439 25.86439 25.68672 25.31266 25.38996 25.31419 25.27303 25.36819 25.11385 24.67968 23.79044 23.05136 21.97362 21.79809 24.71147 28.56884 34.56197 33.74063 34.16871 37.11925 44.19996 40.88921 42.40981 43.08107 44.96504 49.16669 51.63583 53.19207 55.4366 55.07991 50.2387 47.4084 45.42112 42.41448 39.86047 38.53665 37.93009 37.92553 37.00816 35.89622 34.40501 33.37521 32.55695 31.41748 30.90667 30.41388 30.76231 31.46399 32.21994 33.29307 34.33545 35.62269 36.80912 38.04665 39.3685 40.82362
24.74661 26.70414 26.39381 25.93806 25.53352 25.35829 25.29914 25.36479 25.50939 25.52519 24.98876 24.35306 24.36351 24.42477 25.01054 24.9908 24.59977 23.96942 23.45632 22.96815 23.61276 26.79255 28.22354 29.96087 36.60052 40.86023 43.52146 45.47832 43.58161 44.66248 45.27388 47.62524 51.7361 56.86029 61.15089 61.37048 59.20904 52.32792 47.40023 44.89419 40.73531 38.40146 37.54117 36.45095 37.19757 36.6963 35.40401 34.24175 32.80661 30.81087 28.9364 28.37269 29.2717 30.85136 31.52015 32.2439 33.38108 34.61281 36.04823 37.53317 39.27795 41.04229 43.08881
24.55587 25.59947 25.51028 25.12202 24.85933 24.74084 24.65852 24.74392 24.89213 25.05792 24.79559 23.82539 23.58448 24.03655 24.20182 24.84785 24.60446 24.02798 23.42816 23.18863 24.03172 27.49002 29.97713 33.06242 36.16653 40.26435 46.09338 48.92137 47.06823 47.81791 48.47295 50.25799 55.92108 59.65269 62.64444 61.95662 59.00879 54.73414 50.05862 46.85305 39.19684 34.49794 36.43607 36.85569 34.83898 37.47496 34.67986 32.80309 31.24399 29.42484 27.7758 30.20497 30.85864 31.22066 31.51027 32.30174 33.44714 34.92355 36.67281 38.66302 41.10122 43.74332 46.53463
23.28939 22.79997 23.38547 24.08772 24.43065 23.90512 23.60739 23.84253 24.13209 24.12786 24.35464 23.90006 22.86744 23.41409 23.74759 24.34922 24.52171 24.22576 23.51435 23.3832 25.76404 27.26608 32.27397 34.71096 38.22205 40.95704 46.23623 47.20542 46.95207 49.05894 52.58661 55.50277 57.55855 55.17225 50.26759 41.98973 43.06323 44.16668 44.0462 33.5128 24.68009 29.306 35.84037 39.43848 39.13157 37.59551 32.10878 31.0354 30.63183 30.49311 30.25086 31.23455 31.29039 31.10219 31.26185 31.98734 33.36431 35.03656 37.16103 40.0305 43.61646 48.29107 53.39653
22.4226 21.07022 20.69604 23.31384 24.25201 22.89631 22.08884 23.21769 23.54026 23.57366 23.78718 23.86471 22.30457 23.34237 23.54093 23.503 24.41196 24.79186 25.31938 28.13809 29.39142 32.42152 33.77983 36.8403 39.55733 40.29697 43.23973 44.37593 44.54611 45.95076 48.42538 46.3755 37.17357 28.24676 25.9304 25.59136 25.16619 26.06683 25.56946 16.24869 16.70719 26.67231 38.03909 42.53591 41.64799 32.8962 29.49661 30.74432 31.86831 32.20121 32.59231 31.08151 29.68959 29.37245 29.95064 31.03937 32.84976 35.02629 37.85971 41.91092 47.79496 56.6609 69.26964
22.42309 22.18526 21.6203 22.15265 22.60285 22.40577 23.92427 25.21796 25.16241 25.06688 24.26155 23.13324 22.99946 23.61349 23.55872 23.08777 23.73518 24.84023 26.41701 28.12249 30.96462 32.99607 37.81129 40.90836 40.70078 38.98783 41.34518 41.61583 41.04238 40.78074 40.93483 35.86932 28.68313 26.90146 26.19121 25.04953 24.54694 21.98417 17.72317 16.76954 24.90092 39.02111 45.05025 44.34415 34.36896 27.50972 28.15422 33.04512 35.19526 34.19196 32.53782 30.16203 28.12681 26.84146 27.16963 29.57711 32.05769 34.7578 38.24164 44.63741 55.69921 59.31472 53.30905
22.86668 22.73242 22.87145 21.95277 22.70896 22.14225 24.27393 26.02129 26.28679 25.70337 24.6031 23.64962 23.52316 23.29942 23.12045 22.49682 22.33904 23.91403 25.42505 29.7198 34.40918 39.69176 43.90195 44.83319 40.48782 37.23787 39.63974 39.45951 38.42283 36.78711 34.52256 30.51101 27.94444 26.2059 25.04884 23.73573 22.84669 21.16858 20.28538 23.70359 34.73995 44.39526 44.61391 33.19338 21.27914 25.21553 33.52078 39.15832 40.74015 35.7201 32.28587 30.11842 25.43935 20.81215 22.46226 28.08419 31.31183 34.22967 38.46472 46.87366 45.79034 40.68533 31.48519
23.04297 22.72121 22.58339 21.46345 21.1843 21.99544 23.609 25.88519 26.95341 25.88744 24.23622 23.5287 23.2173 22.70184 21.96236 21.33525 21.51953 22.13462 24.12882 27.04143 33.99127 36.07858 39.74447 41.72004 38.03371 34.65997 36.32996 37.88891 35.5961 32.65465 30.84526 28.09115 25.84845 24.11258 22.88331 21.28598 18.86086 19.07375 20.61751 23.67683 29.42724 33.20087 29.24929 18.10058 19.90101 31.10293 36.25885 33.85312 29.32139 25.00238 23.49979 20.9589 14.05041 14.86336 19.88688 27.35836 31.12837 33.86572 37.89928 36.57608 28.93056 21.54103 14.04096
23.31036 22.82473 22.1954 21.65648 21.30269 22.48806 27.52457 30.28035 28.20147 25.25831 22.68034 22.38755 22.78391 21.9719 20.41517 19.42541 20.76416 22.18896 23.25987 24.00813 26.44877 27.61697 25.18682 25.8448 33.70705 33.68324 33.84747 35.74761 32.05018 29.5341 28.45116 26.12569 23.59416 21.66014 19.92014 18.32331 18.99744 18.8819 19.01754 19.49971 16.752 12.06228 9.911636 11.18008 20.43082 27.91716 26.45584 22.16308 19.14199 16.21127 15.29658 10.52925 8.394014 14.95743 24.90403 29.62185 32.36073 34.31021 36.47768 28.09314 20.30194 11.9085 5.854067
23.5841 23.166 22.46668 22.87861 26.13739 27.46459 29.64278 33.75169 28.47852 23.84176 20.8336 20.57721 22.60402 21.93884 21.12229 20.1767 18.54661 21.71787 23.3963 23.5344 22.60367 22.35773 20.1952 21.56787 22.78115 27.66488 29.41424 29.49824 28.59955 28.03984 25.2321 23.19759 21.71961 19.67809 17.89451 18.33006 18.50532 18.25348 17.35717 17.19065 15.29592 12.48151 10.48509 10.55586 11.54141 14.33898 10.92558 11.14312 11.56342 9.383677 8.651485 6.976212 10.82926 22.32192 29.94381 35.49589 37.08626 39.0807 33.62918 25.19556 16.58202 9.874738 7.540989
24.46826 24.27924 24.16413 26.60419 27.004 28.04235 28.47536 27.77588 25.75069 20.41802 17.75127 20.73612 22.66868 23.64137 21.99783 21.69624 25.46968 23.64153 22.51971 21.93504 20.16651 19.23309 20.04062 21.62451 22.34311 21.79202 23.88023 27.16719 28.34398 24.64688 21.23974 20.06674 19.26411 18.25543 17.01338 17.16467 17.60798 17.30545 16.5132 15.33449 14.22034 12.63657 11.28905 10.46799 8.904181 7.345594 6.555785 5.897722 5.335666 5.291162 5.938234 9.55439 17.54629 25.55591 30.55158 35.21741 36.16647 34.12135 30.4769 20.3912 12.28797 7.527517 7.66963
25.41681 25.91155 26.4614 26.9347 26.20761 26.18676 25.13157 22.48412 21.90128 18.458 22.94148 28.2202 24.69876 22.64966 21.18658 21.51359 26.14597 22.97164 22.3217 22.04883 21.46044 22.99392 22.85507 22.16797 21.77854 21.2897 20.07067 23.29135 22.59679 17.56363 17.20495 16.48943 16.31265 16.06736 15.48117 15.58646 16.35068 16.09917 15.24857 13.71515 12.67497 11.88485 10.32732 9.124011 7.945578 7.774058 6.902487 5.998638 5.452681 5.507249 6.42157 8.684628 14.00602 18.88232 22.67633 19.93684 13.92954 9.340038 6.755176 5.039716 4.429375 3.515042 6.384873
26.18474 26.44691 25.56496 25.80931 25.60352 25.03726 23.8818 22.87037 22.41062 26.10827 30.90528 26.41329 23.30079 23.25271 22.89734 25.46029 23.92444 22.21436 23.12876 23.7919 24.5644 26.88761 24.26524 22.49371 21.20626 20.25676 19.17707 16.99519 15.09991 15.11692 14.87273 14.89121 14.43688 13.73289 14.02588 14.16761 14.97383 14.76525 13.97864 12.67514 11.00838 9.865416 8.632881 7.55029 6.555175 5.865883 5.485568 4.611073 4.750213 4.572299 5.347545 5.651852 2.954602 3.463773 2.460952 2.24725 5.732675 5.716167 5.447257 3.999984 2.348174 3.228846 5.09664
26.77703 26.05495 25.37623 25.39891 25.16657 24.51281 23.48553 23.13554 24.75627 26.15742 26.00208 25.07617 23.67061 23.35215 24.789 25.5826 25.14116 25.88937 25.94534 25.67766 25.57167 27.68878 27.15582 22.65607 20.04306 19.3381 18.4367 17.38808 16.26292 15.44578 14.89274 14.16034 13.86111 12.42961 11.86628 12.54552 14.05205 13.55871 12.49206 10.54423 8.985676 7.782323 6.944453 6.488596 5.82917 5.146781 4.830536 4.279248 3.378828 3.585367 3.975751 3.795871 2.488656 .8516582 2.070603 3.985463 4.651116 5.5488 7.019305 .0001479314 .07282679 .7622609 4.005995
26.7642 25.64911 25.07152 25.01123 24.81068 24.29958 23.61083 23.16477 23.4669 24.35411 24.7044 24.96567 24.82302 25.23303 28.02255 30.01041 28.66887 30.38314 28.59414 27.03404 27.99889 27.18616 24.33116 22.79394 20.22658 17.74836 17.81012 16.86426 15.86095 14.9904 14.45386 13.55764 11.52573 8.484284 9.227429 10.43429 11.62099 12.39242 11.44446 9.136974 8.319298 8.447945 7.697493 6.265991 5.26696 4.550114 4.341746 4.261667 3.882033 3.305516 3.222378 2.999089 2.490984 2.188903 2.730255 3.048281 4.04236 3.313536 3.513243 2.560674 2.163576 3.378365 4.132771
26.48658 25.47926 24.83238 24.77495 24.68915 24.426 24.02112 23.895 24.02868 24.6636 24.81819 25.56844 26.84425 28.23663 29.57743 29.59227 29.70552 28.5582 27.16015 25.98625 25.8531 25.55511 23.48666 21.5804 20.47042 20.15639 16.30972 15.69983 14.57941 13.63447 13.59772 12.90321 9.085346 7.038634 13.92422 15.74946 14.87115 12.78631 10.21882 6.038707 6.429041 7.820177 6.678617 5.605986 4.690946 4.405974 4.427426 4.116495 3.250976 2.655341 2.284572 2.352521 2.254328 2.423307 3.285158 5.62495 10.88768 15.71445 19.61696 21.91499 20.84557 16.46782 10.76041
26.3155 25.41195 24.85966 24.72201 24.63516 24.63314 24.51791 24.38333 24.5518 24.77278 25.25179 25.82411 27.94564 27.99722 27.43045 27.33868 26.91877 26.55871 26.02231 25.30246 24.71884 24.59179 23.5785 22.43309 21.86378 21.099 19.19268 16.81123 14.40816 17.02891 19.56075 12.67526 8.842904 12.09759 21.79641 22.24299 20.6341 18.2459 12.28677 8.240987 6.24887 5.749954 4.834025 3.837705 3.338068 3.655134 3.892756 5.018014 7.389679 9.339914 9.473557 8.646827 9.294188 12.09405 16.43882 21.81861 25.78085 29.13421 28.75963 26.59306 23.6143 20.10611 15.22032
26.2803 25.52871 25.33707 24.78936 24.82129 24.73926 24.78987 24.9133 25.06037 25.18668 25.87803 26.75818 27.95383 26.54475 26.53702 26.63474 26.11934 25.77677 25.56682 25.12539 24.60941 24.39671 24.20465 24.63046 26.00585 25.37405 24.10921 24.37378 24.15707 28.81507 23.79286 17.04451 15.98693 22.22599 28.99051 26.57302 26.05414 20.89412 14.61145 8.605375 7.594331 8.158004 8.547004 9.775372 11.35212 13.01989 11.87126 13.48629 18.16472 19.49822 17.46497 14.83517 15.34228 18.81331 22.29686 25.76751 24.79471 24.50817 23.27363 21.9467 21.47317 19.31641 15.80304
26.46158 25.96794 25.46943 24.76657 24.60652 24.62778 25.03423 25.34412 25.57085 25.8086 26.67617 26.84245 27.1724 26.34916 26.00817 26.11362 25.91787 25.45258 25.52001 25.34532 25.08822 24.83668 25.43332 26.18515 25.92567 25.44999 26.95282 28.72528 32.26103 31.1846 21.7577 19.51036 28.30981 30.59849 27.51347 25.73613 22.54795 18.6335 12.21384 8.617127 11.69015 15.96726 19.63123 21.22813 22.77497 22.64221 20.03868 22.65587 28.4032 25.89046 20.70275 17.60881 18.12049 20.01074 20.94537 20.74102 21.71506 21.79615 19.73254 19.14489 19.0617 18.37299 16.22874
26.42993 25.94658 25.39164 24.42791 24.13137 24.50227 24.96769 25.46049 25.95563 26.21592 25.97228 26.2735 26.36216 25.90104 25.6683 25.81187 26.0093 25.48396 25.95414 26.01059 25.8335 25.59799 25.76542 25.48754 25.48516 25.13026 25.59299 27.06694 27.89919 25.51763 18.33521 21.25801 27.65461 22.59494 23.82151 26.65149 24.41364 19.22197 10.74349 14.72693 22.24681 26.86473 26.78909 31.14171 28.59859 24.5139 23.89922 27.59966 29.00023 21.39218 17.7565 16.51524 19.18965 17.80419 18.32694 17.80657 17.5421 17.43644 16.84603 17.52695 18.24447 19.56841 19.95523
25.51918 24.98394 24.55988 23.49153 23.6678 24.22145 24.89626 25.52503 26.1929 25.85728 25.21347 25.56076 25.91209 25.58839 25.37618 25.69548 26.18413 26.25792 26.39286 25.91615 25.56411 25.31041 25.45718 25.24451 24.96215 24.69139 24.54876 24.38224 21.10656 15.96398 17.97819 21.92251 26.28441 27.5692 25.71168 22.85099 19.14934 15.38897 12.63522 22.2463 30.72313 28.772 27.58411 25.49483 23.25703 21.14601 22.53399 24.48475 22.1715 17.13966 14.30501 15.09663 15.82892 15.6811 15.79739 15.43846 14.42181 15.38111 16.36608 17.90625 21.06149 25.26276 27.77942
24.66087 23.88482 23.34124 23.45854 23.74397 24.25509 24.89719 25.48919 26.01052 25.42039 24.4819 24.80841 25.25801 25.43907 25.42187 25.34884 26.34724 25.58944 25.7287 25.54874 25.27977 24.91336 24.87696 24.78864 24.50156 23.69844 22.61208 21.95072 18.89566 17.06852 21.40008 27.73593 32.95664 30.84249 25.39551 19.10109 15.76411 14.3091 17.6353 25.45972 27.92063 25.03129 23.00658 21.33337 20.55008 20.61964 20.36353 18.74928 15.59836 13.65072 11.77914 11.35705 12.74195 12.72481 14.04544 14.33245 15.60483 17.88082 21.21646 25.90601 31.42383 35.452 35.28411
24.41855 23.69219 24.33549 24.53859 24.47874 24.60467 24.96633 25.35117 25.62242 24.92131 24.14873 24.39594 24.81336 25.17754 25.55721 25.68723 25.84868 25.16198 25.05838 25.32566 25.15201 24.68905 24.47578 24.52345 24.09303 22.814 21.11758 19.1517 17.9554 19.68856 29.83766 29.30994 28.97214 29.55659 23.97443 18.35143 16.24078 16.85403 21.08019 24.11978 25.43084 19.8438 19.37683 17.4605 17.69129 16.68343 16.01625 14.51505 11.90752 10.11119 9.32403 9.733993 11.12124 11.63006 12.98795 15.89228 19.66353 23.35038 31.45462 43.24666 47.90626 46.55452 42.06888
24.66595 24.3794 25.29321 25.33418 25.02351 24.89771 25.04635 25.23792 25.3959 24.52989 24.20103 24.38759 24.76749 25.15942 25.56556 25.71936 25.75235 25.28088 24.8818 24.98232 25.04826 24.72891 24.22632 24.41706 24.02578 23.05359 21.32259 19.44258 20.72317 25.32004 31.34265 26.275 24.55557 24.40905 21.79696 18.32918 17.81895 18.63678 20.88491 22.97082 18.9512 16.96998 16.09566 14.91805 15.16514 13.60804 12.91652 11.8879 10.22633 8.864392 7.661612 8.25366 10.70228 12.95455 15.33028 19.83829 26.95375 35.73421 52.33521 65.59655 64.35931 54.25599 44.20007
24.12541 24.51991 25.11724 25.52314 25.4888 25.15115 24.9746 25.02937 25.04226 24.41423 24.37939 24.68485 24.94198 25.22038 25.62175 25.57131 25.47876 25.24794 24.834 24.80542 24.99852 25.10865 24.50285 24.70363 24.9203 24.64527 23.40496 22.2597 24.09398 27.40272 26.88794 23.80526 22.93904 21.317 19.74244 20.61451 18.10026 18.50658 19.67147 19.76783 20.47912 21.58776 16.85549 16.01354 13.68872 12.14434 11.63926 10.40746 9.737972 8.241578 7.923507 8.746918 11.53962 16.31081 19.61875 27.75114 40.58621 56.73486 76.85629 80.0612 66.96014 51.32701 36.62754
25.0595 25.78366 25.83401 25.77423 25.74876 25.49034 25.25757 24.97051 24.95662 25.45152 25.35348 25.35585 25.25869 25.3882 25.54911 25.58918 25.46818 25.26124 24.98709 24.73626 24.94277 25.41476 25.64488 25.3967 24.29067 23.30303 24.5697 23.82043 23.29671 24.42414 23.18367 22.72726 22.27749 21.939 20.14479 18.63087 17.72892 18.68015 21.12828 22.73313 20.93585 20.02089 17.31442 16.04319 14.24901 12.39601 10.61795 8.623134 8.278403 8.311452 8.552799 10.03478 14.49835 23.16048 27.20265 37.07298 57.53566 81.12268 82.44608 71.41765 54.30654 38.93321 22.15466
25.90258 26.34445 26.21934 26.16558 25.98773 25.79331 25.61451 25.33731 25.94712 26.67033 26.58041 26.20869 25.84138 25.74781 25.88061 25.60819 25.49194 25.25638 25.19928 25.15886 25.04082 25.73704 25.05755 24.7297 23.86281 22.35601 21.86991 22.25663 21.991 21.51031 21.91466 21.96391 20.45829 19.43763 17.38289 16.75004 18.56225 19.53889 19.19422 19.42035 17.97588 17.01788 17.65512 15.37105 13.89621 11.82557 8.836446 8.217824 7.39324 7.816239 10.01426 13.26983 21.05447 32.4914 36.5623 45.83735 66.06668 87.52463 76.58842 58.21649 36.52367 23.14448 12.66543
