py_wake/examples/data/AJ_ParqueFicticio/Rough survey   Sector 6   Height 200m   Power density.grd
DSAA
73  159
 258469   265669
 6501692   6517492
 145.3619   858.2432
[rows 56 to 83 of 159, columns 0 to 62 of 73]
357.3429 359.6132 359.2407 359.9672 359.792 360.5761 360.192 360.9542 360.0029 360.4754 359.7637 359.8497 359.1124 356.3046 353.2805 352.4356 352.3889 352.1375 351.1454 350.2477 349.3577 346.5058 345.025 346.1388 346.412 346.6111 347.6289 350.4083 356.4148 362.0996 365.6023 363.1145 353.2422 351.506 350.984 351.6986 347.7884 338.0692 328.2401 321.9916 318.4931 318.3878 309.4898 294.797 284.7683 279.2453 276.2047 278.3915 291.9235 314.7312 344.5475 371.013 381.2744 381.9676 384.8723 401.8842 426.1459 437.5468 427.922 413.6292 404.7826 411.9504 439.4325
355.4625 357.6391 356.463 357.2841 358.4719 360.2258 360.4815 359.958 359.3979 358.5977 358.0498 357.7951 357.3766 357.9093 355.297 353.0034 352.7999 352.3891 351.5619 351.502 351.3993 348.8826 346.6982 347.3227 346.7302 345.9917 346.983 348.4537 352.4257 359.2642 366.4342 365.9117 358.773 353.5203 354.3659 353.7304 350.6973 343.6697 334.3834 326.6766 322.6134 319.4966 310.7443 299.8027 292.702 286.1572 278.2304 272.8113 278.7161 298.1949 328.4185 355.1566 368.8 374.5073 379.6312 399.2241 424.2961 435.225 426.2609 409.2109 398.5636 403.0739 430.928
353.3476 353.4729 352.9611 352.7109 353.789 356.3908 357.4521 357.4169 356.5875 355.5593 354.8592 355.0753 354.0154 354.5654 354.2161 353.5717 352.5963 351.8585 351.7377 352.0208 350.8311 350.7331 349.0072 347.6792 347.8357 347.3127 346.9933 345.0364 343.0551 345.4803 352.8115 353.6163 347.8839 344.6086 343.1896 344.0326 342.5363 335.5602 324.8776 318.6657 313.8896 308.9702 302.7664 299.7115 295.2595 288.9807 278.6656 269.5841 270.5532 283.8202 309.1959 335.6373 353.7246 360.5984 367.1525 387.9697 414.7376 432.5422 430.259 413.8743 398.7444 396.623 420.7063
355.6216 353.8305 352.309 350.9927 349.1611 350.9467 353.8226 354.0367 353.1628 352.4476 351.8984 350.9045 351.0849 351.4758 351.7994 351.9223 351.8158 351.2085 351.1177 350.7355 350.7585 350.4735 349.8605 349.6519 348.3281 348.4754 347.7397 343.8022 336.6196 332.4706 333.4859 332.8738 328.0923 322.8818 322.0958 324.4456 325.7846 323.2236 315.3688 305.4535 299.7348 297.372 294.1845 297.5544 298.0488 292.9166 282.9739 270.3221 264.1568 270.1723 289.2899 314.5114 335.1531 342.878 349.4344 369.7907 397.8521 420.707 425.8499 417.2517 402.2954 392.3127 407.5607
360.0406 357.1622 354.7596 354.5766 350.5481 347.7869 349.2778 351.0129 350.4773 349.6619 348.7374 347.7857 347.4189 348.2666 348.5503 348.8901 350.1603 350.3947 350.8456 350.0717 349.4964 347.4552 348.3164 349.1707 348.9207 350.985 351.0274 349.7008 344.4014 336.2103 330.6211 324.7835 317.6362 310.5124 305.9801 306.5723 307.8381 306.7617 301.4236 294.0678 286.8337 284.2677 286.276 293.1356 299.1427 297.9886 291.4192 281.3528 269.5701 264.1366 274.0618 294.3046 317.5518 327.3871 332.5679 351.46 382.2685 407.4441 415.2368 412.1221 401.7852 389.1846 392.6463
362.5899 359.6518 357.9827 358.3936 355.9051 351.2624 348.4222 348.3324 347.9756 348.2574 347.474 346.8976 346.3532 345.903 345.9005 346.4183 347.9647 349.1079 349.4652 349.515 349.1368 347.7963 346.9498 347.2596 347.7969 350.1209 352.18 353.6787 354.4629 348.7631 342.0815 331.9458 321.826 313.3612 303.3737 299.1154 297.0235 294.2967 288.1819 282.4162 276.3872 272.1558 273.9622 284.0042 293.5599 298.0153 296.3636 293.2854 283.7396 270.4495 265.0167 276.2664 301.0039 317.1018 320.2735 333.985 363.7691 392.2396 402.4366 401.509 394.5694 383.7973 377.0618
363.8038 361.9971 362.5879 362.9549 360.5852 356.8753 352.6374 348.5429 348.0175 347.8999 347.4995 346.6439 345.8955 344.5176 344.0326 344.1732 344.5983 346.3812 345.8433 346.8281 346.5635 347.0186 345.4164 345.9201 346.5325 347.3261 350.1194 354.123 358.2003 358.2259 354.5982 344.154 333.0834 322.8136 309.674 300.3197 293.8549 286.7464 278.9907 273.0085 268.3324 263.8157 265.3564 273.1856 285.1556 293.4519 296.0417 299.1631 298.8979 287.001 271.9765 267.1786 283.8267 303.3008 313.1006 320.8956 344.1151 371.7743 386.3268 388.6716 384.0925 375.9639 367.6198
362.921 363.0934 365.1714 366.1425 364.1573 360.0905 355.3874 350.714 348.1095 347.2144 347.5504 346.9351 345.0143 343.8613 342.7298 341.8495 341.9024 341.7323 342.5836 342.4623 343.7716 342.7693 341.64 341.3187 342.3329 342.5548 344.815 349.535 354.2557 358.785 358.1324 352.7887 343.2816 332.5045 320.4861 306.8172 296.8349 285.7518 275.3647 267.2421 261.1636 256.2819 255.8471 262.3414 274.2061 286.7384 292.1769 297.3507 304.2692 301.1697 285.9143 270.9952 271.1071 286.5826 300.6837 307.9297 322.8679 346.7162 362.7786 368.0473 366.9198 364.4234 361.8539
360.6191 362.5265 365.2249 366.2754 365.0821 362.0608 357.1919 352.9377 349.0455 347.2019 346.6905 345.6901 345.104 343.2469 342.4456 340.9624 341.4127 340.4531 339.8896 340.025 340.9671 339.8737 338.2751 336.1072 335.0511 335.5109 337.0197 339.8281 344.289 351.229 354.1271 352.0621 346.0899 338.007 327.3822 315.356 302.0988 289.5485 277.4321 267.3691 257.781 249.8966 245.982 249.175 262.2621 275.4339 284.7996 292.8137 301.4758 307.1674 300.071 284.2469 269.5182 271.076 286.3304 299.5716 308.5341 325.5196 338.6868 342.9622 343.187 341.3304 345.5093
358.2101 360.6395 363.2654 365.0447 364.9448 362.8093 359.4258 355.0156 350.8015 347.744 346.1098 344.8174 343.9226 342.8208 342.2967 340.6514 339.9099 339.4312 339.2568 339.3873 339.545 338.4449 336.2101 334.2187 331.2446 328.3255 326.9371 327.3629 329.8788 335.235 339.7907 341.1022 339.5487 335.8346 328.1273 318.8515 306.9781 292.4392 279.5613 267.4908 257.8098 249.2121 241.4103 241.1938 249.9988 263.0968 274.4478 287.388 297.6583 306.942 312.7525 302.0524 283.7478 269.0096 272.706 289.7697 305.1823 318.988 328.6784 328.4055 326.705 323.3798 323.5439
356.7188 358.1743 361.2964 363.4745 362.8917 361.9358 360.1019 357.2174 353.8089 349.437 346.0708 345.2106 343.815 342.6492 341.9266 341.1866 339.5926 338.2464 338.7873 339.66 339.8004 338.8052 337.5266 335.3538 330.5326 326.2554 322.2084 320.5487 318.2515 320.6251 324.1379 325.8264 327.9336 331.0978 327.3356 320.5683 311.8514 297.9912 281.1665 268.3146 257.9851 249.8012 239.6894 235.5757 240.1132 248.1163 263.4302 279.6606 290.6203 299.4714 314.8947 318.3906 303.7063 285.2059 275.5919 284.177 303.7151 321.6195 337.9837 343.6108 337.4082 327.5129 317.9287
354.8121 356.3687 359.47 361.4139 362.2276 360.1563 357.9496 357.2174 353.9886 350.0719 347.0611 344.8313 343.8172 342.6445 341.1465 339.619 338.3786 337.1509 337.2245 338.065 338.2693 338.8918 339.2437 337.3047 332.5665 328.2503 321.9653 317.6379 314.6186 314.0078 313.1398 314.6308 317.4521 321.9299 323.3355 321.5915 316.3758 306.9975 289.9837 275.7956 261.4401 249.0556 239.3996 232.3015 230.6794 235.9987 250.803 269.8756 283.0333 290.4523 306.9266 321.0795 316.6819 302.9451 288.4913 284.3798 299.5737 323.1355 345.6115 362.7601 364.1469 352.8484 336.8664
352.0491 355.2621 358.1192 359.2134 359.8161 358.1355 356.682 355.8092 353.3987 350.057 347.1563 344.9501 343.2375 342.844 341.1058 339.4348 337.4914 335.805 335.2845 335.7515 335.8185 335.7236 338.5699 338.3489 336.2055 331.8265 326.5399 319.556 314.3497 309.6127 306.184 305.4958 308.1419 312.0366 315.974 317.8803 317.6811 313.7276 301.8364 287.1814 275.7206 262.2567 249.1266 237.62 229.2181 227.8739 236.5664 253.2264 265.5091 273.4251 290.7361 306.7124 310.8702 305.9036 295.7956 288.0114 294.655 315.7685 338.722 361.4282 374.0854 373.741 360.1643
349.2289 351.4203 354.2732 356.448 356.2203 355.7102 355.265 354.2309 352.6057 349.4552 346.0933 343.34 341.7685 341.6324 340.1674 338.7301 335.9884 334.3577 334.068 333.7589 333.7418 334.8452 337.4493 337.9931 337.6194 334.5961 331.9176 326.1761 319.943 313.225 305.0212 298.153 297.378 301.4114 307.7328 312.5378 316.8997 316.3492 311.3181 302.1906 293.2036 282.019 267.2356 252.3986 239.7534 231.6931 232.2102 240.6531 248.7151 256.549 268.1826 282.0656 290.2599 289.4657 285.945 282.7854 286.7923 305.0265 327.8082 350.5575 370.0099 379.7092 378.4564
344.6522 345.7472 348.6622 350.9733 351.6889 352.6114 354.1739 354.0976 351.7153 349.3283 345.1064 341.6344 339.1475 338.7551 338.9245 338.6818 336.799 334.2432 333.1928 332.5147 332.9973 334.3301 336.3958 337.9561 337.9527 339.0251 335.631 331.7938 327.0924 319.6544 311.5238 300.8879 291.2551 293.219 299.6452 307.6331 313.5333 317.161 317.0727 315.3819 308.8828 297.3154 284.3347 269.4117 255.7523 244.4962 238.0491 239.7569 245.1013 248.2499 253.0462 258.8928 266.0474 267.2645 267.4993 270.5286 279.3735 297.3676 321.0267 342.9956 365.7648 382.4969 389.278
344.0574 343.0454 342.622 344.3763 345.8364 348.683 351.5063 352.0332 350.7461 348.5968 344.9146 341.5511 338.9546 336.7888 336.9359 336.5897 336.9098 333.9237 330.6292 330.2919 330.2124 332.1044 333.7219 337.7372 338.0872 340.2657 338.1001 336.2495 332.5408 328.0438 320.2351 307.3286 296.6136 292.7154 296.1719 302.2278 310.11 316.091 318.627 318.6871 315.3449 306.3032 294.5166 283.6427 271.6522 260.6205 253.0564 250.0659 252.4477 256.5625 256.3689 254.811 257.5827 257.0739 252.7794 254.2922 266.8376 289.3169 313.5346 337.8716 362.5688 382.7632 395.2176
346.6725 345.4903 343.5824 340.7867 341.1103 343.4077 347.9948 349.1665 348.4149 347.1809 344.7353 341.7493 337.9362 334.5383 332.188 332.5152 332.4134 330.8231 328.3227 327.0741 325.5994 326.4393 328.1175 331.8353 336.1445 338.0783 339.1849 338.9113 336.2429 333.3529 327.9933 315.2011 301.502 297.0248 296.3457 298.8201 302.99 308.9877 313.7888 315.3379 316.7555 312.1886 303.8519 293.8564 283.3251 272.9545 264.9428 261.9393 265.0911 271.4357 275.3804 276.1942 277.2456 271.707 259.2534 249.9322 253.8446 274.2668 299.2199 327.0203 353.7577 378.1846 398.1475
349.6205 348.1169 344.7049 341.5326 339.2667 339.1101 343.3284 344.8152 344.2733 345.0942 343.1281 340.9394 336.623 332.7833 327.4783 326.5063 327.2887 325.4202 323.396 321.3313 320.0715 319.6643 320.112 323.3804 327.1776 330.4304 334.9229 338.0744 340.5267 340.2284 335.2176 325.8183 311.4363 303.5803 300.1145 296.941 297.3292 300.7461 305.6125 311.476 315.1371 316.3989 311.8014 302.2831 291.926 280.5205 269.7127 264.7295 266.8958 274.6315 280.9256 288.3924 295.1404 294.9708 277.096 258.7869 248.5105 256.8734 278.2007 305.8572 334.651 361.6808 384.4882
351.0619 349.3108 345.9018 343.3079 340.1657 336.7668 339.1869 339.6035 340.0351 341.2437 340.0923 338.5434 336.045 332.2759 325.7256 321.3601 321.9065 320.7503 319.1454 316.7275 314.6667 313.3214 313.852 315.8136 318.6194 321.7528 325.9304 332.093 337.4008 340.4719 337.9047 330.4324 321.1405 309.5901 302.574 297.6113 294.8332 295.093 297.0686 301.6752 307.3132 310.3246 309.5303 304.7321 295.9577 285.2662 272.7425 262.8627 261.3141 266.6233 272.0641 280.7008 290.6468 294.2228 283.9342 266.0284 248.5275 242.9852 254.5219 277.4232 303.7528 327.6443 350.2012
349.7089 348.1745 346.253 344.9121 342.6926 339.4308 336.2893 335.1566 335.4062 336.4879 336.2851 335.3887 333.9997 331.8803 327.118 321.0211 318.2085 317.2353 316.6866 315.7659 312.4669 309.7013 308.1592 308.8674 310.4288 312.5087 315.4095 318.4716 324.1201 328.1259 329.3375 324.3383 316.7514 310.0534 302.6337 298.438 295.5831 293.4998 291.8584 293.3631 294.4758 296.9807 297.7908 296.0688 288.5541 281.4052 269.9825 259.3567 253.6367 256.9553 261.0924 267.1612 273.9934 277.1919 274.2361 262.5315 245.8726 233.0144 233.6328 248.9065 268.6074 288.7567 309.5008
345.8905 345.0397 344.1907 343.1264 342.4364 339.6941 335.1321 332.8034 332.4642 331.7737 332.0647 331.1756 329.971 329.515 327.3891 321.5908 316.3528 314.4658 313.882 313.8138 312.3487 308.9288 305.3051 304.2536 303.8192 304.6115 305.8376 306.6458 310.2558 313.5089 317.0289 314.0575 308.0997 303.5858 298.5131 295.3767 294.1022 291.0459 287.4474 288.3353 290.6867 289.8764 287.9908 287.2275 281.2427 276.9321 269.7525 260.4408 254.8525 253.8988 256.94 261.4657 265.5848 266.4119 264.4087 259.0738 245.3416 231.2795 222.5429 228.2752 243.0349 259.3609 276.4774
342.5721 341.7314 340.6123 339.5402 338.835 335.8161 332.3938 329.2076 328.4138 327.593 327.9081 327.9072 326.7148 325.4637 323.9961 318.7028 314.3537 310.9927 310.8179 310.1583 309.6778 309.3565 306.9383 304.2954 302.5712 302.4977 302.2738 302.0919 303.1523 304.6723 307.7602 307.1846 303.034 299.215 295.0082 290.4448 288.4081 286.8309 284.3497 283.2608 284.6916 286.0854 284.5266 284.7221 286.1075 287.078 285.6808 279.5975 272.0113 265.471 264.7333 267.6854 274.78 279.3786 278.1702 274.4615 263.8179 249.3443 239.5256 235.6803 239.7002 250.4791 262.7692
340.6311 338.8382 336.9358 335.2726 334.3249 332.589 330.0611 326.7164 324.601 323.6833 323.634 323.6976 323.9578 322.4392 320.288 316.7459 312.5261 308.2989 306.2861 305.2928 304.4151 305.6833 305.665 304.7807 304.6917 304.2337 305.0836 304.7495 305.6207 305.4111 306.1189 302.7752 299.3123 296.811 294.948 293.1895 291.8654 290.2662 289.572 285.6302 282.5067 283.1494 284.0956 288.5479 293.0011 297.8536 302.2073 302.8627 298.1466 286.9669 282.1869 283.9188 292.0977 300.5759 304.6423 303.7265 297.0299 285.3957 275.6823 267.6203 267.4515 270.6152 283.5292
340.6836 337.1579 334.7405 333.0674 330.9785 329.253 327.2246 324.2961 321.4533 319.9247 318.7064 318.6632 318.5911 318.1956 316.4757 314.2249 311.2953 307.6189 304.2266 301.1085 299.3889 298.9801 300.2151 301.2739 302.6149 304.9409 307.6128 311.4043 311.4185 308.7017 306.2495 300.8657 294.6109 293.32 290.995 289.9753 291.7031 292.82 292.7814 291.3099 286.4138 285.0972 288.4275 292.8515 299.5093 303.5802 307.9896 310.6568 312.3627 308.3334 305.5958 306.3107 311.6187 320.4847 327.555 328.8017 324.1731 320.4183 317.2845 312.3067 309.5421 310.5877 314.9439
340.8022 337.4996 333.7193 331.5168 329.8827 327.9435 325.2196 322.923 319.9465 317.1807 313.4143 312.0141 311.9859 311.7919 310.5968 310.2653 310.144 307.1689 304.2897 300.4662 297.2025 295.3817 294.8912 295.9421 297.8026 300.796 306.0489 311.8538 315.4778 314.9232 307.7953 301.3067 293.915 290.7547 286.652 284.5775 285.0839 287.7231 289.0285 288.613 289.2146 291.5558 294.1212 297.4265 303.3654 307.5089 308.3764 309.8297 317.123 322.3751 324.1421 325.9064 328.4523 333.3821 337.3226 339.4238 336.3072 336.6447 336.9005 334.6363 332.7432 332.352 336.7199
340.0821 338.7828 335.5652 331.0016 327.749 325.6039 323.7099 320.5674 317.6392 314.7042 310.0916 305.5533 304.7977 303.4559 303.4413 304.4742 304.8289 303.8893 302.8893 300.045 297.6806 295.4155 292.9105 291.2311 291.4299 292.7824 297.3962 303.8792 309.3072 311.6384 308.1146 300.6931 292.9977 288.6345 286.4112 284.505 283.3037 285.1329 285.2823 286.4052 287.7044 290.851 292.4167 295.3309 299.8965 304.0137 307.8069 312.8468 319.4525 326.7351 332.1804 336.3726 336.6191 337.5369 338.9536 338.0441 337.5398 339.552 341.8086 342.0288 342.4309 344.4417 347.3302
336.9566 336.1083 333.9178 330.2871 326.2488 323.5655 320.3248 318.4286 316.0711 312.4374 308.8533 304.3783 298.43 296.4055 294.3287 292.7856 294.0616 295.0971 295.9205 296.5865 294.3897 293.512 291.4832 290.9156 288.0904 287.2157 287.9272 292.5646 298.653 303.3817 304.0301 300.4084 294.3893 289.9307 287.9187 286.8595 285.8208 284.9765 285.0741 285.7652 286.3821 286.9146 286.5092 287.3059 290.7365 294.5149 299.5073 305.1484 313.8801 323.9518 334.0522 337.4164 337.064 337.4085 336.5647 335.4964 335.6119 338.334 341.7023 344.6408 346.436 349.7375 353.4132
335.7628 333.0101 331.3624 328.8235 325.2145 321.8358 319.285 316.9996 313.7242 310.0576 307.2664 301.3112 295.8137 292.1852 287.9692 284.2075 282.4677 283.3468 285.1936 286.5766 287.8425 288.5399 289.5173 289.9131 288.7367 286.2968 284.3562 285.6117 289.4232 295.1484 299.4049 300.4621 297.3067 295.7483 294.8955 293.1374 291.4583 289.4797 287.882 288.2123 287.1724 284.6648 279.005 276.8423 278.9622 281.5844 284.5194 290.4156 297.5439 309.6722 324.0131 331.2584 333.9832 334.5292 334.3901 332.3875 332.5514 336.6279 339.7915 343.6225 347.2268 350.6673 355.1069
