py_wake/examples/data/AJ_ParqueFicticio/Rough survey   Sector 11   Height 30m   Weibull-k.grd
DSAA
73  159
 258469   265669
 6501692   6517492
 .7050781   2.455078
[rows 56 to 83 of 159, columns 0 to 62 of 73]
1.794922 1.802734 1.794922 1.791016 1.783203 1.794922 1.798828 1.806641 1.802734 1.806641 1.810547 1.814453 1.818359 1.814453 1.822266 1.822266 1.822266 1.822266 1.822266 1.818359 1.826172 1.826172 1.818359 1.814453 1.814453 1.814453 1.822266 1.833984 1.841797 1.837891 1.794922 1.798828 1.798828 1.798828 1.798828 1.798828 1.798828 1.798828 1.798828 1.798828 1.798828 1.798828 1.802734 1.802734 1.798828 1.791016 1.763672 1.771484 1.736328 1.705078 1.654297 1.634766 1.654297 1.744141 1.830078 1.744141 1.634766 1.623047 1.685547 1.787109 1.857422 1.841797 1.755859
1.791016 1.802734 1.791016 1.783203 1.783203 1.798828 1.806641 1.806641 1.806641 1.806641 1.810547 1.814453 1.818359 1.826172 1.826172 1.822266 1.822266 1.822266 1.822266 1.826172 1.826172 1.822266 1.818359 1.818359 1.814453 1.814453 1.822266 1.830078 1.818359 1.806641 1.779297 1.798828 1.802734 1.798828 1.798828 1.798828 1.798828 1.798828 1.798828 1.798828 1.798828 1.798828 1.802734 1.798828 1.798828 1.779297 1.751953 1.767578 1.755859 1.720703 1.662109 1.650391 1.662109 1.759766 1.841797 1.779297 1.681641 1.650391 1.685547 1.755859 1.837891 1.845703 1.822266
1.787109 1.791016 1.775391 1.779297 1.779297 1.794922 1.806641 1.810547 1.806641 1.806641 1.810547 1.814453 1.814453 1.818359 1.822266 1.822266 1.822266 1.822266 1.826172 1.826172 1.822266 1.822266 1.818359 1.818359 1.818359 1.818359 1.818359 1.806641 1.798828 1.791016 1.751953 1.787109 1.798828 1.798828 1.802734 1.798828 1.779297 1.798828 1.798828 1.798828 1.798828 1.798828 1.802734 1.798828 1.779297 1.748047 1.720703 1.736328 1.744141 1.716797 1.658203 1.646484 1.662109 1.748047 1.814453 1.771484 1.689453 1.673828 1.712891 1.787109 1.841797 1.853516 1.853516
1.798828 1.783203 1.763672 1.763672 1.771484 1.779297 1.806641 1.810547 1.806641 1.806641 1.806641 1.806641 1.810547 1.818359 1.818359 1.818359 1.822266 1.822266 1.826172 1.822266 1.822266 1.818359 1.818359 1.818359 1.818359 1.822266 1.818359 1.791016 1.775391 1.740234 1.697266 1.720703 1.759766 1.791016 1.779297 1.767578 1.755859 1.779297 1.798828 1.798828 1.798828 1.798828 1.802734 1.798828 1.759766 1.736328 1.708984 1.701172 1.681641 1.650391 1.654297 1.654297 1.658203 1.728516 1.794922 1.767578 1.681641 1.662109 1.705078 1.798828 1.853516 1.857422 1.837891
1.818359 1.791016 1.767578 1.771484 1.779297 1.783203 1.794922 1.806641 1.798828 1.798828 1.798828 1.802734 1.802734 1.814453 1.814453 1.814453 1.822266 1.822266 1.826172 1.818359 1.814453 1.814453 1.818359 1.818359 1.822266 1.830078 1.826172 1.814453 1.775391 1.732422 1.689453 1.701172 1.724609 1.744141 1.736328 1.720703 1.720703 1.736328 1.779297 1.798828 1.798828 1.798828 1.802734 1.798828 1.759766 1.744141 1.736328 1.716797 1.677734 1.634766 1.654297 1.662109 1.662109 1.701172 1.783203 1.783203 1.697266 1.669922 1.701172 1.794922 1.857422 1.857422 1.814453
1.810547 1.783203 1.775391 1.783203 1.794922 1.787109 1.791016 1.798828 1.794922 1.794922 1.798828 1.798828 1.802734 1.806641 1.810547 1.814453 1.818359 1.826172 1.822266 1.818359 1.810547 1.814453 1.814453 1.818359 1.822266 1.826172 1.826172 1.818359 1.791016 1.767578 1.736328 1.724609 1.732422 1.755859 1.732422 1.701172 1.705078 1.720703 1.751953 1.775391 1.783203 1.802734 1.802734 1.787109 1.751953 1.740234 1.744141 1.732422 1.677734 1.626953 1.619141 1.658203 1.681641 1.701172 1.759766 1.775391 1.708984 1.685547 1.701172 1.787109 1.845703 1.853516 1.822266
1.802734 1.783203 1.791016 1.802734 1.814453 1.818359 1.818359 1.802734 1.794922 1.794922 1.798828 1.798828 1.806641 1.806641 1.806641 1.810547 1.814453 1.822266 1.818359 1.810547 1.806641 1.814453 1.814453 1.818359 1.822266 1.818359 1.818359 1.802734 1.791016 1.771484 1.771484 1.783203 1.787109 1.771484 1.744141 1.708984 1.701172 1.712891 1.736328 1.759766 1.783203 1.802734 1.802734 1.794922 1.744141 1.736328 1.744141 1.744141 1.712891 1.677734 1.673828 1.666016 1.677734 1.708984 1.751953 1.783203 1.728516 1.693359 1.708984 1.794922 1.845703 1.845703 1.830078
1.794922 1.787109 1.798828 1.810547 1.818359 1.822266 1.818359 1.802734 1.794922 1.798828 1.802734 1.806641 1.802734 1.802734 1.802734 1.806641 1.810547 1.818359 1.810547 1.802734 1.802734 1.806641 1.806641 1.810547 1.814453 1.802734 1.802734 1.798828 1.787109 1.775391 1.763672 1.779297 1.783203 1.771484 1.744141 1.712891 1.705078 1.712891 1.732422 1.751953 1.771484 1.794922 1.802734 1.794922 1.748047 1.736328 1.744141 1.732422 1.712891 1.697266 1.669922 1.697266 1.642578 1.701172 1.736328 1.755859 1.708984 1.685547 1.708984 1.783203 1.837891 1.853516 1.837891
1.791016 1.791016 1.806641 1.814453 1.818359 1.818359 1.810547 1.794922 1.791016 1.798828 1.798828 1.802734 1.802734 1.802734 1.802734 1.806641 1.818359 1.810547 1.802734 1.802734 1.806641 1.794922 1.794922 1.798828 1.798828 1.798828 1.798828 1.794922 1.775391 1.763672 1.759766 1.771484 1.779297 1.775391 1.748047 1.732422 1.712891 1.720703 1.732422 1.744141 1.751953 1.767578 1.771484 1.763672 1.728516 1.724609 1.732422 1.720703 1.701172 1.712891 1.685547 1.681641 1.626953 1.634766 1.724609 1.740234 1.689453 1.634766 1.626953 1.697266 1.751953 1.751953 1.810547
1.791016 1.791016 1.806641 1.814453 1.818359 1.814453 1.806641 1.791016 1.783203 1.798828 1.798828 1.798828 1.798828 1.798828 1.802734 1.806641 1.814453 1.806641 1.802734 1.806641 1.802734 1.787109 1.779297 1.794922 1.791016 1.791016 1.783203 1.767578 1.744141 1.736328 1.724609 1.763672 1.767578 1.751953 1.732422 1.720703 1.708984 1.716797 1.732422 1.720703 1.736328 1.767578 1.763672 1.759766 1.728516 1.740234 1.736328 1.716797 1.716797 1.736328 1.720703 1.689453 1.662109 1.685547 1.701172 1.736328 1.724609 1.681641 1.642578 1.619141 1.626953 1.642578 1.697266
1.794922 1.794922 1.810547 1.818359 1.814453 1.814453 1.806641 1.802734 1.810547 1.810547 1.802734 1.802734 1.802734 1.802734 1.806641 1.814453 1.810547 1.802734 1.806641 1.814453 1.802734 1.783203 1.794922 1.794922 1.783203 1.779297 1.767578 1.748047 1.724609 1.705078 1.701172 1.728516 1.751953 1.724609 1.720703 1.712891 1.697266 1.705078 1.705078 1.701172 1.732422 1.751953 1.744141 1.736328 1.724609 1.744141 1.748047 1.708984 1.705078 1.751953 1.732422 1.705078 1.724609 1.740234 1.775391 1.783203 1.787109 1.763672 1.763672 1.736328 1.654297 1.642578 1.673828
1.794922 1.798828 1.810547 1.814453 1.818359 1.810547 1.798828 1.802734 1.810547 1.810547 1.806641 1.806641 1.806641 1.806641 1.810547 1.806641 1.802734 1.802734 1.806641 1.810547 1.798828 1.791016 1.802734 1.794922 1.783203 1.775391 1.751953 1.736328 1.716797 1.697266 1.697266 1.716797 1.736328 1.708984 1.708984 1.712891 1.705078 1.701172 1.712891 1.701172 1.705078 1.689453 1.689453 1.693359 1.701172 1.755859 1.763672 1.720703 1.740234 1.783203 1.744141 1.712891 1.744141 1.771484 1.802734 1.802734 1.791016 1.818359 1.814453 1.798828 1.794922 1.755859 1.736328
1.791016 1.802734 1.818359 1.818359 1.814453 1.802734 1.794922 1.802734 1.802734 1.802734 1.806641 1.806641 1.810547 1.814453 1.810547 1.798828 1.794922 1.794922 1.802734 1.802734 1.794922 1.794922 1.806641 1.798828 1.794922 1.767578 1.759766 1.736328 1.708984 1.681641 1.681641 1.701172 1.728516 1.705078 1.685547 1.705078 1.708984 1.708984 1.728516 1.712891 1.716797 1.708984 1.689453 1.669922 1.677734 1.712891 1.701172 1.685547 1.701172 1.759766 1.732422 1.705078 1.736328 1.775391 1.826172 1.818359 1.833984 1.810547 1.779297 1.771484 1.791016 1.791016 1.810547
1.787109 1.798828 1.822266 1.822266 1.810547 1.794922 1.794922 1.798828 1.798828 1.798828 1.794922 1.798828 1.810547 1.818359 1.798828 1.787109 1.783203 1.794922 1.802734 1.806641 1.802734 1.810547 1.806641 1.802734 1.779297 1.767578 1.759766 1.740234 1.716797 1.673828 1.658203 1.673828 1.701172 1.693359 1.677734 1.701172 1.712891 1.716797 1.740234 1.736328 1.751953 1.759766 1.740234 1.720703 1.724609 1.740234 1.693359 1.626953 1.626953 1.662109 1.669922 1.673828 1.701172 1.740234 1.802734 1.857422 1.833984 1.783203 1.736328 1.724609 1.748047 1.787109 1.814453
1.779297 1.787109 1.818359 1.818359 1.798828 1.787109 1.798828 1.798828 1.794922 1.791016 1.787109 1.787109 1.802734 1.806641 1.798828 1.787109 1.802734 1.802734 1.806641 1.806641 1.810547 1.826172 1.806641 1.798828 1.775391 1.767578 1.755859 1.748047 1.724609 1.677734 1.666016 1.654297 1.673828 1.673828 1.677734 1.697266 1.712891 1.732422 1.751953 1.759766 1.759766 1.759766 1.751953 1.763672 1.748047 1.763672 1.724609 1.677734 1.646484 1.595703 1.478516 1.517578 1.564453 1.591797 1.720703 1.837891 1.845703 1.802734 1.748047 1.740234 1.755859 1.791016 1.818359
1.771484 1.779297 1.791016 1.802734 1.783203 1.783203 1.806641 1.802734 1.794922 1.787109 1.783203 1.798828 1.810547 1.802734 1.798828 1.791016 1.802734 1.802734 1.802734 1.806641 1.814453 1.822266 1.802734 1.794922 1.775391 1.771484 1.755859 1.751953 1.720703 1.689453 1.681641 1.693359 1.708984 1.685547 1.697266 1.705078 1.724609 1.744141 1.751953 1.751953 1.744141 1.755859 1.759766 1.771484 1.771484 1.779297 1.779297 1.748047 1.705078 1.650391 1.560547 1.517578 1.494141 1.498047 1.626953 1.791016 1.806641 1.802734 1.775391 1.779297 1.779297 1.806641 1.830078
1.779297 1.802734 1.814453 1.791016 1.783203 1.779297 1.810547 1.802734 1.791016 1.783203 1.798828 1.802734 1.798828 1.791016 1.791016 1.787109 1.798828 1.798828 1.798828 1.798828 1.810547 1.810547 1.791016 1.779297 1.767578 1.771484 1.759766 1.751953 1.720703 1.685547 1.673828 1.689453 1.705078 1.705078 1.708984 1.712891 1.736328 1.744141 1.748047 1.744141 1.740234 1.751953 1.771484 1.767578 1.775391 1.783203 1.791016 1.791016 1.759766 1.744141 1.736328 1.744141 1.728516 1.669922 1.662109 1.802734 1.802734 1.802734 1.791016 1.787109 1.802734 1.826172 1.853516
1.806641 1.814453 1.806641 1.787109 1.779297 1.779297 1.814453 1.798828 1.775391 1.783203 1.791016 1.794922 1.787109 1.779297 1.779297 1.783203 1.791016 1.787109 1.791016 1.787109 1.798828 1.791016 1.779297 1.763672 1.759766 1.759766 1.759766 1.755859 1.728516 1.697266 1.689453 1.705078 1.708984 1.724609 1.724609 1.716797 1.724609 1.736328 1.748047 1.751953 1.751953 1.763672 1.779297 1.771484 1.779297 1.775391 1.798828 1.794922 1.783203 1.779297 1.775391 1.779297 1.767578 1.748047 1.759766 1.802734 1.802734 1.802734 1.798828 1.787109 1.783203 1.837891 1.853516
1.806641 1.810547 1.802734 1.791016 1.767578 1.775391 1.818359 1.787109 1.755859 1.775391 1.783203 1.783203 1.779297 1.767578 1.771484 1.779297 1.783203 1.779297 1.779297 1.779297 1.787109 1.775391 1.767578 1.751953 1.748047 1.748047 1.759766 1.755859 1.728516 1.689453 1.697266 1.716797 1.732422 1.732422 1.728516 1.724609 1.720703 1.728516 1.732422 1.736328 1.744141 1.771484 1.779297 1.775391 1.787109 1.771484 1.791016 1.787109 1.759766 1.740234 1.736328 1.755859 1.763672 1.755859 1.763672 1.818359 1.802734 1.802734 1.794922 1.775391 1.775391 1.791016 1.833984
1.802734 1.802734 1.802734 1.798828 1.791016 1.802734 1.806641 1.775391 1.759766 1.771484 1.775391 1.779297 1.779297 1.767578 1.779297 1.783203 1.779297 1.775391 1.779297 1.783203 1.779297 1.767578 1.755859 1.740234 1.740234 1.736328 1.744141 1.732422 1.701172 1.642578 1.658203 1.677734 1.693359 1.724609 1.728516 1.736328 1.736328 1.732422 1.732422 1.720703 1.701172 1.728516 1.740234 1.728516 1.740234 1.728516 1.705078 1.740234 1.705078 1.685547 1.689453 1.669922 1.623047 1.623047 1.697266 1.744141 1.771484 1.755859 1.771484 1.744141 1.724609 1.740234 1.771484
1.794922 1.794922 1.794922 1.798828 1.806641 1.810547 1.802734 1.779297 1.763672 1.763672 1.771484 1.775391 1.771484 1.775391 1.791016 1.798828 1.783203 1.775391 1.783203 1.787109 1.771484 1.755859 1.748047 1.732422 1.728516 1.720703 1.724609 1.689453 1.642578 1.587891 1.607422 1.634766 1.666016 1.705078 1.724609 1.736328 1.736328 1.720703 1.736328 1.720703 1.701172 1.712891 1.689453 1.666016 1.654297 1.638672 1.619141 1.646484 1.662109 1.689453 1.689453 1.669922 1.626953 1.560547 1.595703 1.634766 1.642578 1.638672 1.603516 1.541016 1.611328 1.650391 1.673828
1.787109 1.787109 1.791016 1.794922 1.798828 1.787109 1.779297 1.767578 1.759766 1.759766 1.763672 1.767578 1.767578 1.767578 1.779297 1.775391 1.771484 1.771484 1.783203 1.775391 1.767578 1.763672 1.748047 1.740234 1.736328 1.720703 1.705078 1.666016 1.603516 1.525391 1.560547 1.615234 1.662109 1.697266 1.716797 1.708984 1.685547 1.689453 1.712891 1.669922 1.677734 1.708984 1.701172 1.685547 1.708984 1.728516 1.724609 1.732422 1.724609 1.720703 1.716797 1.697266 1.677734 1.658203 1.677734 1.666016 1.662109 1.638672 1.693359 1.673828 1.638672 1.673828 1.701172
1.779297 1.783203 1.783203 1.783203 1.791016 1.775391 1.763672 1.751953 1.755859 1.755859 1.755859 1.763672 1.767578 1.767578 1.767578 1.759766 1.755859 1.759766 1.771484 1.759766 1.767578 1.755859 1.740234 1.744141 1.736328 1.732422 1.708984 1.669922 1.603516 1.556641 1.568359 1.630859 1.677734 1.701172 1.720703 1.732422 1.724609 1.712891 1.736328 1.697266 1.697266 1.705078 1.693359 1.689453 1.728516 1.755859 1.779297 1.794922 1.779297 1.787109 1.740234 1.724609 1.728516 1.740234 1.759766 1.771484 1.783203 1.802734 1.802734 1.806641 1.802734 1.802734 1.794922
1.779297 1.775391 1.775391 1.787109 1.787109 1.767578 1.755859 1.748047 1.751953 1.751953 1.755859 1.759766 1.763672 1.763672 1.759766 1.755859 1.755859 1.767578 1.767578 1.751953 1.755859 1.740234 1.732422 1.732422 1.740234 1.744141 1.732422 1.697266 1.634766 1.572266 1.591797 1.646484 1.685547 1.705078 1.712891 1.728516 1.724609 1.732422 1.748047 1.724609 1.720703 1.705078 1.705078 1.712891 1.740234 1.759766 1.775391 1.783203 1.810547 1.830078 1.810547 1.798828 1.791016 1.783203 1.787109 1.794922 1.802734 1.802734 1.802734 1.810547 1.830078 1.833984 1.841797
1.779297 1.775391 1.771484 1.791016 1.775391 1.759766 1.744141 1.748047 1.748047 1.744141 1.744141 1.751953 1.751953 1.748047 1.751953 1.755859 1.779297 1.783203 1.763672 1.751953 1.755859 1.732422 1.728516 1.724609 1.740234 1.740234 1.736328 1.705078 1.654297 1.619141 1.626953 1.654297 1.693359 1.697266 1.693359 1.693359 1.685547 1.724609 1.728516 1.728516 1.740234 1.759766 1.763672 1.767578 1.767578 1.779297 1.791016 1.798828 1.810547 1.826172 1.826172 1.810547 1.802734 1.802734 1.802734 1.802734 1.802734 1.802734 1.806641 1.833984 1.841797 1.853516 1.857422
1.783203 1.787109 1.794922 1.794922 1.775391 1.759766 1.744141 1.740234 1.740234 1.736328 1.728516 1.736328 1.736328 1.736328 1.744141 1.763672 1.775391 1.771484 1.759766 1.763672 1.751953 1.740234 1.728516 1.716797 1.724609 1.724609 1.705078 1.658203 1.611328 1.591797 1.626953 1.662109 1.693359 1.681641 1.681641 1.693359 1.697266 1.732422 1.728516 1.724609 1.720703 1.728516 1.740234 1.759766 1.763672 1.779297 1.802734 1.802734 1.802734 1.810547 1.810547 1.806641 1.802734 1.802734 1.794922 1.783203 1.802734 1.802734 1.822266 1.845703 1.849609 1.857422 1.861328
1.779297 1.787109 1.783203 1.783203 1.775391 1.755859 1.740234 1.736328 1.732422 1.728516 1.720703 1.732422 1.732422 1.728516 1.728516 1.732422 1.748047 1.748047 1.751953 1.751953 1.744141 1.740234 1.724609 1.716797 1.705078 1.689453 1.646484 1.591797 1.556641 1.568359 1.630859 1.662109 1.685547 1.673828 1.673828 1.705078 1.712891 1.744141 1.728516 1.701172 1.681641 1.701172 1.724609 1.748047 1.759766 1.779297 1.802734 1.802734 1.802734 1.802734 1.806641 1.802734 1.802734 1.798828 1.783203 1.779297 1.798828 1.806641 1.822266 1.845703 1.853516 1.857422 1.857422
1.767578 1.779297 1.775391 1.775391 1.767578 1.755859 1.740234 1.732422 1.728516 1.720703 1.724609 1.728516 1.720703 1.716797 1.708984 1.705078 1.716797 1.724609 1.736328 1.732422 1.732422 1.736328 1.728516 1.724609 1.708984 1.669922 1.615234 1.556641 1.533203 1.568359 1.642578 1.685547 1.701172 1.724609 1.708984 1.748047 1.751953 1.748047 1.716797 1.705078 1.697266 1.705078 1.712891 1.740234 1.732422 1.751953 1.794922 1.802734 1.802734 1.802734 1.802734 1.802734 1.802734 1.791016 1.767578 1.767578 1.787109 1.802734 1.818359 1.837891 1.849609 1.861328 1.845703
