py_wake/examples/data/AJ_ParqueFicticio/Rough survey   Sector 5   Height 30m   Mean speed.grd
DSAA
73  159
 258469   265669
 6501692   6517492
 .2236509   11.06684
[rows 84 to 111 of 159, columns 0 to 62 of 73]
5.84025 5.771035 5.762107 5.753286 5.753745 5.76403 5.78883 5.807489 5.820234 5.811663 5.764367 5.661171 5.527392 5.474807 5.475392 5.354912 5.185219 5.084096 5.081712 5.200341 5.417072 5.528696 5.622453 5.75753 6.017557 6.204093 6.122679 6.047091 6.118115 6.268977 6.214752 6.187394 6.200109 5.853493 5.756453 5.405687 5.470458 5.645563 5.681929 5.702868 5.71806 5.515227 5.15719 4.774558 4.911148 4.882591 4.543294 4.431627 4.275734 4.622101 5.446317 5.693734 5.80932 5.884047 5.90899 5.717597 5.45316 5.190439 4.854738 4.498236 4.199093 4.066319 3.884065
5.875243 5.81137 5.770646 5.76477 5.75493 5.796674 5.810149 5.853232 5.857608 5.845531 5.773821 5.693586 5.605695 5.448762 5.443818 5.402623 5.306627 5.204007 4.991671 4.956105 5.124041 5.193214 5.370149 5.529562 6.013023 6.452701 6.480862 6.288772 6.049494 5.998576 5.742453 5.757596 5.991333 5.802625 5.655759 5.201045 5.312943 5.750437 5.943754 5.992152 5.969826 5.676109 5.455644 5.05984 4.883183 5.026169 4.667112 4.33331 4.046611 3.94711 4.547233 5.526134 5.833041 5.913956 6.069666 6.025433 5.756565 5.362622 5.003837 4.614234 4.159395 3.867351 3.435667
5.751108 5.746742 5.759425 5.766778 5.778658 5.80252 5.838335 5.853185 5.898467 5.870808 5.814101 5.769903 5.68713 5.528556 5.435011 5.397002 5.409308 5.295278 5.104293 4.985037 4.899672 4.907802 4.942963 5.017212 5.489195 6.241773 6.517218 6.27735 5.77623 5.545795 5.319411 5.340099 5.552373 5.61783 5.555089 5.147039 5.161774 5.521197 5.797504 5.988327 6.064231 5.922252 5.578438 5.352264 5.169538 5.180025 5.201638 4.76969 4.459565 3.766967 3.969285 4.676278 5.751795 5.731103 5.978973 6.20257 5.832339 5.492004 5.163017 4.815743 4.209676 3.712763 2.578986
5.645866 5.68273 5.724541 5.775211 5.779492 5.77951 5.847888 5.861946 5.90545 5.918497 5.898087 5.840236 5.767847 5.597578 5.422831 5.389694 5.405588 5.341375 5.26733 5.098045 4.957438 4.861147 4.740189 4.582117 4.804963 5.625626 6.162016 6.04963 5.5696 5.040479 5.122633 4.981287 5.219906 5.385373 5.555972 5.355218 5.134003 5.420588 5.783978 5.997835 6.026713 5.935989 5.803957 5.464927 5.343028 5.222895 5.262293 5.336767 4.82559 4.023886 3.802535 4.165723 5.077968 5.716073 5.83285 6.066949 5.790112 5.439548 5.171496 4.91644 4.063367 2.664501 2.052759
5.686804 5.686331 5.722764 5.771606 5.788995 5.794947 5.796677 5.806172 5.880872 5.965699 5.95847 5.875203 5.821336 5.740949 5.510417 5.340613 5.319762 5.326994 5.290788 5.200983 5.111556 5.01861 4.917079 4.602838 4.28229 4.877077 5.900265 6.105443 5.826308 5.515913 5.040197 5.022715 4.991141 5.102357 5.137476 5.181466 5.445362 5.779065 5.932026 6.04023 6.040196 5.938844 5.702873 5.442094 5.170624 5.125759 4.930597 5.199636 4.902372 4.346104 3.93269 3.875881 4.012568 4.925497 5.85651 6.077639 5.727284 5.23134 5.029204 4.81649 3.478313 2.07588 2.402366
5.762202 5.753552 5.728127 5.764728 5.829807 5.845484 5.817487 5.738104 5.785647 5.860044 5.934479 5.942765 5.891925 5.821302 5.679694 5.400094 5.22603 5.22252 5.213737 5.20658 5.251076 5.286809 5.299165 5.207544 4.784284 4.709476 5.636477 6.452731 6.467064 5.85503 5.238551 4.958663 4.880496 4.805887 4.749915 4.982791 5.400012 5.829707 6.129229 6.172548 6.090403 6.007241 5.655589 5.37816 5.036399 5.055111 4.725524 4.762666 4.657797 4.280945 4.059 3.756594 3.295332 3.854676 4.984275 5.69478 5.533846 4.960358 4.720331 4.612843 3.13581 2.584883 3.103359
5.881113 5.806984 5.789722 5.765308 5.864238 5.894811 5.886572 5.835329 5.748701 5.745665 5.823245 5.905341 5.912771 5.91866 5.841337 5.557154 5.268857 5.139277 5.076146 5.084543 5.276621 5.502963 5.684712 5.881147 5.719773 5.294144 5.795741 6.568429 6.692717 6.054277 5.300809 4.895008 4.855089 4.75849 4.506204 4.84066 4.925682 5.779974 6.325744 6.39412 6.289577 5.995841 5.7377 5.38729 5.436951 5.218634 5.320559 4.922098 4.712936 4.73401 4.749117 4.407688 3.850701 3.247934 3.588936 4.458981 4.985531 4.557286 4.381292 4.096303 3.3544 2.864673 3.502832
5.940289 5.877889 5.867971 5.850529 5.870736 5.955944 5.993618 5.942249 5.856324 5.753991 5.745754 5.822173 5.902493 5.955118 5.963582 5.788321 5.507771 5.271968 5.050791 4.817259 5.074071 5.627634 5.989062 6.264663 6.208943 5.856713 6.098199 6.641229 6.730484 6.073255 5.452433 5.05763 4.958667 4.420798 4.764871 4.982836 4.742084 5.333058 6.272916 6.734921 6.481523 6.105443 5.631003 5.681824 5.715351 5.545078 5.456265 5.309938 5.005379 5.066339 5.421595 5.406151 5.087368 4.238683 3.414021 3.469752 4.251123 4.370835 3.845397 3.467155 3.016884 2.75577 3.494898
6.01522 5.980352 5.941542 5.909204 5.924667 6.018577 6.061975 6.048897 6.009134 5.883091 5.749506 5.740111 5.837869 5.958932 6.015539 6.009892 5.799962 5.66978 5.39344 4.750995 4.587093 5.444474 6.205779 6.537196 6.460454 6.094186 6.312165 6.722541 6.797351 6.101277 5.498746 5.234543 5.005476 4.33712 4.994833 5.355319 4.881881 4.885138 5.970407 6.639389 6.73983 6.170616 5.772037 5.716908 5.737498 5.715718 5.467496 5.037415 5.093826 5.202639 5.562864 5.705656 5.641636 5.516565 4.53308 4.150945 4.117313 4.348213 4.136083 3.383272 2.493299 2.506025 3.149097
6.116424 6.07443 6.014855 5.967236 5.968009 6.068902 6.162364 6.141574 6.10774 6.052287 5.872986 5.700874 5.757829 5.846049 5.997824 6.100971 6.11262 6.174629 6.105849 5.326443 4.354197 4.839414 6.172814 6.749051 6.631317 6.18765 6.379974 6.889535 6.838109 6.040472 5.403427 5.06658 4.757976 4.56777 4.890324 5.45197 5.129905 4.739944 5.650738 6.574038 6.787542 6.339955 5.949501 5.737039 5.924467 5.713714 5.306585 5.15096 4.997376 5.066568 5.376589 5.693132 5.674397 5.890563 5.396694 4.941519 4.661159 4.683843 4.381542 3.614238 2.304818 2.344822 2.610675
6.158962 6.162272 6.107512 6.0606 6.009405 6.095376 6.217833 6.249084 6.196729 6.147896 6.052639 5.836005 5.691043 5.746781 5.804997 5.956903 6.23187 6.629982 6.864745 6.233098 4.832736 4.354491 5.701182 6.80718 6.848982 6.323701 6.419029 6.873963 6.874199 6.146516 5.465375 4.997674 4.428215 4.504516 5.309296 5.649408 5.136274 4.753611 5.579393 6.272323 6.586438 6.497083 6.038184 5.800887 5.920963 5.73349 5.349031 5.236363 5.140217 5.153115 5.256593 5.346224 5.432817 5.542707 5.429492 5.355902 5.016854 5.016277 4.680248 4.049276 2.561584 2.263448 2.365796
6.162893 6.249712 6.204701 6.157436 6.116698 6.075505 6.230788 6.348456 6.330117 6.254922 6.185201 6.045817 5.856634 5.691195 5.6315 5.60115 5.898932 6.740963 7.290791 6.988828 5.690655 4.547029 5.270261 6.589261 6.912729 6.409255 6.341372 6.714598 6.707228 6.309783 5.693985 5.087348 4.414575 4.372847 5.291799 5.829139 5.295633 4.723814 5.458605 6.246852 6.281947 6.196658 5.773076 5.810843 5.860168 5.849068 5.561934 5.358997 5.334836 5.221863 5.270306 5.12541 4.907612 5.128922 5.337144 5.331157 5.185086 5.066344 5.059391 4.581468 3.298796 2.186089 2.448969
6.140325 6.235915 6.298684 6.272342 6.26762 6.200866 6.166158 6.348922 6.431358 6.35999 6.284968 6.247281 6.146784 5.932348 5.603936 5.339839 5.377837 6.294441 7.292001 7.441957 6.461436 4.985824 5.234705 6.394312 6.746124 6.486763 5.982536 6.15549 6.167081 5.874846 5.534051 4.814254 4.010802 4.038681 5.197501 5.946906 5.554488 4.750813 5.129008 6.151905 6.147959 6.005297 5.680983 5.595571 5.714188 5.749855 5.746769 5.554273 5.458655 5.365067 5.405603 5.174665 4.602327 4.63883 4.997673 4.989343 4.99347 4.742114 5.014386 4.909099 4.029716 2.564336 2.252582
6.130648 6.239759 6.290345 6.32066 6.374314 6.437228 6.259728 6.249404 6.462918 6.472719 6.369087 6.389206 6.410808 6.396125 6.061971 5.444675 5.058663 5.606574 6.987753 7.346105 6.789609 5.402444 5.465406 6.420617 6.701915 6.126999 5.753961 5.781358 5.584966 5.307893 5.110853 4.726418 3.821088 3.545987 4.578059 5.736334 5.655612 4.994759 5.225596 6.015952 6.212572 5.993757 5.631521 5.493835 5.483195 5.422811 5.536318 5.400219 5.483203 5.405177 5.415543 5.44471 4.772764 4.070787 4.059954 4.329414 4.052115 4.009727 4.285516 4.352722 4.134727 3.094555 2.518133
6.168932 6.283753 6.332869 6.276239 6.285807 6.554635 6.554258 6.247442 6.374825 6.509102 6.449279 6.444194 6.570859 6.871325 6.808645 6.129325 5.232753 5.350527 6.623432 7.193537 6.781873 5.694131 5.682907 6.267776 6.659619 6.20803 5.755591 5.830732 5.901278 5.559302 5.211755 4.8129 3.666913 3.315839 4.061319 5.207764 5.241388 5.166268 5.379779 5.962995 6.113963 5.94392 5.559501 5.406356 5.514345 5.437576 5.357314 5.207294 5.476692 5.175543 5.341529 5.297737 4.940004 4.888061 4.077144 3.683703 3.501891 3.223359 3.209939 3.615557 3.616854 2.919128 1.940593
6.376671 6.389283 6.435741 6.351383 6.173811 6.473512 6.839479 6.482164 6.33628 6.550461 6.511844 6.50293 6.587678 7.118134 7.482129 7.052846 5.987823 5.681425 6.533133 7.121173 6.879384 6.028105 5.980422 6.277561 6.490361 6.235476 5.851643 6.236737 6.553279 6.05139 5.422685 4.786957 3.963636 3.48828 3.931271 4.678912 4.993968 4.928461 5.141689 5.956997 6.128473 5.883595 5.463388 5.331618 5.325304 5.505554 5.520282 5.220216 5.216466 5.089172 4.83931 4.94978 5.150506 5.274447 4.820772 4.410356 4.003866 3.317869 3.128731 2.858375 2.976834 2.927505 2.393243
6.692871 6.671384 6.6457 6.581762 6.233363 6.241476 6.923258 6.935001 6.45095 6.683404 6.6552 6.586853 6.633574 6.907528 7.563851 7.62691 6.990267 6.477378 6.68897 7.257113 7.018145 6.323676 6.084047 6.287411 6.492451 6.32715 5.986804 6.211846 6.564583 6.301094 5.609133 4.804105 3.985156 3.841244 4.294424 4.508932 4.630294 4.534694 4.74683 5.32561 5.887919 5.876438 5.428778 5.156304 4.861728 5.19908 5.492237 5.612538 5.622281 5.53263 5.1702 4.920263 4.907209 5.154928 4.93115 4.527196 4.203177 3.824087 3.358626 3.206902 3.204596 2.958868 .260714
6.779859 7.013126 6.974065 6.902629 6.566729 6.095401 6.694046 7.382781 6.816465 6.863988 6.994792 6.643517 6.783228 6.948225 7.373155 7.731646 7.560417 7.355456 7.241844 7.427989 7.166572 6.60049 6.087863 6.229978 6.496881 6.610506 6.408826 6.325248 6.491807 6.288991 5.728049 4.910158 4.155527 3.976508 4.549405 4.677234 4.734317 4.711681 4.580957 4.889988 5.474233 5.629331 5.463517 5.066178 4.904016 4.564294 5.158094 6.016787 6.56515 6.314145 5.721701 5.29881 5.053967 4.920922 4.801358 4.499491 4.125447 3.888933 3.528991 3.166933 2.848386 1.187545 .5646653
6.803622 7.104925 7.251513 7.271758 7.052438 6.25936 6.342021 7.453487 7.371042 7.144554 7.542926 7.044023 6.974888 7.229491 7.335227 7.670027 7.683825 7.809175 7.804195 7.859462 7.451487 6.57287 6.286464 6.300139 6.743824 6.890678 6.740304 6.52378 6.335232 6.159041 5.830477 5.107198 4.420622 4.384224 4.622908 4.75716 4.92009 4.902274 5.032285 4.947469 5.282699 5.478231 5.654163 5.455601 5.07991 4.387196 4.592394 5.716875 6.964182 7.08908 6.446862 5.766607 5.252814 4.867598 4.541352 4.426091 3.989722 3.776553 3.364304 3.015298 2.572273 3.232356 .7558871
6.759268 7.132746 7.455643 7.718378 7.567633 6.592686 5.987586 7.027572 7.574751 7.462516 7.792455 7.715088 7.253513 7.487205 7.476438 7.726757 7.709119 7.891277 8.293864 8.334064 7.785319 7.164864 6.651076 6.672437 7.079782 7.176762 7.1196 6.433715 6.054689 5.816723 5.559559 5.084754 4.609201 4.455033 4.546708 4.747162 4.756079 4.746689 5.103876 5.436371 5.532901 5.556641 5.536186 5.681481 5.079373 4.11385 4.18525 5.314437 6.826421 7.518754 7.250407 6.491854 5.599154 4.903255 4.343668 4.153731 3.874976 3.590148 3.278335 2.822726 2.247296 2.801765 3.22853
6.093481 6.869009 7.514161 8.066818 8.0968 7.093717 6.179881 6.597069 7.171815 7.427497 7.701813 7.985207 7.685259 7.561991 7.42818 7.584734 7.837167 8.012668 8.562319 8.75421 8.398124 7.606059 7.117164 7.08736 7.619701 7.795417 7.597353 6.834525 6.205698 5.812789 5.425097 4.927019 4.508622 4.560872 4.763747 4.972852 4.819815 4.776806 5.084754 5.504547 5.721835 5.775855 5.557923 5.277208 4.817176 3.985285 3.648472 4.479998 6.261122 7.565985 7.969613 7.409171 6.29405 5.0536 4.361867 3.988076 3.743289 3.49146 3.367983 3.038349 2.294029 2.498975 2.338249
5.242275 5.824927 6.879823 7.990891 8.297001 7.537146 6.614118 6.61609 6.878188 7.179708 7.441107 7.83774 7.851764 7.542703 7.14411 7.030077 7.557116 8.154922 8.626078 8.819263 8.403493 7.901116 7.5533 7.846965 8.438218 8.327382 8.061455 7.467288 6.751813 6.366245 5.665924 5.029043 4.529047 4.607295 5.062444 5.04589 4.810363 4.927894 5.114516 5.400257 5.832083 5.809743 5.442043 4.914361 4.661978 4.295505 3.336579 3.329252 5.215765 7.138347 8.306561 8.472905 7.29652 5.682189 4.881945 4.368172 3.946579 3.717842 3.601818 3.412137 2.77998 2.675006 2.213467
5.227172 5.061161 5.626348 6.972681 8.020926 7.901837 7.096233 6.578769 6.702514 7.086365 7.451883 7.689929 7.81511 7.440042 7.013907 6.290755 6.939427 8.031806 8.285659 8.562647 8.301208 7.814688 7.418133 8.114717 9.101487 9.455008 8.900663 8.297476 7.533252 6.873004 5.917671 5.127695 4.693531 4.536031 4.799979 4.806904 4.895296 5.179701 5.487401 5.391075 5.739915 5.972806 5.490631 4.958657 4.579365 4.611775 3.771498 2.718308 3.755516 6.123956 7.865916 8.532057 8.382702 6.550593 5.667035 5.185975 4.489148 3.988121 3.733715 3.498454 2.98673 3.145398 2.577434
5.99256 5.242122 5.349157 5.889235 7.097432 7.935006 7.813478 7.004799 6.639398 7.055029 7.672058 7.951404 7.791661 7.278392 6.830351 5.700159 5.531894 7.029331 8.306156 8.483408 8.396781 7.698195 7.140667 7.800288 9.283008 9.748935 9.725404 9.26919 8.37958 7.498949 6.337565 5.47421 4.936876 4.743863 4.804891 4.73374 4.82693 5.584815 6.032838 5.849441 5.879793 6.095796 5.732924 4.911202 4.37473 4.667737 4.437035 3.214854 3.117603 4.865939 7.034942 8.16011 7.978026 6.963596 6.141277 5.872315 5.120236 4.338302 3.894302 3.641388 3.015445 3.179446 3.076006
6.948996 5.85943 5.708657 5.950157 6.32447 7.279744 8.056035 7.719217 6.949077 7.029966 7.720883 8.171339 7.839654 7.393397 6.522862 5.671963 4.733651 5.737992 7.401926 8.336248 8.366548 7.607475 6.79598 7.3306 8.896077 9.634168 9.980528 10.20177 9.242367 8.157918 7.028898 6.05127 5.495755 5.198895 5.094329 4.66773 4.832536 5.770241 6.618267 6.547188 6.277151 6.334175 5.917663 4.7947 4.046025 4.423946 4.4789 4.109178 3.67565 4.661688 6.435607 7.319059 7.293035 6.255201 5.733906 5.673493 5.250664 4.565353 4.09723 3.841724 3.142053 3.359158 3.374621
7.75681 6.752203 6.073097 6.409774 6.433341 6.795346 7.693579 7.953357 7.440206 7.129014 7.685767 8.27291 8.093832 7.13716 6.319973 5.65762 4.927162 4.779869 5.962173 7.359943 7.967003 7.349795 6.425143 6.632509 8.488788 9.47037 10.01753 10.1252 9.987808 8.793932 7.590034 6.661334 5.810435 5.461006 5.124011 4.679441 4.841064 5.947296 7.145356 7.313393 6.763625 6.641365 6.189852 4.959355 3.778766 3.888498 4.02704 4.040432 4.291093 5.095189 6.44083 7.076484 7.059 5.952387 5.224219 5.112038 5.006876 4.620452 4.20228 3.894953 3.243585 1.723856 3.428087
8.037678 7.476255 6.681438 6.729156 6.773423 6.759288 7.337283 7.765276 7.693176 7.353332 7.708691 8.125608 8.044957 7.259952 6.19624 5.428469 4.907403 4.524521 4.909139 6.063365 7.01905 7.011371 6.137445 6.075854 7.666293 8.894012 9.324937 10.03659 9.833893 9.210347 8.049755 6.860743 6.099305 5.493093 5.198127 4.731689 4.790669 5.970852 7.416411 7.911492 7.417238 7.015227 6.47115 5.220984 3.788019 3.267992 3.334433 3.339361 3.792238 5.234173 6.808619 7.175061 7.015116 6.133386 5.284097 4.907381 4.747641 4.566687 4.140266 3.587248 2.695404 .2498788 3.230105
7.860198 7.823504 7.228069 7.091755 7.235781 7.099463 7.259818 7.546042 7.736992 7.666179 7.937778 8.289307 8.17518 7.434209 6.781006 5.809295 5.220527 5.192095 4.536798 4.678845 5.500275 6.185105 5.817122 5.814397 7.227118 8.188595 8.914042 8.989339 9.079677 8.778159 8.383319 7.600222 6.751076 6.191182 5.751528 4.986575 4.744669 5.743274 7.299389 8.159812 8.041464 7.516259 6.740143 5.234079 3.960278 3.198418 2.85657 2.652417 2.751926 4.527846 6.536032 7.266566 6.868527 6.070407 5.393061 5.108294 4.894606 4.722506 4.384695 3.544887 1.852954 2.269043 2.702413
