py_wake/examples/data/AJ_ParqueFicticio/Rough survey   Sector 11   Height 30m   Mean speed.grd
DSAA
73  159
 258469   265669
 6501692   6517492
 .2004595   9.661083
[rows 28 to 55 of 159, columns 0 to 62 of 73]
5.511067 5.480254 5.453358 5.438618 5.437056 5.440283 5.447575 5.450808 5.430526 5.434413 5.46065 5.494113 5.536886 5.573851 5.59652 5.616676 5.640093 5.648174 5.652136 5.632111 5.578187 5.537227 5.572857 5.6229 5.663644 5.645111 5.58426 5.495755 5.502331 5.501056 5.49965 5.489158 5.409347 5.140168 4.993438 5.170259 5.286985 5.308733 5.408107 5.214096 4.816317 4.69098 4.832437 5.390275 5.887562 6.106821 6.112658 6.220628 6.472818 6.632902 6.54396 6.648354 7.246337 7.593914 6.672031 6.211311 6.56004 6.886268 6.507442 5.722383 5.235615 5.052584 4.600738
5.502403 5.482185 5.45444 5.438781 5.429911 5.415258 5.420805 5.442194 5.444263 5.441846 5.444289 5.464633 5.512333 5.603813 5.621552 5.629663 5.638444 5.64672 5.648815 5.63278 5.583144 5.521954 5.553524 5.600612 5.633838 5.62295 5.573198 5.540854 5.518342 5.524797 5.526278 5.499753 5.354598 5.035234 4.867975 5.115161 5.303719 5.318198 5.346702 5.219061 4.884726 4.742836 4.900181 5.164137 5.540746 5.971345 6.154189 6.34482 6.793115 7.138513 7.113237 6.995536 7.248917 7.81096 7.472456 6.898389 6.890907 6.92342 6.456242 5.896562 5.567736 5.091937 4.727654
5.476407 5.458763 5.439333 5.416416 5.402612 5.401819 5.400709 5.431661 5.43883 5.423965 5.444896 5.435082 5.439324 5.560728 5.600317 5.616 5.630497 5.639965 5.635778 5.597963 5.572401 5.552069 5.557458 5.586611 5.598998 5.603263 5.584361 5.547341 5.51706 5.509437 5.500965 5.502049 5.306283 4.997885 4.973418 5.16456 5.241873 5.257631 5.315284 5.279607 5.049485 4.803005 4.878127 5.160466 5.344599 5.531013 5.830681 6.249202 6.749315 7.327517 7.658072 7.939158 7.896582 8.113455 8.172815 7.586688 7.295792 6.686095 6.12821 5.637869 5.271275 4.780966 5.086274
5.455388 5.426297 5.408756 5.398423 5.382388 5.38246 5.379145 5.441456 5.429981 5.422366 5.406601 5.395308 5.397214 5.493443 5.572593 5.600436 5.619034 5.63256 5.59991 5.578343 5.571414 5.567121 5.565718 5.575754 5.578976 5.586699 5.569867 5.564538 5.493289 5.46694 5.47331 5.516115 5.429213 5.180878 5.151378 5.145924 5.153951 5.144928 5.228831 5.370277 5.177755 4.89712 4.83629 5.051671 5.343007 5.46877 5.527527 5.730386 6.192491 6.876973 7.589445 8.243444 8.615491 8.681892 8.681952 8.27177 7.70859 6.721391 5.859731 5.368653 4.859119 4.595176 5.282612
5.390352 5.388252 5.385135 5.381598 5.376112 5.378138 5.407218 5.398605 5.395607 5.389205 5.376059 5.367868 5.359057 5.406248 5.499061 5.547308 5.577486 5.611756 5.581713 5.565567 5.566665 5.570464 5.569522 5.56368 5.56771 5.551921 5.548641 5.538739 5.478073 5.417321 5.447309 5.457777 5.373706 5.246626 5.153659 5.160992 5.12465 5.026012 5.14989 5.318409 5.333074 5.044841 4.840569 4.840099 5.118128 5.536872 5.817793 5.745201 5.683001 5.905728 6.423904 7.171381 7.988255 8.67772 9.001672 8.732798 7.962404 6.911671 5.933672 5.253934 4.56337 4.637925 5.551965
5.379344 5.376128 5.374894 5.371001 5.400903 5.39526 5.403293 5.390221 5.387745 5.373122 5.364107 5.356979 5.357713 5.360441 5.426229 5.472376 5.527914 5.57835 5.559371 5.565344 5.570892 5.573132 5.571321 5.562144 5.559742 5.543636 5.495153 5.484876 5.468204 5.428194 5.432019 5.421356 5.357477 5.250172 5.160676 5.181833 5.194589 4.988563 5.038628 5.158356 5.357853 5.296234 5.014247 4.686005 4.698438 5.203057 5.834061 6.120895 6.022211 6.02718 6.078529 6.259675 6.745809 7.535499 8.629445 9.027075 8.157043 7.083972 6.090437 5.267316 4.393499 4.594946 5.886563
5.425499 5.405332 5.412608 5.388655 5.379977 5.370405 5.384429 5.386013 5.378868 5.371429 5.360612 5.357991 5.360549 5.334607 5.36875 5.427543 5.490876 5.539742 5.542431 5.551755 5.563378 5.555423 5.555398 5.54724 5.534509 5.511101 5.456388 5.450018 5.450295 5.445598 5.428419 5.409019 5.369318 5.266756 5.138078 5.097883 5.268471 5.077162 4.966395 5.015446 5.373695 5.497708 5.354663 4.829338 4.33919 4.693259 5.50666 6.082232 6.197556 6.498723 6.770075 7.013487 7.003122 7.156476 7.923448 8.832469 8.688074 7.560057 6.443475 5.524932 4.676792 4.673141 5.819369
5.440041 5.434885 5.407059 5.393251 5.377251 5.36903 5.359315 5.352048 5.358551 5.355187 5.342391 5.325175 5.306407 5.344385 5.370689 5.38865 5.423438 5.518217 5.503495 5.513631 5.530195 5.527987 5.52327 5.51944 5.511299 5.476078 5.441086 5.440231 5.434983 5.434988 5.420396 5.39519 5.369285 5.305723 5.190935 5.040977 5.117488 5.152572 4.995644 5.013908 5.329596 5.598783 5.619133 5.22478 4.294447 4.007984 4.980703 5.905783 6.304156 6.602273 7.103668 7.887827 8.211172 8.198252 8.438148 8.977461 8.894742 8.04077 6.908334 5.746949 5.291767 5.290084 5.857808
5.440177 5.416042 5.388037 5.37078 5.366677 5.380936 5.338849 5.351608 5.357382 5.351121 5.315629 5.29039 5.269439 5.312124 5.337718 5.339045 5.345078 5.387934 5.468204 5.44178 5.484255 5.486088 5.483243 5.481854 5.494731 5.449496 5.441905 5.431131 5.423024 5.418191 5.412798 5.383029 5.333613 5.322036 5.205788 5.038059 4.959085 5.063998 4.987376 4.991328 5.423358 5.94652 6.084669 5.795004 4.653487 3.538521 3.963643 5.24702 6.097075 6.619121 6.988347 7.908085 8.8012 9.132617 9.15801 9.371347 9.069945 8.071586 6.874909 5.834438 6.091172 6.264383 6.429985
5.371773 5.36437 5.349229 5.332552 5.31232 5.322949 5.395676 5.389166 5.357213 5.330778 5.317749 5.286834 5.249234 5.283085 5.284029 5.282964 5.289136 5.284999 5.337803 5.362308 5.394353 5.420213 5.413916 5.421602 5.477661 5.444451 5.433026 5.415789 5.406207 5.380283 5.367264 5.358857 5.337573 5.321572 5.252252 5.059939 4.784534 4.915789 4.944969 4.847195 5.34964 6.264684 6.822805 6.838575 5.884055 3.909204 3.141315 3.941366 5.080722 5.967808 6.459559 7.119334 8.200974 9.007385 9.44171 9.661083 9.316091 8.070538 6.653988 5.991663 6.486442 6.983155 7.147141
5.305434 5.324779 5.31323 5.310651 5.298432 5.284922 5.351147 5.354606 5.343976 5.344151 5.345645 5.324337 5.278637 5.212905 5.234198 5.248495 5.268402 5.285642 5.315405 5.29454 5.240535 5.298532 5.33359 5.370119 5.434084 5.41662 5.417096 5.401512 5.37509 5.337095 5.29526 5.339139 5.333825 5.298853 5.264319 5.140837 4.779673 4.660091 4.636611 4.804953 5.121136 5.976614 6.977832 7.54155 7.32152 5.386282 3.670258 3.69349 3.896006 4.803041 5.559051 5.943379 6.744082 7.709412 8.866737 9.508767 9.303795 8.066106 6.503185 5.920637 6.154204 7.067647 7.495735
5.317269 5.315492 5.318018 5.324615 5.348641 5.33358 5.27529 5.309143 5.331018 5.346341 5.357838 5.350904 5.245845 5.220984 5.239036 5.265467 5.282856 5.314634 5.357024 5.285245 5.178119 5.210058 5.256395 5.309649 5.382774 5.40518 5.394237 5.37614 5.356084 5.298919 5.241609 5.2693 5.277781 5.264466 5.237326 5.095492 4.745242 4.509912 4.370137 4.721432 5.06277 5.652835 6.493608 7.482336 7.962576 6.868178 5.147937 4.737162 4.223387 4.416545 5.376448 6.026769 6.566857 7.142178 8.139824 9.121901 9.440248 8.198389 6.442331 5.5724 5.682436 6.32421 7.314859
5.287905 5.316575 5.32173 5.311838 5.341796 5.329762 5.325171 5.341305 5.333571 5.31985 5.317179 5.29954 5.279253 5.282109 5.271565 5.26073 5.270171 5.288312 5.309777 5.31031 5.241897 5.229511 5.220626 5.23209 5.324854 5.350276 5.336833 5.320315 5.299415 5.248801 5.219201 5.240839 5.244747 5.23598 5.221347 5.072567 4.740669 4.367921 4.285286 4.663568 5.096944 5.645291 6.180818 7.13732 7.876709 7.576138 6.230216 5.958528 5.634758 5.02084 5.531565 6.377515 7.089398 7.598905 8.285087 9.121842 9.276434 8.509328 6.7995 5.488338 5.016144 5.529678 6.489891
5.353195 5.343753 5.341673 5.291837 5.258468 5.287498 5.356797 5.361065 5.324881 5.284786 5.239213 5.225976 5.251984 5.265265 5.245234 5.233344 5.222037 5.213074 5.255739 5.298541 5.304327 5.286949 5.286052 5.226918 5.16969 5.221805 5.237969 5.239529 5.23763 5.20238 5.20602 5.219612 5.224436 5.20966 5.218755 5.104264 4.681501 4.155215 4.135302 4.513723 5.047455 5.597772 6.044659 6.909185 7.634961 7.691336 6.799596 6.358333 6.433574 6.266318 6.166245 6.466496 7.089105 7.797837 8.578094 9.172533 9.227304 8.744582 7.438088 5.916014 4.692656 4.551248 5.248435
5.434447 5.417643 5.384109 5.334299 5.23664 5.217641 5.300209 5.320827 5.28403 5.249956 5.207486 5.173376 5.166039 5.187166 5.196322 5.185271 5.168396 5.155221 5.173865 5.266742 5.303543 5.320715 5.346756 5.329485 5.130556 5.068782 5.113449 5.131906 5.14952 5.178625 5.180147 5.173502 5.188709 5.189589 5.178181 5.068866 4.732207 4.147986 3.896794 4.2652 4.771235 5.219205 5.633001 6.379851 6.912908 7.334171 6.771512 6.172756 6.689799 6.784132 6.775232 6.87401 7.254214 7.718165 8.304315 8.899263 9.149041 8.885642 8.113656 6.759087 5.367307 4.182122 4.220324
5.48182 5.468927 5.46862 5.460258 5.28278 5.122166 5.157706 5.277535 5.258136 5.249021 5.257664 5.212981 5.162623 5.130308 5.143075 5.145113 5.134853 5.111361 5.101954 5.163133 5.249084 5.259197 5.263591 5.27586 5.183668 5.104625 5.092796 5.080565 5.065599 5.089445 5.119954 5.121285 5.09643 5.115876 5.143238 4.984493 4.724072 4.318151 3.857997 3.812011 4.209049 4.704252 4.977255 5.69244 6.219876 6.441399 6.256786 5.750282 5.940143 6.233785 6.363493 6.495188 6.869117 7.016781 7.517638 8.346366 8.75684 8.901138 8.277465 7.258291 6.273697 5.002868 4.032866
5.504876 5.507529 5.501335 5.518557 5.481689 5.311781 5.143991 5.172129 5.194629 5.230677 5.281693 5.249257 5.146368 5.128335 5.138339 5.14599 5.123162 5.104476 5.090581 5.05972 5.145975 5.14901 5.138103 5.184188 5.173761 5.132784 5.079115 5.030319 5.011859 5.024617 5.057294 5.07147 5.040498 5.063762 5.113357 4.966968 4.783381 4.524437 4.06941 3.869495 3.781427 4.406177 4.920564 5.192304 5.519589 5.678562 5.62659 5.109236 4.938432 5.319676 5.395698 5.41443 5.904861 6.637726 7.043531 7.849021 8.187428 8.25441 8.167664 7.607455 6.839349 5.8138 4.731532
5.514754 5.49025 5.497702 5.533075 5.573641 5.461422 5.273801 5.172338 5.159068 5.173902 5.203091 5.235589 5.201449 5.185307 5.184413 5.168394 5.143392 5.136021 5.111557 5.050961 5.052151 5.079424 5.062226 5.062209 5.068665 5.066871 5.018694 4.952912 4.880475 4.869708 4.919513 4.923095 4.915893 4.898108 5.081244 4.952601 4.776138 4.567085 4.432589 4.303934 3.931972 4.188835 4.691816 4.876407 5.30126 5.616732 5.728055 5.838036 5.601907 5.644212 5.815648 5.887485 6.022218 6.698403 7.344047 7.864964 8.010496 7.481905 7.379096 7.495339 7.422505 6.999735 6.19047
5.483976 5.470239 5.50197 5.564424 5.572547 5.503388 5.362518 5.267743 5.216698 5.133337 5.12289 5.184649 5.209946 5.219253 5.208651 5.169746 5.151753 5.15317 5.154089 5.05335 5.061049 5.086987 5.11669 5.118404 5.023279 4.974352 4.980744 4.915951 4.8315 4.734624 4.747988 4.742222 4.672376 4.644534 4.879159 4.878484 4.694603 4.483595 4.479487 4.589205 4.455592 4.430102 4.735997 5.172787 5.69885 5.941428 6.005444 6.203008 6.317328 6.476766 6.574298 6.765114 6.627418 6.903357 7.486269 8.160579 8.465189 7.705694 6.689912 6.502563 6.652579 6.870706 6.975344
5.444857 5.422554 5.421291 5.542727 5.5472 5.498652 5.427789 5.369227 5.330541 5.182017 5.009975 5.087548 5.157196 5.196221 5.197501 5.149066 5.122547 5.110256 5.106478 5.118734 5.125807 5.098734 5.107037 5.103329 5.014559 5.010326 4.981919 4.899173 4.832642 4.766857 4.623151 4.65571 4.58344 4.416633 4.60088 4.63239 4.516969 4.335831 4.228508 4.49155 4.610858 4.667619 4.859017 5.089602 5.519208 5.953285 5.909694 6.037957 6.252098 6.338474 6.465752 6.936104 7.190725 7.261842 7.431169 7.919453 8.718908 8.776422 7.724928 6.606122 5.78899 5.711426 6.148631
5.428043 5.407662 5.391894 5.45941 5.508536 5.476176 5.437476 5.409234 5.396396 5.329081 5.097538 5.000461 5.05665 5.083335 5.139243 5.107067 5.079114 5.033177 5.014703 5.123046 5.117233 5.060742 5.000295 4.984835 5.00858 4.99436 4.947258 4.887921 4.854481 4.805654 4.713725 4.737165 4.705421 4.455318 4.517447 4.562777 4.360578 4.225265 3.971992 4.16477 4.362706 4.472627 4.596076 5.004371 5.42177 5.74469 5.832737 5.773712 5.85908 6.013193 6.140779 6.465039 7.005871 7.312196 7.372748 7.287317 8.022788 8.74206 8.747498 8.462151 7.084636 5.596106 5.103109
5.466362 5.45922 5.437316 5.415084 5.436417 5.445171 5.440548 5.434133 5.4251 5.433953 5.32265 5.094189 5.001124 5.050738 5.063186 5.078791 5.072036 5.028851 4.956604 5.005785 5.039027 5.003911 4.976044 4.99582 5.033105 4.964161 4.912449 4.899283 4.865434 4.779408 4.704439 4.675046 4.702983 4.581581 4.559227 4.534115 4.39216 4.225445 3.93007 3.931649 3.947705 4.164032 4.271659 4.507331 4.786832 5.287121 5.470322 5.891907 6.039817 6.206625 6.411617 6.487749 6.730465 7.023154 7.107827 6.643248 6.871527 7.590003 7.978055 8.724982 8.843982 7.556993 5.971794
5.490812 5.498991 5.514879 5.416009 5.409035 5.436489 5.448697 5.460538 5.459112 5.473426 5.419917 5.320133 5.160342 5.056081 5.017329 5.05116 5.104227 5.148901 5.090065 4.998274 5.007358 5.017463 5.032742 5.073768 5.081161 4.989845 4.95086 4.927279 4.920671 4.796689 4.693555 4.563381 4.500878 4.59439 4.524827 4.486076 4.350426 4.206626 3.963914 3.858761 3.8726 4.047318 4.265112 4.330562 4.622964 5.023939 5.352588 5.66505 5.967577 6.350078 6.795828 6.8987 6.340538 6.627659 7.271971 6.63978 5.965026 6.293918 6.52476 7.623317 8.866651 8.955193 7.944202
5.467248 5.467363 5.500764 5.464329 5.418064 5.407675 5.444332 5.488946 5.48337 5.481477 5.435064 5.342206 5.190375 5.084197 5.05155 5.040557 5.053343 5.165271 5.188491 5.076552 5.07043 5.064206 5.059764 5.106894 5.099843 5.060496 5.03845 5.027745 4.92717 4.883836 4.808453 4.655538 4.412373 4.392527 4.366748 4.284569 4.154483 4.115117 3.935912 3.731478 3.758939 3.842418 4.250243 4.38351 4.573431 4.958635 5.195797 5.481028 5.92413 6.259598 6.749187 6.961655 6.242964 5.949489 7.192865 7.387503 6.141113 5.408731 5.324553 5.964502 7.64817 8.747606 8.789189
5.433237 5.42321 5.469335 5.451684 5.422606 5.394854 5.409049 5.475976 5.470331 5.466375 5.415262 5.321609 5.237825 5.15996 5.116204 5.072858 4.997897 5.03923 5.14704 5.110141 5.114218 5.137705 5.095234 5.102603 5.117604 5.100505 5.10148 5.07809 5.043741 4.999581 4.973651 4.875379 4.681429 4.417529 4.42952 4.293922 4.002941 3.843884 3.921456 3.821513 3.584151 3.367147 3.724445 3.978898 4.258136 4.743907 5.156391 5.35216 5.758565 6.096992 6.762836 7.015755 6.340068 5.392845 6.421732 7.930559 7.427986 5.901311 4.697675 4.669727 6.144714 7.606061 8.31094
5.42594 5.426611 5.43104 5.418203 5.417074 5.41609 5.432446 5.427632 5.445298 5.436206 5.406783 5.344919 5.272745 5.220214 5.194565 5.164208 5.07165 5.044394 5.049943 5.041511 5.035369 5.182209 5.188118 5.137113 5.139798 5.112803 5.124799 5.13377 5.153426 5.172944 5.133382 4.97218 4.751255 4.728429 4.841331 4.685073 4.160323 3.801806 3.905486 4.056159 3.887472 3.407763 3.282297 3.461834 3.817459 4.277731 4.722834 5.066284 5.469394 5.894933 6.71249 7.317855 6.712801 5.300575 5.407309 7.498382 8.269891 7.472203 5.558293 4.235557 4.830103 6.519672 7.603798
5.448294 5.417526 5.401023 5.411083 5.41723 5.427832 5.428661 5.423396 5.427409 5.420514 5.403902 5.361389 5.305478 5.246842 5.217925 5.248888 5.179465 5.07993 5.063055 5.025184 4.948081 4.9978 5.170083 5.134059 5.103407 5.158171 5.14557 5.151157 5.268574 5.431088 5.334129 4.99046 4.73252 4.849101 5.124259 5.293262 4.91428 4.104764 3.609187 4.304725 4.423949 3.980246 3.585714 3.279764 3.484976 3.96248 4.27404 4.650334 5.362244 5.807769 6.412687 7.180391 6.925043 5.608052 4.998197 6.34976 7.88755 8.232063 6.934559 4.903784 4.333121 5.665798 7.208449
5.420136 5.426957 5.43099 5.425949 5.428281 5.437221 5.426786 5.429896 5.421809 5.413024 5.401157 5.374883 5.337494 5.253412 5.165586 5.227798 5.20982 5.152278 5.13274 5.1155 5.02249 4.926756 5.027894 5.043092 5.058825 5.116587 5.10363 5.109304 5.342362 5.608149 5.737678 5.253024 4.700501 4.874955 5.131057 5.533094 5.490252 4.749573 3.664811 3.905138 4.61702 4.506229 4.192418 3.71639 3.564613 3.93485 4.108541 4.171372 4.868173 5.437503 6.111257 6.824867 6.773226 5.716408 4.858069 5.796747 7.188669 7.735234 7.216117 5.817904 4.377562 5.224174 7.20945
