py_wake/examples/data/AJ_ParqueFicticio/Rough survey   Sector 10   Height 30m   Orographic speed.grd
DSAA
73  159
 258469   265669
 6501692   6517492
 .01663157   2.175921
[rows 28 to 55 of 159, columns 0 to 62 of 73]
.9763664 .9757757 .9747926 .973647 .9734699 .9752274 .9765927 .9774143 .9763512 .9819876 .9903075 .9992921 1.00806 1.018458 1.018258 1.019789 1.024347 1.027951 1.02991 1.029759 1.02515 1.015807 1.020313 1.018824 1.011756 .9950827 .973656 .9644254 .9708979 .9743607 .9829377 .9855607 .9658951 .904623 .8404737 .9118856 .9490899 .9406742 .9474869 .8903396 .8175605 .815649 .8374657 .9463239 1.018717 1.046801 1.035251 1.05737 1.137341 1.201817 1.214332 1.268928 1.490063 1.623205 1.49078 1.563161 1.86307 1.94311 1.705848 1.339541 1.118971 .9464623 .7835881
.9756975 .976459 .9765989 .9756657 .9757875 .9753606 .9751716 .9781627 .9815562 .9850597 .990494 .9973792 1.005519 1.014209 1.017069 1.018048 1.02143 1.026072 1.028689 1.030637 1.01779 1.005725 1.008011 1.009082 1.004284 .9912883 .9745988 .9683629 .9679333 .9718729 .9742361 .9728999 .939784 .8636014 .8212215 .8960873 .9253543 .9185305 .9190357 .8898505 .834567 .8079241 .8360652 .8930354 .9496948 1.000001 1.010918 1.038044 1.130381 1.228297 1.264282 1.329249 1.493152 1.664667 1.6524 1.731869 1.90575 1.896394 1.59453 1.264488 1.053619 .8554286 .7658352
.9735162 .9746333 .975765 .9747947 .9742627 .9750622 .9750107 .9783639 .9819217 .9851291 .9887436 .9928107 .9986811 1.00824 1.010619 1.014343 1.019827 1.024853 1.028923 1.027269 1.01528 1.006492 1.001862 1.001278 .9945028 .9863276 .9779024 .9703072 .9638071 .9620618 .960759 .961706 .9152116 .8531873 .8431611 .8920599 .9071021 .9013402 .9000246 .8927899 .8564656 .8028302 .8302159 .8790194 .9081009 .930746 .9642457 1.030736 1.12075 1.231426 1.295344 1.402624 1.525087 1.692233 1.81091 1.880946 1.965769 1.814676 1.459523 1.166972 .926779 .7691733 .8249993
.9725406 .9730563 .9728658 .9720453 .9722661 .9735563 .9740285 .976979 .9794227 .982609 .9857059 .9897854 .9938936 .997602 1.006307 1.011624 1.017652 1.02661 1.033198 1.021938 1.012805 1.006627 .9993075 .9936633 .9890388 .9828646 .9750745 .974281 .9616322 .9516941 .9557778 .9566293 .9242284 .8747983 .8732911 .8867947 .8853548 .8736119 .8774283 .9030687 .8677511 .8225828 .8111132 .8559763 .8983054 .9165184 .9397114 1.003704 1.096129 1.198571 1.312992 1.456285 1.589334 1.733599 1.907099 2.001415 2.010834 1.718994 1.344492 1.068493 .8203267 .7332917 .9312365
.967742 .9696331 .9713152 .971328 .9720404 .9727854 .9749833 .9753221 .9769673 .979931 .9826652 .9862508 .9896446 .9852154 .9969273 1.00556 1.014798 1.031287 1.029434 1.016348 1.008978 1.003731 .9966044 .9898372 .9845647 .9750568 .9698122 .965981 .9516389 .9444839 .9468188 .9393291 .9106222 .8834639 .8745361 .8844647 .8808098 .8497055 .8626391 .8952148 .9013454 .8537501 .8248568 .8188922 .8623477 .9304948 1.003407 1.035205 1.069913 1.157844 1.277609 1.42756 1.597665 1.795772 2.01002 2.09311 2.002639 1.642812 1.282123 .9953195 .7665797 .7600011 1.112384
.9671077 .969974 .9709644 .973046 .9740055 .9751068 .9753377 .9768856 .9788968 .9809936 .9832528 .9866075 .9863585 .9788651 .9912999 1.000198 1.012666 1.03414 1.02335 1.012999 1.004275 1.000017 .9945155 .9867043 .9814882 .973905 .963156 .9644095 .954671 .9428501 .9399163 .9314619 .9121143 .8893705 .8711963 .8720695 .8779435 .8329613 .8416728 .8604332 .8959736 .8935943 .8685553 .8176795 .8120845 .8968831 1.017758 1.079848 1.105193 1.186193 1.288031 1.428022 1.572751 1.749941 1.99985 2.175921 1.997801 1.610955 1.26287 .9833311 .7448083 .8064782 1.291428
.9721847 .9743114 .9744767 .974708 .9744896 .976283 .9765455 .9785054 .9810317 .9833435 .9868675 .9881195 .9880989 .9814229 .9915696 1.002601 1.016257 1.033623 1.016142 1.004821 .9984214 .9916518 .9871737 .9809849 .9750292 .9679821 .9616504 .9579949 .9521573 .945687 .9363073 .9282341 .9169683 .8983353 .8705862 .8509901 .8792894 .8393442 .8211164 .8230708 .8904219 .9280887 .9227471 .8923264 .789746 .8426327 .974501 1.07354 1.104716 1.200235 1.311328 1.483749 1.622276 1.74615 1.964738 2.158958 2.015763 1.633439 1.2639 .9686999 .7883969 .9184105 1.377037
.9707536 .9758243 .9764867 .97689 .9756377 .9764864 .9772457 .9772172 .9793137 .9831026 .9857033 .9869676 .9852263 .9863897 .9978073 1.007585 1.018239 1.030831 1.004974 .9908064 .9849574 .980876 .9779695 .9740641 .9703374 .9664375 .95993 .9551489 .9481169 .9419789 .933641 .923367 .9133434 .8992064 .8700864 .8408031 .8515047 .8523283 .8154104 .7982697 .875856 .9460095 1.006108 .9811519 .8675874 .7958733 .908785 1.044267 1.109545 1.192802 1.295844 1.497031 1.646392 1.758147 1.929092 2.098367 1.99782 1.67438 1.259542 .951993 .8832791 1.09878 1.439973
.9673734 .9715459 .9730746 .9758031 .9779862 .9806305 .9758916 .9771292 .9805507 .9830638 .986403 .9867898 .9849532 .9851494 .9979577 1.008357 1.019009 1.030478 1.003622 .976117 .9711897 .9700569 .9691961 .968366 .9715304 .9654064 .9587396 .9517204 .9437215 .9366106 .9290531 .9172478 .9034337 .8975383 .8736101 .8415837 .8145363 .8182283 .7809203 .7783676 .8587623 .9743137 1.068331 1.091786 .9891764 .7992275 .8178837 .986723 1.114055 1.213559 1.287153 1.467152 1.669076 1.790086 1.921304 2.07287 1.999858 1.658087 1.206666 .9366999 1.031913 1.303459 1.532995
.9577484 .9653584 .9694726 .9728822 .9763493 .9785377 .9782954 .9815279 .9830585 .9855841 .9867224 .987803 .986282 .9836387 .9941493 1.001208 1.007746 1.013037 1.010056 .9857235 .9605011 .9623401 .9615275 .9628446 .9739252 .9644865 .9563628 .9469577 .938601 .9277834 .9158822 .9091272 .9041355 .8997561 .8890499 .8567308 .7838034 .7854756 .7745767 .7384824 .8284915 1.004447 1.138573 1.211654 1.151996 .9238168 .8074166 .9437445 1.088172 1.199533 1.273276 1.405384 1.599454 1.757036 1.930233 2.084968 2.007233 1.633732 1.155011 .982578 1.180627 1.452378 1.593688
.9568621 .9651542 .9693022 .9710937 .9736075 .977419 .9752133 .9788197 .9836115 .9881365 .9918138 .9950875 .9916993 .9819036 .9871258 .9913391 .9954453 .9978923 .9988049 .9853236 .9479672 .9547097 .9561059 .9603081 .9701898 .9601848 .9522564 .9434406 .9336911 .9198787 .903396 .9113818 .90666 .8975914 .8899288 .8524994 .7694702 .7376979 .7126009 .7319883 .7934859 .9591056 1.154295 1.291121 1.303509 1.047613 .8516217 .9426495 1.015945 1.133341 1.274382 1.383886 1.543746 1.70802 1.927632 2.122715 2.055071 1.632611 1.184943 1.081792 1.306193 1.489098 1.580207
.9628296 .9709042 .975316 .9775602 .9789717 .9835485 .9724548 .9793059 .985866 .9921911 .9977921 1.001606 .9838327 .9802421 .984681 .9877618 .9922227 .9946075 .9934312 .9667115 .9424675 .9504307 .9551792 .9616307 .9625177 .9562652 .948137 .940002 .93042 .9133387 .8982099 .9011608 .9002515 .8954216 .8898824 .8450327 .765413 .7037899 .6529156 .7177184 .7882897 .9247743 1.090695 1.283683 1.383821 1.198807 .9330551 .9950128 1.008361 1.035666 1.235147 1.378277 1.527381 1.673248 1.873977 2.102022 2.055995 1.69367 1.32952 1.267863 1.35289 1.438573 1.467304
.958276 .9685027 .9765959 .9810676 .9825581 .9775418 .9771831 .9832742 .9900762 .99581 .9988773 .9986719 .981708 .9814845 .9842926 .9872513 .9891387 .9864976 .9832823 .9698986 .9574638 .9563357 .9569858 .9599346 .9537237 .9442805 .9385473 .9300368 .920866 .9058555 .8991684 .8986633 .8961585 .8957916 .8904287 .8574566 .7832853 .67728 .6367778 .7100741 .8002033 .9323627 1.043984 1.227202 1.367205 1.280846 1.044029 1.03756 1.028363 1.024583 1.184805 1.348642 1.507881 1.648436 1.836613 2.033003 2.047322 1.816409 1.524163 1.421076 1.349927 1.328368 1.343539
.9656881 .9730095 .9786532 .9802657 .9798467 .9792103 .9744704 .9823648 .9911456 .9967086 .9995762 1.005309 .9811873 .9739785 .9774004 .9802518 .9807656 .9796304 .9773065 .9698277 .9705436 .9698725 .9690762 .9656821 .9509234 .9289536 .9274784 .9215219 .9172384 .9054282 .9016103 .8995175 .8963018 .8915066 .8907208 .8732557 .7850271 .6393478 .6346585 .710627 .8221043 .9440899 1.021247 1.190949 1.328129 1.307321 1.104275 1.021529 1.046974 1.087297 1.19479 1.330139 1.489228 1.623547 1.793366 1.972839 2.002497 1.918252 1.723228 1.509923 1.309727 1.221072 1.204418
.9771172 .9833339 .9896101 .9917804 .9846099 .9768133 .9695341 .9779449 .9868294 .9915469 .9948344 .99755 .9913096 .9751712 .9755337 .9779302 .9773927 .9767281 .9710357 .964459 .9686726 .9736612 .9804924 .9787741 .9359902 .9155945 .9159842 .9134625 .9118499 .9048566 .9003455 .8943795 .8953826 .8912662 .8893478 .8668776 .774691 .6617442 .6395987 .7333292 .8355241 .9262086 .9997445 1.167156 1.271031 1.311816 1.130653 .9823849 1.090654 1.171563 1.258748 1.354439 1.474921 1.573921 1.721039 1.935189 2.049792 2.017138 1.834821 1.563057 1.322667 1.135269 1.094853
.9825963 .9911931 1.000328 1.011396 1.001914 .9777498 .957105 .9727944 .9864955 .9932822 1.000072 .9994379 .9862223 .9751289 .9758555 .9773454 .9771283 .9752085 .9675682 .9524246 .9626328 .9709339 .9765857 .9634584 .9342947 .9211705 .9169474 .9110531 .9071252 .8996423 .8952285 .8948559 .8913792 .8887674 .8970259 .8640745 .8039524 .7305226 .6852379 .7588689 .8254063 .9177524 1.011778 1.172559 1.261976 1.263583 1.148454 1.028049 1.110579 1.220987 1.293642 1.357525 1.469855 1.558918 1.722734 2.024057 2.1322 2.075257 1.850538 1.561547 1.360755 1.16577 1.030854
.9810265 .988378 .9967438 1.013986 .9995031 .979854 .9579264 .9656093 .9779627 .9891323 .9998149 .9914874 .9719789 .969888 .9740185 .9753436 .9764139 .9719098 .964662 .9470452 .9552442 .9647538 .9722107 .9710854 .9338926 .9256343 .9223452 .9185776 .9092667 .897918 .8954815 .9005122 .8942034 .8911011 .9070349 .876464 .837497 .7892691 .7456549 .7792873 .7954046 .9324574 1.055648 1.130584 1.20156 1.224863 1.171525 1.102296 1.142431 1.277293 1.32216 1.342653 1.413154 1.572031 1.774578 2.103382 2.151822 2.043761 1.790961 1.551648 1.362763 1.185195 1.075206
.981728 .9865636 .9931261 1.007336 1.003118 .9767997 .9562892 .9667096 .9764345 .9822659 .9908878 .9868372 .9759338 .9729684 .9757328 .9776842 .9785784 .9744365 .9658311 .9481019 .9519214 .9600859 .9666109 .9678958 .9453921 .9283002 .9261997 .924054 .9143144 .8815497 .8873407 .9112286 .88421 .8707094 .913213 .8874183 .8513299 .8124968 .8115588 .8188614 .81186 .9178502 1.024433 1.048087 1.131224 1.169749 1.188071 1.199805 1.222355 1.278719 1.31573 1.344728 1.419299 1.648184 1.893203 2.13421 2.142671 1.888764 1.64564 1.487848 1.372803 1.257921 1.162712
.9795961 .9873616 .9959781 1.000857 1.000939 .9902366 .9806674 .9889734 .9961007 .9891131 .9893726 .984378 .9750817 .9735992 .9770017 .9781808 .9767287 .9727785 .9654695 .9492497 .9571246 .9674009 .974108 .9732589 .9423047 .9271534 .9305711 .9279483 .9193956 .8966992 .8857764 .9151887 .90127 .861465 .9166008 .8953581 .8570721 .8220826 .8118156 .844862 .8619438 .8884142 .9317014 .994895 1.090266 1.163398 1.171537 1.206639 1.205173 1.25483 1.278424 1.391611 1.510423 1.732195 1.947 2.061018 2.060446 1.817713 1.542337 1.405564 1.304309 1.24513 1.242483
.9755171 .9829385 .989563 .9962415 .9991228 .9997128 1.000249 1.009283 1.023973 1.016284 .9846447 .9794496 .9658884 .9602486 .9666818 .9708506 .9710943 .9682831 .9628286 .9589139 .9694552 .9768115 .9782677 .9631191 .9308943 .9260807 .9295527 .9273215 .9180347 .905331 .8885669 .9077215 .9045012 .8656245 .9105446 .9097804 .8662814 .8337547 .801785 .8476037 .8743487 .9006374 .9472947 1.000776 1.10671 1.197188 1.166131 1.158907 1.192801 1.242452 1.292536 1.48579 1.690431 1.828958 1.927079 1.927854 1.922804 1.801407 1.552421 1.40054 1.278076 1.224329 1.207698
.9746603 .9802866 .9859691 .9871061 .9978164 1.002007 1.007845 1.018037 1.038524 1.019423 .9879178 .9724992 .9579793 .9392216 .9552534 .9629015 .9664447 .9655326 .9606405 .952683 .9656253 .9705368 .9716516 .9730881 .9384555 .9137163 .9274232 .9255401 .9211729 .909175 .9206052 .9375002 .9318164 .8767623 .9085875 .921385 .8860061 .858476 .8145403 .8525383 .8883842 .9116281 .9419224 1.014762 1.086794 1.156929 1.154512 1.153787 1.193954 1.268926 1.413442 1.617587 1.808621 1.873774 1.869595 1.734746 1.705531 1.685965 1.548702 1.511791 1.390009 1.225921 1.167554
.9818158 .9892975 .9912627 .9847257 .9941787 1.002237 1.011916 1.026908 1.035165 1.025989 .9990059 .9735826 .9556473 .9436128 .9517133 .9657636 .9683732 .9677039 .9617245 .9409786 .9540811 .9593302 .9627403 .9619811 .9567003 .9239199 .9312295 .9353089 .9305395 .9266251 .9374818 .9413244 .9231725 .9092656 .9275389 .9382548 .9095879 .8855067 .8496763 .8683923 .887833 .9284633 .9642088 1.005375 1.043622 1.105902 1.103529 1.178212 1.263963 1.386045 1.576146 1.73992 1.795045 1.813525 1.799153 1.620919 1.554052 1.539847 1.412862 1.484428 1.548935 1.37492 1.233447
.9827084 .9916499 .9977966 .9818288 .9928994 1.004316 1.019444 1.037074 1.026797 1.019444 .9980291 .973308 .9538803 .9423307 .9565738 .9666006 .9724483 .9798764 .9616386 .9348778 .9501291 .9567152 .959581 .9552894 .9449571 .9412717 .9497534 .949073 .9455449 .9484215 .9505612 .9449049 .9302754 .9232835 .9502818 .9542208 .9103036 .8962512 .880892 .8764317 .8939639 .9127694 .9578842 .9403019 .9697565 1.048498 1.123225 1.224908 1.335285 1.486782 1.663328 1.782145 1.73472 1.655486 1.71725 1.598084 1.460243 1.414592 1.264148 1.339332 1.516824 1.539482 1.372133
.9773794 .9860814 .9948665 .9950573 .9998298 1.009171 1.027489 1.029743 1.021576 1.011154 .9911636 .9663979 .9467793 .945019 .9542926 .9612061 .9615934 .9611374 .956615 .9531428 .9612778 .9635558 .9567321 .9468564 .9493268 .9585915 .9678305 .9611513 .9495189 .9682652 .9826917 .9752235 .9412197 .9304405 .9766269 .9809499 .9139698 .9096378 .9069388 .8804441 .9077768 .9013772 .9493048 .9499072 .9799153 1.085815 1.179312 1.273254 1.379413 1.49082 1.675801 1.834038 1.687152 1.464424 1.578429 1.646927 1.474447 1.345839 1.174565 1.1582 1.364769 1.520278 1.497808
.9761119 .9863752 .9958123 .9982371 1.003748 1.011391 1.026111 1.026583 1.016143 1.00774 .9903092 .9710494 .9591106 .9565783 .9612839 .9635941 .9555787 .9483415 .959563 .9645928 .970403 .9754445 .9487981 .9419616 .950799 .9608578 .9610985 .9509038 .9589224 .9787185 1.001601 .9788093 .9405802 .9506354 1.003546 1.004828 .9603209 .9354092 .9212918 .9190463 .934058 .8890044 .9491988 .9539154 1.004451 1.131979 1.222929 1.271393 1.366481 1.461096 1.702685 1.864477 1.673106 1.301516 1.385097 1.62399 1.585338 1.40866 1.148377 1.041025 1.195116 1.40223 1.493838
.9827142 .9925281 .9955989 1.00205 1.00915 1.017815 1.027337 1.018565 1.010032 1.003428 .9922708 .9790054 .9688861 .9656296 .9696452 .9761565 .9639472 .9424441 .9507935 .9585574 .9573573 .9570501 .9486442 .9464917 .9528564 .960852 .9529932 .9538318 .9669025 .9935019 1.010627 .9903852 .9449823 .9659161 1.022986 1.035603 1.00083 .971661 .9114238 .9885612 1.002395 .9425222 .9516859 .9827229 1.051428 1.154115 1.225173 1.25559 1.347376 1.465552 1.692735 1.830419 1.676733 1.244204 1.188189 1.517589 1.66386 1.588761 1.252479 .9366261 1.022216 1.237899 1.468125
.9956228 .9982939 .9946494 1.002405 1.013014 1.026013 1.02037 1.01288 1.007571 1.001323 .9957021 .9871067 .9780393 .9696855 .9663433 .9676347 .9498896 .9413691 .9524702 .9571118 .9513936 .9409598 .9451897 .9472001 .9521577 .9591994 .9514254 .9459894 .9593455 1.015935 1.043412 1.025771 .9445394 .9649565 1.037698 1.092193 1.072829 .9830606 .8822138 .9750696 1.006929 1.012369 .996366 .9998329 1.064397 1.162674 1.209644 1.229464 1.362042 1.466063 1.61412 1.775953 1.676717 1.25543 1.045113 1.311043 1.624669 1.698962 1.400478 1.005467 .8639787 1.063597 1.415745
.9992511 .9990504 1.002897 1.011056 1.020838 1.030148 1.016505 1.009308 1.004367 1.00079 .997485 .9927022 .9888567 .9790457 .9604253 .9637291 .963201 .9568872 .9632111 .9742951 .9640957 .9253194 .9341869 .940037 .9468694 .9527782 .9440766 .9279755 .9428629 1.017301 1.096952 1.064156 .9363958 .9674205 1.026585 1.116433 1.126055 1.040425 .8852466 .897267 1.043823 1.020898 1.040724 1.029934 1.043101 1.155844 1.220975 1.220043 1.310714 1.39015 1.547923 1.739556 1.662244 1.265028 .9678611 1.191478 1.591574 1.720519 1.484177 1.111894 .799044 .9381256 1.417499
