py_wake/examples/data/AJ_ParqueFicticio/Rough survey   Sector 3   Height 30m   Orographic speed.grd
DSAA
73  159
 258469   265669
 6501692   6517492
 .05140821   2.584912
[rows 0 to 27 of 159, columns 0 to 62 of 73]
.9357139 .947979 .9527549 .9533703 .9535761 .953917 .9547672 .9556564 .9558523 .9560623 .9567335 .956565 .9550613 .9517514 .9482432 .9408302 .9317853 .919647 .9014125 .8663486 .7975236 .8368326 .9198885 1.075166 1.069727 1.013116 .9390391 1.029546 1.064773 1.040707 1.037033 1.047031 1.061445 1.049077 1.03284 1.06984 1.124282 1.200277 1.172094 1.157901 1.150043 1.142691 1.137579 1.13708 1.12853 1.115471 1.102525 1.090028 1.084654 1.078663 1.073435 1.069559 1.067593 1.070848 1.076918 1.083895 1.091344 1.097538 1.101329 1.102181 1.103672 1.103559 1.099849
.9341645 .9491194 .9507136 .9501882 .9495699 .9499398 .9512957 .9533916 .9538785 .953225 .9512634 .9521459 .9508233 .9494914 .9465915 .9386842 .9294447 .9158975 .8943117 .8495219 .8119901 .864954 .9928091 1.096579 1.074795 .9965349 .9566941 1.074491 1.071936 1.064265 1.061246 1.068661 1.087396 1.08679 1.071852 1.093894 1.125411 1.184695 1.155856 1.138168 1.11997 1.111616 1.11863 1.133633 1.127464 1.116182 1.100821 1.084878 1.07869 1.071705 1.065407 1.065708 1.064728 1.072397 1.08017 1.088034 1.097478 1.105468 1.109944 1.113953 1.116143 1.116434 1.115314
.9394668 .9531733 .9475162 .9464073 .9459061 .9465899 .9479305 .949582 .9522477 .9534919 .951834 .9462507 .946652 .9470088 .946903 .9381418 .9270111 .9132611 .8915232 .8481698 .8357107 .8889138 1.002646 1.065839 1.129987 1.07197 1.018954 1.057573 1.075707 1.075418 1.075609 1.090133 1.111335 1.122469 1.113734 1.105782 1.107668 1.160716 1.139393 1.116664 1.090573 1.090429 1.102155 1.121931 1.112763 1.10544 1.090856 1.079258 1.070133 1.052276 1.043882 1.050105 1.060687 1.075322 1.083667 1.092976 1.103733 1.113646 1.121976 1.127384 1.132283 1.133048 1.134922
.9579595 .9503056 .9367549 .9404038 .9415501 .9429711 .9451453 .9474892 .9497631 .9521549 .9497462 .9437852 .9451568 .9515414 .9485248 .9377543 .9266862 .9106067 .8875217 .8482939 .8485732 .9063056 1.001072 1.060817 1.120686 1.060316 1.046573 1.077223 1.084749 1.087086 1.089816 1.117947 1.148841 1.137648 1.131728 1.107559 1.084228 1.129925 1.12834 1.084677 1.046769 1.065953 1.103694 1.120455 1.116159 1.105734 1.073738 1.063174 1.054641 1.038509 1.032579 1.064118 1.069283 1.079799 1.088858 1.100098 1.113869 1.126953 1.138241 1.146696 1.154952 1.160704 1.162217
.9534404 .9306667 .9231735 .9366086 .9397244 .9379089 .9405852 .946555 .9487132 .9480232 .9508093 .9421299 .9431295 .9563331 .9523993 .937471 .9261432 .909327 .8820271 .8347887 .873272 .9154366 1.011047 1.069094 1.140371 1.092731 1.07231 1.080181 1.091312 1.108023 1.125634 1.157629 1.162256 1.120188 1.088557 1.024702 1.029908 1.090115 1.120141 1.007515 .9369638 1.059383 1.126447 1.138483 1.133466 1.086119 1.04779 1.046236 1.041399 1.039737 1.040283 1.063819 1.069426 1.077985 1.08963 1.105283 1.124452 1.141563 1.157821 1.173439 1.188677 1.200429 1.206334
.9443908 .9111476 .9101859 .9363207 .940448 .9288596 .9387105 .9530159 .9527654 .951143 .9523617 .9449878 .9376197 .9618145 .9551541 .9420714 .9302477 .9131551 .8791493 .8855342 .9102704 .9589772 1.016481 1.080541 1.154041 1.119831 1.093125 1.088176 1.093389 1.111167 1.137674 1.157118 1.081133 1.004818 .9763824 .9690338 .9932154 1.03367 1.022747 .8749184 .8898672 1.104256 1.175345 1.172434 1.151522 1.0704 1.043087 1.051347 1.051222 1.043334 1.050755 1.047224 1.053581 1.063774 1.083822 1.109257 1.136408 1.161579 1.186911 1.213337 1.24184 1.271704 1.294794
.9313115 .9196154 .9120936 .9252205 .9276439 .9219438 .9612797 .9667538 .9605615 .9591551 .9520708 .9388341 .9401529 .9558717 .9572205 .9466298 .9397205 .9247988 .9079168 .8826002 .9187915 .9685763 1.049111 1.099695 1.15771 1.120488 1.111796 1.097206 1.088426 1.089146 1.097401 1.079296 1.024198 .9881745 .9740759 .958672 .9662486 .9750695 .9236333 .8405322 .9920512 1.20997 1.227561 1.170871 1.081169 1.035995 1.049703 1.081759 1.074081 1.050863 1.044494 1.035958 1.022388 1.033185 1.073129 1.114128 1.151956 1.187292 1.22612 1.275101 1.336685 1.322321 1.23845
.9297376 .9253598 .9268417 .9220604 .9026632 .9102849 .9447116 .9655504 .9641525 .9580573 .9465597 .937835 .9442606 .9523592 .9556186 .9518269 .9466238 .9385695 .9258795 .9091166 .9491479 1.010089 1.092681 1.113992 1.129294 1.106947 1.116901 1.096239 1.077093 1.062011 1.039082 1.018947 1.002476 .9840475 .9698802 .9510782 .9403154 .9297308 .9080082 .9064234 1.122526 1.274722 1.235899 1.092596 .9717423 1.024933 1.089667 1.132529 1.097708 1.036155 1.031634 1.029179 .9894095 .9812428 1.057619 1.131256 1.174605 1.218074 1.276838 1.372907 1.327379 1.239416 1.116779
.9282811 .9240314 .9263116 .92525 .9231409 .9222088 .9456737 .9629899 .9647981 .9511273 .9398594 .9371391 .9423266 .9426219 .9450885 .9495136 .9548656 .956697 .9498039 .9492553 .9763246 1.007847 1.074857 1.068775 1.09243 1.092009 1.11452 1.098058 1.063427 1.032543 1.005395 .9925498 .9825966 .9735695 .965304 .9458478 .9308054 .9263785 .9447902 .9847592 1.144748 1.237396 1.142003 .9522905 .9691217 1.122601 1.143675 1.127754 1.052104 .9746959 .984676 .9711355 .8859314 .9399609 1.075862 1.167463 1.202175 1.249833 1.33303 1.352952 1.252338 1.110445 .9536443
.9269561 .9214939 .9194309 .9227852 .9285055 .9525726 .9937074 1.002633 .9674765 .9355633 .9215098 .9307185 .9386631 .9319515 .9250761 .9366881 .9579928 .9675563 .9739805 .9786684 .9868267 1.012589 1.038226 1.049307 1.073703 1.092358 1.10269 1.091392 1.044006 1.0057 .9856281 .9745302 .9632031 .9539253 .9433018 .9181502 .934547 .9569865 .9768062 1.014199 1.076411 1.117035 1.034002 .9212025 1.059516 1.164294 1.102419 1.053219 .9987137 .9111093 .9169085 .8621846 .8102742 .9693813 1.167841 1.222152 1.233284 1.277673 1.349853 1.291205 1.163016 .9687282 .7626769
.9246073 .9199984 .9141943 .9180057 .9362349 .9482295 .9904242 1.028363 .9613928 .8993999 .8968902 .9245573 .9410006 .9199088 .9021533 .9291602 .9621242 .9790542 .9769368 .9842728 .9926608 .9912063 1.020874 1.053014 1.068836 1.100085 1.120345 1.080188 1.041903 .9960638 .9590628 .9507867 .9488811 .9382199 .9204773 .9183581 .9364158 .951201 .9770135 1.010085 1.027074 1.027722 1.004935 1.000107 1.109272 1.119525 1.003785 .9813052 .9587197 .8631002 .8479664 .7905161 .8735569 1.124859 1.258542 1.28065 1.26356 1.301811 1.282252 1.21777 1.074942 .8673899 .774747
.9237828 .9211937 .9239521 .9333587 .9564329 .9603796 .9886816 .9728975 .8904308 .8422917 .8674273 .9576181 .9674853 .9267518 .8990971 .919062 1.001085 .990392 .9654986 .9536123 .9561453 .9830259 1.037603 1.048144 1.048596 1.059102 1.065647 1.056032 1.043279 .9650806 .9307913 .9242105 .9276198 .9293559 .912667 .9081675 .9300156 .942678 .9660175 .9822304 .9964832 .9928278 .9966197 1.013043 1.04861 1.026404 .963681 .9506419 .9240776 .8768797 .8504457 .8482538 1.045748 1.222825 1.301539 1.305868 1.309036 1.27502 1.226692 1.118644 .9984097 .8390218 .8020567
.9237332 .9265114 .9384118 .9477658 .9566933 .9648892 .9638473 .9330245 .8208556 .795711 .9059504 .9963519 .9709099 .9242091 .8978198 .9119055 1.025784 .9726452 .962132 .9483654 .9469826 .9833099 1.049932 1.044138 1.034302 1.034349 1.047864 1.062647 1.002803 .9194533 .9060616 .8972185 .9023381 .9068441 .9000216 .9007623 .921243 .9312917 .9407896 .9546189 .9669983 .9707617 .9731798 1.001154 1.019452 .9890274 .9575062 .9251616 .9182932 .9031764 .9087245 .9634138 1.106185 1.245153 1.308382 1.279425 1.20616 1.151164 1.089605 1.007194 .9224761 .8173733 .8641965
.9251086 .9374337 .9456239 .9496854 .95327 .9528546 .9400007 .8993314 .8016747 .8421469 .9524791 .9626519 .9270132 .8816069 .8781824 .9536883 .9837086 .984135 .9896231 .9711786 .9753624 1.019853 1.056178 1.033331 1.01568 1.009376 1.009351 .996208 .9461098 .9135833 .896155 .8896995 .8880027 .8843192 .8975695 .9037324 .9147326 .917729 .9176917 .9205112 .9352503 .9433172 .9411701 .9836829 .9959429 .9714246 .948187 .9206556 .9190151 .9244277 .9539925 .9957852 1.09322 1.197229 1.191429 1.076286 1.052195 1.06431 1.059553 1.029246 .9904678 .9583066 .9484906
.9331582 .9406676 .9451033 .9482915 .9475781 .9420958 .9258826 .9021229 .8594576 .8552652 .922344 .9431609 .9254054 .9027795 .9193078 .9634292 .9747428 .9913893 1.010096 .9906012 .989027 1.031119 1.052733 1.024703 .9995513 .9891107 .9763113 .9580466 .9355191 .914407 .8996771 .8855197 .8813302 .8768068 .8923423 .9166837 .9191847 .9058726 .8878775 .8778458 .8892053 .9078084 .922968 .960624 .9597763 .9354935 .9115577 .9062939 .9224239 .9511786 .9673935 .9880211 1.023619 1.052868 1.04846 1.02349 1.031698 1.070842 1.103644 1.105978 1.091152 1.078911 1.026194
.9384868 .939381 .9409587 .9427282 .942355 .9331518 .9169289 .8953851 .8726822 .8698899 .9138108 .9308866 .9280598 .9247454 .9492024 .975421 .9691594 .986643 .9995623 .9789497 1.000975 1.010542 1.003325 .9939595 .9786084 .9739695 .9566118 .9338692 .9139337 .9014511 .8913503 .8735562 .8428158 .825534 .9080244 .9651729 .935895 .8992938 .8651448 .8285225 .8682277 .904265 .9311689 .9466 .9236783 .8850556 .885588 .9021456 .9449185 .9771428 .9703548 .9571307 .9576023 .9637377 .9621502 .9580042 1.026249 1.130538 1.202816 1.215393 1.236796 1.237819 1.088723
.9378904 .938911 .9371657 .9376109 .9368282 .929832 .9149518 .8971406 .8836042 .8872389 .9032619 .919026 .9312689 .9418949 .9677722 .9588976 .95886 .9842083 .9878394 .9774798 .985254 .996245 .9859027 .9721622 .9703228 .9630494 .9368808 .9111626 .8911406 .8805057 .8900607 .8516949 .785416 .78855 .994333 1.029844 .9528456 .8824317 .8119633 .7535253 .8447201 .9053394 .919718 .9234357 .9049841 .8710958 .8527823 .8772683 .9335389 .9856586 .9747846 .9161853 .8839055 .8917753 .9421148 1.02313 1.167966 1.260082 1.328048 1.325713 1.31946 1.283202 1.122487
.937307 .9340001 .9370397 .9358358 .9340711 .9287244 .9171667 .904776 .8959666 .8979827 .9105233 .9206784 .9352492 .9599537 .9652149 .9606166 .9555081 .9656757 .9721014 .9729877 .971974 .9783906 .9758033 .9724019 .9805971 .9732371 .9167772 .8684474 .8610706 .9092721 .9131365 .7883913 .7169145 .8455541 1.070742 1.075412 .9950201 .8717118 .7524781 .6816182 .7905038 .8797835 .882302 .9056383 .89456 .8798373 .8306974 .8621742 .9828396 1.037777 .9873853 .9097338 .8954632 .9649394 1.052889 1.155649 1.27456 1.332842 1.340006 1.325883 1.307418 1.272564 1.126425
.9363884 .9333692 .9347531 .9340042 .931428 .9280483 .9212374 .9117224 .9051743 .9064552 .9239231 .9393098 .9408624 .9536911 .9605998 .9610023 .9583113 .961993 .9668036 .9686553 .9658213 .9631485 .9584156 .9676321 .9755289 .9658504 .9425973 .9067053 .9097613 .9787101 .9047261 .747979 .7558289 .959256 1.083477 1.077213 1.046505 .8857609 .7009245 .5918731 .7878103 .8745502 .8852596 .9190627 .9418126 .9504763 .8850326 .9362651 1.070162 1.089515 1.006547 .9311354 .9351578 1.021163 1.11767 1.226686 1.272204 1.32528 1.328843 1.306705 1.297897 1.249769 1.120946
.9365273 .9335217 .9310612 .9283355 .9262366 .9253273 .9228116 .9194807 .9137012 .9145508 .9334589 .9330136 .9366552 .9478994 .9535415 .9586829 .9597588 .9622012 .9677762 .9706941 .9651772 .9587033 .9578245 .9857593 .9819127 .9584095 .9362973 .9348754 .9707853 .9595278 .8132899 .7475324 .8775097 1.03859 1.04519 1.073638 1.034363 .8430346 .5999368 .5498343 .7915568 .9277557 .9619319 .9693398 1.002141 .9925829 .9276725 .9919388 1.116356 1.089109 .9869234 .9367922 .9644559 1.03604 1.113266 1.185489 1.253533 1.303483 1.297495 1.302483 1.288346 1.250408 1.127862
.941403 .9310527 .9205292 .9156808 .9179531 .9206375 .921959 .9233906 .9227394 .9262568 .9396092 .9401186 .9382886 .9423655 .9495958 .9552004 .959181 .9623078 .9721956 .9708447 .9657806 .9611673 .9713677 .9818029 .9816536 .9671354 .9540735 .945201 .9596183 .8978309 .7719494 .8300088 .8689781 .9604474 .9861193 1.066489 1.026618 .7917239 .5308338 .6214343 .8660434 1.003327 .9978494 1.034279 1.001452 .9534451 .9507661 1.036402 1.092106 1.028679 .9387527 .9329741 .9869958 1.00495 1.098171 1.173562 1.244133 1.289392 1.306459 1.314736 1.302757 1.247331 1.15465
.9411265 .9390941 .9170061 .9069436 .9139408 .9189222 .9224615 .9251004 .9285638 .9337755 .9387044 .9425799 .9436832 .9445276 .9461468 .9518643 .9589317 .9679903 .9706542 .9601464 .9556429 .958588 .971689 .9789109 .9777072 .9718354 .9628137 .9507697 .9028367 .7425111 .8104559 .9160896 .9073923 .945952 .976154 1.018107 .9449245 .749593 .5817485 .7486002 .9235876 .9925061 1.010532 1.004099 .9715167 .9505326 .9760308 1.016322 1.021625 .967962 .9145449 .9336404 .9703896 .9901939 1.065516 1.151577 1.211905 1.283445 1.328426 1.358752 1.347359 1.283266 1.198279
.9321371 .9293548 .9198624 .9106116 .9158548 .9190236 .9230524 .9269958 .9305812 .9343143 .9337874 .939707 .9439737 .9478433 .9486912 .9498284 .9594625 .966864 .9663817 .9616197 .9566827 .9578862 .966521 .9710989 .972324 .9651483 .9529207 .9375507 .8433303 .7606666 .8756163 .9925241 .9564505 .9217842 .9185225 .9634501 .8838505 .7195454 .6962958 .790206 .9037566 .949154 .9916332 .9599705 .9483249 .9626498 .9719111 .9662971 .9415933 .9155786 .8937236 .9039493 .9651406 .9740898 1.038586 1.135223 1.226754 1.310481 1.383923 1.451129 1.42358 1.329586 1.219493
.9269916 .9224175 .9141613 .9163393 .9195216 .921299 .9244943 .9267403 .9310839 .9302608 .9310647 .9355004 .9409488 .9459901 .9522331 .956995 .9643632 .962891 .9609462 .9603605 .9590863 .9577011 .9618921 .96752 .9657183 .9529783 .9306848 .9022389 .8182239 .8107773 .9847575 .9944401 .9614906 .9120258 .8556189 .9208701 .8781013 .7747014 .7732905 .8053095 .8621499 .911397 .9530299 .915382 .9234731 .9526731 .9482036 .9338806 .903589 .8761566 .8728816 .908779 .9732373 .9858763 1.022658 1.149623 1.284748 1.367487 1.491718 1.573835 1.508413 1.349203 1.213856
.926289 .9184343 .9235398 .9255686 .9243459 .9245566 .9262872 .9281991 .9316116 .9247122 .9310215 .9346622 .9391462 .9441062 .9511492 .9588866 .9579046 .9558516 .9554742 .9553046 .9559649 .9560455 .9571236 .9630544 .9627388 .9473366 .9131498 .8701831 .8379868 .8750353 .9881704 .968132 .937232 .8837724 .7955185 .8863009 .8931875 .8472651 .8251976 .8279601 .7730668 .8615422 .9075351 .8907856 .9042619 .9163023 .9140527 .9048255 .8870471 .8560349 .8440678 .9001742 .9965377 1.022267 1.037345 1.182724 1.376825 1.499784 1.6432 1.679569 1.536521 1.32554 1.171936
.9269221 .9203634 .9248258 .931149 .9317872 .9306659 .9287789 .9294814 .9298058 .9214628 .9312363 .9359169 .9399953 .9463229 .9537308 .9594336 .9579108 .9547094 .9515593 .9503351 .9533461 .9544179 .95274 .955604 .9550378 .9409568 .9043586 .8706031 .8818069 .9110966 .9408084 .946021 .9232215 .846263 .7407779 .8633474 .8779536 .8647518 .8462029 .8009142 .7734451 .842909 .8893204 .8926849 .893412 .8825096 .8743467 .8643493 .8640453 .8389011 .8454018 .9142656 1.03678 1.09789 1.082968 1.245938 1.516986 1.702055 1.773247 1.71423 1.478747 1.258201 1.07506
.9248712 .9235634 .9264736 .9312049 .9339059 .9351367 .9335427 .9326102 .929141 .9285071 .9341624 .9369761 .9422523 .9490451 .9550283 .9559636 .9546366 .9533095 .9503387 .9475306 .9475582 .9510198 .9566957 .9519392 .9441109 .9209607 .8954273 .877786 .907055 .8944841 .9198261 .9357005 .9199867 .8624859 .7679368 .8097591 .8522233 .8586392 .8757004 .8255128 .7780758 .7870162 .8666938 .8753656 .883203 .8531173 .8309223 .8285236 .8364487 .8405399 .8578865 .9346151 1.100526 1.210079 1.181268 1.319298 1.676374 1.862046 1.837215 1.657826 1.366725 1.143804 .9249313
.9295365 .932225 .9326975 .9338983 .9354538 .9369904 .9371476 .9346939 .9314817 .9388545 .9425865 .9429491 .9439769 .9530237 .9563251 .9534036 .9508799 .9506378 .9508477 .950389 .9471559 .9521655 .9549202 .9476068 .9339449 .9077164 .8820499 .8804705 .9048205 .8934951 .90833 .9241058 .9049805 .8545678 .7513388 .8106891 .8643161 .8677597 .8808454 .7993336 .7511775 .7519115 .8212368 .8501029 .8539397 .8361446 .7840801 .793031 .8154533 .8500559 .8912411 .9774611 1.191685 1.330183 1.283928 1.426056 1.788643 1.952614 1.811948 1.502333 1.20777 .9942117 .7637666
