py_wake/examples/data/AJ_ParqueFicticio/Rough survey   Sector 1   Height 200m   Weibull-A.grd
DSAA
73  159
 258469   265669
 6501692   6517492
 4.051715   8.662121
[rows 84 to 111 of 159, columns 0 to 62 of 73]
5.692319 5.664095 5.642912 5.623362 5.604883 5.578882 5.560912 5.536288 5.514498 5.499832 5.486628 5.464524 5.435698 5.419815 5.409188 5.400613 5.390573 5.388783 5.404465 5.434725 5.464528 5.491593 5.52109 5.55552 5.598545 5.636674 5.667089 5.6959 5.713017 5.737127 5.770373 5.804524 5.825074 5.828253 5.802539 5.799931 5.770333 5.759152 5.780918 5.800138 5.81814 5.813677 5.818451 5.816855 5.820193 5.838496 5.870087 5.903179 5.952525 6.012679 6.06898 6.102746 6.109479 6.096869 6.075061 6.062196 6.048663 6.033208 6.023499 6.001063 5.966334 5.909529 5.864326
5.657932 5.638839 5.617591 5.595561 5.575861 5.552715 5.53423 5.509581 5.488173 5.473569 5.452038 5.42552 5.398093 5.376382 5.374561 5.367993 5.357972 5.343764 5.34037 5.348639 5.373627 5.40204 5.445788 5.498695 5.559615 5.607874 5.641153 5.655929 5.669939 5.672462 5.703238 5.751081 5.772305 5.786728 5.771173 5.779187 5.771153 5.78959 5.826258 5.855145 5.861536 5.85339 5.845351 5.847214 5.847937 5.865197 5.875505 5.881286 5.890156 5.927866 5.988809 6.043879 6.084321 6.102408 6.103626 6.107927 6.108523 6.091761 6.066607 6.029462 5.976256 5.901306 5.849987
5.613585 5.602334 5.587548 5.566816 5.545079 5.527472 5.504857 5.483541 5.471946 5.450937 5.425901 5.403753 5.381523 5.35609 5.343114 5.339208 5.3314 5.318761 5.298429 5.285435 5.28682 5.304331 5.337682 5.385402 5.446888 5.505448 5.539363 5.571442 5.580855 5.597621 5.642322 5.683048 5.729502 5.761292 5.77105 5.789806 5.785095 5.810283 5.855451 5.888156 5.893414 5.885753 5.899587 5.912228 5.92029 5.928788 5.932022 5.92056 5.91076 5.912776 5.935991 5.994215 6.056491 6.097288 6.126956 6.145846 6.155586 6.137314 6.105549 6.053863 5.990511 5.908782 5.860027
5.584061 5.5692 5.555088 5.532967 5.509405 5.490374 5.472962 5.459346 5.447144 5.426476 5.404841 5.380132 5.361445 5.332617 5.307091 5.300119 5.295503 5.282649 5.273048 5.25291 5.237794 5.232111 5.236867 5.271087 5.323995 5.390522 5.445248 5.503943 5.537108 5.5864 5.653956 5.703909 5.756846 5.799425 5.824717 5.831191 5.831139 5.855971 5.878807 5.902569 5.913301 5.92803 5.948419 5.977091 5.984321 5.982874 5.970474 5.962837 5.937542 5.911859 5.900959 5.938814 6.002142 6.073803 6.119316 6.150751 6.154845 6.138326 6.094475 6.056796 6.001709 5.945702 5.909021
5.569932 5.544973 5.524953 5.502813 5.478384 5.452035 5.433681 5.418517 5.403939 5.39576 5.382576 5.359193 5.339666 5.316808 5.286549 5.255831 5.246454 5.240529 5.237833 5.228254 5.221063 5.214318 5.219931 5.236259 5.283459 5.361806 5.451459 5.544635 5.615558 5.689463 5.735212 5.788433 5.811664 5.848801 5.871015 5.871312 5.89567 5.92507 5.932971 5.943266 5.957442 5.984448 5.995562 5.995349 5.985672 5.969915 5.94909 5.939815 5.914293 5.877178 5.845075 5.844393 5.892945 5.963314 6.03603 6.071465 6.079054 6.068971 6.04967 6.021023 6.003519 5.9812 5.994533
5.562014 5.530127 5.503641 5.482172 5.457355 5.429803 5.403362 5.371725 5.35622 5.351331 5.349214 5.341425 5.322326 5.302077 5.276437 5.230219 5.202829 5.200612 5.205523 5.218118 5.241369 5.259921 5.286684 5.330225 5.389071 5.46318 5.574454 5.688725 5.792662 5.847969 5.874251 5.877912 5.884158 5.888741 5.893478 5.897915 5.935382 5.988342 6.006316 6.015585 6.029234 6.03586 6.028846 6.004594 5.973823 5.957507 5.931597 5.909087 5.876999 5.845419 5.799075 5.773486 5.748209 5.793576 5.868636 5.926885 5.944044 5.947294 5.947518 5.963097 5.98443 6.004764 6.052685
5.563313 5.527378 5.497424 5.46296 5.441209 5.413852 5.385236 5.355822 5.327955 5.312596 5.313174 5.316938 5.305358 5.291508 5.272117 5.235667 5.193693 5.176226 5.184906 5.228752 5.289435 5.354775 5.423717 5.506175 5.592093 5.686913 5.792665 5.899884 5.978377 6.005383 5.998656 5.979359 5.971406 5.957401 5.94261 5.955503 5.991049 6.047414 6.083544 6.105255 6.109911 6.101987 6.085353 6.060391 6.067376 6.063627 6.053632 6.028704 5.979939 5.932528 5.896957 5.850215 5.800955 5.75774 5.75611 5.789227 5.801459 5.80538 5.833849 5.902862 5.97243 6.041544 6.103788
5.563585 5.526501 5.497038 5.462228 5.433441 5.406102 5.381837 5.355414 5.327291 5.306325 5.294447 5.294536 5.295404 5.293603 5.28507 5.257567 5.220207 5.201959 5.212753 5.261087 5.362746 5.482391 5.59274 5.710159 5.833169 5.923555 6.01137 6.091216 6.132448 6.13229 6.113524 6.092012 6.071392 6.054772 6.032754 6.055389 6.062766 6.10734 6.161931 6.193229 6.204768 6.194705 6.184062 6.195203 6.229723 6.239802 6.21719 6.190786 6.140693 6.106813 6.107916 6.067457 6.002624 5.92647 5.832254 5.763966 5.760103 5.785569 5.841654 5.928024 6.005275 6.10053 6.170271
5.571212 5.526959 5.494118 5.460611 5.429392 5.410505 5.391997 5.366643 5.344602 5.31865 5.298152 5.29349 5.291846 5.304533 5.317527 5.302249 5.290349 5.290909 5.311934 5.363374 5.471872 5.624168 5.780414 5.917517 6.038665 6.115169 6.19074 6.2443 6.25457 6.237429 6.214602 6.190402 6.15623 6.11694 6.09846 6.132314 6.144532 6.175804 6.22953 6.277597 6.303591 6.307558 6.324814 6.366092 6.389992 6.379226 6.338361 6.299543 6.283298 6.294377 6.310044 6.291295 6.241364 6.160268 6.061346 5.988456 5.954574 5.972056 6.007667 6.049456 6.098217 6.172441 6.247424
5.565948 5.529297 5.493476 5.461049 5.437825 5.419589 5.406733 5.385368 5.365985 5.346581 5.324042 5.302874 5.303616 5.318604 5.344846 5.373714 5.39998 5.432879 5.481113 5.539086 5.633534 5.79158 5.955262 6.096046 6.206113 6.271323 6.331392 6.367872 6.352793 6.307803 6.269158 6.225508 6.194946 6.16773 6.174175 6.206932 6.224394 6.241048 6.301342 6.368603 6.415188 6.450397 6.486553 6.506048 6.488935 6.44966 6.407127 6.369738 6.376919 6.397323 6.414891 6.416306 6.391067 6.349602 6.296205 6.249162 6.228439 6.220289 6.201915 6.186183 6.194078 6.240616 6.315609
5.560035 5.53074 5.494669 5.465985 5.442396 5.432291 5.424774 5.408087 5.395142 5.382247 5.360115 5.33601 5.325659 5.338694 5.378222 5.439513 5.520483 5.609193 5.68476 5.756132 5.849728 5.9593 6.102996 6.23506 6.340353 6.392047 6.432789 6.447743 6.387328 6.325417 6.267272 6.216669 6.197358 6.195758 6.240409 6.28878 6.304819 6.336355 6.401268 6.468413 6.524745 6.556021 6.573593 6.548646 6.512117 6.466024 6.427344 6.41202 6.419223 6.42114 6.41064 6.394091 6.401879 6.4091 6.398305 6.391533 6.383015 6.364214 6.33221 6.299084 6.280382 6.295595 6.364839
5.5462 5.524147 5.5012 5.480767 5.459435 5.44797 5.44687 5.447142 5.439236 5.425586 5.414224 5.399222 5.384284 5.387194 5.42565 5.506613 5.627945 5.757348 5.876016 5.970719 6.065725 6.138858 6.237562 6.349825 6.437765 6.469595 6.466095 6.420959 6.342381 6.267921 6.210565 6.179988 6.188154 6.228193 6.297171 6.369991 6.39516 6.430794 6.491024 6.547089 6.56675 6.566258 6.55927 6.525728 6.489813 6.458679 6.437639 6.432774 6.410474 6.378115 6.341676 6.312111 6.307515 6.325189 6.355536 6.385283 6.408046 6.412912 6.411476 6.394914 6.360121 6.340681 6.374014
5.536322 5.522131 5.515557 5.506261 5.497127 5.485697 5.478287 5.484422 5.49416 5.488486 5.486181 5.488452 5.484993 5.493347 5.526908 5.603078 5.726326 5.876732 6.02214 6.159079 6.26714 6.320857 6.380311 6.442894 6.492975 6.466714 6.381588 6.278842 6.181141 6.122128 6.113531 6.14028 6.200462 6.279639 6.379191 6.455317 6.496806 6.521373 6.561698 6.596356 6.566222 6.522376 6.483566 6.445508 6.423381 6.418489 6.406893 6.375913 6.329431 6.278244 6.224509 6.173322 6.12531 6.112675 6.181984 6.241383 6.301536 6.355303 6.416781 6.436469 6.408066 6.369223 6.356389
5.538354 5.533633 5.531753 5.535729 5.54296 5.544665 5.533856 5.532506 5.551753 5.563269 5.577168 5.599881 5.626603 5.65614 5.698293 5.761077 5.857262 5.992728 6.161871 6.323881 6.425455 6.458483 6.489442 6.516244 6.489521 6.382535 6.248507 6.113939 6.033352 6.032072 6.097523 6.18521 6.258009 6.335389 6.441699 6.518414 6.583986 6.586328 6.569417 6.55261 6.487785 6.428723 6.378456 6.337959 6.307037 6.285567 6.246594 6.208508 6.154602 6.098053 6.04536 5.979701 5.924912 5.896227 5.943678 6.015841 6.10405 6.186434 6.279475 6.365006 6.397892 6.375163 6.336234
5.570109 5.563233 5.564153 5.570696 5.581307 5.609359 5.615195 5.607184 5.628325 5.659337 5.698704 5.747241 5.80916 5.879874 5.948881 6.002937 6.076174 6.197488 6.338965 6.474852 6.562607 6.574381 6.570804 6.551931 6.459404 6.317365 6.178122 6.096205 6.114315 6.181192 6.259604 6.321168 6.355625 6.372576 6.438532 6.497998 6.537401 6.532472 6.497748 6.449726 6.372705 6.304209 6.24885 6.207249 6.174662 6.127382 6.056486 5.989638 5.928677 5.869006 5.830603 5.803771 5.807358 5.861878 5.910501 5.967712 6.016002 6.087758 6.171216 6.261217 6.333794 6.367303 6.341977
5.625347 5.615956 5.625848 5.631071 5.642381 5.684104 5.719527 5.724276 5.744184 5.792965 5.851068 5.925796 6.017212 6.128355 6.237655 6.311517 6.392858 6.467974 6.56673 6.655644 6.700664 6.694791 6.661544 6.576551 6.429606 6.301313 6.227274 6.271933 6.356499 6.421015 6.45059 6.456626 6.436263 6.394326 6.405971 6.421896 6.405263 6.375114 6.343091 6.300984 6.233223 6.152227 6.090879 6.043685 6.025187 5.99712 5.943722 5.857301 5.79473 5.749062 5.740826 5.790756 5.89262 6.011306 6.073472 6.134746 6.176155 6.223027 6.257189 6.317961 6.399955 6.449929 6.442237
5.704795 5.714984 5.726073 5.735279 5.749001 5.788148 5.849747 5.891233 5.91572 5.974331 6.05012 6.137598 6.24651 6.377457 6.514283 6.644311 6.732605 6.786775 6.823668 6.8622 6.86202 6.809642 6.728279 6.585806 6.451148 6.381638 6.406607 6.498013 6.593384 6.610784 6.586933 6.542562 6.486783 6.43623 6.395115 6.343895 6.277903 6.214739 6.158464 6.118194 6.054573 5.972292 5.924897 5.912172 5.90048 5.904613 5.898933 5.86972 5.856249 5.853343 5.886088 5.975491 6.08782 6.203201 6.284549 6.351422 6.396915 6.442474 6.480376 6.519532 6.563356 6.562709 6.551443
5.7974 5.836656 5.856352 5.874489 5.89828 5.930837 6.010267 6.086277 6.135584 6.208517 6.294262 6.38843 6.510265 6.646847 6.809882 6.954483 7.051755 7.095467 7.096899 7.080775 7.023208 6.916518 6.781607 6.64924 6.584932 6.604131 6.674207 6.731863 6.748629 6.708402 6.648367 6.577085 6.512563 6.450191 6.41061 6.324243 6.235955 6.150874 6.05143 5.956453 5.887852 5.847248 5.844407 5.876323 5.92123 5.953857 5.973546 6.025045 6.082024 6.111094 6.163351 6.230895 6.314439 6.400852 6.475828 6.53082 6.570061 6.602324 6.619202 6.624361 6.610134 6.600227 6.615422
5.89412 5.95363 6.000182 6.034687 6.072929 6.109583 6.182113 6.289818 6.375275 6.464144 6.568513 6.657887 6.796064 6.953066 7.09605 7.233885 7.32081 7.360227 7.353517 7.298122 7.186469 7.055137 6.93632 6.856572 6.848247 6.878036 6.892939 6.867719 6.801091 6.728455 6.655204 6.585473 6.526933 6.463112 6.393809 6.308563 6.215471 6.121914 6.006979 5.890532 5.842789 5.853539 5.928002 6.003333 6.05162 6.091788 6.152188 6.242189 6.34316 6.408389 6.454168 6.490925 6.532503 6.573483 6.610568 6.6272 6.638231 6.636195 6.625484 6.60011 6.581038 6.602124 6.688906
5.974254 6.058243 6.131266 6.196877 6.255175 6.286912 6.341236 6.452305 6.575392 6.683474 6.804678 6.936637 7.075894 7.224845 7.364479 7.490644 7.555934 7.58726 7.582243 7.520209 7.416378 7.319638 7.240665 7.194537 7.174658 7.135439 7.053323 6.925708 6.80061 6.699319 6.63591 6.584115 6.532134 6.460082 6.379551 6.290744 6.197187 6.097698 6.003941 5.946684 5.947006 5.982674 6.063066 6.127347 6.169997 6.212895 6.313979 6.448153 6.573897 6.675148 6.723693 6.741217 6.732978 6.713514 6.692619 6.665325 6.657115 6.644021 6.61916 6.584389 6.57058 6.60605 6.694127
5.994536 6.115443 6.234934 6.336908 6.403577 6.439724 6.48003 6.577412 6.693734 6.822606 6.973836 7.134888 7.288573 7.432075 7.572557 7.689642 7.764489 7.794701 7.796648 7.768955 7.71031 7.65616 7.608785 7.557379 7.479484 7.346497 7.172562 6.999945 6.858963 6.758338 6.696736 6.637891 6.57803 6.499456 6.416952 6.326521 6.229857 6.115264 6.03567 6.028689 6.064864 6.111983 6.146513 6.178752 6.216602 6.282662 6.41513 6.598616 6.764019 6.898627 6.985383 7.001739 6.970948 6.902491 6.844592 6.798755 6.776427 6.750968 6.718314 6.668057 6.616494 6.60637 6.638297
6.005723 6.122143 6.266671 6.395944 6.497238 6.546472 6.601665 6.688739 6.793157 6.934409 7.088845 7.258653 7.420877 7.564499 7.680902 7.799829 7.898241 7.954193 7.982194 7.980243 7.966269 7.943673 7.906117 7.837302 7.70645 7.515263 7.329314 7.166522 7.045578 6.943589 6.861136 6.773619 6.676928 6.594086 6.503605 6.403077 6.284437 6.164773 6.108107 6.107966 6.140567 6.174913 6.189624 6.231359 6.310238 6.427004 6.548644 6.72051 6.915999 7.087775 7.222275 7.282274 7.267289 7.208665 7.149691 7.092573 7.025886 6.949994 6.879322 6.796888 6.709797 6.630292 6.589623
6.093583 6.161922 6.273351 6.410154 6.546829 6.64748 6.721741 6.797895 6.920796 7.061565 7.204037 7.350802 7.492762 7.620481 7.719914 7.793971 7.897738 7.998555 8.04375 8.064621 8.066305 8.051319 8.025576 7.966223 7.860303 7.698426 7.552628 7.418036 7.307068 7.196224 7.077347 6.945406 6.813459 6.689523 6.562531 6.443205 6.329982 6.231618 6.199798 6.186533 6.213508 6.252713 6.297198 6.383992 6.506927 6.655335 6.768405 6.870647 7.03619 7.2243 7.39278 7.518569 7.559703 7.545865 7.491333 7.395345 7.265042 7.124486 6.997226 6.897396 6.794516 6.688866 6.605712
6.298004 6.316551 6.378421 6.482175 6.617165 6.764112 6.871618 6.965338 7.075075 7.191481 7.31304 7.426961 7.529436 7.607394 7.656004 7.685906 7.742971 7.850519 7.939847 7.994374 8.012102 8.009992 7.99613 7.976256 7.941244 7.87512 7.782978 7.68931 7.587385 7.45514 7.29963 7.129667 6.950015 6.788824 6.641615 6.512203 6.401085 6.349512 6.339058 6.328838 6.351863 6.420802 6.510978 6.633575 6.772526 6.92215 7.034514 7.100523 7.193188 7.335935 7.479436 7.631173 7.705265 7.703918 7.649236 7.525712 7.362381 7.200108 7.061714 6.945096 6.836559 6.733623 6.654053
6.58297 6.584015 6.61447 6.674156 6.765493 6.894838 7.029307 7.143619 7.222615 7.301277 7.393613 7.47859 7.531651 7.54424 7.519284 7.499625 7.502612 7.575357 7.687693 7.789495 7.864867 7.897618 7.92009 7.947625 7.960513 7.95752 7.933933 7.888334 7.814293 7.676657 7.505494 7.308772 7.097423 6.909571 6.745878 6.616906 6.537101 6.516564 6.536147 6.555173 6.599563 6.683869 6.795171 6.904866 7.026979 7.159996 7.262785 7.326933 7.380554 7.459311 7.547474 7.637027 7.655311 7.631364 7.5478 7.428887 7.292652 7.157547 7.045756 6.946486 6.849727 6.754009 6.700507
6.90292 6.902383 6.90454 6.944301 6.989937 7.06815 7.163334 7.261217 7.320296 7.370338 7.43324 7.478217 7.491179 7.429616 7.360798 7.305871 7.269835 7.289258 7.389793 7.521618 7.646201 7.727705 7.771703 7.840213 7.899739 7.950166 8.007174 8.026182 7.957922 7.815681 7.627177 7.39705 7.171428 6.9579 6.80511 6.712509 6.693183 6.727753 6.78323 6.846725 6.909544 6.9941 7.087355 7.151087 7.210991 7.297681 7.374612 7.442852 7.505013 7.57409 7.613854 7.614029 7.562192 7.468227 7.340185 7.215848 7.109906 7.015034 6.940529 6.883253 6.811819 6.740492 6.711299
7.193255 7.204131 7.187837 7.194589 7.198471 7.215779 7.262799 7.327155 7.388286 7.421725 7.454226 7.472638 7.441035 7.362057 7.273561 7.186574 7.11184 7.058054 7.108188 7.245944 7.399706 7.519493 7.591436 7.687079 7.785756 7.881349 7.987474 8.037467 7.979827 7.837204 7.636871 7.405355 7.176251 6.993497 6.870828 6.836099 6.863718 6.94537 7.04342 7.141067 7.215933 7.282956 7.326583 7.327105 7.31438 7.30828 7.329278 7.373887 7.442829 7.530152 7.582503 7.549859 7.449266 7.302587 7.150369 7.019141 6.923918 6.852127 6.797633 6.740501 6.692016 6.655083 6.669491
7.436014 7.430547 7.402743 7.389512 7.37675 7.362475 7.370982 7.412496 7.467156 7.504973 7.518852 7.523752 7.472542 7.390892 7.310913 7.204432 7.080799 7.000218 6.968461 7.034336 7.166702 7.315127 7.434755 7.558089 7.697479 7.811181 7.916344 7.937716 7.866461 7.766254 7.633574 7.459001 7.294557 7.158245 7.067551 7.039043 7.073658 7.179408 7.297093 7.410833 7.493315 7.532353 7.515027 7.449604 7.367173 7.285762 7.241749 7.230286 7.277414 7.371177 7.401867 7.367223 7.252134 7.11322 6.982498 6.87829 6.801353 6.73901 6.686381 6.62794 6.572906 6.551407 6.584593
