py_wake/examples/data/AJ_ParqueFicticio/Rough survey   Sector 10   Height 200m   Power density.grd
DSAA
73  159
 258469   265669
 6501692   6517492
 188.6714   2388.28
[rows 84 to 111 of 159, columns 0 to 62 of 73]
856.1229 855.3704 855.4925 859.84 864.9632 874.7252 884.2463 896.9366 905.549 910.0686 910.1798 908.7404 901.8976 896.7022 898.2472 894.2178 891.9494 891.6179 894.8748 909.4478 929.4982 951.8755 980.4712 1026.038 1093.201 1187.989 1289.639 1371.264 1411.21 1389.269 1315.814 1240.041 1172.499 1099.744 1038.662 964.0479 939.1039 939.5059 961.8726 992.9715 1003.219 991.4425 953.6298 907.9431 869.3774 838.3002 797.0027 768.2373 744.7608 735.2753 744.493 763.435 784.7359 794.9888 792.0844 765.8807 718.0957 656.9189 589.8407 527.2516 470.0851 423.9262 381.722
853.8763 854.1765 854.2076 857.4171 864.127 875.122 885.2398 898.5095 906.8472 912.8358 915.2036 914.7534 913.213 903.3066 902.3889 906.2722 905.4525 901.7496 901.2558 909.4922 928.0664 952.412 986.7593 1040.702 1126.355 1239.27 1343.304 1409.761 1413.465 1364.895 1287.009 1211.185 1153.505 1079.107 1011.201 951.9352 926.2277 948.5677 966.4548 1000.401 1013.361 992.2886 955.9503 907.7718 871.8655 841.0387 804.4363 768.2767 730.9869 711.3741 719.6512 742.8191 768.1711 785.6901 786.7159 763.5444 713.2585 648.9305 581.742 514.6403 451.8798 400.457 362.1034
843.8132 846.8475 849.6507 855.4664 864.3138 876.236 888.96 896.3662 907.3841 915.9963 920.342 919.0728 918.4073 911.9081 909.9387 914.027 914.1694 913.3508 914.7945 918.3655 933.1141 956.5387 993.443 1051.959 1147.346 1267.633 1380.362 1440.088 1415.9 1349.369 1257.831 1175.293 1109.998 1045.874 986.1594 936.5324 916.1168 949.5229 999.0162 1031.456 1040.09 1016.133 975.0333 916.4407 880.4669 847.5935 812.9966 776.4627 732.0593 698.5141 693.0876 717.3203 748.3917 766.6487 774.3536 755.9032 703.9632 638.7143 568.1002 498.6044 431.9207 379.9763 347.5209
833.9725 838.696 845.0582 854.9749 865.0341 875.2296 889.3892 897.8351 909.7611 920.6434 923.1422 926.1019 925.6934 923.6404 920.7201 918.7378 920.921 924.128 928.9657 932.3965 948.2861 974.8899 1013.269 1070.02 1161.852 1286.612 1404.844 1466.779 1437.389 1351.311 1243.158 1146.558 1076.018 1016.01 967.441 920.31 912.3152 957.5029 1006.443 1041.778 1049.027 1022.914 984.6136 935.7829 895.0466 857.3707 827.832 792.1445 743.3188 695.7297 678.8657 699.6409 725.2034 743.8602 753.559 740.1282 688.6511 617.7537 549.3325 477.8394 410.9242 361.8242 344.8426
832.4725 834.0366 841.6896 852.3228 864.9839 876.7383 885.8577 895.2335 909.0814 920.7154 927.8246 930.8279 932.6837 936.314 932.1862 927.7217 926.6595 933.5059 938.0648 948.5979 967.0939 1000.382 1047.07 1110.469 1190.473 1302.612 1425.435 1501.361 1472.595 1359.224 1233.959 1118.407 1042.189 976.4446 925.7554 896.6342 912.3301 959.1505 1009.53 1044.95 1053.602 1035.751 994.4257 939.8217 891.5212 853.5593 823.5341 791.1101 743.9816 702.428 683.913 692.3243 708.429 721.666 735.4641 722.5504 671.8152 598.8176 528.8969 460.6113 393.2148 352.0031 350.4886
831.1329 833.5718 839.895 851.2176 867.6728 876.7067 889.3918 895.7844 906.7582 919.9137 932.776 935.9222 939.6169 946.6299 946.4222 938.64 936.6674 939.4998 949.4899 960.9156 987.2581 1028.534 1090.446 1165.405 1243.009 1335.124 1452.402 1532.662 1493.958 1361.41 1209.807 1087.504 1002.432 933.4398 882.8505 873.2928 905.2055 960.0428 1014.832 1051.636 1062.24 1041.063 989.2251 930.0688 880.7231 847.7352 813.8098 780.7955 736.1808 706.1144 695.258 694.4679 689.1072 694.914 698.8153 688.8423 642.8967 570.8518 501.5646 438.428 375.8231 343.2959 349.6423
830.829 833.0464 840.8336 848.7963 863.3938 880.1615 893.6581 900.8515 910.2116 920.3245 931.3186 937.4122 947.3497 954.7543 959.114 952.9865 950.5627 954.8255 964.459 975.5914 1006.437 1062.424 1139.479 1231.113 1311.7 1378.775 1467.503 1541.652 1499.231 1352.474 1185.199 1053.436 964.7878 899.1273 851.7391 860.533 891.7709 951.5151 1018.72 1061.6 1068.233 1037.996 978.9912 921.4719 880.9517 852.4353 822.0507 779.5583 736.7208 716.8965 717.0964 717.7424 696.1517 677.803 665.2869 649.6461 610.3577 543.2832 474.8496 413.5962 357.3152 330.6721 340.3757
830.6199 833.0347 840.1778 848.1411 860.3826 879.9913 896.3967 909.4193 917.9888 925.0891 932.6631 941.0628 950.4637 960.6708 968.1594 967.4479 968.8947 978.7714 994.0703 1004.059 1033.114 1099.44 1194.286 1302.22 1376.372 1423.927 1489.682 1543.019 1488.69 1327.633 1161.474 1026.749 936.9111 865.9202 841.7455 861.7737 881.7861 933.8226 1012.532 1070.924 1074.467 1030.326 971.9612 925.1432 893.545 858.5162 821.1942 770.5709 733.9773 723.9146 730.5464 728.4669 706.7328 676.3154 644.1375 607.1529 577.7877 529.0736 464.8163 400.2683 345.4231 318.2866 330.9458
827.2668 831.9318 837.5126 846.214 860.183 880.766 900.4723 915.6703 927.5399 934.3937 938.2313 942.3393 953.6157 964.748 974.8683 984.0208 993.7794 1016.69 1042.592 1048.489 1064.594 1137.721 1251.167 1361.606 1432.413 1466.423 1507.786 1539.667 1461.594 1298.025 1131.818 1001.354 904.9049 836.5135 833.055 864.3253 881.3966 919.5621 999.2912 1066.581 1069.108 1023.373 965.1818 922.4158 891.5225 850.3091 804.6736 751.8054 723.9668 723.8959 736.261 735.8474 713.2082 678.5918 634.7005 592.6417 558.4542 520.4009 465.238 395.0975 329.6712 300.008 311.8112
824.3861 831.7606 838.0748 846.5958 860.1901 882.787 905.3682 922.0657 935.0444 944.3893 948.7214 949.7777 957.105 970.7446 983.426 998.1685 1022.587 1066.837 1111.199 1121.615 1115.578 1164.677 1284.15 1412.096 1480.819 1494.399 1515.663 1519.601 1423.268 1259.74 1096.751 969.2876 871.8122 817.4852 835.3967 877.1317 893.1758 916.2626 990.1392 1056.895 1066.975 1022.948 968.1667 919.6777 885.9075 835.6201 785.5747 747.0855 727.8485 729.6102 737.1434 733.3292 709.4849 676.9515 628.0978 587.2189 551.3231 516.2778 462.6188 389.7753 318.7786 281.5451 290.6237
822.5459 832.8229 840.0777 850.5438 864.8984 886.1639 909.1718 931.4583 944.656 954.4482 960.4162 961.2252 968.9094 983.7866 997.2523 1017.767 1058.912 1125.027 1193.839 1212.358 1183.258 1197.83 1308.324 1446.376 1513.029 1512.524 1506.253 1483.675 1381.805 1220.491 1063.468 935.4678 842.2455 805.6662 842.5597 888.2747 899.2411 915.6584 977.3816 1040.156 1055.929 1015.91 961.4135 914.5272 870.6288 821.0859 778.7313 753.036 741.6759 735.806 733.0458 720.9991 696.1066 663.8596 624.3285 588.4576 552.4646 513.1544 461.5095 390.2321 314.7265 268.1033 266.8831
819.3207 834.3228 844.4676 856.81 873.7232 890.6184 915.8302 938.9367 955.4374 965.8354 972.7798 979.855 989.5577 1004.611 1023.154 1044.93 1092.762 1186.07 1278.039 1311.582 1268.569 1249.692 1333.664 1465.193 1534.008 1518.164 1483.92 1430.675 1326.117 1182.578 1040.244 914.9393 825.121 801.007 845.4658 890.4512 901.3681 908.9396 958.8814 1021.354 1028.504 986.3182 932.2431 884.5458 844.8662 807.8281 778.0789 758.4442 748.1542 740.4222 731.3209 711.5916 680.7132 651.6084 620.6305 592.2383 553.605 511.0777 461.5621 395.5771 319.9185 263.2401 248.5286
815.4108 834.6779 850.0074 864.4988 882.8719 901.5892 922.9155 946.4825 963.9037 975.9397 985.1926 999.2035 1019.801 1041.507 1064.027 1088.182 1134.966 1233.115 1351.022 1402.469 1356.703 1309.057 1360.025 1480.94 1536.3 1504.171 1429.537 1359.2 1264.354 1143.212 1018.095 904.7623 817.7019 796.1115 844.1379 897.79 910.063 910.8123 949.2346 1008.975 999.7419 955.3051 901.9763 857.8381 826.4442 802.9551 786.2385 765.4861 754.9221 743.6389 734.9355 709.7449 673.5844 636.9508 613.5701 588.7169 547.5568 501.8715 458.1524 398.2781 328.304 267.8616 238.6771
815.1955 838.3174 857.6531 873.8237 892.3559 916.181 934.6264 953.7581 974.8179 990.6299 1004.173 1024.495 1053.245 1092.968 1127.748 1150.671 1186.32 1280.4 1405.975 1470.597 1435.313 1373.605 1398.963 1485.414 1523.045 1458.245 1370.758 1296.143 1224.92 1128.072 1020.496 913.3182 825.7438 792.9574 834.4516 902.4307 920.7853 921.6069 944.8655 982.953 976.6725 934.502 882.8028 841.9669 814.7939 789.9938 777.1974 760.4692 752.7214 744.4706 735.8782 714.8486 677.9655 645.7493 619.7413 588.4083 541.7094 493.1985 446.7018 391.8703 330.1084 272.1434 233.9651
818.9994 845.2274 867.8926 883.5039 900.5279 927.8314 951.6205 964.8607 986.1985 1007.252 1026.034 1053.427 1094.198 1151.815 1205.229 1233.112 1252.804 1325.666 1450.148 1527.143 1494.505 1427.313 1426.251 1480.651 1482.817 1404.467 1317.724 1271.738 1228.604 1141.114 1033.19 924.6566 832.3489 790.1715 821.4773 887.9113 909.8495 906.5596 916.3478 944.1935 942.2387 907.8334 862.038 825.7152 804.1476 784.0498 769.0882 756.7095 750.0284 743.2806 735.2944 721.3612 695.043 671.6061 634.3337 591.9703 539.067 484.9098 431.4605 377.1328 320.0215 265.4143 228.3967
828.8879 856.9483 882.0585 899.0558 910.116 936.0541 968.4512 985.5779 1003.063 1030.884 1057.845 1090.325 1140.955 1215.646 1287.276 1323.535 1332.932 1388.884 1494.607 1564.016 1533.472 1463.419 1439.722 1447.767 1420.536 1354.476 1298.271 1278.926 1246.499 1162.22 1048.897 929.8658 832.5206 789.4313 811.8321 856.2717 878.4644 874.279 883.6941 908.6932 911.9841 887.7534 848.0533 811.2632 787.6699 770.4106 756.5441 742.6944 749.2891 752.7424 749.1947 740.5063 725.9226 696.3235 651.9829 599.7637 542.6553 479.413 421.4858 363.3398 308.0513 257.3356 222.7491
841.7633 874.3223 901.6923 920.6102 927.5718 945.2029 981.7791 1010.779 1029.079 1066.607 1102.224 1141.058 1198.972 1278.504 1362.43 1401.68 1422.307 1464.79 1540.812 1595.166 1561.264 1483.09 1426.189 1395.335 1364.064 1338.994 1313.99 1304.763 1267.957 1179.93 1054.704 926.1053 828.8306 794.1116 814.5421 832.6921 837.7626 833.967 843.1738 866.5464 878.0381 872.2491 835.4657 796.3224 767.1407 742.3134 733.845 739.9171 764.1898 784.4231 781.9645 767.0549 748.6653 718.2229 669.9733 610.8802 545.7239 476.3198 412.07 353.8606 294.4868 241.5903 208.2919
851.7257 890.8568 922.0478 946.0276 955.1068 959.878 992.7075 1039.224 1065.607 1106.521 1156.551 1198.286 1262.655 1340.114 1412.959 1464.494 1495.142 1533.951 1588.564 1617.037 1570.367 1474.314 1388.224 1345.98 1349.32 1358.496 1347.373 1324.847 1275.982 1175.384 1044.344 918.796 826.7333 798.2536 812.6715 817.6297 813.9996 809.755 811.8749 827.1248 847.4467 851.4764 834.0644 802.5472 756.6525 711.5931 701.3856 735.4993 778.813 815.3998 817.8069 802.273 774.0521 734.6365 679.4049 616.1982 545.8834 477.8303 411.1351 341.8151 271.7206 217.2789 194.052
859.1425 902.2387 942.2419 977.9364 993.39 986.5735 1006.385 1063.369 1105.586 1156.976 1220.874 1274.177 1331.004 1396.329 1457.658 1509.57 1542.138 1580.986 1622.901 1632.461 1566.518 1446.907 1358.437 1336.53 1363.596 1393.585 1392.163 1345.769 1264.506 1150.484 1027.861 913.9947 833.4379 802.5549 802.5853 797.0403 793.1737 790.4634 795.0057 808.4269 839.787 861.4691 852.0959 814.2548 752.0861 690.5189 676.8146 731.0189 804.0289 859.3973 873.6656 859.4038 813.835 757.7457 688.7681 617.9744 545.0276 475.5568 401.9843 325.5039 250.7321 200.2651 188.6714
863.9273 908.7236 962.3506 1012.872 1037.883 1025.008 1027.844 1086.591 1152.327 1215.677 1291.305 1352.548 1401.014 1457.256 1496.79 1530.804 1560.862 1595.633 1632.103 1623.313 1541.847 1425.797 1348.218 1342.589 1392.406 1435.333 1425.322 1349.682 1241.338 1128.234 1013.423 910.2375 830.9871 790.0313 773.6655 764.6889 754.5526 758.709 771.6226 806.5123 844.6475 866.7272 857.4938 813.1509 734.9097 666.7704 657.4567 712.4534 807.0517 887.7699 923.9019 915.8547 865.6479 783.1384 692.2035 611.1003 534.6927 460.8759 386.5858 308.7862 237.0207 191.401 191.282
862.4324 911.3224 976.4482 1044.697 1082.669 1068.98 1068.677 1120.884 1194.479 1271.52 1356.822 1432.737 1480.35 1514.623 1524.93 1532.168 1552.412 1578.283 1613.065 1591.784 1508.25 1409.039 1345.763 1357.67 1420.075 1465.883 1443.81 1354.016 1241.323 1127.866 1013.415 905.9268 820.9182 777.5859 758.3007 750.5818 733.4859 733.2322 758.911 810.0629 856.1289 881.9349 857.9941 799.9981 720.9503 662.0419 647.2838 694.5068 790.344 895.7514 964.335 972.2465 907.9627 801.0058 694.1016 606.3488 528.5362 454.0284 376.2529 301.6907 234.9958 189.4959 191.0449
866.6018 910.986 981.8167 1064.618 1120.124 1120.902 1124.761 1170.038 1240.933 1323.899 1420.242 1508.628 1563.432 1569.614 1542.416 1514.128 1517.738 1541.841 1574.463 1555.694 1476.382 1386.071 1336.636 1361.73 1431.363 1474.329 1455.521 1376.847 1264.761 1154.098 1023.861 900.153 809.6743 758.5438 741.3749 721.0828 708.1108 722.236 766.7682 824.9244 884.4092 902.3537 861.2803 787.4645 720.031 677.6856 653.5704 671.5041 756.8558 886.0599 987.517 1011.41 943.7357 821.4204 704.7947 609.5493 524.5219 440.0373 365.047 297.7226 234.8227 190.8273 190.2536
898.0081 919.9449 979.1569 1064.193 1138.227 1174.271 1193.447 1231.532 1287.592 1377.862 1489.629 1585.967 1634.65 1614.459 1556.688 1481.305 1460.362 1485.302 1518.495 1510.88 1444.982 1357.564 1307.33 1337.875 1419.213 1475.665 1474.918 1414.449 1310.045 1181.801 1030.394 890.011 791.7833 735.2003 705.2691 684.3053 682.804 725.2415 793.5757 857.6885 914.2257 924.4152 878.2827 801.79 737.7377 698.3902 667.4149 658.5139 723.9102 849.7237 972.9362 1024.967 964.9761 834.9886 710.6601 604.7198 509.3151 423.4769 353.8251 291.7118 234.487 193.266 190.0114
943.0447 947.529 990.0845 1062.891 1146.323 1217.059 1267.711 1299.209 1347.669 1443.807 1570.75 1674.172 1705.269 1652.641 1557.542 1437.586 1377.266 1400.506 1444.77 1453.671 1400.773 1312.789 1254.327 1278.396 1383.318 1463.86 1483.489 1450.721 1354.053 1208.15 1035.241 879.2566 772.9025 708.0074 673.0173 654.7325 671.3765 744.5365 833.5027 910.3864 960.5483 968.2054 918.1011 832.1843 763.6302 721.2444 683.4092 662.6782 702.545 817.2964 951.4957 1021.241 967.3198 837.0994 701.8116 591.9967 492.3653 408.7926 343.3081 288.086 234.1183 196.5286 192.2588
996.7375 991.5891 1017.487 1081.509 1157.236 1247.14 1329.854 1375.302 1420.399 1515.364 1645.971 1752.506 1771.309 1690.025 1547.049 1399.068 1309.24 1311.752 1354.05 1379.329 1351.917 1268.984 1201.405 1222.636 1334.659 1443.87 1489.804 1473.344 1377.101 1216.432 1025.757 868.7388 761.3671 694.5844 658.4376 642.1758 669.3308 758.2983 869.049 960.0572 1006.36 1019.467 961.439 865.4281 780.1171 731.8249 689.6854 660.5956 689.4895 791.8252 919.5148 996.1756 942.5469 814.5391 675.9257 569.4065 480.2758 406.3967 345.8659 292.5257 237.6627 198.938 193.9793
1048.435 1042.543 1054.993 1108.732 1175.526 1265.645 1368.391 1445.29 1504.619 1591.452 1722.391 1832.715 1836.01 1708.94 1531.105 1371.039 1266.895 1243.191 1270.219 1294.45 1279.111 1211.178 1138.585 1164.72 1280.138 1401.987 1480.419 1478.98 1369.914 1203.053 1015.281 864.8898 752.6732 689.9548 652.3796 640.7878 679.4702 781.2286 920.3687 1029.433 1079.506 1079.427 1012.818 903.1944 796.2448 725.4736 679.6483 651.2222 679.8233 773.9279 893.6474 952.5482 897.2384 766.1464 632.5505 537.6128 467.3944 406.9264 351.6508 297.4642 242.1053 202.6662 196.7668
1086.558 1089.56 1096.845 1142.249 1212.334 1298.144 1404.669 1503.208 1584.899 1674.278 1793.021 1889.905 1871.541 1719.083 1523.659 1360.785 1246.226 1197.727 1203.296 1213.498 1196.187 1142.841 1083.916 1104.716 1226.698 1354.809 1444.112 1437.604 1319.197 1155.337 983.6083 846.4545 751.342 694.2612 668.3542 660.3413 701.2071 815.5606 975.6837 1107.073 1165.763 1162.041 1083.739 948.3176 811.3312 712.8417 651.8354 624.1924 652.1392 744.1434 861.1513 901.2791 837.3472 715.1213 598.1097 514.5563 455.7616 406.9755 354.9364 300.5773 245.0306 208.8035 203.882
1108.066 1129.15 1142.827 1185.309 1259.188 1347.403 1450.426 1556.797 1661.222 1760.01 1862.547 1942.605 1892.416 1732.389 1542.717 1370.294 1252.845 1203.371 1172.436 1144.284 1111.672 1069.206 1022.896 1052.739 1177.951 1319.163 1388.553 1339.407 1221.039 1069.758 936.8849 830.5853 768.1407 728.4888 706.0224 701.8555 740.9413 856.4389 1032.547 1184.057 1262.217 1251.926 1149.819 984.1395 823.0646 708.4709 636.0455 602.6464 625.9791 702.4803 800.5947 828.0198 767.6854 660.5703 569.9326 503.9695 455.1863 413.2878 367.4743 309.0002 251.9312 219.5317 216.0614
