py_wake/examples/data/AJ_ParqueFicticio/Rough survey   Sector 9   Height 200m   Weibull-k.grd
DSAA
73  159
 258469   265669
 6501692   6517492
 2.451172   2.712891
[rows 28 to 55 of 159, columns 0 to 62 of 73]
2.564453 2.568359 2.572266 2.576172 2.576172 2.580078 2.583984 2.587891 2.591797 2.591797 2.595703 2.599609 2.599609 2.603516 2.607422 2.607422 2.611328 2.611328 2.615234 2.619141 2.623047 2.623047 2.626953 2.630859 2.630859 2.630859 2.634766 2.638672 2.638672 2.638672 2.642578 2.642578 2.646484 2.650391 2.650391 2.650391 2.654297 2.654297 2.654297 2.658203 2.662109 2.662109 2.666016 2.662109 2.662109 2.662109 2.662109 2.658203 2.654297 2.650391 2.646484 2.642578 2.634766 2.630859 2.630859 2.626953 2.626953 2.626953 2.638672 2.654297 2.666016 2.673828 2.677734
2.564453 2.568359 2.568359 2.576172 2.576172 2.580078 2.583984 2.587891 2.591797 2.595703 2.595703 2.599609 2.599609 2.603516 2.607422 2.607422 2.611328 2.611328 2.615234 2.619141 2.623047 2.623047 2.626953 2.630859 2.630859 2.630859 2.634766 2.638672 2.638672 2.638672 2.642578 2.646484 2.646484 2.650391 2.650391 2.654297 2.654297 2.654297 2.654297 2.658203 2.658203 2.662109 2.666016 2.666016 2.666016 2.666016 2.666016 2.666016 2.662109 2.658203 2.654297 2.650391 2.642578 2.638672 2.634766 2.630859 2.630859 2.634766 2.646484 2.662109 2.673828 2.681641 2.681641
2.560547 2.564453 2.568359 2.572266 2.576172 2.580078 2.583984 2.587891 2.587891 2.595703 2.595703 2.599609 2.599609 2.603516 2.607422 2.607422 2.611328 2.615234 2.615234 2.619141 2.623047 2.623047 2.626953 2.630859 2.630859 2.634766 2.634766 2.638672 2.638672 2.638672 2.642578 2.646484 2.646484 2.650391 2.650391 2.654297 2.654297 2.654297 2.658203 2.658203 2.662109 2.662109 2.666016 2.666016 2.666016 2.669922 2.669922 2.669922 2.666016 2.666016 2.662109 2.658203 2.650391 2.642578 2.634766 2.630859 2.630859 2.638672 2.650391 2.666016 2.677734 2.681641 2.685547
2.560547 2.564453 2.568359 2.572266 2.576172 2.576172 2.583984 2.587891 2.587891 2.591797 2.595703 2.599609 2.599609 2.603516 2.607422 2.607422 2.611328 2.615234 2.619141 2.619141 2.623047 2.623047 2.626953 2.630859 2.630859 2.634766 2.634766 2.638672 2.638672 2.642578 2.642578 2.646484 2.646484 2.650391 2.650391 2.654297 2.654297 2.654297 2.658203 2.658203 2.662109 2.666016 2.666016 2.666016 2.666016 2.669922 2.669922 2.669922 2.669922 2.666016 2.662109 2.658203 2.650391 2.642578 2.634766 2.626953 2.630859 2.638672 2.654297 2.669922 2.681641 2.685547 2.681641
2.560547 2.564453 2.568359 2.572266 2.576172 2.576172 2.580078 2.587891 2.587891 2.591797 2.595703 2.595703 2.599609 2.603516 2.607422 2.607422 2.611328 2.611328 2.615234 2.619141 2.623047 2.623047 2.626953 2.630859 2.630859 2.634766 2.634766 2.638672 2.638672 2.638672 2.642578 2.646484 2.650391 2.650391 2.650391 2.654297 2.654297 2.654297 2.658203 2.658203 2.662109 2.666016 2.666016 2.666016 2.669922 2.669922 2.669922 2.669922 2.666016 2.662109 2.658203 2.654297 2.646484 2.638672 2.626953 2.623047 2.626953 2.638672 2.658203 2.673828 2.681641 2.685547 2.673828
2.556641 2.564453 2.568359 2.568359 2.576172 2.576172 2.583984 2.583984 2.587891 2.591797 2.595703 2.595703 2.599609 2.603516 2.607422 2.607422 2.611328 2.611328 2.615234 2.619141 2.619141 2.623047 2.626953 2.630859 2.630859 2.634766 2.634766 2.638672 2.638672 2.638672 2.642578 2.646484 2.650391 2.650391 2.650391 2.654297 2.654297 2.654297 2.658203 2.658203 2.662109 2.666016 2.666016 2.666016 2.669922 2.669922 2.669922 2.669922 2.669922 2.662109 2.658203 2.650391 2.642578 2.630859 2.623047 2.619141 2.626953 2.642578 2.662109 2.677734 2.685547 2.677734 2.662109
2.556641 2.560547 2.568359 2.568359 2.576172 2.576172 2.583984 2.583984 2.587891 2.591797 2.595703 2.595703 2.599609 2.603516 2.607422 2.607422 2.611328 2.615234 2.619141 2.619141 2.623047 2.623047 2.626953 2.630859 2.630859 2.634766 2.634766 2.638672 2.638672 2.638672 2.642578 2.646484 2.650391 2.650391 2.650391 2.654297 2.654297 2.654297 2.658203 2.658203 2.662109 2.666016 2.666016 2.666016 2.669922 2.669922 2.669922 2.669922 2.669922 2.666016 2.662109 2.654297 2.646484 2.634766 2.626953 2.623047 2.630859 2.650391 2.669922 2.685547 2.685547 2.669922 2.654297
2.556641 2.560547 2.564453 2.568359 2.576172 2.576172 2.580078 2.583984 2.587891 2.591797 2.595703 2.595703 2.599609 2.603516 2.607422 2.607422 2.611328 2.611328 2.619141 2.619141 2.623047 2.623047 2.626953 2.626953 2.630859 2.634766 2.634766 2.638672 2.638672 2.642578 2.642578 2.646484 2.650391 2.650391 2.650391 2.654297 2.654297 2.658203 2.658203 2.658203 2.662109 2.666016 2.666016 2.666016 2.669922 2.669922 2.669922 2.673828 2.673828 2.673828 2.669922 2.666016 2.658203 2.646484 2.638672 2.634766 2.642578 2.662109 2.677734 2.689453 2.677734 2.662109 2.650391
2.556641 2.560547 2.564453 2.568359 2.572266 2.576172 2.580078 2.583984 2.587891 2.591797 2.595703 2.595703 2.599609 2.603516 2.607422 2.607422 2.611328 2.611328 2.615234 2.619141 2.623047 2.623047 2.626953 2.630859 2.630859 2.630859 2.634766 2.638672 2.638672 2.642578 2.642578 2.646484 2.650391 2.650391 2.650391 2.654297 2.654297 2.658203 2.658203 2.662109 2.666016 2.666016 2.666016 2.666016 2.669922 2.662109 2.654297 2.658203 2.669922 2.673828 2.673828 2.669922 2.662109 2.654297 2.646484 2.642578 2.650391 2.666016 2.681641 2.685547 2.666016 2.654297 2.650391
2.556641 2.556641 2.564453 2.568359 2.568359 2.576172 2.580078 2.583984 2.583984 2.587891 2.595703 2.595703 2.599609 2.599609 2.607422 2.607422 2.611328 2.611328 2.615234 2.619141 2.619141 2.623047 2.626953 2.630859 2.630859 2.630859 2.634766 2.638672 2.638672 2.642578 2.646484 2.646484 2.650391 2.650391 2.650391 2.654297 2.654297 2.654297 2.658203 2.662109 2.666016 2.666016 2.666016 2.669922 2.669922 2.658203 2.642578 2.642578 2.650391 2.662109 2.669922 2.669922 2.662109 2.654297 2.650391 2.646484 2.654297 2.673828 2.685547 2.662109 2.650391 2.646484 2.646484
2.556641 2.556641 2.560547 2.568359 2.568359 2.576172 2.576172 2.583984 2.583984 2.587891 2.591797 2.595703 2.599609 2.603516 2.607422 2.607422 2.611328 2.611328 2.615234 2.619141 2.623047 2.623047 2.626953 2.630859 2.630859 2.634766 2.634766 2.638672 2.638672 2.638672 2.642578 2.650391 2.650391 2.650391 2.650391 2.654297 2.654297 2.654297 2.658203 2.662109 2.666016 2.666016 2.666016 2.669922 2.669922 2.658203 2.642578 2.638672 2.642578 2.654297 2.666016 2.666016 2.662109 2.654297 2.646484 2.650391 2.658203 2.673828 2.669922 2.650391 2.642578 2.642578 2.642578
2.556641 2.556641 2.560547 2.564453 2.568359 2.572266 2.576172 2.580078 2.583984 2.587891 2.591797 2.595703 2.595703 2.603516 2.607422 2.607422 2.611328 2.611328 2.619141 2.619141 2.623047 2.623047 2.626953 2.626953 2.630859 2.634766 2.634766 2.638672 2.638672 2.638672 2.642578 2.646484 2.650391 2.650391 2.654297 2.654297 2.654297 2.658203 2.658203 2.662109 2.666016 2.666016 2.666016 2.669922 2.669922 2.662109 2.646484 2.638672 2.638672 2.646484 2.654297 2.669922 2.666016 2.658203 2.654297 2.650391 2.658203 2.673828 2.658203 2.642578 2.638672 2.638672 2.642578
2.556641 2.556641 2.560547 2.564453 2.568359 2.572266 2.576172 2.580078 2.583984 2.587891 2.591797 2.595703 2.595703 2.599609 2.607422 2.607422 2.611328 2.611328 2.615234 2.619141 2.623047 2.623047 2.626953 2.626953 2.630859 2.630859 2.634766 2.638672 2.638672 2.642578 2.642578 2.646484 2.650391 2.650391 2.650391 2.654297 2.646484 2.642578 2.642578 2.642578 2.646484 2.650391 2.658203 2.669922 2.669922 2.658203 2.646484 2.638672 2.638672 2.642578 2.650391 2.658203 2.666016 2.666016 2.662109 2.658203 2.662109 2.669922 2.650391 2.638672 2.634766 2.638672 2.642578
2.552734 2.556641 2.560547 2.564453 2.568359 2.568359 2.576172 2.580078 2.583984 2.583984 2.591797 2.595703 2.595703 2.599609 2.603516 2.607422 2.611328 2.611328 2.615234 2.619141 2.619141 2.623047 2.626953 2.630859 2.630859 2.630859 2.634766 2.638672 2.638672 2.642578 2.642578 2.646484 2.650391 2.650391 2.650391 2.646484 2.634766 2.630859 2.626953 2.630859 2.630859 2.634766 2.642578 2.650391 2.654297 2.650391 2.646484 2.638672 2.638672 2.638672 2.646484 2.650391 2.658203 2.666016 2.666016 2.662109 2.662109 2.666016 2.646484 2.642578 2.638672 2.638672 2.642578
2.552734 2.556641 2.556641 2.564453 2.564453 2.568359 2.576172 2.576172 2.583984 2.583984 2.587891 2.595703 2.595703 2.599609 2.603516 2.607422 2.607422 2.611328 2.615234 2.619141 2.619141 2.623047 2.626953 2.630859 2.630859 2.630859 2.634766 2.638672 2.638672 2.638672 2.642578 2.646484 2.650391 2.650391 2.642578 2.638672 2.630859 2.623047 2.619141 2.623047 2.623047 2.626953 2.634766 2.642578 2.646484 2.650391 2.646484 2.646484 2.642578 2.646484 2.650391 2.654297 2.658203 2.666016 2.662109 2.658203 2.658203 2.666016 2.650391 2.646484 2.642578 2.646484 2.646484
2.548828 2.556641 2.556641 2.564453 2.564453 2.568359 2.572266 2.576172 2.583984 2.583984 2.587891 2.591797 2.595703 2.599609 2.603516 2.607422 2.607422 2.611328 2.615234 2.619141 2.619141 2.623047 2.623047 2.626953 2.630859 2.634766 2.634766 2.638672 2.638672 2.638672 2.642578 2.646484 2.646484 2.642578 2.638672 2.634766 2.626953 2.623047 2.619141 2.619141 2.619141 2.626953 2.630859 2.638672 2.650391 2.658203 2.662109 2.658203 2.654297 2.654297 2.658203 2.658203 2.662109 2.666016 2.658203 2.650391 2.654297 2.662109 2.662109 2.658203 2.654297 2.654297 2.654297
2.548828 2.556641 2.556641 2.564453 2.564453 2.568359 2.572266 2.576172 2.580078 2.583984 2.587891 2.591797 2.595703 2.599609 2.603516 2.607422 2.607422 2.611328 2.611328 2.619141 2.619141 2.623047 2.623047 2.626953 2.630859 2.630859 2.634766 2.638672 2.638672 2.638672 2.642578 2.642578 2.642578 2.638672 2.638672 2.630859 2.626953 2.623047 2.619141 2.619141 2.619141 2.626953 2.630859 2.642578 2.654297 2.669922 2.669922 2.669922 2.662109 2.658203 2.658203 2.658203 2.662109 2.658203 2.650391 2.646484 2.650391 2.658203 2.669922 2.677734 2.677734 2.673828 2.666016
2.548828 2.556641 2.556641 2.564453 2.564453 2.568359 2.572266 2.576172 2.576172 2.583984 2.587891 2.591797 2.595703 2.595703 2.599609 2.607422 2.607422 2.611328 2.611328 2.615234 2.619141 2.623047 2.623047 2.626953 2.630859 2.630859 2.634766 2.638672 2.638672 2.642578 2.642578 2.638672 2.638672 2.634766 2.634766 2.630859 2.626953 2.623047 2.619141 2.623047 2.623047 2.626953 2.630859 2.642578 2.654297 2.666016 2.666016 2.662109 2.658203 2.658203 2.658203 2.654297 2.650391 2.642578 2.638672 2.642578 2.650391 2.658203 2.666016 2.673828 2.681641 2.685547 2.689453
2.548828 2.556641 2.556641 2.560547 2.564453 2.568359 2.572266 2.576172 2.576172 2.583984 2.583984 2.587891 2.595703 2.595703 2.599609 2.603516 2.607422 2.611328 2.611328 2.615234 2.619141 2.623047 2.623047 2.626953 2.630859 2.630859 2.634766 2.634766 2.638672 2.642578 2.642578 2.638672 2.634766 2.634766 2.630859 2.630859 2.623047 2.623047 2.619141 2.623047 2.623047 2.626953 2.630859 2.638672 2.642578 2.650391 2.650391 2.654297 2.654297 2.654297 2.654297 2.646484 2.638672 2.630859 2.630859 2.638672 2.654297 2.658203 2.666016 2.673828 2.677734 2.685547 2.689453
2.548828 2.556641 2.556641 2.560547 2.564453 2.568359 2.572266 2.572266 2.576172 2.580078 2.583984 2.587891 2.595703 2.595703 2.599609 2.599609 2.607422 2.611328 2.611328 2.615234 2.619141 2.619141 2.623047 2.626953 2.630859 2.630859 2.634766 2.638672 2.638672 2.638672 2.642578 2.638672 2.634766 2.630859 2.630859 2.626953 2.623047 2.619141 2.619141 2.619141 2.623047 2.623047 2.626953 2.630859 2.634766 2.638672 2.646484 2.650391 2.654297 2.654297 2.646484 2.638672 2.630859 2.626953 2.626953 2.642578 2.658203 2.662109 2.666016 2.669922 2.673828 2.677734 2.685547
2.548828 2.556641 2.556641 2.560547 2.564453 2.568359 2.572266 2.572266 2.576172 2.580078 2.583984 2.587891 2.591797 2.595703 2.599609 2.599609 2.603516 2.607422 2.611328 2.615234 2.619141 2.619141 2.623047 2.623047 2.630859 2.630859 2.634766 2.634766 2.638672 2.638672 2.642578 2.638672 2.634766 2.630859 2.626953 2.623047 2.619141 2.619141 2.615234 2.615234 2.619141 2.623047 2.623047 2.626953 2.630859 2.638672 2.646484 2.646484 2.650391 2.642578 2.634766 2.626953 2.623047 2.623047 2.630859 2.650391 2.662109 2.666016 2.669922 2.673828 2.673828 2.677734 2.677734
2.548828 2.556641 2.556641 2.560547 2.564453 2.564453 2.568359 2.572266 2.576172 2.580078 2.583984 2.587891 2.587891 2.595703 2.595703 2.599609 2.603516 2.607422 2.611328 2.611328 2.619141 2.619141 2.623047 2.623047 2.626953 2.630859 2.634766 2.634766 2.638672 2.638672 2.642578 2.634766 2.634766 2.630859 2.626953 2.623047 2.619141 2.615234 2.615234 2.615234 2.619141 2.619141 2.623047 2.626953 2.630859 2.638672 2.642578 2.642578 2.638672 2.630859 2.626953 2.623047 2.619141 2.626953 2.638672 2.658203 2.658203 2.666016 2.669922 2.673828 2.673828 2.677734 2.677734
2.548828 2.556641 2.556641 2.556641 2.564453 2.564453 2.568359 2.572266 2.576172 2.580078 2.583984 2.587891 2.587891 2.595703 2.595703 2.599609 2.603516 2.607422 2.611328 2.611328 2.615234 2.619141 2.623047 2.623047 2.626953 2.630859 2.630859 2.634766 2.634766 2.638672 2.642578 2.634766 2.634766 2.630859 2.626953 2.623047 2.619141 2.619141 2.615234 2.615234 2.615234 2.619141 2.619141 2.623047 2.626953 2.630859 2.630859 2.630859 2.630859 2.626953 2.623047 2.619141 2.619141 2.630859 2.654297 2.650391 2.654297 2.658203 2.666016 2.673828 2.677734 2.677734 2.681641
2.548828 2.552734 2.556641 2.556641 2.564453 2.564453 2.568359 2.572266 2.576172 2.580078 2.583984 2.587891 2.587891 2.595703 2.595703 2.599609 2.603516 2.607422 2.611328 2.611328 2.615234 2.619141 2.623047 2.623047 2.626953 2.626953 2.630859 2.634766 2.634766 2.634766 2.638672 2.638672 2.634766 2.630859 2.626953 2.623047 2.619141 2.619141 2.615234 2.615234 2.615234 2.615234 2.619141 2.619141 2.623047 2.623047 2.623047 2.623047 2.623047 2.623047 2.623047 2.623047 2.626953 2.642578 2.654297 2.650391 2.650391 2.654297 2.662109 2.669922 2.677734 2.677734 2.681641
2.548828 2.552734 2.556641 2.556641 2.564453 2.564453 2.568359 2.572266 2.576172 2.580078 2.583984 2.587891 2.587891 2.595703 2.595703 2.599609 2.599609 2.607422 2.611328 2.611328 2.615234 2.615234 2.623047 2.623047 2.626953 2.626953 2.630859 2.634766 2.634766 2.634766 2.638672 2.638672 2.638672 2.634766 2.626953 2.623047 2.615234 2.615234 2.615234 2.615234 2.615234 2.615234 2.615234 2.615234 2.615234 2.615234 2.619141 2.619141 2.619141 2.623047 2.623047 2.626953 2.634766 2.654297 2.654297 2.650391 2.646484 2.650391 2.662109 2.669922 2.673828 2.677734 2.677734
2.548828 2.552734 2.556641 2.556641 2.564453 2.564453 2.568359 2.572266 2.576172 2.580078 2.583984 2.587891 2.587891 2.595703 2.595703 2.599609 2.599609 2.603516 2.607422 2.611328 2.615234 2.619141 2.619141 2.623047 2.626953 2.630859 2.630859 2.634766 2.634766 2.634766 2.634766 2.638672 2.638672 2.634766 2.630859 2.623047 2.615234 2.611328 2.611328 2.615234 2.611328 2.611328 2.611328 2.611328 2.611328 2.611328 2.611328 2.615234 2.615234 2.619141 2.623047 2.634766 2.646484 2.654297 2.654297 2.650391 2.646484 2.650391 2.662109 2.673828 2.677734 2.677734 2.673828
2.548828 2.552734 2.556641 2.556641 2.564453 2.564453 2.568359 2.572266 2.576172 2.580078 2.583984 2.583984 2.587891 2.595703 2.595703 2.599609 2.599609 2.603516 2.607422 2.611328 2.615234 2.619141 2.619141 2.623047 2.623047 2.626953 2.630859 2.634766 2.634766 2.634766 2.634766 2.638672 2.634766 2.630859 2.626953 2.623047 2.615234 2.611328 2.611328 2.611328 2.611328 2.611328 2.611328 2.607422 2.607422 2.607422 2.607422 2.611328 2.611328 2.615234 2.626953 2.642578 2.646484 2.654297 2.658203 2.654297 2.646484 2.650391 2.662109 2.673828 2.677734 2.677734 2.669922
2.548828 2.552734 2.556641 2.560547 2.564453 2.564453 2.568359 2.572266 2.576172 2.580078 2.583984 2.583984 2.587891 2.591797 2.595703 2.599609 2.599609 2.603516 2.607422 2.611328 2.611328 2.619141 2.619141 2.623047 2.623047 2.626953 2.630859 2.634766 2.634766 2.634766 2.634766 2.634766 2.626953 2.626953 2.623047 2.619141 2.615234 2.611328 2.611328 2.607422 2.611328 2.611328 2.611328 2.611328 2.607422 2.607422 2.607422 2.607422 2.607422 2.615234 2.626953 2.642578 2.646484 2.654297 2.662109 2.654297 2.646484 2.646484 2.658203 2.673828 2.681641 2.681641 2.673828
