py_wake/examples/data/AJ_ParqueFicticio/Rough survey   Sector 12   Height 200m   Orographic turn.grd
DSAA
73  159
 258469   265669
 6501692   6517492
-15.16757   14.57971
[rows 54 to 80 of 159, columns 0 to 60 of 73]
-1.109522 -1.121092 -1.09995 -1.132823 -1.16243 -1.173692 -1.145173 -1.126755 -1.090875 -1.019068 -.969798 -.9083613 -.8827986 -.8388206 -.847777 -.854065 -.7785403 -.7465481 -.7591856 -.7861414 -.7627846 -.7687216 -.8080317 -.7322046 -.7095206 -.7366223 -.7473315 -.819214 -.9838037 -1.129744 -1.049244 -.765972 -.3348923 -.08117317 .1004349 .4414236 .9581704 1.638032 2.351725 2.658878 2.848302 3.066365 3.400094 3.595259 3.414004 2.885221 2.260889 1.546361 .4365846 -.8740954 -2.283936 -3.328552 -3.547508 -3.277689 -3.550728 -4.612128 -5.513921 -5.52065 -4.582119 -3.485817 -3.24864
-1.097133 -1.097171 -1.115587 -1.151103 -1.200468 -1.19172 -1.136668 -1.103884 -1.068645 -1.023823 -.9848929 -.9283611 -.9276069 -.870627 -.8112855 -.8164178 -.7744122 -.7603667 -.7859473 -.8495895 -.8063481 -.7390596 -.7543501 -.719941 -.6786661 -.7071471 -.7003868 -.716858 -.8395468 -.9595556 -.8622202 -.3955393 .154778 .48769 .6979248 .8844721 1.363584 2.112647 2.993616 3.392319 3.400972 3.530229 3.673514 3.767347 3.576455 2.916871 2.335547 1.589033 .4142711 -1.032141 -2.583707 -3.626992 -3.807045 -3.446861 -3.467712 -4.4352 -5.527361 -5.712722 -4.833258 -3.658362 -3.016494
-1.090069 -1.10405 -1.166569 -1.175529 -1.211426 -1.138868 -1.125029 -1.105422 -1.107072 -1.043722 -.9970845 -.9304548 -.9427416 -.9311458 -.8114944 -.7882627 -.7679557 -.7515931 -.7603118 -.8196402 -.7464172 -.6775769 -.6650758 -.6711271 -.6368388 -.6719497 -.6205764 -.5329323 -.5455469 -.6397935 -.5458931 -.0368695 .6013646 1.045594 1.207147 1.262635 1.54038 2.281032 3.25839 3.756902 3.764114 3.737699 3.790922 3.666915 3.33895 2.759713 2.192168 1.500716 .3878283 -1.094373 -2.55852 -3.581565 -3.841265 -3.485178 -3.363443 -4.298933 -5.443007 -5.804256 -5.110959 -3.901864 -3.051906
-1.057793 -1.171324 -1.223566 -1.184147 -1.21687 -1.155392 -1.133374 -1.143624 -1.120529 -1.064218 -1.002832 -.940738 -.895612 -.9204935 -.8371943 -.7872877 -.7649441 -.7651198 -.7675962 -.8037945 -.7262064 -.6630557 -.6431086 -.6103737 -.5902934 -.6009531 -.5608879 -.3964599 -.2259953 -.3630948 -.379109 .0562066 .6965025 1.180948 1.3444 1.366066 1.497876 2.158174 3.031547 3.649549 3.774393 3.664015 3.439568 3.164394 2.76164 2.175966 1.677729 1.178212 .2857376 -1.025549 -2.425783 -3.452205 -3.754061 -3.403868 -3.180475 -3.968222 -5.1741 -5.707138 -5.231612 -4.101563 -3.136499
-1.162355 -1.301049 -1.304507 -1.236465 -1.228296 -1.226875 -1.180283 -1.191669 -1.161178 -1.104766 -1.023747 -.9515508 -.9408423 -.9788287 -.902091 -.8219593 -.7955491 -.7812909 -.7719904 -.7866815 -.7324428 -.6621563 -.6239644 -.5371175 -.5589355 -.5552201 -.5124477 -.4267329 -.3222416 -.4089815 -.5498793 -.183768 .3901228 .8729494 1.108777 1.116936 1.151364 1.756825 2.58505 3.221553 3.447639 3.355784 3.022192 2.532734 1.983887 1.437675 .9738287 .5533543 -.1024649 -1.052925 -2.29224 -3.330132 -3.667968 -3.338222 -3.085113 -3.781597 -4.959622 -5.590781 -5.264772 -4.228272 -3.148796
-1.235631 -1.315368 -1.416077 -1.378533 -1.257889 -1.232914 -1.218875 -1.2311 -1.213665 -1.144665 -1.074747 -1.023667 -.9613345 -1.001369 -.9619792 -.883208 -.8167009 -.8101613 -.7871667 -.8006138 -.7375619 -.6589445 -.6036292 -.5530208 -.5257767 -.5426063 -.5919358 -.6311187 -.6662894 -.8356866 -.9065034 -.6696253 -.1821192 .3778409 .5729065 .6780052 .8300989 1.264192 2.046658 2.699427 2.965014 2.937583 2.644876 2.032438 1.275678 .7305042 .3153721 -.08580811 -.4922958 -1.195041 -2.155267 -3.113261 -3.597363 -3.358794 -3.042199 -3.601909 -4.755037 -5.447477 -5.251956 -4.3465 -3.266122
-1.176838 -1.272597 -1.409253 -1.426034 -1.285197 -1.193261 -1.193779 -1.266876 -1.248479 -1.196069 -1.148858 -1.08923 -1.03573 -1.030117 -.9772402 -.8992129 -.8174782 -.7988986 -.7949083 -.8050545 -.7860965 -.691158 -.6288384 -.5355703 -.4907586 -.502292 -.6092579 -.7376056 -.8993153 -1.102621 -1.167092 -.9697244 -.6013978 -.1416008 .1630823 .2948027 .4633038 .8600883 1.446149 2.072638 2.380832 2.379834 2.154519 1.607368 .8347831 .264032 -.1968253 -.5569241 -.9330352 -1.348166 -2.047764 -2.814586 -3.359131 -3.302656 -2.98505 -3.392221 -4.494537 -5.223973 -5.187366 -4.47669 -3.495306
-1.16712 -1.322393 -1.385677 -1.418095 -1.387827 -1.284214 -1.250789 -1.279676 -1.299244 -1.246645 -1.198929 -1.160948 -1.084149 -1.020513 -.9563227 -.8874336 -.8053439 -.7948518 -.8286642 -.8201571 -.8312939 -.7149701 -.6383911 -.5376581 -.459523 -.4721203 -.5647591 -.7368955 -.8839068 -1.076245 -1.184779 -1.02413 -.7361386 -.3470755 -.1623672 -.07159097 .1279397 .4847942 1.011087 1.470903 1.791125 2.006519 1.903811 1.309014 .5283958 -.06082841 -.5409276 -.9936152 -1.426112 -1.702063 -2.046723 -2.58447 -3.064665 -3.101519 -2.899184 -3.190397 -4.187882 -5.038976 -5.148844 -4.624685 -3.882285
-1.188761 -1.325183 -1.358655 -1.395585 -1.370989 -1.341027 -1.267313 -1.273584 -1.272708 -1.256065 -1.230514 -1.183965 -1.098338 -1.013406 -.964926 -.9009236 -.8267627 -.8302003 -.8602174 -.8453066 -.8813036 -.8091433 -.6820101 -.5421804 -.4449889 -.4032243 -.4736064 -.6569493 -.8993134 -1.158372 -1.168887 -.9858394 -.7038001 -.5423391 -.4266817 -.3486027 -.1785325 .1518152 .6327996 1.043159 1.413176 1.738868 1.694995 1.190934 .2990291 -.2919479 -.768484 -1.244075 -1.849623 -2.128481 -2.151029 -2.351384 -2.724133 -2.820648 -2.759747 -3.025043 -3.931767 -4.858365 -5.185184 -4.86524 -4.290426
-1.199479 -1.346534 -1.397801 -1.389632 -1.359003 -1.331767 -1.295259 -1.322802 -1.308071 -1.276473 -1.257389 -1.161849 -1.107741 -1.064904 -1.003075 -.9707376 -.9070638 -.9090499 -.8962665 -.9029394 -.9680523 -.9448407 -.8040583 -.628669 -.5034411 -.4650406 -.4353207 -.6220134 -.9299273 -1.240436 -1.30537 -1.136393 -.9181673 -.7854726 -.7077428 -.6186128 -.491366 -.1577923 .2675503 .6784223 1.096681 1.3636 1.390613 .9540372 .2190705 -.4721889 -.9041294 -1.484224 -2.082144 -2.549108 -2.588621 -2.378018 -2.397467 -2.546736 -2.729918 -3.077637 -3.958196 -4.94521 -5.413271 -5.292565 -4.820955
-1.212446 -1.375982 -1.411857 -1.424373 -1.414132 -1.394097 -1.39655 -1.423212 -1.364554 -1.290007 -1.273729 -1.215564 -1.147388 -1.119008 -1.067027 -1.027912 -.9535012 -.9284222 -.9293913 -.9760592 -1.023142 -1.061368 -.9667698 -.7861274 -.6607779 -.542748 -.5859877 -.7843127 -1.105047 -1.431038 -1.542984 -1.395719 -1.181988 -1.065566 -1.042424 -1.020903 -.9252734 -.5769866 -.1497507 .3090687 .6382227 .9312678 1.00436 .7263656 .09197792 -.4892861 -1.009104 -1.651509 -2.200527 -2.625692 -2.885319 -2.657216 -2.375688 -2.337665 -2.56435 -3.111799 -4.07355 -5.175775 -5.87845 -5.909645 -5.637723
-1.198687 -1.376647 -1.426266 -1.458686 -1.477006 -1.482226 -1.492649 -1.527224 -1.436996 -1.310571 -1.296145 -1.256087 -1.19925 -1.181034 -1.121457 -1.070075 -.979592 -.9675891 -.9445723 -.9767568 -1.04874 -1.126454 -1.09877 -.9316487 -.8513234 -.8030808 -.8855467 -1.096589 -1.386119 -1.660063 -1.81112 -1.673529 -1.54759 -1.583904 -1.601574 -1.592419 -1.465374 -1.087613 -.6200657 -.2897686 .09701271 .4907303 .7051167 .5882889 .1303081 -.4232294 -.9756461 -1.589378 -2.056149 -2.507755 -2.964953 -3.020596 -2.580348 -2.197696 -2.332594 -2.906768 -3.92069 -4.97027 -5.849916 -6.297258 -6.06453
-1.206688 -1.36586 -1.444277 -1.504553 -1.551161 -1.595822 -1.591061 -1.581091 -1.464048 -1.335592 -1.30485 -1.274531 -1.230278 -1.201824 -1.178074 -1.083386 -.996202 -.9647878 -.924737 -.930728 -1.034764 -1.149308 -1.132373 -1.10778 -1.147621 -1.161424 -1.239872 -1.423174 -1.702447 -1.903526 -2.007968 -1.912472 -1.856257 -2.044495 -2.122484 -2.119641 -1.998855 -1.548159 -1.124002 -.8057376 -.3863429 -.0051185 .3143931 .3713289 .1921382 -.2054354 -.8252306 -1.472244 -1.872612 -2.221561 -2.818192 -3.151266 -2.790319 -2.15032 -1.897983 -2.418151 -3.388784 -4.486399 -5.278761 -5.821778 -5.826101
-1.259366 -1.34799 -1.440747 -1.544465 -1.605542 -1.689055 -1.688906 -1.64024 -1.542611 -1.450389 -1.380329 -1.327015 -1.290137 -1.25053 -1.18751 -1.13169 -1.050836 -.9646259 -.8820006 -.9247601 -1.009177 -1.140017 -1.250049 -1.328244 -1.422541 -1.493752 -1.551227 -1.794541 -2.021572 -2.174548 -2.215202 -2.110661 -2.049802 -2.326922 -2.465108 -2.43846 -2.364187 -2.058671 -1.594076 -1.200134 -.779743 -.4583728 -.1171579 .09344084 .08281495 -.1383297 -.6490862 -1.300614 -1.73557 -2.011708 -2.588916 -3.073393 -2.906703 -2.282925 -1.715094 -1.796689 -2.642617 -3.764099 -4.673735 -5.160705 -5.295994
-1.293091 -1.346978 -1.420959 -1.550762 -1.68307 -1.771543 -1.772059 -1.720517 -1.648447 -1.5653 -1.480881 -1.421087 -1.340934 -1.303772 -1.254997 -1.207214 -1.109972 -.989049 -.9196475 -.9441217 -1.013645 -1.17195 -1.384203 -1.50723 -1.62397 -1.704243 -1.848023 -2.083336 -2.321971 -2.518968 -2.505606 -2.320287 -2.231086 -2.419014 -2.639023 -2.573653 -2.524298 -2.309011 -1.880297 -1.550283 -1.125327 -.6601986 -.2987919 -.09660891 .03201438 -.1319976 -.6556591 -1.348055 -1.87686 -2.150637 -2.626523 -3.058597 -3.022081 -2.551232 -1.913583 -1.616083 -2.099074 -3.119241 -4.061862 -4.720286 -4.977383
-1.390088 -1.35132 -1.406263 -1.557637 -1.733228 -1.868992 -1.81876 -1.838788 -1.773857 -1.7162 -1.630709 -1.523354 -1.388653 -1.340516 -1.317601 -1.251863 -1.157838 -1.000976 -.9521573 -.9677499 -1.041519 -1.199937 -1.426685 -1.602605 -1.742725 -1.863655 -2.021569 -2.304885 -2.595327 -2.818768 -2.814299 -2.591709 -2.378632 -2.429208 -2.605642 -2.54863 -2.467206 -2.259986 -1.935326 -1.636633 -1.184842 -.8366109 -.5528334 -.3531381 -.1307286 -.06909134 -.5343766 -1.345479 -2.051442 -2.442867 -2.920337 -3.413326 -3.474224 -3.116649 -2.441494 -1.807374 -1.733739 -2.571969 -3.556394 -4.230061 -4.569145
-1.54687 -1.437458 -1.404687 -1.581793 -1.768982 -1.906852 -1.898834 -1.929676 -1.915199 -1.854433 -1.781412 -1.643849 -1.465751 -1.391019 -1.312912 -1.243669 -1.118341 -1.041306 -1.019224 -1.020756 -1.090114 -1.161871 -1.412763 -1.635331 -1.81428 -1.969317 -2.252933 -2.504697 -2.799905 -3.068111 -3.083441 -2.865715 -2.503015 -2.347561 -2.370992 -2.367653 -2.250421 -2.078583 -1.798845 -1.61546 -1.325448 -.9590628 -.7679929 -.5288273 -.3798163 -.2016913 -.5253769 -1.252955 -2.012142 -2.712804 -3.390879 -4.003849 -4.241287 -3.842323 -2.810619 -1.852324 -1.521293 -2.039073 -2.907417 -3.605358 -4.013779
-1.67726 -1.572852 -1.485635 -1.566368 -1.706278 -1.882505 -1.955618 -2.025548 -2.059767 -2.011063 -1.8991 -1.721215 -1.517103 -1.396096 -1.307739 -1.2705 -1.254639 -1.212309 -1.161828 -1.113186 -1.110071 -1.193225 -1.433194 -1.691056 -1.914719 -2.129942 -2.41431 -2.708996 -3.078817 -3.344754 -3.282465 -2.893273 -2.437879 -2.187703 -2.12348 -2.041329 -1.915836 -1.743861 -1.678431 -1.517511 -1.467195 -1.204535 -.9365662 -.729367 -.5596211 -.4023893 -.4890245 -1.010187 -1.757932 -2.589244 -3.396686 -4.076427 -4.317303 -3.823123 -2.71171 -1.504602 -1.007759 -1.42405 -2.161013 -2.799083 -3.234356
-1.712871 -1.592028 -1.516415 -1.558599 -1.700865 -1.8576 -1.995402 -2.100059 -2.158659 -2.114555 -1.968214 -1.811404 -1.666793 -1.54504 -1.430844 -1.432351 -1.466065 -1.435852 -1.37532 -1.273066 -1.205886 -1.320248 -1.510265 -1.80183 -2.052221 -2.259978 -2.559074 -2.906735 -3.313341 -3.473849 -3.381905 -2.941245 -2.427127 -2.065375 -1.946072 -1.822278 -1.663498 -1.576637 -1.546105 -1.551265 -1.558071 -1.35083 -1.133449 -.9239898 -.7542937 -.5705583 -.5664746 -.8289546 -1.478451 -2.162425 -2.765925 -3.245659 -3.504493 -3.308989 -2.319834 -.9670842 -.3413887 -.7480631 -1.387364 -2.024148 -2.450552
-1.685552 -1.608047 -1.58561 -1.709098 -1.793704 -1.886034 -1.989966 -2.147443 -2.268621 -2.229688 -2.114226 -1.994189 -1.903981 -1.800084 -1.694298 -1.610243 -1.68722 -1.677688 -1.606629 -1.502438 -1.438567 -1.549424 -1.717334 -1.993249 -2.236144 -2.428547 -2.681612 -3.051831 -3.43446 -3.616576 -3.434551 -3.02243 -2.525288 -2.086811 -1.885618 -1.774657 -1.615789 -1.507267 -1.46356 -1.46821 -1.464976 -1.387025 -1.293435 -1.179094 -1.00168 -.9044961 -.7331649 -.9529786 -1.364693 -1.847075 -2.324731 -2.674061 -2.882194 -2.842056 -2.107433 -.8530892 -.05177344 -.2460077 -.7503142 -1.34558 -1.740703
-1.742034 -1.708992 -1.712726 -1.837273 -1.958276 -1.906141 -1.939483 -2.161698 -2.364164 -2.362499 -2.291633 -2.190923 -2.137739 -2.086664 -1.921572 -1.814068 -1.873001 -1.874796 -1.845773 -1.77645 -1.721028 -1.802349 -1.952945 -2.203741 -2.406569 -2.609643 -2.812811 -3.162311 -3.566814 -3.780373 -3.60871 -3.15769 -2.630179 -2.235004 -1.996721 -1.80679 -1.648514 -1.52322 -1.511135 -1.563671 -1.562989 -1.554946 -1.554969 -1.533712 -1.515762 -1.443114 -1.276613 -1.385858 -1.630544 -2.023057 -2.360676 -2.623337 -2.81758 -2.874489 -2.34903 -1.367406 -.4985086 -.2302198 -.492267 -.9544168 -1.354508
-1.878633 -1.849902 -1.838588 -1.949066 -2.069926 -2.018878 -1.992252 -2.192677 -2.427151 -2.481404 -2.436062 -2.392911 -2.345497 -2.349366 -2.213761 -2.027348 -2.021682 -2.017928 -2.01337 -2.025766 -1.964131 -2.068163 -2.230781 -2.426775 -2.632172 -2.826128 -3.029265 -3.441342 -3.902145 -4.231912 -4.071395 -3.5233 -2.976317 -2.509112 -2.150618 -1.85493 -1.698392 -1.62414 -1.692348 -1.832478 -1.980729 -2.063358 -2.147718 -2.375636 -2.325634 -2.342744 -2.226918 -2.059908 -2.066887 -2.226959 -2.533581 -2.855813 -3.208867 -3.341856 -3.082878 -2.367401 -1.364977 -.7601338 -.6712196 -.9129007 -1.313713
-2.027516 -1.987805 -1.977405 -2.027949 -2.170936 -2.169421 -2.180351 -2.320688 -2.533846 -2.616949 -2.602293 -2.572242 -2.529309 -2.549717 -2.437606 -2.26377 -2.194467 -2.165519 -2.135305 -2.164879 -2.226336 -2.351912 -2.470753 -2.667608 -2.891427 -3.118909 -3.387418 -3.870392 -4.379622 -4.710895 -4.495395 -3.953573 -3.282233 -2.709122 -2.273052 -1.96901 -1.86068 -1.879548 -1.91181 -2.158618 -2.337878 -2.470869 -2.830884 -3.024381 -3.115027 -2.982118 -2.741448 -2.381045 -2.191689 -2.158251 -2.437441 -2.866764 -3.368337 -3.753933 -3.665089 -2.915411 -1.984172 -1.183146 -.7969021 -.9551068 -1.217312
-2.160095 -2.15969 -2.14075 -2.163643 -2.324717 -2.451692 -2.478826 -2.56807 -2.684231 -2.750605 -2.762192 -2.755663 -2.737666 -2.722927 -2.640863 -2.547369 -2.452918 -2.362949 -2.303652 -2.356764 -2.406272 -2.517792 -2.693539 -2.860392 -3.063916 -3.385381 -3.758832 -4.293987 -4.820632 -5.045612 -4.660435 -4.113662 -3.37185 -2.829958 -2.453655 -2.22161 -2.177396 -2.186406 -2.232857 -2.4764 -2.659626 -2.837085 -3.053128 -3.128903 -2.955097 -2.574107 -2.345026 -1.996555 -1.701632 -1.708892 -1.977414 -2.457195 -2.96163 -3.186224 -3.009722 -2.449961 -1.804018 -.9879337 -.4236163 -.2560686 -.5073992
-2.313689 -2.328567 -2.322231 -2.39512 -2.569077 -2.696033 -2.767941 -2.855027 -2.882543 -2.915341 -2.92292 -2.890759 -2.916507 -2.889513 -2.851889 -2.815702 -2.728158 -2.630482 -2.542897 -2.55011 -2.557647 -2.709009 -2.895329 -3.054061 -3.221368 -3.526867 -3.931139 -4.471979 -4.887649 -4.924438 -4.60386 -3.988084 -3.264397 -2.843618 -2.519612 -2.312419 -2.251705 -2.335495 -2.389591 -2.572983 -2.802016 -2.978186 -3.014452 -2.822153 -2.364779 -1.951059 -1.560328 -1.331545 -1.229673 -1.210312 -1.390143 -1.743896 -2.0247 -2.090324 -1.792089 -1.345056 -.7067284 -.03092903 .4646583 .7106472 .681923
-2.475361 -2.542687 -2.548136 -2.611295 -2.750504 -2.915875 -3.045862 -3.097911 -3.078212 -3.100575 -3.100365 -3.092832 -3.121191 -3.122071 -3.105208 -3.029058 -2.950265 -2.873903 -2.771792 -2.762975 -2.782765 -2.947105 -3.106416 -3.272183 -3.375335 -3.586324 -3.956288 -4.446237 -4.779599 -4.841459 -4.488301 -3.874951 -3.230221 -2.814355 -2.56082 -2.398691 -2.397144 -2.43343 -2.497665 -2.65392 -2.773114 -2.771893 -2.523878 -2.217875 -1.730074 -1.371536 -1.061408 -.8362059 -.7406913 -.6501672 -.6275995 -.7311481 -.829825 -.8437195 -.7119421 -.3342318 .183776 .7312768 1.213515 1.465426 1.45994
-2.640675 -2.742652 -2.777083 -2.768781 -2.915948 -3.074751 -3.231988 -3.272175 -3.341695 -3.384046 -3.384535 -3.330948 -3.392792 -3.359535 -3.274813 -3.197404 -3.129042 -3.025657 -2.98226 -2.980632 -2.987131 -3.179281 -3.30955 -3.445179 -3.498121 -3.662432 -3.965178 -4.41855 -4.75896 -4.841741 -4.487204 -3.876053 -3.269853 -2.887197 -2.729206 -2.537779 -2.568168 -2.5049 -2.600127 -2.674859 -2.600491 -2.259039 -1.786024 -1.429412 -1.177659 -.87815 -.6252164 -.3683234 -.2298976 -.04175133 .08468317 .1740228 .1266407 .04495525 .03142691 .1918047 .5781029 1.019289 1.465634 1.771217 1.883564
