py_wake/examples/data/AJ_ParqueFicticio/Rough survey   Sector 11   Height 30m   Orographic turn.grd
DSAA
73  159
 258469   265669
 6501692   6517492
-41.70031   86.05137
[rows 81 to 107 of 159, columns 0 to 60 of 73]
-.5378664 -.3907633 .1942584 .02298431 -.8542706 -1.766644 -2.345748 -2.599319 -2.987577 -3.374978 -3.910326 -3.821048 -3.076145 -3.575771 -3.299718 -1.800431 -1.185653 -1.451533 -1.922224 -1.859315 -2.983902 -4.472136 -5.43403 -6.180224 -5.85735 -7.025196 -8.797105 -11.8902 -14.79532 -15.6759 -13.81983 -12.27887 -11.25473 -11.44405 -11.42366 -11.01164 -10.15336 -6.59996 -5.817241 -5.889685 -7.037493 -8.599275 -8.606796 -7.707887 -6.805682 -4.583182 -1.534541 .3917874 1.464621 2.328454 2.568033 2.162522 .9466304 -.9037026 -2.469211 -3.789346 -.9742656 .434063 3.458558 6.912086 8.205987
-.7410296 -.4170108 -.4101847 -.4518154 -.9680188 -1.737715 -2.660243 -2.800689 -3.106884 -3.504087 -4.009874 -3.213039 -3.921628 -4.365386 -4.576477 -4.303677 -2.589872 -2.881116 -2.674342 -2.524584 -3.539814 -4.125854 -5.271846 -5.59159 -7.095299 -9.071851 -12.93652 -16.33962 -17.52454 -16.49026 -12.94433 -11.37548 -11.13697 -11.8734 -11.87673 -10.09006 -8.627303 -5.548634 -5.701979 -7.530346 -10.83487 -11.73081 -10.92905 -9.459865 -7.927564 -5.434412 -1.742221 .1681197 1.324314 2.093911 1.961893 1.108442 -.1790339 -1.714713 -3.547173 -3.829348 -1.363984 .2703642 3.03273 6.579613 8.473749
-1.151401 -.7545558 -.8098631 -.9482006 -1.298351 -1.767473 -2.6042 -2.984041 -3.357986 -3.937633 -3.698847 -3.732398 -4.416496 -4.845447 -5.42896 -5.818927 -5.504717 -5.266088 -4.04143 -4.014561 -4.387426 -4.398055 -4.634875 -5.062892 -6.137174 -10.10145 -14.84548 -18.45337 -19.03979 -16.54771 -12.63102 -9.861931 -9.828012 -8.81735 -9.389707 -6.665493 -4.256546 -3.522696 -5.889775 -9.292202 -11.666 -11.81062 -12.56176 -10.82949 -9.816284 -7.817997 -4.045626 -2.493634 -1.219449 1.488301 1.525667 .6077046 -.792926 -2.530783 -4.503352 -3.942178 -1.948349 -.3908685 2.595964 5.938986 8.819649
-.06154846 -.5815858 -.8054104 -1.05763 -1.253648 -1.883648 -2.651153 -3.26059 -3.786586 -4.002127 -4.216085 -4.735885 -5.234122 -4.972799 -5.337784 -5.412491 -6.870452 -7.239379 -5.952746 -6.479771 -5.776627 -5.368816 -4.766898 -4.641798 -5.295086 -8.934162 -14.18944 -17.90047 -19.25077 -16.91662 -13.32346 -10.41685 -9.191965 -9.037008 -9.335585 -3.278727 -1.994967 -1.692777 -4.165663 -9.845953 -12.26756 -13.14514 -12.96157 -12.51975 -11.42557 -10.56288 -9.563848 -8.931965 -6.627206 -.2615664 2.176371 .5637676 -.9734083 -2.246143 -3.871482 -3.52443 -2.768051 -.3584091 2.805937 5.37985 9.678229
-.5299132 -.8802012 -.9706724 -1.036922 -1.341088 -2.102273 -2.703437 -3.321972 -3.563998 -4.066563 -4.706943 -5.230843 -5.849638 -5.495891 -5.63868 -6.195305 -7.338091 -7.474423 -7.691229 -8.381056 -7.59165 -7.877491 -6.867702 -6.081704 -6.642521 -10.26613 -14.31411 -18.23258 -19.4003 -17.31144 -15.6019 -12.48745 -11.40447 -9.646648 -8.245817 -3.485989 -2.143627 -2.440903 -6.337118 -9.414679 -10.88375 -11.44158 -11.48511 -10.25651 -11.8104 -10.51992 -10.62372 -12.7873 -10.88888 -7.780949 -3.169146 -.216631 -.9341961 -1.514125 -1.92434 -2.067106 .1650509 2.421139 4.301999 6.865099 11.07635
-1.231602 -1.094796 -.8871793 -1.047169 -1.636335 -2.227152 -2.986636 -3.05912 -3.409023 -4.173892 -4.804838 -4.599417 -4.814712 -5.181652 -5.668244 -6.543392 -6.349258 -6.73936 -8.579369 -9.190829 -10.19308 -10.46383 -11.12845 -10.73651 -11.68379 -13.53218 -16.57844 -19.23086 -20.96621 -19.89009 -18.65926 -16.09786 -12.96655 -10.04787 -8.075221 -4.526181 -2.287699 -4.862452 -9.84649 -9.903048 -10.07914 -9.696981 -9.588695 -8.124685 -7.878199 -6.61169 -6.334442 -8.453183 -7.903799 -5.879591 -4.775419 -3.329323 -1.475024 -1.458261 -1.238547 -1.41663 1.948853 4.527822 7.343031 9.251537 14.47096
-1.069644 -.9592443 -.6992214 -1.510381 -2.053684 -2.444144 -3.035053 -2.946805 -3.246274 -4.062552 -4.194455 -4.517075 -4.982516 -6.145306 -6.779138 -6.914651 -6.571656 -7.172674 -7.73602 -8.596889 -10.73391 -12.19078 -14.42439 -16.56964 -17.57051 -17.7239 -19.34909 -20.7721 -22.2387 -23.84926 -20.44718 -18.23447 -14.23781 -10.04349 -6.058944 -1.390667 -.9533964 -7.69101 -10.21289 -10.68844 -10.87871 -10.33935 -9.507375 -7.497583 -6.176519 -5.291414 -4.731966 -4.630041 -4.262465 -2.901204 -3.93089 -5.950753 -3.393075 -.4844785 -.942567 -1.441279 2.380686 6.054938 9.231647 11.50408 19.67908
-.9178715 -.8632823 -.995355 -1.912372 -2.505439 -2.968728 -3.375141 -3.278411 -3.708596 -4.107057 -4.265406 -4.825313 -5.128572 -5.769055 -7.137006 -7.696757 -7.161338 -7.966682 -7.960609 -8.687492 -9.913583 -12.04503 -14.41815 -18.70276 -22.23387 -21.47429 -20.12701 -21.28655 -22.45274 -22.30625 -21.46095 -16.30756 -14.49113 -10.43311 -5.65833 -.3361097 -.4115182 -5.994489 -9.263669 -10.71029 -11.2268 -11.23216 -10.70022 -8.806119 -7.573545 -6.566719 -7.377437 -7.460534 -4.46188 -2.993933 -5.182364 -10.94405 -9.339402 -4.079846 -1.078699 -.7907719 1.302202 6.81213 10.16673 13.01051 25.08147
-.8520879 -.6475843 -1.30155 -1.775082 -2.592703 -2.893678 -3.909781 -4.284661 -4.759057 -4.494238 -4.890116 -4.576754 -4.984865 -5.896337 -7.015158 -8.025185 -8.728992 -8.661228 -8.784059 -8.706381 -9.084371 -10.30761 -12.73775 -16.48636 -21.25632 -22.87887 -21.72709 -21.29346 -21.13078 -20.76383 -17.95831 -14.99134 -13.16951 -10.23315 -4.256085 -1.77994 -2.284447 -6.517485 -8.049189 -10.12011 -11.188 -11.31497 -10.44487 -8.351098 -7.860119 -9.144213 -10.94836 -10.53203 -6.615992 -6.420495 -10.35308 -16.95192 -21.99109 -15.43485 -7.203072 -3.531654 -.5672475 5.368111 9.552886 12.16751 26.0563
.2746562 -.3635928 -1.366987 -1.637379 -2.18954 -2.936211 -3.927634 -4.052317 -5.23431 -5.294099 -5.716475 -5.025362 -5.415136 -6.02531 -6.701638 -7.761608 -9.11038 -9.84274 -10.54216 -9.267757 -8.749491 -9.317543 -11.01311 -14.3277 -17.53862 -20.42156 -21.26262 -21.62038 -20.72365 -18.57594 -15.06122 -13.03151 -10.94006 -6.983784 -2.474042 -4.082501 -4.806716 -5.219832 -7.3517 -8.922719 -10.43719 -11.10857 -8.056343 -6.540562 -6.136936 -8.677656 -6.348942 -6.717969 -3.059845 -3.032023 -6.846269 -14.96286 -16.85915 -23.86585 -20.17314 -11.45292 -4.213757 -1.190864 4.279369 9.570403 23.20685
.1398823 -.2720439 -.715081 -.9328954 -1.508065 -2.678235 -3.402016 -4.310267 -5.06687 -5.629658 -5.906263 -5.680684 -5.485149 -5.927928 -6.345386 -6.776283 -7.736439 -9.633805 -12.11097 -12.33929 -9.705246 -9.062585 -10.87537 -14.28844 -16.58806 -17.8056 -19.88631 -21.64849 -20.46693 -16.58463 -11.70706 -9.419024 -7.985662 -1.249906 1.60817 -3.705944 -5.937153 -5.174686 -7.015526 -8.842329 -9.838764 -8.802616 -6.14226 -3.986857 -4.073028 -3.455493 -2.668243 1.598568 3.664497 2.506428 -.851177 -3.67828 -5.281582 -10.59174 -17.52143 -15.53718 -8.234292 -4.181865 -1.883301 6.910827 23.04516
.76638 .2479105 -.4201843 -.7884396 -1.093891 -2.168378 -3.278486 -3.741675 -4.527501 -5.537576 -6.053037 -5.728509 -5.879202 -5.659476 -5.67589 -5.541777 -6.04047 -8.115708 -12.25767 -15.55125 -12.92228 -10.14586 -11.83451 -14.86797 -17.03418 -17.31106 -19.38646 -21.07651 -19.04659 -14.36421 -9.363893 -6.015604 -3.922036 3.085407 .7992949 -5.001911 -5.47495 -4.80923 -6.655673 -9.334716 -8.148215 -6.790813 -4.026383 -2.783666 -2.783858 -1.728509 .1045128 4.49194 5.851316 5.488232 2.594529 .8564866 2.660216 1.405406 .5622827 -.6835885 -2.360431 -1.519583 2.517664 6.715452 29.8589
.8965163 .287041 -.1236766 -.2449354 -.7199218 -1.962881 -2.86289 -3.552659 -4.181936 -4.918429 -5.740015 -6.027924 -5.940661 -6.234534 -5.321084 -4.30645 -3.97087 -6.618294 -10.89957 -14.7024 -17.07332 -13.10782 -13.45959 -15.71783 -17.54316 -17.83321 -19.09904 -18.91888 -16.71846 -12.54827 -8.639077 -5.737069 1.09289 7.515739 .1280857 -6.209621 -6.06147 -4.6808 -8.070278 -9.001159 -7.449546 -4.639288 -1.452649 -.2347443 -.9642482 .1485336 3.917012 5.328887 5.102782 4.056723 2.832794 3.104328 5.377798 6.588055 10.67573 11.14161 11.26015 7.379382 7.06444 11.48381 37.06174
1.289045 .8196035 .2993178 -.3455279 -.9218569 -1.697244 -2.696419 -3.41701 -4.192979 -4.768067 -5.2594 -5.803196 -6.713964 -6.900867 -6.273605 -4.583244 -3.046644 -5.347198 -9.411681 -12.41535 -16.3325 -16.88592 -16.0868 -17.33687 -17.94489 -18.22036 -18.26192 -17.81256 -14.73929 -9.66656 -6.913139 -4.12024 2.629221 6.307324 -.8637558 -6.034191 -5.172624 -3.004506 -5.981451 -9.192846 -6.145849 -3.353235 -.9749081 .08123596 .6720137 3.651528 4.458088 4.030418 3.260155 2.949849 1.621769 1.589851 5.720842 7.351554 11.08024 11.76762 10.95393 10.42675 10.13728 12.83016 31.5237
1.041763 .7285209 .3171391 -.3473409 -1.291541 -2.13033 -2.464634 -3.031811 -3.863141 -4.278977 -4.457923 -4.917471 -6.335711 -7.952563 -8.083137 -6.532997 -4.871939 -6.370977 -9.158039 -11.32809 -14.12419 -17.20865 -18.01633 -19.77974 -19.24057 -19.02452 -18.21079 -15.7649 -11.54427 -7.0926 -5.41496 -2.864488 2.102161 4.944775 -4.234741 -6.099464 -6.258847 -4.247219 -6.80913 -9.514749 -7.812582 -4.873972 -.9719027 1.5265 2.912677 4.64663 3.862005 5.190847 3.339315 2.632378 .8878748 .729452 5.27771 7.362365 9.786618 9.563351 10.84345 12.94231 12.63461 15.84186 26.02204
1.072539 .5770227 .4062017 -.04319765 -.7844512 -1.997555 -2.777989 -3.236579 -3.450846 -3.610065 -3.682044 -4.080003 -5.283925 -7.353134 -9.67083 -10.25543 -8.967715 -8.49563 -10.68973 -12.02204 -12.8087 -14.63642 -17.1095 -21.94315 -20.74428 -20.35599 -19.4877 -15.73595 -13.04505 -10.16181 -7.897262 -6.076653 -.2675516 4.70053 -3.103451 -4.966895 -4.983382 -4.407007 -4.540955 -8.707189 -5.500499 -4.010845 -.454005 2.124398 2.613386 3.872877 4.241432 4.487758 2.90971 2.847193 .1934977 -.9977432 .3943083 2.877256 6.368674 6.461619 9.834372 13.69344 14.75423 17.59204 24.29722
1.420031 .3147241 -.2199149 -.2622449 -.0986388 -1.335104 -2.954413 -3.343471 -3.098826 -3.090275 -3.257214 -3.454061 -3.866574 -6.004238 -9.352381 -12.93145 -12.96732 -11.81785 -14.0597 -14.85797 -14.24364 -14.52588 -17.15256 -20.8822 -21.46789 -21.45568 -17.17183 -14.64438 -15.86725 -15.58288 -14.69508 -10.7878 -4.339095 1.056235 -2.849787 -5.566127 -2.118853 -2.348932 -4.391583 -6.874857 -5.678733 -2.815477 -.3765402 .8877994 1.007994 .6808463 .895315 2.87972 2.094126 1.694943 -1.317192 -2.278413 -.5164252 -8.592309 -10.5752 -7.767938 -2.397934 3.899983 8.3195 15.67338 22.39038
1.983365 .2983648 -.8416197 -1.162522 -.3909161 -1.071664 -2.53215 -3.141548 -3.135416 -3.278309 -3.055748 -2.988236 -2.776786 -4.617148 -7.970095 -11.09276 -12.96972 -14.52958 -17.099 -17.29604 -15.95792 -15.36597 -18.94347 -21.62008 -20.23772 -16.11703 -11.62774 -13.21735 -15.86986 -15.3186 -13.55229 -10.07678 -4.108548 -.8149553 -4.511435 -9.714439 -6.807385 -.9957668 -1.486205 -4.487848 -5.275741 -2.647973 -.4609914 .2457912 -.4494746 -1.303966 -2.271184 -1.869581 -1.889594 -4.734699 -3.46252 -3.828033 -5.21964 -8.718002 -12.06044 -16.09636 -12.61634 -8.292048 -2.997203 8.681444 16.14757
2.564069 .3047664 -1.104261 -1.607049 -.9527739 -.6425014 -1.836347 -2.432284 -2.619462 -3.254297 -3.322227 -2.854488 -2.806464 -4.150918 -6.259958 -7.565256 -9.726991 -14.67866 -17.68187 -18.44528 -16.43788 -15.50681 -17.41464 -19.36907 -16.7401 -10.88988 -9.181606 -11.53374 -12.7887 -13.26696 -11.4795 -7.641883 .0784801 -2.469763 -10.73114 -13.78235 -10.58811 -5.323472 -3.298334 -4.157864 -4.320975 -3.119862 -3.053942 -1.577262 -3.154734 -.964206 -1.908154 -.5614492 -4.830144 -7.178144 -8.9484 -7.612622 -5.678387 -5.876791 -5.162895 -4.25187 -2.636751 -1.296232 1.347279 7.73849 15.68628
2.772338 1.090262 -.3202219 -1.181885 -1.426883 -.1483851 -.7659707 -1.480272 -1.54696 -2.447922 -3.421711 -3.000791 -3.663939 -5.474468 -6.487404 -5.882868 -6.920248 -11.74072 -16.28817 -17.3595 -16.26115 -16.09677 -16.4496 -13.5012 -10.17393 -9.793701 -11.64136 -14.63903 -13.94329 -11.8274 -8.920919 -4.775668 .5133887 -2.08325 -9.451183 -13.05824 -12.16531 -9.291628 -9.6625 -7.576189 -4.789782 -4.883472 -5.191093 -5.407061 -6.131844 -1.911012 .9433403 1.584041 -4.229007 -6.539664 -6.376546 -7.680368 -8.245208 -6.529045 -4.108853 -1.367457 3.307869 9.732282 17.05468 21.04928 28.29448
2.76121 2.227161 1.491646 .03171083 -.9447373 -.1917247 .6843877 -.3128608 .1066056 -.882725 -3.064929 -3.283824 -4.109975 -6.26278 -7.054997 -6.379601 -6.246116 -8.527899 -13.03304 -15.60532 -15.46055 -13.747 -11.71286 -8.30049 -9.318582 -9.536131 -12.443 -14.51057 -13.50758 -10.15927 -6.440747 -2.301915 1.341255 -1.633171 -7.521073 -8.43973 -8.891238 -6.16631 -8.665894 -7.594409 -6.893777 -6.656699 -7.262034 -10.61911 -7.659194 -1.316513 4.887074 5.39851 .8806954 -2.516454 -4.588381 -6.68362 -8.117308 -7.148787 -3.004877 .2307253 6.061174 10.86825 16.616 21.20934 34.50418
3.598706 3.240134 2.824785 1.03599 -.6360567 .4399881 2.698166 .7755933 1.834308 1.000147 -1.236969 -2.7172 -3.85199 -6.026459 -7.121133 -7.212831 -6.508295 -7.239463 -10.45091 -12.48818 -12.27475 -9.787739 -6.63955 -5.563697 -7.881495 -11.04343 -13.7149 -13.92345 -12.15645 -8.391837 -4.872694 -1.508885 .6174921 -2.390393 -5.808639 -5.311729 -4.91659 -3.138692 -3.726425 -4.285254 -7.050845 -8.317029 -7.549719 -6.570469 -3.810612 5.43813 10.40386 6.692692 2.351247 .01395108 -2.893128 -6.316153 -8.313753 -7.092031 -4.262554 -.0581742 5.233313 7.458087 12.30278 19.2408 40.85909
4.433624 4.696567 4.029217 1.650619 -.5025171 .4808612 3.374136 .5947118 1.583007 2.040632 -.3455131 -1.208174 -3.321588 -6.154414 -6.133632 -6.172505 -6.073317 -6.481752 -7.877039 -8.966926 -7.464265 -3.302269 -.9563933 -1.702757 -7.479976 -10.76709 -13.53853 -13.89721 -11.50403 -9.520562 -6.920543 -3.790894 -1.61535 -2.164657 -4.760808 -4.335231 -3.290689 -.005872867 .9311224 .5725055 -3.602598 -8.122481 -7.928925 -6.246046 .08596285 11.68396 14.72541 7.7871 2.843139 1.284606 -1.820222 -6.16897 -9.449697 -9.481947 -5.746579 -1.205534 2.312528 5.504565 10.07895 19.56534 47.15135
2.89188 4.668707 4.692888 2.302079 .175399 2.189056 3.686761 -.4633647 -.6031626 -.06097503 -1.624576 -2.656839 -4.581854 -6.908923 -6.105683 -4.514753 -3.08331 -3.671873 -4.961167 -4.209465 -1.403154 2.195291 4.440665 1.120165 -4.826758 -7.737615 -10.19926 -9.350838 -9.806087 -10.43251 -9.09991 -5.826494 -1.141155 -.1540022 -1.226288 -2.396313 1.10294 2.258656 1.678307 -.6648855 -4.963267 -8.041068 -8.5167 -6.343812 2.944283 5.351978 9.400714 8.405416 4.416708 2.067572 -.5382378 -4.927221 -7.673043 -7.221508 -3.826021 -2.733161 .7580705 6.965262 14.54589 22.85033 46.21975
-1.707284 .757396 2.301892 1.294505 .449757 2.073812 2.140341 -.9719505 -1.971635 -2.861232 -4.47129 -6.09133 -7.821926 -8.543059 -7.949288 -3.63973 -.8639317 -.08751862 -1.567303 -.8592492 2.988225 6.382955 8.966382 5.318831 -.06513088 -4.027975 -5.657495 -5.57198 -6.330292 -7.132024 -6.504071 -2.630879 1.771776 3.550776 2.381346 3.666565 7.018573 6.761749 2.891003 -2.015892 -7.225463 -10.57618 -10.17136 -4.166509 1.297071 1.528772 .6625851 7.058194 5.74916 3.069953 .6674432 -1.288388 -2.816102 .5162055 4.076436 4.945528 9.154761 16.41737 23.09997 28.53039 42.54095
-4.624466 -4.205769 -3.453713 -2.096494 -.5860536 1.026494 -.6595396 -3.104666 -3.091301 -4.348186 -6.600326 -9.680269 -11.54837 -10.84601 -9.237825 -5.220443 -.01100529 1.213688 .2684273 .8003399 3.004309 6.367515 9.173221 7.813772 4.150552 .6648904 -1.355315 -2.219469 -2.964828 -4.458341 -2.553568 1.771513 5.063658 5.580663 4.202384 8.653781 11.24211 7.12894 .698963 -5.23753 -9.531339 -10.06215 -8.662549 -4.166555 .9460372 .6553814 .01326603 4.705964 7.389997 2.256722 .1957963 .7068021 3.20353 8.540994 12.85591 13.47121 17.60976 24.22916 28.37965 31.01151 41.84819
-2.046166 -3.252864 -5.210699 -5.236933 -2.553524 -.4071397 -.6884211 -2.917967 -3.72183 -5.008026 -7.681592 -11.54645 -14.526 -14.56002 -12.3975 -7.063846 -1.918813 .162911 1.194916 .9121923 2.623718 5.054315 10.29108 9.526461 5.531113 4.224609 2.702862 .9395988 -.359524 -1.010109 2.076172 5.904475 7.966616 8.395399 8.982219 11.87638 12.76434 7.900672 .2401906 -5.839872 -9.392878 -9.532769 -8.331428 -4.170367 1.397699 1.722627 5.31479 10.497 10.03613 1.287659 -3.103743 -1.926146 1.32566 9.161244 15.41187 17.77555 22.42093 27.73761 30.64396 31.35079 41.23265
