py_wake/examples/data/AJ_ParqueFicticio/Rough survey   Sector 6   Height 200m   Orographic turn.grd
DSAA
73  159
 258469   265669
 6501692   6517492
-15.24533   14.5797
[rows 0 to 26 of 159, columns 0 to 60 of 73]
.02120056 .02829104 .01434124 -.03700018 -.07581376 -.1310917 -.1995781 -.2503227 -.2910188 -.3135293 -.3472634 -.3466369 -.3574021 -.3152782 -.2488097 -.2054989 -.138527 -.1263241 -.09566724 -.1469058 -.2673638 -.5582647 -.6953496 -.5397287 -.139331 .4796921 1.025894 1.102274 1.106041 1.198964 1.389354 1.485353 1.678256 1.71065 1.608705 1.320515 .7980033 .1618342 -.2340239 -.5262249 -.8353673 -1.205957 -1.542949 -1.839638 -1.928586 -1.970322 -1.956811 -2.003354 -2.030411 -2.100708 -2.156905 -2.187949 -2.220118 -2.260237 -2.197727 -2.131037 -2.072129 -1.93697 -1.79284 -1.581686 -1.337328
-.2531262 -.1384804 -.1016394 -.124884 -.1817178 -.2408209 -.2814883 -.3451869 -.3784005 -.4009964 -.4449324 -.4516552 -.445259 -.3995334 -.307225 -.2164042 -.1277647 -.05269636 .06173791 .1017395 .07083579 -.2058695 -.547178 -.6178807 -.217661 .4874643 1.236505 1.410638 1.355483 1.471788 1.57095 1.776489 2.013837 2.10127 2.080028 1.735064 1.133034 .3620531 -.1450977 -.4781525 -.8226147 -1.191332 -1.574156 -1.835499 -1.851881 -1.89454 -1.938949 -1.995745 -2.06231 -2.126931 -2.239766 -2.304462 -2.3826 -2.400675 -2.356096 -2.310378 -2.196822 -2.046308 -1.771155 -1.526066 -1.225168
-.5124648 -.3070216 -.2047939 -.2178081 -.3078918 -.3686409 -.4142234 -.4537788 -.4775662 -.4944154 -.5359372 -.5816235 -.5675965 -.5281931 -.4125479 -.2444209 -.1004349 .0320631 .2096232 .3279987 .3102788 .09511419 -.4166598 -.6571265 -.4156619 .4006347 1.191762 1.507812 1.548325 1.628923 1.737269 1.976038 2.204804 2.357131 2.420394 2.14079 1.486759 .5778759 -.02833283 -.462681 -.835068 -1.260181 -1.636916 -1.919631 -1.945825 -1.922275 -1.931695 -1.978279 -2.090175 -2.180568 -2.33196 -2.47074 -2.522429 -2.492308 -2.468192 -2.438808 -2.322823 -2.135281 -1.861664 -1.535995 -1.156639
-.8307636 -.5732285 -.4029059 -.3903353 -.4405983 -.490018 -.5553275 -.588745 -.6024124 -.6128182 -.6167964 -.6822011 -.7051643 -.6717479 -.5298244 -.2902176 -.09068911 .08745717 .2991964 .4878685 .4979054 .2765848 -.1883549 -.5375583 -.5096437 .1609841 .9412581 1.410634 1.541574 1.665737 1.799788 1.984093 2.194047 2.381349 2.450467 2.181113 1.627946 .7108058 -.06129689 -.5553426 -1.061734 -1.521873 -1.854501 -2.042899 -2.12101 -2.007042 -2.019825 -2.076478 -2.165349 -2.258126 -2.394295 -2.487405 -2.54997 -2.635756 -2.688187 -2.642983 -2.525491 -2.305009 -1.99226 -1.568516 -1.07434
-1.114834 -.888032 -.6773726 -.5934693 -.5598071 -.6417668 -.7103132 -.7522512 -.74988 -.7359134 -.7207881 -.7070016 -.7823728 -.7855118 -.6275343 -.3860301 -.1034587 .1475467 .3896201 .6374079 .6443371 .3829854 .01716226 -.3828919 -.507385 -.02093427 .617103 1.044573 1.287577 1.459139 1.643779 1.81928 1.91948 2.020163 1.975183 1.789744 1.26936 .4923269 -.3436707 -.9333728 -1.553065 -1.982371 -2.201186 -2.126236 -2.125122 -2.070719 -2.123633 -2.18335 -2.20109 -2.280286 -2.341368 -2.482901 -2.634462 -2.822156 -2.920161 -2.927196 -2.804061 -2.55288 -2.173006 -1.671593 -1.093114
-1.243383 -1.142277 -1.004664 -.840764 -.7236354 -.7721284 -.8626257 -.8664585 -.8359637 -.81788 -.8173214 -.7723872 -.8449216 -.8532004 -.7119753 -.5276467 -.1904538 .1743473 .5197127 .735264 .7040818 .488067 .1409125 -.2456512 -.4815403 -.2427741 .2174278 .6048666 .8715317 1.07011 1.221415 1.211406 1.079769 .9232281 .8932138 .8190396 .4816627 -.08361502 -.7324661 -1.366011 -1.940665 -2.409588 -2.461486 -2.274092 -2.265298 -2.364979 -2.397259 -2.365016 -2.284722 -2.280824 -2.400283 -2.598856 -2.840519 -3.095752 -3.301362 -3.366422 -3.241146 -2.948571 -2.512177 -1.915203 -1.225336
-1.24212 -1.222567 -1.21377 -1.158514 -1.000197 -.9085059 -.9029881 -.8694383 -.8373573 -.8243536 -.8398401 -.8322468 -.8519848 -.8565112 -.784105 -.6615233 -.3926348 .05952497 .4729701 .8004236 .811408 .559269 .2412176 -.1615134 -.5174076 -.4981788 -.216049 .1170688 .4034703 .5938824 .703267 .6262209 .2731435 .1649658 .1577632 .08085301 -.09996836 -.4932899 -.9313548 -1.384815 -2.038142 -2.506285 -2.62175 -2.532653 -2.602871 -2.724145 -2.695257 -2.565745 -2.402502 -2.388473 -2.562876 -2.860465 -3.218029 -3.549833 -3.841079 -3.94715 -3.800497 -3.497053 -3.034659 -2.341549 -1.642367
-1.185559 -1.188903 -1.152512 -1.176006 -1.094308 -1.022179 -.9290792 -.8328436 -.777706 -.7811297 -.7932404 -.8556501 -.9003335 -.9719627 -.9383121 -.872452 -.6463929 -.2471547 .2601897 .7459599 .8524342 .607633 .2173797 -.1846791 -.5840003 -.7744831 -.5812446 -.3134335 -.07102646 .1112589 .1594287 -.02003287 -.2447494 -.3723224 -.4335774 -.5094492 -.6403388 -.8918482 -1.132757 -1.441946 -2.093681 -2.677061 -2.961154 -3.057188 -3.168797 -3.181296 -2.988171 -2.874434 -2.670634 -2.686422 -2.877727 -3.263893 -3.754194 -4.268783 -4.582232 -4.64954 -4.477603 -4.191054 -3.703254 -3.18891 -2.599049
-1.154964 -1.173139 -1.172221 -1.248643 -1.243741 -1.161888 -.9821632 -.8158647 -.7059007 -.7033674 -.7970003 -.8688163 -.9853282 -1.012489 -1.084132 -1.131545 -.9949211 -.6339917 -.1165822 .433558 .7735733 .490357 .06556179 -.2952622 -.7593168 -1.088549 -1.107779 -.8356624 -.6285097 -.4724581 -.4057908 -.5718067 -.7919065 -.964928 -1.078066 -1.178661 -1.33974 -1.457892 -1.634488 -1.875113 -2.602825 -3.327786 -3.756621 -3.931515 -3.960435 -3.867689 -3.721358 -3.708552 -3.592175 -3.627157 -3.801126 -4.139265 -4.613604 -5.031492 -5.38505 -5.386773 -5.16533 -4.944946 -4.694181 -4.357166 -3.964522
-1.112216 -1.140376 -1.191733 -1.217642 -1.176191 -1.107638 -.8625562 -.6511198 -.6069089 -.6573144 -.8480776 -.9584299 -1.027392 -1.073472 -1.197566 -1.307622 -1.284172 -1.013326 -.5841658 -.08025951 .3495426 .2904819 -.2062269 -.5973572 -.9503435 -1.319415 -1.489837 -1.373395 -1.178679 -.9920086 -.9489721 -1.105685 -1.353806 -1.518402 -1.694773 -1.824691 -1.859571 -2.024428 -2.285691 -2.675548 -3.43519 -4.200171 -4.797068 -4.946963 -4.972592 -4.954602 -4.92526 -4.949568 -4.943643 -4.895347 -5.014925 -5.24166 -5.544875 -5.82629 -6.02223 -6.018045 -5.803493 -5.770095 -5.657731 -5.65384 -5.38536
-1.074472 -1.096798 -1.12805 -1.099862 -.9173466 -.7739784 -.636085 -.5152215 -.5604241 -.6745521 -.9177545 -1.111377 -1.100713 -1.057308 -1.159487 -1.398866 -1.530439 -1.346314 -1.009441 -.6424437 -.3203928 -.2242953 -.5259804 -.8020753 -1.158215 -1.539771 -1.869529 -1.852052 -1.702905 -1.477347 -1.539168 -1.695453 -1.890189 -2.110577 -2.260626 -2.298709 -2.402926 -2.549088 -2.899301 -3.424407 -4.161126 -4.941641 -5.545732 -5.804871 -6.077237 -6.228977 -6.418716 -6.528203 -6.486881 -6.340724 -6.29701 -6.257316 -6.327434 -6.492584 -6.655896 -6.625447 -6.57822 -6.656171 -6.792471 -6.940768 -6.745382
-.9731752 -.9998295 -.9956031 -.8990111 -.8906533 -.8548636 -.8010929 -.6359796 -.5100417 -.6659373 -.9599021 -1.116997 -1.115611 -.9572968 -1.014287 -1.306527 -1.544244 -1.485876 -1.266499 -1.059656 -.8599417 -.7662996 -.8164141 -.9867163 -1.253121 -1.663594 -2.098783 -2.054114 -2.016551 -1.986503 -2.116216 -2.23782 -2.44294 -2.67362 -2.778754 -2.797848 -2.886614 -3.088876 -3.445337 -4.043572 -4.725626 -5.415895 -6.029649 -6.51164 -6.96349 -7.296618 -7.588089 -7.795548 -7.881419 -7.689227 -7.391343 -7.159899 -7.166498 -7.436076 -7.64499 -7.778554 -7.97311 -8.274262 -8.537522 -8.640643 -8.332904
-.862233 -.8675634 -.8822264 -.850953 -.9164507 -.987426 -.9846125 -.8624994 -.5851634 -.5717741 -.7722537 -.9729532 -1.044189 -.9534467 -.9798353 -1.21252 -1.466062 -1.586662 -1.47988 -1.287525 -1.116346 -1.000123 -1.081534 -1.219045 -1.423963 -1.773938 -2.170289 -2.371789 -2.457021 -2.596776 -2.673707 -2.808195 -2.978631 -3.189091 -3.340068 -3.356628 -3.387206 -3.592554 -3.985109 -4.550072 -5.213997 -5.888751 -6.552595 -7.146546 -7.662333 -7.981097 -8.388278 -8.65155 -8.768362 -8.6732 -8.399044 -8.204186 -8.407928 -8.915735 -9.439692 -10.02787 -10.65959 -11.16882 -11.3924 -11.09094 -10.2677
-.7671249 -.8137118 -.8832864 -.9094568 -.967547 -1.038993 -1.038616 -.8652361 -.574912 -.4414271 -.58539 -.8285277 -.9675197 -.9339908 -.9243016 -1.080407 -1.385589 -1.569624 -1.482079 -1.358899 -1.305159 -1.357318 -1.372144 -1.431601 -1.628558 -1.904712 -2.338696 -2.691142 -2.843065 -2.978329 -3.057415 -3.147519 -3.37517 -3.645997 -3.834259 -3.892211 -3.872739 -4.050673 -4.393739 -4.967292 -5.682543 -6.359623 -7.015416 -7.674508 -8.187616 -8.670401 -9.011922 -9.346103 -9.413024 -9.449967 -9.316008 -9.342484 -9.916447 -10.88928 -11.92522 -12.95306 -13.68797 -14.11946 -14.05082 -13.30689 -11.97389
-.6899937 -.7817328 -.8704863 -.9216262 -.9783908 -1.01498 -.989001 -.859699 -.6400523 -.5098513 -.638635 -.7911025 -.9038714 -.8925205 -.8936945 -1.00001 -1.159099 -1.245373 -1.322206 -1.312677 -1.360479 -1.496367 -1.671962 -1.799696 -1.856195 -2.058447 -2.299231 -2.565539 -2.829314 -3.021406 -3.179317 -3.39735 -3.639535 -4.030324 -4.32539 -4.397973 -4.274924 -4.340899 -4.665346 -5.315399 -6.109465 -6.870105 -7.534349 -8.114161 -8.666653 -9.110635 -9.461066 -9.771189 -10.09156 -10.17182 -10.1974 -10.49152 -11.29294 -12.39564 -13.56273 -14.47702 -15.07053 -15.24533 -14.79982 -13.82839 -12.25978
-.6683846 -.7705917 -.8484004 -.909375 -.9749141 -.9720037 -.926807 -.8559396 -.7455269 -.6616617 -.6894185 -.7643816 -.8273367 -.8150345 -.7159516 -.7003505 -.8221128 -.9380867 -1.11894 -1.250257 -1.367703 -1.573472 -1.854801 -1.989227 -2.08842 -2.124034 -2.238919 -2.466542 -2.663105 -2.938581 -3.089979 -3.363068 -3.729881 -4.245358 -4.615259 -4.650157 -4.457459 -4.430589 -4.719995 -5.355602 -6.245892 -6.999546 -7.667815 -8.393686 -8.888489 -9.2868 -9.565786 -9.82142 -10.15012 -10.41562 -10.59301 -10.93082 -11.64737 -12.63496 -13.39659 -13.88236 -14.08486 -13.82457 -13.21737 -12.29209 -11.01638
-.6582022 -.7695195 -.82657 -.8858455 -.9325066 -.9346435 -.9125707 -.8248083 -.7571602 -.6996889 -.7031261 -.7078814 -.7055873 -.6844257 -.6475493 -.6501706 -.7191411 -.9006325 -1.098268 -1.269204 -1.434271 -1.639897 -1.896737 -2.14198 -2.229997 -2.229146 -2.186663 -2.250971 -2.467005 -2.62973 -2.802434 -3.029767 -3.505457 -4.069004 -4.360286 -4.407088 -4.193159 -4.086434 -4.348468 -5.183928 -6.082874 -6.894668 -7.721272 -8.348963 -8.82301 -9.033668 -9.13127 -9.346563 -9.676679 -9.902154 -10.08836 -10.30607 -10.73211 -11.15662 -11.5863 -11.74954 -11.60059 -11.36714 -10.87933 -10.24591 -9.46116
-.6409347 -.7356936 -.8234795 -.8740982 -.903353 -.9044894 -.8747747 -.8333855 -.7609864 -.7417057 -.7128006 -.6973504 -.6418908 -.6824211 -.7380421 -.7780607 -.8415573 -.9652495 -1.127103 -1.318508 -1.464567 -1.631815 -1.815183 -1.98621 -2.110281 -2.155143 -1.979664 -1.90257 -1.953134 -2.04453 -2.068694 -2.320641 -2.801805 -3.306804 -3.681937 -3.78318 -3.531345 -3.291426 -3.414984 -4.234371 -5.340885 -6.384509 -7.202365 -7.81421 -8.170644 -8.161609 -8.146885 -8.251131 -8.47408 -8.570577 -8.553901 -8.672889 -8.884705 -9.186176 -9.392206 -9.50631 -9.598404 -9.540627 -9.365969 -9.059834 -8.573761
-.6220735 -.7060101 -.7654788 -.8555084 -.8685286 -.8849859 -.8671795 -.8117068 -.7533395 -.7567071 -.7330814 -.6921424 -.6397893 -.7272078 -.8137071 -.8539804 -.9490312 -1.062218 -1.16442 -1.313095 -1.431504 -1.549868 -1.657945 -1.775685 -1.779427 -1.702649 -1.589353 -1.467636 -1.331237 -1.253489 -1.283265 -1.472753 -1.935462 -2.492706 -2.907431 -3.184928 -2.986027 -2.534423 -2.518718 -3.294291 -4.538486 -5.449358 -6.046296 -6.40478 -6.565284 -6.609295 -6.627296 -6.724038 -6.897543 -7.013635 -7.025848 -7.154252 -7.376454 -7.681935 -8.064768 -8.441433 -8.712667 -8.898756 -8.921926 -8.722383 -8.29362
-.5895866 -.6697729 -.7484027 -.8404577 -.8533278 -.8720739 -.8284773 -.7965849 -.7582492 -.7609442 -.7751296 -.7415577 -.7005529 -.7780194 -.8770702 -.9544716 -1.023466 -1.151726 -1.20359 -1.312966 -1.371571 -1.47111 -1.512639 -1.607523 -1.673584 -1.604725 -1.439075 -1.228987 -1.031992 -.9145209 -.9056283 -.9310186 -1.236498 -1.862403 -2.426823 -2.809258 -2.663612 -2.109285 -1.790533 -2.389017 -3.417469 -4.270357 -4.709764 -4.906397 -5.026104 -5.084468 -5.152652 -5.411972 -5.639431 -5.878565 -6.096247 -6.234696 -6.590772 -7.010932 -7.580464 -8.147725 -8.584354 -8.846292 -8.95188 -8.726946 -8.238331
-.6121705 -.6522048 -.7104945 -.778531 -.8333454 -.8171025 -.8079739 -.7981237 -.7775428 -.7912468 -.8199823 -.8191249 -.7986009 -.8628162 -.9477352 -1.019294 -1.063921 -1.177237 -1.212223 -1.234754 -1.279077 -1.360996 -1.451108 -1.549494 -1.586809 -1.554739 -1.401753 -1.251422 -1.130105 -1.017492 -.9263834 -.8082905 -.763051 -1.486899 -2.132823 -2.537681 -2.42429 -1.717887 -1.223117 -1.469802 -2.370908 -3.188714 -3.690399 -3.957394 -4.110363 -4.295981 -4.504581 -4.762914 -5.084277 -5.484871 -5.731131 -6.067513 -6.445977 -7.007437 -7.635814 -8.315356 -8.839784 -9.126997 -9.124202 -8.656035 -7.939733
-.6655788 -.6982256 -.732527 -.7917172 -.821828 -.8142048 -.793101 -.7760357 -.7674046 -.8342401 -.8861075 -.9017019 -.8826933 -.9394084 -1.004723 -1.04192 -1.095716 -1.164121 -1.204656 -1.218677 -1.246333 -1.345053 -1.420136 -1.516219 -1.554567 -1.553977 -1.465349 -1.367669 -1.297669 -1.188005 -1.024728 -.8517619 -.6392917 -.9710869 -1.729271 -2.400751 -2.257182 -1.54256 -.8073894 -.9093576 -1.662907 -2.550229 -3.248749 -3.698206 -3.957588 -4.237426 -4.424568 -4.651416 -5.097901 -5.578157 -5.941048 -6.219753 -6.64319 -7.206172 -7.833631 -8.501226 -9.038894 -9.205455 -8.962317 -8.287982 -7.262793
-.6640143 -.73299 -.7736823 -.7606102 -.7807338 -.7781409 -.7639416 -.7678787 -.7671534 -.8465499 -.9274603 -.9725772 -.9721289 -1.005215 -1.042264 -1.089861 -1.087165 -1.188789 -1.234313 -1.268279 -1.276023 -1.372951 -1.447775 -1.493884 -1.53508 -1.563682 -1.554299 -1.487957 -1.370471 -1.25758 -1.099121 -.8511381 -.5957451 -.6276008 -1.25115 -2.116484 -2.15345 -1.521953 -.7529602 -.5900701 -1.301256 -2.318855 -3.206642 -3.688169 -4.042213 -4.348594 -4.644647 -4.957707 -5.434657 -5.917127 -6.296849 -6.694466 -7.042197 -7.498065 -7.980824 -8.532895 -8.862175 -8.83592 -8.359044 -7.530599 -6.266711
-.6703739 -.7349073 -.6992895 -.6903512 -.6922571 -.7158497 -.7283859 -.7428195 -.7635609 -.8409581 -.9331233 -.9854545 -1.004694 -1.035235 -1.059971 -1.075489 -1.116464 -1.193452 -1.246777 -1.266588 -1.311321 -1.389135 -1.449737 -1.484764 -1.527893 -1.546839 -1.53242 -1.488475 -1.301527 -1.14362 -1.035072 -.9251235 -.6522628 -.5189245 -.89442 -1.734738 -2.011931 -1.557773 -.8964139 -.6514362 -1.160862 -2.159639 -3.088144 -3.703748 -4.187516 -4.62937 -4.996922 -5.380869 -5.816955 -6.283338 -6.703255 -7.065897 -7.36867 -7.693196 -7.959405 -8.290379 -8.405166 -8.185778 -7.481456 -6.400643 -5.15603
-.6398105 -.6886276 -.6584387 -.6438599 -.6590651 -.6853991 -.6862797 -.7155831 -.7449679 -.8460214 -.9095909 -.9616137 -.988202 -1.006795 -1.047631 -1.096452 -1.125697 -1.164612 -1.239524 -1.264199 -1.296737 -1.35587 -1.433329 -1.443317 -1.475746 -1.45531 -1.39889 -1.286014 -1.098876 -.9290418 -.8142449 -.9465322 -.9139482 -.7422689 -.7389999 -1.38817 -1.728364 -1.527525 -1.142743 -.9320093 -1.229155 -2.059338 -2.962458 -3.658483 -4.251967 -4.790411 -5.252666 -5.682443 -6.077356 -6.49992 -6.921572 -7.321362 -7.530891 -7.651127 -7.65323 -7.769102 -7.773835 -7.298627 -6.400645 -5.331873 -4.128719
-.6566666 -.645014 -.6259292 -.6299978 -.6366192 -.6771969 -.7021907 -.6977693 -.7299549 -.8044416 -.88097 -.9172243 -.9599978 -1.015285 -1.042047 -1.084462 -1.128724 -1.163202 -1.217893 -1.237167 -1.263419 -1.284451 -1.355628 -1.373029 -1.358973 -1.248478 -1.166029 -1.113631 -.9939663 -.8658956 -.9291095 -1.067644 -1.023547 -.9135239 -.7957046 -1.171233 -1.501963 -1.489653 -1.274259 -1.089563 -1.202344 -1.748927 -2.716559 -3.550875 -4.238504 -4.803732 -5.251849 -5.722599 -6.173084 -6.579382 -6.919454 -7.279035 -7.490093 -7.450346 -7.218168 -7.15823 -7.061768 -6.481641 -5.517744 -4.479662 -3.485354
-.6239814 -.5731997 -.5453426 -.5835898 -.6147252 -.65227 -.6708707 -.7054644 -.7106318 -.7192084 -.7792296 -.842925 -.9161429 -.9776752 -1.030357 -1.040286 -1.089903 -1.144744 -1.176437 -1.204789 -1.205175 -1.221816 -1.250326 -1.252019 -1.318864 -1.238127 -1.072479 -1.061934 -1.084263 -.9955313 -1.05997 -1.126836 -1.07012 -.9667495 -.9329604 -1.183589 -1.356181 -1.42855 -1.346443 -1.114984 -1.142887 -1.64123 -2.513986 -3.256979 -3.9957 -4.545779 -5.088737 -5.641695 -6.136212 -6.433491 -6.776953 -7.057279 -7.224002 -7.084334 -6.704349 -6.462883 -6.378207 -5.860692 -5.00915 -4.008291 -3.14737
