py_wake/examples/data/AJ_ParqueFicticio/Rough survey   Sector 1   Height 30m   Power density.grd
DSAA
73  159
 258469   265669
 6501692   6517492
 .05552515   496.3947
[rows 84 to 111 of 159, columns 0 to 62 of 73]
30.30379 28.4703 27.4259 26.73575 25.99942 24.78896 24.00019 22.90784 21.85341 21.81704 21.79557 21.02583 19.37054 18.92145 18.01794 18.56162 17.04096 16.6131 18.25477 19.56514 21.46195 23.35278 25.1778 26.77469 30.26772 33.01474 34.24709 33.19045 33.69966 31.69569 34.46244 38.10447 39.20601 39.88296 33.44145 34.98957 30.41363 29.33631 32.87053 31.71943 31.93007 28.26923 28.42698 27.07772 25.20322 24.90981 27.57511 28.58523 32.03903 44.03762 53.94741 50.7966 47.56223 44.34896 39.04147 36.23075 35.23872 36.02583 37.64157 38.92254 39.80394 37.30864 31.86073
28.18689 27.40014 26.61819 25.65197 24.49996 24.11591 23.38195 22.23234 21.82801 21.41831 20.45724 19.20926 17.59743 16.79607 17.98188 18.44287 16.82803 15.67374 15.87301 16.21286 17.30412 18.97613 21.47617 25.54217 31.48661 34.87397 33.94997 30.86592 29.00175 26.60298 28.28976 32.4649 29.9813 31.14702 27.04818 29.52224 29.25191 30.29515 32.83392 35.53635 34.70306 32.60941 29.73996 30.0985 27.01232 27.27469 27.59484 25.13156 23.89538 26.93367 35.22257 44.12746 46.03388 46.2441 45.8039 44.95627 46.90366 47.44278 46.37939 44.41394 41.16884 33.26289 27.57952
24.59135 25.30261 25.42396 24.28609 23.86964 23.63103 22.45634 21.98223 22.17557 20.95457 19.68249 19.48685 19.20047 17.88046 17.83429 17.7591 17.94597 17.31129 15.22204 13.71967 13.40233 14.14865 14.94321 17.84527 21.21353 23.9429 23.30022 21.35962 18.75596 19.02726 20.51843 22.11289 24.3854 26.77498 25.77975 27.60299 27.93979 27.85982 32.52372 34.76905 33.93593 33.82295 35.03329 37.93605 38.72428 40.1315 38.65929 34.52867 32.65477 30.67023 31.11637 36.80603 45.62552 47.87716 49.64052 51.69041 58.35901 58.84399 55.05862 48.67715 41.67073 28.72352 24.5852
23.54669 23.80302 24.00581 22.8621 22.53079 22.25479 21.54045 22.28177 22.06528 20.8501 20.36066 19.44069 18.69339 16.90438 15.89929 16.41071 17.19625 16.33006 15.51003 14.13399 12.01938 10.66535 9.880093 10.02078 11.95353 14.03803 13.04805 13.97371 13.6842 15.40974 19.77884 23.12758 26.28617 30.14249 32.12674 32.50692 29.89326 31.77749 30.26248 31.70891 31.95319 33.8132 38.50672 45.59829 46.82825 46.67349 46.236 46.50221 43.01404 36.3614 31.16186 33.04803 45.93717 54.26655 53.49848 57.10485 61.80642 60.6896 54.42072 49.04856 40.56693 30.85612 28.93733
23.36653 22.67739 21.85803 21.70394 21.0755 20.07175 19.83965 20.39208 19.81303 19.92591 19.78131 18.37953 17.74647 17.40739 15.63099 14.35994 14.8777 14.5681 14.63644 13.36259 11.88869 10.22271 8.501459 7.151766 7.628753 10.37303 11.87335 14.53173 18.32199 24.7499 25.06987 29.51575 29.01467 32.59861 35.56662 35.89445 37.00543 35.01948 32.47431 31.93602 32.88255 37.34277 40.83379 43.18797 41.49137 39.45913 38.16722 36.71062 38.59804 33.15201 27.32936 24.40256 31.40283 43.57228 57.10076 53.57454 53.73625 54.44151 50.13844 44.10294 37.75632 33.80903 37.08593
22.77795 21.70873 21.52051 21.4622 20.31946 19.80422 18.48589 17.10847 16.63201 17.98576 17.96912 18.544 17.63938 16.81193 15.20279 12.61626 12.09653 12.53064 12.38202 12.86394 12.60764 11.84079 10.78485 10.50679 11.10045 13.25778 17.17077 24.78473 33.76231 37.42744 35.72854 33.40659 31.4962 31.07996 33.58771 32.27695 34.15825 37.90687 37.59067 36.40376 37.65029 38.53735 39.46529 35.64933 31.03248 26.67212 24.00707 21.55971 22.61217 20.97824 17.69188 14.72351 11.22334 17.69737 30.77045 40.08932 39.83653 38.10159 36.66896 35.64186 32.93591 35.87357 40.46395
24.34932 22.98716 21.8477 20.41205 20.20553 19.31128 17.50974 17.21663 15.55091 15.38075 15.63741 17.04412 16.4575 16.03998 15.47046 13.42808 11.07101 9.79845 10.31301 11.53918 13.70561 14.76769 16.1715 19.14346 23.19079 26.46399 32.2558 40.0595 48.07544 46.96554 41.90289 36.5932 34.88042 33.08205 31.22014 31.46513 37.93431 40.17736 42.04474 43.26371 41.40824 41.13772 38.34658 33.05293 31.65383 32.91425 36.41209 32.95681 30.71695 23.93071 23.38637 17.03766 14.7831 10.58645 12.38958 19.68768 20.58141 16.38067 18.56713 21.87269 31.09991 40.46064 45.21669
24.86872 23.26212 22.24982 21.30397 20.03016 18.48672 18.29969 17.18188 15.72954 15.05242 14.80584 15.17724 16.20368 15.90647 15.65243 14.10214 11.74477 9.35655 8.698765 10.08729 14.87175 19.40638 23.07615 29.40922 38.03862 42.16374 46.33871 50.38462 53.18572 52.06153 48.64295 45.30527 42.75904 42.47969 39.82704 42.19741 38.70837 42.94122 44.74454 48.20665 48.04942 42.88759 41.8501 42.11535 54.77478 61.41945 59.43166 57.47081 47.72217 42.96726 50.04173 48.02549 40.65816 25.59805 13.55181 9.274247 9.917732 11.85114 15.47155 21.86824 33.0061 43.44008 50.99388
25.42229 23.65437 22.18619 20.77339 19.31852 19.45562 18.68121 18.02534 17.34208 15.5488 14.76638 15.18726 15.21833 16.23088 16.56373 15.49543 13.44397 11.55845 10.32193 10.55841 16.39886 25.46836 33.86352 39.3403 48.96227 51.58649 56.38296 59.14181 57.46242 59.43136 57.58755 57.33102 52.5251 45.65171 38.29427 43.70244 45.42503 47.55837 49.48099 48.5645 49.26677 49.55626 53.4229 65.02666 74.04068 73.83153 63.84661 60.41712 58.51685 66.76664 76.29051 73.614 75.26334 62.00876 40.05954 25.27864 22.66964 25.62449 33.05362 30.7834 35.30016 44.9882 56.6881
25.30465 23.45453 21.71394 20.81577 20.47981 19.64958 19.43885 18.51544 17.78926 17.16696 15.61925 14.36594 14.89692 15.10203 16.72779 18.18026 17.89631 16.79156 16.17422 16.66134 19.47676 30.66093 41.3748 49.27571 56.58708 56.77328 63.92622 72.78206 71.26454 65.76822 58.62425 53.07219 51.11796 46.93193 46.32056 46.6817 45.96875 44.84768 48.64399 52.78497 60.7834 73.01665 83.85114 89.28649 84.44749 73.70499 67.50016 62.76524 69.82644 75.45797 78.82275 83.10256 87.20703 80.82097 84.13743 75.25937 74.5387 67.07703 56.4325 45.76217 37.13771 42.50682 59.93181
24.9888 23.76604 22.06516 20.61883 19.54234 19.9133 19.53478 18.72063 17.80943 17.60909 16.54595 14.47386 13.56504 14.07812 15.68335 18.75894 22.95264 26.0555 28.00294 29.02404 29.44824 29.14584 44.62158 55.67769 64.95618 66.20832 71.80087 83.61643 76.49429 68.97666 56.02435 47.43423 45.19747 45.85267 46.82019 52.87401 52.56311 54.46012 60.1062 69.93842 80.91053 92.76129 95.95634 90.79819 78.76275 72.08226 63.59033 65.0354 71.14368 74.28806 71.57015 70.84417 79.35725 82.44434 87.85619 86.65208 84.45387 76.21175 63.26569 54.18241 41.9768 38.73562 52.03863
23.06196 22.99987 21.33205 20.70343 19.46459 18.73007 19.55551 20.23638 19.65155 18.58597 17.78629 16.37816 14.50655 12.86444 13.88126 16.84872 24.30181 33.73041 38.39831 40.49269 43.38603 36.893 45.79905 59.86189 74.32773 78.20342 82.59235 83.98823 79.35332 65.11283 48.73072 42.27808 39.40226 44.56773 50.00116 56.8462 52.56488 55.07149 71.51933 75.61942 81.91422 85.33579 86.87337 82.90209 75.32819 70.34956 69.21299 78.18084 74.13126 71.60057 65.02421 63.06889 68.22366 72.4921 77.54092 79.44077 85.02744 82.23782 75.43378 73.4978 59.2461 37.10549 39.4128
22.01746 21.52163 22.38188 21.98489 21.39763 19.54383 19.22136 20.28624 20.78007 19.83614 19.03829 18.52528 17.21863 14.76192 13.58914 16.32263 24.53049 33.80608 40.56895 50.67073 60.70317 52.16132 55.0598 64.69193 77.42796 75.85403 65.93512 53.36029 36.78722 29.4384 26.66281 29.89455 38.06446 51.3491 62.01119 70.02622 70.4282 73.6384 83.77676 87.42445 86.91442 77.52941 71.96618 68.75934 68.45934 73.45396 79.85161 79.48608 70.72951 67.2963 59.31056 52.28599 41.61264 39.35752 56.65005 66.56259 74.28086 79.10933 89.01353 88.3384 80.62543 53.21885 35.23018
21.01797 21.22616 21.47326 22.46955 23.53058 22.79426 20.08477 19.69864 21.50136 21.37841 20.76524 21.18422 21.00069 19.86212 18.30014 19.23688 24.01324 30.82379 39.90845 53.61889 66.62647 60.63894 62.24359 72.54935 73.53722 56.12945 37.68468 20.19559 12.31725 12.8275 20.34366 31.38316 38.87092 48.46992 66.11426 79.76656 95.57509 92.11056 84.42065 81.70033 72.46855 66.89591 61.18177 57.78004 56.99271 58.21296 55.07072 59.23822 54.5185 51.10498 46.77802 30.42614 21.15697 11.52456 14.67234 18.50171 28.44713 35.05113 46.86649 68.60413 74.69211 64.97125 39.11855
22.17845 21.51059 20.97066 21.20173 21.95304 24.08098 22.91115 19.91157 21.14568 22.1659 23.03872 24.21272 26.93127 29.75174 30.68993 30.39036 30.55416 35.78189 46.68639 58.79551 68.16425 63.22025 65.35077 70.13893 62.11458 44.75033 24.79583 15.82303 16.75054 29.58605 43.34781 50.35816 49.64257 49.45607 59.97042 66.73473 78.07607 88.67603 82.85984 75.14793 64.03505 55.61349 51.76297 50.1534 47.44405 40.32911 31.28986 28.24532 24.36599 21.81944 19.60856 15.30714 12.45762 14.02075 14.88792 12.75154 13.29599 16.79436 20.59397 32.19864 38.37608 45.60418 38.89421
23.50267 21.46338 21.844 21.57121 21.37935 24.99398 26.39828 22.83044 22.71833 24.4042 25.76775 29.01587 34.6288 44.25676 51.92645 51.38075 50.36351 50.87309 60.6516 71.18291 75.33655 75.5944 74.59456 69.86259 49.55981 30.80847 22.91759 33.43528 55.80764 67.26323 68.12546 64.85674 62.1923 49.15442 47.80428 51.47526 51.65607 55.18266 60.2447 62.42165 49.78049 42.58638 36.73812 32.63921 31.46585 32.86477 25.25391 19.47645 13.23808 9.338279 9.102955 11.48388 18.62957 31.54432 36.57961 38.47021 35.91367 30.27993 25.85446 28.96158 39.84867 55.12726 51.30211
27.38503 26.51275 25.78934 25.10769 23.4434 26.27163 30.19546 30.48322 27.73522 30.41357 32.65239 37.75236 43.41305 51.7606 64.64561 75.77554 85.11755 81.3345 77.66611 85.688 88.13175 85.26685 74.76649 57.4173 33.87978 26.00761 35.62447 58.55936 80.59026 87.20003 79.80173 68.55477 60.736 52.99291 48.86275 42.85514 37.61482 32.71976 32.02518 37.70516 36.1079 26.68719 22.98422 20.7743 19.36528 22.49467 22.10693 18.36255 13.47605 13.12116 17.12731 22.70384 33.3119 44.44127 52.17729 57.8785 63.63998 69.33956 72.02255 76.31589 90.11572 79.97845 62.05479
31.37381 34.75451 33.17538 31.11315 29.46995 29.21096 36.24975 42.1548 39.15615 41.51015 44.56356 48.02338 58.03402 66.45681 80.6579 101.6039 118.9944 118.5863 106.7 104.7757 98.32098 84.96896 63.21114 40.81798 32.81088 45.74871 71.967 87.48457 94.68345 90.66653 78.72242 66.63351 59.71988 55.80104 54.06163 47.34045 40.63749 35.92047 27.95195 21.26361 18.0237 16.85142 14.95501 15.53996 19.03325 25.13572 26.1179 28.11398 36.35398 37.21934 38.254 43.38908 47.64384 54.87432 68.05006 74.3949 80.89101 87.65489 91.39285 88.91399 78.77187 62.12475 52.89196
37.63002 39.72665 40.33429 38.63009 39.38509 39.61172 45.34508 54.70931 59.12175 61.0218 68.98125 69.96442 82.54416 94.66884 106.7881 124.0957 139.0369 145.3338 136.1146 123.3044 99.61368 75.55557 58.2163 49.94493 66.6114 87.65331 99.42089 98.0434 88.78908 79.65658 71.0552 64.34396 60.44177 56.96955 51.86926 47.15945 42.44377 36.72649 25.38956 19.29924 15.29481 15.29305 20.54794 34.16951 38.44586 37.60781 35.39684 48.60412 60.66535 62.0906 57.75264 59.13937 60.93251 66.29837 72.13353 76.15005 76.68244 73.46642 70.13538 62.55793 51.22022 51.39816 61.28499
43.32239 46.78191 48.92829 50.75912 53.2563 49.75151 50.2435 59.54397 76.38706 86.74837 96.01701 103.829 109.517 126.7066 140.9698 156.7213 158.6441 160.5101 156.4206 135.0633 111.2761 98.72629 92.70296 100.7222 110.9879 116.1135 102.3583 78.35856 61.77519 53.28362 53.29352 55.01053 55.77158 51.6804 44.62203 39.31626 34.88784 32.24456 26.06217 25.01799 27.49671 30.0061 45.28135 50.44003 47.52176 47.39193 52.59917 63.40937 70.60583 81.06691 75.5331 74.56684 68.43804 62.03695 59.06747 56.49503 55.98014 53.91577 50.76827 45.42446 40.13412 45.25532 67.16245
36.23374 48.01557 59.85601 68.30705 68.89464 61.87341 58.03838 62.18748 73.51315 87.26036 99.85998 117.5977 135.1837 148.9445 167.0549 191.7856 200.1183 190.9077 189.947 182.9632 174.9008 173.6609 173.1174 167.5772 157.4347 132.6151 95.72421 70.3779 52.9073 47.73812 50.30846 52.1909 54.01553 52.18165 48.28138 42.83612 38.78458 29.06239 25.6528 30.077 38.66794 45.44179 44.36845 38.19374 35.4761 33.61431 43.3225 67.30627 84.09773 95.56095 102.4722 95.20805 82.48045 64.11314 53.76464 49.84833 53.9049 58.76263 62.60445 58.75837 48.2057 41.02713 49.1334
25.19416 35.78514 52.58515 67.42506 70.63553 64.64671 63.04586 69.49975 74.85441 82.78693 95.57237 117.3444 144.5813 159.6092 176.5727 207.6537 234.9114 242.0211 239.9563 238.9048 257.5013 268.2923 269.2021 240.3342 191.6224 130.1064 95.40497 78.54665 72.97816 72.45339 70.29524 65.92808 61.02152 61.40268 61.40932 54.137 43.3549 31.73668 30.95626 33.26268 35.30694 35.79411 30.4686 30.75437 31.38475 38.7406 39.8964 58.13337 91.90434 118.1922 136.8498 140.6478 125.1496 105.911 97.91457 95.42625 96.01118 96.76396 92.29127 87.00137 70.07683 44.63614 41.65033
24.24732 26.47664 33.5519 47.39444 60.16154 67.48939 63.99495 67.32581 78.02706 90.4334 103.8427 121.076 142.0712 163.3949 178.7731 189.6241 229.0226 268.6385 245.6446 243.9052 264.4362 266.8909 261.4355 236.8657 197.6066 157.0188 131.595 115.0709 112.3962 106.0427 93.88317 81.12388 69.94817 62.46748 54.25791 49.3014 39.25727 32.51648 32.85003 30.42465 31.09795 28.4357 28.45727 34.58242 46.05735 61.468 59.67371 51.48602 83.53646 122.7771 162.6741 202.2016 224.8684 223.6466 212.0095 188.2714 154.6941 126.8286 108.227 95.95121 81.75031 60.35367 46.03719
37.18332 33.4709 32.98471 37.2899 51.97653 73.95753 86.49988 85.0107 92.59397 109.4413 126.6319 137.0389 143.1993 150.8306 155.6543 159.2026 171.2868 216.5592 243.2034 235.9734 237.0205 225.9909 218.2873 215.8321 207.317 211.8464 192.2488 172.9576 164.5466 144.3036 117.7438 95.6569 77.7533 63.92461 54.75732 46.42112 38.15723 37.35789 38.7399 33.10862 31.40922 34.20205 42.74319 55.14615 71.30248 94.41354 106.8991 87.76682 84.41952 110.3815 147.5091 200.964 243.7928 278.3977 271.9871 237.5452 186.5294 142.3119 117.7662 101.1304 83.75344 59.24676 53.12209
60.17567 53.40201 54.70203 54.53487 60.45523 79.27084 101.7408 117.759 117.5619 122.6564 133.5913 144.0557 146.749 141.1501 127.6649 117.4032 100.1917 129.3114 165.0763 184.8132 203.5332 208.3792 208.252 219.5486 208.5557 212.1069 221.0288 224.1075 213.1338 190.8963 164.8906 134.9279 110.9896 90.19094 70.99689 58.21975 48.67282 48.77433 48.6696 45.89797 45.77969 55.78864 68.99472 79.72327 97.15019 126.0784 153.0965 161.5744 136.1438 137.0301 149.6327 173.6688 189.4999 197.1377 188.7863 174.671 152.9101 134.3417 118.7132 107.3178 93.63538 64.90501 57.85602
93.4416 89.285 87.31817 91.19465 89.98437 96.77618 109.6775 127.3169 125.4683 122.2563 127.4988 136.6804 135.483 108.2926 94.23123 81.54288 74.8035 70.05871 99.11678 132.5216 160.6894 170.3972 171.8953 186.1005 200.3699 204.5352 229.6946 251.6913 258.5305 242.0919 201.2208 155.3491 115.92 78.52454 61.8558 56.39935 58.32193 62.89041 67.26819 71.39973 75.83087 87.0082 101.6137 109.3417 113.4368 133.1302 162.7079 184.1088 198.9277 195.8989 177.5547 175.3441 167.6206 142.1445 115.7074 104.1083 102.7005 101.688 100.6435 103.0314 103.0721 63.20504 62.91113
126.3205 133.7442 124.9273 118.1329 109.0039 103.3613 106.7411 111.3812 117.809 115.7265 117.752 116.0489 108.3636 94.32844 72.46302 61.20942 56.89979 44.2888 52.09367 83.79202 116.8192 134.199 133.9275 136.8444 144.5711 169.7508 218.0913 254.5775 267.7429 235.0107 165.7317 105.1834 73.10707 55.9146 52.21507 55.65772 68.56428 77.29065 88.88339 100.3838 110.3015 119.7434 127.9862 125.315 110.2652 104.0483 118.6617 133.4787 163.3069 194.1932 204.7539 194.4165 164.3844 129.4542 100.9444 80.80381 72.48455 72.29401 71.64555 69.51529 71.42088 60.1055 58.01633
139.9953 140.2584 130.6172 121.8794 112.3485 102.5316 96.35949 97.04219 107.2266 116.9626 118.3265 119.4958 109.2671 98.48603 94.11544 76.33517 58.75684 49.83885 36.21986 42.39088 71.99084 103.8591 123.9769 133.1192 140.4402 167.9304 210.3421 240.6308 209.7673 187.5809 155.6169 117.5879 82.72806 70.88127 65.74603 67.91316 74.30408 90.70751 105.8021 127.3552 141.8131 145.5786 137.3386 121.9514 105.2077 89.17487 83.90031 84.00633 95.30659 150.1387 175.7468 161.4686 128.4396 100.8633 84.57562 71.6069 66.46045 63.80333 61.03319 50.5113 42.67603 50.21405 53.62029
