py_wake/examples/data/AJ_ParqueFicticio/Rough survey   Sector 5   Height 200m   Orographic speed.grd
DSAA
73  159
 258469   265669
 6501692   6517492
 .6967462   1.35949
[rows 112 to 139 of 159, columns 0 to 62 of 73]
1.180758 1.18203 1.176477 1.172507 1.174041 1.179155 1.186535 1.195623 1.204598 1.211908 1.218379 1.221386 1.205669 1.171103 1.130473 1.088296 1.058246 1.039968 1.015203 .9890393 .9769404 .9844562 .9955713 1.028621 1.084744 1.135248 1.160848 1.171163 1.176698 1.179073 1.18055 1.177072 1.162736 1.139279 1.109568 1.080271 1.062734 1.070129 1.097444 1.122338 1.130899 1.112889 1.065515 .9999895 .9382413 .8885454 .8553295 .8389671 .8445383 .882821 .932581 .969381 .9801837 .971808 .9567114 .9413745 .9268903 .9086508 .8815919 .8403718 .7906267 .7534243 .7324975
1.203836 1.204352 1.20096 1.197285 1.199451 1.204726 1.211348 1.218569 1.225056 1.230759 1.236178 1.235312 1.217585 1.182301 1.141548 1.106799 1.086074 1.06992 1.038144 .9954879 .9608843 .9477549 .9547383 .989013 1.048216 1.1051 1.131062 1.136726 1.14058 1.147249 1.154813 1.169558 1.180499 1.172867 1.154483 1.129623 1.107364 1.101375 1.116075 1.138265 1.150925 1.139686 1.093745 1.028101 .964088 .9102606 .8720067 .8479683 .8422439 .8642654 .9039842 .9390758 .9560146 .957203 .9486428 .9382254 .9273145 .9132233 .8929044 .8590138 .8114516 .7681536 .7400206
1.228607 1.226734 1.223752 1.221442 1.222021 1.228693 1.23638 1.241757 1.245759 1.249347 1.252679 1.249555 1.227603 1.191268 1.153312 1.126308 1.115912 1.101478 1.066166 1.018469 .9717976 .9353642 .9237788 .9486886 1.005817 1.064979 1.097734 1.103973 1.105996 1.112379 1.121989 1.141463 1.165678 1.179197 1.182627 1.17354 1.155226 1.141212 1.142468 1.154319 1.168727 1.163746 1.124495 1.063944 1.001395 .945837 .9027804 .8714684 .8574867 .8628857 .8862014 .9140013 .9321555 .941276 .9391305 .9321133 .9234312 .9125882 .8978957 .8740885 .8397311 .7973128 .7632188
1.24371 1.244408 1.24284 1.241944 1.244125 1.250441 1.256966 1.261958 1.264398 1.265295 1.26667 1.259944 1.236969 1.201983 1.169379 1.149191 1.142026 1.130985 1.099651 1.054468 1.006587 .9579161 .9216523 .919895 .9635789 1.01895 1.057458 1.06837 1.072504 1.076711 1.086743 1.105554 1.132394 1.155647 1.177003 1.191853 1.190007 1.177313 1.166829 1.168641 1.179808 1.179504 1.152027 1.103457 1.046941 .9929273 .9445805 .9065514 .8838448 .8782972 .8870568 .9022496 .9161767 .9256001 .9285057 .9254441 .918103 .908644 .8969902 .880372 .8570244 .8253552 .7934815
1.241067 1.246119 1.25014 1.254205 1.258064 1.26566 1.271195 1.27418 1.275946 1.276711 1.275152 1.263701 1.24276 1.213096 1.187671 1.170649 1.164274 1.154933 1.12975 1.092941 1.049323 1.001242 .9542514 .9247794 .9354513 .9789025 1.015317 1.032597 1.03811 1.045877 1.057162 1.07138 1.09529 1.126176 1.157455 1.185951 1.202129 1.199153 1.183864 1.171216 1.172721 1.177074 1.163901 1.130957 1.087472 1.038537 .9909776 .9480389 .9167686 .9006613 .9000345 .9059665 .9124442 .916786 .9200829 .9182595 .9124772 .903015 .8927819 .8802181 .8653555 .8427521 .8192558
1.219434 1.230973 1.241579 1.250376 1.260072 1.269131 1.275594 1.278029 1.278508 1.277869 1.270432 1.257509 1.239117 1.217888 1.20214 1.190276 1.180836 1.168203 1.146272 1.114366 1.078438 1.040373 1.000696 .9623376 .9424362 .9521433 .9791645 .9989117 1.009949 1.022362 1.030702 1.041676 1.068829 1.103487 1.13802 1.173952 1.201346 1.203284 1.180803 1.154753 1.147921 1.152014 1.150961 1.132623 1.101654 1.065879 1.025574 .983981 .9492561 .9267879 .9169556 .9169881 .9180217 .918153 .9166663 .914072 .9089079 .8984801 .8859996 .8747623 .8666609 .8535017 .835932
1.189066 1.205428 1.220813 1.23613 1.250654 1.262826 1.27123 1.275127 1.275355 1.268564 1.254058 1.237749 1.221352 1.206986 1.203935 1.20219 1.189353 1.170264 1.14542 1.116616 1.083678 1.054787 1.033036 1.005916 .9750586 .9519956 .9518837 .965242 .9862129 1.002083 1.008702 1.017499 1.048034 1.082197 1.116744 1.160837 1.198084 1.203595 1.173035 1.132841 1.111557 1.113155 1.120595 1.114898 1.093418 1.06871 1.038826 1.004645 .9729313 .94715 .9335241 .9288961 .926928 .9255788 .9216063 .917509 .9103752 .9009731 .8862222 .8715832 .8640196 .8573564 .8459166
1.162403 1.180276 1.199476 1.219187 1.237802 1.251354 1.260866 1.26746 1.268413 1.257324 1.237601 1.216342 1.197436 1.187605 1.191473 1.200524 1.1953 1.174684 1.145132 1.112068 1.077937 1.048845 1.033957 1.026216 1.005962 .9752818 .949699 .9447068 .9615427 .9796937 .9869284 1.000364 1.030156 1.062993 1.099662 1.148128 1.192981 1.207036 1.173267 1.117918 1.078469 1.071853 1.083994 1.091459 1.076843 1.056565 1.035732 1.010597 .9837333 .9591544 .9414848 .934918 .9328629 .9303858 .9276325 .9239961 .9165387 .9071715 .8934287 .8791945 .868149 .8635339 .8568915
1.154187 1.169256 1.187801 1.208177 1.225641 1.238741 1.247001 1.252481 1.254765 1.24958 1.23278 1.204546 1.177706 1.165343 1.170614 1.186247 1.193591 1.181191 1.151063 1.114303 1.074307 1.038291 1.018284 1.020053 1.015604 .9934261 .9636829 .940351 .9406113 .9549352 .9657236 .9851646 1.017673 1.04892 1.091041 1.143699 1.18768 1.206674 1.178013 1.120566 1.065699 1.039718 1.047102 1.06464 1.062591 1.047633 1.028958 1.008548 .9862234 .9637594 .9446788 .9345179 .931399 .9309019 .9288455 .9251693 .9189906 .908807 .8991588 .8896958 .8808965 .8742758 .870441
1.163479 1.172995 1.187742 1.204172 1.218695 1.227547 1.233058 1.230132 1.227736 1.235853 1.235962 1.210602 1.17874 1.155934 1.154431 1.16622 1.178058 1.176755 1.158393 1.126031 1.084582 1.040437 1.009499 1.002616 1.00383 .9935885 .9736071 .9479476 .9296307 .931933 .9449434 .9708217 1.005224 1.040237 1.089749 1.141501 1.183426 1.197971 1.176883 1.127561 1.070674 1.030626 1.022561 1.03736 1.045214 1.039422 1.026808 1.009795 .9899521 .9697818 .9500266 .9353238 .9285797 .9273305 .9257276 .9246866 .918516 .9096333 .9019391 .8978603 .8930066 .8877892 .8841993
1.185256 1.190506 1.198315 1.20965 1.217408 1.219704 1.218438 1.204322 1.195165 1.207633 1.228955 1.225313 1.20026 1.173912 1.157491 1.15431 1.160867 1.1622 1.152746 1.132439 1.097795 1.053333 1.014357 .9938962 .9877976 .9823834 .972104 .9557748 .9313711 .9171328 .9262404 .9550057 .9929179 1.040602 1.092182 1.143563 1.180383 1.183654 1.165757 1.127255 1.081346 1.039065 1.016586 1.017887 1.024093 1.025158 1.019809 1.009714 .9950242 .977404 .9598461 .9416874 .9304783 .924687 .9229968 .9208574 .9158917 .9079245 .9026225 .9022455 .9011052 .8994134 .8974665
1.209513 1.216314 1.220548 1.223862 1.22415 1.218781 1.203148 1.179121 1.159456 1.168341 1.201543 1.220987 1.21969 1.204147 1.184431 1.168266 1.162655 1.157971 1.148806 1.131911 1.106462 1.068371 1.027952 .9983507 .983161 .9746719 .9656965 .9534862 .9313459 .9100476 .909816 .9384682 .9843744 1.03984 1.096453 1.147051 1.175274 1.172597 1.149795 1.115357 1.081999 1.05078 1.025131 1.012836 1.009606 1.007252 1.004839 .9989952 .9927848 .9828604 .9687666 .9534036 .9399748 .9298212 .9245806 .9196194 .9105029 .9041427 .8983127 .8992553 .9047538 .9066911 .9053524
1.228576 1.241703 1.245791 1.245735 1.239748 1.22602 1.195 1.157871 1.124336 1.123717 1.157415 1.190033 1.211828 1.216693 1.20873 1.194654 1.184995 1.176024 1.163332 1.146416 1.12379 1.092444 1.055659 1.017903 .9946703 .9832729 .9711567 .956446 .9293215 .9005973 .8923166 .923012 .9754714 1.035994 1.097336 1.145457 1.168224 1.163957 1.138105 1.101618 1.072558 1.052225 1.035216 1.020048 1.008852 1.000031 .9915276 .9842972 .9780518 .9764256 .9703008 .9591508 .9487525 .9387987 .9318352 .9240651 .9104923 .8995012 .8884295 .8892471 .8994368 .908017 .9094959
1.23324 1.255856 1.267599 1.267235 1.256653 1.233994 1.198105 1.150434 1.10197 1.084327 1.10805 1.14348 1.178415 1.200068 1.204961 1.200018 1.196374 1.195395 1.187755 1.172806 1.151394 1.12444 1.089596 1.051757 1.019731 1.004105 .9944628 .9774366 .944416 .9022582 .8808899 .9050767 .961322 1.027326 1.090529 1.137947 1.159443 1.15573 1.129846 1.094805 1.064692 1.045384 1.033956 1.024745 1.014423 1.00202 .9905782 .9767326 .9630157 .9589103 .9573922 .9549862 .9495479 .9444097 .9382252 .9293855 .9169326 .9017072 .8847567 .8759772 .8853061 .9017045 .9095755
1.230448 1.258931 1.276334 1.281096 1.270012 1.245494 1.211548 1.159616 1.101648 1.063177 1.065874 1.094296 1.133078 1.165582 1.181508 1.181807 1.178618 1.184021 1.190011 1.186305 1.169449 1.14705 1.118191 1.084849 1.053832 1.033278 1.022957 1.005064 .969192 .9180493 .8824203 .8935003 .9455115 1.012939 1.077423 1.124018 1.146987 1.147699 1.124089 1.090407 1.062749 1.043609 1.02993 1.021368 1.011539 1.002264 .9930726 .9802732 .9598957 .9425936 .9396486 .9416352 .9462819 .9489359 .9454128 .9393489 .9281479 .9109469 .8884253 .8671251 .8691435 .8882322 .9033735
1.219945 1.252823 1.275679 1.284427 1.273459 1.253061 1.225801 1.180445 1.121256 1.06807 1.04365 1.053684 1.087204 1.125391 1.151901 1.15807 1.149144 1.151946 1.164338 1.169251 1.163771 1.15022 1.128904 1.106315 1.083943 1.064313 1.047249 1.026187 .990877 .9376053 .8931104 .8919453 .9382852 1.000821 1.059342 1.102766 1.12807 1.136118 1.119743 1.088691 1.060758 1.042717 1.031233 1.020292 1.008922 .998072 .9898787 .9828137 .9664419 .9424108 .9262707 .9277329 .9399455 .9536228 .958874 .9556835 .9448117 .9280665 .9012178 .8673524 .8571348 .8733457 .8893303
1.200167 1.236018 1.261083 1.271498 1.266155 1.25184 1.235298 1.199998 1.146803 1.091297 1.047461 1.031318 1.048169 1.084964 1.121692 1.139287 1.128081 1.120139 1.127704 1.136624 1.140325 1.136668 1.124361 1.112406 1.103115 1.088869 1.067899 1.040523 1.004512 .9547697 .9046772 .8944579 .9323075 .9862537 1.037614 1.076979 1.10475 1.119147 1.113668 1.088945 1.061291 1.040339 1.027843 1.018465 1.008575 .99568 .9837044 .9763831 .9682881 .9479097 .9251802 .9189115 .9361728 .9599147 .9750856 .9756161 .9686426 .9541575 .9229985 .8789478 .854413 .8599669 .872333
1.176776 1.208708 1.232463 1.244085 1.24821 1.246571 1.239529 1.212574 1.166111 1.114168 1.065258 1.02844 1.022027 1.048097 1.091072 1.123402 1.120908 1.103466 1.096967 1.100961 1.107285 1.112661 1.109695 1.10711 1.113744 1.113456 1.094664 1.062026 1.018734 .968654 .9180961 .9000228 .9229081 .9660167 1.01037 1.048102 1.076547 1.09774 1.103547 1.087051 1.064482 1.042333 1.027054 1.014364 1.004104 .9927903 .9793323 .9656153 .9565851 .9414782 .9219198 .9140763 .9301479 .9604805 .9854948 .9926485 .9916295 .9830734 .9536968 .9072037 .8681499 .8531812 .859082
1.161338 1.180982 1.19705 1.208918 1.218993 1.233055 1.243178 1.225909 1.18727 1.138167 1.087161 1.040457 1.012396 1.020461 1.058975 1.101425 1.11864 1.103049 1.081308 1.072861 1.076747 1.084676 1.086494 1.094033 1.114315 1.1299 1.126148 1.096076 1.048748 .9932972 .9433698 .9145596 .921392 .9471688 .9825968 1.01717 1.045814 1.072809 1.089503 1.08791 1.070336 1.048273 1.032901 1.018124 1.002394 .9865093 .9730049 .9572639 .9404768 .9262135 .91059 .9045551 .9212619 .9546455 .9859135 1.001598 1.007339 1.006549 .9872139 .9469419 .9010106 .8693157 .856194
1.152307 1.155455 1.162725 1.173853 1.18577 1.209513 1.239299 1.241399 1.215193 1.172069 1.120318 1.066234 1.023571 1.005587 1.029868 1.075144 1.110022 1.109055 1.083941 1.061737 1.053507 1.058423 1.063252 1.073669 1.103006 1.131728 1.146828 1.129661 1.086538 1.032794 .9826903 .9507216 .9390115 .9434648 .9608597 .9868432 1.015046 1.044804 1.071692 1.082621 1.075582 1.060899 1.047252 1.03408 1.016469 .9929816 .9706671 .9490478 .9268015 .9064154 .8930017 .890569 .9087765 .943871 .9781148 1.000595 1.013059 1.021498 1.015575 .9873152 .9416168 .8990839 .8721639
1.1455 1.130634 1.129157 1.14014 1.153722 1.182636 1.221282 1.240066 1.233727 1.200128 1.151919 1.096816 1.045947 1.010635 1.01072 1.048481 1.090742 1.106485 1.092003 1.064237 1.043889 1.040802 1.043118 1.055389 1.085558 1.122937 1.148583 1.147745 1.109286 1.064265 1.023504 .9959862 .9795117 .9674283 .9593629 .9652631 .9878546 1.016618 1.0458 1.067987 1.073396 1.068872 1.058471 1.04867 1.032857 1.009776 .9826604 .9496055 .915684 .8891707 .875664 .8729515 .8925129 .9282572 .9640362 .9905501 1.009749 1.025778 1.031672 1.018866 .9820815 .9383972 .9039057
1.142411 1.109809 1.097014 1.107288 1.124145 1.15677 1.197444 1.22703 1.236334 1.216863 1.174954 1.121287 1.068595 1.026375 1.006789 1.026157 1.064473 1.088613 1.08976 1.070721 1.045786 1.03329 1.030895 1.042276 1.07275 1.108989 1.135089 1.137788 1.111785 1.074271 1.041358 1.02584 1.01699 1.001586 .9818863 .9677615 .971516 .9922535 1.01971 1.045454 1.059368 1.060511 1.055921 1.051307 1.04057 1.021456 .9951625 .9603333 .9172623 .881618 .8634155 .8559024 .8660688 .9002378 .9403693 .9705962 .9954043 1.019248 1.036316 1.038864 1.015019 .9786319 .9434012
1.147774 1.098781 1.072504 1.077937 1.097982 1.134032 1.173945 1.209091 1.230956 1.229211 1.200906 1.151198 1.095841 1.047425 1.015276 1.014752 1.040178 1.063431 1.074438 1.068824 1.049818 1.032579 1.025155 1.03407 1.063244 1.095433 1.121014 1.122087 1.10266 1.071665 1.043169 1.03107 1.029597 1.023478 1.005746 .9848624 .973115 .9790763 .9991383 1.025683 1.044852 1.049493 1.047202 1.043637 1.0364 1.020032 .9989455 .9686695 .926966 .8837964 .8594719 .8471403 .8451136 .8672867 .9079054 .9423407 .9699295 .9992619 1.025671 1.043519 1.038931 1.0149 .9847359
1.159175 1.102191 1.061221 1.055671 1.08165 1.117926 1.152668 1.18322 1.211064 1.222014 1.211977 1.180144 1.13209 1.080787 1.038551 1.018446 1.026289 1.042458 1.055496 1.05731 1.047833 1.034453 1.025188 1.033422 1.062557 1.094887 1.112902 1.106553 1.088729 1.065306 1.043855 1.029805 1.026285 1.026765 1.017511 .9995819 .9841874 .9801937 .9889633 1.010487 1.030752 1.041147 1.039927 1.035016 1.028152 1.015215 .9975168 .9716516 .9356623 .8937993 .8633331 .8453769 .8360074 .8430325 .8730336 .9063106 .9371603 .9680477 1.001644 1.030261 1.044735 1.038123 1.018515
1.168796 1.113018 1.06371 1.046761 1.072424 1.10781 1.135559 1.16073 1.184512 1.196591 1.197796 1.186429 1.158151 1.11723 1.076459 1.044224 1.030411 1.032061 1.041008 1.042952 1.038554 1.031802 1.024724 1.036704 1.068812 1.102901 1.116488 1.098227 1.073363 1.054006 1.04173 1.032847 1.024284 1.021766 1.018628 1.0074 .9930837 .9845815 .9856398 1.000703 1.020967 1.035636 1.037392 1.029663 1.021074 1.009709 .9937097 .973235 .9434902 .9085311 .8757735 .8517416 .835744 .832365 .846164 .8710721 .9002182 .9315325 .9664121 1.003282 1.032809 1.0442 1.038503
1.169272 1.122213 1.072483 1.047444 1.067544 1.101301 1.127851 1.149474 1.165119 1.170607 1.171777 1.169499 1.157404 1.13114 1.103053 1.076505 1.051237 1.038745 1.034777 1.033135 1.027285 1.023122 1.01918 1.035486 1.072971 1.111121 1.124846 1.099813 1.066545 1.041578 1.032633 1.031257 1.026851 1.019466 1.014577 1.00794 .9975089 .9884124 .9847337 .9938924 1.013777 1.030491 1.034857 1.029866 1.020887 1.008312 .9932581 .9807397 .9583237 .9278257 .8954908 .8670155 .8446292 .8327926 .8329948 .8431488 .8629305 .8895783 .9228494 .9636763 1.004701 1.033161 1.043825
1.159379 1.120822 1.078967 1.052389 1.067305 1.098301 1.127092 1.145386 1.154961 1.154938 1.14877 1.143627 1.138758 1.123485 1.106819 1.093152 1.074903 1.057655 1.04547 1.03263 1.01938 1.013181 1.009492 1.029143 1.07169 1.113006 1.128559 1.106288 1.068828 1.035507 1.022624 1.023511 1.027212 1.022905 1.016433 1.007566 .998726 .9900926 .9836154 .9857008 1.003863 1.021316 1.027153 1.025847 1.020451 1.010684 .9951978 .9834816 .9662497 .9399759 .9138339 .8899968 .8641213 .8439571 .8338038 .8333248 .8400299 .8535616 .8778141 .9153963 .9621812 1.003599 1.031214
1.143995 1.111647 1.080189 1.058514 1.070318 1.099611 1.129167 1.143509 1.150541 1.154338 1.143329 1.128024 1.119849 1.108809 1.097517 1.092029 1.083584 1.074008 1.067466 1.050322 1.024864 1.007648 1.002588 1.021735 1.063556 1.107867 1.129653 1.113258 1.075006 1.039271 1.019698 1.015005 1.021019 1.023188 1.019153 1.01203 1.004456 .9960681 .9867477 .9818778 .993854 1.007967 1.014347 1.016273 1.014109 1.006122 .9921152 .980075 .9655135 .9442963 .9256063 .911769 .8925797 .8685139 .8502842 .8410299 .839042 .8384688 .8441238 .8694954 .913196 .9627301 1.002607
