py_wake/examples/data/AJ_ParqueFicticio/Rough survey   Sector 7   Height 30m   Mean speed.grd
DSAA
73  159
 258469   265669
 6501692   6517492
 .388786   8.405198
[rows 28 to 55 of 159, columns 0 to 62 of 73]
3.849769 3.854562 3.845995 3.836093 3.83576 3.828131 3.829862 3.835017 3.877101 3.879416 3.87612 3.875806 3.869411 3.852543 3.860065 3.874413 3.872953 3.8666 3.864749 3.853747 3.83397 3.827257 3.813844 3.833624 3.855091 3.843909 3.836477 3.784347 3.784043 3.765189 3.720324 3.686092 3.590223 3.46848 3.516906 3.681069 3.748229 3.690067 3.659923 3.529558 3.455372 3.445646 3.451229 3.477949 3.529336 3.534616 3.44041 3.29547 3.290403 3.383869 3.485645 3.683379 3.865947 3.998001 3.819285 3.886466 4.129268 4.278804 4.185403 3.95264 3.592204 3.410117 3.141825
3.824873 3.831864 3.831694 3.842762 3.825513 3.823767 3.830785 3.831864 3.865969 3.879689 3.875281 3.876518 3.883732 3.887731 3.889032 3.894645 3.888945 3.884445 3.885272 3.87576 3.884649 3.864923 3.838943 3.847237 3.863378 3.862957 3.851896 3.816949 3.805294 3.801401 3.789357 3.756336 3.717147 3.677136 3.820606 3.911533 3.82394 3.77594 3.748094 3.63524 3.556583 3.540236 3.526761 3.471487 3.539767 3.631469 3.747604 3.844906 4.036204 4.215785 4.240115 4.142383 4.08442 4.24573 4.308122 4.397575 4.655381 4.57113 4.428028 4.216962 3.966656 3.677116 3.355607
3.806296 3.812129 3.809705 3.817176 3.818924 3.814247 3.816581 3.817033 3.849932 3.84963 3.859787 3.855952 3.846809 3.850406 3.882941 3.89559 3.891134 3.888191 3.892992 3.879847 3.892228 3.882622 3.869147 3.864771 3.883486 3.882932 3.868532 3.850262 3.837608 3.859422 3.870976 3.87408 3.891148 3.778803 3.809022 3.796926 3.80047 3.830362 3.820611 3.756305 3.625966 3.569321 3.613564 3.628777 3.560756 3.657507 3.912668 4.269187 4.648571 5.003551 5.180378 5.205621 4.914729 4.735862 4.836556 4.728549 4.622062 4.33869 4.059653 3.811527 3.683656 3.523731 3.47723
3.786656 3.793782 3.80022 3.808422 3.802979 3.796546 3.795639 3.800083 3.825012 3.829217 3.83281 3.827859 3.825962 3.84569 3.86991 3.886618 3.894243 3.886499 3.872298 3.880996 3.900352 3.894318 3.890755 3.88823 3.892481 3.898025 3.891784 3.87757 3.870507 3.908758 3.880105 3.860234 3.809324 3.804524 3.809028 3.794 3.782543 3.836982 3.827294 3.800313 3.717646 3.648371 3.693593 3.722541 3.771881 3.755041 3.787251 4.029179 4.403397 4.791021 5.198453 5.459384 5.559359 5.290891 4.983008 4.707021 4.359129 4.002941 3.608954 3.428154 3.490261 3.344606 3.745976
3.771619 3.784526 3.785582 3.795086 3.793849 3.792961 3.782309 3.777076 3.807685 3.808496 3.813422 3.80589 3.797082 3.840444 3.859636 3.871755 3.887993 3.880655 3.874387 3.898096 3.910161 3.907801 3.907083 3.905123 3.901834 3.910412 3.912842 3.93052 3.935377 3.898846 3.893696 3.888882 3.85746 3.845 3.844295 3.85345 3.793839 3.787184 3.724832 3.74694 3.717903 3.617948 3.616015 3.748775 3.821085 3.977047 4.054675 3.964209 3.85838 3.816138 3.993608 4.309865 4.674741 4.798618 4.703413 4.447631 4.123356 3.787072 3.416549 3.374121 3.424872 3.645092 3.953362
3.793394 3.77846 3.782385 3.776838 3.785795 3.784238 3.791922 3.783469 3.801258 3.795868 3.798323 3.785707 3.792387 3.834947 3.844161 3.868955 3.877797 3.858503 3.877468 3.905628 3.924459 3.915281 3.906899 3.913882 3.908905 3.908754 3.914816 3.901278 3.927004 3.91125 3.904658 3.901815 3.875172 3.850194 3.896131 3.930336 3.853319 3.768128 3.73916 3.779851 3.703608 3.656782 3.483327 3.501939 3.733953 3.875617 4.077375 4.101908 3.917388 3.599475 3.343088 3.299019 3.496655 3.842878 4.152931 4.237453 3.910481 3.611222 3.455716 3.528208 3.667394 4.06378 4.314203
3.814974 3.788051 3.780109 3.768686 3.770186 3.758822 3.766762 3.768328 3.788054 3.782996 3.778298 3.788468 3.794481 3.843864 3.848089 3.857429 3.859594 3.84769 3.897078 3.929554 3.925539 3.916767 3.903113 3.909042 3.909805 3.915249 3.907115 3.906573 3.921859 3.91708 3.914742 3.911161 3.884115 3.852442 3.86751 3.921749 3.904359 3.85757 3.758023 3.741196 3.580913 3.542958 3.499971 3.314831 3.435149 3.685307 3.887292 4.008223 4.080259 4.192161 4.161537 3.979536 3.776614 3.72193 3.895993 4.065931 4.091093 4.114578 4.162005 4.251992 4.19092 4.2163 4.430635
3.807686 3.777068 3.765219 3.760595 3.759772 3.747099 3.743145 3.749619 3.773329 3.762967 3.762036 3.771933 3.786579 3.827886 3.833567 3.826321 3.823 3.83021 3.912559 3.93031 3.916577 3.901223 3.891123 3.898234 3.905697 3.909358 3.909652 3.917681 3.930659 3.932191 3.923216 3.915913 3.904409 3.882345 3.892889 3.867991 3.921503 3.935454 3.782804 3.635349 3.485135 3.387585 3.347057 3.345708 3.237776 3.628423 4.049937 4.417892 4.721768 4.895983 5.200802 5.376832 5.311162 5.016129 4.670006 4.596242 4.641821 4.843203 4.905264 4.707126 4.522588 4.582232 4.648503
3.777548 3.754501 3.74681 3.741484 3.748605 3.762078 3.764427 3.752212 3.757437 3.749873 3.731702 3.736015 3.749311 3.788477 3.78181 3.767115 3.751206 3.72378 3.812475 3.88606 3.880286 3.874089 3.873507 3.890631 3.897743 3.897234 3.913485 3.924519 3.941248 3.948968 3.943396 3.928559 3.930243 4.006787 4.006105 3.970021 4.020486 4.044717 4.01158 3.937277 3.833021 3.725571 3.682125 3.615698 3.405975 3.464079 4.032245 4.657513 5.252604 5.670737 5.886422 5.971534 5.993424 5.833412 5.43928 5.114719 4.992346 5.036354 5.132945 5.058184 5.360613 5.476871 5.465707
3.729889 3.712826 3.716054 3.716812 3.71794 3.737899 3.761257 3.745693 3.72882 3.727793 3.718224 3.707506 3.707531 3.743305 3.734827 3.727026 3.702912 3.651549 3.650485 3.719883 3.806745 3.825344 3.843131 3.867308 3.86606 3.890706 3.909939 3.926729 3.944395 3.956946 3.971529 3.979137 3.997993 4.053299 4.063891 4.040443 4.059666 4.049292 4.123426 4.149944 4.225944 4.388354 4.465884 4.361873 3.953238 3.508798 3.477767 3.915839 4.481395 4.870994 4.990955 5.072556 5.32476 5.459082 5.362635 5.243035 5.129692 5.094788 5.365438 5.670133 6.306411 6.603106 6.630696
3.700288 3.689222 3.687874 3.69505 3.687972 3.666183 3.705594 3.71011 3.708825 3.727572 3.714292 3.689955 3.691306 3.716504 3.71666 3.71254 3.690619 3.661246 3.631555 3.634204 3.745474 3.780954 3.824462 3.845816 3.851181 3.884746 3.912612 3.928403 3.930967 3.943927 3.954791 3.972387 4.032386 4.095868 4.135434 4.138851 4.093716 4.115873 4.224167 4.269823 4.379333 4.58731 4.848 5.014651 4.880642 4.391775 3.748029 3.397035 3.395382 3.576693 3.566385 3.635538 3.833732 4.259291 4.711176 4.890038 5.013387 5.198245 5.650094 6.296996 6.909435 7.261016 7.365324
3.689529 3.681332 3.676626 3.682953 3.698658 3.672525 3.700665 3.695514 3.697073 3.715939 3.715438 3.714105 3.756253 3.756501 3.732609 3.72817 3.708493 3.70028 3.705358 3.766777 3.806473 3.781842 3.802261 3.821116 3.861164 3.890785 3.906593 3.91625 3.927646 3.942065 3.965688 3.997302 4.045294 4.121879 4.130431 4.213476 4.212816 4.285317 4.32364 4.352746 4.487255 4.68874 4.974088 5.239025 5.4239 5.194708 4.905316 4.391892 3.781371 3.671806 3.669525 3.808439 3.994963 4.172496 4.611256 5.035074 5.286674 5.479582 5.976454 6.438324 6.770291 7.170409 7.385703
3.698792 3.688415 3.671447 3.673413 3.705395 3.739616 3.744172 3.709457 3.683558 3.700749 3.712338 3.74137 3.814851 3.780368 3.746215 3.717748 3.713156 3.729604 3.749595 3.831838 3.832066 3.791486 3.775162 3.768114 3.825242 3.865525 3.882694 3.912755 3.938731 3.981859 4.025348 4.054009 4.074494 4.124812 4.165071 4.224914 4.274304 4.414781 4.523765 4.736963 5.026997 5.296355 5.485889 5.626919 5.796357 5.942289 5.989645 5.980825 5.539095 4.986554 4.949035 5.200974 5.45777 5.607207 5.589729 5.52395 5.617996 5.866134 6.255547 6.137451 6.127643 6.396275 6.620507
3.732759 3.689313 3.667551 3.64892 3.656116 3.669977 3.725811 3.705721 3.661234 3.658975 3.641672 3.62538 3.712113 3.722516 3.705946 3.700016 3.703642 3.705034 3.735384 3.810854 3.817995 3.791891 3.75778 3.686964 3.693578 3.800866 3.857014 3.915345 3.948228 4.007604 4.058197 4.093514 4.132835 4.196002 4.226707 4.283704 4.409763 4.529053 4.752527 5.124706 5.514618 5.872032 6.123894 6.288692 6.411943 6.787998 7.037991 7.059171 7.062143 6.776874 6.43214 6.281292 6.313285 6.352129 6.143348 5.964 5.804592 6.016593 6.126888 5.65155 4.955685 4.776052 5.210162
3.748894 3.705967 3.668206 3.617504 3.573999 3.612626 3.68983 3.658863 3.613324 3.592091 3.583232 3.538687 3.540086 3.628934 3.656797 3.656855 3.667322 3.662946 3.699444 3.776401 3.792262 3.788694 3.764041 3.740395 3.768798 3.819196 3.854609 3.898251 3.936193 4.007061 4.051882 4.099709 4.12385 4.240415 4.316384 4.391055 4.526896 4.681933 4.841054 5.024557 5.327039 5.490219 5.70937 5.916636 6.198195 6.506581 6.806414 6.749525 6.756567 6.725491 6.613422 6.4758 6.327272 6.093861 5.698327 5.606596 5.589403 5.839969 6.039885 5.626014 4.883643 4.186921 4.067185
3.75231 3.720369 3.683592 3.62593 3.53441 3.523013 3.613275 3.604575 3.570393 3.587731 3.582329 3.545346 3.579697 3.627736 3.631045 3.626639 3.631997 3.617668 3.638903 3.710002 3.739201 3.743444 3.759605 3.84043 3.885908 3.857807 3.854019 3.873875 3.883621 3.964918 4.039681 4.063485 4.135995 4.264989 4.32163 4.388288 4.486801 4.541078 4.505395 4.355274 4.498936 4.591956 4.69663 4.97488 5.131023 5.058467 4.737624 4.715253 4.867539 5.008391 5.200772 5.095824 4.702069 4.348477 4.377649 4.74628 5.31723 5.689365 5.65652 5.437492 4.942211 4.297192 3.612781
3.760962 3.740778 3.715248 3.662736 3.674472 3.605256 3.55488 3.542966 3.558644 3.599804 3.632375 3.674442 3.678733 3.669242 3.637547 3.630303 3.606264 3.589145 3.595209 3.641605 3.66479 3.667845 3.662152 3.681141 3.804704 3.800114 3.801554 3.811801 3.858553 3.977211 4.011578 4.028915 4.14551 4.255363 4.245638 4.311827 4.396005 4.418129 4.318996 4.094238 3.951091 4.0439 4.120019 4.01929 3.595011 3.163323 2.998103 2.954572 3.040979 3.2056 3.228994 3.18983 3.292707 3.619443 4.022419 4.562882 5.082683 5.474189 5.482104 5.16499 4.68038 4.097019 3.597245
3.748839 3.737837 3.72245 3.686281 3.742377 3.742769 3.693818 3.573009 3.550672 3.600602 3.641556 3.703177 3.725782 3.704426 3.665083 3.629628 3.595183 3.584327 3.576171 3.596313 3.599891 3.598843 3.55898 3.522292 3.5813 3.668666 3.691655 3.688734 3.732011 3.85391 3.890993 3.880981 4.039221 4.158628 4.127911 4.202904 4.302529 4.352739 4.302955 4.129022 3.883811 3.735483 3.571345 3.207225 2.984261 3.027741 3.394998 3.811342 3.939972 3.7713 3.792973 3.72533 3.871974 4.326961 5.021385 5.166514 5.156149 4.923839 4.82265 4.971811 5.007899 4.801607 4.398556
3.72589 3.717214 3.727533 3.737569 3.756181 3.757317 3.696969 3.591672 3.534743 3.530477 3.596338 3.658001 3.717707 3.712654 3.649662 3.601727 3.588115 3.593152 3.602854 3.6359 3.611069 3.580872 3.563426 3.537319 3.571564 3.623067 3.602973 3.576809 3.562645 3.597239 3.635869 3.58454 3.634005 3.895445 3.88912 4.046642 4.156009 4.211626 4.274433 4.323233 4.190867 3.999988 3.826691 3.969682 4.453088 4.948606 5.35279 5.679502 5.635334 5.457992 5.14959 4.99132 5.078363 5.435658 5.800891 5.78081 5.31754 4.655414 4.088834 3.997271 4.414188 4.843401 4.987167
3.698509 3.682415 3.678498 3.696241 3.707216 3.708561 3.684377 3.611003 3.538873 3.502482 3.548593 3.591374 3.693899 3.692457 3.615466 3.566432 3.562738 3.58574 3.60849 3.659328 3.605048 3.559795 3.575774 3.654012 3.699018 3.635749 3.543609 3.484027 3.467793 3.448492 3.449821 3.451759 3.452068 3.629812 3.627244 3.779771 3.928838 4.033333 4.158234 4.314301 4.48744 4.638752 4.835805 5.03237 5.305488 5.488336 5.433567 5.179444 4.753315 4.548193 4.681557 5.228465 5.801595 5.958858 5.957997 5.872741 5.599366 5.218143 4.660904 3.893043 3.475282 3.565721 4.06017
3.676399 3.652644 3.630862 3.657819 3.658792 3.660609 3.651189 3.627133 3.570436 3.580846 3.56291 3.533179 3.592803 3.634997 3.550604 3.521595 3.514358 3.520482 3.542439 3.602752 3.545081 3.506767 3.474665 3.443569 3.529661 3.551208 3.424624 3.413301 3.422696 3.451299 3.462874 3.436246 3.435308 3.545109 3.594922 3.683583 3.807963 3.887413 3.964606 4.105352 4.31597 4.515679 4.670565 4.903115 4.958049 4.652819 4.090394 3.769941 3.743629 3.926523 4.492002 5.284942 5.748484 5.942379 5.710912 5.429268 5.25214 5.540295 5.473702 4.955061 4.159331 3.289244 2.918528
3.674685 3.638819 3.602931 3.608596 3.628761 3.639927 3.638755 3.608747 3.58758 3.607394 3.597775 3.535549 3.474018 3.499414 3.487846 3.478407 3.481056 3.455986 3.413577 3.498641 3.459381 3.42985 3.390266 3.368651 3.343161 3.375216 3.337052 3.341371 3.357615 3.343754 3.412571 3.504872 3.636094 3.668711 3.652501 3.721613 3.775296 3.769013 3.755931 3.776269 3.791264 3.844645 3.775373 3.780596 3.607215 3.433841 3.50321 3.86685 4.407223 4.975297 5.360328 5.401443 5.517306 5.40304 4.879474 4.446673 4.385212 4.646143 5.010804 5.284013 4.901455 4.349491 3.362967
3.675977 3.661371 3.650131 3.677208 3.654055 3.652712 3.636906 3.612135 3.636207 3.648275 3.653718 3.630606 3.553234 3.545552 3.494415 3.481604 3.506995 3.493691 3.49006 3.504168 3.438402 3.417768 3.411168 3.433416 3.474849 3.450325 3.341753 3.30867 3.32584 3.315961 3.319407 3.376456 3.434336 3.444813 3.49436 3.594329 3.664657 3.598331 3.56029 3.553256 3.506821 3.570389 3.570815 3.5582 3.561087 3.649638 4.172942 4.779635 5.268022 5.559894 5.595202 5.398915 5.054665 4.853153 4.404895 3.826562 3.558639 3.775224 4.17065 4.702431 5.013536 4.879573 4.646975
3.654357 3.658654 3.667338 3.686367 3.665083 3.641526 3.633337 3.653306 3.666553 3.689276 3.690932 3.706151 3.661288 3.594174 3.542335 3.512006 3.536818 3.599578 3.642231 3.568619 3.488833 3.438979 3.446626 3.503269 3.536731 3.48471 3.39175 3.370034 3.35623 3.324338 3.255233 3.178772 3.164683 3.108974 3.174477 3.250226 3.349546 3.305651 3.318937 3.336715 3.329149 3.534679 3.742871 3.969668 4.221779 4.544816 4.846832 5.115173 5.256314 5.209013 5.035242 4.844511 4.565536 4.330463 4.244771 3.890969 3.323848 3.079664 3.308799 3.833707 4.451297 4.88038 5.044272
3.621005 3.614542 3.62834 3.646587 3.649431 3.622726 3.603436 3.634567 3.668414 3.695557 3.706109 3.703383 3.672924 3.618587 3.561144 3.50951 3.484822 3.531397 3.554137 3.560763 3.547121 3.500592 3.533262 3.591706 3.571244 3.528335 3.522556 3.541478 3.46809 3.357869 3.279421 3.253137 3.165223 3.008321 2.935972 2.888396 2.89228 3.022605 3.172432 3.122012 3.077548 3.181312 3.410834 3.767914 4.158945 4.531325 4.796457 4.862074 4.835876 4.754741 4.597322 4.457348 4.238372 4.121804 4.068037 4.217906 3.783956 3.133529 2.972708 3.243947 3.784033 4.273959 4.552042
3.598161 3.594539 3.62113 3.620607 3.621119 3.61757 3.617207 3.633082 3.669246 3.689735 3.706605 3.70638 3.672025 3.629231 3.588079 3.528951 3.485767 3.510036 3.513639 3.517503 3.571157 3.653174 3.669812 3.644683 3.619754 3.584021 3.60358 3.602221 3.533481 3.414881 3.354871 3.342936 3.314162 3.21876 3.172053 3.198493 3.209627 3.064238 3.204904 3.334677 3.126468 2.96162 3.027106 3.255134 3.584967 3.901925 4.132307 4.330221 4.425243 4.554777 4.627287 4.510463 4.095691 4.043303 3.832888 4.026622 4.187356 3.867679 3.479526 3.408803 3.403356 3.763798 3.909813
3.595934 3.600736 3.640552 3.633778 3.621066 3.623976 3.65334 3.658088 3.670712 3.689985 3.699176 3.698736 3.667487 3.631223 3.622542 3.629579 3.649155 3.606654 3.545469 3.488387 3.465313 3.519049 3.564624 3.609565 3.613706 3.614886 3.63513 3.63421 3.575251 3.522436 3.373802 3.277137 3.329066 3.501319 3.617754 3.784865 3.773288 3.570987 3.550716 3.792346 3.921293 3.529848 3.287498 3.101665 3.237237 3.489509 3.731149 4.098344 4.40715 4.554872 4.387487 4.15859 3.965532 3.936122 3.747715 3.717591 4.063488 4.278214 4.141095 3.86463 3.49187 3.62551 3.864227
3.619893 3.651116 3.662308 3.637285 3.611268 3.627039 3.658898 3.676045 3.680536 3.685202 3.688396 3.694529 3.660617 3.608542 3.611408 3.62677 3.657319 3.632313 3.577622 3.497156 3.434197 3.45329 3.491449 3.540095 3.573992 3.571289 3.605342 3.657229 3.672245 3.647228 3.663339 3.698572 3.757625 3.905469 4.069097 4.212966 4.375864 4.239068 3.99554 4.198457 4.358084 4.410654 4.098802 3.772885 3.585089 3.553761 3.62026 3.746862 4.051416 4.059537 3.783504 3.722971 3.700978 3.738257 3.614129 3.478422 3.540235 3.859699 4.099421 4.030566 3.945312 3.797637 3.808754
