py_wake/examples/data/AJ_ParqueFicticio/Rough survey   Sector 8   Height 30m   Orographic speed.grd
DSAA
73  159
 258469   265669
 6501692   6517492
 .2408467   2.300954
[rows 28 to 55 of 159, columns 0 to 62 of 73]
.9548305 .9605401 .9618099 .96228 .9618326 .9610464 .960569 .9605353 .9690725 .9719849 .9724826 .9716864 .9663688 .9637105 .9609182 .9593209 .9552784 .9529481 .9518815 .9528232 .9564665 .9573838 .9476147 .9409716 .9318536 .9145336 .9029455 .8990518 .9052094 .904371 .9015027 .8952884 .8626722 .8242869 .7990986 .8767552 .9110817 .8789925 .8545533 .8048024 .7939594 .8175604 .8104553 .8052349 .7764404 .756702 .7191589 .6717921 .6742259 .7158921 .778913 .8754327 1.020991 1.120192 1.154006 1.333066 1.570341 1.625129 1.471754 1.234437 1.041311 .8553882 .7079751
.9505976 .9553361 .9601396 .9621938 .9632832 .9646128 .964546 .962643 .9690018 .9741875 .9762124 .9766179 .9770095 .9639981 .9604017 .9585307 .9563225 .9557623 .9575979 .9609518 .9633077 .9564738 .9468313 .9401 .9321077 .9203961 .9107421 .903272 .9036778 .9057276 .9050581 .9005393 .8850438 .8613811 .8932378 .9370193 .9016302 .8766927 .8624072 .8337944 .8263366 .8241688 .8148588 .800915 .7950879 .7795836 .786813 .8021737 .851943 .9117982 .9519743 1.008815 1.104665 1.193059 1.284051 1.494538 1.694125 1.657878 1.450132 1.217494 1.022592 .8276273 .7242867
.9489283 .9534196 .956744 .9605766 .9636019 .964556 .9654101 .961391 .9653594 .970713 .9743474 .9760643 .9740393 .9542951 .9538057 .9561356 .9561284 .9574577 .9639271 .9656354 .9627385 .9548777 .9465109 .9387968 .9342843 .9259101 .9166555 .9116268 .9083293 .91423 .9182306 .9200628 .9176164 .8873697 .8904001 .8889792 .888924 .887009 .8693689 .8575014 .8322811 .8130596 .8377996 .8307937 .8010293 .810905 .8526367 .9313403 1.023823 1.112936 1.156966 1.211686 1.247895 1.312488 1.447518 1.596964 1.673978 1.56909 1.30148 1.070062 .8662331 .7640254 .7428071
.9477189 .952175 .9552941 .9588477 .9610912 .9617167 .9630399 .9593815 .9629996 .96687 .9699582 .971873 .9710511 .9544281 .9502668 .9539351 .9575626 .9611301 .9685661 .9646015 .9616206 .9545628 .9473405 .9401961 .9349219 .9288626 .9230133 .9199218 .9204485 .9266257 .9218873 .9072213 .8762532 .8767006 .8830501 .886592 .8798307 .8840641 .8662091 .8540116 .8414688 .8355682 .8493277 .8571681 .8511379 .8375527 .8577151 .9500278 1.052318 1.118519 1.196686 1.275867 1.348127 1.397283 1.471155 1.5641 1.576507 1.405315 1.124122 .9137386 .7895852 .7172266 .8853623
.9512724 .9541578 .9557493 .9583064 .9596353 .9599252 .9587238 .9597535 .9619457 .9638984 .9660644 .9667315 .9658556 .9581716 .9536151 .9557142 .9611933 .9671986 .9690831 .965391 .9603029 .9540508 .9478934 .9417081 .9353047 .9319956 .92822 .9317852 .9313931 .927623 .9217978 .9094708 .8876698 .8830475 .8939312 .8972595 .8844615 .8705022 .8389427 .8421615 .8428665 .8274349 .8412598 .8722628 .8770075 .9005951 .9378122 .96468 .9820741 1.006501 1.06055 1.130784 1.221265 1.295669 1.403018 1.467056 1.448098 1.233353 .987754 .8435436 .7798204 .8194852 1.081492
.9594314 .9564633 .9571884 .9579844 .9595355 .9613852 .9610921 .9627583 .9624884 .9642227 .9646774 .9633104 .9607948 .9601865 .9614503 .9647071 .9670498 .9708651 .9692482 .9639761 .9593661 .9514452 .9455464 .9414274 .9360475 .9328521 .934219 .9347861 .9351746 .9267572 .9209317 .9128928 .8982165 .8901686 .8953142 .9013028 .8830256 .8561496 .8457289 .8503057 .8278649 .8253187 .8124437 .8363267 .8924177 .9100572 .9558303 .9653311 .9515651 .9285538 .9378418 1.020893 1.113062 1.213309 1.298191 1.406757 1.330421 1.103126 .9414995 .8796925 .8634873 .9790954 1.260834
.9611562 .9579265 .9572784 .9579123 .9585541 .9598659 .9579127 .9594154 .9618635 .9633569 .9648383 .9659421 .9636609 .9710487 .974268 .974587 .9748974 .9764529 .9716243 .9644672 .9533979 .9462175 .9398335 .9373927 .935245 .9359585 .9397232 .9372595 .9353333 .9277911 .9205977 .9148116 .9035431 .8972483 .8920463 .8953132 .8829086 .8691149 .8455513 .8318018 .7841319 .7850654 .798515 .8332086 .8622327 .9132233 .9293098 .9373099 .9629489 1.020458 1.057124 1.117486 1.190972 1.256909 1.347592 1.376898 1.274332 1.17548 1.090241 1.015977 .9825007 1.112133 1.371931
.9548019 .9539444 .9551717 .955662 .9564534 .9545975 .9559999 .9584514 .960025 .9613844 .964231 .966594 .9690163 .9698206 .9765265 .9806023 .9838292 .9749551 .9714205 .9569168 .9429471 .9358163 .9338093 .9333474 .9346123 .9408796 .9422267 .9395091 .9367173 .9306231 .922026 .9143956 .9057577 .8982307 .8876954 .8825465 .8917797 .8888171 .8406394 .7775707 .7467811 .7328348 .7628747 .8361498 .8949158 .9734358 1.013156 1.064685 1.131104 1.203994 1.289477 1.374839 1.432969 1.44643 1.444512 1.459039 1.392597 1.343167 1.207011 1.078943 1.053932 1.260824 1.484583
.9447606 .9453767 .9501443 .9542977 .9575101 .9589126 .9641237 .960727 .9584985 .9590091 .9600627 .9636949 .967135 .9654182 .9709201 .9773126 .9806888 .971826 .9505215 .9444721 .9280229 .9259005 .9284344 .9338889 .9379117 .9424183 .941925 .9401133 .9381963 .9338185 .9250135 .9144186 .9108005 .9206046 .920392 .9129549 .9153386 .9028247 .8704766 .8458802 .809098 .7894503 .8265395 .8969121 .9801654 1.024065 1.112131 1.190495 1.308001 1.415007 1.47422 1.513733 1.529154 1.520141 1.519492 1.510787 1.469218 1.38314 1.219134 1.144086 1.259322 1.506715 1.694267
.9353744 .9395441 .9460421 .9520599 .9589612 .9653326 .9546328 .9559713 .9567292 .9566818 .955695 .9565157 .9613397 .9596322 .9654793 .9686779 .9667704 .9553795 .9374338 .9275448 .9164302 .9189519 .9274343 .9353738 .9368958 .9416736 .9410952 .9397283 .9378484 .935525 .9293453 .9256567 .9301568 .9361936 .9424142 .9434433 .9321529 .9021589 .9048734 .8931062 .9021008 .9390688 .977509 1.011589 1.056789 1.088691 1.126518 1.21087 1.271102 1.318661 1.33933 1.372913 1.386692 1.387186 1.429099 1.492672 1.460168 1.377745 1.277544 1.306586 1.566117 1.810291 1.921564
.9434265 .9425139 .9464785 .9495504 .9513577 .9534078 .9465208 .951226 .9544234 .955827 .9532826 .951129 .9548068 .9660521 .9649132 .961558 .9548249 .9425614 .9252905 .9163246 .9209966 .9263185 .9340202 .9397268 .9398935 .9425661 .9417057 .9402709 .9362202 .933198 .9271706 .930312 .9426634 .9506618 .9610779 .949341 .9281292 .9270197 .9350471 .9300091 .9581709 1.009211 1.068532 1.13559 1.15843 1.162619 1.127403 1.130542 1.155185 1.113689 1.11143 1.153376 1.191409 1.263618 1.349821 1.448452 1.471533 1.410223 1.395629 1.585297 1.929242 2.010436 2.037612
.9459339 .9491634 .9503666 .9523546 .9508705 .9476978 .9581007 .9548273 .9562538 .9581919 .9592171 .958368 .9740049 .9730743 .9654811 .9599077 .9529595 .9446999 .9339035 .9385738 .9468614 .9428133 .9453363 .9496457 .9463612 .9428079 .9409567 .93907 .9358131 .9334729 .9362515 .9421717 .9524849 .9638617 .9662711 .973155 .9628139 .9622295 .9513847 .9575012 .997415 1.073586 1.144009 1.204403 1.256873 1.236826 1.220834 1.223253 1.18087 1.130422 1.134004 1.182524 1.263397 1.330243 1.437521 1.568786 1.529033 1.526929 1.628849 1.879234 2.034143 2.092813 1.976518
.950087 .9513422 .9526734 .9567667 .9610136 .9643158 .9645886 .9589251 .9581985 .9617711 .96851 .9775121 .9796567 .9666714 .9610135 .9572552 .9547439 .9523367 .9487452 .9555368 .9572961 .9484189 .9486822 .9520473 .9398944 .9343721 .9361423 .9391441 .9412993 .9484093 .9600785 .9625651 .9644144 .9719341 .9807388 .9949648 .9912947 .992713 .9959779 1.053464 1.134854 1.228283 1.291515 1.331104 1.363455 1.378347 1.405494 1.449642 1.386818 1.357461 1.398383 1.465114 1.549413 1.622254 1.672272 1.65705 1.666241 1.691332 1.822992 1.975123 2.003541 1.937238 1.810259
.9563513 .9515921 .9505497 .9540605 .9617841 .9557034 .9514819 .9513205 .9517213 .9577891 .9672225 .970033 .9574047 .9459082 .9483374 .951328 .9540778 .9558358 .9512077 .9528347 .9544643 .9512637 .9429399 .9374436 .9367225 .9284684 .9394646 .9495649 .9548433 .9665786 .9756961 .9801118 .986371 .9941517 1.000061 1.017747 1.035863 1.026253 1.08847 1.189602 1.297145 1.402311 1.458464 1.50063 1.538505 1.600049 1.632181 1.647573 1.657696 1.656371 1.694407 1.714314 1.751773 1.762374 1.736222 1.728036 1.692874 1.777858 1.851721 1.847276 1.725913 1.60475 1.539455
.9569556 .952486 .9495957 .9467068 .9504735 .9569703 .9459736 .937404 .9396648 .9458591 .9494846 .9471821 .9361728 .9386557 .9438733 .9475543 .9524681 .9549718 .953601 .9448907 .9454041 .9474663 .9440573 .9438818 .949402 .9546455 .9552597 .9611582 .966471 .9722692 .9800107 .9881811 .9920674 1.010929 1.0285 1.041819 1.047065 1.095926 1.183647 1.247953 1.32297 1.360566 1.409724 1.479457 1.55226 1.591779 1.600696 1.55989 1.563706 1.614773 1.674044 1.712352 1.712047 1.667868 1.599312 1.640351 1.686557 1.786674 1.800575 1.697883 1.556699 1.441444 1.350754
.9532595 .9517591 .9476001 .9423078 .9488176 .9515415 .9436439 .9247847 .9324675 .9398843 .9414459 .9392282 .9440058 .9527877 .9500591 .9473417 .9480879 .9486454 .9496648 .9362104 .9362358 .9461083 .9583364 .9667855 .9682496 .9643327 .9628233 .9654152 .9675837 .9761398 .9847983 .9903201 1.008048 1.024397 1.040653 1.051276 1.065174 1.08967 1.141982 1.183388 1.203231 1.214062 1.279127 1.368588 1.398979 1.349805 1.190354 1.155821 1.236977 1.328417 1.41628 1.425262 1.362773 1.304842 1.358698 1.575631 1.761196 1.791031 1.699408 1.556039 1.418293 1.306928 1.195544
.9493375 .9481977 .9468099 .9393222 .9328611 .9301983 .9293307 .9240146 .9353058 .9437544 .950917 .9625965 .9638259 .9599183 .9509215 .9461477 .941222 .9379001 .9362993 .9360085 .9320452 .9451242 .9579567 .9560612 .949662 .9489746 .958651 .969221 .9754533 .9890159 .9898648 .9959299 1.020336 1.031883 1.03617 1.046858 1.062796 1.071415 1.100262 1.112896 1.10398 1.133614 1.174875 1.168485 1.065617 .9133779 .8121939 .8571945 .9590122 1.052275 1.083533 1.085842 1.080668 1.172075 1.396161 1.683911 1.810823 1.807456 1.61871 1.422589 1.262397 1.13418 1.075306
.9454033 .9474869 .9442398 .936253 .9352328 .9328995 .9376798 .9349734 .9402549 .9522853 .9655092 .9701231 .9680453 .9593663 .9501833 .9423578 .9367809 .931156 .926693 .9282116 .9351957 .9392992 .9401506 .9340581 .9278002 .9314709 .9475244 .9608302 .9725928 .969284 .9750736 .9950497 1.006247 1.016579 1.019603 1.03317 1.053563 1.068465 1.082067 1.070462 1.068832 1.079793 1.038469 .940621 .8523046 .8240257 .9407102 1.060767 1.158804 1.157688 1.163091 1.154119 1.23752 1.436834 1.707536 1.85789 1.841098 1.658531 1.449754 1.324894 1.230527 1.149814 1.117787
.941963 .9470936 .9476339 .937893 .9373663 .9414957 .9443955 .9421204 .9443961 .9551878 .9705946 .9660025 .9625431 .9537966 .9402296 .9344826 .932467 .9296442 .9264058 .9408951 .9423804 .9394709 .935434 .9277359 .9323223 .940163 .9380379 .9445641 .94921 .9485123 .9433367 .9622949 .9703332 .9874696 1.000387 1.015661 1.03725 1.057934 1.064479 1.088571 1.099592 1.075319 1.019235 1.047706 1.164138 1.310108 1.408115 1.490028 1.452028 1.427054 1.360188 1.38819 1.522916 1.771323 1.956151 1.912603 1.753175 1.489174 1.274693 1.158695 1.15789 1.177276 1.190473
.9373634 .9419199 .9445519 .9239479 .9263557 .93724 .9447608 .9452018 .9486244 .960544 .9707162 .9663132 .9578065 .9396613 .9229392 .922367 .9264377 .9323716 .9364406 .9435185 .9390873 .9402174 .9465196 .9560976 .9543467 .9334252 .9200649 .9215604 .9228736 .9185134 .9264218 .9377455 .9435 .966378 .9770325 1.007679 1.024263 1.054592 1.077749 1.110507 1.159756 1.216632 1.276523 1.338929 1.426582 1.475875 1.440517 1.342985 1.239825 1.223051 1.280041 1.493937 1.780759 1.94614 2.000576 1.867508 1.663611 1.412108 1.229091 1.096146 1.030782 1.024783 1.065401
.9321196 .9317717 .9323078 .9221843 .9190958 .9301178 .9403964 .9491802 .957595 .9537318 .9655817 .9597839 .946591 .9257916 .9042161 .909506 .9167289 .9275588 .9365675 .9195448 .9176486 .9256715 .9345002 .931349 .9182327 .8989877 .8886455 .8994314 .9078736 .9151284 .9438357 .9468139 .9456275 .9587581 .9801278 1.005422 1.037959 1.05781 1.08721 1.122935 1.174835 1.229885 1.276166 1.326742 1.331821 1.261531 1.108594 1.017943 1.027377 1.120598 1.366993 1.71754 1.92393 1.973082 1.879225 1.692161 1.503558 1.401814 1.243227 1.100555 1.045548 .9637496 .901084
.9291729 .9249359 .9179976 .9155698 .9228892 .9320006 .9415073 .949356 .951704 .941982 .9302167 .9379576 .9201125 .8993576 .8987427 .9056712 .9099549 .9095309 .9110696 .9039859 .8971181 .9030393 .9032431 .8916615 .8699521 .8638446 .873951 .8854702 .8951678 .907586 .9455006 .9733192 .9852092 .9974145 1.004066 1.034469 1.045554 1.05137 1.071102 1.094138 1.114247 1.123685 1.119672 1.112452 1.050423 .9740759 .9529424 1.045937 1.245453 1.465101 1.713634 1.879039 1.907061 1.810338 1.629239 1.44703 1.338707 1.248109 1.14056 1.137633 1.037112 .9770291 .9018927
.9245235 .9239584 .9196172 .9357359 .9388313 .9432752 .949376 .9556878 .9483843 .9373725 .9226364 .9101907 .9035592 .911744 .9183312 .9152004 .9152783 .904884 .9011075 .9017347 .8953682 .8936719 .891998 .8845074 .8882817 .9035324 .888755 .883789 .8873761 .9145569 .9345235 .9588519 .9703317 .9544574 .9874864 1.023549 1.025 1.019989 1.042006 1.057126 1.060141 1.058851 1.057125 1.023986 1.004414 1.03194 1.174641 1.36866 1.546037 1.701875 1.781277 1.809921 1.794559 1.583531 1.411861 1.256905 1.187559 1.142799 1.064191 1.051649 1.049254 1.007528 .9957519
.9183899 .9262948 .9279537 .9415553 .9471377 .9524183 .9590089 .9535075 .9460448 .9393686 .9280794 .9209716 .9198718 .9213631 .9230892 .9226111 .9272575 .9183304 .9194202 .9238111 .9092487 .8966244 .8937343 .8904798 .9088723 .9167162 .9037039 .8913342 .9015877 .91728 .9235421 .9232246 .9235042 .9042169 .9491759 .985303 .9787575 .969559 1.007143 1.032212 1.052447 1.080701 1.098145 1.130465 1.193507 1.308396 1.43504 1.543736 1.598373 1.617589 1.630956 1.673194 1.604219 1.394793 1.247821 1.151363 1.091016 1.051096 .9812024 .9819278 .9827757 1.027406 1.058805
.9143495 .9233859 .9241332 .9354058 .944643 .9513066 .9571623 .9465844 .9446663 .9414517 .9366495 .9306723 .9262041 .925074 .9221821 .9173551 .91865 .9147835 .9065872 .9266125 .9282753 .9128734 .9064909 .916086 .9212465 .923663 .9227244 .922424 .9174876 .9129452 .9136896 .9045917 .8820946 .8932332 .9037712 .9125562 .9175162 .9638899 .9786109 .98318 1.045627 1.088357 1.129972 1.168624 1.265105 1.398631 1.476988 1.502306 1.497468 1.487928 1.532427 1.590243 1.47884 1.297103 1.179438 1.089207 1.034429 1.020796 .9829635 .9681163 .9558265 .9624907 .9811705
.9156424 .9222909 .9307279 .9389432 .9453299 .9502766 .9563106 .9498417 .9453764 .9440906 .9414512 .9356487 .9290057 .9256642 .9215038 .9147959 .9098928 .9007391 .9080219 .9234055 .9425855 .930014 .9238425 .9283206 .9330378 .9383307 .9333978 .9319488 .9184723 .9041218 .9118454 .9228986 .9174258 .9122036 .9105378 .9579458 1.013708 1.023134 .9828243 1.061964 1.050855 1.069756 1.145686 1.198643 1.27953 1.366556 1.3925 1.395502 1.418603 1.47427 1.539593 1.534813 1.39288 1.241572 1.126554 1.023072 1.020634 1.055768 1.056092 .9908684 .971925 .8936633 .8940235
.9230565 .9328583 .9433503 .9449111 .9494119 .9586094 .9610351 .9531913 .9480971 .9463934 .9437753 .9394395 .9309054 .9250054 .9240177 .9184895 .9184623 .9198753 .918037 .917517 .9261634 .9192414 .8952258 .9205334 .9396675 .9353952 .9358162 .9271541 .8931657 .8944529 .9025044 .9317809 .9279593 .9670397 1.014491 1.063192 1.096377 1.121555 1.11911 1.130836 1.170248 1.169509 1.189578 1.235949 1.29596 1.343362 1.379138 1.407221 1.453119 1.493689 1.459677 1.409237 1.312386 1.177024 1.050099 1.00935 1.044336 1.107398 1.093219 1.059611 .9332584 .8875215 .9297683
.9379163 .9476586 .9521421 .9525296 .9524221 .9623658 .9598101 .9540839 .9498504 .947019 .9454499 .942126 .9333287 .9267702 .9272082 .9187374 .9297805 .9287342 .9241177 .9167458 .9115601 .8997408 .8956763 .9154049 .9320244 .9248407 .9289256 .9216281 .8855549 .8929812 .9532237 1.039987 1.02393 1.05884 1.110339 1.15376 1.208833 1.224725 1.230872 1.24535 1.285216 1.297244 1.305824 1.325445 1.338176 1.368168 1.416025 1.430816 1.41586 1.349757 1.303363 1.315025 1.248703 1.115089 .9786827 .9440914 1.020095 1.124108 1.094182 1.035526 .9746917 .916339 .9106636
