py_wake/examples/data/AJ_ParqueFicticio/Rough survey   Sector 4   Height 200m   Weibull-k.grd
DSAA
73  159
 258469   265669
 6501692   6517492
 2.720703   3.060547
[rows 112 to 139 of 159, columns 0 to 62 of 73]
3.056641 3.056641 3.060547 3.060547 3.060547 3.052734 3.048828 3.048828 3.044922 3.044922 3.037109 3.037109 3.037109 3.037109 3.041016 3.041016 3.041016 3.037109 3.029297 3.029297 3.037109 3.044922 3.048828 3.052734 3.052734 3.052734 3.056641 3.060547 3.060547 3.033203 3.005859 2.990234 2.994141 3.013672 3.041016 3.060547 3.060547 3.060547 3.056641 3.052734 3.048828 3.048828 3.048828 3.048828 3.048828 3.048828 3.048828 3.048828 3.048828 3.048828 3.052734 3.056641 3.060547 3.060547 3.060547 3.060547 3.060547 3.060547 3.060547 3.060547 3.060547 3.060547 3.060547
3.052734 3.056641 3.060547 3.060547 3.060547 3.052734 3.052734 3.048828 3.048828 3.044922 3.041016 3.041016 3.041016 3.041016 3.044922 3.044922 3.044922 3.041016 3.037109 3.033203 3.033203 3.041016 3.044922 3.048828 3.048828 3.052734 3.056641 3.060547 3.060547 3.037109 3.017578 3.001953 3.001953 3.017578 3.041016 3.060547 3.060547 3.060547 3.056641 3.052734 3.048828 3.048828 3.048828 3.048828 3.048828 3.052734 3.048828 3.048828 3.048828 3.052734 3.052734 3.060547 3.060547 3.060547 3.060547 3.060547 3.060547 3.060547 3.060547 3.060547 3.060547 3.060547 3.060547
3.048828 3.056641 3.060547 3.060547 3.060547 3.052734 3.052734 3.048828 3.048828 3.044922 3.044922 3.041016 3.044922 3.044922 3.048828 3.048828 3.048828 3.044922 3.041016 3.041016 3.037109 3.037109 3.041016 3.044922 3.048828 3.052734 3.056641 3.060547 3.060547 3.048828 3.037109 3.033203 3.025391 3.029297 3.044922 3.060547 3.060547 3.060547 3.056641 3.052734 3.052734 3.052734 3.052734 3.052734 3.052734 3.052734 3.052734 3.052734 3.052734 3.052734 3.056641 3.060547 3.060547 3.060547 3.060547 3.060547 3.060547 3.060547 3.060547 3.060547 3.060547 3.060547 3.060547
3.041016 3.052734 3.060547 3.060547 3.060547 3.052734 3.052734 3.048828 3.048828 3.044922 3.044922 3.044922 3.048828 3.048828 3.048828 3.048828 3.048828 3.048828 3.048828 3.044922 3.044922 3.044922 3.041016 3.044922 3.048828 3.052734 3.056641 3.060547 3.060547 3.060547 3.060547 3.060547 3.052734 3.052734 3.060547 3.060547 3.060547 3.060547 3.052734 3.052734 3.052734 3.052734 3.056641 3.060547 3.060547 3.060547 3.060547 3.060547 3.060547 3.060547 3.060547 3.060547 3.060547 3.060547 3.060547 3.060547 3.060547 3.060547 3.060547 3.060547 3.060547 3.060547 3.060547
3.033203 3.048828 3.060547 3.060547 3.060547 3.052734 3.048828 3.048828 3.048828 3.044922 3.044922 3.048828 3.048828 3.048828 3.052734 3.052734 3.048828 3.048828 3.048828 3.048828 3.048828 3.048828 3.048828 3.048828 3.048828 3.052734 3.056641 3.060547 3.060547 3.060547 3.060547 3.060547 3.060547 3.060547 3.060547 3.060547 3.060547 3.060547 3.052734 3.052734 3.052734 3.056641 3.060547 3.060547 3.060547 3.060547 3.060547 3.060547 3.060547 3.060547 3.060547 3.060547 3.060547 3.060547 3.060547 3.060547 3.060547 3.060547 3.060547 3.060547 3.060547 3.060547 3.060547
3.029297 3.041016 3.052734 3.060547 3.052734 3.048828 3.048828 3.048828 3.044922 3.044922 3.044922 3.048828 3.048828 3.052734 3.052734 3.052734 3.052734 3.048828 3.052734 3.052734 3.052734 3.052734 3.052734 3.052734 3.052734 3.052734 3.056641 3.060547 3.060547 3.060547 3.060547 3.060547 3.060547 3.060547 3.060547 3.060547 3.060547 3.052734 3.048828 3.052734 3.052734 3.060547 3.060547 3.060547 3.060547 3.060547 3.060547 3.060547 3.060547 3.060547 3.060547 3.060547 3.060547 3.060547 3.060547 3.060547 3.060547 3.060547 3.060547 3.060547 3.060547 3.060547 3.060547
3.029297 3.037109 3.044922 3.052734 3.048828 3.048828 3.048828 3.044922 3.044922 3.044922 3.044922 3.048828 3.048828 3.052734 3.052734 3.052734 3.052734 3.052734 3.052734 3.052734 3.052734 3.056641 3.060547 3.056641 3.056641 3.052734 3.060547 3.060547 3.060547 3.060547 3.060547 3.060547 3.060547 3.060547 3.060547 3.060547 3.052734 3.048828 3.048828 3.048828 3.052734 3.060547 3.060547 3.060547 3.060547 3.060547 3.060547 3.060547 3.060547 3.060547 3.060547 3.060547 3.060547 3.060547 3.060547 3.060547 3.060547 3.060547 3.060547 3.060547 3.060547 3.060547 3.060547
3.025391 3.033203 3.048828 3.048828 3.048828 3.044922 3.044922 3.041016 3.041016 3.041016 3.044922 3.048828 3.048828 3.048828 3.052734 3.052734 3.052734 3.052734 3.052734 3.052734 3.052734 3.060547 3.060547 3.060547 3.060547 3.060547 3.060547 3.060547 3.060547 3.060547 3.060547 3.060547 3.060547 3.060547 3.060547 3.052734 3.048828 3.048828 3.048828 3.048828 3.052734 3.056641 3.060547 3.060547 3.060547 3.060547 3.060547 3.060547 3.060547 3.060547 3.060547 3.060547 3.060547 3.060547 3.060547 3.060547 3.060547 3.060547 3.060547 3.060547 3.060547 3.060547 3.060547
3.033203 3.048828 3.048828 3.044922 3.041016 3.037109 3.037109 3.037109 3.041016 3.044922 3.044922 3.048828 3.048828 3.048828 3.048828 3.048828 3.052734 3.052734 3.052734 3.052734 3.052734 3.056641 3.060547 3.060547 3.060547 3.060547 3.060547 3.060547 3.060547 3.060547 3.060547 3.060547 3.060547 3.060547 3.052734 3.048828 3.048828 3.048828 3.048828 3.048828 3.052734 3.056641 3.060547 3.060547 3.048828 3.041016 3.041016 3.048828 3.060547 3.060547 3.060547 3.060547 3.060547 3.060547 3.060547 3.060547 3.060547 3.060547 3.060547 3.056641 3.052734 3.056641 3.060547
3.048828 3.048828 3.044922 3.041016 3.033203 3.029297 3.025391 3.029297 3.037109 3.044922 3.048828 3.048828 3.048828 3.048828 3.048828 3.048828 3.048828 3.052734 3.052734 3.056641 3.056641 3.056641 3.056641 3.060547 3.060547 3.060547 3.060547 3.060547 3.060547 3.060547 3.060547 3.060547 3.060547 3.056641 3.052734 3.048828 3.048828 3.048828 3.048828 3.052734 3.052734 3.060547 3.060547 3.056641 3.037109 3.025391 3.025391 3.033203 3.044922 3.060547 3.060547 3.060547 3.060547 3.060547 3.060547 3.060547 3.060547 3.052734 3.033203 3.025391 3.033203 3.048828 3.060547
3.048828 3.044922 3.041016 3.033203 3.025391 3.017578 3.017578 3.021484 3.037109 3.044922 3.048828 3.048828 3.048828 3.048828 3.048828 3.048828 3.048828 3.048828 3.044922 3.048828 3.056641 3.056641 3.056641 3.056641 3.056641 3.060547 3.060547 3.060547 3.060547 3.060547 3.060547 3.060547 3.060547 3.052734 3.048828 3.048828 3.044922 3.048828 3.048828 3.052734 3.060547 3.060547 3.060547 3.048828 3.033203 3.025391 3.025391 3.029297 3.041016 3.052734 3.060547 3.060547 3.060547 3.060547 3.060547 3.048828 3.037109 3.025391 3.013672 3.021484 3.044922 3.060547 3.060547
3.048828 3.044922 3.037109 3.029297 3.017578 3.009766 3.009766 3.017578 3.033203 3.044922 3.048828 3.052734 3.052734 3.052734 3.052734 3.052734 3.052734 3.041016 3.033203 3.037109 3.044922 3.060547 3.056641 3.056641 3.056641 3.060547 3.060547 3.056641 3.056641 3.056641 3.056641 3.056641 3.056641 3.052734 3.048828 3.048828 3.048828 3.048828 3.048828 3.048828 3.044922 3.041016 3.041016 3.033203 3.029297 3.025391 3.025391 3.033203 3.041016 3.048828 3.052734 3.056641 3.056641 3.048828 3.033203 3.017578 3.009766 3.005859 3.021484 3.048828 3.060547 3.060547 3.060547
3.048828 3.044922 3.037109 3.025391 3.013672 3.009766 3.009766 3.017578 3.033203 3.044922 3.048828 3.048828 3.052734 3.056641 3.056641 3.056641 3.052734 3.044922 3.037109 3.041016 3.048828 3.060547 3.060547 3.060547 3.060547 3.060547 3.056641 3.052734 3.052734 3.052734 3.052734 3.052734 3.052734 3.048828 3.048828 3.048828 3.048828 3.048828 3.037109 3.037109 3.025391 3.021484 3.021484 3.021484 3.021484 3.025391 3.029297 3.037109 3.041016 3.044922 3.044922 3.041016 3.033203 3.017578 3.001953 2.990234 2.990234 3.013672 3.048828 3.060547 3.060547 3.060547 3.060547
3.044922 3.041016 3.033203 3.025391 3.017578 3.017578 3.017578 3.025391 3.033203 3.041016 3.044922 3.048828 3.052734 3.052734 3.056641 3.060547 3.052734 3.044922 3.041016 3.044922 3.056641 3.060547 3.060547 3.060547 3.060547 3.060547 3.060547 3.056641 3.052734 3.052734 3.052734 3.052734 3.048828 3.048828 3.048828 3.048828 3.048828 3.033203 3.021484 3.017578 3.009766 3.005859 3.005859 3.009766 3.013672 3.021484 3.025391 3.033203 3.041016 3.041016 3.037109 3.021484 2.998047 2.974609 2.962891 2.966797 2.986328 3.029297 3.060547 3.060547 3.060547 3.060547 3.060547
3.041016 3.037109 3.029297 3.025391 3.025391 3.025391 3.029297 3.033203 3.037109 3.037109 3.044922 3.048828 3.048828 3.052734 3.056641 3.056641 3.056641 3.052734 3.048828 3.052734 3.056641 3.060547 3.060547 3.060547 3.060547 3.060547 3.060547 3.056641 3.052734 3.052734 3.052734 3.052734 3.048828 3.048828 3.048828 3.048828 3.041016 3.013672 3.005859 2.998047 2.994141 2.994141 2.994141 2.998047 3.005859 3.013672 3.017578 3.025391 3.033203 3.037109 3.021484 2.994141 2.955078 2.931641 2.931641 2.955078 2.994141 3.044922 3.060547 3.060547 3.060547 3.060547 3.060547
3.033203 3.029297 3.025391 3.025391 3.029297 3.037109 3.041016 3.041016 3.041016 3.041016 3.041016 3.044922 3.048828 3.048828 3.052734 3.048828 3.056641 3.060547 3.056641 3.052734 3.048828 3.044922 3.041016 3.044922 3.056641 3.060547 3.060547 3.056641 3.052734 3.052734 3.052734 3.048828 3.048828 3.048828 3.048828 3.048828 3.029297 2.998047 2.982422 2.970703 2.970703 2.978516 2.982422 2.990234 2.998047 3.005859 3.009766 3.017578 3.021484 3.025391 3.013672 2.982422 2.943359 2.923828 2.935547 2.970703 3.013672 3.060547 3.060547 3.060547 3.060547 3.060547 3.060547
3.017578 3.017578 3.017578 3.025391 3.033203 3.041016 3.044922 3.044922 3.044922 3.044922 3.044922 3.044922 3.048828 3.048828 3.048828 3.048828 3.052734 3.052734 3.060547 3.048828 3.037109 3.029297 3.021484 3.021484 3.029297 3.044922 3.060547 3.056641 3.052734 3.052734 3.052734 3.048828 3.048828 3.048828 3.048828 3.048828 3.013672 2.982422 2.955078 2.943359 2.951172 2.962891 2.970703 2.982422 2.994141 3.001953 3.013672 3.017578 3.017578 3.017578 3.013672 2.994141 2.962891 2.951172 2.966797 3.001953 3.037109 3.060547 3.060547 3.060547 3.060547 3.060547 3.060547
2.994141 2.998047 3.009766 3.025391 3.037109 3.044922 3.044922 3.048828 3.048828 3.044922 3.044922 3.044922 3.044922 3.048828 3.048828 3.048828 3.044922 3.048828 3.052734 3.048828 3.033203 3.017578 3.005859 3.001953 3.005859 3.013672 3.033203 3.056641 3.052734 3.052734 3.048828 3.048828 3.044922 3.044922 3.048828 3.044922 3.001953 2.966797 2.935547 2.927734 2.935547 2.951172 2.966797 2.978516 2.990234 3.005859 3.017578 3.025391 3.025391 3.025391 3.017578 3.009766 2.998047 2.998047 3.009766 3.029297 3.044922 3.056641 3.060547 3.060547 3.060547 3.060547 3.060547
2.974609 2.982422 3.001953 3.025391 3.041016 3.044922 3.041016 3.033203 3.041016 3.048828 3.048828 3.044922 3.044922 3.048828 3.048828 3.048828 3.037109 3.041016 3.044922 3.041016 3.029297 3.017578 3.005859 2.998047 2.994141 2.994141 3.005859 3.029297 3.052734 3.052734 3.048828 3.048828 3.044922 3.044922 3.048828 3.041016 3.001953 2.966797 2.939453 2.927734 2.935547 2.951172 2.962891 2.978516 2.994141 3.009766 3.025391 3.033203 3.037109 3.033203 3.029297 3.033203 3.037109 3.037109 3.037109 3.041016 3.044922 3.044922 3.056641 3.060547 3.060547 3.060547 3.060547
2.962891 2.978516 3.001953 3.029297 3.041016 3.048828 3.033203 3.021484 3.025391 3.044922 3.048828 3.048828 3.048828 3.048828 3.048828 3.048828 3.037109 3.029297 3.037109 3.037109 3.033203 3.021484 3.009766 3.005859 2.994141 2.986328 2.990234 3.013672 3.044922 3.056641 3.052734 3.048828 3.048828 3.048828 3.048828 3.048828 3.017578 2.986328 2.955078 2.943359 2.939453 2.951172 2.962891 2.978516 2.994141 3.013672 3.029297 3.037109 3.044922 3.044922 3.048828 3.060547 3.060547 3.060547 3.056641 3.048828 3.044922 3.044922 3.048828 3.060547 3.060547 3.060547 3.060547
2.958984 2.978516 3.009766 3.033203 3.044922 3.048828 3.033203 3.017578 3.017578 3.033203 3.048828 3.048828 3.048828 3.048828 3.048828 3.048828 3.044922 3.025391 3.025391 3.033203 3.033203 3.025391 3.017578 3.013672 3.005859 2.994141 2.998047 3.013672 3.041016 3.060547 3.060547 3.052734 3.052734 3.048828 3.048828 3.052734 3.037109 3.009766 2.982422 2.958984 2.951172 2.955078 2.966797 2.978516 2.994141 3.009766 3.021484 3.037109 3.048828 3.056641 3.060547 3.060547 3.060547 3.060547 3.060547 3.060547 3.052734 3.044922 3.041016 3.048828 3.060547 3.060547 3.060547
2.970703 2.990234 3.013672 3.037109 3.044922 3.048828 3.041016 3.021484 3.017578 3.021484 3.037109 3.048828 3.048828 3.048828 3.048828 3.048828 3.048828 3.025391 3.017578 3.017578 3.025391 3.025391 3.025391 3.021484 3.013672 3.005859 3.005859 3.013672 3.033203 3.052734 3.060547 3.060547 3.056641 3.052734 3.052734 3.052734 3.048828 3.025391 2.998047 2.974609 2.962891 2.962891 2.974609 2.982422 2.990234 2.998047 3.009766 3.021484 3.041016 3.060547 3.060547 3.060547 3.060547 3.060547 3.060547 3.060547 3.060547 3.048828 3.041016 3.041016 3.056641 3.060547 3.060547
2.990234 3.001953 3.025391 3.041016 3.044922 3.048828 3.048828 3.033203 3.017578 3.013672 3.021484 3.033203 3.052734 3.048828 3.048828 3.048828 3.048828 3.025391 3.013672 3.009766 3.013672 3.021484 3.021484 3.025391 3.017578 3.009766 3.009766 3.017578 3.025391 3.041016 3.056641 3.060547 3.056641 3.052734 3.052734 3.052734 3.044922 3.029297 3.009766 2.982422 2.970703 2.966797 2.974609 2.982422 2.982422 2.986328 2.990234 3.001953 3.025391 3.060547 3.060547 3.060547 3.060547 3.060547 3.060547 3.060547 3.060547 3.060547 3.048828 3.037109 3.044922 3.060547 3.060547
3.009766 3.021484 3.033203 3.044922 3.048828 3.048828 3.048828 3.041016 3.025391 3.013672 3.009766 3.013672 3.029297 3.044922 3.052734 3.052734 3.044922 3.029297 3.013672 3.009766 3.009766 3.017578 3.021484 3.025391 3.017578 3.009766 3.009766 3.017578 3.021484 3.033203 3.041016 3.041016 3.041016 3.033203 3.029297 3.029297 3.029297 3.021484 3.009766 2.994141 2.978516 2.974609 2.974609 2.974609 2.974609 2.970703 2.970703 2.978516 3.009766 3.052734 3.060547 3.060547 3.060547 3.060547 3.060547 3.060547 3.060547 3.060547 3.060547 3.048828 3.037109 3.044922 3.060547
3.029297 3.037109 3.041016 3.044922 3.048828 3.048828 3.048828 3.041016 3.025391 3.009766 3.001953 2.998047 3.005859 3.021484 3.033203 3.041016 3.037109 3.025391 3.013672 3.013672 3.013672 3.017578 3.025391 3.029297 3.017578 3.005859 3.009766 3.013672 3.021484 3.025391 3.029297 3.025391 3.021484 3.013672 3.005859 3.009766 3.013672 3.013672 3.009766 3.001953 2.990234 2.978516 2.974609 2.970703 2.962891 2.958984 2.958984 2.974609 3.005859 3.048828 3.060547 3.060547 3.060547 3.060547 3.060547 3.060547 3.060547 3.060547 3.060547 3.060547 3.044922 3.037109 3.044922
3.037109 3.044922 3.048828 3.048828 3.048828 3.048828 3.048828 3.033203 3.021484 3.005859 2.994141 2.990234 2.994141 3.001953 3.009766 3.017578 3.021484 3.017578 3.013672 3.013672 3.017578 3.025391 3.033203 3.033203 3.017578 3.005859 2.998047 3.005859 3.013672 3.017578 3.017578 3.009766 3.005859 2.998047 2.994141 2.998047 3.001953 3.009766 3.013672 3.009766 2.998047 2.986328 2.974609 2.966797 2.958984 2.958984 2.970703 2.986328 3.013672 3.048828 3.060547 3.060547 3.060547 3.060547 3.056641 3.056641 3.060547 3.060547 3.060547 3.060547 3.056641 3.041016 3.037109
3.041016 3.048828 3.048828 3.048828 3.048828 3.048828 3.037109 3.025391 3.013672 2.998047 2.990234 2.986328 2.986328 2.990234 2.990234 2.998047 3.001953 3.005859 3.005859 3.013672 3.021484 3.033203 3.041016 3.037109 3.017578 2.998047 2.986328 2.990234 3.001953 3.009766 3.009766 3.001953 2.994141 2.990234 2.986328 2.990234 2.998047 3.005859 3.013672 3.013672 3.005859 2.990234 2.978516 2.966797 2.962891 2.966797 2.982422 2.998047 3.021484 3.044922 3.060547 3.060547 3.060547 3.060547 3.056641 3.052734 3.052734 3.056641 3.060547 3.060547 3.060547 3.052734 3.037109
3.044922 3.048828 3.048828 3.052734 3.048828 3.041016 3.029297 3.017578 3.005859 2.990234 2.982422 2.982422 2.978516 2.982422 2.982422 2.986328 2.986328 2.990234 2.994141 3.009766 3.025391 3.037109 3.044922 3.041016 3.021484 2.994141 2.974609 2.974609 2.986328 3.001953 3.005859 3.001953 2.994141 2.986328 2.986328 2.986328 2.994141 3.001953 3.013672 3.017578 3.005859 2.994141 2.978516 2.966797 2.966797 2.974609 2.990234 3.005859 3.025391 3.044922 3.060547 3.060547 3.060547 3.060547 3.060547 3.056641 3.052734 3.052734 3.052734 3.056641 3.060547 3.060547 3.052734
