py_wake/examples/data/AJ_ParqueFicticio/Rough survey   Sector 12   Height 30m   Orographic turn.grd
DSAA
73  159
 258469   265669
 6501692   6517492
-60.97178   44.63027
[rows 81 to 107 of 159, columns 0 to 60 of 73]
-5.007984 -5.351029 -4.929758 -4.434349 -4.876161 -5.474917 -6.914704 -7.205867 -7.454318 -7.845515 -8.143774 -7.463267 -7.734294 -7.398383 -6.262783 -5.591934 -5.792187 -5.488235 -5.190563 -4.540902 -5.207416 -6.25143 -6.879943 -7.86692 -7.282793 -6.116744 -6.548751 -9.197433 -11.74915 -13.00936 -10.85178 -8.42279 -5.627088 -6.885981 -6.631271 -6.179234 -6.71385 -5.46937 -6.703711 -7.743151 -7.140741 -4.196553 -2.159275 -.3989242 -.2752903 .3995193 2.505566 2.925846 3.207826 3.365352 3.765143 3.951037 3.656089 2.591948 1.149216 -.1257523 2.43784 2.468457 3.625642 5.349444 6.040186
-5.253786 -5.719308 -5.520905 -5.30329 -5.585101 -6.271465 -7.997288 -8.213102 -8.414545 -8.762352 -9.367255 -8.373305 -7.912071 -7.909672 -7.371831 -7.175527 -7.456173 -6.166842 -6.121758 -6.07258 -6.368753 -6.600891 -7.712173 -8.730207 -8.628017 -9.157291 -9.460389 -11.78045 -13.87555 -14.51385 -11.54183 -9.544523 -6.990615 -7.469633 -7.263849 -5.490553 -6.4731 -4.618886 -7.148257 -9.775136 -8.157784 -4.501256 -2.073205 -.1551239 -.09110475 .7065669 3.430626 4.261659 4.293786 3.960567 3.461781 2.872425 2.107392 1.118957 -.3530329 -1.221274 .07934815 1.006068 2.947046 4.964011 5.858352
-6.116058 -6.090628 -6.215526 -6.214084 -6.642009 -7.344182 -8.356905 -8.883316 -9.202861 -9.808929 -9.355409 -8.627522 -8.835106 -9.142295 -9.67732 -9.839278 -8.855366 -7.252708 -6.893102 -7.567842 -7.18138 -7.140693 -7.694637 -8.141144 -9.546273 -10.62922 -11.09323 -12.1397 -13.80136 -13.85601 -10.55514 -8.353238 -6.409632 -3.788652 -5.559511 -2.695859 -4.822454 -6.099029 -8.90593 -6.344203 -4.647408 -4.047929 -2.020832 .255204 -2.481586 -1.454589 2.733641 3.340948 4.746635 4.514074 2.921549 1.75166 .7832141 -.3228921 -2.661826 -2.774685 -1.710202 .1637146 2.604494 4.891165 6.912978
-5.659524 -6.088898 -6.574359 -6.910892 -7.316844 -8.084157 -8.731515 -9.504512 -10.23963 -10.27075 -10.03642 -9.917316 -10.18923 -10.09072 -10.75867 -9.611254 -9.768968 -9.441127 -7.98255 -8.000031 -8.190621 -7.798608 -7.363209 -7.42741 -7.623489 -8.41212 -9.21934 -11.20465 -12.34575 -12.40648 -9.252641 -6.852342 -6.25737 -4.118049 -5.514155 -1.621814 -3.562207 -5.120482 -4.277472 -5.90588 -6.730422 -7.208437 -4.675776 -1.975557 -3.964034 -3.682083 .7784584 2.483181 5.758764 6.094692 2.930095 1.040888 -.2859876 -1.659417 -3.587343 -3.257027 -1.775537 .3648839 2.825304 5.507856 7.79409
-6.863693 -6.880142 -7.022744 -7.500975 -8.071515 -8.601176 -9.187835 -10.16022 -10.46937 -10.70688 -10.93855 -11.34063 -11.96387 -11.44723 -10.62108 -10.13787 -10.8437 -11.05885 -9.325029 -8.95355 -9.151414 -8.555962 -8.010509 -6.766907 -7.344716 -9.519398 -11.50712 -13.73199 -14.01409 -13.22513 -9.893509 -6.998696 -8.963013 -6.776456 -7.260805 -2.250789 -2.981442 -5.484701 -6.283238 -6.116408 -6.637177 -5.940315 -5.689257 -2.532793 -2.882561 -3.614677 -.4757573 1.488502 3.998152 6.874379 4.197554 .4873044 -.7480139 -1.252656 -2.366573 -2.350478 .01224116 2.212467 4.030319 6.056504 8.375566
-7.844416 -7.47886 -7.528713 -8.191111 -8.530801 -8.899625 -9.885009 -10.25642 -10.50258 -11.15059 -11.71397 -11.53768 -11.23636 -11.14673 -10.64451 -10.61355 -10.52124 -10.16892 -10.82729 -11.37698 -11.30568 -10.76506 -10.54074 -8.718161 -10.17344 -14.13747 -17.64728 -19.42658 -19.60954 -16.5616 -12.93436 -10.47892 -9.225833 -7.568783 -7.144613 -2.827646 -2.495779 -5.341979 -6.085919 -6.470128 -7.293602 -6.354642 -4.033078 -1.339301 .3181007 .8039529 .1520456 2.005375 4.180872 10.30322 8.0406 3.874659 -.4725918 .07203221 -.7608116 -1.628097 1.796182 3.682214 4.874346 5.686146 7.834867
-7.682835 -7.825477 -8.019955 -8.99153 -9.292446 -9.509532 -10.45058 -10.13929 -10.59354 -11.52995 -11.7238 -11.97982 -12.07882 -12.42315 -12.15299 -11.57806 -10.92669 -11.25583 -11.48289 -11.62458 -13.18066 -14.41352 -15.39868 -15.13139 -15.37381 -19.34809 -24.75294 -25.16129 -24.37397 -20.53843 -13.33027 -7.97894 -6.576949 -4.728698 -4.003118 -1.876492 -1.310484 -3.679787 -6.988938 -7.879991 -8.017756 -6.596416 -4.259215 .3430465 1.68659 2.609003 2.194948 1.68119 4.612503 9.274643 9.987141 7.425672 3.601687 1.489564 .7502028 .1345872 2.528291 4.282764 4.775568 5.26118 8.064384
-8.054495 -8.465022 -9.129757 -9.653711 -10.21824 -10.92045 -11.16417 -10.92537 -11.85988 -12.37338 -12.44501 -12.90606 -13.04261 -12.87915 -12.97785 -12.86308 -12.20529 -12.66783 -12.3546 -12.99891 -14.09312 -15.91846 -18.3889 -21.19567 -21.69344 -21.4655 -25.42449 -25.74083 -22.30921 -15.03055 -8.678084 -3.380005 -3.022278 -1.66918 -.1610811 .4459463 -.7895119 -4.282273 -6.813283 -8.052907 -7.82856 -5.849757 -3.23946 -.3509001 1.315798 1.018848 2.114225 -.6030253 2.546659 5.305614 7.013919 6.998737 9.232841 4.135777 1.246908 -.3952465 1.480862 4.392976 4.829423 4.687784 9.219328
-8.863675 -9.411204 -9.402508 -9.751628 -10.92175 -11.37687 -12.2393 -12.81412 -13.52846 -13.01657 -13.5358 -13.15679 -13.50029 -13.78955 -14.17073 -14.8466 -14.35546 -13.88966 -13.99284 -13.45619 -14.07373 -15.37283 -17.44161 -19.18958 -19.55496 -18.38647 -20.79669 -20.62829 -16.0588 -9.183283 -2.213561 -.1220289 -.301835 .3830326 2.273925 .32808 -1.610684 -3.704126 -5.93378 -7.060143 -6.483961 -5.900625 -3.305966 -2.282083 -1.51879 -3.710835 -2.985492 -4.495346 -2.235449 -.1452389 -.7351224 -.3218899 3.028954 1.8277 -1.176325 -1.868262 -.5889237 2.589639 3.627923 3.832417 8.92416
-8.670627 -8.936349 -9.612221 -10.34038 -11.1658 -12.01079 -13.36655 -13.31806 -14.16929 -14.297 -14.63783 -13.98981 -14.50428 -14.97807 -14.90115 -15.01467 -15.72892 -16.47255 -15.67067 -14.02953 -13.14581 -13.90738 -14.52844 -15.05452 -13.34311 -9.997853 -11.93163 -14.83737 -11.93218 -5.596853 .4525513 2.342311 1.823415 1.879527 3.364426 .7009642 2.226759 -2.556241 -5.577038 -5.927344 -6.21655 -5.045833 -3.520724 -2.763082 -3.338679 -2.272099 -1.343937 .303008 1.389216 -1.375199 -2.56647 -5.877668 -1.747664 3.043468 -1.223584 -3.455802 -5.296913 -4.392855 -1.239347 2.573206 9.755692
-8.732549 -9.246018 -9.779416 -10.23526 -11.20351 -12.96804 -13.44882 -14.03125 -14.6687 -14.64041 -14.82477 -14.94965 -14.65358 -15.09882 -15.39126 -15.62674 -16.20892 -17.76505 -17.96676 -14.70732 -11.03667 -11.40375 -12.05777 -11.90613 -9.609867 -5.599216 -6.758392 -11.32837 -10.18933 -3.278292 1.635301 4.150396 3.999785 7.888093 4.072624 3.407757 4.060261 .7626005 -4.43307 -6.500761 -5.443841 -4.484131 -1.566337 -1.340254 1.299427 3.902755 4.117922 4.493324 4.388061 2.914935 2.297153 1.778675 1.866168 3.108993 4.140013 -4.383296 -9.144041 -7.250193 .6127542 7.682449 15.30402
-8.850677 -9.613067 -10.23798 -10.89745 -12.00607 -12.66316 -13.58671 -14.01166 -14.33484 -15.0045 -14.88013 -14.41889 -14.88269 -14.80802 -14.88996 -15.625 -16.10436 -17.42981 -18.24839 -15.16267 -7.289625 -7.069176 -8.812922 -10.07978 -7.783957 -3.751209 -4.542821 -8.267514 -8.451926 -.7787657 4.01096 5.972338 6.227166 8.97411 2.202176 .981384 5.124083 5.666159 -1.722487 -5.983645 -6.113197 -2.786034 .7148511 3.482586 4.912954 5.049631 4.74422 6.766567 5.98502 6.735833 6.088429 4.834463 5.431685 4.014812 5.745626 3.507838 2.575865 2.129076 6.55926 12.73837 23.99592
-9.503469 -10.28314 -10.89894 -11.16931 -11.52012 -12.83909 -13.63201 -14.19318 -14.52191 -14.73143 -14.88091 -14.71619 -14.64104 -15.04674 -14.59087 -14.07633 -14.28267 -15.73926 -16.84144 -13.29178 -3.244697 -.24574 -6.901391 -8.944418 -6.81427 -2.754678 -2.333443 -4.475847 -3.978516 1.636722 5.105813 6.237991 7.190006 7.20914 4.995468 1.029866 3.157604 6.062099 -.136655 -4.652665 -3.753139 1.043618 5.053729 7.036887 5.343419 4.912069 6.283215 6.423341 8.704061 9.219836 7.686451 6.260324 6.824987 4.807292 7.790706 9.479808 11.48448 10.32722 10.68084 14.85149 28.0519
-9.872447 -10.58727 -11.22896 -11.95878 -12.39108 -12.78217 -13.85386 -14.64916 -15.03992 -14.94063 -15.03312 -15.4229 -15.42725 -15.35951 -14.31987 -12.8331 -11.78345 -12.81466 -14.1179 -11.18134 -1.047934 5.622838 -2.526397 -8.292027 -6.139627 -.8306502 .03013341 -1.17221 -2.62834 1.546124 3.707081 4.981291 8.148964 7.487143 2.385253 1.145912 5.076428 8.260112 3.474301 .5599672 .8023441 3.259015 6.135235 6.932007 4.446745 4.491457 5.352693 6.302703 8.036974 8.520511 7.400741 6.652993 7.235539 6.90327 8.057385 8.266654 10.34698 9.143687 9.416365 12.54647 25.24312
-10.92446 -11.48975 -12.26607 -12.4978 -13.12557 -13.45339 -13.88799 -14.19198 -14.54477 -14.68093 -14.8657 -15.07077 -15.54912 -16.24524 -15.01845 -12.2164 -9.363001 -10.52784 -12.39693 -10.85108 -2.616379 8.245467 3.204131 -6.049375 -4.266591 2.205982 4.125022 .4877276 -.4361743 -.3042481 .08354211 2.692026 6.636041 8.271541 3.330699 .8530402 3.78011 8.917912 7.122955 1.916239 2.903445 4.027663 6.691499 5.677354 4.281765 3.706022 5.013222 7.603045 7.192798 7.608937 6.220136 6.863336 9.053299 8.066356 7.341105 7.633849 9.25226 9.445946 8.521463 11.24284 19.68779
-11.34073 -12.30865 -12.25429 -12.40068 -12.78289 -13.62702 -13.70472 -14.1643 -14.3903 -14.43438 -14.49572 -14.63783 -15.06152 -15.93769 -15.46993 -11.77957 -6.720526 -8.438207 -12.14742 -10.52579 -3.109615 8.873142 7.743138 -2.445536 -1.782628 .7702727 3.192843 -3.295085 -7.902357 -7.907159 -6.389834 .1285998 10.15085 13.10169 6.76873 2.92345 5.834075 12.80192 11.46736 4.968221 4.669954 4.114555 4.924935 4.784896 4.059509 4.60956 5.527179 6.586683 5.877925 5.893114 4.272304 4.357787 5.712141 4.713418 6.209702 8.078614 9.074077 11.27978 10.48363 10.6243 15.20835
-11.85517 -12.55667 -12.81285 -12.4033 -12.12631 -13.01174 -13.71357 -13.96286 -13.9489 -14.06059 -13.82985 -13.72074 -13.9916 -14.8321 -14.61997 -11.42765 -6.045227 -6.32789 -11.93623 -10.42386 -4.213781 7.058654 7.630581 .4412636 -2.596521 -2.714339 -6.253032 -13.61895 -18.98759 -16.5456 -8.996675 1.415774 13.41034 18.15199 12.40695 6.326849 8.742703 13.37042 10.75112 4.775122 1.778564 2.277335 3.336014 3.508515 3.405434 3.997051 2.747664 4.295643 2.969547 2.722887 1.648895 -3.388005 -2.794485 -5.67948 -3.391144 -2.29469 5.917826 8.320988 9.142193 12.35947 13.70508
-11.33644 -12.67517 -13.40428 -12.95181 -12.48601 -12.95874 -13.7218 -13.62843 -13.62986 -13.81426 -12.97204 -12.32016 -11.69415 -12.32547 -12.29967 -9.437228 -4.008019 -2.769568 -9.517085 -9.769308 -4.041077 4.89848 6.730914 1.555861 -5.963957 -6.746472 -9.678384 -16.2099 -17.27856 -7.737007 2.071477 8.651823 18.57102 21.57232 16.44195 8.827243 10.11206 11.17871 8.71207 3.984844 .7733613 .4300409 1.972657 2.498292 1.339037 .06240491 -2.40271 -2.581413 -6.216933 -5.924282 -8.219174 -10.98043 -11.17348 -10.05814 -3.683986 -1.945475 1.726157 9.316778 11.01814 10.70758 11.88322
-11.82283 -13.31982 -13.48412 -13.18867 -12.16875 -11.93096 -13.34334 -13.19396 -12.43989 -12.84717 -11.93637 -10.36876 -8.690161 -8.7359 -8.941953 -7.15585 -1.943852 .5022011 -4.54384 -6.593642 -3.007091 5.099102 5.802208 1.16292 -7.43332 -9.695979 -10.54261 -8.880487 -4.911117 2.031663 8.055962 12.12684 17.31692 19.97501 16.8455 11.09293 6.764096 7.431335 6.793979 1.55108 -1.942848 -2.104343 -1.281355 -1.606176 -2.19951 -2.641441 -6.050487 -7.045226 -12.32261 -15.97265 -14.87384 -12.63526 -7.857227 -2.452933 2.652603 6.876172 9.586865 14.64397 14.29646 18.28629 20.05126
-11.68766 -12.16251 -12.50498 -12.54033 -11.41315 -9.785398 -11.98654 -12.00241 -10.48403 -10.7324 -9.858017 -7.638778 -6.309237 -5.893611 -6.648961 -4.83281 -.6399757 1.959721 -.6923724 -3.704566 -1.046358 4.806273 4.50785 -2.637975 -9.783159 -11.97265 -6.651812 -1.913261 .963315 4.519787 8.521555 11.93947 16.6749 16.31814 12.71867 9.460421 5.332542 3.989144 1.419966 -.9945323 -4.385832 -8.057627 -7.046217 -6.442431 -5.266575 -5.295063 -7.149505 -10.19548 -14.74617 -14.78317 -9.119417 -4.102838 .4918141 2.572723 6.520157 10.89096 14.26436 18.14662 22.71723 24.85871 26.76012
-10.42823 -10.48763 -10.93433 -11.49312 -10.33102 -7.629174 -8.299096 -10.13331 -8.041825 -7.677033 -7.79873 -5.050317 -3.576083 -3.214649 -3.207494 -2.05345 .8155828 1.901084 .9475948 -.8549641 -.001674331 1.864892 .7870368 -5.42558 -9.941783 -6.498751 .2682818 4.852082 4.651544 5.093801 6.846796 10.02524 14.59545 16.08939 11.06739 8.202206 5.114105 3.531109 1.026012 -4.534809 -10.60325 -12.3778 -12.85939 -10.5128 -6.078858 .5617515 -2.70682 -7.052736 -7.578075 -6.315224 -2.631433 1.11287 4.616098 7.976666 11.05021 14.25767 17.72789 20.30984 23.79169 26.93 29.60603
-8.204425 -9.160858 -9.766931 -10.6016 -9.333866 -4.759054 -3.354944 -7.123909 -5.630644 -4.186098 -4.972383 -2.451538 -.5057763 -.3984467 .5137786 .7930339 2.397816 2.367018 1.362143 -.7196481 -1.633016 .1118864 -1.356388 -2.870605 -2.479476 .03536929 3.561134 5.208041 4.662579 3.805822 4.38397 7.855023 12.41821 12.54706 9.3297 6.719001 4.069965 2.303762 -2.777155 -5.617195 -11.32518 -12.89947 -10.32216 -2.76892 1.450784 6.0855 4.264796 .732611 -3.307183 -3.914661 -1.70435 1.951669 6.8188 11.21898 14.57638 15.30962 18.44851 19.65489 22.69363 24.71715 27.61805
-6.136089 -7.11978 -8.248314 -9.284794 -8.184071 -3.844402 -.188153 -3.943974 -3.503362 -1.389867 -1.977619 -.7456647 1.614187 2.166066 3.843178 3.964323 4.278254 3.426388 .788528 -1.586695 -1.292678 .8247567 2.774249 3.647378 2.625862 2.774241 1.035265 1.683437 .5723924 .1804885 2.263474 6.274247 10.05293 10.47699 7.698846 4.497224 2.80687 2.005342 -2.395977 -5.246505 -5.268608 -5.097381 -.119233 .4282238 3.937374 10.60671 10.82628 5.550965 -.8812925 -2.641157 -2.563948 .3310633 5.788434 10.6764 14.04307 14.07655 15.99079 17.91187 19.97365 23.32482 31.84952
-4.638144 -5.395756 -5.920751 -7.146323 -7.387864 -3.65399 .3778107 -1.24735 -2.254589 -1.362691 -1.169308 -.7709043 2.047075 4.223083 6.81061 7.553764 6.539617 5.105644 2.360862 1.045528 2.170838 5.308606 7.497006 7.448875 4.540697 .9810233 -2.798307 -2.577195 -2.642143 -1.47255 2.564027 7.258268 10.40673 9.284186 6.658982 3.662258 3.492675 1.119273 -2.356941 -3.569261 -2.52021 -1.740008 -.6165422 -.3116356 2.663743 8.120539 14.19428 12.12164 3.497849 -.9069593 -2.117916 -1.225813 3.047534 9.176323 12.00462 14.39202 17.19357 19.86513 21.1373 23.68684 33.18468
-4.08798 -3.314234 -4.511638 -7.034717 -7.932856 -5.283113 -.9195805 -.1727815 -.7560455 -1.169644 -1.043001 -.6889224 2.055919 5.650513 9.847416 11.69753 9.833263 7.099776 5.023094 4.059074 6.451631 8.974422 10.39507 7.884652 2.962947 -1.186442 -3.822502 -3.408645 -1.138252 .9449022 5.657299 8.998774 11.41867 10.48307 7.062999 5.647452 4.820061 .9979911 -.4191304 -1.811832 -4.661738 -5.316997 -4.836763 -.03651925 2.322973 7.390135 17.89737 21.61228 10.58521 2.970877 -.03448044 -.5569106 2.793362 9.698898 14.07539 17.90763 21.15948 22.7102 23.01364 23.77937 29.65304
-4.816842 -2.444514 -3.326521 -6.771962 -8.742522 -6.571219 -3.532965 -.6593185 .3721846 .04196518 -.384786 .2358153 2.112283 7.22233 11.31455 15.64556 12.81298 8.880503 6.631104 5.298752 7.223635 9.317762 10.70875 6.465306 1.311935 -2.672458 -2.905997 -2.102261 .5951408 3.212418 7.280586 10.31942 11.33327 11.09554 7.407583 6.112075 3.318165 -.3872784 -2.196601 -3.241453 -6.120433 -8.878943 -5.382695 1.057142 7.249879 10.76295 18.6017 27.97358 21.61858 8.554205 3.201708 2.946187 4.652288 12.98163 17.34743 19.05706 21.62249 23.14662 23.07749 23.58904 27.33314
-4.201138 -.9163327 -2.076055 -3.915054 -6.304338 -5.75496 -3.334795 -.08843596 2.918207 2.67358 1.114836 .5893075 2.660653 7.868197 11.45108 18.0685 18.6501 11.42292 6.309257 5.22422 5.543617 7.885019 9.77738 6.665201 1.166624 -.1898978 -1.160888 -.7783273 1.564371 3.690724 7.028925 9.502901 10.54742 9.534094 7.253368 5.974878 3.32794 -1.358936 -3.656245 -5.290986 -6.849451 -7.169215 -2.208229 7.628329 14.77525 15.85361 18.8252 27.29282 27.99011 16.3741 6.251933 4.448825 7.373873 13.41782 17.27807 16.92437 18.32866 20.16678 21.14819 21.82036 26.20618
