py_wake/examples/data/AJ_ParqueFicticio/Rough survey   Sector 8   Height 200m   Weibull-A.grd
DSAA
73  159
 258469   265669
 6501692   6517492
 5.886637   12.32152
[rows 56 to 83 of 159, columns 0 to 62 of 73]
8.432706 8.445445 8.457667 8.465569 8.466139 8.455961 8.431538 8.403904 8.378894 8.364111 8.340909 8.322849 8.281167 8.252819 8.229886 8.208549 8.201846 8.198867 8.196861 8.186911 8.174783 8.153604 8.161319 8.174222 8.189689 8.18969 8.194647 8.213235 8.28071 8.403174 8.542385 8.655691 8.706431 8.797441 8.881362 8.961869 9.043548 9.125297 9.184858 9.232906 9.302879 9.347544 9.361476 9.313618 9.293079 9.2983 9.303356 9.248233 9.19674 9.137108 9.105182 9.04532 8.87887 8.649909 8.457654 8.399279 8.41072 8.396316 8.281509 8.129085 7.979418 7.870759 7.797216
8.424108 8.421821 8.438927 8.461227 8.459116 8.446636 8.419274 8.38879 8.357891 8.343443 8.329579 8.310314 8.289611 8.247195 8.230519 8.216445 8.202884 8.195401 8.193666 8.189108 8.19502 8.187354 8.181822 8.190223 8.203341 8.212027 8.222996 8.264852 8.373861 8.506963 8.649414 8.753235 8.809716 8.893706 8.980789 9.044103 9.108811 9.178729 9.241376 9.288891 9.339509 9.354867 9.307684 9.243902 9.2407 9.244875 9.19883 9.10393 9.049657 9.011106 8.97753 8.902868 8.742075 8.542498 8.402606 8.395638 8.416532 8.369725 8.221537 8.048002 7.892023 7.794185 7.744831
8.388296 8.38205 8.411225 8.439914 8.445181 8.415959 8.387444 8.3567 8.333997 8.313632 8.305354 8.292486 8.271505 8.243901 8.222849 8.215947 8.204681 8.192167 8.184921 8.185607 8.202494 8.211111 8.209014 8.214006 8.21454 8.227046 8.252064 8.302011 8.395878 8.519276 8.645498 8.731718 8.78945 8.858355 8.943495 9.018168 9.07808 9.133624 9.180522 9.22705 9.2714 9.250523 9.172879 9.1372 9.122168 9.119687 9.052851 8.949558 8.89761 8.87921 8.837565 8.737774 8.600845 8.435724 8.339559 8.35971 8.365402 8.318372 8.190871 8.018893 7.863024 7.765007 7.738428
8.378745 8.394361 8.41884 8.4327 8.422666 8.392969 8.355824 8.323068 8.302513 8.288568 8.276266 8.270572 8.253911 8.231106 8.202933 8.204577 8.202557 8.192668 8.186981 8.185555 8.200382 8.222049 8.232048 8.228059 8.231151 8.247134 8.272064 8.311527 8.373557 8.466311 8.56279 8.624245 8.676202 8.74876 8.835892 8.933127 9.018507 9.071139 9.099034 9.108908 9.120932 9.096965 9.046814 9.027851 9.011726 8.99307 8.923627 8.8229 8.770884 8.747404 8.689215 8.582375 8.46406 8.328544 8.269624 8.288408 8.281834 8.248154 8.144528 7.982321 7.83656 7.73152 7.723599
8.419363 8.438142 8.453358 8.451449 8.420526 8.377586 8.328203 8.289256 8.275368 8.267326 8.253795 8.242792 8.228301 8.205208 8.207335 8.191535 8.195613 8.193442 8.193585 8.202876 8.204679 8.210676 8.224265 8.238764 8.244061 8.264221 8.304311 8.354556 8.417572 8.476573 8.544035 8.581926 8.618762 8.684463 8.776691 8.867736 8.937051 8.98819 8.9884 8.989345 8.972044 8.93558 8.920077 8.930147 8.923425 8.896168 8.828595 8.757341 8.685274 8.629173 8.545487 8.441932 8.350224 8.257322 8.20386 8.216801 8.220675 8.193412 8.07544 7.906459 7.774023 7.687409 7.668273
8.463982 8.47463 8.477278 8.443723 8.394344 8.347287 8.298967 8.263398 8.258259 8.256565 8.249043 8.229192 8.215011 8.205099 8.201012 8.205555 8.191503 8.191339 8.192221 8.211244 8.224013 8.227015 8.229481 8.2425 8.254086 8.282088 8.342875 8.419128 8.506039 8.582043 8.627559 8.640597 8.658238 8.722091 8.767988 8.816948 8.87145 8.896664 8.889919 8.866818 8.840074 8.815712 8.823197 8.830206 8.827985 8.807877 8.746119 8.699144 8.643185 8.540411 8.415358 8.318321 8.2693 8.230474 8.152224 8.147836 8.155583 8.113729 7.98566 7.811529 7.679669 7.602151 7.548007
8.485403 8.497624 8.47175 8.430527 8.383079 8.331398 8.293798 8.262352 8.258009 8.258196 8.249029 8.234041 8.217298 8.207546 8.199333 8.192922 8.193794 8.172505 8.186196 8.205548 8.220706 8.225578 8.230925 8.247221 8.275941 8.310511 8.377024 8.470645 8.561116 8.635953 8.707572 8.722917 8.72847 8.765047 8.788691 8.814113 8.832128 8.819825 8.796907 8.769916 8.747254 8.733795 8.734967 8.743143 8.727477 8.719221 8.684211 8.639674 8.584091 8.496593 8.360558 8.243527 8.20942 8.190732 8.144258 8.080691 8.058142 7.992749 7.864136 7.692091 7.56341 7.480855 7.440398
8.484607 8.482566 8.453839 8.4253 8.37965 8.341758 8.309532 8.279965 8.258063 8.260679 8.254298 8.243868 8.223322 8.203094 8.193785 8.181231 8.171207 8.161068 8.163345 8.18206 8.19029 8.198074 8.217247 8.240098 8.277448 8.335228 8.405442 8.490807 8.57938 8.658296 8.721931 8.746119 8.756306 8.790658 8.829973 8.835802 8.813702 8.775342 8.735678 8.702223 8.666142 8.6366 8.627904 8.632031 8.64054 8.638514 8.610269 8.554891 8.509479 8.424423 8.302413 8.213035 8.170666 8.134525 8.071247 7.973791 7.890637 7.80682 7.673737 7.5221 7.410477 7.373449 7.356569
8.474857 8.459471 8.432488 8.403615 8.368677 8.341973 8.317411 8.290005 8.268185 8.256281 8.250716 8.238036 8.223855 8.202047 8.182262 8.170821 8.167113 8.170201 8.174451 8.165536 8.160791 8.180561 8.196892 8.2212 8.257558 8.326421 8.394168 8.4762 8.564848 8.637459 8.687799 8.717705 8.749306 8.785779 8.825726 8.82 8.772416 8.728473 8.691396 8.653717 8.590281 8.537356 8.516116 8.533584 8.550024 8.558731 8.516141 8.466844 8.419965 8.364218 8.282286 8.214239 8.132857 8.039561 7.964225 7.863818 7.71276 7.587795 7.458391 7.314822 7.231367 7.239196 7.26814
8.459428 8.430756 8.40722 8.378761 8.358892 8.335528 8.3199 8.29816 8.277275 8.251553 8.240232 8.23077 8.218336 8.201584 8.178321 8.16378 8.167076 8.173927 8.185346 8.173262 8.181526 8.189008 8.199929 8.222114 8.243987 8.281851 8.338826 8.415833 8.501238 8.566336 8.611099 8.639884 8.686089 8.726311 8.752327 8.739077 8.701734 8.650564 8.615152 8.568001 8.516516 8.473992 8.456737 8.473032 8.492036 8.474329 8.426488 8.404114 8.370515 8.318174 8.272506 8.21848 8.136477 8.005511 7.868366 7.753811 7.601006 7.469054 7.325461 7.176368 7.155211 7.177917 7.197117
8.432679 8.401943 8.37662 8.352986 8.338069 8.325265 8.313307 8.299949 8.27924 8.252489 8.232044 8.222761 8.21029 8.192094 8.178287 8.172274 8.173299 8.186382 8.195621 8.203406 8.197372 8.212959 8.218488 8.22089 8.226026 8.249004 8.308404 8.38005 8.435254 8.489141 8.529213 8.564484 8.617464 8.664217 8.671989 8.654139 8.622638 8.582541 8.530354 8.476823 8.437598 8.421015 8.409181 8.415554 8.434493 8.3943 8.356834 8.358658 8.336686 8.276109 8.25969 8.234192 8.149571 8.007605 7.834633 7.666759 7.544599 7.426505 7.332765 7.255847 7.230501 7.233833 7.213359
8.409204 8.388042 8.355927 8.335387 8.319213 8.308688 8.295402 8.290466 8.276965 8.245384 8.227034 8.211388 8.200063 8.184003 8.175956 8.175688 8.179645 8.190999 8.207666 8.213157 8.222742 8.217896 8.207356 8.202948 8.212818 8.247405 8.300479 8.346853 8.400826 8.447546 8.475542 8.521358 8.569557 8.601379 8.605642 8.598081 8.574999 8.538876 8.49253 8.436655 8.394032 8.376649 8.373777 8.360002 8.334602 8.295314 8.293342 8.30872 8.29553 8.232952 8.23768 8.228983 8.136654 7.994834 7.817729 7.630558 7.528918 7.434456 7.383366 7.368116 7.345047 7.316661 7.247393
8.389989 8.368835 8.342275 8.319135 8.304018 8.293134 8.288822 8.274897 8.265235 8.240241 8.217156 8.193695 8.188848 8.180016 8.177178 8.181977 8.184211 8.19488 8.2008 8.205224 8.204623 8.195962 8.168066 8.17956 8.208757 8.271429 8.321107 8.335799 8.368964 8.407958 8.43936 8.482933 8.524657 8.5526 8.56141 8.566021 8.550319 8.52244 8.479684 8.434845 8.41573 8.423137 8.413582 8.367523 8.285188 8.22758 8.213986 8.209539 8.168017 8.119046 8.147354 8.143619 8.053561 7.908445 7.747056 7.587319 7.484255 7.439872 7.426296 7.419605 7.403315 7.366818 7.26087
8.353564 8.340146 8.318029 8.295419 8.288175 8.280914 8.282065 8.254635 8.249251 8.230199 8.207587 8.182364 8.172213 8.172645 8.194292 8.210039 8.20393 8.198859 8.195515 8.186949 8.174232 8.155842 8.157966 8.171505 8.22851 8.290332 8.337404 8.357994 8.378886 8.404847 8.428799 8.447343 8.481989 8.51721 8.541072 8.552527 8.55179 8.527676 8.494162 8.478698 8.493793 8.490677 8.455224 8.376353 8.287078 8.216375 8.16701 8.112534 8.039855 7.994916 7.99576 7.949637 7.85233 7.713276 7.58859 7.483911 7.442453 7.445591 7.450272 7.449726 7.430413 7.396759 7.324414
8.310365 8.30574 8.285602 8.26756 8.273879 8.273434 8.261367 8.24876 8.227715 8.216729 8.196972 8.182946 8.164589 8.166354 8.210542 8.240797 8.23199 8.206165 8.183129 8.173557 8.158841 8.154248 8.172538 8.211744 8.253166 8.307082 8.333436 8.362804 8.401694 8.435369 8.443525 8.44153 8.464265 8.509085 8.551797 8.564866 8.571025 8.550139 8.53546 8.53725 8.547476 8.536122 8.473941 8.382558 8.291059 8.218532 8.136431 8.044491 7.954225 7.874785 7.808479 7.699413 7.599709 7.508981 7.453935 7.421733 7.432686 7.483821 7.510145 7.503522 7.481232 7.465382 7.402505
8.291718 8.273711 8.25359 8.244037 8.264119 8.264161 8.236003 8.22007 8.201119 8.198886 8.190257 8.18502 8.181697 8.179217 8.213759 8.235435 8.215033 8.188955 8.163321 8.148658 8.146938 8.158522 8.192304 8.236481 8.272066 8.305127 8.331723 8.357539 8.39455 8.439611 8.488081 8.501019 8.519877 8.553589 8.581196 8.596843 8.607266 8.594289 8.576826 8.575302 8.553552 8.518556 8.452612 8.375559 8.301945 8.228114 8.148026 8.045888 7.945149 7.850332 7.730619 7.591496 7.512643 7.473949 7.436641 7.42943 7.475959 7.544059 7.589434 7.588878 7.576763 7.548323 7.495323
8.294914 8.27325 8.253258 8.242087 8.241459 8.228069 8.197505 8.19114 8.197557 8.196494 8.196544 8.192496 8.18483 8.180444 8.183758 8.185807 8.162239 8.143447 8.124738 8.113662 8.11647 8.13207 8.173119 8.217789 8.260427 8.287868 8.316714 8.347614 8.390541 8.470979 8.546968 8.571837 8.589635 8.618421 8.617083 8.625042 8.60714 8.587008 8.578413 8.555637 8.533216 8.497352 8.424965 8.36224 8.290277 8.215188 8.135702 8.053031 7.968448 7.88586 7.798756 7.705206 7.653353 7.608918 7.558352 7.521726 7.547732 7.587102 7.634916 7.664087 7.660576 7.639489 7.597204
8.305429 8.282745 8.267613 8.236705 8.212452 8.190985 8.17149 8.173258 8.190238 8.185705 8.186624 8.185258 8.17743 8.159349 8.133239 8.125373 8.098044 8.081687 8.069875 8.062659 8.062471 8.0822 8.126378 8.171844 8.213274 8.254413 8.282746 8.338989 8.419997 8.52207 8.604885 8.634606 8.645492 8.657604 8.646736 8.607004 8.580147 8.561437 8.558982 8.552114 8.527907 8.483907 8.4055 8.330906 8.254642 8.157476 8.07121 7.977806 7.924356 7.87667 7.82093 7.78136 7.783509 7.758122 7.663813 7.597625 7.571451 7.593649 7.638834 7.687868 7.712083 7.690068 7.627525
8.301021 8.277438 8.261729 8.235178 8.203913 8.169518 8.143786 8.162239 8.176097 8.168771 8.16087 8.164022 8.154408 8.135683 8.106419 8.06218 8.032992 8.026576 8.019892 8.012601 8.014055 8.039602 8.087328 8.129622 8.1734 8.20782 8.256474 8.317155 8.43107 8.555417 8.636666 8.677996 8.694182 8.674342 8.636812 8.594162 8.55943 8.526584 8.507846 8.490919 8.458733 8.394039 8.329156 8.264677 8.159322 8.069287 7.96894 7.859959 7.812222 7.78719 7.744514 7.736854 7.752958 7.734061 7.652396 7.561612 7.522029 7.539731 7.588072 7.635499 7.660784 7.617528 7.501775
8.269543 8.256416 8.24301 8.216662 8.187712 8.151111 8.133398 8.151294 8.151906 8.137821 8.126241 8.121253 8.119679 8.095166 8.06054 8.022798 7.990722 7.990009 7.990193 7.986513 7.997089 8.009243 8.048323 8.090172 8.128167 8.157763 8.20383 8.269706 8.382413 8.504527 8.598884 8.65451 8.656404 8.634365 8.602985 8.574214 8.545561 8.500479 8.434233 8.381112 8.296062 8.214108 8.149249 8.055865 7.96004 7.867612 7.796526 7.727853 7.706892 7.70107 7.655767 7.637486 7.620915 7.579062 7.494945 7.430314 7.43115 7.444933 7.477079 7.512136 7.507013 7.447509 7.305102
8.221459 8.217201 8.206284 8.188245 8.155158 8.138301 8.118406 8.122647 8.112906 8.103869 8.091551 8.076577 8.069612 8.047421 8.024087 7.992031 7.968395 7.959114 7.965281 7.971153 7.985341 7.998343 8.018023 8.044543 8.068359 8.094597 8.132946 8.200475 8.310646 8.441168 8.556908 8.599435 8.60059 8.583732 8.54982 8.525446 8.495919 8.434452 8.336334 8.261429 8.183681 8.064182 7.942874 7.86096 7.771613 7.739854 7.715654 7.699614 7.700905 7.678838 7.620569 7.563098 7.508798 7.427681 7.359742 7.378163 7.411802 7.419478 7.412008 7.402579 7.368806 7.271211 7.125741
8.182105 8.16955 8.156367 8.138298 8.107851 8.091536 8.086421 8.078214 8.067105 8.059939 8.057405 8.04094 8.02412 8.006927 7.993679 7.966382 7.938595 7.923738 7.926551 7.941075 7.974725 8.007083 8.030559 8.041903 8.04328 8.050868 8.088364 8.165098 8.290827 8.432937 8.571877 8.59924 8.595016 8.562819 8.504466 8.44113 8.39959 8.331488 8.212458 8.127477 8.047764 7.936192 7.846739 7.812408 7.815197 7.84978 7.847499 7.833594 7.825844 7.749992 7.66438 7.593312 7.547333 7.523796 7.511888 7.550236 7.556538 7.549246 7.535116 7.487978 7.374927 7.242393 7.08483
8.149736 8.121236 8.100734 8.075216 8.041931 8.034814 8.039044 8.030217 8.02294 8.017905 8.014112 8.010916 7.992193 7.973176 7.958896 7.938941 7.909583 7.885451 7.880141 7.899481 7.944534 7.981639 8.026436 8.036357 8.028646 8.0442 8.106277 8.215311 8.37552 8.542451 8.647763 8.638731 8.608949 8.548559 8.480036 8.43082 8.380562 8.283971 8.167806 8.06129 7.933391 7.851023 7.838913 7.891197 7.955191 8.005327 8.023893 8.007678 7.960887 7.849205 7.768938 7.715612 7.721431 7.747485 7.796456 7.837959 7.839925 7.823082 7.778502 7.685014 7.552992 7.385394 7.212904
8.122217 8.077929 8.047945 8.017115 7.988337 7.991201 7.995959 8.003638 7.992704 7.976938 7.967191 7.961385 7.943512 7.924991 7.915868 7.908325 7.890028 7.861294 7.859176 7.87424 7.896368 7.930755 7.97069 7.988352 8.013926 8.063787 8.165154 8.322878 8.51486 8.660611 8.702627 8.647411 8.579128 8.504958 8.433993 8.377293 8.31406 8.219509 8.109562 8.01483 7.910081 7.883721 7.947709 8.014143 8.100981 8.134674 8.131459 8.096669 8.036042 7.97659 7.94512 7.930313 7.955154 8.013151 8.069738 8.106835 8.100078 8.084349 8.025084 7.898797 7.727683 7.551548 7.35807
8.085062 8.044188 8.001783 7.973971 7.970076 7.972568 7.975273 7.969612 7.953729 7.9263 7.904179 7.895665 7.87806 7.87408 7.87887 7.875613 7.868893 7.865483 7.862287 7.867049 7.884316 7.900414 7.91926 7.948311 7.99826 8.085892 8.232177 8.423664 8.626725 8.740088 8.719386 8.631369 8.531698 8.445996 8.361551 8.289646 8.203969 8.109036 8.016546 7.961178 7.951129 8.020252 8.117397 8.176739 8.221335 8.223835 8.185954 8.140233 8.116907 8.112052 8.12242 8.143454 8.168038 8.205832 8.239058 8.244583 8.212173 8.161621 8.06439 7.921591 7.761737 7.586327 7.400546
8.04148 8.013451 7.975367 7.94874 7.936737 7.946185 7.936316 7.918459 7.90235 7.874599 7.845152 7.819113 7.806558 7.825822 7.832875 7.839328 7.832401 7.847143 7.867701 7.874617 7.875576 7.893143 7.906998 7.926937 7.97772 8.092386 8.265562 8.472047 8.64909 8.723623 8.673962 8.57467 8.477316 8.387032 8.314578 8.239275 8.137159 8.042262 7.961308 7.953101 8.009912 8.115588 8.199189 8.257123 8.273156 8.264165 8.234649 8.210471 8.210532 8.217279 8.235955 8.263792 8.26925 8.28148 8.279766 8.23424 8.174591 8.101541 7.987575 7.85681 7.713131 7.55645 7.380296
7.99256 7.962842 7.943925 7.910142 7.886454 7.876 7.860818 7.848294 7.834367 7.815269 7.791288 7.766883 7.750221 7.75105 7.755048 7.741345 7.744867 7.78669 7.823221 7.839895 7.852507 7.872142 7.894565 7.921757 7.981885 8.099998 8.285634 8.489388 8.631943 8.671929 8.618424 8.524707 8.446512 8.371192 8.297483 8.206675 8.099572 7.999584 7.946794 7.978125 8.086876 8.186936 8.244915 8.267598 8.265267 8.252371 8.242093 8.235102 8.246128 8.264567 8.283858 8.286744 8.27458 8.26477 8.23359 8.175585 8.098766 8.021098 7.916407 7.801417 7.670356 7.517748 7.340769
7.946248 7.905121 7.882854 7.864263 7.832757 7.810338 7.800036 7.78355 7.770261 7.757804 7.744772 7.73073 7.700081 7.686424 7.675192 7.658462 7.663777 7.704712 7.741999 7.773682 7.817598 7.843476 7.882781 7.934608 8.021181 8.164469 8.351246 8.521912 8.626478 8.640247 8.589785 8.523871 8.458166 8.398945 8.312275 8.209632 8.084114 7.988857 7.979797 8.08881 8.195724 8.240585 8.242141 8.233009 8.215055 8.192497 8.184505 8.187391 8.213077 8.233936 8.251563 8.246765 8.237359 8.211581 8.167896 8.104328 8.027086 7.955311 7.861224 7.752246 7.624585 7.454167 7.275271
