py_wake/examples/data/AJ_ParqueFicticio/Rough survey   Sector 10   Height 200m   Weibull-k.grd
DSAA
73  159
 258469   265669
 6501692   6517492
 2.181641   2.462891
[rows 28 to 55 of 159, columns 0 to 62 of 73]
2.330078 2.333984 2.333984 2.337891 2.341797 2.341797 2.345703 2.349609 2.349609 2.353516 2.353516 2.357422 2.357422 2.361328 2.365234 2.365234 2.365234 2.369141 2.373047 2.373047 2.373047 2.376953 2.380859 2.380859 2.380859 2.380859 2.384766 2.384766 2.388672 2.388672 2.392578 2.392578 2.392578 2.396484 2.396484 2.396484 2.400391 2.400391 2.400391 2.400391 2.404297 2.404297 2.404297 2.400391 2.396484 2.392578 2.388672 2.384766 2.384766 2.388672 2.396484 2.400391 2.408203 2.396484 2.380859 2.365234 2.349609 2.345703 2.357422 2.376953 2.396484 2.416016 2.427734
2.330078 2.333984 2.333984 2.337891 2.341797 2.341797 2.345703 2.345703 2.349609 2.353516 2.353516 2.357422 2.357422 2.361328 2.365234 2.365234 2.365234 2.369141 2.373047 2.373047 2.373047 2.376953 2.380859 2.380859 2.380859 2.384766 2.384766 2.388672 2.388672 2.388672 2.392578 2.392578 2.392578 2.396484 2.396484 2.400391 2.400391 2.400391 2.400391 2.400391 2.404297 2.404297 2.404297 2.400391 2.400391 2.396484 2.396484 2.392578 2.396484 2.396484 2.400391 2.408203 2.412109 2.396484 2.384766 2.365234 2.353516 2.353516 2.365234 2.388672 2.412109 2.427734 2.431641
2.330078 2.333984 2.333984 2.337891 2.341797 2.341797 2.345703 2.345703 2.349609 2.349609 2.353516 2.357422 2.357422 2.361328 2.365234 2.365234 2.365234 2.369141 2.373047 2.373047 2.373047 2.376953 2.380859 2.380859 2.380859 2.384766 2.384766 2.388672 2.388672 2.388672 2.392578 2.392578 2.392578 2.396484 2.396484 2.396484 2.400391 2.400391 2.400391 2.400391 2.404297 2.404297 2.404297 2.404297 2.404297 2.400391 2.400391 2.404297 2.404297 2.404297 2.408203 2.412109 2.412109 2.400391 2.384766 2.369141 2.361328 2.361328 2.376953 2.400391 2.419922 2.431641 2.427734
2.330078 2.333984 2.333984 2.337891 2.341797 2.341797 2.345703 2.345703 2.349609 2.349609 2.353516 2.357422 2.357422 2.361328 2.365234 2.365234 2.365234 2.369141 2.373047 2.373047 2.373047 2.376953 2.380859 2.380859 2.380859 2.384766 2.384766 2.388672 2.388672 2.392578 2.392578 2.392578 2.392578 2.396484 2.396484 2.396484 2.400391 2.400391 2.400391 2.400391 2.404297 2.404297 2.404297 2.408203 2.404297 2.404297 2.408203 2.408203 2.408203 2.412109 2.412109 2.412109 2.412109 2.400391 2.384766 2.373047 2.369141 2.373047 2.388672 2.408203 2.427734 2.431641 2.419922
2.330078 2.333984 2.333984 2.337891 2.341797 2.341797 2.345703 2.345703 2.349609 2.349609 2.353516 2.357422 2.357422 2.361328 2.365234 2.365234 2.365234 2.369141 2.373047 2.373047 2.373047 2.376953 2.380859 2.380859 2.380859 2.384766 2.384766 2.388672 2.388672 2.392578 2.392578 2.392578 2.392578 2.396484 2.396484 2.400391 2.400391 2.400391 2.400391 2.400391 2.404297 2.404297 2.408203 2.408203 2.408203 2.408203 2.412109 2.412109 2.412109 2.412109 2.416016 2.416016 2.404297 2.396484 2.384766 2.376953 2.373047 2.380859 2.396484 2.416016 2.427734 2.427734 2.408203
2.330078 2.333984 2.333984 2.337891 2.341797 2.341797 2.345703 2.345703 2.349609 2.349609 2.353516 2.357422 2.357422 2.361328 2.365234 2.365234 2.365234 2.369141 2.373047 2.373047 2.373047 2.376953 2.380859 2.380859 2.380859 2.384766 2.384766 2.388672 2.388672 2.392578 2.392578 2.392578 2.392578 2.396484 2.396484 2.400391 2.400391 2.400391 2.400391 2.400391 2.400391 2.404297 2.408203 2.408203 2.412109 2.412109 2.412109 2.416016 2.416016 2.416016 2.416016 2.408203 2.396484 2.388672 2.380859 2.376953 2.380859 2.392578 2.408203 2.419922 2.427734 2.419922 2.396484
2.330078 2.330078 2.333984 2.337891 2.341797 2.341797 2.345703 2.345703 2.349609 2.349609 2.353516 2.357422 2.357422 2.361328 2.365234 2.365234 2.365234 2.369141 2.373047 2.373047 2.373047 2.376953 2.380859 2.380859 2.380859 2.384766 2.384766 2.388672 2.388672 2.392578 2.392578 2.392578 2.392578 2.396484 2.396484 2.400391 2.400391 2.400391 2.400391 2.400391 2.400391 2.404297 2.404297 2.408203 2.412109 2.412109 2.416016 2.416016 2.416016 2.416016 2.419922 2.412109 2.400391 2.388672 2.380859 2.380859 2.388672 2.400391 2.416016 2.427734 2.427734 2.412109 2.392578
2.326172 2.330078 2.333984 2.337891 2.341797 2.341797 2.345703 2.345703 2.349609 2.349609 2.353516 2.357422 2.357422 2.361328 2.365234 2.365234 2.365234 2.369141 2.373047 2.373047 2.373047 2.376953 2.380859 2.380859 2.380859 2.384766 2.384766 2.388672 2.388672 2.392578 2.392578 2.392578 2.392578 2.396484 2.396484 2.400391 2.400391 2.400391 2.400391 2.400391 2.400391 2.404297 2.404297 2.408203 2.412109 2.416016 2.416016 2.419922 2.419922 2.419922 2.419922 2.416016 2.404297 2.396484 2.388672 2.388672 2.396484 2.408203 2.423828 2.431641 2.431641 2.412109 2.392578
2.326172 2.330078 2.333984 2.337891 2.341797 2.341797 2.345703 2.345703 2.349609 2.349609 2.353516 2.357422 2.357422 2.361328 2.365234 2.365234 2.365234 2.369141 2.373047 2.373047 2.373047 2.376953 2.380859 2.380859 2.380859 2.384766 2.384766 2.388672 2.388672 2.392578 2.392578 2.392578 2.392578 2.396484 2.400391 2.400391 2.404297 2.404297 2.404297 2.404297 2.400391 2.404297 2.404297 2.408203 2.412109 2.416016 2.416016 2.419922 2.419922 2.419922 2.419922 2.416016 2.408203 2.404297 2.396484 2.396484 2.400391 2.412109 2.427734 2.431641 2.431641 2.412109 2.396484
2.330078 2.330078 2.333984 2.337891 2.341797 2.341797 2.345703 2.345703 2.349609 2.349609 2.353516 2.357422 2.357422 2.361328 2.365234 2.365234 2.365234 2.369141 2.373047 2.373047 2.373047 2.376953 2.380859 2.380859 2.380859 2.384766 2.384766 2.388672 2.392578 2.392578 2.392578 2.392578 2.396484 2.396484 2.400391 2.400391 2.404297 2.404297 2.404297 2.404297 2.404297 2.404297 2.408203 2.412109 2.412109 2.416016 2.412109 2.404297 2.404297 2.408203 2.408203 2.408203 2.408203 2.404297 2.400391 2.396484 2.404297 2.412109 2.423828 2.427734 2.423828 2.412109 2.404297
2.330078 2.333984 2.333984 2.337891 2.341797 2.341797 2.345703 2.345703 2.349609 2.349609 2.353516 2.357422 2.357422 2.361328 2.365234 2.365234 2.365234 2.369141 2.373047 2.373047 2.373047 2.376953 2.380859 2.380859 2.380859 2.384766 2.384766 2.388672 2.388672 2.392578 2.392578 2.392578 2.396484 2.396484 2.400391 2.400391 2.404297 2.404297 2.404297 2.404297 2.408203 2.408203 2.408203 2.412109 2.412109 2.416016 2.412109 2.404297 2.396484 2.396484 2.400391 2.400391 2.396484 2.396484 2.396484 2.396484 2.400391 2.408203 2.416016 2.416016 2.412109 2.408203 2.412109
2.330078 2.333984 2.333984 2.337891 2.341797 2.341797 2.345703 2.345703 2.349609 2.349609 2.353516 2.357422 2.357422 2.361328 2.365234 2.365234 2.365234 2.369141 2.373047 2.373047 2.373047 2.376953 2.380859 2.380859 2.384766 2.384766 2.384766 2.388672 2.388672 2.392578 2.392578 2.392578 2.396484 2.396484 2.400391 2.400391 2.404297 2.404297 2.404297 2.408203 2.408203 2.412109 2.412109 2.412109 2.412109 2.416016 2.416016 2.416016 2.404297 2.400391 2.396484 2.396484 2.392578 2.392578 2.392578 2.392578 2.396484 2.400391 2.400391 2.396484 2.396484 2.404297 2.416016
2.330078 2.333984 2.333984 2.337891 2.341797 2.341797 2.345703 2.345703 2.349609 2.349609 2.353516 2.357422 2.357422 2.361328 2.365234 2.365234 2.365234 2.369141 2.373047 2.373047 2.373047 2.376953 2.380859 2.380859 2.384766 2.384766 2.384766 2.388672 2.388672 2.392578 2.392578 2.392578 2.396484 2.396484 2.400391 2.400391 2.404297 2.404297 2.404297 2.408203 2.408203 2.412109 2.412109 2.412109 2.412109 2.416016 2.416016 2.419922 2.419922 2.408203 2.404297 2.396484 2.392578 2.388672 2.388672 2.388672 2.392578 2.392578 2.388672 2.380859 2.384766 2.392578 2.412109
2.330078 2.333984 2.333984 2.337891 2.341797 2.341797 2.345703 2.345703 2.349609 2.349609 2.353516 2.357422 2.357422 2.361328 2.365234 2.365234 2.365234 2.369141 2.373047 2.373047 2.373047 2.376953 2.380859 2.380859 2.384766 2.384766 2.384766 2.388672 2.388672 2.392578 2.392578 2.392578 2.396484 2.396484 2.400391 2.400391 2.404297 2.404297 2.404297 2.408203 2.408203 2.412109 2.412109 2.412109 2.412109 2.416016 2.416016 2.419922 2.419922 2.419922 2.408203 2.400391 2.392578 2.392578 2.388672 2.388672 2.388672 2.384766 2.380859 2.376953 2.376953 2.384766 2.400391
2.330078 2.333984 2.333984 2.337891 2.341797 2.341797 2.345703 2.345703 2.349609 2.349609 2.353516 2.357422 2.357422 2.361328 2.365234 2.365234 2.365234 2.369141 2.373047 2.373047 2.373047 2.376953 2.380859 2.380859 2.384766 2.384766 2.384766 2.384766 2.388672 2.392578 2.392578 2.392578 2.396484 2.396484 2.400391 2.400391 2.404297 2.404297 2.404297 2.408203 2.408203 2.412109 2.412109 2.412109 2.412109 2.412109 2.416016 2.419922 2.419922 2.419922 2.408203 2.400391 2.392578 2.388672 2.384766 2.380859 2.380859 2.376953 2.376953 2.376953 2.380859 2.384766 2.396484
2.330078 2.333984 2.333984 2.337891 2.341797 2.341797 2.345703 2.345703 2.349609 2.349609 2.353516 2.357422 2.357422 2.361328 2.365234 2.365234 2.365234 2.369141 2.373047 2.373047 2.373047 2.376953 2.380859 2.380859 2.384766 2.384766 2.384766 2.384766 2.388672 2.392578 2.392578 2.392578 2.396484 2.396484 2.400391 2.400391 2.400391 2.404297 2.404297 2.408203 2.408203 2.408203 2.412109 2.412109 2.412109 2.412109 2.416016 2.419922 2.416016 2.408203 2.400391 2.392578 2.384766 2.380859 2.376953 2.369141 2.369141 2.373047 2.380859 2.388672 2.392578 2.396484 2.396484
2.330078 2.333984 2.333984 2.337891 2.341797 2.341797 2.345703 2.345703 2.349609 2.349609 2.353516 2.357422 2.357422 2.361328 2.365234 2.365234 2.365234 2.369141 2.373047 2.373047 2.373047 2.376953 2.380859 2.380859 2.384766 2.384766 2.384766 2.384766 2.388672 2.392578 2.392578 2.392578 2.396484 2.396484 2.400391 2.400391 2.400391 2.404297 2.404297 2.408203 2.408203 2.404297 2.400391 2.400391 2.404297 2.408203 2.412109 2.408203 2.404297 2.396484 2.388672 2.380859 2.376953 2.369141 2.361328 2.357422 2.361328 2.369141 2.384766 2.396484 2.408203 2.412109 2.408203
2.330078 2.333984 2.333984 2.337891 2.341797 2.341797 2.345703 2.345703 2.349609 2.349609 2.353516 2.357422 2.357422 2.361328 2.365234 2.365234 2.365234 2.369141 2.373047 2.373047 2.373047 2.376953 2.380859 2.380859 2.384766 2.384766 2.384766 2.384766 2.388672 2.392578 2.392578 2.392578 2.396484 2.396484 2.400391 2.400391 2.400391 2.404297 2.404297 2.408203 2.400391 2.400391 2.396484 2.400391 2.400391 2.404297 2.408203 2.404297 2.396484 2.392578 2.384766 2.376953 2.369141 2.361328 2.353516 2.349609 2.357422 2.369141 2.388672 2.404297 2.419922 2.423828 2.423828
2.330078 2.333984 2.333984 2.337891 2.341797 2.341797 2.345703 2.349609 2.349609 2.353516 2.353516 2.357422 2.357422 2.361328 2.365234 2.365234 2.365234 2.369141 2.373047 2.373047 2.373047 2.376953 2.380859 2.380859 2.384766 2.384766 2.384766 2.384766 2.388672 2.392578 2.392578 2.392578 2.396484 2.396484 2.400391 2.400391 2.400391 2.404297 2.404297 2.404297 2.400391 2.396484 2.396484 2.400391 2.400391 2.400391 2.404297 2.400391 2.396484 2.392578 2.384766 2.376953 2.361328 2.349609 2.345703 2.353516 2.365234 2.380859 2.396484 2.408203 2.423828 2.431641 2.431641
2.330078 2.333984 2.333984 2.337891 2.341797 2.341797 2.345703 2.349609 2.349609 2.353516 2.353516 2.357422 2.357422 2.361328 2.365234 2.365234 2.365234 2.369141 2.373047 2.373047 2.373047 2.376953 2.380859 2.380859 2.380859 2.384766 2.384766 2.384766 2.388672 2.392578 2.392578 2.392578 2.396484 2.396484 2.396484 2.396484 2.396484 2.400391 2.396484 2.396484 2.396484 2.396484 2.392578 2.392578 2.396484 2.396484 2.400391 2.400391 2.396484 2.388672 2.380859 2.369141 2.353516 2.345703 2.345703 2.357422 2.376953 2.396484 2.408203 2.419922 2.423828 2.431641 2.431641
2.330078 2.333984 2.333984 2.337891 2.341797 2.341797 2.345703 2.349609 2.349609 2.353516 2.353516 2.357422 2.357422 2.361328 2.365234 2.365234 2.365234 2.369141 2.373047 2.373047 2.373047 2.376953 2.380859 2.380859 2.380859 2.384766 2.384766 2.384766 2.388672 2.392578 2.392578 2.392578 2.388672 2.388672 2.388672 2.388672 2.388672 2.388672 2.388672 2.384766 2.384766 2.384766 2.384766 2.384766 2.388672 2.388672 2.392578 2.392578 2.388672 2.376953 2.365234 2.353516 2.345703 2.341797 2.349609 2.365234 2.384766 2.404297 2.423828 2.419922 2.423828 2.427734 2.427734
2.330078 2.333984 2.333984 2.337891 2.341797 2.341797 2.345703 2.349609 2.349609 2.353516 2.353516 2.357422 2.357422 2.361328 2.365234 2.365234 2.365234 2.369141 2.373047 2.373047 2.373047 2.376953 2.380859 2.380859 2.384766 2.384766 2.384766 2.384766 2.388672 2.392578 2.388672 2.384766 2.384766 2.384766 2.384766 2.380859 2.380859 2.380859 2.376953 2.373047 2.373047 2.373047 2.373047 2.376953 2.380859 2.384766 2.384766 2.384766 2.376953 2.365234 2.353516 2.341797 2.337891 2.345703 2.353516 2.369141 2.388672 2.408203 2.423828 2.416016 2.416016 2.419922 2.423828
2.330078 2.333984 2.333984 2.337891 2.341797 2.341797 2.345703 2.349609 2.349609 2.353516 2.353516 2.357422 2.357422 2.361328 2.365234 2.365234 2.365234 2.369141 2.373047 2.373047 2.373047 2.376953 2.380859 2.380859 2.380859 2.384766 2.384766 2.384766 2.388672 2.388672 2.388672 2.384766 2.380859 2.380859 2.376953 2.373047 2.373047 2.373047 2.369141 2.365234 2.361328 2.365234 2.365234 2.369141 2.369141 2.373047 2.373047 2.369141 2.361328 2.353516 2.345703 2.337891 2.337891 2.349609 2.365234 2.376953 2.388672 2.404297 2.419922 2.416016 2.416016 2.412109 2.416016
2.330078 2.333984 2.333984 2.337891 2.341797 2.341797 2.345703 2.345703 2.349609 2.349609 2.353516 2.357422 2.357422 2.361328 2.365234 2.365234 2.365234 2.369141 2.373047 2.373047 2.373047 2.376953 2.380859 2.380859 2.384766 2.384766 2.384766 2.388672 2.388672 2.388672 2.384766 2.380859 2.376953 2.373047 2.373047 2.365234 2.365234 2.365234 2.361328 2.357422 2.353516 2.353516 2.357422 2.357422 2.361328 2.361328 2.361328 2.357422 2.353516 2.345703 2.341797 2.337891 2.341797 2.357422 2.373047 2.384766 2.388672 2.400391 2.412109 2.419922 2.416016 2.412109 2.412109
2.330078 2.333984 2.333984 2.337891 2.341797 2.341797 2.345703 2.345703 2.349609 2.349609 2.353516 2.357422 2.357422 2.361328 2.365234 2.365234 2.365234 2.369141 2.373047 2.373047 2.373047 2.376953 2.380859 2.380859 2.384766 2.384766 2.384766 2.388672 2.388672 2.388672 2.384766 2.384766 2.380859 2.373047 2.369141 2.365234 2.361328 2.357422 2.353516 2.349609 2.345703 2.345703 2.341797 2.345703 2.345703 2.341797 2.345703 2.345703 2.345703 2.341797 2.341797 2.341797 2.349609 2.365234 2.380859 2.392578 2.396484 2.400391 2.408203 2.423828 2.423828 2.416016 2.412109
2.330078 2.333984 2.333984 2.337891 2.341797 2.341797 2.345703 2.345703 2.349609 2.349609 2.353516 2.357422 2.357422 2.361328 2.365234 2.365234 2.365234 2.373047 2.373047 2.373047 2.373047 2.376953 2.380859 2.380859 2.384766 2.384766 2.384766 2.388672 2.388672 2.392578 2.388672 2.384766 2.380859 2.376953 2.373047 2.365234 2.361328 2.353516 2.349609 2.345703 2.341797 2.337891 2.330078 2.326172 2.326172 2.326172 2.330078 2.333984 2.333984 2.337891 2.341797 2.349609 2.357422 2.369141 2.388672 2.396484 2.400391 2.404297 2.412109 2.423828 2.427734 2.419922 2.416016
2.330078 2.333984 2.333984 2.337891 2.341797 2.341797 2.345703 2.345703 2.349609 2.349609 2.353516 2.357422 2.357422 2.361328 2.365234 2.365234 2.365234 2.369141 2.373047 2.373047 2.373047 2.376953 2.380859 2.380859 2.384766 2.384766 2.384766 2.388672 2.388672 2.392578 2.388672 2.384766 2.380859 2.376953 2.373047 2.369141 2.361328 2.353516 2.349609 2.349609 2.345703 2.337891 2.326172 2.318359 2.314453 2.314453 2.314453 2.322266 2.330078 2.333984 2.341797 2.349609 2.361328 2.376953 2.392578 2.400391 2.404297 2.408203 2.412109 2.427734 2.427734 2.423828 2.416016
2.330078 2.333984 2.333984 2.337891 2.341797 2.341797 2.345703 2.345703 2.349609 2.349609 2.353516 2.357422 2.357422 2.361328 2.365234 2.365234 2.365234 2.373047 2.373047 2.373047 2.373047 2.376953 2.380859 2.380859 2.384766 2.384766 2.384766 2.388672 2.392578 2.392578 2.388672 2.380859 2.380859 2.376953 2.373047 2.369141 2.365234 2.357422 2.353516 2.349609 2.345703 2.341797 2.330078 2.322266 2.314453 2.306641 2.306641 2.314453 2.322266 2.333984 2.345703 2.353516 2.365234 2.380859 2.396484 2.400391 2.400391 2.404297 2.412109 2.427734 2.427734 2.423828 2.416016
