py_wake/examples/data/AJ_ParqueFicticio/Rough survey   Sector 9   Height 200m   Orographic speed.grd
DSAA
73  159
 258469   265669
 6501692   6517492
 .6956037   1.534277
[rows 112 to 139 of 159, columns 0 to 62 of 73]
1.094657 1.109358 1.125414 1.14916 1.181914 1.218799 1.259652 1.303127 1.346419 1.384325 1.417988 1.436022 1.423397 1.387242 1.340654 1.294945 1.271201 1.271312 1.270657 1.25284 1.222491 1.196163 1.171568 1.171457 1.196134 1.217199 1.207959 1.16259 1.096168 1.02867 .9765039 .9454568 .9347628 .939594 .9542838 .9787771 1.020403 1.084726 1.160348 1.227819 1.276224 1.296685 1.282881 1.241567 1.193084 1.152052 1.122382 1.104301 1.098718 1.104368 1.097817 1.067533 1.01716 .9626214 .9181714 .8908532 .874359 .8602376 .8447355 .8245984 .8069032 .8049253 .8199649
1.098277 1.118359 1.140131 1.167263 1.201762 1.243596 1.286923 1.33095 1.371678 1.404359 1.430963 1.441175 1.420994 1.376266 1.323166 1.28113 1.270928 1.279032 1.274492 1.252087 1.221244 1.194156 1.175523 1.177352 1.195324 1.205714 1.181871 1.125085 1.057704 .9996125 .9597663 .9463502 .9499789 .958718 .9792563 1.013813 1.063954 1.131256 1.205019 1.266635 1.308192 1.316005 1.286269 1.234262 1.180506 1.138208 1.109197 1.087751 1.075243 1.066776 1.052076 1.020714 .9781492 .9352068 .9020234 .8823231 .8694987 .8591577 .8438678 .8259494 .8139661 .8145816 .8256398
1.105805 1.131414 1.158947 1.187318 1.224059 1.26851 1.315273 1.357111 1.392298 1.419972 1.440508 1.441057 1.409869 1.357455 1.305048 1.275229 1.280205 1.288751 1.277832 1.252251 1.225333 1.198503 1.179851 1.176666 1.182334 1.180386 1.149323 1.089611 1.025903 .9810104 .9570203 .9545332 .9649266 .9803992 1.009781 1.053784 1.114581 1.185681 1.254146 1.305081 1.329546 1.322453 1.279858 1.220687 1.166611 1.124479 1.093415 1.068279 1.047748 1.028944 1.006057 .97901 .9462777 .9163514 .8943218 .8790839 .8671533 .8565189 .8439703 .8300753 .8205639 .8203567 .828215
1.116431 1.145297 1.175276 1.207102 1.246319 1.293006 1.340401 1.378937 1.409665 1.433842 1.447739 1.434837 1.394459 1.340265 1.297103 1.283095 1.293949 1.298733 1.283648 1.25748 1.230044 1.203458 1.179026 1.165105 1.158693 1.147075 1.112815 1.056161 1.002789 .9725845 .9632142 .9673755 .9777747 .9982568 1.038424 1.098667 1.170103 1.241602 1.299329 1.333083 1.339684 1.316253 1.263819 1.203525 1.14975 1.107875 1.073806 1.044496 1.017574 .9938331 .9701273 .9462055 .9213961 .9031751 .8898333 .8767779 .8669903 .855323 .8442217 .8321707 .8252198 .8240882 .8283816
1.124782 1.155194 1.18657 1.222798 1.266564 1.315009 1.360635 1.396869 1.426566 1.447626 1.452476 1.427019 1.379244 1.330584 1.301118 1.298624 1.308008 1.308771 1.29005 1.263009 1.231359 1.197303 1.167316 1.144676 1.129082 1.111766 1.078821 1.029857 .9897924 .9751591 .9745029 .97798 .9905321 1.02144 1.07394 1.143294 1.221543 1.290941 1.336059 1.345271 1.32961 1.291856 1.236372 1.178098 1.126425 1.084644 1.047758 1.016171 .9862453 .9615104 .9410447 .9241611 .9073519 .8926587 .8830282 .8733324 .8638617 .8534445 .8432208 .8322641 .8255352 .8229272 .8257822
1.131244 1.161227 1.193647 1.235105 1.284816 1.334007 1.378817 1.415691 1.443587 1.460543 1.450755 1.415774 1.367863 1.326464 1.306733 1.309723 1.316378 1.311592 1.289798 1.257935 1.219788 1.178813 1.143034 1.118019 1.098727 1.078912 1.04919 1.013115 .9895831 .9869421 .9863274 .9871773 1.009373 1.053032 1.111481 1.183032 1.259566 1.321653 1.344356 1.330194 1.294938 1.246443 1.191408 1.13897 1.092363 1.052483 1.016306 .9831987 .9542886 .9307879 .9154778 .9045785 .8952306 .8846102 .8758107 .8675327 .8588913 .8488526 .8360081 .8253281 .8203204 .815989 .8178639
1.136823 1.167992 1.20593 1.253306 1.306173 1.356853 1.400892 1.436516 1.458037 1.461131 1.437905 1.398261 1.352279 1.31594 1.304135 1.307925 1.309307 1.296871 1.26945 1.232223 1.189083 1.146784 1.113441 1.090476 1.074168 1.054285 1.027146 1.005256 .999678 1.00064 .9958086 1.000058 1.030885 1.077924 1.132554 1.203951 1.277982 1.330765 1.335561 1.298944 1.245278 1.188811 1.138672 1.094295 1.050586 1.014653 .9802768 .9487751 .9235545 .905873 .8951491 .8910672 .8865483 .8795039 .8726954 .8642997 .8564145 .8447966 .8294734 .813359 .8011706 .7987221 .801509
1.145229 1.18258 1.228948 1.28252 1.337883 1.388409 1.429475 1.455777 1.465677 1.452334 1.418541 1.372358 1.329005 1.297338 1.288255 1.291122 1.287691 1.267741 1.234434 1.194476 1.151498 1.111492 1.081329 1.069558 1.058299 1.039397 1.018297 1.005083 1.006192 1.006734 .9994538 1.008155 1.044503 1.087772 1.139603 1.214417 1.288367 1.332432 1.317412 1.260996 1.193003 1.133873 1.089565 1.054577 1.014032 .9777297 .9466456 .9188143 .8994329 .8871971 .8808134 .8812688 .878711 .8746397 .8691492 .8623975 .8530437 .8393528 .81795 .7944892 .7796777 .7802354 .7871838
1.166453 1.212235 1.26537 1.322721 1.377757 1.423999 1.457087 1.472253 1.465317 1.435188 1.392082 1.343613 1.302415 1.276378 1.269457 1.268695 1.261576 1.237403 1.200844 1.161242 1.12115 1.085054 1.062071 1.054349 1.048228 1.031121 1.015736 1.005331 1.004592 1.003531 .9973099 1.01307 1.048536 1.087768 1.147519 1.228155 1.298152 1.328282 1.298749 1.226953 1.150491 1.088795 1.049064 1.021126 .9861245 .950345 .9208519 .8997742 .8854934 .8762987 .871466 .8702523 .8694748 .8669338 .8613455 .8545421 .8411928 .8201773 .7908345 .7684187 .7614399 .7701402 .7857252
1.199777 1.249763 1.307263 1.367167 1.419787 1.460316 1.485259 1.480902 1.44872 1.405679 1.362246 1.316592 1.278558 1.256836 1.249851 1.245754 1.23259 1.207667 1.174509 1.140386 1.104375 1.071888 1.050128 1.043417 1.038068 1.023841 1.013092 1.005591 1.000152 .9962735 .9969388 1.016675 1.047262 1.090736 1.163287 1.24624 1.307233 1.318668 1.273 1.194026 1.115652 1.053283 1.014505 .9894803 .9628228 .9346252 .9106266 .8931842 .8825597 .8751228 .8701795 .863384 .8594334 .8554489 .8484933 .8369328 .8189204 .7884557 .7596627 .7487538 .7573006 .7772818 .8029336
1.234059 1.288425 1.348716 1.409598 1.458668 1.491872 1.503619 1.477126 1.421293 1.368575 1.331776 1.294046 1.262417 1.243612 1.232231 1.22068 1.203913 1.178955 1.150081 1.120776 1.091914 1.064118 1.044887 1.034309 1.02735 1.01615 1.01104 1.007593 1.001242 .9931628 .9989297 1.017245 1.049384 1.109065 1.189852 1.267271 1.311426 1.298296 1.239127 1.158256 1.081913 1.022894 .984268 .9623057 .9432295 .9237351 .9087393 .8963025 .8866338 .8798346 .8701591 .8606126 .848587 .839599 .8263841 .8106675 .7899333 .7613069 .7441986 .7529976 .7776965 .8049803 .8331297
1.269828 1.330194 1.392408 1.449546 1.493037 1.514514 1.505482 1.458891 1.389036 1.333636 1.302315 1.274448 1.250428 1.232385 1.217548 1.199957 1.180487 1.155857 1.129164 1.104799 1.082794 1.062224 1.046686 1.033278 1.020638 1.011224 1.006624 1.010263 1.008256 1.000812 1.00289 1.022208 1.066352 1.135655 1.214168 1.277537 1.298359 1.266482 1.196194 1.116454 1.047954 .9960337 .9627748 .9428001 .9284536 .9159786 .9042635 .8969682 .8892431 .8807783 .8689773 .8547764 .8389335 .8209619 .8012987 .7827832 .7642539 .748728 .7524474 .7786698 .8095765 .8388586 .865916
1.308396 1.37408 1.43528 1.485421 1.517725 1.522172 1.489077 1.4284 1.35537 1.303574 1.276073 1.253035 1.236255 1.222975 1.20628 1.186033 1.165414 1.144477 1.123695 1.106466 1.089279 1.073784 1.056059 1.036604 1.018325 1.0094 1.01064 1.019003 1.020522 1.012344 1.010658 1.035736 1.087026 1.155988 1.223715 1.267781 1.268569 1.224778 1.153165 1.077066 1.014313 .9742441 .9501735 .9364076 .9235328 .9109002 .9021605 .8940526 .8869032 .8754227 .8618991 .8438504 .8204936 .796351 .7757943 .7636868 .752246 .7608038 .7793082 .808435 .8396575 .8682935 .8913819
1.347793 1.413916 1.469685 1.510203 1.525181 1.505255 1.458244 1.39178 1.323078 1.27721 1.254008 1.233724 1.220514 1.210388 1.195555 1.176238 1.15582 1.140247 1.125347 1.115135 1.102422 1.084828 1.060101 1.031988 1.013041 1.009709 1.022303 1.039581 1.042959 1.031034 1.024539 1.048771 1.099246 1.161685 1.216933 1.243826 1.230451 1.181661 1.114375 1.045495 .9901619 .9559053 .9398851 .9306756 .9217955 .9127519 .9040937 .8941962 .8812474 .8655409 .8463821 .8192068 .7894449 .7651645 .7544463 .7550642 .7645088 .7880703 .8148092 .8383619 .8632923 .8887088 .911204
1.386525 1.447586 1.49547 1.521932 1.51613 1.476969 1.424765 1.362242 1.301752 1.257698 1.232929 1.215589 1.204238 1.194151 1.180898 1.165179 1.147398 1.136505 1.130523 1.12297 1.106046 1.082308 1.051018 1.021361 1.008779 1.015462 1.03859 1.059475 1.060698 1.044932 1.033552 1.053239 1.100003 1.157506 1.200922 1.213199 1.18945 1.141774 1.08058 1.018606 .9726751 .9460278 .9297532 .9225529 .9162349 .9089434 .9026827 .8932071 .8736529 .8513701 .821559 .787575 .7556342 .7408642 .7465207 .762935 .7896429 .8240682 .8544893 .8664399 .8816274 .9040377 .9216768
1.423125 1.477074 1.511014 1.520614 1.494328 1.445208 1.394286 1.339591 1.283869 1.240828 1.212888 1.197137 1.186512 1.175019 1.167417 1.158261 1.141924 1.133018 1.128816 1.115256 1.092872 1.064588 1.031586 1.008094 1.007177 1.024554 1.051551 1.07022 1.067457 1.047687 1.034036 1.049803 1.097468 1.148297 1.177895 1.175267 1.14667 1.10226 1.047841 .9937362 .9544914 .9355676 .9260144 .9200492 .9123172 .9044583 .8974199 .889834 .8695916 .8385891 .7968329 .7579423 .7352422 .7366816 .7597004 .7908697 .8284069 .8651283 .8858244 .8873729 .8947061 .9120687 .9223919
1.453457 1.497875 1.517284 1.50668 1.464891 1.407752 1.361545 1.31468 1.26667 1.22847 1.200378 1.179152 1.167098 1.157525 1.155346 1.154665 1.140687 1.127542 1.118391 1.097252 1.069932 1.041091 1.010892 .993859 1.003949 1.027572 1.051877 1.065343 1.061065 1.043779 1.029615 1.048016 1.092511 1.130292 1.146099 1.132873 1.100482 1.060256 1.016218 .972913 .9431327 .9279311 .9211891 .917738 .914728 .9062971 .8961787 .8861992 .8677413 .831129 .7828419 .7433467 .7322899 .7532306 .7921336 .831755 .8684546 .895206 .9035416 .8995692 .9020264 .9129927 .9191706
1.483375 1.514556 1.512622 1.479854 1.423417 1.365139 1.325028 1.286946 1.247113 1.215275 1.189848 1.166473 1.151497 1.145336 1.146226 1.147833 1.136067 1.11877 1.101541 1.077763 1.0476 1.02124 .9935647 .9814112 .9994177 1.027742 1.050976 1.058859 1.054387 1.041174 1.030581 1.046204 1.08013 1.103362 1.10785 1.089283 1.056459 1.022011 .9915885 .9595689 .9391505 .9263976 .9204362 .9166566 .9165596 .9112809 .9008064 .884032 .8608807 .8225071 .7722356 .7390277 .742932 .7821659 .8302696 .8687818 .8938917 .9081063 .9095508 .907073 .9079194 .9126174 .9195862
1.51341 1.522342 1.495076 1.440696 1.375949 1.322483 1.294739 1.263697 1.233752 1.207879 1.185678 1.162753 1.143279 1.136371 1.13426 1.134492 1.129081 1.11162 1.08567 1.055835 1.027866 1.005796 .9819307 .976739 .99865 1.029686 1.053982 1.063244 1.058898 1.046143 1.034627 1.04165 1.063882 1.077579 1.071902 1.051089 1.020812 .9957565 .9781091 .9602965 .9432536 .9300209 .9248321 .92305 .9218711 .9154344 .9059994 .8864999 .8531184 .8098133 .7652069 .7457011 .7633863 .8124479 .8590072 .8885111 .9053063 .9156812 .9180313 .9166934 .9197416 .9217048 .9269961
1.534277 1.51284 1.461915 1.396588 1.329125 1.287114 1.271442 1.252348 1.233489 1.212363 1.19207 1.168618 1.145669 1.12502 1.119272 1.118192 1.119181 1.103524 1.073652 1.04002 1.013298 .9944861 .9757415 .9765729 1.000709 1.032405 1.063688 1.077237 1.072717 1.053661 1.038008 1.038693 1.050316 1.052751 1.043893 1.023175 .9991233 .9813951 .9712418 .9620742 .9468307 .9380927 .9332204 .9341306 .9328854 .925216 .9085642 .8835768 .8460898 .7993509 .765663 .761958 .7911947 .8368539 .8739455 .8963407 .9103416 .9219884 .9250358 .9254022 .9280578 .9301823 .9362234
1.534273 1.483819 1.417255 1.349287 1.288864 1.259373 1.25046 1.244126 1.235803 1.218265 1.197161 1.169721 1.141219 1.115422 1.101821 1.10294 1.103319 1.090132 1.062501 1.029913 1.001246 .9836599 .9714735 .9765161 1.006658 1.043565 1.078342 1.096052 1.08501 1.058615 1.038106 1.034576 1.040781 1.039094 1.024737 1.001476 .9851374 .9730913 .9665973 .9599016 .9516914 .9471009 .9440385 .9457455 .9429258 .9308372 .9112133 .8789157 .8352909 .7941938 .7770745 .7863438 .8164245 .8528958 .8813955 .8988996 .9116618 .9235322 .9299162 .9330118 .933686 .9353049 .9415818
1.514182 1.443247 1.366874 1.301682 1.252255 1.235385 1.235615 1.236536 1.233184 1.218071 1.194287 1.162554 1.131131 1.104126 1.085557 1.084694 1.083955 1.071534 1.048501 1.021086 .994052 .9763271 .9685555 .9803938 1.013951 1.056327 1.092013 1.10589 1.087694 1.057485 1.035449 1.031377 1.032647 1.02522 1.008918 .9873913 .971343 .9628729 .9588814 .9541252 .9530349 .9501002 .9505453 .9522229 .9458474 .9290993 .9057589 .8719113 .8287844 .7978447 .793995 .80777 .8322886 .8600742 .8849609 .9005916 .9121196 .9222322 .9320042 .9387661 .9394814 .9419315 .9488254
1.48342 1.400115 1.318444 1.258537 1.222612 1.220116 1.22699 1.230574 1.228439 1.215647 1.188164 1.153088 1.11861 1.090361 1.070534 1.065026 1.062734 1.050962 1.033202 1.013031 .9898562 .9717239 .966319 .9816756 1.020994 1.066868 1.102505 1.110306 1.084508 1.051475 1.027336 1.019397 1.017174 1.01034 .9935191 .9747686 .9562725 .9487755 .9476739 .9491006 .9515201 .9523216 .9535262 .9513666 .940503 .920954 .8930484 .8612025 .8258185 .8060935 .8104576 .8248925 .8440376 .8676091 .8887149 .9037037 .913945 .9231186 .9328779 .9399394 .9421615 .9464361 .9531215
1.449104 1.360166 1.277573 1.221999 1.204315 1.210891 1.219087 1.220287 1.218521 1.20436 1.176794 1.144049 1.109303 1.080021 1.058267 1.047097 1.042286 1.033807 1.021392 1.004675 .9862148 .9725193 .9687143 .9871937 1.029931 1.078345 1.110084 1.108907 1.080565 1.045713 1.020053 1.006048 .9993924 .9927356 .9766918 .9606208 .9457992 .9377693 .9366932 .9434962 .9516263 .9560031 .954525 .945223 .9297717 .9056855 .8776407 .8505395 .8286897 .8201099 .8269014 .8407711 .8564193 .874255 .8928391 .9063514 .9158794 .9245919 .9319241 .9394671 .9439137 .948854 .9561978
1.410335 1.3218 1.242646 1.193127 1.18641 1.196033 1.20182 1.204771 1.203804 1.187746 1.160856 1.130752 1.101957 1.07226 1.048737 1.036152 1.026439 1.017203 1.010437 .9976055 .9849336 .9775878 .9751763 .9961962 1.04107 1.09041 1.117419 1.104339 1.069132 1.034254 1.01023 .9959459 .9837061 .9730579 .9608258 .9494523 .9381027 .9291968 .9318284 .9418952 .952056 .9580837 .9543959 .9369001 .9150135 .8915312 .8682662 .850759 .8415952 .8408644 .8453622 .8554394 .8657019 .8804692 .8960083 .9085004 .9164541 .9239853 .9301831 .9369956 .9441413 .9506758 .9572036
1.367001 1.283722 1.209273 1.165342 1.162529 1.171677 1.180288 1.187604 1.187569 1.170001 1.14276 1.116778 1.091657 1.062062 1.03935 1.026986 1.013377 1.004538 .9995926 .9929785 .9858171 .9824139 .9818995 1.005031 1.049888 1.096691 1.118105 1.096673 1.056681 1.018803 .9952723 .9843442 .9730897 .9591637 .9494699 .9405799 .9325848 .9288502 .9319029 .9417056 .9518457 .9569006 .94992 .9291375 .9081333 .8886144 .8735031 .8669788 .8643531 .8602156 .8595577 .8646262 .8739356 .8865061 .8983104 .9082468 .9154045 .9221247 .9270653 .9338804 .9418515 .9499629 .9565111
1.320819 1.244698 1.178437 1.136131 1.133993 1.145282 1.162427 1.174171 1.170209 1.150265 1.125643 1.102065 1.079577 1.051064 1.028756 1.017482 1.00573 .9979387 .9949122 .9946824 .9902875 .9884563 .9894202 1.013882 1.054513 1.09396 1.108038 1.084843 1.044181 1.005289 .9816647 .9707181 .9639206 .953034 .9432197 .9365176 .9317544 .9318553 .9342039 .9399069 .9488798 .9519035 .9414433 .9241741 .9074894 .8957521 .8866212 .883087 .880983 .8720759 .8686338 .8727347 .8819935 .8923392 .8999438 .906813 .9129837 .9187856 .9231738 .9305093 .9403576 .9495641 .9563029
1.280321 1.210288 1.149888 1.107676 1.105024 1.126678 1.153866 1.164277 1.153273 1.136074 1.114188 1.090299 1.067043 1.04185 1.018855 1.009092 .9988237 .9930182 .9974921 1.00305 .9977849 .9952308 .9984917 1.019493 1.053077 1.083462 1.095177 1.073573 1.034347 .9975945 .9731973 .9609966 .9570103 .9491574 .942692 .9376143 .9361422 .9372208 .9392272 .9384429 .944314 .945029 .9324381 .9163542 .9056332 .8999727 .8940579 .8912624 .8874171 .8783805 .8778685 .8848889 .892117 .8964799 .8997023 .9032447 .9109035 .9181501 .9235547 .9288819 .9376904 .9477594 .9568173
