py_wake/examples/data/AJ_ParqueFicticio/Rough survey   Sector 11   Height 30m   Weibull-k.grd
DSAA
73  159
 258469   265669
 6501692   6517492
 .7050781   2.455078
[rows 0 to 27 of 159, columns 0 to 62 of 73]
1.798828 1.798828 1.798828 1.798828 1.798828 1.794922 1.794922 1.791016 1.791016 1.791016 1.791016 1.787109 1.791016 1.791016 1.791016 1.794922 1.794922 1.798828 1.806641 1.822266 1.849609 1.849609 1.830078 1.775391 1.783203 1.798828 1.798828 1.798828 1.798828 1.798828 1.798828 1.798828 1.798828 1.798828 1.798828 1.798828 1.798828 1.787109 1.791016 1.791016 1.787109 1.775391 1.771484 1.755859 1.759766 1.767578 1.771484 1.771484 1.771484 1.771484 1.771484 1.767578 1.767578 1.763672 1.763672 1.763672 1.763672 1.763672 1.767578 1.771484 1.775391 1.783203 1.787109
1.798828 1.794922 1.794922 1.794922 1.794922 1.791016 1.791016 1.791016 1.791016 1.791016 1.787109 1.787109 1.787109 1.787109 1.791016 1.794922 1.794922 1.798828 1.806641 1.826172 1.845703 1.841797 1.818359 1.771484 1.779297 1.798828 1.798828 1.798828 1.798828 1.798828 1.798828 1.798828 1.798828 1.798828 1.798828 1.798828 1.798828 1.794922 1.794922 1.798828 1.794922 1.791016 1.783203 1.767578 1.767578 1.771484 1.775391 1.775391 1.771484 1.771484 1.771484 1.767578 1.763672 1.759766 1.759766 1.759766 1.759766 1.763672 1.767578 1.771484 1.775391 1.783203 1.791016
1.794922 1.794922 1.794922 1.794922 1.794922 1.791016 1.791016 1.791016 1.787109 1.787109 1.787109 1.787109 1.783203 1.783203 1.787109 1.791016 1.798828 1.798828 1.806641 1.822266 1.837891 1.826172 1.798828 1.783203 1.763672 1.798828 1.798828 1.798828 1.798828 1.798828 1.798828 1.798828 1.798828 1.798828 1.798828 1.798828 1.798828 1.798828 1.798828 1.798828 1.802734 1.798828 1.787109 1.771484 1.775391 1.775391 1.775391 1.779297 1.775391 1.775391 1.771484 1.763672 1.759766 1.759766 1.755859 1.755859 1.755859 1.759766 1.763672 1.767578 1.771484 1.783203 1.791016
1.802734 1.791016 1.794922 1.794922 1.791016 1.787109 1.787109 1.787109 1.783203 1.783203 1.787109 1.783203 1.783203 1.779297 1.779297 1.791016 1.794922 1.798828 1.802734 1.818359 1.826172 1.810547 1.794922 1.783203 1.767578 1.798828 1.798828 1.798828 1.798828 1.798828 1.798828 1.798828 1.798828 1.798828 1.798828 1.798828 1.798828 1.798828 1.818359 1.826172 1.826172 1.806641 1.783203 1.771484 1.767578 1.779297 1.783203 1.779297 1.775391 1.775391 1.775391 1.767578 1.767578 1.759766 1.755859 1.751953 1.751953 1.751953 1.755859 1.763672 1.771484 1.779297 1.791016
1.814453 1.806641 1.787109 1.787109 1.787109 1.783203 1.783203 1.779297 1.779297 1.779297 1.779297 1.783203 1.775391 1.771484 1.775391 1.787109 1.794922 1.798828 1.802734 1.826172 1.814453 1.798828 1.794922 1.779297 1.763672 1.798828 1.798828 1.798828 1.798828 1.798828 1.798828 1.798828 1.798828 1.798828 1.798828 1.798828 1.798828 1.798828 1.798828 1.830078 1.849609 1.798828 1.763672 1.771484 1.779297 1.798828 1.791016 1.783203 1.779297 1.783203 1.794922 1.775391 1.771484 1.763672 1.755859 1.748047 1.744141 1.744141 1.748047 1.755859 1.767578 1.783203 1.798828
1.814453 1.826172 1.802734 1.783203 1.783203 1.783203 1.771484 1.767578 1.771484 1.771484 1.771484 1.779297 1.775391 1.763672 1.771484 1.775391 1.791016 1.798828 1.798828 1.810547 1.810547 1.798828 1.798828 1.783203 1.759766 1.779297 1.798828 1.798828 1.798828 1.798828 1.798828 1.798828 1.791016 1.779297 1.779297 1.783203 1.775391 1.751953 1.744141 1.787109 1.810547 1.740234 1.748047 1.767578 1.775391 1.794922 1.791016 1.779297 1.783203 1.791016 1.794922 1.802734 1.783203 1.767578 1.751953 1.744141 1.736328 1.732422 1.736328 1.744141 1.759766 1.783203 1.802734
1.826172 1.833984 1.837891 1.818359 1.787109 1.779297 1.767578 1.775391 1.779297 1.779297 1.779297 1.775391 1.775391 1.771484 1.771484 1.771484 1.779297 1.798828 1.798828 1.798828 1.798828 1.798828 1.798828 1.794922 1.763672 1.775391 1.787109 1.798828 1.798828 1.798828 1.798828 1.787109 1.771484 1.779297 1.779297 1.783203 1.779297 1.751953 1.736328 1.783203 1.763672 1.732422 1.751953 1.775391 1.783203 1.783203 1.771484 1.771484 1.783203 1.794922 1.794922 1.798828 1.806641 1.794922 1.751953 1.732422 1.724609 1.716797 1.716797 1.724609 1.748047 1.775391 1.791016
1.826172 1.833984 1.833984 1.830078 1.830078 1.794922 1.783203 1.783203 1.787109 1.787109 1.787109 1.783203 1.779297 1.771484 1.767578 1.763672 1.763672 1.779297 1.798828 1.798828 1.798828 1.798828 1.798828 1.798828 1.779297 1.771484 1.779297 1.791016 1.794922 1.794922 1.794922 1.783203 1.775391 1.775391 1.775391 1.775391 1.779297 1.767578 1.775391 1.798828 1.751953 1.720703 1.744141 1.767578 1.787109 1.767578 1.775391 1.775391 1.798828 1.798828 1.806641 1.794922 1.806641 1.791016 1.755859 1.716797 1.708984 1.697266 1.689453 1.681641 1.701172 1.728516 1.740234
1.830078 1.833984 1.833984 1.826172 1.818359 1.798828 1.783203 1.787109 1.791016 1.794922 1.791016 1.783203 1.779297 1.775391 1.771484 1.759766 1.751953 1.751953 1.775391 1.798828 1.798828 1.798828 1.798828 1.798828 1.787109 1.771484 1.763672 1.779297 1.787109 1.791016 1.791016 1.783203 1.771484 1.763672 1.755859 1.755859 1.740234 1.748047 1.751953 1.759766 1.701172 1.673828 1.705078 1.740234 1.771484 1.736328 1.751953 1.748047 1.759766 1.775391 1.775391 1.767578 1.779297 1.767578 1.708984 1.693359 1.693359 1.677734 1.654297 1.623047 1.619141 1.638672 1.658203
1.833984 1.837891 1.837891 1.830078 1.822266 1.791016 1.779297 1.791016 1.798828 1.802734 1.798828 1.783203 1.779297 1.779297 1.779297 1.759766 1.748047 1.748047 1.751953 1.759766 1.779297 1.775391 1.728516 1.728516 1.771484 1.767578 1.759766 1.771484 1.779297 1.787109 1.787109 1.779297 1.767578 1.755859 1.744141 1.744141 1.740234 1.724609 1.708984 1.685547 1.587891 1.458984 1.513672 1.634766 1.681641 1.685547 1.708984 1.708984 1.712891 1.732422 1.728516 1.736328 1.759766 1.701172 1.669922 1.677734 1.685547 1.669922 1.638672 1.607422 1.599609 1.599609 1.634766
1.837891 1.841797 1.841797 1.841797 1.845703 1.837891 1.818359 1.798828 1.798828 1.818359 1.810547 1.779297 1.775391 1.787109 1.810547 1.798828 1.740234 1.736328 1.751953 1.748047 1.736328 1.740234 1.685547 1.677734 1.681641 1.708984 1.716797 1.748047 1.759766 1.779297 1.783203 1.771484 1.759766 1.748047 1.736328 1.744141 1.732422 1.720703 1.685547 1.658203 1.619141 1.572266 1.552734 1.541016 1.455078 1.544922 1.580078 1.615234 1.642578 1.666016 1.662109 1.708984 1.716797 1.662109 1.646484 1.677734 1.697266 1.685547 1.669922 1.642578 1.634766 1.662109 1.677734
1.837891 1.841797 1.841797 1.837891 1.833984 1.833984 1.818359 1.818359 1.818359 1.841797 1.818359 1.759766 1.755859 1.791016 1.806641 1.826172 1.798828 1.767578 1.751953 1.751953 1.732422 1.705078 1.669922 1.681641 1.693359 1.677734 1.705078 1.744141 1.759766 1.779297 1.771484 1.763672 1.751953 1.740234 1.736328 1.740234 1.728516 1.716797 1.681641 1.654297 1.630859 1.611328 1.580078 1.541016 1.455078 1.439453 1.486328 1.482422 1.505859 1.541016 1.568359 1.669922 1.658203 1.626953 1.619141 1.654297 1.662109 1.677734 1.685547 1.681641 1.669922 1.677734 1.662109
1.837891 1.841797 1.837891 1.830078 1.830078 1.826172 1.818359 1.826172 1.845703 1.853516 1.833984 1.806641 1.798828 1.783203 1.787109 1.779297 1.751953 1.798828 1.798828 1.767578 1.751953 1.744141 1.697266 1.693359 1.697266 1.693359 1.666016 1.697266 1.736328 1.751953 1.751953 1.748047 1.744141 1.736328 1.732422 1.728516 1.720703 1.708984 1.689453 1.654297 1.626953 1.615234 1.583984 1.529297 1.462891 1.490234 1.501953 1.513672 1.509766 1.517578 1.525391 1.509766 1.533203 1.521484 1.529297 1.513672 1.498047 1.470703 1.470703 1.494141 1.556641 1.580078 1.580078
1.833984 1.833984 1.830078 1.830078 1.830078 1.826172 1.830078 1.849609 1.861328 1.849609 1.826172 1.822266 1.837891 1.845703 1.822266 1.783203 1.755859 1.748047 1.771484 1.791016 1.783203 1.755859 1.705078 1.705078 1.705078 1.701172 1.685547 1.669922 1.689453 1.716797 1.724609 1.732422 1.728516 1.720703 1.712891 1.708984 1.708984 1.701172 1.689453 1.666016 1.626953 1.595703 1.572266 1.505859 1.447266 1.443359 1.455078 1.447266 1.466797 1.447266 1.431641 1.361328 1.580078 1.576172 1.576172 1.509766 1.783203 1.783203 1.783203 1.216797 1.552734 1.326172 1.423828
1.830078 1.830078 1.830078 1.826172 1.830078 1.833984 1.837891 1.845703 1.853516 1.853516 1.833984 1.830078 1.837891 1.845703 1.833984 1.794922 1.779297 1.779297 1.771484 1.787109 1.794922 1.767578 1.740234 1.712891 1.701172 1.701172 1.701172 1.701172 1.708984 1.716797 1.720703 1.720703 1.724609 1.708984 1.685547 1.673828 1.693359 1.693359 1.693359 1.669922 1.634766 1.587891 1.548828 1.498047 1.482422 1.458984 1.478516 1.447266 1.365234 1.341797 1.341797 1.294922 1.580078 1.576172 1.517578 1.212891 1.783203 1.783203 1.783203 1.576172 1.576172 1.576172 1.220703
1.826172 1.830078 1.830078 1.830078 1.830078 1.837891 1.841797 1.849609 1.853516 1.849609 1.833984 1.833984 1.837891 1.841797 1.833984 1.814453 1.806641 1.814453 1.806641 1.814453 1.802734 1.794922 1.791016 1.751953 1.720703 1.689453 1.705078 1.712891 1.716797 1.716797 1.716797 1.720703 1.724609 1.708984 1.642578 1.599609 1.630859 1.677734 1.693359 1.701172 1.658203 1.619141 1.564453 1.513672 1.505859 1.509766 1.490234 1.458984 1.380859 1.291016 1.294922 1.294922 1.478516 1.556641 1.353516 1.783203 1.783203 1.517578 1.576172 1.576172 1.576172 1.576172 1.576172
1.826172 1.826172 1.830078 1.830078 1.833984 1.837891 1.841797 1.845703 1.849609 1.845703 1.841797 1.837891 1.837891 1.833984 1.830078 1.830078 1.826172 1.810547 1.802734 1.802734 1.798828 1.794922 1.794922 1.798828 1.783203 1.732422 1.701172 1.712891 1.716797 1.712891 1.705078 1.728516 1.748047 1.740234 1.662109 1.654297 1.677734 1.697266 1.708984 1.712891 1.646484 1.607422 1.556641 1.517578 1.505859 1.525391 1.533203 1.490234 1.365234 1.580078 1.580078 1.314453 1.341797 1.380859 1.416016 1.458984 1.490234 1.509766 1.509766 1.525391 1.498047 1.427734 1.357422
1.826172 1.826172 1.830078 1.830078 1.833984 1.837891 1.841797 1.845703 1.845703 1.845703 1.841797 1.837891 1.833984 1.826172 1.826172 1.826172 1.826172 1.814453 1.806641 1.802734 1.802734 1.802734 1.802734 1.802734 1.798828 1.794922 1.771484 1.759766 1.732422 1.736328 1.759766 1.798828 1.822266 1.759766 1.693359 1.701172 1.724609 1.775391 1.818359 1.845703 1.755859 1.658203 1.556641 1.470703 1.443359 1.470703 1.525391 1.560547 1.533203 1.529297 1.560547 1.607422 1.646484 1.654297 1.658203 1.646484 1.607422 1.599609 1.595703 1.583984 1.560547 1.525391 1.533203
1.826172 1.826172 1.830078 1.830078 1.833984 1.837891 1.837891 1.841797 1.845703 1.841797 1.837891 1.830078 1.826172 1.826172 1.822266 1.822266 1.822266 1.814453 1.810547 1.806641 1.806641 1.810547 1.818359 1.822266 1.833984 1.833984 1.833984 1.830078 1.798828 1.794922 1.798828 1.849609 1.861328 1.791016 1.744141 1.744141 1.748047 1.798828 1.845703 1.869141 1.802734 1.779297 1.763672 1.720703 1.677734 1.677734 1.697266 1.689453 1.658203 1.658203 1.685547 1.701172 1.708984 1.693359 1.669922 1.638672 1.607422 1.568359 1.552734 1.552734 1.552734 1.552734 1.572266
1.826172 1.826172 1.830078 1.833984 1.833984 1.837891 1.837891 1.837891 1.841797 1.841797 1.837891 1.837891 1.830078 1.826172 1.826172 1.822266 1.818359 1.814453 1.810547 1.806641 1.810547 1.814453 1.822266 1.810547 1.818359 1.837891 1.849609 1.845703 1.818359 1.814453 1.841797 1.845703 1.833984 1.798828 1.783203 1.748047 1.748047 1.833984 1.853516 1.857422 1.841797 1.818359 1.826172 1.833984 1.814453 1.802734 1.802734 1.755859 1.724609 1.724609 1.744141 1.740234 1.720703 1.693359 1.658203 1.619141 1.587891 1.560547 1.541016 1.521484 1.529297 1.544922 1.587891
1.822266 1.826172 1.833984 1.833984 1.833984 1.833984 1.833984 1.837891 1.837891 1.837891 1.833984 1.833984 1.830078 1.830078 1.826172 1.822266 1.822266 1.818359 1.810547 1.810547 1.814453 1.818359 1.810547 1.802734 1.810547 1.822266 1.833984 1.841797 1.837891 1.833984 1.853516 1.822266 1.802734 1.802734 1.818359 1.779297 1.771484 1.853516 1.806641 1.841797 1.853516 1.830078 1.841797 1.845703 1.853516 1.857422 1.845703 1.783203 1.748047 1.755859 1.779297 1.763672 1.724609 1.697266 1.642578 1.595703 1.552734 1.525391 1.501953 1.494141 1.505859 1.556641 1.619141
1.818359 1.818359 1.830078 1.833984 1.833984 1.833984 1.833984 1.833984 1.833984 1.833984 1.830078 1.830078 1.830078 1.830078 1.826172 1.822266 1.822266 1.818359 1.814453 1.822266 1.822266 1.818359 1.806641 1.802734 1.806641 1.810547 1.814453 1.826172 1.841797 1.865234 1.853516 1.806641 1.798828 1.798828 1.818359 1.791016 1.814453 1.857422 1.833984 1.857422 1.849609 1.845703 1.833984 1.830078 1.841797 1.845703 1.830078 1.798828 1.767578 1.767578 1.779297 1.759766 1.716797 1.689453 1.642578 1.587891 1.537109 1.505859 1.486328 1.466797 1.498047 1.583984 1.662109
1.822266 1.818359 1.822266 1.830078 1.830078 1.830078 1.830078 1.830078 1.830078 1.830078 1.830078 1.830078 1.826172 1.826172 1.826172 1.822266 1.818359 1.814453 1.814453 1.818359 1.822266 1.818359 1.810547 1.806641 1.806641 1.806641 1.806641 1.814453 1.857422 1.869141 1.853516 1.814453 1.798828 1.798828 1.814453 1.802734 1.837891 1.865234 1.853516 1.837891 1.833984 1.849609 1.822266 1.833984 1.837891 1.833984 1.826172 1.814453 1.802734 1.787109 1.775391 1.759766 1.708984 1.677734 1.650391 1.595703 1.552734 1.521484 1.513672 1.498047 1.544922 1.634766 1.701172
1.822266 1.826172 1.830078 1.826172 1.826172 1.830078 1.826172 1.830078 1.826172 1.830078 1.826172 1.830078 1.826172 1.826172 1.822266 1.818359 1.810547 1.810547 1.810547 1.818359 1.818359 1.818359 1.810547 1.810547 1.810547 1.810547 1.810547 1.818359 1.857422 1.857422 1.830078 1.830078 1.818359 1.798828 1.814453 1.806641 1.841797 1.869141 1.857422 1.818359 1.802734 1.814453 1.802734 1.830078 1.830078 1.810547 1.810547 1.810547 1.802734 1.794922 1.779297 1.744141 1.689453 1.662109 1.650391 1.611328 1.568359 1.544922 1.533203 1.556641 1.611328 1.693359 1.748047
1.822266 1.826172 1.826172 1.826172 1.826172 1.826172 1.826172 1.826172 1.826172 1.830078 1.826172 1.826172 1.826172 1.826172 1.822266 1.818359 1.818359 1.814453 1.814453 1.818359 1.822266 1.822266 1.814453 1.814453 1.810547 1.814453 1.826172 1.845703 1.853516 1.837891 1.814453 1.830078 1.841797 1.833984 1.833984 1.814453 1.830078 1.857422 1.857422 1.841797 1.841797 1.806641 1.787109 1.814453 1.810547 1.806641 1.806641 1.810547 1.806641 1.806641 1.798828 1.755859 1.685547 1.658203 1.669922 1.634766 1.583984 1.564453 1.572266 1.611328 1.677734 1.744141 1.779297
1.818359 1.826172 1.826172 1.822266 1.822266 1.826172 1.822266 1.826172 1.826172 1.830078 1.826172 1.826172 1.826172 1.822266 1.818359 1.814453 1.814453 1.818359 1.818359 1.822266 1.822266 1.826172 1.822266 1.822266 1.826172 1.830078 1.837891 1.849609 1.849609 1.830078 1.826172 1.822266 1.837891 1.857422 1.857422 1.833984 1.833984 1.849609 1.857422 1.857422 1.853516 1.837891 1.818359 1.818359 1.802734 1.806641 1.818359 1.818359 1.818359 1.818359 1.810547 1.771484 1.697266 1.650391 1.673828 1.658203 1.603516 1.568359 1.603516 1.646484 1.716797 1.763672 1.791016
1.826172 1.826172 1.826172 1.822266 1.822266 1.822266 1.822266 1.822266 1.826172 1.826172 1.826172 1.826172 1.822266 1.818359 1.818359 1.818359 1.818359 1.822266 1.822266 1.822266 1.826172 1.830078 1.826172 1.830078 1.830078 1.841797 1.841797 1.849609 1.845703 1.841797 1.833984 1.822266 1.830078 1.849609 1.861328 1.857422 1.845703 1.849609 1.849609 1.853516 1.853516 1.857422 1.837891 1.833984 1.822266 1.826172 1.830078 1.822266 1.822266 1.822266 1.814453 1.787109 1.712891 1.658203 1.677734 1.669922 1.599609 1.587891 1.591797 1.642578 1.724609 1.767578 1.802734
1.822266 1.826172 1.822266 1.822266 1.822266 1.822266 1.822266 1.822266 1.826172 1.822266 1.822266 1.826172 1.822266 1.818359 1.818359 1.818359 1.822266 1.822266 1.822266 1.822266 1.826172 1.826172 1.822266 1.830078 1.837891 1.845703 1.849609 1.849609 1.841797 1.841797 1.837891 1.826172 1.826172 1.841797 1.861328 1.857422 1.841797 1.845703 1.837891 1.857422 1.857422 1.857422 1.849609 1.841797 1.837891 1.833984 1.841797 1.833984 1.822266 1.814453 1.806641 1.787109 1.716797 1.673828 1.685547 1.654297 1.564453 1.568359 1.587891 1.669922 1.716797 1.751953 1.841797
