py_wake/examples/data/AJ_ParqueFicticio/Rough survey   Sector 9   Height 30m   Weibull-A.grd
DSAA
73  159
 258469   265669
 6501692   6517492
 .06085515   14.36087
[rows 28 to 55 of 159, columns 0 to 62 of 73]
5.844879 5.830589 5.821758 5.811115 5.800681 5.795264 5.776839 5.766581 5.781435 5.800703 5.814548 5.814546 5.797618 5.803317 5.769446 5.74126 5.719572 5.703474 5.685034 5.680943 5.684933 5.653005 5.611631 5.549354 5.445234 5.289989 5.147063 5.132551 5.182519 5.198352 5.270913 5.2584 5.081707 4.761023 4.325589 4.936044 5.19479 5.012284 4.901928 4.484124 4.252101 4.41415 4.422441 4.696861 4.656865 4.579954 4.350496 4.214116 4.512933 4.902979 5.240314 5.78312 6.914425 7.624321 7.57551 8.591352 10.32244 10.6821 9.519945 7.674017 6.27881 4.985545 3.823545
5.833991 5.838355 5.851215 5.843564 5.823481 5.817291 5.801763 5.784344 5.804358 5.822263 5.837664 5.842126 5.846035 5.767686 5.738851 5.714307 5.702791 5.702009 5.704448 5.718791 5.667142 5.590897 5.548981 5.498994 5.418908 5.300872 5.186275 5.143621 5.147268 5.16864 5.175097 5.16591 5.03195 4.67798 4.60648 5.05538 4.994395 4.853744 4.775791 4.576239 4.43399 4.349051 4.37596 4.515088 4.571428 4.472981 4.341729 4.388316 4.883716 5.460696 5.827244 6.389748 7.249715 7.991025 8.395371 9.604698 10.96115 10.75901 9.157554 7.282339 5.819865 4.269521 3.534604
5.83039 5.833251 5.842711 5.843153 5.825338 5.848978 5.81531 5.792401 5.806454 5.821162 5.83073 5.83526 5.831588 5.730412 5.696143 5.685316 5.690429 5.701168 5.730811 5.729938 5.654194 5.577649 5.505838 5.449212 5.37954 5.297438 5.222311 5.176738 5.132198 5.137156 5.152064 5.146703 4.963482 4.678228 4.669169 4.849699 4.881223 4.809282 4.682229 4.616525 4.462925 4.214406 4.428478 4.5098 4.457287 4.468063 4.531656 4.874331 5.385201 5.975877 6.2928 6.99952 7.706991 8.474506 9.361609 10.27759 10.90929 10.19879 8.194439 6.430263 4.771613 3.628868 3.684993
5.826218 5.821134 5.830491 5.830082 5.840403 5.820317 5.812078 5.789198 5.802277 5.813137 5.82297 5.818285 5.809489 5.701059 5.670952 5.677714 5.695014 5.722532 5.779371 5.70506 5.63226 5.563914 5.486874 5.418155 5.358865 5.289202 5.227834 5.212696 5.176679 5.141482 5.138875 5.060861 4.804023 4.652465 4.670799 4.780541 4.734599 4.701978 4.580027 4.594608 4.456092 4.35351 4.356057 4.514926 4.540569 4.50575 4.692644 5.262855 5.83232 6.185881 6.629767 7.331825 8.043931 8.772916 9.629878 10.33551 10.47121 9.18533 7.180336 5.572992 4.11088 3.353527 4.841812
5.846296 5.827847 5.822755 5.832214 5.837656 5.833308 5.809443 5.801846 5.825131 5.80161 5.803853 5.803438 5.794936 5.682575 5.665097 5.677281 5.707097 5.779675 5.774989 5.676288 5.602921 5.538906 5.465866 5.400126 5.340118 5.276261 5.226383 5.210568 5.150531 5.131748 5.102022 4.996428 4.775789 4.66456 4.713356 4.793814 4.754585 4.565507 4.41584 4.552862 4.579275 4.429488 4.4388 4.481585 4.555735 4.748034 5.162887 5.51368 5.767266 6.125245 6.595877 7.16232 7.852553 8.600142 9.573021 10.06311 9.852188 8.243594 6.431141 5.070541 3.95192 3.939723 6.27088
5.878303 5.84906 5.831968 5.833223 5.828484 5.8536 5.81576 5.822841 5.818642 5.812195 5.806574 5.797353 5.759317 5.685602 5.693507 5.706661 5.736419 5.818155 5.752521 5.658729 5.577346 5.504258 5.443163 5.380114 5.328693 5.278983 5.239859 5.252402 5.195004 5.111731 5.062056 4.979585 4.840043 4.734692 4.685446 4.685808 4.654173 4.41831 4.397439 4.436934 4.427826 4.460501 4.524574 4.502097 4.62407 4.836353 5.300833 5.537022 5.66389 5.906291 6.260139 6.947167 7.615297 8.351248 9.131835 9.912381 9.284154 7.580617 6.144227 5.140136 4.228603 4.877201 7.546161
5.894578 5.872715 5.852778 5.851033 5.8434 5.848786 5.840848 5.818716 5.828824 5.828925 5.830778 5.812226 5.77624 5.744136 5.770628 5.782494 5.797213 5.849796 5.727205 5.614834 5.520773 5.44886 5.391555 5.339425 5.301462 5.27321 5.275024 5.241315 5.191925 5.123072 5.041849 4.974572 4.884 4.809535 4.69604 4.588738 4.59098 4.410652 4.292759 4.208061 4.231428 4.428243 4.568952 4.825981 4.655598 4.875923 5.19115 5.42168 5.604104 6.112929 6.594769 7.343926 8.030121 8.572604 9.339756 9.744302 9.026799 7.862357 6.597047 5.314695 4.710458 5.823945 8.295122
5.852873 5.861254 5.859562 5.852855 5.844356 5.838292 5.839153 5.829071 5.823408 5.828607 5.83563 5.828485 5.796072 5.761091 5.809577 5.845989 5.877985 5.847923 5.674962 5.523392 5.420996 5.363084 5.333165 5.305496 5.28932 5.302152 5.282238 5.236929 5.178635 5.113995 5.03473 4.952328 4.86736 4.787864 4.629933 4.524138 4.555115 4.507035 4.19558 3.755206 4.012881 4.276577 4.722651 5.066244 5.193002 5.149374 5.420621 5.748132 6.073472 6.607337 7.163771 8.061455 8.737217 9.190888 9.633343 10.01883 9.503302 8.530542 6.770382 5.195132 5.042346 6.914283 8.899278
5.81821 5.815434 5.83395 5.854154 5.864554 5.864018 5.865883 5.847097 5.836606 5.830381 5.838012 5.835189 5.815958 5.759993 5.809631 5.862833 5.898353 5.879537 5.629056 5.442253 5.314168 5.290336 5.286381 5.295091 5.318696 5.321767 5.275949 5.222919 5.164537 5.100589 5.018623 4.918465 4.842076 4.832756 4.752374 4.635286 4.499503 4.354108 3.947245 3.799906 3.867452 4.301804 4.996806 5.512952 5.860416 5.421912 5.58689 6.218372 6.817131 7.419174 7.786362 8.338281 8.961261 9.284828 9.74389 10.11765 9.799423 8.616814 6.487572 5.192239 6.090721 8.233106 9.777263
5.772279 5.802725 5.819907 5.848883 5.887299 5.901931 5.820877 5.839299 5.843986 5.843897 5.82128 5.817206 5.817845 5.761748 5.808823 5.819422 5.816867 5.780736 5.666376 5.496037 5.276284 5.262518 5.282683 5.308683 5.346363 5.317946 5.264983 5.206193 5.146126 5.076453 4.975741 4.914702 4.904625 4.898289 4.89323 4.82429 4.494452 4.237445 4.082787 3.738015 3.961446 4.634192 5.361759 5.975955 6.302881 6.121122 5.683309 6.439076 7.027765 7.368939 7.562954 7.960083 8.403979 8.717084 9.340236 10.01281 9.72586 8.502981 6.494514 6.006163 7.647562 9.471546 10.40438
5.831505 5.835006 5.847696 5.844517 5.857718 5.876836 5.803232 5.822527 5.837962 5.844937 5.830949 5.816852 5.805625 5.803236 5.794309 5.774966 5.737291 5.672016 5.583156 5.483449 5.310501 5.323597 5.329413 5.343356 5.365916 5.314971 5.252538 5.196299 5.132086 5.051503 4.942076 4.960315 4.962279 4.946536 4.948841 4.736586 4.368381 4.223303 4.025742 3.911707 4.197344 4.839246 5.604333 6.369795 6.697152 6.403912 5.853331 6.336607 6.682668 6.826213 7.019422 7.421991 7.86581 8.425548 9.151159 9.949941 9.902691 8.61267 7.195414 7.369034 9.124427 10.0497 10.46911
5.870278 5.892773 5.894797 5.892372 5.870902 5.870323 5.873659 5.853927 5.85772 5.871738 5.875117 5.864281 5.846351 5.807174 5.777575 5.741538 5.710563 5.660107 5.573909 5.465108 5.397989 5.40549 5.407681 5.426637 5.374373 5.297187 5.240833 5.187776 5.121344 5.033955 4.976694 4.98759 4.999383 5.005364 4.991383 4.807471 4.512138 4.267514 3.875656 4.019138 4.401853 5.16777 5.849586 6.575602 7.045889 6.570754 6.060783 6.53447 6.65801 6.602501 7.051466 7.501994 8.144267 8.707707 9.507372 10.47311 10.11473 9.232282 8.604218 8.923036 9.576502 10.05249 9.7959
5.873493 5.89322 5.913247 5.933661 5.934097 5.905346 5.896117 5.894725 5.893052 5.907825 5.924274 5.940549 5.839682 5.768257 5.740392 5.728287 5.703953 5.6552 5.599415 5.524785 5.481215 5.447739 5.454651 5.476322 5.341125 5.235533 5.203547 5.161815 5.118261 5.070903 5.080839 5.061991 5.041648 5.06285 5.059318 4.994083 4.770115 4.33176 4.052709 4.464434 5.027167 5.805186 6.32202 6.864695 7.320602 6.993789 6.624723 6.861451 6.783751 6.883336 7.663712 8.374092 9.077088 9.697379 10.28111 10.63763 10.67281 10.1918 9.955605 9.896301 9.556801 9.324474 9.029792
5.913396 5.911468 5.910563 5.929463 5.956663 5.905518 5.829957 5.85249 5.885345 5.915244 5.954112 5.969539 5.780639 5.672634 5.684947 5.68468 5.676828 5.663183 5.600061 5.52399 5.518583 5.50301 5.470606 5.468282 5.409666 5.210515 5.218697 5.205907 5.186561 5.165155 5.158588 5.142802 5.132047 5.131148 5.130238 5.169437 4.986089 4.347874 4.493837 5.019361 5.696293 6.413635 6.784796 7.401766 7.831454 7.857858 7.293834 7.063735 7.19781 7.490866 8.163007 8.830712 9.550835 10.00207 10.28942 10.69905 10.64605 10.82008 10.80818 10.12299 9.018362 8.381989 8.075273
5.943843 5.9368 5.936719 5.938045 5.945965 5.934097 5.811281 5.79112 5.833151 5.87064 5.884539 5.873105 5.781002 5.692977 5.683381 5.688497 5.68225 5.670777 5.612575 5.485785 5.479755 5.499209 5.510373 5.506642 5.380959 5.307459 5.279953 5.267292 5.25824 5.207413 5.194794 5.179204 5.175468 5.201201 5.259363 5.244938 4.911838 4.68568 4.800232 5.353631 5.929262 6.36419 6.725599 7.497923 8.006591 8.114584 7.388019 6.694613 7.062752 7.646277 8.274213 8.818708 9.306356 9.495119 9.572788 10.30748 10.78934 11.136 10.86367 9.8498 8.715308 7.726545 7.361064
5.950891 5.955508 5.951481 5.965204 6.001175 5.952469 5.805241 5.74174 5.815779 5.856616 5.866535 5.848563 5.79238 5.76354 5.729474 5.702401 5.68254 5.662924 5.611844 5.441813 5.443703 5.511102 5.576811 5.520247 5.396766 5.350183 5.326545 5.304507 5.293283 5.252737 5.224752 5.232176 5.286935 5.305783 5.385882 5.326167 5.164907 5.004416 4.992743 5.45958 5.773961 6.147617 6.702174 7.514855 7.843104 7.581594 6.524384 6.040822 6.658253 7.368243 7.950337 8.241749 8.254386 8.288306 8.874851 10.41653 11.40011 11.32944 10.42341 9.20185 8.266763 7.463859 6.769638
5.920706 5.924201 5.931932 5.94717 5.857001 5.811939 5.762321 5.749207 5.81605 5.858824 5.891926 5.88972 5.816627 5.763856 5.722575 5.686571 5.659966 5.617394 5.568155 5.467332 5.44648 5.532784 5.618809 5.58688 5.351987 5.318318 5.353538 5.39143 5.370505 5.338052 5.294697 5.330339 5.394255 5.389761 5.458049 5.402968 5.328971 5.205459 5.194274 5.436709 5.51981 6.143351 6.715287 6.925572 6.640767 6.068876 5.505427 5.595643 6.159602 6.838507 7.068172 7.121902 7.19768 7.862922 9.239584 11.11405 11.75341 11.49036 9.923454 8.492561 7.441204 6.651491 6.437134
5.906727 5.912155 5.901727 5.902877 5.849469 5.749858 5.73207 5.801365 5.848072 5.888674 5.939195 5.898341 5.822544 5.76148 5.71418 5.673604 5.643416 5.590273 5.532872 5.464336 5.495454 5.52838 5.564074 5.546295 5.416049 5.32149 5.379868 5.440224 5.470704 5.278529 5.293874 5.492681 5.375678 5.335828 5.464767 5.434813 5.388128 5.310244 5.389792 5.439603 5.505524 6.015466 6.214716 5.824872 5.634198 5.55376 6.039372 6.496113 7.043575 7.195231 7.282817 7.317349 7.837834 9.174948 10.90079 12.05303 11.94658 10.59945 9.008626 7.927107 7.132373 6.4992 6.341455
5.894722 5.923123 5.923033 5.86189 5.842538 5.826499 5.838913 5.890034 5.930065 5.955276 5.995872 5.898053 5.796116 5.72709 5.683885 5.655011 5.620903 5.573708 5.51403 5.507856 5.5426 5.561993 5.555991 5.521465 5.4354 5.393237 5.397762 5.43297 5.446761 5.370989 5.280558 5.502191 5.48732 5.339908 5.54522 5.47141 5.418787 5.373638 5.330638 5.519031 5.676902 5.762163 5.699028 5.883138 6.474698 7.181521 7.458801 7.76734 7.610201 7.720159 7.58107 8.122796 9.142924 10.73255 11.98795 12.04599 11.22001 9.615529 8.17041 7.332128 6.903404 6.586712 6.526794
5.874584 5.903288 5.914801 5.796022 5.799952 5.850225 5.89579 5.947533 6.017461 6.070459 6.03399 5.926969 5.764115 5.627654 5.585441 5.596468 5.594151 5.583183 5.553699 5.534318 5.564705 5.60051 5.61942 5.57733 5.439003 5.347262 5.338251 5.367586 5.35111 5.297944 5.30938 5.430479 5.469979 5.407347 5.586185 5.651736 5.512245 5.484063 5.401992 5.626438 5.837245 6.077041 6.390976 6.735464 7.352684 7.793763 7.549771 7.193253 6.921221 7.04998 7.417437 8.836975 10.54809 11.57168 12.06923 11.51146 10.39491 8.997151 7.747397 7.045098 6.608263 6.425454 6.363023
5.859573 5.859455 5.862642 5.782443 5.78465 5.841855 5.907351 5.98078 6.084711 5.995437 5.980719 5.916163 5.741305 5.529044 5.491045 5.534336 5.563778 5.594308 5.589238 5.426894 5.472884 5.534561 5.586041 5.584083 5.378289 5.18164 5.235804 5.286057 5.307862 5.291378 5.496636 5.562619 5.541317 5.429124 5.630887 5.74446 5.721 5.664354 5.563936 5.783184 6.017994 6.218321 6.432959 6.808382 7.057693 7.10288 6.500061 6.184235 6.338995 6.908718 8.367796 10.22936 11.47619 11.8129 11.48061 10.35968 9.240625 8.544344 7.328857 6.783024 6.672283 6.224616 5.907831
5.862769 5.854092 5.818846 5.764329 5.809435 5.861209 5.930372 6.012528 6.039447 5.941649 5.804042 5.784486 5.65409 5.483931 5.487003 5.542625 5.548051 5.539235 5.530962 5.381305 5.384629 5.431789 5.446809 5.390479 5.273468 5.131669 5.213432 5.274806 5.298409 5.354314 5.581286 5.718177 5.643807 5.658799 5.783636 5.930754 5.855282 5.79439 5.7289 5.868537 6.002238 6.176964 6.319621 6.431971 6.285758 6.01793 5.863055 6.340745 7.384012 8.607607 10.07778 11.16529 11.41522 11.12297 10.35058 9.156825 8.423215 7.81531 6.711278 6.568299 6.491164 6.151856 5.903824
5.841671 5.84371 5.820748 5.832341 5.87811 5.91883 5.986868 6.069768 5.981159 5.882041 5.731758 5.592506 5.52236 5.516707 5.596645 5.591073 5.574749 5.531299 5.444442 5.35199 5.379701 5.386396 5.379361 5.312072 5.274359 5.346882 5.335595 5.315485 5.311899 5.465661 5.589636 5.723942 5.727199 5.591865 5.849968 5.996339 5.823325 5.783001 5.824933 5.855807 5.946137 5.988319 6.136201 5.934779 5.881726 6.129993 6.842981 7.781018 8.670431 9.691681 10.54945 11.05449 10.9081 9.864158 9.123343 8.269258 7.731063 7.35517 6.459248 6.204451 6.312801 6.221477 5.942307
5.799439 5.84264 5.859474 5.89356 5.936336 5.982426 6.057267 6.016732 5.942265 5.850913 5.716497 5.583735 5.519901 5.545914 5.591597 5.601866 5.592674 5.491647 5.441278 5.482574 5.457711 5.409727 5.363198 5.28416 5.365447 5.447255 5.438797 5.362924 5.382062 5.52556 5.628264 5.645133 5.619496 5.499556 5.857403 6.031017 5.775389 5.733069 5.877588 5.860933 6.028072 6.02773 6.200167 6.224805 6.457538 7.1512 7.838137 8.474803 9.027831 9.48773 10.10009 10.69154 10.11825 8.67855 8.073265 7.828542 7.331049 6.948555 6.204807 5.942594 6.067436 6.341593 6.275005
5.790748 5.846683 5.85106 5.892621 5.941185 5.992048 6.053736 5.97949 5.915711 5.850067 5.752864 5.651687 5.585596 5.585608 5.597458 5.5828 5.559388 5.476932 5.435024 5.532006 5.550264 5.496178 5.367373 5.354422 5.409653 5.466226 5.457159 5.414303 5.439764 5.512425 5.608015 5.511997 5.339633 5.508332 5.71413 5.805611 5.767709 5.882429 5.851365 5.872755 6.142507 6.068164 6.390735 6.430192 6.811755 7.630946 8.165449 8.415033 8.742863 8.998566 9.770464 10.35224 9.534393 7.902929 7.38367 7.401798 7.163595 6.902377 6.273896 5.903805 5.924017 6.195407 6.318993
5.824161 5.866614 5.887862 5.931579 5.969653 6.011277 6.048977 5.975484 5.900466 5.851135 5.783199 5.701348 5.63226 5.608998 5.602361 5.59552 5.537951 5.39984 5.441657 5.518903 5.57294 5.450055 5.372922 5.399034 5.445549 5.511645 5.44771 5.437582 5.43294 5.478691 5.581044 5.593182 5.464337 5.534752 5.693998 5.967379 6.230261 6.214457 5.831422 6.339892 6.380153 6.248753 6.467762 6.704878 7.155633 7.754044 8.062866 8.138584 8.490008 9.012331 9.790257 9.93885 9.041535 7.522449 6.826843 6.918534 7.16353 7.249794 6.686671 5.763754 5.785572 5.719251 6.192939
5.896692 5.932084 5.941196 5.956594 5.999617 6.069633 6.044358 5.977484 5.908376 5.855597 5.808998 5.750173 5.67639 5.615117 5.58487 5.537184 5.450397 5.441844 5.48584 5.501486 5.523314 5.425545 5.278511 5.38359 5.483428 5.472735 5.432165 5.366782 5.254756 5.436029 5.604471 5.761957 5.514588 5.696326 6.048982 6.386389 6.588333 6.495931 6.06451 6.418927 6.627939 6.731858 6.741338 6.857377 7.25165 7.74854 8.00561 8.121238 8.678104 9.10031 9.297841 9.295664 8.67337 7.201088 6.151126 6.495893 7.228314 7.618517 6.937823 6.035399 5.187375 5.325693 6.276077
5.976069 5.986393 5.996013 6.014201 6.036769 6.097218 6.023135 5.959457 5.911751 5.863826 5.824066 5.782387 5.72202 5.662972 5.590523 5.52582 5.544753 5.518024 5.531142 5.543587 5.50069 5.317758 5.291926 5.37754 5.456469 5.42829 5.393048 5.264018 5.087126 5.357007 5.865377 6.227541 5.839123 6.016551 6.356037 6.749886 6.998881 6.856513 6.254211 6.303341 7.014423 6.929937 7.105101 7.133852 7.229432 7.782738 8.147301 8.170852 8.434848 8.415989 8.448688 8.843044 8.383676 6.934381 5.611521 5.995729 7.150672 7.824991 7.142776 5.999109 4.942352 5.009939 6.20628
