py_wake/examples/data/AJ_ParqueFicticio/Rough survey   Sector 1   Height 30m   Mean speed.grd
DSAA
73  159
 258469   265669
 6501692   6517492
 .3484707   7.297954
[rows 112 to 139 of 159, columns 0 to 62 of 73]
4.952928 4.866706 4.779487 4.750652 4.720684 4.635266 4.509827 4.529424 4.665642 4.765049 4.734624 4.764261 4.724333 4.733544 4.621274 4.225477 3.842798 3.751073 3.487993 2.789816 3.060716 3.780055 4.227054 4.630938 5.022325 5.144131 5.206595 5.234343 5.046122 4.83122 4.679672 4.589239 4.498002 4.520165 4.328916 4.153039 4.16178 4.344825 4.599461 4.85978 5.115703 5.145251 4.891011 4.558465 4.253895 3.92082 3.645178 3.493441 3.26976 3.772602 4.243782 4.299037 4.07743 3.836682 3.72939 3.713706 3.738446 3.768127 3.722885 3.524081 3.117348 3.132349 3.139066
5.226876 5.117263 5.099101 5.122572 5.138949 5.154886 5.138486 5.15674 5.183251 5.143485 5.076151 5.113901 5.052881 4.922508 4.699944 4.431525 4.176959 4.09021 3.898924 3.297631 2.862023 3.118946 3.667052 4.449412 4.916885 5.161665 4.992415 4.70717 4.582315 4.599705 4.519826 4.815778 5.268312 5.470951 5.238013 5.00468 4.8312 4.707305 4.850189 5.097644 5.38185 5.448455 5.227068 4.782012 4.400541 4.028198 3.723142 3.504779 3.226293 3.026381 3.33125 3.58481 3.556789 3.539403 3.545785 3.669348 3.733592 3.798918 3.770671 3.678868 3.516684 3.013152 3.031961
5.692005 5.629276 5.609769 5.579773 5.549506 5.59731 5.7051 5.711382 5.605747 5.444164 5.406151 5.441315 5.193908 4.925175 4.632849 4.441769 4.543207 4.480475 4.095011 3.693907 3.015441 2.54209 2.753287 3.783012 4.508674 4.862357 4.784659 4.625159 4.400717 4.346091 4.493968 4.932479 5.237236 5.561994 5.783957 5.824587 5.794341 5.704196 5.664362 5.795351 6.024918 6.048417 5.705934 5.204908 4.778972 4.429371 4.078619 3.787255 3.511192 3.21604 3.064681 3.170504 3.216988 3.404821 3.522206 3.619758 3.72304 3.757757 3.801675 3.8622 3.921176 3.780775 3.193429
5.996606 6.017604 6.012563 5.961966 5.921147 5.961045 5.994343 5.939662 5.854747 5.783621 5.799691 5.708536 5.412444 5.076304 4.862089 4.874275 5.032199 5.04901 4.803974 4.527291 4.18081 3.536767 2.537138 2.550092 3.629923 4.20858 4.237619 4.176002 4.022871 4.007857 4.30146 4.667875 4.868501 5.120015 5.399071 5.917295 6.420119 6.689051 6.678869 6.800385 6.864093 6.837178 6.582115 6.175851 5.672731 5.204159 4.667115 4.21502 3.911027 3.660373 3.447126 3.294768 3.256814 3.375649 3.54995 3.634904 3.686699 3.754802 3.793334 3.880266 3.909822 3.908015 3.767742
5.714497 5.840732 5.845635 5.862767 5.932571 5.966282 5.928588 5.947978 6.039851 6.03156 6.061766 5.999764 5.92804 5.770363 5.632164 5.739526 5.857116 5.8949 5.962838 5.907431 5.611007 5.073327 4.010225 2.591133 2.606957 3.585823 3.918962 3.840767 3.775681 3.948569 4.297203 4.416523 4.411569 4.608822 5.139133 5.847542 6.520406 6.911617 7.031179 6.989846 7.115248 7.297954 7.142272 6.855868 6.435915 5.932688 5.388472 4.845984 4.371027 4.019906 3.767884 3.584498 3.497299 3.46142 3.454954 3.556837 3.587068 3.674732 3.773332 3.863612 3.860832 3.91483 3.802596
5.114213 5.247613 5.290397 5.354386 5.463204 5.546253 5.629411 5.79118 5.959817 6.073377 6.17476 6.315664 6.371539 6.397296 6.338003 6.187105 6.216139 6.262034 6.407806 6.396828 6.274323 5.957737 5.363397 4.222892 3.121037 3.079783 3.58775 3.712024 3.898203 4.141222 4.357526 4.473705 4.67562 5.060946 5.587371 6.049659 6.22782 6.31743 6.301789 6.487246 6.480893 6.482 6.386394 6.263694 6.228469 5.971238 5.609422 5.155253 4.642553 4.207242 3.918822 3.748075 3.638033 3.532714 3.487946 3.474299 3.457895 3.513988 3.532131 3.72985 3.87553 3.850573 3.717287
4.008816 4.15095 4.303476 4.503991 4.741632 5.01591 5.291267 5.512282 5.628539 5.684465 5.758932 6.078617 6.291702 6.365872 6.375155 6.272597 6.062859 5.856687 5.838123 5.782632 5.73163 5.688987 5.513736 4.997806 4.094955 3.267752 3.216208 3.626848 4.163593 4.337025 4.447802 4.56142 4.78526 5.159382 5.308923 5.397635 5.415534 5.436803 5.119753 4.871801 5.011971 5.175301 5.058265 4.902028 4.874215 4.97678 4.902276 4.668416 4.422785 4.155212 3.981981 3.866568 3.800678 3.700577 3.65141 3.566388 3.551839 3.51854 3.457141 3.348725 3.333248 3.438184 3.228899
2.886171 3.094404 3.435922 3.88597 4.323037 4.731477 5.078556 5.365682 5.472354 5.392199 5.178066 5.093196 5.304451 5.503142 5.659072 5.723778 5.530733 5.065062 4.671153 4.441833 4.348797 4.352397 4.555019 4.787142 4.663354 4.180261 3.750401 3.756409 4.105476 4.526679 4.436876 4.449166 4.551833 4.624266 4.538906 4.549772 4.697176 4.7873 4.488711 3.920828 3.659133 3.9404 4.115072 4.154785 3.978028 3.86049 3.874975 3.853864 3.817018 3.778784 3.82894 3.874228 3.862912 3.822913 3.806479 3.764216 3.782278 3.750632 3.682827 3.356873 2.812261 2.506734 2.444145
2.755917 3.096801 3.48269 3.897583 4.28978 4.654692 4.973273 5.336054 5.556756 5.454073 4.917907 4.426215 4.252822 4.339311 4.732719 5.037871 5.02334 4.71664 4.305347 3.909905 3.660388 3.609801 3.738782 4.239684 4.659577 4.555943 4.231956 3.807478 3.863279 4.10011 4.090853 4.235405 4.328447 4.127665 4.049728 4.140534 4.388093 4.551116 4.489499 4.115018 3.524289 3.299527 3.576367 3.857818 3.771715 3.514521 3.345841 3.314574 3.345742 3.416503 3.52257 3.584986 3.749957 3.795601 3.826054 3.843451 3.801325 3.756275 3.428191 2.86251 2.493502 2.450233 2.294566
3.629582 3.686534 3.866108 4.108922 4.368178 4.70413 4.912387 5.174031 5.344785 5.419018 4.977871 4.527106 4.027021 3.75187 3.764894 4.172221 4.40027 4.527067 4.467728 4.200234 3.897408 3.62696 3.438109 3.580815 3.99472 4.172042 4.14886 3.828321 3.491622 3.602452 3.814905 3.98234 3.923814 3.709074 3.812072 4.113625 4.377553 4.636934 4.648252 4.433437 3.976212 3.492223 3.326973 3.447123 3.582118 3.571112 3.47548 3.429463 3.413651 3.427091 3.476038 3.466796 3.482579 3.640481 3.721551 3.672254 3.627976 3.200767 2.471241 1.790684 2.145771 2.204289 2.5596
4.135073 4.036408 4.057563 4.230042 4.447237 4.677695 4.932952 5.076449 5.088645 5.26776 5.318506 5.007483 4.626075 4.176423 3.625809 3.339624 3.242196 3.493084 3.72788 3.884251 3.722473 3.455864 3.282932 3.089462 3.151288 3.306845 3.781067 3.888489 3.592639 3.451531 3.577254 3.767715 3.682744 3.86895 4.185956 4.496585 4.629782 4.652933 4.547151 4.496845 4.165163 3.695318 3.266929 3.05843 3.190132 3.439787 3.626416 3.685001 3.670999 3.613385 3.539723 3.509667 3.393259 3.318056 3.297066 3.231066 3.040601 2.515102 1.655818 1.977444 2.83605 3.151901 3.447248
4.489884 4.462554 4.512931 4.544891 4.624462 4.723865 4.738339 4.701583 4.729894 4.992653 5.325326 5.439676 5.296255 5.062566 4.405488 3.81196 3.293326 2.933128 2.789652 2.876595 3.001273 3.030887 3.046269 3.078284 3.09618 3.082011 3.091525 3.350536 3.511437 3.550324 3.612184 3.763137 3.955722 4.358219 4.65536 4.691289 4.58949 4.35154 4.026218 3.947296 3.942891 3.68409 3.353599 3.051899 2.972215 3.105207 3.343657 3.611716 3.799222 3.795769 3.700481 3.627125 3.535604 3.306928 2.984504 2.592766 2.307801 1.598065 2.348307 3.085148 3.515858 3.671363 3.84813
4.975356 5.158936 5.121119 5.034985 4.95583 4.857201 4.532955 4.236904 4.07946 4.278662 4.825609 5.207731 5.341535 5.424706 5.331658 5.078899 4.659001 4.115669 3.687574 3.435619 3.441424 3.562686 3.632872 3.483129 3.383301 3.180971 3.035498 2.956439 2.971206 3.118481 3.442348 3.962569 4.354475 4.629116 4.677809 4.634288 4.36936 3.989344 3.69251 3.430874 3.331707 3.497207 3.540439 3.395099 3.230044 3.123724 3.076215 3.2326 3.50224 3.810873 3.856323 3.783282 3.651031 3.359633 2.896705 2.286609 1.714975 2.436807 2.825859 3.315856 3.666256 3.87285 3.948918
4.930075 5.253652 5.422974 5.31894 5.138558 4.831645 4.348202 3.77887 3.423526 3.4581 4.118058 4.532494 4.900739 5.299652 5.405613 5.558785 5.536548 5.488992 5.321392 5.172535 5.091849 5.061642 4.809626 4.371515 3.819334 3.476819 3.465008 3.467839 3.371374 3.232147 3.398667 3.762442 4.172486 4.400907 4.451148 4.36882 4.007871 3.726193 3.570839 3.454943 3.314059 3.233794 3.40777 3.513282 3.498271 3.395997 3.260495 3.130396 3.104369 3.363375 3.655469 3.623941 3.323938 2.633194 1.676455 2.098644 2.236132 2.579107 2.887396 3.207036 3.599347 3.866102 4.018861
4.94902 5.173022 5.373101 5.347624 5.169082 4.930913 4.44596 4.012617 3.558826 3.065029 3.320273 3.867073 4.294694 4.490521 4.566184 4.65501 4.911513 5.348056 5.620335 5.805036 5.811186 5.599216 5.313761 4.828032 4.508467 4.385022 4.576994 4.64575 4.469226 3.953664 3.597433 3.536615 3.680186 3.90743 4.134477 4.145525 3.90853 3.733492 3.570894 3.435039 3.38111 3.24531 3.114547 3.140219 3.21961 3.300231 3.26119 3.110004 2.946047 2.685287 2.806796 2.711066 1.394071 1.293498 1.607597 1.978322 2.15271 2.547417 3.062943 3.154718 3.429896 3.793246 3.908481
5.032983 5.246924 5.339477 5.381691 5.194794 5.004813 4.73263 4.509259 4.096114 3.389265 2.956989 3.258975 3.764297 3.800514 3.860628 3.929758 4.061267 4.559779 5.091696 5.358155 5.34529 5.174811 4.930271 4.75475 4.603293 4.54759 4.553058 4.586101 4.631517 4.309155 3.729232 3.538845 3.680063 3.9227 4.027185 3.950044 3.852256 3.784771 3.530051 3.227451 3.050859 3.098467 3.13832 3.025725 2.985984 3.000184 3.090148 3.110507 3.003562 2.715891 2.407263 1.908993 1.401885 1.273094 1.093486 2.002685 2.692723 3.161389 3.225002 3.105519 3.216389 3.442937 3.562849
4.476298 4.945615 5.234328 5.320858 5.147374 4.958504 4.70941 4.494308 4.272886 3.895295 3.319021 2.939485 3.281808 3.505176 3.66097 3.766971 3.739849 3.776918 4.144121 4.343218 4.393548 4.426717 4.34108 4.252731 4.282711 4.114741 3.860963 3.696337 3.760273 3.741525 3.47272 3.364911 3.647701 3.835124 3.865577 3.615636 3.462667 3.335259 3.120435 2.882606 2.752307 2.725044 2.775995 2.912517 2.98505 2.968725 2.958508 3.110843 3.298325 3.226096 2.965514 2.499084 1.753598 1.765263 3.180741 3.555346 3.731008 3.645102 3.302899 2.951339 2.888973 2.992714 2.986549
3.882518 4.396171 4.87612 5.128065 5.044147 4.540919 4.11309 3.891083 3.714303 3.584745 3.383756 3.046052 2.908619 3.336547 3.634982 3.742347 3.571372 3.384646 3.313434 3.506942 3.676745 3.884544 3.867188 3.881107 4.019691 3.913955 3.454262 2.985151 2.76808 2.814629 2.850956 2.802368 2.96576 3.196781 3.250563 3.077715 2.910437 2.80355 2.727028 2.651534 2.636719 2.590328 2.567131 2.605063 2.721782 2.94452 2.991156 3.051813 3.204136 3.3756 3.131775 2.578053 1.836018 3.413702 3.963537 4.216895 4.098767 3.813894 3.324225 2.993016 2.613157 2.608219 2.922979
3.894646 4.227686 4.535883 4.52213 4.444639 4.308835 4.076901 3.770906 3.40981 3.220938 3.137819 2.973813 2.856514 3.004074 3.554307 3.675137 3.598315 3.412199 3.098882 3.014582 3.229525 3.48662 3.52177 3.694243 3.948805 3.927067 3.711509 3.264194 2.970369 2.842366 2.605226 2.253922 2.053588 2.209335 2.586837 2.582234 2.596867 2.709855 2.88541 2.905125 2.890412 2.761869 2.615681 2.546682 2.484896 2.665706 2.921572 3.079395 3.111011 3.148954 2.814367 2.763786 2.942712 3.771975 4.049228 4.069238 4.030766 3.870175 3.642679 3.450889 3.193411 2.855989 2.86769
4.16169 4.252349 4.418014 4.307475 4.14152 4.212707 4.399281 4.356992 4.194468 4.087636 3.841421 3.681326 3.342233 2.959319 3.249756 3.554991 3.822316 3.691722 3.383813 3.109672 3.059777 3.247796 3.288887 3.450051 3.668087 3.849903 4.003334 4.081794 4.107282 3.933788 3.565305 2.809665 2.29198 1.921953 2.104701 2.369053 2.628837 2.935831 3.161968 3.235982 3.280628 3.18992 3.202769 3.089361 2.968897 2.897006 2.867939 2.977343 3.075706 2.91521 2.643467 3.038303 3.673086 4.01074 4.046501 4.047531 4.113434 4.08459 4.09431 3.996172 3.707432 3.19505 2.868492
4.126 3.992647 4.280544 4.36342 4.215242 4.133102 4.26114 4.385996 4.464494 4.394415 4.366421 4.218913 3.85556 3.413462 3.229311 3.582022 3.803635 3.957831 3.720347 3.437162 3.215255 3.127446 3.162349 3.239809 3.484791 3.761418 4.141922 4.541133 4.574213 4.544274 4.365474 4.046418 3.536215 2.896967 2.408636 2.422502 2.692943 3.016544 3.254538 3.417779 3.506788 3.578127 3.609142 3.613083 3.630085 3.519534 3.265439 3.021063 2.797557 2.592276 2.904179 3.352558 3.93335 4.139292 4.067196 4.081084 4.147027 4.079943 4.126636 3.967712 3.816966 3.592889 3.324586
4.038704 3.644331 3.784387 3.992512 3.837217 3.865227 3.891089 4.062145 4.268985 4.167066 3.99259 3.845573 3.714729 3.450825 3.202198 3.328807 3.531935 3.692453 3.709985 3.486295 3.361601 3.221579 3.205626 3.268188 3.344335 3.536105 3.878686 4.0985 4.245589 4.33819 4.430649 4.45006 4.347254 3.904631 3.364732 2.981411 2.791647 2.753709 2.865587 3.138088 3.330681 3.382194 3.537066 3.674759 3.798531 3.712085 3.542919 3.240749 2.783269 2.7631 2.958114 3.099802 3.335444 3.789323 3.915094 4.026577 4.125722 4.144259 4.253998 4.216139 3.996936 3.841675 3.63203
4.273 3.59471 3.460336 3.667979 3.706744 3.869632 4.085811 4.402834 4.579331 4.566495 4.387219 3.929939 3.505907 3.218068 3.000513 2.911404 3.030896 3.131225 3.356585 3.437328 3.344087 3.228453 3.088174 3.083937 3.114993 3.126788 3.252491 3.537365 3.671879 3.756007 3.787468 3.872121 4.030948 4.022266 3.769693 3.390346 3.052625 2.792174 2.752973 2.801864 2.925185 3.031145 3.148599 3.295079 3.437612 3.452133 3.357327 3.159349 2.794094 2.773008 2.881322 2.956945 2.898097 3.114796 3.595289 3.855109 4.032628 4.137972 4.273911 4.264976 4.273005 4.132743 4.031325
4.671543 4.033157 3.636039 3.686448 3.958694 4.063446 4.224893 4.331729 4.538764 4.784032 4.814268 4.533073 4.029559 3.478571 3.104162 2.714625 2.678151 2.807518 3.040611 3.250465 3.272072 3.195693 3.196836 3.178621 3.072683 3.039798 3.148053 3.270592 3.496485 3.55705 3.431102 3.290894 3.24008 3.506418 3.510852 3.279832 3.081988 2.803319 2.642845 2.654296 2.79299 2.893802 2.883946 2.921493 2.967078 2.912324 2.69464 2.543136 2.53645 2.524826 2.718715 2.837682 2.866288 2.733765 3.194567 3.537965 3.811069 4.034305 4.16951 4.214811 4.240276 4.254929 4.164077
5.071495 4.600444 4.071605 3.904018 4.026807 4.11013 3.857103 3.613256 3.740274 4.063954 4.390944 4.551884 4.419303 4.204411 3.818439 3.355594 2.84708 2.591931 2.796687 2.983777 3.097181 3.240841 3.329566 3.37432 3.376437 3.315433 3.241351 3.198628 3.210588 3.365527 3.432047 3.266866 2.98457 2.91409 2.99691 3.016242 2.929518 2.86987 2.815302 2.824149 2.843801 2.918008 2.844782 2.764487 2.598443 2.439677 2.381645 2.366152 2.470368 2.681832 2.845597 2.779233 2.813821 2.710052 2.768014 3.171391 3.499509 3.77399 4.011013 4.131792 4.208882 4.175648 4.12948
5.029919 4.706556 4.272755 3.955103 3.930225 3.785556 3.371771 3.249152 3.225161 3.194742 3.396819 3.799742 4.159809 4.196482 4.106393 3.696286 3.230248 2.80143 2.620305 2.622901 2.882727 3.171418 3.318612 3.477053 3.557258 3.510403 3.380839 3.194429 2.989958 2.90669 3.05129 3.120319 3.005002 2.79161 2.736294 2.747309 2.830628 2.878657 2.862988 2.964555 3.045783 3.05073 3.050723 2.988863 2.843096 2.712561 2.810474 3.056585 3.283826 3.316735 3.108195 2.833876 2.688495 2.653962 2.470315 2.478171 2.858331 3.230174 3.552724 3.794411 4.019933 4.12061 4.089463
4.436825 4.355714 4.19451 3.906903 3.640777 3.362462 3.168833 3.2743 3.158703 2.899329 2.69427 2.954138 3.429203 3.635592 3.731576 3.823398 3.549885 3.170723 2.778693 2.618952 2.7222 2.978003 3.117634 3.377015 3.531745 3.519996 3.361189 3.117587 2.899302 2.741966 2.712492 2.866049 2.973776 2.948617 2.809156 2.767861 2.78602 2.796047 2.790054 2.873315 3.025172 3.136621 3.099041 3.07658 3.086526 3.040974 3.170483 3.306515 3.335341 3.335121 3.142118 2.878333 2.572846 2.466027 2.520744 2.430223 2.204399 2.335986 2.740605 3.238505 3.570652 3.838789 3.986732
3.928246 3.943062 3.977432 3.752104 3.391549 3.229365 3.291717 3.436837 3.447941 3.204712 2.889344 2.646645 2.742362 3.055015 3.180794 3.574552 3.623831 3.481923 3.306914 2.865196 2.799462 2.894226 3.131709 3.442357 3.441135 3.301805 3.131264 2.982849 2.830317 2.788395 2.722588 2.722229 2.876432 2.997208 2.927352 2.905044 2.827087 2.743851 2.714165 2.733841 2.675647 2.761699 2.827819 2.786488 2.767988 2.822614 2.850889 2.910582 2.922205 3.028102 3.165556 3.391719 3.435361 3.230635 2.706542 2.535894 2.369613 2.194371 2.041559 2.482272 3.090832 3.464005 3.764643
