py_wake/examples/data/AJ_ParqueFicticio/Rough survey   Sector 10   Height 200m   Weibull-A.grd
DSAA
73  159
 258469   265669
 6501692   6517492
 6.592178   15.43679
[rows 0 to 27 of 159, columns 0 to 62 of 73]
10.64048 10.63203 10.63621 10.64348 10.6495 10.65787 10.67095 10.68046 10.68823 10.69162 10.69278 10.68631 10.67759 10.6583 10.63271 10.60464 10.57216 10.54164 10.50237 10.47187 10.4699 10.58409 10.74814 10.8486 10.78203 10.59827 10.48147 10.55697 10.63424 10.63825 10.60738 10.61318 10.60823 10.63082 10.69788 10.83617 11.04631 11.25476 11.34762 11.38647 11.41605 11.44684 11.4654 11.471 11.44987 11.40086 11.36036 11.32225 11.31328 11.28878 11.26653 11.24218 11.22462 11.21746 11.2024 11.19188 11.18512 11.16417 11.13831 11.09685 11.03472 10.98372 10.92475
10.68211 10.65561 10.64506 10.64608 10.65267 10.66205 10.67201 10.68508 10.6925 10.69709 10.69875 10.69294 10.6804 10.66229 10.63319 10.59575 10.5585 10.51801 10.46261 10.42148 10.43876 10.59366 10.83142 10.99131 10.93023 10.72728 10.53906 10.57252 10.6357 10.6434 10.63138 10.61083 10.59296 10.60265 10.64474 10.77815 10.97915 11.20473 11.31662 11.35734 11.38374 11.42205 11.47497 11.49208 11.44121 11.40606 11.37217 11.33871 11.31152 11.28355 11.27016 11.25631 11.24641 11.24329 11.23358 11.22963 11.21955 11.20262 11.15887 11.11502 11.06061 10.99927 10.93393
10.74398 10.6932 10.65474 10.64959 10.65785 10.66761 10.6764 10.68542 10.69384 10.69786 10.70268 10.698 10.6884 10.67437 10.64286 10.59164 10.54291 10.49111 10.43072 10.38759 10.42204 10.58834 10.85324 11.05521 11.08227 10.86916 10.65855 10.60409 10.63253 10.64179 10.64254 10.61685 10.59311 10.58057 10.58395 10.67735 10.85932 11.11556 11.25779 11.31684 11.34212 11.39503 11.45728 11.50506 11.46089 11.39739 11.35198 11.32274 11.30404 11.27692 11.26732 11.27286 11.26933 11.26142 11.23725 11.26222 11.25525 11.23553 11.19769 11.1427 11.07813 11.00215 10.9284
10.82415 10.74578 10.67858 10.66154 10.66209 10.67083 10.68278 10.69082 10.69606 10.70035 10.69884 10.7043 10.70506 10.69365 10.65516 10.59012 10.53257 10.47068 10.4066 10.36082 10.40715 10.57726 10.83829 11.06836 11.15882 11.00168 10.78408 10.68333 10.66209 10.66001 10.65265 10.64183 10.60001 10.53942 10.50224 10.55233 10.69692 10.9528 11.15344 11.23343 11.28431 11.37009 11.45559 11.50298 11.49142 11.41172 11.33838 11.30391 11.28407 11.26231 11.26923 11.26845 11.2678 11.27409 11.28293 11.28338 11.28137 11.26116 11.22158 11.15362 11.07702 10.99544 10.90945
10.86975 10.79234 10.71977 10.68645 10.67093 10.67799 10.69156 10.70423 10.70489 10.70298 10.69939 10.68657 10.70252 10.70776 10.66577 10.59517 10.52429 10.45638 10.39298 10.34956 10.41148 10.57801 10.81531 11.04913 11.17745 11.09081 10.91834 10.79428 10.73131 10.70419 10.68017 10.66483 10.58614 10.49306 10.43822 10.42813 10.54829 10.76512 10.98169 11.09156 11.21487 11.36891 11.48213 11.50066 11.50119 11.39865 11.31208 11.26915 11.24282 11.24441 11.25463 11.27965 11.2937 11.31462 11.33167 11.34499 11.34549 11.32408 11.27576 11.20164 11.113 11.00105 10.88955
10.88545 10.82407 10.77687 10.74391 10.69724 10.68739 10.70951 10.72254 10.71647 10.71077 10.71097 10.68808 10.69366 10.71657 10.68028 10.61716 10.53583 10.45159 10.38859 10.37536 10.45739 10.62683 10.8221 11.03532 11.18366 11.15682 11.02003 10.89527 10.80621 10.75308 10.70477 10.66826 10.60227 10.5288 10.45149 10.4088 10.46966 10.62547 10.77909 10.91165 11.12442 11.39058 11.51418 11.5028 11.45905 11.40062 11.33764 11.30182 11.26441 11.24668 11.26552 11.29163 11.32186 11.3602 11.40323 11.43737 11.43032 11.41302 11.36624 11.27721 11.16085 11.02019 10.86015
10.87958 10.84956 10.82971 10.80479 10.75475 10.70858 10.73201 10.74356 10.73451 10.72609 10.71694 10.69289 10.68407 10.70514 10.69499 10.64577 10.56786 10.47 10.39418 10.35983 10.44956 10.63795 10.84056 11.04125 11.19301 11.2024 11.10832 10.98561 10.86758 10.77401 10.70253 10.64327 10.61108 10.53807 10.46345 10.40922 10.41938 10.49344 10.58493 10.74038 11.06081 11.37636 11.50936 11.46218 11.389 11.34694 11.33359 11.32196 11.25826 11.21629 11.22776 11.26414 11.31896 11.38838 11.46611 11.50735 11.53125 11.52117 11.47651 11.35809 11.20583 11.00787 10.79591
10.87668 10.86439 10.84892 10.8289 10.78915 10.75791 10.75652 10.7662 10.75161 10.73878 10.71886 10.70408 10.70573 10.72904 10.72607 10.69001 10.61659 10.52143 10.42687 10.3682 10.43927 10.62359 10.85342 11.03805 11.18088 11.22685 11.16016 11.0428 10.91525 10.80212 10.71552 10.67518 10.63805 10.55387 10.48464 10.42343 10.40564 10.42866 10.48914 10.64512 10.98341 11.28896 11.39852 11.3553 11.29421 11.32328 11.34397 11.32468 11.2157 11.14854 11.15761 11.20306 11.27981 11.40049 11.54533 11.6171 11.64941 11.64182 11.58329 11.45929 11.23298 10.96408 10.7083
10.87488 10.87167 10.86824 10.86676 10.84721 10.82377 10.81218 10.7943 10.76787 10.73937 10.72327 10.71909 10.73149 10.73878 10.75247 10.74434 10.69804 10.60182 10.49736 10.41913 10.41745 10.57116 10.77842 10.94774 11.11679 11.22793 11.22755 11.11393 10.97999 10.84827 10.73767 10.68486 10.64072 10.5879 10.52985 10.46795 10.43671 10.44067 10.50862 10.63408 10.8989 11.1422 11.22509 11.19558 11.23757 11.32237 11.32304 11.28294 11.16399 11.07325 11.08655 11.12268 11.19876 11.38256 11.59367 11.72661 11.76248 11.75883 11.70083 11.53705 11.23153 10.89189 10.59982
10.87315 10.87257 10.87811 10.89007 10.88338 10.87481 10.85408 10.81727 10.77035 10.72797 10.72201 10.73811 10.74732 10.75256 10.77355 10.79239 10.77999 10.71186 10.60251 10.50336 10.44242 10.49803 10.67278 10.83558 10.99726 11.15843 11.23296 11.16629 11.03063 10.88756 10.78565 10.72814 10.68079 10.62559 10.57341 10.52161 10.48554 10.49775 10.55954 10.67249 10.84944 10.98448 11.04834 11.06007 11.17265 11.26713 11.24288 11.19348 11.10041 10.99166 10.99274 11.0269 11.13712 11.39708 11.6751 11.81596 11.8521 11.8547 11.76546 11.56852 11.20938 10.80185 10.48066
10.86849 10.87353 10.87817 10.89349 10.8926 10.87451 10.85536 10.81497 10.74845 10.68841 10.71413 10.77209 10.77217 10.74525 10.7771 10.84259 10.87185 10.82313 10.72603 10.61769 10.53238 10.50799 10.60473 10.73105 10.87966 11.02841 11.15945 11.14869 11.04612 10.9074 10.81741 10.7567 10.71497 10.66438 10.61109 10.5603 10.54505 10.55048 10.59746 10.69713 10.80356 10.89522 10.94367 10.97559 11.08092 11.13637 11.10961 11.08361 11.02469 10.91267 10.88967 10.94504 11.14579 11.44811 11.72021 11.85781 11.91118 11.90146 11.80333 11.57871 11.21276 10.77338 10.45905
10.85791 10.86974 10.87799 10.88473 10.90628 10.90143 10.88572 10.7852 10.67141 10.63374 10.70978 10.7964 10.80225 10.74065 10.74589 10.85182 10.96032 10.924 10.83173 10.7361 10.63788 10.58975 10.6199 10.6802 10.77256 10.89776 11.01533 11.03994 11.00097 10.89073 10.81663 10.75757 10.72826 10.70578 10.6531 10.60021 10.58262 10.58748 10.6234 10.68777 10.77018 10.83416 10.88769 10.93927 10.99554 11.00979 10.98347 10.9729 10.95128 10.87347 10.83893 10.93905 11.19439 11.49367 11.70234 11.80164 11.83802 11.82175 11.72672 11.5278 11.19696 10.80702 10.51808
10.84042 10.85676 10.87608 10.8824 10.90544 10.92236 10.89107 10.78953 10.62531 10.60106 10.73083 10.83657 10.82914 10.75619 10.7489 10.83202 10.96419 11.00468 10.95308 10.86025 10.78156 10.72527 10.72349 10.7113 10.73159 10.80173 10.89491 10.93613 10.91853 10.85193 10.792 10.74124 10.71916 10.70606 10.67728 10.64305 10.61366 10.6124 10.63537 10.6816 10.74065 10.80338 10.85662 10.91544 10.93413 10.91338 10.89913 10.88868 10.88037 10.8527 10.85157 10.94946 11.17113 11.4305 11.60237 11.65665 11.67016 11.65326 11.56702 11.38327 11.1279 10.85053 10.59992
10.82052 10.84953 10.87361 10.88758 10.90451 10.9108 10.87491 10.78544 10.64763 10.63488 10.74628 10.84141 10.85269 10.79745 10.7892 10.87047 10.95981 11.00661 11.02204 10.97029 10.92677 10.908 10.86363 10.78619 10.74533 10.75505 10.81426 10.84269 10.81522 10.78528 10.74444 10.70798 10.6952 10.69542 10.6918 10.67281 10.64352 10.62928 10.63406 10.66717 10.7219 10.77036 10.81773 10.89231 10.89013 10.86915 10.84803 10.835 10.84177 10.84022 10.87564 10.95239 11.10997 11.30382 11.44193 11.48839 11.4949 11.4877 11.43052 11.30164 11.10802 10.87945 10.65432
10.8104 10.84029 10.86501 10.88319 10.89514 10.88977 10.85117 10.78488 10.69639 10.67487 10.76379 10.84342 10.86592 10.85628 10.86705 10.92055 10.97301 11.0236 11.05828 11.04056 11.03506 11.03696 10.99866 10.91176 10.8154 10.7665 10.74167 10.73456 10.72754 10.70953 10.69238 10.67389 10.67698 10.69825 10.72266 10.71815 10.66996 10.62661 10.61617 10.65326 10.71128 10.7682 10.81291 10.87806 10.88992 10.84308 10.82101 10.82434 10.84429 10.87718 10.907 10.958 11.06523 11.19236 11.30061 11.36811 11.42983 11.4772 11.45684 11.35736 11.18534 10.95992 10.70542
10.80274 10.82796 10.84645 10.86544 10.8807 10.86762 10.83288 10.78572 10.73202 10.70731 10.77485 10.83824 10.87402 10.89949 10.9198 10.93443 10.95827 11.00683 11.06042 11.06128 11.08484 11.11292 11.09064 11.00874 10.91121 10.80518 10.72382 10.68158 10.65682 10.65779 10.64118 10.62941 10.6335 10.7008 10.78368 10.78296 10.69322 10.60861 10.56637 10.60038 10.69863 10.77921 10.83203 10.8898 10.8835 10.84201 10.82608 10.8447 10.90108 10.93769 10.95263 10.96816 11.03796 11.14803 11.25435 11.36869 11.50844 11.61448 11.63508 11.54378 11.36208 11.09965 10.75723
10.79229 10.81682 10.82907 10.84574 10.86055 10.85543 10.82914 10.78921 10.75959 10.75282 10.78404 10.83079 10.87527 10.90903 10.94334 10.9469 10.94934 10.99873 11.05579 11.07133 11.09613 11.13387 11.13551 11.09955 11.01838 10.90341 10.7662 10.66418 10.62638 10.61352 10.61025 10.57433 10.58632 10.71059 10.87127 10.88589 10.747 10.58572 10.48817 10.50853 10.67393 10.80314 10.8723 10.91092 10.90918 10.86784 10.84461 10.89226 10.9763 11.02271 11.01892 11.00651 11.06539 11.16852 11.32748 11.50299 11.68611 11.82391 11.85711 11.77928 11.59605 11.27366 10.8409
10.78427 10.80068 10.82109 10.83497 10.84519 10.84488 10.82608 10.80449 10.78541 10.79326 10.8155 10.83915 10.87243 10.9235 10.95634 10.97167 10.97361 11.00209 11.0376 11.06702 11.08537 11.11798 11.13022 11.12336 11.08792 11.00019 10.84389 10.70593 10.62757 10.60342 10.56125 10.5007 10.55058 10.74246 10.93906 10.96664 10.78033 10.55305 10.37543 10.39739 10.63585 10.8306 10.92782 10.98469 10.98878 10.94432 10.91397 10.96886 11.08164 11.12457 11.08087 11.04673 11.11141 11.27668 11.47472 11.67588 11.86608 11.98985 12.02646 11.94662 11.76374 11.44424 10.98566
10.77552 10.78962 10.80312 10.82406 10.83175 10.83627 10.83041 10.81296 10.80503 10.82094 10.85089 10.86325 10.87072 10.91677 10.95798 10.98146 10.99541 11.01609 11.03707 11.05978 11.0707 11.08622 11.09913 11.11476 11.08691 11.0051 10.88887 10.76775 10.67407 10.60983 10.51828 10.4274 10.55499 10.78833 10.96838 11.01078 10.82959 10.49793 10.23739 10.26268 10.58595 10.85609 11.01147 11.08888 11.09887 11.07206 11.02358 11.08858 11.20755 11.2397 11.16651 11.1136 11.17387 11.35323 11.58121 11.8072 11.9783 12.09534 12.10872 12.03199 11.86741 11.57871 11.14043
10.7656 10.77825 10.79227 10.80947 10.81473 10.82421 10.82422 10.82413 10.82241 10.84079 10.8761 10.88405 10.88126 10.91723 10.95376 10.98735 11.00677 11.03063 11.04437 11.06015 11.05696 11.06351 11.06834 11.09435 11.08489 11.01535 10.91675 10.81354 10.72541 10.62127 10.46987 10.39896 10.56074 10.82081 10.98489 11.02472 10.81653 10.43464 10.09687 10.15987 10.52752 10.87628 11.0744 11.15677 11.18965 11.16242 11.14398 11.20841 11.31147 11.32151 11.24279 11.18278 11.24833 11.41052 11.61929 11.84599 12.0301 12.15417 12.15758 12.08296 11.93076 11.65566 11.27051
10.76396 10.76425 10.76569 10.77373 10.78918 10.80021 10.81327 10.82625 10.83677 10.85897 10.88919 10.90246 10.90264 10.92522 10.96127 10.99086 11.01298 11.03621 11.05178 11.04393 11.03798 11.03685 11.05046 11.06699 11.06218 11.01436 10.9364 10.8533 10.77129 10.61743 10.49194 10.46671 10.51077 10.75271 10.93578 10.99944 10.7885 10.37119 10.04625 10.14603 10.52264 10.89495 11.11185 11.22249 11.24401 11.21657 11.20403 11.27055 11.35129 11.34287 11.26222 11.26426 11.32779 11.46083 11.67854 11.89903 12.09185 12.22137 12.24546 12.17275 12.00295 11.73422 11.37093
10.75841 10.75922 10.74426 10.75095 10.7712 10.78832 10.80341 10.81803 10.83629 10.86761 10.89522 10.916 10.92622 10.9445 10.96453 10.98907 11.01776 11.0405 11.04992 11.0366 11.02275 11.02607 11.03921 11.0533 11.04285 11.00845 10.94037 10.85727 10.75353 10.59505 10.56247 10.57247 10.52494 10.62649 10.81971 10.92334 10.72615 10.34257 10.041 10.17065 10.528 10.87708 11.09835 11.22386 11.25154 11.26885 11.28474 11.31006 11.33834 11.32322 11.29623 11.33029 11.41855 11.53747 11.7418 11.97113 12.17018 12.31738 12.36205 12.27821 12.07051 11.78398 11.43098
10.73923 10.74515 10.74056 10.7361 10.75518 10.7732 10.79164 10.81157 10.82937 10.86252 10.88994 10.91841 10.93884 10.96109 10.97428 10.98911 11.00436 11.03773 11.04799 11.04232 11.02619 11.02779 11.03728 11.03758 11.02621 10.98568 10.92073 10.8315 10.70243 10.63572 10.66932 10.68465 10.60408 10.55568 10.66728 10.78552 10.65989 10.37265 10.13316 10.1626 10.46669 10.79886 11.04857 11.15702 11.21899 11.26894 11.31153 11.31837 11.31129 11.29261 11.31004 11.39822 11.51313 11.62101 11.82628 12.07799 12.29533 12.45193 12.50581 12.41691 12.15668 11.80213 11.43785
10.73368 10.74274 10.73327 10.73018 10.74242 10.76203 10.78198 10.7999 10.82137 10.84665 10.87839 10.90733 10.93351 10.95969 10.98196 10.99665 11.00607 11.01969 11.03188 11.03495 11.03308 11.03118 11.03113 11.03069 11.01225 10.96012 10.88368 10.79089 10.66919 10.67068 10.7621 10.77454 10.6491 10.51992 10.50916 10.64074 10.62301 10.43501 10.25564 10.19737 10.36434 10.65299 10.90505 11.04331 11.14045 11.23076 11.28095 11.2986 11.29277 11.29061 11.33775 11.45267 11.60975 11.73727 11.9269 12.21773 12.47987 12.64494 12.6937 12.57149 12.24463 11.80691 11.39072
10.7265 10.7351 10.73595 10.7382 10.74599 10.7612 10.7748 10.79262 10.81462 10.83834 10.86799 10.89726 10.92597 10.95022 10.9773 10.99836 11.0089 11.00958 11.01888 11.02224 11.02408 11.02601 11.02467 11.01988 10.99514 10.93567 10.84999 10.76273 10.68874 10.6811 10.7469 10.77546 10.68001 10.52138 10.41223 10.52108 10.57514 10.48569 10.35692 10.26773 10.29602 10.53307 10.76383 10.90759 11.03817 11.13527 11.20654 11.25664 11.27673 11.30121 11.38445 11.55068 11.74718 11.89155 12.07626 12.39359 12.71195 12.87689 12.88262 12.69706 12.28073 11.76688 11.31923
10.72718 10.72391 10.73062 10.74702 10.75786 10.77114 10.78123 10.79044 10.80564 10.82403 10.85892 10.8903 10.921 10.95295 10.9749 10.9952 11.00629 11.00698 11.00874 11.00819 11.0152 11.01691 11.01137 11.00209 10.9756 10.90279 10.81488 10.75762 10.73396 10.7038 10.72465 10.74939 10.66905 10.52324 10.38072 10.45153 10.52001 10.50364 10.41813 10.30676 10.28912 10.44954 10.67548 10.84126 10.95904 11.03393 11.10918 11.18921 11.26104 11.32657 11.4508 11.67703 11.94815 12.11734 12.27593 12.6117 12.975 13.13177 13.05011 12.74372 12.24205 11.69965 11.22477
10.73114 10.71989 10.72215 10.74179 10.76105 10.77855 10.78805 10.80012 10.80562 10.8179 10.8482 10.88197 10.9195 10.95103 10.96992 10.98285 10.9943 11.0024 11.00069 10.99671 10.9943 10.99841 10.99941 10.97675 10.95691 10.88654 10.78959 10.75104 10.75708 10.70463 10.71021 10.71874 10.64392 10.50663 10.38954 10.42463 10.46874 10.48468 10.46245 10.32863 10.26248 10.37976 10.58962 10.75932 10.88176 10.93759 11.00317 11.10596 11.23394 11.36646 11.55545 11.84154 12.19726 12.41403 12.54197 12.84374 13.23301 13.37056 13.15608 12.6817 12.11235 11.55352 11.08828
10.73225 10.73511 10.73717 10.74636 10.76439 10.78217 10.79535 10.80202 10.80827 10.82274 10.85093 10.88443 10.91468 10.94923 10.9674 10.97802 10.98143 10.99188 10.99557 10.99187 10.98125 10.97786 10.98103 10.9657 10.93101 10.86423 10.78605 10.73918 10.7525 10.72177 10.70877 10.69974 10.60921 10.47581 10.3688 10.41336 10.45878 10.46098 10.44567 10.30826 10.22234 10.29617 10.45171 10.65257 10.79238 10.86848 10.92812 11.04758 11.21987 11.43112 11.68254 12.03755 12.47189 12.75265 12.87307 13.12331 13.45291 13.54087 13.17968 12.56289 11.93049 11.36563 10.94886
