py_wake/examples/data/AJ_ParqueFicticio/Rough survey   Sector 4   Height 30m   Mean speed.grd
DSAA
73  159
 258469   265669
 6501692   6517492
 .1989357   11.37843
[rows 0 to 27 of 159, columns 0 to 62 of 73]
4.953575 5.048603 5.084352 5.102263 5.111726 5.123322 5.139907 5.15329 5.162673 5.169597 5.173357 5.163218 5.150165 5.125196 5.0935 5.052642 5.005099 4.951715 4.863885 4.725286 4.461289 4.778947 5.246177 5.954318 5.656869 4.639037 4.348976 5.011766 5.237796 5.0559 4.912821 4.943791 4.948127 4.995687 4.951109 5.181936 5.672945 6.277982 6.110122 6.057547 6.071767 6.138614 6.193399 6.205328 6.121314 6.091847 6.025339 5.974266 5.950772 5.923755 5.901399 5.877826 5.868104 5.882418 5.887332 5.895256 5.901155 5.882137 5.862064 5.817628 5.768006 5.713141 5.648899
4.995501 5.065144 5.081358 5.095258 5.107965 5.121251 5.13518 5.153621 5.162468 5.169668 5.172366 5.166394 5.151218 5.132529 5.095474 5.041013 4.987092 4.918343 4.790453 4.589643 4.427391 4.743628 5.523462 6.107342 5.944655 5.086537 4.172702 4.825668 5.121624 5.05845 5.004401 4.958795 4.95826 4.969141 4.889681 5.105805 5.530932 6.261198 6.08619 6.001479 5.969292 6.012263 6.127712 6.218704 6.048593 6.025598 5.997732 5.949657 5.931565 5.901464 5.891746 5.889539 5.889547 5.914893 5.924019 5.9374 5.94595 5.932382 5.88347 5.839364 5.782561 5.716008 5.645432
5.097625 5.025088 5.046697 5.080885 5.105669 5.123748 5.138818 5.150377 5.162638 5.175733 5.200804 5.177428 5.166176 5.157764 5.114949 5.036766 4.965206 4.883197 4.740904 4.486632 4.439093 4.699884 5.549961 6.030951 6.308493 5.402554 4.595576 4.744143 4.962924 4.968908 4.986299 4.960832 4.979564 4.950793 4.794974 4.920564 5.208919 6.095587 6.044222 5.917843 5.829651 5.910571 6.033892 6.238502 6.069428 5.946885 5.90661 5.898917 5.896509 5.834841 5.830356 5.887904 5.90333 5.934144 5.952688 5.97437 5.986908 5.972117 5.930476 5.872276 5.801804 5.720583 5.642972
5.356687 5.150129 4.985218 5.06688 5.100508 5.125039 5.146069 5.158575 5.165662 5.176964 5.173965 5.185429 5.203693 5.22232 5.16272 5.033804 4.948332 4.849455 4.694527 4.439117 4.428576 4.683273 5.429442 5.85444 6.257607 5.51812 4.877625 4.78215 4.874198 4.910911 4.959998 5.017843 5.017754 4.850253 4.667018 4.61368 4.829122 5.686675 6.052194 5.773809 5.713934 5.875793 6.086703 6.215583 6.23458 5.988813 5.837596 5.827919 5.829519 5.773173 5.788809 5.939659 5.932769 5.971568 6.007138 6.032224 6.05241 6.039875 5.991646 5.9157 5.828637 5.745306 5.655445
5.490916 5.197517 4.98857 5.070178 5.092743 5.117004 5.151658 5.180356 5.17958 5.173491 5.179197 5.143322 5.217769 5.293275 5.210018 5.04249 4.934451 4.816206 4.638016 4.326063 4.49199 4.74089 5.280208 5.781609 6.260794 5.749499 5.164789 4.992952 4.964832 4.984565 4.961168 5.081305 4.949199 4.714193 4.534366 4.244535 4.39922 5.327529 5.886421 5.556178 5.449875 6.061286 6.271262 6.248903 6.269469 5.906337 5.762707 5.777831 5.751207 5.748296 5.775146 5.925657 5.955533 6.004655 6.053906 6.098031 6.129251 6.12257 6.061482 5.977335 5.882082 5.760289 5.637556
5.454923 5.249449 5.132877 5.120686 5.047236 5.0792 5.195947 5.240612 5.209351 5.195096 5.20217 5.138043 5.181053 5.314846 5.24167 5.094555 4.947226 4.79068 4.499053 4.450184 4.638468 4.896895 5.265362 5.693039 6.233612 5.919097 5.428593 5.20116 5.106919 5.073237 5.039546 5.113126 5.067475 4.848491 4.706926 4.452946 4.223149 4.756431 5.383353 4.991683 5.227765 6.405297 6.541668 6.369134 6.256072 5.945409 5.826334 5.837004 5.788187 5.717596 5.770896 5.847601 5.903961 5.98937 6.094405 6.17922 6.229644 6.239573 6.173897 6.07998 5.953003 5.807639 5.600514
5.370181 5.330339 5.318947 5.275702 5.097749 5.013762 5.276865 5.282851 5.234287 5.221337 5.208138 5.135596 5.135362 5.244503 5.267048 5.179208 5.008879 4.824797 4.613056 4.340478 4.573959 4.97597 5.408063 5.686677 6.190459 5.955569 5.660309 5.390648 5.203915 5.099828 5.031337 5.006497 5.059493 4.913885 4.753534 4.580886 4.487763 4.528936 4.586082 4.58185 5.500656 6.717469 6.724194 6.313244 5.975017 5.847862 5.922277 5.994619 5.839542 5.699834 5.717617 5.756103 5.797908 5.937407 6.139938 6.293773 6.363334 6.386579 6.33815 6.21736 6.063667 5.740779 5.365087
5.340954 5.330726 5.344117 5.344629 5.077425 4.968802 5.15482 5.257118 5.23355 5.210043 5.164227 5.127561 5.168778 5.248293 5.290303 5.264688 5.145825 4.911234 4.696735 4.334242 4.569973 4.970583 5.547718 5.72343 6.096763 5.987788 5.829396 5.505548 5.294607 5.139031 5.020429 5.065964 5.040893 4.943677 4.807204 4.638253 4.544135 4.561306 4.484939 4.217133 5.583314 6.74224 6.663119 6.092081 5.603993 5.818391 6.073851 6.167743 5.776646 5.510302 5.631973 5.678192 5.605803 5.761005 6.22558 6.485392 6.538288 6.574531 6.56687 6.49693 5.977687 5.589163 5.17343
5.33157 5.328535 5.354824 5.377661 5.314532 5.151226 5.214786 5.259347 5.217797 5.15397 5.131124 5.136953 5.186704 5.219195 5.276235 5.322336 5.288074 5.062572 4.791008 4.508154 4.394676 4.79008 5.339489 5.456069 5.911737 6.041191 6.054575 5.68035 5.430118 5.24949 5.098645 5.091338 5.073 5.021476 4.917543 4.773395 4.686069 4.659243 4.720325 4.535533 5.232368 6.210472 6.176509 5.487193 5.594364 6.324895 6.265255 6.258384 5.791574 5.365138 5.546994 5.531256 5.22928 5.62416 6.36585 6.757481 6.73107 6.78442 6.922382 6.712091 5.942303 5.302318 4.939236
5.32274 5.317225 5.33497 5.375382 5.397194 5.39359 5.449199 5.369671 5.170881 5.066423 5.068049 5.138827 5.186268 5.168097 5.210244 5.318717 5.396172 5.273578 4.978398 4.677993 4.405252 4.491261 5.063848 5.154621 5.578829 6.07139 6.141081 5.878906 5.601067 5.33719 5.159019 5.144327 5.132743 5.095682 5.032626 4.92557 4.861367 4.754507 4.917326 5.003483 5.149617 5.581655 5.559458 5.080142 5.932758 6.432447 6.119663 6.045521 5.728387 5.157906 5.302198 5.133985 4.909413 5.718451 6.752113 7.044717 6.925172 7.011971 7.179002 6.900434 6.113064 5.039105 4.367112
5.307247 5.30467 5.297359 5.322937 5.383552 5.342152 5.482897 5.499168 5.114597 4.928944 5.018168 5.18482 5.212424 5.064397 5.055692 5.362968 5.554916 5.447532 5.202003 4.983768 4.636884 4.488391 4.835854 4.998752 4.95426 5.765498 6.266199 6.081798 5.771864 5.383503 5.200548 5.195548 5.198834 5.163681 5.076925 4.987287 5.000551 4.939787 4.952222 5.221201 5.371361 5.473804 5.438541 5.237264 5.613441 6.024642 5.665433 5.730382 5.648479 5.07161 5.005066 4.730997 5.162487 6.313626 6.956459 7.154366 7.101459 7.198259 7.200246 6.922346 6.155477 4.943021 4.411399
5.27959 5.285784 5.289838 5.275119 5.410284 5.415377 5.552645 5.388434 4.760149 4.747855 4.990111 5.436166 5.397459 5.02024 4.90435 5.292734 5.763127 5.607941 5.293754 5.082291 4.860282 4.618942 4.622959 4.798511 4.897618 4.980173 5.865686 5.939161 5.769635 5.319479 5.176559 5.153679 5.190718 5.218067 5.136982 5.025112 5.062432 5.059813 5.041248 5.197276 5.350589 5.418334 5.448238 5.464044 5.517544 5.548852 5.405942 5.410541 5.430794 5.173556 4.895185 4.891121 5.878022 6.676678 6.911361 6.971169 7.156778 7.247472 7.066942 6.640984 6.002141 5.034565 4.643679
5.244949 5.265486 5.312855 5.32809 5.40265 5.469845 5.50703 5.409536 4.535388 4.578126 5.113486 5.570792 5.485197 5.023783 4.87902 4.98352 5.759452 5.621091 5.550688 5.284659 5.02368 4.835669 4.817995 4.828394 4.88091 5.003938 5.161924 5.728514 5.636721 5.24739 5.151133 5.10334 5.137958 5.163345 5.127038 5.08047 5.099047 5.109235 5.121521 5.151606 5.271809 5.365617 5.424167 5.531665 5.502588 5.40219 5.350853 5.31952 5.360394 5.250651 5.091062 4.950193 5.736871 6.548738 6.856658 6.684253 6.646047 6.634529 6.484192 6.096372 5.608169 4.971576 5.012655
5.213693 5.274132 5.345471 5.365537 5.400705 5.431481 5.402609 5.247197 4.521983 4.600625 5.199938 5.433106 5.365633 5.051665 4.808081 5.109273 5.464939 5.583028 5.646209 5.504894 5.452104 5.512806 5.17957 4.830893 4.889138 4.985392 5.170876 5.347315 5.32948 5.214401 5.129508 5.085631 5.092343 5.095983 5.138588 5.140474 5.128002 5.121939 5.124276 5.149242 5.211465 5.273329 5.330107 5.534025 5.475997 5.378579 5.320093 5.240896 5.296082 5.285836 5.260865 5.20172 5.358317 6.08295 6.252608 5.803228 5.071133 5.141366 5.228117 5.560774 5.652766 5.442322 5.22201
5.222212 5.288337 5.337755 5.369392 5.386239 5.382375 5.325874 5.214083 4.877921 4.746599 5.182525 5.352639 5.322198 5.209758 5.17947 5.312467 5.401792 5.515244 5.673708 5.568275 5.58296 5.780173 5.833992 5.21175 4.840001 4.9595 5.052872 5.144596 5.163558 5.136174 5.099773 5.057714 5.070403 5.098836 5.184479 5.223699 5.172371 5.094144 5.055069 5.08975 5.179889 5.268548 5.313362 5.487446 5.51465 5.31744 5.258714 5.206652 5.248426 5.339018 5.34925 5.376642 5.450674 5.537637 5.656281 5.534582 5.278556 5.264898 5.412386 5.46051 5.513906 5.353397 5.1892
5.234784 5.281383 5.317759 5.344291 5.362255 5.333988 5.267783 5.172185 5.033727 4.945273 5.163223 5.275507 5.293569 5.2887 5.337652 5.342227 5.292478 5.404272 5.577212 5.510189 5.594089 5.720401 5.799058 5.645914 5.260672 4.823895 4.925395 5.004495 5.026139 5.056106 5.04609 4.989091 4.900433 4.906716 5.422596 5.505478 5.13886 5.020102 4.947526 4.903668 5.197724 5.337123 5.384588 5.496576 5.437966 5.244386 5.191356 5.221214 5.373092 5.442984 5.417281 5.377655 5.447444 5.509226 5.479856 5.136658 5.445344 6.343093 6.600089 6.340353 6.132515 5.814486 4.657543
5.229913 5.268942 5.290748 5.31139 5.325271 5.306149 5.24455 5.158282 5.073639 5.048704 5.116861 5.193121 5.251701 5.283291 5.400108 5.342258 5.297328 5.424926 5.524393 5.503688 5.552483 5.661716 5.69687 5.708426 5.663579 5.348896 4.767694 4.82414 4.907646 4.960416 5.027693 4.850099 4.616117 4.786722 5.871712 5.984253 5.272414 4.824404 4.646513 4.52022 5.107704 5.398142 5.417159 5.437436 5.381334 5.213511 5.088305 5.186535 5.40152 5.516333 5.365461 5.252535 5.285892 5.405798 5.645173 6.02956 6.671034 7.075366 7.284911 7.137516 6.879004 6.440257 5.003443
5.226808 5.244045 5.282582 5.297639 5.30326 5.288956 5.239129 5.178875 5.121981 5.121383 5.163794 5.182332 5.213147 5.362034 5.411378 5.394999 5.35794 5.403935 5.464446 5.495763 5.512462 5.579767 5.624605 5.677749 5.75167 5.696442 5.159888 4.708417 4.723728 4.984403 4.996295 4.480784 4.272978 4.950634 6.151031 6.243742 5.607774 4.678594 4.204386 4.104515 4.885214 5.353498 5.351956 5.404282 5.331575 5.218613 4.95924 5.187412 5.762765 5.925182 5.593967 5.239964 5.284862 5.702915 6.149864 6.587698 7.060122 7.283518 7.367213 7.310873 7.089318 6.75113 5.714749
5.217415 5.232594 5.25965 5.2837 5.282212 5.276479 5.247505 5.195922 5.157691 5.163801 5.236444 5.255682 5.220001 5.34297 5.397831 5.407725 5.399399 5.42313 5.455463 5.476685 5.475251 5.485849 5.504887 5.607165 5.666107 5.603398 5.409264 5.036355 4.855924 5.100812 4.763101 4.106117 4.406371 5.45231 6.136388 6.19627 5.943192 4.791324 3.802074 3.671174 4.935618 5.481613 5.502429 5.592517 5.634166 5.603611 5.161233 5.473874 6.165233 6.207336 5.6952 5.296149 5.343154 5.811221 6.3538 6.860986 7.131875 7.346358 7.333833 7.241126 7.217082 6.895846 6.041947
5.20904 5.220194 5.239077 5.254347 5.252162 5.254351 5.238535 5.216723 5.184974 5.190984 5.270176 5.255361 5.237678 5.314961 5.368788 5.408068 5.424651 5.450397 5.471611 5.48413 5.453726 5.431876 5.420633 5.597786 5.628581 5.543283 5.432212 5.288771 5.197256 5.089379 4.420407 3.860853 4.544812 5.797637 5.95885 6.194111 5.982978 4.736496 3.278511 3.440728 4.885892 5.724998 5.891101 5.912237 5.977 5.809788 5.316617 5.633028 6.3431 6.245019 5.647898 5.354711 5.454144 5.829776 6.296938 6.735583 7.068223 7.341119 7.299781 7.233302 7.136901 6.97343 6.283329
5.223041 5.198921 5.177666 5.182584 5.205754 5.214717 5.220712 5.222276 5.212272 5.233504 5.305872 5.307026 5.280943 5.309278 5.358783 5.399005 5.426889 5.459308 5.493141 5.466991 5.437525 5.414491 5.4787 5.559971 5.591359 5.536105 5.450869 5.377646 5.437819 4.945027 4.375949 4.396989 4.210449 5.49909 5.775341 6.200895 5.888389 4.47171 3.000238 3.519382 5.032265 5.863569 5.94729 6.072484 5.959162 5.786112 5.610473 5.861928 6.221749 6.009507 5.47793 5.441077 5.649757 5.776926 6.292859 6.718621 7.087922 7.336633 7.383668 7.306118 7.159687 6.87531 6.446034
5.229402 5.234784 5.14551 5.139053 5.178391 5.196045 5.204741 5.21056 5.219568 5.263931 5.314353 5.334016 5.32851 5.33622 5.352135 5.379929 5.41991 5.47827 5.478439 5.42893 5.406324 5.41962 5.485445 5.543507 5.563078 5.54625 5.488254 5.407798 5.265689 4.499194 4.719525 5.071696 4.447123 4.885098 5.53559 6.003983 5.647344 4.382621 3.087758 3.882856 5.129549 5.737452 5.944962 5.976295 5.881662 5.829585 5.863497 5.926522 5.956401 5.749504 5.482911 5.527361 5.702256 5.797745 6.249946 6.716106 7.03057 7.369197 7.507302 7.449465 7.190352 6.825826 6.434684
5.197743 5.204648 5.168683 5.132698 5.166004 5.178559 5.189196 5.201581 5.21323 5.259151 5.299068 5.330356 5.345216 5.362964 5.366531 5.375443 5.392694 5.478904 5.478948 5.455748 5.426634 5.436549 5.484894 5.520364 5.541169 5.52075 5.462196 5.367526 4.963421 4.629871 5.135061 5.558664 4.808393 4.45446 4.969157 5.758507 5.434685 4.385843 3.547389 3.597151 4.866501 5.522254 5.918056 5.801731 5.777687 5.864731 5.901111 5.869601 5.755531 5.564213 5.445127 5.491691 5.77085 5.815713 6.184584 6.738991 7.161682 7.486263 7.762171 7.815901 7.31281 6.672709 6.20736
5.184388 5.185133 5.122251 5.121527 5.148931 5.16603 5.179968 5.188734 5.208529 5.23635 5.280783 5.309305 5.332885 5.359478 5.38419 5.406763 5.424801 5.440978 5.453022 5.454818 5.453556 5.455602 5.48278 5.517612 5.518474 5.465529 5.364167 5.23648 4.778381 4.747551 5.507003 5.609324 5.243428 4.522914 4.41707 5.402989 5.370831 4.794216 4.331501 3.793634 4.289841 5.233699 5.641128 5.580518 5.631186 5.842216 5.848056 5.796166 5.648794 5.476143 5.423837 5.570432 5.868231 5.927688 6.131708 6.855563 7.477337 7.713017 8.102278 8.213745 7.51167 6.481892 5.951601
5.171706 5.150367 5.159162 5.157245 5.159842 5.168927 5.177526 5.188989 5.206487 5.216714 5.267281 5.295167 5.316996 5.338006 5.369483 5.419909 5.407615 5.403086 5.423269 5.433519 5.443889 5.454776 5.473505 5.506756 5.50455 5.418532 5.250172 5.056367 4.8109 4.793428 5.379908 5.48154 5.374279 4.85065 4.083333 5.079742 5.304394 5.053474 4.802848 4.467624 4.121111 4.872276 5.344408 5.395654 5.499197 5.6652 5.697452 5.686222 5.600118 5.413985 5.338681 5.59395 6.046431 6.142756 6.167262 7.010427 7.927859 8.196346 8.466757 8.46894 7.480676 6.403918 5.67501
5.183771 5.140039 5.158174 5.183315 5.189066 5.192978 5.192818 5.194488 5.198531 5.193144 5.253801 5.282324 5.305379 5.339161 5.376302 5.418183 5.417693 5.408124 5.406128 5.409848 5.429442 5.439329 5.449512 5.465537 5.44732 5.335156 5.134418 5.002428 5.023323 4.965427 5.18921 5.378537 5.296349 4.95622 3.958985 4.81208 5.14202 5.116911 4.964571 4.572909 4.173159 4.644784 5.257845 5.359544 5.446777 5.474539 5.477631 5.483593 5.505481 5.363025 5.37914 5.724793 6.324753 6.56732 6.299392 7.216618 8.561948 8.891889 8.535879 8.221664 7.306624 6.332565 5.527864
5.164249 5.127864 5.144125 5.174203 5.196187 5.211676 5.21374 5.217684 5.203515 5.190966 5.233194 5.264411 5.303082 5.343571 5.386911 5.394148 5.399019 5.404894 5.398663 5.392272 5.388358 5.404904 5.438357 5.407086 5.41301 5.30044 5.0728 5.013319 5.202145 5.0519 5.197255 5.324356 5.259077 4.93695 4.311801 4.684536 4.981103 5.031643 5.084302 4.57769 4.246665 4.423966 5.116769 5.30413 5.421972 5.303886 5.240707 5.28782 5.36098 5.384074 5.467714 5.873738 6.732058 7.207519 6.629762 7.281949 9.080567 9.571245 8.751099 7.81981 6.881436 6.061984 5.100351
5.171431 5.174194 5.172144 5.182126 5.20166 5.218056 5.228683 5.224442 5.192619 5.21633 5.245981 5.270376 5.296451 5.355717 5.381537 5.381497 5.378574 5.39265 5.398114 5.394345 5.372 5.373815 5.421923 5.404577 5.366211 5.259299 5.120182 5.063982 5.208061 5.14556 5.191685 5.287395 5.208778 4.893852 4.373311 4.765079 5.002991 5.008176 5.117042 4.583014 4.231905 4.283543 4.754462 5.169093 5.305935 5.255896 5.032248 5.10194 5.239242 5.430346 5.636365 6.094935 7.229478 7.922194 7.198418 7.519549 9.23224 9.935663 8.915384 7.347908 6.358364 5.547117 4.416089
