py_wake/examples/data/AJ_ParqueFicticio/Rough survey   Sector 9   Height 200m   Weibull-A.grd
DSAA
73  159
 258469   265669
 6501692   6517492
 6.482606   15.03804
[rows 28 to 55 of 159, columns 0 to 62 of 73]
9.573249 9.577793 9.580264 9.58231 9.585044 9.589594 9.590723 9.592658 9.593946 9.602262 9.614172 9.624577 9.627856 9.62397 9.619598 9.612847 9.605523 9.600411 9.589314 9.57835 9.563735 9.545958 9.526628 9.49423 9.446133 9.366339 9.286094 9.243773 9.223668 9.205813 9.147322 9.1079 9.044014 8.916881 8.848359 8.907486 8.938397 8.864319 8.81981 8.704766 8.629243 8.630645 8.662789 8.726779 8.767493 8.777455 8.774585 8.832561 9.002766 9.227446 9.511486 9.881119 10.33451 10.75997 11.09921 11.50576 11.8716 11.91129 11.5289 10.91902 10.28104 9.754839 9.426664
9.571183 9.575122 9.586377 9.588488 9.59616 9.599122 9.597787 9.598367 9.603722 9.611307 9.623502 9.629815 9.634422 9.624099 9.612442 9.604686 9.601159 9.60072 9.595974 9.58567 9.569111 9.537155 9.506389 9.474952 9.430663 9.365837 9.296525 9.254061 9.22681 9.203044 9.170354 9.116236 8.992496 8.917149 8.873567 8.901382 8.896319 8.850007 8.785273 8.708161 8.633011 8.612737 8.625799 8.674129 8.723327 8.769453 8.83252 8.962287 9.185937 9.470163 9.788457 10.17377 10.61883 11.05995 11.43441 11.80273 12.04645 11.91342 11.39908 10.72261 10.08867 9.621134 9.474622
9.568046 9.573416 9.584162 9.589495 9.597344 9.60098 9.601318 9.60093 9.605972 9.615936 9.621865 9.623825 9.62225 9.608384 9.599886 9.596166 9.59923 9.6012 9.598907 9.592417 9.56687 9.530744 9.489004 9.453625 9.412378 9.358621 9.307341 9.264796 9.22204 9.197456 9.162879 9.114234 9.013559 8.907878 8.829994 8.854781 8.850966 8.819188 8.769195 8.725498 8.635324 8.588156 8.622831 8.671302 8.721302 8.797184 8.921564 9.122032 9.397519 9.722322 10.0612 10.45142 10.88486 11.31636 11.7064 12.00804 12.09314 11.78327 11.17099 10.47544 9.877633 9.551147 9.661125
9.568788 9.571614 9.57731 9.583538 9.594845 9.597623 9.598467 9.597068 9.605099 9.612089 9.616713 9.614741 9.61114 9.594711 9.586593 9.592072 9.601421 9.607442 9.606521 9.588549 9.556373 9.520761 9.477225 9.436728 9.399435 9.349962 9.306365 9.27248 9.224009 9.184216 9.148875 9.085882 8.977926 8.888244 8.845633 8.831265 8.794608 8.758776 8.720197 8.700327 8.661195 8.625934 8.628456 8.693877 8.769304 8.869567 9.030968 9.267942 9.553553 9.874152 10.22528 10.63843 11.07658 11.49679 11.87353 12.08517 12.01474 11.57713 10.91856 10.24782 9.754871 9.619602 9.979315
9.567966 9.57245 9.579757 9.584329 9.592051 9.595556 9.597332 9.600123 9.60362 9.605647 9.608434 9.608198 9.604379 9.581483 9.57962 9.590424 9.604381 9.615376 9.611528 9.577528 9.542074 9.506485 9.464608 9.425417 9.387484 9.346903 9.307509 9.269422 9.22422 9.179323 9.132662 9.066084 8.965133 8.889304 8.855854 8.835804 8.783293 8.706566 8.665502 8.666183 8.667011 8.646162 8.673182 8.717468 8.825859 8.978518 9.177074 9.386319 9.634115 9.936727 10.29014 10.69693 11.1366 11.5623 11.92778 12.0738 11.88797 11.38217 10.72884 10.13537 9.78821 9.846903 10.39512
9.578286 9.579626 9.582977 9.591957 9.59587 9.603927 9.601801 9.605172 9.606947 9.608898 9.607742 9.606196 9.593517 9.577003 9.580636 9.593928 9.610814 9.619041 9.606252 9.571241 9.530007 9.490264 9.454164 9.414104 9.378912 9.34313 9.305345 9.284179 9.241083 9.1769 9.119106 9.055333 8.971772 8.89539 8.845391 8.815228 8.762452 8.661345 8.62387 8.63187 8.642928 8.67677 8.71433 8.7943 8.912929 9.067034 9.28344 9.494441 9.722058 10.00337 10.35135 10.75447 11.17683 11.58412 11.92099 12.05872 11.79384 11.27765 10.67521 10.17993 9.944896 10.17789 10.81027
9.581811 9.585866 9.588155 9.596024 9.599194 9.607496 9.605107 9.606062 9.612146 9.6142 9.617816 9.612234 9.604774 9.592287 9.598483 9.612674 9.623311 9.624774 9.594769 9.551911 9.507539 9.468784 9.432379 9.39771 9.368241 9.339056 9.313694 9.276381 9.235521 9.182272 9.118313 9.055053 8.981874 8.910066 8.83279 8.778251 8.734781 8.650717 8.584126 8.565789 8.605069 8.704564 8.805491 8.910115 9.01442 9.165916 9.392621 9.599476 9.852069 10.15543 10.52016 10.91993 11.32188 11.68702 11.96037 12.05574 11.78767 11.32103 10.76478 10.32681 10.20525 10.56358 11.18399
9.574982 9.584821 9.590841 9.594426 9.59938 9.603244 9.607364 9.60934 9.611144 9.615599 9.620487 9.616983 9.607158 9.598066 9.607919 9.622246 9.633709 9.624016 9.575961 9.518334 9.468758 9.43366 9.410018 9.387029 9.365181 9.343501 9.314427 9.273901 9.227152 9.172326 9.11508 9.052568 8.990446 8.925236 8.836467 8.754162 8.710483 8.650931 8.552399 8.497674 8.577883 8.719278 8.917897 9.089972 9.212207 9.348209 9.548722 9.778868 10.05969 10.38248 10.73511 11.14508 11.52294 11.8307 12.05453 12.11777 11.88896 11.44366 10.90942 10.516 10.54031 10.98698 11.53035
9.559155 9.568746 9.579992 9.59579 9.606915 9.614194 9.617484 9.615236 9.615402 9.615911 9.619976 9.619237 9.611592 9.597162 9.606843 9.621159 9.624516 9.608089 9.54912 9.485916 9.429826 9.406017 9.39116 9.382705 9.373872 9.355908 9.320202 9.268909 9.220508 9.166861 9.109469 9.048381 8.996092 8.946028 8.878223 8.784949 8.703103 8.633884 8.536811 8.519842 8.624977 8.820157 9.071456 9.305934 9.462692 9.579055 9.77734 10.02715 10.30601 10.61313 10.91575 11.27569 11.61638 11.9108 12.13 12.20158 12.00627 11.57365 11.07486 10.78172 10.95769 11.41995 11.85866
9.54027 9.555318 9.571626 9.590589 9.611048 9.615122 9.610558 9.615069 9.617612 9.622955 9.615781 9.612909 9.607732 9.59424 9.601784 9.600593 9.59141 9.569462 9.521754 9.458227 9.408741 9.389227 9.386141 9.385616 9.379307 9.355221 9.318213 9.273232 9.223769 9.159773 9.105009 9.059964 9.015554 8.977618 8.923456 8.829007 8.703951 8.62188 8.570569 8.560738 8.7018 8.967637 9.271645 9.53713 9.727277 9.835745 9.964636 10.20753 10.47549 10.71753 10.97696 11.28915 11.60944 11.88064 12.14523 12.27242 12.1092 11.72993 11.31735 11.19673 11.45423 11.84226 12.10428
9.544284 9.556944 9.575762 9.586955 9.599525 9.605584 9.598929 9.607604 9.618086 9.625236 9.622789 9.617592 9.606853 9.599965 9.595954 9.586488 9.565966 9.537723 9.499224 9.452911 9.400896 9.395539 9.397614 9.395389 9.384613 9.356609 9.316814 9.272303 9.222615 9.164457 9.112318 9.078491 9.046226 9.012426 8.962669 8.870175 8.715467 8.633849 8.602666 8.640844 8.824193 9.122539 9.470181 9.779369 9.958955 10.04918 10.13478 10.3109 10.51595 10.71817 10.94479 11.24291 11.57884 11.90763 12.20544 12.3533 12.26059 11.96276 11.70823 11.69994 11.91367 12.15611 12.19584
9.557989 9.570744 9.586407 9.600581 9.60425 9.609851 9.611838 9.614625 9.622218 9.6347 9.641879 9.63601 9.624682 9.606582 9.592658 9.575402 9.560456 9.540874 9.505124 9.466601 9.426321 9.417396 9.417949 9.417824 9.392824 9.3549 9.32047 9.277397 9.228713 9.176029 9.137729 9.111127 9.089746 9.046782 9.009211 8.918388 8.790882 8.690171 8.656889 8.759787 8.990327 9.315354 9.670592 9.987749 10.18514 10.24173 10.30417 10.43574 10.58666 10.78664 11.04691 11.33127 11.66574 12.02295 12.33942 12.54721 12.50775 12.29029 12.16576 12.14852 12.22161 12.23394 12.083
9.554712 9.571984 9.592933 9.610933 9.62177 9.623555 9.624187 9.626933 9.634682 9.644241 9.651929 9.655071 9.628456 9.602448 9.58375 9.573384 9.55989 9.540207 9.519011 9.483699 9.454597 9.435798 9.429832 9.421118 9.384437 9.347882 9.317187 9.284759 9.252132 9.213142 9.181241 9.151711 9.124973 9.102985 9.071827 8.999612 8.894061 8.804111 8.820096 8.997551 9.261829 9.585105 9.909563 10.18312 10.39343 10.47077 10.49452 10.57838 10.70984 10.92323 11.24396 11.57542 11.90413 12.22447 12.51544 12.71057 12.73755 12.6146 12.58044 12.47439 12.27315 12.07457 11.81263
9.56756 9.579307 9.589737 9.604103 9.617399 9.6134 9.607431 9.616068 9.630252 9.644942 9.652131 9.644538 9.605969 9.574543 9.562785 9.554925 9.547663 9.540887 9.516853 9.487479 9.473818 9.459745 9.439232 9.421584 9.387269 9.339356 9.325651 9.310673 9.289584 9.253703 9.226333 9.204781 9.184546 9.1673 9.143356 9.113513 9.031039 8.940605 9.038326 9.25205 9.538815 9.848564 10.13681 10.39766 10.58801 10.67314 10.66015 10.69669 10.84077 11.08552 11.40487 11.76746 12.07941 12.34289 12.59626 12.80852 12.89142 12.85121 12.76311 12.51576 12.17143 11.82918 11.47778
9.57831 9.588208 9.600219 9.603987 9.607949 9.61176 9.5986 9.598629 9.613434 9.625977 9.628016 9.617905 9.590166 9.560226 9.55073 9.549832 9.545217 9.533857 9.510425 9.478538 9.466909 9.46522 9.46648 9.44187 9.402691 9.362363 9.347528 9.335793 9.32022 9.294002 9.265022 9.242233 9.233401 9.231327 9.231653 9.215399 9.156677 9.129511 9.248326 9.442875 9.691568 9.966337 10.22151 10.47959 10.65445 10.71322 10.66864 10.66508 10.84241 11.11159 11.43787 11.75277 12.02477 12.26591 12.53741 12.81102 12.97827 12.93879 12.73828 12.37846 11.94051 11.51258 11.15071
9.579299 9.595491 9.609824 9.616114 9.618879 9.605631 9.579455 9.581 9.605716 9.624273 9.627784 9.615505 9.594162 9.574568 9.561619 9.551159 9.539704 9.525818 9.499677 9.462322 9.455256 9.472472 9.491335 9.47145 9.428567 9.392719 9.370134 9.35502 9.344647 9.322259 9.302628 9.29744 9.299417 9.308411 9.309624 9.306026 9.275373 9.268941 9.357987 9.537467 9.743232 9.971247 10.22149 10.44101 10.56183 10.56441 10.50702 10.54851 10.75138 11.03057 11.31922 11.58525 11.83107 12.10263 12.47296 12.8406 13.04295 12.93355 12.57602 12.12072 11.63037 11.18748 10.82764
9.567403 9.58274 9.600761 9.613586 9.604005 9.58337 9.564569 9.571675 9.600525 9.62552 9.641483 9.630603 9.607156 9.579935 9.558522 9.542868 9.52988 9.50657 9.481733 9.452173 9.446749 9.470373 9.488467 9.480489 9.426859 9.401755 9.388043 9.390038 9.377396 9.357428 9.338956 9.354527 9.373488 9.368107 9.38505 9.382648 9.375809 9.376534 9.445924 9.56676 9.734303 9.960389 10.18016 10.31468 10.3689 10.33401 10.34417 10.44541 10.67598 10.94074 11.18499 11.42556 11.71701 12.11958 12.56971 12.95721 13.07028 12.81787 12.34609 11.78134 11.26317 10.84843 10.54743
9.561232 9.578789 9.589689 9.599575 9.596323 9.580843 9.574003 9.588517 9.611042 9.632706 9.651213 9.638858 9.611394 9.580899 9.557855 9.535713 9.522038 9.498295 9.474689 9.455119 9.456272 9.465845 9.476683 9.460185 9.422719 9.397776 9.405025 9.405048 9.398382 9.362849 9.36305 9.413111 9.412377 9.41384 9.441833 9.440215 9.445813 9.459776 9.524469 9.60308 9.735746 9.919698 10.08037 10.16935 10.23466 10.29581 10.41636 10.58276 10.79066 11.00484 11.22961 11.51355 11.90705 12.40156 12.86038 13.12253 13.01368 12.59944 12.03023 11.48246 11.00844 10.62541 10.35626
9.55092 9.574978 9.585812 9.589973 9.594629 9.597558 9.607467 9.626 9.639726 9.644838 9.656066 9.63583 9.599337 9.57061 9.547454 9.532173 9.513346 9.494781 9.476233 9.469131 9.467044 9.476768 9.480515 9.459422 9.432153 9.412562 9.414868 9.418221 9.407992 9.369571 9.377084 9.42694 9.433338 9.446143 9.492214 9.50014 9.504455 9.523222 9.57394 9.669869 9.789934 9.919432 10.06017 10.20661 10.37777 10.55134 10.68942 10.82588 10.97641 11.17568 11.42917 11.80731 12.2811 12.77424 13.10746 13.14955 12.82563 12.29502 11.69806 11.16942 10.76916 10.47648 10.26168
9.534781 9.558132 9.572407 9.570939 9.583496 9.610585 9.634305 9.658487 9.676001 9.673831 9.653298 9.625945 9.577917 9.534712 9.510583 9.508466 9.502137 9.495118 9.488678 9.472953 9.475746 9.487628 9.492233 9.481857 9.442682 9.416813 9.406126 9.408994 9.400869 9.391364 9.394782 9.432994 9.467665 9.482152 9.538032 9.569327 9.577276 9.606814 9.659801 9.749391 9.873816 10.01434 10.17944 10.34964 10.52614 10.6808 10.77461 10.8598 10.99012 11.22851 11.61118 12.12186 12.64665 13.02115 13.14044 12.93341 12.50412 11.96841 11.40073 10.91448 10.56142 10.29243 10.10817
9.526054 9.539237 9.551911 9.554408 9.576109 9.610711 9.646735 9.676652 9.695178 9.676234 9.643974 9.605389 9.549953 9.492708 9.474744 9.47771 9.482474 9.486297 9.476826 9.446338 9.450521 9.46292 9.469803 9.457253 9.409156 9.376596 9.381527 9.390594 9.40532 9.422029 9.460546 9.507852 9.52512 9.544728 9.600884 9.645246 9.672984 9.702685 9.749645 9.832561 9.945971 10.07929 10.2277 10.37829 10.51872 10.62179 10.68022 10.79806 11.03743 11.41477 11.91875 12.44009 12.85927 13.03086 12.91467 12.55081 12.09568 11.61766 11.11803 10.71464 10.40672 10.15492 9.951283
9.526219 9.540509 9.543908 9.550305 9.580461 9.618919 9.65855 9.680879 9.686336 9.661605 9.610212 9.565728 9.515105 9.463516 9.452498 9.47028 9.473855 9.464074 9.44949 9.42063 9.41844 9.427492 9.428107 9.408957 9.381441 9.354955 9.367085 9.39665 9.416911 9.447155 9.499469 9.567021 9.599163 9.624887 9.682355 9.737074 9.76012 9.782849 9.818164 9.892825 9.9969 10.09667 10.20503 10.32104 10.42432 10.52137 10.66504 10.93562 11.31393 11.77895 12.26955 12.67213 12.8654 12.79117 12.51256 12.07799 11.67375 11.25063 10.81846 10.51019 10.26583 10.04401 9.868574
9.520537 9.541451 9.557288 9.572173 9.603457 9.637158 9.674495 9.689118 9.674111 9.643306 9.588509 9.529078 9.479923 9.466934 9.473449 9.481175 9.482265 9.465094 9.434405 9.410801 9.409157 9.412823 9.413129 9.400352 9.394667 9.405665 9.406632 9.417266 9.4352 9.479812 9.518624 9.57406 9.607415 9.647217 9.726917 9.788104 9.80644 9.827343 9.876231 9.938168 10.02485 10.11783 10.21245 10.30593 10.43041 10.6189 10.89006 11.24111 11.63799 12.05338 12.43316 12.68221 12.65006 12.3989 12.04435 11.66832 11.29218 10.9338 10.56374 10.29072 10.11954 9.979618 9.833724
9.510663 9.54003 9.569111 9.595219 9.626441 9.660087 9.685444 9.681688 9.66439 9.630802 9.579981 9.526998 9.492397 9.479371 9.480284 9.481995 9.481697 9.464913 9.444914 9.44416 9.43586 9.425205 9.412817 9.40179 9.416189 9.446694 9.450228 9.448143 9.470046 9.511853 9.557542 9.57075 9.596848 9.643824 9.742212 9.815873 9.829688 9.865608 9.925407 9.99311 10.08002 10.1749 10.28889 10.42283 10.60772 10.86648 11.16846 11.48728 11.8063 12.11477 12.37075 12.50566 12.33897 11.96319 11.62551 11.33075 11.00773 10.68857 10.36853 10.12308 9.977047 9.91298 9.846946
9.506043 9.54472 9.569205 9.601048 9.633826 9.663357 9.679989 9.67266 9.654302 9.627505 9.587552 9.545633 9.508855 9.497107 9.492399 9.479473 9.463041 9.43828 9.438293 9.460264 9.472062 9.458788 9.432631 9.423335 9.443915 9.470381 9.47862 9.482434 9.505743 9.545555 9.586802 9.598584 9.611185 9.676724 9.779572 9.84639 9.891266 9.950926 9.994332 10.06529 10.15528 10.24943 10.39388 10.55538 10.77807 11.05623 11.33517 11.57281 11.81141 12.03419 12.231 12.28351 12.01759 11.57305 11.24882 11.04717 10.82491 10.55807 10.25416 10.00141 9.870025 9.821145 9.810334
9.522129 9.554229 9.581135 9.617985 9.647972 9.669738 9.676064 9.667901 9.645227 9.623808 9.593221 9.556379 9.523428 9.506552 9.499032 9.487849 9.458059 9.427784 9.42826 9.454021 9.47573 9.46897 9.447908 9.451722 9.470301 9.496926 9.493339 9.504729 9.535347 9.579962 9.623901 9.654882 9.679282 9.778627 9.876377 9.974609 10.05946 10.09905 10.12585 10.2193 10.28787 10.37305 10.50808 10.67595 10.90087 11.15027 11.37444 11.56197 11.75752 11.93924 12.07424 12.03998 11.72852 11.26804 10.93577 10.77886 10.69442 10.52966 10.24278 9.927046 9.758996 9.707455 9.733673
9.548803 9.581078 9.603923 9.632265 9.662262 9.685972 9.679536 9.665762 9.645576 9.623117 9.599506 9.571074 9.536686 9.507407 9.496448 9.485733 9.45929 9.441455 9.443361 9.447712 9.447305 9.432636 9.427787 9.452983 9.48911 9.497871 9.497858 9.502888 9.532803 9.608401 9.693441 9.761667 9.803362 9.894191 10.02653 10.15628 10.25379 10.2956 10.29112 10.3698 10.46038 10.55692 10.65122 10.7897 10.97965 11.19159 11.37427 11.53272 11.68813 11.82109 11.85737 11.75908 11.47609 11.01631 10.65418 10.56638 10.5833 10.52246 10.24266 9.892632 9.6271 9.581189 9.657356
9.573794 9.60445 9.627707 9.659203 9.680058 9.687025 9.682163 9.662509 9.642654 9.62267 9.602825 9.580492 9.551203 9.517419 9.494339 9.480776 9.478682 9.465767 9.472362 9.472858 9.447995 9.412184 9.420276 9.456029 9.486339 9.499732 9.498638 9.502838 9.547386 9.683484 9.829572 9.934364 9.972103 10.07565 10.19445 10.33676 10.45387 10.48684 10.43815 10.48309 10.63019 10.71671 10.81638 10.90443 11.02553 11.21103 11.37723 11.48277 11.56953 11.60786 11.60456 11.51887 11.25088 10.79015 10.42294 10.39575 10.49594 10.4981 10.22596 9.849168 9.519541 9.445753 9.54145
