py_wake/examples/data/AJ_ParqueFicticio/Rough survey   Sector 10   Height 30m   Weibull-k.grd
DSAA
73  159
 258469   265669
 6501692   6517492
 .6855469   2.455078
[rows 0 to 27 of 159, columns 0 to 62 of 73]
2.216797 2.208984 2.208984 2.205078 2.208984 2.208984 2.205078 2.208984 2.208984 2.205078 2.205078 2.205078 2.201172 2.205078 2.205078 2.205078 2.212891 2.220703 2.220703 2.220703 2.220703 2.216797 2.212891 2.212891 2.177734 2.115234 2.166016 2.154297 2.158203 2.166016 2.158203 2.150391 2.154297 2.177734 2.197266 2.197266 2.197266 2.173828 2.177734 2.181641 2.181641 2.181641 2.181641 2.173828 2.173828 2.185547 2.185547 2.189453 2.193359 2.193359 2.193359 2.189453 2.189453 2.185547 2.181641 2.177734 2.169922 2.166016 2.162109 2.162109 2.162109 2.162109 2.162109
2.205078 2.201172 2.205078 2.205078 2.208984 2.208984 2.208984 2.208984 2.208984 2.208984 2.208984 2.205078 2.205078 2.205078 2.205078 2.205078 2.212891 2.220703 2.220703 2.220703 2.220703 2.220703 2.220703 2.216797 2.216797 2.197266 2.138672 2.115234 2.142578 2.150391 2.150391 2.142578 2.142578 2.154297 2.177734 2.185547 2.197266 2.193359 2.193359 2.197266 2.201172 2.205078 2.205078 2.189453 2.173828 2.177734 2.189453 2.197266 2.197266 2.197266 2.201172 2.193359 2.189453 2.185547 2.181641 2.177734 2.169922 2.162109 2.158203 2.158203 2.154297 2.154297 2.150391
2.212891 2.189453 2.205078 2.205078 2.208984 2.208984 2.205078 2.205078 2.205078 2.205078 2.212891 2.212891 2.205078 2.205078 2.201172 2.205078 2.208984 2.220703 2.220703 2.220703 2.220703 2.220703 2.220703 2.216797 2.205078 2.177734 2.154297 2.130859 2.130859 2.134766 2.138672 2.130859 2.126953 2.130859 2.146484 2.177734 2.205078 2.216797 2.216797 2.216797 2.220703 2.216797 2.208984 2.208984 2.189453 2.181641 2.185547 2.193359 2.205078 2.212891 2.212891 2.201172 2.193359 2.185547 2.181641 2.173828 2.166016 2.158203 2.154297 2.150391 2.146484 2.142578 2.142578
2.224609 2.208984 2.201172 2.205078 2.205078 2.208984 2.205078 2.205078 2.205078 2.201172 2.205078 2.216797 2.212891 2.205078 2.197266 2.201172 2.205078 2.216797 2.220703 2.220703 2.220703 2.220703 2.216797 2.220703 2.212891 2.208984 2.166016 2.126953 2.123047 2.126953 2.134766 2.115234 2.103516 2.111328 2.107422 2.134766 2.189453 2.212891 2.220703 2.220703 2.220703 2.220703 2.208984 2.208984 2.205078 2.189453 2.197266 2.201172 2.205078 2.216797 2.220703 2.205078 2.197266 2.189453 2.181641 2.173828 2.166016 2.154297 2.146484 2.138672 2.130859 2.130859 2.126953
2.216797 2.224609 2.201172 2.201172 2.201172 2.208984 2.208984 2.201172 2.201172 2.197266 2.197266 2.205078 2.208984 2.205078 2.197266 2.197266 2.201172 2.212891 2.220703 2.220703 2.220703 2.216797 2.189453 2.193359 2.185547 2.201172 2.169922 2.142578 2.126953 2.115234 2.107422 2.099609 2.083984 2.091797 2.080078 2.076172 2.103516 2.162109 2.197266 2.220703 2.205078 2.212891 2.201172 2.197266 2.212891 2.220703 2.220703 2.212891 2.212891 2.220703 2.220703 2.212891 2.205078 2.197266 2.189453 2.177734 2.162109 2.150391 2.138672 2.126953 2.115234 2.107422 2.107422
2.216797 2.212891 2.220703 2.205078 2.189453 2.205078 2.205078 2.193359 2.193359 2.193359 2.193359 2.193359 2.205078 2.193359 2.193359 2.189453 2.193359 2.205078 2.220703 2.220703 2.220703 2.212891 2.189453 2.177734 2.169922 2.177734 2.166016 2.146484 2.130859 2.111328 2.087891 2.068359 2.103516 2.111328 2.111328 2.080078 2.001953 2.048828 2.142578 2.212891 2.197266 2.205078 2.185547 2.181641 2.189453 2.220703 2.220703 2.212891 2.212891 2.220703 2.220703 2.220703 2.216797 2.212891 2.197266 2.177734 2.162109 2.142578 2.123047 2.107422 2.087891 2.072266 2.060547
2.216797 2.212891 2.208984 2.220703 2.212891 2.197266 2.193359 2.197266 2.197266 2.197266 2.201172 2.197266 2.193359 2.193359 2.197266 2.193359 2.177734 2.189453 2.193359 2.216797 2.220703 2.216797 2.189453 2.177734 2.166016 2.173828 2.162109 2.150391 2.134766 2.119141 2.099609 2.091797 2.119141 2.130859 2.123047 2.111328 2.083984 2.056641 2.095703 2.201172 2.197266 2.169922 2.173828 2.185547 2.216797 2.216797 2.216797 2.201172 2.201172 2.212891 2.220703 2.220703 2.216797 2.208984 2.208984 2.181641 2.158203 2.134766 2.107422 2.072266 2.033203 2.017578 2.033203
2.216797 2.216797 2.212891 2.212891 2.224609 2.220703 2.205078 2.201172 2.201172 2.205078 2.205078 2.205078 2.197266 2.197266 2.201172 2.193359 2.177734 2.169922 2.169922 2.173828 2.185547 2.189453 2.181641 2.185547 2.189453 2.185547 2.166016 2.154297 2.146484 2.134766 2.134766 2.138672 2.138672 2.134766 2.126953 2.119141 2.111328 2.111328 2.123047 2.115234 2.107422 2.126953 2.154297 2.205078 2.208984 2.216797 2.212891 2.185547 2.193359 2.220703 2.220703 2.220703 2.216797 2.197266 2.193359 2.177734 2.154297 2.126953 2.087891 2.025391 1.994141 2.013672 2.041016
2.216797 2.216797 2.212891 2.208984 2.212891 2.220703 2.216797 2.208984 2.208984 2.212891 2.212891 2.212891 2.205078 2.208984 2.208984 2.201172 2.181641 2.150391 2.138672 2.123047 2.115234 2.146484 2.158203 2.189453 2.201172 2.205078 2.177734 2.162109 2.162109 2.158203 2.162109 2.158203 2.150391 2.142578 2.130859 2.123047 2.111328 2.111328 2.111328 2.056641 2.009766 2.064453 2.134766 2.205078 2.205078 2.185547 2.173828 2.181641 2.185547 2.201172 2.220703 2.212891 2.189453 2.173828 2.185547 2.166016 2.150391 2.123047 2.076172 2.037109 2.001953 2.013672 2.076172
2.216797 2.212891 2.212891 2.208984 2.208984 2.216797 2.205078 2.197266 2.208984 2.224609 2.224609 2.220703 2.212891 2.216797 2.220703 2.216797 2.193359 2.166016 2.126953 2.083984 2.048828 2.041016 2.080078 2.083984 2.154297 2.205078 2.197266 2.181641 2.185547 2.181641 2.177734 2.173828 2.166016 2.158203 2.150391 2.150391 2.130859 2.087891 2.087891 2.060547 1.998047 1.994141 2.068359 2.119141 2.146484 2.138672 2.154297 2.173828 2.173828 2.181641 2.193359 2.177734 2.150391 2.177734 2.150391 2.154297 2.146484 2.126953 2.091797 2.083984 2.072266 2.060547 2.126953
2.216797 2.212891 2.212891 2.208984 2.216797 2.220703 2.224609 2.208984 2.208984 2.224609 2.220703 2.220703 2.208984 2.220703 2.220703 2.212891 2.205078 2.173828 2.150391 2.115234 2.052734 2.025391 2.033203 2.029297 2.013672 2.115234 2.166016 2.193359 2.193359 2.189453 2.197266 2.189453 2.181641 2.173828 2.169922 2.162109 2.142578 2.115234 2.080078 2.080078 2.072266 2.076172 2.080078 2.052734 2.005859 2.076172 2.107422 2.123047 2.138672 2.154297 2.150391 2.162109 2.185547 2.134766 2.123047 2.142578 2.154297 2.138672 2.138672 2.130859 2.130859 2.142578 2.146484
2.216797 2.216797 2.216797 2.220703 2.220703 2.220703 2.220703 2.224609 2.224609 2.220703 2.212891 2.212891 2.193359 2.205078 2.220703 2.212891 2.212891 2.216797 2.173828 2.154297 2.107422 2.033203 1.970703 2.001953 2.021484 2.021484 2.146484 2.189453 2.185547 2.208984 2.212891 2.201172 2.193359 2.185547 2.185547 2.173828 2.154297 2.134766 2.099609 2.095703 2.099609 2.103516 2.091797 2.072266 2.041016 2.052734 2.076172 2.076172 2.080078 2.091797 2.103516 2.150391 2.134766 2.107422 2.083984 2.099609 2.119141 2.146484 2.158203 2.158203 2.150391 2.158203 2.146484
2.220703 2.220703 2.220703 2.224609 2.220703 2.220703 2.216797 2.208984 2.224609 2.216797 2.220703 2.224609 2.220703 2.193359 2.201172 2.197266 2.193359 2.208984 2.208984 2.201172 2.150391 2.091797 2.009766 2.013672 2.033203 2.048828 2.048828 2.126953 2.181641 2.205078 2.205078 2.205078 2.197266 2.189453 2.185547 2.177734 2.162109 2.146484 2.130859 2.111328 2.107422 2.111328 2.103516 2.080078 2.056641 2.068359 2.080078 2.083984 2.080078 2.083984 2.083984 2.029297 2.041016 2.052734 2.052734 2.044922 2.072266 2.068359 2.056641 2.048828 2.064453 2.076172 2.107422
2.220703 2.224609 2.220703 2.220703 2.220703 2.216797 2.216797 2.205078 2.220703 2.220703 2.224609 2.220703 2.208984 2.216797 2.220703 2.185547 2.189453 2.197266 2.212891 2.216797 2.220703 2.162109 2.064453 2.029297 2.052734 2.068359 2.083984 2.111328 2.150391 2.177734 2.185547 2.189453 2.189453 2.185547 2.173828 2.169922 2.162109 2.154297 2.146484 2.138672 2.119141 2.107422 2.103516 2.080078 2.060547 2.064453 2.068359 2.064453 2.068359 2.064453 2.060547 2.021484 1.943359 1.978516 2.005859 1.892578 1.654297 1.638672 1.666016 1.822266 1.947266 2.041016 2.056641
2.224609 2.220703 2.224609 2.220703 2.220703 2.216797 2.212891 2.212891 2.220703 2.224609 2.220703 2.220703 2.212891 2.212891 2.220703 2.220703 2.216797 2.216797 2.216797 2.220703 2.216797 2.208984 2.173828 2.095703 2.052734 2.080078 2.099609 2.126953 2.150391 2.166016 2.173828 2.181641 2.189453 2.181641 2.162109 2.146484 2.154297 2.154297 2.158203 2.154297 2.134766 2.111328 2.095703 2.080078 2.076172 2.072266 2.072266 2.064453 2.048828 2.044922 2.044922 2.033203 2.009766 1.962891 1.896484 1.822266 1.701172 1.650391 1.693359 1.787109 1.908203 1.970703 1.982422
2.224609 2.220703 2.220703 2.220703 2.220703 2.216797 2.216797 2.212891 2.212891 2.220703 2.220703 2.220703 2.216797 2.216797 2.220703 2.220703 2.220703 2.220703 2.220703 2.220703 2.220703 2.216797 2.208984 2.201172 2.134766 2.064453 2.099609 2.130859 2.154297 2.166016 2.173828 2.181641 2.189453 2.173828 2.138672 2.115234 2.111328 2.142578 2.162109 2.177734 2.146484 2.126953 2.103516 2.083984 2.076172 2.076172 2.072266 2.068359 2.048828 2.037109 2.037109 2.037109 2.013672 1.947266 1.869141 1.705078 1.716797 1.919922 1.986328 2.001953 1.958984 1.880859 1.802734
2.224609 2.220703 2.220703 2.220703 2.220703 2.216797 2.216797 2.216797 2.216797 2.220703 2.220703 2.220703 2.220703 2.220703 2.224609 2.220703 2.220703 2.220703 2.220703 2.220703 2.216797 2.216797 2.208984 2.197266 2.197266 2.169922 2.087891 2.119141 2.150391 2.166016 2.162109 2.181641 2.189453 2.138672 2.150391 2.142578 2.134766 2.138672 2.173828 2.158203 2.134766 2.119141 2.099609 2.080078 2.072266 2.076172 2.083984 2.068359 2.041016 2.025391 2.017578 2.021484 1.998047 1.998047 2.029297 2.060547 2.076172 2.080078 2.072266 2.068359 2.041016 1.994141 1.884766
2.224609 2.220703 2.220703 2.220703 2.220703 2.220703 2.216797 2.216797 2.216797 2.216797 2.220703 2.220703 2.224609 2.220703 2.220703 2.220703 2.220703 2.220703 2.216797 2.216797 2.216797 2.212891 2.208984 2.201172 2.197266 2.197266 2.216797 2.169922 2.162109 2.162109 2.181641 2.212891 2.181641 2.193359 2.162109 2.173828 2.173828 2.181641 2.216797 2.173828 2.099609 2.095703 2.080078 2.052734 2.048828 2.060547 2.080078 2.091797 2.087891 2.091797 2.099609 2.119141 2.138672 2.142578 2.142578 2.134766 2.107422 2.095703 2.099609 2.095703 2.080078 2.060547 2.021484
2.224609 2.224609 2.224609 2.224609 2.220703 2.220703 2.220703 2.220703 2.216797 2.216797 2.220703 2.220703 2.224609 2.220703 2.220703 2.220703 2.216797 2.220703 2.220703 2.216797 2.216797 2.216797 2.212891 2.205078 2.205078 2.205078 2.212891 2.220703 2.220703 2.181641 2.205078 2.220703 2.205078 2.212891 2.197266 2.205078 2.197266 2.216797 2.220703 2.154297 2.087891 2.060547 2.083984 2.130859 2.158203 2.158203 2.169922 2.166016 2.142578 2.138672 2.150391 2.162109 2.166016 2.158203 2.146484 2.123047 2.111328 2.091797 2.087891 2.087891 2.091797 2.087891 2.080078
2.224609 2.224609 2.224609 2.224609 2.220703 2.220703 2.220703 2.220703 2.220703 2.220703 2.220703 2.220703 2.220703 2.220703 2.220703 2.220703 2.216797 2.216797 2.216797 2.216797 2.216797 2.216797 2.216797 2.216797 2.212891 2.208984 2.208984 2.216797 2.220703 2.220703 2.220703 2.220703 2.220703 2.220703 2.212891 2.205078 2.201172 2.216797 2.220703 2.154297 2.138672 2.134766 2.150391 2.158203 2.181641 2.197266 2.212891 2.208984 2.177734 2.181641 2.197266 2.193359 2.169922 2.150391 2.138672 2.119141 2.107422 2.095703 2.091797 2.080078 2.083984 2.087891 2.099609
2.224609 2.224609 2.224609 2.224609 2.220703 2.220703 2.220703 2.220703 2.220703 2.220703 2.220703 2.220703 2.220703 2.220703 2.220703 2.220703 2.216797 2.216797 2.216797 2.216797 2.216797 2.216797 2.216797 2.216797 2.212891 2.212891 2.212891 2.216797 2.216797 2.220703 2.216797 2.220703 2.220703 2.208984 2.197266 2.201172 2.208984 2.216797 2.220703 2.216797 2.205078 2.201172 2.185547 2.197266 2.189453 2.169922 2.197266 2.216797 2.201172 2.197266 2.201172 2.201172 2.177734 2.162109 2.134766 2.111328 2.095703 2.087891 2.080078 2.072266 2.072266 2.087891 2.111328
2.224609 2.224609 2.224609 2.224609 2.220703 2.224609 2.220703 2.220703 2.224609 2.220703 2.220703 2.220703 2.220703 2.220703 2.216797 2.220703 2.220703 2.216797 2.216797 2.216797 2.216797 2.216797 2.216797 2.216797 2.212891 2.212891 2.212891 2.212891 2.201172 2.177734 2.205078 2.220703 2.166016 2.189453 2.216797 2.189453 2.177734 2.205078 2.220703 2.220703 2.220703 2.208984 2.197266 2.185547 2.166016 2.150391 2.177734 2.201172 2.197266 2.181641 2.169922 2.185547 2.189453 2.162109 2.138672 2.111328 2.091797 2.080078 2.072266 2.064453 2.056641 2.076172 2.103516
2.224609 2.224609 2.224609 2.224609 2.220703 2.224609 2.220703 2.224609 2.224609 2.220703 2.220703 2.216797 2.220703 2.220703 2.216797 2.220703 2.220703 2.216797 2.216797 2.216797 2.216797 2.216797 2.216797 2.212891 2.212891 2.212891 2.208984 2.212891 2.197266 2.173828 2.201172 2.220703 2.205078 2.185547 2.220703 2.177734 2.146484 2.169922 2.220703 2.220703 2.220703 2.205078 2.181641 2.169922 2.158203 2.158203 2.162109 2.158203 2.146484 2.150391 2.146484 2.146484 2.166016 2.158203 2.138672 2.111328 2.095703 2.083984 2.080078 2.060547 2.037109 2.044922 2.087891
2.224609 2.224609 2.224609 2.224609 2.224609 2.224609 2.224609 2.224609 2.224609 2.220703 2.220703 2.216797 2.220703 2.220703 2.216797 2.220703 2.220703 2.216797 2.216797 2.216797 2.216797 2.216797 2.212891 2.212891 2.212891 2.208984 2.208984 2.205078 2.205078 2.201172 2.220703 2.216797 2.220703 2.205078 2.220703 2.197266 2.154297 2.154297 2.220703 2.220703 2.220703 2.208984 2.189453 2.158203 2.154297 2.142578 2.130859 2.119141 2.095703 2.091797 2.099609 2.123047 2.142578 2.146484 2.138672 2.119141 2.103516 2.091797 2.072266 2.052734 2.033203 2.044922 2.091797
2.224609 2.224609 2.224609 2.224609 2.224609 2.224609 2.224609 2.224609 2.224609 2.220703 2.220703 2.216797 2.220703 2.220703 2.216797 2.220703 2.216797 2.216797 2.216797 2.216797 2.216797 2.216797 2.212891 2.212891 2.212891 2.212891 2.208984 2.205078 2.212891 2.220703 2.220703 2.216797 2.212891 2.220703 2.220703 2.212891 2.185547 2.189453 2.205078 2.220703 2.220703 2.216797 2.193359 2.162109 2.154297 2.123047 2.107422 2.083984 2.064453 2.056641 2.041016 2.080078 2.126953 2.142578 2.150391 2.130859 2.107422 2.087891 2.044922 2.041016 2.044922 2.080078 2.111328
2.224609 2.224609 2.224609 2.224609 2.224609 2.224609 2.224609 2.224609 2.224609 2.220703 2.220703 2.220703 2.220703 2.220703 2.220703 2.220703 2.216797 2.216797 2.216797 2.216797 2.212891 2.216797 2.212891 2.212891 2.212891 2.216797 2.216797 2.212891 2.216797 2.220703 2.220703 2.212891 2.212891 2.201172 2.220703 2.220703 2.197266 2.193359 2.201172 2.216797 2.220703 2.220703 2.189453 2.173828 2.150391 2.115234 2.095703 2.060547 2.041016 2.017578 2.025391 2.060547 2.115234 2.138672 2.154297 2.142578 2.111328 2.056641 2.005859 2.017578 2.076172 2.123047 2.166016
2.224609 2.224609 2.224609 2.224609 2.224609 2.224609 2.224609 2.224609 2.224609 2.220703 2.224609 2.220703 2.220703 2.220703 2.216797 2.220703 2.216797 2.216797 2.216797 2.216797 2.216797 2.216797 2.216797 2.216797 2.212891 2.212891 2.216797 2.216797 2.212891 2.216797 2.216797 2.212891 2.212891 2.212891 2.220703 2.208984 2.201172 2.201172 2.205078 2.220703 2.220703 2.220703 2.193359 2.166016 2.142578 2.119141 2.087891 2.037109 2.009766 2.009766 2.025391 2.056641 2.111328 2.142578 2.138672 2.126953 2.091797 2.048828 1.990234 2.001953 2.095703 2.158203 2.220703
2.224609 2.228516 2.224609 2.224609 2.224609 2.224609 2.224609 2.224609 2.224609 2.224609 2.224609 2.220703 2.220703 2.220703 2.220703 2.220703 2.216797 2.216797 2.216797 2.216797 2.216797 2.216797 2.216797 2.212891 2.208984 2.205078 2.205078 2.208984 2.208984 2.208984 2.212891 2.212891 2.208984 2.212891 2.208984 2.201172 2.205078 2.208984 2.205078 2.212891 2.216797 2.216797 2.208984 2.162109 2.126953 2.099609 2.044922 2.021484 1.994141 2.005859 2.056641 2.091797 2.134766 2.154297 2.146484 2.087891 2.044922 2.033203 2.013672 2.044922 2.119141 2.185547 2.208984
