py_wake/examples/data/AJ_ParqueFicticio/Rough survey   Sector 2   Height 30m   Weibull-k.grd
DSAA
73  159
 258469   265669
 6501692   6517492
 .9785156   2.744141
[rows 112 to 139 of 159, columns 0 to 62 of 73]
2.201172 2.173828 2.177734 2.162109 2.130859 2.044922 2.005859 1.986328 1.966797 1.955078 1.935547 1.916016 1.923828 1.943359 1.958984 1.978516 1.974609 1.935547 1.896484 1.869141 1.904297 1.990234 2.142578 2.251953 2.083984 2.005859 1.998047 2.119141 2.205078 2.236328 2.130859 2.048828 2.072266 2.181641 2.232422 2.255859 2.275391 2.232422 2.056641 2.009766 1.986328 1.966797 1.951172 2.009766 2.056641 2.080078 2.083984 2.087891 2.076172 2.048828 2.025391 2.072266 2.177734 2.240234 2.251953 2.251953 2.251953 2.255859 2.263672 2.263672 2.638672 2.396484 2.162109
2.236328 2.197266 2.189453 2.181641 2.158203 2.130859 2.037109 1.998047 1.978516 1.966797 1.951172 1.935547 1.939453 1.955078 1.986328 2.068359 1.994141 1.943359 1.919922 1.904297 1.908203 1.958984 2.056641 2.130859 2.048828 2.001953 2.017578 2.146484 2.228516 2.232422 2.103516 2.064453 2.095703 2.091797 2.166016 2.236328 2.267578 2.232422 2.044922 1.990234 1.978516 1.970703 1.970703 2.044922 2.087891 2.099609 2.087891 2.080078 2.068359 2.017578 1.982422 2.052734 2.166016 2.228516 2.251953 2.255859 2.259766 2.259766 2.248047 2.224609 2.318359 2.294922 2.302734
2.251953 2.228516 2.212891 2.205078 2.185547 2.150391 2.064453 2.013672 1.994141 1.982422 1.958984 1.951172 1.955078 1.978516 2.037109 2.095703 2.001953 1.962891 1.939453 1.939453 1.904297 1.927734 1.994141 2.060547 2.025391 1.998047 2.044922 2.181641 2.251953 2.220703 2.173828 2.162109 2.185547 2.154297 2.158203 2.212891 2.259766 2.240234 2.083984 2.033203 2.001953 1.994141 2.037109 2.123047 2.158203 2.142578 2.119141 2.111328 2.091797 2.064453 2.025391 2.052734 2.169922 2.228516 2.251953 2.259766 2.263672 2.259766 2.251953 2.220703 2.216797 2.376953 2.365234
2.248047 2.240234 2.232422 2.220703 2.201172 2.158203 2.068359 2.033203 2.009766 1.990234 1.970703 1.974609 1.982422 2.033203 2.146484 2.111328 2.001953 1.986328 1.982422 1.998047 1.990234 1.970703 1.962891 1.958984 1.986328 1.986328 2.044922 2.181641 2.244141 2.244141 2.248047 2.248047 2.236328 2.208984 2.212891 2.244141 2.251953 2.236328 2.123047 2.107422 2.099609 2.107422 2.208984 2.251953 2.275391 2.279297 2.263672 2.197266 2.173828 2.169922 2.166016 2.216797 2.224609 2.232422 2.248047 2.259766 2.263672 2.263672 2.259766 2.236328 2.232422 2.275391 2.310547
2.224609 2.216797 2.208984 2.197266 2.177734 2.134766 2.048828 2.029297 2.005859 1.994141 1.982422 1.990234 2.044922 2.177734 2.201172 2.150391 2.076172 2.056641 2.103516 2.146484 2.134766 2.115234 2.060547 1.990234 1.947266 1.962891 2.041016 2.193359 2.244141 2.248047 2.259766 2.263672 2.248047 2.248047 2.251953 2.240234 2.205078 2.205078 2.107422 2.115234 2.138672 2.228516 2.251953 2.271484 2.275391 2.283203 2.291016 2.298828 2.302734 2.298828 2.279297 2.259766 2.255859 2.255859 2.248047 2.259766 2.263672 2.271484 2.267578 2.251953 2.244141 2.259766 2.275391
2.162109 2.166016 2.158203 2.146484 2.119141 2.056641 2.025391 2.005859 1.986328 1.978516 1.982422 2.033203 2.150391 2.224609 2.228516 2.158203 2.107422 2.091797 2.142578 2.208984 2.255859 2.267578 2.267578 2.130859 2.025391 1.982422 2.068359 2.228516 2.255859 2.244141 2.263672 2.263672 2.248047 2.263672 2.259766 2.220703 2.115234 2.021484 2.021484 2.080078 2.138672 2.228516 2.244141 2.263672 2.267578 2.263672 2.271484 2.275391 2.279297 2.287109 2.283203 2.271484 2.263672 2.263672 2.259766 2.259766 2.259766 2.267578 2.275391 2.263672 2.259766 2.244141 2.267578
2.107422 2.107422 2.107422 2.083984 2.029297 2.005859 1.994141 1.978516 1.962891 1.955078 1.974609 2.025391 2.166016 2.236328 2.224609 2.173828 2.080078 2.052734 2.107422 2.169922 2.244141 2.275391 2.267578 2.255859 2.162109 2.052734 2.095703 2.251953 2.251953 2.240234 2.267578 2.279297 2.275391 2.251953 2.251953 2.166016 2.009766 1.970703 1.943359 1.974609 2.056641 2.189453 2.189453 2.193359 2.248047 2.255859 2.255859 2.244141 2.248047 2.255859 2.263672 2.267578 2.267578 2.263672 2.263672 2.263672 2.263672 2.263672 2.275391 2.283203 2.251953 2.236328 2.255859
2.005859 2.005859 2.001953 1.990234 1.974609 1.966797 1.962891 1.958984 1.955078 1.947266 1.951172 1.974609 2.044922 2.166016 2.169922 2.123047 2.029297 2.005859 2.005859 2.017578 2.087891 2.220703 2.255859 2.240234 2.232422 2.240234 2.224609 2.240234 2.259766 2.251953 2.279297 2.275391 2.248047 2.212891 2.201172 2.025391 1.974609 1.951172 1.931641 1.931641 1.962891 2.072266 2.146484 2.107422 2.173828 2.205078 2.228516 2.244141 2.244141 2.248047 2.263672 2.267578 2.267578 2.263672 2.263672 2.263672 2.267578 2.267578 2.267578 2.251953 2.205078 2.232422 2.236328
1.962891 1.958984 1.951172 1.939453 1.935547 1.931641 1.927734 1.935547 1.955078 1.962891 1.970703 1.962891 1.970703 1.990234 2.017578 2.037109 2.044922 2.056641 2.044922 2.025391 2.017578 2.091797 2.212891 2.197266 2.205078 2.240234 2.275391 2.216797 2.201172 2.251953 2.275391 2.283203 2.208984 2.197266 2.134766 1.990234 1.947266 1.939453 1.955078 1.974609 1.982422 2.037109 2.134766 2.107422 2.134766 2.177734 2.193359 2.216797 2.236328 2.251953 2.263672 2.267578 2.267578 2.263672 2.267578 2.267578 2.267578 2.267578 2.228516 2.072266 2.052734 2.220703 2.224609
1.982422 1.958984 1.939453 1.916016 1.908203 1.908203 1.896484 1.916016 1.947266 1.998047 2.017578 1.998047 1.978516 1.962891 1.943359 1.974609 2.021484 2.099609 2.107422 2.107422 2.099609 2.091797 2.107422 2.052734 2.158203 2.216797 2.240234 2.240234 2.146484 2.259766 2.279297 2.251953 2.197266 2.173828 2.033203 1.962891 1.912109 1.931641 1.986328 2.044922 2.083984 2.126953 2.107422 2.111328 2.130859 2.185547 2.205078 2.220703 2.232422 2.244141 2.255859 2.267578 2.263672 2.263672 2.267578 2.259766 2.259766 2.244141 1.912109 1.806641 2.123047 2.208984 2.232422
2.005859 1.970703 1.927734 1.900391 1.888672 1.880859 1.884766 1.904297 1.955078 2.017578 2.091797 2.107422 2.072266 1.986328 1.947266 1.919922 1.951172 2.001953 2.072266 2.107422 2.107422 2.107422 2.044922 1.994141 2.001953 2.119141 2.193359 2.208984 2.158203 2.267578 2.271484 2.240234 2.216797 2.150391 1.994141 1.939453 1.916016 1.935547 1.994141 2.107422 2.150391 2.205078 2.181641 2.111328 2.115234 2.177734 2.216797 2.228516 2.240234 2.240234 2.248047 2.263672 2.263672 2.251953 2.251953 2.251953 2.240234 2.068359 1.583984 1.833984 2.185547 2.240234 2.259766
2.029297 1.982422 1.935547 1.900391 1.873047 1.869141 1.869141 1.892578 1.970703 2.044922 2.107422 2.111328 2.115234 2.115234 2.037109 1.998047 1.970703 1.978516 2.009766 2.056641 2.107422 2.107422 2.013672 1.990234 2.021484 2.017578 2.048828 2.072266 2.126953 2.255859 2.291016 2.275391 2.232422 2.087891 1.974609 1.939453 1.923828 1.951172 1.998047 2.107422 2.146484 2.193359 2.193359 2.138672 2.111328 2.134766 2.189453 2.224609 2.240234 2.244141 2.244141 2.255859 2.259766 2.255859 2.248047 2.224609 2.216797 1.892578 1.833984 2.146484 2.248047 2.259766 2.271484
2.037109 1.994141 1.955078 1.916016 1.884766 1.865234 1.857422 1.888672 1.947266 2.005859 2.017578 2.115234 2.119141 2.126953 2.130859 2.142578 2.111328 2.107422 2.107422 2.080078 2.107422 2.087891 2.033203 2.037109 2.099609 2.091797 2.037109 1.994141 1.974609 2.091797 2.259766 2.294922 2.224609 2.041016 1.966797 1.947266 1.943359 1.978516 2.021484 2.107422 2.115234 2.162109 2.189453 2.166016 2.150391 2.158203 2.146484 2.173828 2.224609 2.248047 2.248047 2.255859 2.255859 2.240234 2.197266 2.162109 2.001953 2.158203 2.216797 2.259766 2.259766 2.263672 2.267578
1.998047 1.982422 1.958984 1.927734 1.892578 1.884766 1.873047 1.880859 1.916016 1.935547 1.966797 2.029297 2.107422 2.119141 2.142578 2.185547 2.208984 2.205078 2.201172 2.181641 2.189453 2.185547 2.197266 2.232422 2.236328 2.181641 2.138672 2.009766 1.974609 2.060547 2.154297 2.189453 2.107422 2.001953 1.962891 1.951172 1.962891 2.005859 2.072266 2.107422 2.134766 2.142578 2.169922 2.173828 2.173828 2.177734 2.158203 2.150391 2.185547 2.224609 2.248047 2.248047 2.216797 2.080078 2.060547 2.166016 2.177734 2.232422 2.259766 2.287109 2.279297 2.259766 2.259766
1.970703 1.955078 1.939453 1.919922 1.904297 1.927734 1.935547 1.927734 1.919922 1.908203 1.919922 1.978516 2.013672 2.064453 2.107422 2.107422 2.169922 2.208984 2.208984 2.205078 2.224609 2.224609 2.244141 2.255859 2.259766 2.259766 2.228516 2.189453 2.091797 2.123047 2.166016 2.142578 2.048828 1.958984 1.947266 1.958984 1.998047 2.044922 2.107422 2.107422 2.146484 2.134766 2.126953 2.115234 2.138672 2.162109 2.146484 2.115234 2.150391 2.142578 2.181641 2.220703 2.107422 2.099609 2.181641 2.177734 2.177734 2.158203 2.119141 2.248047 2.294922 2.251953 2.244141
1.955078 1.943359 1.923828 1.923828 1.935547 1.962891 1.978516 1.978516 1.966797 1.931641 1.908203 1.927734 1.974609 2.021484 2.080078 2.041016 2.056641 2.146484 2.146484 2.169922 2.201172 2.208984 2.244141 2.244141 2.251953 2.240234 2.201172 2.115234 2.142578 2.216797 2.205078 2.205078 2.037109 1.951172 1.943359 1.970703 2.021484 2.107422 2.107422 2.107422 2.115234 2.111328 2.115234 2.107422 2.107422 2.111328 2.138672 2.111328 2.107422 2.150391 2.212891 2.095703 1.955078 2.115234 2.107422 2.107422 2.138672 2.072266 2.052734 2.197266 2.240234 2.173828 2.216797
1.896484 1.904297 1.912109 1.923828 1.939453 1.986328 1.994141 1.998047 2.001953 1.978516 1.931641 1.916016 1.947266 2.001953 2.044922 2.021484 2.005859 1.990234 2.029297 2.107422 2.134766 2.150391 2.224609 2.236328 2.220703 2.150391 2.048828 2.009766 2.025391 2.103516 2.306641 2.123047 2.001953 1.947266 1.955078 1.978516 2.037109 2.107422 2.107422 2.107422 2.107422 2.107422 2.107422 2.107422 2.107422 2.107422 2.119141 2.138672 2.146484 2.205078 2.224609 2.591797 1.416016 1.923828 2.216797 2.232422 2.197266 2.142578 2.076172 2.185547 2.146484 2.103516 2.111328
1.802734 1.833984 1.876953 1.919922 1.966797 2.009766 1.998047 1.994141 2.001953 1.982422 1.955078 1.935547 1.927734 1.970703 2.009766 2.029297 2.009766 1.974609 1.966797 2.033203 2.107422 2.107422 2.197266 2.224609 2.166016 2.107422 2.080078 2.001953 1.978516 1.986328 2.068359 2.041016 1.923828 1.923828 1.943359 1.986328 2.068359 2.107422 2.107422 2.107422 2.107422 2.107422 2.107422 2.107422 2.107422 2.107422 2.107422 2.138672 2.166016 2.232422 2.056641 2.638672 2.638672 2.162109 2.240234 2.248047 2.228516 2.162109 2.123047 2.216797 2.091797 2.076172 2.130859
1.794922 1.822266 1.861328 1.900391 1.978516 2.060547 2.029297 2.025391 2.001953 1.970703 1.943359 1.923828 1.923828 1.931641 1.982422 2.033203 2.048828 1.998047 1.970703 1.998047 2.107422 2.107422 2.177734 2.224609 2.138672 2.107422 2.107422 2.087891 1.998047 1.974609 1.958984 1.908203 1.837891 1.818359 1.904297 1.986328 2.107422 2.107422 2.107422 2.107422 2.107422 2.107422 2.107422 2.107422 2.080078 2.107422 2.107422 2.130859 2.185547 2.248047 2.013672 2.638672 2.638672 2.251953 2.228516 2.232422 2.220703 2.173828 2.130859 2.197266 2.212891 2.107422 2.107422
1.818359 1.845703 1.884766 1.919922 1.990234 2.029297 2.080078 2.107422 2.076172 2.025391 1.990234 1.966797 1.951172 1.958984 1.958984 2.017578 2.072266 2.072266 2.017578 2.009766 2.037109 2.107422 2.154297 2.205078 2.123047 2.107422 2.107422 2.107422 2.107422 2.134766 2.130859 1.970703 1.873047 1.794922 1.830078 1.958984 2.076172 2.107422 2.107422 2.107422 2.107422 2.107422 2.107422 2.107422 2.107422 2.044922 2.052734 2.119141 2.197266 2.232422 2.638672 2.638672 2.220703 2.267578 2.240234 2.236328 2.236328 2.205078 2.205078 2.205078 2.232422 2.201172 2.072266
1.818359 1.857422 1.908203 1.955078 2.009766 2.017578 2.087891 2.107422 2.095703 2.052734 2.017578 2.001953 1.994141 2.021484 2.009766 1.994141 2.060547 2.107422 2.107422 2.107422 2.123047 2.107422 2.142578 2.177734 2.115234 2.107422 2.107422 2.107422 2.107422 2.189453 2.240234 2.201172 2.013672 1.951172 1.900391 1.947266 1.998047 2.107422 2.107422 2.107422 2.107422 2.115234 2.142578 2.119141 2.115234 2.126953 2.123047 2.126953 2.216797 2.083984 2.154297 2.638672 2.271484 2.271484 2.251953 2.248047 2.244141 2.208984 2.197266 2.166016 2.201172 2.240234 2.201172
1.826172 1.861328 1.904297 1.958984 2.013672 2.017578 2.021484 2.044922 2.068359 2.037109 2.009766 1.998047 1.994141 1.994141 2.017578 1.966797 2.009766 2.107422 2.107422 2.107422 2.134766 2.146484 2.173828 2.181641 2.107422 2.087891 2.064453 2.041016 2.107422 2.173828 2.244141 2.224609 2.169922 2.123047 2.033203 2.025391 1.990234 2.029297 2.107422 2.107422 2.107422 2.107422 2.119141 2.119141 2.123047 2.138672 2.158203 2.154297 2.251953 2.193359 2.251953 2.294922 2.310547 2.275391 2.248047 2.251953 2.251953 2.232422 2.224609 2.189453 2.197266 2.228516 2.205078
1.849609 1.880859 1.912109 1.970703 2.009766 1.998047 1.998047 2.041016 2.091797 2.087891 2.107422 2.044922 2.001953 1.986328 1.982422 1.947266 1.978516 2.044922 2.107422 2.107422 2.107422 2.138672 2.154297 2.146484 2.107422 2.001953 1.978516 1.990234 2.056641 2.111328 2.173828 2.162109 2.162109 2.134766 2.142578 2.162109 2.154297 2.048828 2.091797 2.107422 2.107422 2.107422 2.107422 2.107422 2.107422 2.119141 2.150391 2.158203 2.232422 2.228516 2.271484 2.283203 2.298828 2.279297 2.228516 2.244141 2.255859 2.248047 2.236328 2.201172 2.216797 2.224609 2.224609
1.908203 1.923828 1.962891 2.017578 2.013672 1.978516 1.978516 2.001953 2.041016 2.107422 2.107422 2.107422 2.107422 2.048828 1.982422 1.951172 1.947266 1.998047 2.080078 2.107422 2.107422 2.115234 2.166016 2.154297 2.107422 1.978516 1.951172 1.955078 2.021484 2.107422 2.111328 2.080078 2.087891 2.107422 2.111328 2.126953 2.146484 2.115234 2.107422 2.107422 2.107422 2.107422 2.107422 2.107422 2.107422 2.107422 2.107422 2.107422 2.189453 2.251953 2.255859 2.259766 2.271484 2.158203 2.181641 2.228516 2.244141 2.251953 2.240234 2.216797 2.205078 2.216797 2.212891
1.958984 1.974609 2.041016 2.083984 2.001953 1.982422 1.974609 1.970703 1.982422 2.025391 2.107422 2.107422 2.107422 2.126953 2.130859 2.033203 1.970703 1.986328 2.009766 2.107422 2.107422 2.111328 2.185547 2.185547 2.107422 1.986328 1.947266 1.943359 2.001953 2.107422 2.107422 2.107422 2.091797 2.107422 2.107422 2.107422 2.107422 2.130859 2.107422 2.107422 2.107422 2.107422 2.091797 2.107422 2.107422 2.107422 2.107422 2.107422 2.111328 2.189453 2.240234 2.220703 2.224609 2.134766 2.083984 2.150391 2.232422 2.244141 2.248047 2.232422 2.205078 2.197266 2.197266
1.986328 2.013672 2.087891 2.130859 1.998047 1.994141 1.986328 1.962891 1.943359 1.958984 2.021484 2.107422 2.107422 2.115234 2.142578 2.107422 2.107422 2.017578 2.009766 2.044922 2.080078 2.107422 2.181641 2.201172 2.068359 1.998047 1.970703 1.974609 1.994141 2.033203 2.107422 2.107422 2.107422 2.107422 2.107422 2.107422 2.107422 2.111328 2.111328 2.107422 2.107422 2.107422 2.107422 2.107422 2.107422 2.107422 2.119141 2.154297 2.185547 2.236328 2.244141 2.216797 2.158203 2.099609 2.041016 2.017578 2.080078 2.181641 2.232422 2.228516 2.201172 2.181641 2.177734
1.986328 2.029297 2.111328 2.189453 2.013672 2.021484 1.994141 1.974609 1.962891 1.962891 1.966797 2.005859 2.107422 2.107422 2.119141 2.107422 2.107422 2.107422 2.056641 2.005859 2.013672 2.091797 2.138672 2.146484 2.025391 2.013672 1.986328 2.005859 2.017578 2.033203 2.072266 2.107422 2.107422 2.107422 2.107422 2.107422 2.107422 2.107422 2.087891 2.087891 2.107422 2.107422 2.107422 2.107422 2.107422 2.115234 2.166016 2.181641 2.158203 2.232422 2.236328 2.189453 2.107422 2.037109 2.041016 2.013672 1.962891 1.982422 2.087891 2.201172 2.177734 2.154297 2.158203
1.978516 2.013672 2.072266 2.205078 2.107422 2.029297 1.986328 1.970703 2.005859 2.033203 1.998047 1.958984 2.001953 2.107422 2.107422 2.107422 2.107422 2.119141 2.107422 2.021484 1.994141 2.013672 2.091797 2.107422 2.017578 2.013672 2.013672 2.025391 2.052734 2.064453 2.048828 2.107422 2.107422 2.107422 2.107422 2.107422 2.107422 2.107422 2.052734 2.052734 2.033203 2.064453 2.107422 2.107422 2.107422 2.107422 2.107422 2.107422 2.107422 2.205078 2.224609 2.232422 2.228516 2.232422 2.091797 2.052734 1.990234 1.951172 1.951172 2.025391 2.146484 2.134766 2.123047
