py_wake/examples/data/AJ_ParqueFicticio/Rough survey   Sector 10   Height 200m   Power density.grd
DSAA
73  159
 258469   265669
 6501692   6517492
 188.6714   2388.28
[rows 28 to 55 of 159, columns 0 to 62 of 73]
852.2663 852.4985 854.2839 854.5794 855.5482 858.9127 860.2968 862.3459 863.6393 866.7702 873.7056 880.4554 886.986 890.4794 892.27 893.4782 896.464 898.1395 897.4595 896.3269 892.9427 887.6039 885.8572 881.6848 873.1332 858.801 842.1922 834.0305 830.0803 827.7149 822.8755 815.092 793.2808 762.9603 747.5015 757.1776 763.1728 758.6226 751.7577 729.22 712.5569 716.9031 736.1631 772.8161 809.5026 836.9054 855.226 889.6415 948.257 1016.943 1095.417 1203.472 1342.851 1457.748 1520.756 1597.821 1679.631 1662.503 1492.54 1267.284 1070.839 929.0815 847.9996
851.0472 852.0759 854.7079 855.1594 856.7583 859.0275 859.735 863.2882 864.9736 867.5259 873.4164 878.9982 884.9615 888.595 889.6412 891.1116 893.9847 896.4045 896.3956 895.9271 891.5316 883.5108 878.8766 875.1085 867.8829 854.8387 841.4542 833.3743 828.813 825.4636 819.3981 809.26 788.1221 759.1174 744.8714 750.0439 753.9299 749.2388 744.1702 729.6038 711.7913 709.9899 724.3511 750.8787 782.5256 815.5447 846.377 892.4639 960.9938 1048.097 1143.659 1263.855 1412.089 1552.523 1640.05 1709.019 1743.422 1660.272 1453.975 1217.51 1024.466 900.0177 857.9647
848.4516 849.6677 853.5229 854.1306 855.3414 858.4088 859.5125 862.675 864.9401 868.9503 872.0099 875.0286 879.3314 883.4149 883.9716 887.6478 892.6813 895.4076 895.1776 895.5481 889.5472 881.3701 873.4659 869.2988 861.2114 851.0825 842.157 832.9272 825.9312 820.942 813.0299 803.8712 781.0209 753.6907 742.2154 743.2095 743.4744 739.7062 734.4276 726.8921 712.0988 703.1201 715.5993 737.16 763.266 796.3795 838.6425 896.1743 978.3326 1078.576 1190.584 1325.789 1485.528 1637.385 1752.364 1815.103 1795.674 1638.653 1393.039 1153.305 976.6176 885.7151 901.9372
847.1351 847.8028 850.6308 851.6199 853.6009 856.6906 857.7627 860.5189 862.6142 866.6165 868.7805 871.4188 874.5441 877.2611 880.0058 885.2108 891.2447 895.7897 896.0588 892.9866 885.9786 878.8357 869.4763 862.5513 856.2116 847.5217 839.7932 832.9055 822.5742 813.5806 808.3826 798.3061 774.8721 750.29 740.1739 736.9091 731.322 725.5689 723.0319 723.1963 713.8839 705.1257 710.4541 728.9795 756.994 790.1108 835.3127 901.9346 986.08 1092.715 1218.827 1372.958 1547.39 1715.079 1853.561 1907.973 1828.263 1608.472 1336.321 1100.127 942.601 896.9059 966.6348
844.2684 845.972 849.4673 850.5399 852.5929 855.174 857.1275 859.5902 860.9599 864.0149 865.7865 867.8481 870.1511 869.6761 873.9026 881.4908 889.404 895.4332 895.1029 888.1027 881.7193 874.6371 865.7513 858.3292 851.9097 841.3683 835.3818 828.1287 818.7833 808.8979 802.4992 791.4973 770.4404 750.2829 739.2676 733.2423 724.3835 711.9019 711.8174 717.0823 717.8712 710.4813 711.9372 724.7676 752.7697 795.6053 849.8848 911.1851 989.19 1094.116 1225.649 1389.935 1577.167 1763.301 1923.31 1970.344 1848.555 1586.766 1302.773 1071.95 941.1465 934.6749 1041.786
844.5442 846.5256 849.0195 851.6835 853.4555 856.2758 857.2333 859.8353 861.1107 863.7268 864.7841 866.578 866.5946 864.9667 870.4334 878.0512 887.4683 893.7427 891.2474 885.4094 877.358 870.5668 863.1063 854.7343 848.1776 839.5526 831.0043 826.3906 817.4916 805.4281 797.5298 786.3283 769.2422 749.8253 736.0486 727.5141 718.9171 700.6377 700.2709 708.3419 717.578 724.4318 724.7854 730.9074 750.0004 794.4114 856.8898 923.7902 1000.474 1102.863 1237.716 1403.556 1586.969 1776.743 1947.629 2010.257 1855.124 1580.327 1292.185 1075.283 961.8649 984.3367 1119.714
845.9653 849.3632 850.5695 852.3722 853.6887 857.4047 857.825 860.0879 862.3217 864.649 866.4962 866.2228 867.9421 866.3452 869.989 879.4669 888.9635 892.1906 886.4921 878.911 872.2427 863.6782 856.6033 849.8588 843.5898 835.1024 829.6493 821.7589 813.7524 804.4888 793.3394 782.4806 768.9891 749.7704 731.5801 717.1688 711.6849 696.7949 689.2798 694.8705 713.3519 736.1552 750.8101 755.2762 759.3715 793.516 852.0159 926.5111 1013.279 1122.461 1263.128 1430.954 1609.546 1795.452 1952.196 2012.155 1865.286 1593.526 1307.232 1097.442 1007.228 1050.257 1187.895
845.7415 849.3428 851.0447 853.1016 854.0643 856.5899 858.7317 860.227 861.3813 864.3939 865.3979 865.3776 866.3834 866.4937 871.0868 879.2092 887.318 890.0281 879.4902 869.7125 862.217 854.8117 849.653 844.6602 839.6408 833.0053 826.7092 818.3879 809.4822 799.6292 789.7462 778.0425 765.716 748.5804 729.3115 709.8588 699.5949 691.5097 678.8055 680.0124 709.8538 745.0603 781.2992 796.3952 790.6907 800.6025 849.6994 928.2323 1020.649 1136.929 1277.102 1457.297 1643.534 1814.776 1958.477 2008.344 1880.792 1613.153 1327.311 1127.686 1065.635 1126.676 1250.568
843.0662 846.3079 848.6564 852.7749 855.9069 859.0691 859.265 860.5098 862.2269 864.269 865.8358 864.9018 865.0966 864.427 869.8338 877.6425 883.3311 883.6351 873.3458 859.777 852.3191 846.2432 842.6824 841.1035 838.674 832.1041 824.5571 814.8322 805.1349 795.0265 785.7766 773.8926 761.486 745.9759 725.7079 703.2505 685.9002 677.1652 665.8983 674.7219 710.5099 762.7715 817.173 847.6111 843.4971 820.8608 845.416 920.6105 1025.045 1143.652 1284.936 1458.951 1651.099 1827.427 1966.988 2019.085 1896.179 1627.101 1347.409 1166.484 1137.788 1205.914 1303.746
836.5625 842.3214 846.2822 850.8783 855.4579 858.3923 859.7963 862.4568 863.1467 865.8443 865.2346 864.6006 863.9758 862.6397 866.6962 871.2176 873.9784 872.4161 865.5783 852.3515 842.8668 838.8702 837.5477 837.8734 837.7875 829.6154 821.8701 810.4506 799.8743 789.2133 779.7922 771.1041 758.1137 745.1252 726.4385 701.0089 670.9358 659.8779 655.7745 665.0739 709.5978 780.8805 854.9312 903.3248 909.6148 871.2479 852.7961 908.2738 1005.198 1122.421 1266.54 1429.728 1617.082 1805.137 1965.566 2034.589 1914.812 1653.781 1379.34 1217.834 1205.994 1269.881 1341.503
835.9939 840.4567 846.7019 849.9982 853.2327 856.0581 856.452 859.8727 863.2609 866.8509 867.7216 867.3398 865.2781 862.3821 863.535 865.183 865.7733 863.1539 858.0395 848.8465 834.7532 833.7214 834.5092 835.5033 834.8807 826.4675 817.6454 806.7889 796.7974 784.0286 773.9575 769.7862 758.2572 744.7471 726.4796 699.3159 660.1213 643.7405 640.2072 657.2073 707.6365 789.4882 884.9473 957.7291 975.0936 934.9688 894.4736 913.71 982.3187 1086.98 1230.351 1390.988 1577.255 1771.365 1949.243 2039.216 1949.116 1698.518 1430.703 1277.185 1256.519 1305.302 1335.613
839.0426 843.8077 850.0123 853.7814 855.3539 858.6475 857.3146 861.062 864.6774 869.6125 871.9003 870.6943 867.0547 862.8668 862.2873 861.8035 863.2531 861.665 856.5714 846.759 834.9141 833.1117 833.5252 835.4312 830.0378 822.8948 814.0195 803.869 794.1738 780.9491 772.5415 766.6022 757.7902 744.3376 728.1708 698.4404 659.8901 634.5542 627.8253 653.366 709.6772 794.3947 896.2644 988.4689 1030.917 996.153 946.9636 948.7281 987.2892 1068.097 1208.416 1373.466 1550.082 1745.36 1931.944 2044.146 1989.387 1767.266 1512.009 1349.637 1291.393 1284.327 1277.612
838.2222 843.8552 851.6637 856.474 859.2692 860.888 860.457 863.4638 867.0525 871.5367 873.3576 872.3693 866.2232 863.0064 860.3761 860.7877 861.0125 858.0472 854.8331 847.5082 839.591 835.1027 832.3386 831.1896 824.8064 816.0095 808.5008 799.6856 791.4078 782.0257 773.9701 766.9178 757.3522 746.3049 729.7237 701.6637 661.3468 624.7733 620.6238 652.9681 714.2883 799.3303 900.5455 999.721 1061.845 1045.544 994.9144 979.5828 1009.477 1079.431 1200.065 1360.35 1543.344 1740.779 1920.789 2048.348 2029.445 1849.448 1609.526 1416.882 1288.316 1228.693 1195.529
842.5195 847.7004 852.9873 855.7598 857.3559 858.8342 858.3178 862.0208 866.8531 871.159 871.7317 870.5983 863.2579 857.0771 854.4626 855.3588 855.8445 854.595 850.7646 845.0868 843.2447 839.8559 835.1154 829.5887 819.6826 808.061 803.778 797.3441 792.1933 782.9836 776.0241 770.1129 760.4438 749.4801 734.0239 707.9166 662.0064 620.4611 623.6246 658.2216 723.0914 802.9505 896.9986 995.8224 1067.195 1073.125 1029.882 1007.343 1036.388 1107.952 1215.124 1362.622 1536.724 1723.388 1907.513 2046.262 2071.597 1942.074 1707.15 1473.028 1286.332 1178.776 1117.015
848.8759 853.3654 858.4601 859.8293 858.054 857.9067 856.1552 859.236 863.5071 866.7375 866.8551 865.0773 860.9961 853.4681 850.8014 852.8264 852.6462 850.8526 845.6505 840.9411 840.0991 840.3411 840.6289 834.0873 818.1052 805.0407 800.5162 796.8644 791.4545 782.9515 777.2526 770.166 763.7328 753.5737 737.3408 714.0368 672.6987 634.7365 634.1728 665.8821 725.2821 801.1519 886.2974 982.8731 1056.504 1079.477 1049.367 1026.491 1067.343 1142.858 1245.432 1372.903 1527.209 1703.999 1886.263 2042.663 2107.17 2011.958 1782.332 1522.416 1299.792 1142.131 1050.499
852.3593 858.7767 865.8715 869.4833 864.9956 857.2958 850.5619 855.3976 862.5771 867.9204 868.7958 864.973 859.7934 854.2877 851.6728 851.9307 850.9772 847.553 840.7708 835.169 835.5933 839.1912 842.1389 835.5547 821.2126 809.3196 802.058 796.1774 790.4373 782.638 776.8789 773.5119 766.6575 757.5834 743.8062 722.7001 690.2324 656.2148 648.9139 674.4091 723.4041 795.9387 879.5225 970.2164 1041.042 1068.232 1056.721 1050.8 1095.851 1171.483 1262.477 1376.27 1517.513 1680.671 1870.532 2045.905 2122.147 2030.419 1806.997 1545.698 1323.1 1142.913 1026.253
851.6966 858.0622 866.3159 872.9695 868.6261 858.6976 849.4207 852.4113 859.5096 867.5243 871.3901 866.6878 859.1618 853.0264 850.981 850.0214 849.2905 843.5709 836.7241 829.743 830.6893 835.0967 837.6933 834.3762 819.8483 810.22 804.3441 800.2437 793.8934 784.3986 778.9581 778.694 771.5051 762.1536 752.4033 734.8607 708.6357 681.953 671.4293 684.6561 723.7065 792.1847 873.1037 948.6167 1013.485 1047.557 1058.074 1072.822 1116.787 1190.71 1274.89 1377.197 1512.674 1687.833 1888.462 2063.063 2111.346 1989.226 1779.266 1545.365 1333.17 1161.88 1035.299
852.3126 858.5742 864.98 871.3862 870.3906 862.3831 854.5848 857.7231 861.6394 867.2076 870.4952 865.9396 860.0956 854.1439 851.3354 850.0225 849.0706 843.5807 835.8315 828.9434 829.5739 832.4568 833.6207 829.5544 817.617 808.9599 805.8866 802.6002 793.6412 782.032 778.2724 782.8826 774.2831 762.7419 759.3663 745.6748 721.8344 701.4653 697.605 702.5129 730.2328 784.9746 853.4473 915.4782 980.9849 1030.835 1063.978 1097.336 1144.362 1210.504 1293.201 1395.073 1534.632 1718.084 1912.696 2065.104 2067.689 1912.455 1702.451 1496.702 1322.072 1180.241 1069.889
850.8793 859.1323 866.1054 869.8917 870.4504 869.2962 866.7036 869.8217 872.1349 868.9724 869.6408 864.9202 858.1182 853.5526 851.354 849.9452 847.5573 843.1456 836.8415 832.408 832.4734 835.6453 836.5045 830.9386 818.6277 810.507 808.7566 804.3287 795.1129 782.9276 778.4392 781.7113 773.0896 763.2674 765.226 753.1557 731.5075 714.4319 710.8249 723.1529 745.4512 783.1338 836.7549 899.1161 968.2582 1029.961 1073.241 1115.473 1167.895 1236.308 1325.815 1443.427 1590.224 1759.952 1920.481 2027.393 1995.032 1831.826 1621.232 1435.104 1288.771 1178.928 1094
847.6506 855.8562 862.4827 867.2421 870.2064 874.6776 877.1434 881.8961 886.2585 879.6681 867.5781 861.0706 852.3272 846.209 843.9915 844.7673 844.2114 842.1606 839.0523 834.8083 837.5622 839.9595 839.5807 835.0887 822.21 813.9042 809.7973 805.9578 797.4113 789.7886 784.3199 783.3792 777.7988 765.6483 767.8074 758.6295 741.06 724.4613 721.0466 733.5482 756.3342 790.6229 838.0317 895.6552 960.497 1025.418 1070.923 1113.221 1170.331 1250.43 1358.294 1498.179 1652.683 1790.663 1887.277 1918.595 1879.502 1744.261 1564.578 1398.849 1268.358 1164.584 1090.896
847.1052 852.9277 859.1903 862.8361 869.1545 876.643 883.3954 889.3127 895.0954 885.9766 869.0531 856.8805 846.562 836.3603 835.8616 838.3444 840.4046 839.4357 835.6154 831.642 834.3181 835.7816 835.5031 833.049 821.359 810.7086 810.1152 807.0078 803.6758 800.2791 800.3706 801.5424 793.5815 778.5043 778.0579 769.7889 753.5663 738.0928 729.8908 738.7939 760.9615 790.7373 831.8202 884.5126 944.2956 1005.724 1055.866 1107.878 1182.746 1285.903 1411.107 1550.73 1688.066 1783.295 1817.774 1796.84 1738.176 1635.015 1498.463 1380.01 1270.042 1169.466 1088.774
850.0709 856.3466 860.3674 862.2502 869.337 878.8435 887.5244 893.4047 895.2418 887.356 871.011 853.7494 841.5747 831.9654 830.6221 837.2301 839.6929 837.0535 832.4413 826.0795 827.7051 830.3086 830.4819 827.4017 821.4329 811.7416 812.2204 815.0897 812.9741 812.4625 813.1941 813.5957 807.7495 797.6119 794.3655 787.7089 770.0382 751.4879 738.3599 742.384 759.2896 783.2061 818.7303 861.0341 916.2026 977.7847 1039.815 1120.244 1218.669 1341.263 1476.326 1599.133 1683.811 1730.202 1738.552 1687.153 1604.594 1512.276 1406.102 1333.848 1269.895 1186.328 1107.523
850.2095 858.2528 865.4251 865.6812 872.2863 882.2138 891.9391 896.085 893.6127 885.4992 870.1738 851.9854 838.2158 832.7889 834.289 839.2098 842.4898 840.7368 830.912 823.7911 826.1548 827.9119 829.0641 827.1099 824.1348 821.6945 823.124 824.3074 823.8069 826.2759 824.2502 820.2922 814.8691 809.9038 809.9925 802.3694 780.7983 762.2986 749.935 748.6195 758.9717 777.3483 808.9342 843.8964 896.0044 965.8907 1045.407 1141.255 1254.47 1384.62 1521.911 1626.754 1644.646 1648.748 1654.042 1592.637 1502.83 1411.141 1316.968 1259.102 1236.11 1203.816 1140.39
848.3644 857.3548 866.6909 871.0149 877.296 886.9456 895.0858 896.0447 891.4843 883.2521 868.4387 851.9135 840.8098 835.9705 836.1198 838.0917 839.5198 837.8166 832.7098 831.6188 832.4174 830.975 828.6107 826.3152 826.0359 831.0471 834.2878 832.3796 834.1757 839.4202 843.1632 837.9683 824.0408 820.2018 823.5545 815.3306 792.1406 775.3282 764.7513 758.5905 764.0775 778.2182 805.9277 843.0026 892.9969 967.3108 1055.05 1154.894 1267.909 1402.019 1535.737 1623.658 1601.474 1558.153 1551.984 1524.496 1443.197 1338.996 1241.238 1185.195 1176.535 1186.045 1166.951
847.633 857.7661 867.0261 873.3295 880.1781 888.106 893.6865 894.4691 888.7452 882.1328 869.1973 855.6104 846.2696 841.5677 840.5005 838.957 834.739 830.3443 830.8674 834.8078 839.0202 837.7362 830.3712 827.0212 830.0322 835.8504 839.2792 839.057 844.6465 852.8611 859.9718 852.4568 840.3481 838.7831 845.9731 834.3708 811.2142 791.965 780.5434 776.9595 773.5981 776.4888 801.8741 836.9445 890.6833 969.5826 1058.022 1149.239 1258.531 1389.735 1528.73 1607.908 1554.854 1466.42 1441.494 1459.674 1420.281 1317.503 1192.819 1118.493 1111.833 1140.174 1161.481
851.174 860.4382 868.8017 876.9141 883.5023 890.2051 891.8596 891.0349 884.822 879.5377 869.8533 859.0552 850.8225 846.0882 844.9202 843.8038 835.7134 826.4941 827.0618 832.9189 836.0364 837.0791 831.7918 830.9448 833.8349 839.8637 840.4402 843.7572 854.5494 865.0223 871.9969 869.0688 857.8097 862.3738 871.5893 864.2933 840.6477 819.1772 799.4233 800.6476 798.8658 793.1547 803.4541 833.3234 885.3038 958.7455 1042.266 1126.685 1235.256 1365.246 1503.034 1576.695 1511.416 1387.444 1338.541 1377.583 1404.484 1333.486 1193.657 1072.642 1045.02 1082.091 1133.719
857.9011 865.528 871.4562 878.9323 886.7971 893.6033 891.5373 889.181 883.9485 878.3294 871.8523 863.243 855.5234 847.6849 845.0628 843.828 835.6763 829.2271 829.3946 831.2316 830.3733 826.9643 827.315 830.0954 835.3021 839.277 839.9628 843.5241 856.8304 877.8512 891.9813 891.3073 874.5136 877.4386 891.1595 894.6788 879.1269 847.0269 812.7029 814.7055 822.0899 824.6683 825.2616 840.7234 883.4071 946.9601 1017.983 1095.492 1202.284 1328.925 1452.818 1524.359 1462.763 1321.37 1248.689 1296.566 1366.745 1350.337 1213.386 1062.325 988.0044 1022.052 1102.925
862.2909 869.668 877.1059 885.1276 891.6008 894.1979 891.3518 887.506 881.983 877.7062 872.6396 865.7594 860.4571 850.6765 842.9203 841.2495 839.9173 834.6552 836.4835 838.6489 831.5623 820.7028 822.5223 828.9388 832.7264 836.8523 838.1907 840.5236 856.0692 891.3938 919.3829 918.9755 890.9375 892.576 905.9276 922.9785 914.6506 876.7534 828.132 820.1099 843.2089 850.8395 857.8268 863.5975 888.4292 947.0171 1004.737 1067.12 1156.355 1264.716 1384.994 1461.803 1405.488 1266.252 1179.19 1232.555 1332.372 1349.668 1223.509 1062.252 953.497 968.8073 1060.048
