py_wake/examples/data/AJ_ParqueFicticio/Rough survey   Sector All   Height 30m   Weibull-k.grd
DSAA
73  159
 258469   265669
 6501692   6517492
 1.337891   2.126953
[rows 28 to 55 of 159, columns 0 to 62 of 73]
1.990234 1.994141 1.994141 1.998047 1.998047 1.994141 1.994141 1.994141 2.001953 2.001953 1.998047 1.994141 1.986328 1.978516 1.978516 1.974609 1.970703 1.966797 1.966797 1.966797 1.970703 1.974609 1.966797 1.962891 1.958984 1.951172 1.951172 1.958984 1.958984 1.958984 1.955078 1.947266 1.935547 1.943359 1.935547 1.974609 1.978516 1.958984 1.935547 1.916016 1.947266 1.982422 1.962891 1.900391 1.830078 1.794922 1.767578 1.724609 1.712891 1.728516 1.767578 1.806641 1.798828 1.794922 1.837891 1.826172 1.748047 1.748047 1.806641 1.908203 1.958984 1.951172 1.904297
1.986328 1.990234 1.994141 1.994141 1.998047 1.998047 1.998047 1.994141 1.998047 1.998047 1.998047 1.994141 1.990234 1.978516 1.978516 1.974609 1.970703 1.970703 1.970703 1.970703 1.978516 1.982422 1.974609 1.966797 1.962891 1.958984 1.955078 1.955078 1.955078 1.955078 1.955078 1.955078 1.958984 1.978516 2.005859 2.013672 1.974609 1.955078 1.943359 1.935547 1.966797 1.978516 1.955078 1.919922 1.876953 1.818359 1.794922 1.783203 1.794922 1.810547 1.833984 1.857422 1.837891 1.814453 1.845703 1.833984 1.783203 1.783203 1.869141 1.974609 1.994141 1.923828 1.857422
1.986328 1.990234 1.990234 1.994141 1.998047 1.998047 1.998047 1.994141 1.994141 1.998047 1.998047 1.998047 1.994141 1.978516 1.974609 1.974609 1.974609 1.970703 1.974609 1.974609 1.978516 1.978516 1.974609 1.966797 1.966797 1.962891 1.958984 1.958984 1.958984 1.962891 1.966797 1.966797 1.982422 1.994141 1.994141 1.982422 1.974609 1.966797 1.947266 1.943359 1.951172 1.955078 1.970703 1.935547 1.896484 1.880859 1.869141 1.873047 1.888672 1.896484 1.896484 1.912109 1.900391 1.861328 1.857422 1.833984 1.783203 1.783203 1.880859 1.958984 1.947266 1.869141 1.833984
1.986328 1.990234 1.994141 1.994141 1.994141 1.998047 1.998047 1.990234 1.994141 1.994141 1.998047 1.998047 1.994141 1.982422 1.974609 1.974609 1.974609 1.970703 1.974609 1.978516 1.978516 1.978516 1.974609 1.970703 1.970703 1.966797 1.962891 1.962891 1.970703 1.974609 1.970703 1.955078 1.943359 1.966797 1.974609 1.982422 1.974609 1.974609 1.951172 1.927734 1.935547 1.962891 1.974609 1.962891 1.923828 1.904297 1.916016 1.955078 1.970703 1.947266 1.927734 1.919922 1.916016 1.888672 1.845703 1.806641 1.767578 1.798828 1.869141 1.923828 1.927734 1.845703 1.958984
1.990234 1.990234 1.994141 1.994141 1.994141 1.994141 1.990234 1.994141 1.994141 1.994141 1.998047 1.994141 1.994141 1.994141 1.982422 1.978516 1.978516 1.974609 1.978516 1.982422 1.978516 1.978516 1.974609 1.974609 1.970703 1.970703 1.966797 1.970703 1.978516 1.978516 1.974609 1.962891 1.955078 1.962891 1.978516 1.982422 1.978516 1.974609 1.939453 1.927734 1.927734 1.947266 1.978516 1.994141 1.962891 1.935547 1.939453 1.962891 1.962891 1.931641 1.904297 1.880859 1.861328 1.826172 1.787109 1.759766 1.751953 1.798828 1.849609 1.916016 1.951172 1.947266 1.994141
1.994141 1.994141 1.994141 1.994141 1.994141 1.994141 1.994141 1.994141 1.994141 1.994141 1.994141 1.994141 1.994141 1.998047 1.990234 1.990234 1.982422 1.974609 1.978516 1.982422 1.982422 1.978516 1.974609 1.974609 1.970703 1.970703 1.978516 1.978516 1.978516 1.978516 1.974609 1.970703 1.962891 1.966797 1.978516 1.978516 1.966797 1.966797 1.951172 1.943359 1.908203 1.916016 1.947266 1.994141 2.025391 1.982422 1.951172 1.931641 1.919922 1.873047 1.822266 1.787109 1.775391 1.767578 1.740234 1.724609 1.728516 1.771484 1.841797 1.947266 2.025391 2.072266 1.974609
1.990234 1.990234 1.990234 1.990234 1.994141 1.990234 1.990234 1.990234 1.994141 1.994141 1.994141 1.994141 1.994141 2.001953 1.998047 1.994141 1.986328 1.978516 1.982422 1.982422 1.982422 1.978516 1.974609 1.974609 1.974609 1.974609 1.982422 1.982422 1.982422 1.974609 1.974609 1.970703 1.966797 1.970703 1.978516 1.978516 1.955078 1.958984 1.955078 1.931641 1.873047 1.873047 1.900391 1.966797 2.044922 2.041016 1.966797 1.916016 1.919922 1.916016 1.888672 1.841797 1.798828 1.763672 1.736328 1.712891 1.728516 1.814453 1.927734 2.005859 2.048828 2.095703 1.943359
1.990234 1.986328 1.986328 1.990234 1.990234 1.990234 1.990234 1.994141 1.994141 1.990234 1.994141 1.994141 1.998047 1.998047 1.998047 1.994141 1.990234 1.978516 1.990234 1.986328 1.978516 1.974609 1.974609 1.974609 1.974609 1.982422 1.986328 1.986328 1.982422 1.978516 1.974609 1.970703 1.966797 1.966797 1.966797 1.974609 1.974609 1.958984 1.935547 1.861328 1.845703 1.822266 1.841797 1.916016 2.021484 2.095703 2.056641 2.001953 1.998047 2.005859 2.001953 1.962891 1.931641 1.888672 1.814453 1.767578 1.787109 1.884766 1.978516 1.986328 2.017578 2.068359 1.931641
1.982422 1.982422 1.986328 1.986328 1.990234 1.990234 1.994141 1.994141 1.990234 1.990234 1.990234 1.994141 1.998047 1.998047 1.994141 1.990234 1.986328 1.978516 1.978516 1.986328 1.974609 1.974609 1.974609 1.978516 1.978516 1.986328 1.986328 1.986328 1.986328 1.982422 1.978516 1.970703 1.970703 1.978516 1.986328 1.994141 1.990234 1.958984 1.904297 1.876953 1.830078 1.814453 1.845703 1.896484 1.982422 2.052734 2.107422 2.091797 2.076172 2.076172 2.068359 2.025391 1.962891 1.919922 1.873047 1.814453 1.818359 1.908203 1.990234 1.974609 2.044922 2.072266 1.978516
1.982422 1.982422 1.986328 1.990234 1.990234 1.994141 1.986328 1.986328 1.986328 1.986328 1.986328 1.986328 1.990234 1.994141 1.994141 1.990234 1.986328 1.978516 1.970703 1.974609 1.974609 1.974609 1.982422 1.982422 1.978516 1.986328 1.986328 1.986328 1.986328 1.986328 1.982422 1.978516 1.982422 1.986328 1.994141 2.013672 2.013672 1.958984 1.927734 1.873047 1.857422 1.849609 1.865234 1.892578 1.962891 1.994141 1.966797 2.013672 2.056641 2.052734 2.037109 1.998047 1.931641 1.880859 1.841797 1.814453 1.822266 1.916016 2.025391 2.037109 2.111328 2.095703 2.056641
1.986328 1.986328 1.986328 1.986328 1.990234 1.986328 1.982422 1.986328 1.986328 1.986328 1.982422 1.982422 1.986328 1.998047 1.994141 1.990234 1.986328 1.978516 1.966797 1.970703 1.990234 1.986328 1.990234 1.990234 1.982422 1.986328 1.986328 1.990234 1.986328 1.990234 1.990234 1.986328 1.990234 1.998047 2.001953 1.998047 1.998047 1.986328 1.947266 1.904297 1.919922 1.916016 1.892578 1.904297 1.931641 2.060547 2.044922 1.935547 1.904297 1.931641 1.888672 1.857422 1.826172 1.822266 1.798828 1.779297 1.806641 1.927734 2.076172 2.119141 2.099609 2.107422 2.099609
1.986328 1.982422 1.982422 1.982422 1.982422 1.978516 1.990234 1.986328 1.986328 1.982422 1.982422 1.982422 2.001953 2.001953 1.994141 1.994141 1.986328 1.982422 1.974609 1.990234 2.009766 2.001953 2.001953 1.998047 1.990234 1.990234 1.990234 1.990234 1.990234 1.994141 1.998047 1.998047 2.001953 2.009766 2.009766 2.013672 2.017578 1.998047 1.923828 1.927734 1.955078 1.998047 1.978516 1.939453 1.931641 1.998047 2.107422 2.083984 1.986328 1.978516 1.916016 1.884766 1.857422 1.833984 1.826172 1.810547 1.830078 1.951172 2.095703 2.064453 2.033203 2.068359 2.119141
1.990234 1.986328 1.982422 1.982422 1.986328 1.994141 1.994141 1.986328 1.982422 1.982422 1.986328 1.994141 2.005859 1.998047 1.994141 1.990234 1.990234 1.990234 1.990234 1.998047 2.005859 2.001953 2.001953 2.001953 1.994141 1.990234 1.990234 1.994141 1.998047 2.005859 2.013672 2.013672 2.009766 2.017578 2.021484 2.037109 2.048828 2.013672 1.947266 1.982422 2.017578 2.056641 2.056641 2.013672 1.978516 1.994141 2.072266 2.103516 2.115234 2.107422 2.064453 2.037109 2.005859 1.978516 1.931641 1.869141 1.873047 1.958984 2.052734 1.974609 1.943359 2.033203 2.111328
1.990234 1.986328 1.978516 1.982422 1.986328 1.986328 1.986328 1.982422 1.978516 1.982422 1.982422 1.982422 1.994141 1.990234 1.990234 1.990234 1.994141 1.994141 1.994141 1.998047 1.998047 1.998047 1.994141 1.990234 1.998047 1.998047 2.001953 2.009766 2.009766 2.021484 2.025391 2.025391 2.025391 2.029297 2.029297 2.048828 2.076172 2.021484 2.025391 2.048828 2.076172 2.095703 2.091797 2.076172 2.052734 2.056641 2.060547 2.056641 2.068359 2.103516 2.123047 2.103516 2.072266 2.041016 1.986328 1.923828 1.900391 1.947266 1.986328 1.958984 1.900391 1.935547 2.056641
1.982422 1.978516 1.974609 1.970703 1.978516 1.986328 1.986328 1.978516 1.974609 1.974609 1.974609 1.974609 1.970703 1.986328 1.986328 1.990234 1.994141 1.994141 1.998047 1.994141 1.994141 1.994141 1.986328 1.986328 2.009766 2.025391 2.021484 2.025391 2.025391 2.025391 2.029297 2.033203 2.033203 2.041016 2.048828 2.060547 2.060547 2.064453 2.052734 2.087891 2.107422 2.115234 2.115234 2.103516 2.091797 2.083984 2.080078 2.048828 2.060547 2.095703 2.115234 2.107422 2.076172 2.037109 1.966797 1.900391 1.873047 1.908203 1.962891 1.994141 1.974609 1.912109 1.943359
1.978516 1.974609 1.970703 1.958984 1.966797 1.978516 1.990234 1.974609 1.970703 1.974609 1.970703 1.966797 1.978516 1.994141 1.990234 1.990234 1.990234 1.994141 1.998047 1.998047 1.994141 1.994141 1.998047 2.005859 2.021484 2.025391 2.025391 2.029297 2.033203 2.037109 2.037109 2.037109 2.048828 2.052734 2.056641 2.072266 2.087891 2.099609 2.095703 2.099609 2.115234 2.115234 2.099609 2.072266 2.056641 2.044922 2.021484 2.052734 2.060547 2.052734 2.052734 2.025391 1.955078 1.884766 1.837891 1.806641 1.833984 1.880859 1.935547 1.990234 2.009766 1.998047 1.935547
1.978516 1.974609 1.970703 1.958984 1.962891 1.970703 1.982422 1.978516 1.974609 1.974609 1.974609 1.986328 1.998047 2.001953 1.994141 1.990234 1.986328 1.986328 1.994141 2.001953 1.994141 1.998047 2.001953 1.998047 2.009766 2.013672 2.021484 2.033203 2.037109 2.044922 2.044922 2.044922 2.056641 2.060547 2.060547 2.076172 2.091797 2.103516 2.119141 2.111328 2.095703 2.072266 2.033203 1.994141 1.919922 1.830078 1.802734 1.853516 1.865234 1.833984 1.822266 1.810547 1.802734 1.794922 1.787109 1.763672 1.794922 1.857422 1.935547 1.962891 1.970703 1.986328 1.966797
1.974609 1.974609 1.970703 1.958984 1.962891 1.974609 1.990234 1.982422 1.978516 1.982422 1.986328 1.994141 2.001953 1.998047 1.994141 1.986328 1.982422 1.982422 1.986328 1.998047 1.998047 1.994141 1.990234 1.986328 1.994141 2.005859 2.017578 2.025391 2.037109 2.048828 2.048828 2.048828 2.060547 2.068359 2.052734 2.072266 2.091797 2.107422 2.115234 2.115234 2.099609 2.044922 1.982422 1.927734 1.837891 1.810547 1.873047 1.935547 1.955078 1.916016 1.904297 1.884766 1.873047 1.849609 1.837891 1.787109 1.791016 1.841797 1.912109 1.947266 1.947266 1.947266 1.990234
1.974609 1.974609 1.970703 1.966797 1.962891 1.974609 1.982422 1.974609 1.970703 1.978516 1.990234 1.994141 1.998047 1.994141 1.986328 1.982422 1.982422 1.982422 1.986328 2.001953 1.998047 1.990234 1.986328 1.982422 1.998047 2.013672 2.009766 2.017578 2.021484 2.037109 2.037109 2.033203 2.044922 2.072266 2.052734 2.068359 2.087891 2.107422 2.111328 2.107422 2.107422 2.087891 2.052734 2.037109 2.044922 2.068359 2.091797 2.099609 2.091797 2.072266 2.044922 2.001953 1.966797 1.908203 1.873047 1.865234 1.849609 1.845703 1.865234 1.888672 1.947266 1.970703 1.970703
1.974609 1.974609 1.970703 1.958984 1.958984 1.966797 1.970703 1.966797 1.958984 1.962891 1.986328 1.994141 2.001953 1.994141 1.982422 1.978516 1.982422 1.986328 1.994141 1.998047 1.990234 1.986328 1.990234 2.001953 2.021484 2.009766 2.001953 2.001953 2.009766 2.013672 2.029297 2.021484 2.025391 2.060547 2.041016 2.056641 2.083984 2.107422 2.115234 2.115234 2.115234 2.119141 2.115234 2.115234 2.107422 2.095703 2.099609 2.080078 2.033203 2.005859 2.005859 1.994141 1.966797 1.919922 1.888672 1.908203 1.908203 1.873047 1.880859 1.865234 1.869141 1.900391 1.943359
1.970703 1.970703 1.966797 1.962891 1.955078 1.962891 1.962891 1.962891 1.955078 1.962891 1.986328 1.990234 1.998047 1.998047 1.978516 1.974609 1.978516 1.986328 1.994141 1.986328 1.978516 1.982422 1.986328 1.982422 1.994141 1.994141 1.982422 1.990234 1.998047 2.009766 2.017578 2.005859 2.009766 2.048828 2.041016 2.044922 2.072266 2.087891 2.103516 2.103516 2.107422 2.107422 2.107422 2.107422 2.095703 2.048828 1.986328 1.939453 1.923828 1.931641 1.939453 1.923828 1.900391 1.904297 1.892578 1.927734 1.931641 1.908203 1.869141 1.818359 1.853516 1.857422 1.830078
1.966797 1.958984 1.955078 1.958984 1.958984 1.958984 1.962891 1.955078 1.955078 1.955078 1.962891 1.982422 1.982422 1.978516 1.974609 1.970703 1.970703 1.974609 1.978516 1.986328 1.974609 1.974609 1.970703 1.966797 1.955078 1.970703 1.970703 1.974609 1.982422 1.994141 2.005859 2.017578 2.037109 2.048828 2.037109 2.041016 2.060547 2.068359 2.068359 2.060547 2.048828 2.044922 2.021484 2.009766 1.982422 1.927734 1.923828 1.943359 1.990234 1.998047 1.943359 1.869141 1.869141 1.876953 1.849609 1.869141 1.892578 1.892578 1.873047 1.818359 1.767578 1.814453 1.833984
1.962891 1.958984 1.951172 1.970703 1.966797 1.962891 1.958984 1.955078 1.958984 1.958984 1.962891 1.966797 1.974609 1.986328 1.982422 1.974609 1.974609 1.962891 1.970703 1.990234 1.974609 1.970703 1.966797 1.962891 1.970703 1.982422 1.966797 1.966797 1.970703 1.982422 1.986328 1.998047 2.013672 2.017578 2.005859 2.017578 2.044922 2.041016 2.033203 2.029297 2.013672 2.021484 2.005859 2.021484 2.013672 1.990234 2.017578 2.037109 2.033203 1.998047 1.943359 1.880859 1.841797 1.884766 1.845703 1.814453 1.822266 1.861328 1.916016 1.853516 1.767578 1.744141 1.798828
1.962891 1.962891 1.958984 1.966797 1.970703 1.966797 1.958984 1.958984 1.958984 1.962891 1.966797 1.978516 1.990234 1.994141 1.986328 1.982422 1.986328 1.982422 1.986328 1.990234 1.974609 1.966797 1.970703 1.970703 1.982422 1.982422 1.966797 1.962891 1.974609 1.970703 1.962891 1.958984 1.970703 1.966797 1.947266 1.947266 1.998047 1.994141 1.986328 1.990234 1.966797 2.005859 2.029297 2.056641 2.072266 2.056641 2.041016 2.021484 2.005859 1.966797 1.892578 1.822266 1.822266 1.892578 1.861328 1.791016 1.787109 1.794922 1.888672 1.919922 1.814453 1.767578 1.775391
1.958984 1.958984 1.955078 1.958984 1.962891 1.962891 1.958984 1.955078 1.962891 1.966797 1.974609 1.982422 1.986328 1.986328 1.982422 1.978516 1.982422 1.986328 1.978516 1.986328 1.982422 1.970703 1.982422 1.990234 1.990234 1.982422 1.982422 1.990234 1.982422 1.966797 1.947266 1.955078 1.966797 1.943359 1.900391 1.884766 1.896484 1.919922 1.955078 1.943359 1.892578 1.904297 1.931641 1.998047 2.021484 2.005859 2.005859 1.998047 1.974609 1.939453 1.849609 1.791016 1.810547 1.927734 1.908203 1.791016 1.771484 1.779297 1.849609 1.943359 1.888672 1.798828 1.771484
1.955078 1.955078 1.958984 1.962891 1.962891 1.958984 1.958984 1.962891 1.966797 1.966797 1.974609 1.982422 1.982422 1.982422 1.974609 1.970703 1.974609 1.982422 1.982422 1.986328 1.998047 1.990234 1.990234 1.994141 1.994141 1.990234 1.994141 1.994141 1.974609 1.951172 1.947266 1.962891 1.986328 1.962891 1.923828 1.927734 1.919922 1.888672 1.966797 1.935547 1.880859 1.841797 1.814453 1.837891 1.865234 1.884766 1.908203 1.943359 1.931641 1.904297 1.853516 1.822266 1.822266 1.943359 1.958984 1.794922 1.751953 1.783203 1.884766 2.005859 1.974609 1.830078 1.751953
1.955078 1.958984 1.966797 1.966797 1.962891 1.958984 1.966797 1.966797 1.966797 1.970703 1.974609 1.978516 1.974609 1.978516 1.978516 1.978516 1.986328 1.994141 1.986328 1.982422 1.990234 1.994141 1.974609 1.990234 1.998047 1.990234 1.994141 1.994141 1.962891 1.935547 1.923828 1.939453 1.990234 2.001953 1.986328 1.982422 1.982422 1.966797 1.986328 2.013672 2.013672 1.923828 1.853516 1.775391 1.771484 1.798828 1.830078 1.896484 1.912109 1.900391 1.853516 1.802734 1.810547 1.943359 2.005859 1.861328 1.771484 1.779297 1.873047 2.033203 2.052734 1.908203 1.787109
1.958984 1.966797 1.970703 1.962891 1.958984 1.958984 1.966797 1.966797 1.970703 1.970703 1.970703 1.974609 1.970703 1.974609 1.986328 1.978516 1.986328 1.990234 1.982422 1.974609 1.974609 1.990234 1.982422 1.990234 1.994141 1.986328 1.994141 1.998047 1.958984 1.927734 1.927734 1.986328 2.044922 2.048828 2.041016 2.017578 2.029297 2.041016 2.009766 2.048828 2.041016 2.048828 1.978516 1.884766 1.830078 1.802734 1.787109 1.810547 1.865234 1.873047 1.814453 1.763672 1.783203 1.916016 2.017578 1.876953 1.751953 1.759766 1.837891 1.974609 2.087891 1.982422 1.775391
