py_wake/examples/data/AJ_ParqueFicticio/Rough survey   Sector 2   Height 30m   Mean speed.grd
DSAA
73  159
 258469   265669
 6501692   6517492
 .0483088   7.25462
[rows 84 to 111 of 159, columns 0 to 62 of 73]
2.42876 2.403373 2.379908 2.372348 2.356567 2.343151 2.351322 2.340062 2.331099 2.356194 2.384957 2.40522 2.375 2.343948 2.319864 2.37193 2.381859 2.382713 2.412551 2.491758 2.528667 2.579652 2.612644 2.651936 2.799264 3.071718 3.270453 3.293722 3.330996 3.268312 3.264562 3.276023 3.259143 3.24867 3.09154 2.891471 2.627483 2.523833 2.828612 3.049029 3.109256 3.005886 2.977176 2.920765 2.821733 2.789943 2.871334 2.906949 2.99313 3.138403 3.126595 3.073305 3.055542 3.038899 2.972633 2.882642 2.841445 2.752602 2.743412 2.743643 2.649562 2.434798 2.080783
2.35754 2.367298 2.353224 2.321271 2.293155 2.319292 2.321901 2.302568 2.302788 2.329515 2.34889 2.33756 2.306097 2.260048 2.340691 2.40216 2.383147 2.333672 2.366488 2.411153 2.428971 2.519337 2.581129 2.706157 2.921553 3.182748 3.290311 3.266504 3.196099 3.094095 3.089876 3.146083 3.056257 3.031444 2.832086 2.73571 2.622329 2.587993 2.923762 3.150412 3.17745 3.10378 3.004263 2.962875 2.89677 2.875227 2.894356 2.885345 2.812454 2.87969 2.946921 2.947231 3.006716 3.038873 3.022539 3.014692 2.975624 2.967808 2.914936 2.820273 2.635759 2.234651 1.763065
2.266586 2.299596 2.297398 2.257693 2.277021 2.303549 2.289671 2.272137 2.300031 2.306445 2.30532 2.288988 2.309106 2.289915 2.333639 2.384871 2.38401 2.381418 2.358873 2.299869 2.315487 2.36581 2.427935 2.562079 2.743135 2.925254 2.996199 2.951928 2.822112 2.808794 2.829856 2.859181 2.896321 2.894795 2.779383 2.718219 2.605184 2.698636 3.075557 3.145869 3.124925 3.107033 3.109201 3.135756 3.158085 3.152005 3.09573 3.072967 3.028345 3.068163 2.984711 2.98651 3.04181 3.091764 3.106415 3.130303 3.190553 3.143778 2.984905 2.8006 2.477433 1.917728 1.378774
2.229407 2.234975 2.224122 2.214873 2.237576 2.253953 2.244165 2.277541 2.281956 2.278248 2.271068 2.262635 2.275051 2.286848 2.289685 2.33063 2.354297 2.343974 2.329702 2.296058 2.249215 2.205177 2.202271 2.239461 2.385894 2.557807 2.573496 2.625978 2.573102 2.611479 2.794701 2.906373 2.957102 2.988503 2.923019 2.697141 2.607007 2.964742 3.014615 3.078281 3.092156 3.130789 3.211479 3.323818 3.314617 3.288373 3.246764 3.237647 3.197605 3.133338 3.030152 3.060377 3.210653 3.204498 3.185893 3.278543 3.250195 3.125342 2.894249 2.711028 2.216053 1.471962 1.210364
2.199695 2.169793 2.13434 2.181509 2.188887 2.169167 2.185002 2.211776 2.198383 2.220309 2.229062 2.214608 2.217497 2.267883 2.284447 2.254255 2.260076 2.281039 2.286998 2.248397 2.209494 2.172947 2.112801 2.061211 2.089087 2.326429 2.497396 2.662769 2.811827 3.02328 3.042602 3.134127 3.069247 3.075349 3.00776 2.773376 2.776481 2.995587 3.050553 3.086869 3.134675 3.244194 3.301311 3.306563 3.233084 3.13658 3.143337 3.079769 3.045444 2.922511 2.842112 2.890219 3.136626 3.192162 3.277751 3.162352 3.116482 2.986985 2.78031 2.522935 1.855401 1.411997 1.494675
2.149649 2.092021 2.133808 2.158626 2.143952 2.137617 2.140525 2.104489 2.103852 2.157487 2.176092 2.184918 2.179665 2.225652 2.230238 2.153432 2.16763 2.193357 2.189617 2.216353 2.214592 2.216863 2.236854 2.308824 2.363836 2.475353 2.74655 3.111684 3.391942 3.465067 3.407567 3.264015 3.13901 3.039237 2.9256 2.751025 2.808178 3.109576 3.153746 3.203715 3.270812 3.282005 3.25598 3.081863 2.924491 2.822326 2.762886 2.663276 2.594914 2.524718 2.489139 2.499188 2.431151 2.643065 2.889898 3.013506 2.836781 2.677277 2.499087 2.357217 1.657835 1.567659 1.720337
2.131867 2.128506 2.140774 2.093414 2.100405 2.101522 2.069963 2.073978 2.078678 2.077467 2.121953 2.135484 2.136201 2.166487 2.199027 2.176059 2.112098 2.05889 2.127522 2.160085 2.266291 2.343654 2.489143 2.742075 2.961797 3.077808 3.294588 3.560937 3.761806 3.714385 3.534114 3.337612 3.205187 3.008475 2.810287 2.829989 3.050485 3.111796 3.242496 3.346849 3.358031 3.336399 3.161425 2.951984 2.905729 3.00686 3.030713 2.954529 2.753178 2.516618 2.629809 2.547121 2.486411 2.426937 2.420766 2.59493 2.380104 2.049607 2.015379 2.066179 1.873832 1.766762 1.96844
2.150115 2.117282 2.104613 2.078911 2.044518 2.016629 2.053516 2.066946 2.052651 2.082435 2.095405 2.087031 2.125444 2.137441 2.158527 2.11843 2.058824 2.007487 2.065999 2.169105 2.378612 2.569149 2.797332 3.142102 3.42064 3.564246 3.72756 3.834552 3.888671 3.806956 3.612741 3.484772 3.356147 3.235568 2.904742 3.148184 3.145315 3.177349 3.305022 3.464887 3.495819 3.319014 3.174921 3.095719 3.395343 3.556168 3.500035 3.281003 2.985677 2.886015 3.167236 3.233829 3.128045 2.866196 2.495363 2.08764 1.993956 1.933808 2.132664 2.259497 2.188705 1.94904 2.117444
2.11921 2.079267 2.062595 2.023102 1.960806 2.024295 2.051336 2.053193 2.083653 2.078305 2.103918 2.107965 2.105854 2.130396 2.14345 2.056422 1.997143 2.049524 2.190796 2.2691 2.520405 2.866623 3.210433 3.463457 3.720742 3.821124 3.991648 4.059761 3.970314 3.932827 3.773356 3.667218 3.507263 3.165591 2.840973 3.20407 3.321942 3.372132 3.384599 3.499189 3.45745 3.396564 3.364382 3.589224 3.806611 3.769927 3.492197 3.273041 3.14939 3.332189 3.6176 3.619755 3.562052 3.349359 2.994721 2.544277 2.476101 2.542588 2.743772 2.712726 2.470657 2.071309 2.146481
2.078412 2.039478 1.998021 1.97498 1.993285 2.005818 2.042072 2.047467 2.065582 2.096505 2.106548 2.081551 2.103659 2.128786 2.121413 2.110543 2.06219 2.216122 2.480402 2.614822 2.757947 3.124564 3.440373 3.716264 3.920772 3.977954 4.188973 4.335198 4.231089 4.033974 3.787845 3.574166 3.320632 2.91462 3.164069 3.325105 3.323022 3.320204 3.423283 3.572794 3.67777 3.771832 3.924301 4.034738 3.923654 3.672764 3.407699 3.264743 3.478597 3.664894 3.722021 3.695513 3.652813 3.433923 3.358413 3.275984 3.348815 3.375538 3.214372 2.96704 2.545547 2.234905 2.125879
2.024297 1.996618 1.962225 1.942413 1.937674 1.996523 2.021937 2.024374 2.043105 2.090518 2.085191 2.037021 2.084976 2.129639 2.178828 2.19448 2.256455 2.525573 2.902777 3.075893 3.168026 3.281048 3.615932 3.89387 4.125568 4.23512 4.370664 4.552045 4.273481 3.976194 3.629579 3.350518 3.147428 2.953426 3.123754 3.454249 3.479455 3.573313 3.638847 3.925978 3.983739 4.061786 4.133991 4.039302 3.707788 3.436349 3.284569 3.359735 3.586015 3.683083 3.658695 3.613574 3.538773 3.484609 3.396682 3.346505 3.455334 3.312325 3.136897 2.976775 2.643996 2.092722 2.208841
1.933942 1.936051 1.888613 1.918343 1.92855 1.959617 1.999528 2.060405 2.099033 2.088296 2.071974 2.05007 2.088288 2.127566 2.2134 2.302677 2.538144 2.923074 3.223755 3.397471 3.520455 3.617263 3.81033 4.072554 4.385038 4.575617 4.667652 4.507281 4.221816 3.762732 3.345284 3.106934 2.974648 3.010385 3.358425 3.538038 3.500744 3.655763 3.99135 4.066443 4.116367 4.049329 4.024825 3.781113 3.516784 3.347424 3.395401 3.567602 3.588693 3.614203 3.534432 3.531715 3.45518 3.379282 3.301672 3.349001 3.420361 3.271743 3.155751 3.065373 2.813883 1.972508 .736249
1.880378 1.862788 1.916011 1.938041 1.965405 1.967369 2.020597 2.078822 2.108588 2.086785 2.06429 2.073871 2.114653 2.181921 2.286422 2.472987 2.795708 3.082788 3.372208 3.692154 3.890708 3.975375 4.117741 4.314538 4.547658 4.557731 4.363246 3.817629 3.31935 2.999782 2.815024 2.859461 3.159499 3.392222 3.694131 3.775491 3.868688 4.191902 4.326661 4.298286 4.124515 3.889196 3.681697 3.470622 3.411132 3.45265 3.564683 3.583557 3.497642 3.443763 3.3821 3.297075 3.042923 2.832443 3.096025 3.328794 3.315675 3.273586 3.298786 3.118951 2.872594 2.497668 .8438185
1.803051 1.863449 1.905898 1.968442 2.006316 2.04341 2.062403 2.076118 2.114614 2.107499 2.113348 2.150923 2.169945 2.301299 2.512394 2.696218 2.856047 3.087814 3.482634 3.854366 4.059238 4.135951 4.289076 4.505286 4.48593 4.092208 3.416926 2.791474 2.426451 2.432326 2.751767 3.080914 3.420073 3.666991 3.978477 4.075236 4.307462 4.464733 4.302489 4.109879 3.836092 3.593973 3.417903 3.293949 3.265383 3.330747 3.207013 3.242888 3.148182 3.08723 3.095713 2.631494 2.245337 2.130347 2.335742 2.454494 2.774737 2.799419 2.910579 3.06156 2.820526 2.459565 1.461849
1.825439 1.866557 1.908403 1.970438 1.96418 2.060618 2.115314 2.073097 2.118302 2.159254 2.205884 2.265016 2.35525 2.5709 2.91694 3.07852 3.095534 3.313309 3.680015 3.985992 4.156021 4.181185 4.416369 4.506866 4.138761 3.595638 2.889332 2.550354 2.674111 3.110713 3.54312 3.726674 3.886545 3.880233 4.055835 4.061026 4.247362 4.25731 4.072959 3.866602 3.643698 3.340821 3.185612 3.134172 3.069167 2.920766 2.690153 2.564561 2.340619 2.45367 2.21395 1.98832 1.943256 2.258423 2.379412 2.348995 2.334974 2.529208 2.638597 2.601137 2.475311 2.191491 2.010539
1.798418 1.829612 1.951472 2.00578 2.004373 2.103354 2.168161 2.129714 2.177161 2.266914 2.353148 2.471125 2.677233 3.041286 3.400928 3.506386 3.560289 3.779862 4.046381 4.274004 4.327075 4.446147 4.525798 4.403744 3.737972 3.082891 2.719459 3.188058 3.767903 4.099992 4.170267 4.118262 3.995152 3.870055 3.949058 3.928887 3.714313 3.635434 3.65916 3.570784 3.298308 3.061415 2.91955 2.707032 2.760884 2.636131 2.376382 2.072074 1.923515 1.794614 1.926496 2.031457 2.346982 2.879609 3.027948 3.16079 3.129441 3.063221 2.814903 2.838886 2.897111 2.743923 2.140445
1.886676 1.969204 2.049832 2.106689 2.134784 2.197365 2.247916 2.317613 2.321365 2.458597 2.630212 2.808045 3.062414 3.401734 3.72299 3.913985 4.131015 4.328073 4.404401 4.547513 4.58532 4.652349 4.458672 3.85033 3.155401 2.862871 3.245674 3.913658 4.371074 4.465341 4.299297 4.09915 3.921516 3.810063 3.792767 3.632576 3.362574 3.099337 3.051092 3.125644 2.954113 2.592777 2.510033 2.449328 2.445243 2.305108 2.072353 1.785766 1.815974 1.987955 2.304182 2.648149 3.023837 3.28922 3.487707 3.677141 3.725124 3.701047 3.641232 3.663714 3.70321 3.070272 2.180045
2.054784 2.169272 2.172606 2.216852 2.310936 2.370095 2.458909 2.574887 2.584388 2.728918 2.963279 3.174426 3.487683 3.775908 4.061144 4.350096 4.606442 4.746495 4.783852 4.839463 4.746418 4.479451 3.953725 3.292618 3.082675 3.467963 4.140029 4.606914 4.673587 4.458965 4.131356 3.89551 3.786511 3.863757 3.812429 3.559643 3.330606 3.077806 2.880297 2.597346 2.358347 2.25121 2.197147 2.41886 2.490377 2.496986 2.184298 1.988182 2.435851 2.74038 3.025027 3.252467 3.468609 3.69079 3.952729 4.071466 4.071817 4.074726 4.060518 4.037168 3.529595 2.260649 1.827886
2.257511 2.275384 2.286583 2.351499 2.570977 2.695669 2.737467 2.877787 2.951005 3.112781 3.380826 3.63564 3.935776 4.243668 4.485925 4.730404 4.907615 5.025725 5.070369 4.968418 4.600666 4.1102 3.619568 3.402076 3.835057 4.359559 4.744086 4.769443 4.516227 4.159481 3.850418 3.736341 3.746878 3.790362 3.649444 3.425211 3.215533 2.95844 2.596643 2.343396 2.229932 2.286016 2.509878 2.990497 3.013911 2.738562 2.46783 2.785009 2.99394 3.154198 3.380787 3.606684 3.827451 4.065475 4.21932 4.159856 4.0727 3.973296 3.851794 3.512098 2.637976 .1308569 2.751514
2.427866 2.42543 2.448143 2.600986 2.889152 2.94103 2.962931 3.120881 3.340887 3.552582 3.824522 4.072895 4.332829 4.732992 4.951394 5.132878 5.159862 5.180912 5.153843 4.935019 4.546271 4.161777 3.99457 4.182747 4.593682 4.835156 4.729315 4.349738 3.896857 3.623572 3.543399 3.563335 3.645933 3.585994 3.385147 3.124707 2.924143 2.70505 2.359668 2.257178 2.598743 2.933412 3.342865 3.399439 3.139271 2.837145 2.795174 3.142165 3.267016 3.411559 3.573002 3.869322 4.008298 4.01744 3.973247 3.760827 3.683002 3.583892 3.413619 3.050439 2.335507 .6959264 .5947131
2.449421 2.550714 2.717875 2.953572 3.133146 3.055351 3.126413 3.343577 3.504072 3.706174 4.043051 4.354375 4.740113 5.101682 5.348661 5.582631 5.532827 5.386235 5.34848 5.196809 4.94171 4.855557 4.795335 4.996549 5.056987 4.851532 4.429504 3.957913 3.61103 3.513074 3.57192 3.599784 3.60046 3.475603 3.326404 3.129214 2.879828 2.528416 2.312857 2.527571 3.062691 3.343404 3.338902 3.095374 2.699509 2.701943 2.993608 3.425487 3.563803 3.655845 3.856218 4.127484 4.124701 3.946494 3.718275 3.669495 3.742418 3.717194 3.495698 3.208979 2.715819 2.813679 1.213174
2.424503 2.618764 2.836292 3.032046 3.106832 3.034328 3.211548 3.54518 3.696249 3.880019 4.169755 4.562651 5.046667 5.359146 5.702787 5.937187 5.91699 5.74934 5.696575 5.573787 5.555319 5.504002 5.384528 5.300685 5.038082 4.582331 4.220198 3.951802 3.878113 3.923278 3.945478 3.85607 3.670516 3.537925 3.446815 3.173213 2.792517 2.429782 2.501368 2.757352 3.063746 3.185801 3.00069 2.799783 2.631581 2.992212 3.420106 3.792011 3.888495 4.04829 4.260077 4.449104 4.449748 4.36579 4.268579 4.378654 4.352362 4.060545 3.681715 3.398826 2.963782 2.899793 1.12555
2.565846 2.67094 2.838272 2.959372 2.994541 3.094143 3.301333 3.632592 3.829242 4.097007 4.409511 4.8178 5.225315 5.589717 5.862972 6.059383 5.998022 5.976228 5.721823 5.575603 5.664249 5.517079 5.340648 5.0072 4.749752 4.372241 4.287059 4.234698 4.297572 4.359388 4.269479 3.991441 3.656018 3.472044 3.216838 2.877522 2.490562 2.378876 2.571227 2.836801 3.025451 2.950001 2.904983 2.924466 3.195966 3.678317 3.9711 4.007212 4.27086 4.425731 4.708451 5.008339 5.09017 5.178155 5.085581 4.972662 4.584929 4.05292 3.609279 3.35948 2.939646 .7784455 .835658
2.787113 2.854626 2.922927 3.043324 3.113791 3.35216 3.662452 3.925169 4.149977 4.456609 4.80012 5.13019 5.412973 5.664539 5.72709 5.929094 5.865634 5.788669 5.605293 5.499024 5.371047 5.221314 4.880828 4.737699 4.71715 4.743054 4.614775 4.585108 4.719867 4.663808 4.332327 3.903154 3.573622 3.278551 3.00225 2.683099 2.390683 2.413095 2.698407 2.923262 3.030146 3.122439 3.291608 3.613384 4.005299 4.431792 4.593189 4.531235 4.535582 4.716238 4.90278 5.270239 5.572262 5.560163 5.335766 4.883815 4.284204 3.707169 3.36723 3.21798 2.843333 .5626771 .3552378
3.096198 3.174905 3.300847 3.400038 3.519035 3.746865 4.016794 4.326171 4.52869 4.726514 4.993587 5.320112 5.535116 5.555986 5.493328 5.318285 5.196666 5.254691 5.16529 5.062982 5.148647 5.063104 4.765471 4.662001 4.802844 4.777487 4.794106 4.839592 5.002656 4.829617 4.428973 4.034853 3.638575 3.311209 2.982285 2.648082 2.414304 2.666941 2.862827 3.125826 3.346144 3.627571 3.958086 4.429379 4.789475 5.044607 5.134295 4.924122 4.873937 5.007322 5.194119 5.320139 5.474334 5.174894 4.641991 4.170848 3.660372 3.337917 3.184559 3.114128 2.776451 .4515436 .1650843
3.509534 3.666252 3.765056 3.952132 4.022284 4.096097 4.309092 4.534261 4.621642 4.782453 5.022769 5.27962 5.367771 5.156417 4.897058 4.638288 4.575647 4.642887 4.680432 4.757551 4.871073 4.861216 4.488104 4.556854 4.724637 4.729 4.901216 5.207395 5.199358 4.970319 4.446763 3.919706 3.413312 2.964785 2.69135 2.49263 2.504209 2.934035 3.172095 3.537986 3.875731 4.228076 4.632347 5.097216 5.383049 5.442064 5.347087 5.126324 5.07907 5.335124 5.467166 5.376719 5.169474 4.524726 3.865775 3.4458 3.201859 3.085076 3.08665 3.124444 2.732754 2.288578 .2026091
3.971927 4.110804 4.125656 4.215968 4.230388 4.24064 4.376565 4.44404 4.603105 4.749887 4.968012 5.076243 4.95665 4.753123 4.429023 4.268472 4.200068 4.041958 4.142455 4.423088 4.570009 4.581517 4.300869 4.235229 4.361595 4.615438 5.087047 5.278039 5.224949 4.629041 3.823088 3.13053 2.698187 2.468622 2.511812 2.545557 2.751793 3.248545 3.582375 3.994233 4.376148 4.789014 5.121033 5.408089 5.416084 5.343338 5.124612 4.974223 5.020331 5.310886 5.509049 5.494692 4.808925 4.053782 3.439044 3.052748 2.867938 2.852521 2.895861 2.889384 2.351818 2.131213 .2734828
4.200833 4.174512 4.118382 4.14561 4.1498 4.191772 4.261603 4.327677 4.569923 4.82474 4.982579 5.09444 4.919107 4.734142 4.662123 4.389475 4.062521 3.904196 3.968149 4.096444 4.264397 4.3791 4.233246 4.213666 4.45973 4.916491 5.252893 5.382716 4.712171 3.982113 3.283334 2.83409 2.596296 2.614394 2.711395 2.820899 3.005263 3.527235 3.958769 4.439564 4.797413 5.168509 5.30363 5.367946 5.230812 5.027783 4.82388 4.670441 4.911155 5.25307 5.29111 4.882859 4.131786 3.490328 3.059512 2.830753 2.729689 2.742048 2.794606 2.657928 1.999243 2.178015 1.839473
