py_wake/examples/data/AJ_ParqueFicticio/Rough survey   Sector 3   Height 30m   Weibull-k.grd
DSAA
73  159
 258469   265669
 6501692   6517492
 .8183594   2.744141
[rows 112 to 139 of 159, columns 0 to 62 of 73]
2.580078 2.638672 2.638672 2.560547 2.552734 2.541016 2.486328 2.447266 2.423828 2.416016 2.373047 2.330078 2.345703 2.431641 2.498047 2.568359 2.533203 2.474609 2.501953 2.599609 2.638672 2.642578 2.662109 2.666016 2.568359 2.521484 2.517578 2.537109 2.638672 2.638672 2.638672 2.638672 2.638672 2.638672 2.638672 2.615234 2.619141 2.599609 2.537109 2.501953 2.474609 2.478516 2.580078 2.669922 2.693359 2.685547 2.677734 2.693359 2.736328 2.697266 2.630859 2.529297 2.638672 2.638672 2.638672 2.638672 2.623047 2.572266 2.556641 2.626953 1.716797 2.744141 2.744141
2.634766 2.638672 2.638672 2.556641 2.544922 2.541016 2.529297 2.501953 2.474609 2.455078 2.408203 2.376953 2.396484 2.470703 2.525391 2.548828 2.521484 2.458984 2.466797 2.599609 2.685547 2.689453 2.693359 2.689453 2.611328 2.525391 2.513672 2.560547 2.638672 2.638672 2.638672 2.638672 2.638672 2.638672 2.638672 2.638672 2.576172 2.623047 2.572266 2.544922 2.494141 2.486328 2.583984 2.658203 2.685547 2.689453 2.681641 2.677734 2.689453 2.701172 2.646484 2.529297 2.638672 2.638672 2.638672 2.619141 2.580078 2.560547 2.572266 2.564453 2.583984 2.744141 2.744141
2.638672 2.638672 2.603516 2.552734 2.541016 2.537109 2.529297 2.533203 2.509766 2.478516 2.435547 2.412109 2.419922 2.490234 2.529297 2.533203 2.513672 2.439453 2.458984 2.552734 2.634766 2.705078 2.705078 2.689453 2.650391 2.529297 2.541016 2.587891 2.638672 2.638672 2.638672 2.638672 2.638672 2.638672 2.638672 2.638672 2.564453 2.615234 2.619141 2.607422 2.576172 2.548828 2.572266 2.630859 2.677734 2.689453 2.685547 2.669922 2.677734 2.693359 2.658203 2.556641 2.603516 2.638672 2.638672 2.583984 2.552734 2.552734 2.560547 2.568359 2.642578 2.353516 2.525391
2.638672 2.638672 2.591797 2.556641 2.541016 2.533203 2.533203 2.533203 2.521484 2.501953 2.478516 2.447266 2.458984 2.529297 2.533203 2.544922 2.548828 2.498047 2.529297 2.595703 2.646484 2.689453 2.708984 2.712891 2.685547 2.521484 2.572266 2.638672 2.638672 2.638672 2.638672 2.638672 2.638672 2.638672 2.638672 2.638672 2.587891 2.595703 2.650391 2.662109 2.619141 2.572266 2.572266 2.611328 2.669922 2.685547 2.681641 2.666016 2.666016 2.685547 2.677734 2.603516 2.541016 2.552734 2.556641 2.552734 2.552734 2.560547 2.568359 2.587891 2.630859 2.646484 2.537109
2.638672 2.638672 2.638672 2.634766 2.552734 2.537109 2.529297 2.529297 2.525391 2.509766 2.494141 2.505859 2.529297 2.537109 2.556641 2.599609 2.595703 2.568359 2.583984 2.630859 2.662109 2.677734 2.697266 2.708984 2.705078 2.591797 2.537109 2.638672 2.638672 2.638672 2.564453 2.556641 2.638672 2.638672 2.638672 2.591797 2.541016 2.583984 2.654297 2.669922 2.662109 2.607422 2.576172 2.591797 2.623047 2.654297 2.681641 2.673828 2.662109 2.673828 2.673828 2.615234 2.583984 2.564453 2.544922 2.548828 2.548828 2.572266 2.603516 2.615234 2.619141 2.673828 2.666016
2.638672 2.638672 2.638672 2.638672 2.638672 2.560547 2.513672 2.498047 2.513672 2.513672 2.548828 2.544922 2.548828 2.564453 2.580078 2.599609 2.615234 2.599609 2.623047 2.642578 2.654297 2.658203 2.658203 2.689453 2.701172 2.677734 2.548828 2.638672 2.638672 2.544922 2.572266 2.580078 2.556641 2.552734 2.583984 2.552734 2.533203 2.564453 2.611328 2.669922 2.654297 2.595703 2.544922 2.552734 2.568359 2.576172 2.615234 2.654297 2.673828 2.677734 2.658203 2.595703 2.576172 2.556641 2.552734 2.548828 2.548828 2.572266 2.615234 2.654297 2.662109 2.650391 2.669922
2.556641 2.568359 2.572266 2.564453 2.552734 2.498047 2.455078 2.443359 2.455078 2.470703 2.513672 2.568359 2.580078 2.591797 2.576172 2.564453 2.580078 2.595703 2.603516 2.615234 2.630859 2.646484 2.583984 2.556641 2.654297 2.693359 2.650391 2.611328 2.552734 2.572266 2.607422 2.662109 2.607422 2.603516 2.607422 2.537109 2.490234 2.419922 2.478516 2.630859 2.630859 2.560547 2.638672 2.638672 2.595703 2.638672 2.626953 2.564453 2.564453 2.615234 2.615234 2.572266 2.564453 2.552734 2.552734 2.548828 2.552734 2.552734 2.611328 2.666016 2.603516 2.580078 2.560547
2.326172 2.361328 2.400391 2.443359 2.447266 2.388672 2.400391 2.408203 2.423828 2.435547 2.470703 2.541016 2.564453 2.572266 2.541016 2.537109 2.529297 2.517578 2.533203 2.533203 2.548828 2.580078 2.548828 2.638672 2.548828 2.623047 2.685547 2.685547 2.669922 2.611328 2.638672 2.654297 2.607422 2.580078 2.548828 2.517578 2.431641 2.380859 2.326172 2.509766 2.619141 2.556641 2.638672 2.638672 2.638672 2.638672 2.638672 2.638672 2.638672 2.576172 2.576172 2.576172 2.556641 2.552734 2.552734 2.548828 2.560547 2.556641 2.587891 2.603516 2.583984 2.638672 2.638672
2.310547 2.373047 2.412109 2.337891 2.330078 2.349609 2.384766 2.435547 2.455078 2.431641 2.408203 2.458984 2.509766 2.556641 2.537109 2.533203 2.580078 2.576172 2.591797 2.525391 2.513672 2.572266 2.603516 2.544922 2.564453 2.544922 2.658203 2.681641 2.689453 2.638672 2.607422 2.658203 2.572266 2.541016 2.548828 2.447266 2.369141 2.388672 2.412109 2.443359 2.603516 2.615234 2.537109 2.634766 2.638672 2.638672 2.638672 2.638672 2.638672 2.638672 2.552734 2.560547 2.556641 2.552734 2.552734 2.556641 2.556641 2.568359 2.583984 2.638672 2.638672 2.638672 2.638672
2.478516 2.373047 2.337891 2.314453 2.330078 2.369141 2.380859 2.455078 2.490234 2.470703 2.529297 2.474609 2.455078 2.458984 2.435547 2.423828 2.537109 2.556641 2.599609 2.603516 2.630859 2.548828 2.611328 2.576172 2.537109 2.564453 2.544922 2.634766 2.689453 2.673828 2.650391 2.607422 2.541016 2.568359 2.544922 2.376953 2.291016 2.318359 2.462891 2.583984 2.537109 2.615234 2.564453 2.638672 2.638672 2.638672 2.638672 2.638672 2.638672 2.638672 2.548828 2.564453 2.560547 2.552734 2.556641 2.560547 2.560547 2.638672 2.638672 2.638672 2.638672 2.638672 2.638672
2.525391 2.396484 2.341797 2.322266 2.345703 2.396484 2.408203 2.498047 2.591797 2.533203 2.587891 2.576172 2.607422 2.466797 2.388672 2.314453 2.384766 2.431641 2.501953 2.556641 2.568359 2.638672 2.548828 2.544922 2.505859 2.576172 2.541016 2.541016 2.638672 2.685547 2.681641 2.595703 2.548828 2.607422 2.478516 2.384766 2.310547 2.333984 2.482422 2.634766 2.638672 2.541016 2.541016 2.638672 2.638672 2.638672 2.638672 2.638672 2.638672 2.638672 2.626953 2.556641 2.556641 2.548828 2.564453 2.638672 2.638672 2.638672 2.638672 2.638672 2.638672 2.638672 2.560547
2.541016 2.435547 2.361328 2.357422 2.361328 2.404297 2.439453 2.462891 2.630859 2.583984 2.634766 2.638672 2.638672 2.638672 2.583984 2.478516 2.427734 2.349609 2.306641 2.322266 2.388672 2.505859 2.494141 2.541016 2.541016 2.529297 2.537109 2.529297 2.583984 2.685547 2.677734 2.658203 2.568359 2.560547 2.513672 2.376953 2.314453 2.357422 2.505859 2.619141 2.638672 2.638672 2.638672 2.638672 2.638672 2.638672 2.638672 2.638672 2.638672 2.638672 2.638672 2.587891 2.548828 2.556641 2.638672 2.638672 2.638672 2.638672 2.638672 2.638672 2.638672 2.583984 2.583984
2.572266 2.451172 2.404297 2.384766 2.380859 2.388672 2.400391 2.455078 2.634766 2.634766 2.509766 2.638672 2.638672 2.638672 2.638672 2.638672 2.638672 2.583984 2.529297 2.498047 2.513672 2.564453 2.529297 2.572266 2.576172 2.537109 2.533203 2.466797 2.587891 2.689453 2.634766 2.681641 2.646484 2.603516 2.490234 2.361328 2.349609 2.423828 2.478516 2.583984 2.638672 2.638672 2.638672 2.638672 2.638672 2.638672 2.638672 2.638672 2.638672 2.638672 2.638672 2.638672 2.638672 2.638672 2.638672 2.638672 2.638672 2.638672 2.638672 2.587891 2.556641 2.552734 2.583984
2.486328 2.423828 2.392578 2.384766 2.365234 2.357422 2.318359 2.345703 2.556641 2.650391 2.544922 2.525391 2.626953 2.638672 2.638672 2.638672 2.638672 2.638672 2.638672 2.638672 2.576172 2.548828 2.537109 2.556641 2.552734 2.564453 2.634766 2.509766 2.580078 2.693359 2.634766 2.650391 2.669922 2.580078 2.427734 2.353516 2.400391 2.404297 2.478516 2.607422 2.638672 2.638672 2.638672 2.638672 2.638672 2.638672 2.638672 2.638672 2.541016 2.599609 2.638672 2.638672 2.638672 2.638672 2.638672 2.638672 2.638672 2.638672 2.560547 2.677734 2.626953 2.556641 2.607422
2.400391 2.384766 2.361328 2.341797 2.341797 2.349609 2.326172 2.341797 2.517578 2.650391 2.587891 2.525391 2.498047 2.576172 2.591797 2.638672 2.638672 2.638672 2.638672 2.638672 2.576172 2.564453 2.583984 2.634766 2.560547 2.548828 2.560547 2.560547 2.599609 2.689453 2.744141 2.626953 2.669922 2.529297 2.380859 2.380859 2.423828 2.416016 2.494141 2.630859 2.638672 2.638672 2.638672 2.638672 2.638672 2.638672 2.638672 2.638672 2.638672 2.552734 2.638672 2.638672 2.638672 2.638672 2.638672 2.638672 2.638672 2.638672 2.595703 2.685547 2.681641 2.615234 2.595703
2.384766 2.376953 2.349609 2.330078 2.345703 2.384766 2.423828 2.416016 2.474609 2.623047 2.595703 2.591797 2.455078 2.521484 2.494141 2.517578 2.552734 2.541016 2.638672 2.638672 2.638672 2.638672 2.638672 2.638672 2.638672 2.552734 2.552734 2.568359 2.568359 2.669922 2.595703 2.595703 2.669922 2.537109 2.396484 2.404297 2.466797 2.455078 2.486328 2.599609 2.638672 2.638672 2.638672 2.623047 2.630859 2.638672 2.638672 2.638672 2.638672 2.638672 2.638672 2.638672 2.638672 2.638672 2.638672 2.634766 2.638672 2.529297 2.560547 2.681641 2.662109 2.630859 2.576172
2.302734 2.337891 2.322266 2.337891 2.345703 2.431641 2.501953 2.498047 2.470703 2.494141 2.580078 2.619141 2.525391 2.494141 2.478516 2.451172 2.486328 2.513672 2.521484 2.630859 2.638672 2.638672 2.638672 2.638672 2.638672 2.638672 2.548828 2.490234 2.521484 2.564453 2.642578 2.646484 2.669922 2.552734 2.400391 2.470703 2.447266 2.388672 2.357422 2.466797 2.544922 2.544922 2.560547 2.595703 2.599609 2.634766 2.638672 2.638672 2.638672 2.638672 2.638672 2.638672 2.638672 2.638672 2.638672 2.638672 2.615234 2.544922 2.533203 2.685547 2.685547 2.630859 2.564453
2.255859 2.310547 2.333984 2.349609 2.388672 2.501953 2.404297 2.392578 2.470703 2.439453 2.416016 2.576172 2.591797 2.509766 2.517578 2.431641 2.466797 2.423828 2.404297 2.564453 2.619141 2.638672 2.638672 2.638672 2.638672 2.619141 2.490234 2.455078 2.447266 2.435547 2.685547 2.697266 2.654297 2.462891 2.341797 2.412109 2.369141 2.255859 2.169922 2.306641 2.451172 2.494141 2.478516 2.509766 2.525391 2.611328 2.638672 2.638672 2.638672 2.638672 2.638672 2.638672 2.638672 2.638672 2.638672 2.638672 2.638672 2.638672 2.638672 2.572266 2.685547 2.681641 2.658203
2.322266 2.365234 2.369141 2.330078 2.416016 2.498047 2.376953 2.369141 2.376953 2.404297 2.341797 2.447266 2.615234 2.607422 2.458984 2.466797 2.408203 2.490234 2.404297 2.482422 2.583984 2.603516 2.638672 2.638672 2.638672 2.587891 2.466797 2.427734 2.451172 2.408203 2.583984 2.662109 2.447266 2.333984 2.275391 2.357422 2.341797 2.310547 2.322266 2.341797 2.494141 2.544922 2.474609 2.466797 2.462891 2.544922 2.615234 2.638672 2.626953 2.638672 2.638672 2.638672 2.638672 2.638672 2.638672 2.638672 2.638672 2.638672 2.638672 2.638672 2.673828 2.689453 2.685547
2.408203 2.458984 2.419922 2.369141 2.443359 2.541016 2.447266 2.443359 2.466797 2.513672 2.443359 2.494141 2.638672 2.673828 2.576172 2.533203 2.458984 2.470703 2.548828 2.494141 2.552734 2.611328 2.638672 2.638672 2.638672 2.568359 2.513672 2.521484 2.607422 2.541016 2.552734 2.607422 2.435547 2.302734 2.228516 2.419922 2.466797 2.494141 2.498047 2.486328 2.595703 2.611328 2.630859 2.576172 2.548828 2.583984 2.572266 2.564453 2.552734 2.638672 2.638672 2.623047 2.638672 2.556641 2.638672 2.638672 2.638672 2.638672 2.638672 2.638672 2.552734 2.662109 2.669922
2.416016 2.486328 2.482422 2.447266 2.505859 2.537109 2.462891 2.462891 2.462891 2.501953 2.513672 2.509766 2.572266 2.673828 2.662109 2.498047 2.505859 2.509766 2.556641 2.634766 2.564453 2.634766 2.638672 2.638672 2.638672 2.556641 2.529297 2.556641 2.634766 2.580078 2.544922 2.541016 2.548828 2.447266 2.455078 2.416016 2.462891 2.587891 2.583984 2.568359 2.615234 2.638672 2.638672 2.638672 2.638672 2.638672 2.638672 2.564453 2.544922 2.638672 2.583984 2.560547 2.673828 2.576172 2.576172 2.638672 2.638672 2.638672 2.638672 2.638672 2.638672 2.564453 2.603516
2.416016 2.509766 2.517578 2.462891 2.501953 2.556641 2.451172 2.408203 2.427734 2.427734 2.498047 2.466797 2.494141 2.583984 2.654297 2.587891 2.525391 2.505859 2.548828 2.583984 2.638672 2.638672 2.638672 2.638672 2.630859 2.513672 2.474609 2.498047 2.591797 2.626953 2.544922 2.541016 2.572266 2.587891 2.537109 2.607422 2.552734 2.548828 2.556641 2.552734 2.580078 2.615234 2.638672 2.638672 2.638672 2.638672 2.638672 2.638672 2.638672 2.580078 2.603516 2.658203 2.607422 2.611328 2.572266 2.603516 2.638672 2.638672 2.638672 2.638672 2.638672 2.626953 2.541016
2.373047 2.521484 2.583984 2.505859 2.509766 2.458984 2.521484 2.509766 2.501953 2.474609 2.509766 2.537109 2.474609 2.490234 2.587891 2.541016 2.416016 2.462891 2.505859 2.548828 2.634766 2.638672 2.638672 2.638672 2.576172 2.423828 2.353516 2.396484 2.505859 2.638672 2.548828 2.541016 2.638672 2.638672 2.638672 2.533203 2.541016 2.541016 2.587891 2.509766 2.466797 2.509766 2.544922 2.576172 2.607422 2.638672 2.638672 2.638672 2.638672 2.583984 2.595703 2.662109 2.666016 2.685547 2.548828 2.544922 2.556641 2.638672 2.638672 2.638672 2.638672 2.638672 2.587891
2.376953 2.533203 2.662109 2.615234 2.541016 2.451172 2.443359 2.482422 2.521484 2.537109 2.572266 2.591797 2.599609 2.599609 2.525391 2.490234 2.353516 2.470703 2.482422 2.537109 2.607422 2.638672 2.638672 2.638672 2.533203 2.361328 2.337891 2.373047 2.505859 2.611328 2.638672 2.599609 2.599609 2.619141 2.638672 2.638672 2.638672 2.638672 2.583984 2.486328 2.447266 2.451172 2.451172 2.494141 2.529297 2.560547 2.576172 2.619141 2.638672 2.638672 2.580078 2.638672 2.681641 2.669922 2.623047 2.568359 2.552734 2.544922 2.638672 2.638672 2.638672 2.638672 2.638672
2.416016 2.541016 2.654297 2.673828 2.564453 2.455078 2.404297 2.439453 2.427734 2.466797 2.544922 2.599609 2.611328 2.638672 2.638672 2.529297 2.439453 2.458984 2.462891 2.521484 2.587891 2.638672 2.638672 2.638672 2.560547 2.384766 2.326172 2.388672 2.517578 2.607422 2.634766 2.603516 2.568359 2.533203 2.556641 2.595703 2.630859 2.638672 2.638672 2.580078 2.490234 2.455078 2.408203 2.486328 2.455078 2.435547 2.505859 2.541016 2.638672 2.638672 2.583984 2.646484 2.669922 2.689453 2.681641 2.630859 2.595703 2.572266 2.544922 2.638672 2.638672 2.638672 2.638672
2.439453 2.509766 2.615234 2.669922 2.556641 2.458984 2.427734 2.376953 2.345703 2.353516 2.419922 2.498047 2.568359 2.638672 2.638672 2.630859 2.615234 2.533203 2.474609 2.451172 2.556641 2.638672 2.638672 2.638672 2.576172 2.408203 2.314453 2.380859 2.501953 2.560547 2.583984 2.572266 2.548828 2.533203 2.513672 2.525391 2.591797 2.638672 2.638672 2.638672 2.572266 2.501953 2.474609 2.552734 2.568359 2.580078 2.638672 2.638672 2.638672 2.638672 2.544922 2.580078 2.642578 2.658203 2.673828 2.666016 2.642578 2.611328 2.564453 2.599609 2.638672 2.638672 2.638672
2.435547 2.537109 2.541016 2.634766 2.533203 2.494141 2.365234 2.369141 2.326172 2.298828 2.306641 2.376953 2.435547 2.568359 2.638672 2.638672 2.623047 2.591797 2.509766 2.474609 2.544922 2.599609 2.591797 2.537109 2.552734 2.396484 2.314453 2.341797 2.466797 2.552734 2.541016 2.537109 2.529297 2.552734 2.541016 2.548828 2.583984 2.603516 2.615234 2.599609 2.583984 2.541016 2.533203 2.587891 2.638672 2.638672 2.638672 2.638672 2.638672 2.638672 2.638672 2.638672 2.568359 2.630859 2.646484 2.642578 2.638672 2.630859 2.615234 2.548828 2.638672 2.638672 2.638672
2.466797 2.529297 2.541016 2.552734 2.591797 2.482422 2.392578 2.416016 2.416016 2.326172 2.330078 2.341797 2.333984 2.458984 2.556641 2.607422 2.638672 2.638672 2.556641 2.466797 2.458984 2.498047 2.537109 2.560547 2.548828 2.369141 2.220703 2.271484 2.431641 2.552734 2.564453 2.541016 2.529297 2.560547 2.564453 2.580078 2.568359 2.541016 2.552734 2.599609 2.509766 2.462891 2.501953 2.552734 2.560547 2.580078 2.623047 2.634766 2.638672 2.638672 2.638672 2.638672 2.544922 2.634766 2.662109 2.623047 2.583984 2.599609 2.662109 2.642578 2.537109 2.638672 2.638672
