py_wake/examples/data/AJ_ParqueFicticio/Rough survey   Sector 3   Height 30m   Mean speed.grd
DSAA
73  159
 258469   265669
 6501692   6517492
 .0483088   10.46584
[rows 56 to 83 of 159, columns 0 to 62 of 73]
3.6655 3.652522 3.696422 3.738818 3.779026 3.765958 3.714364 3.683764 3.671127 3.659132 3.654036 3.641955 3.616107 3.59766 3.538381 3.542557 3.561561 3.586605 3.590008 3.594664 3.525801 3.468567 3.531463 3.583919 3.60704 3.599229 3.560993 3.438169 3.446116 3.72019 4.315668 4.559883 4.341153 4.463464 4.669097 4.882321 5.091174 5.121758 4.781619 4.65444 5.247999 5.315805 5.385853 5.308315 5.413405 5.789932 6.060906 5.838332 5.691754 5.497846 5.519867 5.733459 5.43468 4.425443 3.4635 3.987616 4.858455 5.105714 4.678297 3.915778 3.101287 3.275829 3.870905
3.664449 3.601882 3.672318 3.745748 3.802111 3.73417 3.687732 3.657204 3.640461 3.638283 3.635207 3.630422 3.617706 3.556416 3.540741 3.544653 3.553468 3.572917 3.589302 3.579967 3.597525 3.568941 3.569322 3.603127 3.619503 3.620727 3.581464 3.473155 3.750564 4.12738 4.709416 4.575266 4.465279 4.589491 4.898658 5.000675 5.25581 5.097879 4.963785 4.849166 5.21439 5.43619 5.197997 5.136081 5.447685 5.807904 5.874728 5.479892 5.471642 5.567665 5.737505 5.575532 5.19589 4.180757 3.447532 4.219359 5.00034 5.131825 4.512963 3.79056 3.202087 3.031838 3.532228
3.586972 3.534415 3.643985 3.744419 3.806598 3.697305 3.637382 3.606985 3.599178 3.603642 3.606755 3.606585 3.597856 3.549941 3.56805 3.574371 3.56667 3.563763 3.55689 3.573837 3.622359 3.638072 3.635152 3.61058 3.623708 3.610059 3.577662 3.707949 4.003282 4.487719 4.613192 4.613395 4.560836 4.544819 4.758161 5.012193 5.15314 5.15917 5.040293 4.982183 5.207543 5.259495 5.019288 5.007999 5.406658 5.70979 5.617762 5.307899 5.278441 5.540018 5.675647 5.264047 4.934105 4.100936 3.676096 4.296645 4.901379 4.961876 4.545797 3.923688 3.311508 3.023274 3.437856
3.513356 3.591611 3.715317 3.79467 3.798627 3.736739 3.600416 3.557224 3.558644 3.567652 3.580309 3.596342 3.587739 3.536522 3.559088 3.576454 3.581541 3.568374 3.551993 3.579702 3.615752 3.65783 3.659714 3.634171 3.621414 3.590508 3.627878 3.715482 3.831457 4.365675 4.498886 4.399733 4.451455 4.562343 4.691598 5.089996 5.279862 5.239397 5.125154 5.035937 5.112401 4.983803 4.771379 4.935982 5.248105 5.485466 5.415724 5.208566 5.315747 5.531948 5.501099 4.916762 4.69367 4.096143 3.731863 4.132611 4.637578 4.863175 4.547895 3.996818 3.427932 2.944732 3.494588
3.559139 3.668096 3.812754 3.848462 3.797037 3.710686 3.6163 3.510598 3.529341 3.547135 3.559732 3.566926 3.561078 3.51247 3.548346 3.572992 3.572688 3.556624 3.583855 3.626465 3.639055 3.650654 3.641845 3.642759 3.615206 3.554665 3.657393 3.685739 3.95361 4.159447 4.444853 4.431983 4.362701 4.469297 4.835817 5.279027 5.376173 5.38631 5.207841 5.096882 5.039612 4.778767 4.643461 4.939799 5.148681 5.281133 5.162861 5.151392 5.258735 5.439327 5.275001 4.604891 4.42261 4.07689 3.99817 4.082067 4.497137 4.8627 4.474057 3.919411 3.387644 3.006784 3.594715
3.68711 3.798341 3.866489 3.765985 3.643708 3.613038 3.543131 3.495646 3.532054 3.547784 3.554013 3.554115 3.538137 3.550312 3.566631 3.580819 3.584094 3.550144 3.605697 3.651727 3.697417 3.679841 3.657568 3.63512 3.578891 3.584692 3.673387 3.873628 4.131252 4.404854 4.500298 4.396509 4.411448 4.759499 5.027784 5.295827 5.354322 5.340647 5.238581 5.086916 4.92321 4.747086 4.740499 4.897128 5.115499 5.067232 4.916445 4.915861 5.186896 5.274036 4.970297 4.726287 4.322859 4.320873 3.85376 4.242267 4.512676 4.732637 4.403169 3.803877 3.37583 3.218671 3.270592
3.756201 3.866633 3.774058 3.702059 3.598665 3.515685 3.483862 3.516062 3.538609 3.559301 3.560625 3.558409 3.561422 3.576663 3.577329 3.579535 3.582017 3.524158 3.601152 3.675548 3.693993 3.683825 3.678654 3.647356 3.588886 3.68066 3.752408 4.02477 4.217388 4.421636 4.729602 4.732939 4.75009 4.939789 5.078673 5.313071 5.351068 5.273098 5.156016 4.992236 4.841261 4.723672 4.692623 4.856751 4.93047 4.995369 4.957721 4.913182 4.806172 4.928582 4.935387 4.553587 4.317277 4.312152 4.234794 4.308817 4.403564 4.521382 4.29984 3.767733 3.32177 3.19005 3.247208
3.789797 3.790614 3.719274 3.666281 3.599626 3.550645 3.537048 3.545564 3.550209 3.567085 3.575859 3.575734 3.585111 3.588003 3.583584 3.5709 3.546367 3.497896 3.57292 3.654083 3.636523 3.634899 3.666428 3.675458 3.667267 3.844006 3.972308 4.130044 4.293693 4.519877 4.664915 4.537335 4.604794 4.790535 5.119791 5.398715 5.372688 5.238651 5.12021 4.970644 4.837464 4.706841 4.580327 4.659242 4.913196 4.947077 4.96118 4.846845 4.73138 4.592719 4.351507 4.597049 4.867661 4.562545 4.187594 4.011761 4.223306 4.201502 4.039875 3.601014 3.193672 3.145362 3.223768
3.78693 3.73492 3.667477 3.636478 3.60939 3.580335 3.580024 3.588422 3.584675 3.57608 3.582185 3.594188 3.600398 3.597499 3.581965 3.563167 3.519845 3.553707 3.599018 3.610423 3.588561 3.62854 3.654174 3.665373 3.75844 3.987411 4.011791 4.25918 4.505127 4.618219 4.574785 4.479873 4.502442 4.739868 5.102367 5.171236 5.265622 5.173225 5.091429 4.997516 4.8247 4.580812 4.580402 4.686119 4.849068 4.955941 4.687412 4.632379 4.518974 4.434482 4.376929 4.552817 4.826133 4.498634 3.976351 3.829497 3.650715 3.640635 3.435076 3.211849 2.975274 3.09839 3.189058
3.748416 3.702477 3.623711 3.599908 3.596118 3.600243 3.603792 3.632459 3.643467 3.586167 3.581605 3.593327 3.602642 3.602298 3.580723 3.547181 3.526542 3.595426 3.618541 3.615246 3.653003 3.692918 3.710981 3.709326 3.783597 3.887463 3.960952 4.284552 4.544009 4.566745 4.542123 4.365957 4.401573 4.645561 4.883824 4.908089 4.950096 4.997419 4.96149 4.839693 4.713024 4.571146 4.606864 4.760334 4.998511 4.829778 4.573707 4.517051 4.541649 4.314596 4.326656 4.47917 4.639889 4.523612 4.019752 3.572381 3.375538 3.365651 3.112617 2.740061 2.979171 3.158942 3.150707
3.691226 3.672875 3.589128 3.568569 3.577561 3.592904 3.619459 3.633891 3.580033 3.552983 3.579663 3.587494 3.586443 3.580985 3.563472 3.54564 3.578687 3.624434 3.640482 3.635145 3.700408 3.784003 3.763043 3.741128 3.743917 3.736327 3.948259 4.251119 4.445601 4.544531 4.447282 4.4 4.43853 4.676758 4.684346 4.675366 4.659119 4.730497 4.709404 4.586957 4.592347 4.532051 4.636082 4.811129 4.980904 4.768983 4.43068 4.47611 4.64148 4.384934 4.274019 4.567255 4.483353 4.330614 4.02228 3.431713 3.212109 3.236658 3.205155 3.199081 3.371156 3.377086 3.365047
3.660321 3.633285 3.574552 3.554115 3.555917 3.590119 3.627595 3.626407 3.605317 3.562382 3.569587 3.579455 3.576645 3.558059 3.537812 3.575747 3.621844 3.642727 3.664305 3.69813 3.760414 3.78989 3.734416 3.718663 3.693476 3.737282 4.025129 4.194905 4.382851 4.494092 4.474398 4.518291 4.627636 4.661013 4.639031 4.607489 4.600355 4.516665 4.578367 4.412048 4.392469 4.569833 4.731852 4.828068 4.807831 4.487345 4.495557 4.71789 4.744043 4.26146 4.435042 4.739288 4.488716 4.105864 3.844323 3.329899 3.158619 3.166323 3.32341 3.501776 3.578733 3.670317 3.472244
3.64819 3.613399 3.555784 3.543186 3.554063 3.596462 3.629439 3.625416 3.618623 3.587242 3.569238 3.569501 3.565954 3.531334 3.555633 3.614622 3.646872 3.673401 3.674802 3.706459 3.744435 3.705759 3.615882 3.64105 3.635284 3.921085 4.101031 4.118582 4.252248 4.402954 4.487147 4.612286 4.669935 4.612688 4.643863 4.599061 4.584507 4.489927 4.311219 4.267321 4.285617 4.679383 4.944492 4.94437 4.674161 4.491525 4.672036 4.742151 4.595198 4.194054 4.375994 4.743387 4.623129 4.090055 3.497804 3.167652 2.826411 3.111962 3.453234 3.609275 3.652154 3.689974 3.372006
3.614228 3.602387 3.504252 3.501746 3.548808 3.619674 3.630826 3.621187 3.621241 3.60875 3.586898 3.564936 3.551522 3.511309 3.636539 3.700457 3.713534 3.706007 3.691456 3.673832 3.649583 3.57146 3.550471 3.599373 3.78924 4.064401 4.104304 4.159617 4.275512 4.42119 4.50538 4.65384 4.721646 4.576469 4.627183 4.626649 4.590823 4.507195 4.278606 4.300619 4.688162 4.854277 4.950685 4.860713 4.578385 4.511778 4.600858 4.628119 4.245877 4.178753 4.70223 4.531111 4.21219 3.677868 3.25973 2.595638 2.73393 3.091508 3.444715 3.61638 3.619682 3.56107 3.439457
3.574229 3.581326 3.490382 3.46697 3.565835 3.631864 3.612078 3.606445 3.616181 3.6171 3.605333 3.590485 3.544453 3.549284 3.687349 3.807598 3.750721 3.702835 3.680666 3.663519 3.606178 3.484241 3.61107 3.703372 3.964855 4.064267 4.089314 4.142879 4.329431 4.505183 4.493277 4.468915 4.672773 4.689058 4.821726 4.76837 4.656524 4.513393 4.426563 4.459164 4.752201 4.966398 4.870185 4.64168 4.485962 4.47062 4.451122 4.359256 4.057472 4.049891 4.212515 3.789285 3.473488 3.240967 2.972593 2.685352 2.684231 3.176358 3.504888 3.612482 3.619651 3.588702 3.496954
3.564458 3.54408 3.495664 3.461438 3.60646 3.613317 3.555817 3.560251 3.58663 3.612754 3.616153 3.57637 3.56815 3.633518 3.72964 3.797898 3.71311 3.683592 3.667164 3.641793 3.587008 3.580687 3.73314 3.882819 4.077614 4.056654 4.097344 4.141981 4.269011 4.443036 4.617637 4.629659 4.733192 4.917342 4.964314 4.93392 4.883972 4.714989 4.63998 4.692731 4.72158 4.820079 4.722758 4.490875 4.459015 4.453816 4.374226 4.304017 3.989539 3.879821 3.685601 3.421202 3.269855 3.331094 3.266969 2.983857 2.987828 3.329337 3.614498 3.660269 3.679905 3.637467 3.513828
3.573862 3.501753 3.461961 3.522415 3.595782 3.600385 3.480641 3.507077 3.573057 3.648185 3.622527 3.616614 3.6336 3.658508 3.731277 3.745786 3.641363 3.637499 3.637948 3.625718 3.575675 3.605633 3.748942 3.912184 3.984293 4.034723 4.047189 4.088288 4.150806 4.544311 4.771653 4.735821 5.017434 5.177756 5.154109 5.164303 4.972568 4.793607 4.700487 4.668653 4.631315 4.676411 4.495994 4.512055 4.514549 4.438263 4.385987 4.257066 4.108547 3.945418 3.80762 3.636559 3.809214 3.945041 3.928109 3.422343 3.364223 3.58426 3.611827 3.720366 3.768068 3.720936 3.625309
3.558586 3.531904 3.547414 3.55371 3.556317 3.547833 3.426831 3.496003 3.632663 3.652008 3.652394 3.653069 3.677447 3.687567 3.695871 3.699646 3.572922 3.571545 3.578937 3.575109 3.542107 3.56919 3.730941 3.863977 3.952731 3.991808 3.972358 4.031151 4.372553 4.761839 4.932755 4.845207 5.176491 5.299065 5.232331 5.05071 4.911363 4.872885 4.875383 4.790772 4.759447 4.739121 4.40801 4.455259 4.434141 4.40711 4.236804 4.052038 4.1482 4.012568 3.900523 3.830674 4.058298 4.313555 4.035601 3.561716 3.376028 3.659136 3.811535 3.822898 3.9542 3.900171 3.743207
3.565951 3.556431 3.564148 3.567384 3.590622 3.532795 3.384701 3.530542 3.685069 3.640524 3.648427 3.660696 3.676523 3.715734 3.711704 3.630377 3.508895 3.527678 3.537313 3.520424 3.472007 3.591934 3.731566 3.868612 3.970032 3.985309 3.966596 4.078876 4.469786 5.005633 4.965533 4.926362 5.099358 5.244104 5.12534 4.951104 4.926073 4.911938 4.904631 4.938811 4.933502 4.535787 4.420629 4.490185 4.292686 4.300027 4.070971 3.807807 3.761805 3.801578 3.694995 3.750592 4.02647 4.235925 4.083708 3.238877 3.267069 3.632251 3.899736 4.037332 4.067398 3.970431 3.656861
3.542317 3.554985 3.563766 3.552738 3.536303 3.422297 3.422588 3.579957 3.676906 3.611686 3.612446 3.632417 3.659537 3.653845 3.572486 3.529761 3.505534 3.530934 3.521806 3.480923 3.508273 3.613954 3.730985 3.887534 3.945636 3.964162 3.952594 4.133692 4.448399 4.899343 4.96411 4.988349 4.987766 4.931959 4.989055 4.93008 4.897612 4.962593 4.824461 4.730316 4.558522 4.355479 4.251357 4.006104 3.904341 3.54747 3.557323 3.274992 3.581844 3.616404 3.551179 3.653468 3.776632 3.789898 3.450923 2.960344 3.09915 3.544621 3.762309 3.926487 3.949593 3.631009 3.278554
3.501507 3.525503 3.546248 3.542709 3.475779 3.452978 3.470099 3.560686 3.621308 3.589107 3.586797 3.595387 3.617615 3.582386 3.527918 3.470396 3.495311 3.521804 3.509721 3.48569 3.597748 3.634935 3.69947 3.822598 3.865178 3.875887 3.860878 4.03066 4.302664 4.824288 5.015419 4.967359 4.853252 4.821877 4.84961 4.869528 4.849422 4.879352 4.647743 4.41506 4.318328 3.984962 3.598292 3.486451 3.203934 3.254042 3.257002 3.364417 3.641895 3.671178 3.51759 3.466505 3.393252 3.15617 2.836116 2.920164 3.144876 3.356199 3.532789 3.70503 3.516909 3.127113 2.839509
3.485385 3.495113 3.509326 3.505295 3.422092 3.461454 3.492705 3.538844 3.564134 3.567116 3.579053 3.582207 3.579207 3.566657 3.552955 3.528565 3.49871 3.495611 3.476885 3.511879 3.634579 3.701684 3.817135 3.904608 3.843467 3.773466 3.754012 3.887499 4.269918 4.876066 5.185835 5.086449 5.033591 4.91931 4.755458 4.647755 4.670092 4.523522 4.220005 4.147902 4.040665 3.629504 3.47059 3.418723 3.433095 3.729117 3.74933 3.726508 4.046926 3.880236 3.461412 3.341689 3.239083 3.158429 3.170933 3.423367 3.324555 3.244227 3.562816 3.789116 3.542042 3.043988 2.847142
3.476544 3.461238 3.455848 3.442088 3.363899 3.422542 3.482133 3.517563 3.529526 3.552299 3.569429 3.577835 3.563136 3.557776 3.554718 3.55226 3.521469 3.470242 3.412676 3.505099 3.640441 3.699545 3.918972 3.872518 3.793144 3.66976 3.78067 3.953576 4.542439 5.186752 5.517759 5.428949 5.244754 4.925456 4.686409 4.618511 4.628129 4.526809 4.075047 3.992923 3.630289 3.445847 3.493669 3.692343 3.952022 4.138625 4.079579 4.064274 3.99568 3.513506 3.342404 3.281854 3.382907 3.595125 3.79876 4.042341 3.880541 4.050953 4.144958 3.959722 3.552645 3.420255 3.06443
3.469228 3.444073 3.414116 3.367809 3.325843 3.409821 3.473115 3.536512 3.540889 3.54001 3.556533 3.564671 3.520675 3.529699 3.54496 3.543549 3.509441 3.417082 3.414316 3.524443 3.557785 3.665072 3.81673 3.762735 3.725718 3.717457 3.803525 4.280162 5.074286 5.643852 5.703298 5.38963 5.159451 4.77265 4.67674 4.664877 4.584933 4.299851 3.949659 3.714601 3.402889 3.437586 3.774637 4.010162 4.324313 4.467203 4.354356 4.0825 3.586614 3.413492 3.461445 3.633822 3.773969 4.002387 4.223875 4.523227 4.406586 4.486109 4.252644 3.843748 3.47172 3.348737 3.082495
3.449375 3.425324 3.386598 3.309099 3.39945 3.457934 3.525466 3.525273 3.534056 3.525244 3.520669 3.524122 3.459461 3.50791 3.537299 3.530903 3.499713 3.481688 3.50754 3.55586 3.575915 3.66556 3.707632 3.706333 3.671643 3.795656 4.061085 4.646731 5.378445 5.758876 5.704032 5.231929 4.897592 4.609666 4.527356 4.471592 4.194379 3.860644 3.664646 3.549114 3.504252 3.791678 4.419413 4.529428 4.539413 4.50398 4.299292 3.99112 3.705767 3.612581 3.741815 3.966214 4.192632 4.407785 4.511839 4.592626 4.590958 4.399863 3.946738 3.539514 3.330038 3.101688 2.882287
3.402568 3.376537 3.33036 3.333877 3.400043 3.487328 3.497216 3.496841 3.504843 3.506647 3.502221 3.470726 3.409797 3.503238 3.571736 3.530135 3.491536 3.538358 3.587976 3.58872 3.620018 3.694863 3.710869 3.670656 3.641321 3.858923 4.224447 4.843162 5.441869 5.567755 5.223956 4.785901 4.605272 4.427433 4.398679 4.300689 4.032661 3.718724 3.586925 3.591626 3.799696 4.260118 4.556576 4.651627 4.595545 4.429089 4.236236 4.053386 3.996678 3.965249 4.017669 4.108229 4.225935 4.359856 4.450759 4.508426 4.267975 3.935866 3.551085 3.231908 3.093793 2.875145 2.660678
3.362119 3.335506 3.359993 3.350882 3.364081 3.401995 3.408372 3.426798 3.449694 3.46269 3.458513 3.380313 3.399211 3.446681 3.493594 3.480372 3.379145 3.511849 3.55179 3.575164 3.61815 3.662733 3.685462 3.621974 3.699156 3.806129 4.28694 4.954812 5.431326 5.441162 4.952657 4.614501 4.438472 4.40623 4.406439 4.210502 3.89831 3.602619 3.511659 3.611966 4.147293 4.664723 4.76623 4.734697 4.607096 4.411242 4.239774 4.122991 4.062076 4.018608 4.026722 4.088449 4.176111 4.272924 4.350102 4.253477 3.947127 3.694118 3.433506 3.179693 3.026887 2.812451 2.550735
3.335549 3.29606 3.315944 3.340169 3.335871 3.3308 3.363981 3.384826 3.40266 3.418036 3.432533 3.42564 3.396389 3.404646 3.403742 3.365903 3.366837 3.489816 3.47575 3.522818 3.617884 3.639527 3.634617 3.674294 3.684208 4.035164 4.564639 5.290343 5.507838 5.339752 4.902014 4.625103 4.556391 4.622044 4.483712 4.21491 3.663644 3.366139 3.432065 4.053974 4.664151 4.748672 4.758039 4.648257 4.423292 4.218827 4.170629 4.095556 4.149007 4.028173 3.966721 3.994305 4.078881 4.14851 4.147018 3.952142 3.721928 3.581868 3.356637 3.153085 3.023141 2.703251 2.386157
