py_wake/examples/data/AJ_ParqueFicticio/Rough survey   Sector 4   Height 30m   Mean speed.grd
DSAA
73  159
 258469   265669
 6501692   6517492
 .1989357   11.37843
[rows 112 to 139 of 159, columns 0 to 62 of 73]
6.423215 6.728194 6.551115 6.633116 7.059053 7.477732 7.808266 8.248763 8.73845 9.013195 9.487283 10.08995 9.792449 8.875369 8.053603 6.737114 6.365153 6.796484 6.41245 4.846804 4.927045 5.51498 5.019887 5.000983 7.058621 8.397457 8.562016 7.824368 6.575234 5.494796 4.965914 4.870195 4.818377 4.799592 4.559035 4.196297 3.891237 4.979593 6.933851 8.191933 8.950006 9.046739 7.997834 6.213902 5.084147 4.168365 3.64182 3.233633 3.01734 4.26529 6.007887 6.524453 5.578839 4.543259 3.867941 3.734064 3.718197 3.649658 3.507893 2.795055 .9803771 1.065429 1.308044
6.22548 6.736564 6.840724 6.87291 7.206854 7.70807 8.203171 8.687274 9.096731 9.291446 9.739958 10.17877 9.848745 8.811081 7.775473 6.488838 6.874038 7.472299 7.238579 5.549324 4.248538 4.310812 4.375678 4.8407 6.874638 8.397688 8.297657 6.799546 5.661001 4.996463 4.502555 4.857475 5.316688 5.272062 5.197979 5.03829 4.742351 5.409044 7.070228 8.203846 9.228241 9.475157 8.319877 6.381656 5.262862 4.380178 3.887814 3.501136 3.155922 3.497415 4.852633 5.526495 4.99183 4.347137 3.857446 3.780235 3.713693 3.689625 3.528558 3.026515 1.866844 1.350376 1.634948
6.361304 6.914297 7.085191 7.111857 7.346797 7.946776 8.727387 9.106679 9.345691 9.492039 10.00021 10.36753 9.779622 8.489821 7.25802 6.568029 7.49886 8.227975 7.501817 6.257343 4.901691 3.425254 3.15209 4.083185 6.203825 7.895012 7.868519 6.252074 4.936217 4.451262 4.306227 4.563208 5.358648 5.465559 5.637796 5.84915 6.011975 6.373634 7.552077 8.319994 9.228027 9.642048 8.397315 6.583551 5.411647 4.752072 4.248861 3.802046 3.608685 3.612041 4.178356 4.658269 4.470461 4.201022 3.990403 3.833761 3.688076 3.622151 3.45274 3.114117 2.565975 1.789514 1.775267
6.797114 7.153227 7.25671 7.3534 7.583915 8.29826 9.070435 9.304416 9.550892 9.793621 10.18236 10.38507 9.666014 8.020178 6.929466 6.916465 7.939065 8.580462 7.941168 6.849927 6.045424 4.805939 2.810006 2.542492 4.909106 6.984361 7.305558 5.661491 4.416549 4.305474 4.330521 4.587131 4.924049 5.128857 5.553829 6.506064 7.214528 7.628904 8.228675 8.396398 8.987473 9.355163 8.074586 6.627736 5.478292 4.960826 4.444957 3.992787 3.755259 3.728229 3.858938 3.982847 3.90976 4.021151 3.979247 3.832879 3.692154 3.530011 3.35767 3.071779 2.816891 2.326748 2.117018
7.092555 7.36626 7.485529 7.722399 8.022904 8.782435 9.326213 9.505282 9.8142 10.06538 10.40184 10.06362 9.245157 7.686472 7.071265 7.352595 8.061048 8.55908 8.073725 7.332744 6.725948 6.015984 4.633818 2.854046 3.422493 5.702781 6.49218 5.108836 4.365987 4.473476 4.509329 4.39822 4.473999 4.922101 5.639384 6.875875 8.224232 8.598319 8.788039 8.410548 8.506395 8.504749 7.697973 6.643576 5.730436 5.125067 4.46961 3.94187 3.55497 3.368935 3.5217 3.728544 3.719589 3.728753 3.897893 3.800434 3.694579 3.451319 3.242675 3.011393 2.925499 2.559841 2.451498
7.220514 7.373937 7.507782 7.81824 8.499664 9.171719 9.497004 9.779135 9.955144 10.25504 10.02725 9.637539 8.727432 7.5533 7.369604 7.851796 8.140347 8.465866 8.039538 7.423059 6.717826 5.965183 5.427054 4.644812 3.620575 4.280181 5.24794 4.545834 4.325664 4.703081 4.470843 3.943743 4.188385 5.262475 5.830856 7.237428 8.979263 9.543343 9.116795 8.094774 7.800855 7.553871 7.213527 6.482483 5.752238 5.342906 4.732111 4.057323 3.522664 3.181813 3.27778 3.610534 3.712515 3.674532 3.706378 3.689674 3.676819 3.449746 3.117207 2.775923 2.810406 2.730199 2.708945
7.231651 7.330547 7.604256 8.142426 8.878467 9.39458 9.700889 10.07652 10.20112 10.19803 9.755115 9.110436 8.134663 7.295191 7.543595 8.233426 8.468977 8.31822 7.731574 7.140658 6.352013 5.497906 5.439439 5.342246 4.841111 3.981425 4.087477 3.926302 4.515428 4.88637 4.413916 3.571087 4.511696 5.60391 5.764427 7.361971 9.533612 10.24591 9.191401 7.330866 6.807755 6.664543 6.747479 6.532443 5.581447 5.387572 4.961389 4.206892 3.787728 3.298071 3.269112 3.639288 3.736649 3.758508 3.721884 3.691496 3.64687 3.608438 3.161095 2.712751 2.673357 2.768524 2.911605
7.081565 7.342455 7.853304 8.520147 9.16516 9.55052 9.831699 10.23059 10.30395 10.07189 9.311234 8.403511 7.811147 7.2012 7.677567 8.49783 8.93592 8.327562 7.529792 7.027038 6.223462 5.19822 4.949854 5.668045 5.553565 4.675335 3.656687 3.713665 4.334566 4.898953 4.000701 3.576039 4.973755 5.622849 5.740049 7.636095 9.800526 10.84839 9.635371 6.930972 5.652287 5.684136 5.997335 6.516215 5.480302 5.036732 4.769467 4.277957 3.967721 3.550319 3.38105 3.595982 3.776275 3.796453 3.782773 3.820516 3.725321 3.744246 3.296526 2.692824 2.376468 2.749402 2.851976
7.156392 7.514249 8.062959 8.718323 9.213641 9.588243 9.849443 10.04066 10.1417 10.10544 9.417946 7.972848 7.232958 6.902758 7.472872 8.511785 9.030582 8.479844 7.55883 6.912632 6.04081 5.014188 4.546944 5.479054 5.938469 5.266422 4.110612 3.718769 3.99664 4.399357 3.769576 3.838358 5.308866 5.287982 5.980402 8.077352 9.872742 10.8473 10.18691 7.486388 5.410975 4.662065 5.26566 6.146407 5.579834 4.840021 4.470757 4.233284 4.039044 3.785816 3.522888 3.569476 3.640221 3.776584 3.751281 3.814606 3.752313 3.655785 3.036057 2.57225 2.421875 2.731089 2.828596
7.648923 7.646174 8.190192 8.870343 9.252126 9.572986 9.9768 9.737366 9.483086 9.585467 9.688203 8.503603 7.217623 6.755486 7.038251 7.826065 8.457248 8.207896 7.562749 7.09498 6.35054 5.19951 4.501914 5.157578 5.594059 5.177072 4.790534 4.289257 3.843573 3.748858 3.57024 4.309001 5.013766 5.055854 6.650692 8.473022 9.928701 10.50964 9.951408 7.68159 5.823946 4.462347 4.600903 5.447807 5.318232 4.853691 4.544075 4.316629 4.155725 4.0137 3.789037 3.494411 3.623088 3.66587 3.714022 3.773384 3.83217 3.307759 2.398539 2.155132 2.449044 2.660949 2.998074
8.104518 8.122958 8.441983 9.071436 9.38205 9.506092 9.895205 9.303045 8.198663 8.362756 9.308658 8.77047 7.901471 7.373335 7.112056 7.232233 7.764226 7.717477 7.285347 6.940799 6.582702 5.559342 4.918274 4.95373 5.24932 5.091076 4.861412 4.834387 4.336152 3.459291 3.544265 4.216169 4.554008 5.587162 7.248248 8.836435 10.02522 9.852005 9.006801 7.24542 6.016618 4.638111 4.300768 4.860316 4.896679 4.725092 4.623401 4.529531 4.3685 4.28806 4.085811 3.650519 3.530903 3.639231 3.651568 3.646623 3.540554 2.626741 2.068826 2.295873 3.054915 3.288885 3.428182
8.515913 8.813207 9.141337 9.406212 9.729542 9.65142 9.420571 8.97954 7.154385 7.202721 8.661569 8.560102 8.213243 7.940756 7.789173 7.415281 7.421165 7.203449 6.952004 6.712669 6.393925 5.826866 5.437298 4.989837 4.834129 4.946428 4.927229 5.112422 4.655566 3.565156 3.26225 3.5943 4.567766 6.166237 7.83239 9.342974 9.97349 9.520371 8.113748 6.522535 5.722398 4.921911 4.473476 4.496546 4.628205 4.614926 4.500957 4.495277 4.461623 4.40814 4.284111 3.935724 3.693656 3.561385 3.425376 3.210142 2.838089 2.055647 2.266845 2.80549 3.539798 3.667092 3.642514
9.059631 9.621636 9.847659 10.03506 10.16598 10.06145 9.391571 8.156323 6.349216 6.175634 8.076058 8.118631 8.224118 8.192529 8.008052 7.460247 7.285728 7.117749 6.860367 6.729137 6.551265 6.427882 6.020716 5.120911 4.654016 4.862919 4.944341 5.267799 4.67279 3.643335 2.971683 3.376144 4.947021 6.587392 8.117958 9.407428 9.780502 9.034187 7.629723 5.965226 5.147723 4.919213 4.775501 4.771275 4.651831 4.44965 4.48379 4.452761 4.3243 4.309288 4.335351 4.111897 3.834632 3.388768 3.081192 2.667832 2.09681 2.553657 2.562829 2.834084 3.599922 3.921776 3.96107
9.46359 10.13754 10.60964 10.56681 10.61531 10.08842 9.449705 7.972203 5.903497 5.345489 6.813439 7.434705 8.006075 8.220911 7.897307 7.474318 7.098629 7.14242 6.991289 7.038338 6.734714 6.682873 6.175759 5.096187 4.40752 4.667331 5.12795 5.762959 5.34908 3.822745 2.878 3.472522 5.077007 6.718662 8.278595 9.290277 9.368191 8.467705 7.177706 5.734383 4.902812 4.708477 4.740502 4.855432 4.842795 4.648603 4.639821 4.527786 4.113173 4.124692 4.187768 3.98652 3.492595 2.820701 2.226186 2.539165 2.617494 2.909558 3.019066 2.902179 3.313603 4.063779 4.221162
9.711665 10.22977 10.93207 11.12062 10.83512 10.16501 9.636485 8.340908 6.317265 4.878442 5.555866 6.440873 7.620215 8.029294 7.824678 7.390226 6.839189 6.898355 7.245539 7.501639 7.080851 6.852377 6.142173 5.101026 4.500587 4.634174 5.378389 6.029997 6.009311 4.26129 2.851385 3.099505 4.774197 6.61523 8.151983 8.941224 8.749236 8.083342 6.887968 5.484771 4.905548 4.782629 4.680693 4.852433 4.738663 4.673068 4.719783 4.809313 4.245575 3.886582 3.821439 3.40215 1.884392 1.018589 2.167327 2.636494 2.90896 3.621174 4.036485 3.068755 2.961931 4.106555 4.363426
9.947066 10.45144 10.98952 11.37843 10.77833 9.924851 9.704854 8.994003 7.235008 5.43986 4.962347 5.392311 6.760608 7.430589 7.581872 7.656741 6.585954 6.576304 7.402258 7.442164 6.976934 6.642603 5.765691 5.098709 4.941848 5.272245 5.756209 6.257019 6.168425 4.711603 2.976463 2.951333 4.879129 6.657933 7.80106 8.334933 8.063223 7.613703 6.676519 5.321929 4.671241 4.782118 4.822298 4.862557 4.771077 4.650729 4.545586 4.846806 4.706143 3.935391 3.084994 2.195084 1.625203 1.04088 1.388171 2.938966 3.938261 4.839939 4.722565 3.062841 2.933831 4.144702 4.298222
9.801373 10.38953 11.15852 11.14095 10.69733 9.481166 9.577434 9.152093 7.763252 6.685836 5.542379 4.790675 5.626305 6.624856 7.459491 8.030722 6.850553 6.285084 7.057047 7.052608 6.529281 6.375448 5.43331 4.959206 5.406754 5.934721 6.417414 6.353463 6.148075 5.170584 2.940879 3.108496 5.038317 6.420484 7.436935 7.7054 7.337404 6.916279 6.288258 5.274627 4.796371 4.795323 4.799182 4.870833 4.95695 4.73292 4.541388 4.586383 4.784258 4.198841 2.854324 2.053539 2.090562 2.193379 3.82585 4.341252 4.91087 5.29234 4.965838 3.188676 2.991552 3.855599 4.107363
9.331607 9.893841 10.45512 10.57234 10.17726 9.158746 9.374613 9.003354 7.82966 7.213644 6.390897 5.055887 4.812749 5.684481 7.195211 8.102399 7.519819 6.363846 6.402815 6.433099 6.005363 6.086051 5.140352 4.794558 5.624397 6.334978 6.825674 6.427577 6.084302 5.269653 3.496851 3.265722 4.609882 5.923997 6.890216 7.030874 6.485726 6.126443 5.923511 5.252922 4.980241 4.801742 4.889557 4.81814 5.019447 4.848881 4.731905 4.509022 4.490442 4.133295 2.705154 1.979506 2.181143 3.595134 4.625412 4.874654 5.025692 5.384514 5.085724 3.621138 3.127294 3.227299 3.533784
9.042908 9.305794 9.571759 9.576664 8.967628 8.490763 9.286247 8.700276 8.004092 7.473307 6.782174 5.577285 4.626838 4.881134 6.346615 7.650172 7.846542 7.034451 5.991898 5.786304 5.648486 5.817714 4.830721 4.587447 5.743049 6.526084 7.062331 6.827922 6.426378 5.475039 4.202217 3.534492 4.197808 4.958642 6.014298 6.260545 5.686419 5.719246 5.850141 5.781822 5.24981 4.858074 4.985989 5.007005 5.055332 4.90175 4.862921 4.65031 4.181138 3.592793 2.353747 2.002109 1.988446 3.960338 4.973904 4.977167 5.054461 5.364491 5.402949 4.546762 3.490925 3.268122 3.344265
8.985498 8.54217 8.78574 8.703922 7.752277 7.999074 9.078768 8.780124 8.516124 8.054849 7.36615 6.375373 5.139101 4.244627 5.273848 6.877322 7.817059 7.468332 6.386616 5.485293 5.317922 5.418221 4.688184 4.480613 5.533172 6.544188 7.248227 7.459787 6.934857 5.82675 4.898298 4.362853 4.544446 4.517768 5.075953 5.420045 5.315825 5.471628 5.736825 5.895582 5.341038 5.153237 5.071675 5.286848 5.360789 5.15203 4.86876 4.583426 3.977915 2.858664 2.095537 1.848714 2.335329 3.996086 4.807642 4.854123 4.935721 5.320609 5.350945 5.223864 4.315802 3.597126 3.614986
8.836667 7.781544 7.902638 8.017322 7.034945 7.568188 8.648358 8.769184 9.02028 8.672413 7.905799 6.991374 6.013564 4.579 4.480446 6.037622 7.453029 7.572535 6.63189 5.580951 4.87724 5.073682 4.616674 4.432811 5.360206 6.617388 7.574799 8.090543 7.392518 6.001173 5.013342 5.11314 5.502926 5.324335 4.570514 4.588773 5.055213 5.235813 5.550537 5.800119 5.595454 5.444452 5.264995 5.477675 5.595923 5.31647 5.024236 4.546412 3.459699 2.137875 2.180311 1.577904 2.631207 3.89014 4.515935 4.673532 4.80186 5.269576 5.460732 5.56422 5.016664 4.060202 4.071548
8.57845 6.943066 6.815378 7.176164 6.530581 7.238309 8.295059 8.887228 9.039324 9.003503 8.101217 7.125706 6.297043 5.320731 4.452763 5.295537 6.924377 7.081851 6.597384 5.961873 5.023235 4.701822 4.443084 4.440521 5.402495 6.796537 7.850163 8.191879 7.339218 5.971396 5.019398 5.334578 5.970954 5.946266 5.185355 4.312039 4.463705 4.88553 5.16855 5.467482 5.617589 5.444518 5.395381 5.635451 5.75869 5.476316 5.054491 4.648639 3.139002 2.045398 2.367524 2.133266 2.311676 3.494426 4.407657 4.528338 4.633802 5.027565 5.329251 5.678658 5.275075 4.68519 4.552828
9.079765 6.623792 5.852369 6.284264 6.153491 7.12555 8.088949 8.668238 8.899352 9.123176 8.389661 7.472201 6.447553 5.526894 4.661685 4.934237 6.0956 6.494286 6.265982 6.087671 5.317358 4.760773 4.430693 4.479966 5.471407 6.976583 7.973204 8.189049 7.196867 5.934474 5.142698 5.379079 5.700035 6.016088 5.528852 4.694863 4.208888 4.504904 4.80966 5.240273 5.556085 5.558368 5.653492 5.726645 5.685853 5.284701 4.831675 4.475575 3.276761 2.167618 2.634849 2.665727 2.477353 2.992532 4.21809 4.376603 4.417191 4.774282 5.132841 5.611678 5.436987 5.114742 4.966286
9.428009 7.040782 5.322245 5.341345 6.213194 7.310093 7.726039 8.163348 8.828536 8.810205 8.350339 7.649396 6.809721 6.034211 5.133389 4.786448 5.517079 5.932591 6.046206 5.911782 5.374603 4.944203 4.474259 4.54224 5.696023 7.385596 7.979198 7.92723 6.969417 5.943472 5.438876 5.377727 5.590021 5.7509 5.502456 4.954923 4.497909 4.393056 4.620338 5.158296 5.559493 5.755918 5.857781 5.676842 5.431158 5.050198 4.468299 3.966294 3.409385 2.790303 2.894985 2.963649 2.861357 2.66192 3.866746 4.157567 4.251963 4.448687 4.925798 5.340012 5.518249 5.3862 5.313588
9.572442 7.586521 5.476173 4.850574 6.239207 7.357068 7.514876 7.795331 8.416251 8.481881 7.952569 7.546299 7.208724 6.329484 5.75761 5.323896 5.210465 5.582889 5.909029 5.625594 5.252124 5.041762 4.50743 4.549939 6.070601 7.798295 8.324282 7.639899 6.364966 5.689904 5.504409 5.539074 5.363288 5.415299 5.276601 5.047556 4.717854 4.290462 4.522318 4.939858 5.484378 5.828697 6.044659 5.329141 5.046813 4.653264 4.104318 3.952995 3.749706 3.583201 3.193435 3.159541 3.071199 3.00297 3.365262 3.893946 4.028223 4.203325 4.519012 5.045716 5.503146 5.522473 5.462033
9.260556 7.829629 5.692608 4.698511 6.172985 7.212176 7.539594 7.803888 8.134404 7.91075 7.472252 7.184423 7.188598 6.43757 5.97739 5.908295 5.389522 5.400804 5.485512 5.493081 5.268097 5.095336 4.505228 4.552467 6.370367 7.998788 8.696347 7.606645 6.076688 5.35968 5.309589 5.450912 5.411644 5.113553 5.104283 5.008684 4.784326 4.488605 4.549408 4.787553 5.338348 5.801206 5.971805 5.194653 4.806473 4.499854 4.250489 4.35663 4.430347 3.969454 3.522115 3.408053 3.228891 3.321155 3.21698 3.363034 3.737047 3.972867 4.102966 4.613319 5.299015 5.61055 5.598281
8.735115 7.609681 5.992706 4.638465 5.81089 6.818158 7.576444 7.909515 8.058395 7.601887 7.002553 6.898519 7.049339 6.302384 5.679788 5.991462 5.687726 5.399044 5.413308 5.485127 5.186933 5.112353 4.584627 4.852338 6.627572 7.974802 8.534061 7.560346 6.080076 5.13786 5.08263 5.256954 5.423203 5.232841 5.016444 4.939528 4.766136 4.723501 4.692253 4.641839 5.265234 5.747944 5.608067 5.136008 4.804622 4.628601 4.444576 4.500237 4.74374 4.05417 3.775075 3.842225 3.528158 3.435018 3.433643 3.43082 3.326357 3.465055 3.65854 4.099957 4.910338 5.484542 5.67665
8.346336 7.268338 6.221924 4.67911 5.368161 6.602549 7.688918 7.881719 7.730371 7.652725 7.133222 6.640677 6.732547 6.166624 5.616532 5.848404 5.653204 5.288395 5.776043 5.999532 5.114521 4.955294 4.579547 4.776566 6.511693 7.714708 8.361263 7.500881 6.036938 5.162542 4.993794 5.024366 5.339052 5.24614 5.085421 4.973932 4.920105 5.049567 5.046139 4.755557 5.296977 5.648982 5.360294 4.805111 4.710811 4.70517 4.577919 4.626305 4.579888 3.949868 3.953948 4.126982 4.104446 3.709488 3.392934 3.47704 3.66188 3.508254 3.04069 3.446912 4.331057 5.169198 5.69976
