py_wake/examples/data/AJ_ParqueFicticio/Rough survey   Sector 10   Height 30m   Orographic speed.grd
DSAA
73  159
 258469   265669
 6501692   6517492
 .01663157   2.175921
[rows 112 to 139 of 159, columns 0 to 62 of 73]
1.111105 1.171233 1.129895 1.14143 1.217932 1.289017 1.359323 1.458528 1.578784 1.654125 1.780253 1.921564 1.855783 1.669839 1.49124 1.208824 1.142793 1.292738 1.334699 1.211335 1.08939 1.043692 .8727865 .8716412 1.254 1.517358 1.558126 1.407576 1.202026 1.051803 1.026033 1.060022 1.050016 .957571 .8637453 .76631 .7101564 .9120792 1.271769 1.514701 1.680816 1.744212 1.603761 1.268343 1.046225 .8824653 .8055318 .7532812 .7691218 .9444515 1.160037 1.205848 1.039359 .8566785 .7270328 .7000223 .6951385 .682402 .6564746 .523343 .187272 .2013105 .2446557
1.073193 1.17279 1.182573 1.183909 1.243779 1.334502 1.421498 1.533277 1.638549 1.692493 1.806276 1.920911 1.852175 1.638905 1.390449 1.118309 1.211364 1.406841 1.424378 1.201006 1.032473 .9571692 .8454886 .8617456 1.244329 1.520267 1.493734 1.221087 1.031991 .9453291 .8952222 .9962075 1.078069 1.041452 1.0076 .9365329 .8677617 .9910938 1.308812 1.538122 1.748489 1.816508 1.612595 1.235275 1.015489 .8673502 .8162688 .7815011 .7743335 .8627729 .9875366 1.023503 .9376342 .827147 .7315906 .7064875 .6942468 .689777 .6601275 .567759 .3541363 .2557853 .3080317
1.102732 1.196205 1.222703 1.225727 1.267846 1.377988 1.516358 1.600038 1.661237 1.706958 1.848083 1.928256 1.812151 1.527749 1.259291 1.131989 1.321968 1.517008 1.42758 1.214321 1.093995 .9714789 .8818774 .8689842 1.164945 1.43103 1.409905 1.121281 .8918555 .8290234 .8074116 .852498 1.039895 1.05951 1.089978 1.110089 1.103032 1.169406 1.398031 1.567852 1.742219 1.80854 1.563467 1.216084 1.001808 .8922232 .8242803 .7662528 .7568908 .7698828 .8293117 .867099 .8319591 .7910507 .7466028 .7151037 .6881633 .6759498 .6448551 .5823703 .4810432 .3369856 .3325164
1.185039 1.23812 1.253013 1.268829 1.310099 1.441058 1.577942 1.62882 1.683799 1.750895 1.863874 1.888426 1.738085 1.398153 1.201471 1.197372 1.412054 1.544677 1.438578 1.249527 1.155174 1.05829 .9103695 .9038085 1.027972 1.278576 1.307026 1.018583 .8115062 .7940568 .7836086 .8315091 .9111863 .9692398 1.062837 1.231406 1.324767 1.401314 1.518107 1.56304 1.660867 1.720924 1.490604 1.224755 1.013055 .9179613 .8216258 .7418914 .7036705 .6970184 .7171789 .740853 .7281749 .7491378 .7415688 .7146482 .6885846 .6588377 .6270558 .5743432 .5270262 .4362056 .3971433
1.245153 1.283418 1.299952 1.339139 1.393093 1.531855 1.627211 1.664145 1.735089 1.798494 1.884688 1.805804 1.621378 1.339962 1.228551 1.278092 1.421173 1.515707 1.421968 1.287917 1.185367 1.072911 .9191581 .8646731 .9098403 1.078409 1.158177 .9204871 .7958188 .808803 .8112186 .7936834 .8172043 .9152231 1.038686 1.26024 1.510185 1.580247 1.630154 1.566568 1.569984 1.568677 1.42151 1.228165 1.060572 .9493629 .8285996 .7313738 .6600494 .626256 .6553109 .694119 .692917 .6950286 .7264679 .7085764 .6889864 .6440365 .6054929 .5628428 .5468899 .4791242 .458881
1.272223 1.295347 1.317434 1.369452 1.481337 1.598799 1.662117 1.728689 1.788157 1.867535 1.81785 1.701418 1.527488 1.316402 1.284662 1.37121 1.433394 1.497778 1.415681 1.306015 1.182318 1.047263 .9515101 .8276312 .8086902 .8799968 .9313875 .814087 .7725174 .8434162 .8035056 .7101561 .7586621 .957939 1.064361 1.325917 1.64496 1.776427 1.730723 1.535957 1.438053 1.393543 1.332524 1.198744 1.065036 .9902797 .8779797 .753841 .6553406 .5928134 .6109867 .6728981 .6918529 .6851937 .6911715 .6881564 .6856641 .6436765 .5822481 .5192364 .5254759 .5106738 .5064839
1.287339 1.307168 1.354647 1.436462 1.551531 1.647354 1.721575 1.818594 1.879653 1.90541 1.783209 1.618907 1.418032 1.26925 1.317641 1.445902 1.49451 1.484816 1.363866 1.254351 1.116338 .9627092 .9567106 .9424129 .8499925 .770753 .7289034 .6937048 .8065175 .8772479 .7931072 .6409066 .8169059 1.020076 1.051771 1.348752 1.755442 1.941923 1.82755 1.470757 1.280382 1.229424 1.248784 1.218768 1.033442 .9988656 .9206901 .7820773 .7050155 .6149152 .6096823 .6781707 .6963665 .7007008 .6938931 .6883138 .6799319 .6728663 .5901062 .5071682 .5001424 .5176888 .5440202
1.270581 1.31163 1.39694 1.510388 1.631019 1.72409 1.79239 1.882661 1.911212 1.891264 1.739564 1.527882 1.368493 1.250019 1.343423 1.496287 1.577667 1.479804 1.337978 1.24258 1.090052 .9078905 .8670359 1.004694 .9856405 .8253595 .6385977 .6521632 .7717441 .8795781 .7172164 .6420944 .901655 1.02367 1.047633 1.396961 1.834161 2.062531 1.873627 1.412038 1.129751 1.046894 1.119339 1.249307 1.035092 .9498191 .9132736 .8183287 .7491538 .6612866 .6301489 .6699448 .7035085 .7074163 .7048936 .711867 .6941246 .697732 .6151239 .5037971 .445434 .5392938 .5648749
1.287045 1.345309 1.446751 1.588109 1.699703 1.789341 1.866986 1.907468 1.89005 1.852138 1.706631 1.461138 1.309984 1.227719 1.312917 1.495726 1.599254 1.507167 1.330027 1.217654 1.064187 .8764592 .7958271 .9721344 1.060338 .9364892 .7251483 .6541461 .7083349 .7875439 .6753843 .6899793 .9637179 .9624676 1.092258 1.498595 1.877959 2.069042 1.930292 1.418711 1.050784 .8803526 .9722282 1.175503 1.086307 .941794 .8777712 .8294314 .7797746 .7117931 .6561277 .6648089 .6781014 .7033927 .6987456 .7103983 .698941 .6811353 .5670626 .5055207 .4984713 .5499343 .5824478
1.348805 1.372548 1.501985 1.663124 1.769654 1.856128 1.97512 1.925246 1.798795 1.70315 1.715886 1.500586 1.290145 1.229767 1.320822 1.41642 1.501319 1.482946 1.369698 1.277545 1.119333 .9076071 .7852656 .9154828 .9941556 .9212325 .8528621 .7620454 .6888893 .6677893 .6384373 .7772774 .9100081 .9202005 1.212259 1.603887 1.941484 2.027329 1.859941 1.409431 1.069263 .8208724 .8465024 1.022277 1.041919 .9627075 .9006803 .8440545 .7966114 .7536537 .7050422 .6508058 .6746233 .6827646 .6916426 .7028095 .713692 .6282492 .5144255 .5403139 .5750465 .5875317 .6017555
1.419459 1.451678 1.5751 1.7465 1.855143 1.94813 2.019975 1.909029 1.556244 1.466341 1.65671 1.583061 1.384898 1.311182 1.316658 1.355233 1.415661 1.390576 1.321582 1.272554 1.200539 .9837421 .8637605 .8869497 .9389672 .9052834 .8658657 .8640583 .7721307 .6146383 .6332602 .760627 .8259748 1.018459 1.343097 1.72221 1.972713 1.914155 1.671016 1.346188 1.119223 .8555595 .7940077 .9033386 .9420385 .9214907 .8987208 .8786005 .8371916 .80657 .7598053 .6794446 .6575961 .6776736 .680301 .6827387 .6852386 .5696914 .5077885 .5672784 .6271982 .6280556 .6387302
1.497069 1.567044 1.705447 1.83563 1.981107 2.023968 2.020735 1.863239 1.357122 1.263061 1.52565 1.532964 1.476918 1.406927 1.364437 1.312632 1.33799 1.310288 1.275629 1.253493 1.205195 1.06586 .9616495 .8991532 .8590783 .879707 .8750809 .9121377 .8310992 .6338671 .5813562 .6459712 .8281036 1.122333 1.483543 1.821143 1.947405 1.815237 1.503893 1.215441 1.090214 .941824 .8374657 .8415467 .8785037 .8776121 .8624581 .8552692 .846778 .8356873 .8056077 .7320717 .6875176 .6633942 .6469445 .6405852 .6074881 .543918 .4902818 .5397304 .6643374 .6828114 .6779949
1.591729 1.712261 1.822928 1.940973 2.059387 2.109374 2.007263 1.687731 1.237459 1.131526 1.415537 1.430662 1.475433 1.473231 1.434119 1.327333 1.310378 1.289135 1.25408 1.22464 1.202241 1.158997 1.066204 .9152876 .8214124 .8626171 .8799573 .9552837 .8795744 .6836894 .5268729 .6054853 .8963501 1.222929 1.553479 1.814152 1.868823 1.697625 1.425011 1.119116 .9858241 .9578188 .9220681 .9044417 .8742028 .8386348 .8446539 .8341867 .8073504 .8102595 .8179314 .7689207 .7142249 .640239 .6190684 .621371 .5522796 .5265485 .4800825 .5289305 .6703765 .7296043 .7365518
1.674791 1.822103 1.95501 2.022159 2.115657 2.017631 1.881083 1.580017 1.189796 1.08113 1.246726 1.296764 1.422515 1.466362 1.411148 1.32372 1.263979 1.292099 1.27461 1.260221 1.195835 1.189239 1.098804 .9028929 .7789719 .8301808 .918054 1.041452 1.005382 .760866 .5402288 .6289188 .9347554 1.261478 1.579196 1.772487 1.768967 1.594346 1.360448 1.091864 .9341934 .9033557 .9105762 .9317456 .9204138 .8751855 .8762685 .8427991 .7629799 .7658554 .7843558 .7562069 .6826483 .6241785 .6316383 .6323809 .600819 .5778683 .5625373 .5404015 .6168285 .7554123 .784189
1.759759 1.884463 2.046342 2.130486 2.103655 1.924421 1.790984 1.564497 1.246513 1.068635 1.127231 1.158352 1.338345 1.423657 1.410615 1.318274 1.208615 1.245524 1.302398 1.34139 1.261014 1.221722 1.094172 .9059879 .797901 .8246971 .9641311 1.0869 1.087033 .7902064 .5279185 .5896274 .9177555 1.288401 1.571526 1.690035 1.639353 1.535655 1.321655 1.048659 .9425707 .923157 .901582 .9348425 .9111766 .892515 .9002566 .9207535 .7893479 .7213902 .7200549 .6881583 .6509731 .6607381 .6716828 .6765425 .6628027 .7024317 .7478552 .5691504 .5510117 .7627562 .8101553
1.835761 1.959521 2.09574 2.161902 2.027351 1.817929 1.744979 1.613515 1.315717 1.081593 1.046701 1.071091 1.219347 1.315254 1.376567 1.369227 1.153736 1.159351 1.322465 1.333982 1.255009 1.203341 1.051195 .9340655 .8898847 .9428426 1.034191 1.125495 1.111899 .8465276 .5368827 .5321843 .9481993 1.314232 1.517384 1.565748 1.506405 1.469054 1.311634 1.045353 .9166873 .9350002 .9344611 .9437118 .9231607 .8937223 .8708799 .9433917 .9231319 .7366291 .5799863 .5325822 .6061097 .6855436 .7405019 .7381378 .7736362 .8949021 .8775373 .5694802 .5440871 .767099 .7979077
1.897529 2.017287 2.140046 2.120239 1.99876 1.698698 1.705196 1.627092 1.36672 1.196321 1.094116 .9938416 1.056104 1.162899 1.344931 1.451526 1.211913 1.125739 1.248794 1.26908 1.199557 1.191555 1.017172 .9446288 1.014631 1.084424 1.152708 1.151763 1.110721 .931308 .5243302 .6099303 1.018706 1.277837 1.429354 1.436372 1.380605 1.369618 1.296363 1.094159 .9618996 .9455469 .9455138 .9497628 .9623756 .9088912 .8655078 .8741276 .9257826 .816326 .5379933 .4100558 .5294731 .7293638 .8193027 .8383757 .9111637 .9812887 .9177256 .5917645 .5664982 .7191225 .7600584
1.972088 2.074221 2.102844 2.02774 1.851741 1.626705 1.693124 1.626636 1.390275 1.279191 1.171264 .9769767 .9575408 1.029244 1.274507 1.474291 1.352117 1.152799 1.167918 1.140748 1.099594 1.140238 .9764441 .9286858 1.092435 1.206176 1.271545 1.180369 1.122529 .968192 .666518 .7103394 1.011066 1.202539 1.319668 1.317806 1.24879 1.264445 1.278763 1.137273 1.012354 .9534701 .9660509 .9466159 .9712647 .9307342 .8961582 .8437078 .8474919 .7895476 .5246773 .3830854 .4302442 .7378841 .895389 .9069604 .9355388 1.024161 .962377 .6727924 .6027799 .6269238 .657959
2.048364 2.079974 2.000909 1.85987 1.609891 1.527471 1.699098 1.588771 1.445888 1.344503 1.23636 1.071083 .9373619 .9773964 1.138475 1.383626 1.445091 1.259463 1.088023 1.028298 1.016438 1.075128 .9109082 .8566043 1.118071 1.273296 1.383574 1.293221 1.183249 1.017118 .8133493 .8147645 1.005485 1.117068 1.174651 1.180837 1.121777 1.17368 1.229337 1.219536 1.06461 .9620088 .9869909 .9735235 .9674984 .9299357 .9101428 .8632447 .7749735 .679855 .4702399 .3848891 .3779712 .7438107 .9368971 .9380554 .9599099 1.040075 1.05086 .8439054 .6466452 .628559 .6383086
2.129757 1.9582 1.805831 1.659111 1.373912 1.408845 1.668662 1.642941 1.554898 1.431652 1.30861 1.163808 1.009496 .8811908 .9832813 1.218852 1.439608 1.37136 1.132093 .9694306 .9365506 .9804128 .8669906 .8146889 1.052607 1.282773 1.423188 1.435662 1.278208 1.056581 .8846242 .8473529 .9923708 1.034428 1.051667 1.01974 1.007817 1.078195 1.157528 1.203806 1.090883 1.027855 .9999054 1.032155 1.025972 .9512571 .8971658 .8484411 .737425 .5389903 .4121881 .3468956 .4362459 .7420623 .8951898 .9166704 .9364111 1.015318 1.035576 .9980502 .8008099 .6657768 .6952072
2.101244 1.785865 1.591381 1.488221 1.228173 1.322086 1.584101 1.626723 1.663499 1.563791 1.39344 1.237992 1.080821 .8666896 .8461176 1.074512 1.351635 1.396738 1.221919 .9906341 .8598381 .9056765 .8357959 .8032608 .9956792 1.260516 1.445117 1.529843 1.361428 1.08958 .9093389 .9294547 1.011471 1.033433 .9587747 .8887216 .9334213 .9742056 1.070451 1.161022 1.124554 1.077756 1.028799 1.064259 1.063695 .9996293 .9351649 .8414478 .6415985 .4078086 .4072875 .2959284 .4898481 .7222372 .8377578 .876873 .9032151 1.008624 1.056095 1.081895 .9457058 .7534204 .7545115
2.010335 1.601574 1.399496 1.317866 1.135216 1.263964 1.489588 1.627381 1.663677 1.642495 1.444811 1.262366 1.117007 .958007 .8251932 .9785944 1.232941 1.306224 1.238687 1.106535 .891629 .8359951 .7956844 .7945768 .9900433 1.260761 1.46432 1.514461 1.356521 1.084511 .9109806 .9709799 1.090065 1.08699 .9488155 .8093046 .8331808 .893982 .9772626 1.077002 1.113435 1.07777 1.04343 1.074583 1.098672 1.041441 .9582216 .8825458 .5860204 .3812196 .440614 .3969209 .4296175 .6488482 .8175788 .8397695 .8633736 .9626178 1.029 1.102138 1.005923 .8687763 .8440446
1.930933 1.459901 1.213231 1.138595 1.069304 1.256211 1.430949 1.552246 1.625073 1.676296 1.539441 1.331163 1.13797 .9868497 .8443861 .9365056 1.098284 1.181689 1.177899 1.147744 .9779533 .8548611 .798079 .8048574 1.006805 1.287064 1.491292 1.524579 1.334201 1.088455 .9338947 .9792519 1.045537 1.112905 1.019661 .8589745 .7697212 .8232672 .8927994 1.015857 1.106894 1.09717 1.090913 1.095726 1.089463 1.012908 .9324479 .8825737 .6564657 .4036756 .4896794 .494979 .4595681 .5549138 .7819008 .8113632 .8190535 .890941 .9691105 1.09042 1.053516 .9624374 .9203827
1.848507 1.402717 1.057669 .950491 1.084237 1.31219 1.389667 1.446462 1.581912 1.61732 1.549583 1.41943 1.23462 1.056788 .9220607 .8973415 1.021018 1.065762 1.110023 1.103209 1.004774 .9111648 .8104814 .8194765 1.056959 1.37673 1.50251 1.488699 1.278926 1.096307 .9959289 .9768891 1.026222 1.07385 1.041067 .9290714 .8245396 .8075709 .8647871 .9906692 1.088578 1.123279 1.13113 1.085791 1.051803 .9954574 .919104 .8464168 .7190002 .5260531 .5371209 .5496187 .530561 .5027604 .7146317 .7706128 .7881732 .8246188 .9176775 1.016461 1.069726 1.029829 .9984421
1.769591 1.383844 .9909479 .8527811 1.105741 1.318722 1.355967 1.402847 1.521208 1.530971 1.465212 1.418779 1.353038 1.153577 1.025687 .9341933 .9481211 1.004506 1.066888 1.035013 .9776446 .9307415 .8147597 .8209032 1.117586 1.449325 1.569835 1.438299 1.161845 1.045046 1.018953 1.027768 .9933245 1.017721 1.016369 .9694548 .8910867 .8045515 .8418331 .9279315 1.05713 1.129887 1.16959 1.034193 1.000306 .953967 .892617 .8586674 .7688135 .6714783 .5918965 .5844732 .5678575 .5640376 .6468093 .7196948 .7465016 .7790673 .8375875 .9474789 1.058823 1.064041 1.040856
1.668769 1.380258 .9885406 .8054582 1.094685 1.277864 1.354272 1.419491 1.495693 1.447261 1.354734 1.340966 1.349792 1.189941 1.102571 1.084779 .9597591 .9585019 .9861042 1.003789 .9524009 .9197974 .8057339 .8148024 1.15749 1.483133 1.637068 1.420077 1.112582 .9746542 .9866152 1.032062 1.028057 .9772271 .9796999 .9735665 .9165068 .8439412 .8427252 .8845978 1.013497 1.116174 1.156145 1.030187 .9685844 .9142707 .8522504 .8752018 .8468807 .7390807 .6529432 .6316173 .5969461 .6227502 .6377416 .6762078 .7031451 .734046 .7603068 .8548658 1.007866 1.084137 1.080369
1.567485 1.334293 1.037347 .7889794 1.012622 1.21057 1.374536 1.439571 1.478746 1.396624 1.282634 1.253299 1.313859 1.175352 1.061174 1.125082 1.063458 .98927 .9786242 .9883276 .9243919 .9182535 .8174278 .8685086 1.198843 1.484841 1.605295 1.419583 1.120813 .9363506 .9402709 .9922255 1.044757 1.003839 .9727778 .9490293 .9113666 .8870292 .8646264 .852918 .98804 1.094834 1.091421 1.014073 .9583505 .9257851 .8573303 .8572739 .9000345 .7593245 .7085852 .717582 .6520082 .6585217 .6620348 .6727498 .6855061 .6923404 .6817076 .7597095 .9159529 1.048925 1.094216
1.498718 1.276201 1.080857 .8010351 .9284221 1.175534 1.391749 1.428558 1.397615 1.4152 1.303639 1.212903 1.231061 1.139091 1.039997 1.096481 1.063711 1.000306 1.094676 1.089529 .9190763 .884465 .8136439 .8519439 1.177235 1.44234 1.598463 1.431567 1.132559 .9482513 .9124684 .9392585 1.010965 1.011133 .9868449 .9588737 .9467679 .9539728 .9354596 .8725973 .9867392 1.071947 1.037118 .9627727 .9556043 .947252 .8897846 .893809 .88895 .7567167 .7469612 .7692615 .7623763 .6874169 .64109 .6574009 .7033018 .7078542 .6604629 .6708913 .8013467 .966812 1.08482
