py_wake/examples/data/AJ_ParqueFicticio/Rough survey   Sector 9   Height 200m   Power density.grd
DSAA
73  159
 258469   265669
 6501692   6517492
 168.9136   2068.485
[rows 84 to 111 of 159, columns 0 to 62 of 73]
512.6025 508.8181 505.8895 505.4313 506.6908 509.3179 512.3516 516.9726 519.2756 521.7622 522.8419 524.1578 521.7698 519.4366 522.6678 524.5081 527.5159 531.349 536.6669 549.7852 563.6993 578.684 598.7332 629.9084 677.7254 750.4092 832.3564 900.3323 931.4067 914.4536 869.0552 821.3411 777.9894 733.7542 686.2096 635.2878 602.2916 594.4545 612.2427 642.6008 666.6988 669.4092 660.8523 644.017 624.5233 606.6924 589.6333 576.8201 562.296 548.3755 538.774 534.8864 533.7657 528.6217 518.6904 499.2702 471.1402 435.0264 396.4096 357.6546 317.323 277.8372 242.4399
504.9783 502.8447 500.1033 498.7819 499.6148 503.3914 507.3651 511.458 513.9303 516.5206 519.9749 520.4106 519.2117 516.2455 520.5826 527.4742 531.0392 532.3998 536.9794 547.3279 560.3678 580.0354 605.2183 643.0578 700.491 781.062 862.5952 918.8885 934.9455 902.1082 860.7402 815.1321 765.7169 717.1485 665.8604 620.5503 595.9905 602.0944 627.5604 657.7966 675.6716 674.2916 662.3268 646.4138 632.2788 615.4011 600.1652 584.874 565.2221 548.4714 538.4855 531.8903 529.6116 527.0917 518.6039 499.5512 469.7849 431.7245 391.8631 348.5602 303.5127 262.0481 229.2378
493.679 492.9332 491.1906 491.5641 494.0901 498.2754 502.9263 504.6557 509.4728 513.096 516.5021 516.0972 516.7553 515.3148 519.4891 527.4671 530.8301 533.7049 540.0388 545.9556 560.2719 579.0056 609.5294 652.9122 716.7164 795.0483 871.4565 924.8263 928.7563 898.5548 857.6802 807.4922 757.4275 706.0732 656.925 616.577 594.6303 610.8126 647.7515 672.7092 681.1431 675.7662 667.2406 652.4184 638.6222 620.5618 605.9117 589.9421 568.0433 548.4647 536.9671 534.881 532.2306 529.3794 520.6353 502.122 468.7604 427.188 381.6656 334.9179 286.8919 245.5102 219.6135
482.6953 482.1606 481.72 484.5073 487.2553 491.0779 496.2683 500.0081 504.8767 509.9536 511.6523 512.6049 513.66 516.7467 519.6924 523.9261 528.0529 534.7728 541.2076 547.7335 562.3826 584.3856 616.0843 662.6098 728.1714 806.2044 882.8856 936.4977 941.4727 920.4129 877.1341 820.5501 764.5543 708.9124 659.2246 616.7562 602.6197 629.8994 659.1343 680.717 688.3021 687.0535 678.3431 662.8718 645.6385 625.3006 607.7079 590.1067 567.0651 543.8805 532.2759 536.4857 538.3431 531.936 523.4084 503.1346 464.9703 416.2751 366.1208 317.9345 270.5057 233.7083 218.6307
475.2188 472.5652 473.0741 476.9641 480.8202 484.0786 487.8894 491.7228 497.0756 502.7189 506.5229 508.1314 511.1784 516.5123 518.934 520.5902 524.5431 533.3346 541.1384 552.4808 568.981 594.146 632.5541 686.3268 751.7868 829.9849 910.4412 971.0055 982.6208 960.1912 906.5208 837.6674 772.3415 711.9959 659.9379 621.2736 617.291 643.9736 671.0942 690.9718 701.2795 701.3271 689.4949 667.93 643.6354 620.5491 603.6244 582.5112 556.9108 535.131 527.6819 533.9909 538.015 532.2794 520.9822 495.1859 453.273 402.0998 351.5356 303.3737 258.9301 230.4055 225.8942
468.3012 464.8439 465.897 470.0259 475.4501 477.153 482.3523 484.0476 489.381 496.1092 502.6011 505.4262 507.8555 515.3062 520.0046 518.9521 523.2236 531.4955 543.4061 557.3106 580.1656 612.643 663.1224 728.3538 802.1836 878.518 965.1288 1028.731 1042.566 1001.321 924.6769 842.3873 769.8115 704.8783 651.2264 622.1418 628.5653 660.6671 686.5798 708.1467 716.417 710.0695 688.7458 659.0099 632.9869 612.5283 594.1799 571.4383 542.6083 525.0675 522.9254 530.1882 531.0685 524.5795 508.6986 481.9718 437.335 384.1979 335.5369 294.1954 254.6435 232.6146 233.0781
460.9773 459.2261 461.6396 461.8773 466.7936 473.075 478.3796 481.2594 484.8878 490.2133 496.6924 501.2202 507.314 513.0579 519.5726 521.4042 525.3301 535.1539 552.298 570.5881 600.5662 644.3906 707.9327 791.8109 875.4476 964.7806 1048.15 1111.891 1102.559 1028.732 925.7727 836.9031 759.387 695.1604 643.0144 632.8842 645.3196 671.7278 703.0509 725.6853 731.7419 716.8504 683.6029 652.4318 632.2253 620.4189 598.6811 573.4537 541.514 525.1828 529.111 537.2631 531.3133 520.3948 498.1276 464.7991 418.5029 370.5192 327.0794 291.8522 258.2444 240.0801 239.4324
456.387 454.1903 455.4193 455.6784 458.9035 467.061 473.6191 479.9072 484.8508 488.6926 493.7398 498.2451 505.1089 512.8862 520.0085 523.923 530.4789 546.681 571.8167 598.8127 635.3613 692.289 771.592 869.5444 975.0153 1053.942 1128.8 1174.635 1138.497 1035.823 921.1803 823.1158 745.4214 683.3372 643.7233 653.7675 661.6388 684.0274 718.6669 744.0683 744.7233 719.2969 685.7056 661.1791 648.309 631.3685 604.8329 568.9386 540.7927 530.3798 539.1879 542.643 531.8102 515.2514 486.6811 443.2457 406.0792 370.7998 337.1783 303.0096 269.8329 249.7463 247.67
448.4702 447.4725 447.8093 448.9734 452.7097 462.4275 472.194 478.8506 485.5124 490.1678 494.6152 498.5891 505.5645 514.11 523.441 529.901 541.8679 569.2456 608.3417 645.1245 687.0265 755.1376 855.317 968.845 1069.822 1136.059 1191.536 1212.396 1148.687 1032.213 912.7368 810.9325 726.4318 662.008 641.912 667.6251 681.5337 700.4371 733.1273 761.0084 754.1993 728.9691 700.9257 681.2878 663.6731 634.4131 597.7587 561.7897 541.4029 540.3008 549.087 548.4924 530.6619 506.219 474.5455 438.9913 411.8 386.9806 358.7441 320.3477 281.1893 256.4166 251.8931
440.8125 440.6558 441.6774 443.3148 449.0028 459.8924 470.5408 478.8959 486.7185 493.1334 497.6201 500.0216 508.474 519.0615 529.8526 542.8572 564.0367 606.3011 661.7498 711.6902 760.1612 840.917 949.6322 1067.703 1159.968 1203.246 1235.651 1228.337 1139.851 1011.742 890.5723 783.8915 701.1345 646.2914 652.7026 683.4191 702.4647 714.4342 750.4325 777.6329 773.8102 748.7881 719.7616 694.4325 665.1382 623.8238 585.1671 558.448 550.5129 553.0707 556.9454 550.2646 527.7283 498.8131 467.9013 441.8264 421.1277 400.6805 371.6225 330.5477 288.5946 260.3709 254.8115
432.6203 434.7555 436.5872 440.2034 446.5453 457.8608 469.6043 479.9279 488.8018 496.2488 501.2372 505.4439 515.0151 529.1078 544.9209 564.5031 599.7209 658.0957 730.1039 793.4763 856.2813 929.4513 1038.7 1156.897 1236.76 1259.697 1261.331 1220.657 1106.895 972.7581 852.4468 753.5623 680.0101 645.4655 668.5152 704.8642 718.8546 732.9626 772.3542 801.7448 798.7757 767.5474 730.3104 689.5378 647.1616 603.2265 573.2028 560.4467 559.2488 558.5922 555.955 542.0959 519.6696 495.394 469.0698 447.4518 428.7834 405.3755 375.8334 336.1195 293.4908 262.532 254.0331
424.515 429.0938 433.1636 438.9222 446.8335 458.0874 470.4633 483.3849 492.9627 500.329 507.496 515.4797 527.833 545.4625 569.4331 598.7582 647.7135 720.6471 807.7153 881.6499 952.4899 1017.984 1116.774 1231.928 1297.658 1293.309 1254.793 1169.074 1046.833 917.5233 812.5175 730.642 673.7637 657.2169 692.6306 728.8213 743.8808 755.8909 786.9372 815.9365 808.6528 762.2307 713.7722 664.6962 624.1705 589.2937 570.5602 562.3868 558.7317 554.6951 546.673 531.3483 507.2985 486.4969 467.1936 453.0558 433.4922 407.742 377.9622 340.6983 299.5332 265.7584 251.333
417.3836 424.9778 432.8452 440.9623 450.5672 461.8073 474.2116 487.8165 499.303 507.1145 515.4969 527.7441 547.1391 574.6364 608.0269 648.3489 705.6956 788.2126 888.969 980.1791 1051.498 1101.774 1184.598 1284.492 1324.514 1282.576 1188.137 1075.71 961.0674 860.1461 784.8738 728.9562 691.5527 682.2482 718.6425 756.4019 771.9669 778.5001 798.3551 821.1005 787.0729 732.5937 680.0637 633.5881 601.9762 581.0818 566.7487 555.0354 547.172 538.7078 530.7241 514.4785 489.8117 467.4686 461.7509 454.0556 434.2733 408.7861 382.2998 345.4468 304.6449 268.8446 248.3218
412.5764 423.9817 435.2202 445.1972 456.0721 469.6884 480.9312 494.378 507.3096 518.309 530.8701 548.5962 575.3105 614.4023 663.4612 714.27 772.9507 861.0231 979.5385 1085.785 1145.581 1174.535 1234.039 1303.208 1302.5 1206.302 1081.55 973.538 897.2371 843.2709 802.0592 763.9025 727.0604 710.725 741.5992 782.1816 793.126 790.8644 789.334 787.929 749.3572 694.2206 641.6964 605.5735 577.6793 558.1966 540.4456 526.8326 514.9296 508.4133 503.6563 486.9629 468.5771 462.6602 464.4235 455.6649 434.9764 409.0426 381.5205 346.537 306.3126 269.4655 243.1137
412.677 427.0152 440.2167 451.382 461.8376 478.9967 493.476 503.691 518.9669 535.5332 554.6708 579.0107 616.2915 669.8243 734.2357 793.9567 857.1882 961.1835 1085.45 1184.771 1226.021 1231.391 1260.796 1286.198 1227.221 1105.234 990.8282 928.6424 908.6411 887.9243 854.0983 806.465 758.9538 733.018 752.09 791.5715 795.7997 771.1836 751.7875 736.5625 701.3108 652.5153 605.5899 573.0954 551.592 528.8514 504.7924 484.1408 472.7295 471.3036 468.3988 465.0074 466.8941 480.9088 482.7957 474.5184 448.2639 417.7847 382.7129 344.9474 305.3134 266.4272 237.9438
416.4603 431.8146 448.9317 462.1289 472.6074 489.1724 509.0831 521.4567 538.1112 562.724 588.6891 622.7574 672.2108 740.8113 817.1697 883.4968 962.9351 1067.17 1185.732 1269.532 1285.943 1269.638 1257.961 1223.657 1128.505 1020.952 960.3649 958.8973 969.2791 953.6078 900.9602 833.4019 769.2524 739.1913 751.4847 772.9921 758.412 724.3088 701.8936 684.4323 651.1087 607.9355 570.8351 538.4445 520.158 495.0579 473.0154 454.8402 453.3393 457.5768 466.3381 478.6361 500.1449 516.9782 515.7488 500.5495 471.3749 436.0059 394.4837 353.0912 312.1879 271.0407 238.5495
426.913 444.9794 462.9593 478.545 490.6422 505.7836 528.3284 548.9931 568.8539 600.1999 638.3509 683.2213 743.757 824.1215 909.6987 989.3265 1074.95 1170.328 1266.345 1330.51 1323.062 1277.006 1217.821 1133.033 1046.159 999.5283 1003.396 1032.454 1040.754 998.1915 920.2064 834.124 764.1376 734.5516 740.4155 737.4789 711.4944 676.8463 648.0287 630.3939 598.5783 566.4586 538.7401 518.0825 500.4303 473.3165 452.109 444.319 456.3899 478.214 497.5245 527.8867 554.2621 565.3121 556.1267 532.6293 496.2708 453.0671 408.5466 365.636 317.8575 268.0592 232.4773
440.1765 461.8099 480.4337 501.1818 516.9086 530.6649 554.3094 584.8575 610.2689 650.5536 702.7095 758.7661 832.9803 920.7805 1020.144 1107.228 1185.053 1258.312 1329.754 1362.562 1327.749 1244.31 1144.863 1062.456 1028.788 1041.68 1078.542 1100.231 1077.108 1002.038 905.06 814.7652 749.7706 725.1198 721.5352 701.1298 670.8348 634.0963 601.7857 572.6002 549.3732 538.0411 528.5961 523.8585 503.5666 473.1992 445.6123 453.8625 480.2851 513.4296 552.0123 587.8973 611.8588 614.1428 595.4296 562.3305 518.5358 471.6868 423.3564 368.4568 306.2202 252.4376 226.0921
456.8357 478.6273 502.1319 529.0114 552.5938 566.5123 587.8007 627.1401 664.7091 713.5984 779.559 849.1844 939.4737 1047.706 1141.167 1217.665 1276.261 1330.787 1371.244 1367.566 1298.461 1190.163 1096.565 1050.917 1067.502 1110.445 1142.79 1128.592 1064.284 970.6884 874.0568 791.254 734.0446 708.3055 689.1313 658.5657 627.6578 591.7438 557.7334 532.8979 531.8302 543.5859 555.2789 548.679 521.371 481.8557 461.6433 479.2776 516.8456 562.8812 608.2626 646.8196 667.0971 659.0746 626.6299 579.7933 528.2455 476.2554 419.2682 356.5932 290.6834 243.5178 232.4462
476.5023 498.4865 527.5925 562.8965 592.9232 606.5416 625.6181 672.3358 727.2183 786.7044 866.1393 960.2252 1063.897 1174.277 1254.095 1312.489 1346.649 1373.707 1385.323 1351.387 1264.485 1163.312 1093.471 1080.608 1117.34 1155.789 1153.952 1100.775 1016.181 927.4003 846.1381 772.5225 716.3081 677.2528 647.1594 614.0732 579.9285 547.0407 522.0731 521.8285 546.0941 574.3774 588.3638 575.5334 537.6506 495.6148 487.2095 516.6541 563.1992 613.4608 661.4846 702.5364 713.7984 688.0687 637.5027 581.1638 524.0406 466.6837 407.8948 343.079 283.4886 244.9986 246.0318
492.5257 520.3188 556.9428 599.2344 633.6049 647.7769 670.985 723.1021 787.2771 861.7537 961.7457 1079.463 1193.988 1296.442 1357.854 1385.959 1395.408 1395.111 1386.602 1334.847 1249.951 1163.79 1109.914 1106.754 1139.22 1147.699 1115.663 1047.943 974.0206 905.3303 835.0125 760.3643 695.5443 647.7949 613.48 580.0704 541.2928 513.1237 508.3971 532.1793 572.6011 608.5196 612.5235 586.634 544.501 519.6537 523.6235 555.4366 604.971 662.3934 715.1808 752.0687 749.4052 705.6907 641.4168 584.1416 525.9556 464.8426 401.698 340.5563 285.8511 249.3466 251.1132
514.4028 544.4283 585.1852 632.0952 669.9817 688.902 720.4319 780.0195 852.1641 946.6462 1065.464 1199.993 1326.985 1412.96 1445.849 1436.643 1420.102 1397.85 1377.882 1324.13 1241.367 1161.698 1110.91 1102.992 1116.26 1108.493 1061.049 1011.985 959.4274 903.9113 831.6931 746.9207 672.2095 619.3567 582.3242 541.0306 506.6261 490.5121 507.7726 549.0432 599.4271 632.6242 627.7008 600.3661 574.0076 568.5955 573.5933 595.6606 643.7015 708.0924 767.5222 798.5895 781.6808 725.0274 655.6796 592.4776 527.4718 459.1997 395.0205 338.334 286.3911 250.7181 248.576
547.2523 572.7402 611.7704 657.6146 702.0074 737.7756 781.3136 845.8166 936.0032 1045.451 1179.024 1326.51 1448.861 1509.501 1512.351 1460.696 1413.481 1382.918 1355.685 1304.089 1231.413 1146.313 1086.066 1065.608 1064.296 1056.448 1040.974 1009.001 959.5652 902.4014 816.8292 721.8832 643.1129 585.6786 540.396 500.1994 472.1547 477.2679 518.5605 572.3577 627.1885 657.2311 659.7554 643.5229 628.8173 629.4037 631.8855 636.0583 675.8842 746.5046 813.6417 844.2297 817.9181 747.0931 669.9362 594.1484 516.1436 442.8993 381.9467 330.8517 282.7256 248.8584 244.2479
587.9357 610.5807 645.5387 690.9019 739.9139 795.3154 856.0739 931.3628 1027.088 1146.372 1296.121 1449.132 1556.538 1586.056 1547.723 1456.921 1379.808 1340.422 1311.703 1269.36 1198.942 1111.552 1037.902 1010.913 1022.318 1027.341 1018.745 1004.643 969.8643 896.4914 796.9651 687.2504 606.2408 546.3826 500.9453 465.8422 451.4232 477.1887 536.4316 605.3541 667.3616 709.5334 725.8044 715.2178 701.6623 697.0893 685.366 677.9673 702.4919 771.9473 846.106 886.0941 846.9734 758.4375 662.2853 572.5069 488.8377 418.677 363.7411 319.7994 277.5983 246.7537 240.0981
636.8474 657.1552 690.7687 737.9246 790.8069 858.0745 937.3774 1024.91 1119.581 1243.171 1399.959 1548.555 1634.661 1623.194 1535.97 1424.094 1334.446 1292.604 1261.965 1224.684 1166.933 1080.47 1001.053 974.5769 993.8076 1014.188 1015.32 1001.308 956.8769 868.8585 751.6895 648.9666 569.4683 509.5767 468.8139 443.284 444.8468 489.2866 566.6376 652.0934 727.9441 789.3907 814.5493 802.4256 775.1971 755.8188 728.307 704.5522 722.0781 785.7087 860.8438 895.4371 839.1546 731.5333 618.9817 527.7369 452.6005 394.5496 350.4677 312.4673 272.8878 242.7606 237.7663
685.4221 705.1977 737.3307 793.2542 853.2094 927.0127 1014.267 1104.709 1200.13 1323.248 1477.923 1616.858 1670.432 1614.323 1491.982 1374.408 1285.622 1243.707 1219.603 1186.617 1131.823 1049.846 965.9196 946.9601 972.6736 1005.665 1025.254 1010.819 931.6924 818.2805 693.8973 591.3566 517.4852 470.0946 443.0443 435.3111 457.2413 518.1049 616.596 720.5635 815.8781 886.6542 913.3143 888.4332 839.7015 792.717 749.9195 719.6648 731.2618 790.2258 856.3613 869.8921 794.7755 671.924 555.6909 472.4736 414.7178 371.8039 338.3256 305.9488 268.3228 240.4762 237.8075
730.0735 751.1069 781.9669 836.5025 902.4034 978.8231 1070.751 1165.323 1273.007 1394.687 1538.537 1652.579 1664.128 1577.51 1451.4 1332.087 1243.432 1201.683 1185.485 1158.114 1098.952 1019.67 944.0942 926.4811 963.7813 1010.156 1036.396 998.2545 884.052 746.459 620.3815 529.0859 470.3081 440.4886 433.096 443.7742 484.0524 567.9667 686.6278 806.3018 915.3889 992.855 1009.14 959.0485 878.0328 802.6293 742.6241 707.9647 718.7737 771.1406 826.5782 813.5958 721.4534 602.0157 497.5675 427.972 382.1064 352.0586 325.5448 296.6845 262.3405 240.5293 243.592
760.1115 784.586 813.9068 865.7252 935.1288 1019.585 1114.87 1220.397 1341.025 1462.756 1587.672 1673.98 1652.261 1551.359 1426.042 1300.645 1212.748 1183.18 1171.164 1141.081 1074.787 997.6861 928.2532 920.3297 972.3745 1029.937 1038.658 958.2622 808.9167 669.4199 556.8556 481.8931 448.1847 437.5131 445.7275 471.5875 528.7357 630.547 767.4951 910.0342 1027.605 1097.617 1081.472 996.5873 888.0494 794.7949 727.2764 690.8266 698.1607 735.0543 767.0681 731.697 637.1138 529.2531 447.0663 395.2353 360.9946 339.8012 319.334 291.7153 261.6175 246.9073 254.3954
