py_wake/examples/data/AJ_ParqueFicticio/Rough survey   Sector 9   Height 30m   Power density.grd
DSAA
73  159
 258469   265669
 6501692   6517492
 .000164093   1949.029
[rows 56 to 83 of 159, columns 0 to 62 of 73]
148.7732 145.3717 149.2779 153.1454 156.8764 153.3157 145.9904 141.135 138.7339 136.2166 134.2652 130.5983 126.6213 123.221 115.1255 114.048 114.2691 115.1149 114.1685 113.8468 105.2697 99.23866 103.5868 107.8526 108.8345 107.6384 102.8953 92.07512 92.07635 115.3067 183.2359 199.6945 157.3911 167.4953 196.8951 227.3036 261.1039 248.1579 189.4616 172.5865 249.9865 263.5952 267.9232 254.5937 266.2263 328.6126 377.1255 334.5601 323.7862 327.7297 387.112 452.6154 382.4757 192.8535 87.11045 141.5619 288.4847 338.7511 242.4113 129.7134 62.22453 73.24557 135.0643
149.2009 140.1232 147.0268 154.1037 159.7617 149.3913 142.5428 138.1631 135.2463 133.7897 132.0206 129.8273 126.4273 118.122 114.968 113.9064 113.3189 113.5823 113.6412 111.8391 111.5633 107.9572 106.8397 108.8356 109.6411 109.2959 104.5837 94.85164 111.9845 153.3281 236.844 201.0737 172.1436 180.0242 220.5516 238.5843 278.9878 246.5229 214.037 195.6935 244.2299 278.1536 247.1894 236.3956 279.4176 341.3779 352.9252 282.0344 283.963 319.4579 406.7713 410.9189 334.9381 160.3957 86.11066 161.4891 298.662 335.1506 221.2019 120.5842 68.50088 58.14955 96.0566
141.2334 134.2727 145.4756 155.0968 160.8869 145.3995 136.8816 132.7267 130.8988 130.1438 128.9341 127.1316 124.779 118.591 118.6023 116.4886 114.2053 112.4456 110.4082 111.0124 114.0238 114.2271 113.1595 109.3498 109.5291 107.7424 104.0542 113.9646 130.558 185.5753 229.9741 207.7541 185.9207 178.132 205.7008 241.2639 273.4587 257.7697 227.3931 213.1653 242.9749 251.1963 221.7739 224.1346 284.2652 337.6001 324.7799 266.0129 258.2827 309.6425 380.8085 347.3916 288.555 153.4958 101.3683 171.7582 277.794 300.3121 223.5517 132.9807 75.77752 54.64618 84.43858
133.7378 141.3629 156.0429 164.1518 161.2024 151.3197 133.2809 127.8398 127.0095 126.6211 126.2457 126.4633 123.6014 117.1442 117.971 117.5702 115.7109 112.802 109.5882 111.4179 113.1587 115.6946 114.7967 111.474 109.2068 105.5905 108.4909 117.6679 127.8164 181.4891 217.8567 200.9439 188.418 183.2543 203.4145 257.5595 293.0869 275.8908 242.2803 222.9042 230.705 215.7237 190.7991 216.9536 275.7977 312.6225 305.3115 264.976 268.7346 302.8976 332.7946 281.9802 250.7694 156.0686 108.6332 153.397 237.5447 284.3818 224.2488 140.9308 83.98267 50.6893 88.83118
138.0121 150.3247 168.098 170.4965 161.0549 148.4894 135.5484 123.5395 124.53 124.902 124.7165 123.7716 121.3536 114.7612 116.7845 117.1451 114.9512 111.7541 112.5736 115.6813 115.83 115.3328 113.1491 111.9946 108.6413 102.3582 110.8404 114.1925 142.831 172.0473 211.9759 202.8001 185.666 184.6563 220.726 287.2581 305.9565 302.8414 261.5141 234.4112 223.2238 190.7438 177.4669 217.9804 267.2498 288.0795 272.4293 267.2161 271.4095 288.9434 271.871 224.5697 210.289 157.9494 128.0199 141.3414 213.3338 280.1697 212.5124 133.8817 81.68983 56.83234 92.47405
150.7486 164.9472 174.9834 159.699 143.1093 138.0627 128.6866 122.574 125.4014 125.5326 124.3831 122.795 119.1858 118.4514 118.4542 117.6322 115.6227 110.7454 115.2327 118.5784 121.3663 117.2401 114.0841 111.0053 105.1275 104.8698 112.1929 131.1836 160.5036 198.1618 215.6082 199.641 190.09 216.0684 245.2909 291.623 301.3824 293.8109 267.5075 239.3973 214.7657 187.1759 183.6094 214.9096 259.9492 263.532 241.7166 247.9924 287.8503 280.3376 228.54 207.0841 190.5425 187.5118 125.8776 148.511 211.9094 254.4212 203.2737 124.1857 82.15277 69.81416 73.21918
159.1853 173.3033 159.7265 149.5238 135.7941 127.179 122.4197 125.0654 126.2355 126.8737 125.3337 123.1634 121.3896 120.9937 119.4708 117.6187 115.5872 108.3052 114.8007 120.5903 121.5641 118.3792 116.0975 111.937 105.8059 112.8553 117.2883 146.7635 170.5443 199.0664 241.7504 224.0769 217.0964 243.8793 262.0481 295.7401 300.9481 283.6705 256.9324 230.3341 204.9772 184.4261 178.3766 201.5232 239.1485 251.4445 244.0924 243.2034 252.6559 266.3882 229.7439 175.7878 188.1926 184.6274 166.2477 151.3565 191.5916 219.7522 187.9636 120.4521 78.71121 69.66343 72.78696
164.1783 163.4672 152.6936 144.7445 135.4808 128.709 126.7337 128.767 128.0216 127.9893 127.1063 124.9025 124.0735 122.4722 120.1677 116.9446 112.772 106.4736 112.3201 118.7873 116.3261 114.8555 116.2255 114.3273 112.9138 125.2847 133.4282 152.1206 180.1019 212.3977 234.5575 210.326 210.0632 232.731 276.7194 312.9374 305.8958 279.3061 252.3617 226.2421 203.7414 182.5943 166.7415 179.8195 227.699 247.2928 241.9392 236.1299 243.0357 227.1348 195.7686 182.8406 217.1294 200.8729 164.9558 137.4927 165.8244 177.4196 157.9454 107.3345 71.27727 66.58754 72.197
164.3433 156.8273 146.5746 141.3907 136.6872 132.1644 131.3765 132.1602 130.4127 127.6614 128.0881 127.3702 126.0568 123.9344 120.349 116.4988 110.1405 111.8847 115.1642 114.972 111.7189 114.8984 115.9246 115.2524 121.0593 134.5707 138.0912 164.1818 202.9662 228.479 221.8454 204.8595 203.6837 228.8097 277.3422 286.7495 295.3841 273.6258 252.1474 232.3215 206.6697 174.3931 171.2037 182.2046 220.0452 243.6283 214.2065 215.0641 214.1514 202.3542 198.9604 199.1609 209.4746 175.8344 141.4901 126.4567 114.3007 123.6924 111.5878 85.16837 64.87634 70.06064 71.62247
160.4042 153.8496 141.7599 137.6436 135.8367 134.944 134.2759 136.6893 136.9634 128.3505 126.6338 125.8393 125.0693 124.646 120.5287 115.2935 111.0054 116.1056 116.9656 115.0644 117.6568 121.5152 122.1306 119.4316 123.9584 129.6695 136.2734 169.0101 207.7872 221.3414 222.8951 191.2847 194.3502 230.1092 258.5162 261.576 263.924 253.8466 237.6079 222.4618 200.3516 175.5655 175.3725 189.9505 229.7593 219.9034 196.8585 202.4484 206.4801 181.4221 187.8749 211.5878 212.6496 166.8698 128.4284 103.0531 89.48264 94.83068 83.7991 64.1211 73.24047 80.42287 74.25088
154.448 151.159 138.6469 134.6669 134.0897 134.5422 136.2337 136.3839 128.3918 124.014 125.7211 125.0629 123.0038 120.7363 117.237 113.465 115.0978 119.0113 118.8163 116.1943 121.7615 130.2012 126.023 122.6658 123.2237 122.0578 141.4723 174.3853 197.8255 217.6198 211.7186 200.178 200.0904 240.8771 241.6255 240.5314 241.0084 231.1258 214.2827 198.3827 187.3117 176.8105 182.6117 198.586 220.0331 197.7264 173.2865 202.917 216.4317 173.1385 178.7082 223.4413 205.505 159.3589 114.5755 81.63038 74.50857 79.9486 80.79211 84.62933 99.25764 98.54871 90.33987
151.3012 146.2246 137.7712 134.1298 132.9581 135.2625 137.6458 135.6055 131.2853 125.1696 124.437 123.8723 121.8994 118.195 114.2651 116.3611 119.1549 119.5039 119.3299 121.3669 126.5117 130.4178 123.4905 121.2703 118.8662 122.8606 152.552 174.1089 197.2982 215.2558 210.98 210.1609 216.841 240.8542 237 230.8413 231.036 218.6996 206.2879 184.9191 172.5351 187.1567 199.1223 203.497 197.6417 162.1618 169.5184 221.0668 221.2193 153.1458 194.0004 246.4855 203.733 151.0497 106.4187 66.466 67.82556 71.16487 82.9671 98.85839 104.8662 113.5059 95.77828
151.0095 145.7224 135.0802 132.9392 132.9727 136.8123 138.9773 136.3304 133.6603 128.0298 124.6434 122.7248 120.3744 115.1959 115.7986 120.0479 121.7148 122.2343 120.1284 121.9473 124.9207 120.0963 111.2492 113.0982 113.4117 142.8969 163.5589 167.1938 186.6894 210.0046 215.9017 220.7851 220.5107 229.8218 241.7422 230.5591 228.2208 214.7325 186.1707 177.8264 174.7803 203.3008 225.1718 222.5848 185.4896 164.1756 187.5819 220.3891 206.7937 147.7112 189.7539 247.6288 223.1382 148.9326 90.80775 57.99996 46.8338 66.183 93.66196 108.8223 111.6963 115.3541 86.88612
148.0896 144.4255 131.0411 128.2504 132.6103 140.3816 138.9867 136.2896 134.6102 131.3689 127.5322 123.0475 118.8225 112.6717 124.0273 129.2289 128.424 124.9771 121.6844 118.2037 114.762 106.4331 104.9068 108.8722 127.275 157.7288 162.4549 171.1799 188.6605 213.2357 226.7486 228.8354 225.9668 220.2773 239.5798 235.7074 228.4472 214.6416 180.6566 183.0692 211.9012 225.1597 233.9041 216.172 178.524 163.5891 177.4209 198.3488 171.5331 154.9252 214.8299 220.3277 175.3164 113.3327 75.75048 37.19592 42.17595 65.0201 94.41674 111.6623 112.8209 104.9631 91.69387
144.4714 143.4184 128.2922 126.4947 136.327 141.7993 136.8534 134.6146 134.6022 132.6216 129.7307 125.9561 118.4456 116.8103 129.1034 140.2637 130.536 123.7634 119.823 116.8021 110.1011 97.18286 109.5097 117.7558 145.4794 156.7805 160.6824 167.8535 194.8558 225.2868 224.3001 220.2296 221.8766 226.9132 250.2452 249.2635 233.9874 213.1115 197.9938 200.1496 229.1225 242.7948 229.8141 194.0973 174.98 161.5603 163.0619 164.6462 148.8041 153.2386 178.9554 141.5662 115.5758 91.88936 61.44922 41.22204 40.71253 68.72222 96.80055 108.4595 110.3282 104.7567 94.60665
143.3909 140.1232 131.9059 126.5009 140.025 140.9477 131.968 129.7754 131.1873 132.5725 130.7022 123.6152 119.6251 124.242 133.1815 138.5932 126.9815 122.2281 118.7681 114.3732 107.2731 105.2561 120.2281 135.2684 157.5504 154.7594 160.9373 166.5875 187.0367 215.8735 242.0011 234.2903 224.6271 245.3825 256.089 259.7188 252.3845 227.4398 217.2387 223.1564 231.6723 230.4175 210.2994 181.6133 174.4758 165.7484 153.3736 152.7459 138.158 140.2742 129.4004 107.8786 100.832 103.0144 84.38663 52.13556 52.17423 78.02091 102.7978 107.9435 112.0222 106.4259 94.34789
144.3698 133.1027 126.1506 131.8242 140.0586 139.0647 122.6763 124.2335 129.9163 135.8023 129.8482 126.7901 126.5531 127.4971 133.7108 132.621 119.9158 118.1021 116.4742 113.5448 106.5137 108.7826 121.9781 139.203 147.4131 152.2851 154.3843 160.1672 172.1428 231.4012 268.179 252.4487 261.27 278.9941 276.1584 279.1152 251.4187 230.5047 221.7535 219.9235 222.2531 219.0733 188.0607 186.5111 181.347 167.2306 155.9537 142.9115 142.32 138.7608 126.4586 109.5893 127.5528 148.7821 128.106 68.88777 65.26198 87.88105 100.6086 111.0067 116.7268 110.6224 100.2913
140.333 136.141 135.9957 135.8726 134.9865 132.1116 117.815 123.0383 136.8801 136.1951 133.3134 130.8439 131.6971 131.0003 129.8156 127.8001 113.6433 112.0287 111.0859 109.1645 104.1123 106.3038 121.6787 135.917 145.7669 148.5441 145.5901 152.5573 199.5353 263.552 291.9402 271.8263 291.3241 295.5576 285.4555 261.7968 241.5845 234.3593 234.9617 228.7879 228.8625 226.9298 183.3435 185.3169 175.2708 167.8805 138.9771 124.0187 137.596 135.1821 130.3461 123.1239 147.5953 181.0667 145.8904 79.38168 65.50455 84.93842 105.2902 119.7908 132.4586 124.1768 109.6144
142.0156 138.8917 137.8779 138.0378 139.7617 130.6344 111.8869 126.6464 143.49 135.1965 133.2753 132.1052 131.8062 134.6214 131.7488 120.8152 107.4986 108.1541 107.5933 104.8671 98.59645 109.1995 122.302 137.2707 148.2328 148.7957 145.1497 157.9111 212.6164 306.4514 294.7529 282.9757 288.3973 293.6359 275.2061 250.0414 242.4897 235.8544 235.5243 243.3424 244.8034 198.8479 183.4725 191.9193 163.7339 166.4666 129.561 105.6772 109.5029 121.9611 114.6088 118.0469 145.044 169.9882 151.2477 70.97537 61.74965 82.55333 103.3737 129.5297 142.7162 133.1645 102.4914
140.7238 140.1029 138.8637 135.6574 132.6616 118.2637 115.7727 131.5495 142.0969 131.9231 129.3342 129.0771 129.7939 128.1143 117.1798 110.3971 106.7615 108.0807 105.7545 100.9353 101.781 111.6386 123.0698 140.0863 146.2943 147.723 144.7309 167.3275 213.4698 298.2914 304.1237 301.5001 285.1807 260.7465 257.9649 245.3654 238.7877 242.6861 224.8511 220.4224 207.2226 183.1197 170.3242 149.1741 136.2044 104.0535 106.1498 80.48798 104.4008 111.9138 105.995 116.313 133.2039 136.6177 99.4428 60.64852 61.61602 80.86628 92.32295 113.3695 130.0826 106.6189 76.86759
137.4223 138.0171 137.8554 134.9855 125.6449 120.8104 120.4346 129.3058 135.1393 129.6214 126.7892 125.1358 125.2913 120.2549 112.2043 104.2403 105.285 106.6535 103.7711 100.4124 110.2302 114.3733 120.3093 133.8381 138.6703 139.155 136.9315 159.5083 200.564 294.9088 323.1506 305.1312 272.27 248.5777 239.0503 234.3833 234.7247 236.941 202.4109 187.5967 186.7251 147.8771 112.4532 105.9732 84.4509 88.90304 89.16219 93.34301 112.2098 112.1088 102.8554 100.715 99.30302 88.83731 65.82988 65.6869 75.11317 80.25387 84.03651 100.0329 97.02969 73.46056 55.15991
136.1842 135.4635 134.621 131.6155 120.8758 123.2463 124.335 127.5002 128.8635 127.3626 126.0745 123.9737 121.7853 118.4527 114.5694 110.1769 105.9011 103.9488 100.429 103.1404 113.3009 119.1379 132.1243 141.3437 134.6564 128.5678 127.8507 146.5864 201.8168 313.9004 362.0149 329.3638 291.8365 259.5532 229.0202 214.07 224.3223 205.7948 166.1186 168.2406 157.8022 113.1296 100.1232 98.11512 96.84754 120.4351 122.8593 118.9484 141.4423 117.9818 95.86038 88.81599 84.27337 81.81145 79.48659 98.96384 89.33665 80.92048 91.91186 102.2721 87.10385 64.86293 53.57455
135.7479 131.9923 129.8166 125.9642 115.7824 120.618 124.6335 126.427 125.205 125.5263 124.8256 123.0684 119.7114 117.1599 114.9655 113.0097 108.6853 102.297 95.25235 102.826 113.8626 119.5653 143.3638 137.1967 128.7 117.1003 130.1599 153.8294 242.0675 362.4449 426.0051 364.6102 309.5148 258.4978 223.1055 210.3514 213.9909 204.5525 155.8864 150.5185 113.9787 97.99015 102.8951 121.1273 142.3926 157.0248 148.0415 143.6207 140.3099 93.35004 84.77052 81.90411 89.835 106.5618 122.1124 145.166 126.4493 124.8993 127.2118 109.5358 80.01579 73.03755 59.2388
135.5937 130.7984 125.1921 118.2303 112.4391 119.8239 124.5884 129.0683 126.3675 124.0968 123.1651 121.4541 115.3079 114.3303 114.1643 112.3174 107.5528 97.23771 95.39854 104.9457 106.7418 117.0395 132.9215 126.489 121.4061 120.0199 129.7116 189.9286 327.6502 457.1021 441.001 347.9244 287.9709 236.7027 219.9031 212.3852 208.0478 179.7576 140.5359 119.6677 92.8315 97.2281 127.226 150.2292 177.5942 184.4041 169.2738 143.3867 100.0373 85.25556 88.74175 99.61882 113.6188 137.7358 160.528 184.7323 163.3746 165.8308 138.3783 101.9997 75.36385 69.23582 56.49449
134.4634 129.2296 122.7404 111.8522 119.6643 124.6908 130.4512 127.742 126.3572 123.1642 120.046 117.5804 109.5726 112.4013 112.9366 110.2125 104.8978 101.3751 103.2671 107.481 107.8343 117.5783 121.7483 121.1649 115.7099 127.3865 156.3442 239.9903 383.812 475.5076 429.3262 322.8182 252.2321 218.4019 206.8163 197.0315 175.3417 133.8731 114.2863 104.0013 99.27768 122.9789 176.9706 186.9202 190.7852 182.9152 158.1268 129.6569 109.0972 100.7966 106.7458 121.1221 140.0715 162.8987 178.1617 190.2299 179.1071 158.3379 113.5775 81.80725 68.26916 56.72807 46.65436
128.7044 123.9477 115.8338 113.9223 119.0519 126.6651 126.6096 125.0562 123.7659 122.1499 119.7193 113.7328 105.5492 112.4532 116.0612 108.9409 103.7408 106.6036 110.1235 108.7441 111.6258 119.7443 121.5778 118.2338 114.0809 135.1571 178.9583 278.1537 405.039 438.0436 352.9418 264.7139 217.7211 202.3004 196.6577 182.1539 154.8253 118.549 107.1065 108.1686 127.9869 171.7248 196.5445 201.0346 194.6311 174.1672 147.3384 130.0757 125.0614 122.7028 126.3322 133.7413 144.5444 159.7978 173.6588 185.5424 150.1059 119.5818 87.97411 65.5033 57.04716 46.29659 37.67363
124.1345 119.2764 119.5519 116.4633 115.637 117.8986 117.7893 117.6007 118.5035 118.0499 116.0898 105.0218 104.6889 107.2744 109.5576 106.4114 95.33403 104.8468 107.2412 108.1484 112.0835 116.1004 119.2898 113.6923 121.3495 133.3415 193.3441 306.2232 410.8525 414.0002 301.4572 238.1087 206.9645 203.255 201.0065 169.1538 138.5439 106.5719 100.5667 112.6993 169.6706 217.0753 219.2115 207.995 193.3563 169.2734 144.5334 132.5773 127.6641 125.2394 127.3165 134.0641 143.533 155.1411 168.6186 161.9185 127.1665 103.1917 80.89828 62.84448 53.8851 43.15901 33.07689
121.357 115.0228 114.9394 115.2354 113.212 111.0639 113.2934 113.4346 113.4623 113.4875 112.8122 109.3419 104.8068 103.9524 102.8641 98.3027 96.1981 104.6028 101.1423 104.7371 112.5462 113.9244 113.3859 117.4141 119.9267 161.4171 237.3016 355.6111 418.2706 388.3166 289.2064 236.1672 222.2027 214.5761 208.7672 161.6237 111.2942 86.7893 95.18714 155.6115 217.77 226.1251 214.9051 193.6213 178.698 153.6815 137.3795 129.6731 132.5225 123.9008 122.9158 128.3386 137.8985 148.0297 156.6032 135.1309 111.3146 96.0433 76.07069 61.05977 52.24754 38.46169 27.04346
