py_wake/examples/data/AJ_ParqueFicticio/Rough survey   Sector 6   Height 30m   Orographic turn.grd
DSAA
73  159
 258469   265669
 6501692   6517492
-61.52128   44.63026
[rows 0 to 26 of 159, columns 0 to 60 of 73]
1.198848 .6568117 .4762866 .2871809 .1654406 .01446075 -.1619447 -.2946503 -.4141465 -.5200894 -.5968238 -.5550356 -.5444228 -.442071 -.2472481 -.1066736 .06175583 .1162924 .2531548 .2404373 .1490357 -1.397327 -2.814539 -2.696736 -.5228118 6.499084 8.047272 4.227514 3.644918 4.962468 6.29756 6.128327 7.16511 6.684065 6.883835 6.281044 3.700176 .2184375 .6618062 .5608006 -.08871818 -1.423512 -2.528451 -3.658319 -2.90104 -2.890966 -2.651401 -2.724424 -2.75265 -2.839326 -2.935021 -3.01928 -3.13038 -3.289031 -3.111229 -2.889468 -2.650828 -2.248301 -1.861621 -1.252294 -.5756105
.2907829 .3028022 .3113707 .162649 -.03342671 -.2031864 -.3138976 -.4621959 -.5481651 -.6721333 -.8663819 -.8250606 -.7901402 -.6901574 -.3910797 -.09487007 .1417523 .3374619 .7872048 1.303936 1.979195 1.212484 -1.581403 -3.251715 -2.459768 2.884062 10.97511 8.075705 4.954103 5.707066 6.245963 7.092436 8.167925 8.568414 9.340245 8.228843 5.381513 .4157207 .749325 .7730811 .2133527 -.7338148 -1.906419 -2.894484 -1.978337 -2.078362 -2.171784 -2.333061 -2.599484 -2.730436 -3.151122 -3.436757 -3.695805 -3.789196 -3.575258 -3.365891 -3.014083 -2.556079 -1.816313 -1.146573 -.3512698
-.516251 .5835888 .4421008 .06522716 -.2812177 -.484063 -.6166847 -.6916644 -.7166356 -.8209148 -1.179034 -1.370552 -1.361709 -1.289199 -.724403 -.128673 .2554328 .6052494 1.245923 2.396252 2.838131 2.532074 -1.862058 -4.284068 -3.895642 2.971142 9.310813 8.874103 6.824079 7.013503 7.007267 7.865775 8.747771 10.04658 12.00025 10.83133 8.17971 1.801624 1.105661 1.196907 .7370446 -.3683889 -1.551514 -3.329466 -2.147023 -1.66191 -1.763026 -2.05055 -2.528566 -2.847666 -3.635803 -4.4199 -4.297497 -3.888567 -3.756843 -3.624534 -3.275546 -2.755352 -2.025002 -1.165639 -.1405069
-2.337031 -.5388622 .4715777 -.2365096 -.5584916 -.7795397 -1.014758 -1.092587 -1.06846 -1.092318 -1.184323 -1.666657 -1.975024 -2.010551 -1.50855 -.2314184 .3403536 .7969708 1.519235 2.849791 3.215944 3.117866 -.4147092 -2.017735 -3.639561 2.077639 7.747536 9.485901 8.391848 8.284675 8.046145 8.205356 9.586884 11.5413 13.5803 13.67416 10.949 4.350931 1.439812 2.10405 .6129492 -1.355151 -2.312166 -3.030309 -3.959091 -1.523557 -1.447696 -2.087954 -2.69536 -2.975914 -3.679766 -3.954097 -3.727178 -3.950748 -4.146093 -4.043641 -3.72422 -3.135539 -2.291522 -1.152687 .2296341
-3.89676 -2.140698 -.5634256 -.8532344 -.7787532 -1.202923 -1.646885 -1.797804 -1.655164 -1.609267 -1.553946 -1.468689 -2.524643 -2.889294 -2.175438 -.5762602 .34188 1.063172 1.895305 3.636968 3.619565 2.68125 1.090302 -1.25572 -3.262054 1.005069 5.796079 7.396991 7.703442 8.142682 9.19348 9.077856 10.58788 11.76535 12.10487 12.3528 11.17038 4.377073 1.086756 -.1563152 -2.887298 -4.607857 -3.94106 -2.494002 -2.49569 -.5170969 -1.599587 -2.33453 -2.294171 -2.238633 -2.345897 -3.218313 -3.538391 -4.111339 -4.509604 -4.619733 -4.345617 -3.686902 -2.650051 -1.197347 .5648263
-4.109099 -3.493098 -2.889824 -1.594406 -.7363091 -1.485781 -2.959826 -2.732445 -2.325327 -2.190722 -2.118858 -1.531732 -2.676296 -3.237247 -2.57449 -1.496035 .100348 1.424885 3.515898 4.859741 4.04071 3.469184 1.740188 -.1262026 -2.710684 -.4475259 3.480868 5.294731 6.086499 6.818724 7.878667 7.021591 4.317 2.370786 2.413613 4.489805 6.543771 1.931781 -2.995162 -4.798972 -5.974525 -8.227299 -5.100001 -2.394947 -1.874031 -2.400538 -3.033572 -2.842427 -2.056114 -1.305901 -1.398996 -2.490317 -3.446918 -4.443854 -5.250263 -5.581869 -5.323513 -4.552034 -3.284734 -1.398129 1.244175
-3.55255 -3.425215 -3.650985 -3.070363 -1.680958 -1.361097 -2.627634 -1.883024 -1.53233 -1.484419 -1.799007 -1.881638 -2.01983 -2.552176 -2.72938 -2.347438 -.8682655 1.152777 3.208726 5.778652 5.133671 3.157979 2.069448 1.213829 -2.134718 -1.128151 1.432454 3.353432 4.558972 5.283672 5.904891 4.306292 .8728527 1.207292 2.153535 3.038816 3.589128 1.597128 -1.854078 -1.547029 -3.652409 -6.075949 -3.979166 -1.473316 -2.268907 -4.095036 -4.426811 -3.125116 -1.217719 -.4897922 -1.118573 -2.269905 -3.436789 -4.890414 -6.478426 -6.995003 -6.629076 -5.787141 -4.393533 -1.635411 2.501418
-3.129972 -3.137678 -3.15615 -3.635189 -1.500598 -.7528324 -1.309799 -1.163988 -.8597314 -.9409087 -1.148167 -1.421926 -1.910612 -2.669323 -3.096383 -3.350544 -2.66423 -.1278512 2.339241 6.645403 6.438716 5.201581 2.830362 2.103037 -1.348817 -1.786005 -.1888707 1.873944 3.025477 3.595744 3.676501 1.687449 .7229434 .6410915 1.125259 1.817602 2.113691 .9292921 1.069415 5.603104 -.5430049 -4.747088 -3.877831 -3.717924 -5.701362 -5.168484 -3.298036 -2.155434 .8276027 1.073981 -.5658473 -1.76218 -3.445526 -6.841716 -8.939711 -8.980004 -8.224479 -7.41692 -6.017827 -3.223088 .04458489
-2.978513 -3.127487 -3.367781 -4.103846 -3.856912 -2.243956 -1.88019 -1.136379 -.3571379 -.302991 -.9557037 -1.448555 -2.104084 -2.62186 -3.468348 -4.403723 -4.309391 -2.454074 .7729605 4.668162 8.181546 5.679012 3.123441 2.798142 -.8243844 -2.888868 -2.592682 .1827388 1.099305 1.28447 1.665219 .4935395 -.481898 -1.041868 -.9939581 -.8429243 -1.825709 -1.394354 -.8562413 2.614094 -.6679935 -6.095971 -6.990186 -7.502871 -6.565716 -6.544233 -4.077096 -4.930606 -3.638894 -2.461931 -4.211325 -5.499014 -8.170046 -10.03587 -11.83429 -11.18121 -9.650011 -9.062993 -8.647532 -8.440477 -6.87541
-2.788646 -3.003097 -3.439119 -3.977363 -4.316422 -3.687332 -1.81463 -.1644084 .5063039 .1228652 -1.202786 -1.942481 -2.25101 -2.442223 -3.619204 -5.153203 -5.471694 -3.905691 -1.330147 1.49814 5.363045 5.148953 -1.187525 -1.55636 -.6865269 -3.498198 -3.967571 -1.661053 -1.189317 -.4318828 .3169098 -.7105885 -1.974534 -2.899607 -3.620176 -3.851744 -3.066331 -2.558769 -3.893282 -4.525608 -8.913703 -18.00173 -19.96323 -12.98988 -10.45784 -9.503248 -7.875337 -9.462346 -9.247312 -7.150454 -8.692252 -11.2822 -11.87758 -11.89669 -12.78834 -12.06909 -10.34628 -10.35644 -10.90247 -13.28316 -12.86937
-2.557623 -2.754757 -3.061863 -3.020689 -2.096051 -1.235035 -.9102184 .4662978 .9253016 .03192731 -1.962371 -3.328112 -2.583684 -1.577764 -2.067172 -4.777597 -7.426067 -5.518693 -2.732191 -1.260972 .8992543 2.101896 -2.757843 -3.277002 -2.129827 -5.027214 -7.25825 -5.526759 -3.856514 -1.288289 -1.235973 -2.398264 -3.459613 -4.665831 -5.354469 -4.301005 -4.447653 -4.419699 -5.615819 -8.044039 -11.26889 -15.49088 -17.83898 -16.35722 -18.90463 -17.77142 -18.27671 -17.63421 -16.04824 -14.28973 -14.77096 -13.58764 -11.51068 -11.96378 -12.12113 -10.53823 -9.366045 -9.393764 -11.63582 -14.2383 -15.17842
-2.064732 -2.208252 -2.220715 -1.234172 -1.704243 -1.388775 -1.849511 -1.021764 1.806448 -.8067111 -3.71532 -5.117778 -4.220203 -.5657341 -.3367901 -3.416689 -4.553608 -4.559877 -3.765508 -2.648979 -2.39062 -1.394363 -1.148138 -1.541393 -1.830291 -3.001594 -7.691688 -5.788064 -4.018294 -2.30715 -3.187928 -3.932653 -4.927475 -6.043355 -6.381085 -5.475695 -5.633569 -5.98442 -6.864225 -9.438105 -11.98487 -14.36521 -16.4941 -18.16393 -21.79922 -24.62136 -24.32563 -25.61736 -26.31538 -24.09575 -20.54678 -12.82749 -12.43238 -12.93562 -12.04333 -9.992541 -10.56322 -11.50673 -11.81389 -14.06753 -16.17562
-1.520025 -1.479204 -1.46647 -1.273542 -1.890287 -2.334481 -3.068188 -3.756953 1.2126 -1.023441 -1.629125 -2.043467 -3.127932 -1.238404 -.8785012 -1.578374 -4.906513 -4.888873 -4.786536 -3.598441 -2.520911 -.4504342 -.8181528 -1.362605 -2.009442 -3.322963 -5.61936 -7.145922 -6.294267 -6.264252 -5.841811 -6.136212 -6.677202 -7.248221 -7.524181 -7.230716 -6.967063 -7.4285 -8.528873 -10.63964 -12.9991 -14.69319 -17.38758 -20.55589 -23.04065 -22.25282 -23.17446 -24.32003 -25.64888 -24.68229 -21.87604 -17.08364 -16.2998 -17.72042 -16.95435 -17.93539 -22.53967 -27.48585 -30.11176 -30.5219 -27.25767
-1.046238 -1.202475 -1.820732 -1.833163 -2.154571 -2.624985 -3.005579 -2.713531 1.237105 2.533906 .8928267 -1.986091 -3.068029 -1.483446 .3165891 -.5452765 -4.045286 -5.680392 -5.062324 -3.718594 -2.952348 -3.01405 -2.768383 -1.048933 -2.335134 -3.760564 -5.970904 -9.020409 -10.13924 -8.757428 -8.091139 -7.628107 -8.144852 -8.863855 -9.192287 -9.213711 -8.491281 -8.71888 -9.643745 -11.43404 -14.38435 -16.69226 -19.10821 -23.19128 -25.44993 -26.16635 -26.38843 -27.9435 -27.58396 -28.31667 -26.63095 -26.27316 -33.23838 -36.35148 -41.59811 -51.05519 -58.59848 -59.56934 -57.49754 -51.96365 -44.19696
-.7908789 -1.350455 -1.846808 -2.046082 -2.271443 -2.563347 -2.714027 -2.357567 .04039863 1.524066 -.8959648 -2.092879 -2.600214 -2.246872 -1.297984 -1.428379 -2.337984 -2.704883 -3.813136 -3.180105 -3.331381 -3.975593 -5.228361 -3.773871 -2.698232 -4.086652 -5.348197 -6.712951 -7.708446 -8.013582 -8.085556 -8.277292 -8.480788 -10.21548 -11.95385 -11.95229 -9.868642 -9.722487 -10.4393 -13.07767 -16.38985 -19.58113 -21.97775 -24.74091 -26.42003 -26.9731 -26.99363 -28.50932 -32.64913 -32.83541 -31.69091 -32.73571 -38.21463 -46.43326 -50.91531 -51.88081 -54.33817 -58.55531 -61.52128 -60.15014 -54.32062
-.782586 -1.445717 -1.859389 -2.066712 -2.284944 -2.360307 -2.344526 -2.154322 -1.404314 -.4674666 -1.294466 -1.751228 -1.973395 -1.868708 -1.010218 -.004434754 -.07282372 -.1720912 -1.890165 -2.167254 -2.256244 -3.46427 -5.324887 -5.72457 -5.336156 -4.266375 -4.761446 -5.88157 -6.868979 -7.761126 -8.072783 -8.317729 -9.315039 -12.71423 -17.07707 -17.46788 -13.05988 -10.5879 -10.70709 -12.29449 -16.43735 -18.32511 -20.85826 -24.84555 -26.51056 -26.83638 -27.47454 -28.43926 -31.64668 -34.90135 -35.07372 -35.66772 -38.926 -43.96499 -48.27607 -51.88881 -51.65815 -46.69895 -42.46793 -41.06782 -39.2759
-.8432637 -1.407304 -1.790249 -1.962574 -2.10367 -2.146449 -2.081175 -1.799709 -1.335683 -.892059 -1.094821 -1.167628 -1.007539 -.672547 -.7227728 -.4438705 -.05502461 -.8593192 -2.168914 -2.587653 -2.973312 -3.843998 -5.086797 -6.113766 -6.57314 -5.824866 -4.740869 -5.416118 -7.053621 -8.29459 -8.962015 -7.810209 -9.303748 -13.24 -14.83078 -14.33368 -10.14081 -8.396691 -9.461111 -13.63208 -18.42759 -19.62811 -22.73366 -25.5532 -27.33854 -26.57433 -25.57363 -27.87832 -34.0513 -38.63916 -39.57795 -37.98879 -37.81904 -36.79277 -34.43011 -30.02102 -25.66691 -23.12401 -21.5132 -19.09626 -18.65245
-.8768182 -1.336105 -1.717696 -1.895936 -1.987494 -1.984078 -1.856436 -1.667692 -1.329814 -1.222964 -1.183456 -.9675125 -.3272532 -.9951671 -1.413242 -1.406052 -1.340041 -1.662996 -2.30668 -2.859494 -3.258354 -3.765551 -4.558078 -5.459821 -6.238815 -6.357419 -4.0751 -2.935625 -5.437195 -5.341055 -3.245351 -3.894701 -6.317857 -8.250439 -10.67199 -10.69771 -7.454953 -1.549746 -1.904931 -5.673014 -14.57145 -20.21605 -25.40569 -30.32683 -31.86087 -29.77727 -26.29002 -24.0881 -24.1289 -22.57182 -19.85037 -17.77529 -16.24072 -15.59243 -14.69304 -14.09568 -15.2753 -14.99903 -15.68375 -16.57789 -17.32452
-.8316539 -1.216501 -1.458086 -1.803345 -1.831699 -1.875636 -1.763694 -1.511207 -1.290548 -1.274349 -1.307596 -.9137254 -.2745829 -1.36323 -1.660883 -1.687748 -1.861179 -2.161815 -2.466182 -2.81568 -3.059987 -3.23718 -3.456909 -3.894293 -3.626816 -3.531878 -2.904209 -.5244008 .8953834 .9440394 1.252826 1.729917 -1.387191 -4.189127 -6.049403 -7.200648 -6.109282 -.2290558 2.584996 -2.515682 -12.16356 -14.68096 -14.72105 -14.89627 -14.78363 -13.54926 -11.46439 -12.16006 -13.62505 -13.0545 -10.78832 -9.794175 -9.547798 -10.41849 -12.01529 -13.68891 -16.14751 -18.02487 -18.87715 -19.12813 -19.25655
-.7012831 -.9965003 -1.327104 -1.702723 -1.770982 -1.796782 -1.598519 -1.397614 -1.189712 -1.149153 -1.157922 -.9970932 -.702175 -1.319713 -1.715574 -1.922282 -2.118638 -2.496316 -2.593357 -2.753443 -2.676108 -2.659631 -2.3067 -3.100489 -3.420709 -3.122094 -2.157705 -.6750644 1.545426 1.867406 2.101178 4.959446 4.026826 -2.447601 -4.841818 -7.31723 -7.659388 -1.365269 4.831602 -.6600276 -7.370584 -9.141759 -7.863384 -7.136072 -6.911503 -6.12512 -4.446973 -5.493401 -7.932933 -8.428341 -7.045005 -7.185294 -8.024866 -9.768121 -12.66279 -15.99882 -17.73365 -19.51731 -20.85447 -21.22381 -20.70554
-.7276989 -.8878137 -1.077873 -1.497456 -1.723801 -1.617436 -1.501422 -1.331901 -1.116033 -1.146749 -1.507319 -1.42277 -1.238905 -1.506185 -1.811135 -2.004292 -2.093946 -2.539523 -2.526261 -2.320137 -2.209776 -2.170508 -2.509151 -3.176782 -3.383101 -3.199314 -2.456682 -1.602822 -1.569134 .4347411 .3027659 2.300994 6.664954 -4.25389 -5.297773 -6.669522 -5.935641 .2018231 5.984073 4.415612 -1.868468 -4.381165 -4.841505 -3.864701 -4.181164 -4.879799 -4.171698 -4.106136 -6.325512 -8.298814 -7.031898 -7.781738 -8.469871 -10.74261 -14.51813 -18.13858 -21.02669 -22.76906 -23.78765 -23.08705 -21.72497
-1.041968 -1.28321 -1.151719 -1.616844 -1.733976 -1.592468 -1.392218 -1.192307 -1.005135 -1.340863 -1.80599 -1.777944 -1.619381 -1.745928 -1.908447 -1.933699 -1.967226 -2.301101 -2.229639 -2.13518 -2.150497 -2.344758 -2.694317 -3.181068 -3.44736 -3.468768 -3.16129 -2.719894 -3.506558 -2.269576 -2.084268 -1.600651 4.540801 2.005116 -2.899894 -7.219335 -6.964695 -1.581591 6.760269 5.868731 .9616072 -2.850656 -4.513688 -5.550602 -5.960652 -6.638857 -6.247869 -5.871239 -7.423374 -9.133256 -9.422206 -9.350234 -10.61297 -12.34118 -15.89328 -19.82804 -23.17898 -24.64461 -24.95742 -23.93432 -20.17997
-1.22642 -1.628198 -1.673979 -1.517847 -1.579975 -1.448198 -1.261666 -1.10801 -.9662654 -1.414463 -2.003184 -2.045567 -1.92591 -1.949263 -1.974971 -2.06268 -1.694546 -2.605649 -2.541563 -2.476899 -2.41282 -2.645118 -2.972929 -3.248062 -3.526111 -3.796479 -3.980053 -3.707136 -2.97462 -2.45451 -2.76147 -2.109866 4.272674 6.152028 .6488115 -7.710288 -7.592477 -2.572801 6.300384 10.17914 1.935626 -3.138427 -6.398517 -6.478615 -6.695602 -7.149517 -7.531613 -8.305452 -9.692857 -10.23135 -11.20607 -12.11068 -13.36358 -14.68172 -16.56602 -20.48952 -22.58081 -23.14568 -22.63436 -20.63756 -14.72467
-1.300656 -1.616573 -1.093152 -.9814669 -1.145849 -1.203999 -1.140964 -1.052093 -1.038455 -1.474242 -2.036788 -2.102161 -2.04993 -2.047862 -2.02033 -2.097151 -2.116132 -2.549495 -2.684575 -2.572741 -2.645857 -2.877923 -3.154659 -3.356744 -3.575695 -3.886676 -4.138793 -4.433616 -2.40828 -1.528851 -1.103478 -1.816631 .2709756 5.097982 3.468129 -6.037443 -6.913377 -3.549613 2.012952 8.366899 5.176208 -3.962326 -6.835293 -7.358131 -7.503456 -9.362593 -9.75506 -10.4378 -11.60518 -12.38059 -13.16541 -14.23311 -15.60574 -16.44509 -16.85398 -19.44644 -21.06584 -20.64305 -18.98962 -14.93397 -9.309369
-1.145129 -1.212059 -.9119801 -.8409024 -.9734315 -1.074248 -1.061167 -1.054855 -1.073684 -1.547217 -1.912931 -2.006757 -1.964165 -1.909501 -1.914496 -2.165141 -2.064335 -2.250368 -2.574961 -2.597198 -2.633521 -2.85346 -3.215276 -3.334648 -3.513468 -3.445211 -3.258699 -3.055679 -1.212779 1.243297 .327236 -2.286015 -2.437956 .6226774 4.617723 -3.875774 -5.622489 -3.610887 -1.232363 2.424868 2.921272 -3.267163 -7.21857 -8.093498 -8.503516 -10.48835 -11.06825 -11.69382 -12.64998 -13.01175 -14.01438 -15.52549 -16.91584 -16.58877 -14.92226 -17.21377 -19.12182 -17.26575 -13.30339 -9.796315 -4.456039
-1.380109 -1.049598 -.9261014 -.8745583 -.9141537 -1.061149 -1.147697 -1.140672 -1.159808 -1.454088 -1.735492 -1.768679 -1.794126 -1.87575 -1.922427 -2.214016 -2.255677 -2.303375 -2.488768 -2.529658 -2.562859 -2.574262 -2.926313 -2.931231 -2.707632 -2.106443 -1.61596 -1.570939 -.927806 1.13162 -.2849311 -2.78203 -2.705295 -1.932718 4.247724 -.7825149 -4.405578 -3.982074 -2.611223 -.2270487 3.18256 .6330765 -5.957057 -7.109462 -9.339025 -10.53864 -10.80293 -11.71677 -12.37434 -13.1069 -13.68028 -15.1915 -17.2109 -16.61964 -12.89178 -13.97368 -16.6527 -14.23781 -8.181604 -5.640939 -2.532429
-.9915062 -.5127552 -.5652692 -.730649 -.8524153 -1.01741 -1.142219 -1.270805 -1.235613 -.9982005 -1.233111 -1.42288 -1.631569 -1.815115 -2.022586 -2.048323 -2.140563 -2.278208 -2.368515 -2.447258 -2.322958 -2.209781 -2.313317 -2.223947 -2.795471 -2.572471 -.9243128 -.9937843 -2.089885 -.8232889 -1.888363 -2.969155 -2.782464 -1.320705 1.69548 -1.509519 -3.561279 -3.319126 -2.469513 1.333396 2.811935 .9517137 -4.683708 -6.634417 -8.58083 -9.212262 -10.25058 -12.34596 -12.98666 -13.07052 -13.3579 -14.38324 -16.41132 -15.66024 -10.83238 -10.59811 -14.501 -11.96405 -8.389075 -5.221272 -2.836364
