py_wake/examples/data/AJ_ParqueFicticio/Rough survey   Sector 6   Height 30m   Weibull-A.grd
DSAA
73  159
 258469   265669
 6501692   6517492
 .2525203   10.44343
[rows 28 to 55 of 159, columns 0 to 62 of 73]
5.226919 5.232202 5.219254 5.21557 5.216566 5.212772 5.23018 5.24234 5.275669 5.276364 5.281024 5.289689 5.293992 5.294065 5.311092 5.343539 5.357354 5.361799 5.367392 5.354806 5.316286 5.297912 5.31474 5.36414 5.418097 5.446561 5.478013 5.375227 5.353579 5.315619 5.259441 5.228855 5.135132 4.943585 5.18037 5.171241 5.207784 5.191293 5.222109 5.199577 5.04494 4.902014 4.963284 5.117244 5.476521 5.65014 5.659654 5.65619 5.669003 5.694126 5.648025 5.790027 6.187561 6.437454 5.780606 5.292912 5.2768 5.55759 5.450778 5.153108 4.917894 4.845373 4.729393
5.19543 5.206273 5.20087 5.204399 5.197532 5.202741 5.220788 5.234732 5.259603 5.276485 5.272442 5.282429 5.29988 5.350486 5.366479 5.38406 5.380209 5.379067 5.383405 5.369572 5.368229 5.346718 5.332658 5.371533 5.42907 5.471256 5.485085 5.435975 5.410203 5.395285 5.372895 5.315341 5.285852 5.26602 5.396154 5.425905 5.408339 5.408359 5.413972 5.326899 5.139091 5.088621 5.129978 5.069481 5.302381 5.699245 6.093452 6.334742 6.48846 6.662203 6.548404 6.286309 6.359173 6.712382 6.509836 5.900949 5.632413 5.67887 5.638453 5.594943 5.471156 5.512139 5.311644
5.167631 5.178737 5.171319 5.184473 5.18494 5.187249 5.196849 5.21265 5.2345 5.233201 5.248432 5.248576 5.240155 5.297701 5.365593 5.392487 5.386348 5.379502 5.380275 5.357663 5.384032 5.387921 5.395149 5.410877 5.46757 5.498287 5.502427 5.482136 5.469166 5.497879 5.510856 5.514167 5.54103 5.368134 5.415213 5.379883 5.402869 5.48511 5.561763 5.517084 5.298957 5.224501 5.219837 5.333128 5.325239 5.555361 6.070798 6.613616 7.128617 7.590754 7.825572 7.615047 7.250899 7.204145 7.182014 6.503794 6.016875 5.502628 5.424938 5.322088 5.331651 5.507088 5.604865
5.137579 5.151132 5.158961 5.173503 5.161143 5.161012 5.166898 5.187904 5.192254 5.205573 5.208885 5.207316 5.209828 5.283587 5.347254 5.381318 5.390625 5.371445 5.347384 5.352045 5.402756 5.414174 5.438823 5.456718 5.48571 5.522993 5.532413 5.515419 5.496741 5.558847 5.516964 5.535139 5.551733 5.508702 5.48841 5.381433 5.390952 5.496528 5.585913 5.609833 5.499301 5.313996 5.335928 5.412975 5.617276 5.670755 5.632385 5.791698 6.270233 6.949051 7.62907 7.941535 8.102383 7.893628 7.56683 6.993217 6.35557 5.635239 5.163683 4.993087 5.211255 5.329569 5.398594
5.107697 5.131129 5.13793 5.153884 5.14996 5.156791 5.145916 5.148958 5.165088 5.176105 5.181992 5.177872 5.168316 5.262866 5.316978 5.348763 5.370664 5.358301 5.342071 5.384305 5.425313 5.44486 5.472501 5.488135 5.505665 5.538841 5.560457 5.588832 5.597301 5.530369 5.54605 5.588255 5.608423 5.584968 5.518286 5.469725 5.393127 5.425355 5.471026 5.533675 5.507675 5.30793 5.202639 5.351047 5.559846 5.893849 5.917474 5.58834 5.44077 5.512928 5.890893 6.472652 7.121756 7.5515 7.557753 7.174178 6.508852 5.815049 5.201794 4.913065 5.045374 5.378564 5.413283
5.132757 5.119666 5.132176 5.126084 5.138981 5.140393 5.160945 5.155757 5.155292 5.156783 5.160812 5.149008 5.1681 5.246687 5.277008 5.323259 5.339242 5.324458 5.336055 5.40193 5.456066 5.467654 5.481142 5.509203 5.519117 5.533203 5.540868 5.512403 5.566516 5.560783 5.573391 5.600257 5.598732 5.564812 5.569495 5.627146 5.549485 5.448652 5.450631 5.553219 5.565705 5.4462 5.046098 4.953553 5.204709 5.549008 5.888877 5.91457 5.678283 5.418531 5.249203 5.243515 5.596878 6.226007 6.986357 7.215731 6.556881 5.878181 5.359596 5.034106 5.108671 5.35112 5.563262
5.169717 5.1366 5.130657 5.115076 5.116434 5.100694 5.124692 5.136578 5.135937 5.140104 5.129403 5.149016 5.16816 5.242124 5.256078 5.282719 5.292679 5.296979 5.368604 5.446826 5.472871 5.485091 5.491707 5.513479 5.523593 5.535157 5.504609 5.513146 5.5547 5.573431 5.597615 5.613054 5.598152 5.541762 5.517528 5.618372 5.68907 5.615385 5.485044 5.544451 5.512066 5.362458 5.156589 4.650461 4.661335 5.063329 5.537442 5.834951 5.925974 6.100676 6.176172 6.137827 5.895687 5.891479 6.403834 7.004595 6.975996 6.490756 6.024189 6.003987 5.608034 5.299958 5.36042
5.169249 5.126636 5.11146 5.10674 5.104976 5.088251 5.088414 5.103212 5.114203 5.106544 5.103697 5.119299 5.145564 5.220201 5.227426 5.21773 5.216258 5.270796 5.397202 5.46621 5.483677 5.482138 5.48558 5.503988 5.517639 5.504532 5.501792 5.528993 5.567676 5.595403 5.609506 5.624676 5.635534 5.612344 5.609275 5.54808 5.647932 5.712977 5.591132 5.68561 5.464822 5.291636 5.12791 4.859143 4.21473 4.510114 5.426577 6.221701 6.672688 6.833868 7.245814 7.573877 7.675546 7.360507 7.192939 7.425103 7.459899 7.239634 6.886413 6.732953 6.295472 5.666772 5.380449
5.136308 5.1024 5.08881 5.077494 5.086302 5.108585 5.111729 5.106136 5.08895 5.083916 5.063148 5.063507 5.087256 5.160883 5.147763 5.128152 5.130898 5.137422 5.256623 5.409412 5.452866 5.455211 5.46335 5.485239 5.49027 5.473975 5.511967 5.541294 5.583399 5.617837 5.641728 5.651122 5.665933 5.732966 5.708398 5.623418 5.700475 5.873521 6.016528 6.025778 6.157541 5.987338 5.637158 5.324139 4.428528 3.995386 4.746013 5.932492 6.852914 7.412367 7.74604 8.207516 8.4507 8.491739 8.181259 8.012887 7.785626 7.395706 7.315338 7.192205 7.241934 6.754893 6.222409
5.069673 5.041348 5.044326 5.041149 5.036024 5.06279 5.119605 5.097986 5.084054 5.060845 5.055583 5.03784 5.027021 5.093629 5.076396 5.074284 5.070966 5.038813 5.06696 5.139917 5.332935 5.371926 5.399588 5.428408 5.428721 5.464229 5.50696 5.546185 5.589704 5.623115 5.677944 5.710794 5.730712 5.765012 5.746521 5.643137 5.635579 5.840892 6.037046 6.21527 6.546073 6.958087 6.877012 6.450743 5.590783 3.942884 3.777836 4.405097 5.395298 6.221479 6.580606 6.961575 7.684043 8.169664 8.318519 8.28617 8.03967 7.459765 7.490491 7.462474 7.794735 7.984985 7.791721
5.010315 4.999814 5.001101 5.012974 5.004447 4.986615 5.045409 5.054714 5.063396 5.067873 5.066667 5.041107 5.029075 5.038166 5.045869 5.045799 5.051194 5.04507 5.044513 5.042977 5.190672 5.253182 5.327738 5.370493 5.387692 5.448569 5.50919 5.54748 5.564354 5.598289 5.638742 5.674788 5.750176 5.788106 5.818568 5.84396 5.728152 5.741306 5.953708 6.212395 6.407665 6.904231 7.40213 7.445907 7.028323 5.728621 4.250867 3.650757 3.657032 4.377904 4.956099 5.191075 5.792828 6.616385 7.531241 7.941556 7.925049 7.521062 7.384052 7.420098 7.800171 8.508113 8.761283
4.992234 4.986888 4.993368 5.00731 5.030406 5.01672 5.012982 5.029533 5.049798 5.057502 5.070173 5.073393 5.087968 5.092868 5.070939 5.077642 5.069841 5.087765 5.11975 5.193781 5.235399 5.208156 5.251836 5.295675 5.386357 5.459456 5.497707 5.524471 5.558283 5.587961 5.615778 5.665192 5.724237 5.77783 5.780899 5.871271 5.755895 5.745216 5.930932 6.173237 6.364785 6.638571 7.179933 7.6758 7.901037 7.348194 6.098196 5.293574 4.222869 4.235259 4.864983 5.354648 5.733245 6.147711 6.979935 7.760919 8.184987 7.714222 7.290816 7.102311 7.3305 7.969059 8.828142
5.000066 4.99006 4.985586 4.996127 5.030484 5.068005 5.075945 5.048189 5.035508 5.038026 5.053417 5.068162 5.173485 5.143788 5.101005 5.062399 5.06638 5.10512 5.146784 5.277987 5.268034 5.216835 5.193585 5.191035 5.330673 5.428493 5.459434 5.510248 5.553591 5.604085 5.641659 5.694899 5.728806 5.74414 5.787897 5.796091 5.66632 5.669594 5.885442 6.189899 6.536575 6.885906 7.300988 7.906805 8.3024 8.480392 7.644231 7.321966 6.777163 5.951709 5.957088 6.382065 6.89185 7.230331 7.632285 8.079112 8.2429 8.021562 7.331553 6.664155 6.468159 6.989117 7.813565
5.048389 4.997225 4.98905 4.96955 4.964896 4.991239 5.063614 5.055298 5.021218 4.993124 4.967575 4.955114 5.038665 5.077931 5.051404 5.040178 5.046691 5.056509 5.117757 5.247424 5.257807 5.218612 5.178311 5.074203 5.08689 5.306611 5.386045 5.469804 5.517107 5.583515 5.648458 5.703316 5.755127 5.787046 5.829206 5.797078 5.634511 5.528503 5.589402 5.999334 6.530371 7.047041 7.514756 8.159502 8.685444 9.065232 8.705657 8.375472 8.39887 7.964002 7.607881 7.545079 7.702354 7.917533 8.241326 8.429132 8.355115 8.148208 7.170482 6.160361 5.287841 5.159974 5.987847
5.080694 5.038183 5.01346 4.967213 4.895717 4.915616 5.014808 5.010197 4.967886 4.945922 4.911223 4.870821 4.87304 4.946536 4.976867 4.976875 4.983734 4.986704 5.050324 5.202171 5.231983 5.224099 5.189572 5.161669 5.189785 5.25348 5.321335 5.386643 5.445233 5.560048 5.616786 5.674525 5.710921 5.801951 5.846037 5.834182 5.810283 5.457633 5.239077 5.58289 6.099254 6.489562 6.899046 7.435196 7.908387 8.434589 8.464514 8.136341 8.491593 8.327973 8.101672 7.990187 7.905853 7.780439 7.888278 8.055744 8.116525 8.041309 7.595512 6.55533 5.369604 4.473761 4.400663
5.094451 5.077554 5.0588 5.025725 4.889275 4.805637 4.895308 4.951405 4.925766 4.927702 4.934205 4.894997 4.898711 4.919315 4.933427 4.937233 4.939807 4.929921 4.954416 5.096453 5.152486 5.143161 5.151684 5.290933 5.355673 5.304013 5.299941 5.325413 5.335293 5.455197 5.566194 5.593566 5.629965 5.731359 5.77224 5.734495 5.668451 5.417914 5.00997 4.886117 5.22649 5.562955 5.699851 6.136454 6.481882 6.653102 6.527408 6.378776 6.442888 6.56066 6.599198 6.408596 6.442654 6.266162 6.514373 7.059904 7.525525 7.897743 7.628471 6.980272 6.107402 4.917131 3.912336
5.114001 5.105581 5.096133 5.081277 5.077234 4.956312 4.849236 4.858319 4.887074 4.928265 4.979325 4.999261 4.976228 4.966051 4.936837 4.940644 4.915655 4.906825 4.911056 4.974652 5.023769 5.009614 4.993879 5.036789 5.256528 5.245375 5.2212 5.21155 5.266087 5.404531 5.480235 5.494182 5.560081 5.650063 5.654041 5.629015 5.590714 5.447025 5.049083 4.74921 4.562722 4.83849 4.938071 4.979143 5.029522 4.905495 4.808074 4.477561 4.328425 4.575012 4.599341 4.579059 4.981651 5.582217 5.887106 6.448798 6.841552 7.169 7.551699 7.235493 6.570418 5.615362 4.446704
5.106125 5.100653 5.103858 5.103492 5.169874 5.127409 5.029922 4.880801 4.866533 4.902113 4.94687 5.013253 5.048489 5.025505 4.980716 4.952549 4.922472 4.917775 4.907629 4.91098 4.906204 4.916024 4.883252 4.864592 4.915569 5.049402 5.056298 5.025606 5.023188 5.200074 5.267714 5.196327 5.380123 5.462592 5.518313 5.510511 5.48998 5.402838 5.258507 5.048129 4.596649 4.395287 4.454205 4.475204 4.606069 4.822797 5.115423 5.433842 5.235933 5.126125 5.243363 5.238147 5.319442 5.805194 6.259415 6.486594 6.651832 6.42413 6.712406 7.105078 7.143513 6.853001 6.088911
5.079156 5.077731 5.111072 5.159677 5.179294 5.155881 5.050296 4.939777 4.883894 4.841111 4.866257 4.959332 5.043933 5.049308 4.980069 4.933186 4.918974 4.927112 4.944397 4.958298 4.917302 4.907905 4.913016 4.899308 4.887333 4.952868 4.924863 4.871948 4.825644 4.833182 4.907161 4.782032 4.806722 5.052011 5.128603 5.304382 5.30174 5.222891 5.277553 5.355588 5.161141 4.932372 4.941346 5.31385 5.940446 6.391607 6.76335 7.108185 7.152671 7.063564 6.839105 6.587966 6.228886 6.241113 6.58849 7.099295 7.345629 6.696908 5.882264 5.846743 6.307462 6.849465 7.129416
5.044809 5.034315 5.041406 5.123399 5.137163 5.118282 5.073558 5.001007 4.942647 4.825161 4.747317 4.864862 5.009496 5.035772 4.947849 4.895629 4.886564 4.900476 4.924228 4.999166 4.940586 4.899803 4.91827 4.975955 5.053525 4.987036 4.856696 4.773501 4.733026 4.693143 4.632728 4.589372 4.518031 4.631572 4.649671 4.836916 4.983783 4.984199 5.026231 5.275418 5.456004 5.585964 5.814374 6.070369 6.438114 6.758327 6.752677 6.66911 6.435285 6.232374 6.341496 6.677109 6.800959 6.692436 6.662867 7.122744 7.914702 7.896563 7.001484 5.878506 5.129306 5.180285 5.817687
5.024362 5.009975 4.996211 5.056836 5.082242 5.074044 5.055259 5.032856 4.996885 4.974 4.824031 4.75786 4.860264 4.954328 4.875608 4.845607 4.833406 4.818118 4.834695 4.940347 4.896336 4.845862 4.801025 4.77164 4.850523 4.900413 4.755926 4.719581 4.709399 4.709186 4.622859 4.606908 4.584439 4.579307 4.529531 4.620383 4.683012 4.718843 4.676117 4.870368 5.128737 5.328926 5.493729 5.86715 6.125934 5.944195 5.654076 5.417582 5.421651 5.557384 5.649707 5.960667 6.369591 6.643272 6.584255 6.642228 7.423265 8.117028 8.272127 7.771546 6.340649 4.935499 4.405767
5.043892 5.025084 4.998434 5.000904 5.027424 5.049467 5.047366 5.02991 5.017358 5.036392 4.971625 4.825799 4.748882 4.792974 4.795291 4.803422 4.807742 4.772404 4.720767 4.807783 4.800475 4.766006 4.730197 4.726446 4.733307 4.730198 4.677022 4.673235 4.669368 4.616152 4.557133 4.553034 4.74107 4.700252 4.549771 4.561142 4.601481 4.535438 4.398141 4.382113 4.368464 4.468657 4.353873 4.42395 4.551048 4.881566 5.077003 5.53835 5.807054 5.988847 6.03927 5.830163 6.010345 6.186545 6.129756 5.823933 6.166718 6.930304 7.554584 8.339365 8.066886 6.839175 5.251671
5.057968 5.062538 5.071458 5.046814 5.027864 5.050015 5.052038 5.047319 5.063223 5.081719 5.059498 5.003907 4.881113 4.829065 4.779164 4.793324 4.841625 4.855598 4.834841 4.809434 4.770307 4.763699 4.769432 4.809636 4.850121 4.788165 4.697031 4.664795 4.674384 4.581383 4.488259 4.371447 4.359654 4.481627 4.36124 4.365711 4.44305 4.302804 4.13434 4.075518 3.980837 4.112376 4.164698 4.255392 4.505666 4.825315 5.240118 5.736718 6.167479 6.293362 6.360102 6.116026 5.489329 5.845643 6.316822 5.652453 5.096385 5.546914 6.081963 7.201998 8.279304 8.247648 7.448788
5.032668 5.044675 5.073455 5.075595 5.040802 5.031738 5.051611 5.088036 5.095585 5.115257 5.104364 5.085368 5.02045 4.897525 4.828716 4.807559 4.836515 4.94263 5.00315 4.889044 4.83486 4.802037 4.807966 4.877384 4.895591 4.844574 4.773392 4.754173 4.698768 4.629632 4.506941 4.343635 4.135506 4.11924 4.007512 3.94341 3.996893 3.944888 3.798373 3.711563 3.670286 3.982493 4.349206 4.706395 5.04384 5.373096 5.615006 5.85429 5.980352 5.973009 6.004964 5.877391 5.255067 5.284824 6.344724 6.232905 5.143823 4.545085 4.780427 5.574626 7.020591 8.050228 8.276298
4.995146 4.995131 5.033169 5.044137 5.033839 5.01488 5.018239 5.070526 5.093994 5.113028 5.104376 5.060747 5.027281 4.937592 4.872005 4.82009 4.774771 4.832039 4.904979 4.897919 4.896697 4.879534 4.885162 4.937427 4.93281 4.893083 4.893242 4.899254 4.83094 4.730867 4.635042 4.57149 4.413493 4.077734 3.956248 3.772333 3.543089 3.481878 3.668874 3.553367 3.305674 3.348176 3.653898 4.213485 4.698996 5.111632 5.419666 5.474228 5.53154 5.618058 5.83146 5.830469 5.31809 4.92384 5.842313 6.765862 6.224272 4.923535 4.081446 4.333206 5.629859 6.78354 7.437353
4.977915 4.985952 5.013313 5.014628 5.021652 5.022823 5.039178 5.047383 5.082363 5.096229 5.098786 5.067277 5.016552 4.96628 4.928664 4.877597 4.810412 4.820726 4.827497 4.834935 4.875575 5.018342 5.059432 5.003813 4.979357 4.938645 4.964418 4.968726 4.930947 4.859287 4.797631 4.688299 4.553954 4.441779 4.421097 4.272123 3.760524 3.395868 3.691893 3.763451 3.46042 3.085428 3.081415 3.340456 3.718802 4.107724 4.46306 4.816923 5.052179 5.306061 5.796989 6.240755 5.71916 4.908739 5.068936 6.422769 6.870826 6.309452 4.968196 4.133337 4.611324 5.824084 6.415924
4.990932 4.989819 5.016033 5.023055 5.024313 5.035081 5.060542 5.060649 5.074779 5.089221 5.091774 5.067505 5.023295 4.979167 4.964917 4.992069 5.012927 4.93457 4.854016 4.803801 4.759681 4.822834 4.951117 4.966055 4.957574 4.981749 4.999495 5.008924 5.031698 5.063413 4.915338 4.610572 4.534739 4.702791 4.91378 5.041763 4.660618 3.968549 3.928124 4.34374 4.490921 3.807897 3.398824 3.120887 3.252265 3.558714 3.867905 4.379261 4.913842 5.220982 5.539494 6.062137 5.872527 5.193671 4.868401 5.670998 6.623528 6.947735 6.258379 4.927471 4.536578 5.311419 6.182491
4.991793 5.030983 5.047105 5.034935 5.025335 5.041621 5.061052 5.075556 5.07834 5.081912 5.081788 5.0692 5.032218 4.965493 4.931597 4.980607 5.007477 4.968289 4.908648 4.852836 4.773067 4.743468 4.8245 4.867196 4.898316 4.930798 4.957327 5.059049 5.194729 5.255283 5.302462 5.018897 4.7994 5.009339 5.202799 5.418202 5.437608 4.975325 4.399945 4.69892 5.021681 5.066399 4.518901 3.98939 3.707509 3.618591 3.671886 3.826622 4.363322 4.759251 5.190279 5.632363 5.651294 5.21503 4.820759 5.235176 5.91235 6.394757 6.368848 5.643738 5.068856 5.386336 6.138705
