py_wake/examples/data/AJ_ParqueFicticio/Rough survey   Sector 10   Height 30m   Weibull-A.grd
DSAA
73  159
 258469   265669
 6501692   6517492
 .2976033   13.27785
[rows 0 to 27 of 159, columns 0 to 62 of 73]
6.231205 6.330078 6.361436 6.373692 6.374387 6.377194 6.386493 6.394728 6.404542 6.405912 6.401304 6.381684 6.358703 6.351165 6.304568 6.2508 6.193098 6.131628 6.029193 5.855127 5.545395 5.939631 6.500388 7.271258 6.812765 5.591652 5.226075 5.99172 6.24317 6.016094 5.832023 5.854565 5.849296 5.897746 5.848897 6.110647 6.679395 7.355853 7.151568 7.083104 7.093365 7.166595 7.234081 7.237597 7.123551 7.093006 7.015718 6.962451 6.941295 6.907639 6.880414 6.845714 6.8296 6.83827 6.829697 6.824873 6.81576 6.787745 6.759724 6.70561 6.640225 6.574992 6.502543
6.308062 6.374174 6.386481 6.395625 6.399582 6.40429 6.410088 6.419226 6.423112 6.427456 6.424003 6.40639 6.379105 6.348289 6.296948 6.229256 6.164558 6.08962 5.940084 5.68579 5.484032 5.861221 6.814658 7.472413 7.250597 6.137472 5.023988 5.787427 6.108164 6.019766 5.942241 5.877085 5.867232 5.866885 5.766317 6.015611 6.517608 7.365377 7.149242 7.042646 7.00278 7.05083 7.194307 7.272349 7.029271 7.003849 6.987825 6.951375 6.931371 6.895331 6.885417 6.867766 6.864047 6.879709 6.873993 6.876009 6.867659 6.843596 6.783278 6.729638 6.661747 6.583639 6.502029
6.405769 6.266995 6.306735 6.347874 6.367623 6.378812 6.385201 6.389531 6.394577 6.402804 6.451242 6.415586 6.379508 6.36093 6.300782 6.207062 6.124373 6.055634 5.888192 5.566836 5.495708 5.795569 6.840584 7.441975 7.677821 6.491628 5.516312 5.681302 5.920922 5.910851 5.915659 5.876762 5.890648 5.845543 5.65149 5.786445 6.142656 7.218455 7.14439 6.989516 6.887257 6.964861 7.102425 7.358596 7.090271 6.918577 6.873664 6.886971 6.905437 6.857202 6.862519 6.915987 6.896355 6.907078 6.903149 6.92167 6.920483 6.89051 6.837577 6.767733 6.684414 6.590925 6.5012
6.820674 6.457567 6.228526 6.329685 6.361871 6.414139 6.427289 6.427213 6.421199 6.423678 6.421344 6.464627 6.475947 6.466813 6.364655 6.210436 6.10837 5.995781 5.820456 5.500222 5.475395 5.769611 6.636467 7.170727 7.632155 6.672873 5.852156 5.731435 5.825274 5.851208 5.891932 5.95383 5.95391 5.745874 5.526232 5.437662 5.677994 6.720317 7.17792 6.837481 6.774457 6.977972 7.177095 7.329873 7.350839 6.983217 6.81302 6.820265 6.843066 6.802252 6.852356 6.963446 6.926034 6.948683 6.978045 6.990585 6.994147 6.96198 6.898317 6.808419 6.708476 6.614288 6.511759
7.023281 6.604477 6.23114 6.31434 6.337833 6.370592 6.405099 6.419891 6.403743 6.388745 6.384027 6.348209 6.471984 6.543195 6.406738 6.19404 6.066824 5.933032 5.763394 5.372158 5.561054 5.830715 6.41021 6.997252 7.55776 6.934381 6.193557 5.973781 5.931344 5.943511 5.908236 6.044726 5.889946 5.595832 5.378561 5.02774 5.184874 6.241116 6.921955 6.611841 6.538271 7.257103 7.384466 7.326187 7.397805 6.950225 6.799143 6.792805 6.76009 6.768638 6.823777 6.967715 6.97753 7.011394 7.044648 7.071615 7.083591 7.052938 6.979069 6.881298 6.773832 6.638251 6.499515
6.982626 6.708102 6.528435 6.398031 6.264269 6.330904 6.472004 6.491233 6.432673 6.408138 6.447556 6.359921 6.447869 6.583694 6.47456 6.268006 6.091434 5.906511 5.583508 5.517384 5.732968 6.003053 6.389182 6.867887 7.484118 7.101337 6.497353 6.211146 6.088896 6.045039 6.004928 6.086518 5.991407 5.713831 5.536736 5.242728 4.998576 5.585993 6.279884 5.9796 6.285804 7.688763 7.677966 7.430847 7.300508 7.056434 6.918723 6.882987 6.800311 6.727262 6.803273 6.922073 6.991964 7.061787 7.13624 7.18922 7.204727 7.181634 7.099962 6.997796 6.86233 6.709524 6.488413
6.878535 6.818611 6.795585 6.706971 6.388541 6.21642 6.536951 6.536252 6.466781 6.441389 6.432594 6.339112 6.32136 6.452545 6.481843 6.355146 6.118987 5.898873 5.642975 5.342449 5.627569 6.088762 6.546415 6.850318 7.422352 7.133889 6.761295 6.427251 6.207935 6.075509 5.985086 5.941971 5.97471 5.790789 5.594187 5.385894 5.277276 5.319789 5.357665 5.384413 6.478537 7.873577 7.860621 7.370391 7.062364 6.966908 7.041723 7.04328 6.818787 6.677885 6.734508 6.811009 6.882972 7.063152 7.264822 7.339374 7.368361 7.359223 7.290627 7.166013 7.017396 6.661039 6.219962
6.849224 6.822049 6.823973 6.81645 6.433256 6.246699 6.409453 6.517814 6.477884 6.446753 6.395209 6.34353 6.374784 6.47311 6.527442 6.477962 6.283597 5.983365 5.722846 5.283164 5.564243 6.037455 6.704455 6.901628 7.335225 7.183219 6.962065 6.559479 6.296706 6.097773 5.944451 5.981125 5.93742 5.829234 5.659418 5.45353 5.335629 5.343585 5.244701 4.932773 6.512046 7.844918 7.755895 7.18994 6.705051 6.931829 7.176486 7.189662 6.729919 6.469696 6.636566 6.703812 6.649197 6.876811 7.439867 7.582228 7.576114 7.581351 7.553806 7.501173 6.919368 6.467353 5.972675
6.844941 6.825934 6.844581 6.861284 6.758994 6.509655 6.54214 6.547941 6.473459 6.400864 6.378321 6.376198 6.42119 6.471182 6.552581 6.58202 6.482638 6.150848 5.820215 5.47974 5.343636 5.794668 6.43558 6.588437 7.151027 7.323458 7.254404 6.777936 6.468155 6.240406 6.050423 6.026977 5.990557 5.916561 5.783606 5.6062 5.494801 5.454686 5.519983 5.319854 6.134277 7.234436 7.196789 6.54497 6.6997 7.42861 7.304596 7.316664 6.759108 6.281768 6.579455 6.579374 6.25246 6.740398 7.608557 7.901665 7.803222 7.829932 7.958151 7.724672 6.848532 6.107002 5.66604
6.845191 6.825581 6.836538 6.87444 6.886493 6.843112 6.793756 6.654345 6.42871 6.330473 6.348532 6.425142 6.451788 6.449396 6.528581 6.661836 6.659994 6.429209 6.043679 5.688172 5.375662 5.478155 6.112927 6.202579 6.690557 7.353553 7.414579 7.020173 6.680115 6.353014 6.124397 6.089802 6.059878 6.000519 5.912834 5.77916 5.69366 5.56654 5.743964 5.840703 6.002962 6.47348 6.459108 5.912651 6.921515 7.489449 7.130953 7.098559 6.721364 6.037279 6.262145 6.157485 5.895261 6.781243 7.880128 8.214549 8.032163 8.10385 8.274981 7.953803 7.036544 5.790292 5.047365
6.814905 6.798573 6.776947 6.792234 6.845666 6.761229 6.906714 6.84053 6.368515 6.17997 6.310985 6.51579 6.485946 6.329869 6.334218 6.742021 6.977104 6.6707 6.315304 6.045831 5.643441 5.465773 5.852141 6.031947 5.96605 6.881186 7.52154 7.336258 6.922377 6.419426 6.197446 6.178034 6.163316 6.10962 5.994859 5.859259 5.847812 5.765903 5.77484 6.076515 6.250548 6.370931 6.324864 6.080534 6.499487 6.990983 6.57978 6.686996 6.621176 5.952226 5.87918 5.682371 6.182227 7.330453 8.058723 8.300069 8.24996 8.335464 8.345218 8.022207 7.133521 5.728248 5.114611
6.779901 6.774994 6.763826 6.713748 6.868632 6.85858 7.016787 6.784147 5.963132 5.98971 6.309762 6.842453 6.685189 6.205512 6.117688 6.651978 7.227467 7.008861 6.460339 6.164455 5.88374 5.607063 5.607917 5.797238 5.896022 5.976788 7.017197 7.154003 6.910596 6.393936 6.224776 6.167304 6.186445 6.197207 6.094609 5.923169 5.935109 5.911756 5.874367 6.05655 6.237522 6.315223 6.341988 6.34848 6.393843 6.417596 6.250839 6.247637 6.278104 5.996408 5.669898 5.70523 6.825274 7.730597 7.986006 8.052436 8.27945 8.426722 8.239485 7.833256 7.155454 6.023995 5.396563
6.731504 6.738731 6.77674 6.772591 6.855731 6.93027 6.97596 6.858611 5.703903 5.789279 6.436438 6.989799 6.89125 6.184268 6.016469 6.141806 7.102131 7.041541 6.941371 6.500815 6.075445 5.837806 5.827259 5.823416 5.866514 5.990931 6.157379 6.815111 6.758404 6.35532 6.217575 6.137615 6.154883 6.160163 6.103578 6.0143 5.996312 5.989135 5.989597 6.013835 6.151447 6.259335 6.318299 6.424351 6.373656 6.255514 6.191241 6.15247 6.199156 6.06894 5.883249 5.713597 6.624645 7.564165 7.917329 7.713962 7.661159 7.619709 7.44546 7.057216 6.661314 5.921746 5.790506
6.678777 6.737144 6.816089 6.831439 6.862883 6.892477 6.848986 6.65375 5.702476 5.765274 6.502057 6.827913 6.761552 6.352215 5.998421 6.261377 6.716825 6.913166 7.048861 6.851124 6.755219 6.649285 6.23284 5.820435 5.866611 5.957455 6.15191 6.355392 6.357703 6.243672 6.14959 6.089784 6.088556 6.08782 6.101269 6.079266 6.03652 6.015218 6.008252 6.027053 6.083735 6.1461 6.205837 6.418464 6.33324 6.212384 6.140547 6.037418 6.102272 6.082326 6.059693 5.988862 6.139168 6.992389 7.216712 6.60716 5.859851 5.923337 5.998351 6.304834 6.340721 6.180391 5.986902
6.674305 6.747291 6.798819 6.825795 6.842626 6.829318 6.752854 6.605568 6.157263 5.966069 6.519367 6.738558 6.706264 6.559981 6.493262 6.625817 6.72191 6.86547 7.058865 6.920995 6.927645 7.096323 7.054968 6.244011 5.801536 5.920485 6.010378 6.113357 6.145087 6.121546 6.083748 6.039833 6.067077 6.099902 6.158855 6.156919 6.082492 5.983595 5.94494 5.992593 6.075943 6.149786 6.177833 6.357865 6.376175 6.137868 6.069931 5.994871 6.007566 6.108322 6.129989 6.154624 6.247952 6.377763 6.445166 6.285542 6.011345 6.03926 6.249974 6.257539 6.382497 6.246077 5.930192
6.68735 6.737944 6.772048 6.790723 6.800045 6.754443 6.662049 6.535462 6.350733 6.229418 6.49535 6.633099 6.656149 6.646667 6.683477 6.650389 6.575743 6.706108 6.931935 6.844268 6.924244 7.079888 7.185544 6.910504 6.29274 5.759906 5.858948 5.944467 5.979383 6.024432 6.015673 5.956758 5.898963 5.973688 6.467237 6.463651 6.018458 5.886609 5.824877 5.880719 6.18707 6.265952 6.271979 6.375576 6.302372 6.078911 5.998577 6.016159 6.159946 6.21369 6.178547 6.12333 6.144877 6.194124 6.150309 5.770519 6.141447 7.147637 7.500218 7.308499 7.079615 6.668567 5.219929
6.684055 6.722372 6.738148 6.749413 6.753847 6.718836 6.633406 6.517004 6.400597 6.355342 6.431561 6.519276 6.584708 6.611507 6.74272 6.661817 6.588512 6.73399 6.864148 6.832657 6.880482 7.008701 7.054473 7.067697 6.993779 6.423293 5.671552 5.722125 5.838116 5.913845 5.981431 5.789059 5.612217 5.842641 6.990223 7.073056 6.184642 5.64484 5.482162 5.46953 6.15187 6.350329 6.315564 6.312845 6.24074 6.060521 5.913153 5.991642 6.169275 6.260393 6.114621 5.926411 5.930634 6.096905 6.430777 6.919357 7.675778 8.151319 8.395036 8.227007 7.920182 7.395032 5.716155
6.676554 6.687714 6.722833 6.727035 6.719115 6.690573 6.621784 6.539931 6.459683 6.448354 6.491088 6.502887 6.524516 6.707581 6.765232 6.739268 6.683597 6.729439 6.798863 6.827382 6.836778 6.91049 6.960119 7.02087 7.10035 7.014275 6.297077 5.602265 5.615725 5.913392 5.926242 5.418871 5.191581 6.001549 7.289667 7.428373 6.616904 5.475006 5.009924 4.938053 5.926625 6.514769 6.296888 6.24634 6.142463 6.020502 5.75545 6.059591 6.677686 6.855352 6.479046 6.084748 6.18483 6.684361 7.182323 7.650912 8.16834 8.418389 8.512552 8.44257 8.175335 7.775208 6.565847
6.662857 6.672075 6.690925 6.708071 6.692177 6.672923 6.625556 6.550299 6.495746 6.496855 6.578618 6.587749 6.528729 6.68665 6.751049 6.757102 6.739127 6.759597 6.789634 6.805358 6.791662 6.793034 6.807557 6.924168 6.979262 6.883382 6.618086 6.113526 5.842537 6.048121 5.665738 4.921188 5.321653 6.566857 7.299946 7.434894 7.071858 5.660844 4.496831 4.414165 5.986256 6.664443 6.678544 6.769072 6.749445 6.617615 6.082224 6.445529 7.198301 7.231314 6.63365 6.178989 6.243853 6.77272 7.389022 7.950343 8.253276 8.485093 8.462438 8.353175 8.323552 7.948718 6.962296
6.648375 6.648401 6.66041 6.666677 6.651127 6.641291 6.609607 6.572493 6.524308 6.525874 6.614899 6.590805 6.557946 6.65182 6.716897 6.762298 6.776692 6.800034 6.81292 6.813192 6.761013 6.719443 6.686142 6.889664 6.917648 6.802019 6.64758 6.432685 6.253897 6.110272 5.2997 4.609187 5.419141 6.958048 7.171615 7.464454 7.205306 5.650427 3.871389 4.126386 5.892763 6.915847 7.102096 7.116063 7.174164 6.951784 6.338627 6.674838 7.435479 7.342655 6.665016 6.303206 6.364948 6.779394 7.308941 7.803567 8.171811 8.475017 8.416182 8.330866 8.219559 8.033266 7.249091
6.663438 6.620584 6.581094 6.575227 6.588491 6.584013 6.582103 6.572247 6.553926 6.57688 6.663666 6.661157 6.62161 6.652254 6.709074 6.751396 6.777956 6.811878 6.838007 6.787711 6.73571 6.690784 6.753764 6.841259 6.866787 6.784719 6.658965 6.546281 6.600781 5.958642 5.283175 5.251692 5.014127 6.628063 6.974845 7.480299 7.077495 5.334527 3.555196 4.175221 6.017881 7.027708 7.140017 7.272215 7.142218 6.943663 6.708735 6.968904 7.345151 7.185673 6.538597 6.493302 6.618735 6.745947 7.309674 7.778803 8.181406 8.452263 8.493861 8.406057 8.241028 7.924302 7.44403
6.67875 6.669183 6.541608 6.522202 6.555053 6.559401 6.55464 6.550466 6.559073 6.614037 6.681021 6.703441 6.691313 6.695066 6.708763 6.733225 6.772427 6.834851 6.819509 6.744782 6.701737 6.700449 6.76351 6.82056 6.830601 6.794376 6.703698 6.585398 6.41939 5.484946 5.72213 6.093318 5.227324 5.7512 6.647325 7.253856 6.821057 5.252556 3.636429 4.578626 6.091372 6.862772 7.127053 7.172138 7.065991 7.009138 7.032949 7.082219 7.120574 6.890955 6.574613 6.615582 6.791681 6.808931 7.292878 7.785542 8.1131 8.481975 8.631028 8.565997 8.279122 7.866832 7.416216
6.650155 6.644559 6.580141 6.514536 6.539135 6.538573 6.537584 6.541636 6.549697 6.608381 6.665341 6.701501 6.71724 6.731907 6.727565 6.732013 6.73583 6.839494 6.825512 6.782157 6.729944 6.72499 6.767293 6.79535 6.805728 6.766166 6.678773 6.543514 6.05292 5.645174 6.233867 6.696825 5.693464 5.239885 5.910089 6.972763 6.585771 5.282038 4.184751 4.237015 5.746932 6.610637 7.112519 6.975005 6.94728 7.050986 7.091185 7.053962 6.923717 6.688506 6.54781 6.604242 6.931194 6.90313 7.261294 7.840732 8.276743 8.624962 8.936188 8.999031 8.415084 7.680877 7.143497
6.642061 6.62632 6.520103 6.494129 6.513854 6.52271 6.52791 6.529791 6.550566 6.588879 6.651561 6.685482 6.709673 6.735786 6.757725 6.776014 6.783476 6.797017 6.801126 6.786609 6.769519 6.755903 6.771041 6.796005 6.780602 6.701298 6.563509 6.397688 5.823092 5.771281 6.645666 6.767681 6.272697 5.346559 5.249595 6.522449 6.503555 5.78707 5.154531 4.472529 5.056503 6.256566 6.775861 6.718826 6.777114 7.040602 7.048519 6.990216 6.819364 6.612788 6.547497 6.717955 7.068197 7.061755 7.24228 8.006135 8.651419 8.898495 9.341149 9.464487 8.648378 7.479051 6.85746
6.635556 6.589192 6.572558 6.543744 6.531422 6.52873 6.527716 6.533941 6.551468 6.571846 6.636861 6.672536 6.695022 6.711711 6.740031 6.794317 6.766345 6.750854 6.765467 6.762167 6.760384 6.758063 6.765667 6.788557 6.766622 6.643244 6.422523 6.175877 5.849778 5.771253 6.458289 6.616699 6.486242 5.796854 4.849653 6.106915 6.402906 6.088156 5.758291 5.281773 4.86395 5.811409 6.419372 6.498838 6.623946 6.839403 6.881978 6.87285 6.774441 6.54966 6.463298 6.766658 7.29774 7.297575 7.270489 8.197395 9.177603 9.46177 9.754198 9.75232 8.631228 7.388729 6.542036
6.643867 6.565153 6.563792 6.569911 6.556827 6.54924 6.54028 6.534487 6.536502 6.536417 6.612461 6.647517 6.675777 6.710588 6.748295 6.792252 6.779731 6.755611 6.741882 6.732243 6.740605 6.734203 6.734498 6.73518 6.689966 6.526446 6.26161 6.090658 6.094531 5.96282 6.234961 6.489339 6.387734 5.978437 4.698705 5.751976 6.194904 6.165337 5.967927 5.46733 4.932829 5.512263 6.318268 6.449361 6.568088 6.612508 6.618834 6.634659 6.665425 6.498564 6.51616 6.930959 7.64325 7.748184 7.365418 8.41034 9.910507 10.2566 9.853197 9.495884 8.42811 7.298059 6.378082
6.61977 6.545435 6.54405 6.560013 6.568127 6.574044 6.567477 6.566384 6.545433 6.525919 6.580647 6.620607 6.667546 6.71387 6.762792 6.763661 6.760951 6.758305 6.737664 6.714391 6.689983 6.690027 6.711607 6.654248 6.649277 6.493457 6.180322 6.096561 6.319928 6.11084 6.278856 6.431863 6.346223 5.946177 5.163322 5.635321 6.000928 6.057571 6.10725 5.447603 5.03185 5.266567 6.144309 6.387785 6.541351 6.402658 6.333858 6.406778 6.501196 6.526999 6.624033 7.109507 8.135425 8.497191 7.698229 8.435118 10.49511 11.03284 10.10577 9.039693 7.933032 6.993755 6.00499
6.622632 6.60069 6.573928 6.564632 6.568442 6.575565 6.579916 6.570052 6.519112 6.545324 6.585449 6.62251 6.660952 6.733063 6.759437 6.752616 6.738466 6.744604 6.735201 6.711047 6.664739 6.642547 6.689065 6.652637 6.592139 6.447392 6.258995 6.167766 6.336642 6.247888 6.286928 6.395331 6.29731 5.900219 5.269426 5.749948 6.021756 6.017466 6.15087 5.484691 5.043243 5.11087 5.689376 6.226647 6.40535 6.351885 6.09312 6.18345 6.361853 6.592045 6.820846 7.362087 8.719523 9.387157 8.363426 8.679253 10.65065 11.44424 10.28179 8.482265 7.321341 6.462475 5.240087
