py_wake/examples/data/AJ_ParqueFicticio/Rough survey   Sector 10   Height 200m   Mean speed.grd
DSAA
73  159
 258469   265669
 6501692   6517492
 5.845734   13.67312
[rows 28 to 55 of 159, columns 0 to 62 of 73]
9.512881 9.518878 9.526273 9.532417 9.541131 9.554592 9.564981 9.577847 9.583738 9.600666 9.627482 9.657796 9.6829 9.701056 9.712861 9.71841 9.730346 9.741689 9.744384 9.741117 9.729403 9.714618 9.713322 9.698921 9.66799 9.614524 9.555827 9.524696 9.514585 9.506234 9.492187 9.462595 9.376317 9.256909 9.19335 9.237145 9.268374 9.250455 9.22389 9.129725 9.062572 9.083213 9.167313 9.319367 9.466684 9.573075 9.641542 9.769156 9.986048 10.2334 10.50598 10.85458 11.28265 11.59211 11.73563 11.91538 12.10567 12.06196 11.63899 11.02694 10.43223 9.958573 9.661686
9.508257 9.517304 9.52803 9.534879 9.545996 9.555364 9.563205 9.577451 9.589166 9.604005 9.626893 9.652875 9.676023 9.694816 9.703949 9.710406 9.721986 9.736129 9.741376 9.740586 9.725278 9.700415 9.688249 9.675256 9.6492 9.604821 9.554385 9.527832 9.511055 9.499135 9.480529 9.441589 9.357706 9.243341 9.186033 9.215053 9.232438 9.214038 9.194521 9.134116 9.062562 9.056475 9.120666 9.231079 9.364863 9.4973 9.621625 9.795849 10.05425 10.35944 10.67743 11.05657 11.48972 11.8517 12.05958 12.20489 12.27651 12.07457 11.55186 10.89901 10.30122 9.869534 9.709915
9.49849 9.508268 9.523615 9.53113 9.540859 9.553246 9.562562 9.57536 9.589172 9.605163 9.621823 9.638308 9.655236 9.675664 9.68333 9.698119 9.717735 9.733074 9.737606 9.739924 9.718763 9.693481 9.669044 9.654392 9.625083 9.591717 9.558331 9.527688 9.501361 9.483198 9.457454 9.422619 9.331638 9.223354 9.177133 9.183616 9.190431 9.176504 9.156137 9.125912 9.067213 9.029349 9.086377 9.181614 9.292971 9.427487 9.599491 9.828635 10.13213 10.47995 10.84596 11.25743 11.70165 12.08331 12.3483 12.47525 12.41919 12.03404 11.40103 10.71568 10.14462 9.822587 9.877782
9.493504 9.501259 9.512822 9.521782 9.534388 9.546887 9.556111 9.56741 9.580569 9.596518 9.609873 9.624959 9.637606 9.652986 9.668818 9.689402 9.712874 9.734995 9.741434 9.731073 9.706328 9.684967 9.655092 9.630038 9.607118 9.579219 9.550548 9.529099 9.489816 9.459977 9.440662 9.401828 9.30811 9.211594 9.171108 9.15888 9.140809 9.118489 9.109729 9.112846 9.07802 9.041267 9.066999 9.153847 9.271503 9.410028 9.596474 9.855037 10.16486 10.53669 10.9419 11.39958 11.87628 12.2854 12.59467 12.70249 12.51194 11.97585 11.25617 10.55534 10.0337 9.866883 10.11155
9.482717 9.494425 9.50855 9.517865 9.530782 9.541384 9.553843 9.564029 9.574474 9.586914 9.598788 9.611698 9.621291 9.624853 9.646317 9.675887 9.706475 9.734269 9.738403 9.713767 9.691235 9.670126 9.642009 9.615012 9.591669 9.556697 9.534727 9.512062 9.476649 9.442711 9.41869 9.375957 9.291607 9.213628 9.169206 9.149554 9.113393 9.061355 9.062974 9.088414 9.098015 9.067169 9.079304 9.13795 9.26025 9.440682 9.662954 9.89671 10.17908 10.53734 10.9616 11.44664 11.94117 12.39855 12.75846 12.85293 12.5673 11.9335 11.17208 10.47496 10.03192 10.00862 10.36864
9.484205 9.496757 9.507084 9.522325 9.534234 9.545795 9.554647 9.565321 9.575326 9.586074 9.59526 9.607146 9.608199 9.607425 9.633613 9.663493 9.699725 9.728496 9.724644 9.704283 9.675636 9.655519 9.632696 9.602185 9.578313 9.55053 9.518711 9.506136 9.472769 9.43029 9.400154 9.356556 9.288309 9.213443 9.157483 9.127526 9.092569 9.014419 9.014914 9.052614 9.095052 9.130053 9.136487 9.16469 9.253608 9.4413 9.693254 9.951969 10.22691 10.57265 10.99713 11.47125 11.95066 12.41532 12.80697 12.94579 12.59709 11.93584 11.16106 10.49684 10.11269 10.18531 10.62225
9.490084 9.503562 9.513189 9.525105 9.535212 9.550065 9.556903 9.566421 9.580043 9.58974 9.601891 9.606199 9.613645 9.613185 9.632441 9.669072 9.705592 9.723245 9.707604 9.680717 9.656887 9.63004 9.608582 9.584167 9.561443 9.534251 9.514354 9.489047 9.459124 9.427771 9.384686 9.342411 9.288825 9.214953 9.140077 9.084856 9.063956 9.000622 8.96891 8.995662 9.078489 9.182019 9.245512 9.269552 9.292595 9.438385 9.679716 9.964572 10.27565 10.64424 11.08824 11.56309 12.02187 12.46348 12.81935 12.95976 12.63909 11.99059 11.22577 10.58893 10.28127 10.41159 10.84004
9.48491 9.503596 9.515103 9.527997 9.536773 9.547091 9.560298 9.566951 9.576592 9.588872 9.597919 9.60318 9.60803 9.614071 9.636887 9.668418 9.699775 9.715431 9.681891 9.646473 9.619336 9.59669 9.582472 9.564781 9.546926 9.526908 9.503839 9.476874 9.443343 9.409747 9.371557 9.32577 9.27703 9.211801 9.132394 9.054682 9.013338 8.980677 8.925438 8.932146 9.065269 9.221555 9.373817 9.441508 9.423461 9.472099 9.673957 9.980877 10.31387 10.70424 11.14187 11.65545 12.13109 12.5368 12.85642 12.97204 12.69674 12.06441 11.30494 10.7004 10.49439 10.67475 11.03924
9.474538 9.491882 9.505971 9.526763 9.543889 9.556863 9.562751 9.568301 9.579893 9.588488 9.599543 9.601367 9.603175 9.606229 9.632066 9.66243 9.684852 9.691395 9.658411 9.608775 9.581642 9.564081 9.556066 9.551553 9.543839 9.524048 9.496214 9.463789 9.42714 9.39251 9.356879 9.310214 9.261149 9.203261 9.123667 9.028839 8.959263 8.923714 8.875331 8.917004 9.073611 9.301231 9.523761 9.649426 9.63799 9.554695 9.659038 9.956842 10.33579 10.73497 11.17345 11.66842 12.16543 12.58969 12.89886 13.0165 12.74676 12.11222 11.3737 10.83183 10.74463 10.94054 11.21589
9.45365 9.476457 9.496826 9.519551 9.542143 9.554319 9.56487 9.575756 9.583549 9.594498 9.597406 9.600199 9.598901 9.599339 9.620113 9.638287 9.649742 9.649059 9.628655 9.579915 9.545229 9.535713 9.536445 9.539396 9.540813 9.514997 9.486409 9.447315 9.411072 9.370172 9.33384 9.300332 9.253103 9.201541 9.129114 9.021756 8.894617 8.848006 8.832803 8.877471 9.078599 9.383721 9.684675 9.874297 9.898124 9.754887 9.683394 9.893152 10.24855 10.65147 11.10203 11.5745 12.0766 12.537 12.90461 13.05644 12.80067 12.18419 11.4651 10.9966 10.96502 11.1514 11.35114
9.451484 9.473709 9.498383 9.516172 9.533571 9.545139 9.551965 9.565963 9.584047 9.598522 9.607007 9.610717 9.603962 9.598455 9.608235 9.615595 9.618915 9.614304 9.600197 9.566339 9.51384 9.515902 9.524918 9.530602 9.530025 9.503261 9.47055 9.433581 9.395521 9.350001 9.310847 9.296027 9.255171 9.201542 9.13127 9.016763 8.84803 8.776057 8.763578 8.845422 9.077279 9.426169 9.804967 10.08149 10.14625 10.00325 9.846828 9.913266 10.15495 10.51578 10.97724 11.44894 11.95006 12.43922 12.86084 13.06866 12.87714 12.29453 11.60492 11.17232 11.11767 11.26178 11.35441
9.463409 9.486777 9.511202 9.530738 9.541963 9.555208 9.555429 9.570559 9.589547 9.609118 9.623055 9.623886 9.61132 9.600883 9.603904 9.603257 9.609822 9.609278 9.595526 9.55954 9.515356 9.513991 9.521467 9.530686 9.515959 9.489895 9.456861 9.422612 9.385743 9.338314 9.306033 9.284048 9.25429 9.201127 9.139706 9.014768 8.849239 8.735826 8.707655 8.83423 9.089335 9.452888 9.854253 10.19499 10.34853 10.23272 10.05556 10.06449 10.18748 10.46034 10.9095 11.39988 11.8793 12.37385 12.81803 13.07817 12.96718 12.45736 11.8136 11.36823 11.20488 11.19669 11.18982
9.460509 9.48716 9.517653 9.541148 9.557126 9.564298 9.567889 9.580015 9.598694 9.616508 9.628799 9.630744 9.608887 9.601815 9.597068 9.599655 9.601722 9.596119 9.589535 9.563354 9.534304 9.522313 9.517196 9.514378 9.495567 9.463039 9.435332 9.40637 9.375294 9.343595 9.313147 9.286689 9.253619 9.210499 9.147719 9.030396 8.857796 8.69219 8.67664 8.836355 9.114644 9.478827 9.875264 10.23902 10.45834 10.41238 10.23849 10.19351 10.29785 10.52002 10.90518 11.37624 11.87612 12.3719 12.79847 13.08728 13.05492 12.64863 12.0593 11.53927 11.17663 11.00742 10.92792
9.47757 9.502105 9.522873 9.538486 9.549783 9.556293 9.559748 9.574699 9.597948 9.615008 9.622521 9.623649 9.597087 9.579022 9.574515 9.579129 9.582262 9.583088 9.57421 9.554353 9.548802 9.541248 9.528355 9.508103 9.475043 9.431458 9.416746 9.3975 9.379081 9.348307 9.322516 9.300807 9.267688 9.225058 9.167306 9.05911 8.862772 8.673162 8.693021 8.863708 9.157124 9.498886 9.867556 10.23092 10.4819 10.51296 10.36998 10.30001 10.40384 10.64292 10.97024 11.39858 11.86806 12.34324 12.77472 13.08705 13.14172 12.85268 12.29429 11.68266 11.14905 10.82834 10.65068
9.502269 9.524117 9.543946 9.553984 9.552102 9.552594 9.551435 9.563898 9.585103 9.598209 9.603851 9.602266 9.587776 9.564924 9.560481 9.569436 9.570104 9.568873 9.554744 9.538456 9.536829 9.543457 9.550172 9.526509 9.469568 9.419952 9.404118 9.391757 9.376409 9.348676 9.327966 9.30157 9.281774 9.243062 9.182546 9.086761 8.912125 8.741844 8.743632 8.899102 9.166362 9.48949 9.82508 10.1832 10.44332 10.52768 10.43479 10.36272 10.50683 10.75706 11.06495 11.43036 11.84365 12.28786 12.71522 13.06323 13.20526 12.99634 12.46992 11.81162 11.18907 10.7038 10.41383
9.515759 9.544947 9.57221 9.590747 9.578516 9.549932 9.529754 9.549119 9.581492 9.602695 9.611346 9.602125 9.583685 9.568431 9.56395 9.566094 9.563722 9.55619 9.535833 9.51581 9.519257 9.538959 9.556236 9.532957 9.482934 9.437614 9.410632 9.38918 9.372239 9.347409 9.326676 9.315385 9.294165 9.260097 9.210212 9.124003 8.986458 8.840994 8.810554 8.934029 9.153164 9.458474 9.792803 10.13162 10.38257 10.4779 10.44395 10.42993 10.58165 10.82149 11.0956 11.41794 11.79441 12.20506 12.65576 13.04669 13.21807 13.02947 12.5289 11.88355 11.26861 10.7171 10.3231
9.51352 9.542605 9.574294 9.604245 9.593003 9.555887 9.525294 9.537606 9.570078 9.601541 9.62176 9.609728 9.582187 9.564233 9.561666 9.559076 9.557356 9.540934 9.520119 9.494587 9.499993 9.52289 9.538746 9.527771 9.477177 9.441028 9.419649 9.405344 9.386199 9.354713 9.33512 9.336431 9.314188 9.279041 9.245837 9.175298 9.066607 8.956546 8.911931 8.977485 9.149481 9.43513 9.751978 10.0334 10.2673 10.38834 10.42991 10.47779 10.6221 10.85377 11.10235 11.38943 11.75662 12.19951 12.67108 13.06443 13.17944 12.92794 12.46352 11.88795 11.31207 10.79092 10.36409
9.515932 9.544694 9.569556 9.598657 9.600361 9.570828 9.546041 9.558249 9.578345 9.600613 9.61875 9.607443 9.586478 9.569083 9.563517 9.55944 9.556804 9.541219 9.516842 9.491479 9.495521 9.512412 9.522461 9.508162 9.467328 9.435341 9.425209 9.414124 9.384537 9.344061 9.331306 9.352551 9.324504 9.28021 9.273816 9.219912 9.122624 9.041863 9.028167 9.05588 9.168567 9.399062 9.668389 9.906404 10.14408 10.32474 10.44805 10.56111 10.70837 10.9131 11.15486 11.43828 11.80839 12.26927 12.72432 13.06165 13.07883 12.74498 12.27221 11.76409 11.29343 10.86513 10.50196
9.510505 9.546905 9.574162 9.593637 9.601027 9.597475 9.592496 9.608891 9.618289 9.611646 9.615549 9.603561 9.579207 9.567147 9.563715 9.559227 9.551286 9.539903 9.521255 9.50555 9.507213 9.525047 9.533969 9.513906 9.471494 9.441409 9.436167 9.420363 9.389479 9.346277 9.33028 9.346012 9.317387 9.280296 9.296101 9.249845 9.162441 9.09669 9.084785 9.1419 9.235215 9.388747 9.603988 9.850325 10.10886 10.33092 10.48735 10.62847 10.79353 11.00267 11.25836 11.58176 11.95205 12.36321 12.7382 12.98842 12.93163 12.57172 12.07001 11.59046 11.1927 10.86728 10.59316
9.498257 9.534472 9.560372 9.58355 9.600035 9.61773 9.632045 9.654625 9.671622 9.652075 9.607575 9.588888 9.557256 9.539024 9.535436 9.539351 9.538519 9.53633 9.530158 9.515536 9.527338 9.542036 9.546397 9.530916 9.482323 9.454989 9.439953 9.426171 9.397943 9.373049 9.352714 9.351474 9.335098 9.288251 9.300662 9.266824 9.197176 9.134545 9.119797 9.178009 9.278295 9.42323 9.611982 9.836273 10.08336 10.31598 10.47588 10.61625 10.79476 11.03361 11.34265 11.72159 12.10802 12.43672 12.66341 12.75 12.68722 12.38874 11.94307 11.50132 11.12197 10.81033 10.57323
9.496185 9.523347 9.547842 9.566875 9.596021 9.62501 9.655397 9.682618 9.705013 9.676416 9.61371 9.572748 9.534813 9.500845 9.503877 9.514598 9.52383 9.525752 9.516804 9.503014 9.514616 9.525774 9.530253 9.522173 9.478177 9.441719 9.440479 9.429994 9.422659 9.415073 9.417715 9.424631 9.391157 9.332434 9.333874 9.303942 9.240562 9.179543 9.148144 9.186816 9.284367 9.410689 9.578054 9.785356 10.01392 10.23259 10.40724 10.57945 10.81604 11.11882 11.46955 11.84009 12.18543 12.41313 12.5027 12.46919 12.35489 12.12738 11.79276 11.45651 11.13182 10.8166 10.55046
9.507778 9.536565 9.552363 9.56461 9.596769 9.633405 9.670956 9.698053 9.705849 9.682072 9.621744 9.561252 9.515237 9.483414 9.483692 9.510547 9.521338 9.516527 9.504001 9.480854 9.488594 9.504218 9.510362 9.49975 9.481901 9.44507 9.44863 9.461758 9.45938 9.46318 9.464527 9.464739 9.444558 9.406576 9.396084 9.368785 9.300173 9.226759 9.17082 9.187548 9.261391 9.363241 9.508257 9.679996 9.89281 10.12144 10.33834 10.6104 10.91729 11.2723 11.63976 11.94994 12.15925 12.28253 12.30873 12.19687 12.01527 11.80235 11.53161 11.32062 11.1297 10.86872 10.61001
9.508586 9.544234 9.572114 9.578354 9.608389 9.646453 9.687784 9.708642 9.700434 9.675788 9.619377 9.555543 9.503213 9.48744 9.498574 9.518766 9.532876 9.531683 9.499086 9.472466 9.482932 9.49534 9.505413 9.499447 9.489621 9.485753 9.492401 9.498432 9.50238 9.513827 9.507789 9.490302 9.467129 9.450104 9.449264 9.418409 9.334764 9.261924 9.209713 9.203455 9.245434 9.328561 9.45904 9.602491 9.80333 10.06592 10.34761 10.66483 11.01173 11.38463 11.75124 12.01141 12.05389 12.07658 12.10991 11.96258 11.73813 11.51033 11.26091 11.09072 11.02654 10.92019 10.71691
9.501583 9.541067 9.577307 9.599005 9.62765 9.664394 9.69995 9.704682 9.693226 9.663902 9.613711 9.556255 9.514384 9.500658 9.506417 9.515204 9.522185 9.521607 9.507604 9.504326 9.508462 9.508216 9.504603 9.497455 9.502473 9.523505 9.537292 9.535323 9.543725 9.565841 9.577658 9.554718 9.497746 9.480416 9.496634 9.459303 9.369874 9.304909 9.260918 9.234519 9.256783 9.318903 9.439437 9.588975 9.787864 10.06382 10.37144 10.69635 11.0412 11.41738 11.77416 11.99677 11.94115 11.84494 11.85324 11.79478 11.57265 11.2916 11.01663 10.85687 10.83288 10.86238 10.80065
9.498851 9.54264 9.578628 9.607717 9.638621 9.668965 9.695024 9.699082 9.683575 9.660283 9.61729 9.571012 9.536184 9.523184 9.524156 9.519156 9.503981 9.492688 9.500605 9.517565 9.53529 9.535793 9.512692 9.501653 9.519226 9.543338 9.558247 9.563043 9.585863 9.61864 9.643191 9.615945 9.566132 9.552956 9.578829 9.532181 9.43948 9.362304 9.316178 9.300314 9.285939 9.301122 9.404446 9.551554 9.761652 10.04984 10.36236 10.6608 10.99776 11.37099 11.74987 11.95669 11.82618 11.60481 11.56059 11.62983 11.52211 11.22797 10.8579 10.64044 10.62502 10.71261 10.7765
9.512537 9.552975 9.585556 9.62133 9.651311 9.677159 9.688899 9.686872 9.669547 9.651174 9.620404 9.584824 9.554333 9.541357 9.542091 9.538814 9.508577 9.482264 9.486135 9.510567 9.524559 9.534679 9.519931 9.518176 9.535259 9.560186 9.564097 9.58268 9.62534 9.670654 9.694619 9.680885 9.635206 9.650358 9.683764 9.650648 9.557813 9.467566 9.388494 9.394559 9.385112 9.3592 9.39599 9.513621 9.716674 9.988909 10.28525 10.56889 10.90756 11.29301 11.67865 11.88396 11.71966 11.3892 11.27372 11.40192 11.48391 11.28449 10.86821 10.48654 10.40004 10.51902 10.68463
9.538549 9.572637 9.596009 9.629329 9.663946 9.690321 9.688319 9.680649 9.66681 9.647196 9.628458 9.601356 9.572913 9.548182 9.543541 9.540229 9.510028 9.490245 9.496216 9.504573 9.502647 9.495244 9.502603 9.515556 9.541871 9.559089 9.56357 9.583016 9.635219 9.721119 9.771233 9.765728 9.700066 9.71073 9.762136 9.775153 9.710561 9.580521 9.444449 9.458477 9.487087 9.488878 9.479806 9.532815 9.694078 9.930116 10.18064 10.45085 10.80105 11.18222 11.53757 11.74122 11.59098 11.20928 11.00954 11.16526 11.37842 11.33937 10.9332 10.45887 10.19921 10.31517 10.58128
9.555648 9.58887 9.617723 9.652828 9.682074 9.693043 9.688055 9.675041 9.660123 9.645397 9.631958 9.611567 9.592409 9.56033 9.535851 9.530959 9.527433 9.516642 9.524796 9.534327 9.508077 9.470958 9.484188 9.511364 9.532408 9.550324 9.5575 9.572474 9.638148 9.773643 9.876145 9.868296 9.765361 9.771487 9.820829 9.88376 9.852914 9.704503 9.513803 9.482365 9.573734 9.600804 9.615235 9.628707 9.713736 9.920278 10.12453 10.34486 10.64387 10.9878 11.34834 11.57272 11.43433 11.04937 10.79734 10.96797 11.26852 11.32701 10.96227 10.45975 10.07625 10.12669 10.43818
