py_wake/examples/data/AJ_ParqueFicticio/Rough survey   Sector 4   Height 200m   Mean speed.grd
DSAA
73  159
 258469   265669
 6501692   6517492
 5.472929   12.85992
[rows 28 to 55 of 159, columns 0 to 62 of 73]
8.71169 8.713567 8.716958 8.719239 8.724022 8.73184 8.736713 8.743275 8.744061 8.753917 8.772228 8.793508 8.810229 8.821063 8.828293 8.831222 8.839697 8.848756 8.850959 8.849209 8.840948 8.829925 8.829295 8.816858 8.789577 8.742397 8.691913 8.666552 8.660351 8.655061 8.645577 8.620439 8.549912 8.451724 8.403807 8.456079 8.49477 8.485885 8.468755 8.388644 8.334791 8.359936 8.439289 8.577818 8.710636 8.8069 8.870995 8.990011 9.194549 9.430074 9.693404 10.02935 10.449 10.84953 11.07545 11.31676 11.53896 11.5147 11.11476 10.51972 9.922517 9.430361 9.120743
8.7081 8.712328 8.719454 8.722473 8.73 8.73446 8.736645 8.744231 8.750181 8.75827 8.773382 8.790537 8.805587 8.816266 8.820314 8.823821 8.832767 8.844734 8.849734 8.849889 8.838511 8.818058 8.807544 8.796414 8.773678 8.734764 8.691775 8.669723 8.657084 8.648764 8.634703 8.601387 8.530493 8.437825 8.397897 8.434962 8.457541 8.44669 8.437022 8.388774 8.331342 8.333388 8.395112 8.497988 8.620892 8.742507 8.859419 9.024201 9.26847 9.558111 9.8631 10.22678 10.65353 11.09627 11.38158 11.59064 11.69948 11.52104 11.01796 10.3697 9.756577 9.299754 9.147092
8.700808 8.705779 8.716372 8.720052 8.726441 8.733326 8.736962 8.742935 8.750216 8.760188 8.769653 8.778609 8.787774 8.79898 8.802419 8.813403 8.829362 8.842598 8.847423 8.850543 8.833188 8.811435 8.790449 8.778061 8.753433 8.72486 8.696642 8.670943 8.649333 8.63534 8.614753 8.585519 8.507597 8.421644 8.391155 8.405359 8.420086 8.415491 8.402173 8.381272 8.336536 8.309244 8.367701 8.458343 8.562413 8.688675 8.851327 9.068737 9.355856 9.6855 10.03245 10.42354 10.85329 11.31398 11.64842 11.83536 11.82041 11.46603 10.85182 10.16468 9.566825 9.225075 9.314081
8.697556 8.700074 8.706725 8.711893 8.72087 8.727636 8.731625 8.73606 8.743376 8.752181 8.758848 8.76664 8.772563 8.779486 8.789325 8.805579 8.825352 8.845102 8.851716 8.843369 8.822265 8.803926 8.778044 8.757008 8.738045 8.714836 8.691852 8.674265 8.640778 8.616549 8.600414 8.565333 8.485651 8.410387 8.38457 8.384115 8.376091 8.363165 8.360454 8.369172 8.345417 8.320299 8.353606 8.439451 8.551541 8.683374 8.861306 9.107505 9.401076 9.750465 10.13113 10.56267 11.02781 11.50025 11.86985 12.02891 11.88299 11.38274 10.68308 9.97801 9.437277 9.27332 9.578266
8.689525 8.695537 8.704375 8.709177 8.717554 8.722763 8.728981 8.733588 8.738113 8.743702 8.749338 8.755106 8.758466 8.756189 8.771162 8.794866 8.820907 8.844998 8.849563 8.828382 8.808804 8.790866 8.766952 8.744605 8.7253 8.696668 8.678749 8.660663 8.631381 8.602776 8.581854 8.543419 8.471742 8.412519 8.384632 8.377223 8.352326 8.311387 8.31772 8.346875 8.363246 8.344373 8.365765 8.430191 8.549746 8.72174 8.93314 9.155965 9.423051 9.75937 10.15642 10.61014 11.12679 11.61857 12.01505 12.1483 11.90302 11.30565 10.56422 9.872334 9.436654 9.441078 9.866179
8.692103 8.698462 8.703704 8.71374 8.720813 8.727622 8.730471 8.73524 8.739098 8.743392 8.745884 8.750896 8.746278 8.741228 8.761477 8.785962 8.816863 8.841701 8.838915 8.820901 8.795812 8.778421 8.759554 8.734189 8.714705 8.692698 8.666821 8.657752 8.629649 8.592731 8.566312 8.527314 8.470078 8.412698 8.373106 8.355978 8.331559 8.266458 8.271391 8.311565 8.356238 8.39742 8.415486 8.456116 8.551011 8.732914 8.970155 9.213943 9.473344 9.79755 10.19442 10.67731 11.1792 11.65863 12.06189 12.21812 11.89935 11.26778 10.51829 9.875464 9.521478 9.646784 10.1281
8.697015 8.704376 8.708732 8.716159 8.721558 8.731194 8.732533 8.736058 8.743654 8.746862 8.752609 8.751002 8.752109 8.748139 8.76271 8.7927 8.823551 8.838693 8.824452 8.800346 8.778789 8.755925 8.738153 8.7187 8.700961 8.680341 8.665507 8.644412 8.618959 8.591397 8.553269 8.51596 8.472091 8.41649 8.358577 8.318527 8.306442 8.255089 8.230771 8.258446 8.338165 8.441233 8.512794 8.554028 8.59461 8.742476 8.968129 9.234052 9.524878 9.869383 10.28428 10.76994 11.25567 11.71247 12.07212 12.21437 11.90616 11.2851 10.5463 9.940629 9.691694 9.878773 10.34704
8.692041 8.704078 8.710306 8.717748 8.722548 8.727705 8.735066 8.736734 8.740226 8.745953 8.749383 8.748628 8.748012 8.749541 8.767585 8.793511 8.820161 8.831993 8.801875 8.769285 8.744595 8.725624 8.7153 8.70218 8.689518 8.676043 8.657947 8.635167 8.606406 8.576731 8.542966 8.50252 8.462918 8.41489 8.34691 8.283456 8.263548 8.2397 8.192562 8.199866 8.324556 8.474896 8.628914 8.713031 8.724345 8.791411 8.986772 9.272631 9.583094 9.946987 10.35444 10.86305 11.34783 11.76395 12.09028 12.20758 11.9399 11.33047 10.59529 10.03962 9.885179 10.13294 10.53601
8.681466 8.692293 8.701364 8.716906 8.728827 8.73654 8.737814 8.738098 8.743081 8.74547 8.750525 8.747772 8.744693 8.743498 8.763868 8.789094 8.807672 8.811549 8.779805 8.735513 8.710455 8.697114 8.692842 8.692275 8.689324 8.675335 8.652056 8.624951 8.593493 8.563459 8.531692 8.490281 8.451466 8.411049 8.350686 8.274654 8.21993 8.193079 8.151607 8.191705 8.338092 8.55178 8.768525 8.906887 8.928762 8.882561 8.987671 9.272077 9.631861 10.00057 10.41729 10.89302 11.37285 11.79218 12.10763 12.23184 11.97776 11.36955 10.66009 10.17935 10.12004 10.37928 10.69071
8.661941 8.677938 8.692469 8.710022 8.727671 8.7342 8.738231 8.743661 8.745844 8.75096 8.748229 8.745987 8.740798 8.737469 8.753712 8.767599 8.775781 8.77364 8.75337 8.709777 8.679699 8.673861 8.67805 8.68458 8.689277 8.669063 8.645168 8.612127 8.580625 8.545748 8.513747 8.484729 8.450173 8.41587 8.362621 8.27634 8.169946 8.131798 8.12292 8.166827 8.353321 8.637825 8.923375 9.116447 9.170198 9.067495 9.037622 9.261376 9.605494 9.987334 10.40802 10.84787 11.31421 11.7482 12.10876 12.26527 12.02811 11.44974 10.78036 10.34096 10.351 10.57741 10.79754
8.6604 8.675476 8.693974 8.706512 8.718659 8.725183 8.72576 8.734605 8.745835 8.753687 8.75587 8.754629 8.745013 8.738111 8.744154 8.748143 8.748499 8.742929 8.729107 8.699436 8.655448 8.660232 8.671608 8.680334 8.682785 8.661113 8.633185 8.601799 8.569276 8.529902 8.49568 8.484619 8.457769 8.422343 8.371151 8.279252 8.135714 8.076995 8.072102 8.15046 8.36634 8.690666 9.045368 9.313978 9.398624 9.298688 9.178279 9.291121 9.543759 9.893619 10.33742 10.77209 11.23827 11.69364 12.09168 12.29669 12.12007 11.58988 10.95985 10.56257 10.53626 10.68912 10.77548
8.671658 8.687211 8.704822 8.71903 8.725026 8.732786 8.72968 8.738458 8.750139 8.762818 8.770495 8.766644 8.75297 8.741056 8.740514 8.737145 8.740902 8.739507 8.727003 8.696969 8.660824 8.662447 8.672425 8.683956 8.673285 8.650889 8.623421 8.594592 8.563123 8.523042 8.496057 8.478716 8.461714 8.426423 8.383582 8.283568 8.145877 8.052649 8.035098 8.157864 8.398822 8.73828 9.111543 9.432765 9.590596 9.510808 9.35447 9.387221 9.549004 9.833959 10.2772 10.75103 11.20125 11.66968 12.08906 12.33797 12.23786 11.78772 11.20455 10.79868 10.65591 10.6439 10.61006
8.668249 8.686766 8.710144 8.727899 8.738711 8.741299 8.740648 8.746878 8.758571 8.769752 8.776385 8.774557 8.751283 8.740707 8.733987 8.7344 8.734809 8.729539 8.724371 8.702684 8.680182 8.672138 8.671643 8.67268 8.657142 8.629699 8.607033 8.583512 8.558609 8.533225 8.508759 8.487478 8.464651 8.439763 8.397596 8.308247 8.161911 8.018669 8.013218 8.168925 8.433489 8.777838 9.152346 9.493423 9.704111 9.67528 9.52247 9.488533 9.593586 9.851917 10.25412 10.72723 11.22148 11.69433 12.09799 12.37163 12.35401 12.01007 11.47031 10.99212 10.653 10.4841 10.37782
8.682185 8.69912 8.712929 8.724071 8.731566 8.732706 8.731471 8.74061 8.75658 8.768147 8.771352 8.767601 8.739065 8.718737 8.712869 8.715837 8.718285 8.720203 8.71301 8.696966 8.694301 8.690987 8.682492 8.669095 8.642493 8.604942 8.594701 8.581026 8.568265 8.543 8.523224 8.506419 8.4859 8.461904 8.42488 8.338287 8.167075 8.001392 8.028115 8.193807 8.472782 8.796453 9.145732 9.490569 9.731695 9.769177 9.645073 9.588357 9.691407 9.923857 10.29089 10.73854 11.21025 11.67938 12.0909 12.38978 12.45744 12.2226 11.70927 11.13899 10.63631 10.32784 10.13702
8.702152 8.716747 8.730048 8.735318 8.731435 8.729173 8.723007 8.728893 8.743726 8.751642 8.75293 8.747379 8.730171 8.706347 8.700602 8.707718 8.708933 8.709122 8.697881 8.684105 8.68476 8.693798 8.703821 8.687073 8.641298 8.600167 8.589101 8.581092 8.570416 8.54856 8.532687 8.511952 8.504175 8.485719 8.44174 8.363414 8.212286 8.064649 8.074907 8.226476 8.481551 8.788304 9.106917 9.44692 9.693029 9.77949 9.702003 9.644325 9.787539 10.03102 10.38035 10.7675 11.1882 11.63198 12.04179 12.38343 12.53702 12.36899 11.87838 11.25907 10.67222 10.21265 9.92745
8.711696 8.733175 8.752993 8.765153 8.753298 8.725938 8.703077 8.714908 8.740312 8.755472 8.758716 8.746792 8.727901 8.711965 8.705917 8.705988 8.703293 8.698006 8.681999 8.664557 8.66996 8.691987 8.712668 8.697028 8.65613 8.619244 8.598532 8.582925 8.571883 8.552597 8.536508 8.529741 8.522747 8.501912 8.466161 8.396812 8.279829 8.155197 8.135774 8.257691 8.465599 8.755623 9.07322 9.395878 9.637883 9.734532 9.711202 9.706614 9.870001 10.14146 10.44087 10.77984 11.16175 11.56624 12.00866 12.39778 12.57507 12.40619 11.9333 11.31507 10.7313 10.20793 9.836035
8.707224 8.728439 8.752405 8.774579 8.761415 8.726716 8.697183 8.70434 8.730022 8.754704 8.769437 8.755368 8.728709 8.709613 8.704068 8.700012 8.697656 8.684097 8.667336 8.647541 8.655014 8.680391 8.699721 8.694889 8.651784 8.623473 8.60891 8.60132 8.588238 8.563962 8.54894 8.555858 8.541498 8.519504 8.498818 8.443583 8.351707 8.259437 8.226928 8.295594 8.466928 8.759405 9.075885 9.347402 9.566213 9.671871 9.711354 9.78779 9.961852 10.2153 10.48024 10.777 11.14519 11.58308 12.05005 12.43935 12.55556 12.31224 11.85437 11.28828 10.73395 10.24148 9.84954
8.707734 8.728939 8.746416 8.7679 8.765345 8.737301 8.714094 8.722924 8.73796 8.755219 8.769027 8.755283 8.733239 8.713771 8.705619 8.699671 8.696652 8.683637 8.664317 8.645765 8.653547 8.672741 8.6866 8.677525 8.644462 8.618933 8.615259 8.611056 8.590216 8.557062 8.551135 8.571639 8.548271 8.518479 8.522924 8.483479 8.40375 8.339328 8.336196 8.36988 8.504931 8.746152 9.014322 9.241926 9.464477 9.635542 9.760136 9.88867 10.05853 10.27984 10.53402 10.82871 11.20633 11.66756 12.11861 12.45242 12.46585 12.13483 11.65072 11.12922 10.65162 10.23918 9.922253
8.701874 8.730296 8.749427 8.762027 8.765231 8.759903 8.754847 8.767682 8.773247 8.765648 8.766991 8.752127 8.725991 8.7111 8.704738 8.69962 8.69222 8.68308 8.668881 8.659189 8.664063 8.683956 8.696166 8.682006 8.649867 8.626582 8.625826 8.617527 8.595354 8.560423 8.550581 8.565632 8.54229 8.519322 8.544141 8.511378 8.440676 8.389507 8.387609 8.460027 8.573848 8.738449 8.954852 9.190551 9.439283 9.65523 9.81035 9.957558 10.13416 10.35909 10.63019 10.96802 11.34912 11.76277 12.13523 12.37786 12.31253 11.93643 11.42142 10.92614 10.51752 10.19415 9.941422
8.68982 8.718109 8.736906 8.751401 8.762909 8.777596 8.789239 8.807603 8.820004 8.801543 8.761102 8.739595 8.70613 8.684688 8.677765 8.681404 8.68123 8.680897 8.678252 8.668049 8.681555 8.698932 8.707435 8.698808 8.66004 8.638257 8.628123 8.621076 8.601003 8.583122 8.571249 8.570625 8.564101 8.532854 8.562955 8.544641 8.490335 8.444843 8.446738 8.516746 8.626432 8.777658 8.967847 9.188493 9.427289 9.652288 9.809791 9.953134 10.14149 10.39653 10.72253 11.11432 11.50903 11.83905 12.0638 12.14889 12.05461 11.71076 11.23032 10.77626 10.40959 10.11435 9.898355
8.687178 8.70655 8.724113 8.735894 8.758495 8.783374 8.809366 8.832032 8.848714 8.820334 8.764283 8.724303 8.684738 8.649281 8.649073 8.65846 8.667803 8.672208 8.667039 8.655609 8.669133 8.68375 8.692927 8.689408 8.652951 8.623625 8.626252 8.622107 8.621181 8.620183 8.633574 8.652665 8.634664 8.596343 8.615962 8.604295 8.560589 8.517879 8.504329 8.553505 8.658806 8.788652 8.957271 9.159204 9.380162 9.591842 9.761932 9.938955 10.18547 10.50284 10.86946 11.24717 11.59203 11.82072 11.91212 11.87315 11.71236 11.41433 10.99951 10.67252 10.3767 10.09509 9.858686
8.696619 8.717515 8.726521 8.73377 8.760028 8.791152 8.823281 8.84451 8.848074 8.822593 8.765331 8.709567 8.665045 8.631998 8.630877 8.655401 8.665684 8.662642 8.654186 8.635646 8.645454 8.663217 8.672695 8.665978 8.652705 8.623646 8.631572 8.648525 8.65201 8.663355 8.690609 8.707272 8.696941 8.68262 8.695175 8.688234 8.640386 8.588313 8.55112 8.582992 8.666195 8.772632 8.918077 9.08673 9.291626 9.508394 9.719097 9.992176 10.30798 10.67206 11.04513 11.35809 11.56967 11.6924 11.71971 11.59681 11.37647 11.09416 10.73874 10.53488 10.35643 10.12273 9.896297
8.696312 8.723217 8.74359 8.747168 8.772097 8.803341 8.838354 8.853966 8.842177 8.815386 8.760977 8.70037 8.651124 8.636525 8.646128 8.664129 8.676605 8.675252 8.649046 8.628568 8.640722 8.65515 8.667235 8.66483 8.660787 8.662734 8.670835 8.680127 8.688294 8.716306 8.735647 8.741735 8.733904 8.737548 8.76074 8.752374 8.690325 8.640084 8.608242 8.616932 8.669363 8.757278 8.887326 9.028265 9.222111 9.474619 9.752143 10.0681 10.41533 10.78873 11.15484 11.41586 11.46677 11.49426 11.5163 11.34529 11.09953 10.82759 10.49557 10.31939 10.25329 10.15708 9.979325
8.68982 8.720342 8.749501 8.766436 8.790222 8.821047 8.849775 8.85034 8.836273 8.805223 8.756158 8.701343 8.661845 8.648971 8.653667 8.661618 8.668891 8.668743 8.658282 8.65928 8.665092 8.66746 8.667104 8.664099 8.67414 8.698285 8.712231 8.712853 8.725426 8.764831 8.802457 8.802752 8.774016 8.780703 8.820171 8.80743 8.738684 8.692078 8.666011 8.655951 8.689789 8.75882 8.879778 9.026655 9.22106 9.492074 9.794609 10.11459 10.45442 10.82399 11.17836 11.40556 11.36088 11.26791 11.23984 11.14648 10.9171 10.62793 10.31333 10.10759 10.07618 10.10001 10.04851
8.687166 8.723071 8.751312 8.775243 8.800625 8.825589 8.845511 8.844832 8.827272 8.802213 8.76042 8.716462 8.681871 8.66995 8.670434 8.665651 8.653107 8.643466 8.653108 8.673153 8.692434 8.694772 8.677104 8.671414 8.692166 8.717749 8.733069 8.739508 8.762575 8.807002 8.853712 8.850359 8.834165 8.850073 8.901684 8.881611 8.814753 8.758891 8.727592 8.725872 8.726678 8.75139 8.857568 9.002809 9.209867 9.492584 9.799728 10.09015 10.42051 10.78907 11.16167 11.36911 11.248 11.03113 10.9404 10.95236 10.8286 10.55106 10.18856 9.927706 9.89528 9.967755 10.02626
8.701414 8.733007 8.758461 8.788158 8.812698 8.83323 8.840744 8.835233 8.815701 8.794907 8.763955 8.728799 8.698739 8.686051 8.685762 8.682857 8.656439 8.634121 8.640407 8.667258 8.684987 8.695552 8.684939 8.688323 8.708727 8.73568 8.740149 8.75814 8.797697 8.84825 8.893414 8.90753 8.896783 8.939676 8.995455 8.990015 8.928296 8.863133 8.799996 8.819227 8.822922 8.811832 8.85575 8.974849 9.176968 9.441469 9.730965 10.0088 10.34212 10.7192 11.09632 11.29662 11.1431 10.80828 10.65504 10.71408 10.75443 10.57239 10.19002 9.807838 9.698541 9.796425 9.942559
8.7268 8.753557 8.770935 8.797128 8.824958 8.845817 8.840376 8.82975 8.813292 8.792212 8.771957 8.744797 8.716527 8.692459 8.687779 8.684814 8.659122 8.643896 8.651087 8.662106 8.664772 8.660755 8.669849 8.68754 8.717131 8.735404 8.740677 8.758471 8.804982 8.884516 8.958202 8.989988 8.959959 8.992254 9.064214 9.100799 9.067513 8.967461 8.854086 8.879326 8.91745 8.935061 8.937445 8.994377 9.155405 9.388048 9.637839 9.903059 10.24458 10.61367 10.95914 11.15769 11.002 10.62028 10.38905 10.48565 10.64487 10.60141 10.22279 9.764757 9.517095 9.61258 9.847455
8.743691 8.769494 8.791355 8.820128 8.842588 8.848791 8.841822 8.825975 8.808872 8.791609 8.77595 8.7551 8.734444 8.70398 8.682206 8.677752 8.676345 8.668241 8.678843 8.689994 8.6701 8.640405 8.65575 8.685863 8.710091 8.728999 8.736963 8.750634 8.809368 8.935565 9.060728 9.09265 9.021418 9.050467 9.117914 9.198624 9.196301 9.082057 8.915387 8.899354 8.999137 9.034895 9.060959 9.083935 9.175855 9.381968 9.585098 9.80166 10.09566 10.43092 10.78021 10.98928 10.84073 10.44954 10.17191 10.29656 10.55153 10.59533 10.23989 9.752295 9.403323 9.44143 9.716222
