py_wake/examples/data/AJ_ParqueFicticio/Rough survey   Sector 5   Height 200m   Orographic speed.grd
DSAA
73  159
 258469   265669
 6501692   6517492
 .6967462   1.35949
[rows 0 to 27 of 159, columns 0 to 62 of 73]
.9633534 .9606404 .9597315 .9596745 .9593725 .9592722 .9597998 .959979 .9600551 .9596572 .9589858 .957432 .9558967 .953837 .9513384 .9496797 .9482143 .9475926 .9473804 .9489383 .9530983 .9634005 .9705554 .9702408 .9573329 .9347796 .9218403 .9259518 .9311134 .9310996 .928835 .9296778 .9316636 .9382144 .9488118 .9634749 .9834525 1.002101 1.011459 1.01664 1.020399 1.024336 1.027297 1.028969 1.028325 1.027797 1.025799 1.024564 1.023597 1.022599 1.02146 1.0191 1.01707 1.015618 1.012604 1.009986 1.007747 1.004285 1.001631 .9981928 .9940953 .9904928 .9872826
.9687838 .9634059 .9612915 .9607711 .9606791 .9605253 .9606243 .9605888 .9606265 .9606601 .9602934 .9588948 .9570515 .9546936 .9518449 .9493206 .9473112 .9461867 .9443671 .9455109 .9504752 .962716 .9771235 .9841707 .9730089 .9481085 .9253162 .9244261 .9284042 .9290075 .9285492 .9272808 .9268789 .9314846 .9395708 .9553903 .9772023 1.000565 1.01318 1.019038 1.02346 1.028103 1.034047 1.035901 1.029727 1.028336 1.027319 1.026763 1.026138 1.024946 1.024487 1.022542 1.020815 1.01878 1.015982 1.013897 1.010377 1.007023 1.001802 .9971711 .9921098 .9873209 .9829955
.9783711 .9683639 .9632635 .9619045 .9616579 .9616156 .9615859 .9614142 .9611632 .9608153 .9613564 .9605744 .9583671 .9561248 .9527666 .9488165 .9460351 .9435589 .9409688 .9408292 .9461504 .9584817 .9775363 .9912546 .9875587 .9609892 .9361745 .9264627 .9265584 .9265673 .9266356 .9244614 .9232015 .9247073 .9290404 .9431646 .9654837 .9939516 1.011738 1.02071 1.025281 1.030538 1.036593 1.041318 1.036296 1.029863 1.027171 1.027017 1.027626 1.027441 1.027857 1.027742 1.025417 1.022245 1.019582 1.017169 1.013468 1.00873 1.003032 .9968317 .989996 .9838113 .978026
.9928719 .9785399 .967902 .9642063 .9631975 .9629222 .9626617 .9621799 .961521 .9607766 .9602751 .9615532 .9607975 .9585267 .953544 .9479103 .9439276 .9406561 .9375068 .9363725 .9410118 .953373 .972324 .9897175 .9939083 .9743795 .9477826 .9336492 .928784 .9271202 .9260181 .923487 .9207576 .9177113 .9171315 .9259261 .9462457 .9775 1.003967 1.017509 1.025484 1.033056 1.03929 1.044162 1.043572 1.035228 1.029365 1.02801 1.028277 1.028426 1.030985 1.031646 1.02975 1.027529 1.025551 1.021997 1.017685 1.011548 1.004538 .9961045 .9876034 .9799711 .9735081
1.004887 .9903319 .9765048 .9689607 .9652683 .9645987 .9647151 .9639089 .9625597 .9612819 .9600083 .9589485 .9609098 .9604197 .9542559 .9475315 .9419682 .9374901 .9342954 .9324401 .9375836 .9491371 .9656055 .9830291 .9915587 .9806676 .9601408 .9442762 .9350409 .930775 .9267568 .9246207 .9185513 .9122872 .9079902 .9087907 .9238829 .9525142 .9821037 1.00296 1.020872 1.033797 1.04058 1.042665 1.045534 1.039951 1.033515 1.029655 1.028674 1.03009 1.033699 1.035737 1.035736 1.034956 1.032586 1.028727 1.022844 1.01534 1.006042 .9958128 .985545 .9748047 .9660305
1.010975 1.001928 .9909341 .9795838 .9697265 .9669708 .9674328 .9662225 .9640338 .9623312 .9617388 .9585389 .9597387 .9602098 .9554992 .948372 .9408789 .9341335 .9301923 .9301738 .9366956 .9486905 .9625578 .9780312 .988668 .9840716 .9685734 .953958 .9427868 .9348395 .9286101 .9252251 .9213899 .9155287 .9091694 .9046192 .9105041 .9296522 .9534939 .9777932 1.004932 1.03012 1.039781 1.040215 1.039142 1.038846 1.034876 1.03133 1.02907 1.030003 1.034228 1.039398 1.041677 1.042479 1.04117 1.037139 1.030102 1.020923 1.009619 .9969887 .9831502 .9699419 .9572326
1.014421 1.010584 1.006162 .9966325 .9815772 .971259 .9711394 .9703189 .9677044 .9656349 .9643348 .9606621 .959235 .9601259 .9577917 .951245 .941869 .9320064 .9251667 .9229236 .9303025 .9451247 .9600893 .9757782 .9879361 .9874275 .9761752 .9628881 .9495398 .9390635 .9311633 .9249507 .923278 .9186898 .9112452 .9060756 .9061139 .9146584 .9296576 .9513749 .9854263 1.017609 1.032937 1.033772 1.032039 1.031976 1.032242 1.031346 1.026204 1.025762 1.031396 1.038606 1.045396 1.050166 1.051007 1.047548 1.039361 1.028561 1.014941 .9981635 .9810207 .963623 .9490444
1.016079 1.014842 1.011968 1.006464 .9943196 .9825229 .9772358 .9753786 .9722639 .969843 .9672173 .9648103 .9632161 .9642173 .9623494 .9561331 .9451377 .933289 .9226966 .9157979 .9214321 .9371793 .9568142 .9731065 .9865809 .9906093 .9823152 .9695199 .956396 .9442222 .9352699 .9311084 .9274483 .9222479 .9154886 .9090913 .9066002 .9093856 .9175792 .9344518 .9658749 .9981632 1.016272 1.021587 1.023692 1.028162 1.029691 1.027925 1.020535 1.018443 1.023624 1.031612 1.041459 1.05302 1.060801 1.058344 1.049817 1.038101 1.021773 1.00368 .981447 .9601372 .9430075
1.017817 1.017779 1.016348 1.01288 1.004526 .9944806 .98659 .9820256 .9770728 .9736978 .9710845 .9690952 .9684808 .968478 .9684604 .9638999 .9535236 .9383108 .9237953 .9124765 .9104559 .9245209 .9432459 .9605933 .9785981 .9908057 .9897871 .9780225 .9650925 .9527138 .9432232 .9381218 .9336807 .9283336 .9218984 .9156738 .9106591 .9103143 .9158369 .9266053 .949736 .9758559 .9935014 1.001703 1.012545 1.021695 1.022638 1.0224 1.014278 1.009619 1.016247 1.023531 1.03309 1.048498 1.064448 1.067356 1.059907 1.048933 1.034147 1.013222 .9845666 .9580401 .9393753
1.019224 1.019621 1.019508 1.01733 1.011678 1.002354 .9928681 .9861368 .9811496 .9769692 .9759891 .9750107 .9730984 .9727761 .9751967 .9737365 .9654585 .9500526 .9318566 .9159808 .9054676 .9081832 .9253673 .9417122 .9595466 .9801182 .9901758 .984329 .9730096 .9606174 .9514295 .9457499 .9410324 .9353148 .9294621 .9235619 .9172106 .9144868 .9179543 .9261691 .9411467 .9572977 .9707024 .9799135 .994768 1.007253 1.009331 1.010998 1.006808 .9993372 1.003935 1.011508 1.022622 1.042063 1.06115 1.07123 1.066957 1.06023 1.046233 1.026188 .9939935 .9609433 .9379217
1.020566 1.021102 1.020916 1.020151 1.018451 1.010285 1.003205 .9934924 .9849223 .9807824 .981741 .9828014 .9787175 .9751368 .9786345 .9838682 .9812753 .9670212 .94792 .9289449 .9129113 .9052339 .9124722 .9248527 .9402347 .9590371 .9782732 .9832844 .9768223 .9654374 .9586763 .9536798 .9491855 .9441495 .9381961 .9313106 .925899 .9218128 .9226464 .9303108 .9405694 .9519102 .9602984 .9659392 .9773449 .9884537 .9930734 .9978987 .997004 .9895747 .9900299 .9964297 1.01296 1.035502 1.05528 1.065544 1.069321 1.06713 1.057479 1.038673 1.007326 .9691958 .9409499
1.020228 1.021683 1.021103 1.01967 1.02118 1.018335 1.013546 1.002218 .9885382 .9857376 .9883296 .9904132 .98549 .9765531 .9769759 .9873149 .9944947 .9848947 .9674114 .9483088 .9284267 .9150262 .9123768 .9172814 .9272201 .942329 .9618965 .9720148 .9724554 .9669015 .9625288 .9581437 .9557143 .95267 .9474296 .9400095 .9343982 .9309921 .9303807 .9355995 .9436885 .9523736 .9584672 .9640369 .9698052 .9755473 .9804662 .9851825 .9881492 .9822817 .97762 .984273 1.004189 1.027635 1.044194 1.05454 1.060121 1.063207 1.058232 1.044319 1.016811 .9803385 .9489292
1.018601 1.020449 1.02115 1.020132 1.021602 1.022135 1.019184 1.010847 .9958032 .9917423 .9959574 1.000471 .9962372 .9838809 .978662 .9841052 .9953355 .9982383 .9875029 .9703656 .952485 .9371068 .9276367 .9223797 .9239931 .9330193 .9466595 .9588555 .9645604 .9646857 .9628767 .960777 .9596315 .9579516 .954633 .9487868 .9424712 .9395291 .9392117 .9420479 .9482296 .955792 .9616923 .967081 .9682955 .9695377 .9736277 .9777467 .9802325 .9769009 .972344 .9753806 .9919438 1.014536 1.031581 1.039806 1.047441 1.050834 1.04779 1.034596 1.011858 .9820595 .9521516
1.016467 1.018603 1.020354 1.021263 1.022397 1.023492 1.021777 1.016033 1.00315 .9985098 1.003214 1.007732 1.006862 .9980444 .9904433 .9899237 .9964494 .9993327 .9995857 .9896711 .9773269 .9644028 .9504294 .9367191 .9301792 .9316174 .9407219 .9506382 .9570679 .96022 .960718 .9604504 .9614664 .9621049 .9593176 .9551659 .9495809 .9470989 .9469613 .9500626 .955191 .9600525 .9650801 .9717452 .9708073 .9703677 .972028 .9736045 .975607 .9738868 .9718186 .9734095 .9847663 1.004276 1.021893 1.033108 1.038566 1.040829 1.036222 1.02252 1.000615 .973399 .9463115
1.014426 1.016991 1.019239 1.020973 1.022841 1.023118 1.0216 1.017349 1.0093 1.004831 1.008065 1.011331 1.011811 1.007843 1.002442 .9998321 1.000969 1.003659 1.005802 1.002389 .9973403 .9896458 .9768038 .9590794 .9441152 .9382228 .9386469 .9438783 .9495209 .9539248 .9565166 .9593757 .9633788 .9667995 .9665704 .9616504 .9550646 .9513511 .9528885 .9586787 .9649587 .9699631 .9734365 .9788244 .9805147 .9764274 .9761504 .9763563 .976995 .9780209 .9768187 .9790229 .9883283 1.003446 1.019045 1.031144 1.039419 1.041513 1.0344 1.018003 .994294 .9654544 .9377788
1.012836 1.015509 1.017747 1.020004 1.021948 1.022307 1.020758 1.018366 1.013783 1.009198 1.010303 1.012585 1.013958 1.013457 1.01048 1.005916 1.004415 1.007446 1.011621 1.010878 1.009507 1.008383 1.002408 .9863662 .9680505 .9518141 .9436589 .9432387 .9458082 .9511382 .9544457 .9580286 .9640894 .9724657 .9766962 .9713374 .9597992 .9539632 .9555294 .965249 .9764127 .982178 .9841192 .989242 .9892773 .9859177 .9833476 .9836382 .985592 .985658 .9858662 .9876893 .9963177 1.010437 1.023932 1.036073 1.046061 1.048994 1.04293 1.025437 .9991722 .9670109 .9311628
1.01157 1.01382 1.015927 1.018346 1.020425 1.021317 1.020799 1.018585 1.015829 1.012922 1.012436 1.013366 1.014739 1.014686 1.014936 1.012781 1.010068 1.01045 1.014565 1.015261 1.016094 1.017907 1.016914 1.010984 .9973396 .9770953 .9587037 .9484982 .9478291 .9506829 .9550539 .9580066 .9662685 .9796541 .9890902 .9867061 .9708949 .9585339 .9584911 .9695882 .9872851 .9963737 .9991015 1.000463 1.000327 .9965677 .9929975 .9935071 .9968026 .9968951 .9951574 .9964293 1.005276 1.01748 1.032206 1.045249 1.055502 1.061746 1.056922 1.04309 1.018428 .9813033 .9354926
1.010529 1.012553 1.014931 1.017358 1.018969 1.020147 1.020073 1.019003 1.017154 1.016358 1.015434 1.014089 1.014084 1.016038 1.017269 1.016854 1.015449 1.015205 1.017357 1.01885 1.020011 1.022413 1.02352 1.023247 1.017324 1.003521 .9828917 .9652214 .9561569 .9555942 .956365 .958762 .9698533 .985711 .9993539 1.000615 .9838362 .9665647 .9609254 .9744289 .9994382 1.014993 1.018973 1.018958 1.01662 1.01061 1.005041 1.00669 1.011371 1.011025 1.005501 1.004156 1.012173 1.027822 1.042731 1.054957 1.065425 1.071141 1.070462 1.058809 1.037153 1.00162 .9531787
1.009447 1.011424 1.013577 1.016369 1.017886 1.019055 1.019583 1.018707 1.017858 1.01811 1.017951 1.01544 1.013895 1.01643 1.018347 1.019219 1.018992 1.01926 1.020008 1.020852 1.021459 1.02359 1.026616 1.02982 1.028432 1.019297 1.00411 .9869729 .9735644 .9663951 .9606729 .9596188 .9756102 .9933881 1.007562 1.012998 .9980854 .9742402 .9627814 .9778923 1.010297 1.034521 1.044228 1.045015 1.03917 1.031453 1.023534 1.024242 1.029854 1.028894 1.020871 1.015559 1.020613 1.034075 1.050529 1.064848 1.074965 1.080904 1.078464 1.068723 1.050305 1.020291 .9747364
1.008344 1.010374 1.012879 1.015383 1.016198 1.01752 1.018025 1.018006 1.018086 1.018939 1.019661 1.01852 1.016227 1.016998 1.019359 1.021021 1.021986 1.022932 1.022751 1.022872 1.022868 1.024284 1.025811 1.030306 1.03206 1.028611 1.019892 1.00692 .9928929 .9813341 .969182 .9624391 .9768185 .9990235 1.015752 1.022778 1.00963 .9836622 .9658185 .9801804 1.014332 1.046257 1.063025 1.06719 1.064464 1.056424 1.045528 1.044315 1.048593 1.047217 1.038679 1.030671 1.031981 1.041559 1.056476 1.071408 1.082474 1.08924 1.085835 1.075645 1.058751 1.031308 .9922196
1.007211 1.008865 1.01072 1.012342 1.013787 1.014763 1.016171 1.017015 1.017851 1.019117 1.020108 1.02014 1.018721 1.019274 1.020734 1.022524 1.0242 1.02503 1.024869 1.023737 1.023588 1.023793 1.025882 1.028794 1.030943 1.030007 1.024765 1.017867 1.008455 .9932123 .9795607 .9707016 .9715886 .9960726 1.017782 1.029276 1.017332 .9890152 .97015 .9816753 1.01427 1.047182 1.069396 1.079948 1.08155 1.077701 1.069079 1.064388 1.065052 1.063869 1.054145 1.049765 1.047898 1.053574 1.066067 1.079834 1.091335 1.097598 1.094536 1.081224 1.062519 1.037071 1.003805
1.006179 1.006834 1.008087 1.009907 1.011579 1.012858 1.013859 1.01504 1.016315 1.0183 1.020055 1.020998 1.020706 1.021139 1.022208 1.02318 1.025082 1.026557 1.026402 1.025826 1.025359 1.025397 1.026089 1.028115 1.029778 1.029503 1.025739 1.020443 1.01395 1.001877 .9922654 .9834425 .9714559 .9841549 1.010907 1.030555 1.021908 .9925605 .9700829 .9809625 1.010971 1.044671 1.068733 1.083457 1.090451 1.092488 1.088225 1.082679 1.079951 1.076526 1.070082 1.066285 1.065513 1.067609 1.078853 1.091377 1.102148 1.107621 1.102829 1.087704 1.064083 1.038535 1.008405
1.004916 1.005787 1.006717 1.007309 1.009241 1.010677 1.011629 1.013086 1.014499 1.016724 1.019473 1.020904 1.021915 1.022686 1.023122 1.024034 1.024111 1.026503 1.027593 1.027669 1.026925 1.027174 1.027923 1.029041 1.029494 1.028473 1.024944 1.019784 1.013455 1.010062 1.007089 .9982713 .9830408 .9789906 .9985482 1.023279 1.02354 1.000666 .9761522 .975201 1.002304 1.036733 1.064884 1.081351 1.091429 1.097839 1.100513 1.098226 1.09535 1.089844 1.085562 1.083822 1.083661 1.083436 1.09193 1.104909 1.114114 1.11735 1.112082 1.096082 1.06781 1.036075 1.008521
1.005023 1.006484 1.006003 1.005624 1.006563 1.008268 1.009731 1.011252 1.012882 1.01511 1.017885 1.020019 1.021136 1.023086 1.02375 1.024456 1.023737 1.024788 1.02689 1.028316 1.028783 1.029144 1.029425 1.030222 1.030212 1.027505 1.023273 1.017963 1.010727 1.010891 1.01364 1.009839 .9949529 .9822707 .9884126 1.011759 1.02228 1.010417 .9896978 .9773907 .9923275 1.022396 1.052003 1.072466 1.086679 1.098453 1.105853 1.108601 1.10722 1.104002 1.1016 1.100571 1.100197 1.09901 1.104475 1.118049 1.127867 1.129201 1.121561 1.103311 1.071607 1.03612 1.007374
1.004217 1.00607 1.005931 1.005353 1.006073 1.00722 1.008108 1.009881 1.011316 1.014394 1.016264 1.018678 1.020433 1.02187 1.023226 1.024772 1.024911 1.02505 1.026725 1.028422 1.029632 1.030251 1.030674 1.031444 1.030245 1.026994 1.022204 1.017086 1.011127 1.008465 1.012316 1.014195 1.007333 .9935052 .9862472 1.003629 1.015881 1.013533 1.001284 .9877109 .9902889 1.013475 1.040334 1.061514 1.079605 1.094519 1.106239 1.114459 1.117852 1.118038 1.118564 1.119166 1.118221 1.115209 1.116213 1.130451 1.142445 1.141371 1.129786 1.109093 1.074266 1.036883 1.007382
1.004186 1.004171 1.004698 1.005278 1.005859 1.006884 1.008328 1.008791 1.01017 1.012812 1.01514 1.017312 1.019334 1.02123 1.022753 1.023996 1.025186 1.025974 1.026959 1.028314 1.029428 1.030534 1.031342 1.032085 1.030647 1.026251 1.020783 1.018813 1.017011 1.011113 1.012187 1.015576 1.012017 1.002785 .9913611 1.000742 1.010871 1.014295 1.00771 .9959537 .9936758 1.010428 1.036137 1.058459 1.075801 1.090362 1.103651 1.116961 1.126364 1.130157 1.133296 1.138008 1.139802 1.134194 1.129865 1.142605 1.15765 1.154667 1.137629 1.110237 1.074339 1.03838 1.008896
1.004929 1.003638 1.003495 1.004308 1.005796 1.006953 1.008061 1.009279 1.010059 1.010956 1.012989 1.015884 1.018394 1.020331 1.022224 1.023315 1.024903 1.026426 1.027158 1.027886 1.02833 1.029793 1.031029 1.030858 1.031458 1.028333 1.021323 1.020531 1.021163 1.015886 1.014531 1.015257 1.012703 1.005584 .9987367 1.004474 1.008741 1.012536 1.012323 1.000445 .9970002 1.01054 1.034384 1.055127 1.074523 1.087838 1.101854 1.117217 1.131635 1.139246 1.147493 1.156257 1.163529 1.158656 1.147103 1.153796 1.170569 1.16875 1.14387 1.106169 1.069099 1.03519 1.009218
1.004647 1.00454 1.003784 1.004256 1.005842 1.007108 1.0082 1.008916 1.009598 1.010244 1.011865 1.014873 1.017517 1.020028 1.021575 1.02338 1.02464 1.026295 1.02713 1.02741 1.02753 1.027436 1.028943 1.030122 1.030712 1.028509 1.02475 1.021026 1.021626 1.019116 1.017189 1.016267 1.012593 1.00544 1.001292 1.005704 1.009383 1.010844 1.012053 1.00369 .998206 1.007932 1.02475 1.050402 1.072219 1.087147 1.102205 1.118259 1.135213 1.148172 1.15844 1.172049 1.186635 1.187563 1.172478 1.170744 1.182191 1.18049 1.148685 1.102937 1.063299 1.030742 1.008047
