py_wake/examples/data/AJ_ParqueFicticio/Rough survey   Sector 3   Height 200m   Orographic turn.grd
DSAA
73  159
 258469   265669
 6501692   6517492
-16.79348   11.99736
[rows 54 to 80 of 159, columns 0 to 60 of 73]
1.226487 1.232922 1.209594 1.239876 1.265733 1.27545 1.248622 1.231502 1.194728 1.12268 1.074158 1.011945 .9862782 .9400748 .9440061 .9451095 .8646926 .8285155 .8375579 .8608237 .8335263 .8386626 .879433 .7953966 .7661813 .7908682 .7916281 .8632483 1.025382 1.160694 1.063225 .7692033 .3471326 .1022009 -.07102671 -.3839214 -.8392763 -1.418466 -2.028517 -2.27998 -2.413343 -2.539385 -2.760934 -2.865082 -2.692346 -2.253613 -1.765222 -1.211353 -.3352109 .7185861 1.876698 2.766132 3.021191 2.895365 3.265252 4.362542 5.316959 5.361672 4.492997 3.482008 3.328362
1.212867 1.209656 1.225117 1.257987 1.303906 1.296607 1.241673 1.210768 1.173065 1.127604 1.089647 1.032504 1.031577 .9708895 .9046301 .9053272 .8591043 .8416132 .8623884 .9237453 .8772057 .8085837 .8209395 .7792035 .7324639 .7574294 .7429316 .7606965 .8830878 .990787 .8763352 .409187 -.1225634 -.4385295 -.6310682 -.7949797 -1.212533 -1.849562 -2.602896 -2.928885 -2.890945 -2.958855 -3.009966 -3.029575 -2.823186 -2.261678 -1.792709 -1.221606 -.3121873 .8416095 2.11736 3.028596 3.272964 3.088539 3.228671 4.206128 5.299925 5.524792 4.75402 3.685494 3.124177
1.205399 1.217789 1.275868 1.28164 1.314813 1.243169 1.232279 1.212268 1.213275 1.150859 1.103929 1.036857 1.048557 1.030453 .9020768 .875732 .8523799 .831646 .8364704 .8934255 .8166873 .7436892 .7242662 .7259604 .6862038 .7129046 .6603879 .5714145 .5808208 .663758 .5590848 .06088144 -.5495517 -.9639742 -1.102087 -1.139629 -1.374086 -2.01554 -2.847105 -3.247217 -3.202186 -3.155249 -3.157608 -2.997999 -2.670085 -2.157078 -1.681871 -1.146415 -.2891826 .8867044 2.095822 3.003443 3.333022 3.161774 3.166526 4.098167 5.19894 5.582473 5.020692 3.956896 3.189479
1.173892 1.289813 1.334528 1.287124 1.321148 1.262923 1.24154 1.252958 1.230413 1.172303 1.110608 1.046759 .9963482 1.018447 .9287926 .8739715 .8485775 .8451963 .8425927 .8762037 .7936096 .7238079 .6987697 .6602261 .6292613 .6374917 .5959458 .4283615 .2529141 .3818723 .389878 -.0301791 -.6353369 -1.080804 -1.218738 -1.223258 -1.328487 -1.90198 -2.641107 -3.144518 -3.211471 -3.092401 -2.879815 -2.613776 -2.233638 -1.717273 -1.298609 -.9029219 -.2084005 .8248694 1.984169 2.903359 3.279648 3.114916 3.011324 3.795153 4.957907 5.509229 5.168471 4.176109 3.295258
1.286938 1.424657 1.4174 1.340089 1.329694 1.335337 1.29025 1.304088 1.27306 1.214995 1.131379 1.056304 1.039401 1.07541 .9928946 .9081874 .8777878 .8596534 .8466699 .8585003 .7955745 .7188206 .6744035 .5835353 .5961772 .5901481 .5435897 .4519253 .3412714 .4161642 .5399485 .1940371 -.3396884 -.7814221 -.9855932 -.9813833 -1.002231 -1.522763 -2.229364 -2.754066 -2.914014 -2.823885 -2.534661 -2.102529 -1.6161 -1.143551 -.7571778 -.4200204 .09235317 .8428738 1.865565 2.801361 3.215521 3.054011 2.909089 3.599524 4.758641 5.436664 5.245071 4.335817 3.323481
1.371216 1.439972 1.526959 1.480756 1.357844 1.335703 1.330184 1.346286 1.328386 1.256817 1.182481 1.123024 1.054817 1.095178 1.052387 .9682651 .8968731 .8863649 .8603988 .8684106 .7972272 .7103538 .651077 .5913063 .5606148 .575139 .6219866 .6481466 .6663405 .8065446 .8555032 .6326573 .1865877 -.3173534 -.4857835 -.5752397 -.7011591 -1.071089 -1.737865 -2.282774 -2.495184 -2.46769 -2.212876 -1.693006 -1.045911 -.5831468 -.2404941 .0802523 .3977039 .9489018 1.743554 2.609865 3.145292 3.049454 2.83095 3.398081 4.549433 5.298748 5.246043 4.486655 3.467405
1.31433 1.396085 1.518628 1.53174 1.388256 1.295639 1.303735 1.385623 1.365306 1.308341 1.253525 1.18761 1.127941 1.122529 1.064821 .9810346 .8945413 .8714846 .86357 .8663575 .8401261 .7396767 .6749801 .5712376 .5239292 .5336122 .634809 .7509855 .8880557 1.051733 1.08681 .8952155 .5573713 .1455755 -.1229362 -.2333442 -.3748395 -.7080665 -1.202752 -1.732263 -1.982406 -1.98266 -1.795879 -1.33646 -.6861048 -.2061372 .174384 .4625773 .7536397 1.073839 1.653186 2.350893 2.924931 2.968527 2.742929 3.170242 4.278549 5.071427 5.182779 4.638698 3.74337
1.302815 1.444976 1.499417 1.534318 1.505205 1.399361 1.368648 1.401301 1.416707 1.357435 1.30199 1.256383 1.175915 1.108042 1.039042 .965193 .8775222 .86392 .8931385 .8747603 .8810529 .7606356 .673687 .5706675 .4904969 .5005826 .5869063 .7455416 .8707808 1.027321 1.105798 .9436858 .6752319 .3242564 .1569478 .07763731 -.08989856 -.3867731 -.8274143 -1.210857 -1.47603 -1.653479 -1.566805 -1.079719 -.4292629 .0636225 .4619024 .8326253 1.171313 1.377346 1.659472 2.146001 2.647322 2.766375 2.640527 2.950213 3.957045 4.89004 5.14783 4.805902 4.153774
1.32514 1.449802 1.484447 1.523494 1.500312 1.471382 1.394928 1.39627 1.388779 1.363413 1.332385 1.278173 1.187554 1.096248 1.04369 .9750315 .8956478 .8963376 .9158474 .8959728 .9270189 .8491914 .7138005 .57185 .4724223 .4274381 .4919947 .6605175 .8800937 1.105769 1.09552 .9140438 .6496541 .4934367 .3829298 .30968 .1646122 -.1123653 -.5088577 -.846824 -1.153509 -1.420333 -1.385379 -.9726357 -.2363311 .2561607 .6544757 1.053316 1.554774 1.76774 1.777399 1.953781 2.324331 2.488572 2.496382 2.783258 3.691926 4.707211 5.187878 5.059603 4.583865
1.336996 1.479267 1.533137 1.527811 1.4973 1.467919 1.426154 1.446217 1.419883 1.38148 1.353932 1.25368 1.194211 1.146239 1.078379 1.042323 .9734666 .9677456 .949751 .9503824 1.008446 .9771982 .8316707 .6531889 .5261195 .4827267 .4478081 .6195945 .8997147 1.175249 1.218878 1.054574 .8428844 .709359 .6257576 .5370716 .4244586 .1437999 -.2068704 -.5429572 -.886017 -1.104175 -1.126408 -.7711487 -.169337 .4060252 .7697688 1.260909 1.775979 2.171489 2.191304 1.997536 2.026512 2.216666 2.451399 2.823838 3.705342 4.776887 5.423584 5.476883 5.123465
1.351501 1.516485 1.555615 1.56967 1.559179 1.536358 1.530026 1.544954 1.475471 1.393476 1.36883 1.305896 1.232709 1.197972 1.140656 1.095922 1.013782 .9829367 .9779969 1.01721 1.058199 1.08937 .9890952 .8038792 .6742769 .5520633 .5848043 .7624527 1.047884 1.33649 1.428653 1.286491 1.07906 .9577562 .9164357 .881669 .789103 .4928623 .1368684 -.240187 -.5088122 -.7463935 -.8027213 -.575354 -.0635241 .4168441 .8569174 1.407323 1.890426 2.274393 2.492394 2.268811 2.01453 2.020269 2.295755 2.870518 3.842005 5.02713 5.871674 6.06592 5.899449
1.341424 1.522217 1.575043 1.611488 1.629153 1.628854 1.626367 1.649328 1.54917 1.410701 1.391061 1.345529 1.281901 1.257538 1.192568 1.132633 1.035836 1.018275 .9863892 1.014164 1.077345 1.146392 1.112021 .9416077 .8542538 .7959693 .8608637 1.040919 1.286135 1.520893 1.649232 1.521602 1.396931 1.40936 1.400378 1.374778 1.252382 .9243357 .5285103 .2519972 -.06615863 -.387347 -.5562747 -.4610406 -.09400285 .3581248 .8261557 1.357996 1.774265 2.192673 2.612549 2.635547 2.230643 1.907795 2.08217 2.701431 3.778404 4.905169 5.899577 6.444506 6.238267
1.354696 1.515816 1.599166 1.664603 1.707475 1.742692 1.726962 1.706653 1.579056 1.438018 1.399218 1.363799 1.311643 1.277416 1.243788 1.141762 1.048375 1.006338 .9620668 .9617629 1.059836 1.163252 1.141277 1.112004 1.137213 1.134874 1.184505 1.328194 1.553726 1.714929 1.797574 1.709271 1.651047 1.803005 1.852939 1.834931 1.719655 1.324318 .9532205 .6810546 .3317052 .01777792 -.2421283 -.285318 -.1440313 .1765586 .6959575 1.253497 1.61293 1.942537 2.502978 2.8062 2.47895 1.921189 1.728766 2.294516 3.329417 4.522707 5.438193 6.044212 6.025429
1.412299 1.5012 1.600953 1.708901 1.767944 1.835608 1.822827 1.766643 1.654699 1.554989 1.475878 1.414373 1.37026 1.32435 1.250198 1.185486 1.093346 1.001323 .9140538 .950837 1.028876 1.152611 1.259059 1.328261 1.403156 1.448234 1.468863 1.658038 1.827553 1.93853 1.955953 1.857217 1.798494 2.030843 2.14409 2.117598 2.045846 1.776065 1.361878 1.020055 .6595187 .3845839 .1049932 -.06471779 -.05630572 .1209262 .5435112 1.101479 1.490198 1.753378 2.287495 2.754936 2.635966 2.102375 1.621482 1.742314 2.627236 3.850243 4.874609 5.457156 5.606304
1.447236 1.505997 1.584579 1.716034 1.840426 1.91703 1.905935 1.845077 1.760362 1.66863 1.576223 1.507315 1.418849 1.373404 1.314995 1.256547 1.147057 1.020033 .9454109 .9664816 1.031397 1.184081 1.394504 1.504869 1.599754 1.643922 1.742205 1.919724 2.094303 2.224456 2.185376 2.013968 1.935743 2.090577 2.277202 2.226061 2.188129 2.006686 1.628817 1.330379 .9605156 .5556457 .2516701 .08671739 -.01617437 .1150913 .5402917 1.123755 1.590573 1.850699 2.291517 2.720224 2.7507 2.384981 1.845423 1.597526 2.113661 3.193723 4.217403 4.977608 5.308591
1.549222 1.512525 1.570556 1.719883 1.886072 2.010337 1.949351 1.960749 1.884986 1.816906 1.72246 1.606638 1.460937 1.405754 1.368908 1.287718 1.18609 1.026718 .9744638 .9882407 1.060382 1.216534 1.436966 1.595585 1.706729 1.789491 1.905581 2.127629 2.340619 2.487941 2.437528 2.223761 2.034101 2.074866 2.228129 2.191306 2.137905 1.971531 1.694408 1.424998 1.02227 .7149588 .4678351 .2985217 .1156253 .06506931 .4420621 1.111944 1.714899 2.068777 2.499571 2.992171 3.138794 2.911335 2.352574 1.794648 1.749673 2.616311 3.657006 4.417681 4.86083
1.709605 1.596943 1.562474 1.738888 1.91352 2.040313 2.029688 2.052693 2.025497 1.953969 1.868051 1.718064 1.532727 1.448481 1.351777 1.270526 1.14266 1.062616 1.039189 1.038984 1.108611 1.178149 1.415907 1.617027 1.76486 1.888601 2.123088 2.319875 2.532801 2.708206 2.675702 2.454317 2.118358 1.983916 2.007534 2.023411 1.942222 1.816341 1.582901 1.417745 1.156934 .8303277 .6608342 .4542985 .3264046 .1761984 .4421126 1.047552 1.695459 2.295562 2.887735 3.477621 3.790473 3.527385 2.664458 1.815569 1.525068 2.059044 2.967285 3.739666 4.255171
1.844882 1.732458 1.639022 1.714563 1.837574 2.011107 2.084473 2.148338 2.169466 2.105501 1.980548 1.792001 1.577486 1.439603 1.339025 1.292151 1.275959 1.23078 1.177105 1.128922 1.123309 1.202461 1.423368 1.660776 1.849303 2.038281 2.274116 2.512005 2.79463 2.971437 2.859606 2.476714 2.064536 1.839554 1.788686 1.733235 1.646847 1.521356 1.469885 1.332236 1.285932 1.052995 .8175188 .6371556 .4877483 .3511878 .4236683 .8669077 1.512992 2.239906 2.955198 3.582216 3.850418 3.465082 2.510135 1.438633 .9926149 1.421519 2.183596 2.88407 3.415209
1.887046 1.756295 1.671074 1.696132 1.825035 1.982492 2.124577 2.221186 2.260777 2.199496 2.044193 1.876178 1.713671 1.579845 1.453875 1.450458 1.483949 1.451055 1.387176 1.283936 1.212257 1.317958 1.489033 1.751827 1.976318 2.153979 2.409459 2.698081 3.011957 3.088411 2.946778 2.5186 2.047884 1.734935 1.636373 1.539103 1.421876 1.366933 1.34767 1.356151 1.368706 1.190595 1.002648 .8169867 .6660594 .5046875 .5003746 .7304434 1.305228 1.927253 2.499239 2.956055 3.210075 3.035126 2.141291 .9153801 .3385248 .7361172 1.381383 2.060101 2.562279
1.860206 1.774564 1.735304 1.84535 1.923378 2.006014 2.114346 2.257562 2.354313 2.30941 2.182393 2.047338 1.940124 1.826264 1.710026 1.622121 1.701447 1.687857 1.613004 1.503974 1.434973 1.531177 1.671935 1.918369 2.132245 2.295894 2.515602 2.823126 3.120906 3.210859 2.992966 2.600981 2.140225 1.758659 1.589184 1.499573 1.375861 1.291435 1.263574 1.279423 1.286546 1.23126 1.156811 1.054274 .8955163 .8080116 .6554522 .851503 1.220957 1.675816 2.131647 2.482282 2.692764 2.666054 1.980528 .8122905 .06370171 .2453946 .7330382 1.339735 1.784663
1.920515 1.87681 1.862428 1.974382 2.086637 2.022816 2.056902 2.254097 2.437196 2.433667 2.34547 2.234307 2.169852 2.106116 1.933092 1.821228 1.883347 1.879125 1.844056 1.767882 1.703858 1.761941 1.882738 2.099171 2.270852 2.441656 2.610512 2.907084 3.210003 3.32877 3.128265 2.710122 2.240691 1.889543 1.686662 1.529825 1.39581 1.297262 1.294969 1.351335 1.368214 1.381191 1.393782 1.379423 1.368178 1.30066 1.149453 1.245149 1.469665 1.83006 2.154862 2.421795 2.62854 2.702125 2.225492 1.303717 .4789287 .2251403 .4702894 .9217592 1.347935
2.060126 2.016716 1.991013 2.094411 2.202626 2.141821 2.096212 2.274304 2.490561 2.535631 2.482067 2.429579 2.374198 2.371909 2.230456 2.039523 2.027533 2.015054 2.003941 2.008431 1.930597 2.006766 2.130146 2.288804 2.455857 2.6169 2.785 3.105623 3.446578 3.656391 3.472099 2.982894 2.514858 2.124104 1.819732 1.574426 1.438679 1.381844 1.448424 1.580569 1.72815 1.827521 1.92166 2.143903 2.109218 2.131783 2.012873 1.854318 1.849666 1.999624 2.292623 2.604557 2.949199 3.104446 2.907747 2.243485 1.278301 .7035478 .6197051 .8541359 1.263295
2.208598 2.154613 2.133437 2.173084 2.308149 2.286682 2.280566 2.399713 2.588823 2.659687 2.640153 2.603367 2.558022 2.576012 2.458511 2.278593 2.196095 2.15559 2.117277 2.137179 2.175783 2.269686 2.347947 2.502869 2.681528 2.865254 3.080639 3.44085 3.794813 3.984297 3.757213 3.295801 2.742647 2.278577 1.921858 1.664077 1.578764 1.600706 1.641693 1.869506 2.0502 2.200623 2.548805 2.748004 2.840957 2.719902 2.488539 2.146737 1.961576 1.935839 2.207294 2.62055 3.101431 3.485837 3.438941 2.735649 1.832778 1.078368 .7205585 .8702171 1.137432
2.339684 2.322313 2.298342 2.307191 2.456232 2.56605 2.574207 2.63562 2.732854 2.78531 2.791203 2.787831 2.762781 2.739414 2.652474 2.545295 2.443648 2.342642 2.278152 2.311922 2.335906 2.416429 2.550428 2.671877 2.836796 3.109646 3.398951 3.783036 4.112252 4.186686 3.819553 3.380256 2.792109 2.365114 2.062178 1.8785 1.846401 1.867785 1.933817 2.15959 2.348614 2.551192 2.768285 2.849278 2.703254 2.361734 2.158697 1.833329 1.552718 1.560278 1.818679 2.277133 2.772646 3.005984 2.847021 2.308102 1.684141 .9134267 .3917161 .2350766 .4771681
2.489283 2.502235 2.48178 2.535287 2.705014 2.814123 2.855431 2.914603 2.923755 2.941495 2.941036 2.910118 2.931962 2.899183 2.851869 2.800871 2.705054 2.599132 2.50125 2.488073 2.466054 2.585232 2.722635 2.847497 2.994662 3.242973 3.546741 3.908653 4.120265 4.027589 3.71875 3.24014 2.686505 2.362435 2.122097 1.96429 1.924199 2.016294 2.0968 2.275777 2.508886 2.696878 2.735657 2.563968 2.157009 1.797492 1.454742 1.251569 1.158141 1.140456 1.31029 1.649061 1.926741 2.003053 1.722241 1.292068 .6800346 .03312024 -.4436475 -.6831952 -.6692222
2.656929 2.718108 2.704541 2.760055 2.891629 3.025959 3.124616 3.14638 3.107173 3.118822 3.11431 3.102886 3.125023 3.119958 3.089384 3.00306 2.916546 2.830882 2.713667 2.676762 2.669585 2.7933 2.911273 3.052951 3.128212 3.285541 3.543094 3.855819 3.983782 3.911515 3.605069 3.140192 2.647176 2.341946 2.156251 2.040465 2.064415 2.129177 2.221173 2.385344 2.511562 2.514174 2.283077 2.007206 1.579133 1.262261 .9911671 .7928069 .7122617 .629383 .6078688 .7068955 .8021843 .8168514 .6913006 .3268528 -.1755549 -.7142523 -1.197752 -1.470026 -1.49768
2.837062 2.920748 2.941859 2.92815 3.047325 3.176178 3.297669 3.318493 3.366648 3.401815 3.387857 3.324395 3.383307 3.336561 3.236768 3.154616 3.082346 2.967706 2.905611 2.873155 2.848281 2.995045 3.097942 3.19771 3.218263 3.314665 3.500421 3.771522 3.918202 3.899078 3.602904 3.149003 2.688434 2.411078 2.300199 2.163511 2.220071 2.212345 2.332732 2.415552 2.355287 2.04006 1.605286 1.294578 1.073936 .8110306 .5861291 .3523088 .225102 .04558788 -.07688495 -.1637013 -.1178258 -.03932312 -.02738969 -.1841235 -.5641464 -1.008116 -1.480005 -1.830222 -1.994823
