py_wake/examples/data/AJ_ParqueFicticio/Rough survey   Sector 9   Height 30m   Orographic speed.grd
DSAA
73  159
 258469   265669
 6501692   6517492
 .05273279   2.469986
[rows 56 to 83 of 159, columns 0 to 62 of 73]
.9700205 .9653986 .9780663 .9895324 1.001767 .9946995 .9805011 .9721672 .9691603 .9649327 .9621148 .9566984 .9489223 .9429919 .922929 .9219338 .9246733 .9288794 .9281533 .9295827 .9071401 .8910344 .9059697 .9200093 .924879 .9233572 .9108942 .8794009 .8819389 .9526596 1.117988 1.139893 1.055619 1.084092 1.138909 1.19527 1.252731 1.24256 1.1847 1.174385 1.285975 1.295906 1.324013 1.307923 1.331619 1.409152 1.480581 1.426423 1.393627 1.391448 1.510722 1.619159 1.528032 1.18568 .8953483 1.073281 1.424916 1.512373 1.318306 1.036108 .8024761 .8475378 1.078635
.9691274 .9538945 .974621 .9922395 1.008336 .9862089 .972835 .9652703 .9609396 .9595597 .9568608 .9533147 .9471124 .929185 .9228426 .9218391 .9221073 .9248608 .9268573 .9237841 .9251558 .9163226 .9154258 .9229479 .927246 .9279098 .915964 .8881664 .9336573 1.043123 1.218008 1.143206 1.088271 1.114148 1.189017 1.217497 1.282385 1.237494 1.218609 1.210986 1.280796 1.326715 1.262755 1.249017 1.321947 1.41207 1.434128 1.33609 1.335966 1.37841 1.517129 1.558583 1.461623 1.109568 .8912475 1.107363 1.41592 1.491866 1.285244 1.017481 .8284056 .784546 .9406297
.952839 .9416881 .972144 .9960194 1.011507 .9784788 .9601415 .9530896 .9510071 .9512683 .9498079 .9469481 .942882 .929399 .930586 .9289948 .9247789 .9218065 .9179807 .9216195 .9320577 .9340197 .9327589 .9244456 .9270321 .923688 .914527 .9419397 .9812642 1.106822 1.21614 1.156832 1.113514 1.103896 1.157403 1.220696 1.276332 1.252763 1.224316 1.226679 1.274794 1.283168 1.218757 1.213343 1.314969 1.398551 1.383741 1.3003 1.290753 1.365947 1.475646 1.472071 1.3905 1.097413 .9353389 1.132233 1.37263 1.432258 1.284134 1.049903 .8566853 .7616023 .8892072
.9346957 .9577174 .9979547 1.017859 1.013319 .9924673 .9514733 .9409893 .9419348 .9428885 .9439712 .9462063 .9404476 .9261971 .9300191 .9307206 .9288624 .9230486 .9159595 .9228036 .9299022 .9381499 .9374434 .9299776 .925909 .9175313 .9276945 .9572144 .9853358 1.110577 1.203623 1.169167 1.127285 1.111601 1.153348 1.252306 1.311323 1.283563 1.239989 1.22655 1.247116 1.212017 1.158826 1.195725 1.296117 1.358071 1.352009 1.292897 1.309972 1.367196 1.405574 1.367263 1.328325 1.108446 .9597164 1.089712 1.305302 1.408026 1.284012 1.071565 .886577 .7426876 .9039329
.9399323 .974312 1.019799 1.027927 1.009407 .9847608 .9565989 .9305483 .9360405 .93911 .9405563 .9401151 .9358788 .9206156 .9274111 .9298581 .9258283 .9188976 .9243441 .9350591 .9378211 .9373922 .9331136 .9315663 .9238039 .9079083 .9344363 .9470003 1.026974 1.107202 1.195592 1.172529 1.131853 1.121511 1.192974 1.307626 1.336945 1.331348 1.26739 1.232156 1.221501 1.158529 1.126103 1.197184 1.282143 1.318998 1.296873 1.2921 1.307353 1.346431 1.313348 1.255231 1.251477 1.122409 1.008828 1.048175 1.25023 1.390996 1.25835 1.05454 .8786839 .777999 .9080046
.9739943 1.010668 1.029565 1.002115 .9685471 .9585052 .9392399 .9277602 .9383656 .9403702 .9398896 .9378418 .9303035 .9299656 .9315462 .9311048 .9275922 .9164621 .9304571 .9413083 .9531084 .9426673 .9357704 .9290701 .9139234 .9151691 .938017 .9906455 1.064307 1.150234 1.193842 1.166219 1.138233 1.179348 1.238495 1.317228 1.332984 1.321449 1.281425 1.236562 1.194263 1.14829 1.152087 1.191128 1.271943 1.282518 1.24617 1.263469 1.334767 1.326509 1.241368 1.197267 1.196954 1.18654 1.01975 1.06025 1.238345 1.338655 1.238562 1.031118 .8828793 .8326474 .8461165
.9930414 1.028505 1.002214 .9826346 .9531828 .9299623 .9198183 .9309616 .9382976 .9428898 .9417275 .9385178 .9345978 .9360691 .9336996 .9306791 .9271322 .9092522 .9299934 .9471908 .9528565 .9463717 .9418712 .9317614 .9161793 .9368324 .9486253 1.027816 1.086143 1.151135 1.229431 1.18782 1.173894 1.225468 1.261625 1.322142 1.332626 1.306949 1.265156 1.218841 1.174915 1.142633 1.140113 1.175817 1.238236 1.262423 1.249636 1.25104 1.292544 1.315456 1.236785 1.133666 1.185837 1.175745 1.11791 1.064895 1.184852 1.269362 1.202925 1.019786 .8707584 .8357897 .846267
1.003297 1.008855 .9876009 .9716925 .9519456 .9373885 .9338621 .9388491 .9407207 .9437624 .9440203 .940236 .9405904 .9391339 .9354838 .9292591 .9193801 .9035509 .9228592 .9425963 .9395856 .9370787 .9416844 .9383963 .9359944 .9670475 .9868829 1.034375 1.105781 1.17591 1.221386 1.173165 1.166564 1.20963 1.286145 1.346002 1.339107 1.300218 1.257547 1.213972 1.175678 1.140289 1.110384 1.128382 1.216816 1.256742 1.245213 1.241768 1.279175 1.262607 1.206589 1.144296 1.217971 1.188882 1.122733 1.043621 1.124028 1.182348 1.138979 .9874094 .8465335 .8226602 .8474153
1.003717 .9945347 .9739996 .964241 .9557805 .9469573 .9481837 .9526283 .951063 .9454283 .9453769 .9461736 .9448558 .942185 .9353523 .9273278 .9116501 .9187276 .9304833 .9326746 .9262215 .9385355 .9426843 .9405188 .9541698 .9868531 .9990107 1.060398 1.148725 1.20843 1.200161 1.166323 1.161333 1.204053 1.287642 1.305991 1.321984 1.289181 1.255256 1.223724 1.17901 1.114972 1.113813 1.140854 1.205285 1.249538 1.200704 1.211263 1.230245 1.209714 1.214222 1.185472 1.205469 1.135454 1.066024 1.027956 1.010602 1.071621 1.063384 .9478032 .8530857 .8625322 .8505907
.9939707 .9864126 .9629985 .9556392 .9537772 .9544611 .9563951 .9664441 .9680218 .9471872 .9450046 .9458997 .9456652 .943507 .934979 .9233564 .9130984 .9301264 .9346513 .931763 .941732 .9564855 .9608554 .9517257 .9624869 .9761755 .9955363 1.075743 1.162067 1.199322 1.21254 1.142814 1.148782 1.221686 1.268241 1.276705 1.281039 1.257528 1.229406 1.205134 1.163407 1.114397 1.121349 1.159426 1.227931 1.204208 1.16499 1.189911 1.200346 1.15492 1.181181 1.236881 1.215513 1.116556 1.016873 .9610795 .9272539 .9690673 .9675466 .9206906 .9242755 .9283434 .8817294
.9790739 .9775114 .9544911 .9480847 .9502919 .9541978 .9613582 .964225 .9460742 .9356334 .9427282 .9433067 .940497 .9368041 .9294371 .9206777 .9259934 .9366785 .938208 .9327557 .9510441 .977501 .9672119 .960779 .9655123 .9652879 1.016308 1.093871 1.147664 1.196568 1.195787 1.168541 1.162868 1.251227 1.254009 1.255307 1.262574 1.228566 1.191517 1.162808 1.137389 1.115247 1.133978 1.175366 1.218854 1.167989 1.111898 1.197092 1.216801 1.117492 1.155557 1.258195 1.211881 1.087161 .9799312 .8666269 .8612246 .8982195 .9151991 .9475098 1.001076 .9952944 .9404221
.9722036 .9662474 .9505487 .9451542 .9452731 .9551449 .9656289 .9623241 .9531777 .9391171 .9397229 .9405844 .9376335 .9303752 .9216071 .9296944 .9386944 .940753 .9415472 .9488369 .9644837 .9762366 .9605674 .9577708 .9554789 .9696056 1.045685 1.100091 1.151443 1.193508 1.189686 1.182339 1.188377 1.253535 1.250586 1.239311 1.244711 1.224057 1.180919 1.140958 1.110533 1.143074 1.169981 1.186149 1.17905 1.095327 1.103269 1.216915 1.213844 1.064546 1.176712 1.294301 1.204598 1.079046 .9424334 .8113455 .8230311 .849182 .8987282 .9601464 .9787797 1.006261 .949359
.9704832 .9606255 .9440804 .9422812 .9464484 .9597484 .9674032 .963367 .9589661 .9482039 .9408898 .9382635 .93369 .9219521 .9258666 .9408796 .9467528 .9490225 .9437925 .9507408 .9600267 .9514077 .9307848 .9384387 .9395199 1.020471 1.072664 1.087063 1.13798 1.19269 1.201362 1.198938 1.194974 1.230654 1.264817 1.240633 1.237809 1.216214 1.152963 1.13627 1.123929 1.172044 1.220835 1.220836 1.150586 1.102474 1.151927 1.216749 1.195125 1.055165 1.17266 1.295697 1.242705 1.073025 .9039199 .7752829 .721836 .8221807 .9371687 .992825 .9997843 1.011966 .9175059
.964847 .9592451 .9304338 .9310702 .9466587 .9690934 .9675949 .9637124 .961828 .9564779 .9483718 .9386399 .9293231 .9152067 .9486053 .9654292 .9654316 .9553791 .9475149 .9412092 .9343587 .913466 .9136248 .927621 .9807807 1.057694 1.071272 1.097953 1.143034 1.204219 1.231457 1.218515 1.204336 1.210209 1.260044 1.250554 1.236785 1.211468 1.139407 1.144537 1.183236 1.205867 1.225569 1.199757 1.127249 1.102415 1.132954 1.177608 1.138 1.088934 1.211951 1.252423 1.15862 .9931992 .8569442 .6708692 .6962424 .8173992 .9431509 1.007614 1.015238 .9843185 .9320412
.9600905 .9583957 .9268449 .9234083 .9526153 .9736608 .9632911 .9607275 .9628145 .9614915 .9561771 .9479579 .928409 .9252978 .9595344 .9906585 .9671877 .9509569 .9436862 .9378667 .921384 .8856702 .926355 .9513172 1.02612 1.055367 1.069269 1.089388 1.155307 1.227484 1.230695 1.223603 1.204939 1.214782 1.25876 1.266119 1.24233 1.203495 1.170151 1.172701 1.218639 1.235862 1.215548 1.148046 1.112531 1.090235 1.09517 1.101731 1.082075 1.105368 1.18088 1.116365 1.06744 .9803116 .8151219 .6940214 .6900569 .8271101 .9425595 .9886337 .9995651 .9757382 .9362198
.9619526 .9541207 .9355417 .9241807 .9643528 .9679552 .9482552 .9496577 .9570168 .9631546 .9598326 .940612 .9304034 .9442844 .9664817 .9859353 .9582815 .9478295 .9413728 .9316491 .9133732 .9097844 .9545322 .9969693 1.053604 1.050892 1.070364 1.086524 1.142112 1.211879 1.261436 1.237828 1.202725 1.240744 1.260467 1.270701 1.255375 1.214438 1.198115 1.208683 1.230867 1.217238 1.178815 1.122082 1.107051 1.089421 1.065842 1.065512 1.046233 1.078722 1.079749 1.03292 1.038808 1.033379 .9154768 .7433115 .743225 .8599089 .9521307 .9727811 .9932269 .972311 .9301726
.9629877 .9376235 .9220598 .9401553 .9612979 .9627315 .9282097 .9360802 .9541413 .9710801 .9556497 .948756 .9497192 .9529766 .9685723 .9726664 .9422985 .9390535 .9364328 .9292157 .91026 .9189689 .9592832 1.0079 1.033069 1.045937 1.055743 1.074615 1.113857 1.242357 1.308375 1.272151 1.26385 1.292022 1.289195 1.294796 1.24822 1.214218 1.20236 1.203889 1.217222 1.202949 1.136319 1.132958 1.120644 1.089991 1.067202 1.036834 1.042331 1.052278 1.02701 .9776933 1.034953 1.109088 1.024902 .8318169 .8237382 .884732 .9395964 .9752573 .9970833 .9763933 .941089
.9521367 .9425174 .9461059 .9517317 .9544011 .9498537 .911755 .9338911 .9732603 .9722143 .9656936 .9610305 .9653873 .966394 .9649121 .9613706 .9269587 .9253148 .924091 .9190998 .9048227 .9150156 .9609631 1.003037 1.031025 1.039383 1.035297 1.056638 1.16797 1.294212 1.340093 1.303792 1.312523 1.315305 1.301582 1.267789 1.23399 1.220429 1.221008 1.213394 1.217987 1.214904 1.130738 1.133389 1.108321 1.092576 1.027014 .9870414 1.023646 1.025963 1.022922 1.004181 1.071292 1.156623 1.070929 .8668092 .8302584 .8887408 .9404736 .9985769 1.0346 1.008422 .9679083
.9551756 .95131 .9532999 .9574283 .968042 .9469394 .8971829 .9433338 .9913027 .9709479 .9676374 .9660962 .9678563 .9791424 .9726534 .9450237 .9116272 .9167535 .9164941 .9092687 .8911046 .9261357 .9657017 1.009567 1.039572 1.042412 1.033694 1.066039 1.191236 1.363115 1.34197 1.317622 1.309866 1.312074 1.287009 1.248212 1.23575 1.223837 1.224358 1.238685 1.241787 1.161349 1.129833 1.148324 1.084824 1.095087 1.000028 .9353207 .9534399 1.003699 .9883601 .9951075 1.066256 1.128593 1.083397 .8293514 .7952374 .8811961 .946796 1.013409 1.058246 1.035078 .9462743
.9531838 .9544668 .9548075 .9523925 .9506679 .9144936 .9078444 .9548306 .9879286 .9645942 .9592948 .9603556 .963858 .9649005 .9362713 .9170579 .9102869 .9169434 .9119352 .8999345 .902179 .9351935 .9703665 1.019867 1.038284 1.043604 1.036202 1.09381 1.200369 1.368369 1.370374 1.357052 1.32184 1.270254 1.260505 1.238949 1.228281 1.235086 1.20537 1.203409 1.188911 1.141533 1.114464 1.077007 1.040712 .9588987 .9693229 .8750624 .9582414 .9906034 .974839 1.010119 1.072823 1.089553 .9683313 .8110484 .7914032 .8691571 .9173738 .9723102 1.029261 .9718049 .866776
.9463782 .9499429 .9526644 .9498182 .93164 .9203637 .9224858 .9491218 .9702983 .9597353 .954161 .9518198 .9544491 .9456179 .9230392 .8997486 .9056387 .9119387 .9053721 .8975109 .9297855 .9472643 .9663851 1.007827 1.022511 1.027499 1.023605 1.089481 1.19289 1.381069 1.414492 1.375698 1.312235 1.255387 1.229028 1.218342 1.221923 1.229532 1.164565 1.147057 1.160633 1.073607 .9926707 .9872023 .9251103 .9438094 .9458634 .9424216 .9902549 .9837645 .9641414 .9656778 .9810822 .9847367 .8973808 .8686196 .8801872 .879299 .8896208 .947637 .9482846 .8775748 .7996542
.9455762 .9450151 .945748 .9416473 .9199311 .9305807 .936362 .9481258 .9550995 .9549087 .9535285 .9504266 .9473776 .9411484 .9313078 .9208509 .9101595 .9059216 .8954022 .9070007 .9392789 .9575073 .9980175 1.02424 1.011602 1.003109 1.008328 1.069703 1.210409 1.428733 1.478368 1.414893 1.335592 1.272503 1.21562 1.190653 1.219823 1.187572 1.102975 1.127387 1.105571 .9869204 .9531048 .9563195 .9449066 1.006788 1.015564 .9999456 1.048404 .9819881 .934817 .9208124 .9202438 .9278028 .9073392 .9732361 .9354876 .9001579 .9125887 .9456453 .8984997 .8306029 .7799271
.9461668 .9404263 .9351081 .9290577 .9082704 .9258951 .9403246 .9492106 .9484952 .9517418 .9512406 .9485776 .9425087 .9382195 .9347165 .9319474 .9217081 .9042607 .8825166 .9087466 .9406821 .9613333 1.028495 1.014289 .9965047 .9709945 1.015034 1.088932 1.286082 1.477633 1.549355 1.440177 1.349126 1.269651 1.207906 1.181191 1.192406 1.181114 1.083489 1.081505 .989381 .943633 .964326 1.019349 1.06129 1.088373 1.062737 1.047586 1.044669 .9098676 .8925548 .8895783 .9196149 .9709264 1.008456 1.065108 1.01348 .9944489 1.008174 .962786 .864835 .8340169 .7820324
.94695 .9399013 .9288263 .9129084 .8993811 .9253095 .9421863 .956702 .9518574 .948884 .9487276 .9457096 .9325449 .9327736 .9344392 .9314772 .9201093 .8900597 .8843393 .9174366 .9239951 .9583819 1.005561 .9912576 .9771833 .9760345 1.007758 1.157767 1.408442 1.584959 1.550621 1.412325 1.31307 1.233667 1.201644 1.183639 1.18162 1.134233 1.04382 .9987056 .9218367 .9417499 1.027326 1.08189 1.13137 1.135204 1.101792 1.046142 .9304212 .8802012 .8928769 .9249671 .9712402 1.040447 1.094352 1.13664 1.088272 1.097251 1.037975 .9399442 .850765 .8219609 .7652063
.9431826 .9378897 .9253668 .8963997 .9213869 .9370466 .9582672 .9526775 .9534537 .9488832 .9435925 .9375682 .9198567 .9306536 .9323318 .9255773 .9096705 .8991777 .9092604 .9259403 .9270161 .9624898 .9779593 .9790564 .9618938 .9956746 1.069048 1.247144 1.47746 1.595948 1.525288 1.379794 1.258575 1.20711 1.186299 1.166433 1.136891 1.032855 .9808952 .9528602 .9368779 .999502 1.114581 1.13438 1.143918 1.125499 1.071353 1.005018 .9551758 .9313998 .9446196 .981793 1.031193 1.085056 1.119084 1.1458 1.123418 1.078522 .9670066 .8684423 .8180535 .7670494 .7184585
.9308438 .9220396 .9050185 .9016258 .9197686 .9441144 .9510248 .9482481 .9494991 .9496062 .9478142 .9319497 .9115125 .9330493 .9419858 .9207366 .9073228 .9175513 .9294462 .9256804 .9389765 .9676011 .9774383 .9739393 .9625502 1.018863 1.125408 1.320906 1.51616 1.56642 1.447616 1.304657 1.206198 1.188711 1.176196 1.145125 1.088136 .989313 .9590855 .9669945 1.023605 1.12077 1.16 1.163977 1.151282 1.107365 1.043459 1.002293 .9902886 .9850253 .9953128 1.014745 1.042415 1.078353 1.111866 1.142377 1.057829 .9816241 .887083 .8037863 .7679343 .7164665 .6702523
.9219679 .9126783 .9152119 .908846 .9111472 .9235873 .9318277 .9348452 .9383215 .9412104 .9413175 .908998 .9100637 .9205984 .9279378 .9203113 .8877848 .9160472 .9245304 .928865 .9439098 .9585379 .9735117 .9634235 .9880158 1.025534 1.16868 1.378843 1.535203 1.545083 1.375125 1.262987 1.197071 1.193077 1.189057 1.114564 1.046522 .9513915 .9404902 .9885999 1.132942 1.207904 1.203718 1.178467 1.14918 1.09679 1.036866 1.008703 .9969006 .9913974 .9980209 1.0162 1.040817 1.070051 1.107131 1.098543 1.009013 .9394988 .863462 .793169 .7534721 .7001355 .6416029
.9193959 .9043261 .9068009 .9099629 .9079482 .9069213 .91945 .9261107 .9299808 .9354028 .9315284 .9220526 .9135011 .9149743 .9162496 .9055606 .8976269 .9205678 .9104733 .9249386 .9491857 .9545701 .9570243 .9717888 .9865497 1.100125 1.259933 1.443217 1.543283 1.50859 1.351469 1.253192 1.22288 1.194124 1.196715 1.084524 .9637934 .8893708 .9289773 1.092308 1.209684 1.22295 1.196288 1.151555 1.127011 1.068944 1.020347 1.000591 1.010445 .987893 .9868568 1.004198 1.030867 1.060645 1.093437 1.040976 .9713139 .9201332 .8462116 .7848276 .7460946 .6739953 .6000233
