py_wake/examples/data/AJ_ParqueFicticio/Rough survey   Sector 7   Height 200m   Weibull-A.grd
DSAA
73  159
 258469   265669
 6501692   6517492
 4.516201   9.849567
[rows 112 to 139 of 159, columns 0 to 62 of 73]
8.818091 8.748563 8.667922 8.598328 8.511736 8.521748 8.532962 8.570585 8.632379 8.669951 8.681109 8.677938 8.618847 8.541555 8.438325 8.292192 8.152943 8.062735 7.997216 7.950951 7.997923 8.140177 8.300508 8.484073 8.641769 8.742966 8.777876 8.825326 8.815608 8.808786 8.781367 8.732007 8.664853 8.593939 8.501113 8.445745 8.461987 8.490907 8.535 8.671371 8.782995 8.817422 8.765132 8.645311 8.500709 8.371751 8.254164 8.166322 8.125571 8.14704 8.147002 8.077351 8.015488 7.931471 7.874601 7.823492 7.795118 7.762736 7.720807 7.671628 7.630136 7.576217 7.563688
9.076541 8.997309 8.928931 8.870628 8.796329 8.799011 8.835781 8.864278 8.89414 8.901261 8.892634 8.871516 8.797772 8.691162 8.570252 8.422014 8.313042 8.232833 8.132251 8.020078 7.969013 8.015287 8.16153 8.366785 8.537881 8.616781 8.614555 8.627909 8.617465 8.649123 8.687708 8.7828 8.881436 8.918569 8.895438 8.878792 8.894821 8.89066 8.918091 9.018092 9.109548 9.105885 8.999964 8.831251 8.634661 8.455843 8.280687 8.133817 8.003322 7.906834 7.850056 7.777774 7.752303 7.733104 7.710074 7.715977 7.720002 7.717234 7.704435 7.659733 7.621735 7.546283 7.459582
9.2808 9.209694 9.162506 9.117554 9.054773 9.058024 9.099452 9.138461 9.152772 9.132763 9.11536 9.080812 8.973083 8.841471 8.71279 8.602418 8.546636 8.48478 8.365692 8.221373 8.103891 8.045367 8.070881 8.203759 8.350533 8.425238 8.413881 8.446542 8.437421 8.484112 8.586013 8.743969 8.917859 9.051295 9.156444 9.247366 9.328936 9.333942 9.34668 9.428166 9.477792 9.428757 9.282652 9.086368 8.854294 8.639375 8.410885 8.202295 8.012687 7.82383 7.685977 7.616837 7.58894 7.595792 7.61032 7.631165 7.657661 7.668239 7.682474 7.670811 7.649238 7.584611 7.457766
9.29783 9.282087 9.260861 9.238419 9.187581 9.201269 9.265461 9.307641 9.329018 9.330936 9.323669 9.264815 9.157053 9.046294 8.941335 8.8872 8.869869 8.825091 8.712682 8.586094 8.436163 8.276856 8.131104 8.082655 8.129417 8.176727 8.174063 8.237672 8.270355 8.32105 8.460908 8.635489 8.804866 8.98416 9.178343 9.409223 9.591754 9.65485 9.697972 9.774687 9.792255 9.725794 9.567441 9.393856 9.172014 8.920434 8.623218 8.350745 8.109983 7.897116 7.726819 7.603748 7.53984 7.532115 7.555756 7.579666 7.594538 7.627523 7.640434 7.650139 7.64401 7.58762 7.479074
9.060409 9.103686 9.10333 9.117973 9.109261 9.191959 9.28022 9.348139 9.409494 9.459583 9.47681 9.433979 9.359843 9.286404 9.233232 9.213089 9.199735 9.171906 9.1001 8.989798 8.830615 8.603407 8.344543 8.110851 7.980428 7.973763 7.974707 8.046575 8.120705 8.242238 8.407704 8.56284 8.722427 8.902364 9.143658 9.387799 9.579805 9.694389 9.816334 9.849567 9.845315 9.777626 9.706297 9.573336 9.373218 9.118129 8.845086 8.55236 8.279544 8.041471 7.834792 7.676073 7.575367 7.527651 7.51763 7.525412 7.537117 7.556414 7.578802 7.593115 7.581439 7.537784 7.450698
8.590686 8.666168 8.711699 8.733347 8.889677 9.043935 9.167391 9.289484 9.392978 9.480206 9.518727 9.505367 9.479524 9.458564 9.438363 9.415058 9.373529 9.329145 9.260304 9.163482 9.021249 8.815993 8.544913 8.253358 7.99463 7.862307 7.84811 7.950748 8.076323 8.228248 8.377956 8.509314 8.679485 8.863828 9.064236 9.221018 9.310867 9.456792 9.523082 9.540385 9.520758 9.454618 9.428957 9.331891 9.201979 9.02598 8.811128 8.559961 8.310314 8.078335 7.884876 7.733558 7.621555 7.549033 7.507974 7.483956 7.477491 7.470844 7.465268 7.472569 7.458315 7.403825 7.316555
7.960825 8.064543 8.207485 8.379583 8.608671 8.8276 9.011402 9.158358 9.277769 9.348378 9.360803 9.375873 9.393338 9.39475 9.396931 9.362854 9.280166 9.167651 9.078698 8.971561 8.852988 8.713874 8.53627 8.311762 8.069181 7.878409 7.795913 7.896592 8.070364 8.213489 8.332875 8.442219 8.583789 8.714333 8.808926 8.838366 8.939021 9.023723 9.026571 8.981563 8.931158 8.864491 8.853472 8.784792 8.693064 8.588805 8.476329 8.309953 8.149239 7.984852 7.850286 7.733355 7.650261 7.582369 7.532088 7.488407 7.458863 7.42349 7.373573 7.303225 7.212982 7.146722 7.052257
7.530461 7.691936 7.883965 8.144117 8.417164 8.675371 8.890359 9.056972 9.169247 9.180341 9.121753 9.080336 9.064367 9.066359 9.076768 9.064769 8.974634 8.834119 8.677338 8.53879 8.42678 8.33702 8.299926 8.248965 8.104795 7.959263 7.872955 7.88787 8.013663 8.143848 8.232332 8.30956 8.387066 8.431361 8.441355 8.49974 8.567291 8.620651 8.566248 8.46277 8.345928 8.262468 8.254821 8.220323 8.143584 8.060649 7.997133 7.919908 7.84891 7.779151 7.722019 7.670812 7.623545 7.583852 7.544588 7.502358 7.449807 7.387405 7.289977 7.148116 6.979241 6.866824 6.793949
7.424246 7.5804 7.82149 8.086662 8.359128 8.61378 8.823845 8.994669 9.093637 9.057957 8.925337 8.795295 8.711356 8.662317 8.668286 8.666676 8.603371 8.465745 8.306054 8.155684 8.038016 7.971616 7.9512 7.993881 8.020451 7.976893 7.906082 7.86358 7.889405 7.973725 8.054669 8.119831 8.162624 8.140644 8.163696 8.227776 8.309224 8.348274 8.284925 8.154678 7.988096 7.847864 7.813614 7.794177 7.772789 7.708689 7.670617 7.61392 7.566033 7.568069 7.556157 7.537919 7.535392 7.515673 7.48302 7.437284 7.365024 7.25245 7.096834 6.940235 6.813312 6.72774 6.688641
7.595518 7.747372 7.939512 8.161577 8.387696 8.612133 8.794911 8.935985 8.986806 8.947419 8.821016 8.654526 8.490541 8.377715 8.315905 8.275581 8.21332 8.111478 8.003722 7.895707 7.796374 7.73257 7.690878 7.706042 7.755636 7.802862 7.795709 7.753533 7.733886 7.780978 7.863878 7.942237 7.953351 7.952645 8.019213 8.09829 8.17367 8.201187 8.11893 7.981845 7.810547 7.630893 7.543544 7.50675 7.523741 7.52566 7.517453 7.494595 7.468952 7.440587 7.445711 7.42929 7.402904 7.384131 7.341912 7.27366 7.166401 7.0304 6.902521 6.815697 6.789471 6.770335 6.830147
7.854377 7.972165 8.118176 8.286629 8.463264 8.623443 8.765704 8.850074 8.850385 8.83035 8.774476 8.633069 8.477469 8.339509 8.169522 8.019331 7.889479 7.784024 7.735126 7.671589 7.588797 7.557869 7.526965 7.502829 7.510979 7.544186 7.603904 7.627377 7.614038 7.631444 7.719923 7.805469 7.837965 7.923398 8.016479 8.090123 8.119331 8.066665 7.945838 7.804397 7.658616 7.523014 7.374072 7.301807 7.314895 7.36466 7.398773 7.444256 7.438289 7.41273 7.38837 7.357664 7.295017 7.221946 7.124291 7.036779 6.946249 6.85567 6.796157 6.819409 6.899966 6.976939 7.111102
8.093222 8.215701 8.337365 8.45515 8.557014 8.641154 8.689011 8.668084 8.647712 8.648896 8.669477 8.62527 8.543574 8.413316 8.24363 8.047629 7.849961 7.708021 7.614999 7.55522 7.508694 7.468912 7.485944 7.469745 7.436903 7.415939 7.410457 7.468469 7.532053 7.576278 7.65564 7.76074 7.858886 7.972226 8.052683 8.077353 8.013941 7.875679 7.697532 7.566546 7.52178 7.433487 7.304338 7.202746 7.172648 7.202658 7.264443 7.340245 7.386282 7.390748 7.369018 7.304659 7.224641 7.103384 6.960759 6.83495 6.743905 6.709145 6.771404 6.916777 7.085892 7.233215 7.352347
8.282277 8.437508 8.553063 8.62086 8.66164 8.6442 8.546975 8.450758 8.377323 8.374861 8.446324 8.489671 8.497767 8.459908 8.366731 8.236439 8.097713 7.982202 7.888114 7.811898 7.765911 7.719538 7.692253 7.641557 7.563995 7.457561 7.398883 7.410967 7.461773 7.533407 7.627514 7.764538 7.890904 7.98415 8.02042 7.984732 7.84606 7.63164 7.47518 7.362088 7.347756 7.31744 7.266678 7.191906 7.134271 7.120269 7.121021 7.181694 7.239495 7.301281 7.304705 7.250226 7.146378 6.997046 6.846745 6.718023 6.631285 6.675027 6.801567 7.024643 7.225456 7.37342 7.469137
8.373405 8.558606 8.681274 8.726798 8.711121 8.600953 8.424972 8.246051 8.117399 8.094777 8.162773 8.237462 8.299383 8.33989 8.336627 8.356029 8.373852 8.371566 8.336345 8.28111 8.225606 8.165944 8.073712 7.947888 7.810094 7.66354 7.58317 7.567513 7.580727 7.596018 7.641366 7.740546 7.825901 7.891943 7.895623 7.817133 7.626561 7.456326 7.320293 7.256692 7.218699 7.179151 7.160382 7.146316 7.121949 7.095179 7.071831 7.063839 7.061219 7.104868 7.127058 7.083329 6.969994 6.819312 6.704779 6.62471 6.612759 6.703986 6.872975 7.079054 7.255857 7.393258 7.490123
8.393525 8.582247 8.712114 8.752328 8.701237 8.559669 8.347669 8.146669 7.988463 7.885397 7.882645 7.941887 8.029088 8.06259 8.073142 8.115815 8.228439 8.370515 8.480086 8.52669 8.498543 8.419009 8.294219 8.143109 7.996585 7.886872 7.805918 7.771061 7.74027 7.691569 7.658164 7.670063 7.704384 7.732289 7.72217 7.622141 7.444312 7.313416 7.18411 7.151455 7.114229 7.069505 7.029345 7.019083 7.019921 7.021768 7.008377 6.990638 6.951333 6.905396 6.897437 6.845366 6.747249 6.652827 6.59769 6.60252 6.666188 6.780304 6.963091 7.099554 7.22605 7.337231 7.416095
8.364755 8.551629 8.678927 8.730879 8.653671 8.501371 8.306302 8.118661 7.94464 7.785903 7.681128 7.690421 7.748923 7.755399 7.763906 7.833783 7.890613 8.043641 8.225958 8.350157 8.380716 8.350185 8.273426 8.169817 8.027679 7.916595 7.839693 7.776907 7.739164 7.66725 7.595859 7.552621 7.574681 7.585446 7.551399 7.406646 7.267128 7.160066 7.08545 7.018277 6.970943 6.939302 6.922018 6.901425 6.900627 6.903441 6.920975 6.929031 6.918914 6.852347 6.793161 6.727607 6.67788 6.666421 6.694462 6.759307 6.850929 6.92436 7.042351 7.097953 7.15399 7.217265 7.263539
8.246377 8.45481 8.598997 8.641319 8.553122 8.390854 8.188174 8.002287 7.852665 7.713665 7.591162 7.513888 7.524217 7.534466 7.552102 7.603472 7.61727 7.688676 7.776014 7.929893 8.025223 8.071523 8.052387 8.010612 7.92384 7.772055 7.613166 7.53128 7.498931 7.461953 7.408442 7.384887 7.395535 7.380836 7.313884 7.134483 7.031268 6.945693 6.927092 6.872662 6.822404 6.791865 6.788768 6.793939 6.81425 6.821575 6.846163 6.882661 6.942937 6.918758 6.862155 6.801394 6.798811 6.86931 6.978498 7.080707 7.146206 7.148192 7.126012 7.088155 7.075897 7.081821 7.115141
8.14057 8.344112 8.483084 8.508683 8.402941 8.196882 7.979374 7.800132 7.681871 7.58304 7.490913 7.417704 7.372981 7.405559 7.440304 7.4477 7.441207 7.407403 7.427563 7.478295 7.625083 7.737042 7.768258 7.770216 7.765874 7.664846 7.471281 7.272937 7.233657 7.218687 7.192492 7.151451 7.125664 7.080227 6.998432 6.843725 6.780852 6.767189 6.786016 6.764304 6.744452 6.72139 6.704106 6.697864 6.723207 6.766222 6.805779 6.850341 6.920794 6.95083 6.930127 6.919312 6.975687 7.115562 7.267879 7.367389 7.390778 7.328951 7.230787 7.153884 7.064243 7.032462 7.071925
8.155622 8.293391 8.368408 8.329936 8.211159 8.025768 7.871482 7.724328 7.582955 7.498571 7.451288 7.391605 7.345294 7.349173 7.368663 7.347085 7.337911 7.287322 7.220986 7.207523 7.300184 7.432246 7.517292 7.572335 7.616706 7.586027 7.464641 7.284107 7.176602 7.162631 7.101818 6.994123 6.893067 6.81445 6.718204 6.609774 6.599192 6.666754 6.754226 6.778873 6.778112 6.758061 6.72711 6.699294 6.684869 6.716009 6.771606 6.825253 6.882375 6.916821 6.93989 7.000357 7.115816 7.282302 7.42252 7.503728 7.5163 7.469978 7.360572 7.298257 7.218922 7.113619 7.068715
8.24496 8.28823 8.271056 8.195365 8.059983 7.917378 7.858024 7.781528 7.683452 7.582509 7.537819 7.490857 7.43033 7.350265 7.321989 7.297979 7.293089 7.249845 7.173503 7.094611 7.12011 7.21694 7.303518 7.381392 7.461694 7.494198 7.50017 7.439709 7.342786 7.303334 7.22516 7.069542 6.886312 6.703295 6.589408 6.495718 6.52595 6.64728 6.780882 6.854212 6.881073 6.87319 6.861808 6.838588 6.812143 6.78579 6.776792 6.796288 6.836651 6.864927 6.921572 7.047144 7.224779 7.372765 7.476372 7.548459 7.582394 7.586663 7.546228 7.456154 7.368562 7.232262 7.119694
8.285081 8.224217 8.171277 8.086041 7.950892 7.834502 7.791404 7.797103 7.777628 7.681994 7.602961 7.563775 7.478004 7.375601 7.289892 7.250923 7.22313 7.225909 7.159867 7.089608 7.06387 7.093473 7.15167 7.216998 7.294902 7.368052 7.444775 7.505943 7.466063 7.426224 7.370196 7.240241 7.068502 6.863826 6.678664 6.538069 6.53738 6.628697 6.754439 6.86436 6.932411 6.968204 6.977155 6.979133 6.959746 6.91678 6.855536 6.803551 6.797612 6.80458 6.909983 7.09129 7.279536 7.415422 7.488801 7.546512 7.602756 7.630682 7.638283 7.570776 7.480521 7.37442 7.246743
8.294045 8.150767 8.044742 7.950256 7.833177 7.752474 7.712771 7.759045 7.78703 7.720218 7.620628 7.517124 7.433679 7.328774 7.217523 7.15164 7.091518 7.099748 7.089566 7.082345 7.052698 7.03936 7.051027 7.084608 7.131487 7.179271 7.264046 7.350307 7.389289 7.40829 7.399755 7.331784 7.20265 7.011786 6.823912 6.672935 6.572276 6.567739 6.654948 6.769955 6.855799 6.906418 6.958454 6.996862 7.004618 6.951628 6.896177 6.823297 6.760911 6.764441 6.875641 7.030626 7.182492 7.316406 7.42361 7.506745 7.569379 7.632279 7.679638 7.674559 7.583396 7.509965 7.395318
8.322318 8.120092 7.958033 7.840337 7.755497 7.71639 7.701447 7.746306 7.801709 7.782571 7.685091 7.531215 7.362784 7.251842 7.122976 7.009249 6.915464 6.931319 6.95771 7.000619 7.006733 6.991178 6.978005 6.98122 6.976777 7.01401 7.093688 7.175517 7.205437 7.230281 7.223406 7.194135 7.134255 7.03668 6.880891 6.737872 6.619851 6.567082 6.577705 6.645252 6.734646 6.782612 6.832431 6.877521 6.892164 6.871434 6.837654 6.77618 6.721052 6.710508 6.804014 6.910646 7.02079 7.142306 7.278989 7.402403 7.512231 7.580856 7.657889 7.699142 7.68381 7.604939 7.532914
8.389718 8.153894 7.952404 7.820257 7.748957 7.710875 7.66246 7.64567 7.699939 7.729737 7.70145 7.593437 7.428843 7.242362 7.077784 6.91861 6.806099 6.794192 6.820248 6.886252 6.934287 6.94784 6.94358 6.932206 6.904894 6.928077 6.977856 7.013271 7.044603 7.063931 7.049081 7.003532 6.956422 6.925385 6.864535 6.760081 6.667568 6.574975 6.538257 6.572858 6.639064 6.692062 6.710686 6.726554 6.741303 6.726452 6.697365 6.660635 6.645522 6.654196 6.732501 6.814799 6.878298 6.958672 7.083924 7.231359 7.374418 7.498296 7.571005 7.643106 7.684712 7.66802 7.583295
8.427279 8.197731 7.98421 7.818647 7.724931 7.637456 7.505146 7.427098 7.450849 7.49596 7.526092 7.51979 7.451979 7.333346 7.152138 6.97653 6.813151 6.719515 6.719433 6.75195 6.827212 6.899968 6.929968 6.934896 6.923482 6.935368 6.936917 6.901098 6.900161 6.899373 6.905315 6.870635 6.800805 6.762493 6.7371 6.693693 6.645627 6.594671 6.55508 6.561507 6.622559 6.660861 6.661328 6.651899 6.637924 6.622393 6.613366 6.622688 6.639796 6.676387 6.738348 6.772295 6.788312 6.807827 6.873463 6.99513 7.150335 7.299516 7.434051 7.508333 7.598224 7.631341 7.602506
8.342024 8.132223 7.947821 7.767882 7.633626 7.470134 7.286747 7.229549 7.211253 7.203766 7.221833 7.273052 7.325009 7.328674 7.251728 7.075372 6.891541 6.751151 6.677587 6.662881 6.720893 6.807853 6.869704 6.919515 6.938129 6.945753 6.911485 6.836294 6.77959 6.74008 6.740599 6.748552 6.709449 6.656369 6.624114 6.6153 6.607841 6.587635 6.556118 6.569337 6.631664 6.663913 6.681163 6.673972 6.653526 6.643194 6.664519 6.728418 6.771123 6.794575 6.788725 6.766926 6.725379 6.693942 6.708507 6.756595 6.849736 6.997508 7.168438 7.309613 7.410819 7.510785 7.545909
8.116063 7.967356 7.819015 7.653804 7.469745 7.274229 7.157837 7.128016 7.083177 7.011615 6.969425 7.006516 7.06856 7.134387 7.1581 7.134944 7.017339 6.879394 6.751204 6.672689 6.670584 6.729278 6.782723 6.858438 6.90419 6.907742 6.860407 6.775113 6.702272 6.640006 6.617189 6.639841 6.652792 6.637569 6.605061 6.581406 6.573905 6.556986 6.534098 6.53275 6.583094 6.626476 6.652931 6.670319 6.698476 6.713051 6.750499 6.802414 6.839607 6.854786 6.831958 6.807995 6.749362 6.677628 6.647766 6.627056 6.637705 6.710672 6.826282 7.00984 7.174578 7.299601 7.415976
7.874624 7.752723 7.64302 7.479222 7.29451 7.155679 7.107595 7.08427 7.04838 6.978467 6.898584 6.852448 6.864398 6.907287 6.974404 7.030844 7.026848 6.970736 6.902731 6.787711 6.723385 6.722197 6.763473 6.830509 6.843973 6.838628 6.800394 6.732707 6.667759 6.608661 6.576975 6.573758 6.601716 6.625922 6.60852 6.597303 6.569481 6.541955 6.518745 6.499502 6.510081 6.537364 6.588087 6.61769 6.657901 6.698698 6.722784 6.763264 6.808885 6.82377 6.86316 6.911778 6.89229 6.811113 6.698452 6.603254 6.550147 6.549428 6.616384 6.739047 6.894233 7.060799 7.194469
