py_wake/examples/data/AJ_ParqueFicticio/Rough survey   Sector 1   Height 200m   Mean speed.grd
DSAA
73  159
 258469   265669
 6501692   6517492
 3.591073   7.682683
[rows 56 to 83 of 159, columns 0 to 62 of 73]
5.321204 5.333023 5.334085 5.341835 5.343285 5.350744 5.34809 5.349841 5.344953 5.348929 5.348356 5.351534 5.346379 5.33473 5.327719 5.325665 5.328709 5.331887 5.33014 5.325416 5.32531 5.316558 5.317341 5.327764 5.335948 5.338027 5.347769 5.36856 5.406167 5.452645 5.505515 5.564738 5.591032 5.637423 5.675716 5.707495 5.736036 5.749169 5.738203 5.738049 5.758962 5.779672 5.767123 5.723042 5.672827 5.636581 5.609876 5.581861 5.57691 5.571383 5.567077 5.554288 5.527177 5.488985 5.457379 5.450243 5.468846 5.479707 5.465996 5.455171 5.43509 5.415617 5.4161
5.314631 5.318588 5.318547 5.331484 5.338283 5.347162 5.346665 5.341329 5.338474 5.338373 5.339362 5.341567 5.341883 5.340563 5.335132 5.329456 5.331065 5.332125 5.332323 5.33215 5.339689 5.335775 5.330792 5.339894 5.344479 5.3457 5.356355 5.38063 5.431354 5.482675 5.55066 5.609749 5.645251 5.681118 5.722268 5.744076 5.763618 5.787426 5.779125 5.773175 5.783892 5.788398 5.757451 5.710445 5.672335 5.630226 5.572812 5.50993 5.48453 5.485593 5.492732 5.47569 5.459668 5.444093 5.437477 5.458499 5.477174 5.473894 5.442225 5.413062 5.392047 5.381675 5.401221
5.29429 5.290121 5.297625 5.309415 5.31849 5.325145 5.328149 5.324085 5.321329 5.320749 5.323067 5.327847 5.324518 5.323167 5.328227 5.331554 5.329831 5.32933 5.331736 5.335376 5.340639 5.34962 5.347647 5.350617 5.354153 5.35734 5.366548 5.379075 5.403803 5.44826 5.504326 5.556875 5.592277 5.630941 5.667126 5.694782 5.714123 5.738032 5.745504 5.73937 5.744771 5.730194 5.694732 5.659225 5.623421 5.581076 5.509078 5.431573 5.397576 5.398467 5.402523 5.377646 5.381455 5.377966 5.388468 5.425669 5.449024 5.461768 5.445999 5.414311 5.385648 5.370547 5.397739
5.296414 5.293543 5.292993 5.296348 5.296809 5.301999 5.307791 5.304153 5.300917 5.302524 5.305585 5.306468 5.31083 5.308593 5.313993 5.321806 5.327294 5.327059 5.329934 5.331635 5.341319 5.352795 5.358356 5.36213 5.36306 5.368436 5.37167 5.368172 5.35972 5.370335 5.403733 5.438874 5.470138 5.50773 5.544472 5.590628 5.629132 5.658954 5.67575 5.669898 5.663476 5.65025 5.616387 5.603397 5.57469 5.532485 5.462648 5.374126 5.321536 5.306608 5.304275 5.283043 5.29023 5.294825 5.316285 5.360658 5.389751 5.418381 5.423549 5.410314 5.384413 5.35386 5.373715
5.322941 5.316484 5.310212 5.311175 5.300532 5.289252 5.288148 5.28545 5.284793 5.286355 5.28712 5.288163 5.290099 5.292228 5.299476 5.309204 5.321208 5.325735 5.331369 5.333821 5.338414 5.340106 5.351355 5.364893 5.371171 5.3846 5.39114 5.394986 5.388337 5.369685 5.376167 5.387077 5.400557 5.425155 5.457766 5.497056 5.531738 5.563711 5.57358 5.574118 5.555602 5.537991 5.535355 5.544733 5.53455 5.502018 5.442373 5.373022 5.295946 5.243106 5.216499 5.200408 5.216838 5.228113 5.248284 5.295006 5.339594 5.378402 5.379493 5.371556 5.356431 5.324933 5.321587
5.341955 5.331075 5.326516 5.323365 5.308817 5.290783 5.275488 5.270693 5.270965 5.277553 5.279294 5.280113 5.282724 5.285453 5.291663 5.300895 5.314729 5.322276 5.326591 5.334404 5.340041 5.345278 5.349476 5.360381 5.37148 5.389072 5.407629 5.426477 5.445845 5.441308 5.434199 5.423926 5.419496 5.436719 5.432277 5.441856 5.463003 5.479111 5.481997 5.475852 5.459541 5.446345 5.45355 5.47257 5.475116 5.460035 5.418357 5.374287 5.30653 5.219314 5.146216 5.121058 5.153357 5.198306 5.198159 5.229509 5.281485 5.321264 5.322946 5.308926 5.294077 5.268027 5.233524
5.349528 5.344123 5.342621 5.336313 5.321976 5.30286 5.287014 5.272212 5.273104 5.277032 5.278582 5.278792 5.28214 5.283284 5.285335 5.291441 5.299867 5.308413 5.311992 5.325733 5.329199 5.338586 5.344037 5.358363 5.373724 5.39212 5.41556 5.445219 5.472287 5.480833 5.496439 5.4867 5.478332 5.471676 5.447199 5.432278 5.427927 5.418024 5.407099 5.398259 5.390274 5.382747 5.389205 5.404141 5.407651 5.409475 5.385802 5.361813 5.311855 5.234643 5.144837 5.081876 5.099556 5.154037 5.179609 5.177925 5.207469 5.239518 5.24471 5.231982 5.215889 5.189651 5.159559
5.346875 5.343464 5.344468 5.344745 5.334291 5.31674 5.299114 5.279533 5.273365 5.274983 5.27955 5.283649 5.280075 5.278919 5.279464 5.278513 5.283331 5.28422 5.295023 5.30367 5.309184 5.312603 5.322594 5.338193 5.358299 5.378122 5.409461 5.439865 5.465112 5.48597 5.503264 5.509802 5.504747 5.49649 5.479815 5.447232 5.4186 5.388934 5.362056 5.34231 5.329387 5.313586 5.312012 5.323332 5.34215 5.354704 5.344164 5.316202 5.290177 5.226656 5.141897 5.082208 5.069004 5.093606 5.119617 5.104504 5.094334 5.110888 5.116101 5.106647 5.102278 5.104983 5.103631
5.336598 5.334953 5.338875 5.339581 5.333561 5.321123 5.303033 5.285536 5.274605 5.274824 5.275428 5.276451 5.279177 5.274729 5.274796 5.272029 5.279613 5.281391 5.285172 5.287856 5.292105 5.294692 5.299549 5.308593 5.323885 5.349463 5.376411 5.401304 5.424925 5.449538 5.468562 5.484572 5.495151 5.496459 5.482429 5.449017 5.40237 5.369248 5.339313 5.314721 5.277202 5.24547 5.228157 5.2364 5.268128 5.292726 5.286972 5.26424 5.245121 5.217395 5.160345 5.10449 5.052979 5.029234 5.048183 5.045455 4.997582 4.976861 4.961484 4.948212 4.944799 4.965898 5.010888
5.325225 5.321913 5.326013 5.32833 5.326774 5.319364 5.307604 5.29041 5.279624 5.276088 5.271458 5.270325 5.272339 5.270408 5.271878 5.269373 5.274472 5.278654 5.286282 5.289613 5.292714 5.290339 5.288362 5.296415 5.297784 5.303593 5.313195 5.330082 5.349967 5.371884 5.391348 5.415314 5.436754 5.441693 5.431174 5.403624 5.367343 5.330167 5.302989 5.264925 5.233778 5.207798 5.182872 5.185032 5.208549 5.228589 5.228072 5.230834 5.226727 5.209045 5.196843 5.144763 5.083457 5.019831 4.983818 4.99367 4.966382 4.939324 4.901265 4.849199 4.849936 4.871208 4.905855
5.314064 5.307999 5.312669 5.315607 5.31251 5.308269 5.304851 5.296462 5.289715 5.279001 5.270598 5.270226 5.269155 5.267496 5.267787 5.273888 5.275893 5.278592 5.28946 5.29729 5.298771 5.297111 5.29743 5.293479 5.278597 5.271265 5.272932 5.280893 5.278622 5.29414 5.31303 5.337405 5.3662 5.38146 5.372335 5.351409 5.326598 5.302196 5.2585 5.217161 5.190915 5.175291 5.149105 5.139083 5.15694 5.160531 5.177074 5.199964 5.205517 5.191583 5.207217 5.198104 5.145183 5.073061 5.004601 4.972524 4.974818 4.963821 4.96448 4.941864 4.916027 4.901857 4.889649
5.300463 5.299002 5.30237 5.302771 5.303571 5.295135 5.290736 5.29242 5.287017 5.274864 5.268134 5.265735 5.265131 5.263886 5.264887 5.267147 5.272536 5.278825 5.289423 5.295591 5.298001 5.299555 5.296859 5.288097 5.271323 5.263517 5.254999 5.246385 5.241549 5.247198 5.255357 5.283054 5.312513 5.320523 5.320202 5.316608 5.302562 5.286299 5.250525 5.210886 5.172373 5.141133 5.121194 5.099918 5.086937 5.088945 5.122607 5.163408 5.178474 5.164808 5.186306 5.209576 5.18117 5.128428 5.05637 4.99191 4.989613 5.004509 5.030375 5.061588 5.055881 5.020432 4.96781
5.285707 5.291422 5.295779 5.292417 5.289277 5.282066 5.279967 5.281775 5.278498 5.269176 5.262251 5.258398 5.259984 5.262242 5.262466 5.264964 5.268756 5.275701 5.280892 5.28547 5.286249 5.2801 5.279258 5.278422 5.274233 5.273262 5.263181 5.2356 5.219732 5.207184 5.20831 5.234943 5.263395 5.273973 5.276441 5.28931 5.28921 5.284614 5.266153 5.228627 5.210999 5.193916 5.162768 5.1156 5.065491 5.038209 5.047124 5.075405 5.076505 5.069076 5.105507 5.141335 5.134869 5.105427 5.058573 5.004288 4.985699 5.009136 5.044685 5.088849 5.116343 5.108805 5.050085
5.262371 5.27233 5.277915 5.277943 5.272048 5.267373 5.272093 5.268026 5.267568 5.259037 5.250352 5.245546 5.250828 5.256198 5.261313 5.267532 5.265532 5.272028 5.275629 5.27452 5.271417 5.266621 5.269191 5.272137 5.279901 5.281742 5.278443 5.253522 5.228137 5.204398 5.187246 5.188311 5.212904 5.234607 5.251294 5.274198 5.291926 5.297333 5.295255 5.283941 5.289325 5.273392 5.22868 5.163579 5.100535 5.052995 5.022453 5.001441 4.971515 4.960967 4.97108 4.988715 4.990182 4.970513 4.959907 4.952263 4.96174 4.995364 5.035933 5.082673 5.128096 5.148815 5.137084
5.230649 5.24191 5.252499 5.252738 5.252448 5.253871 5.260153 5.259148 5.254868 5.250313 5.238644 5.233983 5.236745 5.244236 5.262176 5.275362 5.277905 5.271461 5.268107 5.26635 5.264268 5.267952 5.27048 5.277792 5.284829 5.296236 5.2796 5.265211 5.248933 5.222599 5.200407 5.178486 5.184166 5.215494 5.248531 5.277822 5.304511 5.318487 5.334229 5.343932 5.346938 5.330318 5.281641 5.217967 5.150595 5.096914 5.036101 4.981765 4.934474 4.880645 4.843675 4.810519 4.801435 4.802915 4.838699 4.887322 4.940835 5.000835 5.053892 5.097932 5.15241 5.202396 5.215404
5.218976 5.219977 5.221838 5.22581 5.233843 5.238843 5.242947 5.242468 5.2391 5.236957 5.232115 5.231184 5.236854 5.241838 5.257573 5.266427 5.267957 5.257706 5.248564 5.250153 5.252254 5.260708 5.265507 5.281407 5.286178 5.293765 5.281732 5.269697 5.2515 5.237997 5.231248 5.215553 5.22287 5.239441 5.264046 5.293404 5.328539 5.352195 5.359589 5.372473 5.360552 5.339373 5.29878 5.252697 5.20134 5.149551 5.095649 5.030565 4.968864 4.90509 4.835606 4.763286 4.744287 4.756663 4.780132 4.837517 4.923048 5.011392 5.080095 5.137871 5.198083 5.254331 5.285429
5.227343 5.227966 5.223968 5.214268 5.213377 5.215156 5.221577 5.223661 5.224162 5.228115 5.230664 5.230152 5.227105 5.226105 5.229942 5.235097 5.231558 5.227142 5.221148 5.223376 5.226181 5.230235 5.239817 5.252172 5.269048 5.277443 5.27634 5.268409 5.252261 5.257608 5.267251 5.257148 5.261945 5.281671 5.287734 5.306449 5.324201 5.340944 5.355122 5.355772 5.353863 5.342384 5.308424 5.271227 5.226837 5.180205 5.129979 5.082093 5.032787 4.988918 4.954274 4.913111 4.893212 4.871186 4.854449 4.873106 4.931289 4.993558 5.073044 5.152703 5.226199 5.297298 5.353631
5.241134 5.238659 5.228735 5.209665 5.196628 5.191614 5.199578 5.203311 5.204349 5.213288 5.217475 5.21859 5.210913 5.203015 5.19023 5.193495 5.190393 5.183936 5.181206 5.181085 5.183597 5.184381 5.191475 5.203646 5.218997 5.234067 5.249301 5.257896 5.269376 5.287296 5.303502 5.304339 5.30227 5.313626 5.313157 5.299012 5.301908 5.314973 5.331629 5.348031 5.354437 5.349601 5.317545 5.273533 5.229335 5.170112 5.117677 5.061331 5.030936 5.012556 5.000945 5.003985 5.021548 5.017496 4.961966 4.934485 4.93659 4.963781 5.022462 5.113072 5.205509 5.289073 5.348653
5.242702 5.237751 5.226662 5.210543 5.191681 5.178734 5.182498 5.182793 5.183036 5.189632 5.193343 5.197707 5.19394 5.18399 5.16603 5.153212 5.148345 5.145864 5.144709 5.141435 5.140471 5.141753 5.150693 5.158885 5.172515 5.185575 5.204937 5.228287 5.256639 5.2892 5.312969 5.324455 5.337046 5.328011 5.312269 5.296206 5.288332 5.287823 5.289041 5.295629 5.304554 5.29455 5.271914 5.239629 5.181843 5.12713 5.06598 4.993828 4.961229 4.951425 4.947603 4.966435 5.000833 5.007275 4.975139 4.925325 4.897437 4.899936 4.943011 5.011286 5.099804 5.168035 5.212916
5.224669 5.222167 5.218836 5.206399 5.191633 5.178273 5.168965 5.163802 5.159458 5.162013 5.166396 5.168446 5.168641 5.161219 5.14887 5.131295 5.120332 5.119996 5.121354 5.120299 5.118255 5.110342 5.109915 5.116108 5.123784 5.132004 5.145853 5.157645 5.18531 5.215556 5.253652 5.281486 5.291621 5.299017 5.293321 5.290978 5.284624 5.27004 5.241277 5.221444 5.190629 5.1672 5.147052 5.106995 5.058465 5.008883 4.954137 4.904244 4.877242 4.882972 4.876303 4.880358 4.886712 4.884391 4.866445 4.836444 4.812746 4.806828 4.825354 4.878125 4.929981 4.983849 5.020521
5.195593 5.197404 5.197069 5.191489 5.180099 5.170811 5.154497 5.144497 5.137227 5.132432 5.136284 5.136744 5.136253 5.133473 5.131464 5.116917 5.100146 5.097799 5.101459 5.104301 5.10336 5.092507 5.082533 5.07915 5.07549 5.076555 5.079689 5.07829 5.097128 5.129255 5.183901 5.214618 5.232479 5.253089 5.257 5.261439 5.256576 5.228113 5.185666 5.149753 5.121024 5.080843 5.028217 4.996268 4.948506 4.931229 4.910733 4.886734 4.875568 4.868868 4.854963 4.840534 4.821153 4.787823 4.768735 4.785971 4.779287 4.770026 4.758371 4.769231 4.796575 4.8269 4.851881
5.170941 5.169395 5.167489 5.163183 5.151743 5.135956 5.124958 5.112725 5.107421 5.104102 5.107303 5.108925 5.106214 5.103437 5.103699 5.087632 5.075463 5.068941 5.075465 5.076879 5.083762 5.088484 5.081418 5.071387 5.058718 5.046239 5.038918 5.03418 5.046656 5.08275 5.151592 5.186376 5.213755 5.228278 5.22222 5.204906 5.190992 5.165364 5.117347 5.072063 5.04831 5.019053 4.981447 4.971521 4.986159 5.017449 5.022412 5.012372 4.996549 4.951735 4.916475 4.89006 4.885152 4.88823 4.888993 4.910318 4.898389 4.884694 4.878965 4.860016 4.825626 4.813353 4.816837
5.151309 5.142271 5.135492 5.124313 5.110566 5.101376 5.09402 5.080897 5.074505 5.073283 5.075687 5.080068 5.080738 5.078782 5.073969 5.062903 5.049785 5.037345 5.038336 5.042256 5.051486 5.061437 5.066758 5.061611 5.055676 5.04565 5.046548 5.047997 5.074234 5.119405 5.171005 5.191275 5.217276 5.218247 5.211298 5.204121 5.190098 5.151101 5.108871 5.060066 5.005581 4.98049 4.980692 5.019498 5.075043 5.124163 5.164063 5.173985 5.15043 5.081388 5.036044 5.015034 5.034844 5.071988 5.112558 5.141016 5.147381 5.146344 5.128653 5.083567 5.026963 4.960341 4.933729
5.137348 5.117595 5.106921 5.095958 5.080298 5.071826 5.063852 5.056235 5.049348 5.043362 5.040614 5.042807 5.042216 5.042538 5.039395 5.038396 5.031382 5.019571 5.014885 5.012315 5.013114 5.014792 5.025111 5.028211 5.037725 5.051364 5.069454 5.100093 5.136497 5.168036 5.192524 5.195997 5.198217 5.19676 5.183835 5.173089 5.15903 5.130418 5.100185 5.065326 5.016593 5.006411 5.047814 5.095284 5.165279 5.211199 5.242465 5.25314 5.244898 5.219791 5.20405 5.197235 5.219213 5.266439 5.311906 5.349708 5.366244 5.366293 5.337377 5.279847 5.208339 5.139431 5.075199
5.123295 5.103377 5.084563 5.075218 5.065281 5.056131 5.044048 5.036358 5.023191 5.009627 4.996203 4.99524 4.992174 4.997921 5.002954 5.008927 5.014524 5.012393 5.007197 4.998454 4.994547 4.985357 4.984745 4.992301 5.0113 5.038676 5.082506 5.130731 5.181549 5.209867 5.202896 5.189957 5.179428 5.166452 5.138433 5.12135 5.092975 5.080485 5.05816 5.041414 5.046022 5.088274 5.150409 5.20299 5.250802 5.283305 5.288903 5.294224 5.317676 5.343316 5.360203 5.379088 5.393354 5.415802 5.438967 5.457401 5.452235 5.433715 5.40195 5.350195 5.29065 5.223749 5.163818
5.105409 5.09554 5.079542 5.060695 5.045264 5.035665 5.022607 5.005516 4.991613 4.975332 4.954301 4.938866 4.937621 4.94532 4.958336 4.971639 4.978299 4.986989 4.994762 4.991707 4.982651 4.97764 4.966686 4.961954 4.972089 5.00134 5.053091 5.110968 5.161185 5.186245 5.183245 5.167854 5.154097 5.13332 5.11934 5.101914 5.069636 5.052873 5.02827 5.029323 5.060249 5.123918 5.185588 5.242782 5.276947 5.305408 5.328336 5.35168 5.385542 5.419845 5.445768 5.467826 5.473817 5.472769 5.468509 5.453964 5.43891 5.415041 5.383494 5.345702 5.30167 5.255984 5.200388
5.07686 5.067875 5.058171 5.039999 5.019978 5.002359 4.981175 4.969428 4.957089 4.939273 4.922482 4.908674 4.891109 4.888787 4.889789 4.891017 4.903239 4.927674 4.947716 4.957898 4.953695 4.954585 4.948403 4.94764 4.948424 4.969173 5.01115 5.06888 5.113107 5.138467 5.153101 5.148159 5.142811 5.130672 5.117838 5.102481 5.073455 5.045424 5.02536 5.032759 5.078765 5.141536 5.190375 5.227707 5.253874 5.282142 5.320758 5.35581 5.400958 5.44316 5.471114 5.480172 5.476912 5.463228 5.438327 5.4184 5.402677 5.379769 5.355319 5.332971 5.301445 5.264827 5.217883
5.05426 5.036757 5.026404 5.013169 4.991773 4.971121 4.953916 4.937674 4.921452 4.903976 4.894997 4.877614 4.854833 4.842166 4.829674 4.81906 4.824245 4.849211 4.87288 4.889446 4.908175 4.920358 4.929774 4.938966 4.949 4.968949 5.005423 5.045693 5.079908 5.108244 5.133663 5.151936 5.154716 5.161969 5.14741 5.134425 5.099592 5.063055 5.046687 5.08582 5.129591 5.155994 5.168586 5.184659 5.199897 5.221489 5.256703 5.297331 5.347585 5.401698 5.439163 5.453052 5.449195 5.428294 5.40331 5.380582 5.364476 5.349336 5.331336 5.316623 5.295575 5.253079 5.214108
