py_wake/examples/data/AJ_ParqueFicticio/Rough survey   Sector 8   Height 30m   Weibull-A.grd
DSAA
73  159
 258469   265669
 6501692   6517492
 .06085515   11.45488
[rows 84 to 111 of 159, columns 0 to 62 of 73]
4.419527 4.34424 4.273802 4.233935 4.177752 4.125401 4.11007 4.06699 4.0211 4.036115 4.057805 4.061438 3.988755 3.929815 3.877288 3.949279 3.952646 3.952317 3.995577 4.122326 4.181696 4.264611 4.315032 4.380601 4.614649 5.060819 5.467971 5.572777 5.64801 5.50962 5.414226 5.377922 5.333129 5.306418 5.051065 4.742491 4.369102 4.217807 4.639342 4.986443 5.119608 4.958021 4.8918 4.775458 4.60449 4.541427 4.656493 4.706013 4.828963 5.045241 5.112998 5.063728 5.023329 4.969641 4.837341 4.695326 4.631124 4.54143 4.479198 4.430791 4.222435 3.842681 3.230918
4.29501 4.275318 4.220683 4.13774 4.060588 4.08503 4.060451 3.998341 3.97518 3.991154 3.986462 3.941329 3.869555 3.784095 3.904134 3.992142 3.95378 3.869176 3.920194 3.994976 4.014882 4.161635 4.254246 4.450937 4.802327 5.260725 5.515032 5.556304 5.437064 5.226871 5.164007 5.190527 5.028881 4.959635 4.620554 4.471963 4.343135 4.32209 4.775039 5.147701 5.211385 5.093303 4.924411 4.829872 4.728024 4.679414 4.702862 4.698904 4.558514 4.64507 4.748468 4.850529 4.953775 4.990437 4.96628 4.946753 4.912915 4.859324 4.729821 4.53302 4.182899 3.500175 2.69369
4.133632 4.152529 4.116768 4.01975 4.028669 4.048735 4.004376 3.947365 3.968842 3.949421 3.913005 3.877324 3.888837 3.835444 3.888429 3.960054 3.952411 3.939659 3.91036 3.815109 3.848861 3.931998 4.040434 4.247808 4.558367 4.905715 5.114664 5.098767 4.870296 4.802607 4.787264 4.784023 4.787834 4.739807 4.532212 4.431395 4.287097 4.419804 5.029918 5.143448 5.11611 5.078403 5.074076 5.097673 5.122234 5.099014 5.006786 4.971187 4.891795 4.91877 4.787605 4.812523 4.982874 5.054955 5.100983 5.150506 5.224082 5.105269 4.80248 4.47534 3.896387 2.961986 2.064865
4.0634 4.036646 3.984927 3.938073 3.951303 3.956153 3.918757 3.957869 3.940187 3.909398 3.876318 3.839557 3.831801 3.817805 3.807245 3.867161 3.900227 3.876374 3.848054 3.79902 3.744407 3.69289 3.728613 3.820978 4.079116 4.407033 4.533825 4.632642 4.495326 4.468746 4.740524 4.866601 4.895532 4.88704 4.759305 4.462448 4.319436 4.820289 4.933339 5.042512 5.072229 5.123411 5.240032 5.399604 5.373263 5.321254 5.248594 5.233628 5.149434 5.008096 4.844066 4.916252 5.17503 5.23126 5.213444 5.356732 5.306966 5.040697 4.633147 4.309633 3.426358 2.198922 1.764932
3.997611 3.918235 3.820769 3.87545 3.85832 3.801868 3.808935 3.836541 3.798151 3.813588 3.805849 3.755512 3.737342 3.791945 3.795994 3.737793 3.741155 3.771848 3.775506 3.712578 3.663242 3.634796 3.586434 3.592429 3.648375 4.059134 4.412763 4.706228 4.874926 5.144893 5.116811 5.196453 5.065553 5.028184 4.88792 4.586485 4.615091 4.871898 4.985074 5.05525 5.137512 5.31705 5.3951 5.378727 5.247671 5.08328 5.08709 4.981839 4.918642 4.698326 4.5637 4.671146 5.053543 5.137325 5.34064 5.203148 5.110917 4.806869 4.438907 3.994224 2.799455 2.099434 2.225672
3.897787 3.767754 3.818058 3.826654 3.775915 3.739796 3.722967 3.642874 3.627741 3.707669 3.715425 3.713851 3.684618 3.721767 3.706001 3.569139 3.59019 3.627385 3.616609 3.656431 3.653524 3.673754 3.750865 3.960679 4.106914 4.264686 4.768773 5.396834 5.807541 5.836683 5.660664 5.380608 5.154322 4.961424 4.753359 4.505426 4.608682 5.053095 5.128288 5.238379 5.355049 5.379046 5.318089 5.013831 4.752206 4.593766 4.504764 4.3352 4.196391 4.077309 4.034773 4.097401 3.987269 4.301396 4.660878 4.888881 4.681116 4.334484 3.993449 3.74505 2.493195 2.328067 2.569701
3.855682 3.821596 3.821346 3.706663 3.692623 3.671708 3.591949 3.582657 3.572302 3.556874 3.606272 3.631347 3.603754 3.627076 3.658528 3.603952 3.497011 3.411532 3.532079 3.564994 3.732918 3.862678 4.129592 4.618956 5.032791 5.218751 5.601867 6.08183 6.379671 6.207271 5.826361 5.471944 5.236029 4.888811 4.565417 4.599307 4.946412 5.058303 5.269685 5.44448 5.487312 5.461059 5.14483 4.798836 4.723208 4.887652 4.916487 4.784482 4.465437 4.094425 4.249665 4.183017 4.080707 3.976967 3.972912 4.20865 3.873489 3.384835 3.294297 3.313045 2.859066 2.631633 2.962797
3.883863 3.788721 3.742223 3.679676 3.587648 3.517032 3.560559 3.56146 3.522228 3.55103 3.552337 3.538329 3.589343 3.583391 3.601063 3.519376 3.403217 3.318979 3.455267 3.624232 3.92485 4.229759 4.632385 5.269898 5.757967 5.976813 6.272852 6.503262 6.569264 6.318659 5.916486 5.678395 5.457685 5.209205 4.748246 5.110828 5.094198 5.152248 5.36802 5.636204 5.691521 5.406445 5.158149 5.043621 5.513334 5.752789 5.659868 5.342789 4.858278 4.714431 5.143541 5.225293 5.045197 4.635243 4.059448 3.415356 3.22277 3.165227 3.466632 3.623247 3.360453 2.901757 3.19063
3.819222 3.715132 3.656004 3.564535 3.437075 3.52173 3.550001 3.5351 3.567953 3.54639 3.558094 3.562281 3.550097 3.585095 3.594212 3.454045 3.339788 3.382285 3.663967 3.849294 4.193844 4.727922 5.322558 5.805358 6.250203 6.383315 6.689336 6.844889 6.677047 6.482949 6.151504 5.955686 5.679803 5.08643 4.675969 5.202533 5.379027 5.444697 5.489748 5.694037 5.616347 5.510078 5.467339 5.815756 6.150203 6.088203 5.654502 5.301358 5.088187 5.378209 5.850752 5.84782 5.776862 5.440933 4.810088 4.105433 3.992649 4.112341 4.412316 4.29463 3.761175 3.053033 3.2009
3.736526 3.638383 3.53096 3.468658 3.478503 3.483905 3.524118 3.519315 3.533352 3.569673 3.571261 3.508103 3.53939 3.567309 3.572818 3.543078 3.457813 3.678764 4.115706 4.405588 4.615796 5.169343 5.721714 6.231392 6.58159 6.639829 6.993652 7.252225 7.040482 6.617474 6.164412 5.799474 5.357225 4.698929 5.130673 5.396392 5.384872 5.358387 5.551775 5.807044 5.966439 6.109594 6.333449 6.490777 6.336446 5.945454 5.531939 5.279453 5.61011 5.876893 5.982799 5.982382 5.883436 5.527626 5.332826 5.186192 5.291729 5.382532 5.125782 4.674685 3.832806 3.254905 3.09552
3.629423 3.552122 3.464457 3.397431 3.368893 3.452103 3.482851 3.469456 3.489539 3.555475 3.536082 3.448216 3.488147 3.551589 3.633457 3.688809 3.784963 4.210218 4.792914 5.124512 5.28269 5.430992 6.022657 6.547468 6.919847 7.054473 7.265781 7.569003 7.071247 6.491891 5.902514 5.433154 5.068675 4.77351 5.101091 5.605771 5.633659 5.742216 5.889212 6.370839 6.44929 6.578391 6.655236 6.503601 6.021581 5.599553 5.332186 5.449848 5.769005 5.906345 5.874231 5.812462 5.69351 5.583636 5.385751 5.294318 5.467801 5.249984 4.972909 4.68122 4.017312 3.107396 3.271643
3.457547 3.433573 3.324664 3.348357 3.340175 3.37739 3.429769 3.524147 3.577484 3.54797 3.506522 3.464385 3.504542 3.534186 3.66865 3.811098 4.206155 4.819794 5.319145 5.636563 5.851268 5.97364 6.322823 6.849133 7.347361 7.596895 7.72211 7.455053 6.929708 6.128438 5.4437 5.059879 4.80963 4.875715 5.450157 5.741737 5.670459 5.876624 6.442316 6.59899 6.661921 6.544859 6.470694 6.115015 5.745045 5.447222 5.522928 5.762199 5.798932 5.812958 5.691499 5.671022 5.555871 5.408584 5.254397 5.329521 5.417273 5.152609 4.974875 4.787065 4.297132 2.927575 1.237738
3.354861 3.29275 3.360706 3.374897 3.396603 3.379408 3.455979 3.552065 3.585506 3.537646 3.491338 3.496997 3.565059 3.628172 3.794496 4.107261 4.618162 5.08023 5.585471 6.138812 6.449722 6.543527 6.795272 7.222827 7.600528 7.58569 7.231408 6.334698 5.488905 4.912527 4.588584 4.64644 5.056758 5.3836 5.961512 6.122826 6.250174 6.711522 6.936691 6.960105 6.666247 6.282435 5.945867 5.649209 5.565718 5.621364 5.788183 5.805148 5.682273 5.590804 5.478019 5.32437 4.900611 4.604132 4.974872 5.332654 5.263906 5.141802 5.174668 4.853643 4.385491 3.638515 .9963611
3.204686 3.280286 3.329932 3.417128 3.463375 3.502665 3.518076 3.52819 3.591924 3.56536 3.56852 3.626744 3.650738 3.853683 4.164303 4.52086 4.764937 5.127185 5.844175 6.470174 6.755995 6.815209 7.077592 7.5102 7.504484 6.841237 5.70556 4.664824 4.105913 4.08667 4.562387 5.025297 5.480671 5.78348 6.362977 6.588007 6.916775 7.120337 6.901487 6.645607 6.206741 5.831873 5.549147 5.36632 5.324238 5.406077 5.254753 5.290726 5.157233 5.063076 5.04472 4.339564 3.723263 3.454819 3.791772 3.957505 4.43961 4.482835 4.639183 4.787524 4.330258 3.663838 2.323513
3.227051 3.274784 3.320982 3.408612 3.379682 3.526387 3.601636 3.513718 3.580593 3.648977 3.72014 3.815741 3.965498 4.326346 4.823011 5.121701 5.154359 5.525038 6.217972 6.732785 6.938195 6.907114 7.305981 7.502299 6.948823 5.994775 4.758512 4.237863 4.51168 5.168802 5.806368 6.053548 6.185422 6.110463 6.472151 6.583225 6.848569 6.796344 6.528487 6.25465 5.898957 5.437711 5.201122 5.116799 5.02215 4.78759 4.413391 4.236779 3.887028 4.009137 3.675598 3.299787 3.211565 3.669188 3.877767 3.841242 3.779088 4.045716 4.185959 4.13532 3.864155 3.287282 2.930805
3.162321 3.193659 3.381452 3.45767 3.439036 3.594053 3.68577 3.605324 3.674222 3.818616 3.967017 4.16232 4.509815 5.082322 5.622331 5.785099 5.879482 6.286166 6.797453 7.202134 7.221127 7.34362 7.481747 7.322488 6.24963 5.066773 4.446228 5.244642 6.207086 6.726488 6.790585 6.653162 6.316677 6.122993 6.365792 6.382464 6.02792 5.859404 5.890865 5.787281 5.358826 4.996719 4.757457 4.45785 4.502571 4.367061 3.935193 3.429772 3.196071 2.95987 3.142669 3.312541 3.825178 4.661962 4.888049 5.069904 4.984114 4.826594 4.419734 4.413345 4.523524 4.152009 3.204327
3.301643 3.422671 3.541904 3.621015 3.654422 3.749118 3.818712 3.923893 3.917543 4.142075 4.428251 4.73024 5.097465 5.618399 6.144296 6.451344 6.79622 7.152886 7.344596 7.617887 7.634653 7.693123 7.368804 6.362618 5.177206 4.688784 5.337103 6.460717 7.187426 7.296699 6.981117 6.588938 6.198344 6.046665 6.123563 5.901579 5.47081 5.025366 4.952881 5.065692 4.808426 4.247292 4.093113 3.986978 3.967093 3.817139 3.429851 2.95367 3.020374 3.286064 3.754981 4.292899 4.892252 5.309536 5.598704 5.845219 5.854923 5.768478 5.644788 5.670517 5.672494 4.58302 3.161499
3.581471 3.758628 3.742805 3.800975 3.948292 4.03856 4.177954 4.363086 4.36723 4.602665 4.992888 5.278941 5.767717 6.224638 6.693446 7.162181 7.57416 7.806699 7.919344 8.053221 7.883761 7.398882 6.50025 5.383154 5.046944 5.675411 6.796157 7.561414 7.657498 7.266783 6.693516 6.248992 5.99466 6.130718 6.146549 5.762049 5.398849 4.982074 4.670587 4.213678 3.842441 3.682067 3.582868 3.945606 4.038207 4.086935 3.583918 3.288261 4.030594 4.549554 4.912409 5.257276 5.600244 5.932187 6.296957 6.422396 6.345678 6.312707 6.251371 6.166594 5.372781 3.280432 2.642184
3.92225 3.930173 3.928773 4.024168 4.388473 4.592134 4.654154 4.880191 4.994461 5.259336 5.707078 6.037041 6.492545 6.990592 7.386661 7.785562 8.066061 8.253748 8.354855 8.21602 7.600225 6.746381 5.912938 5.55387 6.262311 7.143518 7.787406 7.818615 7.382833 6.765371 6.24467 6.00631 5.958892 6.050917 5.87678 5.524287 5.204303 4.803109 4.23644 3.83321 3.634466 3.719483 4.077919 4.844144 4.881073 4.422174 3.942722 4.517461 4.954847 5.2189 5.516342 5.823502 6.173165 6.516204 6.703077 6.552734 6.338933 6.160283 5.925408 5.410371 3.905949 .1060848 3.681308
4.209238 4.180037 4.198112 4.446418 4.931247 5.006393 5.013019 5.292305 5.660602 6.030434 6.464545 6.801463 7.145413 7.78935 8.142748 8.434139 8.470095 8.50252 8.462367 8.109799 7.447451 6.817864 6.55319 6.832135 7.493704 7.912341 7.774194 7.144829 6.373012 5.904021 5.749984 5.751964 5.836515 5.738083 5.45007 5.051317 4.742034 4.427244 3.91835 3.746235 4.26577 4.757936 5.410432 5.498857 5.085617 4.497643 4.397908 5.047875 5.370018 5.644716 5.878875 6.250015 6.471228 6.457391 6.331343 5.94368 5.773957 5.579954 5.287575 4.732952 3.489229 .7702291 .6676952
4.229254 4.388115 4.658271 5.049783 5.343687 5.194672 5.265554 5.649123 5.933149 6.270419 6.747942 7.219335 7.808308 8.39888 8.811037 9.153298 9.057315 8.836813 8.769588 8.520877 8.138395 7.947596 7.818804 8.094344 8.241819 7.914575 7.248924 6.460301 5.892619 5.733609 5.805469 5.814487 5.754881 5.560865 5.351287 5.062664 4.700407 4.154703 3.839 4.196453 4.97461 5.416957 5.407555 5.007146 4.407089 4.351065 4.75599 5.460734 5.787889 6.020215 6.378291 6.669277 6.654241 6.333022 5.918694 5.809831 5.866964 5.759783 5.431511 4.949192 4.069751 3.056056 1.419598
4.167523 4.488357 4.850339 5.173554 5.28757 5.149611 5.450867 5.938517 6.157128 6.440196 6.887398 7.524384 8.3238 8.831357 9.390003 9.6626 9.598646 9.364239 9.325199 9.141091 9.079793 8.93242 8.665276 8.625664 8.274014 7.493538 6.886475 6.439717 6.305096 6.373882 6.394163 6.193984 5.842526 5.647059 5.560825 5.161382 4.506488 3.944755 4.116268 4.530816 4.969223 5.186204 4.876871 4.534052 4.313415 4.798331 5.371276 5.876867 6.219839 6.600212 7.024547 7.291475 7.185814 6.943661 6.714532 6.827656 6.726858 6.288696 5.677291 5.182306 4.425616 3.137813 1.316249
4.320891 4.472487 4.759645 5.034461 5.081222 5.242715 5.587371 6.02505 6.337279 6.766227 7.278533 7.973354 8.662644 9.228605 9.660998 9.838198 9.662132 9.685412 9.322148 9.118989 9.226148 8.948094 8.585193 8.102442 7.830064 7.308273 7.153706 6.979063 7.013055 7.077745 6.884046 6.375957 5.834251 5.551111 5.211801 4.618127 3.97701 3.867811 4.2667 4.604405 4.917766 4.802068 4.71038 4.730558 5.124388 5.846336 6.23728 6.172345 6.614851 7.073021 7.644079 8.156394 8.264107 8.230321 8.001835 7.799577 7.146631 6.244094 5.508479 5.087907 4.31475 .8740672 .9657572
4.770246 4.778499 4.86291 5.060425 5.277864 5.680481 6.205907 6.510211 6.851444 7.349741 7.929152 8.520507 9.015243 9.387869 9.437947 9.632068 9.39989 9.328723 9.140321 8.995008 8.806279 8.506863 7.819789 7.621626 7.744107 7.840082 7.675661 7.648649 7.764469 7.585839 6.994934 6.297753 5.729705 5.252077 4.809021 4.265785 3.798895 3.922278 4.476863 4.746935 4.923657 5.074281 5.330894 5.796254 6.318305 6.974722 7.165064 6.935189 6.935784 7.410914 7.864786 8.48206 8.919564 8.824604 8.35808 7.609523 6.609049 5.648983 5.092495 4.859955 4.165283 .6080654 .4045211
5.302032 5.408166 5.546804 5.654621 5.846706 6.273616 6.753428 7.198039 7.490632 7.790638 8.261094 8.874356 9.232944 9.234476 9.071054 8.721362 8.418096 8.515604 8.426016 8.318003 8.454206 8.256886 7.598665 7.426434 7.856705 7.888817 7.927977 8.035095 8.27703 7.911243 7.127582 6.414928 5.739915 5.225007 4.705413 4.136174 3.773397 4.30563 4.748871 5.114269 5.421483 5.882094 6.401096 7.071577 7.480528 7.850959 7.937219 7.594054 7.443975 7.782001 8.296999 8.533092 8.754034 8.174863 7.282785 6.496808 5.635601 5.077895 4.813612 4.697949 4.069321 .4858586 .1589125
6.004554 6.190815 6.311157 6.594624 6.690635 6.820899 7.151482 7.517203 7.628345 7.885964 8.337149 8.845381 9.001936 8.618992 8.111606 7.634951 7.493753 7.621672 7.660356 7.771536 7.985281 7.91828 7.156763 7.260582 7.70161 7.803013 8.105844 8.630584 8.563208 8.055571 7.089915 6.182579 5.336425 4.6281 4.195548 3.841858 3.867989 4.71121 5.261584 5.828899 6.272685 6.841532 7.479814 8.116165 8.38001 8.405765 8.185192 7.8817 7.875939 8.287226 8.679545 8.603177 8.265668 7.208872 6.087708 5.383254 4.962345 4.739591 4.710134 4.73415 4.009626 3.421707 .1933943
6.737302 6.879863 6.853874 7.040095 7.03262 7.035306 7.234775 7.345989 7.599589 7.851704 8.283474 8.563354 8.363219 7.959158 7.366609 7.055062 6.899978 6.64466 6.813122 7.247119 7.454919 7.457408 6.918601 6.776636 7.16279 7.671622 8.451655 8.745655 8.559946 7.459626 6.074143 4.927542 4.228859 3.860749 3.934033 3.940165 4.265143 5.192431 5.914208 6.56598 7.080283 7.74437 8.268162 8.627268 8.450005 8.2435 7.815794 7.540148 7.67814 8.268204 8.735276 8.769753 7.715334 6.460794 5.39752 4.759125 4.464523 4.431859 4.476773 4.422031 3.426619 3.089167 .3127127
7.079021 6.991052 6.84833 6.925924 6.955514 6.951657 7.041088 7.147652 7.560837 8.001225 8.322279 8.58362 8.277885 7.903604 7.717903 7.219828 6.67083 6.439929 6.531861 6.739201 6.972353 7.088684 6.797418 6.720282 7.308761 8.038997 8.602333 8.834033 7.688823 6.363378 5.161834 4.415321 4.058433 4.101828 4.264326 4.40236 4.695668 5.64077 6.521861 7.232817 7.758073 8.365915 8.575191 8.572041 8.187248 7.769275 7.372425 7.065491 7.429852 8.129264 8.399756 7.838882 6.679009 5.541662 4.790165 4.417732 4.251174 4.268194 4.366868 4.112598 2.906554 3.249683 2.798926
