py_wake/examples/data/AJ_ParqueFicticio/Rough survey   Sector 3   Height 200m   Power density.grd
DSAA
73  159
 258469   265669
 6501692   6517492
 72.52728   915.5396
[rows 28 to 55 of 159, columns 0 to 62 of 73]
195.1378 195.4735 195.7005 195.8655 196.06 196.3756 196.5236 196.6783 196.8096 197.3471 198.1986 198.9485 199.3896 199.2742 199.1986 199.0589 198.874 199.0005 198.7578 198.507 198.0999 197.2335 196.5006 194.7707 192.2774 188.4842 184.9435 183.4011 183.1431 182.7828 182.0763 180.3519 175.4701 169.0874 165.7831 169.3882 171.557 169.6484 167.6516 161.8868 158.382 158.8624 160.775 164.0071 166.244 166.7333 166.7332 170.1115 179.9694 193.5722 212.0065 237.2122 270.7213 305.1611 335.6891 374.0268 410.1592 415.0493 378.6418 324.6398 273.1862 235.2478 213.7641
195.0035 195.2842 196.004 196.2135 196.7133 196.9291 196.8705 196.9842 197.3927 197.9309 198.7416 199.2097 199.5643 199.3721 198.8917 198.6653 198.6948 198.929 198.9857 198.7237 198.2486 196.8358 195.3135 193.7676 191.3975 188.308 185.1853 183.4638 182.6681 182.124 181.2404 179.0751 174.3569 169.0925 167.1186 169.1961 169.325 167.1366 165.4972 161.7334 158.156 157.6484 158.7496 161.4066 164.156 166.7448 170.3303 177.8913 191.1981 209.0732 230.5323 258.4635 293.3878 330.6818 365.8048 402.3625 427.8099 415.1308 366.3613 307.5492 258.4174 226.2707 216.9851
194.7653 195.134 195.8424 196.2029 196.7713 196.9761 197.072 197.0888 197.4002 198.245 198.7045 198.9772 198.9187 198.309 198.0612 198.2479 198.6569 199.0404 199.2434 199.18 198.0791 196.3128 194.2681 192.5849 190.5345 188.0108 185.6161 183.7919 182.2368 181.4053 180.1807 178.279 173.4386 168.4757 166.3137 166.5845 166.785 165.6248 163.1951 161.0829 158.1262 156.0194 158.2587 161.2883 164.3291 168.5478 175.8237 187.6816 204.8128 226.0966 249.8855 279.6284 315.3753 353.7458 391.0065 422.6084 432.3899 402.2945 345.5146 287.6346 243.3624 221.4872 229.7705
194.7833 194.9899 195.3824 195.7991 196.5262 196.7076 196.875 196.8017 197.3434 197.8652 198.2515 198.4607 198.3958 197.4783 197.1769 197.8594 198.6734 199.4795 199.7154 199.0005 197.5624 195.711 193.5791 191.5513 189.6691 187.4633 185.6811 184.3227 182.1422 180.7094 179.3818 176.4473 170.9932 166.7359 165.1531 165.1399 163.8815 162.2508 160.5035 159.7544 158.1002 156.6176 158.4501 162.3258 166.9061 172.9671 182.4049 196.8002 215.1973 236.89 262.1613 294.3815 331.3083 370.0945 407.3665 429.9163 423.7259 381.8786 323.3419 269.7929 234.8206 226.3845 252.514
194.7161 195.0186 195.4981 195.8091 196.2951 196.5017 196.6716 196.9465 197.1978 197.4402 197.7668 197.8766 197.8526 196.8928 196.9889 197.6875 198.9355 199.7803 199.8657 198.477 196.728 194.9899 192.8253 190.8419 188.8903 186.7951 185.2117 183.9428 182.1638 180.3127 178.428 175.3979 170.3425 166.7279 165.4357 164.8942 162.6423 159.0975 157.6831 158.0522 158.4341 157.7297 159.5789 163.6274 169.9809 179.0915 191.0694 204.3031 220.6192 241.5477 267.2571 299.3498 336.7371 376.1426 412.2821 428.4091 410.5755 363.5174 307.1664 261.4574 237.4421 242.5041 289.4828
195.2426 195.4197 195.6657 196.2165 196.5144 196.9792 196.9419 197.1443 197.2809 197.63 197.685 197.7298 197.1988 196.4395 197.1283 198.1194 199.4072 200.0511 199.6703 198.0082 195.9141 194.0389 192.2459 190.1617 188.3505 186.6413 185.0507 184.3955 182.4684 179.85 177.635 174.7066 170.723 167.0863 164.8761 163.7426 161.3756 156.4545 154.915 155.8674 157.1194 159.5721 161.9529 166.7096 173.742 184.4099 197.7172 211.3148 226.649 246.2545 272.1846 304.4155 340.9088 378.5315 411.5457 426.0945 400.9172 353.6046 302.8503 265.3371 249.2455 270.7592 335.3744
195.4007 195.7119 195.9187 196.3748 196.5902 197.046 196.9745 197.0908 197.491 197.7087 198.1182 198.1049 197.8665 197.3859 198.0269 199.0126 200.1467 200.4758 199.0956 196.9438 194.643 192.643 190.8226 189.2163 187.7191 186.3721 185.5805 184.0383 182.1267 179.8107 176.9384 174.2918 171.1482 167.9187 164.2055 161.762 159.8417 155.8112 152.7909 152.2079 154.7196 160.5419 166.6816 173.3664 179.9063 190.6394 203.4067 218.3327 235.6 257.5549 285.5587 318.0558 353.9929 388.6542 415.7104 425.7259 399.5076 356.746 309.8696 276.6993 268.5227 312.8113 380.9221
194.9603 195.5795 195.9618 196.1543 196.512 196.6876 197.0624 197.1895 197.3929 197.7357 198.1921 198.1995 198.0467 197.7333 198.604 199.549 200.6032 200.229 198.0027 194.9903 192.374 190.5971 189.5392 188.422 187.4091 186.7285 185.624 183.8214 181.7313 179.3192 176.7249 173.8947 171.1188 168.229 164.2409 160.5245 158.5466 155.7743 151.0352 148.583 153.2071 161.2465 172.8286 183.3835 191.4774 200.5359 213.6395 231.0009 250.8057 274.9844 303.2234 337.9448 371.9906 402.2534 425.2059 431.7599 409.537 368.1276 322.5637 292.0002 304.2931 360.6215 425.3341
194.0422 194.5484 195.243 196.1407 196.9412 197.4182 197.6389 197.5405 197.6461 197.846 198.2142 198.3889 198.0716 197.6233 198.4209 199.6085 200.0554 199.4455 196.2199 192.955 190.1129 189.0134 188.4748 188.2577 187.9716 187.152 185.4621 183.5745 181.3449 179.0683 176.5056 173.6834 171.3689 169.1934 166.0469 161.6082 157.9375 154.8866 150.1524 149.6501 155.5 166.5017 181.4008 196.2134 206.9591 218.7337 238.2121 253.7033 268.5035 291.4204 318.4461 349.5144 381.0598 409.7342 432.6525 440.6192 421.3942 380.742 337.9033 317.1704 352.4605 413.6644 470.3442
192.8849 193.7008 194.6643 195.9059 197.0653 197.3926 197.1252 197.3993 197.6066 198.0484 197.9341 197.9601 197.9091 197.2303 198.0565 198.4174 198.134 197.0658 194.5834 191.3116 188.7772 188.1287 188.2267 188.4866 188.3628 187.1555 185.4261 183.3117 181.0031 178.6875 176.3513 174.4453 172.5329 170.9377 168.4634 163.8595 157.6677 153.7461 151.6086 151.6844 159.5325 174.5763 192.9597 210.3071 223.8131 239.8216 260.7669 281.1396 297.6908 306.8908 321.2848 348.6145 378.0508 407.3705 434.4213 448.2299 432.3355 396.6433 360.829 373.6689 417.9914 471.5104 506.1442
193.0915 193.7185 194.9408 195.6099 196.2808 196.6802 196.2933 196.9181 197.5575 198.0623 198.0579 198.1049 197.8124 197.7189 197.7412 197.4255 196.5626 195.2688 193.3393 191.0889 188.4279 188.4145 188.8234 189.1182 188.7121 187.3228 185.297 183.2539 181.0252 178.4438 176.2182 175.614 174.3751 173.047 170.6935 166.0556 158.1761 154.2959 153.1087 155.4941 165.9032 183.467 205.2596 226.0361 239.0739 252.0309 274.2798 294.1068 308.832 316.31 319.0112 344.8362 375.4794 407.5639 437.8831 457.2565 449.0175 420.7209 414.8798 446.0233 484.6485 519.127 522.0728
193.8003 194.5898 195.4193 196.2395 196.4682 196.7283 196.8885 197.1673 197.7282 198.6806 199.2418 198.9865 198.7805 198.0315 197.5953 196.8396 196.212 195.3471 193.8202 192.0046 189.9429 189.7374 190.0797 190.3309 189.0973 187.2379 185.4579 183.5387 181.3729 179.1558 177.7356 176.9264 176.4486 175.0893 173.5194 168.8813 162.2749 157.2621 155.9022 161.8788 175.1913 194.8717 217.8799 240.115 255.0515 263.4289 284.7211 303.1326 317.6213 330.6927 340.7595 353.2142 384.3106 419.5865 452.1613 475.025 472.3376 452.3607 482.6526 510.7554 533.0545 536.2684 512.1667
193.5817 194.4805 195.7415 196.7275 197.3627 197.5235 197.5651 197.8204 198.4208 199.1761 199.8319 200.1311 198.9012 197.67 197.0477 196.6972 196.2484 195.46 194.4927 192.9312 191.667 190.8738 190.8178 190.5452 188.6282 186.707 185.1977 183.7841 182.519 181.3336 180.2334 179.2805 178.4383 177.8724 176.6611 173.5006 170.4897 169.2752 171.8761 183.3131 199.4862 219.0493 237.849 253.8208 269.8564 283.3804 299.5634 314.7712 329.1635 348.6098 373.8153 395.1445 413.9225 440.2398 471.7542 493.7001 497.9053 488.0533 536.172 553.3124 542.9541 519.1367 480.8962
194.2431 194.9289 195.4368 196.3697 197.1494 196.8873 196.6168 197.1077 197.9091 198.9638 199.7358 199.5424 197.4472 195.8868 195.5397 195.5858 195.5717 195.5249 194.4469 193.1615 192.6735 192.332 191.4425 190.6911 188.889 186.2492 185.7201 185.19 184.8656 183.5224 182.9133 182.3691 181.8922 181.5702 180.8238 182.7617 183.8896 184.0013 193.462 208.9845 228.3772 249.5773 267.8036 282.6538 294.6945 305.7502 313.5934 323.7819 340.6588 365.5863 396.0353 427.5181 447.8986 457.274 480.5004 504.7846 516.1035 518.197 553.1719 551.2617 523.1124 483.8109 441.4514
194.8591 195.3008 196.0259 196.1682 196.3657 196.6406 195.9203 195.9108 196.8338 197.6619 198.0322 197.8022 196.4844 194.9436 194.7903 195.08 195.3086 195.1383 194.1177 192.6196 192.2415 192.5213 192.9837 191.9261 189.8638 187.6648 187.1199 186.8084 186.4194 185.4993 184.9689 184.3544 184.8163 185.1767 188.7248 192.7727 195.1895 199.8293 212.5038 228.4706 245.75 264.9618 281.5346 297.5971 307.7001 311.392 311.4306 316.4176 334.3552 361.4551 394.4717 422.4826 439.9553 447.6489 474.7737 505.9742 526.2391 523.3111 532.7979 516.7534 480.0819 438.9098 399.5385
194.7644 195.7326 196.3996 196.7722 196.9415 196.1483 194.7 194.74 196.4311 197.609 198.0038 197.5405 196.6665 195.818 195.4027 195.1074 194.8297 194.489 193.5081 191.7619 191.6402 193.0096 194.4213 193.4999 191.3918 189.5691 188.5928 188.0603 188.0282 187.3132 186.7578 187.1342 188.6185 192.1248 196.2356 200.9129 204.744 210.9165 222.0473 237.2781 252.5454 268.4368 284.8249 296.7204 299.2281 293.8573 288.5389 296.6856 317.6589 344.2725 371.0509 392.5219 406.8512 428.8387 468.8152 510.1272 534.2381 523.0554 493.0899 462.4197 421.9418 386.369 355.6597
193.9799 194.7608 195.7801 196.4953 195.9323 194.861 193.7313 194.1302 196.0528 197.6808 198.8313 198.3619 197.3768 196.0989 195.216 194.6441 194.1602 193.2157 192.2243 191.1895 191.2347 192.8852 194.1937 194.1424 191.18 189.9695 189.8015 190.2955 190.1162 189.5068 189.0178 190.3402 195.187 198.27 202.791 207.1645 212.1988 217.9574 228.017 239.7121 252.7173 267.707 280.756 285.0926 278.819 267.3619 268.7628 277.7895 302.298 326.9469 348.3888 366.9429 389.119 430.1512 479.0978 523.9763 538.3854 509.7897 458.8999 402.5435 355.6614 328.4038 312.0738
193.5156 194.5692 195.078 195.6243 195.4115 194.5079 194.2312 195.1783 196.5382 198.05 199.4441 198.9176 197.6403 195.9715 194.9943 194.302 193.7971 192.822 191.7122 190.9775 191.6736 192.639 193.5008 192.827 191.0601 189.7753 190.5299 191.366 191.2934 189.8264 190.5515 196.5378 199.3023 202.7779 207.1632 211.558 217.5039 223.6668 232.2664 240.6485 252.0282 264.3865 272.1079 271.8308 266.9198 265.3888 274.7924 291.8466 313.3105 332.4588 351.5952 378.0821 419.0997 474.0076 526.4745 550.3262 531.2018 485.7927 426.1325 373.3088 331.4574 300.2002 279.988
192.8184 194.2379 194.7337 195.0158 195.2962 195.5223 196.165 197.3432 198.222 198.6351 199.5725 198.6094 196.8747 195.4673 194.3367 193.7913 193.2214 192.5978 191.8032 191.8619 192.0904 192.9734 193.7311 192.6739 191.5641 190.7125 191.1921 191.792 191.6521 190.3206 191.9561 198.2587 202.1887 206.7569 212.2148 216.3569 221.7908 228.537 235.3837 244.771 255.404 264.6844 272.9247 279.7856 288.6727 300.2136 310.869 323.7856 336.4271 353.7426 377.3882 418.7879 477.6078 541.4952 578.9659 565.2976 509.2116 451.9083 392.5258 344.4489 310.7994 287.7848 272.0251
191.7943 193.1627 194.0316 193.8022 194.5082 196.1271 197.7106 199.06 200.3259 200.3044 199.3498 198.0465 195.5345 193.3122 192.1263 192.3054 192.3824 192.5318 192.663 191.9993 192.5814 193.5265 194.1591 194.0661 192.0792 190.8749 190.6628 191.1658 191.2271 191.2189 193.0959 198.9717 205.3395 210.31 216.8765 223.4147 228.5208 235.4339 242.691 251.9848 262.79 274.3842 287.0395 298.8835 310.4299 319.6957 324.6866 328.8826 337.9104 361.2485 402.8875 465.6 535.5458 585.9176 593.6193 542.0598 473.0117 417.2207 363.4907 321.5032 293.4557 273.241 260.1776
191.3244 191.9737 192.7258 192.7756 193.9752 196.1639 198.2826 200.1943 201.2874 200.4539 198.6908 196.7396 193.704 190.7718 190.0339 190.48 191.1261 191.8089 191.8046 190.4667 191.0085 192.164 192.8866 192.3658 189.9151 188.4943 189.0709 190.0325 191.2502 192.8996 195.9839 202.5985 208.7699 215.159 222.4111 229.7787 236.7801 243.7214 251.356 259.9216 270.9664 282.296 294.1613 304.7665 312.7451 315.8934 315.0344 322.3745 343.9236 384.2522 445.633 515.353 571.7007 590.4197 560.4672 489.3671 430.0834 382.8491 337.649 304.0211 280.3873 262.5737 248.4062
191.182 192.0344 192.1037 192.4437 194.3232 196.549 199.0164 200.316 200.7178 199.4648 196.6366 194.2759 191.6348 188.9059 188.6314 190.125 190.7244 190.5491 190.097 188.759 189.2048 189.9499 190.2775 189.5385 188.1693 186.9609 188.2596 190.2775 191.9102 194.2892 197.9221 206.8002 213.1442 220.2796 228.3398 236.8306 243.676 250.2013 257.5345 266.0775 276.225 284.9767 294.0362 301.6342 306.1499 308.2358 316.8476 340.8034 380.1649 433.8198 495.957 550.0748 574.2855 552.864 495.7527 428.9453 388.811 349.3999 312.3456 287.2555 268.851 253.5561 242.0853
190.7525 191.9737 192.7766 193.6953 195.6693 197.5788 199.8978 200.7441 200.0036 198.3784 195.323 192.0808 189.4234 189.0588 189.7108 190.6642 191.1306 190.5034 189.1036 188.1475 188.4917 189.0607 189.4629 188.8376 188.8163 189.7617 190.2419 191.4179 192.8924 196.0556 199.1423 205.9566 212.7811 219.3168 229.7373 240.0193 247.0732 253.5274 262.1883 270.2052 279.3744 287.9915 294.9809 301.9514 310.6151 323.9028 348.21 383.1439 425.9782 473.6355 518.0823 547.9906 540.3714 490.8307 423.7482 387.7108 353.3647 321.8772 291.9531 270.8757 257.9868 248.3932 239.0431
190.0991 191.8108 193.4453 194.9642 196.9518 199.0154 200.4545 200.3205 199.4518 197.564 194.7305 191.8917 190.2122 189.7828 190.1291 190.6802 191.1041 190.4446 189.7218 190.0447 189.99 189.6952 189.3675 189.0247 190.1294 192.1929 192.6499 192.8932 194.7828 197.8625 201.3797 202.8994 209.5183 216.858 228.6221 240.379 247.763 255.9912 265.4135 275.128 285.0864 294.7017 304.5893 316.1649 332.5972 355.7663 385.9957 418.8966 451.7533 482.8863 505.6515 515.3664 489.4269 427.7246 382.0279 354.9651 327.5271 301.9892 277.0485 258.8727 248.1791 243.8112 239.8501
189.8709 192.0189 193.4729 195.3367 197.2867 199.1474 200.1051 199.7399 198.8671 197.3875 195.2204 192.9888 191.1339 190.7834 190.7733 190.503 189.8098 188.8855 189.3333 191.0889 192.0686 191.5917 190.5419 190.2576 191.8533 193.5128 194.3898 194.9182 196.6748 199.5321 203.0691 204.579 207.3889 216.8987 228.6924 240.0307 250.9027 262.5898 271.1101 280.8918 292.5862 304.0649 318.5055 333.9631 355.2534 381.8658 409.255 433.1604 454.5797 471.8273 481.7784 475.7103 437.9928 377.4312 347.8281 329.4811 311.3823 290.812 268.235 250.6273 241.1267 237.7016 237.3747
190.7013 192.5961 194.1179 196.2285 198.1995 199.4633 199.8554 199.4895 198.2223 197.2003 195.5733 193.7364 191.9789 191.3134 191.2674 190.897 189.5896 188.1961 188.6868 190.7355 192.2684 192.1569 191.2403 191.8615 193.421 195.2199 195.2642 196.3364 198.4171 201.4462 204.7988 207.8932 211.4659 223.7269 234.679 249.614 265.487 275.2672 282.8913 295.0679 304.7574 316.8625 332.874 350.5926 373.1102 397.5043 418.5403 435.0661 449.722 459.5381 456.7084 435.3944 393.0425 349.7426 320.8517 307.1199 300.528 288.0526 267.0955 245.1487 233.7585 230.4452 232.4296
192.246 194.0948 195.4608 197.0569 198.9784 200.3798 200.0887 199.3852 198.212 197.1974 195.9234 194.5234 192.8039 191.3756 191.0321 190.7382 189.6249 188.9909 189.4764 190.2889 190.7363 190.0696 190.0494 191.9076 194.2883 195.4178 195.6493 196.1909 198.2104 203.1566 209.171 214.3813 222.5462 234.5963 249.0479 265.5204 282.1151 294.103 300.1424 310.0985 321.0591 334.6671 347.7489 364.4958 384.6 405.6849 422.7917 436.0242 444.4785 445.5013 427.9969 394.621 366.6904 327.2311 297.6806 290.6433 291.7144 287.5358 267.0643 242.7199 225.0044 221.9759 226.9314
193.6288 195.422 196.7726 198.7555 199.9562 200.3811 200.2645 199.0743 198.055 197.1037 196.0824 195.0527 193.6097 192.0156 190.9591 190.5477 190.8003 190.4075 191.1146 191.5661 190.6091 188.951 189.701 192.0995 194.1493 195.3026 195.8142 196.1873 199.1711 207.8122 217.674 227.0683 239.2659 253.0558 267.2661 283.2077 300.5257 312.6865 315.9311 323.2653 338.8841 350.1024 363.8136 375.8181 390.1187 409.1222 425.7868 433.5134 433.835 422.4475 397.8918 369.6868 346.2178 307.9146 279.5424 277.3416 285.2286 285.6767 265.842 239.5406 218.0692 213.3743 219.3055
