py_wake/examples/data/AJ_ParqueFicticio/Rough survey   Sector 11   Height 30m   Weibull-A.grd
DSAA
73  159
 258469   265669
 6501692   6517492
 .2253106   10.82494
[rows 28 to 55 of 159, columns 0 to 62 of 73]
6.200718 6.166049 6.135787 6.119203 6.117445 6.121077 6.129281 6.132918 6.110098 6.114471 6.143992 6.181643 6.229768 6.270759 6.296865 6.320144 6.346493 6.355587 6.35944 6.336909 6.276238 6.230152 6.27024 6.327739 6.374737 6.354985 6.287024 6.187381 6.194251 6.192815 6.190706 6.178343 6.088511 5.787044 5.623677 5.820922 5.951319 5.976308 6.089212 5.871718 5.42377 5.281769 5.441041 6.068626 6.629051 6.876482 6.884158 7.005199 7.285506 7.462225 7.358426 7.471706 8.12557 8.507347 7.475799 6.948838 7.302721 7.665883 7.273229 6.419516 5.881218 5.684318 5.181413
6.19097 6.168221 6.137005 6.119386 6.109406 6.09292 6.098577 6.123227 6.125554 6.12225 6.124998 6.147885 6.20155 6.305669 6.325631 6.334757 6.344638 6.353951 6.356308 6.337662 6.282412 6.21414 6.249667 6.303233 6.341756 6.330038 6.27457 6.238155 6.21281 6.219542 6.221209 6.191348 6.02846 5.66984 5.481501 5.75889 5.971677 5.98798 6.020563 5.877311 5.500808 5.341021 5.517765 5.814989 6.240063 6.726033 6.931985 7.146709 7.651662 8.038201 8.006331 7.864515 8.130851 8.753325 8.373981 7.720273 7.692379 7.728673 7.235164 6.625257 6.26388 5.734608 5.324347
6.16172 6.141869 6.120008 6.09364 6.07811 6.077218 6.075969 6.110791 6.118856 6.102132 6.125681 6.11464 6.118807 6.257188 6.302327 6.319975 6.336289 6.346349 6.341639 6.298488 6.270911 6.24803 6.254666 6.288032 6.302538 6.307875 6.287137 6.245459 6.211367 6.202784 6.193246 6.194467 5.974564 5.627784 5.600233 5.815465 5.902522 5.920266 5.98567 5.945493 5.686347 5.409209 5.492931 5.811325 6.019159 6.229578 6.567094 7.038475 7.601752 8.252348 8.624624 8.938279 8.875526 9.101883 9.161688 8.490576 8.142613 7.463745 6.870736 6.333848 5.935147 5.383961 5.72823
6.138071 6.10534 6.085604 6.073398 6.055357 6.055438 6.051709 6.121811 6.108902 6.100334 6.081997 6.069293 6.071436 6.181476 6.27054 6.30246 6.32339 6.338017 6.300076 6.27701 6.2698 6.264969 6.264516 6.276372 6.279999 6.289228 6.27082 6.264819 6.184605 6.15494 6.162112 6.210823 6.113967 5.834311 5.801091 5.79448 5.803519 5.793358 5.888313 6.048079 5.831257 5.515203 5.446263 5.688808 6.017366 6.159474 6.225175 6.452079 6.971798 7.743698 8.546657 9.281636 9.693627 9.750032 9.730906 9.250512 8.597631 7.509381 6.567704 6.031399 5.472406 5.174319 5.947912
6.064317 6.061954 6.058448 6.054469 6.048296 6.050576 6.083292 6.073001 6.070229 6.062427 6.047639 6.038425 6.028513 6.082781 6.187798 6.242088 6.276045 6.313404 6.279604 6.262634 6.264456 6.269303 6.268797 6.262782 6.267852 6.250077 6.246922 6.235774 6.167989 6.099076 6.133351 6.145637 6.051459 5.908352 5.80366 5.811447 5.770525 5.659913 5.799876 5.989664 6.00618 5.681568 5.450641 5.450552 5.763647 6.235701 6.551557 6.467111 6.392289 6.637111 7.215158 8.053682 8.968766 9.730629 10.07414 9.752598 8.880717 7.729481 6.652627 5.908472 5.139329 5.222878 6.241625
6.051932 6.048315 6.046926 6.042546 6.076187 6.069839 6.078876 6.06357 6.060785 6.044335 6.034194 6.026175 6.027001 6.031243 6.105264 6.157186 6.219673 6.2752 6.255066 6.262969 6.269784 6.27286 6.270823 6.261053 6.258882 6.24075 6.186703 6.174601 6.156363 6.111317 6.116135 6.104626 6.032696 5.912345 5.811561 5.835387 5.849752 5.617741 5.67412 5.809411 6.034087 5.96469 5.646207 5.275725 5.290166 5.858814 6.569345 6.891769 6.775826 6.770391 6.812938 7.002944 7.541122 8.423915 9.639168 10.06818 9.095734 7.923649 6.831425 5.925898 4.947225 5.173208 6.613243
6.103859 6.08117 6.089355 6.062407 6.052645 6.041279 6.057054 6.058836 6.050798 6.042431 6.029664 6.026715 6.030191 6.001602 6.039417 6.106158 6.17741 6.231151 6.236007 6.247676 6.261882 6.252928 6.253458 6.244808 6.230475 6.204123 6.14253 6.13536 6.136199 6.130911 6.112082 6.090734 6.046029 5.930541 5.785645 5.740849 5.933424 5.717515 5.593222 5.648463 6.052391 6.192067 6.030015 5.434195 4.88356 5.282988 6.199658 6.847664 6.976902 7.311269 7.608501 7.864467 7.834668 7.990524 8.835258 9.844337 9.702651 8.470802 7.241454 6.22075 5.266222 5.255324 6.534508
6.120804 6.114418 6.083113 6.067578 6.049578 6.039732 6.028804 6.020629 6.027345 6.023561 6.009168 5.989803 5.968693 6.012602 6.041598 6.061202 6.10033 6.206939 6.192787 6.205889 6.22509 6.222604 6.217294 6.213511 6.204347 6.164696 6.125304 6.124869 6.11896 6.119478 6.103049 6.075161 6.045991 5.974419 5.845636 5.676765 5.763384 5.802435 5.626162 5.646282 6.002722 6.305426 6.323501 5.875685 4.828938 4.507301 5.605554 6.648438 7.097517 7.431214 7.995562 8.872297 9.223692 9.198308 9.446797 10.03392 9.954473 9.024124 7.775702 6.471778 5.958704 5.949125 6.578499
6.120957 6.093801 6.061712 6.0417 6.037085 6.053125 6.00578 6.020133 6.026031 6.018988 5.978467 5.95008 5.926517 5.975718 6.003911 6.004186 6.01033 6.057884 6.152491 6.125016 6.173377 6.17544 6.172763 6.171199 6.185695 6.13425 6.126226 6.114624 6.105496 6.100566 6.094989 6.061468 6.005824 5.993273 5.862363 5.67348 5.584545 5.70269 5.615494 5.619473 6.107375 6.698071 6.849818 6.516255 5.22918 3.979352 4.457436 5.902481 6.861353 7.448839 7.864347 8.898543 9.899667 10.26243 10.27514 10.49685 10.16092 9.062326 7.740745 6.569236 6.85886 7.044803 7.228713
6.043993 6.035087 6.018052 5.998697 5.975344 5.9873 6.069706 6.062383 6.02584 5.995504 5.980851 5.94547 5.903186 5.942461 5.942925 5.941119 5.947426 5.94215 6.002789 6.033343 6.072178 6.101287 6.094199 6.102851 6.165954 6.128572 6.116231 6.097351 6.086563 6.057884 6.043716 6.034738 6.010283 5.992266 5.914208 5.697658 5.387979 5.53534 5.56728 5.454799 6.022359 7.055371 7.684524 7.697873 6.613505 4.396215 3.532662 4.431911 5.713072 6.710566 7.264295 8.004571 9.217654 10.12051 10.59345 10.82494 10.44004 9.063462 7.492001 6.746263 7.300195 7.85312 8.037535
5.968192 5.989953 5.976961 5.973467 5.959723 5.94332 6.019017 6.022908 6.010349 6.010546 6.012226 5.987646 5.936253 5.862934 5.886881 5.902961 5.92535 5.94413 5.978215 5.955937 5.897984 5.963255 6.003242 6.044358 6.116354 6.097243 6.098298 6.081278 6.05153 6.009257 5.962638 6.012047 6.006063 5.966683 5.927797 5.78922 5.382505 5.24699 5.218756 5.407261 5.76512 6.73041 7.858529 8.492721 8.242204 6.057308 4.127501 4.153184 4.377989 5.391874 6.233557 6.659367 7.551528 8.635317 9.931639 10.64165 10.41945 9.059635 7.319038 6.662799 6.920897 7.948138 8.429557
5.981505 5.978912 5.981754 5.988574 6.016199 5.998657 5.933098 5.971171 5.995159 6.012391 6.02532 6.017522 5.899981 5.87202 5.892323 5.922644 5.942203 5.977947 6.026822 5.947202 5.827204 5.862598 5.915293 5.975768 6.058603 6.084365 6.072564 6.052712 6.030133 5.966273 5.902225 5.933406 5.942472 5.927962 5.897401 5.738156 5.343298 5.077035 4.915569 5.313271 5.699416 6.365793 7.312608 8.426039 8.966124 7.733167 5.793768 5.326753 4.749033 4.964067 6.033132 6.758026 7.356751 7.995914 9.114377 10.2105 10.57918 9.209332 7.24492 6.266613 6.390357 7.112083 8.226148
5.948472 5.98013 5.985328 5.973589 6.007896 5.994964 5.989799 6.007344 5.997392 5.981962 5.978959 5.959759 5.93815 5.941952 5.929503 5.917315 5.927935 5.94893 5.973668 5.975407 5.898425 5.884488 5.87449 5.88739 5.992881 6.023076 6.007941 5.989862 5.966332 5.909843 5.876515 5.900878 5.905278 5.895407 5.878932 5.711878 5.33815 4.91677 4.819644 5.248155 5.737886 6.356784 6.959239 8.036204 8.868713 8.531672 7.014859 6.707244 6.341084 5.645738 6.22069 7.172029 7.96917 8.537975 9.300804 10.22709 10.40354 9.558614 7.646585 6.172079 5.641058 6.218568 7.298405
6.021918 6.010701 6.007758 5.951097 5.91357 5.946217 6.025971 6.030173 5.987619 5.94191 5.890023 5.875143 5.907478 5.923005 5.900471 5.886511 5.873794 5.863712 5.912873 5.962163 5.968674 5.94912 5.948111 5.881011 5.816621 5.877948 5.896144 5.898401 5.896264 5.857086 5.861183 5.876977 5.88241 5.865772 5.876013 5.747103 5.271096 4.676505 4.654093 5.080893 5.682664 6.302236 6.805363 7.778687 8.595799 8.660698 7.655306 7.157896 7.243222 7.05371 6.935151 7.27132 7.97142 8.769296 9.64043 10.29705 10.35433 9.819199 8.360193 6.653034 5.277269 5.118245 5.902288
6.113926 6.093812 6.054863 5.99758 5.887132 5.866416 5.961722 5.984313 5.941684 5.902101 5.853718 5.815375 5.807127 5.833385 5.844283 5.831853 5.812874 5.798056 5.820187 5.926382 5.96835 5.987115 6.016418 5.996984 5.773139 5.704683 5.755463 5.776753 5.796581 5.829839 5.832055 5.824573 5.841694 5.842684 5.829841 5.707247 5.328188 4.669597 4.386444 4.800713 5.370283 5.873977 6.340247 7.178904 7.778724 8.255743 7.623688 6.948982 7.532322 7.637897 7.62308 7.729554 8.157079 8.679698 9.330559 9.986227 10.25759 9.969549 9.113043 7.597867 6.035968 4.703133 4.746094
6.167221 6.151497 6.150535 6.1392 5.93769 5.75781 5.800256 5.935622 5.911946 5.90105 5.910123 5.859895 5.80392 5.76883 5.783801 5.786093 5.774555 5.748137 5.738147 5.809796 5.906512 5.917329 5.921707 5.936642 5.833982 5.745022 5.73171 5.717945 5.7011 5.728957 5.76379 5.765288 5.737308 5.759199 5.790002 5.611777 5.318584 4.861159 4.341603 4.286457 4.73291 5.289747 5.596728 6.400925 6.994751 7.243871 7.041084 6.472832 6.683488 7.010393 7.15626 7.303584 7.715209 7.869331 8.420511 9.333934 9.800141 9.978135 9.292248 8.15718 7.05301 5.625528 4.533824
6.193161 6.196145 6.18795 6.2054 6.165234 5.973525 5.784216 5.815856 5.839901 5.880427 5.937781 5.902583 5.787505 5.767225 5.778475 5.787674 5.761408 5.740395 5.725931 5.692346 5.789385 5.792227 5.779383 5.8318 5.822301 5.776715 5.71579 5.660347 5.639576 5.654977 5.692766 5.708723 5.673352 5.700047 5.755874 5.59109 5.384435 5.092954 4.578653 4.351095 4.252066 4.954573 5.53298 5.835997 6.195441 6.36366 6.306395 5.728298 5.534236 5.954519 6.036379 6.053939 6.603543 7.423122 7.867688 8.750265 9.145432 9.24577 9.170197 8.54859 7.687228 6.534541 5.315627
6.204274 6.176706 6.184477 6.223027 6.270524 6.144861 5.933193 5.815481 5.799922 5.816599 5.850057 5.887841 5.850049 5.831893 5.830888 5.812872 5.784158 5.776462 5.749524 5.68193 5.682704 5.713381 5.692881 5.692255 5.701845 5.701478 5.64673 5.571632 5.489601 5.480134 5.536687 5.539167 5.532613 5.513084 5.718709 5.574419 5.375801 5.140046 4.987754 4.841103 4.421348 4.710181 5.272251 5.474234 5.942688 6.296331 6.426787 6.557126 6.291913 6.333601 6.524144 6.600844 6.749823 7.501638 8.220476 8.781583 8.945947 8.374785 8.280385 8.423585 8.352928 7.879954 6.965803
6.169648 6.153584 6.188664 6.260154 6.269292 6.191487 6.031808 5.922097 5.863415 5.770368 5.759251 5.829934 5.860193 5.870661 5.858736 5.814393 5.793561 5.79575 5.797941 5.684617 5.692712 5.721314 5.75413 5.755445 5.650229 5.596304 5.602942 5.529505 5.43341 5.325013 5.341638 5.332442 5.253903 5.225248 5.488666 5.489496 5.282585 5.044669 5.040998 5.163495 5.010672 4.981475 5.325442 5.817813 6.410116 6.681614 6.752885 6.975782 7.105787 7.284392 7.393327 7.604643 7.445554 7.748645 8.397079 9.145123 9.478697 8.629718 7.497026 7.295773 7.478142 7.734041 7.853172
6.125637 6.099337 6.097304 6.235744 6.240159 6.184932 6.103986 6.036188 5.990691 5.823774 5.63231 5.720147 5.800859 5.845913 5.846776 5.791134 5.760716 5.747485 5.744381 5.758169 5.765553 5.733326 5.742662 5.740269 5.641539 5.637315 5.604817 5.510633 5.435253 5.361265 5.199106 5.235163 5.153899 4.966331 5.173509 5.20894 5.079695 4.875991 4.755786 5.052135 5.186334 5.249114 5.463774 5.723058 6.206794 6.694235 6.645219 6.790866 7.033113 7.127366 7.268922 7.795092 8.079352 8.156308 8.339972 8.8855 9.783844 9.849743 8.67424 7.410917 6.491396 6.409911 6.910881
6.106117 6.082586 6.064242 6.141402 6.19605 6.159033 6.114228 6.080502 6.064702 5.989731 5.73075 5.622231 5.68661 5.718913 5.78124 5.743897 5.711873 5.65961 5.639438 5.76359 5.755332 5.690606 5.621428 5.603436 5.634254 5.619885 5.564719 5.497425 5.459255 5.405442 5.300398 5.325612 5.289925 5.00983 5.079692 5.130663 4.903298 4.751144 4.466349 4.68312 4.906214 5.029294 5.168108 5.627219 6.097217 6.459679 6.556561 6.48646 6.579927 6.75215 6.894525 7.260438 7.865801 8.209725 8.273262 8.17962 9.008703 9.827991 9.848346 9.524607 7.959214 6.27416 5.715045
6.149222 6.140579 6.115327 6.090934 6.114316 6.123533 6.117041 6.107806 6.096961 6.108289 5.984482 5.726985 5.62236 5.681115 5.694545 5.710901 5.703306 5.654151 5.572309 5.63111 5.667373 5.626702 5.594163 5.616396 5.658935 5.584286 5.524445 5.508473 5.470415 5.373103 5.28882 5.256354 5.28832 5.151807 5.126671 5.098434 4.938811 4.751347 4.419209 4.420985 4.439512 4.682291 4.803313 5.068316 5.379021 5.936852 6.14412 6.619246 6.787806 6.976848 7.203963 7.28312 7.554584 7.877621 7.960158 7.444732 7.707546 8.521631 8.982072 9.826944 9.956973 8.50267 6.698347
6.177338 6.185928 6.203184 6.09258 6.082895 6.113119 6.125529 6.136788 6.137239 6.154653 6.09637 5.985318 5.804975 5.687124 5.641789 5.679235 5.740114 5.789736 5.724776 5.623217 5.631177 5.64194 5.659121 5.706446 5.715901 5.612059 5.565852 5.538739 5.531913 5.391337 5.274819 5.129106 5.059973 5.165669 5.086344 5.043886 4.891883 4.730186 4.457265 4.339025 4.35505 4.551051 4.795448 4.869546 5.197225 5.646119 6.018143 6.370126 6.71102 7.141174 7.634754 7.73914 7.109865 7.431824 8.14534 7.428183 6.673309 7.055453 7.334462 8.583409 9.985742 10.08384 8.945434
6.150828 6.149738 6.187307 6.146326 6.093049 6.08008 6.119956 6.170779 6.165834 6.164996 6.114619 6.011298 5.839895 5.719317 5.681458 5.667908 5.683475 5.811094 5.83833 5.710718 5.702693 5.6945 5.690697 5.745419 5.736917 5.690936 5.664322 5.652287 5.538616 5.488026 5.402043 5.229612 4.956462 4.934772 4.903375 4.811703 4.669517 4.62527 4.424346 4.195901 4.226335 4.320649 4.779231 4.929609 5.142643 5.57579 5.84247 6.163201 6.662161 7.034806 7.570322 7.789684 6.987991 6.672361 8.064391 8.270564 6.865134 6.044033 5.97322 6.704677 8.609197 9.849293 9.898503
6.111959 6.099462 6.151339 6.130857 6.097507 6.064998 6.079613 6.156197 6.151173 6.14801 6.092342 5.987552 5.893282 5.804544 5.754752 5.704837 5.620538 5.668733 5.790583 5.747931 5.751941 5.777762 5.7323 5.741139 5.757467 5.736518 5.737615 5.712447 5.671488 5.618744 5.586952 5.477231 5.259958 4.960396 4.968434 4.814197 4.489305 4.315128 4.405549 4.293268 4.026113 3.786225 4.187992 4.474591 4.788107 5.334337 5.798159 6.018294 6.472458 6.846248 7.573797 7.835042 7.088907 6.053985 7.207084 8.894135 8.318708 6.595769 5.260993 5.243587 6.905694 8.556213 9.35273
6.102533 6.102661 6.107641 6.092557 6.090647 6.088873 6.106596 6.101848 6.123675 6.114079 6.082201 6.013778 5.932006 5.872907 5.842893 5.807568 5.703479 5.675104 5.680785 5.670166 5.66326 5.830706 5.838457 5.779967 5.782436 5.750926 5.765561 5.775655 5.796038 5.814889 5.767084 5.586641 5.340271 5.31214 5.434858 5.258741 4.669738 4.267322 4.388642 4.556324 4.362894 3.827024 3.688786 3.89186 4.292132 4.808583 5.307106 5.693707 6.143077 6.61586 7.518664 8.186772 7.508482 5.95271 6.073345 8.413065 9.278687 8.370996 6.233634 4.761694 5.427005 7.32954 8.542466
6.127045 6.091795 6.073885 6.08455 6.090822 6.101408 6.103005 6.097755 6.103559 6.09643 6.078357 6.031136 5.96824 5.902864 5.870331 5.90573 5.828174 5.715629 5.695534 5.651224 5.563923 5.622128 5.818161 5.776531 5.740928 5.803106 5.789483 5.79632 5.928443 6.107696 5.992613 5.605152 5.319213 5.451452 5.759517 5.948795 5.522236 4.614655 4.058389 4.84101 4.974556 4.474182 4.030237 3.686773 3.916566 4.449987 4.799879 5.226246 6.021965 6.518036 7.181661 8.026941 7.744436 6.297222 5.618457 7.125325 8.843248 9.229505 7.785736 5.5147 4.872943 6.37294 8.09531
6.09473 6.10305 6.107585 6.100626 6.101913 6.111277 6.101567 6.105705 6.09726 6.088007 6.075269 6.046316 6.00366 5.909084 5.811449 5.882001 5.861773 5.797031 5.773924 5.752792 5.647 5.542209 5.65654 5.673638 5.690776 5.755753 5.742295 5.749763 6.014166 6.309949 6.448981 5.903574 5.285529 5.481696 5.769672 6.221094 6.173572 5.340708 4.120936 4.391174 5.191657 5.067078 4.714711 4.17938 4.008267 4.420597 4.614018 4.686317 5.464991 6.09634 6.834359 7.61537 7.567294 6.415502 5.462708 6.505667 8.042247 8.65371 8.095226 6.544029 4.926746 5.881116 8.096435
