py_wake/examples/data/AJ_ParqueFicticio/Rough survey   Sector 3   Height 30m   Weibull-A.grd
DSAA
73  159
 258469   265669
 6501692   6517492
 .05429767   11.80528
[rows 112 to 139 of 159, columns 0 to 62 of 73]
5.34849 5.320232 5.250498 5.59633 6.017229 6.433701 6.812881 7.311015 8.028617 8.518584 9.001245 9.504528 9.248266 8.796077 8.111529 6.818117 6.335525 7.084879 7.58515 7.302922 6.621802 6.259024 5.383953 5.370681 6.831099 7.737474 7.968372 6.809186 5.079443 3.789986 2.964911 2.718565 2.713745 3.067339 3.260633 3.416719 3.950371 4.979642 6.377196 7.280655 8.203143 8.841879 8.750009 7.42429 6.361519 5.510128 5.052448 4.660042 4.687809 5.819795 6.480169 5.828415 4.45171 3.516733 3.035152 2.967705 3.014322 3.099917 3.163955 2.857153 1.309236 1.197397 1.470063
5.012115 5.305281 5.471194 5.839596 6.22182 6.652123 7.254673 7.99004 8.570966 8.804357 9.212519 9.734101 9.472903 8.766562 7.522537 6.123389 6.465025 7.545226 7.803289 7.143043 6.479765 6.049277 5.474903 5.594664 7.11751 7.798746 7.294617 5.747443 4.358552 3.491222 2.783245 2.868319 3.227381 3.330669 3.485218 3.827891 4.562252 5.537288 6.96019 7.92426 8.789502 9.195882 8.669914 7.114779 6.071985 5.36806 5.105214 4.894616 4.813825 5.300252 5.6079 4.98748 3.91071 3.293389 2.942841 3.074331 3.114546 3.199848 3.003428 2.736333 2.327105 1.517638 1.837458
4.990822 5.508683 5.80136 6.082002 6.431404 7.000537 7.806499 8.457569 8.732903 8.875617 9.561275 9.825474 9.29394 8.054396 6.59175 5.917774 6.906333 7.854369 7.668687 6.921838 6.624536 6.215961 5.74997 5.716089 6.931262 7.4027 6.639269 5.163747 3.851744 3.185728 3.021487 3.263018 3.577929 3.640896 3.794209 4.184664 5.125531 6.464048 7.782317 8.616831 9.284717 9.324611 8.266421 6.79432 5.919529 5.461913 5.137793 4.81889 4.737952 4.740763 4.761783 4.467887 3.656196 3.269523 3.169588 3.199474 3.230727 3.197522 3.039101 2.834655 2.665696 2.378899 2.061198
5.307864 5.723617 5.994809 6.269939 6.667044 7.432382 8.183248 8.506642 8.742733 9.162609 9.824531 9.565274 8.782817 7.2211 6.223193 6.427255 7.644024 8.035192 7.722775 7.141831 6.92918 6.649136 5.902986 5.842504 6.367498 6.714416 5.893289 4.487195 3.261595 3.169175 3.406467 3.651846 3.707908 3.659802 3.878338 4.748102 5.991384 7.591572 8.714132 9.067002 9.219732 9.071511 7.834037 6.683246 5.924561 5.539275 5.087049 4.676598 4.433302 4.303979 4.223119 3.99385 3.550556 3.451968 3.426465 3.358627 3.331891 3.245967 3.134395 2.950521 2.885846 2.76765 2.662231
5.475863 5.808307 5.950075 6.221765 6.867254 7.692254 8.238593 8.514686 9.062914 9.412974 9.871562 9.449274 8.331486 7.015985 6.713746 7.327619 8.08803 8.324766 7.964983 7.552727 7.196445 6.673865 5.955383 5.612134 5.775 6.078256 5.484381 4.004894 3.300815 3.498683 3.833399 3.839171 3.499295 3.694688 4.412405 5.677255 7.385319 8.453993 9.373556 9.193396 9.086652 8.561815 7.440107 6.518716 5.839845 5.442154 4.984488 4.550647 4.16318 3.898514 3.844809 3.78335 3.634202 3.52967 3.433851 3.404223 3.335977 3.284576 3.212384 3.024157 2.947464 2.88754 2.851995
5.580611 5.730813 5.850008 6.144418 6.831183 7.588646 8.119582 8.787755 9.468162 9.977673 9.886703 9.108747 8.162269 7.221101 7.178488 7.843534 8.305386 8.517358 8.210901 7.738955 7.129646 6.357503 5.790141 5.330738 5.238287 5.40462 4.937947 3.589414 3.472308 4.267245 4.276375 3.779642 3.735124 4.808997 5.678478 6.778014 8.140482 9.370708 9.563894 9.0176 8.272229 7.501304 6.555177 5.933907 5.4241 5.066034 4.76885 4.313707 3.883512 3.560279 3.490658 3.5547 3.568342 3.416194 3.420235 3.325994 3.294543 3.278446 3.134933 2.954283 3.014122 2.875193 2.951435
5.423565 5.487655 5.711948 6.203377 6.888618 7.623874 8.352468 9.148407 9.789487 10.12185 9.581162 8.978403 7.951463 7.218472 7.332658 7.892147 8.320369 8.392667 7.795498 7.245728 6.551484 5.762987 5.273799 4.96322 5.116776 4.881267 4.368511 3.954804 4.192099 4.717417 4.431578 3.845139 4.509805 5.614632 5.791583 6.692203 8.107802 9.247499 9.489687 8.301769 7.191832 6.359604 5.398786 5.122171 4.605307 4.327018 4.013616 3.635712 3.486664 3.311606 3.288739 3.451131 3.513383 3.390259 3.419588 3.303112 3.360345 3.31861 3.177577 2.940421 2.634711 2.623104 2.652339
4.90694 5.174205 5.678288 6.425938 7.253482 8.161981 8.929833 9.549206 9.844654 9.923905 9.317563 8.407267 7.578379 6.965107 7.055605 7.417342 7.87052 7.5871 7.021022 6.510357 5.866951 5.080912 4.511534 4.547518 4.797112 4.790854 4.182302 4.201234 4.684203 4.947685 4.158914 3.800027 5.001671 5.502743 5.357157 6.540929 7.874331 8.655815 8.567937 7.515986 6.305451 5.423465 4.697131 4.853152 4.183922 3.859252 3.51734 3.141167 3.019771 3.000885 3.205176 3.42698 3.446774 3.440794 3.421099 3.403971 3.469653 3.45597 3.193355 2.661285 2.001832 1.923612 1.972416
5.122249 5.605101 6.264013 7.249099 8.119113 8.884318 9.624406 10.10465 9.978395 9.478694 8.428555 7.743021 7.125832 6.795735 6.970454 7.112507 7.063843 6.576324 6.001778 5.665509 5.35501 4.863514 4.556152 4.73899 5.023554 4.656612 4.372804 4.263942 4.482615 4.570207 3.77078 4.087347 5.146974 4.814686 5.104415 6.654447 7.971684 8.422458 7.993228 6.896664 5.771811 4.877327 4.598585 4.598637 4.036315 3.48698 3.165585 2.996205 2.931336 2.938062 3.11315 3.312221 3.354336 3.421372 3.412298 3.52265 3.447203 3.457225 2.551766 1.70865 1.467292 1.812702 1.853301
5.974263 6.523728 7.26666 8.142408 8.924564 9.648095 10.40492 10.49714 9.824805 8.431893 7.46785 7.012499 6.654517 6.526282 7.016666 7.046562 6.529885 6.211567 5.748681 5.45241 5.103095 4.872922 4.569477 5.09339 4.952093 4.382586 4.271179 4.448652 4.331124 4.084334 3.760481 4.330913 4.58258 4.245707 5.410167 7.2272 8.689426 8.816053 7.668201 6.149041 5.355841 4.540478 4.407839 4.232189 3.810059 3.381815 3.156814 3.059986 3.06618 3.1287 3.350997 3.290306 3.381607 3.364138 3.433242 3.249976 3.280849 2.492623 1.315078 1.060877 1.379567 1.612148 2.019034
6.303531 6.881463 7.833683 8.778763 9.596136 10.46285 10.85077 10.69046 8.969102 7.698087 7.204092 6.615144 6.242437 6.676814 6.688217 6.547946 5.912761 5.677996 5.34957 5.120002 4.911572 4.417827 4.644771 4.756969 4.798271 4.23033 4.454032 4.425153 4.512025 3.859514 3.930078 4.183197 3.951017 4.556433 6.552404 8.396349 9.171328 8.830255 7.181061 5.706163 4.725726 4.14787 3.967198 3.857091 3.626563 3.389132 3.312526 3.24913 3.213572 3.318979 3.305562 3.37799 3.285342 3.307935 3.094859 2.884529 2.560102 1.505872 .9130057 1.143216 1.932752 2.432918 2.957381
6.544678 7.288829 8.52688 9.473346 10.42661 10.94261 11.13972 10.31538 8.085136 7.209765 6.917526 6.619639 6.291782 6.267815 6.188811 5.972738 5.675798 5.183506 4.757686 4.519465 4.390381 4.264288 4.545124 4.823672 4.539063 4.487126 4.270054 4.54306 4.57477 3.986595 3.761638 3.817974 4.38611 5.903502 7.66484 8.802709 8.927213 7.889879 6.3303 5.085046 4.267626 3.623845 3.469891 3.507878 3.516975 3.490889 3.335543 3.369814 3.35695 3.328168 3.315819 3.265554 3.259246 3.057875 2.638518 2.204678 1.777478 1.054633 1.195087 1.998309 2.762628 3.063136 3.524115
7.067735 8.18224 9.22304 10.07166 10.88404 11.31011 10.88675 9.357903 7.434066 6.824678 7.084825 6.470175 6.33978 6.298015 6.214683 5.850913 5.608411 5.371302 5.047997 4.92566 4.799327 4.897862 5.140093 5.058683 4.529783 4.216563 4.25536 4.625102 4.879858 4.268757 3.518514 3.853445 5.195808 6.745861 7.978455 8.531118 8.048168 6.813919 5.649946 4.552629 3.818219 3.52458 3.464305 3.60933 3.597846 3.423856 3.461128 3.481815 3.412135 3.325455 3.313831 3.237862 3.073203 2.586536 2.023405 1.535043 1.125378 1.593939 2.044631 2.733429 3.13213 3.543777 3.848464
7.644923 8.656253 9.637071 10.36173 10.99042 10.48238 9.594852 8.248922 6.971465 6.634509 6.975779 6.46715 6.282806 6.444924 6.158732 5.939501 5.5568 5.418014 5.233416 5.528169 5.611277 5.765301 5.544952 4.776591 4.124239 3.940919 4.131094 5.168354 5.502126 4.76386 3.513684 4.121108 5.541389 6.824429 7.745663 7.922493 7.098566 6.097684 5.197503 4.277172 3.659028 3.472428 3.481468 3.576479 3.643498 3.577242 3.554981 3.599037 3.588569 3.38595 3.277207 3.001939 2.423162 1.597697 1.262298 1.464312 1.521987 1.982205 2.831246 3.205936 3.393106 3.77609 4.247093
8.448065 9.234241 10.03205 10.60626 10.59287 9.553329 8.432092 7.778777 7.119279 6.602602 6.686399 6.354053 6.372822 6.215587 5.96472 5.793393 5.451316 5.248047 5.626888 5.961097 5.914172 5.788034 5.102696 4.104013 3.889937 4.209517 5.097837 5.748588 6.044678 5.004278 3.328734 3.840773 5.454867 6.862668 7.556607 7.318588 6.435119 5.710688 4.959126 4.074962 3.599102 3.491837 3.440653 3.578187 3.498125 3.489627 3.542505 3.601913 3.391569 3.317277 2.959966 2.284903 1.243642 1.146269 1.428551 1.634301 1.807504 2.649022 4.018222 3.491723 3.39218 4.166943 4.328216
9.047307 9.788216 10.44223 10.52111 9.87713 8.803883 7.898766 7.505394 7.021631 6.507867 6.299073 6.337686 6.322893 5.666553 5.540318 5.756627 5.556595 5.68165 5.870867 5.889098 5.46661 5.119108 4.330319 3.744074 3.83073 4.561465 5.417748 6.039192 5.958819 5.083174 3.523728 3.530711 5.612818 7.059235 7.463182 6.780172 5.928465 5.388343 4.647037 3.775819 3.329005 3.434143 3.514536 3.541376 3.497901 3.453549 3.386408 3.529736 3.391309 3.09573 2.407282 1.215992 1.047505 1.171354 1.562178 1.895349 2.823245 4.292656 4.53734 3.52625 3.430436 4.277007 4.18199
9.366653 10.16896 10.5057 10.41252 9.63771 8.079845 7.486959 7.085262 6.585391 6.390929 6.43229 6.015257 5.955176 5.362649 5.448465 5.863173 5.677898 5.921933 5.939911 5.518616 4.894418 4.640467 3.870535 3.388652 3.87608 4.578304 5.339447 5.549268 5.403641 4.974786 3.483373 3.965639 6.017884 6.948489 6.951218 6.017833 5.287101 4.677078 4.078213 3.471156 3.295423 3.367586 3.385852 3.506017 3.599757 3.520028 3.424982 3.453626 3.498182 3.017907 2.187601 1.182993 .8193983 1.280261 2.367317 3.145676 3.988842 4.553836 4.461949 3.523349 3.49808 4.010989 3.944814
10.03834 10.75302 10.79036 10.16168 8.696261 6.995526 6.816383 6.532506 5.908783 5.869217 6.083851 5.732172 5.684153 5.612158 5.552489 5.820304 5.600905 5.69081 5.687858 5.01943 4.511624 4.43629 3.590863 3.219122 3.877855 4.571674 4.966988 4.798601 4.674306 4.552972 4.084352 4.463777 5.898537 6.322038 6.002668 5.224266 4.456277 3.8837 3.606278 3.290651 3.327228 3.314146 3.387208 3.383774 3.615161 3.5966 3.615813 3.533353 3.44713 3.066017 1.832326 1.130328 .8969879 2.245774 3.310943 3.881066 3.994147 4.067556 3.903159 3.500925 3.57489 3.688407 3.766869
10.9784 11.21492 10.62995 9.364298 7.42083 6.246003 6.476485 6.051771 5.707751 5.640685 5.774923 5.865929 5.638485 5.814846 5.806823 5.583923 5.519363 5.407765 5.278653 4.686606 4.332928 4.305869 3.415797 3.266927 3.973355 4.549012 4.826595 4.80802 4.805772 4.799408 4.504023 4.813241 5.494115 5.775184 5.223826 4.498149 3.816563 3.681988 3.720548 3.685561 3.539795 3.390535 3.443337 3.537947 3.624599 3.661865 3.790821 3.713899 3.37672 2.721225 1.374058 1.240842 1.325406 3.058836 3.81977 3.81413 3.802794 3.893519 3.925082 3.653795 3.77374 3.78547 3.805667
11.80528 11.0295 9.821718 8.498365 6.623607 6.156448 6.461041 6.139886 6.125102 6.091631 6.147975 6.270161 6.073596 5.510316 5.621685 5.311321 5.603643 5.390631 4.992427 4.639888 4.322542 4.156837 3.434073 3.379097 3.962938 4.527112 4.98463 5.279277 5.35657 5.041688 4.619862 4.752828 5.305604 5.307732 4.968368 4.192757 3.826896 3.793087 3.8834 3.941556 3.623178 3.59605 3.603123 3.785918 3.943167 4.046477 3.950494 3.846362 3.409832 2.181488 1.253348 1.51027 2.418152 3.681627 3.815713 3.695878 3.711476 3.966844 3.873617 3.886778 4.016091 3.838985 4.047695
11.6737 10.1793 8.86955 7.842678 6.260818 6.057592 6.192982 6.229842 6.456008 6.411663 6.443372 6.41668 6.059804 5.411787 5.215791 5.563656 5.50774 5.540115 4.889474 4.444807 4.09893 4.008015 3.529789 3.383796 3.993739 4.742646 5.42278 5.924213 5.768431 4.996729 4.507917 4.593799 5.251734 5.262717 5.090196 4.42359 4.202722 4.043779 4.027956 4.002387 3.867684 3.833189 3.763551 3.970141 4.224221 4.104922 3.976511 3.81742 3.007791 1.541135 1.858957 2.016803 3.001802 3.724647 3.783573 3.619051 3.690241 3.898594 3.962028 4.019493 3.853484 3.866224 4.082614
11.16111 9.238631 7.996262 7.008969 5.666594 5.697378 6.055416 6.247935 6.381915 6.424335 6.152444 5.973786 5.773798 5.449166 5.045919 5.567606 5.379232 5.166419 4.725727 4.361434 3.999501 3.731174 3.470994 3.500056 4.136277 5.009037 5.688663 6.062771 5.636261 4.823821 4.4892 4.729449 5.001062 4.90145 4.821918 4.484317 4.343717 3.942311 3.852903 3.838951 3.931295 3.836969 3.937958 4.222061 4.310983 4.123187 3.827897 3.516173 2.470767 1.910398 2.34054 2.514374 2.799681 3.500052 3.700706 3.713166 3.664963 3.696912 3.85631 4.097094 3.940594 3.789516 4.150298
10.33866 8.44329 7.173755 6.211203 5.503332 6.04303 6.333578 6.480516 6.510423 6.586826 6.130831 5.671231 5.386848 5.178934 4.848129 5.271981 5.067087 4.702133 4.443967 4.339882 3.977562 3.708844 3.427625 3.513771 4.122447 5.112202 5.760982 6.002663 5.322632 4.664206 4.409657 4.666152 4.522811 4.703118 4.358525 4.193758 3.891062 3.857908 3.721858 3.729608 3.798161 3.872767 4.094133 4.229863 4.217811 3.928707 3.535326 3.157539 2.193595 2.063236 2.595513 2.858433 2.890869 3.327536 3.889372 3.858426 3.810334 3.754436 3.904252 4.029212 3.910948 3.931087 4.106242
9.573568 7.988973 6.540598 5.663566 5.870424 6.690246 6.951655 6.659829 6.641699 6.486832 6.081573 5.574919 5.139499 4.795906 4.976063 4.891904 4.917972 4.51246 4.387842 4.264511 3.909927 3.687925 3.427093 3.539618 4.207329 5.346792 5.876141 5.960141 5.263374 4.596961 4.299306 4.377356 4.366445 4.401149 4.123852 3.775437 3.614232 3.515864 3.527304 3.705911 3.862387 4.024805 4.156724 4.129109 3.905199 3.563553 3.015136 2.610049 2.203466 2.13054 2.812288 3.082273 3.164658 3.165159 3.956726 3.985429 3.958395 3.971407 3.892159 3.990404 3.974819 3.983 4.101562
8.933377 7.600782 6.100846 5.394936 6.159095 6.67953 6.53227 6.146277 6.33552 6.226835 5.819844 5.407142 5.18552 4.748461 4.503963 4.763065 4.814867 4.284837 4.389038 4.137453 3.844484 3.774656 3.496177 3.568989 4.593673 5.678962 6.112376 5.88981 4.964166 4.4315 4.255419 4.249086 4.090154 4.02364 3.793773 3.674708 3.557634 3.28148 3.530698 3.752606 3.926608 4.115098 4.21859 3.784506 3.470795 3.083228 2.649434 2.564074 2.545715 2.792967 3.121566 3.318377 3.307147 3.404215 3.824519 4.021261 4.011116 4.033742 3.985142 3.895623 4.023778 4.030514 4.080513
8.170555 6.97827 5.84095 5.092142 6.050638 5.973945 5.656778 5.829622 6.071096 5.832089 5.358362 5.105189 5.139676 4.730791 4.383544 4.401702 4.226328 4.183283 4.116848 3.955508 3.998542 3.98939 3.588541 3.645439 4.916168 5.824831 6.184447 5.615004 4.748042 4.166796 4.038018 4.014441 3.956653 3.698977 3.664522 3.544224 3.506135 3.430716 3.590007 3.808397 3.978181 4.179007 4.242675 3.627071 3.302684 3.071992 2.951926 2.995348 3.290783 3.141676 3.182273 3.334262 3.375238 3.569626 3.728739 3.919987 3.971354 4.012285 3.910394 3.783839 3.974966 4.080973 4.083592
7.238504 6.220365 5.518108 4.790666 5.369123 5.099473 5.414453 5.809894 5.828291 5.391079 4.980749 4.896953 4.963101 4.531721 4.087842 4.317995 4.120595 4.016994 4.016333 4.131545 4.058103 3.997402 3.77483 4.231781 5.146393 5.683171 5.976891 5.270794 4.506657 3.961337 3.820336 3.866851 3.869182 3.779724 3.565602 3.569072 3.497099 3.597745 3.715897 3.793287 4.017809 4.234403 3.995666 3.622602 3.364164 3.223909 3.246485 3.365584 3.590175 3.151804 2.920595 3.02455 3.406754 3.682711 3.753196 3.802301 3.874287 3.881863 3.750616 3.81897 3.871648 4.087188 4.164289
6.535503 5.830575 5.358423 4.409255 4.416621 4.885798 5.618855 5.976416 5.624911 5.20236 4.988508 4.857872 4.70155 4.39655 4.058418 4.207987 4.061885 3.760276 4.094609 4.41485 4.386578 4.276231 4.194105 4.561025 5.082399 5.419279 5.465317 4.980474 4.286171 3.923307 3.852482 3.756125 3.909037 3.767561 3.623423 3.592241 3.563301 3.756416 3.853046 3.766987 3.972987 4.070971 3.83023 3.314165 3.210038 3.243305 3.329974 3.405787 3.349448 2.925454 3.024123 3.277569 3.59701 3.840446 3.700219 3.6512 3.767655 3.880791 3.805653 3.797973 3.96123 4.051936 4.302542
