py_wake/examples/data/AJ_ParqueFicticio/Rough survey   Sector 9   Height 200m   Mean speed.grd
DSAA
73  159
 258469   265669
 6501692   6517492
 5.765814   13.34246
[rows 112 to 139 of 159, columns 0 to 62 of 73]
9.607183 9.735939 9.885017 10.10573 10.40231 10.73358 11.08667 11.45489 11.8203 12.13647 12.41214 12.55612 12.44595 12.14452 11.75012 11.35679 11.14341 11.12983 11.10608 10.94052 10.66357 10.43654 10.22538 10.24027 10.47744 10.66665 10.57719 10.15368 9.524596 8.916468 8.450035 8.169139 8.064287 8.100208 8.214884 8.42723 8.807263 9.364033 10.0095 10.58129 10.98022 11.13108 10.96247 10.54165 10.0359 9.616484 9.312458 9.135468 9.105129 9.225241 9.249463 9.035363 8.613288 8.141932 7.756452 7.518744 7.374152 7.248698 7.114493 6.917261 6.702713 6.605507 6.663422
9.638962 9.815014 10.01408 10.26644 10.57941 10.95491 11.34031 11.71435 12.05656 12.32628 12.54032 12.61947 12.44546 12.06897 11.61861 11.25533 11.15747 11.21268 11.15536 10.93695 10.6353 10.38258 10.21824 10.25598 10.45306 10.56452 10.35043 9.829885 9.190944 8.670424 8.312266 8.18154 8.194809 8.258213 8.428768 8.727618 9.185448 9.76601 10.39017 10.9085 11.2511 11.29616 11.00783 10.50949 9.985689 9.559545 9.263831 9.03585 8.939704 8.927867 8.870809 8.641022 8.280915 7.904687 7.614202 7.442884 7.330776 7.239583 7.103804 6.93674 6.793799 6.726677 6.757229
9.705028 9.929671 10.18182 10.44439 10.77924 11.17798 11.5944 11.95527 12.25091 12.47741 12.64273 12.64046 12.37111 11.92696 11.47951 11.2149 11.25272 11.31537 11.20312 10.94808 10.67084 10.39418 10.2135 10.21045 10.31849 10.33755 10.0663 9.522677 8.926985 8.51643 8.287236 8.252384 8.330269 8.451972 8.688728 9.072489 9.623785 10.23294 10.80262 11.22256 11.42104 11.34702 10.95629 10.41216 9.902706 9.490445 9.183656 8.942274 8.771553 8.639436 8.494312 8.289914 8.010503 7.743569 7.547631 7.413962 7.309708 7.216245 7.105536 6.978604 6.87341 6.823885 6.835724
9.798279 10.05151 10.32118 10.61707 10.97421 11.39403 11.81703 12.1509 12.40954 12.60944 12.72162 12.60701 12.26095 11.79883 11.41345 11.28346 11.37209 11.40623 11.2588 11.00109 10.72343 10.44366 10.19413 10.08136 10.09029 10.03919 9.748529 9.23348 8.737509 8.447752 8.350958 8.372596 8.439884 8.603537 8.937479 9.474504 10.11443 10.71422 11.17832 11.4439 11.49336 11.28674 10.82345 10.28106 9.789014 9.395455 9.07148 8.797723 8.56698 8.386958 8.214231 8.025657 7.798959 7.633342 7.511042 7.394081 7.30707 7.204704 7.106423 6.997623 6.924436 6.886713 6.885294
9.87157 10.13842 10.41328 10.7457 11.14852 11.58635 11.99034 12.30337 12.55756 12.73615 12.77495 12.55729 12.14699 11.7132 11.44748 11.41591 11.4914 11.49035 11.31293 11.05495 10.75061 10.42126 10.12736 9.918831 9.821138 9.721376 9.449738 9.010585 8.64299 8.499192 8.478726 8.494714 8.584259 8.83422 9.275413 9.876625 10.5545 11.14529 11.49959 11.54784 11.39853 11.07559 10.59345 10.08014 9.619867 9.238256 8.90111 8.611321 8.347405 8.141629 7.981177 7.842349 7.694419 7.559186 7.455728 7.365374 7.280084 7.188149 7.097079 6.998413 6.933249 6.896265 6.900855
9.928296 10.19135 10.47551 10.84274 11.29669 11.73694 12.13169 12.45563 12.69914 12.84665 12.76598 12.46998 12.04531 11.67538 11.49581 11.5146 11.56617 11.51523 11.31393 11.01932 10.66887 10.29624 9.971446 9.73888 9.575861 9.427587 9.186463 8.86908 8.65356 8.620035 8.602157 8.59596 8.769627 9.134237 9.629939 10.239 10.89181 11.40691 11.58197 11.42921 11.11646 10.70066 10.21996 9.753304 9.341865 8.988486 8.664948 8.368703 8.111014 7.905731 7.773446 7.677834 7.590781 7.490964 7.406627 7.327781 7.248594 7.14995 7.036136 6.940343 6.892356 6.849442 6.856297
9.957639 10.22836 10.55629 10.96682 11.4495 11.90836 12.30228 12.61797 12.80952 12.84143 12.64796 12.31579 11.90803 11.58271 11.4755 11.50542 11.51228 11.39743 11.14887 10.81281 10.42413 10.04599 9.752089 9.546518 9.396499 9.216919 8.986041 8.797571 8.745778 8.744009 8.687629 8.711692 8.967408 9.363389 9.819343 10.42212 11.04883 11.49588 11.52042 11.18018 10.70402 10.2128 9.767179 9.366735 8.978666 8.658861 8.355604 8.079695 7.858514 7.700909 7.602239 7.560226 7.513813 7.444582 7.378483 7.2991 7.22592 7.122211 6.988645 6.840244 6.731019 6.704691 6.723988
9.989503 10.3133 10.71489 11.19841 11.70314 12.16346 12.53303 12.76992 12.86364 12.75395 12.46771 12.07858 11.70588 11.42325 11.34023 11.36156 11.32764 11.14841 10.85157 10.49622 10.11201 9.754622 9.485819 9.379006 9.275331 9.101234 8.906775 8.786055 8.795451 8.795681 8.718435 8.780936 9.08577 9.449309 9.884375 10.51563 11.11469 11.4619 11.33688 10.86436 10.26232 9.738456 9.331475 8.997414 8.629656 8.307859 8.034943 7.797454 7.632236 7.529258 7.473522 7.471441 7.441443 7.399238 7.344668 7.27916 7.193089 7.070103 6.882417 6.675294 6.539472 6.528162 6.58515
10.15308 10.54674 11.02481 11.54517 12.04239 12.46223 12.76174 12.9051 12.85583 12.60005 12.2278 11.81309 11.46339 11.23922 11.17554 11.15911 11.08111 10.8605 10.54234 10.19467 9.844316 9.526896 9.320223 9.248309 9.190674 9.035286 8.891125 8.787308 8.775178 8.763204 8.698744 8.824911 9.121471 9.448032 9.949456 10.61494 11.16158 11.38588 11.14085 10.54978 9.894438 9.346356 8.973845 8.686631 8.379152 8.06635 7.807647 7.620547 7.491156 7.41983 7.385293 7.370268 7.35777 7.328057 7.272148 7.206079 7.082858 6.893095 6.624865 6.42504 6.361629 6.429402 6.554374
10.44931 10.89378 11.40757 11.93945 12.40584 12.76901 12.99627 12.97522 12.71291 12.34636 11.96197 11.56537 11.23703 11.0479 10.97828 10.92556 10.78837 10.55207 10.26089 9.978405 9.677319 9.403785 9.215417 9.153829 9.101275 8.972828 8.873985 8.798411 8.736589 8.696379 8.695743 8.856534 9.112568 9.474676 10.08517 10.74677 11.21499 11.28511 10.8959 10.24563 9.582921 9.029251 8.668143 8.416414 8.179834 7.931195 7.719371 7.563615 7.465615 7.394908 7.361917 7.306467 7.268284 7.224693 7.152605 7.03957 6.870388 6.604423 6.357296 6.260283 6.326138 6.487892 6.703102
10.76348 11.25027 11.78236 12.31277 12.74169 13.03331 13.14564 12.93731 12.47775 12.03316 11.70181 11.3579 11.08134 10.9185 10.80549 10.68134 10.5014 10.26314 10.01863 9.771455 9.530869 9.316475 9.162515 9.071666 9.007999 8.905794 8.857472 8.821795 8.752172 8.665932 8.706066 8.862193 9.135282 9.635827 10.31559 10.91988 11.24156 11.10229 10.58787 9.90853 9.257021 8.741064 8.389063 8.187487 8.013239 7.838343 7.702229 7.588481 7.498972 7.433675 7.345531 7.271244 7.162638 7.075545 6.94578 6.807022 6.625093 6.377746 6.228204 6.295594 6.496212 6.720973 6.977102
11.09048 11.62596 12.17079 12.66417 13.03593 13.22175 13.15349 12.77035 12.19435 11.73311 11.45504 11.19159 10.96819 10.80372 10.66517 10.49202 10.28757 10.0634 9.83065 9.625346 9.443375 9.27777 9.169107 9.059726 8.947627 8.862242 8.819809 8.847203 8.816597 8.729126 8.72858 8.894651 9.278114 9.872437 10.52585 11.00044 11.11796 10.80917 10.19095 9.53013 8.953164 8.498827 8.204751 8.024621 7.892267 7.77576 7.664101 7.593726 7.520034 7.440557 7.333375 7.206275 7.0657 6.906575 6.734756 6.572921 6.411349 6.275295 6.300655 6.511961 6.771292 7.032494 7.267
11.43756 12.01503 12.54769 12.97477 13.24781 13.2844 13.00497 12.50019 11.89313 11.46373 11.22963 11.01466 10.8458 10.71416 10.55785 10.37257 10.18467 9.993935 9.808977 9.658669 9.512157 9.376724 9.243297 9.085662 8.925241 8.843342 8.853539 8.925081 8.924166 8.820417 8.776558 8.994343 9.447635 10.04617 10.59897 10.90914 10.84723 10.41317 9.815101 9.188678 8.66424 8.311709 8.096388 7.969508 7.850618 7.733864 7.650085 7.572237 7.500064 7.395004 7.273031 7.113209 6.909519 6.699742 6.519693 6.411922 6.310272 6.376454 6.525699 6.782784 7.054119 7.296038 7.48663
11.78736 12.36135 12.84093 13.18487 13.30961 13.1375 12.73682 12.17907 11.60466 11.22293 11.03114 10.84982 10.71336 10.6037 10.46243 10.29176 10.10985 9.969801 9.83452 9.741236 9.626215 9.474199 9.27144 9.034162 8.872182 8.84166 8.952861 9.103299 9.117409 8.971295 8.874586 9.082543 9.542517 10.09176 10.52672 10.68304 10.48679 10.04975 9.488766 8.917833 8.458001 8.154273 8.007262 7.919428 7.834748 7.74905 7.666754 7.573929 7.455631 7.314521 7.142843 6.90551 6.647573 6.436545 6.3404 6.338918 6.412262 6.604137 6.836888 7.056645 7.26573 7.474468 7.657915
12.12259 12.64612 13.05515 13.27835 13.22633 12.89196 12.44312 11.9186 11.41562 11.0438 10.83592 10.68622 10.57373 10.45625 10.31951 10.18926 10.03552 9.93691 9.881113 9.8097 9.657675 9.446293 9.169728 8.916238 8.817793 8.884242 9.09262 9.275972 9.272258 9.092954 8.946802 9.114214 9.542932 10.05327 10.37405 10.39909 10.12596 9.708797 9.198283 8.689111 8.307449 8.070252 7.920986 7.849404 7.786139 7.715412 7.653753 7.564983 7.391167 7.194939 6.935578 6.641542 6.365143 6.232228 6.273355 6.405029 6.622509 6.904903 7.188815 7.299174 7.421071 7.604543 7.747166
12.43258 12.89172 13.17953 13.2615 13.03522 12.61223 12.17037 11.71186 11.25405 10.89363 10.65304 10.51768 10.41622 10.28192 10.18201 10.10823 9.978812 9.905745 9.865568 9.743515 9.543077 9.291544 8.999454 8.790944 8.779374 8.943459 9.198195 9.367026 9.334762 9.132718 8.969048 9.092487 9.527766 9.974697 10.16779 10.05874 9.760814 9.369864 8.912394 8.465765 8.1421 7.981206 7.892607 7.828229 7.752794 7.676359 7.607851 7.535357 7.355954 7.086015 6.726229 6.391622 6.193938 6.199765 6.38685 6.639642 6.947925 7.24927 7.457009 7.475378 7.527726 7.669922 7.7527
12.67702 13.05805 13.22704 13.13878 12.77722 12.27739 11.86059 11.46149 11.07626 10.77126 10.53847 10.35487 10.24483 10.13466 10.07371 10.05679 9.943874 9.846823 9.770276 9.585523 9.343416 9.087305 8.818782 8.66628 8.750533 8.952713 9.168325 9.310203 9.273971 9.112352 8.955635 9.093168 9.489437 9.807711 9.887834 9.679562 9.362575 9.004287 8.628488 8.271608 8.027711 7.901124 7.842238 7.808967 7.776452 7.692146 7.596895 7.503453 7.339254 7.022166 6.607189 6.267511 6.168388 6.338805 6.659744 6.985966 7.286885 7.503075 7.601301 7.577501 7.588767 7.675756 7.724219
12.91517 13.18929 13.18523 12.91115 12.4164 11.88168 11.49606 11.16222 10.85404 10.61941 10.42742 10.23878 10.10756 10.04135 10.01056 9.984893 9.884916 9.741427 9.600246 9.403145 9.147357 8.913895 8.668788 8.5576 8.710496 8.953448 9.147961 9.203238 9.192602 9.090206 8.980139 9.094791 9.387897 9.556474 9.536872 9.293041 8.988407 8.678703 8.409622 8.145201 7.980062 7.876126 7.824161 7.789894 7.788112 7.737609 7.63931 7.48538 7.280643 6.948318 6.516922 6.230228 6.256947 6.581171 6.979617 7.296772 7.500537 7.612446 7.634981 7.63804 7.641249 7.670551 7.723542
13.16217 13.25143 13.03719 12.57846 12.0078 11.49572 11.22022 10.94832 10.69886 10.51055 10.36714 10.19775 10.03979 9.975161 9.928491 9.873446 9.81268 9.665977 9.448852 9.199436 8.966061 8.777965 8.566426 8.517689 8.703896 8.963701 9.154771 9.221138 9.181953 9.12008 9.022096 9.066741 9.233175 9.314183 9.208623 8.962526 8.689328 8.465306 8.308526 8.152012 8.013041 7.904555 7.85737 7.838127 7.825943 7.7714 7.683042 7.509015 7.217885 6.841198 6.457044 6.285766 6.428338 6.834853 7.219835 7.461228 7.595695 7.675937 7.688452 7.702929 7.743447 7.751346 7.78249
13.33964 13.17316 12.75957 12.20983 11.61439 11.19867 11.02939 10.85602 10.69782 10.5294 10.40224 10.24393 10.06481 9.886683 9.817856 9.756207 9.728215 9.590079 9.342296 9.059798 8.835006 8.677886 8.51132 8.515238 8.722147 8.977611 9.215043 9.319485 9.29826 9.163839 9.041348 9.043324 9.115804 9.092674 8.969344 8.733563 8.518205 8.361748 8.268389 8.185718 8.057433 7.977237 7.932796 7.934593 7.921059 7.851963 7.702552 7.483094 7.158039 6.755175 6.463287 6.42275 6.668955 7.04146 7.344259 7.525568 7.636535 7.727705 7.746695 7.749673 7.802951 7.825472 7.866057
13.34246 12.92972 12.38714 11.81744 11.28193 10.97659 10.85606 10.79167 10.72143 10.57809 10.41872 10.23787 10.02117 9.806581 9.678206 9.646719 9.596225 9.476895 9.243714 8.973054 8.732426 8.581923 8.473461 8.51401 8.76528 9.061421 9.340861 9.488235 9.380342 9.160688 8.997741 8.991741 9.033632 8.986966 8.825741 8.580052 8.418876 8.30624 8.24005 8.176383 8.105196 8.063512 8.033315 8.03703 8.008251 7.897183 7.722632 7.441287 7.064927 6.710783 6.567504 6.657875 6.910221 7.202018 7.417934 7.545957 7.646229 7.739239 7.786304 7.805792 7.8246 7.860878 7.914951
13.18226 12.59261 11.96346 11.41645 10.97616 10.78477 10.73448 10.73008 10.69933 10.57259 10.38178 10.1385 9.909357 9.695461 9.532896 9.496209 9.430979 9.313414 9.118248 8.891858 8.668639 8.518761 8.447841 8.54469 8.815117 9.153122 9.437837 9.553471 9.411767 9.165996 8.976861 8.913702 8.913692 8.857372 8.693832 8.484967 8.317653 8.225791 8.176452 8.126805 8.111415 8.083641 8.085683 8.095536 8.035877 7.880583 7.674044 7.379762 7.007744 6.739613 6.725027 6.850154 7.05419 7.279123 7.469669 7.57573 7.648872 7.726963 7.802396 7.852658 7.852332 7.895974 7.968977
12.93933 12.24001 11.55858 11.05318 10.73131 10.67159 10.67685 10.68912 10.66572 10.55571 10.32684 10.03787 9.755176 9.545371 9.382824 9.314042 9.242534 9.132363 8.980233 8.813972 8.624955 8.474699 8.427425 8.549129 8.854026 9.208023 9.499788 9.566854 9.363649 9.098553 8.892095 8.813173 8.782141 8.708391 8.52184 8.349833 8.201178 8.114736 8.083243 8.078078 8.088755 8.089433 8.097653 8.078054 7.984204 7.815563 7.56557 7.287246 6.980618 6.807253 6.867043 6.996191 7.153986 7.347724 7.515183 7.624061 7.690318 7.735168 7.80829 7.860995 7.87342 7.902989 7.983408
12.67 11.91939 11.2218 10.75057 10.58502 10.6069 10.62824 10.60167 10.57786 10.45767 10.22906 9.956877 9.667304 9.420317 9.241965 9.137042 9.064254 8.981193 8.872597 8.73546 8.586411 8.475533 8.444168 8.591946 8.918218 9.282763 9.525183 9.516015 9.291348 9.034399 8.816044 8.686615 8.615465 8.543292 8.395132 8.247064 8.110499 8.002182 7.994963 8.029054 8.08252 8.109837 8.091863 8.011671 7.881962 7.680767 7.438484 7.200313 7.003875 6.924016 7.003368 7.129935 7.257448 7.401334 7.554285 7.65918 7.725096 7.777793 7.80538 7.855609 7.886461 7.921793 7.977065
12.35578 11.60846 10.93527 10.50926 10.43435 10.47663 10.468 10.44978 10.42924 10.29528 10.07687 9.831495 9.594698 9.34935 9.147306 9.031372 8.931939 8.837998 8.77434 8.667925 8.567431 8.513982 8.497447 8.666602 9.010579 9.377306 9.571214 9.457543 9.177475 8.897435 8.698046 8.564549 8.439969 8.334742 8.220433 8.116141 8.013577 7.950895 7.956903 8.001404 8.070257 8.123214 8.082883 7.934274 7.75018 7.554455 7.358309 7.201642 7.1159 7.101728 7.155688 7.252562 7.335284 7.451994 7.578266 7.679331 7.738547 7.788481 7.81724 7.837239 7.889616 7.935162 7.983833
11.98643 11.28291 10.65202 10.27034 10.22203 10.2438 10.24559 10.28016 10.26399 10.11339 9.89051 9.68518 9.489195 9.250922 9.062062 8.94921 8.824206 8.734392 8.68152 8.622121 8.569294 8.548789 8.550103 8.73424 9.078503 9.425528 9.568419 9.382009 9.05837 8.77295 8.577388 8.450382 8.343029 8.207859 8.113442 8.032069 7.960466 7.921859 7.935839 8.004074 8.074107 8.100094 8.031044 7.870727 7.693323 7.530865 7.40008 7.337398 7.307587 7.264627 7.269686 7.326507 7.40425 7.503769 7.596237 7.674736 7.730278 7.779721 7.807915 7.837312 7.870603 7.931403 7.978941
11.57383 10.93421 10.375 10.00783 9.953958 9.979777 10.07701 10.15341 10.10357 9.925039 9.717847 9.533333 9.359841 9.1363 8.95681 8.863444 8.757337 8.681955 8.645195 8.637463 8.604219 8.596745 8.60388 8.796073 9.102758 9.387538 9.471545 9.272609 8.94119 8.625066 8.423512 8.349695 8.280138 8.178451 8.057087 7.99274 7.947385 7.94119 7.952203 7.988688 8.049158 8.0594 7.964083 7.81574 7.676597 7.578737 7.508481 7.471061 7.445942 7.363564 7.333409 7.385044 7.471455 7.552618 7.609949 7.661911 7.708634 7.751854 7.781657 7.82898 7.879977 7.92791 7.977301
11.20471 10.61658 10.10688 9.73582 9.669549 9.800915 9.996356 10.06473 9.961048 9.80226 9.613192 9.417887 9.232519 9.036389 8.853983 8.77878 8.693125 8.639724 8.670233 8.711397 8.670056 8.653923 8.677621 8.849327 9.077167 9.283765 9.344582 9.162379 8.850912 8.553058 8.346422 8.235304 8.216745 8.141388 8.071691 8.022854 7.97689 7.977446 7.988153 7.97326 8.007029 7.998751 7.888977 7.751179 7.660826 7.612414 7.556314 7.53813 7.49793 7.414207 7.403629 7.479014 7.549035 7.587773 7.609793 7.631024 7.690452 7.745685 7.784912 7.82345 7.881409 7.930073 7.981346
