py_wake/examples/data/AJ_ParqueFicticio/Rough survey   Sector 2   Height 30m   Orographic speed.grd
DSAA
73  159
 258469   265669
 6501692   6517492
 .2405694   2.345622
[rows 0 to 27 of 159, columns 0 to 62 of 73]
.944766 .9469774 .9485672 .9467483 .9451528 .9431396 .9413737 .9402065 .9386811 .9370658 .9356738 .9349758 .932927 .9310983 .9304587 .9267321 .9227598 .9151891 .9049329 .8816198 .8388402 .8587532 .9023098 1.021941 1.029664 1.021831 .9935945 1.036592 1.066893 1.064758 1.071358 1.073716 1.103547 1.102253 1.104716 1.137003 1.157319 1.165771 1.147228 1.133735 1.11666 1.089337 1.068092 1.045678 1.04912 1.041833 1.035454 1.02445 1.019608 1.012864 1.00672 1.000918 .9968274 .9960728 1.002029 1.009584 1.017767 1.027179 1.034986 1.043702 1.053506 1.063543 1.071742
.9269058 .9399197 .94336 .9420829 .9391441 .9369404 .9364537 .9357497 .93504 .9330226 .9284933 .9283342 .9265687 .9258783 .9270271 .9249199 .9215837 .9152064 .9058642 .8840382 .8786618 .9176396 .9811438 1.034171 1.026689 1.014066 1.02655 1.103433 1.08072 1.086841 1.090108 1.103991 1.134568 1.149861 1.160341 1.178711 1.182995 1.165676 1.143516 1.128293 1.104751 1.083238 1.071315 1.062237 1.061435 1.052252 1.042118 1.029321 1.019642 1.011274 .9994276 .9926731 .9868965 .9900422 .9978451 1.006138 1.017351 1.029101 1.041835 1.053193 1.064929 1.076616 1.088618
.9244676 .9399011 .9402314 .9367443 .9319955 .929817 .9289588 .9290118 .930539 .9301146 .9273754 .9184966 .9156436 .9154356 .9218974 .9232142 .9205388 .915742 .909054 .8947781 .9020647 .9420209 .9772219 .997461 1.05092 1.079035 1.08397 1.105276 1.098789 1.104605 1.107909 1.126901 1.156602 1.188377 1.213814 1.218357 1.21297 1.184396 1.150051 1.129326 1.098692 1.076811 1.064986 1.053782 1.054997 1.049272 1.037312 1.027494 1.015428 .9976696 .9777824 .9684262 .9749636 .9910767 .9984816 1.006693 1.018846 1.032491 1.047599 1.062123 1.078281 1.093833 1.110628
.9321685 .9331664 .9295158 .9259889 .9235898 .9222054 .9203274 .9204625 .922013 .9233304 .9210227 .9139549 .9095886 .9108647 .9110692 .9199737 .9193558 .9140379 .9072788 .8973184 .907241 .9513122 .9877924 1.023824 1.04926 1.07765 1.105946 1.13151 1.12239 1.127416 1.131582 1.150771 1.191477 1.208552 1.225009 1.21895 1.20578 1.188738 1.169879 1.141076 1.079618 1.048488 1.054377 1.057679 1.037004 1.057448 1.031639 1.014293 1.000048 .9845513 .9714725 .9880831 .9928041 .9953492 .9982176 1.007003 1.020736 1.037314 1.055785 1.075732 1.098771 1.120967 1.141675
.9160879 .9092711 .9031145 .9104754 .916328 .9109495 .9069611 .9081032 .9109658 .9109073 .9130015 .9090198 .8995528 .903704 .9047997 .9128523 .9166061 .9142645 .9067057 .8986865 .9286851 .9453456 1.001672 1.027828 1.060911 1.087991 1.112145 1.120216 1.123609 1.141146 1.166263 1.192249 1.205924 1.181301 1.146132 1.079553 1.085992 1.105156 1.116453 1.028134 .9370347 .9928361 1.043823 1.076956 1.081672 1.073029 1.019204 1.000799 .9973857 .999392 1.004046 1.004409 1.000826 .9955319 .9959867 1.00411 1.020639 1.040895 1.065085 1.094045 1.126776 1.16372 1.198839
.9046162 .8858336 .8803425 .9023783 .9103559 .8977388 .8855057 .8980702 .901596 .9019871 .9047052 .906158 .8891951 .8998372 .9016954 .9005504 .9128683 .9177684 .9222197 .9555289 .9704301 .9977117 1.016797 1.046706 1.074419 1.079358 1.09975 1.105905 1.109891 1.125609 1.151412 1.150952 1.062454 .9699034 .9426924 .9444956 .9605054 .9704406 .9372765 .8140821 .8221617 .9585115 1.062904 1.102093 1.094672 1.032199 .9952275 .9987016 1.009364 1.017853 1.026784 1.013225 .9978903 .9848872 .9832382 .9944026 1.016603 1.044527 1.078448 1.120715 1.173431 1.238015 1.308239
.9046744 .9014139 .8936579 .900762 .8982216 .8879833 .9066175 .9239161 .9232472 .9219779 .9128743 .8982642 .8951609 .9026634 .9026197 .8958637 .9023554 .9168578 .9280958 .9485008 .9840324 1.005821 1.053864 1.083664 1.084672 1.067954 1.088344 1.091291 1.088672 1.089303 1.095093 1.05414 .9751013 .9494722 .9423475 .9312449 .9332598 .9144871 .8449467 .8079002 .9221385 1.073514 1.124411 1.117628 1.037459 .9719998 .9753857 1.017496 1.038011 1.034477 1.023722 1.00285 .979895 .9648835 .9599232 .9785429 1.010851 1.048044 1.094255 1.163675 1.257716 1.277691 1.219323
.9106824 .9088782 .9107157 .8982811 .9061623 .8995025 .9149122 .9361777 .9394721 .9332628 .9208616 .9078971 .9034738 .9006613 .8985541 .8889407 .8853683 .9049448 .9227176 .9554726 1.004667 1.056808 1.103685 1.116327 1.081964 1.051409 1.073756 1.073203 1.064306 1.050366 1.028298 .9876629 .9604486 .9409383 .9289502 .9143614 .9043719 .8831338 .8673286 .9082538 1.047592 1.137988 1.125346 1.019278 .8916729 .9406943 1.027488 1.07212 1.087695 1.048993 1.025425 1.002016 .9472197 .8860494 .9092385 .9621345 1.006398 1.051023 1.11433 1.220971 1.209747 1.147381 1.039032
.9131078 .9088351 .9069915 .8916846 .8876535 .8986136 .9156692 .9387901 .950489 .9409593 .9212642 .9102198 .9030946 .8976015 .8888211 .8757563 .8745748 .8867831 .9123659 .9470593 1.006895 1.028501 1.072614 1.084932 1.062458 1.031343 1.04344 1.057992 1.035712 1.006646 .9864512 .9574625 .9334336 .9150181 .9030659 .8836232 .8556328 .8568363 .8789632 .9336505 1.039038 1.075555 .9917086 .8362755 .8715931 .9933238 1.045705 1.021605 .9730149 .9253818 .9187881 .8873568 .7764928 .7915871 .8690435 .9559054 1.00826 1.05512 1.12874 1.146738 1.075146 .9609659 .8087517
.9167185 .9103091 .9018633 .894504 .8895484 .9055964 .9552637 .9832654 .966096 .9389318 .9077976 .9017928 .9008684 .8950285 .8765904 .8605244 .865997 .8851289 .9073585 .9272066 .9606258 .9793244 .9533125 .9607465 1.019422 1.021233 1.021487 1.036775 .9996195 .9724035 .9599401 .9331716 .9037109 .8806078 .8595152 .8348951 .8520456 .8671772 .872464 .8953817 .9083607 .8773687 .7761352 .7386781 .8779606 .9778864 .9492946 .8882144 .8453913 .7985553 .7861233 .7047639 .6535131 .7824624 .9312526 .9863349 1.023653 1.060418 1.114153 1.037569 .9411965 .7896869 .5859529
.920383 .9149231 .9056122 .9111747 .9473178 .9616577 .9922617 1.026209 .9680918 .9153288 .8825569 .8789617 .8976271 .8978834 .8867091 .8734998 .8485016 .8782392 .903386 .9145636 .9241643 .9271824 .9126857 .9364641 .9579081 .9760252 .9762191 .9750333 .9634866 .9564509 .9244072 .8978073 .8780245 .8505645 .8249911 .8328382 .84198 .8494993 .855099 .8609599 .8453914 .8079451 .7675899 .7837819 .8619874 .8576376 .7483956 .7237896 .7206532 .668536 .6502594 .6138952 .7103925 .9120377 1.020064 1.059977 1.064697 1.095154 1.044445 .9541324 .8292659 .6904392 .6272026
.9289289 .9265042 .9265249 .9503952 .9607093 .9703648 .9803645 .9720267 .9315503 .866665 .8367829 .8803354 .892428 .9088566 .8987933 .8950915 .9445632 .9211627 .8884602 .8834769 .8743059 .8909655 .9318132 .9427961 .9443555 .9430398 .9188208 .947483 .9603532 .9214464 .8776971 .8578171 .844513 .828942 .8097239 .8132925 .825712 .8292507 .8357502 .8246086 .8117496 .784848 .769004 .7723769 .7835053 .7366672 .6738381 .6466253 .5994282 .5835477 .6086912 .6763379 .8421974 .9828432 1.060929 1.089168 1.083575 1.03951 .9941551 .8657637 .7347172 .6266965 .6292034
.9374769 .9425677 .9505813 .9574512 .9536488 .9534323 .9404072 .9059863 .8810052 .8348006 .9096897 .9773902 .934764 .892528 .8753437 .8784137 .9365773 .9126922 .9039219 .886792 .8776478 .9149978 .952316 .9430926 .9317551 .9226862 .9136276 .9202108 .8906283 .8247615 .8181484 .8049209 .8005485 .7951973 .785134 .787271 .8043811 .805696 .8001853 .7897933 .7768347 .7619666 .7377257 .7361802 .7426336 .7201592 .6797975 .6322861 .6066154 .6071941 .6529877 .7549156 .8698962 .962746 1.019736 .9898548 .8707674 .7554078 .6540814 .5669083 .5224885 .4828238 .6165739
.9442729 .950054 .9457086 .9488063 .9463134 .9393085 .9245835 .9074857 .8892011 .9352283 .9920238 .9561931 .9170309 .9059641 .9008069 .9262592 .9079014 .8903357 .9148862 .9234806 .9332677 .9442559 .9513128 .9391573 .915678 .8994572 .8809175 .8409742 .7878072 .7793968 .7746294 .7756371 .7672934 .7547127 .7602711 .7644336 .781322 .7805535 .7696171 .7521705 .7352905 .7201039 .6933441 .69459 .700344 .6744678 .6488159 .6101484 .6024387 .6068361 .6618435 .7228007 .7970619 .8320539 .763728 .6076976 .5745474 .5739882 .5648365 .5472706 .548932 .5917041 .656226
.9516311 .9480501 .9434434 .9437892 .9409501 .9327378 .9194779 .9107325 .9191351 .9355275 .9423584 .9398712 .9220021 .9129375 .9305423 .9460807 .9383833 .9499326 .9498248 .9475614 .9462686 .9614558 .9476559 .9188579 .898425 .8805252 .8602759 .8341058 .8068171 .7874924 .7755089 .7622228 .7573966 .7306269 .720863 .7421401 .7685508 .7591069 .7360367 .6963682 .6690261 .6540947 .6485789 .6575527 .6401796 .6276765 .6009685 .5900571 .5816637 .6104095 .6393602 .6592557 .6675531 .646569 .5923731 .5426138 .5358415 .5683209 .6146497 .6462263 .6707103 .7235124 .7417485
.9532172 .9440432 .9396627 .9389777 .9365223 .9300609 .9196304 .9091876 .9066594 .9157106 .9283884 .9357722 .933701 .9363772 .9672379 .9906769 .9782035 .9969454 .9824733 .9642426 .9755948 .9661186 .9309801 .8993268 .8695589 .8630832 .8487056 .8224089 .7979609 .7793801 .7682549 .7513485 .7148591 .6542553 .664328 .7230384 .7503746 .7438072 .7141249 .6632438 .6405048 .6550295 .6613718 .635922 .596007 .5625681 .5676866 .5819932 .6027021 .6217569 .6145144 .5970895 .5703499 .5343218 .4974399 .4654675 .511578 .6242529 .7224478 .7891194 .8615416 .9125311 .8549887
.9504279 .9425258 .9366599 .9360123 .9350024 .9310179 .9227684 .916315 .9148594 .9216431 .9266108 .9375679 .952511 .9671511 .9853008 .9830313 .9841503 .9820595 .9658626 .9517376 .9501274 .9465387 .9202468 .8945613 .8787331 .858396 .8295125 .8056405 .7760583 .7551945 .7553058 .7388474 .6693357 .6148759 .7615582 .8003823 .7931435 .7522756 .6844676 .5841568 .5903093 .6362925 .6253847 .603675 .5673961 .5455533 .5457176 .5514876 .5633796 .6014642 .6010377 .5436239 .4847769 .473934 .5236288 .6278157 .7910841 .8917745 .9713602 1.002545 1.015574 .9935577 .9121131
.9488732 .9402342 .9370128 .935357 .9342381 .932313 .9277409 .922996 .9226836 .9252524 .932705 .9406418 .9631187 .9702942 .9676186 .9652879 .9602458 .9587218 .9522774 .9434404 .9361484 .9346083 .9216142 .9064505 .8986572 .8878559 .8578531 .8065774 .7690178 .8131632 .8478351 .7481129 .6634734 .7369209 .8843756 .8880664 .86595 .8282538 .7404904 .6482073 .591419 .575367 .543945 .5381941 .5205086 .5347453 .5252078 .5560244 .6589355 .7290708 .7207268 .675194 .6703275 .729395 .8121411 .9065781 .9928477 1.045724 1.041318 1.018912 1.003065 .9782299 .9013115
.9482788 .9413007 .9399756 .9354044 .934773 .9329476 .9314047 .9297757 .9295189 .9310573 .9418923 .9539443 .9644095 .9566833 .958478 .95973 .9535174 .94936 .9468157 .9413596 .9348849 .9322352 .9298546 .935392 .9525779 .9446431 .9283841 .9233957 .920269 .9642962 .9082207 .8105053 .7964315 .9034268 .9709195 .9514506 .9383149 .8764708 .7705072 .6476994 .6315135 .6471664 .6573837 .68751 .7152075 .744615 .7208419 .7530488 .8429866 .8677201 .8298566 .7800032 .7869778 .846803 .9042389 .9721814 .9765713 .999809 .9952692 .9740083 .9643235 .9354402 .8719315
.9501331 .9448805 .9401046 .9331717 .9311701 .9310735 .9339679 .9358925 .9364945 .9388779 .9515584 .953177 .9569371 .9531227 .9521283 .9535147 .9511863 .9454986 .9463747 .9442288 .941036 .9379096 .945419 .9547929 .9516963 .9458027 .9555652 .9707519 1.007983 .9962896 .8796163 .8513899 .9599871 1.005701 .9709126 .9487477 .9084448 .8486067 .74589 .6562045 .7295508 .8102613 .8684344 .8916193 .9128238 .9109443 .8742902 .9025002 .9655635 .9358991 .8714056 .8240875 .8317425 .8676036 .8928135 .9070292 .9412763 .9586977 .9402925 .948099 .944419 .919488 .8586292
.9511586 .9438558 .9362901 .9263061 .9243084 .928727 .9331112 .9381146 .942497 .9454691 .9475588 .9501913 .9502848 .9477158 .9480363 .9499073 .9524209 .9460137 .9518541 .9525523 .9503965 .9475124 .9496491 .9462938 .9463426 .9419193 .9476222 .9591152 .9700109 .9326571 .8320993 .874163 .9507955 .908977 .9255699 .9611366 .9331142 .8458285 .7543355 .8064079 .8939726 .9643339 .9639078 1.013899 .985616 .9362354 .9281526 .9738523 .9767534 .8946672 .8405066 .8204223 .8470591 .8290571 .8549936 .8697637 .8919547 .9063364 .9129856 .9382384 .9497448 .9380279 .9019402
.9435838 .9384652 .9277172 .9153414 .9189958 .925775 .9326571 .9391747 .9458898 .9445781 .9408923 .9451049 .948302 .9461145 .9444997 .9485435 .9546354 .9556301 .9573098 .9515264 .9472101 .9440815 .9459611 .9433815 .9399057 .9364993 .9346424 .9324486 .8885516 .7960434 .8328061 .8995487 .9261729 .9503041 .9494162 .9131413 .8606835 .7874019 .7753147 .903672 .9898585 .9869479 .9736284 .9486526 .9202076 .8915725 .9107156 .9362802 .9057704 .8311499 .7824094 .7966518 .8035944 .7937107 .8048856 .8237758 .8326409 .8749836 .9165421 .9712684 1.01311 1.019248 1.00167
.933496 .9244542 .9174207 .9159593 .9202909 .9260682 .9328393 .9391116 .9450018 .9412311 .9329769 .9372167 .9429489 .9452859 .9451481 .9443104 .9566452 .9475 .9492995 .9471208 .9438053 .9392468 .9388371 .937783 .9341848 .9238383 .9094169 .900364 .8522242 .8145562 .8873605 .973657 1.000164 .9709834 .9362985 .8601389 .8067344 .7685581 .8344347 .9409164 .9585387 .9421729 .9165561 .8939986 .8831385 .8843524 .8807993 .8568974 .8058318 .7706333 .7336165 .7248281 .7533506 .7427338 .7683814 .7910347 .8441081 .9139536 .9854626 1.081528 1.137479 1.12808 1.079284
.9296748 .9220043 .924866 .9273265 .928 .9297361 .9338861 .9378772 .941633 .9354268 .9287305 .9320065 .9374087 .9420849 .9469041 .9485908 .9506217 .9422002 .9410148 .9444419 .942327 .9365424 .9338828 .9345469 .9290638 .9122559 .8889505 .8603365 .8347034 .8548864 .9934971 .9921139 .979189 .9632849 .9093369 .8485707 .8149076 .8134985 .8758628 .9139214 .9251958 .8717071 .8653579 .8361666 .8400965 .8241028 .8131515 .7869861 .7366738 .6975188 .6789271 .6888447 .7203342 .7224798 .7477342 .8102215 .9050219 .9917523 1.124627 1.250506 1.268074 1.206882 1.128477
.931419 .9267042 .9360425 .9370784 .9341722 .9332824 .935162 .9374542 .9399889 .9302891 .9294219 .9319268 .9368618 .9418952 .9470504 .949059 .9495436 .9437629 .9388543 .9402159 .9411273 .9371645 .9308136 .9333179 .9283057 .9155331 .8919028 .8647812 .8710362 .9277229 1.005744 .9566785 .9352828 .9192557 .8813198 .8481405 .8405413 .8512231 .8724096 .8974249 .8414368 .8272188 .81329 .7933087 .7979758 .769976 .7569344 .7364571 .7004656 .6678693 .6362414 .6523979 .7116876 .7483836 .7902101 .8689551 1.003717 1.147828 1.328652 1.40523 1.354685 1.234691 1.131596
.9273213 .9285099 .9350244 .9405603 .9405625 .9375146 .9354836 .9358819 .9361627 .9285421 .9315429 .9357322 .9390957 .9426988 .9477946 .9472829 .9462372 .9434445 .9383265 .9380534 .9405802 .9420478 .934456 .9370659 .9398295 .9362832 .9149285 .8951587 .916213 .9543777 .95635 .9257199 .9143618 .8801242 .8598819 .8760495 .8449737 .8514444 .8621534 .8553819 .8656204 .882257 .8260899 .8124244 .7712585 .7413405 .7311695 .7046453 .6894038 .6521868 .6438327 .6656863 .7304761 .8081222 .8610805 .9747617 1.154017 1.360801 1.505734 1.489928 1.338499 1.190294 1.051284
.9345186 .9403919 .9418059 .9426133 .9434136 .9418526 .9391447 .936578 .9352749 .9394804 .9407515 .9415273 .9427859 .9448391 .9469502 .9475577 .9461656 .9436869 .9403337 .9372452 .9399309 .9459304 .9488785 .9458337 .9319439 .9190924 .9238064 .913062 .9151467 .9222167 .9175345 .9115807 .905549 .8899208 .8615925 .8414114 .8392201 .8541864 .8855432 .8951311 .8730616 .8586777 .8336615 .8131374 .7818938 .7465708 .7092125 .6619269 .6532711 .6543824 .6609101 .6974921 .7891498 .9089308 .9734517 1.091285 1.325614 1.524824 1.557122 1.444305 1.238254 1.076233 .907454
.9433526 .9478669 .9470387 .9470664 .945888 .944948 .943307 .9402903 .9444748 .9531883 .9534659 .9507692 .9480016 .9493445 .9510987 .9478521 .9465214 .9436953 .9430711 .9426379 .9412129 .9499453 .9416032 .9375594 .9265107 .9065363 .8941147 .8974841 .9016044 .894443 .9005968 .9013628 .8802301 .8617438 .818952 .8194003 .8523254 .867193 .8622405 .8508343 .828593 .8135188 .8333009 .8017073 .7755753 .7351662 .6672389 .6515802 .6293373 .6414612 .6971124 .7662997 .8947808 1.019294 1.071388 1.201432 1.441559 1.590424 1.513336 1.316226 1.075786 .9045507 .7530164
