py_wake/examples/data/AJ_ParqueFicticio/Rough survey   Sector All   Height 30m   Power density.grd
DSAA
73  159
 258469   265669
 6501692   6517492
 18.49057   986.5446
[rows 112 to 139 of 159, columns 0 to 62 of 73]
268.2092 292.5403 264.2882 255.7767 278.5653 299.2802 319.792 368.9218 443.3111 495.6603 579.753 696.7758 634.8709 492.0617 374.0078 222.5802 182.094 232.9663 245.3069 190.13 147.1654 148.7206 123.8294 142.3822 279.7681 414.9424 439.4738 373.9588 309.3852 284.2375 320.7593 364.9553 343.908 249.7151 176.5984 123.9276 96.24403 134.5024 254.0249 382.61 491.9621 528.7845 423.8908 250.1019 167.2998 119.949 99.31467 91.76755 93.22953 128.2435 189.9641 216.3873 170.9373 125.2156 98.90277 93.73282 92.70484 89.5743 80.30107 55.53182 27.74815 28.99498 31.30034
287.64 316.8803 310.9572 299.5255 319.1807 358.4434 392.7065 449.2499 513.4894 544.7511 622.9971 719.6407 653.1707 482.9146 327.208 203.9337 222.2891 298.2679 298.2313 189.7163 133.3992 115.629 103.4956 134.9693 266.3543 416.8527 396.0326 262.1184 217.3733 226.2988 243.2232 328.5107 406.3702 398.9382 327.0131 237.1191 163.3866 168.5653 277.295 401.462 551.9109 603.1955 448.4153 244.1109 159.1466 114.367 98.39357 90.11914 85.8316 90.02692 109.9827 129.5403 122.7162 107.1585 92.9119 89.63563 89.68208 90.17331 87.8441 72.78731 43.62634 26.55685 28.20854
359.5762 374.8034 371.2721 356.6591 362.9093 412.8115 491.5526 535.0317 563.0917 578.657 681.2677 751.5665 630.2164 415.2288 269.1714 212.234 287.0851 376.5088 306.6705 199.2849 146.7308 119.5762 107.2965 123.4397 216.0605 347.6012 345.4219 228.0334 168.667 172.2406 185.7841 232.9046 339.4937 390.6108 428.4948 408.4035 327.2195 290.042 370.9302 468.1071 598.8704 651.9335 459.7277 262.0186 172.4248 132.6078 107.9952 90.68859 80.9504 72.11928 71.26634 80.56723 84.14647 91.24493 88.58469 85.94865 85.0165 85.28117 85.66364 82.93082 73.48515 50.32214 31.39911
429.2767 436.3809 428.2136 416.8682 418.1569 477.1639 555.0219 576.3617 603.0287 640.5997 727.4789 741.0682 594.2358 361.5042 263.3723 257.5316 355.7317 429.3407 351.507 248.9052 200.4 157.0894 113.2198 113.0332 144.5988 240.7463 269.1324 176.6606 138.6986 135.2504 142.3658 175.8824 221.5413 277.8067 346.0715 451.8128 486.6024 482.9015 526.6097 565.64 631.8055 677.0777 515.1438 354.5037 237.8203 179.5286 129.7888 98.09132 81.16965 70.08197 64.69191 64.23107 66.19896 76.42793 83.05549 83.04037 80.97674 80.57616 79.26834 79.18646 74.18642 62.14374 52.01017
420.629 438.8874 439.9368 449.46 462.934 532.2273 582.8007 604.0766 656.2042 699.8001 769.7628 697.2331 562.8613 392.73 326.554 346.4038 421.4397 477.6733 431.6094 360.7556 295.1108 221.0739 135.28 101.8089 98.73971 146.0696 192.5174 136.6471 116.456 123.0975 134.9516 137.4924 155.9014 198.3261 263.0293 387.6808 546.7047 599.8273 633.015 590.275 604.8788 638.7596 566.3026 452.6571 343.8419 255.9051 180.4139 127.1903 93.08158 74.44017 68.86703 68.90241 67.5419 68.16645 75.68993 77.20869 76.23193 73.11162 72.56389 74.20357 73.37926 66.27231 58.56539
363.0152 382.6064 393.4236 418.4522 473.5599 541.5847 581.1666 631.8068 682.9727 754.8449 720.2166 648.7684 544.2192 439.8172 414.601 428.0158 459.2263 498.73 468.1135 413.7122 352.0401 280.309 206.6999 116.2301 85.31805 88.59929 110.9422 109.2161 111.0246 122.9324 124.2901 121.6526 150.3837 205.3227 261.4472 396.1381 578.31 656.0358 617.5472 519.8301 462.6188 453.3763 448.8411 388.8698 343.7988 297.1546 226.4116 162.6245 113.5799 83.45023 73.80405 75.83324 74.25742 71.32778 70.49099 71.15828 70.78609 66.13236 59.48616 62.13282 68.71177 68.64396 59.66922
285.3289 304.6178 335.6201 383.8317 457.2847 529.2089 588.5074 671.8849 724.6534 747.9246 651.4619 561.8016 466.6442 407.9726 431.8977 480.355 479.3593 452.5378 388.6462 335.7921 282.5354 238.9533 237.1693 196.7798 111.9266 73.75509 62.27264 71.72139 116.7663 133.244 123.4521 109.1721 148.5109 209.9106 227.8781 346.1547 581.8086 711.9157 584.2302 351.312 273.0499 272.9028 306.0323 289.8065 222.2703 230.1126 207.8306 158.0096 123.7982 91.56565 81.51588 84.91556 83.8709 82.60149 78.35568 75.94195 72.65355 70.77995 56.93475 45.34217 49.29544 56.46296 50.95276
228.0147 251.7237 303.4663 379.5085 470.1989 547.621 619.851 712.2764 741.395 713.0515 571.3348 423.3718 355.0518 319.1575 379.5145 471.5325 495.8763 395.0279 296.5577 244.2993 186.3583 139.742 153.0437 217.5544 190.9649 112.4291 67.7486 68.93638 97.8568 140.4321 110.9774 103.6887 145.0175 176.392 181.4419 310.9755 588.2561 787.4693 585.2603 270.4899 156.5734 145.8971 198.1478 261.7814 173.3428 145.3389 146.74 128.5828 110.653 88.24377 79.57436 84.33668 90.22582 89.29527 88.46608 88.255 84.08192 83.62801 70.60239 50.18962 35.51562 39.21893 40.28033
223.4796 256.0732 315.7769 410.5645 500.743 585.3647 666.328 727.5814 728.7528 687.632 534.6732 344.6212 262.1471 232.9703 292.1466 417.895 491.4092 414.147 288.8782 217.3512 150.5717 100.2317 89.76212 158.837 211.541 169.573 98.96319 71.51022 79.67189 101.4991 91.49828 94.94063 147.395 141.7224 174.2798 338.0562 597.9207 781.0499 650.4877 285.9044 129.5634 85.34563 119.3312 213.7609 189.9743 137.0034 117.4839 106.4769 95.73375 81.87574 71.63406 72.01549 81.62051 87.6319 88.60935 89.3871 86.65849 80.68025 65.39965 52.32389 43.39788 41.46966 41.32976
274.893 281.3402 353.8753 463.5222 551.4311 639.5565 759.6788 733.4593 633.5686 574.2596 573.3389 384.8773 244.3831 206.5079 242.1271 307.5622 385.2877 396.7333 336.891 272.5995 186.4405 108.6352 77.59744 106.3912 147.4379 146.4644 127.2693 86.53743 65.05858 65.00285 71.58979 96.28355 121.0672 119.2589 202.7287 389.553 636.9194 734.3626 614.2045 317.3152 156.0329 81.18567 81.74425 137.8854 168.604 152.9931 133.1267 114.941 99.60571 86.93085 73.97845 65.08007 68.33791 77.26089 81.53481 85.6108 84.98183 67.26425 51.30624 51.94942 49.67906 45.71122 49.12463
337.651 336.4824 401.3401 523.7718 620.7502 720.2503 803.4157 715.284 443.3139 407.6744 570.2388 507.3159 341.3557 261.0331 235.6492 242.0352 277.0247 283.7842 269.5156 261.3722 220.2739 130.4266 87.9041 86.20142 99.48847 102.2707 107.9699 112.6378 79.0711 54.55223 60.17657 85.40663 99.72292 151.0195 261.3148 476.0456 675.7839 629.8251 466.0421 303.7519 201.3041 101.6097 73.71584 93.13465 116.6118 129.6697 135.0052 134.1382 120.9047 104.9928 89.44043 70.46774 63.51989 63.72652 67.23076 69.29579 70.37849 56.62048 50.80558 59.78305 67.56315 66.72205 69.05281
408.1426 430.3766 511.9544 609.798 746.1715 798.8207 801.7722 644.811 314.7711 285.0969 475.7051 512.94 470.6617 392.3836 311.8121 251.5132 243.2926 225.5011 213.4137 213.1879 199.4617 144.483 105.0317 88.04215 81.34065 85.69354 86.62238 100.7647 86.94654 59.56755 56.32534 69.38395 105.0203 188.935 346.9023 558.3737 654.3574 544.3276 340.3049 219.4399 193.3681 142.0771 96.19964 84.09787 91.14072 96.60421 107.1089 117.6194 126.7273 124.1887 109.9452 88.96305 75.65396 65.32747 58.22894 53.23532 48.23339 48.40498 47.27721 59.65313 82.53362 86.1077 82.54154
500.2061 576.1431 643.212 735.8889 845.7285 894.5867 768.6726 480.0421 230.5631 197.8044 353.1267 413.6599 470.1298 479.4175 441.9384 359.8567 323.6884 277.1697 240.9412 214.3673 207.2174 189.8186 151.5115 102.6407 82.06503 87.2583 85.96912 97.65322 79.6302 54.87891 47.66927 71.11301 129.8985 233.4882 385.1637 553.4019 588.1028 459.2776 296.236 165.1747 133.0826 141.6068 132.9713 114.3145 97.93134 88.14535 87.28784 90.12723 96.9764 117.663 123.2417 107.057 91.06387 74.29911 65.45512 59.20583 46.88586 42.53535 39.25053 50.79654 81.7049 94.54441 92.79607
541.2994 668.1737 786.7048 834.8734 913.9528 786.5912 626.7807 379.52 185.9939 153.8664 228.9351 280.2574 387.8114 449.6879 435.9262 401.4461 382.418 405.3386 385.8897 339.1429 290.0355 277.9174 223.3072 143.6417 94.8609 94.38789 112.7464 133.5471 117.3996 70.72427 53.27899 68.48543 130.0687 235.638 388.9141 513.9382 508.3397 394.2411 268.6474 165.129 119.1476 111.0499 121.4867 130.9301 123.7692 106.612 101.5035 85.63436 67.58413 81.04291 102.721 102.6912 87.2657 70.93504 65.12049 59.74033 52.86576 46.53701 39.29261 41.54286 63.17986 94.44892 98.61917
591.8934 703.8044 868.5277 947.6787 901.2579 705.7125 566.1476 382.0115 209.646 142.9693 161.4235 186.1612 287.0972 354.7836 363.7045 318.7486 289.9028 368.4936 411.0579 436.233 387.2238 345.9232 281.84 200.4343 146.9621 135.4249 166.5164 198.9962 184.509 97.64655 59.9028 62.18736 108.5215 222.5917 368.0902 450.5584 427.595 371.2996 257.0107 154.2364 127.5335 117.7811 106.3697 114.2037 112.6851 110.5216 109.6005 107.5795 70.25431 50.9635 59.42835 65.57153 66.25217 67.78976 64.19957 60.52552 54.92801 54.40081 59.23963 41.78055 47.92031 85.16699 97.68799
653.8047 774.1699 913.0665 986.5446 827.0895 626.1068 560.5081 450.5487 258.0762 149.5557 128.7562 140.5152 204.1583 262.0366 305.7874 295.7094 201.0037 230.1742 351.7549 383.9682 355.4479 326.543 264.1049 224.7432 187.0088 172.5718 181.3397 204.8909 203.354 118.9291 62.03896 53.44053 115.4147 233.8296 332.0069 366.0574 350.1536 344.6481 263.777 152.9413 112.4802 117.4146 116.6793 113.9126 106.4713 99.01878 97.42286 117.5586 110.4456 57.7317 34.16002 40.00646 59.57026 73.72585 73.83482 67.9479 71.04083 88.84534 84.50288 40.99152 41.79794 71.7406 82.48074
662.5003 803.2899 952.1931 933.7546 796.0641 539.623 538.2057 471.4288 299.0071 201.9595 148.9798 112.8352 133.1756 181.6439 276.9286 332.4131 205.8962 170.4042 237.9546 273.2889 267.1365 278.0404 219.3988 204.1794 211.455 197.3786 187.8082 175.2603 165.1651 114.3445 47.83393 59.14727 132.7305 216.6578 282.5857 287.2022 272.1747 282.9756 254.1602 166.4237 115.0262 106.2738 107.854 111.5609 116.0203 100.6277 89.8649 97.83321 121.7159 99.06313 49.34829 40.85891 61.37079 107.7578 123.6744 118.2432 122.1286 126.7275 97.06022 38.83866 36.28699 53.08569 59.38131
699.0057 827.971 881.4569 819.4615 663.3456 480.6159 508.8474 448.454 294.4128 228.7867 172.8113 107.7744 100.3842 127.2198 232.8416 347.674 267.7339 165.8316 167.9777 175.8217 184.0711 219.7007 179.0603 177.1011 230.118 246.2182 230.6146 168.7697 139.6967 96.24299 46.21832 55.45283 111.7125 166.7707 214.0845 219.881 201.6757 224.4072 238.9577 179.6496 126.4302 104.8191 105.7012 101.1095 107.1829 104.5936 95.4983 84.87856 94.2149 97.14393 64.73784 49.39739 60.24928 116.1257 157.6446 154.2694 151.7304 165.3414 121.5166 49.57479 33.55877 35.65418 44.39845
800.4135 839.6246 760.6644 622.0605 446.1656 418.0237 528.5648 430.5649 316.9478 248.1183 191.3088 128.7303 95.48212 107.7698 168.0296 294.4364 330.005 215.2546 137.0033 121.6438 132.7708 169.1412 138.5025 134.3294 233.3386 287.6791 321.5457 236.0554 168.6186 107.7152 59.76548 58.13295 91.33015 119.3605 143.6028 156.5371 150.8381 183.0322 219.5807 217.5298 151.8172 112.6989 112.9401 103.6225 97.59438 91.91174 92.63522 86.99519 73.6749 69.7573 57.32762 50.81184 55.82168 106.5316 156.3968 158.2857 164.4995 183.4904 172.3229 97.41718 49.62943 40.87624 41.7367
924.9468 741.9114 585.7181 461.2459 294.7703 330.6536 530.8523 522.4166 433.055 336.5005 249.5279 180.0022 125.7651 88.97523 112.8111 207.2783 338.6124 293.9408 167.6983 108.5595 101.4526 125.3112 110.5008 103.2958 181.7188 287.8618 365.3135 361.5319 259.5372 159.6389 99.31749 69.57474 89.32601 93.32043 98.43239 99.67889 111.2259 150.8332 194.912 220.0683 183.5751 151.8264 141.1507 140.4444 127.2408 97.9539 84.64788 78.16505 64.66003 47.80911 45.24744 46.98491 60.80149 101.9238 141.349 153.6915 165.1322 183.5616 197.9366 173.4813 91.84412 51.64978 47.64789
888.1725 572.5511 422.1749 358.8531 234.7571 278.4145 461.9565 504.5938 530.424 441.3441 320.069 233.1456 159.8619 95.4307 85.02933 149.3671 285.6151 322.0787 231.6107 130.7387 90.36048 100.496 92.69877 90.22433 145.8416 255.8579 366.1118 435.2959 326.4299 211.3655 148.659 133.3769 124.5906 109.8715 82.81253 68.75732 85.99385 109.9174 156.0049 208.7879 203.6266 186.8907 169.1679 176.1165 166.3068 138.8773 108.8828 78.38295 45.44903 33.17582 37.59741 38.52432 66.28386 103.6686 126.5139 145.0525 155.8053 183.4981 205.3482 203.0779 142.5618 79.30608 66.87582
779.1536 420.3275 292.4531 255.7385 184.7469 240.4099 365.9825 476.227 518.0378 484.4347 334.1977 230.2064 168.008 112.8126 79.43318 113.5197 209.8751 264.3839 247.1237 181.7241 105.9574 90.42809 84.99575 86.09295 132.1307 229.0253 343.7119 376.541 302.3916 199.4827 153.8151 167.8169 196.5532 170.7098 105.1581 66.57376 66.6749 81.27253 109.8377 159.8304 183.2248 174.4957 164.0131 173.8275 188.5616 165.5145 134.4265 104.4414 44.54968 29.3011 34.354 31.46901 38.155 75.33414 114.2137 126.3677 141.4725 178.3933 208.0366 227.6735 174.0981 120.375 95.64273
686.8724 324.9447 201.0122 173.8247 156.9525 230.5909 328.0721 432.0229 505.5815 544.3011 436.0009 278.4171 170.9026 113.4865 76.43462 92.52555 140.9342 185.2523 204.1331 198.261 135.0574 96.45648 82.0183 81.16878 127.4608 216.746 316.7216 345.9523 262.7144 171.6589 125.2358 137.8185 173.1526 195.0128 153.5472 91.48342 64.83177 68.30335 84.36261 123.4306 161.913 160.5808 155.9919 160.9332 166.822 147.1931 126.0223 112.4465 64.50954 29.27716 33.74685 33.34284 28.70587 39.84553 85.55897 105.3425 118.3535 147.8996 180.5188 229.4729 217.3215 165.4265 137.6304
625.8879 302.4601 155.5405 121.6673 169.3835 257.7065 301.6126 345.4076 457.8055 519.8067 491.5291 391.5704 252.1769 149.4389 94.53984 79.39995 107.6075 129.5695 158.5636 169.8916 143.4032 113.109 89.5229 87.85737 141.092 251.9921 313.5176 307.6703 225.0791 166.3261 130.4481 116.4179 130.3204 160.2273 156.8327 115.0157 80.49644 69.25065 77.50408 109.6286 145.6755 158.9725 157.39 141.7884 137.9931 125.9915 108.3615 92.9455 69.32617 34.3675 32.26966 34.07875 32.43084 29.06298 58.14536 79.22121 95.36982 115.5491 153.2941 191.4039 218.9768 200.6021 174.4768
595.3966 319.0381 149.3569 109.7044 177.6773 263.5158 269.3729 286.6351 362.4976 396.8776 396.3123 404.02 356.9369 238.6504 162.9345 107.2008 93.8816 106.3288 131.7767 133.4548 126.4566 118.6848 93.97633 95.30339 168.207 299.2365 356.8974 275.7083 166.1142 141.7431 141.0453 135.8803 115.5515 122.2197 132.0008 119.9756 94.78827 75.41711 77.55692 95.93109 134.301 160.0646 170.1691 126.2373 116.4105 105.9065 98.70943 90.59643 70.1779 49.90025 38.78355 34.99465 34.16816 32.224 40.91673 57.92897 72.47464 89.74216 116.8482 161.4944 208.7514 208.1006 191.3085
524.2777 331.0804 155.5872 101.8097 170.1626 237.0833 260.8658 285.7193 323.0774 298.0655 269.9658 298.8745 332.5959 259.2571 221.8194 185.1026 117.3458 101.2583 104.5178 113.2238 104.9084 106.2593 88.7588 96.26128 184.876 327.0824 412.4365 275.2278 143.114 105.9967 117.982 137.6536 132.2076 112.447 111.6551 113.2891 99.58347 82.58022 78.13342 87.795 126.2273 159.2679 173.9036 140.9155 122.4389 105.7056 94.30489 110.7207 102.2886 79.24331 54.3628 41.59855 34.24445 35.91874 34.77835 38.83173 48.22786 61.47393 78.40988 114.12 174.4711 211.2961 206.8761
423.1942 297.0521 169.3924 96.75494 137.1609 203.6707 269.3555 300.1445 316.9419 266.7726 207.8331 207.0582 262.3436 219.696 190.178 216.6842 177.4481 130.0687 109.7048 104.5486 90.36609 98.04537 80.59279 95.20777 195.0728 334.7294 395.8474 282.7988 148.9092 93.2701 95.94254 116.3224 139.5685 125.9652 115.2823 105.4904 96.46053 87.33061 78.68117 77.52058 115.987 153.5842 158.2418 139.9618 129.2413 119.9775 101.7732 104.1146 111.8986 84.63873 70.51006 60.31451 37.96804 36.11477 37.47175 37.15368 35.50109 37.76638 43.31517 67.91665 117.9377 175.2987 202.172
358.4038 249.5708 176.5663 96.81291 114.1408 187.1906 279.1801 296.7109 290.4544 301.7357 227.2872 176.2827 192.1677 173.5216 149.6402 190.9041 184.864 160.446 176.2553 141.5669 87.78135 83.38162 75.43711 89.90072 182.6646 303.2549 398.5534 293.9681 156.4179 98.922 87.85383 97.03961 121.7136 131.243 123.6673 113.8268 107.2693 100.9454 92.44014 77.91863 103.5118 132.7073 129.2787 117.5762 117.6487 116.155 96.17085 97.49138 98.03889 76.896 77.4576 85.69012 79.62081 55.81739 38.65132 37.08509 39.33888 37.40596 31.41039 37.54759 69.49465 124.2307 177.6173
