py_wake/examples/data/AJ_ParqueFicticio/Rough survey   Sector 8   Height 200m   Orographic turn.grd
DSAA
73  159
 258469   265669
 6501692   6517492
-11.06624   14.65756
[rows 0 to 26 of 159, columns 0 to 61 of 73]
.3247914 .412274 .472584 .5182906 .5672295 .624956 .6825415 .7268433 .7608852 .7928435 .8359308 .8713077 .9026142 .8781811 .8370145 .748306 .6103326 .4640075 .2398544 .01742108 -.1202979 .06370646 .5604429 1.012316 1.244046 1.323527 1.214942 1.35188 1.476679 1.469822 1.399133 1.394658 1.202785 .9697025 .8029517 .8784133 1.144312 1.549593 1.773574 1.894079 2.06812 2.280712 2.489014 2.701397 2.744896 2.711854 2.656026 2.626007 2.599539 2.62696 2.665094 2.743454 2.838102 2.958703 3.05388 3.157652 3.254448 3.295653 3.273358 3.174775 3.06347 2.88383
.3774322 .4675388 .4944745 .5189728 .5685821 .6355122 .6848995 .769594 .8029098 .8133698 .8445956 .877872 .8994462 .9024211 .8504791 .7371502 .5945733 .3900577 .1325618 -.170675 -.3254069 -.06662214 .5293044 .997443 1.142825 1.208492 1.209846 1.378526 1.52813 1.494817 1.474059 1.395893 1.260787 1.043726 .8487198 .8513889 1.002423 1.282867 1.453005 1.558316 1.687718 1.901061 2.158676 2.383861 2.546849 2.533843 2.507668 2.473073 2.469241 2.491602 2.56923 2.69653 2.845061 3.003238 3.123849 3.24691 3.359693 3.403507 3.351763 3.294624 3.171878 2.980008
.3238916 .4731195 .4895275 .5263159 .6132703 .679038 .7359818 .794696 .8476645 .8790908 .8767855 .9051848 .9515493 .9644572 .9178179 .7711096 .5824021 .3666694 .09717361 -.1926049 -.2937855 -.03199017 .5419347 .9560881 1.198654 1.24283 1.22041 1.376347 1.526559 1.556296 1.552692 1.484325 1.373655 1.190492 .9776524 .8216526 .853255 1.054043 1.139421 1.215237 1.347357 1.663338 1.956439 2.18842 2.324342 2.406048 2.391828 2.341071 2.353956 2.342449 2.426505 2.606652 2.803994 2.972641 3.140412 3.307029 3.45282 3.533589 3.545073 3.475971 3.362174 3.110391
.1687465 .3417204 .4682465 .5616869 .6327184 .7037543 .7996606 .8697807 .9220339 .9720421 .9723892 .9477471 .9887249 1.022411 1.008324 .8509943 .6585343 .4156403 .1419864 -.1385411 -.1688789 .1333577 .6573898 1.051421 1.287176 1.276294 1.326839 1.417925 1.558895 1.610731 1.637084 1.703883 1.607096 1.426023 1.2817 1.202728 1.089336 1.120475 1.081468 1.028306 1.217838 1.594029 1.967462 2.130553 2.218116 2.258895 2.279244 2.278744 2.289123 2.288544 2.331465 2.503217 2.694498 2.959113 3.203539 3.421015 3.62911 3.766694 3.812224 3.748159 3.6003 3.362926
-.01256186 .1746424 .3788601 .5576468 .6450117 .7525178 .8405343 .9578297 1.015002 1.04871 1.072237 1.036561 1.03431 1.073717 1.092865 .9697769 .7546659 .5121441 .2259098 -.02598846 -.001019332 .3473379 .8404416 1.278438 1.538837 1.485283 1.478804 1.571444 1.692854 1.760675 1.851895 1.88297 1.844459 1.721461 1.780643 1.842323 1.89616 1.773737 1.649772 1.369214 1.457571 1.874347 2.278075 2.268086 2.174162 2.095926 2.103891 2.191562 2.174619 2.217147 2.157393 2.317726 2.542678 2.871866 3.20702 3.548278 3.847972 4.046384 4.147227 4.123836 3.973003 3.657742
-.1408738 -.06981035 .1401387 .4205425 .6414363 .7578602 .8828772 1.001649 1.054515 1.091397 1.099198 1.113664 1.100195 1.178693 1.152665 1.122733 .9413324 .6880479 .3985372 .215849 .2844018 .5973321 1.007977 1.443747 1.742819 1.764954 1.73662 1.768881 1.852198 1.988457 2.107607 2.196494 2.19754 2.316922 2.374516 2.541465 2.762119 2.774208 2.524319 2.150979 2.133444 2.474446 2.663697 2.511064 2.405483 2.259215 2.238029 2.281012 2.214177 2.130038 2.127521 2.161273 2.409532 2.789055 3.27879 3.776066 4.185206 4.466329 4.643208 4.637696 4.493572 4.156496
-.3138739 -.3021451 -.2089639 .07962723 .4591642 .7189914 .8240947 .8884022 .9488732 .9963007 1.010876 1.069247 1.099991 1.143524 1.158297 1.190497 1.18473 1.002169 .7827783 .5544659 .5894111 .849342 1.215544 1.574801 1.862043 1.952156 1.993908 1.985698 2.036915 2.117762 2.227474 2.40781 2.60165 2.610694 2.743073 2.883543 3.115725 3.262434 3.094011 2.86914 2.997661 3.166648 3.118241 2.830409 2.666189 2.60287 2.559618 2.515376 2.414606 2.279751 2.197543 2.247229 2.456278 2.834116 3.444835 4.07504 4.600584 4.992035 5.273572 5.310671 5.174784 4.816624
-.4244584 -.4430776 -.4212854 -.256308 .0736893 .4366612 .6358247 .7076172 .7513173 .8031077 .8352715 .9140484 1.022043 1.114196 1.166518 1.278235 1.401213 1.388057 1.249704 1.094167 1.080923 1.250419 1.513344 1.745105 1.926221 2.049616 2.105538 2.131264 2.136754 2.189592 2.272775 2.455461 2.668006 2.795981 2.947453 3.131518 3.343895 3.504928 3.505711 3.527957 3.8637 4.00147 3.781058 3.383159 3.088531 3.055274 2.9837 2.952082 2.709329 2.539052 2.488266 2.601794 2.859347 3.276459 3.864867 4.574858 5.136145 5.600606 5.94042 6.097148 5.93351 5.536224
-.5129845 -.5409912 -.5126052 -.3350219 -.05099642 .2518796 .4460745 .4784275 .5297105 .5488988 .6511732 .7659572 .9185942 .9568175 1.055331 1.286791 1.547326 1.751084 1.802838 1.786618 1.723381 1.844931 2.052059 2.10259 2.183608 2.231025 2.318489 2.290308 2.258442 2.249248 2.266448 2.463953 2.700114 2.921218 3.150041 3.335443 3.66502 3.86202 4.071791 4.30296 4.82283 5.082796 4.844833 4.380593 4.042108 3.939983 3.833181 3.68125 3.49209 3.36345 3.242474 3.319872 3.590875 4.053567 4.667092 5.224294 5.69613 6.181071 6.608741 6.776763 6.627353 6.235624
-.593151 -.625109 -.5888929 -.4423995 -.2510234 .08404417 .2743329 .2825168 .26775 .2924381 .4133136 .5981774 .7735187 .8281004 .8631886 1.096727 1.477002 1.841484 2.156732 2.347359 2.456554 2.639084 2.795589 2.88447 2.854427 2.659738 2.553483 2.493256 2.351756 2.247381 2.280867 2.480952 2.732689 2.957341 3.218111 3.45899 3.777707 4.228432 4.596819 5.022984 5.644267 6.011442 6.05823 5.72682 5.514181 5.316966 5.10027 4.81615 4.617845 4.492215 4.378963 4.359813 4.595898 5.129 5.696031 5.980947 6.273957 6.692969 6.999819 7.204154 7.036153 6.676875
-.6824967 -.699872 -.678291 -.6141977 -.6722525 -.4783453 -.3318411 -.14473 -.0231082 -.04298924 .1522282 .4562117 .6413529 .6552361 .6709135 .8507286 1.217347 1.648036 2.065054 2.480239 2.880457 3.218651 3.481797 3.552874 3.602958 3.443567 3.145494 2.788122 2.541652 2.347216 2.362882 2.512141 2.761971 3.012582 3.251406 3.485273 3.876375 4.332119 4.866495 5.389072 5.963319 6.440033 6.732339 6.836262 6.995353 6.807246 6.585966 6.303591 6.058788 5.826252 5.690311 5.63189 5.851432 6.337753 6.793184 6.936488 7.001642 7.193367 7.404171 7.497221 7.280393 6.840256
-.7572716 -.7845775 -.7506821 -.7350043 -.7397422 -.6709668 -.5711626 -.5979642 -.5509183 -.5148094 -.1465147 .211442 .4487027 .4974103 .5206515 .6560091 .9443214 1.243862 1.618311 2.131176 2.770652 3.359426 3.770354 3.902755 3.933827 3.895576 3.54114 3.035258 2.78711 2.528346 2.523142 2.614551 2.807418 3.094306 3.26677 3.513723 3.900726 4.358138 4.933248 5.481385 6.0341 6.464516 6.951183 7.364148 7.759471 7.825235 7.684935 7.55916 7.390662 7.198342 7.081923 7.0926 7.33018 7.82299 8.191724 8.275607 8.3529 8.422077 8.497719 8.390554 8.007733 7.455955
-.809734 -.8482834 -.8133252 -.781663 -.734188 -.6635098 -.6867893 -.838 -1.046206 -.9932166 -.5208234 -.1692174 .02035074 .2132741 .4315387 .6810032 .8757072 .9847278 1.240057 1.611715 2.160439 2.79235 3.488974 3.878529 4.023163 4.039291 3.901959 3.512549 3.14238 2.890613 2.752419 2.767536 2.906121 3.157454 3.377596 3.624181 3.9441 4.342508 4.852459 5.437567 5.973251 6.468061 7.019474 7.587996 8.124767 8.270721 8.358677 8.341558 8.305377 8.309886 8.389461 8.6133 9.066893 9.589754 10.00807 10.40174 10.6821 10.91975 10.91097 10.4766 9.707918 8.935737
-.8385783 -.8113555 -.7708732 -.7593473 -.728907 -.7309484 -.8314936 -1.087361 -1.292281 -1.231676 -.8996007 -.5709959 -.4164154 -.2834601 .01549631 .4764437 .7466815 .9311429 .9245703 1.129549 1.569724 2.266479 2.939069 3.459159 3.798828 3.934477 3.949686 3.751038 3.326913 3.08677 2.913157 2.852229 2.958582 3.190087 3.540562 3.795786 4.026868 4.304753 4.66928 5.172381 5.800028 6.398809 6.974329 7.622638 8.188219 8.592701 8.743845 8.93893 8.97047 9.155895 9.414948 9.806139 10.5346 11.38132 12.09317 12.7457 13.26025 13.58101 13.53616 12.92363 11.91719 10.71417
-.8174835 -.7784483 -.7493528 -.7429356 -.766606 -.8083616 -.9454845 -1.1421 -1.315304 -1.30167 -1.009442 -.7451078 -.6224073 -.5057122 -.2230862 .1798667 .4361963 .5734369 .6690969 .7532713 1.033948 1.566373 2.231831 2.928356 3.392495 3.638292 3.654402 3.489783 3.309288 3.096588 2.978754 2.91994 2.946657 3.21772 3.657037 4.043368 4.141871 4.240754 4.401555 4.825455 5.480988 6.19965 6.874986 7.483941 8.016741 8.474518 8.753067 9.107399 9.533663 9.782731 10.0957 10.57513 11.38733 12.31331 13.16891 13.79782 14.31274 14.65756 14.51639 13.99689 12.97022 11.79482
-.7744783 -.7561718 -.7591429 -.7677777 -.7760751 -.878108 -1.009171 -1.172757 -1.290347 -1.263515 -1.026201 -.8344274 -.7271735 -.620476 -.4721645 -.2239541 .007883895 .1343257 .2711646 .3869378 .6261422 .9623116 1.372497 1.958696 2.598869 3.049625 3.203346 3.172423 3.034986 2.931123 2.767036 2.731502 2.738237 3.063564 3.612933 4.018875 4.13758 4.065714 4.02211 4.185344 4.847063 5.642712 6.457536 7.171718 7.653031 8.052641 8.437606 8.823884 9.381253 9.880645 10.16888 10.52311 11.12799 11.88762 12.49825 12.94327 13.34307 13.45963 13.32618 12.9952 12.43974 11.67817
-.7617227 -.7151604 -.7479323 -.7746631 -.8039541 -.8897917 -1.021212 -1.173008 -1.246546 -1.202325 -1.064659 -.9266831 -.8241457 -.7075811 -.612761 -.5154451 -.3552066 -.06245682 .1030577 .238717 .405598 .614024 .8360301 1.144467 1.566057 2.140865 2.483453 2.607064 2.611028 2.500974 2.360933 2.200337 2.199003 2.570676 3.163079 3.480258 3.56606 3.40819 3.135051 3.297853 3.939859 4.854049 5.845571 6.594808 7.091769 7.33968 7.568516 8.048184 8.668465 9.171824 9.478789 9.589026 9.842793 10.12043 10.57909 10.97094 11.22565 11.38988 11.40665 11.24229 11.07381 10.67119
-.7527314 -.7409553 -.7314278 -.7755268 -.8098212 -.8876843 -1.009995 -1.106994 -1.17696 -1.149208 -1.052191 -.9234191 -.8367893 -.7052364 -.6070656 -.5172651 -.4223381 -.2250856 -.08249985 .08809521 .1994106 .3337024 .4561919 .5581372 .772572 1.091561 1.338291 1.59497 1.759976 1.746841 1.511909 1.270724 1.315147 1.831994 2.421455 2.633518 2.493241 2.165109 1.692369 1.754809 2.49823 3.502954 4.543017 5.436592 5.967308 6.135125 6.338903 6.688346 7.278219 7.67059 7.79609 7.846776 7.960079 8.266694 8.653189 9.176655 9.66926 9.961786 10.06971 10.09876 10.03112 9.810586
-.741606 -.7525722 -.7737241 -.7777357 -.829052 -.8790206 -.964182 -1.059352 -1.120734 -1.092087 -.9945544 -.876559 -.8308601 -.7214242 -.6015335 -.535651 -.4218755 -.2908821 -.1827578 -.0389227 .0531495 .09514739 .08374406 .08517902 .04235776 .07399029 .2209299 .4387788 .5945011 .6302513 .5251071 .3143907 .475216 1.094562 1.572804 1.761767 1.543455 .9441474 .3420363 .2849714 1.146069 1.955828 2.71358 3.353283 3.888985 4.279326 4.542608 4.98121 5.487137 5.864727 6.001455 6.190602 6.456801 6.942592 7.59443 8.299829 8.904893 9.376305 9.64587 9.672937 9.552161 9.255719
-.7477365 -.7679246 -.7969188 -.7980614 -.8272422 -.8584031 -.9355704 -.9808123 -1.046086 -1.036565 -.9343134 -.8955973 -.8541537 -.7117835 -.6262223 -.5290295 -.4634392 -.3393797 -.251158 -.1261834 -.103791 -.0761965 -.1002546 -.1276512 -.196585 -.3722684 -.4880057 -.4504509 -.2860347 -.2571028 -.3388024 -.3015999 -.01445267 .5426852 .9072459 1.073063 .7441467 -.0403884 -.8934641 -.8637167 -.0491452 .6909296 1.170513 1.538691 1.942168 2.286592 2.736837 3.388581 3.918876 4.296105 4.600039 4.904097 5.521411 6.231584 7.083846 7.9586 8.712897 9.230025 9.579884 9.619419 9.416965 8.91934
-.6922775 -.7604939 -.8307304 -.8482587 -.832441 -.8616349 -.9034404 -.9185233 -.9555428 -.9399641 -.8699431 -.8434623 -.8169009 -.7313156 -.6148227 -.5431393 -.5122614 -.3938316 -.3096368 -.2822804 -.2736812 -.2351286 -.2142062 -.2080603 -.2930223 -.4666223 -.6463681 -.7694077 -.7524387 -.7730895 -.724352 -.4655594 -.2706023 .1477812 .4085798 .482293 .09792285 -.8435782 -1.702186 -1.592072 -.7817956 -.04054154 .2972029 .543207 .7231808 .9666099 1.502703 2.238421 2.861555 3.253303 3.619737 4.1945 4.987902 5.8783 6.900362 7.909691 8.76089 9.366249 9.687812 9.63204 9.243077 8.515749
-.6328827 -.6605745 -.7792645 -.8210602 -.8131099 -.8226965 -.840886 -.8703873 -.8884388 -.8341607 -.7984952 -.7742645 -.7569701 -.6885494 -.6343862 -.5678788 -.5130613 -.4539011 -.3921395 -.4184985 -.4415192 -.3636078 -.2850924 -.2506155 -.3386704 -.4630208 -.6291693 -.7946652 -.9825608 -1.17608 -.9504983 -.5696187 -.268106 -.1589231 -.0375218 -.002818119 -.5107895 -1.263713 -1.977945 -1.783287 -1.055132 -.4377603 -.03948504 .2043288 .2429917 .4758882 .9247514 1.497402 2.120156 2.62015 3.122343 3.757873 4.647243 5.665938 6.679495 7.799252 8.738048 9.339575 9.612898 9.466709 8.909502 7.948636
-.6551494 -.650383 -.7015805 -.7782185 -.794004 -.8069183 -.8047437 -.8117403 -.8333851 -.7765681 -.770761 -.7184668 -.7053176 -.6492925 -.6093215 -.5794216 -.5317699 -.447949 -.4344511 -.4468078 -.4783238 -.4174881 -.357361 -.3720165 -.4044084 -.5021078 -.616375 -.7958613 -1.136675 -1.334341 -1.127143 -.7816594 -.5060137 -.4436639 -.433786 -.4607126 -.9552331 -1.527869 -1.870936 -1.726086 -1.143283 -.5660556 -.1076045 .004317914 .1219823 .3204851 .6552648 1.063976 1.566318 2.150522 2.764253 3.582258 4.48868 5.481844 6.522017 7.618586 8.532911 9.147642 9.314256 9.079412 8.338161 7.215261
-.6756374 -.6857869 -.7437968 -.7581448 -.7735584 -.7766971 -.7759361 -.7890325 -.7940484 -.772709 -.7407866 -.7229987 -.6758103 -.6574767 -.5961432 -.5758929 -.4897661 -.4438518 -.4634132 -.5074421 -.5092365 -.4802873 -.4481773 -.4568054 -.4985818 -.5750141 -.7142903 -.8848704 -1.193073 -1.280003 -1.058415 -.8808613 -.8335328 -.8207787 -.8730145 -.8069996 -1.14832 -1.679092 -1.864053 -1.630122 -1.216615 -.6469246 -.2294918 -.07988728 .09549526 .3321623 .545315 .8342401 1.24785 1.795079 2.489723 3.370893 4.385923 5.405366 6.333419 7.387513 8.283419 8.856047 8.937181 8.468904 7.64536 6.46509
-.6864444 -.7228475 -.7486777 -.7381225 -.7520749 -.7478852 -.7554941 -.7726479 -.7608042 -.7740988 -.7260252 -.7187446 -.6932546 -.6629096 -.6024346 -.570459 -.528618 -.5185147 -.5159202 -.5670052 -.5938777 -.5721529 -.5404931 -.5822225 -.6021304 -.7125755 -.8860151 -1.096728 -1.251096 -1.244399 -1.192761 -1.059634 -1.112247 -1.208105 -1.294033 -1.174836 -1.238526 -1.607388 -1.798033 -1.635043 -1.392526 -.8355026 -.4036571 -.2149352 .009653719 .2077696 .3873982 .6193238 .9084044 1.387538 2.115735 3.181343 4.273775 5.28437 6.179856 7.112934 8.060985 8.535716 8.474711 7.874669 6.853682 5.615904
-.6641995 -.7061564 -.7303255 -.7002771 -.695271 -.6888058 -.724335 -.7393557 -.7567684 -.7876598 -.7320108 -.7075601 -.6837658 -.6189163 -.5981572 -.5600669 -.555742 -.5798237 -.588457 -.643096 -.6464116 -.6726742 -.6781511 -.7331692 -.7801225 -.9508598 -1.118267 -1.295322 -1.382396 -1.304647 -1.215282 -1.16167 -1.332541 -1.550052 -1.66178 -1.496722 -1.400044 -1.58818 -1.745247 -1.756651 -1.609521 -1.276044 -.7742803 -.445666 -.1796974 -.04803837 .06839453 .237675 .5341968 1.025627 1.753939 2.862603 4.127539 5.222073 6.052719 6.98597 7.884547 8.333576 8.111579 7.348188 6.156205 4.877982
-.6962436 -.7383068 -.7568795 -.7050862 -.6926716 -.6717672 -.7003829 -.7151796 -.7605935 -.7836967 -.7418846 -.7261557 -.6713036 -.6168503 -.6079498 -.6145348 -.6206418 -.6325963 -.6579282 -.6928542 -.7224687 -.7567001 -.7834448 -.8600872 -.921732 -1.121962 -1.309804 -1.432512 -1.409437 -1.442666 -1.304788 -1.249216 -1.446494 -1.718257 -1.884249 -1.783461 -1.616923 -1.621437 -1.711923 -1.849753 -1.925948 -1.670461 -1.217123 -.8616877 -.642424 -.5599136 -.4512807 -.2094302 .1503424 .6852304 1.474639 2.588964 3.911073 5.073251 5.98474 6.903418 7.823556 8.182344 7.86111 6.8939 5.52558 4.150689
