py_wake/examples/data/AJ_ParqueFicticio/Rough survey   Sector 6   Height 30m   Orographic turn.grd
DSAA
73  159
 258469   265669
 6501692   6517492
-61.52128   44.63026
[rows 54 to 80 of 159, columns 0 to 60 of 73]
-2.736027 -2.495404 -2.008271 -2.198455 -2.38703 -2.498758 -2.198684 -2.181722 -2.128211 -1.914817 -1.747562 -1.5682 -1.520586 -1.415605 -1.334685 -1.553626 -.9903052 -.7153943 -1.201971 -1.465732 -1.062161 -1.001478 -1.971273 -1.29141 -.912958 -1.330453 -1.0711 -1.183639 -2.69064 -4.456782 -5.322257 -4.130099 -1.254027 -.509381 -1.349113 -1.493231 .3732101 5.87799 10.93231 6.059431 6.199264 7.360961 10.76191 15.14317 14.28765 9.912441 8.396056 7.550734 3.31108 .7487813 -5.487857 -11.36154 -11.4566 -2.873468 .003350102 -8.893969 -13.86252 -13.53175 -8.116136 1.763388 2.508938
-2.388509 -2.031003 -1.988765 -2.236963 -2.554228 -2.510877 -2.126657 -2.03864 -1.980346 -1.891943 -1.775213 -1.678541 -1.801708 -1.69065 -1.0586 -1.436235 -1.066879 -.9341288 -1.370515 -2.0891 -2.032118 -1.172111 -1.667334 -1.264281 -1.00422 -1.485554 -1.065211 -.7638194 -2.288631 -4.302267 -4.971611 -1.415476 2.561982 2.613583 2.279446 .7255969 2.208378 6.25959 14.36204 13.30812 8.503327 9.742346 10.85525 14.44783 15.88848 11.54307 10.48925 10.82215 4.408326 -1.800258 -9.110568 -14.19711 -13.43986 -5.208617 .2351014 -7.931479 -15.85944 -15.4374 -10.04772 -2.324539 5.771139
-2.021577 -2.143337 -2.30562 -2.28305 -2.602509 -1.900486 -1.949772 -1.985374 -2.077386 -1.925675 -1.787902 -1.601548 -1.757953 -1.774254 -.98429 -1.019404 -1.009246 -.9245134 -1.127789 -1.603855 -1.083614 -.4198371 -.7426848 -1.039098 -1.006636 -1.271306 -.9279546 -.002159091 -.2329942 -1.863028 -2.50127 1.476321 5.702836 7.166767 4.803843 3.46633 2.431934 6.22708 14.16546 17.00509 12.38788 10.24575 12.93853 13.69592 14.30802 10.98958 10.4217 11.21586 5.289908 -2.407394 -8.177728 -12.15636 -11.71725 -5.693215 -1.057456 -7.341341 -16.42606 -17.30343 -12.54168 -5.462539 2.256682
-1.608167 -2.58299 -2.723865 -2.176129 -2.481311 -2.014931 -1.937267 -2.110671 -2.141747 -2.002614 -1.762012 -1.480517 -1.233575 -1.627931 -.9600188 -.8678895 -.9037628 -.8910686 -.9282656 -1.547368 -1.010497 -.7037753 -.8140565 -.6773458 -.8618298 -1.011076 -.8310429 1.003254 2.768156 1.136128 -1.332191 1.639668 5.794401 7.711107 6.312019 4.82216 3.171133 5.577286 12.19522 15.58548 12.99541 11.25024 8.997817 9.618642 9.466248 7.586564 7.066118 8.902135 7.13448 .9570413 -6.648198 -10.65467 -11.90463 -5.018166 1.381587 -3.380528 -13.06992 -15.58843 -13.73818 -7.170924 .1367786
-2.436414 -3.506019 -3.43759 -2.556113 -2.327872 -2.370887 -2.107896 -2.386741 -2.384106 -2.176988 -1.832025 -1.450583 -1.36549 -1.928213 -1.591253 -1.190055 -1.066966 -1.031806 -1.067265 -1.532896 -1.216913 -.9997547 -.9858656 -.1641877 -.602312 -.8678087 -.5068486 .5102071 2.978799 1.374433 -3.605812 .3843727 3.897785 5.987003 4.7686 3.730312 1.108857 4.078553 9.265228 13.40271 12.36894 11.38318 9.099375 6.825892 5.222687 3.682324 2.180056 4.587833 5.769995 2.044531 -5.767635 -10.64451 -12.225 -6.239431 1.808484 -3.530563 -11.84684 -14.95319 -13.17926 -7.561375 .9812455
-3.196562 -3.400079 -4.370472 -3.850302 -2.532172 -2.291849 -2.230154 -2.628161 -2.680556 -2.401506 -2.048208 -1.736566 -1.393239 -2.007427 -1.943128 -1.51682 -1.227685 -1.248366 -1.139272 -1.439807 -1.203723 -.6130415 -.6345637 -.2184918 -.3200359 -.7187414 -.8896409 -1.62247 -1.452054 -2.40293 -6.101543 -4.763732 -1.342634 2.968949 1.68568 1.573072 .2805167 2.461715 7.132971 10.85536 11.66854 10.17139 9.158065 5.65356 1.402653 .8514477 -.8153167 .2078192 2.941634 2.017298 -4.570483 -9.734199 -12.74559 -7.234082 -.1822002 -2.952197 -12.33488 -15.20492 -13.07317 -8.332944 -1.942753
-2.042047 -2.757259 -3.671541 -3.433636 -2.210496 -1.690466 -1.826578 -2.947671 -2.979423 -2.700236 -2.422531 -2.141877 -1.879202 -2.113206 -1.941077 -1.510389 -1.136439 -1.105746 -1.266942 -1.486209 -1.644329 -.956639 -.899061 -.3548103 -.02997555 -.3038911 -1.05675 -2.1335 -2.488277 -5.123311 -6.530574 -5.447122 -3.774743 -1.235103 .7156858 .06317945 -.4827603 .7358551 4.159135 7.919163 9.657584 9.094316 8.132272 5.410255 .3416711 -.2559467 -1.022516 -1.23313 -.2074051 1.443231 -.6272615 -7.881603 -12.75097 -9.476809 .1772706 -.7803145 -10.92541 -14.08366 -12.64465 -8.695298 -4.486293
-1.950445 -2.828819 -2.91641 -3.313115 -3.310455 -2.503753 -2.232588 -2.907071 -3.14176 -2.848027 -2.652373 -2.520203 -2.223134 -1.770623 -1.636459 -1.284176 -.8358049 -1.002146 -1.37694 -1.43323 -1.631524 -.576121 -.5617352 -.3118723 .1092178 .02598634 -.08425208 -.9336582 -1.478575 -2.408265 -4.365938 -4.626701 -3.272477 .2242395 .9563001 -.857167 -.8878191 .406686 3.152087 5.108843 6.022567 8.510677 10.624 4.490745 .3979597 -1.512859 -1.478956 -2.73519 -4.461083 -3.123575 -1.717011 -3.560896 -9.757107 -8.940232 -2.919862 .5177967 -9.047786 -12.98711 -12.6521 -9.550773 -5.757168
-1.867965 -2.750124 -2.752564 -3.056603 -2.989421 -2.78129 -2.13364 -2.318484 -2.685646 -2.713838 -2.733253 -2.493969 -1.844458 -1.584148 -1.493653 -1.232324 -.7825849 -1.120119 -1.521738 -1.19479 -1.804851 -1.354108 -.7840786 -.1657904 .5731339 .797963 1.291155 .008533404 -1.331418 -2.835094 -2.009391 .01207462 1.16192 .4422131 -.1876658 -.8712425 -.9972124 -.02354568 2.385963 3.717285 5.81439 8.734072 10.58721 7.553945 -.76193 -1.472979 -1.121054 -1.737074 -5.303249 -6.410374 -1.748269 -.5067199 -7.612844 -7.759181 -3.03231 1.839583 -5.273776 -12.22932 -12.157 -9.50692 -6.299095
-1.778283 -3.077338 -3.037387 -2.909806 -2.688488 -2.392897 -2.175794 -2.455352 -2.586534 -2.472084 -2.44382 -1.946843 -1.763844 -1.68647 -1.630427 -1.523899 -1.31386 -1.275843 -1.500725 -1.282594 -2.327171 -2.200217 -1.384439 -.1835287 .3505265 .8646961 1.804985 .8223332 -.9620447 -2.321945 -2.747303 -1.43045 -.4385405 -.7352898 -1.187601 -1.090175 -1.083609 -.2979612 2.093659 3.812739 5.883087 8.530834 9.827295 6.870409 .8387342 -1.965135 -.7464326 -2.561285 -5.688363 -9.002951 -9.62219 -.2530969 -1.827096 -4.531843 -4.987058 -2.366232 -5.182228 -12.36529 -12.93137 -10.8623 -7.960671
-1.747738 -3.21125 -3.114048 -3.014857 -2.835141 -2.659256 -2.769295 -3.029186 -2.79894 -2.318327 -2.346579 -2.211686 -1.919699 -1.894029 -1.857359 -1.754653 -1.461606 -1.330589 -1.583245 -1.831056 -2.308588 -2.825691 -2.263088 -.9439687 -.05102258 1.297613 .9393551 .6961066 -1.241632 -2.70471 -3.390692 -2.175467 -1.334347 -.941076 -1.398813 -1.888574 -1.813423 -.8182002 1.136771 2.903109 3.71075 5.017188 6.471317 6.798096 .07933886 -1.649079 -2.568372 -4.049959 -6.892593 -8.107529 -10.29152 -5.11681 -1.539096 -3.406784 -4.829107 -5.684812 -9.769635 -16.7158 -19.8238 -16.53477 -14.59487
-1.648991 -3.114424 -3.194974 -3.156753 -3.096398 -3.051683 -3.210799 -3.517804 -2.981009 -2.115721 -2.327017 -2.242036 -2.056659 -2.063361 -2.035089 -1.991791 -1.464748 -1.440781 -1.507764 -1.609769 -2.002563 -2.970914 -2.812956 -.8543605 -.4194143 .08230406 -.2906369 -.8219918 -2.510145 -3.944454 -5.66622 -3.021257 -2.410873 -3.144397 -3.499016 -3.960266 -4.092442 -1.981403 .1829288 -.5933188 .9860865 4.12255 5.813151 7.408937 2.78421 -.1934455 -2.079639 -4.466469 -4.546367 -4.937888 -8.806902 -9.469166 -6.045365 2.493621 -2.340379 -6.174536 -10.07739 -14.70777 -19.69837 -22.79905 -19.92478
-1.68538 -2.655822 -3.184586 -3.241911 -3.326933 -3.359722 -3.374591 -3.209847 -2.659423 -1.930873 -2.034531 -2.07325 -2.048056 -2.069173 -2.077421 -1.751495 -1.282978 -1.248617 -1.147374 -.8185785 -1.373886 -2.313787 -1.544318 -1.312484 -1.806 -1.79004 -2.078371 -2.828878 -3.741804 -5.299947 -6.104422 -4.554627 -3.078695 -5.628427 -5.143658 -5.420541 -6.649908 -4.53935 -2.667479 -2.912313 .3554059 1.672417 3.776201 5.818875 5.608238 3.770552 -.6584996 -5.381021 -4.69674 -1.591401 -7.437372 -9.703087 -6.376239 -.6831495 6.285346 .08541559 -7.899044 -11.82344 -14.36758 -16.6886 -17.12411
-1.916797 -2.411316 -2.936308 -3.257995 -3.412833 -3.587775 -3.711693 -3.288818 -2.709727 -2.360253 -2.210495 -2.137059 -2.127913 -2.187949 -2.039623 -2.023709 -1.605991 -1.17079 -.5227367 -.6568894 -.6930517 -1.823629 -2.213064 -2.457072 -3.12241 -3.082528 -2.923095 -3.991455 -4.745801 -5.911889 -5.832413 -4.517206 -2.906337 -6.003235 -6.482022 -5.914442 -6.861218 -6.894771 -3.854343 -4.355934 -2.677547 -1.694716 .6884373 3.497073 5.262818 5.181889 2.60487 -3.330508 -2.215942 .7445022 -3.598061 -8.421292 -6.363138 -2.850257 3.145553 6.679296 -1.938124 -8.879836 -9.952046 -11.19579 -10.82328
-1.988985 -2.122916 -2.581118 -3.167028 -3.625469 -3.992776 -3.841835 -3.475127 -3.140355 -2.861652 -2.646263 -2.404502 -2.132918 -2.254731 -2.125061 -2.297036 -1.965092 -1.263785 -.4684862 -.5432742 -.5566283 -1.495598 -3.135251 -3.332175 -3.661767 -3.391927 -3.389103 -4.155037 -5.909579 -7.312119 -6.825548 -4.842734 -3.176393 -5.598494 -7.962823 -6.352071 -6.579277 -7.434035 -4.975173 -5.24076 -4.405427 -1.455539 1.106418 1.386632 2.84102 3.707646 2.002417 -4.080041 -4.448216 -.533515 -4.477688 -7.935418 -5.83938 -3.287416 .0963459 7.667495 2.510971 -6.093851 -9.423742 -10.9992 -10.79658
-2.361496 -1.952092 -2.28047 -3.042939 -3.748189 -4.453572 -3.778029 -3.796342 -3.642922 -3.481635 -3.251937 -2.802073 -2.093238 -2.177682 -2.440958 -2.573891 -2.125227 -.8117577 -.4572821 -.5374489 -.85169 -1.473608 -3.398582 -3.600811 -3.622436 -3.264401 -3.496964 -4.86544 -6.269421 -8.403732 -8.419636 -6.246388 -3.828632 -5.770857 -7.502065 -6.477057 -6.169178 -6.089925 -4.93214 -4.148267 -1.183256 .3844828 .6516239 1.168394 1.901564 5.60075 2.603491 -4.798602 -8.394422 -5.777538 -4.885513 -9.007261 -9.340533 -7.735342 -4.72582 -.1100623 2.643534 -5.134795 -9.789742 -11.79965 -12.68209
-3.254072 -2.478323 -1.640161 -3.033495 -3.684492 -4.450485 -3.983414 -4.116607 -4.204774 -4.103012 -3.889767 -3.320604 -2.290184 -2.037829 -1.791622 -1.859299 -.7382921 -.3758529 -.5189486 -.6753632 -.9812352 -.844195 -2.696918 -2.731819 -2.935951 -3.267921 -4.155158 -4.82665 -6.401556 -8.735476 -9.245363 -8.544402 -5.393674 -5.585752 -5.793572 -5.796332 -5.250705 -4.68264 -3.634465 -2.740119 -1.887522 .2301843 -.1737395 1.034842 .531087 4.702247 2.255988 -2.985229 -7.554714 -10.25777 -15.17922 -17.89942 -20.83836 -19.27236 -9.538643 -.658446 2.817235 -2.208737 -7.193443 -9.836094 -11.15898
-4.130875 -3.505081 -2.480608 -2.706264 -2.91192 -4.206761 -4.196431 -4.541976 -4.778903 -4.765381 -4.151587 -2.91176 -1.576627 -1.002943 -.6445423 -1.534589 -1.472852 -1.272289 -1.091059 -.8607467 -.4866475 -.5337211 -1.501632 -2.312151 -2.489789 -3.210438 -4.317535 -4.721578 -7.293175 -9.618839 -9.218824 -6.3734 -3.416958 -3.314428 -3.56486 -4.123612 -3.380661 -2.653438 -2.451077 -2.269035 -3.155473 -1.085994 -.01837197 .1576867 .7718854 2.995822 4.178851 .8909312 -4.725124 -9.709139 -16.93571 -20.41182 -24.15697 -22.73623 -10.38144 1.144774 3.409033 .1350206 -3.906549 -6.091553 -8.632283
-3.910483 -2.899611 -1.844333 -1.897858 -2.527547 -3.328931 -4.231944 -4.801373 -5.009673 -4.506699 -3.345665 -2.559461 -1.993759 -1.518102 -.9284118 -1.740396 -2.426544 -2.360419 -1.992199 -1.372201 -.377658 -.9485173 -1.279521 -2.45482 -3.756511 -3.443267 -4.59775 -5.623631 -8.368154 -9.852474 -9.654039 -6.547019 -2.755604 -1.751399 -1.899729 -1.968478 -1.452126 -1.758437 -2.157621 -2.682424 -3.639219 -2.206857 -.579428 -.2836197 .8234177 2.289438 4.076764 3.932433 -1.095893 -4.099854 -6.937976 -6.902977 -7.960995 -11.86918 -6.087461 9.724316 11.50666 2.784571 -.8983204 -3.386968 -5.97976
-2.734047 -2.1343 -1.853974 -2.656905 -3.220417 -3.202891 -3.665867 -4.799489 -5.264194 -4.564112 -3.781246 -3.21906 -3.019151 -2.862173 -2.202637 -1.862351 -3.215874 -3.334713 -2.895534 -2.219523 -1.181577 -2.008848 -2.169291 -3.440123 -4.398324 -4.031196 -4.603302 -5.622654 -7.664042 -9.080696 -8.256079 -6.358205 -3.152466 -.7513363 -.9617403 -2.003442 -1.844465 -1.205612 -.8777262 -1.521567 -2.03761 -1.652151 -.9720951 -.9170085 .4074129 1.039066 5.060458 3.776829 1.784642 -.8410162 -2.089157 -3.221638 -4.296937 -6.505372 -4.054926 8.739078 12.85329 8.654753 2.314695 -1.409123 -2.552057
-2.7841 -2.440948 -2.440719 -3.288289 -4.255214 -3.213831 -2.491495 -4.335527 -5.611453 -4.909109 -4.37193 -3.908607 -3.881816 -4.206393 -3.083359 -2.403172 -3.563488 -4.027092 -3.782457 -3.442096 -2.523871 -2.768048 -2.916277 -4.10116 -4.579401 -4.427948 -4.138746 -4.713985 -7.112759 -9.030222 -7.601426 -5.545671 -3.184866 -1.408693 -1.875149 -2.176328 -1.757245 -.8613258 -.9571997 -1.299521 -1.240223 -1.27364 -.7731575 -1.057737 .03800276 -.9735807 2.346776 2.33158 -1.10447 -3.715633 -4.398192 -3.841986 -4.350082 -5.320308 -4.948116 1.474575 8.204209 8.868013 7.162203 .1190332 -1.694185
-3.366499 -2.951888 -2.709321 -3.228809 -4.354886 -3.739269 -2.297437 -3.474368 -5.266228 -5.192717 -4.763529 -4.418855 -4.159219 -5.212177 -4.533724 -3.05417 -3.554749 -3.929073 -3.934762 -4.179416 -3.000846 -3.409958 -3.749968 -4.712486 -5.282411 -5.207593 -4.543992 -5.538276 -8.225923 -12.43718 -10.6045 -7.916944 -5.956882 -3.618128 -2.282037 -1.651078 -1.391445 -.6881727 -1.08862 -2.840481 -4.700887 -3.979985 -3.497186 -6.48153 -4.639691 -7.742568 -7.832588 -4.94292 -5.74251 -7.47667 -8.211929 -8.949452 -12.87494 -14.47546 -12.16406 -10.05688 -.9358466 3.650094 7.842348 1.157896 -3.838254
-3.86723 -3.355952 -3.01793 -3.075239 -4.032476 -3.381617 -2.840169 -3.499086 -5.021418 -5.442392 -5.117216 -4.823047 -4.686087 -5.585546 -4.929271 -3.653917 -3.469596 -3.59604 -3.47067 -3.72924 -3.991947 -5.046432 -4.814964 -5.745253 -6.21245 -6.424472 -6.342139 -8.57527 -11.72489 -15.53916 -13.41816 -10.5636 -7.700172 -4.848797 -2.668634 -1.252259 -1.778031 -2.136523 -1.317269 -3.951817 -5.810414 -5.955005 -10.19821 -13.33789 -15.26997 -15.66549 -15.82068 -11.12726 -8.061337 -6.444726 -7.831504 -10.46385 -15.14538 -21.76867 -21.56636 -17.48236 -10.4435 -7.006885 -3.631055 -7.442092 -9.234802
-4.123883 -3.808807 -3.454055 -3.271229 -4.435241 -4.755485 -4.47099 -4.568768 -5.228667 -5.656014 -5.427683 -5.342867 -5.505272 -5.625373 -5.20933 -4.762871 -4.464895 -4.028538 -3.393944 -4.151131 -4.008873 -4.170435 -5.261825 -5.151087 -5.752724 -7.419379 -8.735549 -11.45979 -14.67057 -18.56941 -14.8699 -11.06425 -7.181305 -4.85198 -3.469934 -3.730995 -5.582269 -5.560567 -4.58701 -7.485386 -8.214485 -8.47783 -9.988754 -12.1446 -10.45334 -7.409902 -7.578614 -5.447437 -3.499775 -2.147721 -5.65003 -9.357606 -13.37188 -16.40094 -14.09508 -13.24566 -11.79235 -9.447162 -3.840217 -.8138053 -3.945971
-4.442726 -4.382974 -4.103852 -4.101121 -5.137088 -5.810187 -5.799901 -5.962011 -5.771206 -5.771619 -5.510064 -5.325746 -5.723449 -5.775934 -5.795644 -5.761121 -5.654058 -5.213384 -4.444525 -4.613338 -3.594403 -4.930426 -5.742669 -5.494643 -6.128879 -7.504831 -9.024632 -11.73463 -14.45737 -14.94852 -12.56414 -8.292537 -5.147008 -4.484637 -3.798411 -2.910428 -3.562954 -4.516979 -4.461856 -6.894098 -8.437401 -9.689085 -10.54264 -10.31339 -5.889572 -2.983271 -1.578775 -.4515834 -2.103166 -.9260028 -4.410648 -7.371215 -8.229994 -7.67343 -4.921136 -3.059185 -1.36676 3.594405 6.690293 7.461754 7.002305
-4.880775 -5.098595 -4.928998 -4.910847 -5.376542 -6.300829 -6.602573 -6.466052 -5.886946 -5.9469 -5.719335 -5.492972 -6.252385 -6.423503 -6.390338 -6.341622 -6.346731 -5.870021 -4.943758 -5.181806 -4.706212 -5.546117 -6.433689 -6.832778 -6.269213 -6.536666 -7.584736 -9.320456 -11.55537 -12.56699 -10.77029 -7.263542 -4.251222 -4.548722 -3.817797 -2.631612 -3.497512 -4.180535 -4.281701 -7.485664 -8.879489 -9.846716 -8.213405 -6.243203 -3.441431 -1.317005 -.522458 -.7260605 -2.442816 -1.103555 .008172136 .3287725 -.4825284 -1.115465 -.8714828 .8187083 3.639483 5.81705 7.497602 8.380094 8.940018
-5.315047 -5.744166 -5.74814 -4.987422 -5.407811 -6.03279 -6.853137 -6.472457 -6.645398 -6.815372 -6.63932 -6.06343 -7.009978 -7.065931 -6.483682 -6.14315 -5.583401 -4.843568 -5.238344 -5.590704 -4.765995 -6.269197 -6.93259 -7.218845 -6.145967 -5.981119 -5.930992 -7.688917 -9.944042 -10.56231 -8.796206 -7.246295 -4.604518 -5.389202 -5.451011 -5.246452 -7.065832 -6.032758 -6.862391 -7.623043 -7.192483 -4.042571 -.8002971 -.2019983 -.5705905 .4276764 .9300069 .6334243 -.2477419 1.004822 2.651077 4.026883 4.156946 3.639233 2.089173 1.450113 4.555278 4.506689 6.140242 7.248499 7.649898
