py_wake/examples/data/AJ_ParqueFicticio/Rough survey   Sector 2   Height 200m   Power density.grd
DSAA
73  159
 258469   265669
 6501692   6517492
 44.61195   362.0808
[rows 84 to 111 of 159, columns 0 to 62 of 73]
85.48569 84.44744 83.72775 83.34782 83.11248 82.8163 82.83755 82.73409 82.62816 83.14923 84.13716 84.96832 85.0579 85.25762 86.30356 87.495 88.62356 89.97673 91.49193 94.37134 96.7677 99.42047 102.7557 107.2248 113.9346 122.7114 131.7038 138.7401 142.0197 142.1261 140.2858 137.8666 135.1095 131.7205 126.3712 121.1541 116.1562 114.4616 117.8602 123.3518 126.9539 127.733 127.7448 126.7737 125.1533 124.091 123.8765 123.8938 123.667 122.8755 121.5967 120.6465 119.7886 118.3708 116.2284 112.7315 109.1982 107.3576 104.7911 101.0394 95.72935 89.28267 83.27544
83.43938 82.85704 82.2098 81.57336 81.32192 81.18938 81.23885 81.11064 81.05396 81.4941 82.65592 83.11551 83.45184 83.66389 85.26158 87.02322 88.12747 88.87531 90.26214 92.22279 94.67707 98.05985 102.1834 107.6781 115.0922 124.1421 132.6737 138.0362 140.6438 138.8496 137.6096 135.9525 132.7135 128.9191 123.4474 118.9894 115.5477 116.3582 121.2273 126.5657 129.1416 129.4821 128.6423 127.6797 126.9356 126.0542 125.5739 124.8836 123.4635 122.3551 121.3453 119.9527 119.1546 118.4281 116.7574 113.5447 111.9384 109.4271 106.0684 100.98 94.39022 86.98859 80.89381
80.98792 80.68264 80.23808 79.76418 79.5984 79.77852 79.76717 79.51385 79.90435 80.19473 81.06084 81.52901 82.39706 82.77517 84.194 86.16476 87.20896 88.14783 89.40012 90.37201 92.72057 95.6489 100.1344 106.1031 113.6727 121.7577 128.7499 134.4883 136.3732 135.9408 135.1181 133.1033 130.8267 127.2162 122.8043 118.9902 116.3491 118.8944 125.0644 129.1487 130.6915 130.3269 130.6058 130.3192 129.6686 128.5717 127.6433 126.4929 124.5172 122.8954 121.4811 121.2095 120.397 119.8488 118.1707 115.7741 114.2207 111.066 106.41 100.139 92.5451 84.8336 79.46874
78.88666 78.46442 78.09005 77.89799 77.68439 77.81726 78.00872 78.23895 78.59053 78.86483 79.46787 80.01003 80.79279 81.94267 83.2137 84.67043 85.86255 87.19693 88.37569 89.45561 91.42063 94.1732 97.93377 103.7164 110.8607 118.6585 125.9483 132.2419 135.2688 137.0444 137.0641 135.3247 132.7904 129.1211 124.7181 120.3545 118.6014 122.9175 127.0112 130.3758 132.1058 132.8563 133.2731 133.2873 132.3872 130.62 128.5358 126.9767 124.5153 122.184 120.881 121.5201 121.9821 121.2077 120.2301 117.814 114.4903 110.52 104.511 98.22137 90.60959 83.88219 80.59939
77.3172 76.53674 76.07411 76.01102 75.93246 75.70967 75.85825 76.04036 76.4625 77.01129 77.74174 78.39755 79.4872 80.94279 82.07405 82.74035 84.09776 85.73573 87.29799 88.98646 91.21837 94.05169 98.63663 104.5485 111.6628 119.9784 128.5602 136.9562 141.9205 143.8087 142.687 140.4974 136.3374 131.9989 126.9195 122.4105 122.3264 126.4117 129.937 132.7837 134.8572 136.2632 136.1285 134.4892 132.2232 129.6486 127.4588 125.0496 122.0909 119.2042 118.3896 119.6092 121.0324 120.7096 119.0403 115.6836 110.9449 107.0426 101.6857 95.35175 89.11478 84.20805 83.90771
75.91374 74.86793 74.48662 74.45781 74.42105 74.04002 74.19353 73.88493 74.29009 75.105 76.1811 77.09106 78.03712 79.82724 81.16313 81.33791 82.42334 84.41682 86.56808 89.23553 92.81703 97.005 103.0164 110.8244 119.6148 128.2147 138.7804 147.7868 153.4357 153.7637 150.6904 145.3362 139.5195 133.2914 127.531 123.8494 125.0659 130.3298 133.9309 136.8208 138.8038 138.8754 136.9816 133.7936 130.4811 127.9956 125.7347 122.7128 118.8053 116.3065 115.7773 117.1264 116.9626 116.8759 115.1845 111.2281 105.0316 101.3212 96.8672 92.87114 88.2369 85.24146 86.44851
74.67001 73.83179 73.50851 72.76431 72.72787 72.84601 72.82935 72.75051 72.80191 73.35557 74.61916 75.81554 77.28951 78.52734 80.28111 80.93725 82.002 83.85907 87.21976 91.15833 96.56432 103.002 111.7023 122.5775 133.1955 143.5547 153.5447 162.6053 166.2355 163.5683 157.1837 149.7805 142.5501 135.3584 128.9659 127.4475 129.599 133.8058 138.2747 141.6576 142.8117 141.6718 138.1031 134.4169 132.7484 131.9869 129.381 126.0126 120.6107 117.6207 118.1407 118.9229 118.0307 116.1481 112.3719 106.6731 99.786 95.52319 93.03281 91.53684 89.06882 87.79538 88.96648
73.82762 72.86355 72.42299 71.67963 71.32423 71.48743 71.74581 72.11375 72.42638 72.75378 73.60094 74.83112 76.54256 78.21478 79.87078 80.87328 82.24213 85.17042 89.94904 95.59583 103.0208 112.6246 123.8081 137.2662 150.0925 160.0269 169.4485 176.3611 176.6308 170.7988 162.4056 153.8864 145.9166 138.1425 131.8751 133.8528 134.8251 138.1757 143.0278 146.7432 147.4389 144.8186 141.505 139.2547 139.4002 138.1772 134.4602 130.47 126.0861 123.7968 125.2078 125.1372 122.7004 119.7264 113.5097 105.3052 98.7496 96.00807 95.7457 95.37547 93.20927 92.08604 92.54041
72.77887 71.6904 71.04205 70.46283 70.14655 70.70303 71.44453 71.79438 72.38943 72.77202 73.55585 74.91039 76.47256 78.42702 80.58112 81.7499 84.32602 89.2355 96.22499 103.861 112.8338 124.8273 139.0605 153.1183 166.1652 175.3086 183.4202 187.7158 184.247 176.1871 166.4758 157.144 147.173 138.3316 134.6961 138.1845 140.6319 143.6527 147.9394 151.9815 151.9918 149.8541 147.817 147.4514 146.2917 143.6647 138.8546 134.507 131.9227 132.1463 134.0569 133.6688 130.0972 125.1517 118.8648 111.7474 106.9805 105.7355 105.1606 103.1014 99.72204 96.85702 96.44262
71.3547 70.464 69.87196 69.41726 69.58295 70.26468 71.17664 71.78697 72.55536 73.28325 73.87943 75.02914 77.12797 79.39774 82.00395 84.98263 89.05595 96.57042 106.0832 115.9581 126.2117 138.8311 153.6397 168.6096 181.2624 188.7154 194.987 196.146 189.2804 178.3163 167.2404 155.7125 145.9528 138.0769 138.6794 143.7223 146.5592 148.5912 153.5697 157.9962 158.7854 157.6155 155.7539 154.1159 151.0097 145.496 139.9503 136.3254 136.6666 138.2943 139.2015 138.2169 133.7467 128.5217 124.3583 120.7795 118.7046 116.8879 114.2373 110.0071 105.645 101.731 100.4883
69.84309 69.36873 68.78014 68.66798 69.00006 69.97813 71.0829 71.92126 72.97633 73.95379 74.5248 75.76112 78.31067 81.4722 85.30767 89.81145 96.84943 107.1645 119.1491 131.1012 142.1451 153.6954 168.3108 183.0301 194.3279 200.3582 203.3608 200.6084 188.7058 175.7319 163.2258 152.1479 143.9164 140.2538 143.5503 149.6051 152.6898 155.7578 161.4372 165.9108 167.0937 164.5048 160.774 156.0649 149.7767 142.6498 138.4497 137.6013 139.1136 139.7969 139.4143 136.7495 133.2675 131.071 128.6656 126.7702 125.4748 122.8132 119.1432 114.5847 109.8246 105.6993 104.1336
68.26808 68.01022 68.02342 68.38351 68.91357 70.05072 71.35135 72.9453 74.03711 74.94781 76.05022 77.45656 80.5673 84.76103 90.19851 97.0782 107.1358 119.5165 133.6634 147.2781 158.4861 169.521 182.2417 195.899 205.2547 207.828 205.0387 195.5678 181.3913 167.2999 156.2603 148.266 143.5002 145.072 150.2751 156.7755 160.2276 163.8817 168.8922 172.9505 171.4709 165.1957 159.4028 152.2958 145.8295 139.9737 137.7285 137.8131 137.5497 136.7346 134.8431 132.4268 129.0352 127.2759 127.0627 127.6889 127.3741 125.0933 122.1422 117.8991 112.9959 108.7873 106.1927
66.90769 67.17719 67.91091 68.84618 69.78358 70.94415 72.31284 73.9976 75.70529 76.73065 78.18542 80.11015 84.53844 90.60941 98.0025 107.0586 118.6805 132.4391 147.9682 162.9042 175.3694 185.4064 196.3491 205.9273 211.0537 206.8642 195.1492 180.5432 166.2571 155.7301 149.5855 147.4681 148.2671 153.5453 160.3451 165.1801 169.6724 172.8482 174.5126 176.5478 169.7287 160.3887 151.9102 145.0178 140.0179 137.0558 134.9624 133.3141 131.2512 129.0059 126.6393 123.9098 119.9841 117.6274 120.2861 123.0062 124.5327 124.5014 123.807 120.2014 114.6876 109.7502 106.3253
66.0849 67.05978 68.32571 69.66359 71.1447 72.77388 74.12385 75.73909 77.75822 79.48609 81.80075 84.80811 90.73142 99.0592 109.32 119.9939 131.6101 145.8548 162.8746 178.8127 190.7085 198.184 206.2573 211.9631 208.9448 195.697 178.9172 163.726 154.3518 150.6671 151.347 154.4744 157.8113 163.8959 170.4658 174.3837 178.5195 178.3588 174.3941 170.5677 161.6468 151.4996 142.2517 136.4995 131.7542 128.5838 124.4576 121.6511 118.2687 116.1593 114.3695 110.7467 108.4991 109.7285 114.5101 118.0146 119.7606 120.4023 120.9816 119.4567 115.0178 109.4014 104.5717
66.48154 67.80621 69.3519 71.00758 72.56009 75.09521 77.04507 78.43314 80.87659 83.79572 87.50903 92.11022 100.6297 111.8031 124.6615 136.6023 148.6681 163.2569 179.6253 194.6707 204.8054 208.7608 212.6583 211.9411 200.507 183.4074 167.5418 158.9364 158.5298 161.4648 164.7312 166.5475 169.2267 171.3932 174.9136 177.3964 177.8721 173.1586 166.071 159.398 150.8862 141.3294 132.8628 126.7801 122.8302 117.6905 111.6202 106.8487 103.4609 103.1019 102.902 102.9694 104.6405 110.1284 116.5451 121.833 122.9866 122.6083 120.1834 118.219 114.6221 109.216 103.403
67.80417 69.13276 71.46665 73.35207 75.34725 78.1125 81.17307 82.97409 86.02763 90.39496 95.50613 103.4746 114.6573 128.5659 143.7559 157.3697 170.738 184.84 199.792 211.6225 217.4446 218.3916 216.1754 207.1812 190.2427 174.8829 166.7371 169.2022 175.0184 179.4089 179.1669 176.6692 175.8895 173.8359 173.7525 172.8486 166.5707 158.8927 152.8644 146.8731 138.8831 130.2078 123.2684 117.2714 114.0906 108.984 103.0267 97.35531 95.68058 96.85535 100.4243 105.2627 112.1559 121.1466 128.3598 133.689 134.7065 134.0429 128.2524 125.0854 121.0314 114.5682 106.7619
70.56634 72.64957 75.05531 77.45284 80.00502 83.04706 86.81145 90.40947 94.09597 99.71014 107.4756 118.8424 132.6665 148.9958 166.0024 181.3556 195.4902 209.1843 220.8798 228.6808 229.4333 224.4596 214.8865 198.586 183.5193 176.1165 178.8409 186.8423 194.2484 193.5533 187.914 181.5422 178.1985 174.2045 170.2987 164.1736 154.9583 146.5194 138.9718 133.7855 126.3409 119.39 114.5375 111.5436 109.0073 103.9951 98.61918 95.91315 96.86194 101.6012 109.0687 117.6686 126.7973 137.8154 145.2984 149.5333 149.8588 146.6209 141.5663 137.2695 130.3952 118.9645 108.94
74.54388 77.47849 79.89789 83.27087 86.75537 90.22715 94.95996 100.0883 105.1015 112.6211 124.2374 138.3817 155.0749 172.7632 190.9723 207.2276 221.6469 233.1556 241.0596 243.5384 237.989 225.827 209.5661 194.5407 187.546 190.0638 198.6695 205.9651 206.5696 198.8096 188.6627 180.617 176.2258 172.0131 167.043 157.6155 147.3848 137.646 128.8123 120.9985 115.2127 112.1832 111.1927 112.234 110.3198 106.388 102.732 102.7966 106.3081 113.3081 123.5219 133.938 146.4455 156.5092 162.9787 164.9742 163.5795 158.6776 151.9344 143.9367 131.5937 118.0037 110.4206
79.50279 82.71263 86.16048 90.38554 95.27502 99.67121 104.7398 111.9697 119.3862 128.6694 144.4999 160.9218 179.9526 200.1016 218.1127 233.969 246.0724 254.7011 259.0311 255.0728 242.7001 226.2615 210.6901 202.0116 203.2188 210.1532 215.9437 215.4604 207.6523 196.0085 184.1252 176.772 172.5843 167.9464 160.3781 150.2689 140.2503 129.3959 120.1263 112.9948 111.6652 113.6813 116.9081 119.0375 117.0957 114.5918 113.7908 117.0384 122.694 129.4148 140.7667 153.1365 164.8434 173.1534 176.8368 175.0445 170.2517 162.901 152.8215 142.2436 128.8554 118.3733 117.0009
84.90247 88.66023 93.04414 98.71316 104.9296 109.7096 115.1966 123.8487 134.2368 147.7346 166.2395 186.1194 206.7728 228.6631 246.5626 260.9011 268.4516 272.5646 272.0638 264.0984 249.3689 234.1388 223.0488 219.6584 223.413 226.5589 223.6362 214.029 201.0478 188.798 178.9874 173.2295 168.8684 161.7935 153.1511 142.9593 132.5329 122.0151 113.5666 111.7601 115.9272 121.4558 126.161 126.9209 125.6806 124.0758 125.7147 132.4463 139.4774 147.6331 158.8805 170.9245 180.4543 185.1066 183.765 178.4692 171.6281 161.7949 150.9679 139.8641 129.1663 122.6462 125.0974
88.89038 94.31766 100.6055 107.5311 113.947 119.0841 125.2847 135.3616 149.8025 166.4319 186.983 209.5545 233.3805 255.9314 273.653 284.553 289.1262 288.4116 284.1265 274.9799 261.5103 252.1771 245.1093 241.1603 237.6264 232.294 221.8305 208.4087 196.3557 186.9267 178.9227 173.8765 167.0399 157.6675 147.8766 137.5192 126.4795 116.6097 111.3184 114.8363 122.5742 129.7475 132.5438 131.2121 131.5075 133.9708 140.7522 149.7448 158.0289 167.3436 178.106 188.6167 195.4159 195.9962 191.5185 185.1035 176.9085 164.2224 153.544 142.384 132.1575 126.8615 128.0555
93.33564 99.54143 106.8845 114.3607 121.4801 126.9051 135.0548 149.6708 165.9344 184.1536 206.0316 231.3089 257.3388 279.2303 294.8529 304.6192 309.2737 306.0643 299.2391 290.0917 280.507 270.7759 262.0539 253.9858 242.5934 228.4009 217.1099 207.1187 199.0644 191.4258 186.0929 177.8801 166.3615 155.154 143.9263 131.9208 121.7702 114.0126 112.4677 118.9155 128.2919 135.029 136.5529 137.4454 142.3709 150.821 161.0327 171.3233 180.4727 189.436 199.7065 208.3445 212.4341 211.2678 204.8469 196.3294 183.3158 170.275 157.266 145.1601 134.3378 127.6614 126.023
100.0809 105.7591 112.7965 120.2103 128.2557 136.2541 147.5613 164.7989 182.9398 203.194 226.4151 252.0304 276.2191 296.2545 308.365 314.8625 317.266 314.4217 306.466 297.2538 287.7727 275.7978 263.9779 251.4583 238.2091 224.0526 214.9808 208.7811 204.3908 200.209 191.8642 178.8129 163.6987 149.825 138.415 128.0165 119.5412 114.6344 115.3404 123.9485 133.984 140.6777 144.9196 152.1663 162.7147 175.5787 187.1784 194.5598 202.7718 212.5473 222.5107 230.2906 232.1445 227.0065 217.1707 204.9893 188.8898 171.856 156.7681 144.9362 133.8218 126.1878 123.2683
110.3965 115.6717 121.7043 129.0705 137.6958 149.4079 165.2636 182.5885 201.498 222.2375 246.2077 270.1844 291.045 305.2906 311.0515 310.9426 310.1771 306.3774 299.42 291.8555 282.3479 269.9122 254.6956 243.9994 236.1721 227.9192 220.3983 215.0933 212.5963 204.7119 191.1721 176.1285 160.7919 147.4272 135.9627 126.3312 119.4856 118.7258 121.9544 131.4247 143.3147 153.3271 162.6818 178.1613 192.5705 206.0292 215.1073 220.1 225.2042 233.3561 241.5073 249.4923 247.8421 235.6379 221.8891 203.4291 183.682 166.0691 152.1688 141.2992 131.6325 124.02 120.4292
124.4563 129.5079 135.595 143.7741 154.3379 167.6783 183.7526 201.7411 219.6047 239.6125 261.9301 283.4087 298.8767 304.2674 301.0179 294.0452 290.5637 287.2849 282.9445 277.5636 272.1228 262.2036 247.7002 240.0058 236.1465 232.506 229.1081 225.6912 221.1333 209.7815 193.6259 176.0496 158.9101 145.446 134.3483 126.6921 123.5015 126.1366 132.4771 143.0488 158.8681 174.252 192.1747 210.9693 225.8988 236.7107 241.1594 241.5026 244.1539 249.893 255.9876 258.3052 248.409 227.0027 207.5808 187.762 169.5945 155.5742 145.2822 136.7311 128.3519 121.2426 119.0719
144.4867 149.3833 154.9231 161.2471 171.6004 185.0651 200.3954 216.9991 233.4272 251.9815 272.0704 288.5831 297.4772 293.8331 284.2867 275.1412 267.049 264.2372 262.9779 262.0079 260.2804 253.3419 240.6171 233.7035 232.5521 232.9719 235.3675 235.3224 226.2208 210.2 190.4725 170.1149 153.1228 139.947 131.6909 127.9182 130.0034 137.5695 147.9277 163.4078 182.8605 203.4157 225.328 242.9743 254.5004 259.9151 258.7369 255.8767 255.8435 260.2298 262.508 256.1044 235.9304 208.2779 185.1807 166.2756 153.0327 143.2394 136.7214 131.4188 124.0515 118.3318 118.433
164.3737 169.4212 173.0722 177.9581 186.8461 197.9119 212.6951 227.6728 244.4335 261.2179 278.1821 290.3132 291.0718 283.3535 272.3709 261.1846 251.9817 245.9547 244.9375 246.7899 248.4109 244.4245 235.0312 230.1528 228.9147 232.6421 237.975 236.2587 223.0799 201.5853 178.5234 158.9728 144.1107 135.3814 131.831 132.952 139.3351 151.6497 166.5463 187.8865 211.5176 234.525 254.0398 266.3084 270.9944 268.5259 261.709 256.0251 255.5766 257.385 256.2009 241.675 213.0262 187.1331 164.8794 148.8701 138.6906 132.3887 128.1066 123.8553 118.2077 115.1808 118.9509
181.158 184.0319 186.2534 190.2597 197.0756 207.8055 222.2479 238.1395 255.558 271.5131 285.3887 293.5363 290.2874 280.4931 269.1146 255.4961 243.5292 238.3832 237.5823 238.3968 239.8455 238.7577 233.3702 231.5914 235.1902 238.52 237.5079 229.4839 210.4585 187.9315 167.3595 150.9401 141.8206 137.9986 138.5975 143.2683 152.8944 169.7813 188.5934 215.5402 240.2681 261.471 274.6128 278.6315 274.5171 265.2857 255.9415 249.2075 247.5071 246.3065 237.2038 216.3098 188.2599 165.7361 148.5058 136.8978 129.3087 124.912 121.8185 118.007 114.1421 114.004 119.8652
