py_wake/examples/data/AJ_ParqueFicticio/Rough survey   Sector 3   Height 200m   Weibull-k.grd
DSAA
73  159
 258469   265669
 6501692   6517492
 2.462891   2.986328
[rows 84 to 111 of 159, columns 0 to 62 of 73]
2.884766 2.880859 2.876953 2.873047 2.869141 2.861328 2.853516 2.845703 2.837891 2.833984 2.833984 2.830078 2.826172 2.826172 2.826172 2.826172 2.826172 2.826172 2.826172 2.826172 2.826172 2.822266 2.818359 2.810547 2.802734 2.783203 2.767578 2.751953 2.748047 2.755859 2.775391 2.794922 2.814453 2.818359 2.841797 2.861328 2.865234 2.865234 2.861328 2.853516 2.818359 2.798828 2.779297 2.771484 2.775391 2.779297 2.783203 2.791016 2.798828 2.814453 2.833984 2.853516 2.873047 2.888672 2.908203 2.919922 2.912109 2.900391 2.884766 2.876953 2.880859 2.912109 2.943359
2.880859 2.876953 2.873047 2.869141 2.861328 2.853516 2.845703 2.837891 2.833984 2.830078 2.826172 2.822266 2.818359 2.818359 2.818359 2.814453 2.814453 2.814453 2.814453 2.814453 2.810547 2.810547 2.806641 2.798828 2.787109 2.767578 2.748047 2.740234 2.740234 2.751953 2.759766 2.771484 2.802734 2.818359 2.845703 2.861328 2.869141 2.865234 2.861328 2.849609 2.822266 2.802734 2.787109 2.775391 2.771484 2.775391 2.779297 2.779297 2.787109 2.798828 2.814453 2.833984 2.861328 2.884766 2.904297 2.916016 2.908203 2.896484 2.880859 2.876953 2.884766 2.916016 2.943359
2.876953 2.873047 2.869141 2.861328 2.857422 2.849609 2.841797 2.833984 2.830078 2.822266 2.818359 2.814453 2.810547 2.810547 2.810547 2.806641 2.806641 2.806641 2.802734 2.798828 2.794922 2.791016 2.787109 2.779297 2.763672 2.744141 2.724609 2.720703 2.724609 2.744141 2.728516 2.744141 2.771484 2.798828 2.833984 2.853516 2.873047 2.869141 2.853516 2.837891 2.830078 2.814453 2.791016 2.783203 2.779297 2.783203 2.783203 2.783203 2.791016 2.798828 2.806641 2.818359 2.837891 2.857422 2.884766 2.896484 2.892578 2.888672 2.884766 2.884766 2.896484 2.931641 2.943359
2.873047 2.869141 2.865234 2.857422 2.849609 2.841797 2.833984 2.830078 2.822266 2.814453 2.810547 2.806641 2.802734 2.798828 2.798828 2.798828 2.798828 2.794922 2.791016 2.787109 2.783203 2.775391 2.763672 2.755859 2.740234 2.720703 2.705078 2.701172 2.716797 2.708984 2.697266 2.708984 2.736328 2.771484 2.810547 2.837891 2.853516 2.845703 2.837891 2.833984 2.826172 2.806641 2.791016 2.783203 2.783203 2.783203 2.787109 2.791016 2.794922 2.798828 2.802734 2.806641 2.814453 2.837891 2.857422 2.873047 2.876953 2.880859 2.892578 2.892578 2.904297 2.927734 2.943359
2.869141 2.865234 2.857422 2.849609 2.841797 2.833984 2.826172 2.822266 2.814453 2.806641 2.802734 2.798828 2.794922 2.791016 2.791016 2.787109 2.787109 2.783203 2.783203 2.779297 2.771484 2.763672 2.751953 2.740234 2.728516 2.712891 2.701172 2.701172 2.720703 2.677734 2.673828 2.693359 2.720703 2.751953 2.783203 2.814453 2.837891 2.833984 2.830078 2.826172 2.814453 2.798828 2.787109 2.779297 2.783203 2.787109 2.787109 2.791016 2.798828 2.798828 2.798828 2.794922 2.798828 2.810547 2.837891 2.857422 2.869141 2.873047 2.884766 2.896484 2.896484 2.904297 2.919922
2.869141 2.861328 2.853516 2.845703 2.837891 2.830078 2.818359 2.810547 2.802734 2.798828 2.794922 2.791016 2.787109 2.783203 2.779297 2.775391 2.775391 2.775391 2.771484 2.771484 2.767578 2.759766 2.751953 2.740234 2.732422 2.724609 2.716797 2.708984 2.673828 2.662109 2.673828 2.697266 2.724609 2.748047 2.775391 2.802734 2.818359 2.814453 2.818359 2.814453 2.806641 2.798828 2.791016 2.787109 2.787109 2.791016 2.791016 2.794922 2.802734 2.802734 2.794922 2.787109 2.783203 2.791016 2.814453 2.841797 2.861328 2.873047 2.880859 2.876953 2.869141 2.873047 2.884766
2.869141 2.861328 2.853516 2.841797 2.833984 2.822266 2.814453 2.802734 2.794922 2.791016 2.787109 2.787109 2.783203 2.775391 2.775391 2.771484 2.767578 2.763672 2.763672 2.771484 2.771484 2.767578 2.759766 2.751953 2.748047 2.689453 2.662109 2.650391 2.650391 2.662109 2.685547 2.708984 2.736328 2.759766 2.779297 2.791016 2.794922 2.798828 2.806641 2.806641 2.798828 2.794922 2.794922 2.794922 2.798828 2.798828 2.802734 2.806641 2.814453 2.818359 2.806641 2.794922 2.791016 2.787109 2.798828 2.830078 2.853516 2.869141 2.861328 2.845703 2.833984 2.833984 2.849609
2.865234 2.857422 2.849609 2.841797 2.830078 2.818359 2.810547 2.798828 2.791016 2.787109 2.783203 2.779297 2.775391 2.775391 2.771484 2.767578 2.763672 2.759766 2.759766 2.767578 2.779297 2.779297 2.775391 2.767578 2.697266 2.662109 2.642578 2.638672 2.650391 2.673828 2.701172 2.728516 2.751953 2.771484 2.787109 2.783203 2.783203 2.787109 2.791016 2.794922 2.798828 2.798828 2.798828 2.802734 2.806641 2.810547 2.814453 2.818359 2.818359 2.818359 2.818359 2.814453 2.810547 2.806641 2.806641 2.818359 2.837891 2.841797 2.822266 2.814453 2.810547 2.814453 2.822266
2.869141 2.857422 2.849609 2.837891 2.830078 2.818359 2.806641 2.798828 2.791016 2.783203 2.779297 2.779297 2.775391 2.775391 2.775391 2.767578 2.767578 2.763672 2.763672 2.771484 2.787109 2.794922 2.763672 2.708984 2.669922 2.650391 2.642578 2.642578 2.658203 2.685547 2.716797 2.744141 2.767578 2.787109 2.791016 2.787109 2.783203 2.779297 2.779297 2.787109 2.794922 2.798828 2.798828 2.806641 2.814453 2.814453 2.814453 2.810547 2.810547 2.810547 2.810547 2.810547 2.810547 2.810547 2.810547 2.814453 2.814453 2.814453 2.806641 2.810547 2.818359 2.822266 2.814453
2.865234 2.857422 2.845703 2.837891 2.826172 2.814453 2.806641 2.794922 2.791016 2.783203 2.779297 2.775391 2.775391 2.775391 2.775391 2.775391 2.775391 2.771484 2.771484 2.783203 2.783203 2.724609 2.697266 2.673828 2.654297 2.650391 2.650391 2.654297 2.673828 2.701172 2.732422 2.759766 2.783203 2.798828 2.794922 2.787109 2.783203 2.779297 2.775391 2.775391 2.787109 2.794922 2.806641 2.810547 2.814453 2.814453 2.814453 2.810547 2.810547 2.806641 2.810547 2.810547 2.814453 2.814453 2.814453 2.810547 2.806641 2.806641 2.806641 2.814453 2.833984 2.845703 2.830078
2.865234 2.853516 2.845703 2.833984 2.826172 2.814453 2.806641 2.794922 2.791016 2.783203 2.779297 2.775391 2.775391 2.771484 2.779297 2.783203 2.787109 2.783203 2.783203 2.791016 2.724609 2.685547 2.669922 2.658203 2.650391 2.654297 2.658203 2.666016 2.685547 2.712891 2.740234 2.767578 2.791016 2.798828 2.798828 2.791016 2.787109 2.783203 2.779297 2.775391 2.783203 2.794922 2.806641 2.810547 2.814453 2.818359 2.818359 2.814453 2.810547 2.806641 2.806641 2.810547 2.810547 2.814453 2.810547 2.810547 2.806641 2.806641 2.810547 2.818359 2.845703 2.865234 2.857422
2.861328 2.849609 2.841797 2.833984 2.822266 2.814453 2.806641 2.798828 2.791016 2.787109 2.783203 2.779297 2.775391 2.775391 2.779297 2.787109 2.794922 2.794922 2.791016 2.798828 2.705078 2.681641 2.669922 2.654297 2.650391 2.658203 2.666016 2.673828 2.693359 2.720703 2.744141 2.771484 2.794922 2.798828 2.798828 2.794922 2.791016 2.794922 2.787109 2.779297 2.783203 2.794922 2.806641 2.810547 2.818359 2.822266 2.818359 2.814453 2.814453 2.810547 2.810547 2.810547 2.810547 2.810547 2.810547 2.806641 2.806641 2.806641 2.810547 2.818359 2.849609 2.880859 2.880859
2.857422 2.849609 2.841797 2.833984 2.826172 2.818359 2.806641 2.802734 2.798828 2.794922 2.791016 2.787109 2.783203 2.783203 2.787109 2.794922 2.802734 2.802734 2.798828 2.755859 2.693359 2.681641 2.677734 2.662109 2.658203 2.658203 2.666016 2.677734 2.701172 2.724609 2.744141 2.767578 2.794922 2.798828 2.798828 2.798828 2.798828 2.798828 2.794922 2.783203 2.787109 2.798828 2.810547 2.818359 2.822266 2.826172 2.826172 2.826172 2.826172 2.826172 2.826172 2.822266 2.822266 2.818359 2.810547 2.806641 2.806641 2.806641 2.810547 2.822266 2.845703 2.876953 2.892578
2.857422 2.845703 2.837891 2.833984 2.830078 2.818359 2.814453 2.806641 2.802734 2.798828 2.798828 2.798828 2.798828 2.794922 2.794922 2.802734 2.810547 2.810547 2.763672 2.708984 2.685547 2.685547 2.681641 2.666016 2.658203 2.662109 2.673828 2.693359 2.708984 2.720703 2.732422 2.763672 2.802734 2.806641 2.806641 2.798828 2.798828 2.798828 2.798828 2.791016 2.791016 2.806641 2.822266 2.826172 2.833984 2.837891 2.849609 2.853516 2.861328 2.865234 2.861328 2.865234 2.849609 2.826172 2.810547 2.802734 2.802734 2.806641 2.814453 2.826172 2.845703 2.873047 2.892578
2.861328 2.849609 2.837891 2.833984 2.830078 2.826172 2.818359 2.814453 2.814453 2.810547 2.814453 2.814453 2.818359 2.814453 2.814453 2.818359 2.814453 2.740234 2.705078 2.685547 2.681641 2.685547 2.685547 2.673828 2.666016 2.677734 2.697266 2.712891 2.712891 2.716797 2.740234 2.779297 2.806641 2.814453 2.810547 2.806641 2.802734 2.798828 2.798828 2.791016 2.794922 2.814453 2.830078 2.845703 2.853516 2.873047 2.900391 2.927734 2.935547 2.927734 2.923828 2.908203 2.865234 2.830078 2.806641 2.798828 2.802734 2.814453 2.826172 2.837891 2.853516 2.876953 2.896484
2.865234 2.849609 2.845703 2.837891 2.837891 2.833984 2.830078 2.826172 2.826172 2.826172 2.830078 2.833984 2.837891 2.837891 2.837891 2.841797 2.767578 2.716797 2.693359 2.681641 2.685547 2.693359 2.693359 2.685547 2.685547 2.705078 2.716797 2.716797 2.716797 2.728516 2.759766 2.798828 2.810547 2.818359 2.814453 2.806641 2.798828 2.798828 2.794922 2.791016 2.806641 2.833984 2.849609 2.869141 2.880859 2.912109 2.935547 2.927734 2.919922 2.912109 2.912109 2.888672 2.841797 2.814453 2.798828 2.802734 2.814453 2.830078 2.845703 2.861328 2.880859 2.900391 2.908203
2.869141 2.861328 2.853516 2.849609 2.849609 2.849609 2.845703 2.845703 2.845703 2.845703 2.849609 2.853516 2.857422 2.857422 2.857422 2.810547 2.751953 2.720703 2.705078 2.693359 2.697266 2.705078 2.705078 2.705078 2.712891 2.724609 2.716797 2.716797 2.724609 2.744141 2.775391 2.802734 2.810547 2.814453 2.810547 2.802734 2.794922 2.791016 2.791016 2.798828 2.830078 2.873047 2.888672 2.884766 2.888672 2.927734 2.935547 2.931641 2.919922 2.912109 2.912109 2.837891 2.814453 2.798828 2.802734 2.814453 2.830078 2.849609 2.869141 2.888672 2.912109 2.923828 2.923828
2.880859 2.873047 2.865234 2.861328 2.865234 2.869141 2.869141 2.865234 2.869141 2.869141 2.869141 2.873047 2.876953 2.861328 2.802734 2.771484 2.748047 2.736328 2.720703 2.712891 2.716797 2.720703 2.724609 2.728516 2.736328 2.732422 2.724609 2.728516 2.740234 2.759766 2.783203 2.802734 2.810547 2.810547 2.806641 2.798828 2.798828 2.794922 2.798828 2.822266 2.873047 2.896484 2.900391 2.873047 2.869141 2.884766 2.943359 2.943359 2.939453 2.931641 2.865234 2.818359 2.798828 2.802734 2.810547 2.826172 2.845703 2.865234 2.888672 2.912109 2.931641 2.943359 2.943359
2.892578 2.888672 2.880859 2.876953 2.876953 2.884766 2.888672 2.888672 2.888672 2.888672 2.888672 2.888672 2.845703 2.791016 2.767578 2.759766 2.755859 2.751953 2.744141 2.736328 2.736328 2.744141 2.751953 2.755859 2.751953 2.740234 2.736328 2.740234 2.748047 2.767578 2.787109 2.798828 2.806641 2.806641 2.802734 2.798828 2.798828 2.810547 2.826172 2.857422 2.892578 2.892578 2.865234 2.841797 2.841797 2.837891 2.853516 2.892578 2.916016 2.892578 2.841797 2.806641 2.798828 2.806641 2.822266 2.837891 2.853516 2.873047 2.896484 2.919922 2.943359 2.958984 2.962891
2.904297 2.900391 2.892578 2.888672 2.888672 2.896484 2.904297 2.904297 2.904297 2.904297 2.900391 2.853516 2.794922 2.771484 2.767578 2.771484 2.771484 2.771484 2.763672 2.763672 2.767578 2.779297 2.787109 2.783203 2.771484 2.759766 2.748047 2.748047 2.755859 2.771484 2.791016 2.798828 2.802734 2.802734 2.798828 2.798828 2.806641 2.822266 2.857422 2.888672 2.873047 2.845703 2.826172 2.822266 2.818359 2.810547 2.810547 2.818359 2.837891 2.841797 2.822266 2.802734 2.798828 2.810547 2.830078 2.845703 2.861328 2.880859 2.900391 2.927734 2.955078 2.978516 2.978516
2.908203 2.908203 2.904297 2.896484 2.896484 2.904297 2.912109 2.912109 2.908203 2.908203 2.857422 2.798828 2.771484 2.767578 2.779297 2.791016 2.794922 2.791016 2.787109 2.791016 2.798828 2.798828 2.798828 2.802734 2.798828 2.783203 2.771484 2.767578 2.771484 2.779297 2.798828 2.798828 2.802734 2.802734 2.798828 2.802734 2.814453 2.841797 2.876953 2.880859 2.853516 2.822266 2.810547 2.814453 2.806641 2.802734 2.802734 2.802734 2.802734 2.810547 2.810547 2.802734 2.802734 2.814453 2.833984 2.853516 2.869141 2.888672 2.908203 2.931641 2.962891 2.986328 2.986328
2.908203 2.908203 2.908203 2.900391 2.900391 2.904297 2.912109 2.912109 2.912109 2.853516 2.802734 2.771484 2.759766 2.771484 2.791016 2.806641 2.806641 2.802734 2.798828 2.798828 2.798828 2.798828 2.802734 2.802734 2.810547 2.818359 2.814453 2.806641 2.798828 2.798828 2.798828 2.798828 2.802734 2.802734 2.802734 2.810547 2.830078 2.869141 2.888672 2.873047 2.837891 2.810547 2.802734 2.806641 2.798828 2.806641 2.814453 2.818359 2.810547 2.802734 2.802734 2.802734 2.802734 2.818359 2.841797 2.861328 2.876953 2.896484 2.912109 2.935547 2.962891 2.986328 2.982422
2.912109 2.912109 2.908203 2.904297 2.900391 2.904297 2.912109 2.912109 2.841797 2.798828 2.767578 2.751953 2.751953 2.771484 2.798828 2.814453 2.814453 2.806641 2.802734 2.798828 2.798828 2.802734 2.802734 2.806641 2.826172 2.857422 2.869141 2.853516 2.830078 2.810547 2.802734 2.802734 2.802734 2.802734 2.806641 2.822266 2.853516 2.900391 2.908203 2.869141 2.830078 2.806641 2.798828 2.798828 2.806641 2.822266 2.841797 2.849609 2.837891 2.814453 2.806641 2.802734 2.810547 2.826172 2.849609 2.865234 2.884766 2.896484 2.912109 2.931641 2.958984 2.978516 2.978516
2.923828 2.923828 2.919922 2.912109 2.908203 2.908203 2.912109 2.861328 2.802734 2.775391 2.751953 2.740234 2.744141 2.767578 2.798828 2.822266 2.822266 2.814453 2.802734 2.798828 2.798828 2.802734 2.802734 2.810547 2.833984 2.876953 2.900391 2.880859 2.849609 2.822266 2.810547 2.806641 2.806641 2.810547 2.818359 2.837891 2.880859 2.923828 2.916016 2.869141 2.822266 2.794922 2.798828 2.806641 2.826172 2.849609 2.865234 2.876953 2.869141 2.841797 2.818359 2.810547 2.818359 2.830078 2.849609 2.861328 2.873047 2.888672 2.904297 2.923828 2.951172 2.970703 2.970703
2.939453 2.943359 2.939453 2.931641 2.923828 2.919922 2.884766 2.822266 2.787109 2.763672 2.740234 2.728516 2.732422 2.751953 2.783203 2.814453 2.826172 2.818359 2.806641 2.802734 2.798828 2.802734 2.802734 2.806641 2.830078 2.873047 2.908203 2.904297 2.873047 2.845703 2.830078 2.822266 2.822266 2.826172 2.841797 2.857422 2.888672 2.923828 2.908203 2.865234 2.814453 2.794922 2.798828 2.822266 2.853516 2.876953 2.892578 2.900391 2.888672 2.865234 2.837891 2.822266 2.822266 2.830078 2.837891 2.845703 2.853516 2.865234 2.884766 2.908203 2.939453 2.962891 2.962891
2.943359 2.943359 2.943359 2.904297 2.880859 2.857422 2.833984 2.802734 2.775391 2.751953 2.732422 2.716797 2.716797 2.736328 2.763672 2.794922 2.818359 2.818359 2.810547 2.802734 2.802734 2.802734 2.802734 2.802734 2.822266 2.857422 2.888672 2.900391 2.900391 2.892578 2.884766 2.880859 2.876953 2.880859 2.884766 2.880859 2.888672 2.892578 2.876953 2.841797 2.806641 2.798828 2.810547 2.841797 2.876953 2.900391 2.912109 2.916016 2.904297 2.876953 2.845703 2.830078 2.822266 2.822266 2.826172 2.826172 2.830078 2.841797 2.861328 2.892578 2.923828 2.951172 2.958984
2.943359 2.943359 2.908203 2.873047 2.857422 2.837891 2.814453 2.791016 2.763672 2.744141 2.720703 2.705078 2.705078 2.720703 2.751953 2.779297 2.798828 2.806641 2.806641 2.806641 2.806641 2.802734 2.802734 2.802734 2.810547 2.830078 2.853516 2.880859 2.919922 2.943359 2.943359 2.943359 2.943359 2.943359 2.943359 2.892578 2.865234 2.857422 2.845703 2.822266 2.802734 2.798828 2.818359 2.853516 2.888672 2.912109 2.923828 2.923828 2.912109 2.880859 2.849609 2.826172 2.814453 2.814453 2.814453 2.814453 2.818359 2.826172 2.841797 2.873047 2.908203 2.939453 2.955078
2.943359 2.943359 2.908203 2.876953 2.857422 2.837891 2.810547 2.783203 2.759766 2.736328 2.716797 2.705078 2.705078 2.720703 2.748047 2.771484 2.787109 2.794922 2.798828 2.814453 2.814453 2.810547 2.810547 2.806641 2.802734 2.810547 2.826172 2.853516 2.935547 2.943359 2.943359 2.943359 2.943359 2.943359 2.943359 2.896484 2.841797 2.826172 2.818359 2.806641 2.798828 2.802734 2.822266 2.853516 2.884766 2.908203 2.923828 2.927734 2.916016 2.884766 2.845703 2.818359 2.806641 2.806641 2.810547 2.810547 2.814453 2.814453 2.826172 2.853516 2.896484 2.931641 2.947266
