py_wake/examples/data/AJ_ParqueFicticio/Rough survey   Sector 4   Height 30m   Weibull-k.grd
DSAA
73  159
 258469   265669
 6501692   6517492
 1.095703   2.744141
[rows 84 to 111 of 159, columns 0 to 62 of 73]
2.583984 2.587891 2.580078 2.580078 2.572266 2.568359 2.568359 2.560547 2.552734 2.556641 2.568359 2.583984 2.591797 2.591797 2.583984 2.615234 2.638672 2.650391 2.658203 2.666016 2.650391 2.650391 2.646484 2.642578 2.646484 2.681641 2.685547 2.650391 2.638672 2.669922 2.693359 2.708984 2.708984 2.712891 2.716797 2.732422 2.685547 2.642578 2.693359 2.716797 2.701172 2.693359 2.681641 2.673828 2.697266 2.705078 2.689453 2.685547 2.689453 2.732422 2.744141 2.744141 2.736328 2.724609 2.701172 2.705078 2.724609 2.740234 2.744141 2.744141 2.744141 2.744141 2.736328
2.556641 2.568359 2.568359 2.560547 2.552734 2.556641 2.552734 2.541016 2.541016 2.544922 2.556641 2.560547 2.560547 2.568359 2.591797 2.615234 2.623047 2.623047 2.658203 2.673828 2.658203 2.673828 2.666016 2.677734 2.673828 2.677734 2.677734 2.658203 2.646484 2.666016 2.673828 2.697266 2.689453 2.705078 2.689453 2.728516 2.701172 2.646484 2.681641 2.712891 2.708984 2.705078 2.705078 2.701172 2.685547 2.705078 2.685547 2.642578 2.646484 2.666016 2.724609 2.740234 2.732422 2.724609 2.708984 2.708984 2.740234 2.744141 2.744141 2.744141 2.744141 2.744141 2.701172
2.541016 2.552734 2.552734 2.537109 2.541016 2.548828 2.537109 2.529297 2.533203 2.537109 2.537109 2.537109 2.552734 2.564453 2.591797 2.611328 2.611328 2.623047 2.642578 2.642578 2.654297 2.666016 2.673828 2.693359 2.681641 2.650391 2.634766 2.634766 2.634766 2.646484 2.654297 2.673828 2.693359 2.701172 2.689453 2.724609 2.708984 2.681641 2.712891 2.708984 2.701172 2.708984 2.712891 2.712891 2.708984 2.716797 2.720703 2.693359 2.685547 2.654297 2.693359 2.724609 2.736328 2.736328 2.732422 2.716797 2.744141 2.744141 2.744141 2.744141 2.744141 2.705078 2.611328
2.541016 2.541016 2.529297 2.517578 2.529297 2.533203 2.521484 2.533203 2.525391 2.521484 2.521484 2.521484 2.533203 2.552734 2.580078 2.595703 2.599609 2.607422 2.611328 2.626953 2.630859 2.634766 2.642578 2.654297 2.654297 2.630859 2.595703 2.607422 2.619141 2.619141 2.630859 2.626953 2.673828 2.708984 2.720703 2.716797 2.724609 2.724609 2.705078 2.697266 2.697266 2.708984 2.712891 2.712891 2.716797 2.720703 2.724609 2.724609 2.716797 2.705078 2.689453 2.685547 2.728516 2.736328 2.736328 2.736328 2.744141 2.744141 2.744141 2.744141 2.744141 2.634766 2.638672
2.525391 2.513672 2.494141 2.505859 2.509766 2.501953 2.505859 2.513672 2.501953 2.498047 2.501953 2.501953 2.505859 2.529297 2.564453 2.580078 2.583984 2.591797 2.595703 2.599609 2.599609 2.607422 2.607422 2.623047 2.626953 2.626953 2.599609 2.603516 2.623047 2.615234 2.583984 2.623047 2.650391 2.693359 2.724609 2.736328 2.728516 2.712891 2.701172 2.693359 2.701172 2.705078 2.701172 2.705078 2.708984 2.716797 2.705078 2.716797 2.724609 2.724609 2.697266 2.615234 2.615234 2.720703 2.736328 2.736328 2.744141 2.744141 2.744141 2.712891 2.728516 2.712891 2.669922
2.494141 2.470703 2.494141 2.498047 2.486328 2.482422 2.486328 2.486328 2.478516 2.490234 2.482422 2.486328 2.486328 2.505859 2.525391 2.537109 2.568359 2.576172 2.576172 2.587891 2.580078 2.580078 2.591797 2.623047 2.634766 2.623047 2.630859 2.630859 2.638672 2.599609 2.587891 2.615234 2.646484 2.681641 2.724609 2.732422 2.724609 2.724609 2.705078 2.705078 2.708984 2.705078 2.701172 2.716797 2.716797 2.716797 2.697266 2.708984 2.724609 2.720703 2.693359 2.595703 2.478516 2.599609 2.720703 2.732422 2.732422 2.744141 2.724609 2.693359 2.697266 2.744141 2.720703
2.462891 2.474609 2.486328 2.470703 2.462891 2.458984 2.451172 2.458984 2.470703 2.470703 2.474609 2.474609 2.470703 2.474609 2.494141 2.521484 2.544922 2.544922 2.580078 2.587891 2.591797 2.587891 2.611328 2.646484 2.662109 2.607422 2.607422 2.623047 2.619141 2.607422 2.611328 2.626953 2.662109 2.708984 2.728516 2.728516 2.720703 2.728516 2.705078 2.708984 2.712891 2.705078 2.720703 2.724609 2.728516 2.712891 2.724609 2.716797 2.732422 2.732422 2.724609 2.666016 2.607422 2.447266 2.548828 2.693359 2.669922 2.646484 2.642578 2.685547 2.744141 2.744141 2.744141
2.458984 2.458984 2.458984 2.451172 2.435547 2.416016 2.427734 2.443359 2.447266 2.470703 2.470703 2.462891 2.466797 2.462891 2.466797 2.470703 2.486328 2.505859 2.568359 2.630859 2.650391 2.634766 2.650391 2.673828 2.662109 2.615234 2.595703 2.599609 2.611328 2.619141 2.650391 2.662109 2.681641 2.724609 2.736328 2.724609 2.705078 2.724609 2.720703 2.705078 2.716797 2.720703 2.724609 2.732422 2.728516 2.724609 2.728516 2.736328 2.744141 2.744141 2.732422 2.728516 2.720703 2.662109 2.537109 2.650391 2.650391 2.623047 2.732422 2.744141 2.744141 2.744141 2.744141
2.431641 2.423828 2.423828 2.416016 2.384766 2.408203 2.416016 2.419922 2.439453 2.455078 2.474609 2.478516 2.466797 2.458984 2.458984 2.431641 2.431641 2.462891 2.564453 2.654297 2.689453 2.705078 2.693359 2.685547 2.642578 2.611328 2.583984 2.587891 2.623047 2.634766 2.666016 2.693359 2.712891 2.732422 2.740234 2.724609 2.705078 2.708984 2.724609 2.712891 2.705078 2.724609 2.728516 2.728516 2.724609 2.728516 2.732422 2.744141 2.744141 2.744141 2.736328 2.736328 2.740234 2.736328 2.732422 2.732422 2.732422 2.732422 2.736328 2.736328 2.744141 2.744141 2.744141
2.392578 2.388672 2.380859 2.380859 2.392578 2.388672 2.396484 2.404297 2.419922 2.439453 2.462891 2.474609 2.474609 2.470703 2.455078 2.439453 2.416016 2.458984 2.560547 2.666016 2.607422 2.642578 2.685547 2.669922 2.630859 2.595703 2.572266 2.591797 2.623047 2.638672 2.666016 2.693359 2.732422 2.744141 2.732422 2.716797 2.708984 2.705078 2.708984 2.716797 2.724609 2.728516 2.728516 2.728516 2.732422 2.732422 2.744141 2.744141 2.744141 2.736328 2.736328 2.740234 2.744141 2.744141 2.744141 2.744141 2.744141 2.744141 2.744141 2.744141 2.744141 2.744141 2.744141
2.357422 2.349609 2.345703 2.349609 2.361328 2.380859 2.380859 2.380859 2.396484 2.423828 2.435547 2.443359 2.474609 2.482422 2.490234 2.490234 2.474609 2.505859 2.583984 2.673828 2.599609 2.517578 2.619141 2.642578 2.619141 2.572266 2.560547 2.580078 2.642578 2.681641 2.697266 2.716797 2.732422 2.744141 2.732422 2.716797 2.708984 2.708984 2.708984 2.693359 2.720703 2.728516 2.728516 2.732422 2.736328 2.744141 2.744141 2.744141 2.736328 2.736328 2.732422 2.732422 2.744141 2.744141 2.744141 2.744141 2.744141 2.744141 2.744141 2.744141 2.744141 2.744141 2.744141
2.310547 2.302734 2.291016 2.322266 2.341797 2.369141 2.365234 2.380859 2.400391 2.408203 2.412109 2.423828 2.455078 2.486328 2.525391 2.560547 2.595703 2.599609 2.615234 2.669922 2.646484 2.478516 2.529297 2.591797 2.583984 2.525391 2.517578 2.599609 2.669922 2.716797 2.724609 2.728516 2.736328 2.744141 2.720703 2.720703 2.705078 2.689453 2.673828 2.681641 2.697266 2.716797 2.728516 2.736328 2.744141 2.744141 2.744141 2.744141 2.740234 2.736328 2.732422 2.732422 2.744141 2.744141 2.744141 2.744141 2.744141 2.744141 2.744141 2.744141 2.744141 2.744141 1.220703
2.287109 2.267578 2.291016 2.310547 2.333984 2.353516 2.384766 2.388672 2.388672 2.392578 2.392578 2.404297 2.435547 2.474609 2.556641 2.642578 2.705078 2.677734 2.642578 2.677734 2.669922 2.513672 2.490234 2.525391 2.541016 2.521484 2.509766 2.634766 2.697266 2.697266 2.701172 2.720703 2.720703 2.732422 2.716797 2.720703 2.705078 2.642578 2.658203 2.669922 2.708984 2.720703 2.732422 2.740234 2.744141 2.744141 2.744141 2.744141 2.740234 2.740234 2.732422 2.732422 2.732422 2.744141 2.744141 2.744141 2.744141 2.744141 2.744141 2.744141 2.744141 2.744141 1.439453
2.240234 2.271484 2.294922 2.322266 2.330078 2.349609 2.392578 2.400391 2.384766 2.380859 2.400391 2.412109 2.419922 2.462891 2.568359 2.673828 2.685547 2.697266 2.673828 2.681641 2.658203 2.541016 2.490234 2.517578 2.537109 2.537109 2.634766 2.662109 2.611328 2.638672 2.685547 2.669922 2.634766 2.646484 2.669922 2.697266 2.712891 2.666016 2.669922 2.693359 2.720703 2.732422 2.732422 2.736328 2.736328 2.736328 2.740234 2.744141 2.744141 2.744141 2.732422 2.689453 2.681641 2.712891 2.701172 2.720703 2.724609 2.736328 2.744141 2.744141 2.744141 2.744141 2.744141
2.236328 2.267578 2.294922 2.337891 2.326172 2.337891 2.373047 2.400391 2.400391 2.400391 2.423828 2.447266 2.462891 2.501953 2.591797 2.685547 2.673828 2.642578 2.654297 2.654297 2.634766 2.556641 2.474609 2.494141 2.583984 2.654297 2.685547 2.611328 2.630859 2.669922 2.623047 2.603516 2.537109 2.525391 2.572266 2.607422 2.638672 2.705078 2.716797 2.720703 2.724609 2.732422 2.736328 2.736328 2.736328 2.736328 2.708984 2.701172 2.607422 2.662109 2.583984 2.501953 2.537109 2.642578 2.689453 2.623047 2.642578 2.630859 2.689453 2.744141 2.744141 2.744141 2.744141
2.173828 2.228516 2.302734 2.345703 2.365234 2.365234 2.349609 2.384766 2.427734 2.435547 2.470703 2.513672 2.568359 2.595703 2.630859 2.685547 2.697266 2.615234 2.611328 2.619141 2.619141 2.552734 2.513672 2.533203 2.650391 2.677734 2.646484 2.693359 2.685547 2.626953 2.587891 2.595703 2.646484 2.537109 2.439453 2.498047 2.619141 2.689453 2.716797 2.728516 2.732422 2.724609 2.732422 2.720703 2.720703 2.693359 2.615234 2.544922 2.490234 2.447266 2.537109 2.556641 2.634766 2.728516 2.720703 2.708984 2.705078 2.669922 2.708984 2.728516 2.744141 2.744141 2.744141
2.169922 2.248047 2.310547 2.353516 2.419922 2.435547 2.365234 2.396484 2.462891 2.486328 2.544922 2.603516 2.650391 2.685547 2.681641 2.708984 2.716797 2.646484 2.603516 2.611328 2.607422 2.548828 2.544922 2.662109 2.669922 2.630859 2.705078 2.638672 2.626953 2.623047 2.626953 2.650391 2.662109 2.619141 2.548828 2.537109 2.611328 2.669922 2.685547 2.716797 2.697266 2.615234 2.646484 2.662109 2.697266 2.634766 2.494141 2.314453 2.376953 2.462891 2.619141 2.724609 2.705078 2.708984 2.712891 2.708984 2.724609 2.736328 2.740234 2.744141 2.744141 2.744141 2.744141
2.251953 2.283203 2.298828 2.345703 2.439453 2.529297 2.474609 2.427734 2.505859 2.548828 2.599609 2.673828 2.712891 2.724609 2.724609 2.724609 2.716797 2.689453 2.638672 2.615234 2.611328 2.619141 2.658203 2.716797 2.658203 2.708984 2.654297 2.576172 2.595703 2.646484 2.681641 2.701172 2.701172 2.638672 2.615234 2.638672 2.666016 2.708984 2.697266 2.720703 2.591797 2.541016 2.541016 2.662109 2.701172 2.736328 2.568359 2.302734 2.478516 2.619141 2.728516 2.716797 2.681641 2.662109 2.689453 2.697266 2.720703 2.732422 2.736328 2.736328 2.744141 2.744141 1.349609
2.341797 2.306641 2.294922 2.345703 2.470703 2.615234 2.615234 2.517578 2.548828 2.623047 2.642578 2.720703 2.728516 2.720703 2.712891 2.708984 2.708984 2.701172 2.669922 2.662109 2.669922 2.689453 2.720703 2.728516 2.716797 2.673828 2.603516 2.580078 2.619141 2.681641 2.712891 2.720703 2.712891 2.677734 2.666016 2.697266 2.716797 2.728516 2.716797 2.666016 2.580078 2.572266 2.615234 2.728516 2.728516 2.744141 2.732422 2.669922 2.611328 2.638672 2.728516 2.716797 2.658203 2.626953 2.623047 2.677734 2.705078 2.712891 2.724609 2.736328 2.744141 2.681641 2.638672
2.419922 2.353516 2.326172 2.380859 2.513672 2.642578 2.705078 2.638672 2.634766 2.689453 2.708984 2.736328 2.728516 2.712891 2.701172 2.701172 2.701172 2.701172 2.705078 2.705078 2.716797 2.728516 2.732422 2.732422 2.697266 2.658203 2.630859 2.619141 2.666016 2.693359 2.708984 2.712891 2.708984 2.701172 2.693359 2.716797 2.728516 2.736328 2.669922 2.583984 2.662109 2.716797 2.712891 2.720703 2.732422 2.744141 2.744141 2.744141 2.681641 2.654297 2.701172 2.720703 2.650391 2.591797 2.603516 2.677734 2.701172 2.712891 2.728516 2.744141 2.744141 2.068359 1.728516
2.548828 2.455078 2.427734 2.458984 2.521484 2.611328 2.716797 2.724609 2.705078 2.720703 2.732422 2.732422 2.720703 2.693359 2.681641 2.693359 2.716797 2.716797 2.720703 2.728516 2.732422 2.736328 2.740234 2.732422 2.712891 2.705078 2.701172 2.708984 2.705078 2.693359 2.681641 2.685547 2.712891 2.724609 2.728516 2.728516 2.736328 2.740234 2.658203 2.662109 2.732422 2.716797 2.708984 2.720703 2.744141 2.744141 2.744141 2.744141 2.744141 2.693359 2.701172 2.728516 2.697266 2.650391 2.666016 2.650391 2.662109 2.708984 2.736328 2.744141 2.744141 2.025391 1.876953
2.666016 2.646484 2.572266 2.498047 2.490234 2.552734 2.701172 2.736328 2.732422 2.732422 2.728516 2.720703 2.697266 2.662109 2.623047 2.666016 2.712891 2.728516 2.728516 2.732422 2.736328 2.744141 2.744141 2.744141 2.732422 2.732422 2.720703 2.724609 2.724609 2.712891 2.689453 2.708984 2.724609 2.732422 2.736328 2.744141 2.744141 2.677734 2.697266 2.720703 2.716797 2.708984 2.712891 2.728516 2.744141 2.732422 2.650391 2.681641 2.740234 2.744141 2.732422 2.736328 2.728516 2.728516 2.728516 2.708984 2.712891 2.736328 2.744141 2.744141 2.744141 2.099609 1.845703
2.685547 2.728516 2.705078 2.603516 2.490234 2.529297 2.673828 2.732422 2.732422 2.728516 2.716797 2.689453 2.650391 2.607422 2.576172 2.576172 2.701172 2.728516 2.732422 2.732422 2.736328 2.744141 2.744141 2.744141 2.728516 2.669922 2.693359 2.716797 2.732422 2.720703 2.716797 2.728516 2.736328 2.736328 2.744141 2.744141 2.689453 2.615234 2.677734 2.724609 2.712891 2.681641 2.716797 2.728516 2.732422 2.724609 2.623047 2.412109 2.685547 2.732422 2.736328 2.736328 2.744141 2.744141 2.744141 2.740234 2.744141 2.744141 2.744141 2.744141 2.744141 2.619141 1.541016
2.669922 2.732422 2.728516 2.712891 2.626953 2.599609 2.677734 2.732422 2.724609 2.716797 2.705078 2.662109 2.599609 2.537109 2.517578 2.486328 2.572266 2.712891 2.732422 2.732422 2.736328 2.744141 2.744141 2.744141 2.705078 2.685547 2.677734 2.716797 2.736328 2.732422 2.736328 2.744141 2.744141 2.744141 2.744141 2.744141 2.662109 2.544922 2.642578 2.693359 2.701172 2.701172 2.716797 2.705078 2.701172 2.693359 2.701172 2.583984 2.541016 2.681641 2.720703 2.728516 2.732422 2.744141 2.744141 2.744141 2.744141 2.744141 2.744141 2.744141 2.744141 2.349609 1.298828
2.642578 2.740234 2.732422 2.728516 2.732422 2.720703 2.705078 2.732422 2.720703 2.701172 2.685547 2.638672 2.576172 2.537109 2.474609 2.494141 2.416016 2.603516 2.716797 2.732422 2.736328 2.744141 2.744141 2.744141 2.744141 2.697266 2.677734 2.677734 2.744141 2.744141 2.744141 2.744141 2.744141 2.744141 2.744141 2.744141 2.669922 2.607422 2.619141 2.669922 2.724609 2.712891 2.681641 2.599609 2.564453 2.642578 2.708984 2.736328 2.716797 2.697266 2.677734 2.697266 2.705078 2.736328 2.744141 2.744141 2.744141 2.744141 2.744141 2.744141 2.744141 2.681641 2.583984
2.638672 2.744141 2.744141 2.732422 2.732422 2.732422 2.732422 2.732422 2.724609 2.693359 2.658203 2.626953 2.591797 2.521484 2.513672 2.513672 2.482422 2.388672 2.623047 2.716797 2.732422 2.736328 2.744141 2.744141 2.744141 2.701172 2.689453 2.728516 2.728516 2.744141 2.744141 2.744141 2.744141 2.744141 2.716797 2.732422 2.705078 2.666016 2.638672 2.689453 2.724609 2.697266 2.638672 2.521484 2.341797 2.470703 2.677734 2.736328 2.744141 2.732422 2.693359 2.697266 2.716797 2.736328 2.744141 2.744141 2.744141 2.744141 2.744141 2.744141 2.744141 2.638672 2.681641
2.693359 2.744141 2.744141 2.740234 2.732422 2.728516 2.724609 2.724609 2.716797 2.685547 2.642578 2.607422 2.611328 2.595703 2.548828 2.498047 2.462891 2.373047 2.435547 2.623047 2.716797 2.732422 2.744141 2.744141 2.744141 2.736328 2.744141 2.740234 2.736328 2.681641 2.611328 2.552734 2.501953 2.525391 2.630859 2.740234 2.744141 2.740234 2.693359 2.712891 2.724609 2.673828 2.595703 2.490234 2.298828 2.228516 2.509766 2.685547 2.736328 2.732422 2.724609 2.712891 2.736328 2.744141 2.744141 2.744141 2.744141 2.744141 2.744141 2.744141 2.744141 2.744141 1.095703
2.740234 2.736328 2.744141 2.744141 2.736328 2.732422 2.724609 2.720703 2.708984 2.677734 2.646484 2.623047 2.634766 2.626953 2.615234 2.583984 2.560547 2.541016 2.326172 2.345703 2.591797 2.724609 2.744141 2.744141 2.740234 2.732422 2.732422 2.736328 2.716797 2.560547 2.263672 2.111328 2.212891 2.419922 2.599609 2.744141 2.744141 2.744141 2.744141 2.732422 2.724609 2.662109 2.580078 2.486328 2.380859 2.271484 2.306641 2.404297 2.376953 2.669922 2.716797 2.732422 2.744141 2.744141 2.744141 2.744141 2.744141 2.744141 2.744141 2.744141 2.744141 2.744141 2.744141
