py_wake/examples/data/AJ_ParqueFicticio/Rough survey   Sector 4   Height 200m   Mean speed.grd
DSAA
73  159
 258469   265669
 6501692   6517492
 5.472929   12.85992
[rows 84 to 111 of 159, columns 0 to 62 of 73]
8.689216 8.686696 8.692356 8.709605 8.733672 8.769654 8.808871 8.854139 8.889608 8.915316 8.932937 8.948528 8.939896 8.933665 8.9547 8.958137 8.96689 8.975677 8.996938 9.063035 9.139546 9.218292 9.32185 9.477686 9.699569 9.990685 10.27722 10.49244 10.59599 10.54336 10.3755 10.18762 10.00904 9.803076 9.621725 9.382767 9.256474 9.256597 9.344557 9.468199 9.536699 9.502271 9.382524 9.231779 9.131754 9.024075 8.879264 8.773972 8.68521 8.64545 8.68032 8.748107 8.830982 8.872989 8.863732 8.75468 8.556171 8.306733 8.017817 7.724481 7.435016 7.18711 6.939046
8.676703 8.682986 8.68759 8.701482 8.726893 8.771446 8.812623 8.859691 8.891137 8.921471 8.951838 8.967526 8.974498 8.953923 8.974094 9.004167 9.018216 9.018161 9.027067 9.072515 9.140802 9.234912 9.353833 9.534047 9.80162 10.13703 10.42221 10.59097 10.60182 10.48059 10.28716 10.0932 9.9404 9.727294 9.520998 9.301283 9.211267 9.28395 9.413261 9.540551 9.593368 9.534249 9.420783 9.261211 9.143757 9.039001 8.91065 8.776328 8.636147 8.558949 8.592118 8.678081 8.772835 8.837745 8.839725 8.738269 8.539454 8.275615 7.983495 7.663957 7.337636 7.050423 6.815089
8.640738 8.653209 8.668962 8.694523 8.728126 8.772489 8.821985 8.853598 8.895135 8.932867 8.967346 8.979527 8.991652 8.986088 9.001077 9.036422 9.050341 9.05813 9.080289 9.104145 9.165495 9.252558 9.383664 9.57463 9.866215 10.21395 10.51032 10.66252 10.60419 10.43594 10.1998 9.984267 9.809918 9.622064 9.440545 9.249895 9.182487 9.300452 9.479559 9.598967 9.634204 9.567693 9.442355 9.296425 9.179297 9.06706 8.947663 8.813349 8.644259 8.509339 8.489128 8.586069 8.704682 8.771777 8.79479 8.711785 8.503253 8.232969 7.920887 7.583291 7.226981 6.925973 6.719587
8.606122 8.624516 8.648419 8.689569 8.726953 8.769662 8.820842 8.857779 8.901365 8.945602 8.97441 8.996326 9.012774 9.030232 9.039978 9.055759 9.073803 9.100605 9.126181 9.15196 9.21737 9.317027 9.44888 9.634353 9.911124 10.25916 10.56974 10.72785 10.65701 10.4392 10.15366 9.887945 9.693264 9.515452 9.362576 9.2015 9.17236 9.336006 9.506195 9.632119 9.662105 9.605249 9.49138 9.333252 9.200858 9.073442 8.972912 8.84754 8.665523 8.494062 8.428186 8.518823 8.624932 8.693135 8.721977 8.652604 8.435367 8.139067 7.82972 7.473613 7.104442 6.810511 6.702256
8.597738 8.608424 8.637005 8.681152 8.727955 8.770819 8.809736 8.849386 8.899707 8.946877 8.981615 9.008573 9.035257 9.068625 9.078686 9.082846 9.096975 9.133948 9.162431 9.209117 9.2855 9.402208 9.559937 9.758134 9.995294 10.30509 10.62795 10.81505 10.74957 10.46219 10.12538 9.8137 9.598076 9.398927 9.239217 9.137515 9.19221 9.360631 9.53491 9.654075 9.689837 9.641706 9.516254 9.343926 9.187884 9.055437 8.954515 8.838983 8.661362 8.499773 8.427601 8.472834 8.535536 8.590847 8.638537 8.56724 8.338187 8.027699 7.706377 7.360148 6.979857 6.731051 6.72702
8.594119 8.603557 8.62896 8.67548 8.734643 8.7724 8.819471 8.84823 8.893457 8.942848 8.995527 9.025133 9.055635 9.102821 9.125908 9.119139 9.130276 9.159453 9.205155 9.258615 9.355595 9.499807 9.702509 9.932631 10.15185 10.39993 10.70144 10.9001 10.80541 10.47479 10.06793 9.730255 9.47724 9.26527 9.096743 9.06122 9.177197 9.375795 9.562048 9.689629 9.726733 9.66556 9.506003 9.314133 9.149209 9.037554 8.916438 8.796288 8.628535 8.500368 8.469454 8.474529 8.461242 8.491813 8.504399 8.447475 8.214446 7.897601 7.56869 7.238833 6.874717 6.676542 6.724783
8.58744 8.601129 8.635878 8.665279 8.722575 8.783556 8.836473 8.868849 8.904102 8.943024 8.994725 9.032722 9.082598 9.126579 9.161933 9.167366 9.180478 9.213007 9.264939 9.318022 9.434834 9.618296 9.862867 10.13653 10.35739 10.52061 10.74222 10.92232 10.82483 10.4567 10.00511 9.630481 9.362307 9.149757 8.983242 9.02142 9.135938 9.347092 9.577935 9.723379 9.7523 9.661432 9.472914 9.283528 9.151594 9.056165 8.936576 8.779705 8.614595 8.538728 8.553956 8.571871 8.491198 8.419889 8.367095 8.287621 8.080625 7.784024 7.44665 7.113286 6.776065 6.609375 6.68079
8.589987 8.604384 8.632903 8.663276 8.711782 8.785943 8.845587 8.897897 8.935589 8.963852 9.002172 9.045639 9.096404 9.149503 9.194459 9.213776 9.240526 9.299456 9.375652 9.426416 9.537698 9.755568 10.04451 10.34863 10.53086 10.63984 10.79341 10.92693 10.80462 10.39991 9.943951 9.554339 9.271755 9.031816 8.947181 9.026416 9.101934 9.291385 9.560866 9.755514 9.770922 9.635452 9.43016 9.280478 9.179218 9.06092 8.926673 8.733258 8.590904 8.555148 8.60582 8.61235 8.534719 8.411166 8.273273 8.095698 7.935528 7.695775 7.375094 7.018718 6.684828 6.512327 6.606258
8.578661 8.601467 8.627695 8.66089 8.711678 8.790389 8.86564 8.920842 8.969747 9.001321 9.026819 9.0603 9.11559 9.168774 9.219565 9.265806 9.320131 9.427987 9.544661 9.590639 9.661654 9.893456 10.22207 10.51017 10.67811 10.74364 10.84602 10.92534 10.74203 10.32969 9.870837 9.480073 9.173176 8.930593 8.918863 9.0427 9.110327 9.246868 9.518473 9.742458 9.752089 9.607435 9.419423 9.282519 9.179522 9.035082 8.864139 8.654235 8.546151 8.550387 8.613912 8.622572 8.533159 8.395542 8.202099 8.000515 7.834837 7.656988 7.382449 6.99102 6.580672 6.383156 6.474137
8.571775 8.600453 8.63004 8.663366 8.718811 8.804315 8.88502 8.94893 9.001115 9.041727 9.061872 9.085868 9.138375 9.201743 9.259891 9.325547 9.42696 9.601144 9.771752 9.832023 9.831182 9.976883 10.31047 10.63589 10.79685 10.81425 10.86616 10.89085 10.66283 10.24025 9.77646 9.377626 9.044265 8.843877 8.917956 9.075965 9.133485 9.214909 9.467455 9.688191 9.728469 9.591434 9.416183 9.276991 9.161829 8.975256 8.777447 8.625934 8.557389 8.571645 8.611006 8.595166 8.494288 8.355145 8.149754 7.970181 7.810682 7.644165 7.373075 6.961584 6.506145 6.24742 6.321212
8.562657 8.603697 8.637332 8.682367 8.737454 8.819229 8.905732 8.983922 9.036902 9.079167 9.108238 9.13191 9.188019 9.260294 9.327343 9.411256 9.566606 9.803945 10.03994 10.11984 10.03609 10.06814 10.3696 10.71729 10.8758 10.86322 10.85174 10.81421 10.56607 10.14193 9.682634 9.266571 8.939281 8.80644 8.949038 9.120404 9.159143 9.217916 9.430974 9.64496 9.699378 9.576576 9.402158 9.242327 9.082153 8.890924 8.730666 8.636397 8.603334 8.60119 8.59894 8.54623 8.431931 8.304085 8.138771 7.98239 7.821499 7.635984 7.370295 6.96791 6.484075 6.14538 6.142322
8.550847 8.609191 8.653836 8.707027 8.770672 8.842424 8.932058 9.01859 9.081773 9.125382 9.158635 9.195127 9.265512 9.349032 9.438238 9.53598 9.715584 10.01558 10.2985 10.41604 10.28566 10.2142 10.42741 10.75946 10.9223 10.87929 10.80432 10.69115 10.43187 10.04414 9.614079 9.20176 8.880043 8.790134 8.980859 9.151142 9.19076 9.221512 9.401233 9.616079 9.644648 9.504085 9.319591 9.148462 8.996682 8.850364 8.738946 8.670342 8.644791 8.622324 8.596979 8.517453 8.371156 8.243165 8.11524 7.99406 7.823405 7.623295 7.370866 7.002357 6.523471 6.109518 5.997742
8.541234 8.61574 8.680846 8.742716 8.812121 8.885244 8.966482 9.054783 9.121765 9.169576 9.209745 9.264753 9.366156 9.486303 9.596777 9.707726 9.879468 10.18474 10.52114 10.66295 10.53059 10.38119 10.49759 10.79288 10.92819 10.85811 10.68342 10.51607 10.27028 9.926587 9.544483 9.168396 8.864861 8.792502 8.979256 9.179981 9.227757 9.235392 9.37141 9.57842 9.549209 9.398953 9.208111 9.04084 8.924391 8.832841 8.771156 8.70072 8.669373 8.635007 8.607165 8.513345 8.359107 8.194945 8.089996 7.982592 7.798878 7.581068 7.357882 7.023524 6.585711 6.148895 5.91735
8.543048 8.633446 8.7132 8.785003 8.855631 8.946018 9.016744 9.08961 9.169031 9.22976 9.284673 9.360943 9.490054 9.666103 9.824097 9.929553 10.05916 10.33929 10.68031 10.83581 10.735 10.55683 10.60266 10.81778 10.91012 10.76 10.54781 10.35907 10.16199 9.882865 9.551233 9.201488 8.8882 8.772177 8.93452 9.181021 9.247676 9.25469 9.332165 9.465336 9.445639 9.302364 9.116814 8.964358 8.858985 8.786991 8.736148 8.676286 8.649448 8.629869 8.610022 8.527605 8.376806 8.251289 8.150373 8.008031 7.773214 7.525787 7.288671 6.981004 6.593874 6.183513 5.877039
8.565508 8.667644 8.758976 8.829317 8.894893 8.998627 9.087705 9.140154 9.220717 9.304052 9.376412 9.476476 9.645422 9.871968 10.08009 10.19894 10.27774 10.47259 10.79244 10.97655 10.88195 10.69948 10.68889 10.8218 10.83608 10.64954 10.4271 10.30327 10.17938 9.928269 9.599673 9.242641 8.917529 8.763591 8.887151 9.130085 9.21245 9.202376 9.237368 9.336727 9.328646 9.208562 9.038347 8.903183 8.824718 8.741913 8.682527 8.629191 8.608056 8.616785 8.601539 8.554134 8.462369 8.382632 8.23554 8.049109 7.793289 7.50351 7.199954 6.887394 6.525493 6.13254 5.832717
8.608337 8.719401 8.821174 8.896119 8.946757 9.045215 9.163176 9.226484 9.296147 9.40277 9.501986 9.633089 9.833771 10.10031 10.34131 10.47379 10.50652 10.64934 10.90958 11.07105 10.98707 10.80698 10.74428 10.76874 10.70763 10.53665 10.38446 10.33163 10.24748 10.0028 9.657151 9.264996 8.928499 8.775688 8.86677 9.039783 9.100668 9.082816 9.115867 9.212047 9.221467 9.131849 8.987423 8.844475 8.759114 8.68393 8.616293 8.551549 8.58077 8.620096 8.642024 8.632932 8.59309 8.500827 8.324139 8.097863 7.821988 7.490328 7.148483 6.804425 6.444871 6.071479 5.786325
8.671909 8.79528 8.902637 8.984688 9.02743 9.095617 9.231579 9.335467 9.405695 9.537325 9.672543 9.840585 10.05591 10.3225 10.58403 10.70378 10.75679 10.8584 11.03411 11.15579 11.0701 10.87827 10.73406 10.65674 10.57776 10.50608 10.43687 10.41384 10.31255 10.0613 9.682669 9.260374 8.922284 8.79486 8.876554 8.949161 8.974092 8.959651 8.992968 9.082534 9.117152 9.087893 8.956679 8.810554 8.702378 8.588423 8.51596 8.534974 8.637114 8.74781 8.788713 8.758315 8.703978 8.597157 8.402086 8.146811 7.836203 7.47444 7.102734 6.751979 6.354445 5.947235 5.658419
8.728454 8.8748 8.99186 9.091655 9.139788 9.176101 9.297091 9.456942 9.550978 9.694002 9.885356 10.06442 10.29172 10.53684 10.73824 10.87824 10.95575 11.04709 11.1704 11.23288 11.117 10.88375 10.65847 10.54913 10.55391 10.57188 10.5399 10.4794 10.34076 10.05398 9.657203 9.242526 8.921298 8.818134 8.874051 8.893692 8.882699 8.863879 8.87008 8.922452 8.992742 9.014066 8.952554 8.844967 8.666051 8.467058 8.417009 8.548103 8.728435 8.892324 8.943078 8.918976 8.830712 8.683372 8.461564 8.185949 7.851192 7.488931 7.097759 6.67684 6.183055 5.735437 5.524495
8.77955 8.937166 9.083651 9.219593 9.290567 9.293968 9.373854 9.568061 9.712131 9.88307 10.12428 10.32899 10.51789 10.70733 10.87311 11.00586 11.08466 11.17638 11.27101 11.29035 11.13016 10.83108 10.59801 10.53404 10.60768 10.68048 10.673 10.54542 10.31904 9.988279 9.61144 9.229242 8.937565 8.827699 8.824727 8.806601 8.785422 8.765684 8.774137 8.822034 8.942904 9.03073 9.007218 8.87406 8.633146 8.361115 8.298699 8.533115 8.824129 9.038745 9.1352 9.117493 8.989022 8.782149 8.5056 8.196093 7.838977 7.471359 7.038795 6.558943 6.013093 5.578311 5.472929
8.824168 8.991297 9.176127 9.358551 9.459312 9.442217 9.475675 9.676055 9.887378 10.10975 10.37911 10.58054 10.72201 10.87879 10.98036 11.06826 11.14404 11.2269 11.31278 11.29109 11.08636 10.79333 10.58447 10.56528 10.69477 10.801 10.76849 10.56079 10.25636 9.92433 9.563653 9.21522 8.938032 8.785943 8.726154 8.68977 8.646723 8.626323 8.662386 8.80429 8.965052 9.067804 9.047546 8.887787 8.575128 8.274974 8.22646 8.468339 8.844747 9.151732 9.315871 9.327736 9.16706 8.869373 8.506933 8.152498 7.786345 7.396729 6.952837 6.447521 5.901798 5.495188 5.500354
8.845513 9.030173 9.258397 9.489073 9.62475 9.605733 9.628923 9.810951 10.06904 10.33173 10.59489 10.81491 10.94775 11.03208 11.05615 11.08026 11.13584 11.19741 11.28527 11.22664 11.01829 10.75457 10.58069 10.60659 10.77383 10.88762 10.82323 10.57895 10.26092 9.927637 9.566082 9.201254 8.899104 8.728985 8.654755 8.612097 8.531421 8.51873 8.622773 8.838983 9.0363 9.150585 9.078024 8.841378 8.527174 8.278787 8.217184 8.415827 8.79998 9.198898 9.462678 9.520099 9.320266 8.938502 8.510476 8.128752 7.753997 7.33752 6.888265 6.399442 5.885136 5.478342 5.499332
8.890803 9.059288 9.306997 9.578577 9.756085 9.781888 9.818157 10.00473 10.26013 10.51304 10.78258 11.02086 11.15634 11.16668 11.10329 11.04252 11.06264 11.12251 11.19874 11.14811 10.93891 10.69218 10.54267 10.59966 10.78405 10.88942 10.83643 10.63217 10.32735 10.00371 9.598311 9.18165 8.845502 8.638769 8.562733 8.45874 8.398357 8.457211 8.642558 8.897806 9.144066 9.226486 9.089665 8.819622 8.554767 8.386713 8.289734 8.371898 8.717574 9.183893 9.544413 9.651322 9.437418 9.005446 8.545282 8.128881 7.705793 7.264416 6.823591 6.376265 5.888702 5.490905 5.490584
9.02187 9.12022 9.330745 9.601911 9.835593 9.959041 10.0522 10.23049 10.41863 10.68068 10.97564 11.21302 11.327 11.26917 11.12982 10.95088 10.91534 10.98956 11.0666 11.03801 10.86385 10.60845 10.44422 10.50621 10.70561 10.8487 10.84691 10.70113 10.42933 10.07226 9.60268 9.121385 8.746253 8.510153 8.394464 8.306967 8.302295 8.472821 8.74039 9.019754 9.256189 9.308634 9.155887 8.887299 8.645476 8.493798 8.371017 8.338181 8.611795 9.103214 9.5402 9.714529 9.517328 9.048417 8.552565 8.101263 7.635976 7.176948 6.756941 6.336287 5.888862 5.517683 5.489789
9.199821 9.243601 9.400431 9.635654 9.892295 10.12432 10.31838 10.45188 10.60112 10.86707 11.18019 11.41826 11.4753 11.34621 11.11773 10.83216 10.69398 10.7704 10.88741 10.90259 10.753 10.48899 10.28414 10.32966 10.60187 10.80117 10.84177 10.74859 10.50812 10.10195 9.562265 9.046332 8.659132 8.408714 8.265139 8.18749 8.260098 8.53246 8.870101 9.183057 9.397961 9.44307 9.288466 8.996864 8.743895 8.587009 8.44063 8.354401 8.524443 8.98335 9.467269 9.725205 9.537551 9.048528 8.52363 8.048407 7.564433 7.102934 6.697489 6.318174 5.893517 5.55535 5.513249
9.402519 9.415941 9.523035 9.735965 9.989491 10.27705 10.53042 10.68023 10.81115 11.05143 11.36346 11.5972 11.61935 11.42522 11.08286 10.72365 10.49579 10.52287 10.64794 10.71622 10.62995 10.37499 10.13457 10.17512 10.47582 10.7532 10.86312 10.81489 10.55963 10.11838 9.544051 9.016932 8.621864 8.360383 8.209354 8.137722 8.2555 8.61502 9.03054 9.379938 9.581859 9.622795 9.453649 9.130774 8.82006 8.642319 8.478167 8.354562 8.479201 8.896221 9.373038 9.634083 9.445313 8.937735 8.396785 7.926937 7.488286 7.078999 6.706139 6.34332 5.916773 5.572315 5.528866
9.592581 9.603874 9.672647 9.8478 10.08068 10.35763 10.66098 10.87778 11.03302 11.2445 11.53711 11.76876 11.76054 11.46357 11.04331 10.6443 10.3694 10.31221 10.40512 10.48891 10.44329 10.22475 9.967406 10.00871 10.33386 10.65282 10.84365 10.83409 10.55382 10.0882 9.517171 9.00853 8.591935 8.344196 8.186781 8.140055 8.304472 8.714476 9.217976 9.617349 9.827497 9.855332 9.66132 9.295079 8.912625 8.646053 8.443552 8.323331 8.446108 8.837362 9.287788 9.495033 9.282137 8.753346 8.207506 7.774128 7.418097 7.081918 6.747002 6.380732 5.955826 5.608837 5.5571
9.744998 9.777125 9.814981 9.958156 10.19319 10.46211 10.76927 11.03273 11.23627 11.44289 11.70138 11.8958 11.8403 11.49582 11.03891 10.61976 10.30998 10.17212 10.19569 10.25099 10.20802 10.04177 9.828082 9.850221 10.1814 10.52811 10.75278 10.73283 10.42184 9.94774 9.401558 8.928385 8.578154 8.356795 8.25973 8.228618 8.400275 8.851279 9.415551 9.882069 10.11048 10.12284 9.899176 9.459163 8.970787 8.596297 8.345229 8.22543 8.351508 8.740608 9.171095 9.30893 9.035326 8.555767 8.05324 7.658285 7.35356 7.08104 6.767089 6.401381 5.978133 5.666223 5.627521
9.83316 9.914892 9.961803 10.09253 10.32088 10.59891 10.89475 11.16987 11.42175 11.64131 11.85973 12.01362 11.90244 11.54813 11.10533 10.6679 10.34262 10.19246 10.09578 10.02374 9.948083 9.822292 9.657256 9.723204 10.08112 10.4588 10.61195 10.48197 10.1493 9.67878 9.225491 8.84147 8.610046 8.46861 8.41568 8.408176 8.567409 9.011045 9.611525 10.14122 10.40635 10.39929 10.10641 9.583804 9.021049 8.578851 8.274651 8.12839 8.239132 8.57319 8.96437 9.039617 8.771547 8.339141 7.919565 7.603349 7.350278 7.121069 6.847516 6.460238 6.030707 5.763322 5.739586
