py_wake/examples/data/AJ_ParqueFicticio/Rough survey   Sector 2   Height 200m   Orographic speed.grd
DSAA
73  159
 258469   265669
 6501692   6517492
 .7210667   1.456257
[rows 28 to 55 of 159, columns 0 to 62 of 73]
.9662361 .967313 .9675903 .9680209 .9682835 .9684593 .9689808 .9689596 .9698988 .9706522 .9712162 .9717085 .9714109 .9707375 .9703896 .9703969 .9696881 .9691079 .9687337 .9684516 .9681036 .9671623 .9655229 .9634823 .9604941 .9556472 .9515014 .9489363 .9493674 .9482208 .9466518 .9443754 .9372301 .9279078 .9240245 .9306296 .9334313 .9282402 .9246029 .9151166 .9086987 .9074831 .9061514 .9046124 .9012621 .8966323 .8926696 .8927306 .9017518 .9165335 .9379587 .9671125 1.003264 1.040233 1.073186 1.112366 1.147715 1.155343 1.129554 1.086521 1.039107 .9989963 .9727708
.9657241 .966509 .9676918 .9683474 .9689188 .9693994 .9697169 .9695123 .9705685 .9717796 .9724396 .9724759 .9726439 .9716439 .9707357 .9705629 .9701995 .970081 .9701458 .9696347 .9695626 .9677163 .9652463 .9631107 .9603847 .9567468 .9533672 .9505386 .9497346 .9493227 .9486532 .946139 .9397721 .9334287 .9335163 .9380039 .9350933 .9296063 .9256338 .9183093 .9123499 .9102273 .9085068 .9069893 .9061323 .9067599 .9107905 .9204768 .9367558 .957461 .9809377 1.008536 1.041546 1.076573 1.110016 1.144996 1.169086 1.161308 1.124131 1.075504 1.029758 .99528 .9840967
.9654064 .9663052 .9669698 .9681538 .969153 .9693439 .9696732 .9694574 .9701228 .9714549 .9722687 .9725173 .9721041 .9700659 .9701214 .9704553 .9704804 .9706265 .9710898 .9707449 .9699191 .9677243 .9652578 .9626307 .960882 .9580748 .9550967 .9531013 .9513878 .9512953 .95061 .9491503 .9437613 .9372045 .935089 .9348943 .9341099 .931778 .9270065 .9225453 .9160049 .9122781 .913316 .9145176 .9145237 .9189421 .9292271 .947566 .9701811 .9960104 1.020671 1.047402 1.077074 1.107469 1.139271 1.165352 1.173561 1.150734 1.106712 1.057452 1.015638 .9935529 1.004685
.9652332 .9660349 .9666118 .967714 .9686018 .9688043 .9692229 .9690424 .9699715 .9708508 .9715381 .9717527 .9716438 .9695953 .9692031 .969955 .9708647 .9713854 .9715656 .9710019 .9699585 .9676796 .9654614 .9629902 .9609362 .9587076 .9569951 .9554864 .9537201 .9533445 .9516466 .9480777 .94135 .9368672 .9354061 .934811 .9322329 .9300938 .9261826 .9228262 .9186581 .9159478 .9184805 .9226162 .9271533 .9334215 .9456551 .9650261 .9893775 1.013113 1.038901 1.068411 1.09788 1.125703 1.152568 1.167592 1.162145 1.130394 1.084605 1.039342 1.009162 1.003128 1.036303
.965537 .9661394 .966666 .9675525 .9680802 .9686186 .9685686 .9689742 .9695158 .9700751 .9707526 .9708897 .9709068 .9697617 .9696877 .9702247 .9715095 .9719576 .9720197 .9712352 .9697205 .9675695 .9654455 .9633611 .9609354 .9597293 .9581665 .9576157 .9566024 .9545379 .9523265 .9489824 .9429017 .9387854 .9380838 .9375139 .9335847 .9279096 .9235717 .9217755 .9208028 .9186628 .9207446 .9279228 .9368054 .9485361 .9626423 .977836 .9948701 1.015103 1.0384 1.065821 1.095917 1.124461 1.149484 1.15883 1.145146 1.111395 1.069 1.034372 1.017853 1.029866 1.076412
.9668084 .9664317 .9669188 .9673978 .9679779 .9687928 .9689982 .9692092 .9694078 .9701458 .9704363 .9703957 .9702594 .9698424 .970399 .9715568 .9725156 .9723643 .9723051 .9706845 .9692056 .966867 .9647893 .9631791 .9611249 .9599141 .9592957 .9590129 .9580334 .9553302 .9528692 .9499492 .945342 .941545 .9400696 .9402228 .9361203 .9280872 .9231149 .9218118 .9205038 .9206735 .9223924 .9308332 .9445102 .9597942 .9754969 .9905068 1.004894 1.02073 1.041057 1.065836 1.09354 1.120848 1.142758 1.152224 1.134258 1.103707 1.070886 1.048297 1.043085 1.067294 1.116647
.9670569 .9666414 .9668677 .9673024 .9676932 .9681169 .9682705 .9686456 .9692001 .9697645 .9704317 .971099 .9708527 .9711787 .9721148 .9725785 .9730443 .9731902 .9720097 .9702872 .967464 .9656292 .9634752 .962464 .9612809 .9609083 .9606345 .9597387 .9584812 .9559198 .9533244 .9511213 .9476503 .9449832 .9410611 .9405628 .9381714 .9317172 .9246868 .9200627 .918322 .9212477 .9275188 .9384206 .9527013 .9718946 .9889548 1.006309 1.024441 1.044882 1.067233 1.090905 1.115023 1.135468 1.150457 1.155715 1.138957 1.117658 1.093268 1.077432 1.079534 1.109475 1.157321
.9659302 .9658751 .9664572 .9665304 .9672276 .967366 .9674164 .9683046 .9687985 .9693283 .9703567 .9709973 .9711414 .9711978 .9723907 .9730881 .9735748 .9724258 .9712481 .9680037 .9648538 .9630496 .9622512 .9618307 .9616558 .9621091 .9618245 .9604375 .9593516 .957118 .9546412 .9525111 .9503522 .9481969 .9450279 .9423115 .9415703 .9384177 .9293792 .9221365 .9204063 .9252281 .93719 .9528639 .9699202 .9904596 1.012218 1.034131 1.057376 1.081515 1.106207 1.130518 1.151007 1.164574 1.172553 1.174108 1.161417 1.144277 1.124513 1.112228 1.124061 1.16037 1.201195
.9637834 .9639659 .9651175 .9660981 .9670287 .9680383 .968581 .9684703 .9683537 .9688398 .9693216 .9702497 .9706433 .9704882 .9712557 .9721482 .9722224 .9704737 .9668961 .9645919 .9612637 .9610145 .9612368 .9620395 .9624729 .9626958 .9620865 .9612171 .960255 .958679 .9564746 .9545363 .9535652 .9538222 .9526513 .9497401 .9479021 .9463238 .9398931 .9357184 .938109 .9452469 .9589563 .9777852 .9956215 1.014251 1.037146 1.061194 1.08668 1.111917 1.133791 1.154804 1.171241 1.183853 1.192219 1.193704 1.1854 1.170769 1.155776 1.155076 1.179967 1.220577 1.252909
.9618298 .962361 .9638767 .9652538 .9668097 .9677277 .9670827 .9673957 .9678608 .9683263 .9685044 .9689081 .9694784 .9692294 .9699618 .970191 .9693114 .9669608 .9633621 .9604263 .9588993 .9596204 .9609311 .9624128 .9625128 .9629591 .9623183 .9619998 .9609923 .9600096 .9590552 .9585475 .9587598 .9598995 .9608586 .9588544 .955133 .9527382 .9527506 .9531097 .960123 .9746842 .9920455 1.010609 1.028392 1.041443 1.056604 1.077509 1.09841 1.116831 1.133746 1.151182 1.167561 1.182765 1.19747 1.207015 1.203035 1.195236 1.192654 1.206847 1.244896 1.283897 1.303221
.9618514 .9622293 .9635044 .9644218 .9652051 .9658308 .9652559 .9663087 .9672218 .9680659 .9680818 .9682547 .9686276 .9692796 .9693142 .9687023 .9670942 .9646807 .9615949 .9590693 .9587642 .9602162 .9619704 .9633201 .9632329 .9634902 .9630888 .9628302 .9617301 .9608657 .9603801 .961689 .9637669 .9662817 .9680599 .9676665 .9630833 .9626356 .9668195 .9720334 .9844353 1.004078 1.026412 1.047686 1.062947 1.072782 1.079405 1.090199 1.100683 1.111733 1.124629 1.14084 1.160566 1.181055 1.201244 1.21787 1.222743 1.224852 1.234344 1.263603 1.302533 1.332834 1.336502
.9623554 .9629762 .9636769 .9647332 .9652448 .965154 .9659607 .9662014 .966961 .9680283 .9690786 .9695355 .9705757 .9703217 .969183 .9682145 .9666589 .9651799 .9632443 .9626108 .9624134 .9624072 .9637484 .9646673 .9642696 .9637402 .9638793 .9636439 .963114 .9634566 .9641523 .9659708 .9689593 .9720591 .9746299 .9767381 .9754239 .9761401 .9818095 .9926976 1.010903 1.034579 1.05924 1.082354 1.099654 1.108001 1.112916 1.118716 1.122244 1.128099 1.140102 1.158184 1.178283 1.200792 1.221969 1.24063 1.249247 1.257806 1.276682 1.305669 1.334806 1.346963 1.336357
.9622454 .9631425 .9638469 .9649565 .9660875 .9666359 .9668724 .9666383 .9671142 .9682926 .9697601 .9714838 .9711194 .9692065 .968395 .9675888 .9669212 .9662459 .9654462 .9649402 .9649359 .9639848 .9645535 .9648544 .9633598 .9632161 .9637376 .9647759 .966235 .9677091 .9695351 .9717678 .9743856 .977863 .9820607 .9863911 .9867572 .9914265 1.001325 1.019607 1.043265 1.069455 1.094107 1.115194 1.133427 1.145024 1.151212 1.157686 1.159858 1.165436 1.180023 1.19775 1.218391 1.237557 1.254274 1.267093 1.277439 1.287909 1.307261 1.323564 1.327638 1.319964 1.299994
.9633769 .9628902 .9629864 .9637472 .9651265 .9647152 .9646017 .9651752 .9656155 .9671268 .9688843 .9690824 .9674406 .9656696 .9656536 .9658682 .9660928 .9663195 .9655892 .9654412 .9653977 .9652197 .9643969 .9637247 .9627201 .9626058 .9648542 .9676694 .9702104 .9717346 .9745202 .9775202 .9809323 .9851799 .9900141 .9953267 .9997084 1.006118 1.022467 1.045082 1.07079 1.097599 1.12005 1.13976 1.157245 1.171456 1.177689 1.183182 1.191085 1.201124 1.215053 1.231056 1.246791 1.260414 1.270991 1.282893 1.293309 1.303815 1.311508 1.307292 1.29215 1.269138 1.24521
.963485 .9628614 .962874 .9622743 .9624334 .9634701 .9628169 .9623964 .9632102 .9646547 .9654446 .9653038 .9637648 .9631205 .9639469 .9643568 .9652641 .9653193 .9650381 .9641433 .9642614 .9648604 .9653186 .9652497 .9653974 .9659 .9676535 .9700639 .9724665 .9747971 .9774482 .9810145 .9851668 .9912292 .9973382 1.003944 1.00988 1.019493 1.038638 1.059501 1.080522 1.101667 1.120658 1.13941 1.154675 1.163644 1.166683 1.16932 1.180835 1.196208 1.213634 1.228354 1.239828 1.249478 1.261505 1.27848 1.294837 1.303495 1.297262 1.278345 1.248693 1.216478 1.188223
.9627443 .962637 .9623175 .96148 .9616304 .9616397 .9605695 .9599659 .9615521 .9634023 .9644717 .9642405 .9642503 .964292 .9642286 .9637929 .9637434 .9635895 .9636576 .9620918 .9625636 .9644633 .9666376 .9679541 .9681522 .9682661 .9691762 .9712066 .9737622 .9763165 .9797064 .9835351 .9893228 .995194 1.001389 1.008664 1.0154 1.025076 1.039709 1.056586 1.072744 1.087386 1.103034 1.115956 1.122757 1.122843 1.119928 1.12532 1.139846 1.158224 1.176957 1.191128 1.203733 1.2188 1.242329 1.271133 1.29309 1.294196 1.273226 1.243706 1.205452 1.169745 1.138176
.9614741 .9615018 .9614264 .9605403 .9599507 .959186 .9583816 .9586661 .9612591 .9636579 .9658722 .9667574 .9663846 .9653006 .9637353 .9630052 .9618946 .9609629 .9605263 .9605968 .96092 .9633736 .9655288 .9663539 .9655256 .9664196 .9687037 .9719785 .9746829 .9779017 .9807649 .9853457 .9916338 .9969777 1.003169 1.009512 1.017292 1.02535 1.036732 1.047884 1.05841 1.070504 1.080516 1.084899 1.082135 1.076707 1.077535 1.087408 1.1063 1.126034 1.142374 1.157579 1.177947 1.207815 1.243509 1.276852 1.290906 1.277151 1.246273 1.205664 1.165414 1.129996 1.102872
.9601812 .9605647 .9604909 .9593006 .9594686 .9592811 .9594395 .9595823 .9615822 .964295 .9670725 .9679494 .9670028 .9650662 .9633412 .9617203 .9604461 .9593962 .958904 .9592434 .9603108 .9615886 .9625726 .9620485 .9614639 .9627205 .966271 .9696063 .9728798 .974695 .9784514 .9845935 .9899324 .9952493 1.001467 1.00772 1.016496 1.024979 1.034333 1.042123 1.050026 1.05844 1.062762 1.062684 1.062834 1.067926 1.081003 1.097201 1.114191 1.129191 1.144004 1.164191 1.194369 1.234574 1.272344 1.293848 1.285671 1.253703 1.209403 1.16907 1.133715 1.104538 1.08335
.9586712 .9593778 .9595045 .9589253 .9595339 .9602939 .9611077 .961334 .962634 .9643451 .9668118 .9666872 .9653913 .9634858 .9610485 .9597981 .9590659 .9586196 .9587345 .9598666 .9602078 .9607616 .961404 .9606206 .9605743 .9618298 .9635398 .9659769 .9683356 .9695992 .9730529 .979232 .9843964 .9909444 .9979661 1.004987 1.013639 1.023135 1.032375 1.042591 1.051823 1.058666 1.064487 1.073542 1.085742 1.101052 1.114898 1.128864 1.139713 1.152611 1.169381 1.197731 1.23528 1.27522 1.302055 1.303116 1.272889 1.223638 1.172747 1.13104 1.102242 1.082564 1.06831
.9568327 .9573743 .9577377 .9564603 .9574454 .9599547 .961986 .9628088 .9640319 .9649982 .9658147 .9651256 .9631444 .9597477 .9571574 .9569016 .957305 .9580978 .9593014 .9592724 .9591996 .9598576 .9611737 .9620754 .9609936 .95957 .9593828 .9609491 .9628832 .9648423 .9687322 .9745076 .9802338 .9868615 .9942821 1.003054 1.011593 1.022613 1.033073 1.044695 1.057423 1.069764 1.082832 1.095143 1.108458 1.119598 1.125658 1.130698 1.137956 1.155319 1.185574 1.228588 1.273059 1.303461 1.310732 1.289601 1.24846 1.196011 1.145001 1.101341 1.072027 1.05214 1.040892
.9552161 .9551394 .9551068 .9545541 .9559585 .9587621 .9614485 .9635521 .9643597 .9643922 .9643149 .9623638 .9594011 .9554402 .9534048 .9536809 .9546046 .9560792 .9570232 .9553484 .9554285 .9565307 .9574656 .9563785 .9542506 .9529589 .9533548 .9559826 .9593123 .9632735 .9691485 .974579 .9800919 .9861252 .9937128 1.002656 1.011948 1.022466 1.033226 1.04518 1.058099 1.071328 1.083834 1.094924 1.103516 1.106686 1.107844 1.115472 1.134358 1.165353 1.208941 1.255051 1.291215 1.303475 1.288693 1.254079 1.210663 1.165746 1.121597 1.083251 1.05404 1.031005 1.012942
.954188 .953921 .95325 .9534168 .9557853 .9588557 .9616643 .9629533 .9633158 .9623834 .960113 .9580514 .9546416 .9513631 .9509252 .9522551 .9530969 .9528497 .9522504 .9514323 .9515027 .9517823 .9516271 .9501245 .9478142 .9473327 .9496325 .9530703 .9566598 .961266 .968404 .9761496 .9825381 .988174 .9949623 1.004045 1.012178 1.020452 1.030376 1.04034 1.051625 1.06112 1.070082 1.078391 1.082846 1.088254 1.100329 1.124383 1.158123 1.19819 1.239663 1.272656 1.286939 1.275647 1.244855 1.202455 1.163226 1.126282 1.091423 1.06577 1.041183 1.020037 1.002871
.9531573 .9535904 .9540206 .9559447 .9581528 .9604589 .9626795 .963388 .9627473 .9610547 .9581113 .9550573 .9518415 .9516655 .9522542 .9528624 .9535848 .9525452 .9514729 .9505598 .9499611 .9502395 .9499989 .9494538 .9498512 .9516802 .951216 .9528449 .9556334 .9606867 .9661943 .9723708 .977213 .9827119 .9913036 1.000997 1.008394 1.015399 1.02539 1.034695 1.044685 1.054091 1.062031 1.069901 1.080686 1.096673 1.122508 1.15503 1.190223 1.223806 1.251583 1.266979 1.259931 1.232553 1.195935 1.153509 1.116534 1.087182 1.060853 1.042478 1.02854 1.015058 1.002772
.9516718 .9533221 .9550985 .9575877 .9599001 .9618362 .9631524 .9632123 .9624099 .9610428 .9583235 .9559492 .9540966 .9531009 .953245 .9534903 .9542843 .9539899 .9533866 .9535577 .9524173 .951472 .9509112 .95083 .9529443 .9552007 .9546167 .954807 .9571812 .9613048 .965569 .9678572 .9708371 .9754995 .9850241 .9945331 1.001498 1.009632 1.020146 1.03125 1.042509 1.054863 1.066693 1.081124 1.099853 1.123785 1.151843 1.179647 1.204686 1.22407 1.236971 1.241565 1.223129 1.188001 1.151442 1.114895 1.081345 1.05634 1.035386 1.021245 1.012513 1.00877 1.005221
.950605 .9530212 .9542114 .9570591 .959756 .9617165 .9623959 .9621385 .9619551 .9611069 .959606 .9575346 .9554327 .9547102 .9540157 .952992 .9525111 .9515901 .952423 .954856 .9558996 .9547584 .9538407 .954466 .9564254 .9581117 .9584385 .9590583 .9603137 .9627365 .9665077 .9691441 .971195 .9763501 .9844916 .992115 .9997438 1.011391 1.021895 1.032088 1.044525 1.05797 1.074498 1.092768 1.115884 1.141041 1.164673 1.18359 1.19844 1.208937 1.215572 1.213698 1.188568 1.150743 1.114958 1.086605 1.060194 1.038715 1.02158 1.00782 .9994462 .9959028 .9953768
.9511792 .9531034 .9550146 .9577729 .9604216 .961938 .9623874 .9622164 .9617431 .9613153 .9604447 .9585036 .9564858 .9553585 .9545367 .9533799 .9518772 .9505147 .9515537 .9540939 .9574026 .9573631 .9564181 .9577218 .959627 .9616017 .9614716 .962272 .9632394 .9655683 .9690924 .9743009 .9789415 .9879002 .9960205 1.006789 1.018146 1.025023 1.034387 1.048146 1.056551 1.067763 1.084651 1.103234 1.125119 1.145693 1.16221 1.175341 1.185675 1.193186 1.195413 1.187098 1.159628 1.120947 1.086623 1.061959 1.046819 1.034792 1.020157 1.003174 .9911678 .983207 .9803166
.9524366 .9549361 .957275 .9591631 .9613099 .9631373 .9632967 .9626477 .9619489 .9615894 .9607065 .9593424 .9569097 .9554453 .9547641 .9544216 .9536076 .9526877 .9530733 .9534726 .9542859 .9538583 .9540545 .957903 .9615315 .9628301 .9633933 .9635037 .9643182 .9689277 .9768705 .98532 .9930372 1.003708 1.016926 1.030972 1.042454 1.050868 1.058013 1.069987 1.080409 1.090037 1.101192 1.115369 1.131674 1.146458 1.158882 1.168946 1.174938 1.176914 1.170697 1.157648 1.131957 1.095423 1.062219 1.044322 1.036955 1.032623 1.019613 1.00264 .9835486 .972867 .9694331
.9543741 .9570895 .9589646 .9609849 .9621106 .96292 .9635755 .9628046 .9620148 .9613817 .9606957 .9598911 .9576979 .9559108 .9551196 .9546437 .9555532 .9550264 .9553976 .954946 .9538798 .9524002 .9538177 .9579073 .9615071 .9628831 .9641405 .9653434 .9686688 .9788193 .9925949 1.006288 1.014122 1.026849 1.040439 1.055024 1.06895 1.077762 1.083624 1.093323 1.106214 1.114936 1.123603 1.130932 1.138712 1.14763 1.157227 1.161207 1.159978 1.153163 1.143168 1.131496 1.10762 1.072462 1.041738 1.029928 1.027534 1.027088 1.0151 .9974101 .9777089 .964783 .9593498
