py_wake/examples/data/AJ_ParqueFicticio/Rough survey   Sector 5   Height 200m   Orographic turn.grd
DSAA
73  159
 258469   265669
 6501692   6517492
-11.52357   15.27929
[rows 108 to 134 of 159, columns 0 to 60 of 73]
1.021149 .6180275 .1453849 -.3866314 -.7834309 -1.137511 -1.55643 -2.078655 -2.79442 -3.766635 -4.880289 -5.880472 -6.401224 -6.313746 -5.722811 -4.775969 -3.859589 -3.071062 -2.199961 -1.329954 -.3993877 .7184319 1.759741 2.157854 1.842438 1.502735 1.335946 1.274096 1.486832 2.048043 3.02902 3.915048 4.481779 4.715441 4.781158 4.653531 4.046969 2.693438 1.034809 -.4689113 -1.54082 -2.068246 -1.851347 -1.027574 .2023738 1.354138 2.474718 3.314324 3.191014 2.251351 1.286442 1.105923 1.994187 3.693734 5.534406 7.072 8.442904 9.650218 10.79505 12.00072 13.63394
1.704874 1.341182 .8049445 .1132259 -.5496672 -1.182271 -1.847885 -2.456858 -3.210494 -4.253272 -5.454653 -6.484174 -6.927306 -6.84713 -6.187376 -5.362501 -4.629578 -4.07463 -3.267441 -2.260948 -1.044955 .2949492 1.546694 2.039025 1.856707 1.591308 1.552667 1.763247 2.395414 3.293525 4.415055 5.237542 5.781992 5.819691 5.710828 5.413218 4.644701 3.164349 1.339128 -.1545365 -1.28146 -1.877059 -1.76352 -1.019384 .1754215 1.525086 2.813926 3.771821 3.758964 2.842905 1.731414 1.391773 2.231305 3.924097 5.753644 7.213147 8.362879 9.376869 10.41017 11.70804 13.41677
2.323761 2.014608 1.455419 .664189 -.226927 -1.129835 -2.045126 -2.815026 -3.649396 -4.715806 -5.896844 -6.82347 -7.113241 -6.875152 -6.257265 -5.600508 -5.080009 -4.904039 -4.446582 -3.380918 -1.891964 -.3389362 1.00912 1.649129 1.497114 1.285128 1.374938 1.976647 3.082959 4.386321 5.621548 6.39222 6.679163 6.57751 6.201119 5.778403 4.918417 3.35457 1.50723 -.00874578 -1.148624 -1.830177 -1.825822 -1.086998 .1646176 1.474058 2.740506 3.662095 3.698431 2.937119 2.039942 1.909644 2.847939 4.388981 6.021749 7.268496 8.196893 8.958596 9.897508 11.1034 12.8356
2.96426 2.534102 1.948565 1.141701 .1462744 -.9514758 -2.026432 -2.991434 -3.956708 -4.947898 -6.003129 -6.73457 -6.854202 -6.481666 -5.818044 -5.163014 -4.910156 -5.062652 -5.1193 -4.36277 -2.827488 -1.075334 .4770257 1.173509 1.057872 .7965516 1.086602 2.074969 3.627204 5.27846 6.652743 7.458422 7.550419 7.262055 6.730415 6.068658 5.008411 3.39138 1.499736 -.03524034 -1.133357 -1.798229 -1.766831 -.9589117 .2898691 1.475112 2.544232 3.212249 3.206667 2.759118 2.061037 2.301009 3.345067 4.901987 6.310259 7.296779 8.044888 8.597693 9.281036 10.46622 12.03566
3.662813 3.049889 2.373868 1.561105 .5252414 -.5798799 -1.771378 -2.91011 -3.919345 -4.852778 -5.749354 -6.25615 -6.217429 -5.647861 -4.871922 -4.260411 -4.239497 -4.694198 -5.020855 -4.683022 -3.417076 -1.808341 -.1884963 .6608563 .5683223 .4285091 .9486648 2.292086 4.130005 5.937398 7.366038 8.158562 8.328408 8.060737 7.414301 6.495947 5.189117 3.383359 1.472714 -.04939593 -1.05617 -1.555726 -1.352092 -.4384729 .7622535 1.832472 2.583657 2.91473 2.7783 2.238115 2.041579 2.559986 3.718285 5.112866 6.462596 7.298738 7.863752 8.363424 8.964393 10.00769 11.32412
4.370677 3.601783 2.825542 1.96201 .9427582 -.2134684 -1.360733 -2.529912 -3.577714 -4.460679 -5.209242 -5.579487 -5.382746 -4.662504 -3.769056 -3.204134 -3.422173 -4.068067 -4.449105 -4.307501 -3.513031 -2.308792 -.902143 .0009495841 .1332624 .1981599 1.032795 2.589455 4.520514 6.297796 7.640589 8.393102 8.65956 8.631071 8.055623 6.99585 5.467561 3.559411 1.678348 .2169451 -.6302143 -.8784533 -.4190451 .5930725 1.712361 2.5714 3.0009 3.176074 2.889073 2.341209 2.213782 2.802167 3.856725 5.200228 6.316614 7.122411 7.681396 8.147869 8.82671 9.669352 10.58595
4.775003 3.923737 3.072658 2.238011 1.210257 .0593191 -1.134968 -2.176878 -3.113711 -3.948356 -4.56375 -4.711951 -4.335536 -3.471934 -2.59022 -2.191953 -2.610129 -3.161752 -3.410332 -3.307577 -2.958309 -2.24108 -1.391367 -.662883 -.2794583 .1219214 1.166923 2.904532 4.799661 6.371806 7.509948 8.1678 8.451989 8.478783 8.040915 7.066688 5.519808 3.670665 1.963513 .785849 .2765656 .2888833 .975438 2.087162 3.037645 3.705052 3.952511 3.996832 3.764829 3.247414 3.09759 3.439705 4.239731 5.277617 6.161104 6.860738 7.48267 8.006903 8.671227 9.410097 10.0644
4.472134 3.746574 2.9723 2.132289 1.111289 -.06969529 -1.187204 -2.106605 -2.876674 -3.533683 -3.928704 -3.804235 -3.160469 -2.147473 -1.377082 -1.189325 -1.601178 -1.936507 -1.984113 -1.734802 -1.489056 -1.2486 -1.010602 -.7790236 -.4998257 .05259806 1.257592 3.083913 4.863528 6.094291 6.994237 7.563282 7.807696 7.81678 7.304658 6.245229 4.851873 3.329408 2.059411 1.411898 1.276201 1.679194 2.613019 3.734812 4.624027 5.105846 5.234375 5.231808 5.092885 4.749448 4.472627 4.472208 4.91807 5.497015 6.097408 6.721853 7.199607 7.865865 8.445904 9.155186 9.632498
3.420607 2.877132 2.219282 1.429575 .4192273 -.6774924 -1.654357 -2.423269 -3.01534 -3.403538 -3.462985 -2.95053 -1.950204 -.9122755 -.2996785 -.3086016 -.6235837 -.7476433 -.4764832 -.092461 .2712416 .4507002 .356018 .0435353 -.1761578 .2895719 1.459183 3.136785 4.673801 5.660784 6.367561 6.887504 7.101554 6.78118 6.027852 4.861574 3.452187 2.230879 1.45928 1.375719 1.803878 2.601696 3.739904 4.872541 5.740297 6.222337 6.452139 6.476335 6.414435 6.176882 5.799122 5.529991 5.591709 5.882976 6.198293 6.614653 7.063309 7.610158 8.190778 8.797378 9.182748
1.73927 1.333795 .8210645 .0862995 -.8550358 -1.729626 -2.556466 -3.15097 -3.54948 -3.687134 -3.292494 -2.405214 -1.197564 -.1264936 .3600626 .1905643 -.1546986 -.1722133 .2082286 .7989966 1.435122 1.919358 1.948889 1.509163 .9232615 .9143555 1.886101 3.306998 4.52929 5.234852 5.88178 6.396979 6.329325 5.636013 4.630434 3.222547 1.659558 .4086396 .01757578 .5322316 1.494362 2.65182 3.876144 4.973602 5.928232 6.588789 6.975582 7.207834 7.270497 7.129949 6.786318 6.432657 6.227243 6.278016 6.423695 6.638425 6.968431 7.388685 7.936862 8.478238 8.710472
-.3421245 -.653264 -1.121575 -1.776961 -2.526901 -3.197399 -3.776144 -4.23836 -4.395928 -4.245522 -3.605244 -2.478124 -1.136204 -.09269252 .27448 .05078371 -.3121588 -.4031036 .04738233 .7474712 1.621745 2.423301 2.769815 2.569711 2.044192 1.868676 2.447553 3.448125 4.273055 4.805212 5.457316 5.776386 5.31369 4.355539 3.14621 1.423759 -.2972563 -1.52444 -1.754986 -.9156844 .4982436 1.980421 3.214193 4.212032 5.206576 5.97402 6.656258 7.130177 7.431458 7.431409 7.253382 6.866716 6.65207 6.605079 6.642916 6.775482 6.968289 7.289077 7.715458 8.109132 8.227881
-2.211435 -2.589571 -3.080578 -3.682095 -4.297187 -4.774995 -5.117647 -5.205355 -5.055372 -4.690633 -4.042692 -2.957407 -1.807627 -.8755007 -.5276579 -.603408 -.8399724 -.8338143 -.5137136 .09637077 .9618558 1.885013 2.61656 2.770201 2.604529 2.689312 3.070464 3.550643 3.976128 4.432848 5.013496 5.032447 4.166113 3.037682 1.668424 -.2452385 -2.018211 -3.062034 -3.030389 -1.971157 -.4169532 1.159259 2.391725 3.306132 4.275801 5.134124 5.876183 6.538825 6.952963 7.132112 7.15403 6.918343 6.805748 6.787003 6.825497 6.902925 7.042345 7.315663 7.752102 8.076536 7.934335
-3.295266 -3.940626 -4.626052 -5.298487 -5.854323 -6.180458 -6.277648 -6.014067 -5.411043 -4.708992 -4.052066 -3.264001 -2.476049 -1.909059 -1.621596 -1.494045 -1.430779 -1.237038 -.8505449 -.3504844 .3205632 1.152576 1.81974 2.19415 2.489757 2.88247 3.184735 3.46671 3.618853 3.936141 4.419544 4.143972 3.185483 1.965258 .2999848 -1.753169 -3.310969 -3.928617 -3.487791 -2.125515 -.5878097 .8186529 1.89348 2.727512 3.654447 4.514463 5.309754 5.866793 6.278831 6.613465 6.743178 6.720953 6.750623 6.764907 6.839655 6.904752 7.113607 7.46088 7.981554 8.187603 7.830259
-3.562448 -4.568924 -5.587128 -6.476983 -7.091426 -7.343901 -7.299849 -6.630472 -5.513004 -4.360269 -3.535098 -2.938789 -2.583573 -2.463452 -2.46307 -2.369071 -2.047207 -1.581091 -1.01798 -.5394325 -.003463641 .604278 1.076417 1.383545 1.764306 2.378154 2.737499 2.923544 3.131062 3.446556 3.714694 3.35436 2.422815 1.122732 -.8181654 -2.850175 -4.132355 -4.241053 -3.288389 -1.660932 -.1017808 1.071596 1.866601 2.534678 3.322534 4.20915 4.932631 5.501688 5.871229 6.129028 6.302969 6.487649 6.528723 6.607784 6.699897 6.861342 7.118958 7.702514 8.205887 8.199803 7.752179
-3.538351 -4.855048 -6.139774 -7.256997 -7.968941 -8.27184 -8.03063 -7.007981 -5.445 -3.895313 -2.85019 -2.209881 -1.96315 -2.058158 -2.428668 -2.607097 -2.423689 -1.935484 -1.300023 -.7088368 -.2246518 .2588501 .5777975 .774819 1.06173 1.59129 2.013278 2.287729 2.549712 2.976802 3.155176 2.842939 1.940758 .3653407 -1.700288 -3.545102 -4.494029 -4.225778 -2.922236 -1.117208 .5107775 1.581887 2.162792 2.491443 3.072699 3.884433 4.546937 5.157989 5.548603 5.77917 6.077033 6.282598 6.471377 6.502333 6.613488 6.768811 7.112585 7.816455 8.229039 8.009929 7.488415
-3.61006 -5.030834 -6.464813 -7.692994 -8.545791 -8.851569 -8.489241 -7.370377 -5.50323 -3.78805 -2.531638 -1.667829 -1.190126 -1.181307 -1.450499 -1.68827 -1.756555 -1.586616 -1.192115 -.7316242 -.2897187 .1216573 .4306632 .6918949 .9597864 1.197882 1.332192 1.471179 1.871874 2.447004 2.812604 2.571314 1.43236 -.3326487 -2.328075 -3.896299 -4.517069 -4.001154 -2.542599 -.7321336 .8766444 1.966119 2.446024 2.633087 2.939275 3.471791 4.142674 4.702384 5.223938 5.599342 5.9991 6.289891 6.551679 6.654734 6.674047 6.745789 7.045407 7.529169 7.786364 7.55448 7.138018
-3.982302 -5.333382 -6.708838 -7.897946 -8.713688 -9.000957 -8.658916 -7.514839 -5.810052 -4.220187 -2.864147 -1.723692 -.9639767 -.6063842 -.4355556 -.3278686 -.2753137 -.1996022 -.04376416 .1217758 .4302194 .7162439 1.014806 1.342245 1.57835 1.439867 1.152646 .87361 1.058173 1.820636 2.459198 2.152961 .8642608 -.9748827 -2.768498 -3.953604 -4.236919 -3.567846 -2.163678 -.4734298 1.043584 2.055551 2.589849 2.735353 2.915936 3.283863 3.607618 4.124327 4.680452 5.382027 5.910779 6.353885 6.745466 6.940616 6.981539 6.822417 6.903476 6.890503 6.967002 6.865642 6.537948
-4.84024 -5.956619 -7.038743 -8.017056 -8.591393 -8.62352 -8.234818 -7.330667 -6.064352 -4.792946 -3.608639 -2.402947 -1.439365 -.7526229 -.2180521 .3233181 .8076923 1.143674 1.392394 1.507321 1.707917 1.985678 2.29405 2.615096 2.660455 2.216275 1.57926 .9171117 .8394351 1.462737 2.089681 1.6337 .1250054 -1.612013 -3.105662 -3.87695 -3.848839 -3.024007 -1.689884 -.1438668 1.166601 2.001044 2.424896 2.67932 2.886664 3.102718 3.322779 3.599058 4.088693 4.85595 5.643178 6.415737 6.976969 7.157193 7.01618 6.627501 6.27792 5.973235 5.865528 5.90152 5.785668
-5.98006 -6.829562 -7.581234 -8.135707 -8.248075 -7.861781 -7.423431 -6.757301 -5.946693 -5.203756 -4.369448 -3.338733 -2.291719 -1.513811 -.8430905 -.2047691 .5656703 1.276783 1.785397 2.163515 2.557714 2.956769 3.404256 3.709279 3.522596 2.910514 1.957392 1.214601 .998234 1.416635 1.84433 1.134264 -.5076774 -2.255533 -3.387902 -3.731858 -3.343676 -2.475917 -1.2789 .09551655 1.203657 1.815031 2.15914 2.36664 2.603882 2.879923 3.05885 3.26428 3.817761 4.440426 5.468024 6.443592 7.133667 7.209599 6.723778 6.147523 5.536179 4.992193 4.693824 4.946987 5.023754
-7.286056 -7.857395 -8.146318 -8.137465 -7.760635 -7.065606 -6.51042 -5.961908 -5.401331 -5.053897 -4.728783 -4.065947 -3.177906 -2.376272 -1.767731 -1.166034 -.4484017 .352147 1.043687 1.777143 2.450411 3.107462 3.786257 4.141223 3.725525 2.79873 1.727322 .9346354 .7777161 1.138428 1.415485 .605462 -1.088676 -2.675 -3.463395 -3.477996 -2.883696 -1.989518 -.9126244 .1919868 1.105268 1.558594 1.799606 1.923965 2.196162 2.492551 2.829982 3.142621 3.756152 4.611303 5.916602 7.053981 7.615815 7.420955 6.641161 5.813742 4.985079 4.20007 3.887315 4.181737 4.271899
-8.830685 -8.977474 -8.746572 -8.177917 -7.337887 -6.342065 -5.805005 -5.379092 -4.95411 -4.760211 -4.673892 -4.383907 -3.766748 -3.025563 -2.444161 -2.045953 -1.565402 -.921719 -.1992999 .795692 1.761918 2.673483 3.466783 3.841193 3.280543 2.145254 .9789929 .1569894 -.03505146 .2534334 .5104021 -.2738877 -1.847361 -3.078796 -3.543957 -3.31483 -2.571383 -1.689164 -.7652997 .1464536 .798797 1.152921 1.372582 1.525623 1.74366 2.075902 2.547319 3.066668 3.92067 5.172782 6.815623 8.101179 8.411208 7.788877 6.769779 5.83908 4.937398 4.112269 3.633248 3.660608 3.64645
-10.34961 -10.13429 -9.307006 -8.143873 -6.818425 -5.75773 -5.29207 -4.995902 -4.690766 -4.593706 -4.592504 -4.385579 -4.086444 -3.476553 -2.891028 -2.522158 -2.180846 -1.825872 -1.207991 -.2698092 .9141823 1.971468 2.847872 3.220159 2.714835 1.610325 .4067411 -.4419057 -.820525 -.752531 -.6646649 -1.478732 -2.821406 -3.661288 -3.778096 -3.255893 -2.3915 -1.468558 -.690443 .06765936 .5806851 .8909584 1.032509 1.15125 1.305714 1.693563 2.241011 3.033434 4.101474 5.684155 7.618674 8.974886 8.993509 7.949649 6.76723 5.862857 5.141779 4.437742 3.928176 3.642183 3.3124
-11.27315 -10.77934 -9.54519 -7.991673 -6.368772 -5.148425 -4.721536 -4.495788 -4.374728 -4.343664 -4.360107 -4.264263 -3.992425 -3.628816 -3.088908 -2.656367 -2.407375 -2.114732 -1.640112 -.7722113 .2584642 1.27338 2.236412 2.598827 2.140222 1.204634 .1965549 -.5495139 -.8967782 -1.013486 -1.181066 -2.09961 -3.417319 -4.120437 -3.953405 -3.205389 -2.167003 -1.19909 -.458095 .1058014 .5957909 .9307866 .9900368 .9654439 .9917275 1.372604 1.959303 2.879432 4.262353 6.071434 8.046374 9.248423 9.025493 7.723226 6.518827 5.803554 5.272801 4.723807 4.250419 3.947093 3.523627
-11.52357 -10.69347 -9.231169 -7.49271 -5.802334 -4.665645 -4.143443 -3.886843 -3.83499 -3.797262 -3.857866 -3.788227 -3.586068 -3.320457 -3.016212 -2.584852 -2.314573 -2.011069 -1.464512 -.7911206 -.0009984265 .8114752 1.628284 1.904538 1.512785 .7805504 .04977199 -.3946677 -.52211 -.3548427 -.496649 -1.428729 -2.81804 -3.730021 -3.698284 -2.928353 -1.885739 -.8721938 -.1470571 .3686039 .9102559 1.158744 1.289406 1.204869 1.188719 1.379883 1.916872 2.876274 4.355605 6.332751 8.08734 8.975344 8.534751 7.328416 6.325495 5.765017 5.388624 4.985043 4.736094 4.394053 3.8527
-11.37028 -10.27916 -8.553206 -6.749164 -5.248432 -4.369491 -3.885114 -3.598973 -3.453227 -3.443412 -3.376936 -3.21643 -3.041425 -2.818118 -2.683677 -2.496861 -2.174423 -1.700584 -1.158083 -.5350251 .1013875 .6676977 1.207392 1.313426 .7759168 .07696255 -.4723603 -.6138863 -.3734588 .2168131 .4290948 -.1873017 -1.291768 -2.234712 -2.563623 -2.158382 -1.429565 -.6647624 -.07375862 .4990542 .9936966 1.284653 1.442383 1.438686 1.490296 1.735176 2.146573 3.053507 4.59946 6.337713 7.605004 8.097677 7.722371 6.851273 6.097367 5.74107 5.464911 5.116883 4.918635 4.585544 4.18182
-10.76807 -9.526781 -7.76547 -6.054622 -4.790837 -4.16739 -3.861832 -3.572349 -3.324828 -3.21773 -3.067895 -2.842825 -2.635103 -2.483739 -2.438824 -2.46649 -2.215724 -1.715072 -1.039692 -.3949623 .219733 .6582156 .9318753 .7442373 .01983636 -.846735 -1.390102 -1.423038 -.7463264 .1596982 .6899022 .5264252 -.08076263 -.7216415 -1.06475 -.9990091 -.8190008 -.5805997 -.2070459 .3208372 .6753636 .9682196 1.191731 1.326429 1.574316 1.894762 2.44015 3.315392 4.704817 6.017516 6.68698 6.908872 6.659919 6.130811 5.644296 5.458978 5.360464 5.206586 5.016904 4.76989 4.471337
-9.715645 -8.424195 -6.774133 -5.33165 -4.34368 -4.033732 -3.810421 -3.511856 -3.142464 -2.856229 -2.544191 -2.287664 -2.133803 -2.079504 -2.189178 -2.436978 -2.387569 -1.865498 -1.161519 -.5149708 .1234918 .5823953 .711525 .3335472 -.6834773 -1.775914 -2.426924 -2.306439 -1.445104 -.3719833 .2756754 .408969 .2385439 .04009943 -.09696767 -.1369801 -.130934 -.186691 -.1782203 -.006943843 .2529839 .4240269 .6097559 .8708601 1.256339 1.78307 2.545187 3.396055 4.541244 5.418425 5.640074 5.616283 5.457222 5.093098 4.860845 4.85507 4.988113 5.015296 4.952613 4.820044 4.713182
