py_wake/examples/data/AJ_ParqueFicticio/Rough survey   Sector 2   Height 30m   Weibull-A.grd
DSAA
73  159
 258469   265669
 6501692   6517492
 .05429767   8.191233
[rows 84 to 111 of 159, columns 0 to 62 of 73]
2.742275 2.713611 2.687117 2.678581 2.660763 2.645616 2.654841 2.642128 2.631874 2.660085 2.692415 2.715003 2.680685 2.645705 2.618453 2.677077 2.687779 2.68865 2.722505 2.811794 2.853722 2.911351 2.94876 2.993188 3.159298 3.46561 3.686978 3.709999 3.750192 3.68219 3.681149 3.695333 3.676773 3.664958 3.487694 3.263457 2.966412 2.84962 3.192599 3.439586 3.506564 3.389638 3.357263 3.293649 3.182608 3.147038 3.238847 3.27902 3.376527 3.54292 3.530428 3.470086 3.449576 3.43045 3.355326 3.253831 3.207412 3.107761 3.097762 3.098001 2.991481 2.74878 2.349325
2.661861 2.672879 2.656988 2.620911 2.589165 2.618676 2.621622 2.599793 2.600042 2.630046 2.651593 2.638628 2.602914 2.551004 2.64182 2.710953 2.689233 2.633403 2.670251 2.72034 2.740754 2.842614 2.912644 3.053832 3.296791 3.590433 3.709365 3.678488 3.597704 3.485405 3.482558 3.547914 3.447285 3.419896 3.195494 3.087657 2.960443 2.922062 3.299504 3.554109 3.584144 3.500726 3.388482 3.342104 3.266926 3.243238 3.264518 3.253541 3.171835 3.248273 3.325639 3.327502 3.394612 3.430758 3.412318 3.403395 3.35973 3.351114 3.291463 3.184457 2.975785 2.522824 1.990799
2.559166 2.596438 2.593956 2.549126 2.570949 2.600902 2.585232 2.565434 2.596929 2.604038 2.602511 2.584122 2.606682 2.58478 2.633932 2.691442 2.69047 2.687462 2.661456 2.594785 2.612082 2.668737 2.738573 2.889879 3.093808 3.298363 3.375374 3.321331 3.172327 3.160585 3.186511 3.222127 3.266085 3.265595 3.136029 3.067641 2.940915 3.045814 3.469512 3.54883 3.525356 3.505172 3.507465 3.537714 3.562765 3.556193 3.492832 3.466441 3.416106 3.461865 3.367828 3.370203 3.433877 3.490126 3.507011 3.534092 3.602585 3.549865 3.370347 3.162074 2.796913 2.165365 1.556314
2.517188 2.523475 2.511221 2.500779 2.526412 2.544903 2.533851 2.571536 2.576521 2.572303 2.564165 2.554501 2.568288 2.581188 2.5841 2.630228 2.656938 2.645205 2.628923 2.590684 2.537213 2.487079 2.482458 2.52287 2.687026 2.8797 2.892534 2.948302 2.886572 2.931244 3.145021 3.273942 3.333905 3.371162 3.298446 3.045005 2.943337 3.345042 3.400764 3.472435 3.488087 3.531819 3.622844 3.749884 3.739797 3.710331 3.663519 3.653356 3.608049 3.536339 3.419566 3.452673 3.623022 3.617675 3.596531 3.70097 3.669993 3.528998 3.267877 3.060839 2.502106 1.661782 1.362083
2.483641 2.449879 2.40985 2.463108 2.471438 2.449173 2.467052 2.497282 2.48216 2.506916 2.516799 2.500315 2.50346 2.559977 2.578188 2.543957 2.550604 2.574097 2.580735 2.537088 2.492822 2.450848 2.381748 2.318699 2.34551 2.613301 2.805008 2.987584 3.156546 3.39956 3.424613 3.532205 3.460145 3.468659 3.393836 3.131073 3.134806 3.380446 3.44159 3.482124 3.535894 3.659267 3.723691 3.730108 3.647374 3.53879 3.546127 3.474694 3.436475 3.298194 3.206682 3.25937 3.537601 3.601907 3.700077 3.570327 3.518902 3.37274 3.139132 2.848406 2.094995 1.592135 1.687712
2.427135 2.362068 2.409249 2.43727 2.420703 2.41355 2.416833 2.376145 2.375426 2.435985 2.456933 2.466957 2.4609 2.512419 2.517225 2.430252 2.446036 2.475066 2.470761 2.50093 2.498943 2.501135 2.522685 2.600821 2.656581 2.780929 3.085604 3.496637 3.815286 3.900468 3.839612 3.679504 3.539383 3.427929 3.301243 3.105266 3.16993 3.508842 3.558429 3.614085 3.689291 3.701915 3.672725 3.476913 3.299369 3.183981 3.116235 3.004158 2.927997 2.848686 2.807607 2.816801 2.738205 2.979511 3.260597 3.401284 3.202888 3.023105 2.821703 2.661375 1.871767 1.769869 1.94249
2.407058 2.403263 2.417114 2.363641 2.371535 2.372795 2.337162 2.341696 2.346916 2.345549 2.395594 2.411113 2.411793 2.44578 2.482188 2.455938 2.383371 2.323169 2.40024 2.437353 2.557279 2.644485 2.807982 3.091305 3.336124 3.464549 3.707223 4.004972 4.233741 4.184447 3.983985 3.763317 3.614753 3.393985 3.171545 3.193574 3.442045 3.511585 3.658702 3.776022 3.788006 3.763269 3.56682 3.330901 3.278934 3.392162 3.419735 3.333519 3.10719 2.840532 2.967371 2.871522 2.8024 2.732589 2.726921 2.926799 2.686652 2.314179 2.275648 2.332931 2.115858 1.994759 2.222708
2.427661 2.39059 2.376286 2.347266 2.308434 2.276944 2.318593 2.333756 2.317617 2.351056 2.365579 2.356245 2.399648 2.41308 2.436745 2.391328 2.323754 2.265324 2.330329 2.446395 2.683516 2.898818 3.155513 3.54228 3.85461 4.015599 4.197695 4.314815 4.377673 4.290493 4.074176 3.930444 3.785881 3.652111 3.279791 3.552406 3.548499 3.585193 3.729255 3.909196 3.943606 3.744463 3.582453 3.493776 3.831562 4.012914 3.949958 3.704667 3.371347 3.258785 3.575323 3.649297 3.529431 3.2326 2.81231 2.353384 2.250055 2.183146 2.407281 2.551207 2.470798 2.199622 2.390902
2.392767 2.347668 2.328844 2.284253 2.213915 2.2856 2.316131 2.318228 2.35262 2.346526 2.375145 2.379802 2.37742 2.405238 2.419976 2.321874 2.254828 2.313318 2.471205 2.557141 2.841876 3.233676 3.620843 3.904099 4.192495 4.305903 4.496132 4.569889 4.471764 4.433961 4.255935 4.137139 3.957591 3.574375 3.207698 3.615344 3.747767 3.80469 3.818905 3.947735 3.901105 3.832546 3.796623 4.050612 4.295944 4.255153 3.942542 3.69579 3.556118 3.762525 4.084864 4.086859 4.022172 3.78185 3.381021 2.872159 2.79457 2.869917 3.09816 3.063039 2.788234 2.332829 2.423089
2.346702 2.302743 2.255934 2.229919 2.250587 2.264737 2.305671 2.311763 2.332216 2.367131 2.378313 2.349939 2.374897 2.403219 2.395255 2.382981 2.328387 2.501764 2.798468 2.947496 3.107843 3.522904 3.879185 4.18855 4.417584 4.482319 4.719096 4.883471 4.768186 4.548744 4.272475 4.032164 3.748973 3.290938 3.571966 3.751631 3.749139 3.746248 3.861946 4.030775 4.149696 4.25613 4.429511 4.554786 4.429005 4.146394 3.847865 3.686384 3.927812 4.138301 4.202736 4.172876 4.124556 3.877397 3.791709 3.698548 3.780666 3.81122 3.629252 3.349558 2.871761 2.51505 2.392358
2.285602 2.25435 2.215518 2.193149 2.187797 2.254243 2.282938 2.28569 2.306838 2.360371 2.354356 2.299885 2.353617 2.403929 2.459561 2.477753 2.547728 2.851264 3.275378 3.468937 3.57041 3.697787 4.075467 4.387273 4.648003 4.771764 4.92482 5.129199 4.817752 4.484921 4.094677 3.780451 3.553812 3.334803 3.526158 3.89734 3.925632 4.032781 4.105463 4.428479 4.494751 4.583473 4.666432 4.56003 4.186192 3.880232 3.708831 3.793706 4.049217 4.158751 4.130925 4.08003 3.995759 3.93452 3.834871 3.778166 3.901033 3.739632 3.541613 3.360548 2.983634 2.362458 2.492255
2.183584 2.185965 2.132404 2.165971 2.177495 2.212573 2.257636 2.326371 2.369986 2.357862 2.339433 2.314702 2.357544 2.401341 2.498006 2.598986 2.865047 3.299126 3.637556 3.832327 3.969042 4.076706 4.293739 4.586565 4.93924 5.155406 5.259829 5.080726 4.761289 4.245234 3.774684 3.506216 3.358691 3.399162 3.789512 3.991878 3.949489 4.125301 4.502611 4.586718 4.643641 4.568754 4.543207 4.269234 3.971056 3.779815 3.833989 4.02834 4.052257 4.080946 3.990469 3.987284 3.90135 3.815524 3.727745 3.781182 3.861604 3.693655 3.562759 3.460514 3.176076 2.21729 .8274429
2.123105 2.103245 2.163338 2.188212 2.219108 2.221325 2.281425 2.347166 2.380774 2.356156 2.330758 2.341575 2.387622 2.462881 2.579995 2.789879 3.153953 3.478231 3.804326 4.164146 4.387197 4.481416 4.641049 4.857917 5.121634 5.133759 4.915779 4.303064 3.743121 3.38403 3.176244 3.226382 3.566665 3.830326 4.168875 4.259956 4.364942 4.730616 4.882531 4.848223 4.653409 4.388412 4.156159 3.91889 3.851745 3.898639 4.025126 4.046412 3.949445 3.888605 3.818308 3.721725 3.435385 3.198319 3.495836 3.758587 3.743457 3.695625 3.724074 3.521054 3.242885 2.81075 .9483362
2.035797 2.103992 2.15192 2.222537 2.2653 2.307182 2.328627 2.344112 2.387577 2.379544 2.386148 2.428574 2.450051 2.598152 2.834981 3.040436 3.220504 3.482382 3.926622 4.345004 4.576479 4.662705 4.834159 5.074303 5.051306 4.607962 3.850425 3.146996 2.734466 2.741441 3.102232 3.474767 3.859598 4.139799 4.490306 4.597811 4.861747 5.039388 4.855254 4.636322 4.328333 4.055972 3.858446 3.719146 3.686927 3.760557 3.621057 3.661781 3.554803 3.48596 3.494428 2.97094 2.535175 2.403615 2.634702 2.769238 3.131615 3.161027 3.286213 3.456152 3.184155 2.775444 1.598092
2.061075 2.1075 2.154748 2.22479 2.217725 2.326612 2.388369 2.340701 2.391742 2.43798 2.490629 2.557394 2.659276 2.902764 3.291806 3.472552 3.490363 3.735292 4.14632 4.491068 4.684195 4.713142 4.97632 5.075694 4.660758 4.052594 3.259002 2.876243 3.013565 3.506478 3.99482 4.202877 4.386421 4.380187 4.577347 4.579953 4.791813 4.80574 4.597307 4.362758 4.111402 3.770616 3.596286 3.538564 3.464959 3.297232 3.036955 2.895373 2.642756 2.769553 2.499736 2.244982 2.193988 2.548401 2.683459 2.647684 2.633073 2.852931 2.978051 2.936769 2.794344 2.473671 2.263392
2.030566 2.065786 2.203377 2.264695 2.263106 2.374865 2.448037 2.404627 2.458198 2.559537 2.656903 2.790109 3.022821 3.433354 3.83823 3.956465 4.015804 4.261265 4.559421 4.814887 4.876674 5.011815 5.100638 4.961406 4.212472 3.477637 3.068416 3.595949 4.248939 4.622937 4.702672 4.64598 4.510098 4.368281 4.454314 4.429519 4.188937 4.101767 4.12941 4.029408 3.722415 3.455538 3.295325 3.056124 3.116317 2.976415 2.683136 2.339547 2.17181 2.026042 2.174211 2.292803 2.649061 3.24946 3.416489 3.566631 3.532041 3.457827 3.178008 3.205583 3.270273 3.096624 2.416873
2.130216 2.223398 2.314433 2.378629 2.410352 2.48101 2.538086 2.616781 2.621017 2.775964 2.969731 3.170444 3.456917 3.83902 4.201303 4.416837 4.660743 4.880624 4.964141 5.124448 5.168051 5.243923 5.02562 4.34143 3.559737 3.230103 3.660589 4.412101 4.928327 5.035417 4.848904 4.625636 4.427059 4.300673 4.278026 4.095902 3.791863 3.495877 3.441459 3.526451 3.334158 2.926847 2.833172 2.764508 2.759489 2.602661 2.339861 2.01628 2.050387 2.244421 2.600684 2.987955 3.411166 3.710851 3.935524 4.150742 4.206018 4.179078 4.110603 4.135119 4.17912 3.462661 2.453314
2.320024 2.449291 2.453056 2.503013 2.609241 2.676037 2.776315 2.907264 2.917992 3.081178 3.345752 3.583358 3.936259 4.260583 4.582085 4.908294 5.197134 5.354017 5.394022 5.45517 5.350287 5.050521 4.458712 3.714836 3.478102 3.912351 4.668574 5.19365 5.269407 5.028983 4.660551 4.396785 4.274878 4.361393 4.300957 4.01489 3.756735 3.472337 3.249101 2.930634 2.661747 2.541157 2.480005 2.728816 2.810042 2.818713 2.466348 2.244825 2.750282 3.09412 3.413995 3.669537 3.912743 4.163551 4.461245 4.596341 4.597657 4.601051 4.584703 4.558155 3.982994 2.54402 2.057011
2.54892 2.569101 2.581745 2.655041 2.90285 3.043638 3.090831 3.249265 3.331933 3.514592 3.817238 4.103688 4.441576 4.788022 5.060956 5.336563 5.5367 5.669481 5.718547 5.60272 5.188018 4.636073 4.083866 3.839032 4.326656 4.91687 5.348893 5.37718 5.092799 4.691868 4.344328 4.217353 4.229987 4.278107 4.117574 3.864578 3.628003 3.338638 2.930856 2.645216 2.51688 2.579879 2.832518 3.374357 3.401125 3.092246 2.786353 3.144753 3.380411 3.561356 3.816121 4.069176 4.317148 4.58661 4.761853 4.696031 4.59855 4.486465 4.349335 3.965005 2.973992 .1470652 3.026692
2.741265 2.738515 2.764159 2.936733 3.262096 3.320671 3.345524 3.523738 3.772143 4.011165 4.318209 4.597771 4.889492 5.339694 5.58587 5.79061 5.821052 5.8448 5.81401 5.566917 5.129038 4.69662 4.508938 4.720855 5.182096 5.453003 5.332239 4.904271 4.394806 4.087367 3.997612 4.021002 4.115306 4.04744 3.819664 3.525664 3.299824 3.053984 2.664264 2.548544 2.933644 3.309694 3.771223 3.8355 3.544104 3.203013 3.155485 3.547862 3.688841 3.851938 4.033897 4.365827 4.520925 4.531235 4.483406 4.2453 4.158208 4.046667 3.854561 3.443005 2.637029 .7821258 .668376
2.765603 2.879972 3.06871 3.334832 3.537586 3.449749 3.530162 3.774988 3.956393 4.184583 4.56388 4.914563 5.348553 5.755167 6.033782 6.298985 6.24366 6.07782 6.034788 5.864276 5.577755 5.482538 5.414728 5.641072 5.705669 5.473213 4.996454 4.4647 4.07322 3.962548 4.029104 4.061225 4.064185 3.923582 3.754734 3.531578 3.251599 2.854939 2.611411 2.853841 3.456287 3.77198 3.766752 3.492567 3.048188 3.050863 3.37975 3.867488 4.024149 4.127836 4.353996 4.657764 4.653043 4.452009 4.196382 4.141795 4.224952 4.197237 3.946661 3.621792 3.066625 3.071359 1.363441
2.737468 2.956806 3.202413 3.423436 3.507875 3.426012 3.626141 4.001963 4.172099 4.379181 4.705467 5.148123 5.693105 6.044813 6.432708 6.700194 6.678902 6.490121 6.429611 6.291506 6.272848 6.214694 6.079389 5.985243 5.687568 5.171381 4.76239 4.459511 4.375747 4.426186 4.450862 4.352026 4.144111 3.994817 3.89189 3.583102 3.153133 2.743639 2.824361 3.112754 3.457008 3.593564 3.38491 3.159592 2.971427 3.378419 3.861082 4.28166 4.390675 4.571204 4.810031 5.022662 5.021599 4.928792 4.819765 4.943963 4.91453 4.584309 4.155343 3.835802 3.344826 3.163753 1.264964
2.89602 3.014468 3.203668 3.34138 3.381089 3.493548 3.727484 4.099806 4.321484 4.623218 4.97495 5.434205 5.892715 6.303659 6.612474 6.837637 6.77099 6.747015 6.459324 6.294719 6.395784 6.22941 6.029767 5.653698 5.363249 4.936628 4.840393 4.780426 4.850168 4.918958 4.818607 4.506509 4.128278 3.920522 3.632329 3.248991 2.811989 2.686163 2.903132 3.201367 3.413136 3.328149 3.277494 3.300188 3.608278 4.152663 4.482945 4.524182 4.822371 4.997118 5.315812 5.654769 5.747686 5.846231 5.741042 5.613662 5.175188 4.5743 4.073401 3.791215 3.31023 .8748659 .939165
3.146848 3.221872 3.298452 3.434538 3.515733 3.784872 4.135218 4.429879 4.682828 5.028277 5.414978 5.785439 6.102369 6.385974 6.457567 6.690152 6.62077 6.534657 6.328432 6.208364 6.064743 5.895645 5.510544 5.349195 5.326481 5.355618 5.210568 5.176973 5.328331 5.264352 4.891655 4.407104 4.034827 3.701674 3.389751 3.029268 2.69916 2.724797 3.046729 3.299042 3.418567 3.522691 3.713545 4.077479 4.521957 5.003466 5.186195 5.116291 5.121151 5.324516 5.533023 5.948414 6.291324 6.277451 6.02315 5.512873 4.835846 4.184342 3.800321 3.631705 3.199744 .632372 .3992386
3.495869 3.584605 3.725983 3.836987 3.9714 4.229539 4.534705 4.882864 5.110168 5.332385 5.632483 5.998354 6.239329 6.262854 6.192595 5.998446 5.863265 5.929385 5.828903 5.714926 5.812874 5.717033 5.380089 5.263345 5.423234 5.394521 5.413262 5.464462 5.648667 5.453472 5.00077 4.555304 4.107669 3.738099 3.366869 2.989655 2.72589 3.011363 3.232373 3.528498 3.775655 4.092412 4.464696 4.998279 5.407012 5.695649 5.797487 5.559568 5.503482 5.653899 5.861436 6.002811 6.177858 5.84334 5.240186 4.708247 4.13221 3.76819 3.594679 3.514891 3.124478 .5074731 .1855321
3.962635 4.1398 4.251401 4.461623 4.539748 4.622787 4.863018 5.117132 5.214875 5.395048 5.664299 5.951327 6.049553 5.809801 5.519749 5.229313 5.160333 5.234792 5.279263 5.367823 5.497577 5.488927 5.067019 5.144567 5.334897 5.339801 5.534165 5.879845 5.870928 5.61217 5.020475 4.425177 3.853481 3.347257 3.038584 2.814412 2.827512 3.31283 3.581563 3.994299 4.373369 4.769455 5.224783 5.751891 6.076766 6.144145 6.037766 5.787483 5.732336 6.024214 6.171155 6.067293 5.834357 5.109073 4.36416 3.889915 3.614706 3.482916 3.484477 3.526753 3.075304 2.439562 .2277048
4.484943 4.641788 4.658509 4.760505 4.775654 4.785915 4.93834 5.014648 5.193565 5.357844 5.601367 5.719468 5.584721 5.356487 4.991571 4.811234 4.734711 4.555047 4.668905 4.988023 5.156224 5.172144 4.856035 4.781713 4.924979 5.211318 5.743866 5.959611 5.899875 5.226668 4.316392 3.534551 3.046475 2.787278 2.835918 2.874055 3.106788 3.667835 4.044879 4.509151 4.938039 5.401978 5.77541 6.102271 6.113654 6.032289 5.786228 5.616757 5.668306 5.99687 6.219682 6.20175 5.429835 4.576956 3.882414 3.446316 3.237777 3.220323 3.269097 3.26149 2.646617 2.39836 .3073571
4.74347 4.71374 4.650346 4.681109 4.685165 4.730616 4.808445 4.882807 5.155294 5.441518 5.617476 5.740763 5.543541 5.33645 5.256481 4.949611 4.580687 4.400912 4.468983 4.614522 4.809063 4.942603 4.779633 4.75725 5.035724 5.548836 5.928992 6.077394 5.320847 4.496037 3.707376 3.200088 2.931662 2.951948 3.061294 3.18472 3.392709 3.982454 4.46991 5.010979 5.413208 5.829516 5.980727 6.056515 5.904519 5.675942 5.44629 5.273421 5.545159 5.931326 5.973095 5.512115 4.665481 3.940644 3.454108 3.195888 3.081832 3.095699 3.154894 3.000337 2.249847 2.456293 2.041654
