py_wake/examples/data/AJ_ParqueFicticio/Rough survey   Sector 11   Height 200m   Power density.grd
DSAA
73  159
 258469   265669
 6501692   6517492
 226.8198   1610.912
[rows 56 to 83 of 159, columns 0 to 62 of 73]
786.7268 792.2254 795.7409 799.7177 802.2769 801.7547 800.3333 801.0685 798.7101 798.5622 794.9418 792.3162 790.1373 784.4355 772.9131 770.6786 768.7764 768.1891 766.7109 766.8313 761.2325 753.2928 751.0229 752.505 752.498 753.3436 753.1227 748.0776 761.3644 775.0331 794.58 778.3433 738.9142 724.4902 719.2753 723.5053 717.288 672.8588 610.9456 591.7922 597.0583 602.3066 590.5179 584.2891 580.7756 592.1673 609.889 629.6948 678.563 754.7759 849.4961 925.1597 937.5924 902.6908 883.5038 948.6282 1047.185 1078.66 1016.854 924.9684 864.3977 885.331 988.4163
781.9457 790.3264 791.818 794.1954 799.8978 801.6735 799.7175 800.0364 797.4997 795.2766 791.6757 788.5615 785.0235 787.1891 778.0173 771.9619 769.5861 769.0607 767.8892 768.8423 765.2642 759.0394 754.2228 753.3768 751.8376 747.2245 745.0582 741.2413 746.9392 769.3453 797.7017 775.1476 743.2593 727.0696 733.9832 731.479 721.9312 696.3035 642.6414 608.0735 600.024 604.6925 607.8223 600.8157 605.109 618.8717 620.4307 620.168 650.9536 717.8154 807.9613 880.8461 899.487 876.5215 864.3126 929.1046 1026.358 1067.153 1015.357 921.2488 852.7618 854.7792 946.2968
780.6483 787.2382 786.544 787.8939 790.2688 796.0691 794.3782 795.7498 792.7188 790.1122 785.5818 782.833 779.2156 781.9644 777.7083 774.4023 769.8222 768.1335 767.9668 769.7181 764.5462 763.3345 758.8311 752.4651 749.9121 746.8518 744.748 738.9324 736.273 748.5782 772.0742 769.2412 743.4556 725.1277 718.3898 728.3191 727.8413 695.6908 651.7118 615.4233 605.1481 606.106 604.5576 618.166 627.6964 635.8941 627.4717 622.4059 639.2017 685.8077 760.7002 826.9022 858.4939 842.6859 833.739 896.088 994.3026 1053.809 1022.069 934.6335 851.4319 828.6582 904.4236
786.1195 788.5342 790.6957 788.733 783.3485 785.6204 789.1216 789.5865 787.0885 784.4585 782.1865 777.6469 775.0658 775.597 775.6131 772.4588 770.598 768.153 767.6307 767.5519 764.537 762.738 760.311 756.8539 750.9335 750.6489 749.1694 745.1804 735.9231 741.403 754.6567 748.4821 725.8563 706.7415 704.4907 711.8569 707.9402 692.6361 656.0804 620.3342 606.9811 601.5318 601.2607 617.8917 640.8368 653.8144 647.7267 633.7683 631.7731 659.9035 712.1522 771.8338 812.5995 804.7825 794.858 853.6978 952.164 1017.418 1009.451 944.2005 862.2393 815.6813 860.0871
794.0838 795.1827 796.5282 798.4642 786.8417 777.5121 778.5924 784.1296 783.6174 779.9034 777.4213 772.6669 769.1733 769.4841 769.2288 768.215 767.5725 766.1764 767.4216 766.2066 765.5654 758.9642 759.4451 755.4719 752.0258 754.9548 757.4332 766.9022 763.6774 760.6779 758.6201 751.4514 725.0724 701.8166 686.3075 689.2454 688.7045 684.0169 655.0884 621.1865 597.5349 586.1919 592.9875 622.461 653.8591 668.7925 667.9976 658.9473 645.8149 645.3211 672.0065 716.9357 764.2717 770.1196 762.4325 809.1843 904.2736 980.7739 983.6901 936.7975 867.278 814.1877 825.8967
801.9171 802.7835 803.1251 806.4019 799.4528 785.76 776.371 778.2319 779.6134 778.3214 776.1733 772.6121 769.8571 765.9771 763.4288 763.0866 762.6722 763.1154 766.8867 767.1796 768.0563 760.7291 756.8521 751.9264 749.048 757.1652 761.0361 776.4097 786.1291 795.1014 791.8506 757.4842 731.2537 712.1084 693.3354 693.1317 686.4481 671.103 636.1359 611.225 588.6367 577.2602 581.9679 612.475 649.5656 671.9896 679.5175 685.0651 677.86 657.8351 647.5049 671.5906 720.2282 744.1252 736.2297 766.5901 856.2643 937.9105 949.7925 917.3934 865.5917 815.6964 803.5649
805.6738 808.5305 810.3881 812.699 806.0792 796.5035 784.6702 778.6309 779.0623 779.31 776.9688 772.7219 769.3585 763.2441 761.4012 758.3057 757.3665 759.8405 760.0279 763.1251 764.2257 763.3829 755.0298 752.6617 747.3881 750.0023 759.0503 774.7968 803.5995 810.3098 804.2262 783.9655 756.9879 744.0132 720.8474 704.2809 688.2558 658.0141 629.1172 608.7148 586.74 568.8197 571.4433 596.5823 638.327 666.9205 681.4633 697.273 709.1739 690.921 656.0615 644.0423 677.4579 708.5547 717.6547 734.8814 804.0505 882.8361 912.8673 897.6005 859.0598 822.4192 797.2098
804.7463 809.6157 815.9912 817.0594 811.3326 803.1611 791.7245 784.0861 779.8532 778.2211 779.3365 772.9051 768.047 762.9807 759.2822 756.8021 753.7903 752.0549 754.0855 757.1351 760.0294 757.9299 752.0548 747.0919 743.7029 743.4858 748.7347 769.8199 794.8101 814.4111 829.9919 813.521 790.108 762.1294 743.4163 717.9648 695.6682 668.973 635.4219 607.6096 581.1713 564.5435 560.5212 581.313 618.0996 655.1917 673.6118 694.1877 718.8373 720.3811 685.9804 648.9145 644.3745 668.7357 692.4651 705.4044 754.0505 826.3008 867.9345 865.7411 839.4681 813.5934 797.5112
800.176 808.8087 814.4813 818.2362 814.7558 809.2245 798.5936 791.4728 782.4877 778.3714 777.8409 773.113 768.8799 764.6814 760.2462 756.4436 753.9016 751.5979 751.0605 752.9547 756.5073 756.6827 751.2781 741.3902 736.1647 736.0462 744.5811 762.1724 784.7449 818.1711 820.6624 812.756 796.5285 781.5173 772.046 742.5436 719.407 684.8034 648.9744 616.1924 585.5807 560.9271 550.9762 562.0254 598.1918 632.4692 657.9284 684.7805 710.9237 726.9105 717.2499 678.2562 639.1076 631.8599 653.3046 684.5913 721.9932 781.8791 825.334 828.6914 814.5259 788.8992 778.0919
794.2642 803.8893 810.209 816.0485 816.0616 813.3766 805.8687 800.505 788.2458 779.5519 776.7763 772.0095 769.5017 765.3961 761.4244 757.1144 752.9698 750.6779 750.827 752.4844 755.2864 757.5533 753.8932 745.0316 738.0471 733.7205 736.3751 747.687 767.309 789.3433 802.6857 799.5656 794.9208 797.2181 786.5122 768.2156 740.2009 700.3132 661.2324 626.1559 595.3116 567.5839 547.1873 550.661 574.7696 607.1504 634.6874 670.0366 696.2722 720.6579 739.997 717.7982 664.3179 619.8369 618.5385 655.3432 703.982 755.4692 796.0974 804.2087 791.9089 763.7357 742.9414
791.103 797.6432 805.7046 813.6351 813.7755 814.2524 811.6568 806.4561 795.0863 782.7184 776.5397 773.1702 769.7793 765.5762 763.4135 758.1206 752.8621 749.677 751.0676 751.7409 757.2269 760.4147 758.5628 754.4793 748.1368 741.1638 736.4564 747.5473 753.9359 768.2501 778.5873 787.8419 788.4027 802.7554 797.0848 782.3849 759.6594 717.4302 671.4919 635.9006 603.5372 577.7708 551.4949 544.7006 556.1354 574.0889 609.3118 651.6237 677.1656 695.5838 736.4226 750.8918 703.6771 643.0529 608.5519 626.1633 680.0052 741.8824 796.8899 822.33 807.5642 770.8827 731.872
788.0355 792.5781 801.4225 810.0463 813.2866 814.411 809.5622 807.879 797.0721 786.9931 779.6864 775.1262 770.8347 766.2016 761.7704 757.7474 753.4265 747.9998 746.4042 750.0707 753.7086 760.5028 765.1297 764.683 760.3677 754.1511 749.001 754.386 764.9543 770.4656 769.6361 770.4112 773.9998 792.2969 797.4232 790.9833 776.2327 745.6719 697.8232 654.8386 615.4019 585.4534 561.4948 544.0937 538.0579 547.5368 580.7965 626.4025 657.8368 670.0101 714.1833 750.6769 730.02 674.8677 622.4305 606.2195 648.8934 721.103 792.913 841.6253 846.4763 815.3992 766.6353
782.6934 789.9134 797.3675 804.7974 811.4816 812.2847 810.4847 806.4952 800.2313 789.8075 782.1734 776.6077 770.5892 769.4075 763.4839 759.3998 752.9962 747.2635 743.3007 745.6069 748.6596 754.1329 765.8707 769.6708 773.1633 772.7076 774.2043 772.639 772.1987 771.4394 764.2233 759.8803 761.9156 775.8479 788.1282 788.2537 782.0063 763.2335 723.7817 682.6403 648.7117 614.4631 583.3348 556.5237 533.3851 530.3606 554.5809 595.1563 623.718 638.7244 681.0306 720.3398 718.5869 682.9726 635.0812 603.1063 621.5308 688.3194 759.7722 823.4704 855.4865 850.654 810.5005
778.2677 780.925 788.0342 798.429 804.8469 810.9974 809.9266 805.8284 801.7551 794.178 785.2863 775.5812 768.2771 767.3891 764.6948 760.4199 752.7017 744.7415 743.228 741.7517 744.2014 751.1353 763.2459 773.3995 782.7823 787.4908 792.6306 793.4184 791.3398 787.441 772.5905 753.8538 746.2021 755.511 773.2751 777.7336 778.9023 766.0231 738.9531 712.5208 683.1154 652.9176 618.6979 584.5012 552.9554 532.6736 540.5786 569.7916 593.0345 612.7392 642.9764 677.5017 684.1977 662.5939 625.7089 595.9112 596.4717 650.3853 722.8826 784.4736 832.4472 848.8303 833.8774
773.7071 772.64 775.4039 786.6168 796.9053 804.6037 808.4754 808.5063 804.9543 797.3525 786.9393 776.3501 765.9607 762.2734 761.5801 761.9489 754.395 745.6982 742.99 742.3063 744.0945 748.771 762.8765 777.6826 787.2859 799.7447 806.6843 809.15 812.5018 809.3013 795.2261 767.3734 738.9069 740.5635 752.435 762.3541 765.404 761.0598 747.2258 735.8533 716.0792 683.6392 652.3539 614.4516 581.9313 553.5671 545.9606 560.6161 580.945 597.2297 619.2759 638.5085 650.4384 632.9852 598.9427 572.9975 576.4702 622.5756 690.5123 752.072 806.3394 833.1149 834.1185
776.0066 771.6003 767.0629 772.8002 781.8704 796.4855 803.1163 805.7892 805.3071 800.4202 790.9695 777.9323 766.6612 759.471 758.5389 758.5619 757.2264 750.4219 741.7767 740.2985 738.8444 746.8815 761.2833 780.4323 793.5579 807.4816 814.0428 823.0338 832.6991 835.9545 821.152 784.9703 751.1783 738.5663 739.8799 745.2658 752.5098 751.4414 748.7661 741.3859 731.4968 704.0863 670.5889 639.0731 609.6802 583.127 567.657 569.1287 584.0389 605.5637 618.8069 625.8033 631.7971 613.1443 569.0516 537.5115 545.2993 594.4246 656.3658 719.2595 774.9169 811.9984 820.6494
781.8721 776.6092 769.6489 764.4553 772.0795 782.9038 795.4004 800.7977 804.021 801.3807 792.221 782.1927 768.9108 759.8961 753.3248 753.7844 754.5551 749.4302 743.5721 737.4293 732.7583 739.442 753.1299 772.009 793.357 805.9701 821.2451 834.3203 847.8695 852.9428 845.4018 805.7187 764.7765 744.3583 735.9699 735.4952 731.926 734.7806 737.6675 736.2495 735.567 715.6373 687.1725 658.7339 632.0966 604.0986 585.6541 581.3022 596.8096 618.9641 637.5056 646.75 650.6976 628.9061 577.0334 522.3967 513.3765 554.6232 613.332 677.075 737.4138 777.8217 800.0778
786.7337 780.6005 775.0434 770.9482 769.9273 773.1595 784.0461 794.9787 798.9099 799.4017 793.8417 786.5769 773.795 763.6998 750.0647 746.6556 750.6321 745.9164 739.1563 731.3596 728.225 732.7568 743.5382 760.5357 779.3026 794.1709 815.1168 838.9824 862.5113 875.2462 865.5844 831.5289 788.1176 759.2062 743.4228 728.8138 719.908 717.6413 720.7986 726.9766 727.0999 719.803 701.4517 676.8016 648.1708 620.5084 593.0152 583.8716 593.1357 614.9905 633.3532 651.8754 668.8425 663.1686 604.968 537.4864 500.8283 517.8694 562.8409 622.3956 683.2001 726.7532 756.355
790.5651 786.8765 780.6475 778.0221 775.9648 767.4897 772.1334 782.814 791.4512 795.6988 792.0208 786.2497 780.5711 772.2265 753.1276 740.4016 742.9067 740.245 737.6935 730.2076 725.8476 728.301 736.6377 751.83 767.5613 782.1994 801.5784 829.7599 863.4645 885.2313 877.6653 848.1002 812.7034 776.0791 750.6962 730.108 716.3373 707.6701 703.4431 707.0284 712.7862 710.0831 701.3679 687.2503 662.9378 637.0456 604.4108 583.9496 584.5048 599.6019 614.3677 634.563 657.4249 661.5327 622.0596 559.7365 508.7678 494.5143 520.2299 565.7744 616.5701 659.4321 690.6495
789.8312 786.8818 784.145 784.6238 782.5547 774.6786 768.1322 774.9033 783.6932 788.8123 786.9603 785.233 780.3885 776.951 762.532 743.546 738.6302 736.1136 735.9865 735.6107 729.7365 729.2643 733.5174 744.7971 757.7842 769.7474 786.6823 812.3596 846.7211 875.9826 878.3196 851.0552 814.0006 783.0249 754.0614 731.2232 717.4651 702.3409 693.4262 694.3649 693.058 690.9782 687.8787 684.1276 662.7632 644.4216 615.0124 587.2972 576.0062 584.4538 596.2113 612.8935 632.2405 638.6458 618.94 574.2047 520.462 487.5009 486.5997 515.4788 552.4838 587.1746 619.8558
786.1672 782.5966 781.6788 782.0027 783.86 778.8643 770.4066 772.5028 778.8741 781.327 783.1904 781.5273 777.2914 776.5468 768.2711 752.219 738.8356 735.3734 734.706 735.2465 736.4078 735.2045 735.0541 742.2786 749.5256 761.3585 776.3901 799.2668 833.7372 863.1672 868.1657 844.3819 806.1995 773.1006 745.826 722.8926 713.9256 700.0153 686.6229 687.7076 688.0182 681.6546 680.4163 678.0996 663.259 646.5703 624.1084 595.5776 580.7468 575.1966 584.5458 599.2711 615.4067 622.803 611.4186 581.0825 534.2752 492.2242 469.5146 480.246 504.0845 530.2181 557.817
781.5813 780.7026 779.1335 776.8704 781.0199 779.1863 773.7519 771.9716 774.9854 776.5514 777.2903 778.6506 775.1508 771.8104 767.8621 755.0073 742.6944 732.754 732.1551 732.9641 737.3408 742.2178 745.1126 747.8158 752.5596 763.9046 777.9034 802.5471 834.7831 858.3181 859.5637 837.1536 798.8371 768.2842 738.1716 716.193 703.9434 695.2267 680.9559 677.9667 679.0457 677.7883 674.2156 672.4254 667.5878 657.2919 646.2665 623.3831 601.8813 586.3215 586.1855 598.6364 622.0708 634.2905 624.5011 601.614 564.5591 520.2227 491.5309 478.3347 482.8219 497.4637 516.1019
780.4348 778.5903 774.9197 773.4338 776.0345 779.1636 776.5329 774.4684 770.2263 770.6055 772.4813 773.7383 774.8134 771.239 766.9289 757.6805 745.2825 734.5926 728.4792 728.8383 729.8506 739.2895 749.204 754.8539 759.5394 768.77 790.2828 818.5406 847.5563 863.2889 861.4343 827.1669 787.6582 760.5345 737.784 722.0585 710.0574 701.3183 690.5566 681.0228 671.1042 669.8599 670.2374 673.5468 668.9023 666.257 660.15 651.3945 635.7675 610.1989 602.2318 611.8943 631.8911 646.9252 645.0992 631.2933 599.4342 563.0511 532.1596 507.8317 493.9078 496.104 506.8296
785.0854 780.5332 774.6177 773.906 772.7129 776.5558 778.8694 776.8612 769.4207 768.3178 766.2409 766.255 768.0666 768.5579 764.0558 759.1368 750.351 739.4473 730.8939 726.9449 725.7247 731.9637 743.1625 751.0415 758.7463 774.9757 801.6071 838.4581 868.1445 876.5804 858.6503 818.4077 775.4077 749.6682 728.4122 714.7985 708.5584 701.7908 693.8207 687.9796 674.4663 667.9664 668.4428 668.7834 669.7832 664.9418 660.7214 652.648 646.4193 633.1631 623.9475 625.8661 637.2906 653.7775 661.6904 652.8958 627.0932 596.5524 559.8504 530.5652 513.5462 508.9595 504.3729
789.3385 786.1069 779.3095 773.8873 775.0531 778.6129 779.9689 776.8707 771.5547 768.8585 763.5353 758.5823 761.246 759.9502 757.0215 754.3628 751.6723 744.5211 737.2071 732.4442 728.2094 731.2438 735.2205 744.9602 753.4775 769.9396 803.2975 847.4387 883.3541 892.9918 861.6924 816.7396 770.4905 742.4631 721.4156 702.7188 693.5256 687.1396 682.6625 679.5588 675.5654 671.4673 666.4348 664.4604 666.0925 662.2087 651.6257 640.1586 642.7311 642.2591 639.4498 638.8104 644.2958 655.1171 662.7444 659.3475 635.0146 602.9064 569.7805 541.4285 520.3071 507.8244 498.3247
789.4483 788.509 783.8492 775.7497 774.0905 777.1327 781.064 780.1968 775.8288 773.9031 766.2113 753.4358 750.9786 748.8419 748.7704 746.6776 747.0619 745.3315 741.7927 736.0557 734.6315 735.403 737.9107 739.8439 748.4979 763.7609 795.8676 840.2581 878.832 893.0335 862.9081 811.8771 765.7971 737.7849 717.0426 698.1145 683.8796 675.4716 674.0065 675.895 673.4254 669.434 663.7323 656.9347 655.735 649.1271 639.1155 635.076 635.6208 639.8073 641.912 642.6121 648.2573 656.0068 661.3218 655.1175 631.6492 599.5216 569.2429 541.0263 519.3322 501.5834 489.7283
788.0843 788.9957 786.9331 782.4179 778.3851 777.7657 781.3093 781.1028 780.2946 778.0933 773.0284 759.2296 744.4574 741.63 736.5675 732.1412 733.2248 733.7855 734.7631 737.0447 735.818 738.1035 741.8293 747.4022 751.7835 765.8925 787.3577 827.3139 865.3281 878.8443 851.0788 810.1593 766.3326 738.2731 717.2002 694.7926 681.9252 670.6878 671.8952 676.4622 674.8803 667.6406 654.989 643.6602 637.4541 628.8669 619.2645 614.6536 618.6318 625.3884 634.3011 641.5125 650.2679 656.978 659.3602 651.6614 628.1808 596.4471 564.2994 536.1609 513.0487 494.8174 478.0815
788.3206 784.7708 786.0298 784.9954 782.3752 782.6553 784.9008 784.9163 783.5275 779.3571 774.6141 760.0976 748.8287 741.8214 734.1911 723.7521 718.3525 717.9542 719.5417 725.3304 730.4517 734.7457 742.7955 753.9774 764.9265 778.3184 795.9482 824.0682 847.8203 856.0895 837.7174 807.5241 772.1555 744.3678 723.9224 698.4713 682.4879 674.7494 675.5035 678.514 675.8587 666.1046 642.8714 624.0007 617.5927 607.3093 594.4869 590.2472 589.2463 600.8618 617.7883 635.204 648.2163 654.3312 653.9853 644.7397 620.687 590.4346 557.5248 526.9599 502.3453 484.6857 464.6125
