py_wake/examples/data/AJ_ParqueFicticio/Rough survey   Sector 8   Height 30m   Orographic turn.grd
DSAA
73  159
 258469   265669
 6501692   6517492
-66.54638   66.4292
[rows 81 to 107 of 159, columns 0 to 61 of 73]
.7605403 .6426535 -.02024963 .2261216 1.302667 2.411346 3.289057 3.699072 4.243289 4.806239 5.533803 5.405037 4.734941 5.275035 4.764987 3.12309 2.515331 2.828915 3.335037 3.222094 4.444449 6.109931 7.161131 8.104861 7.611363 8.286491 9.808082 13.0153 15.98366 17.07585 14.90395 12.85177 11.1185 11.60124 11.47241 10.9887 10.49999 7.157336 6.733457 7.068449 7.991064 8.471713 7.927395 6.815492 6.076657 4.152247 1.344964 -.3763882 -1.360393 -2.170046 -2.367384 -1.979698 -.8968619 .7402349 2.191231 3.466256 .7887968 -.4867047 -3.281433 -6.36966 -7.483168 -9.583789
1.029495 .7014129 .7261825 .8245739 1.508642 2.492069 3.842495 4.130625 4.5751 5.16651 5.945102 4.940018 5.704698 6.165997 6.310552 6.043264 4.341081 4.476611 4.253517 4.049876 5.181752 5.818766 7.206482 7.771155 9.130468 10.96371 13.90207 16.96392 18.55543 18.25047 14.60458 12.63109 11.49342 12.08578 12.00998 10.07557 9.199272 6.003688 6.723262 9.258283 11.47286 10.89884 9.613171 8.048448 6.891983 4.79397 1.469562 -.1709407 -1.184743 -1.906883 -1.828604 -1.071869 .09814227 1.522232 3.291264 3.651377 1.23515 -.3507819 -2.950196 -6.141765 -7.819774 -10.29725
1.563334 1.129462 1.260145 1.494553 1.982179 2.670013 3.86105 4.466935 5.041744 5.911141 5.609155 5.56602 6.370603 6.965703 7.793435 8.256278 7.727675 7.094767 5.793659 5.90288 6.195024 6.207537 6.549875 7.030857 8.462112 12.30872 15.79904 18.26639 19.25165 17.96369 13.96216 10.99235 10.27758 8.685529 9.557957 6.599277 4.843796 4.300432 7.386293 9.630217 10.86864 10.80825 10.70605 8.893202 8.891362 7.102006 3.388956 2.074136 .9571655 -1.33045 -1.459257 -.6407391 .688361 2.370088 4.49089 3.982261 1.916875 .2930904 -2.557017 -5.516935 -7.810248 -11.02724
.2361534 .929905 1.289131 1.67989 2.016917 2.919401 3.989552 4.925141 5.79685 6.11629 6.328496 6.90401 7.579837 7.372297 8.035937 7.810639 9.242923 9.546185 7.94754 8.444007 7.823102 7.280591 6.565151 6.384519 7.009269 10.46004 14.55855 17.52471 18.6972 17.4565 13.89219 10.88777 9.713931 8.937252 9.557492 3.449506 2.373499 2.154671 4.590595 9.920918 12.01721 12.79891 11.78594 10.6467 10.49023 9.770987 7.843924 7.010022 4.8269 .1508287 -2.082688 -.6190109 .9023189 2.22705 4.039932 3.647228 2.725085 .2550137 -2.74516 -4.837734 -8.345968 -12.14261
.8387872 1.33651 1.516884 1.714254 2.204703 3.261572 4.144366 5.153121 5.594872 6.277409 7.114145 7.8644 8.799541 8.33636 8.276247 8.704484 10.02751 10.31246 9.959397 10.42236 9.780822 9.805164 8.696416 7.595611 8.182849 11.90633 15.55554 18.79754 19.48434 18.04413 15.59435 12.44572 12.37326 10.2255 9.214808 3.761867 2.46447 3.011703 7.07212 9.668976 10.96268 11.12754 11.07041 9.208949 10.4185 9.709821 8.897506 9.781397 7.946443 5.398307 2.508912 .1433127 .8776485 1.474331 1.959742 2.096505 -.2585032 -2.417638 -4.054817 -6.140909 -9.486916 -15.00514
1.762432 1.63909 1.461378 1.773766 2.623411 3.48288 4.621382 4.859465 5.371534 6.519696 7.458888 7.238955 7.438898 7.88527 8.275997 9.182936 9.020399 9.309855 11.23447 11.99847 12.76613 12.74414 13.13764 12.11357 13.32654 16.30506 19.95683 22.16158 22.93748 20.9266 18.62694 16.13318 13.60651 10.81135 9.017239 4.789873 2.582855 5.476732 10.01259 10.16113 10.56348 9.934103 9.121511 7.288407 6.732521 5.684126 5.591127 6.786053 5.959126 3.721792 3.270499 2.66296 1.391822 1.341536 1.167392 1.385791 -1.980455 -4.333075 -6.950196 -8.70821 -13.35986 -21.00938
1.543459 1.493758 1.245529 2.447865 3.255728 3.847306 4.802315 4.671333 5.19284 6.468317 6.764584 7.272837 7.871138 9.310351 9.920715 9.889805 9.392037 10.07491 10.71369 11.55544 14.02019 15.71618 17.69383 18.76627 19.36103 21.54588 25.73928 26.24875 26.07364 24.37413 19.67345 16.34579 13.42521 9.869645 6.39852 1.639019 1.141927 7.626214 10.59475 11.25825 11.43965 10.50899 9.118235 6.442533 5.183746 4.361908 3.989245 3.969921 3.310329 1.926027 2.545888 4.132232 2.73633 .3755162 .8181565 1.312722 -2.348336 -5.787265 -9.045571 -11.42982 -19.50826 -30.02642
1.357901 1.399399 1.713493 3.045828 3.970202 4.761309 5.371367 5.253158 6.052769 6.749759 7.055318 7.916284 8.375389 9.083714 10.57439 11.18457 10.44616 11.41187 11.26311 12.21924 13.79523 16.38908 19.39263 23.14136 24.5553 24.28631 26.30285 26.75224 24.902 21.21874 18.25347 13.59753 12.36742 9.250792 5.280621 .4922682 .5597489 6.332766 9.760325 11.33279 11.62876 10.93049 9.712676 7.557973 6.281541 5.581396 5.979983 6.595519 3.706483 2.286726 3.668092 7.337838 5.95365 3.202394 .9289159 .7055711 -1.356063 -6.551572 -10.08813 -13.67706 -25.68906 -30.31976
1.317455 1.151311 2.124872 2.883178 4.193965 4.7355 6.31283 6.98766 7.853439 7.411292 8.115951 7.706228 8.373085 9.571306 11.03246 12.38836 12.86006 12.60923 12.75283 12.42128 13.04804 14.74454 17.68268 20.86615 23.0575 22.99528 23.85102 23.59831 21.17962 18.08519 14.14365 11.78381 10.70043 8.571007 3.785187 1.85337 2.45638 6.648342 8.522591 10.50626 11.11942 11.0013 9.540584 7.674823 7.100307 8.647836 9.778305 9.936657 6.256863 5.669121 8.735966 12.79186 14.48281 11.25664 6.479597 3.458606 .4792739 -5.482671 -9.999943 -13.17615 -27.54047 -28.58835
-.2611317 .7182011 2.221986 2.779536 3.710251 4.940345 6.64226 6.872638 8.644644 8.817358 9.501235 8.499606 9.28013 10.21269 10.99741 12.1931 13.89963 15.0009 15.13542 13.19534 12.27785 13.0696 14.71291 17.2606 18.22788 18.25815 19.42058 20.83018 19.15664 15.60168 11.64491 9.902755 8.698005 5.935904 2.249572 3.806875 4.161199 5.258505 7.809875 9.221752 10.45319 10.5654 7.760617 6.317811 6.088121 7.900924 5.833895 5.808903 2.671141 2.926364 6.494495 13.41864 13.17762 15.41022 14.84934 10.27102 4.653497 1.264947 -5.153291 -10.5365 -22.34755 -25.89511
-.08950781 .5829271 1.329053 1.761468 2.766347 4.791275 5.967672 7.403025 8.646556 9.348144 9.797386 9.652858 9.365361 10.19706 10.84893 11.47661 12.84434 15.60077 17.6599 15.89173 12.10905 11.65304 13.36565 15.69442 16.04955 15.2151 16.72733 19.32503 18.30891 13.68218 9.247391 7.18592 6.243061 1.06239 -1.269453 3.165739 4.723225 4.636737 7.207344 9.324145 9.780458 8.630042 5.743902 3.833415 3.548672 2.760425 2.117064 -1.457108 -3.371538 -2.430156 .6936933 3.159768 4.431496 7.965478 11.82662 13.26901 9.557994 4.984694 1.6471 -5.815135 -16.62848 -23.39281
-1.04272 -.1844314 .9128082 1.577492 2.231211 3.981038 5.822018 6.637445 7.844568 9.394424 9.980865 9.442974 9.939013 9.711772 9.822937 10.06003 10.94364 13.92804 17.87462 18.15311 12.96588 10.85698 12.71367 15.20498 15.56847 14.27717 15.66253 17.8552 16.88544 11.56584 7.164747 4.579825 3.083464 -2.140207 -.6140013 4.488368 4.221436 3.675006 6.273068 9.553427 8.60485 6.581906 3.59995 2.276334 2.160085 1.333523 -.1512442 -3.776293 -5.163971 -4.676466 -2.209559 -.7917027 -2.32708 -1.314662 -.5488197 .4812392 1.949646 1.25193 -2.158774 -4.63905 -14.96285 -22.16607
-1.300556 -.2878577 .4553507 .7402996 1.551366 3.684031 5.233629 6.422604 7.443962 8.510108 9.593142 9.961027 9.869471 10.44304 9.234962 7.809977 7.445031 11.31029 15.89226 16.60418 14.0636 10.7838 13.06397 15.2416 15.47008 14.22253 14.76332 15.37459 13.96683 9.747797 6.474131 4.347822 -.692717 -6.205092 -.001410443 5.41748 4.926196 3.528292 7.021883 8.861727 7.350417 4.085563 1.148963 .1386828 .7296776 -.1779815 -3.329975 -4.584634 -3.996851 -3.089104 -2.273565 -2.637064 -4.567706 -6.198103 -9.35139 -9.120987 -8.45923 -5.589306 -5.268081 -7.527544 -15.91922 -21.33908
-2.003869 -1.187668 -.2518974 .9000219 1.922004 3.237885 5.029694 6.380496 7.618099 8.354958 9.140319 10.01026 11.09837 11.28989 10.14901 7.625169 5.370932 8.481841 13.06712 14.06244 12.93075 11.31395 13.1813 15.91229 15.45095 13.8178 13.56605 13.67559 12.33697 7.88511 5.542875 3.360748 -1.85246 -5.043651 .8722799 5.245068 3.98911 2.145162 4.77232 7.646044 5.330564 2.789545 .7421088 -.1032262 -.6203203 -3.317844 -3.959725 -3.434048 -2.583248 -2.29421 -1.326349 -1.340466 -4.802875 -6.395819 -9.649318 -10.2552 -8.608146 -8.582389 -8.222842 -9.378445 -14.96191 -20.07231
-1.741516 -1.13279 -.3548163 .8880004 2.576576 4.003508 4.677597 5.632498 6.965981 7.658755 8.027935 8.766173 10.71088 12.80229 12.29432 9.515954 6.837075 8.686377 11.9979 13.07276 12.04252 10.79694 12.53943 16.40209 15.48799 13.32943 12.33412 11.99994 9.638185 6.423146 5.022686 2.605938 -1.534293 -3.733747 3.55692 5.328667 4.945496 2.910798 4.783385 7.556331 6.173048 3.867455 .7265139 -1.291625 -2.64272 -4.420394 -3.451108 -4.246655 -2.734633 -2.119737 -.7853808 -.6454569 -4.100712 -6.095953 -8.636653 -8.300464 -8.913371 -10.84617 -11.00769 -12.69705 -15.58028 -19.26271
-1.893502 -.9572692 -.5407177 .334394 1.678589 3.802395 5.04758 5.889429 6.32054 6.639127 6.799287 7.429562 9.202948 11.99578 13.95662 12.66118 9.718317 9.878426 13.12615 13.43995 11.31008 9.25913 10.82544 16.26622 15.44214 14.44149 13.27281 13.15776 13.06227 10.92472 8.566785 5.524068 .2986108 -2.924646 2.371698 4.12545 3.746799 2.656648 2.847811 6.384564 4.241868 3.218023 .3505618 -1.867583 -2.382821 -3.511741 -3.725897 -3.794898 -2.501766 -2.450875 -.2444455 .750405 -.4095432 -2.616555 -5.624401 -5.28417 -8.03362 -10.64454 -12.0195 -14.79924 -17.83818 -20.31065
-2.630642 -.5236409 .53516 .6781557 .456635 2.627746 5.287277 5.956208 5.68954 5.738017 5.951389 6.237613 6.910262 9.934296 13.19435 14.41489 12.36127 11.67954 15.45402 15.27316 12.56622 9.597075 10.85291 14.80618 16.06091 16.09785 15.0127 16.59181 20.31189 18.70471 14.56004 8.627636 2.650979 -.4772162 1.797446 4.091034 1.509835 1.421024 2.822714 5.190732 4.81168 2.445848 .3025468 -.8257185 -.9455503 -.642637 -.8857378 -2.633362 -2.019997 -1.660638 1.12019 2.390188 .4522847 8.724871 9.598989 7.178711 1.765394 -3.106029 -6.642168 -11.84859 -17.25086 -21.15747
-3.662564 -.522688 1.623109 2.194526 .9501904 2.165936 4.647299 5.581896 5.609546 5.918037 5.401711 5.158962 4.737178 7.233994 10.76709 12.23864 11.65705 12.26605 16.20204 16.43009 13.53957 10.57581 12.00035 14.80217 16.55527 14.56979 12.75138 17.0505 19.28002 14.45501 10.20584 6.625684 2.125903 .4292045 2.432201 6.305254 4.374993 .6664404 1.058907 3.602895 4.654892 2.464831 .3920972 -.2640967 .3785384 1.217404 2.325228 1.909739 2.246793 5.280414 4.364224 5.419135 7.15064 10.29437 10.73205 12.77492 9.579192 5.294641 1.835875 -6.530408 -12.57629 -20.82793
-4.985858 -.5760069 2.066178 2.93274 1.829651 1.333115 3.487807 4.418649 4.567801 5.569986 5.421997 4.474604 4.094162 5.625111 7.86752 8.548434 8.806504 11.33292 14.65349 15.79003 13.42854 10.55184 11.40541 13.75886 15.18772 12.1918 11.15064 12.34829 11.79729 10.03913 7.557926 4.654057 .02127267 1.241358 5.487198 8.112967 7.224427 3.782375 2.456979 3.642294 4.263874 3.161052 2.990855 1.584639 3.182489 .9925218 2.283404 .6592705 7.071624 11.39117 12.60612 10.26039 6.685484 5.643636 4.20295 3.031774 1.716669 .6673704 -.9117454 -4.267243 -8.429784 -16.45741
-5.416258 -2.00765 .6487394 2.143961 2.44691 .4836505 1.569296 2.734677 2.641458 3.932155 4.998137 4.094836 4.584852 6.28732 7.4026 6.411308 6.355296 9.093218 12.57696 14.15833 12.68661 10.94165 11.22646 11.54697 11.66221 12.26964 11.61816 12.03329 10.7468 8.540196 5.959725 3.018991 -.2207197 1.175007 5.497224 8.072874 8.480295 6.99755 7.794235 6.804286 5.114436 5.999779 6.061824 6.124841 6.525437 2.214415 -1.431936 -2.836102 7.155976 10.09669 7.746937 7.529534 6.898565 5.243719 2.972131 .8346846 -2.083823 -5.444438 -8.238105 -9.448085 -12.07701 -18.2321
-4.988858 -3.888644 -2.521672 .07629348 1.623097 .4611967 -.7741433 .7127714 .1122174 1.45843 4.14268 3.941494 4.521784 6.342056 6.993831 6.181271 5.53158 6.973253 10.15463 12.23189 11.8986 10.37048 9.412757 8.666127 11.03109 9.968081 10.01715 10.05257 9.515646 7.378113 4.665983 1.618497 -.739218 .944813 4.663089 5.644662 6.480495 4.907496 7.173625 7.662123 8.854555 9.263805 10.0914 12.14626 8.103927 1.190692 -6.307052 -8.973518 -1.351294 3.002669 4.542982 5.611911 5.993505 4.812211 1.873448 -.1981451 -3.372036 -5.592067 -7.591718 -8.60911 -13.25761 -27.98682
-5.839499 -5.443223 -4.802156 -1.635034 1.068967 -.3634452 -3.057302 -.8756196 -2.193117 -.9556512 1.684174 2.998469 3.786575 5.561077 6.225836 6.239954 5.435485 5.971106 8.396846 10.27836 10.40901 8.274055 6.285375 5.707452 7.516876 9.153117 9.911627 9.622038 8.706194 6.48031 3.904061 1.162676 -.3425192 1.514324 3.860305 3.852479 3.918405 2.722482 3.840515 4.856034 9.275456 11.16793 9.378293 6.342357 3.318658 -4.751032 -10.66674 -7.559926 -2.938903 -.07870132 2.848338 5.197829 5.73587 4.324873 2.36525 -.02646977 -2.821926 -3.862242 -5.760292 -8.555723 -18.51747 -30.53759
-6.550941 -7.379405 -6.534914 -2.548554 .8042072 -.4252148 -3.362569 -.5128847 -1.680187 -2.011948 .5601553 1.378935 3.063352 5.190967 4.910848 4.925478 4.808376 5.238022 6.737714 8.082454 6.886796 3.152814 1.000575 1.580338 6.092604 8.278761 10.4642 10.50786 9.295817 8.040445 5.723509 2.895786 1.138532 1.470524 3.371067 3.443938 2.808389 .001268265 -1.072003 -.7626801 4.081647 8.235874 6.846741 5.443663 -.1297476 -9.111805 -11.81466 -7.180721 -3.206572 -1.540563 1.890401 5.377609 6.651145 5.784415 3.225091 .6469645 -1.371775 -3.024657 -5.216039 -9.280947 -18.13623 -26.32845
-3.790051 -6.633903 -6.842554 -3.26501 -.1403621 -2.503546 -3.642966 .6311233 .8093502 .2350104 1.787725 2.720807 4.002663 5.36912 4.451468 3.313025 2.422068 2.974995 4.266302 3.854116 1.388825 -1.701493 -3.398435 -.7413949 3.860936 6.576401 9.290224 8.609004 8.96426 9.093271 7.188862 4.17282 .8070448 .1431439 .9635491 2.022951 -.976617 -2.269146 -1.951104 .7363413 4.917239 7.308178 7.402415 5.657678 -2.872224 -4.296939 -6.145436 -5.916934 -4.2224 -2.30551 .529276 4.643826 5.993706 4.712905 2.307934 1.52205 -.4581372 -3.564206 -7.462628 -11.05882 -16.18664 -23.00432
1.835993 -.8509793 -2.878706 -1.74046 -.5397488 -2.588086 -2.125914 1.092016 2.063647 2.923756 4.341073 5.624574 6.393269 6.203438 5.143554 2.378643 .7065412 .1861118 1.371183 .8349414 -2.303587 -4.782238 -6.600575 -4.114807 .1493721 3.969464 5.88738 5.718865 5.903125 6.112996 4.849639 1.865845 -1.144677 -2.472294 -1.860886 -3.11002 -6.537004 -7.48881 -3.156857 2.061188 7.372521 10.24164 9.783774 3.810779 -1.277139 -1.237164 -.3966208 -3.385964 -4.187909 -2.938999 -.7276516 1.245785 2.364765 -.4163672 -2.570002 -2.703382 -4.48597 -7.924115 -11.51101 -14.31626 -17.67284 -24.3266
4.879234 4.143444 3.607963 2.670175 .9324911 -1.276124 .8743402 3.071915 2.95297 4.062841 5.952141 8.089129 8.883262 7.314047 5.645756 2.924994 .118318 -.7654735 -.09452484 -.5481429 -2.25892 -4.711814 -6.682598 -6.71441 -4.16388 -.6657838 1.559439 2.374763 2.794878 3.713005 1.919404 -1.191037 -3.4746 -3.90177 -3.347664 -7.811208 -12.17087 -8.523497 -.7962717 5.310215 9.701678 11.07077 8.760962 3.6732 -.7781884 -.4869528 -.04847996 -1.752323 -3.538812 -1.732861 -.2125175 -.6816773 -2.862903 -5.793007 -7.546574 -7.38325 -8.95834 -12.07009 -14.69964 -16.04604 -19.68141 -27.83004
2.234203 3.08603 5.005767 5.405724 3.165058 .6105382 .8697373 2.839865 3.199572 4.215472 6.47083 9.254526 10.55086 9.262408 7.324463 3.594647 1.057358 .002712432 -.8390391 -.6488317 -2.098595 -3.885322 -7.927675 -8.354252 -5.782875 -4.567127 -2.931633 -.9262049 .3838537 .9033243 -1.596024 -4.402374 -5.859322 -6.492367 -7.747932 -11.41475 -14.25401 -10.12438 -.2968002 6.301818 9.827153 10.03953 7.651075 2.943994 -.8612422 -1.013167 -2.804725 -4.058933 -3.761805 -.7621624 2.311665 1.540305 -1.058417 -6.135409 -9.263383 -11.16357 -13.81421 -16.49346 -17.87592 -17.8072 -20.50113 -27.53448
