py_wake/examples/data/AJ_ParqueFicticio/Rough survey   Sector 5   Height 30m   Weibull-A.grd
DSAA
73  159
 258469   265669
 6501692   6517492
 .2525203   12.47871
[rows 112 to 139 of 159, columns 0 to 62 of 73]
8.565544 8.976706 8.643343 8.434423 8.59355 8.648491 8.557511 8.715175 8.943345 9.064825 9.271248 9.623178 9.428795 8.782841 8.164702 7.068058 6.632483 6.688385 6.079099 4.745882 4.743767 5.524827 5.588615 6.055424 7.996046 9.212187 9.291571 9.378788 9.246238 8.875664 8.718269 8.751716 8.694931 8.1739 7.370809 6.468073 5.689516 6.319843 7.901418 9.01365 9.480455 9.255628 8.00748 6.101995 4.894945 3.866642 3.243975 2.716651 2.443584 3.926167 6.219566 7.581808 7.40448 6.66765 5.988719 5.825403 5.783719 5.680421 5.43375 4.559608 2.585677 2.686346 2.564955
8.821293 9.247377 9.148475 8.902967 9.022651 9.310509 9.361136 9.38008 9.493113 9.536798 9.726753 9.946591 9.694665 8.880838 8.231438 7.357618 7.414025 7.41872 6.980513 5.323986 4.099393 4.069803 4.213165 5.084646 7.359694 9.179834 9.270799 8.473123 8.182232 8.106005 7.708148 8.406199 9.163985 8.925295 8.724937 8.034302 6.946974 6.661638 7.752365 8.803702 9.674648 9.774647 8.595874 6.539511 5.375582 4.305452 3.614996 3.105802 2.683148 3.164207 4.821211 6.317842 6.682951 6.386459 5.944046 5.770776 5.721794 5.697093 5.585773 5.013811 3.557269 2.546924 2.501691
9.50255 9.722134 9.659129 9.45392 9.430035 9.75141 10.09506 10.06162 10.05447 9.976722 10.11032 10.37773 9.831348 8.904485 8.200848 7.701211 8.177819 8.348248 7.40438 6.174691 4.71702 3.381831 2.904605 3.689477 6.313013 8.588194 9.090757 8.177994 7.388981 7.251915 7.16317 7.588505 8.983746 9.193991 9.461891 9.5808 9.003193 8.123428 8.267893 8.826153 9.802267 10.37838 9.173008 7.399826 6.02896 5.056796 4.262181 3.631334 3.349727 3.381244 4.20644 5.197409 5.788011 6.018669 5.866848 5.719296 5.61293 5.582398 5.498464 5.193678 4.502149 3.609214 2.793711
10.11772 10.19477 10.10787 9.976433 9.902148 10.18335 10.48463 10.46544 10.53127 10.44349 10.49803 10.76746 10.18556 9.082062 8.360188 8.097626 8.598937 9.123693 8.382834 7.143507 6.032394 4.529288 2.760777 2.57408 4.678852 7.40217 8.398492 7.607108 6.91726 6.810678 6.78848 7.227118 7.871237 8.414867 9.135575 10.25708 10.43379 9.769312 9.102599 9.068786 9.972903 10.73796 10.05045 8.774409 7.291569 6.321223 5.281544 4.401327 4.021625 4.047974 4.330778 4.833915 5.202329 5.545422 5.677989 5.625902 5.517409 5.434316 5.321651 5.115714 4.829609 4.240895 3.896142
10.20482 10.31691 10.32218 10.35938 10.30423 10.5916 10.72758 10.74652 10.78593 10.81709 10.93244 10.76165 10.52725 9.549706 8.843266 8.567324 8.924421 9.497691 9.168649 8.37472 7.468874 6.420033 4.393588 2.664369 3.267161 5.828292 7.456628 7.011136 6.592916 6.653203 6.717288 6.682366 7.010951 7.717487 8.515244 9.717329 10.68731 10.44708 9.568027 9.065531 9.472217 10.57391 10.54062 9.697392 8.660506 7.678145 6.584041 5.60069 4.87644 4.593951 4.768184 5.026687 5.098691 5.183105 5.481892 5.47929 5.426564 5.234853 5.103387 4.995111 4.919236 4.503131 4.296283
9.790406 9.956637 10.06224 10.23655 10.47203 10.69458 10.70271 10.68914 10.59068 10.72006 10.59616 10.70482 10.41227 9.796149 9.50596 9.188711 9.092696 9.431826 9.214899 8.810859 8.367991 7.841728 7.055326 4.899967 3.295575 4.117138 5.96239 6.453714 6.37923 6.484244 6.379137 6.201583 6.692254 7.639222 8.121418 9.448403 10.64032 10.34574 9.56565 8.439873 8.736327 9.53634 9.970694 9.430196 8.855325 8.364291 7.472813 6.518352 5.671773 5.072745 5.025523 5.280362 5.300135 5.284538 5.279644 5.322989 5.315804 5.088515 4.78097 4.627396 4.744178 4.690799 4.52574
8.881533 9.167336 9.460946 9.72404 9.994395 10.21619 10.36312 10.49652 10.39213 10.27996 10.13321 9.885671 9.647616 9.37066 9.626934 9.883162 9.491024 9.040335 8.691948 8.361526 7.984995 7.607295 7.902444 7.551288 5.516778 3.876944 4.407622 5.168715 6.325758 6.490912 6.227623 5.711652 6.630899 7.397727 7.590511 9.036454 10.4877 10.53187 9.105898 7.332533 7.236203 8.146726 9.046875 8.95423 8.007676 8.047085 7.654706 6.756656 6.137409 5.416025 5.257416 5.522002 5.53827 5.570297 5.455846 5.428485 5.31372 5.26685 4.730722 4.204187 4.392873 4.588593 4.606068
7.674486 7.968551 8.463178 8.967638 9.406166 9.726594 9.95061 10.30545 10.3349 10.00809 9.343924 8.744135 8.631852 8.569678 9.378972 10.21248 10.16004 9.162641 8.257584 7.796925 7.145634 6.548898 6.998629 8.076534 7.636881 5.881374 4.215381 4.359262 5.297005 6.433007 5.900404 5.660202 6.511349 6.982732 7.242415 8.617963 10.07706 10.70098 9.336313 6.786032 5.678996 6.427649 7.893022 8.872125 7.610868 7.134762 7.157318 6.69604 6.241495 5.619222 5.335025 5.491442 5.697155 5.691311 5.673637 5.695155 5.54202 5.547999 5.110574 4.420427 3.932618 4.445632 4.568183
7.228119 7.551449 7.970017 8.511399 8.966871 9.332925 9.56511 9.862681 10.1857 10.29636 9.645542 8.097679 7.485502 7.358448 8.260353 9.715038 10.36643 9.866389 8.660607 7.743995 6.743536 5.701763 5.497554 7.177008 7.933209 7.284779 5.566208 4.245869 4.563621 5.630969 5.628514 5.512882 6.613534 6.74153 7.320192 8.516791 9.726551 10.5549 10.11368 7.754961 5.555781 4.932498 6.36015 8.263499 8.013384 7.133884 6.763338 6.491805 6.181841 5.721432 5.314672 5.283621 5.492261 5.655885 5.657962 5.671436 5.611291 5.437397 4.941441 4.262472 4.11388 4.536477 4.670906
7.924582 7.683704 8.00493 8.46512 8.741722 9.078175 9.366657 9.345161 9.433516 10.32482 10.70538 9.156187 7.533081 6.879152 6.955852 8.076549 9.405975 9.902436 9.552149 8.842036 7.629022 5.995954 5.05326 5.668908 6.890275 7.019663 6.601509 5.301836 4.160122 4.576608 5.048462 5.687141 6.384857 6.52795 7.547582 8.540614 9.403993 10.14319 10.36996 8.839829 6.744144 5.070056 5.310894 6.995232 7.715599 7.424782 7.039118 6.639958 6.260221 5.888669 5.430091 5.092718 5.198539 5.417898 5.500332 5.660638 5.672355 5.242616 3.875307 3.650451 4.636453 4.755698 4.887622
8.81356 8.318959 8.173484 8.505826 8.702439 8.799319 9.218272 8.872449 8.251046 9.306237 11.14776 10.92098 9.332642 7.827637 7.043331 6.926231 7.690445 8.321421 8.636671 8.780278 8.261246 6.85552 5.505816 5.345039 5.718066 6.192402 6.155707 6.258256 4.979028 4.170498 4.394318 5.493258 6.11126 7.09736 7.778484 8.701144 9.555641 9.581795 9.563787 9.043818 7.923083 6.061189 5.336398 6.039456 6.761046 7.001 7.019692 6.952757 6.653095 6.286901 5.878963 5.263652 5.074471 5.123561 5.28228 5.388646 5.502881 4.646877 3.050411 3.966424 5.226858 5.243475 5.234725
9.6237 9.217396 8.946845 8.851182 8.917926 8.864936 8.705489 8.446406 7.160646 7.831233 10.51986 11.0804 10.82825 10.00425 8.879015 7.917096 7.572104 7.473424 7.569795 7.858827 7.866329 7.069756 5.989028 5.332823 5.340527 5.531431 5.702184 5.947307 5.377213 4.253146 4.080243 4.948295 5.989917 7.025241 8.168508 9.173976 9.575297 9.414853 8.640345 8.100616 7.988549 7.174576 6.198318 5.917341 6.156221 6.282399 6.501768 6.625933 6.71703 6.650784 6.354914 5.805636 5.435319 5.207618 5.119653 5.091448 4.894694 3.945712 3.297787 4.671729 5.571146 5.644529 5.448981
10.33527 10.24433 9.864923 9.62182 9.432091 9.198355 8.550442 7.652383 6.264738 6.280531 9.000626 10.11655 10.7851 10.86633 10.5194 9.766381 9.512729 8.938914 8.459989 8.006525 7.994409 7.689973 6.86621 5.58148 5.304254 5.761015 5.675714 5.654524 4.832026 3.689034 3.456535 4.65866 5.912512 7.066786 8.331513 9.299897 9.583262 9.331393 8.530592 7.346379 7.079557 7.245393 7.037716 6.637449 6.2479 6.040504 6.005172 6.026324 6.117556 6.476684 6.57646 6.211447 5.826686 5.387976 5.180462 5.027378 4.241688 4.392465 4.171392 4.527592 5.519327 5.818126 5.681902
10.16703 10.57522 10.6825 10.23342 9.910024 9.360115 8.649962 7.366422 5.69644 5.193519 6.999777 8.438207 9.937604 10.50757 10.43674 10.05559 9.930184 10.22626 10.09582 9.534091 8.877755 8.658171 7.938255 6.764486 5.897158 6.060581 6.46996 6.359593 5.566342 3.690115 2.77465 3.747271 5.454062 7.100824 8.42205 9.210716 9.457097 9.204257 8.497611 7.528502 6.792356 6.648589 6.82939 6.989504 6.816477 6.41961 6.331707 5.871446 5.283346 5.708004 6.191578 6.164308 5.734034 5.080036 4.894352 5.064433 4.871286 4.745741 4.305817 3.983015 4.869057 5.806791 5.694391
9.955444 10.27361 10.74934 10.65039 10.2403 9.83089 9.358069 8.058857 6.11129 4.699702 5.378296 6.723858 8.424069 9.416191 9.756896 9.351941 9.008017 9.886704 10.18713 10.29901 9.761301 9.375215 8.742384 7.710083 6.852705 6.679628 7.041312 7.337761 6.710544 4.394582 2.778276 2.977929 4.834269 6.690758 8.098135 8.95778 9.360731 9.341969 8.527918 7.426722 6.97519 6.803977 6.566233 6.721951 6.659937 6.573154 6.548456 6.532801 5.480768 4.810129 5.253351 5.482316 5.019316 4.945593 5.282172 5.340867 5.228185 5.200428 4.612096 3.610157 3.993713 5.364538 5.696527
9.9593 10.29545 10.594 10.94129 10.49856 10.02794 10.01618 9.315557 7.415881 5.317428 4.766997 5.260448 6.995518 8.302453 9.026958 8.752696 7.685986 8.093947 9.601847 9.898042 9.667066 9.426653 8.707051 8.081477 7.585024 7.359589 7.213871 7.230373 7.243094 5.552724 3.141403 3.168305 4.902001 6.666197 7.711592 8.47185 9.020127 9.365902 8.762785 7.466337 6.765808 6.847404 6.788581 6.716776 6.561901 6.380179 6.322927 6.802303 6.683343 5.165068 4.329809 4.253635 4.376635 5.120814 5.720127 5.699576 5.732885 5.62815 5.269801 3.42433 3.380127 4.829608 5.399978
9.134091 9.80389 10.60772 10.71554 10.48555 9.946295 10.12035 9.772011 8.397895 6.997113 5.412609 4.626173 5.617085 7.172861 8.599806 8.953042 7.463994 6.72859 7.974759 8.8295 8.984493 9.166934 8.338271 8.011145 8.23091 7.990149 7.4258 6.98235 6.942524 5.945528 3.601382 2.910268 4.945774 6.40684 7.448693 7.933341 8.370263 8.841325 8.65726 7.635967 6.763127 6.53279 6.576579 6.652162 6.727213 6.406848 6.131372 6.295887 6.829215 6.314943 4.610988 2.460327 3.186983 5.230457 6.670433 6.626102 6.567274 6.506109 5.774695 3.615683 3.148923 4.250216 4.746076
7.866163 8.714773 9.589207 10.1346 10.36482 9.99883 10.0535 9.589842 8.433801 7.522693 6.405467 4.976774 4.687602 5.868608 7.850462 9.134401 8.237676 6.578029 6.54724 7.295934 7.899209 8.518255 7.888137 7.751262 8.640987 8.807782 8.141174 6.921024 6.265653 5.551636 3.517466 3.017291 4.458549 5.731496 6.779409 7.345404 7.654071 8.176639 8.367305 7.729059 6.901717 6.458842 6.425596 6.346891 6.411058 6.445343 6.211536 5.893437 6.154443 6.185696 4.407783 2.297382 2.585271 6.183965 7.234435 7.079496 7.088718 7.488329 6.724551 4.567524 3.221126 3.297568 3.919364
7.721166 8.21454 8.691898 9.00122 9.266626 9.956801 10.5101 9.788707 8.622925 7.607413 6.67123 5.396184 4.494822 4.762938 6.658705 8.681337 9.076828 7.515953 6.149111 6.207674 6.875071 7.685193 7.26394 7.059403 8.719161 9.313538 9.451275 8.193993 6.885574 5.642677 4.262888 3.406328 3.858583 4.327809 5.636074 6.55582 7.067599 7.68294 8.236889 8.23527 7.382899 6.672525 6.574948 6.272779 6.025389 5.96819 6.007022 5.867297 5.542861 5.449435 2.830602 2.309331 2.267062 6.152894 7.22362 7.255412 7.404199 7.831713 7.715325 6.107094 4.096491 3.363608 3.487472
8.099021 7.883075 8.179746 8.374331 8.217025 9.013506 10.821 10.96163 10.11045 9.052357 7.791807 6.547082 5.056046 4.065233 5.35221 7.611831 9.273077 8.839817 7.076664 6.045365 6.052916 6.830512 6.716973 6.455368 7.996118 9.295673 9.952317 9.809898 8.584078 7.058163 5.773301 4.427431 4.205916 3.818379 4.411177 5.417649 6.325435 7.291518 8.031225 8.369695 7.997385 7.473235 7.283254 7.157826 6.757226 5.929524 5.63796 5.543032 5.233894 4.594915 2.476676 2.077701 4.071262 5.933736 6.901077 7.176391 7.367363 7.738183 7.984807 7.601407 5.763646 4.20482 3.741588
8.002985 7.257519 7.555689 8.046242 7.784963 8.401312 10.35763 10.77821 10.86518 10.07158 8.75236 7.619034 6.352684 4.524647 4.450714 6.503043 8.715583 9.223602 8.409881 6.815257 5.939229 6.272559 6.249382 6.17488 7.341699 8.786207 9.808631 10.35731 9.322934 7.92005 6.899407 6.634845 6.02009 5.316114 4.333298 4.568476 5.421914 6.347346 7.406807 8.273833 8.273163 8.016644 7.694575 7.793388 7.534491 7.012035 6.361519 5.562912 4.637374 3.471663 3.640603 2.876046 4.544374 5.879895 6.552949 6.965536 7.160262 7.743117 8.097759 8.132945 7.066231 5.440404 4.884504
7.769425 6.52794 6.508526 7.277451 7.251338 7.992294 9.249451 10.2609 10.66533 10.26517 8.873003 7.666148 6.781165 5.582589 4.486191 5.447965 7.539867 8.645491 8.702158 7.860868 6.39689 6.082911 6.002188 5.996335 6.989399 8.133244 9.222792 9.398521 8.997716 7.815235 6.986658 7.207462 7.687687 7.306307 5.79889 4.551585 4.782617 5.508589 6.401997 7.499277 7.902123 7.817196 7.598449 7.673748 7.880833 7.516966 6.980787 6.415503 4.657013 3.486603 3.890925 3.501319 3.566623 5.210357 6.340723 6.577298 6.864876 7.603742 8.07093 8.416852 7.618813 6.542591 5.879732
8.185847 6.250373 5.635933 6.47275 6.810586 7.647823 8.671008 9.911705 10.68421 10.92713 10.23934 8.585236 6.979222 5.840279 4.841586 4.928025 6.295086 7.481054 8.098364 8.101349 7.160212 6.273458 5.959268 5.894405 6.808418 7.512473 8.243796 8.619041 8.402883 7.497878 6.579429 6.745952 7.490491 7.843871 7.196484 5.784569 5.054847 5.223163 5.771965 6.732605 7.442319 7.440569 7.303916 7.374544 7.534534 7.269622 6.908956 6.688006 5.363283 3.635817 3.992704 3.817321 3.210189 3.813929 5.63939 6.129695 6.383368 7.008113 7.589711 8.418411 8.231954 7.39783 6.834611
8.949959 6.833847 5.170588 5.565735 6.821939 7.639709 8.075938 8.819043 10.09591 10.935 10.96625 10.22542 8.694074 6.967182 5.424528 4.79542 5.45412 6.322062 7.20401 7.608541 7.330398 6.749087 6.150582 6.06811 7.004956 7.65991 7.928877 7.904955 7.783308 7.40134 6.805098 6.391548 6.674268 7.364397 7.433637 6.644055 5.72612 5.426925 5.664099 6.371453 7.060845 7.252674 7.131212 6.893871 6.988535 6.904966 6.664599 6.377975 5.676639 4.267898 3.982712 3.876027 3.537936 2.790083 4.543407 5.393559 5.837492 6.301994 7.117656 7.835924 8.28358 7.978535 7.549446
9.687025 7.890855 5.608609 5.072135 6.6861 7.739846 7.730057 7.93704 8.743684 9.52795 10.07136 10.42313 10.01247 8.660915 7.473465 6.03966 5.373469 5.822806 6.480849 6.874959 6.959554 6.837695 6.203214 6.199108 7.37993 8.190358 8.234929 7.481126 6.849122 6.953947 7.067978 6.900799 6.431723 6.593 6.973583 6.794146 6.236097 5.75003 5.724935 6.096048 6.842881 7.229855 7.26416 6.723789 6.605853 6.476122 6.431948 6.273692 5.793014 4.936057 4.209489 3.77336 3.641551 3.211046 3.470501 4.461817 5.11866 5.655267 6.357368 7.314466 8.13659 8.145944 7.881663
9.746086 8.673088 6.2666 5.152583 6.618561 7.684871 7.890741 7.876218 7.991477 7.957622 8.347482 9.180646 9.688885 8.975527 8.494431 7.967836 6.589346 5.969012 5.974808 6.331943 6.268329 6.424773 6.015853 6.158577 7.499954 8.564051 8.893614 7.814268 6.42725 6.086347 6.567106 7.021187 6.889387 6.524596 6.49529 6.59837 6.344152 5.922797 5.70021 5.881186 6.753957 7.250194 7.450068 7.187511 6.911032 6.60401 6.3746 6.689017 6.379898 5.690161 4.874613 4.268075 3.696553 3.583855 3.224354 3.344512 4.005777 4.695213 5.412513 6.417331 7.626749 8.221262 8.165509
9.140766 8.605068 7.040936 5.465728 6.434326 7.621697 8.049322 8.101772 8.132533 7.710618 7.11679 7.498007 8.6009 8.416173 8.140622 8.507227 7.921939 6.986198 6.320371 5.946081 5.703917 6.123275 5.740635 5.948328 7.439914 8.800532 8.943056 8.195579 6.720253 5.832414 6.010004 6.552496 7.067595 6.838109 6.66386 6.427098 6.258599 5.958361 5.602453 5.550811 6.48057 7.15415 7.36012 7.201348 7.090753 6.907521 6.422403 6.415301 6.564599 5.855466 5.504836 5.240874 4.061789 3.584193 3.552557 3.493889 3.289623 3.486947 4.023252 5.177459 6.589504 7.706292 8.123259
8.594591 8.025098 7.307177 5.911866 6.470454 7.446448 8.077132 8.036288 8.369096 8.662407 7.617438 6.684724 7.226793 7.49205 7.360976 8.105279 8.066905 7.695906 7.813935 6.702008 5.481627 5.497519 5.327535 5.52036 7.216835 8.49186 9.176947 8.430428 7.009441 6.05462 5.760933 6.094533 6.640269 6.971379 6.860038 6.66017 6.493055 6.181347 5.850382 5.501502 6.002223 6.636726 6.787029 6.788494 6.819286 6.798113 6.336201 6.352609 6.382958 5.776625 5.719661 5.84824 5.591781 4.500463 3.604377 3.702653 3.829953 3.521021 2.942752 3.53296 5.194733 6.723127 7.724987
