py_wake/examples/data/AJ_ParqueFicticio/Rough survey   Sector 9   Height 200m   Orographic turn.grd
DSAA
73  159
 258469   265669
 6501692   6517492
-16.70535   11.8235
[rows 108 to 134 of 159, columns 0 to 60 of 73]
1.172009 .6259812 .3791836 .4452949 .5666935 .6006932 .4350441 -.02746416 -.4613396 -.6116703 -.6219717 -.7620662 -1.207049 -1.891971 -2.705861 -3.507302 -3.978586 -3.838613 -3.410975 -3.096428 -3.169168 -3.554063 -3.784833 -3.343912 -2.302454 -1.38676 -.9489267 -.9296039 -1.379757 -2.053104 -2.93058 -3.660561 -3.957932 -3.959763 -3.651682 -3.266788 -2.515213 -1.456632 -.7080972 -.4258796 -.6735554 -1.421096 -2.798115 -4.618518 -6.342253 -7.520413 -8.41951 -8.988034 -8.63791 -7.333554 -5.954731 -5.247709 -5.540648 -6.509536 -7.593353 -8.462838 -9.330721 -10.3361 -11.47852 -12.77028 -14.52908
.2942153 -.1784421 -.4981346 -.4669855 -.3386036 -.1778221 -.03806917 -.1949723 -.4389146 -.5640022 -.5106074 -.4790997 -.7727945 -1.399739 -2.201616 -3.011355 -3.538414 -3.59571 -3.337346 -3.108137 -3.191279 -3.601065 -3.92626 -3.580035 -2.558566 -1.679956 -1.254615 -1.247557 -1.56572 -2.114366 -2.834365 -3.356684 -3.719771 -3.650887 -3.575347 -3.40704 -2.896381 -2.000986 -1.184565 -.9712729 -1.373354 -2.235766 -3.682143 -5.466611 -7.181878 -8.430753 -9.273667 -9.74804 -9.325738 -8.038157 -6.530168 -5.599604 -5.555776 -6.225007 -7.072085 -7.761614 -8.484489 -9.397824 -10.58753 -12.13142 -13.96215
-.5677947 -.9065859 -1.099536 -1.059987 -.8486422 -.5808025 -.3218752 -.2178456 -.331039 -.3765564 -.2880108 -.1958002 -.3419922 -.9443212 -1.772235 -2.535595 -3.072876 -3.228196 -3.163891 -3.160792 -3.344845 -3.70766 -4.02619 -3.833281 -2.855207 -2.033304 -1.623474 -1.552665 -1.765554 -2.036924 -2.42169 -2.811534 -3.024419 -3.205753 -3.325317 -3.506525 -3.310913 -2.569904 -1.768883 -1.531816 -1.948229 -2.828157 -4.145216 -5.853405 -7.597711 -8.879128 -9.68661 -10.04726 -9.605047 -8.260007 -6.701287 -5.681251 -5.436498 -5.791498 -6.425505 -7.03684 -7.661446 -8.471972 -9.698416 -11.27868 -13.22593
-1.325569 -1.320557 -1.366201 -1.276244 -1.025799 -.7317505 -.4318376 -.2876744 -.2722979 -.2568229 -.1489848 -.03452993 -.1813342 -.7356024 -1.518856 -2.225638 -2.663215 -2.850232 -3.081881 -3.391851 -3.672435 -4.036064 -4.396087 -4.185752 -3.313749 -2.418223 -2.017309 -1.952129 -1.937162 -2.021783 -2.185708 -2.397696 -2.58931 -2.88794 -3.234566 -3.662484 -3.70845 -3.221084 -2.432793 -2.104579 -2.353493 -3.12104 -4.325716 -5.938176 -7.591679 -8.818754 -9.65591 -10.01994 -9.576866 -8.338914 -6.59504 -5.480676 -5.055316 -5.301476 -5.822619 -6.333984 -6.887549 -7.60939 -8.677444 -10.36321 -12.41212
-1.847707 -1.58653 -1.48009 -1.40551 -1.208786 -.9758242 -.7142715 -.5327317 -.4624162 -.3799711 -.2545673 -.175347 -.3369248 -.8919812 -1.534894 -2.119232 -2.415907 -2.578582 -3.019318 -3.598877 -4.162245 -4.549776 -4.945485 -4.737779 -3.732849 -2.769012 -2.343653 -2.216262 -2.206965 -2.257952 -2.37956 -2.496786 -2.727336 -3.115288 -3.516033 -3.910717 -4.099936 -3.773469 -3.143064 -2.747522 -2.780381 -3.288928 -4.37016 -5.88766 -7.374699 -8.60505 -9.408105 -9.709908 -9.359577 -8.083042 -6.470923 -5.195677 -4.669542 -4.777815 -5.322892 -5.837812 -6.35662 -6.974528 -7.912369 -9.520909 -11.6265
-2.151382 -1.864893 -1.725515 -1.657642 -1.480899 -1.284779 -1.113559 -.9367262 -.8140143 -.6730498 -.5119143 -.4605129 -.6265324 -1.122706 -1.714697 -2.128939 -2.269629 -2.386685 -2.873683 -3.671287 -4.52996 -5.161272 -5.589599 -5.383988 -4.303514 -3.078207 -2.548047 -2.430124 -2.502746 -2.654063 -2.873424 -3.022516 -3.184872 -3.582065 -3.896854 -4.211318 -4.409984 -4.314282 -3.93014 -3.477789 -3.352686 -3.589722 -4.472141 -5.825849 -7.194579 -8.342408 -9.044641 -9.349523 -9.028112 -7.848827 -6.323259 -5.064407 -4.41725 -4.494937 -4.924119 -5.489558 -6.010811 -6.591023 -7.423699 -8.707927 -10.56077
-2.200993 -2.015697 -1.920257 -1.851412 -1.740805 -1.55369 -1.36412 -1.264941 -1.151873 -.9730724 -.8293245 -.7913574 -.9622009 -1.431439 -1.954212 -2.300911 -2.334301 -2.457815 -2.961238 -3.768449 -4.718153 -5.655792 -6.173174 -5.941892 -4.800837 -3.471368 -2.739047 -2.671653 -2.816847 -3.095645 -3.466921 -3.687114 -3.73366 -3.874488 -4.066179 -4.305493 -4.577637 -4.733865 -4.644399 -4.415158 -4.145329 -4.120202 -4.741673 -5.887129 -7.057153 -8.079762 -8.694397 -8.992287 -8.736991 -7.756194 -6.44135 -5.252453 -4.573896 -4.477135 -4.799825 -5.285602 -5.837458 -6.383567 -7.129785 -8.156269 -9.469398
-1.787125 -1.762087 -1.770901 -1.744412 -1.643817 -1.478653 -1.392758 -1.322604 -1.275585 -1.225419 -1.158607 -1.14074 -1.359476 -1.880895 -2.385168 -2.733212 -2.800856 -2.900177 -3.327242 -4.123209 -4.971578 -5.871086 -6.491045 -6.390854 -5.238226 -3.863074 -2.982894 -2.904364 -3.122923 -3.471114 -3.94223 -4.22621 -4.130025 -4.135448 -4.104802 -4.11146 -4.405364 -4.812908 -5.113324 -5.188807 -4.945301 -4.819728 -5.181338 -6.029987 -6.991848 -7.790556 -8.32729 -8.623919 -8.485168 -7.789217 -6.727079 -5.669797 -4.988455 -4.761168 -4.900364 -5.254622 -5.679577 -6.307534 -6.923158 -7.781183 -8.706036
-.9133106 -1.047289 -1.089464 -1.120617 -1.120581 -1.053959 -1.08546 -1.151009 -1.24982 -1.355697 -1.438888 -1.59451 -1.912162 -2.460624 -2.959387 -3.300766 -3.380008 -3.507559 -3.939963 -4.580081 -5.280118 -5.903441 -6.393509 -6.433577 -5.597633 -4.317308 -3.453804 -3.221031 -3.487845 -3.893109 -4.327918 -4.617315 -4.584256 -4.287029 -4.067223 -3.876397 -3.917695 -4.358198 -4.94945 -5.33897 -5.356238 -5.189852 -5.357644 -5.909658 -6.590503 -7.246183 -7.749134 -8.082757 -8.105875 -7.703648 -6.84822 -5.972722 -5.372965 -5.111352 -5.036475 -5.237185 -5.595355 -6.13546 -6.73958 -7.412532 -8.027919
.1815514 .04664324 -.04791129 -.1814274 -.288816 -.4456796 -.5920967 -.8483967 -1.112581 -1.372295 -1.666014 -1.970365 -2.409006 -2.948885 -3.316458 -3.503466 -3.562704 -3.731442 -4.105762 -4.688006 -5.271667 -5.718927 -5.939719 -5.988956 -5.578417 -4.792463 -4.089972 -3.872228 -4.1086 -4.40548 -4.82622 -5.093858 -4.908216 -4.437159 -4.015604 -3.466712 -3.090708 -3.286501 -3.960554 -4.709821 -4.955717 -4.850972 -4.795835 -5.087945 -5.670236 -6.226401 -6.70212 -7.131781 -7.336835 -7.167005 -6.677171 -6.0163 -5.508843 -5.242064 -5.171638 -5.222589 -5.459097 -5.879274 -6.439132 -7.019404 -7.345013
1.368271 1.214135 1.01957 .7756029 .4985519 .1701971 -.1513022 -.4719725 -.8077817 -1.164948 -1.545432 -2.022193 -2.561861 -3.0152 -3.141035 -3.051388 -3.060119 -3.162276 -3.544505 -4.020275 -4.621656 -5.074602 -5.13932 -5.095056 -5.039686 -5.003903 -4.800135 -4.745344 -4.785016 -4.888508 -5.222358 -5.411569 -4.941971 -4.297029 -3.58696 -2.559312 -1.787246 -1.781577 -2.46505 -3.37056 -3.906366 -3.878766 -3.640153 -3.651946 -4.079415 -4.557988 -5.116504 -5.639246 -6.0872 -6.271424 -6.148867 -5.752319 -5.446129 -5.223383 -5.171475 -5.17525 -5.345142 -5.603111 -6.017697 -6.340837 -6.312353
2.215072 1.978442 1.659827 1.302731 .9289025 .470965 .04612071 -.3040571 -.616775 -.8994772 -1.182809 -1.592458 -2.061854 -2.389507 -2.374549 -2.123486 -1.945877 -1.993347 -2.235068 -2.668451 -3.280882 -3.887561 -4.182741 -4.209774 -4.293032 -4.709379 -5.203798 -5.41434 -5.352694 -5.288515 -5.452101 -5.324239 -4.612246 -3.749537 -2.782676 -1.585702 -.6105984 -.3864037 -.9556656 -1.994705 -2.746071 -2.847175 -2.512978 -2.254137 -2.508881 -2.923162 -3.381568 -3.969097 -4.582116 -5.087512 -5.407755 -5.350573 -5.209343 -5.134534 -5.08766 -5.068248 -5.143706 -5.285104 -5.489997 -5.51072 -5.187493
2.35803 2.046173 1.709685 1.353775 .9223624 .4341963 -.02484174 -.4234771 -.6779044 -.7074066 -.7065918 -.9802256 -1.384407 -1.566122 -1.492895 -1.152977 -.8130065 -.6916892 -.9079655 -1.33274 -1.998305 -2.810886 -3.360617 -3.432397 -3.650228 -4.163713 -4.850747 -5.469457 -5.560898 -5.408697 -5.39034 -4.992598 -4.101382 -3.100186 -1.933555 -.6798067 .1486867 .4642773 .03383676 -.9338452 -1.860173 -2.226425 -1.918133 -1.421575 -1.385697 -1.631461 -2.117753 -2.65918 -3.311994 -4.043466 -4.58424 -4.812923 -4.90967 -4.860047 -4.828018 -4.79011 -4.777253 -4.783104 -4.686121 -4.430969 -4.02795
1.873013 1.650149 1.407291 1.085286 .7070199 .2051049 -.2376337 -.7273839 -.9455518 -.688704 -.3626065 -.4502753 -.6779979 -.8521478 -.6965116 -.3241435 .08289559 .3056263 .1847455 -.2307665 -.9169205 -1.859139 -2.586839 -2.868423 -3.016824 -3.478455 -4.075858 -4.760231 -5.30794 -5.409206 -5.289353 -4.73032 -3.684472 -2.626109 -1.356489 -.2315876 .5146957 .7377968 .4949507 -.2736003 -1.207952 -1.723794 -1.58711 -1.041739 -.7848411 -1.008006 -1.40329 -1.978011 -2.637188 -3.281931 -3.899333 -4.318517 -4.43459 -4.430659 -4.354854 -4.186275 -4.061185 -3.954213 -3.75549 -3.465249 -3.39432
1.513115 1.346421 1.09983 .8203276 .4342857 -.02339495 -.487791 -1.047448 -1.261555 -.9777216 -.4230264 -.1454321 -.2370116 -.3774636 -.1851125 .2211055 .7293993 1.037351 1.002435 .7073076 .06803516 -.9071684 -1.811853 -2.290637 -2.523538 -2.839082 -3.375572 -3.996213 -4.756086 -5.321536 -5.354836 -4.716305 -3.641191 -2.409161 -1.198306 -.1131188 .6324412 .8451027 .7554219 .2067346 -.5076166 -1.061495 -1.127611 -.7119281 -.5019339 -.7031447 -1.107636 -1.69193 -2.254676 -2.816619 -3.356415 -3.814447 -3.961983 -3.872714 -3.601576 -3.297156 -3.109752 -3.147103 -3.17572 -3.253546 -3.580238
1.296234 1.146092 .8989541 .5997624 .2706812 -.1239593 -.6117781 -1.066959 -1.461533 -1.314953 -.7237577 -.2713548 -.1197006 -.06299883 .05830536 .3295305 .8060412 1.250202 1.410478 1.201639 .6761469 -.2521501 -1.30698 -2.044466 -2.370466 -2.554859 -2.798207 -3.378939 -4.333076 -5.255193 -5.621312 -5.070686 -3.873767 -2.508221 -1.160716 .02354542 .8444045 1.175714 1.137485 .7101703 .1842981 -.248312 -.4556347 -.3630554 -.3019977 -.5298517 -.9553972 -1.518955 -2.038489 -2.481538 -2.963884 -3.279911 -3.446604 -3.253473 -2.733648 -2.283839 -2.229626 -2.428709 -3.086762 -3.75484 -4.188235
1.147403 1.010136 .7712249 .5458938 .2733908 .01192007 -.3599036 -.8772504 -1.43527 -1.484133 -.9995807 -.5171844 -.1792669 -.02411839 .05712304 .1333146 .4152547 .7165183 .8335051 .7077035 .2595113 -.4790627 -1.322229 -2.177467 -2.545141 -2.469684 -2.577055 -2.989057 -4.002573 -5.284642 -6.012778 -5.487802 -4.160784 -2.583796 -1.002325 .2810894 1.189411 1.691936 1.695438 1.256096 .8122528 .4336948 .1384462 -.02291421 -.1260269 -.3712596 -.6964419 -1.222061 -1.796867 -2.246656 -2.575201 -2.803682 -2.758392 -2.420039 -1.904602 -1.477959 -1.570801 -2.270162 -3.430671 -4.319624 -4.682839
1.021145 .9520179 .829464 .6640686 .4787563 .3270921 .1035622 -.3894294 -1.128715 -1.516644 -1.209606 -.707829 -.2354171 .002547804 .03250403 -.0967937 -.1037069 -.01357955 -.02899205 -.2435884 -.6636452 -1.182544 -1.749759 -2.320517 -2.715593 -2.609453 -2.617172 -2.975746 -3.965811 -5.415758 -6.377053 -5.881423 -4.244173 -2.43603 -.7340056 .6346778 1.641595 2.203586 2.183883 1.737162 1.25511 .918296 .6472552 .3958317 .1485638 -.1701186 -.4768076 -.8800325 -1.409624 -1.848324 -2.11899 -2.121709 -1.857561 -1.288235 -.8633935 -.6880408 -1.071659 -2.159293 -3.570092 -4.676291 -5.059548
.941978 .9506527 .9026154 .8584483 .7855983 .7085297 .6424785 .1397184 -.7088664 -1.336363 -1.28797 -.8401721 -.3075374 .203865 .4075251 .2433643 -.1049161 -.3585152 -.5404564 -.7995094 -1.169516 -1.505887 -1.852187 -2.214923 -2.497642 -2.619163 -2.610985 -2.988146 -3.850055 -5.270248 -6.351521 -5.913259 -4.198919 -2.210946 -.4553309 .9338896 1.98874 2.655549 2.691745 2.266773 1.775383 1.427679 1.186085 .9358425 .5767742 .2270321 -.04810242 -.3535967 -.9349257 -1.395877 -1.572138 -1.375371 -.7954816 -.1700856 .1134476 -.05962826 -.7973546 -2.069026 -3.545456 -4.860962 -5.338554
.8176371 .9061998 .9704059 .9815633 .9955239 1.032816 1.052074 .6681581 -.1130023 -.8797072 -1.151712 -.957266 -.3919967 .3770029 .8319569 .7192886 .2359824 -.2093986 -.4210228 -.6409349 -.83667 -1.068324 -1.395689 -1.68572 -1.806676 -1.878188 -2.050098 -2.405269 -3.199383 -4.535492 -5.701371 -5.444675 -3.874045 -1.98649 -.3123192 1.139975 2.264015 3.084639 3.298009 3.006905 2.498785 2.087589 1.78859 1.501534 1.099305 .6929714 .2979916 -.008268757 -.4999125 -1.126737 -1.608158 -1.415398 -.7812101 -.1111128 .112927 -.2480958 -1.094809 -2.099573 -3.336341 -4.74475 -5.366716
.723444 .814169 .8901463 .9800915 1.140983 1.314746 1.557504 1.391876 .7276756 -.08592851 -.7473131 -.903933 -.5475394 .2377658 .9217236 1.117391 .755237 .2928979 .09267923 -.007570929 -.06751626 -.2593302 -.5234051 -.7245207 -.657836 -.5560434 -.6956348 -1.09589 -1.866929 -3.140419 -4.484124 -4.608129 -3.310819 -1.616928 -.02550522 1.443667 2.690902 3.663597 4.093961 3.866513 3.315329 2.772683 2.350906 1.984149 1.512366 1.011789 .4514885 -.008354696 -.5642344 -1.324275 -2.201624 -2.465401 -1.85795 -1.119367 -.8787923 -1.239718 -1.739383 -2.205257 -2.962593 -4.251051 -5.077343
.457712 .5088539 .6177566 .8137105 1.217534 1.745095 2.19541 2.18618 1.626119 .8429046 .02794994 -.6449502 -.6688773 -.1695823 .6568464 1.300472 1.272859 .9289618 .6709024 .614541 .5605116 .4524321 .3210169 .2478794 .4541404 .771234 .7514942 .3645872 -.4856992 -1.728836 -3.09113 -3.399833 -2.485672 -1.027375 .4214921 1.812209 3.061403 4.091441 4.61029 4.427536 3.847577 3.210079 2.74485 2.310087 1.779636 1.153728 .4728247 -.2553028 -.9064784 -1.815593 -2.894243 -3.581915 -3.258536 -2.475521 -2.012786 -2.082069 -2.1414 -2.092955 -2.499427 -3.578988 -4.511564
-.02747132 -.0006348583 .1912268 .6196662 1.188982 1.941206 2.621756 2.786146 2.368577 1.584218 .6455926 -.2639031 -.8300009 -.6605037 .1752277 1.139229 1.638203 1.423685 1.098063 .9413533 .9430504 .8698183 .6947474 .7304352 1.162785 1.681299 1.871299 1.418983 .4112139 -.8483309 -1.948688 -2.285353 -1.58981 -.5197355 .7474821 1.966649 3.029467 3.909435 4.372395 4.382073 3.870245 3.22667 2.824339 2.401214 1.862965 1.131103 .3716337 -.457356 -1.340085 -2.301652 -3.518815 -4.474981 -4.336638 -3.483108 -2.722234 -2.420695 -2.203186 -1.952452 -2.093215 -2.964657 -4.048293
-.5679144 -.5756911 -.2635229 .2827137 .9467526 1.775295 2.62441 3.006378 2.726333 1.999496 1.049574 -.01513478 -.8767896 -1.078235 -.3798879 .720181 1.584147 1.770106 1.396932 1.115033 .9518591 .9169251 .8553162 .8808658 1.444913 2.113887 2.368716 1.873563 .8038821 -.442998 -1.403031 -1.591509 -1.099022 -.220821 .6573614 1.579751 2.426478 3.094864 3.646573 3.80866 3.536819 3.081393 2.648033 2.254602 1.710325 .9773098 .2417524 -.6251832 -1.641177 -2.858908 -4.130175 -5.13961 -5.079256 -4.168076 -3.235341 -2.670445 -2.334524 -2.007675 -2.005445 -2.489157 -3.389645
-.8583239 -.9337719 -.7010293 -.1290931 .5794238 1.474575 2.446068 2.930989 2.853747 2.354128 1.444822 .3973317 -.5233608 -1.078967 -.7835225 .2563064 1.327229 1.818665 1.723835 1.273727 .938343 .8780258 .8132902 .9500013 1.500417 2.228122 2.492146 2.053341 .9794881 -.1748916 -1.002603 -1.149031 -.8205172 -.2936629 .2041088 .8242335 1.497028 2.17831 2.82334 3.223859 3.16654 2.854255 2.435601 2.04249 1.555889 .9503838 .3006112 -.6335641 -1.892412 -3.236562 -4.509144 -5.472416 -5.453861 -4.60971 -3.636358 -3.023448 -2.563919 -2.0857 -1.894933 -2.004436 -2.68636
-.9133808 -1.153804 -1.04183 -.4644401 .2748383 1.179784 2.136507 2.738645 2.888119 2.653652 1.947495 1.025502 .1203087 -.5500899 -.6562824 .05680415 1.124137 1.853554 1.994498 1.648438 1.125858 .8847941 .8174422 1.009448 1.649175 2.333646 2.576424 2.260559 1.348315 .2271988 -.6250634 -.8004869 -.5054778 -.1315096 .08721555 .2737696 .7934856 1.598569 2.3363 2.853894 2.991728 2.815825 2.388588 2.017918 1.613098 1.230642 .597523 -.3071602 -1.723073 -3.253978 -4.449442 -5.384372 -5.591264 -4.883833 -3.954518 -3.358178 -2.887941 -2.340224 -1.942412 -1.808318 -2.202999
-.803677 -1.273487 -1.352286 -.8318195 -.1005776 .799085 1.625515 2.314918 2.693141 2.75072 2.419194 1.709396 .8896746 .1721048 -.1438347 .261113 1.172659 1.853852 2.136698 1.993312 1.512247 1.104579 .9328231 1.129853 1.841874 2.504809 2.838022 2.511772 1.871339 .877103 .1071132 -.1398037 .07434201 .3167413 .4467271 .4342235 .6850531 1.235355 1.992667 2.712035 3.021414 2.968627 2.636731 2.303124 2.033707 1.61699 1.087706 .2923079 -1.098803 -2.812146 -4.007182 -4.860352 -5.368043 -5.049623 -4.227248 -3.650701 -3.291537 -2.747061 -2.212389 -1.767335 -1.85419
