py_wake/examples/data/AJ_ParqueFicticio/Rough survey   Sector 1   Height 30m   Orographic speed.grd
DSAA
73  159
 258469   265669
 6501692   6517492
 .01442822   2.196222
[rows 84 to 111 of 159, columns 0 to 62 of 73]
.8590305 .840091 .8294721 .8220142 .8142614 .8006169 .7903835 .7777256 .7656347 .765359 .765238 .7562184 .7358701 .7302127 .7185282 .7258008 .7055024 .6996638 .7221677 .7393662 .7628713 .7849748 .8052601 .8223523 .8572561 .8831903 .8918282 .8792081 .8842401 .8726905 .8971265 .9274591 .9361182 .9335449 .8866375 .8982978 .8585553 .8492126 .8812338 .8711036 .8669791 .8318265 .82784 .8172249 .7947973 .7920212 .8224086 .8366009 .8752538 .9582671 1.025996 1.011479 .9936647 .9723963 .9317749 .9085261 .8997481 .902334 .9114028 .9182423 .9274522 .9167846 .9084897
.8383613 .8297493 .8214749 .8116555 .7990848 .7935069 .7839301 .770496 .7656169 .7608189 .7493875 .7339191 .7128567 .7018812 .7182103 .7244681 .7027798 .6864034 .6894002 .6944959 .7100238 .7325292 .7637712 .8097051 .8689693 .899984 .892593 .8650734 .8443429 .8230672 .8355712 .8733631 .8559414 .8665593 .8263235 .8502896 .8475227 .857646 .8813459 .9051523 .8980345 .8727572 .8447105 .8434094 .8140717 .8166188 .8220027 .8092392 .7990739 .8345288 .8891673 .96535 .9845591 .9860891 .982899 .976575 .9905295 .9881269 .9761063 .9608458 .9391067 .8925289 .883178
.8009558 .8082682 .8100341 .7980912 .7921116 .7882937 .7736224 .7683344 .7702101 .7554597 .7399717 .7376161 .7340909 .7169063 .7164152 .7155873 .7182339 .7097728 .6800857 .6570304 .6521164 .6642616 .6767982 .7184698 .7617928 .7940289 .7875123 .7652947 .7327153 .7359711 .7507786 .7702937 .7987922 .8238619 .8132151 .8315526 .8347357 .8341913 .8788894 .8988293 .8915657 .8903433 .8910373 .9110025 .9182374 .9280117 .9154735 .8878665 .8779039 .8832193 .8709829 .9031397 .9796748 .9908063 1.009652 1.023304 1.060692 1.061235 1.041588 1.001768 .9561629 .8854133 .8802388
.7897635 .7929406 .7955384 .7820852 .7769175 .7729173 .7635143 .7721531 .7694955 .7543937 .7485818 .7372416 .7277845 .7038608 .6896938 .6971638 .708282 .696322 .6846043 .6638261 .6290666 .6046802 .589696 .5927646 .6291516 .6645404 .6491875 .6644886 .6597869 .6861631 .7395585 .7818651 .8116843 .850236 .8753428 .8783477 .8539273 .8673756 .8581884 .8718319 .8740417 .890532 .9213237 .9698282 .9785929 .9783467 .9734272 .9736131 .9546911 .9184645 .88126 .8920963 .972715 1.028069 1.026025 1.050604 1.076675 1.074234 1.049394 1.024037 .9813833 .948696 .9453024
.7884333 .7811689 .7722291 .7684827 .7598697 .7471296 .7429031 .7497494 .7425535 .743731 .7417825 .7237774 .7154969 .7110555 .6860572 .6669878 .675048 .6705207 .6717257 .65179 .6270581 .596483 .5611566 .5299826 .5418139 .6008418 .6292645 .6736063 .7277297 .7986504 .8144717 .8566537 .846365 .8723916 .8949878 .9031402 .9173723 .9010773 .8789107 .874157 .8827075 .914216 .9358284 .9532782 .9418105 .9235669 .9167934 .9007478 .9153513 .8762638 .832795 .8224013 .9004824 .9583907 1.045609 1.035403 1.030837 1.039132 1.027227 1.000024 .9853576 .9738488 1.008487
.7837747 .7729175 .7677509 .7657714 .7515885 .7448179 .725566 .7066887 .6998254 .7186155 .7184195 .7262843 .7143039 .7031167 .6800308 .6390371 .6302303 .6378534 .6354996 .6438479 .6397923 .6268304 .6079505 .6030731 .6145785 .650314 .7120366 .8055277 .8911454 .9264703 .9286222 .9020283 .8751504 .8641323 .8794061 .8690002 .8934609 .9255596 .923255 .91356 .9218587 .9241704 .9251611 .894146 .852473 .8130406 .782089 .7566115 .7698233 .7471133 .7088203 .6864358 .6646696 .7326669 .849041 .9395943 .937147 .9317735 .9307625 .9313857 .9518405 .9708548 1.020812
.8059379 .788479 .772074 .7547545 .7515432 .7395462 .7144361 .7094127 .6843758 .6820403 .6860465 .7062479 .6982329 .6924661 .6843278 .6528177 .6121701 .5878484 .5981717 .6212004 .6582445 .6752604 .6965377 .7375239 .7867598 .8214144 .8753859 .9395764 .999197 1.003932 .9772813 .9339483 .9073367 .8786271 .8574973 .8583491 .912047 .94166 .9587922 .9681619 .9540477 .9417636 .921918 .8772839 .870638 .8696285 .8998234 .8701975 .8483269 .7902451 .7787228 .6987746 .6814378 .6629809 .6584808 .7315115 .7514483 .6980345 .7365564 .7860568 .8943107 .9651379 1.021727
.8115996 .7924954 .7802585 .7687596 .7525316 .7309901 .7265124 .7094004 .6876997 .6774136 .6738735 .679666 .6949005 .6908429 .6873471 .6639459 .6247185 .5792228 .5655111 .5943133 .6768427 .7403107 .7850554 .8520755 .9211959 .9648663 1.002614 1.020566 1.03739 1.039949 1.017493 .9969136 .970174 .9646099 .9269732 .9498591 .9258156 .9503676 .9791892 1.004284 .9997208 .9601921 .9453452 .9526387 1.030064 1.073435 1.061772 1.046093 .9851853 .9530368 .999163 .9851327 .9332643 .815603 .6891776 .5725397 .5887648 .6245697 .6753619 .7567977 .8805047 .9706008 1.034866
.8212931 .8005517 .7819526 .7644863 .7471393 .7455677 .732618 .7229264 .7118236 .6851238 .6735767 .6800984 .6807989 .6958471 .7008162 .6857888 .6539728 .6220485 .5993034 .6039707 .6949291 .8112629 .8932311 .9397618 1.004857 1.039981 1.079502 1.087641 1.065297 1.089062 1.079881 1.074551 1.036786 .9804479 .91814 .9593574 .9803355 .9962325 1.000557 1.007044 1.011777 1.005629 1.023671 1.093089 1.145556 1.144284 1.085161 1.064915 1.055407 1.100813 1.150549 1.135682 1.143678 1.071109 .9275596 .7935053 .7650331 .7972404 .8678563 .8605236 .9277827 .9906981 1.061768
.8230383 .8007391 .7800437 .7687378 .762953 .749267 .7447123 .7308768 .7201629 .709447 .6866932 .6679209 .6762919 .6796524 .7035182 .7254544 .7232677 .7053337 .6970555 .7041401 .751218 .8695447 .9474454 1.006526 1.05963 1.083295 1.138462 1.173699 1.153818 1.130973 1.08938 1.047901 1.017757 .9842249 .9781879 .9815581 .9786461 .978996 .9934369 1.031326 1.081631 1.136356 1.193335 1.223231 1.19699 1.13982 1.104895 1.079606 1.12038 1.153948 1.167837 1.183703 1.203501 1.18277 1.196755 1.150383 1.148847 1.106052 1.045297 .985058 .9671807 1.009606 1.085465
.823241 .8084734 .7875885 .7680821 .7524509 .754338 .7476932 .7354684 .7210497 .7166086 .7010403 .6700029 .6558605 .6643015 .6889507 .7319503 .787043 .8176399 .8383187 .8486671 .8687223 .9080139 .9903442 1.049503 1.115419 1.156407 1.195235 1.243689 1.178079 1.135369 1.058399 .9973531 .9758349 .9756407 .9812503 1.021364 1.029971 1.050977 1.072625 1.127639 1.178694 1.233543 1.252162 1.230318 1.164721 1.13183 1.084624 1.0911 1.128647 1.148411 1.131553 1.124845 1.167048 1.184075 1.215108 1.209521 1.19583 1.153688 1.083625 1.034 .9889569 1.016091 1.096265
.8038457 .8032908 .7828328 .771199 .7521268 .7389741 .7491292 .7564111 .7462576 .7315378 .7205781 .7000894 .6712114 .6450761 .6619343 .7064213 .7988265 .8922334 .9326649 .9497961 .9722272 1.004181 1.047909 1.097279 1.186908 1.253901 1.285514 1.243309 1.188722 1.100829 .9976287 .9493955 .9286745 .9674632 1.007766 1.046264 1.028332 1.064667 1.161052 1.164717 1.194677 1.20576 1.214898 1.186748 1.148246 1.131278 1.115348 1.162626 1.141369 1.131503 1.094164 1.085078 1.11215 1.133006 1.164459 1.171536 1.197956 1.187943 1.155581 1.144906 1.084629 1.031719 1.070417
.7938826 .7876568 .7965252 .7887362 .7785924 .7515138 .7439973 .756593 .7623436 .750306 .7400697 .7323598 .7120023 .6760067 .6578681 .6996526 .8020285 .8936534 .9509774 1.024999 1.082183 1.112944 1.142999 1.168773 1.234295 1.243207 1.1967 1.046461 .9173527 .8537889 .8253337 .8462505 .9382476 1.039085 1.0948 1.125088 1.140486 1.203846 1.246845 1.237873 1.218885 1.167747 1.133553 1.1122 1.111827 1.13948 1.170728 1.167915 1.121761 1.103041 1.057667 1.014844 .9407319 .9206399 1.043665 1.100285 1.143674 1.172566 1.220472 1.223319 1.188355 1.094514 1.042416
.786384 .7839142 .7834393 .7940704 .8062562 .7935748 .7548555 .7488092 .7727122 .7717527 .7632255 .7675809 .7645935 .7472233 .7274761 .7399827 .7897132 .8612954 .9467545 1.045713 1.118191 1.156002 1.190413 1.227407 1.215116 1.108245 .9261581 .7537951 .6387866 .6471019 .7506145 .8735337 .9807969 1.067987 1.15162 1.194854 1.270941 1.292747 1.243595 1.199969 1.138544 1.104937 1.070993 1.050411 1.045113 1.052285 1.034412 1.058546 1.032368 1.009704 .9786688 .8583903 .7619313 .6200511 .663676 .7178423 .8324476 .8881959 .9791157 1.118867 1.157358 1.115361 1.036346
.8029364 .7876256 .7761118 .7756943 .7876266 .8099813 .7912332 .7526782 .7682379 .7804634 .7901999 .8029031 .8322077 .8564435 .8657779 .8632619 .8586107 .912983 .9897513 1.070764 1.136197 1.16219 1.219259 1.229362 1.114914 .9775901 .8076631 .6949947 .7082598 .8475245 .989422 1.064497 1.104433 1.112218 1.154408 1.162737 1.219402 1.252309 1.207837 1.156096 1.089547 1.041292 1.014612 1.002509 .9872864 .9394158 .8675752 .8381057 .8003749 .7685583 .7420022 .6850414 .6368064 .6624166 .6675113 .645444 .6559724 .726835 .7685601 .8655927 .9208832 .9866257 .9908723
.8262838 .7901964 .7863654 .7793205 .7774931 .8206722 .833357 .791196 .7874165 .8050857 .8192732 .8521671 .902024 .9788602 1.033519 1.03029 1.013611 1.046516 1.098582 1.153231 1.18344 1.236034 1.252381 1.204106 1.012193 .8692455 .7869355 .8928718 1.047841 1.146426 1.182776 1.172873 1.159765 1.104545 1.106604 1.107772 1.057841 1.06087 1.083583 1.080455 1.012128 .963406 .9145575 .8805909 .8697134 .8829027 .8102522 .7470582 .6515719 .5789816 .5739726 .6201544 .7287697 .8641036 .9028623 .931033 .9184084 .8903951 .833815 .8712565 .9606127 1.071647 1.097095
.871161 .8497635 .8333634 .8213387 .7981738 .8317941 .8749997 .8740333 .8433672 .8677529 .8842313 .9277937 .972822 1.032644 1.113405 1.174766 1.208736 1.218645 1.210203 1.238271 1.259402 1.290439 1.234848 1.068452 .8980194 .8217893 .9090863 1.080989 1.216544 1.260852 1.235414 1.17837 1.143259 1.095668 1.074276 1.025245 .9491637 .8890823 .8730195 .9131933 .9119959 .824132 .7836346 .7572954 .739475 .7783027 .7858492 .7501414 .6604549 .6489818 .7091837 .7777458 .8765849 .9668995 1.030114 1.082002 1.121058 1.160216 1.188264 1.21944 1.292906 1.259117 1.162465
.9052243 .9318354 .913766 .8868259 .862404 .8572759 .9277264 .9768423 .9496493 .9643842 .9813094 1.006662 1.073268 1.119908 1.192288 1.285336 1.355049 1.366031 1.336668 1.333002 1.309953 1.248743 1.112883 .9562244 .8889207 .9932995 1.160209 1.285446 1.309237 1.271168 1.20496 1.141481 1.117541 1.115174 1.088855 1.026308 .9579312 .9058014 .8310617 .7640062 .7229612 .7067878 .6789767 .6875795 .735413 .7994361 .8354682 .8780236 .9295257 .9209586 .9283052 .9568573 1.003954 1.069145 1.150534 1.195806 1.233354 1.270012 1.299747 1.304723 1.257762 1.162863 1.118644
.9566866 .9765714 .9814462 .9580976 .9509039 .9474016 .9964804 1.064003 1.093543 1.098483 1.13841 1.14306 1.197582 1.254083 1.308282 1.378212 1.436604 1.461849 1.43934 1.390148 1.287755 1.171996 1.065539 1.021202 1.1155 1.232409 1.325982 1.334542 1.273199 1.199723 1.144003 1.112832 1.109684 1.100351 1.053911 1.00319 .9569491 .9051011 .8108022 .7396264 .6844288 .6844266 .7552914 .8888983 .9177974 .9107538 .9254301 1.0262 1.098031 1.098893 1.066292 1.06345 1.10546 1.163238 1.208437 1.215288 1.220835 1.205296 1.194559 1.144841 1.079882 1.116158 1.21212
.9987778 1.03212 1.049492 1.049262 1.050413 1.022066 1.027821 1.087226 1.185791 1.234966 1.271714 1.305416 1.316699 1.390381 1.45131 1.504058 1.512828 1.515524 1.493303 1.417907 1.325985 1.272745 1.24394 1.280813 1.334696 1.371683 1.319046 1.212117 1.099173 1.036922 1.036185 1.054662 1.073371 1.050247 .9886958 .9334948 .8906102 .8671481 .8228996 .8147405 .8328016 .8576081 .9723552 1.006206 .9837902 .9902474 1.027655 1.094285 1.151968 1.204664 1.167494 1.1465 1.149447 1.146659 1.133049 1.095285 1.090989 1.079462 1.058384 1.017425 1.026046 1.138273 1.286156
.9282252 1.033226 1.116003 1.15525 1.147618 1.106122 1.079573 1.097644 1.161931 1.231728 1.289585 1.355906 1.416424 1.485327 1.560711 1.632213 1.638886 1.604845 1.592191 1.568106 1.542128 1.536772 1.537379 1.527743 1.501573 1.409126 1.260052 1.134923 1.031114 .9979091 1.025604 1.049956 1.061887 1.039027 1.001328 .9546162 .9211049 .8522001 .82081 .8612067 .9325153 .9731166 .9659632 .9167996 .9003197 .878258 .9720635 1.118402 1.202971 1.27262 1.295362 1.250008 1.199108 1.136973 1.074412 1.058906 1.092843 1.121959 1.129326 1.107345 1.098571 1.153128 1.188421
.8081335 .914738 1.050015 1.144648 1.161061 1.128472 1.108806 1.135839 1.165727 1.206623 1.261571 1.349331 1.461061 1.541446 1.634879 1.714129 1.748663 1.737956 1.725522 1.714955 1.75821 1.788446 1.791097 1.716389 1.587008 1.403206 1.273377 1.19219 1.148489 1.147044 1.153673 1.133093 1.103377 1.091198 1.078694 1.03046 .9673546 .8909904 .8745492 .8881774 .9064685 .9044175 .8555209 .8537931 .8601662 .9243422 .9962891 1.136029 1.239536 1.346352 1.428344 1.439227 1.364477 1.311667 1.294933 1.312559 1.327319 1.316079 1.284503 1.256984 1.216516 1.180146 1.120557
.7982779 .8225569 .8911723 1.003243 1.09833 1.144409 1.110991 1.121477 1.175182 1.236305 1.295545 1.374907 1.473893 1.588024 1.669417 1.721918 1.760867 1.808349 1.742445 1.729267 1.778431 1.786821 1.776157 1.712651 1.640454 1.513723 1.418851 1.355618 1.32752 1.305266 1.266252 1.207417 1.141909 1.095415 1.033762 1.008386 .9675002 .9042973 .8893656 .8626807 .8693514 .8437753 .8435214 .8873253 .98103 1.100093 1.150532 1.163387 1.282091 1.365955 1.48996 1.603741 1.661236 1.679264 1.672453 1.619395 1.526995 1.429735 1.349426 1.295744 1.261575 1.230504 1.146968
.9218827 .8856117 .8821561 .9248245 1.034737 1.172332 1.230073 1.212062 1.249282 1.323495 1.392397 1.445483 1.505667 1.585959 1.621825 1.669598 1.67865 1.711325 1.730096 1.70947 1.708459 1.683274 1.668674 1.665897 1.674896 1.684857 1.626426 1.559986 1.510661 1.441418 1.349008 1.258086 1.174164 1.09593 1.041806 1.005914 .9661791 .9555582 .9414194 .8881583 .8728425 .8980709 .9554541 1.06029 1.183523 1.30734 1.374871 1.353482 1.347885 1.38488 1.459007 1.604225 1.715791 1.810451 1.813407 1.726048 1.594122 1.460653 1.37265 1.307257 1.263176 1.229747 1.171217
1.092406 1.036045 1.040171 1.039907 1.079886 1.193467 1.298754 1.351914 1.359109 1.388997 1.429488 1.480547 1.533141 1.54418 1.541556 1.497502 1.456213 1.497663 1.534003 1.572827 1.621296 1.635584 1.64582 1.675671 1.673287 1.684134 1.710018 1.712863 1.662727 1.585394 1.510077 1.413642 1.325222 1.239132 1.155763 1.095692 1.061553 1.043817 1.019815 .9915351 .9907699 1.04585 1.139179 1.261983 1.386302 1.485992 1.567331 1.590119 1.530211 1.501573 1.505675 1.558491 1.606486 1.621328 1.592214 1.541309 1.475985 1.417023 1.36504 1.322567 1.287531 1.241034 1.204588
1.274564 1.241847 1.215396 1.235219 1.232963 1.262917 1.321836 1.387911 1.384581 1.391054 1.415539 1.453763 1.471901 1.415351 1.362969 1.305493 1.288422 1.301871 1.343964 1.414671 1.499555 1.528728 1.541831 1.582744 1.640373 1.663354 1.729426 1.774354 1.794481 1.742486 1.636678 1.505028 1.36745 1.234045 1.143119 1.114568 1.130563 1.134208 1.137918 1.150601 1.159494 1.221547 1.331281 1.441171 1.536887 1.583754 1.635718 1.673191 1.698748 1.670937 1.597721 1.570944 1.531124 1.438255 1.339749 1.291801 1.292669 1.287124 1.285151 1.302815 1.311945 1.249782 1.217398
1.409406 1.428714 1.37668 1.348609 1.315203 1.29487 1.308743 1.328288 1.355385 1.361442 1.381067 1.378817 1.343577 1.300266 1.221183 1.187073 1.179794 1.127484 1.155062 1.256346 1.35736 1.412791 1.415537 1.425624 1.453929 1.551273 1.670498 1.778964 1.81988 1.769219 1.599327 1.387952 1.237907 1.1279 1.088099 1.106234 1.156327 1.207303 1.247519 1.290891 1.314261 1.378603 1.464957 1.523377 1.537301 1.532506 1.525503 1.550011 1.619141 1.659094 1.649889 1.619087 1.499408 1.383655 1.278868 1.193074 1.155628 1.149743 1.141952 1.140087 1.163107 1.157561 1.197749
1.457128 1.459962 1.408721 1.367168 1.329312 1.289699 1.265372 1.269767 1.314502 1.36491 1.378689 1.385338 1.337953 1.302245 1.301216 1.23913 1.145753 1.085851 1.097091 1.134596 1.213097 1.309283 1.381457 1.416159 1.429641 1.519981 1.639254 1.7124 1.682886 1.672584 1.64297 1.543813 1.341953 1.234982 1.177994 1.155815 1.164725 1.237719 1.305824 1.389722 1.431001 1.478105 1.506811 1.51088 1.485696 1.441638 1.406487 1.391496 1.459253 1.569252 1.571073 1.491317 1.378431 1.293641 1.23445 1.178564 1.146381 1.115296 1.081073 1.01704 1.005713 1.083392 1.1543
