py_wake/examples/data/AJ_ParqueFicticio/Rough survey   Sector 10   Height 200m   Orographic turn.grd
DSAA
73  159
 258469   265669
 6501692   6517492
-10.04178   11.79341
[rows 27 to 53 of 159, columns 0 to 60 of 73]
1.199355 1.195285 1.16403 1.164549 1.19379 1.21474 1.239095 1.278192 1.310471 1.297575 1.294973 1.344575 1.389087 1.40375 1.420839 1.482081 1.532559 1.586285 1.61643 1.647358 1.704849 1.703839 1.782736 1.909596 2.093376 2.270471 2.413572 2.416806 2.387547 2.405629 2.375487 2.37194 2.543294 2.717277 2.930646 2.931975 2.885121 2.901896 2.995512 3.128135 3.201758 3.425376 3.642048 4.160057 4.704799 5.1552 5.677279 5.947041 6.000459 5.689304 5.064617 4.188873 3.072275 1.764843 .2822054 -1.127394 -2.19139 -2.825038 -3.005558 -2.748488 -1.990202
1.191534 1.165594 1.152728 1.146174 1.153585 1.165346 1.191708 1.215412 1.212641 1.213232 1.231103 1.261296 1.3109 1.381201 1.429895 1.478164 1.544021 1.583459 1.629244 1.648254 1.648938 1.664822 1.775971 1.931343 2.125921 2.325119 2.474899 2.478193 2.481491 2.472917 2.483718 2.530236 2.677171 2.843174 2.996443 2.856641 2.815792 2.99688 3.150427 3.387859 3.479471 3.56461 3.826292 4.183661 4.716151 5.261253 5.694061 5.968354 5.821056 5.418249 4.698011 3.783461 2.711795 1.513684 .1226008 -1.372789 -2.459212 -2.834521 -2.675698 -2.111143 -1.247966
1.167582 1.165237 1.117978 1.114466 1.096391 1.102086 1.134807 1.171194 1.166673 1.163564 1.161463 1.207009 1.254076 1.360093 1.444591 1.508737 1.546426 1.578019 1.601516 1.625654 1.631123 1.677625 1.80663 1.960524 2.14617 2.329354 2.457557 2.522682 2.540654 2.558773 2.584041 2.637904 2.770435 2.834851 2.865506 2.861878 2.961233 3.177443 3.322277 3.483097 3.562195 3.622952 3.910915 4.187313 4.585087 5.075704 5.419989 5.518732 5.333675 4.91394 4.251551 3.367509 2.370225 1.325416 .04561185 -1.389763 -2.397154 -2.616451 -2.218159 -1.410451 -.4954169
1.131947 1.123132 1.095598 1.083424 1.052563 1.074826 1.091876 1.129643 1.146163 1.105435 1.120835 1.147972 1.207942 1.357708 1.438256 1.499964 1.532922 1.555253 1.565011 1.578001 1.636085 1.73659 1.864624 2.011313 2.161035 2.315463 2.450669 2.518841 2.58199 2.610861 2.641928 2.70812 2.826366 2.890417 2.998417 3.047396 3.107277 3.238712 3.501876 3.633253 3.68053 3.78636 3.838228 4.037563 4.336562 4.608826 4.778524 4.748048 4.528657 4.171743 3.734345 3.059711 2.175858 1.220393 .09769756 -1.105616 -1.930914 -2.085782 -1.60912 -.7898858 .1233327
1.090301 1.086131 1.078655 1.067663 1.026786 1.0514 1.058829 1.100024 1.079682 1.079178 1.076743 1.105888 1.15806 1.308904 1.435044 1.485471 1.508131 1.508902 1.505561 1.564945 1.657921 1.767509 1.905871 2.037039 2.173855 2.333668 2.428553 2.493367 2.566536 2.612449 2.680639 2.852031 3.05711 3.128289 3.170533 3.1381 3.253213 3.413852 3.654978 3.792192 3.808686 3.815903 3.757865 3.791178 3.949377 4.05788 4.00051 3.792297 3.578855 3.387261 3.14225 2.657553 2.012978 1.261204 .3522723 -.5146976 -1.149335 -1.267253 -.8723544 -.1871765 .4053707
1.031398 1.036381 1.032063 1.030818 1.020789 1.035045 1.049307 1.038792 1.037478 1.049786 1.04949 1.077024 1.104132 1.227259 1.335289 1.400229 1.435221 1.459252 1.46999 1.563449 1.68125 1.801951 1.938161 2.059348 2.197194 2.310006 2.416092 2.481317 2.53225 2.579476 2.701637 2.870224 3.087401 3.180018 3.159742 3.174168 3.313206 3.544825 3.790396 3.909625 3.9294 3.834973 3.650555 3.521082 3.481544 3.476108 3.335354 3.119318 2.879564 2.658761 2.418015 2.112969 1.721661 1.233286 .6594849 .1045972 -.2863012 -.3715811 -.1092784 .2263543 .3124872
.9841693 .9915541 .9965175 .9880642 1.003019 .9891425 1.016783 1.016439 1.016159 1.002664 1.014603 1.037039 1.089213 1.165537 1.229769 1.283914 1.335061 1.376923 1.433434 1.571727 1.711352 1.843864 1.957885 2.081332 2.200168 2.299468 2.352843 2.3879 2.478549 2.58518 2.71855 2.87189 3.036875 3.159192 3.208986 3.280735 3.443471 3.703285 3.946181 4.051524 4.132658 3.957476 3.623644 3.155818 2.874137 2.769196 2.746392 2.684821 2.522874 2.285705 1.971294 1.623346 1.276888 .9886674 .7551468 .5366244 .3870497 .3644917 .388889 .3376103 .02881644
1.004154 .9938542 .9915294 .9663532 .9732235 .9593817 .9843055 .994669 .9842758 .9818994 .9605372 .9800445 1.02197 1.076859 1.106027 1.178988 1.235455 1.285967 1.415507 1.578304 1.744837 1.864227 1.991979 2.095687 2.190539 2.252787 2.258974 2.340493 2.446048 2.583404 2.738078 2.869002 3.012228 3.090316 3.229534 3.356812 3.580307 3.812278 4.06918 4.321393 4.434696 4.157507 3.626626 2.839036 2.210002 1.919818 2.011276 2.103452 2.065335 1.898896 1.628091 1.326673 .9638092 .7341025 .6759888 .7308832 .829629 .7310899 .6465666 .410896 -.2455552
1.009378 .9873931 .972739 .9823679 .9669468 .9634721 .9619534 .9480481 .9445956 .9299169 .8996627 .9197556 .9490858 1.016343 1.040134 1.073932 1.113052 1.227844 1.387161 1.599429 1.786584 1.902831 1.990028 2.072324 2.146168 2.163861 2.200041 2.302635 2.418141 2.563266 2.706696 2.847588 2.988811 3.079443 3.200249 3.332039 3.540087 3.829117 4.215244 4.647288 4.688094 4.408916 3.652803 2.635881 1.547211 .9468306 .8932709 1.060152 1.163437 1.138991 1.067639 .953979 .8313004 .7255108 .7086315 .802599 .9163123 .839709 .7169229 .4051915 -.4804916
1.026551 1.013816 .9816067 .945403 .9354391 .9347238 .9092196 .9124573 .9084125 .8973826 .8675169 .8453308 .8722388 .9500939 .9712517 .9890983 1.038952 1.139035 1.385354 1.578577 1.806842 1.886292 1.954734 2.011444 2.046989 2.078916 2.174986 2.267295 2.388017 2.519885 2.681105 2.816207 2.897686 2.967394 3.02673 3.189087 3.421909 3.790373 4.29204 4.644028 4.704216 4.447559 3.713581 2.557956 1.186116 .03813691 -.3891135 -.2774791 -.02357526 .1725111 .3684087 .5628996 .7706887 .8706907 .8588836 .8899959 .8673265 .7224762 .5077201 .04889446 -.915204
1.011427 .988683 .9605611 .9189188 .8730255 .893171 .9411505 .9237837 .9057541 .8568262 .8583357 .8444239 .8332916 .9066736 .9180516 .9561706 1.033573 1.118648 1.323795 1.52525 1.712161 1.800647 1.851644 1.898666 1.966706 2.019649 2.114975 2.21237 2.347718 2.456823 2.602452 2.698292 2.763496 2.79083 2.825819 2.943128 3.206831 3.646353 4.025687 4.398466 4.496636 4.245298 3.652404 2.679839 1.253605 -.2390364 -1.191661 -1.478368 -1.247909 -.7990303 -.3574046 .02710389 .4584641 .7865054 .8752913 .8487716 .7438353 .4090257 -.1156669 -.8239785 -1.877437
.9513515 .9461101 .9120507 .9028952 .8799024 .8632466 .9115298 .8837991 .8702565 .8563422 .8653219 .8402105 .8359025 .8225868 .8623989 .9255525 1.031176 1.141724 1.29942 1.433815 1.541759 1.624509 1.69556 1.752632 1.849989 1.919914 2.040173 2.139903 2.247574 2.371044 2.484741 2.525836 2.570603 2.56938 2.616395 2.726849 2.990751 3.295801 3.619656 3.90919 3.90235 3.717659 3.339423 2.645768 1.63412 .2130277 -1.083369 -1.838134 -1.916478 -1.525544 -1.011743 -.586818 -.1768425 .2051241 .4566704 .4923261 .3675679 -.2026829 -1.070124 -2.196407 -3.167553
.907118 .9124773 .8946607 .8729864 .8890594 .8706008 .8342968 .8418408 .8419634 .8119004 .7963665 .8053249 .7856479 .7958344 .851575 .9366099 1.017729 1.11811 1.25724 1.335082 1.384077 1.435743 1.495631 1.576463 1.701438 1.83791 1.928941 2.02786 2.14766 2.22177 2.264928 2.303612 2.309075 2.330276 2.311036 2.410023 2.524975 2.796183 3.103808 3.171956 3.015987 2.808034 2.600962 2.301587 1.761421 .7973189 -.400018 -1.322101 -1.778927 -1.788641 -1.484408 -1.164676 -.8444446 -.5750912 -.2961816 -.1550324 -.2243641 -.9221939 -2.167295 -3.457973 -4.29376
.91971 .9058956 .8695911 .8393781 .8362643 .8370725 .8162301 .8132506 .7850122 .7611545 .7395468 .7064065 .7653058 .8437233 .8745497 .9011759 .9645 1.061609 1.160402 1.265981 1.291774 1.342389 1.359355 1.427261 1.61296 1.722491 1.816562 1.898353 1.94887 1.978095 2.007044 2.049006 2.066421 2.029288 1.987181 1.92675 1.997191 2.1113 2.205859 2.019702 1.829432 1.647287 1.555389 1.588393 1.448382 .9746426 .1192616 -.6681167 -1.227357 -1.622402 -1.743717 -1.658712 -1.485131 -1.229502 -.9519069 -.7155078 -.8351948 -1.568956 -2.923164 -4.251656 -4.942703
.9491668 .9221469 .9120707 .8492779 .7934072 .8264819 .8573232 .8356612 .7934139 .7159151 .6509961 .6639619 .7766861 .8578719 .8772586 .8959858 .9242557 .9577445 1.072978 1.178379 1.240514 1.264653 1.333 1.329915 1.399718 1.557621 1.619364 1.662286 1.665395 1.725672 1.725188 1.746445 1.73034 1.673777 1.601017 1.484166 1.343204 1.272131 .9938441 .6867266 .5142682 .428608 .5175606 .6922761 .8170791 .6851944 .2750217 -.2655177 -.7924628 -1.370586 -1.786943 -1.947582 -1.818638 -1.526508 -1.247944 -1.063199 -1.203588 -1.926605 -3.073424 -4.160698 -4.836773
1.016792 .9844474 .9485264 .9050884 .8101221 .7662148 .8305108 .8445706 .7835705 .7264792 .6801732 .6656322 .731136 .811088 .8386676 .8449084 .8453153 .8826099 .9746175 1.125166 1.2022 1.244169 1.255857 1.294486 1.260888 1.310025 1.352037 1.395292 1.427288 1.454974 1.471267 1.486264 1.42011 1.328667 1.204072 1.036602 .8118723 .3881719 -.1642362 -.5294888 -.6121514 -.5973576 -.4300956 -.2158741 .04028553 .1873853 .1525203 -.1340074 -.5505699 -1.076851 -1.582503 -1.806365 -1.772901 -1.577325 -1.380117 -1.356762 -1.547707 -2.051265 -2.690783 -3.404349 -3.93995
1.078092 1.047377 1.026488 1.00979 .8456468 .7360896 .8081023 .8506054 .7783479 .724175 .7122497 .6909258 .6871946 .7066942 .742596 .7793945 .8111407 .8264754 .8876438 1.049584 1.132146 1.118441 1.088866 1.147643 1.167198 1.170312 1.182169 1.185856 1.145846 1.162033 1.201711 1.154475 1.028055 .9456925 .8167374 .6037688 .3055566 -.2141342 -.8590865 -1.360704 -1.500142 -1.403105 -1.255178 -.9364259 -.5129541 -.134458 .01976621 -.2437041 -.7057852 -1.148681 -1.540868 -1.750698 -1.743462 -1.701823 -1.744904 -1.91299 -2.070748 -2.155619 -2.209815 -2.38839 -2.580037
1.150152 1.136107 1.118082 1.105373 1.069524 .9503644 .8560336 .8192551 .7554685 .7114608 .6878203 .6814708 .6469651 .6748689 .735464 .7887964 .8052958 .8504989 .9135247 .9542125 1.021906 .9783388 .9488143 .9542946 1.093792 1.076454 1.020402 .92594 .8994997 .8615499 .8835225 .8036318 .6641171 .5849198 .4250436 .2189666 -.1107489 -.564339 -1.229407 -1.729696 -1.969991 -1.922884 -1.719802 -1.300035 -.72728 -.2303026 -.1198893 -.4256467 -.9533574 -1.364697 -1.672612 -1.850411 -1.940807 -2.13471 -2.380306 -2.608615 -2.581953 -2.274914 -1.771657 -1.333023 -1.161078
1.185754 1.162486 1.177934 1.181764 1.205537 1.106849 .9513417 .8150613 .7196848 .6575852 .600304 .6103462 .6573297 .7275246 .7793558 .8221264 .8289781 .8813986 .9073379 .8998173 .8855311 .8861112 .8417842 .8850895 .9345844 .9654912 .8621535 .7318872 .621138 .6317812 .5621759 .3713937 .3201096 .2062185 .07926866 -.1128544 -.4588647 -.866292 -1.343121 -1.765073 -2.091611 -2.11025 -1.837854 -1.355904 -.8173513 -.4979423 -.5152311 -.7912457 -1.204029 -1.506826 -1.746712 -2.068325 -2.49239 -2.920877 -3.19935 -3.157898 -2.733499 -2.103299 -1.235188 -.5175924 -.0500536
1.207219 1.176813 1.222279 1.253999 1.236033 1.157332 .9765101 .8245044 .7203612 .6028665 .522947 .5681164 .6727815 .7623205 .8245638 .8241771 .842612 .8786772 .9119563 .8684745 .8631943 .8408269 .8243364 .8632053 .8334564 .8210463 .7513531 .6004254 .4614899 .4092944 .2944015 .07083708 -.06897361 -.2234624 -.3683392 -.5174389 -.8172947 -1.218056 -1.524843 -1.841871 -2.113399 -2.162619 -1.983038 -1.634534 -1.372759 -1.249795 -1.20777 -1.292875 -1.416096 -1.64649 -1.953921 -2.486035 -3.17716 -3.74282 -3.784956 -3.258336 -2.349523 -1.356929 -.5094075 .1765637 .6079701
1.233569 1.20287 1.203926 1.30263 1.274527 1.139563 .9933817 .8514979 .7456675 .5856537 .4512209 .5244353 .6779782 .8218145 .8861359 .8454789 .8396021 .8377796 .8469267 .8676529 .8636813 .8072784 .7947473 .7806313 .8102373 .8118064 .7404965 .5823888 .4423292 .3037838 .09509449 -.1329991 -.4034715 -.606408 -.826127 -1.078607 -1.351931 -1.709322 -2.023306 -2.249118 -2.420704 -2.487443 -2.452627 -2.282417 -2.039945 -1.788857 -1.596903 -1.4883 -1.529238 -1.841884 -2.409146 -3.166369 -3.895238 -4.242722 -4.00183 -3.087934 -1.709286 -.3719469 .5997051 1.156236 1.290305
1.258064 1.252396 1.243499 1.291805 1.267445 1.139083 .9941747 .8756759 .7827635 .7185845 .5443235 .5284842 .7008203 .8667957 .9165518 .8941064 .8615808 .8082732 .8114029 .9329368 .9073136 .8363935 .7774633 .7904663 .9016528 .9005646 .7739019 .6275558 .4526448 .2443408 -.05427052 -.3209415 -.586089 -.9119723 -1.182896 -1.494682 -1.863092 -2.247135 -2.626741 -2.846499 -2.999176 -3.05807 -3.02859 -2.805068 -2.464717 -2.0738 -1.727083 -1.675273 -1.902501 -2.44586 -3.271411 -4.068172 -4.483931 -4.398216 -3.793277 -2.724715 -1.196784 .3458077 1.635473 2.381776 2.461369
1.308798 1.291813 1.301008 1.276956 1.211558 1.112258 .9858442 .9164524 .8512491 .8562365 .8445233 .7406181 .7781041 .9269994 .9484326 .8974556 .8816077 .8722633 .8593678 .9371936 .9396805 .9098602 .8833789 .9401624 1.010123 .9719085 .8230336 .6458616 .4563413 .2018104 -.1831353 -.5475641 -.7719768 -1.099922 -1.458937 -1.833558 -2.226393 -2.666535 -3.099065 -3.428459 -3.627025 -3.655741 -3.553641 -3.30173 -2.865291 -2.378254 -2.155894 -2.284848 -2.740326 -3.396783 -4.096132 -4.64268 -4.706331 -4.163994 -3.262634 -2.138035 -.869702 .5769997 2.025935 3.153175 3.678988
1.345165 1.331171 1.32864 1.233747 1.123562 1.059116 .9610047 .9162714 .9397528 .978238 1.009247 1.032327 1.006252 .9418234 .88546 .8721708 .9061233 .9820135 .9836459 .9730728 .9798529 .9656307 .9776161 1.03169 1.003774 .8662831 .79797 .6546656 .4983741 .161845 -.2127685 -.6271514 -.9326987 -1.212971 -1.641596 -2.084979 -2.494493 -2.94318 -3.449236 -3.820699 -4.083366 -4.161643 -3.979082 -3.754141 -3.446501 -3.153381 -3.164296 -3.397162 -3.739751 -4.118769 -4.423814 -4.632385 -4.491931 -3.614187 -2.437371 -1.418048 -.5046223 .5574588 1.787028 3.121472 4.183082
1.35179 1.320925 1.271974 1.184183 1.068127 .977673 .9466903 .9755986 .999506 1.049543 1.089587 1.109679 1.044489 .9573146 .9083208 .8814511 .8817324 .9889737 1.028 .9489636 .9678121 .9929802 1.024548 1.064681 .9822007 .8244721 .7702664 .6987635 .4824095 .1974502 -.1768097 -.5147172 -.943354 -1.29595 -1.753634 -2.287131 -2.734939 -3.198696 -3.681451 -4.164447 -4.514189 -4.649537 -4.59666 -4.469754 -4.358714 -4.284643 -4.341476 -4.404226 -4.427212 -4.413554 -4.335917 -4.261026 -3.97451 -3.011142 -1.629342 -.5071724 .07199439 .5492408 1.315961 2.465245 3.78438
1.346752 1.266823 1.253179 1.166544 1.06318 .9703562 .9385774 .9947191 1.028526 1.066137 1.083179 1.063581 1.074683 .9947225 .9449909 .9313577 .9168352 1.00293 1.01703 .9219406 .9002827 .9606727 .9991081 1.002154 .921838 .8129228 .759055 .695865 .5447271 .3110431 -.01084246 -.3584129 -.7622577 -1.22242 -1.705149 -2.255199 -2.892385 -3.49871 -3.913433 -4.365325 -4.911623 -5.302004 -5.48358 -5.486226 -5.481905 -5.412851 -5.272749 -5.097912 -4.816362 -4.470078 -4.117734 -3.807963 -3.375854 -2.496674 -1.075148 .2547158 .8451067 .9121977 1.03011 1.703778 2.927564
1.292298 1.244091 1.197454 1.094262 1.015876 .9686349 .9478784 .9664371 1.026021 1.052619 1.075486 1.082826 1.076422 1.04602 1.029029 1.011218 .998494 1.023864 1.007535 .9048966 .8345132 .9477906 1.01176 .9475896 .8724921 .7619798 .7579684 .7129497 .6198298 .4215527 .11864 -.3021597 -.7171586 -1.177252 -1.59276 -2.219919 -3.056152 -3.714146 -4.168438 -4.624817 -5.105049 -5.734791 -6.253954 -6.478209 -6.526604 -6.411036 -6.075862 -5.667699 -5.156672 -4.570506 -3.91814 -3.327396 -2.81067 -2.004194 -.7688498 .6582535 1.454822 1.427604 1.179536 1.355559 2.244653
