py_wake/examples/data/AJ_ParqueFicticio/Rough survey   Sector 7   Height 200m   Orographic speed.grd
DSAA
73  159
 258469   265669
 6501692   6517492
 .6526977   1.394431
[rows 28 to 55 of 159, columns 0 to 62 of 73]
.9882281 .9891219 .989195 .9894673 .9896855 .9898356 .9908112 .9909787 .9920105 .9926904 .9930943 .9935393 .9934798 .9934593 .9936372 .9945102 .9945219 .9941374 .9943995 .9943625 .9939981 .9930974 .9928574 .9933179 .9937515 .9924233 .9911221 .9883566 .9889805 .9872276 .9852082 .9837191 .9790903 .9728354 .9719595 .9764436 .9781542 .9748838 .9734353 .9675292 .9623143 .9615728 .9624255 .9633167 .9658006 .9683506 .9706317 .9737471 .9774809 .9818625 .9862043 .9928921 1.000734 1.006909 1.007151 1.010001 1.017463 1.019415 1.011259 .9989236 .9837165 .9694997 .9568372
.9872069 .9880955 .9885548 .9892622 .9892405 .9898414 .9908473 .9909202 .9919192 .9931561 .9934213 .9936685 .9942601 .9944656 .9946911 .9956274 .9955314 .9955233 .9958252 .9954994 .9957243 .9946534 .9938675 .9941044 .9945522 .9942605 .9933391 .991277 .9907542 .9906042 .990235 .9888102 .9849508 .9805018 .9823784 .9869863 .9842335 .9812516 .9789441 .9735211 .9687855 .9670614 .9684398 .9688138 .9721108 .9796811 .9892429 1.000159 1.01164 1.022074 1.029241 1.033397 1.038139 1.043187 1.043503 1.04271 1.04211 1.035192 1.022343 1.008932 .9952869 .9827957 .9750584
.9863699 .987246 .9872798 .9885129 .9888647 .9893194 .989974 .9901441 .9909737 .9915602 .9925881 .9930541 .9933107 .992935 .9944064 .9957055 .9958041 .9959138 .9964768 .9960244 .9964868 .9960517 .9956183 .995087 .9961995 .9961088 .9953667 .9946327 .9940503 .9947303 .994652 .9947166 .9920925 .9871256 .9871791 .9872337 .9868296 .9862611 .9852148 .982264 .9757728 .9736018 .9743275 .9771781 .9800785 .9879349 1.000724 1.018752 1.036364 1.053538 1.065882 1.072692 1.075146 1.074908 1.074293 1.067637 1.055791 1.038589 1.022829 1.008334 .9970166 .9902669 .9934175
.9854609 .9863799 .9868369 .9879259 .9878314 .9883709 .988978 .9893219 .9897743 .9905525 .9911698 .9917077 .9923163 .9920784 .9935798 .9950137 .9959847 .9959283 .995781 .9963434 .9973257 .996823 .9971125 .9967944 .9970564 .9976411 .9976428 .9971969 .9971359 .9980949 .9974564 .9966908 .9939238 .9914907 .9910536 .9894525 .9883689 .9888564 .9881934 .9860573 .9814935 .9787805 .9801599 .9838617 .9897625 .9964896 1.006576 1.021017 1.040238 1.056886 1.073492 1.086707 1.093327 1.093726 1.089796 1.077802 1.058596 1.036802 1.018828 1.005254 .9991758 .998768 1.011941
.985046 .9857459 .9860565 .987102 .9871323 .9879735 .9879628 .9881824 .9885784 .9893036 .9899765 .99044 .990834 .9916096 .9929672 .994077 .9955438 .9957104 .9957337 .9971262 .9979007 .9977641 .9980599 .9981191 .9979136 .9991244 .9993927 1.000266 1.000653 .9995238 .9994007 .9989594 .9970137 .9949759 .9944627 .9939494 .9919751 .9898992 .9884912 .9875335 .9861713 .9821282 .9808976 .9861696 .9937595 1.004176 1.01381 1.022779 1.031896 1.042852 1.054665 1.06758 1.079474 1.085852 1.086823 1.076949 1.058051 1.038157 1.021377 1.012052 1.009271 1.017931 1.035406
.9857627 .9851443 .9857345 .9858806 .9865277 .9871361 .987874 .988025 .9880292 .9885378 .9890536 .9891726 .9901288 .9911132 .9923256 .9939557 .9950746 .9947266 .9957192 .9967255 .9981688 .9980086 .9977461 .9986171 .9985312 .999276 1.000092 1.000461 1.001597 1.001023 1.000934 1.000795 .9994018 .9982834 .9981036 1.000042 .9982546 .9941915 .9919376 .9910651 .9897227 .9855465 .9810824 .9823934 .9924397 1.005111 1.018047 1.028957 1.036134 1.040798 1.046273 1.053456 1.062592 1.071979 1.07734 1.076618 1.062201 1.049014 1.03827 1.033605 1.034759 1.045279 1.061469
.9862841 .9852479 .9853684 .985235 .9855335 .9855145 .9861888 .9868308 .9869835 .9875333 .9877641 .9890358 .9894092 .9909524 .9922212 .9930353 .9935762 .9941416 .9954685 .9970004 .9969947 .9974445 .9973308 .9984093 .9989985 1.000098 1.000111 1.000959 1.001911 1.001809 1.0023 1.002632 1.001944 1.001464 1.000191 1.00293 1.004125 1.00122 .9972687 .9950792 .9929636 .9888967 .9851127 .9834625 .9894232 1.004683 1.021602 1.037603 1.051069 1.062643 1.071048 1.077597 1.081734 1.08356 1.085912 1.088065 1.081911 1.078179 1.074469 1.072351 1.072039 1.07964 1.093457
.9850361 .9840694 .9843576 .9844367 .984735 .9847194 .9845158 .9854993 .9857964 .9859861 .9865984 .9878196 .9885359 .9897567 .9911144 .9916406 .9920101 .9921631 .9946594 .9953794 .9954386 .995719 .9963631 .9976172 .9989816 1.000117 1.00081 1.001477 1.002955 1.003486 1.003765 1.004504 1.005374 1.005558 1.005215 1.005767 1.009034 1.010691 1.006974 1.005126 1.00057 .9980651 .9951186 .9937921 .9955453 1.009508 1.030584 1.052779 1.074741 1.093142 1.109256 1.119927 1.125216 1.123011 1.118513 1.117794 1.115556 1.116825 1.117162 1.115683 1.118807 1.127322 1.136088
.9828556 .9824506 .9830592 .9831501 .983611 .9847372 .9849882 .984993 .9843881 .9847007 .9845331 .985385 .9864853 .9876954 .988354 .988827 .9891657 .9885294 .9894921 .9915128 .9921256 .9935789 .9950332 .9970019 .998138 .9992957 1.000856 1.002155 1.003995 1.005153 1.006089 1.007017 1.008328 1.010771 1.012032 1.013253 1.016447 1.021556 1.023039 1.022916 1.023665 1.023221 1.021265 1.019416 1.015948 1.02067 1.038661 1.062196 1.088056 1.111714 1.129123 1.143106 1.15093 1.153125 1.150485 1.147711 1.146935 1.149334 1.152569 1.160547 1.174502 1.188635 1.195496
.9806494 .9803378 .9813161 .9817461 .9821534 .9836109 .9835116 .9834434 .9836705 .98298 .9832961 .9836008 .984268 .9853496 .9859122 .9863067 .9862447 .9847081 .9843996 .9857106 .9881097 .9907769 .9930699 .9955286 .9965532 .9986602 1.000217 1.002531 1.004602 1.006278 1.0086 1.010513 1.012798 1.015452 1.018876 1.020791 1.023469 1.028968 1.035733 1.041639 1.048121 1.055804 1.059533 1.059039 1.052671 1.044392 1.047309 1.06079 1.079549 1.098555 1.113909 1.127677 1.140576 1.151306 1.158405 1.164139 1.166411 1.172243 1.184265 1.203575 1.230646 1.251495 1.25778
.9796191 .9794627 .9798232 .9804373 .9804792 .9807578 .980933 .9815376 .9820781 .9824885 .9825194 .9822317 .9829655 .9838325 .9842548 .9843559 .9841269 .9830821 .9823163 .9823747 .9854708 .9886347 .9917368 .9940117 .9954265 .9976509 1.000193 1.002585 1.004018 1.006313 1.008762 1.011513 1.015686 1.019664 1.024338 1.028428 1.031039 1.03717 1.048149 1.057887 1.068528 1.082891 1.095273 1.10158 1.098694 1.086705 1.073996 1.069391 1.071331 1.079715 1.090065 1.102298 1.1183 1.135904 1.152852 1.168056 1.179893 1.192129 1.210932 1.239968 1.271232 1.296436 1.303486
.9790045 .9793926 .9793383 .9797885 .9804331 .9796467 .9802526 .9804384 .9810102 .9812047 .9819494 .9828067 .9843072 .9845438 .9839544 .9843163 .9834477 .9833176 .9837048 .9852848 .9871176 .9878374 .9902198 .9922718 .9942739 .9967414 .9994368 1.001765 1.004173 1.007197 1.009716 1.013303 1.017661 1.022844 1.027139 1.034609 1.038836 1.046882 1.059751 1.071766 1.086315 1.104555 1.122171 1.136944 1.143831 1.137905 1.125046 1.11314 1.10264 1.098528 1.102612 1.114155 1.128517 1.144482 1.161672 1.180262 1.19571 1.210889 1.230753 1.257097 1.283654 1.302297 1.308313
.9792504 .9795022 .9788391 .9790751 .9800131 .9806718 .9806914 .9801353 .9798037 .9802955 .9815536 .9832451 .9846913 .9839108 .9834914 .9827952 .9829037 .983954 .9848326 .9868107 .9879637 .9877381 .988648 .9899999 .9918749 .9945519 .9976357 1.001185 1.004771 1.008002 1.011696 1.016048 1.020354 1.02468 1.030733 1.038121 1.043932 1.055639 1.069961 1.086014 1.105821 1.126554 1.146319 1.164188 1.178549 1.184656 1.179915 1.173497 1.161007 1.15084 1.151468 1.157179 1.167839 1.178629 1.189547 1.200753 1.213213 1.225376 1.240539 1.252627 1.25887 1.263643 1.265616
.9808006 .9789801 .9783899 .9777485 .9781474 .9781586 .9787163 .9787654 .9779351 .9778545 .9788111 .979396 .9803215 .980149 .980577 .9809797 .9815752 .9823213 .9836573 .9859135 .9869604 .9871471 .9874486 .9866767 .9874421 .9914455 .995804 1.00071 1.004463 1.008377 1.012649 1.017537 1.022252 1.027292 1.033535 1.040852 1.048925 1.060625 1.076061 1.094923 1.11648 1.139416 1.159625 1.177736 1.195394 1.209916 1.213474 1.211452 1.207328 1.199811 1.195572 1.194785 1.198599 1.203787 1.205839 1.212715 1.220214 1.226898 1.230303 1.22473 1.213507 1.202095 1.199483
.9815086 .979454 .9782256 .9763376 .9747697 .9754224 .9760907 .9755562 .9748427 .9753642 .9753732 .9749879 .9746972 .9762063 .9779031 .9781799 .9791938 .9798377 .9814948 .9835111 .9849329 .9860438 .9863277 .9873039 .9884114 .9913696 .9947513 .9989271 1.002979 1.007264 1.011573 1.017257 1.02181 1.028358 1.035308 1.043142 1.051393 1.060985 1.075936 1.091636 1.108753 1.125898 1.143239 1.160165 1.176929 1.188855 1.19474 1.194214 1.195533 1.195499 1.194611 1.193273 1.191258 1.189474 1.191057 1.198074 1.207944 1.215221 1.212532 1.198217 1.173747 1.149275 1.134493
.9813045 .9797162 .9780796 .9761101 .9734669 .9724277 .9733202 .9728662 .9725795 .9733502 .9743701 .973989 .9745778 .9755295 .9761606 .9761314 .9766014 .9767424 .978486 .9799503 .9817393 .9830567 .9844806 .9877142 .9897268 .9911711 .9932313 .9964679 .9994419 1.003742 1.009521 1.013969 1.01959 1.025897 1.032672 1.040382 1.047509 1.055016 1.063578 1.072547 1.083492 1.093519 1.105363 1.116496 1.125203 1.129895 1.130274 1.131933 1.13538 1.140094 1.144206 1.143633 1.143599 1.145667 1.154375 1.16959 1.187084 1.196193 1.189961 1.174567 1.145093 1.114512 1.087039
.9811369 .9800682 .9786528 .9762348 .9751571 .9731489 .9714611 .970861 .9721096 .9734399 .9753404 .9768821 .9766522 .9763024 .9753492 .9753775 .9740852 .9740417 .9751611 .9766372 .9778739 .9792414 .9807109 .9818514 .9848565 .9866554 .9891319 .9919781 .995488 .9999346 1.004658 1.009061 1.015086 1.020906 1.026653 1.032945 1.040179 1.045775 1.050161 1.053466 1.056501 1.062099 1.066735 1.070607 1.070101 1.069201 1.070948 1.075131 1.08223 1.089063 1.092294 1.094931 1.102872 1.116621 1.134803 1.153861 1.168782 1.172777 1.1682 1.151129 1.125376 1.094611 1.065739
.9800375 .9792615 .9787523 .9762747 .9769884 .9758492 .9739973 .971275 .9715334 .9732324 .9752746 .9770842 .9774401 .9767585 .9754937 .9742044 .9725204 .9723839 .9728274 .9737037 .9743999 .9752361 .9750447 .9752473 .9764958 .9796506 .9825733 .9847203 .9877926 .9916347 .9955536 .9992471 1.006082 1.011569 1.017154 1.023139 1.031081 1.037158 1.041036 1.042508 1.042259 1.043566 1.043559 1.044225 1.046557 1.053421 1.065751 1.076459 1.083301 1.087193 1.09019 1.095925 1.107623 1.127499 1.147539 1.160622 1.161735 1.153519 1.140328 1.127329 1.110566 1.089751 1.066252
.978621 .9778604 .9781578 .9773961 .977612 .9773499 .9751543 .97203 .9715319 .9717945 .9734722 .9746448 .9757605 .975264 .9731604 .9714662 .9709495 .9711975 .9723795 .9732957 .9733166 .9727034 .9726291 .9726971 .9730677 .975341 .9762779 .9770073 .9784103 .9804733 .9832915 .9866069 .9915805 .9978204 1.003398 1.011066 1.019521 1.026636 1.033345 1.038587 1.04166 1.043285 1.045595 1.055224 1.066712 1.081036 1.094222 1.105158 1.109743 1.112296 1.115586 1.12491 1.13875 1.155633 1.171066 1.175468 1.164095 1.142189 1.118567 1.100027 1.087583 1.077286 1.065744
.9770913 .9761205 .9758324 .9753808 .9756116 .9758333 .97529 .9729376 .9720129 .9708528 .9709137 .9720999 .9734905 .9722649 .9699998 .9685233 .9687881 .9696596 .9714119 .9720097 .9711345 .9701034 .9711873 .9723338 .972711 .9715282 .9702248 .9695817 .9703391 .9711138 .9729238 .9761997 .9789537 .9848415 .9895325 .997211 1.005584 1.0155 1.023692 1.032292 1.041638 1.050552 1.060624 1.071361 1.083973 1.094679 1.100367 1.103566 1.104583 1.109758 1.122164 1.142308 1.162831 1.176516 1.181108 1.174722 1.162001 1.141271 1.116502 1.088284 1.06557 1.050079 1.041129
.9754771 .9744647 .9735081 .9731525 .9735844 .973933 .9737234 .9733925 .9719661 .9717797 .9704458 .9689488 .9695784 .9685286 .9664586 .9658445 .9659231 .9665419 .9679052 .968229 .967168 .9665685 .966224 .9649799 .9654102 .9646382 .9625987 .963532 .9647716 .9662652 .9682826 .9698453 .9728704 .9763275 .9804378 .9870351 .9943778 1.003142 1.011182 1.021013 1.030892 1.041775 1.051587 1.061822 1.070799 1.074017 1.075681 1.079543 1.089186 1.103889 1.124805 1.147143 1.16634 1.172754 1.164806 1.150301 1.139867 1.131095 1.118643 1.096923 1.069643 1.041274 1.017975
.9747114 .9730933 .9719839 .9713924 .9721687 .9732117 .973248 .9728308 .9718389 .9715503 .9703462 .9676254 .9652254 .9646881 .9643059 .9639766 .9642231 .9636043 .9626777 .9635954 .9631912 .9621585 .9609259 .9600814 .9585509 .9581942 .9581446 .9587317 .9598685 .9609353 .9627715 .9656384 .9702935 .9722164 .9738627 .9792488 .9847735 .9899047 .9968607 1.002673 1.010223 1.017464 1.024626 1.032906 1.038623 1.046317 1.05802 1.075486 1.096105 1.116838 1.135989 1.148952 1.154579 1.147344 1.12894 1.107871 1.097436 1.095592 1.096748 1.097178 1.082601 1.057674 1.02831
.9739875 .9732048 .9728892 .9734975 .9732084 .9738831 .9735321 .9729707 .9729802 .9723492 .9708849 .9694154 .9662247 .9651215 .9642259 .9638724 .9648027 .9646558 .9640643 .9632301 .9618992 .9613014 .9605928 .9608337 .9607875 .9605021 .9581795 .9572284 .957694 .9573659 .9573888 .9577529 .9587153 .96056 .9627278 .9675948 .9724351 .9755597 .9808758 .9859303 .9918198 .9986817 1.006642 1.014941 1.02684 1.042683 1.064338 1.088027 1.11054 1.127433 1.137235 1.13729 1.128072 1.113441 1.094358 1.069821 1.053563 1.051816 1.05808 1.071952 1.081154 1.074587 1.056318
.9723241 .9727682 .9730185 .9740039 .9738231 .9734389 .9734442 .9740153 .973874 .9740915 .9729096 .9720145 .969543 .9668164 .9656449 .9649317 .9654937 .9669074 .9670308 .9655497 .9639711 .9628936 .9626008 .9632534 .9639629 .963006 .9605185 .9593372 .9579177 .9568427 .9543811 .9513667 .9483146 .9474201 .9494103 .9522626 .9560434 .9601598 .9662546 .9724199 .9791303 .9897709 1.000762 1.015547 1.03382 1.054237 1.075702 1.095552 1.111135 1.11765 1.117152 1.112075 1.096603 1.080102 1.066984 1.048638 1.026745 1.016801 1.01931 1.034437 1.055238 1.070603 1.071556
.9709009 .9711419 .9713732 .9726005 .9731041 .9729607 .9723795 .9731173 .9741554 .9745763 .9743017 .9726111 .9711077 .9688082 .9666051 .9649156 .9642522 .9647701 .9655841 .9661427 .9662341 .9655667 .9655886 .96662 .9667828 .9658949 .964625 .963965 .961812 .9590926 .9565074 .9538977 .9498312 .9470432 .9459594 .9460524 .94665 .9530926 .9607553 .9657125 .9716695 .9809054 .9941002 1.011307 1.031855 1.052523 1.071142 1.085122 1.093899 1.096277 1.093385 1.087317 1.07106 1.054505 1.044689 1.03734 1.020293 1.004029 .9986693 1.005125 1.023177 1.043768 1.055816
.9700744 .9704498 .9710953 .9716448 .9726328 .9729052 .9727548 .9729999 .9742064 .9748268 .9750823 .9737499 .9718359 .9699593 .9682391 .9661958 .9647179 .9639491 .9646041 .9648812 .9671814 .9687296 .9689275 .9692435 .9694511 .9688798 .9683911 .9678642 .9657485 .9632239 .9607197 .959528 .958564 .9597396 .9597638 .9617994 .9630119 .9620997 .9689628 .9775558 .978925 .981773 .9916259 1.005606 1.022882 1.038397 1.051856 1.063576 1.071105 1.074781 1.073823 1.067405 1.05187 1.03651 1.026327 1.023449 1.019825 1.010036 1.000041 .9960296 1.003356 1.016701 1.027932
.9697132 .9704437 .9719272 .9723042 .9726892 .9731047 .9738194 .9737117 .9742674 .9750004 .9749726 .9740961 .9718781 .9706234 .9693981 .9691216 .9685531 .9667439 .9658732 .9645952 .9643801 .9648902 .9663867 .9691499 .9703123 .9709024 .9714635 .9710644 .9700195 .9696683 .9699856 .969679 .9719383 .9770999 .9833388 .9889776 .9894661 .9881025 .9914712 .999936 1.004508 1.003105 1.004786 1.0095 1.018297 1.026339 1.036208 1.046468 1.053279 1.05482 1.051068 1.044102 1.033869 1.020938 1.011696 1.009698 1.013523 1.013587 1.006691 1.000241 .9949874 .9998943 1.009397
.9699973 .9715406 .9725405 .9724882 .972272 .9727362 .9737468 .9742178 .9743944 .9746221 .9744963 .9741297 .9722286 .9707842 .9697507 .96948 .9699199 .9689452 .9673848 .9657363 .9644914 .9637141 .9653283 .9677196 .9697995 .9704729 .9718623 .9739915 .9766695 .9799827 .9849053 .9896306 .9925621 .9997221 1.007341 1.014539 1.018487 1.017668 1.01934 1.025624 1.030362 1.032057 1.029762 1.027196 1.025419 1.024005 1.026915 1.030715 1.032169 1.030386 1.025174 1.022426 1.016338 1.007171 .9990241 .9976 1.000953 1.00554 1.004045 .9998916 .9947998 .9928213 .9983578
