py_wake/examples/data/AJ_ParqueFicticio/Rough survey   Sector 4   Height 30m   Power density.grd
DSAA
73  159
 258469   265669
 6501692   6517492
 .007191152   1276.622
[rows 56 to 83 of 159, columns 0 to 62 of 73]
134.9932 135.9289 140.7315 144.5897 150.74 144.8742 140.396 137.9909 137.2668 135.296 133.791 131.6824 130.258 127.7708 117.6311 118.0784 119.8694 121.4462 122.5675 125.5831 117.7038 108.8111 113.6531 119.8934 122.0175 122.7667 117.8431 105.6572 110.2283 146.3969 220.0206 195.026 125.4894 125.9509 162.6099 195.134 232.4941 184.7646 104.3867 86.05048 137.9883 164.8536 147.5324 133.6319 126.4608 156.4498 167.9826 145.8181 180.3387 268.7782 422.9287 608.3067 538.5182 258.3844 110.5662 212.0877 533.4081 641.8616 419.7411 191.2628 76.50685 87.1715 269.9387
131.4814 133.6801 140.2026 143.4992 151.7038 143.0334 138.3218 136.5211 134.8784 133.471 131.564 129.3162 126.6 124.7234 119.3327 118.1113 118.8699 120.0857 121.3669 124.7401 123.3668 118.5146 117.5818 119.8303 122.2874 122.9192 118.8269 103.233 106.287 156.1553 258.3047 195.9609 138.0067 132.4186 169.0664 192.9884 228.3013 188.5274 127.8349 101.9096 132.4222 158.6645 157.6727 145.1933 159.4832 189.712 184.7139 139.6964 149.6155 219.9484 392.2854 526.5917 490.6252 219.1898 102.6257 210.0923 524.4413 623.7169 412.8395 183.1492 85.08294 70.88528 178.6322
128.3792 131.0011 140.173 144.9422 150.4263 141.04 134.4281 133.2347 132.1673 130.7761 128.6636 126.2436 124.8132 124.6156 124.3728 122.1756 120.5242 119.7965 119.4334 123.9831 126.0938 126.149 125.0318 118.4425 121.4193 121.463 116.7506 118.9023 115.8349 164.5809 264.0308 203.1791 157.8726 140.1292 166.4987 196.8224 238.6598 197.468 146.9022 116.4125 132.3365 140.2473 137.7086 152.0491 185.727 212.9685 206.6785 152.6749 142.2706 197.1067 338.0616 436.0522 436.7952 218.1691 107.5853 221.6002 465.5074 580.7839 426.4803 218.4222 92.0553 54.695 127.1278
127.6712 135.2874 153.9475 158.7312 149.2364 142.3031 130.8936 129.5463 129.4389 128.1613 126.7769 125.9572 123.383 123.2598 124.8102 123.8233 122.537 121.353 119.5082 123.4483 125.1365 125.505 125.9954 121.4884 120.4057 119.8485 123.4884 134.318 136.8536 168.9787 230.6749 218.9305 180.1171 143.9994 166.7468 202.309 239.5741 213.3043 161.6996 128.6201 125.0078 126.9135 119.3672 152.4812 214.7569 229.5041 223.7599 179.1651 146.9274 161.6772 264.7419 342.4242 384.2055 219.2235 121.0285 188.6279 397.9875 542.9041 419.2059 249.3011 120.9391 50.90714 116.5447
127.2945 139.9795 160.9563 163.5887 148.0924 134.9928 127.7027 126.3885 127.7669 127.3256 126.3387 125.0839 122.7785 120.7446 122.914 122.6731 120.8339 119.3809 123.0313 127.7919 129.4521 125.6605 124.8761 122.5023 118.8124 116.4633 128.5139 137.6449 166.1159 199.6025 226.767 209.221 185.3344 160.0869 161.1131 205.918 226.3812 221.3763 179.625 141.6023 124.3096 113.4158 116.1053 153.23 225.0278 236.8574 228.4492 210.7007 175.1103 152.5734 169.8504 244.1984 327.2882 233.4939 128.3542 153.3704 342.5875 507.0588 387.2199 238.2488 136.7924 70.55997 95.81802
139.1288 154.0495 162.2782 154.6924 141.953 131.7063 122.6921 123.3863 127.9137 127.6335 126.9019 126.139 123.0074 121.2473 121.9142 121.3766 119.4229 118.4483 125.4066 129.7638 134.9009 126.435 124.0037 121.2302 114.992 116.8162 125.4415 150.2136 182.6397 221.6692 244.9173 217.6779 187.8773 176.1672 173.0399 208.8506 217.432 207.3329 176.3151 152.185 133.692 108.4672 99.48413 153.2804 211.23 237.1901 221.9824 239.5244 249.7514 186.9788 137.8212 155.1937 262.5726 266.6762 149.1201 136.1202 312.8549 449.696 369.3658 227.0952 142.7686 98.68507 88.88127
145.1537 161.7509 152.5176 148.0569 137.6876 127.995 119.6918 121.7956 125.7439 127.7807 128.1701 126.3252 122.9525 122.2196 121.6746 120.4025 118.1263 116.1023 124.844 129.5746 135.2508 131.6684 127.1746 121.3892 113.8724 118.8651 120.4906 157.2581 192.6324 235.2641 265.7911 217.5 193.5414 210.4449 209.4085 216.3805 216.4486 198.4555 167.6187 150.342 127.8226 104.6508 96.59817 121.4415 207.2743 222.5777 214.4981 230.2047 285.8868 274.7445 161.7252 112.1052 216.3819 249.7987 190.9999 130.668 235.2402 382.6024 338.5782 223.4509 141.7821 123.6797 105.2683
146.8615 156.502 150.0468 144.6152 136.7671 129.3695 125.1681 125.6966 126.1893 126.9864 128.0441 125.0661 124.4342 123.8697 122.7812 120.9297 117.5399 113.3817 121.0106 126.668 132.2308 131.3463 128.686 122.3381 119.7418 126.3497 127.7621 152.0675 197.2154 242.9583 265.0611 231.4403 214.1729 226.5128 242.3544 235.3339 224.2339 198.8595 166.6969 142.7727 121.4276 100.5489 91.48055 111.7041 174.4674 224.3575 206.8046 223.7068 283.9567 315.5016 252.6246 125.9821 140.5006 195.0186 204.6948 149.7904 179.8062 303.8479 294.6451 209.1521 138.4226 122.8972 124.7958
145.2372 151.6801 145.6233 142.4668 138.5309 133.9634 132.8331 133.5538 130.376 126.6979 127.6189 128.0783 126.7084 125.8038 124.0113 121.5304 116.4369 118.0859 123.0735 125.5358 127.0058 133.6434 132.0401 125.0745 125.0043 127.6317 135.2549 158.1497 208.603 256.124 259.0029 233.6788 222.6378 231.3221 253.36 251.8888 236.2826 208.1681 178.1603 152.0012 130.455 108.432 98.18527 100.5751 166.1105 204.6105 202.9911 219.434 259.4044 280.744 290.1269 185.5722 128.3499 123.4148 162.067 166.7417 162.4138 230.5952 256.9966 186.8724 143.6277 135.1454 126.3256
140.1023 146.8182 141.4816 139.6638 138.9596 138.4641 138.6278 141.4929 137.0421 126.4133 127.4041 127.7855 127.4234 127.2721 125.0689 121.4484 116.6186 122.0437 124.4615 125.0616 131.2236 140.818 141.3874 128.7899 128.6597 128.568 134.0491 159.7816 203.4647 237.4298 265.4189 221.9883 222.3537 257.7807 263.193 261.9383 251.9111 207.9686 177.4681 169.1675 144.1561 115.181 102.6198 99.72945 143.8528 175.3116 182.9697 212.5242 220.6449 224.875 283.8129 294.1728 197.7613 94.81312 104.8508 139.6911 148.4871 183.8866 197.1452 175.4774 169.6391 151.7875 125.0731
134.7722 140.0374 137.6872 136.99 138.2175 139.5221 141.5384 140.8801 131.804 123.4897 125.6396 126.4825 126.0915 125.5493 123.951 120.3647 120.1276 123.4174 124.5933 122.7607 132.0894 146.5096 139.2257 135.0743 137.606 135.2249 149.1147 176.0293 194.2748 222.7583 236.81 222.3214 221.4113 286.5953 272.7213 269.7719 274.4807 221.2092 179.1119 165.9266 138.8916 128.0339 112.6548 106.2182 115.6336 122.1679 150.3384 222.4446 217.306 168.0747 257.6009 338.188 265.7244 136.1784 69.42188 81.9313 123.9172 155.5555 181.3721 203.5587 208.1862 190.5563 129.0107
133.1793 134.4952 134.2263 135.3196 136.7223 140.2911 143.929 140.8243 134.4496 127.3608 126.2313 126.281 125.8641 124.2844 121.4325 124.1958 125.4345 124.5233 122.9244 127.0016 133.5418 143.8614 141.1817 140.375 141.3386 144.6274 162.6086 185.8865 205.1534 224.7362 222.9615 215.5813 213.4962 275.6761 280.6498 267.2258 277.0352 258.9071 194.8457 172.7565 141.9616 136.1284 126.0227 110.5577 98.75784 95.48437 123.0913 212.173 212.9512 144.0399 222.5235 354.0566 286.3225 188.743 91.77951 51.32455 83.9519 134.8786 167.1973 205.328 211.5444 203.1072 158.7123
132.0202 130.9571 130.531 133.5543 137.568 142.9151 144.4343 141.6025 138.1491 132.675 128.8611 126.9438 124.9772 122.8573 123.7241 129.1824 129.7782 128.0913 123.5179 127.0063 130.7138 132.5963 135.7647 139.1461 140.1666 167.7616 185.495 185.1534 208.5271 231.0279 226.5794 213.708 207.826 248.9499 290.2239 267.8716 271.8661 274.0089 216.024 193.1116 180.3589 158.5194 138.4105 127.4828 100.4599 92.31159 112.591 191.0215 198.6953 134.9557 220.218 330.9371 292.514 192.6559 108.279 44.9598 50.72287 105.4563 166.5201 208.2329 221.2929 231.98 181.6618
130.347 127.5564 123.4356 128.9254 137.0071 147.8896 144.1586 143.1002 141.6337 138.4315 133.8681 128.5381 123.1345 120.6486 133.0183 139.3513 137.4179 128.5764 125.0591 123.6664 123.0755 119.7547 130.6925 136.5805 156.1062 184.126 189.3907 203.3589 223.6901 248.1414 246.565 216.8833 199.0482 226.1841 267.8417 267.5027 266.7211 259.8625 219.5943 209.2046 195.1517 188.5281 178.5729 146.7369 116.5655 89.80757 101.5175 147.1879 167.2032 140.5972 185.1974 275.2268 257.7359 171.5419 109.5336 50.77434 45.14673 93.19054 157.8504 203.1911 223.5038 217.0341 189.1647
130.7082 127.1353 116.458 124.0441 136.4877 148.1971 144.0438 144.3101 144.9628 143.3887 139.3969 133.4102 122.803 122.2291 133.2813 146.3153 132.9995 125.8251 124.3057 123.4745 119.9961 110.4202 131.9249 141.3239 171.1685 185.7173 194.3801 205.845 240.2697 274.266 269.2707 239.8003 196.9069 205.879 236.3732 260.6077 257.4539 245.6004 230.6705 228.5189 233.5981 207.5048 196.4172 158.463 139.1132 101.6327 104.9886 126.8828 145.9742 153.9825 175.5704 185.7775 213.9511 171.485 97.80549 52.34899 45.42995 87.78025 145.6313 184.2026 205.8603 199.4609 178.9187
135.1518 129.0926 118.9233 118.5635 132.4816 143.4044 140.0801 142.8152 146.1311 147.4865 142.3168 130.317 121.427 122.9953 130.302 142.993 134.0761 129.2818 126.353 122.3718 115.4816 116.2658 135.5229 158.0435 181.3933 185.398 198.5389 206.7715 245.6482 296.003 307.7136 250.0295 196.8985 196.7603 216.4515 241.6751 242.2069 231.0718 227.2432 230.7713 246.563 215.5877 185.0162 165.316 151.6631 126.1541 107.3123 117.5075 139.6316 169.1964 182.526 161.8828 183.7431 170.2823 96.04381 48.84879 49.49944 89.10953 137.3656 162.6654 191.6358 186.5581 170.0164
136.3773 124.2275 114.611 117.8347 128.1957 134.2206 132.7508 139.2582 146.2664 149.1844 138.8631 132.6005 129.3941 128.1839 131.5663 138.2601 132.5033 131.1943 128.6851 123.6378 113.1768 119.3066 135.2414 161.1809 180.8316 184.1844 196.0233 210.5018 245.7332 314.827 338.9861 274.128 216.5409 214.24 216.9348 224.8773 216.6732 215.5927 220.0757 224.2665 242.6432 224.6607 184.9598 174.2853 158.434 137.7358 117.5734 108.8791 137.9937 164.6077 177.1983 158.2681 185.8362 223.3984 115.7179 39.60351 38.60976 81.27721 118.7846 147.9996 182.1247 174.458 161.3447
129.902 123.7439 122.1167 125.6078 128.1022 127.0419 122.868 136.7035 152.3463 149.6853 144.2858 140.0946 139.6918 139.3335 134.9481 133.3765 129.7203 129.7221 127.6502 123.144 114.1156 121.0481 136.8421 159.2673 178.3654 180.6927 185.4077 203.7826 277.8908 354.2947 355.3221 307.1588 253.6486 229.1606 224.3721 215.9428 204.1698 199.5992 205.2716 216.4221 228.7961 234.8206 197.4165 188.4779 164.4267 146.7447 102.7758 97.60236 117.6981 142.833 154.3074 158.0839 197.0298 259.5078 185.8476 53.84398 36.53459 53.10137 96.00048 143.1429 168.7442 167.1746 148.6547
131.3699 127.8906 127.4703 131.9153 138.371 125.4373 111.0785 134.4514 158.5893 150.0386 146.9753 144.8529 145.634 151.5284 141.6478 128.7095 124.3638 128.9822 128.3505 124.357 114.3228 126.004 139.7648 161.4013 177.1677 178.7764 177.4698 199.5818 285.0661 395.4551 358.4383 318.5635 283.3817 248.7438 233.8735 217.4251 202.2671 189.6969 192.6765 206.3394 218.9314 209.2166 195.225 201.6714 167.2513 169.7206 110.6637 87.71367 105.1419 135.9038 135.2365 145.516 190.845 231.4681 206.5439 78.11058 43.90918 48.25768 64.22004 122.4941 162.9032 159.9485 137.9248
132.0976 130.3668 129.3206 131.1032 136.8441 121.5357 112.095 131.9182 154.7595 147.6821 145.1393 144.6003 145.346 151.6004 137.8436 123.4715 123.6997 128.3105 127.5564 124.6953 120.3552 131.0585 142.862 163.9871 176.2671 177.2532 172.3183 200.314 273.7208 407.7016 383.8726 340.6219 297.159 255.5205 230.6592 215.3452 206.7214 194.6621 184.6615 197.6981 204.4647 194.0668 185.1888 196.1357 164.8634 149.8085 139.1199 99.56629 113.4221 129.7994 132.361 141.2447 175.3202 202.5146 171.8366 103.6424 64.0644 53.10536 49.96402 84.37957 132.9933 133.0916 106.999
130.0533 129.0792 128.814 128.8359 129.9126 123.4186 119.4623 130.1099 146.405 145.9409 143.6282 142.5279 143.5713 146.4465 137.5446 122.5026 122.2158 125.382 123.547 122.6717 135.4977 144.1593 145.9176 161.679 170.4002 172.4093 169.7886 199.496 260.59 401.1795 407.0799 353.3799 292.6133 246.5367 216.2669 201.8031 209.7925 203.6711 172.2178 189.0548 209.0392 173.6878 163.365 174.5581 154.0441 156.6037 145.9368 118.3856 120.2328 119.0896 124.929 135.6027 155.6055 173.6851 149.5043 128.5387 91.36924 71.49868 53.76846 67.82662 95.55307 98.40134 87.73386
129.1594 128.0555 126.9254 125.3973 126.0639 130.6392 130.2876 134.0947 141.0981 144.1652 144.0375 143.9026 144.3821 143.8846 140.2523 133.4876 128.1407 124.8608 119.5824 127.4966 139.2166 147.6935 165.2721 170.2345 166.1386 169.9557 174.8052 206.5827 275.3604 422.1247 431.4633 368.4184 291.1382 246.2755 214.1907 199.9096 217.3544 206.1872 169.9506 186.3074 189.3515 159.0642 152.2475 161.3484 156.2165 169.4796 170.5849 147.0798 140.6303 101.1036 112.8972 124.9419 144.8143 161.5439 144.5928 160.6314 129.4522 90.8663 79.38389 68.68389 64.41082 73.39616 70.82068
129.7247 127.5272 124.9325 123.3222 123.279 132.1667 136.7516 140.2663 140.3304 142.7396 143.0807 143.0023 144.3054 143.8228 143.2518 142.3005 137.5889 128.6984 118.6124 128.0857 134.9115 151.4705 180.3434 172.5663 167.5508 163.417 185.7414 225.4797 324.2717 428.8184 452.9629 346.7413 277.236 244.5287 219.6062 204.8634 211.0016 208.0654 180.0725 176.9534 150.6076 146.3477 157.1391 179.8476 178.9963 178.6935 169.9557 161.5782 167.8837 106.3649 101.8457 113.1808 133.2436 159.2815 165.4195 180.5967 148.8026 110.083 95.3073 78.32983 59.95782 58.62384 64.69052
131.7608 129.8805 125.5009 121.4238 120.2402 132.7696 140.1329 145.6676 141.9764 142.0555 142.4063 142.0169 142.6263 144.5808 145.8063 145.0537 140.8721 127.4801 121.4043 131.9037 131.6201 146.5499 169.509 169.0603 161.5419 163.8607 182.4384 261.7428 403.8271 490.7258 435.6163 322.5824 248.3871 229.4915 211.5724 196.5589 207.007 199.5976 170.7853 168.1728 141.3464 147.7753 171.2287 182.0472 191.4289 181.2386 169.3662 155.762 129.2117 106.6714 102.3758 107.6219 127.1919 159.0171 183.7113 187.8096 150.4624 138.0849 107.259 76.28159 55.64621 55.85954 51.68665
133.0116 132.5454 127.6575 116.7006 126.3878 135.3027 146.9865 144.3248 146.1222 145.7631 143.4649 140.2781 139.6016 145.6591 144.9903 142.0984 136.2232 129.6151 133.2394 138.7125 134.8284 149.9743 158.9964 161.832 152.4803 165.9223 199.7343 302.2225 455.5166 518.1793 419.7077 313.2066 234.9328 222.4599 210.1467 195.6281 198.0971 165.3633 155.7042 150.0118 143.712 153.8336 170.1623 173.2107 183.2854 172.9675 151.004 133.5106 125.9588 115.3765 110.0993 111.3021 124.8305 147.239 170.4643 188.2228 153.0894 137.7743 94.01665 66.27258 54.97784 49.45672 43.24841
129.3969 128.829 122.0122 117.352 124.2546 134.9837 145.0968 146.551 148.9814 151.2054 151.4042 141.991 138.0458 145.5186 145.793 138.626 136.3799 138.9014 142.1167 137.5582 143.6315 156.886 160.327 160.3586 153.2589 165.3408 210.121 325.763 468.053 513.376 412.1165 298.9695 221.607 222.0124 212.9369 196.6121 178.8463 147.1868 144.3841 153.267 170.001 186.2178 187.2501 179.903 178.6225 165.8979 135.2934 121.879 117.1806 115.921 117.013 121.3863 132.0308 150.0049 171.1972 191.3413 143.0227 117.3243 85.69884 61.11208 51.98116 42.88301 37.46193
125.7714 126.9415 127.1402 123.6096 124.8368 131.0567 141.4901 145.0247 148.8332 152.3625 155.1574 138.9084 135.9193 140.2069 140.4887 138.1604 132.2145 138.28 143.1646 145.8712 150.9371 156.9066 165.1519 164.5516 166.482 174.5101 220.1162 332.7778 458.58 495.0893 375.3657 292.6198 231.1448 225.8332 221.4935 183.481 167.7365 131.5886 139.221 166.0808 205.3405 206.8884 190.6252 172.9813 169.1924 154.1732 125.307 114.7114 112.3456 113.1777 118.6972 128.0508 140.7673 156.1951 177.8907 180.403 140.1205 111.1386 81.99079 60.11049 50.23696 39.55696 32.43099
127.6391 123.3465 125.7076 127.1762 128.0943 130.6359 139.5316 144.4356 148.1784 153.6595 152.2448 145.2116 141.1432 142.5307 144.1791 138.759 132.6033 136.0311 136.1942 147.0994 155.2038 157.676 160.9325 168.7172 178.692 216.7242 267.0909 349.335 435.3734 452.7241 350.9236 293.0055 254.4772 220.223 234.6991 171.3744 143.9423 121.0913 142.37 184.0611 209.7191 210.5774 175.4182 150.9841 166.5639 146.3567 116.5683 111.0262 108.7282 108.1035 117.6298 130.6493 145.4719 161.2823 187.0056 164.845 134.5209 108.109 78.11343 57.71178 44.96294 35.72671 26.32455
