py_wake/examples/data/AJ_ParqueFicticio/Rough survey   Sector 4   Height 30m   Weibull-A.grd
DSAA
73  159
 258469   265669
 6501692   6517492
 .2238723   12.80291
[rows 28 to 55 of 159, columns 0 to 62 of 73]
5.838881 5.846382 5.85021 5.851151 5.856676 5.867028 5.87044 5.870649 5.86709 5.891712 5.925874 5.961232 5.989921 6.033056 6.02388 6.026136 6.04418 6.062904 6.075956 6.086271 6.080617 6.04327 6.060275 6.045235 5.995502 5.887084 5.765071 5.730768 5.781472 5.806783 5.859845 5.87211 5.730109 5.374069 4.968979 5.473757 5.716076 5.621916 5.607096 5.227594 4.863488 4.91376 5.007252 5.526542 5.75103 5.787601 5.602744 5.533091 5.949859 6.427062 6.708697 7.197428 8.55824 9.455222 8.901119 9.241753 10.60929 11.10297 9.934288 8.03942 6.839882 5.652746 4.568187
5.831109 5.843467 5.857143 5.861589 5.87245 5.873021 5.868978 5.878519 5.896655 5.910899 5.933026 5.959301 5.991079 6.004675 6.009608 6.010804 6.027803 6.055541 6.077321 6.101671 6.045123 5.984553 5.99167 5.991941 5.957907 5.876222 5.783799 5.752258 5.75878 5.78869 5.806479 5.802243 5.614542 5.188191 4.993404 5.454159 5.55731 5.480415 5.455777 5.26652 4.997092 4.860875 4.985249 5.254927 5.48246 5.59507 5.563014 5.670923 6.221262 6.848895 7.171492 7.69106 8.721437 9.762265 9.867852 10.23292 10.83016 10.85044 9.414509 7.73107 6.382482 5.033076 4.394758
5.818854 5.832557 5.84997 5.855667 5.864503 5.873037 5.871983 5.879285 5.895869 5.911309 5.922912 5.93612 5.955124 5.963785 5.966295 5.986398 6.017805 6.050501 6.087647 6.091874 6.030357 5.981683 5.953499 5.946625 5.908518 5.859522 5.810689 5.772263 5.740306 5.741644 5.744212 5.755204 5.508774 5.160104 5.105475 5.367536 5.442434 5.398069 5.348008 5.294429 5.095373 4.793454 4.978837 5.200368 5.285631 5.375711 5.535545 5.937099 6.493983 7.154818 7.52608 8.212314 8.988805 10.03243 10.85551 11.15451 11.36832 10.44145 8.740353 7.112846 5.49892 4.457313 4.670195
5.813283 5.824089 5.831628 5.837967 5.85075 5.861889 5.865331 5.870004 5.882169 5.893177 5.902976 5.917091 5.927518 5.90946 5.940056 5.969586 6.006978 6.065138 6.120885 6.062478 6.013808 5.979579 5.937042 5.905432 5.880846 5.845808 5.80537 5.80454 5.747768 5.702906 5.725527 5.705014 5.483666 5.237123 5.243176 5.335461 5.316058 5.245395 5.22056 5.324647 5.13672 4.920041 4.876939 5.114376 5.288337 5.343194 5.50721 5.979666 6.561191 7.106905 7.729499 8.555029 9.360402 10.23898 11.37904 11.86301 11.74942 10.10726 8.080541 6.373621 4.832946 4.204838 5.543979
5.794647 5.809509 5.825848 5.834026 5.847788 5.854696 5.865117 5.864784 5.869588 5.877613 5.884459 5.893772 5.900908 5.851409 5.89838 5.943686 5.999191 6.099977 6.101689 6.030822 5.989247 5.961019 5.922126 5.887221 5.859582 5.812768 5.785288 5.773641 5.702703 5.672583 5.677251 5.614326 5.426777 5.282059 5.262932 5.327091 5.298062 5.106543 5.1118 5.273304 5.308401 5.067847 4.9558 4.948115 5.156122 5.499603 5.937532 6.190755 6.426682 6.924785 7.589591 8.404971 9.346386 10.4511 11.8254 12.2993 11.72612 9.729246 7.638413 5.883498 4.562162 4.536849 6.805042
5.79941 5.815345 5.82569 5.845178 5.85801 5.869698 5.86778 5.87605 5.880963 5.884465 5.886286 5.892366 5.874671 5.820714 5.883277 5.930473 6.000045 6.125313 6.07135 6.011992 5.963441 5.938207 5.910204 5.871201 5.846562 5.812588 5.765148 5.782175 5.730853 5.661287 5.63804 5.579583 5.456137 5.329717 5.243052 5.248693 5.261347 4.994634 5.021807 5.10977 5.244398 5.247571 5.159143 4.946176 4.959799 5.394614 6.047844 6.373762 6.52621 6.956947 7.579177 8.440612 9.27613 10.29596 11.65759 12.66319 11.64935 9.453909 7.402363 5.859653 4.552397 4.935839 7.851913
5.823735 5.837745 5.842748 5.853372 5.859443 5.876858 5.872642 5.880681 5.893105 5.896993 5.907561 5.901941 5.886077 5.849036 5.904134 5.961434 6.03511 6.13414 6.034352 5.965487 5.922866 5.885592 5.863492 5.836734 5.813433 5.789213 5.773258 5.754733 5.721863 5.678176 5.618016 5.566669 5.492604 5.393813 5.244106 5.130128 5.248286 5.025154 4.908713 4.883382 5.130995 5.343494 5.384327 5.372964 4.854799 5.170744 5.830933 6.30454 6.498429 7.072718 7.708991 8.774969 9.604997 10.26447 11.47357 12.5273 11.69111 9.608444 7.533158 5.863613 4.826633 5.625359 8.175669
5.80749 5.840272 5.851389 5.861317 5.862584 5.869776 5.876079 5.875003 5.881191 5.894169 5.901252 5.89795 5.879014 5.875314 5.942374 6.000875 6.064073 6.119145 5.971417 5.878248 5.835337 5.814596 5.807849 5.797249 5.790859 5.794608 5.770258 5.744112 5.703204 5.661995 5.606299 5.540305 5.473707 5.391299 5.22091 5.066054 5.123583 5.111835 4.852291 4.612909 4.978153 5.318217 5.748794 5.81701 5.347813 4.905622 5.575651 6.315591 6.700078 7.224794 7.842388 8.989795 9.871958 10.57156 11.45323 12.33114 11.74238 9.977376 7.566257 5.759214 5.401842 6.728614 8.390643
5.778318 5.807498 5.828195 5.856143 5.877759 5.893966 5.875805 5.876334 5.88693 5.891517 5.902663 5.898466 5.881013 5.868704 5.943218 6.008972 6.074162 6.129613 5.94882 5.790062 5.744767 5.747015 5.757987 5.772405 5.80854 5.797534 5.764322 5.727196 5.682408 5.638124 5.584026 5.505608 5.426363 5.402071 5.277389 5.105192 4.948928 4.921839 4.635931 4.572671 4.880296 5.43666 6.093631 6.425112 6.063796 4.796248 5.026577 6.048914 6.824479 7.429788 7.879485 8.952553 10.01762 10.64279 11.44543 12.26155 11.84108 9.926233 7.258249 5.692043 6.311376 7.976508 8.988253
5.719861 5.771812 5.806894 5.840151 5.875193 5.89506 5.873827 5.893186 5.897588 5.904881 5.899298 5.896888 5.885402 5.859632 5.922729 5.965265 6.001872 6.025195 5.990466 5.846268 5.687808 5.708785 5.727674 5.75738 5.831495 5.795025 5.753386 5.703499 5.656142 5.595584 5.517762 5.47332 5.451987 5.433644 5.3875 5.226268 4.807238 4.744485 4.653497 4.398434 4.837115 5.749016 6.528758 7.055849 6.958545 5.424055 4.560658 5.515723 6.629427 7.370244 7.813277 8.588102 9.542784 10.29535 11.24314 12.25321 11.82539 9.753369 7.034378 6.010049 7.214411 8.883019 9.583915
5.73147 5.777782 5.810324 5.829679 5.852704 5.880768 5.852715 5.876384 5.898323 5.914671 5.921029 5.928192 5.907288 5.864941 5.888899 5.907146 5.922926 5.927342 5.918159 5.84397 5.649149 5.697789 5.722038 5.76195 5.825721 5.777942 5.73432 5.687115 5.633233 5.555451 5.455197 5.49889 5.482634 5.440952 5.409736 5.184402 4.710006 4.525092 4.361266 4.423813 4.77649 5.674469 6.711658 7.526486 7.701905 6.428415 5.055244 5.302442 5.678632 6.748602 7.689239 8.295711 9.199746 10.12587 11.29391 12.42206 12.10696 9.788937 7.242836 6.611812 7.964741 9.088557 9.642273
5.768383 5.818037 5.848311 5.867974 5.876149 5.901746 5.855771 5.885437 5.912891 5.939724 5.959156 5.967521 5.884355 5.860013 5.873888 5.881904 5.90017 5.907197 5.892166 5.761518 5.652767 5.705832 5.743946 5.794521 5.79747 5.757696 5.71462 5.671895 5.617426 5.523366 5.44552 5.465002 5.467715 5.451574 5.42438 5.174099 4.719001 4.339777 4.026164 4.384915 4.807746 5.631269 6.557477 7.590084 8.157323 7.24469 5.722738 6.090026 5.888285 6.123415 7.454566 8.301198 9.144505 9.970316 11.1443 12.45889 12.16734 10.27983 8.141799 7.592354 7.962971 8.609893 8.981803
5.749216 5.806004 5.85811 5.893077 5.908002 5.88411 5.882588 5.91014 5.939919 5.965784 5.978554 5.975595 5.872662 5.853706 5.862916 5.87768 5.886302 5.872437 5.856893 5.794178 5.744739 5.745954 5.767071 5.802972 5.750781 5.688463 5.66444 5.624121 5.578439 5.506198 5.484684 5.480565 5.465573 5.4719 5.447373 5.278996 4.827241 4.176826 3.926846 4.373395 4.922854 5.728144 6.407438 7.459807 8.200273 7.735333 6.399219 6.356016 6.297824 6.290224 7.214943 8.233123 9.206924 10.04053 11.16059 12.19989 12.28743 11.09394 9.151113 7.997776 7.458097 7.780478 8.218317
5.791974 5.832146 5.866864 5.888343 5.89985 5.888606 5.850682 5.892298 5.937932 5.970315 5.990211 6.015887 5.853782 5.791898 5.813883 5.834711 5.842961 5.846933 5.833226 5.794468 5.812655 5.823144 5.826079 5.827532 5.760119 5.61641 5.622488 5.601944 5.586664 5.534404 5.520116 5.508999 5.493055 5.472129 5.469062 5.380482 4.839768 3.948534 3.918021 4.379894 5.058163 5.799786 6.268818 7.301499 8.135666 8.006552 6.765513 6.257963 6.411403 6.655499 7.308672 8.151999 9.101027 9.93612 10.99085 11.9601 12.083 11.68593 10.24094 8.510422 6.992998 6.698166 7.17111
5.850705 5.884492 5.921199 5.939709 5.918915 5.885548 5.821303 5.853107 5.902557 5.929999 5.947719 5.95534 5.901533 5.8036 5.805704 5.824425 5.830621 5.83954 5.812659 5.762488 5.794682 5.839024 5.888624 5.898332 5.690139 5.589479 5.592686 5.586413 5.583647 5.543107 5.523558 5.49498 5.500947 5.489347 5.480298 5.34097 4.775345 4.08491 3.948273 4.517693 5.139324 5.690246 6.136673 7.155574 7.785871 8.03185 6.925066 6.019359 6.677273 7.169884 7.699822 8.295465 9.044182 9.649275 10.49901 11.67619 12.30993 12.18829 11.05933 9.28588 7.596225 6.154821 6.105091
5.873051 5.922684 5.972709 6.034342 6.012225 5.900939 5.763043 5.815537 5.897602 5.935589 5.963494 5.953518 5.88203 5.82583 5.822707 5.826424 5.828187 5.828626 5.796558 5.69705 5.758303 5.832586 5.895362 5.841394 5.691348 5.629407 5.613063 5.588717 5.574314 5.5336 5.509043 5.511403 5.496572 5.479284 5.527687 5.324666 4.954884 4.505178 4.227555 4.688081 5.093793 5.650991 6.228915 7.200903 7.756113 7.750971 7.005781 6.296181 6.797763 7.478018 7.938075 8.307534 8.975699 9.389597 10.28296 11.97618 12.66014 12.46136 11.23198 9.520839 8.265222 6.886023 5.80678
5.857091 5.898526 5.947774 6.036278 5.953175 5.861078 5.753828 5.785213 5.857479 5.917059 5.970949 5.929152 5.823058 5.803422 5.814042 5.815343 5.820573 5.802263 5.771158 5.683242 5.73033 5.815435 5.891232 5.894792 5.677747 5.64223 5.647368 5.648463 5.60382 5.536668 5.523597 5.555474 5.516282 5.497041 5.592365 5.404715 5.163284 4.867915 4.600693 4.816514 4.88498 5.709197 6.433362 6.879349 7.30792 7.264301 6.772192 6.581028 6.860726 7.60971 7.842674 7.938274 8.370172 9.299968 10.43755 12.21123 12.55288 12.08029 10.88381 9.419965 8.240988 7.245594 6.46225
5.856778 5.88916 5.923019 5.993459 5.962334 5.824507 5.735404 5.803723 5.858858 5.894633 5.945406 5.911803 5.843653 5.814888 5.819765 5.823346 5.827183 5.807272 5.767383 5.68778 5.732387 5.796979 5.854582 5.872582 5.747426 5.655468 5.672502 5.688058 5.636351 5.440188 5.47776 5.625644 5.46045 5.377674 5.63385 5.474097 5.249644 5.009732 5.00013 5.041399 4.999412 5.56354 6.23884 6.39157 6.714896 6.792803 7.068061 7.2686 7.455543 7.750309 7.958968 8.102611 8.518219 9.784768 11.01123 12.25245 12.39149 11.10603 9.959684 8.920954 8.154832 7.458422 7.011699
5.843916 5.896528 5.942614 5.951933 5.950984 5.904525 5.871351 5.927229 5.969242 5.949034 5.960518 5.900413 5.832386 5.80896 5.814883 5.821012 5.815483 5.797413 5.762656 5.707332 5.768595 5.837939 5.884717 5.888216 5.743281 5.674562 5.699156 5.706083 5.66976 5.535003 5.469858 5.657361 5.570643 5.320341 5.654058 5.521204 5.285008 5.0689 5.003128 5.201173 5.304587 5.477658 5.736262 6.102571 6.681461 7.135525 7.176747 7.384292 7.373572 7.674586 7.81692 8.534204 9.067535 10.00516 11.09099 12.02575 12.25368 10.84507 9.240689 8.446877 7.804677 7.441998 7.412919
5.820102 5.870385 5.911818 5.91111 5.931349 5.954684 5.974828 6.033437 6.118969 6.119228 5.953902 5.887525 5.780981 5.722032 5.74073 5.771664 5.78331 5.781497 5.765428 5.759166 5.830057 5.891873 5.921378 5.859975 5.696112 5.659136 5.679515 5.686028 5.647023 5.579287 5.491407 5.620488 5.60453 5.361875 5.637176 5.626885 5.341673 5.141932 4.943254 5.218637 5.378142 5.535481 5.824562 6.152719 6.802836 7.353026 7.152642 7.090784 7.295279 7.578289 7.92497 9.062208 10.00081 10.4918 10.94185 11.35238 11.62546 10.6208 9.124766 8.328904 7.660563 7.369891 7.217705
5.811099 5.844306 5.880455 5.867283 5.920124 5.962309 6.012129 6.082607 6.20347 6.090913 5.956305 5.864481 5.739563 5.601973 5.665245 5.719809 5.75536 5.77432 5.76709 5.701421 5.788762 5.847825 5.888986 5.918983 5.712504 5.558095 5.641827 5.657205 5.650261 5.596381 5.701785 5.808811 5.773424 5.435236 5.625742 5.699314 5.477253 5.305763 5.028886 5.25955 5.478637 5.616663 5.795762 6.241847 6.680745 7.108108 7.039651 6.936134 7.180944 7.70149 8.485612 9.310903 10.2508 10.67752 10.7769 10.2914 10.34001 9.941061 8.888906 8.486106 8.055126 7.319535 6.949247
5.844072 5.882765 5.888981 5.853342 5.914002 5.96976 6.037573 6.131377 6.17521 6.102905 5.942101 5.824194 5.708714 5.608941 5.65189 5.738826 5.762438 5.769619 5.758038 5.638252 5.71469 5.771409 5.810591 5.807014 5.762569 5.587575 5.655181 5.69915 5.690991 5.704726 5.812839 5.834152 5.720189 5.634797 5.735275 5.783134 5.605673 5.444235 5.182498 5.258555 5.337982 5.594495 5.775863 6.051507 6.354044 6.713822 6.628949 7.094422 7.746149 8.349243 9.122178 9.640131 10.00477 10.37661 10.52555 9.621598 9.370986 9.106538 8.122368 8.278576 8.400343 7.71756 7.163031
5.840067 5.888829 5.916743 5.858685 5.927928 5.994997 6.087048 6.193239 6.120932 6.056911 5.91681 5.76584 5.663273 5.616918 5.709356 5.761772 5.792078 5.823235 5.73384 5.605903 5.700036 5.748914 5.775955 5.751574 5.710634 5.731159 5.774613 5.773291 5.762093 5.849419 5.891617 5.841808 5.748904 5.721536 5.85284 5.850292 5.598335 5.486466 5.318746 5.24615 5.309668 5.47124 5.755541 5.711972 5.943245 6.434553 6.874061 7.435164 8.014655 8.753894 9.660604 10.16761 9.586566 9.664111 10.24793 9.473691 8.651814 8.473506 7.474287 7.6192 8.189974 8.168948 7.572186
5.807294 5.863726 5.912408 5.933809 5.974279 6.035596 6.143153 6.144355 6.088223 6.013628 5.885354 5.738549 5.63583 5.639975 5.700074 5.742939 5.75285 5.733406 5.714978 5.728801 5.774195 5.787624 5.760787 5.708087 5.759494 5.838375 5.885295 5.838889 5.801895 5.957541 6.06238 6.024287 5.796743 5.739064 5.943374 5.910525 5.553342 5.517719 5.404438 5.175949 5.27515 5.313433 5.709831 5.771355 5.970673 6.569307 7.043658 7.530159 8.14257 8.750903 9.782531 10.55321 9.536135 8.600376 9.43004 9.664797 8.693486 7.925189 7.067386 6.856018 7.625328 8.219147 8.121855
5.799682 5.868258 5.916992 5.94773 5.993632 6.049208 6.137754 6.120127 6.056855 5.999234 5.893896 5.781096 5.710038 5.704529 5.736042 5.752404 5.721539 5.678164 5.730822 5.799626 5.847445 5.869816 5.730088 5.713317 5.783097 5.856422 5.861979 5.80933 5.858083 5.985363 6.138244 6.008455 5.789211 5.851489 6.110291 6.056162 5.717494 5.489706 5.467313 5.395061 5.238043 4.896399 5.346282 5.562901 5.907919 6.616287 7.161961 7.438968 8.029332 8.6081 9.986588 10.81414 9.673639 7.665904 8.359114 9.255503 9.078126 8.293251 6.825395 6.316738 6.996339 7.830069 8.156013
5.840285 5.901329 5.92764 5.976235 6.023995 6.080425 6.140682 6.084589 6.027194 5.981337 5.912268 5.830771 5.768935 5.753847 5.776987 5.814123 5.754773 5.631882 5.696646 5.771945 5.798266 5.775705 5.732352 5.747691 5.805655 5.873048 5.824397 5.830199 5.890803 6.024847 6.149003 6.07969 5.839231 5.958542 6.259766 6.333777 5.911617 5.55815 5.415188 5.76415 5.706508 5.087434 4.913235 5.144815 5.618909 6.282216 6.863735 7.22419 7.818073 8.5165 9.909267 10.81448 9.906137 7.403924 7.227838 8.642582 9.270862 9.124247 7.534251 5.656255 6.251268 7.056778 8.073461
5.920039 5.947929 5.940051 5.985171 6.050491 6.13399 6.105727 6.056009 6.017668 5.976162 5.937931 5.88387 5.825049 5.775221 5.760586 5.761444 5.671176 5.645722 5.719285 5.762564 5.76202 5.702538 5.691106 5.749587 5.817813 5.856539 5.816252 5.776952 5.799555 6.100325 6.281262 6.297283 5.853405 5.97714 6.418586 6.740653 6.540285 5.744922 5.105209 5.830643 6.013072 5.723691 5.306125 4.929919 5.254101 5.996767 6.415347 6.803947 7.776668 8.452861 9.46612 10.48753 9.927906 7.610514 6.396893 7.712777 9.187454 9.637568 8.208548 6.15499 5.28505 6.240218 7.963139
5.960596 5.967232 5.992184 6.040546 6.09645 6.160185 6.08506 6.038064 6.00488 5.976873 5.95263 5.922376 5.889125 5.833957 5.739582 5.745239 5.76049 5.738175 5.784759 5.855196 5.816436 5.607743 5.653956 5.720609 5.788442 5.816672 5.774923 5.671293 5.67602 6.074507 6.588675 6.589729 5.803978 5.990986 6.349585 6.894122 6.934103 6.306396 5.170341 5.35571 6.251165 6.114995 5.963798 5.505378 5.329917 5.920027 6.224257 6.29284 7.249355 8.022743 9.123674 10.18036 9.785184 7.659493 5.924868 7.040016 9.183198 9.972668 8.623995 6.680013 4.874115 5.620574 7.933421
