py_wake/examples/data/AJ_ParqueFicticio/Rough survey   Sector 7   Height 30m   Mean speed.grd
DSAA
73  159
 258469   265669
 6501692   6517492
 .388786   8.405198
[rows 56 to 83 of 159, columns 0 to 62 of 73]
3.605211 3.659128 3.637573 3.636404 3.619985 3.679535 3.67545 3.687121 3.672239 3.682437 3.682578 3.693004 3.694986 3.640544 3.634617 3.632782 3.649238 3.654367 3.63257 3.603752 3.646846 3.601606 3.542227 3.552064 3.579415 3.558086 3.587873 3.660382 3.77758 3.947255 4.108082 4.328692 4.23213 4.464376 4.446022 4.483208 4.584702 4.605287 4.480679 4.427587 4.47119 4.729959 4.668355 4.495202 4.182645 3.924578 3.747558 3.622319 3.655895 3.779127 3.759295 3.864011 3.803769 3.71412 3.626754 3.494494 3.423785 3.537294 3.637513 3.741934 3.802185 3.71631 3.59893
3.573739 3.634368 3.560908 3.583746 3.600685 3.696636 3.70231 3.683307 3.668367 3.659444 3.663775 3.668891 3.687147 3.705252 3.70034 3.663181 3.65855 3.650551 3.641579 3.646391 3.678038 3.640811 3.57304 3.598305 3.59324 3.564969 3.58778 3.688491 3.881924 4.074493 4.19673 4.38052 4.546655 4.582767 4.619827 4.631312 4.507728 4.566938 4.659843 4.52531 4.469505 4.547954 4.439057 4.318812 4.21111 4.066743 3.794288 3.567444 3.549791 3.728385 3.836407 3.828412 3.69872 3.731251 3.909623 3.932538 3.860911 3.744564 3.592502 3.40794 3.467751 3.484024 3.678315
3.471393 3.462826 3.430371 3.472897 3.522446 3.632195 3.670587 3.643413 3.627039 3.614467 3.617129 3.630557 3.633689 3.63433 3.6559 3.661996 3.650662 3.63429 3.6334 3.64012 3.649792 3.658498 3.620466 3.639851 3.619348 3.589714 3.593049 3.612857 3.755198 3.846611 3.859747 4.087202 4.239266 4.378118 4.363989 4.405848 4.278746 4.319973 4.451431 4.397728 4.347344 4.318368 4.175969 4.134414 4.045165 3.92284 3.685927 3.429179 3.411577 3.606478 3.718347 3.578182 3.546816 3.575307 3.782237 3.866246 3.831331 3.873603 3.891058 3.778386 3.686455 3.685026 3.77593
3.506264 3.446816 3.373377 3.391661 3.417626 3.487783 3.618036 3.597237 3.567922 3.56268 3.564506 3.559146 3.596154 3.59925 3.600579 3.623489 3.635326 3.624989 3.634416 3.6215 3.634317 3.672273 3.680704 3.682028 3.655916 3.628907 3.618734 3.48813 3.35294 3.338525 3.275293 3.390763 3.578647 3.724522 3.768075 3.930031 4.037522 4.144211 4.260142 4.210269 4.122338 4.106925 4.014832 4.02074 3.970887 3.886379 3.624639 3.37537 3.13258 3.113173 3.484589 3.373593 3.343789 3.352216 3.473285 3.619021 3.549705 3.690725 3.827532 3.971555 3.832208 3.741716 3.71503
3.686194 3.559786 3.480516 3.516293 3.491049 3.432094 3.51938 3.530071 3.511244 3.506876 3.503235 3.499919 3.512923 3.536442 3.550094 3.580471 3.618206 3.626252 3.642124 3.629207 3.599255 3.590979 3.617623 3.665195 3.681283 3.700488 3.692581 3.642769 3.552773 3.306223 3.207983 3.242522 3.301618 3.365205 3.42783 3.614919 3.728491 3.840815 3.956111 3.9581 3.856706 3.801071 3.915166 3.984607 3.981246 3.925987 3.773978 3.580297 3.248715 2.988461 3.133641 3.15199 3.181689 3.17657 3.447436 3.583206 3.522115 3.693773 3.714527 3.854681 3.796826 3.758142 3.665515
3.747116 3.594436 3.581446 3.600286 3.575924 3.498126 3.448523 3.461941 3.454874 3.475531 3.477474 3.481288 3.492524 3.518189 3.524101 3.554575 3.60099 3.632725 3.631872 3.641975 3.62143 3.646729 3.621934 3.644243 3.666206 3.70582 3.764023 3.861309 3.884471 3.801091 3.619434 3.40351 3.378444 3.607833 3.493276 3.519964 3.598688 3.665358 3.707346 3.723835 3.653818 3.60058 3.641368 3.860031 3.857746 3.844352 3.784331 3.718357 3.485596 3.088578 2.80123 2.958629 3.18276 3.337729 3.265097 3.451171 3.556793 3.691019 3.646275 3.694808 3.686143 3.650145 3.34572
3.758022 3.653405 3.677473 3.686906 3.675193 3.636593 3.589806 3.49016 3.470746 3.47913 3.482125 3.487474 3.518462 3.518398 3.511263 3.524413 3.551757 3.586774 3.574303 3.60592 3.594883 3.618043 3.612626 3.646799 3.701534 3.725712 3.821477 3.874145 3.953674 3.966826 4.0973 4.086402 4.01466 3.942209 3.738718 3.585152 3.576902 3.549233 3.533244 3.570199 3.573986 3.549162 3.601324 3.680001 3.744226 3.752364 3.749294 3.797152 3.643925 3.439376 3.108013 2.754037 3.055648 3.354117 3.498287 3.524459 3.484703 3.59786 3.633073 3.707739 3.638597 3.485167 3.356689
3.709516 3.673938 3.70785 3.733913 3.728325 3.690195 3.628784 3.522475 3.478269 3.48651 3.515018 3.535269 3.519669 3.514997 3.496352 3.488317 3.494557 3.498129 3.500381 3.508609 3.519161 3.523097 3.530371 3.584691 3.641724 3.712219 3.828331 3.885337 3.929951 4.007942 3.987362 4.029966 4.040025 3.990748 3.886896 3.69593 3.632096 3.542553 3.510221 3.463637 3.43257 3.402719 3.463523 3.546987 3.603178 3.717221 3.7237 3.643567 3.60395 3.496955 3.098537 2.968171 2.875154 3.247649 3.386089 3.290261 3.121225 3.266595 3.41512 3.483189 3.44436 3.506305 3.438545
3.650813 3.662543 3.705498 3.726557 3.721838 3.693857 3.61044 3.524526 3.461642 3.484226 3.498614 3.511766 3.51983 3.507138 3.494332 3.477576 3.502234 3.487652 3.460282 3.452074 3.476318 3.445414 3.433066 3.463945 3.528955 3.668617 3.712495 3.811739 3.863474 3.934205 3.911623 3.955057 3.988558 4.025392 3.954649 3.834994 3.702861 3.612965 3.570292 3.482184 3.344254 3.268393 3.187881 3.177901 3.430032 3.57561 3.546988 3.464423 3.383978 3.484938 3.285715 3.115889 2.7565 2.698835 3.066438 3.1602 2.723852 2.550078 2.52457 2.718328 2.749408 2.830911 3.233168
3.604948 3.622772 3.678672 3.699556 3.704612 3.682102 3.625454 3.540009 3.466417 3.494998 3.497219 3.495378 3.500978 3.489463 3.497411 3.467987 3.483794 3.475681 3.477997 3.492029 3.507385 3.438075 3.416402 3.481897 3.482201 3.50351 3.454651 3.513744 3.577337 3.598804 3.593005 3.758814 3.838471 3.847536 3.765276 3.684271 3.594042 3.547948 3.521022 3.391584 3.326539 3.317198 3.19338 3.146396 3.322993 3.520599 3.474904 3.406691 3.421186 3.513555 3.548438 3.348184 3.088092 2.705415 2.744172 2.953697 2.891317 2.681768 2.429414 2.149792 2.189146 2.240416 2.472174
3.595882 3.596405 3.668682 3.678736 3.670625 3.659768 3.634933 3.614932 3.606437 3.564473 3.51845 3.513661 3.507308 3.495537 3.502763 3.501135 3.499034 3.480568 3.511244 3.566221 3.56232 3.51308 3.541831 3.5141 3.428662 3.359299 3.337117 3.383367 3.357143 3.328119 3.321759 3.443598 3.66089 3.681693 3.61243 3.551139 3.431746 3.417804 3.311751 3.2018 3.2494 3.280728 3.15109 3.070679 3.102631 3.23209 3.373336 3.35457 3.363771 3.449978 3.569208 3.600366 3.554651 3.213725 2.862804 2.944707 3.098765 3.01606 3.024056 2.915626 2.56559 2.417018 2.421016
3.579636 3.59784 3.659991 3.659467 3.662683 3.628818 3.598911 3.617198 3.60758 3.570031 3.532866 3.516626 3.51243 3.495546 3.494485 3.476988 3.472009 3.476775 3.523096 3.55508 3.56854 3.541192 3.56358 3.509095 3.41212 3.354863 3.31258 3.309123 3.314193 3.270056 3.271243 3.389503 3.575216 3.530929 3.525817 3.513641 3.471356 3.411691 3.349301 3.154583 3.047511 2.997384 2.991194 2.906582 2.830207 3.047182 3.343213 3.505395 3.637662 3.597482 3.590399 3.771007 3.829938 3.692828 3.329286 3.070941 3.002857 3.25232 3.410797 3.501215 3.549026 3.358481 3.02433
3.547278 3.60849 3.667564 3.659257 3.637957 3.584046 3.571339 3.591731 3.580308 3.550679 3.519019 3.506554 3.516243 3.51682 3.511964 3.466078 3.43925 3.470446 3.514106 3.524063 3.523705 3.49262 3.507792 3.49178 3.456895 3.460514 3.466097 3.300905 3.21799 3.150743 3.174371 3.321141 3.480644 3.428571 3.395265 3.463033 3.480502 3.499037 3.424635 3.222537 3.234157 3.244529 3.085277 2.935368 2.754834 2.800644 2.923741 3.240594 3.273339 3.293076 3.4501 3.641981 3.776537 3.798097 3.636055 3.419476 3.114673 3.135377 3.28564 3.418281 3.580151 3.622925 3.445691
3.47438 3.543141 3.639909 3.649005 3.601993 3.550308 3.574337 3.57192 3.553132 3.519375 3.48075 3.467929 3.49657 3.518293 3.514223 3.458631 3.436401 3.495557 3.517182 3.50296 3.47025 3.468237 3.460591 3.462693 3.483203 3.547715 3.520072 3.407613 3.312607 3.15543 3.093393 3.176356 3.315443 3.290778 3.292363 3.421944 3.486064 3.549579 3.522272 3.477345 3.681836 3.756699 3.604137 3.280914 3.060535 2.913294 2.810688 2.816466 2.746541 2.769082 3.099123 3.222676 3.285484 3.182847 3.198524 3.07071 3.00503 2.920581 3.01493 3.139926 3.285255 3.470003 3.535857
3.358538 3.41612 3.558926 3.571811 3.535431 3.520883 3.577103 3.566411 3.532564 3.496785 3.446739 3.417982 3.44163 3.484738 3.530047 3.5314 3.575698 3.544749 3.518425 3.500128 3.490947 3.547865 3.503062 3.534554 3.559907 3.59691 3.513322 3.487818 3.430073 3.266747 3.172761 3.051525 3.138424 3.176599 3.318055 3.450661 3.516324 3.60999 3.710192 3.807653 3.892579 3.884012 3.750217 3.600192 3.342839 3.163465 2.968327 2.848835 2.693065 2.509243 2.312243 2.163917 2.119687 2.088822 2.467901 2.865088 3.110919 3.084928 3.086032 3.2084 3.321244 3.517377 3.599582
3.328046 3.337044 3.378906 3.43317 3.425925 3.472425 3.561228 3.545193 3.513245 3.467964 3.44008 3.47616 3.516449 3.499728 3.539683 3.529519 3.570244 3.521979 3.484578 3.484111 3.504521 3.571833 3.549461 3.643462 3.64913 3.637321 3.554075 3.534316 3.42276 3.36885 3.374712 3.337048 3.34464 3.29442 3.411068 3.529813 3.646307 3.725185 3.787771 3.827422 3.78634 3.833829 3.732935 3.66103 3.589752 3.500728 3.333915 3.158279 2.918856 2.65272 2.221272 1.925454 1.788989 1.824018 2.121121 2.534526 3.003836 3.234574 3.326007 3.456486 3.492373 3.638011 3.692073
3.429663 3.499344 3.525997 3.38883 3.3513 3.396605 3.526687 3.518619 3.497035 3.48602 3.535794 3.53192 3.49129 3.452624 3.467724 3.459261 3.474033 3.447124 3.423814 3.430703 3.45253 3.471914 3.489936 3.551018 3.572926 3.602124 3.577986 3.531676 3.407485 3.398404 3.4276 3.421605 3.490649 3.527934 3.544358 3.602181 3.687094 3.711056 3.755066 3.715386 3.704964 3.791941 3.777422 3.68934 3.658109 3.628403 3.560994 3.464202 3.31672 3.204304 3.157208 3.121277 3.120358 2.85006 2.562484 2.62912 2.873175 3.252677 3.368465 3.535637 3.713694 3.838459 3.979447
3.594448 3.605132 3.550354 3.404471 3.309904 3.316488 3.478867 3.464314 3.431033 3.473131 3.506174 3.503281 3.443699 3.388997 3.34981 3.384658 3.372485 3.335757 3.326931 3.327477 3.341446 3.310669 3.336371 3.361033 3.412593 3.464296 3.512481 3.554128 3.620235 3.624171 3.620127 3.603099 3.670188 3.740512 3.699555 3.568998 3.542412 3.604064 3.739619 3.786824 3.82299 3.952044 3.896563 3.776546 3.735033 3.59655 3.520843 3.375473 3.413052 3.478928 3.451574 3.55286 3.684633 3.735404 3.462999 3.131025 2.871024 2.922198 3.317995 3.483234 3.686415 4.093011 4.303954
3.616855 3.604447 3.55125 3.466953 3.32515 3.268564 3.447124 3.382734 3.337759 3.42221 3.44031 3.454757 3.427169 3.358159 3.303763 3.280693 3.250685 3.240717 3.245524 3.229273 3.223179 3.208162 3.250775 3.265519 3.313792 3.349794 3.426777 3.537752 3.664198 3.714457 3.7166 3.752798 3.887729 3.852943 3.711751 3.600028 3.52953 3.527879 3.578185 3.652749 3.786521 3.885577 3.907255 3.873226 3.813022 3.635069 3.43659 3.134538 3.023041 3.03968 2.954322 3.171746 3.548877 3.679446 3.646539 3.356182 2.950755 2.738468 2.913936 3.288336 3.509393 3.66807 3.799047
3.551409 3.556814 3.552465 3.518367 3.458002 3.421737 3.402571 3.321429 3.291302 3.356645 3.382116 3.39506 3.397212 3.338782 3.317488 3.26627 3.211505 3.211935 3.223766 3.205132 3.219105 3.164322 3.167988 3.178504 3.212619 3.217163 3.264685 3.292136 3.375551 3.372531 3.458304 3.535431 3.58704 3.689797 3.682763 3.665509 3.637268 3.579555 3.516054 3.454118 3.319633 3.377635 3.40084 3.281142 3.215552 2.972819 2.752583 2.702645 2.643175 2.616956 2.592581 2.562408 2.463898 2.506039 2.748867 2.645226 2.603484 2.466002 2.529847 2.77665 2.933923 2.957209 3.022026
3.466959 3.487235 3.497112 3.504911 3.496429 3.49538 3.40952 3.322648 3.279423 3.293988 3.314972 3.326136 3.319267 3.307272 3.35798 3.313628 3.216851 3.213368 3.228709 3.243516 3.245505 3.14661 3.102577 3.068054 3.081046 3.066951 3.061031 2.966288 2.936614 3.023029 3.218328 3.303288 3.361005 3.491566 3.562972 3.623182 3.631725 3.512336 3.409145 3.333793 3.244715 3.073199 2.760187 2.605165 2.399912 2.336611 2.219998 2.301053 2.488948 2.617158 2.555801 2.465385 2.267431 1.923243 1.910233 2.064883 2.105889 2.117364 1.969066 1.972325 2.198766 2.15144 2.097386
3.404746 3.415304 3.420789 3.432686 3.409953 3.364463 3.315799 3.244195 3.240537 3.229855 3.253739 3.273665 3.257222 3.254337 3.291957 3.226201 3.173121 3.166944 3.200061 3.19459 3.252038 3.293737 3.227028 3.194696 3.115661 3.009497 2.915655 2.79638 2.738695 2.799682 3.118623 3.281698 3.412541 3.472095 3.469495 3.356071 3.252976 3.205623 3.115914 2.941687 2.9388 2.899314 2.777742 2.672138 2.844882 3.097901 3.052366 3.008575 3.052025 2.784196 2.648534 2.534911 2.444818 2.365255 2.432109 2.480367 2.353621 2.14216 2.40198 2.341525 2.156698 2.136321 2.149799
3.367367 3.352496 3.342845 3.31041 3.303068 3.262196 3.229636 3.162985 3.162369 3.174885 3.201883 3.234176 3.254562 3.241751 3.219994 3.179481 3.123379 3.0851 3.092034 3.096085 3.182822 3.222952 3.247036 3.229904 3.15652 3.043417 2.994684 2.882683 2.905371 3.103441 3.350837 3.493409 3.553257 3.506906 3.483842 3.513064 3.466381 3.342477 3.240855 2.991976 2.78274 2.758866 2.744483 2.85841 3.184634 3.451997 3.641433 3.803427 3.637043 3.217749 2.733104 2.641913 2.793337 3.087497 3.360173 3.5649 3.517235 3.661745 3.669711 3.446045 3.189208 2.911803 2.796291
3.357686 3.30503 3.282446 3.271781 3.24474 3.194523 3.164453 3.136848 3.141361 3.137006 3.147732 3.181095 3.192519 3.189035 3.165468 3.151655 3.117066 3.088081 3.072294 3.034321 3.046672 3.04975 3.097595 3.111237 3.136862 3.155367 3.159163 3.263722 3.387223 3.442306 3.505612 3.513976 3.504559 3.435136 3.426742 3.466878 3.457481 3.369047 3.288168 3.095525 2.879621 2.770599 2.945578 3.115141 3.437803 3.619844 3.680571 3.636747 3.591455 3.560328 3.47339 3.394255 3.45402 3.621538 3.843264 4.064315 4.259967 4.40423 4.257031 4.081815 3.938505 3.778049 3.539673
3.35597 3.298532 3.241811 3.275702 3.231511 3.196499 3.121536 3.135302 3.104001 3.070919 3.05607 3.085532 3.079723 3.089113 3.118473 3.139635 3.230225 3.245211 3.146309 3.07151 3.088235 2.997148 2.995245 3.006293 3.068661 3.152133 3.327896 3.540135 3.688648 3.719286 3.669202 3.490469 3.43865 3.315746 3.243765 3.183502 3.019199 3.039441 3.011798 3.013675 3.059609 3.303366 3.609643 3.679493 3.731531 3.807747 3.73945 3.657044 3.68104 3.845859 4.004063 4.071106 4.060274 4.159265 4.110194 4.166125 4.240922 4.139327 4.058622 3.994276 3.916767 3.782667 3.678028
3.352778 3.340924 3.348513 3.29862 3.229369 3.185259 3.136982 3.092747 3.053133 3.013605 2.960624 2.932847 2.944525 2.977015 3.062029 3.160263 3.202271 3.197655 3.204821 3.207352 3.141105 3.0804 3.01438 2.92301 2.930453 3.028192 3.179388 3.362527 3.490412 3.475034 3.448256 3.321655 3.285882 3.153004 3.136236 3.101296 2.97173 2.997126 2.94389 2.976717 3.058092 3.312866 3.515543 3.651448 3.69152 3.760061 3.860525 3.900336 3.964569 4.051992 4.12075 4.121071 4.093782 4.026501 3.963923 3.905228 3.939799 3.791394 3.762493 3.771927 3.732513 3.703255 3.620618
3.286411 3.302742 3.306694 3.26973 3.192399 3.126243 3.03225 3.023263 2.994439 2.962856 2.914711 2.908777 2.85999 2.864838 2.884823 2.895662 2.956493 3.041478 3.1066 3.145288 3.092788 3.083231 3.004641 2.928717 2.872782 2.809876 2.901326 3.090202 3.248919 3.298345 3.312134 3.240951 3.187482 3.107437 3.109504 3.108546 2.978556 2.988329 2.889457 2.809497 3.031177 3.338897 3.465857 3.555957 3.595336 3.657651 3.825063 3.908494 3.979194 4.039798 4.053962 4.023183 3.953645 3.887431 3.799832 3.708745 3.663352 3.582607 3.616302 3.692578 3.696598 3.699056 3.624283
3.223614 3.222287 3.22137 3.209229 3.144063 3.078583 3.007687 2.975134 2.93387 2.885232 2.920824 2.90144 2.820716 2.787366 2.734119 2.670537 2.700087 2.825303 2.924002 2.968611 3.018741 3.039824 3.01882 3.024258 2.935934 2.888026 2.94033 3.133896 3.208323 3.254744 3.325331 3.388657 3.381983 3.508807 3.374648 3.384137 3.141138 2.948034 2.801615 3.059577 3.343692 3.389847 3.323974 3.375458 3.315312 3.32014 3.551217 3.622818 3.776626 3.959797 3.956356 3.907453 3.823828 3.730697 3.572675 3.454124 3.42951 3.423815 3.495073 3.586102 3.672523 3.63644 3.576087
