py_wake/examples/data/AJ_ParqueFicticio/Rough survey   Sector 4   Height 30m   Orographic speed.grd
DSAA
73  159
 258469   265669
 6501692   6517492
 .02416044   2.245389
[rows 28 to 55 of 159, columns 0 to 62 of 73]
.9704731 .97047 .9706433 .9706033 .9717796 .9738246 .974954 .9751884 .9727475 .9765312 .9828982 .9899164 .9969757 1.006018 1.005386 1.006908 1.011726 1.015927 1.018738 1.020003 1.016839 1.009109 1.015407 1.015816 1.010801 .996105 .9766417 .9685681 .9759395 .9802878 .9896843 .9929079 .973528 .9124344 .8483713 .9201593 .9575675 .9490946 .9557188 .8981901 .8252387 .8233646 .8452288 .9541562 1.026575 1.054575 1.042859 1.064767 1.144791 1.209263 1.221867 1.276545 1.498101 1.631348 1.498679 1.570955 1.870951 1.950698 1.71272 1.345552 1.124278 .9513255 .788182
.9695432 .9708622 .9720462 .9723535 .9739435 .973793 .9733032 .9758477 .9779977 .9795512 .9830199 .9880195 .9942753 1.001631 1.003939 1.005014 1.008815 1.014207 1.017826 1.021013 1.009593 .9992973 1.003372 1.006384 1.00368 .9925618 .9778294 .9729263 .9734851 .978296 .9815194 .9808052 .948133 .8722504 .8301596 .9052253 .9345504 .9277258 .9280599 .8986657 .8430556 .816233 .8442293 .9010624 .9575924 1.007651 1.018401 1.045288 1.137612 1.235532 1.271605 1.336664 1.500865 1.672544 1.660305 1.73972 1.913634 1.903961 1.601325 1.270251 1.058729 .8600324 .7702517
.9670332 .9686973 .9710065 .9712628 .9720662 .9734462 .9731306 .9759003 .9782913 .9796414 .98111 .9830595 .9869263 .995427 .9974322 1.00116 1.00705 1.012827 1.017942 1.017611 1.007251 1.0002 .99742 .998896 .9941859 .9880602 .9816399 .9752221 .9697926 .968842 .968357 .9699965 .9238275 .8620296 .8521674 .9011486 .9161823 .9103947 .9088374 .9013472 .8647206 .8108286 .8381317 .8867005 .9156279 .9381277 .971573 1.037948 1.12806 1.239011 1.303148 1.410693 1.533541 1.700949 1.81966 1.889643 1.974367 1.822649 1.466422 1.172812 .9318784 .7737798 .829626
.9657193 .9668006 .9675992 .9680883 .9696268 .9715084 .9718418 .9741166 .975383 .9765908 .9775972 .9796689 .9818924 .9844832 .9929839 .9982988 1.004621 1.014334 1.022009 1.012291 1.004802 1.000471 .9950016 .9915031 .9890252 .9850586 .9792929 .9796489 .9679245 .9588245 .9636441 .9650167 .9328684 .8836345 .8821964 .8957732 .8943588 .8824057 .8859549 .9113083 .8757434 .8303332 .8186623 .8633696 .9055486 .9236845 .9468164 1.010973 1.103491 1.206367 1.321262 1.464913 1.598387 1.743105 1.916817 2.011025 2.020022 1.727164 1.351266 1.074045 .8249903 .7376996 .9358999
.9605533 .9631032 .9659473 .9670979 .9692264 .9705163 .9725672 .9722049 .9727212 .9738051 .9745473 .9759863 .9773173 .9717595 .983192 .9919815 1.001574 1.018814 1.018162 1.006621 1.000948 .9977402 .9926909 .9882248 .9852744 .9780071 .9743667 .9716465 .9582683 .9519452 .9550445 .947961 .9194078 .892405 .8834762 .8932539 .8895087 .8581633 .8707691 .903151 .9091459 .8612255 .8321354 .8258778 .8692875 .9375401 1.010605 1.042456 1.077225 1.165519 1.285852 1.436371 1.607077 1.805737 2.020373 2.103357 2.01206 1.650846 1.288622 1.00051 .771044 .7644352 1.117233
.9597651 .9633277 .9653665 .9687474 .9709974 .9726449 .9726824 .9736242 .9745652 .9747074 .9748605 .9760728 .9736144 .9650191 .9772064 .9862826 .9992881 1.02168 1.012364 1.003814 .9968989 .9946549 .9913445 .9857253 .9828214 .977541 .9680974 .970466 .9617142 .950722 .948444 .9404083 .9212802 .8986335 .8805978 .881438 .8871993 .8419681 .8504544 .8689898 .9043531 .9018353 .8765724 .82525 .8193918 .9041446 1.025089 1.087148 1.112433 1.193804 1.296059 1.436617 1.581815 1.759634 2.010036 2.186081 2.00684 1.618552 1.268968 .9883974 .7492414 .8108787 1.29636
.9647138 .96761 .9686315 .9701201 .9710822 .9736379 .9737859 .9750611 .9766482 .9769738 .978301 .9771705 .9750322 .9674311 .9772687 .988601 1.002841 1.021166 1.005198 .9956564 .9912506 .9865064 .9843019 .9803508 .9767652 .9721272 .9670335 .9644331 .9596338 .9540004 .9452657 .9375948 .9265577 .9080102 .8803328 .8606288 .8888284 .8486545 .8301208 .8317447 .8989477 .936541 .9310388 .9004282 .7975652 .8502977 .9819526 1.080793 1.111826 1.207121 1.31835 1.491058 1.629911 1.754299 1.973384 2.167518 2.023601 1.640178 1.269708 .9738114 .7929381 .9229826 1.382253
.9633449 .969009 .9704576 .9721025 .9720494 .9734941 .9742656 .9735338 .9744042 .9763311 .9767073 .9756683 .9718769 .9723136 .98342 .9932505 1.004459 1.018103 .9937334 .9815082 .9777603 .9758633 .9752604 .9737247 .9724454 .9708717 .9656115 .9620388 .9559197 .9505686 .9428593 .9329975 .9232164 .9091564 .8797892 .8503597 .8612153 .8618061 .824442 .8067582 .8843815 .9544032 1.014495 .9893012 .8753718 .8033683 .9159895 1.051374 1.116557 1.199745 1.302919 1.504372 1.653938 1.76587 1.937045 2.106432 2.005484 1.681306 1.265438 .9570717 .8879858 1.103532 1.444987
.9598818 .9646074 .9669482 .9709414 .974283 .9773661 .9724336 .9732701 .9754365 .9759873 .9772965 .9754351 .9715739 .9710833 .9835076 .9939116 1.005085 1.017532 .9924175 .9668303 .9640682 .9651657 .9667009 .968322 .9741458 .9702136 .9647967 .9589109 .9518934 .9455732 .9385272 .9270656 .9133827 .907551 .8835279 .8512995 .8239417 .827175 .7892627 .7864615 .8668128 .9824431 1.076655 1.099951 .9969828 .8063065 .8247591 .9937391 1.121152 1.220594 1.294472 1.474943 1.677284 1.798679 1.930191 2.081874 2.00844 1.665514 1.212792 .9417974 1.036857 1.308404 1.538145
.9498847 .9581232 .9630993 .9677418 .9723775 .9749829 .9748552 .9776716 .9779064 .9785721 .977553 .9764035 .9728288 .969559 .9796842 .9866568 .9937083 .9999803 .9988238 .9765786 .9536993 .9578551 .9595757 .9635465 .9774613 .9697197 .9628461 .9545596 .9471014 .9370257 .9255161 .9190575 .9141799 .9097887 .8989711 .8663656 .7929348 .7940058 .7827023 .7462919 .8363317 1.012641 1.146999 1.220101 1.160134 .931253 .8141582 .9504422 1.095017 1.206515 1.280576 1.413064 1.60772 1.765656 1.939023 2.093481 2.014977 1.640307 1.160441 .9873542 1.185211 1.456996 1.59828
.9487941 .9577085 .9628076 .9658336 .9694013 .9735425 .9713731 .9746978 .9780686 .980786 .9824693 .983573 .9784864 .9677954 .9727315 .977011 .9816156 .9852825 .9880251 .9765992 .9415218 .9507213 .9547863 .9617636 .9744357 .9657786 .959082 .9513075 .9425477 .9294377 .9132363 .921548 .9168933 .9077456 .8999709 .8621452 .7785936 .7463996 .7210837 .7403308 .8018802 .9675316 1.16282 1.299681 1.311783 1.055313 .8584905 .9491024 1.022276 1.139918 1.28122 1.39076 1.550885 1.715198 1.934851 2.129774 2.061445 1.638166 1.189881 1.086214 1.310438 1.49339 1.584422
.9549218 .9633619 .9687541 .9721057 .9744402 .9795496 .9683528 .9749288 .9800163 .984575 .9881489 .9898455 .9705393 .9661267 .9702114 .9733226 .978368 .9821045 .9829087 .9582316 .9361036 .9466152 .9540833 .9634888 .9670057 .9620661 .9552225 .948166 .9395173 .9230605 .9082522 .9115101 .9107215 .9059721 .9003998 .8553066 .7752557 .7129554 .6614338 .7260609 .796676 .9333735 1.099333 1.292323 1.392265 1.206605 .9401534 1.00158 1.014528 1.041702 1.2413 1.384303 1.533258 1.679079 1.879911 2.108181 2.061996 1.699216 1.334361 1.272161 1.356893 1.442525 1.471343
.9504049 .9607189 .9698275 .9754387 .9779064 .9733565 .9730346 .9789523 .9841763 .9880645 .9890931 .9866881 .9685206 .967595 .9699325 .9729127 .9752624 .9739804 .9728091 .9615852 .9514387 .9529 .9563007 .9622223 .9585779 .9505002 .9460641 .9387107 .9304326 .9160516 .9098842 .9097098 .9072885 .9069265 .9013047 .8678475 .7930378 .6861851 .6451175 .7184783 .8087454 .9410417 1.052639 1.235834 1.375617 1.288746 1.051288 1.044191 1.034631 1.030575 1.190926 1.354923 1.514281 1.654515 1.842621 2.039202 2.053729 1.822414 1.529384 1.425525 1.353883 1.332227 1.347412
.957907 .9657477 .9720848 .9746358 .9747579 .9746369 .9702274 .9777191 .9850982 .9888232 .989544 .9932584 .9680633 .9599934 .9629943 .9658429 .9667857 .9671768 .966962 .961725 .9648699 .9669044 .9689538 .9685583 .9559962 .9355141 .9353979 .9306986 .9274194 .9161748 .9127245 .9108394 .9076341 .9027284 .9017218 .8839264 .7950959 .6486804 .6436677 .7195458 .8309745 .9528112 1.029866 1.199518 1.336559 1.315347 1.111465 1.028082 1.05329 1.093391 1.200697 1.336128 1.495477 1.630193 1.800459 1.979923 2.00934 1.92447 1.728606 1.514413 1.313469 1.224563 1.207945
.969678 .9761854 .9829609 .9859155 .9794006 .972073 .9651253 .9728384 .9802828 .9832044 .9846416 .9855394 .9782826 .9613134 .9610894 .9635888 .9636126 .9646425 .9609949 .9567894 .9634182 .9711061 .9809641 .9822476 .9413443 .9223658 .9242154 .9229389 .9223229 .9158599 .9116365 .9057537 .9067409 .9024844 .9003245 .8774353 .7845121 .6710849 .6486375 .7421841 .844308 .9348155 1.008156 1.175545 1.279093 1.319503 1.137677 .9888836 1.096968 1.177896 1.264956 1.360497 1.480837 1.579751 1.726998 1.941191 2.055827 2.022923 1.840132 1.567702 1.326622 1.13867 1.098112
.9753091 .9843819 .9942111 1.006057 .9968958 .9725716 .9521809 .9676582 .9801304 .9852663 .9900568 .9877331 .9733779 .9614223 .961715 .9630756 .9632061 .9628673 .9571444 .9444477 .9572904 .9685445 .9773849 .9676268 .9402025 .9285037 .9257085 .9210172 .9180169 .9109708 .9067873 .906516 .902998 .900158 .9081098 .8747568 .8140074 .7401282 .694519 .7680483 .8349168 .9268461 1.020521 1.18091 1.269992 1.271057 1.155275 1.034361 1.116763 1.227086 1.299615 1.363447 1.475744 1.564862 1.728874 2.030382 2.138544 2.08141 1.856165 1.566554 1.365164 1.169119 1.033956
.9738301 .9815678 .9907115 1.008701 .9947317 .9751013 .9528376 .9599937 .971109 .9809037 .9901618 .9801072 .9594127 .9563823 .9600314 .9613849 .9628111 .9600134 .9547594 .9393945 .9503626 .9627955 .9733446 .9754431 .9402651 .9334722 .9315025 .928922 .9206173 .9095852 .9074379 .9126747 .9062362 .9030752 .9187353 .8879074 .8482442 .7997198 .7558196 .789153 .8046775 .9413286 1.064206 1.138806 1.209471 1.232143 1.178214 1.108643 1.148651 1.28342 1.328131 1.348447 1.419006 1.57811 1.780876 2.108998 2.157367 2.049196 1.795963 1.556099 1.36676 1.188781 1.078201
.9746764 .9799135 .9870471 1.002186 .998338 .9720757 .9512693 .9612975 .9696689 .9741375 .9812647 .9754555 .9635908 .9597803 .9621319 .9639721 .9652575 .962794 .9562747 .9410141 .9475594 .958661 .9682152 .9725242 .9521596 .9364429 .9356688 .9347059 .9259615 .8937351 .8999076 .9242026 .8970638 .883465 .9255506 .8993058 .8624319 .8230182 .8214406 .8282205 .8208119 .9264734 1.032724 1.055937 1.138728 1.176788 1.194684 1.206251 1.228618 1.284734 1.321709 1.350804 1.425453 1.65454 1.899709 2.140803 2.148901 1.894319 1.65054 1.492339 1.376879 1.261539 1.165911
.97258 .9808205 .9900026 .9954822 .9959041 .9854106 .9756972 .9837387 .9894533 .9809549 .9795123 .973111 .9627576 .960527 .9636593 .9649818 .9640326 .9615148 .9563203 .942301 .9527089 .9659423 .9755929 .9777402 .9496089 .9358346 .9405042 .9391599 .9314501 .9093118 .8986095 .9282074 .914116 .8740463 .9288704 .9070448 .8682415 .8327385 .8219331 .8544689 .8709068 .896911 .9398117 1.002554 1.097656 1.170508 1.178252 1.21311 1.211359 1.260811 1.284194 1.397178 1.515743 1.737541 1.952224 2.066122 2.06545 1.822532 1.546814 1.409777 1.308425 1.248909 1.245989
.9685161 .976353 .9833495 .990759 .9941435 .9949146 .9953532 1.004128 1.017524 1.0082 .9748304 .9680739 .9535286 .9474139 .9534792 .9579434 .9587727 .9572477 .95386 .9522475 .9653466 .9754192 .9797477 .9675095 .9382929 .935244 .9399833 .9389165 .9305115 .9181274 .9014631 .9207388 .9174153 .8781261 .9227806 .921512 .8775507 .8445045 .812097 .8573378 .8835421 .9093902 .9556223 1.008565 1.114038 1.204013 1.172401 1.164901 1.198497 1.247856 1.297807 1.491099 1.695831 1.834548 1.932842 1.933718 1.92868 1.806966 1.557376 1.404921 1.281981 1.227921 1.211224
.9676952 .9735266 .9796592 .9813044 .9925475 .9970991 1.002949 1.012984 1.032213 1.011634 .9782333 .9611343 .9456615 .9264912 .9423972 .9503266 .9546738 .9551097 .9520156 .9464655 .9618649 .969519 .9735495 .9780073 .9463474 .9234099 .9383264 .9375475 .93397 .9223307 .9338645 .9508156 .9450025 .8898598 .9212413 .9335195 .8977677 .8697008 .8252702 .8627418 .8980119 .9206353 .9503693 1.022483 1.093922 1.163532 1.16071 1.159719 1.199716 1.274486 1.418965 1.623297 1.814525 1.879723 1.875391 1.740172 1.710739 1.691071 1.55356 1.516374 1.394123 1.229432 1.170799
.9751325 .9828992 .9851493 .9790699 .9889518 .9973398 1.007199 1.021909 1.029014 1.018432 .9898337 .9625633 .9436668 .9312195 .9392547 .9536866 .9570159 .9575103 .9537176 .9353743 .9509582 .9590078 .9653316 .967469 .9651259 .9340499 .9424958 .947586 .9435295 .9401928 .9513116 .955274 .936573 .9223513 .9401858 .9503588 .9212795 .8967214 .8602567 .8784001 .897172 .9370507 .9721392 1.012662 1.050402 1.112329 1.109698 1.184283 1.269909 1.392021 1.582063 1.745643 1.800439 1.818877 1.804523 1.625982 1.558855 1.544702 1.417518 1.48907 1.553444 1.378885 1.236816
.9760774 .9853128 .9918492 .9759875 .98737 .9990643 1.014469 1.03216 1.020933 1.012295 .9894209 .9630636 .9425165 .9304779 .9446453 .9552887 .9619424 .9706129 .9544584 .9299592 .9479254 .9571261 .9626821 .9611415 .9535469 .9517726 .9613313 .9614805 .9586717 .9620813 .9644104 .9589082 .9441075 .9367006 .9633471 .9665803 .9219106 .9072631 .891126 .8860716 .9028883 .9210486 .9655595 .9473139 .9762411 1.054691 1.12941 1.230988 1.341301 1.492718 1.669308 1.788017 1.740174 1.660646 1.722203 1.602648 1.464281 1.418453 1.267697 1.342818 1.520314 1.543069 1.375441
.9709755 .9796187 .9888959 .9891465 .9942041 1.003873 1.022444 1.024795 1.016256 1.004529 .9833063 .9570441 .9358949 .93364 .9429122 .9503296 .9516087 .9526791 .9503057 .9490395 .959655 .9645095 .9603362 .9531466 .9582887 .9696006 .9798568 .9739277 .9630248 .982205 .9969401 .9894626 .9550833 .9438769 .9895944 .993333 .925554 .9205579 .917259 .8901823 .9167299 .9094464 .9567438 .9566967 .9863138 1.09207 1.185413 1.2791 1.385056 1.496154 1.68103 1.839091 1.691664 1.468451 1.582389 1.650728 1.477831 1.34876 1.177335 1.160866 1.367511 1.523012 1.500551
.9697053 .9799613 .9897854 .9926103 .9982842 1.006228 1.021078 1.021702 1.010787 1.001205 .9825714 .9618919 .9485757 .9458555 .9507209 .9535619 .9463937 .9405921 .954082 .9615843 .9698753 .9773954 .9532228 .948976 .9604025 .9723108 .9735724 .9640455 .9725383 .9926466 1.015626 .9925895 .9540225 .9637433 1.016265 1.016959 .9717203 .9462235 .9314508 .9286221 .9429998 .8972404 .9567413 .960736 1.010857 1.138182 1.228985 1.277172 1.372084 1.466607 1.708145 1.869742 1.677793 1.305489 1.388984 1.627891 1.588949 1.411698 1.150815 1.043472 1.197852 1.40522 1.49712
.976527 .9862583 .9895199 .9962544 1.003483 1.012489 1.022359 1.013651 1.004816 .9968216 .9845375 .9700032 .9588667 .955533 .9597645 .96696 .9554137 .9351895 .9454456 .9556602 .9568541 .9589946 .95313 .9536268 .9627001 .9728453 .9656729 .9671474 .9807402 1.007669 1.024886 1.004369 .9584905 .9790137 1.035632 1.047608 1.012194 .9824794 .9214648 .998046 1.011283 .9506832 .9590941 .989412 1.05772 1.160174 1.230959 1.261043 1.352519 1.470796 1.698272 1.835713 1.681533 1.248116 1.19179 1.521499 1.667945 1.592397 1.255277 .9388583 1.02455 1.240644 1.471163
.9897639 .9922279 .9886348 .9966031 1.007415 1.020638 1.015225 1.007816 1.002179 .9950582 .9884745 .9788033 .9688609 .9599198 .9569784 .9590809 .9422743 .9352233 .9476854 .9545614 .951324 .9434432 .9505109 .9551373 .9627402 .9714599 .9643609 .959446 .9732114 1.030177 1.057698 1.039955 .9581932 .9782215 1.050497 1.104291 1.084256 .9939294 .8923213 .9844897 1.01573 1.020536 1.003726 1.006424 1.070474 1.168461 1.21524 1.23494 1.367629 1.471651 1.619839 1.781704 1.681866 1.259509 1.048533 1.314768 1.628781 1.703034 1.403773 1.007787 .8658488 1.066014 1.418695
.9934319 .9931117 .9968708 1.00527 1.015247 1.024705 1.011745 1.004616 .9994582 .9948741 .9905618 .9851938 .9802738 .9699537 .9515011 .9556764 .9561588 .9512149 .9595071 .9729135 .9650823 .9287285 .9401956 .9485635 .9577305 .9654301 .9573242 .9415542 .9566125 1.03152 1.11146 1.078625 .9501 .9807049 1.039429 1.128673 1.137501 1.051167 .89522 .9064522 1.052485 1.028917 1.04807 1.036593 1.049211 1.161753 1.226665 1.225485 1.315902 1.395129 1.552897 1.744502 1.666514 1.268337 .9705763 1.194427 1.594917 1.724042 1.4874 1.114276 .8007385 .9399947 1.420028
