py_wake/examples/data/AJ_ParqueFicticio/Rough survey   Sector 4   Height 30m   Weibull-A.grd
DSAA
73  159
 258469   265669
 6501692   6517492
 .2238723   12.80291
[rows 56 to 83 of 159, columns 0 to 62 of 73]
5.962938 5.97311 6.045367 6.102858 6.187648 6.111787 6.04546 6.00971 5.998164 5.969901 5.949873 5.919047 5.896602 5.860681 5.705851 5.713793 5.743505 5.771036 5.788097 5.833058 5.709023 5.567464 5.651301 5.752913 5.78809 5.799633 5.722165 5.52026 5.595273 6.141644 7.05619 6.797271 5.866419 5.875968 6.399772 6.804005 7.216593 6.682316 5.514818 5.164149 6.042342 6.431941 6.184498 5.974379 5.830082 6.235188 6.349885 6.051277 6.560302 7.565403 8.821559 9.944307 9.540698 7.47257 5.63133 6.962076 9.423721 10.01649 8.708414 6.723133 4.981662 5.206147 7.411195
5.91528 5.935055 6.034428 6.090655 6.204333 6.082817 6.014152 5.985215 5.961617 5.942951 5.916677 5.884932 5.845582 5.809515 5.731036 5.71488 5.727884 5.749779 5.771139 5.819082 5.80326 5.729646 5.716697 5.755702 5.794611 5.805809 5.740369 5.486853 5.545856 6.310145 7.464086 6.810097 6.061713 5.976984 6.485791 6.780995 7.170251 6.728739 5.907403 5.466981 5.958734 6.33329 6.33385 6.157637 6.33299 6.687441 6.5999 6.001788 6.152489 7.049822 8.589182 9.480695 9.234692 7.061759 5.502667 6.974366 9.378654 9.918452 8.618003 6.616982 5.156208 4.853647 6.477255
5.861816 5.88974 6.032042 6.110659 6.189669 6.050953 5.953763 5.933384 5.918008 5.900898 5.872674 5.839328 5.81785 5.809361 5.80798 5.778823 5.754844 5.744001 5.739099 5.807682 5.846325 5.849783 5.834761 5.737132 5.783116 5.783556 5.710409 5.755771 5.703537 6.415 7.512936 6.890597 6.335093 6.089391 6.452155 6.823574 7.277093 6.829973 6.184824 5.712332 5.953743 6.071189 6.045709 6.255067 6.671347 6.963342 6.885814 6.203689 6.054624 6.778961 8.158538 8.896633 8.866852 7.038784 5.594321 7.100265 9.024714 9.646267 8.681283 6.987845 5.296951 4.456587 5.849793
5.838819 5.95717 6.220906 6.292475 6.174428 6.076526 5.900819 5.876234 5.875128 5.859507 5.843671 5.834825 5.79704 5.788239 5.814858 5.803446 5.785655 5.767785 5.739274 5.801264 5.831872 5.844962 5.852256 5.785466 5.769303 5.757228 5.816521 5.985037 6.029822 6.463803 7.173127 7.056593 6.614463 6.136377 6.446463 6.872416 7.274239 7.00061 6.382493 5.90177 5.833478 5.874789 5.765183 6.261333 7.016684 7.160062 7.089406 6.565931 6.099343 6.288349 7.498566 8.204276 8.48644 7.051449 5.812142 6.734272 8.560934 9.441904 8.640409 7.269067 5.765561 4.350006 5.712412
5.839181 6.031458 6.320426 6.357473 6.159337 5.974802 5.859771 5.82457 5.84796 5.845093 5.835337 5.818149 5.785876 5.748398 5.786757 5.787048 5.760473 5.738223 5.795846 5.870903 5.897241 5.846037 5.835115 5.80214 5.745934 5.703366 5.892772 6.024778 6.427304 6.835157 7.132932 6.945002 6.672237 6.351614 6.350017 6.887849 7.11538 7.067806 6.596918 6.086372 5.814086 5.652884 5.713663 6.268825 7.131495 7.250242 7.161325 6.958539 6.501039 6.158498 6.423881 7.324315 8.033703 7.187817 5.921475 6.287424 8.150656 9.248882 8.424491 7.154176 5.958324 4.839962 5.37058
6.021121 6.231983 6.343854 6.235555 6.055878 5.915592 5.778742 5.780983 5.851846 5.851607 5.842701 5.831671 5.785185 5.762777 5.775783 5.769797 5.742688 5.723655 5.833458 5.903192 5.981446 5.861978 5.825053 5.782436 5.684057 5.71427 5.854045 6.215249 6.640818 7.090363 7.328369 7.045329 6.70594 6.558458 6.498924 6.914476 7.011621 6.903887 6.538291 6.226219 5.96377 5.55677 5.393468 6.266142 6.976757 7.25739 7.1006 7.28402 7.366365 6.637008 5.975446 6.259421 7.487137 7.520602 6.222797 6.033686 7.92634 8.886359 8.291416 7.024812 6.027603 5.385592 5.226499
6.11093 6.335332 6.209544 6.142179 5.990237 5.845992 5.724386 5.761163 5.822086 5.855896 5.861062 5.836598 5.787955 5.78166 5.773821 5.755994 5.723373 5.68564 5.826416 5.905263 5.987058 5.936346 5.873518 5.787077 5.66916 5.755647 5.783976 6.323563 6.763391 7.22603 7.541157 7.052958 6.781792 6.969918 6.94589 7.00174 6.999165 6.797068 6.420143 6.197825 5.872326 5.486598 5.33962 5.776748 6.934365 7.100961 7.016321 7.188733 7.73085 7.617352 6.339589 5.590555 7.033548 7.365227 6.758119 5.949571 7.238877 8.416629 8.049766 6.976837 5.996823 5.733043 5.492753
6.138357 6.261154 6.169493 6.091291 5.977501 5.870928 5.811425 5.822949 5.831072 5.845778 5.862952 5.820885 5.813184 5.806563 5.791707 5.763161 5.711024 5.642148 5.767512 5.862137 5.938957 5.926877 5.895455 5.805457 5.768528 5.873478 5.897666 6.251976 6.820803 7.310989 7.532932 7.202339 7.018842 7.150591 7.305332 7.2087 7.087127 6.80565 6.409817 6.084095 5.759942 5.401636 5.241904 5.618872 6.53383 7.119933 6.92585 7.116126 7.711485 7.957647 7.394814 5.831202 6.025223 6.787824 6.904418 6.227123 6.611855 7.796294 7.663447 6.79785 5.913484 5.70507 5.758877
6.118866 6.192783 6.104923 6.059493 6.003621 5.938784 5.925488 5.938082 5.895597 5.843347 5.858365 5.866204 5.848984 5.837196 5.809972 5.771647 5.690598 5.721356 5.802055 5.840227 5.859627 5.958359 5.941889 5.845598 5.849067 5.890481 6.009608 6.33301 6.950204 7.445243 7.469527 7.222343 7.111281 7.202209 7.417802 7.397612 7.226876 6.9206 6.565371 6.216296 5.900543 5.549495 5.35431 5.388456 6.418427 6.892653 6.885695 7.069625 7.473078 7.651259 7.72339 6.667953 5.83105 5.777091 6.386991 6.434525 6.362258 7.086641 7.259758 6.505152 5.936713 5.878036 5.773952
6.045673 6.127352 6.044698 6.01613 6.006757 6.001909 6.006396 6.051286 5.997012 5.841026 5.855497 5.86364 5.860417 5.858837 5.825505 5.769301 5.695524 5.786784 5.825991 5.835109 5.927947 6.065786 6.078361 5.905338 5.906039 5.9047 5.989402 6.350628 6.886102 7.255597 7.523564 7.096849 7.104339 7.467627 7.514495 7.500591 7.396878 6.925635 6.561938 6.456321 6.115836 5.670318 5.43489 5.36063 6.088021 6.541952 6.648646 6.992385 7.081314 7.125124 7.653717 7.768256 6.805259 5.264144 5.49823 6.0567 6.125501 6.532609 6.606627 6.297184 6.310176 6.152977 5.787553
5.966298 6.034495 5.988369 5.975802 5.994495 6.015856 6.04718 6.043426 5.914112 5.794767 5.830362 5.844122 5.838822 5.831175 5.807093 5.752788 5.754386 5.81061 5.830287 5.804352 5.946535 6.154232 6.054818 5.998035 6.034768 6.00392 6.205106 6.55968 6.776395 7.093939 7.244447 7.100636 7.095286 7.726706 7.606061 7.576592 7.615798 7.079017 6.586524 6.418939 6.041434 5.880503 5.609754 5.470257 5.621118 5.765054 6.222506 7.098026 7.039811 6.465693 7.42092 8.116562 7.52312 6.01475 4.773674 5.082853 5.755548 6.154245 6.404165 6.622993 6.788961 6.630411 5.882715
5.941226 5.955354 5.94109 5.95153 5.971306 6.025466 6.081442 6.04145 5.954118 5.850757 5.836988 5.839995 5.834297 5.810452 5.76636 5.813863 5.838725 5.83005 5.809141 5.874237 5.975087 6.12078 6.077578 6.067117 6.078849 6.130306 6.388128 6.680766 6.903258 7.115136 7.098001 7.022386 7.003709 7.628245 7.6711 7.550725 7.636167 7.466066 6.786095 6.51315 6.08833 5.986116 5.814667 5.535652 5.314407 5.301116 5.808133 6.981984 6.995316 6.144248 7.106691 8.257714 7.69268 6.71275 5.28031 4.347925 5.116645 5.869349 6.279013 6.712881 6.798741 6.768457 6.260466
5.923994 5.902741 5.887821 5.927398 5.982161 6.061411 6.088877 6.051257 6.007178 5.928575 5.874694 5.849132 5.821061 5.78564 5.803211 5.891479 5.904521 5.885933 5.820478 5.876147 5.934242 5.957969 5.987639 6.038603 6.053213 6.44523 6.674249 6.672871 6.939614 7.179497 7.132708 6.996489 6.93715 7.371987 7.753079 7.554838 7.590703 7.600067 7.032588 6.770231 6.616395 6.314555 5.993467 5.813224 5.356591 5.220646 5.589942 6.723951 6.824565 6.004471 7.077392 8.085945 7.764462 6.749021 5.578907 4.16288 4.332871 5.463079 6.330661 6.79226 6.91222 7.013476 6.437738
5.895507 5.855578 5.780443 5.856368 5.97586 6.129695 6.08544 6.071273 6.052794 6.010551 5.947266 5.870809 5.792647 5.751215 5.946196 6.043409 6.020716 5.897072 5.845252 5.824485 5.813332 5.755844 5.909023 5.998509 6.281414 6.652195 6.718772 6.878356 7.100752 7.350515 7.335982 7.023544 6.828299 7.135056 7.551269 7.553332 7.544653 7.477047 7.068654 6.961357 6.797904 6.714115 6.579654 6.137278 5.675921 5.174471 5.386731 6.130503 6.426047 6.064378 6.647426 7.603721 7.411094 6.452904 5.557848 4.309755 4.166223 5.268272 6.242791 6.765325 6.943372 6.844559 6.531063
5.896021 5.847271 5.678018 5.784372 5.97332 6.137714 6.080802 6.083685 6.09531 6.077115 6.025496 5.943131 5.78775 5.781324 5.958697 6.150251 5.964342 5.85699 5.834105 5.820582 5.76351 5.601115 5.936587 6.078444 6.489336 6.670971 6.771534 6.902564 7.270692 7.598935 7.553252 7.269872 6.79618 6.902961 7.234761 7.484075 7.46024 7.345506 7.193111 7.17433 7.22495 6.936191 6.80631 6.332863 6.054399 5.426131 5.477538 5.846157 6.142558 6.245564 6.508102 6.638879 6.910779 6.412059 5.334895 4.361649 4.17432 5.184927 6.107712 6.569881 6.77871 6.694119 6.454878
5.956114 5.870909 5.717434 5.706699 5.928542 6.074135 6.019409 6.055883 6.105123 6.128198 6.06466 5.899185 5.771529 5.804694 5.922023 6.105363 5.974936 5.904858 5.862059 5.80218 5.693614 5.705265 6.003878 6.318013 6.622974 6.66668 6.817371 6.912492 7.314155 7.775916 7.894277 7.380731 6.805414 6.791312 7.020157 7.294573 7.306534 7.198243 7.159874 7.196654 7.356808 7.029174 6.675263 6.430223 6.244404 5.864106 5.545342 5.716073 6.063422 6.457468 6.595449 6.325128 6.571352 6.418993 5.335229 4.270121 4.294622 5.228117 6.01649 6.33552 6.651981 6.580416 6.366005
5.973376 5.793911 5.646756 5.707336 5.868312 5.952448 5.908871 5.999994 6.103898 6.157669 6.021131 5.936075 5.896118 5.884345 5.941271 6.037107 5.943629 5.926364 5.892172 5.819448 5.657102 5.754878 6.002947 6.363022 6.604436 6.650947 6.783984 6.941933 7.293709 7.941741 8.156192 7.613549 7.021687 6.989557 7.021074 7.110458 7.035947 7.031363 7.081682 7.12593 7.317357 7.130482 6.681867 6.546912 6.33676 6.04558 5.729902 5.583431 6.047115 6.413754 6.545017 6.292678 6.640924 7.056007 5.67175 3.957013 3.936675 5.06492 5.751143 6.169056 6.568427 6.471784 6.297599
5.8814 5.790483 5.771605 5.825054 5.862421 5.847126 5.764642 5.966587 6.193197 6.165065 6.097618 6.043546 6.044838 6.043242 5.985677 5.964823 5.89682 5.897681 5.871647 5.807135 5.668346 5.778116 6.024825 6.335607 6.575633 6.608421 6.659265 6.864403 7.608892 8.267213 8.294992 7.913556 7.411466 7.156846 7.106247 7.018605 6.891355 6.842998 6.913088 7.040047 7.173586 7.239514 6.831652 6.722807 6.421211 6.176293 5.479074 5.385088 5.733792 6.121629 6.279955 6.314737 6.790138 7.427679 6.66673 4.40953 3.860278 4.375041 5.353117 6.119617 6.455979 6.424213 6.177734
5.902551 5.853653 5.850951 5.914099 6.008125 5.822491 5.585967 5.945497 6.282502 6.168478 6.13229 6.108558 6.122004 6.2059 6.079065 5.892617 5.812546 5.881627 5.876276 5.818661 5.664514 5.856161 6.066154 6.363966 6.566074 6.588349 6.571483 6.830419 7.686291 8.588367 8.32364 8.015136 7.706026 7.369173 7.215828 7.040835 6.868182 6.720175 6.75678 6.916883 7.062539 6.964528 6.805932 6.876885 6.459678 6.487396 5.619823 5.196427 5.519777 6.015447 6.003482 6.14964 6.720506 7.162339 6.890667 5.002429 4.119586 4.224567 4.65242 5.805127 6.390516 6.351052 6.020839
5.908717 5.888406 5.876574 5.90104 5.975264 5.746648 5.607931 5.922688 6.235042 6.136074 6.103365 6.101899 6.116726 6.19558 6.007165 5.802803 5.804025 5.87494 5.86305 5.816801 5.760418 5.93105 6.109493 6.398143 6.553344 6.569492 6.51193 6.849159 7.592256 8.658871 8.50519 8.188225 7.824816 7.441349 7.18659 7.022665 6.926635 6.780692 6.660952 6.819041 6.896418 6.78323 6.680341 6.788745 6.417439 6.181141 6.046143 5.41391 5.655326 5.914059 5.947705 6.07788 6.518292 6.826223 6.418241 5.409758 4.673458 4.359178 4.247317 5.100885 5.958111 5.961335 5.521529
5.876298 5.867378 5.867476 5.868708 5.871226 5.777105 5.726079 5.894311 6.122504 6.110245 6.082235 6.069309 6.088449 6.119503 5.99347 5.779173 5.781349 5.831967 5.804624 5.789178 5.987752 6.112496 6.146986 6.364794 6.47623 6.503754 6.472746 6.829997 7.459027 8.606207 8.666487 8.27817 7.779799 7.350354 7.033054 6.871763 6.962739 6.88548 6.510204 6.723861 6.952344 6.532754 6.36501 6.477074 6.182441 6.229342 6.101565 5.723192 5.758851 5.74468 5.835044 5.985099 6.239015 6.428285 6.066466 5.79973 5.245759 4.820117 4.346505 4.698325 5.312669 5.369035 5.145981
5.861253 5.848598 5.836998 5.815899 5.809193 5.881338 5.885109 5.946149 6.044254 6.085488 6.086562 6.085741 6.09337 6.085587 6.036546 5.944807 5.867831 5.822803 5.743765 5.863188 6.044733 6.167279 6.404916 6.477142 6.424465 6.462935 6.520572 6.889668 7.587637 8.749477 8.835236 8.395455 7.763762 7.342462 7.010257 6.847007 7.038277 6.915884 6.486534 6.683671 6.717266 6.315169 6.205769 6.307239 6.239495 6.447931 6.464517 6.170613 6.079648 5.434327 5.64902 5.819305 6.067997 6.2516 6.048136 6.299258 5.879578 5.236122 4.997994 4.733947 4.638968 4.877382 4.813818
5.868503 5.837412 5.801432 5.777125 5.760907 5.895728 5.971236 6.026372 6.029962 6.067201 6.074975 6.075087 6.089475 6.083606 6.076425 6.067081 6.001418 5.87444 5.720679 5.874028 5.989934 6.216795 6.59589 6.501137 6.433716 6.367764 6.646716 7.088401 8.019344 8.816813 8.988312 8.222266 7.63309 7.327696 7.073323 6.911855 6.977533 6.943204 6.619247 6.571471 6.211415 6.128725 6.271882 6.569138 6.590476 6.60092 6.492799 6.385319 6.459356 5.54702 5.459099 5.63481 5.936121 6.296546 6.400562 6.608706 6.202368 5.606975 5.339493 4.997502 4.571016 4.533978 4.686765
5.896321 5.86693 5.802314 5.736141 5.71156 5.903261 6.015361 6.100108 6.055812 6.057844 6.065622 6.062956 6.060778 6.089478 6.109455 6.101611 6.043054 5.847021 5.76301 5.93258 5.934632 6.15349 6.459036 6.446614 6.353287 6.380814 6.611225 7.469622 8.652 9.233717 8.871696 8.027013 7.355994 7.175672 6.9839 6.813303 6.934975 6.854789 6.498491 6.435072 6.050761 6.1438 6.482079 6.632549 6.752939 6.632345 6.484782 6.306261 5.901692 5.54039 5.478071 5.570975 5.889438 6.346459 6.660779 6.710059 6.231721 6.054538 5.562114 4.963929 4.465735 4.469886 4.353872
5.90876 5.898934 5.827512 5.657812 5.81501 5.948405 6.114597 6.081971 6.107996 6.103728 6.075663 6.034702 6.01408 6.101263 6.100218 6.06222 5.978721 5.88625 5.94481 6.029608 5.982341 6.198653 6.319313 6.355391 6.236076 6.419411 6.837698 7.858369 9.019588 9.417425 8.771473 7.95549 7.228251 7.103139 6.965749 6.799494 6.829942 6.425328 6.279231 6.188465 6.096522 6.270127 6.496341 6.533273 6.659481 6.532913 6.241644 5.990144 5.87426 5.705825 5.620058 5.640457 5.857557 6.188662 6.498533 6.716697 6.267365 6.048178 5.32515 4.736136 4.447951 4.291939 4.102705
5.851686 5.83874 5.736098 5.672432 5.785999 5.95124 6.085503 6.104902 6.139364 6.170616 6.175742 6.05229 5.987998 6.104633 6.120475 6.016584 5.980009 6.023185 6.075815 6.017954 6.106668 6.289273 6.336633 6.335165 6.243909 6.423002 6.964743 8.061338 9.095572 9.378507 8.722813 7.840984 7.093813 7.09821 6.998464 6.812836 6.600411 6.179956 6.126139 6.238754 6.473022 6.693748 6.703207 6.614175 6.601333 6.442848 6.019196 5.813559 5.738812 5.719344 5.737136 5.807712 5.969696 6.227657 6.508048 6.753216 6.125569 5.732328 5.161895 4.608947 4.364963 4.092111 3.910473
5.794912 5.805228 5.814423 5.765751 5.78725 5.882981 6.023924 6.073078 6.126915 6.175991 6.212455 5.993107 5.962524 6.029342 6.043184 6.01072 5.909412 6.015856 6.086205 6.126126 6.201306 6.285731 6.392385 6.377288 6.416953 6.528429 7.066853 8.110783 9.026464 9.260533 8.449982 7.779104 7.198839 7.1395 7.09199 6.661232 6.45925 5.95483 6.047491 6.401692 6.905664 6.922263 6.733522 6.521513 6.477725 6.285134 5.867017 5.695853 5.657523 5.674252 5.765018 5.911124 6.09902 6.31235 6.591618 6.620892 6.084373 5.630272 5.085655 4.583294 4.315345 3.983218 3.726593
5.817011 5.749953 5.787509 5.814487 5.827552 5.863242 5.989246 6.058003 6.111043 6.184642 6.170491 6.085559 6.032031 6.054428 6.078601 6.005552 5.92328 5.98938 5.987125 6.138286 6.25673 6.291887 6.333501 6.434848 6.554244 7.01585 7.535655 8.232216 8.864834 8.990741 8.267313 7.786543 7.438162 7.088108 7.238713 6.518024 6.130482 5.768875 6.07626 6.664464 6.957265 6.964657 6.540288 6.223044 6.441135 6.17233 5.723045 5.631504 5.593657 5.584678 5.747311 5.950695 6.16618 6.379852 6.698444 6.418382 5.994976 5.577897 5.003515 4.520926 4.158206 3.849786 3.47573
