py_wake/examples/data/AJ_ParqueFicticio/Rough survey   Sector 6   Height 200m   Orographic turn.grd
DSAA
73  159
 258469   265669
 6501692   6517492
-15.24533   14.5797
[rows 27 to 53 of 159, columns 0 to 60 of 73]
-.5898216 -.5661708 -.5479745 -.5517374 -.5942251 -.6317778 -.6484217 -.6671759 -.6681886 -.6484281 -.6930462 -.7757896 -.8527266 -.9427993 -.9844415 -1.029645 -1.045405 -1.103219 -1.130617 -1.14356 -1.160513 -1.14074 -1.209027 -1.231814 -1.257946 -1.232683 -1.176485 -1.113461 -1.142163 -1.14547 -1.151744 -1.153012 -1.140714 -1.070002 -1.021053 -1.177138 -1.291446 -1.3228 -1.37278 -1.237641 -1.200736 -1.605985 -2.135112 -2.9889 -3.701443 -4.245265 -4.825638 -5.329839 -5.788846 -6.142074 -6.342522 -6.58852 -6.808161 -6.710897 -6.242322 -5.97451 -5.855814 -5.512281 -4.718315 -3.670651 -2.927356
-.5989683 -.564399 -.5669548 -.5598046 -.5703329 -.5967812 -.5995384 -.6292342 -.5974498 -.6101025 -.6656793 -.7371388 -.8205917 -.8956365 -.9420478 -.9575337 -1.023388 -1.08471 -1.110871 -1.115354 -1.094057 -1.084543 -1.150111 -1.18552 -1.19857 -1.200187 -1.158932 -1.150613 -1.109016 -1.128516 -1.148243 -1.133375 -1.121884 -1.080015 -1.039968 -.9974222 -1.047999 -1.218122 -1.294745 -1.33897 -1.365747 -1.520711 -1.911692 -2.550471 -3.228468 -3.795035 -4.19836 -4.654595 -5.098025 -5.4449 -5.660758 -5.875752 -6.144968 -6.182888 -5.898762 -5.6104 -5.414004 -5.098736 -4.328878 -3.334795 -2.575094
-.6010349 -.5891705 -.570291 -.5581737 -.5663207 -.5672992 -.5673942 -.6091954 -.5941446 -.5822778 -.6194965 -.6922401 -.7515734 -.8409563 -.8979977 -.9238624 -.9766086 -1.032012 -1.051601 -1.072664 -1.02886 -1.016854 -1.07436 -1.118595 -1.139847 -1.129233 -1.088635 -1.107682 -1.086854 -1.068953 -1.037989 -.9993232 -.9563329 -.8182436 -.6553191 -.6414962 -.8471854 -1.0216 -1.13971 -1.226912 -1.220499 -1.31251 -1.647285 -2.136297 -2.678659 -3.149709 -3.458907 -3.729816 -4.050098 -4.374441 -4.660353 -5.030739 -5.428144 -5.696018 -5.613444 -5.359373 -5.130753 -4.747396 -3.971109 -3.019555 -2.237445
-.5796567 -.5659844 -.5824787 -.5527008 -.5391439 -.5624273 -.5666031 -.6025094 -.6093002 -.5972 -.6072279 -.6370432 -.6950245 -.8287891 -.847499 -.8849418 -.9514525 -1.001524 -1.00464 -1.030656 -.9944963 -.9942445 -1.009068 -1.065859 -1.040961 -1.039601 -1.044328 -1.018461 -.9983068 -.9469113 -.8908574 -.8312801 -.7232757 -.619967 -.5830833 -.6516773 -.7445358 -.8216302 -.9631705 -1.052251 -1.115384 -1.15039 -1.35246 -1.686307 -2.118916 -2.466386 -2.726442 -2.888298 -3.147982 -3.441317 -3.834906 -4.320417 -4.845044 -5.331367 -5.473524 -5.4344 -5.289795 -4.777561 -3.838571 -2.836503 -2.058226
-.5689188 -.5491537 -.554557 -.5340238 -.5343851 -.557125 -.5586784 -.5873392 -.5811527 -.5845746 -.5862474 -.6129572 -.6457413 -.7626851 -.8279487 -.870479 -.919134 -.9800432 -.9999488 -.9909797 -.9504102 -.9677969 -.9546039 -.9695945 -.9780463 -.9775869 -.9540675 -.9426382 -.8777339 -.7972606 -.799032 -.8014637 -.7424984 -.6085778 -.5612888 -.5776808 -.6485873 -.6879818 -.8387752 -1.006302 -1.064134 -1.062849 -1.09993 -1.295708 -1.587342 -1.885502 -2.132348 -2.372016 -2.605646 -3.062464 -3.547946 -4.079828 -4.705853 -5.33041 -5.759823 -5.969704 -5.79057 -5.054533 -3.919603 -2.780893 -1.829
-.5191026 -.5220191 -.5385777 -.5254927 -.5395868 -.5425237 -.5713982 -.5745159 -.5728986 -.576196 -.5741609 -.5952424 -.6107548 -.6544633 -.7277825 -.8099419 -.8713448 -.9545946 -.9715811 -.9213696 -.9064423 -.9216185 -.9128487 -.9076825 -.9285454 -.865447 -.8579648 -.8099598 -.733052 -.6963684 -.7023466 -.6831511 -.6340753 -.5532603 -.4649979 -.4569445 -.510627 -.5714561 -.7741341 -.9652026 -1.067324 -1.062286 -1.058084 -1.044948 -1.196605 -1.4517 -1.761227 -2.066591 -2.470413 -3.016647 -3.67056 -4.37449 -5.090304 -5.804638 -6.380919 -6.644026 -6.339541 -5.324808 -3.988805 -2.573383 -1.499352
-.4781446 -.5190086 -.5231313 -.5461211 -.5552698 -.5519431 -.5587574 -.570734 -.579337 -.5683285 -.5688781 -.5928829 -.583483 -.5849967 -.6529027 -.7148663 -.8095922 -.9196399 -.914635 -.9116611 -.8749192 -.9002814 -.9083963 -.8740432 -.8791275 -.841856 -.7640722 -.7400469 -.6699892 -.6283538 -.6223723 -.5846255 -.5359023 -.453902 -.3532364 -.2865517 -.3502608 -.4009146 -.6197668 -.8350109 -1.066055 -1.210458 -1.195527 -1.014324 -.8746952 -1.038783 -1.406192 -1.811944 -2.287559 -2.952311 -3.725637 -4.563859 -5.357823 -6.113153 -6.809295 -7.076726 -6.606429 -5.365768 -3.721149 -2.09 -.8895477
-.49096 -.5358372 -.5452951 -.557674 -.5662675 -.5892314 -.5914619 -.5932338 -.6031628 -.5951275 -.5920612 -.5622779 -.5795404 -.5560841 -.5838088 -.6957167 -.8091171 -.8694946 -.86519 -.8433055 -.8724489 -.8561886 -.8727976 -.8388395 -.8174422 -.75226 -.7023046 -.656355 -.6083144 -.60174 -.5558726 -.4973639 -.4595503 -.3405874 -.2626489 -.1342704 -.1928557 -.2392816 -.4150168 -.7107797 -1.096737 -1.378415 -1.39812 -1.106857 -.6962224 -.5700054 -.8620487 -1.289262 -1.762249 -2.33904 -3.100337 -3.976792 -4.842435 -5.776983 -6.555181 -6.873583 -6.355496 -4.858987 -3.023901 -1.345073 -.246676
-.5126716 -.5624273 -.5653139 -.5945104 -.5871788 -.6033016 -.6319143 -.6046492 -.6004824 -.6030967 -.5761019 -.5508637 -.5454149 -.555741 -.5877088 -.6711522 -.7654535 -.8657171 -.7989021 -.8028151 -.8330945 -.8312401 -.8249972 -.7933386 -.7539753 -.6838133 -.6238133 -.5908803 -.524531 -.4986229 -.4650174 -.3927979 -.3254729 -.2200574 -.07457422 .06737356 .09742368 .0509112 -.1167685 -.4391735 -.9897014 -1.385074 -1.508445 -1.201626 -.5349778 -.00532886 -.00851166 -.3780171 -.7729493 -1.309996 -1.96723 -2.91273 -3.886545 -4.877639 -5.762539 -6.118557 -5.611959 -4.059412 -2.155933 -.5613989 .4331935
-.5504267 -.5873785 -.5791706 -.6038762 -.6177846 -.6122788 -.5952649 -.6010758 -.6257831 -.6164827 -.6166952 -.5684102 -.5432891 -.5510575 -.608337 -.6804417 -.758244 -.8473645 -.8696887 -.7892341 -.8280656 -.7888247 -.768271 -.7404948 -.7148709 -.6523246 -.5884363 -.5187032 -.4379171 -.3860754 -.3528859 -.2699724 -.1584963 .002797762 .1931598 .3729548 .4968016 .5037042 .3890173 .0553075 -.430528 -.9800452 -1.277585 -1.062783 -.3955743 .5262324 .8795559 .608802 .1353876 -.4044267 -1.188599 -2.170829 -3.287647 -4.298584 -5.096029 -5.474153 -4.884584 -3.288059 -1.354002 .3229758 1.270702
-.5410776 -.5856714 -.5869055 -.6046023 -.6157429 -.6106468 -.6556979 -.6653138 -.6554939 -.6548685 -.6369058 -.6110863 -.5670102 -.5690305 -.6097696 -.6618049 -.7348344 -.8206573 -.8877732 -.8337426 -.7818698 -.7381033 -.7105004 -.6858808 -.7059616 -.6120533 -.5468782 -.4340084 -.3563584 -.2622399 -.1829522 -.09547379 .0415475 .2129155 .450163 .7046202 .9597452 .9698985 .9543638 .7514679 .2659986 -.2916118 -.721887 -.7345771 -.1997154 .7223317 1.398794 1.284392 .7013381 -.06895749 -1.029112 -2.062529 -3.184361 -4.183104 -4.915471 -5.12184 -4.449625 -2.732775 -.5130157 1.283126 2.382353
-.528595 -.5767256 -.6028394 -.619866 -.6391764 -.6415756 -.6699992 -.6650902 -.676268 -.6758976 -.6849648 -.6708621 -.6164904 -.562215 -.5892472 -.6340433 -.7045012 -.7806466 -.851557 -.8339674 -.6729043 -.6452079 -.6324115 -.6224394 -.6430189 -.5514603 -.4639269 -.3559305 -.2747665 -.1602906 -.05282426 .03277402 .2059738 .4316104 .6859915 1.015183 1.382113 1.548956 1.652935 1.480524 1.069115 .5207046 -.01596195 -.2348012 .05491444 .8516666 1.562123 1.600044 1.036255 .1288912 -1.006182 -2.095815 -3.133878 -4.054108 -4.742391 -4.871169 -4.097146 -2.202363 .1850121 2.265599 3.451811
-.5524535 -.5946119 -.6401272 -.6576315 -.6649163 -.699231 -.6531962 -.6816292 -.7016475 -.7114232 -.702337 -.6696103 -.5720674 -.5328348 -.5779519 -.6074515 -.6877654 -.7454119 -.7772667 -.6831946 -.5457621 -.5564426 -.5523608 -.5719584 -.5533309 -.4934909 -.3854936 -.2868631 -.1908883 -.02604394 .1013055 .2294368 .3993409 .6410264 .8972399 1.340609 1.809779 2.144889 2.33639 2.200957 1.893206 1.412849 .8584887 .4679281 .5081404 1.133301 1.84823 2.005605 1.644229 .8474659 -.3217188 -1.383764 -2.369178 -3.295866 -4.04988 -4.266022 -3.620126 -1.779781 .6264079 2.750145 4.028037
-.5436946 -.5859398 -.6535646 -.6832437 -.6855478 -.6759997 -.6629437 -.6977635 -.7260519 -.7260472 -.6963263 -.6208671 -.5429017 -.5772457 -.5821102 -.6159936 -.6477358 -.6591983 -.675712 -.6138067 -.523271 -.5290981 -.5067639 -.5051939 -.5126859 -.4157848 -.3134301 -.1887598 -.04145375 .1094095 .2677484 .4248735 .6027841 .8232757 1.133918 1.63013 2.152588 2.767144 3.047353 3.034408 2.807468 2.397655 1.86091 1.335254 1.166261 1.599983 2.297417 2.64513 2.416671 1.829831 .9509866 -.09354303 -1.102113 -2.122451 -2.992886 -3.508804 -3.099918 -1.579785 .6161195 2.62939 3.897888
-.5618923 -.648281 -.701398 -.7137464 -.6883498 -.7116967 -.7137915 -.7286296 -.7749789 -.7595585 -.7007937 -.6786103 -.6309154 -.6196088 -.5972599 -.6026613 -.6065227 -.6083898 -.6153454 -.5634232 -.5589926 -.5534502 -.5542806 -.5229529 -.4564117 -.321333 -.2033998 -.05077825 .09140943 .2400776 .4168223 .5848945 .7848014 1.029974 1.345576 1.823129 2.556226 3.315429 3.698976 3.776656 3.542629 3.191679 2.644085 2.055014 1.753024 2.010784 2.578933 2.942901 2.878197 2.473409 1.793195 .8330465 -.2372554 -1.333685 -2.409961 -3.057173 -2.952686 -1.841002 -.07093392 1.657238 2.952835
-.6468946 -.7280838 -.7798651 -.8210285 -.7911544 -.7390387 -.7437927 -.7855335 -.8116322 -.7850627 -.7565451 -.7370886 -.7285078 -.6597475 -.6065752 -.6208686 -.5913178 -.5927919 -.5641541 -.5533496 -.557938 -.575981 -.6004507 -.5367936 -.339646 -.1570918 -.05196683 .06333505 .1893014 .3568753 .5115783 .7158104 .8974229 1.187244 1.536661 2.017323 2.735968 3.565853 4.123488 4.211344 3.913552 3.444308 2.878633 2.255162 1.857446 1.812418 2.134754 2.405628 2.291595 1.975686 1.453602 .6590663 -.3676327 -1.515958 -2.56778 -3.220369 -3.229558 -2.369983 -1.028099 .4277915 1.555146
-.7195341 -.8100724 -.902816 -.9840863 -.9161927 -.7925661 -.7436503 -.8198044 -.8600333 -.8486624 -.8202847 -.7770118 -.6967902 -.6297119 -.6093739 -.6288008 -.6216777 -.6061662 -.5417067 -.5418007 -.553211 -.5715503 -.5725763 -.4639267 -.2898627 -.1342435 -.01704124 .1201122 .2615952 .4290911 .6082956 .7746519 1.0142 1.272139 1.593407 2.06972 2.704833 3.476717 4.037547 4.145277 3.880879 3.264825 2.592715 1.833176 1.189887 .856787 .8451946 1.023279 .9443047 .6499624 .2388627 -.4721786 -1.383675 -2.335346 -3.183676 -3.64566 -3.538831 -2.861805 -1.887567 -.7251751 .09186172
-.7548632 -.8405159 -.9413388 -1.066158 -1.031265 -.9065652 -.8061506 -.8223947 -.8261192 -.8345795 -.8098213 -.7165284 -.6157576 -.5786201 -.6194101 -.6340514 -.6670303 -.6488351 -.600152 -.517903 -.542263 -.5511773 -.5474401 -.4963174 -.3611702 -.2090985 -.05922741 .1017494 .2565535 .475515 .6354104 .7782714 1.03232 1.280802 1.553268 1.956563 2.543611 3.15512 3.680034 3.81913 3.54638 2.878424 2.044973 1.186093 .2997423 -.2688951 -.408887 -.3109572 -.2922482 -.5465788 -.9707569 -1.554517 -2.224566 -2.878505 -3.439689 -3.776194 -3.682698 -3.158157 -2.445656 -1.734472 -1.083233
-.8085614 -.880055 -.9565197 -1.091159 -1.07611 -.9592474 -.844269 -.8651722 -.8442619 -.8080624 -.7551195 -.6647838 -.6119735 -.6093014 -.6442752 -.6838949 -.7193486 -.7084174 -.6477901 -.5559576 -.5462325 -.5776383 -.5938697 -.5788558 -.4665035 -.3157146 -.1580284 -.003493619 .2151995 .41668 .581837 .7088304 .9671575 1.248919 1.43306 1.781248 2.363831 2.889635 3.229923 3.387293 3.215423 2.616056 1.753978 .8920586 .07129402 -.3835398 -.4047235 -.3291712 -.3737209 -.6767207 -1.116872 -1.553185 -1.99834 -2.436366 -2.895483 -3.369297 -3.568329 -3.315621 -2.960563 -2.429857 -1.942598
-.8429523 -.9317295 -1.009846 -1.086351 -1.075272 -1.018791 -.9531991 -.9868392 -.9523911 -.8453785 -.750007 -.6957104 -.6437132 -.6604971 -.7309446 -.7562661 -.7539295 -.7349573 -.6732552 -.5852573 -.5916531 -.6514717 -.6762403 -.649237 -.5128964 -.3664978 -.2919929 -.1506873 .04487515 .2434992 .4127732 .5642234 .8249085 1.128747 1.267786 1.620156 2.172369 2.687624 3.00509 3.106964 3.031268 2.659013 2.03599 1.431432 .9044193 .6111165 .494218 .4192854 .1544285 -.2178577 -.6499686 -.9972531 -1.273639 -1.615089 -2.109249 -2.790026 -3.340922 -3.545077 -3.383232 -3.045735 -2.607547
-.8645429 -.9591258 -1.02342 -1.139472 -1.147967 -1.103932 -1.064616 -1.099812 -1.097204 -.9702175 -.7572665 -.6985231 -.6457885 -.6964076 -.770609 -.7915102 -.7741441 -.7416847 -.6849141 -.6443038 -.7027573 -.7454109 -.7293721 -.6569402 -.5372314 -.4991928 -.456633 -.3523056 -.1804207 -.01668954 .192669 .3921129 .6264465 .9758376 1.1331 1.508463 2.007197 2.562239 2.922595 3.054977 3.065668 2.897892 2.599038 2.158998 1.689621 1.218329 .8445011 .500664 .07922175 -.2685546 -.4979605 -.6198695 -.7591835 -1.075404 -1.604074 -2.348595 -3.125443 -3.606773 -3.670707 -3.621007 -3.352618
-.9167146 -.9996969 -1.073309 -1.146868 -1.185848 -1.173555 -1.169336 -1.17534 -1.207818 -1.082409 -.835596 -.7397441 -.6999684 -.7149574 -.795187 -.8216133 -.8222244 -.7792058 -.7208677 -.7462004 -.7974338 -.8104895 -.8080897 -.8354658 -.7715105 -.6963583 -.6811752 -.5496678 -.402058 -.2263091 -.02235408 .1178056 .3936442 .7682237 .9722403 1.339276 1.84326 2.38381 2.821464 3.035882 3.058317 2.985535 2.738485 2.312773 1.745513 1.059425 .4767092 .08868933 -.1906644 -.3669616 -.3853091 -.4191513 -.6190808 -1.056455 -1.728425 -2.451523 -3.146071 -3.593832 -3.769401 -3.953405 -3.920981
-.9990612 -1.094652 -1.158461 -1.18059 -1.195012 -1.200671 -1.218641 -1.25346 -1.2499 -1.178843 -1.02424 -.8600007 -.8051044 -.8026158 -.8156943 -.8633584 -.8724431 -.8675378 -.8531312 -.8116571 -.8500258 -.9116676 -.9553688 -.9888507 -1.026823 -.9185333 -.8512175 -.7756425 -.6353657 -.4776474 -.2414188 -.005641983 .2647018 .5346551 .7423428 1.099957 1.585311 2.097446 2.606354 2.834053 2.88779 2.777585 2.490618 2.092261 1.435766 .7861058 .3971007 .1727612 .08551655 -.02224716 -.1738103 -.3982088 -.7581616 -1.470421 -2.380707 -3.148067 -3.597281 -3.841614 -3.911833 -4.057698 -4.277756
-1.039666 -1.134065 -1.202228 -1.136974 -1.148732 -1.186597 -1.241122 -1.276236 -1.252898 -1.207977 -1.094625 -.958565 -.871866 -.8110681 -.8236966 -.8745522 -.9013737 -.9406947 -.870693 -.8176532 -.8920711 -.9409246 -1.001947 -1.016367 -.9812922 -.9079267 -.9549723 -.9199874 -.8337791 -.6990848 -.4968237 -.2541727 -.04038472 .1492321 .3732022 .7566368 1.274492 1.735458 2.228314 2.524928 2.657412 2.616451 2.350257 2.044006 1.634438 1.185179 .9758855 .833511 .6434822 .2759592 -.2724709 -.8378575 -1.259241 -2.072007 -3.139897 -3.942234 -4.285762 -4.290718 -4.116134 -4.112992 -4.343647
-1.069744 -1.131807 -1.181824 -1.151127 -1.153876 -1.202233 -1.269906 -1.27174 -1.245069 -1.170744 -1.072103 -.9343755 -.8336151 -.8096452 -.8191581 -.8402597 -.8395637 -.8578779 -.8393244 -.8300145 -.8993353 -.9471254 -.9691498 -.9621564 -.9163841 -.9191784 -.9966922 -.9864326 -.9311279 -.8775923 -.7990648 -.6572546 -.4159226 -.2705146 -.08748847 .2999376 .8301631 1.313517 1.797447 2.23322 2.484646 2.627114 2.531199 2.423151 2.2701 1.987723 1.720492 1.381313 .8811228 .07923699 -.8738541 -1.613177 -2.023423 -2.628301 -3.624755 -4.543935 -4.90446 -4.715671 -4.321043 -4.128643 -4.29253
-1.099217 -1.150804 -1.222236 -1.207082 -1.202639 -1.22551 -1.28062 -1.291292 -1.22688 -1.156781 -1.040316 -.9333915 -.8688781 -.8391417 -.8628176 -.879979 -.8434072 -.8439583 -.8530431 -.8361534 -.8752047 -.9330503 -.8961453 -.8479826 -.8536547 -.8880662 -.9359644 -.9343342 -.9722832 -1.017398 -1.00293 -.8309696 -.6413903 -.5160057 -.4383706 -.09886649 .4321707 1.075113 1.582615 1.944072 2.368904 2.732599 2.854387 2.87851 2.806053 2.48936 2.037778 1.514102 .7199805 -.3456352 -1.537996 -2.358379 -2.663562 -2.930504 -3.772686 -4.814141 -5.337757 -5.102272 -4.354228 -3.944413 -4.126154
-1.132996 -1.187837 -1.217615 -1.228899 -1.224463 -1.248927 -1.261678 -1.246171 -1.186343 -1.11726 -1.022348 -.9493524 -.8992236 -.8858262 -.9137861 -.9435838 -.8880101 -.8470188 -.8315937 -.8386531 -.7802233 -.8349236 -.8309703 -.7897926 -.7964751 -.8252648 -.848638 -.8902501 -1.013327 -1.1012 -1.091156 -.8811232 -.612513 -.4567191 -.3922727 -.002063211 .6276593 1.118 1.715093 2.111899 2.369308 2.780422 3.159858 3.281427 3.161139 2.734112 2.101913 1.442233 .4936011 -.6793492 -1.971758 -2.905411 -3.149333 -3.11045 -3.702412 -4.827563 -5.556936 -5.332401 -4.421834 -3.616469 -3.689508
