py_wake/examples/data/AJ_ParqueFicticio/Rough survey   Sector 1   Height 200m   Power density.grd
DSAA
73  159
 258469   265669
 6501692   6517492
 52.88049   497.129
[rows 0 to 27 of 159, columns 0 to 62 of 73]
172.1459 171.3228 170.6801 169.7787 168.9958 167.7009 166.8232 166.0696 165.427 164.8666 163.9929 163.277 162.3605 162.0164 161.8418 161.6254 161.8452 161.5491 161.6771 161.0726 161.3617 162.1401 163.5359 165.9997 167.2326 166.8636 168.8209 171.9801 174.6993 176.4393 178.1326 180.0232 184.1405 188.4244 192.8794 195.9608 197.7591 196.3981 193.9826 190.9903 186.9169 181.8667 177.2936 173.4347 171.6945 170.7367 169.9362 168.6021 167.701 166.147 164.75 163.16 161.715 160.4313 159.9004 159.613 159.3897 159.6833 160.5443 162.6294 164.9247 167.8273 170.7459
169.7535 169.4399 169.0577 168.4055 167.411 166.3737 165.7678 164.7391 164.2117 163.515 162.6013 161.8413 161.071 161.0138 161.0981 161.2317 161.5418 161.9917 162.7045 163.61 164.9513 167.004 168.9408 171.288 173.4731 173.5131 174.044 176.3329 177.4987 179.5896 180.8012 183.6106 187.0827 191.2305 195.7358 198.7958 200.5809 199.1516 196.0452 192.5706 188.0566 183.5254 180.2643 176.9595 173.6182 172.222 170.9919 169.8162 168.4755 166.908 164.9863 163.1006 161.1319 159.8995 159.215 158.8799 158.8454 159.4141 161.4295 163.5542 166.2906 169.4301 173.1825
170.7013 168.7023 167.8418 167.3 165.3603 164.3575 163.6163 162.9321 162.4537 162.0294 161.6466 160.5979 159.7136 159.2645 159.8345 160.5337 161.6577 162.3796 163.7572 165.3815 167.3258 170.1766 171.145 174.2964 177.5375 178.9237 179.2063 179.012 179.894 181.042 182.6538 185.0634 188.2728 191.595 195.3021 198.7725 199.9402 199.2219 197.2316 193.0965 188.1204 183.744 180.6295 178.3619 175.4384 172.6075 171.1015 170.2636 168.8194 167.3437 165.2646 163.1354 161.2792 160.2016 159.2883 158.5705 158.4939 158.9548 160.7676 163.4531 166.9121 171.013 175.162
172.9482 169.8237 167.0062 165.2977 164.0358 163.1628 162.0664 161.3325 160.7982 160.2665 159.9491 159.6095 158.8994 158.259 158.0155 159.3941 160.8403 161.8895 163.5273 166.1491 168.6646 171.2057 172.9836 176.0484 178.9118 181.6497 181.4958 181.4958 181.0479 181.8882 183.2077 184.9115 186.4362 187.5816 188.2847 188.8229 191.3018 192.6064 192.0939 188.9377 184.497 180.8355 178.5466 177.8781 176.2983 173.9591 170.8733 169.3152 168.0607 166.7119 165.8519 164.7254 162.8923 160.5823 158.8915 157.8868 157.5675 157.8664 159.6747 163.2048 167.2776 172.0265 176.561
174.3021 170.7858 167.2772 164.6849 163.3123 161.7657 160.8194 159.807 159.1727 158.7403 158.3249 157.993 157.8391 157.5294 156.8011 157.7383 159.7402 161.6967 163.7612 167.0316 169.7955 171.3599 173.997 176.0025 178.3506 181.9241 182.5265 181.1288 180.0982 180.6081 181.062 182.3871 180.7066 178.621 175.0213 172.6984 172.7874 175.2627 175.7138 175.0023 174.3858 173.8979 173.7428 175.8574 177.1969 175.3087 171.341 168.541 167.767 167.2053 167.9471 166.7396 164.4545 161.3111 158.791 156.9278 156.0005 156.1304 157.8576 161.7822 166.5459 172.2944 177.0651
175.2122 172.3732 169.242 166.3153 163.1353 161.0391 159.9396 159.2763 158.649 158.0733 157.7739 156.8616 156.3927 156.4606 156.1732 155.9765 157.9534 160.586 164.251 167.5551 170.4585 173.3553 174.9883 176.321 177.8508 180.025 180.0258 179.2321 177.3342 176.3451 175.1072 172.9461 168.8607 163.4222 159.6042 156.1364 154.092 155.1884 155.9676 156.5112 160.9803 165.6315 169.3445 172.3722 171.9381 170.256 167.8748 166.64 166.736 167.1973 167.3496 166.7529 164.2005 160.8061 157.2459 154.5348 153.1754 153.1706 154.6712 158.9699 163.9088 168.2589 171.4083
176.8148 175.1826 173.1573 169.5346 164.8876 161.1836 161.1249 161.1742 160.358 159.532 158.6712 157.0182 156.0523 156.3651 156.2287 154.8717 155.3926 157.908 161.4878 165.3739 169.3701 173.0866 175.4582 177.0112 176.9286 177.0937 176.4177 175.2842 173.1523 170.8711 168.271 163.8021 157.7546 153.5725 150.0995 146.5454 143.8571 142.6176 142.8663 145.0463 150.6105 158.3679 163.6808 165.3976 163.5778 161.785 162.2713 163.69 163.665 163.6362 163.6665 162.5999 160.4435 157.7484 154.0047 151.0573 149.5778 149.0866 149.4604 153.5667 156.9124 158.1742 156.4507
178.4573 177.7436 176.8752 173.8419 169.3849 164.9911 163.7312 164.1731 163.425 162.1781 160.7156 158.653 157.2372 156.6734 156.2146 154.159 152.7612 154.0108 157.1912 161.4108 165.8001 170.1167 173.7402 175.2452 175.0855 173.5945 173.0492 171.3234 168.8281 165.7586 161.9071 157.1427 151.7893 147.5217 143.5524 139.6572 136.8741 134.8901 135.0354 137.9592 141.734 147.3712 151.4116 152.4924 151.9772 153.6711 156.8932 157.6526 157.1901 156.0351 155.6249 153.7642 151.2853 149.1502 148.0323 146.1463 144.9686 143.9763 143.6293 143.8629 143.3938 140.2912 134.0935
179.7357 179.3827 178.6786 175.8238 171.9635 168.5475 167.5292 167.7154 166.8548 165.2059 162.5358 160.5108 158.5263 158.1107 157.0539 154.2077 151.2026 150.402 152.0411 155.2503 159.3897 161.9155 164.4977 167.1849 167.8655 168.0105 167.2682 166.3584 163.6362 160.2871 156.6548 151.8015 146.3404 141.5826 137.3182 133.3893 129.3918 127.8256 127.9682 129.4593 129.0896 130.2788 132.0956 133.2688 137.0777 141.753 143.9756 144.0069 142.2177 139.9079 140.3032 138.9627 136.9065 137.5722 139.1414 140.1949 140.1679 138.747 136.1783 132.2846 126.0903 119.4088 112.4777
181.0599 180.7565 179.8714 178.4567 176.4234 173.1162 172.3318 172.2317 170.3925 167.5182 164.1931 162.0683 160.1195 159.2804 158.6388 156.3539 152.77 149.3387 148.7762 149.655 150.947 151.3773 152.3376 154.1434 156.4243 159.356 160.9353 159.9701 157.9668 155.2925 151.6724 146.85 141.0358 136.4236 131.766 127.8221 125.0574 122.515 120.9028 119.3685 116.3489 114.1783 112.6768 114.2665 118.8627 123.3353 124.4177 124.7016 123.2788 121.2103 121.4525 121.6446 122.2486 125.8109 130.1871 133.8475 134.9459 132.927 129.1815 122.2184 114.1519 105.8031 99.78137
181.9032 181.784 181.185 181.6564 183.73 182.0603 180.7241 177.7708 172.8018 168.9076 165.787 163.5783 161.7563 160.6367 160.8159 159.7753 156.6644 152.5844 148.9413 147.0056 144.9797 143.104 142.1091 143.6637 145.395 147.4046 150.1173 152.6099 151.7577 149.6638 145.8134 141.585 137.2012 132.4205 128.2384 125.0388 121.7397 118.5864 115.2144 112.5751 108.8104 105.0648 102.0817 101.4416 102.371 104.2295 103.8667 104.2076 104.2555 103.4014 103.9306 106.2887 110.7439 116.2424 120.9999 124.7819 126.6347 125.0034 120.2603 112.6348 104.8938 97.87387 93.35294
183.3287 183.5947 183.3949 184.6441 185.5429 184.6937 183.1373 179.9371 175.0605 171.1482 168.1516 166.954 164.765 162.7734 162.1217 162.7137 162.5715 158.8731 153.8306 148.386 143.5476 139.7724 138.3096 137.923 138.4412 139.0898 140.0312 144.8995 145.5978 143.6227 140.1061 136.7342 133.2191 129.2488 125.9668 122.8716 119.7403 116.3133 112.4341 108.2878 104.4312 100.788 97.15807 94.60945 92.43121 91.20544 90.073 89.57815 89.60831 89.59071 90.78731 94.53236 100.057 104.4195 107.3892 109.1669 108.8642 106.7525 102.784 97.96273 93.22421 89.75435 87.94727
184.2767 185.0936 185.2247 185.2473 185.3021 184.4204 182.8753 180.0568 176.7847 174.9323 174.5209 173.7756 170.709 166.3091 163.4826 162.6966 164.2048 163.7408 160.1029 154.8133 149.4323 145.3792 140.7388 136.7574 134.8026 133.6693 132.9856 135.3775 136.6765 135.0857 133.4206 130.9727 128.506 125.4259 122.4592 120.0781 117.3962 114.1757 110.0955 105.5693 101.3429 97.57583 93.56068 90.12544 86.3435 84.15685 82.04379 81.03905 80.73002 80.62248 81.57658 83.86731 86.43879 88.10891 88.15178 85.50642 82.38672 79.31792 76.98911 76.26078 77.07295 78.78693 81.13287
184.7155 185.0563 184.8 184.8266 184.4527 183.7912 182.7849 182.4158 180.463 180.2496 180.8869 179.5098 176.9114 173.1073 169.7794 167.4368 166.004 164.61 165.9079 162.8676 157.6729 150.916 145.3226 139.4993 134.2216 130.9478 128.4789 128.3646 129.1508 128.8073 128.0735 126.9179 124.712 121.923 118.8268 116.6885 114.8748 112.1612 108.6824 104.1857 99.21855 94.71088 90.61095 87.0798 82.89064 79.20545 77.11459 75.1286 75.08192 74.45417 74.96006 75.22028 73.93364 71.57599 68.40189 64.18355 60.8278 58.73817 58.34953 60.18481 63.99376 69.24754 74.38725
185.3053 185.1095 184.7885 184.4481 184.4196 183.886 183.3774 183.1186 182.4483 182.3038 182.0755 181.8242 180.293 178.5282 175.9826 173.2758 171.5128 171.523 171.36 169.7753 166.4936 160.6994 152.2122 142.72 135.7511 130.7272 128.0842 127.1045 126.3087 125.8372 125.0436 123.6809 122.469 119.4531 116.2152 113.718 112.6487 110.6954 107.9897 103.6394 98.3017 93.13986 88.59787 85.39198 81.58493 77.39043 74.856 72.80335 70.84991 70.55578 70.17957 68.80334 65.75117 62.06016 58.16875 55.16175 53.36203 52.88049 54.2061 56.85399 61.52787 67.20226 72.82813
184.8466 184.5123 184.3349 184.0896 183.9629 184.0784 183.8846 183.6472 182.9788 182.0144 182.3504 182.8068 182.5468 182.5744 182.7793 180.8606 178.278 177.9842 177.2533 174.8347 172.3943 168.6116 161.49 152.2238 142.9018 135.6005 130.8048 127.9696 126.7282 125.6713 125.231 123.5354 121.7518 119.2005 116.6955 114.4506 112.4556 110.6834 108.3176 105.3046 100.4328 95.39973 90.28326 85.77401 81.96847 78.23854 75.67685 73.98322 72.22009 70.53053 69.44283 67.67466 64.95508 61.71695 59.71984 59.07008 59.65784 61.733 64.39987 67.03433 70.09899 73.20147 76.96577
184.3455 183.6597 183.7358 183.5843 183.8275 184.1481 184.0999 184.2499 183.8622 183.343 183.1537 183.6795 184.8761 185.2998 186.1087 185.0002 182.5375 179.9548 178.9396 176.6035 174.4785 172.2236 167.857 161.3613 153.8013 144.9465 137.7423 132.6411 129.7917 129.0259 128.753 127.2956 125.0885 123.7567 123.7891 122.3449 119.0417 115.7899 113.0624 108.4291 105.3043 100.4195 93.86292 88.96252 85.12966 82.56541 80.96463 79.50584 77.91486 76.37743 74.71609 73.48079 72.46767 72.12746 72.26246 73.83854 77.06979 80.21689 82.94033 84.73317 85.07452 84.76823 83.9623
184.0721 183.5139 183.2561 183.2389 183.5212 184.016 184.3326 184.3562 184.521 184.4466 184.5307 184.1989 185.5601 186.0002 185.7739 184.937 183.202 181.1622 179.6966 177.4467 175.7418 174.3349 172.0316 169.2555 164.6351 157.6275 150.7794 144.0782 139.5013 138.0233 137.9893 135.9817 134.7549 134.9094 135.5345 134.7315 131.2254 127.4094 123.8876 119.6861 116.5935 111.0334 104.2946 98.61774 94.7831 93.18752 91.79459 91.28192 90.59639 89.6862 88.40864 87.10977 87.39355 88.84879 90.91499 93.1179 95.13212 97.23431 98.71687 98.4264 96.98135 94.47701 91.39562
183.8044 183.3891 183.4552 183.0046 183.4962 183.7543 184.2203 184.5781 185.0408 185.1272 185.5179 184.9919 185.4589 185.3894 185.012 184.8268 183.1896 181.533 180.2971 178.3864 176.8243 175.9948 175.7237 175.3676 174.5112 171.2549 165.761 159.597 155.3613 153.0075 150.0161 146.9192 147.7938 148.2448 148.7665 147.3442 143.632 139.3698 134.5143 130.6861 128.6963 127.1204 124.0096 120.5172 116.7887 113.7504 111.045 110.1972 110.0858 108.6 106.0604 103.2628 102.6409 103.6721 104.8207 105.3967 105.7939 105.8016 104.9904 104.1977 103.0253 100.8286 97.86334
183.7442 183.41 183.3342 182.7004 182.848 183.162 184.0593 184.5146 185.1166 185.5097 185.7181 185.7062 185.5816 184.7858 184.3997 184.0206 183.4007 181.8358 180.9386 179.2852 178.3245 177.4239 177.4761 178.1182 177.8165 177.0199 175.1745 172.0928 168.3519 164.451 158.7557 155.3004 157.6996 159.1622 158.8804 156.5702 152.5381 148.2962 143.9486 142.13 143.1993 145.2189 146.6218 145.8227 143.3962 139.7095 134.9452 131.251 129.9442 126.6335 121.264 117.0832 113.7601 112.4524 111.2937 110.1513 109.1483 108.6084 106.7069 106.0495 105.9093 105.6304 104.4865
182.8085 182.8951 182.4273 182.0882 181.9026 182.6245 183.4424 184.003 184.7236 185.1448 185.2196 185.2443 184.8516 184.4771 183.8916 183.65 183.772 182.3851 181.772 180.821 180.0023 178.7735 178.3446 178.185 178.5455 178.4173 177.7325 176.5402 174.0517 168.2792 163.1148 160.7823 162.0111 163.0757 163.7619 162.9816 158.8651 155.1644 152.9001 154.6151 156.9526 160.229 162.8408 163.5931 162.0953 158.1399 151.9528 146.9099 142.9688 137.3991 130.8289 125.3049 120.3975 116.2199 113.5851 110.8756 109.0859 108.1519 107.4281 108.2887 109.8675 111.9536 113.5789
181.4158 181.1497 181.0811 180.6156 180.9539 181.7005 182.5226 183.3638 184.1275 184.0601 184.1055 184.3249 184.8472 184.1569 183.6371 183.5466 183.647 183.2819 182.5573 181.9811 181.2384 179.6696 178.8277 178.2828 178.3828 178.1154 177.1429 175.884 173.5476 169.2123 167.1627 166.0682 163.7767 164.9552 166.2396 165.1972 162.5345 158.9236 158.5207 162.1611 165.6129 168.3725 168.9547 168.8267 167.8747 164.5977 160.2666 155.3323 148.3342 140.85 134.0735 129.2695 124.046 118.5194 115.3754 112.3056 110.1244 110.155 111.3543 113.8552 117.2147 121.4553 124.9
180.7487 180.0279 179.7527 179.809 180.4231 181.1627 181.8597 182.5134 183.2098 183.0591 183.1016 183.4647 183.9814 183.8522 183.4602 183.1366 183.2334 182.8073 182.5847 182.0176 181.4499 179.9981 179.1756 178.9406 178.4343 177.3365 175.2534 173.5601 171.964 171.8792 172.9973 173.0806 169.8097 167.4053 167.3155 165.3206 164.3495 162.676 162.2292 164.2649 166.9389 168.056 167.6845 167.7347 166.7626 164.9439 161.8365 156.5355 148.9523 141.0057 134.9184 129.8058 125.5746 120.3573 117.785 115.9347 115.3478 116.7644 120.4227 124.5273 129.337 133.945 136.3089
180.6549 180.2994 180.5524 180.4486 180.8539 181.309 181.8268 182.3323 182.4391 182.2868 182.1774 182.3968 183.0199 183.5099 183.4605 183.559 182.5496 181.8153 181.9473 182.2717 181.7311 180.6174 179.7562 179.5457 178.7634 176.6541 174.6284 172.5235 171.6386 174.1021 177.2764 177.2599 174.4984 170.3124 167.4642 165.3722 165.6417 166.3992 166.3764 164.4434 164.2498 163.6898 163.4801 163.3394 162.3139 160.8338 158.5678 154.2639 147.8647 140.7505 135.2027 130.8531 127.3099 123.1382 121.891 122.5331 124.4887 127.648 133.5212 140.29 144.0681 146.7654 147.2844
180.7121 180.7922 181.15 181.0688 181.1454 181.2738 181.6771 182.0626 182.2965 181.8014 182.0697 182.4288 182.8914 183.319 183.3598 183.3304 182.9178 182.3191 181.8927 182.2644 182.278 181.5955 180.5186 180.3168 179.1246 177.7013 176.0333 175.0726 174.9381 176.3391 180.0878 178.9552 175.8582 171.5745 168.0261 166.4117 166.8334 168.355 168.1294 164.9488 161.986 160.8591 159.8965 158.9849 158.1212 156.5325 154.6715 152.1945 148.1487 142.5515 137.7601 133.8679 131.4008 128.8526 129.1339 132.544 136.7125 142.5679 150.1342 156.4606 158.7452 158.5353 155.0939
180.4203 180.5295 181.05 181.2717 181.4328 181.2642 181.5329 181.7993 181.934 181.6384 181.9341 182.444 182.7741 182.8547 183.1779 183.1057 182.9436 182.7137 182.2619 182.5469 182.6366 182.4307 181.6105 181.6091 181.0231 180.4342 178.8311 178.4792 179.3891 178.5603 178.0883 177.5223 176.1823 172.9966 169.2321 167.9794 167.7177 169.2677 169.1856 166.291 163.6303 163.5082 161.1404 158.8686 156.3832 154.532 153.4689 152.0685 149.5247 145.7441 142.6371 140.6868 139.2882 137.6579 139.0682 144.3999 151.338 158.4899 165.5632 169.1067 167.9036 163.8764 158.1077
181.2949 181.3862 181.7175 181.5113 181.7465 181.7066 181.9144 181.9269 182.1689 182.4362 182.4863 182.9074 183.0031 182.9939 183.055 183.4094 183.3516 183.1685 182.951 182.4199 182.5746 182.9723 183.0551 182.8334 181.908 181.4225 180.3869 179.985 179.8894 178.6105 176.9565 176.2279 175.5835 173.324 170.3178 169.203 168.6611 169.2692 170.2379 167.8928 165.6666 164.672 162.8058 161.1928 159.0562 156.5589 154.4016 152.7064 151.5373 150.7393 149.7716 150.0725 151.2953 151.1782 152.1127 158.1243 166.067 173.2718 175.7968 174.3275 170.468 164.7012 158.3939
181.6929 181.9744 181.8563 182.0062 182.1014 182.1116 182.3568 182.3546 182.6224 183.233 183.3274 183.4977 183.5659 183.3759 183.4458 183.5565 183.8578 183.6952 183.2552 183.1249 182.828 183.056 182.6313 182.7078 182.3723 181.4311 180.2124 179.267 179.1042 177.7291 176.6513 176.1135 174.2181 171.4818 169.9254 169.69 169.7843 169.9349 169.5775 167.2793 165.0342 163.5912 163.5806 162.8336 161.7531 160.0039 157.6454 156.9121 157.3556 158.0211 159.6946 162.7897 166.1384 167.6913 168.7833 172.2987 179.0421 183.8088 182.3451 177.9814 171.0699 164.4424 158.3438
