py_wake/examples/data/AJ_ParqueFicticio/Rough survey   Sector 12   Height 30m   Power density.grd
DSAA
73  159
 258469   265669
 6501692   6517492
 .01056863   660.7155
[rows 0 to 27 of 159, columns 0 to 62 of 73]
63.85756 61.1032 61.31395 61.12967 60.83841 60.61023 60.25478 60.0716 60.02055 59.12308 58.32417 57.61705 56.40591 55.85252 54.98248 54.81034 54.82817 55.18064 58.32346 63.04243 73.09141 81.70537 79.44039 81.45294 60.92462 35.78974 45.54055 48.58259 53.45271 57.45742 54.90502 51.95814 57.31135 65.90151 74.659 82.74255 91.64222 83.53346 80.09167 78.8499 77.30785 75.47413 74.97257 68.01111 67.04127 70.3604 70.57381 70.15337 69.86988 69.17876 68.09154 66.26409 65.16119 64.01147 62.54849 61.4473 60.47769 59.76043 59.29259 59.08936 58.68272 58.86335 59.63314
57.68914 58.39641 60.03304 60.52054 60.45077 60.18382 60.00402 59.89977 59.77811 59.2453 58.73024 57.77257 56.4281 55.59781 54.62081 54.26072 54.35293 55.97545 59.40791 66.48411 78.56624 86.54189 85.3416 87.54462 82.97939 62.87998 41.25197 46.19583 50.35484 54.43189 54.66202 54.34133 57.49369 64.24474 71.98613 82.29469 95.09672 92.78488 87.29261 85.01315 83.87232 83.30833 84.72877 78.1873 67.09084 68.33195 71.79102 73.64994 72.59988 71.14367 70.25398 66.98161 65.7245 63.94252 62.3706 61.33627 60.30644 59.71883 58.76407 57.98796 57.51699 57.39476 57.94018
60.98391 53.11913 57.83389 59.41859 59.48251 59.48697 59.37047 59.27121 58.40301 58.15051 61.41452 59.26298 56.27985 54.84069 53.70322 53.50805 53.7177 56.01909 60.08099 65.71175 74.31683 77.32559 78.51275 92.07166 89.27742 65.16718 53.48263 50.84787 49.38615 52.01716 54.01556 53.29291 55.81482 61.12572 66.35056 80.36633 100.0506 117.2872 106.5912 101.5461 96.53429 87.84876 85.50079 87.78762 75.37664 67.54015 68.48413 72.07646 74.20663 74.57867 72.82964 70.0269 65.49415 64.19675 62.88828 61.72488 60.78762 59.3976 57.85907 56.68072 55.66614 55.88877 56.36039
78.90976 61.18147 55.39115 57.58702 58.20319 58.81434 58.3892 57.28268 56.72495 57.02973 57.31226 60.27055 58.98853 55.71156 52.1347 52.15523 52.21582 54.61505 58.7023 63.50891 67.49185 68.10029 69.3784 84.07621 91.18669 83.21944 63.21377 53.27962 50.62717 52.9956 55.47756 52.28125 54.00624 57.26135 56.75312 61.08155 80.93426 110.2692 138.7466 131.5069 117.8688 93.95091 85.73642 88.12986 84.64813 73.95359 71.61705 71.65319 72.67694 73.8172 76.47202 72.37791 69.27242 66.27379 64.47971 62.45915 60.98589 58.85487 56.68107 54.90146 53.87589 54.08617 55.45396
92.54037 72.6112 53.28556 53.88519 55.83643 57.28407 56.42705 55.18604 54.37365 54.75793 53.77375 54.72309 57.8663 56.45768 51.46845 50.26034 50.54053 53.27785 58.33859 65.18494 65.89683 61.44382 57.29908 69.66803 78.2233 78.46156 67.9642 57.46806 51.98116 51.90033 52.39882 53.1592 50.75704 49.75697 43.34862 35.45722 40.63266 61.62231 83.65231 104.7434 105.9961 99.21626 82.86304 84.32021 95.02655 89.93696 81.34015 74.60387 74.20396 76.78185 83.21902 78.91295 75.54257 71.4345 67.76967 64.75697 61.27621 58.26186 54.94754 52.61124 51.47544 52.09989 55.02906
90.61253 84.52435 69.51243 55.30401 50.12297 54.47277 53.84783 52.52072 51.51682 51.31701 51.79943 51.21138 53.72262 52.98473 51.32323 47.05707 47.85259 50.52242 58.81096 68.1073 72.11317 68.93212 60.85807 63.87709 71.29324 69.33431 63.07642 56.95649 51.31715 47.66773 44.46915 37.48145 36.70385 30.8646 28.17185 23.16065 16.22042 21.43787 38.20273 52.91104 70.21792 89.87469 81.79939 81.28378 82.26205 91.08601 83.77503 76.57724 75.23975 78.6652 83.56888 90.38268 84.86628 78.86523 72.09305 66.61186 61.57347 57.4143 52.89607 49.88189 48.33223 50.01082 57.27956
90.81085 93.79618 95.67451 82.1459 57.73188 49.40471 53.23052 56.88451 56.11024 55.27761 55.25924 52.01207 49.65185 51.40936 52.52845 49.21636 43.64495 44.3885 48.78824 58.09666 67.90794 72.52729 67.89639 66.97717 69.99459 67.17274 60.13735 53.04225 48.27512 43.92504 39.54144 33.33802 33.84172 33.41642 30.32727 26.54493 22.63756 18.82586 19.64849 35.65411 55.87146 79.12237 86.4857 84.42546 85.38058 82.83105 80.09755 76.52116 74.23241 77.36341 80.83279 84.15599 91.74794 93.99345 80.51875 69.48514 62.18005 56.21962 50.41998 45.60264 43.76668 41.7306 39.69458
90.67506 92.15079 93.41557 92.14302 80.15458 59.0152 56.4609 59.91315 59.76783 59.27681 58.13454 55.33152 52.70564 53.37027 54.39432 51.0373 43.44528 39.67913 39.35762 45.01493 56.51846 68.73817 74.12017 77.06332 78.43863 70.88175 62.79897 53.42115 48.00335 42.69692 39.81817 38.08691 36.46215 34.00122 30.43986 26.93882 24.81931 23.91201 23.92828 25.34837 40.29457 65.1116 75.52071 80.45022 75.44492 74.67852 84.90942 77.84937 75.40107 83.81044 83.60398 80.56358 82.12397 86.03712 91.60017 72.42355 62.81074 55.79166 48.15059 39.73026 32.10765 30.22002 26.71597
91.75867 92.99974 93.59281 90.04189 82.19391 68.3036 63.71005 63.26348 62.61432 62.49494 60.20954 57.87751 55.78471 56.7257 57.66874 53.76756 46.57536 35.55682 32.5964 30.75185 36.86324 46.57723 55.4339 74.84372 79.35303 79.9536 68.57438 57.40983 51.76003 47.3008 44.75329 41.20138 37.79472 34.35013 30.22503 26.67608 22.62596 23.01453 24.36567 20.01763 21.58065 36.06076 48.24348 55.76729 69.27515 71.36017 69.32951 70.88459 59.99966 55.86624 66.97955 65.0844 59.255 71.82434 79.55009 74.26223 64.49828 56.91877 49.02356 37.12989 23.83575 18.54415 18.1866
93.41772 94.28204 93.94448 93.01113 88.47923 74.68593 65.72005 63.76107 63.67638 66.12624 63.0571 60.46653 57.92577 59.42811 62.73448 59.88124 51.35197 41.749 31.4281 24.36554 21.39362 21.27316 25.9402 27.26158 50.48329 78.74191 78.04328 66.19558 60.19688 53.3185 48.18929 44.03491 40.13726 35.93366 31.97718 30.14133 26.5294 20.71533 21.79887 19.83186 13.82187 13.06658 17.45278 20.90351 41.62602 51.82793 51.61358 56.68151 48.79112 38.41221 44.87251 47.12183 46.81604 52.77008 65.37036 76.15523 68.22292 61.71238 54.21925 44.15509 28.81123 15.88396 14.6869
95.16601 95.303 95.06777 96.93539 109.0802 100.7966 91.40143 76.18621 65.67992 72.42622 65.9072 61.51681 57.42552 59.52438 67.08581 75.65285 63.10213 46.60535 38.84646 30.08741 19.825 17.04925 17.20272 18.29263 17.40619 38.42769 61.45295 71.88607 62.95835 55.6649 51.88974 47.82333 43.0529 38.76599 35.08252 32.5822 29.07816 24.54178 20.03758 21.46027 20.42586 19.36465 18.4926 15.03403 13.65983 24.17715 24.74928 31.81123 35.64788 28.43631 27.43003 32.91808 43.84724 46.56301 56.53947 72.00421 79.339 74.44183 71.63058 58.68151 41.09968 23.56635 17.99375
97.83315 98.65968 95.54845 100.9058 98.75107 102.0511 95.08961 84.65203 75.22929 77.93301 67.56905 64.1469 54.07767 53.34782 59.14297 83.39967 93.12134 72.99461 44.91053 36.53783 25.2885 16.17743 12.79267 15.70552 17.88088 17.67213 44.64958 64.25825 60.55628 57.85707 52.54001 47.80782 44.66007 41.41375 39.02703 34.45744 30.846 27.49832 21.96619 21.88711 22.45601 22.40494 20.78898 17.98956 14.24896 14.84426 16.19709 16.42744 18.50456 18.01928 15.90132 24.52118 36.94648 44.7466 45.00993 53.26394 63.79978 78.80367 79.21194 73.89252 56.84989 36.21546 20.85345
99.39591 102.1468 99.79103 96.59042 92.3214 93.02901 92.68908 91.79749 83.28201 83.87813 80.81905 87.55754 80.16646 48.96129 47.63041 48.17892 64.11298 86.27554 82.61707 54.27076 34.44102 25.22089 17.11568 17.02101 18.32334 20.5084 20.3585 37.98854 51.69881 50.14378 47.6276 44.73418 42.9729 40.74474 38.92764 35.56918 31.93341 29.13421 26.03552 22.23724 22.11018 22.88232 21.34207 18.88922 15.21377 15.58433 16.17025 17.25611 17.73572 17.09082 15.00739 11.09573 18.6757 28.0535 32.68886 28.79991 30.2676 30.24969 27.38943 21.72217 25.57246 21.57944 18.62472
98.74793 96.03677 90.99757 91.79051 91.42564 92.01847 92.88371 103.0823 103.2658 101.7522 98.66414 90.06713 95.02495 96.97537 70.11678 50.12225 54.23918 60.49516 75.40893 76.38788 70.624 47.87135 24.62709 18.43792 20.25177 21.52314 23.72441 26.72095 32.55617 37.4154 38.89779 39.11995 38.41529 37.73468 35.19285 33.24532 31.38643 29.8556 28.29688 25.91438 22.29788 20.88849 20.29605 18.48398 14.88653 14.19024 14.35057 13.66478 14.95297 14.00591 12.99699 10.07817 6.916813 11.75591 14.28927 .05884283 .01056863 .02786402 .02853516 .05552515 .3123446 11.9002 12.77499
95.94135 92.05834 89.83907 90.88364 91.8412 92.00343 92.71342 98.07217 108.4104 106.2908 93.9557 89.51084 92.99447 97.36574 87.75368 70.65368 67.89984 72.43983 74.69534 77.49594 79.81663 72.05199 55.60126 27.35773 19.5346 22.05589 24.27183 27.7065 30.98956 33.45204 34.82321 35.70934 38.01959 36.57166 32.76242 29.05102 29.9564 28.90688 29.28189 28.49084 25.23097 22.01401 19.40489 18.02089 17.52459 14.73224 15.14216 13.52667 11.36902 11.6947 11.68555 10.97244 9.805257 9.414523 .05732743 .0580656 .05660926 .04298058 .5902263 18.47207 10.53133 7.823315 7.860098
92.49228 89.99782 88.99345 90.14056 91.08104 92.49764 94.1238 99.46326 105.5839 103.1202 90.66493 90.04639 93.60781 98.90948 99.73494 87.90263 80.50357 86.99624 86.04379 87.23125 83.64259 86.70487 88.49312 63.17327 33.09846 18.82936 22.93502 26.86481 29.68366 32.19395 33.38219 34.10058 35.96735 36.66384 33.31619 25.05193 21.07865 24.97823 27.90536 34.16047 32.29873 27.02963 21.33672 19.36304 18.51703 16.83375 15.09429 14.04395 12.69953 11.33144 11.13597 10.7866 9.187014 .302643 .1490084 .1751791 .1501463 .2574628 15.56397 14.86035 11.07388 7.00089 2.744778
90.67124 87.59425 87.39079 88.9711 90.5006 92.37394 95.66383 100.755 103.8015 101.5292 95.47199 94.90981 98.96461 101.4619 99.38287 101.2235 95.67809 80.98177 82.20901 82.17742 81.54035 83.33698 86.95518 90.55069 79.9547 41.68329 19.65953 23.25942 27.48573 30.02734 30.14001 32.00132 35.90744 40.12225 44.37431 42.71206 28.11375 22.61135 25.5926 29.78742 31.98874 27.59651 21.9462 19.40182 18.01469 17.53297 16.97354 15.23712 11.82506 10.17662 9.320067 8.482234 2.750085 1.087319 10.14199 21.6771 31.87615 38.97647 40.88495 38.9313 30.35511 19.53635 6.324431
89.37947 88.16241 86.4713 88.47186 89.63121 92.61525 96.38218 99.46176 101.5646 100.8965 97.23554 93.76691 97.18948 92.23599 89.94553 92.07394 88.60798 83.45266 82.28398 81.30169 81.24227 84.39221 86.70664 90.62585 90.38717 85.03649 55.52863 31.08381 27.12501 31.80416 38.55639 41.45117 42.34398 46.57267 54.69319 62.7862 46.46042 33.4782 37.87037 43.88142 46.90933 39.53971 22.45987 15.24428 12.74452 14.07808 15.16283 20.50812 24.29136 25.01062 22.92473 22.81497 30.14901 39.78041 47.85016 51.84291 51.20773 53.14307 54.87033 52.1749 42.37578 32.02321 17.78291
88.38454 87.94221 88.46072 88.34882 90.59996 92.25859 95.45407 98.24117 100.5901 100.6452 97.66582 91.25364 92.79417 86.73368 88.03474 88.8098 86.79344 84.57529 83.16956 81.91721 81.30452 84.51656 89.63119 96.91465 105.3697 102.1985 90.35345 80.05463 58.70759 49.03027 48.5836 62.19087 77.56097 71.69721 73.27653 81.40514 68.62521 47.85169 51.9523 62.88946 63.10304 77.017 70.70185 58.79175 47.44527 41.56574 34.53807 40.14347 46.14959 45.52998 39.15201 35.08121 38.35093 44.72437 51.76897 53.7369 53.62988 50.66544 47.48592 46.12481 46.20615 39.62198 27.12319
88.33481 89.2597 90.3714 89.71011 89.93848 91.26231 94.30551 96.39043 98.94121 100.325 98.0953 97.49387 93.78131 87.84502 87.41256 87.3054 87.46238 85.87885 83.90339 81.99305 82.70691 83.90621 86.23711 87.96723 94.28101 101.2202 118.58 111.9908 89.16286 82.16541 74.46854 62.2165 80.2235 89.27987 88.98556 85.89565 77.13917 64.33532 59.45975 70.44892 75.37748 104.5378 118.584 123.6048 108.6841 91.34798 69.9687 64.26523 68.84306 68.91393 58.22805 48.61424 42.50504 43.59443 47.01296 48.84895 49.61951 50.97893 47.01691 42.49002 41.23092 41.21931 34.39532
85.46085 88.67519 91.91978 90.42526 88.67065 89.93661 92.21175 94.20522 96.33049 97.2837 91.91941 93.16987 92.40223 89.09809 87.26149 87.43475 88.63352 86.96309 85.05709 84.51901 84.07261 83.69931 83.50647 82.87416 87.31969 90.84343 93.34235 102.7985 101.9381 83.82427 78.91107 59.0093 56.88604 78.37756 99.28389 99.45576 80.8848 79.56689 75.3587 88.27477 101.0986 112.1852 130.3464 136.8996 138.9264 137.4066 109.8608 85.36911 80.23618 81.57806 69.82096 63.21051 50.23942 45.95111 45.33617 45.27326 45.35533 46.23305 44.01064 40.72492 38.55728 39.63713 41.56585
80.5998 80.09069 85.89082 86.8696 86.09998 87.40334 89.22308 91.41086 93.18217 91.65696 88.55262 89.4044 90.31677 88.25739 87.12666 87.53242 88.86646 89.32628 88.02011 88.26995 87.20358 84.76926 82.27105 82.26604 84.39883 85.70936 85.24451 84.22722 88.54901 99.45291 82.24155 61.5422 38.6326 49.69436 86.27191 97.39523 93.37771 75.82805 65.3916 84.14336 115.1428 114.684 121.3548 121.6054 127.0916 129.6125 116.4707 97.38516 84.39352 77.9945 71.86012 66.0435 58.35304 48.18577 47.7578 45.89164 43.75768 45.05556 44.10513 39.3342 36.24105 38.98498 44.22128
79.93357 78.40936 78.91048 82.58437 83.39017 85.39632 86.63296 87.89723 89.59076 87.78288 87.28999 87.85161 88.46909 87.43259 86.8933 86.75185 85.91879 87.11821 88.17485 88.15745 87.1147 85.10093 83.66412 83.62211 83.74578 82.85078 79.9513 77.55501 89.47871 108.9699 99.78958 85.23217 63.57364 49.1228 69.64378 92.29891 99.07903 92.11945 61.63033 56.65888 85.05927 103.96 110.8595 114.9115 118.2775 119.7277 115.1989 106.8578 95.69073 79.23888 70.62237 66.25938 60.72561 50.96904 50.20372 50.01718 48.90311 48.92518 51.41552 47.58759 39.34697 38.51494 43.00074
80.84192 80.68556 84.44523 83.27249 82.85576 83.8042 84.63079 85.83788 86.07875 85.29213 85.27126 86.58281 86.49326 87.06866 86.72491 86.26854 84.19525 83.4485 85.87325 87.77606 87.51707 86.57823 84.48246 85.08559 84.25753 81.43399 78.21785 74.88942 82.36617 97.86484 99.04293 99.5388 83.27105 55.51711 60.39511 76.26261 97.39194 116.6084 93.71481 50.78463 54.1608 71.31133 85.94347 101.2585 103.4866 104.3114 106.8216 105.291 96.6453 84.2518 74.02965 65.95322 59.90792 52.1139 51.99871 57.4649 58.48387 56.04186 58.31165 59.72046 49.61631 43.04727 46.09478
81.63051 84.0729 86.25074 84.2167 83.21681 83.05342 83.36367 83.97314 83.7803 85.16477 84.01296 84.95144 85.52775 85.90449 85.8567 87.23117 86.82609 85.3829 85.76386 87.44349 88.22632 87.38871 86.61225 86.87891 84.61724 81.64854 79.83595 80.22256 88.69822 85.23148 88.53192 89.15499 94.30942 78.93299 61.7613 65.3997 83.06819 95.68784 100.5233 75.56238 59.7437 54.08082 67.38087 81.51106 87.14272 94.51006 99.01717 102.6119 97.76034 88.65467 82.12701 72.09453 64.94318 55.61264 55.03708 66.6236 72.13297 66.77099 65.67161 72.30863 62.11437 55.62212 49.57979
79.66705 82.24043 83.68446 83.12267 82.80233 82.00316 82.33376 81.97465 81.94563 84.17016 83.1855 83.99114 84.35407 84.48906 85.95044 85.94615 86.40527 86.60654 86.54547 87.5914 88.81387 88.84737 88.73975 89.50107 88.76009 85.17958 86.57933 93.42513 98.00851 86.20671 83.16992 82.0731 86.38326 103.5801 75.42845 68.15589 76.83435 86.12283 92.82712 86.46334 73.36802 72.21037 75.28922 81.6264 81.09743 87.35201 94.04147 100.6754 103.5256 97.29559 91.35201 85.43662 77.42681 62.50436 55.07698 74.52991 91.53416 78.05967 66.75249 70.04362 72.44121 66.14357 57.51376
84.95515 86.17377 85.12724 83.45926 83.34047 82.31129 82.24828 81.36953 82.21195 84.52599 83.11922 83.63063 83.73177 83.58402 85.58833 85.88054 86.67262 87.30218 87.32038 87.8119 87.58845 89.73597 90.09912 88.77128 90.3196 90.73267 94.719 98.81009 91.96075 92.39622 79.85748 78.31763 80.89725 91.00399 88.80415 83.52668 75.53757 82.65282 91.60603 86.71343 79.79609 83.53302 79.08347 89.60703 89.89632 89.13928 90.49277 93.51851 100.6745 101.2386 98.40918 98.98377 99.74731 84.04092 57.36958 69.71833 97.85324 98.97697 67.45966 57.50819 64.543 65.28097 61.67184
87.01994 86.94417 85.11095 84.57722 83.90981 83.63074 82.89905 82.12262 84.89393 85.30145 84.60223 84.47519 83.8655 84.51925 85.74078 86.43323 87.14749 87.85623 88.31159 87.92235 87.10395 86.4275 86.35087 88.77877 90.56166 91.6672 94.75401 91.96348 85.62889 85.90968 80.25115 79.2406 76.98683 76.64593 87.97153 78.88524 73.79157 78.98383 77.72919 86.26775 77.65286 75.20708 76.42542 88.40726 97.52859 94.45107 91.92857 94.07388 97.34532 98.72122 99.49505 108.6028 122.7846 122.4416 76.71018 64.62437 83.71416 100.7254 73.8453 56.88299 53.30836 53.0067 51.36756
