py_wake/examples/data/AJ_ParqueFicticio/Rough survey   Sector 1   Height 30m   Weibull-A.grd
DSAA
73  159
 258469   265669
 6501692   6517492
 .2611912   8.185854
[rows 56 to 83 of 159, columns 0 to 62 of 73]
3.55222 3.591601 3.590286 3.605223 3.604184 3.644045 3.628459 3.627699 3.61362 3.62058 3.622727 3.63245 3.616265 3.577913 3.568401 3.568636 3.58766 3.60159 3.585162 3.559576 3.586449 3.54865 3.512893 3.530666 3.557257 3.543001 3.558351 3.602594 3.699668 3.870715 4.121799 4.323489 4.170422 4.388456 4.387239 4.401796 4.511672 4.496952 4.33638 4.27339 4.331867 4.595024 4.527996 4.355945 4.049042 3.818544 3.645768 3.52182 3.572359 3.729007 3.775876 3.892683 3.831993 3.741679 3.576407 3.520424 3.44919 3.563542 3.664504 3.717323 3.712492 3.648636 3.546866
3.538979 3.541215 3.527185 3.576626 3.602732 3.643368 3.639677 3.616807 3.60201 3.597952 3.60428 3.612862 3.61842 3.618145 3.620276 3.594376 3.593858 3.595901 3.594278 3.587927 3.627446 3.598117 3.545424 3.573853 3.572812 3.55726 3.564396 3.64287 3.829699 4.071517 4.227495 4.374787 4.480385 4.498913 4.540516 4.534221 4.418825 4.46349 4.518165 4.373184 4.328614 4.411338 4.32058 4.200589 4.093423 3.956827 3.703239 3.477145 3.464668 3.656825 3.817977 3.856819 3.726166 3.758937 3.834457 3.957382 3.88956 3.772349 3.619159 3.420969 3.414304 3.414839 3.610091
3.435491 3.406052 3.425472 3.480515 3.530572 3.583351 3.600683 3.572299 3.5585 3.554731 3.56286 3.578575 3.57313 3.559237 3.585942 3.596809 3.588645 3.578979 3.578816 3.581821 3.609119 3.625348 3.59642 3.614658 3.596525 3.574608 3.57161 3.627085 3.723624 3.812593 3.894512 4.077344 4.189328 4.309474 4.299473 4.314167 4.206338 4.223509 4.326786 4.256892 4.211638 4.191012 4.062229 4.031318 3.94513 3.827139 3.612295 3.353765 3.329478 3.531311 3.684131 3.604733 3.573135 3.601836 3.748653 3.894934 3.85976 3.902347 3.882974 3.730445 3.62314 3.578368 3.698508
3.423608 3.416684 3.380277 3.400146 3.425932 3.498255 3.551197 3.523633 3.502162 3.50544 3.516052 3.521102 3.542941 3.526738 3.539393 3.565925 3.579633 3.570349 3.577239 3.569763 3.595308 3.645504 3.65216 3.651866 3.628129 3.601251 3.598252 3.518302 3.371846 3.321234 3.294036 3.415235 3.562727 3.667124 3.717251 3.872329 3.95782 4.053193 4.146175 4.082686 3.997594 3.98924 3.90495 3.924347 3.89053 3.802787 3.564871 3.310926 3.061314 3.043079 3.43687 3.398625 3.368601 3.37709 3.488116 3.645876 3.576045 3.71811 3.838773 3.90321 3.751904 3.630162 3.658086
3.575837 3.524845 3.489114 3.526467 3.500615 3.443069 3.493582 3.45955 3.450533 3.456939 3.462913 3.46614 3.47025 3.473113 3.500834 3.534291 3.566247 3.569606 3.589239 3.586205 3.569619 3.579249 3.598113 3.63978 3.650194 3.654611 3.66186 3.619651 3.584851 3.336039 3.230114 3.252008 3.299325 3.330993 3.371446 3.553883 3.643563 3.751954 3.855697 3.848626 3.74483 3.693982 3.811323 3.888905 3.910759 3.853675 3.726064 3.526174 3.185111 2.922049 3.071733 3.163745 3.205297 3.200141 3.430661 3.586616 3.54825 3.721182 3.74209 3.790567 3.718282 3.667683 3.636091
3.656682 3.592603 3.59156 3.578403 3.5223 3.472672 3.417008 3.407615 3.410166 3.433391 3.440234 3.445122 3.454971 3.47407 3.489701 3.520616 3.560724 3.57436 3.586071 3.60245 3.600995 3.631855 3.609793 3.622885 3.632316 3.669559 3.733433 3.842169 3.919664 3.835488 3.652196 3.427692 3.373425 3.560051 3.431406 3.461657 3.51449 3.576881 3.614597 3.626012 3.556649 3.49894 3.533597 3.768667 3.784004 3.787006 3.730368 3.696027 3.448853 3.033354 2.746522 2.912373 3.206377 3.362495 3.289325 3.415774 3.583186 3.718407 3.673331 3.634979 3.612908 3.572872 3.321971
3.686393 3.65573 3.638648 3.619443 3.583823 3.538484 3.499282 3.44045 3.428563 3.441166 3.444624 3.451327 3.483948 3.484745 3.484975 3.499917 3.525679 3.53236 3.541552 3.590413 3.579221 3.602502 3.606828 3.630733 3.667946 3.713209 3.797579 3.904713 3.989358 4.002828 4.129128 4.073132 3.977912 3.900126 3.687263 3.527248 3.492771 3.466222 3.444068 3.479228 3.478806 3.447651 3.494361 3.579916 3.680853 3.69221 3.687805 3.769234 3.665802 3.437386 3.05327 2.700146 3.078322 3.379005 3.517771 3.47762 3.51056 3.624556 3.651046 3.644896 3.568853 3.417357 3.303258
3.668347 3.627928 3.638253 3.64389 3.62685 3.591394 3.540612 3.469302 3.439487 3.451653 3.475651 3.496878 3.492322 3.48484 3.474609 3.469024 3.469113 3.459602 3.48104 3.51634 3.502872 3.510283 3.538558 3.593805 3.640457 3.716829 3.821458 3.886353 3.963213 4.044414 4.023633 4.060626 4.042121 3.977051 3.84957 3.639429 3.548218 3.460074 3.422565 3.373809 3.339207 3.304754 3.361858 3.451559 3.524539 3.661502 3.657406 3.617983 3.630692 3.522903 3.121529 2.912944 2.820895 3.229601 3.411214 3.293724 3.125958 3.290833 3.422523 3.425933 3.385427 3.441994 3.37199
3.631925 3.599349 3.620541 3.630679 3.62336 3.598861 3.538494 3.475392 3.436968 3.455159 3.467516 3.483295 3.494748 3.479349 3.468879 3.456828 3.466074 3.466866 3.45978 3.457232 3.459003 3.446165 3.456473 3.488565 3.541522 3.649519 3.709077 3.80048 3.86928 3.97008 3.947278 3.991174 4.015511 4.023483 3.925364 3.79985 3.628256 3.534286 3.485439 3.39406 3.257323 3.18102 3.099422 3.089251 3.35377 3.510083 3.500823 3.456946 3.409088 3.510797 3.310095 3.093188 2.702561 2.65304 3.08455 3.18365 2.744063 2.569 2.543303 2.69931 2.71006 2.796814 3.175431
3.591617 3.564351 3.587407 3.599951 3.604084 3.591295 3.550797 3.492692 3.456984 3.468579 3.466944 3.471461 3.480526 3.475304 3.467621 3.442527 3.454787 3.470295 3.478689 3.488698 3.503313 3.454901 3.439663 3.507332 3.493946 3.497741 3.451354 3.497036 3.568359 3.61954 3.625815 3.793107 3.873574 3.880566 3.766732 3.682454 3.580885 3.47857 3.441004 3.317253 3.248057 3.231013 3.105779 3.050969 3.235502 3.447555 3.424565 3.383316 3.424598 3.539626 3.574768 3.373029 3.066214 2.645663 2.706289 2.975614 2.912771 2.701667 2.445829 2.157279 2.205391 2.25704 2.490518
3.564358 3.544391 3.558552 3.57596 3.572383 3.569415 3.560031 3.54864 3.538481 3.509481 3.48492 3.484524 3.480275 3.472605 3.466058 3.467887 3.483286 3.485584 3.512992 3.555326 3.563456 3.53047 3.565475 3.540193 3.451666 3.381592 3.35295 3.386496 3.350323 3.335322 3.352146 3.473144 3.688161 3.715457 3.645525 3.583496 3.463151 3.374811 3.24828 3.140726 3.174288 3.202223 3.063771 2.979488 3.012246 3.144771 3.312341 3.343135 3.353567 3.428034 3.595692 3.627081 3.581027 3.172778 2.796321 2.935192 3.055628 2.972688 2.980806 2.878692 2.584627 2.434953 2.438981
3.539657 3.536062 3.551481 3.557278 3.560403 3.543266 3.532838 3.546741 3.54541 3.511105 3.490223 3.483669 3.480314 3.463968 3.453834 3.455688 3.474507 3.490091 3.536807 3.569162 3.588627 3.55876 3.569769 3.527681 3.435326 3.377261 3.332404 3.329269 3.323468 3.28447 3.287748 3.395554 3.567909 3.563331 3.558142 3.545839 3.503145 3.403914 3.3027 3.109105 2.987078 2.925911 2.911841 2.82322 2.746002 2.960392 3.262132 3.461197 3.614111 3.566869 3.611822 3.798988 3.858356 3.720229 3.293929 3.026064 3.019186 3.193494 3.354188 3.44523 3.49049 3.327975 3.039968
3.514151 3.541055 3.569141 3.555555 3.538777 3.508723 3.512083 3.52567 3.524653 3.49865 3.475238 3.47078 3.48082 3.471058 3.469694 3.457278 3.454877 3.486282 3.530212 3.541327 3.543362 3.50948 3.48419 3.480371 3.450553 3.48404 3.49756 3.330917 3.242906 3.178197 3.19101 3.314468 3.465731 3.450805 3.426414 3.494786 3.512388 3.491376 3.416778 3.206216 3.206132 3.173098 3.00369 2.855434 2.676488 2.72079 2.845187 3.184848 3.254331 3.260792 3.475226 3.669005 3.804559 3.826279 3.60213 3.34542 3.062177 3.08294 3.240043 3.367054 3.521306 3.564003 3.393204
3.451362 3.497246 3.5389 3.53985 3.510003 3.48591 3.515378 3.506337 3.499728 3.476118 3.445728 3.437549 3.463567 3.467582 3.490519 3.471377 3.451833 3.511897 3.533604 3.519715 3.48942 3.460116 3.429738 3.444926 3.508391 3.572179 3.552129 3.438684 3.34286 3.182258 3.121883 3.16908 3.290437 3.298544 3.322589 3.453336 3.518015 3.542704 3.515505 3.470779 3.624923 3.682757 3.522493 3.19802 2.980014 2.82779 2.732872 2.754709 2.715239 2.74609 3.065616 3.246588 3.309863 3.206464 3.165751 2.999163 2.953766 2.911739 3.023059 3.135284 3.245942 3.415133 3.480787
3.352932 3.402944 3.485661 3.474416 3.468117 3.469124 3.51006 3.500647 3.476834 3.45585 3.419873 3.404657 3.421181 3.455676 3.525401 3.554281 3.591296 3.561748 3.53515 3.5166 3.494012 3.502252 3.483492 3.535955 3.586432 3.622041 3.545411 3.519709 3.461464 3.293899 3.20203 3.079871 3.117082 3.159505 3.307736 3.462657 3.541283 3.603905 3.704854 3.803421 3.856881 3.812051 3.680353 3.525274 3.269953 3.076752 2.88999 2.786422 2.661464 2.506751 2.310489 2.179973 2.135416 2.104321 2.486213 2.82153 3.047307 3.080999 3.108931 3.203969 3.28404 3.459399 3.536068
3.317329 3.325403 3.3491 3.379479 3.41962 3.433944 3.481492 3.469025 3.447983 3.426548 3.415323 3.445148 3.488548 3.505547 3.561245 3.553778 3.570034 3.533145 3.501255 3.49997 3.503387 3.546758 3.566471 3.667675 3.677099 3.662933 3.586615 3.566711 3.454163 3.396243 3.405228 3.357063 3.317818 3.256304 3.378242 3.512324 3.633955 3.724206 3.75927 3.796191 3.763613 3.779063 3.66751 3.601225 3.52317 3.419549 3.248496 3.086355 2.887472 2.672404 2.237754 1.939741 1.802264 1.837552 2.13686 2.517708 2.981376 3.253718 3.350686 3.437683 3.450575 3.576965 3.623892
3.385973 3.423008 3.443258 3.382574 3.36954 3.393269 3.437695 3.434217 3.429325 3.451998 3.493696 3.500014 3.486251 3.471822 3.48819 3.482482 3.469919 3.453885 3.440163 3.447042 3.465389 3.478398 3.507841 3.572906 3.599158 3.627504 3.603041 3.564109 3.438807 3.425464 3.457928 3.447191 3.453174 3.479959 3.4987 3.558348 3.651118 3.689769 3.71477 3.681119 3.690029 3.758576 3.732907 3.634755 3.591606 3.553817 3.476518 3.382963 3.272092 3.22808 3.180635 3.144438 3.143512 2.871208 2.546997 2.581882 2.817813 3.226894 3.39346 3.539076 3.664658 3.772496 3.8998
3.504846 3.513902 3.486388 3.392416 3.324918 3.326545 3.394933 3.391621 3.396172 3.443374 3.476065 3.482929 3.455194 3.408319 3.368766 3.393647 3.370208 3.345727 3.342617 3.343058 3.357712 3.329221 3.352633 3.379673 3.436265 3.488813 3.536986 3.586827 3.653544 3.657523 3.65156 3.636346 3.639029 3.688819 3.650449 3.52851 3.504884 3.565774 3.673711 3.734932 3.783264 3.920132 3.87599 3.739735 3.679884 3.530801 3.434749 3.29858 3.346184 3.454434 3.477185 3.579222 3.711973 3.763121 3.488695 3.07665 2.813422 2.869814 3.28911 3.509081 3.713769 4.031352 4.215012
3.521677 3.516986 3.484579 3.41529 3.331424 3.288087 3.373148 3.348996 3.347157 3.401309 3.423368 3.44352 3.431985 3.377847 3.322344 3.288138 3.264603 3.254525 3.260683 3.244197 3.237998 3.225589 3.265675 3.282382 3.336287 3.373763 3.450491 3.57036 3.697966 3.74867 3.748244 3.78745 3.88026 3.812784 3.673919 3.566679 3.490133 3.481492 3.505441 3.584109 3.723663 3.856813 3.882219 3.843763 3.776185 3.598094 3.368594 3.067991 2.985831 3.027324 2.976243 3.195282 3.575211 3.706748 3.673596 3.329704 2.90247 2.689794 2.863424 3.265382 3.523628 3.695287 3.747534
3.462764 3.477471 3.481708 3.446 3.39824 3.348824 3.354286 3.337391 3.313534 3.344532 3.368693 3.388169 3.402927 3.349602 3.318532 3.27294 3.231809 3.224501 3.238903 3.219777 3.233929 3.180765 3.181365 3.194271 3.233608 3.240425 3.286911 3.322549 3.406723 3.403677 3.486941 3.567664 3.599352 3.681793 3.653721 3.631758 3.60065 3.532074 3.44434 3.396926 3.281538 3.35262 3.381073 3.274 3.208209 2.964298 2.744522 2.693909 2.627595 2.60932 2.611819 2.581421 2.48218 2.524635 2.769264 2.635209 2.600015 2.430235 2.486991 2.73982 2.92757 2.979152 3.038497
3.38715 3.41634 3.435341 3.435725 3.412705 3.413992 3.366908 3.331306 3.30167 3.292536 3.312348 3.32553 3.331096 3.301028 3.328334 3.297396 3.239018 3.225575 3.244025 3.252979 3.260705 3.162301 3.114688 3.082607 3.099269 3.088622 3.081321 2.99377 2.963817 3.051005 3.244127 3.332722 3.383711 3.488402 3.53733 3.585899 3.600619 3.476374 3.371411 3.297263 3.234144 3.063977 2.749815 2.593982 2.387677 2.324555 2.208911 2.290922 2.47393 2.599193 2.574765 2.483679 2.284256 1.937514 1.924407 2.080205 2.121515 2.105151 1.948374 1.953425 2.19205 2.167404 2.112949
3.337829 3.353307 3.367006 3.372809 3.332346 3.308304 3.289031 3.258682 3.25601 3.240318 3.265445 3.279931 3.267215 3.260719 3.286738 3.242102 3.194455 3.179044 3.215197 3.209614 3.267417 3.310023 3.239463 3.209944 3.132571 3.029732 2.934616 2.82235 2.764129 2.825642 3.147479 3.310275 3.414865 3.459233 3.45059 3.337467 3.244046 3.203201 3.116586 2.929651 2.928146 2.888041 2.766453 2.660758 2.834774 3.09004 3.045822 3.003225 3.020855 2.739841 2.668187 2.55372 2.462959 2.382806 2.450156 2.498771 2.371086 2.156042 2.382466 2.300684 2.125037 2.147094 2.165751
3.306104 3.293638 3.28991 3.27441 3.232517 3.214477 3.211987 3.180374 3.18423 3.189606 3.2214 3.252183 3.257153 3.247635 3.232285 3.19803 3.143648 3.096836 3.105249 3.110391 3.19772 3.238289 3.265203 3.245199 3.17268 3.063829 3.014452 2.909477 2.932351 3.132202 3.381491 3.485061 3.52937 3.491898 3.47591 3.501099 3.45756 3.34222 3.270524 2.981531 2.77067 2.7462 2.732996 2.848866 3.17776 3.443873 3.637566 3.799201 3.636575 3.211684 2.728585 2.661516 2.814064 3.110407 3.385107 3.591353 3.543333 3.624407 3.603184 3.378343 3.130514 2.866082 2.799569
3.291021 3.247142 3.226681 3.215753 3.178752 3.15905 3.156586 3.158496 3.16332 3.150753 3.166759 3.198978 3.196467 3.195658 3.184614 3.1701 3.136671 3.0987 3.08431 3.048211 3.060539 3.063552 3.114002 3.125229 3.152593 3.175456 3.181079 3.294025 3.418631 3.474186 3.512054 3.497697 3.471839 3.424941 3.413808 3.444005 3.450663 3.39053 3.318269 3.08519 2.867979 2.758892 2.936184 3.108359 3.419275 3.581909 3.644921 3.620855 3.541856 3.496092 3.446943 3.402686 3.469353 3.644769 3.865427 4.052844 4.227081 4.344357 4.186994 3.997951 3.818547 3.669426 3.443306
3.277678 3.228386 3.180735 3.192222 3.190738 3.179341 3.141935 3.157199 3.125935 3.093338 3.073828 3.103914 3.092927 3.107666 3.137735 3.158083 3.226412 3.236933 3.158294 3.085895 3.102503 3.010597 3.010043 3.018646 3.083493 3.170628 3.351667 3.565066 3.722835 3.753727 3.669941 3.481823 3.419489 3.317452 3.244688 3.178951 3.046867 3.067293 3.039373 3.002772 3.049223 3.295017 3.559095 3.630758 3.688653 3.761155 3.695556 3.630473 3.659588 3.786266 3.926726 4.022338 4.023766 4.122543 4.084933 4.147954 4.185607 4.089072 3.998285 3.879535 3.788035 3.65705 3.557389
3.260048 3.243209 3.244247 3.218313 3.193915 3.187993 3.141522 3.110408 3.074952 3.035529 2.976898 2.951375 2.96102 2.994599 3.081297 3.178831 3.201805 3.218357 3.217613 3.2229 3.15597 3.09463 3.028711 2.933877 2.943777 3.045051 3.200739 3.386129 3.522794 3.507263 3.480232 3.352452 3.285879 3.174645 3.153596 3.116096 2.998967 3.024595 2.970845 2.965512 3.048233 3.291876 3.466598 3.599058 3.642422 3.715843 3.808998 3.854462 3.921985 3.992385 4.056176 4.087663 4.061415 3.997966 3.94502 3.894293 3.910809 3.773158 3.700871 3.665917 3.616058 3.578979 3.503927
3.200931 3.201455 3.216314 3.193441 3.150197 3.11103 3.031315 3.029605 3.016004 2.98452 2.929866 2.927199 2.875735 2.881424 2.902483 2.911963 2.972831 3.061713 3.118754 3.159521 3.10735 3.09758 3.018452 2.938908 2.885276 2.823514 2.920789 3.111633 3.2791 3.328971 3.342883 3.271032 3.213848 3.134356 3.132635 3.123115 3.005867 3.015721 2.915917 2.8352 3.022093 3.293578 3.413405 3.496972 3.540894 3.60695 3.765085 3.847928 3.923396 3.989242 4.004411 3.984277 3.937412 3.875147 3.795502 3.718793 3.673631 3.590079 3.565587 3.593419 3.58183 3.570923 3.503762
3.140874 3.131596 3.137722 3.138893 3.096682 3.044295 2.995974 2.976344 2.952218 2.906471 2.935196 2.919662 2.836093 2.803217 2.750376 2.685158 2.714202 2.842914 2.934644 2.980137 3.032653 3.053834 3.032561 3.034303 2.948819 2.902174 2.959682 3.134063 3.229904 3.284982 3.356214 3.420107 3.410293 3.508843 3.403008 3.390042 3.169949 2.975043 2.827271 3.087563 3.300124 3.347791 3.268059 3.314445 3.273561 3.280203 3.492146 3.563864 3.71099 3.902664 3.916873 3.883566 3.82593 3.736538 3.599185 3.479754 3.454958 3.442481 3.454102 3.495114 3.549638 3.510206 3.455289
