py_wake/examples/data/AJ_ParqueFicticio/Rough survey   Sector 5   Height 30m   Mean speed.grd
DSAA
73  159
 258469   265669
 6501692   6517492
 .2236509   11.06684
[rows 112 to 139 of 159, columns 0 to 62 of 73]
7.613236 7.978685 7.682751 7.498502 7.640334 7.689181 7.604663 7.741223 7.940759 8.046915 8.224036 8.530792 8.360324 7.79628 7.253245 6.284053 5.895091 5.93859 5.394923 4.214575 4.216561 4.912001 4.968714 5.383743 7.109107 8.18956 8.25973 8.338472 8.215174 7.871452 7.721891 7.750555 7.700381 7.241767 6.534313 5.737917 5.053019 5.618565 7.024975 8.011522 8.423274 8.222022 7.117217 5.425148 4.351986 3.437746 2.884146 2.415314 2.172537 3.490668 5.529678 6.740817 6.581572 5.920683 5.312278 5.166492 5.129703 5.038443 4.820529 4.042148 2.297876 2.379163 2.277026
7.836191 8.217715 8.131357 7.914282 8.021457 8.277766 8.322779 8.336828 8.43413 8.470268 8.633095 8.823759 8.602216 7.887321 7.316624 6.541495 6.590369 6.587051 6.195392 4.730081 3.644679 3.618372 3.745832 4.520646 6.543341 8.160799 8.240866 7.532907 7.267513 7.186736 6.82641 7.444564 8.115746 7.904302 7.728322 7.122722 6.169253 5.922714 6.892456 7.826804 8.597014 8.684258 7.6424 5.814134 4.77931 3.827882 3.214013 2.7613 2.385527 2.813226 4.286431 5.617053 5.939948 5.671488 5.273838 5.120302 5.076066 5.054153 4.952625 4.4417 3.152075 2.260012 2.223034
8.435145 8.637204 8.58362 8.403244 8.383224 8.669762 8.975296 8.945561 8.93705 8.864201 8.976914 9.211249 8.72773 7.912265 7.291192 6.846976 7.26931 7.413007 6.573752 5.4864 4.192393 3.006711 2.58242 3.280232 5.61276 7.634835 8.08161 7.269465 6.55899 6.427412 6.344853 6.720821 7.958939 8.143245 8.380418 8.489963 7.991541 7.222016 7.3508 7.847136 8.714978 9.227187 8.155518 6.579021 5.360214 4.495885 3.789411 3.228539 2.978168 3.006189 3.739852 4.620901 5.145246 5.346298 5.20915 5.076858 4.98102 4.952775 4.874905 4.600493 3.988654 3.197128 2.481614
8.981956 9.055466 8.980727 8.866433 8.802503 9.053788 9.32165 9.304591 9.362215 9.281528 9.326514 9.563299 9.048104 8.074659 7.432858 7.199419 7.645124 8.108186 7.451195 6.351133 5.363268 4.02689 2.454545 2.288557 4.159863 6.579205 7.464057 6.761045 6.135937 6.040103 6.020012 6.408142 6.977948 7.456425 8.095837 9.097863 9.266126 8.684839 8.092918 8.062856 8.866687 9.546884 8.935629 7.799623 6.481517 5.619792 4.695703 3.913122 3.575537 3.598963 3.850398 4.297727 4.62416 4.927732 5.043676 4.99543 4.897847 4.821767 4.71923 4.532238 4.27751 3.755754 3.451049
9.0644 9.166458 9.172423 9.207213 9.160381 9.416755 9.537653 9.554489 9.589073 9.614462 9.714705 9.564742 9.359544 8.490432 7.861977 7.617017 7.934505 8.444186 8.151642 7.445777 6.640409 5.707909 3.906241 2.368831 2.90476 5.181805 6.628561 6.230472 5.852098 5.906348 5.962988 5.930058 6.217505 6.845036 7.557507 8.632545 9.500473 9.288267 8.50672 8.059962 8.421537 9.401027 9.367397 8.612526 7.688321 6.817686 5.847989 4.97661 4.334283 4.0832 4.238063 4.467826 4.531184 4.605555 4.870372 4.866525 4.818635 4.646255 4.526947 4.426499 4.358082 3.988396 3.805975
8.701518 8.849669 8.943954 9.099771 9.310452 9.50693 9.512792 9.500299 9.413216 9.526872 9.419897 9.517418 9.257318 8.708275 8.450723 8.169479 8.084114 8.385627 8.192762 7.833539 7.439795 6.970894 6.272128 4.356452 2.930022 3.660456 5.301029 5.733007 5.663603 5.761981 5.666758 5.500705 5.933123 6.784607 7.216455 8.399147 9.460076 9.198165 8.504607 7.503703 7.767274 8.478145 8.860085 8.374843 7.857457 7.419523 6.628739 5.781061 5.030772 4.500429 4.460826 4.689425 4.708252 4.693972 4.69005 4.727703 4.721321 4.518456 4.243068 4.101068 4.20372 4.154868 4.011303
7.890053 8.145071 8.40594 8.638898 8.877486 9.073684 9.205007 9.322249 9.229124 9.129924 9.004918 8.78913 8.577481 8.330441 8.558686 8.7869 8.438258 8.03756 7.727818 7.434047 7.098944 6.76025 7.01869 6.708612 4.904844 3.446905 3.918719 4.594501 5.620361 5.769534 5.533171 5.066323 5.888563 6.575882 6.747249 8.034111 9.319068 9.35081 8.086133 6.519193 6.433547 7.243073 8.040682 7.957584 7.112154 7.142868 6.790336 5.989143 5.439919 4.80039 4.661795 4.901118 4.917408 4.945417 4.844849 4.820137 4.71905 4.67722 4.200213 3.731328 3.893325 4.065492 4.084652
6.803526 7.065555 7.505908 7.955012 8.344945 8.631222 8.832139 9.147853 9.17437 8.884255 8.298225 7.772341 7.674388 7.619111 8.338635 9.079688 9.033064 8.145119 7.341634 6.932073 6.353024 5.822203 6.217626 7.173953 6.786229 5.228751 3.747802 3.875723 4.709449 5.718614 5.240077 5.021425 5.788256 6.208192 6.438764 7.660192 8.941191 9.486835 8.277255 6.026592 5.049069 5.71468 7.016152 7.886107 6.763426 6.33886 6.354687 5.94015 5.535131 4.982283 4.731748 4.873404 5.056782 5.052016 5.036327 5.055845 4.920312 4.925839 4.534342 3.917849 3.483311 3.941854 4.052195
6.404391 6.692891 7.065082 7.545218 7.950225 8.276697 8.485018 8.753739 9.044608 9.142485 8.562781 7.191776 6.651711 6.542232 7.344096 8.634932 9.210453 8.766171 7.69628 6.881087 5.994658 5.069311 4.887753 6.379683 7.051204 6.473042 4.947363 3.774908 4.057414 5.006132 4.997325 4.897458 5.879947 5.99346 6.50822 7.561059 8.622967 9.353867 8.966727 6.887399 4.939521 4.385374 5.654668 7.345472 7.120459 6.336928 6.005915 5.763311 5.487214 5.077924 4.7171 4.691306 4.874919 5.020773 5.021994 5.035211 4.981396 4.82764 4.37851 3.775583 3.643419 4.021394 4.143315
7.031334 6.816321 7.098272 7.503325 7.748262 8.049163 8.303906 8.292745 8.378537 9.173483 9.506074 8.131866 6.691529 6.109568 6.174513 7.171134 8.352967 8.796988 8.489356 7.858625 6.782472 5.330869 4.492742 5.0401 6.12599 6.23864 5.866184 4.713745 3.698672 4.068961 4.4855 5.055332 5.676365 5.803295 6.707186 7.577046 8.333086 8.989966 9.200357 7.85629 5.996069 4.507674 4.721798 6.219009 6.855542 6.593285 6.249206 5.894342 5.557715 5.228971 4.823259 4.522781 4.617584 4.810529 4.883518 5.02437 5.036026 4.648672 3.434108 3.232865 4.106732 4.215481 4.334784
7.825523 7.382401 7.247736 7.538157 7.711997 7.799314 8.172112 7.874847 7.334758 8.273969 9.906038 9.703623 8.294665 6.954443 6.249649 6.139455 6.816084 7.381766 7.668465 7.800102 7.339681 6.095091 4.895099 4.752156 5.08258 5.505527 5.472642 5.563269 4.426743 3.707897 3.90689 4.883224 5.431566 6.309805 6.911734 7.720066 8.469683 8.495986 8.490203 8.040275 7.042874 5.388087 4.744473 5.369546 6.00936 6.218614 6.232495 6.171766 5.905515 5.582835 5.221272 4.675211 4.507381 4.552014 4.691129 4.784144 4.882978 4.1153 2.71422 3.513041 4.630995 4.649127 4.644847
8.547453 8.182022 7.935708 7.846198 7.901818 7.856203 7.716818 7.492092 6.366371 6.962575 9.352528 9.850387 9.625761 8.894131 7.890005 7.029557 6.714928 6.624303 6.710104 6.969426 6.979647 6.277742 5.321182 4.740837 4.748144 4.917872 5.069685 5.287618 4.780761 3.781378 3.627653 4.397527 5.324729 6.245986 7.259316 8.138361 8.487604 8.347962 7.66979 7.200684 7.099388 6.373074 5.507903 5.260213 5.472565 5.583929 5.77595 5.884153 5.962759 5.903714 5.642016 5.154356 4.825997 4.624217 4.544946 4.518068 4.34031 3.494581 2.920911 4.137329 4.940144 5.007521 4.83751
9.181917 9.098277 8.755729 8.533496 8.359954 8.150476 7.575689 6.787062 5.569839 5.58388 8.000326 8.994403 9.587399 9.659144 9.35121 8.681813 8.456739 7.943232 7.513882 7.108961 7.099119 6.83182 6.103709 4.96237 4.715894 5.121991 5.045912 5.023514 4.296047 3.279838 3.073128 4.140327 5.256683 6.282923 7.402111 8.249753 8.49568 8.275063 7.571427 6.528085 6.29246 6.436276 6.251227 5.898393 5.553529 5.368679 5.337777 5.356077 5.434629 5.748926 5.836784 5.512605 5.170307 4.776947 4.590414 4.453887 3.756456 3.890847 3.695776 4.014786 4.897196 5.165445 5.047153
9.028426 9.388884 9.480233 9.077203 8.783792 8.295258 7.663231 6.527706 5.059843 4.617442 6.22155 7.501498 8.83445 9.341599 9.277281 8.937205 8.823269 9.084661 8.968387 8.47371 7.891111 7.696671 7.057045 6.012704 5.241518 5.387547 5.752024 5.653079 4.948911 3.280799 2.466879 3.331615 4.849085 6.313185 7.477903 8.168595 8.383833 8.163451 7.543395 6.690864 6.036623 5.908293 6.067553 6.209806 6.056922 5.70481 5.627495 5.219415 4.696852 5.071966 5.497246 5.469053 5.082106 4.498993 4.334596 4.486897 4.316056 4.208088 3.824973 3.539856 4.32415 5.15809 5.061295
8.83643 9.116639 9.534826 9.442866 9.077319 8.717719 8.296293 7.145856 5.426652 4.177794 4.778997 5.976031 7.48504 8.36657 8.67091 8.314208 8.007277 8.783013 9.051149 9.152251 8.674015 8.331319 7.765735 6.842072 6.080979 5.93289 6.259366 6.52384 5.966195 3.907125 2.470104 2.64761 4.298041 5.945212 7.185592 7.944565 8.302818 8.288956 7.572228 6.601341 6.198242 6.0461 5.835382 5.974336 5.918377 5.840988 5.819583 5.806768 4.872358 4.276578 4.668629 4.864538 4.445619 4.380066 4.680882 4.73564 4.637818 4.62052 4.100513 3.209711 3.549865 4.7688 5.063921
8.837379 9.133897 9.394094 9.700169 9.310104 8.898982 8.888199 8.268132 6.587726 4.726921 4.235421 4.674937 6.213466 7.37203 8.014663 7.772145 6.833439 7.196149 8.53555 8.798007 8.590277 8.374698 7.729003 7.166878 6.729791 6.538908 6.413388 6.428364 6.439674 4.936803 2.792952 2.816869 4.35826 5.923117 6.843141 7.515496 8.005283 8.313847 7.780441 6.633753 6.011899 6.084971 6.033269 5.969453 5.832087 5.670838 5.619425 6.045464 5.939457 4.591481 3.846985 3.767338 3.875963 4.535125 5.07159 5.057516 5.093601 5.003863 4.685263 3.044495 3.005196 4.293898 4.800772
8.093533 8.69023 9.402753 9.500636 9.299195 8.831274 8.982797 8.673615 7.460075 6.217723 4.809713 4.111651 4.990484 6.370419 7.633805 7.944477 6.630159 5.980513 7.087807 7.849355 7.985239 8.145098 7.401947 7.105496 7.307561 7.101814 6.601156 6.205183 6.171848 5.286036 3.201908 2.587455 4.397177 5.693461 6.610914 7.038287 7.427929 7.845648 7.682015 6.778791 6.006786 5.802728 5.842151 5.910647 5.977887 5.694813 5.449952 5.595658 6.068241 5.607736 4.086417 2.18917 2.83574 4.632129 5.913599 5.881804 5.837132 5.784437 5.134153 3.214623 2.799638 3.778773 4.21963
6.969537 7.71785 8.495859 8.98615 9.197575 8.876039 8.916349 8.504254 7.484018 6.676855 5.685952 4.422628 4.165654 5.214919 6.970101 8.104784 7.310269 5.840605 5.8118 6.481461 7.020984 7.570855 7.003845 6.877019 7.67362 7.827068 7.227892 6.140659 5.557534 4.930125 3.127301 2.682606 3.963997 5.087057 6.011968 6.51389 6.789773 7.252547 7.420358 6.857321 6.126965 5.735268 5.705021 5.63635 5.69409 5.72822 5.522006 5.238964 5.469687 5.492254 3.905711 2.044183 2.300344 5.477935 6.418979 6.28694 6.297661 6.654531 5.977782 4.060691 2.863831 2.931795 3.484619
6.841067 7.274829 7.700384 7.97783 8.224049 8.840233 9.321947 8.681506 7.646272 6.744687 5.915246 4.788867 3.995093 4.233399 5.915106 7.704918 8.053079 6.670609 5.458393 5.512238 6.108987 6.829797 6.451309 6.266433 7.744764 8.273831 8.391025 7.271795 6.10897 5.009258 3.78949 3.028347 3.41849 3.832804 4.993248 5.811629 6.269765 6.815889 7.308156 7.307273 6.555245 5.926581 5.837625 5.568863 5.348341 5.301223 5.339422 5.216235 4.926846 4.83671 2.518637 2.054816 2.017205 5.457909 6.415781 6.443735 6.575877 6.957428 6.855935 5.427863 3.642099 2.990509 3.100634
7.172571 6.985715 7.251882 7.426589 7.297121 8.005498 9.60393 9.729919 8.974765 8.03755 6.918313 5.816737 4.495218 3.614309 4.75761 6.759386 8.230762 7.846856 6.285541 5.371489 5.379199 6.071104 5.968234 5.734476 7.105117 8.256849 8.838145 8.712446 7.629357 6.275256 5.132914 3.936331 3.728367 3.383548 3.906752 4.803255 5.61491 6.47466 7.131197 7.431106 7.103331 6.639575 6.471992 6.359352 6.002625 5.268802 5.011138 4.928187 4.652439 4.072722 2.203717 1.848714 3.609798 5.268085 6.129583 6.372161 6.541177 6.873414 7.09121 6.751923 5.12285 3.738412 3.326563
7.087702 6.434074 6.705876 7.144225 6.919769 7.463441 9.19379 9.567898 9.644711 8.942141 7.775652 6.772603 5.64803 4.022763 3.957031 5.779775 7.73853 8.190656 7.471391 6.059006 5.280437 5.576528 5.554583 5.487076 6.525457 7.805023 8.711702 9.201083 8.28842 7.039842 6.1309 5.898038 5.352328 4.719958 3.844268 4.054969 4.815136 5.640593 6.581172 7.349203 7.34993 7.122695 6.836224 6.925622 6.697452 6.23334 5.655616 4.945862 4.121796 3.076847 3.225917 2.569869 4.026314 5.219195 5.81934 6.183619 6.356756 6.877181 7.192162 7.225033 6.278264 4.835546 4.342704
6.881186 5.789158 5.777912 6.463308 6.444845 7.099127 8.207496 9.103604 9.464242 9.108098 7.876314 6.809124 6.026677 4.963356 3.988573 4.843665 6.694617 7.67695 7.730003 6.984618 5.687063 5.407659 5.334625 5.329423 6.213218 7.222406 8.186811 8.343843 7.995853 6.947007 6.207857 6.405544 6.834292 6.495875 5.155664 4.046713 4.252119 4.894772 5.687317 6.6615 7.019979 6.945815 6.752708 6.820913 7.004651 6.680929 6.20409 5.7017 4.134415 3.087836 3.448457 3.105613 3.166926 4.626254 5.631621 5.840709 6.094518 6.750184 7.165528 7.475904 6.767995 5.812747 5.227034
7.251142 5.546046 5.00723 5.751496 6.053969 6.792848 7.698289 8.800562 9.48687 9.700501 9.092642 7.624788 6.199269 5.189745 4.304547 4.378699 5.586833 6.639898 7.191744 7.196313 6.364753 5.576783 5.296723 5.239571 6.049485 6.663678 7.307147 7.642828 7.460885 6.66588 5.84906 5.997391 6.65834 6.9728 6.397305 5.142932 4.494153 4.643798 5.129041 5.978883 6.607435 6.60759 6.487964 6.552505 6.696225 6.461393 6.139096 5.940598 4.756469 3.220608 3.544061 3.391332 2.853832 3.390719 5.012409 5.446163 5.669249 6.222742 6.739162 7.475962 7.309118 6.570802 6.073322
7.936004 6.069597 4.597055 4.948371 6.065235 6.785945 7.172467 7.832439 8.964881 9.712539 9.743384 9.086013 7.726385 6.191998 4.821664 4.259325 4.837717 5.609879 6.395595 6.757957 6.514184 5.999017 5.466255 5.393721 6.221849 6.789984 7.025462 7.006021 6.910171 6.578467 6.050261 5.682313 5.931392 6.546255 6.607802 5.905939 5.090475 4.824958 5.032953 5.65695 6.267713 6.437994 6.329648 6.12104 6.206986 6.133866 5.919018 5.663709 5.037557 3.787263 3.539252 3.44559 3.145501 2.480601 4.039442 4.794597 5.187508 5.598478 6.32139 6.959303 7.355906 7.08533 6.706975
8.599607 7.013892 4.986489 4.509523 5.944463 6.875513 6.861463 7.040531 7.754404 8.45631 8.94625 9.261265 8.897206 7.698005 6.64385 5.369728 4.772112 5.165867 5.751228 6.105567 6.184056 6.077776 5.512768 5.509381 6.556376 7.261981 7.296145 6.630033 6.080783 6.18053 6.283683 6.133001 5.714247 5.855947 6.195095 6.037364 5.543303 5.111235 5.089671 5.41677 6.075766 6.417738 6.445849 5.970025 5.864313 5.748671 5.709458 5.569674 5.145624 4.386445 3.741839 3.35481 3.237622 2.85487 3.085546 3.966902 4.550671 5.026521 5.648187 6.496467 7.226334 7.235282 7.001493
8.655772 7.709558 5.571495 4.581047 5.884415 6.823947 6.998466 6.981333 7.080606 7.052131 7.405704 8.152153 8.607666 7.977269 7.548259 7.082318 5.857029 5.300776 5.30237 5.619544 5.568571 5.711852 5.347017 5.47336 6.663621 7.595371 7.880828 6.927444 5.704813 5.406665 5.835613 6.238242 6.120027 5.79519 5.768388 5.860198 5.637494 5.265063 5.06793 5.228832 6.000812 6.438249 6.614315 6.384281 6.1387 5.865988 5.663235 5.940703 5.667942 5.054039 4.331439 3.79447 3.286523 3.186326 2.866701 2.973531 3.561447 4.17441 4.811213 5.701724 6.775345 7.30283 7.25364
8.114328 7.646925 6.25994 4.859457 5.720616 6.76584 7.136481 7.181462 7.206248 6.831759 6.305904 6.648993 7.633528 7.476981 7.23386 7.560335 7.040192 6.208024 5.612072 5.276876 5.065809 5.441986 5.103629 5.288526 6.608477 7.805931 7.925858 7.265919 5.963918 5.180621 5.338126 5.820231 6.277204 6.074476 5.91915 5.709363 5.561208 5.29542 4.979815 4.935103 5.758717 6.354649 6.537308 6.398018 6.300348 6.136969 5.705966 5.69992 5.83393 5.200632 4.888778 4.657542 3.611246 3.186626 3.1585 3.106339 2.92473 3.100167 3.576983 4.602945 5.85689 6.848225 7.217761
7.625232 7.128909 6.496649 5.255859 5.752737 6.609722 7.161832 7.125616 7.423516 7.681029 6.752336 5.923777 6.406435 6.650199 6.539242 7.202453 7.169023 6.838357 6.941328 5.947973 4.869036 4.885852 4.736593 4.90803 6.409755 7.530566 8.132091 7.472995 6.219824 5.378233 5.117817 5.413448 5.897667 6.193137 6.094225 5.917483 5.768737 5.49056 5.196811 4.88916 5.329125 5.890985 6.026953 6.029586 6.056665 6.038667 5.631221 5.646333 5.673046 5.130837 5.080241 5.195148 4.96939 4.001261 3.204572 3.291946 3.405126 3.130159 2.616336 3.141077 4.618521 5.976806 6.866458
