py_wake/examples/data/AJ_ParqueFicticio/Rough survey   Sector 5   Height 200m   Power density.grd
DSAA
73  159
 258469   265669
 6501692   6517492
 236.2846   1634.063
[rows 28 to 55 of 159, columns 0 to 62 of 73]
736.9877 736.4709 736.5496 736.7369 737.9232 739.7804 741.8306 743.9247 744.1266 746.2689 750.7502 756.3717 760.9673 765.498 768.7037 771.4405 775.8889 778.6137 780.7429 780.8093 778.543 776.0338 779.3373 782.5802 783.9681 781.1689 775.0679 768.121 766.4188 763.7002 760.8641 756.0821 744.2154 726.8915 721.5765 728.6042 735.4451 738.766 739.6436 729.1503 718.938 726.8257 753.065 793.3379 842.8315 887.925 921.8386 964.1183 1010.015 1052.324 1084.151 1124.208 1169.993 1181.67 1143.624 1110.158 1101.258 1076.715 996.7946 901.4296 821.389 765.0287 728.242
734.9448 735.8789 735.4586 736.0503 736.7852 737.9187 739.7278 742.4898 743.7075 745.489 748.4468 753.3325 758.5169 764.4417 768.4341 771.9788 774.7729 778.5109 780.2953 780.6761 777.8405 774.6316 776.493 779.7306 782.1439 780.5944 774.9178 771.2374 768.3404 766.4623 763.6591 757.3193 745.0292 725.6575 718.8914 727.4544 734.6389 738.6903 740.5864 733.7532 722.2968 723.9951 747.8817 779.8179 821.3765 871.1912 917.9669 967.5438 1025.575 1083.708 1131.751 1179.113 1227.809 1258.714 1237.239 1192.568 1156.011 1099.292 1006.61 910.8885 832.4626 779.686 752.9306
731.7728 732.5779 733.5422 734.1096 734.2219 736.4816 737.8518 740.4119 742.7112 743.1622 745.8707 748.6729 752.4982 760.2933 764.7944 769.7829 773.747 776.8591 778.2435 779.1657 777.4291 776.435 776.569 778.776 779.2925 778.2412 776.1906 772.2479 769.0712 766.609 762.5966 758.0025 744.0029 726.4729 723.3101 727.6248 732.3706 735.3212 740.9578 739.6631 729.1977 726.0092 740.4112 768.4224 804.1143 845.1409 895.3538 953.7222 1022.875 1097.267 1170.592 1238.41 1296.124 1332.868 1330.212 1285.703 1219.201 1118.431 1004.352 901.4057 828.7764 788.7416 785.3802
729.1816 729.6533 730.7224 731.5813 731.7272 734.1308 735.2229 737.6556 738.372 740.1879 741.4588 744.2358 747.3597 754.4365 761.7792 767.3041 772.1633 775.4199 776.1378 776.8632 776.6589 776.5285 776.354 776.0051 776.4926 777.0192 774.7885 772.5142 767.2902 763.3048 761.4565 759.3445 748.4894 733.5033 728.7886 726.6868 728.2185 730.6707 737.7865 743.8467 737.4438 731.0729 735.8265 756.6915 789.4626 826.619 868.0521 921.8571 990.7454 1074.007 1166.948 1258.537 1342.254 1399.873 1418.405 1382.886 1285.079 1145.748 1005.822 893.6208 821.0354 796.0505 810.3008
725.1138 726.5737 728.1483 729.2958 730.5485 732.3292 734.0273 734.4903 735.3145 736.9647 738.1069 740.3387 741.9636 746.2614 753.8365 761.4474 768.1523 773.2117 774.2062 774.411 775.2917 775.7014 775.2454 774.3378 774.6322 772.2905 771.7408 769.7958 764.8056 759.3097 758.6176 756.2711 747.3076 736.5947 729.2673 727.6182 726.0052 724.6276 733.565 743.2975 746.7025 737.6685 734.6514 745.3209 772.3887 814.3412 859.2513 903.0614 956.8362 1029.875 1119.428 1223.019 1328.303 1420.173 1476.954 1458.695 1349.8 1184.146 1025.466 899.3 823.0657 811.2991 836.6337
724.0065 725.1574 726.4742 728.1186 730.3069 731.2364 733.0092 733.9053 734.4919 734.8473 735.8103 737.3724 738.5957 740.6077 747.4086 754.8318 763.2136 768.6697 770.6603 772.8431 773.7363 774.4771 774.0222 772.8323 772.3456 770.8308 766.7524 765.5168 762.4767 757.5811 756.0903 753.1426 745.6602 736.7136 729.3928 728.2272 728.0325 721.1783 729.3104 740.9712 752.879 754.2134 744.1743 736.5257 748.9708 788.6055 845.1322 899.663 953.2059 1017.07 1096.747 1190.249 1291.616 1397.924 1488.492 1510.372 1400.793 1232.49 1057.448 921.7146 841.9323 831.656 870.2755
725.8148 726.4025 727.1157 727.3497 728.7489 729.7526 731.2062 732.4871 733.4439 734.0458 734.162 735.1689 736.8552 738.4877 742.7979 751.9623 759.5336 764.1451 767.0231 769.3507 770.7043 769.9161 770.3253 769.7111 768.9493 766.3621 762.6703 760.7469 758.7753 757.2245 754.6635 750.8331 745.7448 735.8384 727.3774 723.9743 728.7167 724.0862 726.3354 739.8766 760.6963 772.0947 766.7567 745.6202 733.0331 757.7731 815.6063 883.0888 951.756 1027.448 1114.41 1210.193 1303.267 1401.292 1493.466 1536.656 1454.654 1287.001 1108.049 967.8699 885.2883 872.6395 908.2394
724.4922 725.4746 726.0789 727.6737 728.1516 729.3463 730.2839 730.5187 731.1368 731.4915 731.0847 731.7065 732.8386 735.9859 740.7335 747.177 753.1847 759.3062 761.2004 762.2925 764.2266 764.0656 764.7297 764.7287 764.5127 761.817 758.809 757.2715 755.1517 753.5712 751.4572 747.4957 743.7377 736.1074 725.1589 716.3176 719.4022 724.3409 725.3837 741.1489 768.6666 791.8309 797.2443 775.6993 736.8436 732.3011 776.6616 852.7493 935.2971 1024.415 1125.096 1241.136 1352.622 1449.071 1529.777 1569.094 1501.942 1339.327 1160.053 1020.524 946.209 933.915 958.9941
722.2221 723.4353 724.0741 725.8519 727.811 729.7545 729.0933 729.1091 729.3681 729.3553 728.7744 727.7158 728.0849 731.2695 736.2338 741.3152 746.3047 749.9233 753.7477 752.8103 756.3837 756.3623 757.8813 759.8367 760.1462 758.0013 756.3982 753.7366 751.3584 749.3962 748.6294 744.3515 738.7792 732.8084 721.9316 711.8155 708.3897 716.1993 724.0583 744.1158 779.4389 819.3641 840.409 824.3265 772.2417 722.6374 735.941 803.0126 896.7766 997.2903 1108.949 1239.801 1376.991 1496.206 1578.645 1613.109 1538.399 1370.393 1192.375 1060.935 1009.344 1002.662 1025.017
716.9717 718.7593 720.7114 722.802 724.3928 727.1343 729.2984 729.4872 729.1829 727.6186 727.181 726.2087 725.0302 727.1008 730.8801 734.6793 738.5832 739.9863 743.3641 743.4886 744.6763 746.9871 749.9122 753.1804 756.2647 753.929 752.2055 748.7919 747.0698 743.4086 742.5201 739.7998 734.959 729.0257 719.5944 706.1539 693.0981 700.7886 712.9952 736.6138 783.0383 841.9824 887.9684 891.5731 839.4356 759.0943 719.8906 753.0401 833.0596 932.7384 1047.706 1177.844 1328.682 1475.922 1587.115 1634.063 1561.046 1387.836 1202.95 1081.945 1044.307 1052.781 1082.006
714.1203 716.2858 718.7642 720.791 722.048 722.6501 724.4733 725.2432 726.7698 727.6906 728.1384 726.4829 724.9291 723.5665 726.0071 728.8113 732.2534 734.226 736.6694 735.9709 731.6169 736.5977 741.9728 745.9753 749.804 747.8442 746.6075 743.7103 740.4959 736.7583 734.3797 733.7954 730.5563 723.9247 715.8268 701.8956 682.114 681.1001 693.5507 722.2959 771.9742 843.6635 917.3879 954.4372 926.064 839.1926 763.0038 749.6486 791.4301 870.2111 978.2997 1101.045 1245.361 1399.768 1540.075 1613.853 1565.558 1391.703 1207.594 1078.269 1040.283 1068.852 1106.789
714.025 717.5107 719.6578 721.3524 723.3413 723.381 721.8617 723.6509 725.7657 727.2156 728.1393 727.483 725.1666 723.3423 724.6619 727.0756 729.7325 732.6253 735.3161 732.6539 727.1013 728.9572 733.362 739.3126 741.5917 742.0987 739.9326 737.5731 735.4192 730.0805 726.2819 724.6025 722.7116 717.4229 708.8306 693.7942 671.5749 664.2478 674.427 704.8631 754.5523 827.4353 911.8857 982.4493 996.9477 931.8341 848.5505 811.5391 814.8718 863.805 956.5021 1069.866 1198.885 1340.807 1484.098 1578.505 1559.215 1401.135 1212.539 1072.097 1015.701 1028.351 1070.121
714.0788 717.2372 719.21 721.1025 723.3408 724.1487 723.2151 723.7375 724.7148 725.8824 726.701 725.4049 724.2435 724.4972 723.9033 724.1169 726.1512 729.0217 731.8111 731.3893 727.593 727.1392 727.3267 729.8503 733.9473 732.4727 731.553 730.1569 727.3436 723.5768 720.2137 718.1946 715.1003 710.2887 701.8265 684.1254 662.0815 644.7866 652.687 682.7524 734.9993 805.7596 889.5919 974.5134 1024.919 1001.357 932.2428 889.8549 882.0385 905.6286 979.3277 1076.855 1194.384 1326.797 1457.226 1558.834 1554.862 1418.94 1233.22 1071.541 971.3375 953.0954 984.1342
718.3838 719.4991 720.9456 719.9203 719.3568 720.7041 721.8755 723.0505 723.3944 722.3016 720.7856 720.7391 719.7909 718.8219 718.4928 719.4613 720.9034 722.428 725.124 726.3337 727.9005 727.6332 727.9241 724.1989 720.9324 720.1636 721.0209 720.7717 718.8636 716.5674 713.3315 711.8043 708.2202 702.8258 694.618 678.869 648.7734 624.7409 629.2428 657.1686 710.8467 778.1131 859.3936 946.957 1014.428 1025.305 982.9023 947.5566 944.0783 963.0567 1011.37 1096.297 1200.964 1323.633 1445.735 1544.867 1559.201 1446.609 1265.716 1087.119 951.4172 891.8962 891.5503
725.1937 724.9745 725.4382 723.3806 718.2587 716.6936 718.3435 719.3056 718.8979 718.1923 716.5527 714.5402 713.5035 712.4708 713.1766 714.3041 714.7305 716.0237 717.4048 720.6555 723.5701 726.7745 728.7281 726.4226 715.6762 709.5014 709.7555 710.4532 710.169 707.5497 705.8292 703.6339 700.8522 695.9863 687.2618 672.1985 643.9488 613.7787 608.0771 629.6416 676.7869 737.8981 810.3445 893.3053 963.3655 993.7195 978.2192 953.908 967.1304 995.7891 1039.308 1107.64 1191.741 1296.446 1410.267 1505.938 1540.053 1462.477 1307.396 1127.141 971.6323 867.8526 823.4238
728.8792 730.7116 732.0439 732.603 722.8249 713.1444 712.4372 715.4459 716.6415 717.9982 717.9142 714.5806 711.3466 709.0546 709.3057 710.1467 710.7049 709.9618 709.5593 712.5695 716.6582 720.4491 723.314 722.8165 715.3098 707.9401 704.3114 701.8245 698.6591 696.7053 696.3536 694.4001 690.3214 687.0175 679.8777 665.3201 640.628 610.3311 594.9188 604.0671 637.3157 691.8521 756.9135 832.7516 900.6796 937.6507 939.0961 928.4703 942.4066 977.1138 1016.049 1068.929 1145.85 1237.546 1347.121 1442.647 1490.201 1447.123 1326.294 1169.848 1021.687 892.5482 808.5329
730.6382 732.8427 735.665 737.6789 733.394 721.4186 711.9955 711.2434 713.7357 716.8423 719.2717 717.3575 710.6724 707.7927 708.0413 708.808 707.6998 706.5457 706.2221 704.2679 708.0742 711.0245 713.5441 713.0678 709.9431 703.6345 698.9972 694.5433 691.6414 686.4576 685.3826 685.0167 680.9502 677.3259 671.5732 659.0385 637.7822 613.2582 592.9407 591.5355 611.6526 658.444 717.4646 781.0485 843.0101 881.5869 896.0422 896.7371 908.757 939.3997 974.946 1024.453 1098.574 1192.263 1298.256 1389.404 1432.659 1395.983 1316.38 1201.771 1074.085 949.1887 842.6421
731.3175 733.8777 736.8835 739.354 740.2479 730.4922 719.6328 714.3669 713.8542 714.7818 715.8531 714.7133 712.0519 710.4733 709.7354 709.0095 707.6038 706.2183 703.7564 700.4596 701.0865 704.2344 704.2776 703.9446 699.7327 696.2529 692.2363 686.9191 679.4769 674.3051 671.6853 671.2377 668.4706 662.4461 661.7678 652.194 632.8677 614.0746 602.3658 596.6559 605.2808 640.3135 690.9283 746.296 804.7231 850.7117 879.8182 897.0479 913.4803 941.9436 979.2735 1024.267 1087.419 1175.823 1274.089 1362.673 1392.818 1350.678 1284.598 1201.157 1112.807 1016.339 916.4893
730.213 733.7145 738.6247 741.7232 741.6396 737.1157 728.0834 723.0322 719.6014 713.92 711.9846 710.9815 710.6901 710.0692 710.0061 707.5216 706.0822 705.5282 704.085 700.9492 701.0416 702.5887 703.905 701.912 695.3185 690.8785 687.9991 680.7338 671.5557 663.4149 658.6713 656.159 650.1934 644.6253 646.7201 640.2089 623.9686 607.9008 601.9727 604.7748 613.6414 636.9659 677.4349 732.6223 790.9852 842.4103 879.9301 908.5598 937.2333 968.4637 1007.084 1054.433 1108.179 1177.817 1266.901 1353.842 1384.629 1346.699 1264.328 1181.493 1108.589 1042.717 975.9575
728.1749 731.5377 734.2715 740.4021 741.4192 738.9144 735.0624 731.7494 729.0193 719.003 706.7225 705.5828 705.9844 705.7879 705.5629 703.1873 702.5327 702.4218 702.3778 701.1836 702.7057 702.3725 703.447 701.6204 695.5939 690.8727 685.4872 677.5451 669.1213 660.7848 652.0106 646.6332 638.1891 629.6313 628.9398 621.5255 608.6824 595.5905 589.8672 596.5527 611.1381 635.3005 670.1194 716.2876 771.6377 826.9396 867.5775 898.9886 930.8292 966.0676 1010.489 1065.271 1123.915 1185.274 1248.849 1310.702 1364.319 1360.817 1296.635 1205.95 1114.011 1038.12 980.7333
728.1229 730.3295 732.6167 735.8949 739.0674 738.623 737.9588 736.957 734.9919 727.4214 710.1081 701.1212 700.711 699.0394 699.4598 699.2318 699.0491 697.6891 697.2493 699.2902 699.4173 698.3817 697.0518 696.0891 693.3893 687.5764 681.9222 675.8229 670.0024 663.2024 655.0909 649.5411 639.4919 624.5302 620.7043 612.009 597.3947 583.5353 573.9484 578.4876 593.0348 614.8182 645.3407 688.6677 741.0205 794.2849 836.5135 871.6243 911.3206 955.3006 1002.225 1053.312 1115.977 1171.224 1214.172 1250.211 1300.826 1332.977 1322.144 1271.623 1181.718 1076.823 990.7844
731.1163 733.1973 734.1503 733.8915 736.3124 739.0134 739.6047 740.1464 737.7958 732.574 720.8997 705.7796 697.3391 696.2952 696.0535 697.4288 698.0921 696.2752 693.3422 693.032 693.9009 695.1049 694.4015 694.2413 693.1093 686.374 682.0142 678.4491 672.2126 665.2242 654.7952 646.6656 640.7585 629.1955 620.7563 610.4723 593.8306 575.5296 560.9579 558.525 567.7182 584.8848 612.1039 648.8806 697.6249 751.7998 800.5578 852.2678 901.9573 954.2676 1006.192 1050.823 1093.016 1137.122 1171.858 1188.895 1211.25 1243.041 1266.805 1284.889 1258.681 1171.258 1064.249
731.869 735.7161 738.6242 735.9551 735.7745 739.5338 741.3668 742.1832 740.2132 736.262 726.2941 715.0916 703.5025 697.5552 696.0108 697.6157 701.3032 703.0175 697.3619 692.5836 693.4147 694.8956 696.3047 697.3959 695.2144 690.078 687.1661 683.1072 678.2891 669.3311 656.9886 642.9154 632.6884 625.5059 616.8744 605.4034 588.0842 569.4523 553.2844 546.551 549.2244 561.9777 588.5502 619.293 662.1608 717.6578 772.8666 830.3015 889.9885 952.402 1013.352 1053.777 1063.592 1097.421 1142.988 1148.789 1138.209 1144.069 1160.419 1207.983 1260.648 1251.651 1175.554
729.9637 734.6463 737.6154 737.6647 737.2291 739.1319 742.6639 743.8866 741.9191 738.1996 729.6089 719.4888 708.4769 700.9772 698.7297 697.9749 698.8147 702.7219 701.838 697.8052 697.9397 698.5037 698.8311 699.6003 698.2683 695.5964 694.4236 690.8599 683.977 677.5043 665.9694 651.2283 630.6894 620.4205 613.1456 597.4901 578.4834 561.9446 549.3485 538.8363 537.1205 546.8472 568.9619 599.1072 638.1444 690.1475 745.8984 805.764 871.3774 940.3904 1007.989 1050.561 1042.675 1054.953 1110.198 1143.281 1113.574 1072.235 1055.218 1091.767 1172.607 1240.673 1238.872
728.5007 732.0259 736.2194 737.6749 738.8862 739.3527 740.8408 743.0356 741.6056 737.9393 730.8082 720.5085 713.6429 706.7471 703.0416 700.0706 696.4519 697.4921 699.4141 699.1392 701.5539 703.1 700.545 699.8005 700.0407 699.8406 699.1293 697.614 694.2139 689.6458 681.641 665.363 645.4771 631.6212 623.4068 604.9174 578.9658 559.2337 548.3694 539.2426 529.1868 527.1285 541.675 567.9176 604.7156 655.4554 713.8166 772.0762 840.3334 918.5643 997.1237 1044.26 1027.645 1012.901 1063.406 1139.134 1136.865 1068.239 996.0216 988.6274 1059.06 1155.206 1214.63
728.9603 732.5121 735.2324 737.1119 738.8199 740.4952 740.5859 740.1602 739.4241 736.2275 731.437 723.806 716.7125 711.7289 709.3444 706.7386 699.8788 695.9 696.1075 696.4765 697.7065 703.8372 703.9183 701.9206 702.3163 702.4685 702.3004 702.862 704.7285 703.0709 695.4321 679.468 661.6248 653.3689 648.0761 629.7098 598.4105 571.6759 555.4366 550.2605 539.5944 524.9589 522.7436 538.0524 569.8676 614.2981 670.2596 729.5544 802.6017 888.3048 979.4812 1035.867 1016.837 981.7186 1009.252 1102.187 1160.215 1109.04 1005.666 937.2294 966.7853 1059.878 1150.602
730.9597 732.7866 734.5629 737.402 739.6503 740.8981 740.8275 739.4731 738.4297 735.2653 732.3763 726.3273 719.899 714.6251 712.0357 711.1846 705.4584 699.4453 697.7881 696.0262 693.8334 694.9138 699.9751 700.9371 701.4752 703.6316 704.5079 707.6492 714.3361 720.7875 714.8286 695.6639 675.0975 669.9658 670.0679 660.7778 631.7773 593.7067 565.0491 563.1753 560.7032 546.7295 532.9082 530.2004 549.9891 584.9908 631.7697 688.3945 766.3121 853.5477 944.9956 1008.792 1003.367 956.9643 961.6992 1045.542 1138.693 1140.067 1040.329 941.0077 912.6082 986.2773 1098.167
730.8973 733.8687 737.2758 738.7875 740.8162 741.2012 740.2038 739.4001 737.4417 734.6505 732.0967 727.9324 723.5181 716.506 710.623 709.7452 707.8826 704.6131 702.0746 702.0792 696.2604 690.8691 694.5743 696.9119 698.298 700.786 702.5783 707.7677 720.2694 733.0547 735.2997 715.5156 689.644 683.3485 684.8528 686.5429 665.4153 622.5105 578.6823 568.0861 574.4441 570.3854 559.5797 549.9543 553.8754 579.212 610.3284 654.6415 721.5747 807.0101 900.7191 973.884 977.1771 935.4672 923.8685 997.4573 1099.885 1132.045 1054.329 953.709 895.8978 939.1382 1054.92
