py_wake/examples/data/AJ_ParqueFicticio/Rough survey   Sector 2   Height 200m   Orographic speed.grd
DSAA
73  159
 258469   265669
 6501692   6517492
 .7210667   1.456257
[rows 56 to 83 of 159, columns 0 to 62 of 73]
.9550287 .9572453 .9595454 .9622265 .9637305 .9643423 .963097 .961928 .9608015 .9603829 .9599835 .9596986 .9583206 .95648 .9551137 .9546309 .9554747 .9568133 .9574766 .9575762 .9570974 .955804 .9574564 .9605433 .9630234 .9639665 .9656951 .9692702 .9779756 .9940718 1.013273 1.02885 1.03698 1.049205 1.062975 1.075351 1.088264 1.098225 1.103454 1.110263 1.123348 1.131772 1.138155 1.140024 1.142634 1.148078 1.15267 1.147088 1.140071 1.131491 1.124665 1.11451 1.089336 1.055279 1.027597 1.019594 1.022631 1.020696 1.005183 .9856653 .9678415 .9553046 .9468457
.9541177 .9547288 .9575989 .9615933 .9634806 .9634252 .9619336 .9600373 .9587503 .9585335 .9583487 .9582326 .9577385 .9563132 .9558202 .9554106 .9557768 .95668 .9578764 .958302 .9602254 .9601859 .9606674 .9630511 .9654043 .9671584 .9696506 .9755421 .9901477 1.008357 1.028213 1.042338 1.050687 1.062418 1.076139 1.087031 1.097271 1.106736 1.112742 1.118731 1.128157 1.133562 1.132734 1.130944 1.135092 1.140086 1.138489 1.128637 1.122655 1.116689 1.109934 1.096668 1.071909 1.041247 1.020561 1.019065 1.022048 1.01729 .9974602 .9758814 .9575617 .9460385 .9406726
.9497643 .9502842 .9547355 .9593576 .9615987 .9602529 .9585884 .9565452 .9555911 .9555457 .9558442 .9559956 .9554734 .9543124 .9553967 .9560936 .9559902 .9563568 .9572453 .9585494 .9616072 .9637443 .9644935 .9660446 .9675249 .9695948 .9735822 .981127 .9949341 1.012986 1.030984 1.042709 1.051096 1.061127 1.074387 1.085979 1.096072 1.105236 1.111192 1.115873 1.123815 1.124278 1.118894 1.117179 1.11998 1.123779 1.119327 1.108864 1.103945 1.101413 1.093773 1.076675 1.054115 1.028676 1.013562 1.015528 1.015873 1.01053 .9931735 .9723709 .9541852 .9427707 .9401642
.9486555 .9516693 .9559423 .9587969 .9591679 .9577806 .9551761 .952942 .9521339 .9523779 .9530203 .9536294 .9537674 .9525088 .9534666 .9551409 .9563203 .9567612 .9575558 .9589646 .9620225 .9655107 .9677837 .9684628 .9702558 .9727527 .9764883 .9837254 .9944067 1.009202 1.023983 1.033454 1.041021 1.051771 1.06538 1.079744 1.092098 1.100522 1.105221 1.107659 1.110577 1.109073 1.104364 1.103488 1.104859 1.106805 1.101663 1.092152 1.08853 1.086575 1.076605 1.058265 1.037583 1.01701 1.007142 1.00822 1.006332 1.002264 .9875365 .9681651 .951038 .9389372 .9384172
.9532782 .9566246 .9602759 .9611435 .9591392 .9558085 .9523252 .9493232 .9492008 .9499483 .9505075 .9510021 .9510564 .9502317 .9518546 .9541271 .95591 .9570578 .9586576 .9610329 .962911 .9648409 .9673284 .9701172 .9723861 .9755573 .9810225 .9895694 1.000436 1.011353 1.023338 1.030595 1.03691 1.047287 1.061792 1.076009 1.086161 1.093947 1.094979 1.095648 1.094664 1.090949 1.089793 1.092054 1.092745 1.092871 1.087535 1.081208 1.075929 1.071387 1.059097 1.04175 1.024976 1.00957 1.001027 1.00092 .9996985 .9959204 .979364 .9591829 .9436111 .9336433 .9319402
.9582968 .9608446 .9624449 .9606096 .9563669 .9525075 .9486402 .9466618 .9475085 .9488565 .9496616 .9498134 .9500557 .9504778 .9518317 .9537312 .9559314 .9572177 .9591162 .9623452 .9651191 .9672008 .9685976 .9710044 .97365 .9784612 .9868966 .9983332 1.011653 1.024508 1.033226 1.038099 1.042828 1.053263 1.062569 1.072044 1.080977 1.085004 1.085466 1.083333 1.080523 1.078235 1.08013 1.081095 1.081551 1.08047 1.075281 1.071492 1.067607 1.057622 1.042558 1.027532 1.016255 1.007706 .9961658 .9941424 .9927863 .9854807 .9686758 .947882 .9323496 .9234023 .9173682
.9605103 .9634925 .9622496 .9595656 .9553005 .9508859 .9481478 .9468102 .9477879 .9492272 .9497823 .9499288 .9506829 .9514259 .9518763 .9529393 .9544985 .9554903 .9583789 .9623295 .9649901 .9669562 .9692262 .972184 .9764488 .9830676 .9924899 1.00582 1.01949 1.03137 1.042891 1.047306 1.051283 1.058677 1.065455 1.072354 1.07745 1.077368 1.075473 1.073583 1.070947 1.069843 1.07053 1.072094 1.070125 1.069825 1.066497 1.062681 1.056801 1.048339 1.032953 1.018308 1.010909 1.004577 .9961038 .9869066 .9821345 .971172 .9540282 .9335915 .9184382 .9088717 .9043505
.9608346 .9617797 .9603019 .9583136 .9552317 .9522339 .9501219 .9483833 .9483427 .9496735 .9505278 .9512303 .9511889 .9513142 .9518262 .9517753 .9523835 .952787 .9561074 .9598625 .9620246 .9639286 .9675084 .972127 .9778486 .9866896 .9979869 1.009963 1.023364 1.035392 1.045416 1.050066 1.054003 1.061898 1.070449 1.075229 1.075424 1.072682 1.069028 1.065976 1.062733 1.059455 1.058944 1.059898 1.060921 1.06035 1.057197 1.051466 1.045894 1.035982 1.022364 1.013211 1.007655 .9996176 .9883785 .9744052 .9624742 .9490438 .9312381 .913128 .9000553 .8960171 .8943874
.9597222 .9590223 .9576163 .9561561 .9544705 .9524382 .9511613 .9496511 .9490942 .9497488 .9501222 .9507329 .9512742 .9512584 .9511662 .9510496 .9520909 .953771 .9563608 .958122 .9592342 .9623693 .9657502 .9704705 .9771042 .9872802 .9983544 1.010767 1.024016 1.034936 1.042658 1.047636 1.053463 1.061706 1.070177 1.072742 1.069907 1.066694 1.0638 1.060456 1.054012 1.048597 1.047018 1.050305 1.051684 1.051986 1.046031 1.039902 1.03391 1.026553 1.017273 1.01117 1.002803 .9891629 .9759743 .9603127 .9403094 .9226438 .9044308 .8881621 .8784611 .8798816 .8838414
.9576781 .9561533 .9545786 .9531757 .9525598 .9521315 .9516181 .9507083 .9500695 .9496624 .9494294 .9498619 .9508109 .9509664 .9509262 .9509247 .9524956 .9548408 .9574638 .9593025 .9617702 .9645637 .96721 .9713497 .976131 .9834749 .9933969 1.005871 1.019086 1.029181 1.03584 1.040097 1.047426 1.05538 1.061925 1.062645 1.060533 1.056597 1.054031 1.050108 1.044813 1.040911 1.041062 1.044646 1.047072 1.043123 1.035789 1.03177 1.02749 1.019663 1.013699 1.008913 1.000787 .9845692 .9647973 .9464573 .9248025 .9070508 .8884172 .8715129 .8693693 .8726155 .8753822
.9546376 .9529029 .9514132 .9502773 .9502853 .9502604 .9510889 .9510724 .9504235 .9492016 .9490559 .9493361 .9498388 .9500268 .9504604 .9523794 .9539134 .9565398 .9592529 .9614261 .9641166 .9682007 .970369 .9718074 .9745173 .9798685 .9908807 1.003205 1.013271 1.022345 1.028544 1.03376 1.041424 1.048987 1.052383 1.052274 1.049996 1.04719 1.043363 1.038558 1.035153 1.034992 1.035962 1.03907 1.041816 1.035348 1.028157 1.027074 1.02344 1.014904 1.011141 1.008381 .998889 .9813514 .9583371 .9345555 .9164327 .9006134 .8896837 .8814385 .8787588 .8795583 .8775471
.9520511 .9508981 .9490829 .9479724 .9479326 .9484631 .9495106 .9501509 .9502382 .9483438 .9481937 .9486433 .9488753 .9490411 .9503688 .9525319 .9552441 .957748 .960835 .9631629 .9661011 .9689654 .9693094 .9702624 .9733002 .9801482 .9903772 1.000662 1.010554 1.018934 1.024525 1.031145 1.038013 1.043325 1.045359 1.045267 1.043798 1.040805 1.037601 1.032399 1.029497 1.030215 1.03268 1.033197 1.030672 1.024624 1.022116 1.02217 1.01914 1.010201 1.009496 1.006862 .9949378 .9763295 .9531742 .9285171 .9138535 .901554 .8961322 .8945376 .8928584 .8897973 .8818638
.9498819 .9488136 .9474477 .9463798 .9461429 .9468719 .9478425 .9487085 .949055 .9477947 .9470295 .9471759 .948167 .9487605 .9504566 .9531971 .9559962 .9588627 .9606946 .9626374 .9645002 .9651631 .9647347 .9678909 .9733576 .9836367 .9931321 .9991438 1.007216 1.015584 1.022213 1.028935 1.03483 1.039314 1.041415 1.042439 1.041042 1.037817 1.034301 1.030868 1.030401 1.03439 1.036737 1.033382 1.024345 1.017437 1.015023 1.012532 1.005711 .9979639 1.000503 .9978646 .9842131 .9642709 .9425807 .9216241 .9078205 .9025651 .9013661 .9011289 .9002503 .8961509 .8836192
.9455439 .9456506 .9444261 .9435733 .9443463 .9454187 .9470619 .946773 .9474154 .9467883 .9458918 .945448 .9468396 .9483888 .9526418 .956436 .9580831 .9599895 .9609449 .9610031 .9608968 .9604847 .9621997 .9675204 .9767043 .9868005 .9951198 1.001174 1.008174 1.015406 1.022256 1.026921 1.032321 1.037319 1.040709 1.042226 1.041488 1.038308 1.034954 1.034663 1.038053 1.040066 1.038533 1.031454 1.021834 1.01464 1.009423 1.001931 .9918957 .9852276 .9845694 .9764009 .9608582 .9407637 .9233827 .908637 .9030114 .9035751 .9046292 .9049844 .9038929 .8999885 .8915215
.9406669 .9416827 .9408477 .9404126 .9426715 .9444212 .9450347 .9448811 .9453581 .9453822 .9446988 .9449131 .9457901 .948232 .9548823 .9604178 .9614201 .9607452 .9600524 .9601709 .959402 .9603366 .9646615 .9716839 .9806821 .9893123 .9950747 1.001433 1.010518 1.019047 1.024022 1.026922 1.032193 1.038491 1.044044 1.045128 1.045013 1.040981 1.039727 1.040718 1.043268 1.043854 1.03804 1.028728 1.018993 1.011567 1.003363 .9921554 .9805793 .9709018 .9628444 .9473299 .9318914 .9178616 .9083277 .9024274 .9027328 .9084913 .9118016 .9113916 .9103997 .9086486 .9012673
.9385038 .937974 .9373297 .9375801 .9416839 .9427949 .9417845 .9417521 .9425591 .9436641 .944051 .9451615 .9470825 .9503047 .9557692 .9603038 .9595928 .9586037 .9579561 .9578755 .9588318 .9615238 .9679903 .9754894 .9837385 .9896165 .9954479 1.000935 1.00922 1.018704 1.02866 1.034701 1.039342 1.045246 1.048947 1.050322 1.050628 1.047443 1.044836 1.04577 1.043816 1.040522 1.033447 1.024834 1.017493 1.009513 1.000729 .9891542 .9766222 .9651964 .9501846 .9329523 .9218599 .9154076 .9088663 .9056696 .9099526 .9171938 .9218042 .9223305 .9211962 .9191011 .9128718
.9388548 .9379969 .937179 .9375394 .9391396 .9391158 .9375328 .9384539 .9408943 .9436589 .9449655 .9460565 .9475374 .9493733 .9532415 .9551384 .9537405 .9534007 .9533784 .9542645 .9562536 .9595811 .9665669 .9742428 .981672 .988334 .9938816 1.000095 1.008654 1.0227 1.035778 1.042909 1.048925 1.053858 1.054134 1.05511 1.052142 1.048059 1.045984 1.044195 1.041452 1.037088 1.028449 1.02158 1.014033 1.00553 .9964508 .9866815 .976459 .9659923 .9542924 .9426916 .9360846 .9308785 .9243813 .9187242 .9209021 .9247144 .9289575 .9314442 .93165 .9304584 .9255593
.9399084 .9390445 .9389089 .9369051 .9357032 .9349447 .9340311 .9363711 .940188 .942077 .9440708 .9453243 .9466595 .9471321 .9474096 .9487759 .9467372 .9464628 .9470646 .9483879 .9506856 .9549041 .9625006 .9698749 .9771228 .984271 .9906264 .9998379 1.01288 1.029489 1.042961 1.049575 1.055076 1.058583 1.057853 1.053276 1.049559 1.046587 1.045287 1.04394 1.041295 1.034953 1.024973 1.016421 1.007776 .9968902 .9868578 .9758047 .9697079 .963411 .9556915 .950103 .9500371 .9470215 .9357107 .9276593 .9248462 .9274914 .9320304 .9358176 .9378737 .9364726 .9295897
.9392753 .9385179 .9383098 .9368557 .9348923 .9326637 .9311919 .9350154 .9386184 .9394762 .9413283 .9429994 .9439821 .9446841 .9439006 .942014 .9397032 .9404821 .9414684 .9428227 .9452487 .9511115 .9591585 .9663706 .9735761 .9799142 .9879239 .9986274 1.015892 1.034834 1.048097 1.055303 1.059798 1.060181 1.056691 1.051722 1.047662 1.043504 1.040594 1.037887 1.033323 1.024316 1.015652 1.007844 .9950451 .985005 .9733263 .9606688 .9555351 .9527311 .9475719 .9455733 .9467413 .9438691 .9336913 .9225505 .9190257 .9227623 .9287075 .932775 .9330225 .9272529 .9143454
.9358426 .9359999 .9362146 .9348342 .9331282 .9304903 .9301513 .9336601 .9359035 .9359715 .9371569 .9384745 .9397577 .9398738 .9381585 .936058 .9353382 .9368485 .9384071 .9399661 .9436586 .9480886 .955862 .9631679 .9696712 .9752493 .9830102 .9952685 1.013027 1.031934 1.046592 1.055083 1.056445 1.054715 1.052423 1.049251 1.045921 1.040574 1.032187 1.024994 1.014135 1.002951 .9942942 .9823267 .9704265 .9592355 .9520285 .9445046 .9434997 .9429505 .9380255 .9350775 .9324979 .926487 .9151152 .9069287 .9088187 .9127754 .9175822 .9207758 .9174955 .9067098 .8903931
.9305385 .9315205 .9321409 .9317375 .9295583 .9290746 .9286619 .9305161 .9316545 .9319101 .9326613 .9334887 .9344164 .9338644 .933786 .9323257 .9320746 .9338644 .9361879 .9385311 .9427758 .9469972 .9528658 .9587272 .963688 .9689336 .9760728 .9886573 1.007287 1.027992 1.045177 1.05142 1.051749 1.049592 1.045867 1.043365 1.039997 1.032567 1.020283 1.010252 .9997415 .9841976 .968788 .9581504 .9472003 .9437365 .9420606 .941386 .9429017 .9405628 .9332658 .9259779 .9188045 .9082675 .8991801 .9018294 .9077894 .9106757 .911366 .9097803 .9029824 .8874062 .8687564
.9262906 .9263015 .9265255 .9261023 .9242948 .9240074 .9247822 .9257365 .9266112 .927538 .9286325 .9291766 .9293095 .9295959 .930346 .9299552 .9288445 .9299203 .9322217 .9357315 .9421392 .9486997 .9542834 .959069 .9613268 .9643089 .9717128 .9856904 1.006994 1.030425 1.05032 1.054304 1.052914 1.048328 1.040359 1.032879 1.028469 1.019885 1.004175 .9933706 .9824906 .9676396 .9563754 .9523337 .9526062 .9568635 .9568543 .9560831 .9562562 .9474388 .9368504 .9279183 .9219592 .9185676 .9171568 .9227283 .9245659 .9250733 .9244209 .9186842 .9030616 .8836915 .8634173
.9225598 .9210216 .9201792 .9188825 .9168972 .9177063 .9196394 .9204556 .9213046 .9230099 .9243944 .9257208 .9257095 .9260585 .9266997 .9268689 .9258962 .9252693 .9270337 .9317064 .9393566 .9463744 .9546215 .958138 .9596953 .9638445 .97462 .9930601 1.019354 1.045821 1.062453 1.061381 1.056031 1.04717 1.037383 1.03082 1.024862 1.01274 .997134 .9837255 .9671249 .9566833 .9556552 .9623134 .9704124 .9760978 .9774926 .9752946 .9697077 .9564527 .9470606 .941017 .9413104 .9445883 .950601 .9560841 .9568781 .9551872 .9499764 .9380493 .9190934 .8971248 .8748286
.9191414 .9162245 .9143937 .9125735 .9109207 .9128687 .9150067 .917241 .9183369 .9185072 .9195111 .9202949 .9203378 .921069 .9223551 .9237056 .9236532 .9226088 .9247818 .9295052 .934532 .9410577 .948516 .9527003 .9581148 .9670539 .9830824 1.007628 1.03806 1.062551 1.069725 1.063058 1.053092 1.041829 1.032183 1.024321 1.015674 1.002836 .9884582 .9763868 .9631882 .9604868 .9695576 .9781252 .9887762 .992549 .9910073 .9856045 .9773029 .9698216 .9664331 .9655225 .9688417 .9765741 .98351 .9881458 .9871585 .9830996 .9720396 .9542114 .9328796 .9116306 .8879388
.9150332 .9121078 .9092942 .9078451 .908919 .9109 .9128636 .9136378 .9138295 .9130657 .9127241 .9134266 .9129048 .9155193 .9186904 .9204925 .9215406 .9232709 .9255894 .9293305 .9341357 .9383632 .9429185 .9486763 .9571372 .9712435 .99354 1.022519 1.054157 1.072996 1.072 1.059661 1.046767 1.034344 1.023515 1.013669 1.001768 .9881768 .9757934 .9692562 .9685185 .9777836 .9912695 .9990049 1.004011 1.003757 .9980379 .991247 .9871882 .9856736 .9870189 .9902964 .9943241 .9993973 1.004492 1.005042 .9996712 .9891271 .9736493 .9549433 .9352376 .9144085 .8923641
.9102415 .9086744 .9064248 .9050539 .9054759 .9079269 .9086675 .9080743 .907998 .9071403 .9060996 .9051998 .9054528 .9098968 .9144455 .9169098 .9180249 .9219576 .9267105 .9303865 .9332926 .938154 .9422494 .9472197 .956237 .9742942 1.00095 1.032734 1.060374 1.072399 1.065819 1.051769 1.038934 1.026981 1.017023 1.006884 .9928045 .9792041 .9687853 .9683872 .9774308 .9914603 1.003022 1.010534 1.011715 1.009508 1.004458 1.000044 .9989004 .9990321 1.000689 1.00397 1.006573 1.00897 1.009238 1.004015 .9940909 .9803746 .9639068 .9466497 .9290841 .9106858 .8906292
.9044557 .9031514 .9024954 .900785 .8999558 .900185 .9000951 .9002789 .9004954 .9005964 .9002368 .8991502 .899545 .9019207 .9048811 .9066659 .9088331 .9159928 .9225291 .9265527 .9312015 .936065 .9416701 .9474449 .9584118 .9777843 1.007049 1.039356 1.062251 1.068165 1.058995 1.044873 1.03415 1.024417 1.014395 1.00169 .9869646 .9732592 .9668653 .9724181 .9881683 1.002775 1.010707 1.013722 1.012622 1.0096 1.006523 1.004462 1.004399 1.005355 1.005967 1.006945 1.007535 1.007188 1.003822 .9963278 .9846026 .9708235 .9552578 .939853 .9239814 .9065535 .887161
.8992324 .8965652 .8958417 .8954052 .8937931 .8929468 .8932306 .8930519 .8934671 .8940347 .8947692 .8955127 .8942915 .895085 .8964146 .8973123 .9008084 .9079155 .9142669 .9201864 .9277976 .9339525 .9408633 .9502642 .9647509 .9884415 1.018806 1.047099 1.064778 1.06607 1.056121 1.044843 1.034973 1.026625 1.01473 1.000297 .9833052 .9709987 .9710846 .9872707 1.003053 1.010733 1.012274 1.011293 1.00835 1.004157 1.001663 1.000601 1.002707 1.003614 1.0036 1.003293 1.003148 1.000852 .9956617 .9874001 .9753662 .9628185 .9485003 .93392 .9187159 .8995688 .8807175
