py_wake/examples/data/AJ_ParqueFicticio/Rough survey   Sector 7   Height 30m   Power density.grd
DSAA
73  159
 258469   265669
 6501692   6517492
 .06159079   576.8319
[rows 28 to 55 of 159, columns 0 to 62 of 73]
59.77031 59.97749 59.65416 59.18015 59.05936 58.77829 58.75051 58.96879 61.00246 61.08994 60.91009 60.77789 60.45351 59.73379 59.97385 60.62322 60.44285 60.12608 60.0219 59.58504 58.66229 58.43427 57.71815 58.51699 59.3188 58.63534 58.21789 55.96159 56.01456 55.16935 53.29105 51.82642 47.8326 43.09815 44.67608 51.53292 54.51358 51.85178 50.41939 45.03957 42.3324 42.12922 42.22441 43.06234 44.78239 44.98158 41.68284 36.97361 36.67159 39.38431 42.83389 50.63688 58.75257 64.69955 56.4231 59.37467 71.11722 79.06915 74.35352 62.93568 47.29896 40.61203 31.53269
58.61979 58.9242 58.98773 59.39405 58.66888 58.57128 58.87601 58.90572 60.46898 61.09216 60.86153 60.8954 61.20992 61.2815 61.32199 61.47433 61.18287 60.94905 60.96741 60.59488 61.00049 60.07174 58.76731 59.13324 59.69048 59.5807 58.98411 57.39149 56.85581 56.66539 56.19855 54.73653 52.97905 51.17001 57.37962 61.76736 57.59685 55.27839 54.04131 49.23404 46.18002 45.52259 44.88727 42.81261 45.17196 48.74507 53.70567 58.04995 66.76263 75.6308 76.66811 71.96069 68.97215 77.22033 80.58505 85.73778 101.1041 96.0869 87.82528 76.33138 63.6951 50.26078 38.39547
57.77156 58.01949 57.97825 58.30192 58.36381 58.13153 58.22024 58.22117 59.71734 59.68108 60.13258 59.93158 59.485 59.53861 60.94186 61.51314 61.27744 61.11507 61.31921 60.77342 61.34475 60.79245 60.152 59.84467 60.61478 60.49107 59.72731 58.87844 58.29184 59.27283 59.79075 59.91929 60.64226 55.57633 56.8217 56.32079 56.4441 57.67079 57.12014 54.18407 48.81069 46.48482 48.31286 48.77651 45.95525 49.63746 60.70197 78.60406 101.1209 125.634 139.2239 141.2722 119.6708 106.7862 113.4862 105.9831 99.29675 82.25272 67.71233 56.22171 50.58715 44.27224 42.67273
56.9687 57.18673 57.54671 57.90175 57.63578 57.32573 57.26636 57.44821 58.56518 58.73734 58.88159 58.63269 58.52436 59.32281 60.33053 61.08599 61.41768 61.0252 60.42568 60.81912 61.62591 61.32855 61.05921 60.83783 61.02384 61.18218 60.78864 60.11164 59.77866 61.55102 60.19077 59.17354 56.71187 56.5144 56.77727 56.16697 55.55425 57.95495 57.31466 56.06612 52.47496 49.65925 51.47741 52.61271 54.55212 53.73463 55.02045 66.43959 86.5345 110.7025 140.6467 162.5188 172.061 148.6217 123.7241 104.233 82.90166 64.48958 47.52951 40.98923 42.84171 37.9335 53.17306
56.29408 56.85464 56.88288 57.29362 57.21902 57.16097 56.66344 56.40997 57.77228 57.78879 57.99318 57.63061 57.2117 59.08479 59.94322 60.47714 61.20874 60.8311 60.51541 61.6177 62.0829 61.86357 61.81723 61.62071 61.36061 61.75338 61.76255 62.58416 62.80656 61.06636 60.80629 60.39375 58.77937 58.21362 58.33398 58.80912 56.10647 55.63757 52.8233 53.71363 52.4319 48.37829 48.33648 53.78001 56.75723 63.73944 67.56734 63.4816 58.6638 56.59049 64.62199 80.88988 102.7866 110.5975 103.8546 87.7694 70.10014 54.58767 40.30964 39.00186 40.49646 48.75413 62.70779
57.26645 56.57683 56.73549 56.46765 56.85111 56.76185 57.08927 56.69022 57.47504 57.21191 57.30367 56.7162 56.99903 58.8317 59.31285 60.3423 60.72299 59.87891 60.65523 61.87589 62.66481 62.21158 61.70718 62.02435 61.68175 61.66105 61.9344 61.27409 62.47688 61.62925 61.21322 60.97797 59.64993 58.50268 60.60555 62.17986 58.57385 54.70233 53.41362 55.11798 51.71904 49.81599 43.16725 44.0198 53.25834 59.21716 68.72819 69.79443 60.93993 47.449 37.85403 36.25447 43.00618 56.85973 71.48376 75.78816 59.73501 47.29128 41.65179 44.44039 49.75528 68.04228 81.40492
58.15139 57.00048 56.62736 56.09901 56.14887 55.62451 55.95922 56.00952 56.87412 56.6273 56.39693 56.83382 57.08544 59.32036 59.48638 59.88761 59.95421 59.36994 61.57489 63.01549 62.71455 62.18881 61.52507 61.69732 61.71629 61.95662 61.55376 61.51023 62.21545 61.8827 61.66835 61.39466 60.12155 58.65739 59.34341 61.6673 60.80387 58.63789 54.20037 53.35284 46.72689 45.19817 43.65746 37.50768 41.7713 51.28324 59.71645 65.06486 68.55164 74.4263 72.89496 63.42384 54.05317 51.59946 58.98684 66.88477 68.26544 69.74927 72.63666 77.17914 74.20895 75.61095 87.3801
57.81954 56.50422 55.95831 55.73536 55.59825 55.02187 54.91291 55.17916 56.21281 55.7313 55.67042 56.09114 56.72696 58.57763 58.80817 58.44503 58.26194 58.5635 62.31319 62.96464 62.20174 61.36554 60.87028 61.1834 61.51372 61.75676 61.75117 62.02039 62.61948 62.58192 62.04849 61.59776 61.04124 59.91283 60.39614 59.23633 61.5877 62.20187 55.15953 49.00441 43.17831 39.53157 38.12267 38.48355 34.9761 48.77177 67.97308 87.35155 106.11 118.224 141.3617 155.9856 149.5966 125.7631 101.2969 96.40684 99.42875 113.3367 117.9805 103.785 92.47962 96.60634 100.1452
56.54908 55.50413 55.14517 54.8902 55.18277 55.75827 55.84647 55.28849 55.50241 55.15021 54.33445 54.50479 55.07005 56.79013 56.54735 55.86233 55.04711 53.82795 57.66831 60.87733 60.41312 60.10239 60.04997 60.82179 61.21825 61.17284 61.82873 62.33267 63.01901 63.36919 62.99009 62.17544 62.23617 65.81444 65.76593 63.9989 66.33994 67.38899 65.62117 62.07585 57.4202 52.61505 50.54524 48.35303 40.59812 42.14631 66.26561 102.7055 146.863 184.0297 205.0934 212.8886 214.7269 197.466 159.5723 132.5322 123.4026 127.1876 134.324 128.2351 153.6588 163.7587 161.7868
54.44833 53.68477 53.80309 53.81399 53.84086 54.69075 55.703 54.99656 54.23982 54.17853 53.7464 53.26739 53.25164 54.87056 54.47186 54.02447 52.96165 50.77394 50.79498 53.57591 57.14316 57.8713 58.73855 59.82183 59.73118 60.85723 61.65073 62.42751 63.15911 63.7416 64.23717 64.58064 65.47323 68.19296 68.69911 67.60594 68.37489 67.59759 71.19946 72.60989 76.59902 85.47942 89.83334 83.7886 63.10426 43.68459 42.82608 60.4575 90.47752 116.7471 125.3393 130.6898 150.7536 161.6453 153.0283 142.5396 133.653 131.4684 153.3631 181.0717 249.2746 284.5389 287.026
53.16266 52.66723 52.58846 52.87577 52.55425 51.61093 53.27456 53.44775 53.37066 54.16369 53.56923 52.50801 52.55161 53.618 53.68375 53.40357 52.44446 51.265 49.93979 50.04056 54.60171 56.13445 57.97227 58.91339 59.12702 60.57197 61.76878 62.49733 62.50657 63.10643 63.51473 64.23174 67.24397 70.3285 72.34435 72.40032 69.97323 70.96835 76.51429 78.8898 84.90913 97.37023 114.4668 126.4652 117.1324 86.26467 53.07976 39.64019 39.48856 46.20274 45.70452 48.24562 56.34275 76.93495 103.6645 115.5824 124.5963 139.4186 179.7553 247.1049 324.0951 376.0056 392.869
52.69283 52.32184 52.1013 52.27156 53.0042 51.87203 53.0579 52.81634 52.86056 53.65124 53.60775 53.53262 55.36103 55.35684 54.37275 54.07758 53.20612 52.8338 53.03343 55.61684 57.38285 56.25129 57.1341 57.95249 59.58193 60.84825 61.5694 61.91062 62.33732 63.00562 64.02319 65.52605 67.86934 71.75234 72.15601 76.34282 76.31288 80.28446 82.02148 83.5075 91.24158 104.0132 123.8551 144.1338 159.7231 140.8286 119.3162 85.18729 54.1946 49.59838 49.90255 55.40374 63.7019 72.30883 97.19083 126.0446 145.8532 162.9283 210.8031 262.5041 305.4739 362.0839 396.3973
53.08743 52.6212 51.87662 51.8598 53.20349 54.75362 54.93756 53.40686 52.27699 52.99072 53.46735 54.70846 57.98068 56.41145 54.88164 53.62243 53.40339 54.09466 54.94677 58.53041 58.52589 56.66936 55.91693 55.66073 58.02744 59.67653 60.44843 61.7425 62.95029 64.91234 67.0248 68.42432 69.42629 71.98094 74.05819 77.14548 79.99797 87.73807 94.13914 107.9544 128.7896 150.49 166.8617 179.0749 194.8135 209.381 215.2465 214.3812 170.4713 123.7349 120.7558 140.423 162.0967 175.4175 172.6899 166.2241 174.7577 199.3445 239.944 228.791 229.1707 258.1881 286.0689
54.54769 52.65029 51.70694 50.8296 51.11294 51.75759 54.13681 53.24533 51.33239 51.21832 50.40054 49.71029 53.43518 53.87353 53.1394 52.86379 52.99754 53.11536 54.32603 57.57212 57.87096 56.67159 55.1379 52.14414 52.41072 56.82965 59.34806 61.95096 63.48715 66.3569 68.75552 70.52044 72.5237 75.73549 77.35321 80.59559 87.91694 94.5582 108.9061 136.1266 169.4852 204.4157 231.3997 250.3356 264.8138 313.0726 346.8825 349.3099 349.1709 309.0175 263.6237 244.8104 248.4659 253.7991 229.2828 208.996 192.6429 215.044 225.7502 178.2055 122.3694 109.1792 140.1852
55.24197 53.35151 51.72247 49.59633 47.74963 49.29853 52.58803 51.25863 49.35085 48.46829 48.02327 46.24314 46.35863 49.92169 51.05849 51.03901 51.45678 51.32903 52.85709 56.02909 56.71023 56.52171 55.3984 54.42269 55.66751 57.82392 59.3232 61.32278 62.99664 66.31906 68.52495 70.82829 72.03423 78.24983 82.58705 86.89032 94.77043 104.3653 115.1987 128.8111 152.9942 167.444 187.972 209.2983 240.1608 276.6754 314.233 305.5201 306.6354 302.6344 287.4886 269.2303 250.8566 224.625 182.9821 173.829 172.0022 196.2514 218.0533 175.5486 115.3002 73.8975 67.40335
55.3842 53.96344 52.36161 49.92606 46.10061 45.65711 49.39526 49.01867 47.6152 48.29019 48.05425 46.50105 47.92664 49.86542 49.98426 49.78411 49.98621 49.45362 50.31213 53.21842 54.37124 54.60532 55.27991 58.89104 60.90134 59.57663 59.37621 60.26765 60.69053 64.4408 68.0041 69.16422 72.8755 79.83795 82.98705 86.83662 92.50552 95.59055 93.13969 83.84879 92.32065 98.17126 104.7128 124.3321 136.6201 131.0877 107.3828 105.672 116.4716 126.501 140.8317 132.395 103.6345 81.81839 83.22359 105.6204 148.1263 181.4941 179.2664 160.2805 120.4277 79.00354 47.23854
55.76416 54.85112 53.7155 51.52876 51.93959 49.06592 47.04178 46.5535 47.14729 48.77467 50.08308 51.82572 52.00176 51.58843 50.24844 49.93291 48.93206 48.29708 48.52742 50.41427 51.27651 51.37183 51.10201 51.95298 57.17145 56.94506 57.06863 57.49951 59.60649 65.13348 66.69137 67.50871 73.58825 79.40746 78.91495 82.48832 87.23272 88.25134 82.27465 69.79551 62.63629 67.14564 71.00057 66.05674 47.18646 32.12037 27.32511 26.12239 28.42157 33.18724 33.84636 32.56615 35.72545 47.26367 64.60979 93.87765 129.7104 162.4315 163.1906 137.1206 102.5458 69.14176 47.01033
55.22452 54.71853 53.94412 52.44574 54.85764 54.79243 52.75127 47.73486 46.75522 48.72985 50.38329 53.04311 54.00857 53.07547 51.38979 49.89942 48.47824 48.09915 47.75892 48.55732 48.67733 48.53326 46.91538 45.46198 47.84338 51.32793 52.34768 52.19461 54.10797 59.4643 61.06081 60.71927 68.19328 74.25525 72.54128 76.51286 81.90608 84.49672 81.55138 71.98894 59.59109 52.9045 46.53548 33.65178 27.05554 28.19534 39.64204 55.93888 61.85342 53.9793 54.79549 51.81177 58.01347 80.71641 125.385 136.145 135.5236 118.604 111.4934 122.7248 125.4632 110.5075 85.78545
54.21805 53.8154 54.23946 54.57504 55.45941 55.49758 52.86092 48.46178 46.11135 45.86443 48.4576 51.12721 53.6567 53.42521 50.74177 48.7565 48.19043 48.45038 48.82706 50.16496 49.12209 47.80245 47.08336 46.03978 47.45038 49.51168 48.66849 47.59393 47.01189 48.45171 49.92298 47.79729 49.77211 61.16295 60.87943 68.413 73.94907 76.6696 80.06002 82.70077 75.12154 65.22573 57.35121 63.93887 89.92967 122.8091 154.5465 183.823 179.8255 163.3117 137.1576 124.5809 130.2629 157.9268 191.2435 190.378 148.5459 100.1269 68.18747 63.92749 86.40452 113.8392 124.1449
53.03507 52.32277 52.1338 52.7901 53.23992 53.35704 52.38254 49.22588 46.24889 44.76598 46.62845 48.24462 52.63852 52.56813 49.3386 47.34333 47.17776 48.14895 49.04839 51.12694 48.86455 46.95397 47.56329 50.72905 52.61584 49.95147 46.30609 43.9931 43.29842 42.5631 42.65828 42.69612 42.68069 49.51148 49.34775 55.77763 62.49639 67.25416 73.50531 82.06197 92.15836 101.2782 114.4523 128.6359 150.2457 166.0661 161.1466 140.2482 108.4304 94.51649 102.9556 142.7847 192.4913 207.683 207.2531 199.6538 173.694 141.0144 101.1415 59.13147 42.23011 45.72057 67.68043
52.09019 51.06767 50.14004 51.24484 51.26027 51.39013 50.97141 49.87288 47.47753 47.89085 47.11415 45.94522 48.44666 50.1683 46.74276 45.58754 45.35519 45.50264 46.33849 48.72568 46.40211 44.89255 43.58497 42.40838 45.79648 46.56018 41.80575 41.37147 41.62876 42.65734 43.12216 42.04003 41.98152 46.12056 48.04222 51.55349 56.65443 60.13341 63.5428 70.4265 81.65769 93.18768 102.8789 118.8638 123.1295 102.1896 69.26712 54.16711 52.92317 60.87996 90.91395 145.7984 186.8705 206.0143 183.1786 158.6005 143.9198 169.0811 161.8436 120.4462 72.30153 35.93285 25.18266
52.00865 50.48204 48.98929 49.2053 50.00721 50.44216 50.44404 49.1092 48.23301 49.02805 48.64471 46.10454 43.80983 44.77214 44.3119 43.92858 44.07519 43.05019 41.47285 44.63539 43.12869 42.01254 40.55629 39.77081 38.86275 39.98369 38.68018 38.74718 39.29251 38.72714 41.19761 44.66166 49.82785 51.0756 50.28902 53.0667 55.19679 54.80666 53.96369 54.77289 55.34504 57.61187 54.53842 54.73397 47.88208 41.15141 43.60443 58.44137 86.45019 122.9484 152.2122 155.9665 165.6719 155.2966 115.5307 87.92822 84.1823 100.1884 124.6012 146.5699 117.5542 82.01708 38.4882
52.05882 51.41678 50.92294 52.04818 51.04779 50.96368 50.27818 49.23382 50.21359 50.70636 50.86115 49.91026 46.86593 46.55327 44.54937 44.03966 45.05406 44.45768 44.3107 44.84201 42.34536 41.56641 41.30498 42.09835 43.61905 42.74733 38.76466 37.6071 38.17344 37.75391 37.90794 39.93434 41.93539 42.35441 44.03528 47.73557 50.49346 47.70713 46.04293 45.65724 43.837 46.25711 46.2562 45.83272 46.11954 49.57734 73.72306 109.4995 145.5918 170.2535 173.2202 155.3515 127.721 113.6452 85.24462 56.03849 45.19075 54.00159 72.92709 103.4028 126.4913 117.311 100.4639
51.14762 51.29987 51.63786 52.42132 51.57499 50.48572 50.11799 50.92905 51.47325 52.42642 52.49813 53.07491 51.17338 48.4772 46.39412 45.194 46.13568 48.60883 50.33658 47.33292 44.21336 42.32941 42.59389 44.70553 45.96968 44.0117 40.50315 39.71432 39.20918 38.01888 35.67813 33.21357 32.86997 31.1496 33.07526 35.31181 38.57808 37.05967 37.31186 37.883 37.5758 44.83041 53.18617 63.31406 75.95695 94.43285 113.9698 133.5086 144.4125 140.3887 127.0414 113.1034 94.39039 81.20094 76.52406 58.98774 36.90057 29.42712 36.56536 56.96513 87.94592 116.6098 129.0611
49.75979 49.46578 50.00671 50.73908 50.83307 49.70226 48.88894 50.1478 51.54718 52.68703 53.13564 53.01998 51.72034 49.45051 47.11993 45.08801 44.13189 45.97582 46.77163 47.00465 46.44098 44.6195 45.86776 48.15466 47.30692 45.66352 45.41302 46.12568 43.22966 39.15634 36.4532 35.57343 32.76628 28.12281 26.15892 24.89618 24.91828 28.25276 32.63239 31.03065 29.78057 33.10349 40.4612 54.17299 72.52234 93.44936 110.4722 114.7829 112.8205 107.3074 97.4329 88.77172 76.24488 70.04791 67.60858 75.35516 54.42474 31.02222 26.58298 34.64046 54.81118 78.12588 94.47459
48.89075 48.71611 49.70293 49.6548 49.72557 49.48134 49.44419 50.08305 51.57837 52.43235 53.14546 53.13234 51.66512 49.87002 48.17786 45.82174 44.15524 45.07547 45.19 45.30939 47.38256 50.68988 51.28711 50.29308 49.23746 47.83605 48.52367 48.43896 45.6905 41.2159 38.99633 38.56705 37.57457 34.39872 32.93856 33.745 33.84326 29.36176 33.62409 37.75523 31.09883 26.78664 29.09943 35.87564 47.41593 60.47882 70.99575 81.26 86.62727 94.33524 99.32819 91.8297 68.90028 66.36514 56.93804 65.64272 73.53438 58.2323 42.59078 40.08802 40.01556 53.70903 60.02731
48.78439 48.95527 50.49586 50.18901 49.6379 49.73149 50.93147 51.11651 51.63298 52.43556 52.89523 52.78832 51.45737 49.93932 49.56537 49.83387 50.55843 48.87608 46.41228 44.18765 43.29817 45.32185 47.00548 48.8436 49.0495 48.99103 49.78938 49.72218 47.23937 45.19394 39.68213 36.30111 38.05168 44.28141 48.69562 55.76891 55.16207 46.37117 45.66323 55.44241 61.20879 44.77436 36.76142 31.86104 36.08465 44.1249 53.14151 69.40838 85.65804 94.32254 85.01029 72.15118 62.64474 61.69169 53.3815 51.84386 67.61845 78.8733 71.7971 58.64986 43.45402 48.28381 58.2184
49.75253 51.02321 51.39035 50.31977 49.22539 49.84883 51.15774 51.86522 52.0409 52.22423 52.34503 52.5936 51.15064 48.99509 49.17826 49.7111 50.95358 49.9007 47.66229 44.49976 42.13039 42.83171 44.23652 46.07415 47.37294 47.233 48.56536 50.58335 50.93318 49.90116 50.71016 52.07689 54.71948 61.35472 69.28644 76.87625 85.79841 77.35596 65.04227 75.15757 83.74279 86.7411 69.79272 55.41703 48.19125 46.76938 49.42624 54.44586 66.89566 67.17973 54.60219 51.91338 51.03604 52.78202 47.98816 42.58902 44.75554 57.91782 69.5702 66.51226 62.53911 55.51142 55.81369
