py_wake/examples/data/AJ_ParqueFicticio/Rough survey   Sector 10   Height 200m   Power density.grd
DSAA
73  159
 258469   265669
 6501692   6517492
 188.6714   2388.28
[rows 112 to 139 of 159, columns 0 to 62 of 73]
1120.771 1159.136 1188.8 1236.36 1314.039 1408.134 1512.221 1626.984 1734.28 1833.533 1924.333 1974.256 1907.235 1737.35 1545.366 1373.49 1276.599 1243.237 1191.656 1112.201 1036.383 996.1814 962.1366 1003.563 1139.581 1273.911 1305.889 1227.133 1103.81 973.6933 880.1783 822.7751 789.3956 771.3201 763.8404 769.8395 810.329 927.3019 1105.749 1265.975 1360.967 1347.542 1207.105 1012.357 836.8643 709.21 630.016 591.3589 596.3411 657.8854 726.4004 747.5646 698.1942 617.4568 542.7022 493.6342 458.9388 424.2552 382.2401 325.4463 266.8186 236.444 230.9189
1137.297 1188.758 1233.606 1287.703 1373.229 1477.887 1588.327 1705.143 1811.497 1900.427 1977.596 2000.09 1910.163 1722.983 1523.729 1377.274 1322.621 1304.779 1234.881 1116.576 1003.768 934.7645 905.1113 951.1197 1076.664 1202.802 1212.19 1111.692 989.584 887.2887 821.6137 806.6901 814.9478 812.6747 823.7078 850.4658 902.464 1013.966 1175.306 1327.513 1423.281 1407.343 1254.527 1042.48 855.7319 721.7358 640.0352 587.5531 576.9481 608.3862 653.4605 668.4697 637.1679 581.2206 527.9586 489.4049 460.41 431.9072 393.9467 344.1143 291.2913 259.104 249.3904
1171.717 1228.707 1288.307 1347.995 1435.101 1552.734 1677.966 1785.417 1876.874 1955.574 2015.73 2010.978 1887.303 1687.219 1499.108 1388.409 1379.094 1367.343 1280.021 1146.163 1018.592 914.0058 863.1113 890.5566 992.6506 1098.282 1107.537 1006.993 895.7369 820.0247 780.6163 783.9528 814.5518 844.6624 888.3421 943.7952 1018.653 1127.697 1261.451 1377.705 1450.781 1426.012 1269.226 1055.651 872.2373 738.4641 652.247 594.2217 567.8333 571.1669 588.4464 598.2138 581.4739 552.1932 518.2957 488.1698 460.6649 434.028 402.3293 362.9304 321.4916 286.8761 272.7493
1222.466 1285.295 1348.342 1419.303 1516.2 1640.549 1765.093 1866.557 1944.059 2003.284 2041.118 1998.824 1851.34 1650.219 1489.798 1418.867 1424.725 1413.004 1325.505 1192.312 1061.11 938.376 851.7935 834.7662 901.5599 982.4666 995.6804 910.3215 823.0297 772.3772 753.6426 766.0177 802.3107 849.4443 931.98 1041.633 1155.115 1263.414 1351.106 1410.415 1444.017 1399.902 1249.899 1055.228 882.3056 755.4487 663.6501 596.8343 555.9706 541.0436 540.8276 542.866 534.0604 521.59 505.0067 482.2549 459.5465 431.9246 405.1691 372.9081 342.7014 315.349 298.0035
1268.237 1335.748 1411.711 1499.948 1610.572 1739.165 1851.638 1938.135 2005.874 2053.82 2055.874 1962.495 1800.181 1620.086 1497.542 1453.905 1457.74 1439.686 1352.673 1232.084 1101.646 974.9395 870.7958 812.2854 825.3367 876.9731 887.1862 830.1382 766.8441 741.0568 736.4264 744.478 780.1458 858.5267 974.4718 1126.03 1289.556 1409.424 1449.547 1427.513 1394.646 1330.405 1196.255 1033.256 886.772 767.2598 671.582 597.2875 544.6373 517.1717 511.6456 512.5104 508.5768 498.6828 490.2941 474.8888 454.7532 430.033 405.0768 378.4255 356.317 334.6294 321.7757
1303.124 1379.091 1466.448 1573.369 1698.735 1821.59 1930.044 2007.641 2061.716 2086.208 2029.95 1906.656 1743.115 1593.859 1511.051 1491.357 1489.211 1455.923 1367.944 1245.538 1114.829 992.2308 893.6109 823.9612 792.424 795.4059 794.692 761.7604 729.4254 725.9242 720.4681 722.2975 776.9398 882.266 1020.543 1206.626 1409.808 1527.384 1506.851 1405.381 1316.121 1232.077 1123.342 998.8063 875.545 771.1132 680.4756 601.2379 542.9703 508.41 496.1653 496.09 495.6422 488.2399 478.8221 467.3135 450.5612 427.3117 399.975 375.8884 361.9788 348.7991 340.5725
1329.523 1416.551 1516.772 1640.578 1771.739 1893.357 1997.316 2072.203 2105.718 2079.863 1974.123 1829.733 1674.519 1553.483 1514.922 1526.098 1511.33 1455.4 1353.317 1228.94 1092.88 977.6403 903.3387 847.4999 801.574 756.8256 726.0909 704.7891 708.4683 718.061 707.4083 713.4663 791.0699 907.65 1055.083 1275.788 1500.708 1612.598 1541.933 1375.072 1226.182 1125.318 1044.438 959.6664 856.579 768.3934 683.2895 608.187 549.0914 510.8591 493.7433 492.9655 491.5645 486.8741 477.9171 465.8339 450.56 429.4759 400.9341 373.987 359.5578 355.333 354.4517
1349.585 1447.407 1568.961 1704.813 1843.846 1963.773 2055.869 2110.527 2119.716 2047.739 1918.538 1759.573 1611.832 1516.29 1500.622 1531.096 1524.288 1454.542 1340.402 1207.714 1071.164 955.9453 884.4009 856.9373 822.4562 760.571 701.1598 674.1923 686.8444 700.7197 691.662 715.0407 807.1516 926.5158 1083.266 1318.083 1562.249 1679.626 1567.155 1334.631 1137.706 1024.373 965.0048 917.3981 832.7061 751.0529 679.8017 613.147 559.3765 520.4248 496.1347 493.1559 490.5506 485.6483 478.5883 468.7592 453.3398 432.0963 401.5959 373.5337 359.4901 363.2422 369.2274
1391.878 1502.906 1634.127 1776.442 1910.493 2019.096 2088.634 2111.81 2085.944 2003.236 1874.042 1705.521 1558.56 1476.981 1473.628 1506.796 1517.071 1456.312 1334.048 1198.838 1060.193 939.4948 869.2299 854.0218 834.1819 775.4753 715.3609 670.8856 666.9868 678.0412 676.0076 720.0095 818.6089 936.7187 1117.487 1370.677 1602.239 1703.236 1572.723 1311.418 1078.096 938.5365 884.709 864.449 803.8756 730.5116 664.8935 612.9039 569.4594 530.9781 503.1014 490.4838 485.2817 482.4391 474.7749 465.7097 448.6023 422.2929 391.8384 369.6877 363.5718 371.7639 387.3747
1464.004 1576.274 1710.124 1856.255 1981.761 2067.658 2111.194 2069.917 1981.925 1911.701 1828.655 1682.27 1542.597 1455.755 1444.046 1467.159 1471.416 1427.682 1330.17 1209.809 1075.243 947.4566 864.3448 840.1707 827.1874 784.8468 739.049 693.4653 661.4785 654.83 665.119 721.9815 818.9219 948.4781 1160.254 1415.331 1624.658 1677.573 1534.527 1281.32 1043.925 885.7255 818.6118 801.1597 766.4995 713.1768 660.9636 615.8647 578.759 546.2481 516.9975 492.4545 481.6327 475.973 467.7958 457.666 437.804 404.3025 375.3874 365.8918 371.4138 388.3304 407.8325
1559.604 1678.753 1808.488 1948.109 2055.503 2110.817 2110.546 1992.142 1846.971 1768.489 1746.917 1667.302 1557.241 1473.317 1434.985 1421.526 1415.701 1375.918 1302.279 1207.593 1097.482 974.8802 881.5237 834.7645 813.2749 784.1542 753.5751 721.1729 677.8213 643.1801 654.6171 711.636 814.0693 982.8384 1211.87 1460.101 1628.831 1611.948 1458.935 1229.59 1014.638 859.5349 778.4841 751.1473 727.4134 693.0106 658.4618 624.0587 592.4753 563.2384 531.6311 501.5978 479.3748 467.0594 456.1772 441.6756 419.2459 386.3559 366.998 373.4779 391.5738 413.0581 431.6961
1670.506 1807.34 1940.521 2059.6 2138.556 2153.366 2074.905 1899.765 1704.928 1614.572 1624.445 1611.497 1562.148 1504.57 1451.17 1405.705 1376.755 1329.24 1266.32 1190.703 1107.202 1006.765 912.3625 844.3755 803.8498 778.496 758.1562 739.2554 695.7579 649.2979 642.2766 698.1841 824.2761 1018.161 1258.192 1487.675 1598.686 1539.918 1365.487 1150.337 968.4512 839.7944 761.8596 723.0593 698.7676 672.5206 645.537 621.2737 597.5351 572.1448 540.649 510.0753 482.0042 458.7268 441.1524 424.516 401.2815 380.4762 373.6425 390.1384 415.5875 437.7868 456.9482
1782.793 1950.788 2084.706 2187.237 2232.59 2192.636 2030.245 1804.563 1578.38 1477.887 1491.312 1509.784 1518.046 1503.843 1458.758 1402.601 1353.469 1305.239 1250.295 1193.675 1122.833 1043.596 950.8456 862.2858 805.4593 784.5894 775.0479 762.4453 717.7757 655.5744 629.357 692.7921 835.988 1042.115 1279.435 1473.301 1539.167 1462.75 1276.535 1072.145 913.1553 816.8195 758.079 722.4752 692.9839 662.9009 638.8293 613.5591 589.1614 564.1946 537.9129 506.3857 474.3142 446.6668 426.8085 415.1768 395.5544 390.9971 390.4856 405.5585 433.3888 461.9467 480.6473
1876.602 2067.036 2216.353 2301.858 2301.494 2192.433 1994.586 1738.724 1491.875 1367.113 1368.586 1399.358 1438.205 1455.543 1430.673 1375.778 1322.654 1287.16 1246.199 1204.09 1144.47 1069.002 973.0795 877.1667 811.6729 797.2267 808.8757 809.0346 758.4725 673.9827 626.9103 683.4737 835.0172 1043 1265.181 1425.089 1465.836 1372.995 1198.344 1013.432 872.6633 790.0767 749.3701 722.9018 697.332 669.2399 643.8508 614.6089 579.6385 548.3713 518.6144 484.4256 451.4389 428.9785 418.5218 416.2079 415.3908 420.5366 420.5865 421.148 442.8248 476.6764 501.2136
1956.288 2154.224 2303.769 2374.74 2325.774 2170.885 1974.306 1716.718 1467.025 1306.15 1267.564 1292.445 1341.646 1385.206 1386.797 1346.167 1287.943 1258.308 1244.351 1213.734 1150.929 1072.031 979.0582 890.1507 836.3975 827.7804 856.1061 862.3413 806.1909 705.7617 638.7991 678.6006 820.9854 1024.676 1225.33 1354.635 1370.975 1287.132 1133.723 966.6511 848.603 781.5602 739.7081 717.2558 694.3206 670.0347 649.9237 623.099 574.8528 529.0543 487.913 451.9799 425.7066 416.4721 422.9247 435.1273 450.7479 464.0974 461.3176 440.7739 448.1514 482.9531 512.3145
2010.509 2207.339 2344.222 2388.28 2296.502 2131.546 1956.688 1730.189 1485.556 1298.276 1206.583 1198.77 1244.714 1301.082 1338.759 1321.506 1262.126 1230.301 1223.138 1189.23 1131.049 1053.955 965.0461 898.3411 876.9472 888.543 913.8649 913.907 852.9407 742.813 661.4655 683.6618 817.2776 1001.29 1165.686 1260.51 1266.425 1199.803 1072.736 931.4742 828.1072 773.4222 743.9007 721.0182 694.6226 668.053 645.705 624.7216 578.5802 516.9697 453.5219 413.4192 400.9158 414.6211 442.9813 472.0392 498.8802 518.704 504.4583 463.8041 454.7864 484.8927 509.6539
2030.676 2213.693 2317.562 2319.475 2213.581 2057.095 1924.106 1742.827 1526.629 1336.592 1201.808 1140.978 1154.378 1210.024 1275.912 1303.219 1251.196 1203.533 1186.557 1144.184 1086.83 1020.314 946.5469 900.8028 913.0062 948.5458 972.6289 958.3853 890.4921 785.079 691.8979 699.9995 816.3499 964.7134 1091.37 1159.986 1157.222 1110.032 1018.578 907.7083 821.6314 771.1548 742.9852 724.3745 704.0641 673.7472 642.1063 614.5565 575.0264 506.4952 429.2197 383.4985 385.5144 424.0242 474.9159 516.6352 549.2356 567.0524 543.1858 491.0152 465.8026 481.6752 499.3141
2030.883 2170.974 2226.825 2184.707 2081.824 1965.982 1879.356 1739.424 1551.694 1378.46 1233.745 1125.701 1091.594 1130.093 1210.205 1274.373 1248.77 1186.913 1137.885 1093.494 1032.743 981.1772 923.5966 898.0999 939.0235 1000.581 1030.272 1007.468 930.5224 827.1472 733.6153 727.4854 808.624 916.6218 1008.619 1057.099 1051.182 1019.968 970.2396 890.1049 825.0779 776.0232 746.9064 725.0208 708.2418 681.3073 646.0366 601.4227 553.8821 485.3459 408.2269 365.1545 378.4098 438.3332 508.7031 557.8607 587.2646 601.1199 577.1934 526.4354 488.3362 477.6569 487.6249
2032.554 2097.685 2086.307 2012.904 1915.191 1853.677 1827.578 1726.955 1583.333 1427.627 1278.967 1146.882 1062.999 1066.428 1134.935 1218.495 1241.526 1184.418 1103.125 1033.281 980.5051 940.8948 894.3453 890.9774 955.414 1038.386 1089.961 1070.914 993.9037 879.5886 786.4718 757.4941 803.7211 871.2397 929.2686 960.6927 955.3878 943.8406 926.9072 889.9742 835.6873 785.6475 758.5372 737.8041 716.7933 683.3702 646.9732 595.5135 528.9441 457.1476 389.1094 357.1016 381.5378 454.6593 533.0049 581.7571 609.7374 626.5688 615.2031 571.0906 526.3116 499.1136 492.1326
2030.895 1995.736 1917.942 1828.806 1740.601 1724.654 1761.11 1727.424 1634.086 1502.643 1352.648 1199.383 1080.563 1019.636 1058.556 1144.437 1209.577 1181.97 1090.092 998.5577 936.0543 902.4943 869.4799 879.4223 956.9478 1055.917 1137.435 1138.426 1061.718 940.7563 840.3811 804.1408 815.5165 839.4285 862.8077 878.207 877.201 878.6906 886.3038 878.1427 839.2485 804.3425 777.852 762.6568 738.864 699.4408 647.2683 584.4182 508.9709 429.3556 374.636 358.098 391.6827 465.5067 538.149 586.8462 617.0081 642.3428 641.7967 614.5352 570.6425 533.4929 516.5653
2004.828 1867.596 1743.145 1652.977 1586.208 1605.616 1678.505 1703.825 1669.617 1563.49 1424.167 1257.139 1111.289 1011.551 997.8372 1071.858 1151.671 1153.426 1081.579 984.3788 906.5654 868.5762 847.4386 867.6486 956.2609 1074.5 1174.022 1198.655 1108.515 985.746 888.5222 850.3953 848.2723 843.3275 824.4025 809.5228 815.0508 826.1937 844.0827 852.2803 838.2434 820.4406 799.2645 787.0736 761.8566 715.9512 658.2562 578.0726 487.3919 411.9262 372.2426 365.2833 399.7081 465.1728 531.5788 578.2789 612.5883 645.2324 659.695 652.4713 616.2347 574.1865 549.8032
1957.705 1740.038 1577.121 1493.258 1454.249 1505.044 1598.818 1661.486 1668.738 1597.803 1465.05 1299.965 1143.052 1026.735 973.1343 1011.264 1082.66 1100.918 1060.225 980.3078 898.8448 850.9543 833.0099 865.6609 963.7362 1091.512 1194.212 1214.502 1125.21 1001.068 907.3465 880.0032 878.8863 859.6268 821.284 780.4334 768.1192 782.0715 804.1976 820.1599 827.7949 819.0285 807.2897 799.3131 771.8642 723.9101 661.0765 578.2851 482.486 411.4339 381.3996 376.4255 399.3885 452.8608 515.3941 561.3522 598.9422 634.6487 664.1439 675.5722 654.2509 619.2537 593.9911
1916.507 1634.835 1436.94 1356.739 1346.238 1425.911 1530.119 1608.184 1644.747 1612.375 1499.304 1338.003 1179.763 1050.791 973.7021 974.3322 1021.929 1037.779 1020.887 971.1894 900.3388 845.8883 827.2867 864.4066 972.8326 1103.498 1205.701 1211.643 1122.297 1002.58 913.7391 880.9316 878.3117 864.9875 824.5657 776.9501 743.0781 743.2419 765.7218 796.4016 816.3798 818.5119 811.127 797.7458 768.3154 717.0688 651.4561 576.9406 491.1453 425.9588 400.1463 394.6494 403.5028 440.549 496.0589 541.8642 576.5328 616.4168 653.0474 680.4772 678.054 660.6866 638.2192
1877.007 1568.945 1340.538 1244.227 1276.188 1369.076 1468.137 1540.368 1590.744 1575.63 1491.62 1367.442 1220.531 1091.887 998.0983 961.0433 974.2784 983.4359 976.5074 948.1196 896.562 852.6569 833.221 874.8685 992.4426 1130.375 1215.682 1194.707 1104.257 998.1378 918.8582 875.6917 862.0723 852.6573 816.3163 774.4573 738.3213 727.2501 738.8117 772.2678 804.375 819.2924 812.4779 788.6788 752.1976 699.4879 639.3116 574.6704 508.8024 455.6837 426.7155 416.4897 417.5428 436.3154 477.9139 518.154 552.3782 588.272 630.0861 668.1172 687.7312 687.0474 679.8571
1821.139 1521.186 1281.7 1175.042 1226.597 1327.843 1415.008 1482.827 1528.127 1511.517 1449.479 1357.147 1249.106 1129.916 1034.781 977.986 951.9632 944.6024 944.9229 918.925 882.8396 853.2943 834.2932 884.2923 1009.648 1152.916 1225.971 1180.475 1070.629 974.7545 910.9357 874.3654 846.7867 827.7394 804.1565 773.3859 739.2259 718.681 725.5112 757.2126 792.7142 817.296 812.1046 774.2423 729.3718 680.5937 628.4794 579.1487 533.3409 492.7904 459.0025 441.7227 433.0462 442.489 468.0834 499.3606 528.6876 561.1752 597.264 643.1167 680.5062 700.498 704.5336
1746.8 1479.251 1245.408 1134.67 1182.181 1285.536 1377.966 1444.545 1476.554 1451.448 1391.185 1324.463 1241.91 1135.66 1053.058 1002.587 952.5776 930.04 919.7137 905.0248 876.9817 856.2054 841.9604 898.316 1031.388 1178.569 1244.991 1163.64 1038.976 934.496 880.2088 857.5898 834.2956 805.459 784.6647 761.5294 734.418 718.0059 723.1996 746.8937 781.6021 807.2842 798.8011 759.6993 716.7446 672.6712 630.4528 600.7349 567.6567 526.9787 491.7594 468.2195 456.0527 457.6833 468.9522 486.4109 508.2934 533.6923 564.0272 608.5292 658.6277 695.8522 714.9432
1654.762 1421.21 1218.039 1106.665 1149.797 1252.178 1353.512 1416.687 1431.476 1396.104 1337.444 1274.064 1211.091 1122.309 1049.519 1007.544 965.5093 936.5109 921.3885 906.3372 876.7463 857.924 847.3153 909.015 1039.768 1180.469 1236.286 1157.932 1026.324 910.8218 853.2598 833.8115 825.2556 801.2086 777.9414 756.879 737.0749 726.6696 722.6064 731.6505 762.8167 785.8823 773.8074 742.8538 707.6444 675.9877 643.6614 619.4409 592.9655 550.3517 518.6839 498.7686 484.3614 477.5315 476.0316 483.4501 496.119 511.5665 534.1826 571.6157 625.7965 676.9111 710.1141
1561.837 1358.86 1188.085 1086.291 1121.409 1230.42 1344.841 1396.045 1391.104 1367.853 1308.088 1235.469 1173.333 1101.386 1033.718 1000.003 965.5563 944.4022 945.0929 936.1258 892.8984 861.3296 853.5983 908.9554 1028.656 1157.059 1216.812 1151.409 1021.443 905.5516 838.939 811.7904 810.2347 796.3315 780.7703 763.3744 750.9301 742.9777 734.7686 726.9111 748.5704 764.0228 748.8121 722.5097 699.6885 677.9404 649.8177 627.6628 600.4991 562.5813 538.3677 526.0985 513.9503 498.7333 489.8747 489.8533 499.0724 505.4001 511.8429 536.9076 585.9507 644.7219 693.1641
