py_wake/examples/data/AJ_ParqueFicticio/Rough survey   Sector 8   Height 200m   Weibull-A.grd
DSAA
73  159
 258469   265669
 6501692   6517492
 5.886637   12.32152
[rows 28 to 55 of 159, columns 0 to 62 of 73]
8.554347 8.56278 8.562179 8.561663 8.560712 8.557935 8.559005 8.55376 8.559377 8.560769 8.559914 8.554669 8.54463 8.531585 8.522738 8.508095 8.491598 8.477165 8.466999 8.453399 8.434591 8.415679 8.385673 8.352107 8.31305 8.264534 8.221557 8.181265 8.180035 8.158706 8.130439 8.10316 8.034494 7.947697 7.913335 7.958618 7.968903 7.911053 7.867461 7.782225 7.717408 7.69222 7.655656 7.631927 7.593876 7.546283 7.506407 7.494968 7.549743 7.665423 7.837217 8.073467 8.365457 8.62066 8.823589 9.054773 9.269721 9.293782 9.120405 8.832542 8.503727 8.214869 8.013009
8.546716 8.552332 8.55965 8.561974 8.562502 8.563751 8.564116 8.555902 8.562125 8.568065 8.568729 8.55684 8.549708 8.531087 8.519071 8.510799 8.490041 8.480524 8.470721 8.456078 8.440129 8.412453 8.377542 8.34633 8.310256 8.272449 8.235226 8.196885 8.179512 8.169283 8.15321 8.123894 8.064401 8.000689 8.002992 8.033758 7.992011 7.932818 7.886055 7.811616 7.752455 7.724342 7.69105 7.649686 7.6335 7.630033 7.654363 7.727891 7.840734 8.005403 8.193714 8.416977 8.681149 8.919362 9.12901 9.328541 9.45519 9.383716 9.112411 8.784726 8.463799 8.211025 8.118109
8.542985 8.548431 8.549962 8.558824 8.562617 8.560437 8.560282 8.553597 8.554466 8.560761 8.564133 8.561374 8.541102 8.513206 8.504866 8.504447 8.493696 8.479116 8.467877 8.456547 8.437409 8.406028 8.377604 8.339861 8.314903 8.283177 8.248281 8.222569 8.192861 8.188002 8.175951 8.155614 8.106665 8.044198 8.014215 8.006072 7.987729 7.955866 7.907476 7.857924 7.789815 7.748425 7.74191 7.730747 7.706468 7.73142 7.806874 7.951683 8.119189 8.325718 8.522368 8.738455 8.977458 9.176382 9.372665 9.510858 9.517028 9.331442 9.007328 8.666842 8.372094 8.208548 8.283118
8.539645 8.543343 8.545698 8.553368 8.556703 8.553062 8.553411 8.54775 8.551959 8.553233 8.554771 8.552856 8.546101 8.505936 8.491982 8.491511 8.49252 8.483744 8.468487 8.448308 8.432098 8.401111 8.376288 8.345214 8.316975 8.286857 8.264931 8.239718 8.220157 8.206628 8.185168 8.146928 8.085649 8.044664 8.01805 8.004187 7.974161 7.946929 7.903424 7.862825 7.814588 7.77999 7.791658 7.810883 7.829276 7.861377 7.944582 8.094943 8.289952 8.467825 8.672774 8.91 9.14486 9.32594 9.48731 9.547088 9.460135 9.206948 8.862346 8.542231 8.328638 8.283468 8.521852
8.541014 8.543361 8.543433 8.549166 8.549522 8.549801 8.544023 8.543735 8.545073 8.545274 8.545145 8.543093 8.535563 8.518986 8.494647 8.487333 8.489973 8.480287 8.470653 8.441314 8.423976 8.396894 8.372178 8.348783 8.314282 8.296062 8.274787 8.260065 8.246951 8.214868 8.190407 8.157094 8.099333 8.05923 8.04246 8.026803 7.987066 7.931548 7.881187 7.853434 7.83331 7.801655 7.807491 7.858783 7.916951 7.99492 8.08664 8.202615 8.332294 8.479559 8.666809 8.886587 9.107756 9.303572 9.461408 9.492403 9.357767 9.094506 8.784326 8.519195 8.39972 8.489909 8.819791
8.551051 8.543037 8.54321 8.543084 8.544998 8.548291 8.545177 8.542996 8.541155 8.544043 8.53973 8.534157 8.527222 8.517984 8.510548 8.494428 8.490216 8.475732 8.464908 8.437862 8.41344 8.3861 8.360162 8.342601 8.316073 8.292511 8.282071 8.270083 8.254768 8.228081 8.192671 8.164005 8.119184 8.08153 8.06315 8.053825 8.009512 7.93598 7.8814 7.85685 7.83114 7.815097 7.810167 7.874585 7.983282 8.090721 8.193455 8.308618 8.416956 8.525005 8.686287 8.869225 9.062414 9.252843 9.39776 9.450921 9.298359 9.067314 8.825267 8.645305 8.605768 8.779429 9.121064
8.550909 8.541814 8.540268 8.538563 8.538794 8.537951 8.53532 8.533809 8.534877 8.536466 8.536729 8.536148 8.525898 8.521813 8.519996 8.500816 8.485681 8.475289 8.453232 8.435137 8.397006 8.370761 8.344075 8.331329 8.316969 8.302266 8.288224 8.275483 8.255081 8.228477 8.197127 8.171794 8.137469 8.109299 8.070729 8.057674 8.028208 7.967071 7.898859 7.84575 7.812848 7.814798 7.842191 7.922278 8.042492 8.194568 8.315265 8.437798 8.580838 8.739066 8.899506 9.074676 9.235816 9.365605 9.460844 9.493669 9.366158 9.209913 9.030778 8.89915 8.906522 9.111014 9.435682
8.537826 8.530771 8.532594 8.529322 8.53138 8.529045 8.525681 8.528329 8.528799 8.529766 8.534001 8.530784 8.521143 8.512875 8.513388 8.497087 8.487203 8.462274 8.440207 8.41014 8.370972 8.349482 8.328974 8.320264 8.315057 8.310795 8.295628 8.278229 8.261787 8.236526 8.211848 8.182124 8.160316 8.1371 8.104997 8.072418 8.060467 8.024094 7.940712 7.867968 7.833645 7.849178 7.921225 8.030526 8.174972 8.353481 8.524933 8.684554 8.853644 9.045562 9.22648 9.403185 9.544454 9.623593 9.661448 9.6631 9.570668 9.450187 9.307118 9.205224 9.298576 9.523008 9.791423
8.515638 8.511328 8.518731 8.52416 8.527077 8.532581 8.533582 8.528696 8.522322 8.522965 8.520708 8.518412 8.510265 8.497969 8.492914 8.489379 8.470081 8.437181 8.393699 8.37188 8.338901 8.326492 8.321404 8.31578 8.313368 8.31216 8.293375 8.281012 8.269332 8.248198 8.22576 8.203021 8.18639 8.185323 8.170941 8.140809 8.114344 8.092832 8.028566 7.984849 7.992476 8.030112 8.114017 8.243971 8.385037 8.553769 8.74533 8.926524 9.11284 9.298367 9.452751 9.600917 9.71747 9.800145 9.843639 9.841528 9.778836 9.677829 9.572363 9.590948 9.793316 10.06674 10.23478
8.49768 8.495725 8.505591 8.514104 8.523345 8.527369 8.517985 8.517039 8.516989 8.515492 8.509275 8.502029 8.49586 8.477645 8.472241 8.463948 8.436761 8.40683 8.357024 8.323772 8.310493 8.307334 8.313336 8.317649 8.303736 8.307712 8.296152 8.284986 8.27417 8.257979 8.246782 8.23945 8.229062 8.235833 8.240596 8.218403 8.1737 8.146825 8.133612 8.128699 8.181216 8.290004 8.411658 8.54183 8.671848 8.780684 8.897012 9.039209 9.174714 9.308069 9.439466 9.55568 9.672585 9.786028 9.890251 9.954668 9.92449 9.875177 9.868937 10.04616 10.35825 10.62782 10.74161
8.495907 8.492935 8.500084 8.504481 8.507853 8.508036 8.499408 8.504992 8.509129 8.508745 8.499378 8.490012 8.482147 8.476665 8.457802 8.44245 8.410732 8.379383 8.343646 8.302005 8.303471 8.310366 8.316177 8.319291 8.308581 8.304684 8.301 8.288142 8.276021 8.264656 8.256231 8.262401 8.276629 8.287387 8.299104 8.291354 8.23989 8.223628 8.247809 8.28133 8.383444 8.543152 8.714567 8.871182 8.981212 9.05895 9.100224 9.142485 9.169724 9.237686 9.3339 9.443786 9.587685 9.743642 9.900149 10.03071 10.07408 10.10117 10.18672 10.49791 10.8224 11.04482 11.07376
8.498089 8.498446 8.499854 8.505174 8.505839 8.500566 8.502974 8.501418 8.50306 8.504908 8.500352 8.494781 8.491655 8.478017 8.455074 8.429418 8.406379 8.375537 8.350456 8.340138 8.33035 8.321946 8.32202 8.322358 8.313601 8.304708 8.302331 8.292734 8.283114 8.285645 8.285052 8.297147 8.319742 8.334371 8.351674 8.365913 8.34448 8.330517 8.364676 8.449571 8.602553 8.801207 8.99935 9.177255 9.308565 9.373626 9.407713 9.431636 9.40632 9.379346 9.453465 9.573418 9.723689 9.88571 10.04498 10.19491 10.27235 10.34524 10.49376 10.79101 11.054 11.15223 11.08862
8.497668 8.49966 8.499248 8.50516 8.511101 8.511762 8.508193 8.499272 8.497392 8.501484 8.503046 8.504474 8.488485 8.460621 8.441452 8.418237 8.400448 8.377441 8.364358 8.357082 8.350007 8.327221 8.32177 8.316553 8.299999 8.297206 8.298268 8.299815 8.306123 8.317163 8.327737 8.343761 8.363235 8.387951 8.412504 8.44351 8.43742 8.452966 8.521713 8.673766 8.870698 9.092353 9.295833 9.462057 9.604518 9.693921 9.741568 9.784736 9.787165 9.776795 9.811893 9.904958 10.05191 10.18394 10.30309 10.39818 10.48206 10.56242 10.70281 10.85614 10.93704 10.90996 10.76884
8.507748 8.497816 8.491735 8.492493 8.500829 8.492746 8.484548 8.478944 8.476972 8.48411 8.490245 8.475514 8.448503 8.421511 8.41103 8.399911 8.385375 8.371591 8.358234 8.356125 8.344393 8.333961 8.31242 8.295754 8.285153 8.287369 8.304478 8.325768 8.336996 8.346223 8.36671 8.388386 8.414493 8.447144 8.478975 8.516711 8.545324 8.577449 8.699024 8.887624 9.105324 9.327404 9.513487 9.670003 9.807076 9.916156 9.964965 10.00222 10.05693 10.12169 10.16797 10.19855 10.28801 10.37859 10.44025 10.51995 10.5912 10.66207 10.70525 10.65682 10.56765 10.42861 10.27047
8.507474 8.497747 8.491709 8.478358 8.474962 8.479868 8.463632 8.4492 8.447205 8.453233 8.451359 8.43894 8.408611 8.391058 8.388271 8.379876 8.376811 8.361859 8.3455 8.335893 8.328266 8.322131 8.308528 8.299919 8.303497 8.312043 8.324207 8.342858 8.352308 8.365425 8.386061 8.413507 8.444878 8.494003 8.54234 8.585862 8.628453 8.696711 8.841675 9.012649 9.191171 9.365242 9.516347 9.661258 9.776805 9.845078 9.863663 9.881178 9.963361 10.06866 10.14114 10.17554 10.22626 10.27909 10.34899 10.46278 10.57475 10.6322 10.58005 10.42336 10.18026 9.936031 9.740587
8.501396 8.494235 8.486876 8.472686 8.465528 8.45724 8.440698 8.425457 8.422345 8.432971 8.433144 8.42096 8.408909 8.392947 8.382387 8.368093 8.356704 8.345042 8.325756 8.308828 8.30634 8.308305 8.316423 8.320723 8.320608 8.32271 8.329453 8.344507 8.362728 8.373026 8.398644 8.427606 8.473668 8.52111 8.570892 8.626266 8.672408 8.746209 8.857809 8.994946 9.128359 9.24294 9.355094 9.439878 9.472878 9.459186 9.425893 9.46727 9.560317 9.648782 9.75728 9.839849 9.901723 9.994773 10.15255 10.35396 10.51734 10.53324 10.38278 10.16098 9.855325 9.56366 9.304846
8.489829 8.484231 8.47783 8.46481 8.448928 8.430387 8.415541 8.410211 8.418917 8.421977 8.435187 8.433903 8.420251 8.394361 8.369879 8.353745 8.333712 8.315603 8.297754 8.286642 8.283009 8.290519 8.298149 8.298521 8.285696 8.293242 8.312677 8.338468 8.360084 8.382876 8.396565 8.431724 8.483846 8.527618 8.577045 8.628281 8.683683 8.74683 8.837867 8.920333 8.99998 9.076763 9.12188 9.115517 9.051512 9.003464 9.005107 9.067233 9.199544 9.332822 9.434704 9.528084 9.6657 9.861341 10.1127 10.34546 10.45965 10.37828 10.16891 9.874678 9.564639 9.273679 9.040925
8.478352 8.4757 8.469024 8.453242 8.442355 8.429736 8.419433 8.411473 8.418421 8.417771 8.435685 8.434474 8.416635 8.388943 8.358168 8.335153 8.313543 8.295289 8.281429 8.262795 8.265073 8.264998 8.262938 8.248479 8.242537 8.245809 8.275232 8.301306 8.330339 8.343243 8.370602 8.408211 8.455134 8.501898 8.551422 8.602649 8.675661 8.737209 8.811949 8.866309 8.911065 8.950408 8.945776 8.901161 8.875281 8.914741 9.016449 9.131154 9.248913 9.34747 9.439925 9.568071 9.771827 10.04205 10.30693 10.45883 10.40725 10.1938 9.885274 9.59427 9.329097 9.097613 8.913303
8.465421 8.46452 8.46037 8.448718 8.446822 8.435056 8.43115 8.419404 8.420836 8.421272 8.421547 8.413727 8.393779 8.367504 8.333336 8.310489 8.294341 8.281414 8.273258 8.267043 8.254875 8.25249 8.246393 8.23063 8.222557 8.229675 8.233759 8.251669 8.271409 8.283861 8.306553 8.34823 8.388092 8.447281 8.503092 8.565313 8.641547 8.713135 8.787115 8.859263 8.914492 8.947041 8.96574 9.013601 9.080265 9.183427 9.286226 9.390403 9.458749 9.541788 9.648962 9.836241 10.08552 10.34284 10.5323 10.54721 10.33414 9.984612 9.612593 9.300717 9.08054 8.928094 8.809974
8.450279 8.446959 8.444071 8.4274 8.423656 8.436008 8.433375 8.429459 8.424872 8.421403 8.406671 8.391139 8.364877 8.326902 8.293859 8.277297 8.271808 8.269335 8.271084 8.261647 8.244211 8.237887 8.238531 8.236978 8.218492 8.198184 8.185918 8.188949 8.204374 8.220399 8.247318 8.291711 8.332558 8.388886 8.443996 8.520683 8.599463 8.693728 8.769855 8.857285 8.946774 9.03239 9.121967 9.200704 9.286006 9.347631 9.372395 9.395687 9.434314 9.549243 9.760462 10.06098 10.36605 10.56437 10.60339 10.46254 10.1835 9.806395 9.427085 9.084129 8.843445 8.678856 8.584787
8.435607 8.427749 8.420596 8.409846 8.412915 8.424532 8.429295 8.430781 8.424754 8.408112 8.395535 8.358133 8.323822 8.280881 8.253768 8.245979 8.241226 8.244276 8.244149 8.221181 8.205532 8.202989 8.20138 8.181953 8.15547 8.136444 8.127201 8.136429 8.157675 8.183949 8.226295 8.257934 8.297006 8.348434 8.401097 8.477818 8.561499 8.653702 8.736465 8.828077 8.919399 9.016102 9.101414 9.173739 9.216779 9.201838 9.196876 9.248642 9.37842 9.597082 9.904456 10.22507 10.47476 10.55616 10.43119 10.19195 9.901994 9.58968 9.268992 8.951392 8.704079 8.506483 8.351911
8.426146 8.417666 8.403278 8.399149 8.410105 8.421417 8.430773 8.423831 8.410525 8.38833 8.351591 8.314927 8.276724 8.236968 8.224649 8.22566 8.223237 8.20925 8.195754 8.180709 8.167105 8.159896 8.146284 8.122544 8.094479 8.082753 8.090911 8.111382 8.12995 8.160841 8.205807 8.251887 8.294049 8.32888 8.372614 8.443042 8.516808 8.588757 8.672611 8.737372 8.814898 8.87694 8.92976 8.979084 8.981505 9.022001 9.110976 9.292892 9.542097 9.822103 10.10816 10.32706 10.41773 10.33126 10.08554 9.782969 9.51723 9.271136 9.019978 8.804637 8.597272 8.41711 8.26755
8.416543 8.414411 8.411433 8.420149 8.428028 8.433322 8.436176 8.42272 8.402222 8.372293 8.331936 8.289553 8.242585 8.233912 8.227829 8.223475 8.221072 8.199294 8.181873 8.166213 8.152969 8.13967 8.130814 8.111631 8.105804 8.11341 8.102524 8.104149 8.120419 8.146568 8.17638 8.207995 8.23363 8.261884 8.315453 8.381848 8.433972 8.493468 8.573721 8.639879 8.704007 8.763645 8.81415 8.86349 8.936012 9.063299 9.262084 9.504106 9.764033 9.995761 10.17719 10.26055 10.19173 9.994082 9.71688 9.400194 9.134415 8.938734 8.762507 8.609479 8.490721 8.375528 8.267622
8.402161 8.411544 8.420853 8.434031 8.44063 8.442947 8.439452 8.421103 8.394365 8.36824 8.329954 8.294876 8.261708 8.238769 8.230949 8.221433 8.21917 8.208653 8.190536 8.184617 8.167304 8.144156 8.131795 8.122991 8.126178 8.13738 8.125751 8.115581 8.128016 8.149963 8.161872 8.164164 8.16827 8.18943 8.244626 8.30545 8.350219 8.399026 8.470711 8.554152 8.629775 8.725097 8.813044 8.926315 9.066586 9.249712 9.46192 9.665956 9.846061 9.972786 10.03961 10.04872 9.898852 9.651034 9.402358 9.117133 8.857424 8.674308 8.533978 8.431851 8.356257 8.321595 8.28834
8.3941 8.40819 8.412799 8.429012 8.437392 8.439857 8.430601 8.413435 8.390354 8.364285 8.335715 8.30504 8.272668 8.243483 8.230192 8.212241 8.195967 8.180569 8.177252 8.188296 8.189681 8.167463 8.149952 8.148741 8.15069 8.156349 8.15207 8.150528 8.149467 8.158474 8.171826 8.172958 8.16871 8.189389 8.230595 8.272449 8.315931 8.394534 8.464751 8.531198 8.612867 8.703407 8.825148 8.970728 9.15236 9.341831 9.521554 9.661677 9.761736 9.827104 9.854337 9.823928 9.633678 9.367778 9.127763 8.916528 8.706851 8.533874 8.407981 8.316286 8.24618 8.21323 8.205316
8.399578 8.40852 8.419119 8.434721 8.442946 8.437862 8.429716 8.412099 8.391886 8.366592 8.339761 8.308679 8.278695 8.253832 8.227918 8.208909 8.185676 8.163699 8.164349 8.174123 8.195176 8.1878 8.165423 8.169962 8.177329 8.180166 8.171595 8.171865 8.16905 8.178488 8.192115 8.217184 8.230907 8.283745 8.331545 8.393181 8.461325 8.494439 8.559164 8.651271 8.697885 8.759492 8.872217 9.010361 9.176786 9.326603 9.452005 9.553802 9.627978 9.676551 9.687243 9.619165 9.416147 9.145425 8.909021 8.730892 8.61799 8.514742 8.397607 8.272162 8.175694 8.106185 8.079036
8.41031 8.4256 8.437544 8.44526 8.448499 8.450402 8.433382 8.4161 8.393175 8.372236 8.336699 8.312277 8.278103 8.252692 8.228207 8.21109 8.194259 8.175874 8.170316 8.165155 8.161525 8.151042 8.139783 8.165013 8.188694 8.189351 8.18206 8.176584 8.175156 8.204724 8.25558 8.304287 8.346309 8.415057 8.505495 8.597905 8.664603 8.706932 8.750211 8.84268 8.903029 8.943035 8.996413 9.083849 9.195408 9.291635 9.384185 9.465759 9.512417 9.528522 9.483088 9.387608 9.207703 8.953242 8.723017 8.59923 8.54162 8.504736 8.400594 8.272381 8.110959 8.018989 7.987184
8.426699 8.444584 8.453291 8.457451 8.453801 8.446122 8.437078 8.412541 8.394594 8.370393 8.348244 8.31181 8.280499 8.252866 8.233452 8.21065 8.204597 8.190794 8.183721 8.170487 8.152866 8.131652 8.136453 8.158662 8.183109 8.185051 8.186765 8.186307 8.207842 8.283057 8.381553 8.474863 8.523454 8.60453 8.698503 8.801672 8.8873 8.937267 9.003312 9.079933 9.147567 9.185825 9.205339 9.215243 9.24971 9.287002 9.343701 9.373584 9.369871 9.323685 9.254356 9.178109 9.019483 8.779457 8.56486 8.481666 8.456749 8.455676 8.364245 8.228666 8.063262 7.950495 7.901892
