py_wake/examples/data/AJ_ParqueFicticio/Rough survey   Sector 9   Height 200m   Power density.grd
DSAA
73  159
 258469   265669
 6501692   6517492
 168.9136   2068.485
[rows 0 to 27 of 159, columns 0 to 62 of 73]
588.0299 588.661 589.0527 587.8194 587.6661 586.688 585.8861 584.8536 584.2578 583.1158 581.5264 580.752 579.232 576.2031 573.1479 568.2113 562.3644 553.2512 543.1368 531.081 525.5049 535.6954 562.9146 593.1842 608.2814 609.6761 610.5745 629.3106 645.277 649.3744 650.364 656.3076 658.9032 658.1904 660.5959 673.6989 693.8938 713.7729 711.6627 704.8143 701.8568 692.8244 685.0759 673.7288 671.6781 662.097 652.7412 641.5545 633.9286 626.9698 619.9031 615.8048 614.7609 613.7221 613.6637 614.6731 616.9073 618.6945 616.1757 617.3239 617.8318 617.1945 612.9872
583.2549 585.7313 585.1429 584.2368 582.727 581.9225 581.5182 582.1392 581.1854 579.7081 577.958 576.425 574.8521 573.0714 570.9832 566.1474 559.939 551.2708 541.0414 528.837 527.1694 545.1888 579.8111 611.5002 625.4886 627.872 630.0433 645.8381 657.9452 663.0984 664.5339 667.7817 671.3519 671.0702 671.9745 683.1544 692.6929 701.6816 703.8612 689.9924 677.552 675.7099 675.2436 672.1951 665.9042 657.2375 648.0408 637.3219 627.6735 621.0222 615.0518 613.0104 609.9297 611.2628 614.058 615.7632 619.6885 622.4448 625.6537 628.7732 628.0424 627.7921 625.8839
583.223 583.3568 581.3595 580.1494 578.2971 577.4241 577.5424 577.4395 577.6489 577.5591 575.4454 573.2925 572.0611 570.3307 569.6804 564.6458 558.5571 550.3352 542.0405 532.6594 534.9235 556.264 588.0345 618.8672 641.5819 648.6805 648.1155 655.1638 665.6155 670.9441 675.6878 679.4703 681.1985 680.4756 677.3124 677.6353 683.864 687.2157 682.603 670.1066 661.9036 656.2636 657.5806 663.637 657.8107 649.6031 640.6115 631.9376 623.002 613.9613 606.6652 606.3678 607.5143 609.8265 612.6119 618.0518 622.638 627.2094 633.004 638.1631 637.6056 643.4375 639.9113
582.8624 579.913 576.9344 575.7939 573.6774 574.0187 574.744 574.9043 574.9486 575.5148 573.8768 571.4774 570.4805 569.4482 567.9807 564.4162 559.3643 550.8966 543.1943 536.8777 542.7525 567.1082 598.9789 629.5986 652.2516 660.1893 660.6895 666.1392 671.1084 676.9595 682.8592 690.8988 688.9559 679.5982 671.0695 665.6758 664.5856 671.4172 659.1136 644.2672 635.0477 645.8131 649.3796 653.4414 652.9038 643.8728 631.3214 620.8264 615.7826 608.1268 604.2728 605.0648 606.29 608.9532 614.239 620.15 627.6553 634.359 643.3651 651.428 658.3521 660.6369 658.3275
577.8439 574.6232 572.7024 572.1234 571.1305 570.9749 571.7866 572.59 573.197 573.3821 572.6387 569.888 568.5812 568.9246 567.5948 564.0938 559.4131 553.6542 546.8578 543.826 553.8296 577.0594 610.2877 641.27 663.5402 672.374 673.3484 673.5922 674.9836 679.9333 686.0944 692.8232 680.3513 662.6198 652.148 643.9979 644.1125 642.2169 637.3699 612.0701 611.0511 627.5209 651.5688 652.1998 650.2251 638.4396 621.1957 613.3423 607.9251 605.3892 602.4506 603.59 603.45 605.0084 611.2818 620.1371 632.1508 641.8782 648.5267 666.9806 676.3082 678.8573 673.7905
574.6114 568.1253 567.4846 569.5709 569.8228 568.0191 569.4646 572.3451 572.7993 572.1331 571.6039 568.6744 565.7002 569.9018 567.5008 564.356 561.7956 558.6468 556.1929 557.8641 570.7867 595.5374 622.0406 650.1682 671.7287 679.8029 678.1773 675.6754 673.6277 676.4214 678.1854 674.0192 654.4217 636.0005 622.6456 615.7321 617.6104 618.8798 605.3421 581.0749 601.6301 628.1522 650.168 655.2802 644.6537 624.8308 612.1877 609.138 604.2083 599.134 595.0319 593.9807 594.4718 598.8765 606.5491 620.6906 635.7351 650.3171 666.7421 684.2639 693.4379 692.6535 678.8547
570.9829 566.3075 563.3377 563.9068 565.9857 566.1057 569.7517 573.1457 573.3625 572.2974 570.1867 566.7222 564.1773 567.583 567.6524 564.003 564.1248 564.2161 564.2145 566.1997 581.3708 607.1426 635.6027 659.3759 674.7382 679.8043 678.361 673.2307 667.0305 662.0984 656.9839 646.9615 630.1068 611.8649 600.5186 592.4423 591.4689 589.8007 580.8068 576.4337 596.1808 640.7286 655.5446 640.9886 625.3583 612.4868 606.8821 607.9275 602.0383 591.5313 585.1924 579.5624 581.7031 587.3791 600.9974 620.2005 639.9822 659.9088 676.705 698.6852 703.7725 687.7442 650.6077
570.9221 567.1415 564.6653 562.4261 562.8555 564.1886 569.2025 574.4869 573.7531 571.9631 567.9135 564.0057 564.384 566.2341 566.6627 565.0201 565.6633 568.4266 571.4687 578.851 593.251 617.0504 644.1782 662.1053 670.865 671.5037 671.0369 665.0057 654.3483 644.0767 631.9496 620.0054 608.2726 594.32 583.8081 573.855 572.1124 568.1747 566.459 578.4891 608.18 630.9468 640.0438 619.5573 599.449 601.8304 609.4274 608.3776 589.8607 574.5676 568.306 564.4869 565.0418 571.5278 595.9368 623.6251 647.9962 668.3325 685.4022 695.8181 683.2743 645.6168 594.0117
570.6953 567.5611 565.7975 564.9009 564.7012 566.6772 572.3896 574.4409 574.4003 569.3524 564.4214 563.0002 563.4173 563.2969 563.723 564.6991 566.6221 572.455 580.8082 590.6227 602.392 618.6882 638.4227 650.7794 657.9908 659.575 660.642 653.9203 639.831 623.8843 608.451 596.7536 585.3912 573.9658 565.5982 556.0121 551.7374 551.4872 562.3674 577.4603 599.6586 614.8973 601.4636 586.4406 583.5627 595.8884 598.4634 588.5128 569.9114 551.1359 542.986 539.5325 540.264 561.778 594.548 629.1972 654.4145 674.0186 684.7469 673.7327 628.7865 579.3417 525.4691
570.209 567.0334 565.8334 567.3617 569.5225 573.8168 579.6302 579.9529 572.6719 563.7968 558.1974 559.9343 561.1098 560.2126 559.4349 562.4087 567.9717 573.1058 585.3084 596.489 607.5512 618.6482 629.0728 640.3898 648.1078 647.8445 647.2999 639.7312 621.8434 602.0635 587.5146 576.0107 562.7802 552.3759 543.1127 535.7227 537.42 543.2738 550.5215 560.8925 577.1027 580.7411 571.16 559.3649 570.5906 579.374 569.8219 556.8743 539.7537 523.1095 516.3342 511.8875 522.7861 560.3798 606.5364 636.3038 659.2883 671.6612 668.2372 641.5012 587.826 527.395 478.7858
569.6829 567.63 565.9888 569.194 571.7238 575.4902 578.17 577.1513 566.2141 552.6888 551.3068 557.1999 560.0303 556.3223 557.3739 561.8952 567.8491 574.5168 580.9239 592.2027 603.9398 613.1013 622.2898 632.9447 641.2476 640.0399 633.5355 623.0976 604.4589 584.3182 567.3708 554.4932 546.2298 535.9904 527.3785 522.543 524.0388 529.1403 534.7593 542.9996 547.3721 546.8724 541.2676 544.1167 553.3627 546.0703 536.7377 522.9495 510.3637 495.0443 490.5979 496.9875 524.1618 566.6686 616.6925 642.2234 654.4054 653.4265 639.5478 600.887 548.258 491.7268 454.975
569.8003 569.2015 569.2502 571.9448 573.8635 574.4639 573.6633 561.8962 548.9775 538.0756 544.8302 557.0704 560.1673 556.0748 554.101 561.7542 574.7794 576.6396 576.6254 581.2748 592.8593 605.2155 619.5735 625.2342 627.7004 626.6824 610.4115 602.5832 590.2587 566.4927 549.6894 538.1349 530.235 523.8552 515.9437 512.0429 514.1323 517.0557 522.7501 524.1956 525.8644 522.651 521.6038 523.2209 525.8073 518.5887 502.1661 496.5001 486.5163 477.553 479.0576 498.1009 536.9717 580.8097 609.0276 620.5363 625.7251 608.1485 587.322 556.3863 511.9876 470.7585 450.1834
570.0878 569.9743 571.832 571.9209 573.077 573.6783 567.2965 552.2806 532.5831 528.9175 548.2062 561.2832 559.39 553.7623 554.2338 562.9214 576.36 579.572 578.952 578.4013 585.1241 599.4502 615.5095 617.6552 614.599 608.9933 598.0752 584.4868 568.3306 547.1273 530.8487 519.1182 513.0532 508.972 504.1065 502.8663 503.2098 503.8941 505.2917 506.2063 505.562 503.5089 502.748 504.2566 503.3487 494.1938 481.8904 471.8881 465.9203 469.2831 477.6186 501.3167 534.4713 566.9862 584.2117 580.3154 563.3094 553.0565 532.9675 504.3874 478.6995 464.2928 454.7016
569.0217 571.3199 571.6271 571.4255 571.7408 569.0227 561.2889 547.7769 531.7517 533.684 549.5548 560.3882 559.0997 552.9509 555.157 568.3619 576.1125 578.9104 583.214 582.0272 585.0847 594.7604 605.8442 605.5192 598.7693 590.0131 577.1575 563.1163 543.6588 527.9598 514.8539 504.5204 497.4662 493.2818 493.6575 493.5665 493.8481 491.3527 488.3398 485.6202 484.6088 483.5274 481.6463 485.7635 482.1504 474.3906 465.0284 457.8529 456.878 458.8801 471.7954 494.0201 514.8343 525.8864 532.8271 521.7142 509.2744 501.649 492.0391 487.1931 476.5421 470.6831 466.0258
570.343 571.5449 571.2072 570.7432 569.553 565.4844 557.1246 546.4156 536.5372 535.9769 548.3624 559.2698 560.1273 559.2106 563.8886 573.085 579.0026 585.1318 588.8691 586.6036 588.7687 594.2562 595.1573 591.6511 585.7136 573.4177 559.2565 544.0742 529.2589 514.6835 503.9327 492.6617 486.1476 482.5766 484.5129 488.2631 486.6188 480.356 472.2219 466.3786 464.1026 463.9403 464.0795 467.6713 463.8623 455.1031 448.2134 447.0576 449.6367 455.61 464.6937 473.1691 481.5672 485.2754 483.4764 481.6255 482.3392 490.0188 499.0639 502.7374 508.0002 503.2138 492.778
570.7759 569.9199 568.4301 568.2293 567.5158 562.7216 555.3759 546.4623 539.2664 537.037 548.3165 557.6035 561.3505 566.1539 573.4797 578.4246 580.1929 584.8281 588.4919 584.6625 587.1878 590.035 584.2567 578.3718 572.7698 562.8248 547.4083 531.2838 516.5319 504.9246 493.863 483.133 473.4023 473.4065 482.4192 488.6007 483.7351 471.3701 457.3776 446.8922 446.7865 450.994 454.2973 455.2119 449.5575 440.9874 438.6943 441.4326 450.087 457.3714 460.2327 459.343 460.0222 461.6439 465.1024 474.6459 495.3619 524.116 544.8019 554.4948 554.1819 549.8099 528.1945
569.8479 569.0756 566.8734 566.1742 565.0699 561.5301 555.3898 548.0276 543.0568 543.6254 548.8077 556.7495 563.285 569.9371 576.1581 576.6846 576.2581 580.657 584.7177 582.8961 583.0433 583.9252 578.2717 569.52 560.7859 553.3378 539.9115 523.3129 509.3539 498.5028 489.1577 474.2272 463.352 470.1776 491.8557 497.8665 486.8302 465.6005 441.3575 425.7094 432.6013 442.2989 446.3415 447.6248 443.6655 436.8989 435.1796 443.6294 456.3071 465.8608 466.5313 461.0057 460.4788 466.6644 483.3583 509.0917 544.2385 575.965 599.0569 610.2437 606.3704 581.8754 548.3866
569.3365 567.2632 566.1276 565.0896 563.7321 561.0489 555.731 551.3313 547.9843 548.624 553.2506 558.1963 564.5571 571.3063 574.5414 575.7751 574.7864 576.2822 577.719 577.8279 576.3118 577.0962 574.2794 567.1033 558.7928 547.3279 532.9295 519.0917 507.8481 499.5674 486.9 467.6273 462.35 481.2267 505.5029 509.3934 489.0145 460.4949 427.8565 412.9353 424.0379 435.4852 442.7979 449.2166 449.3693 446.7028 446.5706 455.7884 474.0111 483.9289 481.3925 474.4935 478.635 495.9188 524.1424 559.3195 596.0075 624.8357 640.0427 640.4329 628.3735 602.3521 562.5709
568.6844 566.4124 564.7594 564.2607 562.7924 560.7729 557.4838 554.0045 552.0103 553.2109 558.6093 561.8478 564.2325 568.7712 572.0951 574.3524 573.6127 574.1 574.5323 573.8516 572.3399 571.0166 567.6581 564.1988 556.5167 545.2755 531.721 519.5145 510.6853 502.2281 486.1996 465.4909 472.373 496.3615 515.9761 516.5869 493.1938 453.9586 415.8678 401.4763 420.2895 440.1866 453.3513 462.3294 467.2562 468.8188 467.3179 479.5757 498.1162 506.0137 498.8076 491.9276 498.4278 522.4977 554.7299 591.8772 622.9957 647.2702 656.7217 652.9861 639.3983 611.7825 571.2339
568.1024 565.6575 563.351 562.2699 560.8688 559.7886 558.376 557.6362 555.7466 556.9032 562.1748 562.9536 562.6533 567.0184 569.0598 571.6295 571.7299 572.3862 573.0964 572.4045 569.2156 566.17 564.8606 561.4891 554.9017 542.609 529.1942 519.0566 512.3644 499.9804 477.7715 466.7525 483.2801 507.9687 520.4298 517.5607 488.9698 445.0096 402.5266 397.5874 425.7411 455.6213 474.917 484.8135 490.6762 489.753 489.3327 501.2876 516.7245 517.9658 507.1436 500.8903 510.86 534.4129 565.1056 599.6508 631.2249 654.5554 661.873 660.2553 648.9062 621.7977 582.4708
568.1813 564.0908 559.9423 557.9964 557.5095 557.6819 557.8961 558.9631 558.8099 560.1873 563.8247 564.3185 563.4365 564.4341 567.6259 569.7187 570.4114 570.8062 571.9089 569.5731 566.1259 563.0697 560.2416 557.9022 552.1327 541.2148 529.7498 518.7979 508.6746 488.7839 474.0016 475.5894 485.3128 503.4039 514.011 512.3157 482.1765 435.7946 399.0578 406.1552 439.1468 473.933 493.1412 503.1075 503.9608 498.2853 497.9192 509.1461 519.9336 513.8116 502.7857 503.5093 515.4859 534.2749 566.3614 599.084 630.7464 656.3687 670.1127 673.5947 662.6213 636.8287 599.0314
566.9149 563.7978 556.938 554.7747 555.526 556.7543 557.8905 559.0596 560.1265 561.8495 563.7425 564.7548 565.8345 565.3199 565.945 568.2028 569.8427 570.7029 570.017 565.84 561.8242 559.2094 557.2579 554.1025 547.9072 539.7697 527.923 514.6519 498.2286 475.563 476.6254 485.8592 489.1404 495.3404 502.1326 498.3315 469.7247 430.7599 402.6864 417.1727 452.0218 481.5921 497.2765 504.6127 501.5246 499.053 501.3977 506.2267 506.0537 497.9988 491.386 498.0519 513.5146 533.0227 562.5368 598.8686 633.7626 667.6553 689.3441 699.2281 688.8752 659.6653 620.8421
563.6251 561.4858 556.6008 554.2451 554.7225 555.7366 557.4467 559.2361 559.8417 561.5286 561.9831 563.569 565.3163 566.6797 566.21 565.5201 567.4825 569.5724 568.1367 564.1021 560.3557 556.8734 554.4307 550.6411 543.5179 533.2973 521.5632 506.9621 487.0425 476.4949 485.5427 496.026 496.1396 489.7052 488.105 480.4103 457.7559 431.0779 414.5598 423.2331 451.4137 474.9221 489.4891 492.6949 492.6017 493.1334 494.5923 492.556 485.8214 478.5917 478.7346 489.8082 509.9138 529.6265 564.1088 607.0661 652.0089 695.836 729.7401 741.6957 726.6774 685.4911 636.3311
563.048 560.5316 557.0738 555.7683 556.4069 557.0785 558.1099 558.4484 559.2017 559.3151 560.4225 561.5966 564.1331 565.4617 566.7563 566.7256 567.0635 566.2853 564.655 562.4936 559.5521 555.3912 551.4387 547.8904 540.6333 528.5146 519.5061 498.7882 482.0649 483.6593 499.7572 504.5509 494.9256 481.351 469.9432 466.579 453.0079 434.7401 425.0776 426.6924 440.5882 458.3385 471.889 475.3073 477.0875 480.1155 479.177 475.3423 468.9675 463.8948 467.9809 483.9603 509.4854 535.862 572.525 628.7564 690.0977 744.3621 787.0854 797.8795 766.0242 706.7521 645.2667
562.0703 560.2841 559.2047 558.6061 557.6004 557.6793 558.5267 558.467 559.2505 557.6918 559.4915 560.5023 563.1742 564.868 566.7798 567.4346 566.6752 564.2285 561.8246 559.7354 557.4475 553.9382 549.915 545.8407 538.0821 526.104 511.0428 503.5549 494.2818 489.5461 500.2212 500.8071 487.9335 470.1801 454.8328 454.5101 452.0933 441.0886 431.5731 427.6281 427.8025 443.1019 454.0648 456.617 460.8506 461.8434 460.9472 459.1985 455.6246 454.1457 462.8291 485.9756 519.7579 554.3349 599.2343 665.7214 745.1623 812.6429 855.1459 848.1618 790.5567 711.7473 634.7383
562.6779 560.1017 559.7413 561.1532 561.6577 560.3763 559.5661 559.1619 558.4965 556.7778 559.1121 560.8955 563.1385 565.3207 566.3409 567.3697 566.0487 563.2515 560.0617 556.9881 555.3597 554.1799 547.5759 542.5407 536.3033 523.784 509.7838 498.8947 498.811 497.6276 500.4165 491.9453 478.9929 459.8503 444.1171 445.7776 447.3604 443.2424 435.6338 426.2666 423.2497 433.8623 443.951 447.4739 448.4889 445.0618 444.7626 444.9036 446.1194 449.9371 464.8604 497.1172 543.0535 589.3401 640.1777 720.7611 815.6854 890.3006 916.3953 878.387 789.3074 691.1951 602.615
563.7426 561.1199 559.7019 561.5376 562.8467 563.1452 561.9896 560.7487 558.8654 558.3342 560.4523 561.8721 564.5607 566.1143 565.3531 565.7137 564.1398 562.4344 559.022 555.6218 553.2964 552.0835 550.2482 540.1708 532.1868 520.4351 506.9623 496.71 495.1963 492.3166 491.6133 490.6398 479.4942 454.058 438.3073 438.1114 441.2748 441.1968 438.9742 425.9275 416.5517 422.3365 431.7256 438.5771 438.4612 432.8181 429.2544 430.9597 438.1811 452.6172 476.4005 518.4907 579.5457 640.4084 698.1746 786.2161 894.3386 963.4432 952.173 870.6954 757.4717 649.3294 564.0952
564.967 564.0716 563.5161 563.3564 564.1419 564.3661 564.0819 562.5015 561.5728 561.3411 563.438 564.3911 565.3843 566.7896 566.4936 564.8404 562.2375 560.8045 558.7886 555.7891 551.7388 550.8896 548.7593 543.259 533.1527 518.868 505.0044 497.444 492.2979 486.4941 487.1857 484.7664 470.8793 452.1335 436.7926 435.677 439.9523 439.3833 435.1945 417.9511 407.3851 409.1204 418.7321 425.9652 427.784 424.9422 419.558 424.1589 437.7735 461.7868 497.6604 552.3032 625.6948 699.4854 767.0718 860.0694 964.7863 1012.417 954.9902 838.2341 710.6347 603.8802 531.2135
