py_wake/examples/data/AJ_ParqueFicticio/Rough survey   Sector 11   Height 30m   Weibull-k.grd
DSAA
73  159
 258469   265669
 6501692   6517492
 .7050781   2.455078
[rows 28 to 55 of 159, columns 0 to 62 of 73]
1.822266 1.822266 1.822266 1.822266 1.822266 1.822266 1.822266 1.822266 1.822266 1.822266 1.822266 1.822266 1.822266 1.818359 1.822266 1.826172 1.826172 1.826172 1.822266 1.822266 1.822266 1.822266 1.822266 1.830078 1.837891 1.845703 1.849609 1.849609 1.845703 1.845703 1.841797 1.837891 1.837891 1.849609 1.865234 1.849609 1.841797 1.845703 1.853516 1.861328 1.861328 1.853516 1.853516 1.849609 1.853516 1.857422 1.865234 1.861328 1.837891 1.818359 1.798828 1.779297 1.712891 1.689453 1.693359 1.658203 1.568359 1.568359 1.638672 1.724609 1.763672 1.818359 1.865234
1.822266 1.822266 1.822266 1.822266 1.822266 1.822266 1.818359 1.822266 1.822266 1.818359 1.818359 1.818359 1.818359 1.826172 1.826172 1.826172 1.826172 1.826172 1.826172 1.822266 1.826172 1.830078 1.830078 1.833984 1.841797 1.845703 1.849609 1.849609 1.849609 1.845703 1.845703 1.845703 1.849609 1.857422 1.857422 1.849609 1.853516 1.853516 1.857422 1.861328 1.861328 1.861328 1.857422 1.857422 1.865234 1.873047 1.873047 1.873047 1.873047 1.857422 1.837891 1.791016 1.720703 1.697266 1.697266 1.666016 1.615234 1.615234 1.697266 1.771484 1.818359 1.865234 1.865234
1.822266 1.822266 1.822266 1.818359 1.818359 1.818359 1.818359 1.818359 1.818359 1.818359 1.818359 1.818359 1.814453 1.826172 1.830078 1.830078 1.830078 1.826172 1.826172 1.822266 1.830078 1.830078 1.833984 1.837891 1.841797 1.845703 1.849609 1.849609 1.849609 1.849609 1.849609 1.849609 1.853516 1.857422 1.857422 1.857422 1.857422 1.857422 1.861328 1.861328 1.861328 1.865234 1.857422 1.861328 1.865234 1.869141 1.869141 1.869141 1.869141 1.865234 1.865234 1.849609 1.783203 1.724609 1.705078 1.666016 1.611328 1.615234 1.708984 1.767578 1.853516 1.861328 1.865234
1.822266 1.822266 1.822266 1.818359 1.818359 1.818359 1.818359 1.818359 1.818359 1.818359 1.814453 1.814453 1.814453 1.826172 1.826172 1.830078 1.830078 1.826172 1.818359 1.826172 1.830078 1.830078 1.837891 1.841797 1.841797 1.845703 1.849609 1.849609 1.849609 1.849609 1.849609 1.853516 1.861328 1.861328 1.861328 1.857422 1.857422 1.857422 1.861328 1.865234 1.865234 1.865234 1.861328 1.861328 1.865234 1.869141 1.865234 1.853516 1.849609 1.857422 1.861328 1.853516 1.822266 1.755859 1.701172 1.650391 1.599609 1.630859 1.701172 1.767578 1.865234 1.857422 1.853516
1.818359 1.818359 1.818359 1.818359 1.818359 1.818359 1.818359 1.814453 1.818359 1.814453 1.814453 1.814453 1.814453 1.822266 1.826172 1.826172 1.826172 1.818359 1.818359 1.826172 1.830078 1.833984 1.837891 1.841797 1.845703 1.845703 1.849609 1.849609 1.853516 1.849609 1.853516 1.857422 1.861328 1.861328 1.861328 1.857422 1.857422 1.861328 1.865234 1.865234 1.865234 1.865234 1.857422 1.861328 1.861328 1.865234 1.861328 1.841797 1.810547 1.779297 1.759766 1.755859 1.748047 1.712891 1.666016 1.623047 1.599609 1.650391 1.708984 1.802734 1.865234 1.861328 1.791016
1.818359 1.818359 1.818359 1.818359 1.818359 1.818359 1.818359 1.814453 1.814453 1.814453 1.814453 1.814453 1.814453 1.822266 1.822266 1.822266 1.822266 1.814453 1.822266 1.830078 1.833984 1.837891 1.837891 1.841797 1.845703 1.845703 1.849609 1.845703 1.849609 1.849609 1.853516 1.857422 1.857422 1.861328 1.861328 1.861328 1.861328 1.861328 1.861328 1.865234 1.865234 1.865234 1.857422 1.849609 1.853516 1.857422 1.857422 1.853516 1.822266 1.763672 1.701172 1.658203 1.642578 1.642578 1.626953 1.599609 1.595703 1.654297 1.720703 1.818359 1.857422 1.849609 1.767578
1.818359 1.818359 1.818359 1.818359 1.818359 1.814453 1.814453 1.814453 1.814453 1.814453 1.810547 1.810547 1.814453 1.818359 1.814453 1.818359 1.818359 1.810547 1.822266 1.830078 1.837891 1.837891 1.841797 1.845703 1.845703 1.845703 1.845703 1.845703 1.849609 1.849609 1.853516 1.857422 1.857422 1.857422 1.857422 1.861328 1.865234 1.861328 1.865234 1.865234 1.869141 1.869141 1.861328 1.826172 1.833984 1.841797 1.849609 1.849609 1.845703 1.818359 1.779297 1.712891 1.658203 1.619141 1.595703 1.587891 1.623047 1.693359 1.779297 1.853516 1.857422 1.802734 1.751953
1.822266 1.818359 1.818359 1.818359 1.818359 1.814453 1.814453 1.814453 1.810547 1.810547 1.810547 1.810547 1.810547 1.818359 1.814453 1.810547 1.810547 1.810547 1.826172 1.837891 1.841797 1.841797 1.841797 1.845703 1.845703 1.845703 1.845703 1.849609 1.849609 1.853516 1.853516 1.857422 1.857422 1.857422 1.861328 1.861328 1.865234 1.861328 1.865234 1.861328 1.869141 1.865234 1.830078 1.802734 1.798828 1.802734 1.833984 1.845703 1.849609 1.837891 1.837891 1.810547 1.763672 1.728516 1.673828 1.638672 1.666016 1.736328 1.837891 1.861328 1.857422 1.802734 1.755859
1.822266 1.822266 1.818359 1.814453 1.814453 1.814453 1.814453 1.814453 1.810547 1.810547 1.806641 1.806641 1.806641 1.814453 1.810547 1.802734 1.798828 1.794922 1.822266 1.837891 1.841797 1.841797 1.845703 1.845703 1.845703 1.841797 1.845703 1.849609 1.849609 1.853516 1.857422 1.857422 1.857422 1.861328 1.861328 1.861328 1.861328 1.861328 1.853516 1.849609 1.861328 1.873047 1.845703 1.798828 1.775391 1.802734 1.802734 1.814453 1.830078 1.830078 1.830078 1.826172 1.810547 1.775391 1.728516 1.685547 1.689453 1.748047 1.853516 1.853516 1.857422 1.802734 1.791016
1.822266 1.818359 1.818359 1.814453 1.810547 1.810547 1.814453 1.814453 1.810547 1.806641 1.806641 1.802734 1.802734 1.810547 1.806641 1.802734 1.798828 1.794922 1.802734 1.822266 1.841797 1.841797 1.841797 1.841797 1.841797 1.841797 1.845703 1.849609 1.849609 1.853516 1.857422 1.861328 1.857422 1.857422 1.857422 1.857422 1.861328 1.857422 1.849609 1.830078 1.845703 1.865234 1.869141 1.841797 1.783203 1.802734 1.802734 1.798828 1.798828 1.798828 1.802734 1.794922 1.783203 1.771484 1.728516 1.693359 1.697266 1.755859 1.853516 1.853516 1.833984 1.802734 1.802734
1.814453 1.814453 1.814453 1.810547 1.810547 1.802734 1.810547 1.810547 1.806641 1.806641 1.806641 1.802734 1.802734 1.806641 1.806641 1.806641 1.806641 1.802734 1.806641 1.814453 1.833984 1.833984 1.837891 1.837891 1.837891 1.841797 1.845703 1.849609 1.849609 1.853516 1.857422 1.857422 1.857422 1.857422 1.857422 1.861328 1.861328 1.853516 1.837891 1.830078 1.845703 1.861328 1.865234 1.861328 1.845703 1.802734 1.802734 1.798828 1.775391 1.744141 1.712891 1.693359 1.677734 1.685547 1.685547 1.666016 1.681641 1.759766 1.833984 1.830078 1.802734 1.802734 1.802734
1.814453 1.810547 1.810547 1.806641 1.810547 1.806641 1.806641 1.806641 1.802734 1.802734 1.802734 1.802734 1.806641 1.806641 1.806641 1.810547 1.810547 1.810547 1.818359 1.826172 1.830078 1.826172 1.830078 1.833984 1.837891 1.841797 1.845703 1.849609 1.849609 1.853516 1.857422 1.857422 1.853516 1.857422 1.857422 1.861328 1.857422 1.845703 1.810547 1.830078 1.845703 1.861328 1.861328 1.861328 1.857422 1.853516 1.833984 1.798828 1.798828 1.783203 1.732422 1.712891 1.689453 1.673828 1.677734 1.669922 1.697266 1.763672 1.802734 1.802734 1.802734 1.802734 1.802734
1.814453 1.810547 1.806641 1.802734 1.806641 1.810547 1.810547 1.806641 1.798828 1.798828 1.798828 1.802734 1.810547 1.814453 1.810547 1.810547 1.810547 1.814453 1.818359 1.826172 1.826172 1.826172 1.826172 1.826172 1.833984 1.845703 1.845703 1.849609 1.849609 1.853516 1.853516 1.853516 1.853516 1.853516 1.853516 1.857422 1.857422 1.841797 1.806641 1.830078 1.845703 1.857422 1.853516 1.853516 1.853516 1.861328 1.853516 1.841797 1.830078 1.798828 1.802734 1.802734 1.787109 1.771484 1.744141 1.708984 1.716797 1.763672 1.802734 1.802734 1.802734 1.802734 1.802734
1.814453 1.810547 1.806641 1.802734 1.802734 1.802734 1.814453 1.810547 1.798828 1.794922 1.791016 1.791016 1.810547 1.814453 1.814453 1.810547 1.810547 1.810547 1.818359 1.826172 1.826172 1.826172 1.826172 1.822266 1.822266 1.841797 1.841797 1.845703 1.845703 1.849609 1.849609 1.853516 1.853516 1.853516 1.853516 1.853516 1.853516 1.833984 1.833984 1.841797 1.849609 1.849609 1.849609 1.849609 1.849609 1.857422 1.849609 1.845703 1.849609 1.841797 1.806641 1.798828 1.798828 1.802734 1.779297 1.744141 1.732422 1.751953 1.783203 1.802734 1.802734 1.802734 1.802734
1.818359 1.810547 1.802734 1.794922 1.791016 1.794922 1.810547 1.806641 1.798828 1.791016 1.787109 1.787109 1.787109 1.802734 1.806641 1.806641 1.806641 1.806641 1.814453 1.826172 1.830078 1.826172 1.826172 1.826172 1.826172 1.833984 1.837891 1.841797 1.841797 1.845703 1.849609 1.849609 1.849609 1.849609 1.849609 1.853516 1.853516 1.845703 1.841797 1.837891 1.837891 1.833984 1.837891 1.826172 1.826172 1.841797 1.849609 1.845703 1.853516 1.849609 1.822266 1.798828 1.798828 1.802734 1.771484 1.732422 1.708984 1.728516 1.759766 1.787109 1.802734 1.802734 1.802734
1.818359 1.810547 1.806641 1.794922 1.783203 1.787109 1.802734 1.806641 1.794922 1.791016 1.787109 1.787109 1.791016 1.798828 1.802734 1.802734 1.802734 1.802734 1.806641 1.826172 1.826172 1.822266 1.818359 1.826172 1.833984 1.833984 1.833984 1.833984 1.833984 1.841797 1.845703 1.845703 1.845703 1.845703 1.845703 1.849609 1.849609 1.845703 1.830078 1.798828 1.798828 1.798828 1.798828 1.798828 1.802734 1.802734 1.830078 1.841797 1.822266 1.802734 1.802734 1.798828 1.759766 1.716797 1.685547 1.650391 1.666016 1.705078 1.744141 1.779297 1.791016 1.798828 1.791016
1.818359 1.818359 1.810547 1.798828 1.806641 1.802734 1.798828 1.798828 1.791016 1.791016 1.791016 1.798828 1.802734 1.802734 1.802734 1.806641 1.802734 1.802734 1.810547 1.818359 1.818359 1.814453 1.810547 1.814453 1.830078 1.833984 1.830078 1.826172 1.826172 1.833984 1.841797 1.841797 1.837891 1.841797 1.841797 1.841797 1.841797 1.841797 1.822266 1.798828 1.798828 1.798828 1.798828 1.783203 1.740234 1.697266 1.701172 1.708984 1.697266 1.669922 1.658203 1.646484 1.650391 1.650391 1.626953 1.591797 1.626953 1.685547 1.748047 1.775391 1.783203 1.783203 1.767578
1.818359 1.818359 1.814453 1.806641 1.818359 1.822266 1.818359 1.794922 1.791016 1.791016 1.794922 1.802734 1.806641 1.806641 1.806641 1.806641 1.802734 1.806641 1.810547 1.814453 1.810547 1.810547 1.802734 1.798828 1.814453 1.826172 1.822266 1.814453 1.810547 1.830078 1.833984 1.822266 1.833984 1.837891 1.833984 1.837891 1.837891 1.833984 1.826172 1.810547 1.798828 1.798828 1.775391 1.744141 1.705078 1.705078 1.728516 1.759766 1.759766 1.732422 1.724609 1.708984 1.701172 1.681641 1.669922 1.619141 1.623047 1.669922 1.732422 1.779297 1.830078 1.845703 1.826172
1.818359 1.814453 1.810547 1.818359 1.818359 1.818359 1.810547 1.791016 1.783203 1.787109 1.791016 1.798828 1.810547 1.810547 1.810547 1.806641 1.802734 1.806641 1.814453 1.814453 1.810547 1.806641 1.802734 1.798828 1.810547 1.818359 1.814453 1.810547 1.802734 1.806641 1.818359 1.798828 1.798828 1.818359 1.814453 1.826172 1.826172 1.822266 1.830078 1.822266 1.802734 1.798828 1.798828 1.806641 1.810547 1.802734 1.798828 1.802734 1.810547 1.806641 1.802734 1.787109 1.767578 1.740234 1.720703 1.697266 1.677734 1.681641 1.697266 1.728516 1.787109 1.841797 1.849609
1.818359 1.810547 1.806641 1.818359 1.814453 1.810547 1.802734 1.791016 1.779297 1.779297 1.791016 1.794922 1.810547 1.818359 1.814453 1.806641 1.802734 1.806641 1.814453 1.814453 1.810547 1.798828 1.798828 1.810547 1.818359 1.822266 1.818359 1.810547 1.806641 1.806641 1.802734 1.798828 1.798828 1.798828 1.798828 1.798828 1.802734 1.802734 1.806641 1.810547 1.810547 1.802734 1.798828 1.798828 1.802734 1.798828 1.798828 1.806641 1.814453 1.798828 1.791016 1.779297 1.771484 1.759766 1.736328 1.728516 1.732422 1.736328 1.751953 1.724609 1.712891 1.736328 1.783203
1.814453 1.810547 1.806641 1.814453 1.810547 1.806641 1.798828 1.787109 1.779297 1.783203 1.791016 1.794922 1.802734 1.818359 1.814453 1.806641 1.802734 1.798828 1.802734 1.818359 1.806641 1.798828 1.791016 1.787109 1.814453 1.826172 1.810547 1.806641 1.802734 1.810547 1.798828 1.791016 1.791016 1.798828 1.798828 1.798828 1.798828 1.798828 1.798828 1.798828 1.802734 1.798828 1.798828 1.798828 1.802734 1.798828 1.787109 1.767578 1.755859 1.751953 1.748047 1.755859 1.748047 1.748047 1.732422 1.740234 1.751953 1.791016 1.849609 1.837891 1.767578 1.708984 1.681641
1.814453 1.810547 1.806641 1.810547 1.806641 1.802734 1.794922 1.783203 1.779297 1.787109 1.794922 1.791016 1.791016 1.810547 1.806641 1.798828 1.798828 1.794922 1.791016 1.814453 1.806641 1.798828 1.791016 1.791016 1.794922 1.814453 1.802734 1.794922 1.794922 1.791016 1.791016 1.794922 1.798828 1.798828 1.798828 1.798828 1.798828 1.798828 1.798828 1.798828 1.802734 1.798828 1.798828 1.798828 1.775391 1.751953 1.759766 1.767578 1.779297 1.787109 1.771484 1.744141 1.740234 1.720703 1.681641 1.697266 1.720703 1.748047 1.849609 1.869141 1.849609 1.822266 1.720703
1.818359 1.814453 1.810547 1.814453 1.802734 1.798828 1.791016 1.779297 1.791016 1.798828 1.810547 1.818359 1.814453 1.810547 1.798828 1.794922 1.802734 1.798828 1.806641 1.818359 1.802734 1.798828 1.798828 1.806641 1.814453 1.806641 1.791016 1.787109 1.791016 1.783203 1.779297 1.783203 1.791016 1.794922 1.787109 1.794922 1.798828 1.798828 1.798828 1.798828 1.802734 1.798828 1.794922 1.798828 1.791016 1.779297 1.794922 1.798828 1.802734 1.802734 1.767578 1.724609 1.712891 1.712891 1.685547 1.658203 1.658203 1.705078 1.787109 1.853516 1.865234 1.857422 1.857422
1.818359 1.810547 1.810547 1.810547 1.802734 1.794922 1.787109 1.791016 1.798828 1.806641 1.818359 1.826172 1.822266 1.814453 1.806641 1.798828 1.806641 1.818359 1.826172 1.814453 1.806641 1.798828 1.806641 1.818359 1.814453 1.802734 1.791016 1.791016 1.787109 1.775391 1.767578 1.763672 1.763672 1.767578 1.751953 1.755859 1.783203 1.783203 1.787109 1.798828 1.794922 1.798828 1.798828 1.802734 1.798828 1.798828 1.798828 1.798828 1.802734 1.779297 1.720703 1.662109 1.669922 1.716797 1.708984 1.673828 1.642578 1.634766 1.724609 1.787109 1.841797 1.853516 1.865234
1.814453 1.806641 1.806641 1.802734 1.798828 1.791016 1.783203 1.791016 1.798828 1.806641 1.818359 1.822266 1.822266 1.814453 1.810547 1.802734 1.802734 1.814453 1.818359 1.810547 1.806641 1.802734 1.818359 1.822266 1.818359 1.806641 1.806641 1.814453 1.798828 1.779297 1.763672 1.767578 1.771484 1.751953 1.720703 1.708984 1.716797 1.744141 1.767578 1.767578 1.763672 1.798828 1.798828 1.802734 1.798828 1.798828 1.798828 1.798828 1.783203 1.751953 1.681641 1.623047 1.646484 1.744141 1.736328 1.716797 1.681641 1.638672 1.681641 1.751953 1.779297 1.814453 1.830078
1.806641 1.802734 1.802734 1.798828 1.794922 1.791016 1.787109 1.791016 1.802734 1.806641 1.814453 1.822266 1.818359 1.818359 1.810547 1.802734 1.802734 1.818359 1.814453 1.806641 1.806641 1.822266 1.830078 1.822266 1.818359 1.810547 1.818359 1.818359 1.806641 1.787109 1.767578 1.771484 1.783203 1.767578 1.744141 1.740234 1.740234 1.740234 1.775391 1.763672 1.736328 1.755859 1.779297 1.791016 1.794922 1.787109 1.775391 1.779297 1.759766 1.736328 1.685547 1.658203 1.654297 1.755859 1.759766 1.728516 1.728516 1.689453 1.716797 1.791016 1.771484 1.791016 1.767578
1.802734 1.798828 1.802734 1.798828 1.794922 1.787109 1.791016 1.794922 1.802734 1.806641 1.810547 1.814453 1.814453 1.818359 1.818359 1.822266 1.826172 1.822266 1.814453 1.802734 1.798828 1.814453 1.830078 1.822266 1.814453 1.818359 1.822266 1.826172 1.826172 1.802734 1.767578 1.759766 1.783203 1.791016 1.783203 1.779297 1.775391 1.791016 1.798828 1.802734 1.798828 1.787109 1.783203 1.787109 1.779297 1.755859 1.755859 1.779297 1.755859 1.736328 1.681641 1.642578 1.650391 1.751953 1.787109 1.732422 1.708984 1.708984 1.748047 1.802734 1.802734 1.810547 1.755859
1.798828 1.802734 1.802734 1.794922 1.787109 1.783203 1.794922 1.798828 1.802734 1.806641 1.810547 1.814453 1.810547 1.810547 1.818359 1.822266 1.822266 1.822266 1.814453 1.802734 1.794922 1.814453 1.818359 1.818359 1.814453 1.814453 1.822266 1.830078 1.845703 1.822266 1.783203 1.779297 1.798828 1.798828 1.798828 1.794922 1.798828 1.798828 1.798828 1.798828 1.798828 1.798828 1.802734 1.802734 1.798828 1.767578 1.755859 1.767578 1.744141 1.708984 1.650391 1.607422 1.630859 1.736328 1.798828 1.736328 1.658203 1.658203 1.724609 1.810547 1.833984 1.845703 1.755859
