py_wake/examples/data/AJ_ParqueFicticio/Rough survey   Sector 7   Height 30m   Orographic turn.grd
DSAA
73  159
 258469   265669
 6501692   6517492
-136.9426   66.49909
[rows 54 to 80 of 159, columns 0 to 61 of 73]
-2.912287 -2.509742 -2.252123 -2.243767 -2.086113 -1.804025 -1.852325 -2.12108 -2.382151 -2.50124 -2.570316 -2.528999 -2.526451 -2.425246 -2.334213 -2.73329 -2.670506 -2.044841 -1.700569 -1.369161 -.6823944 -1.400296 -3.322202 -2.382028 -1.570533 -1.923911 -2.013078 -2.412956 -4.011797 -4.345386 -3.044485 .5215784 1.138131 1.314863 1.460827 2.074069 5.645628 11.51317 12.54284 9.124111 9.1907 14.09783 18.05683 21.69298 21.85776 20.52212 18.86124 15.73001 13.22999 12.20808 9.788545 5.353423 3.801258 4.622201 2.946433 -4.593143 -10.30604 -9.784149 -5.146194 2.947367 1.953494 -6.362763
-2.331179 -2.216848 -2.151474 -2.051423 -2.000329 -1.715159 -1.899918 -2.181144 -2.330201 -2.425702 -2.450406 -2.434421 -2.503278 -2.272884 -1.957555 -2.632418 -2.31878 -2.056473 -1.860592 -1.785457 -1.394088 -1.572244 -2.356126 -1.857397 -1.424279 -1.962249 -1.962924 -2.669456 -5.305309 -5.704579 -3.746347 1.582264 2.949836 2.718716 2.89263 2.409799 3.859086 7.728083 12.09148 10.36731 9.206123 9.337729 12.94655 17.19361 19.47132 20.57727 21.14218 20.25473 16.07896 12.06481 8.325911 5.372171 3.176178 2.548532 .9407364 -3.960508 -7.507447 -6.602514 -6.096842 -2.709209 .2517036 -4.605296
-1.714321 -2.415147 -2.107418 -1.805123 -1.697268 -1.578743 -2.009121 -2.361077 -2.438426 -2.489354 -2.431599 -2.479957 -2.730222 -2.543784 -2.265117 -2.264815 -2.254634 -2.059682 -2.070005 -2.217286 -2.677911 -2.159962 -1.550505 -1.476749 -1.487598 -1.677438 -1.91079 -2.518355 -3.548187 -4.320776 -1.709053 1.517947 3.703607 3.98058 3.768746 4.045682 3.919858 6.47102 10.06332 11.26547 11.53853 9.170401 11.36867 12.35766 15.03493 17.55005 20.30062 20.38601 17.56486 11.71531 9.002557 4.944902 2.977507 .1686779 -3.167694 -3.611263 -4.182011 -4.455531 -4.285943 -4.627948 -4.300295 -2.773929
-1.171754 -2.856776 -2.087046 -1.305227 -1.311673 -2.020633 -2.394624 -2.652874 -2.705143 -2.546747 -2.408122 -2.274219 -2.216146 -3.256867 -2.704438 -2.325165 -2.27604 -2.099984 -1.970458 -2.620137 -2.30065 -1.967729 -1.569355 -1.387101 -1.383058 -1.348688 -1.664124 -1.520951 .2732772 .2553417 1.748971 1.382775 2.584982 4.394725 5.071352 4.692568 6.005106 6.162175 8.889745 10.94061 11.69332 11.44568 9.620158 10.41394 12.80779 15.21224 17.92402 18.21198 17.7888 14.36342 10.81497 5.653866 1.645653 -1.837045 -2.994132 -1.866023 -4.628313 -5.024012 -7.131748 -4.384451 -2.941236 -3.333582
-1.661783 -3.020074 -1.942965 -.6227559 -.3245671 -2.113993 -2.681758 -2.990832 -2.92385 -2.625589 -2.336289 -2.131286 -2.07754 -3.006376 -2.76308 -2.411449 -2.27746 -2.1781 -2.283143 -2.605688 -2.074948 -1.871734 -1.584201 -1.16181 -1.330413 -1.505213 -1.428222 .1320072 2.951785 4.840693 2.407254 3.038746 3.865229 4.238509 4.864443 5.572861 5.962787 7.346052 8.832857 11.14727 12.07587 12.03281 10.4473 9.402048 11.91114 14.41199 15.67395 17.12137 17.49136 15.9381 12.29373 6.36613 .6096258 -2.14888 -.2401548 -.6425297 -3.644986 -7.825418 -9.511698 -7.174618 -2.888553 -2.189679
-3.131725 -2.387117 -1.577722 -.4152146 .6113133 -.6627022 -2.664006 -3.247124 -3.047825 -2.700877 -2.325486 -1.902873 -1.888284 -2.878025 -2.714682 -2.387081 -2.193914 -2.257842 -2.393906 -2.322823 -1.985093 -1.478254 -1.547466 -1.345652 -1.350684 -1.812883 -1.590943 -.50894 2.318619 7.019548 6.954048 5.235655 5.603165 7.556071 7.430954 8.881691 8.671465 8.521368 9.390425 11.25945 12.68071 11.29999 10.14744 9.151686 9.640086 11.99952 13.63273 15.43191 20.1343 21.70185 14.49861 6.88056 .4564446 -.3304778 1.049485 1.079796 -3.165811 -6.679339 -8.759864 -9.328628 -6.071837 -2.853408
-3.137364 -2.13818 -1.102651 -.9244524 .02482864 .2608566 -1.448062 -3.377386 -3.098018 -2.685788 -2.332492 -2.01277 -1.857585 -2.65747 -2.406749 -2.077855 -2.05728 -2.234737 -2.315318 -2.049157 -1.900189 -1.21183 -1.452824 -1.295494 -1.311975 -2.207083 -2.111078 -2.442405 .380325 3.354059 7.092412 7.129311 6.636818 8.341331 11.86576 12.9991 12.30731 11.70618 10.87786 11.90889 13.20981 11.77483 9.513942 9.354298 8.22993 9.500766 9.750336 11.80527 17.30603 22.52138 18.83897 8.925741 -.1547313 -.4669437 3.921796 2.679329 -2.551358 -5.142432 -7.718747 -9.36978 -9.227841 -4.633523
-2.552429 -1.570363 -.9504756 -2.273259 -2.972871 -1.919256 -1.783209 -2.905088 -2.766228 -2.562854 -2.374133 -2.296943 -2.286141 -1.9139 -1.784312 -1.627451 -1.586473 -2.233794 -2.160199 -1.904745 -1.608723 -1.101649 -1.08843 -1.167534 -1.343174 -1.716835 -1.591307 -1.63731 -.4471473 2.181368 3.543708 5.129355 6.428923 8.876066 12.79885 13.86389 13.45978 13.12955 13.08227 12.66277 12.5638 12.91828 13.55432 9.695455 9.270254 7.988982 7.414546 7.33439 11.72837 18.71741 20.80364 15.48208 2.361804 .6461336 2.578103 6.303194 -.5519776 -5.047773 -7.605729 -9.957019 -9.835011 -5.83045
-2.065717 -1.477427 -2.280876 -3.15831 -3.820228 -4.017851 -3.268014 -2.451742 -2.441393 -2.387048 -2.434571 -2.294731 -1.981521 -1.562449 -1.474466 -1.363545 -1.185516 -2.200519 -1.87215 -1.296625 -1.579314 -1.499664 -1.049937 -.9747831 -1.103197 -.5215086 -.3343177 .0705011 -.1938339 .1069114 2.328296 3.726676 5.216586 6.95649 9.851447 13.20475 13.65119 13.75995 14.01614 12.91997 12.66285 13.31562 13.56037 12.53376 8.365862 8.435789 8.35512 7.015419 5.678099 8.846215 15.92046 18.11122 7.368577 1.664661 3.537117 6.873164 3.504448 -5.073684 -7.800013 -10.45391 -10.66824 -10.30297
-1.44136 -2.309411 -3.155176 -3.656546 -3.959211 -3.804257 -3.181318 -2.592611 -2.339074 -2.175786 -2.327202 -2.068929 -1.735481 -1.541034 -1.422942 -1.396908 -1.462119 -1.846151 -1.491083 -.7950842 -1.867046 -1.844127 -1.015709 -.377029 -.3512973 .6303714 1.315425 1.339005 1.069739 1.091621 2.273988 1.79987 2.862131 4.589862 8.023878 12.47929 13.13664 13.4527 13.88451 13.94586 14.106 14.50368 13.63751 12.06304 10.62308 8.157957 8.880142 7.700385 5.109234 1.360016 4.573594 15.40868 18.72891 8.995616 2.711519 4.233916 6.894179 -4.046824 -8.74903 -11.54463 -12.32067 -11.28449
-1.048714 -2.729385 -3.601388 -3.946482 -3.973229 -3.844892 -3.310927 -2.774221 -2.140404 -1.961917 -2.066009 -1.978907 -1.750101 -1.580022 -1.598177 -1.570958 -1.859656 -1.374085 -1.045244 -1.134827 -1.874481 -1.804147 -1.080282 -.06636873 .8656122 2.392618 1.909875 2.889198 3.197636 2.465605 1.625252 1.415942 1.951356 3.733845 7.04642 8.614388 11.10646 11.86781 12.57938 13.5823 14.10594 13.55097 15.01233 16.04861 11.72752 10.05744 7.532935 7.047567 4.753342 .7161033 .5692854 10.51521 20.27285 17.51735 5.233736 .9765326 1.570882 -4.244605 -11.71733 -13.52738 -14.8195 -10.55968
-.9165881 -2.588562 -3.800143 -4.162655 -4.187626 -3.962606 -3.651683 -2.993421 -1.902624 -1.800857 -2.04691 -1.88452 -1.701277 -1.653914 -1.77303 -1.819799 -1.667927 -1.064319 -.9735912 -1.224869 -1.367581 -1.347204 -.8260893 .2649374 1.290961 2.316942 3.175896 5.147054 5.756433 4.804744 3.020259 1.68392 1.714762 3.301154 6.004152 6.87761 8.284635 10.61607 11.6719 11.81898 12.24504 12.55894 14.91294 17.14079 15.35905 10.3647 7.64807 6.596321 6.429532 2.413314 -2.265535 1.834401 11.37226 19.44507 12.05624 .3533327 -5.859451 -8.527447 -14.61614 -18.84023 -11.85686 -4.685166
-1.262641 -2.214864 -3.835927 -4.33669 -4.293273 -4.132873 -3.757633 -3.294396 -3.205303 -2.436295 -1.979092 -1.929432 -1.868607 -1.865318 -1.988647 -1.88633 -1.23933 -.7363229 -.7742846 -.9833251 -.9161519 -.5983809 -.4578836 -.1913431 .3554544 1.115803 3.2053 5.100485 6.776329 7.172801 5.674656 4.707745 3.506059 3.307957 4.916388 5.450779 5.888077 8.498406 10.69061 10.8869 11.87178 11.55142 14.87203 17.87891 18.70391 14.99476 8.347751 6.328327 8.074994 6.369063 -1.532224 -1.357851 2.217225 9.299335 14.20737 4.04136 -7.622756 -11.20484 -15.5396 -17.33805 -9.613756 -5.550486
-1.551753 -2.303415 -3.658044 -4.310954 -4.493723 -4.117605 -3.721102 -3.437245 -3.057812 -2.786831 -2.323502 -2.07291 -2.058861 -2.139874 -2.097065 -1.685964 -.9846213 -.5188147 -.1945706 -.3158342 .06793302 -.3778446 -1.451526 -1.388288 -1.273589 -.07134924 3.697815 4.737751 6.108589 7.098625 6.920466 6.567583 6.279141 4.979638 4.273242 4.706475 4.255451 4.677635 8.331976 9.068669 11.27513 14.184 16.62856 19.38001 20.63457 15.43638 10.95393 7.905953 7.062171 5.047388 3.983321 -.295755 -1.32214 .05415323 5.597056 5.996681 -1.179261 -11.46257 -12.97613 -13.59158 -12.65154 -8.501927
-1.471225 -2.287467 -3.703207 -4.316586 -4.505145 -4.09139 -3.601452 -3.405721 -3.12568 -2.889098 -2.601996 -2.307855 -2.183903 -2.580294 -2.165677 -1.546683 -.8443501 -.2509343 .02813544 .1612784 .5111035 -.3922117 -2.712899 -2.593382 -2.653899 .3314742 2.155339 3.933247 5.205266 6.92741 7.862089 8.224219 7.657874 6.306833 4.83415 4.939 4.227756 2.34414 3.997022 6.126603 6.626977 11.88225 17.30934 19.37968 20.02103 18.11429 17.47979 11.26302 9.009039 7.075087 4.516173 2.162187 1.302748 -1.666844 -1.846926 2.498996 -1.378831 -7.157196 -8.953341 -10.80538 -12.0753 -12.45447
-1.497612 -1.75298 -3.626078 -4.470245 -4.374542 -4.065429 -3.556593 -3.571628 -3.340178 -3.038026 -2.69293 -2.381949 -2.113235 -2.68541 -1.829733 -1.05426 -.2638925 .2252515 .169994 .06461246 -.1484009 -1.250939 -3.083952 -2.927795 -1.594114 .9283963 1.384132 2.118801 3.460727 5.834136 8.327855 9.958492 9.958814 7.730577 7.045926 5.834564 4.665789 3.266505 2.240065 3.922911 6.835806 8.283821 10.85563 14.14784 14.81367 17.40812 18.59868 16.41483 11.77934 11.72769 12.4433 5.40275 -.3572655 -3.510426 -4.752346 -5.696094 -1.235092 -3.928189 -6.294697 -8.350435 -11.24545 -13.18473
-1.676314 -1.421907 -2.547316 -4.125035 -3.63299 -3.724028 -3.928692 -4.030453 -3.732 -3.36631 -2.844963 -2.236978 -1.903084 -1.994531 -1.02878 -.1732427 -.09682395 .0643216 -.01157459 -.1333816 -.7768054 -2.018506 -2.306227 -1.92914 .0378988 .3286275 .6397266 .8664567 2.14175 4.464976 5.461641 8.556114 11.21264 10.69065 9.813979 7.416021 5.814954 3.931553 2.684174 2.674964 4.749967 7.789918 8.177659 8.541633 9.856688 13.76089 15.05989 13.83091 10.92059 12.88616 17.76229 10.12217 -1.325051 -2.750579 -3.739605 -3.308967 -2.349167 -2.035582 -3.648413 -6.858114 -9.696528 -10.93268
-2.260417 -1.953295 -1.761116 -2.756625 -1.796568 -3.255274 -4.467621 -4.65444 -4.355508 -3.783157 -2.944468 -2.456362 -1.699492 -.6233411 .09798808 .04102628 -.9473752 -.6588812 -.3176537 -.3490957 -.6169216 -1.190214 -.7312905 -1.078448 .6013827 -.1635538 .04867361 .360075 .5364563 .7981561 3.368129 7.244971 9.894127 12.38461 11.09369 8.936347 7.46185 5.499354 4.557386 4.696487 4.830348 6.380328 7.240113 6.138215 6.968518 9.080195 10.81248 10.6765 7.842949 7.156055 6.542853 6.763748 2.044976 4.879099 10.11739 5.065076 1.336092 -.05411968 -1.933427 -4.886985 -7.897895 -9.09715
-2.775307 -2.988048 -2.589023 -1.286772 -.945356 -1.983474 -4.85918 -5.148247 -4.543797 -3.406786 -2.947937 -2.280458 -1.369498 -.4818271 .6431985 .09911271 -1.532151 -1.322519 -.8049494 -.4212667 -.2163544 -.5816836 .269736 .1131027 -.7276466 -.2166756 -.9805913 -1.147668 -1.874914 1.298102 3.894145 7.024482 10.9481 12.37277 11.89421 11.23313 8.863183 6.880045 5.586017 5.429659 4.642267 4.958901 4.571213 5.777183 6.762896 7.254525 8.48748 8.335129 5.810998 3.408895 -.6293192 -2.191627 -1.210969 .7812662 12.34407 13.19932 11.07666 3.860725 .4688402 -2.458226 -6.247121 -7.047846
-3.108604 -2.894411 -2.139655 -1.812449 -1.542893 -1.640531 -4.365042 -4.764138 -3.722359 -3.320803 -2.86963 -2.356054 -1.552232 -.7521011 .4486549 .5149816 -1.918439 -1.756571 -1.20286 -.5912454 -.1329201 -.2953817 1.051716 .9626321 .261916 .4016063 -.9933884 -2.037977 -1.465804 1.194165 4.289237 5.646101 9.885267 11.32532 11.1495 10.64406 9.833848 9.105999 7.965539 6.381752 5.436214 4.206606 2.484397 4.04426 5.075628 6.62909 8.243648 7.429806 6.763302 3.284683 1.470926 -1.552571 -1.793529 -2.145208 .8691679 8.686132 11.90565 11.4887 4.901072 .9098337 -1.091317 -4.0927
-3.270253 -2.974424 -2.528893 -2.563722 -2.298661 -1.362068 -3.356094 -3.325866 -2.866805 -3.310626 -2.910338 -2.522791 -2.175419 -1.433664 .3425784 .5135085 -1.714395 -1.851069 -1.569484 -1.216154 -.7835276 .5052924 1.453475 1.66074 1.620629 1.434986 .4967866 -.3618873 -.3603774 2.690588 3.908643 5.158124 6.671189 9.276643 9.642155 9.303115 10.1679 10.53209 9.996675 9.248068 7.748768 3.434861 2.619785 3.324114 2.956151 4.132678 6.155668 7.071148 6.015085 4.670483 3.88695 1.747534 -.6064944 -.9911694 -1.784892 -.6312073 7.576065 13.35094 12.87397 6.020949 2.729749 .5095968
-3.475518 -3.073885 -2.775905 -3.025335 -3.875162 -3.945232 -2.503275 -1.694632 -2.177675 -3.241658 -3.073849 -2.711189 -2.305198 -2.833466 -2.662895 -1.065098 -1.341442 -1.337872 -1.631318 -2.115125 -.79019 .7263594 1.786183 2.554698 2.090067 2.297728 2.151497 2.805205 2.375609 2.981352 4.679505 6.818549 7.60758 7.228767 8.590339 8.637285 8.829721 10.44016 9.980278 8.982119 8.086544 5.772249 4.786856 .8789907 2.581175 -1.605204 2.348053 2.193151 6.932425 6.652521 4.734308 6.376123 6.320398 2.984002 -5.03951 -7.317958 4.197296 13.96274 16.77763 12.2171 7.471594 2.755723
-3.586269 -3.120828 -2.757368 -2.859133 -4.40272 -3.97743 -2.662691 -1.862988 -2.402045 -3.11038 -3.043546 -2.788823 -2.452861 -3.470018 -3.750763 -2.674087 -1.462071 -1.118867 -1.362991 -2.0104 -1.097007 -.4416612 1.284496 2.396667 2.183033 2.273784 2.281877 3.719568 4.52856 5.345372 6.758411 7.935831 8.365503 7.95867 8.575875 8.828018 8.258418 9.76329 9.396443 6.921849 6.055739 4.615681 .03959138 -2.550225 -5.351248 -3.44614 -.362547 6.007029 9.244208 8.111003 5.469366 3.589551 1.23348 -2.828655 -9.314226 -5.987465 7.697126 13.58002 20.82567 22.09615 12.93397 4.966746
-3.451906 -3.195458 -2.828204 -2.74914 -4.509575 -4.08948 -3.161486 -2.327742 -2.70415 -2.924885 -2.86558 -2.919639 -2.968685 -3.16945 -3.219701 -2.44783 -1.881044 -1.269113 -1.304353 -1.601401 -.7771835 -.7214205 .4448701 2.071798 1.85774 .7743888 .6359377 1.476981 4.838374 8.092811 10.02903 9.598313 9.748098 9.143312 8.425247 8.739077 9.349411 8.54283 7.230562 7.751727 5.523758 -.04090188 -1.937016 -3.43349 -4.270357 -.8135758 -.03181135 2.701765 7.24809 10.14788 4.900301 1.138242 -3.802623 -7.681761 -5.683941 -1.266475 2.142841 9.850283 11.88933 17.08631 16.63218 8.010894
-3.508211 -3.472501 -3.195996 -3.189565 -4.740533 -4.533196 -3.745368 -3.065506 -2.767764 -2.562764 -2.501935 -2.600549 -3.272482 -3.270059 -3.123782 -2.670472 -2.199124 -1.711068 -1.720392 -.8469989 .629383 -.5924811 .8023797 .7876335 .1954222 -1.250383 -.7472818 .2949929 5.380285 10.38127 12.64799 11.83177 10.92166 8.948133 7.400693 6.934112 7.212609 7.272198 4.005371 5.237701 2.235852 -1.561238 -1.645589 -.6206662 2.348413 3.450961 1.811321 .8962665 .5610073 1.336659 3.144696 .3300907 -1.911488 -3.095247 -1.355588 .6733091 1.161349 4.544337 7.219768 8.213831 7.001836 7.017834
-3.884287 -3.873022 -3.786353 -4.228215 -4.784266 -4.507249 -4.009384 -3.102834 -2.479781 -2.377918 -2.155808 -2.243949 -3.568416 -3.639054 -3.269509 -3.038247 -3.006578 -3.090334 -1.941487 -.3180252 .4187757 .8597049 1.071715 -.245891 -.5023211 -1.232696 -1.429253 .79438 6.319433 12.27773 12.97402 11.70919 11.27226 8.411883 8.031669 8.09714 6.955164 4.893115 1.948275 -1.02707 -3.335761 -2.116973 1.466435 3.87782 5.061407 5.55057 4.407575 2.38258 -2.997077 -2.960426 -.8346772 1.253141 1.41855 1.4087 1.372061 2.865024 2.550492 3.610414 4.209056 3.317348 2.222254 1.269111
-4.436833 -4.578118 -4.435656 -4.711858 -4.05403 -3.867399 -3.439211 -3.229009 -2.887702 -2.731157 -2.307538 -2.059083 -3.757034 -3.428563 -2.832537 -2.810468 -3.48876 -3.033354 -2.118828 -.9063245 -.0268674 .9254695 .7642286 .2778326 -.01661428 .4150591 1.050132 2.874447 6.524086 10.15603 11.5529 10.54989 9.534462 7.942436 8.089493 8.509269 6.81516 2.867741 -.2011178 -2.050192 -2.836451 .5871816 5.561681 6.101863 5.422138 4.960684 4.235105 2.247417 -.8176418 -1.517743 -.5146051 1.261181 2.859637 3.264853 3.250885 2.938119 4.534693 3.953458 2.590209 1.19976 .512077 -.9519257
