py_wake/examples/data/AJ_ParqueFicticio/Rough survey   Sector 7   Height 200m   Mean speed.grd
DSAA
73  159
 258469   265669
 6501692   6517492
 4.00653   8.739
[rows 84 to 111 of 159, columns 0 to 62 of 73]
5.763497 5.728573 5.700111 5.670122 5.642885 5.601065 5.568162 5.525403 5.481848 5.456527 5.442896 5.418605 5.38925 5.37258 5.36111 5.351727 5.344464 5.341306 5.354897 5.384979 5.41265 5.439277 5.468298 5.501273 5.54311 5.58001 5.607887 5.634016 5.649358 5.673045 5.705779 5.739408 5.760287 5.765252 5.735914 5.733347 5.70386 5.692389 5.713563 5.733286 5.780939 5.78407 5.800354 5.808102 5.81285 5.834277 5.873568 5.91149 5.962296 6.018107 6.063114 6.084413 6.065881 6.043794 6.015439 6.001144 5.994506 6.016872 6.046774 6.057225 6.049338 6.006826 5.97241
5.733742 5.707585 5.678411 5.648223 5.61917 5.579996 5.546002 5.503859 5.460708 5.430089 5.408328 5.379338 5.351443 5.329042 5.326406 5.318948 5.311725 5.296655 5.291456 5.299284 5.322283 5.350256 5.39338 5.445095 5.504523 5.551388 5.582828 5.595131 5.606566 5.608925 5.643346 5.694199 5.709719 5.725032 5.704759 5.71338 5.704485 5.722487 5.758278 5.788781 5.822281 5.822907 5.823511 5.83654 5.843785 5.86458 5.881808 5.894892 5.908002 5.944144 5.99481 6.034082 6.046276 6.053189 6.047217 6.048498 6.071395 6.092295 6.102177 6.097272 6.069371 6.006844 5.963925
5.694597 5.676718 5.655334 5.625425 5.59183 5.557288 5.517456 5.483314 5.449935 5.408179 5.379632 5.357552 5.33447 5.308466 5.294794 5.289985 5.285002 5.271856 5.251024 5.236256 5.236314 5.253139 5.285957 5.332828 5.392975 5.449798 5.48261 5.511366 5.518302 5.535305 5.592729 5.637347 5.680755 5.708423 5.711215 5.729292 5.718954 5.742945 5.78908 5.824219 5.852249 5.851354 5.877626 5.901178 5.916101 5.928252 5.937768 5.933272 5.930054 5.935291 5.954154 5.999815 6.044833 6.061066 6.079121 6.092941 6.131942 6.152218 6.156527 6.134318 6.093616 6.021072 5.978816
5.674429 5.65259 5.63118 5.595232 5.559465 5.523582 5.489449 5.460902 5.427321 5.385576 5.358196 5.333945 5.313966 5.284708 5.258638 5.250787 5.249012 5.235693 5.224466 5.203603 5.187967 5.181277 5.185753 5.219441 5.271329 5.335812 5.389152 5.444545 5.474885 5.534984 5.620075 5.677927 5.728509 5.764131 5.778145 5.778375 5.772742 5.796981 5.816973 5.839336 5.873207 5.89592 5.927024 5.967622 5.98136 5.98405 5.974073 5.971059 5.953537 5.933484 5.924226 5.955108 6.006687 6.051482 6.085727 6.108906 6.136871 6.16542 6.155359 6.148078 6.113544 6.066116 6.030619
5.670656 5.638321 5.608778 5.571022 5.532471 5.490363 5.455566 5.425542 5.38728 5.362204 5.335557 5.312953 5.291848 5.268569 5.237824 5.206497 5.199956 5.193569 5.189532 5.178718 5.171585 5.163243 5.168584 5.184521 5.231327 5.307114 5.395057 5.485129 5.55229 5.654689 5.71875 5.78007 5.80014 5.831665 5.84307 5.831626 5.845708 5.871315 5.875443 5.884281 5.901954 5.956543 5.978079 5.987465 5.982921 5.970155 5.952337 5.94467 5.92456 5.892925 5.865168 5.864522 5.909219 5.956809 6.014174 6.037008 6.057198 6.096946 6.116618 6.117416 6.123737 6.109925 6.121939
5.673675 5.634547 5.594067 5.557611 5.517949 5.476445 5.429197 5.380053 5.345682 5.317121 5.302832 5.295093 5.274104 5.2535 5.22734 5.180684 5.156253 5.153569 5.157465 5.168609 5.191296 5.207966 5.234242 5.277128 5.336001 5.407166 5.516512 5.631365 5.754146 5.830624 5.873656 5.882238 5.88624 5.884935 5.879634 5.870094 5.894907 5.944024 5.955444 5.962279 5.978431 6.010146 6.011987 5.994822 5.969259 5.954608 5.932624 5.911352 5.881903 5.854282 5.811073 5.79102 5.767963 5.795623 5.858048 5.901197 5.908423 5.96937 6.013532 6.0625 6.111059 6.142168 6.188239
5.688103 5.640644 5.594975 5.54815 5.513079 5.465785 5.417966 5.369206 5.320573 5.279327 5.266561 5.270594 5.256753 5.242542 5.2226 5.185599 5.143469 5.128902 5.136905 5.179029 5.238308 5.30161 5.369462 5.450878 5.535472 5.649638 5.764991 5.877006 5.963621 6.003784 6.008577 5.993531 5.982672 5.962263 5.938808 5.939642 5.967411 6.014247 6.040921 6.058283 6.064352 6.08036 6.069141 6.049967 6.061775 6.063089 6.055103 6.033734 5.984124 5.935698 5.902521 5.860541 5.817913 5.77628 5.75591 5.772858 5.769432 5.814163 5.892983 6.004554 6.107634 6.191692 6.251237
5.695934 5.64798 5.605372 5.558165 5.517243 5.469693 5.425628 5.375782 5.322984 5.281185 5.247401 5.245755 5.246464 5.244066 5.234926 5.206829 5.169219 5.153883 5.164043 5.210972 5.310274 5.427981 5.536285 5.652328 5.80174 5.91151 6.00988 6.091957 6.134216 6.141479 6.129978 6.112246 6.089388 6.067661 6.033054 6.051995 6.053569 6.089295 6.131526 6.153553 6.164093 6.176819 6.173592 6.189469 6.230049 6.244872 6.223236 6.197882 6.146506 6.110657 6.112685 6.07606 6.014438 5.942641 5.834525 5.754992 5.737659 5.793196 5.899811 6.036026 6.15137 6.267466 6.333253
5.716288 5.659584 5.614496 5.567683 5.523486 5.484231 5.44308 5.395918 5.349064 5.298686 5.250503 5.244226 5.242745 5.254321 5.266572 5.250584 5.238136 5.241494 5.261772 5.311476 5.417633 5.568321 5.730025 5.886518 6.029955 6.123284 6.205957 6.259274 6.268494 6.254501 6.23702 6.214877 6.177222 6.130969 6.104129 6.135816 6.146041 6.172731 6.21277 6.249459 6.271221 6.298399 6.323751 6.371444 6.398672 6.389349 6.346786 6.310768 6.294719 6.305193 6.320164 6.301283 6.250844 6.170121 6.061062 5.985247 5.956286 6.005925 6.07918 6.167626 6.259073 6.357153 6.43002
5.720652 5.673056 5.623864 5.577529 5.539921 5.501126 5.466392 5.422862 5.378575 5.333659 5.280436 5.253049 5.25414 5.267698 5.293103 5.32086 5.346173 5.381621 5.428795 5.485241 5.583428 5.768206 5.9411 6.09191 6.216946 6.295047 6.359307 6.392941 6.374421 6.328732 6.294193 6.250227 6.218263 6.183389 6.186549 6.218114 6.234013 6.249 6.299801 6.356211 6.396426 6.436306 6.495897 6.519185 6.500979 6.459918 6.416951 6.381203 6.392603 6.414609 6.429977 6.429218 6.400559 6.36408 6.318553 6.286948 6.282263 6.291868 6.29826 6.3195 6.367375 6.440884 6.517672
5.724232 5.682858 5.634386 5.590603 5.550357 5.52075 5.492633 5.453558 5.416276 5.378872 5.33172 5.285349 5.275698 5.287074 5.325637 5.385481 5.464954 5.555724 5.629973 5.699979 5.82688 5.965269 6.117463 6.253381 6.367234 6.428113 6.470013 6.479413 6.410225 6.344265 6.288181 6.240173 6.220318 6.21613 6.258255 6.303899 6.322422 6.355057 6.41461 6.473384 6.522998 6.553723 6.590649 6.563993 6.522521 6.471764 6.433702 6.422894 6.435017 6.438612 6.427167 6.40746 6.412858 6.441916 6.442036 6.453579 6.460516 6.459106 6.448362 6.445442 6.463269 6.506606 6.584458
5.716764 5.683042 5.647897 5.611829 5.573068 5.540619 5.519969 5.49758 5.467887 5.431098 5.394049 5.347492 5.333472 5.334532 5.371997 5.451313 5.570782 5.701949 5.81885 5.912048 6.058902 6.16312 6.271955 6.385925 6.477086 6.512702 6.506875 6.450333 6.359649 6.276753 6.222436 6.198774 6.214653 6.257989 6.325372 6.394479 6.421885 6.460252 6.517059 6.564566 6.576446 6.570547 6.578478 6.538106 6.495965 6.460314 6.440996 6.440702 6.42096 6.390055 6.352472 6.322516 6.318174 6.346627 6.402637 6.441013 6.486305 6.51493 6.53864 6.551277 6.548819 6.557391 6.603548
5.714226 5.68478 5.665583 5.640397 5.615169 5.582691 5.552804 5.538397 5.52834 5.503026 5.476491 5.443589 5.432881 5.439043 5.471636 5.546247 5.667549 5.819587 5.962963 6.117078 6.272564 6.356951 6.428178 6.489695 6.538818 6.509397 6.415605 6.295781 6.183188 6.119895 6.118723 6.16231 6.238307 6.322495 6.421046 6.489783 6.532656 6.56008 6.596033 6.620587 6.578948 6.526274 6.497159 6.451954 6.424484 6.416978 6.403955 6.374724 6.328176 6.276889 6.222112 6.172185 6.125385 6.116329 6.194663 6.26313 6.356879 6.446098 6.541536 6.595399 6.597978 6.586213 6.588391
5.720962 5.698759 5.681301 5.670787 5.664691 5.645148 5.611571 5.587342 5.588341 5.580615 5.568693 5.554219 5.570727 5.599803 5.64071 5.702062 5.796567 5.933838 6.117165 6.308129 6.443507 6.500333 6.541887 6.566436 6.532014 6.414279 6.263468 6.109332 6.019763 6.025651 6.110025 6.219431 6.308982 6.393204 6.492557 6.563836 6.627718 6.628419 6.604195 6.573912 6.49473 6.42323 6.381886 6.335753 6.299961 6.27453 6.229048 6.18904 6.130173 6.073173 6.020956 5.953565 5.905294 5.890694 5.954342 6.028609 6.128616 6.241263 6.380912 6.513278 6.585007 6.590324 6.568979
5.756975 5.731802 5.713794 5.704209 5.702682 5.711966 5.695783 5.665374 5.66485 5.672619 5.683062 5.691476 5.750991 5.820964 5.888203 5.94085 6.017114 6.172449 6.328372 6.480865 6.591855 6.619895 6.623905 6.598963 6.490615 6.330439 6.173472 6.07975 6.103911 6.191018 6.289947 6.368798 6.417067 6.439822 6.497424 6.550911 6.584984 6.571983 6.526179 6.462528 6.368664 6.285857 6.239323 6.192735 6.154915 6.099471 6.016769 5.939731 5.875714 5.8163 5.777874 5.756327 5.776435 5.855335 5.925946 5.991353 6.051274 6.132854 6.24666 6.393601 6.514098 6.58493 6.578812
5.81656 5.788745 5.776855 5.763669 5.759772 5.787148 5.801994 5.786618 5.778296 5.796492 5.819961 5.867322 5.956401 6.066565 6.173431 6.245636 6.361587 6.47011 6.581051 6.680242 6.738411 6.743072 6.711421 6.614736 6.444943 6.296909 6.216221 6.267639 6.365692 6.450548 6.493791 6.512897 6.50173 6.463347 6.46662 6.475859 6.448899 6.406123 6.362231 6.301424 6.213178 6.115387 6.046992 6.012014 5.990954 5.951347 5.89117 5.813491 5.742555 5.697021 5.688499 5.746112 5.872907 6.018479 6.10214 6.180202 6.22469 6.283571 6.329899 6.448607 6.585367 6.677711 6.69178
5.898077 5.89105 5.880989 5.868865 5.863727 5.88665 5.933163 5.953084 5.946421 5.966768 5.995591 6.076424 6.182837 6.312681 6.446568 6.598017 6.72287 6.80464 6.853471 6.897871 6.904123 6.8557 6.770299 6.609758 6.452329 6.372787 6.409667 6.513588 6.623494 6.65178 6.636063 6.60077 6.552062 6.497421 6.451237 6.392563 6.314651 6.238055 6.16399 6.103576 6.01455 5.912356 5.861677 5.870708 5.859747 5.853722 5.863002 5.847661 5.816054 5.800155 5.833363 5.955272 6.094421 6.231646 6.330686 6.411962 6.460066 6.515683 6.578331 6.669702 6.767893 6.81019 6.820291
5.990101 6.015522 6.017747 6.009542 6.010741 6.021746 6.086911 6.143025 6.162175 6.186686 6.236872 6.329284 6.443385 6.584673 6.77545 6.943817 7.062146 7.125248 7.134501 7.121205 7.064639 6.955404 6.810618 6.661769 6.583106 6.60703 6.693853 6.765646 6.789169 6.752723 6.696561 6.63138 6.573479 6.5118 6.460884 6.364463 6.264414 6.163077 6.044442 5.923721 5.82831 5.777756 5.77476 5.83699 5.889081 5.921038 5.94995 6.018216 6.058424 6.055422 6.132948 6.232791 6.34345 6.448874 6.538575 6.60458 6.645306 6.686021 6.723714 6.78712 6.832485 6.867196 6.899432
6.082181 6.132578 6.163284 6.17096 6.180882 6.190457 6.245271 6.330173 6.381173 6.415685 6.507992 6.595718 6.746658 6.937882 7.101623 7.252128 7.350855 7.40101 7.39602 7.337008 7.22038 7.084655 6.957153 6.867908 6.858212 6.89501 6.922371 6.905835 6.840651 6.769066 6.698065 6.633288 6.58076 6.517205 6.435521 6.338675 6.232974 6.1203 5.981468 5.840717 5.776217 5.785004 5.870567 5.979649 6.038361 6.081183 6.160636 6.246058 6.327015 6.367913 6.439373 6.507055 6.574937 6.634451 6.684571 6.709355 6.720116 6.724435 6.732173 6.769275 6.813413 6.879494 6.983899
6.148725 6.229354 6.287576 6.327385 6.355877 6.355439 6.380894 6.457773 6.537673 6.622161 6.741323 6.893996 7.065779 7.244257 7.402536 7.535581 7.603295 7.637343 7.626922 7.55616 7.446004 7.346758 7.263919 7.215189 7.19366 7.157014 7.078553 6.954221 6.830118 6.730619 6.672893 6.626012 6.57891 6.505096 6.412644 6.311139 6.202215 6.082673 5.963811 5.888327 5.888967 5.934317 6.028532 6.121737 6.174819 6.225939 6.336931 6.470586 6.575356 6.657232 6.720638 6.764112 6.781164 6.780402 6.771253 6.751272 6.749291 6.733912 6.736623 6.763784 6.806765 6.884452 6.983078
6.14278 6.262251 6.371638 6.451453 6.489618 6.493447 6.489473 6.528826 6.63236 6.75928 6.929192 7.124664 7.307952 7.479282 7.632811 7.756372 7.828785 7.855819 7.846419 7.808928 7.744308 7.689617 7.639922 7.582204 7.498206 7.355538 7.177629 7.007529 6.872425 6.78074 6.729633 6.676892 6.619701 6.535899 6.44032 6.33434 6.220509 6.086205 5.987672 5.973299 6.018047 6.077871 6.125504 6.186197 6.234883 6.313926 6.455962 6.636898 6.787195 6.908327 6.99612 7.029027 7.020633 6.971441 6.926087 6.888707 6.872637 6.844656 6.864194 6.864985 6.857261 6.880172 6.913948
6.114372 6.219749 6.358093 6.472679 6.556497 6.577719 6.574856 6.627441 6.730219 6.893846 7.076338 7.276691 7.463883 7.62788 7.759655 7.883364 7.9818 8.026806 8.041327 8.028282 8.009044 7.985196 7.940093 7.859025 7.710176 7.499789 7.306241 7.150126 7.043947 6.956948 6.889697 6.809835 6.712564 6.620984 6.5168 6.399569 6.277525 6.140318 6.054557 6.057001 6.098755 6.147498 6.177295 6.235558 6.344888 6.478081 6.614063 6.789908 6.974632 7.128302 7.252954 7.31776 7.319886 7.280611 7.23538 7.188162 7.12689 7.089216 7.065367 7.0194 6.965513 6.906583 6.86023
6.171661 6.210292 6.30171 6.430848 6.561662 6.635808 6.66035 6.734862 6.888747 7.053928 7.219475 7.392301 7.549826 7.697418 7.809866 7.893127 7.992844 8.081406 8.112281 8.119709 8.115053 8.096432 8.059484 7.979027 7.843723 7.65607 7.503528 7.378023 7.288708 7.199197 7.097535 6.974272 6.838388 6.707136 6.594162 6.483781 6.366351 6.232734 6.144261 6.136045 6.175727 6.230085 6.296049 6.4064 6.56337 6.729132 6.855774 6.963412 7.122812 7.295127 7.448958 7.5704 7.62133 7.623348 7.582346 7.522544 7.429613 7.315963 7.217319 7.143825 7.06567 6.975715 6.883646
6.374871 6.340644 6.364034 6.442466 6.566656 6.702562 6.808197 6.924079 7.06895 7.20714 7.34825 7.48317 7.602002 7.691144 7.750842 7.789893 7.845032 7.942499 8.013741 8.053401 8.061967 8.052587 8.027246 8.00416 7.950772 7.857809 7.743334 7.632241 7.551775 7.44048 7.303392 7.171709 7.016788 6.869552 6.726744 6.595308 6.465162 6.372219 6.299072 6.279024 6.320989 6.411993 6.529887 6.680607 6.853319 7.017538 7.139813 7.210558 7.299698 7.429497 7.5577 7.701109 7.778795 7.786211 7.78366 7.70257 7.570441 7.432251 7.305576 7.205364 7.116046 7.026318 6.940505
6.674633 6.620765 6.594573 6.610768 6.703807 6.831346 6.977444 7.124295 7.233322 7.333258 7.441431 7.538896 7.606993 7.627161 7.611257 7.600941 7.605756 7.671031 7.76791 7.852602 7.914599 7.942112 7.954168 7.994655 7.994879 7.971559 7.935233 7.885483 7.825089 7.716657 7.587239 7.421337 7.222488 7.03578 6.867619 6.728913 6.626585 6.560509 6.514266 6.508718 6.5809 6.695915 6.838398 6.975588 7.129552 7.273573 7.382401 7.449378 7.499915 7.566861 7.641224 7.72011 7.734666 7.712384 7.698691 7.622807 7.513442 7.396268 7.292752 7.208319 7.131277 7.049485 6.992471
7.015584 6.966597 6.903937 6.894687 6.952595 7.03701 7.139804 7.256072 7.338035 7.407863 7.482009 7.537723 7.561406 7.506077 7.445547 7.401758 7.368195 7.38457 7.474822 7.590085 7.703395 7.778174 7.813041 7.875317 7.932875 7.969691 8.021909 8.051663 8.014561 7.907274 7.753462 7.540638 7.321008 7.100395 6.941172 6.839629 6.800534 6.79227 6.777169 6.81343 6.908663 7.025455 7.149559 7.238369 7.327827 7.423738 7.504715 7.574218 7.631661 7.689805 7.714362 7.700792 7.638301 7.565303 7.500056 7.409524 7.322456 7.242004 7.175623 7.136842 7.087111 7.031937 7.002868
7.321991 7.294326 7.231838 7.177693 7.175884 7.200711 7.255212 7.330151 7.409422 7.457243 7.502129 7.528041 7.502366 7.428583 7.350914 7.271391 7.203861 7.149839 7.192183 7.323057 7.467714 7.579167 7.642344 7.722361 7.79195 7.880686 7.992615 8.075437 8.064444 7.966927 7.795604 7.57089 7.338417 7.144754 7.007982 6.970784 6.983839 7.022459 7.046824 7.124484 7.230704 7.32963 7.400149 7.422985 7.425936 7.439898 7.463777 7.508384 7.572608 7.647676 7.682882 7.632407 7.5144 7.422983 7.315825 7.20654 7.123703 7.06282 7.017283 6.978846 6.953464 6.933944 6.95093
7.584992 7.545961 7.479121 7.407836 7.353048 7.349434 7.367655 7.421148 7.491175 7.540168 7.56437 7.574135 7.52736 7.449931 7.379841 7.280483 7.164161 7.082424 7.053666 7.1201 7.247316 7.388295 7.499909 7.609636 7.726205 7.814891 7.900784 7.980283 7.968518 7.926497 7.818508 7.647015 7.475439 7.327733 7.221189 7.182661 7.203702 7.263854 7.298248 7.413685 7.519909 7.586585 7.59313 7.547476 7.478769 7.415992 7.375467 7.364408 7.407034 7.488896 7.497965 7.439355 7.334945 7.249197 7.147605 7.056808 6.988731 6.935443 6.895577 6.850615 6.818905 6.812 6.84657
