py_wake/examples/data/AJ_ParqueFicticio/Rough survey   Sector 8   Height 30m   Orographic speed.grd
DSAA
73  159
 258469   265669
 6501692   6517492
 .2408467   2.300954
[rows 112 to 139 of 159, columns 0 to 62 of 73]
1.334932 1.306906 1.294294 1.322917 1.361656 1.397773 1.43427 1.508032 1.630082 1.717889 1.78867 1.868483 1.82619 1.772167 1.670022 1.448436 1.327648 1.438724 1.53993 1.534452 1.414711 1.394176 1.344436 1.401561 1.56094 1.661102 1.702369 1.550802 1.329123 1.167489 1.099974 1.09405 1.067285 1.071787 1.060948 1.06287 1.128189 1.260341 1.425369 1.565551 1.727023 1.838482 1.856724 1.730049 1.608823 1.514055 1.458555 1.457921 1.472342 1.52444 1.477613 1.311378 1.124807 .9945884 .9505089 .9472232 .9574507 .9673577 .9634928 .9193367 .8952675 .9550893 1.022855
1.358972 1.348343 1.369012 1.409282 1.451398 1.499207 1.571842 1.678947 1.769537 1.800586 1.853302 1.937928 1.895186 1.791135 1.582425 1.366412 1.368469 1.531646 1.574841 1.499367 1.437928 1.389751 1.378996 1.497327 1.626161 1.67373 1.575859 1.352002 1.188041 1.116699 1.075287 1.144602 1.251758 1.31222 1.262578 1.250872 1.290039 1.397693 1.564849 1.702527 1.850047 1.920944 1.859759 1.676832 1.532731 1.451627 1.423986 1.412397 1.405273 1.356531 1.259613 1.110251 .9739422 .9120144 .8987635 .9459627 .9609482 .9797974 .9628383 .9308028 .9291384 .9526655 .9851993
1.437959 1.468104 1.492691 1.512201 1.542554 1.609563 1.722227 1.813924 1.839411 1.840866 1.941299 1.982271 1.88038 1.674782 1.434813 1.326924 1.467883 1.60209 1.555417 1.438649 1.41046 1.448337 1.463079 1.540601 1.597764 1.586282 1.463661 1.281853 1.127187 1.062329 1.092685 1.20547 1.257514 1.339291 1.396893 1.427426 1.505272 1.657953 1.830297 1.94912 2.034702 2.012577 1.850934 1.642729 1.532331 1.479485 1.434218 1.391006 1.339685 1.250589 1.109822 1.005064 .9032999 .894146 .9184994 .9427245 .9662746 .9716932 .9716703 .9758742 .992173 1.036204 .998238
1.515726 1.561391 1.583137 1.597327 1.62973 1.717266 1.810612 1.846851 1.864834 1.9207 2.026414 1.966833 1.821411 1.570328 1.422441 1.460798 1.643798 1.687671 1.629028 1.560318 1.551494 1.542666 1.487322 1.49839 1.483181 1.420293 1.30268 1.13442 .9988714 .9923335 1.087027 1.181841 1.211854 1.251812 1.312513 1.467663 1.690064 1.930572 2.142746 2.232642 2.19022 2.109901 1.923189 1.756884 1.64783 1.564103 1.464251 1.384801 1.30812 1.207759 1.100878 .98447 .904803 .9137435 .9449742 .9573005 .9675655 .9769761 .9790803 .9892613 1.000472 1.033269 1.034564
1.459178 1.52273 1.540662 1.575342 1.646736 1.740588 1.800566 1.841283 1.932864 1.98463 2.057474 1.989352 1.825119 1.656532 1.618543 1.741963 1.858029 1.866262 1.84781 1.833212 1.789429 1.679574 1.53144 1.448212 1.361146 1.296248 1.203674 1.027238 .9545544 1.014438 1.115097 1.14055 1.113967 1.151838 1.315724 1.554157 1.83149 2.054188 2.289281 2.300954 2.274413 2.150176 1.975494 1.846098 1.726056 1.62039 1.514603 1.409512 1.302327 1.192483 1.090448 1.012874 .9700202 .9466141 .9284831 .9469216 .9483669 .9680575 .9891967 .9964393 .9914559 1.025733 1.014223
1.34907 1.391414 1.412762 1.457851 1.565209 1.663778 1.742544 1.85695 1.988092 2.083033 2.092151 1.995428 1.887136 1.801689 1.798861 1.874701 1.958707 1.976755 1.981054 1.942551 1.865072 1.722326 1.559365 1.412238 1.333695 1.239022 1.108684 .9751669 1.010703 1.121843 1.173246 1.157535 1.189332 1.341576 1.531186 1.702852 1.865847 2.070888 2.154359 2.21291 2.060054 1.8864 1.736558 1.664345 1.62552 1.550287 1.473064 1.368326 1.249377 1.144829 1.061357 1.009973 .9853597 .9470916 .9381322 .9255387 .9196162 .9362944 .9395016 .9774004 1.013248 .9930112 .982258
1.140668 1.163139 1.214499 1.321407 1.468323 1.608442 1.736 1.877153 1.997097 2.065768 1.9961 1.973381 1.880158 1.816882 1.82023 1.858579 1.899556 1.898389 1.82823 1.759221 1.677267 1.593435 1.474123 1.340726 1.276894 1.212293 1.050035 1.028318 1.122841 1.212998 1.219526 1.21417 1.28711 1.464011 1.509846 1.575603 1.741309 1.907925 1.951619 1.83082 1.675849 1.525129 1.385017 1.320177 1.288479 1.291243 1.257491 1.186055 1.128498 1.074016 1.038124 1.016647 1.007552 .974164 .9687608 .9411392 .9456173 .9358617 .9289521 .9108836 .8590623 .8763806 .8313674
.9415669 1.006362 1.125407 1.305482 1.491853 1.650666 1.798583 1.924526 1.986034 2.001133 1.897895 1.762802 1.680048 1.636916 1.646507 1.684412 1.711388 1.622274 1.504198 1.408977 1.327838 1.253317 1.215723 1.259403 1.255596 1.221135 1.187935 1.174637 1.239451 1.289242 1.20586 1.183372 1.297707 1.35109 1.302786 1.424644 1.646956 1.785244 1.718071 1.551659 1.371002 1.230096 1.139594 1.117897 1.057609 1.015051 .9808243 .9609402 .9600103 .9632081 .9915141 1.017204 1.011131 1.002388 .9977753 .9872089 1.000059 .9918945 .9661052 .8661005 .7083009 .6133227 .5958642
.9881512 1.109272 1.26437 1.438708 1.599934 1.751138 1.904559 2.02635 2.024925 1.928344 1.713732 1.577753 1.477434 1.446108 1.503139 1.549166 1.543532 1.433495 1.322194 1.223997 1.150333 1.111719 1.109137 1.173332 1.273733 1.226369 1.205114 1.213706 1.223066 1.193294 1.091855 1.175774 1.25962 1.172458 1.181971 1.40023 1.637172 1.740284 1.66132 1.431124 1.258922 1.111573 1.05733 1.049375 .9691139 .8888933 .831293 .8201972 .8366281 .8753259 .9174896 .9482757 .983139 .995539 1.001587 1.014853 1.00056 .9966662 .8676872 .6975908 .5996765 .587842 .543487
1.22294 1.296883 1.425908 1.582987 1.731045 1.887121 2.038135 2.101145 2.004145 1.765096 1.585223 1.473549 1.368227 1.329854 1.41137 1.441727 1.395635 1.337257 1.267856 1.206701 1.153031 1.102121 1.075236 1.14394 1.1558 1.130109 1.119924 1.133694 1.143551 1.090741 1.061397 1.129686 1.115701 1.038705 1.187685 1.479589 1.731193 1.781806 1.612779 1.367908 1.213894 1.090334 1.019993 .975899 .911645 .8769767 .8500104 .8484677 .8632266 .8898888 .9256786 .9259377 .9352394 .9621973 .9842662 .9571657 .9505552 .8030761 .6066369 .5285997 .5103042 .5078742 .6163059
1.314248 1.382055 1.529578 1.695543 1.854436 2.043099 2.131237 2.160956 1.889301 1.656494 1.573115 1.431946 1.38056 1.387515 1.336559 1.289174 1.201844 1.160234 1.117425 1.097092 1.060542 1.001651 1.026974 1.015705 1.020427 .9667892 1.076337 1.092089 1.112589 1.060016 1.082052 1.072483 1.007848 1.097129 1.386154 1.693261 1.822358 1.771797 1.529043 1.303333 1.152554 1.033771 .9486252 .888908 .8476137 .8664217 .9047014 .9168137 .9239247 .9370217 .9344897 .9388089 .9100919 .8951446 .8712904 .840607 .7577993 .5996723 .5483636 .5572204 .6735799 .7861732 .8933541
1.373938 1.486451 1.675665 1.84074 2.016538 2.136407 2.198544 2.056883 1.754137 1.605863 1.555974 1.510055 1.447474 1.437622 1.355943 1.257062 1.16571 1.033815 .9291595 .8770486 .8674951 .8907325 .9701976 1.024976 .9858431 .9700972 .9408817 1.014019 1.073573 1.097288 1.106762 1.064247 1.113997 1.348963 1.615455 1.772052 1.781559 1.612367 1.35254 1.148111 1.039505 .9433165 .8949697 .845045 .8161981 .8363101 .8625615 .9259666 .9667966 .966335 .954989 .9484438 .9307573 .870524 .7675394 .629844 .5350049 .4914554 .5891075 .7581466 .8918356 .9461864 1.024187
1.507771 1.683437 1.837171 1.977132 2.118734 2.201798 2.122812 1.856988 1.586727 1.516253 1.512236 1.488851 1.466814 1.47653 1.4641 1.398434 1.286555 1.171484 1.065619 1.026644 1.006368 1.06008 1.120145 1.124582 1.042232 .9475515 .9311072 .9730479 1.047218 1.090798 1.105724 1.156712 1.322044 1.530878 1.663274 1.723132 1.641709 1.410974 1.185243 1.004515 .8877845 .8825446 .897637 .900096 .880453 .8444775 .840483 .8778024 .9280704 .9773411 .9833517 .9737982 .9418855 .8442133 .6940975 .5348862 .4744572 .5798569 .7136208 .8596644 .9492806 1.020672 1.071619
1.587402 1.760739 1.923687 2.038481 2.139739 2.034312 1.846616 1.593922 1.428039 1.422359 1.45412 1.395088 1.40915 1.488113 1.477554 1.503963 1.460006 1.419785 1.365706 1.393428 1.401626 1.412297 1.353292 1.213337 1.054287 .9664884 .9850457 1.108646 1.177499 1.209257 1.21673 1.252702 1.374457 1.494178 1.591033 1.611853 1.463869 1.245351 1.084405 .9558926 .8788145 .8442251 .8778991 .9064883 .9197452 .9076569 .8780686 .8777054 .8775562 .9058363 .9472726 .914564 .8094912 .6261694 .4989969 .499344 .5201676 .6243895 .7796378 .9290596 .9810317 1.040813 1.134427
1.694999 1.836776 1.978624 2.071054 2.060671 1.877237 1.664502 1.525394 1.442372 1.402189 1.389342 1.324318 1.357652 1.351859 1.307858 1.319958 1.347673 1.383284 1.477696 1.55555 1.559289 1.5105 1.403077 1.240367 1.159934 1.161729 1.285415 1.368102 1.410814 1.353317 1.280658 1.271321 1.30581 1.4368 1.529975 1.507645 1.326901 1.164214 1.038826 .9273357 .8775847 .8411505 .8166195 .8321712 .8440733 .8668309 .8655067 .8392243 .8289002 .7796404 .7537685 .648729 .4608176 .4276914 .4356408 .4472834 .4824626 .6587263 .9528845 .9949055 1.019117 1.09164 1.11839
1.793029 1.929377 2.043078 2.057657 1.943622 1.765584 1.620909 1.536096 1.432699 1.369538 1.309808 1.321447 1.295143 1.197841 1.150523 1.215524 1.224099 1.316205 1.415817 1.463768 1.420913 1.353158 1.24463 1.175303 1.16562 1.216436 1.311948 1.401472 1.399253 1.326995 1.273184 1.192437 1.326614 1.476416 1.510074 1.407057 1.237467 1.108187 .9623877 .8361437 .7756224 .7960756 .8195753 .8011184 .7949044 .8024031 .8177373 .8145019 .7776773 .7546538 .6391852 .4635466 .4632307 .4209402 .3616218 .431621 .6860915 .9656917 1.023723 1.009183 1.036511 1.062351 1.038098
1.795347 1.967083 2.041575 2.037291 1.902946 1.655759 1.566151 1.480998 1.376816 1.319655 1.334378 1.263193 1.223538 1.133313 1.124798 1.202986 1.203921 1.249156 1.287262 1.246156 1.163303 1.130698 1.069587 1.021222 1.061386 1.11346 1.179286 1.186525 1.175245 1.147411 1.09027 1.239707 1.38967 1.460041 1.414608 1.269367 1.091819 .9300765 .7888331 .7003508 .7004676 .7202492 .7312961 .7748884 .8004115 .8030441 .8029432 .8328701 .854317 .8091624 .742226 .6323008 .5798003 .583917 .7366568 .8909823 1.02632 1.065665 1.008287 .9403644 .9773691 .9641319 .9184185
1.875322 2.041006 2.073806 1.984331 1.755045 1.455547 1.365707 1.30592 1.216128 1.20966 1.219284 1.189643 1.184453 1.160964 1.174751 1.183351 1.160282 1.165951 1.159159 1.089775 1.008526 1.0105 .9431509 .9219047 .9735793 1.021907 1.036973 .9963346 .9731144 .9494277 1.011399 1.140919 1.280663 1.284698 1.212958 1.075842 .8895037 .7284542 .6478204 .6125643 .6720222 .688555 .6992157 .7102661 .7685541 .8071959 .8323947 .8510993 .8611816 .8576659 .7659339 .7036473 .6970648 .8104473 .9820596 1.107029 1.091009 1.013681 .9200647 .8685534 .9040875 .9136235 .9393111
2.075757 2.14949 2.04867 1.810036 1.509663 1.28643 1.274502 1.18765 1.13021 1.140764 1.150285 1.169269 1.185877 1.222116 1.199478 1.150373 1.109386 1.135089 1.077541 .9896911 .9468175 .9506642 .8688325 .9089549 .9612153 .9917486 .9823429 .9763646 .9980127 .9883646 .9567203 1.042483 1.098713 1.121053 1.037929 .9088787 .7481919 .7020795 .7045939 .7019867 .7299753 .7232639 .7094026 .7321408 .7518865 .7903062 .8553309 .883182 .8596843 .8009372 .7039185 .7252463 .7692764 .9571457 1.053657 1.056543 1.039146 .9886346 .9432 .9467365 .9918 .9867946 .9782806
2.288128 2.171573 1.918811 1.65828 1.356022 1.299025 1.300542 1.227385 1.246148 1.276943 1.274105 1.289632 1.307079 1.231908 1.180688 1.131737 1.147955 1.111071 1.075559 .989005 .9439048 .9248037 .8419664 .8887131 .9298486 .9721955 1.037111 1.11165 1.194852 1.15743 1.071936 1.027926 1.059812 1.020828 .9564741 .8700999 .7938491 .7869339 .8027453 .8068219 .795672 .8023277 .8183223 .8267071 .8512059 .8971326 .8814446 .8824859 .8556941 .7301179 .6697525 .7693739 .9246666 1.059075 1.06716 1.042433 1.051641 1.054148 1.034421 1.030703 1.033249 .9912488 .9901485
2.268789 2.019388 1.765482 1.56868 1.315052 1.287084 1.251601 1.259376 1.311358 1.333801 1.376288 1.357688 1.297734 1.25702 1.187913 1.17168 1.155318 1.161123 1.049576 1.004909 .9368259 .9058763 .8488615 .8530083 .9269266 1.017333 1.147314 1.277537 1.312206 1.255214 1.184714 1.135891 1.146167 1.075595 1.02741 .898687 .8913128 .8949333 .8831121 .8636834 .867165 .8964637 .9145264 .935755 .9878221 .9746857 .9349368 .8863679 .7703723 .6392283 .7248505 .8656214 1.044742 1.093406 1.07249 1.052255 1.067002 1.045325 1.046253 1.011524 1.010036 1.003971 1.002131
2.169566 1.843852 1.603024 1.408012 1.188904 1.210086 1.226065 1.241686 1.279213 1.294505 1.284725 1.250112 1.211633 1.172573 1.147343 1.180675 1.145551 1.080181 1.004672 .9491721 .9472805 .8965833 .8640369 .8827818 .9350099 1.058313 1.183178 1.277409 1.245757 1.20465 1.194723 1.218242 1.222405 1.139329 1.062758 1.008654 .933557 .8647444 .8339534 .8238472 .856318 .8603138 .923773 .989737 1.01923 .9944549 .9456732 .8654186 .7215488 .6937746 .7623772 .8578384 .9681497 1.01834 1.036621 1.060147 1.072166 1.047088 1.068595 1.067155 1.036119 1.031001 1.029508
1.987376 1.692141 1.468876 1.262199 1.153204 1.248294 1.330617 1.350924 1.349117 1.351108 1.275965 1.203421 1.131684 1.076559 1.038109 1.091356 1.043803 .9669496 .9239919 .9225979 .9005774 .8860403 .8341349 .8481886 .8982209 1.049231 1.162602 1.226839 1.12517 1.07444 1.069181 1.10977 1.116417 1.121397 1.052079 .9863029 .9063542 .8543549 .8232881 .7838031 .7776123 .8114111 .8796943 .9264571 .9449026 .9221019 .8695474 .7886754 .6698399 .7037812 .7655902 .8285544 .8845583 .936034 .9992608 1.038857 1.068142 1.078195 1.100851 1.072131 1.071331 1.07853 1.091393
1.861621 1.615954 1.42694 1.237722 1.245309 1.363746 1.419485 1.397227 1.3951 1.36859 1.306763 1.212856 1.126963 1.05585 1.044025 .9995388 .9835971 .9397502 .9094151 .9020011 .8660885 .8509048 .8497594 .8644996 .8955027 1.079879 1.187931 1.217987 1.11733 1.029896 .9893802 .9872572 .9711405 .9929006 .9500212 .8933548 .8746251 .8167628 .7767837 .7740628 .788339 .8251607 .8554722 .8686516 .8317292 .769724 .6543027 .5858868 .5878774 .6421357 .7522145 .8216546 .8723673 .9290645 .9781379 1.007622 1.046232 1.08304 1.095599 1.084122 1.067091 1.086503 1.097994
1.786223 1.57173 1.395043 1.291346 1.309322 1.367245 1.320847 1.260904 1.288616 1.278066 1.231935 1.181329 1.144404 1.112487 1.057531 1.035658 .9865459 .8879938 .9095233 .8725436 .8401736 .8684036 .8868335 .906566 .9959189 1.154822 1.233603 1.212668 1.062438 .9898601 .9697852 .9456351 .8923839 .8613464 .8172388 .812759 .8074659 .7822477 .806651 .8256712 .8208286 .8471742 .855004 .7887582 .7094212 .6176551 .540876 .5374923 .5939272 .7208421 .8064681 .8478038 .8675103 .9024991 .95672 .9890808 1.017219 1.053717 1.078877 1.078226 1.07174 1.06382 1.071303
1.666911 1.46718 1.339086 1.247763 1.278885 1.233544 1.144359 1.167519 1.211117 1.163196 1.078698 1.052634 1.10057 1.091776 1.053876 .9915477 .942645 .8943279 .8547447 .811119 .8624417 .9058416 .9049165 .9415442 1.076543 1.190783 1.236794 1.145278 1.010193 .9084677 .8881462 .8739133 .849983 .7869008 .7729253 .7485281 .7735391 .7954948 .826574 .8706562 .8703691 .8797809 .8810457 .7782845 .7136601 .6693162 .6936715 .7450086 .8509558 .8749402 .8453909 .8275564 .840768 .8735462 .8947477 .9179053 .9476316 .9834706 1.001392 1.020829 1.045304 1.05204 1.04758
1.476352 1.326565 1.230655 1.161598 1.134936 1.04751 1.066954 1.158132 1.15137 1.055805 .9769471 .9736712 .9993982 .9708079 .9465979 .9781733 .9234366 .8798065 .8436029 .8596944 .8741983 .8861601 .8909886 .9817801 1.115516 1.153864 1.190504 1.052246 .9406477 .8580985 .8204932 .827392 .8195989 .8128928 .7601991 .7665091 .7678933 .8019086 .8371039 .8601204 .8871907 .9097041 .8505759 .7964011 .7707034 .7531449 .8151973 .8628473 .8896171 .8729648 .8177695 .7797118 .7931095 .8484915 .8759874 .8700722 .8556279 .8646945 .8839013 .9336557 .9784129 1.011209 1.034185
1.338545 1.229093 1.168152 1.04862 .9773957 .9977895 1.120905 1.211818 1.133372 1.008713 .9781273 .9660968 .9246045 .8944894 .8644343 .9289469 .9242243 .8749092 .8744763 .913601 .9202406 .9176794 .9475878 1.049841 1.100467 1.089131 1.05393 .9683917 .8755136 .8485936 .8397822 .8069976 .8323684 .8131202 .7823508 .784594 .7738278 .8079617 .8366098 .8409905 .8456335 .8463309 .8043366 .709595 .6883684 .7076009 .7541037 .7774425 .7710968 .7777984 .8247015 .9005961 .9387267 .9736916 .9059205 .8485726 .8228541 .8327965 .8475405 .8772393 .9218854 .9717395 1.020694
