py_wake/examples/data/AJ_ParqueFicticio/Rough survey   Sector 3   Height 30m   Mean speed.grd
DSAA
73  159
 258469   265669
 6501692   6517492
 .0483088   10.46584
[rows 84 to 111 of 159, columns 0 to 62 of 73]
3.304557 3.294639 3.283355 3.288172 3.283581 3.299081 3.341362 3.356711 3.365111 3.393805 3.418901 3.437128 3.401457 3.353054 3.341326 3.379786 3.422653 3.42522 3.401655 3.526457 3.566267 3.617821 3.64051 3.694766 3.914267 4.432366 5.058757 5.52505 5.748056 5.293929 4.950736 4.736926 4.635033 4.658642 4.391684 3.821251 3.505561 3.424197 3.814081 4.346619 4.63939 4.555841 4.561253 4.454802 4.211167 4.103486 4.185837 4.189346 4.154323 3.943219 3.846727 3.892758 3.94768 3.97573 3.977107 3.840679 3.72736 3.546409 3.327281 3.205714 2.921676 2.542069 1.944024
3.260566 3.2782 3.265395 3.239619 3.22508 3.289154 3.317846 3.32912 3.340138 3.375469 3.398055 3.389057 3.362587 3.278272 3.367888 3.447704 3.461193 3.397463 3.413201 3.489389 3.492891 3.615339 3.657501 3.777893 4.107977 4.68434 5.133091 5.441751 5.477425 5.066009 4.908413 4.744092 4.520717 4.342752 4.013141 3.619732 3.476131 3.534201 4.051106 4.478805 4.600176 4.57537 4.441746 4.355875 4.365025 4.226613 4.286503 4.378699 4.127119 4.027236 3.922522 3.789115 3.889676 3.954094 3.97996 3.969268 3.79759 3.618031 3.452879 3.223796 2.856548 2.237545 1.579559
3.179483 3.209743 3.20585 3.177988 3.224536 3.279248 3.300246 3.289743 3.337973 3.360511 3.364554 3.336025 3.347392 3.312085 3.358627 3.441445 3.43467 3.43095 3.459907 3.404157 3.458401 3.530381 3.642363 3.782477 4.123251 4.596432 5.015199 5.208547 5.124856 4.888986 4.774485 4.575597 4.36903 4.183366 3.928809 3.633606 3.437242 3.682408 4.391514 4.503498 4.502551 4.433498 4.481024 4.471097 4.501157 4.416659 4.316729 4.407265 4.288861 4.031103 3.941284 3.998351 3.945827 4.030571 4.020492 4.088642 3.922702 3.700773 3.357252 3.063776 2.540777 1.754624 1.249774
3.119142 3.130932 3.121119 3.155238 3.201321 3.233834 3.25797 3.29217 3.315428 3.340967 3.333353 3.321154 3.331087 3.3497 3.349586 3.395085 3.409061 3.412649 3.408975 3.384391 3.416855 3.43048 3.545158 3.703329 4.000868 4.413755 4.73397 4.981019 4.992133 5.012393 4.949175 4.928548 4.63907 4.347451 3.982083 3.532291 3.393219 4.140434 4.34352 4.480239 4.512226 4.503105 4.611854 4.714311 4.621655 4.532743 4.444882 4.42481 4.323845 3.982826 3.888204 4.147157 4.312545 4.133262 4.148956 4.274997 3.973444 3.585321 3.123946 2.803833 2.069749 1.349091 1.210364
3.090599 3.064029 3.044978 3.136402 3.170394 3.169717 3.200505 3.227723 3.24174 3.291464 3.304998 3.286737 3.286316 3.340559 3.368867 3.333069 3.315317 3.371438 3.372076 3.346727 3.346337 3.401383 3.458808 3.6746 3.968048 4.350829 4.683809 5.127606 5.365104 5.606072 5.485812 5.102109 4.851676 4.560254 4.163843 3.590761 3.59326 4.084924 4.34777 4.497828 4.585863 4.763294 4.87941 4.773638 4.589841 4.393121 4.446456 4.354327 4.15404 3.847075 3.817961 4.18389 4.406445 4.320747 4.276424 4.075432 3.88319 3.378234 2.939119 2.529398 1.668221 1.388651 1.417497
3.051879 2.99181 3.056305 3.107455 3.135158 3.143833 3.175273 3.137529 3.158729 3.220423 3.261345 3.265589 3.25883 3.312473 3.327736 3.237161 3.258925 3.285094 3.28405 3.308892 3.328434 3.393105 3.554622 3.906512 4.323662 4.636516 5.105936 5.727213 6.028289 6.174225 5.658298 5.156171 4.837371 4.490146 3.994228 3.619227 3.676015 4.241471 4.419021 4.610889 4.763565 4.825024 4.788882 4.392063 4.148357 4.040142 4.099835 3.891903 3.586567 3.517675 3.668138 4.032771 4.098811 4.138262 4.058422 3.969876 3.66324 3.050546 2.649328 2.393049 1.495177 1.506811 1.580291
3.008751 3.023797 3.075174 3.038867 3.084292 3.117333 3.115213 3.115791 3.13508 3.134736 3.200472 3.218377 3.226698 3.269501 3.306828 3.27296 3.212675 3.162791 3.272393 3.250975 3.374976 3.519746 3.808413 4.376874 4.874694 5.471217 5.965903 6.473237 6.712501 6.302202 5.574407 5.08808 4.765809 4.250865 3.739502 3.841691 4.187936 4.191748 4.504989 4.726359 4.823748 4.918936 4.441019 4.058258 3.936918 4.306719 4.198874 4.139895 3.685597 3.302302 3.637297 4.028126 4.031106 4.187669 4.098939 3.876306 3.237097 2.749799 2.434884 2.194846 1.741637 1.706341 1.825797
3.04072 3.020696 3.028823 3.013409 3.006946 3.034639 3.101156 3.132414 3.123525 3.145872 3.162735 3.16424 3.214599 3.243075 3.27389 3.211759 3.129117 3.102005 3.272076 3.38188 3.520018 3.783173 4.205863 4.910957 5.590875 5.984392 6.495343 6.981979 6.892074 6.215605 5.430983 5.04732 4.779353 4.088427 3.614277 4.265215 4.364778 4.372768 4.544986 4.905433 4.994604 4.686722 4.380234 4.131732 4.60527 4.771311 4.625102 4.0622 3.583092 3.524442 4.099913 4.36656 4.308333 4.206419 3.958938 3.338731 2.852734 2.686578 2.802504 2.583055 2.066053 1.790663 2.006903
2.995927 2.980334 2.989047 2.963521 2.92053 3.036185 3.1061 3.120269 3.166907 3.163834 3.174355 3.170915 3.188826 3.231848 3.255467 3.163776 3.072747 3.146798 3.475116 3.695192 3.863974 4.152185 4.781803 5.390046 6.1678 6.327269 6.835973 7.247272 6.826592 6.170458 5.464254 5.072237 4.67578 3.76593 3.595874 4.403733 4.570607 4.570304 4.708552 4.961665 4.850677 4.692027 4.553942 4.774878 5.010009 4.875953 4.403421 3.876272 3.658551 3.892893 4.393833 4.51594 4.339346 4.164988 3.729608 3.263454 3.283988 3.329354 3.323257 3.024712 1.897081 1.622285 2.000065
2.968556 2.955986 2.928004 2.906675 2.944685 3.019132 3.100652 3.123968 3.154814 3.196967 3.192547 3.141762 3.173098 3.219748 3.225344 3.204863 3.147168 3.372051 3.842621 4.150067 4.563109 4.837982 5.321433 5.963623 6.556325 6.60918 7.068315 7.363482 6.932528 6.126846 5.415069 4.912806 4.088836 3.324304 3.995008 4.642894 4.62512 4.472015 4.893469 5.058435 5.092194 5.151393 5.054802 5.038537 5.007791 4.624767 4.072535 3.82332 4.06082 4.299842 4.464702 4.461801 4.273723 3.917442 3.653239 3.55424 3.610695 3.810969 3.633942 3.124156 1.488343 1.108936 1.76448
2.907038 2.908225 2.892951 2.894664 2.904977 3.005059 3.084278 3.114123 3.145361 3.201461 3.192787 3.11657 3.156998 3.218457 3.265161 3.273156 3.333735 3.739777 4.360522 4.677898 5.136005 5.162743 5.861294 6.482844 6.938791 7.00934 7.202018 7.498344 6.770381 5.820293 5.108569 4.531325 3.783602 3.422434 4.057544 4.812357 4.769828 4.597966 5.053039 5.698383 5.548921 5.471308 5.248719 5.029435 4.647688 4.127441 3.896295 4.008005 4.273634 4.387632 4.453787 4.421274 4.118317 3.964523 3.67814 3.592408 3.75265 3.625069 3.443907 3.142416 1.928117 .9311326 .7283402
2.834717 2.870277 2.839439 2.887648 2.926357 2.97868 3.056335 3.1549 3.215396 3.203692 3.180707 3.146626 3.17944 3.23439 3.329955 3.369944 3.606814 4.204197 4.774486 5.087862 5.547113 5.612845 6.156086 7.060884 7.481428 7.516558 7.500504 7.168087 6.360002 5.318473 4.619976 4.173639 3.631376 3.539253 4.575922 4.93049 4.875393 4.760383 5.506958 5.915345 5.849044 5.543884 5.092414 4.659088 4.277365 3.934158 4.06544 4.177907 4.298268 4.346196 4.37266 4.359956 4.018205 3.84503 3.630446 3.699086 3.72522 3.473683 3.352005 3.152392 2.448875 .9759873 .736249
2.779668 2.805892 2.87677 2.913794 2.969237 3.002375 3.074707 3.178643 3.229635 3.20107 3.168031 3.18205 3.238445 3.312372 3.477725 3.692957 3.992942 4.424544 5.054638 5.559525 6.002588 5.96857 6.393605 7.578249 7.823023 7.677938 7.159546 6.149454 5.009931 4.344306 3.951876 3.98369 3.871904 3.847561 4.829099 5.187788 5.245074 5.281177 5.527977 6.131741 5.678801 5.266594 4.677185 4.266763 4.169538 4.132142 4.243888 4.246293 4.240031 4.176715 4.269124 4.233107 3.798724 3.443358 3.569329 3.831133 3.656151 3.444808 3.433984 3.144548 2.693704 1.188444 .8438185
2.693142 2.816479 2.889256 2.958086 2.999468 3.093844 3.136646 3.161512 3.229815 3.224605 3.218637 3.266329 3.301327 3.485694 3.788599 4.13214 4.399832 4.630335 5.421034 5.995842 6.404794 6.268073 6.663462 7.657871 7.828457 7.144577 5.658051 4.411833 4.031807 3.96434 4.275074 4.570012 4.296977 4.148702 4.93017 5.553938 5.451835 5.451939 5.521485 5.74544 5.315113 4.810639 4.373708 4.133979 4.092556 4.182333 4.033519 3.944697 3.877748 3.830787 4.050838 3.504162 2.955055 2.988473 3.434884 3.457216 3.59936 3.30947 3.266348 3.146043 2.712377 2.047154 .5669767
2.694445 2.827441 2.920822 2.984028 2.95493 3.120407 3.225248 3.150931 3.218688 3.287955 3.317941 3.373893 3.477697 3.810112 4.283429 4.560534 4.793105 5.253801 6.075223 6.598324 6.737051 6.474814 7.036665 7.667479 7.208862 5.83882 4.299015 4.020579 4.396843 4.949716 5.431625 5.311268 4.649606 4.355941 4.949834 5.747357 5.680945 5.205376 5.110538 5.272839 5.016081 4.435326 4.104034 3.984225 3.958638 3.800036 3.544602 3.384902 3.212198 3.361025 3.121013 2.901231 2.82941 3.264155 3.588524 3.769362 3.529389 3.485814 3.30971 2.890204 2.533871 1.924463 .5574356
2.680029 2.811312 2.988159 3.045816 2.993525 3.129671 3.301419 3.224252 3.253597 3.4011 3.482825 3.581839 3.798952 4.295207 4.819533 4.946318 5.241122 5.939769 6.747127 7.244404 7.03929 6.879886 7.124203 7.301663 6.137547 4.550603 3.969135 4.713621 5.764751 6.264665 6.055128 5.481942 4.600709 4.485549 5.199795 5.72284 5.366831 4.880364 4.790374 4.853014 4.398667 4.033584 3.840353 3.535296 3.640309 3.475136 3.255593 2.856462 2.851205 2.741944 2.891712 2.981764 3.28121 3.92024 4.163554 4.189074 3.956714 3.649956 3.261623 2.982799 2.799321 2.111982 .6866583
2.800977 2.95461 3.087582 3.166601 3.144976 3.158588 3.350713 3.449781 3.373248 3.58289 3.786345 3.934203 4.209211 4.686924 5.189499 5.364807 5.83696 6.506743 7.090407 7.514634 7.386845 7.257965 6.995827 5.985225 4.626091 4.240723 4.797244 6.175148 6.766273 6.631659 6.056868 5.248675 4.516847 4.520688 5.130649 5.306028 4.981846 4.470109 4.451265 4.423778 3.995352 3.630518 3.478796 3.378087 3.353992 3.132657 2.839841 2.567038 2.796527 3.009961 3.265028 3.663005 4.327641 4.599491 4.62756 4.525301 4.230962 3.829545 3.369063 3.169591 2.798344 1.584279 1.143227
2.962563 3.137394 3.175817 3.276165 3.351854 3.300079 3.444864 3.718761 3.614716 3.80951 4.160705 4.305775 4.685627 5.189107 5.661097 6.048405 6.461548 6.851818 7.330325 7.720197 7.531243 6.899726 5.957047 4.617428 4.487244 4.951143 6.301224 7.048706 7.074172 6.478434 5.702128 4.903525 4.393255 4.58183 5.101176 4.985592 4.757664 4.282738 4.148444 3.588484 3.392454 3.29844 3.232023 3.56679 3.474298 3.260689 2.670951 2.61324 3.360074 3.773629 4.032518 4.559806 4.917633 5.072747 4.963602 4.783885 4.372577 4.086279 3.719688 3.377635 2.229013 .5787988 1.827886
3.100519 3.190458 3.252432 3.415255 3.668494 3.614266 3.558354 3.961649 3.961256 4.133584 4.579006 4.807677 5.322239 5.92162 6.365694 6.719678 6.903261 7.1315 7.50433 7.589267 7.014976 6.042119 5.068131 4.616613 5.441157 6.513663 7.240007 7.233338 6.728903 5.94881 5.27714 4.732676 4.45883 4.672755 4.843647 4.627162 4.405499 3.975171 3.449285 3.197839 3.230523 3.369329 3.609409 4.110835 4.07345 3.20129 2.579294 3.151723 3.874004 4.183386 4.434977 5.033599 5.389106 5.398753 5.222131 4.862378 4.383209 4.139772 3.721926 3.099314 1.381597 2.830119 2.137626
3.19867 3.238557 3.355619 3.685934 4.052968 3.902886 3.646285 4.143572 4.385118 4.552333 5.013138 5.290355 5.865 6.631749 6.91628 7.169515 7.191825 7.268942 7.378911 7.155891 6.446751 5.608118 5.206876 5.491257 6.523655 7.144408 7.279598 6.707923 5.846622 5.293854 4.993059 4.729007 4.543366 4.484035 4.490488 4.243956 3.937487 3.459795 3.064077 3.026614 3.531433 4.085568 4.762715 4.734595 3.975753 3.055725 2.911072 3.529482 4.039732 4.426869 4.714999 5.382626 5.743251 5.566186 5.036479 4.499934 4.168952 3.863532 3.458944 2.734947 1.163019 .6959264 .5947131
3.2127 3.319556 3.565587 4.029094 4.336972 3.996825 3.795297 4.350856 4.611697 4.824857 5.265457 5.768616 6.514729 7.180881 7.376276 7.446798 7.280571 7.239179 7.374168 7.086932 6.509022 5.975211 5.699749 6.144753 6.930206 6.919897 6.515387 5.743372 5.277619 5.197558 5.167017 4.891249 4.446155 4.274185 4.228918 4.135563 3.606674 3.073023 2.983545 3.355485 4.100065 4.750545 4.794344 4.307868 3.263367 3.151967 3.233766 3.790743 4.202564 4.586875 5.047877 5.596099 5.845034 5.365669 4.680365 4.46102 4.267375 3.884513 3.364287 2.740844 1.442597 1.246048 1.213174
3.258254 3.44684 3.738014 4.154093 4.327782 4.04564 4.075538 4.617988 4.851017 5.136232 5.66239 6.359379 7.215901 7.642523 7.842556 7.533567 7.348285 7.209002 7.397092 7.198535 6.734314 6.356493 6.006655 6.220983 6.451533 6.147534 5.721262 5.339063 5.392048 5.545765 5.482553 4.913903 4.343149 4.137241 4.176405 3.816063 3.16619 2.74316 3.070593 3.610814 4.22244 4.630537 4.342384 3.781229 3.289791 3.646745 3.881299 3.900336 4.455171 4.893756 5.400255 5.754985 5.953005 5.299491 4.819746 4.748732 4.401792 3.773859 3.165439 2.676198 1.531634 1.267296 1.12555
3.481296 3.553227 3.78931 4.097532 4.233492 4.220072 4.395058 4.84746 5.144763 5.588751 6.197906 7.071355 7.82363 8.112525 8.092539 7.573623 7.200388 7.279295 7.157794 6.980645 6.831785 6.36259 5.936283 5.684528 5.607738 5.711664 5.682336 5.565063 5.744387 5.955934 5.512236 4.762858 4.1899 3.969652 3.82339 3.203757 2.575766 2.700529 3.338779 3.814667 4.297636 4.28345 4.073286 3.967517 3.926466 4.421833 4.51454 4.003954 4.379252 5.310865 5.977422 6.316718 6.164818 5.693341 5.187789 4.961233 4.275908 3.430393 2.885056 2.554748 1.489344 .7784455 .835658
3.752789 3.789507 3.960689 4.120039 4.295329 4.558379 4.865682 5.24438 5.645977 6.15473 6.85772 7.714313 8.383416 8.523255 8.237082 7.413626 6.865364 7.005698 6.943335 6.876774 6.567996 6.151276 5.377218 5.243196 5.45161 5.688843 5.76742 5.8737 6.094424 6.030982 5.271493 4.508857 4.015564 3.680845 3.346765 2.806596 2.407941 2.722786 3.564882 4.004391 4.317167 4.463336 4.689243 4.754943 4.627176 5.057775 4.926373 4.273042 4.272449 5.384389 6.422153 6.869062 6.812856 6.059083 5.31562 4.766782 3.937014 3.143603 2.717181 2.536036 1.608108 .5626771 .3552378
4.061324 4.067534 4.312113 4.580948 4.720513 4.921337 5.301152 5.733005 6.105352 6.559284 7.2756 8.23792 8.686173 8.597534 8.133338 7.152277 6.483754 6.670812 6.801328 6.582055 6.488461 5.994523 5.152505 5.009957 5.463338 5.701776 5.781295 5.99997 6.188561 5.858741 5.017346 4.378973 3.827793 3.444687 3.049076 2.589811 2.272333 2.893551 3.788 4.240644 4.587974 5.214098 5.690347 5.603749 5.220538 5.360991 5.091676 4.326103 4.223139 5.270865 6.683712 7.11713 7.098798 5.758839 4.747738 4.165956 3.520804 3.044783 2.763319 2.610635 1.892895 1.143826 .1650843
4.372901 4.36488 4.59416 5.033251 5.277492 5.451982 5.785643 6.104704 6.327772 6.748337 7.545354 8.416683 8.713033 8.412458 7.526349 6.818793 6.236436 6.467166 6.499055 6.537495 6.433538 5.932646 4.884006 4.936525 5.377909 5.629076 5.914866 6.374343 6.158062 5.575263 4.73328 4.034595 3.417601 2.839347 2.561353 2.305094 2.312202 3.099366 4.109069 4.715779 5.330001 6.07115 6.554739 6.29673 5.717402 5.504968 4.908082 4.213566 4.222461 5.316551 6.688192 7.013704 6.634154 5.153932 4.078494 3.525372 3.170186 2.967173 2.834533 2.678238 2.065382 2.407172 1.436565
4.703781 4.680912 4.819699 5.170795 5.396368 5.604005 6.024523 6.116735 6.452428 6.905564 7.713258 8.469008 8.309112 7.774706 7.070132 6.575064 6.184914 6.116149 6.290666 6.45164 6.281802 5.77822 4.884502 4.706112 5.245717 5.747842 6.429902 6.45329 6.007426 4.901616 3.797083 3.003413 2.546145 2.325124 2.408143 2.38247 2.67917 3.407451 4.492953 5.24554 5.998114 6.86278 7.243546 6.765728 5.854056 5.348914 4.68359 4.032955 4.085374 5.394094 6.56342 6.956041 5.834645 4.522964 3.576444 3.095709 2.863739 2.839181 2.819973 2.578454 1.727696 1.598681 .2734828
4.838668 4.757838 4.763791 5.018636 5.294758 5.614718 5.914068 6.081251 6.613838 7.198718 7.820982 8.422046 8.077802 7.569017 7.153351 6.468897 5.978052 6.025811 6.4518 6.498697 6.137014 5.606122 4.782499 4.621067 5.492672 6.518949 6.910965 6.780925 5.318017 4.027397 3.017642 2.478182 2.339524 2.449779 2.614225 2.771078 3.054736 3.903287 4.972764 5.861429 6.622283 7.493083 7.638146 6.776875 5.786199 5.103021 4.51511 3.95234 4.16791 5.390333 6.40046 6.166971 4.868834 3.691943 3.034231 2.737665 2.635151 2.718781 2.840511 2.55368 1.04297 .6690181 .7658029
