py_wake/examples/data/AJ_ParqueFicticio/Rough survey   Sector 1   Height 200m   Orographic turn.grd
DSAA
73  159
 258469   265669
 6501692   6517492
-10.85354   12.10055
[rows 54 to 80 of 159, columns 0 to 61 of 73]
-1.425851 -1.343584 -1.289772 -1.231563 -1.162856 -1.100368 -1.116171 -1.135911 -1.179173 -1.196979 -1.217281 -1.212129 -1.211779 -1.203467 -1.182265 -1.186256 -1.159811 -1.099304 -1.042175 -.972116 -.9081522 -.9580392 -1.043584 -.9464723 -.8122852 -.7893603 -.7900575 -.8008798 -.7907091 -.6147546 -.1874508 .4041767 .9029146 1.307603 1.746215 2.326131 3.144457 3.99015 4.530287 4.831805 5.204679 5.879299 6.519744 7.075671 7.322525 7.362879 7.11173 6.668818 5.996267 5.282765 4.374645 3.503869 2.692228 1.785747 .5115182 -.8643938 -1.936548 -2.144562 -1.864243 -1.733035 -2.267171 -3.441453
-1.341257 -1.281065 -1.246293 -1.162247 -1.124061 -1.105194 -1.095956 -1.143883 -1.17263 -1.192802 -1.203521 -1.197941 -1.213534 -1.204367 -1.163385 -1.174049 -1.127974 -1.098148 -1.01343 -.9866349 -.9564982 -.9587571 -.9748742 -.8680536 -.767996 -.7492321 -.7486051 -.8030527 -.8311356 -.5481274 -.05530273 .6301799 1.154238 1.593664 1.986143 2.4245 3.149801 4.003085 4.641082 4.983986 5.377929 5.783678 6.409801 6.96672 7.362111 7.569726 7.588348 7.180774 6.406184 5.364267 4.263061 3.221156 2.289059 1.291962 .2134632 -.8478838 -1.783062 -2.137597 -2.098345 -2.062973 -2.413351 -3.298946
-1.268616 -1.26959 -1.184367 -1.117921 -1.06792 -1.071032 -1.106826 -1.176846 -1.190737 -1.221005 -1.213797 -1.227205 -1.257727 -1.235272 -1.178175 -1.171575 -1.143722 -1.091226 -1.039846 -1.015923 -1.00323 -.9518195 -.8588536 -.7931699 -.7183421 -.7005709 -.6760212 -.641484 -.5423869 -.1869498 .3329962 .9174337 1.491536 1.932116 2.350746 2.694988 3.195894 3.904116 4.632507 5.119224 5.516351 5.696443 6.099952 6.510821 6.944935 7.300958 7.540597 7.298897 6.57777 5.49722 4.284326 3.117707 2.003314 .927333 -.05164045 -.9174386 -1.62505 -2.034365 -2.226617 -2.385267 -2.671133 -3.357471
-1.238297 -1.301433 -1.167995 -1.054358 -1.036129 -1.095613 -1.16038 -1.216695 -1.247345 -1.229171 -1.218236 -1.214536 -1.219785 -1.29576 -1.225483 -1.165206 -1.148486 -1.10757 -1.042461 -1.033972 -.9620124 -.8910391 -.8028504 -.742934 -.6438911 -.5641716 -.5125406 -.3469939 .02112057 .3949627 .7912952 1.253981 1.736143 2.258693 2.639275 2.978295 3.371811 3.904956 4.609062 5.154393 5.517386 5.676708 5.828796 6.058476 6.428055 6.806854 7.067295 7.009884 6.601387 5.677769 4.394009 3.094429 1.854147 .7123049 -.1074118 -.8235927 -1.562613 -2.083886 -2.458099 -2.61221 -2.858749 -3.39821
-1.332904 -1.33271 -1.161069 -.98722 -.9495955 -1.08941 -1.185602 -1.263592 -1.272957 -1.240815 -1.20562 -1.206979 -1.194523 -1.26261 -1.212247 -1.165095 -1.138882 -1.104862 -1.073356 -1.043471 -.8966042 -.8301142 -.7475489 -.6467553 -.6069742 -.5223961 -.3727247 -.05481911 .4857873 .979066 1.299079 1.644719 2.087595 2.499095 2.941467 3.253696 3.594963 4.094592 4.654974 5.162415 5.548428 5.664129 5.614744 5.667952 5.900596 6.238413 6.510469 6.579529 6.396866 5.786328 4.598429 3.149886 1.78598 .7543178 .05528854 -.5893986 -1.477301 -2.225651 -2.714197 -2.880286 -2.987434 -3.297515
-1.45615 -1.298613 -1.107034 -.9627193 -.8838902 -.997758 -1.19214 -1.285928 -1.28928 -1.255936 -1.213802 -1.159581 -1.161012 -1.227988 -1.207435 -1.150949 -1.105084 -1.073368 -1.045276 -.9887233 -.8814149 -.7605895 -.6617082 -.6320482 -.5279944 -.4523109 -.3061158 .07305095 .6750114 1.285219 1.712115 2.028018 2.424925 2.936722 3.374267 3.71674 4.030827 4.365905 4.778078 5.204652 5.495333 5.534948 5.513566 5.350122 5.357876 5.601215 5.832927 6.064258 6.216364 5.908868 4.837983 3.338472 1.895761 .9553019 .4378968 -.2460143 -1.281685 -2.149712 -2.780071 -3.13113 -3.210411 -3.293628
-1.434949 -1.231632 -1.037311 -1.007085 -.937299 -.959415 -1.141616 -1.319744 -1.309798 -1.255793 -1.205336 -1.155547 -1.141824 -1.205342 -1.159051 -1.08869 -1.066423 -1.036668 -1.000543 -.8960766 -.8256375 -.6867004 -.6294802 -.5589733 -.4734921 -.4381717 -.2632649 .06526061 .5889454 1.221288 1.784678 2.210251 2.654241 3.229206 3.834566 4.231377 4.483214 4.748824 4.973513 5.268155 5.513795 5.503074 5.385237 5.178709 4.961555 5.003995 5.092467 5.295286 5.618105 5.711435 4.925272 3.583347 2.129548 1.262158 .8141962 .1274841 -.9929852 -1.963878 -2.748822 -3.313747 -3.478086 -3.401244
-1.341811 -1.170744 -1.068982 -1.154497 -1.22645 -1.205777 -1.250907 -1.3282 -1.292447 -1.25371 -1.198997 -1.175851 -1.147969 -1.117817 -1.070401 -1.020511 -.9928265 -.9899906 -.943 -.8343837 -.7419893 -.6196474 -.5411714 -.4658022 -.3909272 -.3080856 -.09627679 .2150173 .6247449 1.222124 1.707434 2.198033 2.690715 3.304271 3.947896 4.383075 4.724916 4.943779 5.188739 5.347674 5.502755 5.605953 5.586982 5.204136 4.841413 4.637729 4.544195 4.541831 4.792784 5.031638 4.80019 3.858937 2.499371 1.579617 1.104686 .5282015 -.6146268 -1.845897 -2.745079 -3.41181 -3.703107 -3.652649
-1.306777 -1.157379 -1.226956 -1.329653 -1.408801 -1.447567 -1.403757 -1.332464 -1.284107 -1.231422 -1.200741 -1.167526 -1.113729 -1.038537 -1.007768 -.9754586 -.9335647 -.9639624 -.850772 -.760593 -.6658538 -.6119221 -.4736965 -.3822843 -.2517985 -.06422818 .1584249 .4584424 .7617282 1.132266 1.599273 2.071992 2.559299 3.129104 3.79718 4.344732 4.736868 5.004049 5.249954 5.431444 5.54255 5.697407 5.651224 5.36995 4.822476 4.493235 4.29475 4.057806 3.881465 4.075147 4.207208 3.950398 3.016171 2.026523 1.365093 .7553495 -.2994235 -1.696781 -2.786853 -3.579985 -3.934664 -4.010787
-1.269547 -1.257588 -1.373624 -1.480261 -1.530118 -1.507634 -1.429969 -1.343477 -1.272127 -1.196185 -1.180498 -1.131894 -1.069104 -1.026726 -.9699426 -.9452069 -.9249577 -.9087169 -.8245189 -.7052088 -.6715716 -.5860424 -.4163108 -.2356042 -.06725011 .2163088 .5208771 .7478503 1.014098 1.239292 1.56757 1.877674 2.301393 2.894495 3.560745 4.189367 4.561307 4.900453 5.20026 5.439182 5.594789 5.703563 5.705545 5.452607 4.984141 4.463885 4.160104 3.78665 3.349656 3.148906 3.306881 3.628573 3.44104 2.545296 1.581713 .8030972 -.2281078 -1.661386 -2.900421 -3.721377 -4.138804 -4.162092
-1.237224 -1.342132 -1.475112 -1.567435 -1.59498 -1.573131 -1.463702 -1.382928 -1.271472 -1.196602 -1.169753 -1.114722 -1.075026 -1.014595 -.9913707 -.947874 -.9244307 -.8343997 -.7276252 -.6780816 -.6804591 -.5524103 -.3757985 -.1257398 .1344543 .4736045 .7834746 1.083192 1.347835 1.458091 1.604178 1.821945 2.189944 2.702235 3.312206 3.804973 4.196113 4.570195 4.955959 5.264316 5.472307 5.650755 5.776102 5.734191 5.198665 4.659029 4.104845 3.60398 3.085538 2.637879 2.586229 3.027166 3.358271 2.847591 1.750327 .634726 -.5005916 -1.886536 -3.110826 -3.895226 -4.251135 -4.069234
-1.232082 -1.373246 -1.524204 -1.640374 -1.667385 -1.618836 -1.531665 -1.425932 -1.304926 -1.222369 -1.179789 -1.122093 -1.057966 -1.018177 -1.001938 -.9470252 -.8625256 -.7666956 -.6826837 -.6296905 -.5589948 -.4331913 -.2652468 -.04218207 .2313002 .5775623 .958432 1.339879 1.667087 1.798543 1.85003 1.938517 2.213211 2.574937 3.03395 3.373809 3.730958 4.15165 4.572772 4.94156 5.186733 5.442197 5.799337 5.919845 5.590464 4.898232 4.201352 3.560424 3.032568 2.433049 1.983181 2.230866 2.711525 2.789648 1.950853 .5386645 -.9294403 -2.216724 -3.366509 -4.064663 -4.054754 -3.744399
-1.294727 -1.410552 -1.578053 -1.700471 -1.69154 -1.669641 -1.584206 -1.493897 -1.39899 -1.289672 -1.195813 -1.158994 -1.09471 -1.050844 -1.013024 -.916671 -.8053511 -.6672925 -.6042169 -.5631731 -.4869739 -.3225595 -.2060213 -.08278853 .1755002 .5120741 1.018977 1.481416 1.879679 2.079259 2.148481 2.251188 2.412923 2.530676 2.764439 2.992567 3.228008 3.651298 4.182267 4.552492 4.880593 5.231626 5.720444 6.00846 5.880961 5.316549 4.424052 3.716654 3.174108 2.572955 1.832628 1.58813 1.838055 2.016061 1.63099 .3822403 -1.151194 -2.512505 -3.599587 -4.159036 -4.051754 -3.609205
-1.33138 -1.424314 -1.605259 -1.723091 -1.762443 -1.686554 -1.581465 -1.534818 -1.421131 -1.354944 -1.257365 -1.178307 -1.137383 -1.092867 -.9927292 -.8641857 -.722568 -.6012319 -.4932057 -.4493594 -.3648725 -.3011607 -.3158605 -.2259299 .03712954 .4234889 .9984929 1.477428 1.907837 2.199361 2.40444 2.557015 2.667841 2.668458 2.680488 2.737374 2.870771 3.114194 3.655175 4.053573 4.559762 5.119515 5.633507 5.983435 5.983808 5.541523 4.782441 3.957044 3.329902 2.766798 2.090162 1.441513 1.20585 1.116744 .9217221 .2035029 -1.018059 -2.466702 -3.553016 -4.236296 -4.352232 -4.081138
-1.322791 -1.466011 -1.621806 -1.712655 -1.757434 -1.687407 -1.609502 -1.549486 -1.456095 -1.386995 -1.314006 -1.23341 -1.15014 -1.116895 -.9971242 -.8429059 -.6720356 -.5194532 -.4362633 -.3914976 -.3390627 -.3299696 -.454848 -.3501344 -.0941843 .3958854 .8990513 1.345738 1.783672 2.230125 2.579168 2.81383 2.898906 2.893174 2.812505 2.777048 2.736828 2.772818 3.100021 3.550905 3.989724 4.672506 5.317935 5.738075 5.85681 5.704324 5.210895 4.364487 3.61721 3.04975 2.423485 1.668171 1.044087 .5637612 .2300773 -.1923608 -1.007947 -2.099825 -3.054668 -3.88456 -4.354262 -4.504397
-1.382073 -1.455096 -1.605303 -1.726441 -1.711018 -1.67151 -1.597727 -1.579905 -1.502268 -1.418633 -1.334278 -1.252177 -1.153983 -1.094286 -.8949265 -.7089057 -.5518069 -.4327607 -.3906163 -.3846835 -.3991658 -.4576305 -.5118248 -.3604109 -.04020381 .3906414 .7595909 1.1515 1.59596 2.076165 2.60744 3.020727 3.21749 3.219806 3.088099 2.95824 2.777282 2.695099 2.773081 3.096914 3.538394 4.033321 4.585644 5.004194 5.276629 5.431162 5.24145 4.601001 3.908707 3.349424 2.816049 1.897061 1.015126 .3449919 -.1015937 -.4776731 -.8369503 -1.600415 -2.497049 -3.32705 -4.034332 -4.493658
-1.418548 -1.416268 -1.548223 -1.662653 -1.62581 -1.610414 -1.63256 -1.642923 -1.562286 -1.480253 -1.359755 -1.225507 -1.109661 -1.007361 -.7734833 -.5686197 -.4750096 -.4083342 -.4002336 -.3781091 -.4339169 -.4570665 -.3903083 -.2182737 .07743931 .324427 .618701 .9392549 1.394124 1.935857 2.40707 2.915503 3.446608 3.566475 3.491343 3.224287 3.005938 2.749962 2.713086 2.802825 3.113952 3.561035 3.87878 4.191013 4.465522 4.733925 4.769746 4.32707 3.702328 3.240107 2.731388 1.865042 .9623191 .4118505 .1073482 -.1879576 -.5325407 -1.087221 -1.91548 -2.770397 -3.5999 -4.191727
-1.491014 -1.472286 -1.478393 -1.541797 -1.459927 -1.537703 -1.669206 -1.699158 -1.634596 -1.521857 -1.389583 -1.223104 -1.063784 -.8670127 -.6746806 -.5045725 -.5453954 -.4778648 -.3986396 -.3919861 -.3602804 -.3443899 -.184024 -.08804765 .166845 .275593 .5279216 .7572866 1.142586 1.603015 2.214277 2.917878 3.463691 3.794338 3.772667 3.582134 3.301412 2.988198 2.81754 2.844553 2.900561 3.125491 3.345435 3.495169 3.743926 3.953055 4.001571 3.757908 3.239268 2.674895 2.114829 1.53355 .9759686 .7791269 .8069604 .6906059 .3114979 -.3957161 -1.212617 -2.116259 -3.021699 -3.746223
-1.574978 -1.561245 -1.523685 -1.421596 -1.391816 -1.491497 -1.712021 -1.732407 -1.627414 -1.486179 -1.359843 -1.208829 -1.014896 -.8363478 -.6101547 -.5606229 -.6158249 -.575241 -.4878853 -.4093023 -.2972044 -.2236612 -.05538707 .06607933 .1494279 .2943027 .4211068 .6151603 .97068 1.53455 2.157219 2.884075 3.574565 3.890506 3.921438 3.854833 3.606927 3.261045 3.02388 2.914566 2.777649 2.804486 2.83902 2.996448 3.163773 3.30793 3.348032 3.158502 2.684175 2.059617 1.440908 .9642401 .6621364 .7223577 1.104198 1.389313 1.295422 .5422083 -.3496006 -1.337712 -2.295788 -3.117922
-1.638309 -1.617831 -1.508495 -1.487167 -1.465151 -1.499946 -1.682552 -1.666819 -1.523976 -1.485748 -1.353088 -1.225911 -1.023834 -.8671886 -.6755948 -.5902581 -.7060637 -.6536806 -.5586467 -.4328519 -.3034323 -.1505437 .08656505 .2015842 .2939348 .4085905 .4461239 .6209407 .9452004 1.500879 2.1285 2.699342 3.393926 3.784619 3.8887 3.867459 3.738872 3.518073 3.296876 3.042258 2.828768 2.582329 2.435768 2.512126 2.626453 2.721416 2.837641 2.682856 2.384238 1.84712 1.284477 .7571317 .4589354 .3627337 .7287099 1.309981 1.673941 1.395208 .6482237 -.3514804 -1.362917 -2.323988
-1.718371 -1.689236 -1.585384 -1.564506 -1.545126 -1.506556 -1.640623 -1.539595 -1.446818 -1.462761 -1.353282 -1.247379 -1.124555 -.9665343 -.749887 -.6669157 -.7714011 -.7075149 -.6286703 -.4894579 -.3237437 -.07269678 .1795406 .3379981 .4666014 .554436 .6628141 .7793406 1.14387 1.653306 2.189262 2.707416 3.188068 3.609172 3.75841 3.791112 3.771665 3.632999 3.467386 3.209457 2.856861 2.462734 2.216408 2.139824 2.054087 2.135824 2.260905 2.255024 2.145129 1.807792 1.377274 .926331 .5291486 .2798197 .3535317 .7906501 1.464182 1.849831 1.538972 .6947384 -.37467 -1.49087
-1.80011 -1.745299 -1.688273 -1.695089 -1.699731 -1.681179 -1.585328 -1.439067 -1.392847 -1.438002 -1.388564 -1.310305 -1.215737 -1.142558 -1.03978 -.882019 -.8115079 -.7260827 -.6544877 -.5692067 -.3224591 -.06927636 .2532917 .4663474 .6165737 .7161044 .8618727 1.140247 1.503907 1.967044 2.427382 2.911016 3.239122 3.423304 3.622364 3.679583 3.683716 3.597632 3.399408 3.113968 2.725693 2.270299 1.947176 1.595544 1.487456 1.387797 1.630791 1.837574 2.062574 1.880839 1.506249 1.117677 .7078649 .3289329 .04306353 .3044245 1.206311 1.961478 2.103948 1.505037 .4978783 -.7729278
-1.880953 -1.817815 -1.770164 -1.758173 -1.834972 -1.760025 -1.620759 -1.486887 -1.457204 -1.435879 -1.422564 -1.363305 -1.288307 -1.300348 -1.222464 -1.06631 -.881644 -.7485963 -.6448933 -.5647534 -.3654155 -.1074396 .232829 .4642371 .6358951 .7705729 .9541621 1.341116 1.812345 2.351473 2.808158 3.148158 3.405644 3.501124 3.571759 3.610298 3.551426 3.436633 3.190111 2.833096 2.399 1.906609 1.42218 1.071003 .9221138 .9901144 1.249971 1.668348 1.977598 1.938648 1.525322 1.031382 .5518102 .09672041 -.1538207 .2427336 1.167807 1.97024 2.430044 2.089031 1.134779 -.2293577
-1.938989 -1.914502 -1.871567 -1.85723 -1.92098 -1.840973 -1.697407 -1.560955 -1.515746 -1.463275 -1.440771 -1.426729 -1.382375 -1.330744 -1.248588 -1.064293 -.9530126 -.7840155 -.6931693 -.5494048 -.3065098 -.0697821 .1943656 .4519619 .5811794 .6743242 .9184096 1.381065 2.047442 2.755537 3.310577 3.493997 3.623415 3.621205 3.529818 3.470177 3.407804 3.197344 2.792751 2.481727 2.043286 1.451666 1.111793 .9533951 .9179816 1.042767 1.118518 1.374458 1.711349 1.692779 1.333902 .8528943 .2941735 -.04872665 -.03254826 .3672243 .9472238 1.645141 2.069031 2.048978 1.307001 .07948461
-2.02752 -2.029843 -1.999145 -1.988547 -2.0509 -1.975927 -1.823627 -1.685792 -1.584238 -1.495514 -1.448866 -1.405913 -1.424504 -1.371826 -1.271055 -1.134758 -1.010562 -.869062 -.7352641 -.5301891 -.2207044 -.03271093 .2447575 .3904989 .4319396 .5729268 .8912228 1.517174 2.364763 3.24954 3.772104 3.888519 3.853755 3.670943 3.433734 3.293006 3.153851 2.828191 2.349235 2.037429 1.583549 1.181627 1.103488 1.171981 1.297126 1.330151 1.221738 1.133475 1.128539 1.125386 .9833279 .679893 .3446797 .1155122 .1967248 .4468713 .772501 1.169413 1.380933 1.324638 .7995034 -.08757826
-2.163678 -2.161984 -2.150618 -2.171732 -2.178118 -2.062767 -1.92526 -1.745789 -1.602514 -1.547242 -1.470952 -1.445784 -1.450745 -1.41495 -1.306538 -1.182603 -1.072996 -.9689509 -.7514924 -.4706808 -.2225908 .01446395 .2172987 .3082412 .4388165 .648937 1.087558 1.757997 2.755286 3.656404 3.994094 4.015096 3.939056 3.633992 3.417831 3.207087 2.86174 2.402905 1.919215 1.548097 1.276787 1.23754 1.438656 1.582554 1.705478 1.685288 1.4794 1.211307 .8820555 .7824534 .7718018 .7168796 .6259281 .5656711 .5584956 .6798183 .8129712 .9411574 .913515 .6415637 .1030618 -.6465929
-2.342877 -2.352119 -2.333429 -2.31426 -2.222851 -2.097452 -1.943386 -1.840426 -1.734348 -1.670696 -1.559685 -1.480723 -1.512132 -1.40896 -1.241758 -1.160263 -1.118215 -.9481062 -.7500425 -.4645513 -.1741011 .0346541 .2038959 .3560399 .5814124 .9526439 1.496257 2.23386 3.129888 3.751763 4.002285 3.889077 3.765629 3.493609 3.308447 3.074888 2.670023 2.102492 1.620883 1.402363 1.358589 1.61281 1.983967 2.116655 2.061936 1.907048 1.697576 1.43058 1.042266 .81332 .7995064 .8492518 .8966598 .893904 .9314279 .8814484 .8894511 .7707653 .4824363 .0839059 -.4363555 -1.100904
