py_wake/examples/data/AJ_ParqueFicticio/Rough survey   Sector 3   Height 30m   Orographic speed.grd
DSAA
73  159
 258469   265669
 6501692   6517492
 .05140821   2.584912
[rows 28 to 55 of 159, columns 0 to 62 of 73]
.931321 .9352997 .937099 .9376835 .938024 .9388757 .9381839 .9377558 .9413332 .9459969 .949874 .9530077 .9526369 .9556682 .9521981 .9500796 .9493033 .9502686 .951117 .9538468 .9574643 .9543808 .9503114 .9419701 .9273867 .9033146 .8813986 .8807083 .8910891 .8952757 .9036462 .9038906 .8743073 .8194902 .7446889 .8501288 .8954599 .8664678 .8485208 .7771667 .7377347 .7669355 .7694632 .8196778 .8170291 .8054492 .7656255 .7467137 .814061 .8941846 .9535069 1.048862 1.275132 1.415632 1.387058 1.569072 1.900602 1.972963 1.734909 1.369023 1.116804 .8795436 .672572
.929419 .9330637 .9377477 .9393795 .9416213 .9423795 .9411232 .9404291 .9452938 .9494762 .9535283 .9563838 .9592454 .9499886 .9476949 .9459943 .9468201 .9498149 .9533914 .9592125 .9539653 .9446064 .9400936 .9340461 .9225621 .9044419 .8878148 .8824034 .8846489 .8899512 .8925949 .8923111 .8641339 .803172 .7921779 .8711002 .8614626 .8375999 .8258385 .7916855 .7674081 .7534154 .7596399 .7854729 .7967491 .780929 .7586325 .767301 .8544583 .9610224 1.030909 1.143056 1.318942 1.471863 1.533906 1.74661 1.984652 1.956102 1.641465 1.285839 1.023544 .750432 .6214777
.9285036 .9321194 .9363526 .9387056 .9417221 .9431809 .9432881 .9409324 .9443346 .9496143 .9526098 .9552861 .9566876 .9423879 .9391527 .9415746 .9453461 .9500996 .9583203 .9612306 .9512641 .9411567 .9326502 .9262846 .9166776 .9045395 .8933457 .8871994 .882214 .8844552 .8864763 .8885941 .8579202 .8097568 .8022938 .8340184 .8410941 .8300759 .808788 .7977663 .7725685 .7296025 .7674332 .7820863 .7748557 .7778526 .7900687 .8507863 .9410343 1.045122 1.101361 1.227344 1.37138 1.534752 1.703349 1.87753 1.998338 1.859924 1.475521 1.142374 .8393548 .6382111 .6488959
.9286533 .9318634 .9341746 .9363662 .9398927 .9416318 .9426899 .9400145 .94359 .946833 .9499213 .9528122 .9534186 .9376429 .9351147 .9390048 .9448752 .9544138 .9670151 .9572362 .947891 .9393653 .9291286 .9203585 .9130016 .9034789 .8949757 .89399 .8890774 .8843375 .8863093 .8739507 .8289595 .8030474 .8090584 .8287948 .8218898 .8098128 .790202 .7938826 .7704523 .7529352 .7549064 .7831504 .7872792 .7825746 .8163063 .9169322 1.01758 1.080868 1.15998 1.284877 1.419351 1.571349 1.761131 1.914183 1.958854 1.698663 1.305269 .9934801 .7228216 .5897679 .8525329
.9304074 .9325776 .9349307 .9366596 .9392446 .9400385 .9410725 .9416679 .943013 .9448241 .9469323 .948688 .9495502 .9350427 .9344497 .9390764 .9473323 .9628335 .9651249 .9528474 .9433267 .9354997 .9260498 .9176384 .9097626 .9009229 .8943525 .8937587 .8851386 .883175 .8793086 .8621372 .8259236 .8074641 .8163197 .8291371 .8226298 .7896407 .7680159 .7854452 .7913655 .7660383 .7680994 .7770318 .7908902 .8249328 .8974602 .9598583 1.008445 1.08088 1.173063 1.282754 1.415555 1.573935 1.791529 1.909815 1.87173 1.537303 1.175398 .900246 .6949436 .692736 1.10778
.9347252 .9351723 .936119 .9389856 .9407762 .9433027 .9421645 .9444538 .9449832 .9466507 .9472618 .9478359 .9437196 .9339369 .9398562 .9446476 .9526885 .9700428 .9617582 .9490632 .9383495 .9301749 .9228695 .9145806 .9080523 .9017094 .8969327 .9007628 .8923939 .8797717 .8728005 .8596596 .8365051 .8188177 .8117407 .8124541 .8077333 .7658161 .7626344 .7693906 .7712851 .777551 .7832146 .7795388 .8011336 .8404093 .9226435 .9635463 .9921079 1.054943 1.145418 1.295242 1.430367 1.576652 1.755832 1.928578 1.796897 1.432729 1.121474 .907808 .743361 .8526252 1.332331
.9364172 .9375413 .937959 .9403207 .9414008 .9449937 .9424219 .9438205 .9468623 .9481719 .9509926 .9504628 .9466051 .9439512 .9511399 .9560797 .9635012 .975766 .9577463 .942091 .9293818 .9203286 .9136775 .9081125 .9036918 .9008768 .9032694 .8992637 .8922182 .8816008 .8689278 .8586279 .8440647 .8321965 .8132596 .7951676 .7970601 .7662771 .7463475 .7306687 .7356799 .7703589 .7943761 .8426553 .8043081 .8470287 .9021525 .9453681 .9786639 1.073651 1.172383 1.336224 1.493022 1.61772 1.793076 1.910194 1.750996 1.453579 1.172742 .93422 .8232173 1.023229 1.467143
.9307447 .9357337 .9384289 .9400635 .9409866 .9415176 .943277 .9442449 .9455597 .9483276 .9512249 .951892 .9503742 .946934 .9578487 .9670946 .9757904 .9745641 .9495577 .9270319 .9128222 .9062724 .9041836 .9017884 .9011732 .9062281 .9047033 .8986278 .8902339 .8802983 .8678751 .8546923 .841003 .8281558 .8019229 .7842661 .7902651 .7825016 .7288203 .6528473 .6995285 .7472627 .8326311 .8899201 .8991886 .8985792 .9367933 1.001199 1.05912 1.15353 1.251423 1.415399 1.5497 1.655946 1.782038 1.8937 1.781374 1.539328 1.189571 .9122283 .8854343 1.212657 1.575719
.9230286 .928144 .9340006 .9401008 .9441149 .945696 .9471892 .9456509 .9463866 .9475967 .9507825 .952801 .9522434 .9464566 .9582885 .9702805 .9801207 .9818016 .941135 .912774 .895312 .8942106 .8966113 .9004153 .9066669 .9091997 .90334 .896522 .8879467 .8783015 .8652691 .8490525 .8367498 .8359204 .8225819 .8030455 .7802693 .7558257 .6856419 .6605402 .6732205 .749534 .8778668 .9734294 1.021217 .9645135 .9966372 1.080994 1.183714 1.285721 1.352591 1.45928 1.575551 1.649299 1.761998 1.87272 1.810513 1.544422 1.139809 .9115586 1.065335 1.444944 1.728071
.9143394 .9236991 .9313294 .9387665 .9471716 .9520022 .9406286 .9446787 .9466417 .9490711 .9483722 .9497847 .9518875 .9451813 .9562143 .9633269 .9670454 .9657098 .9501926 .9224969 .8884509 .8903034 .8961493 .9028439 .9118539 .908989 .9018286 .8934014 .8844175 .874266 .8581451 .848637 .8477138 .8473213 .8470344 .8356916 .7790117 .7352075 .7088436 .6493261 .6889281 .8069856 .9342725 1.045387 1.105614 1.078265 1.050476 1.155022 1.227907 1.27978 1.315947 1.397087 1.486389 1.560366 1.699821 1.851748 1.792914 1.519349 1.14094 1.049391 1.349447 1.678431 1.847418
.9233222 .9280627 .9339986 .9375107 .9419867 .9477243 .9374013 .9424893 .9466061 .9494079 .948997 .9504498 .9507508 .9524228 .9539351 .9539521 .951946 .9462559 .9360158 .9219954 .8947917 .9000847 .9036329 .9092716 .9153051 .9085473 .8999831 .8918775 .8823993 .8697665 .8520687 .8568156 .8578998 .8558403 .8568227 .8206331 .7571921 .7323621 .6985039 .6791737 .7293149 .8420141 .9762346 1.110253 1.168665 1.109381 1.053696 1.128698 1.186279 1.199754 1.261819 1.34762 1.445502 1.553508 1.701141 1.871922 1.839864 1.535431 1.25675 1.327886 1.686723 1.811883 1.87039
.9293531 .9370025 .9411358 .9439611 .9430056 .9454752 .945983 .9470381 .9501773 .9543138 .9567147 .9572793 .956755 .9536963 .9515278 .9486809 .9470454 .9424127 .932907 .9175532 .9091215 .9137512 .9172087 .9230176 .9164733 .9059951 .8979655 .8907189 .8807729 .8669408 .8581982 .8610957 .8640995 .8662318 .8644286 .8330653 .780521 .7366827 .670347 .6977975 .7648157 .8986261 1.018072 1.145576 1.228766 1.14629 1.059024 1.147668 1.17461 1.156468 1.254131 1.352422 1.480582 1.596888 1.751743 1.9419 1.859463 1.641588 1.518374 1.66873 1.812784 1.869943 1.755573
.9294918 .9365903 .9439383 .9500144 .9523555 .9497948 .9496842 .9511667 .9553285 .9605436 .9650547 .9690604 .9549368 .9464626 .9460772 .9472379 .94649 .9417998 .9360287 .9272545 .9238207 .9210731 .9248072 .9308875 .9104416 .8949179 .8917051 .8862929 .8801458 .8734968 .8762309 .8739985 .8712502 .8759499 .8760125 .8652455 .822772 .7491508 .7008165 .7718484 .8696786 1.004214 1.093911 1.195321 1.275921 1.219761 1.152422 1.206221 1.193199 1.222859 1.343162 1.457258 1.583485 1.701962 1.835513 1.931121 1.93657 1.812034 1.762849 1.844213 1.831642 1.749512 1.624741
.9352569 .9391744 .9435006 .9493645 .9554294 .9494272 .9386891 .9443027 .9523113 .9614228 .9705544 .9761044 .9455156 .9302608 .9354528 .9401851 .942598 .9438116 .9366311 .9272037 .9297132 .930927 .9281383 .9300493 .9221785 .8902323 .8934023 .8928049 .8917961 .8895479 .8898748 .8880288 .8869123 .8876078 .8884048 .8931941 .8609227 .7624965 .8029334 .898107 1.011724 1.131328 1.188148 1.281855 1.359687 1.362824 1.279139 1.262203 1.285067 1.344068 1.464268 1.564198 1.67314 1.742332 1.812742 1.915045 1.917104 1.927283 1.900032 1.823108 1.670093 1.544948 1.453126
.9399797 .9435929 .9481608 .9517726 .9553853 .9539115 .9346905 .9344875 .9444617 .9526407 .9589105 .9610448 .9486661 .934038 .9355035 .9400222 .9433785 .9458242 .9393698 .9211955 .9234872 .9299316 .9347312 .9370794 .917651 .906914 .9039437 .9033566 .9031693 .8956903 .8950754 .8935564 .8944727 .8996348 .9082824 .9043599 .848074 .8380665 .9057874 .9883713 1.072207 1.130131 1.184086 1.303774 1.38934 1.407139 1.292807 1.18819 1.234874 1.341142 1.457001 1.550541 1.625399 1.654022 1.696018 1.855271 1.958563 2.003726 1.915607 1.732562 1.55395 1.413495 1.332156
.9392253 .9456066 .9507793 .9577765 .9662164 .9580779 .9331028 .9263779 .9423704 .9511923 .9552728 .9552765 .9490023 .9460264 .9435117 .94246 .9430963 .9441023 .9399113 .9143564 .9180248 .9325603 .9464015 .9391389 .9207789 .9146434 .9122185 .9098948 .9092954 .9035674 .8998231 .9020163 .9106419 .9137253 .9280095 .917417 .8932695 .882351 .9207457 1.004182 1.038471 1.0813 1.175532 1.306597 1.359106 1.314749 1.138985 1.051009 1.156766 1.28027 1.382057 1.433926 1.464922 1.497509 1.627053 1.931309 2.090704 2.052648 1.8622 1.617622 1.448504 1.317108 1.2106
.9339986 .9389786 .9451019 .9532512 .9398483 .9340672 .9267082 .9274876 .9411318 .9509085 .9587302 .9590332 .9494033 .9457132 .9428049 .9403236 .939878 .9364027 .9315223 .9189914 .9189886 .9367991 .9539161 .9509143 .913086 .9095591 .9176227 .9250729 .9216076 .9161517 .9105009 .9173647 .9269056 .9272001 .9400041 .9303854 .9198379 .9056481 .9269491 .9759055 .9899193 1.074208 1.164539 1.203346 1.181641 1.10846 1.013029 1.015455 1.114613 1.247791 1.294913 1.310789 1.334448 1.464301 1.71739 2.075428 2.163022 2.076047 1.776137 1.508377 1.318495 1.178087 1.134837
.9320335 .9376601 .9401262 .9448224 .9367183 .9208108 .9196645 .934365 .94504 .9542037 .9653497 .9602956 .9506927 .9436869 .9407573 .9385557 .9379054 .932766 .9260724 .9177765 .9270661 .9365441 .9460232 .9460706 .9244665 .9102974 .92193 .9336504 .9376628 .9056915 .909403 .9432304 .9233739 .9169318 .9413754 .9358569 .9294251 .9217929 .9409359 .9507775 .9727906 1.050014 1.080695 1.032918 1.024692 1.018601 1.085994 1.15132 1.24182 1.284305 1.305519 1.319465 1.41562 1.661586 1.959049 2.192605 2.182064 1.920456 1.620781 1.408441 1.25986 1.145452 1.118014
.9299803 .9396129 .9438851 .9372293 .9357539 .933754 .9376323 .9500512 .9598278 .9650279 .9732757 .9597465 .946317 .9384477 .9346108 .935147 .9343618 .93023 .9232841 .9255617 .9348308 .9421927 .9455554 .9427288 .9281953 .922821 .9253054 .9328253 .935011 .9219702 .9080155 .9456793 .9425626 .9173669 .9541687 .9416288 .9342245 .9329097 .9272587 .9599089 .9907268 1.002406 .9855723 1.020437 1.123085 1.244674 1.298087 1.356842 1.325532 1.342169 1.319971 1.421052 1.603314 1.896101 2.127141 2.151132 2.046275 1.759655 1.489158 1.326798 1.226348 1.161031 1.150905
.9264603 .9359275 .9423233 .926798 .9300092 .939953 .9493839 .9613714 .9773775 .9877883 .9781669 .9633017 .9398406 .9213127 .9179 .9247039 .9290602 .9314314 .9304373 .9305187 .9391313 .9497411 .955842 .9504918 .9290115 .9154022 .9156721 .9221156 .9205655 .9125307 .9129531 .934232 .940533 .9296101 .9608291 .9724302 .9509801 .9534191 .9478201 .9830868 1.023166 1.07168 1.128477 1.1895 1.293148 1.362543 1.318879 1.248941 1.207085 1.235523 1.300085 1.545395 1.851275 2.045422 2.139912 2.038774 1.870211 1.626478 1.395452 1.28121 1.203519 1.15998 1.132119
.9236246 .9285518 .9343272 .9241334 .9279603 .9397058 .9528616 .9678403 .9896043 .9751372 .9720007 .9615356 .9358208 .9043989 .9026646 .9142854 .9234388 .9326896 .9359162 .91249 .9250349 .9396791 .9518224 .9548003 .9190313 .8877382 .8998994 .9096838 .9141433 .9117488 .9448905 .9591184 .9560041 .9335594 .9686092 .9889686 .9898916 .9865151 .984194 1.020415 1.063133 1.103934 1.144786 1.201636 1.231997 1.230677 1.138677 1.092619 1.125957 1.228862 1.473424 1.805188 2.032881 2.091588 2.033131 1.83102 1.652241 1.522231 1.296101 1.210418 1.20702 1.137547 1.090641
.9249164 .9288079 .9276875 .9220592 .9322557 .943027 .9570573 .9742039 .981949 .9670518 .9447157 .9427027 .9235532 .8977666 .9028348 .9170578 .9222161 .9250734 .9274501 .9040965 .9104775 .9227441 .9298223 .9236922 .9066318 .8814659 .8983979 .9102111 .9146275 .9249234 .9617455 .9829175 .9696097 .9730781 .9951609 1.022045 1.01271 1.007044 1.008233 1.035488 1.060742 1.084106 1.104743 1.118461 1.095015 1.067454 1.038728 1.119861 1.291785 1.50146 1.774736 1.985141 2.02819 1.972517 1.85762 1.648121 1.520983 1.404561 1.186546 1.158713 1.16163 1.105325 1.081902
.9210485 .9267565 .9277198 .9305722 .9422921 .9520089 .9669282 .9843289 .9709016 .9563448 .9324926 .9103837 .9014329 .9035197 .9215512 .9257078 .9269109 .9246806 .9128317 .8988907 .9095187 .9152324 .917525 .9084417 .9029866 .9172722 .9200541 .91919 .9191992 .9466517 .9676744 .9866873 .9853535 .9630505 1.008901 1.034329 1.006276 1.001807 1.017191 1.028118 1.043125 1.045787 1.066762 1.029104 1.020512 1.070707 1.187806 1.354639 1.519508 1.70275 1.856103 1.95627 1.942121 1.750539 1.666283 1.528234 1.422995 1.340729 1.150328 1.097979 1.120598 1.109939 1.054992
.9150392 .9257532 .9313117 .9413322 .951643 .9628908 .9789548 .9746675 .963796 .9500219 .9287508 .9085272 .9008886 .9086742 .9203042 .9266981 .9290066 .9157354 .9110662 .9215841 .9225193 .9196014 .9144886 .9022312 .9175645 .934534 .9375744 .9265204 .9303508 .9587273 .9807467 .9857839 .9751472 .9566571 1.02058 1.048654 .9994367 .9931132 1.02296 1.028033 1.058514 1.061328 1.081922 1.088294 1.132376 1.255502 1.38417 1.499888 1.587509 1.664648 1.785251 1.915954 1.806358 1.539488 1.469343 1.463559 1.372332 1.292872 1.12268 1.058095 1.083397 1.131724 1.11258
.9140404 .9275663 .9321126 .9415179 .9530615 .9648832 .9791231 .9689468 .9591076 .9495093 .9344798 .9202678 .9121992 .9156707 .9218212 .924428 .9241317 .9136125 .911591 .9314682 .9384173 .934132 .9131462 .913352 .9251282 .9378469 .9380804 .9311559 .9384817 .9559813 .9784256 .9612353 .9310445 .9654307 1.013251 1.028164 1.012384 1.027627 1.019398 1.025943 1.084846 1.085309 1.133622 1.140499 1.213488 1.356444 1.445593 1.485801 1.53313 1.580581 1.751501 1.890473 1.722203 1.393323 1.32619 1.371481 1.347717 1.297643 1.144095 1.051586 1.061947 1.12033 1.141403
.920727 .9316262 .9379401 .9485498 .9578239 .9677856 .9778577 .9674515 .9563644 .9495877 .9397702 .9286528 .9206358 .9202208 .9233918 .9275486 .9216045 .901072 .9127986 .9300945 .9416339 .9239239 .9138199 .9210598 .931748 .9453832 .9353071 .9350286 .9375717 .9511321 .9725244 .9737697 .9487833 .9661117 1.003863 1.050631 1.087053 1.090394 1.015096 1.108726 1.122476 1.113166 1.167183 1.209487 1.286457 1.385812 1.428891 1.433505 1.492583 1.588671 1.750824 1.818743 1.658135 1.323625 1.207542 1.277688 1.347859 1.357851 1.211001 1.009561 1.025965 1.034458 1.155587
.9338405 .9426439 .9459252 .9522518 .9630488 .9780715 .9748256 .9648867 .956971 .9505052 .9448012 .937407 .9283155 .9218239 .9206648 .916474 .9056004 .9079949 .9196823 .9277104 .9349238 .9204577 .8986214 .9188838 .9383095 .9394091 .9337571 .9236524 .906979 .9448061 .9804271 1.008665 .957168 .9856418 1.051557 1.110903 1.140439 1.135812 1.082438 1.120166 1.157852 1.189631 1.209329 1.250871 1.320537 1.395175 1.433891 1.444212 1.530549 1.604928 1.664397 1.717663 1.603186 1.276699 1.076709 1.176869 1.353857 1.424015 1.252295 1.054218 .9063781 .946753 1.16032
.9465302 .9503859 .9551456 .9624411 .9702241 .9828772 .9715254 .9622871 .9561378 .9513864 .9479597 .9437298 .9372789 .9309654 .9217709 .9152821 .922276 .9215324 .9280424 .9360923 .9331287 .9029405 .9018427 .9184716 .9341531 .9318889 .9275353 .9070138 .8780507 .9296494 1.023879 1.080238 1.003056 1.034182 1.093266 1.163378 1.204903 1.193496 1.140548 1.142242 1.235291 1.228774 1.269758 1.298407 1.323307 1.405544 1.470633 1.474412 1.49732 1.4898 1.545547 1.658834 1.5667 1.242675 .9818187 1.081012 1.364218 1.487809 1.30393 1.058695 .8648754 .8823239 1.152186
