py_wake/examples/data/AJ_ParqueFicticio/Rough survey   Sector 6   Height 30m   Weibull-k.grd
DSAA
73  159
 258469   265669
 6501692   6517492
 .7480469   2.744141
[rows 56 to 83 of 159, columns 0 to 62 of 73]
2.302734 2.298828 2.298828 2.298828 2.298828 2.302734 2.298828 2.298828 2.298828 2.298828 2.298828 2.298828 2.298828 2.298828 2.302734 2.302734 2.302734 2.302734 2.302734 2.298828 2.298828 2.302734 2.306641 2.302734 2.302734 2.302734 2.302734 2.302734 2.298828 2.287109 2.298828 2.310547 2.341797 2.365234 2.330078 2.310547 2.310547 2.326172 2.408203 2.419922 2.365234 2.361328 2.376953 2.376953 2.349609 2.310547 2.310547 2.310547 2.310547 2.310547 2.310547 2.279297 2.271484 2.291016 2.294922 2.259766 2.154297 2.138672 2.205078 2.267578 2.345703 2.326172 2.146484
2.302734 2.294922 2.298828 2.302734 2.298828 2.298828 2.298828 2.294922 2.294922 2.298828 2.298828 2.298828 2.302734 2.294922 2.298828 2.298828 2.298828 2.302734 2.302734 2.298828 2.298828 2.302734 2.306641 2.306641 2.306641 2.306641 2.302734 2.314453 2.326172 2.310547 2.310547 2.310547 2.353516 2.369141 2.341797 2.322266 2.310547 2.318359 2.392578 2.416016 2.373047 2.349609 2.333984 2.333984 2.310547 2.310547 2.310547 2.310547 2.310547 2.310547 2.310547 2.291016 2.259766 2.287109 2.322266 2.294922 2.197266 2.158203 2.166016 2.255859 2.302734 2.326172 2.205078
2.298828 2.291016 2.294922 2.302734 2.302734 2.298828 2.294922 2.294922 2.294922 2.294922 2.298828 2.302734 2.302734 2.294922 2.298828 2.302734 2.302734 2.302734 2.302734 2.298828 2.302734 2.302734 2.302734 2.306641 2.306641 2.302734 2.302734 2.310547 2.314453 2.310547 2.306641 2.310547 2.314453 2.341797 2.318359 2.310547 2.310547 2.310547 2.345703 2.388672 2.357422 2.341797 2.326172 2.310547 2.310547 2.310547 2.310547 2.310547 2.310547 2.310547 2.310547 2.294922 2.248047 2.275391 2.318359 2.298828 2.220703 2.142578 2.154297 2.236328 2.314453 2.380859 2.271484
2.291016 2.291016 2.291016 2.298828 2.306641 2.302734 2.294922 2.291016 2.291016 2.294922 2.298828 2.298828 2.302734 2.294922 2.298828 2.298828 2.302734 2.302734 2.298828 2.298828 2.302734 2.306641 2.302734 2.306641 2.306641 2.302734 2.302734 2.306641 2.310547 2.310547 2.310547 2.310547 2.310547 2.310547 2.310547 2.310547 2.310547 2.310547 2.314453 2.345703 2.337891 2.333984 2.330078 2.310547 2.310547 2.310547 2.310547 2.310547 2.310547 2.310547 2.310547 2.302734 2.244141 2.279297 2.310547 2.306641 2.216797 2.150391 2.162109 2.212891 2.275391 2.392578 2.291016
2.294922 2.294922 2.294922 2.298828 2.306641 2.306641 2.302734 2.291016 2.291016 2.294922 2.294922 2.298828 2.298828 2.294922 2.298828 2.302734 2.302734 2.302734 2.302734 2.302734 2.302734 2.306641 2.306641 2.306641 2.306641 2.302734 2.302734 2.294922 2.306641 2.306641 2.310547 2.310547 2.310547 2.310547 2.310547 2.310547 2.310547 2.310547 2.310547 2.310547 2.310547 2.314453 2.322266 2.310547 2.310547 2.310547 2.310547 2.310547 2.310547 2.310547 2.310547 2.310547 2.240234 2.263672 2.310547 2.310547 2.236328 2.181641 2.177734 2.208984 2.248047 2.349609 2.318359
2.298828 2.298828 2.298828 2.294922 2.291016 2.298828 2.298828 2.291016 2.291016 2.294922 2.294922 2.294922 2.298828 2.298828 2.302734 2.302734 2.306641 2.302734 2.302734 2.302734 2.302734 2.306641 2.306641 2.306641 2.306641 2.302734 2.302734 2.302734 2.306641 2.310547 2.310547 2.310547 2.310547 2.310547 2.310547 2.310547 2.310547 2.310547 2.310547 2.310547 2.310547 2.310547 2.314453 2.310547 2.310547 2.310547 2.310547 2.310547 2.310547 2.310547 2.310547 2.310547 2.279297 2.275391 2.310547 2.310547 2.267578 2.193359 2.177734 2.197266 2.232422 2.283203 2.302734
2.298828 2.298828 2.294922 2.291016 2.287109 2.287109 2.294922 2.294922 2.294922 2.294922 2.294922 2.294922 2.298828 2.302734 2.302734 2.302734 2.306641 2.302734 2.302734 2.302734 2.302734 2.302734 2.306641 2.306641 2.310547 2.310547 2.314453 2.310547 2.306641 2.302734 2.310547 2.310547 2.310547 2.310547 2.310547 2.310547 2.310547 2.310547 2.310547 2.310547 2.310547 2.310547 2.314453 2.310547 2.310547 2.310547 2.310547 2.310547 2.310547 2.310547 2.310547 2.310547 2.310547 2.287109 2.310547 2.310547 2.306641 2.205078 2.181641 2.193359 2.224609 2.228516 2.275391
2.302734 2.294922 2.291016 2.291016 2.287109 2.291016 2.294922 2.294922 2.294922 2.298828 2.294922 2.298828 2.302734 2.302734 2.302734 2.302734 2.302734 2.302734 2.302734 2.306641 2.298828 2.298828 2.302734 2.310547 2.310547 2.310547 2.310547 2.310547 2.310547 2.306641 2.310547 2.310547 2.310547 2.310547 2.310547 2.310547 2.310547 2.310547 2.310547 2.310547 2.310547 2.310547 2.310547 2.310547 2.310547 2.310547 2.310547 2.310547 2.310547 2.279297 2.291016 2.310547 2.310547 2.310547 2.306641 2.310547 2.310547 2.208984 2.162109 2.166016 2.197266 2.220703 2.232422
2.302734 2.291016 2.287109 2.287109 2.287109 2.291016 2.291016 2.291016 2.294922 2.298828 2.298828 2.298828 2.298828 2.302734 2.302734 2.302734 2.302734 2.302734 2.302734 2.302734 2.298828 2.294922 2.302734 2.310547 2.310547 2.310547 2.310547 2.310547 2.310547 2.310547 2.306641 2.310547 2.310547 2.310547 2.310547 2.310547 2.310547 2.310547 2.310547 2.310547 2.310547 2.310547 2.310547 2.310547 2.310547 2.310547 2.310547 2.310547 2.306641 2.279297 2.263672 2.310547 2.310547 2.310547 2.310547 2.294922 2.275391 2.150391 2.005859 2.056641 2.080078 2.162109 2.216797
2.306641 2.294922 2.287109 2.287109 2.287109 2.287109 2.287109 2.291016 2.294922 2.298828 2.298828 2.298828 2.298828 2.298828 2.298828 2.298828 2.302734 2.302734 2.302734 2.302734 2.302734 2.298828 2.298828 2.310547 2.310547 2.310547 2.310547 2.310547 2.310547 2.310547 2.302734 2.306641 2.310547 2.310547 2.310547 2.310547 2.310547 2.310547 2.310547 2.310547 2.310547 2.310547 2.310547 2.310547 2.310547 2.310547 2.310547 2.310547 2.310547 2.302734 2.259766 2.279297 2.310547 2.310547 2.310547 2.291016 2.220703 2.138672 1.974609 1.837891 2.001953 2.150391 2.220703
2.302734 2.294922 2.287109 2.283203 2.283203 2.283203 2.287109 2.291016 2.291016 2.298828 2.298828 2.298828 2.298828 2.298828 2.298828 2.298828 2.302734 2.306641 2.306641 2.306641 2.306641 2.302734 2.306641 2.306641 2.306641 2.310547 2.310547 2.310547 2.310547 2.310547 2.310547 2.310547 2.310547 2.302734 2.310547 2.310547 2.310547 2.310547 2.310547 2.310547 2.310547 2.310547 2.310547 2.310547 2.310547 2.310547 2.310547 2.310547 2.310547 2.310547 2.271484 2.255859 2.298828 2.310547 2.310547 2.310547 2.228516 2.158203 2.080078 2.013672 2.087891 2.134766 2.271484
2.302734 2.298828 2.291016 2.283203 2.283203 2.283203 2.283203 2.287109 2.291016 2.294922 2.298828 2.298828 2.298828 2.298828 2.298828 2.298828 2.302734 2.306641 2.310547 2.310547 2.310547 2.306641 2.298828 2.298828 2.298828 2.302734 2.310547 2.310547 2.310547 2.310547 2.310547 2.310547 2.310547 2.310547 2.306641 2.306641 2.302734 2.306641 2.310547 2.310547 2.310547 2.310547 2.310547 2.310547 2.310547 2.310547 2.310547 2.310547 2.310547 2.310547 2.310547 2.271484 2.279297 2.302734 2.310547 2.337891 2.302734 2.193359 2.166016 2.146484 2.158203 2.197266 2.228516
2.302734 2.298828 2.291016 2.283203 2.283203 2.283203 2.283203 2.287109 2.291016 2.291016 2.294922 2.294922 2.298828 2.294922 2.298828 2.298828 2.302734 2.306641 2.310547 2.310547 2.310547 2.306641 2.291016 2.291016 2.287109 2.302734 2.306641 2.310547 2.310547 2.310547 2.310547 2.310547 2.310547 2.310547 2.302734 2.306641 2.302734 2.294922 2.310547 2.310547 2.310547 2.310547 2.310547 2.310547 2.310547 2.310547 2.310547 2.310547 2.310547 2.310547 2.310547 2.291016 2.294922 2.294922 2.302734 2.388672 2.333984 2.248047 2.205078 2.169922 2.162109 2.158203 2.154297
2.298828 2.302734 2.291016 2.283203 2.283203 2.279297 2.283203 2.287109 2.287109 2.287109 2.291016 2.294922 2.298828 2.294922 2.298828 2.298828 2.306641 2.310547 2.310547 2.310547 2.310547 2.302734 2.287109 2.287109 2.294922 2.306641 2.306641 2.302734 2.302734 2.302734 2.310547 2.310547 2.310547 2.310547 2.310547 2.310547 2.306641 2.302734 2.302734 2.310547 2.310547 2.310547 2.310547 2.310547 2.310547 2.310547 2.310547 2.310547 2.310547 2.310547 2.310547 2.298828 2.267578 2.259766 2.271484 2.302734 2.333984 2.275391 2.220703 2.181641 2.146484 2.142578 2.162109
2.294922 2.298828 2.298828 2.287109 2.287109 2.279297 2.283203 2.279297 2.283203 2.283203 2.287109 2.291016 2.298828 2.298828 2.302734 2.306641 2.310547 2.310547 2.310547 2.310547 2.306641 2.302734 2.294922 2.294922 2.302734 2.302734 2.298828 2.298828 2.298828 2.294922 2.298828 2.310547 2.310547 2.310547 2.310547 2.310547 2.310547 2.310547 2.310547 2.310547 2.310547 2.310547 2.310547 2.310547 2.310547 2.310547 2.310547 2.310547 2.310547 2.310547 2.310547 2.271484 2.111328 2.123047 2.240234 2.294922 2.345703 2.298828 2.259766 2.216797 2.177734 2.181641 2.197266
2.291016 2.294922 2.298828 2.294922 2.294922 2.283203 2.279297 2.275391 2.275391 2.279297 2.287109 2.294922 2.302734 2.306641 2.310547 2.306641 2.306641 2.306641 2.306641 2.306641 2.310547 2.306641 2.306641 2.302734 2.306641 2.302734 2.298828 2.294922 2.283203 2.271484 2.287109 2.310547 2.310547 2.310547 2.310547 2.310547 2.310547 2.310547 2.310547 2.310547 2.310547 2.310547 2.310547 2.310547 2.310547 2.310547 2.310547 2.310547 2.310547 2.302734 2.251953 2.212891 2.087891 2.154297 2.310547 2.310547 2.326172 2.310547 2.291016 2.263672 2.220703 2.220703 2.216797
2.287109 2.291016 2.298828 2.302734 2.302734 2.294922 2.275391 2.271484 2.271484 2.283203 2.291016 2.294922 2.302734 2.306641 2.310547 2.306641 2.298828 2.298828 2.302734 2.306641 2.310547 2.306641 2.310547 2.306641 2.294922 2.298828 2.291016 2.287109 2.263672 2.275391 2.291016 2.310547 2.310547 2.310547 2.310547 2.310547 2.310547 2.310547 2.310547 2.310547 2.310547 2.310547 2.310547 2.310547 2.310547 2.310547 2.310547 2.310547 2.310547 2.310547 2.279297 2.271484 2.271484 2.251953 2.310547 2.314453 2.361328 2.310547 2.310547 2.291016 2.255859 2.255859 2.255859
2.291016 2.294922 2.298828 2.298828 2.294922 2.294922 2.283203 2.271484 2.275391 2.283203 2.287109 2.291016 2.298828 2.298828 2.306641 2.306641 2.294922 2.294922 2.298828 2.302734 2.306641 2.306641 2.310547 2.302734 2.298828 2.298828 2.291016 2.279297 2.271484 2.279297 2.298828 2.310547 2.310547 2.310547 2.310547 2.310547 2.310547 2.310547 2.310547 2.310547 2.310547 2.310547 2.310547 2.310547 2.310547 2.310547 2.310547 2.310547 2.310547 2.310547 2.310547 2.294922 2.291016 2.275391 2.302734 2.341797 2.373047 2.314453 2.310547 2.310547 2.298828 2.291016 2.298828
2.291016 2.294922 2.294922 2.291016 2.287109 2.298828 2.291016 2.283203 2.279297 2.279297 2.283203 2.287109 2.291016 2.291016 2.302734 2.306641 2.294922 2.291016 2.294922 2.294922 2.302734 2.306641 2.306641 2.302734 2.302734 2.302734 2.298828 2.294922 2.279297 2.287109 2.298828 2.310547 2.310547 2.310547 2.310547 2.310547 2.310547 2.310547 2.310547 2.310547 2.310547 2.310547 2.310547 2.310547 2.310547 2.310547 2.310547 2.310547 2.310547 2.310547 2.310547 2.306641 2.294922 2.287109 2.287109 2.314453 2.345703 2.310547 2.310547 2.310547 2.310547 2.310547 2.291016
2.287109 2.291016 2.294922 2.291016 2.279297 2.283203 2.294922 2.294922 2.283203 2.279297 2.283203 2.287109 2.287109 2.279297 2.283203 2.298828 2.294922 2.294922 2.291016 2.291016 2.298828 2.302734 2.306641 2.306641 2.302734 2.302734 2.302734 2.302734 2.291016 2.263672 2.287109 2.306641 2.310547 2.310547 2.310547 2.310547 2.310547 2.310547 2.310547 2.310547 2.310547 2.310547 2.310547 2.291016 2.306641 2.271484 2.291016 2.302734 2.310547 2.310547 2.298828 2.302734 2.283203 2.248047 2.205078 2.208984 2.310547 2.310547 2.310547 2.310547 2.310547 2.306641 2.283203
2.287109 2.291016 2.291016 2.291016 2.279297 2.283203 2.294922 2.294922 2.283203 2.279297 2.279297 2.283203 2.287109 2.275391 2.279297 2.291016 2.294922 2.294922 2.294922 2.291016 2.294922 2.291016 2.298828 2.302734 2.298828 2.298828 2.298828 2.294922 2.279297 2.255859 2.283203 2.302734 2.310547 2.310547 2.310547 2.310547 2.310547 2.310547 2.310547 2.310547 2.310547 2.306641 2.263672 2.216797 2.166016 2.181641 2.208984 2.294922 2.310547 2.310547 2.302734 2.283203 2.224609 2.072266 1.994141 2.119141 2.302734 2.310547 2.310547 2.310547 2.310547 2.287109 2.240234
2.283203 2.287109 2.291016 2.291016 2.275391 2.275391 2.283203 2.287109 2.279297 2.279297 2.279297 2.279297 2.279297 2.275391 2.279297 2.283203 2.287109 2.294922 2.294922 2.291016 2.294922 2.294922 2.294922 2.302734 2.298828 2.287109 2.279297 2.263672 2.259766 2.248047 2.291016 2.306641 2.310547 2.310547 2.310547 2.310547 2.310547 2.310547 2.310547 2.310547 2.302734 2.275391 2.255859 2.224609 2.232422 2.279297 2.283203 2.302734 2.310547 2.310547 2.310547 2.275391 2.201172 2.119141 2.173828 2.224609 2.263672 2.310547 2.310547 2.310547 2.310547 2.310547 2.294922
2.283203 2.283203 2.287109 2.283203 2.271484 2.267578 2.271484 2.275391 2.279297 2.279297 2.279297 2.279297 2.275391 2.275391 2.275391 2.279297 2.279297 2.287109 2.291016 2.291016 2.302734 2.291016 2.294922 2.294922 2.291016 2.275391 2.267578 2.251953 2.263672 2.294922 2.310547 2.310547 2.310547 2.310547 2.310547 2.310547 2.310547 2.310547 2.310547 2.306641 2.287109 2.259766 2.251953 2.259766 2.298828 2.310547 2.310547 2.310547 2.306641 2.310547 2.306641 2.283203 2.263672 2.259766 2.287109 2.302734 2.310547 2.310547 2.326172 2.326172 2.333984 2.310547 2.310547
2.279297 2.275391 2.279297 2.275391 2.267578 2.263672 2.263672 2.271484 2.279297 2.279297 2.279297 2.283203 2.271484 2.267578 2.271484 2.271484 2.271484 2.275391 2.287109 2.291016 2.298828 2.294922 2.291016 2.283203 2.287109 2.279297 2.271484 2.275391 2.291016 2.310547 2.310547 2.310547 2.310547 2.310547 2.310547 2.310547 2.310547 2.310547 2.302734 2.279297 2.255859 2.255859 2.287109 2.306641 2.310547 2.310547 2.310547 2.310547 2.294922 2.294922 2.306641 2.310547 2.310547 2.310547 2.310547 2.310547 2.322266 2.345703 2.369141 2.392578 2.408203 2.392578 2.376953
2.271484 2.267578 2.271484 2.271484 2.271484 2.271484 2.267578 2.271484 2.271484 2.271484 2.275391 2.279297 2.263672 2.263672 2.271484 2.275391 2.275391 2.283203 2.283203 2.287109 2.294922 2.291016 2.287109 2.283203 2.291016 2.291016 2.294922 2.294922 2.298828 2.310547 2.310547 2.310547 2.310547 2.310547 2.310547 2.310547 2.310547 2.302734 2.283203 2.271484 2.267578 2.302734 2.310547 2.310547 2.310547 2.310547 2.310547 2.310547 2.306641 2.314453 2.330078 2.337891 2.326172 2.318359 2.310547 2.310547 2.318359 2.322266 2.361328 2.392578 2.404297 2.400391 2.408203
2.271484 2.263672 2.267578 2.275391 2.275391 2.275391 2.263672 2.259766 2.259766 2.259766 2.259766 2.267578 2.259766 2.267578 2.283203 2.279297 2.271484 2.279297 2.283203 2.291016 2.291016 2.287109 2.287109 2.283203 2.287109 2.302734 2.306641 2.302734 2.302734 2.298828 2.302734 2.310547 2.310547 2.310547 2.310547 2.310547 2.310547 2.302734 2.287109 2.275391 2.291016 2.310547 2.310547 2.310547 2.310547 2.310547 2.310547 2.314453 2.322266 2.330078 2.333984 2.333984 2.322266 2.310547 2.310547 2.310547 2.310547 2.314453 2.337891 2.376953 2.392578 2.408203 2.416016
2.267578 2.259766 2.263672 2.267578 2.267578 2.267578 2.248047 2.248047 2.248047 2.244141 2.240234 2.251953 2.263672 2.267578 2.279297 2.279297 2.259766 2.279297 2.279297 2.279297 2.283203 2.283203 2.275391 2.267578 2.279297 2.287109 2.306641 2.310547 2.306641 2.291016 2.291016 2.298828 2.310547 2.310547 2.310547 2.310547 2.302734 2.302734 2.279297 2.259766 2.302734 2.310547 2.310547 2.310547 2.310547 2.310547 2.310547 2.322266 2.330078 2.333984 2.326172 2.318359 2.310547 2.310547 2.310547 2.310547 2.310547 2.310547 2.330078 2.373047 2.392578 2.416016 2.427734
2.259766 2.259766 2.259766 2.259766 2.255859 2.251953 2.240234 2.236328 2.236328 2.232422 2.240234 2.251953 2.255859 2.255859 2.251953 2.255859 2.267578 2.283203 2.279297 2.271484 2.275391 2.279297 2.271484 2.267578 2.255859 2.279297 2.306641 2.310547 2.310547 2.298828 2.298828 2.298828 2.310547 2.310547 2.310547 2.310547 2.294922 2.275391 2.255859 2.306641 2.310547 2.310547 2.310547 2.310547 2.310547 2.310547 2.310547 2.310547 2.318359 2.333984 2.322266 2.310547 2.310547 2.310547 2.310547 2.306641 2.306641 2.310547 2.326172 2.369141 2.404297 2.419922 2.439453
