py_wake/examples/data/AJ_ParqueFicticio/Rough survey   Sector 2   Height 30m   Mean speed.grd
DSAA
73  159
 258469   265669
 6501692   6517492
 .0483088   7.25462
[rows 56 to 83 of 159, columns 0 to 62 of 73]
2.80576 2.802943 2.823637 2.851612 2.866595 2.884719 2.850769 2.832203 2.819725 2.818397 2.819618 2.819874 2.797853 2.778841 2.770228 2.769987 2.785293 2.803935 2.792773 2.777619 2.769403 2.764364 2.754378 2.779466 2.799036 2.785035 2.775788 2.795523 2.83027 2.918998 3.27773 3.551231 3.529543 3.710651 3.729481 3.771854 3.854613 4.007319 4.117424 4.150655 4.224655 4.295164 4.402032 4.313625 4.191557 3.999388 3.989077 3.870692 3.687547 3.577721 3.636115 3.750836 3.625117 3.229596 2.745534 2.8637 3.177678 3.31094 3.190177 2.883508 2.783997 2.814395 2.599558
2.812877 2.75238 2.786946 2.853054 2.883119 2.863367 2.838197 2.81161 2.798275 2.799894 2.805813 2.812318 2.812886 2.76894 2.795495 2.789634 2.790583 2.798516 2.801309 2.777116 2.81497 2.807232 2.780072 2.808897 2.812981 2.806569 2.790702 2.866228 3.070915 3.274381 3.582112 3.583037 3.691752 3.831514 3.943972 3.926563 3.888604 3.956948 4.198318 4.224903 4.23697 4.28267 4.054658 3.99364 4.007765 3.979331 3.859973 3.658893 3.604691 3.602386 3.680106 3.696275 3.487592 3.084327 2.9503 3.16665 3.392186 3.394514 3.032864 2.722639 2.634369 2.61347 2.542684
2.727646 2.664035 2.734572 2.837873 2.892028 2.821109 2.797163 2.766716 2.759572 2.766825 2.779245 2.792301 2.788409 2.744191 2.768953 2.78528 2.784553 2.780964 2.776911 2.772745 2.813784 2.831636 2.823826 2.853836 2.8296 2.807914 2.807446 2.912363 3.129281 3.319839 3.415056 3.470174 3.573061 3.684922 3.727481 3.779603 3.740012 3.7866 4.017121 4.129809 4.142204 4.102218 3.857142 3.741448 3.776638 3.787144 3.615398 3.434303 3.440715 3.547827 3.574395 3.470937 3.318907 2.986258 2.992599 3.22147 3.364705 3.297786 3.033677 2.818639 2.795137 2.718013 2.688105
2.662896 2.702665 2.760149 2.834433 2.874144 2.84015 2.762879 2.722227 2.717427 2.730576 2.749055 2.76718 2.775468 2.727646 2.744642 2.771077 2.784327 2.774446 2.771043 2.775701 2.807364 2.862432 2.865034 2.876111 2.856385 2.81507 2.822595 2.844718 2.888531 3.045182 3.091832 3.129917 3.193895 3.305338 3.361105 3.570834 3.661996 3.718964 3.856832 3.948815 3.954408 3.847939 3.693507 3.608921 3.629382 3.652333 3.47973 3.298093 3.24766 3.280813 3.38364 3.264825 3.139662 2.940377 2.87303 3.105237 3.164167 3.23298 3.043667 2.848953 2.766462 2.708184 2.788844
2.749861 2.783178 2.854674 2.888969 2.887519 2.837534 2.770794 2.674559 2.682841 2.701654 2.717214 2.72916 2.733176 2.700162 2.730562 2.762408 2.778713 2.771432 2.786782 2.804157 2.803781 2.829471 2.830158 2.867182 2.877485 2.846191 2.849177 2.827771 2.994367 3.00325 3.044254 3.041516 3.038999 3.081744 3.22906 3.449296 3.518667 3.59575 3.64483 3.694592 3.687847 3.566504 3.561519 3.583327 3.595423 3.60334 3.49463 3.381343 3.235339 3.173955 3.168235 3.039407 2.967921 2.850843 2.967993 3.067971 3.112764 3.26651 3.017437 2.776852 2.613416 2.730462 2.916255
2.841045 2.870104 2.918626 2.835559 2.753597 2.748006 2.703695 2.65727 2.672902 2.69393 2.703838 2.708177 2.708318 2.730515 2.746324 2.769548 2.791188 2.775899 2.795336 2.823159 2.843719 2.866781 2.84976 2.859164 2.863124 2.878009 2.932248 3.012671 3.168065 3.313564 3.275465 3.134624 3.090858 3.297173 3.322591 3.390695 3.435882 3.484671 3.517104 3.510111 3.437814 3.406693 3.514727 3.497172 3.522363 3.497151 3.422945 3.405252 3.322952 3.101728 2.880839 2.89124 2.966764 3.025501 2.873983 3.054538 3.172892 3.213515 2.972064 2.659564 2.539154 2.646316 2.602072
2.888434 2.923549 2.86586 2.811993 2.747712 2.697574 2.689096 2.690394 2.691868 2.705516 2.706423 2.712502 2.737015 2.752282 2.754917 2.765644 2.783474 2.744701 2.779487 2.840035 2.832971 2.843315 2.855418 2.873621 2.902319 2.959789 3.031885 3.13469 3.239375 3.33759 3.560375 3.519317 3.490215 3.522212 3.457718 3.431941 3.421341 3.396866 3.389924 3.379018 3.367279 3.375528 3.475229 3.457714 3.403582 3.426061 3.413989 3.442119 3.38762 3.271157 3.048962 2.764237 2.929314 3.046518 3.11707 3.114922 3.170209 3.092379 2.909954 2.637481 2.481049 2.388088 2.477225
2.906391 2.864893 2.82597 2.80019 2.765416 2.738948 2.72644 2.709448 2.703166 2.718148 2.72849 2.745222 2.754219 2.756261 2.753032 2.747235 2.738408 2.709997 2.751425 2.810253 2.771776 2.775452 2.819396 2.865215 2.908066 3.007632 3.124173 3.185786 3.300204 3.42186 3.492764 3.447928 3.45707 3.502475 3.547945 3.515203 3.457166 3.38009 3.362136 3.32055 3.299228 3.293177 3.329179 3.310663 3.333105 3.394231 3.401172 3.342211 3.34794 3.200975 2.945798 2.89906 2.895674 3.046885 3.041812 2.924891 2.912806 2.869729 2.707523 2.467192 2.315965 2.363299 2.396473
2.898355 2.823416 2.790601 2.777657 2.766014 2.749648 2.734329 2.720443 2.717446 2.727905 2.733076 2.746443 2.75958 2.755507 2.745408 2.734737 2.719158 2.741678 2.760061 2.760212 2.736122 2.744291 2.777107 2.827366 2.900657 3.041918 3.0696 3.215939 3.353678 3.455652 3.410602 3.392863 3.41429 3.505295 3.58144 3.533869 3.464087 3.395617 3.37069 3.322958 3.212099 3.117128 3.104171 3.141634 3.215646 3.31479 3.233342 3.200897 3.159571 3.135677 3.015659 2.958475 2.821199 2.681281 2.828423 2.785352 2.517354 2.374107 2.199752 2.053683 1.924488 2.092056 2.297179
2.870681 2.800873 2.756916 2.746806 2.747198 2.748308 2.738167 2.736306 2.751058 2.741377 2.733126 2.742912 2.754673 2.753299 2.740057 2.716908 2.720537 2.763507 2.776869 2.774518 2.789568 2.784769 2.804578 2.86337 2.902069 2.946928 2.962931 3.105449 3.230553 3.280372 3.265132 3.268605 3.319311 3.432707 3.44213 3.40239 3.351541 3.305801 3.295496 3.184503 3.129223 3.122689 3.103259 3.162854 3.240649 3.256436 3.159453 3.13269 3.164749 3.141923 3.064728 3.095226 2.958995 2.77701 2.604703 2.590218 2.34375 2.23323 1.956892 1.704629 1.906566 2.067786 2.167248
2.831415 2.792166 2.731911 2.721888 2.723878 2.731163 2.744335 2.755251 2.737309 2.735234 2.742865 2.74631 2.745503 2.740333 2.728776 2.727065 2.760424 2.7878 2.805005 2.818865 2.84418 2.875429 2.883635 2.874161 2.858243 2.84633 2.930044 3.050205 3.089633 3.117902 3.11676 3.161976 3.268521 3.356829 3.341961 3.308944 3.237916 3.175467 3.094307 2.999058 3.046232 3.058476 3.055669 3.108963 3.176183 3.139639 3.061803 3.109483 3.143572 3.105095 3.070691 3.195642 3.211326 2.958625 2.761111 2.541786 2.297537 2.187438 2.073106 2.004257 2.197356 2.210876 2.278445
2.802962 2.773952 2.729149 2.709588 2.70677 2.71825 2.734817 2.748369 2.751762 2.729777 2.73361 2.739918 2.737876 2.722481 2.712596 2.735145 2.775595 2.80256 2.839611 2.861438 2.908617 2.895376 2.84422 2.821162 2.781168 2.813997 2.955564 3.016557 3.068711 3.081621 3.078879 3.141398 3.25627 3.288844 3.271862 3.261572 3.229877 3.156502 3.093152 2.936669 2.860805 2.880865 2.9515 2.984025 2.973414 2.980363 3.09015 3.220506 3.310785 3.127777 3.235045 3.35385 3.263063 3.099032 2.865678 2.658429 2.41151 2.245499 2.314901 2.384618 2.453064 2.537236 2.424279
2.789187 2.771012 2.731908 2.705642 2.695519 2.704452 2.72879 2.738913 2.743938 2.72843 2.719288 2.724895 2.731642 2.706822 2.723804 2.751284 2.781166 2.823677 2.849542 2.871523 2.899247 2.841295 2.735379 2.744403 2.727394 2.938816 3.048621 2.99694 2.998186 3.009326 3.027621 3.114038 3.210148 3.211684 3.202445 3.232301 3.230622 3.169619 3.101073 2.974802 2.968987 3.052976 3.069816 2.99403 2.845679 2.830154 2.920017 3.058941 3.069463 2.961697 3.156192 3.33391 3.350794 3.072232 2.820754 2.716026 2.399409 2.290907 2.417168 2.468547 2.504591 2.521597 2.321517
2.74837 2.760404 2.70501 2.682678 2.683755 2.701522 2.731939 2.724225 2.727413 2.720461 2.708569 2.705891 2.721034 2.696721 2.766608 2.803249 2.827438 2.862349 2.86264 2.84658 2.818093 2.746942 2.680389 2.706609 2.83709 3.044389 3.059584 3.03726 3.041409 3.008749 3.00306 3.033174 3.119635 3.104234 3.152306 3.223523 3.240636 3.215289 3.117278 3.126999 3.299514 3.388562 3.341408 3.151233 2.962442 2.928533 2.849314 2.75807 2.650443 2.654382 2.972058 3.07136 2.94892 2.632461 2.4297 2.223719 2.317329 2.28178 2.397439 2.454668 2.419423 2.40349 2.385887
2.685721 2.717435 2.702493 2.650225 2.688231 2.706493 2.714175 2.705523 2.705105 2.705277 2.698533 2.702089 2.703832 2.719574 2.818936 2.907485 2.899807 2.874205 2.852515 2.834338 2.785438 2.729298 2.743897 2.806567 2.989746 3.050594 3.034152 3.046336 3.10159 3.085772 3.035461 2.968167 2.998824 3.030457 3.156825 3.252163 3.274135 3.260286 3.267967 3.327564 3.438028 3.487229 3.388471 3.247524 3.0663 3.024415 2.881621 2.732504 2.578887 2.472655 2.323682 2.216757 2.127904 2.039398 2.08987 2.16444 2.351271 2.427744 2.520053 2.512658 2.472137 2.493681 2.491987
2.652413 2.656964 2.657331 2.637367 2.724475 2.696917 2.670133 2.660784 2.666665 2.679986 2.697409 2.711129 2.74842 2.802895 2.886345 2.910079 2.850384 2.830847 2.824177 2.811596 2.788212 2.796025 2.861364 2.949397 3.086227 3.050538 3.040376 3.055755 3.051405 3.082732 3.168935 3.162759 3.139006 3.146901 3.230717 3.305636 3.363662 3.363737 3.358241 3.391675 3.392353 3.418583 3.335103 3.225731 3.181848 3.155444 3.065632 2.919557 2.705389 2.571316 2.243797 1.988166 1.879432 1.906024 2.095073 2.196572 2.418932 2.606613 2.696446 2.672322 2.603807 2.61014 2.565826
2.673812 2.66385 2.672318 2.693198 2.725598 2.705991 2.617612 2.616115 2.64913 2.712467 2.735248 2.753721 2.775262 2.804289 2.875944 2.863249 2.766053 2.762538 2.773706 2.783632 2.775892 2.782599 2.879935 2.965944 2.979985 3.02627 2.999479 2.996017 2.95285 3.135181 3.244881 3.247615 3.292112 3.356848 3.359668 3.395876 3.39707 3.364707 3.351102 3.327804 3.332864 3.367084 3.286281 3.247373 3.233026 3.200798 3.170829 3.079077 2.938822 2.88378 2.745516 2.629583 2.71859 2.662658 2.466887 2.51986 2.694115 2.743793 2.785806 2.799892 2.769023 2.78282 2.790975
2.716476 2.719019 2.72924 2.69489 2.673726 2.66717 2.594785 2.603158 2.674444 2.712021 2.738472 2.754961 2.770441 2.785428 2.808065 2.821601 2.688641 2.680971 2.701545 2.719486 2.725159 2.721098 2.830082 2.887742 2.928256 2.968665 2.94387 2.954683 3.133075 3.318803 3.403177 3.385901 3.439765 3.516535 3.4743 3.348212 3.298184 3.323845 3.382976 3.387226 3.403958 3.462718 3.315979 3.275803 3.240509 3.168505 3.117986 2.961786 2.997753 2.98561 2.956426 2.880094 3.016576 3.132325 2.995098 2.823617 2.732317 2.73313 2.8405 2.927726 2.996052 3.048816 3.154663
2.722606 2.725436 2.723461 2.690904 2.66728 2.657204 2.597815 2.630774 2.696007 2.689865 2.712335 2.735136 2.743811 2.765717 2.792031 2.751337 2.628013 2.628969 2.644189 2.642107 2.632217 2.710547 2.800257 2.858507 2.917036 2.936543 2.945128 3.015986 3.213573 3.459124 3.463222 3.49064 3.560483 3.562474 3.450637 3.342101 3.294496 3.292773 3.302815 3.352632 3.425269 3.359492 3.321708 3.335157 3.223041 3.156841 2.982087 2.754647 2.682486 2.734752 2.681517 2.778995 2.991088 3.114163 3.015105 2.646564 2.615656 2.614764 2.75689 2.909127 3.04477 3.049739 2.843825
2.682214 2.703407 2.715693 2.689044 2.640936 2.582026 2.620437 2.68371 2.704348 2.657203 2.67227 2.696429 2.722022 2.683832 2.647121 2.660362 2.627469 2.636086 2.628204 2.588415 2.645985 2.704454 2.766777 2.835987 2.866525 2.87904 2.896685 2.980519 3.111206 3.238662 3.316967 3.387771 3.388581 3.405088 3.400823 3.373961 3.349095 3.336071 3.245845 3.185946 3.079823 3.070339 3.054165 2.886194 2.849465 2.54006 2.499369 2.386722 2.458972 2.470079 2.443208 2.459099 2.423257 2.441865 2.361806 2.053265 2.276312 2.370735 2.534707 2.620644 2.713009 2.649268 2.425479
2.631727 2.664501 2.688903 2.685404 2.616225 2.621155 2.636657 2.668084 2.668499 2.630388 2.639862 2.654653 2.673929 2.623149 2.610248 2.604411 2.62169 2.638963 2.63286 2.605034 2.684371 2.677909 2.715107 2.756066 2.774478 2.773405 2.76526 2.781453 2.838611 3.016074 3.185547 3.237303 3.238388 3.269778 3.297563 3.333669 3.334122 3.272569 3.154198 3.051583 3.01273 2.819369 2.487958 2.347592 2.127382 2.140602 2.106783 2.209185 2.381834 2.462176 2.417639 2.338731 2.192932 1.931879 1.797571 1.899132 2.056521 2.056832 2.012176 2.008482 2.153175 2.073034 1.927749
2.607399 2.624017 2.64406 2.647382 2.560183 2.571506 2.595608 2.619737 2.618555 2.608111 2.623031 2.627313 2.620153 2.607872 2.613154 2.606267 2.595701 2.607051 2.610512 2.615059 2.710922 2.755816 2.796964 2.84154 2.779939 2.689855 2.63514 2.626532 2.708891 2.873067 3.153198 3.249828 3.279815 3.271691 3.224266 3.130888 3.084103 3.028035 2.900132 2.793558 2.760567 2.563371 2.424131 2.338582 2.390559 2.675264 2.67692 2.690614 2.790379 2.58305 2.454482 2.321767 2.187968 2.077368 2.130173 2.295985 2.227622 2.098972 2.287192 2.324715 2.12647 2.046052 1.989577
2.588834 2.579325 2.582909 2.572335 2.491095 2.506611 2.544352 2.563266 2.579301 2.597378 2.617047 2.627138 2.602633 2.596852 2.593664 2.596923 2.579735 2.555119 2.533053 2.596939 2.719288 2.730025 2.850678 2.825468 2.753444 2.633049 2.660849 2.680055 2.878056 3.14178 3.372291 3.398194 3.386056 3.292643 3.223575 3.216079 3.197038 3.109727 2.952416 2.778797 2.533317 2.412633 2.422601 2.557327 2.844462 3.048131 3.096534 3.131994 3.038061 2.688766 2.437183 2.345772 2.410448 2.577086 2.805963 3.038299 2.970747 3.114536 3.236594 3.083549 2.803832 2.552555 2.336785
2.570468 2.543394 2.526752 2.497358 2.454113 2.479381 2.511779 2.564706 2.586603 2.584852 2.60383 2.615466 2.555434 2.5566 2.57109 2.573365 2.548746 2.491899 2.520461 2.591663 2.624645 2.671642 2.749493 2.713034 2.706464 2.696736 2.72756 2.980787 3.309721 3.463458 3.471754 3.395849 3.332618 3.217033 3.184142 3.195862 3.181476 3.08186 2.907528 2.664003 2.409254 2.405987 2.653927 2.843383 3.093016 3.204656 3.193346 3.080183 2.747541 2.690958 2.735297 2.794564 2.889573 3.060787 3.233284 3.418743 3.511567 3.659806 3.545487 3.293799 3.062255 2.91713 2.686536
2.544556 2.511745 2.481983 2.456281 2.500427 2.519391 2.544465 2.555282 2.560074 2.550204 2.552732 2.571109 2.48999 2.52703 2.566808 2.570795 2.562837 2.572221 2.580773 2.605878 2.640108 2.647826 2.658772 2.654528 2.666813 2.757666 2.943733 3.260452 3.572425 3.684348 3.581682 3.360589 3.241294 3.119615 3.055461 2.999121 2.878104 2.765499 2.641029 2.546221 2.525176 2.816971 3.179992 3.24773 3.278386 3.298384 3.192023 3.034854 2.902416 2.980138 3.113167 3.254071 3.356526 3.471486 3.442942 3.482189 3.601949 3.483612 3.283994 3.081966 2.957108 2.791114 2.652649
2.51035 2.484278 2.468697 2.482937 2.50962 2.549553 2.514338 2.508764 2.511114 2.504349 2.495699 2.491855 2.43909 2.518063 2.598267 2.5855 2.549073 2.591949 2.641735 2.661479 2.663258 2.678816 2.664249 2.604683 2.601145 2.755477 2.962243 3.239174 3.462951 3.476416 3.388627 3.210099 3.099913 3.007095 2.983347 2.933836 2.802739 2.692655 2.587671 2.56832 2.712908 3.013134 3.177208 3.272093 3.275417 3.250608 3.233061 3.198721 3.204756 3.227905 3.283788 3.334304 3.372413 3.368037 3.349351 3.356974 3.291339 3.105934 2.954641 2.838735 2.766148 2.657962 2.534952
2.471851 2.442822 2.468104 2.467104 2.463726 2.466758 2.419945 2.425539 2.441137 2.445583 2.430572 2.398983 2.429644 2.462708 2.507546 2.504616 2.423952 2.559083 2.589454 2.607463 2.629648 2.651513 2.631227 2.560901 2.595447 2.618061 2.823851 3.086551 3.286016 3.32783 3.234014 3.106637 3.039517 2.984024 2.97921 2.912319 2.755625 2.643831 2.525608 2.520573 2.841601 3.109721 3.200814 3.247297 3.23031 3.197863 3.241635 3.263114 3.266046 3.257472 3.256584 3.260759 3.259356 3.244708 3.25524 3.193155 3.03122 2.899976 2.841827 2.784326 2.72287 2.626938 2.480664
2.424881 2.402238 2.41289 2.429767 2.412387 2.386489 2.377274 2.377274 2.384923 2.386912 2.409459 2.428355 2.404263 2.402838 2.387188 2.353895 2.376986 2.498723 2.510189 2.528409 2.602921 2.619616 2.601505 2.61665 2.582443 2.724434 2.908932 3.123516 3.242149 3.278178 3.232589 3.188414 3.179553 3.227227 3.153625 3.039857 2.702714 2.454718 2.428488 2.852234 3.114163 3.156694 3.115753 3.129168 3.030165 2.97453 3.071104 3.091087 3.227336 3.249424 3.183416 3.154479 3.138849 3.148232 3.111702 2.97261 2.845579 2.779978 2.75812 2.730891 2.716405 2.55381 2.377644
