py_wake/examples/data/AJ_ParqueFicticio/Rough survey   Sector 7   Height 30m   Power density.grd
DSAA
73  159
 258469   265669
 6501692   6517492
 .06159079   576.8319
[rows 112 to 139 of 159, columns 0 to 62 of 73]
188.2299 175.4897 165.2619 161.182 150.2958 140.1643 130.0132 131.8031 144.6161 154.1838 150.841 152.9858 149.2248 151.4385 141.923 109.4194 82.31593 76.66333 63.59893 36.65305 45.1936 80.40864 111.9147 147.4668 183.4783 194.7579 201.5662 201.6837 191.4261 164.4971 150.181 146.9415 137.2702 134.7801 120.0184 108.4791 115.1652 125.3547 140.2321 163.9008 191.9652 196.7913 172.262 143.3218 118.7284 95.91314 78.77362 71.2188 60.00856 86.63519 115.7657 117.0938 103.8191 87.14702 80.34666 79.60812 81.73749 84.80264 83.11712 72.44484 55.53631 60.19436 62.88009
220.348 204.4576 200.5674 204.2618 200.8484 192.7359 191.6567 195.3274 198.4784 193.4797 185.3955 189.2139 182.8049 170.4064 148.7226 125.2771 104.4232 98.64991 86.48496 55.48936 38.84421 48.36376 75.74658 132.8947 174.2604 196.56 176.2094 151.5203 143.8392 142.9158 136.4318 166.3313 215.7364 242.3234 210.9892 186.6479 177.299 155.806 165.805 191.2464 224.1207 233.0726 208.4587 163.0157 128.8896 101.6448 82.2951 70.43017 56.71857 46.40147 57.07204 68.49661 69.24791 68.39703 68.88156 77.38617 82.25667 87.48474 85.23248 79.84369 75.31849 52.67464 51.04152
282.9111 272.5474 269.553 266.0443 257.8419 253.6302 261.9313 264.4836 250.0845 228.4751 223.8812 227.3923 198.3431 169.8332 141.0804 124.0194 133.6039 128.5413 99.28732 74.17484 43.33375 28.66375 36.16058 86.43662 135.5488 165.2287 153.2111 147.619 127.9647 121.6412 134.7158 178.8041 210.3712 253.0147 284.039 290.3598 295.5063 281.8743 264.5684 282.7062 316.1753 318.046 269.3261 207.5899 163.1535 132.8433 105.5146 86.11999 69.51955 53.37573 44.50161 48.18785 51.28395 61.36161 68.0891 74.92419 82.5875 85.11686 88.01379 92.59309 100.1226 95.84312 58.38908
329.7783 332.7426 332.7354 325.3898 315.6583 306.5903 303.8026 296.0796 282.7764 273.1819 275.8045 261.4371 222.9485 184.1805 162.2027 164.5769 182.1908 183.2794 159.0366 135.1842 108.5951 69.92088 28.38621 28.40205 73.83187 107.9251 104.8379 108.8723 96.83272 95.97976 119.8871 153.1532 172.0023 198.1908 230.6379 303.9647 397.1368 452.3707 433.8726 459.119 468.5705 459.8765 423.6565 365.3176 287.7153 220.747 155.129 115.8403 93.22292 76.1449 63.06517 54.67237 55.11252 61.02229 71.21104 76.88344 80.83317 85.81307 88.78905 95.04462 98.71783 102.2867 93.56676
284.8508 302.7156 301.5633 301.9044 312.0954 297.1021 291.5657 295.0618 310.584 309.3598 313.8305 304.3272 291.735 280.001 264.1461 271.2901 288.569 292.9499 304.5458 299.3875 259.117 193.5926 99.11172 29.81261 30.15863 67.86847 84.96788 85.1132 80.60013 92.90328 121.9427 133.1708 128.8528 145.6265 202.3418 300.2681 415.4774 476.8694 505.4104 499.2294 525.2781 576.8319 563.2335 505.7667 424.7085 336.9945 256.898 187.9556 137.6529 107.0596 87.44766 74.72433 69.46666 67.21319 66.06726 72.42886 74.519 81.10264 88.5694 95.37888 94.76454 101.3829 93.88689
203.0884 217.9049 221.7341 227.1334 228.0381 232.8602 247.0083 272.3163 298.9252 316.7844 333.888 355.6764 364.0605 395.603 384.6494 339.0569 345.6064 352.4118 379.606 379.8231 371.692 328.5675 239.3729 112.8879 48.8305 44.96399 67.33181 77.24177 89.64643 110.7543 130.621 141.6027 158.3803 201.5324 272.3954 336.3281 342.3578 361.6946 362.3247 401.2464 397.9682 410.0894 400.2943 381.4121 379.0334 335.6215 284.5965 224.5608 166.2317 124.7299 99.82471 86.06982 78.36954 71.4852 68.71147 67.67889 66.67289 70.95 72.97221 86.9615 97.26162 95.04186 86.24537
90.61963 102.7027 113.1762 123.4485 143.0668 171.8793 205.9622 235.1331 251.9531 259.9663 270.8867 319.9481 354.3922 389.8289 389.1056 350.361 318.5186 288.7577 287.0617 280.2744 283.8094 290.9697 263.5179 194.7909 101.6801 53.4753 49.61106 74.82131 113.3111 127.321 140.15 154.4183 174.3544 213.2696 231.5875 228.1652 221.8919 227.6053 193.8935 170.9275 185.1706 203.4274 192.8371 176.4847 176.3851 186.8448 180.8334 159.4153 138.2598 117.289 103.5112 93.89565 89.11598 81.70879 78.87321 73.14229 72.76429 70.78019 68.5295 63.35784 60.90954 66.20739 54.41099
33.12123 40.59172 55.22847 79.39559 109.3028 147.5466 184.0513 217.5551 231.2103 222.006 197.3428 188.2098 212.8905 237.6543 260.2086 260.1387 236.5686 184.1355 145.5736 125.6023 118.3058 124.6813 146.8898 165.1311 155.9132 111.8721 79.74577 79.82499 104.3732 145.0974 140.6421 142.8642 146.7094 148.1905 140.6288 132.6036 142.2722 149.9684 128.1492 88.54085 72.8709 89.5218 103.5327 106.863 94.83005 87.02749 88.46958 87.1011 85.52502 85.02205 91.07742 94.6467 92.9253 90.18501 89.07394 85.87929 88.10691 85.79923 82.22816 62.63452 35.35432 24.16277 22.30581
28.84146 40.67496 57.48294 82.54118 111.1693 142.473 174.3495 215.5575 243.1086 228.6728 166.3041 123.3146 110.0614 117.2047 150.7505 175.8149 169.6349 140.9793 107.8421 82.68101 69.88058 68.46596 76.84398 115.7879 153.9111 146.4419 120.828 83.59019 86.87376 107 109.714 122.7837 121.9329 106.6003 95.40002 99.10194 116.4802 127.5882 123.1414 100.3877 64.80412 53.47468 65.74815 85.7065 80.20403 65.01462 56.53001 55.11038 57.19483 61.83158 69.94756 74.65122 85.33321 88.30953 90.64127 92.2674 89.23462 86.66629 64.28471 36.90215 24.39558 22.40154 18.17275
65.5237 71.10345 82.33135 98.76072 118.3931 148.2089 169.012 198.5873 217.8763 221.6612 164.1256 127.1972 92.71146 75.5526 76.52517 102.7707 114.4644 124.9869 127.296 104.7634 80.70804 69.08354 59.84842 67.3135 93.74957 111.23 111.1621 85.19044 64.32523 70.77444 89.57022 99.27504 91.62504 76.61335 76.99085 98.36707 118.5565 139.3858 136.7347 119.9027 91.36312 63.32242 54.41996 60.54654 68.67091 67.43694 62.9959 61.0939 61.09851 62.52491 67.29276 67.79405 68.67283 78.28555 83.83437 79.3508 76.50063 51.15567 24.92427 14.07364 15.90851 16.05696 25.41371
96.43302 92.83419 95.52898 107.8983 125.5522 147.8569 172.6233 190.5549 190.2926 206.3821 200.3387 174.9649 132.5955 103.2103 67.95614 52.82489 46.0103 57.71915 70.25204 84.21563 73.768 58.31447 51.6009 43.08918 45.42684 51.61168 82.24683 90.46861 69.06351 61.95021 70.46744 83.53522 76.6595 85.25393 105.4377 130.7284 141.2156 143.3393 129.656 129.7554 107.6627 77.78215 52.58117 41.36473 48.99136 61.06738 71.56768 76.1028 75.8551 73.17628 69.48253 70.14267 63.5789 59.18584 57.30267 53.0262 43.6007 25.13246 14.1931 17.12781 34.9321 48.38071 65.21819
123.008 123.6062 130.8825 134.1463 142.0462 153.3947 156.9432 151.446 154.4416 178.9129 204.114 232.1863 216.2209 184.3926 115.1374 75.89899 48.28741 34.2897 29.55228 32.4908 37.76154 38.28372 40.00125 42.69462 43.38683 42.67262 42.54074 54.46899 64.03622 67.48582 73.47198 85.69997 96.33862 120.8233 146.5264 148.1845 137.5132 115.5054 89.54671 87.65211 91.9211 75.13452 57.33949 42.80011 39.61438 45.44182 56.78925 72.50641 84.41294 84.38309 78.71113 75.48016 71.13998 57.99434 41.68499 26.71013 18.57075 11.09111 22.31092 45.95255 68.08183 77.98711 92.92625
166.8108 192.0287 190.8803 182.0812 174.5206 166.1751 136.9112 111.3916 100.294 114.7217 157.5163 198.8182 221.6383 233.276 221.1996 191.8263 147.4263 99.25085 70.07876 55.24825 56.29464 61.8286 67.99995 62.02518 56.9087 46.31453 40.21776 37.45488 39.01867 46.38657 62.68005 101.2392 122.7846 145.8986 148.7315 142.3518 116.4438 86.96349 69.30283 57.19398 55.54155 63.89166 66.72176 59.45045 51.15891 46.40488 44.27438 52.35468 66.87022 85.80656 88.86073 84.49153 76.30441 59.21432 37.31266 18.77443 10.92768 22.42414 35.72261 60.0816 79.10793 93.82771 100.0876
164.5395 202.7168 225.0255 213.4191 193.286 160.82 116.8006 77.32188 59.69805 62.43081 101.0095 130.6505 164.5315 214.3027 231.8215 254.093 252.2112 244.7786 222.8847 205.7868 197.9246 194.864 168.4198 129.7331 86.89423 63.76681 61.19564 60.50983 56.74579 52.35992 62.39685 82.0949 108.848 125.1484 127.4885 118.2265 88.0421 71.09681 62.84736 61.35605 54.93624 51.08698 59.81386 65.6057 65.11147 59.77631 52.90067 47.13124 46.94259 59.89193 76.18583 73.90837 56.45975 28.86164 11.92122 15.15416 17.38646 26.43599 39.5089 54.97712 77.38815 93.70152 104.9938
171.285 195.645 218.6904 215.8365 195.3025 168.955 122.8193 91.57409 66.18218 45.17309 54.9406 83.61253 110.1194 121.9951 134.2711 144.5081 174.8392 226.9473 264.0916 291.4921 296.7694 266.1932 228.1396 169.9621 141.5212 132.1447 148.8941 147.9656 131.7281 94.47886 74.40763 70.06734 75.40268 87.76617 102.1516 100.0006 81.94949 71.68885 64.82 60.80697 58.29728 51.60086 45.778 46.94363 50.68266 54.74763 52.90037 46.51252 39.36122 29.64559 34.61712 30.19852 8.417265 6.74312 8.890964 11.98307 14.79042 25.79931 44.22167 49.28868 67.03674 88.055 95.30862
181.5119 205.071 215.2887 219.3675 196.6212 175.6888 144.9059 126.8326 98.6867 58.35108 39.72015 51.78096 76.37 74.31566 77.86211 82.14786 93.41928 136.8587 193.8461 227.814 228.0618 207.2044 178.478 159.7432 146.6163 145.186 142.8494 141.4025 145.6871 119.8181 81.60654 69.25255 75.56579 89.20451 95.07747 86.60062 78.76127 76.37717 65.17841 50.30543 42.59546 44.77544 46.74321 41.96021 40.4383 41.13224 45.05169 45.76197 41.74271 31.1213 21.97492 11.65845 8.548233 6.425778 4.071925 11.73796 30.26181 47.57131 51.26101 47.23039 52.53123 62.81853 70.64117
128.0905 172.4344 202.6898 212.0151 191.0527 169.4208 139.9135 121.9189 108.9688 85.11852 54.49651 38.70973 51.58798 59.44223 66.58487 72.48029 73.00332 77.65762 99.85869 116.8659 126.2781 128.3975 120.5464 112.4054 116.0486 104.4103 81.29711 72.85083 76.8109 77.27823 65.07983 60.63027 74.2833 83.83585 84.01539 65.35316 57.47982 54.34279 44.59709 34.94133 31.11914 30.49902 32.25089 37.4425 40.31079 39.81941 39.52308 46.09431 55.45654 51.66213 40.81872 26.701 16.77821 17.10484 48.17402 69.32462 81.1584 73.30512 54.29384 40.15378 38.21791 41.4357 40.65749
85.05023 123.1597 165.4025 190.9567 178.5257 125.6017 93.46791 79.32785 69.22864 63.63508 55.69402 41.85722 36.83262 53.93676 65.34132 71.18765 62.00106 55.56378 52.18927 59.08864 73.59654 87.13717 84.78817 84.75916 94.64153 89.0768 56.97839 36.92036 29.50382 32.28184 35.52443 35.23681 40.93182 48.57454 49.50079 40.50713 34.3082 32.44857 29.0456 26.5114 27.29945 26.14523 25.41908 26.6612 30.05389 38.72348 40.54118 43.22287 51.34911 59.69991 48.312 30.93703 22.47058 60.7535 95.48896 117.0508 107.3857 85.89989 56.64289 42.41162 28.08448 27.88715 38.71512
90.69798 114.574 135.8782 131.703 121.4096 107.6441 91.15334 72.32285 53.62463 45.2961 43.50169 38.37012 35.29914 40.75791 64.60259 67.60089 63.46434 54.27954 42.6352 38.36652 46.99177 62.94915 64.45098 74.65378 89.81464 89.16393 75.57269 48.18413 36.42085 33.3932 26.55198 18.48149 14.27283 16.6503 25.0221 24.04132 25.2531 29.45002 34.95072 35.59829 35.90906 31.73332 26.92487 24.28106 21.65524 26.93425 36.19905 43.55828 47.12648 48.7203 37.25341 35.68423 41.95032 83.65009 103.1432 104.5284 101.2075 88.8503 74.21175 63.90659 50.47767 36.69789 36.99717
115.467 120.1034 126.0036 114.462 99.68073 100.8892 114.6197 116.8869 99.60892 92.36717 79.13309 72.23997 55.88341 40.06585 50.51868 61.3807 76.14578 68.72645 53.1357 42.86083 40.1698 49.84579 53.30201 61.87393 73.31099 83.98298 94.80601 100.6225 98.98511 87.8305 66.88937 33.39238 18.58964 11.09751 13.7043 18.63856 25.455 37.93291 46.90557 50.01669 51.80727 48.48994 49.4855 44.67303 38.65827 34.32922 33.73344 38.2364 46.22713 38.85121 31.37886 44.72181 82.54752 104.7188 103.3236 102.6703 107.4136 104.9499 104.8423 98.32751 81.69897 50.40934 36.83105
112.9742 100.1951 115.1636 119.7395 106.5583 96.39282 104.4052 117.0803 119.9892 114.6053 114.6503 107.6635 83.54344 60.00623 50.67013 66.48246 75.20121 85.72837 74.75251 57.12901 47.76987 43.82343 47.72104 51.45103 63.5199 78.97519 104.5193 137.0382 138.8785 142.7561 130.4435 102.4025 65.53402 36.1672 21.15007 21.04994 28.17083 38.62671 51.86013 59.41777 63.91505 68.43928 70.81731 71.4229 72.74603 66.24047 51.90491 40.68194 35.15485 27.69072 39.6187 65.36485 103.6518 116.0005 106.5142 105.3909 110.2886 104.3507 107.3086 95.34911 86.19619 74.64193 56.2133
104.8074 77.07884 81.03516 92.16007 80.07752 78.34625 79.74689 90.55759 105.0392 97.78 86.2641 79.8318 73.82983 60.3167 49.16011 54.36569 60.41256 70.07674 75.64124 63.07818 56.18024 50.04325 49.91703 52.91867 55.45887 61.07161 80.35231 95.00481 107.9827 122.7446 136.3003 137.3978 124.6 86.57986 56.12435 39.80417 32.50348 29.71836 34.00872 46.47972 55.39262 58.01972 67.00983 75.38657 83.49798 78.16735 68.16448 52.29524 33.53757 34.70713 42.99949 51.45757 64.31213 90.01442 95.14351 102.6183 109.1341 109.057 117.4676 114.1061 98.23587 88.30289 75.55916
115.38 72.05536 63.09044 71.97256 72.90916 81.45122 92.461 115.4363 129.7304 128.6264 116.1805 82.56664 60.66529 48.34742 39.89623 36.50185 39.46576 42.25859 55.68852 60.44015 56.18176 50.65711 44.57098 44.17042 43.62927 42.31594 47.50991 61.27118 68.66933 77.69283 82.56657 87.36062 98.86469 97.75525 80.4626 58.31077 42.20997 31.68237 29.36136 32.77834 37.55878 41.87732 46.69622 53.44783 61.50964 62.83971 57.82798 47.70568 32.84558 35.17781 39.80877 43.43504 40.14616 48.97107 74.7278 91.72526 104.3484 110.0962 120.4501 118.0103 118.6577 108.968 102.3953
147.0012 97.34808 73.33813 74.25574 89.57915 96.03461 107.4707 112.2937 126.5709 154.3468 164.1083 137.8401 95.51767 57.75145 43.78606 29.45447 27.76324 30.56872 38.81573 50.69766 52.5563 49.28854 49.63378 48.61082 41.27946 38.90025 43.13823 48.56938 59.4532 65.20002 58.91965 50.32328 47.59699 64.11782 65.36394 53.436 43.90931 32.0992 26.4878 26.99463 32.26081 35.64686 33.9058 35.19462 39.16758 37.53328 29.08151 23.91164 24.0007 25.35561 33.1365 37.38754 37.57291 32.66209 50.28351 70.90924 89.36011 105.2649 112.5825 115.0986 116.0186 117.8526 111.4804
187.1035 141.8135 100.9765 88.8101 94.99444 99.46936 81.44815 64.5158 71.15575 91.19818 122.4885 139.7551 128.181 111.5934 83.11337 54.63067 33.66212 24.1109 30.27513 37.45138 44.56126 51.38766 56.23204 58.50501 53.79393 50.42281 47.08257 45.52646 46.19058 54.18566 60.13263 50.67817 37.29998 35.07915 40.42271 41.44806 37.98615 36.08915 33.10125 32.54675 33.58804 36.02269 32.41549 31.21865 26.42347 21.77264 19.40311 19.09489 22.46881 30.42631 37.55949 33.42131 34.79055 31.40724 33.42519 49.31712 68.24793 86.89067 103.0767 109.2047 113.9207 111.0488 107.9632
180.0341 149.2445 115.2585 92.17372 88.34464 76.09248 52.3769 46.85133 45.79359 44.54474 53.54313 80.23517 106.9603 110.6795 103.8681 75.87845 47.62407 30.45593 24.95414 25.05948 33.34488 46.77266 55.58955 64.06091 62.40026 59.82764 53.4098 45.39947 37.40643 34.47115 41.09988 45.34095 40.26855 32.45797 30.3219 31.15773 34.30307 36.21729 34.63545 37.51293 41.78325 41.54089 41.47986 40.34419 34.42951 29.81252 33.33195 42.76716 54.49435 57.53415 48.75655 36.15528 30.28588 29.2495 23.86264 24.10471 36.31181 51.83657 72.123 85.66624 100.0543 106.7254 104.2828
121.5993 115.1002 106.7233 88.2486 69.87386 52.11373 43.57312 48.01656 43.11327 33.40819 26.84915 35.36677 56.1664 71.67697 77.64697 83.51491 67.28617 47.44808 29.75773 24.96444 28.13357 36.77307 45.0101 56.86535 61.09039 60.36296 52.55084 42.09684 34.15563 29.00479 28.09838 34.36276 39.50488 38.67438 33.4003 31.7905 32.60463 32.41497 30.70981 33.8183 39.90153 44.98876 44.82644 44.01955 44.12187 42.21568 48.71782 55.56938 57.10847 58.32093 48.74706 37.53594 26.24878 23.40601 25.09327 22.52013 16.96399 19.97306 31.83306 53.4739 70.51765 87.05576 97.03268
82.46295 85.20695 89.64706 81.64288 55.10815 46.27218 48.88828 55.58819 56.1484 45.13024 33.14468 25.51213 28.39618 39.65934 48.00956 68.5387 71.25732 63.12565 54.19865 32.63831 31.68664 35.09672 45.13116 60.27572 56.58485 49.91614 42.5558 36.89892 31.8041 30.51774 28.45531 28.49368 34.71431 40.81894 37.8834 37.04339 34.12302 29.62669 28.27206 28.87935 27.03214 29.71202 33.53912 32.5404 31.70683 33.82727 35.38159 37.7314 38.20356 42.69765 49.78308 61.39111 65.10166 52.40508 31.03812 25.40455 20.62718 16.53012 13.75033 23.88368 44.67261 63.65788 82.03455
