py_wake/examples/data/AJ_ParqueFicticio/Rough survey   Sector 12   Height 200m   Orographic turn.grd
DSAA
73  159
 258469   265669
 6501692   6517492
-15.16757   14.57971
[rows 108 to 134 of 159, columns 0 to 60 of 73]
-1.209141 -.7102703 -.4773558 -.5414313 -.6623079 -.6967937 -.5288145 -.04091317 .4472093 .6444036 .6894048 .9026672 1.508546 2.419319 3.460668 4.417192 4.899626 4.589225 3.923212 3.431245 3.404239 3.692928 3.800448 3.281767 2.249204 1.361373 .9429715 .9315467 1.37274 2.012414 2.802006 3.424973 3.642275 3.621283 3.316522 2.969557 2.329563 1.433775 .7821421 .533935 .8245546 1.686982 3.285408 5.396369 7.320282 8.533846 9.357228 9.812482 9.392133 8.008681 6.543169 5.722795 5.874807 6.591425 7.320504 7.817887 8.312496 8.977427 9.795599 10.74244 12.01586
-.3700994 .07327023 .3938378 .3840536 .2700495 .1184084 -.02089312 .1562705 .4410307 .6113999 .5809036 .5670829 .9677071 1.804488 2.835767 3.832753 4.442479 4.437692 3.988441 3.572227 3.519624 3.812773 3.992398 3.552272 2.513622 1.652184 1.237216 1.225573 1.505341 1.974024 2.554816 2.951353 3.221633 3.158919 3.109599 2.9995 2.621644 1.921889 1.242428 1.09177 1.582411 2.617033 4.354553 6.483776 8.445881 9.708092 10.39343 10.66689 10.09734 8.728269 7.146423 6.088475 5.84272 6.21058 6.672526 6.99754 7.408873 8.037637 8.943888 10.12369 11.41889
.4359059 .7676964 .9793361 .9765946 .8011349 .5550295 .2993349 .1942576 .3370868 .4122976 .3215679 .2164558 .4136735 1.204666 2.266186 3.227936 3.888668 4.077881 3.938392 3.794568 3.823712 4.03484 4.194271 3.886374 2.864067 2.036207 1.618139 1.515331 1.65516 1.816173 2.060612 2.329345 2.487648 2.662942 2.81886 3.042852 2.977755 2.448462 1.81307 1.67615 2.217897 3.316133 4.94593 7.010158 9.019286 10.35414 11.00178 11.12975 10.50315 8.988524 7.278435 6.068708 5.570462 5.618426 5.905467 6.205686 6.59662 7.200078 8.172917 9.426257 10.84525
1.130997 1.151573 1.229973 1.187751 .9843209 .7238324 .4288299 .2864789 .2835365 .2816995 .1597123 .0190267 .2094209 .917496 1.907266 2.776864 3.326445 3.601809 3.928331 4.242044 4.377063 4.549956 4.714956 4.358866 3.412172 2.48241 2.043516 1.905948 1.778755 1.735771 1.772699 1.881945 2.033058 2.312567 2.672576 3.145795 3.34299 3.086709 2.494914 2.288376 2.671201 3.659008 5.166081 7.092136 8.971279 10.26994 11.03991 11.28312 10.66302 9.156083 7.143408 5.745041 5.041161 4.984988 5.214278 5.497645 5.857617 6.414678 7.311679 8.680865 10.30193
1.589176 1.389659 1.331905 1.309079 1.170545 .9782688 .7431526 .5732929 .5201637 .4395466 .297463 .2048848 .4057139 1.09747 1.869236 2.558254 2.937007 3.203077 3.83433 4.573225 5.118897 5.327818 5.505944 5.093901 3.953002 2.903251 2.399316 2.152357 1.989535 1.888238 1.870964 1.898413 2.06709 2.408891 2.826805 3.309043 3.691858 3.648645 3.25302 3.003755 3.158187 3.828891 5.13471 6.883155 8.528625 9.84557 10.68046 10.97216 10.53604 8.999719 6.998346 5.364824 4.556106 4.410028 4.68663 5.009855 5.382612 5.861604 6.615208 7.932333 9.718768
1.827726 1.625821 1.551863 1.546183 1.437345 1.298296 1.174323 1.033111 .9330094 .7939773 .6143175 .5602561 .7590401 1.347376 2.017802 2.478282 2.673942 2.890565 3.567808 4.611088 5.63177 6.232521 6.479145 6.018616 4.688408 3.276008 2.608903 2.338922 2.228656 2.194242 2.244057 2.287649 2.390095 2.715319 3.058971 3.500632 3.944487 4.179154 4.080499 3.795367 3.772561 4.092534 5.086774 6.551515 7.989665 9.215603 10.00601 10.37061 10.04338 8.663678 6.777636 5.169259 4.267931 4.111572 4.327489 4.710282 5.089221 5.541679 6.178278 7.214252 8.838529
1.853989 1.755361 1.732012 1.728554 1.690917 1.576987 1.45109 1.397233 1.316422 1.143443 .9922282 .9478879 1.139811 1.659044 2.215434 2.592862 2.675359 2.886556 3.549588 4.576931 5.772706 6.882158 7.375081 6.890449 5.369563 3.733243 2.798877 2.5483 2.49184 2.569777 2.753964 2.855466 2.858899 2.97416 3.204174 3.572199 4.097429 4.599514 4.827913 4.785472 4.561025 4.531435 5.139816 6.260089 7.42659 8.492299 9.195267 9.568892 9.321242 8.256612 6.694093 5.25027 4.365643 4.080374 4.236863 4.567669 4.966815 5.373491 5.930247 6.734449 7.871615
1.523805 1.548802 1.610601 1.641144 1.611714 1.517525 1.495189 1.468336 1.455447 1.430207 1.36532 1.336631 1.560278 2.098094 2.613697 2.995732 3.124413 3.286255 3.814389 4.763016 5.798671 6.926086 7.7031 7.516961 5.961864 4.1973 3.050615 2.762292 2.77032 2.940202 3.239312 3.407114 3.289641 3.296058 3.352913 3.528119 4.042457 4.748849 5.342379 5.569954 5.312983 5.088073 5.313528 6.022919 6.891551 7.682227 8.286327 8.652661 8.534961 7.811298 6.651984 5.473351 4.665979 4.325243 4.348522 4.568725 4.877427 5.333961 5.786933 6.435084 7.221602
.816799 .9569867 1.020363 1.084383 1.130192 1.113532 1.190568 1.298173 1.439386 1.580422 1.679772 1.829429 2.123385 2.65586 3.151646 3.54229 3.678943 3.848969 4.322575 5.025261 5.808403 6.54663 7.203898 7.349726 6.341708 4.691411 3.535415 3.075236 3.142811 3.390747 3.690409 3.873943 3.81146 3.597642 3.519347 3.519353 3.778565 4.453599 5.275068 5.756605 5.684211 5.32145 5.269236 5.615708 6.137035 6.720899 7.212923 7.587812 7.637781 7.261394 6.42417 5.551978 4.916753 4.593498 4.466799 4.577385 4.828596 5.227593 5.673007 6.170522 6.673012
-.1298917 -.01280013 .07494798 .206778 .3273531 .5062183 .6838452 .9895878 1.308801 1.621865 1.944861 2.233188 2.629814 3.12085 3.470484 3.706768 3.8254 4.025012 4.404968 4.98382 5.545739 5.972192 6.234917 6.411017 6.060413 5.133039 4.166856 3.716425 3.770944 3.951442 4.252169 4.417714 4.256799 3.931936 3.688237 3.347569 3.161967 3.543994 4.382065 5.181825 5.282729 4.934347 4.638932 4.729981 5.125825 5.542587 5.936073 6.323863 6.524739 6.39165 5.973948 5.384161 4.918401 4.644675 4.546436 4.551984 4.711982 5.036641 5.446613 5.872389 6.12926
-1.280369 -1.156165 -.9892184 -.7685138 -.4973322 -.1506859 .2097216 .5833638 .9848171 1.405997 1.825201 2.302883 2.800655 3.192317 3.287381 3.217125 3.273715 3.403276 3.782376 4.221167 4.758318 5.118412 5.12666 5.126598 5.180241 5.184847 4.850375 4.607892 4.502072 4.511717 4.72702 4.85883 4.486041 4.013999 3.479777 2.626549 1.956083 2.044231 2.861345 3.833512 4.250146 3.985302 3.547678 3.416255 3.685836 4.020927 4.432853 4.841588 5.212323 5.397585 5.318923 5.016625 4.76502 4.557785 4.500002 4.476018 4.599894 4.780427 5.082438 5.312321 5.255577
-2.223483 -2.022378 -1.73692 -1.394963 -1.014289 -.5086541 -.01818048 .40218 .7774627 1.106428 1.415417 1.837179 2.292823 2.576951 2.524997 2.255517 2.079615 2.13217 2.374903 2.794889 3.368897 3.9026 4.108547 4.119832 4.245121 4.691139 5.169871 5.310626 5.16024 5.002064 5.055983 4.926652 4.367393 3.664341 2.835492 1.736467 .7552633 .5269486 1.186564 2.335811 3.04972 2.981651 2.501602 2.161789 2.31326 2.609642 2.941192 3.384885 3.88091 4.320774 4.621521 4.614565 4.502367 4.435186 4.382058 4.347763 4.392612 4.471737 4.573029 4.525784 4.25899
-2.458749 -2.197886 -1.889695 -1.538264 -1.06456 -.4908734 .07176393 .5641139 .8641908 .8734733 .8503044 1.138378 1.562721 1.733212 1.631343 1.247571 .8736225 .7380717 .9582586 1.391232 2.054431 2.842325 3.350614 3.382139 3.576835 4.065806 4.757469 5.387589 5.464785 5.236875 5.119597 4.762391 4.005149 3.133246 2.068378 .8231661 -.07944298 -.4442214 .05541197 1.129303 2.075695 2.356595 1.94962 1.409825 1.32634 1.499279 1.87324 2.300792 2.834635 3.448429 3.925573 4.142983 4.228171 4.177772 4.131964 4.08635 4.035799 3.979043 3.796968 3.539563 3.24931
-1.968421 -1.80782 -1.607097 -1.27958 -.8447984 -.2146016 .3561336 .9750893 1.20201 .8423207 .4367622 .5237642 .7666686 .9549293 .7797003 .363227 -.07976446 -.3110081 -.1759248 .2511127 .9436173 1.88983 2.617178 2.888066 3.005513 3.419012 4.005208 4.718881 5.289867 5.342482 5.162007 4.637194 3.685334 2.730329 1.522276 .3474631 -.5086462 -.7653604 -.462831 .3910497 1.343833 1.812918 1.62504 1.063144 .7971814 .965668 1.276589 1.739466 2.28437 2.828809 3.365689 3.723091 3.823927 3.804856 3.717416 3.538772 3.38535 3.204384 2.963271 2.723641 2.720969
-1.580916 -1.481955 -1.272542 -.986015 -.5170895 .083753 .7038756 1.413318 1.602932 1.167493 .4920557 .1752778 .2683725 .4186008 .2094224 -.2331001 -.7750572 -1.075811 -1.012422 -.6957363 -.0504491 .926064 1.846378 2.339058 2.563056 2.847558 3.369208 4.001356 4.794957 5.345333 5.352898 4.718615 3.710385 2.573635 1.395056 .2171696 -.6542419 -.8879149 -.7403145 -.1193058 .6015219 1.120366 1.162584 .7575803 .5496093 .7106125 1.038844 1.513499 1.976211 2.451911 2.900991 3.289122 3.398427 3.311887 3.05159 2.763971 2.560963 2.509416 2.483106 2.571872 2.911114
-1.349569 -1.264048 -1.045193 -.7169196 -.309345 .2228803 .885048 1.457354 1.859269 1.564457 .8176696 .3009946 .1346868 .07276899 -.05597306 -.3438334 -.8364188 -1.278768 -1.415399 -1.184494 -.6542931 .2671963 1.329784 2.084622 2.409799 2.590291 2.842395 3.455385 4.448235 5.38243 5.727911 5.163433 4.04082 2.753381 1.38388 .05849956 -.9018548 -1.252589 -1.136441 -.6244753 -.0797599 .3306491 .5196465 .4346258 .3745308 .569825 .922873 1.39219 1.812875 2.170618 2.557508 2.803879 2.920111 2.738097 2.287432 1.902818 1.833207 1.952941 2.46167 3.051622 3.492272
-1.206145 -1.124051 -.8994967 -.6593705 -.3188185 .03015452 .5371816 1.204393 1.841958 1.792165 1.13939 .5609106 .1901595 .0271029 -.05625346 -.1322464 -.4108736 -.702464 -.8075942 -.6795667 -.2412391 .47903 1.310694 2.163787 2.528742 2.47282 2.625603 3.107855 4.215032 5.551146 6.265895 5.730379 4.457497 2.90607 1.220788 -.2396518 -1.282575 -1.793882 -1.694848 -1.152174 -.6679403 -.2947367 -.02206761 .1243181 .2175216 .4327416 .7150736 1.162385 1.639942 1.98311 2.223489 2.378811 2.300178 1.997818 1.573884 1.241631 1.311416 1.879359 2.852803 3.659002 4.050832
-1.108069 -1.08599 -.9883122 -.8219131 -.5986553 -.4021835 -.1012298 .542145 1.452958 1.865682 1.414945 .7845016 .2490362 -.004164582 -.03396074 .09172965 .09716754 .01104689 .02741374 .2323901 .6285836 1.116538 1.652141 2.19058 2.585521 2.534285 2.618998 3.08458 4.205317 5.780333 6.792939 6.31707 4.681638 2.800056 .9216367 -.6429675 -1.760889 -2.288223 -2.14485 -1.591848 -1.06838 -.729535 -.4764345 -.2495901 -.02823759 .255055 .525994 .8803151 1.33411 1.676602 1.853641 1.7935 1.536013 1.075319 .7547005 .6301365 .9414972 1.859202 3.122378 4.161867 4.558355
-1.06749 -1.1247 -1.108538 -1.085544 -1.000959 -.8928632 -.8002964 -.1531213 .9044968 1.657588 1.542517 .9586276 .33171 -.2153184 -.4178001 -.2470549 .09513136 .3326679 .498856 .735724 1.071686 1.369454 1.668479 1.988977 2.280231 2.469656 2.568972 3.056693 4.044407 5.615152 6.823366 6.475904 4.737351 2.597424 .6046594 -.9764459 -2.096315 -2.694739 -2.595738 -2.062137 -1.53204 -1.187437 -.9583241 -.7308828 -.4076948 -.09547886 .1480828 .4187079 .9233084 1.304505 1.399768 1.18214 .6998922 .2290064 .02078961 .1505769 .7445939 1.858533 3.259336 4.522913 4.997485
-.9694669 -1.118268 -1.227216 -1.251277 -1.258922 -1.279989 -1.283918 -.8010516 .1466823 1.071933 1.387761 1.117497 .4327548 -.4146942 -.877712 -.7443732 -.2478101 .1941765 .3937081 .5929501 .7598943 .9528763 1.223189 1.468704 1.612972 1.754447 2.015238 2.462007 3.347002 4.808032 6.136585 6.022106 4.441504 2.367226 .4397717 -1.193384 -2.342892 -3.058641 -3.117255 -2.716563 -2.17301 -1.776487 -1.498612 -1.24222 -.8767334 -.5100185 -.1572138 .1142407 .5403644 1.058687 1.402368 1.182917 .6749302 .1848896 .02034767 .2972073 1.010482 1.947988 3.159668 4.545816 5.185983
-.905886 -1.048671 -1.154122 -1.256111 -1.428459 -1.593196 -1.85294 -1.639029 -.8559152 .09722386 .8838696 1.060553 .6152076 -.2808872 -1.003238 -1.190099 -.801133 -.3163361 -.1067186 -.003516193 .05508356 .2275936 .4554506 .6287462 .5901601 .5317091 .7026511 1.143906 1.97686 3.355825 4.872344 5.180725 3.869085 1.955904 .1115728 -1.513314 -2.743339 -3.565729 -3.811158 -3.470888 -2.908716 -2.402485 -2.01665 -1.686898 -1.259727 -.8041784 -.297857 .1118033 .5892476 1.199157 1.82773 1.930933 1.437977 .9161388 .7669619 1.090133 1.565351 2.04782 2.819021 4.121529 5.004752
-.586547 -.6709093 -.8128437 -1.044879 -1.502394 -2.065707 -2.544655 -2.513507 -1.87196 -.9898795 -.04703661 .7405626 .7563828 .1657064 -.7434377 -1.410082 -1.363156 -.9931171 -.7088879 -.6244637 -.541577 -.41748 -.2824942 -.2095925 -.3885537 -.6882129 -.697894 -.3318423 .5460024 1.887117 3.42663 3.914352 2.979548 1.285456 -.4016336 -1.902438 -3.086461 -3.924644 -4.249313 -3.960078 -3.38899 -2.806375 -2.390411 -2.0016 -1.523371 -.9452064 -.3209354 .3314875 .883352 1.587259 2.318969 2.713608 2.453349 1.944257 1.667353 1.79198 1.90168 1.915564 2.340515 3.434321 4.456831
.1058931 .04912987 -.2333515 -.794806 -1.450889 -2.248667 -2.961954 -3.118396 -2.665463 -1.81457 -.7693402 .2797773 .9376761 .7230915 -.2297193 -1.255317 -1.757798 -1.520523 -1.163044 -.9664984 -.9244912 -.8156209 -.6249788 -.6400626 -1.024291 -1.521644 -1.756406 -1.37363 -.3824746 .940782 2.170089 2.652163 1.939964 .6939783 -.7759377 -2.061677 -3.0265 -3.716879 -4.005086 -3.917346 -3.408736 -2.81917 -2.466071 -2.1011 -1.621644 -.940612 -.2362501 .5153696 1.2594 1.97023 2.782378 3.39516 3.315177 2.790257 2.281469 2.088101 1.942024 1.762044 1.928289 2.781643 3.930236
.9217203 .8932538 .3940381 -.3540053 -1.141935 -2.03343 -2.909346 -3.283364 -2.992234 -2.230209 -1.211568 -.02111951 .9665143 1.188624 .3786976 -.8177739 -1.703627 -1.869574 -1.460587 -1.144321 -.9482716 -.8797758 -.7890882 -.7954842 -1.304739 -1.939075 -2.224122 -1.798683 -.7699178 .4935989 1.517147 1.791682 1.317449 .3317163 -.6682569 -1.635482 -2.409384 -2.930762 -3.32935 -3.392883 -3.086774 -2.671791 -2.288396 -1.956255 -1.477488 -.8050377 -.1185942 .6681685 1.523801 2.429235 3.294785 4.007206 4.037359 3.439091 2.748807 2.308987 2.046244 1.791028 1.806933 2.279095 3.208259
1.352278 1.399715 .9800056 .1692291 -.6980319 -1.689428 -2.703695 -3.177322 -3.086951 -2.578949 -1.622706 -.4872113 .5365127 1.15921 .8165779 -.3299659 -1.441892 -1.90091 -1.767442 -1.292726 -.9387413 -.8541605 -.7691129 -.8831074 -1.400388 -2.104505 -2.39045 -1.989157 -.9419656 .2091492 1.04364 1.23309 .93533 .3896219 -.1489998 -.8009461 -1.454312 -2.057917 -2.593032 -2.877359 -2.766707 -2.467887 -2.095136 -1.756885 -1.3252 -.7714048 -.1724472 .6694434 1.731596 2.759637 3.705377 4.482014 4.541615 3.918944 3.139553 2.626949 2.241871 1.846295 1.692186 1.813075 2.483738
1.396564 1.673318 1.406951 .5763856 -.3415272 -1.363354 -2.384761 -2.988892 -3.115164 -2.870341 -2.137498 -1.163782 -.1916942 .5404948 .6579063 -.1216469 -1.242773 -1.943763 -2.024613 -1.645821 -1.115955 -.8675801 -.7879373 -.9669196 -1.588177 -2.290087 -2.566423 -2.261149 -1.322325 -.1906381 .6532375 .8381945 .5618111 .1961868 -.02121915 -.2061848 -.7267491 -1.501731 -2.165189 -2.578303 -2.656387 -2.470727 -2.078773 -1.74359 -1.371256 -1.016414 -.4357604 .3692849 1.569884 2.812955 3.806197 4.648358 4.903456 4.313714 3.501793 2.963865 2.54154 2.062806 1.724278 1.622203 2.001883
1.175838 1.76712 1.758477 1.002227 .08879945 -.9440829 -1.844915 -2.555671 -2.907482 -2.936122 -2.577348 -1.848416 -1.003836 -.2532029 .08390328 -.3527161 -1.309749 -1.962953 -2.175898 -1.983478 -1.485427 -1.07977 -.9093792 -1.099406 -1.823331 -2.549074 -2.938566 -2.597728 -1.882586 -.8419875 -.06872784 .180877 -.02377092 -.2580223 -.3854089 -.36813 -.6016619 -1.132598 -1.845686 -2.48806 -2.731262 -2.662999 -2.350937 -2.032533 -1.762628 -1.360412 -.8621549 -.1544468 1.02899 2.480222 3.559503 4.390528 4.936399 4.681368 3.890802 3.323552 2.960768 2.448089 1.968872 1.581825 1.665116
