py_wake/examples/data/AJ_ParqueFicticio/Rough survey   Sector 6   Height 30m   Orographic speed.grd
DSAA
73  159
 258469   265669
 6501692   6517492
 .2350238   2.018837
[rows 112 to 139 of 159, columns 0 to 62 of 73]
1.474749 1.496157 1.448092 1.39277 1.365703 1.32326 1.265138 1.251063 1.253042 1.253048 1.233225 1.239148 1.228972 1.204797 1.175119 1.083249 .9911834 .9273436 .8036135 .6341628 .701825 .9193315 1.074781 1.197543 1.33613 1.397256 1.401888 1.490614 1.593412 1.674818 1.799505 1.886147 1.841229 1.645941 1.456373 1.28831 1.159549 1.169901 1.257345 1.347242 1.382666 1.329996 1.192827 1.093742 1.022737 .9481796 .8896367 .8727812 .8418414 .9058706 1.056622 1.19917 1.241617 1.213824 1.179487 1.16837 1.164423 1.152263 1.109299 1.013141 .8606537 .8529453 .8429106
1.598549 1.584141 1.551108 1.501997 1.484489 1.478987 1.440464 1.399032 1.377217 1.356995 1.331878 1.325298 1.306934 1.257439 1.234587 1.195601 1.117816 1.030908 .9405282 .7543729 .6701502 .7319153 .8840988 1.101475 1.254356 1.393563 1.3968 1.372274 1.453817 1.574066 1.668345 1.841726 1.974022 1.98316 1.833809 1.620813 1.378435 1.24411 1.269621 1.341946 1.41967 1.416849 1.314245 1.178285 1.079607 .9796576 .9021404 .8560554 .8050232 .7315633 .802932 .9913135 1.104366 1.139395 1.1397 1.136057 1.144432 1.149357 1.157641 1.119888 .9882 .7997563 .7881916
1.788359 1.731834 1.690403 1.639851 1.600293 1.593156 1.591434 1.54814 1.506311 1.455016 1.413643 1.426367 1.360725 1.304635 1.275971 1.235913 1.232913 1.172505 1.023497 .8924845 .6898566 .6459356 .7183096 .9174442 1.107314 1.304455 1.379442 1.37674 1.388097 1.461357 1.530186 1.663273 1.841867 1.954115 2.018837 1.959198 1.75133 1.528286 1.452871 1.472772 1.550348 1.592264 1.492505 1.341799 1.206104 1.097436 .9974947 .9225324 .8521141 .7735969 .7471427 .8437903 .9605898 1.069809 1.094639 1.102794 1.117361 1.128075 1.153617 1.175872 1.16413 1.03555 .8238602
1.888835 1.849914 1.812542 1.762346 1.710636 1.682074 1.663741 1.628897 1.599307 1.550036 1.51586 1.534413 1.471352 1.40577 1.363291 1.333254 1.330973 1.35029 1.256729 1.143784 1.013672 .8319233 .6878962 .687735 .8565104 1.107389 1.253103 1.281904 1.323419 1.321958 1.362242 1.470907 1.585231 1.725034 1.844552 1.9634 1.945876 1.809621 1.700016 1.711868 1.768881 1.82013 1.787316 1.676809 1.498502 1.343067 1.177094 1.047359 .9676555 .9093558 .8710463 .8750424 .9291444 .997391 1.055838 1.080441 1.08728 1.107847 1.122016 1.154132 1.145609 1.097141 1.027541
1.808154 1.810654 1.79611 1.774295 1.730069 1.696941 1.664416 1.652162 1.640792 1.619231 1.606303 1.60544 1.642115 1.615409 1.548906 1.515612 1.524971 1.557986 1.57281 1.53167 1.426975 1.267728 .9640912 .6988032 .6386019 .8903666 1.127892 1.194043 1.21895 1.242308 1.298644 1.326749 1.401312 1.499825 1.620482 1.767856 1.859238 1.852732 1.779552 1.753069 1.808376 1.947949 1.995116 1.937446 1.808027 1.633597 1.446723 1.270848 1.130252 1.042322 .9963565 .9756676 .9725134 .9801006 1.013623 1.042364 1.052739 1.064009 1.086291 1.1259 1.129601 1.109845 1.060143
1.612497 1.64423 1.652506 1.654664 1.635626 1.620726 1.605272 1.595824 1.581801 1.585917 1.606056 1.696107 1.744287 1.770991 1.736949 1.633744 1.610164 1.630636 1.668332 1.664868 1.642052 1.577505 1.415167 1.045086 .7494644 .7275146 .9679385 1.151673 1.204106 1.192712 1.237069 1.305584 1.412772 1.472887 1.562993 1.692321 1.729218 1.652048 1.589235 1.607764 1.653074 1.748197 1.839324 1.822639 1.81838 1.748039 1.604972 1.449941 1.286565 1.154899 1.085304 1.058233 1.030805 1.017832 1.005624 1.015524 1.013974 1.009917 1.002346 1.062057 1.105034 1.115239 1.048542
1.301889 1.35564 1.398162 1.424137 1.445749 1.468226 1.489997 1.495968 1.471166 1.454186 1.494002 1.590591 1.68311 1.730286 1.743633 1.698615 1.597823 1.515119 1.521782 1.516837 1.518802 1.538702 1.56399 1.433488 1.049525 .7875172 .8118726 .9835958 1.191756 1.201849 1.232268 1.274124 1.344188 1.403636 1.441501 1.508558 1.541482 1.47489 1.273282 1.180182 1.265425 1.409622 1.538732 1.523451 1.478816 1.541055 1.524995 1.430958 1.325305 1.206441 1.146937 1.121355 1.09885 1.089123 1.063016 1.051101 1.031044 1.022705 .9740463 .9236018 .9757465 1.026617 .9642423
1.031039 1.076532 1.149405 1.22141 1.28011 1.330134 1.370359 1.421939 1.428356 1.378938 1.317085 1.30875 1.402617 1.48074 1.572205 1.629002 1.55198 1.385401 1.260512 1.205243 1.174538 1.181683 1.317797 1.468809 1.372959 1.110959 .9417741 .9484757 1.060182 1.225358 1.226927 1.24558 1.233411 1.249802 1.260395 1.294869 1.376595 1.406569 1.217162 .9490494 .8901263 1.054289 1.277092 1.380013 1.27124 1.228903 1.277432 1.27305 1.232181 1.163305 1.123756 1.123328 1.136739 1.126376 1.122709 1.115473 1.099165 1.092981 1.06533 .9811684 .8809789 .857464 .8476053
.942867 .991073 1.04646 1.111617 1.173481 1.229729 1.269205 1.343613 1.426661 1.444757 1.341693 1.147358 1.099561 1.131012 1.278459 1.458206 1.523281 1.449501 1.284402 1.14116 1.019009 .95893 .9922718 1.233765 1.376529 1.328854 1.130726 .9541908 .9729967 1.088719 1.154142 1.150424 1.176023 1.16343 1.17058 1.19592 1.278133 1.367941 1.335339 1.103883 .87703 .8348311 1.017966 1.274802 1.289631 1.195272 1.154327 1.13744 1.117518 1.083101 1.050827 1.042001 1.099108 1.118233 1.127477 1.120852 1.112829 1.084432 1.067388 1.005431 .9293252 .8732119 .8433241
1.085265 1.03592 1.053395 1.088353 1.114861 1.168913 1.191652 1.246186 1.332089 1.507102 1.525278 1.31022 1.082562 .9761211 .9541694 1.135413 1.346831 1.447868 1.434912 1.328284 1.163293 .9834939 .8921148 .9364043 1.133175 1.236001 1.20438 1.007378 .8705734 .9273944 1.036226 1.081841 1.103554 1.092213 1.119651 1.155023 1.196518 1.311211 1.416661 1.317121 1.090275 .9075552 .8920923 1.081933 1.240234 1.256752 1.218631 1.17326 1.124536 1.078595 1.022835 .9969673 1.001016 1.062779 1.083651 1.105712 1.091467 1.040453 .9896718 .9755073 .9311005 .8835005 .9079357
1.249865 1.142216 1.070227 1.074859 1.08611 1.094675 1.160494 1.186869 1.246155 1.435432 1.651749 1.618959 1.397745 1.138557 .9519587 .8929568 1.0048 1.138601 1.23375 1.294808 1.221451 1.050435 .881515 .8168387 .8578231 .9695516 1.060593 1.097363 .9275198 .8790682 .919074 1.025635 1.075947 1.153447 1.143543 1.169908 1.226479 1.255463 1.342532 1.384416 1.288399 1.057279 .9086051 .9316159 1.064538 1.175074 1.229938 1.244683 1.211721 1.143113 1.083727 1.014005 .9771373 .9601249 .9906735 1.007837 1.017147 .9976354 .9864853 1.021974 1.043375 1.036822 1.0421
1.386168 1.285668 1.1885 1.126723 1.092674 1.084599 1.072108 1.088684 1.14855 1.296422 1.60409 1.717842 1.692703 1.554077 1.312904 1.118833 1.013824 .9911227 1.01594 1.077813 1.102515 1.014407 .8764321 .8092361 .8322028 .8469702 .8775782 .9376259 .9301435 .9018401 .9188598 1.010783 1.094988 1.165801 1.208683 1.226305 1.236651 1.244293 1.208973 1.227212 1.29694 1.221269 1.054007 .9516284 .960426 1.00593 1.101597 1.173688 1.230925 1.226636 1.172291 1.104777 1.048503 .9906699 .949573 .9114202 .8915635 .9406992 .9680994 1.043383 1.119155 1.126902 1.101914
1.511263 1.463012 1.352582 1.259212 1.178359 1.116937 1.024347 .9800085 .9735639 1.05381 1.352206 1.577527 1.692472 1.723676 1.673627 1.573372 1.480061 1.33194 1.22833 1.143004 1.151208 1.126896 1.037819 .9091718 .8976706 .9058572 .8641553 .8220424 .7467731 .7628192 .85967 1.035749 1.130154 1.18489 1.206598 1.244183 1.25482 1.253701 1.195146 1.09111 1.110541 1.200044 1.192579 1.096557 1.017675 .9899785 .9715844 1.006376 1.086611 1.211769 1.235655 1.188309 1.136347 1.084703 1.034276 .9783395 .9200592 .9010628 .8983818 .9700796 1.105639 1.139306 1.115144
1.445308 1.482082 1.461851 1.353409 1.248945 1.168882 1.061065 .9144514 .8002125 .8106517 1.042954 1.280544 1.512507 1.642144 1.686341 1.702451 1.726742 1.764637 1.733555 1.603195 1.511299 1.471295 1.367867 1.227807 1.075872 1.022096 1.038709 .9568281 .8542914 .7785475 .8406761 .9318971 1.046155 1.126253 1.178316 1.224407 1.251286 1.254 1.204276 1.142299 1.090974 1.078105 1.136339 1.167089 1.135953 1.07594 1.03839 .9543685 .8956221 1.015033 1.148571 1.175334 1.141309 1.071003 1.014724 .9719618 .9395193 .9019945 .8268549 .8473347 1.00066 1.112183 1.098133
1.376164 1.399461 1.431976 1.380598 1.307962 1.287791 1.220945 1.053178 .8449837 .7040763 .7750556 1.001551 1.236462 1.385856 1.457948 1.442842 1.495722 1.714467 1.766105 1.782925 1.738548 1.66376 1.604585 1.497711 1.360671 1.277037 1.274059 1.264442 1.162827 .97222 .8954449 .8719799 .9002065 .9770235 1.095131 1.19718 1.274548 1.298268 1.225784 1.145482 1.133652 1.096601 1.046415 1.054763 1.073381 1.081901 1.064471 1.023718 .8928961 .7777434 .8830965 .9759324 1.006954 1.008312 .9715525 .9368601 .9013972 .8550291 .8045639 .795478 .8900511 1.023207 1.064687
1.354059 1.380453 1.384283 1.420134 1.382154 1.370175 1.37575 1.28968 1.064872 .7989279 .6791075 .7691624 1.000469 1.182592 1.287663 1.250342 1.173071 1.31048 1.556171 1.645507 1.66408 1.638514 1.59982 1.570978 1.463996 1.342579 1.256834 1.225469 1.241552 1.104289 .926042 .8774371 .8963099 .9679382 1.044385 1.146932 1.259435 1.330047 1.278509 1.143945 1.069922 1.077436 1.069443 1.035666 1.013302 .9989488 1.018917 1.063519 1.042746 .8384965 .7531164 .8682324 .9892986 1.030881 .9776067 .9364762 .9291223 .8856508 .8575367 .7751023 .8037831 .8945979 .9686464
1.145548 1.249893 1.360575 1.393021 1.387224 1.401031 1.409244 1.363676 1.21584 1.026412 .7861353 .6792172 .8094923 1.02668 1.213042 1.24354 1.080071 1.007043 1.191948 1.347339 1.439161 1.496745 1.47763 1.489381 1.450439 1.300359 1.122526 1.03514 1.05431 1.000294 .8734241 .8257927 .8742058 .9374434 1.020353 1.08067 1.167687 1.256548 1.25963 1.145457 1.02101 .9778621 .9902604 1.011144 1.024076 .9886854 .9643964 1.012773 1.110292 1.092993 .9586176 .9535888 1.057391 1.213605 1.23575 1.189832 1.124168 1.049736 .9183103 .7451919 .7132339 .7659831 .7999972
.8829836 1.011348 1.178435 1.316681 1.417378 1.405797 1.36448 1.295306 1.167478 1.043179 .8833029 .7283116 .6837016 .860015 1.110264 1.266006 1.144574 .9244987 .9072443 1.063733 1.205589 1.327804 1.351943 1.393122 1.440226 1.355859 1.159272 .9526267 .8467385 .7882423 .6953736 .6706749 .6879982 .7748879 .8964742 .9889033 1.059034 1.164812 1.212606 1.146716 1.018629 .9515364 .9361224 .9319991 .9375573 .9817419 .960467 .9463238 1.01798 1.106982 1.090017 1.038282 1.099945 1.262748 1.336787 1.305469 1.264038 1.233985 1.059102 .8170478 .6431435 .6402976 .7427801
.8271127 .9197443 1.045539 1.141522 1.277992 1.418766 1.441808 1.338454 1.165053 1.011427 .8795145 .7259724 .666572 .7061272 .9598497 1.215933 1.259506 1.04511 .8536201 .8818373 1.018222 1.164627 1.221551 1.256915 1.422025 1.427229 1.382244 1.149955 .9454935 .7860339 .6436406 .5175616 .4450636 .4850731 .7100261 .8738167 .9875615 1.102119 1.204181 1.211185 1.102632 1.000242 .9583597 .8987462 .8513021 .8686207 .9072652 .9312952 .9385056 1.015551 1.063104 1.049524 1.090077 1.204691 1.287875 1.296863 1.30563 1.306732 1.239509 1.046062 .8170164 .7021188 .7084544
.8862235 .9307969 1.029034 1.096158 1.16991 1.297541 1.523338 1.560092 1.42916 1.286925 1.100569 .9493958 .7944754 .6929169 .804692 1.086937 1.308269 1.250628 1.019476 .8882681 .899471 1.03153 1.102597 1.115442 1.274212 1.414412 1.480615 1.444721 1.289346 1.126183 .9681141 .6910712 .5209615 .4128816 .5181077 .7167337 .8950819 1.070865 1.198692 1.251576 1.241808 1.157451 1.133511 1.079095 .9927933 .8749591 .8461469 .8672447 .8999188 .9433549 .9922002 1.031477 1.099327 1.170392 1.252848 1.297904 1.33306 1.335508 1.377995 1.309378 1.046563 .8203689 .7088032
.8804174 .8795618 1.010902 1.12299 1.169944 1.222529 1.464347 1.532762 1.537929 1.434106 1.276765 1.145883 .9901748 .8233356 .7802651 .9683713 1.243892 1.325974 1.241527 1.039893 .9367045 .9574107 1.010345 1.035371 1.154174 1.310009 1.440748 1.53092 1.42566 1.349521 1.261911 1.153096 .9403154 .7390676 .5668702 .6265073 .7747446 .9426289 1.115682 1.260406 1.289564 1.273505 1.249094 1.237289 1.182316 1.112118 .9989289 .881281 .8163518 .8778039 .9225502 .9642828 1.1004 1.194237 1.229027 1.293176 1.321312 1.343504 1.3873 1.34852 1.211935 1.004372 .880339
.8669448 .8059947 .8793966 1.03146 1.081509 1.154251 1.28476 1.42258 1.491723 1.425307 1.245901 1.100892 1.007093 .8783372 .7813391 .8328812 1.069354 1.242298 1.292158 1.181302 1.021194 .983771 .9988415 1.009159 1.069999 1.167476 1.30439 1.332483 1.3389 1.305738 1.287613 1.288939 1.281144 1.151713 .9111792 .7555175 .731822 .8119648 .9392126 1.126898 1.203176 1.210366 1.201646 1.208048 1.248579 1.208773 1.14357 1.047796 .8715991 .843754 .8648702 .8394381 .8764 1.068081 1.17964 1.228237 1.287599 1.369066 1.427606 1.428008 1.304958 1.169195 1.026458
.9684221 .8080359 .8013991 .9457614 1.025946 1.099401 1.222189 1.411346 1.528563 1.551294 1.472585 1.236459 1.006606 .8582555 .7566198 .7154728 .8683804 1.05021 1.182424 1.205969 1.105525 1.008412 .972685 .9554676 1.00826 1.025276 1.092275 1.159967 1.199118 1.159917 1.101443 1.114658 1.232919 1.250883 1.160427 .957206 .8412048 .798663 .855649 .9815603 1.089106 1.09818 1.078268 1.09954 1.145586 1.14602 1.128169 1.104714 .9963653 .8306088 .8219153 .8001838 .740343 .8050306 1.019578 1.129479 1.202134 1.294345 1.371597 1.448035 1.443586 1.31318 1.211269
1.155583 .9575984 .8612431 .9263842 1.059259 1.09633 1.151832 1.26225 1.442997 1.593846 1.639819 1.545771 1.307738 1.038225 .8126717 .6812901 .7274551 .8723277 1.02404 1.118358 1.120517 1.057585 1.018163 .9926795 1.017907 1.017354 1.029715 1.03411 1.101843 1.116438 1.051034 .9733767 .9946496 1.120311 1.15631 1.053971 .926589 .8440068 .8393359 .9135844 1.011141 1.037199 1.008468 .9862081 1.025273 1.038451 1.029146 1.012566 .9750645 .8103588 .7587265 .757731 .7364751 .6741976 .8344793 .9772054 1.08361 1.17871 1.296503 1.374021 1.433555 1.400584 1.316639
1.344744 1.181497 1.005619 .9691005 1.047865 1.115734 1.072213 1.072089 1.178767 1.33209 1.479118 1.590994 1.537262 1.377374 1.1865 .9316909 .7616311 .7944078 .8998609 .9930814 1.049321 1.067979 1.046126 1.047728 1.082164 1.098276 1.065968 .9724033 .9657072 1.043518 1.084746 1.035154 .9437211 .9563008 1.038861 1.030701 .9570469 .9173908 .8776724 .9035584 .9847431 1.029943 1.015884 .969465 .9571564 .9547527 .9926397 .9771369 .9251581 .8385635 .7824177 .7211759 .7224045 .6734092 .6819195 .8207666 .9444104 1.05243 1.176289 1.308201 1.402824 1.395461 1.348259
1.391104 1.305458 1.101279 .9982126 1.02656 1.090766 1.067861 1.037184 1.033032 1.041786 1.151231 1.333304 1.455471 1.414393 1.37808 1.22803 .9940602 .8532284 .8305764 .8867294 .9147644 .9847968 1.013114 1.058488 1.102976 1.161887 1.166711 1.037714 .8953746 .8857045 .9753458 1.045105 1.014244 .9558838 .9462406 .9726866 .9576725 .9231246 .8791513 .8994313 1.00235 1.047727 1.067879 1.082308 1.055308 1.017015 1.017424 1.103804 1.079461 1.028756 .8978283 .7678033 .6924316 .6688488 .6009704 .5995558 .7217644 .8496173 .9884772 1.146756 1.306992 1.385432 1.371578
1.276166 1.275293 1.152645 1.017579 .9881715 1.073553 1.08003 1.072176 1.062338 1.006571 .9304797 1.016151 1.213204 1.261427 1.290344 1.327207 1.2238 1.049262 .9035846 .825711 .818204 .9140726 .9226654 .9647961 1.0752 1.203535 1.184794 1.103001 .936168 .8438499 .869869 .9567418 1.039969 1.014623 .989377 .9515199 .9400004 .8956288 .8435739 .8489021 .9621311 1.044719 1.086602 1.099227 1.113423 1.098368 1.064343 1.079712 1.077237 1.049743 .9937947 .8907965 .6867929 .6166465 .6255552 .5976052 .5278594 .5692951 .7050736 .9003591 1.101525 1.262208 1.334137
1.171582 1.163868 1.135603 1.037299 .998914 1.047402 1.084545 1.071644 1.142462 1.178689 1.018523 .8739519 .9684284 1.060813 1.094336 1.242917 1.261959 1.222642 1.170794 .9354926 .7895966 .8176813 .8614333 .9248322 1.038688 1.153902 1.225026 1.137625 .977764 .8800065 .8402096 .8856406 .965756 1.041127 1.029043 1.002421 .9705087 .8998683 .8491894 .8188846 .8526756 .9360476 .9836007 1.028014 1.040637 1.042861 .9774629 .9826139 .9944916 .9965323 1.010097 1.047351 1.002476 .8463272 .6770187 .6418626 .6013647 .5339875 .4788638 .6128222 .8563524 1.073611 1.224341
