py_wake/examples/data/AJ_ParqueFicticio/Rough survey   Sector All   Height 200m   Weibull-k.grd
DSAA
73  159
 258469   265669
 6501692   6517492
 1.880859   2.345703
[rows 28 to 55 of 159, columns 0 to 62 of 73]
2.138672 2.142578 2.142578 2.142578 2.142578 2.142578 2.142578 2.142578 2.142578 2.142578 2.142578 2.138672 2.138672 2.138672 2.138672 2.138672 2.134766 2.134766 2.134766 2.134766 2.134766 2.134766 2.134766 2.134766 2.134766 2.134766 2.138672 2.138672 2.138672 2.138672 2.138672 2.138672 2.142578 2.142578 2.146484 2.146484 2.146484 2.146484 2.142578 2.142578 2.142578 2.138672 2.130859 2.115234 2.099609 2.087891 2.076172 2.064453 2.060547 2.056641 2.056641 2.056641 2.052734 2.052734 2.052734 2.052734 2.048828 2.052734 2.072266 2.099609 2.126953 2.142578 2.150391
2.138672 2.142578 2.142578 2.142578 2.142578 2.142578 2.142578 2.142578 2.142578 2.142578 2.142578 2.142578 2.138672 2.138672 2.138672 2.138672 2.138672 2.134766 2.134766 2.138672 2.138672 2.138672 2.138672 2.138672 2.138672 2.138672 2.138672 2.138672 2.138672 2.142578 2.142578 2.142578 2.142578 2.150391 2.154297 2.154297 2.150391 2.146484 2.146484 2.142578 2.142578 2.142578 2.134766 2.123047 2.111328 2.099609 2.091797 2.087891 2.083984 2.080078 2.076172 2.072266 2.068359 2.060547 2.060547 2.056641 2.056641 2.060547 2.083984 2.115234 2.138672 2.154297 2.158203
2.138672 2.142578 2.142578 2.142578 2.142578 2.142578 2.142578 2.142578 2.142578 2.142578 2.142578 2.142578 2.142578 2.138672 2.138672 2.138672 2.138672 2.134766 2.138672 2.138672 2.138672 2.138672 2.138672 2.138672 2.138672 2.138672 2.138672 2.142578 2.142578 2.142578 2.146484 2.146484 2.150391 2.150391 2.154297 2.154297 2.150391 2.150391 2.146484 2.146484 2.146484 2.146484 2.142578 2.134766 2.126953 2.119141 2.111328 2.111328 2.107422 2.103516 2.095703 2.091797 2.080078 2.068359 2.064453 2.056641 2.056641 2.068359 2.091797 2.123047 2.146484 2.154297 2.158203
2.138672 2.142578 2.142578 2.142578 2.142578 2.142578 2.142578 2.142578 2.142578 2.142578 2.142578 2.142578 2.142578 2.138672 2.138672 2.138672 2.138672 2.138672 2.138672 2.138672 2.138672 2.138672 2.142578 2.138672 2.138672 2.142578 2.142578 2.142578 2.142578 2.146484 2.146484 2.146484 2.146484 2.154297 2.154297 2.154297 2.154297 2.154297 2.150391 2.146484 2.146484 2.146484 2.146484 2.142578 2.138672 2.130859 2.126953 2.126953 2.123047 2.115234 2.107422 2.095703 2.083984 2.068359 2.056641 2.048828 2.052734 2.068359 2.095703 2.126953 2.150391 2.162109 2.162109
2.142578 2.142578 2.142578 2.142578 2.142578 2.142578 2.142578 2.142578 2.142578 2.142578 2.142578 2.142578 2.142578 2.142578 2.142578 2.138672 2.138672 2.138672 2.138672 2.138672 2.138672 2.142578 2.142578 2.142578 2.142578 2.142578 2.142578 2.146484 2.146484 2.146484 2.150391 2.150391 2.150391 2.154297 2.154297 2.158203 2.154297 2.154297 2.150391 2.146484 2.146484 2.146484 2.150391 2.150391 2.146484 2.142578 2.138672 2.134766 2.126953 2.115234 2.103516 2.091797 2.076172 2.060547 2.048828 2.041016 2.044922 2.068359 2.099609 2.130859 2.158203 2.166016 2.166016
2.142578 2.142578 2.142578 2.142578 2.142578 2.142578 2.142578 2.142578 2.142578 2.142578 2.142578 2.142578 2.142578 2.142578 2.142578 2.142578 2.138672 2.138672 2.138672 2.138672 2.138672 2.142578 2.142578 2.142578 2.142578 2.142578 2.146484 2.146484 2.150391 2.150391 2.150391 2.150391 2.150391 2.154297 2.158203 2.158203 2.158203 2.158203 2.154297 2.146484 2.142578 2.142578 2.146484 2.150391 2.158203 2.154297 2.146484 2.142578 2.130859 2.119141 2.103516 2.083984 2.068359 2.052734 2.037109 2.033203 2.041016 2.068359 2.107422 2.142578 2.169922 2.177734 2.166016
2.142578 2.142578 2.142578 2.142578 2.142578 2.142578 2.142578 2.142578 2.142578 2.142578 2.142578 2.142578 2.142578 2.142578 2.142578 2.142578 2.138672 2.138672 2.138672 2.138672 2.138672 2.142578 2.142578 2.142578 2.142578 2.146484 2.146484 2.146484 2.150391 2.150391 2.150391 2.150391 2.154297 2.158203 2.158203 2.162109 2.162109 2.158203 2.154297 2.150391 2.142578 2.138672 2.142578 2.150391 2.162109 2.166016 2.162109 2.154297 2.142578 2.130859 2.115234 2.099609 2.080078 2.060547 2.041016 2.037109 2.048828 2.080078 2.123047 2.158203 2.181641 2.185547 2.173828
2.138672 2.138672 2.138672 2.138672 2.142578 2.142578 2.142578 2.142578 2.142578 2.142578 2.142578 2.142578 2.142578 2.142578 2.142578 2.142578 2.138672 2.138672 2.142578 2.142578 2.142578 2.142578 2.142578 2.142578 2.146484 2.146484 2.146484 2.150391 2.150391 2.150391 2.154297 2.154297 2.158203 2.158203 2.162109 2.166016 2.166016 2.166016 2.158203 2.150391 2.142578 2.138672 2.138672 2.150391 2.166016 2.177734 2.181641 2.173828 2.166016 2.154297 2.138672 2.123047 2.099609 2.080078 2.060547 2.052734 2.064453 2.099609 2.142578 2.177734 2.197266 2.201172 2.185547
2.138672 2.138672 2.138672 2.138672 2.138672 2.138672 2.142578 2.142578 2.138672 2.142578 2.142578 2.142578 2.142578 2.142578 2.142578 2.142578 2.138672 2.138672 2.138672 2.142578 2.142578 2.142578 2.142578 2.146484 2.146484 2.146484 2.150391 2.150391 2.154297 2.154297 2.154297 2.158203 2.162109 2.166016 2.169922 2.173828 2.173828 2.173828 2.169922 2.162109 2.150391 2.142578 2.142578 2.154297 2.169922 2.189453 2.197266 2.193359 2.181641 2.173828 2.158203 2.134766 2.111328 2.091797 2.076172 2.068359 2.080078 2.115234 2.158203 2.197266 2.212891 2.216797 2.208984
2.138672 2.138672 2.138672 2.138672 2.138672 2.138672 2.138672 2.138672 2.138672 2.138672 2.142578 2.142578 2.142578 2.142578 2.142578 2.142578 2.138672 2.138672 2.138672 2.138672 2.142578 2.142578 2.146484 2.146484 2.146484 2.150391 2.150391 2.154297 2.154297 2.158203 2.158203 2.162109 2.166016 2.169922 2.173828 2.177734 2.185547 2.181641 2.181641 2.173828 2.166016 2.158203 2.154297 2.162109 2.173828 2.193359 2.205078 2.201172 2.189453 2.177734 2.158203 2.138672 2.115234 2.091797 2.080078 2.076172 2.087891 2.126953 2.177734 2.212891 2.232422 2.236328 2.232422
2.138672 2.138672 2.138672 2.138672 2.138672 2.138672 2.138672 2.138672 2.138672 2.138672 2.138672 2.138672 2.138672 2.142578 2.142578 2.142578 2.138672 2.138672 2.138672 2.142578 2.146484 2.146484 2.146484 2.146484 2.146484 2.150391 2.150391 2.154297 2.154297 2.158203 2.162109 2.162109 2.169922 2.173828 2.181641 2.185547 2.193359 2.193359 2.197266 2.189453 2.185547 2.177734 2.169922 2.169922 2.177734 2.197266 2.208984 2.205078 2.193359 2.177734 2.154297 2.134766 2.111328 2.095703 2.080078 2.080078 2.095703 2.138672 2.189453 2.228516 2.248047 2.251953 2.251953
2.138672 2.138672 2.138672 2.138672 2.138672 2.138672 2.138672 2.138672 2.138672 2.138672 2.138672 2.138672 2.142578 2.142578 2.142578 2.142578 2.142578 2.142578 2.142578 2.142578 2.146484 2.146484 2.150391 2.146484 2.150391 2.150391 2.154297 2.158203 2.158203 2.162109 2.166016 2.169922 2.173828 2.177734 2.185547 2.193359 2.201172 2.208984 2.208984 2.208984 2.205078 2.197266 2.189453 2.185547 2.189453 2.201172 2.216797 2.216797 2.208984 2.189453 2.166016 2.146484 2.126953 2.107422 2.091797 2.091797 2.103516 2.142578 2.189453 2.228516 2.248047 2.255859 2.259766
2.138672 2.138672 2.138672 2.138672 2.138672 2.138672 2.138672 2.138672 2.138672 2.138672 2.138672 2.138672 2.142578 2.142578 2.142578 2.142578 2.142578 2.142578 2.142578 2.146484 2.146484 2.146484 2.150391 2.150391 2.150391 2.154297 2.154297 2.158203 2.162109 2.166016 2.169922 2.173828 2.177734 2.181641 2.189453 2.201172 2.208984 2.224609 2.228516 2.228516 2.228516 2.220703 2.212891 2.205078 2.201172 2.212891 2.228516 2.232422 2.228516 2.212891 2.193359 2.173828 2.150391 2.130859 2.115234 2.103516 2.115234 2.142578 2.185547 2.216797 2.236328 2.248047 2.255859
2.138672 2.138672 2.134766 2.134766 2.138672 2.138672 2.138672 2.138672 2.138672 2.138672 2.138672 2.138672 2.138672 2.142578 2.142578 2.142578 2.142578 2.142578 2.142578 2.146484 2.146484 2.146484 2.150391 2.150391 2.150391 2.154297 2.158203 2.162109 2.166016 2.166016 2.173828 2.177734 2.181641 2.189453 2.197266 2.205078 2.220703 2.232422 2.244141 2.244141 2.244141 2.236328 2.228516 2.220703 2.212891 2.220703 2.232422 2.240234 2.236328 2.228516 2.212891 2.193359 2.169922 2.146484 2.123047 2.111328 2.115234 2.134766 2.166016 2.193359 2.216797 2.228516 2.240234
2.134766 2.134766 2.134766 2.134766 2.134766 2.134766 2.138672 2.134766 2.134766 2.134766 2.138672 2.138672 2.138672 2.138672 2.142578 2.142578 2.142578 2.142578 2.146484 2.146484 2.146484 2.146484 2.146484 2.150391 2.154297 2.158203 2.162109 2.162109 2.166016 2.169922 2.173828 2.177734 2.185547 2.189453 2.201172 2.208984 2.224609 2.240234 2.251953 2.255859 2.248047 2.244141 2.232422 2.224609 2.216797 2.216797 2.220703 2.228516 2.228516 2.220703 2.205078 2.189453 2.166016 2.142578 2.119141 2.107422 2.107422 2.123047 2.146484 2.173828 2.197266 2.212891 2.220703
2.134766 2.134766 2.130859 2.130859 2.130859 2.134766 2.134766 2.134766 2.134766 2.134766 2.134766 2.134766 2.138672 2.142578 2.142578 2.142578 2.142578 2.142578 2.146484 2.146484 2.146484 2.146484 2.146484 2.150391 2.154297 2.158203 2.162109 2.166016 2.166016 2.169922 2.177734 2.181641 2.185547 2.193359 2.201172 2.208984 2.224609 2.240234 2.248047 2.251953 2.248047 2.236328 2.224609 2.212891 2.201172 2.193359 2.197266 2.201172 2.197266 2.189453 2.181641 2.162109 2.142578 2.123047 2.103516 2.091797 2.095703 2.107422 2.130859 2.158203 2.177734 2.193359 2.201172
2.134766 2.134766 2.130859 2.130859 2.130859 2.134766 2.134766 2.134766 2.134766 2.134766 2.134766 2.138672 2.138672 2.142578 2.142578 2.142578 2.138672 2.142578 2.142578 2.146484 2.146484 2.146484 2.146484 2.150391 2.154297 2.158203 2.158203 2.162109 2.166016 2.173828 2.177734 2.177734 2.185547 2.193359 2.201172 2.208984 2.220703 2.232422 2.240234 2.244141 2.236328 2.224609 2.208984 2.193359 2.181641 2.169922 2.169922 2.169922 2.169922 2.162109 2.154297 2.138672 2.123047 2.107422 2.091797 2.083984 2.083984 2.099609 2.123047 2.142578 2.162109 2.173828 2.185547
2.130859 2.130859 2.130859 2.126953 2.130859 2.130859 2.134766 2.134766 2.134766 2.134766 2.134766 2.138672 2.138672 2.142578 2.142578 2.138672 2.138672 2.142578 2.142578 2.146484 2.146484 2.146484 2.146484 2.146484 2.150391 2.154297 2.158203 2.158203 2.166016 2.169922 2.173828 2.177734 2.185547 2.189453 2.197266 2.205078 2.216797 2.228516 2.232422 2.236328 2.232422 2.220703 2.201172 2.189453 2.173828 2.166016 2.166016 2.169922 2.166016 2.158203 2.146484 2.134766 2.123047 2.107422 2.095703 2.083984 2.087891 2.099609 2.115234 2.134766 2.146484 2.158203 2.169922
2.130859 2.130859 2.130859 2.126953 2.130859 2.130859 2.130859 2.130859 2.130859 2.134766 2.134766 2.138672 2.138672 2.138672 2.138672 2.138672 2.138672 2.138672 2.142578 2.142578 2.142578 2.142578 2.142578 2.146484 2.150391 2.154297 2.154297 2.158203 2.162109 2.166016 2.169922 2.173828 2.181641 2.189453 2.193359 2.201172 2.208984 2.220703 2.228516 2.228516 2.228516 2.220703 2.208984 2.197266 2.189453 2.185547 2.185547 2.181641 2.177734 2.169922 2.158203 2.142578 2.130859 2.115234 2.103516 2.095703 2.095703 2.099609 2.111328 2.123047 2.134766 2.146484 2.154297
2.130859 2.130859 2.126953 2.126953 2.126953 2.130859 2.130859 2.130859 2.130859 2.130859 2.134766 2.138672 2.138672 2.138672 2.138672 2.138672 2.138672 2.138672 2.142578 2.142578 2.142578 2.142578 2.142578 2.146484 2.146484 2.150391 2.150391 2.150391 2.154297 2.158203 2.166016 2.169922 2.173828 2.181641 2.185547 2.193359 2.205078 2.216797 2.220703 2.224609 2.224609 2.220703 2.216797 2.208984 2.201172 2.193359 2.189453 2.185547 2.173828 2.166016 2.154297 2.146484 2.134766 2.123047 2.115234 2.111328 2.107422 2.107422 2.107422 2.111328 2.119141 2.126953 2.134766
2.130859 2.130859 2.126953 2.126953 2.126953 2.126953 2.126953 2.126953 2.126953 2.130859 2.134766 2.134766 2.138672 2.138672 2.138672 2.138672 2.134766 2.138672 2.142578 2.138672 2.138672 2.138672 2.142578 2.138672 2.142578 2.146484 2.146484 2.146484 2.150391 2.154297 2.158203 2.162109 2.169922 2.177734 2.181641 2.189453 2.197266 2.208984 2.216797 2.220703 2.220703 2.220703 2.216797 2.208984 2.201172 2.189453 2.181641 2.173828 2.166016 2.158203 2.150391 2.138672 2.130859 2.119141 2.115234 2.111328 2.111328 2.107422 2.107422 2.103516 2.107422 2.111328 2.115234
2.130859 2.126953 2.126953 2.126953 2.126953 2.126953 2.126953 2.126953 2.126953 2.126953 2.130859 2.134766 2.134766 2.138672 2.138672 2.134766 2.134766 2.138672 2.138672 2.138672 2.138672 2.138672 2.138672 2.138672 2.138672 2.138672 2.142578 2.142578 2.146484 2.150391 2.154297 2.158203 2.166016 2.169922 2.173828 2.181641 2.189453 2.197266 2.205078 2.208984 2.208984 2.208984 2.205078 2.201172 2.189453 2.181641 2.173828 2.169922 2.166016 2.154297 2.142578 2.130859 2.123047 2.115234 2.103516 2.103516 2.103516 2.103516 2.103516 2.099609 2.095703 2.095703 2.103516
2.126953 2.126953 2.126953 2.126953 2.126953 2.126953 2.126953 2.126953 2.126953 2.126953 2.130859 2.134766 2.134766 2.138672 2.138672 2.134766 2.134766 2.134766 2.138672 2.138672 2.138672 2.138672 2.138672 2.138672 2.138672 2.138672 2.138672 2.138672 2.142578 2.146484 2.150391 2.154297 2.158203 2.162109 2.162109 2.169922 2.177734 2.185547 2.193359 2.197266 2.197266 2.197266 2.193359 2.193359 2.189453 2.181641 2.177734 2.173828 2.166016 2.150391 2.134766 2.119141 2.111328 2.107422 2.099609 2.087891 2.087891 2.095703 2.099609 2.099609 2.091797 2.087891 2.091797
2.126953 2.126953 2.126953 2.126953 2.126953 2.126953 2.123047 2.126953 2.126953 2.126953 2.130859 2.134766 2.134766 2.134766 2.134766 2.134766 2.134766 2.138672 2.138672 2.138672 2.138672 2.138672 2.138672 2.138672 2.138672 2.138672 2.138672 2.138672 2.138672 2.138672 2.142578 2.142578 2.146484 2.150391 2.154297 2.158203 2.166016 2.173828 2.181641 2.185547 2.185547 2.189453 2.189453 2.189453 2.189453 2.185547 2.181641 2.173828 2.162109 2.142578 2.123047 2.107422 2.103516 2.103516 2.095703 2.083984 2.076172 2.083984 2.095703 2.099609 2.095703 2.087891 2.087891
2.126953 2.126953 2.126953 2.126953 2.126953 2.126953 2.126953 2.123047 2.126953 2.126953 2.130859 2.134766 2.134766 2.134766 2.134766 2.134766 2.134766 2.138672 2.138672 2.138672 2.138672 2.138672 2.138672 2.138672 2.142578 2.138672 2.138672 2.138672 2.138672 2.138672 2.138672 2.138672 2.142578 2.146484 2.146484 2.150391 2.154297 2.166016 2.173828 2.177734 2.177734 2.181641 2.181641 2.185547 2.185547 2.177734 2.173828 2.166016 2.150391 2.130859 2.111328 2.095703 2.095703 2.103516 2.095703 2.080078 2.072266 2.076172 2.095703 2.103516 2.099609 2.087891 2.080078
2.126953 2.126953 2.126953 2.126953 2.126953 2.123047 2.126953 2.126953 2.126953 2.126953 2.130859 2.134766 2.134766 2.134766 2.134766 2.134766 2.134766 2.138672 2.138672 2.138672 2.138672 2.138672 2.138672 2.142578 2.142578 2.142578 2.142578 2.138672 2.138672 2.138672 2.134766 2.138672 2.146484 2.146484 2.146484 2.150391 2.158203 2.162109 2.169922 2.173828 2.173828 2.177734 2.177734 2.173828 2.173828 2.166016 2.158203 2.150391 2.138672 2.123047 2.103516 2.091797 2.091797 2.099609 2.099609 2.080078 2.068359 2.072266 2.091797 2.111328 2.111328 2.095703 2.080078
2.126953 2.126953 2.126953 2.126953 2.126953 2.123047 2.126953 2.126953 2.126953 2.130859 2.130859 2.130859 2.130859 2.134766 2.134766 2.134766 2.134766 2.138672 2.138672 2.138672 2.138672 2.138672 2.138672 2.142578 2.142578 2.142578 2.142578 2.142578 2.138672 2.134766 2.138672 2.142578 2.150391 2.154297 2.154297 2.162109 2.166016 2.169922 2.181641 2.185547 2.185547 2.181641 2.177734 2.169922 2.162109 2.154297 2.146484 2.142578 2.130859 2.115234 2.099609 2.083984 2.087891 2.103516 2.103516 2.083984 2.068359 2.068359 2.087891 2.115234 2.119141 2.103516 2.080078
2.126953 2.126953 2.126953 2.123047 2.123047 2.123047 2.126953 2.126953 2.126953 2.126953 2.130859 2.130859 2.130859 2.134766 2.134766 2.134766 2.134766 2.138672 2.138672 2.134766 2.138672 2.138672 2.138672 2.142578 2.142578 2.142578 2.142578 2.142578 2.142578 2.138672 2.142578 2.146484 2.158203 2.166016 2.166016 2.169922 2.173828 2.181641 2.193359 2.197266 2.193359 2.189453 2.185547 2.177734 2.166016 2.150391 2.142578 2.134766 2.126953 2.111328 2.091797 2.080078 2.083984 2.099609 2.107422 2.087891 2.068359 2.064453 2.083984 2.111328 2.126953 2.111328 2.080078
