py_wake/examples/data/AJ_ParqueFicticio/Rough survey   Sector 11   Height 30m   Weibull-A.grd
DSAA
73  159
 258469   265669
 6501692   6517492
 .2253106   10.82494
[rows 84 to 111 of 159, columns 0 to 62 of 73]
6.072275 5.96048 5.925149 5.891656 5.87217 5.846902 5.835664 5.824143 5.81689 5.796534 5.736815 5.622244 5.47883 5.423633 5.419809 5.298997 5.119686 5.017121 5.020797 5.139144 5.35677 5.46745 5.562639 5.69416 5.949191 6.118661 6.016762 5.91384 5.970053 6.121997 6.095314 6.08334 6.099509 5.763266 5.662449 5.34223 5.403716 5.600004 5.601807 5.602589 5.619593 5.415988 5.067916 4.695824 4.827892 4.801229 4.474035 4.365476 4.218819 4.562159 5.394475 5.620026 5.72725 5.791598 5.806027 5.618896 5.364079 5.117736 4.818473 4.478652 4.197182 4.05278 3.815222
6.095262 5.989628 5.922243 5.901506 5.866619 5.873093 5.852628 5.868999 5.852598 5.816538 5.730585 5.639181 5.543249 5.385073 5.379076 5.333333 5.231386 5.125959 4.9216 4.884278 5.052869 5.121105 5.299215 5.462032 5.938373 6.355119 6.3549 6.136952 5.885883 5.850873 5.618436 5.653166 5.880873 5.705403 5.563699 5.13793 5.248129 5.68128 5.848461 5.89652 5.867392 5.577992 5.361186 4.978612 4.80138 4.94188 4.592135 4.262458 3.985273 3.89815 4.49065 5.45329 5.747514 5.822461 5.970793 5.926027 5.682326 5.320795 4.979017 4.604707 4.156332 3.831464 3.341716
5.932435 5.906295 5.907313 5.897042 5.878255 5.868607 5.87001 5.874573 5.892305 5.829499 5.758705 5.70926 5.62166 5.459204 5.362084 5.319682 5.331514 5.221031 5.022683 4.902235 4.814525 4.822979 4.857241 4.935395 5.397151 6.115755 6.355283 6.082513 5.575244 5.377519 5.181029 5.220851 5.444351 5.521288 5.464651 5.079984 5.09877 5.438767 5.704746 5.88897 5.959656 5.821266 5.487168 5.270473 5.092542 5.104093 5.128362 4.700901 4.398148 3.722345 3.920561 4.615099 5.666031 5.64508 5.886332 6.102612 5.780043 5.470844 5.160927 4.815391 4.18573 3.633407 2.754415
5.812866 5.833861 5.867853 5.889656 5.86181 5.831623 5.874057 5.872258 5.899255 5.873837 5.843031 5.769286 5.689441 5.513142 5.336078 5.303257 5.324678 5.256038 5.180436 5.010864 4.864494 4.763822 4.638957 4.477649 4.68557 5.472047 5.958511 5.800443 5.323334 4.824619 4.978164 4.868495 5.119781 5.297493 5.476678 5.293278 5.075775 5.334946 5.687552 5.893397 5.919075 5.832592 5.706788 5.389617 5.271166 5.154543 5.191488 5.262089 4.764872 3.973657 3.755072 4.111858 5.008731 5.634938 5.74629 5.972775 5.73789 5.432046 5.173435 4.907349 3.979781 2.888813 2.454576
5.84808 5.831943 5.860612 5.865152 5.850275 5.831469 5.804695 5.801769 5.858479 5.923863 5.903498 5.79343 5.733772 5.649867 5.412999 5.247922 5.227243 5.23074 5.197089 5.106662 5.014986 4.915596 4.806787 4.469202 4.123765 4.714871 5.666087 5.839638 5.581887 5.335659 4.908154 4.926082 4.900785 5.022665 5.069985 5.126916 5.391834 5.696984 5.834377 5.93363 5.930875 5.836671 5.609535 5.359968 5.096168 5.051549 4.857694 5.116664 4.833543 4.290182 3.882262 3.817685 3.958218 4.856446 5.771067 5.982066 5.65572 5.225063 5.025898 4.793095 3.373925 2.499596 2.797031
5.922887 5.907703 5.843684 5.850495 5.886111 5.883716 5.802989 5.69648 5.721296 5.797657 5.853746 5.869154 5.804048 5.719803 5.580647 5.293609 5.121356 5.119695 5.11288 5.109528 5.15299 5.184296 5.182661 5.067721 4.623333 4.532292 5.422959 6.213861 6.260328 5.702294 5.133966 4.871681 4.799087 4.733378 4.695461 4.926573 5.33542 5.745502 6.034623 6.067158 5.983235 5.901148 5.560421 5.292351 4.957318 4.969175 4.643295 4.677884 4.577725 4.211207 3.985172 3.678184 3.224351 3.773801 4.889642 5.593491 5.446367 4.958911 4.72399 4.600959 3.104553 2.683868 3.115448
6.06604 5.95486 5.890266 5.851055 5.930432 5.927161 5.876432 5.807506 5.658628 5.651906 5.720198 5.814659 5.813401 5.805909 5.732131 5.446489 5.157543 5.028457 4.966913 4.984964 5.178305 5.396904 5.566783 5.745412 5.5712 5.151116 5.628471 6.358676 6.504466 5.919468 5.206888 4.817523 4.781957 4.6962 4.456304 4.786133 4.870914 5.702857 6.227524 6.286984 6.177589 5.889275 5.64362 5.301223 5.348758 5.130498 5.234807 4.841457 4.643719 4.651007 4.655816 4.303 3.765257 3.174333 3.506892 4.370053 4.896001 4.51127 4.397048 4.108192 3.262245 2.779199 3.394452
6.112196 6.018251 5.981662 5.947805 5.950519 6.001708 6.00418 5.905023 5.779336 5.64722 5.634345 5.710254 5.795398 5.844786 5.849306 5.674251 5.394239 5.155486 4.931634 4.706361 4.971442 5.518218 5.866861 6.130403 6.063342 5.725274 5.949153 6.446983 6.548346 5.950392 5.366765 4.988792 4.903821 4.376777 4.717718 4.932117 4.687682 5.264592 6.174848 6.616946 6.36647 6.000821 5.543368 5.595824 5.632098 5.471192 5.37414 5.228363 4.966136 5.020811 5.34223 5.322998 5.008419 4.169798 3.354146 3.397538 4.164843 4.292055 3.793917 3.466941 2.960659 2.586959 3.358737
6.192984 6.127749 6.060047 6.009476 6.015521 6.071124 6.072445 6.034375 5.952348 5.775297 5.631664 5.622 5.722893 5.852551 5.912638 5.926619 5.703628 5.549294 5.262031 4.623796 4.478853 5.336215 6.084867 6.389235 6.311497 5.963154 6.165421 6.543418 6.629856 5.990615 5.428428 5.182005 4.95414 4.292262 4.943348 5.287537 4.825228 4.827264 5.8794 6.520916 6.619971 6.069654 5.688191 5.633519 5.653154 5.631772 5.387641 4.987776 5.078176 5.173733 5.485423 5.627903 5.564624 5.442722 4.474949 4.098986 4.066196 4.294075 4.089993 3.347986 2.453804 2.276181 2.973683
6.291164 6.219862 6.139066 6.075324 6.048123 6.120121 6.183159 6.134694 6.071075 5.974134 5.749032 5.581567 5.638028 5.722701 5.900748 6.050419 6.081758 6.049771 5.96474 5.185804 4.238563 4.738384 6.040545 6.592617 6.475929 6.052031 6.238434 6.738285 6.699847 5.944767 5.336616 5.010932 4.707181 4.56857 4.834896 5.376792 5.062994 4.681575 5.562725 6.451843 6.6643 6.239721 5.86447 5.655496 5.840573 5.632934 5.250525 5.126352 4.938209 4.998998 5.304439 5.616099 5.641083 5.893871 5.402893 4.944942 4.658963 4.656624 4.347001 3.599911 2.245958 2.085493 2.358102
6.324889 6.308686 6.23194 6.154287 6.077601 6.141134 6.244695 6.254183 6.164982 6.077467 5.962078 5.719189 5.559533 5.615791 5.677608 5.865254 6.194258 6.509024 6.714554 6.088041 4.717113 4.249373 5.573216 6.641826 6.694336 6.19381 6.290478 6.737143 6.74487 6.055919 5.39551 4.940052 4.377023 4.491297 5.247097 5.570645 5.06175 4.6851 5.494205 6.164217 6.481107 6.406492 5.955782 5.721733 5.840031 5.696469 5.32181 5.187824 5.072705 5.08573 5.187905 5.275816 5.404881 5.540251 5.435147 5.35802 5.020143 5.021823 4.683486 4.050311 2.516019 2.095765 1.907276
6.322351 6.396133 6.328286 6.249277 6.18035 6.106496 6.258612 6.354758 6.299369 6.211382 6.129175 5.967025 5.71924 5.549207 5.492457 5.472661 5.778647 6.606264 7.136642 6.833663 5.564958 4.454934 5.160093 6.427185 6.754076 6.281304 6.222695 6.589841 6.595502 6.216473 5.614083 5.02668 4.360573 4.320877 5.214976 5.736112 5.214087 4.657541 5.38564 6.145273 6.18646 6.111807 5.697528 5.734556 5.809002 5.842285 5.52663 5.317442 5.265454 5.154511 5.202493 5.059063 4.847336 5.115084 5.339464 5.33638 5.185641 5.06005 5.053042 4.557556 3.226927 2.110359 2.401767
6.287601 6.369959 6.411716 6.364171 6.33598 6.232327 6.162837 6.335467 6.409441 6.335398 6.254812 6.202736 6.046206 5.784791 5.454432 5.198596 5.243908 6.154673 7.127207 7.2875 6.330664 4.890277 5.131253 6.234227 6.588366 6.344187 5.859642 6.025869 6.036817 5.750373 5.424531 4.73115 3.948599 3.977717 5.125509 5.861886 5.482249 4.689617 5.065047 6.064149 6.067094 5.929801 5.608733 5.523334 5.661191 5.719392 5.711933 5.510737 5.386814 5.293534 5.332477 5.103823 4.538544 4.586356 4.990126 4.962485 4.991637 4.735691 4.998931 4.861857 3.918779 2.322562 2.207952
6.274271 6.353198 6.383006 6.394838 6.441494 6.479285 6.244507 6.216426 6.449301 6.459274 6.339996 6.349243 6.358595 6.251026 5.905291 5.285584 4.925103 5.471802 6.82104 7.165908 6.641963 5.295823 5.355335 6.270725 6.535299 5.972429 5.606484 5.626628 5.41446 5.153705 4.984879 4.638326 3.764113 3.496769 4.520039 5.665559 5.587413 4.935885 5.163843 5.935691 6.1241 5.916551 5.561025 5.424885 5.414124 5.352867 5.462561 5.350052 5.428859 5.343393 5.337873 5.350343 4.722722 3.991318 3.98115 4.250112 3.995605 3.952719 4.274352 4.339814 4.043409 2.8828 2.287132
6.304532 6.3868 6.405261 6.320738 6.336771 6.598643 6.555675 6.217945 6.345798 6.476718 6.408395 6.394167 6.520617 6.758777 6.653902 5.977275 5.094396 5.214249 6.440151 7.000316 6.622866 5.573604 5.558497 6.107065 6.474786 6.051866 5.618452 5.67349 5.727205 5.425721 5.114211 4.744988 3.618867 3.276568 4.015712 5.144103 5.181108 5.106686 5.317063 5.889327 6.02614 5.862457 5.488408 5.335572 5.440448 5.358279 5.269439 5.12113 5.419184 5.074871 5.25061 5.232659 4.837331 4.782224 3.995043 3.606193 3.438568 3.181459 3.167492 3.600677 3.604429 2.756381 1.421784
6.519617 6.493964 6.496815 6.379549 6.190392 6.500877 6.868168 6.470105 6.299601 6.497721 6.450649 6.431616 6.492151 6.974804 7.328822 6.903139 5.851657 5.54023 6.359095 6.919761 6.705528 5.890663 5.842313 6.122695 6.319878 6.08947 5.720746 6.098431 6.418025 5.943042 5.345101 4.728824 3.919555 3.451337 3.889055 4.619414 4.929232 4.873932 5.081834 5.875667 6.031828 5.790331 5.376923 5.248275 5.235921 5.433157 5.458991 5.207296 5.130958 4.963812 4.719213 4.83996 5.04886 5.18069 4.74555 4.348777 3.948663 3.273101 3.086792 2.819185 2.947802 2.838508 1.920731
6.842004 6.77967 6.713645 6.61456 6.220847 6.238948 6.953041 6.941317 6.421685 6.631039 6.544649 6.458626 6.489665 6.757893 7.406807 7.479209 6.840696 6.322698 6.514525 7.066127 6.846137 6.178033 5.942752 6.142281 6.34627 6.184859 5.858826 6.08531 6.445212 6.204153 5.541966 4.748969 3.941816 3.801034 4.248325 4.449336 4.563023 4.468778 4.669075 5.234628 5.782972 5.761779 5.322392 5.054661 4.764921 5.131408 5.507059 5.660661 5.596761 5.405525 5.064501 4.826635 4.821157 5.071892 4.861109 4.463216 4.143054 3.768814 3.308946 3.163688 3.180684 2.784398 .3753982
6.903314 7.121124 7.061365 6.951159 6.557997 6.063151 6.697932 7.40303 6.798034 6.81338 6.859883 6.495668 6.634035 6.781626 7.206375 7.570059 7.408948 7.202218 7.074292 7.247725 6.997535 6.455825 5.95936 6.103922 6.360584 6.481967 6.292378 6.216512 6.385363 6.198599 5.660295 4.853249 4.107862 3.929492 4.493891 4.615409 4.664781 4.642577 4.501945 4.795386 5.355628 5.502791 5.337589 4.946997 4.802972 4.491634 5.18294 6.059869 6.589792 6.222537 5.620958 5.210122 4.97335 4.851956 4.733453 4.435226 4.065931 3.832146 3.469692 3.112437 2.810951 .5668862 .6714031
6.903234 7.198567 7.352866 7.34578 7.054601 6.202096 6.312916 7.454158 7.366765 7.084939 7.424439 6.883085 6.816822 7.065779 7.172383 7.508142 7.532285 7.658013 7.64387 7.691453 7.293237 6.443661 6.173707 6.193001 6.628158 6.769153 6.624343 6.414875 6.234115 6.06846 5.75587 5.040955 4.362952 4.326087 4.559766 4.691099 4.847681 4.828206 4.944003 4.854399 5.166071 5.350469 5.529202 5.351658 4.996352 4.365026 4.59451 5.736007 6.971964 7.048495 6.33885 5.671218 5.173193 4.799088 4.477312 4.362939 3.925789 3.7157 3.308749 2.963792 2.40737 3.188896 .7853846
6.847702 7.220953 7.542949 7.792746 7.561673 6.523353 5.894862 6.949658 7.52646 7.385875 7.659825 7.562735 7.098829 7.324966 7.321738 7.579751 7.570457 7.753279 8.145473 8.178997 7.647616 7.060962 6.558721 6.582542 6.974039 7.0557 6.984732 6.310409 5.942352 5.712395 5.469967 5.012291 4.542282 4.388744 4.478679 4.677067 4.684002 4.676282 5.083041 5.431586 5.42969 5.443837 5.434176 5.581481 5.002388 4.108355 4.172801 5.318977 6.823843 7.496514 7.128766 6.380027 5.508492 4.833523 4.276736 4.088583 3.813619 3.532514 3.224785 2.786637 2.148445 2.756438 3.181128
6.104666 6.916789 7.572854 8.111009 8.089454 7.050964 6.085644 6.436156 7.022251 7.289925 7.541603 7.822579 7.527548 7.407933 7.283652 7.448448 7.708567 7.889163 8.437025 8.628195 8.286839 7.504293 7.030744 6.987736 7.514318 7.663562 7.448759 6.701434 6.081704 5.69603 5.327106 4.850816 4.438817 4.4909 4.692442 4.89924 4.74777 4.750764 5.07637 5.453763 5.617713 5.665436 5.452536 5.182669 4.786936 3.948933 3.605896 4.438909 6.242487 7.544843 7.870816 7.279721 6.183922 5.001589 4.294258 3.925919 3.684452 3.435269 3.347837 3.043935 2.249816 2.449642 2.298825
5.070117 5.727112 6.861806 8.013194 8.311548 7.521421 6.51411 6.450494 6.709708 7.011184 7.272444 7.669891 7.69125 7.395605 7.0074 6.90451 7.438118 8.037621 8.505368 8.698039 8.287672 7.829366 7.509534 7.765509 8.316819 8.18851 7.912146 7.327431 6.627529 6.25228 5.576113 4.950516 4.45756 4.535943 4.986423 4.993263 4.808124 4.937986 5.109135 5.309132 5.71581 5.684912 5.32646 4.829845 4.606238 4.234052 3.289062 3.280055 5.139034 7.09001 8.215519 8.355775 7.183365 5.593481 4.804471 4.298701 3.882768 3.689045 3.60177 3.378254 2.664299 2.623174 2.177297
5.039151 4.875776 5.444709 6.835854 8.000798 7.883299 6.960747 6.407465 6.5398 6.923781 7.286437 7.52035 7.647282 7.295484 6.881361 6.163763 6.817694 7.90839 8.159298 8.436858 8.178562 7.726858 7.365337 8.085696 9.0827 9.407043 8.767496 8.160312 7.412525 6.765328 5.826043 5.04714 4.619735 4.464775 4.735446 4.804001 4.884998 5.194271 5.457116 5.289782 5.61595 5.836834 5.376201 4.88018 4.513383 4.545542 3.71763 2.673198 3.694686 6.052892 7.765588 8.399842 8.287357 6.462816 5.599052 5.102142 4.463784 3.980161 3.683621 3.414424 2.757898 3.09471 2.536386
5.820114 5.057592 5.157615 5.697536 6.929335 7.867958 7.692832 6.846537 6.488448 6.904941 7.512805 7.777184 7.610385 7.115149 6.689468 5.565276 5.403873 6.900336 8.173721 8.349846 8.264048 7.594653 7.093751 7.76566 9.279615 9.749197 9.712976 9.201138 8.255116 7.385562 6.23988 5.403485 4.89583 4.719256 4.796991 4.71775 4.802173 5.595437 6.001804 5.732858 5.750821 5.961753 5.625694 4.841321 4.311391 4.594029 4.365947 3.188753 3.089541 4.812036 6.926602 8.034242 7.853832 6.878554 6.10646 5.868902 5.079655 4.230386 3.745398 3.501333 2.74211 3.12986 3.032533
6.888927 5.690447 5.541262 5.784033 6.160808 7.125608 7.906398 7.577763 6.796508 6.875899 7.546485 7.972205 7.644926 7.211239 6.363916 5.527478 4.596543 5.602631 7.265255 8.196974 8.230172 7.506541 6.741307 7.271532 8.880986 9.628796 9.984023 10.19639 9.161429 8.084552 7.009089 6.030029 5.460332 5.154766 5.045921 4.581396 4.748338 5.776388 6.601873 6.421791 6.150875 6.211592 5.817426 4.721049 3.981786 4.382602 4.433966 4.066305 3.613892 4.587625 6.336418 7.205874 7.180635 6.156405 5.733096 5.651474 5.150203 4.395595 3.902504 3.652632 2.819116 3.309269 3.322876
7.773126 6.689436 5.927069 6.265993 6.286153 6.643328 7.53505 7.793155 7.277932 6.957664 7.490329 8.050699 7.871241 6.930994 6.142663 5.501013 4.785082 4.645099 5.829223 7.224189 7.831439 7.224134 6.369136 6.580004 8.46862 9.461898 10.01287 10.08085 9.972194 8.788941 7.562262 6.598794 5.713231 5.363393 5.030041 4.550318 4.720409 5.943618 7.136513 7.18119 6.645189 6.52006 6.116291 4.908596 3.744611 3.852603 3.986491 3.972662 4.228471 5.013503 6.341519 6.967238 6.978579 5.88499 5.229602 5.095557 4.938199 4.510275 4.070564 3.738593 2.892602 2.176563 3.375447
8.068463 7.469357 6.611034 6.582626 6.61693 6.593463 7.162546 7.582572 7.507053 7.158724 7.492084 7.878228 7.798987 7.043755 6.008687 5.262152 4.761784 4.383954 4.770218 5.924839 6.889482 6.886878 6.067302 6.021607 7.607325 8.819446 9.20185 9.975162 9.829437 9.19662 7.975092 6.760441 5.998675 5.399559 5.120263 4.620921 4.685996 5.965467 7.39237 7.776095 7.309191 6.913037 6.391688 5.163827 3.752742 3.240859 3.27933 3.282662 3.728461 5.150937 6.702983 7.091294 6.9326 6.138963 5.275587 4.875583 4.702212 4.518069 4.077567 3.500206 2.341085 .3386981 3.18107
7.863239 7.815718 7.176807 6.982482 7.069056 6.926968 7.068441 7.345339 7.529232 7.455334 7.710881 8.039745 7.930991 7.220886 6.593831 5.648862 5.07115 5.039985 4.389434 4.539952 5.376435 6.066089 5.736366 5.754477 7.109231 8.059316 8.777621 8.853325 9.079442 8.709461 8.255343 7.489822 6.642578 6.090067 5.677876 4.904788 4.683828 5.736552 7.229119 8.040231 7.918219 7.399833 6.648897 5.174412 3.89769 3.146965 2.809301 2.630256 2.725767 4.475446 6.461535 7.180139 6.852854 6.082903 5.35593 5.060451 4.830859 4.673108 4.354277 3.503958 1.40253 1.738177 2.536592
