py_wake/examples/data/AJ_ParqueFicticio/Rough survey   Sector 5   Height 30m   Mean speed.grd
DSAA
73  159
 258469   265669
 6501692   6517492
 .2236509   11.06684
[rows 56 to 83 of 159, columns 0 to 62 of 73]
5.801372 5.89416 5.910783 5.926807 5.969431 5.930598 5.919546 5.928664 5.920259 5.910452 5.892941 5.882448 5.883134 5.819848 5.683987 5.690394 5.718957 5.726199 5.731564 5.760326 5.730536 5.556859 5.553845 5.623112 5.661073 5.678416 5.657811 5.570887 5.762017 6.335331 6.808967 6.366338 5.43041 5.481538 5.864574 6.12216 6.46604 5.824108 4.594598 4.213595 4.904509 5.407068 5.031738 4.791358 4.541953 4.816689 4.802812 4.58394 4.984044 5.866571 6.761827 7.800974 7.696647 6.634964 5.710728 6.570458 7.991154 8.437733 7.75254 6.650531 5.355224 5.365628 7.595658
5.712432 5.881671 5.866104 5.855989 5.942778 5.953674 5.941861 5.933952 5.915025 5.885544 5.85881 5.829904 5.802532 5.875975 5.763046 5.705374 5.71066 5.711454 5.715077 5.804775 5.782671 5.682571 5.616067 5.639474 5.663779 5.659428 5.649953 5.463463 5.422218 6.066164 6.714304 6.410163 5.804596 5.540084 5.833655 6.07456 6.221221 5.881215 5.018422 4.484224 4.824903 5.150164 5.277771 5.075964 5.082355 5.226882 5.031199 4.590219 4.696558 5.418115 6.536186 7.4498 7.569821 6.602061 5.684796 6.681628 8.341901 8.598749 7.950032 6.372474 5.257798 5.055667 6.997242
5.667094 5.78825 5.79421 5.740874 5.786032 5.908417 5.907675 5.90633 5.881981 5.841051 5.800254 5.767985 5.746336 5.819104 5.810269 5.764698 5.730536 5.708885 5.714905 5.792599 5.782605 5.774104 5.721396 5.615374 5.662349 5.668771 5.606502 5.512699 5.243179 5.606369 6.522704 6.167436 5.750459 5.573533 5.769983 5.979022 6.211767 5.827992 5.219514 4.662841 4.798589 4.900442 4.980949 5.217292 5.365112 5.408185 5.254407 4.718776 4.61149 5.156199 6.153326 6.929823 7.350156 6.519606 5.470506 6.577141 8.014887 8.844105 8.462589 7.066502 5.437721 4.73806 6.276935
5.776587 5.78159 5.842252 5.783298 5.627034 5.733344 5.843673 5.864572 5.832952 5.793011 5.754315 5.712385 5.698616 5.775127 5.78389 5.761108 5.73897 5.728016 5.724989 5.755246 5.757143 5.740915 5.755239 5.682752 5.663129 5.68986 5.710727 5.669018 5.357356 5.29592 5.713224 5.802455 5.573494 5.190334 5.413972 5.649737 5.934304 5.803671 5.326238 4.810651 4.672385 4.787061 4.768312 5.234513 5.693135 5.629982 5.438008 4.972982 4.485663 4.543771 5.575946 6.386956 7.016844 6.219802 5.39133 6.039281 7.497846 8.447841 8.331927 7.576872 6.159975 4.73185 5.853591
5.865777 5.86788 5.92126 5.947087 5.714774 5.545966 5.673177 5.805053 5.78976 5.754397 5.719597 5.681173 5.648969 5.698506 5.715574 5.704071 5.702399 5.706269 5.761856 5.783858 5.777698 5.684588 5.710292 5.687186 5.647904 5.702851 5.844387 5.937776 5.884889 5.766986 5.652956 5.549263 5.434454 5.160895 5.006938 5.344615 5.533269 5.571093 5.347216 4.934844 4.646907 4.584193 4.763005 5.223061 5.854484 5.833326 5.727133 5.429158 4.825487 4.406326 4.690524 5.631392 6.697653 6.212219 5.200078 5.591745 7.181845 8.189202 8.019466 7.421898 6.593325 5.256498 5.22329
5.974925 5.98128 5.981794 6.040063 5.956086 5.741273 5.609714 5.704567 5.739191 5.734429 5.715412 5.703819 5.677887 5.640997 5.645516 5.64376 5.643772 5.696507 5.769887 5.800079 5.821777 5.712138 5.675179 5.6539 5.596732 5.668803 5.786548 6.105271 6.292306 6.248659 6.199439 5.808069 5.498565 5.345342 5.078272 5.289935 5.373073 5.346929 5.13716 4.958029 4.77175 4.459923 4.290293 5.169511 5.652861 5.900238 5.817114 5.928745 5.637009 4.781999 4.259857 4.638917 6.185021 6.417474 5.417225 5.108846 6.88947 7.970749 7.871224 7.27356 6.615264 5.759196 5.178163
6.002944 6.07303 6.058836 6.085988 6.027518 5.924426 5.754474 5.670073 5.701809 5.725763 5.734972 5.710382 5.668305 5.626757 5.613104 5.599166 5.57512 5.648176 5.713943 5.737433 5.810751 5.782713 5.701273 5.64096 5.572752 5.599565 5.635556 6.030934 6.376589 6.631883 6.655684 6.205542 5.876448 5.840907 5.577675 5.392931 5.349444 5.216642 4.974991 4.890319 4.68877 4.387361 4.247205 4.650486 5.639394 5.742378 5.694234 5.92024 6.292239 5.927543 4.728205 4.112098 5.512119 6.249548 5.782637 5.045055 6.085789 7.631931 7.733712 7.296329 6.638099 6.318519 5.661663
5.950428 6.089587 6.114781 6.113854 6.05767 5.95258 5.827009 5.739052 5.70446 5.705981 5.744143 5.705125 5.666712 5.640724 5.614448 5.590298 5.562622 5.547619 5.607929 5.623096 5.764775 5.75865 5.676363 5.585542 5.56759 5.582057 5.571503 5.840385 6.253613 6.598341 6.606409 6.464427 6.245055 6.153216 5.961976 5.588272 5.443638 5.232397 4.966738 4.748941 4.525897 4.261982 4.17243 4.538019 5.219436 5.757689 5.598116 5.773325 6.307944 6.71228 5.933699 4.406888 4.374198 5.346566 5.893743 5.306306 5.308799 6.927267 7.402585 7.101172 6.583278 6.407248 6.227441
5.880223 6.068542 6.104039 6.112272 6.073721 6.004546 5.910607 5.833121 5.726576 5.686851 5.712817 5.718467 5.69262 5.661239 5.63938 5.605136 5.583741 5.559896 5.577804 5.609138 5.690133 5.739722 5.666598 5.521001 5.459602 5.402611 5.550731 5.706469 6.091753 6.507625 6.595537 6.481931 6.371406 6.273886 6.122197 5.963142 5.650015 5.39645 5.134661 4.851158 4.595315 4.37146 4.175366 4.164536 5.039034 5.459571 5.587407 5.716768 6.095147 6.571594 6.51789 5.144969 4.181036 4.202477 5.24894 5.627918 5.314988 5.994083 6.562125 6.433868 6.181116 5.933494 6.084422
5.798627 5.992966 6.063457 6.085168 6.083605 6.051452 6.000986 5.935792 5.781529 5.678088 5.708819 5.701715 5.687706 5.679303 5.664821 5.618541 5.563554 5.575518 5.596725 5.630985 5.71165 5.767135 5.711295 5.533438 5.428967 5.342919 5.30661 5.412553 5.732337 6.043869 6.355428 6.281177 6.320721 6.405794 6.183888 6.0821 5.892201 5.437876 5.157321 5.042862 4.796141 4.500149 4.232491 4.109412 4.66247 5.209498 5.406378 5.657487 5.746598 6.115794 6.878213 6.480914 5.171185 3.885666 4.249846 5.332945 5.840283 6.098525 6.327306 6.070485 5.70654 5.249459 5.147134
5.765472 5.886936 6.014001 6.06007 6.065713 6.062644 6.042348 5.99113 5.892877 5.728804 5.696383 5.700296 5.688828 5.679134 5.671652 5.627728 5.577509 5.568309 5.598701 5.623662 5.713202 5.787401 5.733173 5.655947 5.573208 5.445688 5.390194 5.496268 5.510543 5.672045 5.862204 5.890076 6.071333 6.498969 6.26213 6.177753 6.123109 5.595302 5.143864 4.993755 4.741257 4.664915 4.334682 4.142459 4.224349 4.451093 5.064976 5.718774 5.596354 5.377724 6.6824 7.103014 6.401484 4.847311 3.761878 4.449928 5.842591 6.295609 6.776005 6.935739 6.205499 5.711582 4.814557
5.762866 5.838902 5.962855 6.030255 6.061403 6.051296 6.044694 6.001875 5.909183 5.797833 5.734671 5.710145 5.703108 5.685978 5.648156 5.642251 5.603701 5.56138 5.54093 5.612124 5.642101 5.760587 5.851384 5.81587 5.754387 5.631886 5.458845 5.567828 5.614468 5.666174 5.667796 5.690689 5.77094 6.238666 6.3181 6.203702 6.274171 6.083961 5.400797 5.120399 4.723149 4.530263 4.351649 4.096862 3.925663 4.09744 4.666127 5.608375 5.736377 5.319308 6.007456 7.191883 6.986134 6.166883 4.622756 3.841829 4.911786 6.32161 6.840334 7.242638 7.252988 6.750616 6.014933
5.730095 5.805689 5.941247 6.014093 6.055877 6.050787 6.026067 5.992707 5.937628 5.850048 5.775732 5.730182 5.706027 5.713481 5.687095 5.680412 5.619207 5.564108 5.519884 5.545642 5.545476 5.635368 5.862155 5.881734 5.879055 5.84616 5.833237 5.617779 5.65923 5.668653 5.591791 5.546343 5.605468 5.940152 6.270822 6.167804 6.251842 6.387192 5.866931 5.47208 5.35074 4.903817 4.467321 4.258117 3.930466 3.910325 4.179014 5.17302 5.377931 4.986575 5.889748 6.798392 6.74158 6.442054 5.552958 4.085751 4.374284 5.640475 6.446056 6.986563 7.298937 7.43204 7.042267
5.679646 5.701822 5.846437 5.972102 6.022209 6.078143 6.02164 6.009223 5.971583 5.903039 5.813834 5.731812 5.671713 5.698705 5.759982 5.734253 5.62727 5.535451 5.521573 5.512399 5.510977 5.566551 5.813066 5.865462 5.953939 5.964406 5.955176 5.938165 5.929474 5.848238 5.652927 5.407954 5.347701 5.647926 5.94666 6.084203 6.191541 6.260329 6.074636 5.849699 5.625567 5.509519 5.235381 4.721045 4.351409 3.932013 3.997621 4.456749 4.77212 4.599973 5.035597 6.060505 6.402174 6.039186 5.56645 4.654928 4.200385 5.158911 6.0261 6.591754 7.016315 7.261125 7.150043
5.641813 5.614592 5.651404 5.854568 5.928646 6.042569 6.048798 6.05371 6.020313 5.963038 5.862597 5.746551 5.625962 5.649169 5.712528 5.755243 5.655142 5.555791 5.535135 5.529365 5.545635 5.554742 5.792065 5.877869 5.957691 6.059706 6.052737 6.100392 6.193371 6.143786 6.00642 5.582256 5.196002 5.29947 5.597343 5.943864 6.064554 6.149261 6.200481 6.232318 6.125603 5.725274 5.572268 5.200688 4.871963 4.260997 4.196937 4.408625 4.629163 4.534811 4.319484 4.703276 5.393436 5.172442 4.890839 4.451351 4.318295 5.058127 5.782608 6.402669 6.820727 7.011817 6.947956
5.711269 5.634018 5.531412 5.627484 5.707834 5.938993 6.039704 6.071552 6.064192 6.014697 5.893616 5.761043 5.63393 5.564574 5.591947 5.705315 5.738264 5.646239 5.565119 5.531807 5.490222 5.572243 5.732916 6.019995 6.032454 6.128893 6.158732 6.177276 6.349708 6.578737 6.457146 5.84677 5.348491 5.199862 5.440085 5.766356 5.908816 6.006506 6.056773 6.085655 6.159925 5.859499 5.542167 5.431803 5.234239 4.840054 4.500072 4.565228 4.823256 5.010592 4.900716 4.548304 4.765543 4.597116 3.977469 3.709146 4.130036 5.006945 5.731008 6.248067 6.717669 6.871634 6.872588
5.80694 5.730913 5.611555 5.499861 5.558412 5.724483 5.975495 6.056707 6.068157 6.016006 5.911809 5.799848 5.682755 5.579497 5.507751 5.618275 5.718905 5.679815 5.598343 5.518738 5.409699 5.513176 5.592565 5.865067 6.112391 6.104764 6.248574 6.337635 6.539985 6.655512 6.602317 6.037647 5.478393 5.403691 5.450895 5.557761 5.671527 5.800358 5.916957 5.940727 6.11643 6.010457 5.750256 5.542261 5.331342 5.103201 4.802512 4.686582 5.082402 5.448738 5.823788 5.78293 5.907683 5.853948 4.266351 3.168155 3.223894 4.562361 5.356637 5.986476 6.668284 6.75538 6.835088
5.846388 5.772559 5.675931 5.627614 5.587463 5.589264 5.812837 5.974771 6.033071 6.007813 5.943691 5.866189 5.777834 5.665015 5.49095 5.48472 5.668654 5.641055 5.567296 5.467508 5.346269 5.412322 5.450057 5.666078 5.907639 5.94304 6.135069 6.395488 6.824712 6.986384 6.745362 6.396006 5.83575 5.629974 5.594001 5.520826 5.476616 5.508682 5.648312 5.847687 6.013526 6.204854 6.075349 5.818233 5.530623 5.216564 4.632802 4.581102 4.860962 5.373924 5.634425 6.014571 6.406633 6.854711 5.937125 3.735405 3.12387 3.567422 4.714492 5.602251 6.131774 6.596198 6.573989
5.884286 5.822462 5.761456 5.765893 5.752764 5.521865 5.596905 5.811114 5.981501 5.983747 5.938362 5.900307 5.870843 5.811464 5.533738 5.384624 5.534366 5.581743 5.554842 5.475833 5.338076 5.329017 5.398088 5.576602 5.733235 5.780898 5.890932 6.197199 6.792295 7.102585 6.836681 6.557769 6.303232 5.91221 5.746332 5.617723 5.440231 5.330722 5.379927 5.54532 5.772908 6.067643 6.051356 6.017591 5.759949 5.603823 4.832699 4.401447 4.625237 5.024223 5.048706 5.394122 6.156648 6.540581 6.440344 4.912659 3.553174 3.382563 3.733529 4.920836 5.619868 5.883229 6.148493
5.871798 5.830881 5.79865 5.816346 5.907897 5.73729 5.525875 5.64537 5.860745 5.923006 5.901637 5.880606 5.86248 5.92782 5.77486 5.470387 5.471873 5.509087 5.539089 5.546588 5.393758 5.332953 5.357945 5.486835 5.638753 5.636301 5.632552 5.81196 6.348095 6.945773 6.767563 6.451177 6.193468 6.024051 5.778852 5.668649 5.587981 5.390418 5.300085 5.426842 5.472282 5.568603 5.581491 5.896635 5.499769 5.549078 5.067328 4.657357 4.511459 4.67451 4.80889 4.785394 5.004198 5.3874 5.821346 5.300016 4.039698 3.40812 3.278822 4.015845 4.801064 5.100741 5.303724
5.815475 5.785659 5.764262 5.774671 5.895901 5.799025 5.623144 5.64109 5.80924 5.863882 5.852034 5.829689 5.814645 5.905085 5.865411 5.617594 5.474619 5.463279 5.481656 5.541389 5.575349 5.533889 5.388577 5.426578 5.519859 5.525797 5.502024 5.586162 5.899918 6.553091 6.593259 6.328185 6.02513 5.84435 5.640989 5.549102 5.641685 5.465851 5.218457 5.440197 5.600224 5.365062 5.414165 5.552806 5.408299 5.273332 4.951708 4.456011 4.399782 4.497759 4.682652 4.835834 5.000141 5.044714 5.145248 4.977917 4.025075 3.559234 3.061404 3.183711 3.885384 4.242942 4.357408
5.764227 5.742775 5.711537 5.694866 5.815002 5.810834 5.723165 5.670239 5.762461 5.797614 5.809507 5.8243 5.825209 5.833682 5.822546 5.669688 5.53744 5.443393 5.42195 5.517254 5.583734 5.677502 5.680623 5.580711 5.527447 5.58027 5.574524 5.681741 5.850265 6.305464 6.41026 6.272209 5.950337 5.760595 5.600504 5.439867 5.480691 5.433602 5.211722 5.210141 5.364684 5.467532 5.464976 5.559078 5.707882 5.72368 5.647606 5.243042 4.918706 4.288323 4.636269 4.910017 5.303864 5.589669 5.403638 5.308406 4.792231 3.940428 3.833597 3.509548 3.392045 3.802222 3.98921
5.754421 5.723845 5.675146 5.647487 5.740541 5.797989 5.780068 5.734547 5.710411 5.716835 5.736584 5.767475 5.842765 5.83298 5.805803 5.732139 5.612446 5.462913 5.377656 5.394203 5.386796 5.653957 5.783453 5.714901 5.683086 5.69737 5.797085 5.92793 6.154289 6.367681 6.422194 6.119977 5.863426 5.776863 5.706339 5.646924 5.652 5.57894 5.553306 5.314555 5.188714 5.379477 5.462708 5.640373 5.612796 5.653255 5.810422 5.915992 5.910348 5.053755 4.642616 4.905343 5.335123 5.842329 5.92312 5.971967 5.646932 5.01013 4.610424 4.253877 3.966818 3.901 4.282253
5.795061 5.748248 5.686711 5.671504 5.67827 5.765628 5.795022 5.764892 5.683899 5.667884 5.661876 5.690084 5.811976 5.835546 5.804767 5.767766 5.707076 5.575317 5.409417 5.349322 5.297576 5.400253 5.599484 5.700218 5.679749 5.771467 5.930111 6.337757 6.702733 6.62494 6.410931 6.026087 5.663707 5.688662 5.591159 5.497831 5.638454 5.691054 5.656003 5.728871 5.54673 5.435518 5.490142 5.49763 5.624063 5.587868 5.602438 5.639509 5.863158 5.589949 5.32718 5.18126 5.394138 5.764595 6.074584 6.057681 5.820593 5.62529 5.172218 4.801808 4.496772 4.519711 4.476594
5.841182 5.815119 5.727522 5.648582 5.69296 5.755327 5.793706 5.765478 5.726338 5.686931 5.620253 5.593662 5.729845 5.759424 5.724843 5.714894 5.771613 5.681076 5.581372 5.47881 5.385851 5.395931 5.482108 5.544741 5.529692 5.65521 5.957116 6.546961 7.043707 7.010551 6.523569 6.043185 5.656238 5.62575 5.505037 5.356906 5.40906 5.425246 5.54676 5.613858 5.657138 5.609882 5.495319 5.509096 5.656687 5.640851 5.485006 5.461528 5.699529 5.678255 5.577948 5.470115 5.457191 5.680986 5.895545 6.100111 5.63505 5.505003 5.118252 4.791493 4.61373 4.563638 4.482396
5.833054 5.848804 5.791061 5.650052 5.650315 5.705282 5.829325 5.806538 5.773773 5.749751 5.669274 5.513653 5.586999 5.583107 5.574718 5.675083 5.759059 5.734946 5.677579 5.588426 5.550161 5.573138 5.522985 5.476836 5.419618 5.40033 5.686171 6.309484 6.813981 6.932945 6.646574 6.098122 5.592006 5.584286 5.510723 5.39897 5.311656 5.292674 5.395942 5.539221 5.569154 5.502205 5.49326 5.472136 5.532437 5.577817 5.425972 5.415329 5.461245 5.532109 5.552011 5.564457 5.581738 5.676885 5.835196 5.950348 5.589707 5.384613 5.09857 4.783472 4.614677 4.494047 4.423412
5.757297 5.833643 5.812734 5.72697 5.674559 5.687613 5.783726 5.815418 5.81049 5.793468 5.764854 5.620003 5.430829 5.428862 5.376569 5.370787 5.565319 5.527325 5.628688 5.699255 5.628098 5.640134 5.637179 5.636662 5.47394 5.367375 5.423323 5.899409 6.442303 6.751288 6.555376 6.175149 5.68616 5.584337 5.550304 5.348711 5.342403 5.183582 5.363516 5.548922 5.537284 5.4457 5.350373 5.270482 5.34157 5.361265 5.223891 5.199564 5.288683 5.427717 5.531708 5.605079 5.671173 5.748121 5.841585 5.862604 5.631247 5.36582 5.017375 4.745824 4.595063 4.429622 4.322968
5.773122 5.74421 5.7666 5.756202 5.730131 5.727383 5.781494 5.812982 5.806168 5.792793 5.780499 5.630527 5.481811 5.444721 5.402829 5.28526 5.208524 5.229041 5.378113 5.565094 5.603255 5.63772 5.679638 5.743616 5.771396 5.700223 5.616969 5.795506 6.154941 6.543374 6.432414 6.33153 6.00078 5.783455 5.872771 5.489796 5.508173 5.367993 5.450963 5.450234 5.47667 5.474073 5.095346 4.945355 5.198143 5.114439 4.944914 4.961895 4.959998 5.225939 5.500472 5.658198 5.745825 5.768923 5.90131 5.734829 5.568326 5.28578 4.912574 4.627522 4.410052 4.337185 4.156219
