py_wake/examples/data/AJ_ParqueFicticio/Rough survey   Sector 5   Height 30m   Weibull-A.grd
DSAA
73  159
 258469   265669
 6501692   6517492
 .2525203   12.47871
[rows 84 to 111 of 159, columns 0 to 62 of 73]
6.57444 6.497109 6.487924 6.478284 6.479366 6.492345 6.521363 6.543715 6.559122 6.549722 6.49642 6.380602 6.230533 6.171035 6.172604 6.036111 5.846115 5.732296 5.727284 5.861664 6.105247 6.230333 6.334968 6.486906 6.780694 6.99559 6.910319 6.828108 6.908216 7.078532 7.013076 6.97676 6.989079 6.596088 6.488243 6.083853 6.157324 6.355278 6.397646 6.428564 6.449265 6.221833 5.815915 5.381735 5.536308 5.502867 5.116261 4.988736 4.809644 5.198759 6.125804 6.40409 6.535045 6.620993 6.652422 6.436368 6.136712 5.838003 5.46042 5.059681 4.724558 4.578734 4.381811
6.615311 6.543688 6.497832 6.491781 6.481537 6.529662 6.545926 6.595794 6.601242 6.588391 6.50831 6.418814 6.320849 6.143248 6.137231 6.090789 5.984233 5.868711 5.628491 5.588763 5.777335 5.855129 6.053067 6.231062 6.776655 7.27853 7.315898 7.101034 6.830225 6.773401 6.48246 6.494661 6.758535 6.541973 6.375229 5.854354 5.979756 6.47421 6.696722 6.754659 6.731663 6.400464 6.151656 5.701521 5.504174 5.664685 5.257487 4.881865 4.555529 4.439766 5.114551 6.21558 6.562047 6.653708 6.830183 6.780719 6.47476 6.031668 5.628388 5.190663 4.680774 4.358318 3.879449
6.47668 6.47148 6.485763 6.494602 6.508822 6.53652 6.578471 6.595741 6.647287 6.617136 6.554442 6.504377 6.411068 6.232538 6.127303 6.085097 6.098765 5.970404 5.757193 5.623549 5.528039 5.537211 5.577189 5.659495 6.193674 7.046584 7.35886 7.084292 6.514329 6.259755 6.006488 6.028738 6.265128 6.334533 6.261281 5.794607 5.80934 6.218294 6.535732 6.751098 6.837636 6.676365 6.286387 6.027772 5.820196 5.830424 5.855021 5.369296 5.018102 4.236938 4.464498 5.259695 6.470647 6.447057 6.726218 6.978745 6.559988 6.177788 5.808561 5.419145 4.741787 4.190825 2.904489
6.357882 6.399676 6.446762 6.505209 6.510843 6.511406 6.589772 6.605349 6.6549 6.671148 6.648383 6.583663 6.502764 6.312121 6.115686 6.077907 6.095214 6.023626 5.940709 5.750677 5.594663 5.487489 5.352213 5.174001 5.425445 6.350728 6.9472 6.813696 6.265976 5.670699 5.783326 5.624037 5.889512 6.070227 6.257459 6.025645 5.776193 6.106276 6.521641 6.763935 6.796942 6.692575 6.54078 6.15249 6.013058 5.876205 5.920531 6.004598 5.427636 4.52591 4.276943 4.685443 5.7115 6.429215 6.560562 6.824858 6.512492 6.119079 5.820016 5.535243 4.585333 3.000797 2.30702
6.404263 6.404277 6.446132 6.502235 6.522615 6.530373 6.533077 6.543275 6.628738 6.725097 6.717195 6.624266 6.563763 6.473795 6.215265 6.024297 5.999845 6.008934 5.967914 5.867659 5.768317 5.665622 5.552225 5.193658 4.821609 5.495441 6.647903 6.872005 6.558968 6.222974 5.691095 5.666862 5.629022 5.748962 5.782801 5.827911 6.125619 6.508992 6.687138 6.811969 6.812379 6.696258 6.427117 6.128681 5.820375 5.769345 5.549423 5.854346 5.515064 4.888328 4.423337 4.361521 4.513179 5.540007 6.587173 6.836551 6.441826 5.885427 5.660928 5.425761 3.925191 2.333004 2.712678
6.489999 6.480812 6.452446 6.494486 6.569397 6.587839 6.557768 6.469002 6.523523 6.606708 6.691579 6.700215 6.643596 6.565069 6.406785 6.092813 5.896735 5.892461 5.882706 5.874152 5.924995 5.966921 5.983065 5.879756 5.394508 5.306591 6.351974 7.27455 7.297923 6.611269 5.911332 5.590681 5.500718 5.413136 5.343808 5.605534 6.076622 6.56603 6.907344 6.959522 6.867627 6.773624 6.373575 6.05797 5.671803 5.695956 5.325648 5.368331 5.244977 4.818898 4.572451 4.23684 3.718451 4.344535 5.612113 6.409516 6.224855 5.580297 5.313257 5.1957 3.533872 2.903272 3.49237
6.623087 6.540164 6.522104 6.495406 6.608197 6.643934 6.636382 6.578844 6.482755 6.479555 6.567693 6.659172 6.668225 6.675727 6.589333 6.269841 5.945971 5.80066 5.729528 5.737243 5.952992 6.209208 6.416011 6.640228 6.458612 5.97788 6.543145 7.412558 7.556365 6.834589 5.976007 5.514668 5.468083 5.355715 5.068402 5.446928 5.542071 6.507756 7.127384 7.206695 7.090971 6.759569 6.463763 6.066696 6.122889 5.878529 5.990225 5.540619 5.301953 5.327417 5.348276 4.97296 4.343652 3.666144 4.050542 5.026026 5.614271 5.129259 4.929329 4.61147 3.787682 3.224059 3.952728
6.690012 6.620298 6.609974 6.591149 6.61498 6.713356 6.756818 6.700097 6.604349 6.489366 6.4805 6.566691 6.656847 6.716848 6.727015 6.529915 6.214633 5.950796 5.702584 5.43804 5.723986 6.347869 6.757874 7.071965 7.009731 6.611085 6.885561 7.497665 7.599756 6.852327 6.141891 5.692661 5.580235 4.972341 5.359341 5.604766 5.334997 6.001555 7.066421 7.591396 7.306038 6.879726 6.339744 6.394934 6.430557 6.236887 6.136994 5.972412 5.629855 5.698421 6.097999 6.081805 5.724263 4.772181 3.848179 3.914403 4.792616 4.923317 4.32557 3.900097 3.402565 3.104961 3.945364
6.774113 6.736001 6.693129 6.657794 6.676292 6.783428 6.833879 6.819874 6.775988 6.63519 6.484936 6.473712 6.584394 6.720727 6.78457 6.778629 6.542659 6.398419 6.089507 5.364614 5.175237 6.139269 7.001054 7.379082 7.293116 6.877366 7.125945 7.590887 7.675043 6.878679 6.189164 5.887889 5.629963 4.878223 5.617994 6.02633 5.49121 5.494612 6.722766 7.483716 7.595463 6.949114 6.494646 6.430156 6.453314 6.428816 6.149627 5.665887 5.72989 5.852003 6.256893 6.417499 6.345492 6.204817 5.098631 4.668821 4.630993 4.8907 4.652104 3.805373 2.809042 2.823371 3.550757
6.888961 6.842539 6.776278 6.723177 6.724316 6.840147 6.946795 6.924364 6.886944 6.825106 6.623794 6.430084 6.494119 6.594238 6.764144 6.879062 6.892196 6.96551 6.89231 6.01365 4.913521 5.454839 6.964274 7.618359 7.485868 6.982493 7.200714 7.777085 7.71612 6.805136 6.080464 5.698692 5.351585 5.138145 5.500446 6.136231 5.77185 5.331305 6.362526 7.408337 7.645824 7.134001 6.691767 6.452798 6.663609 6.426563 5.968639 5.793874 5.620853 5.698678 6.047377 6.403413 6.382644 6.626758 6.072888 5.560154 5.243954 5.268204 4.928188 4.065347 2.597216 2.645503 2.926097
6.937179 6.941781 6.880947 6.828913 6.772048 6.869721 7.009326 7.045815 6.987756 6.932924 6.826182 6.5825 6.419983 6.483052 6.547319 6.715908 7.023556 7.475276 7.74576 7.034295 5.451239 4.907111 6.431612 7.685009 7.731584 7.134901 7.241632 7.755322 7.75274 6.921371 6.149885 5.621189 4.980683 5.066745 5.971689 6.35815 5.777081 5.346676 6.277296 7.063037 7.413084 7.307666 6.791513 6.524611 6.659668 6.448806 6.016667 5.889657 5.781515 5.796023 5.912411 6.013225 6.110911 6.235125 6.110077 6.028107 5.644391 5.644002 5.26543 4.555994 2.885734 2.55414 2.654756
6.942761 7.041439 6.991572 6.938591 6.893753 6.848123 7.023931 7.157099 7.137432 7.053142 6.974757 6.81827 6.606376 6.421597 6.353722 6.316149 6.648074 7.599601 8.224635 7.885349 6.417519 5.122 5.942622 7.439738 7.803545 7.229306 7.149365 7.570681 7.557516 7.103957 6.408917 5.722322 4.965342 4.918407 5.952583 6.560738 5.958042 5.313162 6.139626 7.033421 7.070044 6.970432 6.49333 6.53581 6.591288 6.579439 6.255846 6.027591 6.000415 5.873348 5.927834 5.764861 5.519891 5.769368 6.005308 5.998286 5.834213 5.702733 5.695164 5.159026 3.718571 2.459538 2.754505
6.917914 7.026744 7.097474 7.068073 7.063305 6.989679 6.951073 7.157877 7.251083 7.170861 7.086525 7.044287 6.932359 6.692976 6.324261 6.024656 6.062626 7.096715 8.22763 8.397276 7.285242 5.612861 5.89688 7.219551 7.615338 7.320029 6.747561 6.944125 6.957806 6.624783 6.236856 5.418978 4.511193 4.54255 5.845946 6.690461 6.247472 5.343529 5.768908 6.922399 6.915652 6.754523 6.389748 6.29368 6.427096 6.467212 6.463742 6.24723 6.139683 6.034419 6.080011 5.820262 5.176518 5.217575 5.62173 5.612085 5.617815 5.337031 5.64577 5.532104 4.547008 2.89546 2.533617
6.907564 7.031358 7.088641 7.122521 7.182694 7.255002 7.056554 7.04543 7.28614 7.29719 7.180357 7.203039 7.227913 7.214038 6.840325 6.145095 5.706253 6.323108 7.887956 8.292317 7.658326 6.083498 6.156763 7.246432 7.566495 6.917493 6.49472 6.527087 6.306324 5.993466 5.768065 5.323167 4.297811 3.988387 5.149222 6.452004 6.361212 5.61791 5.877547 6.76814 6.990993 6.741864 6.334115 6.179251 6.167284 6.099366 6.227034 6.073956 6.167293 6.079532 6.091191 6.12806 5.370272 4.58758 4.575552 4.876038 4.557661 4.509984 4.820646 4.900137 4.664188 3.492944 2.83643
6.950144 7.080933 7.137385 7.073298 7.083247 7.387049 7.388294 7.042963 7.186566 7.338207 7.269693 7.263414 7.405334 7.746003 7.679309 6.914402 5.900927 6.034543 7.477888 8.121846 7.651846 6.415216 6.4051 7.073759 7.519331 7.006502 6.493175 6.58283 6.663563 6.274044 5.871991 5.41441 4.124401 3.729527 4.568013 5.858056 5.895309 5.810816 6.050966 6.707263 6.880671 6.687101 6.25311 6.080858 6.20232 6.11686 6.028852 5.860026 6.166286 5.829242 6.016709 5.970063 5.568004 5.511849 4.596309 4.154893 3.944869 3.625509 3.610414 4.066831 4.072809 3.295862 2.14281
7.184766 7.200698 7.253606 7.158527 6.957043 7.294473 7.70895 7.306497 7.141505 7.383746 7.33938 7.327318 7.420999 8.020191 8.433296 7.949134 6.746374 6.404636 7.373575 8.039373 7.761438 6.791204 6.739119 7.082235 7.326215 7.033717 6.599722 7.035364 7.390325 6.817717 6.101848 5.384183 4.458143 3.923481 4.421741 5.264177 5.619702 5.543341 5.783171 6.702133 6.898278 6.621716 6.148223 5.99909 5.993385 6.195096 6.215087 5.877253 5.880267 5.740851 5.459793 5.582013 5.803213 5.938836 5.423782 4.960597 4.503392 3.73181 3.519075 3.214989 3.348226 3.301433 2.689934
7.540738 7.517127 7.488797 7.417042 7.023578 7.03041 7.801255 7.815109 7.267876 7.530671 7.498891 7.419137 7.47143 7.781624 8.523088 8.59133 7.870787 7.296131 7.543837 8.189547 7.915599 7.12534 6.856163 7.089279 7.322913 7.137778 6.751717 7.004803 7.398261 7.094493 6.309234 5.40347 4.482348 4.320481 4.8302 5.073652 5.212617 5.103831 5.345001 5.996715 6.630174 6.620609 6.115749 5.80856 5.476491 5.852936 6.183236 6.321712 6.339097 6.239714 5.827013 5.542886 5.525097 5.800829 5.546366 5.092014 4.72757 4.301184 3.777652 3.606998 3.605103 3.338954 .2930067
7.63717 7.899933 7.856581 7.777069 7.397699 6.863511 7.537925 8.316331 7.675776 7.729625 7.878947 7.480699 7.637669 7.825495 8.304791 8.706327 8.51009 8.280872 8.160244 8.376472 8.080279 7.437554 6.858527 7.020885 7.326964 7.452258 7.221583 7.124771 7.311137 7.078305 6.442686 5.522754 4.673975 4.472621 5.116993 5.26077 5.327265 5.301045 5.157765 5.509013 6.17152 6.347271 6.161368 5.714729 5.525936 5.133984 5.804118 6.774387 7.391797 7.10982 6.441284 5.964124 5.68695 5.534861 5.40038 5.060852 4.640141 4.37412 3.969271 3.562042 3.204827 1.08807 .6346064
7.660978 8.001637 8.167418 8.191269 7.943551 7.044955 7.135317 8.391613 8.296161 8.040122 8.491161 7.928465 7.849916 8.1387 8.257733 8.63464 8.647398 8.789284 8.789162 8.857585 8.398759 7.403059 7.078331 7.094049 7.595942 7.762642 7.592932 7.347145 7.133242 6.931719 6.558205 5.744377 4.972143 4.931205 5.199666 5.350667 5.534459 5.514419 5.664652 5.571652 5.956221 6.178963 6.374829 6.143622 5.715063 4.934782 5.169713 6.433187 7.834929 7.977327 7.254975 6.48945 5.909017 5.474885 5.107936 4.978295 4.487483 4.24772 3.784038 3.39149 2.903304 3.635628 .8172783
7.608307 8.030502 8.395164 8.692513 8.522008 7.418736 6.735254 7.908476 8.523044 8.393946 8.767585 8.680136 8.160437 8.425724 8.412023 8.693264 8.673008 8.879618 9.337764 9.387904 8.767147 8.061459 7.480871 7.504897 7.967971 8.08114 8.023135 7.249919 6.820865 6.550851 6.256743 5.719132 5.18425 5.010847 5.11396 5.339423 5.349707 5.338891 5.741752 6.118675 6.230128 6.261066 6.233545 6.394844 5.713081 4.628648 4.711812 5.978913 7.678833 8.458439 8.159244 7.306966 6.300419 5.51499 4.885589 4.671955 4.358422 4.038059 3.687344 3.174892 2.533731 3.151316 3.631325
6.85698 7.730755 8.458023 9.081734 9.116303 7.981409 6.95156 7.421916 8.069664 8.356174 8.666013 8.985736 8.646976 8.508686 8.354927 8.531013 8.814939 9.012336 9.633788 9.85063 9.445882 8.554998 8.005108 7.971586 8.57075 8.775799 8.56118 7.700026 6.992126 6.549165 6.107096 5.541718 5.071122 5.129891 5.358077 5.59327 5.42114 5.37302 5.719963 6.19454 6.44172 6.504825 6.258848 5.940616 5.418429 4.482493 4.103659 5.038927 7.0426 8.510329 8.966498 8.339846 7.083341 5.684093 4.906058 4.485632 4.210305 3.927058 3.788176 3.417912 2.582881 2.810749 2.629972
5.90049 6.554157 7.74185 8.996254 9.342545 8.482712 7.439655 7.44296 7.739276 8.079682 8.375793 8.823834 8.838432 8.486983 8.035416 7.907156 8.499949 9.172338 9.702275 9.919562 9.451921 8.886868 8.496061 8.82596 9.490978 9.372529 9.078506 8.408644 7.601624 7.166241 6.373425 5.656471 5.094096 5.182105 5.69404 5.67542 5.411556 5.545086 5.753163 6.076611 6.570089 6.549288 6.133864 5.53012 5.243611 4.831417 3.752854 3.744613 5.866488 8.029316 9.342896 9.531838 8.206841 6.391104 5.491022 4.91315 4.438958 4.181684 4.052354 3.842782 3.135375 3.008743 2.489621
5.886385 5.697409 6.333939 7.851685 9.033245 8.895192 7.986121 7.403416 7.54161 7.975015 8.389432 8.660845 8.8022 8.372263 7.888969 7.075596 7.805197 9.033862 9.319386 9.630931 9.336874 8.789657 8.344024 9.128884 10.23799 10.63769 10.01636 9.337563 8.475554 7.731608 6.655965 5.767431 5.2791 5.101951 5.398829 5.408429 5.512416 5.829516 6.17321 6.070155 6.470091 6.735709 6.187437 5.579173 5.150691 5.187144 4.242033 3.057446 4.224058 6.887987 8.847276 9.596524 9.428536 7.367851 6.374059 5.832982 5.049218 4.487612 4.206189 3.944214 3.372499 3.537821 2.898997
6.745597 5.899221 6.022154 6.631944 7.992163 8.93253 8.792896 7.881739 7.46882 7.93788 8.636926 8.957974 8.779787 8.19448 7.683628 6.411316 6.222059 7.906318 9.342441 9.541806 9.444371 8.658629 8.033098 8.776399 10.44368 10.96734 10.93981 10.42562 9.425024 8.434525 7.128246 6.157178 5.55307 5.336227 5.405915 5.329548 5.437972 6.287182 6.788419 6.588822 6.628255 6.872256 6.457309 5.523929 4.920526 5.250089 4.990604 3.615943 3.506558 5.473018 7.912629 9.178174 8.973372 7.832381 6.908471 6.608408 5.76695 4.892748 4.395278 4.10964 3.404309 3.576117 3.459772
7.818577 6.590458 6.420875 6.695383 7.117575 8.192258 9.066284 8.684368 7.81605 7.908563 8.693435 9.210122 8.835589 8.328977 7.340502 6.379603 5.324226 6.453869 8.325397 9.376287 9.410366 8.556591 7.64606 8.250255 10.0079 10.83771 11.22788 11.47621 10.39545 9.175708 7.906977 6.808836 6.186362 5.854032 5.738505 5.262846 5.45085 6.496507 7.447521 7.37223 7.070595 7.13602 6.660679 5.392891 4.550811 4.975882 5.037693 4.621843 4.134228 5.243285 7.23852 8.232192 8.202921 7.035606 6.450522 6.388437 5.921523 5.153764 4.626199 4.337666 3.54337 3.778249 3.795642
8.726246 7.594975 6.830783 7.209464 7.235971 7.64314 8.657968 8.949473 8.370472 8.021886 8.657992 9.329911 9.129422 8.04905 7.118219 6.366508 5.541879 5.37621 6.706019 8.279378 8.960974 8.266763 7.228493 7.462141 9.549706 10.65345 11.26896 11.38897 11.23498 9.893928 8.543813 7.502696 6.548582 6.156826 5.778103 5.280682 5.463071 6.696146 8.038756 8.231657 7.613555 7.476608 6.963114 5.578089 4.250209 4.373631 4.529458 4.544521 4.826454 5.73087 7.244394 7.959353 7.939688 6.695013 5.877695 5.756984 5.645232 5.213297 4.742658 4.39688 3.652969 1.903488 3.855778
9.042216 8.410628 7.515378 7.568692 7.618482 7.602584 8.25701 8.741076 8.6603 8.279222 8.689315 9.170718 9.080657 8.19032 6.985241 6.114114 5.522029 5.092852 5.526775 6.824361 7.895899 7.886116 6.903487 6.834543 8.623157 10.00364 10.48833 11.28931 11.06292 10.36913 9.071685 7.736533 6.880114 6.196297 5.861286 5.337908 5.403112 6.721162 8.342087 8.902785 8.346987 7.894956 7.278843 5.872359 4.260616 3.67571 3.750441 3.755983 4.265361 5.887193 7.658069 8.070229 7.890329 6.899929 5.949702 5.529498 5.351783 5.148375 4.667297 4.045444 3.021536 .2808295 3.633096
8.842127 8.801276 8.13103 7.97653 8.138524 7.986358 8.172101 8.497695 8.714963 8.636276 8.950452 9.355036 9.226236 8.384604 7.640038 6.538705 5.875464 5.848879 5.11411 5.271572 6.188281 6.956765 6.542872 6.540438 8.12878 9.210212 10.02617 10.11086 10.21589 9.891392 9.46021 8.580564 7.620049 6.984587 6.484824 5.621543 5.345518 6.461975 8.210068 9.181349 9.049886 8.460385 7.583239 5.887088 4.454366 3.597456 3.212959 2.983336 3.095259 5.092744 7.351473 8.17315 7.725818 6.83353 6.078186 5.759783 5.5196 5.323652 4.939958 3.994278 2.021623 2.535057 3.043877
