py_wake/examples/data/AJ_ParqueFicticio/Rough survey   Sector 10   Height 30m   Weibull-k.grd
DSAA
73  159
 258469   265669
 6501692   6517492
 .6855469   2.455078
[rows 84 to 111 of 159, columns 0 to 62 of 73]
2.216797 2.216797 2.216797 2.212891 2.212891 2.208984 2.208984 2.208984 2.201172 2.201172 2.197266 2.189453 2.189453 2.189453 2.185547 2.185547 2.169922 2.166016 2.177734 2.169922 2.181641 2.185547 2.189453 2.193359 2.185547 2.142578 2.072266 2.021484 2.005859 2.044922 2.083984 2.115234 2.130859 2.123047 2.123047 2.185547 2.216797 2.208984 2.189453 2.119141 2.087891 2.080078 2.068359 2.056641 2.083984 2.095703 2.083984 2.080078 2.087891 2.173828 2.220703 2.220703 2.208984 2.201172 2.189453 2.193359 2.197266 2.212891 2.220703 2.220703 2.220703 2.220703 2.220703
2.212891 2.212891 2.212891 2.208984 2.205078 2.208984 2.205078 2.201172 2.201172 2.197266 2.193359 2.185547 2.177734 2.181641 2.181641 2.177734 2.166016 2.162109 2.158203 2.150391 2.162109 2.158203 2.166016 2.173828 2.169922 2.130859 2.083984 2.033203 2.013672 2.044922 2.052734 2.087891 2.111328 2.126953 2.150391 2.189453 2.212891 2.212891 2.169922 2.126953 2.111328 2.099609 2.095703 2.095703 2.072266 2.095703 2.076172 2.025391 2.033203 2.060547 2.150391 2.216797 2.212891 2.208984 2.208984 2.208984 2.220703 2.220703 2.220703 2.220703 2.220703 2.220703 2.216797
2.208984 2.208984 2.208984 2.201172 2.205078 2.205078 2.201172 2.197266 2.197266 2.197266 2.189453 2.189453 2.189453 2.185547 2.177734 2.173828 2.173828 2.169922 2.154297 2.146484 2.134766 2.130859 2.123047 2.119141 2.115234 2.103516 2.076172 2.044922 2.017578 2.021484 2.021484 2.048828 2.091797 2.126953 2.150391 2.177734 2.208984 2.185547 2.123047 2.123047 2.126953 2.126953 2.115234 2.119141 2.111328 2.126953 2.134766 2.087891 2.080078 2.052734 2.095703 2.150391 2.201172 2.201172 2.208984 2.212891 2.220703 2.220703 2.220703 2.220703 2.220703 2.220703 2.181641
2.208984 2.205078 2.201172 2.201172 2.201172 2.201172 2.193359 2.197266 2.197266 2.193359 2.193359 2.189453 2.185547 2.173828 2.166016 2.166016 2.173828 2.166016 2.162109 2.154297 2.130859 2.119141 2.095703 2.068359 2.052734 2.064453 2.056641 2.041016 2.017578 1.970703 1.994141 2.001953 2.056641 2.111328 2.162109 2.216797 2.220703 2.138672 2.123047 2.119141 2.119141 2.119141 2.115234 2.115234 2.123047 2.130859 2.142578 2.146484 2.130859 2.111328 2.091797 2.083984 2.150391 2.205078 2.201172 2.201172 2.220703 2.220703 2.220703 2.220703 2.220703 2.193359 2.189453
2.205078 2.201172 2.193359 2.197266 2.193359 2.189453 2.189453 2.189453 2.185547 2.181641 2.181641 2.181641 2.177734 2.177734 2.166016 2.158203 2.166016 2.158203 2.158203 2.154297 2.142578 2.123047 2.103516 2.056641 2.005859 2.017578 2.048828 2.033203 2.005859 1.970703 1.951172 2.001953 2.029297 2.087891 2.146484 2.216797 2.220703 2.166016 2.134766 2.119141 2.111328 2.099609 2.091797 2.099609 2.107422 2.123047 2.103516 2.123047 2.142578 2.142578 2.099609 2.009766 2.009766 2.134766 2.197266 2.212891 2.220703 2.220703 2.220703 2.220703 2.220703 2.216797 2.205078
2.193359 2.185547 2.189453 2.193359 2.185547 2.181641 2.185547 2.181641 2.177734 2.177734 2.177734 2.177734 2.173828 2.169922 2.162109 2.154297 2.150391 2.150391 2.150391 2.150391 2.150391 2.134766 2.115234 2.080078 2.013672 1.978516 2.009766 2.017578 1.994141 1.962891 1.966797 2.001953 2.033203 2.076172 2.150391 2.197266 2.201172 2.154297 2.146484 2.123047 2.103516 2.099609 2.095703 2.119141 2.123047 2.119141 2.087891 2.103516 2.142578 2.134766 2.080078 1.974609 1.857422 1.978516 2.130859 2.185547 2.220703 2.220703 2.220703 2.216797 2.212891 2.220703 2.216797
2.181641 2.185547 2.189453 2.181641 2.177734 2.173828 2.169922 2.169922 2.173828 2.173828 2.169922 2.169922 2.166016 2.166016 2.158203 2.154297 2.142578 2.138672 2.134766 2.146484 2.150391 2.146484 2.130859 2.095703 2.041016 1.974609 1.970703 1.978516 1.982422 1.978516 1.998047 2.013672 2.052734 2.115234 2.166016 2.162109 2.142578 2.166016 2.154297 2.134766 2.115234 2.095703 2.134766 2.150391 2.158203 2.115234 2.142578 2.126953 2.169922 2.189453 2.142578 2.044922 1.982422 1.822266 1.923828 2.083984 2.193359 2.208984 2.205078 2.216797 2.220703 2.220703 2.220703
2.181641 2.181641 2.177734 2.173828 2.166016 2.154297 2.158203 2.162109 2.166016 2.169922 2.166016 2.166016 2.166016 2.162109 2.162109 2.154297 2.150391 2.134766 2.119141 2.119141 2.142578 2.150391 2.130859 2.087891 2.037109 1.994141 1.962891 1.962891 1.974609 1.998047 2.041016 2.060547 2.083984 2.150391 2.216797 2.150391 2.111328 2.146484 2.150391 2.138672 2.119141 2.126953 2.150391 2.177734 2.158203 2.146484 2.158203 2.212891 2.220703 2.220703 2.193359 2.162109 2.134766 2.048828 1.923828 2.025391 2.154297 2.193359 2.193359 2.220703 2.220703 2.220703 2.220703
2.173828 2.166016 2.166016 2.158203 2.146484 2.150391 2.154297 2.154297 2.158203 2.166016 2.162109 2.169922 2.166016 2.162109 2.162109 2.146484 2.146484 2.138672 2.119141 2.083984 2.080078 2.123047 2.107422 2.068359 2.021484 1.990234 1.958984 1.955078 1.990234 2.017578 2.060547 2.095703 2.126953 2.197266 2.220703 2.146484 2.111328 2.115234 2.142578 2.126953 2.146484 2.146484 2.162109 2.158203 2.146484 2.162109 2.189453 2.220703 2.220703 2.220703 2.212891 2.201172 2.216797 2.212891 2.189453 2.189453 2.173828 2.185547 2.208984 2.208984 2.220703 2.220703 2.220703
2.158203 2.154297 2.146484 2.142578 2.146484 2.142578 2.142578 2.146484 2.150391 2.158203 2.166016 2.166016 2.166016 2.162109 2.158203 2.146484 2.134766 2.154297 2.130859 2.087891 1.990234 2.033203 2.072266 2.048828 2.005859 1.974609 1.947266 1.966797 2.001953 2.029297 2.064453 2.099609 2.185547 2.220703 2.189453 2.130859 2.115234 2.115234 2.111328 2.126953 2.142578 2.150391 2.166016 2.166016 2.169922 2.189453 2.220703 2.220703 2.220703 2.205078 2.205078 2.220703 2.220703 2.220703 2.220703 2.220703 2.220703 2.220703 2.220703 2.220703 2.220703 2.220703 2.220703
2.146484 2.138672 2.134766 2.134766 2.134766 2.142578 2.134766 2.134766 2.138672 2.150391 2.154297 2.154297 2.158203 2.154297 2.166016 2.169922 2.158203 2.177734 2.146484 2.107422 1.986328 1.919922 2.001953 2.017578 1.994141 1.955078 1.947266 1.962891 2.025391 2.076172 2.103516 2.134766 2.201172 2.220703 2.197266 2.130859 2.115234 2.119141 2.115234 2.087891 2.130859 2.154297 2.166016 2.173828 2.197266 2.220703 2.220703 2.220703 2.205078 2.197266 2.189453 2.193359 2.220703 2.220703 2.220703 2.220703 2.220703 2.220703 2.220703 2.220703 2.220703 2.220703 2.220703
2.123047 2.119141 2.111328 2.123047 2.126953 2.138672 2.130859 2.130859 2.138672 2.142578 2.142578 2.146484 2.158203 2.150391 2.150391 2.173828 2.189453 2.177734 2.150391 2.123047 2.033203 1.888672 1.923828 1.962891 1.958984 1.912109 1.912109 1.986328 2.060547 2.126953 2.150391 2.166016 2.205078 2.220703 2.142578 2.130859 2.107422 2.095703 2.072266 2.072266 2.091797 2.126953 2.162109 2.201172 2.220703 2.220703 2.220703 2.220703 2.212891 2.201172 2.189453 2.181641 2.220703 2.220703 2.220703 2.220703 2.220703 2.220703 2.220703 2.220703 2.220703 2.220703 1.291016
2.115234 2.099609 2.107422 2.111328 2.119141 2.130859 2.142578 2.138672 2.138672 2.134766 2.134766 2.134766 2.150391 2.150391 2.142578 2.138672 2.134766 2.150391 2.134766 2.111328 2.056641 1.927734 1.896484 1.900391 1.916016 1.904297 1.900391 2.013672 2.083984 2.130859 2.154297 2.138672 2.142578 2.181641 2.130859 2.134766 2.111328 2.048828 2.064453 2.060547 2.111328 2.138672 2.181641 2.216797 2.220703 2.220703 2.220703 2.220703 2.216797 2.216797 2.193359 2.177734 2.185547 2.220703 2.220703 2.220703 2.220703 2.220703 2.220703 2.220703 2.220703 2.220703 1.451172
2.087891 2.103516 2.107422 2.115234 2.115234 2.123047 2.138672 2.146484 2.138672 2.130859 2.138672 2.138672 2.142578 2.162109 2.146484 2.103516 2.072266 2.091797 2.091797 2.068359 2.041016 1.947266 1.896484 1.896484 1.908203 1.912109 2.009766 2.091797 2.087891 2.087891 2.068359 2.064453 2.048828 2.072266 2.080078 2.099609 2.126953 2.076172 2.076172 2.091797 2.130859 2.169922 2.193359 2.208984 2.212891 2.205078 2.216797 2.220703 2.220703 2.220703 2.193359 2.208984 2.212891 2.138672 2.095703 2.130859 2.146484 2.212891 2.220703 2.220703 2.220703 2.220703 2.220703
2.083984 2.095703 2.103516 2.123047 2.111328 2.115234 2.126953 2.138672 2.138672 2.130859 2.150391 2.154297 2.162109 2.177734 2.162109 2.123047 2.060547 2.029297 2.029297 2.025391 2.013672 1.955078 1.873047 1.873047 1.955078 2.029297 2.119141 2.111328 2.083984 2.052734 2.013672 2.009766 1.982422 1.986328 2.001953 2.009766 2.041016 2.123047 2.134766 2.134766 2.146484 2.185547 2.205078 2.208984 2.208984 2.205078 2.208984 2.212891 2.197266 2.185547 2.193359 2.162109 2.173828 2.146484 2.072266 1.998047 2.025391 2.029297 2.091797 2.220703 2.220703 2.220703 2.220703
2.048828 2.076172 2.107422 2.126953 2.130859 2.126953 2.115234 2.130859 2.146484 2.150391 2.162109 2.177734 2.197266 2.201172 2.177734 2.158203 2.095703 2.001953 1.986328 1.986328 1.998047 1.951172 1.908203 1.916016 2.025391 2.126953 2.150391 2.115234 2.072266 2.017578 1.990234 2.009766 2.068359 1.986328 1.888672 1.916016 2.017578 2.095703 2.130859 2.154297 2.173828 2.193359 2.189453 2.212891 2.193359 2.216797 2.201172 2.177734 2.158203 2.138672 2.138672 2.154297 2.177734 2.154297 2.134766 2.115234 2.111328 2.076172 2.123047 2.162109 2.220703 2.220703 2.220703
2.044922 2.080078 2.107422 2.126953 2.150391 2.158203 2.119141 2.130859 2.162109 2.166016 2.189453 2.205078 2.205078 2.181641 2.169922 2.169922 2.130859 2.037109 1.982422 1.986328 1.986328 1.943359 1.939453 2.044922 2.138672 2.142578 2.099609 2.025391 2.013672 2.017578 2.029297 2.060547 2.083984 2.044922 1.970703 1.947266 2.005859 2.064453 2.080078 2.123047 2.181641 2.189453 2.185547 2.181641 2.169922 2.205078 2.158203 2.072266 2.111328 2.150391 2.173828 2.142578 2.103516 2.115234 2.119141 2.119141 2.150391 2.189453 2.212891 2.220703 2.220703 2.220703 2.220703
2.083984 2.095703 2.099609 2.123047 2.158203 2.189453 2.166016 2.146484 2.173828 2.189453 2.205078 2.205078 2.185547 2.154297 2.142578 2.146484 2.126953 2.087891 2.025391 1.994141 1.994141 2.009766 2.048828 2.142578 2.146484 2.130859 2.044922 1.970703 1.990234 2.041016 2.083984 2.115234 2.123047 2.056641 2.021484 2.037109 2.056641 2.115234 2.095703 2.146484 2.166016 2.162109 2.154297 2.126953 2.150391 2.201172 2.181641 2.056641 2.150391 2.201172 2.177734 2.123047 2.072266 2.060547 2.091797 2.107422 2.146484 2.173828 2.193359 2.197266 2.220703 2.220703 1.189453
2.123047 2.107422 2.095703 2.119141 2.169922 2.216797 2.212891 2.181641 2.189453 2.208984 2.216797 2.197266 2.169922 2.138672 2.119141 2.115234 2.111328 2.103516 2.064453 2.044922 2.060547 2.083984 2.142578 2.166016 2.130859 2.064453 1.994141 1.978516 2.009766 2.080078 2.126953 2.146484 2.134766 2.091797 2.068359 2.099609 2.126953 2.166016 2.189453 2.193359 2.162109 2.150391 2.162109 2.146484 2.162109 2.220703 2.220703 2.208984 2.197266 2.208984 2.193359 2.119141 2.052734 2.025391 2.033203 2.087891 2.123047 2.138672 2.162109 2.208984 2.220703 1.810547 2.451172
2.162109 2.123047 2.103516 2.130859 2.185547 2.220703 2.224609 2.216797 2.216797 2.220703 2.224609 2.208984 2.162109 2.119141 2.107422 2.107422 2.107422 2.107422 2.107422 2.107422 2.126953 2.173828 2.189453 2.173828 2.103516 2.048828 2.017578 2.009766 2.056641 2.087891 2.115234 2.126953 2.126953 2.115234 2.099609 2.134766 2.158203 2.212891 2.212891 2.189453 2.201172 2.142578 2.111328 2.130859 2.197266 2.220703 2.220703 2.220703 2.216797 2.212891 2.212891 2.134766 2.041016 1.994141 2.013672 2.087891 2.115234 2.138672 2.169922 2.220703 2.220703 1.333984 1.099609
2.205078 2.169922 2.150391 2.162109 2.185547 2.212891 2.224609 2.224609 2.224609 2.224609 2.208984 2.189453 2.142578 2.091797 2.083984 2.103516 2.130859 2.134766 2.138672 2.158203 2.189453 2.212891 2.220703 2.181641 2.126953 2.107422 2.099609 2.107422 2.103516 2.087891 2.080078 2.087891 2.130859 2.154297 2.162109 2.166016 2.216797 2.220703 2.208984 2.212891 2.169922 2.123047 2.107422 2.134766 2.220703 2.220703 2.220703 2.220703 2.220703 2.216797 2.216797 2.162109 2.091797 2.048828 2.072266 2.056641 2.076172 2.130859 2.208984 2.220703 2.220703 1.580078 1.779297
2.212891 2.220703 2.205078 2.177734 2.169922 2.193359 2.224609 2.208984 2.197266 2.189453 2.166016 2.142578 2.099609 2.056641 2.025391 2.076172 2.134766 2.169922 2.166016 2.181641 2.216797 2.220703 2.220703 2.220703 2.201172 2.173828 2.169922 2.169922 2.142578 2.119141 2.091797 2.119141 2.158203 2.189453 2.205078 2.220703 2.220703 2.212891 2.216797 2.208984 2.150391 2.107422 2.111328 2.166016 2.220703 2.189453 2.064453 2.103516 2.216797 2.220703 2.220703 2.205078 2.166016 2.154297 2.162109 2.126953 2.142578 2.208984 2.220703 2.220703 2.220703 1.564453 1.759766
2.177734 2.169922 2.189453 2.208984 2.173828 2.181641 2.220703 2.181641 2.173828 2.162109 2.130859 2.083984 2.041016 2.005859 1.986328 1.998047 2.115234 2.169922 2.177734 2.193359 2.208984 2.220703 2.220703 2.220703 2.220703 2.216797 2.220703 2.208984 2.177734 2.138672 2.134766 2.169922 2.201172 2.212891 2.220703 2.220703 2.212891 2.193359 2.216797 2.169922 2.126953 2.130859 2.134766 2.158203 2.181641 2.150391 2.044922 1.923828 2.111328 2.189453 2.201172 2.208984 2.220703 2.220703 2.220703 2.220703 2.220703 2.220703 2.220703 2.220703 2.220703 1.740234 1.220703
2.212891 2.173828 2.158203 2.169922 2.216797 2.205078 2.220703 2.181641 2.150391 2.134766 2.107422 2.052734 1.982422 1.935547 1.931641 1.927734 2.009766 2.134766 2.189453 2.197266 2.216797 2.220703 2.220703 2.220703 2.220703 2.216797 2.216797 2.220703 2.208984 2.181641 2.197266 2.220703 2.220703 2.220703 2.220703 2.220703 2.205078 2.169922 2.208984 2.173828 2.134766 2.130859 2.119141 2.107422 2.119141 2.107422 2.119141 2.044922 2.017578 2.095703 2.134766 2.162109 2.185547 2.220703 2.220703 2.220703 2.220703 2.220703 2.220703 2.220703 2.220703 1.439453 .8417969
2.220703 2.212891 2.189453 2.166016 2.173828 2.205078 2.216797 2.189453 2.142578 2.107422 2.076172 2.021484 1.958984 1.931641 1.888672 1.923828 1.880859 2.021484 2.134766 2.189453 2.205078 2.220703 2.220703 2.220703 2.220703 2.220703 2.216797 2.216797 2.220703 2.220703 2.220703 2.220703 2.220703 2.220703 2.220703 2.220703 2.205078 2.193359 2.201172 2.197266 2.150391 2.115234 2.072266 2.009766 2.005859 2.068359 2.138672 2.201172 2.162109 2.119141 2.080078 2.099609 2.111328 2.197266 2.220703 2.220703 2.220703 2.220703 2.220703 2.220703 2.220703 1.810547 1.298828
2.216797 2.224609 2.224609 2.193359 2.169922 2.173828 2.177734 2.173828 2.146484 2.091797 2.044922 2.005859 1.966797 1.904297 1.916016 1.923828 1.916016 1.837891 2.029297 2.130859 2.173828 2.208984 2.220703 2.220703 2.220703 2.220703 2.216797 2.220703 2.220703 2.220703 2.220703 2.220703 2.220703 2.220703 2.216797 2.220703 2.216797 2.208984 2.205078 2.212891 2.150391 2.091797 2.033203 1.955078 1.869141 1.958984 2.115234 2.205078 2.220703 2.181641 2.099609 2.099609 2.130859 2.212891 2.220703 2.220703 2.220703 2.220703 2.220703 2.220703 2.220703 2.451172 1.810547
2.224609 2.224609 2.224609 2.220703 2.193359 2.169922 2.146484 2.154297 2.134766 2.080078 2.021484 1.978516 1.982422 1.970703 1.939453 1.904297 1.884766 1.798828 1.857422 2.021484 2.130859 2.189453 2.220703 2.220703 2.220703 2.220703 2.220703 2.220703 2.220703 2.212891 2.193359 2.166016 2.134766 2.146484 2.193359 2.220703 2.220703 2.220703 2.216797 2.208984 2.150391 2.068359 1.998047 1.931641 1.833984 1.810547 2.001953 2.134766 2.193359 2.181641 2.150391 2.123047 2.197266 2.220703 2.220703 2.220703 2.220703 2.220703 2.220703 2.220703 2.220703 2.220703 .6855469
2.224609 2.224609 2.224609 2.224609 2.212891 2.173828 2.142578 2.134766 2.107422 2.064453 2.025391 1.994141 2.005859 2.005859 2.001953 1.990234 1.970703 1.943359 1.716797 1.751953 1.998047 2.150391 2.220703 2.220703 2.220703 2.177734 2.185547 2.208984 2.220703 2.173828 1.998047 1.884766 1.955078 2.091797 2.181641 2.220703 2.220703 2.220703 2.220703 2.189453 2.142578 2.052734 1.978516 1.927734 1.876953 1.830078 1.876953 1.958984 1.939453 2.095703 2.134766 2.173828 2.220703 2.220703 2.220703 2.220703 2.220703 2.220703 2.220703 2.220703 2.220703 2.220703 2.220703
