py_wake/examples/data/AJ_ParqueFicticio/Rough survey   Sector All   Height 200m   Power density.grd
DSAA
73  159
 258469   265669
 6501692   6517492
 238.8899   1354.657
[rows 112 to 139 of 159, columns 0 to 62 of 73]
812.2007 821.6127 823.8966 834.4029 859.1022 893.8777 936.6415 986.7839 1038.031 1085.323 1128.234 1150.558 1113.345 1027.059 927.6273 835.6423 780.7877 759.7429 733.3113 693.2884 657.2964 643.8267 637.1854 669.8202 746.2813 820.2479 844.7467 824.2085 786.8278 748.7823 722.5623 701.8974 677.6037 650.6209 621.9442 600.7665 603.2569 646.8022 724.3921 801.3056 848.9261 843.1869 777.0253 679.0061 587.5201 519.5232 475.5664 452.3391 451.7966 480.9212 514.207 526.4501 508.1953 473.6926 440.7304 416.2264 397.8684 377.66 351.681 316.3632 280.1193 257.972 251.717
847.3797 859.5471 868.2437 881.7125 909.8608 949.1936 994.7053 1044.67 1092.292 1132.923 1167.692 1175.48 1126.225 1029.59 925.4204 845.4824 810.985 797.9163 759.1817 698.5215 642.0113 609.5792 602.4023 635.3314 705.8898 774.7393 787.5087 754.9098 716.6143 692.1031 681.5374 693.4589 709.0463 703.5382 690.8921 678.6437 679.7142 714.3073 780.7485 853.4516 901.7676 893.1053 814.1814 704.1089 603.6663 529.0718 480.383 447.8184 434.9365 443.4445 463.0547 473.0868 465.3233 446.6882 425.5092 408.9413 395.4581 380.2094 359.3203 328.6412 293.9866 268.3681 255.5653
887.538 900.2723 914.83 931.6251 959.6173 1005.29 1057.022 1103.55 1143.416 1177.049 1202.034 1195.223 1128.058 1023.671 924.6479 864.2121 853.5908 842.3648 793.2709 721.9467 655.8378 603.2402 579.5461 597.8783 653.0205 710.3519 723.8314 691.667 656.5319 640.1683 640.1595 663.0219 698.5415 724.1799 744.2629 756.3229 770.3348 800.8459 852.6158 907.7578 945.0737 930.5216 846.3575 732.7051 630.1758 551.0497 495.1303 454.8524 430.8957 421.762 424.8592 431.2957 429.7921 424.2555 413.5302 402.117 390.9429 378.5211 363.0783 340.8428 313.977 286.7282 268.3601
915.0833 934.8981 953.7498 976.1665 1009.87 1058.187 1110.87 1155.768 1189.66 1215.021 1230.622 1204.035 1126.119 1023.235 939.7917 900.4273 898.9038 888.1245 837.5879 765.3138 693.8947 627.3848 577.9469 565.4388 596.5388 638.5176 653.9844 630.6161 605.7657 594.9971 602.558 626.6642 664.0629 703.6154 753.0714 807.6971 852.8558 888.5884 921.7148 952.3657 970.8368 947.9703 869.2944 765.485 666.2753 584.8323 519.2862 469.2746 434.9911 416.0735 408.5942 407.2551 405.7829 405.3563 402.3411 395.1707 385.7632 374.4873 361.8481 345.7774 326.8527 304.6032 285.0743
913.5159 941.905 970.6064 1004.565 1046.635 1100.432 1151.648 1191.518 1224.701 1248.44 1248.92 1201.693 1119.733 1030.506 968.6345 942.8502 941.11 928.6241 880.7 814.1504 740.0724 664.1556 597.7831 555.3834 551.8918 576.3505 588.7367 577.2961 562.0598 562.9595 575.4256 593.7216 627.3013 679.5535 747.8947 828.1729 904.6036 956.3475 975.6146 966.7493 953.4874 924.9934 863.5404 780.1436 694.9541 615.9355 546.7228 489.1422 445.5567 418.3423 405.8877 400.8712 397.6563 394.3427 392.7304 387.5675 379.5291 368.8385 357.7362 344.9188 331.8606 314.6913 299.1397
883.4677 921.2024 961.1017 1006.722 1063.826 1122.21 1175.535 1216.841 1247.45 1263.874 1240.092 1180.911 1103.939 1034.158 993.668 979.0522 971.2245 949.5286 901.6393 835.6281 763.1852 690.3493 623.5279 569.7286 538.0123 532.1045 536.7327 535.1869 533.7821 545.1298 554.2972 566.5815 607.1099 669.5341 745.5492 837.6045 930.3743 984.0713 975.0494 929.2486 890.318 855.155 812.0043 753.0053 687.3035 623.7032 561.3788 503.1926 456.7066 425.185 408.4418 401.9045 397.6429 392.5736 387.6027 382.1253 374.7278 362.8886 348.9543 337.2885 329.3446 317.923 305.4265
843.4562 888.2382 938.8552 999.5974 1067.664 1133.369 1190.545 1233.88 1257.862 1249.536 1200.581 1133.171 1063.386 1008.957 992.7624 992.1567 975.0523 937.6081 881.9769 815.8171 744.5156 681.7326 634.7559 591.4302 551.1358 517.6775 501.0281 500.6636 516.664 532.6025 536.9739 548.5931 595.7502 658.2935 731.643 833.4376 937.0184 988.2984 952.3932 871.2891 802.1135 760.9543 734.1165 698.8182 648.847 601.2818 552.1431 502.9114 461.2255 430.1397 412.8868 405.977 401.5901 396.8716 390.5731 383.7919 374.7522 362.9604 346.1176 329.2714 318.692 312.1307 303.7739
813.7614 865.0882 928.0122 1000.928 1078.736 1148.881 1205.392 1243.559 1255.456 1221.73 1154.963 1076.284 1006.818 963.9924 958.6754 971.8787 960.2995 915.6293 849.8851 778.0897 707.4806 648.8733 613.5258 597.0223 569.3777 529.2726 494.9417 483.0573 498.0044 514.529 517.9862 535.2379 583.1727 641.476 714.3652 822.9259 936.3391 991.3046 933.1703 818.7178 722.0271 672.9106 656.7202 643.2667 605.494 565.3262 528.7692 491.3826 457.6232 430.5959 412.3911 406.4418 403.0173 399.1068 394.2137 388.1812 378.1655 365.2477 346.6136 327.3194 313.1374 308.3483 304.7715
819.606 874.5966 943.6585 1023.402 1101.153 1168.928 1216.317 1239.888 1233.77 1190.23 1119.134 1030.558 954.8998 914.3881 913.0343 930.4132 932.5567 895.4166 827.5515 753.5684 680.0995 618.4871 584.1752 580.0812 571.6588 540.0394 504.8818 479.4004 478.593 490.1641 496.5237 522.0945 570.8586 624.666 707.8474 825.7254 936.256 986.1678 921.0541 792.3871 675.6349 608.3471 591.0769 592.3585 571.951 539.3528 507.218 478.532 451.7656 428.2639 409.9556 400.6696 397.5877 395.7581 391.5535 385.5442 375.0138 358.7024 340.6594 325.2917 315.3213 311.7872 313.1276
857.705 911.9118 982.1709 1062.703 1137.319 1194.137 1229.546 1218.359 1176.07 1138.349 1092.003 1011.554 934.0343 884.4009 874.775 884.1382 886.3279 863.5278 814.0222 749.4276 677.2609 609.8565 566.1376 555.1439 552.5329 534.8549 510.7205 484.2296 466.2679 466.0892 477.1797 509.5148 556.8376 616.6808 715.8575 836.5704 937.9576 965.2151 896.6859 774.4229 656.4415 576.3247 545.9453 546.2141 540.515 521.9425 498.9137 475.4322 452.9095 431.8002 412.8791 397.8482 390.3622 387.549 383.0909 377.4066 365.2668 347.2198 331.8828 324.4416 322.662 324.2377 329.3912
915.4356 970.7797 1038.201 1115.383 1180.118 1220.37 1230.793 1177.797 1102.298 1061.745 1051.711 1009.468 946.5095 895.0962 863.6905 848.5199 841.7215 822.5569 788.783 742.2597 682.1718 616.9012 566.114 540.3472 530.6083 519.3816 506.9911 490.7273 467.0433 451.535 461.8905 494.8927 546.355 628.2048 736.9957 854.955 936.6586 928.0838 855.3051 747.8751 645.3452 566.6992 523.4778 512.872 509.2619 501.7422 490.1444 475.7905 458.4805 439.896 420.3988 401.278 387.1916 378.4338 371.4421 363.2192 351.6796 336.2829 326.8632 328.7625 335.2766 342.7714 351.2401
980.7272 1045.964 1114.431 1180.961 1230.243 1246.892 1212.245 1122.157 1021.49 975.632 986.3895 985.7185 961.8983 924.537 885.325 849.7834 826.4642 800.9036 769.5233 731.8248 687.1104 631.6622 580.4739 543.7445 522.1997 508.8509 498.1138 489.3072 469.8264 449.2796 450.3947 483.9439 548.6687 644.486 759.4099 867.2978 918.3157 886.7289 802.7354 705.36 625.0839 563.2061 520.156 498.255 487.9745 480.1885 473.355 465.2514 456.7923 444.6264 427.4719 408.4905 390.807 374.9003 362.5916 351.7446 338.0401 328.5076 325.5605 334.7114 349.4421 361.4401 369.6449
1043.011 1126.019 1196.962 1253.718 1282.658 1265.903 1180.618 1061.364 943.3713 891.9346 905.3525 925.6072 939.1229 933.7365 908.3439 873.1995 843.5995 816.069 784.9609 751.3666 712.0327 666.0641 615.1675 565.4888 532.2972 515.8577 505.3705 496.5067 474.6371 448.202 441.2216 478.7645 552.7227 654.0886 767.153 856.97 884.2095 842.3992 756.5956 664.3426 595.6096 552.5726 523.2554 501.5354 484.653 470.8138 459.3682 449.8012 441.4901 435.8903 425.2269 408.35 390.2639 372.6617 359.1747 348.2983 333.5203 327.6791 326.0863 337.2957 356.4388 373.1385 383.5908
1088.565 1189.253 1268.532 1315.433 1316.513 1257.404 1149.187 1013.085 885.0438 821.7968 826.194 850.1317 881.5502 900.6351 894.9711 873.5114 853.029 839.2672 818.3606 791.3226 755.9981 711.4926 655.8783 598.3007 555.2172 536.9688 534.3723 527.6804 500.4088 459.7 440.0692 471.6454 547.0911 648.4139 753.6514 827.6936 842.1859 799.3467 720.1653 637.0507 573.8625 536.2049 516.5867 502.8347 488.7647 472.9316 458.6231 442.246 424.9879 415.4388 406.429 394.1949 378.9862 366.1676 356.7527 348.9541 341.4647 337.802 334.8297 336.8429 353.651 375.9422 391.2423
1124.782 1232.053 1312.939 1351.161 1324.42 1238.444 1129.378 992.847 863.3978 780.4057 760.4415 776.5769 811.2753 842.9123 852.6557 840.959 823.8477 822.6638 826.5265 815.5524 782.3293 738.4624 684.1104 629.1716 588.2496 570.1211 571.6064 565.5502 532.5544 480.1928 446.3709 465.1351 533.229 630.6299 726.1162 786.1458 794.4576 760.2994 691.1242 616.4214 562.0845 528.9348 507.3662 495.4975 483.1972 471.2359 459.823 444.1553 418.292 394.9175 381.3097 371.1133 364.4651 361.3946 359.2504 358.9034 358.5335 355.9053 350.425 340.6474 348.5442 371.155 389.8222
1149.63 1257.258 1331.049 1354.657 1302.598 1212.682 1115.743 995.5701 868.6158 770.1568 720.2968 716.8456 743.8594 778.5406 804.3169 804.6492 782.2551 779.5792 791.0704 787.9908 766.4438 731.0281 685.7777 646.3054 619.7662 607.2144 603.9841 592.6231 556.0599 497.1921 453.7406 460.8953 524.4806 611.5356 688.8873 732.9375 740.8517 718.8969 665.6026 600.535 550.5059 522.168 506.1511 492.48 478.3302 464.807 454.1559 444.5735 421.6187 389.4556 361.8052 350.3747 352.8795 364.299 375.3264 382.4542 384.9478 384.5882 372.0524 348.6748 344.6189 362.4849 378.2083
1157.593 1258.685 1316.256 1316.003 1255.444 1169.521 1094.472 997.1368 883.4306 784.1835 713.0373 679.6753 686.8055 718.2544 757.4157 777.4326 754.1724 736.1778 737.7723 734.0753 720.9028 699.2549 667.5854 644.1133 637.4299 633.7214 624.376 603.3228 563.6853 507.7354 458.5238 459.999 514.6956 584.1928 643.2559 674.2962 682.5189 672.8893 640.4478 589.3859 544.8984 515.7934 500.0733 489.3005 478.4255 462.813 447.7133 436.9477 422.3935 391.3195 356.7328 340.0433 350.321 375.9547 399.9384 414.2004 421.5899 419.1864 396.5735 361.6768 344.867 352.4016 363.3787
1163.155 1241.591 1269.292 1242.736 1181.846 1116.922 1064.583 988.6148 890.7617 799.3584 723.2668 667.2212 648.7733 669.8984 715.1912 752.463 741.4586 709.696 690.0447 679.0079 667.1898 657.5089 639.0101 629.5629 645.7654 660.3193 651.7906 620.2134 572.526 516.9673 467.7063 461.2419 497.8736 547.3437 589.9252 614.7458 623.8694 626.0957 615.0942 580.0494 545.8821 517.1028 498.7209 484.5333 474.6161 461.6264 445.4458 426.4969 409.6764 383.2942 351.5618 336.3891 350.5649 386.2027 424.252 445.1442 454.0845 451.0322 425.0658 386.0739 356.5917 347.3975 354.0063
1179.292 1213.872 1198.8 1148.728 1090.861 1055.381 1040.966 986.9047 907.6401 822.4598 744.724 676.7233 633.6799 635.4611 672.3694 717.8657 733.3566 703.5 662.1282 633.1996 620.2559 615.8345 605.5792 611.3105 644.9229 679.7925 688.8124 659.1862 604.9573 541.8699 490.1711 469.0402 485.8864 514.5029 540.7078 559.8892 570.7604 584.4632 592.563 581.2846 554.0367 524.8534 506.4706 490.8015 475.446 457.7961 441.7931 420.0942 393.2706 366.5962 341.1755 331.1325 350.2827 392.8295 436.7672 462.7143 474.2363 476.8129 458.6541 422.3121 386.3914 362.8315 355.0377
1192.937 1168.099 1113.469 1052.803 999.0451 989.0033 1013.689 998.2403 944.4728 868.7434 787.8552 707.6732 646.3563 613.6363 632.4977 678.0162 716.2953 704.2082 656.7682 611.4833 586.6985 580.7698 576.103 588.0474 632.9865 683.0153 718.4396 705.2448 653.0499 584.6169 526.6932 497.7337 492.6166 496.2604 504.8559 515.3211 527.855 547.5402 569.8647 576.5303 561.6545 541.3813 524.9763 511.8338 493.9796 468.6025 441.0266 411.9192 379.2383 347.6806 327.47 325.9786 349.4883 393.0396 436.0584 465.3418 482.2722 494.5301 489.0484 461.5241 422.498 388.6859 370.3983
1184.448 1101.802 1020.921 961.2019 919.2134 927.9195 969.819 989.6774 972.1183 909.8428 830.1898 742.5609 665.9431 612.0174 602.1021 639.4086 683.6236 691.9457 657.5673 607.7396 570.1738 556.5082 552.7542 568.1639 616.3233 678.8875 729.5998 739.0119 685.551 619.8514 565.4606 535.9946 522.414 509.2767 493.0109 484.3363 495.2452 515.482 540.6149 559.6401 561.2781 554.3998 541.987 532.3973 514.7938 486.7568 452.9225 410.5151 366.1462 332.4564 317.8602 320.3221 345.182 386.0148 426.5807 457.1078 479.857 499.4721 507.1333 494.9925 460.1818 422.5762 396.476
1155.295 1030.077 930.4262 876.2315 850.6768 874.3351 925.6402 965.848 974.3168 933.3516 857.8907 766.7018 682.9041 619.7774 587.8958 604.9328 642.5364 659.8314 646.3992 608.9681 567.8118 545.179 538.5239 555.9507 605.7607 669.6804 721.4991 733.0786 690.4418 630.137 582.3724 562.3694 552.5821 532.7117 504.654 480.0697 473.6486 487.3009 510.7972 533.4337 547.0723 546.8723 542.4181 538.4409 524.0376 497.0475 461.8069 415.9899 364.8087 327.536 313.709 314.1425 330.5267 365.7717 407.2368 439.2749 466.5316 492.657 512.9116 517.5504 493.952 460.4985 430.599
1124.144 969.4994 855.1157 804.1071 794.8006 833.2588 887.6143 935.3508 962.9026 948.4835 887.0762 795.8307 704.8101 632.3885 586.3777 581.1285 603.6068 619.788 620.4421 602.1019 568.8651 541.6053 531.276 547.9514 598.6921 659.9492 711.5621 717.1304 677.8545 623.1994 578.8639 561.0853 556.9478 545.658 517.4953 487.7629 467.8326 468.6699 485.7244 511.335 531.3627 536.4398 534.5778 529.7223 517.0634 491.4641 458.849 418.3929 370.631 331.1419 315.2538 312.3392 318.642 343.0795 381.2805 415.4038 443.6792 473.8069 502.779 522.7147 516.7816 494.6643 468.7267
1097.795 931.0211 805.1429 749.8072 761.1186 805.1468 853.4915 892.8502 927.15 929.1357 892.2599 825.3257 739.9371 661.1672 601.7217 573.7997 577.2455 587.1288 592.345 584.8803 564.4249 543.2941 532.0963 549.8582 602.3705 665.7828 705.9855 696.9557 658.2254 612.0834 574.4264 551.6246 543.0613 538.8434 520.3312 494.495 472.6044 463.7555 471.1082 493.6077 516.7744 529.2513 527.0118 517.507 502.8069 479.2654 450.6555 416.5005 377.7274 342.4991 322.8391 315.747 315.4155 327.4374 355.4031 386.2505 415.4245 445.593 477.2663 507.3597 523.1029 518.2962 501.4781
1065.87 905.3279 777.4238 717.0927 736.2595 781.685 818.7405 851.4318 880.0746 881.9813 862.0825 822.958 765.7956 696.6563 635.3821 592.8677 571.8159 566.8672 571.068 564.8511 552.7404 541.8667 533.4866 556.3552 613.7772 680.228 712.6 684.1002 633.9654 591.9946 564.5591 547.0189 531.204 522.331 512.2839 495.3485 475.9883 464.2451 465.8264 483.365 507.0412 524.571 524.0047 507.7877 488.8967 467.5829 443.0493 417.5559 388.8073 360.8829 338.0655 324.9018 317.8121 321.2192 336.6117 359.2514 383.3392 411.5332 443.7002 479.712 510.7108 524.4517 520.8254
1020.933 880.2141 758.7234 696.1356 712.3895 755.0033 791.8766 823.2287 841.7702 834.6237 814.0928 791.5986 757.7607 706.3057 658.9952 620.9675 585.3127 566.5038 558.83 552.2863 542.0633 535.8226 531.6328 560.1306 623.4048 693.6195 722.5182 678.8236 617.3331 568.6581 546.0864 537.3983 526.6086 511.8201 501.5469 490.5586 476.4237 466.1498 464.5627 477.1393 500.1727 518.3969 518.5054 504.1335 485.4874 464.8562 444.6228 430.6608 410.0824 383.5236 358.0587 338.7793 326.3488 322.9146 327.5895 337.2932 353.8572 376.1199 404.3617 441.2788 481.1214 511.6779 524.89
962.1548 843.7608 740.1914 679.3891 691.1101 731.9189 776.9532 807.0571 815.1009 799.3422 773.1827 749.3335 726.7742 690.2697 656.8657 633.7664 605.761 582.402 567.0031 552.9835 536.7952 529.3088 526.0887 558.2253 624.5151 693.9254 720.2065 678.8675 611.3444 554.1516 527.972 523.0306 522.472 512.0172 500.137 488.0199 477.119 468.9379 463.9838 467.9806 488.3959 506.0083 506.3313 496.6982 483.8643 469.375 451.9074 439.9123 423.8324 398.2489 375.8461 358.8216 343.0531 331.4699 327.1754 329.1348 335.7368 347.3392 366.5864 398.2644 441.1016 482.0031 511.0928
904.1776 803.099 719.3124 664.9526 673.9243 720.0773 772.7212 796.8218 796.652 787.4359 757.8025 722.4325 696.4553 667.2759 640.4871 627.4029 611.1449 596.9641 591.1755 575.6202 546.8168 527.9721 524.6392 554.2852 614.4481 681.02 711.7629 678.5125 612.0796 553.3211 520.3274 509.0448 512.8586 510.3736 502.7037 493.3077 484.426 476.6478 468.8185 463.6651 476.8428 489.4631 489.6396 483.8684 476.7893 466.7458 451.402 439.7255 425.4527 404.162 388.6866 378.7109 366.6407 350.4126 338.3855 332.3506 333.3665 335.6738 341.865 361.9242 398.3059 443.1941 482.6225
