py_wake/examples/data/AJ_ParqueFicticio/Rough survey   Sector 5   Height 200m   Orographic speed.grd
DSAA
73  159
 258469   265669
 6501692   6517492
 .6967462   1.35949
[rows 84 to 111 of 159, columns 0 to 62 of 73]
1.017012 1.016147 1.016164 1.016355 1.016977 1.018095 1.019641 1.021458 1.022563 1.021604 1.019 1.014969 1.009753 1.005903 1.003466 .9983653 .993569 .9896819 .9886025 .9914454 .9966789 1.001483 1.008164 1.018112 1.031612 1.046829 1.060289 1.070903 1.076988 1.074123 1.062738 1.050556 1.038178 1.022149 1.010448 .9953113 .9900501 .9937286 .9975146 .9997562 1.000545 .9938354 .979885 .9642231 .9568036 .9493 .9371105 .9292416 .9260634 .9310654 .9454444 .9601357 .9728758 .9799623 .9816983 .9758732 .9625066 .9453751 .9263746 .9076051 .8922785 .8825664 .874571
1.018578 1.018463 1.018015 1.018623 1.019305 1.021276 1.022869 1.02506 1.025456 1.025253 1.022303 1.019145 1.01519 1.008946 1.005284 1.001611 .9975802 .9930105 .988192 .9878018 .9912991 .9958157 1.003064 1.015282 1.034588 1.056439 1.071873 1.079345 1.074773 1.064644 1.048261 1.035502 1.028368 1.014285 1.001767 .987901 .9855853 .9954121 1.002703 1.007392 1.007758 .9987296 .9859554 .9691753 .9573437 .9494116 .9372838 .9239901 .9126225 .9113696 .925542 .9457778 .9642235 .9762337 .9808504 .9776956 .965495 .9477075 .9277396 .9077163 .8899266 .8766207 .8692175
1.017475 1.01824 1.019502 1.02117 1.022096 1.023536 1.025795 1.027184 1.02847 1.02825 1.026553 1.023518 1.019196 1.013664 1.008295 1.004782 1.00177 .9971119 .9923661 .9897125 .9892176 .9920309 .9979348 1.009022 1.030591 1.058247 1.079471 1.086131 1.07373 1.05511 1.034738 1.019411 1.010952 1.001881 .9933001 .9828426 .9810989 .9925435 1.003581 1.012012 1.013271 1.004823 .9907038 .9757643 .9642684 .9552255 .9437143 .9295559 .9134645 .9024138 .9064161 .9260572 .9495264 .9641362 .9750069 .9754083 .9644917 .9478628 .9288371 .9083684 .8891211 .8746899 .8669928
1.017806 1.019274 1.021405 1.023403 1.02477 1.02599 1.028408 1.029463 1.031126 1.031822 1.030487 1.028517 1.025188 1.019313 1.012378 1.007842 1.004656 1.001303 .9984619 .9949185 .9937862 .9955928 .9993826 1.007591 1.026633 1.056087 1.081214 1.090545 1.076641 1.050752 1.025236 1.004668 .9948232 .9886734 .9852393 .9787306 .9797114 .9915759 1.004503 1.014624 1.01555 1.00859 .9964607 .9811723 .9689529 .9579251 .949375 .9376681 .9190602 .9021335 .8966421 .910144 .9294152 .9486628 .9614094 .9657981 .9564921 .9411965 .92517 .9056188 .8866246 .8731555 .8695689
1.021882 1.022326 1.024449 1.026096 1.027918 1.02968 1.030509 1.031899 1.033668 1.035548 1.034969 1.033364 1.030363 1.026132 1.01906 1.012642 1.007863 1.005005 1.002467 1.000248 1.000726 1.004264 1.008798 1.015509 1.02823 1.052695 1.080487 1.093517 1.080227 1.050254 1.018915 .9947403 .982513 .9744249 .9706991 .9706371 .9809132 .9944258 1.007627 1.016447 1.017712 1.011915 .9986726 .981813 .967972 .9564043 .9468888 .9379132 .92154 .9050784 .8950365 .8974046 .9075034 .9236605 .9425035 .9501649 .9429318 .9280944 .9138705 .8975704 .8795841 .868759 .8731235
1.027009 1.027433 1.02743 1.029367 1.032537 1.03423 1.034661 1.034241 1.035232 1.036592 1.038538 1.037973 1.036153 1.032647 1.027094 1.019444 1.012507 1.008015 1.005842 1.004399 1.007003 1.013019 1.021214 1.030059 1.037472 1.053256 1.077053 1.093485 1.082818 1.05039 1.013158 .9862518 .9703736 .9605876 .9553283 .961091 .97658 .9943581 1.01052 1.020287 1.022077 1.015402 .9995726 .9815546 .9658368 .9564229 .9445146 .9349115 .9209762 .9080757 .900146 .894366 .8898734 .899683 .9149238 .9265893 .9228283 .9103624 .8965365 .8823535 .8665892 .8610452 .8714786
1.032736 1.031813 1.032075 1.033185 1.036591 1.038792 1.040541 1.039775 1.039111 1.038581 1.039796 1.040749 1.040271 1.03925 1.034878 1.027754 1.019414 1.013541 1.008431 1.006168 1.010237 1.020239 1.032456 1.044065 1.051489 1.057735 1.074873 1.090818 1.082089 1.04834 1.008695 .978619 .9618917 .9514377 .945457 .9546559 .9675253 .9899445 1.011951 1.02467 1.025941 1.016744 1.000588 .9836197 .9729532 .9631164 .9540258 .9407097 .9281458 .920759 .9166863 .9107931 .8974277 .8887299 .8914798 .9009913 .9019007 .8910941 .875019 .8604132 .8474436 .8474243 .8637688
1.037353 1.037005 1.037178 1.038328 1.040999 1.044628 1.046531 1.046618 1.044858 1.043079 1.042364 1.043304 1.043648 1.043741 1.0423 1.036923 1.029873 1.02333 1.016434 1.008221 1.010383 1.023736 1.041312 1.056926 1.063061 1.066203 1.076198 1.088293 1.079171 1.044124 1.006248 .9757389 .9574389 .9446747 .9456108 .9534147 .9607341 .9811401 1.008957 1.028211 1.030254 1.018875 1.000899 .9896249 .9818012 .9721153 .9622692 .9486765 .9378557 .9345931 .9360989 .9304569 .9184769 .9023336 .8897067 .8833897 .8845006 .8758383 .856896 .8384871 .8252656 .8286416 .8511382
1.042865 1.042876 1.0432 1.044073 1.046368 1.049901 1.052303 1.05302 1.052296 1.049813 1.046129 1.044385 1.04566 1.046671 1.046681 1.046213 1.041775 1.037182 1.029414 1.014691 1.008343 1.022536 1.045895 1.065198 1.072883 1.07255 1.07919 1.087263 1.073558 1.039466 1.00252 .9734499 .9543126 .9403371 .9446405 .9550079 .9589885 .9728198 1.002046 1.025964 1.03076 1.019126 1.003609 .9940709 .987372 .9777746 .9660883 .949876 .9425948 .9440367 .9485624 .9474033 .9389856 .9247711 .9057152 .8921284 .8828978 .8739159 .8549968 .8293514 .806243 .808302 .8343113
1.0485 1.049709 1.049625 1.049966 1.051618 1.055453 1.058568 1.059784 1.059026 1.05703 1.052538 1.048383 1.04717 1.048573 1.049696 1.050917 1.052915 1.053224 1.048285 1.030701 1.011067 1.017893 1.044677 1.070094 1.079142 1.076269 1.079382 1.08425 1.068053 1.03427 .9972409 .968779 .9470997 .937383 .9451336 .9567406 .9595854 .9670097 .9932622 1.018543 1.027976 1.019052 1.007435 .9981942 .9917311 .979768 .9659561 .9537752 .947172 .9482837 .9528381 .9537056 .9493812 .9418324 .9245563 .9090728 .8958994 .8830915 .8603499 .8278695 .7954373 .7884066 .8140077
1.054381 1.056263 1.056616 1.057295 1.05784 1.060972 1.064726 1.067426 1.066382 1.064414 1.061286 1.055469 1.052066 1.050992 1.050277 1.053028 1.059635 1.067844 1.069694 1.052529 1.024872 1.017498 1.040899 1.070261 1.081799 1.077797 1.076894 1.0779 1.062125 1.029837 .9938384 .9620472 .9394217 .9335892 .9470285 .959463 .9601707 .9649624 .9865313 1.010292 1.021834 1.017003 1.007048 .9979986 .9903257 .979927 .9676996 .958149 .9527813 .9514459 .950888 .9488254 .9458613 .9412844 .9307622 .9194633 .9057183 .8912361 .8688796 .8342844 .7945449 .7738831 .7906871
1.058838 1.063106 1.06402 1.064587 1.065545 1.066181 1.070426 1.073178 1.074203 1.072673 1.069254 1.065065 1.060619 1.056343 1.053218 1.052147 1.058328 1.0759 1.086279 1.075853 1.045987 1.026002 1.039421 1.06764 1.081543 1.077065 1.072289 1.068972 1.053693 1.026291 .991963 .9575422 .9322435 .9271746 .9445115 .9592113 .9604172 .9622625 .9803313 1.004031 1.012742 1.008593 1.000166 .9933397 .9870356 .980479 .9714044 .9636809 .9585947 .9533067 .9497069 .9429458 .9349752 .9298918 .9242671 .9165891 .9048191 .8920346 .8744258 .8448359 .8023651 .7682185 .7699058
1.063248 1.068072 1.070539 1.071085 1.072798 1.073519 1.075168 1.078706 1.080225 1.080115 1.077491 1.075505 1.072017 1.06693 1.05966 1.053812 1.055964 1.075292 1.095135 1.094204 1.066499 1.039081 1.042033 1.066842 1.079866 1.075365 1.063897 1.056852 1.042807 1.017037 .9846164 .9503163 .9228042 .9192878 .9381698 .9580452 .9613954 .9606715 .9758851 .9995084 1.004836 1.000174 .9923502 .985607 .9818248 .978456 .975257 .9675303 .9620913 .9559767 .9507287 .9403463 .9273801 .9150329 .9082811 .9010053 .8901054 .878393 .8685647 .8474525 .8118452 .7738693 .7575526
1.06846 1.072923 1.075115 1.077225 1.079192 1.08207 1.081915 1.082553 1.085897 1.087091 1.085252 1.084763 1.084278 1.08294 1.075018 1.062816 1.057876 1.072722 1.096763 1.102383 1.081972 1.054249 1.051315 1.06925 1.080178 1.071082 1.05923 1.049303 1.035632 1.010759 .9793428 .9455581 .9159516 .9075875 .9257014 .9520659 .9612417 .9627517 .9735221 .9918683 .9982735 .9948431 .9868881 .9794181 .9749879 .972181 .9707419 .9656535 .9631618 .9576536 .9517915 .942887 .9258951 .9068624 .8927547 .881543 .8666593 .8536761 .8447737 .832305 .8100408 .7790822 .7551424
1.075014 1.078429 1.081097 1.081802 1.083498 1.08824 1.09047 1.088606 1.090522 1.092561 1.091336 1.092088 1.094508 1.098262 1.09544 1.082709 1.069265 1.075527 1.097574 1.108691 1.092196 1.067442 1.060661 1.073293 1.080433 1.071075 1.057897 1.05046 1.038578 1.01258 .97947 .945067 .9138082 .8995634 .9137816 .9393753 .9521136 .9584319 .9684657 .9849476 .991551 .9893813 .9817197 .9746348 .9712967 .9685058 .9670038 .9648346 .9640455 .9587548 .952645 .9435523 .9284886 .9118297 .8907557 .8701823 .8496705 .8314009 .8183431 .8076603 .7928852 .773256 .7548755
1.083467 1.087559 1.088856 1.088783 1.086467 1.09221 1.098209 1.098327 1.096065 1.098137 1.098424 1.098328 1.102218 1.111368 1.11473 1.105834 1.090287 1.088657 1.103713 1.113335 1.101043 1.079257 1.071327 1.076712 1.079228 1.071668 1.06075 1.055231 1.044855 1.017878 .9842013 .9470897 .9155333 .8996844 .9085954 .9274689 .9406601 .9483391 .9593329 .9765478 .9865091 .9860718 .9777436 .9696807 .9652435 .9660205 .9679226 .9673625 .9678064 .9636101 .954469 .9449999 .9347284 .919657 .8968691 .8736569 .850279 .8248098 .8058476 .7895834 .7771071 .7644958 .7564816
1.091124 1.096615 1.098866 1.097966 1.092515 1.093051 1.103392 1.10733 1.104029 1.106774 1.106261 1.106113 1.10974 1.117899 1.127618 1.125879 1.115731 1.110237 1.116269 1.122484 1.111827 1.091497 1.079354 1.07864 1.079288 1.0761 1.066376 1.060239 1.048308 1.023902 .9891783 .9504494 .91886 .905841 .9133023 .9220255 .9310636 .9379588 .9500426 .966916 .9803438 .9841951 .9749656 .9635834 .9562479 .9564403 .9646524 .9740987 .980509 .9786895 .9656957 .9508296 .9371172 .92206 .9012121 .8780192 .8530226 .8276126 .8046427 .7858347 .7694935 .7579238 .7549345
1.094231 1.104177 1.109841 1.108412 1.101462 1.095448 1.103696 1.115261 1.115179 1.115955 1.11643 1.114036 1.116538 1.124084 1.133036 1.137914 1.134784 1.132663 1.134957 1.136128 1.123909 1.102793 1.085889 1.081999 1.086534 1.086184 1.07614 1.064981 1.051089 1.02663 .9926959 .9556526 .9253851 .9139984 .9204279 .9257307 .9303981 .9370307 .9445044 .957704 .9725924 .9786586 .9733304 .9613513 .9504322 .9428663 .9551659 .978982 .9940817 .9949555 .9820707 .9635828 .9429764 .9235882 .9020563 .8791217 .853345 .8285082 .8026249 .7788308 .7564378 .745127 .7476826
1.092949 1.107737 1.117782 1.120815 1.113767 1.101109 1.102789 1.117319 1.122254 1.125587 1.128874 1.127011 1.126675 1.130706 1.137333 1.144478 1.146263 1.148991 1.153011 1.153225 1.139028 1.113689 1.096635 1.094016 1.098548 1.098946 1.090634 1.074082 1.053353 1.026291 .9954764 .961773 .934407 .9230719 .9251642 .9291143 .9330146 .939822 .9481468 .9574541 .9701228 .9769868 .9748001 .9628184 .9464136 .9334818 .9419177 .9728081 1.001868 1.013355 1.004501 .9831997 .955916 .9285729 .9017739 .8767708 .8499551 .8238784 .7956389 .7670983 .7414253 .7285296 .7360818
1.086176 1.105212 1.121727 1.131055 1.127189 1.110564 1.102602 1.114704 1.126058 1.133542 1.139903 1.140059 1.136669 1.137432 1.139709 1.14511 1.151397 1.158748 1.167945 1.168493 1.153363 1.13061 1.114269 1.111205 1.116875 1.118934 1.109337 1.085612 1.056745 1.027585 .9963903 .9663828 .9414912 .9292623 .9273199 .9305698 .9339381 .940267 .9510959 .9655541 .9743964 .9771294 .9732094 .9608157 .9392301 .9206626 .9283394 .9583362 .998687 1.025606 1.026829 1.007807 .9754666 .9375067 .902091 .871992 .8450574 .8189109 .7898596 .7590573 .7275549 .7091478 .7178468
1.072575 1.093701 1.11711 1.135677 1.1386 1.12234 1.108731 1.112525 1.124275 1.135383 1.144761 1.1498 1.146141 1.140741 1.137214 1.140169 1.150074 1.161089 1.175878 1.177946 1.165963 1.147172 1.13435 1.134014 1.142651 1.146689 1.133978 1.105993 1.072397 1.038524 1.004151 .9719051 .94767 .9370294 .9358954 .9396645 .9412566 .9457943 .9563813 .9718101 .9805228 .9825682 .9722887 .9523166 .9292905 .9101728 .9090461 .9369546 .9830533 1.025139 1.044441 1.034654 1.00051 .9535609 .9110057 .8766836 .8484469 .8218803 .7937326 .7614796 .7255375 .6967462 .7008378
1.058746 1.074117 1.10131 1.129347 1.142838 1.134668 1.119278 1.115389 1.12318 1.135043 1.1461 1.153508 1.150999 1.140791 1.129895 1.12809 1.139598 1.156772 1.175469 1.181932 1.173497 1.159314 1.150788 1.157481 1.171178 1.175105 1.163366 1.136076 1.099304 1.062392 1.021077 .9838517 .9578803 .9458132 .9470046 .9473643 .948385 .9559447 .9668981 .9784021 .9889295 .9871707 .9701455 .9455555 .9235156 .9077211 .8973038 .9112061 .9570372 1.012569 1.050809 1.05633 1.027488 .9792285 .9343229 .8969002 .8640202 .8332817 .8051277 .7734509 .7358478 .6999575 .6970052
1.061265 1.061941 1.080487 1.11128 1.1361 1.141451 1.130982 1.12248 1.12414 1.135487 1.148891 1.155504 1.152791 1.138291 1.122024 1.108362 1.11746 1.141505 1.164201 1.176017 1.17164 1.160068 1.155632 1.170382 1.193588 1.204264 1.196655 1.172925 1.135626 1.092405 1.044337 1.001112 .9715126 .9560964 .9525797 .952274 .958129 .97091 .9836879 .9906244 .9981334 .9943408 .973543 .9456054 .9221721 .9066544 .8921597 .8914621 .9283026 .9878097 1.039644 1.063427 1.046924 1.0049 .9606543 .9217495 .884347 .8497069 .8187696 .7867975 .7509797 .7159907 .7067429
1.078915 1.065906 1.073472 1.095111 1.121767 1.14062 1.142506 1.134291 1.130867 1.141274 1.155348 1.162385 1.155067 1.134975 1.110788 1.086886 1.083894 1.109297 1.140535 1.159185 1.159932 1.149774 1.14777 1.166021 1.201219 1.22423 1.225729 1.207989 1.173228 1.127162 1.073884 1.026421 .9920934 .9723166 .9634632 .9613148 .9703298 .9893784 1.004375 1.010012 1.01178 1.004471 .9806384 .9468025 .920359 .905416 .8931861 .8869126 .9093496 .962514 1.018219 1.053621 1.047096 1.013554 .9754143 .9412397 .9043315 .8676478 .8344565 .8016748 .7641152 .7326962 .7245364
1.103873 1.085865 1.081964 1.093094 1.112011 1.134362 1.149258 1.148244 1.142737 1.148762 1.162957 1.170905 1.161883 1.136856 1.101902 1.069727 1.053946 1.069502 1.101452 1.128851 1.13862 1.132615 1.131373 1.153592 1.193731 1.228487 1.242239 1.235289 1.205828 1.161011 1.108372 1.05982 1.023489 .9978565 .9847683 .9773037 .9853408 1.00841 1.028012 1.03576 1.031821 1.018035 .9888752 .9481361 .9153116 .9013236 .8922969 .8875639 .9039372 .9488528 .9997858 1.034303 1.030689 1.00468 .9732052 .9450462 .9156473 .8826156 .8494619 .8159214 .7770931 .7451586 .7375582
1.129143 1.112382 1.100464 1.104375 1.114512 1.131489 1.150938 1.159404 1.158451 1.16109 1.173231 1.182852 1.173591 1.138996 1.097306 1.059533 1.035814 1.036592 1.060073 1.087453 1.104447 1.104955 1.104169 1.128335 1.174442 1.215463 1.241745 1.246262 1.226605 1.189172 1.142291 1.096312 1.055288 1.026476 1.005192 .9939995 1.001066 1.02497 1.05087 1.062585 1.055368 1.036911 1.001978 .9551508 .9135536 .8918403 .8820062 .8812684 .9013966 .9443351 .9916792 1.020516 1.018624 .9939247 .96464 .9408447 .9173748 .8896298 .8579052 .8230961 .7862448 .7543311 .7439514
1.148786 1.137653 1.124798 1.122775 1.128227 1.138867 1.154769 1.168324 1.172867 1.175989 1.185775 1.193887 1.183298 1.146107 1.100089 1.058822 1.028928 1.015734 1.024343 1.044484 1.061791 1.06955 1.072944 1.095401 1.143936 1.188647 1.221815 1.236314 1.227186 1.20491 1.169977 1.128015 1.088768 1.054425 1.029086 1.012649 1.014706 1.039281 1.070564 1.087891 1.081433 1.058926 1.020141 .9661764 .9138566 .8793957 .8638425 .8634849 .8850905 .9323978 .983428 1.011375 1.010045 .9890825 .9621829 .9381449 .9161057 .8911301 .8594542 .8222307 .7848449 .7546691 .7427526
1.163595 1.160662 1.150362 1.146568 1.149745 1.155892 1.16714 1.178456 1.187339 1.193883 1.201621 1.208344 1.194213 1.158079 1.114498 1.072011 1.038235 1.01947 1.006871 1.005767 1.016113 1.027672 1.036512 1.063055 1.112671 1.161116 1.193117 1.204829 1.2076 1.200921 1.185814 1.158966 1.128184 1.095214 1.065928 1.040386 1.03263 1.051248 1.084492 1.10786 1.108289 1.084921 1.040278 .9798799 .9210703 .8784785 .8534231 .8448831 .8634601 .9093886 .9633448 .9949154 .9985327 .9830031 .9610815 .940756 .9214377 .8980048 .8672354 .8259715 .7823241 .7506926 .7373227
