py_wake/examples/data/AJ_ParqueFicticio/Rough survey   Sector 3   Height 200m   Power density.grd
DSAA
73  159
 258469   265669
 6501692   6517492
 72.52728   915.5396
[rows 56 to 83 of 159, columns 0 to 62 of 73]
194.2644 195.6127 197.9811 199.8869 201.248 200.8965 199.8101 198.3769 197.5696 196.5516 195.7046 194.8053 193.8806 192.6771 190.8277 190.2635 190.591 191.3506 191.9344 192.6574 191.5406 190.3365 191.4651 193.4761 194.8155 195.58 196.1588 197.5814 203.2333 215.7496 229.5123 246.1751 258.6199 271.618 286.6225 300.7964 315.9476 326.7144 329.5193 335.205 351.2111 361.3215 371.7388 380.5564 392.1833 408.2294 422.08 420.824 415.4136 402.2675 379.8792 352.8412 329.2529 292.9578 266.5083 267.7018 280.7048 282.2448 261.5775 233.1088 211.2051 204.3605 209.0734
193.5756 194.5915 197.3956 199.8288 201.4236 200.3727 198.9104 197.3887 196.2046 195.5731 194.7464 194.0604 193.2256 192.1499 191.1931 190.6873 190.6778 191.28 192.1684 192.6507 193.299 192.9227 193.3175 194.5511 196.011 197.3818 198.6431 201.3942 210.3312 224.96 244.24 260.6011 271.7112 285.3778 300.1552 313.3907 326.3303 335.6399 340.0315 344.4637 355.5428 363.8327 368.2831 372.6916 385.6091 401.0489 407.399 401.8971 398.6648 389.4908 367.6364 335.3174 312.8878 280.3028 259.1987 263.911 277.215 278.3213 256.5365 228.0972 204.9947 195.9241 200.3642
191.5621 193.1526 196.5896 199.4009 200.7483 199.2638 197.1945 195.6652 194.5594 194.0995 193.6331 192.8394 192.3639 191.6039 191.6671 191.335 191.0558 191.191 191.6593 192.5613 194.3824 195.1853 195.5357 196.0337 197.0962 198.5602 201.1435 206.409 217.8587 237.025 254.1386 267.4597 278.1357 289.2092 304.412 318.0529 330.6593 340.5726 344.735 347.7375 356.6158 359.5037 358.1484 362.3271 372.7895 385.5667 388.4086 382.4009 380.2296 375.5907 355.4664 317.2396 297.2566 270.024 253.6431 260.1083 270.5204 271.3854 253.0253 226.2108 202.4121 191.0892 195.0161
191.0544 194.3742 198.6409 200.5377 199.8169 198.1781 195.4548 193.7691 193.0509 192.5022 192.3537 192.3659 191.6224 190.8441 191.0459 191.4745 191.5258 191.7568 192.0435 193.2501 194.6786 196.4344 197.6143 197.5388 198.7163 200.589 203.9774 210.6222 220.58 239.2291 255.6988 267.0529 277.064 290.3299 305.7883 321.5444 335.1619 343.8194 346.2499 346.9772 350.0061 349.1451 347.89 350.7924 358.6931 367.6915 368.7815 365.0174 365.5678 363.8585 342.9264 303.2089 283.5551 262.3844 250.1908 254.1745 261.8528 263.7846 248.7543 223.7351 200.8983 187.8202 191.1129
193.312 197.0453 201.4514 202.1483 199.927 196.81 193.7423 191.8032 191.5248 191.6416 191.6494 191.3737 190.879 189.9824 190.4043 191.242 191.4076 191.9324 192.8632 194.8145 195.9363 196.7486 197.6682 198.6353 199.8651 201.9233 206.9874 215.1365 226.192 239.4587 256.4526 267.8402 278.1301 292.6907 311.0155 327.2493 338.029 345.6608 344.664 342.9866 341.6104 338.1237 338.0227 342.1514 346.2877 350.8149 349.5671 348.2149 348.9955 347.6466 328.495 294.4916 272.2634 257.3115 246.7368 248.324 254.9879 257.2046 242.2773 218.6235 197.9138 186.1369 186.8851
196.556 200.3922 202.3972 201.1375 197.7778 194.5855 191.6325 190.3215 191.0247 191.4016 191.5659 191.2874 190.639 190.3566 190.5332 191.1456 191.7173 192.2744 193.7496 195.8934 198.0755 198.5851 198.9215 199.5443 200.6733 203.9388 211.084 221.4191 233.4855 248.5857 262.1871 273.4161 283.7496 299.21 314.3932 327.5425 338.466 342.5385 341.8081 337.9113 334.1456 331.3224 333.7858 335.044 336.9224 336.8645 333.4417 331.684 332.892 327.7827 312.578 287.5435 264.1454 255.0954 243.4694 243.0936 248.0309 247.7422 234.4437 212.7516 194.293 183.7731 180.5699
198.3523 202.0458 201.229 199.406 196.208 192.9459 190.8193 190.3029 190.9486 191.7298 191.8461 191.5363 191.2126 191.1189 190.9876 190.9349 191.267 191.6308 193.8925 196.5145 198.699 199.3437 199.8911 200.7407 202.7874 207.3176 214.8726 226.5622 239.6563 252.3531 267.5807 278.225 288.119 301.5679 315.9689 328.4564 337.018 338.1301 336.081 333.4655 329.2837 327.0842 327.7729 330.0663 327.972 326.8756 323.5482 318.5815 311.9635 307.7488 296.7508 281.7184 262.2204 251.6669 242.9368 237.1243 239.0481 236.1407 224.5906 205.6181 189.3651 179.9016 176.4477
198.7992 200.7792 199.7642 197.9462 195.3789 193.3853 192.0739 191.5553 191.5557 192.2652 192.511 192.1986 191.8636 191.4888 191.3807 191.0705 190.85 191.0361 193.0911 195.7426 197.7309 198.8786 200.258 202.1913 205.0443 211.4362 220.3077 231.5238 244.5099 256.5883 268.8482 277.4931 286.8773 301.6285 317.8564 330.218 334.5007 334.4724 332.197 329.3422 324.9579 321.1738 320.5432 321.7513 322.2533 319.219 314.2007 305.8205 295.3515 283.8392 275.4743 273.4309 266.4039 247.6146 237.9172 229.0741 226.0489 222.0177 211.565 196.5668 183.0514 176.62 173.8141
198.3847 199.0235 197.8404 196.4306 195.13 193.7554 193.5356 193.0754 192.5827 192.5196 192.4078 192.3812 192.1694 192.0526 191.5319 191.0426 190.9808 192.0071 193.8653 195.5212 196.4226 199.1814 201.0239 203.1208 207.0828 213.7165 224.462 237.1289 250.1241 259.2727 267.2278 274.573 284.8238 299.0262 315.0596 324.2776 326.6849 327.241 326.8803 324.8378 319.1471 314.2054 313.5201 318.0726 317.4013 314.3539 304.4682 294.0814 281.9808 268.7367 263.8676 263.0063 261.8228 245.0387 228.7903 219.3756 211.6195 206.4353 198.3032 186.7276 177.7736 174.2525 171.957
197.0721 197.1763 195.9314 194.8018 194.3891 194.2819 194.2897 194.5124 193.5906 192.4569 192.247 192.2828 192.3495 192.3271 191.7374 191.3912 191.6334 193.1818 194.8822 196.3505 198.7243 201.6179 203.563 205.3278 208.7673 214.4288 223.6662 237.5561 251.3128 260.2608 265.7489 270.5332 280.3909 292.3891 304.801 310.4026 313.5008 314.9578 316.2008 315.4592 311.5538 308.4296 310.6526 315.6768 317.1363 309.1362 297.0966 286.9545 276.4297 261.7869 260.04 257.8255 250.8923 241.3061 220.0685 208.3478 199.2514 194.011 187.591 179.8942 176.6751 174.4121 171.1463
195.0583 194.9778 193.9794 193.2404 193.5856 193.9029 194.7221 194.8673 193.5772 192.062 191.9758 191.9181 191.821 191.7495 191.8037 192.4107 192.9121 194.6139 196.0239 197.3991 200.239 204.399 205.9486 207.1827 210.2815 215.1775 225.1538 237.375 250.0351 259.3036 264.8496 270.2994 278.83 286.0516 292.6309 295.9621 297.7141 301.1753 304.0551 303.3084 302.3701 303.9258 307.9643 313.1531 315.2398 306.2896 292.9275 285.0915 275.4143 260.2329 256.4778 256.5399 247.0285 229.8213 211.2677 196.5809 188.8491 185.0443 182.7807 181.39 180.1352 178.0579 173.0804
193.8228 193.5632 192.4506 192.1234 192.3614 193.6905 194.5915 194.6156 194.1264 192.2186 191.8052 191.8079 191.6635 191.3387 191.8507 193.0423 194.3868 195.5247 196.9886 198.7784 201.6464 204.81 205.9505 207.6127 211.3987 218.0839 227.6311 238.7545 249.5248 258.1583 265.452 272.7994 279.9574 283.5441 284.9915 285.8229 286.858 288.3737 293.3011 293.4519 295.7231 301.2086 306.8186 309.3906 307.2878 298.9789 291.3244 283.6791 273.9418 259.6754 254.0722 254.1703 243.1363 224.387 203.9947 187.293 181.6247 179.359 181.1194 182.9158 182.7652 180.3781 173.4531
192.9933 191.9975 191.0777 191.2481 192.0691 193.5643 194.3121 194.4861 194.1388 192.829 191.6802 191.4506 191.5562 191.5837 192.5205 194.229 195.6133 196.6469 197.3655 198.8011 200.7636 202.5911 203.6833 207.2865 212.7675 222.0771 231.8281 239.9911 249.5793 259.1492 265.6218 274.7041 280.6252 283.7556 283.5685 283.9768 282.0791 280.3593 283.1023 286.3497 290.6234 300.3612 307.9417 308.2374 301.0203 294.5529 290.1458 281.0312 267.3816 254.5414 249.0021 248.3913 236.2932 216.8503 196.485 180.4314 173.8137 175.6329 180.2488 183.7193 184.3058 181.217 172.1047
191.0263 190.2157 189.2328 189.535 191.5737 193.5338 194.2313 194.1603 194.1481 193.4748 192.4243 191.2987 191.0712 191.6914 194.7981 197.0929 197.6543 197.8459 197.9003 198.1325 198.5315 199.4438 202.2121 207.7785 216.1741 225.5578 234.2794 242.6951 252.0072 261.1501 268.1344 275.8889 283.2279 287.1646 287.4968 286.6239 283.1287 279.8289 278.7439 283.035 291.177 298.0966 302.4923 300.1228 294.0072 289.4387 285.2036 275.1625 260.6771 248.9558 241.4735 237.0997 224.3256 206.1137 188.3996 173.6197 168.8257 173.2371 179.3632 183.0793 183.5157 180.3077 172.9085
189.4944 188.9086 187.3221 188.1162 191.3174 193.5753 193.6695 193.6548 193.9789 193.6527 192.9513 192.1463 191.3664 192.4369 196.4611 199.8709 199.5415 198.6516 197.9685 198.0325 197.8301 198.9779 204.1424 211.2804 219.858 228.0086 235.8655 243.9927 254.9137 265.8561 271.2276 273.3515 286.4295 293.2667 296.5929 293.2481 290.0308 282.9763 281.5634 283.6168 289.665 295.5543 294.3727 289.707 284.2065 280.3591 275.7109 264.4335 249.8405 236.7126 230.0743 222.1985 211.6964 198.112 183.4255 171.6655 167.9793 173.3241 179.74 182.9328 183.4938 180.3417 173.083
189.1634 187.7618 186.3641 186.9296 190.782 192.6347 192.0058 192.329 193.3456 193.8599 193.3547 192.8845 192.6458 194.137 197.2637 200.2158 199.3814 198.5983 197.9866 197.4523 198.0219 200.2831 207.2265 214.679 223.0906 229.523 237.2958 244.8997 255.9408 267.0904 276.0248 279.2694 292.3246 302.0175 304.6987 302.9326 299.0245 291.8293 287.1635 288.2509 287.4682 287.679 284.3513 279.0354 275.7138 271.2546 265.2328 255.3629 241.3419 225.7614 219.782 212.5445 205.8081 197.41 185.0562 173.7881 170.9003 175.5831 181.4468 184.0553 184.257 181.1165 173.9093
189.2998 187.5245 186.2822 187.2295 189.4412 190.3866 189.6154 190.9635 193.1252 194.9209 194.6669 194.2854 194.5226 195.006 197.1142 198.3319 197.4506 197.0359 196.7429 196.6257 197.5937 200.8613 207.5764 215.4786 222.9536 229.9509 237.1814 245.6698 257.1845 271.245 282.4501 285.9259 301.89 310.6259 310.9834 310.8153 304.4429 296.2272 291.0106 287.8641 283.8414 280.6418 274.203 270.6273 266.6222 261.3555 254.9644 246.5045 234.3778 219.9215 215.3226 210.447 207.4025 202.6297 192.1283 182.7346 182.5117 177.8203 182.1166 185.2651 185.5279 182.3509 174.8997
189.1993 187.9785 187.975 187.9122 188.0422 188.0677 187.5708 190.2847 194.2063 194.8742 195.4489 195.3388 195.9876 195.8769 195.7764 196.1055 194.9752 194.8141 194.8303 194.9672 196.2099 200.2569 207.3347 215.0364 222.2902 229.325 236.1857 246.8683 261.3435 277.4579 288.4461 291.2816 303.9586 313.0343 313.5746 309.2808 304.2163 298.5498 294.1313 289.422 284.3736 275.6736 265.9029 260.6264 255.3615 248.657 242.5282 233.3838 225.9745 214.8573 211.9248 209.6201 210.4178 207.6006 195.6906 186.8548 188.3811 187.3264 182.3698 185.5885 186.291 181.9997 173.456
189.0851 188.1762 188.4576 188.7235 188.5252 186.8029 185.5913 190.1017 194.3906 194.5814 195.3061 195.7064 196.1673 196.6097 195.335 193.5285 192.1503 192.7237 193.2294 193.8639 195.3723 200.6217 207.697 215.1933 222.173 228.4185 236.2095 247.5731 265.4095 283.8143 294.4734 297.2684 304.1839 311.5332 310.6016 306.8015 302.9492 297.5013 292.759 287.0351 278.4682 265.733 255.7072 248.9628 238.8278 233.0294 226.8884 218.453 213.7331 209.3745 207.5595 207.1265 208.0513 205.6968 195.1861 182.3887 183.4397 189.3065 189.9225 184.687 183.9346 178.0541 166.7723
187.8758 187.7519 187.8243 187.9351 187.8833 185.719 185.489 189.8426 193.3899 193.5528 193.9195 194.493 195.085 195.3383 193.4481 191.0182 190.673 191.6968 192.712 194.0815 196.5354 200.9276 208.462 215.5434 222.098 227.7723 235.5233 249.0183 267.9148 287.0978 298.8096 301.7694 301.3285 303.7468 304.9818 303.1646 300.191 294.4857 285.181 275.5919 261.8425 247.0601 238.3255 230.9584 222.1277 214.6794 209.9354 204.5045 204.6964 205.1519 203.3953 203.0182 203.0439 199.2234 189.2039 179.723 176.0848 185.2637 189.4718 185.0992 178.149 169.8596 157.3496
185.8033 186.1008 186.4014 186.4671 186.0652 185.8503 186.2287 188.9299 191.5168 192.273 192.5244 192.8566 193.2357 192.9098 192.0908 190.1204 189.928 191.0737 192.4442 194.3761 198.081 202.5463 208.4424 214.807 220.495 226.4197 234.2767 248.9294 269.0386 289.939 302.9832 303.647 299.4224 300.3736 298.7245 297.3016 293.4429 285.9681 273.0017 260.3157 246.045 234.075 225.2545 218.8535 212.0407 208.8618 206.6419 204.6808 205.1111 203.146 199.6029 197.1254 195.3287 190.8275 183.9586 180.8831 180.1021 184.3764 189.2503 185.0492 171.5091 161.0402 148.4599
184.2915 184.1715 184.1965 184.0003 183.9967 185.1374 186.3202 188.0176 189.5823 190.6955 191.4004 191.6589 191.6125 191.6949 191.6366 191.1461 189.991 190.2028 191.2972 194.267 199.3287 205.1997 211.1262 216.4849 220.1725 225.2186 234.5169 250.6967 273.602 296.0412 310.3589 308.5443 303.5331 301.1075 293.4585 286.6374 282.3481 272.6341 254.9644 242.4272 234.9616 224.6329 217.886 215.4196 214.0585 213.9399 212.1774 209.6101 208.4004 203.0739 197.5206 194.416 193.198 192.0414 189.7277 189.8447 187.7374 189.3916 192.8598 188.8923 172.7381 154.9008 141.985
183.1004 182.2315 181.6218 181.281 181.3507 183.0755 185.2187 186.8057 187.8466 189.2652 190.3264 190.9272 190.9292 190.974 191.2583 191.366 190.2202 189.4319 190.1053 193.6087 199.2848 205.3894 213.2216 217.2514 220.0039 225.8356 237.8965 258.163 284.6115 308.7881 321.0764 314.2782 310.2129 300.5836 289.5852 282.4243 275.6647 261.5002 243.6992 234.8943 224.3298 217.6297 217.0468 220.0284 221.7431 221.928 218.9041 215.0136 210.4743 202.3485 197.7882 195.9232 197.2713 198.9828 200.3006 200.6483 197.3793 200.9212 199.0224 190.579 173.9503 153.5565 138.1322
181.8911 180.7883 179.5975 178.8495 179.0235 181.8975 184.5602 186.8121 187.611 188.0853 188.8432 189.2118 189.2935 189.7262 190.5588 191.0239 190.5929 189.5802 190.6435 194.1124 198.0926 204.2485 210.9184 215.4392 220.237 228.7334 244.7113 269.3573 299.4913 323.3322 326.8467 316.7754 308.9674 295.6651 284.8787 275.8094 263.955 248.1006 237.116 229.0285 220.4089 218.381 222.8807 226.5538 229.7924 232.0096 228.2897 221.0632 211.1748 205.2481 203.0825 202.001 204.6298 209.2688 212.2789 215.2636 215.9152 212.9953 203.4349 188.2831 170.057 151.2032 133.4583
180.3519 179.3901 177.9581 177.0332 179.0229 181.9152 184.8701 185.8097 186.7924 186.9346 186.9397 187.0318 186.983 188.4351 190.0317 190.6421 190.5606 191.1913 192.7241 195.8374 199.6969 204.537 209.1135 214.3056 220.9794 233.0414 253.3894 281.8304 313.7165 332.6349 328.7217 311.387 300.7086 287.098 275.9809 265.4187 250.7045 237.4714 228.1567 223.745 222.6141 226.5789 234.7713 242.334 245.0237 242.5573 235.7777 227.3235 219.37 215.0206 215.6092 218.2065 221.6856 224.9856 229.0554 228.3949 223.7273 213.1125 197.688 180.3759 163.1246 145.2108 127.0326
178.2124 177.7262 176.6693 176.4516 178.0851 181.387 183.6596 184.5056 185.3429 185.694 185.5827 184.7882 184.8164 187.2302 189.4849 190.1409 190.3598 192.4286 195.2411 197.7669 201.0199 205.6065 210.2587 215.3078 223.2131 238.318 262.1522 293.2552 321.926 334.1321 324.3758 305.1996 290.6831 278.5946 267.8968 256.9394 242.0074 230.7445 223.7282 223.7271 228.8957 236.2635 249.3925 256.3951 255.4821 250.5168 242.4021 234.7051 229.8777 226.516 225.823 227.5904 230.3394 233.0533 233.1415 227.7038 217.618 203.5954 186.7899 170.0283 153.8869 137.1663 120.6982
175.9566 175.8077 175.9049 175.5396 176.4336 178.2636 180.354 181.8199 182.9909 184.0923 184.6011 183.267 183.369 184.9774 186.319 187.1429 187.9845 191.3789 195.0942 197.6952 201.9398 206.1658 211.7912 217.5939 227.4714 244.4311 270.9565 302.5081 326.9836 332.6006 318.6548 299.6674 284.1145 274.2197 263.4514 249.3838 236.2283 225.4051 221.8954 227.0115 237.0164 251.4511 261.3673 263.9053 260.6404 254.7095 247.662 241.9508 237.2028 233.5257 230.7108 230.486 231.1631 231.2886 228.4665 220.75 208.6765 194.7001 178.6363 162.9396 147.7583 131.4985 114.7419
174.0257 173.0488 173.4535 174.1751 174.5819 175.8041 177.7438 179.2037 180.8672 182.3105 182.8734 183.246 182.8268 183.5117 184.6556 185.0676 186.4581 189.9581 193.1743 197.2662 202.334 206.9231 213.0257 221.4186 234.6029 256.0623 284.0168 312.2139 330.6351 330.4736 315.8052 298.7186 284.5285 273.474 259.9823 244.5291 230.7645 222.2621 224.403 235.6583 251.3087 262.1643 267.0036 266.3701 261.4218 254.7152 249.07 244.1069 241.7051 236.9721 231.8632 228.8698 227.9594 225.9498 220.5598 212.6261 200.5097 187.5862 173.0169 157.8331 142.4589 124.9122 108.4532
