py_wake/examples/data/AJ_ParqueFicticio/Rough survey   Sector 5   Height 30m   Weibull-A.grd
DSAA
73  159
 258469   265669
 6501692   6517492
 .2525203   12.47871
[rows 0 to 27 of 159, columns 0 to 62 of 73]
5.871219 5.943922 5.971129 5.99083 5.997155 6.003161 6.015946 6.025011 6.03235 6.03193 6.018052 5.988676 5.961732 5.935476 5.905598 5.888088 5.87956 5.879457 5.875551 5.864322 5.879822 6.367719 6.767076 6.994599 6.304991 4.878575 4.768923 5.472658 5.743025 5.581778 5.364665 5.354763 5.36829 5.563125 5.665319 5.940903 6.517406 6.998114 6.849998 6.815881 6.824092 6.869351 6.920492 6.821931 6.733574 6.806108 6.778788 6.761801 6.749497 6.723183 6.702699 6.654734 6.629774 6.611951 6.563935 6.524599 6.487277 6.438626 6.405723 6.361871 6.307526 6.26138 6.222969
5.852459 5.902851 5.949567 5.983065 5.999845 6.007713 6.016814 6.023141 6.031462 6.042731 6.044167 6.009356 5.976455 5.944087 5.906704 5.87713 5.86126 5.857237 5.797355 5.738077 5.781011 6.139069 6.892437 7.20105 7.012919 5.836195 4.439255 5.069062 5.5262 5.487242 5.422242 5.336391 5.312917 5.396475 5.427937 5.750191 6.344556 7.157473 6.979164 6.910141 6.908529 6.961465 7.087263 7.026766 6.667964 6.690972 6.769253 6.816435 6.802156 6.773 6.774787 6.706572 6.682382 6.645973 6.593594 6.560506 6.511872 6.465519 6.398843 6.339413 6.276854 6.214213 6.159292
6.009758 5.745539 5.884759 5.960079 5.98969 6.005157 6.014062 6.0167 6.018081 6.027401 6.131804 6.089018 6.006928 5.966404 5.906502 5.859763 5.835515 5.810154 5.736406 5.590412 5.670108 5.879915 6.769908 7.36917 7.337329 6.060678 4.965857 5.036062 5.28047 5.310829 5.351261 5.27393 5.266975 5.248736 5.128488 5.466868 6.051864 7.256714 7.180459 7.040682 6.981134 6.996365 7.057322 7.279434 6.875284 6.631499 6.642288 6.740792 6.824926 6.851032 6.858536 6.848258 6.720555 6.662448 6.626874 6.594592 6.543314 6.478114 6.401043 6.321056 6.233667 6.162142 6.093365
6.641618 6.042642 5.807047 5.925308 5.972082 6.000793 6.010771 6.004063 5.993084 5.992898 6.014895 6.14202 6.134857 6.061579 5.915286 5.830203 5.785769 5.746988 5.66439 5.498679 5.534483 5.691484 6.42408 6.98404 7.350641 6.458099 5.368204 5.061337 5.144904 5.208447 5.289527 5.276371 5.218 5.048902 4.827188 4.870044 5.441002 6.708622 7.498462 7.209593 7.181684 7.183385 7.1265 7.260036 7.251296 6.781554 6.676337 6.716492 6.791296 6.826765 6.947131 6.890417 6.786919 6.732464 6.705083 6.654029 6.589138 6.501248 6.404158 6.295959 6.189498 6.108112 6.041376
7.078971 6.455235 5.800822 5.857246 5.915809 5.981768 6.013021 5.993633 5.968885 5.961253 5.941125 5.964519 6.145177 6.157335 5.948492 5.795975 5.734879 5.679659 5.598636 5.416078 5.516777 5.639566 6.015506 6.578476 7.031191 6.643201 5.732255 5.374606 5.263513 5.249935 5.182401 5.278416 5.079458 4.849759 4.635766 4.328427 4.562557 5.864682 6.801981 7.027125 7.34331 7.574792 7.211503 7.145694 7.385892 7.044456 6.901857 6.802688 6.784816 6.844428 7.010864 7.001907 6.941226 6.885572 6.826896 6.748469 6.648582 6.533422 6.400798 6.26835 6.146129 6.028576 5.93887
7.050937 6.832891 6.422257 5.952063 5.744662 5.926257 6.030291 5.987669 5.914605 5.901286 5.922229 5.862919 6.032163 6.081691 5.977243 5.7567 5.673233 5.582513 5.402693 5.448139 5.666275 5.783911 6.022362 6.369079 6.834079 6.604606 6.013845 5.6443 5.454052 5.338702 5.215804 5.23881 5.296024 5.071475 4.921842 4.57426 4.172657 4.737031 5.687394 6.167179 6.784861 7.716587 7.322803 7.099398 7.057738 7.217833 7.072231 6.898476 6.801505 6.81072 6.943138 7.192633 7.15914 7.093219 6.995865 6.871044 6.731933 6.581357 6.41347 6.253129 6.088206 5.941972 5.726518
6.994953 7.045497 7.092826 6.762087 6.040334 5.754855 6.014198 6.062521 6.015906 5.989611 6.015212 5.914754 5.861735 5.980267 6.030404 5.888319 5.608943 5.495862 5.294993 5.151774 5.48552 5.906928 6.182053 6.378363 6.770172 6.597077 6.221609 5.865178 5.589491 5.408084 5.263256 5.176381 5.301917 5.215063 5.016291 4.791331 4.599885 4.526487 4.648297 5.270061 6.292142 7.356334 7.409374 7.100603 7.085 7.128326 7.114146 6.949554 6.728308 6.720148 6.847859 7.020208 7.266483 7.459449 7.293316 7.057631 6.848985 6.651351 6.444696 6.219887 6.011011 5.712109 5.409167
6.960039 6.991234 7.020673 7.033562 6.534385 5.996959 6.002554 6.102532 6.085453 6.072377 6.052145 5.994969 5.961621 6.050193 6.115922 6.023921 5.713107 5.433208 5.247868 4.832734 5.182015 5.676218 6.284515 6.506054 6.895935 6.718163 6.415129 5.990088 5.725946 5.50492 5.375387 5.420096 5.375536 5.258584 5.076052 4.864917 4.742004 4.749887 4.713692 4.459876 5.769902 6.973746 7.134431 7.092193 6.991066 7.005722 7.177265 6.955509 6.633408 6.598331 6.848344 6.877424 7.0075 7.357951 7.746741 7.295815 6.990798 6.759121 6.510048 6.22713 5.732673 5.445756 5.127203
6.968286 7.006216 7.043682 7.052596 6.851602 6.383495 6.24305 6.199529 6.135446 6.115999 6.099003 6.076353 6.071766 6.144744 6.237738 6.186465 5.938381 5.42989 5.132615 4.811058 4.63411 5.193286 5.876158 6.244627 6.831246 7.013563 6.721519 6.22009 5.951063 5.739763 5.600757 5.544956 5.46828 5.352864 5.173631 4.983963 4.812529 4.809383 4.877915 4.557565 5.031774 6.026685 6.398052 6.516086 6.885001 7.103137 6.893158 6.97889 6.495596 6.200176 6.677124 6.704562 6.625382 7.178042 7.673919 7.526161 7.149244 6.91376 6.697933 6.273611 5.466481 4.95024 4.777138
6.983045 7.020844 7.066524 7.103364 7.049994 6.692692 6.350435 6.199821 6.112295 6.139055 6.181118 6.186505 6.147311 6.20551 6.38263 6.424692 6.194656 5.758801 5.229026 4.787612 4.45958 4.510961 5.095638 5.195018 6.039718 7.03242 7.064533 6.569846 6.290766 5.998696 5.772288 5.692371 5.605014 5.485575 5.343724 5.243385 5.066333 4.778022 4.914762 4.879439 4.648894 4.602439 5.019378 5.096796 6.246192 6.696952 6.53977 6.768742 6.423907 5.798876 6.168819 6.377923 6.330416 6.708713 7.344898 7.680755 7.33407 7.16554 6.991964 6.613714 5.754846 4.706341 4.53504
6.993722 7.031389 7.052217 7.103025 7.182764 6.937214 6.876237 6.498263 6.079421 6.162449 6.294742 6.319071 6.161371 6.126578 6.351582 6.826519 6.729623 6.047874 5.594689 5.188789 4.616961 4.422904 4.6635 4.799385 4.734246 5.887773 6.845405 6.96289 6.551633 6.112537 5.953588 5.878719 5.786261 5.680166 5.547984 5.376524 5.246505 5.042737 4.873275 5.069796 5.101302 5.112257 5.072856 4.735184 4.666508 5.578168 5.598434 6.039329 6.172071 5.62426 5.583558 5.809299 6.255747 6.56884 7.060514 7.49766 7.617444 7.512796 7.52186 7.18717 6.411134 5.213835 4.702531
6.960626 7.008633 6.98056 6.898415 7.023654 7.02426 7.057392 6.747541 5.932261 6.228133 6.441689 6.567811 6.20218 5.875907 5.993366 6.893702 7.322463 6.823526 5.867531 5.48013 4.998433 4.497302 4.341693 4.574323 4.723117 4.762354 6.193796 6.737588 6.495602 6.214969 6.077606 5.961208 5.915645 5.863754 5.772134 5.516638 5.381627 5.240907 5.007431 5.098424 5.2239 5.288853 5.224331 5.055031 4.699181 4.753596 4.965059 5.019636 5.325147 5.233253 4.888046 5.288587 6.100812 6.608969 6.645945 6.881938 7.258924 7.740575 7.720377 7.643898 7.133022 6.068332 5.006799
6.888913 6.9349 6.941915 6.880158 6.957395 7.032682 7.093752 7.105155 5.974914 6.233815 6.615675 6.95957 6.856274 5.781225 5.685555 5.779545 6.637582 7.161225 7.056134 6.162075 5.398332 4.949656 4.638741 4.64642 4.734241 4.873107 4.962613 5.895654 6.32246 6.198987 6.063282 5.961267 5.936004 5.886673 5.82082 5.652801 5.483535 5.382879 5.269128 5.128124 5.204382 5.315336 5.303501 5.172856 4.8104 4.866324 4.949997 5.10413 5.219098 5.123394 4.797933 4.31833 5.119233 5.869056 6.165589 5.917252 6.051753 6.158887 6.281269 6.29668 6.423872 5.789886 5.083651
6.801931 6.83256 6.913167 6.927954 6.964414 7.029059 7.068222 7.130706 6.226478 6.144482 6.590555 6.968733 7.124274 6.766087 6.041966 5.828478 6.225902 6.5435 6.937939 6.845602 6.646004 6.013354 5.134316 4.704365 4.798431 4.911369 5.111846 5.36748 5.688208 5.822004 5.839643 5.821173 5.824055 5.831919 5.740357 5.656027 5.53469 5.468919 5.418202 5.357624 5.238902 5.212681 5.253559 5.176032 4.779277 4.705007 4.756943 4.713474 4.90903 4.771354 4.533006 4.023129 2.315102 2.847613 3.235383 3.273453 .2525203 .3488452 .35162 2.807369 3.352952 4.09419 4.450334
6.742603 6.818167 6.883461 6.932814 6.982392 7.014251 7.027606 6.997385 6.609986 6.37064 6.737532 6.942476 7.038075 6.982913 6.718087 6.487089 6.502316 6.67009 6.856208 6.856422 6.929058 6.826775 6.451449 5.264355 4.75213 4.927984 5.07946 5.289772 5.475859 5.599214 5.662082 5.702984 5.818034 5.851105 5.764606 5.576775 5.527699 5.447067 5.483657 5.550843 5.500868 5.38681 5.233915 5.178821 5.157651 4.834843 4.922379 4.733399 4.295214 4.172825 4.144023 3.80333 2.823442 2.948105 3.196133 2.785206 .4418043 .4030585 .2634922 3.16289 2.85686 2.493081 3.003002
6.707991 6.796816 6.866521 6.91738 6.967096 6.993272 6.986124 6.956563 6.839593 6.650662 6.739896 6.870344 6.961276 7.006842 6.934709 6.661247 6.534634 6.710978 6.95644 6.985849 6.940091 7.130538 7.327692 6.645718 5.502059 4.733916 4.965896 5.177343 5.351892 5.51523 5.587251 5.620623 5.742147 5.967518 6.083891 5.574392 5.120884 5.251734 5.397051 5.802513 5.948359 5.713967 5.404112 5.341813 5.34165 5.211332 4.996586 4.827339 4.501275 3.797217 3.780752 3.735945 3.152637 3.273447 3.08173 .643846 .6118176 3.685843 3.693024 3.226637 2.755124 2.283515 1.657422
6.687982 6.757108 6.825526 6.880583 6.932406 6.96315 6.954535 6.916594 6.842143 6.744018 6.743983 6.797464 6.866445 6.875182 6.9351 6.879605 6.747056 6.731923 6.88238 6.908937 6.920333 7.069257 7.227002 7.382683 7.165104 5.885409 4.758905 4.947992 5.226175 5.418678 5.472237 5.471652 5.691689 6.124478 6.553806 6.462502 5.465831 5.001865 5.163856 5.583839 6.051222 5.848379 5.532271 5.397151 5.366336 5.332404 5.211031 5.067995 4.478844 3.119492 2.974624 3.36312 4.109694 4.678163 5.162351 5.692484 6.226047 6.601433 6.665245 6.520367 6.018511 5.19537 3.728408
6.67947 6.742973 6.803679 6.862648 6.903576 6.93056 6.925723 6.898083 6.847809 6.828229 6.810006 6.75369 6.739516 6.861592 6.923482 6.931583 6.868464 6.836879 6.878943 6.910339 6.939081 7.042299 7.167728 7.332381 7.403991 7.28176 6.223957 5.171266 5.103279 5.384901 5.566959 5.58932 5.694209 6.140868 6.778125 7.064888 6.206394 5.211542 5.262241 5.645789 6.502927 6.661757 5.819267 5.26571 5.074203 5.028449 5.050837 5.520528 5.751599 5.719724 5.477856 5.377176 5.786703 6.317053 6.688618 6.88161 6.977902 7.080211 7.176432 7.091161 6.665631 6.107916 5.020874
6.661134 6.721509 6.779762 6.847155 6.878972 6.90381 6.907626 6.879141 6.854644 6.861653 6.879603 6.764446 6.682033 6.831651 6.90463 6.937666 6.917907 6.904361 6.909055 6.911696 6.917073 6.984906 7.119115 7.334836 7.492452 7.405048 7.067899 6.427018 5.838986 5.761193 5.565089 5.408607 6.107336 6.758163 7.070453 7.37265 6.904561 5.673729 5.000148 5.520596 6.901605 7.616026 7.445879 7.11075 6.678807 6.341744 5.84111 6.171539 6.595666 6.546966 6.081554 5.78121 5.909137 6.299798 6.749728 6.981157 7.115624 7.081903 6.965561 6.90212 6.906042 6.542698 5.697146
6.641972 6.697411 6.772138 6.830014 6.845919 6.866218 6.866888 6.856933 6.845883 6.8626 6.886873 6.855007 6.76359 6.815306 6.892657 6.939525 6.960157 6.966141 6.942522 6.917939 6.895366 6.918623 6.944579 7.0957 7.250256 7.339232 7.367733 7.011006 6.438193 6.256282 5.748602 5.10469 5.782744 7.132805 7.341636 7.502289 7.261799 6.096123 4.757701 5.342803 6.898041 7.918002 8.135101 8.17135 7.903634 7.456971 6.694933 6.683139 7.100029 7.099656 6.58593 6.192162 6.029232 6.237219 6.587035 6.870849 7.009981 7.144887 6.999811 6.769449 6.690009 6.650267 6.159363
6.615019 6.663458 6.720976 6.763115 6.793081 6.800847 6.819721 6.825925 6.824462 6.85186 6.887973 6.896056 6.842082 6.857014 6.902863 6.947735 6.985366 6.996985 6.970186 6.912034 6.890973 6.878591 6.922555 6.985128 7.095502 7.142302 7.121532 7.082541 7.104941 6.330263 5.950371 5.476049 5.073514 6.935952 7.532583 7.758212 7.211107 6.022642 4.757026 5.330614 6.877405 7.743073 8.121544 8.181975 8.206765 8.184082 7.595896 7.183335 7.274141 7.407092 6.872344 6.732367 6.386796 6.369458 6.60514 6.800725 6.923934 7.026676 6.913194 6.70275 6.554311 6.538824 6.469078
6.600569 6.623273 6.632463 6.707646 6.743004 6.75424 6.759756 6.768521 6.776124 6.830256 6.898191 6.920883 6.9011 6.902288 6.918501 6.935133 6.980725 7.019766 6.983994 6.969501 6.947063 6.919216 6.915507 6.963441 7.030751 7.059401 7.013836 6.945302 7.044629 6.5575 6.453354 6.236244 4.933985 5.594653 7.025835 7.701969 7.495813 6.08569 4.673775 5.423879 6.791168 7.63271 7.945482 8.040015 8.142281 8.20167 7.954607 7.57366 7.408055 7.294806 7.084972 6.936162 6.815143 6.546504 6.770187 6.913416 6.938766 7.027571 6.931796 6.608872 6.401289 6.425974 6.413792
6.590901 6.604609 6.608725 6.634509 6.680257 6.698581 6.70256 6.711284 6.721546 6.790875 6.887431 6.913289 6.923789 6.929169 6.925206 6.929109 6.896317 6.990418 7.010575 7.00402 6.974168 6.957246 6.962006 6.99238 7.01851 7.015851 6.949843 6.849077 6.828271 6.778503 7.040039 6.963961 5.614222 5.039305 6.103353 7.561785 7.593147 6.425723 4.894289 4.676445 6.173826 7.405327 7.89885 7.942044 8.015572 8.08556 8.03703 7.922172 7.749698 7.350893 7.163785 7.112856 7.084492 6.80419 6.9192 7.155902 7.194982 7.190417 7.268659 7.020336 6.551012 6.300386 6.194488
6.610443 6.646715 6.589009 6.565187 6.605901 6.641025 6.655958 6.668447 6.682298 6.753326 6.848766 6.885116 6.901332 6.929747 6.932164 6.933634 6.87582 6.901328 6.968718 7.006632 7.01169 7.007261 7.007224 7.027866 7.029745 6.977408 6.893994 6.800101 6.535111 6.61591 7.05 7.21629 6.510159 5.273418 5.437563 6.984538 7.488235 7.111875 6.005437 4.705477 5.161074 6.691337 7.342954 7.682807 7.741807 7.951853 8.028061 8.020052 7.881707 7.602089 7.382473 7.260398 7.23058 6.980159 7.018549 7.444202 7.577991 7.441607 7.507287 7.503314 6.967826 6.304815 6.076128
6.589597 6.620961 6.615613 6.583318 6.596001 6.617083 6.626709 6.64463 6.659551 6.752361 6.81031 6.853361 6.87761 6.891662 6.904249 6.946391 6.926561 6.911181 6.953537 6.998548 7.026793 7.037251 7.042364 7.064072 7.031375 6.938665 6.835798 6.773816 6.500407 6.191484 6.658823 7.034655 7.085399 6.186184 5.232342 6.475946 7.094007 7.059453 6.654949 5.784461 5.31622 6.086155 6.833215 7.257603 7.422835 7.766528 7.922591 8.034293 7.978644 7.747776 7.643202 7.549761 7.526618 7.163487 7.031475 7.675637 8.028595 7.797513 7.730843 7.887777 7.224433 6.493942 5.950354
6.597905 6.567129 6.587512 6.596179 6.604418 6.619107 6.638039 6.634347 6.643527 6.71911 6.775801 6.814048 6.839661 6.862159 6.886147 6.920056 6.938633 6.945787 6.962275 6.994146 7.02161 7.044425 7.061211 7.080042 7.046623 6.901515 6.729952 6.726157 6.720314 6.308683 6.544896 6.890169 6.946652 6.863827 5.404941 6.15543 6.81991 6.992616 6.826182 6.233699 5.550975 5.98456 6.924248 7.168854 7.319989 7.559751 7.723588 7.940442 8.060572 7.949871 7.858009 7.927103 7.99884 7.465894 6.936332 7.772934 8.590433 8.192018 7.814903 7.739239 7.310351 6.677318 6.118215
6.6035 6.53898 6.551971 6.576929 6.608214 6.630176 6.648248 6.66277 6.665405 6.656093 6.708439 6.767939 6.815666 6.842772 6.892845 6.903944 6.93419 6.960879 6.971612 6.980327 6.983332 7.014487 7.043561 7.005147 7.075 7.025344 6.709874 6.733251 6.904993 6.652606 6.702361 6.804983 6.827758 6.61859 5.95445 6.388614 6.687356 6.826362 6.870796 6.10051 5.712245 6.007187 6.869133 7.283368 7.461488 7.449809 7.535596 7.780627 8.016341 8.037364 8.025477 8.233171 8.618404 8.177379 6.978482 7.48618 8.76162 8.830093 7.925205 7.304221 6.972837 6.608442 6.222389
6.59798 6.587902 6.569842 6.582602 6.613856 6.636952 6.660041 6.670011 6.64009 6.644241 6.680886 6.739017 6.792519 6.841756 6.879066 6.909098 6.934995 6.967443 6.977688 6.970662 6.945082 6.919075 6.975774 7.021124 7.063491 7.041414 6.92571 6.785541 6.89589 6.840406 6.777853 6.824416 6.771722 6.480552 6.152527 6.544681 6.628089 6.671182 6.780136 6.265048 5.799717 5.869024 6.411421 7.190413 7.537348 7.556448 7.536563 7.688553 7.935244 8.071817 8.065781 8.386125 9.119515 9.173505 7.633808 7.364983 8.421314 8.987109 8.11264 7.068857 6.539499 6.278236 5.840067
