py_wake/examples/data/AJ_ParqueFicticio/Rough survey   Sector 7   Height 30m   Weibull-A.grd
DSAA
73  159
 258469   265669
 6501692   6517492
 .3886977   9.489745
[rows 56 to 83 of 159, columns 0 to 62 of 73]
4.07062 4.131536 4.10716 4.10584 4.087301 4.154539 4.149926 4.163104 4.146301 4.157815 4.157974 4.169746 4.171984 4.110514 4.103822 4.10175 4.12033 4.126121 4.101511 4.068972 4.117589 4.066549 3.999504 4.010612 4.041494 4.017411 4.051043 4.132872 4.265108 4.456681 4.638408 4.887543 4.778321 5.040493 5.019817 5.061856 5.176506 5.199452 5.058635 4.998826 5.047996 5.340069 5.270596 5.07523 4.722597 4.43133 4.231634 4.090219 4.127763 4.266759 4.244595 4.362787 4.294768 4.193547 4.09486 3.945571 3.865735 3.993896 4.107052 4.224992 4.292736 4.19593 4.063364
4.035046 4.10354 4.020598 4.046344 4.065469 4.173847 4.180292 4.158798 4.141929 4.131854 4.136744 4.14252 4.163133 4.183534 4.178029 4.136073 4.130844 4.121813 4.111682 4.117116 4.152848 4.110816 4.034296 4.062822 4.057103 4.025183 4.050938 4.16465 4.383133 4.600526 4.7385 4.946062 5.133493 5.174094 5.215937 5.228972 5.089439 5.156223 5.26091 5.109097 5.046153 5.134662 5.011645 4.875889 4.754419 4.591547 4.284105 4.028082 4.008046 4.209365 4.331661 4.322592 4.17616 4.212889 4.414192 4.440159 4.359286 4.227921 4.056231 3.847882 3.915334 3.93363 4.152836
3.919488 3.90989 3.87313 3.921144 3.977089 4.101088 4.144435 4.113753 4.095265 4.081071 4.084076 4.099238 4.102774 4.103457 4.127853 4.134735 4.121938 4.103452 4.102448 4.110035 4.120956 4.130786 4.087844 4.109732 4.086582 4.053122 4.056887 4.079252 4.239969 4.34314 4.357972 4.614875 4.786429 4.943104 4.927152 4.974412 4.831005 4.877391 5.025615 4.965057 4.90823 4.875516 4.714621 4.667706 4.567011 4.428957 4.161478 3.871743 3.85191 4.071779 4.198275 4.040062 4.004648 4.036816 4.270538 4.36531 4.325888 4.373617 4.393367 4.266063 4.162222 4.160608 4.263093
3.958937 3.891777 3.80878 3.829424 3.85874 3.937952 4.085101 4.061616 4.028517 4.022635 4.024697 4.018608 4.060394 4.063849 4.065389 4.091257 4.104622 4.092951 4.103595 4.089011 4.103483 4.146339 4.155858 4.157353 4.127871 4.097375 4.085889 3.938385 3.785783 3.769506 3.698112 3.828488 4.040627 4.205107 4.254336 4.437134 4.558555 4.67895 4.809651 4.753415 4.654195 4.636739 4.5327 4.539435 4.483204 4.387741 4.092236 3.81081 3.537039 3.515224 3.934215 3.809064 3.775413 3.784928 3.921663 4.086173 4.007909 4.167132 4.32164 4.484015 4.326688 4.224576 4.19453
4.162057 4.019331 3.929747 3.970142 3.94164 3.875075 3.973709 3.98578 3.964559 3.959628 3.955516 3.951771 3.966418 3.992973 4.008388 4.042723 4.085292 4.094377 4.112298 4.097714 4.063895 4.05455 4.084634 4.138348 4.156513 4.178196 4.169269 4.113027 4.011374 3.732998 3.622112 3.661144 3.727869 3.799553 3.870037 4.081261 4.209534 4.33635 4.466469 4.468714 4.354348 4.291429 4.420178 4.498641 4.495016 4.432627 4.261001 4.042273 3.667858 3.374439 3.53803 3.558891 3.592389 3.58661 3.892477 4.045811 3.976758 4.170574 4.194007 4.352119 4.286573 4.24296 4.138747
4.230883 4.058371 4.043705 4.065059 4.037589 3.949711 3.893704 3.90889 3.900912 3.924236 3.926429 3.930735 3.943386 3.972363 3.979039 4.013447 4.065891 4.101686 4.100722 4.11213 4.088932 4.117498 4.089502 4.11469 4.139489 4.184217 4.249933 4.359778 4.385888 4.291744 4.086639 3.84288 3.814614 4.073415 3.943926 3.974057 4.062984 4.138207 4.185612 4.204228 4.125178 4.065121 4.111224 4.357994 4.355522 4.340544 4.272821 4.198372 3.935441 3.487061 3.162819 3.340346 3.593599 3.76857 3.686564 3.896615 4.015913 4.167465 4.116944 4.171614 4.161674 4.121079 3.77763
4.243197 4.12495 4.15221 4.1629 4.149636 4.106052 4.053226 3.940753 3.918832 3.928299 3.931681 3.937721 3.972672 3.972599 3.964544 3.979392 4.010265 4.049803 4.035721 4.07142 4.058959 4.085108 4.078992 4.117576 4.179377 4.206716 4.314844 4.374228 4.464024 4.478874 4.626234 4.613973 4.532882 4.45103 4.221136 4.047654 4.038387 4.007102 3.98905 4.030773 4.035048 4.007068 4.066013 4.154739 4.227449 4.236683 4.233171 4.287297 4.114331 3.883413 3.508962 3.109399 3.450078 3.787074 3.949893 3.979319 3.934516 4.06228 4.102078 4.186159 4.107934 3.934771 3.789897
4.18839 4.148219 4.186548 4.215936 4.209627 4.166575 4.097236 3.977241 3.927327 3.936632 3.968821 3.991686 3.974035 3.96876 3.947708 3.938636 3.945682 3.949714 3.952256 3.961508 3.973462 3.977906 3.986119 4.047451 4.111846 4.191481 4.322584 4.386949 4.437238 4.525296 4.50206 4.550208 4.561607 4.505927 4.388579 4.172771 4.100702 3.99956 3.963057 3.910509 3.875433 3.841832 3.910431 4.004566 4.068053 4.197004 4.204274 4.113887 4.069157 3.94835 3.498504 3.35108 3.246144 3.666899 3.823173 3.715046 3.524187 3.688254 3.855989 3.932635 3.888643 3.958578 3.882134
4.122068 4.135391 4.183892 4.207631 4.202303 4.17071 4.076561 3.979556 3.908553 3.934053 3.950298 3.965112 3.974217 3.959886 3.945427 3.926508 3.95435 3.937885 3.906981 3.897714 3.925087 3.890193 3.876214 3.911079 3.98452 4.142249 4.191792 4.30385 4.362264 4.442041 4.416545 4.465585 4.503454 4.545085 4.465125 4.329977 4.180652 4.079103 4.030878 3.931403 3.775724 3.690074 3.59927 3.588073 3.872569 4.037035 4.004841 3.911694 3.82079 3.934782 3.709842 3.518095 3.112282 3.047034 3.462295 3.568126 3.075453 2.879248 2.850447 3.069216 3.104132 3.196264 3.650352
4.070239 4.090485 4.153602 4.177145 4.182852 4.157437 4.093476 3.997037 3.913908 3.946215 3.948723 3.946609 3.952931 3.93993 3.948904 3.915681 3.933528 3.924369 3.926983 3.942826 3.960165 3.88187 3.857399 3.931349 3.93173 3.955826 3.90066 3.967345 4.039185 4.063385 4.056799 4.24401 4.33395 4.344184 4.251387 4.159925 4.058009 4.005803 3.975298 3.82916 3.755679 3.745133 3.605431 3.552607 3.751719 3.974872 3.923452 3.846507 3.862874 3.967092 4.006478 3.780375 3.48671 3.054666 3.09826 3.334968 3.264535 3.027936 2.743008 2.427316 2.471726 2.529614 2.791288
4.060086 4.060714 4.142284 4.153637 4.144478 4.13222 4.104179 4.081634 4.072042 4.02466 3.972696 3.967288 3.960078 3.946787 3.954946 3.953109 3.950737 3.929848 3.964523 4.026596 4.022153 3.966556 3.999019 3.967709 3.871242 3.792925 3.767917 3.820173 3.790563 3.757792 3.750539 3.888105 4.133487 4.156934 4.078731 4.009528 3.874724 3.85902 3.739125 3.614985 3.668631 3.703959 3.557638 3.467115 3.503251 3.649089 3.808692 3.787623 3.798012 3.895347 4.029929 4.065109 4.013494 3.628449 3.232157 3.324849 3.498723 3.405276 3.414174 3.291795 2.896762 2.729012 2.733527
4.041743 4.062335 4.132472 4.131918 4.13551 4.097274 4.063544 4.084193 4.073333 4.030936 3.988973 3.970636 3.965862 3.946798 3.945599 3.925844 3.920223 3.925565 3.977865 4.013978 4.029176 3.998297 4.023615 3.962096 3.852565 3.787916 3.740212 3.736309 3.742033 3.692199 3.693539 3.827101 4.036752 3.986709 3.980937 3.96719 3.919447 3.852118 3.781637 3.561784 3.440785 3.384101 3.377156 3.281887 3.195759 3.440414 3.774504 3.95788 4.10726 4.061853 4.053895 4.257777 4.324315 4.169507 3.758957 3.467149 3.390506 3.671886 3.850806 3.952889 4.006867 3.792001 3.414751
4.005208 4.074359 4.14106 4.131643 4.107593 4.04676 4.032413 4.055438 4.042539 4.009086 3.973338 3.959227 3.970166 3.970819 3.965335 3.913526 3.883196 3.918419 3.967715 3.978957 3.978553 3.943455 3.960625 3.942545 3.903157 3.907205 3.913509 3.726993 3.633376 3.557448 3.584161 3.749878 3.929972 3.871176 3.833534 3.910049 3.929773 3.95074 3.866733 3.638545 3.651699 3.66318 3.483425 3.314305 3.110567 3.162189 3.301074 3.658819 3.695905 3.718114 3.895447 4.112096 4.264021 4.288364 4.105405 3.860788 3.516757 3.540023 3.709679 3.859402 4.042055 4.090348 3.890203
3.922861 4.000575 4.109835 4.120068 4.066986 4.008667 4.035797 4.033068 4.011855 3.973739 3.930128 3.915615 3.947953 3.972481 3.967886 3.905079 3.87998 3.946772 3.971188 3.95513 3.918198 3.915963 3.90733 3.909704 3.932823 4.005662 3.974451 3.847476 3.740206 3.56274 3.492695 3.586403 3.743368 3.71563 3.717349 3.863657 3.936054 4.007806 3.976974 3.926248 4.157096 4.241492 4.069136 3.704169 3.4554 3.289381 3.173529 3.179841 3.101101 3.126488 3.499089 3.638666 3.709582 3.593696 3.611397 3.466887 3.392959 3.297609 3.404138 3.54527 3.709244 3.917696 3.992
3.792025 3.857118 4.018433 4.032946 3.991869 3.975442 4.03892 4.026849 3.988632 3.948233 3.891726 3.85922 3.885921 3.934594 3.985714 3.987241 4.037258 4.002314 3.972591 3.951933 3.941567 4.005871 3.955283 3.990841 4.019428 4.061208 3.96683 3.938034 3.872835 3.688426 3.582309 3.445422 3.543501 3.586642 3.746394 3.896119 3.970258 4.076015 4.189153 4.299196 4.395126 4.385275 4.234213 4.064788 3.774174 3.571609 3.351295 3.216386 3.040722 2.83317 2.610738 2.44324 2.393301 2.358452 2.786464 3.234885 3.512409 3.483171 3.484384 3.622583 3.749918 3.971234 4.063946
3.757638 3.767835 3.815135 3.876439 3.868189 3.920729 4.020996 4.002853 3.966818 3.915691 3.884207 3.924909 3.970399 3.951481 3.996594 3.985118 4.031139 3.976605 3.934376 3.933848 3.956931 4.032933 4.007634 4.113768 4.120168 4.106834 4.012843 3.990534 3.864578 3.803709 3.810328 3.767839 3.776334 3.719509 3.851294 3.98545 4.117021 4.20612 4.276786 4.321557 4.275171 4.328709 4.214746 4.13356 4.053039 3.952385 3.764007 3.565754 3.295661 2.99514 2.507999 2.173996 2.019916 2.059466 2.39492 2.861688 3.391643 3.652136 3.755335 3.902695 3.943134 4.107434 4.168369
3.872445 3.951157 3.981252 3.826305 3.783853 3.835085 3.981959 3.972849 3.948479 3.936079 3.992278 3.987867 3.941992 3.898297 3.915345 3.905791 3.922508 3.892087 3.865768 3.873546 3.89819 3.920115 3.940425 4.009392 4.034127 4.067094 4.039841 3.987553 3.847331 3.837077 3.870042 3.863312 3.941109 3.983102 4.001697 4.066981 4.162944 4.190088 4.23982 4.195056 4.18325 4.281495 4.265062 4.165568 4.130218 4.09664 4.020427 3.911147 3.744887 3.617923 3.564748 3.524179 3.523141 3.217952 2.893224 2.968324 3.243782 3.67254 3.803274 3.992064 4.193021 4.333803 4.492867
4.058541 4.070604 4.008754 3.844002 3.737114 3.744624 3.927965 3.911533 3.873993 3.921525 3.958834 3.955531 3.88822 3.826457 3.782211 3.821557 3.807851 3.766344 3.756379 3.756996 3.772768 3.738018 3.767037 3.794883 3.853099 3.911475 3.96588 4.012903 4.087544 4.091988 4.087422 4.068195 4.1439 4.223105 4.176919 4.029569 3.999589 4.069198 4.222292 4.275636 4.316513 4.462267 4.399624 4.264112 4.21716 4.060714 3.975049 3.81102 3.853534 3.928071 3.897111 4.011471 4.160254 4.217579 3.910011 3.534892 3.2414 3.299128 3.74625 3.932858 4.162266 4.621297 4.859305
4.083873 4.069831 4.009766 3.91455 3.754368 3.690478 3.892161 3.819458 3.768605 3.86403 3.884431 3.900743 3.869593 3.791638 3.73022 3.704173 3.670291 3.659037 3.664464 3.646115 3.639234 3.622279 3.670393 3.68704 3.741544 3.782193 3.869113 3.994414 4.137181 4.193927 4.196348 4.237217 4.389609 4.350197 4.190783 4.064641 3.985008 3.983092 4.039941 4.124166 4.275249 4.387219 4.411696 4.373274 4.305298 4.10437 3.88011 3.539043 3.413262 3.432083 3.335672 3.581163 4.006975 4.154397 4.117242 3.789478 3.331369 3.091744 3.289848 3.712802 3.962432 4.141553 4.289391
4.009977 4.016048 4.011137 3.972602 3.904478 3.863497 3.84189 3.750167 3.716151 3.789965 3.818724 3.83334 3.835769 3.76976 3.745754 3.687888 3.626054 3.626539 3.639897 3.618858 3.634634 3.57278 3.576919 3.588792 3.627312 3.632442 3.686098 3.717093 3.811275 3.807865 3.90471 3.991793 4.050103 4.166126 4.158098 4.138618 4.106687 4.041435 3.969793 3.899942 3.748176 3.813701 3.839865 3.704679 3.630623 3.356557 3.107893 3.051509 2.984392 2.954758 2.927238 2.89317 2.781944 2.829525 3.103697 2.986706 2.939604 2.784128 2.856375 3.134852 3.312672 3.338932 3.41215
3.914623 3.937485 3.948637 3.957408 3.947832 3.946647 3.849702 3.75158 3.702739 3.71922 3.742913 3.755518 3.747725 3.734218 3.791473 3.741395 3.63209 3.628157 3.645478 3.662196 3.664443 3.552782 3.503065 3.464085 3.478755 3.462841 3.456156 3.349183 3.315679 3.413248 3.633757 3.729684 3.794888 3.942304 4.022888 4.090783 4.100473 3.965632 3.849123 3.764164 3.663586 3.469895 3.116479 2.941446 2.709699 2.638226 2.506561 2.598078 2.810254 2.955016 2.88571 2.783623 2.560116 2.1715 2.15681 2.331424 2.377722 2.390627 2.22319 2.226849 2.482612 2.429152 2.368121
3.844376 3.856267 3.86246 3.875859 3.850191 3.798862 3.743881 3.662963 3.658833 3.646773 3.673739 3.696274 3.677672 3.67445 3.716926 3.642647 3.582715 3.575741 3.613132 3.606955 3.671819 3.718901 3.64358 3.607075 3.517838 3.39797 3.292015 3.157343 3.092212 3.161071 3.521183 3.705308 3.853078 3.92032 3.917345 3.78928 3.672914 3.619447 3.518191 3.321439 3.318147 3.273564 3.1363 3.017063 3.212106 3.497785 3.446372 3.396929 3.446021 3.14349 2.990413 2.862123 2.760401 2.670568 2.746052 2.800538 2.657432 2.418698 2.71195 2.643625 2.434923 2.412106 2.4273
3.80217 3.785349 3.774452 3.73783 3.729507 3.68339 3.646595 3.57127 3.570575 3.584707 3.615189 3.651651 3.674704 3.66024 3.635638 3.589896 3.526552 3.483332 3.49116 3.495735 3.593668 3.638978 3.666171 3.646827 3.563971 3.436268 3.381245 3.254786 3.280403 3.50404 3.78337 3.944385 4.011876 3.959625 3.933583 3.966577 3.913867 3.774004 3.659193 3.378188 3.141943 3.114987 3.098747 3.227381 3.595714 3.897626 4.111518 4.294424 4.106522 3.633139 3.0859 2.982937 3.153907 3.486038 3.793912 4.025066 3.971248 4.134367 4.143122 3.890545 3.600632 3.287521 3.157303
3.791239 3.731755 3.706255 3.694213 3.66368 3.60698 3.572996 3.54176 3.546855 3.541938 3.554049 3.591718 3.604652 3.600683 3.574075 3.558478 3.519424 3.486698 3.468873 3.425998 3.439943 3.443419 3.49744 3.512842 3.541776 3.56267 3.566955 3.68501 3.824454 3.886647 3.958163 3.967568 3.956851 3.878589 3.869112 3.91439 3.903819 3.803968 3.712613 3.495103 3.251329 3.128234 3.3258 3.51725 3.881637 4.087142 4.155708 4.106265 4.055048 4.019904 3.921781 3.832466 3.899911 4.089054 4.339404 4.589034 4.809853 4.972632 4.806328 4.608564 4.44676 4.265637 3.99654
3.789301 3.724418 3.660373 3.698608 3.648743 3.609179 3.524471 3.540014 3.504673 3.467321 3.450555 3.48382 3.477261 3.487863 3.521013 3.544906 3.647226 3.664146 3.552442 3.467988 3.486871 3.384027 3.381878 3.394352 3.464772 3.559018 3.757469 3.997104 4.164787 4.19938 4.142872 3.941066 3.882519 3.743822 3.662514 3.594471 3.408924 3.431779 3.400568 3.402688 3.454551 3.729772 4.075624 4.15445 4.213247 4.29926 4.222188 4.129182 4.156238 4.342292 4.520961 4.596659 4.584384 4.696153 4.640792 4.703944 4.788248 4.673591 4.582469 4.50977 4.422217 4.270811 4.152669
3.785698 3.772284 3.780819 3.724485 3.646326 3.596454 3.541946 3.491966 3.447238 3.402609 3.342789 3.311426 3.324611 3.361295 3.457282 3.568197 3.615663 3.610415 3.618507 3.621364 3.546566 3.478025 3.403483 3.300318 3.308723 3.419078 3.589791 3.79657 3.940962 3.923599 3.893365 3.750422 3.710068 3.560036 3.541103 3.501653 3.355328 3.384002 3.323894 3.360959 3.452837 3.740535 3.969338 4.122741 4.167986 4.245418 4.358851 4.403843 4.476368 4.57512 4.652712 4.653074 4.622217 4.546296 4.475639 4.409408 4.4484 4.280877 4.248246 4.25877 4.214225 4.181097 4.087743
3.710762 3.729139 3.733634 3.691865 3.604581 3.529853 3.423693 3.413546 3.380968 3.345308 3.290949 3.284248 3.229165 3.234638 3.257203 3.26944 3.338125 3.434079 3.507607 3.551289 3.492013 3.481222 3.392487 3.306762 3.243608 3.172581 3.275836 3.489092 3.668297 3.724103 3.739671 3.659301 3.598929 3.508552 3.51092 3.509838 3.363035 3.37407 3.262434 3.172153 3.422448 3.76989 3.913154 4.014845 4.059343 4.129745 4.318718 4.412964 4.49279 4.561309 4.577301 4.54255 4.464076 4.389313 4.290404 4.187559 4.136305 4.045135 4.08318 4.16918 4.173674 4.176356 4.091881
3.639856 3.638329 3.637293 3.623553 3.550005 3.476039 3.395991 3.359204 3.312581 3.257665 3.29785 3.275965 3.184821 3.147166 3.087046 3.015257 3.04862 3.19 3.301439 3.351806 3.408407 3.432212 3.408496 3.414637 3.314911 3.26082 3.319875 3.538461 3.622496 3.674874 3.754573 3.826072 3.818537 3.961808 3.810255 3.821042 3.546603 3.328573 3.163254 3.454514 3.77534 3.827416 3.752876 3.810954 3.74326 3.748712 4.00953 4.090372 4.263991 4.470889 4.467095 4.411921 4.317499 4.212345 4.033844 3.899991 3.872199 3.865806 3.9463 4.049005 4.146454 4.10566 4.03742
