py_wake/examples/data/AJ_ParqueFicticio/Rough survey   Sector 11   Height 30m   Power density.grd
DSAA
73  159
 258469   265669
 6501692   6517492
 .01056863   1188.928
[rows 28 to 55 of 159, columns 0 to 62 of 73]
214.1026 210.4741 207.3411 205.6143 205.3806 205.6837 206.4454 206.7457 204.3763 204.7422 207.6392 211.3905 216.2803 221.0985 223.1852 224.9762 227.7229 228.6279 229.5989 227.109 220.6102 215.7549 219.8825 224.7053 228.4858 225.1959 217.5058 207.3376 208.5135 208.3228 208.6249 207.8992 199.0317 169.6883 154.1549 172.4794 185.1213 186.9368 196.6135 175.4447 138.316 128.2986 140.0995 194.497 252.3658 280.545 279.7724 295.1695 336.5801 365.782 354.9396 375.9988 507.7274 592.8195 401.0292 331.9023 420.2256 485.7346 387.4786 248.1256 185.7502 161.6904 119.0146
213.1002 210.6966 207.4524 205.6129 204.5482 202.8367 203.8959 205.7445 205.8987 206.0516 206.2526 208.4896 213.906 223.5469 225.5993 226.4993 227.4795 228.4012 228.5785 227.1261 220.5928 212.8886 216.5139 221.4747 224.3188 222.4846 216.1243 212.3769 209.7562 210.9302 211.0513 208.0055 191.5731 158.6582 143.3253 166.8527 185.4669 186.9418 189.439 175.7854 144.1396 131.8718 145.6063 170.1904 208.8407 259.6797 283.7292 310.2759 379.7113 443.4081 442.9543 433.0077 503.8832 639.1765 559.0023 449.7881 466.2163 473.2701 361.3319 262.5228 215.2835 160.6539 128.8752
210.1003 208.0114 205.7343 203.58 201.9641 201.8124 201.6255 205.0423 205.7785 204.02 206.3151 205.1265 206.039 218.4496 222.5103 224.2893 225.9389 227.5434 226.9538 222.8914 218.7439 216.3305 216.4043 219.2497 220.1372 220.088 217.3369 213.0193 209.5212 208.588 207.5717 207.641 185.8699 155.0479 152.741 170.904 178.5854 180.1041 185.5708 181.7874 159.0466 136.5397 143.5264 169.2529 187.3351 206.7568 241.6048 296.5154 372.242 475.6728 541.4053 607.1242 621.4612 699.7675 723.7471 595.7944 553.7336 426.08 306.5115 230.1807 178.8997 133.2225 160.0586
207.6941 204.3254 202.2858 201.5578 199.7046 199.6495 199.2173 206.1508 204.7758 203.8418 202.4928 201.1545 201.2947 210.6249 219.7537 222.4183 224.5372 226.6109 223.6944 219.9902 218.5885 218.0416 216.7968 217.4091 217.737 218.0813 215.5707 214.9046 206.7373 203.7186 204.3754 208.6808 198.0979 172.1898 169.2036 168.9892 169.7085 168.7237 176.5933 190.7207 170.8985 144.564 139.4267 158.6414 186.922 199.6381 206.2102 230.6685 290.7093 394.7708 527.2838 676.2303 784.3019 836.0743 867.3837 779.3784 658.4834 427.2781 269.6695 198.8599 139.1556 118.4508 179.9709
200.8505 200.5476 200.1318 199.6723 198.9975 199.1603 202.3466 201.8099 200.9092 200.6162 199.0826 198.1067 197.0648 201.2577 211.1756 216.6665 220.1049 225.1665 221.4911 218.4507 217.9979 217.8682 217.1925 215.9524 215.8613 213.9856 213.0527 211.8488 204.4508 198.1646 200.9407 201.5961 192.0048 178.7088 169.3269 170.3629 166.7434 156.9021 168.2925 185.1676 186.552 157.885 140.0202 139.4514 164.5635 207.3411 240.4645 233.8295 230.2348 262.8831 341.5347 474.4792 656.5269 859.5756 990.9299 935.7681 725.0281 457.2134 278.3016 182.0366 115.1447 121.1703 216.3457
199.5937 199.1799 198.9802 198.4827 201.748 201.0485 201.8804 200.8475 200.506 198.8117 197.7461 196.8951 196.9142 196.1861 203.3843 208.4981 214.7904 221.6886 218.29 217.8732 217.9416 217.6305 217.3685 215.7321 214.8902 212.9813 206.9066 206.1665 203.7543 199.2897 199.1937 197.5212 190.6193 178.9731 169.9301 171.9294 173.1377 153.3646 157.9198 168.8764 189.0345 182.4478 155.4911 127.3994 127.8674 172.7749 242.7647 280.2874 271.5554 282.1338 301.6088 339.1457 428.1108 594.364 900.4399 1052.407 781.3358 490.3426 297.9839 181.273 103.0011 118.2849 260.8189
204.7395 202.4139 203.1774 200.4328 199.4052 198.7655 200.2604 200.3672 199.5021 198.6081 197.8301 197.4714 197.1991 193.798 197.9296 203.8898 210.9902 217.6294 216.2822 216.2655 216.5339 215.5576 214.9874 213.4753 211.9498 209.2118 202.9846 202.2157 201.7063 201.1396 198.7326 196.1038 191.791 180.9926 168.034 163.6648 180.0949 161.5363 150.8042 155.1844 190.1937 203.4039 188.6257 141.2785 101.9044 127.9777 205.0475 275.4197 291.2857 340.4046 393.3581 456.2759 471.9676 518.3054 715.0632 994.7448 920.8833 576.8059 337.8157 204.0428 123.8024 127.6499 253.9021
205.8881 205.7453 202.544 200.9349 199.0923 198.6099 197.4701 196.5997 197.7361 197.2942 195.8146 193.8591 191.7488 194.8454 198.1196 200.5053 204.3047 215.0988 211.2469 210.8477 212.2037 211.8935 211.2825 210.2695 209.2665 205.2074 201.2351 200.6026 199.9608 199.4344 197.7852 194.5373 191.7007 184.9353 172.7702 158.2031 164.9956 168.6791 153.3722 155.3446 185.4483 215.1395 221.802 181.1827 100.8393 81.62805 153.0347 252.2748 305.0427 351.6464 436.2741 604.8669 701.1751 713.5491 808.4751 999.0768 952.2123 670.3332 399.7445 227.8864 178.6352 184.3171 257.4474
205.927 203.1392 200.4271 198.9225 198.39 199.8979 195.1871 196.5324 197.5954 196.8404 193.3663 190.5611 188.242 191.8194 194.9865 196.0075 197.0691 202.2809 207.7704 202.7634 207.0079 207.1408 206.2404 205.9885 207.3465 202.6782 201.2861 199.5558 198.5975 197.5377 196.4294 193.1594 187.8304 186.0823 174.1135 157.8058 150.4228 160.0304 153.5188 154.1082 195.9536 255.9919 278.1857 247.0874 129.9134 56.11366 78.62094 180.1911 278.6921 355.093 416.3825 602.2625 835.1597 952.1486 989.8054 1093.165 989.4118 671.2134 389.5061 238.8998 271.0306 304.2906 331.0463
198.3027 197.8956 196.1449 194.7142 192.9035 193.9861 201.4773 200.684 197.5618 195.077 193.5926 190.6559 186.558 189.1739 189.6535 189.9256 190.9943 190.9749 195.725 195.9612 197.047 199.7998 198.9991 199.7401 205.8875 202.087 200.2696 197.8361 196.7213 193.3826 191.4647 190.0462 188.1421 186.3591 179.0929 160.1082 135.0466 146.6833 149.8509 142.6798 189.5244 299.7917 385.2725 393.6153 260.1251 75.46149 39.13316 77.19875 164.626 265.6884 334.9151 448.917 688.5194 916.1766 1083.796 1188.928 1064.238 666.3624 352.508 257.8532 330.2755 419.1655 449.0017
191.987 194.0215 192.6846 192.8064 191.4121 190.8367 197.0468 197.3487 196.5846 196.5301 196.6301 194.7181 189.6962 182.1834 184.3484 185.7906 187.8457 190.1153 192.8148 189.578 181.5707 187.5533 190.725 194.5539 201.4758 198.9839 198.4859 196.2441 193.3141 188.7389 183.8424 188.3327 187.6563 183.8892 180.2126 167.3947 134.5685 125.2234 124.3596 138.8369 166.081 260.5645 412.0466 519.7573 479.4605 196.4389 62.2611 63.52227 75.52719 144.0402 227.4818 281.0238 413.7436 611.7851 926.7382 1156.684 1071.013 662.4454 332.2564 251.446 286.4833 433.1454 516.5173
193.2474 193.4555 193.6565 194.7865 196.8749 195.6402 189.2398 192.8321 195.6299 197.2383 198.4328 197.5989 185.6728 182.9955 184.843 187.1213 188.9114 192.2696 195.872 187.1411 175.5319 179.1543 183.4256 188.4859 195.8024 197.7041 195.9641 193.4652 191.237 184.6841 178.2607 180.989 182.1684 180.2574 177.3761 162.9086 131.8877 113.9712 105.8817 131.6142 160.2899 220.2363 332.4842 506.5999 610.2538 392.8182 167.6796 133.4737 94.55519 109.0314 202.8071 288.5507 378.303 490.656 721.1117 1017.05 1103.956 692.1458 328.373 212.5943 225.2817 310.3154 480.3337
190.0517 193.5617 194.5273 193.8464 196.5693 194.6874 194.1266 196.3227 196.3799 194.7887 194.4126 191.9218 188.7342 188.5368 187.8236 186.6066 187.5408 188.941 190.7043 189.7567 182.4701 181.1258 180.128 181.2278 190.0259 191.3035 189.7808 187.4932 185.2037 179.4359 176.3181 178.4096 178.7047 177.6882 176.0813 160.9979 131.4151 103.7352 99.99879 126.6656 163.2529 219.4214 287.5885 441.0499 590.8591 522.7893 292.3489 257.2851 219.0442 157.9346 210.0024 320.5482 442.9932 549.2281 722.8452 986.4882 1031.056 771.7771 384.9038 202.8622 155.1801 208.0772 336.6016
197.1217 196.5106 196.7048 191.6658 187.9967 191.0654 197.1308 198.0154 195.422 191.4528 186.9464 185.4703 185.8731 186.7822 184.5963 183.7249 182.4614 181.4471 184.9464 188.4913 189.0264 187.1071 186.9509 181.1402 175.2066 178.3178 179.8653 179.4861 179.1842 175.0774 175.3327 176.1808 176.5516 174.9362 175.7244 164.3123 126.7652 89.70275 88.26241 113.8781 157.9017 214.5407 269.1994 400.4184 538.4438 546.7415 379.5227 310.8766 320.7522 297.3751 288.9786 334.0008 438.5855 580.4388 782.3474 977.355 1002.947 842.8698 509.4847 254.2132 127.4729 116.6195 178.9967
205.6687 204.7177 201.8862 197.2818 187.0903 184.5332 191.4385 194.1014 190.9873 188.1978 184.0798 180.4422 179.6398 179.9657 180.3914 179.1661 177.3476 175.9212 176.8848 185.1324 188.4911 190.6927 193.4115 191.4724 170.8083 163.8637 167.7321 169.0461 170.6844 173.0693 172.7017 171.9249 173.3188 173.2584 171.9789 160.8311 130.8453 88.51802 73.45515 96.27674 134.3238 175.6814 219.6223 320.1124 405.8503 478.7643 374.8598 284.6202 359.732 375.2031 379.1339 400.8745 469.9353 563.3391 714.589 900.9536 994.1775 898.3814 671.2433 382.9886 190.914 90.76644 93.51556
211.0602 210.5379 210.9571 211.5148 193.0204 175.4989 177.337 189.4327 188.6797 188.0902 189.4325 184.6037 178.8057 174.525 175.3291 175.4727 174.3593 171.914 170.4808 174.4625 183.2148 184.6112 185.4085 185.7 175.2431 167.3116 166.0811 164.8026 163.2613 164.6744 167.134 167.1457 164.5934 166.3368 168.8691 153.26 130.42 99.80928 71.80478 70.50815 94.67075 131.7906 155.608 231.8808 300.8498 333.6071 300.5614 231.563 257.6937 300.6381 318.9229 339.2643 410.9112 450.5054 565.1859 791.3457 900.5444 918.6393 721.0208 477.0913 307.307 155.886 82.45772
213.7192 213.95 214.2018 217.7641 212.3338 193.7044 176.3779 179.2232 182.389 186.1072 191.5008 186.9817 175.741 173.86 174.8284 175.1166 173.1739 171.2345 168.9436 165.021 173.5068 174.1295 173.3483 177.5239 174.6876 170.1005 165.139 160.7247 158.869 159.2053 161.4489 162.6872 159.9678 161.6695 166.3231 152.3488 135.9926 115.0255 84.65978 73.78457 68.76013 108.4485 150.5716 178.302 220.1278 247.0007 239.4075 178.0313 161.811 205.8156 216.2604 220.1163 283.8793 401.6486 487.0467 690.9517 760.0579 744.5262 691.8864 551.393 400.6137 247.3567 135.3335
214.8634 211.9299 213.238 218.3771 221.4901 207.8701 187.6376 179.6497 178.6481 180.0987 182.5982 185.0331 180.9446 179.2326 179.0963 177.3938 175.2185 173.9802 171.0346 164.5718 165.0108 167.6011 166.652 167.0041 165.9326 164.4642 160.1133 154.5706 148.1776 145.3364 149.3734 150.6527 148.7927 146.7235 164.0154 151.3993 135.6956 118.8487 109.0751 100.7402 77.32074 93.28024 132.7885 152.0474 200.4566 237.9083 247.4413 255.675 225.4175 234.5199 257.4056 269.5398 289.3214 402.138 532.3058 678.651 714.683 562.9785 517.6274 527.0279 497.1417 414.5132 291.2938
211.292 210.1269 214.2337 220.4368 221.3296 213.1442 198.1464 190.1581 185.5788 176.3287 174.7289 180.1413 181.3763 182.3056 181.1615 177.5294 176.0654 175.7108 174.875 164.7609 165.8501 168.7439 172.0596 172.6033 161.9016 156.3769 157.2892 151.5346 144.5191 135.6131 135.6718 136.7495 130.7133 126.7027 147.0628 145.7912 129.8306 113.289 112.3034 121.1521 112.1026 110.3109 134.5369 173.9308 231.1562 262.3624 270.8917 296.9475 311.6233 336.0127 351.7545 386.2008 366.8192 420.7138 541.9946 713.016 808.4034 610.6808 397.009 357.6545 368.803 393.2331 410.2997
206.8165 205.2044 205.4841 217.8908 218.8662 213.6123 206.4205 201.2691 198.402 182.2618 163.4464 170.6601 175.943 179.0529 179.5919 175.4303 173.0974 171.3498 170.045 171.1925 172.2552 170.7337 171.476 169.7422 160.2131 159.3835 157.0274 150.0145 144.2876 138.4218 126.537 129.4499 123.4369 110.3729 124.622 127.0614 117.4101 103.7507 95.88728 114.4147 123.5282 128.5087 144.9722 166.1565 210.6639 264.246 258.1044 273.5774 301.8492 317.0547 337.3401 417.8086 465.9052 482.3128 524.4032 638.1981 849.9056 867.1476 587.8546 376.5381 256.5258 242.8448 293.8448
205.4124 203.5331 202.1817 208.7515 214.8617 211.5226 208.0142 206.2632 205.7603 197.6329 172.1303 162.0739 166.7246 167.6895 173.6657 171.2005 168.7495 164.5476 162.2624 171.2308 171.8412 166.9671 161.7973 160.647 160.0768 157.5246 154.5666 149.367 146.6102 141.4445 134.3879 136.9928 134.1803 113.2862 117.9692 121.4292 105.9064 96.26653 79.90038 91.94226 105.1961 113.3893 122.765 158.03 199.9401 238.0086 250.8094 246.158 258.7118 279.5681 297.3135 343.3793 437.5456 496.4962 514.6291 495.0789 655.8579 827.4161 801.4115 733.0468 452.0082 233.2171 181.0578
209.7584 209.3773 207.3239 204.2186 207.0419 208.4479 208.8594 209.6219 209.0423 208.9546 195.4114 171.7848 162.5587 165.3366 166.9102 169.2082 168.4554 164.5499 157.9135 160.1795 164.1245 161.4422 159.4928 161.3424 164.5137 155.8564 152.0839 151.5291 148.325 140.8709 134.2401 131.2958 133.2184 123.0987 121.2175 119.11 108.2005 96.28247 77.41839 77.40975 78.04908 91.66005 98.78033 115.8126 140.6034 192.0545 211.144 261.5369 278.4556 299.4141 332.0949 349.4892 390.5464 449.7178 480.277 388.584 423.2888 559.9554 610.1595 788.9954 832.9109 530.7315 281.6451
212.0451 213.4183 215.714 203.7502 204.3893 207.9241 210.2776 213.1814 211.336 211.8909 204.2189 192.228 175.8857 165.8147 163.1814 166.8444 171.2016 176.1048 169.2554 159.0498 161.4392 162.7429 164.1503 167.2785 167.096 158.9626 156.7787 154.8714 153.7667 143.0755 134.3154 123.0603 117.4021 124.4687 119.3985 115.6584 105.1634 95.03014 79.45792 73.2265 73.742 84.25423 98.66846 102.8612 125.4962 161.8381 193.0191 227.3102 263.9723 316.8407 396.1535 426.1714 333.784 381.5325 514.3282 400.9082 291.4462 330.7342 348.7115 533.2487 832.3468 862.6939 604.3571
209.3347 210.2656 214.0262 209.7034 205.3571 205.108 210.2572 214.8356 213.0517 211.7298 204.8765 193.6239 178.0214 168.1188 165.6649 165.3428 165.6906 175.5425 176.9812 166.9468 167.1129 167.2717 165.9275 169.2599 168.8669 166.1258 165.1353 164.0196 154.6913 151.7106 145.4751 132.3441 112.6602 110.8024 109.9079 103.4576 92.57323 89.91431 78.40603 66.25024 67.80466 72.11597 97.38291 106.3343 120.7438 153.3622 175.8194 205.688 258.251 308.5314 401.6168 459.5854 329.9413 276.3737 490.7271 546.2142 322.6505 222.3975 198.5757 267.4947 543.7982 806.8091 813.3857
205.9566 205.72 210.897 209.2774 206.3619 204.1457 206.7167 213.3096 211.517 209.9543 202.5966 191.8012 182.8762 175.6716 171.6177 168.0843 160.7015 163.4308 173.6182 170.6447 171.3853 174.1225 168.1183 168.341 170.1408 169.5916 169.5899 166.3572 164.5522 162.2323 161.2976 151.4819 133.7606 113.8536 117.2215 107.639 86.703 75.25216 78.55301 72.6404 60.02405 48.57086 65.58069 79.56798 97.47105 134.2777 171.8792 191.7319 240.6471 291.0105 416.5102 486.0794 352.7162 202.5775 343.7392 655.4295 553.6996 288.1753 141.0907 131.9182 294.6018 545.1487 703.89
206.1174 206.5945 206.9883 205.9291 206.215 206.5285 208.8439 207.696 208.089 206.4733 202.0984 194.2725 186.9533 181.3856 179.5526 177.2529 167.8736 163.5215 164.3764 164.2591 163.5491 176.4142 176.0891 171.6979 172.2816 170.3121 170.5783 171.3704 174.5292 178.6453 176.7355 160.1222 138.6132 137.9571 150.3081 136.4914 95.56919 72.92741 77.14575 86.95345 77.96104 51.79953 45.49276 52.8495 70.48719 99.36819 134.3828 165.0617 209.8636 266.2972 406.6002 537.0254 416.6786 191.2328 202.7045 550.9086 738.3886 561.4504 227.5237 96.07902 144.3293 349.8021 562.7578
209.1302 206.0182 203.5306 205.0787 206.1903 208.3507 207.8385 206.6545 206.0162 204.6615 202.2314 196.9785 190.8641 184.1282 181.0397 183.7539 176.0956 166.5079 165.5993 163.0535 155.9866 159.066 174.2715 171.3581 169.0085 173.9652 172.1694 172.2095 184.137 204.4836 198.1021 163.0293 136.8645 146.2991 173.2498 191.1976 153.359 88.5121 59.87811 101.1403 109.9041 80.64484 59.08644 45.06015 54.21918 80.74567 101.0836 127.8528 198.5011 254.9814 356.445 514.9097 459.6569 227.4402 157.6573 334.8114 650.7877 739.4577 431.5701 147.9055 102.3405 227.3611 484.0645
206.3648 206.5141 206.8717 207.2364 208.4671 209.9334 207.0718 206.8441 205.3485 203.7843 201.8858 198.4137 194.7525 185.6794 175.6253 181.5216 179.5697 173.6335 172.444 171.9191 163.4969 152.3907 161.4599 162.7967 164.5992 170.1847 167.9591 167.5956 189.5928 222.1854 243.5704 187.2823 132.5467 147.6641 171.9133 215.7284 210.0167 136.0517 62.57541 75.62582 124.6925 115.8379 93.01795 64.78081 57.26336 78.46572 89.85526 93.14992 150.0808 214.041 317.0335 456.3334 437.8197 243.9348 144.0096 254.7588 513.1211 638.4044 494.5208 245.6889 103.5583 174.7073 484.8458
