py_wake/examples/data/AJ_ParqueFicticio/Rough survey   Sector 1   Height 30m   Orographic turn.grd
DSAA
73  159
 258469   265669
 6501692   6517492
-136.9426   66.49902
[rows 0 to 26 of 159, columns 0 to 61 of 73]
1.351311 1.395917 1.39232 1.289152 1.248376 1.211323 1.151547 1.116159 1.069552 1.064585 1.152461 1.310484 1.40704 1.450436 1.516327 1.374769 1.131124 .7258908 .1177359 -1.160014 -3.918838 -5.103374 -4.336344 -.2944154 3.334 9.808356 7.254114 6.721115 6.326921 6.195299 7.130539 7.60189 7.678297 6.153379 4.989345 4.714181 3.744387 3.748922 3.688027 3.44172 3.133589 2.575312 2.027369 2.370014 2.671309 1.872648 1.638311 1.316444 1.203891 1.132744 1.055179 1.164077 1.213212 1.390207 1.877496 2.354642 2.837148 3.356024 3.700584 4.02075 4.410899 4.692335
1.384892 1.618218 1.422117 1.209922 1.078185 1.027119 1.011226 1.029515 .9898968 .8906906 .7901226 1.012435 1.151666 1.294503 1.436537 1.362735 1.159942 .7441984 .2888255 -1.079273 -2.712187 -2.655552 -2.173521 -.7231455 -.3459 3.517241 9.363364 9.965815 7.67218 7.43199 7.600221 8.169457 8.59205 7.870444 6.961078 6.051194 4.391398 2.567758 2.610617 2.43346 1.87331 1.279166 .7275984 1.316973 3.09229 2.602632 1.701085 .9396205 .7722816 .6739418 .3873533 .6937197 .7406048 1.173017 1.752012 2.227734 2.859599 3.435816 4.025712 4.536737 4.995427 5.374408
.6229509 2.655355 1.676668 1.195348 .9786053 .8918242 .8725157 .9035805 .984333 .9617301 .2981185 .3032749 .7601899 1.006809 1.409218 1.434993 1.22966 .9160326 .5221973 -.3052294 -1.220045 -.4224392 -1.334527 -2.713943 -.4852624 4.741931 8.27053 9.274771 8.915416 8.614729 8.337199 9.075809 9.505294 9.469908 9.209918 7.284147 4.849263 1.436874 1.210908 1.190148 .7064224 .5488589 .4358247 -.3356374 1.541769 2.622586 2.093854 1.185756 .4020357 -.3516461 -.8280616 -.7569889 .2843016 1.163246 1.657898 2.167329 2.859694 3.615574 4.392552 5.079046 5.768164 6.197775
-2.303478 .8106977 1.739182 1.142847 .8888236 .7531703 .7399298 .8444164 .9869766 1.066579 .8508219 -.1105795 -.08255859 .5287588 1.315053 1.573984 1.498804 1.177184 .7803563 .2098634 .0001964057 1.212237 .5368627 -.5489344 -.7704996 2.281308 7.000952 9.525694 9.623263 9.2794 8.884066 9.893087 10.78619 10.74412 11.20402 10.07029 6.780575 2.875364 -.5529271 -.5674412 -1.596459 -1.171794 .02910291 -.2273748 -.5174282 1.876106 1.423108 .794899 .04729788 -.6978225 -1.629691 -.4029255 .3392553 .926779 1.338359 2.01166 2.881955 3.887011 4.892768 5.855929 6.755673 7.367173
-4.980255 -2.271902 1.191177 1.308764 1.101763 .6186453 .4720074 .7639626 .999435 1.023372 1.243228 .8200386 -.3118344 .01438708 1.166772 1.718232 1.763097 1.512308 .9424102 .1454146 .9844564 1.85634 3.110204 1.797845 1.444703 2.406092 6.101221 8.19679 9.256507 9.767076 10.43271 10.87318 11.83981 11.5904 12.06503 12.25513 10.99534 6.233694 2.448938 -2.163792 -6.313568 -3.961736 -.005355637 .9496729 -.3077851 .1874788 -.4848934 -.205514 -.2629538 -.5888653 -1.373129 -.7926342 -.392388 .0394191 .6438174 1.566506 2.812692 4.132322 5.541771 6.896318 8.090154 8.995041
-5.234091 -5.163803 -3.01505 .6656724 2.101845 .5639043 .07578459 .8744605 1.351942 1.390196 1.324355 1.484021 .08140819 .5648562 1.038253 2.003299 2.234704 2.214474 1.871566 1.711558 1.419647 2.469154 3.270959 3.358044 2.967013 3.317518 5.62887 7.333809 8.56422 9.767008 11.22643 12.11553 9.70928 8.855678 8.897921 11.09161 15.32448 12.74246 5.295073 -3.533553 -6.65809 -4.441813 .7246853 2.209373 1.854671 -1.403442 -1.726581 -.6077872 .008222543 -.1448703 -.5477944 -2.030439 -1.899175 -1.527266 -.5976654 .8391111 2.588051 4.432549 6.4038 8.29961 10.1011 11.46507
-5.233587 -5.813251 -6.358756 -4.205382 -.1309543 1.30395 1.037118 1.074409 1.168309 1.272299 .8373032 .9199175 1.248985 1.050446 .782692 1.280073 2.874166 3.15199 3.613446 3.22814 2.615223 2.142486 3.417793 3.960203 3.481176 3.326276 5.182453 6.681346 7.951005 9.041634 10.19509 10.51295 8.026627 7.286636 8.125258 9.146566 10.92762 12.25901 9.271639 1.129473 .3799505 1.443389 2.099612 2.267556 -.4485691 -2.494383 -2.071491 .04268069 1.206183 .6373762 -.249026 -1.539319 -3.404405 -4.386917 -2.792658 -.3537977 2.207097 4.742255 7.477535 10.54816 13.43089 14.36415
-4.986247 -5.276776 -5.364262 -5.752358 -3.494549 -.3376572 .7253847 .9204239 1.007362 .8600024 .54621 .5107542 .8443501 .5080567 .17676 .5120543 2.291444 3.98038 4.735548 6.079878 5.234919 4.52986 4.155944 3.728663 2.045762 2.205298 4.251241 6.004026 6.90148 7.743095 7.803542 6.97058 6.721172 6.84915 7.599535 8.405931 8.913311 8.525639 7.908985 9.290545 8.373763 5.813997 3.783165 -.4342435 -4.54692 -2.5749 -.8337409 1.746598 2.588565 .867331 -.551829 -.9755058 -3.291272 -6.456346 -6.546741 -1.661016 1.821605 4.917584 8.697944 13.7906 15.59046 14.62042
-5.023506 -5.386174 -5.558306 -5.899956 -4.955092 -2.22875 -.6099641 .3267311 .8328719 .4894763 .1022111 .04582649 .1358667 -.3471922 -.9422864 -.7211774 .9492897 4.553922 6.435043 8.406823 9.681929 7.46277 5.924962 3.610364 1.314987 .09771263 2.325933 4.749311 5.184784 5.416971 5.336993 5.24426 5.371289 5.805539 6.768599 7.419261 8.180101 8.009271 8.213063 12.22177 14.915 10.71036 4.575932 -3.394551 -4.410863 -.1916557 2.135989 1.009578 1.333602 .5012372 -2.030359 -3.019465 -6.963701 -8.72984 -6.959332 -2.466798 1.4942 4.782361 9.168011 12.88697 15.69768 14.71231
-5.07232 -5.492942 -5.917108 -6.165184 -5.854738 -3.09283 .4562733 1.757444 1.142624 -.1085174 -.9940562 -.841872 -.424935 -1.001429 -2.462377 -2.688675 -.7181216 2.627478 6.702369 10.15627 12.62125 13.25479 10.26468 9.928587 4.976682 -.1045071 -.03666878 2.502939 2.517689 2.932039 3.601361 3.63476 3.674462 4.028463 4.531926 4.199872 6.28386 9.622026 9.317104 11.25199 16.18677 17.19501 8.241425 3.864967 1.650505 2.975419 2.03603 -1.687361 -1.646134 -.5777318 -3.208781 -8.164578 -10.78377 -5.764503 -2.058021 -1.724479 1.300703 3.904037 7.469284 7.551638 9.329958 10.3208
-5.123126 -5.504879 -5.895054 -5.972382 -5.478314 -3.815772 -2.046967 1.133219 1.105587 -1.56738 -2.608824 -2.067658 -.4843783 -.8297603 -2.734936 -4.938221 -4.15591 .9550246 4.197843 7.406394 12.27924 13.83141 13.4389 13.57737 14.74649 6.691574 .9850892 -.6175331 .642939 1.884804 1.505136 1.480315 1.807779 1.872722 1.917315 3.194596 4.885667 7.122134 9.668926 9.267364 9.405624 8.487229 6.986257 10.77988 15.95107 7.701472 1.427675 -3.483628 -4.814175 -4.39862 -5.147933 -9.298243 -6.938575 1.628634 3.448482 1.93544 .990156 2.85653 1.525051 .3182242 -.5953491 -.1019923
-4.886518 -5.225524 -4.997817 -4.1486 -3.99203 -3.823563 -3.117836 -2.022669 -.6375395 -4.112457 -4.924436 -2.675211 -.1120402 .9005105 -.6473504 -5.144178 -4.712065 -2.669126 1.882631 4.075592 7.741813 13.25149 17.17646 15.33941 13.97602 14.15603 2.919542 -.3090366 .9652961 .1175106 -.518489 -.262406 -.08533888 .04162996 -.131113 1.597821 3.458087 5.03026 7.922073 7.590143 6.6993 5.331931 5.477043 7.481647 11.66433 8.209871 2.194816 -.48813 -7.014564 -6.823861 -1.572085 -1.678862 1.524241 5.011103 7.952225 6.81279 4.370694 .02217879 -1.684444 -6.425272 -9.863395 -9.84757
-4.476093 -4.587633 -4.205091 -3.563881 -3.711589 -3.902997 -4.428638 -5.742058 -3.431 -5.94853 -3.797036 -2.474658 -3.105612 1.250066 .8963381 .7681617 -.6011778 -5.050047 -4.881477 -.4426377 4.386154 9.195334 14.70755 14.45716 13.28883 12.12451 11.96209 4.963151 .008318827 -2.439464 -2.043933 -1.877512 -1.679431 -1.355097 -1.300152 -.05670125 2.093396 3.201726 4.335308 5.81467 5.199341 3.854779 3.083971 4.50698 8.217037 6.334354 2.865902 -2.047389 -5.308794 -4.165593 2.497258 13.35646 11.95042 10.62396 10.86076 11.53431 5.043341 -3.429002 -12.89412 -20.01533 -21.50713 -19.41131
-3.958268 -3.689255 -3.857285 -3.792229 -3.926758 -4.366559 -5.085388 -6.650402 -5.344037 -3.41023 -1.864473 -3.595259 -5.782112 -5.388217 -1.69611 2.104675 .375722 -1.768751 -3.426632 -3.210576 -1.875167 3.089702 10.74995 13.42766 11.94619 10.74444 8.990993 5.960441 .8846567 -1.110723 -1.768181 -1.772879 -2.035776 -2.499974 -1.397223 -.5230941 1.073246 1.64784 1.806602 1.94305 2.824273 2.643584 .9492384 1.795325 5.531903 4.349974 1.980056 -1.066926 -3.446035 -2.088183 5.052227 14.02289 26.94187 21.89984 13.40399 -16.95974 -104.021 -116.362 -98.29842 -51.15992 -19.60472 -3.518521
-3.365543 -3.52224 -3.7463 -3.918863 -4.227094 -4.635934 -5.279359 -5.876457 -5.221782 -4.095986 -3.730778 -4.143444 -5.304227 -5.766321 -3.785606 -1.159396 -1.038091 -1.394361 -1.955693 -2.455036 -2.899001 -1.166344 1.313143 8.442953 11.69737 9.733791 7.861 5.2261 2.62456 .7099232 -.4061 -1.373226 -2.402569 -3.496032 -2.882083 -.2294723 .9542422 1.000387 -.3661008 -2.428432 -3.027933 -2.738001 -1.798515 -.975516 -2.465556 -.5323001 -3.448393 -3.149213 -2.723359 .5851753 4.286428 7.742783 11.70311 10.90014 -16.48558 -51.99332 -77.62404 -109.0433 -136.9426 66.49902 30.72671 28.45608
-3.010543 -3.472687 -3.80949 -4.038039 -4.334504 -4.775867 -5.294094 -5.892303 -6.028224 -5.114529 -4.087846 -4.16342 -4.726357 -5.039221 -3.746995 -1.459559 -1.032307 -1.329046 -2.321943 -3.189838 -2.284955 -3.173359 -4.932263 -1.979274 4.64875 10.80117 7.98105 5.157925 2.771891 .8076179 -.244083 -1.349717 -3.939414 -8.0159 -7.451802 -.04112533 4.382216 2.032645 -.885841 -6.469569 -8.083316 -5.318347 -2.346028 -3.993902 -7.496677 -9.159861 -7.057477 -4.713847 -2.106982 1.875479 1.219284 -.8123657 -6.049706 -19.44127 -45.00211 -77.65677 -70.85919 -21.98585 -.6083072 15.3727 27.05439 34.51514
-2.937453 -3.290138 -3.73177 -4.011714 -4.309639 -4.696803 -5.174418 -5.583938 -5.642869 -4.99594 -4.457263 -4.164606 -4.044774 -3.684261 -3.090383 -3.105389 -2.448473 -1.553189 -2.422399 -2.99224 -2.888624 -3.468941 -4.972881 -6.581213 -5.798756 1.296906 8.903035 6.059367 2.676566 .4327611 .2848659 -1.130383 -6.303542 -11.4989 -5.228577 -2.660901 2.94337 3.843424 -1.261147 -9.702936 -11.85761 -7.473383 -5.991866 -7.054739 -10.35052 -11.48814 -10.04588 -9.289908 -8.332007 -1.500998 1.801748 -7.607817 -20.88049 -25.11088 -19.72474 -10.05782 -1.146571 2.107943 5.63252 7.895775 12.01645 17.42038
-2.918397 -3.388721 -3.617221 -3.970806 -4.239341 -4.558627 -4.926458 -5.20793 -5.232958 -5.055313 -4.524213 -3.874603 -3.238647 -3.027935 -3.179905 -3.378188 -3.244783 -2.814762 -2.957202 -3.220443 -3.500327 -3.921347 -4.854314 -6.069111 -6.436839 -6.171371 -2.032488 2.741013 2.551104 2.597123 1.8495 -3.45413 -8.184561 -5.906298 -1.498116 -3.058829 .1213514 2.753718 -2.480061 -9.212795 -15.08498 -16.65208 -14.89718 -13.97099 -15.36739 -11.61709 -10.63597 -11.29349 -5.606914 -.5363895 .8765371 -1.43198 -5.115483 -5.354101 -3.420854 -.05438177 3.664017 5.284036 4.647092 4.399033 6.645647 9.590348
-2.856416 -3.294272 -3.55472 -3.94617 -4.195532 -4.440554 -4.683716 -4.850875 -4.935983 -4.921175 -4.396859 -3.268475 -2.764106 -3.130614 -3.288993 -3.431238 -3.474159 -3.369997 -3.314325 -3.359023 -3.547369 -4.00599 -4.847761 -5.645087 -5.963409 -5.873265 -4.964415 -2.717239 .6159532 3.457679 2.018744 -3.195015 -6.951741 -3.329037 -1.201802 -3.292928 -1.616573 .6212426 -2.744013 -11.33437 -15.5007 -17.62715 -16.18755 -12.61111 -8.527062 -5.072893 -3.580351 -3.844919 -1.488905 -.07426582 .4708953 -.3773239 -1.026733 -.3113607 .08050737 2.284963 2.239217 3.861001 4.528828 3.992319 3.525717 4.566742
-2.746853 -3.150789 -3.633941 -4.05355 -4.21366 -4.347105 -4.414335 -4.457479 -4.5818 -4.624794 -4.08191 -3.929054 -3.337107 -3.250509 -3.478428 -3.575753 -3.685781 -3.736251 -3.471831 -3.304366 -3.361185 -3.681344 -3.729959 -3.724829 -4.643287 -5.691176 -6.29651 -4.543778 -.4875315 .05931366 -2.487144 -1.43425 -.3532914 -2.019421 -3.42465 -4.078173 -4.378864 -3.445388 -5.508843 -11.69346 -11.76718 -12.23781 -11.10642 -10.56689 -8.238506 -6.215544 -4.225415 -2.176862 -.7748985 -1.8963 -2.319138 -2.014364 -.1232161 .9361313 .7892318 .4759542 1.548825 1.739238 1.879679 3.804697 4.145037 3.150155
-2.440647 -3.061432 -3.733289 -4.157268 -4.24864 -4.177068 -4.206979 -4.165739 -4.156381 -4.16649 -3.911476 -3.922877 -3.708791 -3.666671 -3.676895 -3.748393 -3.810607 -3.884987 -3.43459 -3.155473 -3.196972 -3.281288 -3.237832 -3.36546 -3.943141 -4.577851 -4.68292 -4.639749 -4.245932 -2.485571 -5.251297 -.3338884 3.106413 -4.184549 -6.436069 -5.303154 -3.777137 -4.86944 -8.376995 -7.500885 -6.523568 -6.401285 -8.266557 -6.971031 -8.175511 -9.885818 -7.400294 -2.748683 -2.023449 -5.602521 -5.678413 -5.463107 -1.621245 -1.575078 -.715624 -.5722334 -.02581879 -.0032853 .9975801 3.751137 5.373681 4.667523
-2.395619 -2.605597 -3.432479 -4.216065 -4.150177 -4.008846 -3.886522 -3.81375 -3.708961 -3.821208 -4.026635 -3.995561 -3.84361 -3.835124 -3.886294 -3.78112 -3.764178 -3.734977 -3.467492 -3.719742 -3.770208 -3.600143 -3.243631 -3.361464 -3.793607 -4.129199 -4.128526 -4.085384 -6.408949 -9.757914 -6.651247 -1.547721 5.805876 3.297684 -3.662555 -6.936013 -8.460658 -7.135414 -5.725249 -3.090158 -3.76025 -5.727233 -7.046096 -8.082365 -9.729033 -11.01289 -8.992624 -5.833196 -5.493823 -7.730927 -8.929358 -7.294042 -5.70517 -4.059925 -4.080393 -3.558026 -3.352139 -1.869495 .8765951 5.912107 9.307348 8.40016
-2.682101 -2.924581 -3.276269 -3.709094 -3.753219 -3.715596 -3.571616 -3.459098 -3.369289 -3.620369 -4.179986 -4.112932 -3.985791 -3.889953 -3.851737 -3.856637 -3.295551 -3.724577 -3.813322 -3.92257 -3.931523 -3.881337 -3.709393 -3.777552 -3.941365 -4.255646 -4.422614 -4.390041 -7.373238 -10.06836 -7.101715 -2.634573 3.250442 5.25308 -.5402721 -8.474265 -11.44913 -10.16823 -2.268812 2.169587 -1.436584 -6.268383 -8.317961 -9.596088 -10.39832 -10.45611 -10.16513 -10.32474 -11.32848 -10.76269 -11.35053 -11.23604 -9.100333 -7.787809 -6.818764 -6.809388 -4.314104 -.7073978 2.302695 8.122764 12.57238 11.88421
-2.973738 -3.354863 -3.312587 -3.104429 -3.20828 -3.325348 -3.279392 -3.25334 -3.166068 -3.586632 -4.106143 -4.141758 -4.019826 -3.980999 -3.779849 -3.650602 -3.148954 -3.431067 -3.843843 -4.002231 -4.088595 -4.183029 -4.126936 -4.094801 -4.231524 -4.520912 -4.986347 -5.65854 -6.81484 -7.274328 -3.089115 -3.6245 -1.168956 3.618884 .8054526 -6.504592 -10.80474 -11.2914 -5.241965 2.824707 2.529918 -4.63622 -7.401078 -10.55429 -10.60135 -11.61309 -12.38247 -13.38021 -14.86541 -15.32282 -14.99995 -13.50817 -11.25948 -9.647398 -8.467661 -7.45897 -3.439318 1.508884 6.698844 10.76789 13.02594 12.46063
-2.881168 -3.329015 -3.092996 -2.852813 -2.970534 -3.077005 -3.062107 -3.082824 -3.036901 -3.786623 -3.898471 -3.999113 -3.948255 -3.833136 -3.660569 -3.66517 -3.579878 -3.627285 -3.923705 -4.140964 -4.256845 -4.367109 -4.46545 -4.402837 -4.321019 -4.391402 -5.029219 -6.168942 -5.677542 -2.557668 -1.008474 -3.79272 -5.067774 -2.245593 -.3184021 -4.449585 -7.85347 -8.438263 -6.861576 -2.121377 -1.633116 -3.156594 -6.768685 -9.985577 -10.48623 -12.94425 -14.19767 -15.59312 -16.92689 -17.50571 -18.52786 -16.85251 -13.16951 -9.269237 -6.578495 -5.948961 -1.47811 5.631944 11.73005 12.218 12.26186 10.24422
-2.918616 -2.974136 -2.906894 -2.720202 -2.741713 -2.866659 -3.036496 -2.992125 -3.028175 -3.729771 -3.689452 -3.715103 -3.702084 -3.618068 -3.496476 -3.539849 -3.685794 -3.83679 -4.068821 -4.264619 -4.298319 -4.368175 -4.606508 -4.59742 -4.397088 -4.036607 -4.418417 -5.612285 -5.083073 -1.880251 -2.083931 -4.009995 -5.008306 -7.184735 -3.32199 -2.927562 -6.617954 -7.686031 -7.171819 -5.618348 -2.896057 -2.697109 -7.354416 -8.952104 -10.93683 -13.3642 -14.66654 -16.83231 -17.99764 -19.29995 -19.18689 -17.96769 -14.51919 -7.853143 -2.923086 -2.214546 1.382389 10.43832 15.25749 14.12316 10.03283 7.127818
-2.99082 -2.678533 -2.643582 -2.611366 -2.680934 -2.75912 -2.916471 -3.033142 -3.168037 -3.124367 -3.202696 -3.413997 -3.481326 -3.424365 -3.509877 -3.536611 -3.742368 -3.945053 -4.115542 -4.270369 -4.247236 -4.238676 -4.212996 -4.171601 -4.911606 -5.386538 -4.551854 -5.294111 -5.225238 -4.300143 -3.771604 -4.017839 -4.603626 -5.358914 -5.236808 -6.252115 -6.602931 -6.905625 -6.26622 -3.878173 -3.572147 -4.876382 -7.368446 -9.862234 -11.52185 -13.06497 -15.12736 -18.20551 -19.57889 -19.58707 -19.08881 -17.80118 -14.50626 -6.90453 1.450519 3.318612 6.24806 11.53786 16.25105 15.21711 8.733541 3.956136
