py_wake/examples/data/AJ_ParqueFicticio/Rough survey   Sector 1   Height 30m   Orographic speed.grd
DSAA
73  159
 258469   265669
 6501692   6517492
 .01442822   2.196222
[rows 112 to 139 of 159, columns 0 to 62 of 73]
1.492956 1.472823 1.443739 1.420903 1.404924 1.378169 1.341923 1.350106 1.398203 1.437309 1.432236 1.440798 1.428135 1.448188 1.417404 1.29244 1.170901 1.169694 1.179509 1.153143 1.118093 1.217301 1.308829 1.416559 1.508841 1.535619 1.55566 1.553915 1.543786 1.551799 1.617227 1.672539 1.629309 1.506404 1.385486 1.291735 1.25791 1.303872 1.369644 1.444775 1.527139 1.559326 1.549235 1.506089 1.438557 1.370711 1.319018 1.321319 1.315124 1.344967 1.327346 1.276956 1.232889 1.185264 1.16642 1.16256 1.166372 1.166149 1.140884 1.077236 1.00933 1.040085 1.073992
1.599121 1.557057 1.543832 1.53507 1.532611 1.532573 1.528821 1.541771 1.558705 1.550218 1.532078 1.550152 1.532722 1.504972 1.419283 1.3267 1.251762 1.258081 1.240108 1.173857 1.144639 1.152826 1.242932 1.432671 1.511419 1.541211 1.483054 1.403153 1.410905 1.477883 1.536581 1.67549 1.80549 1.847813 1.723959 1.583783 1.460108 1.41911 1.464247 1.534184 1.617876 1.646979 1.613966 1.518079 1.418115 1.343289 1.296994 1.274482 1.24814 1.159095 1.081923 1.065739 1.077022 1.095005 1.110254 1.138888 1.155177 1.169715 1.17133 1.145221 1.090178 1.006007 1.015954
1.764329 1.720588 1.700238 1.677326 1.658612 1.66574 1.69752 1.707996 1.680173 1.634063 1.634457 1.642308 1.568208 1.482144 1.380426 1.320653 1.356595 1.352306 1.266426 1.182707 1.109157 1.164058 1.228293 1.374932 1.434534 1.454208 1.421717 1.39045 1.365288 1.395306 1.463485 1.604745 1.720537 1.836849 1.905137 1.874667 1.777161 1.715543 1.731887 1.780753 1.83402 1.820423 1.723062 1.587319 1.487411 1.416945 1.348436 1.292611 1.223955 1.118731 .9851998 .9507388 .966777 1.045749 1.086938 1.112907 1.141278 1.153648 1.176107 1.203479 1.219292 1.18153 1.040295
1.857759 1.844002 1.82739 1.798107 1.772982 1.774416 1.784559 1.771705 1.747735 1.734651 1.754229 1.709895 1.616927 1.511452 1.444589 1.452875 1.514468 1.513327 1.45176 1.39893 1.353491 1.291068 1.229636 1.240397 1.263548 1.266611 1.26326 1.265431 1.269328 1.269 1.349599 1.464992 1.543347 1.649678 1.745686 1.873105 1.962884 2.006199 2.057351 2.115947 2.092771 2.050464 1.967003 1.856611 1.725854 1.601478 1.462462 1.354868 1.268199 1.170103 1.071855 .9896984 .974754 1.01904 1.07748 1.106572 1.122274 1.14675 1.162855 1.197984 1.205765 1.205956 1.169578
1.757401 1.784367 1.779997 1.775488 1.77496 1.773188 1.763157 1.770745 1.805141 1.807714 1.824191 1.799935 1.764984 1.718046 1.681504 1.730739 1.777841 1.775524 1.798296 1.799881 1.736515 1.600762 1.378119 1.213936 1.107217 1.118508 1.164364 1.16866 1.176622 1.222919 1.317082 1.353978 1.384749 1.452474 1.597459 1.781391 1.946992 2.069093 2.175762 2.185466 2.196222 2.192638 2.144094 2.070593 1.950677 1.800613 1.645427 1.494294 1.358549 1.244586 1.148051 1.078899 1.050418 1.040293 1.043664 1.077081 1.088722 1.116285 1.149547 1.185699 1.187642 1.204064 1.169578
1.552361 1.59157 1.602232 1.614897 1.634747 1.651101 1.673685 1.726142 1.792791 1.83877 1.873896 1.893154 1.898807 1.914307 1.899014 1.865843 1.893809 1.900947 1.947032 1.945807 1.909204 1.807618 1.628284 1.351958 1.157877 1.054938 1.071437 1.1372 1.203007 1.244789 1.313097 1.365848 1.444635 1.531674 1.680029 1.807445 1.850309 1.907526 1.947321 2.053294 1.993965 1.943237 1.920212 1.896069 1.89764 1.823447 1.708323 1.571736 1.417553 1.285748 1.190981 1.132208 1.096336 1.066609 1.052135 1.051623 1.047564 1.063423 1.072117 1.141472 1.187619 1.184616 1.137553
1.198611 1.243348 1.288322 1.345191 1.416167 1.493854 1.57405 1.647361 1.701924 1.73681 1.748801 1.841125 1.887105 1.910482 1.90902 1.874047 1.828855 1.783469 1.771674 1.749911 1.729507 1.720258 1.664418 1.505478 1.255678 1.092377 .9972683 1.090021 1.252861 1.299024 1.340365 1.390574 1.446338 1.549745 1.595079 1.60437 1.608597 1.621857 1.586411 1.565844 1.55031 1.543234 1.53215 1.491231 1.48932 1.540161 1.526938 1.451802 1.364606 1.272918 1.215756 1.174891 1.151578 1.124949 1.10629 1.08361 1.074941 1.065279 1.046764 1.019529 1.023016 1.062331 .9924888
.8620026 .9241949 1.026195 1.160609 1.289513 1.408122 1.519538 1.613547 1.654825 1.646214 1.587058 1.55305 1.597342 1.647321 1.683953 1.700143 1.643782 1.510037 1.396734 1.32638 1.298342 1.302091 1.373443 1.466738 1.406194 1.259741 1.18207 1.174345 1.255198 1.360853 1.34346 1.354769 1.367583 1.383365 1.35273 1.351195 1.3989 1.426432 1.339315 1.244252 1.167274 1.179579 1.242146 1.261153 1.213824 1.183277 1.207592 1.216432 1.202554 1.17523 1.170887 1.177942 1.176486 1.16387 1.159224 1.14696 1.147363 1.137842 1.121071 1.029803 .8878664 .8042228 .7823244
.8231002 .9249108 1.040163 1.159978 1.280606 1.400154 1.517694 1.64301 1.693845 1.64064 1.467167 1.34175 1.291944 1.314266 1.414849 1.498088 1.500303 1.408702 1.28559 1.163402 1.087697 1.083404 1.123083 1.269328 1.401636 1.372272 1.282701 1.203485 1.209445 1.238369 1.238268 1.284156 1.293425 1.230185 1.204365 1.231166 1.306277 1.359266 1.339958 1.230568 1.098825 1.017648 1.061668 1.167879 1.161263 1.090863 1.047985 1.042839 1.049909 1.062863 1.076731 1.086966 1.141082 1.155417 1.165635 1.16657 1.155357 1.138335 1.075984 .9571154 .8574681 .8002836 .7486975
1.084035 1.097407 1.154998 1.235378 1.33054 1.455656 1.546135 1.648868 1.660984 1.61219 1.486724 1.346613 1.205248 1.135544 1.153649 1.245239 1.314213 1.352083 1.339694 1.257612 1.16387 1.081774 1.043901 1.081694 1.18724 1.257817 1.248237 1.157222 1.104619 1.104194 1.154725 1.196623 1.169375 1.111045 1.135212 1.222835 1.304713 1.378745 1.388277 1.322742 1.183359 1.059555 .9953237 1.035819 1.106367 1.123931 1.098866 1.079924 1.064938 1.058237 1.052826 1.047927 1.050963 1.104496 1.128801 1.125081 1.109506 1.011741 .9016402 .8521501 .802536 .761536 .8275211
1.235008 1.201031 1.221918 1.290606 1.389158 1.52193 1.598732 1.680975 1.612183 1.571654 1.58846 1.499203 1.381654 1.246046 1.092463 1.000356 .9683354 1.043267 1.113393 1.165103 1.115454 1.033758 .9816728 .92832 .9392937 .9847561 1.126372 1.16046 1.095356 1.067884 1.1011 1.130058 1.106027 1.160001 1.246985 1.357137 1.388338 1.389544 1.355432 1.346605 1.257473 1.104214 .9721838 .9156233 .971655 1.069577 1.136297 1.1585 1.14907 1.11603 1.085497 1.060311 1.024389 1.000142 1.005231 .9984812 .9589759 .8933617 .8751991 .8937905 .9487194 1.000089 1.05976
1.340978 1.327797 1.359021 1.407352 1.483583 1.571133 1.622549 1.564127 1.521436 1.517055 1.591063 1.636435 1.598096 1.517953 1.315233 1.135514 .9836063 .876027 .8331757 .8591426 .8974034 .905265 .9052716 .9269203 .9255424 .9171007 .9179145 .9950091 1.05521 1.101505 1.12706 1.140173 1.1835 1.304797 1.408786 1.413293 1.370957 1.293823 1.202496 1.181471 1.204607 1.138907 1.022596 .9211321 .8981651 .9430729 1.030877 1.118968 1.183412 1.182731 1.146132 1.113562 1.075997 1.00857 .926393 .827562 .7749751 .8093395 .882355 1.007277 1.10519 1.136442 1.16576
1.485972 1.534136 1.541613 1.553371 1.585192 1.608017 1.537131 1.409802 1.34163 1.357996 1.434555 1.559858 1.610517 1.639051 1.608439 1.531697 1.403489 1.233343 1.102954 1.026104 1.028351 1.064055 1.078943 1.052932 1.015919 .9443913 .901386 .8788468 .9181039 1.013472 1.104322 1.220295 1.323903 1.41563 1.419379 1.385433 1.299448 1.191483 1.102829 1.026088 1.013761 1.085422 1.098578 1.036398 .9785604 .9483775 .9313874 .9809058 1.072163 1.184391 1.202219 1.175567 1.134561 1.061678 .9540949 .8387061 .7845896 .8218497 .8960599 1.014601 1.126658 1.177346 1.190576
1.468491 1.562799 1.623037 1.62554 1.613089 1.520913 1.355146 1.187053 1.14588 1.18174 1.267027 1.346825 1.466775 1.591946 1.632784 1.684829 1.691365 1.687221 1.63996 1.569835 1.53101 1.513535 1.434522 1.307848 1.143441 1.041731 1.039527 1.031451 1.03542 1.090281 1.169071 1.224115 1.304524 1.344149 1.335966 1.298967 1.197017 1.112889 1.06649 1.041789 1.010511 .9908963 1.050093 1.08231 1.07099 1.034861 .9909861 .9428558 .9267447 1.021473 1.13053 1.137097 1.074411 .9486619 .8502529 .8160369 .8071077 .8328575 .8705325 .9792737 1.088742 1.166304 1.208575
1.473705 1.547008 1.612542 1.621925 1.58186 1.487746 1.325365 1.208592 1.158186 1.12353 1.121662 1.17423 1.276842 1.341168 1.367272 1.396207 1.483153 1.644151 1.719172 1.76615 1.759597 1.690965 1.619512 1.497911 1.384662 1.326205 1.368305 1.38508 1.354421 1.283435 1.241751 1.214276 1.182916 1.20884 1.240373 1.233073 1.167347 1.115069 1.068473 1.041477 1.038029 .9964455 .9525504 .9571238 .9852748 1.010236 .9948424 .94372 .8868038 .7993982 .8544441 .8728095 .8245147 .8109359 .780194 .7543761 .7438934 .7843107 .9238355 .9879738 1.059159 1.141005 1.172325
1.506942 1.581077 1.617043 1.619353 1.558327 1.492391 1.408595 1.340863 1.240571 1.133678 1.040524 1.081338 1.12861 1.135086 1.15304 1.173687 1.206882 1.355875 1.533589 1.620657 1.629656 1.586526 1.537196 1.506828 1.437915 1.374366 1.357121 1.373583 1.38578 1.323286 1.250143 1.171497 1.188284 1.226204 1.217213 1.175317 1.15054 1.131708 1.06586 .9882222 .9416526 .9529009 .9605474 .9217971 .9085745 .9123315 .9431936 .9511154 .9213471 .8194813 .7359689 .744571 .822467 .820573 .738207 .7283903 .8325899 .9388084 .9673907 .9868593 1.024916 1.045327 1.065269
1.361062 1.514282 1.582788 1.603841 1.539373 1.474247 1.406543 1.342299 1.270053 1.173539 1.093294 1.018687 1.025808 1.043586 1.093409 1.125068 1.111769 1.131551 1.231307 1.300999 1.337506 1.363455 1.365423 1.367488 1.342999 1.247137 1.148167 1.098118 1.116841 1.12041 1.101698 1.166424 1.20575 1.210129 1.161063 1.079869 1.034183 1.002572 .9559668 .8968294 .8458359 .8291227 .8455769 .885658 .9061995 .9000113 .896703 .9465562 1.013729 1.007693 .9418626 .9054036 .9377396 1.017711 1.077132 1.114886 1.127998 1.08401 .9813033 .9195056 .9333471 .9169738 .8937695
1.265399 1.433878 1.531531 1.557738 1.500319 1.35622 1.228442 1.162136 1.109338 1.066979 1.020427 .9863669 .9667698 1.01311 1.085647 1.117714 1.066649 1.008465 .9869455 1.047406 1.108856 1.18688 1.218204 1.251102 1.26794 1.194663 1.031672 .8915646 .8267329 .8364528 .9262424 1.001203 1.034397 1.009583 .9676117 .9192104 .8692499 .8518185 .8459049 .8348881 .8079751 .7864063 .7753923 .7869776 .8176166 .8898243 .9016711 .9200901 .9747876 1.050773 1.046528 1.001475 1.035336 1.150555 1.253747 1.297647 1.253704 1.164156 1.003719 .8943791 .8376433 .8370324 .9020401
1.402594 1.498162 1.491318 1.383833 1.321938 1.286905 1.217634 1.126243 1.018396 .9619864 .9330101 .9327605 .9674755 1.001937 1.061233 1.09764 1.074696 1.019109 .9223101 .8974134 .9649391 1.052577 1.100984 1.163018 1.239866 1.209321 1.125858 .9749053 .8871499 .8455939 .8156703 .8261946 .7744593 .7605668 .7706534 .7712269 .7773719 .8244662 .8916584 .90138 .8889181 .8421893 .7906684 .7630668 .7421553 .7964465 .8740245 .9238947 .9399242 .9823466 1.006728 1.019194 1.068732 1.182495 1.248334 1.255762 1.246553 1.19751 1.119639 1.04558 .9818721 .921001 .9158074
1.598047 1.578033 1.449067 1.314626 1.231274 1.258194 1.313918 1.304953 1.252747 1.22084 1.14161 1.117214 1.103169 1.035578 1.01527 1.061757 1.141598 1.102594 1.010632 .9237528 .9112852 .9736378 1.011911 1.062343 1.131449 1.184844 1.221622 1.232472 1.228969 1.168239 1.063006 .8853052 .7753266 .6717151 .6478143 .7075567 .7851456 .8893179 .9708748 .9987426 1.027802 .9864509 .9861925 .9379202 .8901495 .8652387 .8546127 .8855193 .9220619 .9246312 .949603 1.032936 1.147139 1.217332 1.2423 1.253848 1.278417 1.261336 1.275316 1.234301 1.109757 .9789849 .9107935
1.590125 1.489601 1.395622 1.327091 1.254207 1.232358 1.27266 1.311382 1.333395 1.312465 1.299599 1.258058 1.174767 1.12026 1.051737 1.06923 1.136019 1.182482 1.116295 1.027332 .9566928 .9356964 .9594309 .9892569 1.05941 1.137461 1.246966 1.3644 1.371264 1.366722 1.312493 1.208044 1.060547 .8830215 .7825266 .7332529 .8004177 .9010573 .9847845 1.053315 1.091518 1.110553 1.117391 1.109235 1.099609 1.062399 .9798884 .8993788 .839937 .8562521 .930128 1.045549 1.207813 1.256337 1.24274 1.265435 1.286689 1.263828 1.282837 1.228266 1.168337 1.076203 .999477
1.529872 1.374214 1.268687 1.21257 1.140506 1.154362 1.162138 1.213227 1.275003 1.244563 1.192453 1.142656 1.108161 1.057563 1.027231 1.031909 1.054871 1.103392 1.120536 1.052403 1.009769 .9699313 .9723644 .9912723 1.005854 1.056116 1.158434 1.224085 1.269263 1.307926 1.334655 1.335708 1.302026 1.164762 1.00393 .9178906 .841646 .8205418 .8574776 .9563074 1.021497 1.042154 1.082771 1.115783 1.154751 1.129476 1.079677 .9874081 .8611594 .8655727 .9076489 .9541507 1.038452 1.146908 1.193917 1.234532 1.275705 1.294641 1.330972 1.310807 1.231925 1.171213 1.083701
1.433458 1.293568 1.187098 1.116082 1.103268 1.149548 1.220295 1.314979 1.367693 1.363859 1.310982 1.173741 1.04184 .9639764 .9254082 .9135497 .900906 .9351922 1.010343 1.040071 1.012648 .9746261 .9358425 .9308776 .9325431 .9338668 .9714102 1.056493 1.096667 1.126437 1.131255 1.153241 1.216711 1.212068 1.135891 1.007643 .9076682 .8292372 .8222209 .8425202 .8875146 .9189361 .9474202 .9907845 1.038283 1.050568 1.032393 .9856992 .9055085 .8590199 .8737726 .8973338 .9049734 .957226 1.076335 1.163706 1.226482 1.27725 1.324108 1.331227 1.337381 1.272791 1.221921
1.449299 1.31612 1.230253 1.14697 1.184899 1.213501 1.259137 1.288881 1.355577 1.431835 1.45242 1.371929 1.209954 1.038787 .9361678 .8365358 .7988191 .8385115 .9081287 .9775328 .9942659 .9707395 .9732066 .9620667 .9188071 .9078858 .9402182 .9768164 1.044283 1.064945 1.027903 .9810226 .9677034 1.053176 1.063978 .992951 .9259539 .8389542 .7900931 .7940134 .8385207 .8677602 .8615395 .8726364 .892312 .8866393 .8438953 .8220173 .8331144 .7889213 .8166056 .8569338 .881676 .8924096 .9668882 1.057748 1.144046 1.218653 1.282154 1.304492 1.32353 1.320989 1.276929
1.523766 1.403806 1.295483 1.235029 1.218547 1.225861 1.146965 1.077973 1.117095 1.213767 1.317331 1.387887 1.348856 1.27819 1.149795 .9972166 .8520045 .7741229 .8352768 .8917173 .9357476 .9830206 1.013815 1.025252 1.008708 .9902089 .968083 .9553232 .9588953 1.005931 1.031115 .9781151 .891391 .8706431 .9054161 .914101 .884131 .8688416 .8443261 .8447851 .8516477 .8732893 .8496412 .8290831 .7843467 .7489325 .7669988 .7650315 .7815033 .8167088 .8526722 .8450321 .8626879 .8609906 .8849146 .9650899 1.049571 1.131106 1.211569 1.272909 1.30677 1.295696 1.272468
1.497637 1.4005 1.306485 1.230263 1.187074 1.125312 1.007035 .970413 .9632475 .9541624 1.014516 1.141638 1.261799 1.281217 1.260488 1.119743 .9655412 .8366932 .7825973 .7833726 .8609741 .9507004 1.004496 1.054868 1.062434 1.04844 1.009743 .9540691 .8930003 .8681309 .9129242 .9382982 .9021719 .8384366 .8215533 .8298147 .8553016 .8686684 .8577988 .8864887 .9135692 .913791 .913613 .9130163 .8785224 .8438575 .8782365 .9640867 1.011524 1.018085 .9349818 .8478164 .8210593 .8244621 .8005293 .8068129 .8851029 .9740695 1.062946 1.153603 1.237731 1.276306 1.264833
1.319518 1.296813 1.247757 1.185086 1.085765 1.004255 .9464244 .9779236 .9433987 .8659324 .8046882 .8823019 1.024601 1.100531 1.148055 1.172774 1.083721 .953982 .8299026 .7821932 .81303 .8894298 .9320235 1.003538 1.054814 1.051305 1.003875 .9311189 .8659245 .8189332 .8101305 .8581853 .8963026 .8889449 .849772 .8338456 .8403779 .8382896 .8332958 .8563626 .9047068 .9390536 .935259 .9422802 .9586264 .9484664 .9779122 1.015645 1.016884 1.026259 .9692556 .8747199 .7708489 .7687107 .7926631 .770507 .7203261 .7459995 .8362375 .9651315 1.081745 1.174776 1.226179
1.172924 1.175179 1.180972 1.118829 1.010239 .9645032 .9831256 1.026468 1.029785 .9571401 .8629502 .7904643 .8190516 .9125057 .9594224 1.090477 1.113225 1.076412 1.004199 .855738 .8316478 .8595569 .9315416 1.029237 1.027752 .9861384 .9352039 .890877 .845321 .8328003 .8131458 .8131043 .8610906 .9064587 .8882253 .8797349 .8537401 .8201496 .8106301 .8165067 .7991263 .824827 .848463 .8565255 .8577513 .8731022 .8689565 .8851787 .8918655 .9367422 .9751577 1.038445 1.033186 .9770224 .8471863 .7825787 .7274774 .6978869 .6984279 .7842298 .9184364 1.043492 1.142106
