py_wake/examples/data/AJ_ParqueFicticio/Rough survey   Sector 6   Height 30m   Weibull-k.grd
DSAA
73  159
 258469   265669
 6501692   6517492
 .7480469   2.744141
[rows 84 to 111 of 159, columns 0 to 62 of 73]
2.259766 2.259766 2.251953 2.251953 2.248047 2.240234 2.236328 2.228516 2.220703 2.224609 2.232422 2.240234 2.240234 2.240234 2.232422 2.255859 2.263672 2.271484 2.279297 2.283203 2.275391 2.275391 2.275391 2.275391 2.275391 2.291016 2.310547 2.310547 2.310547 2.310547 2.310547 2.310547 2.306641 2.310547 2.310547 2.310547 2.294922 2.275391 2.298828 2.310547 2.310547 2.310547 2.310547 2.310547 2.310547 2.310547 2.310547 2.310547 2.310547 2.333984 2.326172 2.310547 2.310547 2.310547 2.302734 2.302734 2.310547 2.310547 2.330078 2.369141 2.416016 2.431641 2.451172
2.244141 2.248047 2.248047 2.244141 2.236328 2.232422 2.228516 2.216797 2.212891 2.216797 2.220703 2.220703 2.212891 2.220703 2.240234 2.251953 2.251953 2.251953 2.279297 2.287109 2.279297 2.287109 2.283203 2.291016 2.287109 2.291016 2.302734 2.310547 2.310547 2.306641 2.310547 2.310547 2.302734 2.306641 2.294922 2.310547 2.298828 2.275391 2.291016 2.306641 2.310547 2.310547 2.310547 2.310547 2.310547 2.310547 2.310547 2.310547 2.310547 2.310547 2.310547 2.310547 2.310547 2.310547 2.302734 2.302734 2.310547 2.322266 2.349609 2.384766 2.423828 2.443359 2.466797
2.236328 2.240234 2.240234 2.232422 2.228516 2.228516 2.216797 2.212891 2.208984 2.205078 2.205078 2.205078 2.216797 2.224609 2.240234 2.248047 2.248047 2.255859 2.263672 2.263672 2.275391 2.283203 2.291016 2.302734 2.294922 2.267578 2.255859 2.271484 2.291016 2.306641 2.310547 2.310547 2.306641 2.302734 2.294922 2.310547 2.302734 2.294922 2.310547 2.306641 2.302734 2.306641 2.310547 2.310547 2.310547 2.310547 2.310547 2.310547 2.310547 2.326172 2.318359 2.310547 2.310547 2.310547 2.310547 2.306641 2.318359 2.345703 2.376953 2.396484 2.439453 2.455078 2.478516
2.236328 2.232422 2.228516 2.220703 2.216797 2.216797 2.205078 2.212891 2.208984 2.197266 2.197266 2.197266 2.201172 2.208984 2.224609 2.236328 2.240234 2.244141 2.244141 2.251953 2.251953 2.248047 2.263672 2.291016 2.298828 2.248047 2.158203 2.197266 2.251953 2.310547 2.310547 2.310547 2.310547 2.310547 2.310547 2.306641 2.306641 2.310547 2.306641 2.302734 2.302734 2.310547 2.310547 2.310547 2.310547 2.310547 2.310547 2.310547 2.310547 2.341797 2.337891 2.310547 2.310547 2.310547 2.310547 2.310547 2.322266 2.361328 2.388672 2.408203 2.458984 2.482422 2.455078
2.228516 2.220703 2.208984 2.208984 2.201172 2.193359 2.193359 2.201172 2.185547 2.177734 2.177734 2.177734 2.177734 2.193359 2.208984 2.216797 2.224609 2.224609 2.228516 2.228516 2.224609 2.216797 2.205078 2.236328 2.291016 2.279297 2.169922 2.197266 2.283203 2.310547 2.310547 2.310547 2.310547 2.310547 2.310547 2.310547 2.310547 2.306641 2.302734 2.302734 2.306641 2.310547 2.310547 2.310547 2.310547 2.310547 2.310547 2.310547 2.310547 2.310547 2.310547 2.310547 2.310547 2.310547 2.310547 2.310547 2.314453 2.369141 2.396484 2.404297 2.482422 2.498047 2.494141
2.212891 2.201172 2.208984 2.205078 2.189453 2.181641 2.173828 2.169922 2.158203 2.166016 2.158203 2.166016 2.162109 2.169922 2.173828 2.173828 2.197266 2.208984 2.205078 2.216797 2.208984 2.197266 2.193359 2.228516 2.294922 2.310547 2.291016 2.283203 2.310547 2.310547 2.310547 2.310547 2.310547 2.310547 2.310547 2.310547 2.310547 2.310547 2.302734 2.306641 2.310547 2.310547 2.310547 2.310547 2.310547 2.310547 2.310547 2.310547 2.310547 2.310547 2.310547 2.310547 2.310547 2.310547 2.310547 2.310547 2.310547 2.345703 2.376953 2.392578 2.482422 2.498047 2.490234
2.205078 2.205078 2.205078 2.189453 2.177734 2.166016 2.146484 2.150391 2.146484 2.146484 2.142578 2.150391 2.142578 2.138672 2.150391 2.166016 2.169922 2.162109 2.197266 2.212891 2.224609 2.216797 2.228516 2.263672 2.310547 2.310547 2.310547 2.310547 2.310547 2.310547 2.310547 2.310547 2.310547 2.310547 2.310547 2.310547 2.310547 2.310547 2.302734 2.306641 2.310547 2.310547 2.310547 2.310547 2.310547 2.310547 2.310547 2.310547 2.310547 2.310547 2.310547 2.310547 2.310547 2.310547 2.310547 2.310547 2.287109 2.279297 2.283203 2.361328 2.474609 2.494141 2.486328
2.205078 2.197266 2.193359 2.185547 2.166016 2.138672 2.134766 2.134766 2.126953 2.138672 2.138672 2.130859 2.138672 2.126953 2.126953 2.126953 2.126953 2.115234 2.166016 2.244141 2.271484 2.259766 2.267578 2.298828 2.310547 2.310547 2.310547 2.310547 2.310547 2.310547 2.310547 2.310547 2.310547 2.337891 2.326172 2.310547 2.310547 2.310547 2.310547 2.302734 2.310547 2.310547 2.310547 2.310547 2.310547 2.310547 2.310547 2.333984 2.345703 2.326172 2.310547 2.310547 2.310547 2.310547 2.310547 2.310547 2.271484 2.263672 2.310547 2.396484 2.455078 2.486328 2.482422
2.193359 2.185547 2.177734 2.166016 2.142578 2.138672 2.130859 2.126953 2.130859 2.126953 2.138672 2.146484 2.134766 2.130859 2.130859 2.103516 2.095703 2.091797 2.158203 2.279297 2.310547 2.310547 2.306641 2.310547 2.310547 2.310547 2.310547 2.310547 2.310547 2.310547 2.310547 2.310547 2.310547 2.380859 2.314453 2.310547 2.310547 2.310547 2.310547 2.310547 2.302734 2.310547 2.310547 2.310547 2.310547 2.314453 2.326172 2.373047 2.376953 2.380859 2.353516 2.330078 2.349609 2.326172 2.333984 2.314453 2.310547 2.310547 2.357422 2.427734 2.416016 2.587891 2.486328
2.177734 2.166016 2.158203 2.154297 2.150391 2.130859 2.123047 2.115234 2.115234 2.123047 2.130859 2.138672 2.142578 2.134766 2.130859 2.130859 2.119141 2.119141 2.166016 2.291016 2.310547 2.310547 2.310547 2.310547 2.310547 2.310547 2.310547 2.310547 2.310547 2.310547 2.310547 2.310547 2.349609 2.396484 2.326172 2.310547 2.310547 2.310547 2.310547 2.310547 2.310547 2.310547 2.318359 2.341797 2.322266 2.326172 2.365234 2.376953 2.392578 2.392578 2.369141 2.357422 2.380859 2.373047 2.419922 2.431641 2.439453 2.416016 2.419922 2.439453 2.681641 2.681641 2.568359
2.166016 2.154297 2.142578 2.134766 2.126953 2.130859 2.111328 2.099609 2.099609 2.111328 2.115234 2.111328 2.130859 2.134766 2.154297 2.169922 2.173828 2.177734 2.208984 2.291016 2.310547 2.310547 2.310547 2.310547 2.310547 2.310547 2.310547 2.310547 2.310547 2.310547 2.310547 2.310547 2.369141 2.388672 2.310547 2.310547 2.310547 2.330078 2.310547 2.310547 2.310547 2.310547 2.326172 2.341797 2.326172 2.345703 2.361328 2.365234 2.376953 2.376953 2.357422 2.349609 2.384766 2.392578 2.423828 2.427734 2.431641 2.427734 2.427734 2.443359 2.478516 2.681641 2.681641
2.142578 2.130859 2.115234 2.119141 2.111328 2.115234 2.107422 2.107422 2.107422 2.107422 2.107422 2.107422 2.119141 2.126953 2.166016 2.208984 2.244141 2.240234 2.240234 2.283203 2.310547 2.310547 2.310547 2.310547 2.310547 2.310547 2.310547 2.310547 2.310547 2.310547 2.310547 2.310547 2.353516 2.388672 2.310547 2.310547 2.310547 2.326172 2.310547 2.310547 2.310547 2.310547 2.330078 2.341797 2.341797 2.349609 2.353516 2.384766 2.369141 2.369141 2.341797 2.345703 2.396484 2.404297 2.412109 2.412109 2.427734 2.439453 2.431641 2.451172 2.419922 2.681641 2.681641
2.126953 2.107422 2.115234 2.119141 2.115234 2.107422 2.115234 2.111328 2.107422 2.103516 2.103516 2.107422 2.115234 2.123047 2.181641 2.263672 2.306641 2.287109 2.263672 2.291016 2.310547 2.310547 2.310547 2.310547 2.310547 2.310547 2.310547 2.310547 2.310547 2.302734 2.298828 2.310547 2.365234 2.416016 2.318359 2.310547 2.310547 2.361328 2.345703 2.310547 2.310547 2.310547 2.322266 2.337891 2.337891 2.349609 2.361328 2.373047 2.353516 2.353516 2.322266 2.314453 2.333984 2.345703 2.380859 2.396484 2.423828 2.447266 2.447266 2.455078 2.462891 2.681641 2.681641
2.111328 2.107422 2.107422 2.119141 2.123047 2.115234 2.119141 2.119141 2.111328 2.107422 2.119141 2.123047 2.123047 2.134766 2.197266 2.291016 2.310547 2.310547 2.294922 2.310547 2.310547 2.310547 2.310547 2.310547 2.310547 2.310547 2.310547 2.283203 2.212891 2.251953 2.310547 2.310547 2.365234 2.416016 2.369141 2.310547 2.341797 2.380859 2.341797 2.310547 2.310547 2.310547 2.314453 2.322266 2.322266 2.322266 2.318359 2.341797 2.326172 2.322266 2.310547 2.294922 2.294922 2.306641 2.310547 2.310547 2.318359 2.384766 2.416016 2.451172 2.462891 2.482422 2.681641
2.119141 2.103516 2.095703 2.115234 2.115234 2.111328 2.111328 2.119141 2.123047 2.119141 2.138672 2.158203 2.169922 2.181641 2.228516 2.294922 2.310547 2.310547 2.310547 2.310547 2.310547 2.310547 2.310547 2.310547 2.310547 2.310547 2.294922 2.220703 2.244141 2.310547 2.310547 2.310547 2.400391 2.404297 2.388672 2.310547 2.318359 2.373047 2.345703 2.310547 2.310547 2.310547 2.310547 2.314453 2.310547 2.310547 2.302734 2.302734 2.263672 2.287109 2.248047 2.197266 2.208984 2.267578 2.310547 2.310547 2.310547 2.310547 2.353516 2.423828 2.451172 2.470703 2.681641
2.099609 2.080078 2.095703 2.115234 2.134766 2.134766 2.107422 2.123047 2.146484 2.146484 2.169922 2.201172 2.236328 2.248047 2.263672 2.294922 2.310547 2.310547 2.310547 2.310547 2.310547 2.310547 2.310547 2.310547 2.310547 2.291016 2.267578 2.302734 2.310547 2.310547 2.310547 2.326172 2.412109 2.408203 2.345703 2.310547 2.310547 2.310547 2.318359 2.310547 2.310547 2.310547 2.310547 2.306641 2.306641 2.298828 2.267578 2.240234 2.177734 2.111328 2.177734 2.208984 2.271484 2.310547 2.310547 2.314453 2.345703 2.396484 2.408203 2.419922 2.392578 2.443359 2.681641
2.099609 2.107422 2.115234 2.126953 2.158203 2.181641 2.134766 2.142578 2.185547 2.189453 2.220703 2.255859 2.279297 2.294922 2.291016 2.302734 2.310547 2.310547 2.310547 2.310547 2.310547 2.310547 2.310547 2.310547 2.287109 2.251953 2.310547 2.310547 2.310547 2.310547 2.310547 2.345703 2.412109 2.404297 2.318359 2.310547 2.310547 2.310547 2.310547 2.310547 2.298828 2.259766 2.275391 2.287109 2.298828 2.275391 2.224609 2.150391 2.099609 2.138672 2.259766 2.310547 2.310547 2.310547 2.314453 2.365234 2.416016 2.419922 2.341797 2.294922 2.365234 2.681641 2.130859
2.134766 2.142578 2.138672 2.138672 2.177734 2.228516 2.208984 2.177734 2.220703 2.236328 2.251953 2.291016 2.306641 2.310547 2.310547 2.310547 2.310547 2.310547 2.310547 2.310547 2.310547 2.310547 2.310547 2.310547 2.275391 2.306641 2.310547 2.310547 2.310547 2.310547 2.310547 2.349609 2.408203 2.404297 2.322266 2.310547 2.310547 2.310547 2.310547 2.310547 2.236328 2.197266 2.197266 2.279297 2.302734 2.310547 2.263672 2.189453 2.216797 2.267578 2.310547 2.310547 2.310547 2.310547 2.353516 2.404297 2.423828 2.396484 2.318359 2.240234 2.681641 2.681641 2.744141
2.181641 2.162109 2.154297 2.150391 2.197266 2.267578 2.275391 2.228516 2.248047 2.275391 2.279297 2.306641 2.310547 2.310547 2.310547 2.310547 2.310547 2.310547 2.310547 2.310547 2.310547 2.310547 2.310547 2.310547 2.310547 2.310547 2.310547 2.310547 2.310547 2.310547 2.310547 2.337891 2.392578 2.373047 2.318359 2.310547 2.310547 2.310547 2.306641 2.287109 2.224609 2.208984 2.248047 2.310547 2.310547 2.373047 2.388672 2.318359 2.275391 2.279297 2.310547 2.310547 2.310547 2.322266 2.376953 2.408203 2.419922 2.408203 2.349609 2.294922 2.681641 1.333984 2.744141
2.216797 2.197266 2.177734 2.177734 2.220703 2.279297 2.298828 2.279297 2.279297 2.298828 2.302734 2.310547 2.310547 2.310547 2.310547 2.310547 2.310547 2.310547 2.310547 2.310547 2.310547 2.310547 2.310547 2.310547 2.310547 2.310547 2.310547 2.310547 2.310547 2.310547 2.310547 2.310547 2.353516 2.353516 2.314453 2.310547 2.310547 2.310547 2.291016 2.255859 2.287109 2.310547 2.310547 2.310547 2.318359 2.435547 2.447266 2.384766 2.291016 2.287109 2.302734 2.310547 2.310547 2.310547 2.361328 2.392578 2.419922 2.419922 2.400391 2.330078 2.681641 2.681641 2.681641
2.255859 2.228516 2.220703 2.216797 2.228516 2.271484 2.306641 2.306641 2.302734 2.306641 2.310547 2.310547 2.310547 2.310547 2.310547 2.314453 2.314453 2.310547 2.310547 2.310547 2.310547 2.341797 2.376953 2.349609 2.310547 2.310547 2.310547 2.310547 2.310547 2.310547 2.310547 2.310547 2.361328 2.361328 2.330078 2.310547 2.322266 2.314453 2.287109 2.287109 2.310547 2.310547 2.310547 2.310547 2.326172 2.392578 2.435547 2.427734 2.345703 2.294922 2.298828 2.310547 2.310547 2.310547 2.357422 2.384766 2.416016 2.408203 2.376953 2.333984 2.681641 2.681641 2.681641
2.287109 2.283203 2.259766 2.228516 2.216797 2.251953 2.298828 2.310547 2.310547 2.310547 2.310547 2.310547 2.310547 2.310547 2.310547 2.349609 2.357422 2.337891 2.314453 2.314453 2.357422 2.400391 2.423828 2.384766 2.310547 2.310547 2.306641 2.310547 2.310547 2.310547 2.310547 2.337891 2.392578 2.396484 2.361328 2.357422 2.373047 2.322266 2.298828 2.306641 2.306641 2.310547 2.310547 2.310547 2.314453 2.357422 2.416016 2.384766 2.412109 2.330078 2.306641 2.310547 2.310547 2.369141 2.419922 2.419922 2.384766 2.341797 2.349609 2.388672 2.681641 2.318359 2.681641
2.294922 2.310547 2.302734 2.259766 2.208984 2.236328 2.291016 2.310547 2.310547 2.310547 2.310547 2.310547 2.310547 2.310547 2.310547 2.373047 2.388672 2.365234 2.337891 2.330078 2.365234 2.404297 2.423828 2.392578 2.322266 2.291016 2.298828 2.306641 2.310547 2.310547 2.326172 2.384766 2.412109 2.412109 2.376953 2.396484 2.380859 2.298828 2.294922 2.310547 2.310547 2.291016 2.310547 2.310547 2.349609 2.380859 2.416016 2.251953 2.384766 2.373047 2.314453 2.318359 2.345703 2.431641 2.427734 2.408203 2.365234 2.353516 2.392578 2.443359 2.681641 1.982422 2.681641
2.287109 2.310547 2.310547 2.306641 2.267578 2.259766 2.291016 2.310547 2.310547 2.310547 2.310547 2.310547 2.310547 2.310547 2.310547 2.380859 2.408203 2.376953 2.341797 2.330078 2.345703 2.384766 2.427734 2.404297 2.322266 2.298828 2.291016 2.302734 2.310547 2.310547 2.357422 2.404297 2.419922 2.416016 2.404297 2.412109 2.384766 2.279297 2.279297 2.298828 2.302734 2.302734 2.310547 2.318359 2.412109 2.416016 2.416016 2.232422 2.212891 2.416016 2.314453 2.310547 2.353516 2.435547 2.427734 2.431641 2.423828 2.423828 2.443359 2.451172 2.681641 2.681641 2.681641
2.283203 2.310547 2.310547 2.310547 2.310547 2.306641 2.302734 2.310547 2.310547 2.310547 2.310547 2.310547 2.310547 2.310547 2.310547 2.326172 2.384766 2.361328 2.314453 2.310547 2.322266 2.376953 2.435547 2.431641 2.345703 2.306641 2.294922 2.291016 2.314453 2.337891 2.396484 2.431641 2.443359 2.443359 2.439453 2.451172 2.423828 2.318359 2.271484 2.291016 2.310547 2.310547 2.310547 2.361328 2.396484 2.396484 2.365234 2.283203 2.224609 2.408203 2.337891 2.310547 2.326172 2.427734 2.439453 2.451172 2.462891 2.458984 2.455078 2.455078 2.681641 1.845703 2.681641
2.279297 2.326172 2.345703 2.318359 2.310547 2.310547 2.310547 2.310547 2.310547 2.310547 2.310547 2.310547 2.310547 2.310547 2.310547 2.310547 2.322266 2.314453 2.310547 2.310547 2.310547 2.349609 2.431641 2.435547 2.357422 2.306641 2.298828 2.306641 2.318359 2.369141 2.416016 2.435547 2.447266 2.443359 2.435547 2.455078 2.447266 2.357422 2.279297 2.294922 2.310547 2.310547 2.310547 2.384766 2.318359 2.291016 2.251953 2.244141 2.279297 2.392578 2.373047 2.326172 2.330078 2.416016 2.443359 2.455078 2.462891 2.466797 2.458984 2.447266 2.681641 2.744141 1.763672
2.306641 2.349609 2.373047 2.341797 2.318359 2.310547 2.310547 2.310547 2.310547 2.310547 2.310547 2.310547 2.310547 2.310547 2.310547 2.310547 2.310547 2.310547 2.310547 2.310547 2.310547 2.326172 2.412109 2.423828 2.333984 2.306641 2.310547 2.310547 2.333984 2.361328 2.376953 2.376953 2.373047 2.380859 2.404297 2.451172 2.455078 2.392578 2.294922 2.306641 2.310547 2.310547 2.310547 2.380859 2.326172 2.181641 2.154297 2.150391 2.224609 2.408203 2.388672 2.341797 2.357422 2.416016 2.447266 2.451172 2.455078 2.458984 2.458984 2.435547 2.681641 1.708984 2.681641
2.337891 2.341797 2.353516 2.337891 2.310547 2.310547 2.310547 2.310547 2.310547 2.310547 2.310547 2.310547 2.310547 2.310547 2.310547 2.310547 2.310547 2.310547 2.310547 2.310547 2.310547 2.326172 2.419922 2.431641 2.337891 2.310547 2.310547 2.318359 2.337891 2.349609 2.330078 2.326172 2.330078 2.357422 2.388672 2.447266 2.455078 2.404297 2.310547 2.310547 2.310547 2.310547 2.310547 2.373047 2.373047 2.220703 2.095703 2.013672 2.001953 2.376953 2.376953 2.330078 2.361328 2.412109 2.443359 2.447266 2.451172 2.451172 2.455078 2.451172 2.681641 2.681641 2.681641
