py_wake/examples/data/AJ_ParqueFicticio/Rough survey   Sector 3   Height 200m   Mean speed.grd
DSAA
73  159
 258469   265669
 6501692   6517492
 4.422212   10.3357
[rows 28 to 55 of 159, columns 0 to 62 of 73]
6.137178 6.141254 6.144117 6.146346 6.148944 6.152867 6.155072 6.157353 6.159432 6.165773 6.175448 6.184095 6.187916 6.187503 6.187411 6.186707 6.185505 6.185923 6.184021 6.181947 6.178074 6.170919 6.1623 6.146278 6.120273 6.081126 6.042552 6.025605 6.02336 6.019848 6.01241 5.993642 5.938365 5.864021 5.825182 5.869836 5.896714 5.875105 5.852867 5.784333 5.741732 5.748957 5.772663 5.810561 5.834597 5.840197 5.839056 5.876046 5.985158 6.130155 6.314404 6.553678 6.846116 7.123415 7.348364 7.616958 7.859864 7.895223 7.662531 7.286079 6.886161 6.554029 6.346467
6.135714 6.139272 6.147409 6.150181 6.156003 6.158864 6.158889 6.160776 6.165827 6.1722 6.181386 6.187063 6.191607 6.188903 6.184638 6.183 6.18404 6.18721 6.188491 6.186351 6.181828 6.167248 6.151751 6.136031 6.112869 6.07986 6.046038 6.027303 6.01898 6.013573 6.004293 5.98049 5.926895 5.865349 5.842996 5.869624 5.872068 5.84716 5.828809 5.784271 5.741049 5.735892 5.751446 5.784567 5.816435 5.847855 5.891696 5.97866 6.125207 6.309941 6.516591 6.763791 7.049268 7.333604 7.578613 7.821601 7.984918 7.907534 7.590081 7.168804 6.771955 6.478922 6.387551
6.133156 6.137657 6.145714 6.15012 6.156691 6.159469 6.161107 6.16198 6.165989 6.17554 6.181067 6.184646 6.18478 6.177708 6.176043 6.178864 6.18395 6.188717 6.191571 6.191535 6.180515 6.162358 6.142767 6.125451 6.104093 6.077284 6.051538 6.031881 6.015089 6.006565 5.993549 5.972903 5.917816 5.859538 5.834891 5.839575 5.843111 5.830564 5.80287 5.778486 5.742808 5.717447 5.747151 5.78667 5.823983 5.875632 5.960982 6.096946 6.279585 6.492922 6.712581 6.962629 7.23921 7.513562 7.765547 7.961808 8.020018 7.828496 7.448415 7.015209 6.641794 6.439063 6.516388
6.1333 6.136116 6.140883 6.145898 6.154137 6.156682 6.159081 6.159008 6.165398 6.171569 6.176329 6.17924 6.179307 6.170529 6.168393 6.174931 6.184348 6.193607 6.19686 6.189957 6.175505 6.158114 6.136001 6.114911 6.09528 6.071948 6.052985 6.038629 6.014901 5.999651 5.985478 5.953012 5.890521 5.84065 5.82281 5.823465 5.809468 5.791223 5.77155 5.764091 5.744542 5.726861 5.751023 5.800648 5.858315 5.931694 6.038596 6.196532 6.386772 6.596158 6.824703 7.091257 7.370104 7.636223 7.876011 8.010636 7.968333 7.696397 7.288127 6.871443 6.568374 6.4899 6.730405
6.132551 6.136424 6.142138 6.146073 6.15182 6.154619 6.157018 6.160558 6.163902 6.167154 6.171269 6.173111 6.173566 6.164277 6.16637 6.174755 6.187252 6.197078 6.19869 6.184821 6.16867 6.150927 6.128486 6.107804 6.087349 6.065181 6.04847 6.035248 6.016048 5.995842 5.975476 5.941779 5.883847 5.841865 5.8273 5.821888 5.795795 5.753765 5.737916 5.74438 5.750559 5.742328 5.766062 5.817236 5.895458 6.004055 6.138748 6.276844 6.437883 6.633202 6.859884 7.12037 7.401299 7.671404 7.903087 7.996715 7.882774 7.572 7.169481 6.806633 6.598404 6.648241 7.03693
6.138369 6.140796 6.144024 6.150459 6.154264 6.159804 6.160103 6.162867 6.164958 6.169274 6.170533 6.171672 6.16678 6.159528 6.167874 6.179381 6.192327 6.200103 6.196825 6.180167 6.16041 6.141175 6.12267 6.100931 6.081972 6.063968 6.047141 6.040661 6.020103 5.991407 5.967211 5.934632 5.88919 5.847119 5.821742 5.809487 5.782082 5.72243 5.704908 5.718596 5.735923 5.767077 5.796349 5.854179 5.939207 6.063838 6.211582 6.3515 6.499221 6.677867 6.897865 7.152394 7.420106 7.67832 7.891618 7.981587 7.820718 7.50898 7.145109 6.849992 6.716295 6.895351 7.3764
6.140388 6.144157 6.146881 6.152252 6.155126 6.160549 6.16048 6.162415 6.167294 6.170257 6.175232 6.175809 6.174032 6.169827 6.177532 6.188902 6.200243 6.204733 6.191057 6.170785 6.147116 6.126449 6.107612 6.090978 6.075442 6.061449 6.053428 6.037206 6.016863 5.9917 5.960052 5.930655 5.895049 5.857916 5.814577 5.786479 5.764962 5.7163 5.679606 5.673993 5.707405 5.780612 5.85526 5.933723 6.009023 6.131775 6.272761 6.426156 6.592171 6.789783 7.022175 7.273798 7.526366 7.753624 7.924332 7.986788 7.825942 7.551332 7.221542 6.965116 6.900297 7.220615 7.688726
6.135744 6.142841 6.147424 6.150062 6.154415 6.156846 6.159854 6.163453 6.166294 6.170588 6.176055 6.176859 6.175998 6.173661 6.183781 6.194643 6.205065 6.202218 6.181218 6.150089 6.122877 6.104505 6.093855 6.082567 6.072367 6.06572 6.054371 6.035356 6.013012 5.986871 5.958328 5.926819 5.895603 5.86262 5.816125 5.772194 5.749989 5.717675 5.659157 5.629259 5.689777 5.790726 5.929415 6.050168 6.13833 6.237275 6.378224 6.555407 6.74389 6.955145 7.18567 7.445318 7.681623 7.870232 8.006005 8.046845 7.912207 7.652962 7.338819 7.109276 7.183046 7.572459 7.982854
6.125864 6.131783 6.139754 6.149908 6.157502 6.163266 6.166161 6.165739 6.167475 6.170221 6.174724 6.177228 6.176195 6.172392 6.181753 6.193535 6.199173 6.192084 6.160488 6.128091 6.09832 6.087272 6.082344 6.080936 6.078804 6.070671 6.05301 6.033073 6.009213 5.984621 5.956531 5.925088 5.89926 5.875178 5.83898 5.786655 5.743497 5.707965 5.650089 5.645456 5.721522 5.857485 6.031327 6.19433 6.30555 6.409633 6.585715 6.743101 6.901935 7.102876 7.315434 7.544896 7.758839 7.940439 8.074511 8.119761 8.007907 7.757334 7.467926 7.311032 7.532309 7.933361 8.27757
6.113183 6.122542 6.133507 6.145803 6.158745 6.162977 6.16091 6.164428 6.167224 6.172444 6.171869 6.17274 6.172863 6.168128 6.176173 6.180867 6.178746 6.168193 6.142652 6.109931 6.083455 6.077434 6.079564 6.083454 6.083235 6.070998 6.052953 6.030525 6.005785 5.980765 5.95529 5.934577 5.913705 5.896439 5.868704 5.815027 5.740863 5.694491 5.670016 5.672949 5.773784 5.956686 6.164706 6.348128 6.481841 6.604742 6.769135 6.947765 7.101883 7.201603 7.332504 7.532564 7.735353 7.924324 8.092244 8.177461 8.087811 7.874172 7.645639 7.689655 7.966485 8.295517 8.493897
6.115349 6.122732 6.134846 6.142644 6.150374 6.155224 6.151916 6.159272 6.166763 6.172787 6.173422 6.174495 6.172011 6.1717 6.172786 6.170302 6.162025 6.149076 6.129262 6.105741 6.079277 6.080342 6.085993 6.090376 6.087157 6.073007 6.051817 6.030221 6.006342 5.978296 5.954012 5.948438 5.93563 5.921596 5.895767 5.842365 5.747976 5.701773 5.689454 5.722051 5.851753 6.058822 6.298304 6.510871 6.636471 6.732893 6.887908 7.045398 7.172762 7.246655 7.303549 7.4924 7.706107 7.917858 8.112067 8.23579 8.196554 8.038948 7.984328 8.141932 8.376023 8.575218 8.592499
6.123114 6.130665 6.140157 6.149529 6.152652 6.156019 6.158295 6.16199 6.168706 6.1779 6.184545 6.184152 6.182572 6.176921 6.171459 6.16432 6.15852 6.150221 6.134856 6.117698 6.096107 6.094803 6.09965 6.103595 6.091504 6.072311 6.053781 6.033615 6.010535 5.986602 5.971609 5.963769 5.959721 5.945622 5.929003 5.876471 5.798671 5.739205 5.724466 5.8009 5.96117 6.184029 6.427177 6.647754 6.789162 6.850605 6.988953 7.12845 7.241035 7.349782 7.443646 7.561265 7.774519 8.002268 8.206683 8.348691 8.345453 8.241929 8.376212 8.5224 8.649144 8.671223 8.535961
6.120932 6.131201 6.14372 6.154882 6.16238 6.164809 6.165856 6.167584 6.174572 6.183229 6.190893 6.196431 6.184235 6.171863 6.165922 6.162943 6.159042 6.151604 6.143823 6.128162 6.115274 6.107427 6.107695 6.105788 6.086234 6.066366 6.050879 6.036386 6.023464 6.011401 6.000342 5.990985 5.982757 5.977785 5.965565 5.930738 5.885736 5.85996 5.88764 6.019182 6.199638 6.409269 6.607859 6.775539 6.922924 7.019181 7.119465 7.230517 7.338222 7.481823 7.674656 7.832734 7.978724 8.156276 8.341963 8.469819 8.502491 8.456538 8.669007 8.756491 8.700808 8.569062 8.349088
6.12849 6.134715 6.140719 6.14958 6.158435 6.156365 6.154278 6.160183 6.169253 6.180961 6.189708 6.188406 6.1686 6.152763 6.149823 6.151119 6.151819 6.152192 6.143284 6.130672 6.126402 6.123519 6.114728 6.107242 6.08851 6.060918 6.056448 6.051946 6.049611 6.036071 6.030673 6.025996 6.022084 6.019915 6.013142 6.023401 6.01837 6.007986 6.106067 6.269904 6.466119 6.67091 6.845008 6.991817 7.105561 7.190664 7.235943 7.306747 7.431494 7.612034 7.825825 8.040054 8.179554 8.26516 8.406198 8.542563 8.606519 8.617967 8.754116 8.734025 8.579128 8.353229 8.097309
6.134004 6.139189 6.145804 6.147734 6.150089 6.153627 6.146825 6.147381 6.157752 6.167126 6.171615 6.169725 6.1564 6.142466 6.141738 6.145665 6.148927 6.148002 6.139658 6.124775 6.121765 6.125767 6.131668 6.121202 6.099357 6.076402 6.071708 6.069604 6.066669 6.057989 6.053526 6.048141 6.054667 6.060324 6.089535 6.11964 6.13049 6.168841 6.294433 6.452556 6.620494 6.795961 6.948201 7.095197 7.190692 7.229597 7.2251 7.255493 7.393965 7.592126 7.822901 8.015063 8.133265 8.204263 8.363834 8.538916 8.655317 8.647832 8.654925 8.542731 8.327325 8.075662 7.819913
6.133339 6.142626 6.15027 6.1532 6.154993 6.148234 6.133499 6.134779 6.151875 6.165082 6.169961 6.165589 6.158543 6.151923 6.148301 6.145958 6.143811 6.140985 6.132906 6.115174 6.115059 6.13085 6.147081 6.138444 6.116572 6.097533 6.087907 6.083212 6.083974 6.07766 6.073112 6.078626 6.094729 6.12625 6.16022 6.19837 6.226425 6.278514 6.385249 6.532309 6.675217 6.818934 6.966134 7.078919 7.121412 7.095696 7.056026 7.113227 7.27546 7.478598 7.668404 7.814791 7.923137 8.070512 8.306274 8.54588 8.688312 8.636291 8.455843 8.249004 7.982584 7.737683 7.517356
6.12524 6.134199 6.144083 6.15076 6.145169 6.133675 6.123183 6.12812 6.147895 6.166027 6.179095 6.176507 6.166494 6.155193 6.146538 6.141177 6.136738 6.127381 6.117512 6.108716 6.110355 6.12919 6.144266 6.144778 6.113991 6.101768 6.100941 6.107352 6.10662 6.101487 6.097596 6.113333 6.155523 6.18308 6.223299 6.258885 6.300022 6.348638 6.442423 6.551555 6.671208 6.809484 6.929416 6.982183 6.957178 6.883954 6.897689 6.97313 7.158807 7.344204 7.500607 7.636428 7.798372 8.060703 8.355158 8.614144 8.700243 8.553085 8.265198 7.912405 7.587823 7.362205 7.213466
6.120426 6.130751 6.13685 6.141799 6.140274 6.132356 6.129397 6.138124 6.153202 6.170017 6.185619 6.182579 6.169765 6.154294 6.144546 6.136247 6.131527 6.12182 6.112145 6.106421 6.113337 6.124752 6.134879 6.12853 6.11191 6.099178 6.108439 6.118495 6.118762 6.104108 6.11334 6.169136 6.193096 6.222207 6.264045 6.300987 6.350381 6.404088 6.483562 6.562685 6.664646 6.778749 6.855344 6.869897 6.851345 6.859221 6.9456 7.081645 7.242723 7.38601 7.5244 7.707561 7.970728 8.302943 8.601719 8.746521 8.659105 8.404829 8.049661 7.70691 7.408945 7.166949 6.997061
6.113009 6.127362 6.13353 6.135726 6.139352 6.142163 6.149095 6.160226 6.169925 6.176285 6.186913 6.179313 6.161841 6.147624 6.136155 6.130916 6.125554 6.119656 6.113485 6.114842 6.118178 6.128619 6.1361 6.127202 6.115902 6.109239 6.115366 6.122697 6.122026 6.108519 6.124105 6.182652 6.216399 6.256248 6.308429 6.344252 6.389518 6.449849 6.512399 6.601383 6.696732 6.781992 6.857648 6.928977 7.019792 7.126052 7.21579 7.319121 7.415001 7.540747 7.70274 7.965681 8.30831 8.656837 8.860269 8.815536 8.542897 8.201937 7.820992 7.489344 7.241598 7.06131 6.92928
6.102036 6.115854 6.124319 6.122757 6.131022 6.148803 6.164389 6.178981 6.191171 6.192699 6.184375 6.171638 6.147599 6.124558 6.112398 6.114933 6.116558 6.119049 6.121389 6.116852 6.12234 6.133312 6.141102 6.141135 6.122084 6.109688 6.108003 6.115671 6.117124 6.117822 6.135545 6.189274 6.244431 6.287358 6.349473 6.406155 6.45091 6.511762 6.57861 6.663849 6.762304 6.865274 6.97511 7.078143 7.180021 7.264171 7.311458 7.349789 7.419528 7.58317 7.857767 8.236696 8.624743 8.884661 8.928302 8.693117 8.340699 7.992915 7.627619 7.314085 7.089469 6.922967 6.81363
6.095478 6.103127 6.110326 6.111661 6.125325 6.147671 6.170661 6.18975 6.201924 6.193498 6.177999 6.157672 6.127812 6.096951 6.089587 6.095194 6.103004 6.1112 6.112076 6.098678 6.105367 6.117059 6.125669 6.12096 6.096893 6.082069 6.088951 6.100291 6.115931 6.1346 6.168618 6.229211 6.281517 6.33384 6.399435 6.464437 6.523841 6.585164 6.653304 6.732081 6.828996 6.927862 7.03084 7.121021 7.192936 7.229403 7.22893 7.289464 7.449771 7.72284 8.106317 8.505148 8.805649 8.901181 8.75802 8.407951 8.073988 7.766719 7.447062 7.185413 6.985725 6.82338 6.692955
6.094301 6.102542 6.103849 6.108087 6.12747 6.151913 6.177023 6.191391 6.196264 6.1837 6.155587 6.131974 6.103837 6.076521 6.074387 6.08996 6.097298 6.096107 6.091858 6.079803 6.084014 6.093015 6.097435 6.088721 6.07466 6.063565 6.078668 6.101608 6.120183 6.146536 6.187816 6.267827 6.324642 6.385317 6.456782 6.530727 6.587058 6.642928 6.70484 6.78116 6.869724 6.945687 7.022614 7.08942 7.131076 7.154524 7.229679 7.41175 7.687944 8.030622 8.391413 8.684229 8.807073 8.702752 8.414404 8.048018 7.787697 7.519715 7.247574 7.053362 6.895035 6.751933 6.637995
6.08992 6.102282 6.11165 6.121987 6.142085 6.163117 6.186652 6.196373 6.189209 6.172755 6.142307 6.109354 6.082233 6.078737 6.086558 6.096179 6.10225 6.096398 6.08336 6.07347 6.076531 6.083669 6.087466 6.08328 6.084063 6.095132 6.099451 6.112948 6.129795 6.164392 6.197711 6.259073 6.316984 6.375662 6.466393 6.556186 6.617149 6.671561 6.744357 6.814716 6.893753 6.967687 7.027916 7.08649 7.158835 7.264443 7.448817 7.696219 7.976728 8.262053 8.511604 8.66678 8.622776 8.36625 8.012212 7.76677 7.52374 7.299327 7.071695 6.90585 6.800505 6.712086 6.620874
6.082883 6.100659 6.119045 6.135978 6.156052 6.176898 6.192893 6.192321 6.183832 6.166228 6.138124 6.109532 6.091547 6.087223 6.091604 6.096777 6.102304 6.097947 6.091052 6.095068 6.093633 6.091224 6.088589 6.085961 6.099093 6.120709 6.126472 6.129865 6.149236 6.182868 6.218782 6.234948 6.287401 6.350773 6.453444 6.552961 6.616405 6.686314 6.769219 6.854692 6.939495 7.020692 7.10368 7.197775 7.324777 7.497583 7.708731 7.923925 8.127244 8.304615 8.432593 8.486293 8.342356 8.003526 7.731956 7.534338 7.324321 7.128678 6.934024 6.788038 6.702998 6.668223 6.631773
6.078899 6.102895 6.11783 6.138454 6.159819 6.178493 6.189375 6.186392 6.177965 6.164687 6.143765 6.121763 6.10217 6.09878 6.099222 6.095322 6.089986 6.080923 6.086904 6.105364 6.116899 6.112647 6.102025 6.101678 6.118406 6.137231 6.146127 6.152713 6.170609 6.199915 6.236003 6.252022 6.275649 6.355586 6.456516 6.549664 6.637891 6.737059 6.813448 6.896276 6.995096 7.090207 7.206243 7.326915 7.487007 7.674603 7.855532 8.005161 8.132113 8.230021 8.29072 8.268405 8.052858 7.69423 7.484714 7.348351 7.200717 7.033829 6.852058 6.705064 6.62822 6.602691 6.600898
6.088054 6.107724 6.124872 6.148093 6.168087 6.182129 6.18711 6.183946 6.173019 6.162975 6.14791 6.128726 6.111838 6.10516 6.103743 6.100393 6.086657 6.07364 6.080005 6.101718 6.120955 6.121096 6.112193 6.119754 6.136003 6.156255 6.157831 6.168767 6.190166 6.221248 6.255325 6.287473 6.320296 6.424603 6.519357 6.639722 6.76604 6.844238 6.910157 7.014001 7.091223 7.186487 7.311442 7.444343 7.605455 7.769252 7.902107 8.004004 8.090235 8.148795 8.14582 8.041081 7.792966 7.495781 7.280748 7.173637 7.115979 7.015604 6.844409 6.65537 6.554219 6.525083 6.541673
6.10354 6.124076 6.139413 6.157131 6.176573 6.192136 6.189892 6.183187 6.173197 6.16323 6.152016 6.137641 6.119671 6.10635 6.103376 6.1011 6.089604 6.083217 6.089225 6.09723 6.10287 6.098289 6.099339 6.120646 6.147385 6.159063 6.162704 6.169602 6.190452 6.240662 6.301534 6.35414 6.422179 6.526507 6.650507 6.785667 6.912918 7.00599 7.057148 7.141118 7.227572 7.326409 7.423911 7.543449 7.680806 7.816631 7.922066 8.000908 8.048531 8.0566 7.967238 7.797952 7.612565 7.327579 7.098133 7.036594 7.043736 7.011155 6.845648 6.636234 6.471394 6.439763 6.484402
6.118687 6.13864 6.15377 6.173781 6.187128 6.192515 6.191966 6.18186 6.171876 6.162562 6.154066 6.143773 6.128907 6.112187 6.102843 6.099361 6.103022 6.099433 6.10775 6.111845 6.102088 6.086136 6.095592 6.122833 6.146146 6.158143 6.164861 6.171675 6.203133 6.291384 6.391235 6.479861 6.571922 6.687823 6.806693 6.935794 7.070652 7.161278 7.185216 7.24517 7.365723 7.448081 7.547101 7.62974 7.720639 7.835619 7.936442 7.978832 7.97515 7.904553 7.772456 7.62524 7.460636 7.176209 6.947329 6.924866 6.983578 6.990442 6.832498 6.607839 6.405825 6.355036 6.408386
