py_wake/examples/data/AJ_ParqueFicticio/Rough survey   Sector 9   Height 200m   Orographic speed.grd
DSAA
73  159
 258469   265669
 6501692   6517492
 .6956037   1.534277
[rows 84 to 111 of 159, columns 0 to 62 of 73]
.9429464 .9411848 .940347 .941173 .942819 .9456497 .9490174 .9529217 .9559687 .9584158 .9601626 .9617833 .9609845 .9604775 .9633023 .9653234 .968105 .9709827 .9749941 .9841089 .9935259 1.003502 1.016493 1.036004 1.064679 1.105086 1.148201 1.181978 1.197816 1.190633 1.169146 1.145296 1.123782 1.101113 1.077483 1.048985 1.03139 1.028675 1.041071 1.060744 1.074377 1.075413 1.068827 1.057759 1.047185 1.036465 1.02529 1.017037 1.008237 1.001032 .9979428 .9987217 1.001686 1.001669 .9975878 .985485 .9662101 .9405756 .9111353 .8802539 .8464425 .8125806 .7787317
.9388523 .9381023 .9373542 .9373254 .9391116 .9427981 .9464787 .9504927 .9532598 .9562731 .959361 .9606267 .9611359 .959696 .9633519 .9684215 .9716824 .9732425 .9768471 .9840379 .9932089 1.006067 1.021933 1.045045 1.078541 1.122866 1.164928 1.192562 1.200446 1.186044 1.165051 1.141291 1.118436 1.092692 1.065746 1.040244 1.027266 1.033048 1.050289 1.069482 1.079805 1.078436 1.070809 1.059602 1.050819 1.041077 1.031407 1.021805 1.009298 .9995699 .9956694 .9954588 .9979014 .9996992 .9968001 .9853078 .9653997 .9380751 .9079242 .8730858 .8344449 .7964017 .7638597
.9322227 .9323559 .9323005 .9334881 .9361925 .940394 .944771 .9470668 .9512681 .9552096 .9581345 .9591103 .9606941 .9605179 .9637893 .9698837 .9727129 .9755515 .9805409 .9851294 .9949886 1.007763 1.026597 1.052916 1.089963 1.133089 1.17273 1.198571 1.200253 1.185458 1.162057 1.136074 1.111115 1.084907 1.059674 1.036774 1.026414 1.038437 1.061959 1.07751 1.083384 1.079855 1.072911 1.062991 1.054437 1.044123 1.035034 1.025221 1.011364 .9992028 .9931968 .9946779 .997401 .998802 .9962556 .9859771 .9640228 .9347231 .9003379 .8621399 .8195398 .7800382 .7524908
.9255559 .9259698 .9268667 .929873 .9328584 .9368677 .9415947 .9451025 .9494092 .9540367 .956268 .9579386 .9598389 .9627103 .9653543 .9689916 .9726147 .9777539 .9826735 .9878776 .9983519 1.013309 1.033412 1.061404 1.098665 1.141356 1.18133 1.206464 1.207654 1.193699 1.167304 1.137544 1.109716 1.082048 1.057284 1.034976 1.029001 1.048057 1.06738 1.081833 1.087409 1.0855 1.078909 1.068163 1.057548 1.046037 1.036103 1.025519 1.010983 .9966629 .990132 .9947824 .9985323 .9976598 .9952433 .984703 .9602096 .9259238 .8885274 .8480171 .8041918 .7673032 .7516268
.9212468 .9206671 .9220141 .925849 .9297388 .9332613 .9369869 .9407009 .9458486 .9507366 .9542596 .9564288 .9593796 .9638411 .9665724 .9685825 .9720923 .9785327 .9842088 .9923226 1.003914 1.020638 1.044976 1.076702 1.112832 1.153693 1.194579 1.222852 1.225466 1.206533 1.175925 1.14073 1.10969 1.079496 1.053355 1.034547 1.03562 1.054024 1.072832 1.086544 1.093098 1.092359 1.084292 1.070688 1.056255 1.04339 1.033869 1.021952 1.005787 .991891 .9874291 .9930278 .9970699 .995485 .9916224 .9777979 .9509434 .914596 .8757608 .8347818 .7917915 .7624016 .7592323
.9172525 .9162323 .9180341 .922055 .927233 .9298168 .9346843 .9372202 .942021 .9475892 .9529184 .9556853 .9587125 .9646522 .9686114 .9690582 .9727254 .9789208 .9870903 .9967144 1.011503 1.03201 1.062294 1.099225 1.137762 1.17532 1.216888 1.245336 1.24502 1.218503 1.179334 1.139759 1.104848 1.072396 1.045342 1.032607 1.039933 1.061073 1.079541 1.093671 1.099844 1.096302 1.083425 1.065849 1.050485 1.039138 1.028177 1.015218 .9977914 .9864219 .9858762 .9914111 .9923257 .9902183 .9823292 .9674565 .9387326 .9002347 .8614467 .8248024 .7858136 .7631555 .7653879
.9128119 .9130014 .9158624 .9173778 .9222578 .9281445 .9329886 .9363349 .9401571 .9448578 .9504862 .9542565 .9594212 .9643281 .9695148 .9716886 .9757169 .9827963 .9938937 1.005078 1.023531 1.04966 1.085874 1.130244 1.17036 1.206724 1.242024 1.268123 1.262095 1.226377 1.178323 1.134394 1.09723 1.065129 1.038535 1.036281 1.045897 1.064545 1.086059 1.101022 1.10561 1.098319 1.079788 1.061676 1.04975 1.042869 1.030547 1.015126 .9959928 .9869401 .9908239 .9966803 .9931104 .9865851 .9738536 .9539649 .9238583 .8882741 .8522424 .8199398 .7869614 .7686933 .7703376
.9102176 .9101776 .91219 .9137979 .9175677 .9246668 .9307529 .9365556 .9412588 .9449483 .9493698 .953629 .9591406 .9651985 .9708091 .9743207 .9796811 .9908171 1.006927 1.02231 1.043063 1.074938 1.116829 1.16517 1.207172 1.236665 1.26617 1.285148 1.270804 1.226325 1.174181 1.128287 1.090627 1.056888 1.037961 1.045796 1.052227 1.068095 1.091495 1.108987 1.110551 1.09724 1.078383 1.064352 1.05723 1.047493 1.03294 1.012253 .9957009 .9904547 .9971732 1.00029 .9940115 .9833208 .9653021 .9373494 .9128653 .8862885 .8579265 .8275397 .7966247 .7771853 .7769434
.905457 .9061327 .9076234 .9098629 .9140571 .922193 .9305004 .9365917 .9425232 .9468925 .9507958 .9545255 .960251 .9665923 .9731932 .9785641 .9872755 1.00504 1.028569 1.048604 1.070082 1.10573 1.154135 1.202288 1.240488 1.264567 1.285608 1.295461 1.271274 1.222583 1.168919 1.121574 1.080258 1.046916 1.038625 1.052697 1.061794 1.074148 1.096018 1.114777 1.11315 1.099606 1.083614 1.072671 1.063729 1.048409 1.028752 1.007596 .9963422 .9967696 1.003747 1.00457 .9942741 .9791131 .9582654 .9343544 .915307 .8971262 .8749547 .842832 .80805 .7846895 .7808188
.9007945 .902014 .9040716 .9066315 .9120937 .9210944 .9300417 .9372868 .9439286 .9495094 .9533993 .9562112 .9625611 .9701888 .9778882 .9868075 1.000461 1.026527 1.05816 1.083959 1.10574 1.139356 1.188193 1.237075 1.271331 1.286678 1.299442 1.298823 1.265777 1.213013 1.15846 1.108272 1.066449 1.038031 1.043631 1.062447 1.071434 1.079707 1.101714 1.119371 1.119662 1.107018 1.09104 1.078216 1.064305 1.042623 1.02114 1.005892 1.001865 1.0048 1.008348 1.005649 .9928887 .975576 .9547815 .9369725 .9225327 .9079522 .8858496 .8527105 .8171378 .7913706 .7850729
.8956677 .8985329 .9009182 .9052472 .911181 .9202974 .9299598 .9386815 .9458137 .9518756 .9563838 .9603288 .9674203 .9770573 .987336 .9995105 1.020886 1.054626 1.094115 1.124591 1.145789 1.173194 1.219752 1.267812 1.296851 1.305294 1.306581 1.294506 1.252717 1.19692 1.141776 1.093302 1.055455 1.037595 1.052293 1.073632 1.081703 1.089894 1.110211 1.128119 1.129126 1.114336 1.095603 1.075959 1.054716 1.031089 1.014569 1.007366 1.007446 1.008447 1.007792 1.000608 .9878321 .9729702 .9558967 .9414217 .9285562 .9118474 .8893647 .8584535 .8237011 .7969925 .7876083
.890602 .8950706 .8992268 .9050059 .9121314 .9209648 .9310061 .9414887 .9492115 .9552354 .9608676 .9669057 .9758332 .9878673 1.002419 1.019606 1.047167 1.087792 1.132016 1.16567 1.185764 1.207616 1.247378 1.292817 1.317375 1.316497 1.304335 1.275685 1.229701 1.175097 1.12512 1.08293 1.051992 1.044469 1.065595 1.086103 1.094554 1.101311 1.118888 1.136014 1.132517 1.111163 1.087363 1.06334 1.042702 1.024208 1.01374 1.009588 1.008158 1.006495 1.002827 .9943701 .9796073 .9667978 .954504 .9452957 .9318064 .9135175 .8915893 .8628364 .8300846 .8024656 .7888774
.8860589 .8927951 .8996767 .906935 .9150481 .9241949 .9340964 .9445776 .9531682 .959377 .9659411 .974633 .9877399 1.005158 1.024966 1.047517 1.077886 1.120473 1.169239 1.205545 1.224897 1.239741 1.271415 1.31057 1.32639 1.313522 1.28103 1.24174 1.196966 1.152076 1.113344 1.082691 1.061896 1.058645 1.079617 1.099883 1.108619 1.113307 1.12416 1.138006 1.123603 1.098072 1.07046 1.047013 1.030985 1.020058 1.012947 1.006441 1.002504 .9983211 .9942163 .9847741 .9689018 .9541819 .9505101 .9455193 .9322575 .9145133 .8955827 .8675597 .8348517 .8055382 .7879498
.8830999 .8926159 .9018958 .9103349 .9188997 .9296792 .9388821 .9486725 .9584736 .9664611 .9753256 .987026 1.003848 1.028013 1.055865 1.08225 1.111277 1.154006 1.205507 1.243976 1.260335 1.26743 1.289453 1.317184 1.319686 1.28801 1.24352 1.20357 1.172632 1.145443 1.121485 1.100003 1.080817 1.074689 1.091753 1.112988 1.119769 1.119575 1.119948 1.121873 1.105809 1.079534 1.052546 1.032212 1.01778 1.00797 .9989728 .9914822 .9855434 .9825702 .9802031 .970135 .9570551 .9513103 .9515802 .9456434 .931599 .9139254 .8946481 .8686244 .8366656 .8058368 .7824269
.8833988 .8950428 .9058061 .9148716 .9229077 .9356496 .9468672 .9544746 .9651895 .9767104 .9890386 1.004329 1.026339 1.057228 1.091476 1.120968 1.148935 1.190819 1.241681 1.278118 1.289255 1.288508 1.29989 1.311381 1.29487 1.252567 1.20966 1.186536 1.177057 1.163173 1.143993 1.120319 1.098251 1.087557 1.098463 1.118501 1.121198 1.110359 1.101957 1.097701 1.083162 1.059537 1.034847 1.016961 1.005612 .9923396 .9800445 .9694963 .9635975 .9640431 .9630952 .9607651 .9589468 .9645455 .9639598 .9579911 .941012 .9206487 .8961588 .8681109 .836715 .8035195 .7771913
.8862141 .8989386 .9122316 .9222682 .9301649 .9420494 .9565599 .9652327 .9765648 .9921994 1.008082 1.027869 1.055638 1.0922 1.130466 1.16108 1.18949 1.229038 1.27483 1.305815 1.309729 1.302728 1.299271 1.290081 1.259529 1.221182 1.197504 1.196882 1.199181 1.188954 1.163827 1.132717 1.104558 1.091792 1.099133 1.110341 1.103205 1.087049 1.077687 1.072807 1.059143 1.038743 1.018676 1.000052 .9896234 .9764654 .9635001 .9506562 .9515368 .9560302 .9629269 .970422 .9800376 .9877539 .9855588 .9764675 .9588984 .9368057 .908574 .8790857 .8476567 .8129256 .7807904
.8935269 .9077181 .9213657 .9331263 .9416315 .9517783 .9675632 .9814206 .9936673 1.013127 1.035114 1.059663 1.091362 1.130884 1.170988 1.201319 1.230815 1.265343 1.301144 1.324498 1.32193 1.305692 1.284896 1.256907 1.227855 1.211732 1.212704 1.223451 1.225464 1.206667 1.172042 1.133257 1.102371 1.089782 1.093306 1.09236 1.079944 1.063425 1.051246 1.046235 1.034459 1.020611 1.004457 .9903706 .9791269 .9630939 .9489704 .9448429 .9554124 .970764 .9843873 .9981906 1.010387 1.016439 1.011604 .9988614 .9784682 .9529688 .9250566 .8960556 .8602567 .8153588 .7780187
.9025567 .9187775 .9324773 .9472879 .9577852 .9665776 .9820369 1.001371 1.016471 1.039352 1.067938 1.096462 1.132648 1.171984 1.210369 1.241963 1.268873 1.295529 1.321478 1.334334 1.322747 1.293678 1.257753 1.229513 1.219919 1.226268 1.239447 1.247614 1.238653 1.207686 1.165595 1.12457 1.09502 1.084669 1.083929 1.074082 1.059152 1.041332 1.026929 1.015943 1.009334 1.005618 .9998908 .9950056 .9796388 .959008 .9440516 .951355 .9714232 .9950988 1.014453 1.031569 1.043676 1.045864 1.037202 1.020181 .9966726 .9698365 .940456 .903396 .8546888 .8041445 .7754936
.9132171 .9293753 .9458997 .9643201 .9789383 .986883 .9997868 1.023784 1.045063 1.071513 1.105486 1.138433 1.175898 1.216747 1.251294 1.279058 1.299775 1.319067 1.334306 1.334725 1.312047 1.273365 1.238671 1.223479 1.23278 1.250554 1.263023 1.258043 1.233475 1.194614 1.15223 1.114125 1.087471 1.075541 1.066507 1.051685 1.036299 1.018667 1.003683 .9949831 1.000331 1.009486 1.012813 1.007318 .9874133 .9612746 .9500353 .9668577 .9951952 1.023568 1.046884 1.065556 1.075049 1.072372 1.057031 1.033171 1.004647 .974813 .9392775 .8955246 .8430085 .8004728 .789841
.925803 .9414662 .9611547 .9842004 1.002488 1.009743 1.020706 1.047298 1.076553 1.106813 1.145048 1.183214 1.221228 1.261223 1.289511 1.310069 1.322625 1.332622 1.337973 1.328237 1.298539 1.261786 1.235738 1.23273 1.249983 1.266784 1.267847 1.247711 1.213862 1.176528 1.139547 1.105288 1.079109 1.059804 1.044553 1.02782 1.010144 .9937084 .9834818 .9895494 1.007393 1.024266 1.030395 1.020366 .9935725 .9681957 .9637657 .9855947 1.01875 1.050635 1.076524 1.096187 1.101471 1.0897 1.064152 1.03451 1.003157 .9695525 .9316863 .8859546 .8405632 .8098531 .8127259
.9359529 .9548157 .9788398 1.005382 1.025391 1.032509 1.044812 1.073113 1.106187 1.141649 1.18359 1.227561 1.268099 1.303442 1.324475 1.334809 1.338636 1.33884 1.337519 1.321525 1.292201 1.261764 1.241807 1.242621 1.25742 1.264387 1.254847 1.228987 1.197843 1.167136 1.134874 1.100273 1.068739 1.044579 1.026713 1.009423 .9885952 .9747413 .976076 .9956778 1.021719 1.042152 1.042459 1.024529 .998334 .9827079 .9861031 1.007874 1.039998 1.074965 1.104606 1.122941 1.121061 1.100135 1.068564 1.038209 1.006648 .9699433 .928976 .8861002 .8458002 .820296 .8228762
.9497964 .9693584 .9951656 1.023485 1.0453 1.055077 1.071053 1.101381 1.136515 1.175802 1.222206 1.271022 1.314495 1.342602 1.354457 1.352902 1.348183 1.341663 1.335466 1.318688 1.290472 1.262551 1.244106 1.241652 1.248148 1.247338 1.236371 1.216942 1.193003 1.167629 1.134211 1.094776 1.05758 1.029654 1.010226 .987539 .9684957 .9620189 .9768784 1.004981 1.036962 1.055103 1.049778 1.031499 1.015601 1.013697 1.019208 1.034197 1.062253 1.098276 1.130661 1.14693 1.138877 1.112142 1.079127 1.047349 1.011312 .96904 .9258996 .8855321 .847011 .8215817 .8194914
.970256 .9859419 1.009852 1.036875 1.061939 1.080612 1.101956 1.132756 1.16884 1.212756 1.263383 1.314791 1.355311 1.375541 1.377265 1.36296 1.348765 1.338532 1.328706 1.312098 1.287783 1.257713 1.235413 1.228136 1.2306 1.230862 1.225813 1.213236 1.194825 1.168838 1.129245 1.08328 1.04232 1.011524 .9862808 .9632585 .9484215 .9565031 .985446 1.019263 1.052145 1.067737 1.065913 1.055224 1.048617 1.052519 1.05793 1.062764 1.084133 1.120142 1.15417 1.170292 1.159112 1.126626 1.090471 1.051261 1.006023 .9588377 .9160109 .8781778 .8418183 .8159831 .811438
.9940251 1.00759 1.027824 1.053307 1.080683 1.108674 1.137609 1.167901 1.203881 1.250008 1.30462 1.356425 1.390585 1.400222 1.389722 1.362892 1.339148 1.32571 1.31497 1.300709 1.276418 1.244668 1.216318 1.206984 1.215585 1.221981 1.220654 1.214853 1.198494 1.165394 1.118156 1.067032 1.023477 .9893771 .963043 .9424037 .9368587 .958828 .998283 1.038774 1.07283 1.093191 1.098536 1.094219 1.091333 1.094511 1.093754 1.092586 1.104947 1.136774 1.171075 1.190796 1.175009 1.134505 1.087333 1.037677 .9861798 .938722 .8992934 .8663961 .8342819 .8092739 .8022525
1.020949 1.032534 1.05087 1.076545 1.104088 1.13695 1.171843 1.204801 1.239276 1.284865 1.339524 1.38916 1.415823 1.413304 1.387318 1.352166 1.323287 1.309206 1.298115 1.284638 1.264861 1.232872 1.2016 1.191695 1.203857 1.216831 1.220825 1.216397 1.196876 1.156961 1.100915 1.047125 1.001798 .9692354 .9442388 .9293209 .93399 .9680864 1.017748 1.06455 1.102632 1.130761 1.14266 1.141522 1.135234 1.132092 1.123433 1.114118 1.121752 1.148811 1.181231 1.196097 1.171505 1.119784 1.060368 1.006086 .9566106 .915814 .8836595 .855606 .8257442 .8013277 .7967055
1.047985 1.058585 1.074936 1.100968 1.128963 1.162085 1.199929 1.235479 1.269772 1.313405 1.36627 1.411383 1.428251 1.411315 1.373779 1.335869 1.305947 1.291632 1.282417 1.270863 1.251357 1.220614 1.186695 1.179784 1.193987 1.211903 1.223752 1.220337 1.188936 1.138459 1.076799 1.020868 .9753033 .9454085 .92767 .9229244 .9404275 .9855841 1.045928 1.100433 1.144429 1.176389 1.190889 1.186899 1.173447 1.158809 1.141101 1.127818 1.131553 1.155129 1.181877 1.185507 1.149598 1.086565 1.019852 .9660077 .9257078 .8940908 .8693802 .8462427 .8170531 .7949097 .795233
1.071807 1.082906 1.096344 1.120444 1.149384 1.182186 1.220941 1.258103 1.296353 1.338345 1.386518 1.423702 1.427221 1.400532 1.360044 1.321235 1.291153 1.276198 1.270138 1.260373 1.238757 1.20871 1.177174 1.170268 1.188402 1.210732 1.225461 1.214034 1.169621 1.106733 1.039761 .9858428 .9478874 .9279721 .9236005 .9303704 .9571591 1.0116 1.079813 1.141891 1.190153 1.223874 1.234783 1.221044 1.194881 1.167725 1.14222 1.125358 1.128169 1.148039 1.168456 1.159153 1.111618 1.045497 .9807339 .9319428 .8986366 .8755049 .8552762 .8338702 .8072268 .7916052 .8004164
1.087395 1.099582 1.112374 1.134618 1.164345 1.198859 1.237374 1.277806 1.32064 1.361772 1.402626 1.430822 1.424768 1.393013 1.352291 1.309673 1.279146 1.269329 1.266248 1.254913 1.230197 1.200509 1.171581 1.167753 1.19053 1.21623 1.223184 1.194592 1.135547 1.066465 1.003704 .9561798 .9336026 .927098 .9336925 .9502866 .9843678 1.044849 1.118315 1.185696 1.235631 1.265408 1.265303 1.237857 1.199376 1.163258 1.134289 1.117091 1.118143 1.130466 1.138967 1.117083 1.064886 1.00074 .9458603 .9078475 .8811059 .863237 .8476132 .8260253 .8031139 .7960644 .8104639
