py_wake/examples/data/AJ_ParqueFicticio/Rough survey   Sector 8   Height 200m   Power density.grd
DSAA
73  159
 258469   265669
 6501692   6517492
 130.2234   1114.954
[rows 0 to 27 of 159, columns 0 to 62 of 73]
416.3462 414.5535 413.8967 411.6828 410.3943 408.6253 407.5754 405.762 404.2738 403.0912 400.8293 398.9546 397.2222 394.9638 393.5898 391.5939 389.2115 385.5799 381.4279 376.4488 372.0407 373.6851 384.3576 397.2414 402.7633 403.267 407.5428 417.6928 423.5234 425.064 426.6207 430.2108 437.3842 441.0156 445.5139 447.9769 448.934 448.3839 443.5269 435.2441 423.3573 412.8992 403.5175 395.3394 389.4705 383.6868 379.3142 370.6079 367.0803 362.7094 358.7082 355.4958 352.6037 351.1155 350.9707 348.9133 350.0542 351.3628 353.062 355.1539 357.748 360.9461 363.2007
410.4023 411.183 410.6988 408.7343 406.9134 405.3 404.2039 402.8125 401.5798 400.1375 398.0109 396.0227 394.1325 392.6186 391.7411 390.238 388.2021 385.843 382.4664 380.3943 381.157 385.671 397.7894 409.1648 416.3078 418.0622 422.0099 429.5919 431.7843 434.3615 435.9219 441.3893 448.3422 453.1625 457.3211 458.7445 454.7817 449.782 442.8576 433.4064 419.4892 410.0242 402.3988 396.1854 390.4266 384.5689 378.9302 370.4305 365.1771 360.8853 356.2213 353.3191 350.0399 348.9219 349.5429 347.1356 349.4197 352.3094 355.7834 358.8243 362.2954 365.9305 369.5639
408.7945 409.4757 408.0435 405.8618 402.9745 401.4119 399.6538 399.1433 398.67 397.1661 395.5851 392.9823 390.7087 389.6494 389.4672 388.8275 387.4956 385.8664 384.8604 384.9448 388.1647 395.6374 404.2883 415.3697 425.574 431.0986 434.0262 436.3952 438.0257 439.3278 442.4495 448.3721 454.2765 459.1592 461.72 462.0912 455.8536 446.2883 439.3278 429.0971 413.1462 404.544 398.4923 393.6879 388.4637 382.7529 376.8289 371.9312 363.4805 358.0673 352.9957 349.6666 348.3323 348.1855 348.8145 349.7027 348.9703 352.7547 357.0325 361.7217 366.635 371.6848 376.6541
406.7491 406.0988 403.5353 401.3631 398.9361 397.6888 395.7404 395.2226 394.7479 393.4266 392.4109 390.2361 388.3307 387.1127 387.1781 387.1472 386.6054 385.3843 386.0302 388.0296 392.9106 400.7812 410.3985 421.9708 430.0903 436.916 439.5901 441.7779 440.5275 441.3671 445.1035 449.9816 453.3941 453.4524 451.0399 445.8618 440.0559 432.3822 426.2712 416.3217 400.2325 393.6898 391.5714 389.5864 386.17 381.7405 373.5497 367.8025 359.9825 354.5912 351.1988 350.7198 348.8594 347.4922 347.0495 348.3034 348.6485 352.8549 358.5028 364.8767 372.0626 378.5961 383.5319
402.1257 400.3552 398.9242 397.504 395.5708 393.1567 391.8853 391.4416 390.5731 390.0622 389.2529 387.5797 385.8489 385.0824 385.1129 384.5763 385.3079 385.5611 387.3666 391.7094 397.6044 403.4535 415.1339 425.9396 432.4119 439.5983 443.3855 442.5815 439.633 438.5536 441.4536 445.2324 438.4415 431.0012 421.6947 411.7095 407.278 404.1769 398.4675 389.3504 381.9229 379.4836 383.7726 387.4977 386.4001 380.1488 370.1299 363.2901 359.5489 354.182 352.7972 350.7788 348.381 345.3213 344.4986 345.8414 350.2579 352.2331 359.1689 367.5644 376.0755 384.8734 390.4689
399.5167 395.2965 394.1596 395.4824 393.325 390.0038 388.9101 389.3247 389.0102 388.2881 387.3971 385.0895 382.7677 383.9347 383.4173 382.0264 383.9302 386.0463 390.5782 396.9986 403.4026 411.5033 420.1883 429.1086 434.5943 438.8548 438.6484 437.7686 433.4823 431.5011 428.5012 423.2269 410.7643 396.8262 386.6714 378.7222 373.8457 371.7672 366.0632 358.7481 361.8763 369.4501 378.8988 383.1765 378.4487 369.1257 362.2664 359.6012 357.3458 352.6001 350.5206 346.7745 342.8304 339.9676 339.0793 340.9609 346.2236 350.2803 358.7814 369.0074 378.1999 384.7343 386.0356
398.6196 395.3564 392.7098 391.3777 390.3399 388.0473 390.0197 391.6407 390.8978 389.7407 387.7058 383.8448 381.5024 382.8094 382.8089 380.5816 380.5587 384.6596 388.5694 395.8926 404.9253 414.9579 425.0357 432.0476 435.628 434.7594 432.0146 428.9405 424.5061 417.9865 410.611 400.3434 385.4673 374.2047 365.4616 357.2478 352.0171 347.1297 342.6858 342.7883 353.2825 366.1537 374.2223 371.4671 361.8381 354.1179 353.4142 355.8539 353.9615 346.3855 342.7546 337.4772 332.2248 329.5315 329.6783 333.6818 341.2787 349.3136 355.9567 366.3342 372.3508 370.8676 359.9232
400.2878 398.1361 396.8964 392.9343 391.0165 389.5282 392.0763 395.0479 394.3595 392.2694 389.0539 384.4652 382.1402 381.7422 381.5609 378.4745 377.5305 379.8756 385.0964 393.0607 403.0587 414.3874 425.5956 430.5863 431.4762 427.4357 425.8468 418.9223 412.2081 404.4576 394.1678 381.3752 369.292 359.1164 350.5499 342.1236 336.5762 330.8362 329.0563 334.5243 346.7525 357.9452 356.4241 348.1656 339.0259 340.4106 346.9153 347.9728 343.0799 335.8266 327.7659 321.8361 315.5181 312.6085 317.7181 325.9295 334.7816 343.06 349.7872 354.0605 349.963 336.2834 315.4632
401.341 399.6003 398.1199 394.5759 392.2174 391.8448 395.5235 398.3652 398.8878 395.0179 389.1307 385.6742 382.2905 381.0918 379.4535 376.3162 374.7254 375.6767 380.9159 388.321 397.5876 404.354 412.2458 416.9018 418.2092 417.3022 414.7368 409.769 398.4616 388.9184 379.4632 366.9367 355.0606 344.6301 336.2487 327.3326 321.1018 317.3993 318.7919 323.5696 328.3388 330.532 323.4656 314.7513 315.9196 323.9641 327.2095 323.5492 315.9727 307.5288 300.8191 295.4673 290.5943 294.9955 305.4929 317.7902 328.3475 335.5061 336.5512 332.4455 316.385 294.0782 270.0198
402.8088 400.9807 398.7184 398.2227 398.4471 399.0916 403.9483 406.3359 402.295 395.0531 387.2205 385.034 382.2809 380.0655 377.8084 375.8234 373.7934 374.3948 376.9878 381.4594 387.3022 390.2601 392.4347 396.7027 399.7351 402.0897 401.6064 397.0741 386.4473 374.5757 366.0646 354.8984 342.0301 331.7095 321.5524 314.0978 310.7062 308.4475 306.9865 307.33 304.9467 299.1129 288.1879 284.583 290.1147 296.7367 294.6037 288.7515 281.4534 274.1057 268.5865 265.5708 267.6532 281.3908 298.5587 311.5368 321.2538 324.3656 321.0584 304.6817 283.3647 258.2404 237.6079
403.7177 402.7511 401.0546 402.8785 408.2402 410.5043 411.7502 410.7028 401.4881 390.0624 384.0315 383.3239 383.0639 379.7684 379.3045 377.691 375.7235 374.8289 375.3319 375.8174 376.2658 375.5781 375.8863 380.1909 383.4274 383.218 382.5693 379.9966 372.1378 362.1505 350.1111 340.0921 330.338 319.7243 310.6911 304.7541 301.2573 299.0343 294.8334 291.9969 285.3898 276.7908 268.4957 263.6847 265.61 265.014 257.8969 252.2485 247.9297 242.5255 241.5421 243.6532 255.7113 274.7365 292.0475 302.994 308.5294 306.7186 296.8557 275.7396 254.5717 233.8914 220.904
406.2763 405.4477 405.7504 409.0868 410.838 410.4541 409.5676 403.7725 395.7091 384.8862 382.1875 385.3019 385.3059 382.4324 380.5203 381.3595 383.829 379.7989 377.1268 373.862 370.5024 367.3192 369.0477 369.6854 370.4624 368.3072 362.4071 362.8518 358.9529 347.3107 334.1385 325.2589 316.5114 308.7367 301.4232 296.1725 292.492 289.4621 285.3538 278.0143 271.0653 262.4653 255.4531 248.9037 245.5332 239.646 231.3578 225.9849 222.0764 219.8314 222.4467 231.2275 247.5901 263.8263 275.2844 279.4196 277.3065 269.8554 258.1542 242.6919 225.375 214.04 210.4225
407.9082 408.7608 409.5865 410.5964 409.4428 408.1773 404.0349 396.5747 390.0468 386.935 390.2932 393.7303 390.0274 384.2357 381.3133 382.2705 386.3706 385.5065 382.0425 378.1092 375.0613 372.4387 370.007 365.2169 361.0222 356.1361 349.476 343.9556 338.6022 327.9663 318.2632 308.8644 302.5927 295.9624 290.276 287.0201 283.715 279.5108 273.9822 266.3124 258.3813 250.7613 243.1985 235.7417 229.7511 223.1315 214.8951 209.3858 206.4959 206.2124 211.0007 219.5022 230.9083 239.1789 241.7857 235.7567 225.9028 216.3909 207.3267 200.5567 195.7226 197.3275 202.4079
409.7249 410.0331 409.3253 409.2283 407.665 405.2044 400.6245 397.0036 393.5757 396.1017 400.1006 399.0072 394.458 388.8294 387.2231 389.5796 388.4337 386.4075 388.6885 386.45 382.4519 378.213 373.1375 364.0487 354.6898 347.1804 337.5319 326.9503 318.9361 312.1209 305.5492 298.2902 290.466 283.5196 279.9906 277.6487 275.7013 270.2046 263.9191 255.6207 246.6583 238.6594 231.3236 224.4715 217.3277 209.5403 202.9518 197.3116 196.5777 196.751 202.0201 207.3516 208.7509 207.0874 200.3785 189.5893 180.8177 175.5413 173.7704 175.429 181.357 189.4981 199.0555
411.6627 410.3695 408.8992 407.9213 406.4466 403.7306 399.8348 397.5119 396.104 397.9724 400.4173 399.9235 397.7566 396.2742 396.4342 396.8045 396.4103 398.2839 397.7798 394.5715 391.3851 385.9789 375.9465 363.0348 352.2946 341.77 331.3096 320.9022 310.6831 303.6638 297.6857 290.3944 283.4191 275.0546 270.6821 270.1908 268.9617 264.0721 255.7541 246.0941 235.8214 227.8088 220.6759 216.3125 207.8229 199.6943 193.689 190.1953 188.2159 189.7631 192.4889 192.624 188.3383 182.0604 173.6873 165.8499 162.6237 164.4968 169.9987 177.6556 187.7521 197.9903 206.745
411.6295 409.4378 407.393 406.437 405.0436 402.8109 400.4314 397.8524 395.6812 395.3342 399.6302 401.2728 400.8438 403.1537 407.8486 407.8486 405.5172 406.0785 404.7458 397.8162 395.8059 390.6436 378.7261 365.6394 352.2401 341.3402 329.9072 318.3209 307.8359 299.8877 294.583 286.9086 277.8536 270.766 268.1459 268.5237 266.7603 260.7768 250.6514 239.7652 230.306 223.4534 217.4725 210.2164 201.7488 194.2475 190.5085 188.7688 188.8798 189.1529 188.5122 185.5875 180.5458 173.2151 169.5557 169.5576 175.058 184.844 195.7039 205.2741 214.2408 219.2323 223.3414
410.87 407.7783 406.3626 405.3661 404.4173 402.843 400.1585 399.3606 397.9383 398.2789 399.7368 402.8131 405.9087 409.0682 412.7025 411.0376 407.5062 405.89 404.5938 397.9148 393.9138 390.3472 381.0938 368.4017 356.0048 344.6048 333.2922 320.9594 310.2753 302.3701 297.2639 288.8912 278.6149 274.6812 279.8108 279.1124 274.2782 264.7436 251.3915 235.3543 229.1146 223.4483 215.9923 209.712 201.902 196.6884 194.575 195.4864 196.762 197.9451 196.1059 192.3997 189.3747 187.4211 190.4389 198.4801 211.9129 224.9315 236.5699 243.7519 247.1387 246.5437 240.2614
410.5078 407.2502 405.4577 404.4609 403.8077 402.302 401.0727 400.3441 400.3358 400.1118 402.3484 403.8035 408.0028 410.1431 410.0336 408.9097 405.5127 403.5387 401.2479 395.4713 391.0548 388.2156 381.935 374.4102 365.1304 353.1021 343.351 332.5281 322.458 315.2782 308.989 297.8803 291.1065 293.6726 299.9009 297.7387 288.745 277.1707 260.4519 243.9955 237.5948 230.736 223.4944 218.8777 214.5234 211.1926 210.174 212.4419 216.8098 219.1423 217.7365 213.6806 213.8578 217.2695 226.4324 238.6288 251.0152 261.7485 268.9825 270.7952 268.9678 263.6171 252.802
409.7476 407.1624 405.5696 403.8013 403.4073 402.1316 401.37 401.6353 402.1501 401.9788 404.7449 406.0995 407.5132 406.8295 407.1133 407.0031 404.098 401.1683 399.3248 395.6264 390.1451 386.4957 382.8333 379.237 374.1039 366.222 357.0244 348.6289 342.579 335.9783 325.1973 311.416 311.2162 316.7858 320.7502 315.6766 303.5874 287.7902 268.0975 252.4361 248.3007 247.5491 245.6815 245.0496 244.4828 241.5815 238.92 241.9756 247.5526 248.0057 243.6354 238.8536 239.1027 246.2751 253.9102 263.9923 272.4563 278.4922 281.217 280.8897 278.7557 272.2434 263.2757
409.7711 407.2818 405.0617 402.5475 401.482 401.0734 402.3465 402.7008 402.7128 403.3937 405.1087 406.1108 405.9444 404.4675 403.9668 403.8594 402.3248 399.1865 397.8046 395.3295 390.0171 385.7325 383.3773 381.5969 376.5989 369.8829 363.2389 358.7411 355.2115 347.0332 331.2187 322.4863 328.3547 334.8853 334.1675 326.7402 310.6989 292.2374 273.5429 265.0381 268.5356 274.1973 277.6633 278.7971 279.4866 275.8484 273.2805 272.9424 275.9702 272.0117 262.3419 256.6604 255.7693 260.4193 264.9705 271.6584 278.2217 283.8548 284.0463 284.6514 284.0476 280.1301 273.231
408.2883 406.2054 403.5618 401.1598 399.287 400.3758 401.5906 402.4239 402.7729 403.4783 403.9422 404.291 403.8218 402.1613 401.7589 401.5511 401.1971 398.8276 397.7264 395.2471 390.3762 385.6588 382.4703 378.9595 376.3008 370.7772 366.1075 360.7559 355.7955 343.631 332.4249 331.8303 336.3044 338.4129 337.3083 330.8782 314.2924 296.6268 284.2512 285.1964 292.5223 301.2384 304.7888 305.4023 303.0702 295.1372 290.5717 290.5421 289.8437 280.0758 269.3046 263.5438 262.5278 262.8305 266.4958 270.7949 276.6264 282.2605 286.2104 291.1055 293.5558 292.7885 289.0608
405.1901 403.1511 400.016 397.478 397.6152 398.7328 400.1711 401.4164 402.6203 401.8517 401.0701 402.0344 402.2249 401.0376 399.5994 400.0862 400.23 398.8511 396.8828 393.8054 390.0847 384.4491 381.8909 377.4388 374.0823 369.5972 363.9081 357.1603 348.2002 336.3256 335.7804 339.9352 340.8541 340.6034 337.0362 327.3809 313.5541 298.9456 295.9659 302.6482 310.4373 316.1625 314.9301 312.3524 306.5073 300.6619 296.3946 294.1208 286.1374 274.6666 265.3285 262.301 262.0155 261.7852 266.1855 270.4409 276.7639 286.5017 296.5245 305.5723 311.9573 313.2784 311.4416
403.019 400.2647 397.1242 396.6028 397.0916 398.2375 399.4879 400.299 401.2791 399.8235 399.0884 398.8033 399.9886 400.0387 399.2142 397.8719 398.6769 397.0633 395.149 391.4944 388.5421 383.1308 380.0162 376.2243 371.8243 366.2 358.7356 350.641 340.6805 337.3946 343.7711 349.4058 349.1198 343.24 335.6479 322.2939 310.0499 301.8611 305.1206 310.8798 313.9626 315.3 311.7734 307.0785 301.399 296.9656 291.3255 285.0431 274.1332 262.9499 256.7709 255.3818 258.0524 259.2527 267.0047 275.1435 287.3022 303.1346 320.2771 332.7851 340.143 339.8647 332.4556
402.0281 399.7772 399.1647 398.2408 399.0816 399.3455 399.3226 399.4726 399.8437 397.9896 397.2587 396.4841 397.6859 398.3683 398.8273 398.5657 397.2267 394.1898 392.0397 389.8167 387.0368 382.3294 378.281 375.7674 369.4674 363.0952 355.2444 346.3586 339.2762 343.2306 353.3073 355.3413 352.2221 344.3691 331.4145 319.3966 310.326 306.663 311.0922 311.6686 309.1355 306.5727 302.8882 297.3465 291.7409 286.6015 279.4442 271.7039 262.381 252.8788 248.1354 249.6521 256.0515 261.1801 272.3471 288.1727 309.5294 331.5316 355.1065 371.7671 372.9233 364.8316 349.6147
402.1713 400.1764 401.1269 400.9864 400.2275 399.4457 399.8658 399.2241 399.1535 396.8462 396.5051 395.8566 396.698 397.7977 398.2048 397.7381 395.8933 393.3371 390.1934 388.2151 385.4658 382.7877 377.5948 374.9789 369.703 362.3408 355.3277 349.1151 346.9027 350.7852 359.0882 354.9873 347.1707 338.2615 328.7397 317.7144 313.2341 311.234 311.7593 309.1929 301.5486 298.2666 293.8509 287.6279 282.1789 275.1233 268.7101 260.5533 253.451 246.8464 244.7239 249.0608 260.7309 271.208 288.2849 313.4993 341.6057 372.0813 399.2454 410.3781 401.5255 380.7388 355.4407
401.506 400.2689 401.3959 402.0458 401.3318 400.2263 399.4512 399.4495 398.2123 396.4073 395.5747 396.5075 395.7413 397.2384 397.3908 396.867 394.5234 392.1839 389.0135 386.5426 384.7157 383.1854 377.8238 374.4694 370.9477 364.3808 358.0008 354.3497 354.734 354.6157 352.578 348.595 342.4196 333.2688 324.9783 318.4135 313.6822 313.1217 312.1353 307.7391 302.085 298.8246 291.9638 284.2023 276.1222 267.1381 261.082 254.0567 248.7606 244.8174 247.1194 256.5279 273.9077 290.6979 312.4396 345.1631 381.4477 417.5553 439.4618 438.2922 414.249 381.9531 349.6639
402.6366 402.9105 403.2814 402.8738 402.3548 401.4233 400.8302 399.7487 398.874 397.9761 397.4769 397.6252 397.6703 395.2063 395.9639 395.4298 393.7869 391.4191 388.7926 385.5548 384.1542 381.5834 379.4811 375.0092 369.4428 363.7026 358.4101 355.0109 353.4578 350.0542 346.7491 343.0377 338.1463 330.6531 321.723 316.2852 314.0127 312.8253 313.5467 308.7975 302.269 295.8312 289.851 283.9418 275.073 265.5257 256.3824 249.3079 246.543 249.3161 255.5013 271.0931 296.3649 321.0521 346.136 383.4591 427.7127 458.791 464.889 444.7695 409.2563 370.577 336.3854
404.2286 404.5815 404.306 403.8619 403.253 402.6011 402.0956 401.0603 400.462 400.9941 400.555 399.6357 398.9522 398.2179 396.4521 393.9888 393.0739 390.5496 388.7959 386.371 383.0517 381.1679 377.9098 373.6504 367.9161 361.1272 354.1418 351.2582 350.4824 345.9403 342.7002 340.4594 332.5779 324.3314 317.3796 315.6768 315.0909 313.9232 310.86 303.5072 297.4686 290.5768 288.1464 281.8753 274.4523 266.6428 256.5467 252.3512 252.3127 259.0885 273.3 294.989 326.366 356.7431 386.266 424.1013 465.8855 486.3897 473.6858 439.7517 395.347 355.3095 324.3089
