py_wake/examples/data/AJ_ParqueFicticio/Rough survey   Sector 9   Height 30m   Weibull-k.grd
DSAA
73  159
 258469   265669
 6501692   6517492
 .6074219   2.455078
[rows 84 to 111 of 159, columns 0 to 62 of 73]
2.412109 2.408203 2.400391 2.400391 2.392578 2.384766 2.373047 2.357422 2.345703 2.345703 2.349609 2.349609 2.345703 2.345703 2.337891 2.353516 2.345703 2.349609 2.369141 2.369141 2.369141 2.373047 2.380859 2.380859 2.373047 2.353516 2.333984 2.291016 2.275391 2.298828 2.333984 2.365234 2.373047 2.376953 2.380859 2.423828 2.419922 2.412109 2.408203 2.376953 2.357422 2.345703 2.341797 2.349609 2.353516 2.361328 2.369141 2.373047 2.380859 2.392578 2.416016 2.435547 2.443359 2.435547 2.423828 2.427734 2.431641 2.439453 2.423828 2.412109 2.408203 2.416016 2.451172
2.400391 2.400391 2.400391 2.396484 2.388672 2.376953 2.365234 2.349609 2.345703 2.337891 2.333984 2.326172 2.318359 2.326172 2.337891 2.345703 2.330078 2.330078 2.349609 2.353516 2.353516 2.357422 2.365234 2.380859 2.373047 2.337891 2.310547 2.283203 2.279297 2.291016 2.318359 2.345703 2.341797 2.369141 2.369141 2.419922 2.423828 2.408203 2.384766 2.376953 2.369141 2.361328 2.361328 2.365234 2.349609 2.361328 2.361328 2.353516 2.365234 2.376953 2.396484 2.439453 2.439453 2.439453 2.435547 2.435547 2.447266 2.431641 2.419922 2.412109 2.404297 2.423828 2.451172
2.392578 2.392578 2.396484 2.388672 2.380859 2.373047 2.357422 2.353516 2.345703 2.333984 2.322266 2.326172 2.333984 2.333984 2.341797 2.337891 2.337891 2.341797 2.326172 2.322266 2.322266 2.326172 2.330078 2.349609 2.330078 2.275391 2.228516 2.212891 2.216797 2.255859 2.287109 2.314453 2.337891 2.361328 2.369141 2.412109 2.423828 2.396484 2.376953 2.373047 2.365234 2.373047 2.373047 2.376953 2.376953 2.384766 2.388672 2.376953 2.376953 2.365234 2.376953 2.396484 2.439453 2.431641 2.443359 2.439453 2.431641 2.423828 2.423828 2.419922 2.416016 2.451172 2.451172
2.396484 2.392578 2.392578 2.376953 2.369141 2.365234 2.349609 2.357422 2.345703 2.330078 2.326172 2.318359 2.318359 2.310547 2.314453 2.322266 2.333984 2.326172 2.318359 2.318359 2.294922 2.275391 2.263672 2.271484 2.267578 2.205078 2.107422 2.119141 2.150391 2.220703 2.267578 2.294922 2.330078 2.369141 2.400391 2.427734 2.431641 2.392578 2.365234 2.357422 2.357422 2.369141 2.376953 2.380859 2.384766 2.388672 2.392578 2.396484 2.392578 2.373047 2.369141 2.380859 2.396484 2.419922 2.427734 2.431641 2.423828 2.423828 2.435547 2.447266 2.443359 2.451172 2.451172
2.392578 2.388672 2.380859 2.369141 2.357422 2.345703 2.337891 2.345703 2.326172 2.314453 2.314453 2.302734 2.298828 2.302734 2.298828 2.298828 2.310547 2.302734 2.306641 2.294922 2.279297 2.244141 2.208984 2.185547 2.201172 2.193359 2.107422 2.115234 2.185547 2.244141 2.271484 2.322266 2.333984 2.361328 2.392578 2.431641 2.435547 2.400391 2.369141 2.357422 2.357422 2.365234 2.361328 2.373047 2.376953 2.384766 2.380859 2.384766 2.392578 2.392578 2.380859 2.369141 2.365234 2.392578 2.419922 2.443359 2.435547 2.423828 2.443359 2.451172 2.451172 2.451172 2.451172
2.384766 2.380859 2.376953 2.369141 2.349609 2.337891 2.318359 2.310547 2.291016 2.306641 2.291016 2.298828 2.291016 2.283203 2.271484 2.259766 2.271484 2.283203 2.279297 2.291016 2.275391 2.251953 2.216797 2.205078 2.224609 2.240234 2.205078 2.205078 2.259766 2.275391 2.318359 2.337891 2.345703 2.365234 2.392578 2.419922 2.427734 2.400391 2.380859 2.365234 2.369141 2.365234 2.361328 2.380859 2.380859 2.376953 2.361328 2.369141 2.396484 2.388672 2.365234 2.330078 2.314453 2.341797 2.388672 2.431641 2.443359 2.447266 2.447266 2.451172 2.451172 2.443359 2.451172
2.392578 2.384766 2.373047 2.361328 2.345703 2.326172 2.298828 2.298828 2.279297 2.279297 2.267578 2.283203 2.271484 2.259766 2.255859 2.255859 2.244141 2.228516 2.248047 2.279297 2.294922 2.279297 2.267578 2.263672 2.291016 2.275391 2.259766 2.251953 2.263672 2.302734 2.337891 2.353516 2.361328 2.380859 2.396484 2.400391 2.392578 2.412109 2.384766 2.380859 2.373047 2.361328 2.392578 2.404297 2.408203 2.376953 2.396484 2.388672 2.404297 2.431641 2.400391 2.326172 2.326172 2.310547 2.310547 2.357422 2.408203 2.427734 2.447266 2.451172 2.427734 2.412109 2.431641
2.392578 2.384766 2.373047 2.365234 2.349609 2.310547 2.298828 2.279297 2.267578 2.271484 2.263672 2.263672 2.267578 2.251953 2.244141 2.240234 2.228516 2.193359 2.205078 2.271484 2.322266 2.322266 2.310547 2.306641 2.306641 2.306641 2.291016 2.259766 2.271484 2.318359 2.357422 2.369141 2.376953 2.380859 2.404297 2.392578 2.384766 2.392578 2.396484 2.376953 2.380859 2.388672 2.396484 2.419922 2.396484 2.396484 2.396484 2.404297 2.408203 2.419922 2.412109 2.400391 2.392578 2.365234 2.337891 2.326172 2.357422 2.392578 2.423828 2.400391 2.318359 2.263672 2.412109
2.392578 2.380859 2.369141 2.357422 2.337891 2.318359 2.294922 2.283203 2.275391 2.259766 2.263672 2.275391 2.259766 2.259766 2.255859 2.236328 2.224609 2.193359 2.197266 2.267578 2.341797 2.365234 2.341797 2.326172 2.302734 2.314453 2.302734 2.275391 2.287109 2.337891 2.369141 2.380859 2.384766 2.380859 2.416016 2.392578 2.384766 2.384766 2.392578 2.376953 2.380859 2.400391 2.400391 2.400391 2.392578 2.392578 2.400391 2.400391 2.404297 2.400391 2.396484 2.400391 2.400391 2.408203 2.396484 2.408203 2.408203 2.412109 2.396484 2.361328 1.908203 1.841797 2.322266
2.384766 2.373047 2.357422 2.353516 2.345703 2.318359 2.294922 2.279297 2.271484 2.263672 2.263672 2.267578 2.267578 2.255859 2.263672 2.275391 2.271484 2.232422 2.220703 2.294922 2.322266 2.349609 2.333984 2.314453 2.302734 2.318359 2.310547 2.302734 2.318359 2.353516 2.373047 2.380859 2.388672 2.400391 2.396484 2.384766 2.384766 2.384766 2.376953 2.388672 2.400391 2.396484 2.392578 2.388672 2.392578 2.396484 2.400391 2.400391 2.388672 2.384766 2.392578 2.400391 2.400391 2.416016 2.404297 2.396484 2.376953 2.380859 2.380859 2.333984 1.884766 1.455078 1.931641
2.384766 2.369141 2.353516 2.341797 2.330078 2.318359 2.287109 2.267578 2.255859 2.259766 2.251953 2.248047 2.248047 2.251953 2.271484 2.306641 2.330078 2.302734 2.275391 2.318359 2.330078 2.341797 2.326172 2.298828 2.302734 2.322266 2.322266 2.322266 2.333984 2.365234 2.380859 2.388672 2.384766 2.396484 2.408203 2.388672 2.384766 2.376953 2.384766 2.369141 2.384766 2.396484 2.388672 2.388672 2.400391 2.408203 2.408203 2.400391 2.388672 2.384766 2.392578 2.396484 2.396484 2.404297 2.404297 2.404297 2.388672 2.396484 2.396484 2.369141 1.853516 2.220703 2.220703
2.369141 2.353516 2.337891 2.326172 2.306641 2.298828 2.283203 2.279297 2.267578 2.259766 2.255859 2.251953 2.244141 2.228516 2.259766 2.314453 2.361328 2.337891 2.306641 2.322266 2.337891 2.337891 2.333984 2.294922 2.302734 2.326172 2.333984 2.337891 2.353516 2.380859 2.392578 2.400391 2.392578 2.388672 2.392578 2.388672 2.384766 2.369141 2.376953 2.369141 2.376953 2.388672 2.388672 2.396484 2.408203 2.419922 2.408203 2.396484 2.392578 2.388672 2.396484 2.392578 2.388672 2.396484 2.408203 2.404297 2.396484 2.400391 2.408203 2.392578 2.123047 2.220703 2.220703
2.361328 2.337891 2.337891 2.333984 2.318359 2.291016 2.287109 2.275391 2.271484 2.267578 2.267578 2.259766 2.251953 2.236328 2.251953 2.318359 2.376953 2.357422 2.306641 2.326172 2.341797 2.345703 2.337891 2.298828 2.306641 2.318359 2.326172 2.326172 2.349609 2.357422 2.376953 2.388672 2.365234 2.345703 2.384766 2.388672 2.384766 2.345703 2.357422 2.373047 2.384766 2.392578 2.396484 2.404297 2.408203 2.408203 2.404297 2.400391 2.396484 2.400391 2.404297 2.400391 2.396484 2.408203 2.408203 2.396484 2.396484 2.384766 2.396484 2.404297 2.322266 1.712891 2.220703
2.353516 2.333984 2.322266 2.330078 2.337891 2.310547 2.287109 2.279297 2.279297 2.275391 2.283203 2.283203 2.279297 2.259766 2.267578 2.318359 2.341797 2.353516 2.306641 2.322266 2.330078 2.345703 2.337891 2.314453 2.298828 2.298828 2.310547 2.283203 2.197266 2.240234 2.337891 2.365234 2.337891 2.283203 2.345703 2.380859 2.373047 2.341797 2.361328 2.380859 2.388672 2.400391 2.404297 2.408203 2.408203 2.404297 2.416016 2.408203 2.416016 2.419922 2.416016 2.427734 2.435547 2.388672 2.365234 2.388672 2.392578 2.388672 2.392578 2.376953 2.365234 2.041016 2.220703
2.365234 2.330078 2.302734 2.314453 2.326172 2.314453 2.287109 2.287109 2.291016 2.283203 2.302734 2.318359 2.330078 2.314453 2.310547 2.341797 2.341797 2.337891 2.302734 2.298828 2.322266 2.345703 2.330078 2.314453 2.291016 2.314453 2.337891 2.240234 2.228516 2.322266 2.349609 2.361328 2.291016 2.244141 2.310547 2.361328 2.361328 2.361328 2.376953 2.392578 2.392578 2.412109 2.416016 2.416016 2.423828 2.435547 2.427734 2.427734 2.408203 2.400391 2.384766 2.345703 2.333984 2.345703 2.353516 2.330078 2.357422 2.373047 2.369141 2.384766 2.384766 2.189453 1.150391
2.361328 2.310547 2.298828 2.306641 2.330078 2.337891 2.294922 2.298828 2.318359 2.306641 2.326172 2.353516 2.376953 2.369141 2.357422 2.373047 2.361328 2.341797 2.310547 2.298828 2.322266 2.345703 2.337891 2.322266 2.310547 2.337891 2.330078 2.345703 2.341797 2.353516 2.357422 2.349609 2.298828 2.275391 2.318359 2.345703 2.365234 2.376953 2.384766 2.396484 2.419922 2.423828 2.427734 2.431641 2.423828 2.431641 2.408203 2.404297 2.314453 2.224609 2.259766 2.306641 2.376953 2.412109 2.392578 2.384766 2.376953 2.341797 2.345703 2.287109 2.216797 1.912109 2.220703
2.361328 2.341797 2.326172 2.322266 2.341797 2.376953 2.330078 2.330078 2.357422 2.349609 2.361328 2.384766 2.396484 2.392578 2.380859 2.396484 2.380859 2.357422 2.333984 2.314453 2.330078 2.341797 2.341797 2.341797 2.337891 2.310547 2.361328 2.337891 2.345703 2.361328 2.365234 2.349609 2.306641 2.310547 2.345703 2.353516 2.357422 2.373047 2.369141 2.380859 2.404297 2.373047 2.384766 2.388672 2.396484 2.412109 2.412109 2.380859 2.251953 2.255859 2.361328 2.404297 2.376953 2.384766 2.388672 2.369141 2.341797 2.279297 2.142578 2.052734 1.916016 2.220703 1.076172
2.380859 2.376953 2.365234 2.345703 2.361328 2.400391 2.396484 2.369141 2.396484 2.392578 2.384766 2.404297 2.412109 2.396484 2.388672 2.388672 2.380859 2.373047 2.349609 2.333984 2.337891 2.349609 2.357422 2.384766 2.337891 2.373047 2.353516 2.349609 2.353516 2.365234 2.376953 2.365234 2.330078 2.314453 2.357422 2.369141 2.373047 2.384766 2.373047 2.396484 2.333984 2.302734 2.294922 2.326172 2.384766 2.427734 2.443359 2.435547 2.408203 2.404297 2.423828 2.384766 2.376953 2.376953 2.369141 2.345703 2.294922 2.236328 2.119141 2.013672 2.220703 .8027344 2.451172
2.412109 2.400391 2.388672 2.369141 2.373047 2.419922 2.427734 2.404297 2.419922 2.423828 2.412109 2.419922 2.400391 2.384766 2.376953 2.380859 2.380859 2.376953 2.365234 2.349609 2.349609 2.365234 2.388672 2.408203 2.380859 2.357422 2.353516 2.349609 2.357422 2.373047 2.388672 2.380859 2.349609 2.349609 2.365234 2.380859 2.388672 2.400391 2.419922 2.400391 2.322266 2.294922 2.337891 2.404297 2.400391 2.404297 2.443359 2.443359 2.439453 2.431641 2.431641 2.384766 2.376953 2.361328 2.341797 2.333984 2.287109 2.259766 2.181641 2.076172 1.763672 1.517578 2.451172
2.427734 2.423828 2.412109 2.388672 2.388672 2.423828 2.427734 2.423828 2.427734 2.431641 2.427734 2.423828 2.396484 2.380859 2.380859 2.380859 2.380859 2.380859 2.376953 2.369141 2.380859 2.400391 2.404297 2.396484 2.376953 2.361328 2.349609 2.349609 2.357422 2.369141 2.380859 2.384766 2.365234 2.365234 2.376953 2.392578 2.396484 2.419922 2.435547 2.419922 2.404297 2.388672 2.380859 2.388672 2.404297 2.388672 2.392578 2.416016 2.443359 2.439453 2.431641 2.388672 2.373047 2.365234 2.345703 2.345703 2.322266 2.298828 2.251953 2.111328 2.220703 2.220703 2.220703
2.427734 2.427734 2.427734 2.412109 2.400391 2.427734 2.427734 2.427734 2.423828 2.427734 2.427734 2.412109 2.388672 2.376953 2.373047 2.369141 2.376953 2.384766 2.388672 2.392578 2.404297 2.396484 2.388672 2.384766 2.388672 2.376953 2.361328 2.369141 2.365234 2.361328 2.373047 2.376953 2.365234 2.373047 2.388672 2.400391 2.408203 2.439453 2.435547 2.423828 2.416016 2.380859 2.373047 2.388672 2.427734 2.392578 2.341797 2.365234 2.423828 2.443359 2.439453 2.408203 2.380859 2.373047 2.361328 2.341797 2.310547 2.259766 2.193359 2.044922 2.220703 2.220703 2.220703
2.416016 2.423828 2.427734 2.408203 2.396484 2.419922 2.427734 2.416016 2.416016 2.412109 2.400391 2.384766 2.376953 2.369141 2.353516 2.345703 2.361328 2.380859 2.388672 2.392578 2.388672 2.380859 2.373047 2.384766 2.404297 2.412109 2.404297 2.404297 2.388672 2.380859 2.380859 2.373047 2.357422 2.369141 2.392578 2.400391 2.419922 2.439453 2.439453 2.427734 2.396484 2.373047 2.376953 2.404297 2.423828 2.392578 2.302734 2.228516 2.376953 2.423828 2.447266 2.439453 2.404297 2.376953 2.345703 2.294922 2.224609 2.142578 2.052734 1.935547 2.220703 2.220703 2.220703
2.400391 2.396484 2.412109 2.392578 2.380859 2.408203 2.419922 2.404297 2.400391 2.392578 2.380859 2.365234 2.357422 2.357422 2.345703 2.310547 2.333984 2.369141 2.384766 2.392578 2.384766 2.376953 2.369141 2.400391 2.435547 2.431641 2.423828 2.423828 2.408203 2.388672 2.380859 2.369141 2.361328 2.365234 2.392578 2.412109 2.439453 2.439453 2.435547 2.412109 2.376953 2.349609 2.384766 2.400391 2.388672 2.369141 2.298828 2.150391 2.228516 2.384766 2.408203 2.412109 2.408203 2.357422 2.279297 2.244141 2.150391 2.029297 1.955078 1.880859 1.646484 2.220703 2.220703
2.412109 2.396484 2.392578 2.400391 2.396484 2.408203 2.419922 2.404297 2.388672 2.384766 2.376953 2.357422 2.345703 2.345703 2.341797 2.287109 2.267578 2.349609 2.388672 2.392578 2.396484 2.384766 2.380859 2.404297 2.435547 2.435547 2.435547 2.435547 2.416016 2.396484 2.388672 2.380859 2.373047 2.384766 2.404297 2.427734 2.439453 2.439453 2.427734 2.396484 2.369141 2.369141 2.380859 2.380859 2.333984 2.322266 2.275391 2.111328 2.111328 2.318359 2.388672 2.396484 2.392578 2.349609 2.275391 2.271484 2.208984 2.080078 1.990234 1.947266 1.501953 2.220703 2.220703
2.423828 2.408203 2.396484 2.396484 2.400391 2.419922 2.419922 2.404297 2.384766 2.380859 2.369141 2.345703 2.341797 2.341797 2.337891 2.318359 2.271484 2.322266 2.380859 2.400391 2.400391 2.388672 2.369141 2.396484 2.435547 2.435547 2.435547 2.435547 2.431641 2.408203 2.400391 2.388672 2.388672 2.396484 2.416016 2.423828 2.439453 2.439453 2.427734 2.404297 2.400391 2.376953 2.373047 2.337891 2.244141 2.244141 2.193359 2.056641 2.041016 2.255859 2.369141 2.380859 2.380859 2.353516 2.318359 2.345703 2.349609 2.267578 2.150391 2.064453 1.611328 .7128906 2.220703
2.427734 2.416016 2.392578 2.392578 2.388672 2.392578 2.400391 2.396484 2.388672 2.376953 2.357422 2.333984 2.330078 2.330078 2.341797 2.341797 2.318359 2.310547 2.357422 2.384766 2.400391 2.388672 2.373047 2.376953 2.427734 2.435547 2.435547 2.435547 2.435547 2.423828 2.412109 2.412109 2.412109 2.439453 2.439453 2.439453 2.439453 2.439453 2.435547 2.419922 2.396484 2.373047 2.369141 2.314453 2.189453 2.166016 2.095703 1.986328 1.990234 2.220703 2.357422 2.376953 2.384766 2.373047 2.365234 2.384766 2.396484 2.373047 2.275391 2.115234 1.755859 2.451172 .6074219
2.427734 2.416016 2.392578 2.392578 2.392578 2.388672 2.388672 2.388672 2.384766 2.369141 2.345703 2.310547 2.310547 2.326172 2.337891 2.341797 2.333984 2.322266 2.333984 2.361328 2.388672 2.392578 2.376953 2.376953 2.416016 2.435547 2.423828 2.435547 2.435547 2.435547 2.435547 2.435547 2.435547 2.435547 2.439453 2.439453 2.419922 2.439453 2.439453 2.427734 2.396484 2.373047 2.361328 2.310547 2.197266 2.134766 2.080078 2.013672 1.986328 2.248047 2.365234 2.376953 2.392578 2.396484 2.400391 2.404297 2.412109 2.408203 2.357422 2.189453 1.701172 1.498047 2.220703
2.423828 2.427734 2.408203 2.404297 2.404297 2.400391 2.388672 2.380859 2.369141 2.357422 2.337891 2.314453 2.314453 2.333984 2.349609 2.353516 2.349609 2.345703 2.314453 2.318359 2.357422 2.380859 2.365234 2.361328 2.400391 2.400391 2.404297 2.404297 2.435547 2.435547 2.435547 2.435547 2.435547 2.439453 2.439453 2.427734 2.396484 2.404297 2.431641 2.423828 2.392578 2.369141 2.361328 2.314453 2.224609 2.146484 2.095703 2.087891 2.095703 2.220703 2.369141 2.392578 2.412109 2.423828 2.431641 2.439453 2.435547 2.419922 2.404297 2.314453 1.259766 2.220703 2.220703
