py_wake/examples/data/AJ_ParqueFicticio/Rough survey   Sector 10   Height 30m   Weibull-k.grd
DSAA
73  159
 258469   265669
 6501692   6517492
 .6855469   2.455078
[rows 112 to 139 of 159, columns 0 to 62 of 73]
2.224609 2.224609 2.224609 2.224609 2.224609 2.197266 2.162109 2.130859 2.091797 2.068359 2.037109 2.013672 2.025391 2.033203 2.060547 2.103516 2.099609 2.013672 1.869141 1.615234 1.775391 2.029297 2.181641 2.220703 2.185547 2.154297 2.142578 2.220703 2.216797 2.146484 1.951172 1.822266 1.830078 2.064453 2.181641 2.220703 2.220703 2.220703 2.185547 2.158203 2.123047 2.072266 2.005859 1.986328 1.982422 1.943359 1.876953 1.794922 1.658203 1.869141 2.087891 2.197266 2.220703 2.216797 2.220703 2.220703 2.220703 2.220703 2.220703 2.220703 2.220703 2.220703 2.220703
2.224609 2.224609 2.224609 2.224609 2.224609 2.220703 2.189453 2.142578 2.107422 2.087891 2.060547 2.033203 2.041016 2.056641 2.119141 2.185547 2.142578 2.033203 1.962891 1.810547 1.642578 1.771484 1.994141 2.142578 2.138672 2.150391 2.169922 2.220703 2.216797 2.162109 2.033203 1.966797 2.009766 2.080078 2.138672 2.212891 2.220703 2.220703 2.154297 2.126953 2.103516 2.083984 2.068359 2.080078 2.091797 2.052734 1.958984 1.861328 1.716797 1.705078 2.001953 2.185547 2.220703 2.208984 2.212891 2.220703 2.220703 2.220703 2.220703 2.220703 2.220703 2.220703 2.220703
2.224609 2.224609 2.224609 2.224609 2.220703 2.224609 2.201172 2.162109 2.138672 2.115234 2.068359 2.060547 2.064453 2.111328 2.181641 2.208984 2.154297 2.076172 2.021484 1.986328 1.763672 1.466797 1.458984 1.849609 2.068359 2.146484 2.197266 2.220703 2.220703 2.185547 2.173828 2.189453 2.126953 2.130859 2.142578 2.185547 2.220703 2.220703 2.158203 2.119141 2.115234 2.130859 2.150391 2.181641 2.177734 2.150391 2.095703 2.033203 1.966797 1.939453 2.048828 2.169922 2.220703 2.216797 2.220703 2.220703 2.220703 2.220703 2.220703 2.220703 2.220703 2.220703 2.224609
2.224609 2.224609 2.224609 2.220703 2.224609 2.224609 2.201172 2.177734 2.162109 2.130859 2.087891 2.103516 2.123047 2.185547 2.220703 2.208984 2.142578 2.126953 2.115234 2.099609 2.021484 1.791016 1.337891 1.302734 1.884766 2.119141 2.197266 2.220703 2.201172 2.197266 2.220703 2.220703 2.208984 2.185547 2.166016 2.193359 2.220703 2.220703 2.169922 2.150391 2.169922 2.193359 2.220703 2.220703 2.220703 2.220703 2.216797 2.181641 2.162109 2.169922 2.185547 2.220703 2.220703 2.220703 2.220703 2.220703 2.220703 2.220703 2.220703 2.220703 2.220703 2.220703 2.224609
2.220703 2.224609 2.224609 2.224609 2.224609 2.220703 2.197266 2.181641 2.158203 2.134766 2.111328 2.130859 2.189453 2.220703 2.220703 2.208984 2.169922 2.169922 2.185547 2.193359 2.177734 2.146484 1.962891 1.376953 1.541016 2.052734 2.193359 2.220703 2.208984 2.220703 2.220703 2.220703 2.220703 2.208984 2.220703 2.220703 2.220703 2.220703 2.154297 2.150391 2.173828 2.220703 2.220703 2.220703 2.220703 2.220703 2.220703 2.220703 2.220703 2.220703 2.220703 2.220703 2.220703 2.220703 2.220703 2.220703 2.220703 2.220703 2.220703 2.220703 2.220703 2.224609 2.224609
2.220703 2.220703 2.220703 2.224609 2.224609 2.208984 2.185547 2.154297 2.123047 2.099609 2.111328 2.169922 2.220703 2.220703 2.220703 2.208984 2.177734 2.173828 2.193359 2.216797 2.220703 2.220703 2.220703 2.142578 1.775391 1.912109 2.185547 2.220703 2.220703 2.220703 2.220703 2.220703 2.220703 2.220703 2.220703 2.220703 2.212891 2.138672 2.103516 2.111328 2.177734 2.220703 2.220703 2.220703 2.220703 2.220703 2.220703 2.220703 2.220703 2.220703 2.220703 2.220703 2.220703 2.220703 2.220703 2.220703 2.220703 2.220703 2.220703 2.220703 2.220703 2.224609 2.220703
2.212891 2.208984 2.212891 2.220703 2.189453 2.162109 2.142578 2.111328 2.076172 2.052734 2.091797 2.146484 2.216797 2.220703 2.220703 2.220703 2.177734 2.150391 2.181641 2.208984 2.220703 2.220703 2.220703 2.220703 2.193359 2.009766 2.150391 2.220703 2.220703 2.220703 2.220703 2.220703 2.220703 2.220703 2.220703 2.220703 2.162109 2.095703 2.013672 2.009766 2.126953 2.220703 2.220703 2.220703 2.220703 2.220703 2.220703 2.220703 2.220703 2.220703 2.220703 2.220703 2.220703 2.220703 2.220703 2.220703 2.220703 2.220703 2.220703 2.220703 2.220703 2.224609 2.220703
2.150391 2.154297 2.158203 2.146484 2.123047 2.103516 2.083984 2.072266 2.060547 2.041016 2.048828 2.091797 2.166016 2.220703 2.220703 2.220703 2.185547 2.158203 2.154297 2.166016 2.193359 2.220703 2.220703 2.220703 2.220703 2.220703 2.201172 2.212891 2.220703 2.220703 2.220703 2.220703 2.220703 2.220703 2.220703 2.177734 2.115234 2.083984 2.048828 1.978516 2.017578 2.181641 2.216797 2.197266 2.212891 2.212891 2.197266 2.197266 2.212891 2.220703 2.220703 2.220703 2.220703 2.220703 2.220703 2.220703 2.220703 2.220703 2.220703 2.220703 2.224609 2.169922 2.154297
2.119141 2.119141 2.099609 2.076172 2.056641 2.041016 2.017578 2.017578 2.052734 2.083984 2.099609 2.072266 2.091797 2.123047 2.162109 2.189453 2.197266 2.205078 2.197266 2.181641 2.173828 2.189453 2.220703 2.220703 2.220703 2.220703 2.220703 2.197266 2.197266 2.220703 2.220703 2.220703 2.220703 2.220703 2.220703 2.134766 2.083984 2.080078 2.091797 2.099609 2.064453 2.119141 2.220703 2.201172 2.177734 2.173828 2.158203 2.162109 2.189453 2.216797 2.220703 2.220703 2.220703 2.220703 2.220703 2.220703 2.220703 2.220703 2.220703 2.146484 2.029297 2.107422 2.068359
2.134766 2.095703 2.060547 2.029297 1.998047 1.978516 1.947266 1.951172 2.021484 2.146484 2.177734 2.154297 2.115234 2.080078 2.033203 2.107422 2.181641 2.216797 2.212891 2.216797 2.220703 2.197266 2.181641 2.158203 2.220703 2.220703 2.220703 2.220703 2.162109 2.220703 2.220703 2.220703 2.220703 2.220703 2.185547 2.091797 2.033203 2.056641 2.134766 2.197266 2.197266 2.185547 2.197266 2.216797 2.166016 2.138672 2.138672 2.166016 2.197266 2.220703 2.220703 2.220703 2.220703 2.220703 2.220703 2.220703 2.220703 2.212891 1.904297 1.568359 1.755859 1.904297 2.119141
2.169922 2.111328 2.037109 1.990234 1.947266 1.892578 1.904297 1.892578 2.017578 2.169922 2.220703 2.212891 2.216797 2.130859 2.056641 2.037109 2.103516 2.158203 2.205078 2.205078 2.208984 2.220703 2.173828 2.134766 2.150391 2.220703 2.220703 2.220703 2.197266 2.220703 2.220703 2.220703 2.220703 2.220703 2.134766 2.041016 2.021484 2.048828 2.142578 2.220703 2.216797 2.220703 2.220703 2.220703 2.193359 2.169922 2.173828 2.177734 2.197266 2.216797 2.220703 2.220703 2.220703 2.220703 2.220703 2.220703 2.185547 1.904297 1.552734 1.599609 2.052734 2.205078 2.220703
2.193359 2.130859 2.044922 1.970703 1.904297 1.857422 1.822266 1.876953 2.013672 2.150391 2.220703 2.216797 2.212891 2.220703 2.193359 2.150391 2.123047 2.134766 2.146484 2.162109 2.173828 2.205078 2.169922 2.126953 2.162109 2.169922 2.197266 2.201172 2.197266 2.216797 2.220703 2.220703 2.220703 2.185547 2.095703 2.041016 2.037109 2.080078 2.146484 2.220703 2.201172 2.193359 2.216797 2.216797 2.208984 2.208984 2.197266 2.205078 2.208984 2.208984 2.216797 2.220703 2.220703 2.220703 2.216797 2.130859 1.978516 1.505859 1.865234 2.193359 2.220703 2.220703 2.220703
2.197266 2.142578 2.068359 1.990234 1.916016 1.861328 1.830078 1.876953 1.958984 2.060547 2.173828 2.220703 2.216797 2.216797 2.216797 2.220703 2.216797 2.212891 2.205078 2.205078 2.205078 2.216797 2.185547 2.150391 2.189453 2.212891 2.189453 2.142578 2.076172 2.087891 2.208984 2.220703 2.216797 2.134766 2.076172 2.060547 2.076172 2.130859 2.173828 2.212891 2.193359 2.169922 2.185547 2.208984 2.216797 2.216797 2.216797 2.220703 2.220703 2.216797 2.216797 2.220703 2.220703 2.216797 2.103516 1.775391 1.537109 2.041016 2.224609 2.220703 2.220703 2.220703 2.220703
2.154297 2.126953 2.080078 2.013672 1.947266 1.939453 1.943359 1.939453 1.900391 1.892578 2.072266 2.185547 2.220703 2.220703 2.216797 2.220703 2.220703 2.212891 2.205078 2.220703 2.220703 2.220703 2.220703 2.220703 2.220703 2.220703 2.220703 2.158203 2.083984 1.994141 2.099609 2.169922 2.146484 2.111328 2.080078 2.076172 2.111328 2.158203 2.197266 2.201172 2.201172 2.193359 2.189453 2.193359 2.205078 2.216797 2.216797 2.220703 2.220703 2.220703 2.220703 2.208984 2.162109 1.857422 1.470703 1.669922 1.810547 2.138672 2.224609 2.220703 2.220703 2.220703 2.220703
2.107422 2.080078 2.052734 2.013672 1.990234 2.029297 2.056641 2.037109 1.939453 1.763672 1.892578 2.099609 2.169922 2.208984 2.216797 2.220703 2.220703 2.212891 2.220703 2.220703 2.220703 2.220703 2.220703 2.220703 2.220703 2.220703 2.220703 2.220703 2.173828 2.119141 2.126953 2.087891 2.068359 2.041016 2.056641 2.095703 2.150391 2.177734 2.197266 2.197266 2.189453 2.185547 2.189453 2.189453 2.193359 2.201172 2.205078 2.201172 2.220703 2.220703 2.216797 2.103516 1.373047 2.447266 1.490234 1.681641 1.869141 2.189453 2.189453 2.212891 2.220703 2.220703 2.224609
2.076172 2.048828 2.021484 2.033203 2.044922 2.091797 2.123047 2.123047 2.083984 1.923828 1.826172 1.927734 2.103516 2.181641 2.205078 2.193359 2.205078 2.220703 2.220703 2.220703 2.220703 2.216797 2.208984 2.201172 2.216797 2.220703 2.220703 2.197266 2.205078 2.208984 2.169922 2.177734 2.048828 2.021484 2.044922 2.107422 2.173828 2.189453 2.162109 2.158203 2.158203 2.166016 2.181641 2.181641 2.185547 2.197266 2.201172 2.177734 2.169922 2.220703 2.220703 1.681641 1.275391 2.447266 2.447266 1.748047 2.169922 2.201172 2.169922 2.189453 2.205078 2.205078 2.224609
1.990234 1.990234 2.013672 2.029297 2.056641 2.130859 2.146484 2.154297 2.158203 2.111328 1.939453 1.853516 2.025391 2.158203 2.193359 2.173828 2.158203 2.130859 2.181641 2.220703 2.205078 2.181641 2.169922 2.134766 2.177734 2.216797 2.197266 2.158203 2.177734 2.193359 2.220703 2.037109 1.982422 2.005859 2.064453 2.123047 2.177734 2.154297 2.087891 2.068359 2.126953 2.158203 2.158203 2.177734 2.185547 2.197266 2.205078 2.205078 2.185547 2.177734 2.216797 2.068359 1.443359 1.306641 1.966797 2.189453 2.224609 2.224609 2.197266 2.193359 2.146484 2.169922 2.197266
1.845703 1.861328 1.931641 2.013672 2.103516 2.169922 2.154297 2.150391 2.162109 2.130859 2.064453 1.966797 1.919922 2.087891 2.166016 2.177734 2.169922 2.107422 2.099609 2.189453 2.205078 2.181641 2.146484 2.099609 2.123047 2.173828 2.201172 2.158203 2.126953 2.126953 2.068359 1.857422 1.845703 1.970703 2.068359 2.138672 2.173828 2.087891 2.021484 2.005859 2.107422 2.146484 2.158203 2.169922 2.189453 2.197266 2.212891 2.220703 2.216797 2.201172 2.166016 2.134766 2.021484 2.044922 2.181641 2.224609 2.224609 2.208984 2.216797 2.220703 2.107422 2.095703 2.177734
1.740234 1.767578 1.869141 1.986328 2.123047 2.205078 2.169922 2.166016 2.154297 2.123047 2.076172 1.982422 1.888672 1.916016 2.119141 2.181641 2.181641 2.154297 2.103516 2.150391 2.216797 2.197266 2.158203 2.173828 2.123047 2.138672 2.142578 2.189453 2.154297 2.107422 2.041016 1.763672 1.712891 1.798828 2.029297 2.138672 2.158203 2.095703 2.056641 2.052734 2.111328 2.150391 2.158203 2.185547 2.193359 2.208984 2.220703 2.220703 2.220703 2.212891 2.068359 2.162109 2.197266 2.216797 2.216797 2.216797 2.212891 2.185547 2.181641 2.220703 2.208984 2.115234 2.126953
1.685547 1.724609 1.888672 2.009766 2.138672 2.189453 2.197266 2.177734 2.197266 2.185547 2.138672 2.080078 1.951172 1.853516 2.044922 2.177734 2.197266 2.197266 2.173828 2.166016 2.189453 2.216797 2.189453 2.208984 2.166016 2.134766 2.142578 2.177734 2.216797 2.220703 2.208984 2.041016 1.849609 1.775391 1.931641 2.103516 2.197266 2.158203 2.119141 2.099609 2.091797 2.134766 2.158203 2.177734 2.205078 2.197266 2.197266 2.220703 2.220703 2.216797 2.107422 2.220703 2.220703 2.220703 2.220703 2.216797 2.208984 2.205078 2.185547 2.205078 2.224609 2.208984 2.107422
1.681641 1.720703 1.919922 2.056641 2.169922 2.177734 2.197266 2.189453 2.197266 2.197266 2.173828 2.150391 2.111328 2.013672 2.017578 2.138672 2.201172 2.205078 2.205078 2.220703 2.220703 2.220703 2.212891 2.212891 2.201172 2.181641 2.185547 2.201172 2.220703 2.220703 2.220703 2.220703 2.150391 2.044922 1.916016 2.052734 2.146484 2.220703 2.189453 2.130859 2.119141 2.146484 2.169922 2.181641 2.208984 2.216797 2.220703 2.220703 2.220703 2.201172 2.220703 2.220703 2.220703 2.220703 2.220703 2.220703 2.216797 2.201172 2.185547 2.181641 2.216797 2.224609 2.220703
1.697266 1.708984 1.884766 2.072266 2.173828 2.177734 2.177734 2.177734 2.189453 2.181641 2.169922 2.150391 2.138672 2.103516 2.048828 2.064453 2.166016 2.205078 2.181641 2.193359 2.220703 2.220703 2.220703 2.220703 2.212891 2.205078 2.193359 2.189453 2.220703 2.220703 2.220703 2.220703 2.220703 2.220703 2.169922 2.115234 2.126953 2.185547 2.212891 2.158203 2.146484 2.150391 2.185547 2.205078 2.201172 2.205078 2.208984 2.208984 2.220703 2.220703 2.220703 2.220703 2.220703 2.220703 2.224609 2.224609 2.220703 2.201172 2.189453 2.181641 2.208984 2.224609 2.220703
1.841797 1.775391 1.861328 2.087891 2.169922 2.150391 2.158203 2.193359 2.208984 2.205078 2.205078 2.197266 2.154297 2.119141 2.087891 2.017578 2.119141 2.189453 2.177734 2.177734 2.201172 2.220703 2.216797 2.220703 2.212891 2.154297 2.130859 2.142578 2.197266 2.220703 2.220703 2.220703 2.220703 2.220703 2.220703 2.220703 2.220703 2.197266 2.216797 2.181641 2.146484 2.162109 2.193359 2.201172 2.201172 2.197266 2.189453 2.154297 2.111328 2.220703 2.220703 2.220703 2.220703 2.220703 2.224609 2.220703 2.220703 2.220703 2.216797 2.181641 2.185547 2.216797 2.220703
1.978516 1.939453 1.927734 2.107422 2.162109 2.115234 2.119141 2.158203 2.193359 2.205078 2.193359 2.189453 2.212891 2.201172 2.111328 2.037109 2.068359 2.150391 2.201172 2.189453 2.185547 2.201172 2.212891 2.220703 2.208984 2.130859 2.107422 2.107422 2.177734 2.216797 2.220703 2.212891 2.216797 2.212891 2.201172 2.212891 2.220703 2.220703 2.216797 2.197266 2.173828 2.181641 2.193359 2.205078 2.189453 2.162109 2.087891 2.013672 2.017578 2.212891 2.220703 2.220703 2.220703 2.150391 2.208984 2.220703 2.220703 2.220703 2.220703 2.208984 2.185547 2.201172 2.216797
2.080078 2.095703 2.091797 2.130859 2.134766 2.123047 2.111328 2.115234 2.134766 2.181641 2.201172 2.169922 2.169922 2.205078 2.220703 2.181641 2.099609 2.134766 2.166016 2.205078 2.193359 2.201172 2.216797 2.220703 2.216797 2.138672 2.103516 2.087891 2.154297 2.220703 2.216797 2.216797 2.216797 2.212891 2.185547 2.189453 2.208984 2.216797 2.216797 2.216797 2.193359 2.189453 2.185547 2.185547 2.158203 2.103516 1.990234 1.990234 2.087891 2.220703 2.220703 2.216797 2.216797 2.154297 2.107422 2.193359 2.220703 2.220703 2.224609 2.220703 2.197266 2.193359 2.205078
2.130859 2.169922 2.173828 2.177734 2.134766 2.146484 2.142578 2.119141 2.099609 2.115234 2.173828 2.185547 2.173828 2.189453 2.189453 2.197266 2.220703 2.173828 2.166016 2.185547 2.212891 2.220703 2.220703 2.220703 2.208984 2.150391 2.123047 2.126953 2.142578 2.189453 2.216797 2.201172 2.197266 2.193359 2.189453 2.173828 2.193359 2.212891 2.220703 2.220703 2.208984 2.197266 2.193359 2.150391 2.123047 2.107422 2.126953 2.123047 2.201172 2.220703 2.220703 2.220703 2.197266 2.154297 2.052734 2.025391 2.142578 2.212891 2.224609 2.224609 2.208984 2.189453 2.193359
2.134766 2.193359 2.216797 2.220703 2.166016 2.185547 2.150391 2.126953 2.119141 2.123047 2.123047 2.158203 2.189453 2.181641 2.169922 2.169922 2.177734 2.205078 2.201172 2.162109 2.169922 2.220703 2.220703 2.220703 2.181641 2.162109 2.134766 2.150391 2.169922 2.189453 2.205078 2.205078 2.181641 2.189453 2.177734 2.189453 2.197266 2.212891 2.216797 2.216797 2.216797 2.205078 2.181641 2.158203 2.138672 2.134766 2.189453 2.205078 2.208984 2.220703 2.216797 2.220703 2.197266 2.107422 2.095703 2.064453 1.978516 2.033203 2.166016 2.224609 2.220703 2.205078 2.193359
2.130859 2.177734 2.216797 2.220703 2.220703 2.185547 2.146484 2.123047 2.158203 2.162109 2.146484 2.115234 2.146484 2.197266 2.189453 2.173828 2.169922 2.158203 2.169922 2.177734 2.142578 2.166016 2.201172 2.197266 2.173828 2.158203 2.138672 2.150391 2.181641 2.205078 2.197266 2.212891 2.205078 2.181641 2.173828 2.185547 2.189453 2.208984 2.197266 2.201172 2.185547 2.193359 2.189453 2.134766 2.115234 2.126953 2.185547 2.193359 2.185547 2.201172 2.216797 2.220703 2.224609 2.220703 2.134766 2.130859 2.099609 2.013672 1.896484 2.080078 2.220703 2.220703 2.208984
