py_wake/examples/data/AJ_ParqueFicticio/Rough survey   Sector 3   Height 200m   Orographic speed.grd
DSAA
73  159
 258469   265669
 6501692   6517492
 .6954415   1.555917
[rows 112 to 139 of 159, columns 0 to 62 of 73]
1.107814 1.123614 1.140494 1.164781 1.197851 1.235087 1.276122 1.319664 1.362709 1.400528 1.434004 1.451764 1.438845 1.402281 1.355052 1.3089 1.284608 1.284148 1.28295 1.264524 1.233387 1.2065 1.181327 1.180606 1.204665 1.225186 1.215591 1.169669 1.102776 1.034706 .9821011 .9506319 .9395514 .9439157 .9583194 .9825493 1.023926 1.088014 1.163393 1.230652 1.278831 1.299088 1.285108 1.243688 1.195483 1.154301 1.12448 1.106274 1.100539 1.106024 1.099314 1.068826 1.018378 .9637573 .9192181 .8917985 .8752156 .8610259 .8457283 .8256106 .8079533 .8057849 .820846
1.112664 1.133705 1.156215 1.183958 1.218866 1.260749 1.304144 1.348169 1.388793 1.421303 1.447356 1.457344 1.436836 1.391677 1.338082 1.295441 1.284517 1.292056 1.286899 1.263909 1.232447 1.204725 1.185415 1.186554 1.203943 1.213777 1.189386 1.132087 1.064364 1.005792 .9655225 .9516619 .9547884 .9632035 .9833366 1.017634 1.067533 1.134613 1.20813 1.269527 1.3109 1.318517 1.288643 1.236505 1.182604 1.140168 1.111074 1.089749 1.077075 1.068434 1.053538 1.022041 .9793868 .9363561 .903089 .8832909 .8703685 .8599649 .8446265 .8267247 .815027 .8156649 .8267028
1.121241 1.14784 1.176113 1.204844 1.242022 1.286646 1.333331 1.374891 1.410019 1.43747 1.457622 1.457759 1.426017 1.37319 1.320256 1.289846 1.294185 1.302045 1.290392 1.26417 1.23664 1.209151 1.18986 1.186037 1.191132 1.188477 1.156893 1.096677 1.032467 .9870853 .9627771 .9598919 .969903 .98502 1.014031 1.057641 1.118218 1.189093 1.257332 1.308054 1.332303 1.325013 1.282284 1.222961 1.168761 1.126531 1.095363 1.070106 1.04947 1.030586 1.007531 .9803299 .9475023 .9174951 .895388 .8800672 .8680687 .8573709 .844776 .8308464 .8213527 .8214362 .8293019
1.133065 1.162691 1.193332 1.225627 1.265002 1.311852 1.359191 1.397453 1.427848 1.451759 1.465268 1.451936 1.411096 1.356234 1.312529 1.297884 1.308097 1.312246 1.296486 1.269564 1.241409 1.214162 1.189058 1.174501 1.167507 1.155297 1.120514 1.063234 1.009358 .9786918 .9688635 .9726275 .9827569 1.002875 1.042712 1.102638 1.173726 1.24502 1.302566 1.336122 1.342497 1.318862 1.266261 1.205823 1.151931 1.109911 1.075743 1.046343 1.019309 .9954471 .9716232 .9476205 .9225648 .9042657 .890875 .8777562 .8679451 .8562213 .8450655 .8329822 .8260375 .8249272 .8292418
1.142601 1.173774 1.205432 1.242083 1.286092 1.334511 1.380009 1.416047 1.445355 1.466063 1.47031 1.444424 1.396138 1.346906 1.316841 1.313521 1.322277 1.32238 1.302974 1.275262 1.242927 1.208067 1.177389 1.154112 1.13792 1.120004 1.086501 1.037008 .9964598 .9813336 .9801989 .983272 .9954461 1.025988 1.078225 1.147247 1.225217 1.294323 1.339248 1.348268 1.33247 1.294523 1.238859 1.180417 1.128599 1.086692 1.04971 1.01802 .9879941 .9631476 .9425722 .925582 .9086957 .8939127 .8839616 .8742594 .8647676 .8543217 .8441125 .8331463 .8264034 .8237911 .8266522
1.14988 1.180607 1.213548 1.255052 1.304907 1.354125 1.398812 1.435295 1.462919 1.479333 1.469035 1.433507 1.384997 1.34296 1.322602 1.324927 1.330959 1.325243 1.302796 1.270246 1.231383 1.189699 1.15328 1.127486 1.107565 1.087187 1.056904 1.020271 .9962194 .9931105 .9920901 .9925523 1.014309 1.057608 1.115708 1.186949 1.263175 1.325077 1.347517 1.333184 1.297743 1.249037 1.19384 1.141288 1.094525 1.054519 1.018231 .9850153 .9560342 .9324312 .9169968 .9060017 .8965935 .8859197 .8770546 .8687423 .8600519 .8495948 .8368066 .8262008 .8211989 .8168584 .8187422
1.156359 1.188135 1.226516 1.274181 1.326771 1.377332 1.421266 1.456676 1.477755 1.480406 1.456649 1.416286 1.369729 1.332611 1.320172 1.323278 1.323948 1.310839 1.282694 1.244592 1.200733 1.157721 1.123677 1.100073 1.083174 1.062566 1.034873 1.012428 1.006334 1.006825 1.001561 1.005428 1.035882 1.082559 1.136793 1.20787 1.281591 1.33411 1.33869 1.301894 1.248027 1.191374 1.141071 1.096531 1.052671 1.016647 .9821472 .9505447 .9252371 .907455 .896666 .892518 .8879406 .8808252 .8739961 .8655549 .8576257 .8459742 .8306404 .8140414 .8019185 .7995459 .8024032
1.165488 1.203407 1.250095 1.303858 1.359292 1.409335 1.450147 1.476169 1.485717 1.471916 1.437513 1.390727 1.346604 1.314285 1.304471 1.306597 1.302458 1.281754 1.247717 1.207048 1.163195 1.122479 1.091621 1.079176 1.067275 1.047793 1.026142 1.012277 1.012861 1.012924 1.005201 1.01351 1.049461 1.092369 1.143865 1.218351 1.291976 1.33574 1.320513 1.263919 1.195738 1.136408 1.091935 1.05677 1.016092 .9796783 .948494 .9205699 .9010874 .8887706 .88231 .8826954 .8800845 .875963 .8704447 .863654 .8542657 .8405498 .8191382 .7956722 .780843 .7809255 .7879168
1.1874 1.233662 1.287082 1.344445 1.399422 1.445647 1.478354 1.493116 1.485487 1.454907 1.411338 1.36214 1.320255 1.293412 1.285746 1.284359 1.276372 1.251459 1.214138 1.173778 1.132947 1.096193 1.07238 1.063986 1.057212 1.039482 1.023535 1.012613 1.011372 1.009741 1.003064 1.018414 1.053478 1.092342 1.151752 1.232056 1.301758 1.331607 1.301861 1.229819 1.153167 1.09131 1.051398 1.023299 .9881498 .9522637 .9226485 .901485 .8871247 .8778647 .8729904 .8716775 .8708343 .8682326 .8626066 .8557813 .8424175 .8213866 .7920407 .769572 .7625875 .7712891 .7868803
1.221771 1.271693 1.329401 1.389273 1.441721 1.482076 1.506812 1.502107 1.469131 1.42544 1.381483 1.335302 1.296521 1.273964 1.266181 1.261346 1.247494 1.221782 1.187775 1.152876 1.116079 1.082928 1.060523 1.053188 1.047056 1.03219 1.020865 1.012822 1.006896 1.002547 1.002764 1.022014 1.052191 1.095288 1.167472 1.250091 1.310789 1.321969 1.276085 1.196871 1.118311 1.055761 1.016789 .9916174 .9648541 .9365193 .9123991 .8948641 .8841676 .8766615 .8716959 .8648618 .8608375 .8567705 .849715 .8381563 .8201176 .7896465 .7608566 .7499155 .7584226 .7784308 .8041057
1.256456 1.311254 1.371181 1.431988 1.48085 1.513846 1.525235 1.498319 1.441987 1.388537 1.351203 1.312663 1.280418 1.260878 1.248642 1.236247 1.21872 1.193066 1.163457 1.133217 1.103573 1.075063 1.055165 1.043939 1.036387 1.024529 1.018775 1.014792 1.00792 .9993827 1.004718 1.022627 1.054375 1.113608 1.194029 1.271098 1.314939 1.301554 1.242162 1.161098 1.084552 1.025351 .98656 .9644445 .9452103 .9256086 .9105266 .8980157 .8882654 .8813997 .8716604 .8620706 .8499879 .8409498 .8276793 .8119488 .7911665 .7624726 .7453731 .7541589 .7788665 .8061844 .8343406
1.292468 1.353184 1.415545 1.472659 1.515397 1.536586 1.527145 1.48006 1.409653 1.353776 1.321616 1.293051 1.268292 1.249583 1.234083 1.215575 1.195327 1.169851 1.142409 1.117328 1.094531 1.073115 1.056892 1.042803 1.029537 1.019547 1.014403 1.017391 1.0149 1.00699 1.008647 1.027527 1.071313 1.140223 1.218372 1.281347 1.301846 1.269705 1.199192 1.119246 1.050571 .9984795 .9650387 .9449149 .9304336 .9178433 .9060485 .8986747 .8908536 .8823469 .8705084 .8562466 .8403502 .8223282 .8026259 .7840872 .7655251 .7500237 .7537498 .7798996 .810777 .8400975 .8671923
1.331225 1.397136 1.458401 1.508018 1.54008 1.544226 1.510717 1.449516 1.37592 1.323601 1.29551 1.27154 1.253957 1.239994 1.22264 1.201724 1.180257 1.158452 1.136826 1.118855 1.100942 1.084755 1.066218 1.046086 1.027149 1.017627 1.018313 1.026167 1.027184 1.01845 1.016343 1.04102 1.091937 1.16052 1.227889 1.271604 1.272068 1.227972 1.156113 1.079814 1.016887 .9766573 .9524305 .9385126 .925499 .9127554 .9039237 .8957444 .8885315 .8769658 .8633921 .8453014 .8218973 .7977183 .7771282 .7649841 .7535315 .7621014 .7806195 .8097771 .8409964 .869634 .8926919
1.370579 1.436892 1.492688 1.532683 1.547401 1.52714 1.479702 1.412766 1.343603 1.297078 1.273231 1.252319 1.238153 1.227193 1.211661 1.191613 1.170593 1.154235 1.138413 1.127358 1.113908 1.095649 1.07027 1.041459 1.021799 1.017864 1.029891 1.046671 1.049559 1.037189 1.03025 1.054009 1.104094 1.166152 1.221048 1.247599 1.233911 1.184836 1.117318 1.0482 .9927074 .9582818 .9421303 .9327537 .9237608 .9146009 .9058554 .8958711 .8828474 .867077 .8478705 .8206282 .7908208 .7665153 .7557457 .7563525 .7657888 .7894 .8161626 .8397437 .8646932 .8900943 .9125963
1.409278 1.470396 1.518327 1.544642 1.538131 1.498626 1.445979 1.382984 1.321972 1.277335 1.251922 1.233908 1.221865 1.211064 1.196789 1.180339 1.16182 1.15015 1.143617 1.135142 1.117376 1.092946 1.06101 1.030722 1.017549 1.02353 1.046116 1.066481 1.067212 1.051005 1.039211 1.058493 1.104824 1.161929 1.204977 1.216933 1.192871 1.144919 1.083488 1.0213 .9751989 .9484005 .9319769 .9246216 .9181987 .9108096 .9044596 .894883 .8752404 .8529075 .8230237 .7889792 .7569727 .7421823 .7478173 .7642406 .7909545 .8253915 .855855 .8678697 .8830768 .9054559 .9230854
1.44571 1.49973 1.533684 1.543073 1.516184 1.46666 1.415302 1.36006 1.303827 1.260155 1.231561 1.215103 1.203757 1.191568 1.18328 1.173183 1.156148 1.146467 1.141497 1.127404 1.104223 1.075171 1.041418 1.017305 1.015814 1.032629 1.059041 1.077122 1.073875 1.053684 1.039619 1.054994 1.102265 1.152724 1.181904 1.178944 1.150041 1.105358 1.050677 .9963869 .9569823 .9378893 .9281809 .9220963 .914274 .9063123 .8992004 .8915162 .8711984 .8401368 .7983248 .7593652 .7366045 .7380023 .7609904 .7921838 .829736 .8664678 .8872061 .8888018 .8961583 .9135382 .9238518
1.475914 1.520319 1.539602 1.52878 1.486692 1.428885 1.382274 1.334907 1.286365 1.247495 1.218786 1.196837 1.184052 1.173756 1.170857 1.169587 1.154473 1.140643 1.130866 1.109053 1.080992 1.05165 1.020651 1.002967 1.012458 1.035524 1.059293 1.072251 1.067416 1.049676 1.035102 1.053132 1.097243 1.134645 1.150096 1.136522 1.103803 1.063298 1.019028 .9755264 .9455767 .9302149 .9233339 .9197755 .916642 .9081681 .8979728 .8879152 .8694063 .8327454 .7844172 .7448507 .7337089 .7546033 .7934992 .8331283 .8698298 .8965993 .9049559 .9010035 .9034843 .9144739 .9206513
1.505652 1.53682 1.534721 1.501633 1.444764 1.386065 1.345592 1.306792 1.26642 1.233956 1.208132 1.183818 1.168169 1.161321 1.161478 1.162263 1.149724 1.131772 1.113805 1.089395 1.058402 1.031484 1.003135 .9904398 1.00778 1.035537 1.058233 1.065629 1.060709 1.047023 1.035985 1.051211 1.084778 1.107651 1.111781 1.092883 1.059764 1.025019 .9943494 .9621376 .9415545 .9286625 .9225465 .9186575 .9184597 .913116 .9025947 .8857666 .8625446 .8241315 .77385 .7406123 .7444662 .7836267 .8316901 .8701947 .8953184 .9095361 .9109554 .9084969 .9093736 .9140939 .9210703
1.535426 1.544272 1.516806 1.462168 1.396993 1.343096 1.314916 1.283379 1.252929 1.226197 1.203333 1.180008 1.159877 1.151956 1.149183 1.148758 1.142554 1.124301 1.097731 1.067154 1.038572 1.015914 .9914604 .9855031 1.006793 1.037127 1.061106 1.069893 1.065103 1.051925 1.04001 1.046595 1.068461 1.081785 1.075765 1.054631 1.024064 .9987484 .9808723 .962847 .9456478 .9322752 .9269531 .9250419 .9237859 .9172737 .9077603 .8882178 .8548113 .8114927 .766872 .7473347 .7649609 .8139872 .8604731 .8899644 .9067609 .9171609 .9195046 .9181635 .9212023 .9231654 .9284922
1.555917 1.534386 1.483193 1.417525 1.349633 1.307339 1.291244 1.271617 1.252209 1.230491 1.209667 1.185266 1.161631 1.140254 1.13378 1.13248 1.132345 1.116067 1.085437 1.051211 1.023768 1.004355 .9850364 .9852943 1.008912 1.04001 1.070498 1.083559 1.078776 1.059323 1.043288 1.043597 1.054837 1.056904 1.047738 1.026694 1.002374 .984391 .9739975 .9646595 .9492382 .9403308 .9353341 .9361371 .9348214 .9270837 .9103485 .8852766 .8477563 .8010064 .7673094 .7636176 .7928328 .8384098 .875468 .897835 .9118265 .9234729 .9265211 .9268771 .929553 .9316897 .9377228
1.555493 1.504888 1.438097 1.369747 1.308972 1.279099 1.269769 1.262964 1.254069 1.235931 1.214214 1.186183 1.157145 1.130433 1.116119 1.116463 1.116138 1.102126 1.073844 1.040831 1.011451 .9930199 .9805616 .9850557 1.014663 1.05106 1.08524 1.102398 1.09076 1.064047 1.043148 1.039375 1.045221 1.043224 1.028531 1.004965 .9883521 .9760595 .9693448 .9624599 .9540848 .9493466 .9461541 .9477581 .9448451 .9326894 .913004 .8806346 .8369704 .7958556 .7787192 .7880108 .818068 .8544851 .8829547 .9004225 .9131702 .925034 .931393 .9344937 .9351935 .9368155 .9430813
1.534962 1.463807 1.387129 1.321576 1.271905 1.254674 1.254406 1.25486 1.251013 1.235365 1.210948 1.178601 1.146554 1.118915 1.099783 1.098025 1.096594 1.083493 1.059793 1.031713 1.004066 .9857422 .9772331 .9884967 1.021811 1.063689 1.098866 1.112255 1.09353 1.062897 1.040478 1.035938 1.036877 1.02927 1.012696 .9908873 .9745317 .9658318 .9616107 .9566761 .955414 .9523122 .9526236 .9542193 .9477755 .930933 .9075448 .8736568 .8304752 .7995331 .7956445 .8094229 .8339328 .8616807 .8865274 .9021501 .9136579 .9237457 .933525 .9402742 .9409757 .9434354 .9503411
1.503619 1.420149 1.338189 1.277977 1.241696 1.238838 1.245295 1.248397 1.245655 1.232331 1.204318 1.168748 1.13371 1.10475 1.084228 1.078079 1.074931 1.062699 1.044321 1.023529 .999743 .9809981 .9750342 .989713 1.028499 1.073882 1.109219 1.116583 1.090347 1.05686 1.032292 1.023973 1.021422 1.014282 .9970545 .9780535 .9594478 .9517028 .9503912 .9515916 .9538578 .9545197 .9555906 .9533376 .942376 .9227727 .8948062 .8629225 .8274997 .8077613 .8121421 .8265597 .845698 .8692425 .8902962 .905268 .9155063 .924674 .9344104 .9414566 .9436514 .9479311 .9546254
1.468784 1.379563 1.296723 1.240896 1.222862 1.228996 1.236826 1.237583 1.235291 1.22059 1.192434 1.159181 1.123866 1.093961 1.071608 1.059883 1.05441 1.045293 1.032097 1.014927 .9958978 .9816387 .9773019 .9952198 1.037314 1.085161 1.116476 1.114905 1.086157 1.051045 1.024979 1.010572 1.003569 .996613 .9802797 .9639848 .9489089 .9404804 .9393544 .945981 .9539471 .9581688 .9565659 .9471567 .9316163 .9074464 .8793353 .852201 .8303593 .8217621 .8285348 .8424214 .8580667 .8758931 .8944384 .9079393 .9174544 .9261559 .9334612 .9410056 .9454295 .9503508 .9577008
1.429417 1.340659 1.261234 1.211416 1.204334 1.213616 1.218991 1.221436 1.220069 1.203527 1.176092 1.145445 1.116045 1.085765 1.061648 1.048441 1.038159 1.028423 1.02119 1.007731 .9941726 .9864904 .9835854 1.004082 1.048453 1.09718 1.123646 1.110141 1.074568 1.039364 1.014998 1.000329 .9877031 .9767104 .9641808 .9525455 .9409769 .9320387 .9344804 .9441892 .9541885 .9602705 .956452 .9388421 .9168554 .8932856 .8699524 .8524039 .8432194 .8425083 .8470012 .8570929 .867341 .8820972 .8976163 .9100994 .9180369 .9255559 .9317138 .9385057 .9456632 .9522007 .9587374
1.385539 1.302 1.227326 1.183066 1.179854 1.188643 1.196846 1.203708 1.203274 1.185238 1.15756 1.131043 1.10534 1.075174 1.051884 1.038954 1.024763 1.015385 1.009699 1.00257 .9949958 .991101 .9899594 1.012738 1.057148 1.10345 1.124367 1.102401 1.061985 1.023865 .9999897 .9886234 .9770858 .9628395 .9528182 .9436595 .9354321 .9315065 .9343832 .9440097 .9539911 .9588769 .9517474 .9310824 .910001 .8903905 .8752009 .8686332 .8659856 .861847 .8611816 .8662701 .8755597 .8881398 .8999161 .9098583 .9170024 .9236987 .9286118 .9353771 .9433492 .9514571 .9580227
1.33883 1.262431 1.195877 1.153284 1.150808 1.161683 1.178429 1.189731 1.185326 1.164921 1.139894 1.115835 1.092843 1.06376 1.040896 1.029105 1.016831 1.008523 1.004943 1.004012 .9991147 .996786 .9972365 1.02127 1.061496 1.100549 1.11422 1.090593 1.049407 1.010125 .9861358 .9750242 .967943 .9567452 .9465057 .9396063 .9346168 .9345062 .936674 .9422386 .951049 .9539005 .9432987 .9259057 .9091029 .8972759 .8883262 .8847347 .8826391 .8737087 .8702596 .8743424 .8836094 .893959 .901557 .9084247 .9145615 .9203477 .9247289 .9320413 .9418425 .9510337 .9577854
1.297507 1.227505 1.166752 1.12422 1.1213 1.142601 1.169352 1.179343 1.16792 1.150259 1.127888 1.103475 1.079752 1.054081 1.030615 1.020364 1.009609 1.003317 1.007258 1.012325 1.006546 1.003349 1.006208 1.026947 1.05976 1.089758 1.101099 1.079175 1.039575 1.002385 .9776028 .9650746 .960963 .9528073 .946058 .9407474 .9389027 .9398451 .9417309 .9407797 .9464772 .9470292 .9342907 .9180958 .9072888 .9015421 .8955179 .8929438 .8890944 .8800436 .8795276 .8865203 .8937596 .8981063 .9013196 .9048581 .9124808 .9197139 .9251195 .9304395 .9392048 .9492416 .9582799
