py_wake/examples/data/AJ_ParqueFicticio/Rough survey   Sector 11   Height 30m   Mean speed.grd
DSAA
73  159
 258469   265669
 6501692   6517492
 .2004595   9.661083
[rows 56 to 83 of 159, columns 0 to 62 of 73]
5.356346 5.450421 5.441773 5.436253 5.456872 5.42718 5.424628 5.435843 5.424043 5.415733 5.396986 5.385682 5.382384 5.311777 5.180557 5.175302 5.1896 5.184434 5.180524 5.19964 5.168561 5.0007 4.976269 5.038684 5.067128 5.076576 5.054867 4.999294 5.175492 5.686889 6.04733 5.632981 4.799741 4.843703 5.189068 5.410741 5.70243 5.137127 4.052832 3.710546 4.315289 4.756687 4.430967 4.217673 3.995524 4.234257 4.205107 4.012036 4.359571 5.128213 5.902659 6.804444 6.713345 5.797372 5.052826 5.737164 6.958454 7.344012 6.755716 5.85327 4.752669 4.75306 6.726735
5.263428 5.44165 5.388801 5.359701 5.429278 5.461196 5.456549 5.451408 5.430342 5.393202 5.362887 5.33278 5.304268 5.378263 5.262064 5.192909 5.184944 5.171914 5.161516 5.264129 5.209141 5.108065 5.036681 5.045176 5.064641 5.066332 5.053941 4.898782 4.845338 5.397559 5.93899 5.676309 5.147209 4.903326 5.151123 5.360824 5.490845 5.181224 4.419895 3.946842 4.250933 4.534662 4.638345 4.468079 4.472483 4.582055 4.40447 4.018909 4.10991 4.736706 5.70685 6.50019 6.603734 5.771384 5.042298 5.845751 7.270383 7.488391 6.926456 5.571528 4.651773 4.481184 6.221915
5.218264 5.340196 5.306344 5.249197 5.284347 5.415127 5.431697 5.423867 5.397202 5.34921 5.306684 5.274369 5.249412 5.321745 5.304111 5.242964 5.216681 5.18316 5.180095 5.235234 5.207829 5.187946 5.131398 5.033524 5.069431 5.073525 5.014525 4.906915 4.652559 4.967991 5.761757 5.461883 5.087147 4.923079 5.096765 5.269883 5.467991 5.145201 4.600675 4.108255 4.22733 4.307365 4.386878 4.583179 4.706822 4.73689 4.606719 4.129431 4.034725 4.508289 5.37351 6.047112 6.410005 5.696018 4.817726 5.75051 6.986609 7.703264 7.417267 6.241127 4.816288 4.202112 5.57245
5.348993 5.315323 5.342799 5.280773 5.13453 5.223569 5.362883 5.387342 5.348195 5.304975 5.261861 5.212764 5.203258 5.294257 5.288911 5.258744 5.221386 5.189515 5.176729 5.198442 5.185286 5.160345 5.167633 5.095138 5.075094 5.096916 5.108811 5.038502 4.745155 4.677287 5.037346 5.111316 4.915993 4.575795 4.766956 4.970867 5.221229 5.109597 4.693711 4.240862 4.10686 4.2077 4.190308 4.608207 4.998931 4.931202 4.758922 4.349194 3.921756 3.970812 4.86865 5.572031 6.118332 5.429661 4.722361 5.277874 6.53429 7.357815 7.280745 6.722547 5.471071 4.19703 5.182185
5.452959 5.398381 5.414521 5.430224 5.209941 5.052389 5.178083 5.329136 5.305493 5.265069 5.223986 5.203342 5.164885 5.21483 5.217627 5.197119 5.172885 5.166076 5.210657 5.225407 5.206513 5.108855 5.127457 5.096949 5.060837 5.117136 5.229178 5.303123 5.214512 5.087786 4.979313 4.881845 4.778822 4.53848 4.405364 4.696504 4.862662 4.893233 4.702848 4.340605 4.085616 4.038422 4.195317 4.591358 5.134212 5.111323 5.015 4.749062 4.217591 3.850299 4.09602 4.913537 5.839852 5.42018 4.549638 4.890266 6.263865 7.136764 6.9888 6.583397 5.86778 4.668042 4.59416
5.537066 5.483344 5.464292 5.521312 5.459701 5.242191 5.120875 5.224524 5.246602 5.265414 5.237925 5.216879 5.190567 5.147887 5.132916 5.125178 5.111548 5.164939 5.225107 5.240381 5.238458 5.127308 5.086783 5.065793 5.018962 5.073658 5.17586 5.450924 5.581109 5.52004 5.464641 5.11658 4.839702 4.705773 4.467623 4.644875 4.717453 4.695032 4.519449 4.364436 4.202769 3.920732 3.77059 4.541705 4.955945 5.16891 5.093662 5.18573 4.924428 4.175974 3.71964 4.04937 5.396253 5.599689 4.734082 4.46619 6.008687 6.945386 6.864724 6.458861 5.890339 5.118795 4.561169
5.544275 5.560369 5.557867 5.595445 5.553449 5.461338 5.2953 5.217717 5.236429 5.245611 5.248493 5.218726 5.178249 5.117615 5.097352 5.084339 5.050559 5.12152 5.167799 5.172854 5.226095 5.198919 5.117516 5.04633 4.997738 5.001341 5.030782 5.358143 5.646945 5.868031 5.874842 5.481312 5.193133 5.146873 4.906543 4.737293 4.696656 4.584936 4.375309 4.296005 4.121657 3.857819 3.733107 4.08658 4.941881 5.027739 4.984276 5.180876 5.499565 5.176487 4.129484 3.590771 4.809864 5.454685 5.052267 4.412216 5.310192 6.658676 6.756454 6.488985 5.908886 5.621256 5.010357
5.473536 5.589911 5.629931 5.635826 5.588507 5.511198 5.381144 5.275603 5.225854 5.219882 5.254405 5.209092 5.161571 5.133924 5.101876 5.073294 5.045545 5.028669 5.064005 5.05653 5.180452 5.176664 5.089046 4.987047 4.969383 4.965032 4.94895 5.179566 5.540218 5.832453 5.831903 5.708848 5.513729 5.429335 5.250081 4.912217 4.784676 4.594419 4.361619 4.170978 3.975871 3.744842 3.66495 3.986027 4.573162 5.040793 4.900715 5.050089 5.513253 5.86242 5.178949 3.84895 3.818167 4.666038 5.14551 4.644626 4.638611 6.045023 6.478016 6.313017 5.868613 5.704561 5.53643
5.397439 5.581938 5.630652 5.658449 5.600332 5.55241 5.440219 5.343979 5.228555 5.19652 5.210084 5.218621 5.189081 5.150894 5.124796 5.084204 5.069097 5.033284 5.027596 5.045949 5.119096 5.14402 5.062123 4.924566 4.862785 4.794392 4.925626 5.063669 5.393233 5.748928 5.824252 5.724769 5.627163 5.536229 5.388409 5.247098 4.963792 4.739563 4.508324 4.257889 4.032376 3.836401 3.663221 3.651537 4.413003 4.779104 4.889883 4.999389 5.326299 5.741529 5.689229 4.490911 3.649408 3.665926 4.590915 4.923356 4.632895 5.229667 5.72153 5.672326 5.504319 5.247883 5.40293
5.323398 5.525174 5.613332 5.632873 5.620503 5.577234 5.512958 5.42829 5.257532 5.186473 5.215432 5.200701 5.174027 5.162543 5.144683 5.093916 5.047586 5.037585 5.045944 5.06779 5.127109 5.156322 5.090056 4.930321 4.83464 4.748736 4.70772 4.792273 5.063653 5.332585 5.604758 5.544481 5.580632 5.642941 5.44035 5.344959 5.173893 4.774304 4.527997 4.425389 4.208848 3.950612 3.713064 3.603081 4.083777 4.562136 4.732485 4.947546 5.023551 5.346933 6.00732 5.65569 4.519775 3.401386 3.719236 4.655218 5.101532 5.322612 5.516364 5.30214 4.973754 4.577462 4.48984
5.314451 5.422822 5.559755 5.601816 5.59459 5.582053 5.549747 5.495151 5.4098 5.252782 5.194723 5.191066 5.173896 5.162593 5.156884 5.114383 5.055393 5.023532 5.042496 5.063108 5.132233 5.16938 5.126657 5.045669 4.954862 4.834191 4.771456 4.859235 4.865466 4.999664 5.166234 5.189036 5.3498 5.717031 5.505651 5.427899 5.376215 4.912692 4.515092 4.382008 4.161147 4.093863 3.800982 3.630746 3.700326 3.898304 4.433918 4.999586 4.891021 4.704506 5.839514 6.200583 5.598992 4.234209 3.28953 3.893329 5.171463 5.584702 6.04883 6.191113 5.409972 4.980767 4.20163
5.308542 5.377371 5.507556 5.571136 5.594596 5.569633 5.549192 5.506726 5.404602 5.300191 5.231748 5.203238 5.198112 5.177884 5.140178 5.116035 5.060211 5.009982 4.988855 5.042119 5.056404 5.148736 5.239891 5.194886 5.121881 4.99622 4.832432 4.920655 4.952489 4.992993 4.990691 5.009106 5.080517 5.486747 5.553787 5.45179 5.510921 5.342426 4.742422 4.492905 4.143411 3.969399 3.81199 3.586771 3.436745 3.589571 4.088384 4.90629 5.018717 4.660367 5.252254 6.278827 6.102347 5.392032 4.047441 3.362163 4.300239 5.632304 6.103146 6.461935 6.461229 5.952636 5.254792
5.272939 5.352738 5.49758 5.558184 5.590928 5.561631 5.510861 5.477654 5.422005 5.339335 5.276052 5.227898 5.203756 5.209671 5.170598 5.144333 5.076137 5.012444 4.971328 4.979646 4.960999 5.040901 5.264605 5.266613 5.257046 5.188262 5.165334 4.965015 4.991918 4.992338 4.920281 4.879822 4.934192 5.22421 5.511168 5.420895 5.493261 5.610691 5.152458 4.801555 4.692168 4.29731 3.913287 3.728652 3.441248 3.42364 3.656928 4.522643 4.70022 4.362277 5.145804 5.93333 5.886319 5.633778 4.903882 3.597095 3.87105 5.000423 5.707788 6.197729 6.494516 6.614842 6.282392
5.221801 5.236946 5.408545 5.51922 5.54097 5.563796 5.512608 5.489161 5.459338 5.38794 5.300259 5.22172 5.167636 5.204111 5.231464 5.174793 5.067617 4.97828 4.964125 4.950266 4.945036 5.000953 5.228201 5.257845 5.300971 5.289475 5.27501 5.250162 5.230866 5.148888 4.971933 4.758606 4.705238 4.967649 5.226907 5.347913 5.439652 5.497179 5.335216 5.135473 4.938036 4.835866 4.590883 4.13612 3.811004 3.444005 3.497278 3.894478 4.166289 4.015798 4.395971 5.287694 5.587023 5.28086 4.916724 4.138649 3.716678 4.534079 5.274156 5.782011 6.207013 6.466518 6.376709
5.176873 5.140582 5.211416 5.40345 5.446771 5.521031 5.534897 5.544323 5.502739 5.438051 5.332161 5.221684 5.123106 5.14747 5.175892 5.185108 5.101391 5.001616 4.985829 4.970737 4.98802 4.995605 5.199573 5.26112 5.29352 5.376444 5.360879 5.393589 5.463982 5.410353 5.285668 4.911701 4.571319 4.659811 4.918949 5.222368 5.32773 5.402153 5.448177 5.474524 5.378194 5.025433 4.887869 4.56144 4.267511 3.731858 3.671111 3.853413 4.043481 3.957527 3.764894 4.095875 4.713294 4.518828 4.275684 3.942914 3.831208 4.443547 5.051182 5.616784 6.025867 6.228952 6.182561
5.233132 5.154808 5.075457 5.162768 5.196855 5.427745 5.535429 5.558027 5.528943 5.478755 5.359074 5.250316 5.135041 5.046089 5.054078 5.143096 5.178722 5.090485 5.01177 4.974007 4.92598 4.999529 5.129326 5.374276 5.35951 5.439123 5.452844 5.462215 5.603256 5.796554 5.686504 5.146645 4.707914 4.57349 4.781555 5.066753 5.191883 5.278448 5.320119 5.344262 5.404544 5.141336 4.861283 4.763649 4.588551 4.244536 3.945301 3.996105 4.216158 4.373811 4.270893 3.982066 4.166785 4.019783 3.47975 3.245617 3.621179 4.385159 5.009841 5.49598 5.935075 6.096895 6.112462
5.341409 5.284111 5.173104 5.020432 5.056928 5.209761 5.478719 5.554735 5.545119 5.477282 5.387881 5.282174 5.162639 5.051791 4.965787 5.05603 5.167407 5.122137 5.031569 4.953402 4.847488 4.943582 4.985814 5.218167 5.428914 5.413993 5.532564 5.603417 5.77044 5.86517 5.814367 5.316028 4.820771 4.751914 4.791603 4.884116 4.984811 5.096901 5.196397 5.213669 5.365604 5.273013 5.046106 4.860479 4.675359 4.476701 4.214282 4.111474 4.449337 4.765384 5.097254 5.060742 5.166355 5.115399 3.731041 2.775132 2.822773 3.994239 4.68571 5.249332 5.893338 5.987912 6.071548
5.411732 5.338005 5.238102 5.150374 5.07941 5.081563 5.343299 5.476701 5.488151 5.453382 5.403517 5.319462 5.215888 5.102938 4.944837 4.935782 5.111585 5.073668 4.993233 4.894689 4.788122 4.833346 4.853294 5.032898 5.236705 5.263905 5.431867 5.657609 6.026967 6.158426 5.941331 5.629981 5.134291 4.952608 4.918675 4.851349 4.810841 4.837904 4.961276 5.135361 5.277113 5.44457 5.333583 5.103599 4.852012 4.574096 4.067806 4.020137 4.260562 4.709748 4.93511 5.266136 5.606109 5.992829 5.191906 3.271556 2.735971 3.123846 4.124783 4.898123 5.359962 5.837034 5.833956
5.455169 5.384217 5.301369 5.287552 5.228391 5.011753 5.133019 5.293443 5.409204 5.421266 5.376928 5.349181 5.302378 5.228686 4.976501 4.83989 4.973114 5.005711 4.975098 4.897751 4.773473 4.745996 4.797297 4.94546 5.079341 5.118222 5.214414 5.482836 5.997391 6.259334 6.019847 5.773213 5.548627 5.202115 5.053551 4.938897 4.778704 4.680744 4.721888 4.86437 5.06405 5.326742 5.313135 5.279354 5.055273 4.912035 4.240082 3.859463 4.05252 4.39811 4.418301 4.720049 5.386396 5.719455 5.632111 4.330644 3.111909 2.962593 3.26628 4.301702 4.912254 5.144241 5.435715
5.438323 5.383436 5.339303 5.352701 5.424797 5.266908 5.046603 5.10528 5.285568 5.365331 5.33918 5.312501 5.288094 5.344146 5.211175 4.911218 4.904862 4.92721 4.956133 4.964294 4.814464 4.743019 4.755293 4.8613 4.991361 4.985507 4.982345 5.13373 5.597285 6.112518 5.954019 5.67562 5.448672 5.301006 5.083443 4.984624 4.909535 4.731269 4.650628 4.758679 4.795091 4.880403 4.891598 5.163584 4.816185 4.855239 4.430476 4.073938 3.950626 4.091516 4.207533 4.186291 4.375591 4.707745 5.085836 4.661705 3.534211 2.981034 2.868335 3.510978 4.195065 4.452431 4.636066
5.398203 5.349828 5.312956 5.309669 5.431486 5.321717 5.127745 5.108564 5.240387 5.290543 5.285708 5.250351 5.240351 5.321211 5.294639 5.063454 4.90684 4.88337 4.904316 4.962161 4.962784 4.914186 4.77879 4.804297 4.882042 4.882684 4.860029 4.925147 5.196498 5.765702 5.799084 5.565269 5.298498 5.140482 4.961156 4.875092 4.954219 4.795905 4.579139 4.770616 4.907274 4.700015 4.737855 4.854192 4.724064 4.602915 4.321461 3.903009 3.853559 3.938075 4.098092 4.230591 4.372325 4.407022 4.492386 4.348354 3.520646 3.115404 2.682979 2.792249 3.388546 3.699285 3.798501
5.33639 5.30086 5.258109 5.218312 5.340065 5.311704 5.199542 5.126215 5.193143 5.224605 5.230014 5.245646 5.234507 5.236439 5.231233 5.081608 4.953635 4.86053 4.847694 4.919594 4.965864 5.044727 5.035792 4.939694 4.888684 4.932086 4.919567 5.007704 5.150597 5.546542 5.637231 5.515402 5.23235 5.065089 4.918278 4.774733 4.806326 4.764202 4.570436 4.564373 4.698132 4.788629 4.78324 4.859851 4.9912 5.007118 4.94542 4.59118 4.307032 3.755436 4.058647 4.296184 4.63729 4.883476 4.721556 4.63802 4.188096 3.446765 3.354098 3.06588 2.962168 3.318336 3.48157
5.322392 5.268815 5.218755 5.168621 5.267648 5.285018 5.246448 5.17116 5.138646 5.138287 5.15282 5.174345 5.242658 5.23068 5.201466 5.123514 5.005805 4.867747 4.792888 4.794347 4.784606 5.01805 5.123567 5.060085 5.026463 5.034043 5.116127 5.224412 5.417345 5.601967 5.648325 5.381615 5.15327 5.072927 5.011355 4.959342 4.960927 4.893559 4.872597 4.657397 4.545062 4.708686 4.778558 4.932632 4.911744 4.954624 5.093999 5.188942 5.180094 4.4304 4.065301 4.292733 4.666581 5.10885 5.180642 5.223732 4.941689 4.390287 4.040763 3.728943 3.477674 3.420037 3.749112
5.357713 5.292942 5.214923 5.196997 5.203341 5.239019 5.233903 5.186236 5.107188 5.087955 5.073861 5.092538 5.209372 5.226809 5.188811 5.149143 5.087969 4.973439 4.815948 4.748736 4.699703 4.784726 4.954565 5.040827 5.021598 5.100635 5.236285 5.587454 5.900488 5.827824 5.636862 5.296347 4.975291 4.995033 4.909335 4.827525 4.949161 4.994546 4.964986 5.021866 4.858865 4.757745 4.804806 4.8114 4.930055 4.898327 4.912011 4.94514 5.18149 4.952517 4.692278 4.541687 4.725172 5.047109 5.318304 5.30462 5.100178 4.929171 4.532343 4.217711 3.974064 3.997342 3.967341
5.391709 5.34732 5.252428 5.184268 5.183898 5.21344 5.217565 5.185471 5.141094 5.09153 5.024366 4.99614 5.12105 5.136948 5.100593 5.091426 5.161039 5.079464 4.963758 4.859755 4.774764 4.77351 4.846465 4.898819 4.886352 4.994774 5.258601 5.771313 6.19925 6.163906 5.734362 5.307794 4.966496 4.938814 4.83159 4.699724 4.743053 4.758612 4.863109 4.920302 4.958541 4.919614 4.819335 4.834209 4.961621 4.948353 4.812589 4.793057 5.019605 5.025928 4.93274 4.814293 4.784921 4.980664 5.168118 5.344011 4.938451 4.824181 4.489802 4.238438 4.088997 4.049436 3.976749
5.391889 5.401028 5.346802 5.187183 5.143585 5.153794 5.250615 5.210724 5.171129 5.13767 5.055918 4.911926 4.976433 4.96685 4.953595 5.050018 5.141213 5.107623 5.040551 4.957153 4.913704 4.928895 4.879393 4.834968 4.783549 4.763427 5.011167 5.553883 5.992277 6.094124 5.837563 5.352918 4.909512 4.900639 4.835052 4.735472 4.656869 4.641851 4.731083 4.854776 4.879524 4.820869 4.814258 4.801185 4.853127 4.893977 4.764621 4.753839 4.792511 4.869274 4.885873 4.883845 4.894751 4.977746 5.111483 5.207481 4.898654 4.71893 4.498826 4.242954 4.09915 3.990361 3.921021
5.309594 5.387545 5.343325 5.242286 5.159172 5.136454 5.196749 5.213455 5.194853 5.170805 5.134388 5.001906 4.825551 4.815136 4.763643 4.757114 4.939878 4.897316 4.985418 5.043836 4.975352 4.984402 4.977235 4.974249 4.826575 4.727137 4.771055 5.188649 5.664343 5.928062 5.752571 5.419796 4.9908 4.898306 4.866805 4.690766 4.684653 4.548671 4.702981 4.860493 4.848555 4.770323 4.694421 4.623976 4.684808 4.703037 4.587304 4.565342 4.642386 4.76496 4.858274 4.915994 4.973106 5.036932 5.112487 5.128805 4.931215 4.706233 4.430492 4.212358 4.081133 3.929803 3.821852
5.320329 5.287946 5.284059 5.250065 5.203296 5.179181 5.199195 5.205718 5.18306 5.159603 5.142574 5.001256 4.857743 4.818448 4.776935 4.669273 4.599771 4.61784 4.75046 4.914298 4.948542 4.97794 5.012447 5.065313 5.086054 5.016381 4.939952 5.096869 5.405364 5.743827 5.644508 5.557292 5.266547 5.077044 5.152111 4.820968 4.836897 4.712118 4.778162 4.776171 4.799129 4.803399 4.470456 4.338367 4.557768 4.484584 4.340566 4.357363 4.354332 4.585988 4.828171 4.962314 5.038044 5.05106 5.165245 5.017919 4.875646 4.632886 4.333474 4.10327 3.915319 3.844704 3.66025
