py_wake/examples/data/AJ_ParqueFicticio/Rough survey   Sector 4   Height 30m   Mean speed.grd
DSAA
73  159
 258469   265669
 6501692   6517492
 .1989357   11.37843
[rows 56 to 83 of 159, columns 0 to 62 of 73]
5.302817 5.31108 5.375591 5.426979 5.502109 5.435456 5.375937 5.343885 5.333357 5.308227 5.290677 5.263267 5.243052 5.211367 5.074441 5.081504 5.107929 5.132671 5.147586 5.187059 5.076761 4.95186 5.026681 5.116805 5.148091 5.158105 5.089206 4.909876 4.975607 5.459343 6.274731 6.047514 5.219338 5.227833 5.693576 6.053203 6.420264 5.944639 4.904796 4.59178 5.371593 5.720751 5.498238 5.309909 5.176728 5.533444 5.63165 5.366261 5.823875 6.725255 7.844204 8.83913 8.479582 6.64338 5.007426 6.184873 8.364817 8.889905 7.731499 5.972873 4.431055 4.631428 6.570929
5.261218 5.276475 5.365339 5.416663 5.517489 5.409157 5.347835 5.321582 5.300601 5.284264 5.261158 5.233187 5.198452 5.16511 5.096335 5.082471 5.094037 5.113766 5.132763 5.174376 5.161071 5.09611 5.084849 5.119799 5.154151 5.164112 5.105648 4.881639 4.934638 5.614693 6.640446 6.058925 5.393641 5.317707 5.770103 6.032732 6.378389 5.985938 5.254739 4.861286 5.297009 5.630243 5.632946 5.475422 5.627834 5.939304 5.858056 5.3261 5.460935 6.263684 7.636088 8.428675 8.206442 6.276938 4.894968 6.201057 8.325853 8.802891 7.646878 5.87777 4.585853 4.317405 5.744816
5.212632 5.235424 5.362955 5.434453 5.504998 5.380295 5.293618 5.27499 5.261319 5.246614 5.222031 5.192891 5.17379 5.165227 5.164252 5.139084 5.118013 5.10837 5.10401 5.16424 5.199371 5.202708 5.189602 5.103796 5.144184 5.144319 5.079509 5.121418 5.074169 5.706833 6.682889 6.13024 5.636034 5.417445 5.740179 6.070304 6.473432 6.075381 5.500958 5.078957 5.292064 5.396458 5.375632 5.562606 5.929916 6.186277 6.1163 5.507999 5.374962 6.021119 7.251826 7.909799 7.878094 6.255335 4.977761 6.313615 8.013689 8.557647 7.700159 6.203424 4.711731 3.965419 5.196058
5.190159 5.295877 5.530335 5.595048 5.491712 5.40437 5.246544 5.223924 5.222942 5.209557 5.196242 5.188886 5.15554 5.146447 5.170368 5.160726 5.14516 5.129268 5.103913 5.158785 5.186517 5.199196 5.205425 5.146535 5.132158 5.120642 5.173378 5.32353 5.36445 5.74909 6.37967 6.276964 5.883981 5.458143 5.733956 6.111612 6.468951 6.225923 5.676206 5.246883 5.184186 5.22264 5.1267 5.568453 6.239294 6.364317 6.300026 5.832692 5.412672 5.57932 6.663007 7.294954 7.539754 6.267477 5.171047 5.989955 7.6022 8.377937 7.665027 6.449459 5.122875 3.870584 5.078779
5.19124 5.362699 5.619626 5.652842 5.478289 5.314692 5.211329 5.177493 5.198537 5.196495 5.188577 5.173547 5.145356 5.111023 5.145633 5.146399 5.123019 5.103231 5.154223 5.22097 5.244392 5.199893 5.190178 5.161368 5.111628 5.072735 5.240678 5.357022 5.716627 6.079382 6.343922 6.176779 5.934477 5.648745 5.644567 6.121491 6.3243 6.282613 5.864894 5.409954 5.165991 5.024881 5.081389 5.574841 6.342324 6.446976 6.367599 6.185485 5.773241 5.463487 5.703246 6.512843 7.136869 6.387185 5.267789 5.593625 7.239467 8.209287 7.474894 6.347277 5.288172 4.3048 4.778679
5.353769 5.541532 5.641285 5.54363 5.383366 5.260194 5.138758 5.139247 5.202244 5.202534 5.19487 5.185063 5.143984 5.124815 5.136635 5.13157 5.107967 5.090275 5.187671 5.249945 5.319539 5.214598 5.18175 5.14384 5.056581 5.083202 5.207541 5.528018 5.907124 6.307642 6.518713 6.266944 5.964754 5.832411 5.776114 6.14429 6.230902 6.135453 5.810276 5.533213 5.300228 4.937816 4.791812 5.572179 6.204095 6.454288 6.315166 6.478297 6.548321 5.893225 5.303792 5.561165 6.655359 6.684161 5.535848 5.36707 7.043446 7.88817 7.357093 6.231341 5.348179 4.785926 4.649063
5.434157 5.63343 5.521038 5.460083 5.324249 5.196041 5.089183 5.122373 5.176288 5.206603 5.21094 5.189698 5.14695 5.142121 5.135149 5.119545 5.091041 5.056467 5.181665 5.252573 5.32453 5.279696 5.224598 5.148229 5.043837 5.121307 5.146514 5.626343 6.016462 6.426722 6.709013 6.274684 6.033134 6.199555 6.176042 6.222415 6.219546 6.039676 5.704222 5.50772 5.21871 4.875008 4.74397 5.134015 6.167008 6.314857 6.239894 6.393863 6.876384 6.773746 5.631627 4.964044 6.255215 6.547627 6.012074 5.292248 6.438462 7.471506 7.142673 6.188115 5.319467 5.086046 4.880246
5.459086 5.566653 5.484364 5.414326 5.312929 5.218702 5.166563 5.177308 5.184531 5.19786 5.213131 5.176234 5.169641 5.164009 5.151056 5.125668 5.079546 5.018041 5.129538 5.214474 5.281229 5.270487 5.24385 5.1651 5.132769 5.225883 5.247405 5.562366 6.068148 6.503253 6.701355 6.407582 6.244334 6.361221 6.497251 6.407245 6.298298 6.047866 5.695316 5.405647 5.117168 4.797984 4.657155 4.994172 5.809083 6.332041 6.158826 6.328974 6.859159 7.073261 6.574565 5.180242 5.349771 6.036086 6.140684 5.539697 5.880772 6.922008 6.79835 6.027517 5.242859 5.059948 5.110137
5.442293 5.505334 5.426443 5.385805 5.336145 5.278768 5.267456 5.278907 5.241901 5.195953 5.209308 5.216278 5.201478 5.191252 5.16704 5.132957 5.060876 5.088737 5.160512 5.194209 5.210685 5.297964 5.284359 5.200289 5.2039 5.240483 5.346733 5.634181 6.18327 6.623345 6.643944 6.424728 6.326572 6.40714 6.597603 6.578667 6.424634 6.151468 5.835171 5.523619 5.242321 4.930894 4.755521 4.784593 5.705376 6.128405 6.124032 6.287925 6.646107 6.800924 6.863419 5.928329 5.175839 5.130796 5.681341 5.721354 5.654909 6.290087 6.435864 5.765552 5.260653 5.212805 5.122922
5.377193 5.447434 5.372655 5.346762 5.338432 5.334377 5.338612 5.379023 5.332333 5.194144 5.206757 5.214254 5.211646 5.21024 5.180598 5.130616 5.065512 5.147189 5.182063 5.189912 5.27196 5.393748 5.405462 5.253701 5.254587 5.253134 5.328489 5.649283 6.125309 6.454309 6.691007 6.312772 6.319756 6.643258 6.683942 6.671239 6.578014 6.157136 5.832944 5.73906 5.435884 5.039426 4.827306 4.75848 5.407663 5.816304 5.913205 6.219226 6.298322 6.336977 6.79961 6.904919 6.04982 4.672253 4.887408 5.384621 5.438113 5.794734 5.854712 5.578136 5.593869 5.461148 5.139183
5.306335 5.365398 5.322342 5.310668 5.327281 5.346519 5.374613 5.372036 5.257598 5.152756 5.184661 5.196897 5.192184 5.185384 5.163969 5.115931 5.118114 5.16864 5.186142 5.163336 5.289284 5.47348 5.385598 5.335629 5.368032 5.341133 5.52011 5.835248 6.027118 6.309242 6.443417 6.316462 6.312021 6.872015 6.765725 6.739175 6.773376 6.29503 5.855654 5.706665 5.370009 5.227213 4.983065 4.855388 4.988485 5.121015 5.533923 6.313186 6.260785 5.75106 6.594628 7.211137 6.689622 5.348629 4.240963 4.521745 5.108612 5.457201 5.674217 5.866839 6.020639 5.883952 5.228682
5.28377 5.295292 5.280817 5.289098 5.306423 5.354805 5.405064 5.370024 5.293163 5.201778 5.190045 5.192973 5.187906 5.166703 5.127496 5.170245 5.193128 5.186196 5.168119 5.226032 5.315753 5.44427 5.404766 5.395463 5.405364 5.451656 5.682928 5.942961 6.140263 6.328094 6.312854 6.245909 6.229612 6.784778 6.822216 6.715829 6.790812 6.639871 6.034847 5.791548 5.412213 5.318845 5.163935 4.912638 4.714655 4.70807 5.163636 6.209357 6.221833 5.465971 6.322167 7.338943 6.837101 5.969917 4.697404 3.868144 4.550666 5.204752 5.565914 5.949663 6.026974 6.005526 5.558163
5.268445 5.248511 5.233717 5.267903 5.315824 5.386495 5.411673 5.378485 5.340074 5.270455 5.22306 5.200843 5.176136 5.144136 5.160264 5.239268 5.251392 5.235907 5.178464 5.227993 5.279679 5.299718 5.322963 5.36827 5.380997 5.732001 5.936862 5.935938 6.17229 6.385014 6.343088 6.22195 6.169796 6.556855 6.894441 6.719158 6.750716 6.757382 6.255299 6.021636 5.88481 5.612777 5.321803 5.159804 4.753352 4.634221 4.963287 5.977538 6.068758 5.340816 6.295784 7.188693 6.903887 6.000699 4.962788 3.704082 3.855338 4.850442 5.616861 6.023565 6.128333 6.217533 5.705652
5.242591 5.207343 5.138518 5.204528 5.31047 5.446924 5.408617 5.396027 5.379851 5.342813 5.287071 5.219606 5.150871 5.113528 5.287407 5.374379 5.354995 5.246348 5.200505 5.182029 5.171585 5.119411 5.252564 5.332109 5.584666 5.916361 5.975866 6.117197 6.31467 6.53646 6.523537 6.244783 6.071484 6.34549 6.715645 6.718148 6.7101 6.649637 6.286753 6.192564 6.046554 5.971131 5.849546 5.452899 5.042296 4.593418 4.781446 5.445638 5.712427 5.390922 5.908653 6.760962 6.585591 5.732287 4.937855 3.830783 3.707056 4.681232 5.541774 6.002515 6.156746 6.066889 5.788683
5.242279 5.199697 5.048941 5.141035 5.308968 5.454559 5.403982 5.406289 5.416874 5.401218 5.356098 5.283655 5.146516 5.141054 5.299834 5.470483 5.306195 5.210948 5.190588 5.178298 5.127004 4.981546 5.278346 5.404739 5.771226 5.932762 6.0216 6.137818 6.46516 6.756707 6.716087 6.464748 6.041749 6.137269 6.432896 6.655887 6.635684 6.533957 6.398399 6.382339 6.427047 6.168943 6.053124 5.632068 5.383359 4.821054 4.865843 5.194969 5.460952 5.551454 5.782373 5.899664 6.135009 5.691803 4.73807 3.878415 3.714261 4.610481 5.425884 5.831651 6.012819 5.936531 5.724365
5.294681 5.219695 5.083991 5.073458 5.271451 5.39857 5.348671 5.380581 5.424586 5.445594 5.390398 5.244834 5.132852 5.16364 5.268546 5.430828 5.314546 5.252475 5.21467 5.161664 5.06534 5.075192 5.340289 5.618861 5.890958 5.928652 6.061768 6.146345 6.501909 6.91075 7.018292 6.56431 6.051135 6.036548 6.241169 6.486714 6.498321 6.402964 6.369158 6.401876 6.544343 6.252262 5.937168 5.719797 5.55423 5.214926 4.930006 5.082033 5.392443 5.741754 5.860523 5.61903 5.834432 5.700887 4.743433 3.798732 3.821305 4.651917 5.348873 5.627752 5.903811 5.838898 5.647372
5.309768 5.150741 5.020897 5.076018 5.218667 5.292189 5.249962 5.330192 5.422991 5.472553 5.352477 5.277891 5.243654 5.234228 5.285669 5.370113 5.285384 5.270292 5.240408 5.176502 5.033109 5.119326 5.339999 5.659452 5.872433 5.914368 6.031202 6.17043 6.480375 7.058461 7.251144 6.771375 6.242529 6.212761 6.241073 6.32114 6.25704 6.254209 6.299281 6.33864 6.509249 6.343012 5.94424 5.823889 5.636378 5.377382 5.096087 4.965819 5.379015 5.705147 5.817349 5.591753 5.901481 6.269762 5.04141 3.516252 3.500182 4.506021 5.116522 5.48451 5.833085 5.74676 5.59113
5.228518 5.14819 5.132412 5.179687 5.212659 5.199059 5.12277 5.300998 5.503094 5.479126 5.420207 5.372927 5.375121 5.37423 5.324099 5.305815 5.242989 5.243754 5.221374 5.164777 5.04235 5.139221 5.359188 5.634793 5.847108 5.876552 5.920323 6.100945 6.761357 7.348073 7.375617 7.038541 6.590015 6.362378 6.317396 6.240086 6.127551 6.08515 6.148396 6.261933 6.381031 6.440327 6.0778 5.98066 5.712358 5.493922 4.873243 4.789891 5.100309 5.446125 5.586696 5.614842 6.036378 6.600634 5.928697 3.922158 3.431589 3.889376 4.762174 5.444058 5.741277 5.710797 5.49169
5.247066 5.204105 5.202206 5.257586 5.340916 5.177155 4.96588 5.283988 5.583231 5.481899 5.450509 5.430195 5.442412 5.517266 5.406355 5.241325 5.167806 5.228719 5.224466 5.173749 5.037679 5.208635 5.395681 5.660015 5.839472 5.859282 5.843704 6.072774 6.831738 7.634989 7.401451 7.129249 6.853958 6.553052 6.416375 6.26077 6.106647 5.974759 6.007597 6.150551 6.281314 6.195697 6.054917 6.11773 5.746871 5.771237 4.999186 4.622313 4.909939 5.351118 5.340203 5.469664 5.975053 6.366952 6.125154 4.451103 3.66463 3.753827 4.134585 5.164025 5.685341 5.649945 5.352217
5.251792 5.234491 5.224483 5.245722 5.30994 5.107263 4.986131 5.265988 5.541581 5.453102 5.424292 5.423754 5.437457 5.506246 5.339549 5.159902 5.160482 5.223279 5.21246 5.170838 5.122463 5.27472 5.433956 5.690412 5.827862 5.842512 5.791612 6.091231 6.749785 7.6951 7.561045 7.281755 6.958921 6.618223 6.391006 6.245227 6.159829 6.028858 5.922395 6.063846 6.132957 6.033502 5.942584 6.035722 5.707852 5.49264 5.375492 4.814807 5.029761 5.259609 5.288749 5.404502 5.793871 6.065582 5.697522 4.801304 4.157544 3.873261 3.770694 4.53399 5.299054 5.30218 4.907652
5.222737 5.215546 5.216138 5.217234 5.217246 5.134332 5.090687 5.240501 5.441811 5.429891 5.405512 5.394281 5.411799 5.437867 5.325873 5.137389 5.140321 5.185326 5.161015 5.146785 5.323577 5.434227 5.466219 5.660186 5.758718 5.783193 5.75562 6.072696 6.630056 7.647584 7.703323 7.359937 6.918202 6.536964 6.254467 6.111031 6.192242 6.122328 5.788928 5.980392 6.183612 5.810417 5.656028 5.75171 5.486862 5.530066 5.418971 5.087872 5.120568 5.108721 5.188825 5.320446 5.542284 5.705274 5.379731 5.146183 4.664116 4.283821 3.858269 4.17074 4.722013 4.772798 4.571515
5.209117 5.198358 5.188793 5.170287 5.161644 5.225985 5.230567 5.285314 5.371757 5.407891 5.4091 5.408371 5.415151 5.407979 5.364652 5.284121 5.216201 5.176925 5.107155 5.212327 5.374501 5.483459 5.694747 5.760097 5.712968 5.745218 5.795622 6.122529 6.742782 7.774175 7.852944 7.464213 6.903265 6.528979 6.234194 6.088715 6.258495 6.149964 5.769025 5.943762 5.973342 5.61253 5.512995 5.600649 5.540494 5.73052 5.745799 5.487773 5.407147 4.831776 5.024652 5.172321 5.387286 5.545881 5.367882 5.595044 5.225154 4.655548 4.442745 4.204161 4.120729 4.337437 4.280069
5.215312 5.187929 5.156435 5.13483 5.118026 5.237565 5.305623 5.35511 5.358547 5.391894 5.399059 5.399159 5.411184 5.405969 5.399588 5.391788 5.333687 5.221574 5.085391 5.222219 5.327088 5.526952 5.864547 5.7803 5.719522 5.658737 5.906355 6.297962 7.126756 7.83657 7.989762 7.309174 6.786088 6.516168 6.290906 6.1476 6.205712 6.17518 5.887937 5.844272 5.521898 5.445049 5.571727 5.836877 5.860594 5.872229 5.776338 5.681002 5.745711 4.934923 4.855722 5.008815 5.274423 5.593891 5.689772 5.877683 5.517955 4.988262 4.749815 4.445366 4.066411 4.033258 4.169594
5.239545 5.213182 5.156009 5.096734 5.073956 5.244024 5.344085 5.42013 5.381773 5.383579 5.390748 5.388634 5.38493 5.410429 5.428435 5.421713 5.369681 5.195737 5.122528 5.274274 5.276866 5.471467 5.742585 5.730159 5.647473 5.67114 5.875089 6.638851 7.691559 8.207904 7.885726 7.135603 6.53942 6.381296 6.211061 6.059343 6.168163 6.097766 5.779659 5.71882 5.374568 5.457702 5.762236 5.898591 6.006858 5.899888 5.768911 5.610384 5.246814 4.926561 4.873582 4.956482 5.239556 5.646146 5.925782 5.969624 5.544346 5.386707 4.948598 4.416845 3.973559 3.977252 3.874024
5.249622 5.240413 5.177198 5.026668 5.166811 5.285089 5.432497 5.404015 5.427138 5.423347 5.398911 5.363013 5.342947 5.4204 5.420475 5.386965 5.312767 5.231333 5.283873 5.359753 5.319027 5.511085 5.617818 5.649343 5.543821 5.707085 6.079544 6.987044 8.019508 8.372824 7.797769 7.07305 6.427107 6.317106 6.194613 6.046762 6.074447 5.714018 5.581378 5.498889 5.416689 5.575999 5.778903 5.811461 5.924027 5.811729 5.552614 5.32915 5.226053 5.076458 5.000662 5.018812 5.211453 5.505762 5.781439 5.975529 5.57578 5.380779 4.738256 4.214159 3.957735 3.818917 3.650539
5.19844 5.18624 5.095294 5.040127 5.141511 5.288591 5.406154 5.423148 5.453761 5.481523 5.48632 5.377643 5.319299 5.424151 5.439756 5.346912 5.313661 5.352777 5.400312 5.349913 5.428779 5.590841 5.632942 5.631096 5.550247 5.71195 6.194024 7.16786 8.08589 8.336608 7.755259 6.97261 6.3085 6.312722 6.224014 6.058927 5.870306 5.49581 5.445824 5.544353 5.754747 5.954206 5.962023 5.882835 5.872002 5.731607 5.354995 5.172308 5.106066 5.089005 5.104836 5.167634 5.311223 5.540453 5.789904 6.008018 5.449631 5.100038 4.592993 4.100987 3.883893 3.641113 3.479493
5.147776 5.155786 5.164641 5.122098 5.141429 5.226478 5.350016 5.393426 5.441238 5.484822 5.516965 5.322879 5.297389 5.357253 5.370806 5.341954 5.249721 5.346519 5.408783 5.444261 5.511597 5.58689 5.681154 5.666413 5.703524 5.803721 6.283598 7.210421 8.023293 8.230958 7.511966 6.916567 6.402538 6.349442 6.307191 5.924688 5.74447 5.295868 5.375138 5.688097 6.140876 6.155334 5.987212 5.799268 5.76119 5.591022 5.219609 5.067333 5.033484 5.048882 5.129645 5.259379 5.426282 5.615801 5.864253 5.890296 5.413251 5.009493 4.525156 4.078161 3.839743 3.54422 3.315879
5.166477 5.106694 5.140049 5.164467 5.175839 5.207074 5.31828 5.379107 5.426203 5.491318 5.47922 5.405234 5.358167 5.378311 5.399784 5.33537 5.263253 5.323994 5.320985 5.454301 5.560328 5.591572 5.628029 5.717818 5.822831 6.236132 6.699465 7.316281 7.878513 7.99154 7.350284 6.923521 6.615712 6.304682 6.438641 5.798193 5.450742 5.126773 5.398187 5.927273 6.186762 6.193032 5.813982 5.532507 5.728359 5.490122 5.091008 5.009829 4.976414 4.968673 5.11389 5.294587 5.486034 5.675855 5.958687 5.709263 5.332637 4.962893 4.452069 4.022666 3.699923 3.425494 3.092664
