py_wake/examples/data/AJ_ParqueFicticio/Rough survey   Sector 4   Height 30m   Orographic speed.grd
DSAA
73  159
 258469   265669
 6501692   6517492
 .02416044   2.245389
[rows 112 to 139 of 159, columns 0 to 62 of 73]
1.185934 1.249727 1.210891 1.224689 1.303331 1.375875 1.447891 1.548727 1.670053 1.745938 1.86779 2.007859 1.940663 1.753095 1.572517 1.28778 1.219222 1.366446 1.405115 1.277342 1.152525 1.103653 .9286694 .9233442 1.301647 1.561125 1.598215 1.442846 1.231333 1.074411 1.042274 1.072323 1.060099 .967465 .8729668 .7747729 .7184488 .9193949 1.277481 1.518868 1.683878 1.746404 1.608323 1.271206 1.047517 .8829006 .8054362 .7532021 .7689117 .9424251 1.156223 1.200495 1.032764 .8489181 .718622 .6913445 .6865001 .6738457 .6476712 .5160581 .1810095 .1967129 .2415076
1.149426 1.252692 1.26529 1.268963 1.33062 1.423161 1.510952 1.623097 1.728113 1.781324 1.894154 2.007624 1.937391 1.722326 1.471496 1.196355 1.287021 1.479928 1.494424 1.267325 1.094259 1.015735 .9006811 .9134306 1.291919 1.563574 1.532821 1.255417 1.060498 .9676086 .9114673 1.009216 1.089133 1.050465 1.015542 .9440963 .8755924 .9986856 1.314901 1.542596 1.751548 1.81839 1.613604 1.235534 1.015127 .8667851 .8156225 .7806827 .773432 .8608514 .9836178 1.017784 .9306416 .819221 .7231302 .6979544 .6856686 .6812249 .6514867 .5587931 .3446801 .2493234 .3018647
1.182711 1.280224 1.308157 1.31308 1.356458 1.467233 1.605981 1.689731 1.750541 1.795576 1.935772 2.014468 1.896786 1.610289 1.338872 1.208733 1.396556 1.58914 1.49653 1.279713 1.155103 1.027171 .9333113 .9182685 1.21171 1.473268 1.447659 1.154336 .9193003 .8507916 .8252746 .8675892 1.052265 1.069371 1.097849 1.116901 1.110006 1.17678 1.404483 1.572826 1.745599 1.810343 1.564096 1.215688 1.000905 .8911275 .8229889 .7648569 .7551714 .7674524 .8253091 .8616456 .8253926 .7839521 .7392901 .707837 .6809389 .668767 .6374882 .5749673 .4737625 .3304025 .327772
1.265716 1.322607 1.339825 1.357677 1.400237 1.532129 1.669191 1.717891 1.772412 1.841124 1.952932 1.973273 1.82094 1.478888 1.279161 1.272908 1.485398 1.615139 1.505864 1.31357 1.215568 1.114198 .9601158 .9498934 1.073532 1.320174 1.343927 1.050568 .837374 .8165921 .8038499 .8488706 .9252085 .980098 1.071494 1.239035 1.332036 1.408544 1.524808 1.568434 1.66438 1.722656 1.490831 1.223696 1.011471 .91593 .8193846 .7396696 .7010737 .6936221 .7127418 .7353631 .721869 .7424352 .7346986 .7076741 .6816917 .651755 .6199352 .5671503 .5200897 .4295934 .3908705
1.327442 1.368741 1.387253 1.425806 1.481289 1.621099 1.716576 1.753207 1.823759 1.886277 1.971071 1.890329 1.703396 1.419173 1.305586 1.353404 1.493982 1.585485 1.488376 1.35109 1.245038 1.128936 .9707994 .910365 .9535121 1.119655 1.194683 .9516991 .8221443 .8326252 .8325689 .8120545 .8317674 .9271502 1.049151 1.26951 1.518461 1.587529 1.63674 1.571858 1.573617 1.570253 1.421296 1.22662 1.058025 .9462541 .8252354 .7277975 .6563632 .6220151 .6502203 .6884105 .6867571 .6884492 .7196779 .7016838 .6821394 .6372258 .5987033 .5560012 .5401424 .4726299 .4526263
1.353708 1.3792 1.40293 1.456301 1.569573 1.687367 1.750772 1.817351 1.876341 1.954658 1.903403 1.784978 1.608523 1.394585 1.360669 1.445408 1.505087 1.566299 1.480832 1.367771 1.240329 1.101367 1.002011 .8749316 .8513995 .9200876 .9672906 .8440994 .7990087 .8683417 .8254631 .7281432 .7733123 .971624 1.076566 1.336265 1.65366 1.783963 1.737004 1.541205 1.441413 1.39469 1.331852 1.196877 1.06205 .9864743 .8737017 .7491139 .6503984 .5874663 .6051848 .666622 .6854511 .6784381 .6843178 .6812339 .6788604 .6369354 .5755378 .5125257 .5188925 .5040836 .5001593
1.368895 1.39099 1.440317 1.524662 1.642214 1.739792 1.810449 1.907373 1.967725 1.992238 1.868302 1.702107 1.498503 1.34693 1.392793 1.518726 1.564811 1.552177 1.427629 1.314603 1.172788 1.015092 1.004297 .9863523 .8922656 .8095692 .7643459 .7249231 .8336948 .9021829 .8149526 .6593389 .833006 1.034664 1.064301 1.359259 1.764384 1.949533 1.834052 1.476157 1.283784 1.230492 1.247858 1.216804 1.030517 .9950061 .9160339 .7767292 .6993378 .6089313 .6035845 .6719309 .689907 .6939429 .6871809 .6815703 .6733308 .666235 .583641 .5008621 .4935886 .5111596 .537577
1.3523 1.395868 1.483901 1.600165 1.722867 1.812713 1.88589 1.975681 2.003073 1.981704 1.827453 1.612181 1.44883 1.326944 1.417529 1.567657 1.646622 1.545914 1.4009 1.302023 1.145852 .9597605 .9139041 1.047162 1.025369 .863219 .6737156 .6841152 .8003019 .9045062 .7386597 .6602532 .918317 1.038161 1.0598 1.407518 1.843164 2.070019 1.879866 1.417368 1.133656 1.048454 1.118677 1.247357 1.03235 .9462666 .908802 .8131671 .7436305 .6555044 .6242518 .6639353 .6972232 .7009487 .6984229 .7053915 .6878155 .6913098 .6086459 .497183 .4387733 .532531 .5581651
1.37017 1.430827 1.534761 1.678136 1.791183 1.881703 1.959927 2.000505 1.981969 1.941655 1.792992 1.543811 1.388838 1.303665 1.386315 1.56669 1.667289 1.571393 1.39051 1.274136 1.116394 .9241624 .8395137 1.011612 1.096435 .9723528 .7589527 .6855307 .7366652 .8122645 .6959864 .7086858 .9801894 .9763335 1.104177 1.509263 1.887072 2.076406 1.936097 1.423142 1.054349 .8824954 .9722122 1.173805 1.083373 .9380016 .8732745 .8243994 .7743638 .7061256 .6504397 .6590415 .6721032 .6972804 .6926085 .7043004 .692799 .6749768 .560555 .4987668 .4918541 .5434269 .5759887
1.432505 1.459003 1.590967 1.753934 1.861458 1.948603 2.068168 2.017316 1.88855 1.786811 1.796723 1.579539 1.367448 1.304913 1.393423 1.486028 1.56704 1.544716 1.427861 1.332656 1.171561 .9570557 .8315201 .9582803 1.032845 .9558558 .8844885 .7919364 .7164052 .6921611 .6591825 .7955818 .9257044 .9334752 1.224216 1.614687 1.950831 2.034845 1.865377 1.413042 1.071761 .8226333 .8469004 1.020854 1.039039 .9587863 .8961265 .8390764 .7913487 .7481112 .6995796 .645182 .6689399 .6768388 .6857293 .6966894 .7075431 .6217303 .5076314 .5336674 .5685437 .5811063 .5954102
1.502511 1.536945 1.661626 1.83366 1.942804 2.035862 2.1072 1.995141 1.640672 1.548169 1.735262 1.658743 1.459435 1.384474 1.387677 1.423521 1.480561 1.451845 1.379007 1.32631 1.251113 1.031463 .9090171 .9288561 .9774976 .9399782 .8975748 .8925852 .7986531 .6385475 .6543866 .7784421 .8408181 1.031572 1.355402 1.733169 1.981954 1.921609 1.676362 1.349449 1.120867 .8563461 .7940617 .902234 .9394892 .9178687 .8945292 .8739471 .8321416 .8012773 .7543736 .6740047 .6519195 .6719204 .6741984 .6764011 .6786437 .5628113 .5011334 .5607903 .6209188 .6220449 .6329539
1.579248 1.651502 1.791538 1.922296 2.067872 2.110016 2.105473 1.946931 1.439735 1.343986 1.603047 1.607391 1.548794 1.477339 1.433115 1.378821 1.401235 1.370165 1.331835 1.305904 1.254065 1.111918 1.005392 .9400356 .8969316 .9145151 .9065927 .9406637 .8570247 .6573501 .6023175 .6636246 .8433582 1.136196 1.495947 1.83192 1.956399 1.822326 1.509087 1.218593 1.091486 .9417335 .8367288 .8402236 .8763281 .8747017 .8587685 .8510271 .841986 .830582 .8002515 .7266626 .6819691 .6575475 .6407689 .6341384 .6007485 .5371543 .4837126 .5334866 .658414 .6770644 .6725265
1.673412 1.796052 1.908364 2.027159 2.145509 2.194805 2.091379 1.770533 1.318552 1.21105 1.492466 1.504298 1.545994 1.541471 1.500178 1.39088 1.370916 1.346936 1.308713 1.276366 1.250452 1.204087 1.108542 .954702 .857555 .8954719 .9100426 .9829156 .9048753 .7066637 .5475871 .6233461 .9121546 1.236961 1.565744 1.824599 1.877444 1.704258 1.429777 1.12218 .9870881 .9576125 .9209862 .9029145 .8721556 .8359365 .8415325 .8305865 .8031918 .8054386 .8127583 .7635037 .708572 .6341914 .612633 .6147953 .5456285 .5200458 .4739285 .5232641 .6646628 .7240875 .7313423
1.757138 1.906148 2.040205 2.107955 2.201119 2.101823 1.964023 1.66164 1.269601 1.158794 1.322801 1.369931 1.492346 1.533827 1.475751 1.385609 1.322552 1.347268 1.326638 1.310474 1.243447 1.233876 1.140246 .9409218 .8137715 .8617412 .9467863 1.068194 1.029833 .7828462 .5595199 .6464279 .9503477 1.275295 1.591251 1.782714 1.777183 1.600535 1.364863 1.094561 .935457 .9034661 .909781 .9301573 .9183553 .8726322 .8732733 .8395639 .7594256 .7615523 .779392 .7507413 .6766438 .6178109 .6251055 .625987 .5944928 .5719518 .5574178 .5358367 .6117989 .7503058 .7793639
1.841945 1.967643 2.130484 2.215267 2.188211 2.007636 1.872993 1.645278 1.325387 1.144453 1.201539 1.230874 1.408093 1.490368 1.474163 1.379212 1.266662 1.299413 1.353932 1.390434 1.307355 1.265172 1.134045 .9418153 .8309547 .8556194 .9930257 1.113334 1.111183 .8120164 .5468574 .6068201 .9331582 1.302119 1.583576 1.700399 1.647707 1.54196 1.326104 1.051338 .9437751 .9233482 .901035 .9335814 .9091981 .8899785 .8972867 .9173378 .7857424 .7175894 .7153881 .6826004 .6447383 .6544924 .665449 .6704209 .656822 .6971084 .7436239 .5653748 .5468687 .7582037 .8056304
1.918376 2.043174 2.179768 2.245389 2.109725 1.898815 1.824609 1.692232 1.393469 1.157133 1.11962 1.142138 1.288401 1.381087 1.439247 1.429677 1.211661 1.2142 1.373772 1.382007 1.299685 1.244785 1.088689 .9677933 .9216735 .9734281 1.062783 1.15173 1.135512 .8678664 .5558449 .5493277 .9635012 1.327758 1.529132 1.575564 1.514131 1.474876 1.315634 1.047782 .9178241 .9352652 .934016 .9425821 .9214323 .8913308 .8679172 .9399071 .9191818 .7327176 .5754213 .5266986 .6000994 .6795046 .7344725 .7322689 .7683517 .8905234 .8735069 .5660006 .5406411 .7630394 .7935916
1.979676 2.100569 2.223703 2.203612 2.080806 1.77886 1.783814 1.70408 1.442325 1.270642 1.166349 1.063423 1.124048 1.227911 1.406799 1.511045 1.269184 1.180401 1.30015 1.316685 1.24316 1.231558 1.053079 .9765955 1.045157 1.113942 1.180584 1.177401 1.133819 .9519686 .5429819 .626513 1.033714 1.29116 1.440818 1.445827 1.387965 1.37495 1.299914 1.096268 .9631259 .9460158 .9451969 .9488671 .9607716 .906752 .8628692 .8710279 .9221626 .8120645 .5330957 .404192 .5235699 .7235543 .8138661 .8333761 .9067063 .9771381 .9137244 .5880998 .5631667 .7152926 .7560298
2.053598 2.156343 2.184965 2.109309 1.931639 1.704527 1.769837 1.702087 1.464077 1.351487 1.241975 1.045396 1.023574 1.093411 1.335819 1.532527 1.408057 1.206552 1.218687 1.188076 1.142947 1.179897 1.011759 .960193 1.122289 1.234529 1.298281 1.205076 1.144843 .9883043 .6848984 .7268342 1.025842 1.215379 1.330538 1.326694 1.255691 1.269345 1.282142 1.139339 1.013681 .9541044 .9659183 .9458552 .9699733 .9287804 .8938088 .8410021 .8441901 .7854805 .5195731 .3774227 .4247184 .7326006 .8906009 .9025669 .9312592 1.01975 .957904 .6685798 .5994163 .6235952 .6543468
2.137451 2.160587 2.081444 1.939543 1.687496 1.602206 1.773215 1.661623 1.517709 1.415183 1.305533 1.138121 1.001386 1.039272 1.198637 1.440605 1.499239 1.311625 1.137569 1.074884 1.059604 1.114824 .9461856 .8888249 1.147771 1.30099 1.409201 1.317183 1.205244 1.036988 .8311493 .8307362 1.019824 1.129729 1.185262 1.18924 1.127964 1.178256 1.232607 1.221733 1.06604 .9627326 .9870449 .9730662 .9665537 .9284385 .9082043 .8608411 .771974 .6758796 .4650223 .3793858 .3724417 .7391607 .9325556 .9338217 .9556828 1.035803 1.046506 .8396291 .6429127 .6253566 .6350729
2.216621 2.044178 1.890094 1.740566 1.449675 1.482795 1.740574 1.713009 1.624546 1.500454 1.37616 1.229368 1.072078 .9404928 1.041542 1.274641 1.492639 1.421681 1.179967 1.014584 .9786969 1.019252 .9019989 .8471927 1.082391 1.309993 1.448151 1.458706 1.299501 1.075808 .9018115 .8629838 1.006341 1.046805 1.062289 1.028314 1.014369 1.083051 1.161033 1.206172 1.092048 1.028388 .9998209 1.031645 1.025205 .950285 .8956355 .8462497 .7344525 .5347105 .4068778 .3413327 .4311778 .7378076 .8911019 .9125224 .9322383 1.011126 1.03134 .9937699 .7968375 .6623632 .6921169
2.18536 1.86802 1.671374 1.565539 1.302677 1.395905 1.656761 1.695866 1.731675 1.630887 1.459409 1.302038 1.1425 .9252183 .9023964 1.129186 1.403452 1.445836 1.267896 1.034163 .9004973 .9433941 .8702205 .8349459 1.025096 1.287772 1.470233 1.552747 1.382178 1.108012 .9256262 .944052 1.024778 1.045303 .9692984 .8974098 .940369 .9795628 1.074352 1.163594 1.126123 1.078554 1.028868 1.063779 1.062856 .998324 .9335368 .8394157 .638773 .4032524 .4025564 .2913325 .4858065 .7182463 .8337885 .8727089 .8990985 1.00459 1.051989 1.07787 .941696 .7496453 .7510096
2.092047 1.680657 1.476292 1.392263 1.207246 1.33556 1.56084 1.697771 1.732922 1.708339 1.509344 1.324991 1.177342 1.015895 .8802468 1.031797 1.283841 1.353992 1.283177 1.14824 .9309595 .8724325 .8291452 .8256844 1.019058 1.288071 1.489561 1.537519 1.377038 1.102514 .9267442 .9849367 1.102432 1.097874 .9586401 .8180128 .8403947 .8996561 .9814299 1.079737 1.115167 1.07866 1.043687 1.074419 1.097942 1.040133 .9564022 .8802484 .5830905 .377647 .437122 .3938703 .4268105 .6451848 .8137969 .8360786 .8595148 .958608 1.025056 1.098244 1.002045 .8650385 .8406003
2.010178 1.536511 1.287279 1.210656 1.13965 1.3267 1.501188 1.621345 1.692766 1.742486 1.60293 1.391815 1.196784 1.043229 .8983209 .9880509 1.147736 1.22812 1.221102 1.18808 1.015689 .8901335 .8305593 .8351232 1.035144 1.313981 1.51633 1.547466 1.354471 1.106208 .9495094 .993153 1.057523 1.123374 1.028618 .8668244 .7763985 .8288218 .8970875 1.018748 1.1087 1.098189 1.091384 1.09569 1.088773 1.011709 .9305843 .8800672 .6530936 .4002128 .4864789 .4921799 .4573999 .5525188 .7787966 .8080632 .8155571 .8872674 .9652991 1.086601 1.049713 .9588114 .9169379
1.922815 1.477009 1.131168 1.023201 1.155416 1.382988 1.458872 1.514343 1.648201 1.681414 1.610851 1.477866 1.290419 1.10998 .97256 .9451547 1.066941 1.10936 1.150821 1.142682 1.041299 .9451619 .8419308 .8488218 1.08466 1.403172 1.527097 1.511109 1.298856 1.113722 1.011318 .9906391 1.038255 1.084155 1.049643 .9362285 .8306511 .8126038 .8687323 .9936697 1.090662 1.124601 1.131886 1.085972 1.051264 .9942393 .9170481 .8438125 .7160258 .5231065 .5345085 .5471861 .5282996 .5011321 .7119831 .7676221 .7850506 .8213723 .91423 1.012859 1.066044 1.026235 .9950216
1.844142 1.4561 1.061086 .9216037 1.173932 1.386765 1.42319 1.468907 1.585983 1.593599 1.52484 1.475274 1.407101 1.205137 1.074911 .981414 .9929597 1.047067 1.107147 1.072309 1.011785 .9620596 .8432679 .8475029 1.144249 1.47628 1.595764 1.460291 1.181381 1.062131 1.033915 1.041048 1.005001 1.027808 1.02473 .9763673 .8968117 .809031 .845591 .9310264 1.059352 1.131548 1.170633 1.034466 .9998339 .9527808 .8906045 .8562419 .7660945 .6689625 .5896121 .5825244 .5659157 .5623482 .6449471 .7172881 .743741 .7760705 .8343567 .944102 1.055472 1.060706 1.037607
1.740568 1.449584 1.056704 .8726395 1.161377 1.343803 1.419314 1.483858 1.559114 1.508726 1.413407 1.396677 1.403116 1.240615 1.150444 1.130757 1.003789 1.00036 1.025677 1.040758 .9868119 .9515336 .8345267 .8416651 1.184323 1.509834 1.662557 1.442691 1.131646 .9908307 1.00049 1.044253 1.038643 .9861702 .9872879 .9796972 .921236 .8474702 .8465759 .8878193 1.015908 1.117939 1.157221 1.030281 .9680509 .9131077 .850495 .872942 .8444466 .7364109 .650297 .6292374 .5948493 .6207283 .6359318 .6743851 .7010446 .7317224 .7575411 .8517688 1.004696 1.081046 1.07738
1.636801 1.40121 1.103026 .854229 1.07742 1.274085 1.437926 1.502548 1.540446 1.456486 1.340399 1.308866 1.366852 1.225368 1.108202 1.170149 1.106294 1.030312 1.017729 1.025243 .9588411 .9499422 .8464713 .8958994 1.225679 1.510877 1.629988 1.441406 1.139341 .9519973 .9538164 1.00414 1.055143 1.012701 .9802131 .9553115 .9163401 .8910157 .8678796 .8556322 .990499 1.097079 1.092817 1.014526 .9578788 .9246001 .8557329 .8552976 .8978041 .7566866 .7056618 .7146744 .6495402 .6563585 .6599406 .6707763 .6836387 .690348 .6793658 .7569854 .9130171 1.045918 1.091251
1.566069 1.341732 1.144984 .863916 .9907714 1.237768 1.454417 1.490658 1.457708 1.473067 1.360119 1.267849 1.283677 1.18901 1.087137 1.141213 1.106016 1.040091 1.132826 1.126318 .9533144 .9160126 .8426968 .8791834 1.203513 1.4675 1.622167 1.452742 1.150677 .963789 .9259954 .9510702 1.021471 1.020028 .994426 .9653131 .9520828 .9584798 .9390842 .8754228 .9892424 1.073971 1.038241 .9629012 .9551544 .9462987 .8881103 .8915526 .8860959 .7529114 .7426998 .7648749 .7578143 .6848922 .6389003 .6551287 .7010701 .7057671 .6587169 .6687818 .798774 .9641111 1.082012
