py_wake/examples/data/AJ_ParqueFicticio/Rough survey   Sector 5   Height 200m   Weibull-A.grd
DSAA
73  159
 258469   265669
 6501692   6517492
 7.36719   14.18617
[rows 0 to 27 of 159, columns 0 to 62 of 73]
10.3024 10.27107 10.25982 10.25652 10.25077 10.24647 10.24913 10.2483 10.24694 10.24165 10.2322 10.21445 10.19664 10.17635 10.15236 10.13748 10.12724 10.12412 10.12793 10.14894 10.19263 10.29111 10.35163 10.33994 10.20609 9.97786 9.855083 9.897467 9.949112 9.951396 9.933274 9.944698 9.97195 10.04207 10.15549 10.31244 10.51077 10.68214 10.76483 10.80841 10.83519 10.86024 10.87511 10.87771 10.86742 10.86189 10.84262 10.82969 10.81963 10.80667 10.7917 10.7631 10.73804 10.71724 10.68394 10.65546 10.62999 10.59593 10.57236 10.54516 10.51223 10.48693 10.46884
10.35241 10.2954 10.27295 10.26599 10.262 10.25733 10.2558 10.25173 10.2502 10.24953 10.2434 10.22719 10.20687 10.18267 10.15599 10.13382 10.11839 10.11312 10.10272 10.12016 10.17168 10.29677 10.42682 10.48687 10.37433 10.12391 9.897587 9.887385 9.92481 9.934429 9.932486 9.925039 9.920737 9.970035 10.05658 10.22591 10.45563 10.67838 10.79544 10.84571 10.87957 10.9124 10.95668 10.96192 10.89102 10.87558 10.8645 10.85858 10.85019 10.83489 10.82464 10.79769 10.77252 10.74549 10.71296 10.6888 10.65083 10.61764 10.57188 10.53155 10.49049 10.45456 10.4264
10.44995 10.34381 10.29154 10.27555 10.2685 10.26443 10.26177 10.25705 10.25211 10.2469 10.25149 10.24149 10.2168 10.19341 10.16125 10.12687 10.10534 10.08738 10.07059 10.07005 10.12701 10.258 10.43392 10.5627 10.52253 10.25833 10.01251 9.911669 9.909247 9.910405 9.913805 9.894861 9.881376 9.897493 9.943873 10.09505 10.33394 10.62001 10.79199 10.87431 10.90906 10.94413 10.9887 11.02302 10.96499 10.89483 10.86661 10.86541 10.86916 10.86493 10.86255 10.85151 10.81905 10.78046 10.74762 10.71694 10.67632 10.62882 10.57564 10.52154 10.46306 10.41762 10.37585
10.5974 10.44963 10.33705 10.29518 10.28096 10.27514 10.26772 10.26017 10.25115 10.24135 10.23575 10.2481 10.23803 10.2136 10.16451 10.11443 10.08166 10.05656 10.03449 10.02235 10.07201 10.20373 10.38125 10.54683 10.58559 10.39461 10.128 9.985085 9.932041 9.915705 9.906291 9.880982 9.855219 9.822612 9.816408 9.910539 10.12803 10.44571 10.70998 10.84278 10.90874 10.96546 11.01042 11.05206 11.04045 10.95421 10.8911 10.87515 10.87604 10.8749 10.89649 10.89536 10.86734 10.83247 10.80236 10.7582 10.70932 10.6459 10.57879 10.50322 10.43179 10.37248 10.32655
10.71747 10.56818 10.42405 10.34133 10.30025 10.28767 10.28503 10.27181 10.25625 10.24192 10.22792 10.21782 10.23657 10.22992 10.16773 10.10458 10.05787 10.02178 10.00012 9.980261 10.03531 10.15548 10.30988 10.4736 10.55349 10.45112 10.24788 10.08637 9.989441 9.946021 9.904735 9.88452 9.823089 9.761418 9.713206 9.715715 9.864162 10.1552 10.45338 10.66833 10.83921 10.9521 11.0048 11.02891 11.06265 11.00795 10.93797 10.89236 10.88214 10.89432 10.93276 10.94521 10.93338 10.90896 10.86944 10.81704 10.74789 10.66889 10.57748 10.48381 10.39642 10.31105 10.24572
10.7795 10.6855 10.57149 10.45187 10.34357 10.31004 10.30879 10.29282 10.26864 10.2498 10.24307 10.20958 10.22063 10.22292 10.17706 10.10612 10.03945 9.982475 9.955468 9.956004 10.02581 10.14728 10.27588 10.41916 10.51706 10.47388 10.32074 10.17326 10.05822 9.97411 9.907667 9.868511 9.82485 9.755293 9.684945 9.629975 9.677864 9.867883 10.11285 10.36612 10.63851 10.88164 10.97613 10.99124 10.98335 10.98233 10.94014 10.90217 10.88306 10.89574 10.93759 10.98513 10.99449 10.9829 10.94673 10.88472 10.79905 10.70081 10.5869 10.47027 10.34855 10.23943 10.1358
10.81732 10.77703 10.72933 10.62734 10.46746 10.35325 10.34901 10.33925 10.31092 10.28775 10.27284 10.23206 10.21526 10.22312 10.1995 10.13188 10.03848 9.948779 9.890877 9.878402 9.957381 10.10406 10.24678 10.39351 10.50513 10.49721 10.38376 10.25081 10.11378 10.00436 9.919488 9.846232 9.813841 9.762536 9.678915 9.618003 9.60738 9.683687 9.837558 10.06302 10.40217 10.72368 10.88373 10.90519 10.89011 10.88871 10.89334 10.88938 10.8429 10.84316 10.90029 10.96698 11.02105 11.04944 11.0285 10.96626 10.86475 10.74476 10.60359 10.44475 10.28849 10.13575 10.00923
10.83818 10.82499 10.79556 10.73445 10.6051 10.47712 10.41877 10.3995 10.3664 10.33888 10.30949 10.28026 10.25879 10.26514 10.24439 10.17641 10.06156 9.944835 9.847392 9.789297 9.851785 10.01018 10.20296 10.35975 10.48687 10.52085 10.43612 10.3059 10.17248 10.04529 9.949149 9.895053 9.844031 9.78184 9.704009 9.628623 9.592335 9.611054 9.691514 9.861487 10.16528 10.48451 10.67556 10.74317 10.7723 10.82029 10.84429 10.8297 10.76599 10.74879 10.79998 10.86974 10.95111 11.04323 11.09436 11.04032 10.93387 10.80016 10.62857 10.44651 10.23724 10.04175 9.881953
10.85805 10.85712 10.84164 10.80076 10.70979 10.60219 10.52177 10.47686 10.42547 10.38886 10.35542 10.32939 10.31565 10.31358 10.30888 10.25247 10.13779 9.979235 9.835195 9.728094 9.715986 9.855803 10.03904 10.21294 10.39009 10.50937 10.49499 10.3786 10.24732 10.11962 10.01987 9.955565 9.896041 9.828032 9.75021 9.675982 9.608488 9.595477 9.642214 9.74186 9.948048 10.1929 10.37564 10.47469 10.59952 10.70155 10.72006 10.72318 10.64796 10.60216 10.67133 10.73607 10.81311 10.94626 11.07886 11.0871 10.99576 10.86679 10.70163 10.48542 10.20522 9.95394 9.77619
10.87538 10.8787 10.87516 10.85037 10.79004 10.69023 10.59488 10.53022 10.47859 10.43172 10.41314 10.39489 10.36799 10.36152 10.3826 10.3581 10.25965 10.09193 9.89991 9.737275 9.632007 9.653975 9.819834 9.981022 10.16208 10.37639 10.48166 10.42493 10.31441 10.19087 10.09336 10.02288 9.959113 9.887232 9.812876 9.739348 9.661338 9.613204 9.630781 9.691844 9.805733 9.940175 10.06308 10.16861 10.3309 10.46913 10.50019 10.52814 10.49206 10.41997 10.46914 10.54299 10.64118 10.81569 10.98506 11.07716 11.02605 10.93817 10.78268 10.56692 10.24895 9.92949 9.713044
10.89185 10.89676 10.89337 10.88587 10.8747 10.79144 10.71955 10.61804 10.52395 10.47587 10.47561 10.47708 10.42917 10.39159 10.42593 10.4701 10.42886 10.26975 10.06285 9.857649 9.683082 9.593151 9.654095 9.775834 9.928242 10.12224 10.32685 10.39154 10.33506 10.22657 10.15267 10.09109 10.03104 9.963881 9.889889 9.808775 9.736241 9.673874 9.655382 9.703153 9.769485 9.848704 9.908278 9.956095 10.06043 10.17939 10.23234 10.29159 10.29317 10.22985 10.24094 10.31041 10.4714 10.67971 10.85864 10.95879 10.99583 10.96199 10.84951 10.64847 10.34154 9.980679 9.712988
10.89215 10.90679 10.90053 10.88895 10.90541 10.87593 10.82606 10.7109 10.56886 10.53347 10.54791 10.5608 10.50568 10.41402 10.41611 10.5146 10.57675 10.46761 10.27629 10.06339 9.838013 9.679599 9.636784 9.679771 9.777001 9.927344 10.13467 10.25943 10.27296 10.22309 10.17337 10.12114 10.08387 10.03665 9.973135 9.886486 9.812504 9.756166 9.72053 9.739546 9.785393 9.840911 9.868731 9.896585 9.927539 9.975713 10.02597 10.07531 10.11123 10.06441 10.02851 10.10227 10.29599 10.50638 10.65257 10.75087 10.79932 10.82016 10.75943 10.62071 10.36691 10.03649 9.747653
10.87953 10.89929 10.90597 10.89613 10.9089 10.91127 10.88005 10.79682 10.63642 10.59434 10.63874 10.67723 10.62725 10.49684 10.43705 10.48245 10.58949 10.61394 10.49547 10.30715 10.10569 9.926046 9.801358 9.729215 9.735959 9.82169 9.960245 10.09674 10.16687 10.17219 10.15553 10.12909 10.1086 10.07694 10.03121 9.961242 9.883291 9.833459 9.802305 9.795859 9.823077 9.865121 9.886814 9.903176 9.879411 9.877842 9.906884 9.943707 9.968699 9.936464 9.892505 9.916363 10.05854 10.24854 10.3865 10.43447 10.48275 10.49378 10.46027 10.35957 10.18916 9.952464 9.708603
10.85912 10.88149 10.89719 10.90579 10.91535 10.9242 10.90654 10.84915 10.71031 10.66354 10.71866 10.76279 10.7474 10.65325 10.56971 10.55356 10.60755 10.62781 10.6329 10.52456 10.38179 10.22257 10.05272 9.889613 9.804171 9.807496 9.892136 9.994081 10.07195 10.10894 10.11777 10.11444 10.11557 10.10784 10.06211 10.00837 9.942644 9.90277 9.879392 9.878877 9.890902 9.90064 9.912712 9.937608 9.890239 9.856315 9.858975 9.858701 9.875991 9.848532 9.817816 9.812644 9.874849 10.00391 10.11843 10.17252 10.1824 10.17804 10.1372 10.05303 9.919475 9.747446 9.563148
10.8384 10.86472 10.88567 10.90213 10.91997 10.92169 10.90731 10.86195 10.77466 10.72873 10.76765 10.80404 10.80382 10.76151 10.70104 10.66565 10.669 10.69264 10.71018 10.67192 10.60883 10.50778 10.34683 10.1339 9.959141 9.883217 9.88103 9.934622 9.993611 10.04125 10.06799 10.09438 10.12922 10.14583 10.12138 10.05499 9.985911 9.941627 9.943972 9.972661 9.993209 9.998131 9.989911 10.00541 9.987007 9.91408 9.890967 9.869761 9.848418 9.84453 9.815267 9.80624 9.837648 9.91602 9.998338 10.06458 10.10334 10.09573 10.03919 9.925366 9.782247 9.600028 9.430165
10.8224 10.8492 10.87071 10.89248 10.91067 10.91521 10.90032 10.87202 10.82183 10.77448 10.79058 10.8183 10.83053 10.8248 10.79542 10.74522 10.72251 10.74893 10.78552 10.77164 10.7491 10.72214 10.63884 10.44788 10.2312 10.04435 9.950233 9.941078 9.96742 10.01934 10.05529 10.08694 10.14057 10.20447 10.22141 10.15024 10.03061 9.972877 9.983377 10.06227 10.13211 10.14288 10.11409 10.11895 10.08736 10.02624 9.976535 9.956121 9.941857 9.911827 9.89511 9.88835 9.92839 10.00773 10.09389 10.17891 10.24702 10.26929 10.22492 10.08617 9.882159 9.635904 9.375079
10.80921 10.83156 10.85209 10.87578 10.89631 10.90624 10.90054 10.87456 10.84444 10.8151 10.81295 10.82525 10.84219 10.84304 10.84691 10.82282 10.78959 10.78484 10.8199 10.81971 10.82064 10.82977 10.80739 10.72833 10.56894 10.33724 10.13311 10.01984 10.00716 10.0363 10.08201 10.11171 10.18635 10.30056 10.37289 10.33603 10.17339 10.05165 10.05303 10.14149 10.2811 10.32173 10.29109 10.25916 10.22606 10.1722 10.12351 10.10255 10.10042 10.07168 10.03511 10.03786 10.10561 10.20467 10.3188 10.42467 10.51414 10.56984 10.52842 10.41175 10.18925 9.86223 9.464382
10.79834 10.81893 10.84149 10.86572 10.88198 10.89497 10.89329 10.8803 10.8599 10.85244 10.84506 10.83305 10.83547 10.85757 10.86836 10.86153 10.84375 10.835 10.85019 10.85799 10.86331 10.88128 10.88493 10.8746 10.80446 10.65004 10.42913 10.23585 10.13372 10.12558 10.14009 10.16548 10.26839 10.40782 10.52332 10.52719 10.36202 10.19621 10.14652 10.25949 10.4711 10.576 10.55897 10.50893 10.45523 10.38705 10.32226 10.32242 10.34017 10.31668 10.25514 10.23645 10.30795 10.44646 10.57289 10.66854 10.74472 10.78618 10.77688 10.66373 10.45947 10.13022 9.689082
10.78699 10.80721 10.82899 10.85594 10.87194 10.88406 10.88903 10.87829 10.86864 10.87215 10.87227 10.8484 10.83351 10.8608 10.87692 10.88405 10.87749 10.87526 10.87811 10.88036 10.88176 10.89926 10.9279 10.95724 10.94271 10.84814 10.68911 10.50829 10.36708 10.29185 10.2329 10.2183 10.37075 10.5325 10.65724 10.70166 10.55627 10.32953 10.21441 10.34552 10.63116 10.83983 10.90832 10.89292 10.80972 10.71499 10.62279 10.61136 10.64555 10.61757 10.52853 10.463 10.4982 10.6076 10.73711 10.83845 10.90364 10.93316 10.89238 10.79694 10.62682 10.35452 9.942105
10.7753 10.79594 10.82133 10.84616 10.85454 10.86809 10.87331 10.87257 10.87255 10.88207 10.8913 10.88037 10.85732 10.86484 10.88548 10.89998 10.90696 10.91142 10.90653 10.90284 10.9002 10.91163 10.92642 10.97073 10.98734 10.95425 10.86893 10.73797 10.59426 10.47488 10.34571 10.27242 10.41287 10.62158 10.77443 10.83214 10.70246 10.45459 10.2812 10.41041 10.72784 11.0245 11.17855 11.21023 11.17269 11.08173 10.95678 10.91462 10.93433 10.89932 10.79321 10.69489 10.6748 10.73288 10.83413 10.93126 10.99392 11.02735 10.97061 10.86976 10.72157 10.48915 10.15149
10.7641 10.77992 10.79786 10.81414 10.829 10.83933 10.85369 10.8626 10.87107 10.88492 10.8969 10.89723 10.88327 10.886 10.89731 10.9136 10.92941 10.9333 10.92935 10.91605 10.9132 10.91172 10.93012 10.95774 10.97985 10.97192 10.92294 10.85566 10.75994 10.60177 10.45853 10.36668 10.37581 10.6075 10.81222 10.91836 10.79892 10.53089 10.34522 10.464 10.77299 11.0851 11.29661 11.39433 11.40323 11.3525 11.24846 11.17952 11.15945 11.12196 11.00036 10.92426 10.86468 10.87231 10.94012 11.0156 11.07549 11.0983 11.04853 10.92719 10.77647 10.58067 10.31603
10.7528 10.75879 10.77034 10.78845 10.80576 10.81975 10.83036 10.84266 10.85612 10.87766 10.89406 10.90331 10.90078 10.9026 10.91158 10.91991 10.93758 10.95064 10.94674 10.94021 10.93426 10.93063 10.93425 10.95162 10.96851 10.96658 10.93063 10.87922 10.81325 10.68919 10.59193 10.50213 10.37878 10.50185 10.75875 10.94115 10.85836 10.57629 10.34257 10.46201 10.76731 11.08756 11.31049 11.44477 11.50652 11.51421 11.45827 11.38488 11.33048 11.26753 11.17776 11.10776 11.05483 11.02025 11.07555 11.13415 11.18169 11.1988 11.14102 11.01092 10.82683 10.64627 10.42019
10.73957 10.74685 10.75564 10.76175 10.78191 10.79708 10.80749 10.823 10.83781 10.85999 10.88605 10.89912 10.9098 10.91686 10.91967 10.92722 10.9277 10.94903 10.95865 10.95813 10.95009 10.94893 10.95333 10.96346 10.96684 10.95551 10.91906 10.86728 10.80571 10.77426 10.74816 10.66165 10.50605 10.46098 10.64762 10.87803 10.881 10.66416 10.41038 10.40528 10.68963 11.01354 11.2721 11.42414 11.51332 11.56597 11.57875 11.5376 11.48158 11.39711 11.32875 11.2823 11.23775 11.183 11.21323 11.28049 11.31893 11.31783 11.26581 11.13705 10.92081 10.68792 10.4807
10.74018 10.75389 10.74901 10.74469 10.75451 10.77248 10.78807 10.80404 10.82129 10.84296 10.86871 10.88917 10.9006 10.92 10.92558 10.93226 10.9222 10.93051 10.95089 10.96559 10.96873 10.96916 10.97002 10.9771 10.97551 10.94641 10.90218 10.84835 10.77969 10.7876 10.82032 10.78305 10.63327 10.49922 10.55533 10.77223 10.87374 10.76673 10.55328 10.43007 10.58855 10.8679 11.14121 11.32993 11.45679 11.55885 11.61817 11.627 11.5895 11.52995 11.48001 11.44335 11.40304 11.34197 11.35135 11.43273 11.48362 11.47065 11.40575 11.27357 11.02525 10.75082 10.52694
10.73161 10.75015 10.74844 10.74263 10.74994 10.7621 10.77149 10.78994 10.80537 10.83514 10.85224 10.87581 10.89322 10.90819 10.92053 10.93476 10.93466 10.93504 10.94984 10.96729 10.97901 10.983 10.98408 10.99215 10.97813 10.94503 10.89729 10.84777 10.79185 10.7671 10.81052 10.82981 10.75804 10.61018 10.53094 10.70035 10.81748 10.80116 10.67548 10.537 10.56467 10.77762 11.02359 11.21634 11.37936 11.51033 11.61003 11.67383 11.68832 11.66735 11.64793 11.62657 11.58918 11.51539 11.48758 11.58714 11.66094 11.63564 11.54381 11.39419 11.12051 10.81881 10.57268
10.73142 10.73054 10.73586 10.74263 10.74888 10.7597 10.77427 10.7791 10.7934 10.81996 10.8414 10.86292 10.88253 10.90069 10.91566 10.92687 10.93768 10.94483 10.95375 10.96778 10.97857 10.98965 10.99536 11.00289 10.98839 10.9464 10.89163 10.87347 10.85443 10.79465 10.80745 10.84021 10.8021 10.69991 10.57679 10.67653 10.77351 10.81088 10.74366 10.62018 10.59813 10.75865 10.99104 11.18938 11.34051 11.46592 11.58291 11.69788 11.77277 11.79058 11.80298 11.82746 11.82024 11.72015 11.64659 11.73567 11.84527 11.80487 11.66869 11.45727 11.17303 10.87633 10.6248
10.73898 10.72484 10.72319 10.73256 10.74847 10.76095 10.77218 10.78473 10.7923 10.8016 10.82243 10.8507 10.87415 10.89253 10.91053 10.92176 10.9367 10.95078 10.95744 10.96425 10.96913 10.98424 10.9964 10.99495 10.99891 10.96989 10.90104 10.88999 10.89709 10.84105 10.82906 10.83478 10.80627 10.72517 10.64858 10.70932 10.75673 10.79416 10.7928 10.66545 10.62656 10.76447 10.98137 11.16851 11.33877 11.45203 11.57235 11.70437 11.82934 11.893 11.95948 12.03048 12.0826 11.99053 11.84266 11.87436 11.99955 11.97449 11.76109 11.45208 11.15629 10.87641 10.6548
10.73627 10.73498 10.72736 10.73245 10.74926 10.7628 10.7742 10.78133 10.78803 10.79498 10.81278 10.84237 10.8674 10.89016 10.90549 10.92311 10.9362 10.95152 10.95935 10.96192 10.96273 10.96259 10.97589 10.98809 10.99408 10.97181 10.93392 10.89362 10.90129 10.87437 10.85478 10.8449 10.80208 10.72084 10.67075 10.71985 10.76172 10.77732 10.78854 10.69427 10.63405 10.7373 10.89518 11.13032 11.32804 11.45885 11.58818 11.73055 11.88486 12.00193 12.09803 12.22126 12.34531 12.30975 12.12544 12.06254 12.13521 12.11141 11.84109 11.46179 11.13479 10.86252 10.66526
