py_wake/examples/data/AJ_ParqueFicticio/Rough survey   Sector 11   Height 30m   Orographic turn.grd
DSAA
73  159
 258469   265669
 6501692   6517492
-41.70031   86.05137
[rows 54 to 80 of 159, columns 0 to 60 of 73]
-.04916585 -.1789747 .06650246 -.1418591 -.4849414 -.8520436 -.5183034 -.2464868 .05904177 .404416 .6722249 .8658992 .968273 1.033798 1.099883 1.312847 1.901833 1.634502 .8519323 .3217025 .1135083 .8959368 1.71034 1.556391 1.17651 1.077314 1.425424 1.6826 1.55993 .01409425 -1.887879 -3.791283 -1.822752 -1.331151 -2.291868 -3.124005 -5.11623 -7.682056 -5.329547 -4.588002 -4.598197 -10.14527 -13.79016 -17.61086 -18.19318 -17.41458 -15.72428 -12.0185 -11.31836 -11.67962 -12.73694 -12.59145 -11.64995 -6.720388 -2.817725 -4.253592 -4.950508 -4.970577 -3.204829 -1.235444 .5890689
-.2270911 .01934703 -.00850939 -.3479217 -.70836 -.9240066 -.3709584 -.01682647 .1945335 .3931277 .5627181 .7037584 .7052787 .6649702 1.084804 1.388869 1.533015 1.466995 .8862221 .1309766 -.131132 .9350896 1.182094 1.12464 .9661078 .9783664 1.406436 2.397001 3.182135 1.29417 -1.029833 -2.411644 -.06709883 .1916162 -.3733075 -1.482607 -1.685006 -2.592142 -1.457693 .3998626 -2.635903 -1.688442 -6.163455 -10.46542 -13.52271 -16.86729 -18.05649 -16.78216 -14.08464 -12.86135 -13.43353 -14.06086 -12.38776 -6.685627 -.5930991 -3.880241 -8.086761 -8.255767 -4.249341 .3252383 6.305548
-.4257292 .08651186 -.357579 -.615621 -1.014659 -.437834 -.06710204 .2332215 .2355561 .4452724 .578333 .8720301 1.016279 .8589685 1.486301 1.527399 1.591889 1.543494 1.383437 1.067541 2.084957 2.334666 1.406289 1.01145 1.047575 .9627305 1.532758 3.077619 3.808691 2.663845 -.4138625 .3483016 2.267038 3.518267 1.139136 -.6774558 -1.55716 -1.016931 1.911955 3.042513 -2.563286 -.9531127 -1.77243 -2.744158 -6.850206 -12.70868 -16.99341 -16.82973 -15.4584 -12.83766 -13.46911 -12.76271 -11.28826 -5.151854 2.105587 -3.631865 -10.20741 -10.65127 -7.400066 -1.14214 7.146531
-.5191244 .05669765 -.7834606 -.9534332 -1.231655 -.1231267 .322918 .395518 .4355603 .4508541 .6159955 .8357448 1.10556 1.727914 1.984291 1.811908 1.779629 1.672835 1.549235 1.524365 1.838748 1.866413 1.364569 1.331078 1.130615 .9076985 1.382193 3.189502 3.185065 1.382207 -2.529474 .6350974 3.734658 3.568264 1.101288 -.1164019 -3.231934 -1.253853 1.653567 1.921279 -2.238241 -3.484295 -2.826128 -3.42408 -7.032376 -11.62588 -15.15405 -14.73589 -14.96376 -13.79943 -14.12242 -12.41458 -10.57098 -2.971268 4.68673 -1.462724 -7.595529 -9.202628 -6.667952 -2.928164 3.158323
-.8710095 -.7078895 -1.582236 -1.917819 -1.9632 -.3532096 .4376537 .4481901 .4186004 .3944524 .5310787 .783996 .8896553 1.238094 1.456081 1.603104 1.658844 1.652296 1.741578 1.601634 1.450144 1.487829 1.230329 1.641205 1.340185 1.223917 1.503625 .9755321 .4413404 -3.178499 -5.02009 -2.245391 .1755963 1.871497 -.2093464 -2.21113 -4.914789 -4.041287 -1.339301 -.8753291 -3.463781 -4.301341 -3.904649 -4.447765 -8.834539 -12.70814 -14.55751 -15.217 -15.17413 -14.98428 -14.9143 -12.88467 -10.13614 -3.797881 2.226414 -2.663537 -7.278583 -7.245814 -4.842637 -1.235506 4.056093
-.2919143 -1.151286 -2.738689 -3.241857 -2.971302 -1.58174 .325706 .4744482 .2746166 .284272 .3529821 .330181 .7600837 1.133605 1.098289 1.29282 1.460292 1.562709 1.837312 1.482095 1.42878 1.522721 1.560308 1.795126 1.672956 1.691108 1.276596 -.501394 -3.013067 -8.12049 -10.41866 -8.218034 -6.150975 -4.879549 -5.787891 -7.468114 -8.314196 -6.66568 -4.060344 -3.512766 -5.063443 -4.239344 -3.447854 -5.06167 -8.713941 -11.56118 -13.86824 -15.2039 -19.21485 -21.15903 -16.27657 -12.76587 -10.37983 -6.004994 -1.13659 -3.685682 -7.94415 -8.058691 -5.19666 -.4420041 3.7837
.9008701 -.7312396 -2.485933 -2.407173 -2.1184 -1.843756 -.3517485 .3049427 .0588099 .0197955 .03164909 .1244991 .3130607 .868258 .8645291 1.064173 1.48218 1.742627 1.674597 1.204942 .9107403 .9612203 1.233506 1.634168 1.971743 2.540511 1.600599 .8073378 -2.142291 -6.845426 -10.77282 -10.19901 -8.773487 -8.694246 -11.03508 -12.59038 -12.40282 -11.19379 -8.200201 -6.879949 -7.455659 -5.814386 -3.459204 -5.535906 -7.985962 -9.662519 -10.23217 -12.32988 -17.26515 -22.15517 -18.94143 -13.29782 -10.02628 -7.59353 -3.707405 -3.311815 -7.284531 -8.071439 -5.463416 -.7817329 3.618499
.4592955 -1.290704 -1.908854 -1.087499 -.4522215 -.576824 -.402586 -.03410055 -.344359 -.1567437 -.06605005 .05147303 .3949727 .5781279 .639146 .9204952 1.402542 1.881857 1.451276 1.161843 .6817634 1.269882 1.265794 1.587624 2.182955 2.47596 2.153113 1.274858 -.4551198 -3.757698 -6.523519 -8.03514 -8.249902 -8.280231 -11.87359 -13.89678 -13.75749 -12.83594 -11.34209 -9.73378 -9.057565 -7.903544 -7.30744 -6.667904 -9.014288 -8.994936 -8.440454 -9.072009 -13.87542 -19.52799 -21.11873 -16.77789 -9.712679 -7.990768 -5.002062 -5.867896 -7.249237 -7.321392 -5.528188 -1.226667 2.664024
.09623811 -1.285534 -.5413387 -.02839904 .6463784 1.061451 1.094327 .207 -.1139188 -.1407347 -.05584325 .115031 .5411807 .4795506 .5548725 .784445 1.117606 1.779233 1.085901 .8682672 .5159683 .8834461 1.02514 1.651195 2.471521 2.100225 2.391407 .5433187 -.5484337 -2.285774 -3.624348 -3.255391 -3.814196 -6.212548 -9.572269 -13.26811 -14.00096 -13.66448 -12.78847 -10.90835 -9.358187 -8.310982 -7.363546 -8.075973 -8.879842 -9.404241 -9.113529 -8.132494 -9.316772 -12.4948 -16.51603 -18.20281 -12.01632 -7.897896 -5.956209 -5.457144 -7.585671 -6.712265 -5.000558 -.8499069 2.700672
-.3825401 -.8350263 -.01754867 .5859784 1.110321 1.318049 1.01614 .2404244 -.06749919 -.05224123 .1720159 .4858484 .4362076 .4150545 .4294398 .5705055 .8987755 1.350572 .8106738 .3685326 .3743075 .4042799 .4382664 1.024239 1.507507 .9503397 1.159886 .1017767 -1.395148 -2.704229 -4.165873 -2.632636 -2.808913 -4.768455 -8.429804 -12.66092 -13.50975 -13.51444 -12.83172 -12.04228 -11.1284 -10.11179 -8.05453 -7.957006 -10.16178 -9.461571 -9.388027 -9.306891 -9.110593 -8.519842 -11.13584 -15.45277 -19.21917 -11.65333 -6.731987 -6.050084 -10.25731 -7.436979 -5.113519 -1.490823 2.081662
-.699355 -.5762221 .3195524 .7690324 1.001168 1.106182 .554345 -.1289441 -.4153881 -.04391516 .08020087 .2049888 .3488871 .2939818 .4119225 .5584233 1.175809 .8899565 .356004 .2034083 .3829288 -.1767201 -.299372 -.04441255 -.131791 -.4174171 -.2718115 -1.566975 -3.667779 -4.251351 -4.119702 -2.930857 -2.721611 -4.115298 -7.661172 -9.458112 -11.95729 -12.19945 -11.93163 -12.1139 -12.31811 -10.98901 -12.02284 -13.1846 -11.74688 -11.06629 -9.27874 -9.666269 -9.603766 -7.440045 -8.871897 -13.21775 -20.62892 -18.59751 -8.66497 -5.832621 -9.230431 -10.4216 -9.124275 -5.60763 -3.156214
-.7086807 -.5535067 .4537655 .8372904 .9611662 .8405551 .4441638 -.3793156 -.7735631 .05269577 .140744 .1403423 .2140906 .2435741 .4524226 .5944752 1.041372 .5328764 .4013735 .5601894 .2950682 -.7266201 -1.079184 -.2415867 -.8301677 -1.408608 -2.621864 -5.074971 -6.977067 -7.209679 -7.016146 -3.870204 -3.42347 -5.485619 -8.138642 -9.226068 -10.53495 -11.61266 -11.50205 -12.09958 -11.722 -10.32779 -12.26118 -14.32551 -14.26964 -10.54604 -9.083641 -9.659214 -9.475803 -6.42669 -5.869433 -9.197017 -14.32718 -18.64351 -13.17354 -5.763376 -4.49507 -6.717805 -7.760244 -8.561239 -9.160181
-.3781009 -.4179045 .5317308 .9354854 .8542314 .7110638 .4084977 .2273721 .7531645 .8659223 .4033851 .3890879 .4285301 .4781471 .6551116 .9450237 .8607484 .4595043 .6194171 1.131266 .4736293 -.7608582 -.1456272 -.1872161 -1.196148 -1.924159 -4.149048 -6.519846 -8.678501 -10.02771 -9.36779 -7.6033 -5.551718 -7.326506 -8.324767 -8.971722 -10.10995 -11.13088 -12.07892 -12.41941 -11.67655 -10.64713 -13.25042 -15.94701 -17.0264 -13.42785 -8.863317 -10.01772 -10.95413 -7.47624 -5.311342 -7.193757 -7.328755 -9.725822 -11.01775 -3.981348 -1.29378 -2.654741 -2.544349 -3.823023 -8.073813
-.3292734 -.07965604 .6479754 .9272838 .9735536 .5065506 .08701166 .3203388 .6134731 .7951755 .5953113 .5081353 .5804241 .6615277 .838193 .5323512 .349847 .3429007 .6862252 .7079619 .254597 -.42043 .1611585 -.1746609 -.9451736 -2.030797 -5.274168 -7.01928 -8.741385 -10.30827 -10.15865 -9.122559 -7.875302 -8.901375 -8.700802 -8.697868 -8.992654 -9.453135 -10.61877 -11.58116 -12.68411 -14.98618 -16.49408 -18.5487 -19.4888 -13.29974 -9.520732 -10.12087 -8.54458 -4.406725 -6.785554 -6.990003 -4.622051 -2.752554 -3.012359 -.1706258 -.8043735 .4489712 .357938 -.5385094 -.766627
-.4497121 .2163119 1.069871 1.059243 .8001607 .1144563 -.1032729 .1500464 .2837844 .4216401 .4596704 .5130833 .7420865 1.047634 .867415 .1749837 -.1047107 .02155305 .586727 .3968315 .04196898 -.03119585 .39983 .0677976 -.2726364 -2.672514 -4.272294 -6.417361 -8.736012 -10.97205 -11.46643 -10.69951 -9.269804 -9.689327 -10.05558 -9.15819 -8.782324 -8.037534 -7.664148 -9.632655 -9.572666 -12.67688 -17.04025 -19.16223 -19.47546 -17.08615 -16.97647 -13.4899 -11.61167 -7.427673 -7.876865 -8.4268 -6.270621 -1.638167 1.930703 5.620622 4.128777 .1313396 -1.85165 -2.13971 -1.121008
-.7696999 -.09692719 1.328256 1.343274 .5887981 -.3304489 -.04032481 .02027301 .0142516 -.01780822 -.01908694 .2333731 .7702097 1.262165 .2712556 -.5302787 -.7408401 .08878628 .5031143 .5361099 .425898 .8605219 .46291 .1387941 -1.100768 -3.044463 -3.685578 -5.448906 -7.612301 -10.81472 -12.67182 -12.84844 -11.64306 -10.91091 -11.40809 -9.924904 -8.857831 -7.827493 -6.188195 -7.056579 -7.625813 -8.020149 -10.53356 -13.72691 -14.14043 -15.52946 -18.01348 -18.25381 -15.8445 -14.54851 -14.75843 -11.4275 -7.642159 -4.150391 -.4168617 5.518989 4.11089 -1.510581 -4.000045 -4.430654 -3.460227
-1.450118 -.8981615 1.031486 1.079678 .05200887 -.5677406 .1139914 .1177522 -.1609901 -.3091534 -.4632938 -.3567781 .4232705 .8170665 .2232002 -.5941924 .4647784 .699304 .6343032 .6472341 .9587727 2.263042 .5603768 .1278108 -1.892525 -2.512387 -3.590826 -4.401393 -6.711657 -10.04767 -11.07758 -12.92462 -13.47007 -13.18913 -12.64476 -10.78132 -9.198116 -7.38974 -5.58207 -4.900165 -6.167005 -7.619395 -8.319098 -7.910181 -9.64385 -11.55269 -14.28439 -15.32136 -14.8421 -17.21888 -21.84443 -18.32172 -14.26876 -12.7666 -5.51399 2.513785 5.552234 -.3101639 -3.613286 -3.672107 -3.019213
-1.749711 -1.377894 -.4904442 .2320057 -.7572201 -.6847187 .3936451 .2608233 -.1672977 -.5626671 -.5900364 .272946 .9929414 .6210417 .3261168 -.4459682 .5551453 .5577447 .4066234 .7044309 1.317683 1.790382 .3082273 -.2393511 -1.990135 -2.019011 -3.241151 -3.903306 -6.145624 -8.078166 -9.622137 -10.78508 -11.35618 -13.55656 -12.61592 -11.10304 -9.425829 -7.229447 -6.358403 -6.376777 -7.169757 -7.14994 -7.26826 -6.062361 -6.481592 -7.165375 -8.361283 -10.30021 -10.94274 -13.02309 -16.07475 -17.63959 -17.26009 -17.77592 -15.42738 -4.219075 2.044683 .1174412 -2.035698 -1.6711 -1.854509
-1.088554 .1569968 .9404718 -.2605662 -1.124699 -.8943273 .73673 .4468894 -.1911281 -.583107 .2397787 .5031101 .3071277 .01771034 -.3925405 -.6155514 .2185019 .1137928 .0427163 .2697816 1.066319 .815681 -.3840818 -1.420512 -1.941841 -2.184144 -2.630787 -3.434781 -5.211634 -8.578278 -10.26218 -10.72895 -11.97788 -12.83976 -12.51381 -11.98139 -9.502666 -7.874212 -7.099374 -7.353303 -7.35093 -6.622646 -5.040208 -6.030116 -6.219626 -5.649126 -5.678327 -5.621511 -6.740757 -6.69916 -5.643823 -4.439248 -6.02602 -10.12705 -15.25561 -7.526611 -2.834398 -1.456268 -1.41577 -1.104182 -.5028229
.4009648 .8655908 .5392149 -.4970401 -1.205862 -1.023028 .9502271 .1773838 -1.060483 -.6596425 -.2165493 -.03466627 -.4764205 -.9597238 -1.359087 -1.076671 -.1301263 -.3725851 -.45132 -.3516884 .2350183 -.4406413 -1.884264 -3.001513 -3.327358 -3.199638 -2.601285 -2.722464 -4.969853 -8.002189 -9.701174 -9.58433 -11.27028 -11.3312 -11.31754 -11.44507 -10.64408 -9.615282 -8.474746 -7.420476 -6.92891 -5.512603 -3.336311 -4.824422 -4.805134 -5.933651 -4.593966 -4.69151 -5.534859 -4.097105 -3.394567 -1.704779 -2.49132 -4.150087 -4.547704 -1.876614 -2.923115 -5.917814 -3.054348 -2.321076 -1.527998
.5073528 .6486118 .3274591 -.4015263 -1.5079 -1.247345 1.326775 -.504626 -2.03247 -.9559409 -.7030764 -.5304641 -.7300582 -1.596728 -2.029221 -1.517048 -.6068342 -.9309786 -.9377939 -.9132445 -.4159855 -1.828023 -2.892424 -4.168135 -4.595775 -4.383418 -3.429477 -3.279496 -5.357296 -9.024789 -9.031724 -8.691304 -8.457012 -9.748211 -10.40359 -10.30272 -10.90872 -10.78617 -10.51161 -10.01981 -8.567947 -4.487868 -3.29987 -4.245546 -2.963925 -4.994288 -4.405623 -5.450711 -6.966452 -7.598276 -7.35085 -5.116574 -3.54439 -4.062265 -3.101172 2.100656 -.8691489 -8.382539 -8.893475 -6.039699 -4.28475
.1337621 .2546259 .3012918 .09405176 -.2374937 .5248833 .8009738 -1.018422 -2.226067 -1.232329 -.8933553 -.8104932 -.8454103 -1.341777 -.7837541 -.6758791 -.890121 -1.233412 -.9859391 -.8078529 -.8514112 -2.606882 -3.903666 -5.392284 -5.512373 -5.681985 -5.115919 -6.472713 -8.163907 -11.3148 -11.39135 -11.39574 -10.92647 -9.250069 -9.679697 -9.380274 -9.448355 -10.62209 -10.583 -10.69148 -11.00002 -8.601279 -7.432665 -6.420628 -6.41805 -5.556262 -8.552392 -6.39304 -10.81626 -11.59326 -10.52549 -12.13383 -14.12463 -12.99278 -6.790131 -3.593849 -5.086512 -12.31351 -13.64527 -11.72523 -10.08624
-.2337855 -.07233142 .01540938 .1325668 .5619318 .9457143 .4206862 -.8583311 -1.771023 -1.515067 -1.214598 -1.08375 -1.167214 -1.11832 -.2459164 .1536078 -.6783813 -1.079275 -.7532623 -.4608426 -1.561163 -3.068238 -4.32117 -6.005904 -6.250139 -6.536766 -6.541383 -9.226653 -11.73738 -14.3038 -14.16517 -13.55989 -12.45234 -10.60893 -9.901579 -9.331703 -9.171142 -10.81438 -10.01273 -9.544474 -9.993138 -8.941292 -8.474693 -9.039307 -8.843663 -10.15349 -11.91569 -13.09621 -13.85164 -12.16638 -10.84458 -11.09521 -12.39805 -14.20309 -11.45814 -10.1694 -13.86527 -16.66005 -21.76427 -23.53273 -16.99208
-.5692707 -.419329 -.3137091 -.1194622 .2862835 -.3054061 -.7213717 -1.435058 -1.671924 -1.822605 -1.600486 -1.417382 -1.461468 -1.396717 -.9176563 -1.075727 -1.235874 -1.321036 -.7105436 -1.242482 -1.852453 -2.080883 -4.032728 -5.308171 -5.640548 -6.128943 -7.082317 -9.551441 -13.48059 -17.0643 -16.71459 -14.91202 -13.24507 -11.60692 -10.27287 -10.73355 -12.297 -11.66449 -10.04884 -12.24839 -11.01751 -7.178781 -7.001089 -7.669313 -5.857463 -5.890216 -6.615633 -7.17731 -9.721669 -11.5728 -9.061814 -8.744633 -8.433728 -8.542457 -7.898977 -9.832533 -10.98605 -14.88902 -13.9318 -17.49749 -18.116
-.8046646 -.7115718 -.5950637 -.5376393 -.17371 -.9284462 -1.478531 -2.091266 -2.080091 -2.172327 -1.925328 -1.606994 -1.42155 -1.432876 -1.515215 -1.803402 -2.042527 -2.009508 -1.351669 -2.254478 -2.647814 -2.844586 -4.724717 -4.557639 -4.672505 -4.733925 -6.346665 -9.014433 -13.72258 -16.90925 -17.47533 -15.30934 -13.22761 -11.27349 -9.588023 -8.651365 -9.35447 -10.03 -7.280103 -9.987508 -8.765093 -7.023128 -7.617076 -8.155472 -7.169274 -5.950381 -3.309914 -1.409938 -2.6226 -2.316265 -6.819926 -6.756931 -5.782777 -4.46515 -3.453756 -3.56879 -2.533941 -1.502082 -1.863082 -2.46928 -1.299316
-.8911288 -1.029158 -.8645424 -.4232401 -.3346967 -1.380435 -1.975164 -2.483977 -2.378817 -2.439291 -2.337065 -2.031944 -1.640637 -1.704068 -1.921796 -2.025976 -2.064095 -1.545028 -1.610279 -3.164321 -3.386602 -4.498176 -5.455703 -4.854146 -4.258115 -3.977496 -4.762566 -7.758974 -12.88838 -17.21672 -17.07256 -14.80863 -13.08677 -10.8579 -10.14747 -9.524598 -9.0974 -7.813444 -5.429661 -5.677163 -5.147678 -6.771266 -8.121175 -8.620109 -7.712132 -6.651538 -4.938444 -3.127672 .3053615 1.659711 .730401 -1.039396 -1.968961 -2.53138 -2.273818 -2.228776 .8613866 1.900507 2.989384 5.266284 7.539139
-.8474117 -1.052773 -1.100214 -.04012015 -.9310026 -1.608742 -2.618147 -2.369709 -2.718282 -2.912513 -3.007427 -2.642429 -2.145125 -2.408825 -2.31375 -2.051325 -1.005692 -.651656 -1.763494 -3.054856 -3.086843 -5.13633 -5.620149 -5.540633 -4.524823 -4.81569 -5.378984 -8.180447 -12.2275 -15.06743 -15.32177 -13.92002 -11.79996 -10.95141 -11.14258 -11.40785 -11.12849 -7.460675 -5.750733 -5.033666 -4.115452 -4.238216 -6.232654 -6.341017 -5.967501 -4.729529 -3.569879 -1.781685 .4580785 2.499471 3.252134 2.79212 1.04562 .04001917 -1.459684 -1.727509 -.5577999 .0835983 3.540476 6.714938 8.169856
