py_wake/examples/data/AJ_ParqueFicticio/Rough survey   Sector 7   Height 200m   Orographic turn.grd
DSAA
73  159
 258469   265669
 6501692   6517492
-10.85354   12.08443
[rows 27 to 53 of 159, columns 0 to 61 of 73]
-1.302804 -1.301625 -1.272488 -1.274433 -1.309997 -1.331921 -1.357224 -1.395026 -1.424232 -1.410925 -1.412724 -1.468699 -1.519018 -1.543085 -1.566834 -1.632427 -1.684652 -1.740544 -1.771112 -1.799232 -1.849567 -1.841307 -1.91216 -2.025909 -2.192903 -2.345555 -2.46288 -2.4489 -2.41424 -2.421488 -2.386055 -2.37414 -2.529071 -2.68171 -2.872661 -2.868641 -2.836361 -2.854306 -2.947394 -3.079217 -3.142947 -3.405746 -3.686807 -4.321068 -4.981647 -5.535972 -6.186283 -6.582102 -6.757225 -6.530064 -5.920659 -5.016186 -3.783119 -2.217797 -.3676428 1.428714 2.829056 3.648696 3.785335 3.314274 2.295085 1.22451
-1.294991 -1.271121 -1.26261 -1.258206 -1.270751 -1.284064 -1.309178 -1.33479 -1.328283 -1.330417 -1.352113 -1.387703 -1.442808 -1.522386 -1.575804 -1.625621 -1.695403 -1.738144 -1.783884 -1.800224 -1.791075 -1.798872 -1.901352 -2.043023 -2.219619 -2.397284 -2.520779 -2.513217 -2.501466 -2.484925 -2.489125 -2.524358 -2.654253 -2.802331 -2.937341 -2.780715 -2.746183 -2.934 -3.085814 -3.336063 -3.424963 -3.527524 -3.82996 -4.271538 -4.902812 -5.544008 -6.053802 -6.432544 -6.403103 -6.0837 -5.385354 -4.442869 -3.279818 -1.876452 -.1672546 1.725308 3.142447 3.607788 3.299937 2.47803 1.390357 .3970231
-1.270759 -1.272465 -1.226906 -1.228588 -1.214653 -1.222198 -1.254166 -1.294257 -1.287609 -1.284218 -1.284521 -1.33428 -1.385612 -1.498867 -1.588046 -1.654896 -1.695888 -1.73039 -1.753291 -1.774884 -1.769266 -1.803771 -1.925789 -2.066094 -2.233981 -2.395532 -2.499181 -2.551912 -2.557085 -2.562022 -2.574827 -2.61357 -2.726011 -2.764382 -2.771241 -2.742022 -2.856863 -3.07493 -3.222291 -3.405965 -3.478545 -3.548792 -3.865701 -4.20227 -4.671804 -5.227908 -5.620287 -5.777602 -5.676311 -5.337502 -4.725519 -3.859354 -2.809722 -1.623677 -.07254642 1.730636 3.026587 3.271915 2.672174 1.606002 .5241858 -.2926469
-1.234522 -1.229045 -1.205651 -1.196661 -1.170672 -1.196452 -1.212782 -1.255611 -1.27103 -1.230715 -1.246901 -1.275783 -1.338789 -1.496633 -1.579473 -1.645028 -1.682127 -1.706876 -1.715002 -1.724594 -1.77119 -1.859847 -1.977043 -2.110968 -2.238834 -2.373804 -2.488527 -2.540555 -2.588177 -2.600261 -2.615097 -2.662051 -2.753182 -2.795168 -2.886361 -2.916102 -2.981542 -3.108625 -3.366397 -3.522067 -3.574992 -3.677333 -3.757292 -3.99438 -4.3431 -4.659868 -4.868735 -4.875031 -4.718885 -4.428637 -4.057997 -3.432052 -2.534199 -1.480299 -.1391062 1.366891 2.424266 2.578838 1.899633 .8721963 -.1543129 -.6628858
-1.192656 -1.191254 -1.187696 -1.180332 -1.1453 -1.174515 -1.182673 -1.228373 -1.206198 -1.206369 -1.204222 -1.236552 -1.289384 -1.445475 -1.575638 -1.629858 -1.656532 -1.659529 -1.656367 -1.708005 -1.788004 -1.886531 -2.011801 -2.126808 -2.245826 -2.384999 -2.458598 -2.507313 -2.560318 -2.585217 -2.640345 -2.793882 -2.968878 -3.013436 -3.043536 -2.991648 -3.104127 -3.252894 -3.489729 -3.638024 -3.686655 -3.694655 -3.650088 -3.711556 -3.903336 -4.051963 -4.040178 -3.885333 -3.717538 -3.596266 -3.416199 -2.977192 -2.340713 -1.529483 -.4561181 .6294808 1.438676 1.548123 1.007042 .1860481 -.4537899 -.5155131
-1.131812 -1.140509 -1.140434 -1.143702 -1.139992 -1.1575 -1.176029 -1.169739 -1.166659 -1.180272 -1.179614 -1.209397 -1.236743 -1.360625 -1.472386 -1.542025 -1.580625 -1.608869 -1.618232 -1.699966 -1.805847 -1.914659 -2.037522 -2.140881 -2.262082 -2.349867 -2.436881 -2.482662 -2.513777 -2.544869 -2.651278 -2.798457 -2.985142 -3.055511 -3.024698 -3.012833 -3.142868 -3.357961 -3.605833 -3.742533 -3.799861 -3.715358 -3.550878 -3.433136 -3.420576 -3.452225 -3.364581 -3.201016 -3.018625 -2.860611 -2.681539 -2.423835 -2.045248 -1.524024 -.8503911 -.1566426 .3411131 .4331363 .1030944 -.2724677 -.3515847 .05629334
-1.082333 -1.094347 -1.104324 -1.101595 -1.1236 -1.112524 -1.144233 -1.14841 -1.148578 -1.136173 -1.148067 -1.171161 -1.221455 -1.298128 -1.365956 -1.423439 -1.477914 -1.524706 -1.57565 -1.703549 -1.828689 -1.950683 -2.05323 -2.1572 -2.258124 -2.336314 -2.36841 -2.388774 -2.457389 -2.54361 -2.658377 -2.789317 -2.929186 -3.026218 -3.033374 -3.08568 -3.237477 -3.472527 -3.719011 -3.846128 -3.979433 -3.84604 -3.543473 -3.094209 -2.819732 -2.742151 -2.762928 -2.751437 -2.645909 -2.473775 -2.214129 -1.898378 -1.55145 -1.246347 -.9855671 -.7171374 -.5180588 -.4679199 -.4703138 -.3886462 -.05511443 .8274519
-1.101587 -1.096845 -1.099877 -1.079538 -1.094428 -1.084953 -1.113926 -1.129194 -1.119957 -1.118855 -1.097144 -1.114371 -1.155483 -1.209746 -1.241187 -1.318742 -1.379536 -1.431077 -1.553199 -1.702811 -1.857504 -1.96319 -2.081082 -2.165659 -2.24275 -2.282238 -2.273326 -2.335835 -2.420324 -2.539022 -2.668318 -2.775752 -2.897742 -2.950882 -3.041404 -3.134677 -3.337511 -3.545784 -3.795716 -4.064721 -4.252361 -4.054296 -3.575679 -2.810712 -2.181048 -1.897928 -2.008797 -2.134442 -2.139762 -2.022345 -1.798814 -1.529608 -1.161547 -.9249664 -.8795509 -.9597451 -1.065675 -.8942 -.7430996 -.4546688 .2222692 1.42689
-1.106982 -1.090111 -1.08063 -1.096798 -1.089051 -1.090428 -1.094217 -1.08281 -1.081104 -1.068304 -1.036233 -1.054309 -1.081941 -1.150764 -1.17538 -1.21328 -1.255751 -1.371723 -1.518903 -1.718082 -1.892556 -1.995883 -2.072499 -2.137447 -2.192872 -2.190664 -2.209811 -2.294115 -2.386372 -2.509418 -2.628965 -2.744898 -2.860783 -2.926222 -2.993753 -3.088964 -3.264362 -3.519696 -3.875953 -4.30134 -4.438052 -4.282137 -3.617546 -2.630978 -1.540142 -.9390694 -.8885481 -1.065746 -1.186484 -1.189017 -1.14776 -1.068766 -.9727094 -.8867766 -.8965862 -1.024404 -1.1425 -.9936012 -.7952332 -.4358997 .4491838 1.857959
-1.125606 -1.118072 -1.090687 -1.059808 -1.058521 -1.062366 -1.041 -1.048445 -1.046957 -1.036507 -1.007286 -.9807348 -1.005731 -1.083481 -1.107343 -1.127746 -1.180951 -1.281859 -1.519516 -1.69449 -1.909272 -1.97354 -2.031742 -2.072471 -2.092854 -2.10724 -2.182009 -2.25308 -2.349264 -2.456957 -2.594029 -2.704112 -2.761027 -2.78368 -2.811956 -2.930305 -3.113388 -3.425041 -3.863115 -4.214905 -4.355319 -4.248203 -3.64188 -2.545142 -1.187866 -.05269736 .3609713 .2545304 .004747374 -.1944594 -.4025699 -.6257934 -.8838767 -1.034785 -1.054006 -1.106051 -1.055773 -.8358665 -.5550648 -.07396932 .8572353 2.192699
-1.110177 -1.093043 -1.070443 -1.033399 -.9966705 -1.02213 -1.073906 -1.063275 -1.0478 -.9970602 -.9983289 -.9818828 -.9671977 -1.040771 -1.053115 -1.092241 -1.171909 -1.257057 -1.456409 -1.642555 -1.810594 -1.883233 -1.924663 -1.957222 -2.011495 -2.044693 -2.11997 -2.1916 -2.302442 -2.385222 -2.503862 -2.577219 -2.61927 -2.606404 -2.609198 -2.680833 -2.87441 -3.242778 -3.55834 -3.89704 -4.063027 -3.958179 -3.506836 -2.624998 -1.24248 .2161445 1.131545 1.422096 1.220026 .7905095 .3521083 -.05122194 -.5362874 -.9348103 -1.065623 -1.043366 -.8975663 -.4787717 .09120333 .7660481 1.738431 2.67363
-1.0523 -1.051679 -1.022679 -1.0186 -1.004206 -.992712 -1.045867 -1.02376 -1.012074 -.9971282 -1.006274 -.9776233 -.9707692 -.9550216 -.9942427 -1.056978 -1.163917 -1.272168 -1.425436 -1.5482 -1.635323 -1.70387 -1.762241 -1.80877 -1.891437 -1.941373 -2.040564 -2.115809 -2.199533 -2.296204 -2.384462 -2.408752 -2.430365 -2.389508 -2.402966 -2.463387 -2.646878 -2.87927 -3.129786 -3.389412 -3.445977 -3.384638 -3.133594 -2.542251 -1.588789 -.220906 1.016991 1.762073 1.883786 1.538201 1.047983 .6184961 .174072 -.2651386 -.5690714 -.6150426 -.4547556 .1938342 1.053501 2.062656 2.904791 3.235299
-1.008671 -1.019878 -1.008546 -.9903812 -1.013846 -1.00167 -.9690291 -.9832789 -.9856236 -.9536929 -.9376215 -.942088 -.9179457 -.9244459 -.9811751 -1.064218 -1.144334 -1.24207 -1.374748 -1.438522 -1.470801 -1.512154 -1.560904 -1.633622 -1.740949 -1.857533 -1.92738 -2.003635 -2.098408 -2.146268 -2.170388 -2.1892 -2.176923 -2.159222 -2.117035 -2.16089 -2.214348 -2.405313 -2.633636 -2.706222 -2.617684 -2.508257 -2.389909 -2.165126 -1.676183 -.7628219 .3540463 1.227151 1.698896 1.765564 1.521196 1.229672 .9118128 .6321517 .3203381 .1551716 .2303612 .9765182 2.174314 3.289621 3.954883 3.820176
-1.02206 -1.013229 -.9824382 -.9579178 -.9610902 -.9671754 -.9508853 -.9545923 -.927752 -.9033604 -.8801196 -.8424352 -.895813 -.9721513 -1.00076 -1.025303 -1.085392 -1.177972 -1.270106 -1.362479 -1.375612 -1.415758 -1.422153 -1.48147 -1.650692 -1.739906 -1.813028 -1.872658 -1.90099 -1.909974 -1.919882 -1.941338 -1.941417 -1.878374 -1.814979 -1.724578 -1.746404 -1.794759 -1.850564 -1.703013 -1.565265 -1.442239 -1.403017 -1.465748 -1.35183 -.9079584 -.1259352 .5855367 1.115949 1.531268 1.711032 1.692312 1.566926 1.337372 1.059349 .8004465 .9261758 1.688311 2.993088 4.14774 4.654792 4.295137
-1.052091 -1.032037 -1.02784 -.9686932 -.9180973 -.9580618 -.9937026 -.9765191 -.9363609 -.8578274 -.7903628 -.8018113 -.9087622 -.9856153 -1.002513 -1.015861 -1.04083 -1.069188 -1.175473 -1.269099 -1.321966 -1.337761 -1.395322 -1.384946 -1.439714 -1.57429 -1.616167 -1.639747 -1.625986 -1.666983 -1.648954 -1.653784 -1.624507 -1.548764 -1.462547 -1.331013 -1.170396 -1.075552 -.8326379 -.5788912 -.441967 -.3774557 -.4703362 -.638941 -.7597717 -.6357482 -.2621978 .2156999 .6925291 1.248321 1.696049 1.930431 1.873068 1.626554 1.372926 1.189906 1.349116 2.116354 3.244309 4.211425 4.723208 4.467344
-1.124572 -1.097721 -1.065442 -1.027737 -.9375772 -.8993239 -.9693188 -.9864354 -.927456 -.8689187 -.8202772 -.8027884 -.8640122 -.938416 -.9608517 -.9625634 -.9566023 -.9892087 -1.071413 -1.211494 -1.279669 -1.313749 -1.317746 -1.346516 -1.296158 -1.326052 -1.352454 -1.379756 -1.396098 -1.406743 -1.408687 -1.407365 -1.334311 -1.231635 -1.102209 -.9325877 -.712418 -.3340037 .1337575 .4409201 .5168942 .5123801 .370471 .1822129 -.05294383 -.1901283 -.1572883 .1005847 .4833899 .9894918 1.512802 1.794953 1.832834 1.69457 1.53298 1.543871 1.772768 2.305398 2.9205 3.550875 3.97964 4.044384
-1.188887 -1.163991 -1.148954 -1.140203 -.9777484 -.8705403 -.9456876 -.9932073 -.9231351 -.8673607 -.8525549 -.8271773 -.8180303 -.831049 -.8618323 -.8935456 -.9190974 -.9289542 -.9809117 -1.133457 -1.205971 -1.185436 -1.147847 -1.19546 -1.198821 -1.187224 -1.185942 -1.176179 -1.12607 -1.127563 -1.152939 -1.098651 -.9697729 -.8823358 -.7548809 -.5498134 -.2755287 .1794264 .7287739 1.165247 1.302506 1.245759 1.14078 .8676627 .4753424 .1105386 -.04086169 .2109889 .6625639 1.116019 1.54313 1.815422 1.872015 1.894044 2.006942 2.249394 2.434412 2.47569 2.448074 2.539327 2.667129 2.887506
-1.263354 -1.254956 -1.242677 -1.237096 -1.206781 -1.089651 -.9961388 -.9609899 -.8977388 -.8526468 -.8257123 -.8153603 -.7739058 -.7939454 -.8520794 -.8988876 -.9091809 -.9487612 -1.003476 -1.033189 -1.092482 -1.041794 -1.004917 -1.003463 -1.127143 -1.095803 -1.029455 -.9270742 -.8902363 -.8416227 -.8528721 -.7710832 -.6311175 -.5523465 -.4000413 -.2068502 .09230156 .4904692 1.068042 1.513643 1.753666 1.757259 1.616999 1.25289 .708924 .2124254 .09822372 .4086879 .9539316 1.400959 1.763724 2.006178 2.164392 2.453276 2.810879 3.134648 3.088926 2.646831 1.97784 1.42394 1.197409 1.338934
-1.302541 -1.28341 -1.303529 -1.314911 -1.345939 -1.246762 -1.08998 -.9579778 -.8619401 -.7973288 -.7344567 -.7402595 -.7809841 -.8448719 -.8925399 -.9309567 -.9302456 -.9755319 -.9938162 -.9751467 -.9525928 -.946595 -.8960315 -.9337199 -.9708324 -.9891775 -.87722 -.7398544 -.6216782 -.6231958 -.5488777 -.3622898 -.3083421 -.200471 -.08148398 .09653107 .4093997 .7687918 1.191187 1.571228 1.89055 1.955864 1.751199 1.325069 .8079376 .4877936 .5037524 .7877924 1.222386 1.563928 1.858378 2.256608 2.796052 3.364043 3.77328 3.785058 3.265973 2.448395 1.377181 .5337731 .01383605 -.07847562
-1.327325 -1.301283 -1.351833 -1.387817 -1.374259 -1.299817 -1.119737 -.9704701 -.8644056 -.7411892 -.6548377 -.6968415 -.7949108 -.8768432 -.9362153 -.9285966 -.9395649 -.9687235 -.9936359 -.9386653 -.9266561 -.8993672 -.8763724 -.9068428 -.8680274 -.8452979 -.7687687 -.6118608 -.4667825 -.4094532 -.2934099 -.07340296 .06432957 .2062649 .3434074 .477678 .7459556 1.101331 1.369843 1.659368 1.923497 2.001158 1.871393 1.574246 1.339314 1.227163 1.187577 1.277277 1.419569 1.686565 2.052558 2.682709 3.522764 4.259361 4.390166 3.827869 2.755995 1.556247 .5446405 -.2395102 -.7064226 -.8726236
-1.356799 -1.331465 -1.334169 -1.440021 -1.418479 -1.284154 -1.14053 -1.000907 -.8928168 -.725414 -.5810047 -.6493899 -.7969349 -.9348069 -.9957168 -.946584 -.9316401 -.9210607 -.9222549 -.9343739 -.924973 -.862962 -.8431301 -.8190719 -.8413953 -.8357795 -.7587388 -.5947108 -.4490411 -.3077106 -.09794134 .1282573 .394839 .5807281 .7911792 1.022581 1.263082 1.573233 1.847898 2.05235 2.216084 2.296079 2.289141 2.170626 1.963509 1.741404 1.567121 1.474724 1.540572 1.898777 2.544266 3.424041 4.307728 4.786051 4.577586 3.554513 1.954102 .3917537 -.7236521 -1.343324 -1.476744 -1.47126
-1.385053 -1.384079 -1.378534 -1.430926 -1.413982 -1.287434 -1.144878 -1.02664 -.9320862 -.8611688 -.6744289 -.6513456 -.8184246 -.976458 -1.021757 -.9916388 -.9499443 -.8859896 -.8807248 -.9961684 -.965597 -.8875743 -.8219241 -.8289256 -.9353402 -.9252692 -.7943808 -.6409664 -.4599897 -.2462291 .05312037 .3207464 .5843249 .9001299 1.150777 1.442154 1.776059 2.111896 2.445097 2.6385 2.786628 2.851537 2.850147 2.670651 2.392743 2.046838 1.727732 1.698033 1.960297 2.573002 3.514704 4.458745 4.999865 4.975188 4.337483 3.121428 1.344254 -.4342424 -1.87476 -2.698357 -2.781186 -2.44232
-1.441766 -1.428055 -1.441796 -1.419558 -1.358747 -1.262536 -1.137215 -1.070379 -1.001462 -1.001668 -.9802914 -.8654223 -.8954666 -1.03606 -1.050684 -.9921883 -.9671757 -.9474914 -.9278662 -.9963843 -.9927284 -.9589837 -.9273459 -.9792392 -1.047615 -1.000163 -.8454719 -.6607693 -.4637544 -.2030457 .1881537 .5563907 .7783082 1.102207 1.44368 1.801313 2.162902 2.561774 2.944052 3.250945 3.448759 3.491363 3.424373 3.210732 2.84603 2.393648 2.190598 2.348068 2.856746 3.611662 4.452139 5.152592 5.30237 4.757855 3.776953 2.475802 .9755444 -.703124 -2.312745 -3.524774 -4.103422 -3.931524
-1.480629 -1.472306 -1.472689 -1.376384 -1.269178 -1.209304 -1.113453 -1.069005 -1.09037 -1.12426 -1.145733 -1.158412 -1.123216 -1.047569 -.9837211 -.9619171 -.9870998 -1.053885 -1.046475 -1.026306 -1.028445 -1.010084 -1.01827 -1.066474 -1.03384 -.8895736 -.8194967 -.669824 -.5068115 -.161894 .2234037 .6467476 .9554247 1.238747 1.657172 2.089696 2.468833 2.888015 3.356761 3.705568 3.963316 4.05148 3.894719 3.696662 3.442782 3.183325 3.22133 3.496321 3.908572 4.404087 4.864223 5.227162 5.131662 4.169757 2.844632 1.653709 .5568149 -.697476 -2.072886 -3.501793 -4.63226 -5.019976
-1.49112 -1.465233 -1.416372 -1.32796 -1.216027 -1.127155 -1.101122 -1.1292 -1.149682 -1.193575 -1.225633 -1.231761 -1.156383 -1.059919 -1.003252 -.9665163 -.9554242 -1.052173 -1.082331 -.9969313 -1.012036 -1.031588 -1.057485 -1.091524 -1.003875 -.8427879 -.7864981 -.711557 -.4892878 -.1953066 .1918563 .5411757 .9829463 1.349506 1.808018 2.347222 2.773013 3.213966 3.667991 4.121192 4.458773 4.579844 4.535935 4.414038 4.33928 4.304874 4.414185 4.543625 4.659487 4.787795 4.86709 4.906233 4.615559 3.494668 1.889472 .564237 -.1340421 -.6999978 -1.565704 -2.810719 -4.217171 -5.140785
-1.491418 -1.412055 -1.402238 -1.315414 -1.214073 -1.122757 -1.092489 -1.149731 -1.178641 -1.207961 -1.215079 -1.182244 -1.18405 -1.094067 -1.03573 -1.01202 -.9858251 -1.060404 -1.065663 -.9643064 -.9372028 -.9921784 -1.022486 -1.018641 -.9368919 -.824988 -.7692657 -.7035614 -.5497011 -.3101327 .02307111 .3840148 .8033627 1.286135 1.781227 2.350046 2.992593 3.575849 3.954734 4.391959 4.920751 5.284056 5.460694 5.455045 5.464405 5.479763 5.415622 5.320931 5.148783 4.935361 4.715379 4.461483 3.958189 2.89245 1.2251 -.3498899 -1.067677 -1.139616 -1.243969 -1.972069 -3.304981 -4.582762
-1.440992 -1.394671 -1.348254 -1.24517 -1.168476 -1.122141 -1.102877 -1.118559 -1.172897 -1.191424 -1.203853 -1.19934 -1.182411 -1.143361 -1.118065 -1.089809 -1.06522 -1.076125 -1.04981 -.9411478 -.8607567 -.9694963 -1.026572 -.956198 -.8799704 -.7666892 -.7613207 -.7154112 -.6222993 -.4210165 -.1085976 .328536 .7569439 1.237167 1.656777 2.303705 3.150955 3.809662 4.216472 4.651627 5.138393 5.767394 6.274361 6.502984 6.590702 6.588169 6.346755 6.01269 5.603913 5.121914 4.538663 3.933885 3.310892 2.307024 .8555933 -.8271945 -1.798421 -1.753671 -1.418101 -1.571717 -2.535769 -3.891794
