py_wake/examples/data/AJ_ParqueFicticio/Rough survey   Sector 4   Height 200m   Weibull-A.grd
DSAA
73  159
 258469   265669
 6501692   6517492
 6.123357   14.39575
[rows 112 to 139 of 159, columns 0 to 62 of 73]
11.06137 11.20283 11.30941 11.46233 11.71127 12.03876 12.37403 12.69644 12.98464 13.2233 13.43118 13.53539 13.37327 12.96499 12.46702 11.97253 11.67204 11.55608 11.37478 11.0997 10.85072 10.72551 10.59716 10.7333 11.18843 11.59761 11.64489 11.37866 10.9693 10.4854 10.10782 9.869061 9.734629 9.670001 9.656163 9.690918 9.865368 10.33226 10.99395 11.5937 11.92495 11.91089 11.51023 10.84011 10.16238 9.608576 9.232409 9.040277 9.069599 9.383241 9.69605 9.742138 9.498652 9.115166 8.731439 8.459472 8.257421 8.048203 7.773242 7.356479 6.880161 6.611959 6.567246
11.12756 11.30677 11.46138 11.63635 11.89293 12.2471 12.58927 12.9117 13.18246 13.39471 13.56709 13.61379 13.40544 12.9555 12.42554 11.9979 11.82769 11.77138 11.53377 11.12844 10.72865 10.47972 10.37966 10.55152 10.9965 11.39399 11.35419 10.99741 10.56924 10.16315 9.882673 9.815342 9.854055 9.858291 9.91923 10.03914 10.24605 10.66084 11.25117 11.80178 12.12153 12.09457 11.63579 10.92254 10.21403 9.643276 9.263228 9.023703 8.969485 9.129029 9.338528 9.352872 9.204023 8.928123 8.648826 8.434638 8.266302 8.097048 7.853101 7.505535 7.096582 6.823046 6.74392
11.24732 11.45123 11.63982 11.82564 12.08342 12.45594 12.82987 13.1235 13.35509 13.5386 13.67206 13.661 13.37328 12.87614 12.36143 12.03759 12.01203 11.9733 11.69203 11.2471 10.79111 10.39307 10.19863 10.31971 10.70701 11.05477 11.01159 10.63383 10.21524 9.901704 9.72656 9.740822 9.872469 10.00131 10.19255 10.42086 10.69588 11.0765 11.55774 11.97168 12.20962 12.15066 11.66797 10.94446 10.25544 9.695507 9.302522 9.022242 8.887986 8.902707 8.965988 8.988557 8.909851 8.760988 8.583336 8.416308 8.257839 8.101305 7.90098 7.635404 7.333845 7.063017 6.945207
11.40751 11.62617 11.83135 12.03992 12.31654 12.70391 13.06245 13.32994 13.52182 13.66248 13.7468 13.64715 13.29789 12.77972 12.33301 12.12645 12.15013 12.11576 11.84589 11.41675 10.96471 10.51037 10.15535 10.08509 10.35763 10.64643 10.61982 10.27617 9.922749 9.70752 9.629521 9.685239 9.83556 10.03631 10.3675 10.781 11.17723 11.5329 11.86221 12.08357 12.19369 12.05213 11.554 10.89071 10.25267 9.727392 9.308319 8.982622 8.769322 8.688663 8.687538 8.699846 8.65822 8.597969 8.510172 8.383254 8.255916 8.089435 7.921363 7.707319 7.49581 7.295194 7.160922
11.545 11.77431 12.01361 12.26571 12.57609 12.96737 13.28591 13.50941 13.67251 13.77711 13.78322 13.57344 13.17344 12.69374 12.34965 12.22664 12.24888 12.19871 11.935 11.55486 11.11808 10.66276 10.2519 9.999862 10.04315 10.23912 10.21344 9.956306 9.686199 9.572236 9.553901 9.587288 9.745281 10.06987 10.52102 11.06777 11.60732 11.98927 12.18342 12.14741 12.04442 11.80987 11.3747 10.82849 10.28076 9.787504 9.353747 8.991227 8.713325 8.561128 8.530193 8.539943 8.519685 8.469496 8.425627 8.339792 8.226599 8.077428 7.92109 7.746264 7.595262 7.443327 7.349634
11.63397 11.88089 12.14532 12.45666 12.84731 13.19389 13.47964 13.67113 13.79507 13.84989 13.72844 13.44153 13.02945 12.61689 12.38173 12.3352 12.33544 12.23486 11.9696 11.58185 11.1424 10.69932 10.3205 10.03607 9.896732 9.890789 9.833659 9.668315 9.523394 9.510138 9.482459 9.489862 9.733361 10.16976 10.6965 11.33403 11.96331 12.39158 12.37165 12.091 11.80594 11.47713 11.12665 10.69893 10.23478 9.805081 9.397864 9.014233 8.706972 8.513653 8.444015 8.448714 8.448323 8.410938 8.359018 8.294594 8.200755 8.059624 7.885831 7.727663 7.638925 7.548082 7.491408
11.69974 11.97467 12.31366 12.70036 13.06843 13.38846 13.63973 13.81403 13.88829 13.83071 13.59841 13.25356 12.85072 12.50558 12.3955 12.42384 12.38657 12.22587 11.91385 11.51179 11.03905 10.59782 10.29056 10.07168 9.893506 9.699149 9.520477 9.41484 9.435392 9.475899 9.424829 9.453915 9.794932 10.27375 10.81613 11.54603 12.29285 12.65544 12.48007 11.99804 11.52127 11.12438 10.84619 10.54284 10.14551 9.784136 9.409013 9.044833 8.738029 8.526625 8.430834 8.433036 8.430751 8.406108 8.356759 8.291587 8.20267 8.075105 7.892931 7.712352 7.618175 7.593257 7.590245
11.8117 12.13481 12.51151 12.89301 13.25604 13.54529 13.75979 13.88925 13.91057 13.75804 13.45748 13.06668 12.68266 12.40839 12.35934 12.43543 12.41493 12.20612 11.85614 11.4264 10.94592 10.49429 10.20419 10.09611 9.9468 9.678651 9.404466 9.275386 9.33588 9.398285 9.352489 9.460358 9.862749 10.34198 10.90781 11.73817 12.49798 12.84316 12.54808 11.87723 11.22669 10.77991 10.55048 10.37822 10.04198 9.698852 9.384683 9.064829 8.790297 8.579864 8.448415 8.435163 8.427124 8.401513 8.363733 8.31247 8.223057 8.094802 7.900144 7.710021 7.614472 7.644291 7.69102
11.97552 12.33094 12.69786 13.07426 13.40422 13.65405 13.81093 13.87459 13.82938 13.65239 13.34795 12.92345 12.52718 12.29873 12.28045 12.36875 12.38326 12.19159 11.8159 11.37323 10.88892 10.4249 10.12848 10.0704 9.986765 9.743799 9.470637 9.258451 9.239711 9.288855 9.28075 9.482651 9.909759 10.3754 11.06552 11.93208 12.62232 12.90905 12.56851 11.80293 11.01382 10.45646 10.23618 10.16636 9.912684 9.594894 9.296693 9.051272 8.841214 8.636162 8.487082 8.421952 8.396669 8.384312 8.346667 8.29651 8.196079 8.034073 7.834788 7.685144 7.640724 7.705575 7.818264
12.21637 12.53664 12.89668 13.2507 13.5425 13.73003 13.83329 13.75711 13.58009 13.43702 13.23793 12.85556 12.47121 12.22613 12.19083 12.24884 12.2504 12.09842 11.78716 11.39113 10.92665 10.4547 10.12434 10.01567 9.956618 9.775317 9.572027 9.363789 9.207759 9.174291 9.227356 9.491893 9.911365 10.4365 11.24686 12.0855 12.69247 12.84348 12.46265 11.69286 10.86278 10.23334 9.966715 9.90077 9.743193 9.505502 9.269547 9.057631 8.881211 8.725582 8.566011 8.43269 8.373893 8.345478 8.304759 8.247213 8.128826 7.910236 7.704752 7.636853 7.686979 7.81571 7.959506
12.48533 12.80893 13.13348 13.45444 13.67867 13.79198 13.79504 13.55854 13.24557 13.07942 13.02807 12.81079 12.50357 12.268 12.15265 12.10825 12.07662 11.93752 11.67444 11.35578 10.98556 10.54384 10.19345 10.00375 9.90315 9.761496 9.632134 9.486251 9.283778 9.120392 9.176781 9.449712 9.893926 10.60306 11.44722 12.22797 12.71303 12.67506 12.23974 11.50173 10.7225 10.13327 9.798555 9.676095 9.565274 9.409986 9.258297 9.100806 8.951672 8.815263 8.653461 8.487309 8.360481 8.294251 8.233453 8.141347 7.995395 7.771324 7.637041 7.691901 7.838462 7.996156 8.123535
12.78041 13.1398 13.44995 13.69698 13.84698 13.86496 13.69316 13.3257 12.88175 12.67459 12.70724 12.65224 12.49789 12.32831 12.17709 12.03293 11.93194 11.76043 11.52695 11.26238 10.97973 10.64185 10.29917 10.03573 9.861143 9.742067 9.653132 9.57838 9.393085 9.173148 9.135954 9.401087 9.975194 10.77201 11.61577 12.31434 12.63781 12.47793 11.94737 11.20512 10.54467 10.04554 9.717646 9.544528 9.433284 9.319144 9.197775 9.089572 8.979865 8.860817 8.704665 8.540247 8.380762 8.241263 8.124441 8.00959 7.857397 7.719121 7.688749 7.828822 8.013316 8.16213 8.287695
13.07459 13.48276 13.77942 13.97579 14.04474 13.95092 13.59474 13.08395 12.53293 12.2832 12.34168 12.37705 12.36597 12.29567 12.15569 11.97266 11.80309 11.63672 11.45149 11.26373 11.03813 10.77362 10.43765 10.08935 9.85076 9.759828 9.722862 9.69955 9.517578 9.230074 9.105508 9.413563 10.06101 10.8806 11.69148 12.27864 12.47359 12.24501 11.64344 10.89342 10.31422 9.935255 9.691613 9.539141 9.407309 9.273824 9.165155 9.050562 8.942347 8.82265 8.686365 8.512802 8.323099 8.14875 8.016726 7.935217 7.811896 7.801146 7.826719 7.941442 8.131256 8.316175 8.435169
13.30263 13.75026 14.06539 14.22055 14.1982 13.9612 13.52907 12.92449 12.28619 11.94593 11.976 12.0634 12.15046 12.16385 12.05845 11.87773 11.71067 11.59342 11.45492 11.31731 11.12849 10.87328 10.52812 10.1531 9.877837 9.812812 9.8585 9.899133 9.715886 9.344224 9.12515 9.404639 10.08554 10.89772 11.65053 12.14496 12.25781 11.95003 11.34665 10.67065 10.14314 9.81371 9.646459 9.536632 9.427213 9.306248 9.192106 9.055886 8.889143 8.734028 8.57347 8.37326 8.164701 8.012508 7.942901 7.932836 7.945603 8.007496 8.035178 8.046563 8.193298 8.409031 8.56351
13.47766 13.92424 14.2353 14.3715 14.26956 13.9494 13.51502 12.89393 12.22164 11.75414 11.65163 11.73627 11.88114 11.97876 11.9435 11.78258 11.6015 11.50618 11.45702 11.36218 11.15684 10.8919 10.55305 10.20633 9.986716 9.942837 10.05554 10.10486 9.917577 9.496956 9.18987 9.392296 10.03729 10.83696 11.52988 11.93699 11.97049 11.6523 11.07927 10.49031 10.03999 9.767857 9.594971 9.502432 9.406396 9.304985 9.216714 9.092833 8.857786 8.619736 8.38523 8.159422 7.977601 7.912403 7.958044 8.050757 8.172254 8.294869 8.297013 8.174904 8.22835 8.453083 8.630636
13.57449 14.01198 14.30086 14.39575 14.21717 13.88267 13.49378 12.95003 12.295 11.73757 11.44884 11.43465 11.58008 11.73649 11.81934 11.74006 11.53228 11.41175 11.38815 11.27637 11.07436 10.80696 10.4792 10.22195 10.14326 10.18547 10.28064 10.30591 10.10036 9.657215 9.299479 9.417331 10.02676 10.75457 11.33399 11.64232 11.61976 11.32952 10.85361 10.34251 9.941808 9.72669 9.606497 9.515471 9.403152 9.290641 9.192189 9.097055 8.873731 8.544593 8.170697 7.908737 7.815984 7.898311 8.089355 8.286174 8.47845 8.632671 8.557592 8.319393 8.271016 8.465818 8.615822
13.5672 13.98039 14.22591 14.25607 14.05787 13.72542 13.42898 12.99086 12.41266 11.86317 11.4396 11.23507 11.28129 11.45744 11.64844 11.71141 11.53592 11.35647 11.26919 11.11138 10.90579 10.66365 10.38381 10.20787 10.25802 10.39906 10.49919 10.46899 10.25212 9.842025 9.442739 9.50174 10.02731 10.62456 11.08528 11.30814 11.23351 10.97243 10.642 10.23288 9.903052 9.702446 9.594604 9.522152 9.445114 9.318511 9.176702 9.054357 8.861874 8.493498 8.032134 7.721226 7.72664 7.980528 8.312424 8.575387 8.787348 8.903872 8.778775 8.483254 8.339163 8.445776 8.554439
13.49861 13.83536 13.99934 13.96057 13.77152 13.52354 13.31695 12.9738 12.47984 11.98684 11.54139 11.17698 11.0631 11.19064 11.44907 11.63314 11.5284 11.31998 11.13798 10.92465 10.70224 10.50642 10.27854 10.17238 10.33153 10.55973 10.68142 10.64051 10.40401 10.02313 9.640433 9.628742 9.991784 10.43773 10.78794 10.94715 10.84219 10.64869 10.45469 10.15497 9.909521 9.720401 9.608796 9.522386 9.464081 9.356778 9.201354 8.995 8.759107 8.382581 7.905601 7.610908 7.702398 8.105927 8.541505 8.829635 9.002119 9.085551 8.964341 8.688269 8.476929 8.420163 8.486845
13.45683 13.63282 13.66624 13.5648 13.38188 13.24836 13.17772 12.916 12.55058 12.1223 11.67551 11.24926 10.95991 10.97041 11.19971 11.45632 11.49755 11.30134 11.01568 10.72716 10.50555 10.34891 10.1584 10.13532 10.37431 10.67598 10.86037 10.82113 10.61901 10.22812 9.870669 9.765293 9.973719 10.2527 10.48811 10.59038 10.48271 10.37369 10.30274 10.16046 9.956937 9.76394 9.662018 9.585779 9.504975 9.371178 9.217495 8.978661 8.632332 8.220323 7.785823 7.572552 7.747457 8.234307 8.697419 8.969862 9.120743 9.212224 9.168705 8.941283 8.702082 8.550881 8.515779
13.42484 13.38348 13.28288 13.13841 12.95301 12.92375 13.00319 12.89591 12.65887 12.32116 11.89875 11.42106 11.01862 10.8023 10.9361 11.21323 11.39417 11.27609 10.94358 10.5889 10.33732 10.20021 10.06272 10.09202 10.38074 10.73161 11.01756 11.03999 10.82735 10.43356 10.07517 9.954648 10.02087 10.12587 10.2245 10.27494 10.20124 10.14689 10.16601 10.13032 9.980083 9.849564 9.752374 9.701949 9.615054 9.451779 9.22259 8.925108 8.525554 8.056186 7.699581 7.595827 7.83664 8.317562 8.74471 9.004858 9.162541 9.291982 9.298825 9.179677 8.952994 8.751973 8.660925
13.35901 13.0898 12.86464 12.70166 12.55102 12.61322 12.78319 12.82323 12.73377 12.46954 12.09657 11.59869 11.1264 10.77042 10.71579 10.96681 11.20324 11.15914 10.88229 10.51609 10.21986 10.06862 9.976032 10.04899 10.38393 10.80129 11.14242 11.24081 10.97964 10.57371 10.21735 10.11115 10.14122 10.13921 10.06314 9.98847 9.965703 9.958231 10.01804 10.04437 9.990995 9.925838 9.850751 9.814736 9.722596 9.534431 9.276885 8.891576 8.401982 7.948571 7.690138 7.647349 7.894588 8.317979 8.710732 8.96988 9.145928 9.308784 9.38438 9.365536 9.194627 8.978455 8.851815
13.27175 12.79382 12.44049 12.27258 12.18592 12.33051 12.57906 12.71368 12.71979 12.53301 12.18555 11.71218 11.2186 10.81869 10.61543 10.74805 10.97565 10.97523 10.7765 10.48898 10.1819 9.996023 9.920615 10.04646 10.41633 10.87037 11.22889 11.32491 11.04008 10.62665 10.29382 10.19387 10.21718 10.16764 10.01789 9.840109 9.765116 9.783951 9.865267 9.922372 9.955742 9.924903 9.890302 9.868513 9.767873 9.568783 9.28693 8.889359 8.370913 7.95112 7.756166 7.727175 7.88939 8.241272 8.620948 8.880257 9.08425 9.263769 9.408417 9.473812 9.387166 9.216811 9.091775
13.21703 12.56025 12.07119 11.88023 11.86716 12.10322 12.39484 12.58462 12.65101 12.54647 12.23299 11.78444 11.31213 10.8802 10.60156 10.6004 10.75541 10.75847 10.63327 10.44499 10.18539 9.973254 9.898494 10.04334 10.45712 10.95357 11.32524 11.36204 11.05106 10.62373 10.31071 10.19978 10.1927 10.14145 9.977207 9.781783 9.629012 9.621109 9.707663 9.826166 9.908815 9.922752 9.905766 9.859619 9.742372 9.527889 9.232508 8.869335 8.415168 8.048096 7.885386 7.854154 7.917048 8.165671 8.510384 8.77551 8.968158 9.180717 9.36684 9.497814 9.494766 9.42748 9.321239
13.18041 12.42909 11.80898 11.54083 11.65313 11.94306 12.22558 12.40954 12.51162 12.43943 12.17735 11.80648 11.37173 10.97478 10.65988 10.52859 10.57061 10.57507 10.50721 10.35901 10.16869 9.99938 9.92431 10.09215 10.54663 11.07612 11.38541 11.33435 11.01835 10.61422 10.3152 10.15849 10.10532 10.06911 9.926257 9.753466 9.598571 9.546609 9.591953 9.732891 9.868388 9.933134 9.911201 9.816679 9.668728 9.437042 9.156489 8.844229 8.508653 8.228591 8.059239 7.99984 8.011675 8.138434 8.403152 8.643379 8.83989 9.037525 9.261704 9.44556 9.538778 9.546165 9.526815
13.09586 12.33748 11.652 11.3239 11.49418 11.81107 12.06096 12.24304 12.34518 12.2682 12.04513 11.73837 11.40063 11.02266 10.71577 10.54044 10.45787 10.41918 10.39439 10.27339 10.13948 10.03351 9.969256 10.1686 10.66211 11.2047 11.46757 11.2948 10.9086 10.53377 10.2761 10.14072 10.03014 9.952449 9.856348 9.731522 9.593586 9.503678 9.53716 9.676269 9.827621 9.930398 9.911367 9.752122 9.558006 9.338401 9.095405 8.865379 8.645007 8.450812 8.262433 8.161066 8.11494 8.178664 8.341933 8.534666 8.708665 8.893797 9.095084 9.334688 9.510538 9.606021 9.634363
12.93019 12.23862 11.54786 11.18649 11.34969 11.67455 11.94544 12.11564 12.19481 12.09647 11.8867 11.64027 11.35493 11.0206 10.74297 10.56901 10.39578 10.32159 10.28515 10.22077 10.11763 10.04689 10.00196 10.22607 10.74842 11.28575 11.51835 11.26257 10.81914 10.41214 10.17243 10.08554 9.994168 9.873862 9.788157 9.693561 9.587156 9.520658 9.531443 9.639725 9.78925 9.894912 9.860957 9.69155 9.503455 9.305076 9.115871 8.986838 8.841174 8.649603 8.460117 8.324243 8.257559 8.272713 8.359136 8.472344 8.58954 8.744722 8.917679 9.158565 9.416177 9.587519 9.677794
12.69698 12.07018 11.45467 11.07929 11.22618 11.55169 11.85014 12.02559 12.0533 11.92748 11.72521 11.50177 11.26451 10.95345 10.71053 10.56799 10.42456 10.31862 10.26739 10.2281 10.13475 10.06445 10.03089 10.29145 10.79267 11.2832 11.47162 11.21715 10.7521 10.30722 10.06063 9.982367 9.94761 9.852659 9.757915 9.672925 9.596717 9.558874 9.548334 9.597529 9.733479 9.826055 9.771621 9.636639 9.482192 9.346004 9.194636 9.093995 8.978856 8.777913 8.616185 8.50664 8.427839 8.392358 8.413045 8.477175 8.559212 8.644312 8.7505 8.961637 9.251105 9.507183 9.658171
12.44739 11.88072 11.34456 10.99068 11.11099 11.46533 11.81095 11.95658 11.91901 11.82577 11.63012 11.38678 11.1535 10.87093 10.64047 10.52894 10.41461 10.33858 10.35167 10.33197 10.20002 10.10357 10.09034 10.32083 10.76542 11.19701 11.39038 11.16678 10.7059 10.26452 9.997915 9.889158 9.882342 9.829467 9.766369 9.698223 9.655802 9.629495 9.603131 9.57749 9.673125 9.737576 9.664883 9.550213 9.450501 9.359367 9.240221 9.149161 9.032299 8.851698 8.738059 8.679951 8.615688 8.523512 8.474123 8.506828 8.583562 8.634226 8.675059 8.801701 9.04246 9.350645 9.590898
