py_wake/examples/data/AJ_ParqueFicticio/Rough survey   Sector 7   Height 200m   Mean speed.grd
DSAA
73  159
 258469   265669
 6501692   6517492
 4.00653   8.739
[rows 56 to 83 of 159, columns 0 to 62 of 73]
6.078448 6.08723 6.074823 6.073987 6.062634 6.069563 6.064865 6.067959 6.062181 6.070297 6.066896 6.068994 6.062907 6.040267 6.031036 6.029541 6.030468 6.028326 6.020609 6.007745 6.005599 5.992168 5.985673 5.991488 5.996009 5.993524 6.002453 6.024805 6.058874 6.088422 6.146986 6.23026 6.283149 6.350282 6.402563 6.462433 6.505058 6.534571 6.539365 6.547419 6.573922 6.598047 6.58584 6.53706 6.479526 6.422118 6.38877 6.349287 6.326859 6.291014 6.24438 6.196875 6.166627 6.124016 6.088754 6.080792 6.101548 6.113665 6.098367 6.10694 6.127481 6.127982 6.144469
6.065763 6.065753 6.050843 6.054267 6.052257 6.06553 6.065996 6.059417 6.057323 6.056639 6.056295 6.055793 6.056521 6.052612 6.040822 6.03263 6.033025 6.028557 6.022233 6.017361 6.018764 6.009298 5.99692 6.003115 6.001409 5.993989 6.001958 6.020741 6.064993 6.122202 6.205886 6.289464 6.349877 6.4069 6.461413 6.509141 6.535944 6.576659 6.58338 6.586776 6.602427 6.607143 6.569927 6.51531 6.470772 6.420276 6.338715 6.262299 6.221229 6.196068 6.165138 6.109183 6.091307 6.07393 6.066548 6.090003 6.110838 6.107179 6.071846 6.066537 6.085699 6.09778 6.135734
6.043679 6.031693 6.020542 6.018643 6.020158 6.035537 6.043942 6.041056 6.036992 6.034486 6.035097 6.038862 6.032227 6.030283 6.028541 6.032566 6.029027 6.024165 6.02292 6.02192 6.015041 6.019911 6.01203 6.010241 6.00998 6.005042 6.004381 6.006605 6.03669 6.095182 6.161238 6.233129 6.290947 6.349021 6.399899 6.453331 6.47793 6.517965 6.540764 6.544365 6.555012 6.537927 6.493008 6.448182 6.40393 6.353208 6.255101 6.163636 6.115041 6.098641 6.069356 5.999796 6.004046 6.000153 6.01187 6.053375 6.079432 6.09365 6.076056 6.079137 6.084182 6.088651 6.132787
6.051436 6.029835 6.003106 5.992872 5.986803 6.000543 6.019208 6.017439 6.011571 6.012146 6.012647 6.007634 6.012701 6.01154 6.008761 6.017262 6.021895 6.017828 6.017712 6.012909 6.014767 6.018223 6.017899 6.02111 6.01465 6.012001 6.001575 5.99456 5.984153 6.005133 6.049405 6.098844 6.149305 6.20897 6.259635 6.31605 6.382861 6.425366 6.456912 6.460524 6.457569 6.442015 6.399682 6.37712 6.33658 6.285042 6.189058 6.0853 6.022952 5.994546 5.96474 5.898367 5.902266 5.907393 5.931335 5.980842 6.013302 6.045244 6.05101 6.084535 6.089869 6.071813 6.101429
6.080851 6.049901 6.014534 6.00946 5.993017 5.983222 5.992916 5.9959 5.99211 5.990438 5.987073 5.983403 5.984393 5.989288 5.988492 5.996871 6.011254 6.013741 6.015192 6.008223 6.005886 5.997469 6.006081 6.018798 6.020415 6.030079 6.022141 6.02462 6.015862 5.996974 6.01429 6.038578 6.067584 6.112142 6.160578 6.211908 6.273229 6.316934 6.336338 6.345852 6.329476 6.308805 6.302018 6.304632 6.282271 6.239002 6.151795 6.070134 5.982272 5.918611 5.868986 5.816486 5.820384 5.832963 5.855468 5.907595 5.957342 6.000639 6.001856 6.046391 6.063608 6.039016 6.036707
6.09352 6.056725 6.035251 6.034967 6.021592 6.000665 5.984149 5.977746 5.971628 5.977062 5.974745 5.972617 5.97337 5.9745 5.973536 5.983032 5.998077 6.006045 6.003589 6.003494 5.999768 5.996511 5.996399 6.005923 6.015102 6.025566 6.040178 6.059897 6.079711 6.077198 6.077489 6.078596 6.086923 6.122917 6.128745 6.146444 6.194117 6.218882 6.229789 6.228817 6.214514 6.201963 6.208598 6.219903 6.210169 6.183289 6.127378 6.056196 5.977244 5.87855 5.788157 5.736664 5.749558 5.799707 5.799544 5.834521 5.892509 5.936892 5.938767 5.975916 5.992778 5.973996 5.934422
6.096673 6.06817 6.066792 6.063983 6.050876 6.030366 6.007756 5.978617 5.973415 5.97319 5.971768 5.969004 5.967749 5.965156 5.961326 5.967471 5.976158 5.986467 5.978868 5.986234 5.979165 5.984827 5.982601 5.996345 6.006608 6.022773 6.048658 6.08094 6.10903 6.118378 6.144777 6.147098 6.151236 6.154986 6.139381 6.131148 6.150784 6.146295 6.14148 6.137088 6.132551 6.128012 6.134192 6.142688 6.130925 6.120299 6.084437 6.031575 5.963295 5.875229 5.776153 5.698185 5.694833 5.750317 5.778848 5.776968 5.80993 5.845688 5.85148 5.890388 5.903658 5.885426 5.849705
6.088175 6.073381 6.077896 6.085035 6.073568 6.049867 6.021349 5.98488 5.970744 5.966054 5.969331 5.971887 5.961275 5.956449 5.951463 5.947106 5.952894 5.952202 5.95614 5.954443 5.953599 5.948774 5.948553 5.964588 5.986585 6.008378 6.042675 6.077188 6.102419 6.123774 6.148367 6.165509 6.171443 6.174632 6.167943 6.141839 6.133925 6.108546 6.08596 6.069863 6.060791 6.045983 6.044102 6.049557 6.056341 6.055833 6.033809 5.972537 5.926033 5.842716 5.750153 5.692751 5.674396 5.682896 5.711915 5.695054 5.683707 5.702177 5.707992 5.743525 5.770199 5.783967 5.785589
6.071486 6.068224 6.077762 6.082907 6.073844 6.056049 6.02318 5.991724 5.969377 5.964148 5.962192 5.959466 5.958784 5.948379 5.945748 5.937029 5.946341 5.941993 5.93663 5.931394 5.93293 5.921708 5.923019 5.931194 5.94776 5.976007 6.00795 6.03771 6.061234 6.08275 6.104765 6.130224 6.153417 6.165935 6.161124 6.131669 6.104746 6.076903 6.052753 6.032875 5.995718 5.963993 5.945803 5.951466 5.973435 5.988035 5.967242 5.908596 5.868704 5.820859 5.757354 5.701841 5.655405 5.620369 5.632217 5.629172 5.575762 5.552643 5.535487 5.55533 5.575807 5.6059 5.666828
6.057205 6.054351 6.066144 6.072764 6.068196 6.052522 6.028656 5.995419 5.973578 5.965765 5.956555 5.950609 5.947199 5.940283 5.94134 5.932105 5.934055 5.93121 5.933636 5.929129 5.922869 5.916352 5.910172 5.917281 5.918251 5.924409 5.934278 5.956604 5.978497 5.998279 6.0178 6.049547 6.081172 6.092086 6.088476 6.063688 6.031014 6.019985 6.00118 5.966059 5.937697 5.914892 5.891791 5.892263 5.910392 5.919395 5.902692 5.887106 5.849803 5.811689 5.798076 5.73997 5.673781 5.611375 5.560405 5.571397 5.540951 5.510764 5.476828 5.440624 5.447887 5.47373 5.52247
6.047896 6.040576 6.052156 6.059407 6.049267 6.038574 6.024454 6.004627 5.990355 5.972641 5.955453 5.951775 5.944706 5.938368 5.934825 5.934296 5.929721 5.922858 5.93124 5.934623 5.927586 5.92362 5.920359 5.913617 5.896459 5.887963 5.888003 5.897336 5.896688 5.912086 5.932374 5.963791 6.000054 6.014489 6.007069 5.988043 5.966869 5.973773 5.938745 5.900817 5.880045 5.870598 5.84745 5.838929 5.855523 5.849619 5.850198 5.85675 5.831832 5.798803 5.809649 5.799483 5.740439 5.659972 5.583592 5.547805 5.550364 5.544076 5.578261 5.563218 5.528889 5.504101 5.490211
6.031476 6.030915 6.041231 6.043411 6.041109 6.019976 6.00294 6.000388 5.98479 5.967453 5.953744 5.945133 5.940527 5.935354 5.928837 5.920776 5.916558 5.917078 5.923357 5.924841 5.925894 5.926031 5.920221 5.907204 5.888 5.878974 5.867659 5.857802 5.852212 5.856579 5.868736 5.90501 5.940963 5.943383 5.939806 5.93733 5.925719 5.937952 5.914714 5.881561 5.85016 5.824259 5.810514 5.791738 5.776126 5.771573 5.795392 5.821795 5.806514 5.776507 5.786319 5.812281 5.78059 5.721745 5.641351 5.569433 5.566871 5.610487 5.667516 5.719869 5.714012 5.666386 5.603876
6.010868 6.022673 6.035064 6.028906 6.020144 6.000547 5.988762 5.985804 5.972445 5.958198 5.946561 5.936373 5.932988 5.933011 5.923638 5.913166 5.905175 5.905189 5.909281 5.913443 5.912408 5.904048 5.901077 5.896973 5.890933 5.889538 5.876475 5.845469 5.827989 5.812133 5.813511 5.851933 5.886632 5.894126 5.889891 5.904668 5.904559 5.924884 5.91809 5.888703 5.881392 5.876387 5.852609 5.805343 5.750317 5.715745 5.714849 5.727581 5.694537 5.672007 5.696173 5.736145 5.728932 5.696083 5.643809 5.583243 5.562504 5.615445 5.676965 5.746891 5.79018 5.787515 5.725828
5.983471 5.998322 6.01254 6.011954 5.993614 5.977303 5.975807 5.96696 5.957798 5.942453 5.927791 5.918532 5.92038 5.922503 5.911549 5.904306 5.892375 5.899045 5.902796 5.900971 5.895516 5.888984 5.890358 5.889927 5.896923 5.89868 5.893192 5.865152 5.836615 5.809194 5.788628 5.798139 5.833595 5.856392 5.868007 5.89191 5.909468 5.938571 5.943797 5.942093 5.961601 5.955732 5.915952 5.849268 5.78286 5.730494 5.68864 5.647231 5.593619 5.55117 5.546194 5.565869 5.567505 5.545561 5.533728 5.525199 5.535772 5.588789 5.65349 5.727835 5.800443 5.84001 5.839291
5.941822 5.95524 5.977751 5.97586 5.961926 5.954311 5.960738 5.95694 5.941521 5.931077 5.909518 5.897846 5.897274 5.898143 5.902767 5.906851 5.906313 5.897845 5.893836 5.891593 5.887234 5.890489 5.891749 5.896219 5.90209 5.914542 5.894173 5.877904 5.859532 5.829648 5.803044 5.779146 5.803293 5.843063 5.877233 5.904697 5.932396 5.966857 5.988964 6.004494 6.017627 6.011453 5.963786 5.89894 5.827763 5.771358 5.698956 5.622725 5.549429 5.454682 5.404049 5.367057 5.356922 5.358573 5.398498 5.452746 5.51245 5.581407 5.6617 5.735645 5.823493 5.903333 5.936397
5.927332 5.927891 5.932276 5.934952 5.928871 5.931386 5.941103 5.937537 5.922719 5.911752 5.898767 5.890442 5.891124 5.883283 5.886483 5.896368 5.895319 5.881919 5.871449 5.872972 5.8738 5.882437 5.885961 5.900818 5.903278 5.911495 5.896257 5.882613 5.862114 5.846993 5.837598 5.819694 5.8479 5.876623 5.904191 5.934733 5.971119 5.994844 6.021317 6.038952 6.027024 6.010941 5.972906 5.925948 5.873579 5.819121 5.757469 5.673527 5.584976 5.473886 5.395046 5.31436 5.293162 5.30697 5.333154 5.397178 5.492605 5.591169 5.673534 5.770057 5.870204 5.960618 6.0185
5.94098 5.942364 5.937477 5.911042 5.899578 5.90077 5.917737 5.914973 5.902478 5.893538 5.890966 5.883613 5.869221 5.856417 5.854314 5.861022 5.854204 5.847201 5.840263 5.842518 5.844659 5.848422 5.857039 5.868736 5.884518 5.892969 5.8915 5.880897 5.862679 5.869035 5.877959 5.865847 5.893684 5.927522 5.9364 5.957758 5.976 5.990122 6.022139 6.020796 6.015821 6.006457 5.972576 5.93639 5.891311 5.8429 5.786427 5.725761 5.652459 5.566095 5.527443 5.481518 5.459317 5.434742 5.41607 5.443702 5.51764 5.571272 5.659954 5.76662 5.888348 6.00241 6.096335
5.962032 5.957366 5.937564 5.903783 5.881461 5.872763 5.89013 5.88397 5.866495 5.871068 5.868382 5.863529 5.840664 5.825609 5.809628 5.813548 5.807539 5.798536 5.795094 5.794736 5.796949 5.796017 5.802788 5.815085 5.828875 5.844249 5.861041 5.868886 5.881513 5.901342 5.9186 5.918242 5.933276 5.960959 5.96543 5.95029 5.953881 5.965937 6.00174 6.015747 6.019164 6.010216 5.973153 5.926879 5.881824 5.817846 5.762631 5.693239 5.647246 5.608639 5.579514 5.582905 5.6025 5.597979 5.536025 5.512908 5.534054 5.557239 5.60352 5.704613 5.835926 5.976417 6.082777
5.966715 5.956752 5.934938 5.906474 5.874197 5.856869 5.868927 5.849263 5.831248 5.835929 5.833144 5.832469 5.819053 5.803722 5.782002 5.768422 5.760561 5.756128 5.753806 5.749955 5.748617 5.748114 5.757179 5.765236 5.776759 5.789818 5.811275 5.835573 5.867032 5.903209 5.929341 5.940446 5.965739 5.971418 5.960294 5.945244 5.937907 5.937084 5.955741 5.958005 5.961988 5.943367 5.913177 5.875845 5.809499 5.750676 5.686246 5.603117 5.559326 5.540043 5.52 5.541011 5.579389 5.586576 5.550723 5.495145 5.480043 5.493016 5.532415 5.591051 5.68981 5.805916 5.910931
5.945585 5.936662 5.927972 5.906498 5.881042 5.871104 5.84638 5.817262 5.795344 5.79738 5.799096 5.795178 5.788522 5.777671 5.762164 5.743844 5.729055 5.727401 5.727236 5.725856 5.723378 5.712977 5.711697 5.717276 5.722907 5.729726 5.745087 5.756492 5.787175 5.82077 5.863337 5.892571 5.908668 5.930056 5.933767 5.936708 5.931496 5.914778 5.897968 5.86843 5.824194 5.787453 5.761219 5.716347 5.661686 5.605817 5.543561 5.487491 5.457029 5.463196 5.440452 5.444975 5.452064 5.449475 5.429453 5.395981 5.369541 5.382424 5.406706 5.452466 5.50034 5.560439 5.668712
5.911445 5.907534 5.902679 5.890408 5.873577 5.861756 5.823858 5.793006 5.771018 5.757571 5.759932 5.755326 5.750416 5.746042 5.742081 5.725234 5.706522 5.702458 5.704559 5.707525 5.706289 5.693085 5.681195 5.675826 5.669569 5.667937 5.670985 5.667695 5.688529 5.724218 5.785665 5.818183 5.839506 5.876088 5.889708 5.900062 5.894956 5.860601 5.808011 5.777202 5.733295 5.687562 5.628031 5.592213 5.538406 5.518686 5.494953 5.467637 5.454948 5.447217 5.416642 5.400545 5.378921 5.341735 5.320439 5.339669 5.332212 5.33484 5.334665 5.339437 5.351499 5.385334 5.45525
5.881174 5.875314 5.869195 5.85972 5.8409 5.815415 5.788852 5.751641 5.735215 5.721611 5.721148 5.720489 5.716136 5.711805 5.71049 5.691368 5.67885 5.669643 5.675071 5.676453 5.683973 5.688597 5.68006 5.66702 5.651453 5.634571 5.625237 5.618245 5.631986 5.672088 5.748763 5.786878 5.821062 5.848114 5.846331 5.829838 5.813313 5.780509 5.718246 5.678075 5.651409 5.61844 5.575696 5.564383 5.580533 5.615208 5.620148 5.608153 5.590024 5.539708 5.485271 5.455801 5.450325 5.453759 5.45461 5.478402 5.465093 5.461026 5.470119 5.451348 5.397536 5.370219 5.41384
5.858548 5.845191 5.834381 5.813332 5.798518 5.775306 5.750603 5.712577 5.694405 5.683103 5.683563 5.687142 5.686971 5.683615 5.676707 5.663472 5.65007 5.633792 5.633798 5.637337 5.647496 5.658297 5.662479 5.655942 5.648407 5.633713 5.633511 5.633427 5.662529 5.712782 5.770207 5.792553 5.831633 5.837453 5.831304 5.824118 5.806232 5.7547 5.697696 5.66469 5.603521 5.575254 5.574833 5.617947 5.679951 5.734573 5.778789 5.788877 5.762208 5.684556 5.633422 5.595232 5.617334 5.658775 5.70404 5.735789 5.743986 5.761778 5.75351 5.705793 5.633858 5.552092 5.5738
5.845676 5.817584 5.802289 5.78523 5.765265 5.73842 5.711585 5.67805 5.658156 5.649209 5.64352 5.644811 5.643253 5.642488 5.637561 5.635573 5.629432 5.613414 5.607833 5.603483 5.6042 5.605886 5.61589 5.618479 5.628224 5.640548 5.658785 5.691319 5.731788 5.766825 5.794002 5.800361 5.812889 5.813091 5.799337 5.786132 5.763189 5.721743 5.687878 5.670535 5.61577 5.60414 5.649927 5.702572 5.780765 5.836772 5.87332 5.88348 5.869689 5.841113 5.823403 5.798512 5.823034 5.875723 5.92645 5.975157 6.005536 6.017315 5.992126 5.93188 5.874183 5.813073 5.76548
5.835395 5.807248 5.780361 5.766423 5.743988 5.715688 5.68143 5.654791 5.627448 5.609062 5.593338 5.591036 5.586663 5.592016 5.596364 5.602158 5.610532 5.605992 5.599323 5.587637 5.583089 5.572639 5.570846 5.578444 5.59855 5.626979 5.673244 5.726876 5.781847 5.813282 5.805358 5.791367 5.787911 5.774981 5.743147 5.722943 5.68228 5.665923 5.640898 5.643641 5.648578 5.695677 5.768006 5.834453 5.891413 5.92995 5.936576 5.94155 5.963118 5.990898 6.011544 6.02031 6.036294 6.059937 6.086327 6.108963 6.110236 6.094867 6.076548 6.048032 6.00282 5.941971 5.891005
5.820718 5.80598 5.781943 5.749619 5.71934 5.688296 5.657763 5.619284 5.591328 5.571179 5.546102 5.527414 5.525047 5.532623 5.546047 5.559983 5.569919 5.577094 5.584971 5.579734 5.569435 5.56363 5.550725 5.544647 5.554623 5.585772 5.641075 5.704581 5.758909 5.786723 5.783228 5.765925 5.754459 5.732103 5.716687 5.695638 5.654242 5.635017 5.607453 5.629907 5.664298 5.736242 5.819395 5.891579 5.931778 5.964956 5.991254 6.016026 6.052867 6.089804 6.11859 6.12996 6.135989 6.132798 6.124923 6.106462 6.092075 6.070135 6.071935 6.060416 6.033152 5.9993 5.948131
5.789937 5.775652 5.757061 5.727281 5.69378 5.657257 5.615024 5.583852 5.557145 5.530131 5.510181 5.49301 5.472462 5.468867 5.468929 5.469368 5.485772 5.510853 5.53192 5.54209 5.536717 5.537543 5.530238 5.52878 5.528073 5.550337 5.593979 5.657383 5.70508 5.733215 5.749397 5.743758 5.737569 5.725901 5.711667 5.692549 5.658498 5.626603 5.604116 5.612264 5.684775 5.766551 5.832808 5.882115 5.912902 5.946383 5.992295 6.03232 6.081432 6.126588 6.153895 6.160575 6.139178 6.119798 6.086731 6.061028 6.044685 6.037769 6.047907 6.055767 6.043482 6.020247 5.979061
5.767871 5.743277 5.723639 5.698061 5.665324 5.627656 5.591927 5.55951 5.518971 5.489954 5.479134 5.457638 5.431328 5.416203 5.401243 5.388435 5.396935 5.423084 5.447838 5.46587 5.485519 5.498944 5.509286 5.519338 5.528627 5.550028 5.587849 5.631301 5.667845 5.699308 5.727518 5.747774 5.751071 5.759397 5.741183 5.726702 5.687633 5.646272 5.6278 5.671339 5.749134 5.788065 5.813648 5.83842 5.856025 5.882094 5.926013 5.9731 6.030891 6.088117 6.122715 6.129595 6.105274 6.075758 6.041372 6.013332 5.996113 6.009499 6.026687 6.04446 6.046521 6.014846 5.983596
