py_wake/examples/data/AJ_ParqueFicticio/Rough survey   Sector 2   Height 200m   Mean speed.grd
DSAA
73  159
 258469   265669
 6501692   6517492
 3.573825   7.33496
[rows 28 to 55 of 159, columns 0 to 62 of 73]
4.792345 4.799017 4.799865 4.802245 4.8031 4.802617 4.805737 4.804462 4.810997 4.813985 4.813826 4.816082 4.814607 4.811269 4.809545 4.809581 4.806068 4.803193 4.801338 4.79994 4.798215 4.79355 4.785424 4.77531 4.7605 4.736477 4.719668 4.707253 4.711716 4.704275 4.695307 4.686029 4.655119 4.615593 4.602378 4.634058 4.644048 4.613228 4.594764 4.551284 4.520215 4.507605 4.491161 4.483533 4.466928 4.443982 4.424341 4.424644 4.469355 4.542618 4.648808 4.793303 4.976575 5.190751 5.355907 5.52353 5.662957 5.691998 5.589152 5.409371 5.19075 4.986352 4.844697
4.788944 4.793526 4.799094 4.80302 4.804794 4.80727 4.809805 4.807248 4.813289 4.819933 4.820787 4.819886 4.820718 4.815762 4.81126 4.810404 4.808603 4.808015 4.808336 4.805803 4.805446 4.796296 4.784053 4.773468 4.759958 4.74381 4.732815 4.719131 4.716616 4.715843 4.714789 4.705793 4.679878 4.657253 4.666763 4.689765 4.666996 4.635594 4.612968 4.575724 4.548331 4.534332 4.514376 4.495314 4.491066 4.494177 4.514154 4.562162 4.642846 4.745467 4.861825 4.998609 5.167771 5.371895 5.540628 5.689252 5.777772 5.739262 5.584256 5.369181 5.14193 4.95229 4.892242
4.787631 4.792673 4.794113 4.801497 4.806345 4.806532 4.808384 4.806223 4.809628 4.815704 4.819567 4.820091 4.818042 4.80794 4.808216 4.809871 4.809995 4.810719 4.813015 4.811306 4.807213 4.796335 4.78411 4.77109 4.765289 4.75556 4.74391 4.737159 4.731279 4.734299 4.734627 4.732153 4.713814 4.687685 4.681293 4.678079 4.670913 4.658366 4.633471 4.609711 4.574949 4.557031 4.552979 4.545443 4.532657 4.554555 4.605531 4.696424 4.808512 4.936529 5.058755 5.191243 5.341552 5.525357 5.687863 5.797307 5.814568 5.706099 5.514504 5.282912 5.060233 4.930158 4.997454
4.786172 4.791251 4.793579 4.800006 4.803154 4.803546 4.805748 4.804329 4.8087 4.812774 4.81599 4.816301 4.815761 4.805608 4.803664 4.807391 4.8119 4.814481 4.815373 4.81258 4.807408 4.796113 4.78667 4.776971 4.769855 4.762992 4.758121 4.752739 4.749397 4.75296 4.745909 4.732098 4.706336 4.692022 4.687811 4.683302 4.669528 4.660416 4.638905 4.617069 4.593786 4.5805 4.590065 4.6014 4.611854 4.628065 4.686954 4.782962 4.903655 5.021294 5.149109 5.295368 5.448884 5.615667 5.754793 5.815725 5.774667 5.624736 5.414615 5.189079 5.017788 4.979436 5.168635
4.788979 4.791945 4.793409 4.798628 4.800083 4.803054 4.801484 4.803024 4.805757 4.808678 4.81213 4.812336 4.81225 4.807551 4.806066 4.808728 4.815095 4.817317 4.817625 4.813736 4.806229 4.796391 4.790111 4.783234 4.7735 4.774016 4.769207 4.770639 4.770951 4.763597 4.755097 4.743291 4.720233 4.705436 4.705515 4.703289 4.684005 4.657566 4.63177 4.61647 4.607146 4.594621 4.60113 4.634693 4.670069 4.713745 4.771147 4.846451 4.930878 5.031157 5.146624 5.28253 5.454731 5.612477 5.738896 5.777103 5.704532 5.544622 5.339653 5.156507 5.058975 5.123385 5.377713
4.796378 4.792177 4.794528 4.795248 4.798065 4.801929 4.80344 4.80379 4.804679 4.808336 4.809938 4.809575 4.810346 4.810502 4.810932 4.81533 4.820082 4.819332 4.819038 4.811007 4.804945 4.795435 4.787629 4.784959 4.777428 4.775991 4.778509 4.779089 4.780159 4.771339 4.762408 4.753169 4.736107 4.723454 4.721474 4.726449 4.70627 4.668671 4.639241 4.62549 4.610073 4.599982 4.601551 4.642001 4.710782 4.774965 4.834858 4.909252 4.980559 5.059049 5.159796 5.300999 5.455128 5.596834 5.704187 5.747318 5.659195 5.511934 5.344615 5.217873 5.183867 5.320944 5.580219
4.797397 4.792228 4.792722 4.794244 4.796181 4.798281 4.799042 4.800901 4.803649 4.806447 4.809754 4.813061 4.81184 4.816261 4.820049 4.820394 4.822702 4.823426 4.817575 4.809038 4.797377 4.792536 4.784235 4.783871 4.781571 4.784801 4.786146 4.786107 4.784882 4.775638 4.768529 4.763238 4.750743 4.744376 4.730753 4.735811 4.725458 4.695199 4.657549 4.627153 4.604022 4.598867 4.616085 4.666447 4.744267 4.839242 4.909083 4.98757 5.077442 5.178751 5.289531 5.426706 5.563693 5.670295 5.74318 5.768353 5.687128 5.57969 5.445184 5.34894 5.363463 5.537409 5.782606
4.790595 4.78717 4.790055 4.790418 4.793873 4.794559 4.794809 4.799211 4.801659 4.804285 4.809382 4.812557 4.813271 4.814552 4.819463 4.82292 4.825332 4.819637 4.8138 4.800278 4.788063 4.782327 4.780918 4.782714 4.785859 4.792249 4.794889 4.792202 4.792982 4.786459 4.778898 4.774739 4.769958 4.765546 4.757861 4.751882 4.75261 4.739596 4.694161 4.653264 4.624172 4.624226 4.658553 4.726902 4.821036 4.937248 5.044025 5.135338 5.240676 5.360317 5.482696 5.61999 5.737926 5.814053 5.855517 5.862987 5.799009 5.705727 5.585731 5.512537 5.594937 5.793193 6.002674
4.778121 4.777707 4.783415 4.788275 4.792888 4.797891 4.800581 4.800032 4.799455 4.801864 4.804252 4.808852 4.810802 4.810034 4.813838 4.818261 4.818629 4.809962 4.79223 4.783515 4.77108 4.774224 4.778203 4.785094 4.789403 4.794672 4.797475 4.79905 4.801237 4.798873 4.792964 4.789947 4.791631 4.800967 4.803526 4.797863 4.795935 4.792987 4.763322 4.737356 4.735104 4.744743 4.781796 4.85703 4.946773 5.060579 5.182586 5.290271 5.395062 5.511378 5.627643 5.742198 5.833567 5.904624 5.951578 5.960049 5.916413 5.832381 5.734115 5.750514 5.913508 6.130396 6.263187
4.768564 4.769753 4.777265 4.78409 4.791802 4.796351 4.793155 4.794706 4.797011 4.799318 4.800201 4.802202 4.805029 4.803795 4.807425 4.808561 4.804201 4.792551 4.774714 4.760164 4.759295 4.767781 4.777097 4.786921 4.787778 4.796591 4.799304 4.806002 4.80806 4.810098 4.812121 4.815432 4.823586 4.83667 4.850899 4.851011 4.842857 4.835761 4.839083 4.839998 4.86502 4.917366 4.974848 5.043327 5.123683 5.199507 5.300969 5.400322 5.477935 5.563083 5.648256 5.737918 5.82161 5.899809 5.976726 6.025653 6.003552 5.955712 5.925574 6.048048 6.286482 6.495846 6.578101
4.767681 4.7691 4.77542 4.779967 4.783849 4.78695 4.784101 4.789319 4.793844 4.798028 4.798107 4.798964 4.800812 4.804044 4.804215 4.801182 4.793212 4.78125 4.765956 4.753438 4.760211 4.771183 4.782378 4.790953 4.791685 4.799864 4.805683 4.812397 4.813388 4.817302 4.822176 4.833282 4.851831 4.873234 4.892042 4.901916 4.891052 4.894837 4.920095 4.945765 5.001328 5.085111 5.172862 5.254969 5.321392 5.375944 5.420962 5.475478 5.49817 5.550142 5.615015 5.69687 5.795748 5.897982 5.998825 6.081896 6.104822 6.111358 6.152099 6.375346 6.613183 6.775917 6.789338
4.769725 4.772802 4.776275 4.78151 4.784046 4.783596 4.787594 4.788787 4.792552 4.797842 4.803047 4.805312 4.810468 4.809208 4.803565 4.798764 4.791054 4.783724 4.77413 4.772645 4.781302 4.781847 4.790177 4.795579 4.797881 4.802132 4.810943 4.817228 4.822091 4.833241 4.843348 4.858719 4.880763 4.905949 4.927502 4.952839 4.958422 4.969926 5.002714 5.056939 5.144359 5.252935 5.358759 5.45478 5.531956 5.581219 5.611116 5.634793 5.638927 5.630315 5.694057 5.785844 5.886552 5.998639 6.103673 6.196754 6.240092 6.282897 6.378689 6.590217 6.782966 6.860756 6.805202
4.76918 4.773626 4.777118 4.782617 4.788222 4.79094 4.792113 4.790952 4.793311 4.799151 4.806425 4.814968 4.813162 4.803681 4.799659 4.795664 4.792355 4.789008 4.785044 4.786292 4.792369 4.788486 4.792858 4.796093 4.793176 4.800717 4.811141 4.824693 4.840363 4.855428 4.872263 4.890961 4.911556 4.936659 4.967807 5.003525 5.018214 5.052483 5.106158 5.198706 5.315727 5.440663 5.551626 5.641764 5.72473 5.791466 5.832961 5.864033 5.854177 5.864716 5.892595 5.982707 6.087848 6.18329 6.265623 6.329067 6.381466 6.435286 6.533554 6.643123 6.719007 6.708066 6.614179
4.774788 4.772376 4.772852 4.776623 4.78346 4.781421 4.780859 4.783701 4.785883 4.793374 4.802084 4.803066 4.794929 4.786151 4.786072 4.787136 4.788249 4.789372 4.785753 4.789109 4.790799 4.790747 4.788342 4.786519 4.787218 4.798454 4.817448 4.840364 4.860057 4.876038 4.897857 4.920488 4.945336 4.974909 5.008925 5.048425 5.086218 5.130027 5.216298 5.331383 5.458766 5.588776 5.691389 5.776241 5.85616 5.935238 5.979008 6.009912 6.039367 6.06397 6.112202 6.146905 6.229696 6.298121 6.349695 6.407741 6.459216 6.511486 6.549613 6.528996 6.481071 6.402187 6.306529
4.775324 4.772233 4.772295 4.769323 4.770112 4.77525 4.772012 4.769928 4.773962 4.781121 4.785036 4.784338 4.776711 4.773517 4.777613 4.779644 4.784142 4.784415 4.783021 4.781543 4.783934 4.786808 4.787642 4.792082 4.803337 4.817266 4.832567 4.851519 4.870468 4.890684 4.911298 4.938258 4.965187 5.005085 5.045959 5.091577 5.136667 5.196821 5.298727 5.404348 5.506317 5.604433 5.687952 5.765452 5.831878 5.878443 5.906007 5.924105 5.969817 6.021454 6.09031 6.132568 6.194969 6.243351 6.300936 6.381729 6.460385 6.503685 6.475411 6.383871 6.238204 6.084422 5.971357
4.771653 4.771121 4.769537 4.765386 4.766132 4.766178 4.760874 4.757882 4.765744 4.774914 4.780214 4.779068 4.779117 4.779324 4.779009 4.77685 4.776604 4.775842 4.776179 4.769705 4.773554 4.781167 4.790949 4.80549 4.817166 4.826468 4.837536 4.854836 4.873686 4.89491 4.921057 4.946546 4.983086 5.021244 5.061944 5.110873 5.158535 5.219218 5.298476 5.382033 5.457007 5.515721 5.573822 5.612744 5.624709 5.617208 5.606524 5.636097 5.69793 5.77437 5.875085 5.95175 6.014708 6.086052 6.195418 6.32924 6.435978 6.449299 6.354775 6.213585 6.024461 5.846819 5.689259
4.765357 4.765494 4.765121 4.760729 4.757807 4.754017 4.75003 4.75144 4.764291 4.77618 4.787156 4.791543 4.789695 4.784322 4.776565 4.772945 4.767441 4.762824 4.760659 4.761009 4.762611 4.774772 4.785454 4.789605 4.797698 4.810322 4.828454 4.850927 4.87179 4.89791 4.920372 4.948097 4.987864 5.02352 5.062322 5.105284 5.158195 5.209664 5.272269 5.326126 5.370842 5.419591 5.445097 5.433837 5.383236 5.34946 5.352078 5.409485 5.516663 5.6236 5.708481 5.783126 5.880079 6.019059 6.181987 6.333495 6.406177 6.357129 6.221676 6.024229 5.82066 5.642528 5.508762
4.758949 4.76085 4.760484 4.754584 4.755417 4.754488 4.755273 4.75598 4.765893 4.779338 4.793104 4.797451 4.792759 4.783161 4.774611 4.766577 4.760262 4.755058 4.752619 4.754301 4.759591 4.765924 4.770802 4.768204 4.76624 4.782413 4.806219 4.827859 4.853177 4.873122 4.898433 4.930713 4.968638 5.005445 5.041884 5.083601 5.142829 5.196094 5.246421 5.284061 5.324507 5.352243 5.344176 5.308404 5.292874 5.315753 5.381552 5.468208 5.561266 5.641266 5.716664 5.814543 5.955296 6.138828 6.308071 6.405448 6.377126 6.242568 6.039927 5.838481 5.650928 5.497248 5.395144
4.751465 4.754967 4.755595 4.752725 4.755741 4.759508 4.763541 4.764663 4.771106 4.779587 4.791812 4.791195 4.784772 4.775328 4.763248 4.757051 4.753421 4.751209 4.751779 4.75739 4.759081 4.761826 4.765009 4.761127 4.760898 4.770501 4.781284 4.797303 4.816385 4.832407 4.85571 4.888621 4.924338 4.968307 5.006608 5.05454 5.114645 5.174061 5.2263 5.282135 5.329836 5.354683 5.363212 5.385925 5.424071 5.487074 5.556448 5.628817 5.687868 5.757689 5.84384 5.981394 6.15382 6.329991 6.450623 6.460883 6.330852 6.105339 5.858457 5.643229 5.485183 5.374553 5.299447
4.742353 4.745037 4.746838 4.740507 4.745389 4.757826 4.767894 4.771973 4.778034 4.782824 4.78687 4.783455 4.773636 4.7568 4.743962 4.742694 4.744694 4.748623 4.754588 4.754445 4.754084 4.757345 4.763868 4.768337 4.762976 4.75592 4.754992 4.762755 4.775167 4.790614 4.816124 4.849745 4.886615 4.933863 4.977807 5.035825 5.095581 5.168251 5.231814 5.294934 5.360075 5.417632 5.473876 5.520329 5.569162 5.604794 5.617382 5.641058 5.681401 5.772859 5.923972 6.128933 6.330908 6.463708 6.496902 6.408916 6.227357 5.974466 5.710392 5.478297 5.323907 5.218329 5.158977
4.73434 4.73396 4.733799 4.73106 4.73802 4.751915 4.76523 4.775656 4.779659 4.77982 4.779437 4.769767 4.755083 4.735451 4.725363 4.726732 4.731309 4.738618 4.743297 4.734996 4.735393 4.740856 4.74549 4.740101 4.729556 4.723154 4.725115 4.738139 4.754642 4.774276 4.805566 4.839272 4.876733 4.922782 4.968559 5.027275 5.091904 5.162487 5.229466 5.29556 5.360424 5.424122 5.477965 5.518831 5.540452 5.526293 5.531133 5.570977 5.668291 5.823216 6.031609 6.242343 6.404258 6.458237 6.392723 6.241252 6.045522 5.817656 5.564005 5.36892 5.224144 5.109972 5.020446
4.729245 4.727922 4.724596 4.725423 4.737162 4.752379 4.7663 4.772688 4.774485 4.769864 4.758611 4.748393 4.731493 4.715244 4.713074 4.719665 4.723837 4.722612 4.719641 4.715587 4.715936 4.717322 4.716553 4.709105 4.697654 4.695268 4.706666 4.723705 4.741496 4.765495 4.810058 4.855798 4.889908 4.922564 4.96158 5.019728 5.078033 5.136085 5.201041 5.254985 5.310049 5.352073 5.3854 5.412695 5.412327 5.438278 5.498299 5.619423 5.787222 5.979592 6.169175 6.311329 6.371222 6.319814 6.180241 5.988872 5.809036 5.618795 5.409421 5.28228 5.16042 5.055614 4.970532
4.724136 4.726283 4.728415 4.737951 4.748896 4.760325 4.771331 4.774843 4.771667 4.763278 4.74869 4.733553 4.717615 4.716743 4.719661 4.722675 4.726255 4.721103 4.715788 4.711263 4.708295 4.709675 4.708483 4.705781 4.70775 4.716816 4.714515 4.722588 4.736409 4.767912 4.803864 4.842228 4.870656 4.90155 4.949142 5.000292 5.038564 5.086704 5.149544 5.201202 5.250233 5.292489 5.323314 5.352283 5.402056 5.481715 5.610299 5.770741 5.940983 6.09665 6.21685 6.273381 6.233961 6.113343 5.948874 5.750586 5.575416 5.426675 5.262601 5.166836 5.097758 5.030937 4.970041
4.716774 4.724953 4.733757 4.746095 4.757556 4.767151 4.773675 4.773972 4.769995 4.763219 4.749742 4.737974 4.728792 4.723857 4.724571 4.725787 4.729722 4.728263 4.725273 4.726121 4.720469 4.715784 4.713004 4.712602 4.723081 4.734264 4.73137 4.732313 4.74408 4.77284 4.803955 4.821779 4.842558 4.869922 4.9211 4.970436 5.005853 5.046751 5.099045 5.154663 5.212476 5.2776 5.332972 5.40365 5.495081 5.613469 5.750675 5.884953 6.002938 6.087013 6.13493 6.14385 6.054307 5.901403 5.739749 5.565928 5.40051 5.274433 5.154398 5.061599 5.018323 4.999772 4.982182
4.711487 4.723462 4.729361 4.743475 4.756842 4.766559 4.769926 4.76865 4.767741 4.763537 4.756098 4.745832 4.735414 4.731833 4.728391 4.723317 4.720933 4.716369 4.720497 4.732556 4.737728 4.732072 4.727523 4.730623 4.740335 4.748692 4.750312 4.753384 4.759606 4.778552 4.806919 4.826678 4.843192 4.874738 4.919104 4.958354 4.996123 5.053402 5.105312 5.154108 5.212695 5.277391 5.358059 5.449462 5.563953 5.686563 5.800935 5.891268 5.959313 6.002092 6.022303 6.006368 5.891414 5.725747 5.565049 5.427005 5.293277 5.184585 5.092453 4.999632 4.953558 4.935996 4.933389
4.714333 4.723869 4.733342 4.747013 4.760141 4.767656 4.769884 4.769036 4.76669 4.76457 4.760255 4.750634 4.740633 4.735046 4.730973 4.72524 4.717792 4.711039 4.716188 4.728779 4.745178 4.744982 4.740298 4.746759 4.756202 4.765989 4.765345 4.769311 4.774107 4.79035 4.817395 4.851683 4.880765 4.931522 4.975906 5.031696 5.087963 5.119916 5.16606 5.232395 5.269561 5.318454 5.396283 5.485035 5.590327 5.687756 5.767536 5.832407 5.880999 5.913665 5.920293 5.880737 5.757296 5.586215 5.426742 5.302004 5.220195 5.158951 5.082876 4.983544 4.912528 4.873072 4.858747
4.720565 4.732953 4.744545 4.753903 4.764544 4.7736 4.774391 4.771174 4.767711 4.765929 4.761553 4.754792 4.742734 4.735476 4.7321 4.730402 4.726368 4.721809 4.72372 4.725699 4.72973 4.727611 4.728583 4.747658 4.765641 4.772078 4.774869 4.775416 4.779453 4.802299 4.853736 4.907391 4.951567 5.009276 5.07932 5.152319 5.210329 5.250107 5.284614 5.344462 5.391568 5.430352 5.47618 5.535587 5.607465 5.671767 5.731192 5.783188 5.815328 5.82488 5.79707 5.739427 5.628364 5.4648 5.306176 5.212805 5.16853 5.143124 5.072411 4.973509 4.874765 4.821824 4.804804
4.730167 4.743626 4.752919 4.762932 4.768512 4.772523 4.775772 4.771952 4.768037 4.764899 4.761499 4.757512 4.746641 4.737784 4.733862 4.731503 4.736011 4.7334 4.73524 4.733002 4.727717 4.720384 4.727409 4.747679 4.765521 4.77234 4.778573 4.784534 4.801016 4.851325 4.932947 5.012759 5.056978 5.125048 5.196533 5.272232 5.343382 5.38638 5.439469 5.496231 5.545051 5.577563 5.59787 5.617881 5.643506 5.671727 5.709061 5.729426 5.728287 5.702257 5.658973 5.612393 5.51227 5.354187 5.203354 5.140203 5.124099 5.117844 5.047628 4.943467 4.845822 4.781757 4.754828
