py_wake/examples/data/AJ_ParqueFicticio/Rough survey   Sector All   Height 30m   Power density.grd
DSAA
73  159
 258469   265669
 6501692   6517492
 18.49057   986.5446
[rows 28 to 55 of 159, columns 0 to 62 of 73]
139.5387 138.4299 137.3896 136.5559 136.3059 136.3833 136.5434 136.5541 136.1432 137.05 138.8646 140.9098 143.0955 145.6299 145.7214 146.3419 147.6424 148.2883 148.6958 147.888 145.3029 142.1387 143.6497 144.7353 144.681 140.8824 135.5375 130.2658 131.5121 131.6208 132.4193 132.1429 124.9458 105.897 96.08706 110.9761 120.7749 118.8157 122.0424 107.5966 87.47478 83.4959 89.27779 118.8305 149.9931 165.4048 164.2981 173.79 200.3525 221.0709 218.2135 238.5649 351.6416 435.1277 326.4024 346.6145 544.9951 617.8406 438.2305 236.1001 151.6024 107.1337 73.87032
138.6451 138.2763 137.7412 137.0968 136.5705 135.9746 135.9359 136.5566 137.3085 137.9232 138.6221 140.0861 142.5458 145.7115 146.3872 146.6564 147.3116 148.3496 148.8037 148.6544 144.6219 140.1382 140.8019 142.3376 142.5617 140.017 135.6029 132.8033 131.9562 132.7054 132.8273 131.1174 121.312 102.0417 95.91267 111.9312 119.2011 117.9742 118.4208 109.4972 92.3579 85.85298 92.52709 104.7614 125.3171 152.6316 168.1953 184.5652 222.4874 262.6755 267.6145 277.8518 355.5077 470.7546 446.7834 470.8322 595.1517 586.6395 377.451 219.8116 148.7878 102.5658 82.78617
137.3837 137.1061 136.8353 136.3148 135.6514 135.7345 135.2836 136.1241 137.0507 137.0359 137.8362 138.1126 138.9112 142.6987 144.4007 145.5206 146.7681 147.9379 148.6703 147.1689 143.9931 141.4803 140.3068 140.8257 140.303 139.0421 136.8367 134.2369 132.045 131.9785 131.8551 131.9067 119.9619 101.5779 100.7483 110.5259 114.6247 115.132 117.0044 114.1632 100.7301 88.04186 92.82016 106.1735 114.1917 125.497 147.8284 183.161 230.749 293.2444 332.633 374.7846 413.6209 510.1223 587.2604 604.0995 654.3551 515.3456 296.4919 176.7864 113.7461 87.38706 101.0379
136.3827 135.7931 135.44 135.1446 134.6776 134.5075 134.2109 135.5777 135.685 135.9923 136.0973 136.1711 136.602 138.7976 142.6072 144.5188 146.1221 148.0937 148.6815 145.4394 143.6258 142.1166 140.4853 139.5831 139.0245 138.3216 136.469 135.9352 131.6555 130.2671 130.3641 131.3413 123.5958 110.1112 108.8982 109.1056 108.9731 108.9128 112.216 119.2241 107.9752 93.59957 91.56473 102.1547 117.2047 123.4321 127.6264 146.8096 187.7134 249.2234 328.7616 419.7026 501.8551 578.8635 686.0844 728.5194 703.4509 449.0453 235.8947 139.4935 88.59019 77.86888 115.6054
134.1836 134.3338 134.3803 134.4122 134.2935 134.3217 134.5512 134.1422 134.4317 134.4832 134.4641 134.4892 134.3747 134.3049 138.7011 141.7198 144.4527 148.8315 147.4024 144.1504 142.862 141.848 140.4905 139.0703 138.1099 136.4222 135.6333 135.0942 131.1572 127.5525 128.4875 127.766 121.1441 113.8949 109.738 110.5911 107.8982 101.8808 106.1254 115.5275 116.2155 100.1007 91.13469 92.85903 106.6374 131.2643 151.0944 150.7465 154.7228 182.5986 237.4893 325.7457 448.9557 607.5311 781.7706 830.161 705.2268 408.4139 213.7106 119.569 75.216 81.49499 162.4848
134.4969 134.1982 134.1557 134.2648 134.9237 134.9549 134.7844 134.5551 134.5179 134.2866 134.0397 133.8616 133.3503 132.0192 135.8223 139.0228 142.8438 148.5544 145.5585 143.7862 142.4156 141.4155 140.2547 138.7065 137.6704 136.0835 133.0248 132.6743 131.233 127.8626 127.3634 125.8635 121.057 114.5617 110.2412 111.7377 111.1103 99.16508 101.0913 107.5359 116.7355 112.8566 97.71517 84.10738 87.82249 113.0009 153.7714 174.6849 173.4193 190.4732 221.7057 279.3352 364.2166 500.0886 742.6016 924.9671 709.5775 396.1828 212.4719 119.1671 72.70078 88.58601 228.4269
136.9491 135.9709 135.5992 134.8266 134.359 134.1639 134.4829 134.4907 134.6618 134.5548 134.4862 134.2808 133.8847 132.5816 135.2883 138.7236 142.7228 147.5407 144.0049 142.3013 141.0334 139.4654 138.3692 137.1728 135.9498 134.3423 131.5484 130.7419 130.0356 128.9259 127.043 125.2952 122.1189 115.9319 108.8583 107.0798 115.1122 104.5543 97.70965 99.72885 115.506 121.828 114.4174 93.55134 73.00531 89.9056 131.9289 170.1994 181.6802 217.8112 261.8112 337.566 401.2124 478.3388 669.5085 892.837 755.8635 433.956 232.856 137.8585 92.04089 109.9136 259.356
136.5213 136.4814 135.6957 135.2054 134.382 133.971 133.6667 133.2801 133.654 133.8599 133.5846 133.2051 132.2114 133.45 136.3837 138.6185 141.4652 146.0781 140.9669 138.4428 137.3981 136.3313 135.6441 135.0725 134.3943 132.9209 130.8969 130.152 129.2336 128.3312 126.6151 124.3 122.1629 118.0289 111.2324 103.2836 107.7362 109.7841 99.44673 99.76263 111.8394 126.5409 134.7153 118.1438 80.25054 72.68934 111.6176 168.0022 202.652 237.1328 295.1399 410.8495 501.433 555.0481 676.5701 847.1339 757.2759 492.4108 264.1293 157.7321 128.0311 166.0776 291.6803
135.146 134.6348 134.1959 134.2996 134.6436 135.4803 133.5144 133.4901 133.6201 133.4801 132.852 132.0001 131.0498 131.8715 134.7626 136.9685 139.2742 142.0499 137.847 133.0492 133.0093 132.7348 132.6529 132.8975 134.0063 131.8934 130.9045 129.5242 128.4672 127.4933 126.1694 123.4988 120.408 120.4364 114.163 105.0507 101.8437 107.4892 105.408 105.3433 125.6751 152.6462 167.143 160.0992 109.8561 67.34377 84.40942 145.0894 211.5711 269.4727 313.3813 423.5039 566.0498 653.4505 733.4131 859.428 775.5244 489.395 257.8625 173.1296 199.0942 276.9662 375.221
130.7922 131.6665 132.0736 132.4969 132.8647 133.6927 134.7491 134.8311 134.0382 133.4103 132.626 131.6052 130.2532 130.1485 132.1718 133.4307 134.4975 134.5421 134.2753 129.9742 127.2494 128.5964 128.9311 129.9082 133.426 131.4966 130.1123 128.4462 127.3613 125.2991 123.7286 122.8242 121.9765 121.6047 118.3177 108.3664 95.02732 100.812 104.8846 105.3808 131.2914 189.3098 232.268 241.1278 184.108 90.67821 70.00349 104.6268 160.2777 218.9145 258.9984 331.9698 473.6929 611.0365 757.1287 893.4512 800.4844 476.8837 244.975 199.3549 279.4765 410.2743 484.1765
129.2499 130.5893 131.1214 131.4034 131.3542 131.6389 132.2275 132.958 133.6025 134.2161 134.2739 133.7175 131.701 128.3992 129.565 130.2586 130.909 130.9838 130.9499 127.2104 120.4482 123.7473 125.741 127.9597 131.4951 129.8805 129.1118 127.5795 125.4872 122.6803 119.5836 122.2898 122.8243 121.4798 120.3593 113.2532 95.30564 91.02406 94.06136 104.5288 119.8197 171.9308 255.2929 316.4084 299.9641 155.096 82.1313 91.72085 107.6741 146.2716 203.5767 252.8786 349.9675 483.5604 700.9633 906.4688 833.4333 477.6931 252.3795 239.2438 359.5732 475.5026 537.5815
130.6877 132.0073 132.6993 133.206 133.6747 133.9898 130.6342 132.196 133.7535 135.071 136.0278 136.1993 130.6226 128.9115 129.3036 129.8821 130.5532 131.3078 131.4436 125.4667 119.5612 121.2932 123.4889 126.4455 129.0428 129.058 127.731 126.1291 124.417 120.718 117.5523 119.3715 120.5287 120.6022 119.1992 112.5844 95.93668 87.88259 87.5191 101.619 117.8239 152.6152 218.6528 317.8542 379.277 261.2775 139.2833 131.8693 114.7293 118.9481 187.4302 254.9342 337.5445 435.7578 614.8061 859.9907 848.8182 525.4284 312.0948 311.2839 372.3712 440.3649 479.3146
129.3905 131.4203 132.903 133.7395 134.7384 133.5425 133.2281 134.0063 134.7153 135.3517 135.8167 135.328 131.7494 130.4008 129.8036 129.4087 129.6554 129.4586 129.2472 128.0258 124.2159 122.9372 122.7516 123.6846 125.4117 125.0892 124.2197 123.073 121.7323 119.0906 118.2418 119.4058 119.5971 119.7362 119.6838 112.8925 96.89938 84.32076 86.6578 104.4444 129.7818 167.7711 211.4935 299.0366 383.8591 350.8421 230.3924 217.7233 189.457 160.3233 206.7354 285.7818 381.8729 476.1383 622.1114 813.1406 837.183 629.5816 417.4659 362.7424 336.2491 334.7688 356.4012
132.8397 133.0878 133.7193 132.899 132.2488 132.2324 132.4526 133.7737 134.3749 134.2644 133.6591 134.0293 128.85 127.077 126.8929 126.943 126.7038 126.2206 126.7895 127.3542 127.734 126.74 126.026 123.0394 119.2172 118.1843 119.5219 119.7709 119.7714 118.343 118.9585 119.6836 120.2228 119.9651 120.9136 116.402 97.7216 79.02125 83.39528 106.6671 142.5948 187.5277 226.0068 304.2554 385.6731 402.403 319.659 285.3522 291.7081 276.5667 290.03 333.2386 413.7928 502.8877 630.9841 783.9973 804.017 717.98 531.905 372.1907 252.9348 209.3616 218.3795
136.9498 137.0195 137.0704 135.8125 131.5967 129.8252 129.7914 131.1407 131.6877 131.715 131.013 129.7561 127.47 124.6259 124.9543 125.038 124.4021 123.9854 123.4718 124.9523 126.72 128.1859 129.5858 128.6565 117.1947 113.3042 114.882 115.7174 116.6377 117.7162 117.9127 117.9416 118.9046 120.5456 121.3658 116.6627 101.314 82.78497 82.35825 102.1873 132.861 161.0468 192.3578 260.8489 321.5001 365.808 308.8882 255.0658 295.7163 311.3508 330.9444 362.8558 413.1009 461.99 554.8753 725.0249 829.286 793.8749 624.2076 401.633 247.2591 160.1009 142.9092
139.1107 139.9733 141.4931 143.0546 136.2836 127.1018 123.4313 128.0734 130.3336 131.5471 132.893 130.9467 126.8636 123.9915 123.9565 123.8242 123.1857 122.1186 120.423 119.1981 123.3091 125.4508 127.2692 126.7109 120.3251 115.7428 114.6595 113.8212 113.0318 113.8992 115.4735 115.8929 115.9981 118.367 121.1881 113.7044 102.2995 87.78829 77.78323 84.99863 100.8861 123.6447 149.5678 210.6719 254.7154 259.3891 209.361 166.2865 193.0929 236.1245 267.4374 288.5963 336.1682 373.6459 482.5375 740.7339 868.8818 838.1398 631.2426 410.2401 276.3926 170.6803 113.3895
139.1582 140.1421 141.4502 145.2252 140.3729 131.2361 122.3827 123.9122 127.2336 130.4992 133.9427 131.5406 124.9483 123.3956 123.4785 123.2971 122.3744 120.7633 118.8285 115.286 118.7518 120.9872 122.5932 123.5845 118.319 115.8513 114.2917 113.0212 111.9464 112.393 113.3858 114.6507 115.2202 116.8512 120.0702 113.2189 105.488 94.78831 81.84397 80.6346 78.86295 108.0043 141.39 162.1963 182.3036 188.0238 169.4516 137.3754 144.6584 194.5038 211.4084 218.4956 258.5125 355.9432 490.102 782.5787 851.4127 768.2765 581.5477 414.0128 291.1021 189.1897 128.4697
139.2135 139.2487 140.3912 143.8795 143.8997 134.9853 125.9464 124.784 126.266 128.0499 130.7373 130.6557 127.4823 125.5491 124.8224 123.9321 122.877 121.4738 118.9862 114.5993 115.558 117.7606 118.5566 118.4874 114.4327 112.5675 111.8866 110.5077 108.0509 104.0809 106.6017 110.5167 108.6538 107.9086 117.8631 112.1208 105.0774 96.95068 93.86958 89.81709 80.23339 96.14916 119.9125 123.8648 150.7204 169.2791 180.3371 191.858 193.8667 209.8223 226.6242 237.3494 271.637 408.3927 601.3956 824.024 837.4317 599.2817 441.5175 374.7648 324.6121 264.4417 198.8502
137.6445 138.7316 141.3168 143.2563 143.4944 139.3076 133.2796 132.0046 131.7797 128.272 128.3853 128.5315 127.0034 126.1806 125.0916 123.6642 122.5782 121.5197 119.9256 115.6447 116.9783 119.1551 120.9223 120.4626 113.0112 110.1137 110.4916 108.6172 105.5347 100.0555 98.7085 103.2951 100.295 96.57533 109.7382 108.7055 101.3502 94.10472 93.64058 101.2447 99.95347 99.14269 107.0615 129.9877 173.2526 212.2298 230.1572 257.8747 256.352 269.0851 268.399 308.3438 354.4978 495.023 676.235 789.3651 790.7355 554.7813 347.9679 281.3284 257.2774 257.0378 266.5793
135.4772 136.3429 137.573 140.941 141.6149 140.7534 139.0756 139.0669 140.7728 135.1331 124.4543 125.0513 123.7199 122.2711 121.8155 121.0142 120.3838 119.6884 118.6979 119.0817 120.4584 121.2169 122.0314 119.8946 112.9793 110.641 109.0819 106.5185 103.4825 99.7497 94.6201 98.13504 95.97562 89.34048 99.25588 102.345 96.07817 90.93389 87.48995 100.7714 111.1648 121.2589 138.6959 159.997 201.9411 242.3421 229.3796 219.2287 220.9467 232.8129 255.763 359.3183 493.5943 593.6971 669.2025 677.0865 706.7853 618.2119 407.6951 282.0519 207.1121 189.5674 204.699
134.7401 134.8951 135.3382 136.5715 139.8263 140.1616 140.6729 142.3643 146.3195 139.7063 127.0359 120.8371 118.8393 115.0131 117.255 117.8524 118.0012 117.1113 116.0628 116.6419 118.4671 118.2952 117.5106 117.2381 111.0952 106.3641 106.1922 104.8187 103.6462 100.923 101.7804 104.8212 102.8824 90.71555 96.91467 101.2528 94.81438 90.43785 83.30245 93.99231 107.0385 118.029 129.6612 156.8717 181.7087 195.9672 184.5725 176.53 189.0208 218.5501 284.4497 415.7405 566.3215 626.9292 611.1066 505.6413 517.3706 552.7282 489.7585 444.4295 300.1075 183.9984 152.3692
137.2797 137.9683 137.0038 134.5395 137.2508 139.4695 141.7657 145.0076 146.2226 143.3913 133.3802 122.4987 115.536 113.0016 114.487 117.6155 117.8763 116.4684 113.6181 110.6462 113.3464 113.6862 113.641 113.4632 112.5821 105.012 105.2685 105.9755 104.7846 102.7098 104.0544 105.1357 104.3844 100.2292 101.8174 104.5476 98.54464 92.28053 83.83105 87.37588 91.12642 100.7185 106.4697 116.6982 125.7605 148.1232 152.4173 188.1634 227.5638 289.3525 397.1359 499.4339 542.7012 550.7062 524.8677 393.3433 366.8496 396.7455 373.3647 469.8708 498.1107 324.7473 198.4303
137.9021 139.5458 140.8104 135.18 137.1267 140.2494 143.9087 148.436 145.1013 142.789 135.6208 126.9202 118.3263 113.755 115.4115 117.6586 119.7259 121.5178 116.3322 109.3705 111.903 113.2136 114.0535 114.0948 112.6907 110.3646 109.9823 108.9142 108.1835 106.7498 105.236 102.1605 98.8653 99.04904 102.9831 104.5434 95.80464 90.31039 84.98057 83.44214 85.43985 90.67081 100.565 97.05221 106.6716 131.8185 165.2481 216.4108 277.8112 361.1237 463.3478 530.0673 476.3235 422.59 471.1826 372.1307 282.1687 275.5816 234.831 323.2303 494.5911 512.5643 360.3654
135.7227 137.5995 140.2198 139.5405 139.3446 140.9142 146.1669 147.2366 144.5095 141.4626 134.9542 126.9872 119.1687 115.5498 115.9431 116.7077 117.0686 119.3957 119.476 115.7858 116.2322 115.8503 114.3129 113.8236 114.9031 115.7653 116.0216 113.8418 109.8031 112.3534 112.8337 107.5342 96.16167 92.99725 101.6922 102.2657 88.73631 86.6494 84.86383 79.36678 84.28717 87.18935 102.5057 108.5882 123.0783 160.9809 200.171 244.6376 294.7187 345.3501 445.6676 546.4166 424.9455 296.1069 389.8739 429.7393 291.5004 217.4729 162.4298 181.0967 329.5247 480.8971 482.8059
134.4255 136.1746 139.8934 140.2155 140.7162 141.6898 144.814 145.7001 142.814 140.4851 134.7419 127.8468 122.9732 119.8405 118.9626 117.8048 114.3151 113.6888 117.8812 118.8158 120.0275 120.716 114.5032 114.2655 116.1882 117.5252 117.4021 115.041 115.1355 117.171 120.3635 113.0337 100.6132 96.29077 106.1364 103.5975 90.21642 85.29482 84.9532 82.94363 84.82167 78.39993 94.38345 103.1084 125.5042 173.1046 212.9359 232.5215 270.2065 312.1439 450.4465 562.131 411.5926 216.3053 273.4785 449.0999 400.2612 255.5834 139.661 115.8458 196.2667 336.0751 425.455
135.8058 137.6785 138.6058 139.6995 141.1279 143.1423 145.791 142.9364 140.9054 139.0271 135.4687 130.3158 125.815 123.0526 122.6202 122.4243 117.0542 111.8863 113.7081 115.6821 116.4595 119.8276 118.4486 116.8202 117.8814 118.6822 117.314 117.5737 119.5209 123.9871 126.4674 118.3743 104.5894 106.817 119.6397 119.8961 104.4799 93.44171 83.51499 102.3263 100.7951 84.88361 89.70969 100.6606 124.2264 160.9784 189.5139 205.9907 245.432 304.7203 444.3465 551.2678 423.7535 193.9798 175.8531 372.5472 490.031 405.4979 193.8295 90.66318 117.173 222.3428 357.1894
139.6657 139.3992 138.3857 140.0325 142.3207 145.7131 144.2752 142.0866 140.1112 138.1291 135.9523 132.477 128.4606 124.4544 122.7277 123.2785 118.6158 114.4084 114.9629 114.7162 112.2275 111.2218 115.5047 116.2951 117.2658 119.3971 117.9662 116.7503 120.4366 135.287 138.1331 125.58 104.2652 112.4633 135.1114 153.496 140.1956 106.858 84.86619 110.2704 120.9735 111.6987 103.9239 104.1882 123.1597 154.4942 174.3344 189.825 250.7517 304.4984 386.3706 504.7737 430.5834 203.06 130.0582 240.0814 447.0882 510.0562 300.4906 121.7269 81.98119 147.3526 314.4805
140.5645 140.7216 141.3415 142.7286 144.5865 147.1985 143.7657 141.6309 139.6568 138.0199 136.3259 133.9832 131.3437 126.3237 120.3313 121.8881 121.8891 118.9979 118.9639 120.0695 115.5802 105.8912 109.8159 112.1637 114.5663 116.6455 115.1627 112.9322 120.6219 141.3698 164.5356 146.4 108.6593 120.3228 140.5205 172.8385 177.5648 140.9973 97.39972 104.7874 143.8391 138.9263 134.1942 124.9871 125.4124 155.1495 177.9986 180.1227 217.5074 252.2885 334.0963 463.032 413.7346 206.1428 110.0149 182.5795 391.5277 492.0443 347.4497 169.2192 81.31454 115.5198 314.8641
