py_wake/examples/data/AJ_ParqueFicticio/Rough survey   Sector 10   Height 200m   Weibull-k.grd
DSAA
73  159
 258469   265669
 6501692   6517492
 2.181641   2.462891
[rows 84 to 111 of 159, columns 0 to 62 of 73]
2.337891 2.337891 2.341797 2.341797 2.345703 2.345703 2.349609 2.349609 2.353516 2.353516 2.353516 2.353516 2.353516 2.353516 2.353516 2.353516 2.353516 2.349609 2.349609 2.353516 2.353516 2.349609 2.349609 2.345703 2.341797 2.330078 2.314453 2.302734 2.298828 2.302734 2.314453 2.326172 2.333984 2.341797 2.349609 2.361328 2.369141 2.373047 2.369141 2.361328 2.357422 2.353516 2.353516 2.353516 2.361328 2.365234 2.373047 2.376953 2.384766 2.392578 2.404297 2.408203 2.412109 2.416016 2.419922 2.423828 2.431641 2.431641 2.435547 2.435547 2.435547 2.439453 2.439453
2.333984 2.337891 2.341797 2.341797 2.341797 2.345703 2.349609 2.349609 2.349609 2.353516 2.353516 2.353516 2.349609 2.349609 2.353516 2.349609 2.349609 2.349609 2.345703 2.349609 2.345703 2.345703 2.341797 2.337891 2.330078 2.322266 2.310547 2.298828 2.294922 2.298828 2.306641 2.318359 2.330078 2.341797 2.353516 2.361328 2.369141 2.369141 2.369141 2.361328 2.357422 2.357422 2.357422 2.357422 2.361328 2.365234 2.369141 2.369141 2.376953 2.384766 2.396484 2.404297 2.412109 2.416016 2.419922 2.423828 2.431641 2.431641 2.435547 2.435547 2.435547 2.439453 2.439453
2.333984 2.333984 2.337891 2.341797 2.341797 2.341797 2.345703 2.349609 2.349609 2.353516 2.353516 2.353516 2.349609 2.349609 2.349609 2.349609 2.349609 2.345703 2.345703 2.345703 2.341797 2.337891 2.333984 2.326172 2.318359 2.314453 2.302734 2.294922 2.291016 2.291016 2.298828 2.310547 2.326172 2.337891 2.353516 2.361328 2.369141 2.369141 2.361328 2.361328 2.357422 2.357422 2.357422 2.361328 2.365234 2.369141 2.373047 2.373047 2.376953 2.380859 2.388672 2.396484 2.404297 2.412109 2.419922 2.427734 2.431641 2.431641 2.435547 2.435547 2.435547 2.439453 2.439453
2.333984 2.333984 2.333984 2.337891 2.337891 2.341797 2.341797 2.345703 2.345703 2.349609 2.353516 2.349609 2.349609 2.349609 2.345703 2.349609 2.345703 2.345703 2.341797 2.341797 2.337891 2.333984 2.326172 2.318359 2.310547 2.302734 2.294922 2.291016 2.287109 2.287109 2.294922 2.306641 2.322266 2.337891 2.353516 2.365234 2.369141 2.365234 2.361328 2.361328 2.357422 2.357422 2.361328 2.361328 2.365234 2.369141 2.373047 2.376953 2.380859 2.380859 2.384766 2.388672 2.396484 2.408203 2.416016 2.423828 2.427734 2.431641 2.435547 2.435547 2.435547 2.439453 2.439453
2.330078 2.333984 2.333984 2.337891 2.337891 2.337891 2.341797 2.345703 2.345703 2.349609 2.349609 2.349609 2.349609 2.345703 2.345703 2.345703 2.345703 2.341797 2.341797 2.337891 2.337891 2.330078 2.322266 2.310547 2.302734 2.294922 2.291016 2.283203 2.279297 2.283203 2.287109 2.302734 2.318359 2.333984 2.353516 2.365234 2.369141 2.365234 2.361328 2.357422 2.357422 2.357422 2.357422 2.361328 2.369141 2.369141 2.373047 2.376953 2.380859 2.384766 2.380859 2.380859 2.384766 2.396484 2.408203 2.419922 2.427734 2.431641 2.435547 2.435547 2.435547 2.439453 2.439453
2.330078 2.330078 2.330078 2.333984 2.333984 2.337891 2.337891 2.341797 2.345703 2.345703 2.345703 2.349609 2.349609 2.345703 2.345703 2.345703 2.341797 2.341797 2.337891 2.337891 2.333984 2.330078 2.322266 2.310547 2.294922 2.287109 2.279297 2.275391 2.275391 2.283203 2.291016 2.306641 2.318359 2.337891 2.353516 2.361328 2.365234 2.365234 2.361328 2.361328 2.357422 2.357422 2.361328 2.365234 2.369141 2.373047 2.373047 2.376953 2.384766 2.384766 2.384766 2.376953 2.376953 2.384766 2.396484 2.412109 2.427734 2.431641 2.435547 2.435547 2.435547 2.439453 2.439453
2.322266 2.326172 2.330078 2.330078 2.333984 2.333984 2.337891 2.341797 2.341797 2.341797 2.345703 2.349609 2.345703 2.345703 2.341797 2.345703 2.341797 2.337891 2.333984 2.333984 2.333984 2.326172 2.318359 2.306641 2.291016 2.279297 2.275391 2.271484 2.275391 2.283203 2.294922 2.310547 2.326172 2.341797 2.353516 2.361328 2.361328 2.361328 2.361328 2.361328 2.361328 2.361328 2.365234 2.369141 2.376953 2.376953 2.380859 2.384766 2.392578 2.392578 2.388672 2.384766 2.380859 2.380859 2.388672 2.404297 2.423828 2.431641 2.435547 2.435547 2.435547 2.439453 2.439453
2.322266 2.326172 2.326172 2.326172 2.330078 2.333984 2.333984 2.337891 2.341797 2.341797 2.345703 2.345703 2.345703 2.345703 2.345703 2.345703 2.341797 2.337891 2.333984 2.326172 2.326172 2.322266 2.314453 2.298828 2.283203 2.275391 2.267578 2.267578 2.275391 2.287109 2.298828 2.318359 2.330078 2.345703 2.357422 2.357422 2.357422 2.361328 2.361328 2.361328 2.361328 2.365234 2.369141 2.376953 2.380859 2.384766 2.388672 2.396484 2.404297 2.404297 2.400391 2.396484 2.396484 2.392578 2.396484 2.408203 2.423828 2.431641 2.435547 2.435547 2.435547 2.439453 2.439453
2.318359 2.322266 2.326172 2.326172 2.326172 2.330078 2.333984 2.333984 2.337891 2.341797 2.345703 2.345703 2.345703 2.345703 2.345703 2.345703 2.341797 2.337891 2.330078 2.322266 2.318359 2.310547 2.302734 2.291016 2.279297 2.267578 2.267578 2.267578 2.275391 2.291016 2.306641 2.322266 2.341797 2.353516 2.357422 2.357422 2.357422 2.357422 2.357422 2.361328 2.365234 2.369141 2.373047 2.380859 2.384766 2.392578 2.400391 2.404297 2.412109 2.412109 2.412109 2.412109 2.412109 2.416016 2.416016 2.423828 2.431641 2.431641 2.435547 2.435547 2.435547 2.439453 2.439453
2.318359 2.318359 2.322266 2.322266 2.326172 2.330078 2.330078 2.333984 2.337891 2.341797 2.341797 2.341797 2.345703 2.345703 2.345703 2.345703 2.345703 2.337891 2.326172 2.314453 2.302734 2.298828 2.291016 2.279297 2.271484 2.263672 2.263672 2.271484 2.283203 2.298828 2.314453 2.330078 2.345703 2.357422 2.361328 2.357422 2.353516 2.353516 2.353516 2.357422 2.365234 2.369141 2.376953 2.384766 2.392578 2.400391 2.404297 2.408203 2.412109 2.412109 2.416016 2.416016 2.423828 2.427734 2.427734 2.427734 2.431641 2.431641 2.435547 2.435547 2.435547 2.439453 2.439453
2.314453 2.314453 2.318359 2.322266 2.322266 2.326172 2.330078 2.330078 2.333984 2.337891 2.341797 2.345703 2.345703 2.341797 2.341797 2.341797 2.341797 2.337891 2.326172 2.310547 2.294922 2.287109 2.279297 2.267578 2.263672 2.259766 2.263672 2.275391 2.287109 2.306641 2.322266 2.333984 2.349609 2.361328 2.361328 2.357422 2.353516 2.353516 2.353516 2.357422 2.361328 2.369141 2.380859 2.388672 2.396484 2.404297 2.412109 2.412109 2.412109 2.412109 2.416016 2.416016 2.423828 2.427734 2.427734 2.427734 2.431641 2.435547 2.435547 2.435547 2.439453 2.439453 2.439453
2.310547 2.310547 2.314453 2.318359 2.318359 2.326172 2.326172 2.330078 2.333984 2.337891 2.341797 2.345703 2.345703 2.341797 2.337891 2.337891 2.337891 2.330078 2.318359 2.306641 2.291016 2.279297 2.267578 2.259766 2.255859 2.255859 2.263672 2.279297 2.294922 2.314453 2.326172 2.337891 2.349609 2.353516 2.353516 2.353516 2.349609 2.349609 2.349609 2.353516 2.361328 2.369141 2.380859 2.392578 2.400391 2.408203 2.412109 2.412109 2.416016 2.412109 2.416016 2.416016 2.423828 2.427734 2.427734 2.427734 2.431641 2.435547 2.435547 2.435547 2.439453 2.439453 2.439453
2.310547 2.310547 2.314453 2.318359 2.318359 2.322266 2.326172 2.330078 2.333984 2.337891 2.341797 2.345703 2.341797 2.341797 2.333984 2.330078 2.326172 2.322266 2.310547 2.298828 2.287109 2.275391 2.263672 2.251953 2.251953 2.259766 2.271484 2.287109 2.302734 2.314453 2.326172 2.333984 2.341797 2.349609 2.349609 2.349609 2.349609 2.349609 2.349609 2.353516 2.361328 2.373047 2.384766 2.392578 2.404297 2.408203 2.412109 2.416016 2.416016 2.416016 2.412109 2.416016 2.419922 2.423828 2.427734 2.427734 2.431641 2.435547 2.435547 2.435547 2.439453 2.439453 2.439453
2.306641 2.306641 2.310547 2.318359 2.318359 2.322266 2.326172 2.330078 2.333984 2.337891 2.341797 2.345703 2.345703 2.341797 2.333984 2.322266 2.314453 2.306641 2.298828 2.287109 2.279297 2.271484 2.259766 2.255859 2.255859 2.267578 2.283203 2.298828 2.306641 2.314453 2.318359 2.326172 2.330078 2.337891 2.341797 2.341797 2.345703 2.349609 2.349609 2.357422 2.365234 2.376953 2.388672 2.396484 2.404297 2.408203 2.412109 2.416016 2.416016 2.416016 2.416016 2.416016 2.416016 2.412109 2.412109 2.416016 2.423828 2.431641 2.435547 2.435547 2.435547 2.439453 2.439453
2.306641 2.306641 2.310547 2.318359 2.318359 2.322266 2.326172 2.330078 2.333984 2.341797 2.345703 2.349609 2.345703 2.341797 2.333984 2.322266 2.310547 2.298828 2.287109 2.279297 2.271484 2.267578 2.263672 2.259766 2.267578 2.283203 2.298828 2.306641 2.306641 2.310547 2.314453 2.318359 2.326172 2.330078 2.333984 2.333984 2.341797 2.349609 2.357422 2.365234 2.369141 2.380859 2.388672 2.396484 2.404297 2.408203 2.416016 2.416016 2.419922 2.416016 2.416016 2.412109 2.412109 2.404297 2.404297 2.404297 2.412109 2.423828 2.435547 2.435547 2.439453 2.439453 2.439453
2.302734 2.306641 2.310547 2.318359 2.322266 2.326172 2.330078 2.333984 2.337891 2.345703 2.349609 2.349609 2.345703 2.341797 2.330078 2.318359 2.306641 2.294922 2.283203 2.275391 2.271484 2.271484 2.271484 2.275391 2.287109 2.298828 2.306641 2.306641 2.310547 2.310547 2.314453 2.318359 2.326172 2.330078 2.330078 2.333984 2.341797 2.349609 2.357422 2.369141 2.376953 2.384766 2.392578 2.396484 2.404297 2.412109 2.419922 2.419922 2.419922 2.416016 2.412109 2.408203 2.404297 2.400391 2.400391 2.404297 2.408203 2.419922 2.435547 2.435547 2.439453 2.439453 2.439453
2.306641 2.306641 2.310547 2.318359 2.326172 2.326172 2.333984 2.337891 2.341797 2.345703 2.353516 2.349609 2.341797 2.333984 2.326172 2.318359 2.306641 2.294922 2.283203 2.275391 2.275391 2.279297 2.283203 2.291016 2.302734 2.306641 2.306641 2.306641 2.306641 2.310547 2.318359 2.326172 2.333984 2.333984 2.333984 2.337891 2.345703 2.353516 2.361328 2.373047 2.380859 2.384766 2.392578 2.396484 2.404297 2.412109 2.419922 2.419922 2.423828 2.419922 2.412109 2.404297 2.396484 2.396484 2.396484 2.404297 2.412109 2.423828 2.435547 2.435547 2.439453 2.439453 2.439453
2.310547 2.310547 2.314453 2.322266 2.326172 2.333984 2.337891 2.341797 2.345703 2.349609 2.349609 2.345703 2.333984 2.326172 2.318359 2.314453 2.306641 2.298828 2.291016 2.287109 2.287109 2.294922 2.298828 2.310547 2.314453 2.310547 2.306641 2.306641 2.306641 2.314453 2.326172 2.333984 2.341797 2.341797 2.341797 2.345703 2.353516 2.361328 2.369141 2.376953 2.384766 2.388672 2.388672 2.392578 2.400391 2.412109 2.419922 2.419922 2.423828 2.419922 2.408203 2.400391 2.392578 2.388672 2.392578 2.400391 2.412109 2.423828 2.435547 2.439453 2.439453 2.439453 2.439453
2.314453 2.314453 2.318359 2.326172 2.330078 2.337891 2.341797 2.345703 2.349609 2.353516 2.345703 2.337891 2.326172 2.318359 2.314453 2.310547 2.306641 2.302734 2.298828 2.298828 2.302734 2.310547 2.318359 2.322266 2.322266 2.314453 2.310547 2.310547 2.314453 2.322266 2.333984 2.341797 2.345703 2.349609 2.349609 2.361328 2.365234 2.373047 2.380859 2.388672 2.388672 2.384766 2.388672 2.388672 2.400391 2.416016 2.419922 2.423828 2.423828 2.423828 2.412109 2.396484 2.388672 2.384766 2.388672 2.396484 2.412109 2.423828 2.435547 2.435547 2.439453 2.439453 2.439453
2.318359 2.322266 2.322266 2.330078 2.333984 2.337891 2.345703 2.349609 2.349609 2.349609 2.341797 2.330078 2.318359 2.310547 2.306641 2.306641 2.310547 2.310547 2.310547 2.314453 2.318359 2.330078 2.337891 2.337891 2.330078 2.322266 2.318359 2.318359 2.322266 2.330078 2.337891 2.345703 2.353516 2.357422 2.365234 2.373047 2.380859 2.388672 2.392578 2.396484 2.388672 2.384766 2.384766 2.388672 2.400391 2.412109 2.419922 2.423828 2.423828 2.423828 2.412109 2.400391 2.388672 2.384766 2.388672 2.396484 2.412109 2.427734 2.435547 2.435547 2.439453 2.439453 2.439453
2.322266 2.326172 2.330078 2.333984 2.337891 2.341797 2.345703 2.349609 2.345703 2.341797 2.330078 2.322266 2.314453 2.302734 2.298828 2.302734 2.310547 2.314453 2.322266 2.326172 2.337891 2.345703 2.353516 2.349609 2.345703 2.341797 2.337891 2.337891 2.337891 2.341797 2.345703 2.353516 2.365234 2.369141 2.380859 2.384766 2.396484 2.400391 2.400391 2.396484 2.388672 2.380859 2.380859 2.384766 2.396484 2.404297 2.412109 2.416016 2.419922 2.419922 2.416016 2.404297 2.396484 2.392578 2.396484 2.404297 2.419922 2.431641 2.435547 2.439453 2.439453 2.439453 2.439453
2.330078 2.330078 2.333984 2.337891 2.337891 2.345703 2.345703 2.341797 2.337891 2.330078 2.318359 2.310547 2.298828 2.291016 2.291016 2.298828 2.310547 2.318359 2.326172 2.337891 2.349609 2.361328 2.365234 2.365234 2.365234 2.361328 2.357422 2.357422 2.357422 2.353516 2.357422 2.369141 2.376953 2.384766 2.396484 2.404297 2.404297 2.408203 2.408203 2.396484 2.384766 2.376953 2.376953 2.384766 2.392578 2.396484 2.396484 2.404297 2.408203 2.412109 2.412109 2.412109 2.408203 2.408203 2.412109 2.419922 2.431641 2.435547 2.435547 2.439453 2.439453 2.439453 2.439453
2.330078 2.333984 2.337891 2.337891 2.341797 2.345703 2.345703 2.333984 2.326172 2.318359 2.306641 2.294922 2.287109 2.279297 2.279297 2.287109 2.302734 2.318359 2.330078 2.341797 2.357422 2.365234 2.373047 2.380859 2.380859 2.380859 2.376953 2.376953 2.373047 2.373047 2.376953 2.384766 2.392578 2.400391 2.404297 2.404297 2.408203 2.408203 2.412109 2.396484 2.384766 2.376953 2.373047 2.380859 2.384766 2.384766 2.384766 2.392578 2.396484 2.404297 2.408203 2.412109 2.416016 2.423828 2.431641 2.431641 2.435547 2.435547 2.435547 2.439453 2.439453 2.439453 2.439453
2.333984 2.337891 2.341797 2.341797 2.341797 2.345703 2.337891 2.330078 2.318359 2.310547 2.294922 2.283203 2.271484 2.267578 2.267578 2.279297 2.294922 2.310547 2.326172 2.341797 2.357422 2.369141 2.380859 2.384766 2.384766 2.388672 2.392578 2.392578 2.392578 2.392578 2.396484 2.400391 2.400391 2.404297 2.404297 2.404297 2.408203 2.408203 2.412109 2.396484 2.384766 2.373047 2.369141 2.373047 2.373047 2.376953 2.384766 2.388672 2.392578 2.396484 2.396484 2.404297 2.416016 2.427734 2.431641 2.431641 2.435547 2.435547 2.435547 2.439453 2.439453 2.439453 2.439453
2.333984 2.337891 2.341797 2.337891 2.337891 2.337891 2.330078 2.326172 2.314453 2.298828 2.287109 2.275391 2.263672 2.259766 2.259766 2.271484 2.283203 2.298828 2.314453 2.333984 2.349609 2.365234 2.380859 2.384766 2.384766 2.388672 2.392578 2.392578 2.392578 2.396484 2.400391 2.400391 2.400391 2.404297 2.404297 2.404297 2.408203 2.408203 2.412109 2.400391 2.384766 2.369141 2.365234 2.361328 2.361328 2.369141 2.380859 2.388672 2.392578 2.392578 2.392578 2.396484 2.412109 2.427734 2.431641 2.431641 2.435547 2.435547 2.435547 2.439453 2.439453 2.439453 2.439453
2.333984 2.337891 2.341797 2.341797 2.337891 2.330078 2.326172 2.318359 2.306641 2.294922 2.279297 2.267578 2.259766 2.255859 2.259766 2.267578 2.275391 2.283203 2.298828 2.322266 2.341797 2.357422 2.376953 2.384766 2.388672 2.392578 2.392578 2.392578 2.396484 2.396484 2.400391 2.400391 2.400391 2.404297 2.404297 2.408203 2.408203 2.412109 2.412109 2.400391 2.380859 2.365234 2.357422 2.349609 2.353516 2.361328 2.376953 2.388672 2.392578 2.396484 2.392578 2.400391 2.416016 2.427734 2.431641 2.435547 2.435547 2.435547 2.439453 2.439453 2.439453 2.439453 2.439453
2.337891 2.337891 2.341797 2.345703 2.337891 2.330078 2.322266 2.314453 2.302734 2.291016 2.279297 2.267578 2.259766 2.259766 2.267578 2.267578 2.271484 2.275391 2.283203 2.306641 2.326172 2.349609 2.369141 2.380859 2.388672 2.392578 2.392578 2.392578 2.396484 2.396484 2.400391 2.400391 2.404297 2.404297 2.404297 2.408203 2.408203 2.412109 2.412109 2.400391 2.380859 2.361328 2.353516 2.345703 2.345703 2.357422 2.369141 2.380859 2.388672 2.392578 2.396484 2.408203 2.427734 2.431641 2.431641 2.435547 2.435547 2.435547 2.439453 2.439453 2.439453 2.439453 2.443359
2.337891 2.341797 2.341797 2.345703 2.341797 2.330078 2.322266 2.310547 2.298828 2.287109 2.279297 2.267578 2.267578 2.271484 2.275391 2.279297 2.279297 2.275391 2.275391 2.287109 2.310547 2.333984 2.357422 2.373047 2.380859 2.384766 2.392578 2.396484 2.396484 2.400391 2.396484 2.396484 2.400391 2.404297 2.408203 2.408203 2.408203 2.412109 2.412109 2.396484 2.376953 2.361328 2.349609 2.345703 2.349609 2.357422 2.365234 2.373047 2.380859 2.388672 2.400391 2.416016 2.427734 2.431641 2.431641 2.435547 2.435547 2.439453 2.439453 2.439453 2.439453 2.439453 2.443359
