py_wake/examples/data/AJ_ParqueFicticio/Rough survey   Sector All   Height 30m   Weibull-k.grd
DSAA
73  159
 258469   265669
 6501692   6517492
 1.337891   2.126953
[rows 112 to 139 of 159, columns 0 to 62 of 73]
2.064453 2.033203 2.048828 2.068359 2.060547 2.037109 2.005859 1.970703 1.935547 1.912109 1.865234 1.826172 1.841797 1.896484 1.947266 2.017578 2.001953 1.900391 1.791016 1.669922 1.775391 1.978516 2.099609 2.111328 2.091797 2.025391 2.013672 2.052734 1.986328 1.826172 1.681641 1.630859 1.638672 1.736328 1.837891 1.935547 2.048828 2.115234 2.056641 2.005859 1.974609 1.943359 1.923828 1.943359 1.919922 1.841797 1.767578 1.677734 1.619141 1.826172 2.029297 2.052734 2.029297 1.966797 1.923828 1.916016 1.927734 1.939453 1.962891 1.931641 1.576172 1.572266 1.576172
2.029297 2.025391 2.044922 2.072266 2.076172 2.060547 2.044922 2.009766 1.970703 1.947266 1.900391 1.865234 1.880859 1.931641 2.009766 2.083984 2.025391 1.908203 1.853516 1.783203 1.712891 1.791016 1.919922 2.017578 2.068359 2.021484 2.017578 2.052734 1.970703 1.822266 1.693359 1.666016 1.685547 1.701172 1.755859 1.873047 2.037109 2.119141 2.064453 2.013672 1.974609 1.955078 1.982422 2.021484 2.017578 1.939453 1.845703 1.759766 1.681641 1.740234 1.951172 2.048828 2.009766 1.951172 1.919922 1.951172 1.947266 1.955078 1.919922 1.865234 1.763672 1.638672 1.677734
1.974609 2.025391 2.048828 2.072266 2.083984 2.080078 2.060547 2.041016 2.009766 1.978516 1.923828 1.904297 1.916016 1.986328 2.056641 2.076172 2.025391 1.935547 1.900391 1.904297 1.767578 1.638672 1.626953 1.783203 2.013672 2.025391 2.021484 2.048828 1.951172 1.822266 1.771484 1.767578 1.763672 1.748047 1.751953 1.814453 1.982422 2.115234 2.083984 2.044922 2.025391 2.021484 2.056641 2.103516 2.083984 2.029297 1.947266 1.869141 1.837891 1.865234 1.994141 2.068359 2.041016 1.986328 1.978516 1.982422 1.974609 1.962891 1.919922 1.853516 1.779297 1.732422 1.740234
1.974609 2.017578 2.041016 2.064453 2.083984 2.087891 2.064453 2.048828 2.029297 2.001953 1.958984 1.955078 1.974609 2.052734 2.080078 2.091797 2.041016 1.998047 2.005859 2.025391 1.966797 1.802734 1.580078 1.552734 1.865234 2.001953 2.001953 2.021484 1.880859 1.869141 1.900391 1.900391 1.865234 1.810547 1.806641 1.876953 2.005859 2.115234 2.091797 2.076172 2.091797 2.091797 2.111328 2.107422 2.091797 2.083984 2.044922 1.982422 1.966797 2.017578 2.087891 2.119141 2.080078 2.048828 2.029297 2.009766 2.001953 1.974609 1.943359 1.876953 1.849609 1.818359 1.818359
1.990234 2.017578 2.029297 2.048828 2.072266 2.064453 2.048828 2.041016 2.029297 2.009766 1.982422 2.005859 2.052734 2.095703 2.111328 2.115234 2.091797 2.076172 2.099609 2.111328 2.095703 2.064453 1.888672 1.595703 1.673828 1.974609 2.021484 2.005859 1.927734 1.958984 1.986328 1.970703 1.904297 1.888672 1.947266 2.021484 2.080078 2.111328 2.083984 2.072266 2.095703 2.119141 2.083984 2.044922 2.021484 2.029297 2.033203 2.025391 2.013672 2.033203 2.083984 2.099609 2.087891 2.072266 2.044922 2.033203 2.017578 2.001953 1.970703 1.904297 1.880859 1.849609 1.865234
2.005859 2.009766 2.013672 2.021484 2.033203 2.021484 2.017578 2.013672 2.001953 1.982422 2.005859 2.060547 2.095703 2.107422 2.111328 2.115234 2.099609 2.095703 2.111328 2.115234 2.111328 2.099609 2.103516 2.025391 1.771484 1.888672 2.080078 1.998047 1.974609 2.064453 2.056641 1.955078 1.912109 2.033203 2.080078 2.095703 2.072266 2.044922 2.033203 2.044922 2.099609 2.115234 2.064453 2.033203 1.982422 1.966797 1.970703 1.962891 1.962891 1.970703 2.009766 2.044922 2.060547 2.044922 2.048828 2.033203 2.029297 2.029297 2.001953 1.912109 1.896484 1.861328 1.916016
1.943359 1.943359 1.947266 1.958984 1.962891 1.966797 1.970703 1.955078 1.939453 1.927734 1.978516 2.056641 2.111328 2.115234 2.115234 2.107422 2.091797 2.072266 2.103516 2.119141 2.119141 2.080078 2.041016 2.052734 2.107422 1.947266 2.087891 2.107422 2.060547 2.099609 2.072266 1.958984 2.041016 2.107422 2.107422 2.083984 1.986328 1.927734 1.896484 1.947266 2.060547 2.103516 2.029297 2.005859 2.009766 1.970703 1.935547 1.900391 1.908203 1.919922 1.947266 2.001953 2.021484 2.009766 2.025391 2.013672 2.029297 2.029297 2.025391 1.998047 1.912109 1.880859 1.939453
1.814453 1.830078 1.857422 1.880859 1.892578 1.904297 1.912109 1.912109 1.912109 1.900391 1.923828 1.990234 2.076172 2.111328 2.095703 2.060547 2.037109 2.025391 2.037109 2.048828 2.087891 2.115234 2.048828 2.005859 2.048828 2.119141 2.033203 2.056641 2.107422 2.111328 2.037109 1.970703 2.111328 2.111328 2.099609 2.009766 1.892578 1.837891 1.837891 1.873047 1.947266 2.076172 2.005859 1.935547 1.978516 1.978516 1.923828 1.884766 1.892578 1.916016 1.955078 1.994141 1.998047 2.001953 1.998047 2.001953 2.013672 2.013672 1.978516 1.912109 1.833984 1.833984 1.837891
1.798828 1.830078 1.845703 1.845703 1.849609 1.857422 1.857422 1.880859 1.919922 1.931641 1.931641 1.943359 1.982422 2.029297 2.048828 2.013672 1.978516 1.974609 1.998047 1.994141 2.029297 2.099609 2.123047 2.068359 2.052734 2.052734 2.087891 2.029297 2.064453 2.115234 2.021484 2.056641 2.111328 2.087891 2.048828 1.931641 1.837891 1.814453 1.841797 1.947266 1.990234 2.048828 2.056641 1.939453 1.904297 1.904297 1.880859 1.876953 1.900391 1.943359 1.986328 2.021484 1.998047 2.001953 1.994141 2.013672 2.005859 2.017578 1.865234 1.705078 1.677734 1.783203 1.783203
1.904297 1.892578 1.861328 1.830078 1.814453 1.818359 1.798828 1.833984 1.908203 1.990234 1.943359 1.966797 1.978516 1.955078 1.904297 1.947266 1.951172 1.947266 1.958984 1.970703 2.021484 2.087891 2.111328 2.080078 2.076172 2.048828 2.056641 2.119141 2.056641 2.103516 2.068359 2.107422 2.091797 2.052734 1.990234 1.884766 1.802734 1.822266 1.884766 1.994141 2.068359 2.103516 2.091797 1.986328 1.888672 1.861328 1.857422 1.876953 1.919922 1.970703 2.033203 2.037109 2.048828 2.017578 2.017578 1.982422 1.994141 1.876953 1.615234 1.556641 1.630859 1.693359 1.806641
1.947266 1.916016 1.853516 1.802734 1.783203 1.763672 1.775391 1.806641 1.943359 2.048828 1.978516 1.947266 2.001953 1.990234 1.900391 1.837891 1.833984 1.876953 1.908203 1.919922 1.935547 2.013672 2.076172 2.033203 2.021484 2.041016 2.091797 2.087891 2.115234 2.080078 2.087891 2.111328 2.060547 2.041016 1.986328 1.873047 1.818359 1.845703 1.927734 1.994141 2.009766 2.076172 2.091797 2.005859 1.931641 1.896484 1.892578 1.888672 1.912109 1.966797 2.001953 2.041016 2.044922 2.052734 2.009766 1.970703 1.880859 1.654297 1.525391 1.564453 1.732422 1.861328 1.962891
1.955078 1.931641 1.869141 1.806641 1.755859 1.740234 1.728516 1.779297 1.958984 2.076172 2.013672 1.986328 1.978516 2.013672 1.994141 1.951172 1.869141 1.822266 1.802734 1.798828 1.822266 1.904297 1.994141 2.025391 2.052734 2.041016 2.041016 2.056641 2.107422 2.076172 2.037109 2.083984 2.099609 2.083984 1.978516 1.869141 1.826172 1.849609 1.919922 1.982422 1.947266 1.931641 1.994141 2.001953 1.962891 1.962891 1.939453 1.943359 1.931641 1.931641 1.958984 1.990234 2.009766 2.005859 1.947266 1.837891 1.728516 1.556641 1.591797 1.759766 1.896484 1.943359 2.021484
1.974609 1.958984 1.904297 1.833984 1.771484 1.736328 1.716797 1.779297 1.912109 2.009766 2.025391 2.025391 1.990234 1.986328 1.998047 2.013672 1.982422 1.951172 1.912109 1.904297 1.904297 1.955078 2.025391 2.072266 2.099609 2.052734 2.033203 1.982422 1.998047 2.001953 1.943359 2.037109 2.115234 2.060547 1.955078 1.873047 1.837891 1.853516 1.892578 1.955078 1.931641 1.896484 1.912109 1.966797 1.994141 1.986328 1.986328 2.005859 1.998047 1.943359 1.931641 1.951172 1.951172 1.876953 1.759766 1.642578 1.572266 1.716797 1.849609 1.939453 1.958984 2.009766 2.056641
1.951172 1.935547 1.904297 1.849609 1.787109 1.779297 1.767578 1.783203 1.841797 1.869141 1.986328 2.037109 2.001953 2.005859 2.005859 2.025391 1.998047 1.962891 1.947266 2.013672 2.052734 2.068359 2.083984 2.091797 2.087891 2.060547 2.037109 2.021484 1.998047 1.923828 1.763672 1.939453 2.072266 2.025391 1.923828 1.861328 1.833984 1.845703 1.884766 1.935547 1.947266 1.931641 1.927734 1.931641 1.958984 1.986328 1.982422 2.021484 2.068359 2.033203 1.966797 1.908203 1.810547 1.646484 1.564453 1.615234 1.650391 1.810547 2.052734 2.072266 2.044922 2.048828 2.099609
1.919922 1.896484 1.869141 1.830078 1.810547 1.849609 1.845703 1.853516 1.857422 1.779297 1.849609 2.001953 1.998047 1.974609 1.962891 2.001953 2.033203 1.966797 1.994141 2.021484 2.041016 2.048828 2.017578 1.951172 1.962891 2.033203 2.099609 2.103516 2.095703 1.994141 1.716797 1.787109 2.009766 1.939453 1.884766 1.865234 1.861328 1.849609 1.880859 1.931641 1.927734 1.916016 1.923828 1.923828 1.931641 1.947266 1.951172 1.947266 2.029297 2.052734 1.994141 1.810547 1.552734 1.521484 1.580078 1.626953 1.689453 1.923828 2.103516 2.056641 2.048828 2.111328 2.111328
1.896484 1.873047 1.841797 1.833984 1.853516 1.908203 1.912109 1.923828 1.962891 1.880859 1.802734 1.876953 1.970703 1.939453 1.904297 1.931641 2.033203 2.064453 2.025391 2.021484 2.005859 1.982422 1.923828 1.865234 1.919922 2.041016 2.103516 2.099609 2.103516 2.103516 1.787109 1.845703 1.994141 1.923828 1.880859 1.884766 1.888672 1.857422 1.841797 1.869141 1.876953 1.888672 1.908203 1.900391 1.912109 1.931641 1.943359 1.904297 1.892578 2.009766 1.994141 1.611328 1.529297 1.513672 1.548828 1.638672 1.892578 2.052734 2.072266 2.025391 1.994141 2.119141 2.115234
1.791016 1.810547 1.818359 1.837891 1.861328 1.943359 1.923828 1.923828 1.986328 1.994141 1.880859 1.830078 1.939453 1.966797 1.900391 1.884766 1.978516 2.017578 2.013672 1.994141 1.955078 1.916016 1.876953 1.814453 1.888672 1.990234 2.017578 2.001953 2.029297 2.095703 1.966797 1.794922 1.939453 1.916016 1.900391 1.888672 1.869141 1.802734 1.751953 1.763672 1.826172 1.853516 1.861328 1.888672 1.900391 1.931641 1.955078 1.955078 1.919922 1.896484 1.853516 1.576172 1.494141 1.529297 1.720703 1.900391 2.041016 2.056641 2.060547 2.083984 2.005859 2.099609 2.095703
1.666016 1.701172 1.763672 1.833984 1.904297 1.927734 1.857422 1.849609 1.908203 1.931641 1.923828 1.908203 1.876953 1.986328 1.939453 1.873047 1.900391 1.951172 1.931641 1.974609 1.947266 1.908203 1.861328 1.802734 1.841797 1.892578 1.892578 1.884766 1.876953 1.955078 2.001953 1.826172 1.822266 1.853516 1.857422 1.853516 1.818359 1.728516 1.681641 1.697266 1.787109 1.830078 1.833984 1.853516 1.884766 1.923828 1.966797 2.005859 1.982422 1.923828 1.697266 1.517578 1.474609 1.720703 1.873047 1.990234 2.005859 1.962891 1.978516 2.111328 2.033203 2.029297 2.099609
1.626953 1.658203 1.732422 1.806641 1.919922 1.912109 1.833984 1.830078 1.841797 1.857422 1.869141 1.873047 1.861328 1.873047 1.982422 1.892578 1.849609 1.919922 1.935547 1.958984 1.966797 1.927734 1.873047 1.876953 1.841797 1.845703 1.818359 1.849609 1.884766 1.931641 1.962891 1.771484 1.662109 1.669922 1.794922 1.822266 1.791016 1.748047 1.728516 1.728516 1.798828 1.845703 1.830078 1.853516 1.869141 1.923828 1.978516 2.021484 2.037109 1.927734 1.595703 1.537109 1.529297 1.912109 1.966797 1.966797 1.947266 1.912109 1.912109 2.033203 2.107422 2.021484 2.044922
1.626953 1.669922 1.767578 1.845703 1.962891 1.955078 1.869141 1.849609 1.880859 1.935547 1.955078 1.970703 1.912109 1.853516 1.970703 1.951172 1.876953 1.884766 1.966797 2.001953 2.005859 1.974609 1.923828 1.955078 1.888672 1.833984 1.830078 1.869141 1.974609 2.056641 2.091797 1.970703 1.744141 1.638672 1.712891 1.845703 1.876953 1.837891 1.806641 1.787109 1.802734 1.845703 1.869141 1.880859 1.908203 1.978516 2.001953 2.033203 2.060547 1.861328 1.576172 1.568359 1.751953 2.013672 1.994141 1.955078 1.939453 1.943359 1.908203 1.943359 2.087891 2.111328 2.044922
1.626953 1.681641 1.822266 1.923828 2.029297 1.982422 1.876953 1.865234 1.873047 1.916016 1.986328 2.025391 2.033203 1.970703 1.978516 2.017578 1.916016 1.904297 1.919922 2.013672 2.048828 2.005859 1.978516 1.978516 1.943359 1.884766 1.880859 1.908203 1.990234 2.052734 2.064453 2.083984 2.041016 1.908203 1.806641 1.900391 1.955078 1.966797 1.900391 1.830078 1.830078 1.861328 1.888672 1.904297 1.955078 1.986328 2.009766 2.041016 2.060547 1.708984 1.748047 1.673828 1.880859 2.005859 2.005859 1.955078 1.951172 1.935547 1.912109 1.908203 1.982422 2.095703 2.119141
1.638672 1.685547 1.810547 1.947266 2.021484 1.974609 1.884766 1.849609 1.857422 1.865234 1.923828 1.974609 2.013672 2.033203 2.005859 1.994141 1.947266 1.900391 1.884766 1.912109 2.029297 2.025391 2.005859 2.017578 1.970703 1.912109 1.884766 1.908203 1.966797 2.041016 2.056641 2.068359 2.056641 2.037109 2.052734 2.044922 2.021484 1.986328 1.923828 1.853516 1.849609 1.857422 1.912109 1.947266 1.947266 1.958984 1.966797 1.966797 1.966797 1.798828 1.908203 1.927734 1.935547 2.029297 2.013672 1.998047 1.970703 1.916016 1.904297 1.908203 1.951172 2.021484 2.091797
1.712891 1.732422 1.818359 1.978516 2.033203 1.978516 1.943359 1.923828 1.904297 1.888672 1.904297 1.947266 1.978516 2.001953 2.021484 1.939453 1.923828 1.888672 1.869141 1.876953 1.943359 2.005859 1.994141 2.013672 1.947266 1.865234 1.818359 1.845703 1.912109 2.001953 2.064453 2.068359 2.025391 2.001953 2.013672 2.076172 2.087891 2.025391 1.966797 1.869141 1.818359 1.841797 1.892578 1.919922 1.927734 1.935547 1.919922 1.873047 1.802734 1.857422 2.009766 2.060547 2.021484 2.087891 2.083984 2.048828 2.017578 1.974609 1.955078 1.900391 1.900391 1.974609 2.041016
1.818359 1.857422 1.896484 2.048828 2.056641 1.974609 1.966797 1.966797 1.931641 1.916016 1.908203 1.908203 1.955078 2.001953 2.013672 1.939453 1.884766 1.904297 1.892578 1.892578 1.904297 1.943359 1.982422 2.005859 1.916016 1.822266 1.802734 1.822266 1.923828 1.974609 2.005859 2.017578 1.982422 1.966797 1.943359 1.970703 2.033203 2.017578 1.955078 1.876953 1.833984 1.841797 1.857422 1.888672 1.884766 1.861328 1.794922 1.751953 1.759766 1.923828 2.083984 2.111328 2.091797 1.958984 2.119141 2.103516 2.076172 2.044922 1.994141 1.947266 1.908203 1.935547 1.986328
1.919922 1.990234 2.029297 2.056641 2.044922 1.978516 1.931641 1.888672 1.869141 1.896484 1.912109 1.888672 1.892578 1.955078 2.009766 2.052734 1.958984 1.896484 1.896484 1.912109 1.912109 1.947266 1.998047 2.009766 1.947266 1.837891 1.794922 1.822266 1.931641 1.982422 1.978516 1.962891 1.951172 1.919922 1.884766 1.904297 1.947266 1.974609 1.986328 1.947266 1.873047 1.853516 1.837891 1.865234 1.826172 1.775391 1.720703 1.728516 1.806641 2.001953 2.103516 2.119141 2.107422 2.048828 2.037109 2.115234 2.119141 2.095703 2.048828 1.978516 1.923828 1.923828 1.951172
1.958984 2.025391 2.099609 2.091797 2.041016 1.958984 1.876953 1.833984 1.806641 1.818359 1.869141 1.873047 1.884766 1.923828 1.927734 1.939453 1.998047 1.955078 1.908203 1.880859 1.951172 1.998047 2.029297 2.029297 1.966797 1.853516 1.794922 1.833984 1.919922 1.962891 1.951172 1.916016 1.904297 1.888672 1.880859 1.865234 1.912109 1.966797 2.001953 2.005859 1.927734 1.880859 1.865234 1.845703 1.822266 1.814453 1.841797 1.837891 1.943359 1.998047 2.064453 2.115234 2.111328 2.083984 1.998047 1.978516 2.080078 2.119141 2.103516 2.033203 1.958984 1.919922 1.923828
1.931641 2.001953 2.091797 2.123047 2.048828 1.919922 1.833984 1.833984 1.806641 1.794922 1.798828 1.841797 1.853516 1.892578 1.892578 1.892578 1.900391 1.935547 1.919922 1.908203 1.962891 1.990234 2.044922 2.068359 1.958984 1.845703 1.798828 1.814453 1.892578 1.955078 1.931641 1.912109 1.873047 1.892578 1.869141 1.888672 1.912109 1.955078 1.994141 2.017578 1.955078 1.908203 1.873047 1.861328 1.849609 1.845703 1.923828 1.955078 1.966797 1.982422 1.970703 2.013672 2.095703 2.044922 2.037109 2.009766 1.931641 1.974609 2.095703 2.103516 2.021484 1.951172 1.931641
1.896484 1.978516 2.052734 2.111328 2.041016 1.912109 1.849609 1.857422 1.865234 1.810547 1.818359 1.814453 1.818359 1.873047 1.896484 1.892578 1.888672 1.876953 1.873047 1.896484 1.978516 2.009766 2.076172 2.095703 1.958984 1.830078 1.755859 1.775391 1.857422 1.947266 1.958984 1.927734 1.904297 1.884766 1.873047 1.892578 1.896484 1.919922 1.947266 1.990234 1.916016 1.876953 1.873047 1.830078 1.814453 1.830078 1.904297 1.919922 1.912109 1.935547 1.970703 2.009766 2.064453 2.123047 2.072266 2.068359 2.017578 1.943359 1.869141 2.025391 2.083984 2.009766 1.962891
