py_wake/examples/data/AJ_ParqueFicticio/Rough survey   Sector 10   Height 30m   Mean speed.grd
DSAA
73  159
 258469   265669
 6501692   6517492
 .2639414   11.76405
[rows 28 to 55 of 159, columns 0 to 62 of 73]
5.894706 5.877363 5.859215 5.839666 5.825318 5.822955 5.817637 5.81093 5.800106 5.82409 5.860706 5.898282 5.929205 5.971217 5.956922 5.952044 5.962189 5.969728 5.969711 5.963994 5.939345 5.883587 5.887928 5.859154 5.79638 5.67756 5.542684 5.494403 5.530242 5.543625 5.587823 5.59198 5.455164 5.106899 4.718019 5.179141 5.399742 5.316358 5.309303 4.95028 4.589701 4.620255 4.713644 5.223346 5.45053 5.489228 5.316331 5.262174 5.663408 6.109719 6.358724 6.80454 8.082747 8.819142 8.168677 8.396009 9.636752 10.08003 9.018908 7.298807 6.240144 5.274725 4.276562
5.891999 5.882345 5.873978 5.857267 5.846195 5.83288 5.818406 5.818389 5.829672 5.841736 5.863416 5.891266 5.925348 5.946851 5.948009 5.942263 5.950773 5.965994 5.972116 5.977976 5.90235 5.824446 5.817951 5.803683 5.755542 5.662203 5.555137 5.511129 5.504821 5.521862 5.528255 5.51482 5.328762 4.908442 4.699079 5.127959 5.243444 5.174189 5.15214 4.972039 4.702624 4.564979 4.689737 4.954483 5.17921 5.294858 5.263787 5.365471 5.886616 6.478981 6.775753 7.253489 8.203481 9.090034 9.069888 9.298294 9.857484 9.864896 8.552627 7.043253 5.932485 4.708154 4.117974
5.887783 5.876168 5.872117 5.854907 5.840128 5.832763 5.81986 5.822816 5.833491 5.844742 5.856637 5.870729 5.893503 5.91421 5.912033 5.922443 5.942451 5.961563 5.9808 5.966633 5.888827 5.825311 5.782113 5.759548 5.705835 5.642403 5.579198 5.528941 5.485088 5.473803 5.464779 5.463953 5.214402 4.870091 4.813213 5.067428 5.137993 5.093441 5.051119 4.999427 4.804646 4.512355 4.680663 4.902165 4.992052 5.078356 5.227441 5.603022 6.123762 6.743861 7.090789 7.730597 8.453158 9.349394 9.967256 10.14811 10.33153 9.48923 7.936532 6.539014 5.141559 4.174917 4.381532
5.888413 5.872252 5.858955 5.842306 5.83244 5.827269 5.817494 5.817525 5.824109 5.834636 5.843687 5.857542 5.869697 5.861188 5.889005 5.909031 5.934692 5.977235 6.013617 5.939186 5.874839 5.824408 5.766743 5.718302 5.67644 5.624878 5.568765 5.555553 5.487 5.430793 5.443599 5.421525 5.209089 4.958871 4.955806 5.036856 5.016532 4.948821 4.9319 5.036342 4.851584 4.634037 4.584373 4.814026 4.990552 5.046136 5.195724 5.623693 6.161962 6.683993 7.273759 8.050899 8.803005 9.623343 10.47598 10.82063 10.69147 9.190256 7.369865 5.96032 4.525156 3.942798 5.178637
5.87325 5.860834 5.855496 5.842098 5.834172 5.826888 5.826064 5.816805 5.815961 5.822244 5.828583 5.839236 5.8475 5.800967 5.845722 5.881169 5.923888 6.008493 5.992287 5.905782 5.849429 5.805178 5.750365 5.698477 5.654059 5.590341 5.549261 5.524222 5.442159 5.400427 5.397918 5.333908 5.150552 5.004084 4.975092 5.032716 5.003231 4.819375 4.83364 4.993897 5.024283 4.786479 4.664787 4.647231 4.85427 5.187479 5.598832 5.822158 6.033583 6.505237 7.137078 7.913743 8.805313 9.835809 10.89858 11.23244 10.678 8.877948 7.042898 5.512991 4.263309 4.234223 6.271411
5.876444 5.869771 5.860987 5.859075 5.850442 5.844722 5.831547 5.829437 5.828459 5.829822 5.831734 5.839493 5.825201 5.769418 5.825651 5.864659 5.923493 6.034598 5.964695 5.890966 5.827286 5.786166 5.740352 5.683616 5.640719 5.588228 5.52589 5.528312 5.466501 5.389535 5.359622 5.297436 5.174329 5.045928 4.952364 4.952732 4.965704 4.708652 4.736382 4.821542 4.95515 4.953559 4.863539 4.63841 4.631626 5.064805 5.694909 6.009348 6.151531 6.563835 7.072158 7.757968 8.502174 9.438802 10.69997 11.56365 10.61876 8.680153 6.926178 5.478369 4.21454 4.561338 7.139662
5.910091 5.897147 5.882244 5.870034 5.854919 5.853068 5.839005 5.837788 5.841924 5.845201 5.856789 5.854349 5.842368 5.797997 5.845786 5.894354 5.957109 6.042277 5.928469 5.84568 5.788558 5.734687 5.694101 5.647933 5.604891 5.559499 5.525864 5.495827 5.452532 5.401953 5.336097 5.279803 5.204014 5.101234 4.949326 4.835312 4.954044 4.735349 4.623625 4.60398 4.853963 5.055447 5.086078 5.041461 4.509867 4.808339 5.47472 5.940146 6.119089 6.658182 7.259429 8.167901 8.80476 9.370854 10.46079 11.42569 10.72897 8.897742 7.04628 5.454014 4.461059 5.19161 7.429077
5.899178 5.904088 5.893715 5.88163 5.862114 5.85386 5.847211 5.836571 5.837408 5.848481 5.854351 5.851918 5.832531 5.825289 5.882264 5.929339 5.979583 6.026977 5.865682 5.761294 5.704467 5.665596 5.638537 5.607176 5.579368 5.558718 5.518995 5.481321 5.431141 5.383273 5.322399 5.252641 5.183647 5.098793 4.93926 4.782915 4.825871 4.814876 4.573211 4.357599 4.710262 5.039241 5.44628 5.482388 4.922844 4.528873 5.183107 5.910203 6.271005 6.752947 7.329636 8.421233 9.236616 9.748042 10.50047 11.2907 10.80601 9.267005 7.061988 5.357894 4.998101 6.145342 7.639729
5.877762 5.879558 5.877483 5.881621 5.8813 5.882193 5.846837 5.839202 5.845525 5.848733 5.858366 5.852574 5.833595 5.819149 5.883889 5.936731 5.988316 6.034193 5.849014 5.676446 5.618941 5.600823 5.588998 5.579955 5.591804 5.558104 5.51201 5.463499 5.409295 5.357955 5.300374 5.22006 5.137485 5.106339 4.978532 4.805236 4.651345 4.635849 4.372773 4.315435 4.617192 5.155272 5.776601 6.069828 5.561356 4.40139 4.622844 5.627386 6.348445 6.910776 7.325659 8.336926 9.383583 9.989459 10.63068 11.30013 10.91131 9.229351 6.772695 5.288208 5.841326 7.289844 8.192945
5.821437 5.844475 5.856274 5.864948 5.875139 5.876553 5.850563 5.858222 5.856204 5.860144 5.854793 5.851779 5.836752 5.807147 5.85977 5.891713 5.917276 5.930502 5.886369 5.729131 5.559647 5.559434 5.55371 5.558372 5.608953 5.554236 5.500244 5.439237 5.383088 5.31464 5.234391 5.186092 5.157744 5.133063 5.079768 4.911887 4.502824 4.465858 4.382647 4.143738 4.567651 5.441359 6.182853 6.674324 6.529086 4.981806 4.229281 5.075799 6.074526 6.796715 7.236026 7.977928 8.953862 9.690389 10.59091 11.36528 10.95891 9.106912 6.530884 5.561719 6.678863 8.124357 8.732258
5.825072 5.846828 5.857571 5.85423 5.856342 5.867405 5.833633 5.844957 5.862318 5.877219 5.884982 5.89269 5.86708 5.810541 5.828194 5.8392 5.846925 5.841201 5.820781 5.729664 5.514538 5.541483 5.541971 5.557519 5.599287 5.536902 5.481713 5.423702 5.359925 5.274714 5.171885 5.207439 5.182828 5.13431 5.095313 4.877493 4.414639 4.233099 4.07932 4.151396 4.485215 5.349156 6.344546 7.115916 7.26714 5.981532 4.645593 4.896764 5.236491 6.16263 7.025417 7.582153 8.432309 9.328729 10.47227 11.45886 11.16538 9.118182 6.707263 6.120536 7.286527 8.309888 8.808634
5.864147 5.890316 5.900191 5.898093 5.888854 5.899724 5.831157 5.853948 5.878109 5.902636 5.922365 5.931539 5.832954 5.802109 5.812808 5.815644 5.825478 5.820863 5.792217 5.639497 5.505143 5.537632 5.553538 5.580008 5.566348 5.51622 5.461024 5.406972 5.343535 5.242303 5.156742 5.16789 5.161716 5.13534 5.101303 4.850715 4.401109 4.043388 3.748045 4.101393 4.499051 5.273247 6.16587 7.163033 7.699553 6.792047 5.322065 5.588504 5.40344 5.601237 6.795967 7.586898 8.356894 9.113795 10.20524 11.4104 11.23547 9.480924 7.456586 6.94438 7.300989 7.869761 8.262345
5.83471 5.869019 5.900483 5.912776 5.907011 5.867089 5.855209 5.875385 5.902826 5.926289 5.935616 5.928416 5.820185 5.801287 5.804618 5.810089 5.808162 5.779679 5.746734 5.662827 5.588953 5.569732 5.56616 5.576435 5.514702 5.444073 5.405938 5.353078 5.296785 5.212342 5.176822 5.165614 5.145388 5.143579 5.113491 4.936041 4.505326 3.892412 3.656692 4.073832 4.586492 5.339013 5.97278 6.985386 7.709738 7.252792 5.954625 5.913768 5.857526 5.790622 6.606835 7.536623 8.422586 9.170956 10.18817 11.18552 11.27558 10.14479 8.348484 7.378933 6.917106 7.134584 7.523616
5.873741 5.896157 5.91385 5.912976 5.901936 5.87873 5.830773 5.862754 5.902487 5.927867 5.935323 5.954421 5.804683 5.744732 5.757401 5.766545 5.762216 5.747783 5.718466 5.661833 5.657015 5.643994 5.625831 5.600971 5.513159 5.365476 5.354445 5.318538 5.289739 5.224132 5.199339 5.181695 5.159765 5.132015 5.123853 5.024986 4.513414 3.672774 3.642862 4.075666 4.711364 5.406326 5.843767 6.809835 7.588834 7.464849 6.301008 5.82484 5.963291 6.187303 6.794147 7.494358 8.340515 9.104018 10.07173 10.97871 11.09338 10.65211 9.333875 7.820915 6.487894 6.188862 6.543456
5.934843 5.946524 5.965245 5.963063 5.914482 5.866197 5.803382 5.833251 5.876875 5.898725 5.906835 5.906427 5.860005 5.757558 5.750742 5.756686 5.74698 5.735003 5.690053 5.627717 5.638489 5.658201 5.685033 5.669653 5.437466 5.319717 5.311368 5.290764 5.275335 5.227654 5.199166 5.16271 5.163148 5.140455 5.124484 4.990355 4.455615 3.802638 3.672213 4.206824 4.789283 5.304807 5.721476 6.674575 7.25553 7.482722 6.444193 5.596323 6.210206 6.667747 7.158722 7.689135 8.320464 8.86427 9.664535 10.71989 11.27036 11.10685 10.0669 8.462636 6.954402 5.690619 5.616199
5.956078 5.985662 6.020871 6.067916 6.010229 5.860024 5.732086 5.790655 5.862393 5.895588 5.927727 5.914977 5.836308 5.767855 5.75857 5.754318 5.742243 5.721515 5.667981 5.558097 5.598629 5.643437 5.67477 5.595171 5.427513 5.349665 5.31953 5.281518 5.254985 5.20726 5.176918 5.171453 5.147211 5.127489 5.170545 4.975881 4.625118 4.198666 3.934505 4.338461 4.720536 5.248012 5.740473 6.626847 7.151785 7.200649 6.535825 5.855214 6.321381 6.942542 7.30261 7.610129 8.222008 8.606673 9.412453 10.92436 11.53107 11.3502 10.2244 8.679948 7.529257 6.275171 5.322597
5.937285 5.962022 5.994796 6.072548 5.97327 5.859038 5.730799 5.758753 5.823411 5.878575 5.926853 5.873857 5.754634 5.733472 5.744444 5.739327 5.734211 5.698141 5.647242 5.53803 5.567116 5.621675 5.664083 5.644844 5.418916 5.366897 5.349867 5.328869 5.268588 5.197904 5.178406 5.202219 5.160579 5.137053 5.223342 5.042287 4.815353 4.53311 4.278075 4.441189 4.488941 5.24311 5.901564 6.30383 6.717141 6.745177 6.398581 6.09175 6.279053 6.954011 7.159959 7.243363 7.650569 8.504884 9.512341 11.11064 11.4085 10.98335 9.935196 8.701143 7.657805 6.658869 5.872128
5.933627 5.947762 5.966449 6.024162 5.979791 5.821352 5.707099 5.762287 5.810779 5.837158 5.879927 5.849259 5.775899 5.745274 5.745411 5.741678 5.734407 5.701392 5.643795 5.540777 5.559388 5.599159 5.63017 5.62558 5.485939 5.381205 5.3735 5.361257 5.297515 5.100912 5.127858 5.25959 5.099298 5.015907 5.255787 5.102662 4.89179 4.665923 4.657858 4.695907 4.601011 5.105029 5.717373 5.88135 6.249003 6.409075 6.606572 6.749414 6.821963 7.077007 7.278703 7.411928 7.769095 8.908363 10.03439 11.15597 11.2696 10.09583 9.089529 8.331567 7.629331 6.97674 6.526409
5.913641 5.947929 5.98044 5.98098 5.965786 5.899715 5.844833 5.885448 5.913296 5.863675 5.858284 5.829614 5.763452 5.741148 5.745898 5.743627 5.726932 5.693513 5.639065 5.551225 5.586511 5.634101 5.65893 5.6411 5.468874 5.381944 5.39352 5.377283 5.325941 5.188934 5.120411 5.28469 5.199738 4.96521 5.277936 5.150812 4.926088 4.720807 4.657837 4.843194 4.937883 5.058966 5.318903 5.686059 6.227787 6.63832 6.684309 6.879504 6.865842 7.143363 7.272356 7.843761 8.277273 9.151415 10.1474 10.95749 11.15316 9.889775 8.432337 7.762621 7.291328 6.951044 6.924307
5.890317 5.923001 5.948664 5.946889 5.950756 5.953246 5.954157 5.99856 6.068232 6.007657 5.81302 5.796932 5.712885 5.658172 5.675764 5.692785 5.688617 5.66746 5.629714 5.600667 5.649582 5.685217 5.688069 5.599131 5.41281 5.368876 5.378139 5.366045 5.312183 5.237535 5.13792 5.233866 5.19877 4.97786 5.222287 5.22112 4.978981 4.787602 4.599937 4.86007 5.009554 5.154918 5.414384 5.7098 6.289965 6.795364 6.63589 6.600597 6.788681 7.058474 7.324939 8.291307 9.141026 9.612813 10.02071 10.34849 10.64247 9.947458 8.569139 7.711473 7.022865 6.774262 6.741725
5.888976 5.906457 5.925264 5.903769 5.944953 5.966541 5.997357 6.050626 6.154208 6.038875 5.849033 5.746386 5.670485 5.539654 5.605109 5.644456 5.661302 5.656322 5.622529 5.553165 5.616661 5.64474 5.652346 5.649508 5.439634 5.280738 5.350142 5.343651 5.320387 5.254726 5.310657 5.393784 5.354072 5.034876 5.192327 5.256527 5.04511 4.885704 4.624967 4.838703 5.044681 5.172737 5.335674 5.757213 6.175471 6.562199 6.558231 6.498735 6.695857 7.102536 7.747046 8.535193 9.40715 9.785408 9.849828 9.379244 9.505338 9.331726 8.366157 8.001699 7.575239 6.723632 6.350761
5.936539 5.959855 5.951069 5.89676 5.939631 5.977154 6.026376 6.105034 6.140329 6.06784 5.902539 5.766236 5.650366 5.555253 5.59028 5.66583 5.67222 5.660213 5.62201 5.485761 5.542003 5.570037 5.583597 5.56266 5.506059 5.318551 5.365913 5.389619 5.368157 5.35244 5.392189 5.39404 5.312243 5.2166 5.287264 5.321527 5.155448 5.000757 4.75615 4.825346 4.90069 5.134422 5.300746 5.548829 5.822856 6.215336 6.206679 6.643882 7.113998 7.638917 8.36801 8.873116 9.19402 9.493023 9.590125 8.756199 8.559844 8.542869 7.645082 7.803165 7.936687 7.275718 6.73277
5.937656 5.969322 5.983147 5.895916 5.948295 6.00043 6.076432 6.167585 6.090065 6.027094 5.890785 5.740006 5.626024 5.561421 5.638021 5.679199 5.696641 5.715965 5.604598 5.451114 5.524682 5.552548 5.560928 5.520266 5.455993 5.446743 5.479984 5.467341 5.443637 5.464432 5.455886 5.385746 5.294088 5.282609 5.377995 5.372041 5.14361 5.035717 4.882311 4.818634 4.878695 5.02096 5.276452 5.234718 5.456184 5.915451 6.312497 6.817171 7.347454 8.030976 8.858815 9.319872 8.807481 8.822226 9.359233 8.646703 7.88301 7.759753 7.009185 7.173701 7.732465 7.720609 7.135167
5.902028 5.93845 5.972958 5.971926 5.993486 6.030303 6.129653 6.123804 6.057962 5.979328 5.847046 5.695543 5.583226 5.572219 5.61887 5.650945 5.650905 5.628591 5.590168 5.573476 5.600488 5.59457 5.545143 5.473405 5.493136 5.545642 5.582436 5.529727 5.472917 5.568898 5.622948 5.555474 5.328012 5.273737 5.450352 5.419931 5.093664 5.061106 4.963429 4.761812 4.859727 4.890305 5.242188 5.299644 5.484416 6.030591 6.467607 6.917121 7.47147 8.020068 8.944715 9.63866 8.722918 7.845374 8.68213 8.915544 7.936188 7.217174 6.474055 6.423649 7.18908 7.759323 7.657593
5.902393 5.938258 6.014227 6.020715 6.043274 6.07684 6.123697 6.100196 6.026003 5.962784 5.852845 5.741157 5.667408 5.649524 5.669362 5.671809 5.621535 5.564331 5.60292 5.638165 5.661344 5.667336 5.507558 5.465152 5.509008 5.560325 5.552899 5.490091 5.530463 5.636308 5.738884 5.609403 5.389799 5.381808 5.61059 5.555907 5.24412 5.044817 5.020348 4.957374 4.83958 4.545501 4.944698 5.124485 5.438134 6.093446 6.58971 6.837439 7.361997 7.876889 9.114136 9.856112 8.819428 6.995739 7.688113 8.746348 8.525422 7.572378 6.204525 5.74825 6.568538 7.386357 7.700613
5.944557 5.980579 5.986617 6.014347 6.038872 6.087154 6.136155 6.067572 6.00051 5.965941 5.889259 5.801414 5.732713 5.705248 5.716629 5.739634 5.649004 5.51279 5.554483 5.601927 5.600458 5.571421 5.509424 5.497012 5.529542 5.573511 5.518812 5.514606 5.569997 5.698469 5.793995 5.682773 5.43245 5.52055 5.793572 5.817628 5.433919 5.124177 4.974251 5.303424 5.256972 4.718115 4.583657 4.798882 5.232966 5.826569 6.334492 6.640246 7.169143 7.798674 9.046626 9.862785 9.031473 6.753544 6.595747 8.167173 8.779387 8.566031 6.886656 5.153439 5.712199 6.647804 7.633046
6.026228 6.023694 5.993417 6.022535 6.071059 6.136233 6.090731 6.0488 5.998925 5.947383 5.897902 5.84305 5.783807 5.72684 5.699462 5.69 5.583521 5.535273 5.576078 5.595158 5.563649 5.487724 5.476914 5.502083 5.537326 5.562257 5.511072 5.466534 5.49697 5.786595 5.949482 5.855884 5.429607 5.54336 5.94097 6.22439 6.010702 5.2956 4.718062 5.360508 5.525556 5.289973 4.940319 4.611667 4.906259 5.572836 5.951474 6.289702 7.149094 7.748427 8.641102 9.580145 9.073651 6.945368 5.862645 7.229632 8.691621 9.110004 7.717669 5.644551 4.876308 5.856706 7.515473
6.056105 6.034748 6.038105 6.076033 6.118996 6.165773 6.096724 6.036594 5.991672 5.955912 5.924414 5.873782 5.836237 5.770473 5.659474 5.656054 5.65015 5.608186 5.63398 5.683723 5.621158 5.393505 5.429568 5.466344 5.505927 5.522455 5.468799 5.363582 5.384602 5.770353 6.250529 6.117211 5.384836 5.562424 5.886706 6.386361 6.40611 5.807316 4.787469 4.941565 5.756362 5.629136 5.517081 5.14208 5.000694 5.519229 5.792185 5.849696 6.682206 7.34461 8.321831 9.294397 8.941801 7.014423 5.477535 6.59268 8.522335 9.229599 8.120489 6.239726 4.520918 5.249595 7.490932
