py_wake/examples/data/AJ_ParqueFicticio/Rough survey   Sector 6   Height 30m   Orographic speed.grd
DSAA
73  159
 258469   265669
 6501692   6517492
 .2350238   2.018837
[rows 28 to 55 of 159, columns 0 to 62 of 73]
1.02827 1.027672 1.025267 1.02454 1.025301 1.025742 1.029291 1.031398 1.033547 1.034284 1.03746 1.041982 1.047339 1.051862 1.055811 1.062302 1.06688 1.068494 1.07006 1.067352 1.058383 1.053944 1.059583 1.07126 1.084017 1.088451 1.088048 1.068398 1.066346 1.062508 1.053855 1.048752 1.033066 .9934503 1.014602 1.018751 1.031162 1.034545 1.050735 1.036526 .9839165 .9519931 .9720477 1.039604 1.135226 1.18372 1.19601 1.216142 1.235188 1.238735 1.206419 1.214392 1.295302 1.342653 1.169369 1.043229 1.039725 1.095051 1.074005 1.015353 .9702888 .9695194 .9366062
1.023805 1.02492 1.023206 1.023329 1.022578 1.023025 1.025826 1.029737 1.032901 1.0349 1.034997 1.03852 1.043948 1.059636 1.064405 1.068299 1.070075 1.071588 1.072482 1.069269 1.066153 1.059823 1.06258 1.072264 1.083501 1.088898 1.087364 1.079242 1.075121 1.074251 1.072464 1.064221 1.048591 1.022685 1.032047 1.044795 1.0586 1.06262 1.067686 1.049798 .9988716 .9827089 1.000238 1.017407 1.082885 1.180855 1.250369 1.297794 1.352617 1.387492 1.356032 1.292501 1.307087 1.386652 1.316728 1.162706 1.109794 1.118948 1.110984 1.102411 1.084251 1.07084 1.032255
1.01854 1.019912 1.018765 1.020033 1.019542 1.020257 1.021461 1.026374 1.029723 1.028537 1.030629 1.030927 1.031601 1.050957 1.063199 1.068622 1.07031 1.071315 1.070851 1.065762 1.067829 1.06762 1.070261 1.076061 1.084624 1.089603 1.090237 1.085478 1.081974 1.084705 1.085673 1.086414 1.075328 1.033484 1.039726 1.045201 1.05426 1.067402 1.084775 1.078094 1.033094 1.008828 1.009726 1.047 1.06682 1.112786 1.202639 1.301612 1.400746 1.499202 1.553169 1.541637 1.468456 1.464585 1.444328 1.283713 1.185547 1.084222 1.068914 1.054299 1.053958 1.063252 1.097914
1.013317 1.014813 1.01563 1.017313 1.015217 1.015784 1.016505 1.021997 1.022033 1.023619 1.023636 1.023683 1.025229 1.043473 1.059181 1.06613 1.069433 1.069178 1.063464 1.064349 1.070147 1.072238 1.076222 1.079845 1.085196 1.09158 1.092425 1.090581 1.082311 1.087896 1.083707 1.091665 1.090521 1.066886 1.061452 1.044363 1.047152 1.062098 1.083038 1.097878 1.070595 1.025728 1.025087 1.047865 1.098852 1.118315 1.115144 1.142206 1.233198 1.373284 1.515515 1.604376 1.637755 1.598526 1.533617 1.402803 1.26692 1.1162 1.027399 1.001899 1.014187 1.030678 1.061515
1.00511 1.009356 1.011291 1.013738 1.013577 1.015127 1.014497 1.014545 1.016636 1.018322 1.018892 1.01859 1.017736 1.033431 1.048693 1.05729 1.0636 1.065803 1.061998 1.066783 1.072566 1.07631 1.080726 1.083265 1.086866 1.090404 1.093717 1.09654 1.093192 1.080167 1.085503 1.093667 1.092984 1.081883 1.065115 1.057368 1.045063 1.045666 1.063641 1.08449 1.082861 1.034666 1.004305 1.025642 1.072654 1.147117 1.167323 1.117554 1.085799 1.104778 1.187672 1.315404 1.456457 1.559982 1.567683 1.481309 1.327931 1.178876 1.05616 .9912023 .9720694 1.029569 1.068191
1.006787 1.006894 1.009667 1.009885 1.012543 1.012893 1.016355 1.015405 1.015659 1.015413 1.015884 1.014759 1.017518 1.027413 1.037182 1.047863 1.055528 1.05829 1.060291 1.068876 1.076249 1.079583 1.082308 1.085878 1.087906 1.08901 1.086226 1.08205 1.088033 1.085262 1.088169 1.09227 1.089336 1.078352 1.073034 1.082908 1.073257 1.049037 1.053129 1.075774 1.095306 1.074059 .9982207 .9576788 .9939845 1.072634 1.16311 1.191907 1.146105 1.104717 1.081059 1.07988 1.154279 1.291802 1.480956 1.53176 1.376372 1.225369 1.09925 1.008828 .9717162 1.01902 1.096169
1.014614 1.011166 1.010825 1.008671 1.009115 1.00718 1.011732 1.013793 1.013506 1.013889 1.012151 1.014484 1.017364 1.024756 1.030138 1.039208 1.047061 1.051642 1.061688 1.072714 1.078423 1.080582 1.082768 1.085517 1.086407 1.08636 1.07804 1.079198 1.085164 1.088366 1.091442 1.093154 1.089631 1.075245 1.063926 1.078212 1.099425 1.079608 1.055304 1.069091 1.096133 1.089192 1.047036 .9276837 .8933263 .9697616 1.092392 1.179825 1.197294 1.232836 1.253713 1.254049 1.203988 1.20551 1.32923 1.494651 1.492773 1.338095 1.20841 1.153061 1.06877 1.011909 1.056201
1.015708 1.011275 1.009055 1.008849 1.008253 1.006635 1.006538 1.007838 1.009427 1.008584 1.007343 1.008696 1.010747 1.023298 1.027232 1.028621 1.032465 1.046126 1.061556 1.072325 1.077636 1.078635 1.079705 1.082337 1.083834 1.079211 1.076329 1.080476 1.085796 1.090373 1.092396 1.093861 1.09481 1.088197 1.081598 1.065059 1.084458 1.097373 1.075222 1.100219 1.091665 1.096384 1.060386 .9804305 .830458 .8616434 1.037487 1.203472 1.289764 1.327825 1.415276 1.509896 1.534729 1.476228 1.462649 1.5378 1.546842 1.462254 1.361521 1.283624 1.197374 1.091452 1.060148
1.011514 1.007782 1.005202 1.003904 1.005867 1.010493 1.007216 1.00756 1.006174 1.005394 1.001759 1.000186 1.001373 1.013962 1.015533 1.014245 1.015087 1.018436 1.043778 1.06015 1.071006 1.072441 1.073935 1.076823 1.078864 1.073249 1.077868 1.081336 1.08687 1.091984 1.096111 1.096858 1.096483 1.104896 1.095466 1.075346 1.087242 1.122488 1.151727 1.15553 1.195858 1.212877 1.163283 1.080158 .8725842 .7656494 .9118714 1.131522 1.30626 1.413263 1.478243 1.589696 1.685272 1.707142 1.655642 1.643715 1.594341 1.485387 1.414659 1.371872 1.378736 1.299299 1.226045
.9987401 .9965245 .9973475 .9971334 .9960487 .9999987 1.012388 1.009672 1.00673 1.00176 1.000735 .9968071 .9936333 1.003664 1.003603 1.003573 1.00358 .998746 1.007187 1.022493 1.049483 1.05712 1.060372 1.06471 1.069997 1.071578 1.076518 1.080784 1.08651 1.089931 1.098024 1.103125 1.104855 1.108644 1.102086 1.077359 1.072276 1.114616 1.153539 1.191316 1.256173 1.355255 1.378432 1.312575 1.112262 .7726103 .7296219 .845717 1.040964 1.204995 1.284037 1.374336 1.540582 1.663146 1.709454 1.709859 1.652654 1.497427 1.428141 1.429921 1.49392 1.526462 1.497988
.9861986 .9886751 .989684 .9919705 .9901825 .9864783 .9994849 1.001063 1.002714 1.00349 1.003714 .9986535 .995333 .9918032 .9955381 .9978948 1.000225 1.000857 1.003477 1.003666 1.018898 1.031818 1.044137 1.052791 1.060862 1.067093 1.075391 1.079774 1.080891 1.083754 1.088081 1.096213 1.10681 1.110253 1.113214 1.114966 1.090926 1.094955 1.139917 1.190501 1.225336 1.325579 1.45032 1.494768 1.415671 1.102691 .8154205 .7193344 .7205709 .8626094 .9802061 1.032128 1.170047 1.352244 1.562147 1.656938 1.632665 1.504146 1.406888 1.444008 1.525649 1.635114 1.676744
.9852662 .986459 .9879786 .9908497 .9960085 .9938707 .9908543 .9953451 .9997618 1.001272 1.004057 1.004921 .9992049 .9983637 .9984553 1.002504 1.004178 1.009359 1.01774 1.021401 1.017983 1.018002 1.027719 1.037868 1.055768 1.067487 1.072209 1.074937 1.078936 1.080065 1.08094 1.089779 1.098978 1.10605 1.105433 1.117784 1.096604 1.102314 1.145341 1.184274 1.216323 1.264744 1.378174 1.509468 1.57512 1.415947 1.166586 1.013102 .8303281 .8345031 .958582 1.061433 1.141248 1.231608 1.410405 1.578038 1.672446 1.531082 1.393825 1.393181 1.446732 1.555122 1.695827
.9834962 .9860332 .9861796 .9882179 .9950392 1.000542 1.001514 .9990038 .9967689 .9969642 .9994744 1.001293 1.011369 1.009306 1.004657 1.000603 1.003015 1.009593 1.017004 1.032529 1.026519 1.020437 1.017673 1.018783 1.044584 1.060006 1.063424 1.069345 1.074211 1.078366 1.082047 1.091588 1.097314 1.098748 1.105096 1.102255 1.080205 1.09719 1.147793 1.199452 1.260213 1.317427 1.390695 1.511351 1.609936 1.622185 1.466336 1.411632 1.300861 1.140688 1.146319 1.254313 1.35795 1.424643 1.50506 1.617339 1.652048 1.582308 1.412302 1.288359 1.276024 1.366387 1.501209
.9931201 .9885465 .9873142 .9829715 .9810987 .9873121 1.002116 1.001409 .9947004 .9881217 .9817157 .9789851 .9946214 1.000835 .9970294 .995483 .9961299 .9973688 1.008795 1.028054 1.030585 1.025584 1.022066 1.006319 1.002849 1.034717 1.046052 1.057394 1.063981 1.071425 1.081427 1.090781 1.099279 1.103576 1.110894 1.102804 1.077762 1.085463 1.112715 1.190974 1.283171 1.370777 1.452511 1.556257 1.652728 1.726166 1.691139 1.653419 1.652928 1.559311 1.472078 1.443384 1.479446 1.548336 1.623847 1.673809 1.666331 1.605499 1.412851 1.198221 1.018466 .9926857 1.147492
1.003538 .9976561 .9932554 .9841107 .9682986 .971252 .9928476 .9934481 .9847776 .9795563 .9717695 .9636843 .9650464 .9790354 .9847516 .9844334 .9847194 .9849135 .994189 1.020492 1.028081 1.02937 1.029094 1.025165 1.011137 1.014985 1.027559 1.037838 1.047342 1.066055 1.074655 1.083467 1.090005 1.1047 1.112378 1.110194 1.114013 1.081633 1.075076 1.121954 1.203877 1.261182 1.3317 1.41928 1.507626 1.606845 1.634424 1.599905 1.642124 1.602806 1.553065 1.526365 1.516674 1.525422 1.559793 1.605859 1.621498 1.587867 1.496598 1.291643 1.056598 .8658399 .8555253
1.009309 1.006546 1.003807 .9984062 .9682598 .9490148 .9673993 .9824716 .9768741 .9764975 .9779846 .9699113 .9691445 .9716411 .974934 .9761176 .9765322 .9744005 .977639 .9998237 1.01464 1.015039 1.016752 1.034046 1.035711 1.023821 1.022583 1.025388 1.025975 1.044962 1.063625 1.067968 1.073146 1.091237 1.09903 1.091855 1.084835 1.05393 1.002766 .9653247 1.015303 1.06537 1.089359 1.17923 1.25538 1.291558 1.262025 1.21635 1.23361 1.267011 1.280874 1.262731 1.271304 1.249528 1.309582 1.416625 1.492782 1.56157 1.503092 1.375372 1.203385 .9688572 .7708753
1.013344 1.012739 1.011543 1.010782 1.009868 .9833714 .959541 .9625264 .9677896 .9758492 .9862114 .9883355 .9786299 .9766048 .9754378 .9768667 .9722711 .9707237 .9715004 .9771174 .9911882 .9904763 .9871367 .99656 1.022316 1.0182 1.011081 1.006302 1.012738 1.034086 1.047257 1.050085 1.060321 1.07635 1.078058 1.071964 1.066503 1.045176 .981765 .9189417 .8789418 .9276994 .9684689 .9810758 .9963434 1.003285 1.003044 .9074737 .8600737 .9091559 .9134009 .9106566 1.004873 1.133598 1.175397 1.277673 1.34804 1.412559 1.491472 1.434558 1.303616 1.108236 .8761656
1.012814 1.011717 1.013306 1.015501 1.029423 1.018902 .9921556 .9659338 .9627962 .9689489 .9771118 .9900926 .9913374 .9881473 .9843114 .9799744 .974442 .974055 .9721185 .9693347 .9693785 .9722835 .9658746 .9630743 .973311 .989586 .986235 .9772619 .9726 .9966537 1.009195 .9993672 1.027239 1.040987 1.05482 1.050488 1.046329 1.033478 1.007352 .9655697 .8802022 .8504884 .8776435 .8861211 .9406969 1.002106 1.03627 1.081885 1.031673 1.010109 1.036098 1.038365 1.049902 1.143839 1.233337 1.2781 1.310658 1.265792 1.328174 1.417087 1.431899 1.372038 1.208377
1.007522 1.007041 1.01459 1.026631 1.030955 1.02464 1.001301 .9788325 .9671494 .9563403 .959727 .9791844 .9917334 .9939939 .9860262 .9769925 .9741884 .9761076 .9798891 .9741241 .97136 .9709833 .9732042 .9715014 .9665895 .9704431 .9682654 .956902 .9450148 .9391895 .9493631 .9344291 .9329041 .9662136 .9880068 1.01425 1.010648 .9975657 1.009404 1.023154 .985916 .9431471 .9560254 1.032384 1.148671 1.227638 1.291393 1.356753 1.364612 1.353056 1.325063 1.298074 1.227322 1.229731 1.298177 1.398824 1.450915 1.333546 1.171799 1.171365 1.259807 1.356324 1.399091
1.000682 .9983726 .9999332 1.020729 1.023563 1.01803 1.007487 .9926885 .9808117 .9540217 .9353974 .9592425 .983341 .9900939 .9809028 .9702501 .9678169 .9698209 .9741156 .9845096 .9778675 .9697728 .9730817 .9831908 .9849378 .9777845 .9610775 .9433551 .9342015 .9251024 .9070556 .9042765 .8902196 .8941921 .9082749 .9350308 .9525836 .9516922 .9637689 1.009203 1.04504 1.07217 1.115879 1.164233 1.231202 1.291095 1.289348 1.274738 1.249609 1.230048 1.24951 1.315638 1.340041 1.318658 1.312832 1.403445 1.571275 1.603421 1.421371 1.19096 1.029812 1.036033 1.162882
.9970616 .9944832 .9919131 1.006239 1.012945 1.00994 1.004793 .9994709 .9920093 .9862728 .9514133 .9374749 .9581137 .9713969 .9674907 .9609414 .9576595 .9530123 .9551988 .9792567 .9712234 .9599633 .9496373 .9441286 .9604278 .9679407 .9440887 .9348173 .931294 .9295942 .9108747 .9077317 .9033045 .8892176 .8873807 .9020696 .8999869 .9024376 .8962811 .9325776 .9824167 1.022891 1.055223 1.123098 1.170371 1.153807 1.117877 1.081487 1.084368 1.104108 1.113202 1.174472 1.255046 1.308971 1.297342 1.308765 1.47428 1.639229 1.69359 1.617598 1.302039 .9963951 .889758
1.002144 .9993324 .9948841 .9952762 1.000519 1.004487 1.003299 .9994689 .9969355 1.001603 .9873832 .9539614 .9389046 .9499797 .9510697 .9527986 .9533138 .9459043 .9346359 .9526774 .9531446 .9455324 .9383797 .939409 .9442846 .9421274 .9298694 .9276963 .9251832 .9121269 .8979242 .8971166 .9264942 .9132733 .8929183 .8926996 .8894924 .8723038 .8423079 .8398826 .8381016 .8607812 .849692 .8716822 .8967252 .9709761 1.015842 1.104514 1.144205 1.180025 1.18996 1.148758 1.184261 1.218979 1.207789 1.147531 1.222576 1.400085 1.545235 1.728014 1.709155 1.428121 1.081314
1.005883 1.007624 1.010637 1.001892 .9982128 1.003112 1.003731 1.002968 1.006516 1.011431 1.007059 .995142 .9687781 .9558578 .9454333 .9494542 .9600261 .9650006 .960068 .9529468 .946788 .9462605 .9481039 .957631 .9651716 .9496338 .9332496 .9271658 .9284254 .9053391 .8843535 .8613371 .8590135 .8830467 .859326 .8602069 .8653408 .8379608 .8012296 .7877986 .7750177 .8032408 .8205999 .83847 .8877833 .950766 1.032498 1.122096 1.199203 1.240026 1.253176 1.205084 1.081601 1.151809 1.256954 1.132381 1.013269 1.111662 1.225455 1.481148 1.7463 1.757572 1.555961
1.001113 1.003125 1.009621 1.008085 1.000286 .9983324 1.00286 1.011396 1.013357 1.017623 1.015464 1.008221 .98812 .9659786 .9550894 .9511424 .9566715 .9802111 .99126 .9679318 .9592291 .9544435 .9557875 .9704435 .9719248 .9608692 .9485091 .9458805 .9317673 .916384 .8908777 .8564703 .8148481 .8116431 .7896285 .7769981 .7875362 .7772892 .7484202 .7303114 .7231824 .7738451 .8477805 .9061056 .9669068 1.032885 1.080732 1.129813 1.171821 1.176904 1.183201 1.158064 1.035443 1.041306 1.279134 1.291442 1.04518 .9095562 .9540787 1.121786 1.464265 1.703201 1.739245
.9937307 .9931501 1.001792 1.002617 .9994752 .9951143 .9960204 1.008537 1.012859 1.01657 1.014119 1.003426 .992979 .9770674 .9647518 .9546173 .9444619 .9565676 .9739457 .9702106 .9702767 .9693483 .9696696 .9790055 .978192 .9702641 .9705359 .9711743 .9580168 .9390164 .9204429 .9066149 .8737625 .8034649 .7801586 .7432895 .69812 .6860591 .7229042 .7001451 .6513404 .6592717 .7199534 .8149329 .9027676 .9854228 1.049803 1.068434 1.089918 1.106966 1.149014 1.148819 1.047861 .970179 1.164652 1.422295 1.317 1.006307 .8054134 .8538021 1.143634 1.425044 1.579198
.9904518 .9918824 .9966395 .996201 .9973109 .9973798 1.000674 1.002605 1.009884 1.012352 1.012353 1.005341 .9947926 .9844528 .9773247 .9679518 .9536611 .9556977 .956753 .9569567 .9631201 .9942597 1.000143 .9897171 .9864954 .9778332 .9834687 .9846659 .9795653 .9687746 .955841 .9294272 .898926 .8774199 .8771873 .8417666 .7409626 .6691118 .7274398 .7415394 .6818311 .6079438 .6071531 .6581936 .7327419 .809374 .8793883 .9491124 .9954666 1.045491 1.142222 1.232847 1.131475 .9672036 .9987685 1.348973 1.480355 1.328135 .9883355 .8144206 .9086018 1.208487 1.38435
.9931241 .9916281 .9954078 .9971923 .9976004 .9993814 1.004007 1.00452 1.007747 1.010433 1.010776 1.005443 .9965855 .9875214 .9844196 .9910099 .9894197 .9726738 .9610761 .9510692 .9405171 .9541169 .9850684 .9847766 .9809669 .987186 .9903949 .9932448 1.004441 1.016109 .9855486 .9144006 .8936756 .9266242 .9681968 .9934142 .9183145 .7819512 .7564439 .8497568 .8776533 .750297 .6696944 .6149305 .6408168 .7011986 .7621208 .862877 .968209 1.028727 1.091486 1.209713 1.177018 1.023346 .9592555 1.154984 1.408125 1.471202 1.273202 .9679769 .8785045 1.074546 1.308032
.9913502 .9983459 1.00136 .9992725 .9979848 1.000535 1.004052 1.00732 1.008063 1.008796 1.008615 1.005818 .9988729 .9850605 .9766253 .9883086 .9913805 .9827971 .9724911 .962687 .9460951 .9389938 .9573825 .9641674 .9690756 .9774576 .9819312 .9953134 1.036067 1.057754 1.063996 .9889087 .9339498 .9729995 1.015222 1.067587 1.070039 .9626634 .848899 .9061842 .9653334 .9711337 .8718231 .7718787 .7219419 .7129967 .7234977 .7539864 .8597362 .937749 1.024011 1.133499 1.142051 1.032412 .9498683 1.060721 1.257306 1.351408 1.308982 1.122584 .9661297 1.051989 1.305809
