py_wake/examples/data/AJ_ParqueFicticio/Rough survey   Sector 11   Height 200m   Mean speed.grd
DSAA
73  159
 258469   265669
 6501692   6517492
 5.919517   11.30186
[rows 84 to 111 of 159, columns 0 to 62 of 73]
8.713841 8.706176 8.705539 8.701704 8.700274 8.69977 8.703203 8.701371 8.696491 8.682043 8.661427 8.625709 8.579268 8.548082 8.526167 8.485763 8.446956 8.414707 8.407065 8.429952 8.469897 8.506717 8.553262 8.614712 8.697948 8.775959 8.831135 8.869187 8.894931 8.886303 8.836503 8.777138 8.709002 8.607813 8.530676 8.439712 8.401221 8.421573 8.437732 8.43144 8.420383 8.357513 8.251085 8.136343 8.086783 8.04117 7.96317 7.913219 7.905414 7.963037 8.08795 8.207859 8.299126 8.347328 8.355204 8.314081 8.206731 8.073749 7.921441 7.764066 7.627278 7.527531 7.429481
8.719142 8.718559 8.713169 8.714523 8.716069 8.720666 8.721122 8.722434 8.713136 8.703742 8.674314 8.641762 8.604336 8.554837 8.526054 8.494962 8.459997 8.418476 8.376284 8.36784 8.395136 8.4242 8.474178 8.558357 8.685804 8.811488 8.879225 8.894882 8.849005 8.785645 8.692811 8.639863 8.617606 8.540352 8.46478 8.382821 8.368737 8.436147 8.477939 8.495627 8.479768 8.402152 8.303195 8.181155 8.0947 8.043633 7.955854 7.85917 7.781372 7.782789 7.908276 8.076932 8.226062 8.319527 8.355863 8.338251 8.239944 8.099655 7.93545 7.764456 7.601805 7.464747 7.367877
8.702794 8.709981 8.720736 8.732041 8.731299 8.730786 8.733781 8.734856 8.736735 8.718387 8.695367 8.666804 8.628218 8.580821 8.536786 8.505021 8.478521 8.435503 8.387423 8.356904 8.339238 8.351068 8.384661 8.45341 8.592166 8.762286 8.875842 8.891719 8.79136 8.674094 8.563304 8.492126 8.472571 8.441628 8.400476 8.346351 8.335752 8.410779 8.477616 8.529002 8.527306 8.457254 8.354104 8.247829 8.16421 8.100655 8.012608 7.904699 7.78596 7.707535 7.745832 7.908741 8.102657 8.223616 8.315926 8.318415 8.234919 8.104548 7.947213 7.767767 7.584267 7.429492 7.331241
8.70284 8.715328 8.734572 8.742065 8.741985 8.740208 8.747139 8.748101 8.7492 8.73603 8.718198 8.695893 8.667336 8.612664 8.550459 8.512617 8.486773 8.449883 8.418565 8.376249 8.34821 8.339831 8.343537 8.381222 8.492139 8.679522 8.82268 8.873475 8.778748 8.61731 8.482615 8.380595 8.353088 8.350014 8.354558 8.323906 8.330564 8.402784 8.483569 8.547215 8.545145 8.491953 8.405787 8.296453 8.208545 8.129316 8.064338 7.97685 7.834832 7.705771 7.662148 7.770039 7.929973 8.096504 8.201722 8.235018 8.164686 8.050091 7.916749 7.736979 7.545855 7.39257 7.340184
8.736575 8.740806 8.754068 8.756703 8.759044 8.760304 8.758301 8.756927 8.755792 8.759373 8.744208 8.727048 8.697228 8.654886 8.591047 8.532659 8.489337 8.456765 8.429899 8.399076 8.384774 8.386849 8.389053 8.400111 8.459791 8.611591 8.793041 8.887155 8.81082 8.632113 8.449026 8.327104 8.274884 8.254297 8.25493 8.269547 8.350289 8.439106 8.516929 8.56692 8.56762 8.520081 8.42281 8.300235 8.199953 8.113584 8.038282 7.973858 7.851555 7.723176 7.637155 7.646846 7.731101 7.873029 8.038764 8.100375 8.041949 7.935323 7.818291 7.665344 7.477077 7.347228 7.379259
8.781571 8.781848 8.774156 8.779898 8.792489 8.796026 8.780741 8.760323 8.753377 8.752502 8.760909 8.754026 8.733823 8.697131 8.645166 8.571147 8.503756 8.461105 8.436408 8.418945 8.429194 8.452847 8.485806 8.512338 8.534503 8.624907 8.787867 8.913842 8.869102 8.678301 8.452413 8.293011 8.208063 8.165033 8.14925 8.203082 8.322237 8.448164 8.546707 8.603939 8.608575 8.554512 8.437066 8.303437 8.183275 8.112687 8.019824 7.948158 7.843761 7.742055 7.664635 7.604064 7.557464 7.641072 7.783145 7.895153 7.859839 7.780283 7.668749 7.53394 7.364916 7.290378 7.368068
8.833097 8.818587 8.810603 8.811976 8.827961 8.826881 8.821504 8.797783 8.776991 8.756928 8.758089 8.767094 8.756615 8.742509 8.700819 8.631021 8.546345 8.486767 8.437598 8.423809 8.453515 8.522181 8.590435 8.648487 8.679097 8.702913 8.821468 8.944516 8.912382 8.710341 8.46379 8.274943 8.179864 8.122921 8.093489 8.157317 8.25336 8.42033 8.572426 8.65451 8.652056 8.579613 8.464138 8.33937 8.266418 8.191701 8.126259 8.026423 7.929425 7.860934 7.811136 7.742352 7.624763 7.548155 7.577351 7.67516 7.680266 7.607955 7.481083 7.34847 7.215771 7.18147 7.304243
8.871136 8.861235 8.858232 8.85763 8.866823 8.874379 8.870444 8.854117 8.819156 8.790011 8.770984 8.776361 8.779487 8.77645 8.75808 8.704177 8.62939 8.558616 8.49086 8.428156 8.459356 8.564198 8.683429 8.780382 8.808079 8.822394 8.888118 8.97575 8.936349 8.726651 8.491393 8.29761 8.176373 8.100733 8.114114 8.167998 8.213481 8.362152 8.563117 8.694747 8.706903 8.624885 8.497128 8.422424 8.374193 8.306719 8.230444 8.114431 8.016459 7.98302 7.991168 7.938892 7.833107 7.692051 7.58134 7.52488 7.532013 7.471371 7.32303 7.173983 7.041173 7.0354 7.205495
8.922078 8.91573 8.910952 8.90799 8.910093 8.920887 8.923169 8.909627 8.884482 8.844613 8.79733 8.78547 8.791163 8.799845 8.80068 8.784457 8.735629 8.681105 8.60041 8.484204 8.448501 8.568258 8.740309 8.868911 8.917301 8.907528 8.952413 9.014565 8.943081 8.73531 8.495266 8.310936 8.189135 8.094292 8.123427 8.193172 8.211457 8.307897 8.520519 8.695634 8.737548 8.657608 8.553575 8.494675 8.453111 8.371084 8.265044 8.120479 8.052969 8.060764 8.095294 8.08198 8.007318 7.883069 7.717788 7.599584 7.521137 7.457821 7.312894 7.09582 6.883266 6.868214 7.062933
8.973122 8.975253 8.964865 8.956029 8.958961 8.971664 8.979665 8.969559 8.943999 8.910849 8.857953 8.816832 8.803988 8.814087 8.826236 8.837564 8.847601 8.829746 8.773292 8.628155 8.484021 8.547151 8.745436 8.924558 8.985932 8.967567 8.992406 9.028522 8.937739 8.72423 8.485512 8.298713 8.156126 8.091191 8.140664 8.216441 8.226952 8.274049 8.467772 8.658021 8.739505 8.688903 8.618559 8.55388 8.491925 8.383399 8.259352 8.150198 8.08915 8.095361 8.131289 8.135784 8.095739 8.033562 7.892477 7.7624 7.65264 7.554278 7.360873 7.080991 6.790157 6.70166 6.891802
9.022474 9.029104 9.020704 9.017835 9.009745 9.020288 9.034203 9.036053 9.014139 8.983782 8.939814 8.87621 8.841221 8.83121 8.833635 8.861665 8.918181 8.975077 8.969492 8.826908 8.61491 8.55806 8.728601 8.936826 9.018998 8.993669 8.997041 9.019409 8.922232 8.713874 8.473265 8.255875 8.10311 8.058702 8.165439 8.246851 8.240308 8.273765 8.434834 8.614637 8.712882 8.692278 8.630569 8.546996 8.475068 8.380696 8.271444 8.185822 8.136747 8.122252 8.114525 8.093838 8.065716 8.037088 7.95334 7.859614 7.750281 7.626251 7.433317 7.132443 6.779274 6.579051 6.694316
9.055156 9.082835 9.085725 9.079389 9.073304 9.064116 9.08759 9.096876 9.090458 9.061617 9.017727 8.963735 8.919533 8.879365 8.850988 8.854874 8.916821 9.051236 9.122497 9.033384 8.803489 8.649808 8.736184 8.929133 9.031468 9.007417 8.978341 8.962529 8.865883 8.687715 8.453573 8.215603 8.04671 8.000387 8.141375 8.252727 8.25634 8.267443 8.401368 8.577706 8.647115 8.627913 8.566731 8.502965 8.444472 8.383879 8.302465 8.23296 8.186237 8.138037 8.104119 8.043253 7.970648 7.929805 7.891106 7.837164 7.739111 7.631537 7.479249 7.218806 6.842373 6.531065 6.52123
9.094527 9.125412 9.137792 9.134295 9.138011 9.135407 9.134186 9.14968 9.153094 9.139132 9.10735 9.076159 9.031507 8.975335 8.910529 8.869721 8.897279 9.05197 9.19631 9.192389 8.986541 8.778373 8.784373 8.940055 9.030489 8.993901 8.90606 8.853672 8.759004 8.586997 8.372863 8.145285 7.965594 7.928278 8.083383 8.247137 8.268763 8.255664 8.378375 8.550434 8.588832 8.55871 8.498162 8.435634 8.398735 8.366217 8.335228 8.265709 8.215398 8.159734 8.111442 8.018028 7.903276 7.794611 7.741989 7.683133 7.599967 7.508013 7.426968 7.240112 6.921374 6.578198 6.419872
9.136195 9.163075 9.173943 9.191817 9.203871 9.216736 9.200057 9.191457 9.212188 9.216886 9.191128 9.173862 9.156739 9.130734 9.055452 8.955654 8.922131 9.035985 9.213932 9.259676 9.118491 8.911741 8.873568 8.977312 9.035201 8.954886 8.860042 8.777108 8.675667 8.512368 8.318053 8.103698 7.900314 7.820715 7.969984 8.190271 8.262736 8.26851 8.355067 8.490324 8.531237 8.507352 8.450269 8.381753 8.339821 8.311595 8.295294 8.247864 8.222656 8.171879 8.116666 8.036799 7.888483 7.730912 7.607478 7.509168 7.379663 7.278811 7.217896 7.113703 6.908707 6.62181 6.395831
9.193994 9.212791 9.231749 9.233074 9.245539 9.279338 9.287056 9.261502 9.269079 9.278836 9.263932 9.260369 9.276272 9.299332 9.264716 9.153926 9.045026 9.080789 9.231306 9.318199 9.210226 9.026703 8.959039 9.022974 9.051228 8.970751 8.864612 8.800436 8.720517 8.555237 8.342243 8.114401 7.875588 7.746102 7.862377 8.076438 8.180136 8.228889 8.31065 8.428987 8.466185 8.447127 8.390845 8.336554 8.306008 8.278077 8.260428 8.232248 8.211157 8.147883 8.087146 8.007768 7.897235 7.772198 7.589622 7.411738 7.23486 7.077091 6.977055 6.901861 6.768201 6.571355 6.384424
9.277448 9.299735 9.304013 9.299371 9.281193 9.331483 9.374855 9.366583 9.339237 9.348884 9.347528 9.345683 9.380026 9.450067 9.473368 9.398054 9.268353 9.229704 9.319624 9.385004 9.301782 9.142159 9.071238 9.082281 9.073309 9.007553 8.916723 8.882924 8.822404 8.641084 8.412853 8.154434 7.885634 7.743768 7.814761 7.971653 8.08046 8.142078 8.222408 8.341738 8.407138 8.396255 8.329665 8.267964 8.23444 8.24212 8.250471 8.234849 8.208215 8.15551 8.074201 8.013206 7.947363 7.83816 7.641301 7.441206 7.240002 7.021065 6.861595 6.743102 6.635514 6.497468 6.384088
9.353744 9.392478 9.407907 9.396876 9.353916 9.361835 9.446841 9.475557 9.442993 9.455735 9.43996 9.446027 9.478366 9.545403 9.625711 9.619975 9.533799 9.464108 9.477722 9.508505 9.429189 9.272238 9.170538 9.134269 9.113268 9.073967 8.998656 8.962611 8.892321 8.724857 8.481773 8.191069 7.912213 7.794128 7.853256 7.923481 7.992644 8.036282 8.118339 8.236584 8.330135 8.347218 8.274216 8.191632 8.137999 8.153284 8.235103 8.305884 8.327335 8.295418 8.189953 8.080089 7.989181 7.858217 7.678232 7.478426 7.263321 7.044982 6.856314 6.711235 6.567094 6.427862 6.341008
9.399625 9.482938 9.527547 9.510333 9.454277 9.411484 9.487816 9.584294 9.581008 9.575792 9.567709 9.553144 9.577792 9.641901 9.720317 9.770687 9.742688 9.708768 9.695371 9.6818 9.578515 9.408086 9.258538 9.203297 9.217191 9.205239 9.127617 9.044036 8.948216 8.774949 8.530681 8.232587 7.965053 7.861703 7.912354 7.952873 7.987157 8.026927 8.064478 8.146307 8.246099 8.281167 8.241212 8.157647 8.096363 8.052746 8.170865 8.379243 8.499726 8.471204 8.362008 8.216424 8.039042 7.871327 7.685606 7.487684 7.265915 7.052175 6.835879 6.648837 6.449017 6.298148 6.26809
9.415303 9.538977 9.624163 9.643436 9.586544 9.49211 9.518978 9.641031 9.67962 9.694085 9.717972 9.702258 9.704144 9.740365 9.802277 9.870336 9.887563 9.899005 9.909651 9.88903 9.757874 9.548371 9.403642 9.363465 9.377795 9.362085 9.282976 9.145977 8.984854 8.786261 8.560111 8.281138 8.040212 7.937542 7.950093 7.978229 8.006027 8.058078 8.100954 8.145885 8.222201 8.265206 8.261949 8.191531 8.086203 7.971292 8.056823 8.331837 8.571208 8.647553 8.569006 8.384653 8.149514 7.913719 7.682811 7.467227 7.235651 7.011519 6.77404 6.548901 6.316598 6.161196 6.18259
9.379571 9.542769 9.680771 9.755025 9.726735 9.599174 9.542302 9.63997 9.728892 9.786642 9.841081 9.845141 9.820672 9.833092 9.868779 9.926938 9.98189 10.03662 10.09711 10.07838 9.946396 9.765918 9.632831 9.590635 9.603485 9.576129 9.468045 9.257741 9.023425 8.798593 8.568789 8.318092 8.098517 7.987448 7.965105 7.987856 8.012431 8.062363 8.141582 8.229746 8.276692 8.286774 8.269685 8.195155 8.023445 7.860798 7.938597 8.196137 8.534605 8.752099 8.759742 8.594387 8.315677 7.989182 7.684 7.425338 7.192165 6.967019 6.729113 6.480934 6.206832 6.010953 6.070613
9.267695 9.457871 9.659837 9.815604 9.839031 9.713805 9.600996 9.619131 9.714414 9.811433 9.891166 9.934132 9.912989 9.884105 9.88245 9.93056 10.02383 10.11138 10.21414 10.22772 10.13253 9.960656 9.840796 9.824987 9.877848 9.853571 9.70244 9.450988 9.17342 8.905725 8.646599 8.363386 8.148767 8.05168 8.037253 8.065021 8.073839 8.108105 8.194585 8.294529 8.342879 8.347684 8.271282 8.13761 7.937424 7.778109 7.765257 8.00084 8.391535 8.747836 8.909398 8.822702 8.528079 8.124284 7.759867 7.463357 7.220256 6.991808 6.781567 6.510891 6.189299 5.919517 5.950961
9.148346 9.288186 9.525379 9.75966 9.875999 9.815721 9.684628 9.643913 9.707256 9.805188 9.893473 9.95682 9.94773 9.889515 9.835731 9.84149 9.934552 10.07581 10.23022 10.27771 10.19537 10.06306 9.974755 10.02137 10.12999 10.13574 9.993064 9.744225 9.439582 9.141976 8.790662 8.46384 8.23456 8.125813 8.131124 8.129562 8.144484 8.206656 8.284333 8.358297 8.413757 8.385105 8.25836 8.07939 7.895294 7.756961 7.664536 7.780186 8.168715 8.639693 8.962503 9.004591 8.757708 8.343437 7.956198 7.634756 7.352273 7.117695 6.88565 6.608352 6.268217 5.945083 5.922128
9.167895 9.17929 9.335296 9.595537 9.810033 9.862065 9.769764 9.70303 9.717415 9.806971 9.907398 9.95759 9.94411 9.860456 9.767754 9.666869 9.738045 9.939524 10.12895 10.22292 10.17466 10.05884 10.00895 10.12674 10.3193 10.4038 10.32759 10.10796 9.789552 9.409719 8.988785 8.610287 8.350209 8.214757 8.195412 8.201378 8.254554 8.353935 8.432867 8.460948 8.487544 8.449302 8.298866 8.087407 7.88324 7.74711 7.620029 7.611009 7.922685 8.424564 8.864105 9.06659 8.922824 8.559465 8.179679 7.861553 7.561555 7.268848 6.997722 6.708913 6.378817 6.062304 5.990802
9.349442 9.231612 9.283495 9.456182 9.680208 9.847859 9.873594 9.808603 9.779716 9.853501 9.949652 9.993443 9.940161 9.807524 9.651406 9.476099 9.44145 9.655168 9.919196 10.07038 10.06071 9.961921 9.935855 10.09862 10.40324 10.59606 10.59665 10.42331 10.11153 9.706779 9.242864 8.845502 8.556297 8.389701 8.314687 8.295299 8.369811 8.525091 8.620615 8.62908 8.611041 8.550138 8.389977 8.096636 7.866859 7.735832 7.628324 7.568209 7.756705 8.208136 8.683686 8.98241 8.921335 8.632639 8.328196 8.05424 7.737161 7.412629 7.11296 6.814417 6.469585 6.181499 6.116796
9.609954 9.449972 9.399975 9.472014 9.626426 9.813856 9.939508 9.933523 9.881531 9.910681 9.999272 10.04136 9.967007 9.788728 9.541625 9.313931 9.176563 9.304235 9.57047 9.794403 9.869984 9.80987 9.791382 9.996046 10.34531 10.64382 10.75715 10.68715 10.42321 10.03484 9.584551 9.165056 8.847069 8.620616 8.502333 8.433368 8.500044 8.692101 8.827694 8.864536 8.806163 8.702351 8.459343 8.107377 7.823506 7.696582 7.61686 7.573289 7.713719 8.094276 8.523642 8.814714 8.781255 8.55829 8.326783 8.089312 7.82545 7.525602 7.224687 6.919846 6.563096 6.268589 6.204386
9.84156 9.69325 9.579117 9.600774 9.686794 9.81469 9.961919 10.02506 10.00416 10.00023 10.06462 10.10819 10.0274 9.765822 9.462293 9.185737 9.010623 9.007626 9.199745 9.430688 9.570951 9.567806 9.553436 9.765265 10.17194 10.52629 10.75108 10.78815 10.62106 10.29765 9.884883 9.474354 9.107296 8.852223 8.665045 8.567986 8.631655 8.832112 9.024225 9.092875 9.03581 8.874193 8.564365 8.161269 7.803228 7.615009 7.528336 7.522684 7.691605 8.053026 8.454 8.697394 8.684758 8.487324 8.258665 8.048656 7.831211 7.576818 7.29157 6.977311 6.630315 6.332458 6.251044
10.01668 9.92116 9.804435 9.770374 9.815495 9.896113 10.00039 10.09236 10.11196 10.10749 10.14657 10.17635 10.08205 9.804236 9.460932 9.148319 8.910146 8.796074 8.872955 9.054801 9.198336 9.258516 9.280606 9.468118 9.883528 10.27164 10.56269 10.70185 10.63243 10.42929 10.09885 9.710223 9.358931 9.064539 8.85499 8.720932 8.743599 8.952579 9.187427 9.318655 9.249559 9.054005 8.719436 8.255085 7.805038 7.508073 7.37638 7.370397 7.549926 7.95085 8.383281 8.624946 8.610864 8.462895 8.237911 8.018441 7.813601 7.588445 7.304611 6.972634 6.624572 6.348559 6.260248
10.1497 10.12848 10.03687 9.99208 10.00542 10.05806 10.11518 10.17969 10.2266 10.24846 10.27216 10.29643 10.17876 9.908541 9.582314 9.251039 8.974051 8.807524 8.699205 8.713624 8.799343 8.892625 8.962001 9.18439 9.606042 10.01862 10.29336 10.42555 10.46286 10.37551 10.19182 9.919636 9.649629 9.382483 9.150742 8.949802 8.896766 9.050774 9.291182 9.478672 9.47923 9.276042 8.890835 8.371356 7.87126 7.504074 7.286843 7.206537 7.362711 7.752332 8.216994 8.483762 8.53154 8.4188 8.223988 8.03387 7.851714 7.642532 7.372455 7.008406 6.618422 6.344686 6.246659
