py_wake/examples/data/AJ_ParqueFicticio/Rough survey   Sector 7   Height 30m   Orographic speed.grd
DSAA
73  159
 258469   265669
 6501692   6517492
 .01442826   2.19552
[rows 56 to 83 of 159, columns 0 to 62 of 73]
.9470957 .958691 .9574153 .9607389 .9597058 .9704342 .9669908 .9671718 .9634354 .9655098 .9660165 .96891 .9650031 .9542338 .9520239 .9520676 .9570716 .960363 .9557561 .9487079 .9575802 .9470394 .9357392 .9400904 .9471893 .943414 .948242 .9627914 .9916398 1.037145 1.096077 1.144639 1.109999 1.171857 1.166236 1.166026 1.193318 1.205097 1.215974 1.22251 1.220326 1.263519 1.275189 1.240763 1.186036 1.130591 1.112302 1.080908 1.025813 .9975121 1.001797 1.034381 1.018254 .9942558 .9559616 .9354627 .9165342 .9469202 .9737484 .9908224 1.003186 .9784371 .9522145
.9429573 .9454803 .9399949 .9522294 .9586905 .970876 .9705933 .9647257 .9607866 .9594491 .961046 .9633285 .9649946 .966968 .9669472 .9592231 .9588809 .9589612 .9581655 .9572326 .9675962 .9593441 .9443094 .9517382 .9512396 .9468144 .949409 .9721779 1.015641 1.079989 1.122499 1.158223 1.190009 1.204329 1.214434 1.205271 1.174402 1.193005 1.248426 1.241146 1.223616 1.236131 1.185376 1.160884 1.150281 1.124673 1.077402 1.025046 1.006935 1.003195 1.01179 1.024851 .9901333 .9988415 1.028604 1.051707 1.033551 1.002406 .9616992 .9095196 .9137618 .9173911 .9796744
.9154975 .9086713 .9119003 .92616 .9393336 .9546995 .9605842 .9532959 .9493521 .9478521 .9497413 .9538884 .9525122 .9502308 .9570509 .9596164 .9572662 .9544619 .9545874 .95557 .9619116 .965987 .9576746 .9625325 .957689 .9517582 .9511743 .962817 .9865245 1.010971 1.034936 1.079538 1.112385 1.149067 1.145834 1.14761 1.11459 1.129986 1.183697 1.200531 1.19151 1.17958 1.121035 1.097077 1.083098 1.061703 1.004636 .9552367 .9587559 .9843001 .9796923 .9578657 .9494693 .9570961 .995323 1.034979 1.025633 1.036949 1.033766 .9976407 .970868 .9584048 .9983285
.9140347 .9103711 .8994372 .9046561 .9114926 .9305552 .9471787 .9405624 .9341859 .9345943 .9369764 .9378914 .9440736 .9412237 .9440965 .9509338 .9544615 .9520817 .9543276 .9518125 .9580553 .9709103 .972789 .9727297 .966309 .9596707 .9581837 .9349862 .8946198 .8800199 .8740199 .9066989 .943688 .9812158 .9914732 1.03685 1.054717 1.085185 1.13031 1.14165 1.132905 1.111942 1.076227 1.062888 1.042798 1.028387 .9663435 .9116178 .8909439 .8959948 .9236172 .9030978 .8951197 .8973755 .9253048 .9687982 .9502426 .9879929 1.020786 1.050125 1.012158 .975235 .9793132
.9559219 .9391628 .9281785 .9380618 .9312006 .9158075 .9299503 .9232934 .9201595 .92128 .922416 .9230759 .9243549 .9263555 .9331528 .9418461 .9507064 .9519957 .957156 .9555085 .9506597 .9525167 .9580193 .9692463 .9723912 .97538 .9760695 .9642453 .9526418 .8865199 .8573892 .8619713 .8739334 .8856591 .9115963 .964412 .9833319 1.013532 1.049501 1.068356 1.057303 1.029387 1.043096 1.053792 1.04097 1.028472 .9936812 .9470166 .887134 .8653122 .864367 .8390684 .8517259 .8503558 .907919 .9501139 .9428569 .988809 .9943647 1.01896 1.01208 .9932276 .9630995
.9759276 .9560086 .9552701 .9526534 .9389163 .9245867 .909745 .9083775 .9085074 .9146626 .9162893 .9175784 .9203058 .9255506 .9293908 .9376321 .9485565 .9534005 .9558209 .9595704 .958432 .9666448 .9607441 .9646305 .9678462 .9785242 .9950925 1.023098 1.041598 1.019223 .9705096 .9099402 .8934687 .9505469 .9333621 .9404308 .9530396 .9728444 .9925078 1.001032 .9847798 .9814348 1.005178 1.020397 1.010805 1.004786 .9892313 .9790853 .9182657 .8412725 .7818066 .7892945 .8520128 .8934972 .8740541 .9062678 .95214 .9880718 .9760939 .9770576 .9825248 .9641966 .8855383
.982659 .9725576 .9692242 .9654244 .9576101 .9463143 .9347246 .916764 .9132941 .9164804 .9174226 .919183 .9278912 .9278696 .9277267 .9316845 .9386186 .9420209 .9432227 .9554641 .9524474 .9588345 .9596509 .9664707 .977302 .9877518 1.009151 1.037346 1.0601 1.063675 1.096553 1.078471 1.055235 1.036586 .9865099 .9549969 .947933 .9440053 .9490194 .9570725 .9634194 .9712961 .9942654 .9973629 .9788719 .9810153 .9803123 .9987581 .9733425 .9105446 .8359472 .7556494 .8179854 .8978844 .9337651 .9257349 .9328416 .9631333 .970525 .9818659 .9734346 .9308067 .8853159
.9766993 .9660782 .9703996 .9732553 .969819 .9603343 .945364 .9245031 .9160116 .9190684 .9257129 .931356 .9296979 .9277276 .9247735 .92327 .9236038 .9217604 .9265692 .9349036 .9322405 .9341871 .9409248 .9555648 .9683094 .9852605 1.011727 1.029428 1.052833 1.074713 1.069188 1.078243 1.07061 1.053125 1.022833 .981202 .960112 .9400765 .9412186 .9350739 .935076 .9396887 .954482 .9564041 .9487198 .9719016 .9743745 .9587493 .9647638 .9361216 .8294666 .8001922 .7878608 .8557113 .9064431 .8726107 .828401 .8744549 .910253 .9233522 .9268101 .9427901 .913802
.9663013 .9590423 .9665584 .9702533 .9685975 .9618956 .9441743 .9257864 .9146685 .9197025 .9230938 .9272237 .9301834 .9261497 .9233819 .9201099 .9232932 .922819 .9201295 .9193106 .920674 .9165803 .9186941 .9271859 .9398355 .9661563 .9820811 1.00615 1.025243 1.054954 1.048889 1.060555 1.065701 1.065431 1.041029 1.00954 .9706203 .9511439 .9476324 .9348981 .9037475 .8844097 .8772207 .8835253 .9054995 .9367604 .9282398 .9154351 .9058781 .9329047 .8795733 .8205153 .7663008 .7283409 .8189517 .8459736 .7291647 .6826462 .6758176 .7202539 .7310496 .748495 .8562053
.9553654 .9494885 .9579974 .9623212 .9635535 .9594941 .947572 .9302311 .91935 .923121 .922884 .9238428 .9261744 .9246256 .9232301 .9165387 .9199994 .9230821 .9250811 .9279677 .9318722 .9184383 .9142273 .9321549 .9271575 .9265547 .9138902 .9262185 .9451486 .9603287 .9634614 1.007915 1.029296 1.030762 .9977725 .9750898 .94848 .9290514 .9286215 .8937286 .8817396 .8892478 .8757754 .8863988 .9032425 .9248549 .9089749 .8971591 .9073743 .9405652 .9499033 .8962961 .8135085 .7622679 .7250224 .7906935 .7739946 .717899 .649971 .5736235 .5860261 .5997508 .6617916
.9485351 .9438868 .9505215 .9561858 .9549364 .9535537 .9499918 .9460973 .9438241 .9353119 .9278024 .9275386 .9263876 .9242774 .923161 .9236456 .9269434 .9267598 .9341345 .9459272 .9476057 .9384559 .9476199 .9408658 .9174636 .8988837 .8891769 .8971316 .8874967 .8840449 .8907343 .9225373 .9791842 .987277 .9686962 .9520802 .9202383 .8946543 .8670026 .8385964 .8586445 .8686978 .8569657 .8649448 .880348 .8798735 .8825157 .8876469 .8880622 .9079086 .9554632 .9638042 .9515665 .8457692 .7843947 .7754885 .8178341 .7976264 .8077688 .7786018 .6867986 .6470265 .6480968
.9421629 .9419047 .9484985 .9509762 .9520724 .9461106 .9420993 .945814 .9452273 .9359685 .9295586 .9275003 .9266486 .9223899 .9201452 .919804 .9239087 .9277762 .9401353 .9486719 .9537992 .9459482 .9492539 .937709 .9131221 .8977382 .884243 .8834657 .8813912 .8710616 .8719535 .8996978 .9448984 .9468478 .9454728 .942205 .9308619 .9054829 .876186 .8254442 .7992762 .7960566 .813746 .8216426 .8193991 .8375763 .8855966 .9181805 .9573876 .9449704 .9589852 1.009484 1.02526 .988556 .8735822 .8084769 .802501 .8664875 .9140197 .9371309 .945968 .8884893 .8080765
.9351041 .9434618 .9534629 .9505751 .945882 .9361611 .9360368 .9399056 .9392834 .9322243 .9256323 .9242287 .9268801 .924991 .9244167 .919704 .9184365 .9267542 .9384005 .9413189 .9418082 .9329286 .9279302 .9263929 .9182442 .9260517 .9293535 .8850669 .8618883 .8445582 .8463634 .8779898 .9179126 .9156653 .9104661 .9286364 .9333163 .9287246 .909066 .8516918 .8505782 .8540114 .8451253 .8203657 .7814612 .7831144 .8059879 .8495487 .8623496 .8652206 .9233645 .9749444 1.010965 1.016736 .9608719 .8885404 .8161767 .8271571 .867983 .9042547 .9515794 .9641404 .9265297
.9180894 .9310036 .9455242 .9469215 .9375607 .9292942 .9368163 .9347237 .9325055 .9257467 .9174005 .9151112 .922263 .9243896 .929018 .9228689 .9176313 .9335451 .9393067 .9356213 .9275146 .920658 .9138567 .9173208 .9324507 .9494294 .9438354 .9136872 .8882184 .8456632 .8295186 .8393359 .8735336 .8738783 .8828742 .9176202 .9348097 .9421996 .9350424 .9232276 .9617915 .9823618 .9492884 .8793011 .826254 .8164864 .7851196 .7496211 .7217865 .7293728 .817004 .862698 .8795115 .852036 .8450365 .8114031 .7866998 .7753058 .8039195 .834614 .8689966 .9246899 .9503036
.8914894 .9049345 .929372 .9283689 .92458 .9240038 .9359214 .9334333 .9265519 .9202349 .9101517 .9056048 .9103816 .9200537 .9375445 .9444928 .9546304 .9467666 .9397216 .9348208 .9291739 .933934 .9274901 .9405555 .9531398 .9626368 .9420347 .9352013 .9197232 .8753443 .8508105 .8182312 .8274919 .8378046 .8762439 .9175973 .9398275 .9582956 .9849905 1.010961 1.021381 1.01478 .980275 .9428257 .8779423 .8569851 .8041046 .7535387 .7076926 .664183 .6124785 .5792723 .5674322 .5591697 .6606477 .7550124 .8165891 .8199969 .8261189 .8528524 .8782454 .9325711 .9590706
.8820756 .8842672 .8910978 .9001267 .9090543 .9140163 .9292558 .9258691 .9195151 .912492 .9088472 .9171385 .9285921 .9318745 .9464016 .9442922 .9493276 .939216 .9307621 .930428 .9318491 .9444931 .9480392 .9747589 .9771871 .9734933 .9529706 .9476775 .9177698 .9025525 .9048243 .8904756 .881102 .8708673 .8994175 .9307611 .962308 .9859883 .9959965 1.005415 .9975368 1.001789 .9749413 .9560621 .9378521 .9212784 .8862141 .8326963 .7669769 .7101231 .5946261 .5154366 .4789056 .4882826 .5678159 .6654615 .7876168 .8645394 .8903593 .9160051 .9227859 .9625365 .9825769
.9011617 .9124091 .9182339 .8991335 .8952379 .9018545 .9185047 .917442 .9146853 .9189282 .9304273 .9317387 .927003 .9227155 .9270478 .9253991 .9229848 .9183751 .9146089 .9164343 .9212937 .9250275 .9325419 .9496838 .9565324 .9641134 .957629 .9469779 .9136816 .9103237 .9188417 .9149656 .9206663 .9349927 .9377553 .9513849 .9706964 .9774914 .9837397 .9751669 .9789082 .9956082 .9887121 .9639043 .9554934 .9493138 .9371935 .9111801 .8683563 .8577798 .8451726 .8355541 .835308 .7629501 .675145 .7238766 .7834492 .8531943 .9017252 .9414913 .9803176 1.013868 1.056113
.9345926 .9372684 .9286374 .9018533 .8833141 .8837471 .9066158 .9050629 .9040343 .9164113 .9252089 .9266689 .9182338 .9058549 .8954204 .9025877 .8965426 .8896349 .888802 .8889331 .8927902 .8851154 .891491 .8985519 .91339 .9273364 .9401346 .9530056 .970736 .9717949 .9702877 .9662148 .9668361 .9899289 .978264 .941465 .9334043 .9490967 .9767198 .9897461 1.001807 1.038185 1.027567 .9906318 .9757783 .9395781 .9275355 .8853472 .8924884 .9154633 .9239731 .9510869 .9863621 .9999534 .9270317 .8357546 .7908102 .7921721 .8704414 .9324486 .9868392 1.079268 1.13658
.939306 .9378261 .9282623 .9094965 .8850899 .8735151 .8999028 .8912866 .8897232 .9048836 .910637 .9158348 .9122588 .8977525 .8831264 .8747689 .8681685 .8655514 .8671241 .8627672 .8611407 .8577023 .8685465 .8728681 .8869206 .8968234 .9172317 .9486221 .9825313 .9960112 .9959818 1.006364 1.027282 1.014732 .9777741 .9480255 .9304984 .9315596 .9373157 .9552964 .989069 1.022059 1.029072 1.01867 1.000662 .9538519 .8980365 .8204079 .7914442 .8047274 .7908607 .8490645 .950021 .9849735 .9761645 .8852585 .7828759 .7525883 .793367 .8637934 .93415 .9819283 1.002485
.923327 .9268558 .9276609 .9184798 .9053439 .8930484 .8932161 .8865777 .880263 .8894973 .8959587 .901006 .9045213 .8902521 .8824468 .8708343 .8590331 .8576944 .8613791 .8563162 .8601033 .845899 .846318 .8495899 .8597391 .8614462 .8738791 .8827683 .9051386 .9043319 .9266148 .9479707 .9537596 .9747643 .9696119 .9648866 .9575629 .9452097 .9209958 .9030614 .8705277 .8898516 .8979182 .8719508 .8546735 .7902947 .7320574 .7188715 .699038 .6962619 .6940241 .6859468 .6595761 .6708572 .7358611 .7018904 .6871664 .6680936 .7129061 .7394661 .7740209 .7916335 .8076592
.9028317 .9102315 .9149322 .9156017 .9108173 .9109451 .8962624 .8849865 .8771147 .8753619 .8806236 .8841838 .8853577 .8779427 .8864827 .8776318 .8608035 .858041 .8627667 .8652108 .8672234 .8410636 .8287397 .8200498 .8242468 .8212076 .8193966 .7953994 .7874449 .8106189 .862182 .8855746 .8978619 .9237119 .9383102 .953863 .9559503 .9252952 .8980268 .8749656 .860719 .8164729 .7335131 .6923444 .6379015 .6211839 .5903847 .6120777 .6583464 .6909884 .6841782 .6599743 .6069826 .5148448 .5113621 .5527614 .5637383 .5582952 .5440419 .5398185 .5806156 .5759322 .5614622
.8891701 .8931285 .8965533 .8986148 .8890472 .8811664 .874726 .8656456 .8649785 .8613794 .8678236 .8718743 .8684249 .8668267 .8742685 .8618789 .8490158 .845752 .8551702 .8536986 .8690344 .8803118 .8618774 .8538814 .8332222 .8056675 .7805103 .7498441 .7343781 .7507336 .8362589 .8796432 .9044581 .9163432 .9145461 .8846644 .859413 .8484293 .8254092 .7802332 .7806717 .7702841 .7381904 .7101889 .756199 .8235964 .8117039 .8003106 .8008481 .7301616 .7090026 .678586 .6544684 .6331698 .6510664 .6639847 .6300554 .5721161 .6332021 .6367683 .5779381 .5697364 .5754929
.880505 .8772032 .8761024 .8709856 .8618375 .8557724 .8538677 .844847 .8459127 .8480341 .8561638 .8645135 .8659945 .8633921 .8592623 .8502345 .8355936 .8239971 .8261437 .8274359 .8506004 .861344 .8683152 .8632742 .8439519 .8147339 .801699 .7729908 .7790767 .8321909 .8980697 .9233606 .9368188 .9252225 .920409 .9271535 .9156696 .8851219 .8690485 .7947725 .7392582 .7329803 .7293589 .7597442 .8465345 .9154114 .967034 1.009289 .9676315 .8542443 .7273254 .70723 .7477656 .8265111 .8995056 .9543102 .9415504 .9600773 .9697058 .9153386 .8425411 .7665599 .7412949
.8767211 .8649008 .8594446 .8562859 .8472627 .8405097 .8387898 .8390409 .8403556 .8378228 .8417159 .8504202 .8498989 .8496006 .8466096 .8428433 .8337971 .8244995 .8207141 .8109881 .8142731 .8150768 .8282928 .8315408 .8386768 .8444625 .8458522 .8751717 .9082909 .9230629 .9304233 .9272608 .9239802 .9071943 .9042525 .9131877 .9137129 .8997403 .8817354 .8223262 .7650388 .7361391 .7828087 .8280337 .9067492 .947853 .9643065 .9596232 .9452268 .9349068 .9185213 .9011703 .9198493 .9678008 1.025861 1.071268 1.117312 1.153805 1.116964 1.066285 1.019341 .9761782 .9159691
.8737438 .8604341 .847524 .8520973 .8490609 .8451167 .8344324 .838695 .8304266 .8218467 .8171419 .8251346 .8223192 .8261855 .8341585 .8396776 .8583049 .8617131 .8403935 .8209856 .8254396 .8010759 .8008321 .8034005 .8204243 .8433096 .8910978 .9477547 .9891233 .9973407 .9720662 .9226083 .9066091 .8786932 .8593833 .8419405 .8096145 .8150452 .8076253 .8006288 .8129031 .8777427 .9440794 .9614366 .9759305 .9950982 .9774387 .9606966 .974223 1.010706 1.043 1.063576 1.064137 1.090416 1.079638 1.096232 1.111866 1.084766 1.060629 1.031952 1.009336 .9761143 .953985
.8699187 .8660564 .8672588 .8587971 .8496653 .8467578 .8344051 .8262481 .8168798 .8064612 .791522 .784554 .7873821 .7962438 .8191736 .8452425 .8516919 .8555552 .8561225 .8573543 .8396288 .8233843 .8058684 .7810496 .7834564 .8100622 .8511136 .9002362 .9359702 .9318477 .924668 .8907179 .8704273 .8424874 .8364561 .8263596 .7968845 .8036982 .7894148 .7908552 .8125457 .8744751 .9197494 .9542487 .9645792 .9828698 1.007614 1.018868 1.036352 1.055626 1.072367 1.080263 1.073642 1.056837 1.042725 1.030128 1.034515 .997585 .9810488 .9763961 .9649754 .9605001 .9477255
.853878 .8553595 .8587388 .8519638 .8382844 .8268786 .8052627 .8048601 .8012362 .7929299 .7791529 .7781574 .7648169 .7662767 .771796 .7745155 .7906028 .813921 .8299792 .8406505 .8267691 .8241972 .8032187 .782483 .768022 .7514439 .7767758 .8273547 .8712166 .8844715 .8881696 .8690817 .8539332 .8325542 .8316284 .8281685 .7987155 .8013391 .7748181 .7533691 .8054391 .8744996 .9070293 .9315889 .939974 .9553867 .9980114 1.019233 1.037757 1.054147 1.058131 1.052682 1.040435 1.024305 1.004331 .9854116 .9734811 .9510835 .945702 .9571741 .9570771 .9599131 .9515221
.8378528 .836138 .837556 .8372133 .8243374 .8099615 .7962376 .7906645 .7843028 .7722036 .7806959 .7762155 .7543527 .7455893 .7315044 .7143852 .7220713 .7559772 .7812825 .7932851 .8070279 .8126472 .8070053 .8078901 .7848889 .7723249 .7871197 .8308996 .8571082 .8727831 .891712 .9086932 .9063088 .9292219 .9037784 .8979505 .8423143 .7905297 .7512624 .8204275 .8760757 .8873697 .8728384 .8886585 .8675163 .8686668 .9279135 .9458911 .9868995 1.03266 1.035065 1.02711 1.012393 .9896164 .9563915 .924656 .9180667 .9135332 .9159406 .9294916 .947207 .9459338 .9437339
