py_wake/examples/data/AJ_ParqueFicticio/Rough survey   Sector 1   Height 30m   Orographic turn.grd
DSAA
73  159
 258469   265669
 6501692   6517492
-136.9426   66.49902
[rows 27 to 53 of 159, columns 0 to 61 of 73]
-2.774882 -2.618387 -2.511122 -2.536844 -2.650453 -2.721925 -2.842352 -2.987206 -2.924233 -2.671443 -2.734895 -3.031213 -3.283142 -3.264372 -3.354344 -3.621238 -3.831338 -4.040543 -4.096875 -4.07789 -4.042771 -3.673155 -4.012513 -4.472156 -5.16732 -5.969585 -6.27356 -5.584454 -5.3766 -5.476842 -4.694601 -4.556533 -5.076528 -5.094311 -7.132818 -7.26794 -5.75337 -5.642006 -6.002773 -5.868711 -5.185802 -5.634545 -6.066191 -10.1588 -12.57944 -14.24414 -17.36231 -18.60431 -20.46055 -20.22449 -17.42919 -15.32774 -12.03718 -7.109123 1.41036 7.859772 11.6404 12.88807 14.45304 12.24721 6.22939 .2837257
-2.886873 -2.673176 -2.554497 -2.513185 -2.54769 -2.582498 -2.70576 -2.763969 -2.523111 -2.42833 -2.496517 -2.643503 -2.982677 -3.209337 -3.414505 -3.657102 -3.927827 -4.052014 -4.130205 -4.00397 -3.592439 -3.414904 -3.930181 -4.516499 -5.227785 -5.982161 -6.388187 -5.940679 -5.65097 -5.560206 -5.395647 -5.465657 -6.201916 -6.42199 -8.175651 -5.222472 -4.340494 -5.633825 -7.066803 -8.60388 -7.37042 -5.306144 -6.271428 -8.657707 -12.66362 -14.7845 -16.66456 -19.20579 -19.59181 -17.99253 -14.59836 -11.06878 -8.280277 -6.407911 -.5628346 8.379601 14.49973 13.92948 10.80726 6.461355 2.247347 -4.281695
-2.89408 -2.766471 -2.543236 -2.47157 -2.402246 -2.363976 -2.449373 -2.627815 -2.496809 -2.365474 -2.282234 -2.359397 -2.505436 -3.43815 -3.696562 -3.868533 -3.985465 -4.045969 -4.003686 -3.782054 -3.599132 -3.633499 -4.050879 -4.587757 -5.204785 -5.787168 -6.086062 -6.114879 -5.980587 -5.876585 -5.845292 -5.758769 -5.854542 -5.949738 -5.085419 -3.863477 -5.561959 -6.609295 -7.303008 -7.864153 -6.543385 -6.101815 -7.040934 -8.131864 -10.3845 -13.77484 -15.29449 -15.83885 -15.16853 -13.81305 -11.73304 -8.370454 -5.833026 -5.299037 -.9604647 8.551905 14.41578 13.49175 8.910343 3.203578 -2.052379 -8.670163
-2.781498 -2.671046 -2.518314 -2.422694 -2.288766 -2.272381 -2.272337 -2.558822 -2.513601 -2.274884 -2.202545 -2.1387 -2.211586 -3.501908 -3.887033 -3.959713 -3.999543 -3.976959 -3.733404 -3.511465 -3.672778 -3.934843 -4.303305 -4.752685 -5.164017 -5.615106 -5.964729 -6.001442 -6.0258 -5.894207 -5.778132 -5.736063 -5.50794 -5.328321 -5.421937 -5.620569 -5.900918 -6.377985 -7.573199 -7.821463 -7.411492 -7.429174 -6.443532 -7.883287 -9.665656 -10.63971 -11.53414 -11.2214 -10.48582 -9.941914 -9.805005 -8.030655 -5.509222 -3.810734 -.01728587 7.458607 11.97106 12.7409 6.578763 .3882748 -6.610051 -11.16594
-2.656028 -2.547221 -2.466564 -2.393346 -2.236633 -2.221468 -2.188721 -2.483548 -2.34441 -2.242249 -2.119822 -2.045415 -2.113869 -3.258248 -3.887493 -3.959779 -3.924874 -3.784241 -3.345254 -3.507276 -3.784129 -4.089074 -4.460667 -4.823826 -5.167322 -5.574648 -5.808207 -5.857244 -5.59514 -5.552953 -5.591406 -6.360069 -7.484421 -6.776596 -6.365741 -5.685794 -6.022959 -6.340109 -7.653924 -8.545146 -8.221274 -7.061414 -6.51079 -6.899681 -8.671815 -9.756001 -8.872861 -6.280143 -5.407401 -6.907536 -7.898757 -7.639481 -6.504832 -4.576338 -1.509516 3.76376 7.828337 8.04047 2.987379 -3.186019 -8.426195 -12.23932
-2.264159 -2.301847 -2.308146 -2.293438 -2.233059 -2.259476 -2.270301 -2.227132 -2.205051 -2.173582 -2.099388 -2.05567 -2.046226 -2.808068 -3.440773 -3.62332 -3.619851 -3.472954 -3.285259 -3.556351 -3.906266 -4.233205 -4.582061 -4.877705 -5.21151 -5.432122 -5.66661 -5.621739 -5.540703 -5.286905 -5.650009 -6.344335 -7.138972 -6.994162 -6.0722 -5.699197 -5.781909 -6.34476 -8.111115 -8.598607 -8.513439 -7.641836 -6.12491 -5.634043 -6.91733 -8.221066 -7.425196 -5.047297 -3.491364 -3.237983 -3.905198 -5.168961 -5.997659 -6.387392 -3.985709 -.4230658 3.129775 1.528623 -2.39805 -5.469388 -7.467268 -7.780067
-2.035337 -2.140181 -2.202867 -2.17767 -2.202322 -2.134911 -2.243625 -2.145441 -2.155067 -2.070557 -2.051126 -2.048477 -2.212551 -2.546864 -2.8034 -3.017244 -3.165251 -3.11356 -3.228087 -3.673512 -4.055852 -4.42959 -4.71291 -4.969315 -5.218782 -5.361024 -5.231673 -5.081117 -5.248045 -5.465018 -5.765095 -6.178467 -6.633798 -6.613315 -6.271353 -6.351293 -6.71859 -7.010855 -7.530728 -8.043968 -9.475264 -8.928015 -7.037666 -4.733614 -3.82118 -5.662666 -6.670645 -7.130355 -6.314728 -5.954581 -5.015727 -2.107879 -1.395424 -2.330624 -4.900278 -3.280257 -1.35956 -3.865303 -5.369092 -4.647728 -4.093875 -1.455803
-2.23349 -2.230089 -2.240141 -2.140172 -2.12463 -2.001438 -2.205175 -2.206897 -2.101622 -2.050791 -1.92727 -1.947968 -2.111858 -2.085601 -2.136934 -2.404341 -2.631447 -2.715725 -3.193613 -3.780694 -4.333822 -4.64826 -4.932372 -5.100883 -5.205039 -5.178491 -4.786773 -4.908938 -5.153598 -5.520446 -5.875826 -6.135037 -6.44366 -6.245671 -6.103696 -6.438185 -7.521521 -7.467785 -7.627837 -8.59671 -11.25296 -10.97493 -9.141239 -3.778761 -1.404308 -2.205878 -5.534227 -7.755137 -7.3447 -6.389075 -5.788328 -4.03513 -.4675251 1.464921 .4733277 -3.195175 -5.93724 -4.572663 -3.523951 -4.306354 -2.955875 3.060507
-2.493437 -2.376111 -2.256505 -2.22739 -2.168804 -2.170298 -2.10453 -2.046116 -2.031406 -1.944256 -1.789428 -1.737986 -1.713042 -2.083009 -1.969803 -1.861695 -1.864495 -2.595993 -3.201593 -4.03581 -4.683635 -4.96189 -5.058377 -5.151291 -5.150363 -4.786914 -4.644408 -4.867626 -5.126431 -5.480739 -5.849969 -6.173086 -6.519199 -6.603536 -6.810716 -6.506652 -6.754194 -7.259971 -8.451784 -11.80815 -12.69497 -13.3664 -11.04523 -5.488032 2.27429 3.870559 -.9670253 -4.220476 -4.499048 -3.37048 -3.175501 -3.172426 -2.353825 -.750434 -.4842497 -1.937278 -3.764659 -2.931006 -4.077687 -5.94271 -4.396229 4.70835
-2.71494 -2.567242 -2.308049 -2.113687 -2.051736 -2.145591 -1.845109 -1.959537 -1.978806 -1.924181 -1.751916 -1.557358 -1.467984 -1.932328 -1.783765 -1.514678 -1.413991 -1.819914 -3.369843 -4.099825 -5.016778 -5.129329 -5.07632 -4.968099 -4.880505 -4.54872 -4.70051 -4.870737 -5.108237 -5.417202 -5.858074 -6.268324 -6.390449 -6.2957 -6.036094 -5.70802 -6.009836 -7.547507 -9.711265 -10.78393 -13.21027 -14.22783 -11.39963 -6.354311 3.682954 9.441161 6.497242 1.55547 -.08202298 -.07436512 -.1838613 -1.686353 -3.271238 -3.916005 -2.951232 -2.975627 -2.873744 -2.438963 -5.011121 -6.275303 -3.140023 4.854335
-2.635254 -2.40959 -2.198251 -1.970995 -1.680471 -1.580017 -2.346534 -2.198323 -2.062289 -1.887438 -1.872483 -1.699249 -1.41401 -1.795651 -1.58156 -1.459347 -1.51694 -1.743861 -2.65647 -3.506479 -4.76719 -4.905569 -4.697067 -4.541868 -4.643071 -4.523839 -4.693105 -4.867167 -5.111478 -5.296243 -5.768304 -6.057109 -5.947853 -5.850454 -5.440204 -4.662888 -4.956765 -7.376585 -8.4786 -10.14448 -11.43427 -12.33741 -11.44561 -8.734035 -1.853392 11.07171 14.19225 11.66789 6.475699 2.869532 1.28625 -.1175521 -3.551587 -6.099379 -6.111844 -4.7409 -4.30637 -2.822638 -3.779859 -3.159712 1.525175 5.622696
-1.940838 -2.050095 -1.935513 -1.892944 -1.759263 -1.550233 -2.209351 -2.083731 -2.012681 -1.974835 -2.060998 -1.95172 -1.701813 -1.181086 -1.333212 -1.51922 -1.823982 -2.27053 -2.967754 -3.298874 -3.626338 -3.843359 -3.951664 -4.013181 -4.254086 -4.355448 -4.639857 -4.817777 -4.994993 -5.193091 -5.546944 -5.67843 -5.564119 -5.389994 -5.120748 -5.611238 -5.707512 -5.913173 -7.067464 -8.74591 -8.6141 -9.310638 -10.23868 -9.179853 -6.751007 1.614343 10.57833 14.52738 15.13656 8.349747 4.139187 3.707048 .5561241 -2.401073 -5.133006 -4.811119 -3.662483 -2.187033 -.309545 3.15431 7.91738 6.874176
-1.829931 -1.74865 -1.74816 -1.762895 -1.974311 -1.999712 -1.521001 -1.769011 -1.852484 -1.821745 -1.86534 -1.909687 -1.168064 -1.159107 -1.413284 -1.730608 -2.021396 -2.475881 -3.126017 -3.072432 -2.674277 -2.807473 -3.022376 -3.188174 -3.866278 -4.356424 -4.570442 -4.714288 -4.949502 -5.073653 -5.00311 -5.062215 -4.98451 -4.80185 -4.701789 -4.871485 -4.650679 -4.912795 -6.751533 -7.584693 -6.996821 -5.693876 -6.353165 -7.58672 -7.561037 -4.615268 1.400547 6.130603 11.39072 9.833524 5.52326 3.570256 3.406217 2.622609 .638693 -.2348187 -3.123497 -.1226963 5.150802 10.08805 11.48407 9.965814
-1.633259 -1.668309 -1.611558 -1.523981 -1.592053 -1.645033 -1.65373 -1.750845 -1.687666 -1.556346 -1.394534 -1.13023 -1.375311 -1.742925 -1.776976 -1.76326 -1.921684 -2.214676 -2.576449 -2.835224 -2.57541 -2.685451 -2.576397 -2.487918 -3.741839 -4.424725 -4.466604 -4.543302 -4.613218 -4.49365 -4.1985 -4.404006 -4.517185 -4.301614 -4.192835 -3.642736 -3.125982 -3.697009 -5.241847 -4.739223 -3.79996 -2.539032 -2.637259 -4.356969 -5.616405 -5.541304 -1.560062 .8000247 2.057345 5.720948 6.47441 5.04621 4.284823 4.24341 3.488714 .8115254 .2659822 2.188423 8.389478 14.10436 15.05637 11.68971
-1.742999 -1.751245 -1.734165 -1.449645 -1.10411 -1.51231 -2.136675 -2.10302 -1.851164 -1.404042 -.8471932 -.6441262 -1.591639 -2.191333 -1.972313 -1.803842 -1.720835 -1.689779 -2.221054 -2.784075 -2.799951 -2.743988 -2.916976 -2.591525 -2.50014 -3.836598 -3.804573 -3.805233 -3.820858 -3.645357 -3.637658 -3.773882 -3.823836 -3.692206 -3.71098 -2.885254 -1.545663 -2.185006 -.9760103 -.213174 .2268721 .6515864 .01645595 -1.340283 -2.497422 -2.651191 -1.325891 -.2200256 .01014782 1.997624 4.688726 5.668584 5.526232 4.216399 2.170011 1.04407 .5207427 3.377482 8.86342 14.0545 17.09911 15.6377
-2.069227 -2.030796 -1.973268 -1.754316 -1.07306 -.9317344 -2.029462 -2.334658 -1.94942 -1.537487 -1.131454 -.9199953 -1.345585 -1.72083 -1.720107 -1.566541 -1.394937 -1.306459 -1.654224 -2.818542 -3.036903 -2.996158 -3.101253 -2.974324 -2.327623 -2.272651 -2.655633 -2.778466 -2.891307 -3.277327 -3.277957 -3.273509 -3.341294 -3.160302 -2.814036 -2.321877 -2.30883 .2711273 3.258344 3.575691 3.125519 2.466033 1.818961 1.288102 .8804427 -.407192 -.8079935 -.9850136 -1.776963 .1719413 2.455772 3.773902 3.953253 2.889835 .7716106 .6751746 1.325468 3.960663 6.105073 8.953404 12.59974 16.46527
-2.394293 -2.351227 -2.403036 -2.398928 -1.136481 -.3591838 -1.258129 -2.425696 -1.941857 -1.647288 -1.62781 -1.416045 -1.208539 -.9727365 -1.168136 -1.291351 -1.268787 -1.169961 -1.236638 -2.451044 -2.925282 -2.576916 -2.197283 -2.462874 -2.468383 -2.217606 -2.227095 -2.225152 -2.164131 -2.473709 -2.765265 -2.711387 -2.279664 -2.30045 -2.006456 -1.450727 -.7980963 .9727609 4.365205 6.825957 5.621335 4.248885 5.230036 4.826399 3.486011 1.362771 -2.045342 -1.814103 -.009771219 1.481289 3.245172 3.926678 2.242008 1.399427 1.211282 3.707076 5.697881 4.647294 4.08836 4.052926 5.389922 9.772202
-2.671307 -2.684765 -2.682792 -2.918356 -3.100726 -2.30073 -1.504742 -1.778665 -1.530351 -1.488933 -1.568354 -1.21875 -.8373505 -.8903266 -1.153015 -1.355174 -1.359531 -1.419355 -1.500498 -1.695192 -2.30004 -1.798419 -1.227054 -1.601908 -2.675604 -2.56348 -1.989887 -1.462165 -1.456955 -1.682028 -2.06722 -1.947788 -1.464773 -1.588662 -1.494863 -.965953 -.2846011 .6775274 3.730929 6.318941 7.500572 6.502793 6.250736 5.662597 2.142182 -3.35885 -7.384276 -2.073771 3.615781 4.969291 5.861996 6.089317 2.492827 1.116912 6.071923 9.866223 10.24957 8.349486 2.726734 -.3062698 -1.109891 .7197738
-2.799863 -2.679869 -2.836008 -3.189541 -3.655772 -3.381798 -2.311043 -1.502911 -1.185251 -.9540261 -.7514439 -1.01588 -1.116569 -1.295645 -1.473447 -1.59087 -1.588966 -1.76951 -1.860192 -1.700776 -1.443291 -1.38646 -1.127186 -1.240088 -1.811731 -2.231059 -1.547671 -.7739313 -.2036039 -1.123125 -1.332048 -.3182445 -.8638896 -.9692752 -1.299335 -.7218481 .06957977 .9687759 2.263878 3.316849 6.342468 7.73539 5.439737 1.868185 -3.515206 -6.839523 -3.382795 -.7568255 3.777316 4.492097 3.813631 3.506407 5.509068 7.722907 10.97025 12.85686 11.72923 9.177141 2.914396 -2.25836 -5.045312 -5.877515
-2.760879 -2.545966 -2.762184 -3.483711 -3.632491 -3.262608 -2.382229 -1.687113 -1.18823 -.414907 .01643785 -.789189 -1.318982 -1.682735 -1.880406 -1.76623 -1.731209 -1.889973 -2.127855 -1.406998 -1.247555 -1.330128 -1.540585 -1.750613 -1.414302 -1.263577 -1.264879 -.6372491 -.05115519 .1337434 -.3979533 .8008897 1.136511 .5531135 .2489587 -.1148262 .7139208 1.827531 1.646579 1.945246 3.520323 4.229487 1.99017 .3672048 .3403878 2.067345 2.799193 3.052143 1.998055 1.697073 .7954 2.155471 7.072779 11.93311 13.42433 10.44861 6.45056 3.760263 2.831956 -.4105453 -2.83661 -4.720743
-2.705663 -2.457658 -2.397005 -3.800229 -3.789994 -3.20643 -2.572237 -2.046244 -1.503026 -.145463 .8734995 -.0958252 -1.201303 -2.053877 -2.328115 -1.96997 -1.7263 -1.571216 -1.565789 -1.660565 -1.578482 -1.253999 -1.137022 -1.137515 -1.254667 -1.745561 -1.65 -.9776031 -.5992981 -.4266982 .5188113 1.030353 1.759982 2.410896 2.259179 2.328847 2.2692 3.294543 3.628854 3.084224 3.384125 4.143102 4.419285 4.602541 4.839261 4.377923 3.621293 1.65668 -.3380242 -.2631738 .7295614 4.148088 9.295671 12.66311 13.71675 9.443191 1.882962 -4.318815 -4.917805 -2.867236 -.0167909 -.4151426
-2.779319 -2.697989 -2.581349 -3.397624 -3.713362 -3.202122 -2.636729 -2.127743 -1.561732 -1.484402 .1391411 .4386707 -.7297863 -1.917014 -2.552309 -2.116559 -1.725218 -1.159464 -.9058242 -2.334803 -2.115667 -1.428565 -.7461063 -.65777 -1.694754 -2.654825 -2.207431 -1.476986 -1.032153 -.7005287 1.010576 1.234165 1.359691 2.338785 3.141894 3.447179 4.589499 5.150073 6.333105 6.087094 5.872439 6.073722 6.275332 5.481701 4.216076 2.87104 -.3641748 -2.102849 -1.883719 .423731 6.76385 12.36892 13.86527 13.34825 12.15433 8.479246 .6150767 -5.233854 -10.1762 -12.62056 -7.379789 -1.191215
-3.061304 -3.112228 -3.206476 -3.285523 -3.1743 -2.95695 -2.550122 -2.121519 -1.932741 -2.411498 -2.337834 -.9062802 -1.002739 -2.136965 -2.181428 -1.970033 -1.817342 -1.560904 -1.098482 -1.984202 -2.240611 -1.745905 -1.479741 -1.937237 -2.923581 -3.077995 -2.250477 -1.731913 -1.273791 -.3360866 1.552146 2.550184 1.888553 2.777591 3.745142 4.741752 5.219047 6.052983 7.838973 8.629152 9.289868 8.679009 8.96621 7.927305 5.140125 .00910746 -2.223727 -1.892738 2.74164 7.076516 11.8629 15.86725 15.40984 12.97482 10.07249 7.803499 3.022862 -3.892587 -10.0017 -13.62544 -16.15998 -12.47692
-3.358959 -3.427318 -3.670873 -2.781891 -2.52731 -2.511167 -2.294512 -2.009778 -2.364093 -2.896415 -3.263494 -3.303215 -2.643839 -1.877961 -1.256539 -1.495168 -1.84766 -2.387485 -2.347028 -2.070024 -2.08001 -2.112361 -2.232231 -2.834493 -2.943795 -1.83489 -1.803717 -1.765315 -1.66919 .1770094 1.679586 3.410293 3.893245 2.438102 4.471234 5.619847 5.47266 6.368446 8.5355 9.55855 10.16876 8.976161 8.229782 6.491453 3.9852 2.624734 4.187798 6.487716 8.304818 10.32301 11.46069 13.29816 16.39814 10.54967 3.962286 3.616457 5.482732 .8952156 -4.734867 -11.24128 -16.4376 -17.85733
-3.431522 -3.202164 -3.340782 -2.781072 -2.307003 -2.034788 -1.930512 -2.373762 -2.666073 -3.02257 -3.337584 -3.339933 -2.691034 -1.868494 -1.413716 -1.278722 -1.288352 -2.406034 -2.72421 -1.770718 -1.992621 -2.279835 -2.425163 -3.042553 -2.402237 -1.73115 -1.773942 -2.135036 -1.251115 -.1163077 1.055967 2.359746 4.02108 3.455495 6.00079 7.749054 7.051055 7.173373 9.633043 11.21198 12.13934 10.84925 8.420766 7.219731 6.889354 7.736235 9.276567 10.20102 10.12638 10.37437 10.6 12.38233 14.52085 9.689504 -.8952225 -4.089175 1.488348 5.086844 .8937122 -4.471536 -13.04084 -16.32072
-3.343177 -2.98453 -3.231771 -2.831218 -2.373609 -1.969328 -1.770172 -2.529106 -2.705059 -2.909236 -2.981774 -2.827426 -2.622044 -2.10818 -1.772559 -1.58098 -1.164402 -1.715904 -2.600096 -1.736812 -1.670392 -2.184218 -2.419435 -2.378845 -2.156473 -1.793899 -1.833274 -1.861172 -1.580461 -1.075272 -.3798371 -.2084596 .1811488 3.407783 4.84277 6.812012 9.012239 11.08322 9.849456 11.0285 15.21888 16.09527 14.52821 11.72436 11.02397 11.42106 11.12891 11.10099 10.35752 9.701991 9.707177 11.25515 11.73196 9.548224 .3761827 -9.150469 -8.467144 .4661217 6.768772 4.137897 -6.013513 -12.9154
-3.196599 -2.989593 -2.828828 -2.49779 -2.281808 -2.082011 -1.955601 -2.218792 -2.585857 -2.682457 -2.748132 -2.706468 -2.577211 -2.329944 -2.214702 -2.124753 -1.794728 -2.190912 -1.948498 -1.384855 -.9043198 -2.398065 -2.802196 -2.288731 -2.005069 -1.518495 -1.879578 -1.966832 -2.27017 -2.423693 -1.692258 -.3560224 .555242 1.179295 1.142516 4.228366 10.25052 13.7746 9.784784 11.66565 14.03423 18.00717 20.08144 19.05929 17.81307 16.78326 14.81909 12.51007 11.55497 11.28041 10.03615 7.55462 7.185146 8.212942 3.956403 -9.433929 -12.71695 -8.004634 2.204982 6.414798 2.188974 -10.04268
