py_wake/examples/data/AJ_ParqueFicticio/Rough survey   Sector 9   Height 30m   Mean speed.grd
DSAA
73  159
 258469   265669
 6501692   6517492
 .05389789   12.72243
[rows 112 to 139 of 159, columns 0 to 62 of 73]
6.311377 6.303855 6.171744 6.436166 6.883886 7.318814 7.734234 8.289779 9.043869 9.539646 10.10678 10.72781 10.39727 9.701696 8.846142 7.319292 6.819309 7.644974 8.055037 7.548317 6.867446 6.574116 5.647408 5.665589 7.437085 8.590322 8.829695 7.676729 5.87318 4.355796 3.385074 3.101621 3.102874 3.528738 3.758889 3.922399 4.30583 5.424894 7.077752 8.18167 9.162726 9.739849 9.428579 7.865809 6.675069 5.695405 5.138222 4.569247 4.489542 6.020881 6.943601 6.502124 5.163929 4.078614 3.518295 3.440016 3.4815 3.528339 3.535468 3.126504 1.442676 1.136235 1.380296
5.942598 6.252439 6.41603 6.688622 7.077283 7.566345 8.177143 8.946278 9.571619 9.829775 10.32814 10.91371 10.57242 9.629254 8.211599 6.624992 7.052493 8.214765 8.414265 7.469593 6.608181 6.176568 5.586501 5.776477 7.639791 8.640725 8.208145 6.529287 5.013718 3.99 3.156583 3.269014 3.708236 3.834817 4.024801 4.430375 5.035181 6.003503 7.600483 8.712425 9.726719 10.14187 9.394684 7.593024 6.426493 5.607165 5.258262 4.974505 4.801319 5.446226 5.96751 5.546005 4.535859 3.818958 3.410803 3.545451 3.557095 3.622892 3.417359 3.075075 2.541075 1.446102 1.740571
5.882911 6.482587 6.749908 6.943278 7.270597 7.905889 8.781001 9.42557 9.738537 9.913314 10.67823 11.01287 10.36753 8.880974 7.24192 6.482319 7.597443 8.669315 8.335631 7.366992 6.867635 6.217098 5.601277 5.690969 7.336266 8.169208 7.556739 5.899193 4.415867 3.63187 3.439046 3.73171 4.112217 4.191018 4.381089 4.851563 5.84124 7.041442 8.418056 9.328283 10.11946 10.24973 9.025897 7.333254 6.316242 5.766805 5.364615 4.96742 4.867628 4.922042 5.063957 4.890945 4.20661 3.79077 3.672028 3.654599 3.643665 3.600759 3.427834 3.180231 2.947057 2.574111 2.056822
6.249204 6.723639 6.941455 7.157876 7.526554 8.356568 9.184035 9.508157 9.779238 10.21579 10.91727 10.75234 9.854112 7.991723 6.849617 7.002606 8.330403 8.875736 8.429961 7.635095 7.287421 6.825716 5.707198 5.570991 6.596271 7.354819 6.808134 5.166127 3.713662 3.612334 3.901152 4.198202 4.265446 4.213389 4.476427 5.507378 6.889746 8.312824 9.379621 9.723601 9.983349 9.943952 8.606059 7.293767 6.385355 5.923622 5.390419 4.90265 4.634898 4.534149 4.498826 4.330618 3.960693 3.912169 3.879523 3.784716 3.726786 3.618683 3.487738 3.274945 3.178878 3.013585 2.873405
6.42844 6.801697 6.939807 7.23934 7.818189 8.713755 9.302467 9.569441 10.1173 10.49218 10.99268 10.50649 9.283477 7.737768 7.30421 7.883882 8.724727 9.067527 8.63008 8.087267 7.62757 7.003838 6.068584 5.406636 5.81584 6.494553 6.205095 4.590554 3.759971 4.003593 4.318985 4.301963 4.023133 4.259603 5.107251 6.529755 8.292743 9.267174 10.07864 9.835399 9.760822 9.338428 8.210017 7.184973 6.399948 5.919123 5.375215 4.867868 4.428858 4.155538 4.134211 4.113314 3.980311 3.892025 3.870082 3.816616 3.731432 3.633926 3.532757 3.328869 3.246194 3.14725 3.093597
6.532423 6.688859 6.788876 7.128725 7.964402 8.753932 9.268712 9.895052 10.51742 11.04668 10.8735 10.04655 8.987695 7.879926 7.793096 8.460083 8.928542 9.202434 8.834667 8.287918 7.608953 6.775901 6.149927 5.507331 5.257053 5.599524 5.370853 4.095518 3.964616 4.72016 4.682761 4.149887 4.173022 5.358832 6.245625 7.52213 9.09919 10.26089 10.33935 9.621268 8.894389 8.205136 7.338407 6.637538 6.036148 5.632616 5.243665 4.708684 4.217889 3.856063 3.793774 3.900163 3.927411 3.785405 3.793988 3.709472 3.678889 3.63174 3.438248 3.228083 3.291883 3.152209 3.210631
6.362828 6.405097 6.665718 7.27237 8.111665 8.884343 9.550757 10.32637 10.91138 11.19562 10.54988 9.783394 8.630295 7.801991 7.966717 8.615411 9.026742 9.057644 8.388698 7.777968 7.012239 6.155841 5.732494 5.438297 5.398533 5.019354 4.586442 4.229679 4.602674 5.14569 4.805885 4.14644 4.92064 6.120694 6.314346 7.472072 9.262927 10.42506 10.3739 8.883615 7.739011 7.00369 6.279982 5.955689 5.289867 5.021233 4.643091 4.121002 3.896686 3.64696 3.614102 3.81931 3.89029 3.78703 3.80022 3.691763 3.727515 3.681906 3.467308 3.197297 2.915135 2.918347 2.96296
5.819067 6.115919 6.714065 7.622163 8.578777 9.400598 10.1064 10.7395 11.00303 11.00229 10.23826 9.140197 8.209368 7.528168 7.75404 8.311949 8.807049 8.398366 7.69057 7.121415 6.358223 5.447765 4.933447 5.201779 5.364289 5.111137 4.310271 4.363376 4.961334 5.349153 4.485749 4.100844 5.430631 6.011126 5.92413 7.429668 9.23632 10.22296 9.749414 8.134991 6.754436 5.949554 5.459734 5.645951 4.859052 4.4782 4.078089 3.636246 3.495418 3.414193 3.55494 3.790938 3.844015 3.84138 3.819297 3.811061 3.843266 3.833514 3.512465 2.92499 2.266483 2.242884 2.298145
6.084379 6.651069 7.443487 8.426556 9.288171 10.03125 10.73099 11.18349 11.06266 10.59889 9.500665 8.476398 7.713531 7.304741 7.606863 8.081403 8.23948 7.652369 6.93584 6.444804 5.901725 5.193481 4.837405 5.279402 5.666085 5.17276 4.640947 4.40507 4.683154 4.89621 4.087849 4.388192 5.625015 5.348712 5.791008 7.702483 9.372074 10.07675 9.50158 7.702339 6.215146 5.248664 5.177479 5.346265 4.69011 4.046456 3.671019 3.472301 3.394428 3.398178 3.496102 3.679752 3.73375 3.820625 3.805881 3.912148 3.831394 3.816469 2.897116 1.963722 1.687076 2.088575 2.137622
7.025025 7.454431 8.255321 9.214908 9.993845 10.70049 11.48544 11.48003 10.75301 9.513079 8.777182 8.019985 7.305295 7.081468 7.615753 7.848393 7.624752 7.222231 6.630787 6.27773 5.837998 5.252254 4.814528 5.446636 5.484848 4.921146 4.723909 4.735062 4.510607 4.307979 4.024102 4.685293 5.07746 4.82681 6.248114 8.30324 9.967483 10.24296 9.108748 7.164787 5.936588 4.904655 4.825971 4.918338 4.426079 3.924426 3.660957 3.546487 3.551536 3.622245 3.760311 3.638417 3.743628 3.741853 3.814492 3.672897 3.712063 2.877207 1.513871 1.225869 1.596039 1.86316 2.327077
7.388507 7.850067 8.805589 9.826999 10.63198 11.44497 11.87664 11.56487 9.623137 8.470988 8.395306 7.670752 7.185103 7.366294 7.359864 7.317895 6.97842 6.659854 6.217081 5.911835 5.66242 5.025637 4.995219 5.120591 5.25519 4.77058 4.882753 4.863096 4.793356 4.039333 4.138106 4.530354 4.434744 5.245773 7.333777 9.367063 10.37524 10.02853 8.418231 6.647792 5.497561 4.642298 4.395698 4.47996 4.211557 3.932543 3.840733 3.765419 3.722489 3.843998 3.815379 3.749248 3.639746 3.681257 3.508726 3.330636 2.958535 1.741374 1.052815 1.322029 2.230533 2.802827 3.329779
7.668549 8.404246 9.57376 10.49861 11.48128 11.93215 12.05682 11.1508 8.546751 7.709445 7.981603 7.618559 7.214272 7.189835 7.134933 6.859215 6.65673 6.098941 5.596456 5.299596 5.120718 4.924025 5.108854 5.195479 4.911593 4.912659 4.744197 5.026012 4.927124 4.17241 3.919766 4.081919 4.797622 6.46852 8.427863 9.849464 10.15875 9.180578 7.481134 5.930233 4.962187 4.206684 4.026082 4.072711 4.084888 4.052781 3.868262 3.90598 3.889115 3.854507 3.838756 3.730867 3.659261 3.455532 3.047507 2.547456 2.05513 1.218045 1.370154 2.300523 3.185702 3.482555 3.864083
8.289844 9.380239 10.35651 11.20956 11.99745 12.36871 11.81476 10.07255 7.788346 7.140467 7.882133 7.426251 7.279037 7.238783 7.133673 6.696996 6.411007 6.179812 5.83536 5.714985 5.563011 5.660761 5.754512 5.418108 4.853236 4.678129 4.742571 5.164942 5.221323 4.432837 3.586471 4.067715 5.571792 7.296873 8.782393 9.644494 9.404778 8.118684 6.688312 5.3244 4.435894 4.092618 4.021815 4.191905 4.178362 3.974161 4.017398 4.039534 3.953862 3.850935 3.83643 3.74575 3.552414 2.986078 2.334982 1.77546 1.301685 1.836056 2.3508 3.009806 3.520501 3.94238 4.208477
8.918968 9.961684 10.93902 11.60408 12.19718 11.59191 10.62297 9.011819 7.315636 6.846824 7.457833 7.171441 7.21305 7.411773 7.074212 6.822036 6.3532 6.193464 5.981035 6.348794 6.365307 6.474089 6.142384 5.206938 4.477638 4.412966 4.734259 5.738645 5.926491 4.927579 3.32307 4.225201 5.891989 7.408998 8.644956 9.128798 8.47909 7.27001 6.149681 4.98743 4.247632 4.030455 4.041057 4.153116 4.230978 4.15294 4.127494 4.177394 4.039688 3.886605 3.79467 3.473361 2.800138 1.845058 1.464597 1.69662 1.759718 2.285502 3.120804 3.426245 3.680554 4.168174 4.597677
9.676447 10.50189 11.40418 11.96364 11.8918 10.75811 9.648034 8.675548 7.543128 6.780224 6.981644 6.819924 7.200263 7.19177 6.876977 6.637442 6.238001 6.007118 6.461756 6.875609 6.728421 6.560058 5.797442 4.682494 4.331405 4.638631 5.581216 6.295746 6.528025 5.20293 3.026989 3.736344 5.767923 7.45886 8.475112 8.545768 7.665332 6.794695 5.856492 4.737373 4.178504 4.05303 3.994028 4.156373 4.061621 4.050727 4.11264 4.183398 3.934445 3.756726 3.43098 2.647575 1.448786 1.33902 1.662422 1.897583 2.093796 3.060122 4.337608 3.6786 3.596584 4.499556 4.691999
10.26972 11.05517 11.78846 11.96572 11.23675 10.01614 9.202195 8.619343 7.635456 6.767479 6.512882 6.616113 6.921308 6.587281 6.448089 6.700804 6.219018 6.33806 6.770159 6.792695 6.292012 5.882895 4.946497 4.254419 4.368382 5.112947 5.946272 6.586378 6.504739 5.402317 3.359007 3.498063 5.938004 7.651752 8.300836 7.919832 7.031061 6.389175 5.488955 4.404635 3.864081 3.988179 4.082695 4.117362 4.063653 4.009566 3.929883 4.099285 3.935771 3.588885 2.786205 1.407929 1.219854 1.371298 1.823238 2.200139 3.265124 4.777783 4.937446 3.695055 3.579157 4.579425 4.544652
10.56456 11.40889 11.9085 11.79582 10.97678 9.250977 8.849717 8.344853 7.431223 6.924678 6.731072 6.205833 6.307086 6.112472 6.359205 6.882385 6.459861 6.455246 6.716464 6.360973 5.617382 5.309647 4.395971 3.828977 4.423592 5.272845 6.090119 6.239707 6.052154 5.414514 3.579965 3.911408 6.355997 7.502936 7.767813 7.141673 6.273482 5.563236 4.852655 4.094296 3.861914 3.946975 3.963176 4.091744 4.197682 4.086257 3.97435 4.006593 4.058887 3.497685 2.523669 1.349381 .9372872 1.486979 2.741155 3.638069 4.589022 5.128346 4.944081 3.726582 3.650337 4.283253 4.284536
11.08592 11.85545 11.99025 11.41168 9.99757 8.213838 8.06573 7.740275 6.905044 6.721969 6.622493 5.985754 5.900376 6.006999 6.459577 6.857514 6.577999 6.323394 6.350731 5.808627 5.177385 5.075597 4.077248 3.628625 4.429528 5.282905 5.841101 5.662961 5.522713 5.142341 4.260089 4.56867 6.21012 6.861731 6.855571 6.219089 5.309151 4.651331 4.335948 3.919314 3.928799 3.901327 3.995028 3.980795 4.248755 4.188718 4.198109 4.097871 3.996787 3.551073 2.107026 1.280915 1.009361 2.594653 3.829893 4.487225 4.616564 4.702046 4.510517 3.81601 3.75914 3.879907 4.00225
11.91893 12.17559 11.63785 10.44963 8.553347 7.28481 7.659895 7.129484 6.698986 6.629541 6.543499 6.248715 5.825217 6.056192 6.383431 6.539349 6.505457 6.338292 5.893816 5.358411 4.978627 4.941775 3.857453 3.706217 4.559134 5.292082 5.681772 5.685066 5.679881 5.415387 4.817638 5.021367 5.806842 6.20403 5.987775 5.367512 4.545426 4.392552 4.43579 4.387401 4.168639 3.975573 4.062459 4.177167 4.282321 4.294951 4.412304 4.311342 3.906018 3.147029 1.57065 1.409838 1.507386 3.53412 4.418588 4.410042 4.395571 4.500511 4.535949 4.215816 4.01084 3.966141 3.997224
12.72243 11.85209 10.69113 9.425632 7.463702 7.146966 7.601884 7.200117 7.16816 7.093231 6.967613 6.777856 6.319958 5.630578 5.947693 6.158456 6.585895 6.318007 5.801546 5.202158 4.908971 4.762008 3.884382 3.829828 4.537984 5.266055 5.86136 6.217661 6.25249 5.689116 5.061664 5.076044 5.68038 5.692022 5.517768 4.977342 4.517601 4.469257 4.576422 4.650814 4.232644 4.19201 4.190804 4.429635 4.625172 4.727367 4.556138 4.386343 3.86048 2.518494 1.430162 1.717875 2.668937 4.090314 4.411479 4.271531 4.287992 4.582971 4.473574 4.486199 4.422812 4.085264 4.268762
12.56609 10.8814 9.584036 8.624737 6.900649 6.948984 7.251706 7.30191 7.590381 7.509289 7.386188 7.036702 6.450371 5.562887 5.378411 6.09101 6.446009 6.4913 5.675959 5.088094 4.59763 4.597799 4.00459 3.839743 4.578554 5.535151 6.377081 6.965794 6.736219 5.733578 5.046597 5.129096 5.761755 5.779001 5.481325 4.881154 4.823742 4.726031 4.713165 4.691773 4.510451 4.460456 4.377407 4.617107 4.911684 4.770395 4.619018 4.352209 3.38867 1.769384 2.104667 2.220267 3.256207 4.107145 4.30792 4.180789 4.261455 4.502717 4.57517 4.6405 4.444085 4.232657 4.399534
12.01231 9.818359 8.542168 7.649521 6.262439 6.586604 7.10759 7.369986 7.521588 7.574905 7.199444 6.765616 6.317581 5.764084 5.207483 5.895997 6.277509 6.033351 5.479708 5.028704 4.567853 4.254502 3.956314 4.006559 4.758701 5.885136 6.733143 7.176208 6.602046 5.588715 5.02462 5.324202 5.739519 5.645829 5.322439 4.822819 4.743675 4.56352 4.518551 4.503748 4.603564 4.475274 4.583006 4.913393 5.014659 4.792025 4.445595 4.081239 2.858297 2.127361 2.577152 2.701907 2.971665 3.824526 4.212418 4.25482 4.231379 4.267899 4.450515 4.728409 4.544764 4.35402 4.585907
11.29278 8.96564 7.562243 6.70294 6.014746 6.801527 7.408617 7.599676 7.64874 7.758612 7.171049 6.586571 6.073921 5.612987 5.091394 5.586157 5.78382 5.495724 5.159756 5.01887 4.536357 4.226149 3.899556 4.01545 4.787947 6.071323 6.895073 7.16656 6.282751 5.415964 4.991456 5.268713 5.258086 5.474784 5.083046 4.705108 4.301429 4.361988 4.348679 4.392642 4.488307 4.562262 4.809741 4.955077 4.922144 4.568449 4.105104 3.664591 2.539076 2.288028 2.847339 3.082729 3.051944 3.54205 4.305291 4.325758 4.298394 4.332841 4.505113 4.649686 4.510279 4.529922 4.677927
10.63543 8.570933 6.787499 5.927362 6.333736 7.41235 7.757275 7.670967 7.797786 7.592524 7.072296 6.436458 5.90473 5.494129 5.343699 5.220727 5.487739 5.266089 5.11641 4.939429 4.478282 4.20186 3.899529 4.045826 4.91346 6.391035 7.053188 7.136588 6.221237 5.356675 4.989839 5.050045 5.098469 5.128758 4.794728 4.385496 4.196962 4.10019 4.124161 4.372435 4.572929 4.764875 4.923034 4.871803 4.592358 4.176645 3.525751 3.037439 2.554406 2.461869 3.080796 3.325112 3.368045 3.286203 4.256465 4.363725 4.370543 4.433844 4.492009 4.603182 4.584322 4.59122 4.725306
10.05605 8.284084 6.384174 5.573858 6.611152 7.421453 7.380071 7.213117 7.49724 7.33322 6.776143 6.230976 5.959509 5.411675 5.126104 5.218158 5.284706 4.993501 5.121607 4.793896 4.42062 4.308747 3.987288 4.085157 5.364414 6.782225 7.349664 7.050016 5.860075 5.171684 4.947882 4.967129 4.79975 4.739586 4.459524 4.304361 4.15331 3.809339 4.102905 4.408522 4.648695 4.869867 5.010903 4.465774 4.102657 3.647131 3.116457 3.005883 2.956242 3.236749 3.409687 3.557428 3.526866 3.584652 4.032191 4.310977 4.349251 4.417057 4.461898 4.495081 4.641728 4.646155 4.701443
9.302276 7.798443 6.184855 5.270019 6.509335 6.826044 6.665347 6.914637 7.237166 6.933381 6.29657 5.940736 5.943445 5.395322 4.984155 5.021657 4.836133 4.843525 4.805593 4.624044 4.631067 4.572464 4.104663 4.178791 5.745325 6.948727 7.44484 6.715216 5.610859 4.876015 4.715017 4.707363 4.647574 4.348274 4.317756 4.175132 4.106254 3.999197 4.187812 4.444132 4.675535 4.942353 5.027931 4.253622 3.865841 3.590141 3.429856 3.479337 3.819586 3.641588 3.54973 3.634037 3.613824 3.799017 3.929092 4.131568 4.231475 4.320768 4.283024 4.329837 4.586086 4.706907 4.707006
8.400413 7.153659 6.004613 5.003967 5.822268 5.938545 6.404658 6.90274 6.955216 6.425115 5.907631 5.765313 5.816096 5.217191 4.633622 4.918952 4.701021 4.607497 4.659752 4.835462 4.721026 4.621604 4.295038 4.732896 6.038875 6.779659 7.186199 6.312033 5.332415 4.648172 4.491683 4.536637 4.54673 4.432486 4.193955 4.190815 4.092496 4.206596 4.341779 4.385005 4.713465 4.990545 4.711954 4.249926 3.927205 3.765461 3.77032 3.907514 4.168008 3.653755 3.38299 3.503262 3.710692 3.929784 3.989887 4.036463 4.096421 4.118595 4.019564 4.198731 4.46719 4.714983 4.800996
7.779822 6.751813 5.968992 4.712485 4.934518 5.683385 6.653539 7.089694 6.648938 6.174261 5.914269 5.756413 5.5621 5.126502 4.662728 4.817865 4.624267 4.268523 4.731465 5.174699 4.939025 4.800731 4.606126 4.955923 5.976936 6.478506 6.60594 5.988864 5.07928 4.595658 4.514917 4.416092 4.595374 4.415834 4.245198 4.20367 4.186984 4.422088 4.528224 4.404688 4.690533 4.825969 4.527181 3.899138 3.775959 3.806705 3.89118 3.956108 3.888596 3.391218 3.503371 3.795691 4.044844 4.130624 3.928465 3.902835 4.05213 4.133438 3.99002 4.026203 4.367512 4.673761 4.961344
