py_wake/examples/data/AJ_ParqueFicticio/Rough survey   Sector 12   Height 30m   Mean speed.grd
DSAA
73  159
 258469   265669
 6501692   6517492
 .2004595   7.890977
[rows 112 to 139 of 159, columns 0 to 62 of 73]
5.71632 5.750609 5.578811 5.343058 5.157364 4.868901 4.636091 4.584299 4.596509 4.597084 4.524872 4.547243 4.520177 4.429512 4.320387 4.00111 3.641085 3.421339 2.964622 2.339037 2.588473 3.5132 4.092849 4.530363 5.154033 5.155469 5.198143 5.687614 6.215714 6.554543 7.042992 7.381096 7.199452 6.442084 5.703629 5.024977 4.424904 4.540113 4.791021 4.995519 5.12687 4.931571 4.422953 4.208833 3.798463 3.274161 2.872916 2.500005 2.318908 3.238233 4.082996 4.557374 4.830092 4.765271 4.616194 4.564089 4.54314 4.481999 4.294968 3.823934 2.538053 2.314123 2.0574
6.219031 6.128088 5.99237 5.794003 5.689976 5.592467 5.32266 5.132358 5.052727 4.979052 4.887403 4.863933 4.803621 4.621576 4.538212 4.564072 4.123638 3.802897 3.469337 2.782233 2.521884 2.780106 3.255735 4.005508 4.836274 5.167275 5.179279 5.282711 5.692578 6.168022 6.533098 7.2125 7.728176 7.753759 7.172508 6.333477 5.322894 4.81075 4.884597 4.975882 5.26408 5.253617 4.873167 4.547099 4.074203 3.508154 3.080082 2.757191 2.476119 2.624155 3.082792 3.747469 4.267471 4.460197 4.469498 4.440525 4.460634 4.467627 4.492245 4.292063 3.465369 2.072703 1.983469
6.967594 6.738071 6.563901 6.35574 6.184845 6.097133 5.99137 5.72622 5.527089 5.339359 5.187961 5.241351 4.999915 4.794307 4.768434 4.717746 4.547786 4.324885 3.775013 3.291541 2.544082 2.420557 2.489458 3.122884 4.273608 4.836866 5.114915 5.361234 5.443448 5.721373 5.97615 6.480775 7.210397 7.641626 7.890977 7.66663 6.835756 5.909362 5.637221 5.681044 5.873779 5.918392 5.729005 5.199929 4.562515 4.014004 3.515839 3.102181 2.877045 2.77665 2.884924 3.239817 3.728014 4.192639 4.295835 4.313366 4.346445 4.378493 4.459651 4.496567 4.336447 3.421762 2.233908
7.364503 7.206353 7.051822 6.848615 6.628362 6.458428 6.286437 6.078626 5.868838 5.688579 5.569232 5.637261 5.405778 5.232149 5.239106 5.131547 4.965663 4.980429 4.63528 4.337076 3.87769 3.157261 2.391804 2.342515 3.274329 4.106155 4.646453 4.988152 5.188319 5.180769 5.319371 5.733092 6.197884 6.746387 7.224132 7.696822 7.624201 7.021914 6.551558 6.577151 6.864362 7.065411 6.964255 6.473269 5.639857 4.968334 4.243305 3.640095 3.336543 3.266415 3.290045 3.401728 3.634249 3.908459 4.133755 4.217048 4.225031 4.281393 4.311842 4.393359 4.298757 3.925373 3.526149
7.030953 7.037745 6.979601 6.87942 6.676336 6.451779 6.199725 6.108592 6.02145 5.948521 5.900554 5.897538 6.144151 6.262668 6.014426 5.86528 5.88893 5.97683 6.08458 5.904874 5.444907 4.784831 3.497967 2.377619 2.39903 3.302392 4.182176 4.652668 4.77943 4.872058 5.069017 5.158145 5.474575 5.879136 6.353185 6.931732 7.263663 7.21301 6.859472 6.694387 6.934978 7.554301 7.743313 7.45572 6.880975 6.149971 5.330777 4.569075 3.993534 3.73196 3.728403 3.756473 3.769088 3.812175 3.965255 4.066208 4.096771 4.104822 4.14504 4.259679 4.264465 4.05852 3.828247
6.158449 6.299475 6.318648 6.290258 6.124166 5.945818 5.889669 5.855659 5.810704 5.825284 5.899407 6.399424 6.743331 6.874525 6.729255 6.322227 6.221532 6.303789 6.442002 6.383414 6.237266 5.974057 5.360105 3.837305 2.683608 2.789842 3.719706 4.514476 4.718317 4.656929 4.789468 5.005618 5.451756 5.730543 6.050167 6.606455 6.657544 6.29364 6.120679 6.15683 6.354775 6.791025 7.183635 7.092854 7.004921 6.714892 6.093506 5.421911 4.750106 4.237645 4.069972 4.069618 3.990499 3.955753 3.91492 3.958751 3.958894 3.90978 3.825881 3.967348 4.115312 4.165214 3.890367
4.696611 4.895568 5.053618 5.174056 5.291011 5.385818 5.466414 5.495645 5.403671 5.3414 5.488003 6.036257 6.521299 6.687142 6.759436 6.584896 6.164381 5.831817 5.885156 5.858569 5.84241 5.841332 6.029336 5.574675 4.023116 2.945726 3.127966 3.795038 4.639144 4.672859 4.736387 4.74642 5.150257 5.427763 5.571446 5.857056 5.715753 5.468833 4.721278 4.489641 4.902826 5.492207 6.004486 5.935776 5.798732 6.037189 5.953944 5.531554 5.085028 4.561348 4.345341 4.321885 4.251469 4.234887 4.129745 4.099226 4.013234 3.981995 3.729712 3.449838 3.712828 3.923486 3.727208
3.650209 3.837323 4.135962 4.451416 4.694005 4.878629 5.03477 5.223173 5.24669 5.065265 4.838182 4.826104 5.36218 5.735559 6.082489 6.203912 5.730899 5.109731 4.651176 4.493273 4.532358 4.593483 5.133166 5.7612 5.374799 4.282283 3.377328 3.451118 4.008772 4.732111 4.652216 4.663577 4.769084 4.867231 4.918617 4.801322 5.104358 5.215502 4.513188 3.519037 3.348622 4.064448 4.89248 5.055634 4.911906 4.789367 4.99068 4.99052 4.823452 4.513543 4.31093 4.323373 4.406089 4.378899 4.36623 4.348044 4.265707 4.249181 4.094284 3.733797 3.404692 3.36769 3.319138
3.384056 3.602415 3.832599 4.074364 4.302391 4.518961 4.662446 4.935672 5.240742 5.307395 4.947485 4.230671 4.054353 4.197928 4.771429 5.377853 5.609018 5.328109 4.737234 4.231377 3.778442 3.71396 3.848696 4.817543 5.383444 5.197395 4.277316 3.413657 3.582112 4.179071 4.415081 4.336164 4.583638 4.541443 4.480355 4.434422 4.739266 5.069691 4.951381 4.093152 3.314615 3.227098 3.897133 4.650979 4.81692 4.57347 4.436465 4.409151 4.367672 4.247555 4.086425 4.039351 4.263013 4.349626 4.381194 4.355409 4.325271 4.202957 4.13933 3.929275 3.646711 3.423605 3.267217
3.977227 3.794871 3.859857 3.988983 4.097816 4.294577 4.37788 4.577917 4.893388 5.557382 5.608733 4.831206 3.991412 3.598942 3.518155 4.186964 4.953786 5.285459 5.26221 4.885217 4.313443 3.793784 3.459066 3.610533 4.384752 4.838865 4.708537 3.877578 3.231951 3.493222 3.926809 4.181625 4.307941 4.247663 4.15162 4.282777 4.436642 4.861917 5.242285 4.883832 4.18644 3.522959 3.459929 4.011608 4.610095 4.795464 4.692769 4.558406 4.396982 4.231822 3.995557 3.871081 3.897492 4.135657 4.213258 4.322911 4.274835 4.085454 3.885574 3.828232 3.621961 3.409259 3.549531
4.573977 4.185297 3.921723 3.951152 3.990552 4.021988 4.263766 4.360454 4.594789 5.345153 6.060038 5.896616 5.147614 4.198137 3.509979 3.292483 3.691814 4.168143 4.494729 4.708456 4.458127 3.899699 3.368514 3.032794 3.180773 3.668279 4.138261 4.287862 3.579914 3.253898 3.416792 3.977771 4.211798 4.444748 4.240212 4.33797 4.547734 4.655207 4.978056 5.114804 4.949647 4.132514 3.539365 3.468856 3.937651 4.495631 4.775516 4.854024 4.743413 4.489718 4.258718 3.951193 3.807294 3.756309 3.888568 3.964165 3.992706 3.91467 3.81849 4.010517 4.092393 4.072667 4.067494
5.061485 4.71227 4.367949 4.139293 4.014503 3.985026 3.939145 4.014032 4.341118 4.973504 5.909484 6.360976 6.292011 5.798999 4.841452 4.125703 3.747571 3.604284 3.615989 3.787129 3.894036 3.684344 3.249775 3.000614 3.133742 3.14881 3.276548 3.559774 3.616847 3.327509 3.286888 3.820754 4.262712 4.507527 4.481749 4.54709 4.585452 4.61379 4.480569 4.526739 4.922671 4.721952 4.101696 3.63133 3.559717 3.799362 4.256849 4.586677 4.832569 4.818172 4.608105 4.334823 4.099609 3.883555 3.735301 3.54598 3.439508 3.681513 3.801924 4.076935 4.385961 4.404315 4.237203
5.530549 5.375781 4.968118 4.625637 4.328976 4.103672 3.763546 3.612973 3.626909 4.029157 4.985585 5.916823 6.322958 6.483857 6.322236 6.022909 5.513844 4.876458 4.466646 4.158734 4.181695 4.143847 3.848191 3.490648 3.48215 3.436017 3.204252 3.0481 2.791674 2.839175 2.868504 3.749228 4.335212 4.576149 4.474016 4.613381 4.652823 4.620989 4.378589 4.008081 4.096934 4.558752 4.592229 4.212636 3.90141 3.802043 3.712999 3.905077 4.266819 4.764015 4.858126 4.661422 4.44987 4.244971 4.061454 3.792207 3.5856 3.539003 3.49934 3.721523 4.311101 4.435296 4.313312
5.310365 5.443244 5.369229 4.971192 4.587842 4.293855 3.911634 3.370775 2.94933 3.021878 3.844934 4.721488 5.555475 6.144193 6.458067 6.633733 6.751038 6.874603 6.736588 6.229694 5.895185 5.734923 5.336248 4.787679 4.194182 3.98088 3.982641 3.54788 3.178822 2.874395 2.361444 3.125393 3.998937 4.273407 4.369147 4.540051 4.61733 4.558541 4.367192 4.16461 4.11356 4.075971 4.352835 4.480399 4.374902 4.171332 3.989464 3.675159 3.496802 3.982633 4.510324 4.612947 4.47493 4.188159 3.922578 3.73355 3.641096 3.5397 3.224818 3.15622 3.820009 4.331344 4.240656
5.054372 5.139536 5.259194 5.070599 4.803806 4.747438 4.500844 3.881992 3.114298 2.594912 2.856812 3.692359 4.559 5.11755 5.352287 5.369783 5.801488 6.68549 6.896927 6.970152 6.80856 6.512987 6.287134 5.856723 5.292625 4.968283 4.964834 4.922711 4.512669 3.512294 2.258229 2.563028 3.456122 3.622763 4.0607 4.439095 4.665953 4.672645 4.422014 4.170815 4.285925 4.115169 3.901345 3.881542 4.044538 4.141875 4.052666 3.78839 3.442447 2.992416 3.427879 3.77948 3.853227 3.866437 3.600676 3.425568 3.335786 3.253594 3.133728 2.891519 3.22639 3.954559 4.133794
4.973874 5.070303 5.083919 5.215424 5.095083 5.050813 5.071313 4.754039 3.925279 2.944679 2.502896 2.835179 3.709699 4.362662 4.682256 4.594651 4.352744 5.043989 5.981007 6.378406 6.494006 6.398416 6.270547 6.153996 5.73218 5.252206 4.899362 4.756657 4.826858 4.1806 2.623097 2.676575 3.448867 3.589076 3.872538 4.252779 4.604724 4.765545 4.539166 4.100327 3.90337 3.924256 3.929934 3.747746 3.674822 3.680141 3.849039 3.874035 3.765396 3.22206 2.950825 3.378525 3.865526 3.932219 3.167079 3.150419 3.478321 3.356531 3.298186 2.777753 2.79144 3.464336 3.777864
4.20843 4.591144 4.997066 5.134936 5.113391 5.164228 5.193797 5.019294 4.482006 3.78359 2.897623 2.518509 3.001564 3.806887 4.420144 4.53771 4.004858 3.734076 4.419695 4.972153 5.430254 5.667753 5.748264 5.816312 5.639511 4.983016 4.162279 3.838257 3.909339 3.878067 2.966305 2.528659 3.365167 3.476002 3.783428 4.006826 4.237883 4.395726 4.287194 3.942706 3.605227 3.486771 3.538606 3.642905 3.701228 3.601008 3.591173 3.834465 4.196388 4.239165 3.751425 3.649135 4.040195 4.748988 4.779572 4.651641 4.396071 4.035686 3.50175 2.793805 2.558919 2.973359 3.107775
3.244301 3.715033 4.343596 4.853077 5.224245 5.160435 4.949661 4.696132 4.276917 3.84533 3.275251 2.70055 2.535138 3.1889 4.106793 4.592644 4.202439 3.428004 3.364025 3.93761 4.404414 4.835489 5.194582 5.401119 5.435676 4.891641 4.2087 3.501039 3.132147 2.922771 2.628312 2.426852 2.563611 2.873253 3.32409 3.631523 3.756981 3.900387 3.911147 3.786622 3.537166 3.364159 3.31582 3.322807 3.379686 3.572907 3.537239 3.614264 3.927473 4.337485 4.248924 3.798216 3.986124 4.949904 5.23785 5.12832 4.961624 4.735763 3.970916 3.18936 2.436774 2.444802 2.858751
3.039354 3.37816 3.853171 4.206732 4.709963 5.146527 5.139749 4.767414 4.197771 3.729003 3.261204 2.691876 2.471622 2.618291 3.559083 4.433375 4.525011 3.864768 3.165189 3.269817 3.74625 4.236265 4.666531 4.89339 5.284286 5.079648 4.862053 4.119123 3.476549 2.914582 2.386593 1.919096 1.650277 1.798631 2.632748 3.175732 3.442643 3.732386 4.036696 4.066851 3.852007 3.556878 3.38924 3.215907 3.074075 3.174555 3.347021 3.546309 3.665856 3.99373 4.106737 3.859329 3.9626 4.725478 5.049461 5.084494 5.104247 5.00028 4.630757 4.089851 3.099422 2.615636 2.666175
3.255646 3.430221 3.791888 4.039127 4.311477 4.765487 5.455039 5.527437 5.169288 4.738544 4.080864 3.520321 2.990356 2.642514 2.983765 4.019798 4.72629 4.530457 3.776836 3.293662 3.335202 3.791211 4.195443 4.341581 4.706166 5.014211 5.226983 5.168726 4.747979 4.306967 3.756543 2.596791 1.931704 1.530948 1.921122 2.654594 3.237652 3.794345 4.196736 4.350998 4.371396 4.125066 4.06939 3.879515 3.606938 3.240379 3.137478 3.277786 3.52316 3.695603 3.773351 3.779426 4.0964 4.548325 4.921738 5.091031 5.225062 5.193834 5.337621 5.087944 4.088226 3.132994 2.719701
3.244308 3.240766 3.724675 4.138198 4.3116 4.505708 5.254119 5.501887 5.54454 5.242658 4.734193 4.248887 3.72778 3.148127 2.994311 3.590681 4.544775 4.814752 4.513654 3.850471 3.561718 3.539848 3.852858 4.005591 4.282286 4.711322 5.180273 5.551734 5.257532 5.267144 4.931963 4.504683 3.543265 2.740433 2.101932 2.323064 2.872721 3.473405 4.031152 4.462989 4.581296 4.639858 4.681037 4.571843 4.395844 4.200968 3.770736 3.357631 3.203138 3.407217 3.534588 3.39693 4.011144 4.607304 4.818769 5.077644 5.186077 5.22594 5.362724 5.136404 4.720636 3.913197 3.422316
3.193995 2.969045 3.239885 3.800662 3.985427 4.253865 4.688037 5.110648 5.359067 5.154947 4.594865 4.082062 3.734259 3.32189 3.003045 3.096595 3.959587 4.506105 4.646499 4.280916 3.900368 3.778008 3.867059 3.922451 3.928445 4.254964 4.734443 4.875655 4.926001 5.076806 5.031839 5.043104 4.978082 4.374071 3.448488 2.911817 2.717185 3.010733 3.428356 4.018393 4.287046 4.330429 4.437558 4.491395 4.666296 4.575917 4.381649 4.008127 3.429082 3.21321 3.291989 3.002617 3.018963 4.092331 4.626111 4.817874 5.052552 5.354297 5.560452 5.49512 5.064362 4.585241 4.00596
3.567505 2.976648 2.952352 3.484663 3.780504 4.076534 4.531183 5.179165 5.556518 5.614388 5.344729 4.552445 3.732455 3.182377 2.851074 2.652944 3.219919 3.815981 4.235386 4.328118 4.038893 3.849798 3.734869 3.667061 3.690883 3.74891 3.977772 4.24321 4.382475 4.32327 4.283641 4.320668 4.767523 4.756987 4.449181 3.716324 3.268485 2.962733 3.155816 3.521105 3.831135 3.90074 3.894077 3.998112 4.16942 4.253222 4.278389 4.174547 3.893775 3.168496 3.158793 3.017905 2.623292 2.991166 3.987269 4.421229 4.70285 5.079304 5.37454 5.594277 5.602448 5.134514 4.741032
4.257717 3.528089 3.273766 3.54676 3.989719 4.065146 4.270947 4.680373 5.30339 5.795899 5.933806 5.594414 4.786121 3.849698 3.013353 2.526196 2.697374 3.219769 3.714718 4.033739 4.053026 3.916739 3.925339 3.820348 3.706308 3.707339 3.772882 3.809649 4.056557 4.111613 3.918382 3.609241 3.675518 4.113506 4.252525 3.968419 3.568494 3.17294 3.083953 3.293313 3.588557 3.693173 3.61899 3.573912 3.692973 3.71096 3.609469 3.522132 3.677146 3.18554 2.949252 2.90971 2.751068 2.324597 3.235667 3.811972 4.227037 4.604798 5.08083 5.353969 5.546023 5.452296 5.138828
4.955212 4.353578 3.852234 3.682391 3.964513 4.137098 3.975724 3.975263 4.342787 4.867667 5.364703 5.724229 5.539926 5.177709 4.505855 3.490951 2.824097 2.937751 3.301503 3.611891 3.803234 3.949306 4.062575 4.07576 3.968953 4.009575 3.902292 3.600025 3.578363 3.850344 3.991435 3.805634 3.470371 3.489522 3.740701 3.728367 3.49952 3.47177 3.23667 3.315281 3.543759 3.68525 3.623498 3.475884 3.377873 3.298086 3.374259 3.341775 3.313354 3.268183 3.045673 2.774687 2.746527 2.503783 2.592935 3.178301 3.662721 4.089653 4.5943 5.119696 5.432956 5.392815 5.225307
5.126082 4.81053 4.247762 3.785308 3.862671 4.044515 3.930924 3.814939 3.799075 3.818358 4.175476 4.780984 5.230249 5.23717 5.21277 4.475462 3.672216 3.157021 3.055655 3.215686 3.361964 3.641122 3.943337 4.136707 4.069968 4.240751 4.224415 3.804479 3.319214 3.276728 3.579431 3.79673 3.676608 3.451642 3.407104 3.479659 3.472096 3.429188 3.270528 3.329327 3.6561 3.779316 3.830673 3.850173 3.73002 3.586809 3.69802 4.129867 4.175054 4.040967 3.512676 2.993828 2.673442 2.579212 2.309859 2.310325 2.792007 3.295862 3.848366 4.491169 5.070874 5.320672 5.263232
4.702181 4.699221 4.454599 3.911327 3.698749 3.943584 3.917395 3.925406 3.870273 3.640672 3.36938 3.674884 4.33899 4.54294 4.760827 4.814546 4.422034 3.823858 3.305486 3.040571 3.031968 3.377829 3.542236 3.717738 3.978355 4.356882 4.263353 3.959596 3.432018 3.117745 3.190626 3.477251 3.733676 3.660226 3.546018 3.433176 3.409695 3.286129 3.123588 3.149667 3.534265 3.799009 3.898522 3.930056 3.980699 3.981046 4.067684 4.172936 4.129066 4.119272 3.900347 3.473597 2.668327 2.385269 2.419237 2.306474 2.004477 2.176746 2.734729 3.510394 4.27185 4.810289 5.071647
4.316504 4.315574 4.290768 4.040454 3.759011 3.835611 3.963954 3.954856 4.168098 4.174833 3.662445 3.195787 3.479912 3.815282 3.948833 4.479294 4.583992 4.492285 4.192397 3.421474 2.927792 3.031929 3.311287 3.586344 3.847219 4.153896 4.253036 3.980538 3.525193 3.23774 3.102845 3.237947 3.504842 3.747155 3.692139 3.615607 3.50423 3.284101 3.129213 3.035482 3.13263 3.390743 3.535346 3.637535 3.662894 3.693219 3.535834 3.568201 3.6168 3.873673 3.954295 4.105678 3.922215 3.262348 2.601022 2.48607 2.268733 1.980004 1.821993 2.367037 3.311148 4.083713 4.587174
