py_wake/examples/data/AJ_ParqueFicticio/Rough survey   Sector All   Height 30m   Power density.grd
DSAA
73  159
 258469   265669
 6501692   6517492
 18.49057   986.5446
[rows 0 to 27 of 159, columns 0 to 62 of 73]
112.7722 116.4894 117.5105 117.8753 117.6804 117.5737 117.8456 117.9771 118.0491 117.7987 117.2104 115.9808 114.7013 113.438 111.5652 109.5166 107.5042 105.3438 102.3768 98.03577 92.55996 113.0382 137.4773 170.9971 140.3884 87.5644 75.8185 104.0221 116.7594 108.2153 101.4087 101.9732 104.6013 107.8883 108.6873 122.1307 149.5274 182.7993 170.1707 165.5448 164.1044 165.4949 167.4273 164.7745 158.3403 158.0429 154.1085 151.0576 149.5761 147.4431 145.8782 143.3903 141.9709 141.962 140.9215 140.4026 140.0686 138.9497 138.0469 136.0262 133.6057 131.3304 128.9073
112.3503 115.6163 117.0407 117.5816 117.6285 117.5838 117.6679 117.8797 117.8801 117.9031 117.538 116.279 114.7286 113.2327 111.1492 108.6273 106.3923 103.9152 99.1339 92.74437 91.54826 108.219 151.9024 184.8411 170.4211 111.0502 71.80867 101.0575 111.5501 109.0717 106.5435 105.0777 107.4036 109.7185 108.6933 120.9664 144.5399 186.3356 171.9272 165.148 161.5609 162.4181 169.6824 171.0198 154.4398 153.0408 153.0166 151.9441 150.567 148.0548 147.2253 144.8904 144.2134 144.1502 143.0877 142.9232 142.3816 141.5963 139.2409 137.1657 134.7865 131.934 129.2876
117.92 110.7923 113.6175 115.6371 116.2898 116.5873 116.781 116.7942 116.922 117.0869 120.2978 117.7389 115.0213 113.5592 111.0809 107.9752 105.1487 102.3732 97.0844 88.38317 90.0219 101.4892 148.2626 187.7343 197.9385 129.7204 91.45232 97.97533 105.7194 106.1266 106.8039 106.8285 109.9817 111.7744 108.4086 116.1375 133.4103 186.1205 177.6038 167.0558 159.2972 159.8637 165.2988 180.1628 159.842 148.4216 146.201 147.8863 149.792 147.8903 147.6308 148.9996 145.5827 145.5042 145.1856 145.4143 145.0648 143.872 141.7852 139.1124 136.1206 132.8918 130.2742
145.3826 119.9914 109.511 113.7033 115.0379 116.4881 116.8872 116.6102 116.2111 116.2831 116.377 119.6936 119.9335 118.2246 112.4707 107.1409 103.6527 99.61014 94.3176 85.56271 86.63761 96.93029 133.387 166.4337 195.9312 142.2388 105.609 101.9168 104.1189 105.6925 107.7716 111.3818 115.3774 109.761 104.155 101.363 111.7853 158.4544 192.6757 171.8061 163.1979 164.4668 169.2656 178.8146 178.3938 154.0693 144.2182 144.4803 146.1706 144.9445 149.2798 152.4633 148.7857 148.6752 149.4452 149.3735 149.0236 147.5442 145.1708 141.7914 138.4762 135.7353 132.9967
165.896 132.6914 107.4819 111.1394 113.0419 114.5655 115.7314 115.9898 115.0877 114.5409 114.305 113.2583 120.0043 122.4574 114.2041 105.7081 101.5334 97.15635 91.83755 82.29464 88.66681 96.1056 120.2631 150.9737 185.1719 154.4488 119.4699 109.934 108.0274 109.9683 111.0201 118.6158 114.2472 101.6487 91.28139 75.24558 80.16299 120.3353 157.9322 150.7007 156.6217 185.6348 179.3938 176.799 185.9471 159.9554 148.5138 144.9145 143.312 144.9819 151.603 155.8934 154.6271 154.5661 154.594 154.5451 154.0178 152.2288 149.371 146.1644 143.3727 140.0861 137.2155
163.1869 147.0574 128.4886 114.3001 107.5732 111.5838 117.0183 117.5698 114.7931 113.7647 114.8426 111.1254 115.9152 121.7343 116.0572 106.1263 100.6777 94.94335 86.25815 88.82433 97.48525 106.3425 120.8621 144.2506 178.8926 159.2045 130.6607 118.0324 112.8569 112.2802 113.068 116.4527 104.666 87.8567 80.24514 71.39281 67.12038 84.40701 107.8492 102.5463 128.3616 207.0869 196.6578 181.5678 174.5461 166.6505 156.3121 150.1426 145.3833 143.6075 150.0042 160.6611 160.9958 160.9519 161.6596 161.6343 160.7977 159.0947 156.4649 154.0558 152.0016 150.9488 148.4168
157.8237 158.0517 158.9925 144.2783 115.1668 104.85 120.2071 121.6929 118.3455 116.9636 116.7382 111.4974 109.602 115.9641 117.6411 110.9015 100.3904 93.67656 86.00761 80.09975 93.09698 111.233 131.2964 146.7729 176.0216 159.4366 141.4562 125.8559 115.5583 110.1162 106.9933 101.9249 97.41212 89.32796 82.08351 74.71414 71.56348 72.10335 68.9423 71.66624 121.4024 208.4812 210.4655 180.4583 163.1089 159.1213 160.9557 158.0563 145.927 140.917 145.0227 151.4941 161.3046 173.529 174.1753 172.3439 170.798 169.0004 167.6991 167.2884 170.331 155.1225 128.4117
155.4582 155.6141 156.8089 156.7157 130.1859 110.4454 115.7441 122.0564 120.7793 119.0149 116.455 113.2068 113.3518 117.693 120.4665 116.8222 105.6349 94.61478 86.68784 75.18212 88.61438 110.3876 142.4027 153.5042 173.7935 162.1216 150.4355 130.1107 117.7604 108.2206 100.6714 99.13513 95.69836 90.11097 83.33381 75.69366 71.48904 70.53645 66.79919 60.59418 124.9119 205.1398 200.212 167.673 145.9651 153.3994 169.3122 166.5199 144.9667 134.1537 142.7983 144.2083 145.1815 164.0363 198.3605 190.0134 184.2409 183.0075 185.181 195.4683 163.5542 133.9348 102.9433
155.3952 156.0397 157.9164 158.4039 147.9221 126.6624 124.4198 124.7514 121.9095 118.9432 116.7121 115.4467 116.3104 118.9692 123.1402 122.7168 115.1191 98.81866 87.97606 78.81191 78.92278 95.71715 124.9646 136.3278 163.541 172.5605 164.198 139.1306 123.0591 111.1773 102.4485 99.24761 96.03394 91.85254 86.0863 78.8092 73.58247 72.4634 75.75368 73.16982 111.3118 164.2677 156.025 126.8224 142.2743 177.8598 169.2151 170.5707 136.3597 113.196 132.4223 132.6429 121.7023 154.793 203.834 214.1729 200.4212 200.4889 212.7533 202.479 148.6488 104.9475 77.83592
155.7953 156.8091 158.3598 160.5495 158.4685 144.6832 136.2202 130.6846 121.1657 117.1893 116.6738 118.5607 118.3932 119.2534 125.307 129.7415 125.151 110.9427 95.29012 84.01021 76.86448 81.52493 101.0431 104.9803 131.244 173.9965 177.2807 151.6931 132.2918 115.4983 104.8356 101.1715 97.6813 93.55302 88.70178 82.80924 80.16818 76.686 83.05692 88.39662 98.8628 119.2073 114.1679 86.26137 139.3119 175.6559 153.6243 155.3427 132.2107 96.34254 109.9914 113.3872 106.9446 141.4373 210.2151 237.9411 218.3532 221.8321 235.8684 209.9982 146.5691 82.454 55.44328
155.7275 156.437 156.1858 158.669 164.6686 153.6263 155.6235 145.3467 119.1051 113.5888 117.9312 123.32 119.5475 114.1383 119.8754 144.681 148.2393 123.454 106.2835 95.64005 82.92316 78.08085 90.24858 98.64692 98.43304 135.7881 177.222 170.1597 143.8716 118.1633 107.1722 104.2766 101.782 97.9765 92.19744 86.28138 85.45083 82.56248 83.5043 95.15428 102.3084 108.2016 106.3513 95.1624 119.7977 143.5939 120.8209 129.9644 127.6914 92.84149 90.18597 88.57727 110.3925 165.3784 217.8528 239.6214 237.6224 242.672 244.0276 218.4782 155.0593 80.40504 57.56919
153.9074 155.2638 153.6389 150.8803 158.5964 159.2158 164.2493 146.7551 105.3832 110.1499 121.0576 139.517 126.6637 106.4401 105.7892 144.9437 177.8542 152.7192 113.2809 98.9437 87.09397 80.1683 85.99133 91.67726 94.29001 97.33886 142.0024 156.6341 142.1414 117.4118 108.3304 104.0796 103.7043 103.1157 98.13891 89.3614 88.74161 87.15082 85.79314 92.71999 100.8993 104.8646 106.821 107.879 112.6561 114.9363 106.5446 108.0149 113.2939 97.76254 79.20517 80.09983 133.8224 192.2273 212.0322 217.2858 236.2023 253.6243 240.5113 217.396 173.1959 104.499 68.46731
150.5372 152.5069 153.5827 151.4193 155.2457 159.7855 162.9901 159.4136 100.1369 106.606 131.3565 158.8887 150.9785 103.4604 96.43195 101.5153 152.2319 165.3507 158.2823 119.1577 95.15357 88.07184 92.90404 91.94564 91.91157 95.39568 101.4304 130.123 131.6241 113.738 106.7288 102.2619 102.3557 101.7629 98.90503 93.62672 91.32761 90.35674 89.75661 90.3644 96.77872 102.3158 106.1155 112.8997 111.6776 105.153 102.7719 103.0767 107.7408 100.2033 87.81466 80.23438 123.7018 183.3024 209.7997 195.1157 193.1534 200.5013 199.7538 180.1203 155.6211 108.0047 85.39404
146.6513 148.6447 152.4543 153.3651 155.232 158.033 157.8453 155.9819 109.4997 110.0665 137.552 153.9971 156.9526 135.7254 105.6314 108.2956 128.3743 141.58 157.1715 148.0974 139.18 124.1447 105.8917 90.73023 90.15554 92.11516 98.18455 105.0562 106.5915 103.5494 100.5878 98.30943 98.3473 98.5967 97.81626 95.95329 93.14103 91.85794 91.28471 91.83621 94.21149 97.69781 101.8636 114.6711 111.1083 105.4943 102.5073 99.3702 103.2359 102.2126 98.27177 95.36438 111.9458 163.3319 186.0165 164.8893 161.158 170.8308 171.4544 158.7047 138.1699 113.9869 95.58868
144.6095 148.0228 150.7298 153.1892 154.8855 155.3632 153.7122 149.4324 129.3008 119.5206 139.2344 150.0139 152.4108 147.1847 136.4455 132.1314 134.9315 143.8414 155.0572 150.6985 153.1194 156.017 146.8092 103.5424 86.66884 89.29613 91.25456 94.27713 96.18478 96.38358 95.79893 94.89878 97.54936 99.55946 100.8943 98.59325 94.90093 90.5218 89.6045 92.82758 96.9481 101.01 102.8586 113.3322 116.1278 103.3975 101.1497 98.39246 101.9885 106.4811 105.7599 107.6557 117.796 135.774 152.5704 157.156 165.6042 178.8448 179.4939 164.7222 144.8783 121.9723 97.23913
143.525 146.7185 149.3531 151.1995 153.093 152.6469 150.0818 146.5318 139.4407 130.9271 138.0993 145.1648 148.7167 150.554 150.0949 140.7459 133.9092 143.1213 155.52 153.4051 154.0941 164.7985 174.7703 143.3618 102.8447 82.91263 85.02309 87.04032 88.90194 91.91819 92.45975 90.91751 91.09831 99.24262 120.9729 114.1191 90.41219 85.41726 84.51818 92.80048 107.8599 108.3882 107.2567 115.6891 114.8977 104.3803 99.42314 99.8272 108.8576 113.731 112.1422 110.3041 116.4049 128.1684 138.2009 147.6754 174.4876 202.6659 216.4282 191.9675 173.0582 151.3785 89.4605
142.528 144.7439 146.5768 148.6717 150.4733 150.7584 148.5685 145.0502 140.4916 136.1904 137.0069 140.7153 145.167 146.8422 151.7637 148.169 141.7261 142.9923 150.3449 149.8113 151.2863 159.7292 166.6058 173.2977 162.3812 111.1592 77.62758 78.13131 82.71061 86.88027 89.93949 83.53584 83.08964 101.8641 149.3484 151.2403 98.45818 75.16798 71.17532 79.52499 111.0402 115.0616 112.4886 114.5393 113.9408 104.973 96.22983 100.6387 113.7964 121.3389 113.5097 103.9564 108.428 119.5795 136.3921 157.2111 200.4349 234.1297 252.2989 235.2881 211.9436 178.4726 99.33318
142.0762 143.439 145.5442 147.568 148.6474 149.1516 147.6698 144.9095 141.7302 140.6818 140.5777 138.864 139.7898 147.3829 150.0676 149.7082 145.5744 145.1324 147.8867 149.2608 150.092 155.6964 161.4645 169.5688 174.7658 167.1953 112.5574 75.62416 74.5112 87.13786 90.43192 76.87853 75.37495 102.5472 164.8843 177.7267 124.0918 73.82835 63.3271 70.39294 117.7371 143.949 120.9773 118.404 114.3555 104.2306 89.27324 104.2204 133.6314 139.9909 116.3133 96.78928 104.5736 132.3952 160.9561 189.3116 227.2562 248.0639 256.9041 251.6645 229.0694 198.6787 121.9723
140.7097 142.2833 144.7089 146.8916 147.6502 147.8535 147.0628 144.5329 142.6196 142.949 144.9771 141.0993 137.6604 144.5846 148.4943 149.5757 147.9937 147.6062 148.1952 148.4549 147.8979 150.1989 155.4343 167.0911 175.3129 168.9713 148.5753 116.8821 96.099 102.3482 86.78828 69.71542 91.83702 135.5552 171.0009 184.8132 156.7704 86.3662 55.44812 64.67589 132.2883 183.6016 174.1221 159.4393 142.177 128.3269 98.93938 117.6566 159.1489 159.7855 123.5842 101.1355 105.1749 132.5064 170.5549 209.6283 235.2107 256.1774 254.7242 245.661 243.5141 211.9211 141.6266
140.0424 141.3683 143.6451 145.088 145.327 145.7823 145.3925 144.5339 143.2316 143.6066 146.2753 144.4928 140.4977 143.1566 146.722 149.2762 150.1933 150.4659 149.7451 148.6828 146.4067 145.9698 146.1934 156.8326 163.4415 163.9911 163.2943 145.8117 124.9971 116.4297 85.228 63.23135 92.42767 161.2591 174.103 190.2441 172.1058 95.36441 48.4152 60.86462 125.8674 194.5648 209.0289 210.4159 197.3464 170.4622 126.0854 135.3028 177.6546 173.0304 132.3742 111.4844 111.1979 131.8034 164.1382 200.2381 229.6538 257.7428 253.7528 245.9702 235.5576 220.1106 160.4281
139.4235 139.7136 140.2053 140.7887 141.6165 141.9894 143.1226 143.1859 143.0018 144.3584 146.6457 146.8304 143.849 144.2587 146.6075 148.9883 150.887 151.6717 151.3235 148.0021 145.7182 143.9064 146.9124 151.1926 155.7962 155.3524 151.7289 148.8812 151.0384 111.9984 88.48423 77.24092 71.77965 142.9558 175.536 201.1384 165.6571 90.76794 52.45951 67.59622 128.9144 185.7748 207.3248 213.9775 211.496 205.5696 170.0509 160.6133 177.2736 175.3992 136.5983 130.7438 126.6805 132.1449 165.4405 200.0559 234.3751 260.5029 265.1797 254.7525 238.0157 209.0483 172.7259
138.5252 138.3884 135.7216 137.0452 138.9438 139.7794 139.9959 140.4244 141.397 143.7491 146.8229 148.0401 147.0322 146.4938 146.9876 148.0296 150.521 153.3031 151.4817 148.7426 146.5944 145.3333 146.7054 149.6682 152.226 152.2404 148.2964 142.8341 142.0773 110.5028 108.2191 108.7746 71.03184 91.45758 147.2108 191.3327 169.986 89.45382 48.85717 73.99642 132.2822 176.7466 197.6807 203.4386 206.1456 208.4791 195.1575 178.4732 172.9734 162.5321 146.2445 141.3551 142.9499 138.5376 168.2893 204.4655 233.8939 267.3337 279.637 269.371 239.3998 202.0862 169.345
136.9128 136.4856 134.8827 134.3849 136.2335 137.0506 137.5249 138.0994 138.83 141.6332 145.4007 147.0331 147.9106 148.1127 147.6113 147.6408 146.7977 152.0104 152.1804 150.6236 148.0172 146.9586 148.0634 149.8364 150.9212 149.5545 144.7215 137.5818 126.5763 121.3044 138.703 147.0576 94.61606 75.58802 103.7734 177.0927 169.7145 101.8452 55.52264 57.58496 104.9978 159.9871 194.8736 193.5031 196.7204 202.9624 201.3189 195.0151 184.5431 160.7015 150.3121 150.2138 158.4066 149.9615 170.5167 213.9101 248.328 277.1237 304.3687 306.6477 250.4823 194.8152 157.3667
137.3922 137.4309 133.5406 132.2432 133.6013 134.8384 135.6159 136.1688 137.0656 139.5656 143.5719 145.4402 146.4244 147.8189 148.5359 148.7417 146.7697 147.5525 149.8815 150.7483 150.3081 149.4049 149.5754 150.9064 150.3493 146.1361 139.4263 131.8766 112.1373 116.2959 150.0191 158.4558 124.0288 80.08078 78.1452 141.1095 162.4362 135.7284 91.30419 57.45898 71.08916 124.1283 160.7876 175.0563 179.1583 197.544 202.399 201.6125 192.573 174.6857 163.2352 162.0669 171.2268 163.1045 172.4186 228.4109 279.873 297.4561 339.1615 351.5494 278.3724 188.871 146.2264
136.733 136.3643 136.137 134.1384 133.8667 134.2614 134.5258 135.3215 136.0488 138.9366 141.8021 143.9447 145.1693 145.8177 146.8484 149.4828 147.9139 146.7852 148.2336 149.4975 150.4315 150.3575 150.6499 151.9515 149.9638 143.2376 134.2655 126.2602 112.9601 104.9585 133.7409 146.7281 145.1648 103.8093 68.63515 114.2483 142.3474 135.0897 117.161 85.7503 67.53551 96.22505 132.3795 151.0207 161.3306 184.8004 195.0406 202.5745 199.5331 182.9519 177.855 180.1366 193.5449 178.2886 170.8773 241.0839 327.3344 348.9404 384.4977 391.9439 283.7778 184.0952 131.4943
136.919 134.1082 134.8231 135.2871 135.1065 134.8967 135.1648 134.7686 134.9199 136.9658 140.1365 142.0898 143.3577 144.7486 146.4962 148.519 148.6445 147.8973 147.7352 148.3863 149.694 149.9338 150.5394 151.4744 149.0803 139.8698 128.312 125.0348 126.0249 112.3919 123.0497 137.8671 137.3224 128.1292 70.99076 99.40679 127.3817 133.3117 124.3639 98.49715 75.32093 91.7766 132.9995 145.6105 156.0428 169.7468 178.6667 193.2783 202.4518 195.0468 190.4943 204.1331 228.9946 208.4044 170.8371 251.3473 402.2316 442.9322 422.8488 380.8093 263.0439 174.8031 120.5221
137.2733 133.7387 133.7424 134.6076 135.5906 136.1088 136.1678 136.2504 135.712 135.305 137.6537 140.2569 142.54 144.2249 146.9501 147.1107 147.8644 148.3539 147.9329 147.4397 146.9705 148.0762 149.5839 146.7749 148.899 143.0107 127.2387 126.4817 135.1093 123.6786 126.7289 133.181 131.9928 118.293 88.96389 104.5831 118.6934 124.8972 128.356 96.09734 80.75846 89.76166 127.2311 149.0762 161.2369 158.7991 163.2733 181.8122 199.1436 200.6817 201.3052 224.1209 279.7232 271.2412 188.559 245.4304 469.1478 551.2065 460.9586 334.4216 216.562 150.7729 104.171
137.8438 136.7787 135.2383 135.1568 135.9086 136.5754 137.0711 136.8313 135.0359 135.9282 137.5914 139.7526 141.8718 144.7718 146.4793 146.9376 147.1663 148.4142 148.336 147.27 144.9592 143.5689 146.2616 146.8989 146.5806 142.1781 134.5098 127.8682 134.2578 130.3924 128.8604 132.6781 128.3652 111.0706 93.78465 109.8218 117.1878 118.7365 124.8022 99.27032 80.85724 82.24771 104.0858 141.7745 162.1354 163.4677 160.9622 172.4079 193.2446 205.6246 204.8377 234.3454 328.533 366.7914 241.1507 266.4368 495.5362 619.5714 466.6696 265.9506 165.1402 117.8368 77.85854
