py_wake/examples/data/AJ_ParqueFicticio/Rough survey   Sector 7   Height 30m   Orographic turn.grd
DSAA
73  159
 258469   265669
 6501692   6517492
-136.9426   66.49909
[rows 0 to 26 of 159, columns 0 to 61 of 73]
1.257529 1.292199 1.281327 1.17562 1.131361 1.095974 1.031212 .9990311 .9486609 .9501101 1.037375 1.210318 1.308783 1.357018 1.424407 1.288267 1.049598 .6505242 .05881733 -1.216148 -3.968581 -5.147707 -4.378909 -.337979 3.288303 9.776963 7.227394 6.697305 6.304296 6.177876 7.113792 7.586214 7.678297 6.15338 4.989345 4.714182 3.744387 3.748923 3.688028 3.441721 3.133589 2.575312 2.027369 2.370014 2.671309 1.872648 1.638311 1.316444 1.203891 1.132744 1.055179 1.164077 1.213213 1.390208 1.877496 2.354643 2.837149 3.356024 3.700584 4.02075 4.4109 4.692335
1.303448 1.526996 1.326067 1.109839 .9715416 .9241958 .8977083 .9188758 .8767464 .7824369 .6846085 .919866 1.058868 1.206829 1.350646 1.279838 1.082578 .6725491 .2323875 -1.132342 -2.75906 -2.699254 -2.214493 -.7639574 -.3830882 3.493711 9.33651 9.941243 7.650765 7.41466 7.583925 8.154415 8.592049 7.870444 6.961078 6.051194 4.391397 2.567758 2.610617 2.433459 1.87331 1.279167 .727598 1.316973 3.09229 2.602632 1.701086 .9396212 .7722821 .673942 .3873536 .6937203 .7406048 1.173017 1.752013 2.227735 2.859599 3.435816 4.025712 4.536737 4.995427 5.374409
.5582042 2.572604 1.593182 1.110805 .8831058 .8008831 .7671237 .7996465 .876475 .859655 .2035993 .218706 .6737494 .9249579 1.326535 1.355039 1.155072 .8469049 .4685873 -.3559015 -1.266489 -.4673921 -1.375447 -2.750695 -.5205864 4.719606 8.246594 9.251843 8.89407 8.597595 8.321332 9.060913 9.491792 9.469908 9.209918 7.284147 4.849262 1.436874 1.210908 1.190148 .7064223 .5488588 .4358243 -.3356376 1.541769 2.622587 2.093854 1.185757 .4020354 -.3516458 -.8280614 -.7569882 .2843015 1.163246 1.657898 2.16733 2.859695 3.615573 4.392552 5.079047 5.768164 6.197776
-2.342049 .7498429 1.666337 1.070245 .8018739 .6617303 .6433782 .7451169 .8844177 .969305 .7577563 -.1872088 -.1603398 .4534327 1.236195 1.49656 1.425532 1.108768 .7196176 .1613826 -.04657272 1.166022 .4947938 -.5859062 -.8039998 2.247473 6.979207 9.503714 9.602452 9.262919 8.868896 9.878528 10.77292 10.74412 11.20402 10.07029 6.780575 2.875363 -.5529266 -.5674412 -1.596459 -1.171795 .02910317 -.2273748 -.5174276 1.876107 1.423108 .7948996 .04729782 -.6978219 -1.629691 -.4029253 .3392554 .9267793 1.338359 2.01166 2.881956 3.887012 4.892768 5.85593 6.755673 7.367174
-4.969472 -2.3053 1.129154 1.242644 1.016931 .5358754 .3955358 .6691682 .901904 .9295825 1.151056 .7307419 -.3852303 -.05354562 1.091789 1.64433 1.690647 1.443807 .8820776 .1005483 .9392152 1.810997 3.065407 1.757672 1.408888 2.374142 6.08104 8.176417 9.23664 9.747101 10.41751 10.85919 11.82636 11.5904 12.06503 12.25513 10.99534 6.233694 2.448938 -2.163792 -6.313568 -3.961735 -.00535543 .9496726 -.3077849 .1874798 -.4848929 -.2055136 -.2629534 -.5888656 -1.373129 -.7926333 -.392388 .03941929 .6438178 1.566506 2.812693 4.132323 5.541771 6.896319 8.090154 8.995041
-5.224704 -5.172491 -3.043892 .6147056 2.038768 .4860681 .01034253 .7860239 1.256922 1.296362 1.233631 1.391939 .008730534 .4960346 .96859 1.930363 2.162775 2.144414 1.807347 1.667906 1.378421 2.427735 3.228895 3.317797 2.930099 3.284878 5.609817 7.314365 8.544995 9.748807 11.21099 12.10027 9.695417 8.855679 8.897922 11.09161 15.32448 12.74247 5.295073 -3.533553 -6.658089 -4.441812 .724686 2.209373 1.854671 -1.403442 -1.726581 -.607787 .008222666 -.144871 -.5477943 -2.030438 -1.899176 -1.527266 -.597665 .8391117 2.588052 4.432549 6.403801 8.29961 10.1011 11.46506
-5.213608 -5.809584 -6.360159 -4.217827 -.1712301 1.228184 .9771628 .994011 1.083665 1.187062 .7562885 .8363639 1.175186 .9826013 .7194307 1.215201 2.801419 3.075989 3.53867 3.183015 2.574119 2.103877 3.378976 3.923168 3.445633 3.294706 5.164584 6.66263 7.932358 9.023539 10.17989 10.49768 8.013011 7.274472 8.125257 9.146566 10.92762 12.25902 9.271639 1.129473 .3799511 1.443389 2.099613 2.267557 -.4485684 -2.494382 -2.07149 .04268147 1.206183 .6373765 -.249026 -1.53932 -3.404404 -4.386917 -2.792658 -.353797 2.207097 4.742256 7.477535 10.54816 13.43089 14.36414
-4.955462 -5.266211 -5.358616 -5.746764 -3.503463 -.3779724 .6749669 .8515134 .9329174 .7866588 .4738063 .4375231 .7767612 .447901 .1224824 .4561865 2.222499 3.899438 4.652014 6.029459 5.19034 4.489785 4.119019 3.695705 2.015639 2.176774 4.234765 5.986135 6.883707 7.725871 7.78948 6.957283 6.708818 6.837812 7.599535 8.40593 8.913309 8.525638 7.908986 9.290547 8.373763 5.813998 3.783167 -.4342434 -4.54692 -2.574899 -.8337404 1.746598 2.588565 .8673313 -.551829 -.9755059 -3.291272 -6.456345 -6.54674 -1.661015 1.821606 4.917585 8.697945 13.7906 15.59046 14.62042
-4.972782 -5.364233 -5.540995 -5.884591 -4.945145 -2.239151 -.648089 .2714055 .7683584 .4288383 .04154319 -.01740568 .07850811 -.3974727 -.9826723 -.767437 .8914746 4.469896 6.340992 8.350327 9.629266 7.416765 5.885315 3.57835 1.287715 .07400578 2.299622 4.732772 5.168714 5.401433 5.322521 5.232257 5.360169 5.794916 6.768599 7.419261 8.180102 8.009271 8.213064 12.22177 14.915 10.71036 4.575932 -3.39455 -4.410863 -.1916546 2.135989 1.009579 1.333602 .5012371 -2.030359 -3.019465 -6.963701 -8.729839 -6.959331 -2.466798 1.4942 4.782362 9.168011 12.88697 15.69768 14.71231
-5.005609 -5.460328 -5.890011 -6.141465 -5.834637 -3.091125 .4217326 1.698819 1.085568 -.1722779 -1.038386 -.8928238 -.471809 -1.043532 -2.486038 -2.717418 -.7622837 2.560023 6.60969 10.09403 12.55963 13.19421 10.20967 9.87779 4.942423 -.127773 -.0581638 2.489211 2.504129 2.918695 3.588505 3.624127 3.664507 4.019001 4.531926 4.199872 6.283859 9.622027 9.317105 11.25199 16.18677 17.19501 8.241426 3.864969 1.650506 2.97542 2.036031 -1.68736 -1.646134 -.5777314 -3.208781 -8.164578 -10.78377 -5.764502 -2.058019 -1.724477 1.300704 3.904039 7.469285 7.551641 9.329959 10.3208
-5.042401 -5.461213 -5.859195 -5.944757 -5.456164 -3.797278 -2.065863 1.094706 1.05959 -1.608927 -2.631582 -2.103767 -.5249517 -.8664418 -2.751317 -4.950147 -4.17847 .9055743 4.123314 7.351354 12.21698 13.76639 13.37469 13.51696 14.68714 6.652715 .9604828 -.6287373 .6311406 1.872764 1.494112 1.471376 1.799069 1.864506 1.909632 3.194596 4.885666 7.122134 9.668927 9.267365 9.405624 8.487231 6.986259 10.77988 15.95107 7.701474 1.427676 -3.483627 -4.814174 -4.398618 -5.147932 -9.298241 -6.938574 1.628634 3.448483 1.935441 .9901567 2.856531 1.525053 .3182255 -.5953481 -.1019914
-4.796053 -5.173881 -4.953663 -4.121536 -3.969352 -3.792971 -3.107531 -2.0273 -.6595184 -4.133386 -4.92192 -2.698096 -.1475673 .8596585 -.6751721 -5.152005 -4.725536 -2.691436 1.833715 4.029415 7.689263 13.1864 17.10611 15.27721 13.91993 14.09952 2.890195 -.320139 .9536891 .1072502 -.527822 -.2699349 -.09272683 .03474161 -.1373657 1.597821 3.458087 5.030261 7.922073 7.590143 6.699301 5.331932 5.477045 7.481649 11.66433 8.209875 2.194819 -.4881268 -7.014561 -6.82386 -1.572082 -1.678861 1.524241 5.011106 7.952225 6.812791 4.370695 .02217961 -1.684443 -6.42527 -9.863393 -9.84757
-4.400793 -4.521091 -4.153879 -3.534453 -3.685502 -3.865944 -4.396094 -5.711805 -3.420119 -5.947294 -3.793114 -2.487989 -3.118033 1.217377 .8604725 .735937 -.627116 -5.059102 -4.893175 -.477504 4.345296 9.146412 14.64788 14.39914 13.23521 12.07346 11.91286 4.946582 -.003134736 -2.448216 -2.052266 -1.883756 -1.685859 -1.361076 -1.305725 -.05670079 2.093397 3.201726 4.335309 5.814671 5.199343 3.854781 3.083972 4.506983 8.217039 6.334357 2.865904 -2.047386 -5.308792 -4.165591 2.497261 13.35646 11.95043 10.62397 10.86076 11.53431 5.043344 -3.428998 -12.89411 -20.01532 -21.50713 -19.41131
-3.875419 -3.61699 -3.798427 -3.759061 -3.896398 -4.311031 -5.038857 -6.607726 -5.316441 -3.408453 -1.85878 -3.597245 -5.777728 -5.390434 -1.709968 2.072734 .3476504 -1.788608 -3.438602 -3.226174 -1.897575 3.058153 10.70202 13.37496 11.89696 10.69725 8.948393 5.941249 .8708419 -1.121211 -1.776982 -1.778143 -2.041819 -2.505349 -1.40274 -.5230925 1.073247 1.647841 1.806602 1.943051 2.824273 2.643586 .9492396 1.795327 5.531905 4.349976 1.98006 -1.066922 -3.446032 -2.08818 5.052229 14.02289 26.94188 21.89984 13.40399 -16.95972 -104.021 -116.362 -98.29843 -51.1599 -19.60471 -3.518519
-3.27632 -3.443503 -3.684306 -3.880121 -4.19383 -4.60898 -5.227097 -5.831969 -5.190032 -4.080397 -3.707801 -4.138052 -5.298273 -5.761921 -3.789595 -1.171322 -1.055333 -1.413111 -1.970639 -2.468192 -2.917581 -1.186135 1.288476 8.402376 11.64972 9.689769 7.821524 5.194489 2.610105 .6981601 -.4158863 -1.38121 -2.407862 -3.500398 -2.886941 -.2354777 .9542435 1.000388 -.3660994 -2.428431 -3.027931 -2.738 -1.798513 -.9755132 -2.465553 -.5322964 -3.448389 -3.14921 -2.723353 .5851792 4.286432 7.742787 11.70312 10.90015 -16.48556 -51.9933 -77.62403 -109.0433 -136.9426 66.49909 30.72673 28.45609
-2.915552 -3.388533 -3.745525 -3.988825 -4.298161 -4.745387 -5.23806 -5.844916 -5.988209 -5.087241 -4.108402 -4.153068 -4.72102 -5.036367 -3.749 -1.46484 -1.044738 -1.343936 -2.331954 -3.195362 -2.303106 -3.187411 -4.943266 -1.996434 4.616984 10.75506 7.942451 5.127999 2.758404 .7962001 -.2534802 -1.357358 -3.943555 -8.017508 -7.453984 -.04778504 4.382217 2.032646 -.8858403 -6.469568 -8.083315 -5.318345 -2.346026 -3.993899 -7.496675 -9.15986 -7.057474 -4.713845 -2.106978 1.875484 1.219289 -.8123616 -6.049698 -19.44126 -45.0021 -77.65677 -70.85919 -21.98583 -.6082988 15.3727 27.05439 34.51514
-2.839357 -3.2076 -3.666916 -3.953887 -4.269671 -4.663428 -5.11714 -5.533098 -5.601312 -4.966093 -4.452149 -4.150987 -4.040284 -3.684768 -3.092177 -3.102452 -2.450175 -1.563686 -2.429674 -2.995534 -2.904153 -3.48175 -4.98303 -6.589134 -5.808539 1.273664 8.863365 6.028176 2.663674 .4221134 .2752723 -1.137629 -6.304756 -11.49834 -5.231225 -2.664777 2.943371 3.843425 -1.261147 -9.702936 -11.85761 -7.473381 -5.991865 -7.054736 -10.35052 -11.48813 -10.04587 -9.289906 -8.332002 -1.500992 1.801755 -7.607812 -20.88049 -25.11088 -19.72474 -10.05782 -1.146568 2.107946 5.632523 7.895776 12.01645 17.42038
-2.813848 -3.299318 -3.549754 -3.908987 -4.197903 -4.52465 -4.872982 -5.193241 -5.190442 -5.022214 -4.50976 -3.856328 -3.235133 -3.028241 -3.179315 -3.372193 -3.238708 -2.816667 -2.960153 -3.220401 -3.512686 -3.932007 -4.863747 -6.076931 -6.444514 -6.178799 -2.046005 2.718964 2.539508 2.586293 1.840843 -3.458721 -8.180922 -5.908366 -1.501872 -3.061576 .121352 2.75372 -2.480061 -9.212795 -15.08498 -16.65208 -14.89718 -13.97099 -15.36738 -11.61709 -10.63597 -11.29349 -5.60691 -.536387 .876539 -1.431978 -5.115482 -5.354099 -3.420852 -.05437997 3.66402 5.284038 4.647092 4.399034 6.645648 9.590349
-2.744426 -3.198752 -3.485429 -3.883886 -4.152178 -4.404962 -4.623871 -4.834786 -4.893827 -4.885757 -4.375744 -3.245251 -2.758313 -3.128337 -3.284468 -3.424489 -3.462987 -3.366142 -3.314394 -3.357117 -3.557888 -4.015526 -4.855608 -5.652372 -5.969836 -5.879541 -4.971142 -2.726679 .6089188 3.448904 2.011363 -3.198778 -6.953228 -3.331615 -1.204984 -3.295019 -1.616572 .6212425 -2.744013 -11.33437 -15.5007 -17.62715 -16.18755 -12.61111 -8.527061 -5.072892 -3.580351 -3.844918 -1.488905 -.07426516 .4708966 -.3773232 -1.026732 -.3113596 .08050852 2.284964 2.239218 3.861003 4.52883 3.992321 3.525719 4.566744
-2.628105 -3.047253 -3.561611 -3.990387 -4.164012 -4.309685 -4.347963 -4.405293 -4.539961 -4.58846 -4.054553 -3.898608 -3.324993 -3.244989 -3.474161 -3.567609 -3.671207 -3.727399 -3.470444 -3.301361 -3.37142 -3.690551 -3.738634 -3.733455 -4.650495 -5.696603 -6.300582 -4.549654 -.4929041 .05397996 -2.491214 -1.438559 -.3572907 -2.022044 -3.426718 -4.079786 -4.278787 -3.445387 -5.508844 -11.69346 -11.76718 -12.2378 -11.10642 -10.56689 -8.238506 -6.215543 -4.225415 -2.176861 -.7748982 -1.896299 -2.319137 -2.014362 -.123215 .9361328 .7892333 .4759558 1.548826 1.73924 1.87968 3.804698 4.14504 3.150157
-2.321057 -2.957982 -3.66028 -4.09296 -4.192057 -4.140397 -4.178661 -4.11502 -4.114207 -4.13062 -3.881799 -3.884291 -3.691297 -3.657048 -3.66982 -3.740029 -3.793623 -3.87221 -3.430787 -3.151577 -3.206341 -3.290204 -3.246364 -3.373617 -3.950314 -4.583686 -4.688322 -4.645003 -4.251099 -2.489279 -5.253451 -.3384435 3.100979 -4.186234 -6.436942 -5.201396 -3.663703 -4.869441 -8.376996 -7.500885 -6.523568 -6.401286 -8.266557 -6.971031 -8.175511 -9.885818 -7.400294 -2.748683 -2.023449 -5.60252 -5.678412 -5.463108 -1.621244 -1.575076 -.715622 -.5722319 -.0258155 -.003283666 .9975827 3.751139 5.373683 4.667524
-2.272556 -2.499935 -3.341614 -4.147646 -4.088235 -3.970509 -3.857262 -3.764704 -3.665967 -3.784584 -3.993985 -3.975302 -3.822554 -3.823184 -3.876306 -3.770999 -3.747146 -3.719583 -3.460017 -3.713701 -3.76124 -3.607594 -3.251339 -3.36831 -3.800348 -4.134941 -4.134072 -4.090717 -6.411594 -9.757297 -6.652326 -1.551194 5.798943 3.293925 -3.664207 -6.810691 -8.31466 -7.135414 -5.72525 -3.090159 -3.76025 -5.727233 -7.046096 -8.082364 -9.729033 -11.01289 -8.992623 -5.833196 -5.493822 -7.730927 -8.929357 -7.294041 -5.70517 -4.059924 -4.080392 -3.558023 -3.352137 -1.869493 .8765973 5.912109 9.30735 8.400161
-2.556253 -2.814248 -3.181162 -3.638482 -3.691143 -3.675493 -3.540564 -3.411669 -3.324768 -3.582427 -4.144842 -4.086652 -3.956585 -3.875607 -3.840369 -3.844043 -3.279979 -3.706755 -3.801843 -3.914111 -3.921549 -3.887451 -3.71555 -3.783122 -3.946523 -4.260568 -4.427166 -4.394537 -7.374158 -10.06747 -7.102213 -2.637025 3.245816 5.247912 -.5427288 -8.337167 -11.28002 -10.16823 -2.268812 2.169586 -1.436584 -6.268383 -8.31796 -9.596088 -10.39832 -10.45611 -10.16513 -10.32474 -11.32848 -10.76269 -11.35053 -11.23604 -9.100332 -7.787808 -6.818762 -6.809386 -4.3141 -.7073948 2.302696 8.122766 12.57238 11.88421
-2.845077 -3.239199 -3.217476 -3.034488 -3.147627 -3.281331 -3.247364 -3.206577 -3.120888 -3.547775 -4.069311 -4.110797 -3.987819 -3.964838 -3.767452 -3.637078 -3.133709 -3.412415 -3.829189 -3.993002 -4.077058 -4.187439 -4.131506 -4.099482 -4.235731 -4.524695 -4.989589 -5.660834 -6.815794 -7.274617 -3.091174 -3.626191 -1.171469 3.614628 .8027039 -6.376811 -10.63921 -11.1415 -5.241966 2.824706 2.529918 -4.636221 -7.401077 -10.55429 -10.60135 -11.61309 -12.38247 -13.38021 -14.86541 -15.32282 -14.99995 -13.50817 -11.25947 -9.647398 -8.46766 -7.458968 -3.439316 1.508886 6.698845 10.76789 13.02594 12.46063
-2.749727 -3.210671 -2.998645 -2.783392 -2.91055 -3.02841 -3.029066 -3.033089 -2.993302 -3.7443 -3.861266 -3.966877 -3.911433 -3.815609 -3.647246 -3.652849 -3.563626 -3.606049 -3.906179 -4.13019 -4.244319 -4.370221 -4.468904 -4.406482 -4.324679 -4.394957 -5.031805 -6.169905 -5.679398 -2.560107 -1.01118 -3.794147 -5.068575 -2.247392 -.253156 -4.333103 -7.712649 -8.299132 -6.861576 -2.121377 -1.633117 -3.156594 -6.768685 -9.985577 -10.48623 -12.94425 -14.19767 -15.59312 -16.92689 -17.50571 -18.52786 -16.85251 -13.16951 -9.269237 -6.578493 -5.948959 -1.478108 5.631945 11.73006 12.21801 12.26186 10.24422
-2.784764 -2.856048 -2.811405 -2.649728 -2.681213 -2.814038 -3.001164 -2.936914 -2.984215 -3.685921 -3.652369 -3.682122 -3.660863 -3.599025 -3.482343 -3.526654 -3.669568 -3.813934 -4.047254 -4.250316 -4.284955 -4.370384 -4.608936 -4.600105 -4.399944 -4.039759 -4.420901 -5.613531 -5.084952 -1.884591 -2.085943 -4.011243 -5.008951 -7.184703 -3.321409 -2.818374 -6.489231 -7.553042 -7.171819 -5.618348 -2.896058 -2.697109 -7.354416 -8.952104 -10.93683 -13.3642 -14.66654 -16.83231 -17.99763 -19.29995 -19.18689 -17.96769 -14.51918 -7.853141 -2.923084 -2.214545 1.382391 10.43832 15.25749 14.12316 10.03284 7.127818
-2.857609 -2.565493 -2.549397 -2.527024 -2.619818 -2.706916 -2.879435 -3.003007 -3.122033 -3.081994 -3.167443 -3.381386 -3.436421 -3.398153 -3.494015 -3.522339 -3.726422 -3.921439 -4.09151 -4.253448 -4.233892 -4.240706 -4.215094 -4.173604 -4.913176 -5.387808 -4.553804 -5.295231 -5.22664 -4.302038 -3.772691 -4.018897 -4.604318 -5.359416 -5.23732 -6.123575 -6.473203 -6.778492 -6.26622 -3.878173 -3.572147 -4.876383 -7.368446 -9.862235 -11.52185 -13.06497 -15.12736 -18.20551 -19.57888 -19.58707 -19.0888 -17.80118 -14.50626 -6.904528 1.45052 3.318612 6.248062 11.53786 16.25105 15.21711 8.733541 3.956136
