py_wake/examples/data/AJ_ParqueFicticio/Rough survey   Sector 10   Height 30m   Weibull-A.grd
DSAA
73  159
 258469   265669
 6501692   6517492
 .2976033   13.27785
[rows 28 to 55 of 159, columns 0 to 62 of 73]
6.655674 6.636027 6.615601 6.593528 6.577328 6.574659 6.568655 6.561083 6.548861 6.575941 6.617284 6.659711 6.694688 6.742124 6.725984 6.720476 6.73199 6.740502 6.740483 6.734027 6.706197 6.643239 6.64814 6.615703 6.544869 6.410707 6.258448 6.203898 6.244365 6.259477 6.309382 6.314075 6.159626 5.766387 5.32735 5.847885 6.096923 6.002862 5.994973 5.589664 5.182438 5.216794 5.322319 5.898036 6.154377 6.197393 6.000898 5.937176 6.390362 6.896277 7.179362 7.683442 9.126818 9.958344 9.22382 9.479042 10.8752 11.37616 10.18096 8.2412 7.046192 5.955812 4.828947
6.652617 6.641652 6.632269 6.613401 6.6009 6.585865 6.569524 6.569505 6.582244 6.595865 6.620344 6.651789 6.690333 6.714612 6.715919 6.709432 6.7191 6.736286 6.743198 6.749815 6.664425 6.576462 6.569129 6.55307 6.498713 6.393366 6.272474 6.222784 6.215662 6.234902 6.242121 6.226952 6.016868 5.542233 5.305748 5.789998 5.920492 5.842335 5.817513 5.614176 5.309876 5.154421 5.295354 5.594383 5.848227 5.978341 5.942481 6.056792 6.645739 7.315316 7.650872 8.190431 9.263051 10.26422 10.24148 10.49772 11.1243 11.13369 9.656001 7.953056 6.698391 5.316211 4.649889
6.647857 6.634742 6.630167 6.610736 6.59405 6.585733 6.571165 6.574503 6.586555 6.59932 6.612689 6.628602 6.654377 6.677757 6.675358 6.687112 6.709703 6.731283 6.753003 6.737007 6.649156 6.577439 6.528664 6.503236 6.442587 6.371009 6.299643 6.242896 6.19338 6.180637 6.170448 6.169516 5.8877 5.498887 5.434665 5.721703 5.801425 5.75116 5.703446 5.645078 5.425102 5.095037 5.285042 5.535256 5.63688 5.734345 5.902665 6.326779 6.914786 7.614975 8.006716 8.72909 9.544843 10.55701 11.25475 11.45765 11.66189 10.71059 8.961097 7.383566 5.805523 4.714206 4.947335
6.648568 6.63032 6.615307 6.596509 6.58537 6.57953 6.568494 6.568529 6.575963 6.58791 6.598068 6.613711 6.627498 6.61789 6.649356 6.671968 6.700883 6.748979 6.790057 6.706017 6.633361 6.576419 6.511309 6.456664 6.409398 6.351178 6.287862 6.272944 6.195496 6.132031 6.146491 6.121643 5.881817 5.599212 5.595751 5.687229 5.66428 5.587825 5.568789 5.686815 5.478164 5.232432 5.17632 5.435663 5.635111 5.697951 5.866833 6.349883 6.957611 7.547142 8.213208 9.090719 9.93991 10.86615 11.8292 12.21775 12.0704 10.37574 8.321762 6.729932 5.109578 4.452066 5.847357
6.631447 6.617428 6.611402 6.596274 6.587261 6.579101 6.57817 6.567716 6.566763 6.573917 6.581015 6.593043 6.602435 6.549833 6.600427 6.640451 6.688684 6.784273 6.765914 6.668241 6.604671 6.554706 6.492816 6.434279 6.384126 6.312181 6.26584 6.237524 6.144866 6.097745 6.094912 6.022678 5.815678 5.650295 5.61749 5.682553 5.649261 5.441666 5.457902 5.638889 5.673199 5.40463 5.267117 5.247252 5.481105 5.85744 6.321894 6.57393 6.812602 7.34521 8.058692 8.935764 9.942571 11.10628 12.30628 12.68284 12.05621 10.02439 7.952639 6.224967 4.813832 4.78099 7.081242
6.635054 6.627519 6.617601 6.615442 6.605696 6.599237 6.584361 6.581978 6.580874 6.582474 6.584572 6.593333 6.577257 6.514212 6.577704 6.621809 6.688239 6.813748 6.73476 6.651571 6.579669 6.533239 6.48151 6.4175 6.369064 6.309794 6.239408 6.242142 6.17235 6.085447 6.051671 5.981496 5.842493 5.697511 5.591827 5.592242 5.606928 5.316682 5.348022 5.44422 5.595198 5.593389 5.491601 5.237247 5.229587 5.71874 6.430331 6.785426 6.945971 7.411592 7.985679 8.759993 9.600225 10.65782 12.08169 13.05659 11.98959 9.801288 7.82077 6.185794 4.758653 5.150225 8.061887
6.673044 6.658429 6.641602 6.627816 6.61075 6.608661 6.592782 6.591407 6.596077 6.599777 6.612861 6.610106 6.59664 6.54648 6.600438 6.655337 6.726195 6.822358 6.693857 6.600438 6.535941 6.475114 6.429338 6.37721 6.328609 6.277357 6.239329 6.205414 6.156529 6.099468 6.025108 5.961586 5.876011 5.75992 5.588396 5.45966 5.593793 5.346827 5.220705 5.198583 5.480946 5.708473 5.743037 5.692384 5.092108 5.429114 6.18163 6.707351 6.909367 7.518054 8.196982 9.222958 9.941935 10.58068 11.81112 12.90057 12.11437 10.0471 7.956115 6.158148 5.036998 5.861919 8.387954
6.660722 6.666267 6.654555 6.64091 6.618875 6.609554 6.602047 6.590034 6.590978 6.603542 6.610108 6.607361 6.585533 6.577295 6.641625 6.694839 6.75157 6.805082 6.622964 6.505157 6.440992 6.397102 6.3666 6.33119 6.299791 6.276425 6.231574 6.189035 6.132377 6.078376 6.009641 5.930876 5.853014 5.757203 5.57707 5.400498 5.449 5.436624 5.163818 4.920466 5.318515 5.689836 6.149771 6.190366 5.558659 5.113688 5.852266 6.673233 7.080616 7.624778 8.27592 9.508531 10.42927 11.00721 11.85672 12.74879 12.20176 10.46389 7.973788 6.049672 5.643375 6.939124 8.624607
6.636542 6.638569 6.636227 6.640899 6.640537 6.641545 6.601624 6.593005 6.600143 6.603827 6.614642 6.608103 6.586734 6.570363 6.64346 6.703186 6.76143 6.813231 6.604144 6.409353 6.344473 6.324016 6.310664 6.300453 6.313782 6.275731 6.223687 6.168912 6.107709 6.049788 5.984773 5.894129 5.800851 5.765683 5.621329 5.425658 5.251851 5.234442 4.937542 4.872864 5.213346 5.820524 6.522731 6.853744 6.279737 4.969725 5.219957 6.353903 7.168054 7.802983 8.27143 9.413255 10.59513 11.2794 12.00379 12.7598 12.32076 10.42128 7.647143 5.970936 6.595464 8.23146 9.249784
6.572946 6.598958 6.61228 6.622074 6.633516 6.635176 6.605831 6.61448 6.6122 6.616711 6.610608 6.607205 6.590299 6.55681 6.616228 6.652355 6.68122 6.696153 6.646322 6.468841 6.277523 6.277234 6.27077 6.276034 6.333146 6.271365 6.210401 6.141517 6.078118 6.000833 5.91027 5.855734 5.823726 5.795813 5.735636 5.546031 5.084156 5.042501 4.94858 4.678901 5.157671 6.144135 6.981486 7.536433 7.372016 5.624336 4.773095 5.730453 6.859189 7.674477 8.170362 9.007988 10.11001 10.9419 11.95885 12.83337 12.37452 10.28289 7.374046 6.279758 7.54113 9.173745 9.860068
6.57705 6.601614 6.613744 6.609972 6.612292 6.624848 6.586716 6.599502 6.619104 6.63599 6.644693 6.653397 6.624542 6.560643 6.580636 6.593063 6.601786 6.595322 6.572324 6.469442 6.226541 6.256965 6.257516 6.275072 6.322232 6.251793 6.189478 6.123976 6.051965 5.955753 5.839646 5.879838 5.852003 5.79722 5.753188 5.507196 4.984586 4.779608 4.605976 4.687435 5.064393 6.040031 7.164089 8.035066 8.205656 6.75377 5.245266 5.525878 5.908647 6.958045 7.932746 8.561384 9.521461 10.53375 11.825 12.93893 12.60765 10.29562 7.573197 6.910721 8.227736 9.383286 9.946455
6.62117 6.650717 6.661866 6.659498 6.649001 6.661338 6.583921 6.609653 6.636934 6.664689 6.686903 6.697261 6.58601 6.551123 6.563263 6.566466 6.577569 6.572359 6.540015 6.367578 6.215878 6.252562 6.270521 6.300408 6.28504 6.22844 6.166117 6.105086 6.033459 5.919157 5.822548 5.835136 5.828113 5.798332 5.759901 5.476961 4.969309 4.565405 4.231932 4.630898 5.079896 5.954043 6.962024 8.088137 8.693947 7.668994 6.009164 6.310379 6.100141 6.323947 7.673554 8.566827 9.436182 10.29084 11.52335 12.88418 12.68679 10.70538 8.419686 7.841243 8.243333 8.886136 9.329267
6.587932 6.62667 6.662196 6.676075 6.669566 6.624491 6.611077 6.633858 6.664841 6.691396 6.701865 6.693735 6.571593 6.550194 6.554017 6.560194 6.558018 6.525858 6.488659 6.393919 6.310508 6.288805 6.284773 6.296374 6.226672 6.146977 6.103919 6.044234 5.980673 5.885275 5.84517 5.832514 5.809677 5.807635 5.773662 5.573303 5.086981 4.394938 4.128785 4.599779 5.178626 6.0283 6.743889 7.887227 8.70524 8.189227 6.72339 6.677258 6.613755 6.538515 7.460258 8.510156 9.510563 10.35559 11.50417 12.63038 12.73209 11.45521 9.426618 8.32774 7.804698 8.055252 8.495375
6.632001 6.657247 6.677289 6.676301 6.663836 6.637635 6.583487 6.619596 6.664459 6.693115 6.701596 6.723219 6.554029 6.486339 6.500703 6.511028 6.50614 6.489844 6.456742 6.392797 6.387357 6.372655 6.352148 6.324078 6.224929 6.05818 6.045724 6.005182 5.972664 5.898587 5.870594 5.850671 5.82591 5.794578 5.785362 5.673731 5.096113 4.146943 4.113169 4.60185 5.31962 6.104304 6.598219 7.689011 8.568582 8.42859 7.114492 6.576849 6.733175 6.986107 7.671298 8.462337 9.417871 10.27999 11.37268 12.39685 12.52634 12.02807 10.53873 8.82628 7.315012 6.98191 7.388321
6.700992 6.714115 6.735319 6.732855 6.678002 6.623484 6.55256 6.586286 6.635541 6.660211 6.66943 6.669028 6.616554 6.500821 6.493185 6.499897 6.488876 6.475413 6.42466 6.354277 6.366439 6.388697 6.418993 6.401628 6.139464 6.006513 5.997086 5.973822 5.956401 5.902564 5.870398 5.829235 5.829731 5.804107 5.786074 5.634629 5.030852 4.293573 4.14631 4.749941 5.407598 5.989678 6.460141 7.536288 8.192246 8.448771 7.276163 6.31883 7.011967 7.528579 8.08294 8.681908 9.395101 10.00914 10.91282 12.10461 12.72614 12.54142 11.36703 9.55503 7.850101 6.418087 6.337311
6.724968 6.758305 6.798126 6.851244 6.786172 6.616634 6.47206 6.53819 6.619189 6.656669 6.692957 6.678623 6.589736 6.512446 6.502023 6.497222 6.483529 6.460184 6.399739 6.275669 6.321433 6.372027 6.407404 6.317529 6.128226 6.040327 6.006302 5.963383 5.933424 5.879537 5.845277 5.839108 5.811735 5.789467 5.838082 5.618286 5.222239 4.740729 4.442465 4.898716 5.330064 5.925603 6.481919 7.482825 8.07548 8.130352 7.379625 6.611145 7.137496 7.838919 8.245786 8.59314 9.284056 9.71842 10.62817 12.33487 13.01967 12.81598 11.54507 9.801167 8.501805 7.085027 6.006806
6.70375 6.731614 6.768684 6.856473 6.74438 6.615401 6.470607 6.50217 6.575175 6.63746 6.69197 6.632133 6.49758 6.473625 6.486074 6.480297 6.47452 6.433793 6.376322 6.253011 6.285852 6.347455 6.395338 6.373615 6.118519 6.059784 6.040555 6.016846 5.948783 5.868973 5.846958 5.873845 5.82683 5.800266 5.897696 5.693265 5.437034 5.118352 4.83039 5.014767 5.068784 5.920382 6.663864 7.118058 7.584819 7.616471 7.225095 6.878638 7.089989 7.851814 8.084198 8.178171 8.63846 9.603215 10.73984 12.54248 12.87871 12.40031 11.21856 9.824853 8.646533 7.518829 6.630417
6.699618 6.715512 6.736678 6.801842 6.751805 6.572849 6.443848 6.506159 6.560912 6.590758 6.639048 6.60436 6.52159 6.48695 6.487106 6.48295 6.474741 6.437464 6.372431 6.256112 6.277126 6.322031 6.357046 6.351864 6.194195 6.075939 6.067239 6.053415 5.981445 5.759459 5.789884 5.938623 5.757637 5.66348 5.934329 5.761436 5.523339 5.268312 5.259206 5.302166 5.195315 5.764366 6.455852 6.641061 7.056195 7.236942 7.459884 7.621099 7.703174 7.991035 8.218825 8.369258 8.77221 10.05793 11.32728 12.59153 12.72075 11.39776 10.26362 9.407287 8.614511 7.87765 7.368994
6.677053 6.715702 6.752475 6.753085 6.735992 6.661329 6.599362 6.64522 6.676725 6.620808 6.614721 6.582178 6.507475 6.482291 6.487655 6.485151 6.466301 6.428568 6.36709 6.267909 6.307751 6.361485 6.389519 6.369388 6.174927 6.076773 6.089845 6.07151 6.01354 5.858846 5.781476 5.966964 5.871044 5.606237 5.959337 5.815802 5.562065 5.330281 5.259182 5.468468 5.575383 5.71233 6.005735 6.42015 7.031817 7.495419 7.547279 7.767674 7.752249 8.065598 8.211245 8.85687 9.346087 10.33031 11.45253 12.36983 12.59286 11.16695 9.521463 8.765329 8.232739 7.848581 7.818392
6.650718 6.687556 6.716597 6.714592 6.719021 6.72177 6.722799 6.772934 6.851664 6.783466 6.563743 6.545395 6.45038 6.388604 6.408527 6.427746 6.423039 6.399151 6.356531 6.323735 6.378964 6.4192 6.422421 6.322001 6.111624 6.062018 6.072477 6.058821 5.998006 5.913721 5.801245 5.909677 5.870121 5.620654 5.896676 5.895326 5.621786 5.4057 5.193807 5.487524 5.656307 5.820438 6.113456 6.447064 7.102283 7.672952 7.492734 7.45276 7.665125 7.96975 8.270858 9.362324 10.32061 10.85036 11.3092 11.68339 12.01719 11.23217 9.6758 8.707549 7.930033 7.649301 7.612175
6.649204 6.668877 6.690176 6.665906 6.712469 6.736782 6.771576 6.831721 6.94874 6.818516 6.604322 6.48842 6.402566 6.254786 6.32875 6.373177 6.392197 6.386575 6.348419 6.2701 6.341794 6.373497 6.382086 6.378937 6.141912 5.962502 6.040865 6.033537 6.007269 5.933132 5.996424 6.090319 6.045479 5.685063 5.862946 5.935466 5.696742 5.516747 5.222353 5.463696 5.696231 5.840853 6.024836 6.500791 6.973002 7.409705 7.405048 7.337869 7.560538 8.019939 8.747314 9.634243 10.61675 11.04429 11.11816 10.5897 10.73312 10.53679 9.446842 9.034987 8.553719 7.592149 7.171052
6.702907 6.729232 6.719313 6.657992 6.706397 6.748765 6.804341 6.893153 6.933004 6.851222 6.664518 6.510619 6.379791 6.272399 6.312006 6.39731 6.404525 6.390968 6.347833 6.193994 6.257497 6.28915 6.304461 6.280821 6.216967 6.00525 6.058726 6.085439 6.061207 6.04346 6.088564 6.090712 5.998216 5.890298 5.970197 6.008916 5.821384 5.646719 5.370498 5.448536 5.533498 5.797448 5.985102 6.265369 6.57499 7.018115 7.008151 7.501758 8.032921 8.625417 9.446196 10.01052 10.37338 10.71459 10.82644 9.886126 9.665468 9.646067 8.632626 8.810431 8.959492 8.215257 7.602382
6.704168 6.739922 6.755594 6.65704 6.71618 6.775045 6.860858 6.963779 6.876252 6.805215 6.651308 6.481063 6.352365 6.279363 6.365911 6.412405 6.4321 6.453918 6.328173 6.154873 6.23794 6.269403 6.278865 6.233008 6.160383 6.149938 6.187471 6.173195 6.146431 6.170056 6.160546 6.081431 5.977933 5.964889 6.07269 6.065944 5.808028 5.686177 5.512782 5.440694 5.508326 5.669194 5.957726 5.910856 6.160967 6.679539 7.1279 7.697739 8.296256 9.067187 10.00045 10.51887 9.93565 9.959546 10.56782 9.763131 8.900583 8.762074 7.914284 8.100286 8.728375 8.713349 8.055795
6.66394 6.705064 6.744027 6.742862 6.767206 6.808774 6.92095 6.914346 6.840004 6.751282 6.601922 6.4308 6.304041 6.291555 6.344287 6.380504 6.380399 6.355263 6.311881 6.293033 6.323532 6.31685 6.261042 6.180098 6.202322 6.261606 6.303149 6.243636 6.179492 6.288013 6.349185 6.273082 6.01625 5.954966 6.154262 6.119675 5.751508 5.714704 5.603996 5.375968 5.486002 5.521203 5.919093 5.984194 6.192853 6.809506 7.302679 7.809825 8.435612 9.054606 10.09783 10.87925 9.843599 8.857234 9.803633 10.06716 8.960959 8.148798 7.310333 7.253178 8.117306 8.759082 8.64443
6.664353 6.704848 6.790687 6.797949 6.823421 6.86132 6.914225 6.887691 6.80392 6.732603 6.608469 6.482302 6.399092 6.37884 6.401298 6.404061 6.347238 6.282707 6.326278 6.366073 6.392245 6.399011 6.218605 6.170724 6.220243 6.278184 6.2698 6.198883 6.244467 6.363977 6.480033 6.333783 6.08582 6.076995 6.335195 6.273146 5.920752 5.695171 5.668107 5.59656 5.460587 5.127524 5.57997 5.785217 6.139708 6.879242 7.43962 7.7193 8.311648 8.893086 10.28928 11.12554 9.955078 7.898146 8.681197 9.876144 9.626674 8.550226 7.005348 6.490717 7.416862 8.340131 8.693802
6.71196 6.752632 6.759449 6.790759 6.81845 6.872965 6.928291 6.850855 6.775136 6.736167 6.649585 6.550338 6.472828 6.441757 6.454667 6.480642 6.378313 6.224513 6.271588 6.325158 6.323499 6.290713 6.220711 6.206697 6.243427 6.293073 6.231312 6.226563 6.289105 6.434219 6.54208 6.416593 6.133979 6.23359 6.541934 6.569057 6.134761 5.783233 5.616062 5.986878 5.932746 5.319611 5.162177 5.406961 5.899436 6.571101 7.147832 7.49529 8.093034 8.803692 10.21287 11.13535 10.19692 7.625229 7.447714 9.222149 9.9131 9.672535 7.776199 5.819028 6.45005 7.506518 8.618249
6.804174 6.801312 6.767128 6.800004 6.854792 6.92838 6.877003 6.829659 6.773346 6.715213 6.659281 6.597348 6.530519 6.466136 6.435285 6.424601 6.304375 6.249897 6.295971 6.317514 6.281937 6.19621 6.18406 6.212423 6.252216 6.280366 6.222572 6.172285 6.206704 6.533821 6.717696 6.612236 6.130815 6.259258 6.708281 7.028367 6.787048 5.978164 5.325847 6.052521 6.238819 5.969804 5.568857 5.185094 5.516316 6.275705 6.707826 7.095952 8.06904 8.746167 9.755254 10.81666 10.24521 7.842436 6.619929 8.163382 9.81431 10.28677 8.714403 6.373607 5.505988 6.613098 8.486176
6.837907 6.813793 6.817584 6.860408 6.908917 6.961734 6.88377 6.815878 6.765157 6.724843 6.689217 6.632048 6.589717 6.515402 6.390134 6.386271 6.379606 6.332224 6.361349 6.417513 6.346871 6.089827 6.130546 6.172071 6.216763 6.235425 6.174841 6.056041 6.079876 6.515518 7.057614 6.907285 6.080286 6.280783 6.646972 7.211197 7.233594 6.557357 5.404748 5.579549 6.499601 6.356006 6.227343 5.796975 5.630488 6.214329 6.520554 6.588006 7.53847 8.290352 9.395142 10.49377 10.09624 7.920495 6.184852 7.444122 9.623086 10.4217 9.16934 7.04536 5.104586 5.92739 8.458383
