py_wake/examples/data/AJ_ParqueFicticio/Rough survey   Sector 1   Height 30m   Orographic speed.grd
DSAA
73  159
 258469   265669
 6501692   6517492
 .01442822   2.196222
[rows 0 to 27 of 159, columns 0 to 62 of 73]
.9306338 .9271035 .9270766 .9254366 .9234952 .9208044 .9185253 .9167901 .9150276 .9125518 .9089046 .9058028 .9022095 .9006207 .9006292 .9007887 .9027588 .9030496 .905085 .9048923 .9118448 .9431997 .9593797 .9989528 .9599122 .9043733 .9299344 .9496085 .9792951 .9907198 .9912314 .9838946 1.018223 1.040905 1.067169 1.09863 1.114169 1.086431 1.075019 1.066233 1.049518 1.020647 .9993253 .959818 .9656887 .973743 .9747402 .9696302 .9668617 .9608713 .9554663 .9470456 .9410944 .935477 .9341534 .9349877 .9364871 .9401322 .9451389 .9535428 .962257 .9736472 .9864976
.9043734 .9130076 .9199454 .9211657 .9188669 .9160605 .9148419 .9124416 .911658 .9103116 .9058712 .9021334 .898279 .896023 .8973936 .8993461 .9018196 .9047339 .9076821 .915289 .9470324 .9809046 1.009332 1.01333 1.007303 .9733388 .9464158 .9859233 .9796447 .9954808 .9998892 1.009399 1.038386 1.068841 1.102254 1.128613 1.141487 1.112977 1.094498 1.083846 1.066861 1.048151 1.035016 1.003481 .9790933 .978557 .984987 .9856982 .976773 .9692231 .9587639 .9434542 .9343097 .9284064 .9276104 .9290822 .9319801 .9373851 .9461785 .9542273 .9645889 .9769673 .9919769
.9082235 .8973886 .9135305 .9153146 .9113762 .9089214 .9071916 .9059847 .9057944 .904807 .9106964 .9000566 .8892239 .885383 .8898553 .8961128 .9005843 .9045772 .9106731 .921239 .9499276 .9733773 .9848343 1.006374 1.017135 1.01318 1.006154 1.005149 .9897745 1.001626 1.009378 1.020516 1.046735 1.086421 1.130008 1.1632 1.186569 1.171414 1.134958 1.115941 1.091227 1.061058 1.03884 1.023549 1.00051 .9797601 .9773528 .9822367 .9806653 .9746985 .9558641 .9366012 .9248061 .9284841 .9279472 .9279383 .9306408 .9353369 .9430062 .9527695 .9652873 .9825773 1.001178
.9536676 .9131476 .9022836 .9029859 .9021977 .9012082 .8974065 .8949532 .8941672 .8938188 .8945213 .900224 .892431 .8824794 .8738136 .8896219 .8954506 .8999414 .9066012 .9181005 .9351933 .956499 .9731134 1.013569 1.024493 1.051205 1.037336 1.02926 1.011057 1.02069 1.029527 1.030481 1.061941 1.092931 1.11464 1.131011 1.162416 1.169943 1.199826 1.177917 1.122282 1.058874 1.028358 1.028608 1.003569 1.003058 .9880067 .976696 .9708683 .9672574 .9649987 .9540732 .9470278 .9361098 .9292203 .9265034 .9272913 .9311741 .9392179 .9518933 .9702168 .9922889 1.017908
.9757018 .9316452 .8769105 .8793855 .8893283 .8886434 .8831543 .8777329 .8777641 .8777258 .8764743 .8807453 .8813222 .8760027 .8640929 .8771719 .8881986 .8965802 .9063311 .927094 .9421008 .9349348 .9528089 .9792004 .9956246 1.048038 1.043733 1.02618 1.013157 1.023544 1.042596 1.057175 1.063955 1.055083 1.018119 .9576246 .975493 1.022532 1.075417 1.073277 1.040743 1.024975 1.000041 1.029284 1.060005 1.063377 1.012261 .9804801 .978707 .9877858 1.007301 .9859407 .9708811 .9510141 .9357197 .925445 .9218156 .9245912 .9331323 .9503607 .9756019 1.012528 1.055705
.9665234 .9518989 .9087213 .8758103 .8668826 .8740832 .8566245 .8573141 .8565233 .8575169 .8618786 .8660305 .8628448 .8593541 .8595198 .8523883 .8744419 .8909124 .9186285 .965834 .9796562 .982029 .9702323 .9792607 .9855688 1.007318 1.020697 1.011258 .9999263 .9994087 1.006074 .9849536 .9254237 .8427555 .8188425 .8054597 .7796564 .7895952 .8216915 .8306679 .8863738 .9525975 .9899455 1.02906 1.03492 1.035566 .9980443 .9808457 .9876428 1.007133 1.023293 1.028885 .9995452 .9673871 .9382985 .9186435 .91144 .9138958 .9246154 .9489576 .9890363 1.050572 1.128671
.9729933 .9837429 .984929 .9521912 .8849546 .8531898 .863722 .8867565 .8878163 .8852428 .8810555 .864772 .85496 .8604497 .8632436 .8520636 .8455498 .8719656 .8918052 .9384041 .9797382 .9935058 1.005908 1.015701 .9916572 .9896009 .9995354 .9928867 .978866 .9671402 .9584925 .906058 .8476074 .8384095 .8273574 .8099501 .7920815 .7474324 .7011026 .7773663 .879674 .9743136 1.033571 1.052761 1.022149 .9783542 .9691657 .9831167 1.000763 1.016285 1.01709 1.010429 1.013582 1.001947 .943458 .9087521 .898164 .8990262 .9105803 .9483604 1.017608 1.046167 1.021228
.978826 .9831851 .9869051 .9765691 .9596944 .8987156 .8896157 .9081854 .9127194 .9085601 .9001269 .885511 .8708112 .8666392 .8661534 .8487357 .8229763 .8368688 .8615616 .9032081 .9627607 1.015598 1.046276 1.059657 1.024855 .9882799 .987438 .9751891 .961814 .9400836 .9200132 .8808079 .8525784 .8327589 .8152755 .7965809 .7832764 .7616549 .7568034 .8051001 .8933402 .9698743 1.00379 .98755 .9196402 .9360313 1.008516 1.012634 1.042302 1.041952 1.030994 1.003459 .9772918 .939698 .9372429 .8922587 .8821253 .8813403 .8933765 .9346589 .9297817 .9038833 .8384976
.9839545 .9856775 .9847772 .9672575 .9453343 .9188381 .9089876 .9217929 .9314222 .9289116 .9103902 .8958181 .8809373 .8790844 .8726267 .8465264 .8187118 .7923137 .8143404 .8456692 .9046888 .9413218 .9871064 1.03873 1.02636 .9980673 .9700349 .9676678 .9481752 .9193201 .9053966 .8705394 .8387108 .8113035 .7877758 .7634387 .7228654 .7290414 .7492748 .7701342 .8012112 .8358662 .8408872 .8209693 .8860241 .9249723 .9594771 .9481779 .9111804 .8926013 .9145234 .8876103 .8175853 .8443061 .862436 .871331 .8718243 .8684227 .871822 .8430572 .7750814 .7071686 .6243671
.9910564 .9910632 .9864043 .9777052 .9614689 .9277222 .9288009 .9480797 .9491318 .9421523 .9149183 .8988547 .8873237 .8901175 .8867244 .8584889 .8261389 .8062574 .7897688 .7825759 .805191 .8114967 .7836928 .7911981 .9205942 .9854144 .9789488 .9702994 .9399151 .9142557 .897943 .8634406 .824672 .7905065 .7585893 .7393464 .7337081 .710602 .7087107 .7017449 .6378244 .5488341 .5160203 .5840711 .7483278 .8251904 .8326559 .8183557 .7807187 .7433607 .7557617 .7261613 .7103627 .7552752 .8202114 .8734429 .8794504 .8704327 .857996 .7726236 .6877124 .573792 .4792842
.9987338 .9991562 .994311 1.00265 1.041456 1.028475 1.025324 1.007979 .9557003 .9454724 .912539 .8847554 .8819331 .8982781 .9182421 .9195321 .8476589 .8101469 .8099334 .7870933 .7505727 .743278 .7051631 .7186341 .7309477 .8170716 .8803351 .9276351 .9121958 .9093588 .8858741 .850119 .8164266 .7789465 .7486928 .747299 .7316791 .7108482 .6783997 .6687413 .6301127 .5753402 .537238 .5356069 .5385383 .5954592 .5622989 .5984441 .6312335 .6006805 .587936 .6227881 .7086303 .760484 .82266 .897844 .9329213 .927461 .8768267 .7849184 .682073 .5833098 .5398195
1.008156 1.011576 1.006327 1.023843 1.026285 1.036281 1.026021 1.002731 .9603457 .9370496 .8920461 .8783932 .8539995 .8875346 .9075678 .9622818 .9920863 .9253933 .8220747 .7945565 .7397885 .6989061 .6942573 .7173364 .7303084 .7197434 .7950317 .8929386 .9018077 .8971655 .8570667 .8261608 .8008686 .7733145 .7546955 .7414548 .7259196 .7061615 .671721 .6458794 .6232109 .5940918 .5616251 .5342978 .4868737 .4487235 .4411885 .4242793 .4232568 .4382754 .4577181 .5909745 .6984849 .7638161 .7990447 .8572615 .8800411 .8985252 .883321 .815102 .7157729 .620546 .5457453
1.014149 1.022609 1.022802 1.017985 1.010502 1.00956 .9990317 .9833028 .9573593 .9380128 .9684405 1.006824 .9641402 .8595736 .8521161 .8509682 .8976296 .9618604 .9502453 .8605321 .785965 .7705024 .7355074 .7274607 .7264346 .7225493 .7008646 .7736282 .8287493 .8068923 .798211 .7796255 .7667692 .7508703 .7377783 .7246025 .7131516 .6959872 .6682001 .6260231 .6014016 .5868643 .5494071 .506898 .4668143 .4692058 .4529908 .4380524 .4254716 .4299304 .4495681 .4961212 .5869441 .6458958 .690142 .6552311 .5726444 .4891141 .4444361 .4304982 .4763784 .4526424 .4749628
1.015021 1.013625 1.006029 1.00776 1.004536 1.001524 .9973934 1.017725 1.007277 1.027965 1.03981 1.009587 1.004196 1.000495 .9356163 .8837086 .8622032 .8654841 .928308 .9480916 .939691 .8613162 .7644759 .7371247 .7257727 .7157862 .7034231 .6793094 .6840466 .7171843 .7291009 .7348298 .7256001 .7131507 .6991904 .6908297 .6919059 .6817873 .6617739 .6287284 .5784975 .5465452 .5164058 .4690592 .430397 .4127197 .405182 .378568 .3890288 .377006 .3976968 .406311 .3765426 .3647514 .2769937 .1061462 .05987053 .08270837 .08336628 .1040765 .1850917 .2968635 .3889185
1.01256 1.006263 1.000915 1.002876 1.004143 1.001151 .9995025 1.007402 1.026912 1.034133 1.009539 1.003119 1.004084 1.008544 .993887 .9544609 .9350212 .9496074 .9484369 .9632829 .9694054 .942654 .8712726 .7577423 .7122558 .709228 .7040539 .7017968 .7016785 .7067308 .7104182 .7098677 .7182187 .690596 .6543387 .6400242 .6690774 .6616755 .6513535 .6147453 .5623547 .5121469 .4738942 .4440458 .4219078 .397555 .3948469 .3692109 .3161861 .3202542 .3379833 .3303894 .2765442 .1802773 .1051895 .1056378 .1047482 .09556191 .06247187 .01442822 .1139248 .2491974 .3702488
1.006638 .9999253 .9981396 1.00014 1.001633 1.003646 1.004114 1.008283 1.016617 1.015601 .9981756 1.002893 1.01074 1.021864 1.03533 1.020642 .9982491 1.022596 1.010486 1.007202 .9986002 .9940426 .9731614 .8775517 .7510974 .6827562 .6977177 .699648 .6995946 .7005258 .7016721 .699013 .6915427 .6547825 .6012781 .5647741 .5878344 .6285002 .6357063 .6457406 .5959083 .5524744 .500111 .4471294 .42152 .404531 .3868948 .3723029 .337168 .3007715 .2966453 .2856013 .2444062 .1831522 .1446298 .1526507 .145057 .1737238 .2515833 .2936316 .35323 .4096782 .4378037
1.001496 .9948006 .9940126 .9975407 1.001454 1.005279 1.00774 1.012987 1.017668 1.015149 1.00646 1.011082 1.02622 1.037438 1.042942 1.043849 1.034596 1.004897 .9924755 .9853035 .9771706 .9757479 .965737 .9609275 .9213747 .7836928 .6721879 .6786124 .6799818 .678732 .6744737 .6892146 .6822854 .6631885 .6889232 .6943147 .6637874 .6346023 .6253225 .5978812 .5715739 .5433382 .4804119 .4364145 .4093132 .4120414 .4149695 .3838905 .3070351 .2547517 .2406388 .2465323 .2536051 .2806558 .3257213 .4098051 .5228488 .6006801 .6473885 .6792945 .6615887 .6046025 .54375
.9991031 .9952447 .9926936 .9966727 1.000358 1.005381 1.010034 1.013233 1.017064 1.017 1.013637 1.010103 1.026839 1.022792 1.018802 1.020774 1.013238 .9988936 .9882206 .9785017 .9723631 .9738926 .9710036 .970549 .9604957 .9416575 .8553069 .7411798 .6889966 .7287698 .7896366 .7704853 .738203 .756377 .7971155 .8255775 .7918922 .772382 .7640345 .745796 .6830438 .5988991 .4576115 .3689783 .3419979 .3606991 .3943713 .4535548 .4845063 .5156065 .5294681 .5367031 .5884178 .6517733 .7103095 .7525357 .7597737 .7843928 .779913 .7546973 .7111934 .6612605 .6049883
.9976251 .995605 .997254 .9971868 1.00166 1.004627 1.009582 1.014278 1.01827 1.019793 1.019435 1.011617 1.018394 1.006757 1.008872 1.013002 1.005491 .9955755 .9883695 .9797561 .9742708 .9792706 .9925799 1.011334 1.040691 1.031048 .9999408 .9716423 .9170778 .9099873 .8835311 .880522 .9121525 .9246547 .9285095 .9359248 .9042684 .86363 .8355077 .8139309 .77585 .8032714 .7809769 .7372512 .6957904 .6877083 .6690562 .6946868 .7241163 .7331204 .7191772 .6970316 .7147556 .7488293 .7746025 .7803264 .7530146 .7278615 .7068973 .6937221 .6896434 .6632059 .6250616
.9985908 .9986154 1.000493 .9982246 .9988493 1.0014 1.008139 1.013332 1.018981 1.022974 1.02442 1.024463 1.018513 1.006063 1.005702 1.007034 1.004818 .995729 .9898673 .9822763 .9810145 .9847496 .997613 .9983987 1.011709 1.032931 1.069461 1.060969 1.033445 1.013296 .94464 .9166565 1.003607 1.021497 .9878358 .9476431 .9089755 .8990779 .8724397 .8454479 .8752266 .9585318 1.016924 1.040511 1.008728 .970145 .9096296 .8868932 .8928395 .8789957 .8415773 .7893708 .7583702 .7566512 .7474089 .7217143 .7131255 .6999354 .6669126 .6502367 .6514688 .6511734 .6430281
.9929244 .9967507 1.0012 .995312 .992754 .9970708 1.003675 1.009954 1.016762 1.019866 1.012589 1.016568 1.013913 1.007392 1.00466 1.006093 1.009132 .999025 .9955456 .9925739 .9924253 .9916424 .989217 .980962 .9910405 1.002435 1.019399 1.040395 1.043504 .9860029 .9326125 .8997531 .9495528 .9470974 1.001515 .9952313 .9433872 .9391661 .9423535 .9806911 1.008835 1.054624 1.095271 1.130563 1.126475 1.106149 1.0416 .9853956 .9465776 .9113585 .8733562 .8394051 .7906713 .7475711 .7129806 .6765317 .6480402 .6332209 .6145707 .6195634 .6323453 .6688324 .70617
.9808622 .977403 .9848359 .983547 .9848111 .9905148 .9973413 1.004837 1.011698 1.009202 1.004773 1.008892 1.010676 1.006788 1.004423 1.006138 1.011857 1.008561 1.005278 1.005737 1.002106 .9929747 .9834476 .97781 .9803526 .9837565 .9853066 .9870237 .9820868 .9651255 .940405 .9131578 .8647393 .9085736 .9937124 .9741353 .9555233 .9038281 .9221591 1.013109 1.080714 1.082077 1.079115 1.063617 1.068338 1.059572 1.034345 .9917613 .9321206 .8781264 .8469422 .8302445 .7915241 .7331978 .697016 .650673 .6054322 .5996802 .6009121 .6144364 .6630293 .7372721 .7987687
.9743963 .9658151 .965255 .9744115 .9793085 .9860358 .992107 .9979619 1.003762 1.000471 .9975362 1.000134 1.004764 1.004894 1.003629 1.001886 1.00672 .9963606 1.000905 1.001717 .9991193 .9906244 .9828217 .9800678 .976635 .9694055 .9556995 .9485847 .9690965 .9931334 1.005064 1.005657 .976714 .9280301 .9527279 .9451433 .9568273 .9381936 .9229762 .9812715 1.005669 1.042401 1.021963 1.027393 1.032476 1.028939 1.011792 .9771368 .9225937 .8618025 .8189771 .7935888 .7639878 .7120239 .6938044 .6529145 .6327474 .6393213 .6692702 .7115699 .7785807 .841231 .8742562
.9756986 .9723229 .9798769 .9792426 .9804518 .9841613 .9882312 .9928228 .9950733 .9929433 .9910263 .9945872 .9982546 1.002405 1.003423 1.001546 .9926597 .9851164 .991236 .999553 .9983834 .9917074 .9845467 .9822488 .9769192 .9618461 .9441791 .9244267 .9428067 .9849675 1.047436 1.050112 1.005528 .9407487 .9245087 .9108316 .9597274 1.010542 .9966988 .929547 .9229866 .9206147 .9383351 .9724398 .9761575 .9556268 .9561805 .9398677 .8981214 .8489869 .8060375 .7673684 .7348885 .696154 .6952187 .6946859 .6935354 .7102194 .7747695 .8720714 .92171 .9437721 .9469441
.9772003 .9809459 .9889196 .9856713 .9837302 .9839982 .9858003 .9887205 .9902238 .9910142 .9886034 .992435 .9970449 1.000482 1.002135 1.001609 1.001375 .9942645 .9919094 .9978378 1.000944 .9966749 .9879702 .9878896 .9787645 .9675722 .9581411 .9554995 .9709064 .9899276 1.029967 1.011106 1.014995 .9687132 .9252781 .8929499 .9363868 .9855289 .9986751 .9592266 .8942722 .8527773 .8642443 .8997616 .9109527 .9079287 .9144999 .9152945 .8889902 .8563349 .8242859 .7756342 .7390538 .7126088 .7341612 .7601441 .7769177 .8258659 .9358204 1.026498 1.047047 1.027269 .9860176
.9712618 .9770648 .9837751 .9861984 .9862453 .9841583 .9847036 .9842602 .9851173 .9889128 .9882576 .9928999 .9959128 .9970296 .9992735 .9964814 .998081 .9978858 .9954659 .9990087 1.00207 1.005052 .9982446 1.000775 1.001822 .9968051 .9874927 .9926296 1.010751 1.002969 .9953718 .9775959 .9880214 1.007735 .9568641 .9235071 .9284546 .9641473 .9797204 .9616303 .9464856 .9387076 .9054706 .9109675 .8791301 .8834359 .8992916 .907906 .9088698 .8827625 .8579299 .8250136 .7801525 .7451415 .7700251 .8437675 .8940936 .9620469 1.077156 1.10937 1.090079 1.041828 .9723595
.9843364 .9888309 .989051 .9875397 .9885916 .9868999 .9860792 .9845058 .9863514 .9923276 .9928922 .9962395 .9967976 .9957654 .997582 .9985185 1.000504 1.000783 .9999555 .9991923 1.002929 1.010402 1.011822 1.008654 1.003828 1.003079 1.007274 1.01133 1.000459 1.00104 .9735247 .9607812 .9688823 .9838044 .9776695 .9472194 .9311293 .9570739 .9870551 .9831549 .9652193 .9603256 .9290619 .9386968 .9156453 .9019883 .8921871 .8787631 .8943784 .8946126 .8839504 .8762632 .8593639 .8378655 .8281648 .9016281 .9879955 1.094983 1.098387 1.064447 1.026252 .9800038 .9147503
.9920584 .9951106 .9919264 .9918146 .9911197 .9901198 .9894994 .988423 .9952583 1.000901 1.000599 1.00118 1.000647 .9980949 1.000711 1.001626 1.004355 1.003708 1.003617 1.002839 1.001571 1.006308 .9979537 1.003151 1.004692 1.000054 .9976756 .9914023 .9831842 .979008 .9682582 .9595832 .9445856 .939725 .9510547 .9300207 .9315971 .9512991 .9437006 .9595047 .9346102 .9187531 .9267309 .937516 .9420509 .9165722 .8906528 .8875432 .8811049 .8798948 .8931231 .9235258 .9471281 .9657016 .9233687 .9407639 1.012197 1.112942 1.071491 1.011085 .9096385 .852174 .8214782
