py_wake/examples/data/AJ_ParqueFicticio/Rough survey   Sector All   Height 200m   Elevation.grd
DSAA
73  159
 258469   265669
 6501692   6517492
 17.93852   840
[rows 28 to 55 of 159, columns 0 to 62 of 73]
62.65173 65.04262 67.12096 69.24084 71.66234 74.31293 77.12756 79.96815 82.97044 86.11197 89.5864 93.2713 96.75106 100.038 102.9547 106.114 109.1275 112.0159 114.6131 116.8511 118.3546 119.6075 122.1624 124.5224 125.9625 125.1984 124.1043 123.6627 126.1771 128.1057 129.5172 130.7151 127.645 121.1577 119.4084 131.5936 140.1688 141.695 145.7405 142.7167 140.2 146.6873 156.5985 174.2319 191.0599 204.1492 212.7648 223.8097 241.8545 261.0504 278.5499 301.1553 335.6024 360.3425 357.5686 369.1144 393.9194 400.2576 372.308 329.1987 292.1227 260.4145 232.8052
62.42933 65.03583 67.62458 70.09565 72.66954 75.25522 77.96609 80.94472 84.33929 87.61197 90.87448 94.37994 98.08763 101.689 104.6966 107.6892 110.8079 113.9337 116.8756 119.3075 121.0574 121.658 123.5488 125.9009 127.6681 127.922 127.7866 128.0491 129.8194 132.3112 134.317 135.2012 132.5366 126.8175 129.324 140.5457 144.7993 147.0484 150.7641 150.7143 149.5483 154.0761 164.1991 176.3157 192.753 210.6791 227.3414 245.4654 270.4588 296.1299 315.2253 334.7729 362.1583 390.4451 400.1635 410.4551 423.9867 416.1952 381.2332 339.8936 303.9964 270.4981 250.5998
62.16944 64.88112 67.58891 70.29317 73.02261 75.74401 78.45784 81.42152 84.68625 87.93228 91.15061 94.32705 97.47391 100.9291 104.7988 108.5241 112.0742 115.4276 118.6153 121.2205 122.9649 124.0999 125.4883 127.5257 129.4916 130.6105 131.3396 132.3325 133.5145 136.2796 138.6116 140.8628 138.4981 132.7619 135.1115 141.9184 147.2702 151.9346 156.2536 159.676 159.2015 160.3823 171.687 185.602 197.5012 214.1128 236.1952 263.7962 294.5004 326.8338 352.4402 377.7538 398.1871 421.7133 441.4709 447.1231 445.8652 419.6784 376.936 335.5642 298.8205 274.826 273.771
61.98737 64.74281 67.5133 70.30843 73.02689 75.7872 78.573 81.53585 84.68345 87.83752 90.98564 94.13255 97.27 100.5201 104.7761 108.9669 113.0441 116.8739 120.3107 122.409 124.5344 126.2329 127.633 129.3943 131.379 133.0475 134.5228 136.4539 137.2214 139.6839 142.1035 143.6546 141.3788 138.8058 141.9778 145.6175 149.3545 154.2624 159.671 166.66 168.5348 170.0694 178.7785 192.8249 208.9665 223.5772 240.8338 267.1949 299.1932 332.8465 367.6011 401.1805 429.9003 451.3436 468.674 472.9692 460.9435 421.0181 371.4799 330.9732 298.9276 283.0556 302.9731
61.78418 64.76324 67.71457 70.61138 73.44221 76.16988 78.83948 81.69834 84.76648 87.85098 90.8987 93.86643 96.87431 99.88535 104.5083 109.1945 113.8436 118.4033 121.4757 123.6747 125.8243 127.8572 129.5883 131.3202 133.2071 135.0254 137.0892 139.7948 141.1765 142.2169 144.8534 146.2792 144.9785 144.6708 147.2283 151.4992 153.9045 155.681 161.3668 170.4376 177.5339 178.9006 185.1738 197.8703 215.1333 237.3412 259.8494 277.8242 297.4992 323.3053 355.1787 390.9745 427.9171 460.3076 484.5941 489.2032 468.9367 424.4068 374.955 335.6315 307.7832 307.0943 339.2838
63.05305 65.49378 68.27293 71.14928 74.08569 77.04146 79.95086 82.73476 85.56505 88.47341 91.39957 94.23613 96.96751 99.82098 104.7292 109.7454 114.6306 119.3496 122.1512 124.6086 126.9269 128.992 131.0018 133.0017 135.0546 136.9909 138.9337 141.7957 144.2383 145.2985 147.4779 149.2195 149.268 149.472 151.8101 156.8428 160.1061 158.8979 164.9019 174.1641 183.5354 190.1928 193.4694 200.7832 217.6956 241.3684 270.1517 292.8709 310.4304 330.5815 354.413 383.7415 416.602 451.5043 485.4674 502.6531 477.5511 431.7283 387.5381 352.4254 327.6787 334.878 375.1357
64.58882 66.78021 69.14764 71.72437 74.39507 77.24169 80.13164 83.17677 86.20098 89.16601 92.21468 95.25199 98.21819 101.6057 105.977 110.7966 115.776 120.3855 122.9127 125.2433 127.2001 129.1613 131.3827 133.7701 136.2157 138.7025 141.1766 143.7446 146.5013 148.4748 150.3495 152.4218 153.5934 154.4092 155.127 159.1537 165.8507 166.7732 169.0296 176.4804 187.3466 198.6693 207.0409 212.3907 219.3918 243.1129 272.5382 300.3584 323.9116 353.5047 382.2761 412.9261 437.886 461.4246 490.3426 511.4855 494.7036 456.9415 416.1877 381.6524 358.342 365.9868 401.6629
64.47687 67.07277 69.54616 72.21207 74.8426 77.3775 80.19288 83.22375 86.29771 89.3716 92.44 95.52673 98.62035 102.5154 107.0559 111.5864 116.2448 120.5195 122.6818 124.2893 126.0738 128.393 131.2416 134.2907 137.3792 140.4681 143.217 146.0044 148.6921 151.2437 153.312 155.3744 157.5599 159.3233 160.2212 161.466 168.7708 175.1551 175.4164 179.6177 192.1034 206.2258 220.5126 230.9795 232.8169 248.082 280.6924 316.2043 347.0907 378.1377 412.5545 451.1829 481.2631 499.4463 515.5773 530.5208 519.509 488.8798 445.6667 407.9315 392.8846 406.476 429.6577
63.48165 66.02338 68.95444 72.17984 75.56068 78.95166 81.50776 84.04017 86.77106 89.59829 92.46204 95.39582 98.35013 102.0158 106.5248 110.9475 115.2456 118.5757 120.2823 122.0416 124.0284 127.1822 130.8796 134.8883 138.9803 142.059 144.941 147.8384 150.7299 153.6116 156.2227 158.3286 161.0378 165.4472 167.4491 168.2423 172.7559 180.5345 184.6068 192.3842 208.1512 226.4307 244.1963 257.3338 257.9384 257.2945 284.4001 325.0199 365.1541 401.6866 433.2488 470.3778 504.2717 527.0855 541.8889 551.452 540.3339 506.4817 462.5247 432.3066 438.043 457.1679 470.8201
61.44561 64.63525 68.1926 71.76369 75.3588 78.85076 81.90271 84.71706 87.43937 90.10575 92.69956 95.24516 98.00253 101.2744 105.5504 109.5696 113.038 115.4812 117.4591 118.9812 121.6696 125.7955 130.4068 135.1269 139.9028 143.2924 146.3762 149.2976 152.2481 155.3098 158.4388 162.0206 165.9935 170.5109 174.3056 175.5766 175.6559 183.1502 192.5574 201.7412 222.7451 252.8038 277.7551 294.0819 296.5949 280.2586 285.2975 317.9969 357.1158 393.1867 423.5879 456.9833 494.0971 524.3993 548.913 564.889 554.5042 519.6161 478.39 462.1759 482.8015 505.8299 513.4577
61.37358 64.66 68.15881 71.51614 74.55513 77.46436 80.55753 84.11488 87.65279 90.94368 93.81944 96.31413 98.65909 101.4634 105.0874 108.5054 111.6056 114.1352 116.3167 117.8062 119.8531 125.0675 130.4528 135.7011 140.6073 144.1601 147.5674 150.7154 153.6106 156.4265 159.3868 164.8418 170.1817 174.9292 180.0027 182.1842 180.008 185.4657 196.2339 210.8666 232.1974 264.4165 299.7801 327.3228 338.1671 322.4678 307.0495 319.105 339.7925 370.336 402.5074 433.0648 468.7877 506.1559 543.7188 569.5331 566.4043 533.5075 498.0953 494.0863 518.8198 534.3672 537.7208
62.60175 66.0313 69.40986 72.80105 75.90327 78.70284 81.26035 84.63882 88.36395 92.06535 95.60835 98.47207 100.8209 103.1917 105.9154 109.034 112.2706 115.5147 118.5102 120.6849 122.3468 126.1947 131.2767 136.6724 141.4968 145.1136 148.4658 151.8913 155.1417 158.0295 161.8224 167.2395 173.0592 178.5603 183.8607 187.3051 186.6295 190.5896 199.0676 218.0185 241.8405 273.6406 309.3449 344.695 369.0999 363.0288 347.7397 354.74 357.5256 373.9315 408.4075 442.1918 475.9881 508.3268 545.2179 578.5291 581.3148 553.4949 525.7587 522.0197 528.0858 534.8835 532.0525
63.13451 66.58896 70.22493 73.91277 77.63946 80.84335 83.4685 86.18705 89.37222 92.92023 96.65768 100.3488 102.5761 104.312 106.6483 109.5113 112.8718 116.3622 119.9045 123.4296 125.665 128.2476 131.9629 136.2614 140.5224 144.2632 148.1594 152.2514 156.4253 160.8117 165.7052 171.1088 176.2154 182.1907 188.2193 192.4812 192.6913 195.0547 206.3122 229.6401 258.115 291.3197 323.5201 358.7194 387.4993 396.3583 388.6425 398.1178 402.3964 408.8535 436.5737 471.5302 506.9458 538.0978 566.7607 589.8344 594.9022 577.6988 552.2086 532.9946 515.9611 507.9709 502.347
65.678 68.12205 71.02366 73.87899 76.9602 79.78111 82.90739 86.24333 89.35288 92.60137 95.82676 98.77278 100.3219 102.2757 105.2365 108.6868 112.2968 115.9703 119.6659 123.7193 127.5651 130.7134 133.5652 135.8192 138.2473 142.1555 147.662 153.1453 158.3277 163.3109 168.895 174.582 180.4226 186.4733 192.9327 198.1717 198.6915 198.1105 213.6226 240.5995 272.9381 307.2103 337.483 372.1349 402.535 420.7786 421.2245 426.3274 440.8376 452.9451 472.5694 497.3454 526.6599 553.9501 578.6442 598.2428 600 592.3022 565.8376 528.3319 487.1496 462.6771 455.1425
68.22215 70.57891 73.07994 74.98969 76.22871 79.07838 82.12281 84.93011 88.0471 91.23149 93.93877 96.07034 97.79627 100.5446 104.307 108.0646 111.7406 115.4038 118.9779 123.0507 127.3259 131.7483 136.022 139.2513 139.9414 142.8878 148.0333 153.4925 159.0192 164.726 170.403 176.1484 182.5352 189.9998 197.0902 202.8364 204.2605 206.0999 219.2225 243.9512 272.9407 300.8857 329.2926 363.9509 393.8362 416.7486 420.7729 420.9283 441.908 461.5045 482.5972 504.6425 526.9294 546.022 565.2932 588.2149 600 597.1251 572.228 527.9656 478.9596 435.4726 413.1327
69.61647 72.61774 75.48286 78.08418 78.19937 78.00468 79.84766 83.50879 87.58311 91.55626 94.84766 96.74358 98.82764 101.7496 104.859 108.0896 111.3683 114.5771 117.6278 120.9239 125.985 131.3441 136.9895 141.6223 143.7566 145.6522 149.3537 153.8283 158.6107 164.6377 170.9746 177.1616 184.1036 191.8598 199.6439 204.6736 208.1345 210.9568 218.2935 235.4524 257.8267 282.9706 310.1097 344.1272 369.7932 384.0521 382.8456 385.9822 408.4121 434.3821 458.2681 476.8134 495.6114 511.6435 538.0632 574.9222 597.2266 595.3257 564.7048 521.007 475.9826 428.8723 387.8543
70.26278 73.45589 76.71674 79.98598 81.2179 80.05622 79.30876 82.44874 87.46215 92.38631 97.1936 100.1819 101.1466 103.1571 105.7064 108.4722 111.2418 113.8516 116.5405 119.3457 124.3173 129.9133 135.2071 139.7003 142.3957 145.418 149.5915 154.418 159.5158 165.4788 171.3421 177.9739 185.4647 192.9003 200.4426 205.831 210.9585 215.1889 220.1548 230.9218 243.6505 270.4205 297.3363 318.2304 333.3459 340.7282 347.2962 357.2153 375.6975 403.1405 421.8607 438.8613 461.886 496.3296 531.7581 571.7742 587.8787 580.7067 551.496 510.5556 466.763 421.3232 382.24
70.59322 73.98003 77.22415 80.58025 83.58989 83.58826 83.36126 84.84221 88.45898 93.05898 97.96968 101.4871 103.3954 105.0062 107.1284 109.4535 111.9948 114.5431 116.8474 119.1987 123.6954 128.7176 133.0047 136.337 138.9573 143.2377 148.3165 153.17 157.6315 162.0361 168.3275 176.3226 183.067 189.4524 199.1551 205.345 211.1452 217.179 225.6509 233.8296 241.7247 260.924 281.6626 295.1056 312.6631 331.2651 355.0325 378.2847 396.5236 412.9494 432.0085 449.5114 473.6664 513.2615 553.1034 580.5084 581.0192 551.0682 520.6124 493.6862 464.201 431.6735 398.3181
70.33413 74.36068 78.45217 81.87782 84.80026 86.70345 87.5708 89.35529 91.75971 93.89001 97.81576 101.1787 103.6279 105.7574 107.4711 109.6565 112.4311 115.4331 118.4388 121.5798 125.4902 130.0827 134.4916 137.5899 139.6646 143.4004 147.7182 151.7349 155.2401 158.2594 163.5691 171.0802 176.5563 183.705 194.9212 203.0547 209.0058 215.6223 225.5231 239.5216 251.3299 263.594 279.0646 303.826 335.5648 365.2868 388.5099 412.6132 426.2384 442.8715 456.4209 478.4568 502.346 537.1682 569.2286 582.6354 574.0864 534.9847 490.2445 460.3097 441.5843 425.2222 408.8579
69.75957 73.597 77.30474 80.95247 84.53512 88.03056 90.80331 93.36088 96.34728 97.01643 96.82392 100.0977 102.635 104.0841 105.7376 108.4922 111.9465 115.8154 119.884 123.9517 127.6687 131.812 136.5662 140.8905 142.6879 144.5161 146.9901 150.216 153.6343 157.0035 160.7933 167.7817 173.2646 178.9496 189.3301 198.8463 205.8203 213.6702 223.5149 240.1054 257.6564 276.52 298.5332 322.0848 350.5928 376.9005 389.72 400.1114 411.0438 428.2982 451.7057 490.264 528.4785 552.9832 567.2676 567.5062 561.2641 534.2205 491.0503 449.1479 414.9829 394.5612 384.3881
69.67042 72.95235 76.34753 79.81925 84.13967 88.26955 92.23759 96.0763 100.0031 100.6045 98.71288 98.55441 100.3164 101.253 103.4405 107.0651 111.034 115.0637 119.0045 122.6261 126.5427 130.6808 134.7388 138.1973 140.2921 142.0918 145.0349 149.4722 154.1202 158.9726 165.2953 171.7684 176.7699 179.9142 188.9681 198.0975 205.0353 212.618 220.4401 236.1742 254.7028 273.5132 293.0214 317.5865 340.2081 355.7243 363.1865 373.2355 392.5973 419.0598 455.0813 498.3663 533.5245 550.8689 548.7753 533.8484 526.2581 518.5409 493.1977 465.2299 426.5775 383.8545 355.5771
71.11117 74.35387 76.79929 79.53417 84.35358 89.20343 93.68215 97.69463 100.8204 102.3392 100.9318 99.02806 98.08173 99.1532 102.6354 107.5229 111.5808 114.4928 116.9817 120.0809 124.3015 128.6752 132.6331 135.8463 138.5719 140.2572 144.9956 150.5397 155.5413 160.5673 167.4218 174.7955 181.8543 186.5925 192.9505 201.4179 206.9623 212.2906 218.0416 229.5525 242.6224 258.3415 273.5799 291.3151 307.5249 326.7613 345.0994 374.9243 408.8315 443.939 480.7047 506.5549 522.4785 526.187 516.8751 494.1702 483.3295 477.4994 462.1245 460.5105 444.0204 406.1257 364.6161
71.91251 75.98446 79.71732 82.47594 86.4837 91.23984 95.90867 100.1444 102.0993 103.6151 102.8983 101.4527 99.8765 101.6236 105.2611 109.5411 114.2568 117.8302 119.4791 121.112 125.0111 129.4615 133.9132 138.0883 142.44 146.426 149.6152 153.6977 158.7708 164.1781 168.9835 173.8765 178.9741 185.1745 193.0519 201.2267 205.4706 209.6625 215.6057 224.4527 235.1138 249.2894 265.3662 278.8357 297.865 323.1958 355.3532 391.5847 426.8487 460.1931 487.9584 503.1077 500.0659 492.7372 491.1529 467.0312 444.2244 436.5526 422.5136 426.6781 435.5718 423.6577 393.3203
71.58892 76.43241 81.16462 85.27269 88.92702 93.18625 98.04265 101.4405 103.4589 105.0857 104.8951 104.1362 103.6584 104.8101 107.7423 111.3493 115.7126 120.5065 124.0852 126.4778 129.5045 132.7092 136.4835 140.9966 146.5469 151.6527 155.5537 159.0284 163.2866 169.2098 173.7925 176.1616 176.9745 181.1729 190.3262 197.3892 200.4827 205.5663 212.7451 220.0211 231.6487 246.705 266.3292 285.3399 308.5768 338.8656 369.4198 399.3025 426.7439 449.5084 471.6844 487.8008 474.5897 456.0048 463.5464 456.4483 425.88 403.2209 386.748 385.971 402.752 414.5287 406.9531
71.59767 76.56376 81.40163 85.85187 90.12308 94.17768 98.3896 101.7114 104.2319 106.3487 107.0005 106.7463 107.1146 108.5725 110.9331 113.2292 115.4636 119.0488 124.1194 129.5239 134.3222 137.7977 140.2145 145.1064 150.5406 155.8391 160.9561 165.3166 169.7591 174.6886 180.0503 182.5667 182.6623 185.2383 192.8214 196.8495 198.0168 204.086 213.0234 220.0326 229.0088 239.2251 259.2889 280.4625 307.0125 339.5795 367.9081 389.5817 411.4143 431.3253 457.5001 473.6331 455.9438 426.5119 431.1791 444.804 428.9252 396.5206 364.8754 353.6111 367.7611 384.4765 389.3695
72.89881 77.76442 82.49145 87.18214 91.66235 95.7477 99.68619 102.2947 104.886 107.3638 108.8978 109.4508 110.0499 111.7429 114.4342 116.9812 117.9405 119.5878 124.298 130.052 135.942 141.6 145.2153 149.287 154.7198 160.2084 164.9293 170.2906 175.645 181.2748 187.0302 190.3462 191.5373 197.4909 206.4829 212.7366 213.1291 213.4445 218.3714 233.5319 238.2188 240.08 253.648 272.6835 297.51 325.4107 350.0312 370.8239 393.7106 417.951 446.3082 461.8169 443.389 407.3497 397.7427 420.8007 428.6458 411.773 372.7614 337.497 337.5816 352.5956 365.5529
75.69257 80.11699 84.41192 88.85984 93.45718 98.07627 101.2774 103.6341 106.1023 108.5849 110.7708 112.1089 112.8225 114.0031 116.9182 120.5905 122.3014 124.0619 127.515 131.225 134.9543 139.1859 144.6063 150.998 157.5371 163.2833 168.4274 173.5954 179.229 189.0601 195.3849 198.302 198.8844 209.6511 223.7081 235.4852 237.6145 232.1756 230.1776 247.5398 259.4555 260.2964 264.2722 272.0123 290.9258 314.4536 335.6187 357.1758 384.6627 406.8916 424.6911 440.0494 428.484 393.7916 372.303 389.6873 413.7816 418.3174 385.7907 341.9388 316.7366 327.719 351.4073
78.05018 82.83047 87.18746 91.40065 95.35677 99.61897 102.3931 104.9419 107.4036 109.8823 112.4034 114.5489 115.9089 116.5438 117.9737 121.851 126.0093 128.6003 131.9212 135.5353 137.4068 138.4666 144.5436 151.6163 158.503 164.5324 170.2385 175.8871 183.9281 196.5487 210.9029 216.2546 212.1483 223.6719 237.237 252.9724 261.5728 256.3051 246.0846 255.8706 276.1089 283.0118 286.0448 287.8646 294.504 312.0251 329.2746 343.16 364.4611 379.9252 397.4133 415.8391 409.4714 378.2978 351.5608 364.8044 392.9313 404.9617 382.7863 344.751 309.421 311.8464 340.9765
