py_wake/examples/data/AJ_ParqueFicticio/Rough survey   Sector 3   Height 30m   Orographic turn.grd
DSAA
73  159
 258469   265669
 6501692   6517492
-148.7593   101.2295
[rows 27 to 53 of 159, columns 0 to 60 of 73]
.7737923 .5976419 .6010503 .6739851 .8723881 1.033597 1.187917 1.295147 .9001713 .6966971 .9021229 1.215889 1.538261 1.891011 2.012028 2.174791 2.236904 2.472638 2.542228 2.530636 2.429071 2.049466 2.746953 2.857177 3.141884 3.343145 2.927603 2.261929 3.080572 2.948908 2.893614 3.505368 3.905709 2.413267 .5350996 3.685205 3.728025 3.118809 4.169321 .6100949 -1.477216 -.2714444 2.755167 8.018007 10.71459 12.68302 15.6099 17.22451 19.68446 19.8778 17.4022 16.15399 15.81166 13.59685 7.987564 6.116632 7.912907 7.175673 5.535129 3.096765 3.568372
.9776765 .7818943 .7462097 .726868 .7770708 .8674765 .9153415 .9140348 .5196778 .5295872 .7119569 .9513889 1.357983 1.742186 1.804099 1.895917 2.184747 2.39706 2.518818 2.515929 2.277042 1.985117 2.53346 2.777508 2.945227 3.096312 2.870984 2.740874 2.759542 2.933408 3.350154 3.687548 4.284519 3.665922 2.348181 1.882994 1.908168 2.821017 4.009632 4.007655 1.605372 .5126057 1.686229 5.953632 9.728952 11.60604 13.11941 16.2129 17.99907 17.45403 14.92715 12.49799 12.61915 12.38753 8.760685 5.68994 6.248192 6.494101 5.306565 2.988412 2.649495
1.097407 .9780154 .8495097 .7839828 .7928327 .7347779 .713237 .8529654 .6925779 .5491367 .5796365 .7126476 .8957426 1.584401 1.772558 1.860728 2.04884 2.239513 2.286927 2.26561 1.805863 1.698341 2.168487 2.510917 2.703964 2.764946 2.621458 2.733284 2.741616 2.825516 2.957662 3.100356 2.565724 .7009421 -2.18894 -.8951666 1.465977 2.171737 2.745065 2.817598 .9578076 -.04647725 1.475995 4.236571 6.571762 9.157188 9.437018 9.731995 10.30519 10.51575 9.842014 9.399826 10.16062 11.17451 8.594994 5.25722 4.334902 4.902188 3.450524 1.501785 1.266099
1.069133 .9704539 .9331089 .8046026 .7134417 .7208006 .6709524 .8938227 .8215267 .6656787 .5753716 .5674888 .7490798 1.715262 1.787139 1.815612 1.997833 2.133197 2.068204 1.991201 1.751297 1.789757 1.988514 2.314209 2.313134 2.416296 2.538428 2.503371 2.450094 2.197975 2.032259 2.022828 .4928406 -.6962795 -1.201174 .7289748 1.284563 1.143289 1.780647 1.969998 1.578729 .1966392 .2843954 2.47411 4.818648 5.273886 4.816323 4.016737 3.544548 3.841303 4.206531 5.204752 6.894676 8.619234 7.675308 5.792952 5.797021 5.285785 4.104143 3.139787 2.596802
1.068257 .9471121 .8667932 .7551264 .7187403 .7492405 .7042351 .8992102 .8013332 .6883949 .5991203 .5930853 .6868744 1.34022 1.764932 1.798204 1.869588 2.05383 2.037564 1.857543 1.711275 1.8117 1.883314 2.023662 2.126051 2.213274 2.231135 2.349923 1.933301 1.40115 1.738119 2.331505 2.39534 .554495 .2478411 .6205369 .8235069 .208595 1.044218 2.489764 1.641859 .0612661 -.9802247 .5033026 2.376571 3.619621 3.608266 2.291407 1.760028 2.68791 3.468366 4.728153 5.727014 7.354805 8.819723 8.540259 8.570765 7.124492 6.235303 5.451543 1.666476
.7663648 .7523547 .7929375 .7375478 .7550303 .7749895 .8763177 .819082 .7463466 .6967394 .6289976 .6438375 .7072775 .7762339 1.315288 1.523888 1.642087 1.990171 1.898224 1.645544 1.632444 1.741217 1.790586 1.863243 1.993515 1.863678 1.877854 1.65189 1.205855 1.126235 1.442005 1.654311 1.463458 .6405634 -.1236714 .1181968 .4584687 -.20815 1.553508 2.65884 2.845339 1.629756 -.106459 -1.594535 -.05010437 1.612223 2.737727 2.773902 3.231669 4.983665 6.474186 7.971422 9.091396 10.91863 12.04652 12.07847 11.1975 9.827611 8.867752 5.7698 -.2244838
.454271 .6787514 .7205597 .8039444 .8184498 .7954946 .7928704 .7573838 .7907221 .71879 .6891559 .7643491 .7555122 .4763648 .8368015 1.018813 1.360529 1.954952 1.705056 1.606312 1.535488 1.736632 1.829801 1.792017 1.885991 1.817768 1.446433 1.503271 1.185702 1.107186 1.244337 1.255832 1.120914 .5956124 -.284975 -.4855272 .4279577 -.2887285 .4679653 1.018396 3.303835 3.289869 2.810898 -.1959303 -2.623506 .005170942 2.551995 4.166951 5.358281 8.403266 10.731 11.39962 11.74149 12.36282 14.42 14.66505 13.78556 12.70998 9.892263 3.981924 -4.642157
.5669396 .7756586 .8318669 .8530545 .8556911 .8826512 .9427774 .9204886 .8780667 .8256186 .8034596 .7097282 .707683 .1818997 .3952342 .7553307 1.207848 1.746805 1.391649 1.324963 1.561276 1.654401 1.801788 1.755024 1.711729 1.526971 1.208775 1.207294 1.105027 1.183747 1.143685 1.08215 1.108903 .6682225 -.1751601 -1.073761 .4969315 -.540697 -.3489323 .2844145 5.017532 6.294311 5.430851 2.80131 -2.35639 -2.159911 2.041793 4.954802 4.97502 5.714751 7.386851 9.570618 10.50201 11.24737 12.84389 15.11059 15.22515 11.01295 5.134922 -1.311878 -7.071509
.7451892 .9665227 .9686674 1.002261 .9612264 1.065018 1.02847 .9023143 .8649905 .870643 .7689323 .6377253 .4165602 .3934732 .5291688 .7054591 .9561421 1.701114 1.023469 1.119169 1.484649 1.672372 1.717076 1.678074 1.586998 1.305031 1.067697 1.042266 .927444 .9596211 1.001377 .9327935 .9027359 .6729017 -.03261686 -.9937229 -.9249394 -.7907194 -.3876954 1.652831 6.223574 9.324175 9.732057 5.777504 -.53368 -6.146684 -3.162583 -.2547347 -.2785513 .01467698 .4421493 3.052176 4.804536 6.658207 9.780668 12.20223 12.03967 7.463055 1.670569 -3.975233 -5.69481
.9856095 1.122292 1.02713 1.011264 .9981659 1.045017 .683773 .8156518 .9541227 .9436604 .9352049 .7292426 .4692151 .5041323 .7249062 .8454868 1.086834 1.790612 1.708788 1.062467 1.559368 1.667532 1.620019 1.475873 1.523578 1.225013 1.048795 .9095586 .7336287 .6668673 .738821 .7211949 .3511744 -.229275 -1.127 -2.108686 -3.332087 -2.763485 -3.221981 -2.347147 2.838446 7.993426 9.09195 6.930911 .734228 -7.812182 -9.6781 -5.819358 -4.972228 -4.773283 -4.2089 -.7948664 3.115455 5.610432 7.926604 10.59762 10.33244 6.177101 -.08688081 -6.614723 -6.431544
.9797059 1.112541 1.04456 .9828616 .885825 .742786 1.099505 1.135139 1.103193 1.114112 1.098516 1.016096 .7146254 .6531549 .7844327 .8976022 1.190448 1.784612 2.382144 1.995677 1.621536 1.665698 1.41082 1.254527 1.670191 1.234754 1.015445 .7703965 .5780681 .2995027 .1125737 .01224366 -.3363694 -.7195144 -1.346879 -2.625542 -5.24579 -4.172406 -4.87207 -6.348816 -2.520531 2.955151 5.722187 6.44198 3.240298 -5.140614 -10.88571 -8.036478 -4.838623 -2.828068 -1.375406 1.036731 4.941017 7.990043 10.04706 11.1296 10.60589 5.79504 -3.155926 -9.34246 -9.089237
.6631219 .9992148 1.02627 1.011055 1.058706 1.11421 1.267811 1.202666 1.191111 1.219338 1.354968 1.449573 1.138041 .3707829 .5670556 .8203094 1.203863 1.753443 2.457624 2.400661 1.02156 1.145295 1.001823 1.031717 1.457419 1.067732 .8651382 .6367745 .4714157 .111095 -.2599359 -.06997271 -.6892338 -1.317964 -1.979566 -3.02723 -5.765992 -7.219931 -8.901894 -7.999462 -6.124858 -1.265867 3.119193 4.731696 4.294521 -3.061465 -8.977334 -5.896593 -4.121605 .9048304 4.873713 6.373708 8.842037 10.12167 11.83508 12.68488 11.11797 4.984428 -5.23615 -12.28329 -12.62853
.7963663 .9660102 1.099179 1.132181 1.251599 1.52081 .7618604 1.084535 1.193835 1.266531 1.338146 1.410804 .2053584 .07341033 .4645593 .7544537 1.161717 1.573363 1.980084 .9657375 -.1003825 .4045313 .5663373 .7328601 .9699951 .9277431 .7587101 .5710644 .3774253 -.1287328 -.7778569 -.8731856 -1.268932 -1.852892 -2.146479 -4.135794 -7.125351 -10.04228 -12.64496 -9.628271 -7.65756 -4.587643 -1.184333 2.530595 3.574717 -.6942409 -8.464597 -6.498435 -5.030885 -2.648906 3.14216 5.364703 6.566651 7.846962 8.953838 9.843664 9.875205 3.568753 -6.558416 -12.86231 -13.41904
.5018368 .8089215 1.059252 1.094014 1.018288 .7346974 .7003572 1.081196 1.267853 1.260211 1.049566 .6444695 -.05682308 .3475022 .6144277 .836049 .9949752 1.028979 1.110273 .4830151 .06303996 .4222777 .5209879 .6007165 .9072435 .8278493 .6059142 .2353659 -.1450129 -.9242792 -1.568122 -1.665405 -1.820207 -2.096142 -2.614688 -4.369562 -7.269056 -12.29137 -14.84048 -12.94038 -11.30338 -8.757452 -6.694885 -2.361116 .419832 -2.155774 -9.538197 -10.67477 -9.508825 -8.960243 -5.242006 -2.518607 -.689402 .7151299 3.268071 6.906991 6.957632 2.506227 -5.844016 -11.05454 -13.30347
.5497242 .9805052 1.220837 1.168323 .8897989 1.085458 1.068964 1.312897 1.531043 1.427484 1.109725 1.122647 .697169 .8151491 .8248985 .8051491 .7327488 .6738824 .8221505 .5806879 .6234244 .7984796 1.156652 1.330021 .9204165 .5073707 .1064205 -.423526 -.7352625 -1.558854 -2.00834 -2.233373 -2.566724 -3.015805 -3.260206 -4.508607 -8.595891 -15.07974 -17.07553 -16.28114 -14.43517 -12.54083 -11.33639 -7.325066 -4.588939 -6.453805 -12.6388 -15.36216 -14.76897 -13.445 -11.17667 -8.140979 -5.177017 -2.526029 1.252629 4.537015 5.692925 2.660628 -2.3002 -6.794045 -9.480219
.9356433 1.312719 1.629556 1.814769 1.449692 .9596574 1.094401 1.643414 1.798538 1.660193 1.566107 1.660877 1.7953 1.11752 .916597 .8593751 .6787515 .618983 .5317001 .6896601 .8927509 1.073838 1.523063 1.565179 -.03861492 -.8981864 -.8576671 -1.113252 -1.327553 -1.7712 -2.197461 -2.696835 -2.795843 -3.58981 -4.248833 -5.536236 -9.452392 -15.82796 -19.03635 -16.57653 -14.42378 -12.12187 -10.86461 -7.469001 -6.291376 -6.11703 -11.2008 -14.9344 -11.70581 -10.31175 -9.122445 -7.500312 -4.733359 -1.736699 2.602878 5.62456 6.597898 4.16083 .748856 -2.665611 -5.429858
1.263628 1.617026 2.086649 2.650065 2.098704 1.169986 .7339997 1.925111 2.051574 1.942215 2.032508 2.016914 1.352525 .623163 .7168521 .8468037 .814649 .7763762 .5361865 .5683132 1.005279 1.029289 .8931592 .2678572 -.7371069 -1.021237 -1.071915 -1.334748 -1.523891 -2.085074 -2.542673 -2.743708 -3.466754 -4.114384 -4.347894 -5.926051 -8.730441 -12.49637 -15.87401 -13.91653 -11.79636 -8.732924 -7.330975 -4.780096 -3.10634 -1.890978 -.8826808 -3.57417 -3.28166 -2.537328 -2.767957 -1.399207 2.71584 6.109245 8.085135 8.58711 6.592467 5.049688 2.958863 .2548964 -1.240283
1.359577 1.654463 1.997564 2.85066 2.604599 2.022453 1.273197 1.691725 1.643374 1.65947 1.700302 .9424532 .1813892 .1982605 .6266871 .8272105 1.036467 1.052802 .9261614 .39351 .9110773 .8619747 .7619687 .8942648 -.09280108 -.3126698 -.7252084 -1.188391 -1.704159 -2.576249 -2.694508 -2.711174 -3.75131 -4.247087 -3.818107 -5.286823 -7.29114 -9.466987 -12.08673 -11.11785 -10.27379 -6.033578 -3.17867 -.7496052 4.322977 9.967287 12.26217 8.605892 6.150396 6.786663 6.979496 7.435079 9.216762 10.00418 8.335455 7.836518 6.085563 4.295917 3.467869 2.994681 2.670764
1.534775 1.627194 1.971584 2.756243 2.649926 1.833646 .92141 1.344023 1.42021 1.130529 .8916596 .5234068 .177639 .3324562 .7201963 1.046993 1.276233 1.385648 1.317721 .7208948 .6908352 .9201847 1.20716 1.562568 1.086125 .4064282 -.1938828 -.6995108 -1.422298 -2.490233 -2.469249 -2.26965 -3.628732 -4.47474 -3.038587 -4.429411 -6.455247 -8.44198 -8.903279 -8.287971 -8.56779 -4.981817 -.06168971 3.969707 9.654405 11.76227 7.979545 4.347234 2.036674 3.56708 4.353875 5.340387 4.831408 4.853233 3.719838 4.985641 5.406495 4.587466 4.353075 3.956917 3.770787
1.597602 1.676402 1.954384 2.472027 2.497151 1.978294 1.527988 1.85207 1.940986 1.255196 .6585867 .5834552 .3384414 .5506427 1.122723 1.357863 1.385237 1.392786 1.324386 .3086679 .6066163 1.158163 1.6215 1.961755 .8285725 .06238846 .3028923 .0181605 -.4271159 -1.20305 -1.42034 -1.021736 -1.808417 -3.863292 -2.289649 -3.581124 -5.719412 -7.73264 -8.363793 -7.831458 -7.542712 -5.86226 -2.553761 -1.33672 -1.842367 -3.634607 -5.795039 -6.697114 -5.902344 -4.020406 -1.830543 .2793678 -.1029973 -.6186011 -.03346314 2.683933 5.587434 6.822819 6.51478 6.532298 4.076701
1.62891 1.722537 1.845855 2.823523 2.834206 2.45178 2.173301 2.423676 2.714457 1.972243 .4929038 .3989815 .1830659 .5977201 1.392667 1.548787 1.416355 1.140198 .8714811 .5592272 1.152826 1.445745 1.362569 .6059667 -.3508317 .2746723 .9167722 .821698 .4684075 .1763555 -.7233363 -.4337615 -.765618 -3.0073 -1.736644 -2.808179 -4.959682 -7.177555 -9.153362 -8.37334 -8.813083 -9.435287 -9.394628 -9.206881 -8.05571 -6.639426 -6.710257 -4.619349 -1.043854 .7385851 .5253723 -.007981986 -1.608014 -1.992193 -1.15936 1.220364 4.955112 8.149398 7.836412 8.225149 7.275314
1.794553 1.996665 2.172101 2.573811 3.047036 2.782076 2.57632 2.569924 2.870959 2.321843 .7805431 .3859192 .2971185 .3521758 1.686162 1.750266 1.622163 1.232099 .7954654 1.210776 1.796404 1.755531 1.567966 1.822829 1.207024 1.100614 2.005659 1.573264 1.126967 .4410999 -.186159 .3002291 .1333293 -2.315004 -1.908864 -2.320471 -4.669897 -6.343948 -8.958378 -8.569865 -8.739106 -9.421838 -9.596088 -8.485911 -6.406827 -2.595003 1.607401 4.395052 5.200392 4.332704 1.309879 -1.893412 -1.989289 -1.638869 -.03811793 .9842547 4.318859 6.233693 7.525026 10.76444 9.493156
2.162532 2.567481 2.883775 2.746652 2.792573 2.722375 2.677706 2.852238 2.975274 2.959321 2.419431 1.20295 1.169942 1.478918 1.769265 2.000744 1.945176 1.963273 1.76596 1.379248 2.164947 2.212496 2.413644 2.906197 3.639125 2.795268 2.694324 2.431135 1.922008 1.338228 .3592219 -.4744655 -1.531451 -2.452109 -2.048922 -2.691336 -4.075641 -5.160093 -7.167933 -7.207507 -7.136142 -5.970586 -4.645116 -3.059225 .09166366 4.488771 5.118849 4.184045 .7114757 -1.66374 -2.688055 -2.538568 -1.974358 .1967046 3.539412 4.000133 5.126624 7.065773 7.342688 9.296926 13.70088
2.370731 2.692479 3.056136 1.919264 2.167711 2.378103 2.644738 2.954075 2.831862 2.924462 2.683386 2.226125 1.738257 .9891331 1.228989 1.697407 1.913425 2.578315 2.154011 1.264037 2.119578 2.488362 2.734387 2.954665 2.545529 1.909087 2.780267 2.962183 2.725607 1.834486 1.191721 .1402503 -.7765283 -.4887892 -.7015377 -1.793763 -3.406901 -3.786415 -5.126033 -5.818315 -5.307034 -4.582 -2.948227 -2.504429 -.8520318 .8123545 -1.232352 -3.475081 -4.703492 -4.388657 -2.179413 -.3883082 -1.04965 1.665324 6.713057 8.217035 7.133114 7.229414 5.828377 8.282219 12.81248
2.427616 2.422996 2.659894 2.156917 2.106083 2.217166 2.56755 2.806642 2.760001 2.597011 2.27998 1.624553 .89835 .7433954 .9897394 1.250473 1.113037 1.466403 1.332709 1.119755 2.007254 2.625124 2.581388 2.451414 1.936682 2.029494 2.844939 3.09622 2.339956 2.410475 2.674038 2.437659 1.251441 1.558126 1.513219 .3809523 -1.763103 -1.631261 -3.056235 -4.919578 -4.611586 -5.736116 -4.530209 -5.472344 -6.251625 -5.95177 -6.340142 -6.273159 -4.786436 -2.607483 1.06814 3.311507 1.89022 1.795832 7.903893 11.88123 10.20468 8.497695 6.103178 5.579271 11.09801
2.53947 2.545158 2.836044 2.501416 2.334351 2.335304 2.588914 2.955371 2.637733 2.408457 1.941483 1.433799 1.11238 1.036176 1.288853 1.544456 1.231913 1.1597 1.921336 1.441995 1.656738 2.45646 1.855677 1.351052 1.55105 1.863414 1.93629 1.618072 2.076736 2.907824 3.631882 3.20419 2.727315 2.653059 4.044044 3.764297 2.054232 -.5388881 -1.581421 -1.855966 -3.507466 -6.623176 -5.658799 -6.558356 -7.483435 -6.901366 -6.15746 -5.445224 -2.922342 -.4530319 3.750973 5.645411 4.408085 .2607502 5.465945 13.10675 13.98643 10.86725 5.395577 2.553546 7.483057
2.731744 2.802848 2.593153 2.499548 2.484922 2.577096 2.661656 2.579493 2.42031 2.173589 1.830414 1.526881 1.36404 1.346204 1.616739 2.090974 1.855292 1.475277 1.556217 1.340082 .6885054 1.206334 1.214 1.062401 1.198989 1.349617 1.276722 1.37434 2.309649 3.715789 3.986348 2.919241 1.568676 2.453876 4.375986 3.084046 .03380998 -1.324249 -2.097325 -2.044782 -1.258101 -4.09587 -6.284023 -6.73524 -6.630422 -5.67043 -4.222135 -3.423916 -1.591774 -.04628853 3.393019 6.130887 6.444337 .2167967 1.922713 12.95028 15.87307 13.40644 5.799892 -1.75371 1.796598
