py_wake/examples/data/AJ_ParqueFicticio/Rough survey   Sector 6   Height 30m   Mean speed.grd
DSAA
73  159
 258469   265669
 6501692   6517492
 .2236509   9.259376
[rows 112 to 139 of 159, columns 0 to 62 of 73]
6.869418 6.935183 6.729335 6.459005 6.268897 5.953589 5.688596 5.625309 5.634207 5.634236 5.545103 5.571736 5.525981 5.417276 5.283833 4.877818 4.456781 4.16973 3.613388 2.851465 3.155703 4.23424 4.878492 5.384551 6.188679 6.282658 6.303482 6.841549 7.395568 7.72859 8.250316 8.625699 8.420228 7.564229 6.718436 5.937683 5.224685 5.381731 5.767116 6.057772 6.217054 5.980227 5.363455 5.025896 4.509983 3.865681 3.384838 2.933093 2.724918 3.832537 4.881493 5.490344 5.767224 5.642045 5.448199 5.384255 5.360085 5.285548 5.06266 4.490921 2.894804 2.639576 2.34763
7.445111 7.365155 7.21645 6.985303 6.879042 6.787837 6.504278 6.290642 6.192554 6.101626 5.988688 5.959102 5.876528 5.653978 5.551228 5.515161 5.026173 4.635397 4.229014 3.391981 3.058363 3.349661 3.891853 4.763636 5.803711 6.26605 6.280607 6.336902 6.756432 7.264883 7.647593 8.434777 9.047568 9.077843 8.419104 7.466351 6.284973 5.703078 5.859289 6.033959 6.38344 6.370754 5.909958 5.420856 4.82788 4.143489 3.63417 3.24973 2.918966 3.111908 3.696437 4.522149 5.102734 5.289106 5.277716 5.244442 5.263944 5.269735 5.293104 5.043444 4.029958 2.360094 2.25798
8.299901 8.068168 7.878456 7.636573 7.443102 7.371055 7.276065 6.988763 6.773015 6.54237 6.356338 6.413549 6.118395 5.866194 5.796416 5.688026 5.543701 5.272082 4.602076 4.012989 3.101888 2.923014 2.997386 3.732677 5.107597 5.865384 6.202557 6.402915 6.441953 6.732687 7.016001 7.606052 8.46876 8.965397 9.259376 9.014026 8.079936 7.001274 6.718741 6.804716 7.082505 7.174881 6.878483 6.182096 5.399345 4.739758 4.143705 3.650901 3.388787 3.278574 3.440808 3.889611 4.459037 4.976373 5.085701 5.098934 5.130093 5.164823 5.252922 5.283073 5.066657 3.943833 2.544179
8.770914 8.613787 8.441353 8.2062 7.961389 7.797121 7.626059 7.400499 7.191163 6.96962 6.815951 6.899369 6.615822 6.368838 6.303467 6.170584 6.026767 6.071476 5.650787 5.241936 4.67141 3.798799 2.884516 2.813827 3.917664 4.979292 5.634481 5.953357 6.123629 6.110644 6.277901 6.76523 7.304193 7.935242 8.493462 9.080137 9.033563 8.326769 7.780045 7.809984 8.175036 8.440191 8.280752 7.66221 6.655082 5.853534 4.993295 4.274432 3.926919 3.851636 3.891075 4.038501 4.315954 4.639603 4.896655 4.98654 4.989901 5.049092 5.078562 5.155216 5.034853 4.576475 4.096573
8.405733 8.429585 8.365293 8.265544 8.041429 7.810675 7.551705 7.45573 7.377695 7.280748 7.22262 7.218738 7.470015 7.505821 7.190358 7.014879 7.064314 7.194983 7.291238 7.047086 6.490045 5.702942 4.16575 2.852634 2.87852 4.003466 5.071479 5.544886 5.655422 5.768596 5.997325 6.095129 6.461111 6.934146 7.511923 8.226296 8.648706 8.580026 8.150173 7.941735 8.226756 8.96367 9.168715 8.803802 8.103502 7.234454 6.268562 5.367694 4.689288 4.386242 4.395205 4.441037 4.459245 4.512033 4.699326 4.811357 4.842999 4.83598 4.873509 4.996401 4.998009 4.740974 4.468825
7.427707 7.586246 7.617062 7.603633 7.447132 7.287471 7.217985 7.175502 7.112451 7.130957 7.221512 7.762826 8.092231 8.19802 8.020991 7.55735 7.444211 7.553205 7.691663 7.601289 7.410656 7.067279 6.343581 4.553721 3.203982 3.342578 4.464302 5.361907 5.588917 5.525343 5.666502 5.893769 6.420401 6.776806 7.157403 7.849138 7.986294 7.575661 7.336167 7.313353 7.540164 8.058684 8.517333 8.381879 8.257847 7.910335 7.170551 6.37148 5.577846 4.975984 4.789776 4.80388 4.717248 4.678256 4.632538 4.683869 4.678494 4.610024 4.498612 4.646308 4.816608 4.872273 4.552784
5.761404 5.991691 6.186637 6.33884 6.48023 6.601769 6.699659 6.726506 6.614986 6.538637 6.717669 7.309739 7.804256 7.969221 8.06205 7.885014 7.402046 7.009544 7.045003 6.993259 6.930557 6.906311 7.128647 6.603835 4.78054 3.509064 3.725689 4.498794 5.496686 5.542873 5.594307 5.57766 6.076737 6.427093 6.597511 7.001461 6.931158 6.631732 5.725217 5.405553 5.848563 6.544782 7.161041 7.073649 6.873167 7.141501 7.03044 6.515885 5.985419 5.362739 5.112628 5.099282 5.021146 5.004639 4.881135 4.839627 4.736476 4.69824 4.386724 4.044474 4.351904 4.598682 4.379595
4.468697 4.697793 5.063771 5.449958 5.755916 5.980847 6.161716 6.39364 6.422493 6.200291 5.922171 5.884696 6.464955 6.870803 7.298413 7.486652 6.978358 6.22935 5.667796 5.455186 5.431688 5.464412 6.085298 6.838851 6.385509 5.080335 3.992835 4.079998 4.745198 5.602052 5.483387 5.48313 5.647433 5.784233 5.856071 5.822282 6.189754 6.324532 5.472878 4.267328 4.046027 4.871718 5.86564 6.105563 5.861177 5.697449 5.91595 5.892379 5.6902 5.322206 5.078862 5.099143 5.20219 5.16425 5.148359 5.128522 5.027026 5.007991 4.811054 4.374681 3.990114 3.957787 3.90942
4.142567 4.411776 4.701755 4.998302 5.276468 5.529385 5.706884 6.041455 6.414873 6.496241 6.032819 5.159008 4.944092 5.101446 5.790184 6.556714 6.833194 6.487221 5.775216 5.131142 4.581895 4.444086 4.581575 5.743154 6.411573 6.168221 5.055264 4.032708 4.232668 4.945474 5.205564 5.110878 5.448826 5.410026 5.385 5.377362 5.747029 6.146307 6.004249 4.963525 3.999523 3.860209 4.684147 5.622061 5.777912 5.451705 5.278569 5.232045 5.171576 5.023243 4.826915 4.771573 5.023715 5.127921 5.16224 5.132823 5.095257 4.948256 4.856908 4.584598 4.25492 4.020184 3.854765
4.878934 4.657936 4.736511 4.893698 5.012887 5.255928 5.358174 5.603379 5.989637 6.776571 6.831635 5.891305 4.867656 4.389055 4.29035 5.105298 6.033228 6.427315 6.365171 5.911487 5.230659 4.54719 4.126449 4.327542 5.249523 5.756685 5.588496 4.595465 3.824981 4.129295 4.631356 4.949619 5.131098 5.075351 5.034425 5.193471 5.380054 5.895759 6.352095 5.922336 5.026239 4.191447 4.135843 4.84938 5.531993 5.708267 5.574218 5.405069 5.210163 5.014497 4.730742 4.565511 4.599815 4.875181 4.964613 5.095737 5.042111 4.802398 4.52029 4.451879 4.242069 4.010936 4.178627
5.610365 5.135887 4.812196 4.833025 4.883613 4.922122 5.218074 5.336666 5.603242 6.489432 7.377014 7.170008 6.273358 5.119437 4.28041 4.015112 4.496062 5.042897 5.434929 5.691931 5.390568 4.714347 4.049351 3.672853 3.857136 4.421887 4.930899 5.100808 4.249686 3.842741 4.03443 4.714123 5.008395 5.330794 5.141857 5.260401 5.514769 5.645096 6.036595 6.194512 5.930347 4.918588 4.222198 4.197806 4.742721 5.357388 5.664732 5.750082 5.614675 5.314121 5.040734 4.662121 4.491145 4.43731 4.593054 4.681297 4.708491 4.570815 4.430614 4.664727 4.796306 4.785131 4.788907
6.200268 5.78091 5.343998 5.066225 4.913127 4.876816 4.820653 4.895186 5.256488 5.990675 7.203182 7.700314 7.603455 7.021786 5.903372 5.03075 4.539845 4.360261 4.37382 4.580618 4.707829 4.454301 3.940811 3.638669 3.781989 3.81239 3.963339 4.287418 4.312645 3.931116 3.871702 4.514448 5.060737 5.397045 5.434754 5.513988 5.560508 5.594871 5.432074 5.480273 5.894066 5.618842 4.886909 4.357594 4.294906 4.560614 5.06872 5.442122 5.711925 5.692135 5.44632 5.117721 4.834304 4.582684 4.409733 4.19049 4.05742 4.287007 4.415201 4.76567 5.157831 5.185666 5.003906
6.777658 6.578321 6.081782 5.66195 5.2984 5.022224 4.605901 4.406534 4.408509 4.861321 6.080093 7.161803 7.636524 7.816369 7.620265 7.218174 6.639186 5.898024 5.400221 5.0284 5.055495 5.014552 4.666476 4.190711 4.161585 4.138799 3.885609 3.696252 3.376771 3.373263 3.381276 4.419999 5.142187 5.47923 5.425376 5.594376 5.642206 5.594436 5.296477 4.849051 4.9373 5.441775 5.466253 5.032459 4.671796 4.548534 4.448019 4.659233 5.05976 5.624164 5.73158 5.507151 5.255243 4.999172 4.761563 4.448466 4.184532 4.140261 4.102569 4.363304 5.073649 5.233378 5.089534
6.498718 6.664069 6.573101 6.085499 5.615785 5.25579 4.771 4.111761 3.598095 3.67442 4.689563 5.757869 6.764334 7.430448 7.735007 7.913366 8.030556 8.173362 8.010089 7.434349 7.035242 6.845251 6.362861 5.687089 4.980939 4.753554 4.78326 4.302305 3.849626 3.419199 2.77796 3.688708 4.75096 5.149266 5.298208 5.505453 5.591248 5.512041 5.278925 5.034114 4.933852 4.881248 5.193503 5.343283 5.220284 4.971009 4.767629 4.402864 4.165636 4.729579 5.336648 5.444014 5.261988 4.903232 4.587385 4.385631 4.273547 4.161294 3.799867 3.707548 4.494952 5.11659 5.010053
6.187817 6.292572 6.43877 6.207754 5.881154 5.790455 5.489887 4.735537 3.799405 3.165826 3.484979 4.503397 5.559656 6.197472 6.475178 6.47709 6.935699 7.947762 8.20573 8.301707 8.097077 7.747751 7.460183 6.92869 6.254587 5.885467 5.899893 5.871057 5.386047 4.162366 2.634265 3.018214 4.115373 4.393112 4.924172 5.383031 5.64432 5.647719 5.34372 5.040784 5.130537 4.933409 4.687103 4.67859 4.846392 4.945064 4.84846 4.568332 4.125251 3.58992 4.087834 4.468794 4.50555 4.491737 4.254319 4.071914 3.968433 3.888717 3.727393 3.397667 3.785724 4.674295 4.892873
6.088425 6.207103 6.224324 6.385526 6.21475 6.160889 6.185956 5.798948 4.788116 3.592319 3.053555 3.458481 4.498533 5.282377 5.66132 5.559936 5.274625 6.05083 7.169342 7.624026 7.73485 7.608056 7.420991 7.259896 6.776334 6.236992 5.837595 5.683691 5.760756 4.954349 3.071771 3.143502 4.111083 4.352261 4.696 5.157095 5.569226 5.758574 5.483294 4.951961 4.700346 4.730268 4.733553 4.527877 4.440097 4.436991 4.613008 4.675358 4.552433 3.859685 3.502605 3.95195 4.484854 4.562956 3.81848 3.804102 4.169837 4.046574 3.955005 3.2644 3.273386 4.105413 4.483395
5.15087 5.620051 6.117724 6.263614 6.23755 6.299631 6.334818 6.118017 5.466931 4.615182 3.534798 3.054049 3.639821 4.616388 5.345313 5.488358 4.856457 4.528094 5.359506 6.020274 6.509031 6.774024 6.811872 6.864521 6.687145 5.965115 5.047352 4.654428 4.740625 4.637358 3.494936 2.986879 4.022392 4.215143 4.587941 4.858657 5.123556 5.311888 5.180568 4.761337 4.353525 4.211277 4.273851 4.400693 4.471491 4.352211 4.324077 4.595802 5.023096 5.028338 4.401915 4.251992 4.683767 5.51217 5.632974 5.503571 5.236495 4.84242 4.213053 3.294524 3.011032 3.531348 3.709641
3.970269 4.547448 5.298742 5.920358 6.373131 6.286175 6.021539 5.712947 5.207375 4.690576 3.971705 3.274798 3.074213 3.866992 4.975642 5.55354 5.085217 4.156939 4.079355 4.771721 5.325272 5.824984 6.171129 6.386288 6.479216 5.909798 5.088798 4.237191 3.794911 3.544272 3.126895 2.888962 3.105021 3.484225 4.030929 4.394513 4.541504 4.716439 4.728828 4.574703 4.272461 4.063452 4.005552 4.014142 4.083568 4.318227 4.276894 4.33525 4.688589 5.130662 4.953843 4.474669 4.675864 5.800992 6.183238 6.071579 5.888101 5.65844 4.782374 3.78407 2.882028 2.895858 3.386165
3.71905 4.135561 4.701189 5.132767 5.746393 6.259341 6.250311 5.797569 5.10566 4.515152 3.954671 3.26428 2.997191 3.175047 4.315891 5.361632 5.470863 4.682141 3.838238 3.965115 4.533692 5.120501 5.555492 5.79736 6.319838 6.134935 5.875835 4.979857 4.207751 3.534342 2.894081 2.327176 2.001194 2.181094 3.192579 3.840768 4.162056 4.511995 4.878054 4.913784 4.651823 4.295669 4.094187 3.886004 3.715366 3.838657 4.052179 4.265216 4.368149 4.711662 4.776248 4.545747 4.687108 5.568676 5.985072 6.025903 6.05395 5.963395 5.55777 4.873179 3.661426 3.091433 3.153895
3.984836 4.185257 4.626972 4.928789 5.26041 5.805907 6.631622 6.717959 6.249547 5.735655 4.948625 4.268887 3.611366 3.184004 3.618237 4.869967 5.71369 5.477202 4.578213 3.99403 4.044403 4.587238 5.011077 5.16348 5.64838 6.056058 6.315331 6.245946 5.746855 5.176855 4.490281 3.13722 2.342464 1.856491 2.329632 3.21753 3.913593 4.58348 5.068082 5.25429 5.276697 4.980692 4.914341 4.686604 4.359586 3.927387 3.804635 3.954251 4.189907 4.338298 4.404803 4.455091 4.775989 5.362403 5.831816 6.027962 6.18586 6.172668 6.341568 6.048356 4.849161 3.706792 3.228615
3.95873 3.954883 4.545444 5.049441 5.260566 5.497007 6.387314 6.650543 6.702729 6.340967 5.740877 5.152376 4.496667 3.77687 3.594772 4.354208 5.496522 5.820785 5.456262 4.666569 4.286459 4.288149 4.614069 4.778047 5.14993 5.692646 6.260019 6.710802 6.365131 6.282593 5.851883 5.363876 4.277246 3.323161 2.548889 2.817043 3.483581 4.204385 4.870214 5.388774 5.530754 5.582802 5.6021 5.496172 5.294808 5.048489 4.543151 4.040167 3.799968 3.973262 4.128167 3.920059 4.682981 5.425155 5.700585 6.005516 6.136274 6.207674 6.377188 6.132571 5.618713 4.638291 4.065268
3.898151 3.624094 3.95414 4.63788 4.862925 5.189952 5.670226 6.179264 6.479003 6.233027 5.563307 4.950077 4.528317 4.003414 3.603777 3.745156 4.798838 5.447379 5.614275 5.173501 4.684455 4.529835 4.619797 4.682547 4.752469 5.145112 5.724167 5.897824 5.961535 6.067615 5.96768 5.991808 5.950217 5.268379 4.157401 3.488168 3.292518 3.650938 4.144972 4.85302 5.17686 5.229076 5.338195 5.406084 5.608926 5.484068 5.23526 4.790359 4.046988 3.753321 3.85517 3.501676 3.517841 4.816782 5.475765 5.703772 5.978842 6.34097 6.593108 6.542001 6.025935 5.448522 4.772504
4.354436 3.633272 3.603431 4.252544 4.613086 4.943373 5.494253 6.266311 6.718193 6.787391 6.461207 5.510129 4.526129 3.859081 3.438528 3.217069 3.904607 4.614083 5.117857 5.228747 4.875923 4.615634 4.468868 4.392618 4.463972 4.535149 4.811748 5.1337 5.300632 5.220758 5.117783 5.169014 5.703298 5.712093 5.330976 4.438495 3.901013 3.591793 3.820568 4.253903 4.627626 4.711465 4.705077 4.832196 5.039373 5.117942 5.112972 4.980864 4.583474 3.708619 3.712227 3.545331 3.073435 3.520525 4.728262 5.238241 5.566617 6.016379 6.369665 6.650339 6.654637 6.102147 5.643542
5.195991 4.305768 3.958018 4.275719 4.804996 4.929564 5.179127 5.675613 6.417665 7.006858 7.170558 6.759851 5.787843 4.668301 3.654117 3.063369 3.270947 3.899084 4.490955 4.874241 4.896971 4.709976 4.687337 4.570377 4.481101 4.484689 4.565605 4.612457 4.910292 4.976679 4.734207 4.376715 4.451949 4.976741 5.130343 4.766083 4.276761 3.830394 3.731216 3.979617 4.335574 4.462088 4.373202 4.319566 4.462166 4.482031 4.357257 4.250135 4.364748 3.756303 3.481497 3.432497 3.240097 2.732649 3.837564 4.52177 5.007426 5.453974 6.03256 6.363585 6.595345 6.479403 6.11626
6.046539 5.312513 4.629423 4.404716 4.771345 5.016815 4.821126 4.820567 5.257644 5.887687 6.484189 6.914493 6.69201 6.206692 5.408225 4.21304 3.424616 3.559124 3.994685 4.366479 4.596047 4.752126 4.844783 4.861244 4.801312 4.850376 4.722004 4.362927 4.337997 4.662166 4.830406 4.605149 4.199735 4.220043 4.519025 4.50449 4.231087 4.165466 3.918304 4.010222 4.281955 4.452823 4.378828 4.19958 4.080573 3.983987 4.072779 4.033117 3.990892 3.891058 3.603159 3.281457 3.244161 2.956515 3.072673 3.771754 4.348227 4.852163 5.452827 6.081707 6.464388 6.420624 6.224549
6.254996 5.869893 5.093518 4.519934 4.652504 4.904546 4.758345 4.617887 4.598902 4.620793 5.049004 5.777052 6.31847 6.285816 6.231233 5.409595 4.447402 3.825279 3.698363 3.887751 4.068109 4.399964 4.707589 4.930259 4.928048 5.129642 5.109825 4.603834 4.024574 3.970281 4.330599 4.589695 4.444243 4.172193 4.116602 4.203312 4.195456 4.13476 3.954126 4.034424 4.419837 4.566745 4.628458 4.649555 4.503511 4.330413 4.447212 4.931192 4.967299 4.789121 4.159522 3.551588 3.1679 3.060244 2.746074 2.756735 3.325223 3.919554 4.571103 5.342411 6.039487 6.345041 6.279241
5.738185 5.734261 5.330021 4.664497 4.456034 4.771784 4.737967 4.749718 4.682447 4.404387 4.076006 4.443931 5.244468 5.488488 5.708058 5.791531 5.341968 4.622509 3.997983 3.680518 3.675698 4.091277 4.251021 4.456581 4.820474 5.268368 5.156471 4.788468 4.152558 3.776391 3.860301 4.204031 4.512105 4.423855 4.283329 4.147945 4.120244 3.975075 3.785632 3.818202 4.275733 4.591911 4.709408 4.745939 4.806767 4.791414 4.851176 4.968434 4.933741 4.882922 4.620667 4.138266 3.184775 2.849995 2.886601 2.758913 2.414383 2.615934 3.261765 4.183617 5.10625 5.757132 6.067496
5.267931 5.233243 5.158207 4.816403 4.521137 4.639669 4.795488 4.789337 5.041586 5.049178 4.429548 3.866761 4.20859 4.61145 4.771255 5.410734 5.512311 5.387983 5.064482 4.13849 3.550361 3.676642 3.971924 4.287028 4.663178 5.022912 5.148003 4.815855 4.26233 3.918756 3.757947 3.916273 4.237241 4.52845 4.459575 4.367827 4.23363 3.970901 3.787912 3.680444 3.790283 4.098416 4.271434 4.392176 4.422238 4.459321 4.271488 4.31146 4.367366 4.600259 4.691581 4.877946 4.661218 3.870429 3.091898 2.968249 2.738594 2.401034 2.192909 2.82938 3.966512 4.908664 5.518104
