py_wake/examples/data/AJ_ParqueFicticio/Rough survey   Sector 5   Height 200m   Weibull-k.grd
DSAA
73  159
 258469   265669
 6501692   6517492
 2.541016   2.994141
[rows 56 to 83 of 159, columns 0 to 62 of 73]
2.982422 2.978516 2.978516 2.978516 2.974609 2.978516 2.978516 2.978516 2.978516 2.982422 2.982422 2.982422 2.982422 2.982422 2.986328 2.986328 2.986328 2.986328 2.986328 2.986328 2.986328 2.986328 2.986328 2.986328 2.986328 2.986328 2.986328 2.986328 2.986328 2.982422 2.978516 2.982422 2.990234 2.994141 2.994141 2.990234 2.990234 2.994141 2.994141 2.994141 2.994141 2.994141 2.994141 2.994141 2.982422 2.962891 2.947266 2.931641 2.916016 2.892578 2.869141 2.857422 2.865234 2.892578 2.908203 2.896484 2.869141 2.865234 2.888672 2.923828 2.947266 2.947266 2.923828
2.982422 2.978516 2.974609 2.974609 2.974609 2.978516 2.978516 2.978516 2.978516 2.982422 2.982422 2.982422 2.986328 2.986328 2.986328 2.986328 2.986328 2.986328 2.986328 2.986328 2.986328 2.986328 2.986328 2.986328 2.986328 2.986328 2.986328 2.990234 2.986328 2.982422 2.974609 2.978516 2.990234 2.994141 2.994141 2.990234 2.986328 2.994141 2.994141 2.994141 2.994141 2.994141 2.994141 2.990234 2.974609 2.955078 2.939453 2.927734 2.912109 2.888672 2.869141 2.861328 2.873047 2.896484 2.916016 2.904297 2.876953 2.869141 2.888672 2.919922 2.947266 2.951172 2.935547
2.978516 2.974609 2.974609 2.974609 2.974609 2.974609 2.978516 2.978516 2.978516 2.978516 2.982422 2.982422 2.982422 2.982422 2.986328 2.986328 2.986328 2.986328 2.986328 2.986328 2.986328 2.986328 2.986328 2.986328 2.986328 2.986328 2.986328 2.982422 2.982422 2.970703 2.966797 2.970703 2.978516 2.982422 2.982422 2.978516 2.978516 2.982422 2.994141 2.994141 2.994141 2.994141 2.994141 2.982422 2.966797 2.947266 2.931641 2.919922 2.904297 2.888672 2.873047 2.865234 2.873047 2.900391 2.916016 2.904297 2.884766 2.873047 2.888672 2.919922 2.951172 2.958984 2.947266
2.978516 2.974609 2.970703 2.970703 2.970703 2.974609 2.978516 2.978516 2.978516 2.978516 2.982422 2.982422 2.982422 2.982422 2.982422 2.986328 2.986328 2.986328 2.986328 2.986328 2.986328 2.986328 2.986328 2.986328 2.986328 2.986328 2.982422 2.978516 2.970703 2.958984 2.951172 2.951172 2.958984 2.966797 2.966797 2.962891 2.962891 2.970703 2.982422 2.990234 2.994141 2.990234 2.986328 2.974609 2.955078 2.939453 2.923828 2.912109 2.896484 2.880859 2.873047 2.869141 2.876953 2.896484 2.912109 2.904297 2.884766 2.876953 2.892578 2.919922 2.947266 2.962891 2.955078
2.978516 2.974609 2.970703 2.970703 2.970703 2.974609 2.978516 2.978516 2.978516 2.978516 2.978516 2.978516 2.982422 2.982422 2.982422 2.982422 2.986328 2.986328 2.986328 2.982422 2.982422 2.986328 2.986328 2.986328 2.986328 2.986328 2.982422 2.974609 2.966797 2.951172 2.943359 2.943359 2.947266 2.951172 2.951172 2.947266 2.947266 2.955078 2.966797 2.974609 2.978516 2.978516 2.974609 2.966797 2.951172 2.935547 2.923828 2.908203 2.892578 2.880859 2.873047 2.873047 2.876953 2.892578 2.908203 2.904297 2.888672 2.880859 2.892578 2.919922 2.943359 2.958984 2.955078
2.978516 2.974609 2.970703 2.970703 2.974609 2.974609 2.978516 2.978516 2.974609 2.978516 2.978516 2.978516 2.978516 2.982422 2.982422 2.982422 2.986328 2.986328 2.982422 2.982422 2.982422 2.982422 2.986328 2.986328 2.986328 2.986328 2.982422 2.974609 2.966797 2.955078 2.943359 2.943359 2.943359 2.943359 2.939453 2.935547 2.935547 2.943359 2.951172 2.962891 2.966797 2.970703 2.966797 2.958984 2.943359 2.931641 2.919922 2.908203 2.892578 2.880859 2.876953 2.876953 2.880859 2.892578 2.908203 2.908203 2.892578 2.884766 2.892578 2.916016 2.935547 2.951172 2.951172
2.978516 2.974609 2.974609 2.974609 2.974609 2.974609 2.978516 2.978516 2.974609 2.974609 2.978516 2.978516 2.978516 2.982422 2.982422 2.982422 2.982422 2.986328 2.982422 2.982422 2.978516 2.982422 2.982422 2.986328 2.986328 2.986328 2.982422 2.974609 2.962891 2.951172 2.947266 2.943359 2.943359 2.943359 2.935547 2.927734 2.927734 2.931641 2.943359 2.951172 2.955078 2.962891 2.962891 2.955078 2.939453 2.927734 2.919922 2.908203 2.896484 2.884766 2.880859 2.880859 2.884766 2.896484 2.908203 2.908203 2.896484 2.888672 2.892578 2.912109 2.927734 2.939453 2.943359
2.978516 2.974609 2.974609 2.974609 2.978516 2.978516 2.978516 2.974609 2.974609 2.974609 2.974609 2.978516 2.978516 2.978516 2.978516 2.982422 2.982422 2.982422 2.982422 2.978516 2.978516 2.978516 2.978516 2.982422 2.982422 2.978516 2.978516 2.970703 2.958984 2.947266 2.943359 2.943359 2.943359 2.939453 2.931641 2.923828 2.923828 2.927734 2.931641 2.939453 2.947266 2.955078 2.955078 2.947266 2.935547 2.923828 2.916016 2.908203 2.896484 2.888672 2.884766 2.884766 2.888672 2.896484 2.904297 2.904297 2.896484 2.884766 2.888672 2.900391 2.916016 2.927734 2.931641
2.978516 2.974609 2.974609 2.974609 2.974609 2.974609 2.974609 2.974609 2.974609 2.974609 2.974609 2.974609 2.978516 2.978516 2.978516 2.978516 2.982422 2.982422 2.978516 2.978516 2.978516 2.974609 2.974609 2.978516 2.978516 2.974609 2.970703 2.962891 2.951172 2.939453 2.935547 2.935547 2.939453 2.935547 2.927734 2.919922 2.916016 2.919922 2.923828 2.931641 2.939453 2.943359 2.943359 2.935547 2.927734 2.919922 2.916016 2.904297 2.896484 2.892578 2.884766 2.884766 2.888672 2.896484 2.908203 2.908203 2.896484 2.880859 2.876953 2.884766 2.896484 2.908203 2.923828
2.978516 2.974609 2.974609 2.974609 2.974609 2.974609 2.974609 2.970703 2.974609 2.974609 2.974609 2.974609 2.974609 2.978516 2.978516 2.978516 2.978516 2.978516 2.978516 2.978516 2.974609 2.970703 2.970703 2.970703 2.970703 2.966797 2.962891 2.951172 2.939453 2.931641 2.923828 2.927734 2.927734 2.923828 2.916016 2.912109 2.908203 2.912109 2.919922 2.923828 2.927734 2.935547 2.935547 2.931641 2.923828 2.919922 2.916016 2.908203 2.904297 2.900391 2.892578 2.888672 2.892578 2.900391 2.912109 2.916016 2.904297 2.892578 2.880859 2.876953 2.880859 2.896484 2.912109
2.978516 2.974609 2.974609 2.974609 2.974609 2.970703 2.970703 2.970703 2.974609 2.974609 2.974609 2.974609 2.974609 2.974609 2.978516 2.978516 2.978516 2.978516 2.978516 2.978516 2.974609 2.970703 2.970703 2.966797 2.962891 2.958984 2.951172 2.939453 2.927734 2.919922 2.916016 2.916016 2.916016 2.908203 2.904297 2.900391 2.900391 2.908203 2.912109 2.916016 2.919922 2.923828 2.927734 2.923828 2.919922 2.919922 2.916016 2.908203 2.904297 2.904297 2.900391 2.892578 2.900391 2.916016 2.927734 2.927734 2.923828 2.908203 2.900391 2.888672 2.888672 2.896484 2.908203
2.974609 2.974609 2.974609 2.974609 2.974609 2.970703 2.970703 2.970703 2.970703 2.974609 2.974609 2.974609 2.974609 2.974609 2.974609 2.974609 2.978516 2.978516 2.978516 2.978516 2.974609 2.970703 2.966797 2.962891 2.958984 2.951172 2.943359 2.931641 2.919922 2.912109 2.908203 2.908203 2.908203 2.900391 2.896484 2.896484 2.896484 2.900391 2.904297 2.912109 2.916016 2.916016 2.916016 2.916016 2.916016 2.916016 2.916016 2.908203 2.908203 2.908203 2.900391 2.896484 2.904297 2.923828 2.939453 2.947266 2.939453 2.927734 2.916016 2.908203 2.908203 2.908203 2.916016
2.974609 2.974609 2.974609 2.974609 2.970703 2.966797 2.966797 2.966797 2.970703 2.970703 2.970703 2.974609 2.974609 2.974609 2.974609 2.974609 2.974609 2.974609 2.978516 2.974609 2.974609 2.970703 2.966797 2.962891 2.955078 2.947266 2.939453 2.923828 2.912109 2.900391 2.896484 2.896484 2.900391 2.892578 2.888672 2.892578 2.892578 2.900391 2.908203 2.908203 2.912109 2.916016 2.916016 2.916016 2.916016 2.916016 2.908203 2.900391 2.900391 2.900391 2.896484 2.892578 2.904297 2.923828 2.943359 2.958984 2.955078 2.939453 2.927734 2.916016 2.916016 2.916016 2.923828
2.974609 2.974609 2.974609 2.974609 2.970703 2.966797 2.966797 2.966797 2.966797 2.966797 2.970703 2.970703 2.974609 2.974609 2.970703 2.970703 2.974609 2.974609 2.974609 2.974609 2.974609 2.970703 2.966797 2.958984 2.951172 2.943359 2.935547 2.923828 2.908203 2.896484 2.888672 2.888672 2.888672 2.888672 2.884766 2.888672 2.896484 2.900391 2.908203 2.912109 2.919922 2.919922 2.919922 2.919922 2.919922 2.919922 2.912109 2.900391 2.888672 2.888672 2.880859 2.880859 2.892578 2.912109 2.935547 2.955078 2.962891 2.951172 2.935547 2.923828 2.923828 2.923828 2.931641
2.970703 2.974609 2.974609 2.970703 2.966797 2.962891 2.966797 2.962891 2.962891 2.966797 2.966797 2.966797 2.970703 2.970703 2.970703 2.970703 2.974609 2.974609 2.974609 2.974609 2.974609 2.970703 2.962891 2.958984 2.947266 2.943359 2.931641 2.919922 2.904297 2.888672 2.880859 2.880859 2.884766 2.884766 2.884766 2.892578 2.896484 2.904297 2.916016 2.919922 2.919922 2.923828 2.923828 2.927734 2.927734 2.927734 2.919922 2.904297 2.892578 2.880859 2.869141 2.865234 2.869141 2.888672 2.923828 2.951172 2.962891 2.958984 2.943359 2.935547 2.931641 2.939453 2.947266
2.966797 2.970703 2.974609 2.970703 2.966797 2.962891 2.962891 2.962891 2.962891 2.962891 2.962891 2.966797 2.970703 2.970703 2.970703 2.970703 2.970703 2.970703 2.970703 2.970703 2.970703 2.970703 2.962891 2.955078 2.943359 2.939453 2.927734 2.916016 2.900391 2.888672 2.880859 2.880859 2.884766 2.888672 2.888672 2.896484 2.904297 2.912109 2.916016 2.919922 2.919922 2.923828 2.927734 2.931641 2.931641 2.935547 2.931641 2.919922 2.908203 2.892578 2.876953 2.865234 2.869141 2.884766 2.916016 2.947266 2.966797 2.962891 2.955078 2.951172 2.947266 2.951172 2.958984
2.966797 2.970703 2.970703 2.970703 2.966797 2.962891 2.962891 2.962891 2.958984 2.958984 2.962891 2.962891 2.966797 2.966797 2.966797 2.966797 2.966797 2.966797 2.966797 2.966797 2.966797 2.966797 2.958984 2.951172 2.943359 2.935547 2.923828 2.912109 2.896484 2.884766 2.876953 2.880859 2.884766 2.888672 2.892578 2.896484 2.904297 2.912109 2.916016 2.919922 2.919922 2.923828 2.931641 2.935547 2.935547 2.939453 2.939453 2.935547 2.923828 2.912109 2.904297 2.900391 2.896484 2.900391 2.923828 2.955078 2.970703 2.970703 2.966797 2.958984 2.958984 2.966797 2.974609
2.970703 2.970703 2.970703 2.966797 2.966797 2.962891 2.962891 2.958984 2.955078 2.955078 2.958984 2.958984 2.958984 2.958984 2.962891 2.962891 2.962891 2.962891 2.962891 2.962891 2.962891 2.958984 2.951172 2.943359 2.935547 2.927734 2.919922 2.908203 2.892578 2.880859 2.876953 2.880859 2.884766 2.888672 2.892578 2.896484 2.904297 2.912109 2.916016 2.919922 2.919922 2.927734 2.931641 2.935547 2.935547 2.939453 2.939453 2.935547 2.931641 2.923828 2.919922 2.916016 2.916016 2.919922 2.931641 2.958984 2.974609 2.970703 2.966797 2.966797 2.966797 2.974609 2.982422
2.970703 2.970703 2.966797 2.966797 2.962891 2.962891 2.962891 2.958984 2.951172 2.951172 2.955078 2.955078 2.955078 2.955078 2.955078 2.958984 2.958984 2.955078 2.955078 2.955078 2.955078 2.951172 2.943359 2.935547 2.927734 2.923828 2.916016 2.904297 2.888672 2.873047 2.869141 2.876953 2.884766 2.888672 2.892578 2.896484 2.904297 2.908203 2.912109 2.912109 2.919922 2.923828 2.927734 2.927734 2.931641 2.931641 2.935547 2.931641 2.927734 2.919922 2.916016 2.916016 2.916016 2.919922 2.931641 2.951172 2.962891 2.966797 2.962891 2.962891 2.966797 2.974609 2.982422
2.966797 2.966797 2.966797 2.962891 2.962891 2.962891 2.962891 2.955078 2.951172 2.951172 2.951172 2.951172 2.951172 2.951172 2.951172 2.955078 2.955078 2.955078 2.951172 2.951172 2.951172 2.943359 2.935547 2.927734 2.919922 2.912109 2.904297 2.888672 2.873047 2.853516 2.853516 2.861328 2.873047 2.884766 2.892578 2.896484 2.904297 2.908203 2.908203 2.908203 2.908203 2.912109 2.916016 2.916016 2.916016 2.919922 2.916016 2.919922 2.916016 2.916016 2.912109 2.908203 2.904297 2.904297 2.916016 2.931641 2.947266 2.951172 2.951172 2.955078 2.955078 2.966797 2.974609
2.962891 2.962891 2.962891 2.962891 2.958984 2.958984 2.958984 2.955078 2.947266 2.947266 2.947266 2.947266 2.947266 2.947266 2.947266 2.951172 2.951172 2.951172 2.951172 2.947266 2.943359 2.935547 2.931641 2.919922 2.912109 2.904297 2.896484 2.876953 2.853516 2.833984 2.833984 2.845703 2.861328 2.876953 2.888672 2.896484 2.900391 2.900391 2.904297 2.904297 2.904297 2.908203 2.904297 2.904297 2.904297 2.904297 2.908203 2.912109 2.912109 2.916016 2.912109 2.908203 2.900391 2.896484 2.904297 2.916016 2.931641 2.939453 2.943359 2.947266 2.951172 2.958984 2.970703
2.962891 2.962891 2.962891 2.962891 2.958984 2.955078 2.951172 2.947266 2.947266 2.943359 2.943359 2.943359 2.943359 2.943359 2.943359 2.943359 2.943359 2.947266 2.947266 2.943359 2.939453 2.931641 2.923828 2.916016 2.908203 2.900391 2.884766 2.861328 2.837891 2.818359 2.822266 2.833984 2.853516 2.873047 2.884766 2.892578 2.892578 2.896484 2.900391 2.900391 2.900391 2.904297 2.900391 2.904297 2.908203 2.916016 2.919922 2.927734 2.931641 2.931641 2.927734 2.923828 2.916016 2.916016 2.919922 2.927734 2.939453 2.951172 2.958984 2.962891 2.966797 2.974609 2.982422
2.958984 2.958984 2.958984 2.955078 2.955078 2.951172 2.947266 2.943359 2.939453 2.939453 2.939453 2.939453 2.939453 2.939453 2.939453 2.939453 2.939453 2.939453 2.939453 2.939453 2.931641 2.927734 2.919922 2.912109 2.908203 2.896484 2.880859 2.853516 2.830078 2.814453 2.814453 2.833984 2.853516 2.869141 2.884766 2.892578 2.896484 2.896484 2.904297 2.904297 2.904297 2.904297 2.904297 2.908203 2.919922 2.927734 2.939453 2.947266 2.951172 2.951172 2.947266 2.943359 2.939453 2.943359 2.947266 2.955078 2.966797 2.978516 2.990234 2.994141 2.994141 2.994141 2.990234
2.955078 2.955078 2.955078 2.955078 2.951172 2.943359 2.939453 2.935547 2.935547 2.935547 2.935547 2.935547 2.931641 2.931641 2.931641 2.931641 2.931641 2.935547 2.935547 2.931641 2.927734 2.919922 2.912109 2.908203 2.900391 2.892578 2.876953 2.853516 2.826172 2.810547 2.814453 2.833984 2.853516 2.873047 2.880859 2.888672 2.896484 2.900391 2.908203 2.908203 2.908203 2.908203 2.912109 2.919922 2.931641 2.939453 2.951172 2.958984 2.966797 2.970703 2.970703 2.966797 2.966797 2.966797 2.970703 2.978516 2.990234 2.994141 2.994141 2.994141 2.994141 2.990234 2.990234
2.955078 2.951172 2.951172 2.951172 2.947266 2.943359 2.935547 2.935547 2.931641 2.927734 2.927734 2.927734 2.927734 2.927734 2.927734 2.927734 2.927734 2.931641 2.927734 2.923828 2.919922 2.912109 2.908203 2.900391 2.896484 2.888672 2.869141 2.845703 2.822266 2.806641 2.814453 2.837891 2.857422 2.873047 2.880859 2.888672 2.892578 2.904297 2.908203 2.908203 2.912109 2.916016 2.923828 2.931641 2.939453 2.951172 2.958984 2.966797 2.974609 2.982422 2.986328 2.986328 2.986328 2.986328 2.982422 2.990234 2.994141 2.994141 2.994141 2.994141 2.990234 2.990234 2.982422
2.951172 2.951172 2.951172 2.947266 2.943359 2.939453 2.931641 2.927734 2.923828 2.923828 2.919922 2.919922 2.919922 2.919922 2.919922 2.923828 2.923828 2.923828 2.923828 2.919922 2.916016 2.908203 2.900391 2.892578 2.884766 2.873047 2.857422 2.830078 2.806641 2.798828 2.814453 2.837891 2.857422 2.869141 2.880859 2.888672 2.896484 2.904297 2.908203 2.908203 2.908203 2.916016 2.923828 2.935547 2.943359 2.955078 2.966797 2.974609 2.986328 2.990234 2.994141 2.994141 2.994141 2.990234 2.986328 2.990234 2.994141 2.994141 2.994141 2.990234 2.990234 2.986328 2.978516
2.947266 2.947266 2.947266 2.943359 2.939453 2.935547 2.927734 2.923828 2.919922 2.916016 2.912109 2.912109 2.912109 2.912109 2.912109 2.912109 2.912109 2.916016 2.916016 2.912109 2.908203 2.904297 2.896484 2.888672 2.876953 2.861328 2.837891 2.814453 2.794922 2.791016 2.814453 2.837891 2.857422 2.873047 2.884766 2.896484 2.904297 2.912109 2.908203 2.904297 2.904297 2.912109 2.919922 2.931641 2.939453 2.951172 2.966797 2.978516 2.990234 2.994141 2.994141 2.994141 2.994141 2.990234 2.986328 2.986328 2.994141 2.994141 2.994141 2.990234 2.986328 2.982422 2.974609
2.947266 2.943359 2.943359 2.939453 2.935547 2.927734 2.923828 2.916016 2.912109 2.908203 2.908203 2.904297 2.904297 2.900391 2.900391 2.900391 2.900391 2.900391 2.904297 2.900391 2.896484 2.896484 2.888672 2.880859 2.865234 2.845703 2.822266 2.798828 2.783203 2.791016 2.814453 2.837891 2.861328 2.876953 2.888672 2.904297 2.916016 2.916016 2.908203 2.908203 2.904297 2.908203 2.916016 2.927734 2.935547 2.947266 2.962891 2.974609 2.986328 2.994141 2.994141 2.994141 2.990234 2.986328 2.982422 2.986328 2.994141 2.994141 2.994141 2.990234 2.986328 2.978516 2.966797
