py_wake/examples/data/AJ_ParqueFicticio/Rough survey   Sector 8   Height 30m   Orographic turn.grd
DSAA
73  159
 258469   265669
 6501692   6517492
-66.54638   66.4292
[rows 27 to 53 of 159, columns 0 to 61 of 73]
-1.745594 -1.736138 -1.59637 -1.554994 -1.482713 -1.411753 -1.408885 -1.490995 -1.865789 -1.830713 -1.760835 -1.812651 -1.820333 -1.474271 -1.49977 -1.679926 -1.896284 -1.933069 -1.958989 -1.98504 -2.092788 -2.102549 -1.766877 -2.211326 -2.766414 -3.583602 -4.471745 -4.325585 -3.16577 -3.448163 -2.539156 -1.678137 -1.859359 -3.586421 -8.208073 -5.026286 -2.937016 -3.479057 -2.720753 -6.423433 -7.570349 -6.988537 -4.395113 -3.709535 -3.788191 -3.649829 -5.100294 -4.62854 -3.393056 -1.722582 -.4370199 1.743865 7.851955 10.63949 10.56139 13.27591 18.01362 17.86046 16.82029 12.79745 9.096853 4.890613
-1.649697 -1.599737 -1.498628 -1.470718 -1.46785 -1.431081 -1.545338 -1.648317 -1.820971 -1.745277 -1.687589 -1.676815 -1.685566 -1.591073 -1.797191 -2.03696 -2.084092 -2.044366 -2.036227 -1.920777 -1.736464 -1.87778 -1.912458 -2.357785 -3.064103 -3.878202 -4.677816 -4.253545 -3.870161 -3.56677 -2.890463 -2.596963 -2.86075 -3.894225 -7.803555 -4.307133 -3.184614 -3.794793 -4.331268 -6.538988 -7.410803 -5.802697 -5.826553 -4.183971 -5.578351 -6.836483 -8.604612 -9.314602 -5.682374 -1.942084 .4541272 2.365986 7.099187 9.251654 9.835525 13.14808 17.66043 17.64943 14.36083 8.660769 4.75139 -.9241446
-1.506683 -1.483813 -1.373307 -1.370252 -1.295614 -1.335545 -1.474866 -1.57384 -1.631933 -1.673256 -1.600484 -1.62794 -1.653231 -2.038525 -2.172313 -2.320931 -2.314152 -2.21992 -2.156779 -1.944824 -2.257836 -2.445989 -2.454867 -2.747767 -3.306919 -3.995429 -4.552542 -4.483313 -4.308355 -4.087864 -3.902421 -3.634903 -4.363841 -6.448203 -8.090748 -5.429222 -5.147185 -5.766633 -6.080795 -6.787603 -6.932647 -7.348284 -7.057933 -5.532053 -6.082197 -8.663721 -11.517 -12.33531 -9.832 -6.486076 -3.499019 1.354322 6.105607 8.50446 9.232054 12.77741 15.47167 15.5598 10.99228 4.392456 -1.001151 -9.157322
-1.405452 -1.363859 -1.260768 -1.294778 -1.262061 -1.256505 -1.340853 -1.459657 -1.536796 -1.482906 -1.540316 -1.523932 -1.494788 -1.981457 -2.398431 -2.488492 -2.386713 -2.269399 -2.08821 -1.940706 -2.413023 -2.702352 -2.950763 -3.164433 -3.682884 -4.157329 -4.48666 -4.583569 -4.682885 -4.787924 -4.818973 -4.77558 -6.069511 -7.014148 -7.597427 -5.979459 -5.764974 -6.522429 -7.476546 -7.617065 -7.456827 -8.866472 -7.446375 -7.14302 -7.135746 -8.130621 -10.15784 -10.51662 -9.79234 -8.562492 -7.914324 -4.006178 1.65556 6.207039 8.881969 12.66201 15.67089 15.54056 10.0153 3.565002 -5.085205 -13.86387
-1.270384 -1.252178 -1.275833 -1.31722 -1.20132 -1.18412 -1.227066 -1.383315 -1.374369 -1.447236 -1.451823 -1.419072 -1.447311 -2.115911 -2.445746 -2.531482 -2.447369 -2.124052 -1.679407 -2.089221 -2.592104 -2.865816 -3.252799 -3.567015 -3.894369 -4.324259 -4.615329 -4.557683 -4.681691 -5.189854 -4.888164 -5.249303 -6.715738 -7.660027 -7.408091 -6.160985 -6.388896 -7.401571 -8.332915 -8.096455 -8.516362 -8.475874 -8.724842 -7.807983 -8.361621 -8.643633 -7.269038 -5.042177 -4.463974 -5.398947 -5.892818 -4.023197 -1.189944 3.481327 9.041241 13.4407 16.48047 14.71778 9.682555 2.555166 -8.617846 -15.12597
-1.150489 -1.208205 -1.166541 -1.240175 -1.170424 -1.211538 -1.154811 -1.200279 -1.302677 -1.379373 -1.42064 -1.403426 -1.377914 -2.195046 -2.420939 -2.450983 -2.352095 -1.841129 -1.759997 -2.3776 -2.821236 -3.117461 -3.501564 -3.806879 -4.094373 -4.517433 -4.808248 -4.996149 -5.367584 -5.134901 -5.267878 -5.945227 -7.211708 -7.853884 -7.379942 -6.661309 -6.433815 -7.807574 -8.458403 -7.987546 -7.649443 -7.694367 -7.38993 -8.145447 -8.346939 -8.478118 -6.136654 -2.938966 -.533489 1.866372 3.020706 3.590384 4.226329 6.701025 11.61486 15.30741 16.88141 13.41384 8.136785 .2068732 -9.137285 -11.40093
-1.21653 -1.103724 -1.130561 -1.060297 -1.090354 -1.068009 -1.232871 -1.201934 -1.229676 -1.254934 -1.32585 -1.292 -1.532206 -2.227314 -2.190984 -2.299809 -2.144487 -1.48156 -1.907425 -2.554302 -3.106568 -3.361547 -3.62673 -3.997359 -4.219224 -4.475447 -4.713214 -4.473043 -5.013129 -5.374782 -5.612161 -6.135153 -6.873581 -7.378712 -7.787541 -8.072118 -7.668285 -8.757945 -8.727118 -8.887763 -8.588325 -7.765514 -5.584599 -5.724967 -6.870315 -6.638802 -5.295361 -4.065401 -1.485003 3.185666 8.042624 12.42586 13.74042 13.91139 15.09739 17.35034 17.49921 12.93905 6.289252 -.9664089 -8.762818 -7.062434
-1.314518 -1.102103 -1.070872 -.9550624 -.9818795 -.8512006 -1.046331 -1.128752 -1.109064 -1.149843 -1.083912 -1.262706 -1.492475 -2.038955 -1.917285 -1.883239 -1.712108 -1.26448 -2.206154 -2.981087 -3.412907 -3.722037 -3.931296 -4.203853 -4.387798 -4.558596 -4.409021 -4.564081 -4.971859 -5.354643 -5.851208 -6.248324 -6.625164 -6.813243 -7.4606 -8.730635 -8.677345 -9.598934 -9.641137 -10.3965 -9.509342 -7.435132 -5.543174 -1.44987 -3.979864 -4.630919 -4.365253 -3.990502 -3.368906 -1.099698 1.967957 7.381587 12.61995 15.56046 17.4098 18.34047 15.61632 9.145052 1.796048 -6.093941 -9.364012 -2.644984
-1.420871 -1.073047 -.9552999 -.903612 -.9072458 -.8589418 -.8677192 -.9976025 -1.070581 -1.015345 -.9989141 -1.126428 -1.382985 -1.841494 -1.616521 -1.354454 -1.142766 -1.19104 -2.60503 -3.499953 -3.919841 -4.08571 -4.179154 -4.348344 -4.455739 -4.306622 -4.375398 -4.67727 -5.113623 -5.525125 -5.955301 -6.440305 -6.925951 -7.26825 -8.239927 -8.737968 -8.989721 -9.530773 -10.81926 -14.1073 -10.61873 -7.607726 -2.576866 .05022477 1.344492 -2.146711 -4.174293 -5.05839 -5.398674 -3.768153 -3.090265 -.2770163 2.719629 6.786695 11.52164 14.07966 11.87092 5.580577 -2.842692 -10.42525 -9.924604 .203667
-1.420811 -1.130507 -.9651809 -.796824 -.7632177 -.875514 -.9661119 -1.004241 -.9470235 -.9462093 -.8171175 -.8698736 -1.087091 -1.586993 -1.240635 -.8619423 -.5374135 -.2629277 -2.095934 -3.646163 -4.258885 -4.297464 -4.29374 -4.33007 -4.182447 -4.099421 -4.45874 -4.811941 -5.284742 -5.73591 -6.223344 -6.771006 -7.296083 -7.733182 -8.242697 -8.71609 -10.13848 -11.65246 -15.07383 -15.987 -15.38721 -11.28768 -4.172345 .4909616 3.890979 .9693966 -2.608018 -3.888149 -4.753458 -4.565921 -4.185585 -2.64321 -.3001488 1.967321 6.222095 10.29252 9.970315 4.389766 -5.763215 -12.88656 -9.057265 .110913
-1.337715 -.9816481 -.8431531 -.6929918 -.5296873 -.5873369 -1.111084 -.9581664 -.8938825 -.7567474 -.8044825 -.7450242 -.7961009 -1.314237 -.9836114 -.7681337 -.5532193 -.1994109 -.5827811 -1.986655 -3.895997 -4.027159 -4.047551 -4.03067 -3.728631 -4.052851 -4.487566 -4.945404 -5.440785 -5.944779 -6.722967 -7.188293 -7.374279 -7.614267 -7.679846 -7.880081 -10.39475 -12.57453 -14.5948 -18.01479 -17.12343 -13.63532 -8.881983 -3.519554 1.306462 4.25163 2.009353 2.422403 1.161374 -.121214 -.2358595 .8019927 1.537627 2.490981 5.655674 9.183722 8.815 3.472885 -7.115027 -11.19994 -6.309309 -1.256618
-.9168816 -.7242731 -.6000421 -.6046506 -.4567124 -.2099282 -.8204843 -.7953166 -.7741296 -.7622052 -.7606354 -.5853646 -.6848866 -.9575893 -.9623108 -.9310677 -.8813534 -.8157598 -.8582509 -1.316066 -3.170708 -3.301526 -3.579502 -3.62657 -3.480106 -4.012934 -4.569526 -5.013723 -5.399547 -6.000233 -6.799409 -6.778216 -7.221638 -7.580788 -7.846323 -9.367656 -11.69626 -13.01403 -15.59621 -17.16896 -15.68084 -12.77541 -9.876593 -6.338344 -3.341644 -1.510968 .9578438 5.944807 7.776981 7.844021 8.940523 10.4584 11.07858 10.11631 9.932404 11.87858 10.41788 3.155885 -5.131369 -7.052991 -3.410956 -2.207653
-.6824492 -.4479903 -.3492244 -.3694019 -.5091388 -.3067805 -.6249482 -.6159024 -.6316502 -.5638056 -.5880445 -.5990747 -1.083414 -1.243699 -1.154307 -1.232234 -1.151902 -1.241045 -1.555123 -2.577462 -3.212929 -2.868854 -2.949401 -2.974087 -3.519146 -4.151258 -4.583322 -4.948686 -5.431225 -6.081137 -6.611909 -6.770657 -7.04109 -7.342032 -7.479456 -9.386914 -11.44526 -13.7629 -17.53563 -16.70892 -14.63357 -10.69154 -8.581842 -6.506216 -5.287845 -5.916255 -6.044764 -.4549029 4.613239 5.564404 8.080796 9.095933 10.484 11.53864 11.36075 11.89602 8.9918 3.623167 -1.220568 -1.976446 -1.358157 -1.651918
-.7935021 -.5508686 -.2832519 -.1850547 -.3765782 -.7719167 -.8652701 -.6306171 -.4049361 -.3137004 -.4064448 -.5890798 -1.578565 -1.599563 -1.400323 -1.192816 -1.22634 -1.52549 -1.856775 -2.800672 -2.943118 -2.710374 -2.494518 -2.321852 -3.437823 -4.328618 -4.61516 -5.0732 -5.529228 -6.130029 -6.368405 -6.698006 -6.970593 -6.960928 -7.281545 -8.133828 -9.819992 -13.83571 -17.03271 -15.36032 -13.28898 -10.1961 -8.775515 -7.143171 -6.052966 -8.380473 -9.681649 -8.139802 -6.16659 -2.629851 .8712989 2.076386 3.156856 4.525138 6.620288 8.68318 8.242061 4.636629 1.908477 1.980715 1.072931 -.5771815
-.8868554 -.5015012 -.2717464 -.06533193 -.02948222 -.3018486 -1.032951 -.7757393 -.3341279 -.008587752 .2024033 .3816531 -1.074068 -1.629867 -1.40841 -1.275365 -1.285884 -1.327627 -1.768086 -2.648909 -2.631931 -2.399824 -2.220804 -1.683776 -2.013702 -3.957408 -4.318782 -4.845941 -5.150086 -5.713422 -6.109284 -6.461148 -6.811822 -7.051008 -7.274886 -7.387849 -9.095249 -13.92475 -13.85634 -12.66651 -11.14739 -9.545328 -9.351231 -7.857339 -6.917025 -8.558619 -11.48418 -12.06797 -11.49288 -8.843749 -5.019735 -2.029012 .1997762 1.400401 3.269637 5.906996 6.83923 5.868663 5.289569 5.074511 4.951444 4.196162
-.9073961 -.4810265 -.1279355 .258512 .5462482 .1396165 -.9191099 -.702692 -.1643994 .07170603 .362395 .6466009 .3031208 -.8335236 -1.064491 -.9777195 -.9992961 -.9871815 -1.456219 -2.579403 -2.626256 -2.396532 -2.041692 -1.85546 -2.778194 -3.556499 -3.939775 -4.317008 -4.644337 -5.477011 -5.860704 -6.29322 -6.452471 -6.929169 -7.093335 -7.592126 -10.47709 -11.96627 -11.13766 -9.456298 -8.527754 -7.620652 -7.345708 -5.380512 -4.843824 -5.95778 -10.03294 -12.55152 -11.33441 -8.464871 -5.497319 -3.124816 -.7482893 .9662029 3.409811 6.898234 8.763928 8.069377 6.110097 5.023977 5.202971 5.528622
-.9435648 -.5529544 -.1297906 .4387079 1.132212 .9039699 -.5008811 -.5480297 .08237719 .2293961 .3141176 .4855059 -.0355146 -.5713266 -.6998346 -.7124648 -.7371333 -.6913946 -1.014712 -2.297915 -2.386552 -1.972253 -1.696981 -2.611872 -3.599194 -3.601915 -3.664736 -3.908986 -4.017114 -4.861699 -5.584249 -5.699305 -5.852215 -6.417137 -6.28931 -6.977184 -8.408571 -9.261275 -8.393723 -5.200006 -4.753108 -3.72495 -1.832961 -.1048144 .1972318 -.6300216 -3.13309 -5.331059 -3.210928 -1.092191 .3164238 2.172723 4.890904 8.167413 10.65606 13.51571 12.42279 9.690587 6.808887 3.921615 3.578072 4.676881
-1.166192 -.895552 -.5553814 .06441554 -.4619516 -.2502298 -.2341987 -.1259297 .04720419 .07935288 -.003183749 -.455609 -.8595336 -.9254834 -.7858935 -.8084586 -.6106196 -.673813 -.9014835 -1.657409 -1.790253 -1.295199 -.7911794 -1.052384 -3.199132 -3.291035 -3.067425 -2.946015 -3.419776 -4.437476 -4.944629 -4.828926 -5.221314 -5.761658 -5.293728 -5.961458 -6.827917 -7.481119 -6.530064 -3.741265 -2.231959 .1914478 2.404723 4.17555 6.566719 8.765882 7.716885 8.085069 10.08913 12.01874 12.96377 13.73123 13.35779 13.36838 14.969 16.92151 15.00044 11.6171 6.206327 2.798158 1.604989 2.275933
-1.143388 -.9398621 -.7701412 -.3638307 -1.061767 -1.676574 -1.484714 -.2219679 .1583995 .05995068 -.01739542 -.6870006 -1.163857 -1.217124 -1.034571 -.8374377 -.6124901 -.7042217 -.8845796 -1.333683 -1.091963 -.7973436 -.2285119 .0247195 -1.082021 -2.211192 -2.07235 -1.758454 -1.861726 -3.772152 -3.960206 -2.732347 -4.485427 -5.308294 -4.410224 -5.002748 -5.837302 -6.461476 -5.60022 -4.208504 -1.897884 2.003702 4.638685 5.878279 8.085494 7.547048 5.756408 3.847137 5.47558 7.767811 8.118382 9.048261 10.07453 11.78703 12.74577 15.34923 15.14398 12.52762 7.397702 1.859081 -1.62273 -3.406085
-1.041051 -.7597318 -.727705 -1.013403 -1.216824 -1.412337 -.9579501 .09674145 .6882347 .7223413 .5037375 -.4092817 -1.226434 -1.414574 -1.057079 -.7081271 -.6545691 -.8279037 -1.169292 -1.440931 -.9688421 -.4892157 -.2215209 -.08456609 -.9175597 -1.524112 -1.273928 -.9103569 -.7523564 -1.31061 -2.039227 -.4670785 -.8790913 -3.268171 -2.170936 -3.664653 -4.626219 -5.131212 -5.764183 -5.084265 -3.455191 -1.528022 -.6942624 -1.09946 -1.573129 -1.521084 -2.656174 -3.140177 -3.457408 -2.173846 -1.076395 2.250922 6.001499 8.973651 10.4956 11.29839 11.76051 11.19045 9.997168 7.01662 1.35998 -3.194817
-.9606991 -.6229267 -.4618924 -1.004549 -1.023589 -.8552319 -.5026929 .3074425 1.183487 1.735016 1.156697 .09478414 -1.266528 -1.773132 -1.268987 -.7295557 -.6169949 -.7530924 -1.034772 -1.456834 -.7545312 -.1045087 -.06473213 -.844464 -1.918427 -1.819843 -1.065761 -.4463483 -.4111366 -.52788 -.4635498 .3203702 .6962023 -.7705327 .2505615 -.6496293 -2.544408 -3.388771 -4.563267 -4.457895 -4.50534 -4.295569 -4.023829 -3.723218 -2.661001 -1.947479 -2.65131 -2.727365 -1.464368 .3814639 1.1514 3.733116 6.234893 8.196303 9.631882 9.091981 7.220238 5.02829 3.836443 6.790713 8.401311 6.359115
-.8855268 -.606154 -.3196874 -.8329755 -.7048901 -.5111634 -.150201 .3605863 1.272266 .7264933 .7297254 .5951058 -.6743535 -1.879405 -1.213791 -.6789299 -.4022655 -.2245431 -.4176708 -1.518644 -.6547317 .04125578 .5562616 .9208621 -.8136237 -1.974375 -.5205345 -.1782082 -.1740984 -.5282019 .5510941 1.25418 1.214601 -.2047387 .898715 .8003139 -.2608974 -1.149013 -2.174526 -2.073849 -2.358235 -2.685109 -2.642679 -2.459814 -1.911998 .1381138 1.171095 2.503298 3.736879 5.043927 7.179087 8.083412 8.967602 8.95917 9.685375 8.161206 5.263494 1.235235 -4.143787 -3.492134 3.097963 8.388107
-.8226354 -.4617375 -.2520786 -.5313677 -.3889764 -.264022 .03871922 .6648974 .9782275 .4237067 -.1220191 .0701437 -.07807551 -.9722193 -.7245268 -.2542425 -.1593936 .1284945 .3955203 -.9588306 -.3948819 .195853 .7052228 .7688471 .5145584 -.6256742 .194955 .4730109 .4213952 .7772973 1.616485 1.717927 .1132999 .08507998 1.310522 1.587699 .7775323 .5524629 .3505167 .925189 1.473109 1.951447 3.252633 3.849191 4.603066 4.791147 3.256109 2.488662 3.215952 4.522049 7.043092 9.709677 9.93521 10.43523 11.97037 10.8916 8.433145 3.994735 -4.111397 -7.899512 -5.832674 -1.944382
-.9493713 -.6943659 -.5978659 -.8809362 -.3655542 -.1609136 .3283973 .889149 .3461751 -.1626045 -.869684 -1.447265 -1.252397 -1.206235 -.3077511 -.0734346 -.2253787 -.08926997 -.5148023 -1.165499 -.2665053 .1119944 .2563403 -.1562998 -.7319871 -.200811 .7861606 1.042865 .8874434 1.827604 2.596562 3.09298 2.622368 1.623494 3.202832 3.132037 1.573611 1.969247 2.511673 2.70339 3.561392 3.309538 4.170573 3.237336 2.717613 3.186404 2.558662 2.425455 2.783697 4.524691 7.234388 10.08449 11.35227 10.30346 11.22204 12.9465 12.96041 9.224119 1.318992 -4.868634 -8.337783 -8.366475
-.9870068 -.7484927 -.6795782 -.6392023 -.2186123 .1654143 .6280494 .3789285 -.07434701 -.6706527 -1.396432 -2.125485 -2.177325 -1.447986 -.7241066 -.319579 -.4763066 -1.307836 -1.797444 -.9818259 -.2824431 .09110928 -.114434 -.9459766 -.7769223 .05572761 .9065531 .8101431 .9203019 2.167439 3.612501 4.56127 4.757329 4.595559 6.670156 6.874343 4.300663 4.529099 5.07769 4.606726 5.498045 3.709317 2.962613 1.28002 .4034286 1.309424 2.157799 2.887665 4.048851 6.102452 9.735123 13.22554 13.05386 9.845073 8.424757 11.30634 14.05489 14.4847 7.73177 1.321999 -3.731526 -6.793658
-.7744794 -.3930205 -.3757955 -.3353173 -.0595608 .337395 .808102 .3661138 -.21789 -.7563674 -1.355938 -1.741152 -1.870156 -1.412526 -.7926282 -.3318247 -.2238897 -.8823197 -1.037982 -.601789 -.3005142 .01786907 -.8882573 -1.373717 -.9072517 -.1791715 -.1394779 -.5037698 .3007645 1.75543 3.300716 2.990153 2.838942 5.741685 8.518674 9.744924 9.497985 8.367376 6.560795 7.133065 8.398436 6.417032 6.220953 3.684988 2.496656 3.233334 3.624912 4.184244 5.808606 7.618062 11.95727 15.1354 14.01482 8.199766 6.431708 6.945304 9.763403 14.19605 11.7561 6.414581 1.950712 -.825732
-.4120394 -.1314138 -.2110736 .0155689 .1948692 .469825 .6683956 .2733261 -.3325105 -.7400429 -1.21825 -1.503762 -1.549767 -1.317249 -.919871 -.3241497 -.2295389 -1.063739 -.7126183 -.3307784 -.4987351 -1.554222 -1.983446 -1.568038 -1.108991 -.4178233 -.8760095 -.8624958 -.1791522 1.247679 2.368097 2.530529 1.967253 3.525621 5.694933 6.958982 8.362693 9.407584 6.050447 7.416103 9.660476 9.573607 9.010771 8.102401 7.476283 7.629163 7.619836 6.826076 7.82347 9.097444 11.79177 13.24445 13.36172 7.197822 5.578665 6.195453 6.967723 9.246857 8.563351 3.944915 3.896765 1.266841
