py_wake/examples/data/AJ_ParqueFicticio/Rough survey   Sector 5   Height 200m   Weibull-A.grd
DSAA
73  159
 258469   265669
 6501692   6517492
 7.36719   14.18617
[rows 56 to 83 of 159, columns 0 to 62 of 73]
10.69878 10.72646 10.74251 10.75851 10.77007 10.76532 10.7577 10.75714 10.74783 10.7392 10.7255 10.71443 10.70779 10.67927 10.62995 10.61885 10.61825 10.61806 10.61473 10.6197 10.59916 10.56161 10.55602 10.57565 10.57976 10.59048 10.59542 10.61236 10.68675 10.7934 10.85807 10.79854 10.64078 10.587 10.60239 10.63694 10.60221 10.40381 10.10327 9.969249 10.01404 10.06283 10.0352 10.00728 10.00024 10.07274 10.15628 10.26657 10.52941 10.91759 11.35885 11.69947 11.76006 11.61885 11.55083 11.83105 12.23185 12.37835 12.14696 11.77383 11.49687 11.57933 12.00562
10.67672 10.71702 10.72716 10.73864 10.76115 10.76383 10.75826 10.75156 10.74037 10.72383 10.70931 10.69684 10.68373 10.6884 10.65269 10.62582 10.62206 10.62241 10.62073 10.62899 10.62084 10.59322 10.57478 10.58135 10.57997 10.58265 10.59154 10.59042 10.63448 10.76089 10.87859 10.84325 10.70752 10.62259 10.64346 10.66927 10.65671 10.51142 10.24204 10.06217 10.05446 10.09813 10.1112 10.10526 10.13469 10.19778 10.20951 10.21098 10.3792 10.72349 11.1644 11.4993 11.59748 11.50825 11.45871 11.75051 12.1683 12.33764 12.13725 11.74769 11.43543 11.43465 11.83347
10.66783 10.69639 10.70692 10.70721 10.72208 10.73937 10.7344 10.73123 10.71761 10.70051 10.68186 10.67172 10.66037 10.66843 10.65537 10.63892 10.627 10.62055 10.62129 10.63099 10.62179 10.61801 10.60054 10.58019 10.58954 10.5922 10.5944 10.58778 10.58953 10.6777 10.81192 10.7924 10.6802 10.60636 10.59724 10.63858 10.65256 10.52718 10.31667 10.12779 10.0809 10.08309 10.11207 10.16792 10.23541 10.28728 10.26205 10.21584 10.30704 10.55623 10.93361 11.2583 11.41032 11.34845 11.3237 11.61928 12.03933 12.28057 12.16407 11.79535 11.42876 11.31537 11.64564
10.69634 10.70684 10.72666 10.71883 10.68542 10.69125 10.7041 10.70259 10.69138 10.67515 10.66036 10.64549 10.63636 10.64374 10.64296 10.63486 10.62622 10.62233 10.62068 10.62496 10.62325 10.62049 10.61361 10.60464 10.59586 10.60845 10.62434 10.61713 10.59344 10.63177 10.69642 10.68362 10.59179 10.49356 10.49799 10.54447 10.56914 10.50386 10.32852 10.15102 10.07129 10.05445 10.0647 10.19188 10.32587 10.37786 10.34416 10.26502 10.25833 10.4078 10.68731 10.98918 11.19323 11.17183 11.14792 11.41857 11.84312 12.13784 12.11172 11.82865 11.46661 11.25079 11.46535
10.73453 10.74046 10.75826 10.76331 10.70198 10.65421 10.65663 10.67579 10.66894 10.65617 10.6424 10.62626 10.61361 10.61765 10.61619 10.61235 10.61265 10.61503 10.62342 10.6274 10.62812 10.60133 10.60528 10.60304 10.60084 10.62903 10.66542 10.69912 10.71464 10.71098 10.71262 10.65728 10.56205 10.46424 10.42381 10.45392 10.46967 10.42238 10.28907 10.13056 10.01997 9.988287 10.03872 10.19109 10.36758 10.44917 10.44924 10.39802 10.33163 10.3266 10.47884 10.71848 10.96683 11.00571 10.97786 11.2091 11.64904 11.97668 11.99357 11.78688 11.48406 11.24393 11.31136
10.76824 10.78208 10.78657 10.7909 10.75406 10.68899 10.65008 10.65025 10.65491 10.65134 10.6393 10.62853 10.61212 10.59863 10.59209 10.59022 10.59374 10.60516 10.62102 10.62945 10.64038 10.61621 10.59914 10.59169 10.59055 10.62579 10.68148 10.75697 10.82336 10.84542 10.8375 10.74595 10.63471 10.53903 10.45687 10.43844 10.41847 10.3535 10.22235 10.09579 9.986849 9.910407 9.948298 10.13093 10.33566 10.46124 10.5047 10.53581 10.50436 10.39206 10.34244 10.47703 10.74351 10.87907 10.84062 11.00252 11.42398 11.79226 11.85635 11.69877 11.46575 11.25492 11.18514
10.78886 10.80956 10.81694 10.81623 10.78215 10.73632 10.68276 10.65206 10.65173 10.65211 10.64592 10.63147 10.61339 10.58968 10.57941 10.573 10.56819 10.58546 10.59594 10.6162 10.62996 10.62621 10.59799 10.58596 10.58662 10.60649 10.66561 10.7652 10.87638 10.95336 10.96227 10.86586 10.74709 10.66297 10.55982 10.49251 10.42859 10.31836 10.1733 10.05399 9.949521 9.856702 9.879289 10.03021 10.26565 10.42506 10.50834 10.59542 10.66512 10.57528 10.39364 10.3307 10.51868 10.69777 10.75681 10.84305 11.18344 11.55515 11.69368 11.60253 11.41671 11.25838 11.14958
10.78604 10.81773 10.83601 10.83671 10.8075 10.7638 10.71587 10.68084 10.66029 10.65218 10.65384 10.63417 10.61018 10.59446 10.57664 10.56418 10.55537 10.55532 10.57045 10.58603 10.61176 10.60853 10.58607 10.56502 10.56706 10.58866 10.63152 10.73412 10.861 10.98269 11.01803 10.96472 10.8688 10.78815 10.7069 10.59673 10.49503 10.34259 10.17881 10.03704 9.910892 9.817188 9.808075 9.935295 10.15452 10.36615 10.4673 10.57986 10.71174 10.72329 10.55132 10.35488 10.34274 10.48516 10.61772 10.70177 10.94498 11.29444 11.47781 11.44773 11.31989 11.21138 11.14916
10.76865 10.81178 10.83218 10.83871 10.82409 10.79246 10.75249 10.71979 10.67752 10.65505 10.6493 10.63379 10.61864 10.59945 10.58406 10.56593 10.55849 10.55215 10.55685 10.57158 10.591 10.60261 10.58234 10.54523 10.53531 10.54586 10.59671 10.68784 10.81448 10.95402 11.01713 10.99348 10.93085 10.87498 10.81325 10.72098 10.58847 10.42054 10.24418 10.07747 9.923368 9.792382 9.741422 9.821999 10.03972 10.24425 10.38395 10.5296 10.66743 10.75695 10.70856 10.50983 10.30882 10.27804 10.42178 10.59163 10.77593 11.07064 11.26407 11.26574 11.19418 11.08884 11.04914
10.74292 10.78734 10.81199 10.82805 10.82997 10.81416 10.7884 10.75875 10.70779 10.66257 10.64734 10.63205 10.61819 10.60656 10.59207 10.57024 10.55338 10.55523 10.56037 10.57332 10.59556 10.60796 10.59196 10.55789 10.53169 10.52096 10.54901 10.62356 10.72914 10.84525 10.92623 10.92804 10.91902 10.91976 10.88017 10.80548 10.68218 10.49077 10.3025 10.13554 9.976195 9.828062 9.725324 9.750958 9.907981 10.09636 10.25602 10.44786 10.59232 10.71619 10.82579 10.723 10.4636 10.22418 10.22458 10.43327 10.68538 10.94153 11.12689 11.1496 11.08859 10.97269 10.88223
10.72497 10.75799 10.79208 10.81715 10.82215 10.82325 10.811 10.78731 10.73758 10.67676 10.64802 10.63729 10.62027 10.60713 10.59756 10.58114 10.5584 10.54997 10.55868 10.57339 10.60174 10.62436 10.61712 10.59977 10.57314 10.55266 10.56219 10.61144 10.66498 10.74254 10.80618 10.82233 10.85512 10.9338 10.92417 10.86806 10.77106 10.57787 10.35764 10.18243 10.01841 9.888006 9.749641 9.712323 9.789571 9.901536 10.11045 10.34841 10.49208 10.59275 10.81367 10.8909 10.67752 10.35931 10.16826 10.27354 10.57046 10.87483 11.12097 11.23498 11.17427 11.01426 10.83146
10.71399 10.73607 10.77201 10.8031 10.82095 10.82153 10.80788 10.79567 10.75322 10.70041 10.66432 10.64193 10.62836 10.61297 10.59368 10.57881 10.56197 10.54778 10.54356 10.56483 10.58979 10.62602 10.65052 10.65114 10.63483 10.62727 10.60851 10.6404 10.67623 10.71762 10.73308 10.75096 10.78722 10.88308 10.92142 10.90287 10.84481 10.71195 10.48713 10.28811 10.08838 9.929887 9.798285 9.701803 9.67947 9.7435 9.949376 10.2213 10.3926 10.46875 10.70216 10.8993 10.80382 10.53454 10.25128 10.16099 10.40493 10.76984 11.10186 11.32529 11.35308 11.22334 11.00018
10.69328 10.7226 10.75451 10.78377 10.81166 10.81726 10.80913 10.79579 10.76462 10.72019 10.68049 10.65258 10.63105 10.62303 10.60603 10.59289 10.5683 10.54547 10.53383 10.54843 10.56654 10.59601 10.65415 10.68202 10.69786 10.70333 10.70576 10.6982 10.71421 10.72448 10.70932 10.69787 10.72609 10.80132 10.87383 10.88333 10.8715 10.79764 10.62208 10.43614 10.27197 10.09438 9.928055 9.780169 9.652778 9.64095 9.791951 10.04317 10.21138 10.29727 10.53363 10.74524 10.74253 10.57341 10.32519 10.15032 10.25668 10.59955 10.95282 11.25369 11.3997 11.38429 11.20004
10.67393 10.68548 10.7143 10.75547 10.7881 10.81208 10.80457 10.79913 10.77694 10.74024 10.69557 10.6538 10.62375 10.61904 10.61694 10.60463 10.57017 10.53845 10.53091 10.53228 10.5457 10.57972 10.6462 10.69513 10.73938 10.76285 10.7867 10.79866 10.8084 10.80168 10.74654 10.66686 10.64693 10.70487 10.79618 10.83451 10.85778 10.81452 10.71379 10.59137 10.45733 10.31544 10.1378 9.950804 9.770192 9.661133 9.714657 9.886853 10.03151 10.13875 10.31626 10.50818 10.55606 10.44615 10.26536 10.10003 10.10989 10.41356 10.78216 11.08881 11.30224 11.37811 11.31048
10.65309 10.64552 10.65977 10.70893 10.755 10.79246 10.80209 10.80695 10.79005 10.75996 10.71163 10.66026 10.61424 10.60544 10.61209 10.61357 10.58209 10.54655 10.53341 10.52947 10.54493 10.57202 10.64201 10.71084 10.76511 10.82172 10.85489 10.88269 10.91231 10.91019 10.85131 10.73016 10.60947 10.62472 10.70235 10.77506 10.80894 10.80282 10.75677 10.71776 10.62852 10.47713 10.31944 10.12337 9.947482 9.793479 9.75204 9.835777 9.956324 10.05125 10.16884 10.27861 10.35036 10.27171 10.09969 9.970816 10.00621 10.27338 10.63216 10.93584 11.18933 11.31272 11.3189
10.66671 10.63808 10.61668 10.64611 10.69479 10.75303 10.78246 10.79897 10.79722 10.77451 10.7295 10.67435 10.62573 10.59603 10.59777 10.60051 10.5998 10.56597 10.53192 10.52204 10.52422 10.5623 10.63119 10.72946 10.79157 10.86115 10.90526 10.95164 11.00023 11.02679 10.97528 10.81467 10.67001 10.61781 10.6515 10.69736 10.74775 10.76359 10.76633 10.74558 10.70477 10.5796 10.41783 10.26694 10.11415 9.966613 9.882181 9.893055 9.981758 10.10072 10.17438 10.20858 10.24487 10.15638 9.9334 9.761559 9.821108 10.12039 10.47109 10.78485 11.0564 11.22137 11.26758
10.69599 10.66178 10.63065 10.6162 10.64884 10.69627 10.74966 10.78014 10.79175 10.78216 10.74346 10.69536 10.64237 10.6019 10.57277 10.58162 10.58425 10.56589 10.53534 10.51085 10.49549 10.53116 10.59627 10.69445 10.79316 10.86177 10.93563 11.00657 11.07034 11.10597 11.07967 10.91527 10.74062 10.66574 10.64401 10.65129 10.65539 10.68131 10.71004 10.71749 10.72273 10.64082 10.51151 10.37437 10.2356 10.09105 9.990599 9.971104 10.06295 10.18923 10.28969 10.33871 10.37136 10.27369 9.982546 9.673328 9.627508 9.890584 10.23312 10.58798 10.88142 11.07664 11.18262
10.71715 10.68912 10.65714 10.64776 10.64162 10.65436 10.70138 10.74809 10.77617 10.78214 10.75449 10.71887 10.67192 10.62327 10.56307 10.5449 10.56139 10.54401 10.51711 10.48584 10.47057 10.49693 10.54837 10.64225 10.73521 10.81413 10.91153 11.02318 11.14116 11.20858 11.171 11.04158 10.86038 10.74144 10.68069 10.62313 10.59178 10.59543 10.62659 10.67265 10.69541 10.67589 10.59317 10.46989 10.32911 10.18175 10.02933 9.982227 10.04332 10.167 10.27988 10.39091 10.48933 10.47299 10.16145 9.768276 9.546052 9.660892 9.945496 10.30283 10.62168 10.84039 10.9794
10.7373 10.71522 10.68816 10.68477 10.6765 10.63247 10.65055 10.70385 10.75485 10.76766 10.74987 10.72768 10.70129 10.66229 10.57638 10.51837 10.52624 10.52005 10.50743 10.47869 10.45757 10.47393 10.5242 10.60176 10.67928 10.7561 10.84695 10.98681 11.14263 11.25171 11.23592 11.11929 10.9734 10.81999 10.71506 10.62971 10.56876 10.54015 10.54662 10.58651 10.62099 10.61905 10.58649 10.52004 10.40322 10.26929 10.09562 9.981201 9.986993 10.08728 10.17644 10.29467 10.42738 10.46226 10.25943 9.901024 9.594164 9.512903 9.677947 9.972309 10.27858 10.50188 10.6588
10.73894 10.72171 10.70746 10.7102 10.70881 10.66485 10.6327 10.66997 10.72026 10.73817 10.73232 10.72173 10.70639 10.69011 10.62515 10.53522 10.50893 10.50421 10.504 10.50239 10.47479 10.47852 10.51058 10.56796 10.63226 10.69716 10.77661 10.9005 11.06835 11.20435 11.22477 11.11898 10.97602 10.84723 10.72522 10.63731 10.57814 10.53288 10.50308 10.51533 10.51444 10.51538 10.51141 10.49879 10.39012 10.29517 10.14705 9.997535 9.938848 9.99473 10.0677 10.16758 10.28122 10.32115 10.22633 9.978607 9.662261 9.460379 9.468099 9.661215 9.90367 10.11396 10.27655
10.71998 10.70881 10.70207 10.70107 10.7149 10.68943 10.6531 10.66431 10.70187 10.71128 10.71389 10.7045 10.69078 10.68999 10.65318 10.57248 10.51437 10.49767 10.49404 10.50539 10.51332 10.51658 10.51642 10.55408 10.5986 10.65557 10.72732 10.83749 10.99431 11.13015 11.17276 11.08175 10.93022 10.80467 10.68779 10.6084 10.57212 10.52571 10.461 10.47429 10.49054 10.45951 10.45789 10.45161 10.37921 10.30784 10.19695 10.0466 9.968324 9.947375 9.999609 10.08958 10.18715 10.22543 10.16947 10.0097 9.743424 9.4942 9.353504 9.428469 9.593977 9.769195 9.921484
10.70444 10.69645 10.68582 10.67919 10.69636 10.69332 10.67266 10.66397 10.67938 10.68737 10.6957 10.69816 10.68554 10.67323 10.64962 10.58617 10.53257 10.49006 10.48541 10.49745 10.51761 10.5499 10.57324 10.58742 10.60973 10.66513 10.73912 10.85248 10.99126 11.10011 11.1253 11.04972 10.90289 10.78013 10.66531 10.56962 10.53287 10.49423 10.43137 10.42375 10.43592 10.43933 10.42693 10.4298 10.41759 10.3823 10.3333 10.21678 10.10067 10.01271 10.01779 10.09551 10.22732 10.29974 10.25628 10.14884 9.947497 9.686106 9.510367 9.431399 9.459502 9.559606 9.667144
10.70484 10.68953 10.66984 10.66144 10.6785 10.68918 10.6854 10.67454 10.66419 10.66659 10.67159 10.67226 10.67973 10.66656 10.64338 10.60603 10.55192 10.49645 10.47116 10.47492 10.48785 10.54194 10.59261 10.61886 10.65005 10.7043 10.80119 10.92385 11.05634 11.12741 11.13284 11.01073 10.86535 10.75725 10.66632 10.60229 10.56455 10.52668 10.48184 10.43809 10.39797 10.40317 10.41528 10.44527 10.43936 10.43493 10.41809 10.38124 10.30758 10.16463 10.12288 10.1776 10.29848 10.3972 10.40112 10.33625 10.17432 9.96529 9.78875 9.639279 9.548397 9.55829 9.607095
10.72183 10.69699 10.67101 10.663 10.66611 10.68584 10.69678 10.68763 10.66253 10.65332 10.64651 10.64804 10.65356 10.65294 10.63807 10.61209 10.57332 10.52414 10.48162 10.46605 10.46566 10.50477 10.56112 10.60938 10.65277 10.72984 10.85009 11.0203 11.14759 11.19343 11.13924 10.98254 10.80939 10.70653 10.6227 10.5678 10.5577 10.5357 10.50533 10.48531 10.42326 10.40314 10.4196 10.43447 10.44974 10.44174 10.42667 10.39784 10.3714 10.3011 10.26416 10.28311 10.35428 10.4532 10.5085 10.47 10.34621 10.17448 9.966285 9.784318 9.662426 9.62005 9.580569
10.74119 10.7225 10.68863 10.66531 10.67711 10.69364 10.70312 10.69295 10.67949 10.66146 10.62967 10.61027 10.62009 10.61975 10.60315 10.593 10.58467 10.54779 10.52019 10.49324 10.4783 10.50182 10.53076 10.57709 10.62408 10.71241 10.86636 11.06102 11.2238 11.28011 11.1607 10.97655 10.78934 10.6723 10.58163 10.5073 10.48129 10.46075 10.45445 10.44584 10.43759 10.42988 10.41893 10.41856 10.44575 10.43334 10.38362 10.33474 10.35989 10.36711 10.36428 10.37311 10.41159 10.4781 10.52518 10.516 10.38901 10.21097 10.01309 9.827857 9.693022 9.605728 9.543339
10.74302 10.74189 10.71573 10.67929 10.67721 10.69504 10.71462 10.70796 10.69547 10.68054 10.64187 10.58576 10.57827 10.56587 10.56018 10.56229 10.56138 10.55182 10.54207 10.5184 10.51886 10.53091 10.5426 10.55891 10.59999 10.6761 10.82634 11.0312 11.21074 11.27616 11.16864 10.96681 10.76667 10.65145 10.56889 10.49576 10.43753 10.41388 10.41164 10.42963 10.43224 10.42666 10.40923 10.38863 10.39223 10.37162 10.3328 10.31871 10.33026 10.36195 10.38459 10.40308 10.43918 10.482 10.51712 10.49361 10.36971 10.19509 10.00094 9.817999 9.67714 9.564082 9.485821
10.73193 10.74036 10.72849 10.70648 10.69139 10.69788 10.70951 10.71797 10.71673 10.69882 10.67359 10.61186 10.54512 10.52646 10.50014 10.48427 10.4949 10.49553 10.509 10.52546 10.52599 10.54254 10.5604 10.5941 10.61702 10.67645 10.79198 10.97234 11.14331 11.21385 11.12151 10.96051 10.7796 10.65881 10.57735 10.49263 10.43696 10.3884 10.40307 10.43745 10.44109 10.41737 10.36678 10.31596 10.30118 10.26887 10.22806 10.21459 10.24336 10.29132 10.34788 10.39976 10.45276 10.48942 10.50894 10.47604 10.35063 10.16933 9.970539 9.786858 9.641618 9.519045 9.414979
10.73764 10.72387 10.72583 10.72188 10.71389 10.7139 10.72099 10.73344 10.72805 10.71169 10.68614 10.62213 10.5626 10.52826 10.48945 10.444 10.41505 10.41911 10.43672 10.47104 10.5005 10.52605 10.57204 10.62344 10.67914 10.74595 10.82894 10.95266 11.06843 11.11958 11.06505 10.9559 10.81691 10.70689 10.63479 10.51972 10.45286 10.41719 10.43266 10.45409 10.45233 10.41598 10.30216 10.21598 10.19087 10.14579 10.08419 10.07226 10.08201 10.15776 10.25814 10.36676 10.43797 10.47806 10.49272 10.44262 10.31971 10.13363 9.924158 9.729612 9.57198 9.453228 9.327211
