py_wake/examples/data/AJ_ParqueFicticio/Rough survey   Sector 7   Height 200m   Orographic turn.grd
DSAA
73  159
 258469   265669
 6501692   6517492
-10.85354   12.08443
[rows 54 to 80 of 159, columns 0 to 61 of 73]
-1.389236 -1.309635 -1.257413 -1.200727 -1.135708 -1.074547 -1.092835 -1.11373 -1.157607 -1.176247 -1.197913 -1.192869 -1.192938 -1.186776 -1.167352 -1.171552 -1.145864 -1.086014 -1.029024 -.9603974 -.8975001 -.9476991 -1.03397 -.9371893 -.8053156 -.7827498 -.7837176 -.7947124 -.7845031 -.6086679 -.181837 .409542 .9079992 1.312632 1.75102 2.306038 3.1228 3.967395 4.505251 4.804581 5.176166 5.851602 6.492568 7.049299 7.296859 7.362879 7.11173 6.668819 5.996268 5.282767 4.374645 3.50387 2.692228 1.785747 .5115185 -.8643934 -1.936548 -2.144562 -1.864243 -1.733034 -2.26717 -3.441453
-1.305126 -1.247374 -1.214275 -1.131975 -1.097067 -1.079387 -1.072207 -1.121802 -1.151156 -1.171869 -1.183886 -1.178513 -1.194731 -1.187618 -1.148669 -1.159526 -1.113978 -1.084694 -1.000422 -.9748166 -.9456955 -.9483512 -.9651039 -.8586049 -.7590942 -.7426583 -.7422339 -.796791 -.8249771 -.5421208 -.04961422 .6354436 1.159228 1.598502 1.990814 2.404059 3.127064 3.979318 4.615906 4.956656 5.349195 5.754774 6.38145 6.939149 7.335298 7.569726 7.588348 7.180774 6.406184 5.364267 4.263062 3.221157 2.28906 1.291962 .2134635 -.8478836 -1.783062 -2.137597 -2.098344 -2.062972 -2.413351 -3.298946
-1.232741 -1.23605 -1.152869 -1.087914 -1.041179 -1.045394 -1.083228 -1.154858 -1.169216 -1.199974 -1.193725 -1.20881 -1.238835 -1.218643 -1.16206 -1.157099 -1.129814 -1.078086 -1.027278 -1.004011 -.9922647 -.941475 -.8490368 -.7837687 -.7095203 -.6934868 -.6696939 -.6352113 -.5362975 -.1810784 .338593 .9225649 1.496259 1.936713 2.355184 2.674312 3.172441 3.879529 4.606878 5.092103 5.488128 5.667314 6.071357 6.482192 6.917018 7.300958 7.540597 7.298897 6.57777 5.49722 4.284326 3.117707 2.003314 .9273332 -.0516402 -.9174383 -1.625049 -2.034364 -2.226617 -2.385267 -2.671133 -3.357471
-1.202562 -1.267392 -1.136523 -1.0249 -1.009591 -1.070029 -1.136727 -1.194697 -1.225911 -1.208267 -1.198214 -1.195752 -1.200692 -1.27869 -1.209511 -1.151042 -1.134679 -1.094386 -1.029975 -1.022153 -.9512697 -.8806732 -.7930887 -.7337186 -.6352966 -.5571657 -.5063311 -.3407215 .02709963 .4008404 .7968674 1.259043 1.740885 2.263216 2.643684 2.956858 3.347979 3.879526 4.582664 5.12697 5.489218 5.647547 5.799703 6.029122 6.399378 6.77937 7.067294 7.009884 6.601387 5.67777 4.39401 3.094429 1.854147 .7123051 -.1074115 -.8235923 -1.562613 -2.083886 -2.458098 -2.61221 -2.858748 -3.39821
-1.297346 -1.299061 -1.129717 -.9577766 -.9231378 -1.064025 -1.162113 -1.241516 -1.251793 -1.220092 -1.185692 -1.187899 -1.175281 -1.244792 -1.196419 -1.151078 -1.125171 -1.091719 -1.060741 -1.031569 -.8858303 -.8199999 -.73792 -.6379322 -.5985581 -.5153949 -.3666041 -.04863169 .4918145 .9849422 1.304716 1.649896 2.09233 2.503701 2.94591 3.231386 3.570372 4.068514 4.628018 5.134638 5.52 5.634885 5.585823 5.638451 5.871828 6.210841 6.51047 6.57953 6.396867 5.786329 4.59843 3.149886 1.785981 .7543182 .05528887 -.5893981 -1.477301 -2.225651 -2.714196 -2.880286 -2.987433 -3.297515
-1.42078 -1.265793 -1.076243 -.9334925 -.8575468 -.9728469 -1.168477 -1.263998 -1.268139 -1.235159 -1.193612 -1.140343 -1.141945 -1.209702 -1.191461 -1.136975 -1.091398 -1.06023 -1.032753 -.9767619 -.870433 -.7506095 -.6524607 -.6233341 -.5199461 -.4454085 -.3002833 .07905102 .6810998 1.291176 1.717726 2.033358 2.429843 2.941355 3.378795 3.721065 4.005969 4.339463 4.750719 5.176271 5.466586 5.505474 5.48419 5.321037 5.329173 5.573665 5.832928 6.064258 6.216365 5.908869 4.837984 3.338473 1.895762 .9553023 .4378971 -.2460139 -1.281685 -2.149712 -2.780071 -3.13113 -3.210411 -3.293628
-1.400262 -1.199681 -1.007476 -.9785081 -.9112133 -.9345503 -1.117902 -1.297879 -1.288609 -1.234867 -1.185271 -1.136209 -1.122649 -1.187117 -1.143264 -1.074609 -1.052724 -1.023391 -.9880797 -.8842846 -.8146228 -.6766701 -.6200685 -.5506443 -.4658073 -.4314184 -.2565771 .07106512 .5949695 1.227255 1.790448 2.215777 2.659313 3.234028 3.83909 4.235755 4.458296 4.72227 4.945944 5.239461 5.484446 5.473233 5.355621 5.150033 4.933287 4.976861 5.092468 5.295287 5.618106 5.711435 4.925272 3.583347 2.129549 1.262158 .8141963 .1274846 -.9929849 -1.963877 -2.748821 -3.313746 -3.478086 -3.401244
-1.307608 -1.139512 -1.039655 -1.126324 -1.200889 -1.181106 -1.226969 -1.306191 -1.271047 -1.232823 -1.17909 -1.156869 -1.13027 -1.09983 -1.054438 -1.006411 -.9790933 -.9767221 -.9303851 -.8224981 -.7309541 -.6095988 -.5319679 -.4575871 -.3833574 -.3013172 -.08973553 .2205227 .630653 1.227902 1.713117 2.203606 2.69589 3.30917 3.952589 4.387681 4.699939 4.916945 5.160926 5.318694 5.472989 5.576183 5.557798 5.176098 4.813764 4.611104 4.518754 4.541832 4.792785 5.031638 4.80019 3.858937 2.499371 1.579617 1.104686 .5282019 -.6146263 -1.845897 -2.745079 -3.41181 -3.703106 -3.652649
-1.272784 -1.126472 -1.197929 -1.301922 -1.383444 -1.423319 -1.379771 -1.310569 -1.263078 -1.210701 -1.180948 -1.148678 -1.096337 -1.021075 -.9916325 -.9614267 -.919856 -.9505663 -.8381895 -.7486562 -.6550232 -.601741 -.464466 -.3740193 -.2443473 -.05752526 .1649275 .4635722 .7675419 1.138003 1.60502 2.07755 2.564436 3.133962 3.801944 4.349286 4.711957 4.977159 5.222078 5.402439 5.512617 5.667598 5.62222 5.342628 4.795294 4.467414 4.270335 4.057806 3.881465 4.075147 4.20721 3.950398 3.016171 2.026523 1.365094 .7553499 -.2994232 -1.696781 -2.786853 -3.579985 -3.934664 -4.010787
-1.236107 -1.22623 -1.345061 -1.453014 -1.504957 -1.483531 -1.406181 -1.321634 -1.251152 -1.175799 -1.160911 -1.113155 -1.051726 -1.009152 -.953576 -.9315043 -.911409 -.8954818 -.8118837 -.6934884 -.6609643 -.5760242 -.4070403 -.227267 -.05976486 .2230778 .5274321 .7529618 1.019577 1.244869 1.573154 1.883121 2.306603 2.899333 3.565434 4.193871 4.536799 4.873998 5.172469 5.410555 5.565113 5.673949 5.676487 5.425151 4.957587 4.438596 4.136556 3.78665 3.349656 3.148906 3.306881 3.628573 3.44104 2.545296 1.581713 .8030974 -.2281074 -1.661385 -2.900421 -3.721377 -4.138804 -4.162092
-1.204034 -1.310883 -1.447087 -1.540577 -1.570068 -1.549111 -1.440853 -1.360622 -1.250505 -1.176267 -1.150226 -1.096038 -1.057373 -.997015 -.974794 -.9343305 -.9112015 -.8215383 -.7153568 -.6666358 -.6699282 -.5426631 -.3664704 -.1173342 .1418154 .4803329 .7901123 1.089659 1.35324 1.463808 1.609776 1.827383 2.195154 2.70708 3.316832 3.809441 4.1717 4.544177 4.928651 5.236376 5.443105 5.621072 5.747264 5.706935 5.172736 4.634256 4.08171 3.603981 3.085539 2.637879 2.586229 3.027166 3.358271 2.847592 1.750327 .6347265 -.5005913 -1.886536 -3.110826 -3.895226 -4.251135 -4.069233
-1.199329 -1.342408 -1.496143 -1.613598 -1.642852 -1.595071 -1.509034 -1.403652 -1.283894 -1.202009 -1.16037 -1.103399 -1.040293 -1.001604 -.985428 -.9336584 -.8495898 -.7540668 -.6707006 -.6184778 -.5489038 -.4235915 -.2562663 -.03378953 .2384552 .5841093 .9651301 1.346525 1.672198 1.804222 1.855665 1.944145 2.218481 2.579826 3.038663 3.378469 3.735376 4.126157 4.546126 4.913913 5.158018 5.412918 5.770742 5.892834 5.565368 4.873937 4.178483 3.539719 3.032569 2.433049 1.983181 2.230867 2.711526 2.789648 1.950853 .5386648 -.9294401 -2.216724 -3.366509 -4.064663 -4.054754 -3.744399
-1.262147 -1.379928 -1.548372 -1.674052 -1.667152 -1.646067 -1.561961 -1.471721 -1.378346 -1.269682 -1.176598 -1.140448 -1.077244 -1.034084 -.9966138 -.9033307 -.7926838 -.6549423 -.5924209 -.5520987 -.4770425 -.3132062 -.1972431 -.07445434 .1825563 .5184549 1.025507 1.487911 1.884705 2.084931 2.154132 2.256898 2.418352 2.53572 2.769213 2.997263 3.23263 3.626399 4.156272 4.525424 4.852905 5.203062 5.692499 5.98174 5.856596 5.293066 4.401689 3.696237 3.174108 2.572955 1.832628 1.588131 1.838055 2.016061 1.630991 .3822404 -1.151193 -2.512505 -3.599587 -4.159036 -4.051753 -3.609204
-1.298961 -1.393648 -1.5753 -1.696723 -1.738308 -1.66337 -1.559631 -1.512838 -1.400781 -1.335252 -1.238361 -1.160165 -1.119851 -1.076167 -.97663 -.8509744 -.7100655 -.5890612 -.4815585 -.4382331 -.3544882 -.2919875 -.3073603 -.217977 .0439018 .4297493 1.005006 1.4839 1.912483 2.20491 2.410107 2.562697 2.673248 2.673625 2.685284 2.742193 2.875585 3.089736 3.629974 4.027517 4.533289 5.092519 5.606956 5.957776 5.959998 5.518559 4.760872 3.93747 3.329903 2.766798 2.090163 1.441514 1.20585 1.116744 .9217223 .2035031 -1.018059 -2.466701 -3.553016 -4.236296 -4.352232 -4.081138
-1.290658 -1.43579 -1.594353 -1.686702 -1.733503 -1.66458 -1.588028 -1.527471 -1.436308 -1.367601 -1.295144 -1.215434 -1.133021 -1.100347 -.9807748 -.8297224 -.6596731 -.5073254 -.4244956 -.3803571 -.3286917 -.3210077 -.4465178 -.3425929 -.08743524 .4017967 .9054402 1.352129 1.788007 2.23526 2.584796 2.819397 2.904247 2.898335 2.81742 2.781905 2.74168 2.748923 3.075366 3.525692 3.964494 4.647242 5.293155 5.713619 5.833638 5.682588 5.190634 4.345771 3.61721 3.049751 2.423485 1.668171 1.044087 .5637614 .2300775 -.1923607 -1.007947 -2.099825 -3.054668 -3.88456 -4.354262 -4.504397
-1.350136 -1.425162 -1.578459 -1.700735 -1.687528 -1.648995 -1.576644 -1.558114 -1.482562 -1.399536 -1.31557 -1.234319 -1.136864 -1.077769 -.8788697 -.6954918 -.5395643 -.4208078 -.3790059 -.3734374 -.3888527 -.4488242 -.503661 -.3529715 -.03345602 .3964427 .7659511 1.157819 1.602192 2.081032 2.613082 3.02622 3.22281 3.224877 3.092956 2.963069 2.782068 2.672225 2.749373 3.072794 3.514704 4.009487 4.56199 4.980909 5.254043 5.410675 5.22236 4.583312 3.892637 3.349424 2.816049 1.897062 1.015127 .3449922 -.1015934 -.4776729 -.8369504 -1.600415 -2.497049 -3.32705 -4.034332 -4.493658
-1.386938 -1.386513 -1.521572 -1.637663 -1.602746 -1.588271 -1.61156 -1.62255 -1.54259 -1.461403 -1.341423 -1.207744 -1.092866 -.9913393 -.7574431 -.5555099 -.4628331 -.3966704 -.3887817 -.3671381 -.4238336 -.448438 -.3823496 -.2106521 .08438428 .3303347 .6250997 .9455553 1.400306 1.940348 2.41255 2.920865 3.451906 3.571532 3.49606 3.229023 3.010623 2.728202 2.690696 2.780231 3.091691 3.539081 3.856546 4.168891 4.443867 4.714605 4.751614 4.310248 3.687078 3.240108 2.731389 1.865042 .9623197 .4118508 .1073484 -.1879572 -.5325406 -1.087221 -1.915479 -2.770397 -3.5999 -4.191727
-1.459836 -1.442927 -1.450006 -1.517192 -1.437408 -1.516024 -1.648285 -1.679073 -1.614987 -1.50326 -1.371235 -1.205526 -1.046896 -.8509323 -.6596215 -.4917132 -.53328 -.4664825 -.3875534 -.3813695 -.3505021 -.3358976 -.1761769 -.0805109 .1739611 .2816381 .5342667 .7634764 1.148727 1.607161 2.219319 2.923094 3.468825 3.799366 3.777382 3.586648 3.305967 2.992708 2.796623 2.823527 2.87996 3.105294 3.32491 3.474732 3.723875 3.934972 3.984754 3.742245 3.224879 2.674896 2.11483 1.533551 .9759691 .7791272 .8069605 .6906061 .311498 -.3957159 -1.212617 -2.116258 -3.021699 -3.746223
-1.544508 -1.532369 -1.495453 -1.397653 -1.36943 -1.469925 -1.691305 -1.712425 -1.607277 -1.467557 -1.341793 -1.191456 -.9980694 -.8203434 -.5949901 -.5477192 -.6039612 -.5640622 -.4770206 -.3988524 -.2875342 -.2153933 -.04753292 .07356635 .1565275 .300149 .4261173 .6214421 .976759 1.538134 2.161879 2.889082 3.579522 3.895391 3.926216 3.859278 3.611388 3.265411 3.003867 2.894666 2.758191 2.785571 2.820104 2.977806 3.145863 3.29134 3.332849 3.144383 2.67119 2.059617 1.440908 .9642407 .6621367 .7223579 1.104198 1.389313 1.295423 .5422084 -.3496006 -1.337711 -2.295788 -3.117922
-1.608221 -1.589369 -1.480751 -1.463524 -1.442969 -1.478647 -1.66185 -1.64689 -1.503746 -1.467147 -1.334944 -1.208578 -1.007214 -.8515563 -.6603085 -.575152 -.6942329 -.6425872 -.5479262 -.4227073 -.2937725 -.141702 .09415248 .2089748 .3009423 .4144988 .4510292 .6269264 .9511803 1.506623 2.132706 2.70434 3.398898 3.789506 3.893454 3.871879 3.743217 3.522434 3.277812 3.023674 2.810424 2.564847 2.418287 2.495177 2.610296 2.706431 2.824146 2.670218 2.372711 1.836635 1.284478 .7571323 .4589357 .362734 .7287102 1.309981 1.673941 1.395208 .6482238 -.3514804 -1.362917 -2.323988
-1.688275 -1.660836 -1.557619 -1.536993 -1.523211 -1.485262 -1.620049 -1.520069 -1.42646 -1.444357 -1.335439 -1.230192 -1.108165 -.9509497 -.7348044 -.651554 -.7591905 -.6964568 -.6182306 -.4795791 -.3144161 -.06406005 .1870172 .3451003 .4734068 .5602559 .6675081 .7852208 1.149632 1.659144 2.193143 2.712383 3.192995 3.61415 3.763295 3.795604 3.775937 3.637174 3.449034 3.191828 2.839972 2.446157 2.200429 2.124449 2.039369 2.121988 2.248526 2.243455 2.134589 1.798381 1.377274 .9263314 .5291489 .2798199 .3535319 .7906504 1.464182 1.849831 1.538973 .6947386 -.3746699 -1.49087
-1.770112 -1.716787 -1.660521 -1.667239 -1.677895 -1.659011 -1.564877 -1.419752 -1.374511 -1.41997 -1.371242 -1.293374 -1.19931 -1.126954 -1.024772 -.8665696 -.7991549 -.7147506 -.644217 -.559456 -.3133281 -.06074349 .2603404 .4730416 .6230314 .7219614 .8665556 1.146036 1.509667 1.972629 2.430831 2.915665 3.244043 3.428267 3.627203 3.684085 3.688048 3.601771 3.381685 3.097046 2.709456 2.254782 1.932344 1.580922 1.473628 1.374198 1.618749 1.826498 2.052997 1.872614 1.506249 1.117677 .7078652 .3289331 .04306388 .3044246 1.206311 1.961478 2.103949 1.505037 .4978784 -.7729275
-1.851125 -1.789152 -1.742235 -1.729952 -1.813363 -1.738215 -1.60059 -1.468002 -1.439057 -1.417917 -1.405595 -1.346536 -1.272058 -1.284451 -1.207241 -1.051572 -.8692957 -.7371778 -.6345949 -.5551916 -.3564111 -.09925203 .2394949 .4705416 .6418401 .7762367 .9583634 1.346801 1.81799 2.35709 2.81121 3.152457 3.410482 3.505965 3.57648 3.614762 3.555735 3.440752 3.1942 2.816525 2.383419 1.891472 1.407484 1.056545 .9081248 .9769796 1.238471 1.65838 1.969247 1.931318 1.525322 1.031382 .5518105 .0967208 -.1538203 .2427338 1.167807 1.970241 2.430044 2.089031 1.13478 -.2293574
-1.909395 -1.885719 -1.843391 -1.828752 -1.899538 -1.819389 -1.676704 -1.54231 -1.497907 -1.44517 -1.423705 -1.409893 -1.366049 -1.314804 -1.23349 -1.049811 -.9405703 -.7728361 -.6828582 -.5397188 -.2976612 -.0618259 .2007742 .4578633 .5864868 .6792359 .9221921 1.386782 2.052994 2.760995 3.315934 3.497809 3.628147 3.625927 3.534384 3.474597 3.411926 3.201459 2.79695 2.465877 2.028039 1.436623 1.097421 .9396465 .9049911 1.031023 1.107795 1.365191 1.703498 1.686237 1.333902 .8528944 .2941738 -.04872667 -.03254804 .3672247 .947224 1.645141 2.069032 2.048978 1.307001 .07948469
-1.9978 -2.001206 -1.971015 -1.965998 -2.028603 -1.95456 -1.80324 -1.667447 -1.566629 -1.477238 -1.431903 -1.38936 -1.408292 -1.356172 -1.25607 -1.120437 -.9982288 -.8580943 -.7250162 -.5205836 -.2118621 -.02473279 .2519005 .3960851 .4366666 .5775955 .894572 1.522792 2.370168 3.254888 3.77717 3.891778 3.858318 3.675556 3.438331 3.297383 3.157882 2.832319 2.35336 2.021917 1.568374 1.166649 1.089527 1.159133 1.28535 1.31936 1.211647 1.124492 1.1204 1.118356 .9772171 .6798931 .3446801 .1155123 .1967247 .4468712 .7725012 1.169413 1.380933 1.324639 .7995035 -.08757795
-2.134113 -2.133252 -2.122845 -2.149742 -2.156116 -2.041463 -1.904893 -1.727473 -1.584975 -1.5287 -1.454036 -1.4291 -1.434607 -1.399591 -1.29174 -1.168326 -1.060752 -.9582798 -.7414303 -.4614343 -.214019 .02235706 .2242983 .3134075 .4431282 .6528818 1.090771 1.763541 2.760516 3.66152 3.999155 4.017809 3.943314 3.638529 3.42226 3.21144 2.8658 2.407022 1.923313 1.532171 1.261158 1.222856 1.425516 1.570631 1.694348 1.675144 1.469916 1.202508 .8734799 .7747405 .7654368 .7168798 .6259282 .5656711 .5584955 .6798182 .8129711 .9411573 .913515 .6415635 .1030616 -.646593
-2.313442 -2.323435 -2.305783 -2.287516 -2.201166 -2.076512 -1.923282 -1.822275 -1.716918 -1.654341 -1.542602 -1.463899 -1.495654 -1.393291 -1.227106 -1.146221 -1.106273 -.9374521 -.7404314 -.4557025 -.1659466 .04209913 .2105647 .360575 .5851895 .9559119 1.499409 2.235704 3.134988 3.756703 4.007203 3.891265 3.769469 3.49804 3.31285 3.079126 2.674156 2.106584 1.624945 1.386283 1.343201 1.598621 1.971444 2.105079 2.050874 1.896666 1.687795 1.421475 1.033763 .8057879 .7931651 .8492519 .8966598 .893904 .9314278 .8814481 .8894511 .7707651 .4824363 .08390583 -.4363554 -1.100904
