py_wake/examples/data/AJ_ParqueFicticio/Rough survey   Sector 3   Height 30m   Mean speed.grd
DSAA
73  159
 258469   265669
 6501692   6517492
 .0483088   10.46584
[rows 112 to 139 of 159, columns 0 to 62 of 73]
4.749516 4.727626 4.665658 4.96853 5.341765 5.710773 6.044021 6.483611 7.118573 7.552526 7.977852 8.421583 8.19529 7.799555 7.196931 6.053778 5.62317 6.284624 6.730163 6.486504 5.884217 5.562104 4.785599 4.774029 6.065304 6.866656 7.071284 6.043818 4.513657 3.367829 2.634657 2.415751 2.411468 2.725676 2.897439 3.035298 3.509535 4.422952 5.660385 6.45999 7.276577 7.843454 7.7701 6.599813 5.656717 4.899172 4.491806 4.143749 4.170732 5.175264 5.757826 5.172874 3.955846 3.125014 2.697074 2.637141 2.678066 2.752522 2.808904 2.538547 1.167395 1.065429 1.308044
4.453619 4.71434 4.861772 5.184291 5.522934 5.904652 6.438716 7.089414 7.602853 7.808496 8.167257 8.627635 8.397327 7.776074 6.676185 5.43578 5.737415 6.692022 6.921392 6.344499 5.761297 5.378805 4.86833 4.974579 6.322675 6.921318 6.473125 5.102691 3.873064 3.102344 2.473227 2.548825 2.867892 2.959675 3.097009 3.401512 4.05115 4.919588 6.18019 7.034142 7.79816 8.15809 7.699309 6.323766 5.398732 4.77309 4.538932 4.351487 4.280284 4.713493 4.983716 4.426522 3.475106 2.926547 2.615045 2.731255 2.76575 2.840887 2.666846 2.429477 2.066583 1.350376 1.634948
4.434907 4.895085 5.153038 5.399266 5.708734 6.213661 6.928476 7.506615 7.749137 7.873383 8.478342 8.710928 8.240211 7.145684 5.850354 5.25239 6.128568 6.965003 6.801522 6.144827 5.886369 5.528103 5.113678 5.082546 6.160074 6.570094 5.893242 4.585861 3.422708 2.830878 2.684932 2.899559 3.179393 3.235346 3.371582 3.718545 4.550747 5.742442 6.913859 7.654208 8.244564 8.277529 7.340036 6.036958 5.262671 4.856541 4.568121 4.283747 4.212207 4.215527 4.232373 3.966512 3.247603 2.905339 2.816536 2.84129 2.868062 2.838584 2.698173 2.516879 2.36888 2.108151 1.829295
4.716635 5.086078 5.324158 5.566343 5.917896 6.596698 7.263138 7.550171 7.758777 8.129812 8.715145 8.482751 7.789667 6.408919 5.523468 5.705293 6.785659 7.129201 6.854168 6.343139 6.157931 5.912178 5.250026 5.196489 5.661479 5.958738 5.232852 3.987378 2.898294 2.816169 3.02703 3.245077 3.294894 3.252147 3.44634 4.219223 5.320875 6.742584 7.744579 8.059326 8.190868 8.054903 6.956108 5.936906 5.266631 4.925088 4.522782 4.157055 3.940787 3.82676 3.754503 3.547523 3.151595 3.064467 3.041956 2.981604 2.95787 2.881833 2.783017 2.620322 2.564161 2.459598 2.36299
4.865921 5.161335 5.287312 5.528478 6.09637 6.827627 7.311971 7.557011 8.043256 8.352598 8.758177 8.384477 7.394416 6.227373 5.960346 6.50844 7.183521 7.391526 7.073295 6.710826 6.396657 5.933303 5.295836 4.991347 5.135939 5.39827 4.867924 3.558799 2.933146 3.108974 3.403516 3.408349 3.109518 3.283146 3.920918 5.04213 6.555461 7.50756 8.33103 8.172458 8.076792 7.605339 6.606604 5.789454 5.188394 4.836878 4.431597 4.045488 3.700498 3.465747 3.418005 3.361 3.22735 3.133848 3.048132 3.021955 2.961372 2.916486 2.853389 2.686558 2.618546 2.567 2.535154
4.959001 5.092473 5.198391 5.460008 6.070275 6.737347 7.205185 7.796911 8.401893 8.854025 8.776502 8.085578 7.245709 6.411317 6.374573 6.96668 7.378223 7.565175 7.294953 6.877251 6.336688 5.650683 5.146399 4.739905 4.658388 4.804899 4.383453 3.189598 3.085536 3.787913 3.797139 3.356362 3.315978 4.269163 5.042767 6.017148 7.225181 8.319865 8.495863 8.016185 7.352192 6.662411 5.818845 5.267796 4.816036 4.498494 4.236485 3.833937 3.45241 3.165214 3.102571 3.157167 3.168587 3.032838 3.036297 2.95251 2.924591 2.911044 2.784968 2.625708 2.679143 2.555293 2.623674
4.814947 4.872467 5.071833 5.507722 6.115336 6.76426 7.407721 8.11279 8.682198 8.978239 8.502168 7.971887 7.060982 6.410928 6.511192 7.007112 7.388575 7.45409 6.924324 6.436859 5.821191 5.121541 4.683392 4.40626 4.547688 4.340464 3.882461 3.513158 3.721514 4.188755 3.936508 3.417803 4.005996 4.987177 5.14458 5.939984 7.193065 8.199037 8.418112 7.376373 6.39016 5.64618 4.79743 4.551626 4.090281 3.845043 3.566051 3.227998 3.095665 2.941919 2.921605 3.064377 3.119388 3.009685 3.035722 2.932198 2.98313 2.946079 2.822727 2.613757 2.340273 2.329344 2.354797
4.347738 4.585559 5.03371 5.69851 6.43259 7.234831 7.916153 8.465743 8.728763 8.7999 8.264821 7.462577 6.728529 6.184555 6.262796 6.583616 6.985296 6.732936 6.231591 5.778344 5.208137 4.511903 4.004924 4.040982 4.258434 4.256421 3.718574 3.735407 4.164016 4.395161 3.695664 3.377388 4.442914 4.886493 4.755589 5.804543 6.982235 7.672118 7.591521 6.669307 5.601802 4.814858 4.17393 4.312572 3.717886 3.42938 3.125553 2.791281 2.683407 2.664701 2.846105 3.043061 3.059986 3.054547 3.037064 3.021732 3.080425 3.06815 2.83598 2.363877 1.777725 1.709346 1.752714
4.538119 4.967831 5.553459 6.423436 7.194022 7.872983 8.530893 8.960176 8.849739 8.404838 7.472243 6.86745 6.323103 6.033135 6.186959 6.312789 6.272767 5.839589 5.330347 5.02809 4.751949 4.31848 4.046986 4.206668 4.460206 4.133543 3.88664 3.790976 3.985785 4.061144 3.34953 3.63292 4.570173 4.27368 4.531229 5.901349 7.065162 7.46572 7.086522 6.115949 5.126791 4.332852 4.081694 4.086215 3.586721 3.098574 2.812979 2.662465 2.604822 2.610799 2.763683 2.940654 2.977921 3.037306 3.02925 3.127348 3.060367 3.069656 2.266093 1.518328 1.303854 1.61079 1.646866
5.299649 5.782016 6.438997 7.214023 7.907701 8.550935 9.222447 9.309813 8.716352 7.479218 6.627916 6.220419 5.901824 5.788299 6.221941 6.247834 5.795911 5.514521 5.106017 4.843084 4.534254 4.32573 4.059188 4.522786 4.395466 3.891117 3.791405 3.952942 3.851083 3.63094 3.342081 3.847088 4.067655 3.769746 4.802453 6.40569 7.697757 7.811021 6.801322 5.460649 4.753832 4.033607 3.913538 3.760777 3.385667 3.005124 2.805185 2.719142 2.724646 2.780202 2.974706 2.921326 3.002256 2.986496 3.047972 2.885391 2.912801 2.214976 1.168595 .9427084 1.225901 1.432575 1.794139
5.594328 6.100125 6.941599 7.778157 8.503552 9.274872 9.619628 9.485077 7.965711 6.832528 6.397867 5.87406 5.545068 5.922227 5.928478 5.801359 5.240961 5.034726 4.746573 4.545448 4.360964 3.925737 4.123199 4.222627 4.257575 3.756412 3.953551 3.927917 4.009442 3.431576 3.494145 3.715377 3.507349 4.047415 5.812507 7.442367 8.12545 7.824309 6.370419 5.07033 4.19934 3.681791 3.52142 3.42746 3.22261 3.011625 2.943552 2.887218 2.85562 2.949287 2.936953 2.99892 2.91667 2.936479 2.747797 2.563229 2.274939 1.338137 .8113083 1.015876 1.717468 2.161922 2.62562
5.809279 6.463278 7.556816 8.395382 9.240422 9.70076 9.878348 9.149238 7.183888 6.402625 6.146712 5.882295 5.590957 5.56966 5.495967 5.298296 5.032617 4.593448 4.215045 4.004335 3.891662 3.783764 4.032492 4.281656 4.029027 3.982444 3.79009 4.032087 4.06262 3.544567 3.34423 3.393496 3.894409 5.241243 6.801654 7.802113 7.909345 6.992096 5.616966 4.517587 3.792266 3.220194 3.083389 3.117145 3.125229 3.102048 2.964006 2.994459 2.983028 2.957452 2.946478 2.900099 2.893257 2.714728 2.34462 1.959105 1.57949 .9371607 1.061969 1.775723 2.454906 2.720215 3.129587
6.275682 7.256484 8.176338 8.927332 9.647119 10.02535 9.65093 8.29943 6.605694 6.06421 6.286716 5.749479 5.633609 5.596495 5.522446 5.199195 4.983705 4.769979 4.480232 4.370278 4.258845 4.348609 4.56197 4.491777 4.022319 3.742612 3.776895 4.102391 4.333743 3.795629 3.126449 3.426012 4.617491 5.991987 7.078311 7.560572 7.132015 6.041561 5.011954 4.042958 3.392917 3.131986 3.078425 3.207297 3.197091 3.042482 3.075602 3.093985 3.032066 2.955041 2.944712 2.877205 2.730887 2.298428 1.798023 1.364059 1.000025 1.416394 1.816885 2.427525 2.780651 3.14597 3.417624
6.782163 7.675066 8.542602 9.184448 9.74035 9.289597 8.501037 7.309728 6.189145 5.896339 6.192202 5.739538 5.5822 5.727041 5.472727 5.277915 4.937842 4.814515 4.65048 4.912401 4.982654 5.117902 4.921687 4.240574 3.661273 3.498979 3.67077 4.586136 4.885946 4.236065 3.122157 3.662585 4.926011 6.060164 6.867924 7.020818 6.292765 5.405672 4.610601 3.799351 3.251459 3.085644 3.093676 3.178105 3.237658 3.178783 3.159001 3.19815 3.185336 3.007424 2.912168 2.667561 2.153253 1.419734 1.121693 1.301206 1.352457 1.761412 2.513635 2.850191 3.014735 3.352347 3.772632
7.489073 8.185059 8.890752 9.398438 9.38658 8.465837 7.471157 6.892946 6.317782 5.867981 5.938109 5.639165 5.654268 5.519265 5.297435 5.148082 4.844108 4.663481 5.000124 5.297106 5.251617 5.138956 4.531444 3.646706 3.453561 3.736821 4.525959 5.103707 5.368923 4.449628 2.961869 3.412482 4.849098 6.090801 6.69783 6.486862 5.705698 5.063062 4.3998 3.620727 3.198208 3.10289 3.057408 3.179622 3.108478 3.100927 3.147914 3.200706 3.013791 2.944896 2.630263 2.030393 1.105116 1.018589 1.269428 1.45226 1.606171 2.353954 3.568852 3.104566 3.015912 3.701771 3.844178
8.019364 8.675598 9.253551 9.322334 8.752553 7.803597 7.00344 6.654238 6.22852 5.781897 5.594629 5.628676 5.607711 5.028808 4.915442 5.10854 4.932839 5.043227 5.216927 5.233127 4.857698 4.548904 3.847976 3.327031 3.404035 4.049418 4.809578 5.362174 5.290811 4.518681 3.129658 3.135861 4.989508 6.265761 6.615795 6.010706 5.258453 4.778867 4.1226 3.353708 2.958196 3.051623 3.123061 3.146326 3.107991 3.068867 3.009205 3.136568 3.01356 2.750905 2.139141 1.080546 .9308264 1.04088 1.388171 1.684152 2.508771 3.809847 4.028338 3.13511 3.049189 3.80025 3.713488
8.298167 9.010726 9.308254 9.226544 8.540393 7.164467 6.643039 6.286378 5.841342 5.670114 5.711941 5.343992 5.285166 4.757811 4.833225 5.199801 5.037125 5.255027 5.2714 4.903457 4.349241 4.123577 3.439406 3.011199 3.444334 4.068338 4.739869 4.92319 4.795485 4.416907 3.095512 3.524246 5.349591 6.168486 6.162143 5.33791 4.688748 4.145792 3.614156 3.07886 2.925254 2.989311 3.006025 3.113929 3.197328 3.127794 3.043483 3.068936 3.108529 2.68175 1.94393 1.051222 .7281277 1.137656 2.103628 2.795288 3.543552 4.042312 3.960256 3.132685 3.110218 3.563885 3.502437
8.891445 9.526773 9.561117 9.004939 7.708421 6.207 6.042807 5.790617 5.241181 5.204634 5.393907 5.090006 5.048256 4.979946 4.927384 5.160913 4.967913 5.045756 5.042356 4.456544 4.008155 3.942143 3.190886 2.860552 3.44591 4.061504 4.406603 4.255831 4.145305 4.037291 3.631484 3.969422 5.242502 5.60734 5.319097 4.631655 3.949519 3.439981 3.193734 2.915334 2.950778 2.940353 3.004724 3.00259 3.208423 3.194956 3.213058 3.139782 3.063163 2.724501 1.628228 1.004423 .7970747 1.995623 2.942146 3.448764 3.549249 3.614481 3.468396 3.10859 3.178511 3.279281 3.348073
9.727076 9.939313 9.421138 8.297331 6.579264 5.541748 5.740309 5.363577 5.058956 5.000536 5.117287 5.202069 5.009039 5.165245 5.150195 4.95285 4.89313 4.797651 4.67959 4.157553 3.847852 3.824673 3.035321 2.903033 3.530774 4.039923 4.281113 4.263175 4.262036 4.254862 3.999793 4.278313 4.872334 5.117273 4.627341 3.986309 3.381941 3.262103 3.296479 3.265857 3.140552 3.009682 3.054403 3.138102 3.214843 3.250534 3.367637 3.300218 3.000176 2.418115 1.221005 1.102628 1.177772 2.71812 3.394296 3.389284 3.37921 3.45983 3.487878 3.246808 3.354825 3.365907 3.3837
10.46584 9.782294 8.708152 7.53195 5.873802 5.464674 5.729831 5.444839 5.432867 5.405615 5.452013 5.562968 5.397074 4.898627 4.991896 4.714126 4.969991 4.781572 4.431816 4.116568 3.837315 3.69263 3.051561 3.002708 3.521517 4.019605 4.423279 4.685118 4.758165 4.475174 4.101259 4.221869 4.704679 4.702261 4.400359 3.71739 3.394395 3.365276 3.445535 3.496735 3.217988 3.194468 3.201483 3.361787 3.50038 3.59347 3.507778 3.415026 3.027061 1.938498 1.11374 1.341795 2.148801 3.268484 3.390691 3.284204 3.298065 3.524988 3.442145 3.45384 3.565264 3.412333 3.598194
10.34983 9.030525 7.8683 6.955105 5.555314 5.376705 5.492874 5.525567 5.726166 5.688949 5.717744 5.693838 5.380706 4.811035 4.636126 4.936338 4.887097 4.916018 4.34079 3.949526 3.639271 3.561405 3.136615 3.006884 3.548887 4.210439 4.812861 5.259413 5.125659 4.437148 4.001551 4.077613 4.662005 4.667123 4.514443 3.921929 3.72761 3.591231 3.577022 3.553703 3.435919 3.406221 3.344339 3.527917 3.753696 3.647685 3.533578 3.38933 2.669931 1.369472 1.650845 1.790557 2.668578 3.30738 3.359706 3.215934 3.279195 3.46434 3.520708 3.571772 3.424255 3.432661 3.626368
9.895377 8.197895 7.096034 6.216615 5.027863 5.058033 5.370293 5.539038 5.658716 5.69633 5.458738 5.298653 5.122588 4.839126 4.484713 4.944523 4.774021 4.584238 4.195064 3.873167 3.554007 3.315568 3.084369 3.110194 3.675207 4.444938 5.046114 5.379176 5.005721 4.285909 3.984936 4.19802 4.440613 4.352918 4.279923 3.983355 3.856113 3.499619 3.420541 3.408009 3.491031 3.408633 3.499319 3.751777 3.830794 3.663916 3.401518 3.124516 2.195554 1.696453 2.078976 2.234828 2.486917 3.10919 3.285983 3.298206 3.256732 3.285123 3.426766 3.640729 3.501662 3.366941 3.683946
9.163213 7.493034 6.370646 5.51129 4.883379 5.359692 5.620761 5.750483 5.776577 5.842827 5.440189 5.033772 4.77839 4.594637 4.305565 4.679591 4.492449 4.170563 3.943196 3.852547 3.534346 3.295726 3.045831 3.122381 3.660615 4.532733 5.105312 5.321106 4.722848 4.144672 3.914487 4.141836 4.019027 4.17925 3.87304 3.722219 3.45384 3.424411 3.305337 3.309466 3.368908 3.436498 3.634246 3.755998 3.746622 3.491098 3.141535 2.805829 1.949256 1.832255 2.305249 2.540756 2.56971 2.958583 3.452626 3.425015 3.382749 3.336239 3.469368 3.580409 3.475317 3.493214 3.646703
8.48535 7.090707 5.813698 5.03132 5.210789 5.933297 6.164715 5.908027 5.894205 5.757697 5.400035 4.951241 4.564937 4.259756 4.416212 4.339991 4.358247 4.002621 3.892516 3.78517 3.473132 3.277136 3.045358 3.145349 3.734265 4.738512 5.206856 5.282506 4.670268 4.083603 3.820418 3.887997 3.878306 3.910009 3.664507 3.354901 3.211652 3.124241 3.132419 3.287684 3.425272 3.56943 3.686423 3.663399 3.465968 3.163791 2.677355 2.318784 1.958028 1.893225 2.497341 2.738947 2.813627 2.813665 3.515342 3.538646 3.514045 3.525306 3.458622 3.545924 3.532074 3.539344 3.644699
7.920279 6.746714 5.42231 4.796054 5.468406 5.924008 5.790938 5.450323 5.617579 5.523102 5.166111 4.80266 4.606436 4.219542 4.002278 4.227347 4.26967 3.800313 3.892864 3.671801 3.41424 3.354207 3.106747 3.171449 4.078351 5.033726 5.4158 5.220765 4.405294 3.936438 3.781241 3.774236 3.631631 3.571229 3.368046 3.263754 3.161065 2.915965 3.137423 3.332354 3.483601 3.649639 3.739944 3.357409 3.078214 2.734014 2.350881 2.27596 2.262154 2.481866 2.772103 2.949027 2.939884 3.026908 3.400295 3.573012 3.56254 3.581697 3.537498 3.4617 3.57558 3.581566 3.625996
7.245388 6.192164 5.188902 4.526654 5.371651 5.298419 5.015752 5.166975 5.379862 5.168327 4.750842 4.529565 4.563497 4.203841 3.895273 3.911045 3.754526 3.712923 3.651839 3.507974 3.549835 3.545023 3.188823 3.239383 4.365417 5.16394 5.479305 4.976882 4.212849 3.699362 3.585958 3.564558 3.512352 3.28307 3.251837 3.145468 3.113897 3.048577 3.190125 3.384189 3.532362 3.707955 3.763454 3.219914 2.932439 2.727961 2.623119 2.661704 2.924231 2.791733 2.824814 2.960859 2.999418 3.172759 3.314819 3.484499 3.529158 3.56422 3.471878 3.360831 3.532205 3.626404 3.628731
6.418654 5.521182 4.898061 4.256846 4.765429 4.524319 4.798604 5.149205 5.16409 4.776006 4.412666 4.340321 4.400968 4.023696 3.632508 3.837025 3.660931 3.567605 3.563891 3.664876 3.602263 3.55052 3.352532 3.756119 4.568684 5.03789 5.295414 4.670568 3.997332 3.516657 3.391061 3.432208 3.434002 3.355431 3.16495 3.168293 3.105595 3.195685 3.301077 3.369223 3.568012 3.7586 3.5464 3.217189 2.989439 2.864806 2.884868 2.9907 3.190275 2.800733 2.595278 2.687653 3.024843 3.2722 3.335449 3.378929 3.44274 3.449153 3.33192 3.390129 3.440395 3.631927 3.70044
5.796886 5.17479 4.756319 3.914294 3.922525 4.33426 4.980729 5.298655 4.987012 4.60949 4.420118 4.304668 4.165947 3.899394 3.602993 3.737895 3.609442 3.341429 3.635123 3.915901 3.890549 3.794074 3.722678 4.049366 4.511685 4.80301 4.840402 4.411705 3.800584 3.482896 3.420459 3.334065 3.469374 3.344913 3.217088 3.189948 3.16384 3.334323 3.420522 3.345863 3.525428 3.610753 3.398492 2.942134 2.849934 2.880089 2.958506 3.026283 2.976362 2.599596 2.687274 2.912489 3.192965 3.412508 3.28899 3.243898 3.345863 3.446945 3.382705 3.375083 3.515979 3.600602 3.823293
