py_wake/examples/data/AJ_ParqueFicticio/Rough survey   Sector 4   Height 30m   Weibull-A.grd
DSAA
73  159
 258469   265669
 6501692   6517492
 .2238723   12.80291
[rows 84 to 111 of 159, columns 0 to 62 of 73]
5.757313 5.753151 5.763514 5.786443 5.804208 5.874456 5.982669 6.058781 6.132614 6.182432 6.199762 6.203938 6.140642 6.051161 6.080352 6.028392 6.042558 5.990055 5.87675 6.073899 6.206098 6.280026 6.305467 6.415693 6.791437 7.532247 8.131365 8.488913 8.78608 8.681062 8.114976 7.737417 7.600337 7.192536 7.089031 6.065795 5.804067 5.818965 6.332115 7.056464 7.324375 7.150612 6.657682 6.122604 6.210792 6.103552 5.631827 5.467926 5.186595 5.202949 5.618812 5.943195 6.203563 6.392166 6.548461 6.30165 5.992211 5.483775 4.935021 4.472224 3.928941 3.536697 3.083603
5.781401 5.788271 5.768827 5.759377 5.771337 5.904787 5.985008 6.074521 6.109819 6.188517 6.237646 6.238581 6.226805 6.030097 6.101915 6.168078 6.198269 6.093377 5.93881 5.990499 6.073806 6.208173 6.292644 6.415467 7.015277 7.99051 8.589268 8.930505 8.762527 8.361226 7.762672 7.426579 7.55596 7.149656 6.76064 5.832037 5.702805 6.014442 6.845716 7.342738 7.490216 7.182369 6.905753 6.306291 6.206674 6.279058 5.851286 5.56791 5.10912 4.865262 5.246579 5.834492 6.185085 6.330445 6.476346 6.455445 5.986053 5.459498 5.003082 4.48162 3.807568 3.208121 2.626471
5.701165 5.717322 5.715007 5.718071 5.808073 5.911633 6.013105 6.025886 6.118665 6.199312 6.24516 6.177385 6.162549 6.075167 6.088607 6.188916 6.177665 6.120954 6.123244 6.039799 6.057545 6.109909 6.232574 6.31766 6.979868 8.10387 8.945964 9.139411 8.761748 8.148728 7.578099 7.275194 7.195921 6.946145 6.61872 5.872611 5.594211 6.194407 7.163057 7.389371 7.475228 7.279522 6.879909 6.489785 6.268348 6.179389 6.168142 5.846768 5.459879 4.67579 4.804103 5.387995 6.205567 6.206051 6.391382 6.585182 5.968271 5.448919 4.908847 4.447267 3.586567 2.882158 2.322497
5.583631 5.614233 5.620996 5.741808 5.824273 5.88254 5.993442 6.022239 6.093725 6.193299 6.195109 6.193118 6.212261 6.239303 6.174732 6.188096 6.176378 6.180847 6.165154 6.078834 6.14187 6.176384 6.283899 6.335774 6.767273 7.93194 9.1231 9.346193 8.960864 8.281928 7.510826 6.935958 6.884122 6.705859 6.48632 5.707401 5.440116 6.511863 7.162177 7.458603 7.514009 7.372521 7.147394 6.595047 6.354834 6.154528 6.138125 6.20036 5.66243 4.829731 4.629055 5.066226 5.842636 6.138411 6.273529 6.569124 5.918906 5.271574 4.739297 4.338406 3.188159 2.460468 2.256309
5.57608 5.561609 5.586831 5.756109 5.842667 5.888027 5.947286 5.969035 6.064732 6.190422 6.212024 6.213045 6.22129 6.288856 6.283584 6.182981 6.107828 6.213668 6.181992 6.156396 6.185389 6.312292 6.469325 6.681108 6.821556 7.582549 8.956936 9.618829 9.298715 8.410706 7.329995 6.757298 6.573223 6.398317 6.044597 5.513472 5.718662 6.703741 7.221529 7.507581 7.583284 7.491389 7.14705 6.672947 6.259328 6.114687 5.964285 6.251735 5.701562 5.044565 4.736217 4.914015 5.047906 5.740084 6.349586 6.446934 5.915053 5.002023 4.53191 4.092491 2.680372 2.316797 2.511366
5.587605 5.533217 5.619414 5.72015 5.848295 5.893782 5.986176 5.944763 6.034329 6.105881 6.224498 6.200864 6.216381 6.329868 6.368531 6.20638 6.142036 6.144294 6.145893 6.140291 6.220784 6.397366 6.717779 7.148683 7.339 7.458876 8.761717 9.890871 9.718284 8.455001 7.151567 6.544683 6.31959 6.021319 5.522621 5.475456 5.903571 6.862998 7.322829 7.621656 7.676404 7.585796 7.062806 6.529887 6.079532 6.192177 5.936746 5.943692 5.50191 5.071683 5.06585 5.034471 4.562344 5.074949 5.956844 6.366999 5.81299 4.791771 4.237993 3.933345 2.519966 2.291133 2.584003
5.543995 5.565679 5.672927 5.660941 5.800861 5.908325 5.988429 5.971666 6.042375 6.052553 6.208859 6.184861 6.249878 6.368296 6.42661 6.317885 6.189967 6.124485 6.179002 6.0558 6.229893 6.543668 6.999763 7.741386 8.022651 7.65283 8.547105 9.885076 9.777158 8.396201 6.995627 6.326604 6.140551 5.743564 5.130737 5.565561 5.765966 6.67793 7.468898 7.765177 7.838775 7.549602 6.920553 6.352333 6.354262 6.362827 6.277335 5.867226 5.317982 5.251697 5.622697 5.830744 5.169745 4.555515 4.970714 5.63479 5.469878 4.640378 4.079346 3.61216 2.537554 2.170854 2.652731
5.609071 5.596292 5.636828 5.639246 5.694869 5.863494 5.999862 6.071237 6.080349 6.105015 6.152179 6.171407 6.237618 6.349397 6.433791 6.325684 6.184328 6.188994 6.311416 6.118496 6.189071 6.745089 7.422419 8.282736 8.509604 8.064009 8.62915 9.803873 9.715786 8.187859 6.95454 6.316169 6.093362 5.156636 5.071709 5.770367 5.679826 6.235662 7.413124 8.140354 8.011655 7.437221 6.621467 6.43735 6.568775 6.406349 6.243898 5.649609 5.088651 5.186417 5.917201 6.182417 5.969912 5.327746 4.56064 4.611618 4.980176 4.680851 4.212147 3.422287 2.311291 1.877405 2.561033
5.571053 5.585648 5.626447 5.623052 5.628682 5.8588 6.03298 6.079372 6.159705 6.176872 6.178334 6.131169 6.223633 6.301726 6.35628 6.259221 6.119865 6.353518 6.736269 6.425813 5.986232 6.805885 7.92162 8.757579 8.860066 8.299907 8.806854 9.700693 9.564198 8.003161 6.860892 6.333003 5.939867 4.782881 5.284861 6.253944 5.837685 5.818734 7.080916 8.121743 8.052713 7.307545 6.611755 6.522824 6.626956 6.509003 6.020009 5.179705 5.0479 5.239865 5.912966 6.196708 5.929136 5.857228 5.00177 4.569621 4.621723 4.79199 4.426405 3.629975 1.919514 1.487959 2.190219
5.59436 5.612839 5.596642 5.570155 5.641022 5.856957 6.052375 6.121157 6.181296 6.243528 6.220613 6.114797 6.166656 6.295027 6.268735 6.228129 6.162063 6.662967 7.404984 7.093687 5.926706 6.289545 8.080739 9.121414 9.122697 8.448962 8.8097 9.555907 9.243567 7.768136 6.706153 6.120969 5.321989 4.467375 5.419575 6.48242 6.131783 5.655653 6.867085 8.030164 8.103945 7.347866 6.754722 6.521633 6.688638 6.299231 5.488686 5.185055 5.205391 5.456374 5.814859 5.991068 5.734303 5.680937 4.952209 4.578794 4.426739 4.75498 4.501011 3.611522 1.65347 1.152739 1.606289
5.537508 5.581397 5.585527 5.616268 5.646348 5.838156 6.057327 6.166847 6.228969 6.291472 6.271072 6.137793 6.201233 6.306762 6.304091 6.200711 6.281991 7.066342 8.137272 7.981096 6.491723 5.805884 7.648389 9.377327 9.447877 8.623422 8.735171 9.339309 9.068883 7.662826 6.628072 5.887771 4.872353 4.529836 5.824998 6.703634 6.115398 5.670312 6.663647 7.740348 7.80696 7.460563 6.879458 6.548902 6.427927 5.839948 5.412019 5.403548 5.534966 5.624837 5.803284 5.850308 5.478405 5.384603 4.955878 4.831831 4.720485 4.698637 4.4246 3.772647 1.967692 1.046465 .8185545
5.492929 5.597374 5.585413 5.659505 5.749146 5.839623 6.021736 6.218131 6.329167 6.31432 6.273133 6.202793 6.270722 6.394437 6.421527 6.263155 6.461764 7.596161 8.669096 8.761637 7.477616 6.047006 7.110663 9.28312 9.618125 8.727786 8.53961 8.916047 8.528426 7.584323 6.681387 5.796465 4.810715 4.57031 6.171104 6.914398 6.358341 5.734332 6.682701 7.756269 7.660476 7.306073 6.608105 6.294457 6.043875 5.794694 5.673135 5.490512 5.661909 5.665278 5.815143 5.71362 5.11693 5.051837 4.961554 4.994795 4.823049 4.522206 4.498422 3.929059 2.53105 1.096876 1.173728
5.429078 5.541975 5.656375 5.71612 5.82365 5.91604 6.020872 6.251579 6.361742 6.314801 6.252342 6.274496 6.362328 6.544241 6.641711 6.545868 6.591713 7.55905 8.97093 9.454074 8.359953 6.527345 6.957295 9.08152 9.444389 8.966265 8.150173 8.218835 8.005472 7.25325 6.591096 5.703092 4.720725 4.580651 6.129234 6.995493 6.637249 5.948065 6.361317 7.617944 7.330907 6.9986 6.33457 5.907248 5.913236 5.838524 5.852663 5.699773 5.738902 5.650232 5.908702 5.783609 5.091999 4.804898 4.91321 5.008633 4.733819 4.262579 4.363471 4.037271 3.012251 1.33071 1.338406
5.318764 5.570721 5.708791 5.793313 5.84906 6.063607 6.135325 6.185225 6.346306 6.349343 6.298509 6.364738 6.440885 6.795849 7.152296 7.032977 6.581879 7.181329 9.182814 9.819763 8.937499 7.068707 7.264628 8.9251 9.475297 8.665299 7.854923 7.626225 7.485745 7.090965 6.787898 5.957962 4.802396 4.471245 5.652138 6.917796 6.711481 6.185387 6.438694 7.29786 7.338644 6.778747 6.164403 5.868317 5.832105 5.851695 5.851583 5.571087 5.662596 5.610966 5.923056 5.787316 4.870278 4.907153 5.069947 5.202972 4.689611 4.268705 4.194557 3.800412 3.172905 1.988462 .6372041
5.298504 5.602459 5.805012 5.859296 5.78672 6.125682 6.337374 6.154724 6.284498 6.433239 6.399088 6.430282 6.56333 7.158296 7.869083 7.695777 6.794413 7.062887 9.125044 9.938804 9.098185 7.502682 7.643851 8.72152 9.412394 8.37506 7.25725 7.417476 7.925034 7.432332 6.759297 6.092294 4.789613 4.381383 5.238161 6.575126 6.545065 6.191376 6.332018 6.991222 7.151219 6.626144 6.004128 5.785006 5.909034 5.866312 5.766523 5.527099 5.566127 5.720622 5.532565 5.381066 5.214497 5.757452 5.191514 4.907067 4.48746 4.032007 3.904463 3.587383 3.102469 1.966588 .6264811
5.327024 5.634776 5.935729 5.985053 5.799387 6.051036 6.495715 6.286269 6.239806 6.534632 6.574175 6.596575 6.795066 7.640739 8.493848 8.357623 7.465382 7.477668 8.943721 9.882158 9.251356 7.943405 7.97841 8.589973 8.836688 7.752664 6.996681 7.868194 8.454645 7.827808 6.930237 6.07914 4.992198 4.57545 5.184525 6.08523 6.320816 5.97502 6.071547 6.86808 6.969811 6.506719 6.074654 5.69013 5.88193 5.695699 5.623987 5.076888 5.36975 5.432231 5.541409 5.558644 5.728556 6.149761 5.664488 5.258192 4.797273 4.105799 3.756208 3.327651 3.034823 2.102744 .7717098
5.563159 5.839674 6.064028 6.171728 5.983413 5.905307 6.48488 6.633584 6.300843 6.668737 6.880924 6.906796 7.22432 7.898633 8.784871 8.85939 8.399526 8.270651 8.943786 9.86889 9.384519 8.370235 8.077004 8.178888 7.958348 7.606684 7.615637 8.173285 8.55201 8.04692 7.033018 5.988564 4.967916 4.88203 5.523055 5.831792 5.928169 5.637073 5.897855 6.410704 6.62653 6.385693 6.011495 5.773087 5.591608 5.341824 5.12647 4.934575 5.545218 5.853419 5.791097 5.884957 5.975717 6.172164 5.85533 5.415495 4.924992 4.291527 3.602004 3.340237 2.944496 1.780512 .2930067
5.769354 6.082198 6.160107 6.331665 6.289832 5.924336 6.308192 6.982371 6.550673 6.799185 7.319593 7.257601 7.673638 8.213246 8.819835 9.175769 9.029066 9.066324 9.360396 9.864012 9.49161 8.58666 7.761185 7.539674 7.817895 8.129807 8.227026 8.265676 8.413372 7.913269 6.982894 5.902029 5.02458 5.011617 5.741974 5.832475 5.876713 5.639403 5.618838 5.832662 6.142097 6.162364 6.064056 6.202886 5.792842 4.941882 4.632524 4.947897 6.109399 6.519225 6.506737 6.328591 6.206073 6.063355 5.847266 5.470684 4.886944 4.475038 3.969432 3.587878 2.505105 .4099929 1.14417
5.854552 6.101048 6.257147 6.552417 6.774042 6.190008 6.040912 7.103292 6.969603 7.028416 7.768772 7.793576 7.994462 8.578683 8.858807 9.278151 9.250581 9.484953 9.817876 10.10024 9.554176 8.19531 7.494451 7.345609 8.160707 8.709619 8.753762 8.484068 8.115305 7.590548 6.897895 5.966688 5.262741 5.386351 5.703959 5.737928 5.805091 5.5773 5.607967 5.427669 5.913417 6.267335 6.468058 6.430967 5.812113 4.388156 4.093279 5.219935 6.582516 7.055705 7.116391 6.871627 6.504162 6.119308 5.744915 5.455564 4.829522 4.527501 3.984137 3.288844 1.53944 3.635628 2.405577
5.862218 6.061043 6.358083 6.950937 7.336761 6.577459 5.88838 6.995759 7.396921 7.405417 8.12452 8.370488 8.319495 8.968347 9.003676 9.310515 9.286752 9.523573 10.10961 10.2574 9.391227 8.158322 7.367949 7.540751 8.615877 9.060292 9.236803 8.373087 7.688036 7.214125 6.701567 6.019022 5.498405 5.364012 5.496838 5.571542 5.441039 5.082022 5.059321 5.252543 5.979217 6.670332 6.706524 6.729916 5.543463 3.826707 3.659393 5.047076 6.611123 7.362559 7.697011 7.679333 6.99117 6.222393 5.52145 5.110774 4.697143 4.29659 3.797715 2.891428 1.307073 2.791412 2.876733
5.62284 6.002523 6.516744 7.345505 7.782867 6.799914 6.087319 6.973888 7.50001 7.748965 8.401732 8.926167 9.001717 9.19986 9.047522 9.159351 9.25567 9.415816 10.07964 10.12687 9.315274 8.151968 7.468011 7.955167 9.024291 9.472001 9.475733 8.42885 7.698596 7.275858 6.717201 5.988771 5.367071 5.304017 5.476128 5.65358 5.128666 4.834698 4.949707 5.597759 6.566489 6.984905 6.780197 6.24479 4.878451 4.095971 3.784196 4.581257 6.218609 7.451432 8.217301 8.542116 7.658174 6.278354 5.390271 4.983353 4.671018 4.226843 3.647377 2.860292 1.621282 2.283934 1.760075
5.45191 5.776804 6.480588 7.484186 7.864178 7.093736 6.591006 7.170792 7.586794 8.042029 8.587233 9.291599 9.596748 9.370872 8.975042 8.692903 8.956349 9.311177 9.855889 9.874171 8.986991 8.121206 7.499708 8.111561 9.188726 9.482936 9.328651 8.652131 7.990133 7.665646 6.870545 6.009264 5.251664 5.126316 5.496233 5.216349 4.610302 4.517724 4.986241 5.823419 6.90072 7.253573 6.755875 5.616879 4.857444 4.750223 4.198191 4.14085 5.525998 7.239979 8.547815 9.103505 8.275739 6.56293 5.645077 5.266638 4.748593 4.043371 3.298251 2.723189 1.721347 2.568656 1.607672
5.827991 5.732613 6.225162 7.145335 7.737118 7.511954 7.307303 7.421084 7.602848 8.198307 8.907962 9.577348 9.950282 9.462029 8.939979 8.089401 8.386347 9.165127 9.358661 9.438507 8.97049 8.072097 7.366814 7.833582 8.914056 9.447998 9.324977 9.005237 8.480862 8.036777 6.963953 5.87051 5.135856 4.885954 5.019937 4.523397 4.234966 4.606474 5.484312 6.188568 7.03512 7.293694 6.646918 5.698347 5.110906 5.377842 4.805652 3.77999 4.656247 6.784542 8.501477 9.091827 8.636822 6.786111 5.805976 5.463955 4.567998 3.557902 2.926179 2.556071 1.637096 3.508542 1.936599
6.27997 5.884868 6.195438 6.75467 7.404006 7.898151 8.06166 7.894488 7.707999 8.333915 9.340027 10.11562 10.19984 9.507461 8.830786 7.502012 7.165996 8.361733 9.202579 9.322343 8.933639 8.009532 6.83408 7.295834 8.804967 9.306392 9.449695 9.410385 9.020448 8.355624 6.929826 5.696517 4.991602 4.680814 4.549276 4.182827 4.047394 4.802427 5.993171 6.691074 7.16187 7.432011 6.956199 5.887221 5.285305 5.689017 5.398389 4.273702 4.214895 5.990614 8.246641 9.272533 8.863864 7.172069 5.908628 5.278141 4.205359 3.199256 2.69012 2.496993 1.61464 3.401772 2.121073
6.822736 6.190159 6.257437 6.776732 7.18127 7.94485 8.646621 8.58067 8.09483 8.445511 9.590109 10.62649 10.36793 9.763486 8.545189 7.394594 6.312521 7.300758 8.708694 9.250529 9.069948 7.895763 6.40388 6.637788 8.582499 9.257061 9.500786 9.850207 9.48896 8.365029 6.797184 5.61986 4.86763 4.493687 4.328718 3.781416 3.83824 4.982734 6.451332 7.150426 7.433464 7.753521 7.310092 6.10991 5.305052 5.626801 5.43426 4.591894 4.441717 5.70642 7.883246 8.813322 8.734333 6.856761 5.425848 4.840862 4.071915 3.283522 2.820051 2.602401 1.739455 3.778249 3.751544
7.319643 6.741421 6.344139 7.0264 7.260897 7.652177 8.737429 9.049929 8.687963 8.6809 9.782906 10.96979 10.88763 9.684791 8.343937 7.361152 6.427022 6.302454 7.479416 8.688354 8.965637 7.931957 6.100275 6.211905 8.173036 9.115114 9.638939 10.13781 9.794891 8.347857 6.788331 5.703805 4.78557 4.46153 4.141859 3.671836 3.79129 5.173824 6.891467 7.797021 7.906874 8.13623 7.739023 6.482802 5.263858 5.310627 5.078975 4.483181 4.450505 5.818299 7.818521 8.541141 8.322636 6.339884 4.881376 4.35778 3.993079 3.517843 3.077805 2.719506 1.870857 2.708911 3.855778
7.661106 7.206329 6.660007 7.114832 7.47221 7.67633 8.581721 9.087971 9.172813 9.116634 10.03638 11.126 11.05725 9.810859 8.291853 7.186222 6.427752 5.993261 6.496797 7.691412 8.300772 7.793652 6.189991 5.934743 7.745166 9.082377 9.736053 10.17104 9.505315 8.088573 6.589304 5.419527 4.730021 4.27297 4.163527 3.764772 3.821809 5.365726 7.300466 8.498858 8.62967 8.67662 8.195295 6.864479 5.295561 4.722643 4.585386 4.2451 4.356727 5.960912 7.935225 8.534193 7.655756 5.8973 4.580312 4.073453 3.859473 3.674508 3.2903 2.706981 1.511699 .2808295 1.789697
7.633153 7.520913 7.056888 7.238474 7.743958 8.023307 8.564103 9.032807 9.506762 9.675538 10.40318 11.27887 11.07956 9.87714 8.811515 7.465173 6.737685 6.846972 6.103649 6.267459 7.00444 7.185203 5.94271 5.685675 7.63053 9.185303 9.883657 9.638132 8.533689 7.16599 6.172307 5.402638 4.901225 4.719363 4.598181 4.073991 3.953789 5.376653 7.579541 9.06854 9.434204 9.389699 8.612974 6.878828 5.429061 4.569466 4.141829 3.839473 4.016271 5.680723 7.712553 8.180727 6.869806 5.409925 4.457632 4.147822 3.942044 3.852186 3.65517 2.867502 .8347306 .7518846 .8606575
