py_wake/examples/data/AJ_ParqueFicticio/Rough survey   Sector 10   Height 30m   Power density.grd
DSAA
73  159
 258469   265669
 6501692   6517492
 .01767533   1704.689
[rows 112 to 139 of 159, columns 0 to 62 of 73]
305.5264 351.4472 314.7892 321.8885 387.436 451.7754 510.8179 607.7929 737.8773 820.283 971.5792 1187.098 1073.648 790.6685 575.9974 321.0684 269.8106 354.0381 330.3198 157.6136 160.5904 188.6771 127.2397 128.493 373.4581 641.3523 685.6029 530.5579 321.0476 196.0385 157.1159 157.9899 153.5473 137.9494 112.603 84.65574 67.45495 142.204 376.4748 619.2761 814.803 865.6857 632.6337 308.365 173.5467 101.9498 73.96554 57.87031 55.41291 116.3721 260.4977 322.2551 207.0066 114.1555 70.5219 63.38888 62.47045 59.22677 52.85707 26.66763 1.225441 1.521163 2.727062
273.5855 349.5691 357.7928 356.7219 410.0393 502.8622 587.0183 702.9953 821.5133 883.3007 1035.262 1203.301 1081.026 760.4824 495.5505 274.2156 333.8805 466.715 447.3796 223.2941 111.8193 110.0952 96.83149 117.3954 349.5899 642.8035 620.3997 347.5862 203.3719 145.2678 112.1614 146.3767 190.6257 181.0744 170.3628 149.1586 122.2983 181.5243 398.4206 626.5938 898.7371 983.8145 679.1765 309.6008 174.8649 105.655 81.45932 66.97427 57.90162 75.42918 147.882 196.7948 150.6298 101.4302 70.88088 65.75214 62.47427 61.25208 53.69233 34.19053 8.311218 3.13529 5.467902
288.0155 365.708 389.7478 388.979 427.1645 542.5977 710.4678 805.4743 875.4918 924.9099 1113.415 1247.364 1037.993 651.3624 388.9575 286.1975 435.5974 608.4886 477.8831 282.9203 158.7053 62.88913 57.14185 92.24067 268.4294 533.382 529.7402 269.0126 132.6754 100.6571 92.19813 109.9823 185.9733 197.5926 216.5853 237.8938 249.3498 296.1366 483.5197 656.072 893.5637 1010.576 667.3823 323.1843 181.175 124.7736 93.59756 71.54442 65.2267 66.55094 91.28197 117.5362 106.9558 89.93958 76.54234 67.91072 60.50871 57.33358 49.77746 36.67387 20.67918 7.115848 6.831682
352.8026 402.5926 415.0247 428.0131 466.5464 615.3782 794.2988 855.369 924.6369 1004.096 1157.26 1217.984 965.0906 529.9412 341.8598 336.2714 522.6222 671.3456 534.4844 344.3974 251.3058 152.7115 39.02993 26.92295 153.8502 372.0688 423.042 199.548 96.3428 90.06762 90.07932 107.8534 137.3099 158.73 204.6563 325.7077 429.3601 506.1627 621.748 664.8051 809.5439 915.0928 604.6241 336.6031 191.2061 142.6724 102.451 73.97454 62.2666 60.78466 67.20361 75.62714 71.80156 78.11045 75.71309 67.74525 60.58656 53.05762 45.73621 35.14211 27.15214 15.39909 11.60441
402.8553 442.3918 457.5671 498.8145 557.8748 736.9103 865.2044 911.1138 1004.14 1091.431 1219.562 1088.543 824.9329 472.7513 363.6426 405.7385 542.1832 654.9026 548.6541 408.4841 314.3831 227.2413 120.2302 45.33972 65.91618 210.0703 294.881 146.5391 92.46903 98.95311 101.4258 94.66334 101.1165 137.8518 205.376 370.7147 633.5345 722.5882 758.3719 667.6086 687.1001 702.6393 523.7806 338.8139 218.9034 157.5021 105.0556 72.45322 53.38309 45.66511 52.34986 62.21659 61.89032 62.4382 71.24784 66.07072 60.71682 49.5757 41.17822 33.06116 30.31623 20.35217 17.87634
427.324 448.6808 468.2219 523.5988 666.5023 828.7231 910.5572 996.1043 1062.127 1175.993 1088.725 937.6649 698.027 446.2254 413.5425 499.2589 557.6188 632.619 541.584 428.1344 317.9985 221.1154 165.9872 103.8226 68.21065 99.09415 153.0505 102.0057 87.72466 114.322 98.54922 67.85561 82.34963 164.7102 224.5152 430.9568 814.5859 971.0856 865.08 608.6744 531.048 494.3061 432.571 315.5372 221.7293 178.6429 124.8534 79.27097 52.23034 38.74289 42.45155 56.69997 61.61707 59.84966 61.40708 60.57908 59.89682 49.54022 36.6664 25.98799 26.90633 24.6452 24.06891
435.5268 449.5699 497.9363 600.4875 754.558 890.1498 977.4239 1109.89 1173.738 1188.532 1009.634 793.0609 557.7028 399.3061 445.004 585.6207 630.7958 603.6216 479.3936 378.4287 267.6851 171.6611 168.3304 160.8922 117.0197 73.60728 71.40114 64.03215 100.1547 128.4024 94.65495 49.8417 102.6516 198.6348 216.7499 454.2271 960.8495 1218.787 932.7513 484.0082 359.9965 341.3016 355.6988 326.7536 203.3546 183.0763 143.8082 88.58074 65.0206 43.22366 42.15945 58.00808 62.7949 63.97012 62.11943 60.62692 58.42163 56.60164 38.19432 24.25825 23.251 25.71413 29.86792
394.0128 435.17 528.4847 670.6495 836.0865 950.4646 1049.405 1189.233 1220.355 1151.863 900.6376 638.7778 491.511 385.5499 471.7808 648.8879 746.0334 603.5326 444.3327 359.4061 247.8835 144.4858 125.6272 194.0847 183.7414 107.9708 49.84931 53.05848 87.74603 129.3307 70.0192 50.1111 137.9621 200.9179 214.5238 495.2863 1055.251 1446.962 1040.354 414.2898 222.0059 207.6523 253.8741 335.4978 197.0123 153.2146 132.3999 95.72059 75.60974 53.75202 46.53067 55.88721 64.68507 65.75693 65.04064 66.97398 62.08155 63.04647 43.22654 23.78103 16.43218 26.45859 29.77676
400.6049 460.8449 570.5421 735.4069 878.0405 999.0314 1099.192 1164.614 1170.355 1131.665 900.4838 548.752 401.9571 341.6887 431.0923 646.9927 782.6471 651.7795 452.4976 344.9552 229.0098 129.5408 98.18699 178.2914 230.6813 157.3094 73.08073 53.25047 67.31067 92.97015 58.52837 62.17659 168.4424 167.2536 243.2888 588.4396 1093.183 1445.655 1195.185 480.1551 188.4324 117.3831 170.4614 281.6191 214.84 140.7703 112.2057 95.20478 81.54711 65.59304 52.55326 54.63802 57.92513 64.61105 63.31538 66.50829 63.3398 58.62991 33.87655 21.64298 18.97366 26.52692 30.10334
486.4922 492.4482 616.968 799.7799 924.3286 1037.075 1197.555 1111.104 975.1036 929.2251 958.629 638.3053 389.8122 324.8915 382.5041 506.8386 634.1538 606.0966 474.8327 389.0322 269.8242 143.2959 91.90804 142.929 188.3983 149.6533 118.6126 84.58843 60.32034 56.74736 49.44347 88.8187 141.9233 146.2624 327.5885 690.9929 1143.424 1336.524 1100.764 510.1993 224.1725 101.2714 111.6007 192.7253 187.6453 144.7879 119.0004 100.7494 88.33729 77.93727 65.22955 51.31385 57.11964 59.15202 61.4404 64.43215 67.44354 44.33276 19.33047 17.00931 22.7124 27.07644 34.81248
573.873 584.6923 683.9691 875.6948 994.7753 1071.78 1201.324 1007.542 625.4431 604.312 872.9186 740.8887 514.9126 414.9397 388.6542 414.4827 497.3892 486.0954 421.5842 371.1752 315.1421 181.6732 121.7513 127.5018 152.6287 142.2541 124.1343 123.0827 87.02647 44.24697 48.24237 83.22082 106.1644 197.7839 425.8094 808.7803 1187.532 1111.417 816.0543 442.5458 255.2038 116.4046 93.23621 135.5238 144.2552 131.5314 122.8716 115.3624 102.3899 95.15272 81.37887 58.38967 52.95257 57.93089 58.57761 58.4798 55.48407 25.68247 14.8593 20.1637 37.71694 43.58945 48.074
675.061 746.7802 871.4229 993.113 1143.162 1145.743 1085.478 907.9761 411.9688 381.0739 691.8962 681.4579 602.7865 533.8642 488.7513 421.7643 429.6649 395.2765 359.9794 337.7193 299.0894 219.0096 166.9266 131.3227 118.0206 127.5198 127.316 143.9752 108.6085 48.50871 37.32662 51.00437 106.8707 260.1565 548.5018 954.7199 1158.655 984.9473 596.6568 324.6942 225.4467 144.6391 106.4825 108.4108 120.2338 119.4744 111.8496 110.6618 107.9216 104.1117 94.84977 72.96342 60.46964 54.35902 49.03848 42.73982 31.7654 15.60116 16.53618 27.37239 53.30269 58.72276 57.36205
815.2451 974.2355 1080.265 1196.648 1300.255 1296.598 1064.567 674.4883 296.0439 250.7233 542.4479 566.1837 602.1772 596.9201 555.1176 443.6152 418.8909 394.3023 357.0936 333.7777 313.6591 290.1729 230.0665 141.2983 105.1798 122.9224 129.176 158.5479 115.6353 54.70695 27.70882 41.96929 135.2789 320.8518 617.3821 962.5284 1068.477 828.9445 506.354 251.4212 165.5733 147.0334 133.5619 131.16 120.652 106.0539 108.5956 105.7032 96.50954 96.35085 98.42542 83.32497 67.39922 47.40655 37.97026 29.10137 16.36804 22.23894 20.39421 27.43705 55.64986 71.53716 73.44384
930.4139 1150.506 1346.604 1379.231 1453.127 1243.446 1008.097 597.2526 244.4099 182.3089 337.3315 420.119 549.2678 598.2172 530.8638 442.7566 380.8909 396.5253 375.9971 376.9468 326.8641 321.0986 253.3292 140.7547 90.49261 109.427 147.338 207.987 173.4503 69.0788 27.33916 45.69373 146.1163 344.5418 651.8086 917.7154 927.8332 689.7731 436.8302 227.0455 142.2449 127.2122 130.2758 139.9553 137.7208 120.6525 120.4571 110.2967 82.74926 83.60762 88.11483 77.26417 53.63085 32.39752 21.01048 26.97757 26.94601 31.52337 32.99691 29.23476 43.33256 79.31228 88.50867
1024.453 1210.618 1497.703 1608.274 1501.248 1197.96 993.5669 645.0946 294.2409 150.4344 205.8565 278.595 456.205 548.935 521.7958 432.5622 337.0504 356.2198 412.0965 455.8964 380.967 346.4563 249.1227 141.5119 96.88645 106.8497 170.1501 243.1348 236.9907 86.7205 26.02726 34.91199 128.0167 343.3081 630.4883 810.8517 756.2878 618.742 396.0738 199.6344 143.8461 134.1819 125.8151 140.5193 130.6564 124.5985 128.2561 136.4833 90.98392 70.05402 67.68541 51.35267 14.31101 2.297021 20.1917 30.78119 36.41063 59.18079 76.34989 33.98246 30.88712 81.59152 97.37502
1123.891 1318.626 1552.438 1704.689 1426.134 1072.503 979.1746 774.135 403.8454 188.715 151.6466 183.3863 324.3037 428.1772 476.8767 477.3296 294.8644 299.5304 438.2031 447.7667 370.0977 322.4225 211.5686 146.603 131.4536 159.0303 209.487 267.0892 258.7857 114.5711 28.42742 27.74007 138.6343 355.3497 558.0724 654.6453 597.8027 537.8397 370.3683 187.7598 127.0735 136.1705 138.6137 142.5838 134.4778 123.7089 115.1933 142.1744 131.1721 73.22755 35.61985 16.92796 9.734794 2.467155 5.816529 41.41402 76.96737 131.181 121.2312 33.49412 29.50532 82.42223 93.08032
1129.824 1346.217 1635.788 1603.771 1384.58 913.7842 932.038 810.1367 484.1676 310.7547 197.4741 133.7594 193.7906 297.0528 445.6985 555.8804 333.2474 258.9692 368.05 383.5557 311.2314 295.5293 182.1086 140.5424 181.0493 234.4981 287.317 278.8109 253.3727 151.0103 27.31808 36.93882 161.0699 322.9651 478.3814 513.7836 457.6659 414.8861 325.1539 193.4231 140.8148 138.6605 139.1698 143.8912 151.1188 130.3683 114.4479 117.9215 135.9856 92.46777 28.32915 11.23912 16.18211 23.60549 77.18982 100.8808 139.2219 173.7555 141.2843 37.69691 31.7172 66.12178 79.86053
1050.963 1248.33 1414.405 1381.952 1156.788 817.7581 887.5125 783.382 502.538 390.2196 278.9279 145.3317 129.4437 191.7862 387.5869 576.6864 451.1445 272.1521 279.9072 279.7797 240.9241 257.6366 156.2154 129.1438 211.6124 299.4868 366.1225 292.2416 248.3368 161.3609 49.4073 49.20265 135.5185 258.3155 378.5007 393.1514 328.287 301.7383 285.1848 199.7331 160.1939 140.5071 147.8017 140.5517 156.7408 140.1484 128.3788 109.6169 109.3704 86.60114 24.75994 9.805035 13.42387 61.2255 122.2061 136.3664 149.2444 188.2546 157.8115 56.14116 36.86885 40.76611 50.86916
993.7554 1082.351 1125.169 1037.459 775.6205 669.1179 882.838 719.097 545.3788 439.5363 332.296 194.3767 117.9559 137.2851 267.1162 484.1881 535.6372 366.7309 227.9896 201.2281 195.9269 221.4921 127.953 108.7924 226.5153 336.2132 430.2914 374.8916 293.5022 182.9693 86.98524 64.30786 104.4466 164.4691 256.9901 278.9214 229.9931 243.7329 267.2449 259.0112 186.7957 144.8439 156.7178 156.1497 157.1122 143.1721 137.4277 119.0696 86.59422 56.41303 16.85663 10.06522 9.735744 74.62082 147.3121 147.3355 155.1599 189.4666 194.3653 110.1502 49.56116 41.82771 44.29192
997.9775 863.1443 861.1411 765.9359 491.1162 539.8621 845.7386 781.0088 688.2311 554.0831 417.3382 276.5927 157.7303 94.80624 159.2652 340.7814 537.004 465.9603 273.3756 170.9046 156.4041 174.778 115.0436 98.70244 197.6183 339.8099 465.2917 498.4303 382.5702 221.8865 130.0723 98.23534 125.3914 124.084 163.8063 181.0558 178.8806 204.6711 241.611 265.5682 197.4418 173.4842 163.4602 183.7207 187.9672 157.6754 133.6085 113.8551 74.81704 28.4146 11.75471 7.787931 15.45938 75.69979 131.2608 136.8923 144.5186 181.6771 187.278 171.8759 94.05833 53.87732 56.21067
945.7117 652.9991 612.7509 578.8204 362.3806 454.615 732.9078 772.0375 834.3442 712.7136 516.7314 355.2426 227.7827 106.25 99.04079 228.937 455.0513 494.3925 329.6196 186.4055 122.5716 141.286 107.9271 95.63366 175.775 342.8718 517.5378 625.1002 462.6584 242.537 141.0997 150.6042 185.4304 178.1166 123.5682 114.0538 145.628 168.7348 209.1412 247.9389 223.6864 202.8562 180.983 202.7222 211.5085 179.4675 149.9632 110.9099 49.30437 12.07197 12.63078 4.838806 21.84597 69.72576 108.4998 121.2905 131.7481 176.8901 198.7494 211.0996 149.993 78.27227 78.62661
867.0248 463.8265 399.0014 407.17 287.3889 394.5442 616.4636 783.0972 834.3725 802.3608 563.5405 376.9466 258.8144 157.1612 94.72963 160.404 350.2759 403.3126 331.3385 241.0147 135.7318 111.524 94.9752 94.96273 178.1911 361.3004 557.0236 621.9058 455.4241 239.4292 141.9526 171.5961 242.3378 240.2894 155.7316 91.82051 101.5537 131.5095 165.3378 204.4858 223.384 202.9489 193.0619 216.7939 231.8656 198.9465 156.0827 121.8474 36.99055 10.34704 15.95638 11.6551 14.74796 50.5973 100.699 108.8465 117.0122 153.4537 183.8852 223.509 175.8454 119.4874 109.8876
980.6862 392.2586 254.8531 267.0841 238.9663 379.0896 558.3641 707.8487 795.2767 862.3281 670.4192 448.2881 277.235 174.8633 105.6112 133.3127 239.2596 299.6914 284.2385 261.2104 168.9618 117.4897 95.07584 98.21514 186.3514 376.6572 566.5107 613.5239 426.4487 238.9433 153.4333 176.5808 212.522 252.9991 195.9727 118.9184 85.58691 103.7392 130.4191 177.6717 217.3711 215.459 221.6591 228.5381 223.944 180.2084 138.8278 113.05 45.2295 12.29702 21.91772 22.5996 18.05879 31.68379 88.05413 98.28109 100.8866 127.8347 160.4286 215.4784 195.1854 157.8339 142.0175
1010.735 425.0949 181.317 157.1501 244.3792 414.1414 493.7233 575.255 748.4968 778.2802 667.7038 511.432 350.5428 229.7161 142.1608 120.7568 183.222 223.2016 249.7591 237.1172 177.7411 136.1329 98.81773 103.0827 212.7569 449.2969 570.3567 559.4013 378.257 242.3436 184.0223 175.5157 200.5492 224.4982 199.7417 144.3911 105.0933 98.47057 117.3482 168.018 214.541 237.0177 247.4493 222.8378 197.8077 162.0924 117.2589 85.21219 53.51715 26.3093 28.88301 30.91528 27.7823 22.36903 67.21371 84.38921 90.00557 102.7458 139.6246 181.6639 203.9021 187.0894 176.2919
994.9725 482.3574 176.3363 116.5399 254.5789 425.4068 455.0046 506.352 641.2763 663.3632 571.5535 497.1606 432.7853 282.393 206.442 156.3684 151.2349 185.3539 223.1629 202.8485 166.858 146.5857 102.0968 104.8985 257.8492 531.8557 652.2177 503.0284 284.1947 211.4261 193.7124 198.4971 179.5031 188.9947 179.7923 157.1289 126.2176 94.08249 109.5788 144.3205 203.2907 244.7782 271.4777 187.6975 162.9507 132.2201 96.47375 86.07437 69.27578 55.08465 38.58639 37.0986 33.90907 31.69752 45.64891 67.99671 76.59097 86.82257 107.4092 151.213 200.6387 202.8989 194.0132
874.6373 513.6816 188.9729 102.4321 246.6678 396.2012 457.7065 511.9518 585.7083 535.3293 451.7929 424.9895 429.2491 301.7709 240.5988 232.1254 169.4943 166.289 176.7022 183.6196 162.1196 147.2913 100.2847 103.704 290.3407 573.9345 742.4282 495.2393 249.0667 172.5586 176.1461 195.2776 192.4043 163.6019 163.917 157.1715 135.1624 109.5479 110.8053 128.6831 184.3275 240.0083 263.3529 177.7302 143.1345 118.5774 98.6049 106.1791 106.2715 74.25031 51.77529 46.86545 39.02736 42.6586 41.49099 48.00959 60.44607 72.42296 80.4558 113.9896 177.3414 213.4447 211.2944
729.7317 470.9065 223.869 98.5612 201.5908 336.9098 468.958 535.1537 568.5236 474.6434 368.5228 353.0277 402.5057 285.7718 208.4466 247.5784 210.7567 176.5824 173.6494 177.4194 148.582 147.3029 105.0171 125.5323 320.6395 574.2989 702.3038 491.0233 253.4728 152.278 152.5097 174.314 195.9672 175.5023 156.7063 148.5076 132.8851 127.2131 121.3093 117.1756 176.0036 232.7496 221.1599 172.5953 142.9633 128.3192 108.3675 111.0179 129.4779 79.65598 64.61573 67.66283 50.90891 48.20449 48.50466 49.28988 47.71494 51.65305 56.07973 80.26822 138.403 197.4316 220.2269
634.0609 409.0647 252.9115 103.1516 160.0106 307.6346 490.3043 528.6213 499.5154 498.9501 392.4293 314.3721 330.0637 265.5823 200.0089 229.9226 208.196 171.0771 225.3214 235.985 142.5725 129.6043 102.6773 117.2286 302.6035 520.6818 674.7661 491.332 255.9287 157.2434 141.1801 150.6004 183.3976 177.5966 163.0697 151.7108 147.0427 156.1905 150.2117 123.9969 173.2702 216.6494 191.9934 143.4397 136.8945 135.5157 120.5239 123.4783 120.5414 76.46004 75.59606 84.57638 82.84148 60.24768 45.8497 49.18666 58.07948 54.13849 38.9649 49.17971 94.14857 161.8329 220.5204
