py_wake/examples/data/AJ_ParqueFicticio/Rough survey   Sector All   Height 200m   Mean speed.grd
DSAA
73  159
 258469   265669
 6501692   6517492
 6.237165   10.99624
[rows 84 to 111 of 159, columns 0 to 62 of 73]
7.900171 7.887331 7.881197 7.880052 7.883388 7.891049 7.903449 7.917198 7.925746 7.925875 7.917382 7.901329 7.871553 7.850898 7.846215 7.828257 7.812919 7.802959 7.811101 7.852259 7.904307 7.95617 8.023605 8.122933 8.263699 8.442247 8.618682 8.755943 8.823902 8.793487 8.688689 8.574689 8.464094 8.330704 8.20864 8.063306 7.990995 7.993352 8.04256 8.103189 8.138533 8.106833 8.026208 7.925643 7.858496 7.79802 7.718913 7.665953 7.634517 7.644048 7.703588 7.771303 7.830586 7.85447 7.845095 7.78404 7.671673 7.527235 7.365859 7.199926 7.039941 6.901464 6.773361
7.888562 7.883162 7.87575 7.873571 7.877751 7.891284 7.904881 7.920505 7.925906 7.931088 7.922802 7.907697 7.888031 7.853488 7.847462 7.844475 7.833319 7.814703 7.801782 7.820252 7.863826 7.921861 8.002044 8.124298 8.305905 8.524566 8.706034 8.811479 8.811705 8.727443 8.603224 8.490355 8.399456 8.269362 8.137497 8.011497 7.961484 8.01807 8.088373 8.161508 8.186423 8.138096 8.057384 7.952371 7.874894 7.814909 7.735885 7.652071 7.569562 7.541234 7.598223 7.690232 7.777185 7.833923 7.844079 7.798937 7.692765 7.540718 7.37061 7.186812 7.001216 6.834064 6.710512
7.856927 7.858834 7.861657 7.868711 7.875009 7.88956 7.906808 7.915595 7.93084 7.936099 7.931958 7.918071 7.900518 7.87206 7.855806 7.856167 7.848841 7.833158 7.82172 7.819638 7.843132 7.891641 7.972343 8.097313 8.297951 8.538832 8.738757 8.838023 8.788042 8.670165 8.524947 8.394255 8.296654 8.190315 8.083943 7.981953 7.942286 8.023113 8.137503 8.215479 8.232835 8.180977 8.099954 8.00065 7.926294 7.858087 7.781876 7.690553 7.581223 7.499827 7.501654 7.593995 7.708967 7.77847 7.820983 7.796883 7.692639 7.540549 7.363024 7.166446 6.962965 6.78648 6.674624
7.834248 7.838949 7.84873 7.860823 7.870407 7.883352 7.903413 7.915823 7.931892 7.943068 7.939521 7.931737 7.919733 7.89747 7.870461 7.859581 7.854317 7.850034 7.848471 7.842402 7.86202 7.90766 7.977343 8.092016 8.279853 8.529244 8.749135 8.86336 8.810949 8.669697 8.500173 8.340164 8.230031 8.134738 8.054996 7.965439 7.949991 8.051223 8.159338 8.240403 8.256497 8.216619 8.146761 8.053041 7.970139 7.888452 7.819931 7.737489 7.612443 7.491958 7.445032 7.517832 7.617251 7.705611 7.758775 7.752707 7.6479 7.489593 7.315909 7.119794 6.915516 6.753851 6.6917
7.836953 7.833242 7.841395 7.855125 7.869465 7.882073 7.893035 7.905996 7.924585 7.944454 7.948956 7.944572 7.936207 7.925971 7.897985 7.87008 7.856528 7.859816 7.862407 7.872058 7.902787 7.959959 8.044079 8.158608 8.315684 8.540345 8.780591 8.925565 8.887396 8.71868 8.509761 8.319713 8.185293 8.073075 7.98723 7.933244 7.9807 8.090189 8.19339 8.264718 8.285627 8.258628 8.178031 8.065935 7.963414 7.873285 7.80002 7.725151 7.605322 7.487389 7.4246 7.446199 7.506467 7.578927 7.658659 7.658621 7.55627 7.395413 7.229862 7.048501 6.856524 6.729563 6.743613
7.845803 7.839601 7.838881 7.855025 7.878286 7.888334 7.898851 7.897285 7.911933 7.932136 7.954932 7.958506 7.955472 7.952912 7.93531 7.894902 7.868961 7.865673 7.878318 7.899265 7.953303 8.035537 8.155073 8.296908 8.440409 8.618038 8.847807 9.010998 8.979331 8.779274 8.519796 8.2973 8.13329 8.001485 7.903141 7.890073 7.980498 8.117849 8.233887 8.310298 8.331983 8.291189 8.184071 8.052528 7.935806 7.859333 7.771677 7.689167 7.572866 7.481258 7.434922 7.417504 7.393394 7.432621 7.486627 7.50491 7.414445 7.260629 7.100224 6.94605 6.779567 6.700924 6.759273
7.857988 7.847703 7.851791 7.855543 7.87927 7.89983 7.914951 7.915273 7.91838 7.926087 7.946877 7.962128 7.971417 7.978248 7.969451 7.93779 7.904581 7.894216 7.903088 7.930545 8.0074 8.130922 8.290252 8.47186 8.623875 8.760466 8.94306 9.096528 9.054488 8.818186 8.519317 8.269689 8.093474 7.955725 7.851653 7.881027 7.965584 8.117034 8.27025 8.363604 8.37708 8.312926 8.188186 8.059622 7.980108 7.915727 7.841588 7.734512 7.618609 7.551101 7.53433 7.513368 7.435763 7.371211 7.345109 7.336229 7.261298 7.118406 6.959736 6.823388 6.69341 6.656201 6.741612
7.869336 7.861846 7.86412 7.867422 7.884161 7.913089 7.933198 7.945382 7.945336 7.944408 7.951184 7.966593 7.983685 7.999046 8.006084 7.987251 7.964005 7.961143 7.976565 7.990994 8.073609 8.236248 8.441653 8.657428 8.813315 8.918912 9.053031 9.165671 9.09306 8.823793 8.519027 8.25991 8.071776 7.921738 7.865672 7.919466 7.966179 8.098761 8.284763 8.414219 8.424973 8.33571 8.206097 8.118815 8.068717 7.999777 7.909536 7.788791 7.686648 7.649365 7.668517 7.642765 7.561124 7.448441 7.327361 7.212551 7.150145 7.04635 6.898962 6.754636 6.627669 6.605277 6.713326
7.881406 7.876694 7.877129 7.881156 7.895891 7.929474 7.95932 7.974586 7.98369 7.980112 7.971255 7.973728 7.993705 8.016942 8.036849 8.045927 8.04759 8.074849 8.107697 8.107635 8.156797 8.339619 8.595116 8.826723 8.981034 9.055365 9.150688 9.217292 9.093748 8.813641 8.506378 8.248619 8.045234 7.883873 7.871576 7.957483 7.998156 8.090885 8.278295 8.434539 8.45175 8.363898 8.25454 8.187762 8.135941 8.04674 7.933936 7.798448 7.73128 7.73702 7.774095 7.765062 7.690559 7.573371 7.416447 7.280497 7.182622 7.097817 6.964324 6.775318 6.590173 6.546936 6.660236
7.892769 7.895568 7.894753 7.897097 7.914522 7.952137 7.987596 8.008728 8.019907 8.02307 8.010504 7.996382 8.008235 8.03703 8.06671 8.100652 8.150331 8.226193 8.298309 8.302203 8.293221 8.438105 8.709787 8.972525 9.12101 9.159927 9.215394 9.235852 9.072864 8.777493 8.46571 8.199299 7.985778 7.858034 7.903006 8.004762 8.044274 8.09647 8.273007 8.43501 8.479712 8.410223 8.321078 8.243695 8.170441 8.05102 7.924013 7.821766 7.780952 7.793979 7.822488 7.816076 7.756508 7.66879 7.528119 7.404324 7.304298 7.208975 7.048539 6.817889 6.583935 6.48956 6.592882
7.903771 7.914784 7.916495 7.925624 7.939213 7.975626 8.016707 8.048879 8.06212 8.067836 8.06199 8.042722 8.045272 8.069123 8.100737 8.15529 8.255084 8.396008 8.522502 8.54374 8.496552 8.556036 8.80538 9.081427 9.225689 9.238627 9.242873 9.213025 9.018821 8.717798 8.404502 8.127852 7.922763 7.845454 7.946062 8.062483 8.086142 8.130518 8.285754 8.441173 8.497672 8.438701 8.345677 8.244302 8.144537 8.025629 7.919035 7.853009 7.828379 7.820616 7.811753 7.777908 7.729616 7.669422 7.574354 7.484348 7.389263 7.277911 7.115628 6.878556 6.611533 6.451388 6.505958
7.906762 7.933441 7.945115 7.958899 7.977597 8.002264 8.048233 8.089034 8.113064 8.119487 8.117143 8.112383 8.114766 8.129684 8.161679 8.217352 8.339421 8.545496 8.729839 8.792492 8.732066 8.719118 8.90041 9.160628 9.299744 9.282101 9.224094 9.119068 8.912024 8.631561 8.339336 8.07237 7.881386 7.843141 7.978381 8.106038 8.1346 8.162852 8.292274 8.442875 8.471003 8.392081 8.286057 8.183003 8.091243 8.005333 7.931804 7.883524 7.8511 7.815594 7.78115 7.721907 7.646493 7.590869 7.537065 7.483205 7.398523 7.294107 7.158422 6.950838 6.674587 6.449186 6.421517
7.913644 7.948612 7.976036 7.996511 8.02325 8.049788 8.082509 8.127517 8.15944 8.17318 8.179464 8.194404 8.214247 8.23985 8.267822 8.317025 8.429399 8.652781 8.893772 9.010299 8.960788 8.896181 9.006015 9.224776 9.32825 9.265402 9.1087 8.94831 8.746774 8.502807 8.257056 8.03334 7.870317 7.857153 8.006412 8.154362 8.195459 8.205604 8.300841 8.437924 8.411091 8.309285 8.194407 8.092864 8.026632 7.978625 7.940787 7.881914 7.836906 7.787979 7.742546 7.661413 7.55302 7.456493 7.428233 7.391045 7.31777 7.227894 7.144125 6.980827 6.734919 6.485887 6.363915
7.927977 7.969822 8.003893 8.037924 8.070892 8.112552 8.134896 8.163789 8.207242 8.236188 8.254336 8.287135 8.335178 8.398958 8.447217 8.477013 8.551792 8.753732 9.022354 9.174981 9.150853 9.061324 9.114855 9.266811 9.308775 9.159697 8.960036 8.78176 8.623086 8.440788 8.253914 8.069108 7.906205 7.866226 8.004226 8.180367 8.244658 8.246656 8.284334 8.358226 8.323519 8.223825 8.106073 8.01139 7.945818 7.896745 7.857012 7.80576 7.767277 7.723103 7.679637 7.601044 7.481657 7.378506 7.324704 7.270796 7.183517 7.093698 7.018363 6.908184 6.730854 6.509644 6.335409
7.96237 8.006061 8.04704 8.075912 8.107127 8.166574 8.207675 8.218479 8.259507 8.304729 8.339146 8.391979 8.472715 8.584811 8.676091 8.710773 8.74179 8.899336 9.152006 9.320704 9.297791 9.195152 9.197021 9.272781 9.233818 9.048976 8.848772 8.73748 8.661077 8.523816 8.345598 8.148208 7.964236 7.876792 7.974053 8.140143 8.20239 8.192932 8.200632 8.242377 8.212771 8.124516 8.013684 7.92549 7.872379 7.815882 7.762234 7.711161 7.678695 7.64072 7.602562 7.549678 7.478578 7.428082 7.343205 7.248179 7.123439 7.002711 6.893965 6.786272 6.648271 6.476971 6.319973
8.016888 8.066029 8.108265 8.13643 8.150369 8.215249 8.28566 8.31044 8.334796 8.394292 8.449039 8.515279 8.622963 8.779972 8.917027 8.974519 8.996215 9.107227 9.309774 9.449386 9.416623 9.305707 9.255712 9.231875 9.126011 8.962965 8.836302 8.816465 8.791058 8.660014 8.455158 8.216687 8.002444 7.890699 7.945687 8.05108 8.080784 8.057962 8.06614 8.112711 8.102108 8.028528 7.926029 7.83158 7.778664 7.740078 7.701928 7.648674 7.638015 7.620708 7.595637 7.581542 7.575922 7.547704 7.454963 7.34285 7.203213 7.044152 6.891544 6.751259 6.623438 6.478899 6.351106
8.083476 8.146758 8.195033 8.224463 8.226804 8.262954 8.360636 8.422594 8.446362 8.520967 8.591721 8.673241 8.793254 8.958474 9.132831 9.227727 9.277272 9.354579 9.482517 9.577959 9.525679 9.385796 9.260846 9.149484 9.043103 8.969719 8.932472 8.94887 8.919784 8.768612 8.523504 8.24771 8.018771 7.918217 7.945841 7.964348 7.949384 7.914197 7.917143 7.963786 7.975492 7.938893 7.845457 7.754401 7.687966 7.645032 7.642293 7.66326 7.712043 7.743202 7.726268 7.708925 7.698875 7.669436 7.582253 7.462221 7.309181 7.139173 6.971368 6.817385 6.653493 6.474617 6.351721
8.13791 8.231816 8.296762 8.332903 8.334444 8.33865 8.430231 8.546186 8.595635 8.673378 8.768118 8.851919 8.982462 9.145673 9.313837 9.444534 9.519245 9.588528 9.667887 9.703115 9.608332 9.418815 9.221066 9.098472 9.075529 9.091229 9.093709 9.077154 8.996061 8.800447 8.530873 8.249226 8.028135 7.936909 7.950264 7.923887 7.881218 7.838641 7.80948 7.816372 7.84862 7.85381 7.812231 7.750025 7.666836 7.582743 7.599056 7.726124 7.850932 7.917949 7.918705 7.892457 7.850115 7.78909 7.688781 7.556368 7.390786 7.218215 7.031559 6.827346 6.591094 6.39401 6.32354
8.179193 8.297009 8.393481 8.461316 8.475649 8.449821 8.505978 8.652511 8.74639 8.84767 8.972551 9.070822 9.193932 9.347272 9.493828 9.622778 9.702138 9.771263 9.826511 9.816279 9.671274 9.432137 9.240386 9.169065 9.208397 9.259274 9.258543 9.169047 9.000296 8.765448 8.504758 8.245402 8.046128 7.951162 7.918623 7.874026 7.825489 7.786065 7.758357 7.752638 7.810209 7.861994 7.871783 7.813071 7.695089 7.574267 7.588848 7.780594 7.994129 8.12406 8.15061 8.112549 8.027615 7.913736 7.767667 7.601011 7.413817 7.221581 7.001752 6.754304 6.491356 6.315466 6.325553
8.197458 8.337898 8.474606 8.586881 8.629683 8.584182 8.590289 8.734006 8.884024 9.017306 9.170608 9.297293 9.408877 9.54723 9.659513 9.759643 9.83118 9.893203 9.941448 9.901127 9.733911 9.517596 9.360395 9.327449 9.390451 9.433402 9.377965 9.197621 8.959284 8.714251 8.469191 8.238752 8.05027 7.928884 7.860725 7.805881 7.750777 7.716829 7.717055 7.782701 7.863488 7.92134 7.930441 7.858672 7.701679 7.557435 7.593665 7.799428 8.077937 8.290934 8.369065 8.340667 8.217204 8.024282 7.805624 7.594486 7.39361 7.185861 6.954344 6.690703 6.426799 6.262499 6.317335
8.169486 8.334237 8.519867 8.689463 8.76733 8.723905 8.706655 8.817043 8.978225 9.146078 9.325691 9.494197 9.616736 9.718904 9.786484 9.847614 9.910491 9.95883 10.01182 9.966653 9.821412 9.646314 9.526682 9.513065 9.572034 9.580282 9.465965 9.243902 8.990067 8.744243 8.49868 8.256816 8.054488 7.92478 7.85153 7.800107 7.730172 7.689471 7.721763 7.835426 7.943713 8.009912 7.968476 7.842229 7.678062 7.565048 7.58947 7.79372 8.099077 8.390344 8.562521 8.569885 8.414804 8.15089 7.879235 7.646376 7.437033 7.217587 6.980392 6.715933 6.441092 6.242513 6.269467
8.149802 8.288222 8.501514 8.721509 8.856214 8.857353 8.845042 8.927505 9.075902 9.257142 9.456463 9.651133 9.790815 9.854059 9.865242 9.873434 9.921473 9.978349 10.03861 10.01396 9.893754 9.749923 9.652337 9.65886 9.709206 9.687551 9.567748 9.367358 9.122343 8.877526 8.596359 8.313948 8.081945 7.935452 7.867071 7.785924 7.716016 7.70853 7.7819 7.90165 8.032535 8.074065 7.986464 7.838049 7.71553 7.662841 7.654317 7.779819 8.075789 8.433648 8.700596 8.773183 8.626295 8.34197 8.054638 7.801764 7.553008 7.295161 7.04347 6.78244 6.500268 6.26304 6.237165
8.231233 8.288197 8.453089 8.683277 8.882194 8.974052 9.000584 9.063585 9.189084 9.381553 9.602188 9.798645 9.925641 9.948949 9.907849 9.825139 9.83564 9.916892 9.985558 9.987124 9.897282 9.757151 9.667702 9.696843 9.782187 9.799449 9.726279 9.563815 9.326917 9.050875 8.71718 8.382991 8.119047 7.943636 7.835168 7.749025 7.713727 7.771503 7.893322 8.005862 8.124337 8.15157 8.062556 7.9307 7.835658 7.80734 7.782159 7.808342 8.041976 8.41235 8.744422 8.905375 8.81064 8.542789 8.249015 7.961953 7.661136 7.359598 7.087926 6.830895 6.559092 6.32009 6.255103
8.408101 8.392727 8.491385 8.672252 8.884735 9.067841 9.175319 9.238782 9.341071 9.531759 9.764288 9.959365 10.04336 10.00517 9.888412 9.720115 9.646138 9.723471 9.83042 9.872459 9.806108 9.669973 9.576386 9.62202 9.788297 9.892264 9.877957 9.765755 9.550387 9.237337 8.853033 8.475998 8.177809 7.970654 7.833723 7.745402 7.749321 7.882216 8.044249 8.16839 8.264954 8.295558 8.223596 8.091649 7.999815 7.973334 7.939895 7.919852 8.056654 8.380192 8.722524 8.940619 8.879492 8.626392 8.327228 8.026209 7.700828 7.387388 7.113699 6.863389 6.595569 6.374945 6.308224
8.640264 8.595497 8.634309 8.76336 8.93613 9.144858 9.326252 9.430799 9.515518 9.680654 9.908992 10.09501 10.14295 10.03781 9.819569 9.585516 9.436628 9.466245 9.576757 9.66425 9.65787 9.546289 9.454201 9.52264 9.72811 9.911708 9.976912 9.923688 9.726566 9.398789 8.990056 8.600154 8.28414 8.048388 7.89573 7.799531 7.831091 8.013683 8.225896 8.380307 8.467398 8.50163 8.430204 8.280219 8.152578 8.109195 8.063336 8.025099 8.117722 8.382655 8.688727 8.881064 8.79708 8.538928 8.229283 7.940228 7.656235 7.380785 7.131434 6.893806 6.628469 6.40732 6.352908
8.881127 8.83909 8.832787 8.925776 9.053924 9.230794 9.433449 9.583916 9.683429 9.824545 10.0328 10.20673 10.21837 10.01781 9.730163 9.459348 9.269447 9.230536 9.310215 9.406667 9.440214 9.367113 9.273548 9.364194 9.607574 9.839975 9.993937 10.00527 9.822033 9.4991 9.097895 8.70805 8.368338 8.125264 7.956762 7.876182 7.945333 8.165416 8.439116 8.638433 8.732964 8.75432 8.665738 8.47855 8.287237 8.172389 8.095892 8.061755 8.157701 8.402549 8.669481 8.791098 8.670793 8.375348 8.046885 7.777642 7.549568 7.328238 7.111257 6.888301 6.636462 6.424902 6.376063
9.083535 9.068817 9.046615 9.10203 9.205885 9.343998 9.52538 9.696225 9.831802 9.965628 10.14528 10.2851 10.24462 10.00242 9.683708 9.389271 9.166517 9.058002 9.079017 9.153111 9.186132 9.151307 9.085944 9.173508 9.441787 9.707799 9.906549 9.94649 9.779348 9.491828 9.12884 8.761923 8.449001 8.211843 8.064666 7.997948 8.075598 8.333172 8.658115 8.907465 9.017567 9.025792 8.905766 8.652498 8.369791 8.154005 8.01865 7.970542 8.069952 8.323668 8.592442 8.669111 8.509937 8.214765 7.899399 7.643978 7.441843 7.258964 7.056874 6.828213 6.585064 6.404918 6.380165
9.234816 9.255241 9.238995 9.278283 9.370113 9.489308 9.643636 9.809354 9.97499 10.12098 10.26847 10.37435 10.28795 10.03467 9.725082 9.409842 9.161745 9.039548 8.972076 8.945102 8.936356 8.921208 8.893083 9.009956 9.301582 9.59329 9.764031 9.740348 9.58616 9.358143 9.105895 8.834583 8.609331 8.419777 8.285154 8.204357 8.258297 8.510046 8.86163 9.156228 9.30387 9.29375 9.106298 8.77638 8.420448 8.133303 7.939647 7.848839 7.927481 8.154078 8.393433 8.44922 8.298173 8.035441 7.775485 7.568685 7.399487 7.239321 7.052523 6.805109 6.545145 6.38598 6.374409
