py_wake/examples/data/AJ_ParqueFicticio/Rough survey   Sector 6   Height 30m   Weibull-A.grd
DSAA
73  159
 258469   265669
 6501692   6517492
 .2525203   10.44343
[rows 84 to 111 of 159, columns 0 to 62 of 73]
4.801413 4.706741 4.670033 4.639357 4.612726 4.56851 4.53609 4.500107 4.466532 4.456246 4.429573 4.347332 4.227747 4.194863 4.162831 4.114233 3.95372 3.880097 3.95037 4.030162 4.207493 4.31908 4.423775 4.532073 4.715773 4.740067 4.487872 4.2637 4.259903 4.465486 4.598515 4.741671 4.813809 4.600982 4.487438 4.537572 4.54627 4.629921 4.635371 4.423783 4.319925 4.125475 3.897132 3.669051 3.783676 3.800042 3.663985 3.643245 3.706767 4.439272 5.152721 5.116144 5.026002 4.983326 4.865352 4.732337 4.599002 4.541865 4.626682 4.561867 4.544154 4.58372 4.712551
4.761782 4.69691 4.652635 4.623866 4.578462 4.56349 4.531296 4.505238 4.488625 4.461511 4.390287 4.306091 4.206166 4.113111 4.140403 4.119158 4.002485 3.916396 3.802595 3.77306 3.912828 3.979344 4.15746 4.344912 4.691021 4.855695 4.708909 4.425824 4.217054 4.253809 4.154436 4.325491 4.503282 4.476251 4.389273 4.337986 4.437754 4.677858 4.705096 4.65388 4.571563 4.33638 4.170815 3.97064 3.765736 3.915064 3.692747 3.391207 3.298522 3.421293 4.05964 4.858093 5.025562 5.051532 5.114404 5.074078 5.050482 5.042623 4.932009 4.781182 4.583395 4.509093 4.58947
4.598767 4.612634 4.625185 4.595766 4.566731 4.551613 4.515327 4.507215 4.523289 4.459197 4.384684 4.362711 4.311037 4.190096 4.132634 4.092043 4.107327 4.023427 3.828782 3.713436 3.635945 3.651119 3.670402 3.777045 4.076062 4.494774 4.575447 4.374518 4.020084 3.861247 3.730897 3.842806 4.122199 4.299512 4.320067 4.242452 4.328966 4.44301 4.488997 4.624007 4.652416 4.584737 4.374433 4.31812 4.225532 4.301422 4.311326 3.925467 3.759327 3.587511 3.696766 4.132861 4.950045 4.952641 5.141584 5.28128 5.415226 5.407242 5.322667 5.109909 4.808496 4.631974 4.611578
4.526614 4.551416 4.581989 4.551973 4.522365 4.501102 4.496304 4.523241 4.529254 4.48044 4.454123 4.396148 4.33216 4.177916 4.05079 4.045888 4.082561 4.014004 3.942512 3.800091 3.622664 3.505074 3.374783 3.239655 3.381431 3.922779 4.265903 4.245907 3.952016 3.517271 3.532898 3.511769 3.857609 4.182567 4.487445 4.542202 4.391411 4.3318 4.440664 4.564023 4.577249 4.567055 4.55068 4.482809 4.483427 4.453216 4.495429 4.545371 4.255515 3.926578 3.693579 3.751528 4.460044 5.086431 5.0877 5.24634 5.463184 5.491916 5.450137 5.346991 5.031519 4.939975 4.841365
4.548797 4.530422 4.521112 4.5093 4.477151 4.43714 4.417137 4.438087 4.444888 4.476713 4.464088 4.37498 4.325025 4.268093 4.080269 3.947896 3.96313 3.94296 3.927072 3.83126 3.718276 3.581908 3.442024 3.200123 3.004798 3.413012 4.115287 4.314871 4.096901 3.758149 3.423567 3.66201 3.723332 4.005454 4.265956 4.520809 4.698202 4.659478 4.590278 4.590916 4.581849 4.548758 4.4392 4.387445 4.269001 4.265128 4.104994 4.244169 4.21269 3.962429 3.563785 3.242429 3.506516 4.315448 5.138146 5.260653 5.241935 5.335941 5.364044 5.319007 5.025788 4.934643 5.193851
4.577429 4.549783 4.505696 4.503665 4.475287 4.457169 4.373777 4.282838 4.276316 4.360033 4.384908 4.414972 4.35503 4.283975 4.149145 3.913033 3.800758 3.815519 3.804482 3.82006 3.828219 3.800735 3.73747 3.633193 3.329049 3.247124 3.934356 4.500195 4.469116 4.010229 3.760174 3.727381 3.74597 3.826911 4.067913 4.29458 4.567524 4.706545 4.813049 4.741747 4.656375 4.596926 4.412778 4.306895 4.070535 3.989977 3.677138 3.697019 3.795318 3.540408 3.218032 2.769222 2.308787 2.931465 4.065069 4.775256 4.786986 4.882917 4.948507 5.007599 4.894177 4.838377 5.189405
4.716531 4.619703 4.543931 4.4817 4.500421 4.465667 4.376046 4.337373 4.213751 4.204843 4.242784 4.340612 4.316082 4.2968 4.235535 4.020378 3.779 3.656419 3.63745 3.706529 3.882695 4.018339 4.115303 4.202646 4.046161 3.635541 3.954922 4.501058 4.596875 4.271867 3.994083 3.824105 3.872445 3.958258 3.985733 4.103843 4.199405 4.751777 5.004795 4.992786 4.847962 4.612665 4.577703 4.376616 4.419339 4.168438 4.368111 4.070644 4.061039 4.000358 3.855551 3.253463 2.823162 2.211159 2.52725 3.445594 4.032686 3.782998 4.020149 4.254015 4.478478 4.598469 5.082324
4.755001 4.665596 4.616773 4.572231 4.52127 4.474957 4.463501 4.378379 4.269849 4.19252 4.176194 4.224752 4.302393 4.308144 4.298007 4.158756 3.929733 3.697423 3.543766 3.466288 3.786122 4.202915 4.41899 4.545428 4.444945 4.163975 4.224684 4.514336 4.629897 4.418498 4.304207 4.174471 4.153048 4.285387 4.52842 4.333376 4.064768 4.482607 5.020176 5.241054 5.040556 4.815196 4.62255 4.76107 4.876904 4.893952 4.898221 5.091358 4.913782 4.812831 4.861654 4.647149 4.31358 3.43968 2.565308 2.556631 3.256479 3.469794 3.327775 3.650944 3.839583 4.203858 4.944208
4.831042 4.746242 4.662424 4.591803 4.538465 4.551159 4.511175 4.469518 4.408128 4.266752 4.17572 4.192438 4.233878 4.326141 4.362827 4.317854 4.138915 3.983581 3.774967 3.374609 3.414175 4.165171 4.645944 4.761302 4.615713 4.383255 4.420284 4.592083 4.752524 4.606945 4.536275 4.556259 4.543106 4.463713 4.56916 4.513809 4.247445 4.33814 4.871281 5.16867 5.285429 5.000467 4.9044 5.066616 5.215664 5.288228 5.164966 5.125942 5.215048 5.346033 5.508799 5.448585 5.542733 5.242424 4.372159 3.809544 3.620053 3.8487 4.120993 3.738612 3.094897 3.632686 4.71897
4.885589 4.790539 4.696905 4.640285 4.608318 4.586368 4.593638 4.532666 4.477308 4.412435 4.265373 4.140718 4.188862 4.230391 4.366809 4.486537 4.491046 4.429414 4.329622 3.830848 3.134721 3.700125 4.586936 4.882558 4.721555 4.439793 4.514692 4.856202 4.957036 4.725006 4.536771 4.448653 4.692753 4.798047 4.625621 4.546399 4.359627 4.252993 4.594893 5.171988 5.440715 5.370743 5.529126 5.584064 5.565874 5.41327 5.338551 5.267435 5.223209 5.284752 5.447342 5.678932 5.82952 6.013891 5.898501 5.484354 5.245455 5.069557 4.747515 4.172667 2.710596 3.136586 4.183036
4.914968 4.861252 4.765893 4.675637 4.591981 4.616676 4.626992 4.58969 4.514544 4.473759 4.383605 4.20189 4.099113 4.142009 4.238379 4.437014 4.730363 4.933005 5.006483 4.589874 3.545207 3.304758 4.176258 4.846759 4.861712 4.550972 4.636964 4.969505 5.125646 4.960977 4.616174 4.418766 4.492115 4.68882 4.751395 4.725395 4.48239 4.548779 4.760773 5.068449 5.492773 5.671726 5.745226 5.652672 5.607964 5.632733 5.357369 5.276055 5.250717 5.281487 5.24521 5.280178 5.624401 5.81489 5.969562 5.939007 5.589238 5.517894 5.144682 4.643719 3.107503 2.719714 3.387788
4.857163 4.880148 4.790175 4.72329 4.626826 4.556489 4.640206 4.697646 4.646574 4.566799 4.504247 4.382627 4.211703 4.058726 4.073453 4.182786 4.556093 5.126603 5.402902 5.190303 4.260324 3.515415 3.880165 4.577829 4.854361 4.635511 4.69544 5.021157 5.239638 5.162746 4.745831 4.426855 4.36879 4.531946 4.578424 4.863869 4.518559 4.492541 4.809126 5.079494 5.238408 5.371294 5.533723 5.656602 5.690372 5.766535 5.511666 5.539874 5.396226 5.275709 5.13485 5.029891 5.156801 5.436523 5.761925 5.753718 5.729216 5.720776 5.669617 5.36744 4.206462 2.46912 2.754505
4.819146 4.823065 4.870131 4.82638 4.773994 4.644912 4.595546 4.695598 4.740348 4.673442 4.612542 4.568748 4.453906 4.246153 4.029306 3.954421 4.15767 4.825625 5.384816 5.516453 4.901754 4.023631 4.042409 4.357109 4.682795 4.574398 4.326868 4.525246 4.603314 4.485775 4.334946 3.991234 4.062914 4.420123 4.83406 5.098559 4.940673 4.799224 5.063467 5.173876 5.328288 5.257894 5.338907 5.417482 5.512895 5.671607 5.752145 5.640027 5.40809 5.313259 5.07751 4.788125 4.4278 4.529974 5.156791 5.24482 5.458724 5.439412 5.793076 5.861571 5.213654 3.297403 2.533617
4.796777 4.808988 4.815808 4.857918 4.911584 4.874619 4.661744 4.632589 4.78953 4.789865 4.72129 4.737602 4.73027 4.642663 4.397409 3.99209 3.783717 4.24143 5.079882 5.348449 5.051472 4.294058 4.217179 4.487329 4.597715 4.202958 4.126016 4.161871 3.899141 3.754071 3.746288 3.770661 3.88202 4.034379 4.680624 5.094708 5.517567 5.203965 5.110079 5.148683 5.2407 5.209624 5.169685 5.146708 5.137619 5.104373 5.130371 5.244267 5.182243 5.063215 4.765604 4.533742 4.042653 3.19717 3.167381 3.490166 3.76885 4.133845 4.625305 5.106865 5.245085 4.382326 2.886286
4.87324 4.836582 4.798375 4.770107 4.815767 4.974142 4.891563 4.647102 4.741889 4.827034 4.834152 4.866854 5.001847 5.151365 5.068839 4.597774 3.943717 3.984772 4.721619 5.118217 4.954661 4.399722 4.245615 4.362588 4.610258 4.499359 4.303911 4.152745 4.15716 4.057882 4.047058 4.126323 4.035409 3.900277 4.337027 4.507919 4.890913 5.28949 5.287266 5.181637 5.13784 5.098567 4.986207 4.943839 4.896155 4.704473 4.504858 4.381164 4.448902 4.152297 4.216084 4.061141 3.754631 3.709291 3.128502 2.723072 2.751878 2.886238 3.208445 3.966431 4.259778 4.09553 3.167183
5.031544 4.88038 4.86513 4.802739 4.732308 4.982739 5.140426 4.864726 4.789676 4.913904 4.93198 5.017716 5.169283 5.55543 5.780143 5.493127 4.714011 4.295938 4.671198 5.027118 5.021292 4.662932 4.536685 4.500437 4.66561 4.683019 4.406911 4.689974 4.951633 4.713214 4.541473 4.548029 4.432776 3.970713 3.909799 3.953081 4.184696 4.489545 4.776044 5.08617 5.100805 4.933874 4.616334 4.536533 4.46223 4.654825 4.490898 4.244659 3.923949 3.645929 3.511034 3.683334 4.039795 4.320907 4.118588 4.049064 3.93083 3.551721 3.405485 3.365645 3.617593 3.708704 3.347888
5.296761 5.191526 5.104533 5.026053 4.805552 4.923889 5.318199 5.3039 5.00978 5.151546 5.147401 5.216987 5.311264 5.501007 5.953376 6.114824 5.704961 5.119281 4.93946 5.228007 5.177367 4.845082 4.630228 4.754092 4.892547 4.699085 4.547706 4.655328 5.037588 5.084573 4.866707 4.744262 4.43362 4.188799 4.028201 3.773052 3.75793 3.754291 3.83893 4.329398 4.785757 4.613188 4.297855 4.102636 3.892393 4.25993 4.506574 4.484193 4.124447 4.024089 3.996144 3.932164 4.004253 4.343879 4.508443 4.59499 4.631824 4.521529 4.158302 3.985416 3.849901 3.604597 3.598801
5.441216 5.600092 5.511561 5.370292 5.13079 4.913782 5.391785 5.80235 5.482169 5.505681 5.531886 5.394052 5.556597 5.620561 5.924057 6.291001 6.273564 6.016295 5.607875 5.528569 5.366734 5.099967 4.780598 4.897352 4.911815 5.115172 4.980034 4.952332 5.139299 5.198213 5.029591 4.856118 4.529247 4.319 4.273324 4.080385 3.980782 4.013123 3.733572 3.898181 4.160911 4.205069 4.055263 3.796607 3.863456 3.96433 4.658323 5.099493 5.359773 5.102411 4.731003 4.408625 4.264564 4.379003 4.795418 4.850344 4.797207 4.708039 4.404575 3.959414 3.239411 3.823677 .6346064
5.617717 5.791483 5.853718 5.74961 5.581429 5.209537 5.432374 6.079657 6.14168 6.000689 6.199082 5.881278 5.85553 5.960032 6.023231 6.30605 6.436888 6.495085 6.236033 6.066433 5.73724 5.246292 5.128562 5.145772 5.406541 5.429527 5.276898 5.160769 5.098002 5.133006 5.060446 4.938147 4.65883 4.498793 4.326542 4.280309 4.261558 4.249739 4.177684 3.987386 3.985194 4.055218 4.299023 4.433354 4.350442 4.476686 4.89116 5.589777 5.987925 5.959359 5.43549 4.844646 4.517388 4.60771 4.715062 4.826308 4.660925 4.506116 4.170142 3.765205 3.162211 2.1794 .7204173
5.728809 5.994376 6.164083 6.208292 6.064718 5.539154 5.433228 5.901769 6.432816 6.495033 6.62954 6.609803 6.214655 6.281499 6.361804 6.57952 6.590294 6.670684 6.779726 6.642561 6.306518 6.112077 5.961596 5.999193 5.894445 5.779762 5.492451 4.963253 4.766777 4.666054 4.646602 4.638297 4.600014 4.447158 4.204882 4.158772 4.134893 4.287999 4.380595 4.527049 4.489522 4.394866 4.511899 4.722818 4.739742 4.618635 4.839243 5.536014 6.151688 6.456076 6.100546 5.396342 4.706959 4.40135 4.396898 4.413848 4.332908 4.173909 3.950263 3.498368 2.653302 3.151316 3.631325
5.181036 5.868975 6.383584 6.657617 6.56898 6.04259 5.691062 5.647429 6.073798 6.368811 6.556902 6.763621 6.536946 6.407951 6.52632 6.954878 7.227115 7.138949 7.283502 7.422871 7.396737 7.391204 7.268241 7.011912 6.621475 6.398462 5.951062 5.405268 4.884967 4.575537 4.446297 4.418287 4.5467 4.576424 4.545033 4.442348 4.523711 4.410981 4.389441 4.619337 4.721293 4.655444 4.489308 4.361147 4.588705 4.148901 4.142747 4.963125 6.140019 6.727619 6.789281 6.163671 5.26342 4.593466 4.378083 4.196415 4.207023 4.169134 4.12289 3.76174 2.639806 2.810749 2.629972
4.342505 4.935831 5.824676 6.557481 6.708464 6.316813 5.817942 5.700506 5.856952 6.054232 6.196634 6.449875 6.478419 6.365517 6.436583 6.988964 7.551189 7.908158 7.948961 8.091539 8.360296 8.340721 8.249187 8.117965 7.708044 6.971057 6.542263 6.084794 5.541754 5.258699 4.900387 4.879879 4.758951 4.853985 5.060158 5.019946 4.930896 4.834389 4.647258 4.572473 4.656759 4.492044 4.232974 4.14924 4.317376 4.281318 3.781535 4.051996 5.591609 6.833394 7.335702 7.295764 6.376961 5.781012 5.391965 5.065241 4.802903 4.605122 4.463575 4.238793 3.323375 3.143639 2.489621
4.23653 4.194827 4.645745 5.611605 6.391232 6.496261 5.936865 5.55554 5.701139 5.950233 6.115582 6.149356 6.202537 6.212569 6.351172 6.526501 7.286593 8.099168 8.021765 8.186741 8.343007 8.27722 8.13616 8.487409 8.629256 8.067975 7.474368 6.990443 6.445204 5.927868 5.594442 5.312301 5.047152 4.881497 4.899177 5.073028 5.217216 5.015444 4.711251 4.41406 4.461662 4.539325 4.317158 4.219747 4.527169 4.765224 4.294659 3.533446 4.574409 6.238488 7.263906 7.904153 8.202692 7.318304 6.702601 6.229122 5.519654 4.946251 4.67522 4.386176 3.781539 3.355491 2.898997
4.948617 4.423502 4.407226 4.784568 5.71841 6.514713 6.550952 5.949333 5.731143 6.008271 6.295417 6.249094 5.998406 5.844582 5.86874 6.018633 6.187331 7.262218 8.090966 8.114186 8.225697 7.94142 7.845048 8.32141 8.95037 9.048081 8.670607 8.083213 7.457438 6.843664 6.30895 5.798316 5.368097 5.131187 5.132468 5.183013 5.25047 5.398624 5.089778 4.687682 4.551836 4.70412 4.595782 4.569794 4.787646 5.189034 5.206387 4.151114 4.051836 5.42983 6.50055 7.450089 7.928608 7.837914 7.333408 7.093204 6.385708 5.597164 5.105705 4.74512 3.943879 3.576117 3.459772
5.907524 5.20164 5.050186 5.044352 5.325972 6.133656 6.764187 6.629539 6.124324 6.0437 6.260153 6.253272 5.957229 5.723894 5.393526 5.426443 5.074666 5.801462 6.80339 7.51685 7.8447 7.782694 7.614776 8.152879 8.77077 8.997829 9.207146 9.164453 8.494294 7.907228 7.408709 6.719491 6.285197 5.984365 5.825685 5.558549 5.681936 5.809567 5.576692 5.313763 5.041725 5.032169 4.895897 4.873199 4.846758 5.316042 5.520182 5.148 4.65863 5.557761 6.250318 6.671827 6.921333 6.939937 6.73949 6.812821 6.616124 6.06888 5.550844 5.183473 4.322354 3.220389 3.795642
6.918436 6.425919 5.934282 5.939361 5.784186 5.95435 6.492299 6.742046 6.367063 6.018052 6.058693 6.151505 5.931992 5.197864 4.941097 4.706723 4.630274 4.41234 5.290946 6.33783 7.069202 7.25492 7.155661 7.404043 8.503155 8.872192 9.249338 9.262218 9.439358 8.993775 8.303805 7.575757 6.839252 6.410335 6.012547 5.775245 5.930605 6.186269 6.140866 6.078181 5.609519 5.444767 5.319576 5.277763 4.800815 4.979054 5.139341 5.021226 5.309009 6.181505 6.629966 6.691566 6.736285 6.426429 5.9953 6.022864 6.131526 5.89728 5.507661 5.187785 4.642253 .2977572 3.070479
7.559529 7.439543 6.801468 6.545937 6.283691 6.034112 6.168098 6.431137 6.353403 5.973455 5.877371 5.808347 5.727851 5.281956 4.623218 4.234869 4.096454 3.646688 3.919217 5.011784 6.052574 6.654053 6.583245 6.640395 7.382701 8.003965 8.432676 9.208657 9.576154 9.588137 8.807855 7.711726 6.930863 6.279092 5.923057 5.731081 5.808122 6.350315 6.596514 6.679591 6.241366 5.846306 5.62099 5.504498 4.788318 4.367383 4.370948 4.20465 4.719285 6.278375 7.109355 7.006169 7.008615 6.625876 6.10384 5.795149 5.679101 5.536097 5.134392 4.607975 4.135061 3.193582 3.633096
7.64681 7.684362 7.216692 6.857505 6.567807 6.135283 6.018684 6.125361 6.172642 6.042214 5.973145 5.964433 5.903735 5.512685 5.266799 4.768149 4.308866 4.032263 3.264882 3.50175 4.661851 5.875534 6.300191 6.454584 6.97463 7.198475 7.864637 8.379956 8.967279 9.365817 9.516545 9.009927 7.791921 7.010881 6.476559 5.883457 5.604955 6.14885 6.622525 6.937247 6.740462 6.195471 5.7213 5.459335 4.846164 4.221532 3.836515 3.481716 3.62518 5.535632 6.733876 6.925751 6.87967 6.623504 6.29068 6.052515 5.857132 5.60033 5.184564 4.389535 3.380356 3.39512 3.097966
