py_wake/examples/data/AJ_ParqueFicticio/Rough survey   Sector 1   Height 200m   Orographic speed.grd
DSAA
73  159
 258469   265669
 6501692   6517492
 .6526977   1.394486
[rows 84 to 111 of 159, columns 0 to 62 of 73]
.9190369 .914372 .9108429 .907474 .9042494 .8997234 .8965268 .8922259 .8884469 .8859774 .8838502 .8802896 .8756459 .8730872 .8713754 .869994 .8683766 .8680883 .8706144 .8754892 .88029 .8846501 .8894018 .8949482 .9018792 .9080215 .9129211 .9175622 .9203196 .9242036 .9295593 .9350607 .9383711 .9384888 .9347409 .9343208 .9295528 .9277517 .931258 .9342514 .9360125 .9344192 .9340765 .9330359 .9334198 .9361796 .940824 .9458962 .953754 .963446 .9730158 .9792829 .981467 .9804073 .977652 .9757786 .9732837 .9712175 .970374 .9679544 .9648968 .9598919 .957375
.913635 .9104624 .9068938 .9031824 .8997407 .8956487 .8923444 .8880383 .8843047 .8817466 .8782781 .8740063 .8695881 .8660906 .8657972 .8647392 .8631248 .8608361 .8602893 .8616214 .8656467 .8702238 .8772714 .8857942 .8956078 .9033821 .9087429 .9111233 .9133801 .9137865 .9183383 .9256423 .9295886 .9317892 .929688 .930899 .929685 .9326549 .9385617 .9428958 .9431211 .9408532 .9386701 .938044 .9376981 .940229 .9415792 .9423297 .9437161 .9496647 .9595828 .9691946 .9769061 .9809126 .9818873 .9828762 .9831101 .9809736 .9777385 .9734542 .9679577 .9603411 .956682
.9066848 .9047608 .9022624 .8987498 .8948978 .8916684 .8876501 .8839695 .8818002 .8781008 .8740677 .8704999 .8669187 .8628216 .8607315 .8601022 .8588443 .8568084 .853533 .8514398 .8516629 .8544837 .8598562 .8675435 .8774486 .886882 .8923454 .8975131 .8990296 .9016718 .9075578 .9136796 .9213846 .9268583 .9289712 .9320427 .9318656 .9359883 .9429494 .9479102 .9484338 .9464051 .9473488 .9484842 .949286 .9503995 .9506448 .9486275 .9470105 .9473262 .9509795 .9605444 .9714013 .97887 .9846795 .9882115 .9903444 .988488 .9850324 .9790852 .9725942 .9643342 .9599231
.9022808 .8997502 .8973354 .8934358 .8892707 .8857999 .8826199 .880123 .8778561 .8741694 .8706751 .8666947 .8636844 .8590404 .8549284 .8538052 .8530616 .8509908 .8494443 .8462002 .8437653 .8428497 .8436158 .8491285 .8576514 .8683683 .8771842 .8866397 .8919822 .8987969 .9081429 .9156244 .9242212 .9314814 .936312 .9378942 .9384013 .9424157 .946168 .9501184 .951439 .9529347 .9550941 .9587395 .9594586 .9589564 .9568892 .9554495 .9512474 .9471556 .9455273 .9515455 .9618508 .9740087 .9821446 .9879069 .98945 .9887215 .9844025 .9813098 .9766616 .9722947 .9686891
.900434 .8962412 .8927907 .8887729 .8844211 .8797795 .8764415 .8736793 .8709638 .8693531 .8670883 .8633215 .860176 .8564937 .8516192 .8466707 .8451602 .8442058 .8437714 .8422284 .84107 .8399835 .8408877 .843518 .8511214 .8637425 .8781848 .8931947 .9046198 .9139113 .9202431 .9284945 .9322382 .9383295 .9423514 .9431942 .9479089 .9527023 .9543684 .9561583 .9580014 .9614645 .962313 .9615299 .9596545 .9569179 .9534756 .9518856 .9476249 .9416529 .9365613 .9364773 .944227 .955587 .9679286 .9745649 .9767494 .9772588 .9772757 .9763787 .9777581 .9777184 .981556
.899666 .8943399 .8896584 .8857311 .8812681 .8764647 .8716738 .8661875 .8633117 .8621885 .8617139 .8604592 .8573825 .8541206 .8499902 .8425449 .8381326 .8377755 .8385665 .8405955 .8443411 .8473297 .8516409 .8586551 .8681345 .880073 .8979984 .9160151 .9308066 .9383833 .9422741 .9427751 .9436451 .9443561 .9452838 .9466028 .9530625 .9619052 .9653928 .96711 .9690051 .9695026 .967561 .9631264 .957855 .9550942 .9507098 .9470707 .9418622 .9366849 .9291946 .9251385 .9211341 .9283059 .9405947 .9507397 .9542837 .9572849 .9603797 .9660029 .9730945 .9794538 .9888393
.9005439 .8943464 .88898 .8830391 .8790627 .8740845 .8689583 .8637628 .8588371 .8559727 .8559082 .8565147 .8546492 .8524181 .8492942 .8434225 .8366609 .833847 .8352454 .8423085 .8520842 .8626099 .8737158 .8869991 .9008397 .9140862 .9302781 .9471661 .9592924 .9633648 .9623689 .9592648 .9577325 .9552811 .9528795 .9549899 .960679 .9703735 .9769524 .9808226 .9814174 .9796494 .9765243 .9720864 .9728923 .9719421 .9702682 .9661634 .958349 .950772 .9449666 .9374205 .9295282 .9226205 .9223036 .9281092 .9311363 .9336801 .9402668 .9534622 .9675904 .9816904 .9942963
.9010342 .8946828 .8894508 .883424 .878309 .8732284 .8687581 .8638889 .858813 .8550387 .8528916 .8529058 .8530458 .8527556 .8513811 .8469504 .840932 .8379924 .8397313 .8475175 .8638939 .8831677 .900944 .9198592 .9371485 .9505192 .9643979 .977199 .9838079 .9838663 .9809908 .9775427 .9739401 .9709257 .9669875 .9706146 .9715186 .9790241 .9885437 .9942457 .9961073 .9941851 .9918988 .99338 .9985174 .9999173 .9963089 .9919962 .9839886 .9786323 .9787492 .9722005 .9617348 .9495314 .9344044 .9237038 .9237667 .9288409 .9386203 .9541271 .9691442 .9876296 1.001726
.9031011 .8954591 .8896577 .8837536 .8781453 .8743539 .8706618 .8659601 .8618189 .8571402 .8534883 .8527373 .8524725 .8545163 .8566094 .8541484 .8522313 .8523216 .8557084 .8639951 .8814732 .9060069 .9302809 .9505972 .9688521 .9810628 .9934945 1.002095 1.00366 1.001019 .9974434 .9934571 .9875677 .9806045 .9774582 .9829127 .9844502 .9895386 .9985354 1.006865 1.011328 1.011586 1.013852 1.020171 1.023839 1.022172 1.015578 1.009285 1.006645 1.008429 1.010951 1.007952 .9999535 .986932 .9710302 .9594101 .9541663 .9577395 .9641585 .9725699 .9829928 .9976957 1.012114
.9029921 .8966234 .890243 .8843977 .8799495 .8761733 .8733411 .8692452 .8654795 .8618019 .8576958 .854249 .8543686 .856783 .8610104 .8656608 .8698919 .8751917 .8829619 .8923008 .9068981 .9300548 .9556485 .9779434 .9956628 1.006803 1.016913 1.022496 1.019737 1.012416 1.006265 .9989937 .993795 .9887177 .9896759 .9949817 .9973565 1.00002 1.009658 1.020669 1.028338 1.033778 1.039318 1.042348 1.039697 1.033411 1.026558 1.020488 1.021513 1.024803 1.027594 1.027852 1.023879 1.017504 1.009275 1.001975 .9989555 .9980509 .9958179 .9950403 .9991352 1.008997 1.022272
.9028796 .8975781 .8911136 .8857519 .881069 .8785854 .8765875 .8731899 .870424 .8677733 .8637143 .8595869 .8579195 .8600193 .8663871 .8762605 .889304 .9035945 .9157677 .927265 .9393452 .9558586 .9791518 1.000589 1.018129 1.027364 1.034212 1.035823 1.025228 1.01499 1.005597 .9974278 .9939036 .9934117 1.000499 1.007816 1.01057 1.015701 1.025907 1.036466 1.045423 1.050381 1.053113 1.049191 1.043423 1.036114 1.029845 1.027264 1.028283 1.028614 1.026942 1.024271 1.025541 1.027303 1.026122 1.02543 1.024346 1.021901 1.017561 1.01384 1.013898 1.019091 1.030892
.9013627 .8972329 .8927937 .8886228 .8842347 .8813576 .8804018 .8796791 .8777696 .8749885 .8726139 .86977 .8673635 .8678323 .8740272 .8870698 .9066153 .927461 .9465775 .9618334 .973291 .9852796 1.002232 1.020682 1.035292 1.040956 1.040037 1.031216 1.017591 1.00532 .9960613 .9910706 .9926689 .9992722 1.010255 1.021374 1.025716 1.031695 1.04105 1.049461 1.052257 1.052022 1.050924 1.045559 1.039925 1.035128 1.031631 1.030631 1.027025 1.021794 1.015984 1.011226 1.010441 1.01348 1.018901 1.02405 1.028224 1.029896 1.030789 1.029777 1.027071 1.027356 1.033691
.9004821 .897414 .8955032 .8930091 .8906128 .8877092 .8855665 .8858094 .8868163 .885384 .8844531 .8842487 .8835869 .8849326 .8903391 .9026094 .9224638 .9466928 .9701168 .9903762 1.005215 1.015551 1.027145 1.037439 1.045316 1.040464 1.025513 1.007497 .9913932 .9818599 .9801282 .9849458 .9959199 1.009113 1.024916 1.036025 1.043004 1.047375 1.053227 1.057786 1.052261 1.045064 1.038807 1.032834 1.029519 1.028803 1.027006 1.021913 1.014468 1.006259 .9976967 .9894329 .9816443 .9794092 .9902281 .9999309 1.010318 1.020088 1.031402 1.036616 1.034702 1.031806 1.031673
.901493 .8996288 .8981916 .8979081 .8982155 .8974382 .8946895 .8936282 .8961984 .8975418 .8991703 .9022141 .906399 .9111572 .9179477 .9280618 .9435564 .9653787 .9910722 1.014852 1.030829 1.038397 1.045533 1.04986 1.044151 1.025393 1.002556 .9806845 .9679328 .9672387 .9778199 .9934005 1.007505 1.021103 1.036786 1.047841 1.05812 1.05827 1.054479 1.050491 1.039595 1.030103 1.022252 1.015975 1.011323 1.008101 1.002309 .9963432 .9881144 .9790767 .9705575 .9601393 .9507583 .9451846 .9521878 .963729 .978108 .9922081 1.008708 1.024746 1.032935 1.032354 1.028518
.907235 .904629 .9035037 .9035023 .9044195 .9079872 .9079559 .9058186 .9085664 .9129388 .9186267 .9258329 .9358076 .947199 .9583154 .9670234 .9784105 .9953202 1.017066 1.038561 1.053493 1.057526 1.058687 1.054788 1.037612 1.01351 .9909844 .9781442 .9805537 .9911591 1.005062 1.017293 1.025717 1.029921 1.038666 1.046549 1.051566 1.049256 1.042242 1.033662 1.021137 1.010537 1.002144 .9958563 .9910197 .9841725 .9739913 .9644521 .9550607 .9454482 .9392617 .9342209 .9329614 .939757 .9469134 .9565426 .9650496 .9774227 .9918515 1.008352 1.022859 1.031591 1.029852
.9167511 .9136191 .9135991 .9132109 .9140391 .9200532 .9248706 .9248679 .9271926 .934257 .9428955 .9545966 .969323 .9872271 1.004835 1.016733 1.026812 1.037625 1.053288 1.068037 1.076398 1.077168 1.072323 1.056996 1.031538 1.010706 .9989644 1.00594 1.01925 1.030677 1.037284 1.040675 1.039611 1.034023 1.034198 1.034865 1.029736 1.022978 1.016849 1.009594 .9992988 .9873928 .9781605 .971116 .9684299 .9651861 .9574844 .9437712 .9334829 .9261262 .9247994 .9317597 .9455702 .9631796 .97328 .9843116 .9923804 1.001812 1.008102 1.020135 1.036025 1.046961 1.0475
.9297518 .9298192 .9300132 .9300641 .9310372 .936573 .9458925 .9517708 .9547646 .9632587 .9746242 .9887161 1.006261 1.027355 1.049397 1.068233 1.080187 1.088493 1.095108 1.101898 1.10263 1.094974 1.08146 1.056863 1.034658 1.023653 1.027494 1.042141 1.058341 1.062302 1.059897 1.05461 1.047339 1.038841 1.031011 1.02106 1.008188 .9966654 .9868214 .9806711 .9720343 .9608421 .9535897 .9511195 .9491464 .9509611 .9506766 .9463726 .9437088 .942925 .9480085 .9589347 .975482 .9940856 1.008389 1.021024 1.030324 1.039632 1.04775 1.05657 1.066302 1.068099 1.06755
.944409 .9494896 .9513782 .9525427 .9549416 .9591978 .9714671 .9830322 .9901108 1.000728 1.013953 1.029123 1.04875 1.070212 1.093901 1.115781 1.130731 1.138332 1.139305 1.137195 1.128136 1.110868 1.088384 1.06642 1.056027 1.059109 1.070458 1.08081 1.084314 1.078263 1.069226 1.05894 1.049964 1.040272 1.031741 1.016029 1.000291 .9857394 .9697278 .9557597 .9473398 .9419431 .9414855 .9450953 .9515001 .956776 .9630646 .9719326 .9806029 .9844466 .9899463 .9985376 1.011963 1.027338 1.04151 1.052474 1.061033 1.068187 1.073219 1.076686 1.076855 1.077022 1.080245
.9592367 .9681527 .9745443 .9783683 .9828215 .9875748 .9986511 1.015351 1.028229 1.041454 1.058133 1.07253 1.092864 1.115734 1.138089 1.159977 1.174428 1.181394 1.180643 1.171583 1.153299 1.131972 1.112496 1.099522 1.09821 1.102911 1.106077 1.102949 1.092465 1.080796 1.069243 1.058801 1.050465 1.040353 1.02715 1.01196 .9961864 .980859 .9633287 .9467145 .9408732 .9428289 .9534448 .9638361 .9707382 .9769178 .9880581 1.004598 1.021512 1.030208 1.035192 1.039932 1.047775 1.056994 1.065679 1.070291 1.074015 1.075342 1.075518 1.07426 1.074134 1.080192 1.095062
.9707474 .9841279 .9950944 1.004063 1.01182 1.015699 1.023589 1.040625 1.059582 1.076652 1.096177 1.115326 1.135193 1.158764 1.182005 1.202624 1.213431 1.218466 1.217198 1.206611 1.189583 1.173934 1.16117 1.153681 1.150277 1.144206 1.131357 1.11115 1.091197 1.075026 1.065289 1.057596 1.049897 1.038041 1.023489 1.008263 .9928463 .9773487 .9639015 .9565749 .9566044 .9612661 .9729115 .982398 .9886672 .9952413 1.011714 1.033729 1.054604 1.070811 1.077679 1.080013 1.080401 1.080515 1.080059 1.077696 1.077972 1.077057 1.075054 1.072575 1.074812 1.084589 1.099229
.9720677 .9915178 1.010289 1.025694 1.035128 1.039847 1.045179 1.059713 1.078305 1.099065 1.121483 1.144883 1.168963 1.193598 1.217678 1.237526 1.249052 1.252824 1.251729 1.246455 1.236624 1.227855 1.220164 1.211433 1.198921 1.177564 1.149755 1.122095 1.099599 1.083772 1.074512 1.065665 1.056309 1.043034 1.028532 1.013491 .9982057 .9809459 .9696817 .9693169 .9743174 .9807333 .9854275 .9900839 .9959008 1.006618 1.028246 1.057394 1.08342 1.10516 1.119067 1.121801 1.118423 1.110732 1.104594 1.099791 1.097946 1.094761 1.091797 1.087166 1.083816 1.087571 1.092631
.9717103 .9900901 1.013203 1.033602 1.049282 1.056439 1.064022 1.0775 1.094321 1.114807 1.137634 1.164154 1.191472 1.217198 1.239219 1.259295 1.27356 1.279988 1.282215 1.280688 1.277924 1.274099 1.267367 1.255995 1.235086 1.204991 1.175561 1.149209 1.129311 1.112989 1.100294 1.086808 1.071215 1.056931 1.041847 1.025742 1.007867 .9904299 .9818743 .9815474 .9859181 .9903495 .9919673 .9983752 1.011404 1.031413 1.052991 1.080955 1.110176 1.135924 1.157062 1.166877 1.165804 1.159403 1.153169 1.146858 1.137803 1.127639 1.118361 1.108176 1.098835 1.091317 1.084391
.9846789 .9948299 1.012283 1.034216 1.056062 1.071711 1.082817 1.095085 1.111969 1.133066 1.155415 1.17981 1.204835 1.22978 1.249581 1.263075 1.277233 1.289225 1.293282 1.294736 1.294258 1.291419 1.286347 1.27642 1.260263 1.23593 1.213109 1.190863 1.171722 1.153294 1.134308 1.11345 1.09178 1.07158 1.051801 1.03403 1.018162 1.003765 .9974148 .9940434 .9972755 1.002547 1.008974 1.023503 1.045212 1.07216 1.094032 1.111939 1.135612 1.161565 1.186169 1.205764 1.213314 1.213453 1.207631 1.194943 1.176274 1.155537 1.137026 1.12394 1.111331 1.098652 1.085122
1.017603 1.019121 1.02827 1.044558 1.066092 1.089642 1.106961 1.119833 1.135145 1.153368 1.173358 1.193653 1.213383 1.230787 1.242624 1.249374 1.256525 1.26845 1.277809 1.28399 1.285681 1.284365 1.281468 1.278382 1.27443 1.26609 1.252206 1.23575 1.217572 1.195137 1.169657 1.142599 1.114493 1.08944 1.067053 1.048182 1.032684 1.024975 1.02071 1.016779 1.018906 1.028896 1.043718 1.066439 1.093224 1.121655 1.143239 1.155708 1.168155 1.185505 1.203957 1.226257 1.238316 1.239283 1.233041 1.214979 1.190479 1.166456 1.146399 1.130335 1.116779 1.103605 1.090456
1.064068 1.062578 1.066235 1.075151 1.089865 1.110701 1.13104 1.14684 1.158252 1.171266 1.187292 1.202801 1.215059 1.221349 1.221107 1.220192 1.220409 1.227522 1.23967 1.252071 1.262068 1.266583 1.269383 1.274087 1.277797 1.28014 1.278192 1.270605 1.256961 1.233878 1.20633 1.175368 1.142475 1.113096 1.088361 1.068832 1.057045 1.05302 1.052605 1.052611 1.057827 1.071138 1.091777 1.115846 1.142481 1.168094 1.186575 1.197328 1.203611 1.210424 1.219212 1.230146 1.231702 1.227284 1.21545 1.197912 1.177713 1.157978 1.142244 1.128949 1.11736 1.105321 1.096809
1.11644 1.114672 1.113425 1.117112 1.123576 1.135527 1.150225 1.164909 1.174012 1.182672 1.193763 1.202962 1.207726 1.201447 1.193513 1.187567 1.182648 1.183763 1.194873 1.210965 1.228325 1.240094 1.246096 1.256468 1.26726 1.277765 1.289105 1.293331 1.283716 1.262175 1.233728 1.198168 1.162647 1.128746 1.103725 1.087888 1.083342 1.086191 1.091088 1.098238 1.107006 1.122008 1.142442 1.16164 1.18003 1.198343 1.211251 1.220975 1.226918 1.231792 1.231932 1.2274 1.216121 1.200036 1.180877 1.16266 1.147402 1.133769 1.123634 1.1172 1.10949 1.101514 1.097792
1.16389 1.16418 1.158437 1.156327 1.155827 1.15811 1.165269 1.175313 1.184968 1.190621 1.197222 1.201622 1.197927 1.187755 1.176755 1.165561 1.15536 1.147082 1.1522 1.170416 1.191488 1.208323 1.218254 1.232227 1.247533 1.264196 1.283129 1.2943 1.290044 1.272617 1.244598 1.209495 1.1729 1.141959 1.119905 1.109646 1.10995 1.119036 1.13089 1.144436 1.156318 1.170205 1.184005 1.193851 1.20125 1.205346 1.208892 1.213691 1.220008 1.226047 1.226711 1.215777 1.195929 1.172661 1.150346 1.131386 1.117584 1.106962 1.099455 1.092542 1.088359 1.085963 1.090117
1.203913 1.201638 1.193841 1.188429 1.184442 1.181448 1.18249 1.188845 1.197688 1.204016 1.207393 1.209081 1.201711 1.190299 1.179715 1.164644 1.146643 1.134948 1.131784 1.141609 1.158912 1.178986 1.195526 1.213085 1.233755 1.251709 1.269236 1.276278 1.27414 1.265149 1.250273 1.225724 1.198552 1.173433 1.154698 1.143502 1.142115 1.154036 1.169504 1.187213 1.201351 1.211377 1.215435 1.213884 1.20906 1.200966 1.195606 1.193031 1.195937 1.201933 1.196711 1.184288 1.163329 1.142984 1.124852 1.110162 1.09897 1.089111 1.08074 1.07291 1.067441 1.067438 1.075335
