py_wake/examples/data/AJ_ParqueFicticio/Rough survey   Sector 7   Height 200m   Power density.grd
DSAA
73  159
 258469   265669
 6501692   6517492
 60.60076   582.905
[rows 112 to 139 of 159, columns 0 to 62 of 73]
429.3545 418.3763 406.3986 395.5557 381.1507 381.5956 382.2482 386.2633 393.1004 396.9395 397.7057 396.605 388.4608 378.935 366.0151 348.5192 332.1626 320.9566 312.9036 308.4482 314.4382 331.6633 352.2546 376.4865 397.0287 410.4917 415.8066 424.3535 422.9353 421.9796 417.6172 410.6592 401.8716 392.7763 381.6757 376.0023 379.5493 382.917 386.9132 404.0736 418.6387 422.8222 415.4198 399.9999 381.7965 366.337 351.9654 341.6865 337.4177 339.9297 340.4279 333.0418 327.516 318.538 312.3753 306.629 303.7998 300.2036 295.6291 290.6 286.6039 280.5017 279.1166
466.4838 453.7721 442.6411 433.1932 419.5515 418.3217 422.4834 424.9858 428.2441 428.118 426.2237 422.6506 412.6457 398.5897 383.6458 365.6063 351.6053 341.0964 328.59 316.1896 310.9088 316.739 334.8496 360.3932 382.5464 393.3743 393.9159 398.0593 396.4895 400.3864 405.1835 417.8033 431.4753 436.9412 434.5668 434.3898 438.4869 437.8467 439.0157 452.7009 465.1185 464.2717 449.1728 426.6929 400.6132 377.6609 355.5905 337.9626 322.6942 311.8177 306.0313 299.0468 297.65 295.8724 293.6212 294.3954 295.2498 294.9918 294.0118 289.3234 285.3655 277.4108 267.7292
497.0457 485.0012 477.0692 468.6617 456.5187 454.6671 459.4182 463.7309 465.1328 461.1008 457.7066 452.1914 437.2341 419.9386 403.5584 389.474 381.3061 372.5991 357.5125 340.3864 326.6114 320.1675 323.6461 339.7689 358.1341 368.3852 367.9603 374.3564 373.6067 378.8683 392.0536 413.1238 436.8029 456.6252 472.6995 488.1121 502.5968 503.0382 502.4311 514.2303 521.6262 514.0092 492.898 464.8752 432.1877 402.5276 372.9442 346.7797 324.2018 302.845 288.4474 282.162 279.776 280.8565 282.5817 284.9984 288.3236 289.5627 291.5511 290.3764 288.1454 281.2261 267.6117
498.4741 495.1548 490.6448 486.042 475.4108 475.016 483.5235 488.6634 491.2499 490.3887 488.5378 479.4407 464.1953 450.0808 435.6123 428.233 424.8255 418.4628 403.0298 386.8161 367.3959 347.9458 330.9383 325.4666 331.4536 337.8357 338.6186 348.4268 352.8692 358.9614 376.4282 399.2274 422.107 447.6707 476.7372 513.387 544.1086 553.4364 557.8352 570.2427 573.8936 563.5929 539.0511 513.217 480.5347 443.8228 402.0896 366.7744 337.1276 312.4547 293.9305 281.1975 274.8912 274.2448 276.7589 279.4326 281.4109 285.4201 286.9074 288.0524 287.7148 281.5186 269.9353
461.6414 466.8288 465.5747 466.0623 461.4528 472.5789 485.0203 494.2264 502.4619 509.8135 512.0452 505.6896 495.6528 485.8791 478.2089 475.2454 472.4596 468.359 457.9624 442.3812 420.3566 390.0048 357.4475 329.4032 314.8123 314.3221 315.225 325.7307 335.0651 349.9338 370.7501 391.0762 412.9739 438.0891 473.5201 511.1904 540.7531 557.4077 576.9894 582.905 582.7284 572.8132 563.6604 543.4886 512.8135 474.0229 434.5176 394.702 359.6602 330.6262 306.825 289.3797 278.8891 273.7338 272.8796 273.9838 275.2867 277.7293 280.1901 282.0542 280.7215 276.1944 266.9851
394.0634 402.8087 407.5558 407.5676 428.7451 449.9208 467.3366 484.5154 499.2922 512.4913 518.7642 517.0984 514.5553 512.4532 509.8975 505.894 498.8633 492.2026 481.816 468.1888 447.8011 419.6394 383.777 347.3562 316.9951 302.4253 301.2754 314.9771 330.2642 348.5623 367.4599 385.0592 407.9093 432.8714 461.7519 484.4815 495.723 517.3268 527.6047 531.0402 529.5712 520.9002 519.2528 505.3295 486.39 460.4146 429.8521 396.0301 364.0391 335.6575 312.9019 296.01 283.7669 276.1725 272.0263 269.7204 269.0319 268.6386 268.1375 269.1326 267.6607 262.0375 253.0846
312.8624 323.4574 339.7391 360.1229 389.6608 418.5656 443.8309 464.0955 481.0523 491.6891 494.1152 497.0473 500.8047 502.5002 503.0581 497.6619 484.6675 468.247 455.9716 440.8921 425.1103 406.7664 383.7851 355.1035 326.3798 304.9619 296.3238 308.6275 329.1941 346.6932 362.1374 376.7664 394.9144 411.6933 424.8235 426.5521 439.3866 450.7379 451.3397 446.2014 440.5803 432.6567 432.8672 424.1138 412.187 398.5597 384.0184 363.0138 343.6055 324.362 308.9429 296.0284 286.9767 279.7919 274.6319 269.9547 267.0776 263.5982 258.7817 251.6457 242.6215 236.0107 227.1595
265.0276 281.3639 301.5939 331.5095 364.2737 397.2328 425.6153 448.2563 464.4449 466.232 458.3543 453.3017 452.1614 453.0985 454.5016 452.9179 439.9642 421.0582 400.1756 382.6331 369.1054 358.6931 354.8877 348.7463 331.139 314.5123 305.2071 307.4953 322.3112 338.0841 349.6939 359.6571 368.6542 373.6687 374.4707 380.3105 387.6025 394.0632 387.6278 375.8377 362.3265 353.1457 353.2734 348.8631 340.2975 330.4056 323.1602 314.8587 307.3171 300.3262 294.3254 288.788 283.7575 279.6883 275.6753 271.3652 266.0085 259.6737 249.7349 235.8008 220.0096 209.65 203.258
253.8921 269.0966 294.8241 324.2374 356.5382 387.7977 415.116 438.5765 452.7234 448.1661 430.5425 413.6789 403.0273 396.8382 397.7621 396.9796 388.4009 371.1623 352.0613 334.6395 321.6762 314.9098 313.1674 318.2128 321.2912 316.8891 309.306 304.8068 307.8023 317.8317 327.8958 335.9292 340.1736 337.2073 338.9363 345.3347 354.1457 358.4704 351.3459 337.4518 319.351 304.1691 300.7818 298.1141 296.2297 289.4796 285.7789 280.1903 275.5475 276.6408 276.1356 274.4589 274.3477 272.4065 269.134 264.4643 256.8845 245.3736 230.2704 215.4711 204.1635 196.7667 193.7519
270.9016 287.1549 307.7113 332.7373 358.9853 386.8076 410.2895 429.8179 437.8009 433.32 416.2479 394.6755 374.1886 360.2845 352.4626 347.0594 339.1812 326.7978 314.8256 303.2773 293.5038 287.6281 283.8995 285.6317 291.3733 297.1045 296.8122 292.1444 290.2173 295.9407 305.7182 314.3122 315.0621 314.6985 321.3739 329.351 337.3242 340.4076 331.1647 316.7121 298.7335 280.473 271.654 267.4593 269.3652 269.6807 269.2201 267.4052 265.2331 262.7279 264.0335 263.054 260.5231 258.6961 254.2139 247.1842 236.4174 223.357 211.8501 204.1717 202.0278 200.5108 205.9995
298.8898 311.9723 328.2276 346.883 367.4648 387.1326 405.2832 417.0912 419.2199 417.548 409.9987 391.7487 371.8952 355.0646 334.6236 317.002 301.7321 289.7622 284.8076 278.3638 270.2415 268.679 266.2769 264.2209 265.2755 269.0814 275.8743 278.3137 276.905 279.357 289.0547 298.493 301.8315 311.0806 320.6689 328.015 330.7245 324.7138 311.4749 296.3359 281.5427 268.7195 254.0715 247.0513 248.3867 253.5312 257.1354 262.0508 261.9114 259.7124 257.6906 255.3132 249.3034 242.1818 232.254 223.8262 215.5886 207.6441 202.4207 204.3888 211.5609 218.9174 232.194
326.3598 340.269 353.9322 367.1514 378.6519 388.7699 394.6346 392.8147 392.1259 393.8009 396.4297 390.4418 380.0383 363.6925 343.1785 320.2698 297.3149 282.1614 272.66 266.7414 262.3627 258.9391 261.9612 260.8256 257.8387 255.9598 255.6526 261.4227 268.1318 273.1356 281.8921 293.2393 303.9155 316.1083 324.1908 326.3575 318.4972 303.0995 283.814 270.6277 267.368 259.1673 246.8648 237.3452 234.7675 237.7673 243.9146 251.825 256.5562 257.3972 255.6251 249.2737 241.6519 230.1557 216.792 205.452 197.6949 194.745 200.182 213.0924 229.01 244.066 256.335
348.6575 367.0533 380.7208 387.9928 391.8805 388.779 376.5121 365.3685 357.9157 358.7483 367.7073 373.8372 374.3833 369.1399 357.239 341.696 325.5091 312.9799 302.8641 295.1588 290.5147 285.8657 283.8378 279.1893 271.4801 260.5875 254.5421 255.9264 261.0326 268.5242 278.6087 293.4858 307.0602 316.9606 320.4049 315.6799 299.6738 276.1293 260.5063 250.4941 250.5085 247.6821 242.843 236.2248 231.1344 230.0152 230.44 236.3841 242.3224 248.4337 248.8042 243.7475 233.6762 219.6732 206.306 195.3189 188.0326 191.8761 203.0678 223.9513 243.3196 258.4117 268.3573
359.787 382.2849 397.0109 401.6368 398.6156 383.8435 362.2398 341.2755 326.7979 324.934 333.1693 342.721 349.8948 354.3015 353.7879 357.036 360.6351 360.703 357.1595 350.3814 344.1481 337.7055 327.4425 314.0745 299.2121 282.8798 273.8767 271.9016 273.1741 274.7681 279.941 290.4259 299.5025 306.5024 306.1747 296.9383 275.8025 258.107 245.3153 240.6137 237.7888 234.5093 232.7336 231.8875 229.665 227.5662 225.7259 225.4214 225.4223 229.7548 231.521 227.4256 217.0099 203.6383 193.9398 187.1929 186.4616 194.5693 209.9227 229.6205 246.7131 260.6258 270.6255
361.9611 384.7534 400.4131 404.717 397.6779 379.8481 353.4537 329.9418 312.288 301.1311 301.1068 308.2506 318.1194 321.7774 322.4825 328.0008 342.9145 361.1352 375.8098 382.1935 378.7515 369.1391 354.1754 336.6189 320.164 307.6364 298.05 293.4454 289.8239 284.772 281.8131 283.0371 286.1394 288.6387 287.4185 276.0653 256.7704 244.1362 232.3794 231.0194 227.9047 224.1793 220.648 220.1762 220.5568 220.798 219.8453 218.5382 215.2893 211.6035 210.6518 205.8434 197.4545 189.2986 184.6903 185.2958 191.0561 201.1662 218.4135 231.7232 244.0761 254.7316 262.6529
357.1315 379.9066 395.7587 402.1652 392.0164 372.9944 349.0359 326.9421 307.5995 290.3327 279.4424 280.7015 287.2085 287.6875 287.9139 295.8688 303.0192 321.1389 343.5468 359.3935 364.0191 360.8605 351.782 339.3172 322.9223 310.654 301.7853 294.0605 289.8841 282.4424 275.0452 270.6031 272.1814 272.8284 269.4236 253.9131 239.655 229.6643 223.8604 218.6016 214.9485 212.1279 210.856 209.5426 209.818 210.3943 212.0367 212.9282 212.188 206.6686 201.6362 195.9127 191.4516 190.4603 193.0441 198.7722 206.9564 213.8977 225.7234 231.4622 236.6784 242.6178 247.0434
341.8258 366.614 384.6758 390.3448 379.3504 359.7204 334.7634 313.2964 297.3419 282.6455 270.0581 262.5805 263.7859 264.8369 265.9557 270.9309 273.1586 281.2964 290.6656 309.2897 321.0552 326.6872 324.9368 320.5465 310.6802 293.7094 276.3965 267.6884 264.6601 261.2473 256.1309 253.4381 253.5273 252.1387 245.5418 227.5888 217.9697 210.475 210.0292 205.7077 201.8431 199.2967 199.2831 200.1319 202.1337 203.1398 205.6838 208.9415 214.3762 212.238 207.5064 202.4476 202.024 207.9061 217.6533 227.507 234.0465 234.6393 233.5452 230.6535 229.0779 229.2994 232.6356
328.5274 352.1792 369.3401 373.1806 361.0651 336.2485 310.2925 290.5363 278.8806 269.0538 260.1475 253.2156 248.981 252.2946 255.1934 255.007 254.8653 252.1907 254.5049 259.8881 276.6164 289.045 292.9231 293.2335 292.4331 281.4465 261.0491 241.0036 238.1981 237.3589 235.1031 230.7085 227.686 223.4522 216.0666 201.5491 196.3838 195.8775 197.8059 196.464 195.2023 193.5882 192.1558 192.0694 194.3927 198.3311 202.1248 206.2365 212.6393 215.2879 213.7627 212.9472 218.169 230.7254 245.3231 255.6965 258.3273 252.1563 243.3984 236.7887 228.1649 224.8407 228.3622
329.373 345.3169 355.124 351.6583 338.5541 316.5299 297.9463 282.2939 267.955 260.402 256.2268 250.6491 246.5265 246.9291 248.6423 245.4351 244.5652 240.2281 234.514 233.6123 243.3805 257.0451 266.2284 271.9733 276.4546 273.1577 260.324 241.7963 231.9168 231.8305 226.5494 216.546 207.0477 200.3534 192.0121 182.3437 181.7059 187.7787 195.2803 197.6637 198.0676 196.7942 194.3856 192.2606 191.4893 194.3949 199.2144 204.267 209.4345 212.5727 214.9773 220.7139 231.694 247.2808 261.2733 269.9844 271.4759 266.6852 255.5983 250.2959 243.0917 232.4125 227.7866
339.3568 344.7236 343.5699 336.0948 321.586 304.4073 296.6366 288.3315 278.1519 268.0258 264.7195 260.6407 254.9317 247.5125 244.7514 241.5466 240.3494 236.494 229.9746 223.2042 226.4247 236.0334 244.9911 252.7162 260.4532 263.593 263.8514 257.0987 247.5355 245.0154 238.1589 223.8446 206.9396 191.398 181.8609 173.683 176.1452 186.4271 197.7873 204.3307 206.8915 206.7695 206.011 204.1693 202.3334 200.4116 200.0108 201.8701 205.5033 208.2827 213.5609 225.3965 242.5116 256.9672 267.3031 275.1026 278.5818 278.8139 274.6219 265.4248 257.694 244.0336 232.7434
344.1715 337.7888 332.4052 323.7565 309.5596 296.0111 289.8102 290.3387 288.223 278.3205 270.6254 267.9308 259.9017 250.1063 242.12 237.7901 234.0065 234.2908 228.6108 222.7758 221.4474 224.6438 230.4459 236.8821 244.0885 250.7622 257.7511 263.5613 259.7735 256.8643 252.2324 239.6382 223.3854 205.079 189.4767 177.861 177.3938 185.1968 195.9842 205.3869 211.4991 215.2411 216.3437 216.6923 215.1414 211.6372 206.6203 202.5861 202.3837 203.3133 212.923 230.3539 248.6008 261.9792 269.3422 274.9756 280.8633 283.6348 284.2594 277.169 268.4261 258.3603 245.1494
346.1038 329.9052 318.5265 308.9446 297.0183 287.5689 281.9858 286.6324 289.6192 282.644 272.7747 263.0423 255.4981 245.683 235.3284 228.7943 222.1473 222.8582 222.2138 222.3619 220.5015 219.8655 221.1669 224.3291 228.1059 231.8004 239.2226 247.7127 252.1874 255.2467 255.3093 248.5537 235.7982 217.8346 201.5591 189.0894 180.5368 180.3819 187.7685 197.4926 205.0549 209.803 214.7215 218.3689 219.238 214.7418 210.1936 204.0198 199.2568 199.955 210.414 224.9661 239.7964 252.6138 263.1874 271.4492 277.6437 283.8896 288.8191 288.0527 278.6035 271.919 260.2266
350.383 327.306 309.7781 297.4418 289.0076 284.0522 281.4404 285.5268 291.4489 289.4194 279.4664 264.1792 247.9724 238.3056 226.5377 215.9803 206.8109 208.1592 210.6205 215.1932 216.3066 215.5588 214.631 214.7158 213.6473 216.2812 223.2657 230.9611 234.4053 237.5758 237.7734 235.0716 229.2788 219.9406 206.2246 194.3169 184.8034 180.7993 181.6824 187.2112 194.9586 199.233 203.7497 207.9064 209.1808 207.6833 204.9026 199.7259 195.694 195.4121 204.1188 214.0909 224.4916 235.9191 248.8183 261.1898 272.3052 278.7619 286.5452 290.7964 289.0627 281.1695 274.0595
359.484 332.3221 310.0819 296.0239 288.1948 283.6059 277.9337 275.2612 280.7238 283.901 281.2135 270.4258 254.3342 236.7292 222.0272 207.8771 197.7258 196.668 198.9005 205.016 209.8721 211.6727 211.5647 210.2964 206.9846 208.4756 212.7309 216.0947 219.4783 221.8675 221.0285 217.3963 213.2281 210.4089 205.2208 196.5218 189.0423 181.5975 178.6842 181.6079 187.0102 191.5119 193.2534 194.8597 196.1686 195.2352 192.9962 190.0923 189.2311 190.4725 197.9573 205.5221 211.0985 218.5855 229.8437 244.2359 258.2859 271.0276 277.8259 285.0695 289.1645 287.5811 278.5823
365.2614 338.4157 314.3972 296.3137 286.1201 275.959 261.6118 253.2731 255.3934 259.9652 263.2801 262.9188 256.4554 245.3062 228.3873 212.6779 198.5613 190.6702 190.6111 193.5021 200.6272 207.2186 210.1716 210.5596 208.5236 208.994 208.991 206.2376 206.8149 207.1334 207.9598 205.3864 199.6185 196.4855 194.6633 191.1991 187.4752 183.5195 180.1503 180.6216 185.7516 188.9297 189.088 188.7091 187.6597 186.52 185.9163 186.9802 188.7084 192.259 198.2834 201.6404 202.9213 204.4621 210.1633 221.3019 236.1788 250.7969 264.0937 270.9208 279.9659 283.474 280.2728
355.7727 331.4351 311.0848 291.6617 276.5997 258.887 239.8214 234.1543 232.2793 231.7831 233.7528 238.8125 244.2873 245.7753 238.6685 221.751 205.3888 193.5077 187.4435 186.3197 191.311 199.0382 204.8966 209.0237 209.8039 209.8952 206.65 200.656 196.5383 193.6667 193.8848 194.8851 191.8042 187.8723 185.3736 184.8282 184.4201 182.9728 180.3068 181.5608 186.5899 189.2462 190.8062 190.3817 188.9964 188.2689 190.3203 195.6757 199.7345 202.1308 202.459 201.0266 197.5376 194.3718 195.6433 199.7289 207.7664 221.5546 237.7293 251.1603 260.4452 270.3974 274.0598
329.5849 312.8436 297.2285 279.7859 259.8938 239.5256 227.726 224.6994 220.5326 214.321 210.9286 214.4082 220.0483 227.1295 230.053 227.9132 217.3104 205.0571 193.9652 187.283 187.2856 192.2494 197.0219 203.4397 206.8288 206.6111 202.3382 195.5033 190.0826 185.4719 183.8323 185.9827 187.3248 186.3113 183.878 182.1363 181.716 180.4932 178.5824 178.5389 182.6808 186.1714 188.5719 190.1264 192.7833 194.0912 197.5651 202.2453 205.679 207.4355 205.9393 204.4583 199.5744 193.1563 190.377 188.6033 189.514 195.6475 205.8204 222.49 237.7722 249.1829 260.6078
302.4186 289.4606 278.1097 261.5676 242.6933 228.2194 223.165 220.8233 217.5958 211.3964 204.7159 201.0995 202.2644 206.2984 213.369 218.4816 218.3228 213.4978 207.1753 196.9136 191.8397 191.8589 195.48 201.1032 201.7049 200.8152 197.3568 192.0522 187.3158 182.9582 180.8774 180.7787 183.2759 185.4079 184.1764 183.4565 181.3445 179.0542 177.3111 175.9377 176.9129 179.063 183.4171 185.9534 189.5299 193.1583 195.4629 199.1233 203.3339 204.9768 208.6359 213.5013 211.8117 204.7024 194.8713 186.5784 182.1128 182.0528 187.6936 198.1587 211.6753 226.6037 238.5485
