py_wake/examples/data/AJ_ParqueFicticio/Rough survey   Sector 7   Height 30m   Orographic speed.grd
DSAA
73  159
 258469   265669
 6501692   6517492
 .01442826   2.19552
[rows 28 to 55 of 159, columns 0 to 62 of 73]
.993786 .9971087 .9965406 .9960163 .9958369 .9952425 .9972511 .9988748 1.006036 1.00745 1.008114 1.008729 1.006912 1.005539 1.006708 1.010057 1.009247 1.007383 1.00686 1.005269 1.002516 1.002859 .9985696 1.002648 1.007684 1.005153 1.0043 .9902547 .9900613 .9853442 .9738662 .9652413 .9404913 .909153 .9299566 .9556471 .9733715 .9590334 .9540054 .933611 .9117706 .9036326 .9069393 .9177332 .9499574 .9684069 .9638814 .9501866 .9369307 .9336564 .933629 .9722623 1.0293 1.07025 1.022408 1.040392 1.092181 1.134238 1.109047 1.046257 .9616194 .8991913 .8416374
.9883171 .991809 .9936264 .9950598 .9943544 .9958435 .9982992 .9990622 1.004084 1.008343 1.008837 1.010121 1.012267 1.012583 1.012856 1.014365 1.013114 1.011966 1.012413 1.011274 1.014566 1.009327 1.004165 1.005745 1.009794 1.010105 1.008005 .9991643 .9961201 .9951579 .9920805 .9835888 .9736319 .9647537 1.002045 1.014463 .9939194 .9842889 .9795706 .9598135 .9359042 .93119 .9299495 .9166085 .9436449 .9944382 1.04967 1.086459 1.12495 1.149852 1.133409 1.091084 1.093384 1.136566 1.153268 1.172991 1.228207 1.205536 1.168098 1.120338 1.049922 .984983 .9265515
.9845455 .9879041 .9887474 .9921204 .9931964 .994101 .9960492 .9960188 .9995338 1.001811 1.005271 1.00607 1.00428 1.002417 1.009913 1.014329 1.013793 1.013319 1.015149 1.01282 1.016021 1.01335 1.011232 1.01001 1.014984 1.015304 1.012243 1.00785 1.004905 1.010693 1.013661 1.014707 1.019578 .9906061 .9995388 .9870351 .988889 .9989311 1.001557 .9931215 .9572895 .9447804 .9518592 .9600157 .9487523 .9814595 1.061412 1.157883 1.255036 1.343406 1.388212 1.37585 1.29819 1.267772 1.294728 1.265815 1.225052 1.145776 1.081364 1.020331 .9731116 .969063 .9686075
.9806969 .984322 .9868794 .9902758 .9894011 .9898974 .9916677 .9923519 .9937016 .9970707 .998935 .9995857 .999536 1.000865 1.006222 1.012055 1.014726 1.013591 1.011485 1.012806 1.017635 1.016237 1.016631 1.015887 1.01729 1.019338 1.018248 1.014994 1.013041 1.023458 1.01615 1.012364 1.003373 1.001448 1.001761 .9866124 .9851515 1.001668 1.005219 1.001609 .9863284 .9641451 .9749253 .9828217 1.003627 1.004917 1.006698 1.059874 1.156959 1.264462 1.377173 1.44186 1.463543 1.409258 1.333932 1.260052 1.166922 1.071572 .9661032 .9150037 .9329722 .9305497 .9887961
.9791049 .9831668 .9846535 .9878795 .9874785 .9886387 .9869801 .9881005 .9902179 .9924183 .9941666 .9940062 .9926127 1.000364 1.004131 1.008975 1.013833 1.013472 1.011955 1.016808 1.019636 1.019601 1.020799 1.020229 1.019786 1.022569 1.023753 1.028775 1.030279 1.020658 1.020066 1.020465 1.015881 1.01323 1.010364 1.002653 .9878176 .9893039 .9803802 .9876956 .986053 .9568899 .9519227 .9867349 1.010165 1.057076 1.070867 1.040932 1.017599 1.015086 1.064532 1.14568 1.241921 1.284572 1.259086 1.190614 1.103807 1.013785 .9145973 .8898909 .9128839 .9775145 1.0583
.985815 .982952 .984755 .9845702 .986149 .9873401 .989817 .9902123 .9892543 .9902246 .9910357 .9891304 .9903973 .9995825 1.003485 1.009862 1.012597 1.009506 1.012759 1.018205 1.022804 1.021116 1.020847 1.022614 1.02168 1.022197 1.023929 1.020592 1.027842 1.024229 1.023447 1.023853 1.018899 1.01306 1.015891 1.026063 1.007276 .9879012 .9825897 .9960282 .9882928 .9720495 .9173276 .9185816 .9789883 1.019487 1.073913 1.080358 1.029722 .9529621 .8949318 .8831347 .9360412 1.028724 1.111724 1.13435 1.046821 .9667103 .925082 .9300104 .9671891 1.052543 1.138483
.9907104 .9854543 .9845506 .9832742 .9831437 .9821204 .9842346 .9865152 .9867406 .9879265 .9873807 .9902321 .9915208 1.003849 1.006666 1.009293 1.010456 1.008514 1.017545 1.023703 1.022331 1.021088 1.01982 1.021573 1.021956 1.023779 1.021815 1.021942 1.026566 1.026019 1.026543 1.026499 1.020648 1.012282 1.00772 1.025172 1.025064 1.014746 .9896011 .991379 .9667606 .9500965 .927623 .8717189 .8993517 .9668965 1.021259 1.057163 1.074774 1.102484 1.099195 1.065307 1.010985 .9963464 1.042942 1.088434 1.09517 1.101457 1.106083 1.119826 1.091424 1.104111 1.165097
.9878957 .9825355 .981391 .98124 .9808908 .978322 .9792349 .9825889 .9834718 .9832481 .9842341 .9871605 .9913952 1.000415 1.003959 1.004256 1.005531 1.004628 1.020996 1.023165 1.019519 1.016607 1.016732 1.018866 1.021059 1.022099 1.022588 1.024953 1.028949 1.030184 1.028855 1.028143 1.026665 1.02172 1.017626 1.011496 1.027278 1.034483 1.002218 .9912979 .9468526 .9217232 .8879716 .8800483 .8555264 .951038 1.055899 1.159896 1.240373 1.28622 1.368016 1.42127 1.421778 1.342799 1.250143 1.230397 1.242598 1.296507 1.291311 1.250546 1.195483 1.201675 1.232402
.9797515 .9760928 .9766818 .97732 .9792265 .9824132 .9854654 .9838167 .9798386 .9795318 .977452 .9795554 .9839109 .9915525 .9922702 .9919398 .991276 .9836413 .9958886 1.01159 1.010009 1.009523 1.012014 1.016895 1.019029 1.01905 1.023745 1.026918 1.031808 1.034744 1.034528 1.03201 1.033736 1.044924 1.044988 1.035659 1.052457 1.06873 1.080977 1.071435 1.061508 1.033285 .9821872 .9510064 .9001742 .9307929 1.069844 1.208872 1.360335 1.469877 1.529394 1.575175 1.584052 1.548959 1.456074 1.369191 1.336432 1.348213 1.352612 1.351292 1.400278 1.436705 1.457233
.9682005 .9666723 .9698755 .9722736 .9740247 .9800978 .9820032 .9801592 .9787707 .9745873 .9737224 .9721704 .9743875 .9812767 .9818312 .9814208 .9780565 .9653105 .9597967 .9715379 .991048 .9967735 1.003967 1.010744 1.011035 1.017519 1.022809 1.027645 1.03278 1.03691 1.042296 1.045586 1.05073 1.055862 1.057914 1.050637 1.059738 1.071046 1.101952 1.129946 1.159764 1.209339 1.2072 1.151973 1.055271 .9446429 .9864054 1.070501 1.179957 1.278346 1.319315 1.357904 1.4135 1.443348 1.432417 1.40354 1.373199 1.363855 1.412341 1.473441 1.627291 1.739074 1.761369
.9650006 .9632279 .9648941 .9676407 .9660485 .9634953 .9689875 .9721212 .9743761 .9744073 .9723799 .9674046 .9692717 .977927 .9782526 .9760453 .971937 .9632914 .9530979 .9512156 .9763834 .9857942 .9979956 1.005644 1.00739 1.016115 1.023525 1.028238 1.029288 1.033447 1.037672 1.042765 1.058652 1.065961 1.076157 1.080597 1.073156 1.082711 1.122592 1.149859 1.175138 1.236944 1.305493 1.33335 1.284184 1.154543 1.018911 .9437193 .9388452 .9402609 .9547077 .9732196 1.026275 1.140196 1.261164 1.309044 1.342064 1.39155 1.463878 1.633579 1.858868 1.930363 1.949214
.9638221 .96401 .9641631 .96646 .9678957 .9627296 .971437 .9703832 .97278 .9730431 .9744663 .9740869 .986863 .9873472 .9813042 .9795753 .9744181 .9715311 .9702114 .9838611 .9936584 .9879097 .993959 1.00094 1.010202 1.017731 1.022005 1.025034 1.028588 1.032898 1.039605 1.048324 1.060852 1.071355 1.07381 1.098019 1.097436 1.114676 1.146904 1.163144 1.191225 1.239323 1.314268 1.385908 1.432642 1.364915 1.264344 1.157737 1.019747 .9739963 .9751406 1.019505 1.069436 1.116961 1.234416 1.34787 1.415222 1.466863 1.570887 1.76273 1.880973 1.958115 1.947566
.9666436 .965849 .9639786 .9663013 .9725665 .9799953 .9812079 .9740716 .9707685 .9711793 .977096 .9850789 .9992921 .9899868 .9825587 .976561 .9757251 .9792527 .9824798 1.001105 1.001346 .9911223 .9884768 .9897273 1.001076 1.010952 1.015823 1.024024 1.031337 1.042808 1.054244 1.062326 1.067882 1.070913 1.081944 1.097302 1.09919 1.134139 1.17604 1.227565 1.294777 1.357108 1.42219 1.478408 1.525631 1.567939 1.540458 1.535362 1.430211 1.316993 1.303774 1.364216 1.434715 1.47948 1.496349 1.47874 1.503916 1.570342 1.662293 1.740365 1.774867 1.775662 1.754392
.9746606 .9659193 .9624408 .961076 .964545 .9647818 .973915 .9710504 .9646491 .9622127 .9639964 .962777 .9736894 .9732906 .9713439 .9714688 .9732695 .9753425 .9803805 .9963099 .9980817 .9920312 .9837579 .9697556 .9711029 .9944167 1.009104 1.024567 1.033419 1.049066 1.062518 1.072095 1.082391 1.088695 1.09736 1.107212 1.12393 1.15333 1.207608 1.301535 1.400905 1.493341 1.568713 1.620569 1.671488 1.762611 1.805767 1.808313 1.809461 1.744266 1.693937 1.656754 1.658826 1.665994 1.637455 1.59654 1.553867 1.608871 1.618083 1.570353 1.44958 1.36848 1.403276
.978243 .9691195 .9620659 .9530277 .9466888 .9553922 .9655434 .9581144 .951105 .9508376 .9471511 .9398795 .9361368 .9532465 .9606895 .9622266 .9655051 .9670823 .9738998 .9876887 .9910899 .9909006 .9853827 .9823583 .9895218 1.001383 1.009752 1.02081 1.030828 1.049069 1.060915 1.073555 1.080075 1.099761 1.115981 1.128449 1.156201 1.188659 1.242846 1.293083 1.367683 1.405798 1.46939 1.527179 1.602224 1.679555 1.745963 1.730204 1.73728 1.726328 1.713111 1.697944 1.658114 1.602213 1.52542 1.500864 1.496262 1.563337 1.588479 1.487422 1.330876 1.204606 1.140489
.9778443 .9719775 .9640526 .9527823 .9392617 .9364515 .9508698 .9439856 .94091 .943642 .9441511 .9380259 .9457034 .9573395 .9578334 .9565934 .9572955 .9564427 .9613501 .9719681 .9780331 .9810553 .9872388 1.007764 1.018487 1.011651 1.010741 1.015742 1.018464 1.03878 1.05794 1.064385 1.079817 1.099955 1.112824 1.123332 1.142263 1.154776 1.167174 1.158156 1.184173 1.197766 1.235765 1.305079 1.345462 1.334579 1.24713 1.230538 1.269937 1.318586 1.364449 1.338524 1.258726 1.164071 1.17188 1.270561 1.423402 1.523021 1.510538 1.433269 1.297162 1.143075 .9953568
.9784315 .9747895 .9701072 .9583426 .9582817 .9448254 .9357582 .9322412 .9395975 .9471325 .9559205 .9684527 .9697215 .9669822 .9593011 .9569279 .9501782 .9479634 .949245 .9580534 .9615518 .9655611 .9682644 .9728783 .997726 .9966822 .9986656 1.003072 1.013898 1.040104 1.050129 1.054371 1.078249 1.094407 1.093837 1.104792 1.121399 1.125283 1.115815 1.080674 1.048334 1.059418 1.074813 1.055306 .9623708 .8468094 .8025807 .7909276 .8140584 .8581269 .8643893 .8539054 .8814451 .9689112 1.076786 1.221466 1.357071 1.451238 1.467538 1.382648 1.25292 1.096756 .9449888
.9751092 .9740622 .9707735 .9617388 .9720477 .9720601 .9638652 .9411468 .93984 .9502792 .9623258 .976086 .9795999 .9732475 .9641903 .9557338 .9481172 .9449602 .9429715 .9473219 .949804 .9508708 .9439952 .9366857 .9465655 .965215 .9735451 .9765674 .9839959 1.007605 1.017863 1.017174 1.050475 1.067779 1.066808 1.079806 1.099736 1.111082 1.104262 1.070109 1.02115 .9815099 .9318659 .8585619 .7988753 .8105147 .908828 1.020282 1.04736 1.009563 1.015365 .9972567 1.036513 1.154008 1.322912 1.363091 1.364349 1.304581 1.291005 1.328445 1.319767 1.266123 1.162231
.9696596 .9700997 .9726763 .9729889 .9751233 .9770042 .9660954 .9468628 .9386221 .9415454 .9545686 .9669169 .9765478 .973355 .9584214 .9483036 .945577 .9458739 .9481876 .9584295 .9542701 .9477563 .9434642 .9366028 .9458686 .9582081 .9538186 .9509742 .9487666 .9516549 .9584528 .9519596 .9609531 1.004626 1.010631 1.043767 1.06594 1.080395 1.094468 1.110227 1.090739 1.041673 .9988913 1.04976 1.172994 1.298546 1.401587 1.486662 1.466906 1.429173 1.359765 1.323736 1.333964 1.445126 1.548811 1.521584 1.423485 1.246236 1.094565 1.070054 1.174337 1.275867 1.315123
.9631625 .9619718 .9625775 .9614391 .9634719 .9663994 .963837 .951181 .9408011 .9339023 .9401005 .9554633 .9708293 .9658583 .9471598 .9382427 .9391317 .944934 .9517007 .9639878 .9524456 .9443518 .9493784 .9667699 .9763901 .95911 .9376037 .926899 .9245315 .9197388 .9186497 .9181753 .9141724 .9445481 .9464573 .9843888 1.019356 1.04782 1.078535 1.115606 1.162699 1.209702 1.263473 1.324064 1.395353 1.440071 1.423845 1.351967 1.257849 1.217534 1.251875 1.37687 1.53202 1.599077 1.602147 1.54499 1.498929 1.396877 1.241838 1.042153 .9303197 .9545297 1.080244
.957444 .9534473 .9499909 .9531564 .9517673 .9552366 .9564253 .9553282 .949214 .9501686 .9461611 .9389886 .9492102 .9511371 .9297026 .9261339 .9272889 .9312308 .939687 .9469535 .9352486 .9302557 .9277844 .9205047 .9338313 .9342395 .9061777 .9071327 .9116394 .9192742 .9223388 .9165759 .9149476 .933073 .9363742 .958894 .9910879 1.014273 1.042839 1.078072 1.132927 1.187645 1.229944 1.284704 1.300353 1.221488 1.094983 1.009199 1.002155 1.051115 1.181835 1.415272 1.554105 1.598371 1.516453 1.427341 1.405978 1.464424 1.461019 1.335044 1.099374 .8805181 .7812788
.9563656 .9489629 .9406932 .9417576 .9464726 .9524015 .9545045 .9521974 .9498022 .9506147 .9432393 .9350366 .919591 .918074 .9160119 .9169611 .9191445 .9138219 .9084238 .9225045 .9132712 .9092271 .9023117 .8947694 .8847577 .8902687 .8853843 .8897285 .8959138 .8965502 .909122 .9266372 .9600063 .9645956 .9507137 .9684533 .9834015 .9846718 .9919449 1.001762 1.009817 1.017231 .9969071 .9907677 .9485935 .919226 .937796 1.035141 1.168437 1.307333 1.436236 1.487669 1.508126 1.438201 1.28577 1.178692 1.173905 1.243755 1.33652 1.453038 1.362867 1.166169 .9000216
.9554675 .9530859 .9503115 .9601249 .9554539 .9579623 .9571135 .9551089 .9571225 .9566499 .9521613 .9452541 .9296771 .9304379 .9232044 .9204618 .9256445 .9195006 .9192631 .9231355 .9088245 .9043564 .9027033 .9052035 .9155824 .9152938 .8908944 .8834515 .887812 .889093 .8880491 .8922887 .9042686 .9110579 .9107507 .9360139 .9547981 .9394799 .9391342 .9442169 .933975 .9428723 .9366465 .9289024 .9362458 .9685031 1.096069 1.256509 1.395673 1.486208 1.492977 1.442988 1.383289 1.278009 1.179174 1.024356 .9526342 1.010613 1.103604 1.263407 1.412072 1.392824 1.281477
.9496927 .9531091 .9557009 .9635341 .9596785 .9587268 .9598496 .9618716 .9620262 .9649929 .963673 .9630979 .9557254 .942578 .9335467 .9282689 .9348562 .9449242 .9542003 .9414859 .9225123 .9094899 .9101515 .9209063 .9321185 .9257079 .9049649 .8971904 .8981425 .8913339 .8728464 .8523351 .8383836 .8265672 .8295967 .8477477 .874144 .8627939 .8751661 .8932336 .8958631 .9470782 .9859443 1.042647 1.115513 1.204374 1.295647 1.37479 1.405335 1.384803 1.32711 1.27661 1.213813 1.139296 1.136309 1.041598 .8897816 .8244143 .885753 1.015066 1.203218 1.364599 1.418152
.9421085 .9438908 .9471322 .9542621 .955899 .9547829 .9542896 .9562466 .962465 .9667546 .9684436 .9643307 .9589553 .9485047 .9369941 .9262383 .922825 .9306579 .9329284 .9408079 .939217 .9260953 .9306794 .9448578 .9438345 .9359514 .9351138 .9387168 .9235964 .900319 .8793428 .8722816 .8487146 .8055767 .7781631 .7604934 .7554563 .7957094 .833954 .8254141 .8437236 .8981035 .9413853 1.019158 1.122654 1.231073 1.296696 1.310721 1.286777 1.254063 1.21253 1.182259 1.11759 1.085492 1.088998 1.119756 1.012951 .8388337 .7957826 .8636992 1.000389 1.145096 1.247116
.9379672 .9398618 .9476235 .9505494 .9529991 .9533563 .956398 .9569659 .9627414 .9668646 .9696421 .9661769 .958658 .9507954 .9422625 .9292535 .9204267 .9229388 .9251035 .9318703 .9483631 .9608048 .963046 .9586664 .9565418 .9507228 .9538411 .9533052 .9365035 .9099649 .8995765 .8963707 .8886573 .8630792 .8407977 .8467318 .8412191 .8200768 .8434213 .8848293 .8377993 .8391079 .8994798 .9559647 1.033589 1.108853 1.140085 1.168556 1.17875 1.205689 1.218986 1.207434 1.096401 1.06286 1.017514 1.06642 1.107308 1.035363 .9314559 .895008 .9101975 .9956641 1.042826
.9397643 .9441639 .9550436 .9547858 .9543269 .9571585 .9642579 .9624114 .963737 .9674681 .9687933 .9658216 .9578595 .9510651 .9497154 .9503654 .9550601 .9470246 .9340258 .9245796 .9242989 .9317614 .9354376 .9499424 .9572121 .955856 .960782 .9588637 .940551 .9295715 .9022193 .8787374 .8926596 .9345286 .9694115 1.000282 .9835249 .9552739 .9726457 1.002679 1.037512 .9664612 .9489638 .9622911 1.001827 1.035804 1.077062 1.142464 1.187266 1.211742 1.156581 1.113239 1.061558 1.044431 .9899762 .995185 1.078341 1.13663 1.10395 1.016228 .9184755 .9563493 1.022054
.9463774 .9578562 .961686 .9579367 .9536029 .9588497 .964608 .9659753 .9659567 .9667072 .9674259 .9658223 .9573169 .9472027 .9482148 .9498008 .959179 .9545227 .9419574 .9259123 .9138508 .9138559 .9201055 .9348876 .9460506 .9445456 .9530647 .9628314 .9641225 .9587831 .9722382 .9907464 .9878467 1.026944 1.070334 1.102378 1.139369 1.114305 1.102275 1.139523 1.15925 1.178162 1.126066 1.096022 1.079632 1.065011 1.086969 1.11381 1.117817 1.073541 1.01283 .996625 .9907378 1.000717 .961353 .9311604 .9477074 1.033227 1.096043 1.067435 1.019919 1.000793 1.008062
