py_wake/examples/data/AJ_ParqueFicticio/Rough survey   Sector 10   Height 30m   Weibull-k.grd
DSAA
73  159
 258469   265669
 6501692   6517492
 .6855469   2.455078
[rows 56 to 83 of 159, columns 0 to 62 of 73]
2.224609 2.224609 2.224609 2.224609 2.224609 2.224609 2.224609 2.224609 2.224609 2.220703 2.224609 2.224609 2.220703 2.220703 2.220703 2.220703 2.220703 2.220703 2.220703 2.220703 2.220703 2.220703 2.220703 2.220703 2.220703 2.220703 2.220703 2.220703 2.220703 2.216797 2.220703 2.212891 2.205078 2.212891 2.197266 2.185547 2.177734 2.158203 2.126953 2.107422 2.080078 2.126953 2.087891 2.064453 1.990234 1.931641 1.865234 1.857422 1.947266 2.048828 2.076172 2.107422 2.123047 2.181641 2.216797 2.201172 2.126953 2.123047 2.158203 2.205078 2.220703 2.220703 2.138672
2.224609 2.224609 2.224609 2.224609 2.220703 2.224609 2.224609 2.224609 2.224609 2.220703 2.224609 2.224609 2.220703 2.220703 2.220703 2.220703 2.220703 2.220703 2.220703 2.220703 2.220703 2.220703 2.220703 2.220703 2.220703 2.220703 2.220703 2.220703 2.220703 2.220703 2.193359 2.216797 2.220703 2.208984 2.185547 2.181641 2.150391 2.162109 2.142578 2.111328 2.080078 2.080078 2.111328 2.099609 2.044922 1.986328 1.931641 1.919922 1.935547 2.009766 2.056641 2.107422 2.130859 2.205078 2.220703 2.216797 2.154297 2.138672 2.158203 2.205078 2.220703 2.220703 2.150391
2.224609 2.224609 2.220703 2.212891 2.208984 2.224609 2.224609 2.224609 2.224609 2.220703 2.224609 2.224609 2.220703 2.220703 2.220703 2.220703 2.220703 2.220703 2.220703 2.220703 2.220703 2.220703 2.220703 2.220703 2.220703 2.220703 2.220703 2.220703 2.205078 2.166016 2.173828 2.185547 2.193359 2.201172 2.181641 2.162109 2.142578 2.134766 2.130859 2.095703 2.068359 2.064453 2.095703 2.107422 2.052734 2.005859 1.986328 1.955078 1.947266 1.982422 2.041016 2.099609 2.134766 2.197266 2.220703 2.205078 2.162109 2.150391 2.158203 2.185547 2.220703 2.220703 2.201172
2.224609 2.224609 2.208984 2.201172 2.197266 2.212891 2.224609 2.220703 2.224609 2.220703 2.224609 2.224609 2.224609 2.220703 2.220703 2.220703 2.220703 2.220703 2.220703 2.220703 2.220703 2.220703 2.220703 2.220703 2.220703 2.220703 2.220703 2.220703 2.185547 2.119141 2.107422 2.130859 2.138672 2.130859 2.126953 2.103516 2.099609 2.107422 2.111328 2.083984 2.048828 2.080078 2.099609 2.107422 2.087891 2.044922 2.021484 1.994141 1.900391 1.873047 2.009766 2.095703 2.134766 2.173828 2.205078 2.185547 2.154297 2.146484 2.162109 2.166016 2.208984 2.220703 2.220703
2.224609 2.224609 2.208984 2.208984 2.205078 2.205078 2.224609 2.220703 2.224609 2.220703 2.224609 2.224609 2.220703 2.220703 2.220703 2.220703 2.220703 2.220703 2.220703 2.220703 2.220703 2.220703 2.220703 2.220703 2.220703 2.220703 2.220703 2.220703 2.205078 2.154297 2.107422 2.107422 2.119141 2.103516 2.052734 2.037109 2.041016 2.052734 2.072266 2.060547 2.033203 2.064453 2.111328 2.103516 2.103516 2.083984 2.080078 2.052734 1.962891 1.861328 1.935547 2.076172 2.138672 2.158203 2.166016 2.177734 2.162109 2.150391 2.169922 2.166016 2.177734 2.220703 2.220703
2.224609 2.224609 2.212891 2.224609 2.224609 2.224609 2.224609 2.224609 2.224609 2.220703 2.224609 2.224609 2.220703 2.224609 2.220703 2.220703 2.220703 2.220703 2.220703 2.220703 2.220703 2.220703 2.220703 2.220703 2.220703 2.220703 2.220703 2.220703 2.220703 2.181641 2.154297 2.134766 2.123047 2.099609 2.041016 2.021484 2.025391 2.029297 2.033203 2.041016 2.044922 2.037109 2.025391 2.091797 2.087891 2.103516 2.111328 2.111328 2.048828 1.943359 1.908203 1.994141 2.134766 2.154297 2.166016 2.134766 2.162109 2.158203 2.169922 2.158203 2.166016 2.212891 2.220703
2.224609 2.224609 2.224609 2.224609 2.220703 2.224609 2.224609 2.224609 2.224609 2.220703 2.224609 2.220703 2.224609 2.224609 2.220703 2.224609 2.220703 2.220703 2.220703 2.220703 2.220703 2.220703 2.220703 2.220703 2.220703 2.220703 2.220703 2.220703 2.220703 2.205078 2.181641 2.173828 2.158203 2.130859 2.083984 2.033203 2.021484 2.017578 2.013672 2.033203 2.041016 2.029297 2.025391 2.044922 2.099609 2.095703 2.099609 2.119141 2.123047 2.080078 1.986328 1.947266 2.095703 2.150391 2.154297 2.130859 2.146484 2.162109 2.173828 2.154297 2.154297 2.162109 2.208984
2.224609 2.224609 2.224609 2.224609 2.220703 2.224609 2.220703 2.224609 2.224609 2.224609 2.224609 2.220703 2.224609 2.224609 2.220703 2.224609 2.220703 2.220703 2.224609 2.220703 2.220703 2.220703 2.220703 2.220703 2.220703 2.220703 2.220703 2.212891 2.205078 2.197266 2.177734 2.189453 2.181641 2.158203 2.107422 2.041016 2.029297 2.025391 2.017578 2.013672 2.013672 2.001953 2.021484 2.052734 2.068359 2.099609 2.091797 2.107422 2.126953 2.146484 2.119141 1.994141 1.939453 2.083984 2.158203 2.150391 2.107422 2.158203 2.162109 2.138672 2.130859 2.146484 2.169922
2.224609 2.224609 2.224609 2.224609 2.220703 2.224609 2.220703 2.224609 2.224609 2.224609 2.224609 2.224609 2.224609 2.224609 2.220703 2.224609 2.220703 2.220703 2.224609 2.220703 2.220703 2.220703 2.220703 2.220703 2.216797 2.201172 2.208984 2.189453 2.173828 2.177734 2.181641 2.193359 2.189453 2.166016 2.119141 2.099609 2.060547 2.048828 2.037109 2.021484 2.009766 2.021484 1.990234 1.970703 2.048828 2.072266 2.107422 2.107422 2.126953 2.158203 2.146484 2.064453 1.916016 1.962891 2.126953 2.169922 2.142578 2.126953 2.111328 2.119141 2.103516 2.150391 2.166016
2.224609 2.224609 2.220703 2.224609 2.220703 2.224609 2.220703 2.220703 2.220703 2.224609 2.224609 2.220703 2.224609 2.224609 2.220703 2.224609 2.220703 2.220703 2.220703 2.220703 2.220703 2.220703 2.220703 2.220703 2.208984 2.197266 2.181641 2.154297 2.134766 2.142578 2.154297 2.185547 2.185547 2.162109 2.126953 2.115234 2.095703 2.064453 2.052734 2.048828 2.041016 2.041016 1.994141 1.943359 1.986328 2.072266 2.107422 2.111328 2.115234 2.162109 2.177734 2.142578 2.052734 1.916016 2.044922 2.173828 2.185547 2.150391 2.111328 2.080078 2.111328 2.126953 2.162109
2.228516 2.224609 2.224609 2.220703 2.220703 2.220703 2.220703 2.220703 2.220703 2.224609 2.224609 2.224609 2.224609 2.220703 2.220703 2.220703 2.220703 2.220703 2.220703 2.220703 2.224609 2.220703 2.220703 2.220703 2.212891 2.201172 2.173828 2.146484 2.119141 2.111328 2.123047 2.142578 2.162109 2.150391 2.134766 2.126953 2.119141 2.087891 2.064453 2.060547 2.048828 2.056641 1.998047 1.931641 1.916016 1.994141 2.099609 2.111328 2.091797 2.126953 2.181641 2.166016 2.154297 2.087891 2.009766 2.166016 2.181641 2.142578 2.087891 2.072266 2.130859 2.126953 2.130859
2.228516 2.224609 2.224609 2.220703 2.220703 2.220703 2.220703 2.220703 2.220703 2.224609 2.220703 2.224609 2.224609 2.220703 2.224609 2.220703 2.220703 2.224609 2.220703 2.220703 2.220703 2.220703 2.220703 2.220703 2.220703 2.208984 2.162109 2.146484 2.123047 2.111328 2.111328 2.119141 2.126953 2.130859 2.138672 2.134766 2.134766 2.130859 2.095703 2.083984 2.052734 2.009766 1.966797 1.908203 1.876953 1.982422 2.068359 2.099609 2.115234 2.154297 2.146484 2.166016 2.189453 2.197266 2.158203 2.169922 2.220703 2.138672 2.119141 2.111328 2.126953 2.169922 2.189453
2.224609 2.224609 2.224609 2.220703 2.220703 2.220703 2.220703 2.220703 2.220703 2.224609 2.220703 2.224609 2.224609 2.220703 2.224609 2.220703 2.220703 2.224609 2.220703 2.220703 2.220703 2.220703 2.216797 2.216797 2.216797 2.201172 2.181641 2.154297 2.130859 2.107422 2.095703 2.095703 2.111328 2.115234 2.126953 2.130859 2.134766 2.150391 2.142578 2.115234 2.111328 2.044922 1.955078 1.916016 1.896484 1.931641 1.951172 2.052734 2.083984 2.119141 2.138672 2.146484 2.166016 2.216797 2.220703 2.220703 2.220703 2.189453 2.166016 2.146484 2.134766 2.126953 2.107422
2.224609 2.224609 2.224609 2.220703 2.220703 2.220703 2.220703 2.220703 2.220703 2.224609 2.220703 2.224609 2.220703 2.220703 2.220703 2.220703 2.220703 2.220703 2.220703 2.220703 2.220703 2.220703 2.216797 2.216797 2.216797 2.197266 2.189453 2.173828 2.150391 2.115234 2.087891 2.072266 2.076172 2.099609 2.103516 2.119141 2.130859 2.146484 2.166016 2.146484 2.119141 2.103516 2.064453 2.009766 1.998047 1.943359 1.927734 1.978516 2.041016 2.044922 2.037109 2.111328 2.158203 2.193359 2.205078 2.212891 2.220703 2.208984 2.185547 2.169922 2.142578 2.119141 2.115234
2.220703 2.224609 2.224609 2.224609 2.220703 2.220703 2.220703 2.220703 2.220703 2.220703 2.220703 2.224609 2.220703 2.224609 2.220703 2.216797 2.220703 2.220703 2.220703 2.220703 2.220703 2.220703 2.220703 2.220703 2.208984 2.205078 2.193359 2.185547 2.162109 2.126953 2.115234 2.083984 2.060547 2.064453 2.076172 2.103516 2.123047 2.146484 2.166016 2.169922 2.146484 2.111328 2.103516 2.103516 2.080078 2.017578 1.994141 2.013672 2.052734 2.029297 1.978516 2.052734 2.095703 2.103516 2.177734 2.220703 2.220703 2.216797 2.201172 2.181641 2.158203 2.146484 2.146484
2.220703 2.224609 2.224609 2.224609 2.224609 2.220703 2.220703 2.216797 2.216797 2.216797 2.220703 2.224609 2.220703 2.224609 2.220703 2.216797 2.224609 2.224609 2.220703 2.220703 2.220703 2.220703 2.220703 2.220703 2.205078 2.212891 2.201172 2.193359 2.173828 2.154297 2.134766 2.103516 2.080078 2.044922 2.060547 2.087891 2.107422 2.134766 2.146484 2.146484 2.138672 2.126953 2.119141 2.134766 2.123047 2.099609 2.072266 2.068359 2.095703 2.091797 2.076172 2.068359 2.068359 2.064453 2.060547 2.154297 2.220703 2.220703 2.212891 2.201172 2.177734 2.169922 2.158203
2.224609 2.224609 2.224609 2.224609 2.216797 2.224609 2.216797 2.216797 2.216797 2.220703 2.220703 2.224609 2.220703 2.224609 2.212891 2.216797 2.224609 2.220703 2.220703 2.220703 2.220703 2.220703 2.220703 2.212891 2.212891 2.208984 2.208984 2.201172 2.185547 2.150391 2.130859 2.107422 2.064453 2.044922 2.052734 2.060547 2.095703 2.123047 2.134766 2.134766 2.138672 2.142578 2.154297 2.138672 2.126953 2.126953 2.115234 2.115234 2.134766 2.154297 2.177734 2.193359 2.173828 2.134766 2.037109 2.033203 2.087891 2.177734 2.205078 2.216797 2.197266 2.193359 2.189453
2.224609 2.224609 2.224609 2.224609 2.220703 2.220703 2.220703 2.216797 2.220703 2.220703 2.220703 2.220703 2.220703 2.220703 2.205078 2.208984 2.220703 2.220703 2.220703 2.220703 2.220703 2.220703 2.205078 2.197266 2.197266 2.197266 2.208984 2.212891 2.189453 2.154297 2.130859 2.123047 2.080078 2.064453 2.064453 2.068359 2.080078 2.091797 2.107422 2.126953 2.134766 2.154297 2.181641 2.158203 2.150391 2.130859 2.123047 2.130859 2.130859 2.169922 2.185547 2.216797 2.208984 2.193359 2.181641 2.130859 2.072266 2.072266 2.162109 2.197266 2.216797 2.216797 2.216797
2.224609 2.224609 2.224609 2.224609 2.220703 2.216797 2.220703 2.220703 2.216797 2.220703 2.220703 2.220703 2.220703 2.216797 2.205078 2.208984 2.220703 2.220703 2.220703 2.220703 2.220703 2.208984 2.193359 2.185547 2.181641 2.185547 2.197266 2.201172 2.181641 2.142578 2.138672 2.130859 2.119141 2.091797 2.083984 2.087891 2.076172 2.072266 2.076172 2.087891 2.107422 2.166016 2.177734 2.166016 2.177734 2.158203 2.146484 2.130859 2.130859 2.138672 2.146484 2.173828 2.197266 2.193359 2.205078 2.220703 2.150391 2.029297 2.037109 2.138672 2.173828 2.205078 2.216797
2.224609 2.224609 2.224609 2.224609 2.220703 2.224609 2.224609 2.220703 2.212891 2.220703 2.220703 2.220703 2.220703 2.216797 2.216797 2.220703 2.220703 2.220703 2.220703 2.220703 2.220703 2.201172 2.185547 2.169922 2.173828 2.169922 2.177734 2.162109 2.154297 2.126953 2.119141 2.107422 2.099609 2.115234 2.099609 2.099609 2.095703 2.076172 2.076172 2.087891 2.091797 2.126953 2.138672 2.169922 2.158203 2.181641 2.146484 2.162109 2.103516 2.103516 2.123047 2.103516 2.091797 2.107422 2.162109 2.177734 2.158203 2.013672 1.955078 2.044922 2.103516 2.158203 2.212891
2.224609 2.224609 2.224609 2.224609 2.220703 2.220703 2.224609 2.224609 2.216797 2.220703 2.220703 2.220703 2.220703 2.216797 2.216797 2.220703 2.220703 2.220703 2.220703 2.220703 2.220703 2.205078 2.185547 2.166016 2.169922 2.166016 2.166016 2.138672 2.119141 2.095703 2.091797 2.087891 2.087891 2.099609 2.099609 2.095703 2.103516 2.083984 2.087891 2.111328 2.115234 2.134766 2.154297 2.146484 2.138672 2.130859 2.119141 2.099609 2.072266 2.087891 2.115234 2.123047 2.115234 2.091797 2.099609 2.123047 2.087891 2.021484 1.912109 1.908203 2.029297 2.111328 2.142578
2.224609 2.224609 2.224609 2.224609 2.220703 2.220703 2.220703 2.220703 2.220703 2.220703 2.220703 2.220703 2.220703 2.216797 2.216797 2.220703 2.220703 2.220703 2.220703 2.220703 2.216797 2.212891 2.193359 2.173828 2.173828 2.173828 2.166016 2.142578 2.103516 2.068359 2.060547 2.072266 2.076172 2.087891 2.099609 2.091797 2.080078 2.091797 2.107422 2.091797 2.115234 2.166016 2.166016 2.158203 2.173828 2.177734 2.169922 2.154297 2.107422 2.072266 2.130859 2.150391 2.146484 2.134766 2.150391 2.138672 2.126953 2.064453 2.044922 1.966797 1.978516 2.087891 2.138672
2.224609 2.224609 2.224609 2.224609 2.220703 2.216797 2.220703 2.220703 2.216797 2.216797 2.220703 2.220703 2.216797 2.216797 2.216797 2.216797 2.220703 2.216797 2.220703 2.212891 2.201172 2.205078 2.185547 2.185547 2.189453 2.189453 2.177734 2.150391 2.099609 2.060547 2.037109 2.048828 2.064453 2.087891 2.111328 2.119141 2.111328 2.107422 2.146484 2.123047 2.146484 2.166016 2.162109 2.154297 2.158203 2.158203 2.185547 2.205078 2.197266 2.193359 2.154297 2.166016 2.177734 2.189453 2.201172 2.189453 2.193359 2.173828 2.146484 2.134766 2.154297 2.142578 2.193359
2.224609 2.224609 2.224609 2.220703 2.220703 2.216797 2.220703 2.216797 2.212891 2.212891 2.212891 2.216797 2.216797 2.216797 2.216797 2.216797 2.216797 2.216797 2.220703 2.201172 2.197266 2.185547 2.177734 2.189453 2.193359 2.197266 2.193359 2.162109 2.103516 2.041016 2.033203 2.052734 2.060547 2.095703 2.103516 2.103516 2.115234 2.138672 2.173828 2.177734 2.185547 2.169922 2.154297 2.138672 2.134766 2.138672 2.158203 2.181641 2.216797 2.216797 2.220703 2.205078 2.197266 2.193359 2.193359 2.185547 2.208984 2.201172 2.205078 2.220703 2.220703 2.220703 2.220703
2.220703 2.220703 2.224609 2.220703 2.220703 2.220703 2.212891 2.216797 2.212891 2.208984 2.208984 2.208984 2.216797 2.216797 2.216797 2.216797 2.216797 2.216797 2.220703 2.205078 2.201172 2.181641 2.177734 2.181641 2.189453 2.185547 2.181641 2.150391 2.103516 2.064453 2.048828 2.064453 2.083984 2.099609 2.095703 2.091797 2.107422 2.154297 2.177734 2.185547 2.197266 2.189453 2.138672 2.134766 2.142578 2.154297 2.166016 2.193359 2.220703 2.220703 2.220703 2.220703 2.205078 2.193359 2.185547 2.185547 2.181641 2.189453 2.220703 2.220703 2.220703 2.220703 2.220703
2.220703 2.220703 2.220703 2.220703 2.224609 2.220703 2.216797 2.216797 2.208984 2.208984 2.201172 2.197266 2.208984 2.201172 2.201172 2.220703 2.216797 2.216797 2.220703 2.220703 2.205078 2.189453 2.181641 2.173828 2.177734 2.158203 2.138672 2.107422 2.076172 2.072266 2.087891 2.095703 2.095703 2.103516 2.099609 2.103516 2.119141 2.162109 2.177734 2.177734 2.162109 2.126953 2.115234 2.119141 2.126953 2.154297 2.181641 2.205078 2.216797 2.220703 2.220703 2.220703 2.205078 2.189453 2.177734 2.169922 2.193359 2.208984 2.220703 2.220703 2.220703 2.220703 2.220703
2.220703 2.216797 2.220703 2.220703 2.220703 2.216797 2.216797 2.212891 2.208984 2.205078 2.201172 2.208984 2.201172 2.193359 2.189453 2.193359 2.212891 2.208984 2.212891 2.216797 2.201172 2.197266 2.185547 2.181641 2.166016 2.146484 2.091797 2.052734 2.044922 2.064453 2.103516 2.115234 2.107422 2.099609 2.095703 2.115234 2.142578 2.173828 2.177734 2.162109 2.119141 2.083984 2.080078 2.087891 2.111328 2.142578 2.173828 2.193359 2.208984 2.220703 2.220703 2.216797 2.201172 2.189453 2.173828 2.177734 2.201172 2.216797 2.220703 2.220703 2.220703 2.220703 2.220703
2.220703 2.216797 2.220703 2.216797 2.216797 2.212891 2.212891 2.212891 2.208984 2.201172 2.205078 2.201172 2.197266 2.189453 2.181641 2.181641 2.181641 2.181641 2.197266 2.201172 2.193359 2.193359 2.193359 2.185547 2.177734 2.134766 2.072266 2.021484 2.017578 2.060547 2.103516 2.130859 2.123047 2.123047 2.123047 2.146484 2.189453 2.205078 2.177734 2.130859 2.083984 2.080078 2.056641 2.064453 2.099609 2.123047 2.146484 2.166016 2.169922 2.208984 2.220703 2.220703 2.205078 2.185547 2.173828 2.185547 2.205078 2.212891 2.220703 2.220703 2.220703 2.220703 2.220703
