py_wake/examples/data/AJ_ParqueFicticio/Rough survey   Sector 4   Height 200m   Weibull-k.grd
DSAA
73  159
 258469   265669
 6501692   6517492
 2.720703   3.060547
[rows 0 to 27 of 159, columns 0 to 62 of 73]
3.056641 3.056641 3.056641 3.056641 3.056641 3.056641 3.056641 3.056641 3.056641 3.052734 3.052734 3.052734 3.052734 3.052734 3.052734 3.052734 3.056641 3.056641 3.056641 3.056641 3.052734 3.048828 3.048828 3.052734 3.052734 3.052734 3.048828 3.048828 3.048828 3.048828 3.048828 3.048828 3.048828 3.048828 3.052734 3.052734 3.052734 3.052734 3.048828 3.052734 3.048828 3.048828 3.044922 3.041016 3.041016 3.037109 3.037109 3.037109 3.037109 3.033203 3.033203 3.033203 3.033203 3.033203 3.037109 3.041016 3.041016 3.044922 3.048828 3.048828 3.048828 3.048828 3.048828
3.056641 3.056641 3.056641 3.056641 3.056641 3.056641 3.056641 3.056641 3.056641 3.056641 3.052734 3.052734 3.052734 3.052734 3.052734 3.052734 3.056641 3.056641 3.056641 3.060547 3.060547 3.056641 3.052734 3.052734 3.052734 3.052734 3.048828 3.048828 3.048828 3.048828 3.048828 3.048828 3.048828 3.048828 3.048828 3.052734 3.052734 3.052734 3.052734 3.052734 3.052734 3.048828 3.041016 3.037109 3.041016 3.037109 3.037109 3.033203 3.033203 3.033203 3.029297 3.029297 3.029297 3.029297 3.033203 3.037109 3.041016 3.044922 3.048828 3.048828 3.048828 3.048828 3.048828
3.048828 3.056641 3.056641 3.056641 3.056641 3.056641 3.056641 3.056641 3.052734 3.052734 3.052734 3.052734 3.052734 3.052734 3.052734 3.052734 3.056641 3.056641 3.056641 3.060547 3.060547 3.060547 3.052734 3.052734 3.052734 3.052734 3.048828 3.048828 3.048828 3.048828 3.048828 3.048828 3.048828 3.048828 3.048828 3.048828 3.052734 3.052734 3.052734 3.052734 3.052734 3.044922 3.037109 3.033203 3.033203 3.037109 3.037109 3.033203 3.029297 3.029297 3.025391 3.025391 3.025391 3.029297 3.029297 3.033203 3.037109 3.044922 3.048828 3.048828 3.048828 3.048828 3.048828
3.041016 3.048828 3.052734 3.052734 3.052734 3.052734 3.052734 3.052734 3.052734 3.052734 3.052734 3.048828 3.048828 3.052734 3.052734 3.052734 3.052734 3.056641 3.056641 3.056641 3.056641 3.056641 3.052734 3.052734 3.052734 3.052734 3.048828 3.048828 3.048828 3.048828 3.048828 3.048828 3.048828 3.048828 3.048828 3.048828 3.048828 3.052734 3.052734 3.052734 3.044922 3.037109 3.033203 3.029297 3.029297 3.033203 3.033203 3.029297 3.029297 3.025391 3.021484 3.021484 3.021484 3.025391 3.025391 3.029297 3.037109 3.044922 3.048828 3.048828 3.048828 3.048828 3.048828
3.029297 3.037109 3.048828 3.048828 3.052734 3.048828 3.048828 3.048828 3.048828 3.048828 3.048828 3.052734 3.048828 3.048828 3.052734 3.052734 3.052734 3.052734 3.056641 3.056641 3.056641 3.056641 3.052734 3.052734 3.052734 3.052734 3.048828 3.048828 3.048828 3.048828 3.048828 3.048828 3.048828 3.048828 3.048828 3.048828 3.048828 3.048828 3.052734 3.048828 3.033203 3.029297 3.025391 3.029297 3.029297 3.029297 3.025391 3.025391 3.025391 3.025391 3.021484 3.017578 3.017578 3.017578 3.021484 3.025391 3.033203 3.041016 3.048828 3.048828 3.048828 3.048828 3.048828
3.021484 3.025391 3.033203 3.044922 3.048828 3.044922 3.044922 3.044922 3.048828 3.048828 3.048828 3.048828 3.048828 3.048828 3.052734 3.052734 3.052734 3.052734 3.052734 3.052734 3.052734 3.052734 3.052734 3.052734 3.052734 3.052734 3.048828 3.048828 3.048828 3.048828 3.048828 3.048828 3.048828 3.048828 3.048828 3.048828 3.048828 3.048828 3.048828 3.048828 3.033203 3.025391 3.025391 3.029297 3.025391 3.021484 3.021484 3.021484 3.025391 3.021484 3.017578 3.013672 3.009766 3.009766 3.009766 3.017578 3.025391 3.037109 3.048828 3.048828 3.044922 3.044922 3.044922
3.021484 3.021484 3.021484 3.029297 3.041016 3.044922 3.044922 3.044922 3.044922 3.048828 3.048828 3.048828 3.048828 3.048828 3.048828 3.052734 3.052734 3.052734 3.052734 3.052734 3.052734 3.052734 3.052734 3.052734 3.052734 3.048828 3.048828 3.048828 3.048828 3.048828 3.048828 3.048828 3.048828 3.048828 3.048828 3.048828 3.048828 3.048828 3.048828 3.048828 3.041016 3.029297 3.025391 3.025391 3.021484 3.017578 3.017578 3.021484 3.021484 3.021484 3.017578 3.009766 3.001953 2.994141 2.998047 3.005859 3.017578 3.029297 3.044922 3.044922 3.044922 3.044922 3.044922
3.021484 3.021484 3.021484 3.021484 3.029297 3.037109 3.041016 3.044922 3.044922 3.048828 3.048828 3.044922 3.044922 3.044922 3.044922 3.048828 3.052734 3.052734 3.052734 3.052734 3.052734 3.052734 3.052734 3.052734 3.052734 3.048828 3.048828 3.048828 3.048828 3.048828 3.048828 3.048828 3.048828 3.048828 3.048828 3.048828 3.048828 3.048828 3.048828 3.048828 3.048828 3.037109 3.029297 3.017578 3.009766 3.009766 3.013672 3.017578 3.021484 3.017578 3.009766 3.001953 2.990234 2.982422 2.982422 2.990234 3.005859 3.021484 3.037109 3.044922 3.044922 3.044922 3.044922
3.021484 3.017578 3.017578 3.021484 3.025391 3.033203 3.041016 3.044922 3.048828 3.048828 3.044922 3.044922 3.044922 3.041016 3.041016 3.041016 3.048828 3.052734 3.048828 3.048828 3.048828 3.048828 3.048828 3.048828 3.048828 3.048828 3.048828 3.048828 3.048828 3.048828 3.048828 3.048828 3.048828 3.048828 3.048828 3.048828 3.048828 3.048828 3.048828 3.048828 3.048828 3.037109 3.021484 3.009766 3.001953 3.005859 3.005859 3.005859 3.005859 3.001953 2.994141 2.986328 2.974609 2.970703 2.970703 2.982422 2.998047 3.009766 3.025391 3.033203 3.041016 3.041016 3.037109
3.021484 3.017578 3.017578 3.017578 3.021484 3.029297 3.041016 3.048828 3.048828 3.048828 3.044922 3.041016 3.041016 3.041016 3.037109 3.037109 3.041016 3.052734 3.048828 3.048828 3.048828 3.048828 3.048828 3.048828 3.048828 3.048828 3.048828 3.048828 3.048828 3.048828 3.048828 3.048828 3.048828 3.048828 3.048828 3.048828 3.048828 3.048828 3.048828 3.048828 3.041016 3.029297 3.013672 3.005859 2.998047 2.998047 2.994141 2.986328 2.982422 2.982422 2.978516 2.970703 2.962891 2.962891 2.970703 2.974609 2.986328 2.998047 3.005859 3.009766 3.013672 3.013672 3.009766
3.017578 3.017578 3.017578 3.021484 3.025391 3.033203 3.037109 3.044922 3.044922 3.041016 3.037109 3.037109 3.037109 3.041016 3.037109 3.033203 3.033203 3.041016 3.052734 3.048828 3.048828 3.048828 3.048828 3.048828 3.048828 3.048828 3.044922 3.041016 3.044922 3.044922 3.044922 3.044922 3.041016 3.041016 3.037109 3.041016 3.044922 3.044922 3.044922 3.037109 3.029297 3.017578 3.005859 2.998047 2.994141 2.986328 2.974609 2.966797 2.962891 2.962891 2.962891 2.962891 2.962891 2.966797 2.970703 2.974609 2.978516 2.978516 2.978516 2.978516 2.978516 2.986328 2.990234
3.021484 3.021484 3.021484 3.025391 3.025391 3.025391 3.029297 3.033203 3.037109 3.033203 3.033203 3.033203 3.037109 3.041016 3.041016 3.033203 3.029297 3.033203 3.041016 3.052734 3.048828 3.048828 3.048828 3.048828 3.048828 3.048828 3.044922 3.041016 3.037109 3.037109 3.033203 3.029297 3.029297 3.025391 3.025391 3.029297 3.033203 3.033203 3.033203 3.025391 3.013672 3.001953 2.994141 2.990234 2.982422 2.974609 2.962891 2.951172 2.943359 2.947266 2.955078 2.962891 2.966797 2.970703 2.970703 2.966797 2.962891 2.955078 2.947266 2.943359 2.943359 2.955078 2.974609
3.025391 3.021484 3.021484 3.025391 3.025391 3.021484 3.021484 3.025391 3.029297 3.029297 3.033203 3.029297 3.033203 3.037109 3.041016 3.037109 3.029297 3.029297 3.033203 3.041016 3.052734 3.048828 3.048828 3.048828 3.048828 3.048828 3.048828 3.037109 3.033203 3.025391 3.021484 3.017578 3.013672 3.013672 3.009766 3.013672 3.017578 3.017578 3.017578 3.009766 3.001953 2.990234 2.982422 2.974609 2.970703 2.962891 2.951172 2.939453 2.935547 2.939453 2.951172 2.962891 2.962891 2.958984 2.951172 2.943359 2.927734 2.916016 2.908203 2.904297 2.916016 2.939453 2.966797
3.025391 3.025391 3.025391 3.021484 3.021484 3.021484 3.017578 3.021484 3.025391 3.029297 3.033203 3.029297 3.029297 3.029297 3.037109 3.037109 3.033203 3.029297 3.029297 3.037109 3.041016 3.048828 3.048828 3.048828 3.048828 3.048828 3.044922 3.033203 3.025391 3.017578 3.013672 3.009766 3.001953 2.998047 2.998047 3.001953 3.005859 3.005859 3.001953 2.994141 2.982422 2.974609 2.966797 2.958984 2.955078 2.947266 2.939453 2.931641 2.927734 2.931641 2.943359 2.951172 2.951172 2.939453 2.919922 2.900391 2.884766 2.876953 2.880859 2.892578 2.912109 2.943359 2.970703
3.029297 3.025391 3.025391 3.021484 3.021484 3.017578 3.017578 3.017578 3.021484 3.029297 3.029297 3.029297 3.025391 3.029297 3.033203 3.037109 3.037109 3.033203 3.033203 3.033203 3.033203 3.037109 3.041016 3.044922 3.048828 3.048828 3.041016 3.033203 3.025391 3.017578 3.009766 3.001953 2.994141 2.986328 2.986328 2.990234 2.998047 2.994141 2.990234 2.974609 2.962891 2.955078 2.947266 2.939453 2.931641 2.927734 2.923828 2.919922 2.919922 2.923828 2.931641 2.931641 2.923828 2.908203 2.888672 2.869141 2.861328 2.865234 2.880859 2.904297 2.931641 2.962891 2.986328
3.029297 3.029297 3.025391 3.021484 3.021484 3.017578 3.017578 3.017578 3.021484 3.021484 3.025391 3.025391 3.025391 3.029297 3.033203 3.037109 3.037109 3.037109 3.033203 3.033203 3.033203 3.029297 3.025391 3.029297 3.033203 3.037109 3.037109 3.033203 3.025391 3.013672 3.009766 3.001953 2.990234 2.978516 2.974609 2.982422 2.990234 2.990234 2.978516 2.962891 2.947266 2.935547 2.931641 2.919922 2.916016 2.908203 2.908203 2.908203 2.912109 2.916016 2.916016 2.916016 2.904297 2.888672 2.873047 2.869141 2.873047 2.888672 2.908203 2.931641 2.955078 2.982422 3.005859
3.029297 3.029297 3.025391 3.025391 3.021484 3.021484 3.017578 3.017578 3.021484 3.021484 3.025391 3.025391 3.029297 3.033203 3.033203 3.037109 3.037109 3.037109 3.033203 3.029297 3.025391 3.025391 3.021484 3.017578 3.017578 3.025391 3.029297 3.029297 3.025391 3.017578 3.009766 3.001953 2.990234 2.978516 2.978516 2.978516 2.990234 2.990234 2.978516 2.951172 2.931641 2.923828 2.912109 2.908203 2.904297 2.900391 2.904297 2.908203 2.912109 2.916016 2.916016 2.912109 2.904297 2.892578 2.888672 2.896484 2.908203 2.919922 2.939453 2.955078 2.974609 2.994141 3.013672
3.033203 3.029297 3.025391 3.025391 3.021484 3.021484 3.021484 3.021484 3.021484 3.021484 3.025391 3.029297 3.029297 3.033203 3.033203 3.033203 3.033203 3.029297 3.029297 3.025391 3.021484 3.021484 3.017578 3.013672 3.013672 3.013672 3.021484 3.025391 3.025391 3.025391 3.021484 3.013672 3.001953 2.990234 2.986328 2.986328 2.990234 2.994141 2.986328 2.958984 2.935547 2.916016 2.904297 2.900391 2.900391 2.904297 2.908203 2.912109 2.919922 2.927734 2.931641 2.927734 2.923828 2.919922 2.919922 2.931641 2.939453 2.947266 2.955078 2.966797 2.978516 2.994141 3.017578
3.033203 3.029297 3.025391 3.025391 3.021484 3.021484 3.021484 3.021484 3.021484 3.021484 3.025391 3.029297 3.029297 3.029297 3.029297 3.029297 3.029297 3.025391 3.025391 3.025391 3.021484 3.017578 3.013672 3.009766 3.009766 3.013672 3.021484 3.025391 3.033203 3.037109 3.033203 3.025391 3.013672 3.005859 2.998047 2.994141 2.998047 3.001953 2.994141 2.962891 2.935547 2.916016 2.912109 2.912109 2.916016 2.919922 2.923828 2.931641 2.935547 2.939453 2.943359 2.943359 2.939453 2.939453 2.943359 2.947266 2.951172 2.955078 2.958984 2.966797 2.978516 2.990234 3.009766
3.033203 3.029297 3.025391 3.025391 3.021484 3.021484 3.021484 3.021484 3.021484 3.021484 3.025391 3.025391 3.029297 3.029297 3.025391 3.025391 3.025391 3.021484 3.021484 3.021484 3.021484 3.017578 3.017578 3.013672 3.009766 3.009766 3.013672 3.021484 3.029297 3.033203 3.033203 3.033203 3.025391 3.017578 3.005859 2.994141 2.994141 2.998047 2.994141 2.974609 2.951172 2.935547 2.927734 2.927734 2.931641 2.939453 2.943359 2.947266 2.947266 2.947266 2.943359 2.947266 2.947266 2.947266 2.947266 2.947266 2.951172 2.955078 2.958984 2.966797 2.974609 2.990234 3.005859
3.033203 3.029297 3.029297 3.025391 3.025391 3.025391 3.025391 3.025391 3.025391 3.025391 3.025391 3.025391 3.025391 3.025391 3.025391 3.025391 3.021484 3.021484 3.021484 3.021484 3.021484 3.017578 3.017578 3.013672 3.009766 3.009766 3.009766 3.013672 3.017578 3.021484 3.025391 3.033203 3.037109 3.021484 3.005859 2.994141 2.990234 2.998047 3.001953 2.994141 2.974609 2.962891 2.947266 2.943359 2.943359 2.939453 2.943359 2.951172 2.947266 2.939453 2.939453 2.935547 2.939453 2.939453 2.939453 2.939453 2.943359 2.947266 2.955078 2.966797 2.982422 2.994141 3.013672
3.033203 3.029297 3.029297 3.025391 3.025391 3.025391 3.025391 3.025391 3.025391 3.025391 3.021484 3.021484 3.025391 3.025391 3.021484 3.021484 3.021484 3.021484 3.021484 3.021484 3.017578 3.017578 3.017578 3.013672 3.009766 3.009766 3.009766 3.009766 3.009766 3.009766 3.017578 3.029297 3.041016 3.033203 3.009766 2.990234 2.986328 2.998047 3.009766 3.009766 2.998047 2.974609 2.958984 2.947266 2.935547 2.931641 2.935547 2.935547 2.935547 2.927734 2.923828 2.923828 2.927734 2.927734 2.927734 2.931641 2.935547 2.943359 2.958984 2.974609 2.994141 3.009766 3.025391
3.033203 3.029297 3.029297 3.025391 3.025391 3.025391 3.025391 3.025391 3.025391 3.025391 3.021484 3.021484 3.021484 3.021484 3.021484 3.021484 3.021484 3.021484 3.017578 3.017578 3.017578 3.017578 3.013672 3.013672 3.009766 3.009766 3.005859 3.005859 3.005859 3.005859 3.013672 3.025391 3.037109 3.037109 3.021484 2.990234 2.982422 2.994141 3.013672 3.021484 3.005859 2.982422 2.958984 2.943359 2.931641 2.923828 2.919922 2.916016 2.908203 2.900391 2.900391 2.904297 2.908203 2.912109 2.919922 2.927734 2.935547 2.951172 2.970703 2.990234 3.009766 3.025391 3.037109
3.029297 3.029297 3.029297 3.029297 3.029297 3.029297 3.029297 3.029297 3.025391 3.025391 3.021484 3.021484 3.021484 3.021484 3.021484 3.021484 3.021484 3.021484 3.017578 3.017578 3.017578 3.013672 3.013672 3.009766 3.009766 3.009766 3.005859 3.005859 3.005859 3.009766 3.017578 3.021484 3.033203 3.037109 3.025391 2.998047 2.982422 2.990234 3.009766 3.021484 3.009766 2.986328 2.958984 2.939453 2.923828 2.912109 2.900391 2.892578 2.884766 2.876953 2.876953 2.884766 2.892578 2.904297 2.916016 2.927734 2.947266 2.966797 2.986328 3.009766 3.025391 3.041016 3.044922
3.033203 3.029297 3.029297 3.029297 3.029297 3.029297 3.029297 3.029297 3.029297 3.025391 3.025391 3.021484 3.021484 3.021484 3.021484 3.021484 3.021484 3.021484 3.017578 3.017578 3.013672 3.013672 3.013672 3.009766 3.009766 3.009766 3.005859 3.009766 3.009766 3.017578 3.021484 3.017578 3.021484 3.025391 3.021484 3.001953 2.990234 2.990234 3.001953 3.009766 3.005859 2.986328 2.962891 2.939453 2.919922 2.904297 2.888672 2.873047 2.865234 2.857422 2.857422 2.869141 2.884766 2.900391 2.923828 2.939453 2.962891 2.986328 3.009766 3.025391 3.037109 3.044922 3.048828
3.033203 3.033203 3.033203 3.033203 3.033203 3.029297 3.029297 3.029297 3.029297 3.025391 3.025391 3.025391 3.021484 3.021484 3.021484 3.021484 3.021484 3.017578 3.017578 3.017578 3.013672 3.013672 3.013672 3.009766 3.009766 3.009766 3.009766 3.009766 3.013672 3.017578 3.017578 3.013672 3.013672 3.013672 3.013672 3.005859 2.994141 2.994141 2.998047 3.001953 3.001953 2.990234 2.962891 2.939453 2.916016 2.896484 2.880859 2.861328 2.849609 2.845703 2.849609 2.861328 2.884766 2.908203 2.935547 2.958984 2.982422 3.005859 3.021484 3.037109 3.044922 3.048828 3.048828
3.033203 3.033203 3.033203 3.033203 3.033203 3.033203 3.029297 3.029297 3.029297 3.029297 3.029297 3.025391 3.025391 3.025391 3.021484 3.021484 3.021484 3.017578 3.017578 3.017578 3.017578 3.013672 3.013672 3.013672 3.009766 3.009766 3.009766 3.009766 3.009766 3.009766 3.013672 3.009766 3.009766 3.009766 3.005859 2.998047 2.998047 2.994141 2.994141 3.001953 2.998047 2.986328 2.962891 2.939453 2.916016 2.896484 2.873047 2.857422 2.841797 2.841797 2.845703 2.865234 2.888672 2.919922 2.951172 2.978516 2.998047 3.017578 3.029297 3.041016 3.044922 3.044922 3.037109
3.033203 3.033203 3.033203 3.033203 3.033203 3.033203 3.033203 3.029297 3.029297 3.029297 3.029297 3.029297 3.025391 3.025391 3.025391 3.021484 3.021484 3.017578 3.017578 3.017578 3.017578 3.017578 3.013672 3.013672 3.009766 3.005859 3.005859 3.005859 3.005859 3.005859 3.005859 3.005859 3.005859 3.001953 3.001953 2.998047 2.998047 2.998047 2.994141 2.994141 2.994141 2.982422 2.966797 2.943359 2.916016 2.896484 2.873047 2.857422 2.845703 2.845703 2.861328 2.876953 2.900391 2.927734 2.966797 2.994141 3.009766 3.021484 3.033203 3.041016 3.041016 3.037109 3.029297
