py_wake/examples/data/AJ_ParqueFicticio/Rough survey   Sector 10   Height 200m   Mean speed.grd
DSAA
73  159
 258469   265669
 6501692   6517492
 5.845734   13.67312
[rows 84 to 111 of 159, columns 0 to 62 of 73]
9.557683 9.555719 9.56172 9.579496 9.604408 9.642245 9.683488 9.731576 9.768786 9.786933 9.788999 9.785089 9.761015 9.743222 9.750563 9.737531 9.730517 9.726671 9.74088 9.801981 9.877953 9.956383 10.05945 10.21356 10.43435 10.72231 11.00804 11.22578 11.333 11.27892 11.08873 10.88391 10.69002 10.46939 10.27691 10.03109 9.948636 9.953595 10.03016 10.13158 10.16299 10.11586 9.981448 9.814845 9.680074 9.565025 9.41036 9.297847 9.208467 9.177875 9.2309 9.313138 9.403247 9.447401 9.438019 9.333196 9.138202 8.866163 8.552004 8.233657 7.92024 7.651371 7.384947
9.545892 9.552578 9.558218 9.571612 9.59814 9.645297 9.688709 9.739036 9.771035 9.798786 9.808862 9.808472 9.799596 9.764217 9.767727 9.779748 9.778268 9.765976 9.761295 9.798233 9.864057 9.954151 10.07309 10.25506 10.52899 10.87084 11.15949 11.32972 11.33484 11.20562 10.99484 10.78715 10.62592 10.40231 10.18763 9.987483 9.903443 9.984351 10.05107 10.16152 10.2009 10.12637 9.997387 9.821625 9.691473 9.578277 9.43785 9.290878 9.141995 9.065751 9.11423 9.222563 9.336098 9.410743 9.418222 9.326507 9.120496 8.832519 8.514823 8.168633 7.816498 7.505755 7.254162
9.508004 9.521352 9.537922 9.565516 9.600496 9.646824 9.69982 9.732953 9.775245 9.812323 9.8294 9.826267 9.821012 9.79831 9.792988 9.810108 9.812602 9.806819 9.813409 9.827638 9.878493 9.959928 10.08677 10.27787 10.5797 10.94428 11.25331 11.40694 11.33545 11.1511 10.89926 10.6673 10.48337 10.28869 10.10304 9.934556 9.868203 9.989753 10.15771 10.26835 10.2921 10.20981 10.06661 9.861597 9.732241 9.611334 9.480037 9.331954 9.150358 9.007249 8.9907 9.104744 9.247216 9.329535 9.369024 9.301077 9.08263 8.787894 8.449093 8.083759 7.699309 7.374194 7.154337
9.471374 9.491289 9.517287 9.56091 9.60043 9.644529 9.698797 9.736176 9.781594 9.827066 9.842079 9.849714 9.849805 9.843582 9.829816 9.829265 9.835011 9.848377 9.863161 9.876752 9.930486 10.02105 10.14576 10.32732 10.61334 10.98282 11.31027 11.47389 11.39 11.15361 10.85371 10.57577 10.37127 10.19088 10.04125 9.883509 9.856547 10.01761 10.18468 10.30467 10.32374 10.23563 10.10835 9.934898 9.789585 9.651076 9.540408 9.403155 9.204506 8.997427 8.924558 9.020247 9.140923 9.23235 9.279962 9.232199 9.012577 8.690074 8.354355 7.969801 7.571561 7.254251 7.137262
9.463293 9.474995 9.505795 9.552622 9.601998 9.647356 9.687311 9.728137 9.780704 9.829616 9.857101 9.869188 9.877493 9.887931 9.874269 9.85928 9.857549 9.880163 9.898549 9.933285 10.00017 10.10797 10.25774 10.45132 10.69262 11.01891 11.36311 11.55915 11.47971 11.17812 10.82146 10.48752 10.25858 10.05345 9.895203 9.799519 9.861763 10.02797 10.19862 10.31355 10.34191 10.28227 10.14052 9.951222 9.781517 9.636638 9.523202 9.398627 9.2075 9.030688 8.94264 8.978946 9.05354 9.12417 9.197299 9.153077 8.936484 8.597714 8.247563 7.871126 7.459199 7.188489 7.179333
9.460408 9.470862 9.496881 9.546176 9.609925 9.649675 9.698198 9.727229 9.773766 9.824042 9.872663 9.890497 9.905379 9.927839 9.928625 9.901217 9.891334 9.903972 9.937332 9.98025 10.07004 10.20849 10.4057 10.63125 10.84835 11.10603 11.42508 11.6382 11.54115 11.19273 10.76146 10.39789 10.12828 9.908064 9.738634 9.710281 9.834495 10.03508 10.22108 10.34462 10.37462 10.30331 10.12878 9.920645 9.740363 9.61812 9.483727 9.354361 9.175936 9.04472 8.995423 8.982559 8.955986 8.991022 9.023381 8.997071 8.80246 8.457471 8.09906 7.740433 7.346048 7.129313 7.175426
9.453423 9.467447 9.503254 9.534801 9.596428 9.660852 9.716502 9.748913 9.784472 9.823015 9.869713 9.898618 9.931668 9.960178 9.973188 9.95686 9.944527 9.95655 9.98893 10.03052 10.14091 10.32292 10.56507 10.83631 11.05488 11.22861 11.46935 11.66532 11.56409 11.17474 10.69701 10.29555 10.01131 9.790618 9.622791 9.665524 9.78351 10.00319 10.23866 10.38239 10.40321 10.30073 10.09958 9.895355 9.753628 9.64498 9.530448 9.362146 9.18934 9.101935 9.098483 9.095081 8.994236 8.91011 8.861529 8.807769 8.641733 8.312858 7.947562 7.587337 7.223044 7.041323 7.11291
9.455527 9.47033 9.499329 9.531137 9.583449 9.663065 9.725793 9.779451 9.816409 9.843742 9.877525 9.910086 9.946482 9.9851 10.01392 10.01274 10.01404 10.04513 10.09612 10.12386 10.22711 10.44633 10.73892 11.04476 11.23792 11.35851 11.52729 11.67202 11.54339 11.11539 10.63436 10.22161 9.922326 9.674722 9.593346 9.672002 9.745342 9.94172 10.22101 10.41864 10.42857 10.28235 10.08175 9.922317 9.812228 9.684181 9.541892 9.343602 9.194484 9.149606 9.175758 9.161683 9.065317 8.922296 8.774097 8.608038 8.479924 8.238561 7.890452 7.504134 7.141917 6.952575 7.047617
9.441278 9.4649 9.492211 9.526937 9.581309 9.665324 9.744599 9.801815 9.851118 9.881601 9.901594 9.918687 9.961564 10.00408 10.04245 10.07609 10.10637 10.18222 10.26355 10.27571 10.32754 10.56135 10.9053 11.21329 11.39604 11.47085 11.5842 11.67132 11.47783 11.04167 10.55743 10.14613 9.824564 9.573767 9.563844 9.687025 9.749049 9.888503 10.17348 10.40746 10.41918 10.26695 10.06761 9.924008 9.815451 9.666354 9.491593 9.275768 9.164032 9.163659 9.217811 9.214773 9.115827 8.964404 8.757244 8.559023 8.395057 8.198748 7.899196 7.475363 7.032064 6.816975 6.909432
9.433292 9.463166 9.493207 9.52738 9.585328 9.676664 9.762398 9.829394 9.882621 9.922624 9.939613 9.944934 9.978423 10.0296 10.07729 10.1315 10.21696 10.35903 10.49366 10.51435 10.48108 10.63731 10.99595 11.34671 11.52352 11.54751 11.60711 11.6331 11.39233 10.94556 10.45924 10.0465 9.706616 9.506064 9.581811 9.739429 9.792485 9.874095 10.13954 10.37415 10.41704 10.27228 10.0903 9.924669 9.807181 9.619636 9.420267 9.262686 9.184905 9.192254 9.227885 9.211 9.114569 8.973001 8.746113 8.546747 8.369365 8.185804 7.890214 7.445478 6.95443 6.674172 6.74891
9.424713 9.466267 9.500093 9.546164 9.602231 9.688805 9.780663 9.863482 9.917338 9.959097 9.986676 9.995323 10.02472 10.07547 10.1257 10.1997 10.34192 10.55778 10.76449 10.80376 10.69454 10.73048 11.05697 11.43257 11.60656 11.59851 11.59 11.55165 11.28909 10.8427 10.36265 9.932394 9.599096 9.466807 9.614285 9.785717 9.818866 9.876747 10.09981 10.32329 10.38061 10.2543 10.07561 9.912478 9.754092 9.567075 9.401361 9.294138 9.246182 9.220599 9.211142 9.158067 9.056317 8.91543 8.73117 8.557413 8.37944 8.175529 7.88639 7.451602 6.930544 6.56628 6.558412
9.410598 9.471073 9.51608 9.569659 9.635324 9.709299 9.804777 9.895811 9.961585 10.00495 10.03616 10.06726 10.10319 10.15302 10.21507 10.29184 10.45532 10.74918 11.01742 11.10327 10.95815 10.88635 11.11989 11.48007 11.65908 11.61717 11.53902 11.41836 11.14523 10.73965 10.2919 9.864081 9.53451 9.442782 9.62206 9.794234 9.826794 9.851954 10.03628 10.25995 10.2919 10.15387 9.971535 9.805814 9.659993 9.520145 9.401906 9.320168 9.279399 9.240776 9.203847 9.116966 8.986507 8.85809 8.713592 8.576748 8.386983 8.166081 7.889881 7.489856 6.973209 6.526626 6.40275
9.398399 9.475557 9.541688 9.603449 9.674755 9.750441 9.835165 9.928033 9.997627 10.04672 10.08598 10.14171 10.2102 10.28584 10.35429 10.43244 10.58326 10.88879 11.22553 11.36006 11.21893 11.06557 11.19779 11.51883 11.66644 11.59273 11.40574 11.22795 10.97095 10.6129 10.21555 9.822491 9.499789 9.423738 9.617699 9.822204 9.865376 9.865831 10.00558 10.22121 10.19494 10.04846 9.863553 9.702771 9.592237 9.502114 9.437878 9.354722 9.307901 9.257903 9.215062 9.107932 8.94703 8.781397 8.677286 8.558062 8.355082 8.116011 7.872249 7.509827 7.038064 6.568622 6.317007
9.39636 9.489141 9.570277 9.643212 9.715372 9.810312 9.883367 9.959 10.042 10.10471 10.15869 10.23604 10.33583 10.4655 10.57142 10.63248 10.7359 11.01352 11.37158 11.53829 11.43545 11.25237 11.30924 11.54372 11.64343 11.48233 11.2555 11.05768 10.85345 10.56292 10.217 9.850397 9.523286 9.402135 9.574549 9.834892 9.905557 9.910196 9.991902 10.13511 10.11814 9.976641 9.794909 9.644757 9.5446 9.448288 9.397941 9.330943 9.296224 9.258924 9.22107 9.126769 8.958325 8.804495 8.6844 8.538447 8.311312 8.059711 7.800923 7.467083 7.04893 6.606619 6.27581
9.415628 9.520136 9.613516 9.683916 9.749829 9.858569 9.951533 10.00434 10.08769 10.17377 10.24587 10.34627 10.48023 10.66547 10.82662 10.89867 10.94231 11.14397 11.48519 11.68577 11.59127 11.40312 11.39837 11.54263 11.55742 11.35824 11.12562 10.9993 10.87263 10.61025 10.2658 9.891745 9.551112 9.38641 9.517068 9.773188 9.861819 9.855777 9.89759 10.00554 9.999249 9.882238 9.715061 9.580362 9.501534 9.421523 9.364299 9.309723 9.283313 9.248904 9.212753 9.146291 9.029501 8.919686 8.747341 8.544388 8.284811 8.004542 7.706069 7.367154 6.975131 6.549953 6.225977
9.454811 9.569468 9.672132 9.74708 9.794803 9.898489 10.02358 10.08932 10.15771 10.26695 10.36603 10.47742 10.64059 10.87543 11.08189 11.17418 11.18567 11.33114 11.61003 11.78665 11.70307 11.51683 11.45478 11.48234 11.41795 11.24058 11.08372 11.03276 10.94771 10.69114 10.32856 9.917198 9.556798 9.387 9.476573 9.653773 9.74268 9.731389 9.773609 9.879464 9.896221 9.810137 9.663611 9.520412 9.432986 9.368938 9.315861 9.252706 9.277308 9.284702 9.264579 9.224253 9.160588 9.033208 8.833772 8.591411 8.308309 7.976241 7.648336 7.276055 6.88814 6.485539 6.177195
9.515541 9.642035 9.751411 9.833028 9.869685 9.937306 10.08253 10.19143 10.25984 10.39578 10.52671 10.6514 10.82795 11.06406 11.30448 11.40959 11.45335 11.55524 11.74329 11.87752 11.79143 11.59148 11.44166 11.36148 11.28231 11.21162 11.14119 11.12063 11.01743 10.75521 10.35864 9.916127 9.554105 9.413357 9.493762 9.566072 9.58956 9.578047 9.620048 9.721812 9.771689 9.749178 9.612538 9.459342 9.346419 9.250211 9.220229 9.243009 9.346663 9.424262 9.40565 9.337981 9.256379 9.130074 8.918374 8.651629 8.334826 7.970513 7.599114 7.219998 6.791902 6.353283 6.04151
9.564445 9.716278 9.838143 9.937082 9.977355 10.00593 10.13279 10.30404 10.39805 10.54198 10.70785 10.83666 11.02313 11.24502 11.44699 11.58989 11.66591 11.76019 11.89168 11.96155 11.84209 11.59725 11.36074 11.25045 11.26271 11.28552 11.25288 11.19116 11.04896 10.75072 10.3366 9.900705 9.556941 9.441898 9.498226 9.517335 9.506846 9.493402 9.50536 9.569639 9.65449 9.671872 9.602135 9.481747 9.302125 9.120776 9.083159 9.230757 9.418512 9.560634 9.556543 9.486541 9.365134 9.198149 8.963191 8.679379 8.340931 7.984132 7.598421 7.143118 6.610885 6.128695 5.899786
9.603757 9.769624 9.923494 10.06303 10.12638 10.11416 10.19242 10.39984 10.54712 10.71984 10.91585 11.06907 11.22571 11.40797 11.57713 11.71779 11.80245 11.90112 12.00395 12.02846 11.86185 11.54854 11.30834 11.24774 11.32848 11.40523 11.39706 11.26391 11.028 10.68422 10.29242 9.894863 9.590681 9.47081 9.467594 9.453417 9.437901 9.430207 9.451322 9.507978 9.628961 9.707342 9.676764 9.532001 9.29031 9.036799 8.978461 9.223512 9.529571 9.745996 9.785865 9.713828 9.52836 9.297071 9.005336 8.687473 8.338407 7.972256 7.540869 7.02197 6.431501 5.962676 5.845734
9.632809 9.809513 10.00757 10.1984 10.29386 10.2564 10.27771 10.48866 10.7081 10.90955 11.13363 11.30095 11.42605 11.57903 11.68564 11.78216 11.8686 11.96067 12.0557 12.03792 11.8287 11.52861 11.31792 11.30174 11.43525 11.54289 11.50675 11.28653 10.96739 10.62193 10.24833 9.887601 9.592727 9.430533 9.367997 9.334765 9.296269 9.316329 9.369664 9.512363 9.654185 9.735799 9.702607 9.534818 9.222408 8.930717 8.89603 9.149345 9.547544 9.862053 9.981975 9.938214 9.735568 9.404639 9.021175 8.653824 8.284303 7.890785 7.441343 6.897192 6.310582 5.873372 5.875339
9.63441 9.829219 10.07462 10.32111 10.45796 10.41817 10.42346 10.60675 10.8415 11.07611 11.31609 11.52554 11.65066 11.73358 11.76145 11.79247 11.85946 11.93294 12.03559 11.98677 11.78207 11.51921 11.34823 11.37625 11.54595 11.66061 11.58753 11.32684 10.98989 10.63889 10.26146 9.884137 9.568509 9.394914 9.32401 9.292021 9.226228 9.223515 9.328051 9.532253 9.706199 9.796511 9.704166 9.478419 9.158459 8.903934 8.844847 9.066813 9.481052 9.894722 10.14165 10.15519 9.90986 9.488266 9.038921 8.640481 8.261788 7.857187 7.37677 6.849395 6.29493 5.853821 5.872046
9.660909 9.834377 10.10225 10.39881 10.58673 10.60022 10.6153 10.76127 10.98023 11.22154 11.48482 11.72214 11.85841 11.87007 11.80638 11.74821 11.779 11.85553 11.95322 11.92099 11.72561 11.49053 11.35175 11.42108 11.61203 11.71465 11.64994 11.42392 11.09346 10.74629 10.3191 9.886415 9.540895 9.337187 9.27459 9.190806 9.128069 9.187447 9.372964 9.595349 9.81317 9.871472 9.713696 9.428188 9.153669 8.973801 8.864827 8.956007 9.335313 9.855831 10.22823 10.31161 10.06302 9.594104 9.110331 8.679944 8.25858 7.784007 7.306579 6.823004 6.29711 5.867904 5.863046
9.784975 9.874777 10.09865 10.39913 10.65403 10.77778 10.84047 10.94748 11.11141 11.36835 11.66593 11.90999 12.0315 11.97596 11.8342 11.64933 11.61966 11.71418 11.81704 11.81308 11.65683 11.42041 11.28155 11.37734 11.60505 11.75357 11.73827 11.56563 11.25811 10.86733 10.3718 9.871469 9.490327 9.258366 9.129105 9.03124 9.023036 9.205046 9.492126 9.726576 9.927237 9.955188 9.777122 9.487203 9.229168 9.064384 8.926458 8.890096 9.186343 9.712903 10.17841 10.36664 10.16066 9.677008 9.167643 8.678162 8.187322 7.687901 7.232535 6.778206 6.295791 5.894831 5.860715
9.96473 9.987828 10.14801 10.4026 10.68344 10.91863 11.06813 11.15451 11.28422 11.54963 11.87278 12.12463 12.19064 12.06061 11.82326 11.52157 11.37766 11.47037 11.61735 11.66206 11.53627 11.29664 11.13277 11.20914 11.51528 11.74127 11.79361 11.69844 11.42178 10.98221 10.41743 9.85355 9.426547 9.149487 8.989362 8.90095 8.975361 9.292797 9.658051 9.931033 10.0991 10.11387 9.929117 9.608826 9.335097 9.165627 9.008986 8.914711 9.093931 9.579436 10.09097 10.34944 10.17391 9.696633 9.135401 8.620732 8.097466 7.598875 7.160857 6.750885 6.293202 5.929141 5.884933
10.16753 10.15546 10.25448 10.47048 10.7205 11.00701 11.25035 11.38065 11.4936 11.73352 12.06027 12.31229 12.34395 12.145 11.78516 11.40369 11.16227 11.19576 11.34413 11.44429 11.38808 11.16284 10.97145 11.04171 11.37883 11.69023 11.81793 11.77178 11.49875 11.02161 10.39873 9.822164 9.386623 9.097628 8.92928 8.847796 8.971899 9.358088 9.804134 10.12513 10.26895 10.29777 10.09262 9.735431 9.40042 9.211218 9.041267 8.915001 9.044456 9.478189 9.973802 10.2533 10.07929 9.602176 9.014356 8.503659 8.027474 7.58334 7.17902 6.786298 6.325922 5.953732 5.903245
10.35792 10.34497 10.39428 10.57841 10.7907 11.06098 11.36311 11.57346 11.71936 11.9321 12.2423 12.49475 12.4939 12.18463 11.74043 11.31738 11.02617 10.96675 11.07217 11.18006 11.16384 10.9766 10.76657 10.85925 11.22337 11.58041 11.79688 11.79322 11.49291 10.98899 10.37007 9.813739 9.354753 9.080203 8.904161 8.849031 9.023537 9.464488 10.00576 10.37888 10.5228 10.50644 10.27545 9.875348 9.465918 9.181818 8.996117 8.876432 9.008263 9.415694 9.881688 10.1037 9.913402 9.399898 8.807502 8.336728 7.949435 7.583755 7.220509 6.824035 6.365867 5.990929 5.931661
10.50189 10.51602 10.54604 10.70232 10.91524 11.16526 11.46571 11.7286 11.93005 12.14077 12.41644 12.62977 12.57657 12.21511 11.73108 11.28687 10.95844 10.81442 10.84361 10.91161 10.88811 10.75027 10.57722 10.65739 11.05641 11.44413 11.69774 11.68303 11.34943 10.8428 10.261 9.741426 9.352666 9.099684 8.979605 8.943614 9.125752 9.610373 10.21467 10.64926 10.81282 10.77915 10.51906 10.0429 9.521845 9.123734 8.861048 8.740602 8.877568 9.289085 9.764519 9.925816 9.693264 9.184717 8.639522 8.210255 7.87777 7.580462 7.239795 6.843961 6.387583 6.050542 6.004906
10.58132 10.65863 10.70412 10.84627 11.0706 11.31588 11.59704 11.86839 12.12309 12.35113 12.58517 12.7544 12.64079 12.26905 11.79948 11.33453 10.99047 10.83471 10.73722 10.66532 10.59473 10.48755 10.35669 10.475 10.89553 11.33115 11.54318 11.40826 11.05025 10.56501 10.0914 9.681483 9.424382 9.255854 9.158743 9.136201 9.302631 9.776648 10.42002 10.90013 11.11494 11.06527 10.73444 10.17269 9.574209 9.104056 8.781716 8.626513 8.743771 9.102947 9.527997 9.648688 9.407156 8.937293 8.497198 8.151092 7.872697 7.621246 7.323266 6.905019 6.441815 6.152127 6.122278
