py_wake/examples/data/AJ_ParqueFicticio/Rough survey   Sector 7   Height 30m   Weibull-A.grd
DSAA
73  159
 258469   265669
 6501692   6517492
 .3886977   9.489745
[rows 84 to 111 of 159, columns 0 to 62 of 73]
3.758148 3.660678 3.607514 3.565828 3.515086 3.440706 3.373071 3.300495 3.231156 3.228188 3.23667 3.193463 3.110075 3.085432 3.035231 3.066615 2.982433 2.955921 3.058811 3.131836 3.227418 3.320612 3.406183 3.476261 3.625673 3.733019 3.777029 3.752547 3.769066 3.673982 3.776872 3.904614 3.945272 3.976274 3.737965 3.791947 3.614899 3.596893 3.710458 3.667839 3.71342 3.567357 3.577036 3.520488 3.433666 3.420113 3.539073 3.581475 3.714529 4.135597 4.443283 4.328075 4.199217 4.101349 3.930017 3.831959 3.794935 3.825564 3.931591 4.003115 4.066137 3.983314 3.758196
3.670273 3.616301 3.572932 3.52754 3.455517 3.411164 3.351322 3.279684 3.247559 3.208892 3.170672 3.099595 3.012236 2.966024 3.034034 3.060475 2.970952 2.900878 2.920938 2.942799 3.004974 3.099838 3.231507 3.423933 3.67563 3.804168 3.770435 3.651018 3.572945 3.465027 3.543231 3.710438 3.603549 3.650091 3.479047 3.580008 3.568416 3.611148 3.710931 3.811209 3.821778 3.74123 3.627632 3.646948 3.51682 3.525637 3.541121 3.42508 3.362438 3.498948 3.837585 4.120983 4.152649 4.159102 4.145647 4.118974 4.188015 4.248651 4.236835 4.198914 4.117885 3.824953 3.55538
3.501455 3.524029 3.5294 3.474103 3.422829 3.387338 3.30756 3.28381 3.27687 3.186038 3.12033 3.116043 3.100172 3.029343 3.026488 3.022485 3.036099 3.000168 2.88344 2.784823 2.76189 2.812453 2.865223 3.040276 3.225077 3.358391 3.329978 3.23085 3.084588 3.098312 3.181889 3.262812 3.362914 3.471011 3.423871 3.501128 3.51459 3.512404 3.70059 3.784589 3.793766 3.788606 3.832465 3.93919 3.968417 4.0135 3.959985 3.813723 3.739663 3.647715 3.672723 3.900071 4.166209 4.211531 4.258485 4.316068 4.546901 4.601272 4.527832 4.352042 4.130467 3.612156 3.4027
3.453885 3.463212 3.472833 3.401793 3.353672 3.322247 3.271347 3.30297 3.282363 3.192771 3.161338 3.115306 3.072344 2.974293 2.913898 2.94452 2.994154 2.943457 2.892367 2.813372 2.666128 2.561517 2.498494 2.511102 2.66702 2.8133 2.746706 2.806527 2.777531 2.888624 3.153626 3.334515 3.472122 3.624208 3.685453 3.698146 3.595388 3.678753 3.613437 3.67092 3.719216 3.788477 3.955317 4.19241 4.228197 4.224815 4.209883 4.212258 4.106181 3.871883 3.686173 3.760596 4.201227 4.399409 4.3758 4.467641 4.634814 4.66408 4.519801 4.367182 4.07168 3.677151 3.59175
3.451486 3.416845 3.371554 3.3398 3.277825 3.2135 3.181231 3.205918 3.168934 3.162296 3.143885 3.059319 3.020611 3.004543 2.898538 2.817469 2.854126 2.834738 2.83786 2.762297 2.658885 2.527016 2.37824 2.246532 2.299553 2.544617 2.662858 2.845526 3.06362 3.405868 3.427619 3.621759 3.602398 3.741283 3.840599 3.830826 3.862514 3.794003 3.700704 3.680714 3.716755 3.914448 4.041236 4.117999 4.063426 3.992766 3.948371 3.894229 3.958593 3.77301 3.532432 3.390918 3.684439 4.110513 4.475537 4.367096 4.405573 4.506564 4.39924 4.20287 3.952515 3.815422 3.918682
3.432271 3.379828 3.349816 3.329687 3.246926 3.210361 3.102312 3.010604 2.969267 3.04911 3.03641 3.083077 3.015643 2.970967 2.873017 2.699663 2.664763 2.697119 2.685974 2.729569 2.712229 2.654509 2.574949 2.55407 2.606634 2.761879 3.010384 3.401577 3.7721 3.925565 3.860268 3.774866 3.702395 3.689417 3.778994 3.70417 3.76183 3.897063 3.88744 3.846631 3.890079 3.956465 3.993776 3.859104 3.684255 3.496538 3.379611 3.256522 3.309824 3.232608 3.058457 2.868148 2.582726 3.032622 3.644347 3.962998 3.952675 3.9942 3.957722 3.910981 3.769666 3.884529 4.04699
3.523397 3.445198 3.366573 3.284582 3.253083 3.190791 3.06754 3.037835 2.89209 2.878367 2.892657 2.994029 2.947952 2.925931 2.890997 2.757643 2.587202 2.486321 2.529494 2.634649 2.789329 2.858241 2.94724 3.119462 3.325555 3.504636 3.740643 4.012071 4.270883 4.238678 4.073739 3.894426 3.836169 3.761992 3.687371 3.68367 3.916677 3.976773 4.03709 4.076547 4.017165 4.047321 3.951127 3.755787 3.701289 3.753567 3.879203 3.763122 3.669488 3.362936 3.34166 3.014273 2.874614 2.517915 2.683309 3.139039 3.16944 2.968888 3.142891 3.326596 3.713391 4.044177 4.193453
3.546502 3.456692 3.399189 3.345093 3.257274 3.157748 3.130198 3.038332 2.923909 2.856788 2.841253 2.865394 2.934258 2.917715 2.903527 2.804306 2.639305 2.449757 2.391776 2.520049 2.866786 3.132516 3.318927 3.600516 3.940654 4.097708 4.230397 4.347059 4.423026 4.38963 4.290267 4.189554 4.106342 4.097858 3.989681 4.077218 3.946145 4.081795 4.122995 4.228657 4.222402 4.09811 4.068964 4.074144 4.454072 4.632202 4.586112 4.530505 4.296002 4.132718 4.315588 4.258994 4.032475 3.45575 2.75846 2.445657 2.483278 2.634295 2.886018 3.307094 3.857254 4.204432 4.382446
3.573255 3.477292 3.395796 3.315051 3.221244 3.218085 3.157048 3.108509 3.042387 2.894724 2.839857 2.867136 2.875605 2.937225 2.960015 2.906974 2.761561 2.629717 2.533684 2.553437 2.97209 3.43133 3.773358 3.969574 4.30442 4.389309 4.514125 4.589127 4.544024 4.591757 4.543162 4.535114 4.403244 4.19256 3.931185 4.121258 4.16493 4.231548 4.277557 4.240295 4.260267 4.304503 4.421246 4.724469 4.934012 4.937141 4.695413 4.637753 4.626971 4.815381 4.979129 4.913148 4.950772 4.63252 3.993052 3.417486 3.293087 3.427192 3.739403 3.655895 3.977313 4.320316 4.578866
3.561493 3.461936 3.366559 3.313491 3.283788 3.228999 3.207948 3.14437 3.088639 3.022318 2.894968 2.815691 2.857396 2.86834 2.977745 3.097929 3.094938 2.979937 2.944769 2.97326 3.164702 3.682862 4.054535 4.301305 4.523745 4.531365 4.703022 4.922409 4.889742 4.74974 4.569135 4.421225 4.361751 4.306821 4.210309 4.215286 4.183829 4.151538 4.262808 4.366215 4.574133 4.881279 5.149485 5.257514 5.166152 4.930382 4.803102 4.723831 4.846598 4.966467 5.039015 5.121853 5.256414 5.163251 5.239239 5.048581 5.022742 4.787165 4.505156 4.222498 4.062301 4.2825 4.71452
3.533932 3.464253 3.374722 3.293717 3.2253 3.242983 3.216756 3.162019 3.094746 3.061428 2.979105 2.826014 2.771906 2.803711 2.909764 3.102527 3.368097 3.452237 3.539063 3.581761 3.629931 3.589106 4.178838 4.494448 4.74248 4.761521 4.887998 5.149127 5.009109 4.830478 4.503163 4.256454 4.181604 4.249889 4.213958 4.386713 4.38115 4.430226 4.582689 4.82427 5.062105 5.299513 5.389423 5.294621 5.040022 4.931357 4.737361 4.745869 4.8701 4.943993 4.876696 4.856853 5.098958 5.19625 5.320808 5.293279 5.241889 5.060782 4.751042 4.520174 4.217381 4.18806 4.514268
3.422945 3.411245 3.31733 3.2898 3.216478 3.174037 3.215632 3.249747 3.203478 3.134776 3.083063 2.984483 2.836998 2.722662 2.795811 2.982197 3.370294 3.765509 3.935665 4.007079 4.145572 3.870754 4.185833 4.614226 4.958911 5.007373 5.094162 5.166047 5.072386 4.725207 4.281491 4.081324 3.992694 4.162361 4.323302 4.494565 4.383703 4.447302 4.853147 4.95387 5.089195 5.156518 5.220353 5.13441 4.987682 4.928639 4.861651 5.062617 4.935852 4.883217 4.725921 4.676744 4.804409 4.967824 5.111382 5.132392 5.256351 5.207632 5.051611 5.019766 4.719163 4.149734 4.149036
3.359644 3.318397 3.367366 3.349599 3.315534 3.218514 3.19667 3.250734 3.27205 3.218435 3.172802 3.135148 3.030595 2.852685 2.778024 2.953307 3.383411 3.770454 4.012044 4.323101 4.638882 4.365163 4.433223 4.704253 5.003932 4.959807 4.722826 4.444408 3.888722 3.59556 3.474834 3.633213 3.950187 4.369079 4.651881 4.825943 4.836368 4.886047 5.110399 5.199121 5.190651 5.003152 4.900208 4.815149 4.823793 4.968795 5.107581 5.087182 4.85771 4.776764 4.577332 4.388493 4.066828 3.997846 4.575631 4.792563 5.01437 5.146876 5.35298 5.332222 5.19205 4.652491 4.01518
3.280968 3.30427 3.319887 3.37745 3.419128 3.386408 3.242003 3.214572 3.31504 3.307486 3.271473 3.288116 3.271291 3.152595 3.069262 3.122401 3.382468 3.671815 3.99339 4.409416 4.788292 4.608638 4.621816 4.88249 4.923336 4.495974 3.95611 3.184039 2.699656 2.726282 3.180152 3.704963 3.96557 4.264581 4.719776 5.044182 5.359114 5.276207 5.127423 5.083421 4.888273 4.749795 4.633716 4.543341 4.519081 4.555486 4.463894 4.59971 4.469835 4.36335 4.222868 3.645373 3.2624 2.63679 2.864079 3.07305 3.563195 3.819597 4.279037 4.912048 5.054281 4.862784 4.113353
3.329995 3.312505 3.294993 3.316567 3.338447 3.445175 3.39018 3.229027 3.293897 3.345598 3.387024 3.439489 3.564047 3.62611 3.649635 3.640639 3.680415 3.884052 4.233163 4.577495 4.830942 4.685627 4.692461 4.811642 4.675536 4.188311 3.413495 2.93686 2.991144 3.628798 4.124476 4.32611 4.282547 4.272449 4.539464 4.724876 4.989738 5.222516 5.105888 4.949926 4.679718 4.45088 4.377075 4.328907 4.246318 4.016094 3.686337 3.56158 3.432419 3.268243 3.16672 2.940534 2.709443 2.816813 2.881761 2.722623 2.762084 2.979028 3.192609 3.763322 4.041698 4.303445 4.060412
3.348672 3.287951 3.342396 3.337667 3.319853 3.495761 3.554344 3.388332 3.37656 3.449364 3.505076 3.640606 3.831521 4.127903 4.355129 4.342898 4.350512 4.372312 4.641944 4.899767 4.997071 4.973771 4.932002 4.837955 4.334894 3.66908 3.326718 3.769686 4.494593 4.793393 4.786256 4.706389 4.642911 4.268626 4.16986 4.295643 4.34477 4.453031 4.602315 4.642696 4.277668 4.056715 3.862643 3.742736 3.696477 3.766055 3.472785 3.216499 2.789667 2.467775 2.446601 2.640638 3.097309 3.691251 3.895537 3.960361 3.855726 3.628608 3.445276 3.578821 4.010456 4.631355 4.496263
3.51314 3.529555 3.529055 3.511697 3.427127 3.564597 3.722458 3.737 3.618189 3.718974 3.753788 3.911628 4.097008 4.353872 4.690664 4.950036 5.190652 5.13008 5.04622 5.220806 5.264662 5.18146 4.955673 4.564806 3.789213 3.468645 3.861151 4.586541 5.099469 5.228791 5.059904 4.809112 4.610301 4.365983 4.234648 4.053226 3.902687 3.747236 3.719926 3.917814 3.840209 3.470262 3.299809 3.222719 3.146984 3.32976 3.362183 3.112216 2.839106 2.762302 3.016551 3.309777 3.780044 4.159839 4.389799 4.538603 4.666105 4.801728 4.857712 4.959095 5.353973 5.315682 4.65708
3.727269 3.870183 3.818838 3.763741 3.702889 3.69025 3.974784 4.175413 4.07571 4.138256 4.140894 4.240428 4.519366 4.74608 5.068758 5.490781 5.819835 5.826197 5.623963 5.58831 5.46811 5.208689 4.719113 4.035006 3.750026 4.189726 4.917892 5.225234 5.367054 5.300018 5.054639 4.774586 4.596183 4.474822 4.402977 4.221218 4.016667 3.868884 3.555668 3.216959 3.044222 2.97615 2.859106 2.927705 3.129246 3.435106 3.554706 3.548028 3.965757 3.927216 3.939716 4.129997 4.258414 4.459664 4.787411 4.928538 5.055579 5.1889 5.25744 5.205998 5.131654 4.692188 4.336442
3.998634 4.050104 4.061225 4.039527 4.086598 4.075455 4.293386 4.568822 4.694501 4.719724 4.837286 4.814372 5.118937 5.386195 5.615432 5.912762 6.148082 6.246843 6.11274 5.912514 5.499469 5.016016 4.570839 4.322019 4.776628 5.256294 5.469708 5.432753 5.264106 5.082301 4.886984 4.726474 4.621861 4.522817 4.357365 4.228552 4.092089 3.891766 3.413917 3.114292 2.881976 2.882 3.18048 3.805214 3.971166 3.991737 3.95352 4.388897 4.713322 4.71556 4.51954 4.582319 4.620005 4.738492 4.865358 4.962092 4.960571 4.890981 4.808677 4.632178 4.576509 3.688007 4.610224
4.219183 4.28948 4.338673 4.435486 4.519804 4.38869 4.42706 4.667176 5.100875 5.301384 5.374555 5.505153 5.65842 5.956812 6.184218 6.40509 6.435915 6.46419 6.400346 6.08489 5.689318 5.466836 5.353482 5.51247 5.698615 5.780417 5.537587 5.060493 4.671974 4.441651 4.436296 4.482255 4.501772 4.383958 4.15165 3.991416 3.828163 3.713674 3.514136 3.481923 3.506772 3.611263 4.173289 4.349039 4.260184 4.362041 4.526796 4.788903 4.952526 5.173436 4.944317 4.944692 4.807493 4.625973 4.546117 4.492477 4.475638 4.40941 4.324214 4.182879 4.253841 3.927076 4.526817
4.007411 4.373936 4.693542 4.927741 4.936757 4.764591 4.64898 4.623734 4.904837 5.205103 5.431001 5.759409 6.083665 6.300793 6.54933 6.86274 6.964739 6.853139 6.834816 6.737344 6.626393 6.619576 6.621696 6.545161 6.411389 6.042109 5.405936 4.870637 4.425666 4.281448 4.358073 4.405752 4.451828 4.399997 4.279695 4.103234 3.958368 3.633747 3.510447 3.660088 3.931771 4.170815 4.145149 3.96072 3.904197 3.821743 4.147277 4.823375 5.228126 5.46289 5.509015 5.351618 5.126879 4.696765 4.422139 4.301806 4.41096 4.536746 4.641599 4.631729 4.447948 4.109241 4.52244
3.432488 3.946964 4.531114 4.915842 4.981592 4.846252 4.759665 4.813759 4.936762 5.11225 5.385913 5.788447 6.237538 6.443032 6.65615 7.034594 7.355005 7.430333 7.404554 7.377755 7.569999 7.739665 7.806927 7.425722 6.824218 5.97049 5.365798 5.02752 4.924624 4.925767 4.874065 4.76558 4.64459 4.642143 4.636465 4.455875 4.206004 3.798079 3.74281 3.7398 3.816951 3.84167 3.638747 3.654709 3.708713 3.985437 4.00005 4.537087 5.319296 5.828701 6.07867 6.089237 5.885259 5.571266 5.418509 5.356587 5.358981 5.371364 5.416252 5.374918 5.0871 4.138666 4.286674
3.377757 3.478667 3.765746 4.280828 4.715464 4.912804 4.721219 4.77705 5.03507 5.302148 5.562589 5.877513 6.203357 6.483513 6.667905 6.792202 7.284758 7.697715 7.467398 7.440165 7.646179 7.714209 7.735261 7.506951 7.039869 6.468373 5.977423 5.711989 5.690578 5.60336 5.380226 5.11578 4.856452 4.670437 4.450994 4.401383 4.073528 3.819326 3.794105 3.632448 3.660647 3.553083 3.552063 3.810674 4.225729 4.652493 4.575415 4.327198 5.12354 5.861395 6.424632 6.904983 7.202055 7.180648 7.061152 6.741167 6.343907 6.049785 5.796394 5.58367 5.368685 4.234934 4.213191
3.897555 3.773847 3.755809 3.904038 4.370074 5.029613 5.222566 5.178276 5.366914 5.677231 5.964962 6.132992 6.209785 6.280662 6.336114 6.379004 6.566732 7.151778 7.433587 7.35643 7.358819 7.264663 7.327129 7.30066 7.187185 7.227505 6.972911 6.641052 6.464776 6.204767 5.799547 5.412355 5.083687 4.780809 4.563137 4.323782 4.023366 3.981272 4.019994 3.739738 3.675339 3.78174 4.091818 4.471533 4.882487 5.354438 5.578695 5.193366 5.125415 5.636085 6.233123 6.909623 7.374 7.744013 7.776144 7.492069 6.945313 6.365892 5.976243 5.683126 5.406716 4.134668 4.229137
4.714975 4.41702 4.474698 4.463546 4.606466 5.026593 5.469808 5.77844 5.823266 5.90829 6.086328 6.239609 6.254794 6.144996 5.902199 5.75952 5.434152 5.982783 6.531808 6.765188 6.97753 7.06982 7.230332 7.367268 7.188558 7.225952 7.331714 7.343867 7.109999 6.859431 6.617017 6.211368 5.821867 5.425081 4.985006 4.649424 4.343275 4.368924 4.361018 4.175041 4.171905 4.477685 4.827559 5.034346 5.378911 5.880496 6.28909 6.407751 6.043679 6.054986 6.252806 6.58348 6.77965 6.86405 6.899204 6.766251 6.463587 6.196821 5.96363 5.7743 5.569466 4.164196 3.984257
5.50877 5.374707 5.256937 5.324334 5.30448 5.432496 5.645226 5.943851 5.947714 5.906743 5.989748 6.129678 6.104467 5.620803 5.352971 5.096615 4.939516 4.797327 5.486286 6.056764 6.450427 6.580338 6.768645 6.959637 7.096636 7.137339 7.417572 7.584984 7.694973 7.552855 7.110083 6.511185 5.882554 5.152913 4.737961 4.585735 4.625836 4.773477 4.868416 4.845208 4.965195 5.220349 5.490073 5.573534 5.63415 5.966011 6.409707 6.694556 6.890492 6.8398 6.627404 6.603828 6.505378 6.153851 5.861265 5.672481 5.631885 5.614072 5.620057 5.691271 5.715303 4.725662 3.994464
6.097847 6.21261 6.041699 5.816197 5.661807 5.568483 5.623435 5.688611 5.821167 5.799177 5.833259 5.805677 5.67537 5.408268 4.921718 4.619219 4.493022 4.083812 4.343271 5.179979 5.807192 6.076931 6.154496 6.238001 6.289168 6.601897 7.114027 7.587397 7.810956 7.488236 6.589254 5.602753 4.927732 4.504715 4.446928 4.577912 4.914519 5.140007 5.335601 5.436283 5.642946 5.818863 5.921417 5.83383 5.563904 5.478035 5.748648 6.000227 6.428607 6.821504 6.955762 6.834762 6.458941 6.071844 5.611799 5.195921 4.996109 4.997999 5.002317 4.981504 5.021924 4.610793 4.404909
6.303472 6.315331 6.154887 5.939886 5.696599 5.542132 5.431898 5.438258 5.640056 5.822154 5.849878 5.866624 5.694939 5.489876 5.399952 5.021532 4.586414 4.327388 3.752664 3.985934 4.910218 5.583438 5.971632 6.181218 6.156599 6.537593 7.044003 7.362226 7.214034 6.8557 6.227423 5.613499 5.004959 4.834837 4.79631 4.90618 5.081256 5.414746 5.562256 5.901245 6.146126 6.214777 6.060585 5.782727 5.486496 5.199307 5.107169 5.117716 5.340991 6.233266 6.607628 6.419456 6.010707 5.596311 5.262667 4.965198 4.834742 4.778387 4.727451 4.456864 4.191663 4.453753 4.609529
