py_wake/examples/data/AJ_ParqueFicticio/Rough survey   Sector 10   Height 200m   Weibull-A.grd
DSAA
73  159
 258469   265669
 6501692   6517492
 6.592178   15.43679
[rows 28 to 55 of 159, columns 0 to 62 of 73]
10.73616 10.74269 10.75103 10.75771 10.76729 10.78248 10.79394 10.80818 10.81483 10.83367 10.86393 10.89785 10.92618 10.94638 10.9594 10.96566 10.97913 10.99163 10.99439 10.9907 10.97748 10.96049 10.95874 10.94249 10.90759 10.84727 10.78072 10.7456 10.73389 10.72447 10.70832 10.67493 10.5776 10.44258 10.37088 10.42029 10.45521 10.43499 10.40503 10.2988 10.22273 10.24601 10.34087 10.51273 10.67923 10.79957 10.87711 11.02139 11.26609 11.54482 11.85165 12.24453 12.72662 13.07689 13.24034 13.44458 13.66073 13.61175 13.13343 12.44111 11.76845 11.23239 10.89647
10.73094 10.74091 10.75302 10.76048 10.77278 10.78335 10.79194 10.80801 10.82096 10.83744 10.86326 10.8923 10.91842 10.93933 10.94935 10.95663 10.9697 10.98536 10.99099 10.9901 10.97283 10.94446 10.93045 10.91579 10.88639 10.83599 10.77909 10.74883 10.7299 10.71646 10.69516 10.65124 10.55661 10.42728 10.36263 10.39506 10.41467 10.39391 10.3719 10.30376 10.22271 10.21585 10.28826 10.41314 10.56405 10.71377 10.85402 11.05088 11.34206 11.68633 12.04469 12.47162 12.95981 13.36973 13.60541 13.77126 13.85317 13.62529 13.03442 12.29573 11.61924 11.13089 10.95052
10.71992 10.73071 10.74803 10.75625 10.76698 10.78096 10.79121 10.80566 10.82096 10.83901 10.85754 10.87586 10.89497 10.91772 10.92608 10.94277 10.9649 10.98191 10.98674 10.98935 10.96548 10.93664 10.90878 10.89225 10.85918 10.82121 10.78354 10.74867 10.71897 10.69848 10.66913 10.62984 10.5272 10.40473 10.35259 10.3599 10.36728 10.35157 10.3286 10.2945 10.22796 10.18525 10.24958 10.35701 10.48262 10.6347 10.82873 11.08686 11.42921 11.82155 12.23405 12.6978 13.19885 13.63061 13.93113 14.07594 14.01343 13.57884 12.86318 12.08784 11.44188 11.07758 11.14019
10.71429 10.7228 10.73585 10.7457 10.75968 10.77378 10.78393 10.79668 10.81125 10.82925 10.84406 10.8608 10.87507 10.89213 10.90971 10.93293 10.95942 10.98408 10.99106 10.97937 10.95145 10.92703 10.89304 10.86477 10.83891 10.80711 10.77476 10.75026 10.70594 10.67198 10.65019 10.60638 10.50066 10.39147 10.34579 10.332 10.31131 10.28613 10.27625 10.27977 10.24015 10.19869 10.22772 10.32537 10.4584 10.61466 10.82465 11.1163 11.46578 11.88484 12.3419 12.85813 13.39583 13.85857 14.20909 14.33196 14.11733 13.51211 12.69866 11.90624 11.31603 11.12754 11.40458
10.70211 10.71509 10.73103 10.74128 10.75561 10.76757 10.78137 10.79287 10.80438 10.81841 10.83155 10.84584 10.85666 10.86039 10.88432 10.91768 10.9522 10.98326 10.98764 10.95984 10.93442 10.91029 10.87828 10.84782 10.82149 10.7817 10.75691 10.73104 10.69109 10.6525 10.6254 10.57719 10.48204 10.39376 10.34365 10.32117 10.28038 10.22168 10.22351 10.2522 10.26271 10.22791 10.24129 10.30744 10.4454 10.64892 10.89931 11.16297 11.48147 11.88557 12.36372 12.9108 13.46983 13.98662 14.39388 14.50127 14.17942 13.46358 12.60306 11.81483 11.31403 11.28775 11.69564
10.70379 10.71772 10.72938 10.74632 10.7595 10.77255 10.78228 10.79433 10.80534 10.81747 10.82757 10.8407 10.84189 10.84072 10.86998 10.9037 10.94458 10.97675 10.97211 10.94914 10.91682 10.89381 10.86777 10.83335 10.80642 10.77474 10.73884 10.72435 10.68671 10.63849 10.60449 10.55531 10.47832 10.39355 10.33042 10.29632 10.25689 10.16873 10.16929 10.21182 10.25969 10.29885 10.30579 10.33761 10.43759 10.6493 10.93349 11.22494 11.53505 11.92502 12.40379 12.93937 13.48137 14.00635 14.44904 14.60604 14.21225 13.46505 12.58948 11.83914 11.40512 11.48777 11.98281
10.71043 10.72564 10.73627 10.74945 10.76061 10.77737 10.78483 10.79557 10.81066 10.8216 10.83505 10.83963 10.84803 10.84722 10.86866 10.90999 10.9512 10.97082 10.95289 10.92255 10.89567 10.86506 10.84057 10.81302 10.78738 10.75638 10.73393 10.70508 10.67132 10.63565 10.58704 10.53935 10.4789 10.39526 10.31079 10.24819 10.22461 10.15317 10.1174 10.14757 10.24101 10.35746 10.42908 10.45589 10.48156 10.64601 10.91787 11.23916 11.59003 12.00576 12.50617 13.04256 13.5613 14.06069 14.46301 14.62142 14.2588 13.52601 12.66167 11.94222 11.59525 11.74373 12.22886
10.70485 10.72568 10.73843 10.75272 10.76237 10.77401 10.78866 10.79617 10.80677 10.82062 10.83057 10.83622 10.8417 10.84822 10.87368 10.90925 10.94464 10.96201 10.92388 10.88391 10.8533 10.82743 10.81111 10.79115 10.77101 10.74809 10.72207 10.69134 10.65351 10.61531 10.57223 10.52058 10.46559 10.3917 10.30212 10.21415 10.16751 10.13067 10.06836 10.07593 10.2261 10.40206 10.57382 10.64985 10.62917 10.68369 10.91137 11.2572 11.63277 12.07306 12.56665 13.14632 13.68406 14.14258 14.50398 14.63442 14.32301 13.60844 12.75017 12.06755 11.83523 12.04056 12.45357
10.69315 10.71246 10.72812 10.75132 10.7704 10.78504 10.79143 10.79769 10.81049 10.82019 10.8324 10.83418 10.83622 10.83937 10.86824 10.9025 10.9278 10.93489 10.89738 10.84138 10.81077 10.79064 10.78132 10.77623 10.76752 10.74487 10.71346 10.67658 10.63523 10.59587 10.55567 10.50303 10.44768 10.38207 10.29197 10.185 10.10619 10.06609 10.01151 10.05852 10.23551 10.49194 10.74295 10.88438 10.87115 10.77685 10.89454 11.23009 11.65749 12.10771 12.60227 13.16096 13.72238 14.20137 14.55102 14.68373 14.37901 13.66195 12.82729 12.21578 12.11744 12.34036 12.65248
10.66931 10.69505 10.7178 10.74319 10.76843 10.78217 10.79382 10.8061 10.81462 10.82697 10.82999 10.83286 10.8314 10.8316 10.85475 10.87526 10.88818 10.88712 10.86381 10.80882 10.76968 10.75864 10.75918 10.76251 10.76411 10.73465 10.7024 10.658 10.61681 10.57067 10.52968 10.49188 10.43829 10.38013 10.29812 10.17701 10.03327 9.980692 9.963543 10.01393 10.2408 10.58499 10.92414 11.13769 11.16457 11.00265 10.92237 11.15963 11.56053 12.01467 12.52289 13.05582 13.62219 14.14194 14.55707 14.72878 14.43936 13.74313 12.93081 12.40199 12.36679 12.5782 12.80426
10.66687 10.69171 10.71956 10.73937 10.75876 10.77181 10.77925 10.79505 10.81518 10.83151 10.84082 10.84473 10.83711 10.8306 10.84135 10.84965 10.8534 10.8479 10.8317 10.7935 10.73427 10.73629 10.74617 10.75259 10.75194 10.72141 10.68451 10.6425 10.59956 10.54791 10.50374 10.48702 10.44062 10.38013 10.30055 10.17138 9.98072 9.899532 9.885456 9.977777 10.23901 10.63255 11.05983 11.37139 11.44445 11.28278 11.10671 11.18232 11.45565 11.8627 12.3829 12.915 13.48069 14.03251 14.50813 14.74256 14.52608 13.86801 13.08933 12.60139 12.54016 12.70309 12.80719
10.68032 10.70646 10.73403 10.75581 10.76823 10.78317 10.78316 10.80024 10.82139 10.84347 10.85893 10.85959 10.84541 10.83334 10.83646 10.83573 10.84314 10.84223 10.82643 10.78583 10.73598 10.73413 10.74228 10.75268 10.73574 10.70633 10.66907 10.63013 10.58853 10.53473 10.49831 10.47351 10.43963 10.37966 10.31006 10.16913 9.982083 9.854152 9.822373 9.964852 10.25261 10.66237 11.11508 11.49941 11.6726 11.54161 11.34179 11.35186 11.49164 11.79981 12.30685 12.86004 13.40126 13.95918 14.46027 14.75374 14.62809 14.05256 13.32636 12.82433 12.64006 12.63004 12.62113
10.67705 10.70689 10.74131 10.76756 10.78534 10.79343 10.79722 10.81091 10.83171 10.85181 10.86541 10.86733 10.84266 10.83439 10.82875 10.83167 10.834 10.82739 10.81967 10.79013 10.75736 10.74352 10.73746 10.73428 10.71273 10.67604 10.64478 10.6118 10.57675 10.54069 10.50634 10.47649 10.43887 10.39023 10.3191 10.18676 9.991735 9.804929 9.787388 9.96725 10.28115 10.69162 11.13878 11.54908 11.79647 11.74424 11.54812 11.49701 11.6147 11.86639 12.30121 12.83337 13.39767 13.95736 14.4386 14.76443 14.72751 14.26916 13.60471 13.0188 12.60927 12.41768 12.32612
10.69631 10.72376 10.7472 10.76455 10.77705 10.7844 10.78804 10.80491 10.83087 10.85012 10.85833 10.85932 10.82935 10.80868 10.8033 10.80851 10.81204 10.81268 10.80238 10.77998 10.77372 10.76488 10.75005 10.72721 10.68958 10.64041 10.62381 10.6018 10.58102 10.546 10.51691 10.49242 10.45474 10.40665 10.3412 10.21915 9.997348 9.783464 9.805866 9.998103 10.32907 10.71425 11.13009 11.53994 11.82304 11.85769 11.69643 11.61714 11.73424 12.0039 12.37424 12.85819 13.38858 13.92465 14.41182 14.76416 14.82584 14.50017 13.87063 13.18093 12.57888 12.21634 12.01452
10.72418 10.7486 10.77098 10.78204 10.77967 10.78022 10.77866 10.79272 10.81637 10.83116 10.83726 10.83519 10.81884 10.79277 10.78747 10.79757 10.79832 10.79664 10.78042 10.76204 10.76021 10.76737 10.77467 10.74797 10.6834 10.62743 10.60956 10.59562 10.578 10.54642 10.52306 10.49328 10.47063 10.42696 10.35839 10.25034 10.05302 9.86094 9.862957 10.03803 10.33949 10.70365 11.08218 11.48612 11.77952 11.87468 11.76952 11.68787 11.85041 12.13263 12.48107 12.89404 13.36104 13.86256 14.34509 14.73816 14.8984 14.66308 14.06914 13.32642 12.6237 12.07584 11.74769
10.7394 10.77211 10.80288 10.82353 10.80948 10.77722 10.75419 10.77604 10.8123 10.83622 10.84572 10.83503 10.81423 10.79673 10.79138 10.7938 10.79112 10.78233 10.75908 10.73649 10.74038 10.7623 10.78151 10.75525 10.69848 10.64735 10.61691 10.59271 10.5733 10.54499 10.5216 10.50886 10.48461 10.44618 10.3896 10.29235 10.13719 9.972782 9.938445 10.07742 10.3246 10.66899 11.04577 11.42794 11.711 11.81852 11.77986 11.76367 11.93516 12.20645 12.51642 12.88079 13.30624 13.76996 14.27882 14.7207 14.91406 14.70088 14.13532 13.40644 12.71233 12.08981 11.64534
10.73688 10.76947 10.80523 10.83877 10.82583 10.78394 10.74916 10.76305 10.79942 10.83492 10.85747 10.84361 10.81254 10.79199 10.7888 10.78588 10.78394 10.76512 10.74135 10.71254 10.71865 10.74417 10.76178 10.74939 10.69199 10.6512 10.62708 10.61095 10.58905 10.55323 10.53113 10.5326 10.5072 10.46755 10.42979 10.35021 10.2276 10.10313 10.0528 10.12644 10.32045 10.64298 11.00074 11.31819 11.58168 11.71786 11.7644 11.81875 11.9819 12.24398 12.52513 12.84975 13.26437 13.76482 14.29766 14.74189 14.87128 14.58671 14.06113 13.41063 12.75981 12.1716 11.6905
10.7396 10.77182 10.79988 10.83246 10.83413 10.8008 10.77257 10.78635 10.80875 10.83387 10.85407 10.84103 10.81738 10.79746 10.79089 10.78629 10.78332 10.76544 10.73765 10.70904 10.7136 10.73235 10.7434 10.72727 10.68087 10.64479 10.63336 10.62085 10.58717 10.54121 10.52682 10.55079 10.51884 10.46887 10.46135 10.40054 10.2908 10.19937 10.18392 10.21487 10.34262 10.60263 10.90677 11.17494 11.44305 11.64647 11.78521 11.9131 12.07995 12.31127 12.58472 12.90521 13.32351 13.84427 14.35849 14.73951 14.75814 14.38028 13.8449 13.27008 12.73759 12.25414 11.84454
10.73348 10.77432 10.80508 10.82679 10.83488 10.83087 10.82499 10.84321 10.85382 10.84606 10.85046 10.83665 10.80917 10.79528 10.79111 10.78605 10.77709 10.76396 10.74263 10.72491 10.72679 10.7466 10.75639 10.73375 10.68557 10.65163 10.64572 10.62789 10.59275 10.54371 10.52567 10.54341 10.51081 10.46897 10.48649 10.43431 10.33571 10.26121 10.24778 10.31221 10.4178 10.59131 10.83412 11.11168 11.40332 11.65382 11.8299 11.98947 12.17603 12.41232 12.70148 13.06708 13.48632 13.95134 14.37487 14.65651 14.59127 14.18364 13.61601 13.07383 12.62358 12.25575 11.94661
10.71965 10.76029 10.78952 10.81541 10.83376 10.85373 10.86962 10.89482 10.914 10.89168 10.84146 10.8201 10.7844 10.76354 10.7592 10.76362 10.76268 10.75993 10.75268 10.73618 10.7495 10.76577 10.77041 10.75294 10.69812 10.66695 10.64999 10.63444 10.6023 10.57391 10.55097 10.54957 10.53079 10.47794 10.49194 10.45377 10.3752 10.30424 10.28791 10.35358 10.46671 10.63021 10.84346 11.09649 11.37489 11.6373 11.81733 11.97568 12.17741 12.44757 12.79697 13.22557 13.66304 14.03466 14.29047 14.3871 14.31431 13.97555 13.47157 12.97207 12.54381 12.19153 11.92414
10.71731 10.74773 10.77538 10.79659 10.82923 10.86195 10.89598 10.92641 10.95168 10.91915 10.84839 10.80189 10.75908 10.72046 10.7236 10.73569 10.74611 10.74799 10.73761 10.72205 10.73514 10.74742 10.7522 10.74308 10.69344 10.65198 10.65058 10.63875 10.63018 10.62132 10.6243 10.6321 10.59464 10.52839 10.53002 10.49625 10.42475 10.35591 10.32049 10.36441 10.47446 10.61698 10.80579 11.03967 11.29721 11.54391 11.74061 11.93488 12.20213 12.54478 12.94154 13.3607 13.75108 14.00838 14.10875 14.06947 13.93857 13.67988 13.30035 12.92152 12.55492 12.19899 11.89884
10.7304 10.76265 10.78048 10.79404 10.83008 10.87142 10.91353 10.94383 10.95263 10.92553 10.85745 10.78891 10.73699 10.70079 10.70082 10.73112 10.7433 10.73758 10.72317 10.69705 10.70578 10.7231 10.72975 10.71778 10.69732 10.65576 10.65978 10.67459 10.67161 10.67559 10.67741 10.67795 10.65519 10.61234 10.6005 10.57002 10.49261 10.40979 10.34695 10.36612 10.44943 10.56435 10.72797 10.92142 11.16124 11.41883 11.66354 11.97047 12.3174 12.71898 13.13464 13.48566 13.72219 13.86066 13.88952 13.76184 13.55504 13.31284 13.00582 12.76866 12.55332 12.25857 11.9664
10.73131 10.77131 10.80277 10.80955 10.84319 10.88614 10.93252 10.95578 10.94652 10.91844 10.85478 10.78247 10.72342 10.70534 10.71761 10.7404 10.75632 10.75468 10.71762 10.68759 10.6994 10.71309 10.72417 10.71744 10.70635 10.70166 10.70916 10.71597 10.72012 10.73303 10.72622 10.70679 10.68098 10.66177 10.6611 10.6266 10.53222 10.45004 10.3914 10.38462 10.43226 10.52578 10.67301 10.83458 11.06118 11.35717 11.67499 12.03322 12.42529 12.84675 13.2611 13.55535 13.60329 13.62789 13.66408 13.49674 13.24238 12.98384 12.70092 12.50935 12.43697 12.31741 12.08774
10.72341 10.76773 10.80863 10.83285 10.86493 10.90639 10.94625 10.95159 10.93838 10.90529 10.84839 10.78327 10.73603 10.72025 10.72646 10.73638 10.74425 10.74331 10.72723 10.72353 10.7282 10.72761 10.72326 10.71519 10.72052 10.74425 10.75981 10.75728 10.76676 10.79171 10.80535 10.7798 10.7158 10.69656 10.71486 10.6733 10.5724 10.49909 10.44974 10.42023 10.44562 10.51572 10.65146 10.8202 11.04433 11.35571 11.70282 12.06975 12.45921 12.88435 13.28729 13.53882 13.47574 13.36583 13.37376 13.30667 13.0557 12.73751 12.42618 12.24521 12.21853 12.2522 12.18257
10.72032 10.76951 10.81012 10.84268 10.87731 10.91155 10.94069 10.94527 10.92749 10.90121 10.85243 10.79993 10.76063 10.74567 10.74648 10.74084 10.72371 10.71068 10.71933 10.73847 10.75847 10.75873 10.73238 10.71993 10.73943 10.76663 10.78345 10.78855 10.8143 10.85128 10.87928 10.84854 10.79267 10.7784 10.80788 10.75553 10.65122 10.56442 10.51264 10.495 10.47905 10.49618 10.61304 10.77879 11.01588 11.34137 11.69377 12.03056 12.41081 12.83231 13.25987 13.49328 13.34533 13.09416 13.04285 13.11983 12.99792 12.66573 12.24752 12.00072 11.98333 12.08288 12.15534
10.73577 10.78117 10.81794 10.85805 10.89163 10.9208 10.93378 10.9315 10.91166 10.89093 10.85594 10.81551 10.78111 10.76618 10.76672 10.76302 10.7289 10.69864 10.70301 10.73057 10.74636 10.75747 10.74055 10.73857 10.75751 10.78564 10.79005 10.81071 10.85883 10.90965 10.93699 10.92181 10.8706 10.88799 10.92599 10.8892 10.78474 10.68348 10.59451 10.60162 10.59122 10.56222 10.60424 10.73726 10.96642 11.27367 11.60785 11.9277 12.30991 12.7446 13.1795 13.41053 13.22446 12.85053 12.71846 12.86234 12.95445 12.72909 12.25878 11.82715 11.72919 11.86415 12.05132
10.76513 10.80336 10.82974 10.86707 10.90589 10.93565 10.93313 10.92447 10.90857 10.88644 10.86503 10.83417 10.80207 10.77388 10.76835 10.76461 10.73054 10.70793 10.71438 10.72381 10.72164 10.71298 10.721 10.73561 10.76497 10.7844 10.78945 10.81109 10.86998 10.96658 11.02342 11.01752 10.94378 10.9561 11.01442 11.02939 10.9571 10.81094 10.65765 10.67348 10.70604 10.70857 10.69909 10.75939 10.94163 11.20804 11.49081 11.79528 12.18998 12.61988 13.0203 13.24946 13.07891 12.64684 12.42007 12.59499 12.83504 12.79061 12.33208 11.79554 11.5027 11.63387 11.93475
10.78442 10.82168 10.85424 10.89359 10.92634 10.93872 10.93283 10.91814 10.90103 10.88441 10.86898 10.84569 10.82407 10.78758 10.75967 10.75415 10.75018 10.73743 10.74663 10.75738 10.72777 10.68558 10.70022 10.73088 10.7543 10.77451 10.78261 10.79919 10.87298 11.02583 11.14178 11.13358 11.01745 11.02465 11.08064 11.15193 11.11743 10.95056 10.73565 10.70043 10.80382 10.83463 10.85167 10.86737 10.96381 11.1974 11.42795 11.67616 12.01313 12.40047 12.80644 13.05899 12.9018 12.46609 12.18032 12.37245 12.71147 12.77705 12.36487 11.79653 11.36402 11.4213 11.77335
