py_wake/examples/data/AJ_ParqueFicticio/Rough survey   Sector 9   Height 200m   Weibull-A.grd
DSAA
73  159
 258469   265669
 6501692   6517492
 6.482606   15.03804
[rows 84 to 111 of 159, columns 0 to 62 of 73]
9.273545 9.251478 9.237891 9.239578 9.248858 9.266583 9.289883 9.316691 9.335241 9.351954 9.362933 9.371984 9.358254 9.348145 9.369169 9.384581 9.406576 9.430882 9.467465 9.551007 9.635261 9.723952 9.839234 10.01218 10.2665 10.6236 11.00184 11.2958 11.42884 11.36234 11.17828 10.97393 10.78483 10.57852 10.34692 10.08343 9.904797 9.860917 9.960803 10.12604 10.24925 10.25733 10.2092 10.11703 10.01447 9.915689 9.821503 9.747837 9.666471 9.592455 9.544855 9.527913 9.526929 9.500905 9.441856 9.321651 9.139041 8.894487 8.615793 8.32081 7.991058 7.647255 7.307971
9.228162 9.216393 9.203775 9.197044 9.206635 9.232027 9.258254 9.285137 9.301948 9.322381 9.344651 9.348422 9.34506 9.327408 9.358802 9.40215 9.427629 9.436695 9.467983 9.531291 9.613187 9.728844 9.87269 10.08041 10.37808 10.76584 11.1325 11.3709 11.44081 11.30921 11.13681 10.94097 10.72651 10.49692 10.24122 10.00342 9.870619 9.906105 10.0482 10.21 10.29883 10.28844 10.2233 10.13276 10.0551 9.965872 9.879278 9.793908 9.678804 9.583415 9.532337 9.50523 9.499007 9.489459 9.442909 9.32621 9.133132 8.871979 8.584886 8.250843 7.875389 7.497832 7.170821
9.158583 9.155858 9.149702 9.153584 9.171257 9.202272 9.232942 9.245374 9.277142 9.303858 9.322965 9.324782 9.333029 9.324843 9.351612 9.404548 9.426399 9.447758 9.486363 9.522313 9.607647 9.720344 9.889977 10.12524 10.45121 10.82402 11.16242 11.38998 11.41134 11.28935 11.11495 10.90084 10.67873 10.43836 10.19542 9.983264 9.866861 9.958588 10.15864 10.28933 10.33183 10.29892 10.25171 10.17163 10.09649 10.00078 9.918542 9.826522 9.699008 9.583712 9.518121 9.514089 9.511603 9.499838 9.453052 9.341645 9.125957 8.842777 8.511126 8.142636 7.728554 7.337266 7.067936
9.090607 9.089229 9.091321 9.110975 9.130231 9.159079 9.193638 9.21901 9.251198 9.284251 9.296262 9.303397 9.314166 9.333796 9.352425 9.382754 9.412485 9.454128 9.493817 9.533237 9.619761 9.746573 9.920565 10.16911 10.49567 10.86346 11.20516 11.43267 11.4588 11.37548 11.19349 10.95358 10.70633 10.45032 10.2069 9.986609 9.910037 10.06268 10.21672 10.32921 10.37016 10.35914 10.31282 10.2302 10.13739 10.02921 9.931515 9.832407 9.697185 9.559234 9.489855 9.519349 9.537647 9.509849 9.463985 9.342883 9.098758 8.763823 8.395587 8.004628 7.579645 7.217167 7.058713
9.045189 9.03266 9.037716 9.064972 9.09152 9.113955 9.139997 9.166195 9.204759 9.242293 9.267663 9.278838 9.298996 9.333135 9.351487 9.362185 9.390705 9.445527 9.493607 9.561632 9.658537 9.799112 10.00995 10.2875 10.60724 10.96671 11.32369 11.57807 11.63548 11.54173 11.31854 11.02989 10.74447 10.46349 10.20789 10.00957 9.992166 10.13882 10.28171 10.38377 10.43513 10.43445 10.37223 10.25827 10.12748 10.00362 9.908525 9.792396 9.641989 9.508343 9.459612 9.499656 9.527881 9.499761 9.44393 9.289142 9.017285 8.660532 8.278456 7.878794 7.465947 7.179645 7.137452
9.003173 8.984971 8.993769 9.022655 9.059707 9.072573 9.107477 9.119569 9.155426 9.200223 9.243031 9.262533 9.282056 9.329367 9.35906 9.35263 9.379581 9.434275 9.506902 9.593409 9.726584 9.906149 10.1735 10.50357 10.85338 11.19023 11.56042 11.82114 11.87569 11.71325 11.40355 11.05724 10.73468 10.42537 10.15844 10.0121 10.05251 10.22679 10.3649 10.47074 10.51427 10.48118 10.37006 10.21204 10.06977 9.959629 9.854662 9.726581 9.558129 9.449244 9.433541 9.475136 9.474073 9.443094 9.356406 9.199158 8.906372 8.525755 8.14698 7.794149 7.420977 7.199232 7.208419
8.958563 8.951332 8.968967 8.972052 9.006569 9.049316 9.08215 9.10228 9.126881 9.162448 9.208714 9.239451 9.279169 9.316586 9.358 9.369499 9.396423 9.456158 9.559407 9.670019 9.845182 10.08555 10.41456 10.8208 11.19337 11.55897 11.88967 12.13407 12.10907 11.82611 11.41589 11.03945 10.69176 10.38154 10.11548 10.06934 10.13737 10.28288 10.44874 10.56177 10.5903 10.51756 10.34866 10.18201 10.0728 10.00737 9.889235 9.742937 9.555239 9.456491 9.479525 9.522872 9.482459 9.412406 9.280465 9.077811 8.768051 8.414756 8.068396 7.762826 7.449295 7.269986 7.27087
8.931465 8.921249 8.931175 8.934641 8.957859 9.010581 9.055397 9.097537 9.130507 9.156503 9.190356 9.223951 9.269381 9.319643 9.365341 9.389977 9.429679 9.526275 9.676462 9.832563 10.04135 10.34544 10.73314 11.1815 11.61424 11.91555 12.19535 12.36752 12.24609 11.86521 11.4051 10.98658 10.62999 10.32743 10.12655 10.18228 10.22198 10.34319 10.52568 10.65629 10.65784 10.53215 10.36135 10.23279 10.16888 10.07718 9.932735 9.72607 9.556198 9.494394 9.548893 9.570358 9.501705 9.391714 9.20893 8.925595 8.672626 8.411046 8.143097 7.853132 7.552717 7.360454 7.348316
8.884974 8.879883 8.883899 8.893425 8.920109 8.984176 9.050102 9.094935 9.139443 9.170316 9.199921 9.229908 9.275984 9.331599 9.390998 9.431635 9.506583 9.667192 9.888238 10.09208 10.31662 10.66248 11.12541 11.59868 11.98901 12.22948 12.42838 12.51096 12.29166 11.85978 11.3786 10.9407 10.54575 10.22032 10.12088 10.25953 10.32887 10.42426 10.59445 10.73643 10.70638 10.58259 10.44268 10.34303 10.25531 10.09855 9.896117 9.683308 9.563917 9.557346 9.61397 9.611847 9.502936 9.34932 9.140132 8.900761 8.709995 8.530202 8.315187 7.999602 7.651202 7.421377 7.386111
8.836909 8.83757 8.846105 8.858983 8.899403 8.971394 9.043738 9.099677 9.151641 9.19425 9.223758 9.243032 9.298147 9.365972 9.43736 9.520805 9.646358 9.887209 10.1868 10.44571 10.6844 11.04978 11.52092 11.98617 12.32509 12.47648 12.593 12.57728 12.2692 11.7881 11.2918 10.82183 10.42395 10.14317 10.17941 10.34184 10.43525 10.49511 10.67576 10.81384 10.80021 10.68467 10.5407 10.41568 10.26715 10.04329 9.823774 9.666701 9.619254 9.636822 9.659583 9.622553 9.488946 9.311118 9.106242 8.928254 8.783498 8.636519 8.417413 8.085498 7.716354 7.455119 7.409997
8.784375 8.801095 8.812572 8.841909 8.886634 8.962049 9.041999 9.111053 9.169683 9.218932 9.25197 9.282056 9.342916 9.431269 9.531529 9.652165 9.858231 10.17752 10.54926 10.85302 11.12283 11.42628 11.8716 12.31913 12.59944 12.67967 12.68726 12.56091 12.15701 11.64042 11.13265 10.68007 10.32044 10.13867 10.26647 10.45448 10.52035 10.58711 10.77981 10.9257 10.91951 10.77596 10.59671 10.39343 10.17329 9.931026 9.759918 9.681438 9.673509 9.671301 9.65426 9.573636 9.439774 9.287858 9.116518 8.970872 8.840944 8.673265 8.449366 8.134186 7.763009 7.473622 7.396577
8.731522 8.763144 8.79299 8.837447 8.893095 8.967486 9.051877 9.141331 9.204712 9.252993 9.29959 9.350311 9.427038 9.537005 9.678973 9.85315 10.12635 10.50993 10.92938 11.26226 11.53969 11.78899 12.16667 12.58597 12.81439 12.80235 12.67657 12.38589 11.93614 11.41989 10.96002 10.57436 10.28666 10.20256 10.39403 10.57681 10.64592 10.70044 10.85265 10.99379 10.96321 10.75115 10.51492 10.26576 10.05036 9.857703 9.748185 9.699354 9.675941 9.649734 9.602888 9.511488 9.361602 9.229674 9.104028 9.009268 8.872566 8.689353 8.468714 8.175745 7.821264 7.502295 7.366185
8.684935 8.73793 8.7953 8.855959 8.923254 8.999947 9.083517 9.174526 9.25021 9.301123 9.357959 9.434888 9.552628 9.713546 9.905183 10.13072 10.43233 10.83776 11.29682 11.67686 11.94174 12.1201 12.4198 12.77246 12.91022 12.77317 12.44636 12.04258 11.59527 11.17356 10.83134 10.5657 10.37898 10.33218 10.52478 10.71134 10.7828 10.81388 10.90823 11.02004 10.86469 10.60767 10.34645 10.10246 9.931547 9.812887 9.732512 9.66165 9.612101 9.561478 9.511142 9.411215 9.250896 9.1039 9.065259 9.011602 8.876568 8.695971 8.502979 8.216795 7.870484 7.53584 7.334545
8.654324 8.734955 8.815461 8.889158 8.965075 9.057827 9.135377 9.220655 9.308627 9.3793 9.460824 9.569419 9.726927 9.951216 10.21783 10.47976 10.76708 11.17268 11.67643 12.08844 12.2997 12.39579 12.60256 12.84684 12.84375 12.51627 12.06174 11.6423 11.32859 11.09354 10.90937 10.73512 10.55628 10.47459 10.63183 10.8334 10.887 10.87368 10.86883 10.86756 10.68912 10.41939 10.14852 9.952237 9.796458 9.685339 9.581269 9.497153 9.424754 9.384195 9.35271 9.245094 9.118395 9.068637 9.074769 9.014198 8.871209 8.688835 8.48914 8.220616 7.88576 7.547435 7.283661
8.659327 8.760334 8.853951 8.934953 9.007212 9.12361 9.222118 9.287493 9.385681 9.492844 9.612041 9.7588 9.970388 10.26308 10.59028 10.87724 11.15959 11.59231 12.08405 12.45061 12.59389 12.60529 12.70881 12.79698 12.60016 12.16117 11.71809 11.46894 11.38858 11.29839 11.15264 10.94165 10.71285 10.58397 10.68273 10.87663 10.89596 10.78252 10.69214 10.62571 10.45564 10.20648 9.954837 9.771837 9.648108 9.514851 9.368884 9.240388 9.167008 9.155124 9.133395 9.107194 9.110286 9.193134 9.195577 9.133566 8.957666 8.744262 8.489925 8.199982 7.87033 7.514788 7.232074
8.691051 8.800917 8.920918 9.011477 9.085167 9.19664 9.329822 9.407123 9.513446 9.663006 9.817913 10.01295 10.28233 10.63292 11.00143 11.29926 11.61802 12.01898 12.45648 12.75496 12.80886 12.75273 12.71401 12.59824 12.25793 11.8525 11.60693 11.60917 11.65515 11.58759 11.36509 11.06986 10.76676 10.61759 10.68116 10.78871 10.72093 10.55611 10.44792 10.36839 10.19946 9.971305 9.763441 9.572437 9.463335 9.313959 9.172005 9.047166 9.034572 9.059686 9.115481 9.194355 9.323472 9.424413 9.405253 9.305459 9.115852 8.872954 8.575998 8.261452 7.92565 7.558916 7.239591
8.770194 8.897146 9.020321 9.127879 9.20985 9.308764 9.457032 9.587416 9.704236 9.890093 10.10539 10.34695 10.65595 11.03834 11.42514 11.7502 12.07266 12.41732 12.75274 12.97034 12.94872 12.79489 12.58851 12.28478 11.95989 11.77647 11.79142 11.91014 11.94822 11.78003 11.45595 11.07678 10.74605 10.6026 10.63115 10.61807 10.49019 10.31426 10.17012 10.08403 9.92156 9.743926 9.579281 9.4506 9.340868 9.174694 9.033352 8.978661 9.059098 9.200941 9.324706 9.500436 9.649431 9.708588 9.650265 9.505627 9.279227 8.993883 8.683544 8.362331 7.976208 7.527855 7.174602
8.869508 9.019498 9.144036 9.281729 9.384602 9.472903 9.623593 9.807528 9.953441 10.17539 10.45267 10.73308 11.08613 11.474 11.8781 12.21062 12.48937 12.74713 12.98495 13.09618 12.98012 12.69626 12.33992 12.0338 11.90664 11.95884 12.09822 12.18024 12.09487 11.79998 11.39909 10.99244 10.68093 10.56126 10.54679 10.44473 10.28997 10.09604 9.922617 9.764873 9.640856 9.577504 9.517804 9.487404 9.360139 9.166324 8.990792 9.051022 9.229391 9.437778 9.658858 9.85431 9.976909 9.984966 9.877256 9.683423 9.419234 9.118742 8.787973 8.38254 7.871513 7.369648 7.103191
8.986782 9.137727 9.291524 9.463681 9.607996 9.692882 9.822094 10.05311 10.25971 10.51546 10.84499 11.16518 11.55402 11.98311 12.33594 12.61663 12.8228 13.00526 13.14027 13.12959 12.90001 12.52346 12.17892 12.00629 12.07479 12.23587 12.35075 12.2976 12.05271 11.67943 11.27216 10.89183 10.61306 10.48298 10.38697 10.23204 10.06778 9.872458 9.682866 9.540777 9.542046 9.612167 9.678555 9.638008 9.470937 9.214839 9.08741 9.217086 9.465708 9.738633 9.983574 10.17922 10.27582 10.22798 10.04947 9.78647 9.477007 9.149014 8.758718 8.285805 7.725977 7.273232 7.159641
9.120441 9.269596 9.454894 9.673272 9.852637 9.931252 10.04317 10.30104 10.58596 10.87908 11.24935 11.64511 12.05015 12.45913 12.7442 12.94853 13.0688 13.16078 13.2028 13.09642 12.80283 12.44737 12.18839 12.13997 12.28208 12.41947 12.40858 12.20096 11.86887 11.50387 11.15056 10.80731 10.53333 10.33166 10.17378 9.998017 9.806749 9.621078 9.477369 9.48348 9.630579 9.79088 9.868443 9.794526 9.563849 9.298943 9.245834 9.439549 9.733303 10.0238 10.27617 10.4732 10.51709 10.37818 10.10827 9.789849 9.450583 9.085232 8.673944 8.176884 7.655325 7.274611 7.288771
9.224207 9.408671 9.639009 9.892044 10.08597 10.16362 10.2884 10.56291 10.88226 11.22654 11.65459 12.11396 12.5343 12.88986 13.09779 13.19949 13.2384 13.24023 13.2225 13.06279 12.77595 12.46958 12.26774 12.25569 12.38147 12.40891 12.28271 12.01637 11.71245 11.41949 11.10919 10.75731 10.43292 10.18476 9.999717 9.81612 9.591288 9.424456 9.401518 9.551738 9.78973 9.986773 10.0028 9.853561 9.60013 9.443349 9.464859 9.664282 9.960848 10.27947 10.55352 10.7273 10.69976 10.47115 10.13104 9.808711 9.465064 9.073505 8.632517 8.157577 7.674781 7.310542 7.330659
9.361009 9.553668 9.803802 10.07412 10.28467 10.38543 10.54767 10.84438 11.18325 11.58736 12.05939 12.5547 12.99236 13.27086 13.38326 13.36298 13.31732 13.2598 13.2047 13.03808 12.75529 12.47363 12.28698 12.26007 12.31591 12.28326 12.09909 11.89693 11.67158 11.43242 11.10403 10.70016 10.32227 10.03737 9.835467 9.596543 9.386614 9.289227 9.405347 9.654053 9.942956 10.11829 10.08319 9.926511 9.768011 9.733765 9.760833 9.888114 10.16204 10.50999 10.80954 10.9551 10.86427 10.57681 10.21689 9.866491 9.480204 9.042713 8.588861 8.144295 7.684158 7.324427 7.307082
9.564719 9.720267 9.951068 10.20958 10.45173 10.6372 10.85015 11.15195 11.535 11.97853 12.47961 12.98715 13.38401 13.57878 13.59056 13.43635 13.29856 13.21436 13.13135 12.97063 12.72628 12.42293 12.19864 12.12402 12.1317 12.10908 12.04467 11.90979 11.69392 11.44226 11.04973 10.58821 10.17556 9.857499 9.596272 9.350912 9.175281 9.217545 9.481391 9.794691 10.09637 10.2489 10.25336 10.1597 10.07625 10.079 10.08713 10.10473 10.32264 10.69242 11.02408 11.16982 11.0452 10.69906 10.30546 9.887843 9.421526 8.937672 8.49493 8.085518 7.657909 7.315648 7.269146
9.810252 9.943717 10.1383 10.38211 10.64406 10.91834 11.20306 11.52438 11.90374 12.35864 12.8883 13.38777 13.71618 13.80517 13.69577 13.41922 13.18017 13.07075 12.98778 12.85445 12.61294 12.29422 12.01155 11.91459 11.97775 12.00969 11.97811 11.91475 11.75767 11.43244 10.97042 10.42494 9.98778 9.640621 9.361221 9.136137 9.047092 9.226395 9.598354 9.988657 10.31164 10.51941 10.59303 10.53019 10.45761 10.43473 10.37455 10.32704 10.45638 10.80592 11.16293 11.34929 11.18001 10.76128 10.27279 9.773512 9.257321 8.775248 8.363457 8.000218 7.614478 7.303327 7.238094
10.09212 10.20561 10.38363 10.62813 10.89087 11.20738 11.55819 11.90902 12.26316 12.70656 13.22863 13.69742 13.9485 13.91881 13.66091 13.31396 13.01933 12.89617 12.81098 12.6921 12.49694 12.17648 11.86499 11.76438 11.86555 11.96093 11.97583 11.91799 11.72452 11.33039 10.77728 10.24209 9.794872 9.431161 9.167403 8.995574 9.011176 9.312059 9.785909 10.24909 10.62383 10.91062 11.01718 10.95322 10.81691 10.72389 10.59068 10.46849 10.55484 10.87035 11.22565 11.38333 11.13912 10.62525 10.03858 9.507846 9.021722 8.60756 8.263343 7.944305 7.579253 7.270885 7.21994
10.36001 10.46388 10.62755 10.89717 11.17768 11.49914 11.86556 12.22075 12.56118 12.98149 13.48054 13.90185 14.05793 13.88939 13.5245 13.15239 12.85803 12.72003 12.64791 12.54871 12.35974 12.05169 11.71483 11.64652 11.77407 11.92328 12.01519 11.96215 11.63358 11.12382 10.50977 9.950167 9.502309 9.194445 9.008939 8.950393 9.100718 9.495216 10.07219 10.60878 11.04838 11.35457 11.45906 11.34326 11.11674 10.89865 10.69126 10.54098 10.60361 10.89429 11.20874 11.2719 10.93278 10.32238 9.676119 9.15641 8.761469 8.440495 8.170098 7.892957 7.542087 7.252627 7.222855
10.59562 10.70433 10.85098 11.10237 11.39499 11.71672 12.08672 12.44477 12.81859 13.21859 13.66792 14.01057 14.03858 13.78355 13.39462 13.01341 12.71326 12.56338 12.51311 12.43174 12.22445 11.92794 11.61677 11.55031 11.7255 11.92885 12.0496 11.90979 11.43523 10.79558 10.13325 9.593999 9.211663 9.00548 8.949381 9.016088 9.277093 9.794396 10.44666 11.02389 11.49509 11.80491 11.8621 11.64455 11.28583 10.93999 10.64963 10.47578 10.53621 10.80549 11.07724 11.02479 10.58177 9.948195 9.323377 8.858462 8.522358 8.286774 8.064709 7.810378 7.485488 7.257146 7.283343
10.74974 10.8699 11.00983 11.24171 11.5432 11.88887 12.25523 12.64178 13.05389 13.4437 13.82318 14.07996 14.01569 13.71675 13.32994 12.91616 12.61033 12.5024 12.4594 12.35519 12.11744 11.82891 11.54622 11.51724 11.74977 11.9968 12.04859 11.73426 11.09436 10.40314 9.774596 9.304981 9.071128 8.993923 9.045148 9.209677 9.556601 10.14157 10.8434 11.48592 11.96111 12.22295 12.14727 11.80022 11.33147 10.90309 10.57167 10.3846 10.42735 10.6277 10.79791 10.6323 10.14491 9.527316 8.997 8.626406 8.362914 8.1904 8.014502 7.766179 7.474757 7.322512 7.389588
