py_wake/examples/data/AJ_ParqueFicticio/Rough survey   Sector 6   Height 30m   Mean speed.grd
DSAA
73  159
 258469   265669
 6501692   6517492
 .2236509   9.259376
[rows 84 to 111 of 159, columns 0 to 62 of 73]
4.252902 4.169045 4.136415 4.109244 4.085608 4.04634 4.017588 3.985633 3.955821 3.946747 3.923204 3.850441 3.744525 3.7154 3.686955 3.644176 3.502102 3.436992 3.499352 3.570098 3.727058 3.825904 3.918643 4.014575 4.177299 4.199113 3.976085 3.777478 3.774113 3.956252 4.074111 4.200942 4.264768 4.076296 3.975701 4.020118 4.027508 4.101251 4.106517 3.919305 3.827291 3.655016 3.452712 3.250641 3.352194 3.366694 3.246152 3.227778 3.284056 3.933549 4.565509 4.532711 4.452848 4.41504 4.310345 4.192503 4.074543 4.023921 4.099519 4.043101 4.02882 4.064423 4.179362
4.217576 4.160172 4.120957 4.095422 4.055116 4.041812 4.013256 3.990066 3.975321 3.951339 3.888293 3.813725 3.725163 3.64281 3.667164 3.648485 3.545144 3.468892 3.368448 3.342403 3.466096 3.525142 3.682864 3.849054 4.155589 4.301545 4.171748 3.921113 3.736151 3.768639 3.680673 3.832222 3.989577 3.965709 3.888426 3.843292 3.931447 4.143714 4.168133 4.123079 4.050232 3.841869 3.695185 3.517838 3.3363 3.468599 3.271635 3.004481 2.922367 3.031137 3.596688 4.304088 4.452459 4.475467 4.530986 4.49526 4.474536 4.467864 4.37058 4.23795 4.063868 3.998656 4.070786
4.0731 4.08542 4.096536 4.070398 4.04464 4.03125 3.999001 3.991786 4.005993 3.949209 3.883218 3.863758 3.818071 3.711027 3.660283 3.624426 3.637963 3.563745 3.391435 3.289264 3.220772 3.234324 3.251522 3.346184 3.610954 3.981413 4.052695 3.874949 3.561297 3.420851 3.305434 3.404581 3.652039 3.809052 3.827117 3.758652 3.835146 3.936031 3.977082 4.096613 4.121699 4.061822 3.875583 3.825691 3.743662 3.810897 3.819672 3.477815 3.330622 3.178673 3.275333 3.661559 4.385553 4.387853 4.55525 4.678921 4.797888 4.791592 4.717644 4.529717 4.264021 4.108051 4.090839
4.009195 4.031118 4.058153 4.031492 4.005234 3.986403 3.982072 4.005978 4.011276 3.967977 3.94467 3.893326 3.836673 3.700118 3.587648 3.583419 3.615933 3.555259 3.491938 3.365876 3.208723 3.104533 2.989294 2.869934 2.99564 3.474505 3.777901 3.76027 3.500442 3.11617 3.130015 3.111295 3.417696 3.705596 3.975708 4.024138 3.890546 3.837811 3.934182 4.043389 4.055106 4.046239 4.031731 3.971599 3.972147 3.945382 3.98278 4.027027 3.770226 3.479428 3.272886 3.323712 3.951431 4.506386 4.507511 4.648059 4.840488 4.867126 4.831036 4.740316 4.462561 4.38232 4.293758
4.028756 4.012405 4.004066 3.993604 3.96508 3.929608 3.911893 3.930484 3.936435 3.964601 3.953421 3.874506 3.830266 3.779897 3.613638 3.496456 3.510011 3.492147 3.478109 3.393251 3.293152 3.172318 3.048368 2.834329 2.66188 3.023345 3.644515 3.821345 3.629218 3.329578 3.033151 3.244403 3.298732 3.548681 3.779477 4.005266 4.16243 4.128038 4.066649 4.067214 4.059264 4.030028 3.932964 3.887111 3.782174 3.778742 3.63687 3.760174 3.732285 3.510562 3.157379 2.87267 3.106641 3.823324 4.552204 4.66074 4.644258 4.729149 4.754997 4.715365 4.458447 4.378248 4.608051
4.053969 4.029405 3.990412 3.988591 3.963373 3.947303 3.873439 3.792898 3.787123 3.861259 3.883292 3.909914 3.85683 3.793905 3.674504 3.465403 3.366036 3.379166 3.369373 3.383237 3.390413 3.366015 3.309968 3.217828 2.949181 2.87683 3.485353 3.986474 3.959468 3.552912 3.331372 3.302319 3.318788 3.390499 3.604018 3.804837 4.046654 4.169822 4.264008 4.200924 4.125373 4.072703 3.909555 3.815747 3.60634 3.534969 3.257806 3.275419 3.362509 3.136668 2.851055 2.453427 2.045498 2.597167 3.601498 4.230697 4.241089 4.326964 4.386015 4.438892 4.341692 4.292836 4.603927
4.177113 4.091358 4.024252 3.969053 3.985597 3.95481 3.875474 3.841208 3.731744 3.723855 3.757467 3.844076 3.822381 3.805325 3.751019 3.56046 3.346698 3.238138 3.221406 3.282663 3.438773 3.558843 3.644821 3.722594 3.584746 3.220953 3.503912 3.987768 4.072658 3.784714 3.538607 3.388013 3.43084 3.506868 3.531209 3.63585 3.720514 4.209896 4.43388 4.423331 4.295112 4.086648 4.055672 3.877516 3.915368 3.693079 3.869982 3.606437 3.597928 3.544167 3.415873 2.882446 2.501215 1.959004 2.239048 3.052667 3.572396 3.351089 3.561228 3.770056 3.972622 4.079821 4.508763
4.211182 4.131955 4.088694 4.049212 4.004052 3.963104 3.952976 3.87759 3.781527 3.712973 3.698514 3.741562 3.810278 3.815443 3.806464 3.683139 3.480309 3.274648 3.138371 3.070139 3.353748 3.722776 3.914284 4.026836 3.938054 3.689125 3.742911 3.999531 4.101914 3.914623 3.813365 3.698424 3.679444 3.797287 4.012354 3.839208 3.601232 3.971421 4.447687 4.643189 4.465743 4.266082 4.095406 4.218128 4.320753 4.335857 4.339639 4.511349 4.354315 4.264354 4.307242 4.117198 3.821669 3.047426 2.272767 2.265078 2.88459 3.073452 2.948283 3.236407 3.405288 3.729436 4.386075
4.278454 4.203318 4.129067 4.066516 4.019326 4.030591 3.995226 3.958361 3.903965 3.778785 3.698094 3.712869 3.749617 3.831355 3.863845 3.824255 3.665861 3.528332 3.343127 2.989327 3.024831 3.690185 4.116048 4.218334 4.089347 3.883399 3.916205 4.068413 4.210557 4.08158 4.018969 4.036674 4.025021 3.956431 4.048192 3.999065 3.763076 3.843429 4.315771 4.579247 4.682501 4.430225 4.345113 4.488831 4.620882 4.685271 4.576358 4.54315 4.622259 4.738479 4.881831 4.827774 4.911783 4.644989 3.874082 3.375185 3.20723 3.409803 3.652068 3.314953 2.743917 3.226144 4.186415
4.326704 4.242517 4.159599 4.109468 4.081158 4.06182 4.068312 4.014386 3.965358 3.907831 3.777537 3.667096 3.709713 3.746529 3.867372 3.973407 3.977488 3.922904 3.834328 3.393657 2.777245 3.278171 4.063852 4.325763 4.18312 3.933489 3.999847 4.302412 4.391747 4.186177 4.019408 3.941339 4.158559 4.253265 4.098478 4.027938 3.862465 3.767991 4.070902 4.582187 4.820269 4.758276 4.898804 4.948163 4.931474 4.796365 4.731336 4.668691 4.630016 4.68457 4.827882 5.032732 5.167019 5.330144 5.229741 4.863023 4.651503 4.494639 4.209251 3.700188 2.409931 2.788669 3.714101
4.352713 4.305158 4.220739 4.140848 4.066819 4.088661 4.097966 4.065064 3.998507 3.962253 3.88237 3.721468 3.630293 3.668256 3.753537 3.929438 4.189234 4.368696 4.433928 4.066061 3.14092 2.927891 3.700007 4.294046 4.307293 4.03199 4.108176 4.402794 4.541129 4.395238 4.089756 3.91486 3.981281 4.1562 4.209557 4.186522 3.971229 4.030492 4.217865 4.490455 4.86639 5.024935 5.090491 5.008957 4.968872 4.991409 4.747886 4.675948 4.653873 4.681145 4.648362 4.679116 4.985363 5.154501 5.292912 5.265999 4.956024 4.892607 4.561687 4.118041 2.756604 2.418038 3.012007
4.30157 4.322 4.242451 4.183175 4.097819 4.035485 4.109707 4.16058 4.115347 4.044692 3.989291 3.881577 3.730089 3.594549 3.607464 3.704431 4.035394 4.540644 4.785362 4.597802 3.774487 3.114526 3.43768 4.055784 4.30078 4.106888 4.159983 4.448556 4.642122 4.573999 4.204627 3.922026 3.871569 4.017146 4.056312 4.309205 4.003273 3.980564 4.260705 4.500241 4.641032 4.758764 4.903212 5.01244 5.042365 5.110109 4.884372 4.91044 4.782579 4.675767 4.550104 4.457204 4.571286 4.819545 5.108325 5.101049 5.079981 5.073002 5.027297 4.760156 3.729542 2.19524 2.448969
4.268004 4.27166 4.313265 4.274476 4.22812 4.113875 4.070076 4.158728 4.1984 4.139193 4.085255 4.046419 3.944631 3.760565 3.568384 3.502723 3.683465 4.274828 4.769729 4.886895 4.34277 3.564785 3.581422 3.860234 4.14878 4.052744 3.833442 4.009197 4.078363 3.974067 3.840368 3.536083 3.600792 3.918854 4.282976 4.517131 4.37725 4.253238 4.486958 4.583859 4.720662 4.658296 4.730377 4.800438 4.884983 5.025987 5.09775 4.998786 4.792584 4.708546 4.498774 4.24219 3.923383 4.014207 4.570743 4.649311 4.839977 4.823822 5.137461 5.198568 4.624257 2.931648 2.252582
4.248339 4.259192 4.265233 4.302408 4.349898 4.317239 4.128666 4.102846 4.24192 4.242256 4.181403 4.195812 4.189318 4.111646 3.894444 3.536498 3.352231 3.757747 4.500232 4.738524 4.475413 3.804374 3.736262 3.975604 4.073402 3.723662 3.655495 3.686772 3.453249 3.325114 3.31907 3.340663 3.440473 3.576856 4.148354 4.51372 4.889238 4.612556 4.528154 4.561539 4.643063 4.615531 4.580245 4.560085 4.552032 4.522575 4.545507 4.64706 4.591666 4.486108 4.222145 4.01641 3.581358 2.832515 2.80618 3.092156 3.3392 3.664163 4.100768 4.529063 4.652135 3.887622 2.566132
4.315978 4.283683 4.249949 4.224678 4.265117 4.405425 4.332288 4.115699 4.199609 4.275056 4.281214 4.310106 4.429656 4.562088 4.489344 4.073135 3.493984 3.530358 4.183176 4.534547 4.389643 3.897988 3.761455 3.865089 4.084515 3.986262 3.812804 3.677912 3.682054 3.59513 3.585541 3.655767 3.577325 3.457644 3.844368 3.993847 4.333348 4.688104 4.685276 4.590735 4.551932 4.517138 4.417592 4.380149 4.337809 4.167986 3.990973 3.88139 3.940721 3.678354 3.734293 3.596637 3.325241 3.285642 2.771735 2.412539 2.43806 2.557098 2.843285 3.516836 3.777818 3.632797 2.815872
4.456412 4.32284 4.309074 4.253578 4.191038 4.412825 4.552738 4.308398 4.241789 4.351807 4.367782 4.443819 4.578403 4.920586 5.119899 4.866322 4.176436 3.806039 4.138505 4.453837 4.448675 4.131182 4.019332 3.987217 4.133555 4.148576 3.903585 4.154973 4.38696 4.17573 4.023574 4.029728 3.929947 3.520192 3.464643 3.502281 3.707483 3.977568 4.231574 4.506155 4.519121 4.371226 4.089898 4.019116 3.953288 4.123752 3.977979 3.759504 3.47507 3.229073 3.10939 3.262098 3.578452 3.828161 3.648914 3.587395 3.483279 3.14845 3.019096 2.984055 3.206748 3.288872 2.976533
4.691313 4.597997 4.520864 4.451248 4.255816 4.360634 4.709916 4.697206 4.43671 4.562278 4.558838 4.620938 4.704872 4.873303 5.273954 5.417285 5.05438 4.53549 4.376175 4.631817 4.586952 4.29256 4.102208 4.211946 4.334112 4.162148 4.029096 4.124445 4.463113 4.50474 4.311719 4.204097 3.930695 3.713422 3.568985 3.342782 3.329384 3.32616 3.401147 3.835684 4.239746 4.08618 3.807102 3.634362 3.448307 3.773507 3.991321 3.971232 3.653001 3.563807 3.539626 3.483749 3.547617 3.848513 3.994397 4.072349 4.106547 4.008887 3.684763 3.530652 3.412007 3.204767 3.187201
4.818862 4.959517 4.88114 4.75603 4.543856 4.352014 4.775166 5.138592 4.855328 4.876348 4.899789 4.778463 4.922836 4.979605 5.248491 5.57359 5.558141 5.330211 4.968366 4.898104 4.754724 4.518378 4.235429 4.338869 4.350957 4.531758 4.412122 4.387579 4.553225 4.605421 4.456028 4.303328 4.015354 3.828846 3.786249 3.615067 3.526823 3.555475 3.307804 3.453642 3.685293 3.724102 3.591431 3.363145 3.422738 3.512247 4.126221 4.516178 4.746885 4.51965 4.191491 3.905875 3.778243 3.879632 4.249642 4.29989 4.253443 4.173477 3.902452 3.506862 2.880088 3.399546 .5646653
4.975093 5.128958 5.184093 5.091895 4.943038 4.61454 4.812075 5.3846 5.439842 5.315496 5.491327 5.210485 5.187779 5.280364 5.336356 5.586923 5.70284 5.754401 5.52489 5.374631 5.082979 4.648017 4.543713 4.55896 4.789991 4.810356 4.675133 4.572247 4.516638 4.547649 4.483364 4.375698 4.129733 3.987304 3.833315 3.792192 3.775579 3.765109 3.701196 3.532266 3.529553 3.591452 3.807754 3.927785 3.854328 3.967712 4.335555 4.952541 5.30419 5.278973 4.815639 4.292174 4.002235 4.082522 4.179105 4.27871 4.132479 3.994848 3.695439 3.335568 2.811451 2.002824 .6410188
5.073721 5.308753 5.458945 5.498097 5.371267 4.906743 4.813346 5.227958 5.698374 5.754009 5.873285 5.856037 5.50595 5.565172 5.636319 5.829206 5.838752 5.909975 6.006581 5.885059 5.587337 5.41507 5.281749 5.315059 5.222257 5.120652 4.866104 4.397255 4.223185 4.133948 4.116714 4.109356 4.076477 3.941018 3.725447 3.684515 3.663359 3.799006 3.880665 4.009827 3.977088 3.893685 3.997372 4.184238 4.19941 4.095517 4.291575 4.907019 5.449635 5.71918 5.404636 4.780955 4.170188 3.89943 3.896683 3.912574 3.841652 3.700679 3.501844 3.099765 2.358992 2.801765 3.22853
4.589095 5.198004 5.653674 5.896321 5.817981 5.352529 5.041965 5.003309 5.380939 5.642412 5.809168 5.992313 5.791488 5.677203 5.782073 6.161893 6.40309 6.32484 6.452908 6.576384 6.55323 6.54951 6.442067 6.21372 5.866377 5.668797 5.272417 4.788864 4.327897 4.053753 3.939252 3.914436 4.029443 4.055785 4.027172 3.935753 4.008097 3.908047 3.888431 4.092086 4.182888 4.124547 3.977358 3.863812 4.065769 3.677716 3.67353 4.400703 5.440938 5.95995 6.014686 5.460781 4.663192 4.069638 3.879905 3.719624 3.729922 3.6961 3.654245 3.333201 2.346992 2.498975 2.338249
3.846852 4.372379 5.159268 5.807797 5.941353 5.595026 5.154168 5.050433 5.189038 5.363821 5.489985 5.714346 5.739635 5.639608 5.70257 6.193384 6.691946 7.007429 7.042632 7.168954 7.408985 7.393915 7.314141 7.195612 6.829036 6.176094 5.796082 5.390898 4.909785 4.659009 4.341558 4.324067 4.218483 4.302852 4.484487 4.448731 4.37028 4.283364 4.117048 4.050957 4.12563 3.979782 3.750255 3.67607 3.825115 3.794151 3.352687 3.591614 4.957329 6.054798 6.499025 6.463772 5.649747 5.123608 4.780635 4.490954 4.257203 4.0807 3.95547 3.757293 2.954738 2.785263 2.213467
3.753112 3.716458 4.115788 4.970539 5.660313 5.753699 5.259328 4.921999 5.050995 5.271682 5.418175 5.448098 5.495214 5.504102 5.626899 5.784473 6.458882 7.177955 7.108096 7.253944 7.39406 7.337857 7.213926 7.523505 7.645691 7.147228 6.621611 6.193144 5.710207 5.251868 4.956891 4.708724 4.474632 4.327768 4.342292 4.497024 4.624301 4.443228 4.173664 3.910691 3.952865 4.02128 3.824839 3.738537 4.011824 4.223676 3.807619 3.129699 4.054671 5.529206 6.435686 7.003078 7.268761 6.489202 5.943062 5.522359 4.89184 4.383308 4.144261 3.889652 3.362082 2.974236 2.577434
4.383782 3.919056 3.904636 4.238862 5.065294 5.770476 5.803333 5.270885 5.077577 5.323102 5.577502 5.536462 5.314362 5.17808 5.199482 5.334641 5.48531 6.436728 7.169584 7.189657 7.289146 7.039126 6.956048 7.377032 7.930204 8.015778 7.681085 7.161133 6.607009 6.063229 5.59106 5.140278 4.759473 4.54928 4.549996 4.595082 4.653918 4.782258 4.508673 4.15286 4.032592 4.167504 4.07169 4.048836 4.244563 4.600566 4.615952 3.676577 3.588482 4.814055 5.759367 6.600498 7.026237 6.950173 6.502386 6.289603 5.661888 4.962725 4.52773 4.208246 3.506415 3.179446 3.076006
5.233149 4.608457 4.474274 4.469106 4.71861 5.434078 5.992573 5.873521 5.42592 5.354491 5.54626 5.540164 5.27788 5.071154 4.778461 4.808037 4.498089 5.141456 6.027677 6.659646 6.950559 6.898043 6.752308 7.229226 7.77216 7.971577 8.156546 8.118571 7.525787 7.006606 6.567507 5.958229 5.573701 5.306923 5.166031 4.929643 5.037888 5.147275 4.939836 4.707337 4.466778 4.458312 4.337581 4.318798 4.296445 4.712446 4.892307 4.560329 4.125992 4.927172 5.538415 5.910987 6.132567 6.153503 5.976365 6.042004 5.86818 5.382619 4.922988 4.59717 3.842909 2.86066 3.374621
6.128551 5.693611 5.258625 5.262272 5.124571 5.275329 5.751932 5.973199 5.640978 5.331767 5.367774 5.450002 5.255521 4.605112 4.377626 4.169979 4.102514 3.909251 4.687579 5.615078 6.263046 6.429065 6.344985 6.565444 7.535588 7.86027 8.194073 8.20581 8.363269 7.971023 7.362104 6.717708 6.065239 5.684673 5.331552 5.122007 5.259425 5.482339 5.439757 5.384618 4.969823 4.823859 4.712944 4.678111 4.253521 4.410826 4.552098 4.44737 4.702874 5.47948 5.876175 5.928985 5.968753 5.697634 5.316621 5.341618 5.438366 5.230793 4.884861 4.600672 4.127324 .2649409 2.733421
6.697323 6.592672 6.028179 5.800499 5.567348 5.345996 5.464703 5.697745 5.628875 5.292256 5.207129 5.145977 5.07466 4.679614 4.095996 3.751934 3.629304 3.230828 3.472279 4.440252 5.362352 5.895746 5.836479 5.887706 6.541662 7.091069 7.471034 8.158524 8.485235 8.497338 7.806674 6.835141 6.142862 5.5655 5.250863 5.082654 5.151165 5.629118 5.843805 5.917747 5.529615 5.179607 4.979985 4.878935 4.242634 3.867788 3.870941 3.723667 4.179712 5.566024 6.301777 6.208321 6.211111 5.874462 5.413055 5.139473 5.036738 4.910082 4.553802 4.086064 3.676391 2.848449 3.230105
6.775848 6.809283 6.395345 6.076444 5.818829 5.435629 5.332327 5.426839 5.468728 5.353174 5.291981 5.284263 5.230487 4.884031 4.666185 4.224401 3.817493 3.572433 2.892563 3.102418 4.130224 5.205949 5.585888 5.723333 6.180229 6.377577 6.967772 7.424639 7.945918 8.299671 8.432231 7.983141 6.90411 6.213119 5.740863 5.217613 4.970978 5.451031 5.867308 6.14614 5.971795 5.488954 5.068856 4.838638 4.295182 3.738834 3.398024 3.085224 3.212677 4.906402 5.968442 6.136631 6.097001 5.872171 5.578563 5.367538 5.194443 4.966696 4.598138 3.892893 3.005399 3.018526 2.754333
