py_wake/examples/data/AJ_ParqueFicticio/Rough survey   Sector 7   Height 200m   Power density.grd
DSAA
73  159
 258469   265669
 6501692   6517492
 60.60076   582.905
[rows 28 to 55 of 159, columns 0 to 62 of 73]
239.359 238.0445 236.8242 234.5255 231.194 230.5408 230.9899 230.3224 229.111 229.3453 228.9504 228.5897 228.2282 227.8825 227.2515 227.922 227.8625 227.2934 227.4029 226.7797 226.0396 224.8908 224.9511 225.6315 226.3723 226.1265 225.7014 223.5411 223.8145 222.3056 219.8863 218.8798 216.2307 212.6425 212.4618 216.383 216.9628 214.8736 213.9116 208.3927 205.111 204.3826 204.4347 204.5328 205.5596 206.9073 207.8368 209.2728 210.7328 212.8482 214.0813 214.494 211.6036 214.9339 215.1575 216.7022 220.9114 222.0238 217.4327 210.6121 201.9956 194.0678 187.1542
237.9749 236.7983 235.8607 233.3526 230.2218 229.9857 231.5762 229.8097 228.955 229.2021 228.7685 228.2879 228.4535 228.5662 228.0703 228.8635 228.529 228.2588 227.9278 227.4134 227.1759 226.4798 225.8636 226.3546 227.0651 227.3813 227.0936 225.6086 225.0909 224.8403 223.6748 222.7189 220.5476 217.8155 219.181 223.6787 221.5031 219.5807 217.9543 212.3119 209.2609 207.7253 208.4195 208.2648 209.7303 214.2302 219.7437 226.4187 232.994 239.1533 242.263 240.5767 235.5102 238.1893 238.1393 237.3167 236.5402 232.0675 224.4315 216.7399 208.9229 201.9293 197.6476
236.7519 235.6165 234.5296 233.6636 229.5048 229.3377 230.389 228.7866 228.177 227.4637 227.8611 227.5338 227.552 227.5804 228.0354 228.8334 228.688 228.3654 228.0974 227.4767 227.726 227.6371 227.3875 227.2371 228.3827 228.6052 228.3693 227.8954 227.447 227.5902 226.9785 227.0233 225.6564 222.5447 222.3465 224.2212 223.618 222.8493 222.5023 218.2598 213.6143 212.1364 212.1451 213.5506 214.8639 219.5816 227.4602 238.9467 249.8371 260.7675 267.3936 267.7116 260.5262 259.6522 258.62 253.6771 245.3627 234.2664 224.8626 216.4629 210.139 206.4665 208.4692
235.4178 234.4601 233.7203 232.8007 228.4031 228.3439 229.2131 227.9327 226.9852 226.4662 226.5373 226.3051 226.6203 226.6485 227.4756 228.1473 228.6007 227.7802 227.1236 227.5913 228.4445 228.2106 228.5652 228.6876 229.0968 229.6969 229.851 229.4785 229.5989 229.957 229.4808 228.7385 227.3583 225.6705 225.1478 225.8659 224.6999 225.2381 224.4572 222.7161 217.3335 215.3289 215.8327 217.7128 221.0981 225.0756 231.1111 239.7005 251.6615 261.3656 271.1197 275.7307 272.9723 272.6004 269.1366 260.2197 246.8958 233.0229 222.3733 214.5979 211.5041 211.63 219.613
234.4328 233.4386 232.222 231.2753 227.5832 227.8066 226.9972 226.7135 225.7567 225.2781 225.4684 225.2023 225.2417 226.1306 226.4109 226.7166 227.5263 227.2249 226.8187 228.1351 228.9675 228.9788 229.2876 229.7354 229.786 230.7064 231.0231 231.6218 231.6964 230.8221 230.885 230.4149 229.2526 228.006 227.3927 228.6738 227.2153 225.9153 224.7748 223.7298 220.3599 217.325 215.9814 218.8828 223.1955 229.3327 234.6668 239.6168 243.9305 248.7708 253.0726 256.2859 262.7868 266.4805 266.4532 259.1187 246.2884 233.8466 223.957 218.8641 217.7594 223.4301 236.8168
234.2667 232.3417 231.0356 229.7397 226.7065 226.6452 226.561 226.4021 225.0661 224.273 224.4476 223.9828 224.632 225.5016 225.8303 226.0178 226.5737 225.9497 226.5962 227.8218 229.2746 229.3069 229.0006 230.0768 230.1832 230.6975 231.2883 231.4064 232.0664 231.9113 231.9373 231.6689 230.7128 230.1498 231.939 233.0792 231.6692 229.0435 227.2509 225.9349 222.5008 219.3687 215.6738 215.8657 221.5535 228.9122 236.4009 242.5066 245.4612 245.0311 243.6575 245.481 250.9752 256.6561 259.5126 258.4811 248.9518 241.0583 234.9148 232.6989 234.1424 243.1391 258.5949
234.2147 231.9939 230.2053 228.8901 225.5002 224.9863 224.9576 225.1829 223.8969 223.2902 222.9501 223.5411 223.5231 224.7116 225.1216 224.7247 224.7166 224.9322 226.3363 228.1125 228.5997 229.041 228.8093 229.9102 230.4486 231.1758 230.8703 231.5887 232.1017 232.2932 232.889 232.8783 232.3174 232.1175 233.3715 235.246 235.6234 233.8567 230.7342 228.822 224.7413 221.2123 217.8067 215.3827 217.8149 226.5173 237.0624 247.0446 254.7742 259.5303 260.0302 261.8685 264.1397 264.7623 265.6086 266.5431 262.5519 260.9724 259.4983 258.9907 259.4581 271.853 285.624
232.8202 230.353 228.9287 228.1192 224.5533 223.987 223.1782 224.224 222.4352 221.6882 221.3918 221.9947 222.1229 223.3335 223.8756 223.1208 222.5828 223.0738 225.6981 227.119 227.7946 228.3657 228.1021 229.1951 230.1982 230.8741 231.1046 231.7655 232.7293 233.3648 233.8357 233.834 234.6304 234.8732 236.8221 237.2421 239.1692 240.1269 237.4985 235.5887 231.7017 227.3697 224.1474 221.0236 219.2441 226.4996 239.7138 254.3667 268.7491 279.7401 287.545 292.6696 295.8132 293.4643 289.4162 288.3635 286.9968 288.991 290.6916 292.7814 298.8001 312.5136 321.7972
230.8366 228.9925 227.7368 226.6773 223.0083 223.5007 223.1076 223.3813 221.0782 220.5826 219.4812 219.6895 220.0803 221.3759 221.1595 220.3121 220.0917 219.842 221.9586 224.3135 225.608 226.5886 227.0662 228.4445 229.1805 229.9294 230.9611 231.794 233.3653 234.3925 235.3611 235.5809 236.5059 240.6184 241.3376 242.4288 244.4507 247.9748 248.6028 248.0099 247.7548 244.5719 241.8692 237.7734 230.8611 231.5579 244.3087 258.4067 273.0045 288.2537 300.5571 310.5356 315.7258 316.7046 314.0003 311.3928 311.1581 314.3349 318.5988 330.7995 350.1568 367.9155 375.8749
228.8118 227.0227 226.044 225.1106 221.4036 222.1976 221.9754 220.9402 220.8204 218.9132 218.3577 218.2518 218.1574 219.0832 219.0486 218.5363 218.1064 217.2236 217.8439 219.9254 222.4141 224.3143 225.2856 226.9288 227.5682 229.153 230.3191 231.8478 233.6515 235.0158 236.9647 238.4599 239.3549 243.5923 245.8735 247.5037 249.4425 253.4389 257.7859 261.7094 265.6118 267.6989 269.3681 266.4219 256.5471 247.9106 253.8045 263.2206 273.4238 281.8185 288.8905 298.5887 307.64 315.3062 320.2722 324.4559 326.7488 333.0052 344.9845 375.4163 407.8799 430.6182 437.1559
227.0063 225.7925 224.3296 223.6566 220.4281 219.7545 219.8672 219.3013 219.2938 218.3462 217.5302 216.92 217.0424 217.3217 217.5062 217.1741 216.7484 216.3036 216.3549 217.067 219.9152 222.1635 224.0711 225.1871 226.2843 227.9536 230.0755 231.6017 232.8793 234.8125 236.7891 238.6757 241.0463 246.1519 249.4002 252.7479 254.9143 259.4616 267.1828 273.955 281.2344 288.7994 296.8573 299.319 293.0156 280.8987 273.1761 271.3292 271.0214 272.245 271.5935 279.6459 290.8082 303.4537 315.8766 327.5679 337.7483 349.6842 376.2775 417.2209 452.1342 478.8789 486.6631
225.7133 225.0468 223.4614 222.1745 220.1169 218.6295 218.7165 218.1449 218.0721 216.8582 216.1034 216.5823 217.5678 217.5205 217.1558 217.4522 216.2561 216.2267 217.0196 218.4517 220.2778 220.7294 222.0912 223.0863 224.8549 226.9514 228.8718 230.6147 232.6175 235.0246 236.8404 239.3954 241.8441 247.9493 251.0748 256.8263 260.5262 266.4979 276.3565 284.9665 295.3376 306.0005 318.278 328.3906 331.2147 325.1211 316.9496 304.4664 296.0824 290.1457 286.8352 288.4655 298.6049 310.3043 323.1258 337.5956 350.9131 365.6124 401.7255 436.3444 464.8607 485.2592 492.5535
225.6035 224.7185 222.3491 220.977 219.2522 218.8915 218.6142 217.5693 217.0107 215.4973 215.4639 216.1002 217.3735 217.142 216.8588 216.1183 215.5318 216.3758 217.2752 219.0891 220.2018 220.0324 220.3256 220.5638 222.8027 224.8628 227.2599 229.783 232.4096 234.7662 237.426 240.6183 243.4419 248.6144 252.947 258.7138 265.4399 277.1842 289.2095 301.675 316.1619 330.4689 339.8479 350.8365 361.5775 369.7891 370.0961 362.6261 345.4367 334.7346 331.9332 330.9784 332.7955 337.7597 346.093 355.0248 365.9793 378.5784 412.5613 431.1625 438.0645 443.8261 447.3457
226.3682 223.8611 222.21 219.7746 217.6792 216.8354 217.2495 216.6348 215.4405 213.375 213.0133 212.923 214.4394 214.5597 214.8271 214.8426 214.5377 214.6518 216.0387 217.9991 218.9527 218.9828 218.8989 217.6905 218.5602 222.1402 225.2943 228.697 231.1733 234.1179 237.1373 240.6777 243.7435 249.5106 253.9596 261.503 271.8352 284.557 297.9189 312.8992 328.9784 346.3597 357.1232 368.3974 380.9463 396.0586 403.7574 402.4148 394.0605 378.6262 372.9689 368.6104 365.6588 361.473 360.0174 365.3885 372.1339 380.8998 400.2624 402.5109 393.8765 384.2019 382.4006
226.6333 223.9487 221.7993 218.5707 214.9016 214.0395 215.0282 214.0412 212.1616 211.918 210.8845 209.7751 209.7527 211.4665 212.6715 212.2474 212.2928 212.2501 214.015 216.0187 217.0157 217.6523 217.4506 217.7202 218.5912 221.1134 223.5201 226.4494 229.2059 232.2869 235.3992 239.5692 242.5942 249.1312 256.0837 264.3179 274.1484 285.2964 297.7576 309.2712 321.1115 332.4675 341.2469 351.4726 362.9163 373.1284 381.482 382.1436 379.1665 371.7002 369.8718 365.7163 358.1572 347.9596 347.4711 352.718 361.0204 367.7043 377.7615 373.751 355.9326 336.7078 324.5642
226.2724 223.908 221.5158 218.3097 213.6151 211.4741 212.6516 212.1362 210.4115 209.9834 210.0907 209.048 209.3397 210.0146 210.4668 210.3201 210.3077 209.8771 211.2201 213.201 214.4225 214.8289 215.2634 217.2612 218.8571 220.103 221.5595 223.8091 225.5798 228.6069 232.8654 235.8236 239.6067 247.6194 254.0077 261.9665 270.0383 278.5916 285.0999 289.5439 295.5251 299.8398 302.3397 306.6039 309.9481 312.1639 312.9921 314.7767 314.961 318.5978 321.2246 318.1913 313.0276 311.1505 317.3356 328.6568 342.7465 350.7737 350.2881 345.0851 325.2199 303.6942 283.9829
226.4359 224.3352 222.14 218.358 215.9983 213.2009 211.4108 210.4736 210.0321 209.811 210.1917 210.8686 210.5079 210.3187 209.7189 209.7563 208.5056 208.0544 208.9813 210.1711 211.1855 211.4612 211.7127 211.9539 214.9597 216.2821 217.8197 219.0437 221.237 224.2782 227.6578 230.6338 235.9604 243.4829 248.6315 254.9204 262.7376 268.4954 271.1421 270.88 269.7115 272.0887 273.18 269.824 263.7431 257.9226 258.9939 262.2032 269.725 274.8283 276.4218 276.3668 279.1582 288.5866 301.6859 315.6891 327.4886 331.1307 328.3677 315.6613 297.0389 278.351 261.6965
225.3766 223.473 222.2804 218.8637 217.8165 215.7232 213.597 210.3181 209.2536 208.9699 209.6084 210.4613 210.9358 210.742 209.8893 208.9344 207.45 206.9269 207.1724 207.9275 207.743 207.8887 207.1871 207.0667 208.1078 210.4978 212.0256 212.8382 214.4438 217.3354 219.8331 222.3839 228.591 235.8771 240.2238 245.7649 253.7948 258.9503 260.7628 259.582 258.6861 258.2132 255.8531 250.3945 246.8169 247.4005 255.4693 264.4786 270.6725 273.5604 274.2862 277.9107 286.529 301.8036 316.1231 323.6486 321.853 316.1589 306.5052 297.0593 284.9669 270.2485 254.1106
224.0933 222.0957 221.6863 219.8918 218.5443 216.8645 213.8932 210.1405 208.4772 207.3469 207.8194 208.5428 209.7305 209.6761 208.3238 206.8119 206.2985 206.0685 206.6659 206.9682 206.6254 205.6101 205.1314 205.2349 205.1066 206.6618 206.8443 206.3362 206.6829 208.0601 209.8723 212.1137 216.6758 224.1894 227.9397 234.7852 242.5644 248.1212 252.7763 255.6031 257.7024 258.0366 257.9263 260.2971 265.7682 274.016 282.843 290.6585 293.354 294.3974 296.2802 304.1245 316.7213 331.0295 341.8857 339.821 324.0773 307.5009 290.3004 277.0538 268.3333 261.2732 253.4404
222.841 220.709 219.6485 218.5409 217.0724 215.5911 213.2016 210.2566 208.2681 205.7414 205.2412 206.3764 208.1695 207.9442 206.5585 204.8745 204.7321 204.7961 205.5457 205.8501 204.7616 203.2904 203.4651 204.0688 204.3079 203.4476 202.1774 200.8776 200.7901 200.4247 201.0235 203.4435 205.8457 213.378 217.1383 223.6923 230.8247 238.8158 245.2919 251.389 257.8642 263.7909 270.2689 274.4633 282.2477 288.0315 290.4585 290.8305 289.9584 293.5001 304.1898 322.3986 340.3391 351.8637 353.2734 340.5897 322.8059 306.7861 288.6686 268.619 253.1385 242.8268 237.2294
221.6867 219.5172 217.9301 216.7887 215.4239 213.9136 211.6114 210.218 207.9265 207.0356 205.2055 204.086 205.5553 205.9564 204.3755 203.3387 202.82 202.2979 202.8849 203.459 202.1804 200.9745 199.9329 198.9602 199.6203 199.0763 196.9436 196.8295 196.4469 196.0159 195.9415 198.3479 201.7963 206.0891 211.6974 217.4651 223.5495 230.7003 237.0047 243.6103 250.236 257.6256 264.061 270.5907 273.0547 273.0459 271.524 272.441 279.1169 291.1959 309.6316 329.0504 345.0951 349.0739 338.3975 318.0949 305.9353 299.1909 290.2617 279.3268 261.0293 240.4626 224.0973
220.9692 218.2021 216.7296 215.2416 213.6577 212.9017 210.8614 209.6824 208.0566 207.5097 206.7801 204.8124 202.9005 203.5378 203.0702 201.9262 201.6112 200.5466 199.4758 200.3068 199.6838 198.3464 196.8323 196.3778 195.2948 194.8489 193.9427 193.0048 192.6749 191.5811 192.4391 196.0551 200.2542 203.2323 207.4975 212.5004 217.2443 221.8336 227.0532 231.1033 236.0163 240.6012 244.9706 249.8175 250.2908 253.4421 259.9823 271.9341 287.9508 304.6698 320.7028 331.5758 335.4321 326.2449 304.8592 281.9247 274.3747 273.1772 276.8127 284.1961 275.264 257.3424 235.7187
220.2327 218.0883 217.0292 216.2792 213.6657 212.8187 210.5274 209.2076 209.5219 209.0026 208.1253 207.8151 204.9199 203.4524 202.3765 201.5241 201.8665 201.7574 201.0071 200.1357 198.886 197.9564 197.1924 197.3999 196.62 195.4609 193.0905 191.5511 190.6472 189.3528 189.1761 190.7838 192.8388 195.3565 200.0722 204.8755 209.1543 212.2822 216.2898 219.8136 223.3061 227.5576 232.3597 237.6627 243.1935 252.8749 267.6534 284.945 302.1148 315.0247 322.0081 321.0321 312.3641 295.8533 271.8291 254.6558 243.8581 242.8601 247.6238 265.8015 275.5136 271.4799 258.3073
218.7456 217.4326 216.4681 215.9659 213.4588 211.4364 210.1179 210.3957 210.3829 210.6994 209.8831 209.8994 207.2552 204.4267 203.2555 202.2441 202.1896 203.3537 203.1138 201.2398 199.8598 198.9264 198.6487 199.105 198.501 196.5332 193.9701 192.6948 190.1714 188.9398 187.2761 185.4184 185.6239 186.683 191.2017 194.9717 198.6043 202.2995 206.6445 210.715 214.9311 221.3672 228.5033 238.168 248.535 262.4155 277.9393 292.3532 303.5643 307.1307 304.6732 298.382 284.7119 266.5119 252.7358 240.1173 226.1812 220.2446 222.2995 236.4226 256.1001 268.5902 269.7655
217.3629 215.5921 214.827 214.2587 212.6149 210.8579 209.2767 209.7535 210.6648 211.1026 210.7038 209.7685 208.4146 205.6291 203.7412 202.2981 201.521 202.0616 202.1137 201.2782 200.6765 200.2189 200.3623 200.9538 199.9035 198.1933 196.3827 195.4376 192.5996 190.1619 188.3759 186.7451 184.876 185.2613 188.1239 190.3885 192.5632 197.9718 203.1205 206.288 209.8435 215.5149 223.449 234.6506 248.4512 261.0592 274.1949 284.4726 290.3629 290.3157 284.3176 276.1218 261.7916 245.0096 238.104 232.7504 221.8668 212.2127 209.5918 213.9587 231.8297 248.9283 258.1892
215.7612 214.5415 213.9956 212.7867 211.6073 210.6093 209.5873 209.4648 210.6685 211.1712 211.3344 210.369 208.8315 206.6351 204.9446 203.2371 202.0414 201.5402 201.4629 200.2554 200.7737 202.2457 202.496 201.9905 201.2518 199.5304 198.7855 197.8802 195.1891 192.49 190.7137 189.8836 189.7509 192.5557 195.9475 199.7956 202.9178 203.6712 208.4806 213.77 214.3279 215.5625 220.9993 229.6454 240.9208 249.684 259.4646 268.0466 272.8705 273.7201 268.1415 257.9693 243.4078 233.192 226.6364 224.1412 221.569 215.6672 210.2662 208.5883 216.8018 229.4868 238.175
214.592 213.2819 213.5221 212.7216 211.1409 210.2361 210.145 209.8876 210.5072 211.1297 211.0278 210.2522 208.6925 207.1181 205.8322 205.4997 204.9683 203.3091 202.0574 200.1892 199.0891 199.7549 200.8124 201.744 201.3338 201.2056 201.1892 200.3649 198.9576 196.5516 196.1037 195.7772 199.2165 204.4379 209.7716 217.5931 219.9269 220.5127 223.2359 228.3369 231.0476 229.2747 229.0257 231.1681 236.4647 240.1049 247.4508 255.1321 259.8163 258.9706 250.7368 238.1419 230.8538 223.1855 217.7148 215.9968 217.8582 217.7862 214.169 211.1374 211.7914 217.9976 225.0971
213.6966 213.3197 213.2575 211.715 210.2336 209.7973 210.0382 210.1881 210.4803 210.6949 210.5404 209.9736 208.6186 206.9652 205.9664 205.6571 205.5133 204.4718 202.5996 200.7036 199.2549 199.065 199.6273 200.3252 200.9099 200.5173 201.0586 202.6581 203.663 202.8157 204.9327 208.4603 214.5057 221.0939 227.334 235.5996 239.8349 240.6405 242.0866 245.9108 248.4588 248.7396 245.8883 243.1165 240.8788 238.2145 240.1366 243.5023 245.1034 242.0105 232.2422 223.5966 219.7873 214.6594 210.1362 208.9206 210.354 212.966 212.5571 211.6828 213.3834 214.0222 217.9834
