py_wake/examples/data/AJ_ParqueFicticio/Rough survey   Sector 12   Height 30m   Orographic turn.grd
DSAA
73  159
 258469   265669
 6501692   6517492
-60.97178   44.63027
[rows 108 to 134 of 159, columns 0 to 60 of 73]
-3.324199 .971601 1.956604 .2509522 -.6242051 -1.972324 -2.553389 .4447057 4.31753 4.552382 1.681049 .05500752 2.967784 5.881976 11.30726 15.00829 19.75207 14.04181 6.211003 3.066916 3.945703 7.331651 10.87056 8.703338 2.62241 .2179561 -.4868032 -1.064162 1.44499 3.992559 7.067045 9.609205 10.32564 9.6972 7.754901 8.089356 5.26817 .4589032 -4.153727 -5.084986 -4.053061 -2.691287 3.318305 14.34625 22.01526 21.25739 22.28285 25.20504 27.05704 19.95369 10.32407 7.194616 8.278955 13.32975 15.30182 14.03447 14.08811 16.36305 18.39098 19.6217 23.91639
-1.865367 2.094355 5.026803 3.78826 3.625801 2.605023 -.4081262 .1709935 2.443426 3.972567 1.138738 -1.698254 -.6341062 2.934736 7.297384 10.24338 14.72168 16.61091 9.326748 3.607131 2.996764 6.268858 10.60868 10.35799 3.513896 .3810274 -.1794621 .4934526 1.216183 4.260612 6.613837 7.717773 8.558339 6.823591 6.176995 7.507181 6.778045 2.231586 -2.888036 -3.481601 -.7205999 1.587564 7.615916 17.64377 27.03024 26.66181 26.3357 27.13203 26.02717 20.43564 12.1212 8.561567 7.730371 11.11403 12.69903 11.56415 11.39307 13.30816 16.23814 19.04008 22.22827
.2880553 3.164599 5.840375 5.077077 4.042918 3.612665 .8223004 -.8170959 .160932 1.723794 -.4409032 -4.160837 -4.961299 -1.432856 2.999851 7.830361 11.96754 13.65646 11.10547 6.02207 3.829669 5.240204 9.547153 10.0003 3.136163 .4064217 1.349569 .9085505 2.106493 2.5641 2.730282 2.636005 2.323085 2.726832 3.962065 7.333362 8.763268 4.453217 -.907656 -2.102506 .5932683 4.129162 9.565044 17.92292 27.16846 30.50523 29.38349 29.82667 27.88319 19.44046 11.26088 9.035755 7.165346 8.648539 10.25249 9.877462 9.557484 10.6207 13.78636 18.28679 22.42737
2.193277 2.353062 3.904983 3.73405 2.20644 1.744288 -.1592884 -1.675314 -1.615651 -.1155308 -1.892035 -4.582349 -5.317491 -1.896289 2.480403 7.084305 8.222933 5.943107 12.3939 12.54797 8.519938 6.901581 10.52199 11.21389 4.624947 2.539061 2.226049 3.386941 1.983821 1.383538 .1714476 -.03190097 .1391268 1.4385 3.253338 7.810768 10.28035 6.977702 1.293844 -.6224617 .6946297 4.061413 9.053578 17.63568 25.00119 29.54193 31.31391 32.59372 32.84097 22.06338 11.03164 5.85484 4.970202 6.170793 7.595033 7.471241 7.83334 8.489423 10.44085 15.41116 25.49573
3.90958 1.925345 2.573272 3.060619 2.219475 1.367317 .4861704 -.2825171 -.2723767 .04439257 -1.557156 -3.463737 -2.731386 1.373673 3.794013 6.035275 4.683096 3.736835 7.664325 18.86157 16.31109 12.41275 13.84379 13.80853 6.944088 2.813386 2.920871 2.661608 2.092528 1.786298 1.051097 .4443123 .2182797 1.942085 3.907069 6.835977 11.20017 9.71221 4.160498 1.351639 1.267024 2.701935 8.033675 16.0962 21.14144 26.20028 29.69167 33.76242 36.15836 25.7089 11.12311 3.205714 2.417162 3.702568 5.913855 6.566397 6.985936 7.666003 8.626534 12.04127 25.82609
4.715673 2.573288 2.823817 3.742127 3.398994 2.436425 2.183011 2.200961 1.889382 1.317807 -.3414163 -1.194756 -.4594409 2.760617 3.87473 5.453715 3.19707 2.588362 4.074425 13.49972 22.9471 21.77826 21.24064 19.45858 9.764157 3.067081 1.36501 2.558586 2.880694 2.931329 2.957784 2.229903 2.474601 3.892694 3.99427 5.693501 9.449148 10.81817 7.010119 4.371966 2.635709 2.789488 7.005292 13.7969 17.62696 22.50306 26.43504 29.94711 33.20864 28.44808 13.09959 3.261496 1.306358 2.528095 4.645189 6.600842 7.260439 7.850685 8.044831 9.839272 17.75174
4.91902 3.999273 4.085563 4.539148 4.421357 3.62219 3.167295 3.501201 2.805688 1.856283 .9055209 -.1217886 .2667902 2.447521 3.179657 3.792622 2.59559 1.023174 2.857515 7.549856 16.30157 30.22585 33.6241 27.85323 13.19408 3.361502 .6791295 3.199073 4.714015 4.394823 5.213308 6.020442 3.347602 4.097118 4.376654 4.717872 6.957666 10.45401 10.35218 9.224399 6.769629 4.60783 6.836143 11.07944 15.44783 19.28124 22.79734 26.03767 26.86824 24.50582 14.21035 5.942751 2.666361 3.212149 5.020535 6.502672 7.76493 8.132266 8.672251 10.0769 13.0977
4.604792 4.588902 4.800914 4.898577 4.930196 4.281879 3.568185 3.398959 2.687701 2.513039 2.447143 .4901313 .6420258 2.805547 4.041544 5.281006 4.728684 2.427034 4.03723 8.329595 13.02408 21.69589 36.225 38.2384 19.43049 3.604867 -.8062527 2.311359 3.814109 4.107048 6.346626 6.875548 5.466329 4.718345 3.921514 3.546864 5.742789 9.533051 12.74137 13.76315 10.3915 7.326349 8.054394 10.3755 13.9775 16.23066 18.96836 22.00147 22.66506 20.17789 15.54286 9.569231 6.337634 5.42648 6.199056 7.117679 8.064919 8.927648 9.654941 10.88836 12.47234
2.90925 3.290093 3.297768 3.293741 3.73642 3.01925 2.413532 2.501032 2.986162 2.782938 2.562485 2.782765 3.051479 5.299342 7.097334 9.143155 8.724514 6.658348 8.199938 11.13183 13.62066 15.81607 23.0186 35.71189 28.70462 7.795223 .5953298 2.231531 3.483594 4.627467 6.799102 7.667777 6.140671 4.588542 5.088405 5.109617 5.535843 8.494913 12.9515 14.77226 13.53223 9.931491 8.895589 10.02577 11.51127 12.98959 15.25705 17.56765 19.03952 18.18079 14.46408 10.75648 9.311666 8.343792 6.456239 7.307046 7.803136 9.538631 10.95157 11.73731 11.93532
.7241105 1.001828 .9202988 .7497669 .6554456 .2499963 .5681229 1.606181 3.211837 3.594514 4.837467 4.828948 5.813941 7.860242 8.605116 9.309581 10.14631 9.094181 10.58879 11.99218 12.98281 13.17251 13.24529 18.84152 26.96877 17.72728 5.346424 3.753266 5.562988 6.908056 8.986249 10.12603 8.944663 7.916109 9.342003 7.12887 4.256438 6.24012 9.553685 15.13559 13.03745 9.326569 6.995123 7.990747 9.49199 9.828517 11.43998 13.13276 14.42255 15.05657 13.12582 10.15205 9.147127 8.241191 7.897634 7.473577 7.361851 9.176472 11.17988 13.24783 13.5015
-4.707047 -4.491945 -4.348015 -3.841512 -3.210521 -2.235573 -.9279422 .08516805 1.517658 2.641016 3.782898 6.560847 8.099669 9.286773 8.404349 7.091313 7.636173 8.439009 9.448315 10.27884 11.30704 12.33283 9.602829 7.982137 12.94373 19.8708 12.81161 10.29198 7.834508 8.532182 10.57588 13.55838 10.69114 10.06223 10.17502 4.902511 -.3272985 -.8243198 3.681277 11.47091 11.13349 7.035387 2.907068 2.210075 5.441482 5.887416 6.769047 8.562949 9.719456 11.64664 11.52592 9.45312 8.944738 7.923214 8.197649 7.611901 8.183967 8.159744 11.00032 13.81367 11.23178
-12.54968 -11.3166 -9.676723 -7.393845 -5.41255 -3.398964 -1.378481 -.4486146 .3923191 1.345192 2.800728 4.91664 6.330991 7.535707 5.28301 2.818599 1.873072 2.401759 3.360853 3.553923 5.704047 8.534363 7.441803 4.699309 5.519897 10.94712 19.31701 18.13123 14.20283 10.40196 12.1225 13.08842 10.18133 8.456858 6.484928 .6618504 -4.906696 -7.261072 -4.785482 5.662455 10.20541 6.03804 .6345785 -2.856009 .7127517 1.812621 1.772919 3.509292 5.267385 7.941051 9.921873 9.653208 8.466851 8.2108 8.171432 7.744746 8.74789 8.467311 10.23113 11.28165 8.984733
-13.03957 -10.26913 -8.043156 -6.627418 -4.844049 -2.845172 -.5832632 1.684143 1.954087 .419172 -1.364937 1.953153 3.764329 5.229167 3.785358 .09329191 -2.292671 -2.753371 -1.325321 -.9965011 1.670611 7.169968 9.50377 4.507461 4.346811 6.242982 13.05056 19.62774 17.62132 11.7467 10.82629 13.08859 8.028667 5.677377 2.398647 -2.995066 -6.9981 -8.937378 -7.355384 .4587575 8.745879 9.949666 2.907729 -2.990323 -2.634088 -1.159933 -1.011243 -.03692549 1.734 4.759672 7.779899 8.587006 8.683865 8.186426 8.386008 8.527352 8.486036 9.141165 8.502298 5.70394 3.34233
-5.313422 -4.152403 -4.323202 -4.480806 -3.036004 -.7341564 .2175983 3.689255 4.167955 .2020293 -4.135181 -2.113148 .8634118 1.832775 1.601639 -.7273238 -3.852186 -4.325952 -3.224789 -2.695366 -.09298876 5.470792 9.879298 7.338674 3.906848 4.710622 6.40033 11.58845 17.68292 14.766 12.58384 10.20617 5.802906 3.306718 -.8760197 -4.020271 -6.759353 -7.032266 -6.167845 -.9980558 4.555639 10.2414 6.714258 -1.225176 -3.058144 -1.869033 -1.052384 .312473 1.988107 4.056534 6.895151 8.771252 8.3208 8.287623 8.497104 7.179464 6.80568 5.162804 2.889287 -.132829 -1.781431
-3.863745 -3.408104 -3.104336 -3.402167 -1.620976 1.825441 2.152977 6.702387 8.441468 3.314679 -2.707513 -4.057427 -1.293957 .8247858 -1.12559 -4.825902 -9.492135 -8.388447 -6.6209 -5.356793 -4.688122 -.4939787 5.098792 4.272591 2.221556 1.290726 5.795602 6.141038 11.87009 16.60944 15.9253 9.5248 5.124136 2.041157 1.187776 -1.005465 -4.713604 -4.255001 -3.682651 -.949702 .9057227 5.505448 5.719424 -.3394417 -2.598428 -1.240692 .3231609 1.095851 2.328809 3.667491 5.151915 8.148336 8.254347 7.299236 6.142367 4.966189 2.325757 1.073962 1.410604 -.08521079 1.465886
-3.83416 -3.207939 -2.196904 -1.314025 -.2604614 2.640612 5.152313 5.389836 11.3107 7.852599 -.3918363 -1.34462 -1.45757 -.3575456 -1.431404 -3.167119 -7.685534 -11.52182 -13.32874 -13.02679 -11.21175 -6.784663 -.8761759 4.251807 4.174092 2.699218 1.711773 2.985415 8.209534 16.94934 18.90471 12.97202 8.172636 6.425666 3.795613 -1.571627 -5.105115 -6.015335 -4.364349 -1.739046 -1.132961 .1416101 1.825541 .2797606 -1.878374 -1.098578 .1897965 2.006158 3.110686 3.380332 4.045929 6.159494 7.312331 6.622026 4.057936 -.1142874 -2.129164 -1.388162 3.142941 6.237348 6.19312
-2.557304 -1.496625 -.5976582 -.1420151 .6337948 1.84165 2.925112 5.091628 11.85793 11.67089 1.214522 .2035997 -1.049182 -.7842415 -.2920367 .5505009 -1.418705 -3.855545 -6.059488 -6.832727 -6.59527 -3.8414 .7977242 6.979823 7.427375 2.310252 1.224969 -.005598057 7.390525 18.83817 23.1453 17.08496 12.43058 8.961599 3.176562 -2.801759 -6.749592 -8.194516 -6.859559 -3.404583 -2.686272 -1.804275 -.5029069 .01749502 .3593093 .3701913 .06089519 1.557774 3.610143 4.327388 4.19003 5.368407 6.21088 5.750029 2.310552 -2.317735 -2.202758 1.915743 7.836692 10.45107 7.774883
-2.807462 -2.245264 -1.652205 -.5863029 -.5570121 -.8437707 -2.921364 -1.35642 9.480483 14.27815 5.57408 1.361128 -1.287739 -.461799 .419528 2.536577 2.779925 1.549656 .9689269 1.92431 3.625844 4.180181 5.320381 7.394974 7.44506 3.605554 1.504709 1.81529 6.657879 21.23877 30.27385 23.66466 14.53694 7.167841 .2209049 -4.939601 -8.913996 -9.725575 -7.665863 -3.760349 -1.509189 -1.598174 -.7681963 -.5360403 .1247388 1.10246 .2322747 1.367172 4.336734 4.492568 4.482511 4.192806 3.429586 .258782 -3.540713 -3.713364 -2.252532 1.712805 8.378269 15.0837 11.54031
-2.408322 -2.05203 -2.613853 -2.627428 -2.40925 -2.644866 -5.240191 -3.044807 6.933512 16.87902 11.01842 4.291021 -.7456072 -2.809108 -3.264396 -.8997752 2.096742 1.793935 2.439092 3.148068 4.775806 4.861271 5.393743 6.216661 7.527346 7.652966 7.633185 6.929305 9.137779 20.51507 31.84165 29.43317 15.46798 5.383599 -1.578867 -5.683575 -8.68254 -9.738585 -7.592735 -3.305943 -1.702305 -2.21887 -2.41148 -2.917376 -1.79668 -.5792623 -.8456323 -2.322242 1.633673 2.698352 1.423577 -.9652547 -5.22063 -6.48562 -6.767366 -6.834264 -5.590868 -1.35802 8.877071 18.60644 17.54139
-1.908392 -1.613282 -2.35674 -3.698138 -3.266597 -2.434564 -4.34201 -3.384269 2.444758 11.86652 13.03828 10.40768 1.102684 -4.670397 -6.958088 -5.28221 .8713437 2.978451 1.190087 1.85991 2.522895 2.271061 3.136847 4.089801 5.184767 5.867789 6.743966 7.15633 7.383089 14.38032 29.04676 27.08951 15.25715 6.019595 -.4399377 -5.116362 -7.382332 -9.000571 -8.773871 -5.669227 -3.992329 -3.901621 -3.238163 -4.197513 -3.838886 -2.714104 -1.453869 -3.594182 -4.13601 .9120028 2.686913 -2.028309 -3.960325 -7.252381 -10.96806 -9.298287 -2.682988 2.887017 6.058304 20.10104 21.61583
-4.357959 -2.45097 -3.679114 -3.238128 -3.569489 -2.073425 -4.49566 -4.859302 -.9909469 2.741132 9.692318 13.29572 5.702797 -2.478676 -7.305688 -7.991643 -1.520463 3.007088 .09044094 -1.344723 -1.440313 -1.813738 .555283 1.076987 .5410591 .234285 .2592835 .621934 1.630106 6.895078 21.95437 28.9997 15.75457 7.059447 -.7207644 -5.651203 -8.484559 -11.45529 -12.78175 -10.62325 -7.938615 -7.212469 -6.722184 -5.342759 -4.868662 -3.23818 -1.886568 -1.105485 -1.814977 -.02018761 6.460511 6.958875 1.608605 -3.29706 -1.776631 1.476708 3.388382 2.803246 3.499583 16.37091 20.90862
-5.818678 -2.514956 -2.011166 -2.224263 -3.40862 -5.156535 -9.457538 -9.862077 -6.49893 -3.867829 .1754906 8.930229 10.53543 3.751736 -4.399601 -8.943803 -6.963807 -.929971 -1.745211 -2.668251 -3.211563 -3.687236 -1.277112 -.600201 -2.88977 -4.675921 -7.257329 -7.331119 -6.913139 -1.392515 17.66344 25.00733 15.2209 3.773988 -4.626155 -8.839823 -11.5329 -14.90877 -16.52984 -14.18408 -10.48738 -8.803809 -9.087787 -8.031702 -6.896775 -3.869381 -1.971694 .4112517 .587346 2.020163 6.548558 9.295152 7.496997 1.811085 2.058806 4.809158 3.930059 -.1208472 -1.107393 8.032689 17.17039
-.1871514 2.012965 .7318028 -2.785522 -3.763727 -6.570334 -11.02641 -11.33784 -10.7361 -8.810756 -5.441446 2.964936 12.28575 11.33255 .7634994 -7.622578 -10.04394 -5.372804 -1.89197 -2.809362 -3.236814 -4.167008 -1.64251 .7091967 -3.751484 -6.503147 -9.64646 -9.666534 -7.376461 -1.869618 7.65539 17.3938 8.260528 -.2229727 -7.673409 -11.24595 -12.60652 -13.77607 -13.73167 -13.37171 -9.441697 -7.459287 -9.232564 -8.725851 -8.360835 -5.179978 -1.835714 .8470194 3.020712 3.743861 6.523533 9.681718 10.71398 5.420069 2.90215 2.912936 1.973163 -1.069436 -2.542126 3.247917 14.55749
6.380368 8.382234 3.101866 -1.24402 -1.53203 -3.795878 -8.910706 -9.561485 -8.150011 -5.166222 -2.436564 3.248164 12.49207 17.9478 7.322125 -3.949076 -8.402373 -7.90673 -3.016597 -.4569723 -.8238464 -2.604092 -1.374115 1.408446 -3.447368 -7.216663 -8.560662 -7.514101 -2.450229 2.62203 6.131757 9.203021 4.697716 -2.100765 -7.92461 -7.811893 -8.069913 -8.707139 -9.257512 -9.855806 -7.186057 -5.930447 -4.874654 -5.94074 -5.640025 -1.960555 -.4804131 1.454712 4.349741 6.136704 7.705847 12.08475 13.16357 8.452119 4.341465 3.063118 2.730475 1.011229 .09468374 .8835223 7.223786
6.944111 9.958386 5.641716 1.622834 1.590661 -1.958662 -8.430257 -8.735138 -8.456036 -6.305649 -1.520041 2.420214 6.402584 16.07773 14.64085 2.184211 -6.260049 -6.73027 -5.345962 -.5093777 1.71224 -.8891328 -.3358395 .8354502 -2.411158 -6.362975 -7.029604 -5.640213 -1.410239 3.639388 6.615923 5.524777 4.726251 1.824722 4.447014 .372775 -2.002374 -2.809805 -5.336848 -7.287285 -6.05468 -4.284308 -2.720701 -3.131801 -1.93851 -.6094319 .1154874 1.821376 5.156811 7.789782 10.17827 17.57487 15.46026 9.656465 5.982468 4.222876 3.864227 .9492308 -.09794065 -1.47443 1.763139
6.637882 11.40639 8.016696 2.17401 .701364 -2.587845 -7.996257 -10.10926 -9.562945 -9.220875 -5.497985 -1.60364 1.949121 7.220446 13.51903 7.321029 -3.955407 -6.898923 -6.559824 -5.044373 .8898167 1.147201 1.417211 2.075231 -2.243396 -6.298835 -7.67261 -6.396231 -3.030493 2.666 6.664284 5.872558 3.158762 1.344402 4.129606 9.226792 4.725327 -1.280963 -5.011418 -7.050068 -6.613791 -5.487751 -3.013552 -2.128863 -1.913265 -1.123852 -.2367595 -.3885619 4.851539 11.00736 11.30023 17.32158 20.04715 10.85952 5.8378 5.607441 5.02953 1.966759 .9398662 -.6352457 .8202974
1.327524 10.63671 11.47792 3.70393 1.802156 -1.299534 -3.856852 -5.697207 -6.838235 -7.826576 -6.776995 -4.498096 -1.490621 2.192446 7.560684 6.312999 -3.652978 -7.968757 -7.760237 -6.694847 -2.967069 .2077841 .4381557 .7498808 -4.143847 -8.737453 -11.36904 -9.561468 -6.218122 -.6899089 3.692919 3.587687 1.670227 .09042796 .7882524 4.265295 5.309414 1.253105 -2.70986 -7.635448 -9.606959 -8.228227 -6.245109 -4.882605 -3.935688 -2.393498 -1.618416 -2.462993 .5292147 10.84584 10.47068 13.40915 19.49798 15.93794 6.924653 6.398071 6.488192 4.506554 3.013921 -.2782844 .4696918
