py_wake/examples/data/AJ_ParqueFicticio/Rough survey   Sector 9   Height 30m   Weibull-k.grd
DSAA
73  159
 258469   265669
 6501692   6517492
 .6074219   2.455078
[rows 112 to 139 of 159, columns 0 to 62 of 73]
2.412109 2.427734 2.427734 2.412109 2.408203 2.408203 2.392578 2.380859 2.369141 2.361328 2.341797 2.330078 2.333984 2.357422 2.369141 2.376953 2.376953 2.357422 2.333984 2.298828 2.314453 2.337891 2.322266 2.322266 2.384766 2.392578 2.388672 2.412109 2.435547 2.435547 2.435547 2.435547 2.435547 2.439453 2.439453 2.439453 2.384766 2.384766 2.400391 2.396484 2.384766 2.373047 2.365234 2.326172 2.267578 2.181641 2.130859 2.107422 2.162109 2.216797 2.365234 2.408203 2.447266 2.447266 2.447266 2.447266 2.447266 2.435547 2.419922 2.396484 1.380859 2.220703 2.220703
2.427734 2.427734 2.427734 2.412109 2.408203 2.408203 2.400391 2.388672 2.376953 2.373047 2.357422 2.345703 2.349609 2.365234 2.380859 2.388672 2.388672 2.357422 2.345703 2.326172 2.275391 2.267578 2.228516 2.224609 2.365234 2.392578 2.400391 2.419922 2.435547 2.435547 2.435547 2.435547 2.435547 2.439453 2.439453 2.439453 2.400391 2.373047 2.384766 2.388672 2.380859 2.376953 2.376953 2.341797 2.298828 2.224609 2.169922 2.130859 2.123047 2.216797 2.349609 2.404297 2.447266 2.447266 2.447266 2.447266 2.439453 2.427734 2.435547 2.423828 2.189453 2.220703 2.220703
2.431641 2.427734 2.423828 2.412109 2.404297 2.404297 2.396484 2.392578 2.384766 2.380859 2.361328 2.357422 2.361328 2.380859 2.396484 2.400391 2.392578 2.365234 2.357422 2.353516 2.314453 2.224609 2.158203 2.138672 2.333984 2.392578 2.416016 2.431641 2.435547 2.435547 2.435547 2.435547 2.435547 2.439453 2.439453 2.439453 2.423828 2.376953 2.369141 2.373047 2.380859 2.392578 2.384766 2.365234 2.318359 2.259766 2.201172 2.150391 2.158203 2.220703 2.341797 2.396484 2.447266 2.447266 2.447266 2.439453 2.423828 2.423828 2.427734 2.423828 2.400391 1.931641 1.853516
2.427734 2.427734 2.423828 2.412109 2.404297 2.400391 2.396484 2.396484 2.392578 2.384766 2.373047 2.373047 2.380859 2.400391 2.400391 2.392578 2.384766 2.384766 2.380859 2.365234 2.333984 2.267578 2.162109 2.158203 2.283203 2.384766 2.427734 2.435547 2.435547 2.435547 2.435547 2.435547 2.435547 2.439453 2.439453 2.439453 2.431641 2.384766 2.349609 2.337891 2.369141 2.388672 2.392578 2.384766 2.337891 2.298828 2.240234 2.177734 2.173828 2.236328 2.322266 2.384766 2.412109 2.427734 2.427734 2.423828 2.419922 2.416016 2.416016 2.416016 2.400391 2.255859 2.091797
2.427734 2.427734 2.431641 2.427734 2.412109 2.404297 2.400391 2.400391 2.392578 2.388672 2.380859 2.384766 2.396484 2.400391 2.392578 2.373047 2.373047 2.380859 2.376953 2.353516 2.326172 2.294922 2.205078 2.154297 2.228516 2.369141 2.412109 2.435547 2.435547 2.435547 2.427734 2.419922 2.435547 2.439453 2.439453 2.435547 2.408203 2.388672 2.345703 2.326172 2.341797 2.380859 2.396484 2.396484 2.384766 2.365234 2.310547 2.248047 2.205078 2.240234 2.337891 2.384766 2.396484 2.404297 2.423828 2.416016 2.416016 2.408203 2.404297 2.404297 2.404297 2.330078 2.279297
2.431641 2.427734 2.427734 2.427734 2.431641 2.419922 2.404297 2.392578 2.380859 2.376953 2.380859 2.388672 2.392578 2.388672 2.384766 2.373047 2.361328 2.369141 2.361328 2.345703 2.333984 2.333984 2.333984 2.240234 2.185547 2.298828 2.392578 2.435547 2.435547 2.404297 2.396484 2.400391 2.416016 2.408203 2.392578 2.400391 2.400391 2.384766 2.369141 2.322266 2.345703 2.384766 2.408203 2.408203 2.408203 2.408203 2.392578 2.369141 2.337891 2.322266 2.369141 2.396484 2.404297 2.412109 2.412109 2.416016 2.416016 2.408203 2.396484 2.376953 2.373047 2.388672 2.357422
2.412109 2.412109 2.416016 2.412109 2.412109 2.404297 2.388672 2.376953 2.369141 2.365234 2.373047 2.380859 2.380859 2.380859 2.384766 2.384766 2.380859 2.369141 2.369141 2.365234 2.357422 2.349609 2.392578 2.400391 2.337891 2.255859 2.337891 2.376953 2.404297 2.392578 2.384766 2.345703 2.388672 2.380859 2.380859 2.404297 2.400391 2.369141 2.357422 2.353516 2.361328 2.396484 2.443359 2.439453 2.439453 2.443359 2.443359 2.427734 2.416016 2.400391 2.396484 2.408203 2.408203 2.416016 2.416016 2.419922 2.412109 2.412109 2.396484 2.353516 2.408203 2.419922 2.423828
2.298828 2.322266 2.345703 2.365234 2.380859 2.365234 2.361328 2.361328 2.361328 2.357422 2.361328 2.376953 2.380859 2.384766 2.396484 2.408203 2.404297 2.392578 2.392578 2.392578 2.388672 2.384766 2.404297 2.435547 2.416016 2.365234 2.205078 2.236328 2.322266 2.376953 2.369141 2.357422 2.380859 2.388672 2.400391 2.408203 2.376953 2.353516 2.330078 2.353516 2.361328 2.392578 2.443359 2.439453 2.443359 2.443359 2.443359 2.443359 2.443359 2.435547 2.408203 2.408203 2.416016 2.416016 2.419922 2.419922 2.412109 2.412109 2.408203 2.408203 2.443359 2.451172 2.451172
2.291016 2.330078 2.353516 2.345703 2.341797 2.341797 2.345703 2.353516 2.361328 2.365234 2.369141 2.369141 2.376953 2.380859 2.392578 2.412109 2.419922 2.416016 2.423828 2.412109 2.400391 2.384766 2.373047 2.412109 2.419922 2.408203 2.341797 2.201172 2.255859 2.361328 2.388672 2.349609 2.388672 2.404297 2.419922 2.388672 2.349609 2.337891 2.357422 2.373047 2.369141 2.369141 2.416016 2.439453 2.443359 2.443359 2.443359 2.443359 2.443359 2.443359 2.423828 2.412109 2.416016 2.416016 2.416016 2.412109 2.416016 2.408203 2.443359 2.451172 2.451172 2.451172 2.451172
2.384766 2.361328 2.345703 2.330078 2.326172 2.333984 2.330078 2.341797 2.357422 2.388672 2.400391 2.396484 2.380859 2.369141 2.357422 2.373047 2.408203 2.412109 2.427734 2.427734 2.431641 2.392578 2.365234 2.376953 2.404297 2.419922 2.408203 2.357422 2.267578 2.314453 2.357422 2.380859 2.404297 2.427734 2.423828 2.357422 2.314453 2.330078 2.376953 2.431641 2.400391 2.373047 2.392578 2.443359 2.443359 2.443359 2.443359 2.443359 2.443359 2.443359 2.419922 2.408203 2.408203 2.416016 2.416016 2.427734 2.431641 2.447266 2.451172 2.451172 2.451172 2.451172 2.451172
2.400391 2.373047 2.337891 2.322266 2.318359 2.322266 2.326172 2.337891 2.361328 2.392578 2.419922 2.419922 2.427734 2.384766 2.353516 2.330078 2.341797 2.361328 2.392578 2.416016 2.416016 2.431641 2.388672 2.388672 2.392578 2.427734 2.400391 2.400391 2.353516 2.275391 2.291016 2.384766 2.416016 2.435547 2.388672 2.345703 2.322266 2.333984 2.400391 2.439453 2.439453 2.412109 2.404297 2.439453 2.443359 2.443359 2.443359 2.443359 2.443359 2.443359 2.447266 2.408203 2.408203 2.416016 2.435547 2.447266 2.447266 2.447266 2.451172 2.451172 2.451172 2.451172 2.431641
2.408203 2.388672 2.345703 2.326172 2.314453 2.318359 2.318359 2.330078 2.345703 2.373047 2.431641 2.431641 2.431641 2.431641 2.423828 2.400391 2.361328 2.318359 2.291016 2.298828 2.337891 2.396484 2.404297 2.384766 2.392578 2.396484 2.412109 2.404297 2.380859 2.267578 2.208984 2.349609 2.396484 2.388672 2.380859 2.345703 2.326172 2.349609 2.396484 2.435547 2.439453 2.439453 2.439453 2.439453 2.443359 2.443359 2.443359 2.443359 2.443359 2.443359 2.447266 2.439453 2.419922 2.431641 2.447266 2.447266 2.447266 2.447266 2.451172 2.451172 2.451172 2.443359 2.408203
2.416016 2.388672 2.361328 2.337891 2.322266 2.314453 2.314453 2.330078 2.337891 2.341797 2.400391 2.431641 2.431641 2.431641 2.431641 2.431641 2.431641 2.419922 2.404297 2.392578 2.396484 2.416016 2.408203 2.380859 2.380859 2.408203 2.412109 2.388672 2.373047 2.263672 2.083984 2.248047 2.349609 2.373047 2.373047 2.345703 2.341797 2.357422 2.380859 2.423828 2.439453 2.443359 2.443359 2.439453 2.443359 2.443359 2.443359 2.443359 2.443359 2.443359 2.447266 2.443359 2.447266 2.447266 2.447266 2.447266 2.447266 2.447266 2.451172 2.412109 2.427734 2.419922 2.404297
2.404297 2.380859 2.361328 2.341797 2.326172 2.322266 2.310547 2.322266 2.337891 2.326172 2.373047 2.404297 2.431641 2.431641 2.431641 2.431641 2.431641 2.431641 2.431641 2.435547 2.419922 2.412109 2.404297 2.396484 2.396484 2.419922 2.435547 2.396484 2.376953 2.244141 2.029297 2.107422 2.326172 2.376953 2.365234 2.345703 2.341797 2.341797 2.380859 2.431641 2.439453 2.443359 2.443359 2.439453 2.443359 2.443359 2.443359 2.443359 2.419922 2.443359 2.447266 2.443359 2.447266 2.447266 2.447266 2.447266 2.447266 2.447266 2.412109 2.326172 2.388672 2.412109 2.392578
2.369141 2.357422 2.345703 2.333984 2.326172 2.337891 2.337891 2.341797 2.345703 2.310547 2.337891 2.376953 2.404297 2.419922 2.423828 2.431641 2.431641 2.431641 2.431641 2.435547 2.419922 2.416016 2.423828 2.435547 2.416016 2.404297 2.392578 2.392578 2.373047 2.220703 2.220703 2.021484 2.318359 2.369141 2.349609 2.357422 2.353516 2.349609 2.388672 2.435547 2.439453 2.443359 2.443359 2.443359 2.443359 2.443359 2.443359 2.443359 2.443359 2.427734 2.447266 2.443359 2.447266 2.447266 2.447266 2.447266 2.447266 2.447266 2.388672 2.259766 2.263672 2.384766 2.396484
2.357422 2.349609 2.337891 2.333984 2.341797 2.361328 2.380859 2.380859 2.373047 2.337891 2.326172 2.341797 2.373047 2.400391 2.392578 2.400391 2.416016 2.408203 2.431641 2.431641 2.431641 2.431641 2.431641 2.435547 2.435547 2.412109 2.392578 2.384766 2.384766 2.318359 1.982422 1.994141 2.322266 2.361328 2.349609 2.369141 2.376953 2.369141 2.384766 2.427734 2.439453 2.439453 2.443359 2.435547 2.439453 2.443359 2.443359 2.443359 2.443359 2.443359 2.447266 2.443359 2.447266 2.447266 2.447266 2.443359 2.447266 2.412109 2.396484 2.232422 2.177734 2.373047 2.400391
2.318359 2.326172 2.330078 2.333984 2.345703 2.380859 2.392578 2.392578 2.396484 2.380859 2.345703 2.330078 2.361328 2.404297 2.384766 2.369141 2.400391 2.384766 2.408203 2.431641 2.431641 2.435547 2.431641 2.435547 2.435547 2.435547 2.416016 2.396484 2.404297 2.384766 2.107422 2.052734 2.322266 2.361328 2.357422 2.376953 2.365234 2.330078 2.310547 2.369141 2.408203 2.412109 2.416016 2.427734 2.431641 2.443359 2.443359 2.443359 2.443359 2.443359 2.447266 2.443359 2.447266 2.447266 2.447266 2.447266 2.447266 2.423828 2.412109 2.310547 2.232422 2.373047 2.396484
2.275391 2.294922 2.314453 2.333984 2.369141 2.392578 2.349609 2.341797 2.380859 2.388672 2.361328 2.349609 2.341797 2.373047 2.400391 2.361328 2.380859 2.373047 2.369141 2.416016 2.431641 2.435547 2.435547 2.435547 2.435547 2.431641 2.384766 2.369141 2.369141 2.380859 2.287109 2.212891 2.330078 2.345703 2.341797 2.349609 2.322266 2.240234 2.173828 2.271484 2.365234 2.388672 2.380859 2.396484 2.404297 2.435547 2.443359 2.443359 2.443359 2.447266 2.447266 2.443359 2.447266 2.447266 2.447266 2.447266 2.447266 2.447266 2.451172 2.400391 2.310547 2.322266 2.353516
2.283203 2.298828 2.314453 2.326172 2.376953 2.392578 2.333984 2.326172 2.333984 2.353516 2.349609 2.349609 2.333984 2.337891 2.376953 2.376953 2.349609 2.388672 2.369141 2.396484 2.423828 2.427734 2.431641 2.435547 2.435547 2.423828 2.373047 2.353516 2.369141 2.369141 2.369141 2.318359 2.302734 2.287109 2.310547 2.318359 2.302734 2.279297 2.283203 2.294922 2.388672 2.412109 2.376953 2.376953 2.376953 2.412109 2.439453 2.443359 2.443359 2.447266 2.447266 2.443359 2.447266 2.447266 2.447266 2.447266 2.447266 2.447266 2.447266 2.451172 2.337891 2.287109 2.302734
2.298828 2.310547 2.326172 2.341797 2.388672 2.408203 2.369141 2.365234 2.380859 2.400391 2.388672 2.373047 2.333984 2.294922 2.365234 2.408203 2.373047 2.380859 2.412109 2.400391 2.416016 2.427734 2.431641 2.435547 2.435547 2.416016 2.392578 2.400391 2.427734 2.412109 2.392578 2.361328 2.318359 2.271484 2.271484 2.353516 2.376953 2.388672 2.388672 2.380859 2.427734 2.435547 2.435547 2.423828 2.416016 2.427734 2.435547 2.431641 2.423828 2.443359 2.447266 2.443359 2.400391 2.412109 2.447266 2.447266 2.447266 2.447266 2.447266 2.451172 2.408203 2.349609 2.333984
2.298828 2.314453 2.341797 2.365234 2.396484 2.419922 2.373047 2.376953 2.376953 2.392578 2.408203 2.388672 2.373047 2.298828 2.314453 2.388672 2.392578 2.396484 2.416016 2.435547 2.416016 2.435547 2.435547 2.435547 2.435547 2.412109 2.400391 2.412109 2.435547 2.423828 2.408203 2.404297 2.388672 2.361328 2.333984 2.353516 2.396484 2.427734 2.423828 2.419922 2.435547 2.443359 2.443359 2.443359 2.443359 2.443359 2.443359 2.431641 2.419922 2.443359 2.439453 2.177734 2.302734 2.408203 2.435547 2.447266 2.447266 2.447266 2.451172 2.451172 2.451172 2.404297 2.388672
2.302734 2.314453 2.341797 2.369141 2.400391 2.416016 2.373047 2.349609 2.357422 2.361328 2.396484 2.392578 2.388672 2.369141 2.326172 2.365234 2.404297 2.396484 2.412109 2.419922 2.431641 2.431641 2.435547 2.435547 2.435547 2.396484 2.376953 2.388672 2.423828 2.435547 2.408203 2.408203 2.423828 2.431641 2.396484 2.369141 2.388672 2.423828 2.416016 2.412109 2.423828 2.435547 2.443359 2.439453 2.443359 2.443359 2.443359 2.443359 2.443359 2.419922 2.404297 2.228516 2.123047 2.396484 2.435547 2.443359 2.447266 2.447266 2.451172 2.451172 2.451172 2.451172 2.412109
2.310547 2.326172 2.333984 2.373047 2.396484 2.392578 2.400391 2.400391 2.392578 2.384766 2.396484 2.408203 2.396484 2.380859 2.365234 2.361328 2.373047 2.376953 2.396484 2.412109 2.435547 2.431641 2.431641 2.435547 2.419922 2.357422 2.314453 2.341797 2.392578 2.435547 2.416016 2.412109 2.435547 2.439453 2.439453 2.408203 2.400391 2.416016 2.427734 2.392578 2.373047 2.396484 2.412109 2.423828 2.435547 2.443359 2.443359 2.443359 2.443359 2.416016 2.400391 2.353516 2.205078 2.306641 2.412109 2.419922 2.427734 2.447266 2.451172 2.451172 2.451172 2.451172 2.443359
2.337891 2.349609 2.314453 2.357422 2.388672 2.380859 2.376953 2.400391 2.400391 2.408203 2.416016 2.423828 2.427734 2.423828 2.380859 2.365234 2.349609 2.384766 2.388672 2.408203 2.427734 2.435547 2.431641 2.435547 2.404297 2.322266 2.306641 2.330078 2.396484 2.431641 2.439453 2.431641 2.427734 2.435547 2.439453 2.439453 2.439453 2.439453 2.423828 2.384766 2.365234 2.369141 2.365234 2.392578 2.408203 2.419922 2.423828 2.435547 2.443359 2.447266 2.400391 2.373047 2.310547 2.169922 2.376953 2.400391 2.408203 2.419922 2.451172 2.447266 2.451172 2.451172 2.451172
2.365234 2.376953 2.326172 2.302734 2.376953 2.380859 2.373047 2.376953 2.361328 2.380859 2.408203 2.427734 2.427734 2.431641 2.431641 2.396484 2.373047 2.380859 2.380859 2.404297 2.423828 2.435547 2.435547 2.435547 2.416016 2.333984 2.302734 2.337891 2.400391 2.427734 2.435547 2.427734 2.419922 2.408203 2.416016 2.427734 2.435547 2.439453 2.439453 2.423828 2.388672 2.373047 2.345703 2.384766 2.369141 2.357422 2.388672 2.408203 2.443359 2.447266 2.396484 2.361328 2.337891 2.283203 2.314453 2.369141 2.388672 2.404297 2.419922 2.451172 2.451172 2.451172 2.451172
2.380859 2.396484 2.361328 2.310547 2.380859 2.392578 2.365234 2.337891 2.322266 2.326172 2.361328 2.396484 2.416016 2.431641 2.431641 2.431641 2.431641 2.412109 2.384766 2.376953 2.416016 2.431641 2.435547 2.435547 2.419922 2.345703 2.291016 2.333984 2.392578 2.416016 2.423828 2.419922 2.412109 2.404297 2.396484 2.400391 2.427734 2.439453 2.439453 2.439453 2.423828 2.392578 2.380859 2.416016 2.423828 2.427734 2.443359 2.443359 2.443359 2.447266 2.412109 2.392578 2.361328 2.349609 2.326172 2.333984 2.361328 2.380859 2.404297 2.447266 2.451172 2.451172 2.451172
2.384766 2.416016 2.392578 2.349609 2.392578 2.396484 2.330078 2.333984 2.310547 2.291016 2.298828 2.337891 2.365234 2.419922 2.431641 2.431641 2.431641 2.427734 2.400391 2.384766 2.412109 2.427734 2.423828 2.404297 2.412109 2.341797 2.291016 2.306641 2.376953 2.412109 2.408203 2.408203 2.404297 2.412109 2.408203 2.412109 2.423828 2.431641 2.435547 2.435547 2.427734 2.412109 2.404297 2.427734 2.443359 2.443359 2.443359 2.443359 2.443359 2.447266 2.443359 2.443359 2.396484 2.365234 2.353516 2.357422 2.353516 2.361328 2.376953 2.408203 2.451172 2.451172 2.451172
2.384766 2.416016 2.408203 2.388672 2.423828 2.388672 2.345703 2.357422 2.357422 2.306641 2.310547 2.318359 2.314453 2.380859 2.416016 2.427734 2.435547 2.435547 2.416016 2.380859 2.388672 2.396484 2.392578 2.384766 2.412109 2.326172 2.224609 2.259766 2.357422 2.412109 2.416016 2.408203 2.404297 2.416016 2.416016 2.423828 2.419922 2.412109 2.416016 2.431641 2.396484 2.376953 2.392578 2.416016 2.419922 2.423828 2.439453 2.443359 2.443359 2.447266 2.443359 2.447266 2.419922 2.373047 2.341797 2.369141 2.384766 2.369141 2.337891 2.357422 2.408203 2.451172 2.451172
