py_wake/examples/data/AJ_ParqueFicticio/Rough survey   Sector 11   Height 200m   Orographic speed.grd
DSAA
73  159
 258469   265669
 6501692   6517492
 .6968251   1.35811
[rows 28 to 55 of 159, columns 0 to 62 of 73]
1.004218 1.004043 1.004101 1.004313 1.00505 1.006134 1.007342 1.008562 1.008921 1.010097 1.012313 1.015005 1.017466 1.0198 1.021286 1.022596 1.024607 1.026104 1.027164 1.027234 1.02613 1.024957 1.02675 1.028328 1.029204 1.027898 1.025292 1.022188 1.02157 1.020383 1.019162 1.017176 1.012061 1.004306 1.002184 1.005588 1.008882 1.010675 1.011514 1.006884 1.002235 1.006124 1.018939 1.039692 1.063868 1.084997 1.100773 1.119613 1.139184 1.156599 1.169624 1.185552 1.204848 1.213523 1.202798 1.194705 1.195447 1.186146 1.150104 1.103094 1.062004 1.03175 1.011806
1.003213 1.00368 1.003537 1.003948 1.004444 1.005163 1.006373 1.007888 1.008686 1.009744 1.011259 1.013776 1.015991 1.018993 1.021019 1.022686 1.024169 1.025837 1.026727 1.026966 1.025762 1.024282 1.025343 1.026976 1.028123 1.027524 1.025333 1.023835 1.02265 1.021979 1.02089 1.018267 1.012972 1.004206 1.001202 1.005611 1.009037 1.011277 1.012502 1.009656 1.004541 1.005507 1.017121 1.032596 1.053169 1.076497 1.097122 1.118322 1.142222 1.16554 1.184124 1.20254 1.222834 1.238704 1.235464 1.224153 1.214209 1.192192 1.150636 1.103896 1.063749 1.035858 1.02209
1.001721 1.002117 1.002562 1.002912 1.003177 1.004465 1.005415 1.00691 1.008213 1.008605 1.009962 1.011375 1.013343 1.017097 1.01918 1.021548 1.023623 1.02522 1.025856 1.026201 1.025464 1.024958 1.02505 1.026273 1.026673 1.026583 1.025985 1.024449 1.023254 1.022407 1.020852 1.019096 1.013126 1.004929 1.003879 1.006151 1.008576 1.010334 1.013579 1.013356 1.00855 1.007345 1.014225 1.027472 1.044021 1.063448 1.085669 1.110642 1.138786 1.168008 1.195965 1.221583 1.244105 1.262276 1.266618 1.256512 1.236449 1.197601 1.146914 1.097281 1.05986 1.03852 1.037473
1.000497 1.000755 1.001228 1.001781 1.001984 1.00335 1.004145 1.00581 1.006281 1.00727 1.007962 1.009309 1.010877 1.014238 1.017735 1.020387 1.022776 1.024521 1.025019 1.025254 1.024936 1.024916 1.024865 1.025004 1.025528 1.026156 1.025452 1.024695 1.022676 1.021214 1.020633 1.020141 1.015522 1.008957 1.007099 1.006176 1.00722 1.008946 1.012869 1.015781 1.012865 1.010008 1.012543 1.022365 1.037558 1.054037 1.07267 1.095932 1.124508 1.15841 1.194105 1.22858 1.259818 1.284304 1.296164 1.289532 1.259186 1.206079 1.145498 1.092181 1.054836 1.041657 1.050135
.99865 .9993054 1.000018 1.000688 1.001425 1.002513 1.00377 1.004232 1.004879 1.005798 1.006419 1.007533 1.008347 1.010455 1.014023 1.017567 1.020929 1.023576 1.024086 1.023883 1.024144 1.024397 1.024474 1.024357 1.024813 1.024165 1.024251 1.023711 1.021747 1.019491 1.019547 1.018755 1.015301 1.010778 1.00758 1.007066 1.00672 1.006461 1.01119 1.016022 1.017742 1.013412 1.011983 1.01703 1.029533 1.048345 1.068335 1.087767 1.110987 1.141517 1.177566 1.217732 1.25839 1.293534 1.317364 1.315513 1.280235 1.218067 1.151 1.09275 1.05493 1.048757 1.063359
.9981809 .9986486 .999249 1.000039 1.001456 1.002137 1.003271 1.003939 1.004529 1.004822 1.005359 1.006211 1.006824 1.007823 1.011 1.01461 1.018558 1.021481 1.022308 1.02315 1.02337 1.023923 1.02395 1.023761 1.023877 1.023517 1.021981 1.021658 1.020695 1.018868 1.018604 1.017544 1.014667 1.011049 1.008066 1.008047 1.008224 1.005672 1.010006 1.015678 1.021306 1.021417 1.016321 1.012143 1.018188 1.036305 1.061368 1.085972 1.109385 1.137008 1.170108 1.208488 1.248725 1.288939 1.323048 1.332832 1.296165 1.232694 1.16073 1.099811 1.061751 1.057537 1.079009
.9991365 .9992849 .9996211 .999842 1.000708 1.00154 1.0025 1.003375 1.004146 1.004582 1.004745 1.005141 1.005968 1.00688 1.00892 1.013121 1.01702 1.019364 1.020466 1.021304 1.022081 1.021973 1.022388 1.022421 1.022382 1.02153 1.020041 1.019538 1.019078 1.018793 1.017906 1.016686 1.014855 1.010765 1.007412 1.006331 1.009357 1.00786 1.009202 1.01599 1.025538 1.030047 1.026725 1.016046 1.009598 1.02127 1.047697 1.077927 1.107614 1.13953 1.175327 1.214328 1.251402 1.289539 1.323267 1.338821 1.310379 1.247678 1.176082 1.1156 1.078836 1.074847 1.094928
.9985642 .9988906 .9992383 1.000121 1.000463 1.00115 1.001974 1.002272 1.002882 1.003245 1.00309 1.003615 1.004138 1.005678 1.007943 1.010975 1.014054 1.017189 1.017628 1.018365 1.019248 1.019416 1.019912 1.020183 1.020388 1.019419 1.018319 1.017999 1.017522 1.017305 1.016581 1.015341 1.014199 1.011212 1.006769 1.003107 1.005502 1.008585 1.009989 1.017954 1.030254 1.039766 1.040601 1.029669 1.010918 1.008803 1.029986 1.063968 1.09919 1.13629 1.176172 1.221966 1.264473 1.300424 1.330453 1.344107 1.320942 1.261472 1.191136 1.133559 1.103038 1.099391 1.1138
.9974647 .9980342 .9983283 .9991183 1.000301 1.001408 1.001351 1.001706 1.002251 1.002364 1.002242 1.001682 1.002007 1.003472 1.005793 1.008386 1.010991 1.01293 1.014459 1.013974 1.015703 1.015916 1.016798 1.017902 1.018276 1.017553 1.017247 1.016451 1.015876 1.015505 1.015464 1.014102 1.012067 1.009965 1.005503 1.001338 1.000799 1.005682 1.010681 1.020756 1.036531 1.05308 1.060545 1.051829 1.027292 1.003675 1.010476 1.041851 1.082582 1.124305 1.169277 1.21944 1.270033 1.312032 1.341087 1.35334 1.32841 1.26823 1.199472 1.148074 1.129039 1.127333 1.136509
.9950238 .9958956 .9968522 .9978193 .9987811 1.000253 1.001743 1.002202 1.002207 1.00176 1.001612 1.001143 1.000483 1.001637 1.003364 1.005311 1.007306 1.008182 1.009782 1.009389 1.010166 1.011487 1.013009 1.014697 1.016367 1.01565 1.015265 1.01421 1.013983 1.012846 1.012808 1.012099 1.010428 1.008212 1.004458 .9987288 .9937878 .9989083 1.006042 1.018022 1.03939 1.064354 1.082039 1.081945 1.058174 1.020898 1.002915 1.019282 1.055769 1.09968 1.147895 1.198984 1.254592 1.305353 1.342941 1.35811 1.333264 1.271949 1.201547 1.15659 1.143904 1.147961 1.158826
.993681 .9947758 .9958878 .9970114 .9977921 .998368 .9996161 1.000296 1.001248 1.001887 1.002265 1.001542 1.000649 .9998409 1.001078 1.002499 1.004254 1.005329 1.006535 1.005991 1.004145 1.006427 1.00912 1.011205 1.013285 1.012772 1.012689 1.011887 1.010895 1.009743 1.008967 1.009109 1.008202 1.005715 1.002694 .996859 .9885039 .9895359 .9970042 1.011545 1.034433 1.065336 1.095022 1.108566 1.095979 1.05811 1.023404 1.017798 1.037169 1.074345 1.122477 1.173094 1.228078 1.282744 1.329441 1.352272 1.334297 1.272913 1.202905 1.15664 1.143958 1.15505 1.168706
.9937862 .9953077 .9965735 .9975324 .9986017 .99896 .9983611 .9996154 1.000898 1.001667 1.002213 1.002096 1.000705 .9997078 1.000443 1.001607 1.003077 1.004506 1.005694 1.004362 1.001977 1.002926 1.005136 1.007898 1.009375 1.010087 1.009537 1.008936 1.008442 1.006473 1.005161 1.004884 1.004296 1.002485 .9990473 .993034 .9832097 .9810029 .9875106 1.002809 1.025847 1.057739 1.092677 1.120161 1.125528 1.098664 1.0629 1.046587 1.048082 1.069648 1.1122 1.160466 1.210938 1.263014 1.311628 1.341375 1.332613 1.276412 1.206345 1.155555 1.135195 1.140214 1.155368
.9937807 .9952493 .9965279 .9976326 .9988111 .9993635 .9991356 .9998472 1.000407 1.001143 1.001616 1.001115 1.00026 1.000424 1.00013 1.000347 1.001331 1.002553 1.003788 1.003822 1.002134 1.001986 1.00215 1.003568 1.005678 1.005456 1.005465 1.00529 1.004452 1.003165 1.002075 1.001698 1.00079 .9987745 .9953904 .9877167 .9778245 .9707692 .9757662 .9907658 1.015752 1.047611 1.082905 1.117331 1.136877 1.127845 1.099802 1.082303 1.078167 1.087867 1.117729 1.159263 1.206086 1.255289 1.300696 1.333595 1.330848 1.283771 1.216312 1.155796 1.117833 1.11047 1.122224
.9959779 .9966294 .9975389 .9972798 .9971036 .9979646 .9987706 .9994105 .9999824 .9996785 .9989835 .9989896 .9984854 .99792 .9976562 .9981349 .9987403 .9993514 1.000765 1.001371 1.002201 1.00208 1.00235 1.00069 .9994462 .999432 1.000282 1.000612 1.000115 .9995698 .9985403 .9983473 .9971564 .9950613 .9916953 .984499 .9705147 .9592108 .9619731 .9765025 1.002767 1.03429 1.069747 1.10597 1.132859 1.137711 1.12159 1.10737 1.10569 1.112263 1.13136 1.163896 1.205927 1.251868 1.295386 1.328489 1.332447 1.295435 1.23147 1.163719 1.108854 1.084213 1.083792
.9992711 .9995537 .9998425 .9991456 .9967918 .996111 .9970197 .9978222 .9980157 .9978663 .9971794 .9963164 .9957278 .9951342 .9952548 .9958315 .9958402 .9963519 .9970244 .9986294 1.000145 1.001699 1.002628 1.001765 .9969131 .9944052 .9946442 .9953908 .9956998 .9949793 .9946604 .9941678 .9931958 .9913324 .9876308 .9808568 .9674493 .9521236 .9493497 .9606212 .9845144 1.01408 1.047052 1.082797 1.11175 1.124533 1.119131 1.109447 1.114439 1.125036 1.142061 1.168488 1.203215 1.243727 1.285499 1.318774 1.329939 1.303607 1.249159 1.18143 1.118617 1.072898 1.053412
1.001287 1.002335 1.003398 1.003858 .9993116 .9947667 .994228 .9961385 .9971921 .9978071 .9981123 .9964944 .9946315 .9935395 .9935659 .9939746 .9940856 .9936395 .9933307 .994684 .996741 .9985114 .9999008 .9999841 .9967681 .9935184 .9920906 .991264 .9900391 .9893538 .9897354 .9891582 .9874954 .9863362 .9833462 .9766115 .9646515 .9491715 .9407248 .9455547 .9629213 .990211 1.021054 1.055319 1.084435 1.099977 1.100705 1.096366 1.102275 1.116707 1.134702 1.158694 1.190928 1.227767 1.269044 1.303686 1.318881 1.30223 1.258053 1.199194 1.140165 1.085452 1.047362
1.00221 1.003651 1.005199 1.006645 1.004644 .998966 .9942393 .9942258 .995735 .9974946 .9987885 .9976395 .9943439 .992836 .9930502 .9933841 .9929113 .9921855 .9917206 .9905968 .9924672 .9940045 .9953151 .9950489 .9940218 .9912505 .989271 .9873341 .9862791 .9842201 .9841509 .9842208 .9825457 .9812227 .9787223 .9728404 .9624835 .9499522 .9388894 .9379005 .9484428 .9730238 1.002295 1.031892 1.059383 1.076843 1.083144 1.084136 1.090614 1.105906 1.123453 1.146111 1.177907 1.216188 1.256863 1.290763 1.303841 1.288045 1.2562 1.211219 1.161085 1.110021 1.063969
1.002733 1.004103 1.005873 1.00748 1.00794 1.003362 .99805 .9959449 .9957078 .9965137 .997101 .9963105 .9950166 .994186 .9939356 .9936736 .9928502 .992278 .9907606 .9887583 .9890589 .9907159 .9909599 .9907994 .9887072 .9873918 .9856412 .9832224 .9798566 .9777595 .976753 .9766299 .9757192 .9731043 .9731189 .9686437 .9591901 .9496385 .9434287 .9403097 .9450122 .9635872 .9891341 1.01542 1.043237 1.064584 1.077721 1.08605 1.094381 1.108376 1.126273 1.147101 1.174851 1.211578 1.250043 1.282294 1.291615 1.272628 1.245046 1.211487 1.176128 1.13703 1.095926
1.002363 1.004232 1.006896 1.00854 1.008674 1.006756 1.002547 1.000438 .9989825 .9961596 .9951245 .9947375 .9942637 .9942099 .9941382 .993061 .9922602 .9918387 .9910651 .9892245 .9892939 .9903405 .9909657 .9902332 .986625 .984557 .9832923 .9798453 .9755158 .9717548 .9696079 .9684772 .965755 .9632857 .9646811 .9618204 .9538566 .9456878 .9427909 .9446787 .9496944 .9620168 .9825237 1.00949 1.036864 1.060129 1.076857 1.09007 1.103377 1.118393 1.136378 1.157859 1.181747 1.211406 1.245487 1.276543 1.285223 1.269283 1.237255 1.204408 1.175383 1.148015 1.120655
1.001497 1.003286 1.004999 1.008138 1.008854 1.007789 1.006129 1.004826 1.003873 .9989698 .9927389 .9922287 .992034 .9922292 .9921329 .991087 .9906482 .9904459 .9904212 .9896779 .9904168 .9905081 .9911101 .9900892 .9869831 .984633 .9820408 .9782713 .9740061 .9700595 .965784 .9632435 .9591846 .9551357 .9551839 .951778 .9454459 .9389175 .9362662 .9403816 .9486122 .9616561 .9797335 1.00264 1.028941 1.054007 1.071505 1.085818 1.100714 1.117519 1.1378 1.162397 1.187886 1.213195 1.237773 1.258706 1.275058 1.270919 1.246206 1.212651 1.177699 1.148034 1.124275
1.001419 1.002867 1.004148 1.006117 1.007988 1.007999 1.007737 1.007643 1.007236 1.003378 .9946679 .9902654 .9897076 .9890129 .9892519 .9892401 .9891788 .9884035 .9879394 .9888666 .9891826 .9888872 .9883802 .9878881 .9865063 .9834628 .9808851 .9779754 .9749585 .9713665 .9674336 .9649405 .9599569 .9525535 .9509495 .946847 .9395294 .93249 .9276323 .9306214 .9390345 .9510711 .9672924 .9894026 1.014734 1.039073 1.059161 1.075471 1.094219 1.114841 1.136338 1.159987 1.186415 1.20864 1.224913 1.2367 1.251893 1.259286 1.252193 1.234962 1.203032 1.163899 1.12992
1.003114 1.004403 1.005228 1.005382 1.006855 1.008134 1.008819 1.009518 1.008461 1.006123 1.000321 .9925433 .9884282 .9877335 .9876768 .988587 .9889572 .9880389 .9865298 .9860957 .9867194 .9873796 .987335 .9874403 .9870434 .9834463 .9813862 .9798384 .976885 .9733656 .9683279 .9643484 .9611573 .9552668 .9511257 .9461501 .9376884 .9281569 .9204565 .9195296 .9250177 .9347913 .9496354 .9689261 .9934701 1.020635 1.044256 1.068681 1.091907 1.116125 1.140368 1.161093 1.179368 1.197422 1.210985 1.216186 1.221646 1.229244 1.233235 1.239131 1.230793 1.199478 1.159239
1.003664 1.005785 1.007593 1.006323 1.006588 1.008477 1.009855 1.01045 1.0098 1.007891 1.003037 .997355 .9914728 .9884548 .9878522 .9888263 .9904418 .991321 .9884778 .9859335 .9866659 .9873936 .9884076 .9890395 .9880151 .9855672 .9845833 .9826041 .9805536 .9762531 .9703445 .9636883 .958484 .9548696 .950764 .9446014 .9346499 .9247395 .9161205 .912702 .9145727 .9220966 .9369754 .953483 .9763533 1.004945 1.032257 1.059764 1.087905 1.116723 1.145043 1.164721 1.169892 1.183055 1.201034 1.203417 1.19781 1.19624 1.197155 1.212689 1.231538 1.228666 1.200793
1.002924 1.005326 1.007169 1.007345 1.007418 1.008527 1.010695 1.011441 1.010556 1.008615 1.004451 .9993299 .9937473 .9901587 .9891828 .9889445 .9893252 .9911441 .9905981 .9886712 .9890029 .9891952 .9895065 .9899246 .9894034 .9884933 .9882726 .9867743 .9836708 .9810318 .9762217 .9689978 .9588873 .9538127 .950728 .9425319 .9312965 .921839 .9143175 .9081825 .9076244 .9136086 .9264554 .9432369 .9644035 .9918504 1.020236 1.049729 1.080797 1.113714 1.145407 1.165403 1.163404 1.167089 1.188721 1.201558 1.189561 1.171451 1.160462 1.170841 1.200202 1.224702 1.22341
1.002392 1.004305 1.006722 1.0076 1.008199 1.008771 1.009964 1.01114 1.010329 1.008729 1.004963 .9999442 .9964176 .9930989 .9915062 .9901392 .9881631 .9885382 .989526 .9894472 .9905725 .9915158 .9904357 .9899995 .9903892 .9905294 .9906711 .9899265 .9889233 .9875093 .9844626 .9767124 .9669881 .9605176 .9573603 .9478784 .9332965 .921644 .9150226 .9098475 .9039155 .9026435 .9115038 .9266394 .9475464 .9755948 1.006435 1.035759 1.069309 1.106235 1.143368 1.165208 1.158616 1.150226 1.169279 1.198656 1.198 1.17047 1.138071 1.131312 1.157946 1.194373 1.215773
1.002608 1.004729 1.006354 1.007337 1.008391 1.009497 1.009827 1.009729 1.009251 1.007846 1.005258 1.001625 .9980757 .9957 .9947226 .9933223 .989956 .9877986 .9878891 .9882262 .988723 .9918523 .9918855 .9909431 .9914041 .9916575 .9918854 .9926507 .9942074 .9942818 .9914464 .9839601 .9750419 .9717626 .9699975 .9607303 .9438844 .9291793 .919203 .9164016 .9107028 .9022626 .9011298 .910597 .9297064 .9557373 .9866182 1.017482 1.05408 1.095415 1.137544 1.163075 1.154749 1.136912 1.146387 1.183165 1.205609 1.185891 1.14203 1.109921 1.120555 1.158306 1.193607
1.003894 1.005048 1.006011 1.007471 1.008929 1.009838 1.009848 1.009327 1.008782 1.007356 1.005842 1.00307 .9999275 .9972142 .9959918 .9955552 .9924491 .9894835 .9887547 .9880425 .9869623 .9874873 .9901199 .9904821 .9909697 .9923642 .9930044 .9947721 .9986556 1.00271 1.000608 .9918361 .9813321 .9788634 .9797106 .9754208 .9608465 .9401668 .9232685 .9227138 .9217063 .9146245 .9072425 .9063384 .9191868 .9410865 .9679909 .9985768 1.038844 1.081983 1.124676 1.152851 1.149388 1.126082 1.125442 1.160171 1.19703 1.197359 1.155639 1.110575 1.096697 1.128612 1.174762
1.003971 1.005583 1.007186 1.00832 1.009712 1.010146 1.009608 1.009217 1.008282 1.007135 1.005886 1.003779 1.001673 .9982876 .9952204 .9948233 .9937689 .9921287 .9910269 .9910753 .9883295 .9853809 .987363 .9886096 .9894285 .990975 .9919996 .9946957 1.001115 1.008248 1.010342 1.00089 .9873058 .9844355 .9856802 .9873368 .9771329 .9545919 .9309663 .9256408 .9298391 .9277872 .921975 .9171302 .9210851 .9381508 .9573293 .9824319 1.018801 1.061916 1.106755 1.139171 1.13892 1.116749 1.108627 1.140045 1.1826 1.194772 1.161443 1.11591 1.088736 1.108316 1.158063
