py_wake/examples/data/AJ_ParqueFicticio/Rough survey   Sector 2   Height 30m   Orographic turn.grd
DSAA
73  159
 258469   265669
 6501692   6517492
-66.56977   67.29546
[rows 27 to 53 of 159, columns 0 to 61 of 73]
-2.155083 -2.160686 -2.037791 -1.991646 -1.913831 -1.826441 -1.800534 -1.85168 -2.192913 -2.118428 -1.977595 -1.985043 -1.932399 -1.532333 -1.504802 -1.637348 -1.816077 -1.804175 -1.794131 -1.784339 -1.855099 -1.834922 -1.46459 -1.893914 -2.430983 -3.229606 -4.102883 -3.943723 -2.765495 -3.042472 -2.124929 -1.25426 -1.428281 -3.157114 -7.795128 -4.588405 -2.500899 -3.061356 -2.302966 -6.04476 -7.199318 -6.618757 -4.02281 -3.345154 -3.430626 -3.270783 -4.710742 -4.253188 -3.035262 -1.353088 -.07923998 2.080856 8.171797 10.92588 10.82075 13.50638 18.20916 18.02558 16.98997 12.98011 9.301308 5.094769
-2.070282 -2.032706 -1.937042 -1.911016 -1.897686 -1.843077 -1.931237 -1.997898 -2.13421 -2.019019 -1.907838 -1.824167 -1.780255 -1.629535 -1.799358 -1.982679 -1.98739 -1.901536 -1.860039 -1.712546 -1.4915 -1.60407 -1.605368 -2.037654 -2.730648 -3.528301 -4.318887 -3.874635 -3.478581 -3.166594 -2.480946 -2.178096 -2.427388 -3.454322 -7.379751 -3.895456 -2.781812 -3.387612 -3.927882 -6.141943 -7.028116 -5.428035 -5.45612 -3.814399 -5.234786 -6.519022 -8.287534 -9.005928 -5.378452 -1.629876 .7629174 2.654268 7.366171 9.499964 10.07284 13.35254 17.83805 17.80476 14.52323 8.834255 4.936802 -.7354795
-1.95367 -1.934293 -1.817937 -1.805991 -1.720097 -1.737643 -1.85424 -1.908634 -1.928078 -1.929604 -1.806738 -1.755363 -1.728055 -2.062182 -2.161869 -2.269319 -2.204101 -2.067818 -1.96538 -1.726445 -2.012071 -2.167698 -2.151467 -2.422411 -2.972965 -3.648276 -4.197794 -4.111197 -3.925877 -3.696416 -3.506981 -3.233051 -3.957452 -6.057386 -7.723669 -5.060866 -4.768991 -5.38554 -5.705605 -6.417287 -6.574508 -6.998708 -6.709881 -5.173153 -5.744324 -8.374991 -11.27936 -12.10729 -9.627885 -6.280185 -3.285395 1.589466 6.341468 8.721363 9.435235 12.95658 15.62924 15.71637 11.14412 4.549521 -.8425946 -9.01519
-1.856284 -1.835159 -1.70362 -1.730564 -1.676703 -1.651125 -1.702305 -1.789417 -1.813905 -1.710506 -1.723619 -1.661796 -1.555252 -1.996202 -2.37044 -2.425894 -2.276256 -2.10206 -1.885211 -1.70953 -2.156851 -2.424224 -2.650028 -2.842058 -3.354683 -3.813617 -4.131029 -4.217701 -4.3083 -4.412809 -4.44227 -4.398217 -5.702345 -6.642657 -7.236486 -5.606429 -5.394341 -6.164702 -7.126748 -7.276717 -7.113064 -8.535769 -7.119871 -6.822293 -6.809372 -7.841498 -9.931809 -10.32189 -9.623659 -8.405301 -7.762549 -3.840532 1.84234 6.394796 9.051374 12.8247 15.8271 15.70277 10.17813 3.734955 -4.921409 -13.73652
-1.716495 -1.72123 -1.714893 -1.749143 -1.613962 -1.565929 -1.576347 -1.700158 -1.647453 -1.65133 -1.608819 -1.533853 -1.512309 -2.113652 -2.394846 -2.444706 -2.326426 -1.96065 -1.466534 -1.84934 -2.330495 -2.584024 -2.954118 -3.246939 -3.563277 -3.984308 -4.265237 -4.198837 -4.313863 -4.825674 -4.518192 -4.878902 -6.343406 -7.293974 -7.053636 -5.799626 -6.027665 -7.058789 -8.002789 -7.767036 -8.195048 -8.165357 -8.425309 -7.510706 -8.076902 -8.362935 -7.009817 -4.816763 -4.260654 -5.223732 -5.733101 -3.867034 -1.029715 3.648994 9.209015 13.59949 16.64465 14.89313 9.864902 2.740624 -8.467042 -15.00182
-1.595155 -1.651057 -1.616147 -1.657051 -1.572678 -1.581122 -1.488307 -1.500088 -1.550903 -1.56747 -1.555897 -1.493019 -1.417573 -2.189883 -2.350456 -2.341982 -2.21194 -1.665898 -1.54857 -2.134185 -2.558918 -2.832258 -3.201597 -3.486778 -3.762498 -4.181005 -4.465021 -4.648733 -5.014183 -4.77596 -4.90668 -5.586208 -6.85712 -7.501138 -7.035728 -6.319102 -6.0859 -7.472747 -8.128181 -7.662053 -7.331006 -7.381695 -7.087263 -7.866452 -8.079287 -8.225594 -5.884359 -2.697036 -.3002885 2.090856 3.243378 3.799051 4.421646 6.894366 11.79996 15.48081 17.05088 13.60271 8.346131 .3876534 -8.996132 -11.27742
-1.664544 -1.549412 -1.575048 -1.461503 -1.473527 -1.423432 -1.545263 -1.474259 -1.450396 -1.432245 -1.441539 -1.361253 -1.549685 -2.204735 -2.122151 -2.17517 -1.985597 -1.290215 -1.690903 -2.31289 -2.839716 -3.074054 -3.319643 -3.676811 -3.887586 -4.140166 -4.371725 -4.123344 -4.665331 -5.020507 -5.261077 -5.785605 -6.527822 -7.034499 -7.451153 -7.748452 -7.342593 -8.435737 -8.409203 -8.580526 -8.279148 -7.455117 -5.265297 -5.424349 -6.603719 -6.384037 -5.05253 -3.82892 -1.247983 3.430416 8.311664 12.68781 13.98149 14.13329 15.30858 17.53983 17.68405 13.13891 6.492765 -.8053269 -8.640924 -6.949215
-1.766177 -1.548163 -1.501166 -1.369702 -1.349983 -1.187791 -1.347856 -1.37289 -1.301685 -1.300526 -1.189229 -1.308281 -1.48873 -1.994822 -1.835325 -1.761075 -1.542876 -1.064555 -1.98518 -2.736868 -3.1454 -3.428159 -3.620487 -3.880319 -4.057009 -4.219995 -4.068265 -4.220419 -4.630877 -5.011412 -5.508259 -5.908519 -6.287074 -6.475694 -7.126677 -8.417408 -8.367729 -9.29776 -9.336843 -10.1046 -9.200464 -7.113524 -5.227009 -1.1265 -3.689954 -4.369837 -4.118971 -3.753221 -3.143897 -.8897262 2.169348 7.592168 12.83147 15.76849 17.60901 18.53612 15.80872 9.320331 1.949864 -5.978191 -9.263051 -2.536322
-1.870223 -1.511332 -1.377308 -1.310369 -1.288831 -1.182331 -1.14854 -1.216027 -1.238681 -1.138153 -1.075948 -1.155567 -1.354605 -1.778241 -1.517003 -1.219292 -.9630709 -.9796265 -2.380585 -3.254067 -3.651767 -3.795487 -3.867817 -4.025505 -4.121172 -3.967709 -4.040712 -4.34098 -4.780472 -5.192789 -5.621764 -6.111675 -6.598573 -6.943724 -7.919213 -8.432477 -8.694987 -9.248838 -10.53691 -13.84259 -10.3153 -7.276348 -2.22394 .3737885 1.647435 -1.895481 -3.954797 -4.863117 -5.220637 -3.601183 -2.948056 -.1374569 2.862419 6.938384 11.68483 14.24506 12.03467 5.722256 -2.721787 -10.32505 -9.834929 .303471
-1.868563 -1.560915 -1.37315 -1.176469 -1.122521 -1.176167 -1.223682 -1.211607 -1.089034 -1.040639 -.8634503 -.8681173 -1.03934 -1.501901 -1.115228 -.7026047 -.3445154 -.03160474 -1.850143 -3.38929 -3.983814 -4.009257 -3.993595 -4.011702 -3.852771 -3.760197 -4.128919 -4.48188 -4.956419 -5.411667 -5.900646 -6.451817 -6.983624 -7.429043 -7.945755 -8.425282 -9.871846 -11.40184 -14.84992 -15.77011 -15.16077 -11.02468 -3.871758 .7848668 4.169721 1.21343 -2.406837 -3.713813 -4.60176 -4.429103 -4.06367 -2.526596 -.1787414 2.094647 6.358189 10.43546 10.11382 4.519104 -5.657904 -12.80318 -8.97871 .1909092
-1.785516 -1.39607 -1.234308 -1.05064 -.837979 -.8783441 -1.340031 -1.139703 -1.024415 -.823095 -.8232435 -.7226795 -.7307281 -1.201781 -.8370337 -.5897555 -.3453324 .04387368 -.3052847 -1.698866 -3.609071 -3.732786 -3.746186 -3.720975 -3.404976 -3.719753 -4.154408 -4.620297 -5.118595 -5.629586 -6.412893 -6.883242 -7.081821 -7.324288 -7.394915 -7.599483 -10.14378 -12.33926 -14.38462 -17.83479 -16.94369 -13.44196 -8.667718 -3.28437 1.545316 4.486136 2.220158 2.61401 1.334727 .03719436 -.08462369 .9410702 1.67504 2.629599 5.794448 9.319987 8.948799 3.593812 -7.023881 -11.12696 -6.239469 -1.193552
-1.34844 -1.11965 -.9669357 -.936686 -.7427149 -.4607533 -1.01244 -.9435187 -.8782323 -.8074538 -.7582057 -.5390787 -.597979 -.8364547 -.7966554 -.7334852 -.6604025 -.5626773 -.5726493 -1.014559 -2.873537 -2.999069 -3.27633 -3.31821 -3.159574 -3.690163 -4.244463 -4.695856 -5.081858 -5.688193 -6.496667 -6.477886 -6.931914 -7.305351 -7.578436 -9.110778 -11.46008 -12.79886 -15.4067 -16.99733 -15.50722 -12.59606 -9.69418 -6.153428 -3.153876 -1.322637 1.154721 6.154728 7.983034 8.053496 9.147745 10.64961 11.26023 10.28196 10.08505 12.01933 10.5462 3.268265 -5.045946 -6.986397 -3.352989 -2.154249
-1.091309 -.8279259 -.688467 -.6697742 -.7729319 -.5154514 -.7957401 -.7262278 -.7017028 -.5920459 -.5635545 -.5346378 -.9900945 -1.113348 -.9860306 -1.027602 -.9185788 -.9826393 -1.277178 -2.293112 -2.926344 -2.569106 -2.647309 -2.665726 -3.208467 -3.836341 -4.26916 -4.635777 -5.120247 -5.776358 -6.317345 -6.480897 -6.757968 -7.073911 -7.218925 -9.142249 -11.22018 -13.56733 -17.36823 -16.54126 -14.46382 -10.51461 -8.409183 -6.339513 -5.128614 -5.763861 -5.899007 -.2936906 4.795908 5.751453 8.270056 9.268642 10.64678 11.6903 11.50049 12.02082 9.108005 3.72261 -1.140385 -1.913037 -1.30196 -1.603168
-1.182278 -.9045312 -.5837179 -.453899 -.6056107 -.956177 -1.000844 -.7101666 -.4463973 -.3139473 -.3628304 -.5037677 -1.471218 -1.456777 -1.221395 -.9784459 -.9845526 -1.268565 -1.583756 -2.520628 -2.653358 -2.414264 -2.192149 -2.01238 -3.127124 -4.021659 -4.299209 -4.765852 -5.227872 -5.836812 -6.088666 -6.423043 -6.70063 -6.694566 -7.030538 -7.897002 -9.598044 -13.65391 -16.87778 -15.2038 -13.13906 -10.04626 -8.629689 -6.998842 -5.913348 -8.258276 -9.571252 -8.034777 -6.052654 -2.506104 .9983219 2.194144 3.268365 4.629887 6.72694 8.79241 8.342195 4.724883 1.982667 2.045741 1.132029 -.5211764
-1.251059 -.8156341 -.5458269 -.2969829 -.223285 -.45042 -1.141402 -.8485073 -.3435235 .02485975 .2733044 .4961762 -.9377128 -1.46489 -1.21592 -1.054095 -1.039465 -1.06669 -1.490249 -2.363518 -2.337659 -2.094944 -1.917596 -1.369646 -1.696598 -3.648078 -4.014043 -4.537505 -4.857697 -5.432248 -5.837314 -6.199327 -6.556286 -6.80049 -7.034929 -7.16025 -8.886971 -13.75266 -13.7017 -12.5212 -11.0088 -9.417794 -9.230433 -7.736689 -6.800452 -8.459507 -11.39883 -11.98977 -11.41637 -8.762665 -4.932606 -1.938258 .2875499 1.488584 3.360551 6.00261 6.933681 5.95228 5.365384 5.147445 5.025093 4.26935
-1.206618 -.7699251 -.3706002 .06513255 .3967979 .02902519 -.9978439 -.7514414 -.1632026 .1311477 .4596269 .7815241 .4801082 -.6398959 -.8485864 -.7435024 -.7474169 -.7152241 -1.174238 -2.290687 -2.328355 -2.093885 -1.740167 -1.550869 -2.480609 -3.261114 -3.645276 -4.026727 -4.355988 -5.206318 -5.597107 -6.040408 -6.205212 -6.692317 -6.864862 -7.381507 -10.29124 -11.80188 -10.98834 -9.310669 -8.387226 -7.484728 -7.219735 -5.257838 -4.729847 -5.852973 -9.946791 -12.4728 -11.25561 -8.384256 -5.413763 -3.040354 -.6642658 1.054893 3.503692 6.994877 8.859745 8.15428 6.188194 5.102616 5.283832 5.611639
-1.220579 -.7979614 -.3478279 .2795494 1.029294 .8365853 -.5460489 -.5486441 .1193118 .3179173 .4369051 .6455014 .1518188 -.3611837 -.4690994 -.4645679 -.4740367 -.4096447 -.7264026 -2.004623 -2.084995 -1.668812 -1.390689 -2.322765 -3.321293 -3.318815 -3.377591 -3.624899 -3.736187 -4.594724 -5.331824 -5.451544 -5.612375 -6.189059 -6.068591 -6.768344 -8.222625 -9.088666 -8.230547 -5.034056 -4.590016 -3.560911 -1.679286 .03882208 .3352288 -.4957306 -2.998234 -5.203962 -3.088015 -.9769873 .425715 2.282861 5.005591 8.292146 10.77721 13.6196 12.51416 9.775877 6.890751 4.001975 3.661762 4.764582
-1.427592 -1.128925 -.7564992 -.07657635 -.5604532 -.3048095 -.2452699 -.09347627 .1207392 .1820824 .1412464 -.2888721 -.6697108 -.7075928 -.5459044 -.552248 -.3394466 -.3857635 -.603853 -1.358866 -1.484996 -.9894704 -.4845099 -.7451083 -2.920294 -3.012708 -2.786068 -2.66526 -3.145451 -4.182968 -4.702356 -4.588446 -4.986643 -5.539533 -5.075699 -5.753109 -6.642219 -7.307197 -6.358272 -3.565795 -2.050541 .3751771 2.583493 4.352269 6.761576 8.992743 7.959598 8.302902 10.28875 12.19932 13.1347 13.8976 13.52099 13.50948 15.08754 17.01698 15.08481 11.69719 6.288348 2.879814 1.689479 2.365194
-1.386045 -1.152632 -.9570357 -.4921679 -1.15193 -1.729676 -1.486404 -.1685597 .2479782 .1842435 .1450198 -.5082394 -.9640715 -.9958654 -.7880784 -.5744032 -.3318941 -.4099204 -.5795623 -1.030142 -.7862728 -.4889978 .08392339 .341778 -.7705813 -1.926998 -1.790381 -1.475652 -1.586938 -3.51655 -3.716197 -2.490014 -4.255789 -5.085439 -4.191172 -4.79374 -5.646012 -6.288236 -5.427374 -4.034677 -1.715661 2.195594 4.842594 6.095515 8.321192 7.781246 5.947428 4.001099 5.617275 7.912152 8.257084 9.184761 10.20188 11.89351 12.83492 15.43104 15.22231 12.60887 7.483816 1.94119 -1.54854 -3.337008
-1.275168 -.9503611 -.8925405 -1.149387 -1.295004 -1.435731 -.9272477 .1776175 .8033901 .8695518 .6838805 -.2115911 -1.014422 -1.185426 -.806468 -.4357975 -.3691444 -.5323817 -.8635148 -1.137653 -.6658174 -.1810362 .0864269 .2281986 -.6134499 -1.234158 -.9933677 -.627378 -.4746706 -1.041251 -1.781582 -.2130144 -.6342714 -3.039999 -1.941417 -3.454907 -4.432565 -4.955833 -5.595761 -4.922216 -3.293109 -1.358026 -.5163593 -.9373374 -1.438704 -1.405978 -2.555087 -3.049051 -3.369754 -2.083691 -.9831238 2.346173 6.09262 9.051885 10.56629 11.37009 11.83362 11.27414 10.09137 7.111933 1.440246 -3.131251
-1.179702 -.8026783 -.6026336 -1.126774 -1.102655 -.8515986 -.4410664 .414755 1.323849 1.908192 1.356002 .306208 -1.047453 -1.538322 -1.011223 -.4533094 -.3308875 -.4559253 -.7301662 -1.152896 -.4504412 .2027787 .2375045 -.5509053 -1.635277 -1.533295 -.7732131 -.1617626 -.1337687 -.2534295 -.1995315 .5795011 .9462218 -.5377688 .4836296 -.4344192 -2.349232 -3.209716 -4.401169 -4.303006 -4.365014 -4.164211 -3.900655 -3.609968 -2.557582 -1.85272 -2.559164 -2.63071 -1.3625 .4852012 1.249789 3.820611 6.311702 8.26424 9.695653 9.157473 7.287864 5.100564 3.916206 6.883653 8.499819 6.448229
-1.084633 -.7745141 -.4525512 -.9362787 -.771155 -.4775336 -.06748281 .4883611 1.437506 .9069628 .9317298 .8237056 -.4418099 -1.639797 -.946958 -.3972229 -.1105109 .07630991 -.114278 -1.210456 -.3465716 .3493815 .8620403 1.22635 -.5180088 -1.681357 -.2204633 .1025868 .09912713 -.2655399 .8050019 1.506045 1.45701 .0217496 1.119259 1.009555 -.06779866 -.9705741 -2.012511 -1.921469 -2.220124 -2.558939 -2.523957 -2.349527 -1.806315 .2486911 1.294647 2.636629 3.866932 5.162248 7.277183 8.161107 9.036098 9.024682 9.749423 8.228332 5.33101 1.297732 -4.083953 -3.425165 3.177998 8.483526
-1.004356 -.6150302 -.3677527 -.613291 -.4338134 -.2648447 .1425871 .8120108 1.156808 .6142063 .09023894 .3098377 .174858 -.7097341 -.4477958 .03337633 .1383211 .433107 .7083508 -.6489145 -.08302746 .5070001 1.013348 1.073637 .8243394 -.3206079 .4929138 .7631946 .6928083 1.037125 1.866505 1.956538 .3340911 .294489 1.519155 1.783966 .963688 .7291616 .5165817 1.08102 1.623628 2.096353 3.398176 3.990587 4.74972 4.943148 3.395985 2.610264 3.317487 4.605518 7.115463 9.778518 10.00069 10.50314 12.04136 10.9686 8.508837 4.064682 -4.053246 -7.850237 -5.776169 -1.879841
-1.116982 -.8379907 -.7108957 -.9527858 -.3971365 -.1475874 .3888846 1.04911 .5223999 .03175786 -.6589294 -1.211924 -.9932051 -.9433109 -.02900336 .2161354 .07115508 .2120192 -.2122445 -.86401 .04322029 .4143742 .5579187 .1360217 -.447716 .0802556 1.07583 1.322726 1.158965 2.080978 2.843368 3.331246 2.848997 1.840798 3.41444 3.330185 1.753295 2.145375 2.679065 2.863725 3.717158 3.458481 4.316246 3.377536 2.855261 3.316067 2.664885 2.511133 2.858621 4.589769 7.298773 10.15014 11.41827 10.37464 11.29736 13.03001 13.04598 9.304911 1.387107 -4.815444 -8.292962 -8.321115
-1.138045 -.8786166 -.7743596 -.693042 -.2205201 .1994552 .7004767 .4832627 .1054382 -.4798094 -1.192364 -1.905777 -1.932351 -1.187588 -.4455574 -.02976297 -.1842326 -1.019105 -1.515277 -.6912102 .01591739 .383121 .1737366 -.6646025 -.5101158 .3227957 1.180783 1.074274 1.173714 2.417176 3.855624 4.804944 4.994217 4.829209 6.892757 7.08365 4.493661 4.710471 5.247536 4.765188 5.65012 3.846253 3.091 1.393818 .5051237 1.401537 2.240227 2.959245 4.117387 6.169448 9.802567 13.29459 13.12437 9.919892 8.505746 11.38898 14.14366 14.57512 7.813574 1.387264 -3.679336 -6.750968
-.9115888 -.4943705 -.450749 -.369449 -.04336301 .4006967 .8975089 .4791398 -.07543764 -.5607871 -1.154712 -1.524406 -1.632422 -1.14449 -.5154977 -.03896309 .07093338 -.5904071 -.7467297 -.3149842 -.0146322 .3002987 -.6168494 -1.111259 -.6542714 .07503325 .111476 -.2614083 .5357389 1.992322 3.537646 3.216717 3.065649 5.970198 8.746577 9.967452 9.714023 8.560086 6.731024 7.298138 8.551432 6.554319 6.34533 3.79293 2.591092 3.31642 3.702018 4.257014 5.87849 7.688231 12.02742 15.20422 14.08687 8.272532 6.507326 7.020586 9.843047 14.2811 11.83906 6.484845 2.011531 -.7732399
-.5278025 -.2113762 -.2645367 .001955717 .2246708 .5463316 .7783977 .399266 -.1840981 -.5639969 -1.010893 -1.289492 -1.317744 -1.062391 -.6479581 -.03691883 .06537374 -.7726863 -.4220717 -.04737934 -.2229675 -1.285002 -1.727915 -1.315088 -.8616867 -.1792407 -.6437942 -.6352473 .04349547 1.474133 2.589913 2.744181 2.168197 3.728873 5.902253 7.148003 8.541211 9.580819 6.213037 7.557945 9.803697 9.709202 9.130142 8.209609 7.572543 7.717526 7.702705 6.90275 7.895661 9.164201 11.85645 13.30715 13.4308 7.265716 5.648056 6.268228 7.038677 9.313512 8.627151 4.004592 3.954326 1.321959
