py_wake/examples/data/AJ_ParqueFicticio/Rough survey   Sector 2   Height 30m   Weibull-A.grd
DSAA
73  159
 258469   265669
 6501692   6517492
 .05429767   8.191233
[rows 112 to 139 of 159, columns 0 to 62 of 73]
4.793515 4.69229 4.651232 4.74617 4.837667 4.910303 5.008662 5.193012 5.505393 5.723071 5.806853 5.918998 5.83871 5.81402 5.591613 4.966065 4.528123 4.697901 4.804971 4.664389 4.496122 4.811317 4.818462 4.946724 5.549053 5.723952 5.848163 5.427938 4.680293 3.9326 3.400557 3.243657 3.209871 3.40626 3.479956 3.542514 3.833819 4.434376 4.994954 5.374548 5.856946 6.123041 6.121197 5.985518 5.663171 5.349747 5.148149 5.141813 5.17389 5.340513 5.156695 4.577888 3.950325 3.436321 3.161716 3.12101 3.155458 3.186923 3.185101 2.936487 2.427726 2.598577 2.872408
4.827577 4.838758 4.91707 5.061834 5.195207 5.314797 5.525409 5.822161 6.041684 6.082872 6.129302 6.282642 6.183326 5.966801 5.432161 4.868998 4.727386 5.034445 5.030503 4.739694 4.636811 4.67932 4.889354 5.351978 5.761201 5.760187 5.445886 4.754466 4.158666 3.699562 3.215119 3.366913 3.741894 3.848797 3.906845 4.083458 4.395271 4.924037 5.502593 5.809168 6.245226 6.42997 6.254655 5.902297 5.444107 5.1525 5.036846 4.981921 4.934252 4.682016 4.2926 3.8663 3.415245 3.16656 3.023641 3.162831 3.190484 3.246794 3.126451 2.883853 2.646821 2.849465 3.108688
5.013381 5.230941 5.341058 5.420106 5.531218 5.741809 6.104682 6.339106 6.359786 6.300967 6.481014 6.559531 6.244545 5.720542 5.046308 4.713689 5.081309 5.349242 5.083317 4.719782 4.466199 4.765701 5.01392 5.441058 5.611457 5.454842 5.063966 4.530842 3.868184 3.443157 3.373566 3.658374 3.969117 4.105106 4.273778 4.561584 5.100755 5.818705 6.501004 6.829524 7.01943 6.881593 6.489694 5.847224 5.445642 5.255265 5.091288 4.929249 4.738896 4.403218 3.870871 3.529563 3.170692 3.113805 3.149797 3.195275 3.232361 3.223542 3.141623 2.994742 2.823026 2.98659 3.213778
5.299901 5.531097 5.6328 5.705595 5.836506 6.131044 6.430675 6.500887 6.48832 6.61257 6.854022 6.667044 6.228718 5.508092 5.049707 5.21122 5.709201 5.781717 5.566956 5.415709 5.358246 5.23384 5.019068 5.044215 5.087117 4.84546 4.509531 4.009798 3.371334 3.316132 3.592482 3.875005 3.959403 3.997169 4.220812 4.923558 5.828801 6.778781 7.629478 7.946843 7.785182 7.473574 6.775642 6.126476 5.69137 5.414757 5.097761 4.863775 4.610407 4.270424 3.905044 3.468807 3.17185 3.188701 3.263631 3.264893 3.266726 3.241538 3.184143 3.07568 3.035376 3.074003 3.14484
5.206267 5.441882 5.513504 5.644882 5.897879 6.174275 6.344303 6.449644 6.718128 6.848507 7.029435 6.845025 6.415164 5.899216 5.766381 6.238938 6.637537 6.619856 6.602035 6.559411 6.407763 6.015606 5.42588 4.952199 4.530577 4.360261 4.169471 3.630545 3.291734 3.492788 3.801195 3.83966 3.685625 3.851718 4.477784 5.412549 6.450938 7.247952 8.148516 8.191233 8.091619 7.563454 6.861611 6.278224 5.772395 5.424765 5.078536 4.750041 4.408833 4.050926 3.745486 3.513479 3.362889 3.277419 3.218094 3.250119 3.228114 3.236054 3.235235 3.132632 3.073732 3.112066 3.119534
4.856745 5.003248 5.068927 5.2085 5.516871 5.825823 6.097368 6.456356 6.841663 7.105256 7.172279 7.034376 6.723378 6.392381 6.375844 6.705085 7.016938 7.065175 7.085283 6.902752 6.565335 6.007772 5.450996 5.05175 4.654943 4.238559 3.926085 3.421774 3.476719 3.926969 4.047405 3.808159 3.855294 4.606596 5.304628 5.993622 6.561623 7.212865 7.515841 7.855939 7.329298 6.63238 6.045107 5.692327 5.399207 5.095108 4.815844 4.431664 4.045013 3.724863 3.518187 3.429168 3.380278 3.24738 3.228681 3.174785 3.152308 3.171687 3.116184 3.081864 3.164518 3.030293 3.099628
4.025201 4.098741 4.269923 4.644819 5.163216 5.609419 6.002581 6.403627 6.710794 6.886367 6.786406 6.960919 6.72223 6.439538 6.459498 6.616015 6.775942 6.740592 6.542309 6.279673 5.920586 5.510272 5.057369 4.658668 4.564848 4.293417 3.760121 3.611768 3.908567 4.260817 4.204349 3.958268 4.373958 5.122702 5.283409 5.55308 5.98368 6.369596 6.348362 6.192351 5.924149 5.379023 4.86963 4.637506 4.455496 4.385123 4.176361 3.805175 3.603622 3.412855 3.35279 3.401665 3.41043 3.303586 3.297987 3.203416 3.225867 3.190233 3.116289 2.997966 2.717965 2.733269 2.703977
3.321501 3.545073 3.943199 4.515633 5.082563 5.57619 6.034077 6.421606 6.59817 6.593887 6.308997 6.00991 5.969748 5.853331 5.854636 5.931141 5.946814 5.61609 5.205911 4.911688 4.725442 4.448392 4.235979 4.40111 4.41584 4.310944 4.184841 4.131539 4.35742 4.518015 4.083196 3.879084 4.54954 4.77423 4.602948 4.916431 5.504867 5.785526 5.471944 5.000174 4.600164 4.3405 3.98752 3.83564 3.713257 3.558414 3.401043 3.234056 3.174168 3.131623 3.239819 3.391079 3.397107 3.37913 3.36221 3.338629 3.37825 3.357818 3.187923 2.743379 2.164872 2.027017 2.012832
3.349346 3.742191 4.218652 4.729992 5.220938 5.695697 6.165952 6.620763 6.736918 6.475469 5.77929 5.298703 5.026622 5.001978 5.255848 5.392366 5.36682 4.981051 4.599723 4.255449 3.997271 3.974308 3.946072 4.158733 4.50345 4.300408 4.178308 4.278717 4.330119 4.188642 3.690331 4.006644 4.452626 4.143504 4.134743 4.747076 5.300798 5.569417 5.413088 4.801524 4.286474 3.906954 3.690542 3.587473 3.373867 3.115535 2.908352 2.852934 2.882967 2.974324 3.087061 3.214558 3.301774 3.357865 3.364146 3.430749 3.373136 3.363323 2.727242 1.964559 1.718492 1.931054 1.853641
4.241604 4.387827 4.695849 5.079888 5.482477 5.974331 6.359771 6.705564 6.626937 6.105105 5.518546 5.100968 4.675447 4.477261 4.633887 4.876447 4.848324 4.622659 4.377922 4.165392 3.984089 3.923824 3.856684 4.059247 4.085224 3.989301 3.929933 4.003796 4.082982 3.831507 3.640547 3.956877 3.943623 3.666409 4.102673 4.879096 5.396531 5.658316 5.422287 4.715203 4.271563 3.880617 3.612624 3.351905 3.170401 3.069203 2.963596 2.944013 2.985523 3.070328 3.189091 3.157035 3.209124 3.264296 3.334017 3.229377 3.229473 2.635797 1.592108 1.381492 1.596097 1.694895 2.07459
4.642604 4.737282 4.98489 5.333254 5.744339 6.27122 6.576304 6.835791 6.343188 5.803839 5.464476 4.965666 4.808888 4.772044 4.395549 4.109149 3.939617 3.993437 3.883632 3.791048 3.663221 3.461289 3.631367 3.500978 3.522134 3.372933 3.815908 3.864992 3.97196 3.715744 3.780551 3.769952 3.552191 3.855197 4.73455 5.477016 5.713362 5.663511 5.195082 4.458415 4.039061 3.640214 3.344842 3.053557 2.928087 3.036228 3.149043 3.168262 3.176669 3.239129 3.227449 3.217488 3.121379 3.095808 2.994398 2.875751 2.577921 1.776186 1.17612 1.475827 2.140481 2.577422 2.979389
4.878156 5.153481 5.509177 5.794684 6.137579 6.475597 6.665064 6.399299 6.014072 5.732858 5.394306 5.258636 5.05822 5.013371 4.72845 4.332056 3.912781 3.484906 3.202903 3.060904 3.005376 3.080863 3.362977 3.521145 3.444069 3.367128 3.275993 3.56109 3.829025 3.852685 3.830703 3.670541 3.919583 4.778397 5.451333 5.715848 5.627388 5.233984 4.600697 3.927821 3.636039 3.308196 3.144759 2.95243 2.812263 2.913543 3.024375 3.221291 3.3228 3.312228 3.28166 3.235337 3.170273 2.976766 2.627542 2.165624 1.811233 1.367072 1.450593 2.25213 2.920886 3.139971 3.441662
5.347766 5.866917 6.157473 6.344123 6.537237 6.636841 6.336727 5.773433 5.326653 5.327178 5.279027 5.210255 5.135608 5.188423 5.147644 4.936786 4.477494 4.050663 3.68732 3.566195 3.477643 3.667667 3.889575 3.971674 3.721077 3.323171 3.2318 3.337627 3.561118 3.890726 3.839623 3.943426 4.672163 5.3928 5.558371 5.589126 5.288712 4.708696 4.075409 3.436741 3.062819 3.092226 3.146228 3.15722 3.083426 2.960188 2.938136 3.082371 3.237569 3.33663 3.345138 3.29502 3.161516 2.752703 2.219686 1.720446 1.402979 1.799413 2.231178 2.779248 3.157647 3.454924 3.661683
5.572293 6.07613 6.468389 6.613025 6.651396 6.282547 5.626847 4.910675 4.622378 4.724447 4.941638 4.87853 4.87957 5.199026 5.218447 5.334947 5.160903 5.014365 4.823095 4.933401 4.964088 5.001014 4.793847 4.279754 3.716609 3.425419 3.462571 3.827414 3.998394 4.279173 4.287922 4.410569 4.904132 5.161291 5.279359 5.241649 4.810318 4.245354 3.729423 3.270327 3.064378 2.949726 3.078279 3.178498 3.226661 3.186958 3.076624 3.072238 3.087407 3.165357 3.251653 3.079864 2.617745 1.882625 1.537655 1.62692 1.68515 2.076039 2.67551 3.168977 3.309394 3.572678 3.930972
5.805319 6.177371 6.523357 6.645549 6.512115 6.069608 5.411785 4.93516 4.677552 4.512894 4.508509 4.537752 4.728187 4.707687 4.524516 4.578311 4.780349 4.883266 5.215994 5.492805 5.486176 5.317915 4.890017 4.204169 3.907938 4.012563 4.532329 4.842392 5.025809 4.824116 4.478448 4.489788 4.610826 4.765694 4.983784 4.945709 4.500329 4.010417 3.554144 3.171974 3.067136 2.931657 2.835092 2.866555 2.942123 3.036435 3.025505 2.892096 2.902493 2.725524 2.645119 2.236117 1.473323 1.379156 1.475434 1.544062 1.672555 2.299678 3.376009 3.466532 3.468372 3.803355 3.905009
6.028303 6.383549 6.604737 6.631545 6.339962 5.938067 5.526217 5.244349 4.866582 4.520312 4.197546 4.327973 4.404699 4.177903 4.005155 4.236199 4.260006 4.649465 4.992804 5.176831 5.018261 4.766018 4.298993 3.924396 3.941648 4.25665 4.643996 4.982791 4.970878 4.692733 4.432162 4.162165 4.660327 4.860759 4.899005 4.66559 4.254207 3.791863 3.292903 2.859813 2.674481 2.738324 2.825892 2.737574 2.715902 2.761461 2.850641 2.793745 2.658666 2.639575 2.237873 1.434966 1.37616 1.378078 1.237144 1.472475 2.385959 3.359494 3.591561 3.543346 3.600233 3.757622 3.645909
5.641382 6.23758 6.512079 6.563887 6.244108 5.706469 5.414412 5.131719 4.792848 4.535288 4.377582 4.091087 4.075416 3.933369 3.927371 4.17872 4.168976 4.298642 4.472876 4.294765 4.083057 3.981596 3.734163 3.47393 3.710531 3.919385 4.080909 4.08919 4.064156 4.078025 3.75314 4.394149 4.797902 4.799375 4.638604 4.246465 3.761285 3.183871 2.700979 2.396695 2.394806 2.461488 2.499264 2.647459 2.734212 2.742739 2.773367 2.902434 2.981732 2.82314 2.368974 1.186814 1.017387 1.694616 2.469058 3.072317 3.600052 3.717279 3.520098 3.319714 3.457082 3.420364 3.24196
5.249541 5.954651 6.349774 6.377143 5.941326 5.097459 4.736379 4.510323 4.229509 4.151346 4.071377 3.934065 3.872856 3.948473 4.075069 4.115917 4.014641 3.945153 3.892881 3.789746 3.479753 3.490214 3.32144 3.189133 3.427194 3.51366 3.577738 3.407405 3.261981 3.22608 3.593508 3.99512 4.139596 4.09045 3.920775 3.610351 3.063193 2.496106 2.219778 2.09834 2.298184 2.352998 2.388793 2.426547 2.625039 2.756551 2.850248 2.967551 3.018433 2.969981 2.0976 1.130328 .8969879 2.528774 3.340282 3.81328 3.798863 3.545357 3.17815 3.051359 3.20416 3.229047 3.334193
5.727008 6.157966 6.166881 5.709744 5.180302 4.539141 4.484939 4.175669 3.924922 3.845048 3.78412 3.782253 3.872574 4.003922 4.101201 4.006291 3.863405 3.899232 3.629212 3.409693 3.268721 3.278769 3.06905 3.169655 3.370878 3.410632 3.377601 3.364686 3.404398 3.317063 3.196898 3.314176 3.16542 3.135429 3.203873 3.044831 2.565103 2.405892 2.413344 2.403437 2.49718 2.471932 2.423465 2.500439 2.578217 2.698741 2.919969 3.06876 3.019466 2.732649 1.48744 1.240842 1.325406 3.184774 3.65977 3.6659 3.614338 3.456884 3.273398 3.319439 3.489731 3.499611 3.470472
6.513455 6.45603 5.956164 5.367501 4.72611 4.588389 4.566785 4.291067 4.369625 4.474885 4.389913 4.372916 4.389316 4.176186 3.980597 3.934017 3.986479 3.857502 3.733215 3.430549 3.284367 3.189844 2.973702 3.135121 3.241465 3.342395 3.563455 3.815377 4.09725 4.046778 3.799245 3.471236 3.185614 2.752224 2.71798 2.850576 2.731721 2.694633 2.747814 2.760827 2.721793 2.742942 2.795522 2.823191 2.906569 3.086117 3.031239 3.049427 3.006253 2.348869 1.253348 1.505526 2.548641 3.583111 3.696343 3.60094 3.627456 3.681055 3.606968 3.599093 3.610529 3.495519 3.501265
6.481075 6.085824 5.674324 5.282602 4.64331 4.541571 4.398167 4.398561 4.578795 4.673053 4.803662 4.715229 4.505214 4.432516 4.163852 4.045406 4.016727 4.00699 3.622637 3.467108 3.283505 3.124295 2.992471 3.018544 3.221004 3.495919 3.938402 4.380024 4.496401 4.426709 4.142219 4.007493 3.975927 3.525099 3.195471 2.93671 3.042399 3.063239 3.021287 2.954312 2.965398 3.093735 3.188503 3.235752 3.407032 3.382334 3.234166 3.077857 2.700956 1.742175 2.023929 2.16957 3.24018 3.660856 3.682561 3.602733 3.659475 3.645365 3.652813 3.534107 3.533779 3.500542 3.530382
6.24887 5.605032 5.150984 4.791995 4.209622 4.272812 4.315695 4.370536 4.484167 4.535008 4.47333 4.331872 4.19399 4.075792 4.040682 4.00824 3.961939 3.729882 3.467968 3.275485 3.331298 3.163863 3.059511 3.125249 3.216302 3.646661 4.083837 4.41124 4.269854 4.245706 4.165277 4.276958 4.304254 3.960331 3.706985 3.530743 3.189963 2.982063 2.854124 2.818178 2.928266 2.941196 3.192299 3.418505 3.529362 3.46315 3.307928 3.025143 2.467777 2.031738 2.41419 2.753233 3.170827 3.423589 3.57159 3.641455 3.663191 3.611089 3.702988 3.728367 3.621151 3.590281 3.614394
5.922469 5.272431 4.785445 4.357186 4.083895 4.366982 4.639058 4.748372 4.7082 4.710634 4.432694 4.210655 3.929113 3.701144 3.584941 3.625368 3.531929 3.365348 3.192151 3.183821 3.105971 3.119334 2.946239 2.990385 3.09066 3.581898 3.87199 4.135287 3.883427 3.703909 3.771031 3.907393 3.92489 3.910918 3.682039 3.47092 3.195023 2.946795 2.822774 2.682005 2.659765 2.774364 3.00635 3.165065 3.226092 3.182684 3.035288 2.753867 2.256979 2.163217 2.55715 2.809206 3.020981 3.237217 3.494863 3.602895 3.668166 3.705647 3.801772 3.738544 3.719762 3.748291 3.810327
5.942905 5.301932 4.930037 4.443544 4.426284 4.70386 4.882601 4.867872 4.890602 4.753691 4.534224 4.206794 3.910285 3.689908 3.587642 3.324537 3.224664 3.222399 3.153376 3.112841 2.987261 2.95744 3.004475 3.051 3.080871 3.607882 3.84618 3.967215 3.851324 3.530796 3.408305 3.396398 3.336839 3.399348 3.266578 3.106861 3.064581 2.820981 2.658138 2.648314 2.696708 2.820832 2.923512 2.967515 2.840559 2.627054 2.232085 1.998236 2.043468 2.170873 2.604694 2.856553 3.032535 3.276804 3.45933 3.532091 3.635565 3.739412 3.786874 3.772812 3.71691 3.77721 3.832083
6.044629 5.433414 5.040691 4.71579 4.634197 4.728354 4.506877 4.275137 4.395772 4.470905 4.277739 4.095572 3.965529 3.914395 3.720653 3.625242 3.335072 3.02389 3.141782 3.010486 2.898143 3.012197 3.136321 3.205477 3.422205 3.888183 3.974929 3.905149 3.636161 3.393557 3.323872 3.240471 3.064959 2.950683 2.798909 2.782706 2.764004 2.726309 2.759396 2.823682 2.806935 2.896448 2.929066 2.695038 2.423644 2.10949 1.845554 1.832952 2.039392 2.526547 2.816719 2.98362 3.04912 3.20248 3.3909 3.508183 3.566033 3.669798 3.735312 3.740702 3.738084 3.713587 3.743678
5.779211 5.180555 4.887589 4.564725 4.507138 4.300979 3.94133 3.912804 3.95836 3.868273 3.771183 3.656252 3.813861 3.816687 3.724301 3.425881 3.255888 3.102619 2.957124 2.818942 2.984491 3.118682 3.201786 3.326973 3.716516 4.047214 4.075208 3.804812 3.435193 3.138961 3.04474 2.995311 2.912821 2.696651 2.64762 2.563609 2.647819 2.74273 2.838845 2.976542 2.975205 3.007076 3.010095 2.659258 2.438208 2.286298 2.392538 2.597202 2.977662 3.033145 2.937697 2.908829 2.981238 3.102422 3.13651 3.186638 3.356786 3.474829 3.50157 3.5568 3.653181 3.676777 3.661603
5.119192 4.702836 4.460225 4.228242 4.02114 3.705931 3.693094 3.913425 3.832222 3.519682 3.263615 3.374954 3.467952 3.364972 3.313274 3.384753 3.187291 3.036363 2.937886 2.966309 3.023232 3.057415 3.132786 3.455731 3.854931 3.959654 3.982463 3.582853 3.234837 2.965325 2.828007 2.83605 2.808621 2.784755 2.60409 2.624403 2.628208 2.743303 2.870723 2.949232 3.031865 3.108354 2.906669 2.720532 2.633187 2.593939 2.853067 3.022095 3.110359 3.029468 2.830303 2.733597 2.803611 2.971589 3.072852 3.017897 2.862802 2.942476 3.131033 3.281435 3.428325 3.530014 3.609367
4.611139 4.352183 4.172448 3.806178 3.468096 3.534902 3.856842 4.093332 3.935476 3.537608 3.366312 3.208628 3.180487 3.103617 2.996289 3.212868 3.198368 3.048036 3.014453 3.16811 3.162923 3.17476 3.350507 3.732098 3.796741 3.732855 3.594195 3.329252 3.023719 2.92819 2.900173 2.765865 2.851783 2.785022 2.679205 2.685773 2.648124 2.763623 2.880822 2.895859 2.909788 2.909108 2.748452 2.425427 2.351645 2.416833 2.574649 2.65373 2.63658 2.715558 2.870265 3.13175 3.278762 3.42009 3.21393 2.989215 2.808268 2.747831 2.80305 3.058825 3.232261 3.376171 3.530203
