py_wake/examples/data/AJ_ParqueFicticio/Rough survey   Sector 12   Height 200m   Orographic speed.grd
DSAA
73  159
 258469   265669
 6501692   6517492
 .732862   1.315491
[rows 84 to 111 of 159, columns 0 to 62 of 73]
.9795519 .9763 .9740728 .9716023 .9692306 .9660076 .9639117 .9610056 .9582081 .9549186 .950948 .9450241 .9384098 .9340179 .9300498 .9246879 .9191658 .9150839 .9144414 .9165177 .9199612 .9225883 .9257479 .9293621 .9329575 .932575 .9285308 .9254844 .9252963 .9288104 .9328818 .9373467 .9391637 .9366003 .93492 .9347411 .9344741 .9369512 .9374478 .9337808 .930961 .9247315 .9171398 .9096506 .9088147 .9095975 .9086091 .9098439 .9164078 .9291272 .9464383 .9602288 .9691827 .9728733 .9736066 .9725747 .9684765 .9642636 .9608292 .9568561 .9553701 .955803 .9586039
.9784318 .9762602 .9736947 .971577 .9691002 .9666517 .9642774 .9616268 .958387 .9554186 .9499563 .9443201 .9382988 .9319851 .9277337 .9225395 .9173841 .9119027 .9070929 .9050207 .9067729 .9082391 .9121619 .9179369 .9257215 .9296411 .9275082 .9231641 .9177231 .9165065 .9160764 .9214037 .9281787 .9296798 .9297857 .9304547 .9328997 .9397448 .9425776 .9422591 .9387916 .9313912 .9237985 .9158545 .9107201 .9106984 .9069254 .9019608 .8999189 .9068549 .9246811 .944918 .9612381 .9713806 .9761314 .9785914 .9773047 .9731392 .9676585 .962805 .9594684 .9569827 .9588829
.9752727 .9742926 .9733355 .9716864 .9689984 .9663914 .963852 .9615764 .9594858 .95553 .9505566 .9456153 .9395412 .9328696 .9264284 .921312 .9172533 .911821 .9044544 .899506 .895615 .8947036 .895358 .8984076 .9063995 .9159618 .9193665 .916858 .907451 .9012494 .899763 .9034308 .912755 .920401 .9255364 .9289054 .9314834 .9379871 .9423169 .9458096 .9448872 .9389059 .9322167 .9263008 .9221147 .9205734 .9162676 .9088823 .90204 .8993553 .9068187 .9256518 .9478363 .9622067 .9742846 .9804232 .9819474 .9793556 .9756254 .9702777 .9663427 .9629412 .9626703
.974718 .9737967 .9732516 .9711357 .9683053 .9654745 .9634725 .9612372 .959417 .9558288 .9517297 .9471003 .9420125 .9337692 .9251032 .919726 .9158641 .9103118 .90548 .8989214 .8926506 .8877625 .8833404 .8820074 .8868149 .8987466 .9073698 .9097529 .9017707 .892225 .8905556 .89303 .9033432 .9150799 .92561 .9305788 .9339585 .9379911 .9430298 .9474674 .9469401 .9437645 .9391956 .9350857 .9311514 .9275799 .9240535 .9190556 .90894 .9000084 .8971931 .9087242 .9274209 .9489605 .9638543 .9742805 .9773571 .977998 .976468 .9741948 .9718202 .9707183 .9702618
.9775893 .9752702 .974125 .9713174 .9683647 .9654078 .9624959 .960324 .9579591 .9564828 .953258 .9488727 .9436013 .9366246 .9274275 .9191895 .9133584 .9083336 .9042004 .8986158 .8939172 .8895451 .8840883 .8780636 .8777584 .8878791 .9012786 .9090071 .9049269 .8962505 .8901632 .8930805 .8998304 .910525 .9209146 .9286983 .9387276 .9452429 .9486517 .9509672 .9506471 .9491848 .9435382 .9364197 .9310384 .9260603 .9207674 .918031 .9099898 .8994412 .8908117 .8902858 .901026 .9203537 .9428229 .9572185 .9629505 .965446 .9684088 .9697117 .9716725 .9729934 .9789896
.9817873 .9788859 .9753399 .9727532 .9703637 .9675282 .9630509 .9583462 .955518 .9537218 .9528388 .9505464 .9462027 .9394904 .9317422 .9213221 .9121571 .9063107 .9022033 .8988681 .897685 .8962853 .893311 .8895652 .8852853 .8892161 .9015023 .9138383 .9156153 .9076708 .899556 .8971514 .9009338 .9076438 .9152715 .9250728 .9381953 .9487337 .9555487 .9582987 .9585236 .9555274 .9480045 .9391023 .9304305 .9263502 .9192926 .9150912 .9080799 .8999858 .8896618 .8808885 .8747191 .8871922 .9088843 .9289105 .9386308 .9451158 .9504421 .9562209 .9623418 .969373 .9812829
.9875095 .9829143 .978649 .9750732 .9732891 .9696558 .9659531 .9609578 .9560275 .9521265 .9508841 .9504992 .9471289 .9431525 .936501 .9269144 .915152 .9064913 .8994773 .8979915 .9002551 .9043639 .9063567 .9057219 .9035569 .9013909 .9100025 .9222969 .9267012 .9198228 .9106771 .9054328 .9078335 .9117221 .9162441 .925032 .9348289 .9500641 .9618703 .9678143 .9673993 .962532 .9561493 .9481804 .945879 .9410979 .9383492 .9318154 .9249361 .9180376 .9099156 .8985955 .8854057 .8771624 .8835371 .9010954 .9141613 .9205749 .9261071 .9356602 .9468079 .9613738 .9791178
.9917693 .9873894 .9834335 .979843 .9772145 .9742022 .970696 .9656836 .9595926 .9546217 .9511374 .9502479 .9484736 .9465123 .9426531 .9347538 .9239503 .9132604 .9032392 .8961496 .9001862 .9100532 .9181064 .9226477 .9207349 .919313 .923412 .933168 .9374542 .9309828 .9237696 .9187729 .9187972 .9211727 .9263899 .9313844 .9351892 .9484981 .9655502 .9763372 .9784742 .97426 .967332 .965861 .9667422 .9647767 .9606292 .9560089 .949174 .94519 .9439364 .9345807 .9216451 .9062943 .8938777 .8922259 .9014241 .9080852 .9118305 .9204779 .9319897 .9521793 .975027
.9980869 .992973 .9889631 .985082 .9817694 .9792051 .9758438 .9713562 .9661733 .9599447 .9535915 .9504703 .949387 .9491392 .9480717 .9443138 .9367918 .9270635 .9146512 .9011361 .8991485 .9116156 .9256683 .9334192 .9351875 .9327502 .9371344 .9450393 .9468623 .9412287 .9349223 .9312307 .9303256 .9288427 .9327381 .938419 .9393466 .9477103 .9658327 .9811143 .9881598 .9853854 .9822685 .984232 .9855742 .983269 .9779701 .9703932 .9677302 .9697781 .9720948 .9690114 .9615542 .9485254 .9323095 .9236287 .9204595 .9231865 .9229276 .9231788 .9272586 .9454401 .9714342
1.003119 .9994822 .9946952 .9904003 .9869624 .9843953 .9818622 .9777578 .9726093 .9669244 .9597485 .9537436 .9506673 .950512 .9511766 .9517399 .9509693 .9451213 .9345278 .9172491 .9034608 .9104934 .927219 .9406431 .9447649 .9436429 .9475239 .9556386 .9565219 .949599 .9418274 .9372082 .9351124 .9358679 .9397361 .9443281 .9451022 .9489079 .9652672 .983665 .9954172 .9978091 .9997 1.000311 .998955 .9943914 .9881156 .9812691 .979116 .9811503 .9848396 .9865293 .9853156 .9818617 .9720427 .96302 .9573388 .9534433 .9449214 .9351481 .9298689 .9403458 .9658687
1.00844 1.005433 1.000826 .9965889 .9921116 .9897867 .9880251 .9849604 .9800689 .9749067 .9687161 .9605431 .9546083 .9516976 .951408 .9551516 .9604511 .963171 .9573368 .9400755 .9191359 .9133562 .9269372 .942863 .9510417 .9509403 .9547559 .962325 .9617319 .9550763 .9457256 .9373236 .9342343 .9367769 .9453811 .9514719 .9508644 .9546424 .9687902 .9856141 .9994442 1.005201 1.007336 1.005478 1.003971 1.000351 .9937589 .9882741 .9855205 .98458 .9833088 .9825923 .9858948 .9891453 .9872467 .984355 .9791865 .9738493 .9642479 .950522 .9380327 .9379654 .9583334
1.011899 1.010822 1.007337 1.003305 .9989595 .994724 .9938248 .9918546 .9887782 .9840371 .9781309 .9713149 .9635113 .9564328 .952746 .9538493 .9606225 .9716166 .9746662 .9635963 .9411522 .9253451 .9298894 .9438115 .9536908 .9550102 .9565166 .9607591 .9601347 .9547523 .9443293 .9338054 .9298249 .9340938 .9456127 .9561718 .9568797 .9598383 .9719601 .9874247 .9967153 1.001811 1.003958 1.004348 1.003571 1.00237 .9976592 .9934115 .9881505 .9816953 .9766178 .9718518 .9711904 .9743456 .9785898 .9803503 .9802905 .9794031 .9761848 .9666728 .9500535 .9392945 .9486521
1.015536 1.014861 1.013199 1.009653 1.006755 1.002534 .9991204 .9982763 .9969843 .9940596 .9893235 .9848285 .9773833 .9684066 .9593087 .9544482 .9572994 .9709231 .9818018 .980093 .9615756 .942396 .9389331 .9471322 .9555001 .9547037 .9502919 .9498359 .9476607 .9411351 .9327444 .9245819 .9220167 .9305695 .9465647 .9605883 .9645337 .9654431 .9756687 .9895094 .9947228 .9958854 .996407 .9961702 .9970186 .9981076 .9972395 .9909509 .9836602 .9754891 .9675985 .9583791 .9499964 .9454494 .9498606 .9536819 .9585029 .9638872 .9718852 .9716356 .9594901 .9447349 .9407624
1.020396 1.019439 1.017131 1.015643 1.01437 1.012381 1.007554 1.004147 1.004917 1.003854 1.000527 .9980223 .9944652 .9880129 .9764534 .9641217 .9594293 .967958 .9822323 .986549 .9756263 .9576343 .9509589 .9548891 .957949 .9522399 .9471256 .941977 .9363221 .9292135 .9240994 .9204965 .9184693 .9254303 .9427451 .960063 .9710686 .9722908 .9766104 .9853429 .9878289 .9886658 .9876876 .9856368 .9845747 .9839346 .9821402 .9773071 .9721211 .9633931 .9545732 .9450578 .931909 .9175185 .9130433 .9159184 .9213976 .9292401 .9418321 .9540212 .9566549 .9478869 .9386902
1.028059 1.025312 1.023055 1.020573 1.019621 1.020965 1.018837 1.013718 1.013139 1.013415 1.011912 1.01165 1.012009 1.011045 1.00372 .9890428 .9759205 .9751553 .9852757 .9929524 .9865219 .9717187 .9626464 .9640996 .9646625 .9594989 .952701 .9482587 .9453892 .9398682 .9343494 .9292918 .9235361 .9216712 .9336427 .9484841 .9596289 .9664168 .9713123 .9776355 .9788009 .9787063 .9766915 .9739966 .97247 .9705647 .9669347 .9626881 .9579205 .9478522 .9399673 .9312706 .9209172 .9124463 .9036812 .8991914 .898165 .9027218 .9134241 .928046 .9396784 .9447861 .9409493
1.038529 1.035634 1.032326 1.028769 1.02497 1.028728 1.031202 1.028415 1.024413 1.025037 1.025168 1.025619 1.028124 1.033206 1.033078 1.023011 1.007589 .9978768 1.000745 1.004974 1.000328 .9882213 .9806297 .9777087 .9749821 .9714507 .96539 .9666082 .9676915 .9609509 .9527183 .9427631 .9324493 .9231204 .9266064 .9351745 .9430836 .949661 .9560052 .9643812 .9691027 .9681035 .9634032 .9597805 .9586464 .9615298 .9620866 .9569533 .9502587 .9410993 .9316503 .9272493 .926263 .9255797 .9184745 .9146316 .9119731 .9109102 .9137616 .9227771 .9372185 .9485923 .9537011
1.049245 1.048691 1.046073 1.041723 1.035639 1.035999 1.043854 1.04566 1.041134 1.041856 1.041156 1.041513 1.044311 1.049624 1.056301 1.056242 1.045749 1.033893 1.02806 1.027537 1.021588 1.008574 .9992526 .9933022 .9905948 .9874949 .9829228 .9845806 .9869118 .9805619 .9692056 .9550074 .9411957 .9317756 .9295753 .9284756 .9300719 .9326432 .9385094 .9476056 .955247 .9553826 .9499868 .9455723 .9432424 .9501208 .9601929 .9651034 .9642515 .957404 .9472761 .9397489 .9375866 .9384892 .9369131 .9359176 .9344862 .9349285 .9369587 .9423014 .9517008 .9600011 .9683238
1.057285 1.062194 1.062957 1.057971 1.051079 1.046596 1.054866 1.063864 1.063191 1.062798 1.061847 1.060165 1.061906 1.067084 1.074945 1.081295 1.079155 1.072457 1.064234 1.058323 1.048151 1.033137 1.020226 1.013743 1.013817 1.013341 1.009063 1.005365 1.002016 .9935473 .9809459 .9650278 .9502098 .9398034 .9383802 .9343375 .9319142 .93261 .9318745 .9353365 .9423121 .9442779 .942391 .9383721 .9407109 .9463165 .9636966 .9830089 .9923003 .9876038 .9760601 .9635662 .9549348 .9524612 .9521294 .9520108 .9510159 .9509689 .9497908 .9512091 .9542983 .9630975 .9745981
1.061957 1.072517 1.07814 1.076824 1.069965 1.061442 1.065243 1.078006 1.082535 1.084459 1.086068 1.08268 1.08251 1.085681 1.092488 1.102236 1.105603 1.104869 1.10111 1.094717 1.081154 1.064098 1.052455 1.047692 1.046501 1.043293 1.034847 1.023251 1.01154 1.00037 .9880671 .9729807 .9593115 .9492195 .9446937 .9420516 .9390802 .9393964 .9383585 .9365631 .9394937 .9423308 .9467915 .9476374 .9483472 .9530154 .9698551 .99566 1.016845 1.020908 1.010507 .9931372 .9773574 .9673503 .9624299 .9590915 .9558851 .9519492 .9479814 .9454643 .947817 .9579867 .9758714
1.060467 1.076603 1.088516 1.093273 1.089576 1.078059 1.073973 1.0844 1.094645 1.10073 1.104724 1.104058 1.101307 1.102935 1.109967 1.120623 1.127819 1.132605 1.135991 1.132809 1.122131 1.109808 1.099815 1.093864 1.089049 1.079849 1.063892 1.041296 1.020813 1.004226 .9907209 .978474 .9666159 .9574281 .9515125 .9489934 .9468163 .9461514 .9478269 .9505919 .9504411 .9494795 .9525412 .9542872 .9537574 .9549761 .9728375 1.000016 1.029398 1.047374 1.044118 1.026399 1.00372 .9837859 .9706357 .9611962 .9564559 .952158 .9468891 .9428521 .9418492 .9489169 .9635784
1.048602 1.069044 1.089123 1.103063 1.104488 1.093914 1.083874 1.086442 1.095563 1.104613 1.111151 1.114371 1.113133 1.113169 1.120175 1.1326 1.146234 1.156375 1.16616 1.170059 1.166223 1.158937 1.152552 1.146123 1.137837 1.123201 1.098907 1.070433 1.043759 1.021478 1.004254 .9897575 .9790496 .971562 .9670888 .9651308 .9628515 .9587986 .9577976 .961234 .9614491 .9599218 .9560764 .9523868 .9505771 .9512341 .9647065 .9955519 1.032184 1.062483 1.074536 1.063741 1.040016 1.012203 .9926963 .9792057 .9722239 .9670613 .9625555 .9551483 .946101 .9420263 .9472029
1.034424 1.049991 1.07482 1.097712 1.109725 1.105391 1.09436 1.090387 1.094721 1.102609 1.10875 1.113585 1.114152 1.114685 1.118707 1.133083 1.153231 1.17196 1.188458 1.19793 1.20097 1.199221 1.19581 1.193127 1.185353 1.167636 1.143651 1.114297 1.084612 1.057944 1.034022 1.014659 1.000282 .9924359 .9893493 .9861162 .9808714 .9761255 .9727054 .9706646 .969557 .9648892 .9564375 .951124 .9516034 .9564839 .9636528 .9873891 1.027214 1.068062 1.096207 1.10105 1.084789 1.059426 1.039057 1.02316 1.009579 .9985144 .989791 .9775555 .962445 .9461027 .939933
1.037716 1.039151 1.055008 1.081095 1.103788 1.111198 1.104173 1.095914 1.095541 1.101628 1.107022 1.108617 1.108619 1.108607 1.111683 1.118638 1.141088 1.169791 1.191294 1.206395 1.212201 1.213668 1.215263 1.22032 1.223449 1.213931 1.195318 1.168907 1.137568 1.105567 1.075013 1.048712 1.028895 1.015443 1.00784 1.00292 1.000621 .9966367 .9913797 .982338 .9780664 .9734887 .964574 .9601982 .9630324 .9715369 .9768985 .988161 1.020474 1.063353 1.10162 1.125051 1.124018 1.109494 1.09104 1.072048 1.05158 1.031744 1.0142 .9986194 .9811192 .9612407 .9476241
1.062598 1.050132 1.054295 1.071002 1.093909 1.112769 1.115617 1.107917 1.102944 1.105235 1.107765 1.106214 1.101523 1.096439 1.093437 1.094064 1.107503 1.138268 1.16982 1.191875 1.202601 1.206657 1.213213 1.225897 1.243054 1.250412 1.242658 1.221991 1.192458 1.158347 1.122488 1.090748 1.063952 1.045236 1.032643 1.024852 1.021799 1.022058 1.016389 1.003918 .994588 .989144 .9815924 .9773663 .9813538 .9922699 1.001568 1.007824 1.026084 1.059576 1.095143 1.126458 1.136719 1.130879 1.119385 1.102328 1.079463 1.055772 1.034546 1.014656 .9940929 .9751949 .9631362
1.100337 1.083367 1.076911 1.081594 1.094765 1.112578 1.124112 1.122278 1.113613 1.109178 1.108664 1.105295 1.096538 1.084845 1.071965 1.064793 1.066697 1.088323 1.122919 1.155148 1.176262 1.187193 1.199298 1.220062 1.244326 1.264274 1.270783 1.262778 1.240924 1.20941 1.175212 1.1405 1.109467 1.083514 1.066126 1.052761 1.048505 1.050154 1.046912 1.036453 1.024044 1.01383 1.004813 .996702 .9987873 1.0112 1.023393 1.032389 1.043939 1.065763 1.091406 1.115411 1.123036 1.121716 1.113881 1.101801 1.085336 1.064491 1.044062 1.024206 1.003562 .9849503 .9759761
1.142212 1.126391 1.112275 1.108688 1.110421 1.118278 1.127924 1.130746 1.123336 1.114287 1.109692 1.104155 1.093772 1.072159 1.053695 1.039774 1.033129 1.040734 1.068703 1.103534 1.134861 1.154993 1.170757 1.195769 1.227975 1.255821 1.276842 1.283877 1.274825 1.252301 1.222343 1.186354 1.150444 1.118564 1.09382 1.077742 1.074068 1.077543 1.078517 1.072924 1.058761 1.045394 1.031916 1.018074 1.01195 1.019032 1.030141 1.042218 1.05693 1.07705 1.09574 1.10867 1.111873 1.106469 1.096607 1.086084 1.073539 1.057153 1.039196 1.022035 1.004866 .9884847 .9803593
1.178277 1.167647 1.151069 1.140651 1.13402 1.131252 1.132942 1.135079 1.13037 1.120466 1.112401 1.105591 1.093826 1.071564 1.048635 1.02883 1.013989 1.005384 1.018026 1.049359 1.085037 1.113768 1.134526 1.161159 1.196726 1.229653 1.259336 1.280108 1.285488 1.278624 1.257436 1.223224 1.185311 1.149287 1.120411 1.101684 1.095534 1.100766 1.107231 1.106962 1.093963 1.076619 1.057429 1.036178 1.020334 1.013885 1.017512 1.027385 1.043519 1.068233 1.091662 1.103833 1.104912 1.09717 1.085385 1.072343 1.059438 1.044168 1.026644 1.007086 .9912893 .978018 .9726012
1.209022 1.201797 1.186239 1.172885 1.162277 1.152371 1.14652 1.143699 1.139584 1.132801 1.123902 1.118041 1.105378 1.084892 1.064188 1.041988 1.01863 1.001703 .9924219 1.004184 1.034413 1.068556 1.097138 1.128069 1.166395 1.201405 1.23203 1.253998 1.272711 1.282633 1.28063 1.260599 1.229956 1.195176 1.163289 1.135754 1.120361 1.121814 1.129979 1.134525 1.126964 1.107807 1.081905 1.053426 1.028977 1.011575 1.00404 1.003664 1.016086 1.042686 1.067665 1.085354 1.089984 1.086524 1.077227 1.065988 1.054458 1.038941 1.019864 .9971729 .9757924 .9610318 .9559663
