py_wake/examples/data/AJ_ParqueFicticio/Rough survey   Sector 1   Height 200m   Power density.grd
DSAA
73  159
 258469   265669
 6501692   6517492
 52.88049   497.129
[rows 56 to 83 of 159, columns 0 to 62 of 73]
171.6524 172.697 172.7043 173.3623 173.4109 174.0846 173.7834 173.9052 173.3781 173.7152 173.6062 173.8628 173.3126 172.1574 171.4813 171.218 171.4252 171.6472 171.4012 170.8629 170.7983 169.9425 169.9285 170.7951 171.4588 171.5504 172.3892 174.302 177.7629 181.9817 186.8473 193.576 197.7019 202.8307 207.1094 210.7422 214.0505 216.4645 215.945 216.3749 218.2775 220.755 219.2142 214.1803 208.5197 204.3003 201.172 197.7027 196.1277 193.9406 191.4118 188.1261 185.5284 182.3576 179.777 178.7552 179.9597 180.8808 180.0294 179.6532 178.3356 176.1806 175.7077
171.0288 171.3101 171.211 172.3586 172.9044 173.7162 173.6268 173.0665 172.7453 172.687 172.7318 172.8937 172.8705 172.6805 172.1239 171.5336 171.6173 171.6369 171.5683 171.4541 172.092 171.6684 171.1297 171.89 172.2152 172.2229 173.1455 175.4102 180.1606 184.8311 191.6351 198.5357 203.1723 207.7868 212.4454 214.6282 217.0671 220.2235 220.3027 220.1501 221.0814 221.7845 217.7602 212.4304 207.9831 203.1365 196.9231 190.0713 186.9007 185.8662 184.5212 180.6589 179.1933 178.2475 178.0074 179.6431 180.8395 180.4562 177.8766 175.8331 174.3723 173.2317 174.6601
169.109 168.6237 169.227 170.256 171.0245 171.6003 171.8497 171.4138 171.1035 170.9995 171.1727 171.579 171.2 171.0023 171.416 171.6785 171.453 171.336 171.4867 171.7305 172.1289 172.9032 172.6429 172.8549 173.0834 173.2822 174.0699 175.1312 177.371 181.7491 187.2581 193.0065 197.4843 202.3181 206.4241 209.1768 211.5228 214.6328 216.4372 216.2515 216.6725 214.911 210.957 206.8957 202.3022 197.564 190.0305 181.9148 178.4393 177.4535 175.9773 171.6255 171.9966 172.1335 173.4847 176.6438 178.3925 179.447 178.2758 175.8919 173.4634 172.3849 174.6469
169.277 168.8981 168.7188 168.9586 168.9813 169.4106 169.913 169.5208 169.1657 169.268 169.505 169.5292 169.8853 169.5988 170.039 170.7134 171.1659 171.0697 171.2693 171.3331 172.1611 173.1565 173.5904 173.8795 173.8722 174.2783 174.4503 173.9639 173.0404 174.1567 177.439 181.1431 184.9785 189.5375 193.5154 198.0397 202.2903 205.8808 208.2207 208.1034 207.7907 206.2931 202.6123 200.5363 196.7418 192.1575 185.0105 176.3232 170.8811 168.9379 167.337 163.532 163.789 164.5928 166.8812 170.7771 173.0648 175.542 176.2881 175.509 173.3134 170.9283 172.5642
171.7157 170.9919 170.2581 170.2645 169.2781 168.2311 168.0745 167.7626 167.6406 167.7301 167.7444 167.7879 167.917 168.0526 168.6527 169.4938 170.5597 170.9116 171.3444 171.4711 171.8256 171.9136 172.8895 174.092 174.5957 175.7775 176.2223 176.4235 175.5478 173.5698 174.6974 176.0397 178.0353 180.7968 184.6627 188.7147 192.1014 195.7436 197.2572 197.8288 195.921 194.1085 193.7175 193.9998 192.2016 188.7023 182.2684 175.4627 168.1441 163.1981 159.6652 156.7732 157.4418 158.6696 160.7737 164.9284 168.6123 171.9594 172.321 172.0093 170.7222 168.1999 167.8846
173.4358 172.2764 171.7419 171.3971 170.0187 168.3344 166.8976 166.3841 166.3241 166.8748 166.9775 166.9947 167.188 167.3832 167.8912 168.683 169.9152 170.5421 170.835 171.467 171.8939 172.3302 172.6571 173.6123 174.5912 176.1487 177.7496 179.3063 180.9279 180.2413 179.7397 179.4838 179.4243 181.7348 181.9749 182.7153 185.0968 187.0776 187.8233 187.2655 186.0753 184.8075 185.465 186.6769 186.2536 184.1864 179.6394 175.2122 168.3347 160.4057 153.6637 150.4597 152.0898 156.0466 156.3768 159.1964 163.4427 166.8437 167.2072 166.3264 165.0076 162.924 159.9872
174.0996 173.448 173.2641 172.6137 171.2362 169.419 167.9227 166.4882 166.4956 166.7858 166.8637 166.827 167.0846 167.1344 167.2625 167.7673 168.4874 169.2101 169.4202 170.603 170.8111 171.6218 172.0659 173.3591 174.7419 176.3645 178.4695 181.0536 183.424 183.9771 185.6557 185.459 185.0101 184.9626 182.8469 181.66 181.5452 180.5993 179.9809 179.5394 178.819 178.5138 179.0962 179.9976 179.2531 178.9277 176.5507 173.3887 168.1262 161.0124 153.2446 147.6364 147.9728 152.3054 154.7003 154.7236 157.066 159.6398 160.2149 159.3894 157.9896 155.8497 153.379
173.8133 173.3721 173.4133 173.3965 172.3715 170.6792 168.9883 167.1031 166.4731 166.5507 166.8989 167.2319 166.8421 166.6759 166.6682 166.5161 166.908 166.9252 167.8152 168.5037 168.8993 169.124 169.9794 171.3727 173.1779 174.9099 177.7695 180.4907 182.6452 184.3919 186.3039 187.2953 187.1325 186.9436 185.5316 182.6241 180.1628 177.6985 175.5514 173.7355 172.9351 171.4818 171.3196 172.2546 173.4191 173.678 172.2777 168.8346 165.5334 159.2983 151.9624 147.4023 146.2559 147.3324 149.5562 148.4316 147.5036 148.6156 149.0717 148.4986 148.1179 148.4825 148.4706
172.8107 172.5479 172.8676 172.8777 172.2549 171.0325 169.2768 167.5833 166.5284 166.4978 166.4783 166.5061 166.7062 166.2311 166.1833 165.8629 166.5153 166.593 166.8424 166.9893 167.279 167.3947 167.7559 168.5261 169.8468 172.1135 174.8479 176.9998 178.9565 180.6911 182.4266 184.3261 186.0645 186.457 185.3014 182.3037 178.1078 175.3444 172.9117 171.0361 167.5954 165.0713 163.4765 164.1661 166.4936 167.9209 167.0056 164.1229 161.2486 157.9935 152.9483 148.6628 145.0421 142.5595 143.7442 143.497 139.5973 137.7443 136.4559 135.5204 135.4089 137.2374 140.7052
171.7262 171.3032 171.6308 171.7877 171.5721 170.8039 169.6354 167.9552 166.9207 166.5733 166.0672 165.8966 166.0205 165.7751 165.8571 165.572 165.9872 166.2726 166.8868 167.0925 167.2488 166.8953 166.61 167.291 167.3187 167.7365 168.4842 170.1589 171.7363 173.224 174.8956 177.519 179.8578 180.5269 179.7894 177.0673 173.9427 171.2163 169.0886 165.9422 163.4966 161.2099 159.3074 159.4558 161.0618 162.4355 161.6888 161.1735 160.0815 157.4719 156.2177 151.6686 146.6653 142.2113 138.7131 139.4175 137.1353 134.8754 131.8262 127.8358 127.9682 129.762 132.6246
170.6623 169.9876 170.3555 170.5602 170.1854 169.705 169.3107 168.4573 167.8039 166.7927 165.9451 165.8458 165.6831 165.4636 165.426 165.9373 166.0515 166.2065 167.1247 167.7546 167.7446 167.4294 167.362 166.9106 165.4213 164.6428 164.617 165.1095 164.6981 165.93 167.5393 170.0808 172.6621 173.8655 173.3129 171.2955 169.3071 167.8543 164.6065 161.2221 159.2385 157.8719 156.226 155.3114 156.84 156.8088 157.5622 158.4376 158.2713 156.4808 157.3024 156.3333 151.8571 146.085 140.652 138.0079 138.0011 137.0085 136.9721 135.1006 133.1249 132.1378 131.3817
169.3486 169.1293 169.3647 169.3176 169.3115 168.4253 167.9292 168.0315 167.4884 166.3359 165.6622 165.3776 165.2581 165.0843 165.1184 165.2442 165.6653 166.1736 167.073 167.5238 167.6094 167.6059 167.235 166.3135 164.6463 163.8013 162.8492 161.8317 161.1902 161.5372 162.5011 164.9605 167.909 168.0955 167.9823 167.642 166.3074 165.5561 163.1043 159.9612 157.2646 154.8149 153.3814 151.8578 150.7551 150.6242 152.8221 155.5299 156.1836 154.5283 155.5938 157.3909 155.0068 150.7121 144.9877 139.8479 139.5224 140.5002 142.5054 144.7484 144.2594 141.6681 137.5505
167.9341 168.3983 168.7223 168.3112 167.9237 167.1544 166.879 166.9887 166.6315 165.7344 165.0564 164.6457 164.7311 164.8781 164.8221 164.9694 165.2501 165.8174 166.22 166.535 166.4855 165.7841 165.5699 165.3551 164.8355 164.5287 163.3989 160.771 159.1505 157.8399 157.8451 160.4952 163.3225 163.8089 163.5583 165.073 165.0319 164.6313 163.7851 161.1423 159.9433 159.1135 156.7008 152.8834 148.6243 146.293 146.6549 148.242 147.3887 146.3257 148.6151 151.487 151.0246 148.7492 145.1097 140.9386 139.4489 141.1352 143.8703 147.482 149.4969 148.8506 144.0348
165.7402 166.6056 167.0461 166.9427 166.2762 165.7231 166.0974 165.6512 165.5547 164.7186 163.8837 163.4039 163.844 164.2709 164.6173 165.1099 164.8674 165.4113 165.6667 165.4763 165.0921 164.5394 164.6133 164.7211 165.2244 165.1659 164.7071 162.2506 159.7568 157.4703 155.8502 156.2414 158.7197 160.5733 161.6237 163.6622 165.276 165.8109 166.0971 165.7835 166.9994 165.8883 162.173 156.7512 151.641 147.6016 144.6455 142.1438 139.03 137.3813 137.4667 138.748 138.9485 137.6076 137.0016 136.7319 137.6134 140.1763 143.3133 147.1166 150.6753 152.4788 151.5636
162.7783 163.7646 164.6937 164.5942 164.4302 164.4282 164.9397 164.7753 164.313 163.8426 162.7281 162.2702 162.5033 163.1107 164.6342 165.7357 165.9306 165.2898 164.9071 164.659 164.3748 164.6346 164.6524 165.1366 165.5556 166.4233 164.7154 163.212 161.5024 158.9357 156.8725 154.9595 156.1236 159.1969 162.0616 164.3183 166.7802 168.1242 169.6514 170.9228 171.5768 170.8107 166.681 161.3085 155.3723 151.0885 145.8463 140.6138 135.8356 130.6834 127.4878 124.9199 124.2225 124.5288 127.5157 131.5732 135.9402 140.6996 144.9486 148.5621 152.9287 157.3654 158.6263
161.6515 161.713 161.8578 162.1281 162.7143 163.0286 163.3236 163.1955 162.8033 162.5436 162.0619 161.9484 162.437 162.8239 164.1634 164.8579 164.9391 163.9382 163.0316 163.1062 163.2162 163.8593 164.0901 165.3152 165.5511 166.0942 164.8056 163.5272 161.6428 160.1834 159.4487 158.1104 159.8267 161.6461 163.8101 166.4341 169.3707 171.6463 172.3752 173.6281 172.8486 171.3033 167.9813 163.8269 159.5535 155.3414 150.6812 144.4757 138.7063 132.3711 126.9253 121.4597 120.0456 121.0789 123.1064 127.7761 134.5517 141.6197 147.2521 152.1415 157.0833 162.1755 165.1307
162.3526 162.3855 161.9884 161.0369 160.835 160.8746 161.3567 161.4416 161.3815 161.657 161.8503 161.7677 161.4471 161.3077 161.5761 161.9443 161.55 161.0755 160.4607 160.5982 160.7811 161.0032 161.6884 162.5728 163.9124 164.5181 164.2283 163.3132 161.6257 161.8571 162.5792 161.7368 163.2465 165.386 166.2637 167.9763 169.6784 170.9536 172.3114 172.4048 171.8754 171.2195 168.1865 165.1741 161.522 157.4135 153.0404 148.9225 143.7518 139.1594 136.294 133.0252 131.3933 129.6916 128.7781 130.8849 136.1715 140.2361 146.7844 153.5699 160.0079 166.2367 171.5925
163.567 163.303 162.3382 160.5262 159.2733 158.7377 159.3587 159.5595 159.512 160.2458 160.5668 160.622 159.8661 159.1099 157.919 158.1421 157.7817 157.1269 156.8109 156.7326 156.8866 156.8183 157.2677 158.1443 159.3142 160.5112 161.7146 162.2707 162.9904 164.3595 165.7714 165.8997 166.4469 168.211 168.5346 167.2866 167.6345 168.89 170.4521 171.6582 172.2759 171.4792 168.6206 164.6471 161.0542 156.1715 151.7179 146.6174 143.6692 141.183 140.1906 140.4165 141.7919 141.3835 137.1088 135.7045 136.9252 138.8154 142.6426 150.2065 158.2766 165.5322 171.1817
163.6565 163.1527 162.0713 160.5182 158.7239 157.5517 157.8337 157.6801 157.5237 158.0505 158.3172 158.6482 158.2408 157.2792 155.668 154.5139 154.0104 153.694 153.5061 153.1456 152.9964 152.9629 153.5677 154.0849 155.0954 156.0981 157.6603 159.5164 161.7064 164.3519 166.5251 167.6221 169.1799 169.0921 168.0432 166.9813 166.3395 166.3564 166.4869 166.7493 167.2374 166.0258 164.0128 161.1167 156.0596 151.3268 146.6008 140.3969 137.6836 136.2487 135.9718 137.4681 140.1362 140.6104 138.0934 134.5342 133.4172 133.9259 137.0633 141.6583 149.06 155.0477 158.8355
161.9587 161.6652 161.2932 160.0772 158.6413 157.4346 156.5641 155.9407 155.3816 155.5358 155.8559 155.9652 155.9064 155.1654 154.0589 152.5215 151.4872 151.3605 151.3855 151.207 150.9419 150.1238 149.9163 150.2574 150.7439 151.3169 152.3849 153.1724 155.2792 157.6057 160.9748 163.5513 164.8998 166.014 166.2395 166.1057 165.9151 164.6417 161.7496 159.6392 156.6086 154.2812 152.2676 148.8098 144.8108 140.7764 136.3978 132.5331 130.3814 130.8265 130.3108 130.6373 131.1147 130.9032 129.5517 127.4726 125.8717 126.2787 127.9779 131.5095 135.0235 139.4834 142.3652
159.2813 159.3741 159.2693 158.6839 157.5647 156.6793 155.174 154.1672 153.3796 152.8692 153.1377 153.1064 152.9885 152.6663 152.4445 151.1684 149.6541 149.3619 149.5871 149.7275 149.5058 148.45 147.4704 147.014 146.5321 146.4772 146.6055 146.2588 147.5899 149.9824 154.6275 157.4171 159.1658 161.7896 162.5737 163.3754 162.9482 160.4259 156.4218 152.9395 149.8333 146.5527 142.2264 139.6176 135.8287 134.4913 132.9447 131.1244 130.239 129.7316 128.6565 127.5324 126.0274 123.5166 122.1678 123.5819 123.2444 123.1678 122.8772 123.4391 124.7132 127.1176 129.1857
157.0177 156.8105 156.5699 156.1124 155.003 153.5034 152.4614 151.2988 150.7238 150.3424 150.5402 150.6028 150.2991 149.9837 149.9396 148.507 147.4249 146.8026 147.2838 147.2754 147.7119 147.9606 147.2021 146.2047 145.018 143.8255 143.0598 142.4392 143.1981 145.8876 151.6769 154.7914 157.7036 159.4739 159.3826 157.9443 156.7145 154.5097 150.1444 145.6874 143.7045 141.3724 138.3397 137.5669 138.7956 141.3795 141.8656 141.1644 139.9011 136.4276 133.5889 131.4761 131.0652 131.3183 131.454 133.1884 132.4181 132.1026 132.2285 131.0504 127.6537 126.2247 126.5553
155.2073 154.3447 153.6841 152.6248 151.3302 150.4156 149.6771 148.4521 147.8217 147.6264 147.7465 148.0399 148.0139 147.7755 147.2916 146.279 145.1188 144.0295 144.0577 144.2668 144.9002 145.5621 145.8042 145.263 144.6574 143.6923 143.5644 143.4411 145.3169 148.8681 153.2065 155.1447 158.27 158.513 158.0163 157.7696 156.2419 152.5626 148.7213 144.666 140.2426 138.2193 138.254 141.4457 146.1347 150.3861 153.9534 154.8876 152.8801 147.2119 143.5137 141.7382 143.3267 146.3832 149.8764 152.362 153.135 154.1712 153.3536 149.5885 144.6232 138.2767 135.6038
153.9005 152.0959 151.1126 150.0917 148.6533 147.7928 146.9939 146.2399 145.5869 145.0048 144.6895 144.7945 144.6558 144.6022 144.2574 144.1049 143.4577 142.4348 141.9843 141.6571 141.6159 141.5887 142.2576 142.3828 143.0614 144.0512 145.3784 147.6235 150.3443 152.8307 155.0191 155.5497 156.5785 156.5973 155.5489 154.6747 153.1517 150.4328 147.9578 145.088 141.1376 140.3469 143.7567 147.8 153.8823 158.3564 161.3071 162.4204 161.5023 159.3612 158.0215 157.4455 159.3786 163.5972 167.7602 171.6985 174.1469 174.9749 172.8339 167.3055 160.5768 153.5241 147.4408
152.5917 150.778 149.0938 148.2429 147.2649 146.359 145.2087 144.4751 143.2824 142.0729 140.8848 140.7368 140.3952 140.782 141.12 141.5485 141.9361 141.6957 141.1927 140.3737 139.9447 139.0479 138.851 139.3376 140.7906 142.8777 146.3036 150.0249 154.0345 156.3539 155.8484 154.9772 154.5957 153.896 151.5367 149.8646 147.2003 146.2693 144.4536 143.0992 143.532 147.1011 152.7408 157.7765 162.4769 165.5765 166.2756 166.9484 168.9025 171.4053 173.4042 175.2429 176.624 178.7273 181.0121 182.866 182.9181 181.6794 178.8806 174.13 168.2916 161.5466 155.3028
150.9712 150.0349 148.5873 146.9088 145.482 144.5369 143.3104 141.7869 140.5468 139.1182 137.3214 136.0243 135.8525 136.3819 137.3527 138.3593 138.8334 139.4632 140.0184 139.6788 138.8228 138.2739 137.2517 136.7561 137.4678 139.6718 143.6978 148.1951 152.157 154.2119 154.0993 153.0328 152.3862 150.6652 149.5448 148.1541 145.2326 143.95 141.9385 142.0358 144.6244 150.037 156.0983 161.9823 165.2084 167.9863 170.6693 172.6808 176.0265 179.4352 182.0332 184.2569 184.8677 184.7549 184.3287 182.5514 181.6954 179.627 176.8344 173.4456 169.0823 164.2964 158.9909
148.4446 147.5767 146.6591 145.0429 143.2625 141.675 139.7898 138.7181 137.6109 136.0646 134.6286 133.4908 132.0363 131.764 131.7646 131.7906 132.6826 134.5475 136.0585 136.7789 136.3264 136.2713 135.6343 135.4625 135.3905 136.9267 140.0984 144.5241 147.9391 149.9961 151.4719 151.2747 151.03 150.0829 149.0534 147.9029 145.5523 143.3272 141.6735 142.26 146.0405 152.051 157.0948 160.9049 163.4039 166.5064 170.3113 173.7818 178.2448 182.4614 184.9132 185.8359 185.1392 183.7742 180.9439 178.7341 177.8206 175.8719 173.7941 171.902 168.7506 165.1569 160.6458
146.4345 144.8708 143.897 142.6871 140.8067 138.9984 137.4688 136.0358 134.6225 133.1235 132.3251 130.8875 129.0457 127.981 126.9346 126.0636 126.4045 128.2437 129.9995 131.1757 132.5367 133.3913 134.02 134.6036 135.2654 136.6555 139.384 142.407 145.0425 147.3761 149.7431 151.495 151.9041 152.6718 151.4728 150.586 147.7779 144.8076 143.4254 146.594 150.5811 153.5463 155.463 157.3627 158.8282 160.9594 164.6879 168.608 173.4653 178.7525 182.097 183.1037 182.347 179.9356 177.154 175.1425 173.8253 172.6272 171.5398 170.3905 168.5905 164.1152 160.3708
