py_wake/examples/data/AJ_ParqueFicticio/Rough survey   Sector 5   Height 30m   Power density.grd
DSAA
73  159
 258469   265669
 6501692   6517492
 .01172314   1241.924
[rows 112 to 139 of 159, columns 0 to 62 of 73]
382.3047 439.0961 391.1505 361.6296 381.2271 387.6691 377.8456 401.5047 436.1635 455.3006 495.5579 565.0079 527.6348 414.257 328.2569 210.8603 175.5701 183.7551 139.7284 65.67855 64.5577 101.5099 105.1411 133.5979 306.3169 467.9544 480.4824 493.9484 480.3796 445.3218 451.9903 471.1433 458.3839 365.4861 260.6631 172.5734 114.355 153.4184 298.3597 443.728 518.8274 484.6118 311.5988 137.9631 71.57682 35.44013 20.99925 12.3635 9.010458 37.31815 148.1229 268.5236 251.9529 188.2703 140.4007 130.1778 127.4732 120.7004 105.2973 63.85976 15.26811 13.98637 10.97994
420.7921 480.2543 462.5458 424.4252 439.9489 481.6752 488.2995 492.7749 513.048 522.5371 561.9241 608.0543 560.1569 422.8632 332.7675 237.6628 244.2244 250.062 210.6497 91.78896 41.51549 40.67203 45.13916 79.18462 239.1343 463.5126 478.7407 365.9486 336.1716 343.4516 320.1299 419.4797 535.8723 502.2897 450.2953 335.8071 207.4454 178.8244 280.8641 410.5307 548.192 567.5562 382.7155 169.6053 94.72369 48.90069 29.04921 18.47418 11.93911 19.60251 69.33022 156.0992 186.0437 165.4958 136.6233 125.0652 122.5732 121.1425 116.3666 87.86027 35.38599 10.86409 9.986314
532.5613 559.057 544.2536 507.1722 500.9343 551.3414 609.7003 602.1886 602.3638 592.3561 623.8136 679.2987 576.5831 422.0053 327.7514 272.161 326.7421 354.558 249.0821 142.7126 63.54631 23.34859 14.81267 30.31582 151.3317 380.6268 451.7942 330.6087 251.529 249.7547 250.1001 301.2951 484.2172 529.2834 577.1288 577.3668 453.2963 322.5514 339.0552 411.7368 563.1806 669.0011 464.1977 245.3022 133.4291 79.09812 47.55589 29.51695 23.23448 23.954 46.19316 87.21705 120.9288 137.9997 129.1732 120.5155 114.8378 113.7971 111.2648 98.53046 70.74236 36.11105 13.99478
639.9142 645.1176 624.0264 595.651 578.6621 625.8404 680.9346 675.8478 688.6952 674.0724 688.4149 746.9092 631.7407 443.1127 346.7974 315.4946 377.3777 454.1809 352.1355 217.8565 131.633 55.92899 12.71907 10.32227 61.86121 245.5633 359.3276 267.649 210.7524 202.6343 201.0135 243.2806 315.9728 393.4409 499.7873 681.7315 694.1288 558.1542 450.1842 444.9122 591.6689 739.4981 609.2266 409.0937 236.1519 154.2522 90.34602 52.51512 40.20189 41.111 50.45549 70.28978 88.11687 107.3432 116.1227 114.0178 108.2856 104.82 100.1251 92.89466 80.35883 55.84187 41.87854
648.6033 664.6072 662.2049 665.3331 650.2178 702.6871 728.1457 730.5282 737.6782 746.1152 772.6517 735.3207 686.1234 514.0909 409.5274 372.1967 420.4976 507.0363 457.1317 349.4098 248.7301 158.6456 51.1279 11.45358 21.14662 119.7941 251.3287 210.7158 179.7175 184.1444 189.5466 187.9895 221.0257 292.8841 385.2704 558.3781 730.7443 679.4044 521.4585 444.0188 506.9983 706.3185 707.5664 560.5338 405.131 282.4421 177.8804 109.1572 71.99337 60.39492 67.69027 79.4518 83.26115 87.80697 104.2451 104.8427 102.4266 93.0242 87.59944 85.29694 82.81262 65.11674 55.50144
567.157 594.1227 610.9247 640.123 681.1812 724.844 726.3445 722.3531 700.4763 727.1058 698.1082 719.3523 663.4289 555.2534 507.657 458.0256 443.9515 495.8952 463.3502 406.187 349.1597 289.2249 211.3904 71.08501 21.71521 42.38193 128.6641 165.8826 162.1809 167.1365 160.0722 152.4758 194.2541 274.6775 325.7025 506.741 719.0494 659.7049 521.8553 359.18 399.3244 521.0157 602.2242 517.3711 438.8255 374.3992 268.2314 179.8367 118.6325 84.6596 81.45798 93.57942 94.26956 93.75209 93.44099 96.20959 95.92341 84.62515 71.16717 67.55373 73.54601 73.08507 63.08384
428.3478 468.1991 512.7961 555.5302 602.7825 642.5344 667.3104 693.3195 672.1525 649.4622 615.5602 567.4383 528.4503 485.9388 526.697 569.4821 504.955 437.3098 389.7214 347.9907 304.3625 266.0637 302.1795 263.1291 101.6876 35.43035 52.15609 84.3923 155.728 166.8102 148.4951 119.1019 180.5919 245.3301 264.4714 443.0701 696.6063 715.691 461.9918 236.9554 228.4615 326.7442 451.0006 439.3085 319.0653 328.9093 288.6943 204.5643 154.242 106.4949 96.06206 108.462 108.6336 110.8903 103.85 102.6191 96.00323 93.67809 68.32233 48.45896 57.86055 67.0347 65.29836
292.7208 324.1981 383.6626 451.3099 516.7618 565.6297 600.0137 663.3516 667.4216 606.2156 489.8294 395.8668 379.9061 372.2803 487.8539 629.4648 620.4125 457.7247 335.5299 283.4284 218.9605 169.2879 209.5947 323.2488 271.7223 123.5612 45.62644 50.49763 90.46738 162.1821 127.6087 115.5464 167.8912 206.0789 229.7987 386.8443 639.2041 783.954 521.9148 192.6607 111.1773 161.584 300.4973 427.5758 272.2289 225.9805 231.8471 194.4359 159.4301 117.4396 99.70652 107.0554 119.1899 118.7373 117.7664 119.0122 109.5861 109.9615 87.55414 58.86245 43.21184 59.07728 63.26805
250.5279 280.2297 325.5808 394.1307 456.1765 508.377 540.8828 583.1139 634.9349 656.8823 544.2545 320.358 251.0698 236.6736 334.5381 546.1492 668.1657 577.7813 391.1174 281.2278 185.0636 111.9944 100.602 224.3151 303.3563 236.6805 105.4249 46.68077 57.96167 108.8766 111.6232 103.5464 175.6606 186.0847 237.4904 382.8479 590.813 765.2968 663.2466 287.6803 104.4222 73.39691 157.4921 346.4181 318.9788 227.3148 195.5197 174.3116 151.4296 120.6594 96.79651 94.40446 106.9115 116.5052 117.0856 117.3523 114.0163 103.5916 83.15936 59.21393 52.18904 63.35253 67.63277
312.4316 285.3546 325.4391 388.8708 427.0622 470.5593 517.6484 498.7643 503.0765 655.451 740.2551 463.276 258.1249 197.723 206.7705 321.5649 505.8985 586.8358 524.1378 416.7782 267.4964 130.3332 78.26582 110.5171 198.3674 211.4096 176.595 90.87659 43.99192 58.58762 79.54259 112.526 158.552 169.4403 262.5805 392.7019 545.3864 676.9803 700.7219 420.8964 186.9123 79.866 92.03459 210.5117 285.7182 258.2185 221.8465 187.0042 156.7538 130.1078 101.5589 84.241 89.36948 102.0609 106.9718 117.5013 117.6786 96.36982 46.00415 36.03737 70.84848 73.15356 77.78774
421.3716 357.7886 345.6664 396.6259 424.3039 433.5743 493.881 425.1462 332.3382 476.0259 824.6733 778.3709 485.0262 288.9846 217.0922 213.672 294.0842 361.7473 395.9821 412.3289 343.8496 194.8852 101.2883 92.84605 114.2229 144.6249 142.2165 149.7785 75.41261 44.40451 51.92056 101.476 139.9986 217.4702 287.5774 413.9821 565.3616 562.8109 543.389 449.0031 304.2771 136.9229 93.58224 135.8638 191.7589 215.7551 219.771 214.901 188.8305 158.1374 129.2202 92.78087 83.20985 85.3755 94.40947 100.9958 109.0753 73.37536 17.71374 47.241 99.09309 96.70979 93.96276
543.4377 481.6903 447.8724 440.9955 459.1429 446.1774 417.7339 373.7023 217.4982 284.7215 688.965 805.821 753.8314 594.7913 420.5871 303.9433 275.3247 269.9343 280.4573 309.4037 306.3452 218.9357 131.9109 92.39097 92.799 103.2293 113.2029 128.4345 95.01775 47.11026 41.60738 74.66016 131.3773 210.4523 331.6789 487.0543 568.3702 535.5048 403.2069 324.8092 313.9486 230.3886 148.1087 128.3507 144.7683 154.4227 172.9522 184.5137 194.0292 188.8004 164.3967 125.6201 103.0943 90.68896 86.83498 86.41965 78.55817 46.28656 27.25918 74.27071 115.4448 118.2654 104.4055
667.4049 651.2127 587.8922 555.3391 534.0656 501.6843 405.8031 279.8443 146.2344 147.5126 434.6878 614.1548 745.6971 763.5637 693.2036 556.1837 514.7889 431.574 370.4106 316.7366 315.0077 278.3779 196.4653 105.6243 90.89063 116.633 111.762 111.9817 69.03697 30.77301 25.33008 62.27492 125.9315 214.0487 353.8565 508.5973 568.6017 520.8051 390.4452 244.6305 218.8433 237.5137 218.5356 182.1663 151.6584 137.5655 135.1466 136.9515 144.6115 174.7173 183.6561 155.1925 128.8853 104.8356 95.67626 88.66605 56.34828 59.87128 50.49041 62.06685 110.132 126.9092 116.801
640.1709 720.1897 746.6714 663.8758 618.0278 524.6702 423.3871 259.0425 112.2284 83.75211 205.6256 358.6274 584.7593 689.9736 678.2964 608.8619 590.271 647.5576 624.7183 522.136 421.7917 391.3495 302.3441 188.3662 125.4063 136.026 165.2803 157.3548 105.3277 30.77482 13.10655 32.2238 98.94218 217.4377 370.7628 499.0295 548.1688 499.2612 385.4926 263.1296 194.005 182.7262 199.1534 213.7517 198.0816 165.5257 158.6981 126.3833 92.20595 117.3172 152.2256 153.1546 127.9288 94.88142 84.76373 90.44461 80.21122 71.67017 51.09421 40.05451 74.0422 124.7178 116.1433
606.6056 667.5324 770.171 758.2687 679.4937 594.4068 519.0154 330.6335 139.5394 62.37159 94.18098 183.0498 360.9928 503.6179 558.5737 489.1791 438.697 586.0919 639.33 658.6255 562.3198 499.0219 409.2112 288.081 203.1378 184.5267 212.6883 240.1025 183.9352 51.88879 13.15903 16.19943 69.05943 184.1521 335.5745 459.8673 523.8493 517.2732 388.2706 252.4948 210.9017 196.227 176.465 189.2286 184.7588 178.0203 175.969 174.4108 103.0429 69.72575 91.60196 107.8202 90.12005 87.06909 101.2936 102.2664 94.56605 89.62563 61.68456 29.61164 40.21069 96.99642 115.9738
610.8956 675.2979 744.3157 823.9906 722.2352 618.5307 618.332 496.5497 247.1412 90.38945 65.89092 88.15092 209.0892 351.483 452.4189 411.4243 272.7508 318.3422 531.7656 583.5513 547.3983 510.9049 411.0367 338.1359 276.3242 244.9161 228.2248 229.6771 231.2001 104.5933 19.02632 19.5358 72.06969 182.5051 289.8991 387.4597 463.0816 516.8862 422.5035 259.0899 193.1229 200.1488 194.9907 189.1792 176.5371 162.384 158.5074 197.5017 187.8409 86.5892 51.66024 55.14015 61.67647 97.24247 125.8546 121.3939 119.868 111.8618 91.82432 25.25893 24.28706 70.65622 98.73396
496.4669 600.4969 757.8574 773.1212 718.827 597.1959 634.8317 573.0093 358.8859 207.1418 96.21764 60.0298 108.131 226.5058 394.0735 448.2739 254.3662 184.5233 307.1197 415.1864 439.904 470.1945 361.6929 328.66 347.7288 311.3705 249.6264 208.8726 204.4407 128.5692 28.71508 15.15324 74.07745 161.9502 261.01 318.7503 372.3014 439.9681 414.6323 282.5744 194.9301 175.6855 179.1563 184.768 190.9541 164.4068 144.3365 156.6561 200.8963 161.234 66.89948 9.274019 20.1582 105.5439 199.3302 188.0495 178.1503 172.3033 120.6623 29.72235 19.64215 48.22429 67.10236
359.3881 454.8499 574.4406 654.2114 684.6144 611.2239 637.5693 556.4935 372.8666 264.0863 163.0493 75.02471 62.7723 123.1501 299.066 477.7635 349.7285 176.4018 175.1008 238.4411 300.0531 376.6681 305.6909 295.9041 400.4695 418.5115 337.2803 211.1211 158.3475 107.2167 26.7814 16.91036 54.43296 119.4157 202.222 257.3794 288.9043 353.8218 381.7644 297.9265 209.4982 171.0734 169.1432 162.4612 167.098 167.8896 149.746 128.2081 146.7494 152.0169 67.15076 7.550764 10.75868 165.5551 246.963 226.4659 225.4604 264.4044 190.7322 59.88007 21.02241 22.55267 37.82005
339.5573 382.3937 430.6119 467.8918 490.1742 602.9812 727.8058 590.8224 407.4287 282.1618 190.1738 98.43782 55.23186 65.72001 181.0568 408.3175 471.037 265.7778 145.4686 148.7988 199.5631 277.9772 238.1032 221.1278 409.9706 497.8596 527.1008 347.7827 208.4331 113.402 47.78576 24.38288 39.12735 58.93079 121.7611 186.0543 228.0762 292.7521 359.6594 359.1487 255.3833 187.612 181.2541 157.9185 140.6955 134.8576 135.8528 126.3499 107.0981 105.0496 14.10273 7.6683 7.251064 153.3472 239.9815 243.1721 258.303 303.9559 289.3188 143.3552 43.12621 23.90381 26.64126
364.5952 317.0072 347.7462 369.968 338.3877 445.2868 781.1588 810.4062 636.6263 455.5236 291.4366 171.2711 78.14624 40.73986 93.21325 272.6999 497.2544 430.6454 218.9147 135.9654 136.2103 195.2429 187.0486 166.8072 314.6425 496.7627 611.5494 584.8698 387.4052 214.942 118.0901 53.4371 49.26046 42.96713 63.00929 104.8905 161.2913 245.0467 327.572 371.5548 322.0435 261.8643 241.8748 230.6605 194.8716 131.2611 112.4857 106.5528 90.18806 65.83469 9.459061 5.584567 54.74067 134.4637 209.0827 236.3782 256.0061 293.6853 323.7879 278.6013 120.3208 46.61003 32.86443
349.2555 243.6755 266.3775 318.954 283.5758 359.8916 684.5862 769.6408 789.3295 627.0635 407.5461 267.0228 154.8617 56.17722 53.55201 167.6824 410.6077 485.3512 365.7038 192.8976 127.9234 150.9263 150.0233 145.3717 242.7611 419.1663 583.7899 683.4608 493.0102 304.3939 202.9497 179.667 134.1212 95.05673 52.6624 61.00745 100.7187 159.5133 253.9089 355.9163 354.8475 322.629 285.8921 295.998 266.436 215.0514 160.7499 107.7395 62.95498 33.30373 37.94106 23.8207 64.90307 131.4569 179.7615 217.2354 235.4884 294.7145 336.8258 339.8354 222.717 101.2114 72.95816
317.1279 175.9269 169.9855 235.6218 230.3303 311.4909 492.8935 674.5823 753.3692 674.7451 432.5164 276.3467 189.7481 105.5379 54.92395 98.29944 266.6853 401.1862 406.7435 299.0423 160.0378 137.9615 133.2157 132.8187 209.2165 335.3408 491.823 518.705 447.1372 292.5002 211.134 231.0061 279.1096 239.7758 120.3388 58.3813 67.82432 104.6963 164.9813 265.412 309.9045 299.2211 274.0398 281.4174 305.2716 265.6789 213.5217 166.2518 65.29336 31.59051 40.21576 28.48232 29.26869 91.03077 162.5799 181.8618 207.662 282.0208 336.1744 377.5318 279.6672 176.9532 127.1785
364.9966 152.3708 108.973 164.8114 190.8428 273.6322 401.5397 597.4419 746.9711 803.1641 658.3834 388.7315 209.2245 122.0905 69.1412 73.74897 157.4658 263.6664 330.4992 329.3891 225.0808 151.5857 130.4297 126.0163 195.2816 272.1201 367.8018 413.8975 371.3238 258.2428 175.0969 188.7195 259.0235 297.4259 230.3311 119.7506 80.13254 88.50085 120.5312 193.5374 262.7298 261.1873 245.8389 251.8305 267.6445 240.4373 207.9341 190.4244 102.4765 33.89582 41.42855 35.54493 20.89051 34.9403 113.0093 145.8343 165.7765 219.9892 278.9401 379.0703 355.7496 256.6181 200.7623
454.1044 194.9594 83.26707 104.0422 191.3185 272.6735 322.5499 419.6161 630.8624 796.9603 800.0519 649.606 400.0121 206.6226 97.64577 68.56135 104.3027 160.5829 234.7827 273.9001 242.9691 189.1423 143.7038 137.6491 214.2806 295.043 333.2944 326.3571 296.2184 249.775 193.6763 160.8945 184.5874 246.9643 254.3799 182.1147 116.6845 99.34743 114.1575 165.0304 225.5041 244.372 232.9146 209.0753 216.6652 208.6245 188.902 166.4105 119.4136 50.93227 40.15965 36.8022 27.91906 13.69311 58.9338 98.62566 125.5477 158.6359 229.2986 305.4493 361.4779 322.6999 271.3279
557.9362 295.7678 106.3594 78.86932 180.3036 283.4219 287.1134 316.1887 424.9191 538.3678 624.4593 689.3618 611.3964 395.513 254.1923 134.39 96.84837 126.3818 172.9727 203.0889 208.6246 196.7947 147.5984 147.1387 249.2947 357.131 374.8159 277.7708 202.3979 207.7502 217.3644 203.806 166.3575 180.3446 212.8518 196.101 151.0453 118.6168 116.8509 142.3366 204.2399 242.181 247.9875 194.2529 185.2348 175.2155 171.9775 159.3723 124.2775 76.2992 47.13489 33.8615 30.44456 20.87326 26.31898 55.81372 84.18516 113.7868 162.5531 248.5669 341.8406 342.1987 309.1343
564.1418 392.8642 148.5106 82.81731 175.2146 280.4189 312.845 317.7961 338.4612 330.7221 367.7091 478.8567 557.4734 440.8679 375.8435 309.3801 175.5734 133.0905 135.6696 161.4182 153.345 162.8933 134.3903 144.3274 261.1439 404.6103 468.4132 312.7019 168.5409 141.0155 176.2235 216.0436 205.1274 175.0658 173.3913 181.803 160.0789 129.5548 115.2954 126.6088 193.8211 242.2431 264.1812 235.3219 209.5935 183.2203 164.4014 191.166 164.9224 117.7096 73.57779 49.00927 31.84502 29.0203 21.13386 23.56777 40.42761 64.9785 99.67338 167.1226 280.4702 351.342 343.7505
472.0283 386.6575 210.9337 99.02771 161.4392 276.206 336.7657 345.8992 355.5411 305.1599 239.8434 271.4125 399.7611 367.2964 331.5435 377.8826 305.8113 210.6378 158.6462 133.9021 116.3096 142.0046 116.4281 129.2613 256.3817 437.9532 473.2906 360.2619 193.6116 124.5162 136.5598 176.8784 222.4222 201.024 186.6704 167.3835 153.9254 132.4978 109.967 106.5565 170.9336 231.6001 252.6265 235.7121 224.907 208.5452 167.7968 167.1672 178.4317 128.3126 106.9931 91.23142 42.22987 29.02851 28.26662 26.88922 22.44341 26.70389 40.95198 87.1048 179.7309 287.6249 337.2184
399.2659 316.82 236.2061 125.6495 164.624 258.5956 339.4207 334.0679 373.0047 418.5584 288.6009 198.1111 246.5641 264.6964 247.064 327.967 323.097 281.735 296.5625 191.3328 102.9941 102.8819 93.04514 103.3915 234.7044 396.7092 515.3136 394.8172 220.5389 139.2495 119.9733 142.5553 184.7017 212.9077 203.1168 185.6077 172.3221 149.4734 126.7256 104.5837 138.3283 187.9831 199.325 198.8138 201.8894 199.606 160.2642 161.3304 163.9137 123.1667 119.6101 127.4894 110.6357 57.33123 29.50693 32.00292 35.41857 27.56532 16.06615 27.74869 87.91304 190.2303 288.4827
