py_wake/examples/data/AJ_ParqueFicticio/Rough survey   Sector 9   Height 200m   Weibull-A.grd
DSAA
73  159
 258469   265669
 6501692   6517492
 6.482606   15.03804
[rows 0 to 27 of 159, columns 0 to 62 of 73]
9.666447 9.669715 9.674816 9.671019 9.670061 9.667727 9.666474 9.663994 9.660867 9.657702 9.651947 9.647588 9.639087 9.62518 9.611075 9.583383 9.550485 9.504551 9.446425 9.381712 9.348753 9.412753 9.576892 9.74814 9.82548 9.821356 9.825941 9.930969 10.01821 10.04059 10.04966 10.08213 10.09853 10.10113 10.11978 10.19451 10.30465 10.41072 10.40516 10.37621 10.36594 10.32515 10.29037 10.23327 10.22336 10.17831 10.13038 10.07516 10.03528 9.998443 9.963591 9.941455 9.935905 9.930563 9.933446 9.942126 9.954586 9.964608 9.951377 9.957824 9.960764 9.957497 9.934978
9.643362 9.656883 9.656604 9.651481 9.646067 9.644616 9.645488 9.649097 9.647023 9.642002 9.632342 9.626705 9.617853 9.610826 9.599123 9.571871 9.539745 9.493263 9.437025 9.368386 9.359893 9.472365 9.675497 9.853575 9.925109 9.926627 9.927123 10.01823 10.08364 10.1117 10.12354 10.14179 10.16253 10.16709 10.17464 10.23864 10.298 10.3545 10.36971 10.30544 10.24998 10.24484 10.24134 10.22657 10.19643 10.15248 10.10543 10.05264 10.00182 9.969193 9.937153 9.925987 9.909382 9.916943 9.935314 9.947801 9.969383 9.984602 10.002 10.01877 10.01211 10.01083 10.00078
9.644645 9.65013 9.638949 9.632074 9.6247 9.622822 9.623542 9.626094 9.630427 9.630116 9.621894 9.609639 9.605372 9.598577 9.591962 9.566425 9.531916 9.487947 9.440056 9.38809 9.403295 9.533554 9.721487 9.897285 10.01663 10.03966 10.02939 10.06714 10.12279 10.15159 10.17729 10.19802 10.2122 10.21121 10.20069 10.20647 10.25199 10.28224 10.26674 10.21057 10.17216 10.14435 10.15288 10.18615 10.15515 10.11188 10.06807 10.02313 9.978955 9.93052 9.890947 9.889528 9.895787 9.909011 9.9274 9.957196 9.985085 10.00984 10.04078 10.06515 10.05932 10.08987 10.07143
9.646325 9.633 9.614513 9.608006 9.602147 9.604041 9.608118 9.612034 9.615345 9.61865 9.612661 9.599829 9.597263 9.594312 9.585548 9.565205 9.536471 9.491048 9.44663 9.409956 9.448905 9.592159 9.781002 9.950944 10.073 10.10493 10.10068 10.12519 10.15129 10.18241 10.21364 10.25536 10.25095 10.20523 10.16335 10.1441 10.14627 10.1948 10.14958 10.07911 10.03092 10.0886 10.10927 10.13266 10.13037 10.08512 10.01817 9.965389 9.938787 9.897625 9.877522 9.882875 9.892468 9.907229 9.933419 9.968481 10.00896 10.04754 10.09207 10.13107 10.16385 10.17548 10.16353
9.624031 9.605416 9.591043 9.590713 9.588083 9.587213 9.591797 9.602284 9.605657 9.606701 9.605566 9.590272 9.58674 9.592082 9.583785 9.563437 9.539678 9.506839 9.467883 9.450443 9.510744 9.648037 9.838406 10.00806 10.12768 10.16892 10.16781 10.16482 10.17491 10.19794 10.23313 10.26872 10.20666 10.11906 10.06448 10.02394 10.03106 10.03562 10.02611 9.901397 9.897232 9.990734 10.11914 10.12481 10.11706 10.05704 9.966726 9.924026 9.895143 9.882305 9.86794 9.875107 9.877374 9.886058 9.920368 9.968352 10.03264 10.08398 10.11858 10.20769 10.25194 10.2646 10.23875
9.606446 9.570848 9.564898 9.580803 9.580904 9.570785 9.582135 9.60143 9.603685 9.602849 9.600204 9.586336 9.573052 9.597628 9.586709 9.567918 9.553308 9.532469 9.518643 9.530259 9.606246 9.752556 9.899002 10.05407 10.16913 10.20982 10.19667 10.17969 10.16878 10.18305 10.19252 10.172 10.07378 9.975155 9.907064 9.869637 9.880272 9.898066 9.839802 9.716502 9.835655 9.9889 10.1082 10.13932 10.08777 9.982894 9.913969 9.900395 9.874025 9.847258 9.829201 9.824974 9.827878 9.849502 9.891624 9.968177 10.04842 10.12479 10.20913 10.29167 10.3342 10.32999 10.26054
9.589769 9.562986 9.548838 9.553237 9.561368 9.560045 9.588083 9.607739 9.608613 9.605381 9.593442 9.576016 9.564335 9.584738 9.588495 9.569962 9.566611 9.564065 9.564109 9.576398 9.665071 9.813522 9.969419 10.09949 10.1844 10.20983 10.20167 10.17125 10.1384 10.10938 10.08578 10.03287 9.943534 9.848606 9.786466 9.744628 9.739796 9.734818 9.692015 9.677722 9.803159 10.05097 10.13528 10.05966 9.978719 9.909067 9.882869 9.890052 9.860758 9.806242 9.772293 9.742063 9.752543 9.785661 9.860957 9.962399 10.0676 10.17113 10.25933 10.35997 10.38171 10.29945 10.10899
9.590284 9.571898 9.560819 9.547379 9.546961 9.554548 9.58614 9.61677 9.615561 9.605137 9.584815 9.565014 9.567003 9.58105 9.586918 9.576969 9.576168 9.587946 9.604871 9.643235 9.729897 9.864028 10.01568 10.1146 10.16488 10.17115 10.16838 10.13285 10.07653 10.02169 9.956756 9.892679 9.828924 9.755097 9.696173 9.639784 9.632944 9.611709 9.606406 9.679566 9.860778 9.996253 10.04705 9.940149 9.828999 9.847568 9.893026 9.891376 9.791989 9.705758 9.674508 9.650729 9.651541 9.689892 9.827044 9.974703 10.10344 10.21103 10.29685 10.34529 10.27473 10.07701 9.799993
9.589975 9.575376 9.568418 9.562737 9.562989 9.574677 9.606468 9.621296 9.620915 9.594899 9.569215 9.560769 9.563043 9.565768 9.571577 9.576585 9.586251 9.614086 9.654038 9.708113 9.774358 9.866371 9.982476 10.05356 10.09753 10.11358 10.11903 10.08267 10.00742 9.921248 9.836937 9.772207 9.708732 9.646948 9.59869 9.543072 9.517585 9.517319 9.582063 9.66966 9.805313 9.895686 9.824848 9.743294 9.731272 9.808215 9.823972 9.772573 9.668384 9.558809 9.516975 9.494608 9.497422 9.623926 9.81092 9.998363 10.13066 10.23371 10.2873 10.22812 9.992756 9.718141 9.402565
9.591239 9.576426 9.569646 9.581244 9.592766 9.618166 9.653146 9.654739 9.615775 9.567592 9.534966 9.544866 9.55431 9.552367 9.548687 9.565686 9.596266 9.626305 9.683347 9.740211 9.796987 9.858236 9.923246 9.988052 10.03817 10.0517 10.05343 10.01266 9.918804 9.809872 9.728194 9.662934 9.589838 9.529046 9.474288 9.430151 9.437323 9.471464 9.512771 9.577371 9.670747 9.690118 9.634715 9.570901 9.644278 9.70244 9.648451 9.578085 9.476958 9.377844 9.339398 9.312958 9.379016 9.603277 9.866373 10.02991 10.14964 10.21259 10.19732 10.05042 9.758021 9.402505 9.098341
9.58922 9.580825 9.574458 9.593137 9.614752 9.63465 9.649703 9.645802 9.583555 9.504845 9.496631 9.53369 9.549605 9.531012 9.538146 9.566339 9.602324 9.637327 9.671086 9.72548 9.780889 9.826738 9.880611 9.939613 9.991228 9.997982 9.978436 9.927338 9.827921 9.714774 9.61792 9.546124 9.497423 9.436375 9.384246 9.35491 9.363828 9.391369 9.425056 9.472856 9.496932 9.489298 9.454279 9.47128 9.525734 9.491148 9.435047 9.355474 9.283525 9.189342 9.162188 9.206006 9.377345 9.633894 9.914101 10.05365 10.11815 10.11307 10.03546 9.822803 9.520334 9.177581 8.939113
9.593654 9.590777 9.594073 9.612703 9.627566 9.631009 9.629462 9.563689 9.484668 9.42346 9.46324 9.535943 9.555212 9.530275 9.522302 9.570478 9.647232 9.655136 9.653012 9.673683 9.72866 9.790788 9.865279 9.897598 9.918682 9.918091 9.849817 9.813892 9.746134 9.613572 9.51568 9.447392 9.40044 9.364738 9.316364 9.291825 9.301727 9.319324 9.350659 9.357735 9.36629 9.34531 9.336752 9.341499 9.354636 9.309223 9.209719 9.172632 9.114296 9.060464 9.072837 9.198863 9.442301 9.698087 9.857263 9.921872 9.948295 9.854802 9.735465 9.555961 9.289682 9.034727 8.899609
9.595666 9.598899 9.610004 9.61655 9.623532 9.627277 9.59395 9.509712 9.389438 9.370423 9.486772 9.568051 9.558594 9.52072 9.522867 9.573484 9.657782 9.677701 9.676284 9.668601 9.699306 9.770562 9.850309 9.86147 9.848528 9.822758 9.773763 9.706689 9.620312 9.496907 9.40368 9.333075 9.296482 9.271562 9.241515 9.233403 9.235385 9.23957 9.245383 9.248226 9.23971 9.225533 9.215708 9.222837 9.211351 9.152388 9.072917 9.009971 8.972722 8.994582 9.054052 9.203794 9.407732 9.59663 9.691295 9.662712 9.559475 9.492841 9.370921 9.202627 9.05253 8.968957 8.918007
9.592866 9.606601 9.612142 9.614429 9.616557 9.604485 9.560289 9.48505 9.389736 9.401997 9.500991 9.567104 9.559517 9.522158 9.534778 9.610145 9.655625 9.675412 9.702085 9.697664 9.713559 9.761417 9.815219 9.807361 9.769921 9.724944 9.660372 9.582003 9.470561 9.381619 9.30334 9.243396 9.200113 9.174245 9.173874 9.17331 9.175055 9.159575 9.140815 9.12112 9.109358 9.097445 9.08329 9.101735 9.075636 9.020527 8.958041 8.908464 8.903671 8.917311 9.004754 9.142854 9.265732 9.32509 9.351483 9.265522 9.178952 9.126404 9.070838 9.053344 9.007798 8.993473 8.982204
9.600617 9.608199 9.609971 9.610995 9.604795 9.584891 9.539886 9.480539 9.421153 9.420339 9.49764 9.561675 9.566885 9.564108 9.590141 9.644777 9.678248 9.713973 9.735845 9.726099 9.738182 9.767991 9.770444 9.744864 9.705483 9.639277 9.55903 9.471933 9.385392 9.301306 9.236203 9.169585 9.129802 9.104713 9.116875 9.140336 9.130545 9.090727 9.039122 8.999025 8.979014 8.972569 8.968098 8.986855 8.957014 8.893271 8.845378 8.834968 8.846272 8.889794 8.950091 8.999727 9.044842 9.053507 9.023943 8.993311 8.988126 9.035789 9.100915 9.14238 9.19595 9.193705 9.151433
9.603209 9.602125 9.597445 9.597017 9.593614 9.569621 9.530381 9.48148 9.438934 9.42818 9.49807 9.552944 9.57815 9.606094 9.648264 9.678504 9.690626 9.718161 9.739657 9.721079 9.73519 9.751476 9.718906 9.681488 9.644009 9.583443 9.494555 9.400014 9.31485 9.244923 9.177166 9.110165 9.04866 9.046542 9.105543 9.141392 9.111994 9.036342 8.943397 8.875654 8.87086 8.890913 8.906949 8.904969 8.862041 8.801465 8.783225 8.799366 8.854889 8.900218 8.916684 8.908642 8.904855 8.900875 8.911279 8.962832 9.091574 9.276107 9.409764 9.480392 9.498831 9.486114 9.37303
9.597992 9.597295 9.588614 9.585443 9.58289 9.566125 9.531019 9.491356 9.465168 9.468438 9.502038 9.548936 9.590528 9.629123 9.668422 9.674214 9.671455 9.699085 9.722621 9.712465 9.713473 9.722007 9.690194 9.640162 9.588226 9.539019 9.454665 9.356213 9.272146 9.208844 9.151336 9.059671 8.987069 9.030308 9.173229 9.208756 9.138344 9.002973 8.845498 8.7346 8.779819 8.83865 8.856934 8.859946 8.827922 8.782424 8.770881 8.825485 8.906979 8.966551 8.967999 8.929666 8.924313 8.961241 9.064886 9.225528 9.443599 9.631632 9.767694 9.836721 9.821707 9.69641 9.507247
9.595269 9.587182 9.584513 9.579438 9.575484 9.563727 9.536495 9.511257 9.494967 9.50194 9.529292 9.558153 9.598531 9.641018 9.662931 9.670299 9.664605 9.676066 9.684645 9.68552 9.680074 9.685162 9.669611 9.632077 9.584151 9.516029 9.428466 9.340115 9.270341 9.221462 9.146857 9.02232 8.987769 9.110635 9.269063 9.294435 9.167072 8.98242 8.765148 8.659837 8.736566 8.806082 8.847301 8.880706 8.878954 8.861832 8.861109 8.92523 9.044333 9.109312 9.092636 9.048093 9.074264 9.184613 9.358321 9.565662 9.7748 9.933247 10.01695 10.02046 9.959141 9.822511 9.602353
9.591681 9.58255 9.576986 9.574964 9.570357 9.562422 9.547042 9.527421 9.51924 9.529727 9.561707 9.583296 9.597321 9.627142 9.649889 9.663348 9.66223 9.665271 9.668098 9.667383 9.659033 9.65211 9.636724 9.618299 9.578137 9.511616 9.431876 9.355382 9.299042 9.250549 9.148708 9.016573 9.064484 9.219362 9.343707 9.348985 9.202959 8.950193 8.689631 8.586021 8.720967 8.856833 8.942883 8.996673 9.028345 9.038416 9.024219 9.105582 9.226809 9.273853 9.22718 9.182742 9.222249 9.370653 9.562362 9.770466 9.9386 10.06489 10.11318 10.0952 10.02835 9.882152 9.660875
9.588509 9.578444 9.569172 9.563713 9.559356 9.556858 9.552429 9.548864 9.541553 9.55192 9.583213 9.591001 9.592356 9.617912 9.6334 9.648914 9.652944 9.657032 9.661436 9.660586 9.642724 9.628605 9.621778 9.606888 9.56985 9.498284 9.421589 9.361721 9.321987 9.244726 9.100475 9.029257 9.141172 9.302342 9.377184 9.361036 9.185466 8.896867 8.601576 8.565434 8.770649 8.977617 9.104327 9.167052 9.204395 9.197587 9.191718 9.265104 9.364075 9.369027 9.2972 9.256697 9.315802 9.455037 9.631443 9.819062 9.985828 10.10982 10.14312 10.13612 10.08128 9.943733 9.733165
9.588866 9.569459 9.549537 9.538949 9.53984 9.544624 9.549721 9.556767 9.559694 9.571412 9.59317 9.599669 9.597867 9.60702 9.62606 9.638962 9.646701 9.649429 9.659065 9.645985 9.629411 9.612182 9.599614 9.586958 9.55459 9.493843 9.428613 9.362748 9.303661 9.178892 9.080956 9.090419 9.153333 9.273971 9.343035 9.335436 9.14802 8.84212 8.579298 8.637301 8.873122 9.10744 9.230847 9.296137 9.302367 9.267065 9.262883 9.330055 9.39465 9.354228 9.280845 9.282337 9.353186 9.461199 9.642503 9.819429 9.986665 10.11923 10.18928 10.21181 10.16265 10.03411 9.837766
9.581387 9.567303 9.53161 9.519925 9.528145 9.539144 9.549626 9.557384 9.56746 9.581234 9.593074 9.60272 9.609563 9.612973 9.617286 9.631076 9.644359 9.650201 9.649626 9.628976 9.606254 9.594285 9.583703 9.566212 9.53374 9.486349 9.418635 9.340962 9.239312 9.09482 9.102135 9.161691 9.18091 9.223761 9.273005 9.252885 9.072575 8.809112 8.607926 8.719797 8.966142 9.161713 9.261836 9.309659 9.292295 9.27799 9.292982 9.320171 9.316026 9.262092 9.216699 9.256308 9.346751 9.455603 9.62498 9.822659 10.00335 10.17858 10.29512 10.34949 10.30782 10.1685 9.971824
9.562477 9.550803 9.529281 9.516623 9.523406 9.533251 9.54705 9.558376 9.565838 9.579449 9.583184 9.596196 9.607167 9.618656 9.61963 9.619256 9.631334 9.644332 9.639906 9.62025 9.599112 9.582218 9.568671 9.547418 9.509181 9.451673 9.380961 9.294238 9.168902 9.104004 9.164576 9.234799 9.23105 9.191287 9.185856 9.142752 8.995858 8.814317 8.698567 8.76185 8.961262 9.119206 9.216568 9.236357 9.23806 9.24367 9.254073 9.238912 9.192969 9.142652 9.14028 9.205929 9.327022 9.440365 9.638831 9.873166 10.10884 10.33397 10.50838 10.57537 10.51211 10.31918 10.06899
9.556483 9.545825 9.532504 9.525586 9.530231 9.538088 9.547989 9.5539 9.562181 9.566816 9.574358 9.585128 9.60073 9.612275 9.623557 9.627074 9.62946 9.625796 9.620492 9.611974 9.595684 9.574965 9.552657 9.532721 9.493365 9.423903 9.371595 9.243964 9.139904 9.151656 9.257753 9.290935 9.228575 9.141129 9.070882 9.052399 8.968514 8.844769 8.77897 8.787162 8.885953 9.011392 9.102509 9.128065 9.142294 9.162053 9.158153 9.131982 9.087839 9.051408 9.072686 9.170937 9.329369 9.48307 9.695139 10.00043 10.31844 10.5889 10.79851 10.85901 10.71938 10.4384 10.12464
9.554154 9.544798 9.542514 9.54258 9.540487 9.544763 9.550586 9.554202 9.562647 9.557714 9.569274 9.579162 9.595604 9.609281 9.624129 9.628986 9.628327 9.614956 9.604959 9.596862 9.584633 9.567822 9.545017 9.52484 9.479496 9.410535 9.321312 9.274512 9.21908 9.190165 9.261324 9.268511 9.190455 9.073811 8.972456 8.975269 8.963004 8.892897 8.828098 8.79912 8.799161 8.908316 8.987027 9.007907 9.036647 9.044165 9.041035 9.029171 9.003851 8.991423 9.043989 9.189418 9.39571 9.598403 9.854167 10.21152 10.60806 10.92694 11.12519 11.10837 10.8515 10.47269 10.07609
9.554734 9.543657 9.545623 9.557617 9.561309 9.560704 9.556952 9.558436 9.558476 9.55262 9.567374 9.581761 9.5958 9.612295 9.62216 9.629107 9.625467 9.610342 9.595666 9.581769 9.576219 9.57033 9.532635 9.506731 9.473212 9.39816 9.314991 9.247925 9.25099 9.243135 9.264545 9.213581 9.134671 9.012703 8.902685 8.917899 8.934458 8.909003 8.858189 8.792669 8.773426 8.85084 8.921949 8.949072 8.955914 8.936077 8.934646 8.936064 8.9443 8.96824 9.065785 9.269375 9.545879 9.809369 10.08551 10.49963 10.95422 11.29086 11.40767 11.25336 10.85746 10.38093 9.91424
9.56149 9.550058 9.548681 9.560105 9.56855 9.574127 9.571362 9.568058 9.561093 9.561992 9.575406 9.587747 9.604386 9.61734 9.617092 9.620278 9.615237 9.606462 9.59057 9.574584 9.564848 9.558955 9.549375 9.493734 9.449906 9.379352 9.299026 9.236081 9.230758 9.212069 9.210936 9.205935 9.138502 8.975282 8.867221 8.868209 8.894451 8.896199 8.883464 8.795066 8.729418 8.775536 8.845711 8.89416 8.894023 8.857555 8.833135 8.845569 8.896064 8.993494 9.146638 9.411439 9.769432 10.10169 10.39896 10.8283 11.31682 11.61177 11.5704 11.22919 10.71574 10.17601 9.704089
9.568934 9.567604 9.568044 9.57093 9.576344 9.581559 9.583854 9.578675 9.574284 9.580014 9.593187 9.602741 9.609647 9.621823 9.624258 9.615936 9.605053 9.597885 9.590086 9.576409 9.556405 9.552395 9.541002 9.512597 9.456335 9.37332 9.288297 9.244045 9.213438 9.177042 9.18441 9.172714 9.083783 8.962534 8.858099 8.85347 8.887198 8.88515 8.858644 8.740995 8.665826 8.682787 8.755633 8.811486 8.825833 8.808681 8.770438 8.803834 8.899105 9.061245 9.292946 9.623527 10.04067 10.42546 10.74856 11.17226 11.62041 11.81948 11.59151 11.09116 10.49088 9.93351 9.510167
