py_wake/examples/data/AJ_ParqueFicticio/Rough survey   Sector All   Height 200m   Power density.grd
DSAA
73  159
 258469   265669
 6501692   6517492
 238.8899   1354.657
[rows 0 to 27 of 159, columns 0 to 62 of 73]
519.9631 517.5186 516.9586 516.7321 516.1646 515.921 516.4167 516.607 516.3715 515.9977 514.9098 512.973 510.7689 507.5686 504.1456 500.558 497.1095 493.7076 489.652 487.3142 489.0043 501.6961 517.6633 526.4768 517.4688 494.7853 482.4371 491.7031 500.8342 501.7213 499.111 501.0182 502.7614 507.7077 517.7618 535.0057 560.2706 584.7314 593.8478 597.3292 600.1141 601.7822 602.4049 600.8311 597.9658 592.7423 587.3021 581.6322 578.7007 574.9657 571.4414 567.3435 564.3065 562.2721 559.3768 556.9648 555.4626 552.1359 548.6896 544.6467 539.4598 534.7272 529.6418
524.0618 519.2593 517.2916 516.6473 515.9762 515.9922 515.9797 516.3522 516.076 515.9478 515.2604 513.0923 510.5858 507.4725 503.833 499.4102 495.3748 491.5728 486.004 483.1185 487.3085 504.4837 529.6841 547.0145 538.6647 513.0784 491.8739 495.3867 502.3718 503.8849 503.2711 502.611 502.3286 505.868 512.9665 529.9881 553.1115 579.4274 593.5352 596.3827 597.1771 600.6949 606.4309 607.1818 598.0997 593.0219 588.0399 583.4437 579.5643 575.6691 573.1404 570.0487 567.213 565.3321 563.1599 561.4608 559.2324 556.5759 551.4994 546.8502 541.3073 535.4418 529.686
533.1752 523.944 518.0646 516.5764 515.6309 515.6924 515.8029 515.673 515.6793 515.2124 515.3113 513.5013 510.9906 507.9654 504.1471 498.5395 493.4936 488.2847 482.7232 479.5225 485.04 503.5769 532.8813 556.816 558.9796 532.1273 507.4148 500.3518 503.1099 504.1039 505.0998 503.8524 502.6315 503.0074 504.6813 517.0968 538.7653 569.0442 586.5336 592.5018 594.082 598.4097 605.0098 610.4384 602.6675 592.2684 585.9186 582.3087 579.6229 576.1275 574.1866 573.5218 571.2128 568.7569 565.9453 565.9187 563.6653 560.0182 555.4352 549.8335 542.6199 536.248 529.2343
547.3595 532.5234 521.0302 517.2223 515.5819 515.6558 515.8412 515.5816 514.9249 514.2764 513.5681 513.6342 512.8681 509.9003 504.4728 497.3975 491.498 485.3726 479.6566 476.1605 482.4825 501.4938 530.7603 558.3596 569.2603 549.8381 522.5517 510.4015 506.8366 506.3387 506.5251 506.402 501.9432 495.8087 492.0262 498.1353 515.4404 546.3398 571.0813 581.1974 586.4221 596.2769 605.1619 610.8939 608.8506 596.259 585.363 580.3171 578 575.2694 576.1697 576.3408 574.6047 573.2533 572.5488 570.7081 568.6608 564.5281 559.4503 552.2619 544.6983 537.1526 529.1864
557.7759 542.1466 527.9788 520.6344 516.5815 515.7897 516.4272 516.3037 515.2659 514.0254 512.5988 510.7418 512.0865 511.3194 505.0948 496.6718 489.5746 483.0026 477.4869 474.4 482.2415 500.3717 527.132 554.6916 570.014 560.12 538.4931 522.7408 513.8091 510.6802 508.4062 507.0222 497.0631 486.153 478.2949 475.6715 488.49 513.9211 541.0459 556.3066 574.1281 592.6097 606.7034 609.4528 610.6646 598.6544 585.8839 578.6953 575.1957 575.2293 577.6981 580.2162 580.0291 580.108 579.4335 578.5729 576.1658 571.5281 564.2698 557.0427 548.2877 537.5027 526.9175
562.8229 551.4863 540.4564 530.3383 520.2936 517.0195 518.2466 518.2938 516.551 514.5267 513.7722 509.9272 509.7467 511.6123 506.2537 497.8129 489.2947 481.2725 476.1994 476.1069 486.1673 505.2432 527.3204 551.9916 569.3927 566.535 548.8444 532.9385 520.8942 513.2022 507.0293 501.6277 492.4164 481.0201 470.4986 463.7776 468.9906 486.4819 504.7955 522.6528 554.3926 589.6598 606.8518 607.231 602.13 594.9371 585.7935 580.364 575.7231 574.2468 577.2581 581.7172 584.0459 586.459 588.2095 588.903 585.9293 581.0396 573.9921 564.6403 552.0707 537.5181 520.3711
565.3176 559.5848 554.4388 545.1205 530.541 520.4535 521.9722 522.4219 520.2 517.6718 515.4958 511.0405 508.5417 510.3827 508.1156 500.7185 490.8804 480.7125 473.5832 471.7965 483.2607 505.1044 528.6119 552.1749 569.9665 570.2471 557.158 541.0517 525.2858 512.75 503.5252 494.3891 487.0563 476.7183 465.9507 458.1557 457.6631 464.8022 475.4833 495.0103 535.7794 580.4418 601.3402 597.0157 588.4664 583.6234 581.978 580.7327 572.508 567.9415 571.1479 576.8957 584.1107 591.4415 597.3042 599.6151 598.2043 593.4202 585.0198 571.7371 553.9151 530.7813 505.3328
566.6802 564.2328 560.9279 554.3654 542.3109 530.9108 527.6459 527.7104 524.6541 521.1508 517.4758 513.9474 512.3895 513.9443 512.1912 505.3472 494.7395 483.3876 473.6561 468.8415 478.2715 500.2645 527.7341 550.0876 567.184 571.6237 561.9152 545.756 528.4158 513.5026 500.5337 492.8496 485.5348 475.1472 465.0736 456.1212 452.6348 453.895 460.4898 479.5664 519.7229 560.0848 579.353 577.1798 572.2628 576.4629 580.1404 577.1517 563.2391 555.5342 557.9268 564.6433 575.1725 590.5938 607.3211 613.6585 613.0699 607.8048 596.4437 579.2739 550.7046 516.8145 484.1485
568.1852 567.5111 565.7303 561.7742 553.3882 543.6828 537.9225 534.3209 529.1879 524.0968 520.0858 517.6358 517.0371 516.7916 516.8138 512.8127 503.4878 489.8183 477.6283 469.6501 471.0391 488.8342 513.0463 534.0833 554.9415 568.7354 567.4974 552.2863 534.0377 516.2567 501.3921 492.611 484.4873 475.582 466.5596 457.465 451.7732 450.9375 458.5376 472.9198 502.7502 533.2405 546.1791 547.1523 556.5107 568.8514 570.0241 565.8018 550.5297 539.235 542.7365 548.6834 559.2798 583.2071 611.7653 626.8919 627.4028 622.3924 610.4926 585.0193 541.8351 498.4315 462.5725
569.5167 569.2594 568.632 567.5435 562.19 553.95 546.5189 539.8171 532.8332 525.2848 522.5884 522.1259 520.6332 520.1508 521.6759 521.3958 515.0571 502.2078 487.3434 474.9667 468.537 474.2479 493.6434 513.139 532.8463 554.2786 564.4745 555.5465 537.5754 518.2413 504.3165 494.8283 485.989 477.0446 468.2885 460.0964 454.3716 453.6927 459.2091 470.5962 489.9124 506.4575 515.455 519.8666 536.3452 550.934 549.6378 545.4529 534.473 520.9283 522.7612 528.8967 543.9133 577.7894 614.6812 635.4987 638.4874 635.2851 619.0452 588.6401 537.5089 484.8617 446.6283
570.5267 570.6405 570.4335 570.8111 570.0322 562.7148 556.1582 546.2795 534.0916 525.2868 525.4464 528.5699 525.5474 520.6696 524.4219 530.9803 530.5461 518.9274 502.1074 486.3647 474.6895 470.3533 480.0653 494.7047 512.624 530.7314 548.5864 549.3172 536.5508 518.5294 505.8844 496.6055 489.1819 480.7472 472.0174 463.6707 459.2172 457.3684 460.0348 470.0009 481.2554 491.6747 497.635 502.7485 516.4136 525.0892 524.4868 523.7109 517.4365 504.1217 502.1661 510.4624 536.491 575.9759 613.8411 634.0078 641.8363 639.2939 623.2745 589.7493 538.3992 481.2264 442.4953
570.1757 571.5075 571.5479 571.3558 573.7429 570.4982 565.4624 549.9937 531.9691 525.2612 529.9327 535.8733 532.1893 522.0008 521.5406 534.0101 545.8863 536.8642 519.8171 502.2291 486.092 477.5237 479.3441 485.5155 496.0306 510.6252 525.0903 531.6606 527.9391 514.266 503.9256 495.5617 490.2277 485.1332 477.0526 468.3807 463.7069 461.6297 463.0334 468.592 477.1034 484.2973 489.8714 495.7628 502.2022 505.1855 503.8365 504.453 503.3742 493.8237 489.1066 501.3941 534.2566 574.1303 603.2314 618.5146 625.3074 623.3159 610.1951 582.7086 537.2107 485.53 448.5154
568.5612 570.7939 572.2997 571.5819 573.6584 574.0674 569.191 555.3727 533.7499 528.3641 538.4537 547.4627 542.4781 528.6033 523.084 531.5585 547.1748 551.3322 540.3221 522.8404 507.3603 496.4657 492.3337 488.2439 489.0679 496.0327 506.8587 513.384 513.2467 506.3134 498.7911 492.3651 488.6622 485.2948 480.0545 473.7216 467.5129 465.0274 465.4489 468.735 474.164 481.0905 486.6452 492.9142 494.0963 491.7112 491.2101 491.2363 491.1058 487.562 486.0053 496.8326 524.675 559.6328 584.3134 592.9891 596.939 596.5771 585.9169 560.8052 525.4512 488.1694 455.0908
565.9023 569.0037 571.1858 572.5452 573.7203 573.783 569.5882 559.1983 541.4352 537.0061 546.7009 554.811 553.1401 542.3353 535.254 539.0908 548.213 552.2057 553.7277 542.9747 531.6354 522.2992 512.0093 498.4165 490.1773 489.3081 494.6582 498.955 498.2016 495.9731 491.4062 487.4289 485.4046 484.0281 481.3607 476.7892 471.3778 467.9986 466.9171 469.0208 473.8923 478.507 483.2689 491.5422 489.5256 486.8409 484.6531 483.7036 484.9341 483.7439 486.276 494.8415 514.4432 540.5441 562.0611 572.1743 575.653 575.8162 567.4642 547.5859 518.7352 486.3092 456.8579
564.0414 567.0701 569.6111 571.6967 573.243 572.4243 567.955 560.4598 548.8686 544.0069 551.3442 558.0084 558.4944 554.6216 550.0735 550.36 553.7271 558.7427 561.9859 557.7907 552.794 546.7069 534.3908 516.4844 500.1476 491.0823 486.7134 486.2763 486.1955 485.5219 484.14 482.679 483.5335 485.2115 485.5225 481.8983 474.533 468.5002 466.7834 470.1973 475.8691 481.2393 485.1557 492.0067 492.6725 485.984 483.2472 483.1525 484.9583 488.0963 490.1825 495.8937 509.5784 528.256 546.126 558.7744 569.3951 575.5314 570.1184 552.0248 525.3237 492.51 459.9475
562.4921 564.936 567.1616 569.6362 571.482 570.204 566.4275 561.3356 554.1192 548.4418 553.5532 558.7722 561.3391 562.4147 561.6835 558.4266 557.6458 562.4429 567.9759 565.6549 564.512 564.3572 556.0704 537.8751 518.3562 500.0637 487.3268 481.425 478.7434 479.6605 478.6888 478.1324 479.9045 487.6881 494.8116 491.5168 478.0592 467.8166 463.7234 468.8609 479.8793 487.7581 491.5954 497.4734 495.8566 489.6355 486.5551 487.7949 493.3756 496.4406 497.8893 499.5891 509.5046 526.1587 543.2073 560.6467 579.4249 591.9475 591.3268 574.4614 545.6049 508.8931 465.8378
560.5573 562.8875 564.4904 566.9232 569.0197 568.5491 566.2164 561.9011 557.5233 554.3095 555.7526 559.2653 563.0729 564.8694 567.2132 565.1128 562.1245 564.1881 569.7722 569.5016 570.0792 572.2435 569.3351 559.7332 542.9637 520.4796 498.5972 483.2387 477.7132 476.7976 477.7048 475.1464 478.5409 493.4283 509.7603 508.9085 489.1987 469.4045 460.307 465.0248 484.7285 497.6867 502.8229 505.0999 503.8035 497.6746 493.2022 497.0499 505.7003 509.823 508.1872 507.4049 516.4893 531.7343 553.4385 577.0265 600.9759 618.9126 620.635 607.3564 578.7929 532.147 476.3428
559.0814 560.7852 562.9722 565.3627 566.7684 566.9219 565.7346 563.1879 560.2523 559.7084 560.249 560.4937 562.4788 566.7134 569.2524 568.9882 566.9276 567.4529 570.0736 571.2756 572.0399 574.5251 574.6304 571.938 563.0303 544.7535 519.2762 497.5686 484.9706 481.499 477.5581 472.8727 481.2513 502.6808 523.8647 526.1247 501.413 474.3618 456.8785 464.1112 492.5607 512.6318 520.6515 523.4938 521.1236 513.4225 507.5456 512.3003 523.5692 526.7768 519.9137 515.9398 525.1759 547.5865 574.1023 600.3278 625.7264 642.697 647.1691 633.5799 604.7704 557.715 495.8365
557.5419 559.1713 560.9354 563.7996 565.1415 565.4797 565.5607 563.4557 562.2798 562.8622 564.4441 563.1021 561.9196 566.0514 569.5055 570.8721 570.1729 570.8162 571.6815 572.3467 572.051 573.4951 575.6158 578.0853 573.7922 560.232 539.7997 518.348 502.0677 492.2736 481.1408 472.9927 489.832 514.7776 535.1996 540.2203 516.1674 478.4404 453.7866 462.6123 500.7075 532.806 548.3149 552.2545 547.296 539.6942 530.4348 535.3632 547.7235 549.4838 538.297 530.2377 537.9119 560.6962 590.5018 620.6497 644.1569 660.1506 660.9106 648.3671 622.025 578.924 517.8999
556.115 557.7182 559.6343 561.7605 562.4712 563.5816 564.0424 563.8188 563.4883 564.8019 567.1357 566.4715 563.8206 565.9808 569.0748 572.0311 572.7673 573.6917 573.8712 573.7362 572.1003 572.5552 573.6717 577.7634 577.1267 569.2255 555.2802 538.3666 521.8176 506.1484 486.4979 476.303 494.775 524.3037 545.1389 550.666 526.3841 483.9252 451.7851 462.8069 505.5926 548.9732 573.9681 581.3032 579.8506 570.5713 559.3023 562.0643 571.6878 570.5753 557.8235 546.97 552.5322 571.4514 598.9378 629.3263 654.0747 671.6176 670.451 657.5331 633.2747 592.1909 537.4622
554.8188 555.5372 556.0575 557.0557 558.6826 559.8323 561.588 562.7766 563.8663 565.8816 567.8411 568.2062 566.4472 567.6357 570.0006 572.7421 574.504 575.3752 575.5875 573.4645 571.6463 570.6194 572.1389 574.4561 575.0175 570.5178 560.7148 549.6473 536.4993 514.4006 495.5343 487.2127 490.3473 519.6702 544.939 555.7174 531.7161 485.9499 455.0362 467.6259 510.0333 556.1574 586.9975 601.7979 602.976 595.8318 586.1099 584.7182 588.9824 585.3068 570.8738 566.6381 569.5274 583.264 609.6428 638.3287 664.6384 682.5811 683.8374 669.6946 642.5052 603.3404 553.4206
553.0864 553.0785 552.1934 553.2343 555.5976 557.3017 558.8685 560.5017 562.6644 565.343 567.3768 569.0447 569.3669 569.6562 570.6816 572.5068 575.0516 576.6915 576.441 574.2778 572.4883 571.2469 571.4338 572.5075 572.2946 569.338 561.1526 551.0598 538.6539 518.5577 508.899 502.8333 491.7446 505.2739 533.4606 551.8002 531.9884 487.8502 456.8456 471.1652 511.0898 556.3049 587.5367 606.133 612.0588 612.8961 608.5657 603.3852 600.2662 593.5232 584.0821 582.3442 587.4648 597.7512 622.4679 651.4869 678.4065 698.3862 700.8412 685.4595 652.3835 611.3429 564.079
550.6588 551.0065 550.5735 550.3819 552.6655 554.5485 556.5157 558.335 560.4779 563.2396 565.9686 568.2956 570.2762 571.4413 571.7866 572.5284 573.0789 576.0231 576.8123 575.5113 573.5226 572.054 572.0611 572.2196 570.5992 566.0212 558.1991 547.6141 534.0963 527.1258 526.9662 521.1647 505.4866 498.6058 516.4067 537.8005 529.2565 495.9658 466.7589 468.0171 502.5569 545.2856 580.2538 599.2346 609.8839 616.8104 620.2245 616.2313 610.3678 601.698 596.5767 599.0164 606.4484 614.3321 637.7919 670.2273 698.7346 719.008 724.2474 707.9235 667.1317 615.8163 567.9521
550.3752 551.2924 549.9359 549.0105 550.2324 552.2096 554.4758 556.0374 558.4258 560.5239 563.7704 566.5778 568.8572 571.2191 572.465 573.251 572.2049 572.9435 574.697 575.4036 574.7755 573.4907 572.7211 572.3309 570.1395 563.4444 554.6409 543.2661 529.9308 530.2418 538.3424 535.8456 516.824 499.0863 500.1873 521.2536 526.2507 507.2498 482.9496 471.2168 489.2031 524.4906 559.9777 582.8235 599.2764 613.249 620.803 622.1002 618.2063 612.2891 611.1735 615.9228 625.3369 634.5709 655.1579 692.7511 727.6791 749.4534 753.9012 733.4405 682.835 620.6915 567.2065
549.2759 550.7297 550.2609 549.6707 550.1411 551.5084 552.8154 554.4731 556.5254 559.1343 561.8038 564.7338 567.4683 569.5579 571.659 573.2771 573.1038 572.3815 573.5065 574.2196 574.8121 574.3204 572.8886 572.7237 568.9073 561.6148 551.5049 542.3015 533.2175 530.1749 537.422 538.9695 526.6703 505.9251 493.1902 508.9258 519.5031 512.5706 496.169 480.9685 482.5331 510.112 541.1378 564.1978 585.1161 601.744 614.7568 623.1877 625.3827 625.0523 628.8199 638.5473 649.9575 659.7142 677.7159 720.3715 764.8268 787.2607 785.8892 755.6089 691.7892 620.1885 562.1326
549.2329 548.6211 549.0172 550.1406 550.8762 551.8809 553.1373 553.7395 554.9089 556.9799 560.4614 563.5275 566.1526 568.8928 570.747 572.3789 572.9633 572.9949 572.8039 573.1469 573.903 574.1155 572.9157 572.0569 568.4849 559.8798 549.1862 543.6491 541.3076 534.5139 535.5671 537.1997 528.5436 511.5676 494.4326 503.1848 512.771 514.1232 504.1373 488.4699 484.6228 503.7374 532.7015 557.4829 576.3287 590.8217 605.4003 620.781 631.9351 637.6943 647.0585 664.6392 684.2449 694.6821 708.52 753.6127 807.3167 830.33 815.6079 765.485 689.5036 614.0371 552.8403
550.2675 548.3812 547.9081 549.25 551.3182 552.8247 553.5408 554.5538 554.803 555.5588 558.3856 562.134 565.5654 567.9162 569.7493 570.7963 572.0446 572.8318 572.539 571.8915 571.6229 572.2797 572.5271 569.7838 567.9588 560.483 548.502 544.9152 544.7064 537.0028 534.7632 534.4921 526.7579 512.1417 499.5941 504.0956 508.4211 511.5908 509.77 492.7505 485.5803 499.9576 526.4597 550.4478 570.7961 583.2785 597.2414 615.3164 634.8619 649.0334 667.9923 694.7015 726.7338 742.7003 750.1171 790.3769 850.8527 872.4442 834.6252 756.7861 671.9532 596.1922 539.2278
550.4734 550.1627 549.5536 549.6367 551.726 553.2841 554.223 554.5585 554.8792 555.772 558.3252 561.8459 564.8949 567.6658 569.138 570.4319 570.7843 572.1056 572.2014 571.4406 570.0494 569.2657 569.6126 568.8282 566.097 559.335 550.5796 544.0215 543.9938 539.0273 535.6458 533.617 524.3026 509.9647 499.9941 504.2011 508.5604 509.1398 508.0719 493.2212 483.4606 492.7321 512.0919 540.2936 564.0811 579.2144 593.6808 613.7818 639.0452 663.4537 689.0373 726.5941 772.5822 801.1654 806.1837 838.2262 890.5385 904.3036 840.4144 740.4656 648.5536 575.2786 526.3718
