py_wake/examples/data/AJ_ParqueFicticio/Rough survey   Sector 11   Height 30m   Weibull-k.grd
DSAA
73  159
 258469   265669
 6501692   6517492
 .7050781   2.455078
[rows 112 to 139 of 159, columns 0 to 62 of 73]
1.853516 1.853516 1.849609 1.833984 1.810547 1.798828 1.783203 1.759766 1.744141 1.736328 1.701172 1.669922 1.681641 1.736328 1.767578 1.798828 1.791016 1.748047 1.724609 1.755859 1.791016 1.798828 1.798828 1.806641 1.802734 1.794922 1.791016 1.798828 1.865234 1.841797 1.814453 1.830078 1.826172 1.814453 1.826172 1.833984 1.849609 1.830078 1.802734 1.791016 1.775391 1.771484 1.794922 1.802734 1.802734 1.802734 1.806641 1.806641 1.806641 1.806641 1.806641 1.806641 1.857422 1.865234 1.841797 1.837891 1.837891 1.833984 1.837891 1.798828 1.361328 1.564453 1.763672
1.861328 1.861328 1.857422 1.841797 1.826172 1.802734 1.798828 1.787109 1.771484 1.759766 1.728516 1.705078 1.716797 1.755859 1.791016 1.798828 1.794922 1.744141 1.728516 1.771484 1.798828 1.798828 1.798828 1.798828 1.802734 1.794922 1.791016 1.822266 1.861328 1.826172 1.791016 1.802734 1.798828 1.779297 1.794922 1.818359 1.853516 1.814453 1.802734 1.802734 1.783203 1.775391 1.802734 1.802734 1.802734 1.806641 1.806641 1.806641 1.806641 1.806641 1.806641 1.810547 1.861328 1.869141 1.853516 1.849609 1.841797 1.841797 1.822266 1.771484 1.603516 1.763672 1.830078
1.849609 1.861328 1.861328 1.853516 1.837891 1.814453 1.798828 1.798828 1.791016 1.775391 1.744141 1.732422 1.740234 1.775391 1.798828 1.798828 1.794922 1.748047 1.744141 1.775391 1.787109 1.798828 1.798828 1.798828 1.802734 1.798828 1.794922 1.845703 1.849609 1.806641 1.775391 1.763672 1.802734 1.787109 1.787109 1.806641 1.849609 1.830078 1.802734 1.802734 1.802734 1.806641 1.802734 1.802734 1.806641 1.806641 1.806641 1.806641 1.806641 1.806641 1.806641 1.810547 1.849609 1.869141 1.865234 1.857422 1.849609 1.841797 1.814453 1.759766 1.654297 1.580078 1.826172
1.853516 1.861328 1.861328 1.857422 1.845703 1.814453 1.798828 1.798828 1.798828 1.783203 1.767578 1.759766 1.767578 1.798828 1.806641 1.798828 1.802734 1.783203 1.791016 1.798828 1.798828 1.798828 1.798828 1.802734 1.802734 1.787109 1.787109 1.853516 1.833984 1.826172 1.818359 1.814453 1.814453 1.802734 1.814453 1.841797 1.861328 1.833984 1.802734 1.802734 1.806641 1.802734 1.822266 1.845703 1.841797 1.830078 1.806641 1.806641 1.806641 1.806641 1.806641 1.814453 1.853516 1.865234 1.865234 1.861328 1.853516 1.841797 1.822266 1.767578 1.732422 1.673828 1.697266
1.865234 1.861328 1.861328 1.857422 1.837891 1.802734 1.798828 1.798828 1.798828 1.787109 1.779297 1.787109 1.798828 1.822266 1.822266 1.798828 1.798828 1.798828 1.798828 1.798828 1.798828 1.798828 1.798828 1.802734 1.798828 1.798828 1.794922 1.861328 1.849609 1.849609 1.845703 1.837891 1.826172 1.837891 1.849609 1.861328 1.841797 1.806641 1.802734 1.802734 1.806641 1.818359 1.853516 1.853516 1.845703 1.845703 1.849609 1.849609 1.845703 1.845703 1.849609 1.853516 1.857422 1.861328 1.865234 1.865234 1.861328 1.849609 1.826172 1.779297 1.759766 1.712891 1.732422
1.857422 1.857422 1.857422 1.845703 1.818359 1.794922 1.787109 1.787109 1.787109 1.783203 1.794922 1.798828 1.798828 1.837891 1.837891 1.798828 1.798828 1.798828 1.798828 1.798828 1.814453 1.833984 1.833984 1.802734 1.798828 1.798828 1.798828 1.861328 1.849609 1.853516 1.853516 1.814453 1.802734 1.857422 1.853516 1.841797 1.802734 1.802734 1.802734 1.802734 1.806641 1.826172 1.857422 1.857422 1.837891 1.830078 1.822266 1.814453 1.814453 1.822266 1.841797 1.857422 1.861328 1.861328 1.865234 1.865234 1.865234 1.857422 1.841797 1.779297 1.763672 1.732422 1.779297
1.783203 1.798828 1.794922 1.771484 1.763672 1.759766 1.759766 1.759766 1.755859 1.755859 1.783203 1.798828 1.798828 1.833984 1.833984 1.802734 1.798828 1.798828 1.798828 1.802734 1.822266 1.845703 1.845703 1.853516 1.798828 1.798828 1.798828 1.841797 1.853516 1.845703 1.849609 1.798828 1.849609 1.845703 1.841797 1.814453 1.779297 1.748047 1.755859 1.802734 1.806641 1.810547 1.857422 1.865234 1.865234 1.857422 1.837891 1.806641 1.802734 1.794922 1.814453 1.849609 1.857422 1.857422 1.861328 1.861328 1.861328 1.861328 1.849609 1.833984 1.787109 1.771484 1.822266
1.669922 1.681641 1.693359 1.705078 1.708984 1.720703 1.732422 1.736328 1.736328 1.736328 1.755859 1.791016 1.798828 1.798828 1.814453 1.798828 1.798828 1.794922 1.798828 1.798828 1.798828 1.826172 1.853516 1.857422 1.853516 1.822266 1.798828 1.802734 1.810547 1.841797 1.841797 1.806641 1.841797 1.818359 1.830078 1.791016 1.716797 1.673828 1.677734 1.759766 1.806641 1.802734 1.849609 1.857422 1.865234 1.869141 1.869141 1.849609 1.837891 1.822266 1.826172 1.845703 1.849609 1.853516 1.853516 1.853516 1.853516 1.857422 1.833984 1.787109 1.759766 1.837891 1.853516
1.634766 1.658203 1.666016 1.666016 1.677734 1.689453 1.705078 1.728516 1.748047 1.748047 1.740234 1.755859 1.779297 1.798828 1.802734 1.787109 1.775391 1.775391 1.783203 1.775391 1.794922 1.798828 1.806641 1.845703 1.849609 1.853516 1.841797 1.802734 1.802734 1.830078 1.837891 1.845703 1.822266 1.833984 1.814453 1.744141 1.673828 1.654297 1.681641 1.763672 1.806641 1.802734 1.806641 1.853516 1.873047 1.876953 1.876953 1.873047 1.869141 1.861328 1.853516 1.857422 1.853516 1.853516 1.849609 1.853516 1.853516 1.853516 1.787109 1.748047 1.779297 1.833984 1.861328
1.716797 1.705078 1.685547 1.662109 1.662109 1.677734 1.673828 1.720703 1.755859 1.771484 1.751953 1.755859 1.763672 1.759766 1.736328 1.748047 1.751953 1.771484 1.814453 1.806641 1.802734 1.798828 1.802734 1.798828 1.814453 1.853516 1.853516 1.814453 1.802734 1.810547 1.845703 1.841797 1.833984 1.841797 1.783203 1.712891 1.646484 1.662109 1.716797 1.791016 1.806641 1.806641 1.806641 1.837891 1.873047 1.876953 1.873047 1.873047 1.869141 1.869141 1.865234 1.861328 1.865234 1.857422 1.853516 1.853516 1.857422 1.830078 1.833984 1.982422 1.837891 1.849609 1.849609
1.748047 1.724609 1.685547 1.650391 1.646484 1.662109 1.673828 1.732422 1.794922 1.798828 1.783203 1.794922 1.787109 1.771484 1.720703 1.666016 1.658203 1.705078 1.748047 1.798828 1.798828 1.818359 1.802734 1.798828 1.791016 1.810547 1.830078 1.837891 1.802734 1.802734 1.818359 1.841797 1.853516 1.833984 1.779297 1.716797 1.662109 1.685547 1.744141 1.822266 1.849609 1.845703 1.822266 1.822266 1.865234 1.876953 1.873047 1.869141 1.865234 1.869141 1.865234 1.861328 1.865234 1.865234 1.861328 1.861328 1.857422 1.806641 2.220703 1.939453 1.818359 1.830078 1.845703
1.755859 1.736328 1.701172 1.666016 1.634766 1.650391 1.666016 1.701172 1.798828 1.798828 1.806641 1.837891 1.845703 1.830078 1.779297 1.744141 1.689453 1.662109 1.666016 1.689453 1.728516 1.755859 1.775391 1.794922 1.798828 1.802734 1.802734 1.802734 1.802734 1.802734 1.818359 1.849609 1.841797 1.802734 1.787109 1.708984 1.669922 1.689453 1.740234 1.814453 1.865234 1.873047 1.865234 1.849609 1.853516 1.861328 1.873047 1.873047 1.865234 1.861328 1.865234 1.861328 1.861328 1.861328 1.861328 1.865234 1.857422 1.908203 1.958984 1.755859 1.826172 1.837891 1.857422
1.771484 1.755859 1.728516 1.693359 1.658203 1.638672 1.634766 1.697266 1.798828 1.798828 1.791016 1.822266 1.845703 1.849609 1.845703 1.845703 1.841797 1.806641 1.771484 1.744141 1.763672 1.771484 1.794922 1.798828 1.802734 1.802734 1.798828 1.771484 1.802734 1.802734 1.802734 1.841797 1.802734 1.802734 1.775391 1.708984 1.677734 1.693359 1.736328 1.794922 1.861328 1.873047 1.873047 1.869141 1.857422 1.861328 1.857422 1.861328 1.869141 1.857422 1.857422 1.857422 1.849609 1.826172 1.814453 1.841797 1.865234 1.806641 1.783203 1.810547 1.841797 1.861328 1.865234
1.751953 1.740234 1.724609 1.701172 1.662109 1.654297 1.623047 1.646484 1.763672 1.798828 1.787109 1.794922 1.818359 1.833984 1.845703 1.853516 1.857422 1.861328 1.861328 1.853516 1.849609 1.841797 1.833984 1.845703 1.849609 1.845703 1.830078 1.794922 1.802734 1.802734 1.802734 1.802734 1.802734 1.802734 1.748047 1.697266 1.677734 1.701172 1.744141 1.833984 1.865234 1.869141 1.873047 1.873047 1.869141 1.865234 1.865234 1.849609 1.845703 1.869141 1.865234 1.853516 1.826172 1.822266 1.869141 1.853516 1.841797 1.841797 1.861328 1.853516 1.857422 1.865234 1.857422
1.728516 1.720703 1.701172 1.677734 1.666016 1.689453 1.673828 1.685547 1.751953 1.794922 1.775391 1.787109 1.775391 1.775391 1.802734 1.826172 1.849609 1.861328 1.861328 1.857422 1.857422 1.857422 1.857422 1.833984 1.830078 1.849609 1.841797 1.806641 1.802734 1.802734 1.802734 1.802734 1.802734 1.783203 1.720703 1.697266 1.705078 1.720703 1.767578 1.853516 1.869141 1.869141 1.869141 1.865234 1.869141 1.869141 1.865234 1.861328 1.849609 1.826172 1.869141 1.865234 1.880859 1.880859 1.876953 1.876953 1.873047 1.876953 1.814453 1.814453 1.849609 1.849609 1.849609
1.716797 1.708984 1.685547 1.673828 1.689453 1.724609 1.720703 1.728516 1.767578 1.791016 1.775391 1.783203 1.763672 1.748047 1.744141 1.751953 1.798828 1.814453 1.841797 1.849609 1.861328 1.861328 1.849609 1.822266 1.833984 1.857422 1.822266 1.802734 1.802734 1.802734 1.802734 1.802734 1.802734 1.779297 1.724609 1.712891 1.732422 1.748047 1.794922 1.853516 1.873047 1.869141 1.869141 1.857422 1.857422 1.861328 1.869141 1.869141 1.873047 1.853516 1.869141 1.845703 1.935547 1.853516 1.876953 1.888672 1.880859 1.814453 1.814453 1.814453 1.814453 1.814453 1.837891
1.638672 1.666016 1.662109 1.677734 1.693359 1.744141 1.732422 1.732422 1.767578 1.779297 1.779297 1.787109 1.775391 1.755859 1.736328 1.720703 1.767578 1.791016 1.787109 1.818359 1.857422 1.865234 1.857422 1.837891 1.861328 1.853516 1.794922 1.783203 1.798828 1.802734 1.810547 1.802734 1.802734 1.783203 1.732422 1.716797 1.728516 1.755859 1.791016 1.830078 1.841797 1.830078 1.837891 1.845703 1.845703 1.857422 1.857422 1.865234 1.873047 1.873047 1.802734 2.220703 2.220703 1.939453 1.853516 1.869141 1.865234 1.826172 1.814453 1.814453 1.814453 1.814453 1.814453
1.494141 1.568359 1.630859 1.681641 1.720703 1.736328 1.693359 1.689453 1.724609 1.732422 1.736328 1.783203 1.783203 1.779297 1.744141 1.716797 1.724609 1.748047 1.736328 1.771484 1.837891 1.861328 1.865234 1.849609 1.869141 1.853516 1.744141 1.716797 1.701172 1.755859 1.802734 1.802734 1.802734 1.736328 1.693359 1.693359 1.708984 1.755859 1.775391 1.810547 1.814453 1.810547 1.794922 1.806641 1.794922 1.841797 1.849609 1.849609 1.865234 1.869141 1.732422 2.220703 2.220703 1.810547 1.861328 1.869141 1.873047 1.869141 1.857422 1.837891 1.814453 1.814453 1.818359
1.494141 1.564453 1.623047 1.658203 1.728516 1.744141 1.697266 1.693359 1.685547 1.677734 1.685547 1.728516 1.787109 1.787109 1.767578 1.728516 1.712891 1.728516 1.740234 1.751953 1.787109 1.833984 1.865234 1.853516 1.873047 1.853516 1.798828 1.728516 1.716797 1.744141 1.798828 1.802734 1.638672 1.552734 1.630859 1.673828 1.728516 1.771484 1.798828 1.806641 1.830078 1.833984 1.794922 1.763672 1.740234 1.775391 1.810547 1.837891 1.857422 1.857422 2.220703 2.220703 2.220703 1.841797 1.873047 1.873047 1.873047 1.876953 1.876953 1.865234 1.814453 1.814453 1.818359
1.572266 1.646484 1.673828 1.693359 1.755859 1.759766 1.728516 1.755859 1.736328 1.748047 1.748047 1.775391 1.798828 1.798828 1.794922 1.751953 1.732422 1.736328 1.763672 1.779297 1.783203 1.818359 1.865234 1.861328 1.869141 1.845703 1.822266 1.806641 1.806641 1.810547 1.802734 1.802734 1.677734 1.494141 1.541016 1.681641 1.740234 1.806641 1.830078 1.830078 1.865234 1.865234 1.869141 1.837891 1.794922 1.787109 1.798828 1.810547 1.853516 1.810547 2.220703 2.220703 1.619141 1.857422 1.869141 1.873047 1.869141 1.876953 1.876953 1.876953 1.861328 1.818359 1.818359
1.580078 1.673828 1.728516 1.748047 1.791016 1.767578 1.736328 1.751953 1.736328 1.744141 1.771484 1.794922 1.798828 1.798828 1.798828 1.787109 1.748047 1.759766 1.798828 1.810547 1.810547 1.814453 1.853516 1.861328 1.857422 1.818359 1.798828 1.802734 1.826172 1.849609 1.857422 1.841797 1.802734 1.748047 1.716797 1.740234 1.763672 1.791016 1.833984 1.849609 1.869141 1.873047 1.873047 1.869141 1.857422 1.853516 1.837891 1.818359 1.861328 1.712891 1.677734 1.451172 1.744141 1.849609 1.869141 1.865234 1.865234 1.876953 1.876953 1.880859 1.876953 1.861328 1.818359
1.591797 1.693359 1.740234 1.759766 1.787109 1.763672 1.720703 1.712891 1.720703 1.716797 1.736328 1.763672 1.783203 1.798828 1.798828 1.798828 1.748047 1.759766 1.814453 1.826172 1.833984 1.841797 1.853516 1.857422 1.833984 1.755859 1.740234 1.744141 1.794922 1.849609 1.857422 1.853516 1.841797 1.818359 1.806641 1.806641 1.810547 1.787109 1.787109 1.833984 1.849609 1.865234 1.869141 1.861328 1.861328 1.865234 1.865234 1.869141 1.861328 1.697266 1.783203 1.802734 1.833984 1.853516 1.869141 1.865234 1.865234 1.869141 1.873047 1.880859 1.876953 1.873047 1.857422
1.611328 1.720703 1.771484 1.779297 1.791016 1.763672 1.744141 1.744141 1.748047 1.740234 1.759766 1.759766 1.763672 1.779297 1.798828 1.779297 1.728516 1.732422 1.794922 1.818359 1.849609 1.845703 1.853516 1.849609 1.794922 1.705078 1.666016 1.689453 1.751953 1.826172 1.837891 1.830078 1.849609 1.845703 1.845703 1.822266 1.810547 1.806641 1.787109 1.791016 1.802734 1.810547 1.806641 1.814453 1.837891 1.865234 1.873047 1.876953 1.849609 1.751953 1.849609 1.857422 1.841797 1.837891 1.861328 1.869141 1.865234 1.869141 1.873047 1.876953 1.880859 1.880859 1.876953
1.681641 1.759766 1.798828 1.798828 1.798828 1.763672 1.759766 1.755859 1.748047 1.779297 1.822266 1.833984 1.818359 1.783203 1.791016 1.763672 1.705078 1.724609 1.744141 1.798828 1.845703 1.857422 1.857422 1.853516 1.775391 1.669922 1.642578 1.658203 1.748047 1.810547 1.826172 1.802734 1.791016 1.830078 1.857422 1.857422 1.841797 1.822266 1.794922 1.763672 1.767578 1.763672 1.740234 1.755859 1.802734 1.837891 1.865234 1.880859 1.876953 1.853516 1.861328 1.849609 1.826172 1.814453 1.814453 1.849609 1.865234 1.869141 1.876953 1.880859 1.884766 1.880859 1.880859
1.740234 1.791016 1.798828 1.798828 1.798828 1.767578 1.736328 1.705078 1.693359 1.728516 1.794922 1.849609 1.853516 1.857422 1.841797 1.798828 1.759766 1.712891 1.724609 1.763672 1.830078 1.853516 1.861328 1.857422 1.779297 1.681641 1.634766 1.658203 1.744141 1.798828 1.833984 1.806641 1.779297 1.771484 1.822266 1.841797 1.845703 1.853516 1.830078 1.794922 1.771484 1.755859 1.728516 1.779297 1.791016 1.814453 1.861328 1.869141 1.884766 1.869141 1.853516 1.814453 1.814453 1.814453 1.814453 1.814453 1.845703 1.869141 1.876953 1.880859 1.884766 1.884766 1.880859
1.759766 1.791016 1.798828 1.798828 1.798828 1.751953 1.701172 1.662109 1.634766 1.650391 1.712891 1.787109 1.830078 1.861328 1.865234 1.849609 1.802734 1.755859 1.728516 1.732422 1.771484 1.826172 1.853516 1.857422 1.779297 1.697266 1.646484 1.673828 1.736328 1.771484 1.798828 1.814453 1.798828 1.794922 1.791016 1.810547 1.833984 1.849609 1.826172 1.818359 1.806641 1.779297 1.767578 1.837891 1.853516 1.865234 1.880859 1.880859 1.876953 1.869141 1.869141 1.833984 1.814453 1.814453 1.814453 1.822266 1.822266 1.822266 1.861328 1.876953 1.884766 1.884766 1.884766
1.736328 1.783203 1.798828 1.798828 1.798828 1.740234 1.677734 1.666016 1.642578 1.634766 1.638672 1.693359 1.736328 1.826172 1.865234 1.865234 1.857422 1.822266 1.751953 1.728516 1.759766 1.787109 1.826172 1.814453 1.763672 1.701172 1.658203 1.677734 1.728516 1.767578 1.767578 1.787109 1.806641 1.814453 1.818359 1.810547 1.826172 1.814453 1.798828 1.810547 1.798828 1.787109 1.814453 1.853516 1.880859 1.880859 1.876953 1.876953 1.869141 1.873047 1.873047 1.869141 1.814453 1.822266 1.822266 1.822266 1.822266 1.822266 1.822266 1.845703 1.873047 1.880859 1.884766
1.712891 1.767578 1.798828 1.833984 1.810547 1.736328 1.685547 1.681641 1.701172 1.685547 1.669922 1.650391 1.669922 1.740234 1.814453 1.849609 1.865234 1.869141 1.830078 1.732422 1.767578 1.787109 1.802734 1.802734 1.763672 1.693359 1.646484 1.669922 1.724609 1.771484 1.775391 1.771484 1.779297 1.826172 1.830078 1.833984 1.822266 1.775391 1.771484 1.794922 1.751953 1.740234 1.783203 1.845703 1.857422 1.861328 1.861328 1.865234 1.869141 1.876953 1.876953 1.880859 1.873047 1.822266 1.822266 1.822266 1.822266 1.818359 1.822266 1.822266 1.822266 1.857422 1.869141
