py_wake/examples/data/AJ_ParqueFicticio/Rough survey   Sector 3   Height 30m   Power density.grd
DSAA
73  159
 258469   265669
 6501692   6517492
 .0001479314   1045.697
[rows 28 to 55 of 159, columns 0 to 62 of 73]
43.11754 43.66063 43.90266 43.97414 44.00994 44.11648 44.00485 43.93028 44.41974 45.0671 45.6053 46.03869 45.9667 46.39369 45.86885 45.54866 45.39449 45.45273 45.49954 45.87156 46.34784 46.00272 45.28843 44.11943 42.23502 39.06282 36.29261 36.20927 37.49392 38.01653 38.92508 38.81664 35.06863 29.15891 21.90079 32.53733 37.98753 34.40986 32.31171 24.82666 21.24225 23.84814 24.05739 28.66823 27.90705 26.56821 22.84765 20.74777 25.51423 32.77084 39.86088 53.37989 91.37959 122.5831 119.6902 173.7882 334.3777 362.2763 255.9387 134.7036 69.10207 34.93286 15.92615
42.85508 43.34824 43.99131 44.20893 44.51307 44.60747 44.41546 44.3022 44.97569 45.55823 46.12688 46.52383 46.92271 45.55857 45.21388 44.95548 45.05719 45.45241 45.89642 46.69247 46.03096 44.68633 44.03339 43.1958 41.60157 39.19698 37.0753 36.40041 36.67155 37.3243 37.64927 37.60951 34.16839 27.45313 26.33352 34.96933 33.80502 31.06487 29.76183 26.22021 23.88438 22.58987 23.12758 25.53279 26.4968 24.88228 22.86967 23.61355 32.39931 44.93608 54.45008 71.58618 104.6076 140.3678 162.2375 247.2676 427.1051 392.9127 235.4781 112.3153 55.54126 22.02688 12.53966
42.72986 43.21754 43.79546 44.11279 44.52548 44.7188 44.7202 44.37089 44.83723 45.57653 45.99226 46.36404 46.55174 44.47774 44.00163 44.32405 44.8406 45.49163 46.65504 47.02979 45.63102 44.18623 42.99202 42.10788 40.80212 39.19758 37.75718 36.97904 36.35416 36.62037 36.86212 37.11739 33.41376 28.11469 27.33719 30.68611 31.45452 30.21825 27.93873 26.80145 24.34257 20.50008 23.82632 25.1771 24.45194 24.68971 25.80599 32.1228 43.31528 59.11748 68.98102 94.48638 125.1175 166.1564 223.7647 295.7761 381.9516 325.4016 156.136 73.94847 30.72176 13.54241 14.23579
42.75129 43.18266 43.49088 43.78381 44.26651 44.49863 44.63456 44.24057 44.73124 45.17772 45.60477 46.00594 46.07711 43.81123 43.43663 43.95988 44.76872 46.12951 47.82313 46.49578 45.13925 43.92371 42.49649 41.29606 40.30454 39.049 37.95041 37.81673 37.19355 36.59144 36.82661 35.30127 30.13296 27.4027 28.01246 30.10041 29.34176 28.05143 26.04637 26.39085 24.11725 22.50545 22.66003 25.25918 25.61336 25.11482 28.44813 40.19716 54.73893 65.34823 80.45221 108.4741 142.2276 183.8079 243.4395 301.9356 315.2818 213.114 102.3141 48.18015 19.61996 10.67672 32.17633
42.99506 43.2819 43.59552 43.82345 44.17293 44.27118 44.40387 44.47355 44.64877 44.89063 45.1761 45.4124 45.52064 43.45104 43.34541 43.96881 45.11473 47.26433 47.57592 45.85559 44.48375 43.37553 42.06594 40.92199 39.86873 38.70978 37.86002 37.77301 36.6848 36.43682 35.94949 33.8787 29.79082 27.83861 28.75624 30.11739 29.40574 26.00274 23.90883 25.54726 26.10811 23.67702 23.85153 24.65749 25.94903 29.37137 37.72194 46.02648 52.43005 62.5969 78.12302 100.027 131.8206 173.5845 240.8503 281.2473 264.8471 154.8268 73.63595 36.33184 17.41857 17.25443 69.26954
43.59012 43.64043 43.75934 44.148 44.38604 44.72955 44.55294 44.86419 44.92514 45.14836 45.22061 45.28825 44.68671 43.29724 44.10098 44.75326 45.88016 48.24163 47.15703 45.30658 43.77782 42.63363 41.62741 40.50648 39.63589 38.80257 38.18055 38.65915 37.58113 36.00447 35.14664 33.57624 30.9353 29.01358 28.26019 28.31842 27.81727 23.71072 23.40029 24.00228 24.15407 24.72865 25.26349 24.88858 26.96254 31.04131 40.939 46.42674 49.4306 55.94238 66.98664 92.11766 121.4735 160.4219 211.9531 272.1699 223.7728 121.3472 64.19168 37.91809 21.27024 36.39995 131.4434
43.81955 43.96652 44.01337 44.33363 44.47298 44.96944 44.58854 44.77172 45.19043 45.36275 45.75284 45.66054 45.09148 44.69595 45.70199 46.39224 47.45387 49.08771 46.57065 44.31217 42.53328 41.29309 40.39401 39.64962 39.06252 38.68748 38.98547 38.45788 37.54916 36.21633 34.66943 33.44323 31.7659 30.44189 28.40833 26.54202 26.71146 23.73215 21.92249 20.55217 20.95184 24.02548 26.30115 31.11329 28.19201 31.77428 38.26109 43.62526 48.10056 62.08816 77.80971 107.6773 141.4676 173.1621 225.2518 259.3369 206.0891 133.636 79.08937 41.95995 31.80446 66.52003 188.1682
43.02862 43.71124 44.07758 44.29478 44.41208 44.47434 44.70974 44.83192 45.00369 45.38401 45.78519 45.86537 45.6302 45.11631 46.67015 48.00982 49.29031 48.88979 45.38746 42.22562 40.30516 39.4333 39.14849 38.82472 38.73163 39.37315 39.16237 38.36644 37.28983 36.04466 34.53179 32.97426 31.40724 29.98369 27.2209 25.45854 26.02541 25.24743 20.39908 14.65461 18.00258 21.65558 28.78494 35.52148 41.74871 45.82496 46.19087 52.03621 61.38226 79.02216 100.4986 142.4577 180.4535 209.6564 242.8598 275.9796 235.3912 169.1738 85.99436 38.94838 35.67768 110.7838 240.992
41.97211 42.66136 43.45939 44.30025 44.85273 45.06097 45.26154 45.02822 45.11929 45.27807 45.69489 45.99762 45.90128 45.05061 46.73734 48.48203 49.7525 49.70849 44.20245 40.31745 38.03889 37.885 38.17482 38.64491 39.43703 39.75449 38.97785 38.0894 36.99451 35.79025 34.21033 32.31486 30.92082 30.81335 29.35505 27.31027 25.03889 22.73837 16.96618 15.15663 16.01742 22.05897 34.2241 45.7917 59.6388 56.01631 60.58638 77.76218 98.33729 125.132 143.355 158.3016 195.2592 216.1779 249.7654 281.2624 256.161 173.9252 75.50166 38.75425 66.90373 186.6406 322.6461
40.80739 42.05802 43.09143 44.11393 45.2735 45.969 44.32554 44.88606 45.16888 45.42568 45.31769 45.50049 45.8517 44.87259 46.43962 47.39124 47.80699 47.29219 44.98471 41.57603 37.18113 37.39647 38.11783 38.95746 40.11352 39.7212 38.77617 37.68668 36.54879 35.29228 33.36375 32.25381 32.13403 32.07286 32.02637 30.75239 24.90974 20.92154 18.73042 14.38228 17.13627 27.4471 42.4696 58.34197 68.24778 80.16631 67.22509 94.83143 116.6742 126.123 128.4885 137.662 160.0592 178.9265 220.3467 272.6581 250.1089 167.1234 75.58904 67.10373 149.1482 290.1262 389.2693
42.02229 42.65675 43.44241 43.91217 44.48608 45.20845 43.83102 44.52911 45.07721 45.42485 45.32723 45.44962 45.57506 45.91093 46.11082 46.10915 45.67806 44.69828 43.07951 41.2608 37.99083 38.64581 39.0806 39.79289 40.56747 39.65939 38.53333 37.48812 36.29352 34.74573 32.65654 33.18464 33.29041 33.03325 33.12792 29.09778 22.86332 20.67409 17.91513 16.44099 20.30812 31.13722 48.33082 70.86909 82.10249 81.50708 71.21113 90.68209 105.7327 101.3531 93.77647 110.9339 132.1982 162.4937 208.8007 269.493 264.3298 173.7302 115.8487 137.0728 268.9152 352.8942 395.7744
42.84507 43.88957 44.35742 44.76641 44.60879 44.79439 45.09006 45.13788 45.56418 46.07296 46.36414 46.43843 46.54378 46.0862 45.75837 45.33257 45.03847 44.28232 42.9011 40.96047 39.834 40.42786 40.86472 41.62033 40.71883 39.32179 38.2709 37.3371 36.08687 34.40192 33.35701 33.67521 34.00614 34.23697 34.00296 30.42253 25.58532 22.81078 16.38821 17.81631 23.39457 37.80938 54.75457 77.69592 95.61362 77.67789 73.29449 94.71654 102.8156 97.42197 99.5451 114.2789 146.1537 178.7384 232.6497 311.0523 280.0368 213.2755 214.865 255.2138 319.3512 363.9017 323.7079
42.8616 43.8339 44.77155 45.56059 45.91881 45.63951 45.60993 45.71786 46.22437 46.91733 47.61642 48.35897 46.26947 45.03969 44.97265 45.12359 44.9957 44.31612 43.4887 42.26018 41.78176 41.39774 41.88556 42.69608 39.92453 37.90068 37.47733 36.78179 36.00455 35.17709 35.48848 35.19611 34.84479 35.38745 35.37066 34.06571 32.30676 25.50678 20.55492 27.33502 39.28375 60.39206 75.21172 88.1217 106.8239 93.23528 92.18031 106.7018 103.8606 111.6062 151.2737 188.8857 229.9275 270.6815 292.2425 323.7484 327.0605 286.4095 337.4889 352.056 324.5557 294.5695 256.4093
43.65149 44.17536 44.63175 45.42567 46.31796 45.44749 44.04688 44.74535 45.69286 46.89335 48.25352 49.01973 44.92517 42.77596 43.48154 44.12733 44.44963 44.60274 43.57405 42.25177 42.57707 42.72864 42.33197 42.58303 41.49951 37.31757 37.69381 37.59475 37.44513 37.14147 37.15863 36.90388 36.74028 36.80119 36.8732 38.86549 39.09988 26.91852 30.31891 42.3701 61.6997 87.62897 102.3125 125.5161 136.6436 143.0039 125.5777 116.7798 123.7585 141.7033 185.6853 233.1533 288.375 316.9377 301.3816 329.0073 324.3368 343.34 420.1183 368.9804 270.0847 216.0643 186.5725
44.30318 44.69584 45.15454 45.50996 46.03783 46.00889 43.49985 43.26097 44.45258 45.5393 46.38194 46.55579 44.83728 43.22647 43.46946 44.11052 44.56288 44.8916 43.96083 41.43898 41.72855 42.58673 43.22833 43.53382 40.88327 39.45157 39.04226 38.9419 38.893 37.90998 37.80739 37.59053 37.67874 38.30202 40.67584 42.4822 37.15443 34.61556 38.66451 53.24576 71.40508 87.03537 101.3571 136.4366 163.1453 165.777 130.5392 98.69452 112.9219 145.8077 187.9294 227.8872 262.2036 262.8646 236.8368 294.4115 338.197 372.2616 395.2827 321.4822 233.9491 169.4726 145.1949
44.17424 44.91437 45.37456 46.06435 47.20926 46.3544 43.25803 42.02056 43.99746 45.23444 45.71597 45.67412 45.09282 44.94053 44.57241 44.3585 44.44672 44.56327 44.04371 40.53273 40.99875 42.95082 44.86285 43.81461 41.28475 40.45612 40.11824 39.79198 39.69172 38.91946 38.40972 38.66383 41.04336 42.24947 45.08395 45.87518 44.07779 41.97837 43.45089 57.44461 66.81801 78.6953 101.7901 139.7344 153.2745 130.7072 76.02932 63.15228 88.53775 122.109 158.5151 173.8656 152.142 154.0849 189.389 306.1697 399.4838 391.9869 311.2951 236.1201 181.4935 143.8282 111.6142
43.45271 44.03508 44.7067 45.42181 43.72461 43.00928 42.16875 42.13925 43.9381 45.31133 46.4131 46.72469 45.47737 44.93881 44.52806 44.09404 43.90898 43.42144 42.81138 41.15963 41.13592 43.5463 45.89239 45.48436 40.26484 39.78629 40.83439 41.81395 41.53817 41.73192 40.33839 41.51253 45.18715 45.56839 47.07801 47.93331 47.97828 46.34769 48.10372 56.04819 58.90069 78.63657 99.79232 104.9006 79.39496 60.97786 45.73864 47.74358 63.51183 86.91002 95.99541 98.18938 101.6933 132.6035 214.3337 371.9852 445.4714 437.3632 265.5826 168.0165 113.8776 81.89428 86.26274
43.16877 43.86561 44.04211 44.38354 43.44068 41.58126 41.42042 43.1848 44.52003 45.89686 47.56167 47.05302 45.65103 44.64109 44.21585 43.81383 43.58319 42.84679 41.96099 40.99727 42.23311 43.40823 44.53139 44.37505 41.74094 39.89321 41.41811 42.99409 45.73193 41.20887 41.29888 47.52252 45.46888 45.22303 46.56169 48.29184 49.41259 48.97515 52.17615 53.95216 57.42171 74.00126 74.66537 53.64566 48.76911 46.89022 59.92966 74.52108 99.00818 100.7901 104.6719 106.177 130.2894 213.3392 399.3143 534.7116 502.3175 346.3604 199.3044 136.9625 100.7357 76.90015 71.75771
42.82494 44.04663 44.54842 43.54231 43.36718 43.23233 43.748 45.12968 46.32244 47.23513 48.6668 46.88541 45.02236 43.89779 43.28565 43.21936 43.06281 42.53501 41.67088 42.03807 43.29429 44.08002 44.34292 43.83348 42.27908 41.56166 41.87764 42.88718 43.90867 43.67994 41.17292 47.83889 48.94021 46.49268 50.05696 49.11537 50.33452 50.98442 49.95719 55.44221 61.13865 63.58321 57.3117 58.94981 79.4966 116.3852 135.1437 154.2994 142.3248 144.6059 128.9481 154.3363 242.1511 414.2148 581.2317 548.7863 381.1822 241.786 149.0372 108.2925 91.20328 80.13977 78.20789
42.34169 43.5075 44.30995 42.01488 42.42283 43.83153 45.09834 46.49589 48.4952 50.13944 50.05918 47.33164 44.10939 41.54485 40.9914 41.73191 42.31149 42.71784 42.70824 42.70543 43.72003 44.97165 45.83834 45.40672 42.40729 40.56227 40.58025 41.29435 41.13921 40.12433 42.25064 45.54051 47.96822 49.34022 53.03845 56.10519 53.75807 54.77707 53.22942 59.6114 66.90464 76.21886 88.69374 103.823 134.1841 157.6308 142.3963 117.7696 92.90408 95.95605 112.0782 209.0176 387.86 527.2131 599.7765 487.1202 303.8096 198.1042 127.3607 96.34156 79.80431 73.64474 72.05654
41.86428 42.4241 43.06242 41.68095 42.02698 43.61203 45.3663 47.37833 50.23812 48.40832 48.36601 47.04115 43.55736 39.31128 38.91802 40.29587 41.48513 42.75626 43.32329 40.27704 41.60635 43.43287 45.03381 45.27788 40.91785 37.005 38.15242 39.42865 40.10461 39.99554 46.55584 47.83286 47.92984 49.35101 55.38502 59.61253 61.66602 61.085 59.36677 66.38907 74.83597 82.87369 91.93649 107.5737 117.0236 112.2468 74.94609 64.34129 69.14964 89.47915 180.1709 364.0823 518.9807 562.8602 506.4179 353.2392 214.4706 170.3748 108.3663 86.08868 82.2449 67.12732 57.74673
41.9593 42.26929 41.93504 41.26345 42.58136 44.01104 45.87744 48.13586 49.1073 47.09785 44.16896 44.1967 41.58003 38.29733 38.83093 40.50303 41.15333 41.44996 41.72981 39.03217 39.54424 40.99273 41.73751 40.77122 38.39685 35.72718 37.63737 39.1156 39.83654 41.2213 48.56382 55.0969 53.82318 56.36591 60.76985 67.13474 66.15185 65.35474 64.91249 70.16604 75.28575 81.10771 86.31693 88.94062 76.80882 59.23797 54.86162 69.36652 116.262 207.1253 348.566 485.8037 516.476 463.2059 340.7584 222.9553 162.9851 130.738 83.5663 78.68803 75.81179 64.83231 57.65571
41.39745 42.0179 41.98945 42.70464 44.10231 45.3633 47.2558 49.52991 47.71324 45.71172 42.60738 39.88208 38.77295 39.18064 41.32713 41.6952 41.8088 41.27461 39.92306 38.4236 39.38811 39.96933 40.14582 38.9782 38.48987 40.3674 40.2345 40.02068 40.11152 43.78115 47.44276 55.34787 57.3596 51.65476 61.84517 69.12194 64.79151 64.34174 67.64831 69.51438 72.80193 73.42918 77.34854 68.58171 63.07853 66.33913 100.1257 155.7986 220.4544 310.231 396.9481 457.1766 452.9726 309.9059 206.3728 154.9595 126.8873 109.4483 74.45054 66.42896 69.93012 67.06355 58.79609
40.58149 41.9509 42.60364 44.04639 45.41604 46.84889 48.97402 48.30322 46.82915 45.00755 42.30197 39.83895 38.84456 39.85518 41.29094 41.98669 42.34194 40.65202 40.08216 41.37263 41.13133 40.48965 39.85231 38.46632 40.52158 42.5698 42.52322 40.96171 41.62912 45.14658 47.7954 48.28244 51.56418 47.25826 60.5081 69.68957 62.89576 61.56578 68.84935 70.02946 76.3681 76.35377 81.08163 81.93261 91.68411 124.727 166.2028 210.7851 251.8907 288.1647 334.8099 390.1315 348.6541 208.9985 143.5643 132.6015 109.1077 93.02748 66.08538 58.34665 62.10161 71.0385 69.241
40.37144 42.05279 42.56587 43.90076 45.4954 47.04711 48.89794 47.3913 46.22562 45.03571 43.14514 41.39102 40.31014 40.76537 41.40167 41.61039 41.59018 40.33619 39.92335 42.54063 43.37185 42.46954 40.03234 40.24984 41.65831 43.11797 43.0834 42.28376 42.96581 44.74065 47.19041 44.9435 41.01965 45.31552 50.22028 55.63483 60.19309 68.27678 67.23501 68.86359 81.98512 80.51031 92.62445 93.53172 111.0602 155.6772 189.4626 206.6632 226.5221 240.1431 282.8037 321.5902 267.5406 162.0378 110.0813 112.0977 102.5541 91.66708 68.34604 59.12942 57.95858 66.41533 70.56577
41.13202 42.48158 43.38657 44.78232 46.0456 47.34362 48.7218 47.32208 45.91467 45.09 43.90478 42.48064 41.40975 41.3076 41.57063 41.85603 41.10069 38.65279 40.05503 42.33321 44.11493 41.71946 40.34901 41.2964 42.6504 44.34826 43.02906 42.92635 42.86716 43.9401 46.47986 46.94556 43.96956 45.67819 49.66417 57.94909 79.60187 82.70158 66.67916 86.99729 89.9563 87.96897 99.20153 109.9547 132.6009 166.9416 184.6547 186.4986 207.5525 244.2474 289.4503 266.443 201.5375 138.0941 92.05663 91.67406 102.8555 106.5057 82.82499 63.58149 54.35551 52.37181 67.29668
42.72022 43.97318 44.63286 45.39034 46.74319 48.8206 48.50891 47.09552 46.02957 45.21978 44.51331 43.55288 42.32867 41.48103 41.29782 40.73404 39.37318 39.67827 41.03965 41.92319 42.91085 41.12831 38.22282 40.94032 43.55651 43.57827 42.90845 41.5174 38.90861 42.94999 47.01943 51.14774 45.1708 51.32497 59.87304 71.8354 89.17097 94.33146 79.15563 90.34763 99.65243 107.5519 111.0384 119.8443 141.4181 170.1561 185.4675 189.9825 225.5198 254.8343 245.9579 219.2648 178.7425 108.2815 70.06662 75.61457 105.4467 123.474 92.59244 69.58723 44.21194 42.41639 69.69263
44.55811 45.24483 45.91355 46.78883 47.69719 49.48742 48.0459 46.80855 45.96217 45.37565 44.93155 44.35026 43.41106 42.53898 41.5141 40.57999 41.57082 41.458 42.12037 42.83859 42.33308 38.80632 38.54545 40.769 42.90172 42.43087 42.03518 39.31582 35.6356 41.30552 53.93413 65.00558 61.65027 67.32486 79.17535 91.05997 107.1967 108.6661 87.54209 88.69292 119.0937 115.7311 127.1958 132.4162 139.4014 172.6981 198.4214 199.235 212.0428 198.3291 164.3836 190.3716 162.4433 91.59674 51.1522 59.54998 103.1958 134.9177 101.3222 60.62184 39.47006 35.63243 67.6186
