py_wake/examples/data/AJ_ParqueFicticio/Rough survey   Sector 9   Height 200m   Orographic turn.grd
DSAA
73  159
 258469   265669
 6501692   6517492
-16.70535   11.8235
[rows 27 to 53 of 159, columns 0 to 60 of 73]
.5292658 .5027044 .4816113 .4851976 .5305474 .569727 .5891767 .6090502 .6117421 .5931369 .6391585 .725096 .8038144 .8951906 .9371693 .9834939 .9984457 1.056911 1.083077 1.095528 1.112899 1.088816 1.157197 1.182643 1.214474 1.193189 1.137076 1.065062 1.089107 1.089906 1.090307 1.089247 1.08019 1.006824 .9586101 1.125181 1.242793 1.274035 1.33022 1.187533 1.14701 1.597152 2.182426 3.145141 3.974403 4.623137 5.336418 5.927283 6.420443 6.70334 6.736395 6.737023 6.637465 6.210126 5.462327 4.940047 4.629177 4.255106 3.645682 2.892412 2.385592
.5367309 .5003393 .5000433 .4915877 .5019811 .530249 .5378718 .5690202 .5375924 .5507541 .6084322 .683285 .7690991 .8469257 .8950219 .9100025 .977 1.037871 1.063387 1.066648 1.042036 1.028621 1.096582 1.136339 1.154225 1.160938 1.120661 1.106543 1.058835 1.074994 1.093126 1.075976 1.065898 1.022879 .9817054 .927088 .9775597 1.166352 1.254701 1.311431 1.341805 1.513511 1.956534 2.680365 3.473552 4.16392 4.672883 5.218309 5.660879 5.931978 5.980102 5.9712 5.961414 5.708411 5.156511 4.616678 4.258194 3.958841 3.412082 2.710027 2.165922
.5372891 .5221887 .4998809 .4889531 .4964049 .4980088 .5016972 .5477557 .5332744 .5220411 .5607067 .6360281 .6971188 .7908957 .8507541 .8772492 .9292253 .9838915 1.001215 1.020227 .9724453 .9580154 1.018961 1.067206 1.093286 1.086362 1.045671 1.064334 1.038144 1.016237 .9799832 .9378209 .8932886 .740258 .560286 .5429627 .7680001 .9631126 1.095881 1.194702 1.188513 1.289907 1.674491 2.232004 2.864172 3.439075 3.826827 4.140464 4.458424 4.727713 4.895471 5.0834 5.24632 5.257481 4.916247 4.42714 4.065632 3.740831 3.206271 2.533883 1.937697
.5141606 .4974228 .5102165 .4797125 .466761 .493418 .4984858 .5380552 .547102 .5355283 .5468106 .5797473 .6391487 .77913 .7992004 .8367667 .9032739 .951419 .9517935 .9755716 .9369754 .9371068 .9538664 1.014106 .9904698 .9911305 .9984393 .9690827 .9451861 .8883207 .8258376 .7596387 .6430842 .5275574 .4854828 .5593325 .6606371 .7477337 .9106446 1.012481 1.080805 1.121617 1.346848 1.728726 2.229452 2.637904 2.942913 3.119717 3.375864 3.638225 3.978354 4.348475 4.682022 4.92692 4.818464 4.54594 4.274511 3.855162 3.187816 2.443483 1.822181
.5021735 .4798914 .4814828 .4600203 .4612784 .4849458 .4902926 .5228685 .5185448 .5236169 .5262256 .5547819 .5874222 .7092312 .7798292 .8225337 .8698263 .9280506 .9452841 .9346004 .8936813 .9120742 .8999564 .915915 .925496 .9261493 .9010748 .8874914 .8161682 .7277541 .7287667 .7326492 .6697586 .5194919 .4640479 .479902 .5586246 .6071154 .7801256 .9712893 1.033129 1.028802 1.066556 1.284927 1.616314 1.952968 2.218474 2.458194 2.687538 3.141196 3.601506 4.051023 4.527373 4.937526 5.109463 5.089693 4.813316 4.21597 3.360248 2.459165 1.630451
.4489518 .449358 .4631741 .4504586 .4667652 .4730432 .5019245 .5089282 .5125477 .515012 .5135225 .53611 .5514929 .5967529 .6727409 .7592583 .8200652 .9024985 .9160722 .8638591 .849525 .8654879 .8568848 .8510059 .8733041 .8071255 .7995707 .7461778 .6592798 .6170813 .6226073 .6031601 .551468 .4597477 .3567348 .3477277 .4083199 .4788361 .7111897 .9303955 1.043787 1.032552 1.017507 .9976717 1.162329 1.442206 1.768878 2.076876 2.476017 3.005432 3.615785 4.235238 4.817182 5.338953 5.688271 5.76437 5.43123 4.603625 3.533924 2.31732 1.314219
.4071842 .4453013 .4466032 .468054 .4796638 .4810449 .4890452 .5042977 .5149328 .5070947 .5081307 .5337871 .5246019 .5256479 .5943948 .6577216 .7530144 .8643676 .8575776 .8538929 .8170301 .8433388 .8514034 .814746 .820668 .7803178 .6953983 .6668053 .5901864 .5429183 .5357887 .4947434 .4412032 .3488703 .2337555 .1582991 .2300449 .289184 .53969 .786772 1.050562 1.203472 1.170556 .9500576 .7874069 .962247 1.356448 1.781318 2.259716 2.900249 3.605361 4.323796 4.96277 5.543652 6.060115 6.217915 5.805054 4.786874 3.377491 1.883442 .7195791
.4195786 .4604036 .4686335 .4781188 .4876561 .5131117 .5239291 .5262195 .5378068 .531972 .5305066 .5023186 .5189208 .495112 .523141 .6363806 .7497479 .8087897 .8038179 .783896 .8159341 .7987981 .8152336 .7777591 .7538903 .6829888 .626018 .5756587 .5227351 .5139046 .4637619 .3993572 .3562481 .2224948 .1326496 -.0132227 .0520422 .1047799 .3071314 .6527045 1.099538 1.40457 1.395906 1.037714 .577623 .4382244 .7531967 1.206734 1.692664 2.261256 2.972647 3.74847 4.459622 5.211195 5.838767 6.110139 5.71297 4.433025 2.787104 1.182656 .09200402
.4403543 .485991 .4860173 .5144767 .5078973 .5259959 .5586042 .53666 .5349383 .5395049 .5135259 .4907067 .484198 .4941529 .526571 .6098198 .7026596 .8050439 .7352706 .7407259 .7746991 .7737262 .7654215 .7305421 .6864622 .6080582 .5407226 .5037872 .4317086 .4024724 .3651661 .2839352 .2082498 .08881368 -.07846504 -.2417989 -.2787997 -.2288381 -.03591289 .3453639 .989443 1.428406 1.522081 1.13516 .3963475 -.1608787 -.1501684 .2367476 .6462136 1.188814 1.832878 2.723331 3.599366 4.453009 5.200088 5.51783 5.119548 3.756769 1.988859 .4182166 -.5742502
.4720384 .5100343 .4983207 .5205488 .5373455 .5343022 .5214666 .5313185 .5600947 .5525352 .5533858 .5063627 .4819943 .4893123 .5459533 .6169798 .6927593 .7827709 .8086144 .7276444 .769243 .7271525 .7048778 .6729264 .6416999 .5722078 .5030633 .4263354 .3371791 .2786198 .2408835 .1484944 .022685 -.1597502 -.3787716 -.5892308 -.739184 -.7569003 -.6340616 -.2397067 .3403592 .9753044 1.276867 .990365 .2512192 -.6923099 -1.039354 -.7633864 -.2848175 .2592795 1.037552 1.992199 3.053024 3.977406 4.67121 5.001723 4.49242 3.050937 1.209789 -.4666026 -1.396147
.4614941 .5018968 .5051974 .5195327 .5313167 .5292632 .5820394 .5950203 .5896782 .5910515 .5737826 .5493683 .5057409 .5080121 .5471708 .5964462 .6685632 .7536852 .8246425 .7705002 .718079 .6703129 .6382727 .6097164 .6297194 .527373 .4559946 .3347258 .2486156 .1431981 .054669 -.04443898 -.1996752 -.3944812 -.6658553 -.9633558 -1.273145 -1.305855 -1.304888 -1.073464 -.4860578 .1784068 .6618914 .648429 .05463926 -.881318 -1.5266 -1.39288 -.8223965 -.07626812 .8551586 1.849024 2.921665 3.864432 4.522845 4.697592 4.097317 2.511914 .3746719 -1.408859 -2.45366
.4462802 .4907894 .5157266 .5338483 .5537484 .5584264 .5936888 .5944104 .6094394 .6124758 .6236832 .6106744 .5556144 .4984832 .5253037 .5690635 .6382624 .7127723 .7856764 .767348 .5990099 .568029 .552378 .5387279 .5584094 .4594841 .3664359 .2489395 .1591887 .03139793 -.08917305 -.1866961 -.381927 -.6355924 -.9270204 -1.312187 -1.759905 -1.980327 -2.130575 -1.93954 -1.433967 -.7670711 -.1368286 .108493 -.2077951 -1.02417 -1.694581 -1.683141 -1.122994 -.2614202 .8100689 1.831619 2.799846 3.660332 4.297913 4.41995 3.733685 1.974636 -.303406 -2.301543 -3.394128
.467754 .507826 .5516753 .5697147 .5804409 .6179305 .5764222 .6079397 .6338866 .6471726 .6405765 .6101936 .5098264 .4689241 .5131845 .5423946 .621505 .6775485 .707547 .6089375 .4636897 .4713789 .4644767 .4824573 .4606948 .3965271 .28041 .1734658 .06748211 -.1154177 -.2578803 -.4028859 -.5924917 -.8656555 -1.155748 -1.672229 -2.233021 -2.660292 -2.92574 -2.76444 -2.371156 -1.779112 -1.119184 -.6644862 -.69528 -1.341768 -2.034879 -2.126066 -1.723655 -.938598 .1675129 1.155809 2.061465 2.901791 3.587606 3.793791 3.233001 1.539419 -.7005662 -2.653908 -3.808287
.4578441 .4987612 .5642586 .5939769 .5986629 .5932402 .5858881 .6278833 .6551281 .6612387 .6339506 .5601333 .4821689 .5165838 .5189357 .5507193 .5803687 .5887113 .602618 .5358731 .4376281 .4408148 .4133314 .4086945 .4147277 .3115016 .2007526 .06524657 -.09527379 -.2617143 -.4375646 -.6140119 -.8131996 -1.058461 -1.407829 -1.972591 -2.59035 -3.339195 -3.693832 -3.652205 -3.34798 -2.836369 -2.201281 -1.604656 -1.40632 -1.858872 -2.561442 -2.861367 -2.557014 -1.91339 -1.033517 -.037391 .894784 1.819936 2.603746 3.073807 2.70966 1.322346 -.6688651 -2.449944 -3.575746
.4785749 .5614029 .6132268 .6248477 .6007181 .6287967 .6378993 .6608285 .7112349 .6927074 .6370239 .6167964 .5714219 .5615019 .5370165 .537444 .5370374 .534894 .5387375 .4822381 .4741452 .4621282 .4603279 .4230532 .3506461 .2088168 .08217868 -.08316918 -.2377885 -.4014905 -.5950878 -.7821503 -1.003363 -1.273966 -1.624417 -2.159669 -2.995873 -3.888999 -4.30936 -4.352288 -4.043021 -3.61477 -2.99292 -2.342514 -2.013826 -2.288678 -2.886047 -3.233174 -3.096548 -2.596713 -1.858589 -.9053828 .1012423 1.105771 2.072054 2.648194 2.544469 1.530573 -.04981475 -1.55828 -2.690971
.564741 .6435657 .6948675 .7342722 .7033451 .6541088 .6674159 .7181767 .7477611 .7250751 .6937304 .676063 .6679958 .6000175 .5457025 .5557374 .5198811 .5165493 .4840976 .4707336 .4720077 .4853001 .50516 .4358789 .2269056 .03438805 -.0791718 -.2036151 -.3400979 -.5228344 -.6912827 -.9158841 -1.114025 -1.429716 -1.811948 -2.339408 -3.140752 -4.053724 -4.622128 -4.658582 -4.296407 -3.759652 -3.144527 -2.47857 -2.06725 -2.028417 -2.377454 -2.649929 -2.484416 -2.102154 -1.531147 -.7418894 .2229239 1.265385 2.196227 2.752638 2.738667 1.971032 .7923833 -.487442 -1.482753
.6390159 .7266132 .8194227 .9008541 .8290642 .7073784 .666721 .7512271 .794262 .7862494 .7626193 .7199571 .6341994 .5661803 .5447843 .561318 .550045 .5284875 .4566983 .4549543 .4638851 .4774097 .4732734 .3582256 .1742811 .009514212 -.116081 -.2625003 -.4140207 -.5938852 -.7887762 -.9678737 -1.222422 -1.499587 -1.846302 -2.359521 -3.044882 -3.858068 -4.401367 -4.437393 -4.115099 -3.447013 -2.740217 -1.968442 -1.327001 -.998723 -.9923244 -1.166743 -1.066795 -.7566684 -.3494789 .3149469 1.136876 1.967586 2.674777 3.031407 2.92658 2.369241 1.552048 .5355229 -.2009118
.6756709 .7601522 .8608874 .9873766 .9526533 .8266861 .7286655 .7515222 .7592974 .7713269 .7496917 .6578124 .5562627 .5154368 .5539143 .5657575 .594227 .5716764 .5173325 .4275911 .4484083 .451304 .4424328 .3874868 .2468972 .08683681 -.0718993 -.2416622 -.4046494 -.6357357 -.8071488 -.9587724 -1.224699 -1.487397 -1.773422 -2.199373 -2.814199 -3.440379 -3.933719 -4.01086 -3.676531 -2.9695 -2.12644 -1.285688 -.4241594 .1353921 .2739766 .1756241 .1524973 .3869533 .76869 1.280269 1.852197 2.380614 2.806956 3.043077 2.975338 2.597503 2.059904 1.475591 .8939568
.7293603 .8003326 .8786222 1.013267 1.001151 .8842105 .7699464 .7924944 .7740284 .7417178 .6913124 .6036466 .5510445 .5491023 .5807322 .6151355 .6460823 .6309926 .5641457 .4648429 .4493772 .47462 .4855687 .467862 .3515676 .194526 .02919278 -.1322324 -.3586458 -.5694059 -.7418578 -.8704366 -1.140587 -1.433867 -1.622667 -1.981727 -2.578642 -3.10713 -3.418748 -3.531529 -3.304886 -2.676147 -1.823152 -.9919043 -.1989963 .24524 .2672322 .1929275 .2309749 .5084351 .9009928 1.27046 1.623362 1.950132 2.28965 2.661792 2.867486 2.74466 2.54977 2.157912 1.751193
.7632195 .8500289 .9316472 1.010452 1.0022 .945304 .8780285 .9131201 .8805361 .7743679 .6814001 .6309066 .5805621 .5994179 .6690101 .6895932 .6791421 .654776 .5880941 .4922536 .4935361 .5477629 .5677433 .5378931 .3955664 .2442058 .1650307 .01712241 -.1832843 -.3870263 -.5609227 -.7125664 -.9765282 -1.28572 -1.422753 -1.781654 -2.339751 -2.846098 -3.150599 -3.219908 -3.104991 -2.711503 -2.093145 -1.509731 -.9986839 -.7131529 -.5986145 -.5215414 -.2642657 .08708244 .4794727 .7736325 .9833505 1.234882 1.625139 2.203907 2.737962 3.026631 2.997108 2.782238 2.426715
.7843493 .8770144 .9425958 1.063987 1.074007 1.029218 .9887859 1.02356 1.02294 .8952014 .6834583 .6300773 .5806271 .6327047 .7078465 .7236601 .6997569 .6589631 .5960849 .5498485 .604013 .640202 .6191962 .5424406 .4193958 .378352 .3311036 .2202247 .0445278 -.122416 -.3332074 -.5324854 -.7631096 -1.110219 -1.260566 -1.628113 -2.119613 -2.660621 -3.001774 -3.110979 -3.099408 -2.916929 -2.613878 -2.185106 -1.734367 -1.282979 -.9243398 -.5943688 -.1912467 .1345736 .3370852 .4319175 .5341054 .7817555 1.215032 1.872135 2.640428 3.211811 3.400231 3.431131 3.199312
.8350541 .9175318 .9922085 1.069535 1.110246 1.09704 1.091443 1.098006 1.130232 1.008682 .7614862 .6682211 .6332211 .6511439 .7296741 .7519615 .7453636 .6942692 .630794 .652401 .6981583 .7038181 .6942719 .7190435 .6557686 .5777897 .5567532 .4192408 .2674205 .08912794 -.1163089 -.2551321 -.524482 -.888652 -1.082 -1.431562 -1.910789 -2.42205 -2.825017 -3.016409 -3.017465 -2.935381 -2.689736 -2.288025 -1.757305 -1.113264 -.5649121 -.1979753 .06238514 .2189737 .2282735 .2497215 .4086885 .7624262 1.326738 1.987436 2.717952 3.299296 3.641744 3.927181 3.906309
.9178568 1.013315 1.078091 1.100744 1.114928 1.120065 1.137221 1.17548 1.173626 1.108256 .9568904 .7912468 .7378633 .7374024 .7482919 .7916296 .7927918 .7813996 .7599092 .7169763 .7502351 .8050393 .8420485 .8753982 .9141054 .8018153 .7275075 .6453841 .5006001 .3389206 .1013137 -.131468 -.3938725 -.6506111 -.8429999 -1.176754 -1.628098 -2.096553 -2.557081 -2.744905 -2.773062 -2.66005 -2.389658 -2.029262 -1.433683 -.8405897 -.4797532 -.2690637 -.1841002 -.08473121 .04540315 .2276288 .5169255 1.10296 1.885124 2.610824 3.138818 3.552361 3.835075 4.155883 4.462132
.9594258 1.054183 1.123224 1.054168 1.06434 1.102936 1.156895 1.195823 1.17779 1.13938 1.03169 .8975977 .8082061 .742655 .7507403 .797659 .8216651 .8574568 .7782115 .7197028 .7926065 .8347076 .8908771 .9057438 .8675184 .7874572 .8300082 .7899819 .6994752 .5570312 .3518752 .1112645 -.09564275 -.2754485 -.4828635 -.8351236 -1.309845 -1.722322 -2.152779 -2.400569 -2.498721 -2.450227 -2.215517 -1.945821 -1.581575 -1.17833 -.9829773 -.842205 -.6600826 -.3319345 .1298074 .584053 .9221744 1.613489 2.571919 3.347988 3.767616 3.942173 3.986652 4.206088 4.622168
.9881707 1.050217 1.098515 1.065577 1.064694 1.111612 1.181731 1.191183 1.170189 1.10234 1.007692 .8727018 .7676526 .738429 .7423915 .7593564 .7558103 .7718632 .7474006 .7289707 .7936476 .8409463 .8585533 .850051 .8008067 .7974095 .8715286 .8573593 .7948962 .7344803 .6467456 .5017349 .263878 .1242687 -.04783886 -.4022292 -.8801602 -1.306303 -1.72506 -2.09197 -2.291975 -2.408875 -2.323336 -2.233339 -2.099199 -1.843709 -1.592717 -1.284088 -.8435057 -.160593 .6223596 1.211701 1.550175 2.10477 3.061415 3.982326 4.382406 4.309265 4.095023 4.110527 4.499468
1.016486 1.066041 1.136338 1.117218 1.110744 1.131186 1.188244 1.205999 1.148883 1.084736 .972681 .8659286 .8001081 .7656332 .7839452 .7964229 .7548349 .7533106 .7577727 .7317397 .7656186 .8215947 .7814075 .7306274 .7331177 .7643995 .8093777 .8046122 .8375684 .8741972 .8507478 .6744615 .4830085 .3565403 .2783658 -.0351857 -.5103623 -1.073508 -1.510385 -1.808167 -2.147081 -2.436388 -2.524423 -2.543521 -2.475519 -2.195274 -1.805133 -1.35886 -.6917185 .1906229 1.161321 1.824119 2.098524 2.397004 3.257874 4.3435 4.900107 4.710447 4.077693 3.814442 4.185743
1.047406 1.100097 1.127103 1.133615 1.126817 1.150789 1.165878 1.157185 1.105163 1.041034 .9497578 .8782073 .8261248 .8090906 .8333511 .8589193 .7982573 .7514824 .7299747 .7289621 .6652361 .7202381 .7147254 .6677793 .6709189 .6975283 .720605 .7607582 .880249 .9602132 .9404644 .7253599 .4594854 .3050052 .2411137 -.1183285 -.679199 -1.099625 -1.611523 -1.935263 -2.12527 -2.42947 -2.705397 -2.783122 -2.667762 -2.308036 -1.795861 -1.264867 -.4949093 .460826 1.515408 2.293529 2.538202 2.597397 3.242236 4.429752 5.218576 5.017282 4.166183 3.461086 3.658627
