py_wake/examples/data/AJ_ParqueFicticio/Rough survey   Sector All   Height 30m   Weibull-A.grd
DSAA
73  159
 258469   265669
 6501692   6517492
 2.59462   10.64407
[rows 112 to 139 of 159, columns 0 to 62 of 73]
7.136423 7.314501 7.090798 7.041922 7.241172 7.397133 7.524807 7.847843 8.296419 8.581684 8.957412 9.444861 9.188576 8.533871 7.860238 6.684769 6.2298 6.632443 6.585629 5.844756 5.521207 5.787585 5.554955 5.831326 7.292756 8.23515 8.381988 7.990047 7.408466 6.959987 6.973419 7.166816 7.037765 6.508478 5.937827 5.385482 5.048714 5.709135 7.004036 7.965201 8.620592 8.779461 8.116407 6.818799 5.926924 5.210857 4.800146 4.556659 4.497228 5.297708 6.288167 6.592461 6.062992 5.399972 4.944826 4.848876 4.838209 4.791195 4.637208 4.073046 2.935853 2.974931 3.056013
7.2695 7.509518 7.491012 7.435372 7.605079 7.894075 8.124782 8.453952 8.787472 8.927039 9.254215 9.641123 9.361205 8.544704 7.604303 6.567061 6.692104 7.223702 7.132683 6.029023 5.256692 5.11251 5.070719 5.640944 7.146338 8.243996 8.093637 7.087229 6.558455 6.440627 6.375596 6.993822 7.558036 7.542893 7.163963 6.612146 6.023882 6.166916 7.225599 8.114811 8.967516 9.203902 8.364289 6.864638 5.936463 5.234819 4.875781 4.634823 4.457147 4.602536 5.160159 5.543362 5.405097 5.1093 4.836801 4.806802 4.802866 4.816791 4.738132 4.396663 3.614625 2.953927 3.051712
7.763344 7.949613 7.964159 7.89096 7.956884 8.309189 8.790401 9.019343 9.134925 9.171404 9.584962 9.869306 9.320113 8.210261 7.181519 6.649159 7.296408 7.85503 7.276283 6.301172 5.505169 4.953204 4.757915 5.214443 6.598251 7.753584 7.731446 6.755171 5.998343 5.874371 5.951398 6.415343 7.269341 7.589583 7.839986 7.839753 7.537412 7.401595 8.000854 8.599507 9.307724 9.563013 8.551605 7.123345 6.167863 5.590158 5.140593 4.767102 4.554378 4.404605 4.497542 4.741523 4.788918 4.869088 4.814118 4.765708 4.74167 4.733977 4.69929 4.581364 4.323396 3.76057 3.218987
8.243897 8.362428 8.34981 8.309702 8.35193 8.740349 9.170527 9.270791 9.384225 9.53134 9.874901 9.924773 9.246837 7.929394 7.160213 7.115078 7.862303 8.313133 7.776985 6.946732 6.391082 5.684206 4.767324 4.714811 5.600565 6.825428 7.079782 6.169228 5.535034 5.472177 5.607236 6.017444 6.453315 6.880223 7.397491 8.223714 8.655272 8.785872 9.019934 9.215685 9.586452 9.804665 8.961278 7.892794 6.881456 6.244351 5.561934 5.005815 4.680122 4.493565 4.421042 4.428265 4.44458 4.637374 4.751352 4.734869 4.686642 4.65483 4.600454 4.535646 4.410865 4.123743 3.885064
8.213875 8.379721 8.410325 8.502478 8.631355 9.041695 9.301036 9.409557 9.659451 9.838013 10.11452 9.819085 9.210971 8.211596 7.733458 7.893328 8.396712 8.733811 8.467568 7.981596 7.438716 6.712527 5.507483 4.622107 4.689069 5.742598 6.346859 5.643082 5.268293 5.398482 5.595912 5.618452 5.783184 6.254273 6.958013 8.037866 9.114182 9.451629 9.583443 9.343951 9.450721 9.652139 9.216152 8.484977 7.695635 6.97403 6.19772 5.499242 4.939415 4.594743 4.511703 4.520795 4.479349 4.48128 4.618012 4.638023 4.605824 4.526869 4.487354 4.461329 4.422661 4.246487 4.087627
7.83747 7.992602 8.079086 8.265882 8.642 9.030988 9.244839 9.505916 9.745514 10.04849 9.932443 9.675821 9.170997 8.548749 8.385354 8.477312 8.658552 8.889529 8.719231 8.366115 7.914299 7.310651 6.599029 5.371342 4.591087 4.771482 5.324944 5.22372 5.231546 5.495813 5.509533 5.376437 5.725231 6.499054 7.106007 8.194672 9.273341 9.637068 9.42508 8.907299 8.636518 8.59264 8.490123 8.039866 7.642552 7.246303 6.613908 5.903581 5.22961 4.720812 4.560364 4.626259 4.602375 4.528033 4.512482 4.512716 4.499942 4.396842 4.223532 4.211906 4.341784 4.30633 4.155668
7.142229 7.309325 7.563196 7.939211 8.43429 8.868935 9.206268 9.606864 9.824104 9.909253 9.553534 9.215412 8.730892 8.34655 8.503164 8.800917 8.769478 8.572998 8.178332 7.80017 7.35435 6.908815 6.841903 6.435317 5.369486 4.540199 4.393087 4.619566 5.398149 5.67614 5.509375 5.186223 5.835523 6.626789 6.815924 7.814066 9.154362 9.689674 9.006116 7.67161 7.185972 7.22477 7.414709 7.247104 6.628477 6.65079 6.380944 5.775343 5.325698 4.820478 4.660032 4.768317 4.764065 4.728231 4.654962 4.596488 4.53926 4.496479 4.17838 3.852436 3.894398 4.049487 3.958485
6.441216 6.694277 7.175427 7.786793 8.397656 8.868907 9.266697 9.713266 9.845196 9.69684 9.042543 8.28113 7.91377 7.678381 8.114342 8.680307 8.788295 8.124015 7.385613 6.92862 6.363448 5.798511 5.911325 6.597713 6.360474 5.382021 4.478681 4.520679 5.123611 5.785273 5.286381 5.106171 5.851528 6.253584 6.301682 7.443912 9.015303 9.829228 8.890208 6.915067 5.840856 5.825972 6.375355 6.902503 6.056218 5.705092 5.658412 5.369287 5.109835 4.756697 4.627675 4.751424 4.858757 4.843665 4.825584 4.82092 4.753343 4.74377 4.452875 3.918708 3.431286 3.545629 3.581199
6.375241 6.733872 7.257475 7.93242 8.496555 8.975686 9.385139 9.718203 9.803676 9.640996 8.851216 7.656255 7.033918 6.81552 7.374197 8.26404 8.668653 8.171735 7.266424 6.598737 5.866524 5.172614 4.998444 5.99756 6.585532 6.111802 5.130358 4.554714 4.749738 5.191338 4.940816 5.032244 5.882639 5.786793 6.167768 7.540304 8.959657 9.743946 9.219061 7.14403 5.518849 4.844859 5.420765 6.450181 6.152732 5.509452 5.205127 5.029393 4.872938 4.66286 4.492592 4.524636 4.69992 4.812873 4.822869 4.851596 4.793662 4.688502 4.242474 3.780162 3.520607 3.569204 3.565124
7.00507 7.047547 7.567293 8.233145 8.708098 9.168828 9.672298 9.642327 9.331961 9.168144 9.084132 7.974888 6.8592 6.453176 6.737596 7.361388 7.94173 8.010204 7.596932 7.086255 6.288148 5.30377 4.75099 5.253538 5.853036 5.813355 5.552513 4.924979 4.430676 4.461642 4.583967 5.093924 5.487215 5.430542 6.420912 7.831097 9.071553 9.555175 9.123012 7.458431 5.950262 4.803105 4.799054 5.613318 5.890205 5.661426 5.396168 5.158613 4.95702 4.781563 4.57708 4.385352 4.463491 4.625362 4.707112 4.754898 4.751072 4.292979 3.653581 3.5918 3.62971 3.600126 3.800971
7.571219 7.52424 7.883181 8.532771 8.992962 9.412971 9.797888 9.497355 8.33264 8.251043 9.120461 8.718719 7.7061 7.025418 6.666121 6.636606 6.931639 7.050089 6.973814 6.916129 6.544458 5.566294 4.924987 4.858193 5.083625 5.144889 5.282253 5.353461 4.771957 4.191976 4.337071 4.894258 5.116716 5.863078 6.985447 8.355676 9.281308 9.118985 8.381443 7.349397 6.411798 5.152805 4.633173 4.93665 5.246968 5.396922 5.462461 5.443308 5.278342 5.087829 4.849776 4.505678 4.352849 4.361599 4.406568 4.417717 4.362932 3.821877 3.524588 3.774655 4.149981 4.26667 4.406165
8.084535 8.203165 8.589723 8.989911 9.500554 9.686154 9.675013 9.107265 7.445219 7.349495 8.63692 8.814173 8.546359 8.086493 7.459528 6.878834 6.687829 6.449297 6.29387 6.284761 6.175768 5.640726 5.156082 4.884183 4.777066 4.849108 4.864705 5.130406 4.919724 4.312869 4.205789 4.545623 5.238911 6.36423 7.669841 8.802331 9.195585 8.691161 7.52581 6.570855 6.249516 5.613853 4.982122 4.764264 4.857656 4.951415 5.100118 5.264657 5.383113 5.344175 5.15442 4.826701 4.586771 4.361753 4.150569 3.933473 3.704189 3.509274 3.526342 4.00948 4.615041 4.727539 4.727104
8.694778 9.103666 9.352164 9.642974 9.956347 10.04993 9.505383 8.242435 6.643074 6.425525 7.823235 8.247057 8.554917 8.607471 8.389609 7.846779 7.528924 7.1009 6.720299 6.446901 6.372838 6.24631 5.861739 5.180892 4.827042 4.887872 4.843814 5.011522 4.69227 4.145204 3.912434 4.549486 5.637213 6.806114 7.903732 8.779548 8.893101 8.211022 7.141959 5.937289 5.494755 5.564976 5.464184 5.24661 5.002149 4.821068 4.803711 4.86873 4.982333 5.25988 5.328202 5.097595 4.826788 4.441896 4.139513 3.86703 3.491342 3.537489 3.560447 3.957538 4.659342 4.937133 4.947598
8.891377 9.527173 10.00742 10.10066 10.26282 9.738304 8.98807 7.624055 6.085367 5.741768 6.7119 7.246192 8.031105 8.449783 8.358102 8.157667 7.986733 8.088532 7.928769 7.678533 7.332356 7.242394 6.742723 5.818452 5.056914 5.022939 5.30956 5.602227 5.345205 4.447724 3.899541 4.411185 5.601209 6.785529 7.880827 8.540358 8.457159 7.780607 6.89153 5.910466 5.307337 5.165387 5.315814 5.452546 5.376186 5.135763 5.045089 4.798519 4.465325 4.714396 5.04423 4.984015 4.615619 4.114487 3.890022 3.845778 3.733855 3.73705 3.704324 3.788152 4.34007 4.969698 5.084973
9.106236 9.622131 10.26864 10.49364 10.27173 9.540683 8.851686 7.766836 6.355135 5.482525 5.803703 6.276924 7.25135 7.753688 7.79934 7.512648 7.31503 7.834948 8.165195 8.367883 8.062091 7.768014 7.21094 6.350297 5.732035 5.644941 6.113771 6.493189 6.319554 5.018541 4.005517 4.130401 5.21396 6.551071 7.667175 8.174215 8.017954 7.62454 6.781203 5.77006 5.404675 5.250053 5.078256 5.197936 5.178304 5.15996 5.148138 5.106417 4.492575 4.049744 4.218665 4.195513 3.893108 3.877908 3.889087 3.8751 3.823964 4.035066 4.286881 3.78545 3.958698 4.849243 5.077295
9.372073 9.886301 10.38051 10.64407 10.07547 9.278252 8.943483 8.330229 6.958757 5.697531 5.323048 5.571601 6.430176 6.953045 7.266327 7.228203 6.468255 6.802734 7.789233 8.015868 7.785169 7.530101 6.931969 6.481884 6.165399 6.132971 6.294025 6.55047 6.535706 5.458455 4.127857 3.979161 5.306855 6.634012 7.400193 7.646972 7.537389 7.443004 6.777372 5.676807 5.128568 5.20987 5.218995 5.167796 5.060018 4.956761 4.939802 5.216909 5.091243 4.189731 3.503641 3.358447 3.723533 3.976703 4.031909 4.045956 4.387614 4.870137 4.804863 3.744542 3.74811 4.582248 4.799385
9.195099 9.861894 10.47256 10.45091 9.961228 8.891334 8.842837 8.453423 7.336571 6.440961 5.686573 5.120723 5.537074 6.177473 7.020189 7.439666 6.454577 6.096206 6.813186 7.111072 7.001156 7.03906 6.448723 6.205371 6.379042 6.358161 6.279389 6.117936 6.020781 5.378215 3.930901 4.068347 5.501954 6.456061 7.031258 7.049447 6.895909 6.876157 6.543394 5.691584 5.10372 5.000652 5.030231 5.11556 5.194027 4.981874 4.815496 4.954128 5.289646 4.912025 3.852635 3.344095 3.708313 4.544039 5.066882 5.210679 5.40841 5.492518 5.024648 3.713114 3.581117 4.130421 4.286815
9.040916 9.677646 10.05886 9.99253 9.452767 8.515329 8.550987 8.181035 7.185638 6.631247 6.02632 5.125548 4.969663 5.498598 6.674507 7.525875 6.936797 5.963733 5.96661 6.106695 6.168092 6.491122 5.996948 5.896325 6.492167 6.715602 6.56741 5.904262 5.527565 4.953472 3.908258 4.007117 5.063025 5.82848 6.343985 6.391678 6.158393 6.237763 6.282926 5.734222 5.218089 4.949274 4.965504 4.911746 5.039747 5.038702 4.923496 4.764591 4.913162 4.9077 4.052567 3.483529 3.656774 4.960231 5.709245 5.800885 5.787076 5.909181 5.343333 4.045395 3.507547 3.576215 3.893101
9.346415 9.604459 9.489922 9.044449 8.290644 8.095516 8.613667 8.030172 7.260201 6.706388 6.1612 5.398198 4.868641 5.085199 6.025432 7.145865 7.356586 6.465467 5.573247 5.376312 5.544296 5.96685 5.516654 5.461081 6.523302 7.000893 7.222425 6.555407 5.89661 5.120368 4.227691 4.016226 4.530882 4.96376 5.462398 5.659045 5.548654 5.849167 6.183078 6.162309 5.562472 5.088478 5.072056 4.951944 4.866657 4.821718 4.885828 4.81785 4.566047 4.39376 3.768215 3.542457 3.646867 5.044966 5.803984 5.82514 5.883687 6.060025 5.930808 5.011326 4.045223 3.740273 3.779375
9.81569 9.245667 8.774943 8.251137 7.273628 7.547419 8.687411 8.601349 8.134092 7.550528 6.853244 6.160339 5.397959 4.744268 5.261027 6.425081 7.459576 7.124776 5.995618 5.214096 5.098801 5.439639 5.164307 5.080042 6.056771 6.983588 7.554917 7.59199 6.937968 5.97764 5.125357 4.454311 4.603734 4.526886 4.709415 4.890831 5.106214 5.60495 6.060684 6.282312 5.932039 5.619021 5.51216 5.514852 5.365081 4.977817 4.757871 4.657298 4.386918 3.817548 3.459366 3.49356 4.029086 5.068422 5.638614 5.755908 5.879453 6.100573 6.212088 5.983687 4.958744 4.104377 3.953079
9.683303 8.49952 7.961323 7.704854 6.812261 7.154494 8.301025 8.534411 8.69117 8.237401 7.495041 6.782888 5.980087 4.974107 4.789117 5.822514 7.099477 7.372107 6.621241 5.559822 4.940421 5.079896 4.920181 4.873212 5.685597 6.784684 7.646733 8.153433 7.515255 6.560942 5.840126 5.645094 5.479739 5.124423 4.553789 4.36779 4.75782 5.176758 5.743439 6.233151 6.180094 6.045822 5.880978 5.977361 5.922413 5.604456 5.184803 4.665948 3.899204 3.252801 3.428193 3.383303 4.276888 5.090588 5.443566 5.647339 5.781351 6.087965 6.295211 6.266538 5.645525 4.725321 4.480305
9.30073 7.668022 7.014924 6.903184 6.275153 6.796052 7.690335 8.334571 8.586962 8.409469 7.511863 6.690069 6.059076 5.316469 4.703477 5.287717 6.43813 6.891859 6.713023 6.089521 5.19061 4.919012 4.801434 4.830517 5.528462 6.571645 7.493198 7.760243 7.289844 6.423133 5.898957 6.082254 6.397371 6.080082 5.179956 4.438098 4.420092 4.692788 5.130282 5.729575 5.991002 5.904222 5.848179 6.002722 6.165781 5.911848 5.519952 5.068599 3.80903 3.193883 3.4509 3.3657 3.594535 4.592266 5.266866 5.435383 5.617139 6.007389 6.310808 6.511341 6.000275 5.373045 5.030341
9.107784 7.126322 6.195041 6.100514 5.95055 6.702697 7.49566 8.193213 8.600914 8.78333 8.177095 7.09193 6.055398 5.29721 4.653631 4.88406 5.606518 6.098106 6.273633 6.221756 5.541147 5.005183 4.73252 4.730417 5.435139 6.388035 7.178298 7.441768 6.878096 6.062873 5.512018 5.691832 6.097768 6.32049 5.840801 4.959443 4.425313 4.458089 4.7331 5.268615 5.70443 5.720357 5.725768 5.815144 5.893031 5.659141 5.354305 5.098531 4.16309 3.237564 3.49679 3.512767 3.319661 3.74473 4.835957 5.155591 5.336113 5.707365 6.077841 6.517552 6.402771 5.928642 5.636613
9.0761 7.16903 5.781775 5.475644 6.124709 6.949898 7.31612 7.656889 8.362138 8.697619 8.52094 7.891341 6.864582 5.808629 4.989244 4.639279 5.078632 5.426142 5.790218 5.922926 5.60994 5.218649 4.860822 4.85019 5.59076 6.653863 7.121761 7.110137 6.541996 5.97041 5.531459 5.331163 5.499096 5.874291 5.805582 5.257399 4.715305 4.470258 4.587368 5.070098 5.526783 5.69997 5.695774 5.537595 5.479486 5.287521 4.948241 4.645763 4.219206 3.462994 3.487281 3.565712 3.497434 3.295775 4.269942 4.727068 5.009166 5.317408 5.794359 6.191374 6.425968 6.275648 6.048724
9.119134 7.494625 5.846854 5.293589 6.210154 7.004195 6.995275 7.079565 7.627019 7.907545 7.926831 7.933911 7.613925 6.73485 5.980875 5.232827 4.923659 5.066521 5.444808 5.481245 5.385159 5.304893 4.952397 4.987113 5.962464 7.070917 7.422449 6.852292 5.919246 5.662182 5.646729 5.559604 5.251543 5.314887 5.414942 5.26191 4.904006 4.564105 4.615156 4.920278 5.422533 5.725314 5.819512 5.296917 5.108477 4.889105 4.70416 4.576536 4.287116 3.980227 3.720483 3.601642 3.567584 3.465817 3.74679 4.261383 4.598415 4.925164 5.340461 5.880664 6.346725 6.339795 6.19806
8.80331 7.628743 5.992033 5.1888 6.113615 6.73214 6.835255 6.984598 7.229769 7.056663 6.899373 7.146569 7.420967 6.880971 6.529834 6.156931 5.340506 5.042078 5.046345 5.154327 5.09574 5.158972 4.884151 5.020334 6.179253 7.30868 7.791227 6.863555 5.613165 5.116833 5.290995 5.530067 5.439924 5.135618 5.110718 5.115935 4.947593 4.69791 4.63783 4.82543 5.372135 5.750484 5.897548 5.473019 5.191927 4.930434 4.776082 5.033336 5.00963 4.643552 4.139139 3.813708 3.572145 3.613576 3.52429 3.644329 3.987331 4.352228 4.71062 5.283864 6.013526 6.367236 6.327564
8.14253 7.323837 6.152184 5.123093 5.692231 6.346905 6.843451 7.093373 7.177235 6.752806 6.216379 6.272327 6.805432 6.462296 6.158227 6.428948 6.020267 5.462833 5.142704 5.044416 4.854406 5.013356 4.741305 5.03114 6.279062 7.353189 7.689785 6.892945 5.655332 4.892246 4.916118 5.218612 5.503511 5.334824 5.15419 5.022928 4.895051 4.774185 4.643065 4.636967 5.246123 5.712907 5.724856 5.478467 5.31977 5.183733 4.983328 5.051001 5.186518 4.735085 4.445439 4.248677 3.688668 3.597971 3.638536 3.610933 3.504094 3.609573 3.855874 4.488996 5.331848 6.015811 6.28758
7.641196 6.873148 6.196733 5.110919 5.340093 6.154154 6.947628 7.104718 7.064358 7.060173 6.430411 5.90245 6.076016 5.942185 5.684723 6.157434 6.087535 5.789348 5.965886 5.571174 4.821196 4.766637 4.660695 4.956859 6.139768 7.085546 7.620956 6.916776 5.705161 4.981189 4.797424 4.925565 5.287769 5.400968 5.280498 5.154746 5.054534 4.976038 4.85517 4.622242 5.011088 5.400296 5.348224 5.130313 5.110611 5.106706 4.871312 4.90795 4.907749 4.54644 4.585459 4.77582 4.702548 4.213331 3.695887 3.643063 3.685017 3.574002 3.322027 3.635 4.511894 5.415379 6.05506
