py_wake/examples/data/AJ_ParqueFicticio/Rough survey   Sector 3   Height 200m   Mean speed.grd
DSAA
73  159
 258469   265669
 6501692   6517492
 4.422212   10.3357
[rows 0 to 27 of 159, columns 0 to 62 of 73]
6.220183 6.226686 6.231284 6.22546 6.223486 6.219624 6.215018 6.211128 6.207225 6.205786 6.201771 6.201889 6.197889 6.19378 6.191848 6.176394 6.158063 6.12606 6.084286 6.034866 6.015512 6.053993 6.15602 6.273418 6.378561 6.440365 6.489767 6.572252 6.63781 6.663718 6.687234 6.72029 6.745128 6.744938 6.752117 6.791638 6.8335 6.852805 6.838306 6.801784 6.759767 6.706251 6.678463 6.662287 6.64583 6.626687 6.606322 6.580475 6.563426 6.546449 6.533317 6.525352 6.521807 6.525136 6.535887 6.550391 6.566132 6.580183 6.590376 6.617879 6.648623 6.673217 6.682778
6.180451 6.201496 6.207222 6.202861 6.196254 6.192899 6.192678 6.192945 6.190882 6.187057 6.178595 6.176688 6.173931 6.176209 6.17783 6.16666 6.151447 6.122949 6.090503 6.040791 6.027238 6.097677 6.221644 6.333736 6.431242 6.506507 6.574026 6.655837 6.7019 6.732744 6.753519 6.785445 6.814137 6.819829 6.82628 6.845077 6.861072 6.843154 6.800012 6.74936 6.686269 6.653932 6.654378 6.649385 6.63558 6.614448 6.593017 6.568522 6.548951 6.531167 6.517205 6.513404 6.511569 6.522593 6.535748 6.552467 6.574812 6.593733 6.620018 6.662122 6.70214 6.731986 6.754128
6.178905 6.183318 6.183354 6.179926 6.170419 6.166706 6.166595 6.168421 6.171684 6.172238 6.167654 6.159394 6.157136 6.156283 6.163733 6.161197 6.148353 6.127118 6.107099 6.073862 6.079363 6.157269 6.252715 6.362665 6.472057 6.574369 6.63899 6.697161 6.743246 6.772869 6.803518 6.838559 6.863865 6.872244 6.870464 6.861445 6.845894 6.812724 6.751938 6.678655 6.613288 6.611358 6.620061 6.629363 6.616127 6.594795 6.572683 6.552049 6.53135 6.508256 6.492641 6.493554 6.50267 6.519029 6.537246 6.557977 6.583774 6.608748 6.646083 6.703333 6.760212 6.799297 6.833758
6.177701 6.170473 6.159824 6.155598 6.151715 6.152886 6.155202 6.157817 6.160466 6.162913 6.159762 6.151762 6.150426 6.149355 6.150269 6.158156 6.154588 6.136364 6.122179 6.10517 6.132561 6.221003 6.316107 6.406194 6.502051 6.595874 6.669394 6.729539 6.763909 6.798701 6.834735 6.882766 6.897479 6.88144 6.861254 6.836554 6.806167 6.75802 6.674443 6.577364 6.54193 6.557307 6.591123 6.609441 6.604087 6.583574 6.547114 6.52569 6.507457 6.487826 6.481453 6.495656 6.504025 6.518461 6.538028 6.564269 6.598405 6.632041 6.678894 6.757654 6.832337 6.885908 6.914939
6.162004 6.151116 6.142566 6.142892 6.141911 6.140352 6.142708 6.149617 6.152169 6.153231 6.153051 6.144302 6.142169 6.146235 6.143301 6.151359 6.158875 6.155875 6.147631 6.149468 6.193049 6.275787 6.382838 6.470889 6.548959 6.627966 6.690875 6.731755 6.765183 6.798965 6.842981 6.884104 6.858788 6.813473 6.782139 6.749882 6.725179 6.669527 6.572797 6.454307 6.451205 6.511862 6.578888 6.606489 6.60742 6.569822 6.51903 6.497204 6.483563 6.480599 6.47899 6.489056 6.495927 6.508555 6.531899 6.567149 6.611025 6.652799 6.711872 6.816967 6.90618 6.972647 6.998448
6.150664 6.128517 6.124818 6.13563 6.135705 6.128839 6.135273 6.147646 6.149765 6.149525 6.148395 6.140668 6.132298 6.148093 6.143746 6.144971 6.165969 6.181559 6.198982 6.219775 6.272401 6.36238 6.441385 6.523181 6.588398 6.644323 6.683166 6.711639 6.733239 6.766459 6.792169 6.784669 6.719473 6.658888 6.617238 6.599859 6.593975 6.564076 6.46373 6.337758 6.386542 6.50273 6.5857 6.602203 6.577904 6.52767 6.491786 6.48407 6.474992 6.464456 6.46424 6.458825 6.464142 6.480681 6.514642 6.564219 6.62173 6.678246 6.744208 6.873749 6.977148 7.02764 7.023708
6.141789 6.12508 6.116307 6.118733 6.122615 6.120977 6.139782 6.152847 6.154102 6.152236 6.144484 6.133516 6.126578 6.140059 6.14399 6.133882 6.162593 6.202248 6.236541 6.270017 6.333044 6.417407 6.504806 6.566678 6.600174 6.626454 6.655819 6.671116 6.680774 6.684257 6.685597 6.65909 6.586701 6.524414 6.499686 6.472132 6.470775 6.44581 6.373141 6.315327 6.392229 6.526098 6.589098 6.561963 6.505812 6.467316 6.467447 6.482009 6.467213 6.441115 6.423972 6.41264 6.413206 6.436417 6.485876 6.554207 6.631462 6.702991 6.76985 6.909997 6.996744 6.992033 6.887504
6.143986 6.133116 6.127302 6.117818 6.116762 6.120162 6.140271 6.160903 6.160787 6.154329 6.141524 6.128048 6.127953 6.136732 6.141961 6.136216 6.150147 6.20111 6.258973 6.325254 6.394055 6.468635 6.544325 6.581674 6.583796 6.576737 6.602407 6.611782 6.602449 6.589018 6.560995 6.518721 6.473255 6.427875 6.39775 6.372576 6.363712 6.342518 6.323494 6.343343 6.414252 6.51474 6.527781 6.468928 6.405362 6.424133 6.46278 6.470631 6.425285 6.37875 6.358624 6.344747 6.343586 6.374084 6.455887 6.553921 6.642843 6.720273 6.788754 6.854077 6.870011 6.765732 6.577134
6.145295 6.137092 6.133911 6.128513 6.127034 6.133873 6.155011 6.166607 6.167411 6.150655 6.133216 6.126517 6.125947 6.127949 6.131351 6.133716 6.140559 6.19321 6.275183 6.362618 6.435897 6.479596 6.528819 6.54602 6.533813 6.513706 6.523126 6.533015 6.509154 6.475409 6.437363 6.395847 6.351135 6.311787 6.287032 6.256453 6.248841 6.254789 6.285222 6.335859 6.37465 6.421467 6.398814 6.330252 6.33199 6.390819 6.409087 6.383378 6.324582 6.265588 6.246809 6.231946 6.234013 6.31553 6.44124 6.559792 6.65244 6.725654 6.767629 6.741347 6.610672 6.422741 6.219865
6.148408 6.139973 6.135506 6.142872 6.149746 6.164409 6.188224 6.191668 6.167596 6.136333 6.112662 6.116419 6.121266 6.120221 6.117453 6.126678 6.145114 6.164664 6.262669 6.357923 6.438553 6.482999 6.492284 6.505643 6.505991 6.469835 6.458657 6.438054 6.397847 6.355048 6.317636 6.276776 6.223181 6.184963 6.150977 6.127405 6.150989 6.187088 6.213216 6.2427 6.268853 6.277264 6.242463 6.210333 6.260323 6.307027 6.287828 6.242185 6.183304 6.126103 6.108121 6.101486 6.143255 6.290524 6.46304 6.577734 6.656335 6.701839 6.697924 6.607334 6.431348 6.206759 6.010956
6.148399 6.144731 6.141257 6.153755 6.171356 6.184451 6.194318 6.191397 6.150169 6.099058 6.089651 6.109367 6.118365 6.108538 6.113611 6.129141 6.149657 6.172067 6.206445 6.301269 6.385878 6.439541 6.46163 6.481486 6.487661 6.449722 6.404079 6.37835 6.325986 6.266446 6.212863 6.174155 6.147637 6.112646 6.084 6.070637 6.079788 6.09979 6.123551 6.154992 6.167722 6.159677 6.135893 6.132477 6.173118 6.175546 6.123066 6.078311 6.039267 5.985819 5.974711 6.010775 6.132456 6.318104 6.484399 6.580852 6.627205 6.63161 6.579433 6.445394 6.256122 6.044226 5.904351
6.153985 6.152948 6.156287 6.170332 6.180912 6.183087 6.182165 6.142133 6.092614 6.05103 6.070923 6.113309 6.124273 6.110495 6.106583 6.135705 6.181885 6.187098 6.186756 6.209254 6.297601 6.374864 6.438231 6.452613 6.446439 6.4072 6.317513 6.305411 6.27418 6.201184 6.145825 6.108604 6.083796 6.065971 6.040265 6.030119 6.040239 6.05374 6.073575 6.076895 6.081612 6.065981 6.058671 6.06094 6.068906 6.042723 5.983698 5.944303 5.913094 5.88671 5.902839 5.992813 6.155756 6.327493 6.44943 6.496986 6.49894 6.457849 6.378848 6.250382 6.087159 5.935946 5.861516
6.157105 6.160842 6.168453 6.173997 6.178243 6.179292 6.158146 6.10721 6.031208 6.019601 6.091628 6.139121 6.132047 6.108019 6.108516 6.138576 6.190896 6.204422 6.204907 6.200943 6.225479 6.31665 6.39365 6.408061 6.389783 6.342138 6.264961 6.235532 6.191946 6.122141 6.072148 6.034091 6.015747 6.00441 5.9899 5.990664 5.997182 6.00246 6.005764 6.005648 5.997582 5.98781 5.97858 5.981506 5.971427 5.935001 5.885218 5.848558 5.83097 5.832227 5.878826 5.981773 6.115705 6.236808 6.296906 6.281002 6.225861 6.165333 6.08884 6.00177 5.921164 5.872437 5.859875
6.157228 6.166254 6.169718 6.171781 6.172739 6.164532 6.137399 6.092471 6.031521 6.039774 6.104351 6.14396 6.137999 6.114572 6.122003 6.166371 6.19183 6.204806 6.225237 6.225403 6.235242 6.262393 6.317832 6.335099 6.309963 6.26214 6.198212 6.156432 6.095296 6.048173 6.006809 5.976908 5.955119 5.942301 5.944891 5.949732 5.956829 5.950539 5.940009 5.925181 5.913505 5.902712 5.892464 5.901162 5.882574 5.845185 5.805885 5.775079 5.777266 5.791715 5.854583 5.928917 6.005064 6.053354 6.044803 5.981255 5.926619 5.891094 5.873251 5.86243 5.86822 5.884964 5.902982
6.162231 6.167571 6.168386 6.169452 6.165261 6.153137 6.126095 6.09024 6.0514 6.051722 6.102755 6.143108 6.145391 6.144508 6.160654 6.193453 6.21313 6.236938 6.252404 6.249461 6.257559 6.273928 6.271469 6.251606 6.225442 6.185193 6.142119 6.094346 6.04664 6.000815 5.966198 5.930727 5.911145 5.89775 5.908123 5.926843 5.92764 5.907467 5.877041 5.849079 5.831173 5.82171 5.815086 5.825856 5.805271 5.763025 5.732211 5.725888 5.733045 5.765432 5.809348 5.84187 5.865605 5.861169 5.830547 5.787329 5.780821 5.819673 5.872859 5.927967 5.973729 6.014509 6.011788
6.163878 6.163892 6.161022 6.160761 6.158006 6.143871 6.121233 6.090076 6.06263 6.056337 6.102785 6.140012 6.155463 6.174157 6.203089 6.222903 6.229965 6.247915 6.261427 6.251363 6.261249 6.270579 6.246656 6.219829 6.193521 6.159736 6.110555 6.056986 6.010859 5.972277 5.936115 5.898294 5.863142 5.863126 5.902405 5.929638 5.918436 5.876606 5.820294 5.776298 5.767106 5.774187 5.779253 5.772972 5.745342 5.706389 5.695818 5.706892 5.742116 5.771599 5.784608 5.780937 5.774157 5.76304 5.763704 5.794454 5.87909 5.990957 6.090432 6.158358 6.202326 6.203338 6.154987
6.16037 6.160198 6.155529 6.153406 6.151884 6.142264 6.12089 6.095993 6.080088 6.082357 6.105281 6.137194 6.16686 6.192816 6.219571 6.224469 6.22319 6.239958 6.254402 6.248185 6.249614 6.255219 6.234867 6.201467 6.17204 6.144582 6.096117 6.039601 5.992877 5.960276 5.930555 5.878131 5.833918 5.861529 5.955037 5.982994 5.945338 5.866284 5.76986 5.694943 5.71839 5.749407 5.753065 5.750333 5.728099 5.702119 5.698431 5.735108 5.787366 5.826115 5.828667 5.806081 5.803242 5.827041 5.892594 5.998496 6.145246 6.274396 6.373458 6.415273 6.420746 6.372411 6.270023
6.158108 6.154122 6.152058 6.148856 6.147051 6.140981 6.124407 6.1085 6.098699 6.104502 6.123201 6.143294 6.171534 6.201427 6.215744 6.222295 6.218901 6.227356 6.233094 6.23374 6.231349 6.23597 6.226668 6.207865 6.183822 6.145761 6.097311 6.046746 6.007771 5.983963 5.94599 5.872367 5.852508 5.930926 6.033257 6.054493 5.981716 5.872583 5.739306 5.668934 5.709869 5.744231 5.762904 5.778512 5.776124 5.770057 5.774719 5.81968 5.897706 5.942354 5.935741 5.910443 5.929749 6.003669 6.118212 6.255252 6.393258 6.500137 6.561208 6.571312 6.541651 6.466811 6.341332
6.155375 6.150802 6.147571 6.145467 6.143384 6.139252 6.130652 6.118627 6.114021 6.122211 6.14488 6.160407 6.171135 6.191451 6.207582 6.217457 6.217879 6.220589 6.22415 6.224993 6.221347 6.218939 6.214026 6.210176 6.194735 6.162009 6.1191 6.076326 6.04761 6.024812 5.966636 5.889088 5.922041 6.019924 6.1002 6.106672 6.021439 5.871238 5.711176 5.642447 5.719001 5.799587 5.851246 5.883719 5.90462 5.914225 5.90815 5.964061 6.044483 6.077618 6.05114 6.024392 6.051617 6.148353 6.273526 6.407328 6.516786 6.6002 6.63411 6.62871 6.594836 6.51181 6.384825
6.152681 6.147376 6.142207 6.138329 6.135796 6.134962 6.132984 6.131196 6.127604 6.136009 6.158098 6.165798 6.169107 6.185747 6.1963 6.208591 6.213202 6.215958 6.220997 6.222186 6.215112 6.209463 6.207425 6.211118 6.197227 6.161956 6.125053 6.096603 6.079291 6.037506 5.95158 5.911647 5.98681 6.089364 6.136647 6.127728 6.023778 5.851989 5.673636 5.649318 5.773939 5.902194 5.983571 6.025884 6.051959 6.049931 6.04753 6.094046 6.159573 6.163646 6.117677 6.092448 6.128678 6.216696 6.327834 6.44618 6.552773 6.633762 6.657363 6.65902 6.63344 6.558564 6.43892
6.152415 6.140874 6.128932 6.122751 6.123711 6.127722 6.130974 6.136061 6.13898 6.148226 6.16404 6.170179 6.171881 6.178648 6.192142 6.20192 6.209821 6.213817 6.221939 6.21654 6.209177 6.201551 6.200747 6.199938 6.191565 6.164155 6.134574 6.103827 6.07548 6.003333 5.947052 5.959077 6.005699 6.081027 6.125074 6.122807 6.011153 5.830845 5.675071 5.71672 5.861078 6.007136 6.086353 6.130962 6.137867 6.116814 6.113344 6.154811 6.194968 6.167747 6.119815 6.118785 6.16116 6.225313 6.337754 6.446356 6.551955 6.638792 6.688378 6.713216 6.694582 6.627926 6.519974
6.145777 6.137973 6.116566 6.109721 6.115613 6.123441 6.130736 6.136581 6.14371 6.154463 6.162472 6.170441 6.176811 6.181512 6.185901 6.196979 6.208411 6.215311 6.218457 6.208961 6.197872 6.192373 6.195695 6.195284 6.183212 6.161465 6.129894 6.091009 6.035942 5.954616 5.966613 6.010613 6.029415 6.060127 6.090638 6.077139 5.971662 5.818054 5.697688 5.777569 5.93575 6.05615 6.117363 6.148146 6.139471 6.131189 6.141533 6.158048 6.151599 6.112688 6.081761 6.106107 6.160481 6.224232 6.327458 6.449219 6.561976 6.677877 6.762261 6.811093 6.80226 6.732231 6.625215
6.133698 6.125571 6.113075 6.106714 6.112016 6.119359 6.128731 6.136658 6.142647 6.15199 6.154881 6.165024 6.174723 6.184166 6.187736 6.190337 6.201058 6.210961 6.212106 6.205104 6.194675 6.187974 6.188722 6.184514 6.174181 6.146518 6.109072 6.062523 5.992706 5.963009 6.011095 6.06496 6.069443 6.048859 6.045649 6.015209 5.928556 5.8264 5.760958 5.808509 5.940533 6.035281 6.092651 6.104989 6.107017 6.111478 6.11841 6.107417 6.073408 6.036354 6.032093 6.07167 6.14743 6.216066 6.339688 6.486026 6.636754 6.786817 6.911241 6.972072 6.952902 6.851122 6.707612
6.12837 6.122528 6.115843 6.111829 6.115329 6.121225 6.128511 6.133745 6.14018 6.143466 6.148483 6.15672 6.168652 6.179017 6.190196 6.196573 6.200107 6.200481 6.200453 6.198926 6.193343 6.185597 6.181554 6.178822 6.163891 6.131874 6.086997 6.036786 5.980613 5.998866 6.073908 6.103026 6.075516 6.025121 5.982015 5.966246 5.917322 5.851303 5.816258 5.827147 5.896435 5.969721 6.022822 6.037747 6.046096 6.057856 6.055435 6.036886 6.004832 5.977177 5.986963 6.047442 6.148809 6.245387 6.381651 6.577255 6.783961 6.966108 7.116241 7.17559 7.107409 6.948011 6.764151
6.126752 6.121344 6.121141 6.122466 6.121778 6.12537 6.129818 6.133157 6.140091 6.137485 6.145565 6.153343 6.165381 6.176597 6.188524 6.195006 6.19908 6.19548 6.192042 6.189685 6.187053 6.183584 6.176673 6.173003 6.15685 6.123969 6.078573 6.036414 6.012979 6.030576 6.084139 6.09439 6.051226 5.982283 5.924061 5.925943 5.920695 5.886226 5.851912 5.838006 5.84241 5.906254 5.952218 5.962953 5.979275 5.982322 5.97914 5.97008 5.951803 5.940519 5.9703 6.06046 6.192369 6.324522 6.493175 6.726614 6.986933 7.203319 7.34874 7.358286 7.21278 6.995132 6.755253
6.126374 6.120283 6.122381 6.13102 6.134407 6.135472 6.133712 6.135769 6.137129 6.134115 6.143706 6.155364 6.166225 6.178649 6.187663 6.194703 6.195586 6.190905 6.185614 6.181695 6.183767 6.182835 6.172928 6.165375 6.152691 6.121102 6.077684 6.047491 6.043509 6.046384 6.058032 6.06125 6.018941 5.945056 5.878653 5.897053 5.909101 5.900556 5.875026 5.836763 5.829748 5.877625 5.9163 5.929459 5.930035 5.915697 5.914014 5.913718 5.916908 5.929407 5.989994 6.11799 6.295219 6.467975 6.653171 6.926089 7.227192 7.457746 7.550947 7.470085 7.228203 6.93776 6.644674
6.130232 6.123733 6.124372 6.132354 6.138548 6.1432 6.14237 6.142026 6.138973 6.141019 6.150117 6.159156 6.171091 6.181996 6.185423 6.190597 6.190755 6.188432 6.183402 6.177265 6.175975 6.176692 6.174649 6.16104 6.141517 6.106178 6.066534 6.042014 6.046459 6.025707 6.031547 6.032459 5.993481 5.921588 5.858163 5.865568 5.889399 5.896519 5.894975 5.841787 5.803746 5.835604 5.874746 5.901676 5.896965 5.87245 5.854948 5.860738 5.891014 5.953177 6.049654 6.219121 6.449717 6.667953 6.867797 7.153646 7.476226 7.680324 7.670009 7.465654 7.147913 6.811744 6.513621
6.134739 6.13482 6.136351 6.13936 6.143672 6.148026 6.150504 6.148062 6.146376 6.152715 6.162994 6.169857 6.175452 6.184637 6.189307 6.187793 6.18588 6.184643 6.183685 6.180362 6.172051 6.173961 6.169163 6.15584 6.129565 6.090139 6.047766 6.027277 6.038006 6.021849 6.017527 6.014179 5.962946 5.890524 5.82902 5.854874 5.884717 5.89052 5.881001 5.809041 5.764451 5.781168 5.82525 5.855944 5.861916 5.849161 5.82204 5.842361 5.902852 6.006476 6.156494 6.369427 6.638376 6.890639 7.107911 7.388164 7.684344 7.824377 7.692433 7.386966 7.011212 6.660448 6.392056
