py_wake/examples/data/AJ_ParqueFicticio/Rough survey   Sector 12   Height 30m   Orographic speed.grd
DSAA
73  159
 258469   265669
 6501692   6517492
 .2359203   2.018837
[rows 112 to 139 of 159, columns 0 to 62 of 73]
1.465014 1.490891 1.443456 1.388777 1.362259 1.317888 1.260411 1.246747 1.251398 1.251488 1.231739 1.237734 1.226391 1.202972 1.1736 1.082033 .9902382 .9269009 .803243 .6338013 .7014487 .9189553 1.074422 1.197197 1.335802 1.396947 1.401888 1.490614 1.593412 1.674818 1.799505 1.886147 1.841229 1.645941 1.456373 1.28831 1.159549 1.169901 1.257345 1.347242 1.382666 1.329996 1.192827 1.093742 1.022737 .9481794 .8896366 .872781 .8418412 .9058704 1.056622 1.19917 1.241617 1.213824 1.179487 1.16837 1.164423 1.152263 1.109299 1.013141 .8606537 .8529451 .8429106
1.59255 1.578822 1.546487 1.498083 1.480913 1.472809 1.434891 1.397322 1.375582 1.355429 1.330381 1.323865 1.30454 1.255443 1.232819 1.194403 1.117189 1.030392 .9401008 .7539791 .6697679 .7315462 .883741 1.101128 1.25402 1.393563 1.3968 1.372274 1.453817 1.574067 1.668345 1.841726 1.974022 1.983161 1.833809 1.620813 1.378435 1.24411 1.269621 1.341946 1.41967 1.416849 1.314245 1.178285 1.079607 .9796575 .9021403 .8560553 .8050231 .7315632 .802932 .9913134 1.104366 1.139395 1.1397 1.136057 1.144432 1.149357 1.157641 1.119888 .9881999 .7997562 .7881915
1.78222 1.726593 1.685958 1.635859 1.592832 1.5863 1.58962 1.546439 1.504676 1.453464 1.412144 1.42337 1.358246 1.302417 1.273993 1.23512 1.232248 1.171964 1.023052 .8920792 .6894706 .6455781 .7179684 .9170988 1.107313 1.304455 1.379442 1.37674 1.388097 1.461358 1.530186 1.663273 1.841867 1.954115 2.018837 1.959197 1.75133 1.528286 1.452871 1.472772 1.550348 1.592265 1.492505 1.341799 1.206104 1.097436 .9974946 .9225323 .852114 .7735969 .7471427 .8437903 .9605898 1.069809 1.094639 1.102794 1.117361 1.128075 1.153617 1.175872 1.16413 1.03555 .82386
1.883021 1.845037 1.808167 1.753634 1.7028 1.674963 1.66193 1.627178 1.597657 1.548473 1.51233 1.531411 1.468558 1.403219 1.362316 1.33245 1.330309 1.349766 1.256312 1.143386 1.013282 .8315517 .687556 .6877348 .8565103 1.107389 1.253103 1.281904 1.323419 1.321958 1.362242 1.470907 1.585231 1.725034 1.844552 1.9634 1.945876 1.809621 1.700016 1.711868 1.768881 1.82013 1.787316 1.676809 1.498502 1.343067 1.177094 1.047358 .9676554 .9093558 .8710462 .8750424 .9291445 .997391 1.055838 1.080441 1.08728 1.107846 1.122016 1.154132 1.145609 1.097141 1.027541
1.803007 1.80602 1.786899 1.765933 1.722481 1.695055 1.662591 1.650421 1.639142 1.615261 1.602961 1.602181 1.638937 1.614195 1.547928 1.514838 1.52438 1.55755 1.572397 1.53127 1.426582 1.267349 .9640911 .6988029 .6386018 .8903666 1.127892 1.194043 1.21895 1.242308 1.298645 1.326749 1.401312 1.499825 1.620482 1.767856 1.859238 1.852732 1.779552 1.753069 1.808376 1.947949 1.995116 1.937447 1.808027 1.633597 1.446723 1.270848 1.130252 1.042322 .9963564 .9756675 .9725134 .9801007 1.013623 1.042364 1.052739 1.064009 1.086291 1.1259 1.129601 1.109845 1.060143
1.607873 1.635887 1.64474 1.647431 1.633623 1.618825 1.603433 1.594066 1.577765 1.582533 1.602713 1.692749 1.742936 1.769861 1.736063 1.633094 1.609712 1.630205 1.667917 1.664464 1.641658 1.577505 1.415167 1.045086 .7494642 .7275144 .9679385 1.151673 1.204106 1.192712 1.237069 1.305584 1.412772 1.472887 1.562993 1.692321 1.729218 1.652048 1.589235 1.607764 1.653074 1.748197 1.839324 1.82264 1.81838 1.748039 1.604972 1.449941 1.286565 1.154899 1.085304 1.058233 1.030805 1.017832 1.005624 1.015524 1.013974 1.009917 1.002346 1.062057 1.105034 1.11524 1.048542
1.297803 1.349658 1.392233 1.418405 1.443696 1.466304 1.488149 1.492139 1.468009 1.451136 1.491006 1.587522 1.681996 1.729374 1.74294 1.698143 1.597376 1.514694 1.521367 1.516431 1.518802 1.538702 1.56399 1.433488 1.049524 .7875172 .8118725 .9835958 1.191756 1.201849 1.232268 1.274124 1.344188 1.403636 1.441501 1.508558 1.541482 1.47489 1.273282 1.180182 1.265425 1.409622 1.538732 1.523451 1.478816 1.541055 1.524995 1.430958 1.325305 1.206441 1.146936 1.121355 1.09885 1.089123 1.063016 1.051102 1.031044 1.022705 .9740463 .9236018 .9757465 1.026618 .9642423
1.026985 1.072276 1.145018 1.219144 1.277987 1.32817 1.366924 1.418983 1.42542 1.376172 1.314515 1.307786 1.401794 1.480069 1.571707 1.628543 1.55154 1.384977 1.2601 1.204839 1.174538 1.181683 1.317797 1.468808 1.372959 1.110959 .9417739 .9484756 1.060182 1.225358 1.226927 1.24558 1.233411 1.249802 1.260395 1.294869 1.376595 1.406569 1.217162 .9490495 .8901262 1.054289 1.277092 1.380013 1.27124 1.228903 1.277432 1.27305 1.232181 1.163305 1.123756 1.123328 1.13674 1.126376 1.122709 1.115473 1.099165 1.092981 1.06533 .9811684 .8809789 .8574641 .8476052
.93938 .9875385 1.044006 1.109307 1.171322 1.226803 1.266655 1.340931 1.423862 1.442017 1.340699 1.146592 1.098934 1.130489 1.277975 1.457747 1.522845 1.449079 1.28399 1.14116 1.019009 .95893 .9922718 1.233765 1.376529 1.328854 1.130726 .9541906 .9729967 1.088719 1.154142 1.150424 1.176023 1.16343 1.17058 1.19592 1.278133 1.367941 1.335339 1.103883 .8770298 .8348311 1.017966 1.274802 1.289631 1.195272 1.154327 1.13744 1.117518 1.083101 1.050827 1.042001 1.099108 1.118233 1.127477 1.120852 1.112829 1.084432 1.067388 1.005431 .9293252 .8732119 .8433241
1.081389 1.033281 1.050922 1.086018 1.11239 1.166694 1.189394 1.243787 1.329545 1.505993 1.524365 1.309531 1.082022 .975614 .9536837 1.13495 1.34639 1.447446 1.434912 1.328284 1.163293 .9834937 .8921148 .9364043 1.133175 1.236001 1.20438 1.007378 .8705734 .9273943 1.036226 1.081841 1.103555 1.092213 1.119651 1.155023 1.196518 1.311211 1.416661 1.317121 1.090275 .9075552 .8920923 1.081933 1.240234 1.256752 1.218631 1.17326 1.124536 1.078595 1.022835 .9969672 1.001016 1.062779 1.083651 1.105712 1.091467 1.040453 .9896719 .9755073 .9311007 .8835005 .9079359
1.245224 1.139544 1.067724 1.07249 1.084097 1.092705 1.158439 1.184754 1.245156 1.4345 1.650962 1.618378 1.397222 1.138052 .9514768 .8924942 1.004365 1.138601 1.23375 1.294808 1.221451 1.050435 .8815151 .8168387 .8578231 .9695516 1.060593 1.097363 .9275197 .8790681 .9190739 1.025635 1.075947 1.153447 1.143543 1.169908 1.226479 1.255463 1.342533 1.384416 1.288398 1.057279 .908605 .9316159 1.064538 1.175074 1.229938 1.244683 1.211721 1.143113 1.083727 1.014005 .9771372 .9601249 .9906735 1.007837 1.017147 .9976353 .9864852 1.021974 1.043375 1.036822 1.0421
1.383311 1.282973 1.18552 1.124497 1.090669 1.082708 1.070287 1.087786 1.147739 1.295678 1.603477 1.717313 1.692188 1.55358 1.312422 1.118366 1.013824 .9911228 1.015941 1.077813 1.102515 1.014407 .8764322 .8092361 .8322027 .8469701 .8775781 .9376258 .9301436 .9018399 .9188598 1.010783 1.094988 1.165801 1.208683 1.226305 1.236651 1.244294 1.208974 1.227212 1.29694 1.221269 1.054007 .9516284 .960426 1.00593 1.101597 1.173688 1.230925 1.226636 1.172291 1.104777 1.048503 .9906698 .949573 .9114203 .8915636 .9406992 .9680994 1.043383 1.119155 1.126902 1.101914
1.508372 1.458918 1.349644 1.256694 1.176153 1.11499 1.022763 .9792492 .9729025 1.053219 1.351659 1.577004 1.691963 1.723183 1.673147 1.573372 1.480061 1.33194 1.22833 1.143004 1.151208 1.126896 1.037819 .9091717 .8976707 .9058571 .8641552 .8220424 .746773 .7628191 .85967 1.035749 1.130154 1.18489 1.206598 1.244183 1.25482 1.253702 1.195146 1.09111 1.110542 1.200045 1.192579 1.096557 1.017675 .9899786 .9715844 1.006376 1.086611 1.211768 1.235655 1.188309 1.136347 1.084703 1.034276 .9783397 .9200593 .9010629 .8983818 .9700795 1.105639 1.139306 1.115144
1.441013 1.478644 1.458699 1.350631 1.246539 1.166865 1.060211 .9137454 .7996076 .8101 1.042415 1.280029 1.512003 1.641655 1.686341 1.702452 1.726742 1.764637 1.733555 1.603195 1.511299 1.471295 1.367867 1.227807 1.075872 1.022096 1.038709 .9568282 .8542914 .7785474 .840676 .931897 1.046155 1.126253 1.178316 1.224407 1.251286 1.254 1.204276 1.142299 1.090974 1.078105 1.136339 1.167089 1.135953 1.07594 1.03839 .9543685 .8956221 1.015033 1.148571 1.175334 1.141309 1.071003 1.014725 .9719619 .9395192 .9019945 .8268549 .8473347 1.000659 1.112183 1.098133
1.372904 1.396276 1.428864 1.377697 1.305425 1.286761 1.220103 1.052489 .8443867 .7035412 .7745287 1.001034 1.235957 1.385856 1.457948 1.442842 1.495722 1.714467 1.766106 1.782925 1.738548 1.66376 1.604584 1.497711 1.360671 1.277036 1.274059 1.264442 1.162827 .9722199 .8954448 .8719797 .9002064 .9770234 1.095131 1.19718 1.274548 1.298269 1.225785 1.145482 1.133652 1.096601 1.046415 1.054763 1.073381 1.081901 1.064471 1.023718 .8928962 .7777433 .8830965 .9759323 1.006954 1.008312 .9715525 .9368601 .9013973 .8550291 .8045639 .7954779 .8900511 1.023207 1.064687
1.35122 1.377524 1.381302 1.417253 1.381 1.369211 1.374968 1.289017 1.06427 .7983781 .6785826 .7686512 1.000469 1.182592 1.287663 1.250342 1.173071 1.31048 1.556171 1.645507 1.66408 1.638514 1.59982 1.570978 1.463996 1.342578 1.256834 1.225469 1.241552 1.104289 .926042 .8774369 .8963097 .9679382 1.044385 1.146932 1.259436 1.330047 1.278509 1.143945 1.069922 1.077436 1.069443 1.035666 1.013302 .9989489 1.018917 1.063519 1.042746 .8384966 .7531164 .8682324 .9892986 1.030881 .9776067 .9364762 .9291221 .8856508 .8575367 .7751022 .8037831 .8945978 .9686463
1.143345 1.247397 1.357883 1.391812 1.386193 1.400186 1.408527 1.363025 1.215227 1.025838 .7856078 .6792172 .8094923 1.02668 1.213042 1.243541 1.080071 1.007043 1.191948 1.347339 1.439161 1.496745 1.47763 1.489381 1.450439 1.300359 1.122526 1.03514 1.05431 1.000294 .8734241 .8257925 .8742058 .9374434 1.020353 1.08067 1.167687 1.256548 1.25963 1.145457 1.02101 .9778622 .9902605 1.011144 1.024076 .9886855 .9643965 1.012773 1.110292 1.092993 .9586177 .9535888 1.057392 1.213605 1.23575 1.189832 1.124168 1.049736 .9183103 .7451919 .713234 .7659831 .7999972
.8814481 1.009479 1.177327 1.315639 1.416483 1.405032 1.363773 1.294644 1.166857 1.042587 .883303 .7283116 .6837017 .860015 1.110264 1.266007 1.144574 .9244987 .9072443 1.063733 1.205589 1.327805 1.351943 1.393122 1.440226 1.355859 1.159272 .9526268 .8467386 .7882424 .6953735 .6706747 .6879981 .7748879 .8964744 .9889033 1.059034 1.164812 1.212607 1.146716 1.018629 .9515365 .9361225 .9319993 .9375575 .981742 .960467 .9463238 1.01798 1.106982 1.090017 1.038282 1.099945 1.262748 1.336787 1.305469 1.264038 1.233985 1.059102 .8170479 .6431436 .6402975 .7427801
.8258494 .918246 1.04458 1.140616 1.277187 1.418016 1.441095 1.337791 1.164421 1.011427 .8795145 .7259724 .666572 .7061272 .9598497 1.215933 1.259506 1.04511 .8536202 .8818374 1.018222 1.164627 1.221551 1.256915 1.422025 1.427229 1.382244 1.149955 .9454936 .7860339 .6436406 .5175614 .4450636 .4850731 .7100262 .8738168 .9875616 1.10212 1.204182 1.211185 1.102633 1.000242 .9583598 .8987463 .8513021 .8686208 .9072652 .9312952 .9385055 1.015551 1.063104 1.049524 1.090077 1.204691 1.287875 1.296863 1.30563 1.306732 1.239509 1.046062 .8170164 .7021187 .7084544
.8849206 .9299264 1.028149 1.095311 1.169127 1.296792 1.522632 1.55942 1.42916 1.286925 1.100569 .9493958 .7944754 .6929169 .804692 1.086937 1.308269 1.250628 1.019476 .8882682 .899471 1.03153 1.102597 1.115442 1.274212 1.414412 1.480615 1.444722 1.289346 1.126183 .9681141 .6910711 .5209615 .4128816 .5181078 .7167337 .8950821 1.070865 1.198692 1.251576 1.241808 1.157451 1.133511 1.079095 .9927933 .8749591 .8461469 .8672446 .8999187 .9433549 .9922003 1.031477 1.099327 1.170392 1.252849 1.297904 1.33306 1.335508 1.377995 1.309378 1.046563 .8203689 .7088031
.87953 .8787258 1.010068 1.122173 1.16917 1.22178 1.463635 1.532762 1.537929 1.434106 1.276765 1.145883 .9901749 .8233355 .7802651 .9683712 1.243892 1.325974 1.241527 1.039893 .9367045 .9574108 1.010345 1.035371 1.154174 1.310009 1.440748 1.53092 1.42566 1.34952 1.261911 1.153096 .9403154 .7390676 .5668703 .6265074 .7747446 .9426289 1.115682 1.260406 1.289564 1.273505 1.249094 1.237289 1.182316 1.112118 .9989289 .8812811 .8163518 .8778039 .9225502 .9642828 1.1004 1.194237 1.229027 1.293176 1.321311 1.343504 1.3873 1.34852 1.211935 1.004371 .880339
.8660522 .8051755 .8785974 1.030649 1.080731 1.153498 1.28476 1.42258 1.491723 1.425307 1.245901 1.100892 1.007093 .8783371 .781339 .8328812 1.069354 1.242298 1.292158 1.181302 1.021194 .9837711 .9988415 1.009159 1.069999 1.167476 1.30439 1.332483 1.3389 1.305738 1.287613 1.288939 1.281144 1.151713 .9111792 .7555175 .731822 .8119649 .9392127 1.126898 1.203176 1.210366 1.201646 1.208048 1.248579 1.208773 1.14357 1.047796 .8715991 .8437539 .8648703 .8394381 .8763999 1.068081 1.17964 1.228237 1.287599 1.369066 1.427606 1.428008 1.304958 1.169195 1.026458
.9674968 .807234 .8006296 .9449647 1.025169 1.099401 1.222189 1.411346 1.528563 1.551294 1.472585 1.236459 1.006606 .8582556 .7566197 .7154728 .8683804 1.05021 1.182424 1.205969 1.105525 1.008412 .9726849 .9554676 1.00826 1.025277 1.092275 1.159967 1.199119 1.159917 1.101443 1.114658 1.232919 1.250883 1.160427 .957206 .8412049 .798663 .855649 .9815604 1.089106 1.09818 1.078268 1.09954 1.145586 1.14602 1.128169 1.104714 .9963654 .8306087 .8219154 .8001837 .7403429 .8050305 1.019578 1.129479 1.202134 1.294345 1.371598 1.448035 1.443586 1.31318 1.211269
1.154676 .9567853 .8605053 .9256164 1.059259 1.09633 1.151832 1.26225 1.442997 1.593847 1.639819 1.545771 1.307738 1.038225 .8126717 .6812901 .7274552 .8723278 1.02404 1.118358 1.120517 1.057585 1.018163 .9926795 1.017907 1.017354 1.029715 1.03411 1.101843 1.116438 1.051034 .9733767 .9946496 1.120312 1.15631 1.053971 .926589 .844007 .8393359 .9135845 1.011141 1.037199 1.008468 .9862081 1.025273 1.038451 1.029146 1.012566 .9750646 .8103588 .7587265 .7577308 .7364751 .6741974 .8344792 .9772053 1.08361 1.17871 1.296503 1.374021 1.433555 1.400584 1.316639
1.343841 1.180658 1.004862 .9691004 1.047865 1.115734 1.072213 1.072089 1.178767 1.33209 1.479118 1.590994 1.537262 1.377374 1.1865 .931691 .7616311 .7944078 .899861 .9930814 1.049321 1.067979 1.046126 1.047728 1.082164 1.098276 1.065968 .9724033 .9657072 1.043518 1.084746 1.035154 .9437211 .9563008 1.038861 1.030701 .9570469 .9173907 .8776724 .9035584 .9847431 1.029943 1.015884 .9694651 .9571565 .9547527 .9926398 .9771369 .9251582 .8385635 .7824177 .7211758 .7224045 .6734091 .6819195 .8207666 .9444103 1.05243 1.176289 1.308201 1.402824 1.395461 1.348259
1.39019 1.304589 1.10049 .9982125 1.02656 1.090766 1.067862 1.037184 1.033032 1.041786 1.151231 1.333304 1.455472 1.414394 1.37808 1.22803 .9940602 .8532284 .8305765 .8867295 .9147644 .9847967 1.013114 1.058488 1.102976 1.161887 1.166711 1.037714 .8953747 .8857045 .9753459 1.045105 1.014244 .955884 .9462406 .9726865 .9576726 .9231246 .8791513 .8994313 1.00235 1.047727 1.067879 1.082309 1.055308 1.017015 1.017424 1.103804 1.079461 1.028756 .8978283 .7678034 .6924316 .6688489 .6009704 .5995557 .7217643 .8496173 .9884772 1.146756 1.306992 1.385432 1.371578
1.275236 1.274411 1.152645 1.017579 .9881715 1.073553 1.08003 1.072176 1.062338 1.006571 .9304798 1.016151 1.213204 1.261427 1.290344 1.327207 1.2238 1.049262 .9035847 .8257111 .818204 .9140726 .9226655 .9647961 1.0752 1.203536 1.184794 1.103001 .936168 .8438499 .869869 .9567418 1.039969 1.014623 .9893772 .9515199 .9400005 .8956288 .843574 .8489022 .9621311 1.044719 1.086602 1.099227 1.113423 1.098368 1.064343 1.079712 1.077237 1.049744 .9937947 .8907965 .6867928 .6166465 .6255551 .5976053 .5278594 .5692951 .7050735 .900359 1.101525 1.262208 1.334137
1.170647 1.163868 1.135603 1.037299 .9989139 1.047402 1.084545 1.071644 1.142462 1.178689 1.018523 .8739519 .9684286 1.060813 1.094336 1.242917 1.26196 1.222643 1.170794 .9354927 .7895967 .8176813 .8614332 .9248321 1.038688 1.153902 1.225026 1.137625 .9777641 .8800064 .8402096 .8856406 .965756 1.041127 1.029043 1.002421 .9705088 .8998683 .8491894 .8188846 .8526756 .9360477 .9836008 1.028014 1.040638 1.042861 .9774631 .9826139 .9944916 .9965324 1.010097 1.047351 1.002476 .8463271 .6770186 .6418626 .6013647 .5339875 .4788637 .6128221 .8563525 1.073612 1.224341
