py_wake/examples/data/AJ_ParqueFicticio/Rough survey   Sector 3   Height 200m   Mean speed.grd
DSAA
73  159
 258469   265669
 6501692   6517492
 4.422212   10.3357
[rows 84 to 111 of 159, columns 0 to 62 of 73]
5.880497 5.868981 5.864046 5.86869 5.877779 5.891366 5.909589 5.928719 5.943745 5.958427 5.971211 5.982984 5.978545 5.978303 5.996521 6.012068 6.030804 6.051059 6.079654 6.136951 6.193661 6.253084 6.327557 6.436932 6.596381 6.817601 7.052146 7.235957 7.321472 7.289827 7.18839 7.073717 6.967721 6.86407 6.72135 6.570023 6.466467 6.444929 6.516116 6.631205 6.743412 6.780085 6.794348 6.775523 6.726604 6.683401 6.659333 6.639251 6.604405 6.557195 6.504908 6.470374 6.444311 6.40754 6.357202 6.282668 6.176045 6.026725 5.855886 5.669172 5.444608 5.194252 4.950599
5.848818 5.845943 5.841862 5.841105 5.850531 5.869241 5.888661 5.907861 5.922402 5.939919 5.958056 5.9651 5.968555 5.962492 5.988344 6.020521 6.041095 6.051268 6.075542 6.118978 6.174313 6.249965 6.343658 6.475647 6.661385 6.900782 7.127933 7.276367 7.326136 7.254767 7.173534 7.076283 6.940645 6.814427 6.654655 6.523397 6.446866 6.475827 6.575258 6.693012 6.774722 6.801784 6.796196 6.783343 6.764771 6.729506 6.706695 6.684301 6.633076 6.579426 6.526978 6.475193 6.439426 6.411338 6.369308 6.294386 6.177459 6.016671 5.839217 5.621304 5.362301 5.086772 4.856061
5.803595 5.805943 5.807546 5.813106 5.827408 5.85041 5.872283 5.883349 5.90722 5.928531 5.944091 5.950217 5.960646 5.961309 5.983464 6.020578 6.038548 6.056149 6.08338 6.108381 6.164523 6.237906 6.346338 6.495265 6.698036 6.927517 7.135436 7.279255 7.300629 7.240403 7.186965 7.079881 6.948144 6.801622 6.64819 6.527559 6.450079 6.513115 6.654693 6.752358 6.793818 6.801597 6.818927 6.812712 6.797621 6.758077 6.733998 6.706077 6.65329 6.599339 6.551206 6.519871 6.481019 6.452385 6.401466 6.321097 6.18538 6.003791 5.786992 5.540617 5.25363 4.969412 4.784194
5.760855 5.763857 5.769249 5.785717 5.800661 5.822462 5.847441 5.867511 5.891369 5.915487 5.927839 5.936124 5.948036 5.964396 5.981802 6.006102 6.029485 6.057518 6.085281 6.112322 6.167593 6.247473 6.356398 6.512933 6.715843 6.942492 7.153543 7.298903 7.32624 7.326645 7.28577 7.175911 7.030119 6.863065 6.697639 6.55573 6.50261 6.606688 6.706259 6.781599 6.82555 6.85077 6.864431 6.860409 6.831529 6.785889 6.737697 6.697124 6.642658 6.581597 6.545815 6.552282 6.539829 6.492806 6.441775 6.34831 6.183831 5.958014 5.703213 5.440433 5.147107 4.890028 4.778852
5.732673 5.728708 5.735358 5.755465 5.77611 5.792767 5.813156 5.833485 5.861322 5.889045 5.909816 5.920812 5.938109 5.963369 5.978779 5.989033 6.012765 6.050551 6.082945 6.127532 6.189531 6.276964 6.408613 6.581455 6.781492 7.005654 7.229753 7.399058 7.444279 7.494476 7.428629 7.288214 7.111585 6.930624 6.755719 6.610091 6.582607 6.676479 6.763593 6.83252 6.884075 6.918409 6.919706 6.88573 6.826584 6.766794 6.721626 6.661011 6.587769 6.525456 6.512491 6.545213 6.560095 6.521461 6.454362 6.325786 6.135176 5.892413 5.628038 5.35378 5.076877 4.880986 4.845829
5.707401 5.699483 5.70848 5.729757 5.755355 5.767585 5.792391 5.803092 5.829174 5.862025 5.893338 5.910791 5.92725 5.960851 5.982769 5.981061 6.001381 6.040921 6.090051 6.148019 6.233339 6.346479 6.513489 6.720888 6.942117 7.154471 7.392344 7.578894 7.696623 7.675935 7.549067 7.357141 7.156849 6.951091 6.768531 6.649316 6.65482 6.764011 6.841099 6.908868 6.954381 6.959686 6.92579 6.854853 6.786743 6.729792 6.680642 6.609283 6.516334 6.463875 6.468032 6.517219 6.528268 6.497825 6.417007 6.28376 6.067893 5.803402 5.543748 5.310084 5.068233 4.920385 4.918824
5.681636 5.680355 5.694473 5.699126 5.723633 5.75301 5.776762 5.792591 5.81104 5.837555 5.871807 5.896431 5.925928 5.952787 5.982233 5.992053 6.011501 6.051855 6.120759 6.197575 6.312601 6.465944 6.673999 6.930905 7.16829 7.467762 7.720565 7.905342 7.940221 7.826292 7.61684 7.389158 7.16805 6.960063 6.776482 6.728544 6.763875 6.838438 6.924471 6.992507 7.023199 7.002454 6.920969 6.840783 6.795249 6.778354 6.715035 6.637317 6.519363 6.458738 6.486932 6.531205 6.529821 6.49336 6.390574 6.223469 5.980489 5.732718 5.510273 5.325454 5.131456 5.01265 4.99592
5.667079 5.663823 5.673436 5.678625 5.695596 5.730394 5.761021 5.791152 5.815368 5.835243 5.860886 5.887272 5.921087 5.956738 5.98893 6.006934 6.033558 6.096786 6.195634 6.301581 6.442098 6.639209 6.885315 7.170502 7.530584 7.795979 8.022966 8.15313 8.099696 7.902584 7.644051 7.399931 7.174395 6.960789 6.808139 6.845974 6.867985 6.927867 7.016993 7.082382 7.089646 7.030545 6.9552 6.897649 6.887452 6.852847 6.769903 6.641482 6.530249 6.489978 6.538298 6.569714 6.538999 6.482686 6.356142 6.138741 5.939264 5.76248 5.612021 5.448153 5.263034 5.131606 5.095401
5.641397 5.640629 5.646311 5.655392 5.674515 5.717038 5.76098 5.791619 5.823804 5.846625 5.869286 5.893695 5.926877 5.967044 6.009336 6.036968 6.086914 6.190238 6.33366 6.4715 6.624427 6.850136 7.16984 7.531259 7.857142 8.080659 8.246835 8.310822 8.18388 7.938297 7.659097 7.395695 7.14034 6.924765 6.842197 6.921793 6.977087 7.031829 7.109132 7.17634 7.155226 7.100164 7.046146 7.015109 6.980533 6.886986 6.755238 6.625194 6.553035 6.554303 6.599241 6.604091 6.535604 6.438114 6.305532 6.140049 6.009411 5.897145 5.781627 5.601006 5.389081 5.227177 5.171878
5.613339 5.616425 5.625113 5.636597 5.665268 5.712459 5.760616 5.798307 5.834399 5.865635 5.88804 5.9048 5.944067 5.991513 6.042384 6.100492 6.182958 6.336946 6.529963 6.703059 6.884281 7.203523 7.542717 7.875753 8.150549 8.305686 8.413122 8.403125 8.206907 7.915202 7.621074 7.326777 7.076161 6.887449 6.905261 7.016111 7.075482 7.116847 7.213069 7.279997 7.265418 7.217882 7.153635 7.093857 6.997778 6.851534 6.711175 6.616391 6.60324 6.626511 6.645273 6.621692 6.528569 6.405235 6.27875 6.171685 6.089458 6.006295 5.884185 5.691246 5.470132 5.294754 5.236207
5.582516 5.596448 5.606776 5.628219 5.660229 5.71044 5.763308 5.80923 5.849799 5.885136 5.909952 5.933158 5.975281 6.035707 6.106072 6.189515 6.325639 6.5308 6.768662 6.96995 7.25399 7.550304 7.872525 8.176505 8.394141 8.490669 8.517209 8.427247 8.146181 7.81948 7.510283 7.236189 7.019658 6.900638 6.985621 7.116888 7.176674 7.230942 7.33439 7.413209 7.402652 7.321055 7.221543 7.08601 6.931851 6.764278 6.659549 6.625433 6.640875 6.651709 6.645365 6.591209 6.501098 6.3997 6.293494 6.209425 6.141691 6.043949 5.914258 5.735335 5.518985 5.336202 5.268481
5.551362 5.574012 5.596879 5.628812 5.667273 5.717513 5.773957 5.833881 5.877497 5.911992 5.946026 5.981298 6.033296 6.106937 6.202889 6.322477 6.503858 6.749959 7.018463 7.237544 7.57947 7.85649 8.14222 8.422785 8.588846 8.607068 8.529542 8.309053 7.987154 7.647397 7.37324 7.161799 7.012155 6.972644 7.105308 7.2341 7.297424 7.350069 7.445333 7.518855 7.472693 7.329037 7.173071 6.995291 6.841912 6.707153 6.645236 6.632424 6.629545 6.623396 6.596201 6.541766 6.446789 6.364273 6.290455 6.244439 6.172665 6.062764 5.93236 5.763544 5.56181 5.370851 5.275197
5.524013 5.561116 5.601983 5.64572 5.691438 5.74249 5.798614 5.859673 5.912514 5.948872 5.989675 6.042313 6.119851 6.225525 6.352732 6.504478 6.704585 6.965157 7.257964 7.55894 7.889421 8.122796 8.365107 8.592851 8.682611 8.590382 8.35416 8.041875 7.71355 7.44769 7.27255 7.168115 7.111373 7.101434 7.235241 7.358399 7.421417 7.458995 7.515894 7.562591 7.432367 7.244774 7.046431 6.871445 6.749672 6.671015 6.620669 6.584109 6.557444 6.529646 6.499601 6.443335 6.344516 6.260906 6.264406 6.254733 6.188286 6.086412 5.971193 5.798152 5.592317 5.392293 5.264582
5.508269 5.563407 5.618956 5.670895 5.723802 5.786877 5.839496 5.895216 5.955808 6.005579 6.062752 6.13642 6.240003 6.385718 6.560175 6.734169 6.924637 7.185153 7.550566 7.91117 8.168087 8.329795 8.507556 8.661225 8.631512 8.383849 8.036466 7.709483 7.488943 7.381759 7.344771 7.321 7.272195 7.243289 7.350922 7.474643 7.515358 7.509991 7.490314 7.454002 7.295933 7.091713 6.897959 6.747703 6.637552 6.561294 6.482325 6.427802 6.372386 6.350942 6.336722 6.267182 6.204563 6.212644 6.265078 6.260215 6.198683 6.10048 5.982246 5.815629 5.606035 5.395613 5.227395
5.517077 5.584365 5.648747 5.705532 5.756834 5.835603 5.901916 5.947282 6.014845 6.088606 6.169247 6.268624 6.408093 6.597735 6.810005 6.998712 7.196618 7.561921 7.926079 8.221676 8.40571 8.485372 8.584909 8.62016 8.436322 8.09206 7.753334 7.565399 7.549221 7.573139 7.568693 7.507345 7.411805 7.348547 7.414443 7.532493 7.535941 7.442893 7.354984 7.265994 7.109509 6.913685 6.733136 6.606809 6.516914 6.403956 6.285029 6.179492 6.122458 6.116295 6.106492 6.11208 6.165343 6.294988 6.360533 6.371273 6.287298 6.170167 6.012787 5.825289 5.611501 5.379043 5.19112
5.545558 5.616681 5.698071 5.760791 5.814612 5.891687 5.980985 6.0338 6.107259 6.207943 6.313619 6.445209 6.62157 6.848537 7.088143 7.284317 7.588077 7.934321 8.262218 8.494318 8.582719 8.59676 8.581185 8.46369 8.165624 7.845018 7.672174 7.708581 7.799559 7.83828 7.760743 7.626663 7.461404 7.380368 7.422972 7.482099 7.40691 7.266771 7.161297 7.057439 6.893165 6.704607 6.556399 6.424531 6.353617 6.234042 6.123791 6.033452 6.024986 6.043697 6.086821 6.174035 6.339327 6.490401 6.541461 6.525483 6.43263 6.299894 6.110736 5.906852 5.682735 5.432335 5.205829
5.603551 5.68819 5.771512 5.844779 5.904551 5.974969 6.074987 6.163371 6.243541 6.366949 6.510976 6.672409 6.875777 7.124207 7.375027 7.649137 7.963531 8.265615 8.522494 8.686163 8.699941 8.623793 8.477988 8.218055 7.938012 7.793757 7.847985 7.986026 8.074387 8.01412 7.847618 7.639635 7.445328 7.361976 7.374931 7.350649 7.233208 7.078159 6.933934 6.822703 6.651648 6.48652 6.377788 6.312783 6.251629 6.127241 6.034157 5.999036 6.052362 6.140077 6.237204 6.450492 6.636741 6.743399 6.758746 6.70418 6.583067 6.415101 6.220207 6.010396 5.747333 5.427235 5.169041
5.677252 5.777483 5.860669 5.954381 6.028721 6.094501 6.198151 6.319911 6.419302 6.566504 6.74916 6.935402 7.166979 7.432712 7.774962 8.063496 8.317444 8.536587 8.716909 8.798341 8.728945 8.542145 8.281308 8.030877 7.911021 7.96503 8.123629 8.23702 8.216151 8.045933 7.812006 7.571538 7.386631 7.3176 7.298574 7.207354 7.073667 6.900895 6.733522 6.560254 6.410465 6.343925 6.313156 6.340818 6.291184 6.173991 6.010842 6.056613 6.180375 6.320917 6.5336 6.760052 6.924058 6.990385 6.964336 6.866405 6.713934 6.528325 6.316082 6.043438 5.68661 5.325161 5.128676
5.76418 5.86524 5.968562 6.083282 6.183506 6.24931 6.341075 6.494684 6.63327 6.801948 7.017672 7.226921 7.532105 7.904131 8.200195 8.434293 8.6113 8.755256 8.848621 8.829653 8.665483 8.412882 8.167 8.02948 8.075415 8.212515 8.332715 8.334323 8.19117 7.960896 7.713641 7.485799 7.321083 7.240898 7.161903 7.031858 6.890984 6.717093 6.529262 6.370312 6.328296 6.371617 6.445418 6.49044 6.422396 6.26405 6.162282 6.214403 6.366434 6.575417 6.810033 7.028645 7.168648 7.196396 7.115925 6.962432 6.769349 6.560126 6.303151 5.981178 5.590194 5.268772 5.1872
5.859406 5.963426 6.086357 6.23015 6.352747 6.415136 6.497631 6.66746 6.854863 7.048231 7.289405 7.602118 7.972297 8.3285 8.578276 8.751234 8.843162 8.903007 8.91205 8.81636 8.607697 8.374506 8.203806 8.170734 8.266747 8.364347 8.368686 8.246724 8.041683 7.81953 7.61618 7.412491 7.250043 7.115814 6.993433 6.846225 6.684018 6.514149 6.364351 6.320644 6.417541 6.552029 6.6519 6.651456 6.522723 6.383699 6.349574 6.46648 6.636125 6.829288 7.043622 7.252045 7.357501 7.323219 7.16991 6.974409 6.758933 6.522108 6.247948 5.908957 5.551314 5.287632 5.300749
5.935848 6.062611 6.216054 6.381846 6.512241 6.574339 6.664185 6.845014 7.053134 7.277501 7.604994 7.999322 8.379129 8.703641 8.903768 9.001198 9.024523 9.006878 8.958379 8.826844 8.626744 8.423368 8.287971 8.283119 8.351747 8.337067 8.238707 8.072783 7.898712 7.741221 7.581978 7.372105 7.168595 6.994647 6.848629 6.691188 6.503399 6.349574 6.298826 6.380934 6.559239 6.726953 6.78333 6.733054 6.597128 6.532209 6.577958 6.713473 6.885568 7.075898 7.272533 7.440933 7.489482 7.394162 7.199894 6.998106 6.778765 6.518276 6.221249 5.898864 5.571517 5.326887 5.344662
6.02981 6.162972 6.329471 6.505615 6.646544 6.721381 6.836003 7.032206 7.251812 7.57125 7.954082 8.365279 8.751883 9.025536 9.163654 9.176849 9.132841 9.062111 8.983759 8.841331 8.639119 8.449633 8.317669 8.269726 8.257015 8.180942 8.060596 7.944943 7.845623 7.738018 7.56654 7.326917 7.080191 6.879318 6.713928 6.517788 6.337434 6.22649 6.288207 6.462575 6.676588 6.835183 6.863755 6.817311 6.758946 6.787262 6.850626 6.954564 7.119132 7.315382 7.501804 7.62244 7.612286 7.473675 7.267545 7.053103 6.800811 6.500874 6.189903 5.888313 5.576787 5.336757 5.328239
6.167994 6.277851 6.431622 6.600086 6.760411 6.887922 7.033619 7.233288 7.561765 7.91585 8.306063 8.718717 9.065426 9.278922 9.346276 9.273096 9.164417 9.066831 8.963314 8.817987 8.63948 8.428683 8.261236 8.159512 8.088978 8.010421 7.949086 7.884868 7.833575 7.725158 7.512666 7.231852 6.95951 6.737247 6.529873 6.326385 6.161177 6.148478 6.323563 6.557858 6.788407 6.936944 7.013449 7.026161 7.032499 7.088427 7.137956 7.170888 7.308243 7.5266 7.721763 7.816595 7.763066 7.572191 7.338929 7.070714 6.755563 6.424171 6.119616 5.838754 5.550565 5.321726 5.293581
6.340364 6.435618 6.564792 6.723478 6.89484 7.07656 7.265885 7.535331 7.876747 8.232142 8.634312 9.029386 9.323895 9.457033 9.439112 9.286982 9.117469 9.001946 8.888352 8.755241 8.570415 8.346516 8.131495 8.012069 7.968311 7.919123 7.869757 7.855536 7.812953 7.65803 7.397882 7.085708 6.79856 6.553726 6.342559 6.156283 6.049307 6.136046 6.394534 6.693142 6.953522 7.159672 7.302653 7.346351 7.361331 7.391153 7.381883 7.367724 7.453297 7.666479 7.877886 7.992215 7.889635 7.628007 7.312481 6.973107 6.619282 6.29007 6.011071 5.768668 5.512927 5.303067 5.259162
6.542141 6.624615 6.743386 6.900569 7.069899 7.274142 7.533107 7.848513 8.164207 8.511704 8.898626 9.259584 9.488708 9.530055 9.409298 9.213835 9.020984 8.90743 8.795155 8.663562 8.503738 8.275639 8.043012 7.920944 7.905712 7.889197 7.858777 7.829677 7.752945 7.544078 7.219706 6.891969 6.590509 6.363438 6.165198 6.034535 6.017025 6.194765 6.527586 6.887076 7.207233 7.488824 7.659109 7.705329 7.673234 7.642231 7.569647 7.495954 7.553579 7.749861 7.96512 8.050255 7.877526 7.527583 7.12408 6.753694 6.416613 6.138847 5.914918 5.709798 5.473483 5.269547 5.236835
6.724652 6.799541 6.909823 7.127225 7.335172 7.558317 7.813587 8.094994 8.378916 8.710006 9.077586 9.389382 9.538705 9.482985 9.28885 9.080435 8.902556 8.799168 8.711143 8.597837 8.435556 8.211749 7.962417 7.869042 7.870738 7.893318 7.908256 7.865687 7.659438 7.343238 6.958408 6.603049 6.312155 6.107306 5.990642 5.959737 6.063391 6.344592 6.750491 7.166449 7.550726 7.852432 8.02179 8.027066 7.928456 7.807442 7.669129 7.569063 7.605728 7.786332 7.972606 7.984324 7.726608 7.292505 6.835839 6.46686 6.19502 5.986652 5.823101 5.657822 5.43383 5.247261 5.236638
6.884355 6.961443 7.093042 7.304741 7.527535 7.754055 8.007684 8.264362 8.558065 8.867526 9.196862 9.446815 9.491129 9.373677 9.169353 8.956891 8.78074 8.685241 8.63684 8.556062 8.383167 8.157787 7.923285 7.841189 7.884035 7.951421 7.986224 7.855175 7.509315 7.075463 6.645858 6.300602 6.057075 5.928362 5.898493 5.993707 6.201762 6.567916 7.028888 7.491448 7.898461 8.205531 8.334814 8.261504 8.06773 7.855798 7.663169 7.541845 7.575063 7.735948 7.881091 7.801045 7.455091 6.990156 6.542488 6.209631 5.989015 5.846224 5.724407 5.582253 5.383027 5.24447 5.281088
6.990939 7.075551 7.206453 7.400984 7.631332 7.885499 8.13674 8.414648 8.723 9.016026 9.293018 9.47699 9.454544 9.300347 9.095166 8.858427 8.678558 8.621238 8.608923 8.543764 8.359102 8.135992 7.919469 7.861788 7.957881 8.057302 8.040412 7.779042 7.271626 6.81966 6.417845 6.112026 5.966079 5.92275 5.96287 6.119676 6.417035 6.852631 7.352198 7.835373 8.22999 8.497447 8.54553 8.375144 8.098611 7.828022 7.610347 7.484895 7.506713 7.616752 7.681242 7.505543 7.11286 6.650258 6.267102 6.009667 5.837505 5.739223 5.659139 5.530705 5.366721 5.289752 5.360573
