py_wake/examples/data/AJ_ParqueFicticio/Rough survey   Sector 6   Height 200m   Orographic speed.grd
DSAA
73  159
 258469   265669
 6501692   6517492
 .7325408   1.316568
[rows 28 to 55 of 159, columns 0 to 62 of 73]
1.005863 1.006122 1.006047 1.006286 1.00678 1.007294 1.008537 1.009242 1.010059 1.010905 1.012119 1.013703 1.015055 1.016694 1.017972 1.019498 1.020913 1.021642 1.022676 1.022863 1.022172 1.02131 1.022743 1.024969 1.02727 1.027605 1.02698 1.023976 1.024076 1.022324 1.020724 1.019356 1.015631 1.010049 1.009944 1.013023 1.015028 1.015151 1.015832 1.01233 1.007944 1.009736 1.017556 1.029537 1.04558 1.060692 1.07253 1.085014 1.09482 1.10174 1.103516 1.10546 1.106921 1.100218 1.07855 1.056692 1.045338 1.03771 1.023497 1.008637 .9965013 .9871026 .9774523
1.004609 1.005359 1.005105 1.005687 1.00575 1.006402 1.007684 1.008592 1.009531 1.010667 1.011334 1.012863 1.014595 1.016949 1.018727 1.020596 1.021483 1.022434 1.023232 1.023353 1.023057 1.022168 1.023217 1.025294 1.027605 1.028738 1.028328 1.026915 1.026208 1.025914 1.025545 1.024025 1.020604 1.014886 1.015185 1.01986 1.02024 1.020984 1.021174 1.018012 1.013633 1.013435 1.021304 1.030082 1.043901 1.062452 1.080009 1.096721 1.112596 1.125371 1.131516 1.132933 1.133247 1.130176 1.112422 1.087448 1.068329 1.053339 1.037695 1.0248 1.013608 1.004114 .9949796
1.003191 1.003843 1.003746 1.004588 1.004668 1.005583 1.006403 1.007374 1.008598 1.008701 1.010013 1.011118 1.012601 1.015257 1.017849 1.02019 1.021357 1.02229 1.023051 1.022984 1.023519 1.023924 1.024827 1.026186 1.028294 1.029493 1.029867 1.029337 1.028971 1.029241 1.028914 1.028792 1.025771 1.019934 1.020443 1.021853 1.023017 1.024395 1.02715 1.026302 1.020667 1.019674 1.023326 1.032086 1.043095 1.058281 1.076946 1.098401 1.11925 1.138884 1.153899 1.16167 1.162376 1.157695 1.144015 1.118834 1.091828 1.065495 1.045444 1.030047 1.02038 1.013651 1.010721
1.001748 1.002426 1.002839 1.00364 1.003348 1.004386 1.005041 1.006145 1.006489 1.007339 1.007971 1.009144 1.010623 1.013216 1.01679 1.019208 1.02098 1.02163 1.021744 1.02275 1.024097 1.024713 1.026135 1.027072 1.02858 1.030531 1.030982 1.030874 1.03062 1.030986 1.030868 1.031744 1.029863 1.02633 1.025661 1.024098 1.024747 1.027015 1.030064 1.030963 1.027089 1.024307 1.025756 1.03231 1.043455 1.055269 1.068717 1.085481 1.107195 1.129532 1.151879 1.168799 1.177962 1.178496 1.168367 1.145923 1.113459 1.079352 1.052324 1.033532 1.023087 1.018875 1.019646
1.000225 1.001009 1.001463 1.00237 1.00266 1.003697 1.004165 1.004321 1.004828 1.005761 1.006426 1.007437 1.008268 1.010808 1.014142 1.016785 1.019314 1.020666 1.021047 1.022753 1.024412 1.025475 1.026927 1.027917 1.029097 1.030537 1.031569 1.032401 1.032278 1.031017 1.031955 1.03287 1.032062 1.029741 1.028003 1.027702 1.027414 1.027848 1.030766 1.033041 1.033025 1.027988 1.025194 1.029506 1.038975 1.053005 1.065831 1.077285 1.089976 1.106762 1.125923 1.146522 1.165319 1.176897 1.178969 1.164234 1.133596 1.097113 1.065696 1.042906 1.028721 1.028116 1.029265
1.000064 .999929 1.000627 1.000944 1.002062 1.002527 1.003646 1.003939 1.004184 1.004498 1.005158 1.005783 1.007149 1.009 1.01159 1.014542 1.017213 1.018499 1.020026 1.022285 1.024589 1.025865 1.026724 1.028239 1.029183 1.030321 1.030653 1.030978 1.032061 1.031839 1.032762 1.033635 1.03298 1.031848 1.03111 1.032899 1.033113 1.03157 1.033764 1.036296 1.038325 1.034339 1.026808 1.022184 1.028611 1.042809 1.060542 1.076477 1.088598 1.099932 1.112934 1.128444 1.145575 1.163328 1.176731 1.176998 1.151862 1.119258 1.086143 1.060668 1.044824 1.040934 1.042487
1.000908 1.000231 1.000444 1.000204 1.000896 1.001012 1.00199 1.002782 1.003106 1.003591 1.003614 1.0048 1.005768 1.007706 1.00959 1.012424 1.014752 1.016493 1.019029 1.021847 1.023651 1.024951 1.026199 1.027747 1.028878 1.029706 1.029128 1.03011 1.031392 1.032337 1.033568 1.034479 1.034512 1.033251 1.032416 1.034764 1.038472 1.037848 1.03786 1.041139 1.044473 1.041556 1.033533 1.021708 1.017661 1.029305 1.050896 1.073411 1.092915 1.110729 1.126765 1.14231 1.154564 1.167281 1.180967 1.189147 1.175708 1.148031 1.118032 1.092335 1.072305 1.062632 1.061537
.9999014 .9992411 .999455 .9999568 1.000272 1.000424 1.00053 1.001067 1.001512 1.001625 1.001687 1.002882 1.003837 1.005938 1.007897 1.009759 1.011524 1.013882 1.017174 1.019918 1.021989 1.023243 1.024633 1.026201 1.027733 1.028141 1.028428 1.029569 1.031273 1.032706 1.033759 1.035019 1.036292 1.035981 1.03521 1.035195 1.039861 1.044393 1.045541 1.050853 1.053304 1.053312 1.045641 1.031802 1.016156 1.01898 1.039776 1.067994 1.095995 1.121093 1.145235 1.167554 1.185188 1.195953 1.204384 1.210543 1.201788 1.178982 1.151839 1.12698 1.1089 1.096972 1.091328
.9982432 .9981262 .9983874 .9984118 .9991612 1.000289 1.000144 1.000211 1.000032 1.000174 .9997466 .9998869 1.001014 1.003162 1.004665 1.006188 1.007852 1.009108 1.012647 1.015602 1.018705 1.020398 1.022297 1.02441 1.025504 1.026185 1.027849 1.029128 1.031088 1.032748 1.03465 1.035933 1.036652 1.038165 1.037765 1.038281 1.041985 1.050029 1.056762 1.063352 1.07067 1.074944 1.070705 1.056037 1.032028 1.015868 1.025892 1.053061 1.086524 1.118472 1.147667 1.176827 1.20285 1.221244 1.230476 1.233873 1.223535 1.200627 1.175324 1.157662 1.149787 1.142268 1.136486
.9957634 .995732 .9965214 .996758 .9970801 .9987625 .9996082 .9995393 .9995076 .9984621 .9986357 .9985388 .9986485 1.000567 1.001689 1.003107 1.004566 1.00471 1.007029 1.009645 1.013171 1.016147 1.018675 1.021245 1.023028 1.024529 1.026174 1.028051 1.030419 1.031936 1.034607 1.036346 1.037824 1.039124 1.040232 1.040279 1.042251 1.051186 1.061198 1.072496 1.085901 1.098605 1.103079 1.09412 1.067757 1.034662 1.021077 1.032165 1.058631 1.090459 1.121749 1.152963 1.186577 1.216469 1.236354 1.245345 1.235901 1.212616 1.189371 1.179227 1.181198 1.184217 1.185623
.9940447 .994371 .9947214 .9954593 .9956869 .9959159 .9968849 .997236 .9977825 .9982055 .9984444 .9977459 .9978961 .9980753 .9992439 1.000516 1.002035 1.002798 1.004242 1.005345 1.007678 1.011291 1.014891 1.017628 1.020082 1.02189 1.024532 1.026582 1.028 1.030076 1.032301 1.034458 1.037295 1.03912 1.041433 1.04285 1.043588 1.050345 1.062805 1.076903 1.092584 1.112125 1.128384 1.131393 1.115242 1.079967 1.046736 1.03364 1.039733 1.061217 1.089587 1.119755 1.1545 1.190499 1.221915 1.240527 1.239563 1.21771 1.19565 1.187229 1.193095 1.208723 1.220796
.9932611 .9941949 .9944853 .99494 .99602 .9954891 .9953038 .9959224 .9967333 .9968657 .9974056 .9979968 .9983156 .9982265 .9987198 1.000212 1.001001 1.002402 1.004418 1.005708 1.006487 1.007742 1.010601 1.013669 1.016547 1.01957 1.021869 1.023968 1.026338 1.028176 1.029665 1.032182 1.034912 1.038013 1.039394 1.04295 1.043127 1.049801 1.063054 1.07718 1.094077 1.11586 1.138491 1.155521 1.15678 1.133825 1.101081 1.077999 1.06606 1.06945 1.088871 1.115979 1.146344 1.178178 1.210275 1.234868 1.240626 1.221287 1.195434 1.181996 1.184374 1.200141 1.219695
.9935617 .9941654 .9938751 .994189 .9953111 .9959809 .9957021 .9955293 .9951804 .995629 .9963847 .9970034 .998221 .9985336 .9985085 .9984015 .9994863 1.001564 1.003531 1.00582 1.006221 1.006448 1.007214 1.009215 1.012823 1.015404 1.018197 1.021121 1.02353 1.025361 1.027593 1.030618 1.033319 1.035313 1.03772 1.039388 1.040376 1.046676 1.058787 1.073343 1.093744 1.117107 1.141383 1.165635 1.180644 1.176833 1.155593 1.137417 1.121428 1.112727 1.120522 1.138018 1.162085 1.188657 1.214927 1.236979 1.242339 1.223947 1.194104 1.167349 1.153146 1.15918 1.178102
.995631 .9944683 .9943684 .9932717 .9930436 .9937329 .9946587 .9946947 .9939029 .9930775 .9928039 .9933246 .9948445 .9953074 .9957454 .9963529 .9973044 .9983557 1.000805 1.003497 1.005066 1.005362 1.006244 1.005105 1.005717 1.009693 1.013324 1.016998 1.01923 1.022088 1.02445 1.027741 1.030342 1.032645 1.034964 1.036346 1.035799 1.039362 1.04852 1.063568 1.085253 1.110259 1.136034 1.161937 1.184081 1.194137 1.187032 1.175516 1.166469 1.156693 1.154329 1.161246 1.178166 1.200025 1.219497 1.237789 1.241871 1.223223 1.188983 1.150763 1.119876 1.108576 1.119043
.9979403 .9964208 .9953877 .9935321 .9908719 .9906951 .9920955 .9921466 .9911539 .9908362 .9902028 .9894865 .9897255 .9912805 .9927448 .9931999 .9939345 .9949197 .9970996 1.000404 1.002598 1.004257 1.00485 1.005536 1.004145 1.005572 1.008195 1.011533 1.014528 1.017276 1.02009 1.02376 1.025815 1.029008 1.031263 1.032748 1.031916 1.029902 1.034597 1.045667 1.063941 1.084854 1.108214 1.133163 1.156522 1.170341 1.172232 1.165778 1.163733 1.160983 1.159379 1.163458 1.17302 1.187194 1.204602 1.220516 1.227672 1.216089 1.187785 1.148154 1.106948 1.076264 1.066643
.9991207 .9981931 .997333 .9961002 .9912495 .9879586 .9890846 .989856 .9893319 .9895582 .9901758 .9891379 .9888547 .9892724 .9900659 .9905509 .9912646 .9913498 .9929583 .9959253 .9986053 .9999508 1.001058 1.003766 1.004052 1.00382 1.004714 1.006513 1.007625 1.010301 1.014578 1.016864 1.018866 1.022215 1.024585 1.02562 1.023925 1.019594 1.017209 1.020223 1.031492 1.047281 1.065697 1.087085 1.106744 1.119098 1.121312 1.118168 1.117245 1.119796 1.123308 1.127544 1.137612 1.151219 1.169635 1.188211 1.20203 1.201373 1.182662 1.151878 1.11206 1.071902 1.04124
1.000055 .9997642 .9992499 .9980611 .9964023 .9920013 .9883462 .9875606 .9882886 .9893872 .9908188 .991365 .9897271 .9892002 .9892724 .9899107 .9890878 .9892502 .9904151 .9913743 .993486 .9944919 .9956009 .9963071 .9991651 .9991412 .999491 .9997644 1.001416 1.003238 1.006508 1.008708 1.010855 1.013827 1.015398 1.015836 1.01443 1.010246 1.003846 1.001105 1.003812 1.015093 1.028877 1.044576 1.05919 1.069815 1.074341 1.074058 1.074857 1.079359 1.083117 1.089597 1.103601 1.121946 1.142959 1.16243 1.176792 1.179568 1.174225 1.154971 1.124022 1.085187 1.046569
.9998873 .9996508 1.000118 .9991369 1.000113 .9968386 .9922518 .9884238 .9875657 .9883918 .9893245 .9903366 .9905703 .9904891 .9900866 .9895595 .9882097 .9884475 .9884604 .9882479 .9886643 .9897935 .989287 .9897885 .9902713 .9921162 .9924049 .9916976 .9914851 .9933761 .9949568 .995571 .9993349 1.001307 1.003897 1.004708 1.003894 1.001332 .9976618 .9937062 .9916057 .9975212 1.007748 1.020952 1.037189 1.052295 1.064668 1.071383 1.073779 1.077077 1.081582 1.087581 1.09788 1.115751 1.136033 1.155045 1.165787 1.164862 1.160324 1.150411 1.133242 1.10716 1.073359
.9990585 .9989524 1.000558 1.000961 1.001048 .9995185 .9948795 .9906034 .9887273 .9867381 .9866967 .9877607 .9893435 .9898221 .9890403 .9875131 .987074 .9874603 .9882849 .987803 .9877895 .9875376 .9875006 .9875962 .9862927 .9868959 .9863591 .9841729 .9822504 .9818212 .9818665 .9815485 .9826202 .9847402 .9875613 .9904414 .9908728 .9894531 .9903073 .9913797 .9921848 .9962587 1.005625 1.023645 1.042654 1.060948 1.075577 1.086101 1.091834 1.095326 1.09907 1.104545 1.110729 1.121584 1.140891 1.16156 1.171853 1.167783 1.153697 1.139229 1.125983 1.111468 1.093082
.9980315 .9977768 .9981841 .999979 1.000217 .9987117 .9964169 .9930359 .991024 .9869484 .983489 .9847711 .9871056 .9877207 .9868194 .9850695 .9850243 .985517 .9867507 .9870611 .986701 .9855207 .9862724 .9864708 .985935 .9842983 .9818128 .9785467 .9762012 .9740143 .9717498 .9708781 .9687379 .9695929 .9706256 .9723197 .9734539 .9748623 .9766759 .9815536 .9885919 .9976906 1.01007 1.025586 1.044565 1.062169 1.073562 1.081388 1.086172 1.090883 1.097848 1.107864 1.117767 1.128162 1.141819 1.158803 1.177259 1.182011 1.17021 1.146821 1.120832 1.099895 1.084337
.9972086 .9970413 .9967803 .9977105 .9985297 .9975597 .9959889 .9945754 .9925455 .9904001 .9847484 .9820381 .9839211 .9845343 .9837319 .9830983 .9827914 .9824062 .9831687 .9848648 .9840332 .9828365 .9818414 .9809285 .9818152 .9801742 .9767045 .9748589 .9729105 .9706246 .9677393 .9653136 .9630628 .9597821 .9595137 .9596144 .958736 .9588843 .959242 .9646649 .9722077 .9824125 .9939047 1.009529 1.026479 1.040257 1.051453 1.059654 1.069097 1.078173 1.087123 1.096845 1.110205 1.121747 1.130815 1.14167 1.162708 1.181077 1.186785 1.175093 1.146286 1.109826 1.078506
.9978638 .9970859 .9967447 .9961869 .9966797 .9969022 .9959764 .9952752 .9935558 .9925541 .9895683 .9840083 .9813311 .9821143 .982044 .9816473 .9817567 .9809201 .9796674 .9808379 .9807952 .9800776 .9789734 .978956 .9785163 .9766027 .974403 .972477 .9703376 .9673432 .9630582 .9600065 .9598228 .955915 .9521865 .9504927 .9477108 .94395 .9421511 .9424344 .9469564 .9542484 .9642491 .9780375 .9935079 1.012252 1.029802 1.047325 1.062289 1.074242 1.083552 1.089131 1.09651 1.105183 1.11116 1.116283 1.129636 1.150354 1.170226 1.18545 1.178592 1.148657 1.108158
.9979509 .9980711 .9984781 .9975182 .9964461 .9969705 .9963111 .9956831 .9956459 .9948786 .9924619 .9896724 .985225 .9827712 .9814309 .9813887 .98286 .9837726 .9824022 .9808319 .9802679 .9800043 .9799906 .9808491 .9802119 .977811 .9752653 .9725181 .9705611 .9655653 .9598429 .9536853 .9495273 .9467193 .9425334 .9393155 .9353918 .9299489 .9258236 .9243678 .9260172 .9318308 .943313 .9560264 .9737465 .9959642 1.018261 1.039076 1.057462 1.071154 1.080443 1.08199 1.079249 1.087155 1.098026 1.09772 1.098049 1.110197 1.129191 1.158718 1.183169 1.181515 1.15567
.9966998 .997577 .9978991 .9977593 .9966612 .9959274 .9964396 .9973214 .9970855 .9969629 .9950672 .9927995 .9885509 .9846226 .9830365 .9821833 .9826496 .985203 .9854566 .9830563 .9823152 .9819077 .9820907 .983013 .9825173 .9800434 .9777738 .9757519 .9716211 .9671629 .9601399 .9522995 .9425568 .9366421 .9322684 .9259662 .9204251 .9155103 .9123508 .9096448 .9101863 .917579 .9290855 .9451434 .964398 .9864146 1.007697 1.027994 1.046186 1.059047 1.067927 1.070919 1.064462 1.069523 1.087981 1.096211 1.085694 1.078751 1.085305 1.111568 1.150109 1.178531 1.18023
.9955854 .9956419 .9965448 .9968334 .9964575 .9956791 .9954062 .9968349 .9974987 .9974759 .996085 .9929531 .9907862 .9873051 .9847918 .9830273 .9817353 .982982 .9839763 .9834263 .9836735 .9841234 .984068 .984594 .9841075 .9825038 .9811763 .9798598 .9765849 .9719765 .9659913 .9581136 .9480477 .9392691 .9324766 .9235975 .9126997 .9070674 .9059297 .9028554 .8991471 .9007051 .9098443 .9254728 .9447995 .9663622 .9883291 1.007333 1.025449 1.041405 1.054511 1.061303 1.055272 1.054958 1.07471 1.098057 1.09463 1.074805 1.060498 1.069508 1.104267 1.143847 1.166214
.9946477 .9951946 .995741 .9954522 .995766 .995898 .9957145 .9959794 .9971043 .9971989 .9966189 .9944728 .9918447 .9894565 .987796 .9857485 .9834427 .9823437 .9826208 .9819632 .9829483 .9861326 .9868535 .9860896 .9857065 .9843416 .9840431 .9834946 .9817125 .9781075 .9724428 .9648321 .956952 .9517886 .9468982 .938517 .9250104 .912779 .9097037 .9096411 .9034202 .8956851 .8958628 .9048668 .9203596 .9379913 .9586216 .9794809 1.000659 1.022161 1.042727 1.054836 1.049928 1.045886 1.059059 1.088629 1.104757 1.090648 1.064581 1.051827 1.069972 1.105801 1.135854
.9943921 .9945233 .995338 .995546 .9957023 .9957111 .9963525 .9962763 .9968573 .9970229 .9967201 .9951504 .9926167 .990849 .9895078 .9892722 .9876388 .9848824 .98358 .9819093 .980848 .9818884 .9846343 .9857076 .9854348 .9860818 .9866794 .9871147 .9876436 .9870979 .9824196 .9733588 .9663033 .9648081 .9646335 .9609423 .9478478 .9312798 .9223375 .9242579 .9227201 .9119719 .9034316 .8995969 .9058579 .9165909 .9337642 .954845 .9798765 1.00341 1.02635 1.042174 1.044165 1.038209 1.046013 1.071766 1.09891 1.101191 1.078389 1.056418 1.053214 1.079383 1.113877
.9938685 .9948829 .9957839 .9953474 .9953622 .9956313 .9960318 .9966795 .9967288 .9966816 .9962937 .9952923 .9934866 .9913583 .9893112 .9891375 .9887015 .9872656 .9851219 .9838579 .9818647 .9804091 .9823469 .9833774 .9840913 .9849405 .9862079 .9890654 .9933146 .9951702 .9942552 .9873028 .9793453 .9785412 .9797869 .9804246 .9717706 .954733 .9415039 .9400831 .9398023 .9355511 .9249373 .9152089 .9103795 .9117189 .9189059 .933805 .9554376 .9808032 1.0057 1.02739 1.034182 1.031638 1.035071 1.056486 1.083909 1.095004 1.081171 1.061418 1.051636 1.065872 1.09945
