py_wake/examples/data/AJ_ParqueFicticio/Rough survey   Sector 2   Height 200m   Orographic turn.grd
DSAA
73  159
 258469   265669
 6501692   6517492
-11.08718   14.85206
[rows 81 to 107 of 159, columns 0 to 61 of 73]
.5367277 .5894569 .6415695 .7665452 1.017782 1.338945 1.611167 1.812522 1.980595 2.129862 2.285888 2.33862 2.35369 2.451536 2.495355 2.445576 2.410309 2.474526 2.592208 2.772467 3.038542 3.366041 3.729668 4.058918 4.428198 5.025095 5.826283 6.810724 7.621754 7.908045 7.530515 6.846728 6.208289 5.778535 5.383132 5.01613 4.635689 4.17078 3.98403 3.982427 4.025159 3.895458 3.758628 3.463803 3.120212 2.641012 2.051859 1.508676 1.03824 .6516882 .4486065 .3831038 .4894777 .681001 .7837371 .6429944 .1455956 -.5211187 -1.360769 -2.210754 -3.006056 -3.884416
.5968792 .6727576 .7555032 .8807518 1.100499 1.39002 1.720835 1.920477 2.109396 2.324765 2.485153 2.494102 2.62141 2.737523 2.822342 2.865028 2.829337 2.862789 2.948083 3.043615 3.330779 3.588124 3.972317 4.317689 4.860857 5.583462 6.539346 7.483567 8.142424 8.188596 7.530996 6.778735 6.121591 5.687324 5.274268 4.739037 4.316335 3.941054 3.914434 4.143195 4.313288 4.276871 4.075096 3.734867 3.349602 2.817064 2.138554 1.58113 1.05251 .6399152 .3978799 .395316 .5184341 .7057302 .84 .6258078 .02670225 -.6892031 -1.588223 -2.552984 -3.441469 -4.429415
.6384974 .7143251 .8331128 .9986643 1.209084 1.468207 1.755584 2.010046 2.259699 2.500592 2.609799 2.755601 2.886759 3.031265 3.192798 3.293361 3.341593 3.367124 3.400186 3.536649 3.716747 3.903691 4.195964 4.613557 5.25077 6.171281 7.161352 8.034093 8.509219 8.313741 7.555353 6.72676 6.073638 5.475042 4.996443 4.315501 3.844019 3.657501 3.895105 4.20505 4.460921 4.526254 4.350291 4.019057 3.659275 3.131519 2.497066 1.923783 1.423269 .8945582 .5573626 .4865439 .5980051 .7650781 .7898127 .5462971 -.07047512 -.8385139 -1.765798 -2.810921 -3.844559 -4.916549
.6112608 .7447171 .8731002 1.05552 1.261821 1.558932 1.826633 2.153169 2.427581 2.62836 2.792997 3.011755 3.177706 3.277875 3.457216 3.590782 3.756309 3.872213 3.918304 4.043073 4.177513 4.344131 4.58547 4.998461 5.63078 6.613795 7.67211 8.43647 8.762202 8.425539 7.641893 6.772842 6.032553 5.355204 4.768481 3.895894 3.50137 3.472369 3.736021 4.240022 4.59271 4.675981 4.482738 4.174984 3.827448 3.387845 2.86445 2.417128 1.85391 1.279202 .8470154 .6588993 .6810227 .7140306 .6703781 .3284405 -.2413374 -1.062294 -2.086113 -3.143531 -4.331985 -5.50314
.6631957 .7879367 .9223286 1.089883 1.310094 1.62544 1.907604 2.239013 2.506489 2.733908 2.993733 3.223397 3.434729 3.532394 3.683884 3.909554 4.089582 4.23671 4.383306 4.575606 4.727291 4.973724 5.216406 5.623233 6.283762 7.301781 8.291131 8.954635 9.080375 8.670402 7.92587 6.992415 6.187139 5.341206 4.589647 3.743408 3.367301 3.440483 3.770494 4.208025 4.510506 4.543365 4.382902 4.056191 3.791471 3.392547 3.03594 2.699417 2.241395 1.710227 1.233798 .8933127 .7102137 .6326205 .5024993 .08366733 -.6013256 -1.48021 -2.450844 -3.598559 -4.903757 -6.175485
.6892554 .7953457 .9257876 1.130501 1.403277 1.704806 2.040942 2.290529 2.547638 2.853512 3.132423 3.324542 3.53686 3.708571 3.914752 4.149971 4.302453 4.48139 4.77703 5.012706 5.329559 5.634809 6.028448 6.553738 7.297896 8.197474 9.098375 9.603239 9.587067 9.088288 8.228637 7.270823 6.265505 5.283654 4.429635 3.595835 3.264483 3.49512 3.981765 4.281432 4.436256 4.394815 4.146312 3.798014 3.501271 3.13472 2.835956 2.589993 2.194912 1.781973 1.451271 1.166046 .8816882 .6729341 .3907962 -.07271617 -.8901967 -1.849868 -2.973565 -4.203577 -5.650174 -6.986696
.621895 .764271 .9203129 1.215614 1.511717 1.818454 2.137973 2.387293 2.652272 2.981441 3.218098 3.450287 3.650236 3.942555 4.209591 4.385573 4.544539 4.79458 5.019485 5.318525 5.755376 6.271861 6.873862 7.519711 8.30169 9.118714 9.887001 10.20747 10.03916 9.417454 8.358129 7.248361 6.128296 5.036468 4.098794 3.334463 3.119054 3.575443 4.039113 4.336897 4.455492 4.341808 4.063524 3.605234 3.248008 2.900991 2.654662 2.362427 2.035083 1.704114 1.540832 1.483618 1.248397 .8008325 .4430262 -.1050031 -.9906979 -2.168709 -3.385573 -4.820145 -6.403817 -7.788492
.5469716 .7177303 .9314367 1.256188 1.602123 1.937652 2.230232 2.498047 2.812416 3.072592 3.30705 3.548779 3.790782 4.100075 4.391836 4.660624 4.850185 5.106448 5.3056 5.631607 6.052331 6.626992 7.347948 8.202527 8.964855 9.638756 10.21119 10.40642 10.06037 9.229132 8.174324 6.891228 5.849884 4.722419 3.767825 3.137094 2.99902 3.406596 3.924101 4.273305 4.402802 4.257649 3.98078 3.588869 3.202397 2.889645 2.703139 2.372317 1.991196 1.737566 1.76682 1.955209 1.813567 1.36205 .8061519 .114604 -.8820933 -2.190614 -3.62266 -5.169281 -6.94641 -8.176199
.4456536 .6444886 .9216417 1.253246 1.645503 1.962809 2.353329 2.685351 2.994944 3.261956 3.489724 3.655023 3.8962 4.240127 4.54347 4.857508 5.158162 5.385097 5.62366 5.854742 6.178939 6.709265 7.471086 8.297556 9.041476 9.635036 10.09161 10.18578 9.659612 8.701222 7.506158 6.370691 5.313468 4.299929 3.417867 2.959512 2.959502 3.310883 3.75209 4.114929 4.230698 4.103156 3.777005 3.386322 3.085181 2.818287 2.616985 2.321514 1.929493 1.730514 1.97626 2.304842 2.477069 2.147012 1.444643 .5830712 -.5391936 -2.029029 -3.589953 -5.21317 -7.039481 -8.202519
.2674432 .5431893 .8877376 1.205564 1.571558 2.011272 2.421175 2.771112 3.125832 3.42963 3.651818 3.778704 4.048329 4.315729 4.621679 4.929761 5.333618 5.678662 5.983525 6.067886 6.272595 6.680074 7.351675 8.14502 8.760121 9.268332 9.622297 9.70312 9.135139 8.067882 6.799033 5.653408 4.603483 3.701471 2.942478 2.788676 2.888345 3.131315 3.559742 3.873467 3.985096 3.82175 3.362987 2.952289 2.548748 2.360535 2.021643 1.660699 1.296623 1.254883 1.585689 2.043537 2.203852 2.230441 1.809368 .9164516 -.2539983 -1.64467 -3.245017 -4.978411 -6.807043 -8.045957
.1735303 .4470806 .7566897 1.083095 1.452953 1.942772 2.366997 2.797076 3.189181 3.489551 3.75069 3.917918 4.119455 4.350518 4.603642 4.898814 5.31444 5.794106 6.241303 6.420577 6.43713 6.684047 7.263717 7.951908 8.487232 8.805354 9.092671 9.138542 8.550424 7.388826 6.060937 4.862069 3.857214 2.913094 2.441939 2.557591 2.720832 2.951238 3.337842 3.664689 3.643994 3.305889 2.806176 2.320477 1.92527 1.569255 1.223526 .6948935 .4152605 .4182421 .6352818 .9590874 1.105678 1.169125 1.08715 .4929274 -.3859076 -1.545181 -2.969303 -4.702915 -6.470771 -7.8965
-.06155761 .2903394 .603095 .9485884 1.355601 1.833468 2.30781 2.736761 3.13849 3.497292 3.796169 3.972393 4.195795 4.343298 4.493535 4.777103 5.140161 5.710409 6.319782 6.617267 6.611635 6.771761 7.291631 7.906161 8.297299 8.512406 8.634068 8.593122 7.922107 6.731007 5.37302 4.137103 3.085561 2.276294 2.110719 2.36057 2.585315 2.788617 3.145484 3.422928 3.223509 2.806565 2.245282 1.700302 1.301166 .8717237 .4557239 -.02936295 -.3168734 -.3634553 -.2176919 -.09542282 -.1742811 -.2512826 -.4282766 -.8683962 -1.369925 -2.158213 -3.209105 -4.737133 -6.48692 -7.935806
-.2114237 .1131632 .4717122 .8282496 1.238451 1.748089 2.211757 2.658096 3.064784 3.42801 3.741695 3.989863 4.214955 4.38979 4.492126 4.615984 4.904856 5.53483 6.217435 6.641651 6.750812 6.897388 7.368424 7.91865 8.217139 8.243517 8.234583 8.03045 7.269237 6.107034 4.791103 3.56245 2.455902 1.723719 1.860891 2.266167 2.456219 2.614251 2.95435 3.112393 2.867382 2.314069 1.652683 1.161448 .8117617 .3284276 -.1445002 -.4497912 -.6187232 -.6313685 -.606883 -.7069354 -1.002407 -1.379347 -1.826167 -2.21049 -2.6261 -3.127241 -3.871584 -5.114042 -6.671749 -8.053568
-.3788972 -.02845268 .3482379 .7495772 1.187432 1.650124 2.106921 2.579355 2.961893 3.298643 3.631883 3.941389 4.257543 4.508987 4.609738 4.637407 4.838748 5.367649 6.111981 6.584359 6.764825 6.965185 7.440634 7.982898 8.148317 8.062421 7.872003 7.505194 6.757917 5.587398 4.336509 3.167677 2.112604 1.556035 1.775511 2.189919 2.340467 2.415719 2.684206 2.866152 2.604514 2.007349 1.356119 .8770303 .396042 -.1247749 -.462412 -.6186441 -.6520255 -.6329262 -.6032471 -.7559309 -1.224154 -1.785085 -2.333668 -2.817871 -3.24129 -3.764339 -4.45343 -5.512337 -6.900133 -8.174282
-.49111 -.1235836 .2437113 .6564329 1.124209 1.591214 2.0223 2.450653 2.821068 3.160008 3.462977 3.790161 4.192761 4.580455 4.823163 4.885371 5.032756 5.520396 6.139462 6.560856 6.726532 6.926518 7.422721 7.983895 8.126282 7.920788 7.637146 7.174554 6.396035 5.297121 4.167284 3.067192 2.048479 1.582761 1.872324 2.131446 2.241055 2.245853 2.462916 2.690056 2.491663 1.86358 1.176983 .6025158 .1290887 -.3130881 -.5449523 -.6525487 -.5871837 -.4752333 -.4100369 -.5369863 -1.008142 -1.545556 -2.146974 -2.636656 -3.249331 -3.961383 -4.796777 -5.855666 -7.070268 -8.228525
-.6088756 -.1907529 .1839065 .5927165 1.014111 1.48589 1.955097 2.346595 2.633715 2.924983 3.201961 3.516617 3.988236 4.511428 4.944201 5.196733 5.406668 5.811815 6.390747 6.702947 6.737743 6.802134 7.255086 7.90809 8.041098 7.864824 7.507163 7.052263 6.366612 5.423887 4.353191 3.267634 2.255934 1.708804 1.832252 2.080359 2.112762 2.107366 2.235887 2.488592 2.232437 1.69294 1.043327 .4973296 .08927611 -.2437197 -.4206794 -.4729905 -.3639321 -.237072 -.09293923 -.1356983 -.4138372 -.8466746 -1.340319 -1.839766 -2.651963 -3.609373 -4.670434 -5.893858 -7.119894 -8.239936
-.7346513 -.2544573 .1924913 .5566232 .894396 1.350032 1.811843 2.213036 2.482204 2.727824 2.98393 3.275558 3.68322 4.290004 4.912705 5.349081 5.662621 6.13596 6.690127 6.933219 6.851224 6.803014 7.140898 7.68953 7.911991 7.695896 7.270258 6.91216 6.478825 5.728593 4.673545 3.512937 2.461962 1.821298 1.826821 2.101603 1.969927 1.952299 2.07273 2.245805 2.105528 1.607372 1.01866 .5719376 .2539987 .03508637 -.07419175 -.1290757 -.05645901 .1445683 .350426 .3644994 .238812 .2328045 -.004777468 -.6130253 -1.602158 -2.715031 -3.972009 -5.477296 -6.990954 -8.236552
-.9116768 -.3227821 .1679715 .5402248 .8352357 1.192001 1.619685 1.989485 2.283087 2.534098 2.742836 2.998152 3.360166 3.932082 4.584235 5.150955 5.565753 6.166911 6.814454 7.068998 6.888606 6.748584 6.999014 7.391873 7.49356 7.161138 6.745738 6.531401 6.181131 5.435564 4.428899 3.33683 2.40167 1.934636 1.97474 2.312253 2.222743 1.96365 1.924339 2.06009 2.014822 1.624827 1.11593 .7429988 .5281999 .3149075 .2416836 .2063023 .324503 .6712204 .8524241 .9491926 .9298916 .8819861 .6099716 .06831239 -.8214033 -1.97547 -3.363495 -4.972061 -6.675273 -8.311406
-1.121647 -.4833497 .0554049 .4761705 .7665906 1.001504 1.362682 1.684885 2.008245 2.294861 2.524546 2.760054 3.125252 3.636575 4.177347 4.65971 5.122358 5.844232 6.541261 6.864954 6.706177 6.507937 6.562195 6.785246 6.778848 6.421848 6.154808 5.901221 5.526108 4.876537 3.960213 2.952426 2.146657 1.93309 2.139959 2.444082 2.382988 2.101636 2.004009 2.081268 1.988614 1.736926 1.397052 1.021716 .7623795 .4268901 .2452191 .2763878 .6645303 1.078696 1.360935 1.367662 1.206613 .8551962 .4362039 -.2459972 -1.124958 -2.220921 -3.455158 -4.958212 -6.695079 -8.442719
-1.295693 -.7176608 -.1786996 .2786126 .5799356 .7671901 1.009873 1.29722 1.621624 1.978997 2.304769 2.604083 2.991782 3.471625 3.908702 4.15683 4.583255 5.234575 5.943992 6.316947 6.227239 6.047964 5.918976 5.935397 5.84926 5.755544 5.648207 5.465553 5.007245 4.371239 3.481521 2.528637 1.835057 1.716351 2.065002 2.347541 2.37775 2.237564 2.174491 2.214484 2.124223 2.055677 1.77461 1.389487 1.076346 .4633927 -.01863721 -.01692739 .4407479 .9912416 1.272087 1.352287 1.187498 .759729 .1269739 -.7101439 -1.703104 -2.892715 -4.156443 -5.512877 -7.194243 -9.036236
-1.456783 -.9905628 -.5207129 .004277183 .3207862 .5045807 .6305379 .9021138 1.174664 1.565547 2.029465 2.407412 2.849443 3.300554 3.633255 3.822267 4.086028 4.542603 5.159087 5.52956 5.500328 5.27194 5.010265 4.920662 4.970995 5.03352 5.025544 4.916288 4.565295 3.908076 3.008673 2.136657 1.529545 1.513266 1.753314 1.949175 1.99265 1.90686 1.978707 2.094274 2.163403 2.224889 2.047067 1.754287 1.013046 .1236757 -.6168707 -.6692145 -.2775818 .3866854 .8366323 1.102932 1.047838 .617013 -.1156113 -1.019047 -2.073026 -3.218669 -4.418853 -5.889755 -7.764289 -9.801064
-1.55218 -1.233471 -.8215757 -.2724147 .1064142 .240265 .3217761 .5746257 .8493826 1.257536 1.763961 2.28438 2.727022 3.163159 3.425552 3.514563 3.630288 3.914326 4.305182 4.563714 4.510241 4.134634 3.788437 3.755539 4.030597 4.348979 4.571742 4.526989 4.182638 3.472915 2.626683 1.831192 1.282834 1.2294 1.363615 1.383268 1.406283 1.342456 1.440626 1.720188 2.094654 2.320596 2.054594 1.512746 .6143587 -.4851435 -1.25244 -1.225654 -.8279521 -.1826637 .4011042 .834511 .8795605 .5055944 -.2481718 -1.158072 -2.216296 -3.274369 -4.537601 -6.11446 -8.155679 -10.09066
-1.471297 -1.311808 -.9531494 -.4298016 -.04994223 .08465443 .2059832 .5220397 .8428 1.238049 1.76363 2.26802 2.72289 3.103296 3.174723 3.119586 3.130927 3.23509 3.392749 3.431843 3.149075 2.636748 2.299442 2.418851 2.960666 3.562203 3.951489 4.01087 3.694732 3.147831 2.384587 1.606589 1.045982 .8145152 .7931388 .746076 .6728162 .6426363 .7509388 1.198102 1.779472 2.161732 1.956031 1.309192 .2156056 -.8615687 -1.560737 -1.536037 -1.108168 -.5965751 -.00564092 .5217674 .6694288 .309066 -.469961 -1.343884 -2.389039 -3.509713 -4.79633 -6.426645 -8.298009 -9.895546
-1.107726 -1.060872 -.8225789 -.4080196 -.03269587 .06754565 .3066428 .7389501 1.170912 1.58404 2.105133 2.627544 3.008017 3.223412 3.08572 2.800014 2.578728 2.475177 2.46047 2.19342 1.706606 1.146399 .8177016 1.067968 1.787093 2.549504 3.078121 3.187388 3.001817 2.615834 1.964187 1.205003 .5248427 .1770773 .06101516 -.02146408 -.2159071 -.1134681 .3047844 .9656997 1.64046 2.072026 1.9206 1.188812 .136297 -.743959 -1.339896 -1.547447 -1.316717 -.8831807 -.3996971 .06344355 .106106 -.2915038 -1.080661 -1.903958 -2.888885 -4.045601 -5.413841 -6.879373 -8.383499 -9.594972
-.5745106 -.4792217 -.34073 -.04479812 .1741756 .2767476 .5507133 1.063609 1.589939 2.096225 2.698578 3.224672 3.56617 3.564639 3.261542 2.685213 2.185569 1.844173 1.617959 1.229201 .576724 -.05725815 -.3793569 -.1561474 .5607481 1.342796 1.857273 2.074018 1.985511 1.747088 1.159497 .3877485 -.2872683 -.7379095 -.9002707 -1.142631 -1.210827 -.8627673 -.07921461 .8598369 1.740622 2.159502 1.935395 1.140243 .1944241 -.5217367 -1.035366 -1.425754 -1.425223 -1.081193 -.7323217 -.5409111 -.7472393 -1.358204 -2.189837 -3.014885 -3.931658 -5.069912 -6.33123 -7.539218 -8.792228 -9.653286
-.2766282 -.04564566 .201895 .3896005 .5073127 .6120279 .9243321 1.466509 1.997298 2.58903 3.287198 3.908603 4.217178 4.030802 3.544816 2.844677 2.115865 1.53907 1.178189 .7131978 .09469781 -.6277581 -1.100866 -1.048497 -.5722021 .06753699 .5363246 .7964176 .8158265 .6027399 .004525643 -.7639498 -1.396973 -1.779975 -2.005275 -2.227999 -2.235067 -1.493006 -.3084735 .9091606 1.843401 2.150131 1.880416 1.072973 .1663583 -.5623704 -1.071543 -1.466942 -1.505537 -1.169011 -.8732328 -.9598796 -1.488781 -2.445106 -3.381733 -4.2627 -5.216404 -6.236979 -7.235383 -8.276593 -9.35401 -10.07219
-.5347583 -.09792861 .2928983 .6059272 .7931288 .9253405 1.261374 1.750234 2.301763 3.008823 3.845762 4.559888 4.841829 4.605671 4.043275 3.214707 2.429676 1.770939 1.241388 .7074817 .02898906 -.7814677 -1.477938 -1.663425 -1.341861 -.9661336 -.6507545 -.3829859 -.351628 -.6699172 -1.336547 -2.117296 -2.678473 -3.053656 -3.26535 -3.396193 -3.105711 -2.103103 -.643517 .7893283 1.780219 2.074619 1.762026 .91741 .001324178 -.7657295 -1.435097 -1.841181 -1.822525 -1.362421 -.8859342 -.9431564 -1.716922 -2.915813 -4.169806 -5.240628 -6.263299 -7.234905 -8.100499 -8.894558 -9.794854 -10.45708
