py_wake/examples/data/AJ_ParqueFicticio/Rough survey   Sector 8   Height 200m   Mean speed.grd
DSAA
73  159
 258469   265669
 6501692   6517492
 5.227395   10.93478
[rows 0 to 27 of 159, columns 0 to 62 of 73]
7.645036 7.636679 7.632533 7.621553 7.613502 7.602524 7.593352 7.584941 7.575778 7.568479 7.557042 7.545186 7.534189 7.522547 7.513799 7.501061 7.488557 7.465301 7.441193 7.41132 7.382271 7.39624 7.469481 7.550909 7.58442 7.577786 7.604291 7.668413 7.706967 7.717244 7.727351 7.750469 7.795722 7.822521 7.851596 7.872883 7.886043 7.886983 7.859642 7.811527 7.743445 7.679798 7.621835 7.567304 7.530025 7.495881 7.467476 7.409967 7.386529 7.357109 7.329964 7.307921 7.288101 7.275416 7.274693 7.260763 7.268981 7.278334 7.290275 7.304842 7.322738 7.344612 7.35999
7.614048 7.61604 7.612954 7.603432 7.592007 7.581921 7.575141 7.566578 7.559001 7.552791 7.539428 7.526786 7.514723 7.507753 7.502143 7.492476 7.482152 7.467051 7.447865 7.437048 7.4431 7.475667 7.555734 7.630896 7.67225 7.676356 7.691129 7.738584 7.754186 7.773768 7.784197 7.81516 7.858073 7.891232 7.920473 7.9324 7.919596 7.897886 7.858241 7.802906 7.721884 7.664267 7.617801 7.5762 7.53852 7.500981 7.464529 7.408555 7.376101 7.347075 7.315296 7.292676 7.270082 7.262587 7.264626 7.248265 7.264485 7.282194 7.306249 7.327131 7.350718 7.375258 7.39967
7.605242 7.605629 7.59663 7.585659 7.567513 7.557678 7.549398 7.543557 7.540714 7.534083 7.524517 7.50779 7.495713 7.488906 7.487712 7.483517 7.477629 7.467247 7.463439 7.466601 7.488893 7.53978 7.597021 7.670318 7.731936 7.758858 7.767457 7.779939 7.791459 7.800598 7.820441 7.856551 7.892761 7.922975 7.942286 7.950521 7.921384 7.876919 7.839696 7.77908 7.684556 7.631727 7.592103 7.563097 7.528673 7.490967 7.452245 7.420347 7.364039 7.327352 7.292535 7.269682 7.257876 7.257359 7.259496 7.266016 7.261303 7.285137 7.314614 7.343866 7.376937 7.410637 7.446207
7.595425 7.588895 7.571345 7.557602 7.542252 7.534375 7.524789 7.518814 7.515862 7.510291 7.503961 7.490528 7.481056 7.473155 7.47049 7.472782 7.471872 7.464038 7.468225 7.483844 7.516595 7.569593 7.634769 7.707782 7.760078 7.796058 7.803421 7.813447 7.806827 7.813091 7.836411 7.863444 7.884882 7.885916 7.875538 7.84677 7.824613 7.790399 7.760504 7.70275 7.604975 7.561636 7.549648 7.538621 7.514224 7.484483 7.42983 7.391676 7.339253 7.305159 7.282415 7.277295 7.264492 7.25264 7.247274 7.256334 7.256447 7.285688 7.321761 7.362169 7.410119 7.45316 7.488048
7.568429 7.557084 7.54519 7.533416 7.523827 7.508491 7.500421 7.494903 7.492041 7.48878 7.483639 7.472987 7.465193 7.460621 7.457502 7.456244 7.463522 7.465164 7.476882 7.507479 7.5471 7.586457 7.66064 7.728344 7.77119 7.813671 7.828148 7.819726 7.802321 7.796947 7.812292 7.836231 7.796132 7.750852 7.693902 7.634352 7.612283 7.604775 7.576758 7.524749 7.480244 7.468297 7.495439 7.521402 7.518796 7.47698 7.40938 7.363069 7.338018 7.302019 7.29371 7.280474 7.261446 7.240263 7.232137 7.239152 7.264875 7.278608 7.323359 7.377207 7.433588 7.490958 7.526905
7.552337 7.526515 7.517446 7.524409 7.509674 7.488477 7.481666 7.484467 7.482229 7.477537 7.472059 7.459571 7.444963 7.453246 7.449632 7.439796 7.452041 7.465665 7.497559 7.540073 7.582736 7.635896 7.689506 7.747413 7.784214 7.806845 7.801334 7.795084 7.76629 7.754615 7.734263 7.7027 7.62504 7.535381 7.469971 7.417959 7.386438 7.37922 7.35086 7.307926 7.336136 7.397567 7.463009 7.492299 7.461847 7.402388 7.355408 7.337393 7.322325 7.290471 7.277353 7.25249 7.225034 7.20247 7.193819 7.204714 7.236665 7.262288 7.31779 7.381122 7.44171 7.484099 7.494966
7.549831 7.528751 7.51159 7.501662 7.494901 7.47595 7.489837 7.50071 7.495701 7.488107 7.474962 7.452041 7.436657 7.446069 7.446414 7.431291 7.430256 7.454056 7.481955 7.529519 7.58941 7.655253 7.720521 7.766002 7.787664 7.782485 7.762569 7.742922 7.714985 7.671824 7.626015 7.558131 7.46225 7.388103 7.329447 7.273606 7.235672 7.205604 7.178221 7.1874 7.270387 7.369341 7.426371 7.410721 7.347715 7.294556 7.29067 7.308525 7.295495 7.245929 7.221412 7.18505 7.14851 7.130233 7.128949 7.152853 7.199257 7.252774 7.292935 7.357503 7.394602 7.385457 7.311453
7.561023 7.547304 7.53936 7.516271 7.501785 7.489961 7.50387 7.526309 7.521871 7.508235 7.487235 7.457145 7.441967 7.439915 7.439163 7.418525 7.408505 7.42314 7.456876 7.508033 7.574568 7.649317 7.722389 7.755371 7.762845 7.738537 7.725834 7.682262 7.63956 7.589988 7.521118 7.438144 7.358029 7.289058 7.227203 7.168104 7.126591 7.086521 7.077496 7.118523 7.213434 7.300935 7.29801 7.24535 7.182187 7.196495 7.242553 7.250783 7.218607 7.166734 7.112465 7.069811 7.023538 7.003012 7.038804 7.09431 7.153135 7.206419 7.245008 7.268675 7.236981 7.140267 6.990112
7.568408 7.557426 7.550769 7.527806 7.511516 7.507233 7.533123 7.551432 7.551918 7.526865 7.491307 7.468742 7.444113 7.439362 7.429072 7.405503 7.391478 7.396163 7.427176 7.4723 7.532955 7.579025 7.632764 7.667241 7.678236 7.676893 7.661129 7.626212 7.556391 7.493813 7.428533 7.344911 7.264009 7.18878 7.126576 7.064792 7.013853 6.987652 6.997171 7.033866 7.0711 7.095144 7.053191 6.992943 7.00694 7.072801 7.097531 7.071345 7.016114 6.951441 6.904979 6.864202 6.825196 6.862938 6.942863 7.032124 7.104351 7.150334 7.149589 7.112513 6.99018 6.821128 6.629607
7.578385 7.566919 7.55536 7.552228 7.553154 7.555937 7.588877 7.603643 7.57729 7.530623 7.482537 7.465767 7.447822 7.436272 7.422099 7.406508 7.389854 7.38986 7.402689 7.425371 7.457603 7.478029 7.49755 7.526602 7.553835 7.578537 7.579412 7.549706 7.479804 7.403088 7.342429 7.265988 7.173481 7.099602 7.025501 6.967555 6.939859 6.91795 6.906068 6.907835 6.888788 6.845954 6.767309 6.743995 6.799249 6.854877 6.840616 6.800233 6.741067 6.68183 6.640635 6.616005 6.633554 6.745561 6.884034 6.983126 7.050143 7.067573 7.040281 6.911743 6.74 6.528884 6.348823
7.584818 7.578863 7.570838 7.582804 7.617458 7.630589 7.641121 7.633687 7.573117 7.501862 7.462774 7.458531 7.454017 7.434963 7.432817 7.424182 7.408165 7.400411 7.396942 7.390651 7.386343 7.37889 7.38239 7.412649 7.435296 7.444587 7.449923 7.439353 7.388621 7.319848 7.236305 7.165661 7.093163 7.015379 6.947703 6.900258 6.871285 6.849351 6.81504 6.789863 6.736837 6.669122 6.602065 6.565138 6.583829 6.584506 6.52861 6.48665 6.452391 6.405316 6.396955 6.41657 6.525255 6.685088 6.822922 6.910273 6.95047 6.936826 6.859949 6.689041 6.506648 6.319685 6.198237
7.601414 7.599357 7.60127 7.622468 7.634244 7.634656 7.629128 7.591069 7.536099 7.46874 7.451646 7.473682 7.47272 7.452837 7.440743 7.449739 7.468378 7.440227 7.416283 7.385108 7.352652 7.327348 7.333948 7.339924 7.346572 7.336309 7.30978 7.320656 7.296678 7.217422 7.126132 7.059069 6.994842 6.936659 6.880717 6.837336 6.806441 6.777943 6.740802 6.680939 6.623366 6.553216 6.492255 6.436813 6.405669 6.356718 6.287103 6.240678 6.207275 6.18835 6.212866 6.294402 6.444057 6.582855 6.677441 6.712677 6.699461 6.639278 6.542588 6.407935 6.248749 6.137959 6.096281
7.614629 7.620625 7.6263 7.632636 7.628602 7.621036 7.594813 7.546399 7.500093 7.479874 7.507144 7.531905 7.506985 7.467804 7.448391 7.45285 7.48656 7.482531 7.456754 7.424871 7.394069 7.373089 7.348403 7.310982 7.283143 7.253762 7.21447 7.18494 7.153411 7.078583 7.009935 6.939628 6.892259 6.841396 6.796997 6.768687 6.740096 6.701803 6.654899 6.589809 6.521992 6.455654 6.388012 6.322545 6.263672 6.202962 6.127917 6.077534 6.052276 6.049724 6.094566 6.172369 6.278309 6.352806 6.376376 6.322376 6.234241 6.146417 6.060031 5.995406 5.949451 5.961746 6.010861
7.62607 7.628646 7.624916 7.624669 7.617949 7.602778 7.573642 7.55012 7.52451 7.541296 7.569638 7.566397 7.540003 7.502246 7.486983 7.505078 7.499261 7.4872 7.504035 7.4864 7.457011 7.422144 7.380811 7.312703 7.246206 7.192045 7.130617 7.060905 7.007948 6.960423 6.913691 6.858501 6.800438 6.745791 6.715279 6.694117 6.67603 6.631364 6.57717 6.505153 6.42588 6.353576 6.285785 6.221501 6.152065 6.075068 6.010758 5.954249 5.947883 5.947855 5.99715 6.046062 6.054102 6.036959 5.969366 5.854946 5.763691 5.70479 5.685482 5.707837 5.77565 5.862696 5.963431
7.638338 7.631001 7.622415 7.619572 7.610765 7.593831 7.568966 7.553712 7.543256 7.554788 7.572162 7.575609 7.56216 7.55242 7.550321 7.555269 7.55307 7.566269 7.564035 7.543541 7.523283 7.485562 7.412952 7.317052 7.236098 7.160202 7.088802 7.019018 6.946377 6.896235 6.85321 6.796842 6.744994 6.680339 6.6424 6.633635 6.623909 6.580812 6.513318 6.427949 6.337234 6.260115 6.191885 6.149378 6.065755 5.982463 5.921882 5.883891 5.859053 5.873981 5.898605 5.896408 5.846299 5.776494 5.684418 5.597534 5.558892 5.575919 5.632997 5.714002 5.822516 5.930981 6.023431
7.638263 7.625267 7.615847 7.610441 7.602221 7.588349 7.573116 7.556402 7.542037 7.539364 7.567751 7.582051 7.582809 7.597904 7.625307 7.627769 7.61273 7.617649 7.610279 7.569057 7.556391 7.523841 7.443421 7.347893 7.247223 7.165793 7.084448 7.002759 6.927438 6.870024 6.829464 6.772022 6.702442 6.645341 6.622912 6.623519 6.60544 6.555679 6.472017 6.380027 6.293565 6.228503 6.167847 6.098651 6.013212 5.934814 5.894212 5.874531 5.872171 5.868887 5.860596 5.828321 5.773251 5.692139 5.649873 5.647952 5.706137 5.809444 5.916292 6.005912 6.088677 6.133809 6.174356
7.633554 7.617598 7.609371 7.603759 7.598404 7.58882 7.574551 7.566602 7.557393 7.559522 7.572038 7.592432 7.613022 7.633507 7.65724 7.649617 7.627353 7.617428 7.610076 7.570607 7.545296 7.523057 7.462876 7.378403 7.290289 7.204113 7.116907 7.027604 6.948649 6.891839 6.853122 6.790396 6.711136 6.683201 6.724367 6.717134 6.674806 6.594211 6.482996 6.34434 6.290285 6.236938 6.162038 6.099529 6.020445 5.96791 5.944308 5.949905 5.959142 5.967122 5.946367 5.908707 5.878175 5.859806 5.891463 5.972396 6.10438 6.225313 6.327789 6.385716 6.407925 6.396195 6.334099
7.631429 7.614377 7.603802 7.59819 7.594714 7.588406 7.58081 7.573499 7.573542 7.575172 7.589831 7.599408 7.626718 7.641229 7.643951 7.63732 7.61599 7.603791 7.589801 7.556082 7.527993 7.510271 7.469729 7.420423 7.360694 7.277341 7.202515 7.118913 7.044912 6.993584 6.950257 6.866665 6.813851 6.839831 6.888756 6.873384 6.800217 6.704044 6.569299 6.428122 6.374953 6.314394 6.243654 6.195224 6.151652 6.119976 6.108037 6.130193 6.170532 6.189682 6.173669 6.136723 6.140255 6.174014 6.26106 6.368123 6.474549 6.562819 6.618159 6.629389 6.60914 6.555872 6.457918
7.629496 7.613959 7.604661 7.594224 7.592359 7.587543 7.583104 7.582282 7.585824 7.588035 7.606261 7.614954 7.624166 7.623613 7.626307 7.626237 7.608191 7.589999 7.57867 7.558077 7.523123 7.500002 7.476825 7.454261 7.423782 7.370041 7.305498 7.244868 7.200363 7.154173 7.074988 6.971325 6.972674 7.021522 7.054065 7.015402 6.925067 6.797433 6.634626 6.503019 6.473148 6.470613 6.457439 6.452199 6.444849 6.417009 6.389783 6.416854 6.464934 6.46747 6.427555 6.38167 6.385266 6.447335 6.512449 6.596208 6.662946 6.708094 6.724544 6.718166 6.696933 6.640558 6.557921
7.629723 7.614825 7.601608 7.586376 7.582909 7.580908 7.586766 7.589514 7.592784 7.597753 7.609497 7.616154 7.615271 7.609361 7.607089 7.60723 7.598066 7.57857 7.572814 7.557231 7.523314 7.495892 7.481073 7.470635 7.441017 7.39623 7.351291 7.319245 7.293598 7.23598 7.120212 7.054509 7.104649 7.157664 7.154123 7.101569 6.981461 6.834843 6.680044 6.611315 6.64793 6.701007 6.73467 6.745699 6.751651 6.721472 6.695854 6.692042 6.7178 6.683286 6.600716 6.54889 6.539532 6.576852 6.610851 6.663934 6.714571 6.753683 6.749393 6.750416 6.743918 6.712487 6.651534
7.62044 7.608005 7.591978 7.577272 7.568754 7.576328 7.582035 7.588039 7.593671 7.598882 7.602654 7.605493 7.602817 7.595574 7.593802 7.593349 7.591892 7.577312 7.573468 7.557766 7.526678 7.496338 7.47621 7.456446 7.439586 7.402927 7.371381 7.334946 7.300814 7.213101 7.130326 7.125551 7.161029 7.182381 7.177923 7.13407 7.010339 6.870531 6.765693 6.779511 6.845165 6.918959 6.951924 6.95922 6.942191 6.880897 6.843819 6.844115 6.837583 6.759372 6.666862 6.616466 6.603669 6.602378 6.628625 6.661648 6.703969 6.745656 6.76931 6.80423 6.821497 6.81801 6.790361
7.600837 7.588492 7.569028 7.556226 7.557883 7.565804 7.575755 7.584472 7.592921 7.588945 7.58757 7.591773 7.596234 7.589228 7.580753 7.584631 7.586467 7.581203 7.569068 7.549583 7.525818 7.489527 7.473339 7.447291 7.425581 7.395817 7.357273 7.310921 7.248315 7.161181 7.15774 7.188045 7.193938 7.195468 7.175891 7.109266 7.005947 6.889306 6.859542 6.919108 6.985756 7.033606 7.030194 7.012845 6.970074 6.926216 6.893651 6.87604 6.812933 6.717147 6.639014 6.614229 6.607932 6.601535 6.633749 6.664161 6.710144 6.782487 6.853744 6.919547 6.965561 6.98083 6.969079
7.586967 7.569993 7.553129 7.550461 7.554451 7.562609 7.571407 7.577416 7.58448 7.578869 7.572451 7.574219 7.582555 7.583582 7.57898 7.571023 7.576885 7.570258 7.558738 7.535681 7.516852 7.48198 7.462028 7.440204 7.411364 7.373609 7.322483 7.266191 7.195176 7.171318 7.218821 7.262263 7.256779 7.21402 7.164015 7.071911 6.98053 6.914011 6.933079 6.981301 7.011429 7.027194 7.007189 6.973584 6.932038 6.899588 6.85659 6.807066 6.718335 6.622034 6.569278 6.560435 6.580209 6.585917 6.646307 6.70901 6.801648 6.916492 7.03847 7.126488 7.178699 7.181042 7.132195
7.580945 7.567264 7.56646 7.561042 7.564441 7.566973 7.570412 7.572209 7.575418 7.567241 7.560903 7.559618 7.568189 7.573419 7.577188 7.576199 7.568077 7.551994 7.53911 7.525586 7.508042 7.477741 7.45423 7.438148 7.396479 7.353157 7.298882 7.236448 7.185067 7.214204 7.288588 7.305932 7.282204 7.223825 7.132075 7.049289 6.983648 6.954856 6.983945 6.988398 6.972882 6.959487 6.938271 6.898438 6.856948 6.818705 6.762995 6.700632 6.620382 6.538785 6.497643 6.514172 6.568957 6.608576 6.696679 6.821209 6.979594 7.133077 7.293005 7.403699 7.413018 7.360894 7.262379
7.582025 7.572794 7.576773 7.576305 7.572081 7.570579 7.574018 7.570794 7.571205 7.557441 7.556293 7.555837 7.562167 7.570093 7.573589 7.571536 7.563109 7.547194 7.527701 7.515755 7.498648 7.481676 7.450631 7.433928 7.398899 7.348826 7.300146 7.256529 7.240555 7.267958 7.328684 7.303988 7.249551 7.18399 7.112722 7.036169 7.005809 6.99144 6.992608 6.974236 6.915372 6.896845 6.867105 6.821368 6.78065 6.72632 6.675655 6.608976 6.546611 6.489166 6.471103 6.513113 6.613533 6.69739 6.830125 7.019566 7.21874 7.419441 7.59022 7.663407 7.610274 7.476743 7.310725
7.577936 7.573294 7.578512 7.583412 7.582294 7.575967 7.571752 7.572435 7.565352 7.554757 7.553259 7.560259 7.556397 7.566896 7.56883 7.566387 7.554918 7.540547 7.520704 7.505444 7.494389 7.48514 7.453051 7.431439 7.408321 7.36375 7.31946 7.294283 7.297662 7.29643 7.283642 7.259932 7.216878 7.151088 7.083996 7.041707 7.009418 7.006849 6.999844 6.965584 6.921953 6.903025 6.854024 6.795465 6.732387 6.660825 6.61239 6.552451 6.508523 6.474714 6.496428 6.582933 6.73184 6.861219 7.019459 7.253316 7.49666 7.715582 7.845893 7.841963 7.699463 7.495929 7.280848
7.588342 7.587693 7.590625 7.588858 7.589126 7.58401 7.580957 7.574792 7.569946 7.567766 7.565658 7.567694 7.569061 7.554402 7.560177 7.560347 7.550686 7.536247 7.519944 7.499559 7.491135 7.477874 7.464916 7.435687 7.399068 7.360171 7.323235 7.300141 7.290613 7.266534 7.244098 7.221547 7.187239 7.130284 7.063073 7.027351 7.012424 7.005363 7.012504 6.975366 6.925355 6.880952 6.838615 6.795157 6.726024 6.648681 6.573277 6.512367 6.491029 6.517696 6.573696 6.711195 6.919148 7.09938 7.268707 7.516739 7.789615 7.969919 8.000942 7.885025 7.674216 7.429247 7.192963
7.596027 7.598827 7.597585 7.598186 7.595134 7.59183 7.589423 7.583588 7.580514 7.587551 7.585776 7.580971 7.577652 7.574062 7.563836 7.551632 7.546625 7.531221 7.520632 7.505525 7.484385 7.475421 7.454793 7.427323 7.389421 7.343308 7.295035 7.27494 7.270669 7.239088 7.219279 7.204249 7.147837 7.084512 7.032021 7.021737 7.021739 7.014462 6.993009 6.936237 6.889226 6.839781 6.824849 6.779379 6.72259 6.660053 6.576083 6.542946 6.543692 6.605303 6.727931 6.909337 7.154208 7.364687 7.550002 7.775929 8.019053 8.134033 8.06159 7.864141 7.592979 7.329528 7.109682
