py_wake/examples/data/AJ_ParqueFicticio/Rough survey   Sector 11   Height 30m   Weibull-A.grd
DSAA
73  159
 258469   265669
 6501692   6517492
 .2253106   10.82494
[rows 112 to 139 of 159, columns 0 to 62 of 73]
7.602399 7.966057 7.642104 7.416914 7.49366 7.509857 7.416013 7.539404 7.729364 7.831999 7.995504 8.2895 8.130884 7.595956 7.076051 6.1304 5.748722 5.77995 5.240254 4.084116 4.101879 4.801716 4.866297 5.290885 6.989779 8.057219 8.125066 8.209543 8.202063 7.754842 7.573228 7.672658 7.621411 7.105392 6.415732 5.646859 5.009016 5.598547 6.932951 7.894573 8.289973 8.089925 7.018248 5.341418 4.283479 3.404155 2.859558 2.396252 2.155901 3.459511 5.469606 6.662831 6.607129 5.934947 5.272326 5.117783 5.080863 4.98868 4.779287 3.961115 1.965445 2.169814 2.197551
7.802851 8.201526 8.097909 7.849949 7.921951 8.11542 8.139254 8.146793 8.23214 8.262066 8.411099 8.592059 8.381031 7.692878 7.150746 6.388401 6.441652 6.419518 6.032094 4.599177 3.536345 3.51664 3.650968 4.425624 6.42824 8.028653 8.105929 7.472008 7.227984 7.043663 6.644293 7.304626 7.96051 7.724965 7.549147 6.987914 6.134954 5.870512 6.800469 7.719033 8.462732 8.543287 7.538174 5.723975 4.721027 3.785141 3.18171 2.736566 2.370341 2.79279 4.246605 5.562687 5.960565 5.683287 5.249552 5.089606 5.036619 5.012113 4.887241 4.334125 2.951874 2.183544 2.197399
8.342513 8.597901 8.545562 8.349565 8.30714 8.538226 8.792777 8.758473 8.74637 8.662895 8.75619 8.986838 8.513095 7.727645 7.126572 6.691279 7.115644 7.237683 6.410542 5.350858 4.075293 2.908668 2.494113 3.193201 5.505776 7.508745 7.951121 7.244023 6.47254 6.253578 6.129235 6.486611 7.783027 7.945908 8.17966 8.327471 7.934221 7.191432 7.248985 7.737106 8.591801 9.097539 8.03953 6.487786 5.289995 4.440653 3.751984 3.199899 2.955645 2.989299 3.695605 4.563919 5.150138 5.357814 5.202704 5.056677 4.944522 4.904636 4.794548 4.466151 3.799551 2.958278 2.447187
8.903447 9.006158 8.932117 8.815082 8.738298 8.923595 9.13753 9.116645 9.175326 9.082545 9.117879 9.349886 8.846338 7.901092 7.282944 7.041693 7.487549 7.943655 7.30162 6.217183 5.240842 3.919722 2.366373 2.207501 4.065633 6.458344 7.33368 6.737817 6.013119 5.910565 5.879735 6.258048 6.828098 7.283728 7.946949 9.006436 9.244159 8.651735 7.977039 7.946739 8.739515 9.407788 8.867756 7.788306 6.466914 5.59782 4.644027 3.877892 3.530841 3.55433 3.802364 4.25165 4.631563 4.938515 5.044533 4.981604 4.871193 4.772901 4.644274 4.411716 4.127213 3.566813 3.291169
9.033463 9.136491 9.136021 9.169179 9.095439 9.250911 9.351166 9.36273 9.401262 9.419511 9.511809 9.371037 9.177613 8.377189 7.754056 7.457578 7.775556 8.285496 8.000923 7.306427 6.511091 5.590448 3.807595 2.287193 2.822605 5.081656 6.513726 6.203473 5.769805 5.832716 5.88253 5.833279 6.092924 6.750393 7.49476 8.624473 9.486644 9.1717 8.382981 7.94217 8.299355 9.323737 9.36186 8.575017 7.630456 6.776913 5.813681 4.957606 4.320427 4.071895 4.232455 4.467419 4.532968 4.607721 4.872902 4.859123 4.800853 4.617516 4.469584 4.317635 4.233803 3.829594 3.667938
8.693953 8.829788 8.911798 9.052835 9.194465 9.323518 9.318667 9.301934 9.214671 9.323287 9.230052 9.330652 9.077927 8.624525 8.364651 8.005921 7.923067 8.226314 8.041182 7.690793 7.345675 6.903467 6.20598 4.260776 2.848922 3.575474 5.203525 5.685198 5.584905 5.728643 5.619897 5.37799 5.782309 6.747324 7.198414 8.38309 9.322755 9.064543 8.381422 7.395442 7.656204 8.43018 8.860761 8.357516 7.773078 7.317822 6.526362 5.673362 4.935854 4.424632 4.415315 4.672214 4.701011 4.685832 4.685773 4.719578 4.722465 4.509607 4.21291 4.002942 4.088248 4.014334 3.915155
7.764926 8.045665 8.293498 8.448272 8.672263 8.860868 8.988879 9.102307 9.007207 8.909053 8.803371 8.601762 8.399447 8.235169 8.466557 8.622893 8.272309 7.878049 7.577386 7.292889 7.013106 6.681895 6.914193 6.635037 4.805985 3.365553 3.83732 4.552143 5.5766 5.740479 5.499943 4.929933 5.835703 6.558668 6.728368 7.954395 9.163662 9.176559 7.941072 6.42584 6.344454 7.161017 8.056352 7.97765 7.106346 7.104957 6.716632 5.871426 5.322883 4.684271 4.572483 4.860149 4.892347 4.922409 4.827726 4.8147 4.718984 4.6784 4.188742 3.703384 3.814826 3.970036 4.037198
6.597907 6.854243 7.2893 7.728687 8.112353 8.397951 8.601036 8.915862 8.941967 8.654138 8.082306 7.581824 7.494168 7.447035 8.199851 8.912326 8.863057 7.983187 7.192851 6.789204 6.221545 5.742789 6.133852 7.101984 6.73948 5.167815 3.674125 3.803675 4.642915 5.694345 5.177388 4.898059 5.769035 6.15829 6.404867 7.540981 8.758134 9.271931 8.094559 5.916579 4.979232 5.634933 7.021657 7.907061 6.782045 6.351513 6.34795 5.893732 5.470429 4.901327 4.658767 4.827158 5.019043 5.032372 5.017922 5.04334 4.909848 4.920513 4.499837 3.842889 3.403762 3.923224 4.049001
6.190238 6.474978 6.833315 7.304227 7.706901 8.034743 8.243763 8.518659 8.817495 8.916118 8.338596 6.988301 6.466762 6.368404 7.173203 8.457983 9.022711 8.586031 7.535127 6.729402 5.865261 4.954569 4.790203 6.340961 7.025984 6.429686 4.900006 3.706281 3.99466 4.974401 4.92784 4.855864 5.836964 5.9705 6.442151 7.417617 8.427346 9.127702 8.762499 6.767927 4.869091 4.321614 5.577492 7.355383 7.148135 6.354503 6.015923 5.762301 5.474475 5.051516 4.6829 4.667786 4.852652 5.004559 5.001685 5.02597 4.970529 4.822406 4.297076 3.731029 3.629977 4.002234 4.148442
6.835455 6.603138 6.870742 7.261412 7.503205 7.802843 8.051406 8.056082 8.157401 8.963145 9.284895 7.925755 6.501146 5.92522 5.985903 6.981948 8.160007 8.62361 8.40261 7.760602 6.658945 5.218209 4.395429 4.94131 6.052297 6.203702 5.826408 4.661124 3.640453 4.018995 4.449781 5.037717 5.65255 5.790136 6.59907 7.415804 8.127856 8.775312 9.01517 7.731939 5.908581 4.440749 4.652648 6.200383 6.88325 6.606164 6.251707 5.889547 5.549977 5.221416 4.817025 4.524015 4.627482 4.807585 4.879817 5.014685 5.037761 4.613813 3.573769 3.590141 4.121429 4.216341 4.326545
7.64111 7.174391 7.020065 7.294588 7.460176 7.548809 7.920654 7.644525 7.136937 8.081428 9.709294 9.576473 8.109994 6.769219 6.056438 5.93721 6.606945 7.187683 7.494372 7.716924 7.254529 6.008687 4.794859 4.655967 4.983041 5.423575 5.431756 5.536451 4.360079 3.653908 3.865362 4.862097 5.423948 6.279086 6.789495 7.556184 8.266996 8.31201 8.330262 7.978981 7.043554 5.380568 4.706871 5.328196 6.028085 6.234911 6.231156 6.159414 5.887857 5.592962 5.234501 4.68523 4.521494 4.575891 4.708771 4.795454 4.886005 4.118392 3.235358 3.81357 4.594479 4.610325 4.621599
8.367806 7.980227 7.712902 7.604781 7.644142 7.60171 7.467403 7.254515 6.17047 6.773015 9.19563 9.776311 9.56431 8.793257 7.711577 6.847187 6.52226 6.428717 6.519883 6.787979 6.850518 6.149311 5.205252 4.64427 4.654638 4.833018 4.98578 5.203677 4.705222 3.72092 3.589238 4.361582 5.297299 6.143452 7.132831 7.96156 8.295827 8.166686 7.522976 7.135257 7.117373 6.381799 5.517237 5.261303 5.477031 5.597131 5.788834 5.882837 5.963311 5.902797 5.649562 5.157767 4.832693 4.636871 4.557 4.533448 4.34989 3.710097 3.261462 4.057092 4.894037 4.973364 4.792882
9.014757 8.908879 8.5418 8.298253 8.106979 7.889795 7.319229 6.55502 5.373752 5.394264 7.812064 8.878137 9.52533 9.607716 9.296118 8.623295 8.396293 7.847407 7.388812 6.944642 6.963804 6.689902 5.984496 4.858922 4.627841 5.031359 4.958067 4.927016 4.224831 3.211543 3.011596 4.096982 5.16575 6.178116 7.27339 8.078685 8.306044 8.09631 7.423452 6.450851 6.306651 6.452314 6.261218 5.913316 5.561765 5.379188 5.367529 5.38957 5.462436 5.746866 5.831625 5.483925 5.13411 4.714295 4.553703 4.465264 3.860392 3.865106 3.633334 3.964697 4.869727 5.147813 5.043307
8.848494 9.190839 9.263249 8.842256 8.52972 8.039859 7.397959 6.286019 4.860072 4.432131 6.040966 7.330184 8.721075 9.264705 9.224675 8.881931 8.754856 9.018882 8.905766 8.427817 7.840138 7.641553 6.99738 5.96548 5.195558 5.349366 5.697766 5.545235 4.853848 3.210059 2.412403 3.265996 4.763136 6.214822 7.336951 7.99405 8.194638 7.988493 7.398846 6.681273 6.050534 5.924402 6.081374 6.224106 6.070802 5.740656 5.667073 5.246222 4.718863 5.084435 5.486897 5.433911 5.017799 4.489137 4.42826 4.512233 4.321954 4.195096 3.846567 3.549143 4.315227 5.158382 5.064998
8.643389 8.907743 9.306611 9.196801 8.823822 8.465631 8.040108 6.915545 5.230295 3.999566 4.604182 5.808086 7.307319 8.185527 8.557691 8.22161 7.943128 8.708385 8.989888 9.101439 8.615995 8.278639 7.695866 6.706401 5.947573 5.856001 6.214115 6.422562 5.858468 3.829813 2.417903 2.593041 4.22483 5.841825 7.039439 7.773556 8.126451 8.118887 7.477263 6.608324 6.213789 6.0633 5.852413 5.99094 5.963248 5.885484 5.866243 5.827705 4.875013 4.251802 4.686593 4.879075 4.547109 4.51685 4.732665 4.770688 4.66573 4.654364 4.069317 3.18806 3.553144 4.76999 5.061608
8.640079 8.921127 9.161195 9.462482 9.074443 8.680267 8.648162 8.051327 6.397824 4.552372 4.062943 4.507545 6.036796 7.182971 7.819571 7.582953 6.67868 7.075984 8.471473 8.748199 8.538179 8.322185 7.623044 6.988729 6.588568 6.48499 6.343761 6.313333 6.327569 4.846801 2.736264 2.764234 4.284484 5.818049 6.703811 7.358287 7.845592 8.188671 7.768396 6.656055 6.032868 6.106712 6.080544 6.015028 5.854458 5.693187 5.643418 6.074858 5.971122 4.626557 3.882507 3.800178 4.115114 4.649517 5.126369 5.104974 5.129524 4.957727 4.6435 3.023089 2.982312 4.250845 4.782689
7.863641 8.473825 9.169588 9.261253 9.063025 8.622083 8.762674 8.456429 7.267601 6.036159 4.633031 3.941852 4.819523 6.189098 7.431363 7.733745 6.456695 5.826499 6.927235 7.749997 7.951131 8.106107 7.307239 6.963888 7.232211 7.072457 6.479194 6.08429 6.060914 5.189812 3.148386 2.535217 4.320889 5.592725 6.477668 6.891366 7.277885 7.797064 7.727265 6.832525 6.036181 5.824528 5.866348 5.931926 5.996472 5.711318 5.466492 5.64184 6.120536 5.639732 4.030959 2.618425 3.379199 4.93392 5.892432 5.879805 5.857604 5.748072 5.081285 3.188936 2.780696 3.744355 4.175459
6.708782 7.470061 8.251176 8.753921 8.977381 8.662672 8.677741 8.265686 7.269184 6.471166 5.489848 4.246763 3.994095 5.042766 6.776264 7.888178 7.111176 5.671695 5.643524 6.324169 6.964041 7.536615 6.928588 6.764225 7.631309 7.818152 7.071675 5.994559 5.419681 4.825168 3.062731 2.625538 3.892776 4.98239 5.878611 6.369772 6.644759 7.271681 7.50808 6.94431 6.166708 5.752547 5.70705 5.63923 5.670723 5.760896 5.552189 5.270196 5.513038 5.511582 3.859898 2.445831 2.745781 5.41813 6.394482 6.283643 6.308373 6.67862 5.989522 4.053366 2.843114 2.909632 3.450836
6.585371 7.034536 7.464602 7.742508 8.011176 8.630793 9.079325 8.440956 7.411504 6.516488 5.700379 4.59767 3.824181 4.068467 5.738925 7.498471 7.838306 6.485428 5.299914 5.363055 5.983226 6.778017 6.385094 6.170698 7.714483 8.279157 8.378713 7.112884 5.968791 4.898535 3.714956 2.967414 3.330364 3.719026 4.866169 5.676496 6.185291 6.83708 7.380212 7.384988 6.600194 5.951496 5.841125 5.543737 5.278788 5.25396 5.321439 5.228871 4.961836 4.838059 3.003248 2.457011 2.411767 5.414085 6.425453 6.447889 6.580173 6.977259 6.882031 5.439366 3.603371 2.962205 3.069262
6.946629 6.767451 7.033106 7.206934 7.098617 7.803562 9.37366 9.592618 8.747579 7.822019 6.711934 5.629445 4.324132 3.454253 4.599279 6.576468 8.024763 7.653532 6.12732 5.232845 5.246812 5.987834 5.915527 5.670602 7.079481 8.262816 8.848634 8.685104 7.539283 6.179514 5.044941 3.865471 3.639033 3.269108 3.786132 4.693399 5.504502 6.483212 7.174273 7.484645 7.147743 6.693381 6.522334 6.397863 5.987637 5.21713 4.969692 4.899355 4.683308 4.022082 2.632221 2.214365 3.430384 5.252929 6.135801 6.367201 6.528519 6.88002 7.090282 6.754392 5.121352 3.692836 3.287175
6.851051 6.223775 6.503879 6.943789 6.739399 7.266437 8.974555 9.395926 9.422328 8.717586 7.574304 6.591644 5.474907 3.866301 3.807017 5.621496 7.548862 8.021272 7.376243 5.941683 5.168103 5.480161 5.50277 5.437119 6.494894 7.780112 8.664861 9.141058 8.225153 7.018622 6.105408 5.871367 5.26525 4.625776 3.76234 3.975006 4.732318 5.560535 6.587463 7.411143 7.408405 7.173252 6.880557 6.973844 6.734351 6.263437 5.66365 4.928903 4.15172 3.023674 3.118805 2.360195 3.894346 5.187473 5.812606 6.16342 6.333717 6.876726 7.190889 7.233444 6.279695 4.829341 4.282621
6.648393 5.585721 5.581097 6.270887 6.263456 6.902828 7.9837 8.865343 9.224777 8.86893 7.660608 6.617239 5.853882 4.802462 3.839591 4.692079 6.51639 7.513742 7.671494 6.92473 5.609795 5.342988 5.281938 5.282082 6.1661 7.072672 8.015572 8.173639 7.884165 6.925257 6.179886 6.387927 6.811092 6.430947 5.08102 3.986764 4.224051 4.847971 5.654563 6.705956 7.073417 6.998529 6.798394 6.859831 7.046733 6.722872 6.244381 5.744312 4.138211 2.973926 3.376301 3.050424 3.140881 4.605524 5.62775 5.826011 6.065649 6.724975 7.142946 7.472201 6.763087 5.802785 5.190881
7.022702 5.351087 4.819591 5.569072 5.87674 6.597792 7.488641 8.583831 9.269902 9.470874 8.908849 7.427314 6.017826 5.0239 4.150879 4.226808 5.414264 6.459067 7.115549 7.146567 6.3141 5.519845 5.247245 5.194495 5.965196 6.503759 7.121624 7.461615 7.310641 6.615061 5.81804 5.954476 6.650187 6.964077 6.420055 5.128186 4.462575 4.609603 5.078106 5.978147 6.642045 6.638526 6.4905 6.553605 6.72024 6.507174 6.182385 5.978786 4.738238 3.12967 3.529015 3.394877 2.854728 3.384614 5.018137 5.444307 5.650264 6.19665 6.713425 7.461586 7.265863 6.534678 6.044497
7.730867 5.886583 4.414123 4.770112 5.885625 6.593946 6.974624 7.629191 8.749059 9.568794 9.685925 9.035768 7.624986 6.021449 4.666769 4.107641 4.673078 5.443455 6.228723 6.682156 6.473334 5.955744 5.420986 5.352688 6.116728 6.614741 6.838236 6.828592 6.770512 6.511869 6.001367 5.595741 5.868003 6.548226 6.642423 5.937439 5.102758 4.814226 5.000328 5.612485 6.250021 6.408186 6.245198 6.041695 6.212016 6.175905 5.975798 5.709184 5.049339 3.77303 3.552364 3.451885 3.131088 2.458723 3.992578 4.786956 5.183239 5.583756 6.282475 6.923375 7.317555 7.043239 6.67414
8.42012 6.853518 4.816934 4.341719 5.769318 6.687783 6.659229 6.824489 7.524896 8.234326 8.837486 9.226835 8.859885 7.632095 6.557436 5.218522 4.621669 5.004519 5.587864 5.972069 6.137302 6.03903 5.472745 5.474314 6.437397 7.084732 7.102122 6.464186 5.957977 6.09761 6.285243 6.105002 5.647282 5.792888 6.215562 6.068175 5.566384 5.14006 5.090422 5.383645 6.038275 6.362603 6.35718 5.952779 5.880871 5.803212 5.780974 5.630811 5.180022 4.406777 3.748919 3.32202 3.20433 2.826768 3.05174 3.916777 4.512433 5.002612 5.618256 6.459309 7.191362 7.200448 6.968083
8.491559 7.560603 5.410378 4.42173 5.710431 6.633422 6.786048 6.753235 6.839792 6.818681 7.191558 8.051439 8.558745 7.918575 7.484102 7.023804 5.731153 5.15031 5.148199 5.468994 5.435495 5.639493 5.308 5.439688 6.537389 7.420473 7.680349 6.763256 5.588991 5.337392 5.79837 6.238628 6.108855 5.786695 5.757556 5.87984 5.661555 5.288815 5.06004 5.20048 5.98377 6.409845 6.576811 6.431935 6.191621 5.916392 5.699768 5.966907 5.688415 5.057324 4.337827 3.780107 3.250459 3.150549 2.834325 2.925773 3.501173 4.10073 4.783595 5.674726 6.746625 7.272254 7.22234
7.941595 7.493875 6.102449 4.704509 5.548729 6.576534 6.918463 6.955512 6.970299 6.599317 6.085943 6.442065 7.453053 7.414506 7.171255 7.508747 6.995335 6.133244 5.466745 5.134976 4.941568 5.329615 5.045151 5.213442 6.480022 7.631733 7.731658 7.086304 5.867226 5.112632 5.26923 5.785661 6.284543 6.083825 5.939908 5.71598 5.575627 5.283205 4.928294 4.898503 5.725911 6.322701 6.557565 6.447026 6.349333 6.18117 5.731713 5.721055 5.855407 5.203062 4.886957 4.669909 3.56822 3.136021 3.107622 3.055482 2.876235 3.047141 3.512861 4.55759 5.831149 6.824295 7.190786
7.444343 6.969451 6.339513 5.146039 5.606009 6.424002 6.947732 6.907983 7.207417 7.456708 6.536622 5.716609 6.199331 6.478152 6.462762 7.158258 7.12246 6.793528 6.909146 5.801392 4.754384 4.78502 4.647261 4.819986 6.287503 7.347014 7.952531 7.319691 6.114815 5.306614 5.052521 5.346895 5.854764 6.211182 6.120253 5.939247 5.782557 5.433496 5.13986 4.84375 5.262176 5.807993 6.006227 6.07764 6.108748 6.084699 5.659197 5.672361 5.701893 5.146854 5.090878 5.18797 4.962243 3.93971 3.151226 3.23613 3.346071 3.074372 2.57037 3.083257 4.529132 5.934235 6.834589
