py_wake/examples/data/AJ_ParqueFicticio/Rough survey   Sector 3   Height 200m   Orographic turn.grd
DSAA
73  159
 258469   265669
 6501692   6517492
-16.79348   11.99736
[rows 27 to 53 of 159, columns 0 to 60 of 73]
.6150158 .5905249 .5709975 .5748686 .6193302 .6584564 .6761923 .6964969 .6984212 .6776754 .7236189 .8103729 .8910434 .9841432 1.02757 1.076535 1.094959 1.156699 1.186186 1.200736 1.220512 1.199674 1.273224 1.302548 1.338444 1.320475 1.267941 1.201053 1.22946 1.233295 1.238029 1.23876 1.233683 1.166407 1.123165 1.291054 1.410834 1.44509 1.503723 1.366067 1.33 1.781048 2.365087 3.327206 4.156466 4.806238 5.521148 6.11119 6.601908 6.881261 6.912147 6.90818 6.802071 6.367994 5.615473 5.086519 4.770525 4.394376 3.788001 3.041651 2.543858
.6242373 .5879772 .5903171 .5828013 .5938023 .62126 .624684 .655833 .6230043 .6360686 .6937597 .768136 .8554325 .9350376 .984614 1.002472 1.072896 1.137662 1.166611 1.171942 1.149611 1.140053 1.212244 1.255769 1.278363 1.289349 1.252519 1.243368 1.198987 1.218702 1.239594 1.225724 1.220116 1.182927 1.146555 1.094601 1.147132 1.338419 1.428983 1.490143 1.524593 1.698466 2.141605 2.864154 3.657111 4.347823 4.85764 5.401604 5.840484 6.10655 6.150687 6.135858 6.119601 5.860219 5.303614 4.758013 4.394644 4.094768 3.553001 2.860051 2.325836
.6257613 .6135128 .5929173 .5803934 .588343 .5894765 .5903187 .6341822 .6185929 .60629 .6445085 .7204761 .7828466 .8781791 .9399617 .9690912 1.024944 1.083302 1.104449 1.127021 1.081719 1.070867 1.135419 1.187758 1.218053 1.215004 1.177407 1.20008 1.178332 1.159642 1.127372 1.088094 1.047176 .9002978 .7240116 .7087665 .9359973 1.134335 1.269689 1.373107 1.370296 1.474638 1.860129 2.416856 3.047874 3.62244 4.009803 4.320761 4.633989 4.898068 5.060848 5.242919 5.398357 5.403549 5.056854 4.562929 4.198596 3.875617 3.348499 2.685236 2.099288
.6028979 .5886402 .6049417 .5740836 .5594406 .5838779 .5885341 .6263469 .6337639 .620282 .6309479 .6622485 .723458 .8656567 .8878016 .9287049 .9985467 1.051008 1.054587 1.0817 1.046501 1.049983 1.070213 1.135187 1.115099 1.119856 1.130146 1.105174 1.085949 1.031773 .9724929 .9104838 .7972087 .6862102 .6484308 .7251293 .8289022 .9179416 1.084129 1.1884 1.260585 1.304642 1.531346 1.912574 2.412223 2.820032 3.123591 3.296302 3.546767 3.804992 4.139893 4.503404 4.8302 5.068658 4.954555 4.677769 4.405492 3.990264 3.331755 2.598665 1.987881
.5908714 .5704637 .5758702 .554529 .5540107 .577948 .579708 .6101134 .603278 .6067321 .6083882 .636543 .6715335 .7961234 .8675799 .9132559 .9643171 1.026993 1.047291 1.040286 1.001791 1.023778 1.015141 1.035572 1.049514 1.055044 1.033342 1.023278 .9563482 .8711782 .8750881 .8832758 .8254639 .6800147 .6286847 .6459926 .7274949 .7758201 .9519165 1.144525 1.20986 1.208839 1.247536 1.466327 1.797904 2.133103 2.39659 2.633721 2.857535 3.30652 3.76141 4.203159 4.672307 5.076591 5.242875 5.219364 4.94321 4.35168 3.505416 2.615355 1.794917
.5383819 .541491 .5584043 .544971 .5592323 .5625983 .592595 .5955717 .5938745 .5975266 .5954107 .6177222 .6342753 .682427 .7610992 .8478452 .9123258 .9988332 1.016643 .9683693 .9570729 .977059 .972672 .9713804 .9981878 .9350659 .9304734 .8810601 .7998366 .7614386 .7712884 .7551373 .7072397 .6201358 .521625 .5129186 .5755965 .6491454 .8843107 1.103769 1.219228 1.209286 1.196276 1.175956 1.340986 1.619012 1.942709 2.248175 2.643107 3.1681 3.773441 4.387059 4.960965 5.475959 5.818982 5.892512 5.560418 4.73932 3.678872 2.471613 1.475298
.495346 .5373991 .541763 .5651539 .5749057 .5712279 .5788963 .5912028 .6000341 .5884222 .5892663 .6143649 .6059637 .6093673 .6809235 .7462716 .8452802 .959712 .9565922 .9585155 .9253098 .9563066 .9686493 .9367275 .9459792 .9095763 .8280941 .8031659 .7303895 .6881227 .6849534 .6474881 .5977244 .5093496 .3978279 .3239701 .3979631 .4595739 .7141355 .9622149 1.227141 1.380514 1.346737 1.126216 .9632992 1.135963 1.52601 1.947153 2.421634 3.058856 3.758869 4.472444 5.103867 5.678444 6.188327 6.343515 5.933615 4.921851 3.521202 2.035372 .8757738
.5088826 .5546827 .5643505 .5764818 .5854697 .6086596 .6115984 .6137459 .6236742 .6153932 .6117161 .5816953 .6003149 .5775368 .6067124 .7235167 .8414491 .9049608 .9050326 .8879585 .9238415 .9108458 .9325112 .900037 .8802803 .8126151 .7592371 .7121448 .6630763 .6592661 .6129742 .5516626 .5128118 .3820084 .2965363 .1526795 .2209147 .2762513 .4822396 .8293424 1.276293 1.579353 1.569329 1.211919 .7497676 .6084386 .9183539 1.367421 1.849959 2.413452 3.120476 3.891525 4.596284 5.341612 5.964432 6.233984 5.840666 4.567181 2.929815 1.332922 .243286
.5312547 .5817332 .58437 .614525 .6067057 .6231657 .6523703 .6242642 .619965 .6222712 .5939583 .5686458 .563705 .5758097 .6091028 .6953903 .7928215 .8989475 .8357382 .8466142 .8842398 .8860046 .8820752 .8511107 .8114454 .7370322 .6738205 .6409547 .5720485 .5469232 .5130368 .4361878 .363788 .2472628 .08439824 -.076839 -.1120346 -.05913017 .1371753 .5213161 1.165049 1.602102 1.691576 1.303117 .5631501 .005530622 .008828448 .3916138 .7979363 1.337175 1.977442 2.863058 3.733412 4.58188 5.324537 5.640195 5.244434 3.889168 2.129633 .5648312 -.4290968
.570362 .6079146 .5987777 .6231695 .637151 .631615 .6137022 .6197723 .6448573 .6350903 .6345341 .5848086 .5597928 .5694578 .6284828 .7024477 .7831224 .8770618 .9084171 .8317311 .8795952 .8408303 .8211049 .7932371 .7668768 .7011873 .6353754 .562639 .4777986 .4236524 .3897714 .3001481 .1771062 -.003141807 -.2183077 -.4255288 -.5731203 -.589219 -.4626696 -.06624702 .5122982 1.143684 1.442235 1.152168 .4116916 -.5330243 -.8821961 -.6099752 -.1357351 .4042751 1.179182 2.129857 3.185336 4.105116 4.795023 5.122737 4.615188 3.180064 1.346801 -.3260773 -1.258512
.5604382 .6055675 .6062018 .6232469 .6334977 .6289325 .6760619 .68547 .6750348 .6730268 .6548021 .6281706 .5830324 .586794 .6285734 .6825302 .7590599 .8490663 .9245951 .875953 .8280291 .784755 .757016 .7321649 .7549385 .656804 .5895497 .4704742 .3887823 .287719 .2021034 .106014 -.04635556 -.2385966 -.507391 -.8015629 -1.107991 -1.138517 -1.135831 -.9034013 -.3181238 .3419984 .8213811 .8050742 .2092014 -.7265186 -1.373273 -1.24335 -.6769634 .06671701 .99448 1.984096 3.052072 3.98949 4.643205 4.815113 4.216083 2.636837 .5059304 -1.275914 -2.324285
.5463703 .5954576 .6212573 .6384032 .6575059 .6595724 .6898192 .6841638 .6951371 .6943517 .7037318 .6886451 .6333593 .5778769 .6062331 .6533613 .7279611 .8088437 .8864655 .8728226 .7092561 .6823792 .6706137 .6613342 .6852061 .5900614 .499418 .3853 .2990344 .1756202 .05823287 -.03624437 -.2288918 -.4816228 -.7705294 -1.152293 -1.595696 -1.814513 -1.96356 -1.771908 -1.269363 -.6077627 .01818092 .2594518 -.05868427 -.8745088 -1.545779 -1.536698 -.9800619 -.1215425 .9469613 1.964661 2.929149 3.783976 4.416655 4.53287 3.847073 2.093477 -.1780232 -2.176048 -3.27142
.5697438 .6129183 .6588094 .6759905 .6838918 .718236 .6706837 .6998032 .7200872 .7290202 .7193257 .6863937 .5870151 .5473458 .5944464 .6264894 .7103783 .7719852 .8087598 .7141771 .5729787 .5850417 .5819404 .6040229 .5871732 .5268907 .4137722 .3095692 .2072713 .02843739 -.1110678 -.2525184 -.4409582 -.7116454 -1.000212 -1.513008 -2.070322 -2.495025 -2.759256 -2.599111 -2.20965 -1.621153 -.9669954 -.5172011 -.550557 -1.197611 -1.891074 -1.984453 -1.584527 -.8025147 .3010759 1.284403 2.185809 3.0207 3.702308 3.907321 3.34636 1.655805 -.5813115 -2.533513 -3.690511
.5611196 .6039217 .6717356 .7010176 .7033089 .6937465 .680065 .7153245 .7430502 .7422819 .7116273 .634535 .5569506 .5935565 .5991595 .6341896 .6679971 .6821809 .7016456 .6406177 .5474975 .5544325 .53141 .5309838 .5425149 .4425478 .3353807 .2030415 .04478982 -.1186648 -.2915757 -.4647654 -.6620231 -.9066901 -1.254285 -1.816708 -2.430657 -3.177064 -3.53109 -3.49098 -3.192312 -2.68535 -2.054596 -1.460729 -1.264765 -1.718683 -2.422054 -2.723932 -2.421812 -1.781799 -.9042389 .08732679 1.015151 1.936201 2.71572 3.184219 2.821039 1.436238 -.5536375 -2.334687 -3.461639
.5803832 .6677896 .7214965 .732171 .7049309 .7295687 .7327025 .747143 .7925861 .774599 .7135718 .6916009 .6463987 .6369128 .6145976 .6204095 .6249348 .6275238 .6373304 .5864398 .5831442 .577794 .5800099 .5472788 .4794031 .3404039 .2164032 .05425843 -.09793517 -.2585078 -.4502445 -.6343208 -.8538476 -1.123488 -1.472721 -2.005508 -2.838838 -3.730315 -4.15188 -4.19726 -3.892135 -3.469271 -2.851051 -2.203752 -1.877363 -2.153944 -2.751556 -3.098764 -2.964398 -2.467597 -1.733138 -.783491 .2193585 1.220625 2.184434 2.757863 2.653226 1.639919 .06240508 -1.444732 -2.575462
.6689442 .7507245 .8021097 .8423091 .8091174 .7553829 .7622859 .8048806 .829129 .8004996 .7703949 .750309 .743516 .6763179 .6230205 .6375428 .6074104 .6096689 .5825009 .574729 .5810566 .6004417 .6257209 .5607151 .3555589 .1653064 .05487048 -.0671275 -.2013031 -.3810729 -.5481799 -.7704725 -.9668489 -1.281883 -1.662724 -2.189952 -2.988587 -3.90047 -4.469946 -4.510436 -4.150763 -3.617831 -3.00661 -2.344013 -1.934024 -1.896433 -2.245848 -2.517146 -2.353128 -1.973201 -1.406444 -.6212276 .339637 1.379445 2.307528 2.860284 2.844693 2.077931 .9011881 -.3750404 -1.365842
.7448459 .8360368 .9292625 1.010681 .9360467 .8082631 .7614254 .8396264 .8775485 .8642173 .8352799 .7910751 .7103075 .6431558 .6233646 .6437894 .6372467 .6217498 .557545 .5611027 .5744684 .5927777 .5929152 .4823967 .3025639 .1405263 .01788181 -.1263814 -.2755046 -.4535581 -.6461923 -.8240332 -1.078612 -1.355539 -1.700405 -2.21193 -2.89568 -3.70869 -4.252677 -4.291596 -3.97217 -3.308765 -2.604544 -1.835052 -1.195259 -.8678613 -.861288 -1.035714 -.9367051 -.6293809 -.2256528 .4357015 1.253654 2.079582 2.783187 3.135874 3.029638 2.47362 1.659734 .6480853 -.08284751
.7831861 .8700873 .9717818 1.097344 1.060739 .9304541 .8260135 .8411527 .8426967 .8496289 .8239242 .7300771 .6276612 .5907234 .6332587 .6492362 .6828302 .6654549 .6175139 .5344384 .5606316 .5685792 .5639188 .5117123 .3753162 .2177249 .06169446 -.1059164 -.2675341 -.4971765 -.6669495 -.8166157 -1.082682 -1.345852 -1.630982 -2.054991 -2.670087 -3.296796 -3.789756 -3.867841 -3.535454 -2.832352 -1.992127 -1.15395 -.2930432 .2651888 .4039593 .3040355 .2797671 .5117868 .8895903 1.397244 1.965238 2.48936 2.910922 3.143417 3.074876 2.700233 2.167101 1.588148 1.012234
.8392513 .9112818 .9895642 1.12599 1.11201 .9896628 .8676504 .8840156 .8596772 .8212721 .7663524 .6760466 .6240276 .6229274 .6594199 .7004625 .7361788 .7264503 .6655979 .5719058 .5614964 .5932536 .608466 .5941017 .480634 .3265632 .1632538 .003597169 -.2217429 -.4311982 -.602338 -.7300905 -.9993203 -1.291987 -1.480667 -1.839777 -2.438192 -2.966398 -3.27809 -3.392421 -3.166065 -2.539756 -1.68966 -.860528 -.0691173 .3733116 .393508 .3169661 .3534935 .6281813 1.017202 1.383159 1.731815 2.054291 2.389434 2.759529 2.96646 2.847459 2.657251 2.270855 1.86846
.8751731 .9644165 1.045582 1.124439 1.112432 1.052035 .9785113 1.006267 .9676985 .8565777 .7588406 .705821 .6563314 .6754161 .7480758 .773331 .7713073 .753051 .6913886 .6007926 .606986 .6667731 .6911095 .6647013 .5257221 .3764755 .2994649 .1540243 -.04578203 -.2488685 -.4213538 -.5725411 -.8367891 -1.145067 -1.282327 -1.641134 -2.200003 -2.708614 -3.01273 -3.082633 -2.969654 -2.578254 -1.961742 -1.38095 -.8721499 -.5886995 -.4757969 -.4016469 -.1463783 .2029564 .5924616 .8823858 1.087522 1.335606 1.723357 2.301678 2.837226 3.129806 3.105629 2.89516 2.543888
.8982403 .993401 1.058571 1.180576 1.187913 1.137204 1.091227 1.120165 1.112745 .9799387 .7638239 .7073098 .6584745 .7132689 .7899083 .8093531 .7913949 .7584043 .7011908 .6604738 .719231 .7602962 .7435923 .6701141 .5497959 .5111549 .466543 .3583543 .1830834 .01688921 -.1942329 -.393259 -.6244104 -.9717196 -1.12199 -1.490332 -1.982386 -2.524734 -2.866237 -2.977659 -2.968086 -2.787534 -2.487029 -2.060381 -1.612144 -1.162784 -.8060432 -.4765749 -.07463031 .2479144 .4466698 .5368193 .6349086 .8795978 1.311641 1.969589 2.74009 3.315546 3.509054 3.544664 3.316332
.9524781 1.036729 1.110972 1.187618 1.2259 1.207273 1.196124 1.196429 1.224022 1.096634 .8446283 .7485008 .7135395 .7332148 .8155366 .8411392 .8403194 .7950356 .7361986 .7651911 .8158352 .8263779 .8217952 .8493828 .7886774 .7126777 .6936951 .5578502 .4063177 .2275739 .02229724 -.1165874 -.3875721 -.7522504 -.9456527 -1.296272 -1.776561 -2.288781 -2.693302 -2.88591 -2.89048 -2.810391 -2.566632 -2.167121 -1.638369 -.9958818 -.4490371 -.083051 .1758341 .3295446 .3338126 .350398 .5058257 .8584384 1.422899 2.084528 2.817952 3.404588 3.751793 4.041756 4.02394
1.038591 1.134872 1.199948 1.221101 1.2324 1.233222 1.244875 1.276088 1.26905 1.198614 1.0439 .8754844 .8214559 .8235798 .8371961 .883114 .8913301 .8857107 .870514 .831175 .8696374 .9302242 .9726834 1.00815 1.04877 .9385095 .8655695 .7841526 .6391387 .4770432 .2385078 .005524941 -.2579415 -.5169704 -.7104175 -1.044504 -1.496747 -1.966464 -2.427556 -2.61698 -2.647547 -2.537214 -2.270081 -1.910391 -1.316085 -.7252957 -.3667694 -.1579619 -.07655504 .01931689 .1458762 .3245876 .611423 1.196952 1.979824 2.70834 3.239067 3.657502 3.94561 4.269711 4.578052
1.08154 1.17682 1.245646 1.175049 1.18161 1.216557 1.266043 1.298579 1.276507 1.233504 1.121369 .9852986 .8964851 .8324888 .8429968 .8932859 .9210671 .9630266 .8923629 .8382209 .9131556 .9614505 1.022821 1.039213 1.002671 .9237834 .968001 .9276572 .8367774 .6939579 .4876608 .246505 .03885213 -.1424666 -.3516836 -.7057881 -1.181858 -1.59534 -2.027301 -2.276445 -2.376366 -2.329806 -2.096674 -1.828585 -1.468109 -1.067375 -.8744634 -.737191 -.5584057 -.2336442 .2248835 .6767653 1.01448 1.707187 2.666776 3.445247 3.868909 4.048965 4.09726 4.318696 4.736166
1.112555 1.174198 1.222281 1.186993 1.184262 1.228175 1.29401 1.297231 1.271729 1.199736 1.102303 .9637643 .8590041 .8314676 .8390993 .859051 .8579507 .8797009 .8620337 .8496857 .9198446 .9684902 .9915672 .9858965 .9365088 .9332727 1.008083 .9949389 .9319776 .8691962 .7806635 .635141 .3968593 .2551444 .08126847 -.2747031 -.7546651 -1.183181 -1.60321 -1.970413 -2.171828 -2.290498 -2.20728 -2.119627 -1.988617 -1.735703 -1.489533 -1.183525 -.7457776 -.06592789 .7147604 1.303489 1.64214 2.199293 3.158537 4.082087 4.48504 4.414316 4.204519 4.222522 4.612227
1.142489 1.190854 1.262258 1.242595 1.232942 1.251132 1.30421 1.317718 1.255088 1.186481 1.0699 .9608549 .8956788 .8624051 .8841559 .9005584 .86286 .8659927 .8753029 .8547453 .8929341 .9528741 .9169914 .8684404 .8712206 .9016248 .9471975 .9431112 .974682 1.009387 .9823771 .8052478 .6136801 .4856744 .4050491 .08990279 -.3868528 -.9509317 -1.390666 -1.688946 -2.029193 -2.320434 -2.411397 -2.433204 -2.36854 -2.0919 -1.705055 -1.261571 -.596717 .2842126 1.252622 1.915013 2.191492 2.493053 3.356768 4.443139 5.00154 4.814758 4.185075 3.925808 4.299147
1.174321 1.227325 1.25488 1.26092 1.252448 1.274395 1.285962 1.27131 1.214382 1.146162 1.05135 .9776324 .9263299 .9113019 .9384813 .967363 .9105399 .8696251 .8531466 .8564649 .7951749 .8536387 .8516141 .8078222 .8119766 .8370106 .8601068 .8998538 1.017905 1.095445 1.072453 .8548738 .5874402 .4311679 .3644747 .001882561 -.5602308 -.9805813 -1.494803 -1.820838 -2.012047 -2.317985 -2.596737 -2.677195 -2.565829 -2.208155 -1.698177 -1.169124 -.4008276 .5521067 1.605796 2.383839 2.631035 2.693663 3.341756 4.529676 5.318421 5.118424 4.271045 3.570603 3.770548
