py_wake/examples/data/AJ_ParqueFicticio/Rough survey   Sector 2   Height 200m   Orographic turn.grd
DSAA
73  159
 258469   265669
 6501692   6517492
-11.08718   14.85206
[rows 54 to 80 of 159, columns 0 to 61 of 73]
-.210621 -.1167272 -.08443066 .008748135 .1081679 .1838785 .1390754 .1003813 .01633439 -.07794147 -.1500507 -.2095747 -.2359517 -.2752796 -.2489208 -.2519693 -.3076727 -.2817295 -.2126714 -.1155633 -.07733196 -.1238604 -.1707649 -.1565668 -.0476233 .001558877 .001623546 .06453743 .2435824 .5661924 .8984183 1.182075 1.236199 1.376374 1.616024 1.841674 2.134021 2.319318 2.21031 2.232721 2.420871 2.857103 3.168978 3.511122 3.856357 4.283698 4.538615 4.71228 5.022307 5.497021 5.952316 6.178322 5.751486 4.788057 3.998406 3.909039 3.95684 3.788117 3.013937 1.954018 1.195825 .9483477
-.1353534 -.07517861 -.02228084 .100651 .1891028 .2011478 .1529143 .0702152 .0004579422 -.06839379 -.1193832 -.1732221 -.1905821 -.2441813 -.2700082 -.2804653 -.2800769 -.2669682 -.1569684 -.06540725 -.08234139 -.1557233 -.1597061 -.09190279 -.03664762 .008450105 -.005842716 -.04373304 .05380879 .4568259 .8367391 1.034764 1.005795 1.109703 1.287205 1.530289 1.780882 1.926707 1.779178 1.77325 2.132861 2.403165 2.859617 3.280046 3.769722 4.434553 4.878493 5.099783 5.369662 5.688752 6.116491 6.225633 5.67435 4.544859 3.664567 3.738239 4.100173 4.00302 3.079769 1.834681 .7999549 .6713121
-.06653872 -.05452762 .09628194 .1720297 .2593442 .1805536 .1316613 .03721383 .02368667 -.07366909 -.1152437 -.1994441 -.2193612 -.2146132 -.2881776 -.3085718 -.3035543 -.2700407 -.2113616 -.1273935 -.1936454 -.2154886 -.1390177 -.06933521 -.03307561 .01269191 -.01606768 -.07182562 .0393252 .4851289 .896163 .9617171 .9047838 .9147796 1.167476 1.44387 1.668336 1.687623 1.552126 1.602753 1.969513 2.157868 2.481512 2.95027 3.584044 4.324134 4.944739 5.261434 5.526722 5.842573 6.111183 6.107114 5.483033 4.281686 3.330669 3.53764 4.141646 4.188639 3.270189 1.801364 .5876315 .3196723
-.06769574 -.01226027 .1753718 .2442851 .2992349 .1756529 .08528743 .03815864 -.01782438 -.05975584 -.1129227 -.1757833 -.2338826 -.2908767 -.3101565 -.3037141 -.3124788 -.2731251 -.2077581 -.1640887 -.1745702 -.1728559 -.1073248 -.08511578 -.01501482 .07513569 .0853113 .08266591 .2753132 .7766288 1.171692 1.192941 1.050609 1.10366 1.318128 1.618158 1.866729 1.793484 1.717681 1.722791 1.962141 2.19755 2.510247 2.934077 3.573402 4.34636 4.939796 5.270333 5.624161 5.924887 6.083379 5.974824 5.285406 4.021732 3.098469 3.276009 3.907255 4.041489 3.200611 1.811038 .4981768 -.02074965
-.04852796 .09735504 .2703815 .3702313 .39839 .2585568 .110153 .04271612 .0001054272 -.02716577 -.0779026 -.1578687 -.1624282 -.1964579 -.229548 -.2681096 -.2721504 -.255316 -.2358155 -.1923456 -.1045954 -.1148808 -.0753008 -.06482902 -.01106215 .0693061 .1740782 .4011989 .8246568 1.379587 1.811325 1.786536 1.666423 1.611225 1.812552 2.093803 2.373161 2.310725 2.130758 2.077945 2.251848 2.42676 2.646965 3.084151 3.722578 4.437204 5.020801 5.400662 5.760046 6.030264 6.127291 5.909828 5.149648 3.993198 3.145095 3.287246 3.751557 3.794868 3.012297 1.702421 .3848995 -.2963156
-.0900721 .1496114 .4434594 .5448561 .4963722 .3546152 .1454296 .063735 .04128204 .0009251522 -.03290497 -.03832194 -.1111556 -.1393275 -.1624405 -.190842 -.2169631 -.1946862 -.1922652 -.124994 -.08713793 -.05176526 -.0109198 -.04176908 .03335175 .1254217 .3218988 .7296602 1.341115 2.07178 2.524068 2.587933 2.498853 2.458288 2.680216 2.891713 3.040201 2.970014 2.688109 2.539832 2.58531 2.642589 2.857294 3.203749 3.820308 4.463404 4.984263 5.485202 5.922029 6.236381 6.196067 5.862415 5.171092 4.181017 3.434335 3.401557 3.701711 3.702944 2.939732 1.600486 .2968549 -.4115645
-.1276974 .1736512 .507447 .5529422 .4731195 .3522294 .1705317 .06967624 .05867216 .05541563 .05070145 .03365172 -.0145483 -.0868858 -.09865287 -.1123449 -.1789559 -.1717884 -.1423187 -.0308112 .01498986 .05454434 .0467289 .01254808 .05147124 .0973429 .3783959 .8276851 1.485961 2.265286 2.831681 3.025331 3.081481 3.177502 3.437817 3.668499 3.742645 3.641192 3.35429 3.099858 3.069248 3.060262 3.136801 3.397379 3.839481 4.342907 4.792927 5.248033 5.804358 6.206925 6.172428 5.790661 5.136709 4.381179 3.700846 3.512914 3.675194 3.619052 2.895061 1.576816 .3103259 -.3124228
-.04119474 .2894924 .4539172 .4015733 .2949866 .2043075 .1243023 .0773505 .1314359 .1094832 .1084572 .08468226 .02933035 -.01022935 -.03274873 -.05762001 -.1198138 -.130959 -.05177746 .04181458 .1437685 .1450198 .1358444 .1070914 .1013708 .1956929 .4974771 .9709473 1.502975 2.240653 2.779543 3.064302 3.234659 3.42316 3.813889 4.105153 4.225827 4.115853 3.890806 3.655076 3.531564 3.449457 3.515035 3.661914 3.989342 4.305275 4.626223 5.001321 5.559269 5.970384 6.075984 5.804924 5.162059 4.452361 3.864726 3.656736 3.680971 3.520689 2.855321 1.669617 .5351359 -.04997254
.0193917 .3086349 .2723729 .2056644 .09720669 .02529844 -.009363032 .06751305 .1106353 .1392713 .1387243 .1163808 .0774131 .06029917 .03746149 -.0004479685 -.03936578 -.07025231 .06748026 .1400456 .2698245 .2444665 .245994 .1932926 .2238942 .3668498 .6548279 1.123536 1.645745 2.236846 2.667719 2.917977 3.090107 3.439988 3.911342 4.304958 4.488714 4.435397 4.249206 4.070981 3.868564 3.742048 3.737523 3.900172 4.162676 4.376391 4.611506 4.819765 5.193133 5.583714 5.705753 5.676197 5.267169 4.5575 3.951487 3.689241 3.688777 3.455168 2.858814 1.790066 .7831525 .2717704
.07118732 .2346185 .169437 .05061988 -.03495065 -.04225142 -.004041874 .1088554 .1562293 .1954469 .1827627 .1279454 .1310871 .1249868 .1131081 .1011746 .05043842 .06134566 .1298752 .2536364 .348679 .403877 .4260805 .4252067 .4644268 .7028087 .9672628 1.363916 1.909419 2.411429 2.767015 2.884425 3.054548 3.45197 3.952972 4.40289 4.602773 4.603891 4.50383 4.370744 4.166249 4.046037 4.026505 4.161018 4.362731 4.502388 4.615068 4.803424 4.968281 5.217762 5.377473 5.447348 5.316233 4.73067 4.104994 3.780773 3.776127 3.578559 3.029341 2.152777 1.209418 .6927819
.12057 .1850076 .08573613 .002387676 -.03822914 -.03923042 .07058103 .1721843 .2159469 .2077129 .2098095 .2009783 .1653692 .191935 .1559882 .154404 .09298253 .1541854 .2592805 .351124 .3914539 .5553359 .6306478 .691085 .8176285 1.027293 1.36282 1.833793 2.38132 2.787755 3.022143 3.075269 3.19747 3.53578 4.034087 4.42624 4.665418 4.679299 4.642924 4.523593 4.430888 4.345777 4.392798 4.578433 4.643878 4.676832 4.657415 4.799147 4.859074 4.876585 5.069048 5.216367 5.231339 4.788116 4.09101 3.670477 3.661322 3.647207 3.367654 2.712249 2.069333 1.597215
.1153286 .1581909 .05422917 -.03090395 -.04094809 .0107245 .1011339 .23815 .2591372 .1988781 .2228147 .2351317 .235012 .2508665 .1994434 .1937263 .1802034 .260963 .3142735 .3976508 .5360252 .7366478 .8709443 .9176182 1.099355 1.379605 1.815724 2.366543 2.930726 3.300981 3.485166 3.431301 3.55175 3.892927 4.293144 4.56491 4.746587 4.766485 4.71753 4.746017 4.631483 4.524733 4.649393 4.838592 4.932954 4.816617 4.707818 4.709662 4.688094 4.603442 4.654706 4.906378 4.894786 4.615507 4.043713 3.387632 3.147063 3.137367 3.111271 3.014425 2.750876 2.358936
.06335171 .1118621 .0225564 -.03847509 .01710808 .07844482 .1529595 .2274192 .1915557 .1569802 .2146296 .2157732 .2279914 .2377277 .2417567 .2348347 .2524562 .3508801 .369517 .4112246 .591287 .8666382 .9613506 1.054609 1.338652 1.667877 2.210856 2.800961 3.411004 3.766555 3.918371 3.917706 4.002566 4.271102 4.534185 4.717575 4.801886 4.753034 4.822207 4.855445 4.775464 4.751392 4.89222 5.080812 5.117507 4.978709 4.76283 4.735424 4.641197 4.458898 4.394922 4.50479 4.373435 3.929745 3.366384 2.783982 2.394129 2.341228 2.245878 2.369764 2.473225 2.379945
.08565439 .08170352 -.004602239 -.01524048 .005924602 .1604385 .2591297 .248334 .2489994 .212504 .2312486 .2490814 .245263 .2433256 .2696528 .3351378 .3848608 .4134457 .4331292 .5160387 .6831862 .8771493 .9741074 1.137974 1.481052 1.911182 2.490959 3.146916 3.729357 4.116271 4.32136 4.3529 4.389506 4.639748 4.773046 4.795144 4.836317 4.762001 4.79573 4.781771 4.839622 5.025684 5.164723 5.277527 5.286112 5.106191 4.907591 4.783653 4.647984 4.429792 4.395125 4.310425 3.955722 3.284314 2.579567 2.008071 1.736664 1.584872 1.590767 1.51547 1.566934 1.640029
.1317978 .0425315 -.03979751 .003632043 .08947932 .2475961 .3190274 .3172854 .3253435 .3001066 .2784218 .2899076 .2833735 .2700613 .3333993 .4319063 .4930945 .5166078 .5237297 .591158 .7119938 .8809979 .9760293 1.199565 1.558766 2.092424 2.686892 3.303652 3.902378 4.454077 4.727071 4.751308 4.742697 4.904531 5.035457 4.948244 4.871157 4.706913 4.592824 4.67246 4.665841 4.828364 5.054825 5.230821 5.224228 5.231833 5.257535 5.152363 5.003717 4.784968 4.70251 4.483357 3.929821 3.06102 2.14531 1.457728 1.179904 1.224313 1.361745 1.32954 1.183734 1.024107
.1776347 .06108092 -.03712421 -.007045008 .1887272 .3659692 .378682 .4100826 .4107436 .4260357 .4136474 .3761244 .32402 .3279919 .4966358 .6030754 .6573043 .6119605 .6003629 .6207346 .6812566 .7853951 .9629572 1.285845 1.727326 2.243358 2.72815 3.344891 3.996514 4.602256 5.027771 5.161687 5.129436 5.17542 5.225791 5.071265 4.852735 4.599631 4.372525 4.374669 4.340824 4.451082 4.666941 4.844364 4.885415 4.961154 5.183424 5.338344 5.385892 5.282083 5.281978 4.999424 4.339422 3.433752 2.368037 1.380159 .9629027 1.110148 1.323813 1.2916 1.006128 .6255082
.3106274 .1923509 .01520526 .08183736 .3097911 .4640211 .4287506 .4427196 .4992865 .508921 .543644 .5236039 .4468601 .4640814 .6041659 .7289229 .6901504 .6742704 .6580406 .680301 .6963387 .7456554 1.064341 1.452458 1.907138 2.285038 2.827467 3.352346 4.019069 4.717406 5.110401 5.320443 5.420102 5.379108 5.339442 5.123859 4.844437 4.482052 4.200398 4.106059 4.108993 4.162571 4.263515 4.320481 4.423607 4.497838 4.79457 5.041998 5.188277 5.432415 5.636858 5.521817 5.039545 4.202754 2.92229 1.696068 1.035448 1.037579 1.166445 1.115272 .7780554 .1814518
.3793551 .2781278 .1713926 .1848987 .4045105 .5098413 .4492249 .4869064 .5792443 .6296416 .6340033 .6056859 .5425749 .6004903 .6924355 .817172 .7583953 .7797624 .8039954 .7602398 .7865424 .8856772 1.280835 1.630166 2.086891 2.399051 2.904178 3.389058 4.072683 4.704022 5.140646 5.347122 5.376855 5.4207 5.347879 5.124702 4.788782 4.380206 4.174167 4.053355 4.054679 4.011127 3.961368 3.907525 3.971413 4.013349 4.128026 4.370533 4.592673 4.872147 5.157249 5.335701 5.122622 4.486744 3.434912 2.161823 1.322265 1.064791 1.042271 .8537325 .452032 -.1756056
.3354623 .2090192 .1575255 .292933 .4632252 .5279291 .4470949 .5310581 .6871646 .7705049 .7347205 .7115681 .7394161 .7815413 .8803236 .9274117 .9064764 .9130832 .9345946 .9055277 .9437587 1.129377 1.479688 1.881827 2.206964 2.543566 2.948645 3.458291 4.153314 4.772213 5.186412 5.363232 5.454894 5.391625 5.313531 5.153784 4.816978 4.458004 4.228844 4.140795 4.031975 3.869339 3.704686 3.653133 3.646466 3.608952 3.639756 3.707697 3.881634 3.97627 4.025934 4.084063 4.081552 3.940986 3.314729 2.28289 1.603043 1.283344 1.069069 .7754598 .2953714 -.4384515
.2387154 .1682284 .2426669 .3839538 .4917951 .5445105 .4675486 .6414283 .9006826 .8918176 .8928825 .8794032 .974471 1.014099 1.086657 1.080002 1.046128 1.085377 1.102601 1.114625 1.17261 1.429054 1.816525 2.195899 2.519461 2.811362 3.090523 3.603873 4.25234 4.879678 5.212142 5.289847 5.397989 5.326177 5.235649 5.122952 4.882561 4.603222 4.381127 4.173563 3.991373 3.712578 3.502375 3.464687 3.403338 3.398473 3.346059 3.408647 3.522666 3.510829 3.475428 3.356012 3.300147 3.17611 2.779318 2.101198 1.683037 1.603454 1.383624 1.023111 .4502916 -.4318995
.218128 .2020839 .2977153 .4413284 .584243 .5557677 .4497745 .7736045 1.074409 1.053567 1.072043 1.061348 1.119589 1.214753 1.250812 1.21523 1.174768 1.23602 1.279092 1.339344 1.43889 1.754077 2.13556 2.526809 2.840687 3.114468 3.406958 3.851417 4.542791 5.155913 5.419937 5.417833 5.327199 5.314819 5.227176 5.089368 4.931695 4.708906 4.562843 4.396349 4.102121 3.76199 3.551351 3.466163 3.375635 3.379634 3.335695 3.430404 3.566286 3.639483 3.58832 3.452098 3.297083 3.134867 2.680083 2.116251 1.905289 2.009203 1.966916 1.623936 1.008264 .1352187
.2819234 .2936666 .3269659 .4323204 .5457865 .4990631 .5517907 .9027479 1.190841 1.193094 1.185941 1.21044 1.248741 1.322985 1.274638 1.229877 1.289788 1.364319 1.425807 1.518038 1.684602 2.022055 2.477092 2.860143 3.190618 3.465658 3.793776 4.420771 5.151866 5.82125 6.026117 5.902449 5.671334 5.406086 5.251613 5.04049 4.900975 4.76691 4.664661 4.553975 4.366155 4.061604 3.866846 3.781202 3.642291 3.573109 3.671922 3.693141 3.895536 3.88977 3.86 3.837115 3.82989 3.636582 3.131433 2.651466 2.48822 2.599157 2.644583 2.328635 1.788772 .8648349
.3570438 .3660842 .3942696 .4505832 .5162509 .573387 .7160651 .9903307 1.231988 1.333794 1.326065 1.347705 1.376307 1.383663 1.335017 1.299854 1.401314 1.494413 1.559133 1.662935 1.908028 2.270992 2.695606 3.094143 3.459953 3.795916 4.215245 4.992939 5.840035 6.550845 6.693087 6.463149 6.067378 5.640953 5.317098 5.075594 4.93431 4.85785 4.685774 4.613116 4.41817 4.131686 4.063159 3.952452 3.914298 3.843902 3.83413 3.852198 3.937907 3.874265 3.784587 3.772658 3.850899 3.844819 3.541195 3.135797 3.041317 2.994802 3.045738 2.888341 2.272336 1.329288
.4384666 .4458482 .4658901 .4911371 .5869809 .7956753 .959305 1.173851 1.330958 1.445693 1.476202 1.487299 1.506111 1.534406 1.523562 1.597085 1.600091 1.663373 1.685875 1.870306 2.143478 2.470336 2.881526 3.27002 3.580597 3.979043 4.544227 5.426312 6.426498 7.147833 7.20383 6.858566 6.310032 5.838775 5.431596 5.182673 5.094139 4.933127 4.646234 4.611414 4.419065 4.093489 4.013953 3.953587 3.75626 3.4974 3.347345 3.237708 3.253665 3.244396 3.183673 3.222472 3.227918 3.151061 2.987709 2.78416 2.671016 2.521402 2.380325 2.20354 1.754831 .9016181
.5079547 .5198142 .5305004 .60152 .7233667 .9276397 1.139095 1.35422 1.473203 1.587811 1.63682 1.647343 1.652379 1.671044 1.723909 1.809505 1.831526 1.859971 1.889118 2.084593 2.373805 2.694581 3.123236 3.406524 3.613016 4.032639 4.688513 5.700016 6.722277 7.392733 7.482825 7.036943 6.390254 5.878637 5.412967 5.120374 4.955405 4.76658 4.42355 4.33401 4.170125 4.000555 3.9696 3.843682 3.515007 3.157359 2.689101 2.390734 2.288055 2.266532 2.308827 2.375328 2.346192 2.202312 1.979817 1.769068 1.449835 1.175617 .9040463 .6164988 .1265427 -.3880628
.5462576 .6167048 .6139114 .6531671 .7945914 1.073093 1.33504 1.553553 1.662229 1.734476 1.810452 1.824112 1.844125 1.876278 1.955918 1.987972 2.004555 2.016186 2.109363 2.355368 2.598336 2.974187 3.308009 3.557786 3.771198 4.154994 4.871359 5.861115 6.909722 7.606915 7.540215 7.031623 6.419466 5.82455 5.436084 5.127181 4.848346 4.507245 4.165719 4.000899 3.884933 3.85071 3.786115 3.620726 3.276272 2.922648 2.446504 1.987359 1.588878 1.407497 1.375122 1.423488 1.433206 1.389556 1.253147 .9995633 .6249643 .2195849 -.2726406 -.7946518 -1.351043 -1.924262
.5516998 .6361265 .6806862 .6863005 .9222932 1.206802 1.513957 1.649281 1.81902 1.927909 2.030317 2.041052 2.075668 2.131148 2.192664 2.184048 2.145559 2.192427 2.326827 2.582135 2.847474 3.221731 3.506122 3.769375 4.012658 4.480308 5.206644 6.197027 7.161567 7.673562 7.54464 6.934912 6.317211 5.778831 5.497119 5.144049 4.846198 4.324408 4.011113 3.897435 3.789948 3.684572 3.56209 3.355668 3.074687 2.659357 2.233686 1.744977 1.246837 .8458254 .7100847 .6718376 .7632278 .8388079 .8869029 .6826667 .3160444 -.2291364 -.9596252 -1.681474 -2.357175 -3.021552
