py_wake/examples/data/AJ_ParqueFicticio/Rough survey   Sector 2   Height 30m   Weibull-k.grd
DSAA
73  159
 258469   265669
 6501692   6517492
 .9785156   2.744141
[rows 0 to 27 of 159, columns 0 to 62 of 73]
2.080078 2.064453 2.064453 2.064453 2.064453 2.064453 2.060547 2.060547 2.060547 2.060547 2.056641 2.052734 2.052734 2.052734 2.052734 2.056641 2.064453 2.080078 2.107422 2.115234 2.138672 2.119141 2.107422 2.064453 2.017578 1.986328 2.056641 2.005859 2.005859 2.029297 2.029297 2.017578 2.033203 2.060547 2.099609 2.091797 2.064453 2.017578 2.021484 2.025391 2.025391 2.025391 2.025391 2.013672 2.013672 2.025391 2.029297 2.033203 2.033203 2.033203 2.037109 2.033203 2.029297 2.029297 2.021484 2.017578 2.013672 2.009766 2.009766 2.009766 2.005859 2.005859 2.009766
2.060547 2.056641 2.060547 2.064453 2.064453 2.064453 2.064453 2.060547 2.060547 2.060547 2.060547 2.056641 2.052734 2.052734 2.052734 2.056641 2.064453 2.083984 2.111328 2.130859 2.162109 2.146484 2.107422 2.068359 2.072266 2.052734 2.056641 2.005859 2.001953 2.017578 2.021484 2.021484 2.029297 2.052734 2.087891 2.091797 2.083984 2.037109 2.037109 2.041016 2.048828 2.052734 2.052734 2.033203 2.013672 2.017578 2.029297 2.041016 2.044922 2.044922 2.044922 2.037109 2.033203 2.025391 2.021484 2.017578 2.009766 2.009766 2.005859 2.001953 2.001953 2.001953 2.001953
2.072266 2.037109 2.056641 2.064453 2.064453 2.064453 2.064453 2.060547 2.060547 2.056641 2.072266 2.068359 2.056641 2.052734 2.048828 2.056641 2.064453 2.083984 2.119141 2.142578 2.162109 2.146484 2.107422 2.107422 2.056641 2.025391 2.056641 2.029297 2.005859 2.013672 2.017578 2.017578 2.021484 2.041016 2.076172 2.107422 2.134766 2.095703 2.083984 2.087891 2.095703 2.076172 2.064453 2.060547 2.033203 2.021484 2.029297 2.041016 2.052734 2.064453 2.068359 2.056641 2.037109 2.025391 2.021484 2.017578 2.009766 2.005859 2.001953 1.998047 1.994141 1.998047 1.998047
2.107422 2.064453 2.056641 2.060547 2.064453 2.064453 2.060547 2.056641 2.056641 2.052734 2.056641 2.076172 2.072266 2.052734 2.044922 2.048828 2.060547 2.076172 2.119141 2.146484 2.154297 2.142578 2.076172 2.083984 2.064453 2.072266 2.056641 2.033203 2.013672 2.021484 2.025391 2.005859 2.009766 2.037109 2.052734 2.080078 2.126953 2.111328 2.130859 2.142578 2.123047 2.107422 2.064453 2.060547 2.056641 2.033203 2.041016 2.048828 2.056641 2.072266 2.091797 2.052734 2.041016 2.029297 2.021484 2.013672 2.009766 2.001953 1.994141 1.990234 1.990234 1.990234 1.990234
2.107422 2.107422 2.056641 2.048828 2.056641 2.060547 2.060547 2.052734 2.048828 2.048828 2.044922 2.052734 2.068359 2.056641 2.041016 2.044922 2.052734 2.072266 2.123047 2.162109 2.150391 2.103516 2.033203 2.037109 2.025391 2.044922 2.044922 2.025391 2.013672 2.009766 2.009766 2.001953 2.005859 2.025391 2.017578 2.017578 2.025391 2.017578 2.044922 2.119141 2.107422 2.107422 2.044922 2.041016 2.068359 2.087891 2.091797 2.068359 2.072266 2.083984 2.107422 2.072266 2.056641 2.041016 2.029297 2.017578 2.005859 1.998047 1.990234 1.982422 1.978516 1.978516 1.982422
2.107422 2.107422 2.107422 2.056641 2.037109 2.060547 2.052734 2.041016 2.037109 2.037109 2.037109 2.041016 2.056641 2.041016 2.037109 2.033203 2.041016 2.056641 2.130859 2.166016 2.154297 2.103516 2.033203 2.021484 2.013672 2.021484 2.013672 2.013672 2.001953 1.990234 1.982422 1.966797 1.978516 1.978516 1.978516 1.966797 1.939453 1.947266 1.990234 2.107422 2.107422 2.095703 2.025391 2.021484 2.029297 2.107422 2.107422 2.072266 2.068359 2.083984 2.099609 2.107422 2.107422 2.076172 2.041016 2.021484 2.001953 1.990234 1.978516 1.970703 1.966797 1.962891 1.974609
2.107422 2.107422 2.107422 2.107422 2.076172 2.044922 2.037109 2.044922 2.044922 2.044922 2.048828 2.048828 2.041016 2.037109 2.041016 2.037109 2.021484 2.033203 2.056641 2.138672 2.150391 2.107422 2.037109 2.021484 2.009766 2.017578 2.005859 1.998047 1.994141 1.986328 1.978516 1.970703 1.982422 1.986328 1.982422 1.978516 1.966797 1.951172 1.962891 2.044922 2.041016 2.009766 2.013672 2.029297 2.076172 2.107422 2.091797 2.052734 2.048828 2.072266 2.091797 2.107422 2.107422 2.107422 2.076172 2.025391 2.001953 1.982422 1.966797 1.955078 1.943359 1.947266 1.955078
2.107422 2.107422 2.107422 2.107422 2.107422 2.103516 2.056641 2.056641 2.056641 2.060547 2.064453 2.060547 2.048828 2.048828 2.048828 2.041016 2.021484 2.013672 2.017578 2.060547 2.080078 2.072266 2.033203 2.029297 2.033203 2.025391 2.009766 2.001953 1.998047 1.990234 1.990234 1.990234 1.990234 1.990234 1.986328 1.982422 1.978516 1.978516 1.982422 1.986328 1.974609 1.978516 1.998047 2.056641 2.107422 2.095703 2.072266 2.029297 2.041016 2.099609 2.107422 2.107422 2.107422 2.107422 2.107422 2.025391 1.998047 1.974609 1.951172 1.919922 1.916016 1.931641 1.943359
2.107422 2.107422 2.107422 2.107422 2.107422 2.107422 2.091797 2.072266 2.068359 2.080078 2.083984 2.076172 2.064453 2.068359 2.072266 2.052734 2.025391 1.998047 1.994141 1.990234 2.009766 2.013672 2.005859 2.048828 2.048828 2.052734 2.021484 2.005859 2.005859 2.005859 2.005859 2.001953 1.998047 1.994141 1.986328 1.978516 1.970703 1.974609 1.974609 1.955078 1.919922 1.935547 1.982422 2.076172 2.107422 2.025391 2.013672 2.021484 2.025391 2.048828 2.095703 2.107422 2.107422 2.107422 2.091797 2.021484 1.994141 1.970703 1.935547 1.900391 1.884766 1.896484 1.935547
2.107422 2.107422 2.107422 2.107422 2.107422 2.107422 2.060547 2.048828 2.072266 2.107422 2.107422 2.099609 2.076172 2.095703 2.107422 2.099609 2.041016 2.009766 1.982422 1.966797 1.958984 1.951172 1.958984 1.958984 2.001953 2.052734 2.044922 2.021484 2.025391 2.025391 2.021484 2.013672 2.009766 2.001953 1.994141 1.994141 1.982422 1.958984 1.955078 1.935547 1.869141 1.787109 1.849609 1.958984 1.990234 1.982422 1.998047 2.025391 2.025391 2.025391 2.052734 2.107422 2.107422 2.060547 2.005859 2.009766 1.994141 1.970703 1.935547 1.919922 1.908203 1.900391 1.978516
2.107422 2.107422 2.107422 2.107422 2.111328 2.111328 2.107422 2.072266 2.083984 2.115234 2.107422 2.107422 2.072266 2.107422 2.107422 2.107422 2.103516 2.017578 2.001953 1.978516 1.947266 1.939453 1.923828 1.919922 1.916016 1.970703 2.009766 2.041016 2.033203 2.033203 2.041016 2.033203 2.021484 2.013672 2.009766 2.001953 1.986328 1.970703 1.943359 1.935547 1.916016 1.892578 1.884766 1.861328 1.787109 1.880859 1.939453 1.990234 2.009766 2.017578 2.021484 2.107422 2.103516 1.982422 1.966797 1.986328 1.998047 1.986328 1.986328 1.978516 1.982422 1.990234 1.998047
2.107422 2.107422 2.107422 2.115234 2.107422 2.111328 2.107422 2.107422 2.134766 2.123047 2.107422 2.103516 2.044922 2.064453 2.107422 2.107422 2.107422 2.107422 2.017578 2.001953 1.974609 1.931641 1.900391 1.912109 1.923828 1.916016 1.990234 2.033203 2.029297 2.060547 2.064453 2.048828 2.037109 2.025391 2.025391 2.013672 1.994141 1.982422 1.955078 1.943359 1.939453 1.935547 1.916016 1.876953 1.791016 1.783203 1.853516 1.861328 1.923828 1.958984 1.947266 2.005859 1.978516 1.947266 1.923828 1.947266 1.966797 1.998047 2.009766 2.044922 2.072266 2.091797 2.001953
2.115234 2.115234 2.111328 2.111328 2.107422 2.107422 2.107422 2.107422 2.154297 2.134766 2.107422 2.107422 2.107422 2.048828 2.060547 2.052734 2.044922 2.107422 2.107422 2.056641 1.998047 1.966797 1.919922 1.919922 1.927734 1.935547 1.923828 1.978516 2.025391 2.068359 2.064453 2.056641 2.048828 2.037109 2.033203 2.021484 2.001953 1.990234 1.974609 1.955078 1.943359 1.947266 1.931641 1.880859 1.806641 1.837891 1.861328 1.900391 1.916016 1.919922 1.884766 1.830078 1.849609 1.849609 1.857422 1.837891 1.849609 1.857422 1.916016 1.994141 2.052734 2.060547 1.958984
2.115234 2.111328 2.107422 2.107422 2.107422 2.107422 2.107422 2.111328 2.177734 2.181641 2.130859 2.107422 2.107422 2.119141 2.119141 2.037109 2.037109 2.060547 2.107422 2.107422 2.107422 2.009766 1.947266 1.931641 1.939453 1.943359 1.947266 1.958984 1.998047 2.021484 2.033203 2.041016 2.037109 2.037109 2.021484 2.013672 2.001953 1.998047 1.990234 1.982422 1.958984 1.943359 1.935547 1.873047 1.794922 1.794922 1.814453 1.818359 1.857422 1.822266 1.779297 1.705078 1.712891 1.580078 1.357422 .9785156 2.107422 2.107422 2.107422 1.630859 1.365234 1.634766 1.763672
2.115234 2.111328 2.107422 2.107422 2.107422 2.107422 2.107422 2.111328 2.150391 2.169922 2.119141 2.107422 2.107422 2.111328 2.111328 2.107422 2.099609 2.107422 2.103516 2.107422 2.107422 2.072266 2.017578 1.962891 1.939453 1.951172 1.962891 1.978516 1.994141 2.009766 2.017578 2.029297 2.041016 2.041016 2.021484 1.998047 1.998047 1.998047 2.005859 2.009766 1.994141 1.966797 1.931641 1.880859 1.869141 1.833984 1.869141 1.830078 1.708984 1.666016 1.666016 1.611328 1.439453 1.185547 .9785156 1.666016 2.107422 2.107422 2.107422 1.783203 1.783203 1.783203 1.615234
2.115234 2.107422 2.107422 2.107422 2.107422 2.107422 2.107422 2.115234 2.126953 2.138672 2.115234 2.107422 2.107422 2.111328 2.115234 2.115234 2.111328 2.111328 2.107422 2.107422 2.107422 2.107422 2.107422 2.064453 1.986328 1.939453 1.962891 1.982422 1.994141 2.009766 2.017578 2.029297 2.060547 2.107422 2.029297 1.958984 1.951172 1.986328 2.009766 2.068359 2.041016 2.001953 1.951172 1.916016 1.927734 1.939453 1.904297 1.853516 1.732422 1.587891 1.583984 1.583984 1.494141 1.373047 1.595703 2.107422 2.107422 1.251953 1.291016 1.400391 1.783203 1.783203 1.783203
2.111328 2.107422 2.107422 2.107422 2.107422 2.107422 2.111328 2.115234 2.126953 2.126953 2.119141 2.115234 2.119141 2.119141 2.115234 2.119141 2.123047 2.107422 2.107422 2.107422 2.107422 2.107422 2.107422 2.107422 2.107422 2.013672 1.955078 1.974609 1.994141 2.009766 2.005859 2.029297 2.107422 2.107422 2.021484 2.005859 1.978516 1.982422 2.017578 2.107422 2.068359 2.009766 1.966797 1.939453 1.947266 1.970703 1.970703 1.923828 1.728516 1.466797 1.408203 1.552734 1.740234 1.861328 1.876953 1.880859 1.865234 1.873047 1.857422 1.861328 1.826172 1.763672 1.740234
2.111328 2.107422 2.107422 2.107422 2.107422 2.107422 2.111328 2.115234 2.123047 2.123047 2.119141 2.119141 2.123047 2.111328 2.107422 2.107422 2.107422 2.107422 2.107422 2.107422 2.107422 2.107422 2.107422 2.107422 2.107422 2.107422 2.099609 2.013672 2.001953 2.001953 2.021484 2.107422 2.107422 2.107422 2.013672 2.029297 2.017578 2.021484 2.107422 2.107422 2.107422 2.107422 2.017578 1.923828 1.900391 1.908203 1.966797 2.001953 1.943359 1.912109 1.927734 1.970703 2.013672 2.017578 2.009766 1.982422 1.943359 1.931641 1.931641 1.923828 1.896484 1.857422 1.841797
2.111328 2.111328 2.107422 2.107422 2.107422 2.107422 2.111328 2.115234 2.119141 2.119141 2.115234 2.115234 2.119141 2.107422 2.107422 2.107422 2.107422 2.107422 2.107422 2.107422 2.107422 2.107422 2.107422 2.107422 2.107422 2.107422 2.107422 2.115234 2.103516 2.025391 2.060547 2.162109 2.138672 2.107422 2.044922 2.080078 2.052734 2.076172 2.177734 2.162109 2.107422 2.107422 2.107422 2.107422 2.072266 2.033203 2.029297 2.029297 1.998047 1.990234 1.998047 2.009766 2.017578 2.005859 1.994141 1.966797 1.951172 1.916016 1.900391 1.904297 1.908203 1.900391 1.900391
2.115234 2.111328 2.111328 2.107422 2.107422 2.107422 2.111328 2.115234 2.119141 2.119141 2.115234 2.119141 2.119141 2.107422 2.107422 2.107422 2.107422 2.107422 2.107422 2.107422 2.107422 2.107422 2.107422 2.107422 2.107422 2.107422 2.115234 2.126953 2.130859 2.130859 2.162109 2.205078 2.173828 2.107422 2.107422 2.103516 2.107422 2.107422 2.248047 2.212891 2.107422 2.107422 2.107422 2.107422 2.107422 2.107422 2.107422 2.076172 2.025391 2.033203 2.056641 2.048828 2.017578 1.998047 1.986328 1.966797 1.943359 1.923828 1.908203 1.880859 1.884766 1.904297 1.935547
2.111328 2.111328 2.115234 2.111328 2.107422 2.111328 2.111328 2.115234 2.119141 2.115234 2.111328 2.111328 2.111328 2.107422 2.107422 2.107422 2.107422 2.107422 2.107422 2.107422 2.107422 2.107422 2.107422 2.107422 2.107422 2.107422 2.107422 2.115234 2.111328 2.130859 2.158203 2.142578 2.177734 2.107422 2.107422 2.107422 2.107422 2.150391 2.240234 2.251953 2.123047 2.107422 2.107422 2.107422 2.107422 2.107422 2.107422 2.107422 2.060547 2.107422 2.107422 2.107422 2.029297 2.013672 1.986328 1.958984 1.923828 1.900391 1.873047 1.853516 1.857422 1.904297 1.955078
2.107422 2.107422 2.111328 2.111328 2.107422 2.111328 2.111328 2.115234 2.115234 2.111328 2.107422 2.107422 2.107422 2.107422 2.107422 2.107422 2.107422 2.107422 2.107422 2.107422 2.107422 2.107422 2.107422 2.107422 2.107422 2.107422 2.107422 2.107422 2.107422 2.146484 2.119141 2.107422 2.029297 2.041016 2.107422 2.107422 2.107422 2.134766 2.259766 2.240234 2.154297 2.107422 2.107422 2.107422 2.107422 2.107422 2.107422 2.107422 2.107422 2.107422 2.107422 2.107422 2.083984 2.029297 2.005859 1.974609 1.931641 1.892578 1.857422 1.818359 1.833984 1.904297 1.955078
2.107422 2.107422 2.107422 2.107422 2.107422 2.111328 2.111328 2.111328 2.115234 2.111328 2.107422 2.107422 2.107422 2.107422 2.107422 2.107422 2.107422 2.107422 2.107422 2.107422 2.107422 2.107422 2.107422 2.107422 2.107422 2.107422 2.107422 2.107422 2.111328 2.146484 2.111328 2.107422 2.091797 2.072266 2.115234 2.107422 2.107422 2.146484 2.240234 2.244141 2.146484 2.107422 2.107422 2.107422 2.107422 2.107422 2.107422 2.107422 2.107422 2.107422 2.107422 2.107422 2.107422 2.056641 2.025391 1.998047 1.951172 1.904297 1.876953 1.841797 1.861328 1.912109 1.955078
2.107422 2.107422 2.111328 2.111328 2.111328 2.111328 2.111328 2.111328 2.111328 2.107422 2.107422 2.107422 2.107422 2.107422 2.107422 2.107422 2.107422 2.107422 2.107422 2.107422 2.107422 2.107422 2.107422 2.107422 2.107422 2.107422 2.107422 2.107422 2.115234 2.138672 2.111328 2.107422 2.115234 2.103516 2.150391 2.107422 2.107422 2.130859 2.197266 2.212891 2.154297 2.107422 2.107422 2.107422 2.107422 2.107422 2.107422 2.107422 2.107422 2.107422 2.107422 2.107422 2.107422 2.064453 2.041016 2.009766 1.958984 1.912109 1.876953 1.876953 1.896484 1.931641 1.966797
2.107422 2.111328 2.111328 2.111328 2.111328 2.111328 2.111328 2.111328 2.111328 2.107422 2.107422 2.107422 2.107422 2.107422 2.107422 2.107422 2.107422 2.107422 2.107422 2.107422 2.107422 2.107422 2.107422 2.107422 2.107422 2.107422 2.107422 2.107422 2.126953 2.146484 2.115234 2.107422 2.107422 2.130859 2.185547 2.107422 2.107422 2.107422 2.142578 2.166016 2.169922 2.107422 2.107422 2.107422 2.107422 2.107422 2.107422 2.107422 2.107422 2.107422 2.107422 2.107422 2.107422 2.056641 2.037109 2.013672 1.958984 1.908203 1.880859 1.900391 1.927734 1.962891 1.978516
2.107422 2.111328 2.111328 2.111328 2.111328 2.111328 2.111328 2.107422 2.107422 2.111328 2.107422 2.107422 2.107422 2.107422 2.107422 2.107422 2.107422 2.107422 2.107422 2.107422 2.107422 2.107422 2.107422 2.107422 2.107422 2.107422 2.111328 2.123047 2.126953 2.138672 2.115234 2.107422 2.107422 2.126953 2.216797 2.115234 2.107422 2.107422 2.115234 2.150391 2.189453 2.134766 2.107422 2.107422 2.107422 2.107422 2.107422 2.107422 2.107422 2.107422 2.107422 2.107422 2.107422 2.037109 2.013672 2.001953 1.955078 1.884766 1.880859 1.904297 1.955078 1.986328 2.013672
2.111328 2.115234 2.115234 2.111328 2.111328 2.111328 2.107422 2.107422 2.107422 2.111328 2.111328 2.107422 2.107422 2.107422 2.107422 2.107422 2.107422 2.107422 2.107422 2.107422 2.107422 2.107422 2.107422 2.107422 2.107422 2.107422 2.123047 2.130859 2.111328 2.123047 2.107422 2.107422 2.107422 2.123047 2.189453 2.126953 2.107422 2.107422 2.111328 2.162109 2.193359 2.166016 2.107422 2.107422 2.107422 2.107422 2.107422 2.107422 2.107422 2.107422 2.107422 2.107422 2.107422 2.033203 1.990234 1.974609 1.923828 1.892578 1.869141 1.896484 1.962891 2.005859 2.107422
2.115234 2.115234 2.115234 2.115234 2.111328 2.111328 2.107422 2.107422 2.111328 2.115234 2.111328 2.111328 2.107422 2.107422 2.107422 2.107422 2.107422 2.107422 2.107422 2.107422 2.107422 2.107422 2.107422 2.107422 2.107422 2.107422 2.111328 2.115234 2.107422 2.107422 2.107422 2.107422 2.107422 2.111328 2.162109 2.111328 2.107422 2.107422 2.107422 2.146484 2.173828 2.158203 2.111328 2.107422 2.107422 2.107422 2.107422 2.107422 2.107422 2.107422 2.107422 2.107422 2.107422 2.048828 1.994141 1.943359 1.876953 1.873047 1.876953 1.923828 1.974609 2.033203 2.107422
