py_wake/examples/data/AJ_ParqueFicticio/Rough survey   Sector 5   Height 30m   Orographic turn.grd
DSAA
73  159
 258469   265669
 6501692   6517492
-42.02754   86.78766
[rows 0 to 26 of 159, columns 0 to 60 of 73]
-.1896922 -.7677387 -.9383987 -1.015306 -1.090739 -1.197569 -1.305472 -1.395893 -1.462575 -1.557205 -1.71481 -1.830404 -1.915038 -1.863005 -1.74732 -1.475321 -1.072107 -.6127303 .1355093 1.412918 4.091849 3.465658 1.207938 -2.293725 -3.782028 -5.255898 -.4482499 -3.346161 -3.392061 -2.053995 -1.982452 -2.741832 -1.884162 -.3402078 1.397734 1.112106 -.3489777 -3.562585 -3.11676 -2.95304 -3.210975 -3.815869 -4.237337 -5.453688 -5.118504 -4.399093 -3.989579 -3.76247 -3.685725 -3.696177 -3.708858 -3.877142 -4.014416 -4.302717 -4.584589 -4.827155 -5.067189 -5.217407 -5.228614 -5.0452 -4.87921
-1.108725 -1.333424 -1.126744 -1.054691 -1.110133 -1.221108 -1.310446 -1.468445 -1.510453 -1.53005 -1.614534 -1.790906 -1.893338 -1.939699 -1.802108 -1.452237 -1.024425 -.4146206 .5017641 2.476584 4.997923 4.031039 .5067459 -2.4176 -2.030401 -.8889248 -.5592078 -4.15876 -3.860403 -2.905607 -2.633135 -2.604177 -2.181422 -.7857368 1.324487 1.411705 .5773678 -2.191872 -1.929783 -1.725115 -1.675205 -1.965026 -2.509727 -3.907266 -4.758648 -4.388937 -3.639508 -3.083724 -3.16569 -3.191887 -3.304309 -3.81847 -4.078171 -4.527892 -4.852738 -5.098301 -5.375403 -5.531965 -5.495176 -5.453641 -5.274386
-1.121066 -2.127947 -1.260723 -1.13318 -1.247223 -1.353977 -1.460211 -1.560905 -1.662755 -1.738003 -1.435958 -1.620705 -2.044963 -2.212423 -2.082667 -1.555913 -.9856188 -.3259219 .7289152 2.853928 4.377718 3.135917 -.5567116 -1.660944 -3.197669 -2.184329 -.6128909 -2.480397 -3.825293 -3.264349 -2.903435 -3.123657 -2.923633 -1.649747 .7712824 2.51305 3.031934 .3243575 -.1352424 -.02248732 .02042786 -.9064419 -1.913888 -2.826825 -3.472171 -4.061175 -3.653064 -3.061006 -2.769124 -2.379696 -2.672688 -3.425537 -4.194639 -4.601171 -4.918283 -5.25179 -5.580397 -5.847991 -5.995991 -5.986365 -5.875923
-.1355949 -1.326355 -1.296441 -1.367398 -1.421319 -1.497365 -1.704697 -1.877096 -1.991345 -2.089469 -1.967894 -1.509113 -1.823195 -2.419907 -2.701605 -1.789732 -1.176799 -.405633 .7375838 2.787871 3.438327 1.952102 -.9392382 -1.432874 -2.725765 -.312203 -.4027698 -2.269089 -3.409278 -3.027015 -2.697356 -3.947057 -4.015314 -2.16024 -.8767282 1.188349 3.435108 1.341189 2.06878 2.814795 2.256969 -.2096382 -2.235783 -2.654796 -3.225816 -3.242722 -2.749193 -2.734479 -2.599021 -2.188732 -2.021069 -3.319076 -3.759069 -4.450356 -4.959709 -5.449482 -5.946609 -6.377681 -6.654747 -6.718856 -6.587232
.6429229 .03187036 -1.721548 -2.103363 -1.834453 -1.763829 -2.0357 -2.445563 -2.536738 -2.517877 -2.67458 -2.199414 -2.120809 -2.743239 -3.15304 -2.248466 -1.443296 -.4920602 .9533056 3.755843 2.764876 .766021 -2.134989 -2.933963 -4.328097 -1.47967 -1.148293 -2.360583 -3.513737 -3.827535 -3.847392 -4.577247 -4.718505 -3.291898 -3.742126 -3.825876 -2.905636 -2.635108 -1.447445 1.994391 2.893058 -.9274602 -3.646894 -3.233663 -2.097919 -.6953782 -1.095033 -2.042627 -1.953101 -1.603985 -.9908372 -2.326271 -2.962875 -3.830625 -4.671537 -5.528103 -6.359209 -6.997941 -7.501443 -7.744234 -7.702824
.639824 1.222347 -.04746374 -2.169037 -2.766015 -1.973737 -2.860604 -3.373298 -3.452446 -3.371002 -3.248205 -2.881144 -2.612505 -3.534994 -3.383621 -3.338526 -2.143208 -.8783474 1.627012 3.303934 2.727469 .8896737 -1.705035 -3.466935 -5.231508 -3.701889 -2.732108 -3.150021 -4.004399 -4.943337 -6.040609 -7.857546 -6.808319 -7.243832 -7.259669 -8.323657 -12.27604 -11.73477 -7.523256 -1.465185 -.1026368 -3.878548 -5.215984 -4.29132 -3.525831 -1.01585 -1.331163 -2.146542 -1.981905 -1.134974 -.8428865 -.5348986 -1.570551 -2.802503 -4.265333 -5.689302 -6.899713 -7.866074 -8.700679 -9.212008 -9.334955
1.220241 1.860227 2.08885 .8243303 -1.503523 -2.559178 -3.428597 -2.810157 -2.584827 -2.639791 -2.514863 -2.665704 -3.092303 -3.375283 -3.288413 -3.406132 -3.628885 -2.12155 -.6820832 2.461365 2.507301 .9389306 -1.555456 -2.914122 -5.242134 -4.281975 -4.014338 -4.048439 -4.528455 -5.263483 -6.213203 -7.764867 -7.422242 -6.4094 -6.603821 -7.088347 -8.732021 -11.40193 -10.40496 -2.561511 -3.730286 -6.545979 -5.473698 -3.567925 -1.760381 -1.668736 -2.332093 -2.977753 -2.336998 -1.109924 -.8558655 -.7659537 -.2505874 -.851312 -3.582827 -5.867094 -7.542684 -8.950109 -10.32161 -11.47552 -12.17761
1.451252 1.699267 1.756569 1.581681 1.833087 -.4139975 -1.964228 -2.015573 -1.818173 -1.751411 -1.643714 -1.864644 -2.62161 -2.98941 -3.070701 -3.586252 -4.587345 -4.087508 -2.747998 -.2830176 .6049169 .2210714 -1.656422 -1.862145 -3.250824 -3.776424 -4.40728 -4.525436 -4.570523 -5.067398 -5.072455 -5.710835 -6.184669 -6.377418 -6.797317 -7.151132 -7.488659 -7.899756 -7.160605 -5.316718 -8.732338 -9.147424 -6.836412 -3.085261 -1.503411 -2.591832 -2.36274 -3.667263 -1.834661 .1920405 -.02007642 -.7931437 -.3577423 -1.118573 -3.02458 -6.45578 -8.371071 -10.11836 -12.23673 -15.20999 -15.57251
1.645736 1.806731 1.699507 1.210069 .6625475 -.1109339 -1.246127 -1.423038 -1.175554 -.7846901 -1.036001 -1.450693 -2.143346 -2.177979 -2.422667 -3.44145 -4.763798 -6.466465 -5.852022 -4.985909 -3.676147 -2.969268 -3.384692 -1.076101 -2.082949 -2.817023 -4.559815 -4.600868 -4.294518 -4.384984 -3.983127 -4.850609 -5.745899 -6.589194 -7.480075 -8.003347 -9.370207 -8.934449 -8.780356 -10.7872 -15.19604 -13.88131 -9.594632 -4.014811 -2.417935 -5.637021 -5.5814 -5.313876 -4.542601 -2.799536 -2.169197 -2.533345 -2.017087 -2.547717 -5.274005 -7.572608 -9.104046 -11.00827 -13.91283 -16.54938 -18.15662
1.893317 2.035708 1.935733 1.570155 .9484499 -.7671595 -2.174742 -1.909707 -.6546573 .2322349 -.2273142 -1.090861 -1.765294 -1.420197 -1.245509 -2.485603 -4.353557 -5.867468 -7.651766 -9.232361 -9.597136 -10.49811 -10.95591 -10.84754 -5.518815 -3.177296 -3.642963 -3.948512 -3.561577 -3.309703 -3.328604 -4.23303 -5.293649 -6.326494 -7.295819 -7.175045 -8.450079 -11.134 -11.60598 -13.5844 -19.15938 -22.12726 -18.12216 -12.62888 -9.736691 -10.02134 -8.28676 -6.804781 -6.670111 -5.820235 -5.145562 -4.047053 -2.950104 -6.061489 -8.968145 -8.671271 -9.433393 -11.16654 -13.82308 -14.99587 -15.90453
2.189704 2.317363 2.327759 2.441544 3.024479 2.425713 1.079429 -.6839946 -.2047281 1.601333 .5226902 -1.311186 -2.019419 -.7505258 .5317693 -.2862799 -3.385178 -5.732719 -6.352592 -8.273866 -11.80369 -12.81794 -14.69553 -15.04257 -15.63278 -10.04868 -7.071734 -4.480004 -4.129258 -3.045261 -2.63801 -3.631885 -4.807458 -5.818301 -6.380727 -6.647451 -8.173918 -10.03746 -12.80875 -13.69694 -15.26927 -16.49428 -16.66652 -18.10064 -21.65799 -17.00267 -14.1306 -11.39194 -9.681907 -8.673716 -8.605646 -5.357624 -5.015211 -10.66991 -11.89189 -9.975539 -8.568074 -9.870621 -10.4021 -11.28254 -11.34921
2.514728 2.667216 2.445019 2.743428 2.079666 2.264724 1.110882 .9399314 2.56033 3.187388 .7827887 -2.464292 -3.795388 -1.439567 .3041068 1.285917 -.2501652 -1.9562 -5.118539 -6.180164 -9.322606 -13.91089 -17.56904 -15.95633 -14.78939 -15.44608 -8.8107 -4.940296 -4.538893 -2.311774 -2.53968 -3.420292 -4.413291 -5.421797 -5.554931 -6.215261 -7.821253 -9.306437 -12.08055 -13.17838 -13.85503 -14.20071 -15.29451 -17.05018 -20.33112 -19.78197 -17.35988 -16.98104 -15.14781 -13.92905 -13.97933 -9.220469 -10.89255 -13.29083 -14.6766 -12.92532 -11.59581 -9.373798 -8.517662 -7.375553 -7.176315
2.735758 2.886296 2.539752 2.14408 1.61858 1.323055 1.023953 1.4429 4.845129 4.706602 1.978623 .3163206 -.2050021 -2.397499 -1.728391 -2.250568 -3.972563 -.3052319 -.3420036 -2.972515 -6.364275 -9.479236 -15.05672 -15.04499 -14.22649 -13.77234 -14.67568 -9.985614 -5.594412 -3.669788 -3.613438 -3.997128 -4.605122 -5.316458 -5.577823 -6.272384 -7.69588 -8.844746 -10.37228 -12.59396 -13.43731 -13.52816 -14.49091 -16.64884 -19.23318 -18.14708 -17.10982 -15.78731 -15.34372 -15.21447 -16.37411 -19.75994 -18.7315 -18.49634 -18.35532 -19.04709 -17.72127 -16.91665 -15.632 -14.01888 -11.18699
2.770494 2.340941 1.828314 1.754512 1.535428 1.435269 1.671651 3.390759 6.883667 6.444749 2.84189 1.409163 2.221065 3.636115 2.036494 -2.598327 -4.060036 -3.691888 -1.801276 -.6962529 -1.121965 -5.579401 -12.26873 -13.92019 -13.13842 -12.77326 -12.44584 -11.81289 -9.020117 -6.670719 -5.686613 -5.31297 -5.536693 -5.780512 -6.799901 -7.418694 -8.020376 -8.584848 -9.312487 -10.54084 -12.78249 -13.91271 -14.33783 -16.69493 -19.0633 -18.91403 -18.18046 -17.87483 -16.96021 -17.73394 -19.34055 -22.56029 -28.68645 -27.13306 -25.93014 -25.99116 -27.77628 -27.68888 -26.7131 -24.70496 -22.3681
2.481632 2.021162 1.697226 1.643814 1.685538 1.743811 2.159724 3.094504 5.270676 5.926276 2.718597 1.800364 2.306494 3.118819 2.328021 -.2938943 -1.288116 -1.314859 -1.864446 -.8291961 -.5874307 -2.687481 -5.795421 -10.78277 -13.08975 -12.06901 -11.1954 -9.918196 -8.604644 -7.419196 -6.664921 -6.116456 -5.543597 -6.171701 -7.878274 -9.512156 -8.884874 -8.817406 -8.398 -8.948998 -10.82761 -12.92034 -14.65948 -16.38683 -16.6978 -17.59889 -16.66369 -17.50565 -19.54177 -20.4395 -20.97461 -22.27556 -24.78304 -26.66447 -25.95236 -24.59673 -24.95614 -26.90121 -29.29358 -30.45003 -30.08051
2.146733 1.871497 1.742413 1.731472 1.769087 2.089843 2.578845 3.339002 4.332319 4.556388 2.618823 2.1885 2.467655 2.873515 2.607663 1.454856 .9565659 1.148366 .3307942 .8464758 -.07187077 -.4788553 -.8316697 -3.562923 -8.577071 -13.07498 -10.95965 -9.341817 -8.14251 -7.307445 -6.772329 -6.164644 -5.149478 -5.370429 -9.074959 -12.97671 -12.97707 -10.07079 -8.246353 -5.952152 -8.287361 -10.96107 -13.82076 -15.36326 -15.10229 -14.76043 -15.78211 -17.00359 -19.25172 -21.54942 -21.46601 -21.25463 -21.63551 -22.26252 -22.51774 -22.47026 -22.99194 -23.4678 -23.90249 -26.21035 -29.00017
2.010214 1.740356 1.744278 1.818972 1.94153 2.250616 2.761525 3.457695 4.047596 3.943811 3.194127 2.832733 2.896641 2.922368 2.289369 2.610474 2.388097 .6556406 .1414858 .2363602 -.2430929 -.5972762 -.5647793 -.3031032 -1.360455 -6.240935 -11.7178 -9.77167 -8.197374 -7.422764 -7.797675 -5.927882 -3.519703 -3.777402 -8.604836 -9.672881 -10.39571 -9.938064 -7.09458 -5.163381 -7.983229 -10.84687 -13.4301 -14.69935 -14.68896 -13.86082 -13.70486 -15.33095 -18.90558 -22.3023 -23.23763 -20.94481 -18.57247 -17.1667 -16.68766 -16.3392 -16.77626 -16.78732 -17.55003 -17.62507 -19.52876
1.95556 1.910151 1.715213 1.852782 2.002384 2.300978 2.782529 3.256815 3.665646 3.619385 3.158082 2.777683 2.871174 1.933406 1.629857 1.824918 1.769516 1.023247 .4903975 .1659918 .01161388 -.1313926 -.136229 -.05072078 -.5405818 -.8637334 -2.041842 -5.208059 -6.953119 -6.919889 -4.669611 -.6596588 .7374973 -2.85029 -7.823834 -6.830922 -6.575261 -4.090241 .4622412 2.240992 -2.979324 -7.286868 -11.96207 -15.47753 -16.06704 -15.7764 -13.95651 -12.31379 -14.38914 -15.47483 -14.6878 -12.4725 -9.659253 -9.082016 -9.495975 -10.98467 -13.72343 -14.4826 -14.46488 -14.76737 -16.27448
1.944396 1.949415 1.935563 1.929694 2.130824 2.310365 2.659762 3.098379 3.428668 3.433057 2.897568 2.25322 2.460643 1.636578 1.469053 1.573507 1.429314 1.017271 .6512525 .3340054 .2532719 .4768084 .9854109 1.214149 1.773194 1.797365 1.672756 2.14154 .2732415 -2.629228 -.8380165 5.2171 5.226676 -1.0521 -4.45226 -3.829988 -4.178044 -.8435391 5.770815 7.863731 -.3165537 -1.668769 -2.511576 -4.643345 -6.773241 -7.751886 -7.081081 -7.441017 -9.865227 -10.32095 -9.182216 -7.936231 -7.318366 -8.419469 -9.744891 -12.08515 -13.41553 -15.18887 -15.90982 -15.77011 -15.61077
1.978846 2.049981 2.152351 2.138774 2.213786 2.30985 2.59074 2.85449 3.205959 3.292863 2.764608 2.797117 2.551757 1.79674 1.587945 1.458722 1.352361 1.001918 .6626344 .3484427 .4782299 .7827585 1.19467 .3688726 .8450208 2.081733 3.706141 3.756192 2.113946 1.876466 4.900222 7.258117 4.797204 -.5029524 -1.595423 -3.346635 -3.427018 1.932381 12.01893 10.74256 2.32904 .7356052 1.298274 1.686271 .1636176 -.6003135 -.5503648 -3.203113 -6.281758 -5.861466 -4.427372 -4.772702 -6.823903 -8.804771 -10.58949 -12.40604 -13.90496 -14.91053 -15.62987 -16.63463 -16.55371
1.652969 2.081718 2.519862 2.460558 2.297938 2.347442 2.503014 2.651299 2.88244 2.857829 2.218321 2.321439 2.319657 1.989107 1.670865 1.531182 1.493213 1.091198 .6981744 .6572371 .8089859 .9269016 .5379429 -.02495787 .2730095 1.018464 1.901072 2.797401 2.46509 2.968018 5.620003 2.779139 3.628514 -.3937982 .4101009 -1.831646 -2.331145 5.111661 17.3572 13.76421 4.251818 1.339378 2.392213 2.381648 3.054867 3.685304 2.408646 -1.463694 -4.044941 -3.111352 -1.888799 -2.743656 -6.089446 -7.82491 -10.87564 -13.09568 -14.897 -15.78478 -16.66254 -17.42453 -17.52531
1.276587 1.223438 2.151373 2.384641 2.194965 2.216993 2.320505 2.470745 2.576765 2.314864 2.001673 2.003107 2.032798 1.888171 1.761031 1.636648 1.58522 1.205127 1.035752 1.366052 1.396159 1.036578 .3541572 -.03276938 .07764658 .3479486 .6624981 1.082683 2.29035 6.744112 4.117393 -.09962384 -1.974142 -1.4856 .5186169 -1.125123 .2771599 5.164817 15.27801 10.55497 4.888836 2.410806 1.737335 1.469779 2.332577 2.576563 1.440752 -.6495047 -2.392072 -2.381439 -1.831319 -2.88294 -5.047641 -7.446033 -9.957442 -12.70161 -14.69731 -16.01665 -17.15832 -18.62754 -18.70477
1.355971 1.162415 1.443272 2.016416 1.99068 2.098033 2.164362 2.224384 2.292946 2.044705 1.930627 1.823144 1.834407 1.720675 1.657857 1.568813 1.439498 .877587 1.024343 1.190842 1.266356 .9776167 .4854607 .2652147 .1265964 .1246002 .08190854 .3308465 3.737019 6.79203 3.740654 .3959223 .8125608 .2849287 1.21199 -.4718287 1.846005 6.732051 10.12807 9.501925 3.567117 2.573221 .7564945 1.660185 2.040891 1.588135 .9600433 .2630321 -.4643419 -1.384015 -1.954967 -2.889834 -5.281696 -7.096285 -9.022044 -11.70387 -13.99204 -15.69674 -16.64196 -18.31922 -18.5673
1.554528 1.577814 2.100372 2.021703 1.94363 1.992506 2.016829 2.088161 2.019245 1.948208 1.826333 1.788859 1.732706 1.699143 1.543145 1.342736 .8619472 .6710492 .9028438 1.162166 1.163179 1.004754 .6679348 .4322947 .3278298 .2604367 .3993715 .6618798 3.890162 5.359399 1.875374 1.616292 1.454251 1.234519 2.802128 -.286569 2.111069 6.490738 7.778497 6.090652 2.659828 .2819433 -.3947281 1.435675 1.313864 .07041246 .187125 .1392563 -.127537 -.6525453 -1.64756 -3.541424 -5.983169 -7.499639 -8.406721 -10.73042 -13.47777 -15.36563 -17.00183 -17.57928 -16.97603
1.632005 1.987297 2.085965 1.930941 1.901644 1.895254 1.895074 1.921716 1.857445 2.057511 1.767506 1.759884 1.758601 1.710667 1.545524 1.284379 1.312314 1.160103 1.089033 1.2615 1.327509 1.194455 .9029905 .7242751 .4689834 .6002533 1.352502 2.577004 4.223961 3.964018 1.351259 1.273659 2.270373 2.933171 5.473653 .210485 1.209872 3.934522 5.32875 4.887823 4.940377 -.2985733 -1.24947 .2385362 .1728888 -.2015024 .01044629 .2385762 .04404937 .006970508 -.4613824 -2.935996 -6.112144 -7.802898 -7.939202 -9.911648 -13.22653 -15.72718 -17.56354 -16.58302 -14.40995
1.418008 1.823189 1.891344 1.766645 1.744981 1.707783 1.777585 1.742741 1.756668 2.105014 1.763555 1.751874 1.712501 1.547357 1.385178 1.118265 1.207971 1.295555 1.310719 1.444486 1.439675 1.490599 1.330816 1.317536 1.375127 1.687615 2.575291 3.746405 3.986397 3.125895 1.776845 .9503154 1.926011 4.789091 8.580449 2.066395 1.495138 2.862818 3.97774 5.341452 6.690296 3.407933 .4633654 .498088 -.3711881 .02283948 .5972625 .998104 1.00242 .9846312 .2838453 -1.99893 -5.695822 -8.539742 -8.527107 -9.682311 -13.24249 -17.12492 -18.2362 -16.45414 -11.49262
1.901667 2.116292 2.025186 1.815588 1.752441 1.651378 1.668826 1.642731 1.808665 2.022747 1.844339 1.840671 1.680296 1.431854 1.291839 1.28934 1.381121 1.420898 1.48041 1.53726 1.64881 1.762204 1.627911 1.685652 1.742265 2.411197 3.478447 4.112781 2.798583 3.350298 1.676265 .7630649 1.480749 3.795609 7.359167 4.419845 2.398647 2.932023 3.321891 5.461414 6.978379 6.036126 1.821891 1.69611 .8290772 1.235587 1.50496 1.162931 1.288682 1.199173 .5794305 -1.264892 -4.995214 -8.315861 -9.846464 -10.9221 -14.79102 -16.94676 -19.05307 -17.20838 -10.49182
