py_wake/examples/data/AJ_ParqueFicticio/Rough survey   Sector 11   Height 200m   Weibull-k.grd
DSAA
73  159
 258469   265669
 6501692   6517492
 1.767578   2.083984
[rows 112 to 139 of 159, columns 0 to 62 of 73]
1.962891 1.962891 1.958984 1.951172 1.939453 1.943359 1.939453 1.931641 1.927734 1.919922 1.916016 1.912109 1.916016 1.927734 1.939453 1.951172 1.955078 1.955078 1.955078 1.962891 1.966797 1.966797 1.970703 1.974609 1.974609 1.974609 1.974609 1.990234 2.013672 2.033203 2.041016 2.044922 2.048828 2.048828 2.044922 2.037109 2.021484 2.009766 1.994141 1.994141 1.994141 1.998047 1.998047 1.998047 1.998047 1.998047 2.001953 2.001953 2.001953 2.005859 2.005859 2.009766 2.025391 2.041016 2.052734 2.056641 2.060547 2.064453 2.064453 2.064453 2.064453 2.060547 2.056641
1.970703 1.966797 1.962891 1.955078 1.943359 1.943359 1.947266 1.939453 1.931641 1.927734 1.919922 1.919922 1.923828 1.939453 1.947266 1.955078 1.958984 1.955078 1.958984 1.962891 1.966797 1.966797 1.970703 1.974609 1.974609 1.974609 1.974609 1.994141 2.017578 2.033203 2.041016 2.048828 2.048828 2.048828 2.044922 2.037109 2.029297 2.005859 1.994141 1.994141 1.998047 1.998047 1.998047 1.998047 1.998047 2.001953 2.001953 2.001953 2.005859 2.005859 2.005859 2.009766 2.029297 2.044922 2.052734 2.060547 2.060547 2.064453 2.064453 2.064453 2.064453 2.064453 2.056641
1.974609 1.970703 1.962891 1.955078 1.947266 1.943359 1.947266 1.943359 1.939453 1.931641 1.927734 1.931641 1.935547 1.947266 1.958984 1.958984 1.962891 1.962891 1.962891 1.966797 1.966797 1.966797 1.970703 1.974609 1.974609 1.974609 1.974609 1.998047 2.017578 2.033203 2.041016 2.044922 2.044922 2.048828 2.044922 2.044922 2.029297 2.005859 1.994141 1.994141 1.998047 1.998047 1.998047 1.998047 1.998047 2.001953 2.005859 2.005859 2.005859 2.005859 2.005859 2.013672 2.033203 2.044922 2.052734 2.056641 2.060547 2.064453 2.064453 2.064453 2.068359 2.064453 2.056641
1.974609 1.970703 1.962891 1.955078 1.947266 1.943359 1.947266 1.943359 1.939453 1.939453 1.935547 1.939453 1.947266 1.958984 1.958984 1.962891 1.962891 1.962891 1.962891 1.966797 1.966797 1.966797 1.970703 1.974609 1.974609 1.974609 1.974609 1.998047 2.017578 2.029297 2.037109 2.041016 2.041016 2.044922 2.044922 2.037109 2.021484 2.005859 1.994141 1.998047 1.998047 1.998047 1.998047 2.005859 2.009766 2.013672 2.009766 2.009766 2.009766 2.009766 2.017578 2.025391 2.037109 2.044922 2.052734 2.056641 2.060547 2.064453 2.064453 2.068359 2.068359 2.068359 2.060547
1.970703 1.966797 1.958984 1.955078 1.943359 1.943359 1.943359 1.943359 1.939453 1.939453 1.943359 1.947266 1.958984 1.958984 1.958984 1.962891 1.962891 1.962891 1.962891 1.966797 1.966797 1.966797 1.970703 1.974609 1.974609 1.974609 1.974609 1.998047 2.013672 2.025391 2.029297 2.033203 2.037109 2.041016 2.037109 2.025391 2.009766 1.994141 1.994141 1.998047 1.998047 1.998047 2.009766 2.021484 2.033203 2.033203 2.033203 2.029297 2.029297 2.033203 2.033203 2.037109 2.041016 2.048828 2.052734 2.056641 2.060547 2.064453 2.068359 2.068359 2.068359 2.068359 2.064453
1.958984 1.955078 1.951172 1.943359 1.939453 1.939453 1.935547 1.935547 1.935547 1.939453 1.947266 1.955078 1.958984 1.958984 1.958984 1.962891 1.962891 1.962891 1.966797 1.966797 1.966797 1.970703 1.974609 1.974609 1.974609 1.974609 1.978516 1.994141 2.009766 2.017578 2.021484 2.033203 2.033203 2.029297 2.021484 2.009766 1.990234 1.994141 1.994141 1.998047 1.998047 1.998047 2.013672 2.033203 2.041016 2.044922 2.044922 2.044922 2.044922 2.048828 2.048828 2.048828 2.048828 2.052734 2.052734 2.056641 2.064453 2.064453 2.068359 2.068359 2.068359 2.068359 2.064453
1.931641 1.927734 1.927734 1.927734 1.923828 1.927734 1.927734 1.927734 1.927734 1.935547 1.943359 1.955078 1.958984 1.958984 1.958984 1.962891 1.962891 1.962891 1.966797 1.966797 1.966797 1.970703 1.974609 1.974609 1.974609 1.974609 1.978516 1.990234 2.001953 2.009766 2.021484 2.025391 2.021484 2.017578 2.005859 1.990234 1.994141 1.994141 1.994141 1.998047 1.998047 1.998047 2.021484 2.033203 2.041016 2.048828 2.052734 2.052734 2.056641 2.056641 2.056641 2.052734 2.052734 2.056641 2.056641 2.060547 2.064453 2.064453 2.068359 2.068359 2.072266 2.068359 2.068359
1.912109 1.912109 1.912109 1.912109 1.908203 1.912109 1.916016 1.919922 1.923828 1.927734 1.939453 1.951172 1.958984 1.958984 1.962891 1.962891 1.962891 1.962891 1.966797 1.966797 1.966797 1.970703 1.978516 1.982422 1.978516 1.978516 1.982422 1.986328 1.994141 2.005859 2.013672 2.017578 2.009766 2.001953 1.994141 1.990234 1.986328 1.978516 1.986328 1.998047 2.001953 2.001953 2.017578 2.029297 2.041016 2.048828 2.052734 2.056641 2.060547 2.056641 2.056641 2.056641 2.056641 2.060547 2.064453 2.064453 2.064453 2.068359 2.068359 2.072266 2.072266 2.072266 2.068359
1.900391 1.900391 1.900391 1.896484 1.900391 1.904297 1.908203 1.916016 1.919922 1.927734 1.935547 1.943359 1.955078 1.958984 1.962891 1.962891 1.958984 1.962891 1.966797 1.966797 1.966797 1.970703 1.974609 1.982422 1.982422 1.986328 1.986328 1.986328 1.994141 1.998047 2.005859 2.005859 2.001953 1.994141 1.990234 1.986328 1.974609 1.966797 1.974609 1.994141 2.001953 2.001953 2.013672 2.029297 2.041016 2.048828 2.056641 2.056641 2.060547 2.060547 2.056641 2.056641 2.060547 2.064453 2.064453 2.064453 2.068359 2.068359 2.072266 2.076172 2.076172 2.072266 2.068359
1.904297 1.896484 1.896484 1.892578 1.892578 1.896484 1.900391 1.912109 1.923828 1.931641 1.935547 1.943359 1.947266 1.951172 1.951172 1.951172 1.951172 1.955078 1.958984 1.966797 1.970703 1.974609 1.974609 1.974609 1.978516 1.986328 1.986328 1.990234 1.990234 1.994141 1.998047 1.998047 1.994141 1.990234 1.990234 1.974609 1.962891 1.962891 1.978516 1.994141 2.001953 2.005859 2.017578 2.029297 2.041016 2.048828 2.052734 2.056641 2.056641 2.056641 2.056641 2.060547 2.064453 2.064453 2.064453 2.068359 2.068359 2.076172 2.076172 2.080078 2.076172 2.072266 2.068359
1.908203 1.900391 1.892578 1.888672 1.888672 1.892578 1.900391 1.912109 1.927734 1.939453 1.943359 1.947266 1.951172 1.951172 1.947266 1.947266 1.943359 1.947266 1.951172 1.958984 1.970703 1.974609 1.974609 1.974609 1.974609 1.978516 1.986328 1.986328 1.986328 1.986328 1.990234 1.994141 1.990234 1.990234 1.990234 1.974609 1.962891 1.966797 1.978516 1.994141 2.005859 2.017578 2.025391 2.029297 2.041016 2.048828 2.052734 2.056641 2.056641 2.060547 2.064453 2.064453 2.064453 2.064453 2.068359 2.072266 2.072266 2.076172 2.080078 2.080078 2.076172 2.072266 2.064453
1.908203 1.900391 1.892578 1.884766 1.884766 1.888672 1.896484 1.912109 1.927734 1.943359 1.947266 1.951172 1.955078 1.955078 1.955078 1.951172 1.947266 1.947266 1.951172 1.955078 1.966797 1.974609 1.974609 1.974609 1.974609 1.982422 1.982422 1.986328 1.986328 1.986328 1.986328 1.990234 1.990234 1.990234 1.986328 1.970703 1.962891 1.966797 1.978516 1.994141 2.013672 2.025391 2.033203 2.033203 2.041016 2.044922 2.048828 2.052734 2.060547 2.060547 2.064453 2.064453 2.068359 2.068359 2.072266 2.072266 2.076172 2.076172 2.076172 2.076172 2.072266 2.068359 2.068359
1.908203 1.900391 1.892578 1.884766 1.884766 1.884766 1.892578 1.908203 1.927734 1.939453 1.947266 1.951172 1.955078 1.958984 1.958984 1.962891 1.962891 1.962891 1.966797 1.974609 1.982422 1.982422 1.978516 1.978516 1.986328 1.986328 1.982422 1.986328 1.986328 1.986328 1.986328 1.990234 1.990234 1.990234 1.990234 1.974609 1.962891 1.966797 1.978516 1.994141 2.021484 2.033203 2.037109 2.037109 2.041016 2.044922 2.048828 2.052734 2.056641 2.060547 2.064453 2.068359 2.072266 2.072266 2.076172 2.076172 2.076172 2.076172 2.072266 2.068359 2.064453 2.068359 2.060547
1.904297 1.896484 1.888672 1.884766 1.884766 1.884766 1.892578 1.904297 1.923828 1.939453 1.947266 1.951172 1.955078 1.958984 1.962891 1.966797 1.974609 1.982422 1.986328 1.990234 1.990234 1.994141 1.994141 2.001953 1.998047 1.994141 1.986328 1.986328 1.986328 1.986328 1.990234 1.990234 1.990234 1.998047 1.986328 1.970703 1.962891 1.966797 1.978516 2.001953 2.025391 2.033203 2.037109 2.041016 2.041016 2.048828 2.048828 2.048828 2.052734 2.056641 2.064453 2.072266 2.076172 2.076172 2.080078 2.076172 2.076172 2.068359 2.064453 2.064453 2.060547 2.060547 2.056641
1.896484 1.888672 1.884766 1.880859 1.884766 1.888672 1.892578 1.904297 1.923828 1.935547 1.943359 1.947266 1.951172 1.951172 1.955078 1.962891 1.974609 1.982422 1.986328 1.994141 1.998047 2.001953 2.013672 2.013672 2.009766 2.005859 1.994141 1.986328 1.986328 1.986328 1.990234 1.990234 1.998047 1.998047 1.982422 1.970703 1.966797 1.966797 1.978516 2.005859 2.025391 2.033203 2.037109 2.037109 2.044922 2.044922 2.048828 2.048828 2.052734 2.056641 2.064453 2.072266 2.080078 2.080078 2.080078 2.076172 2.072266 2.068359 2.056641 2.052734 2.052734 2.048828 2.048828
1.884766 1.880859 1.880859 1.880859 1.884766 1.892578 1.896484 1.908203 1.919922 1.931641 1.939453 1.943359 1.943359 1.943359 1.947266 1.955078 1.962891 1.970703 1.982422 1.990234 1.998047 2.013672 2.017578 2.021484 2.017578 2.005859 1.994141 1.986328 1.986328 1.986328 1.990234 1.998047 1.998047 1.998047 1.982422 1.970703 1.966797 1.970703 1.986328 2.005859 2.025391 2.033203 2.041016 2.041016 2.044922 2.044922 2.048828 2.048828 2.052734 2.060547 2.068359 2.076172 2.080078 2.080078 2.080078 2.076172 2.072266 2.060547 2.048828 2.044922 2.041016 2.041016 2.041016
1.873047 1.873047 1.876953 1.880859 1.888672 1.896484 1.900391 1.908203 1.919922 1.927734 1.935547 1.939453 1.943359 1.943359 1.943359 1.943359 1.951172 1.958984 1.970703 1.982422 2.001953 2.013672 2.021484 2.025391 2.021484 2.009766 1.994141 1.986328 1.986328 1.986328 1.998047 1.998047 1.998047 1.994141 1.978516 1.970703 1.966797 1.966797 1.986328 2.005859 2.017578 2.033203 2.037109 2.041016 2.041016 2.041016 2.044922 2.048828 2.056641 2.064453 2.072266 2.076172 2.080078 2.080078 2.083984 2.076172 2.068359 2.060547 2.048828 2.041016 2.037109 2.033203 2.037109
1.861328 1.865234 1.873047 1.884766 1.892578 1.896484 1.900391 1.904297 1.912109 1.923828 1.931641 1.939453 1.943359 1.943359 1.943359 1.939453 1.943359 1.951172 1.958984 1.974609 1.994141 2.009766 2.017578 2.021484 2.017578 2.009766 1.994141 1.982422 1.986328 1.998047 1.998047 1.998047 1.998047 1.986328 1.974609 1.966797 1.966797 1.974609 1.990234 2.005859 2.021484 2.025391 2.029297 2.033203 2.037109 2.041016 2.041016 2.048828 2.056641 2.064453 2.076172 2.076172 2.080078 2.083984 2.080078 2.076172 2.068359 2.064453 2.056641 2.048828 2.037109 2.033203 2.033203
1.861328 1.865234 1.876953 1.888672 1.896484 1.900391 1.900391 1.904297 1.908203 1.919922 1.927734 1.935547 1.943359 1.947266 1.943359 1.939453 1.939453 1.943359 1.958984 1.970703 1.986328 2.001953 2.013672 2.017578 2.017578 2.005859 1.990234 1.986328 1.990234 1.998047 1.998047 1.998047 1.990234 1.978516 1.970703 1.966797 1.966797 1.978516 1.998047 2.009766 2.021484 2.025391 2.029297 2.029297 2.029297 2.037109 2.037109 2.044922 2.056641 2.068359 2.076172 2.083984 2.083984 2.080078 2.076172 2.072266 2.072266 2.068359 2.060547 2.056641 2.044922 2.033203 2.029297
1.865234 1.873047 1.884766 1.896484 1.904297 1.908203 1.904297 1.908203 1.912109 1.919922 1.927734 1.939453 1.947266 1.951172 1.947266 1.943359 1.939453 1.951172 1.958984 1.966797 1.982422 1.998047 2.009766 2.013672 2.009766 2.001953 1.998047 1.990234 1.990234 1.998047 1.998047 1.998047 1.990234 1.978516 1.970703 1.970703 1.974609 1.990234 2.005859 2.017578 2.025391 2.033203 2.033203 2.033203 2.033203 2.033203 2.037109 2.044922 2.056641 2.068359 2.080078 2.080078 2.080078 2.076172 2.072266 2.072266 2.072266 2.068359 2.068359 2.064453 2.052734 2.041016 2.029297
1.869141 1.884766 1.896484 1.904297 1.912109 1.912109 1.912109 1.912109 1.916016 1.919922 1.927734 1.939453 1.947266 1.955078 1.955078 1.947266 1.955078 1.955078 1.958984 1.970703 1.982422 1.994141 2.001953 2.005859 1.998047 1.998047 1.986328 1.986328 1.990234 1.998047 1.998047 1.998047 1.998047 1.990234 1.982422 1.982422 1.990234 1.994141 2.005859 2.017578 2.029297 2.033203 2.037109 2.037109 2.041016 2.041016 2.041016 2.044922 2.060547 2.072266 2.076172 2.076172 2.076172 2.072266 2.072266 2.072266 2.072266 2.072266 2.072266 2.068359 2.060547 2.048828 2.037109
1.876953 1.892578 1.904297 1.912109 1.916016 1.916016 1.912109 1.912109 1.916016 1.919922 1.927734 1.935547 1.947266 1.951172 1.962891 1.958984 1.955078 1.955078 1.958984 1.974609 1.986328 1.994141 1.998047 1.998047 1.990234 1.978516 1.970703 1.974609 1.986328 2.001953 2.001953 2.001953 1.998047 1.998047 2.001953 1.998047 1.998047 1.998047 2.005859 2.017578 2.021484 2.029297 2.033203 2.037109 2.041016 2.041016 2.044922 2.056641 2.064453 2.068359 2.068359 2.068359 2.064453 2.064453 2.064453 2.068359 2.068359 2.072266 2.072266 2.068359 2.064453 2.056641 2.052734
1.884766 1.900391 1.916016 1.923828 1.923828 1.919922 1.919922 1.919922 1.919922 1.923828 1.927734 1.935547 1.943359 1.958984 1.962891 1.958984 1.955078 1.955078 1.958984 1.970703 1.986328 1.994141 1.998047 1.998047 1.978516 1.966797 1.958984 1.962891 1.974609 1.990234 2.001953 2.001953 2.001953 2.009766 2.005859 2.005859 2.005859 2.005859 2.005859 2.009766 2.013672 2.017578 2.021484 2.029297 2.037109 2.048828 2.056641 2.060547 2.064453 2.064453 2.064453 2.060547 2.052734 2.052734 2.056641 2.060547 2.064453 2.068359 2.068359 2.072266 2.076172 2.072266 2.060547
1.896484 1.912109 1.927734 1.931641 1.931641 1.927734 1.919922 1.919922 1.919922 1.923828 1.931641 1.935547 1.955078 1.958984 1.962891 1.958984 1.955078 1.955078 1.955078 1.966797 1.982422 1.998047 2.001953 1.990234 1.974609 1.958984 1.955078 1.958984 1.970703 1.982422 1.994141 1.998047 2.005859 2.005859 2.009766 2.013672 2.013672 2.013672 2.009766 2.009766 2.009766 2.009766 2.013672 2.021484 2.037109 2.048828 2.056641 2.060547 2.064453 2.060547 2.056641 2.048828 2.044922 2.041016 2.044922 2.048828 2.052734 2.060547 2.072266 2.076172 2.076172 2.072266 2.068359
1.904297 1.919922 1.935547 1.939453 1.935547 1.927734 1.916016 1.912109 1.912109 1.916016 1.923828 1.943359 1.955078 1.962891 1.962891 1.962891 1.958984 1.955078 1.955078 1.962891 1.982422 1.994141 1.998047 1.990234 1.970703 1.955078 1.947266 1.955078 1.966797 1.978516 1.994141 1.998047 2.001953 2.005859 2.009766 2.013672 2.017578 2.017578 2.013672 2.009766 2.009766 2.005859 2.013672 2.025391 2.037109 2.048828 2.056641 2.060547 2.060547 2.056641 2.052734 2.044922 2.037109 2.033203 2.029297 2.033203 2.048828 2.056641 2.064453 2.068359 2.072266 2.072266 2.072266
1.908203 1.923828 1.939453 1.943359 1.935547 1.923828 1.912109 1.908203 1.904297 1.908203 1.927734 1.935547 1.951172 1.962891 1.970703 1.966797 1.962891 1.958984 1.955078 1.966797 1.974609 1.982422 1.990234 1.986328 1.970703 1.955078 1.947266 1.951172 1.962891 1.982422 1.990234 1.998047 1.998047 2.001953 2.005859 2.009766 2.017578 2.017578 2.013672 2.009766 2.009766 2.013672 2.021484 2.029297 2.041016 2.052734 2.056641 2.060547 2.060547 2.056641 2.052734 2.044922 2.033203 2.025391 2.025391 2.029297 2.033203 2.041016 2.048828 2.060547 2.068359 2.072266 2.072266
1.908203 1.923828 1.939453 1.943359 1.935547 1.923828 1.908203 1.904297 1.900391 1.912109 1.919922 1.927734 1.939453 1.955078 1.970703 1.974609 1.974609 1.970703 1.970703 1.966797 1.970703 1.978516 1.982422 1.982422 1.966797 1.951172 1.943359 1.947266 1.966797 1.978516 1.986328 1.994141 1.998047 2.005859 2.005859 2.009766 2.013672 2.013672 2.009766 2.013672 2.013672 2.013672 2.021484 2.033203 2.044922 2.052734 2.056641 2.056641 2.056641 2.056641 2.052734 2.044922 2.037109 2.033203 2.029297 2.029297 2.033203 2.033203 2.033203 2.044922 2.052734 2.060547 2.068359
1.908203 1.923828 1.935547 1.943359 1.935547 1.919922 1.908203 1.904297 1.912109 1.916016 1.916016 1.923828 1.931641 1.943359 1.958984 1.970703 1.978516 1.982422 1.978516 1.970703 1.970703 1.978516 1.978516 1.978516 1.966797 1.951172 1.951172 1.955078 1.966797 1.978516 1.990234 1.994141 1.998047 2.005859 2.009766 2.009766 2.009766 2.009766 2.013672 2.013672 2.009766 2.013672 2.021484 2.033203 2.044922 2.052734 2.052734 2.052734 2.052734 2.052734 2.052734 2.056641 2.048828 2.041016 2.033203 2.033203 2.033203 2.033203 2.033203 2.033203 2.037109 2.048828 2.056641
