py_wake/examples/data/AJ_ParqueFicticio/Rough survey   Sector 2   Height 200m   Mean speed.grd
DSAA
73  159
 258469   265669
 6501692   6517492
 3.573825   7.33496
[rows 84 to 111 of 159, columns 0 to 62 of 73]
4.439998 4.422337 4.410337 4.404395 4.401012 4.396617 4.397945 4.397009 4.395977 4.404112 4.416339 4.427413 4.425203 4.427095 4.441842 4.458776 4.476348 4.495551 4.52175 4.566339 4.606747 4.648195 4.697143 4.764385 4.858051 4.976586 5.091495 5.17803 5.217945 5.219122 5.200301 5.174209 5.143524 5.100669 5.03362 4.96486 4.898481 4.876518 4.923186 4.992849 5.039074 5.045512 5.043576 5.028412 5.008173 4.995121 4.993037 4.994662 4.995571 4.992508 4.986203 4.978185 4.971133 4.953425 4.924694 4.879622 4.836619 4.808797 4.775687 4.723495 4.646411 4.544929 4.445671
4.404676 4.395 4.384112 4.373426 4.369668 4.368359 4.370189 4.368855 4.368717 4.375562 4.391114 4.395823 4.398174 4.397957 4.422844 4.45002 4.467343 4.476214 4.4979 4.529447 4.568921 4.620389 4.684391 4.767474 4.87407 4.996256 5.104121 5.168971 5.198882 5.177896 5.163349 5.14667 5.10979 5.063676 4.993331 4.936801 4.892495 4.904851 4.969713 5.03819 5.069732 5.070041 5.057118 5.044415 5.032964 5.022818 5.014572 5.005971 4.987195 4.976193 4.970603 4.962869 4.959797 4.954394 4.935205 4.897169 4.878271 4.845058 4.798281 4.727215 4.628376 4.508296 4.405168
4.361001 4.356413 4.349221 4.341383 4.33933 4.343675 4.34447 4.34074 4.348979 4.355105 4.365622 4.37071 4.380846 4.38376 4.405383 4.43649 4.451064 4.465555 4.482994 4.49771 4.533313 4.58011 4.648339 4.737072 4.846801 4.9596 5.051876 5.122523 5.14283 5.138193 5.128568 5.106715 5.081716 5.040721 4.984751 4.937426 4.904242 4.938879 5.021058 5.073589 5.091064 5.085002 5.086782 5.081258 5.073796 5.058183 5.046946 5.029637 5.003472 4.981294 4.966406 4.968947 4.969874 4.969203 4.95301 4.932247 4.914399 4.872328 4.808301 4.718511 4.603449 4.475341 4.383685
4.323171 4.316384 4.310441 4.307923 4.304954 4.30841 4.313068 4.318401 4.325965 4.331994 4.339962 4.344623 4.355487 4.370537 4.38737 4.409675 4.429241 4.448745 4.467482 4.481982 4.511275 4.553051 4.61018 4.696786 4.801224 4.911928 5.010458 5.092254 5.127561 5.1479 5.151419 5.132854 5.107342 5.066284 5.014232 4.957405 4.936693 4.993703 5.047901 5.090688 5.110473 5.119266 5.123445 5.124322 5.111056 5.088912 5.062753 5.041028 5.007792 4.972859 4.955607 4.967654 4.981088 4.981005 4.976749 4.956678 4.920375 4.866076 4.781178 4.691998 4.576128 4.465274 4.406938
4.295145 4.281337 4.273551 4.273572 4.273127 4.269855 4.273669 4.27817 4.28724 4.29879 4.311413 4.318375 4.333196 4.354411 4.368937 4.376998 4.397572 4.42508 4.448604 4.475966 4.509959 4.553279 4.621157 4.706876 4.809144 4.925505 5.043683 5.149731 5.211356 5.235013 5.22321 5.199358 5.150753 5.101686 5.043714 4.986239 4.988068 5.042902 5.08813 5.123292 5.147295 5.164667 5.161369 5.140738 5.109241 5.076205 5.048219 5.017581 4.975217 4.9348 4.918884 4.933227 4.955995 4.960338 4.951036 4.919064 4.867941 4.813016 4.738613 4.648664 4.553253 4.474855 4.470256
4.269988 4.250832 4.244555 4.245135 4.245597 4.239303 4.243196 4.23797 4.246856 4.263732 4.283422 4.297626 4.310139 4.337931 4.35664 4.353627 4.369428 4.401382 4.437588 4.479846 4.536365 4.601167 4.692276 4.803913 4.923093 5.036156 5.171764 5.286741 5.354069 5.35725 5.322068 5.259923 5.194067 5.120814 5.051138 5.006095 5.026422 5.096504 5.142073 5.177002 5.199293 5.199224 5.175449 5.13168 5.088387 5.056627 5.024378 4.984403 4.930825 4.89588 4.882304 4.895492 4.891352 4.893752 4.881604 4.841882 4.77566 4.72331 4.662262 4.606659 4.539119 4.495211 4.51787
4.247759 4.232409 4.227156 4.213569 4.214173 4.217632 4.218253 4.21763 4.219447 4.231167 4.254892 4.275033 4.297884 4.317964 4.342887 4.350884 4.363954 4.393185 4.446258 4.511503 4.597119 4.697818 4.82302 4.971931 5.109909 5.23308 5.353809 5.459689 5.503456 5.474789 5.402215 5.317061 5.235248 5.150277 5.069971 5.05556 5.085106 5.142579 5.199378 5.239929 5.253737 5.238002 5.192801 5.145186 5.124759 5.113749 5.080915 5.036047 4.964591 4.920936 4.923246 4.928138 4.91076 4.879737 4.832735 4.763896 4.683219 4.625991 4.595047 4.58388 4.554913 4.541745 4.564014
4.233023 4.215129 4.207505 4.193892 4.187973 4.192478 4.19884 4.207041 4.21396 4.221197 4.236764 4.257749 4.285693 4.314123 4.339672 4.35427 4.372887 4.41862 4.492652 4.581726 4.698105 4.83945 4.994401 5.166997 5.321759 5.432751 5.538127 5.616652 5.621912 5.559262 5.466351 5.372912 5.280818 5.188884 5.11497 5.139606 5.151515 5.195926 5.259889 5.304925 5.312508 5.280386 5.238688 5.213984 5.218293 5.204248 5.157487 5.112299 5.055492 5.023244 5.038764 5.029918 4.992315 4.945258 4.85597 4.744036 4.664047 4.633141 4.640805 4.648479 4.626197 4.616537 4.628576
4.214128 4.193724 4.181885 4.171349 4.166071 4.178711 4.194714 4.202707 4.215451 4.223672 4.237804 4.261023 4.28615 4.320128 4.356863 4.374794 4.414783 4.491802 4.597213 4.709787 4.841252 5.007869 5.192865 5.362477 5.508801 5.606031 5.69145 5.738504 5.70694 5.622193 5.519591 5.415862 5.30299 5.197063 5.15314 5.199922 5.227192 5.262186 5.317715 5.368816 5.371015 5.345217 5.323224 5.320752 5.311427 5.282434 5.226467 5.176874 5.148592 5.153768 5.175098 5.167032 5.120963 5.052309 4.965304 4.870756 4.809237 4.796006 4.798056 4.778896 4.73736 4.700423 4.696568
4.187784 4.171093 4.160182 4.152057 4.156615 4.171762 4.191416 4.204621 4.220808 4.236063 4.248306 4.265254 4.300396 4.339969 4.384766 4.434934 4.499945 4.614831 4.755697 4.890369 5.025529 5.187209 5.371012 5.540861 5.673584 5.750292 5.812842 5.829744 5.763864 5.649333 5.532065 5.405127 5.292924 5.199593 5.208579 5.268521 5.299481 5.322758 5.385216 5.440212 5.452384 5.442146 5.42372 5.408272 5.375225 5.315317 5.254808 5.210922 5.219138 5.239745 5.251345 5.24072 5.191027 5.127043 5.072152 5.024158 4.997667 4.976859 4.944106 4.891668 4.833579 4.781637 4.766546
4.159209 4.150852 4.139991 4.138796 4.146608 4.16789 4.191552 4.209479 4.231264 4.251416 4.263367 4.283627 4.32266 4.375881 4.441363 4.516221 4.627665 4.781694 4.948784 5.100649 5.231059 5.364786 5.535237 5.694246 5.812379 5.868281 5.89843 5.879399 5.76257 5.62577 5.490636 5.366027 5.270322 5.228236 5.269153 5.342293 5.3747 5.409632 5.475144 5.531822 5.54809 5.523343 5.483844 5.437279 5.370264 5.292224 5.243439 5.233534 5.252079 5.260022 5.251906 5.221527 5.188976 5.165517 5.135942 5.115113 5.099931 5.067668 5.021589 4.964675 4.902334 4.846718 4.826035
4.128819 4.125089 4.126401 4.135003 4.146996 4.171173 4.198848 4.23193 4.254511 4.273112 4.295174 4.320595 4.369117 4.434986 4.521443 4.631399 4.78331 4.960182 5.146844 5.30811 5.433044 5.546984 5.685062 5.82636 5.921574 5.94538 5.921045 5.83 5.689726 5.54015 5.414383 5.320248 5.265741 5.288846 5.350455 5.426355 5.464232 5.501495 5.560934 5.608282 5.594468 5.531131 5.470192 5.397488 5.327024 5.26415 5.238412 5.240692 5.23376 5.219539 5.191504 5.160718 5.127543 5.111751 5.114346 5.12592 5.126623 5.101919 5.067467 5.016994 4.954345 4.895524 4.859952
4.10243 4.10954 4.126219 4.146574 4.166924 4.19134 4.219841 4.254662 4.289104 4.309736 4.338149 4.375035 4.443942 4.537048 4.648191 4.780373 4.944101 5.12969 5.324945 5.49482 5.625648 5.722729 5.830611 5.928758 5.980543 5.93912 5.823503 5.675752 5.525287 5.406199 5.334713 5.307813 5.319553 5.387165 5.470178 5.524702 5.570832 5.604096 5.62367 5.648493 5.5781 5.478393 5.386507 5.310735 5.257119 5.227947 5.204882 5.181811 5.150669 5.116961 5.079368 5.040188 4.989104 4.96274 5.01138 5.055097 5.083211 5.091314 5.09158 5.051433 4.9821 4.912933 4.863781
4.086895 4.108958 4.136529 4.165235 4.196475 4.230324 4.257698 4.290189 4.330454 4.364099 4.40763 4.463069 4.554604 4.677541 4.822647 4.967214 5.117255 5.295703 5.495483 5.67188 5.789615 5.858159 5.932883 5.990103 5.96309 5.832119 5.659221 5.494666 5.386522 5.342813 5.354336 5.39114 5.428983 5.504896 5.581539 5.62529 5.672214 5.668969 5.626103 5.585663 5.489596 5.3764 5.271022 5.203641 5.150322 5.11201 5.05971 5.022059 4.971286 4.935393 4.904351 4.849029 4.813519 4.823953 4.895108 4.955369 5.000416 5.024843 5.045115 5.037486 4.985569 4.910089 4.837394
4.097089 4.126312 4.15943 4.194113 4.226241 4.277804 4.316652 4.343439 4.39053 4.445234 4.512026 4.592172 4.717886 4.87488 5.044635 5.192666 5.333861 5.499161 5.680772 5.835164 5.931899 5.966549 5.999192 5.995935 5.888111 5.711821 5.540465 5.443933 5.44158 5.473516 5.511049 5.530785 5.560822 5.589796 5.627444 5.654765 5.659816 5.613223 5.537019 5.464475 5.366015 5.254311 5.151112 5.076055 5.026022 4.959548 4.874758 4.806492 4.755856 4.742607 4.733766 4.728357 4.747241 4.822231 4.911774 4.989731 5.021248 5.03843 5.030663 5.016539 4.976939 4.905996 4.821372
4.126618 4.155447 4.204151 4.242678 4.282315 4.33716 4.396438 4.429806 4.485491 4.563296 4.650314 4.770619 4.92699 5.110213 5.299593 5.453477 5.592961 5.737799 5.890061 6.006558 6.057668 6.063689 6.043344 5.958751 5.790524 5.629318 5.538585 5.567946 5.633071 5.677628 5.673585 5.644566 5.641361 5.618334 5.615645 5.602148 5.534805 5.451278 5.383424 5.318184 5.223002 5.11362 5.024959 4.946191 4.904459 4.837699 4.754226 4.664402 4.634097 4.643186 4.688005 4.757436 4.855168 4.980707 5.0804 5.157148 5.185882 5.196115 5.146395 5.115736 5.072701 4.990684 4.877158
4.185265 4.2284 4.276901 4.324124 4.372433 4.429605 4.499829 4.563856 4.626289 4.720209 4.840864 4.99349 5.169999 5.369508 5.562549 5.724632 5.865843 5.99344 6.098103 6.170623 6.176681 6.128925 6.040913 5.883084 5.72847 5.650023 5.676063 5.762372 5.83878 5.831439 5.770856 5.703547 5.670401 5.627198 5.579599 5.508061 5.400536 5.302827 5.214384 5.151749 5.060943 4.968444 4.901865 4.860903 4.824068 4.760965 4.686747 4.642186 4.657368 4.721437 4.820676 4.935123 5.055576 5.200925 5.30181 5.367679 5.387722 5.375063 5.334978 5.29062 5.211087 5.059717 4.914472
4.265644 4.324259 4.371146 4.434194 4.497041 4.557605 4.640304 4.727341 4.806343 4.922006 5.078841 5.250968 5.446607 5.641081 5.830431 5.993963 6.127254 6.22806 6.293828 6.314718 6.264662 6.15121 5.996808 5.847938 5.778738 5.805778 5.890964 5.959937 5.964205 5.889102 5.782834 5.70048 5.656287 5.608466 5.551127 5.439522 5.316523 5.198936 5.087695 4.983433 4.906787 4.864686 4.850909 4.865041 4.844598 4.799342 4.753584 4.753866 4.810534 4.907759 5.03183 5.156798 5.306988 5.430195 5.515495 5.555454 5.558104 5.526679 5.470095 5.383445 5.231864 5.0484 4.937778
4.361492 4.422992 4.486802 4.561996 4.645587 4.716875 4.798561 4.913127 5.022513 5.152858 5.342673 5.523181 5.724185 5.927922 6.099919 6.246681 6.35291 6.426318 6.45835 6.42581 6.315967 6.165603 6.021314 5.935051 5.949645 6.013085 6.065294 6.058016 5.978766 5.864337 5.742448 5.666749 5.624642 5.571381 5.481843 5.364036 5.239683 5.102984 4.980171 4.879671 4.85797 4.884895 4.933345 4.965791 4.945511 4.927999 4.926266 4.974698 5.055971 5.14119 5.267416 5.401093 5.528633 5.62336 5.673312 5.668486 5.636332 5.575846 5.482306 5.362128 5.195476 5.05408 5.036662
4.461261 4.530079 4.607584 4.703694 4.803972 4.876164 4.957462 5.085436 5.229712 5.391728 5.596313 5.799435 5.998784 6.201159 6.360276 6.482828 6.547187 6.582974 6.581446 6.515706 6.39012 6.257316 6.155647 6.124079 6.155831 6.179459 6.147592 6.048331 5.919039 5.793 5.691169 5.63247 5.588396 5.510926 5.40804 5.285022 5.15533 5.017192 4.899221 4.872876 4.924726 4.995925 5.060408 5.074489 5.070035 5.066198 5.101534 5.193399 5.284676 5.382106 5.49592 5.614637 5.705965 5.755553 5.752281 5.709409 5.653163 5.568734 5.462837 5.332191 5.200349 5.116037 5.152686
4.531351 4.627246 4.733541 4.845589 4.944174 5.017308 5.103739 5.242768 5.414587 5.600876 5.812816 6.032996 6.246429 6.440584 6.586466 6.680037 6.718097 6.717267 6.689698 6.619777 6.512249 6.441196 6.383169 6.342498 6.304038 6.248874 6.142791 6.008188 5.882799 5.781567 5.698278 5.649566 5.579953 5.477582 5.364083 5.235829 5.097518 4.960577 4.878987 4.922513 5.021486 5.111446 5.143931 5.128253 5.144092 5.189283 5.289516 5.411732 5.513847 5.615806 5.723688 5.817418 5.876276 5.88271 5.846466 5.793257 5.724436 5.613915 5.499704 5.370158 5.244078 5.173989 5.19222
4.606744 4.712062 4.832276 4.949812 5.055366 5.130322 5.239313 5.412492 5.591959 5.782173 5.998013 6.229561 6.45223 6.630944 6.752025 6.834574 6.879008 6.863958 6.821346 6.760488 6.69508 6.631671 6.565472 6.490781 6.377285 6.23481 6.122383 6.014819 5.926757 5.845071 5.789504 5.709578 5.59275 5.472774 5.342617 5.195378 5.056705 4.937964 4.907133 4.982799 5.098799 5.179591 5.193493 5.205475 5.278844 5.395722 5.521517 5.648795 5.75692 5.853219 5.954888 6.035031 6.071486 6.062355 6.014468 5.944995 5.831247 5.696976 5.553014 5.411863 5.275881 5.185199 5.163827
4.719364 4.81007 4.920269 5.033635 5.150481 5.259151 5.395761 5.581728 5.768629 5.969782 6.184555 6.407781 6.606669 6.762428 6.854983 6.908694 6.942176 6.93577 6.886777 6.826766 6.767713 6.690013 6.604188 6.500285 6.376551 6.234733 6.133934 6.063585 6.009435 5.962282 5.880877 5.751489 5.594933 5.441429 5.294083 5.154334 5.0307 4.953859 4.958916 5.052841 5.173288 5.250392 5.297166 5.388597 5.524479 5.680831 5.8099 5.893101 5.982271 6.080567 6.176449 6.253797 6.281964 6.253409 6.179996 6.067861 5.907946 5.725415 5.554657 5.412232 5.272452 5.166956 5.126063
4.883284 4.961279 5.050216 5.155916 5.275945 5.424124 5.596924 5.772814 5.955729 6.148893 6.358589 6.559638 6.722396 6.828285 6.870136 6.872375 6.879261 6.869184 6.830329 6.785187 6.724655 6.644061 6.537851 6.451008 6.377236 6.297531 6.219471 6.165109 6.129941 6.048374 5.917176 5.758152 5.585547 5.423046 5.272437 5.139113 5.038003 5.017968 5.056832 5.159599 5.291825 5.405089 5.508575 5.686238 5.850583 6.001965 6.101688 6.152498 6.199757 6.272673 6.344936 6.422593 6.429238 6.349729 6.235966 6.062258 5.859099 5.665372 5.502393 5.36927 5.244136 5.138345 5.087443
5.090957 5.159395 5.242475 5.346173 5.469903 5.623579 5.794996 5.968793 6.131233 6.305647 6.49453 6.665378 6.780679 6.820479 6.791958 6.736893 6.715593 6.703429 6.68427 6.660041 6.634873 6.573188 6.478755 6.417185 6.37985 6.34369 6.309918 6.277081 6.231328 6.121871 5.960124 5.774107 5.5772 5.411335 5.26334 5.154977 5.103472 5.129275 5.206237 5.318831 5.48562 5.644913 5.831264 6.023813 6.180275 6.295156 6.350362 6.363682 6.385133 6.425381 6.470185 6.493056 6.426731 6.272047 6.09399 5.898297 5.705237 5.542942 5.418422 5.311486 5.201126 5.100091 5.068954
5.362051 5.425299 5.49109 5.565459 5.668905 5.80598 5.959135 6.116901 6.258516 6.411876 6.575961 6.70734 6.770692 6.738398 6.661384 6.586864 6.520426 6.500356 6.503114 6.512068 6.518284 6.48679 6.40198 6.360116 6.348281 6.350375 6.371696 6.371379 6.289301 6.138206 5.938984 5.7191 5.517784 5.348301 5.236214 5.180236 5.19962 5.289384 5.410259 5.57091 5.757324 5.952321 6.158019 6.322704 6.434255 6.498224 6.505886 6.495847 6.498307 6.527954 6.5349 6.476238 6.319041 6.089293 5.859905 5.658032 5.505018 5.38831 5.306944 5.239657 5.14112 5.059143 5.060103
5.613034 5.672321 5.711351 5.76638 5.841697 5.940105 6.07723 6.213814 6.358327 6.491874 6.626334 6.720706 6.723126 6.657585 6.566077 6.472272 6.390903 6.336528 6.332235 6.364888 6.399796 6.391208 6.332228 6.309782 6.310126 6.344656 6.394105 6.383034 6.265493 6.061403 5.819268 5.597054 5.411434 5.294144 5.242149 5.252676 5.329649 5.473885 5.640041 5.844893 6.053067 6.250718 6.417593 6.525585 6.573748 6.56588 6.525621 6.4887 6.488327 6.503851 6.487844 6.3653 6.126888 5.87237 5.634074 5.447482 5.321824 5.242169 5.186909 5.130477 5.054216 5.011792 5.065777
5.811243 5.842524 5.86486 5.904937 5.963379 6.046246 6.171225 6.308538 6.455619 6.582659 6.688526 6.753305 6.723395 6.641084 6.5478 6.431151 6.323084 6.272752 6.263477 6.273549 6.306329 6.321724 6.300199 6.301384 6.343282 6.379673 6.388488 6.320117 6.144484 5.922027 5.702199 5.50865 5.390655 5.335393 5.338163 5.392638 5.504003 5.691117 5.887216 6.120975 6.322146 6.49032 6.59597 6.63106 6.60685 6.53865 6.46912 6.418566 6.40661 6.399668 6.319343 6.13955 5.878553 5.636878 5.436018 5.293669 5.195836 5.13677 5.096193 5.044865 4.989744 4.990766 5.076959
