py_wake/examples/data/AJ_ParqueFicticio/Rough survey   Sector 7   Height 200m   Orographic turn.grd
DSAA
73  159
 258469   265669
 6501692   6517492
-10.85354   12.08443
[rows 108 to 134 of 159, columns 0 to 61 of 73]
-2.303624 -1.349867 -.6247901 -.1481261 .1375802 .4687071 1.060612 2.046317 3.192764 4.311834 5.433313 6.562508 7.495234 8.043521 8.223437 8.061243 7.635614 6.758007 5.516742 4.367796 3.532879 2.817281 2.016477 1.184322 .466144 -.09985669 -.362312 -.3137173 -.07175421 .04587839 -.05352496 -.2057856 -.475786 -.6993404 -1.073655 -1.326386 -1.458967 -1.148414 -.2331271 .987368 2.301758 3.564306 4.704212 5.695824 6.219926 6.315437 6.17305 5.962229 5.712454 5.261425 4.786345 4.246629 3.674299 2.98446 2.260683 1.59744 1.087154 .8925065 .9294787 1.078873 1.320494 1.528299
-2.095466 -1.257795 -.3975776 .2737364 .817175 1.300187 1.833848 2.60219 3.597078 4.760052 5.90734 6.903428 7.617976 8.116538 8.21179 8.164025 7.958119 7.488137 6.477103 5.290841 4.192389 3.286912 2.376738 1.544434 .7121347 .1079151 -.2708831 -.4824585 -.7934562 -1.143937 -1.553926 -1.864759 -2.05324 -2.154716 -2.112419 -1.968598 -1.688976 -1.078165 -.06225756 1.216122 2.735952 4.175705 5.484501 6.522743 7.087712 7.087296 6.745664 6.332378 5.892138 5.421216 4.943671 4.328833 3.459837 2.462159 1.484639 .6932535 .2446254 .1401519 .3336243 .6472514 .8525985 1.11681
-1.843009 -1.191828 -.4343635 .323749 1.012801 1.658943 2.323325 2.993937 3.942304 5.051014 6.144464 6.983719 7.410585 7.731736 7.89023 7.956944 7.959947 7.938581 7.448026 6.429082 5.171545 4.018369 3.014141 2.190355 1.371495 .7705193 .2788201 -.3886376 -1.283408 -2.325962 -3.196954 -3.596497 -3.675317 -3.382833 -2.869244 -2.245262 -1.553225 -.7059112 .3474677 1.629303 3.173551 4.710445 5.995576 6.966026 7.525785 7.598032 7.253261 6.762177 6.25317 5.564936 4.821478 3.90693 2.728367 1.54383 .5289284 -.1455781 -.461107 -.4126219 -.09273117 .3457737 .6402499 1.03655
-1.718124 -1.287529 -.6493727 .07553213 .8290933 1.642483 2.425052 3.249832 4.201427 5.175905 6.127419 6.751652 7.008783 7.155856 7.233225 7.251795 7.420229 7.742692 8.017077 7.590837 6.393844 5.062071 3.910306 3.018469 2.268541 1.642452 .962409 -.08648666 -1.660192 -3.246794 -4.485938 -5.104306 -5.007188 -4.409504 -3.509537 -2.388919 -1.245188 -.08846121 1.01932 2.219248 3.552607 4.960223 6.115865 6.929859 7.403701 7.536396 7.407966 7.165159 6.698689 5.823312 4.694737 3.317862 1.840727 .5154375 -.399532 -.9001839 -1.116057 -.9589717 -.5364544 .02464454 .6106108 1.295201
-1.889001 -1.526496 -.9485085 -.2024482 .6465588 1.524874 2.459308 3.418207 4.356707 5.206941 5.980028 6.411925 6.526435 6.484003 6.326634 6.278708 6.543404 7.138079 7.867264 8.089446 7.424326 6.270786 5.106571 4.077957 3.174492 2.360787 1.426405 -.03921849 -1.899914 -3.686111 -5.032578 -5.734306 -5.683866 -5.022626 -3.945068 -2.584426 -1.035493 .4784803 1.761304 2.875642 3.899308 4.888535 5.754097 6.380104 6.743783 6.985073 7.115823 7.122244 6.882242 6.062697 4.590228 2.773688 1.072614 -.2354276 -1.072272 -1.416926 -1.476461 -1.362483 -1.028735 -.4222629 .4937125 1.492134
-2.292492 -1.794574 -1.146295 -.342064 .5104243 1.474816 2.452143 3.441939 4.36499 5.105014 5.691895 6.012173 5.974296 5.733578 5.419422 5.259104 5.611017 6.353719 7.185163 7.801658 7.862763 7.336218 6.427346 5.364816 4.171374 2.897156 1.54737 -.1237803 -2.000683 -3.66659 -4.837746 -5.473021 -5.590732 -5.168511 -4.24485 -2.807726 -1.009924 .8475795 2.346985 3.33925 4.047416 4.525982 4.956046 5.334269 5.64618 5.999874 6.327783 6.495631 6.433239 5.727328 4.276494 2.402054 .6776897 -.6134748 -1.328707 -1.591085 -1.642472 -1.532866 -1.387307 -.9270996 .1025122 1.367224
-2.640605 -1.95728 -1.189936 -.4159142 .5102411 1.478763 2.482894 3.419315 4.238136 4.891178 5.360641 5.471347 5.260675 4.857758 4.49457 4.440389 4.881765 5.542881 6.269143 6.94326 7.51946 7.746961 7.459094 6.553311 5.068044 3.364641 1.604757 -.1987486 -1.970293 -3.304797 -4.116082 -4.585114 -4.835209 -4.72125 -4.061761 -2.789263 -.8946865 1.160865 2.784298 3.716641 3.947143 3.911915 3.865162 3.939365 4.213141 4.621892 5.034841 5.312232 5.268884 4.754085 3.53304 1.96198 .4538929 -.7095512 -1.292027 -1.525163 -1.61043 -1.599334 -1.530727 -1.241471 -.5271209 .6947957
-2.72468 -2.01582 -1.224473 -.4046143 .5240551 1.5433 2.571617 3.414008 4.129173 4.728461 5.052562 4.911525 4.485383 3.990851 3.724063 3.880638 4.350212 4.778357 5.24235 5.777422 6.372071 7.025285 7.414055 7.107046 5.71452 3.823184 1.759324 -.1444779 -1.728067 -2.640342 -3.100107 -3.408183 -3.757483 -3.758155 -3.243898 -2.124935 -.3841643 1.585709 3.16381 3.88096 3.769616 3.247814 2.691672 2.443989 2.553746 2.907896 3.35753 3.684108 3.679557 3.28727 2.446824 1.342814 .1894102 -.6394703 -1.118679 -1.406997 -1.472645 -1.52684 -1.505331 -1.366011 -.8916683 -.0123862
-2.503835 -1.827972 -1.127386 -.305735 .7082088 1.738541 2.741776 3.567005 4.246435 4.730083 4.865896 4.509747 3.830607 3.342092 3.228679 3.575084 3.96155 4.211658 4.374885 4.637648 4.985172 5.438196 6.025774 6.37176 5.759277 4.044601 2.032326 .1222897 -1.164342 -1.766008 -2.054259 -2.30037 -2.553255 -2.51384 -1.945735 -.9326905 .5469383 2.222977 3.589263 4.0686 3.666542 2.707791 1.740702 1.161587 .9827327 1.17859 1.475859 1.816858 1.910579 1.730309 1.214819 .5738921 -.1115525 -.682646 -1.077293 -1.30731 -1.411505 -1.432595 -1.423339 -1.370141 -1.132919 -.5542813
-1.8759 -1.343266 -.7415643 .1212812 1.16958 2.197112 3.163706 4.000251 4.64733 5.029095 4.920356 4.339103 3.576144 3.048975 2.931673 3.286105 3.682894 3.869202 3.870306 3.874669 3.84073 3.820705 4.022508 4.512011 4.676426 3.906789 2.247498 .6081974 -.3877824 -.8054222 -1.039582 -1.297968 -1.411927 -1.167515 -.5580015 .320065 1.51134 2.953271 4.011805 4.260454 3.567126 2.315181 1.027935 .2088135 -.1747242 -.2825355 -.1900798 .02425367 .1801937 .1550591 .0009896059 -.318114 -.6300256 -.9563478 -1.180264 -1.35305 -1.456524 -1.455276 -1.461248 -1.4374 -1.347442 -1.094224
-.9512628 -.4952269 .1600826 1.053432 2.07632 3.067025 3.955403 4.721627 5.19539 5.383669 5.114423 4.462975 3.667413 3.082083 2.843706 2.97746 3.343263 3.536095 3.472866 3.259088 3.001539 2.666492 2.391896 2.554711 3.028242 3.176339 2.404359 1.351412 .5628402 .129117 -.1949666 -.323744 -.3206006 .008568273 .5169713 1.213301 2.156042 3.366795 4.269024 4.343051 3.494665 2.002191 .5246978 -.4745619 -1.057576 -1.3618 -1.500059 -1.456322 -1.306441 -1.108932 -1.047382 -1.050777 -1.138992 -1.318839 -1.411428 -1.547474 -1.575357 -1.647268 -1.672208 -1.744358 -1.905985 -1.793247
.09756354 .705133 1.50583 2.456323 3.44139 4.360735 5.10796 5.52551 5.669711 5.57303 5.199109 4.519951 3.841098 3.239961 2.880141 2.709003 2.768896 2.809008 2.73252 2.559052 2.312736 2.005054 1.574422 1.454766 1.71102 2.05691 2.188194 1.930731 1.444981 .9205317 .4989416 .3551652 .5204362 .791257 1.193158 1.90573 2.700904 3.518459 4.047322 4.024422 3.241155 1.783897 .2183988 -.959812 -1.686321 -2.144135 -2.44376 -2.537062 -2.346831 -2.016197 -1.707681 -1.518493 -1.544499 -1.600444 -1.689476 -1.791157 -1.85954 -2.002723 -2.25671 -2.580601 -2.763266 -2.665817
1.055918 2.007565 3.024244 4.045265 5.022503 5.810782 6.335404 6.441797 6.079839 5.408479 4.753184 4.232208 3.841432 3.456218 3.098931 2.638433 2.240249 1.927096 1.757847 1.682074 1.675475 1.658446 1.54632 1.249078 1.1761 1.307172 1.710316 2.069761 2.019681 1.549595 1.044196 .9237897 .9953958 1.21393 1.708286 2.504943 3.241085 3.5502 3.534359 3.134347 2.532114 1.50437 .1244677 -1.207296 -2.174035 -2.796445 -3.117556 -3.147043 -2.917554 -2.528 -2.114455 -1.858532 -1.791396 -1.857782 -1.970516 -2.075226 -2.308203 -2.667716 -3.320174 -3.79555 -3.820496 -3.384922
1.807524 3.034737 4.294886 5.499836 6.477601 7.194164 7.554092 7.337499 6.430708 5.044246 3.907258 3.396509 3.26105 3.30881 3.155708 2.696207 1.974456 1.287239 .8464128 .7811527 .9270872 1.258522 1.515375 1.495541 1.268329 1.122537 1.373486 1.890379 2.249881 2.043792 1.656935 1.455915 1.341718 1.580548 2.244943 3.154582 3.70279 3.59511 2.881807 2.02187 1.403705 .7519191 -.1759736 -1.389069 -2.434716 -3.103198 -3.437526 -3.444972 -3.16679 -2.787374 -2.345546 -2.113688 -2.038928 -2.127595 -2.302565 -2.639922 -3.036504 -3.75659 -4.485951 -4.766847 -4.36864 -3.578256
2.136065 3.620669 5.149732 6.538713 7.613779 8.329896 8.505796 8.001437 6.660778 4.857916 3.281625 2.369153 2.209423 2.43986 2.617873 2.398554 1.713968 .919014 .3184746 .020785 .1721925 .6576332 1.241825 1.526937 1.477466 1.270409 1.393875 1.752974 2.268794 2.424476 2.286724 1.955197 1.780433 2.115386 2.962642 3.729322 3.949612 3.474054 2.257863 1.001729 .09448247 -.4176253 -.929243 -1.672026 -2.463522 -3.076074 -3.344988 -3.378621 -3.217468 -2.892519 -2.65858 -2.410037 -2.454288 -2.577135 -2.965654 -3.4304 -3.974661 -4.673892 -5.080936 -4.776837 -3.909737 -2.962034
2.417764 3.989118 5.667815 7.183832 8.341098 8.996952 9.067982 8.37226 6.902057 5.07415 3.253923 1.946762 1.318109 1.25091 1.398308 1.366233 .9647012 .3554449 -.196765 -.4483439 -.3679397 .1434263 .8851969 1.362879 1.425425 1.379454 1.496857 1.947176 2.514771 2.884237 2.901045 2.585578 2.515264 2.904328 3.546622 3.94419 3.764006 2.921609 1.497325 .1169446 -.960879 -1.613316 -1.882621 -2.1583 -2.525266 -2.831461 -3.0874 -3.084278 -3.099465 -3.043117 -2.971587 -2.955357 -3.057595 -3.356055 -3.891651 -4.408247 -4.770339 -5.077345 -4.70427 -3.804055 -2.936676 -2.053208
2.935301 4.422465 6.031879 7.434001 8.504135 9.021292 9.009101 8.339834 7.174527 5.65732 3.849519 2.239675 1.14611 .6327487 .3803912 .1952685 -.1361051 -.5098966 -.777722 -.8162012 -.6787538 -.2298226 .3127682 .8417394 .9789897 1.049292 1.453182 2.150574 2.989359 3.535388 3.652409 3.425588 3.363981 3.61131 3.825506 3.749349 3.143283 1.972605 .5604736 -.6852264 -1.750848 -2.378551 -2.615768 -2.599492 -2.675753 -2.799963 -2.802235 -2.790443 -2.78435 -3.052641 -3.267 -3.49393 -3.940893 -4.474813 -5.019166 -5.2708 -5.264364 -4.57225 -3.508643 -2.512793 -1.804885 -1.166019
3.918205 5.103788 6.30644 7.441158 8.192028 8.357234 8.165825 7.710179 7.134652 6.246429 4.785318 3.100712 1.672769 .7485248 .1821823 -.2325921 -.7095422 -1.134092 -1.365739 -1.263883 -1.046256 -.8080222 -.5489853 -.297805 .05845305 .4073504 1.063172 2.090757 3.165472 4.017118 4.386157 4.335481 4.170877 4.089541 3.895477 3.325166 2.304387 .9158103 -.4008408 -1.492998 -2.311754 -2.803174 -2.954393 -2.959097 -2.92004 -2.819193 -2.734691 -2.597991 -2.564373 -2.9057 -3.439442 -4.22747 -5.05921 -5.792619 -6.054226 -5.830763 -5.11298 -3.743662 -2.228377 -1.144544 -.6353432 -.3518969
5.140343 5.985172 6.782214 7.377793 7.561071 7.235708 6.849301 6.644239 6.624049 6.47435 5.604066 4.153418 2.590913 1.308627 .4338302 -.04350956 -.4706626 -.931372 -1.258254 -1.377082 -1.402237 -1.467071 -1.570562 -1.513302 -1.035416 -.2845919 .6746919 1.802339 2.888701 3.912781 4.597775 4.85306 4.740692 4.498751 3.901796 2.883293 1.447794 -.09099922 -1.320764 -2.257294 -2.863175 -3.122649 -3.222489 -3.180925 -3.060031 -2.988767 -2.895133 -2.78351 -2.760078 -2.929485 -3.79472 -4.978702 -6.235669 -6.90568 -6.687532 -5.950999 -4.631092 -2.833154 -1.050359 .02930255 .4383854 .5317617
6.572977 7.062321 7.28777 7.261885 6.866548 6.120584 5.533683 5.340556 5.515486 5.890918 5.823342 4.98103 3.550443 1.995921 .935561 .4435143 .2019364 -.1578313 -.638486 -1.150825 -1.629762 -2.057263 -2.41257 -2.479237 -1.931207 -.9152952 .3418168 1.496573 2.452832 3.442495 4.354433 4.892888 4.98371 4.690177 3.836479 2.42431 .70837 -1.010695 -2.293217 -3.090133 -3.481021 -3.518761 -3.459028 -3.298569 -3.169749 -3.061784 -3.007886 -3.016429 -3.129369 -3.369671 -4.215707 -5.56033 -6.736746 -7.172154 -6.605815 -5.440106 -3.787498 -2.000478 -.4447828 .6893011 1.234779 1.260674
8.218906 8.277596 7.966547 7.299462 6.295611 5.111604 4.325915 4.047964 4.255492 4.838404 5.379459 5.238285 4.280801 2.775393 1.518515 .9247441 .8004785 .6134898 .09168863 -.8007936 -1.704631 -2.424467 -2.954516 -3.126682 -2.622482 -1.575728 -.260647 .9657736 1.930241 2.918136 4.014171 4.910151 5.167006 4.726224 3.637566 1.960076 -.03378874 -1.893242 -3.237669 -3.902373 -3.990048 -3.797006 -3.593126 -3.380829 -3.129162 -2.963986 -2.879987 -2.943552 -3.235149 -3.746631 -4.558794 -5.628914 -6.534117 -6.599782 -5.80021 -4.512974 -3.109781 -1.812529 -.5694382 .7106912 1.570973 1.742516
9.985405 9.715491 8.775604 7.412806 5.688639 4.097337 3.177558 2.87758 3.111005 3.769752 4.552132 4.985202 4.707541 3.616431 2.221443 1.215672 .9001141 .8852686 .5226731 -.3570954 -1.483481 -2.427727 -3.166482 -3.460106 -3.151379 -2.355629 -1.128204 .1113043 1.339604 2.511883 3.780802 4.888541 5.310826 4.7281 3.432678 1.534774 -.5848089 -2.543143 -3.829567 -4.384795 -4.305207 -3.974499 -3.650665 -3.33518 -2.962294 -2.725206 -2.595531 -2.666249 -3.078586 -3.783555 -4.716093 -5.468647 -5.805994 -5.473924 -4.706826 -3.717087 -2.923847 -2.258037 -1.335065 .04472644 1.325985 1.960217
11.31806 10.79559 9.38915 7.43053 5.251781 3.276918 2.166795 1.767612 2.052047 2.787086 3.713565 4.493058 4.76343 4.23564 2.884243 1.503463 .7592762 .6777396 .5259933 -.1841178 -1.211798 -2.146882 -2.928225 -3.316926 -3.278287 -2.852932 -2.034369 -.834716 .5222724 1.89585 3.158006 4.401989 5.025437 4.68944 3.288253 1.329774 -.7769307 -2.62685 -3.820302 -4.378967 -4.34586 -4.03406 -3.690981 -3.246055 -2.737392 -2.386804 -2.217779 -2.312597 -2.811451 -3.703418 -4.552838 -4.88605 -4.786445 -4.254047 -3.757792 -3.324646 -3.001224 -2.694054 -2.073295 -.8916659 .6376657 1.715927
12.00517 11.18865 9.46815 7.231567 4.901258 2.939274 1.56494 .9182127 1.138966 1.816479 2.806452 3.768227 4.395622 4.324467 3.344257 1.837373 .7120783 .2231696 .04603591 -.3443419 -.9671514 -1.737949 -2.484545 -2.776882 -2.936389 -2.864286 -2.385465 -1.444798 -.2464945 .8333194 1.935821 3.055444 3.953447 4.007787 3.119143 1.434457 -.4563058 -2.135277 -3.402919 -4.066783 -4.324656 -4.116625 -3.815445 -3.341435 -2.786529 -2.246116 -2.047426 -2.143091 -2.606248 -3.417773 -3.987239 -3.925948 -3.514743 -3.157089 -3.05109 -3.040828 -2.992098 -2.905578 -2.657553 -1.827631 -.3697897 1.025045
12.08443 11.07567 9.175831 6.860791 4.685205 2.924026 1.469349 .6918684 .6154419 1.097619 1.925148 2.785784 3.505128 3.820406 3.398141 2.195798 .8168405 -.1434475 -.5919041 -.7656539 -1.063936 -1.561694 -2.028417 -2.262014 -2.263865 -2.283772 -1.993657 -1.409362 -.5748951 -.009774284 .6073991 1.37809 2.159306 2.58428 2.427044 1.412356 .01570621 -1.426684 -2.656637 -3.61734 -4.043382 -4.018389 -3.759386 -3.368188 -2.935436 -2.576011 -2.337162 -2.314314 -2.605441 -3.048505 -3.096 -2.642313 -2.262669 -2.211471 -2.414247 -2.664844 -2.843813 -2.966637 -2.955696 -2.511804 -1.41687 -.04762042
11.53471 10.52222 8.69824 6.474897 4.508599 2.996536 1.741583 .8452077 .4421299 .5630999 1.107852 1.78502 2.460713 2.962637 3.022253 2.354309 1.052229 -.1711342 -.9858204 -1.282644 -1.373588 -1.566333 -1.76433 -1.761842 -1.663703 -1.474298 -1.166895 -.8117821 -.5733869 -.354982 -.03015851 .312401 .6317948 .9089803 1.041669 .7973937 .103952 -.9337084 -2.040765 -3.078198 -3.560874 -3.672324 -3.468109 -3.232766 -3.07574 -3.014082 -2.925616 -2.902644 -2.897821 -2.70265 -2.193365 -1.469745 -.9941911 -1.176624 -1.62522 -2.043347 -2.417467 -2.808133 -3.011718 -2.895934 -2.199661 -1.061372
10.40462 9.545142 8.000253 6.093032 4.412194 3.222844 2.183865 1.194433 .4413088 .09148701 .1018019 .5421206 1.194639 1.843826 2.26319 2.114294 1.169245 -.02772307 -1.01126 -1.511072 -1.664741 -1.713967 -1.66642 -1.475142 -1.159303 -.7208743 -.3931909 -.1810786 -.3995494 -.4740194 -.3477889 -.2280235 -.2648976 -.3019206 -.2927986 -.234864 -.4768776 -.9655875 -1.727689 -2.614447 -3.1755 -3.288851 -3.14099 -3.067291 -3.177969 -3.284758 -3.515082 -3.574905 -3.351864 -2.533164 -1.557343 -.6634094 .02604783 .06804879 -.5420681 -1.127461 -1.629785 -2.208632 -2.67927 -2.988353 -2.795722 -1.985209
