py_wake/examples/data/AJ_ParqueFicticio/Rough survey   Sector 11   Height 30m   Orographic speed.grd
DSAA
73  159
 258469   265669
 6501692   6517492
 .21804   2.036368
[rows 0 to 27 of 159, columns 0 to 62 of 73]
.907637 .9194705 .9244477 .9282199 .9301358 .9321565 .9352682 .9380497 .9406574 .942301 .9417294 .938777 .936069 .9327036 .9282284 .9251165 .923035 .92199 .9201545 .9201778 .9292927 1.004033 1.063512 1.101188 .9910235 .7600352 .7432075 .8488587 .888914 .8634017 .8291848 .8265485 .8279111 .8572653 .8724693 .9137675 1.000946 1.082572 1.056302 1.050503 1.054446 1.066934 1.079629 1.072087 1.054255 1.062894 1.056307 1.052944 1.050744 1.046878 1.043966 1.037177 1.034 1.032605 1.025548 1.019447 1.013546 1.005127 .9986302 .9892337 .9781834 .9678404 .9583896
.904932 .9140068 .921163 .9267871 .9301786 .9327025 .935031 .937416 .9400172 .9431752 .9450423 .9414736 .937741 .9337343 .9277764 .9223151 .9188992 .9166901 .907473 .9009239 .9131122 .965574 1.077033 1.134737 1.100612 .9067715 .6922343 .7865345 .8553101 .8485035 .8376381 .8235084 .8191327 .831418 .8360125 .8845801 .9745661 1.102151 1.07312 1.061605 1.062436 1.073644 1.097965 1.096044 1.039673 1.04223 1.052054 1.058022 1.05673 1.05267 1.054596 1.046469 1.044294 1.040399 1.032629 1.027499 1.019596 1.0113 .9982619 .9867467 .973972 .9607425 .9483143
.9300723 .8901892 .9104926 .9228979 .9287232 .9324247 .9347777 .9363312 .9377678 .9406475 .9579099 .9531825 .9432192 .9381289 .9281372 .9194344 .9139409 .9085545 .8970874 .8769753 .8917658 .9205749 1.059176 1.161738 1.158896 .9402395 .7721879 .7814834 .8174827 .8211305 .8264237 .8136151 .8117918 .8084861 .7907141 .8419087 .9304435 1.113219 1.10102 1.079261 1.069865 1.075123 1.090363 1.133189 1.068352 1.030631 1.031111 1.045381 1.058936 1.062703 1.067181 1.07057 1.052687 1.043619 1.038626 1.034282 1.026176 1.015069 1.001014 .9856722 .9684777 .9527252 .9375749
1.030198 .9356799 .8977019 .9180707 .9263911 .9319284 .9350028 .9353219 .9342725 .935459 .9402559 .9610439 .9635359 .9548864 .9325338 .914636 .9056295 .8975215 .8849317 .8613492 .8672797 .8882086 1.001783 1.09258 1.157748 1.0008 .8332195 .7849702 .7964754 .8051984 .8167207 .8136104 .8046247 .7785095 .7444664 .7496808 .8368452 1.029605 1.152561 1.108906 1.104748 1.105426 1.104375 1.128613 1.132207 1.050896 1.032733 1.040753 1.053704 1.058748 1.078997 1.075289 1.059821 1.054323 1.052516 1.045861 1.036273 1.022006 1.004828 .9841721 .9626793 .9446725 .9284725
1.103111 1.000576 .8994037 .910192 .9186072 .9300064 .9367967 .9357157 .9326072 .9325779 .9316565 .9348153 .9663439 .9718809 .9395773 .9097092 .8968726 .8862487 .8739142 .8486867 .8620302 .8788676 .9374919 1.031363 1.111616 1.029388 .8880795 .8322393 .814125 .810986 .799787 .8142197 .7831575 .7466291 .7131471 .6655318 .7009795 .8996549 1.043634 1.081643 1.138031 1.180333 1.12778 1.110912 1.144103 1.081212 1.063353 1.052786 1.049576 1.057482 1.081827 1.086897 1.080591 1.076712 1.071943 1.063178 1.049635 1.031518 1.008667 .9835347 .9583859 .9316257 .9090677
1.098796 1.063269 .9982398 .9260417 .8940793 .9219962 .9444813 .9395851 .9285232 .926866 .9306543 .9200591 .9495443 .9624485 .9440665 .9076492 .8883972 .8702433 .8430282 .8506744 .8835965 .900185 .9354932 .9966393 1.081429 1.032529 .9302239 .8728147 .8426545 .824505 .8047242 .8088387 .8198801 .789995 .7660995 .7092822 .6501266 .7484292 .8998329 .9631189 1.064112 1.225012 1.155594 1.106823 1.095756 1.114503 1.094835 1.06951 1.051483 1.048243 1.068025 1.109922 1.109673 1.1067 1.099604 1.086718 1.068687 1.045838 1.017768 .9873837 .9526106 .9174185 .8745013
1.086687 1.095278 1.104972 1.050915 .9378344 .8960187 .9424295 .9463992 .9385309 .9355921 .9410977 .9273102 .9209533 .9424904 .9514219 .9294039 .8832287 .8578647 .825304 .8036035 .8543335 .9180964 .9590892 .9922559 1.068922 1.034761 .9677405 .9072737 .8630477 .834574 .8114124 .8039067 .8306214 .8129986 .7797261 .7434354 .7155806 .7152253 .7408996 .8168248 .983945 1.170873 1.165768 1.101358 1.095765 1.108399 1.108828 1.080881 1.038625 1.03195 1.052562 1.082721 1.125012 1.162043 1.148232 1.122433 1.095304 1.066773 1.034351 .9924672 .9465526 .8865221 .8313578
1.07823 1.084405 1.090023 1.094907 1.009802 .9256651 .9321313 .9476058 .9444271 .9435117 .9417812 .9353316 .9346156 .9516786 .9641509 .9528468 .9058641 .854462 .8175986 .7535408 .8067262 .8818493 .9738608 1.007012 1.078851 1.052482 1.002097 .9304821 .8867142 .8516249 .8308068 .8429959 .8390257 .821001 .7919216 .757818 .7383592 .7428389 .7348401 .6834044 .9082413 1.116418 1.127711 1.106035 1.094145 1.095436 1.114905 1.080836 1.017076 1.009448 1.049557 1.058862 1.085012 1.156205 1.230159 1.171602 1.128992 1.097262 1.062166 1.020124 .926607 .8681477 .8119893
1.077812 1.085613 1.093468 1.098001 1.066193 .9883373 .967864 .960027 .9483325 .9453022 .9459653 .9453014 .9491038 .9628287 .9812095 .979867 .9454033 .8656385 .8090697 .749218 .7214642 .806571 .9109569 .9663622 1.062593 1.09832 1.056938 .9705263 .9249676 .8913864 .8674229 .8630698 .8552777 .8405233 .8142867 .7851393 .764328 .7608692 .7694159 .7148994 .8151969 .9937546 1.035234 1.032081 1.082264 1.127702 1.084723 1.10024 1.016948 .9618303 1.039222 1.048898 1.048038 1.14592 1.23919 1.225094 1.165275 1.135441 1.117023 1.064288 .9306484 .8321126 .7960454
1.078313 1.085873 1.095779 1.104592 1.09825 1.041312 .9858524 .9581127 .9406729 .9457372 .9563482 .9616855 .9592266 .9686677 1.000416 1.015266 .9869769 .9187636 .8333538 .7608359 .7013115 .7127935 .8220761 .8374677 .949383 1.103876 1.112244 1.027766 .9813489 .9327974 .8953144 .8871542 .8791905 .8656172 .8479214 .8319444 .8051748 .7659692 .7935674 .7977659 .8079735 .8855776 .9275144 .8608295 1.025447 1.096664 1.054905 1.091128 1.033907 .9229708 .9845989 1.025272 1.020443 1.087444 1.212067 1.261701 1.201002 1.184598 1.178226 1.137617 .9947715 .8131833 .7686942
1.077969 1.085662 1.091279 1.099499 1.111102 1.070205 1.057364 .9980832 .9347003 .9504814 .9750122 .9861003 .9622192 .9516032 .987541 1.073125 1.073278 .9680587 .8899601 .8288642 .7431129 .7115555 .7715475 .7962739 .7823396 .9550879 1.103325 1.10371 1.031477 .9515302 .9251363 .9186593 .9101222 .8997204 .8824252 .8525078 .8368415 .8102829 .7974126 .8429046 .8706322 .9019721 .9091218 .8530949 .8982605 1.002506 .9819072 1.033555 1.036937 .9323236 .9270234 .9457643 1.008022 1.090473 1.181638 1.232351 1.237115 1.228155 1.244894 1.209616 1.084095 .8679038 .7757853
1.071262 1.080311 1.076083 1.063594 1.081734 1.082313 1.087274 1.037945 .9138803 .9652557 1.003862 1.03262 .9779599 .9113878 .9260693 1.07637 1.14855 1.072409 .9311917 .8707967 .8042303 .736859 .7236586 .7555562 .7752888 .788072 1.00782 1.07039 1.024044 .9677402 .9489891 .934924 .9333156 .9315408 .9182054 .8766785 .8607697 .8443937 .8205885 .8504122 .8857345 .9096295 .9168938 .9112216 .9092742 .9363627 .9382481 .9533919 .9921395 .9471136 .8665827 .8738827 1.016146 1.120604 1.133081 1.147784 1.204025 1.273085 1.26557 1.256968 1.181771 .9993501 .8326277
1.0594 1.067645 1.068282 1.057993 1.070595 1.084439 1.097672 1.104399 .9270127 .971714 1.022471 1.077045 1.066707 .9000559 .8833694 .9016259 1.050012 1.12392 1.107491 .9691481 .8572878 .789238 .7598905 .7623022 .7749434 .7995362 .8261626 .9617414 1.007943 .980989 .9575741 .9431347 .9423655 .9384043 .9294235 .9038357 .8807542 .8701476 .8617035 .8569324 .8841059 .911018 .9287659 .9429187 .9248531 .9146324 .9239458 .9447458 .9699963 .94416 .8792309 .7967921 .9281568 1.07191 1.118405 1.089532 1.133557 1.18783 1.216753 1.196086 1.154734 1.021877 .8954991
1.044549 1.048806 1.061396 1.064482 1.072109 1.085467 1.094025 1.106684 .974111 .9567364 1.016728 1.077208 1.107285 1.052535 .9343046 .9064487 .9824353 1.036219 1.090235 1.069605 1.036098 .9510505 .8347307 .7655692 .7814435 .8025306 .8410161 .8909979 .9338892 .939847 .9360727 .9297807 .932299 .9364251 .9265304 .9151548 .8951433 .8873 .8851746 .8874848 .8918144 .9051888 .9275448 .9614643 .9372411 .9266971 .9269425 .9278414 .9482014 .9404903 .9044608 .8608299 .8723785 1.023753 1.11108 1.105989 1.105567 1.132211 1.137359 1.111049 1.058509 .9787295 .8978682
1.033349 1.045217 1.056228 1.065467 1.07523 1.082319 1.086058 1.083351 1.028349 .9913551 1.04113 1.072999 1.090455 1.084375 1.039883 1.0035 1.010752 1.038116 1.072187 1.068267 1.079855 1.070618 1.027036 .8518884 .7742556 .8028519 .8276212 .8606954 .888368 .9039672 .9109344 .9156286 .9321786 .9453881 .9447403 .9214076 .9023132 .8880904 .8945898 .9176757 .9327794 .9419198 .9424286 .9691806 .9823378 .9382617 .9414793 .9310496 .9391115 .9442922 .932095 .9281668 .9515074 1.01021 1.077152 1.107548 1.132087 1.154978 1.140771 1.088671 1.024603 .935585 .8514835
1.026402 1.040859 1.052987 1.062758 1.072326 1.077669 1.078484 1.077271 1.062419 1.032795 1.040911 1.060983 1.076827 1.085651 1.072512 1.02656 1.006931 1.034542 1.076646 1.082086 1.075927 1.110509 1.149722 1.049843 .8856261 .7753335 .8057523 .8368748 .8632074 .8887678 .898817 .9023748 .9209646 .9694349 1.024622 .9655772 .8677639 .864668 .880621 .9423091 .9934123 .9783995 .9589145 .9876349 .9962569 .9701827 .9474342 .940729 .9584292 .9619343 .9595499 .9593572 .9858842 1.030532 1.069786 1.107007 1.164453 1.199856 1.202623 1.118412 1.036601 .9459292 .7452626
1.022582 1.033836 1.045811 1.055816 1.065485 1.071719 1.073175 1.070206 1.060393 1.044656 1.042797 1.050539 1.061441 1.062567 1.070775 1.063148 1.041845 1.037099 1.065566 1.071385 1.075066 1.101871 1.132024 1.161353 1.1297 .9386389 .7745208 .7995042 .8432457 .8749323 .8868612 .8756353 .9081305 .9963552 1.090047 1.078942 .8999168 .8154592 .834106 .9098122 1.017145 1.006644 .9885011 .9947797 1.001852 .9803885 .9499731 .9581041 .9870874 .9906328 .962446 .953105 .9906009 1.034173 1.076991 1.114419 1.179841 1.226982 1.236496 1.190364 1.121412 1.028197 .7814726
1.020681 1.031571 1.041593 1.05232 1.060099 1.065875 1.06742 1.065413 1.059464 1.056611 1.052541 1.042657 1.040511 1.057889 1.067377 1.069546 1.0598 1.05526 1.06465 1.071993 1.078186 1.096368 1.119326 1.149306 1.164498 1.14578 .9715179 .8127759 .8138933 .8578505 .8729526 .8693431 .8955134 .9738118 1.103913 1.145187 .9927855 .8101454 .8109902 .8855847 1.065251 1.127581 1.041791 1.019565 1.008637 .972972 .9276988 .9837626 1.0464 1.042467 .9740272 .9278982 .9727157 1.05518 1.115624 1.155208 1.200684 1.223874 1.244842 1.239147 1.186075 1.11246 .9103436
1.01724 1.027424 1.037675 1.049315 1.055925 1.061306 1.063673 1.061276 1.059178 1.060676 1.062522 1.042532 1.029877 1.052428 1.0644 1.069824 1.067645 1.066887 1.069149 1.071212 1.073011 1.084078 1.105842 1.141399 1.164684 1.150475 1.094949 .9906504 .8956484 .8868918 .8532009 .8391145 .9536244 1.051362 1.116237 1.165655 1.08895 .8709311 .7756078 .8784064 1.118349 1.250877 1.221109 1.165287 1.098419 1.043025 .949691 1.007752 1.097543 1.089751 .9964525 .9376137 .9547273 1.026622 1.114761 1.178156 1.22694 1.252297 1.246555 1.235383 1.23515 1.17206 1.00506
1.014047 1.02358 1.036553 1.046854 1.050577 1.054952 1.05654 1.056471 1.056383 1.060199 1.062567 1.057986 1.042934 1.04986 1.062198 1.070438 1.074546 1.07702 1.074144 1.071066 1.06719 1.070489 1.072915 1.09961 1.12483 1.13772 1.143984 1.085707 .9889535 .9602317 .8897189 .7928752 .8913137 1.101461 1.14494 1.184232 1.147844 .9383797 .7603754 .86455 1.091395 1.261453 1.287623 1.288864 1.242944 1.167877 1.040932 1.047452 1.135007 1.135103 1.042041 .9815812 .9664742 1.01577 1.09632 1.175056 1.22369 1.271092 1.26443 1.239572 1.219728 1.197633 1.075197
1.009436 1.01826 1.02923 1.037052 1.042199 1.044299 1.048442 1.050633 1.051649 1.056626 1.061119 1.063019 1.054694 1.056561 1.063711 1.071389 1.077523 1.08129 1.07724 1.067436 1.063639 1.061368 1.069668 1.082351 1.100069 1.10631 1.099935 1.094021 1.096095 .9753901 .9268333 .8414437 .7778031 1.078367 1.176169 1.218839 1.129884 .9353607 .7992938 .86639 1.068142 1.203946 1.266801 1.270154 1.277179 1.279591 1.180941 1.115839 1.146466 1.172867 1.081087 1.063254 1.022182 1.036291 1.110264 1.181716 1.242636 1.287361 1.289525 1.256391 1.21782 1.167245 1.104662
1.006711 1.010573 1.014406 1.028156 1.03397 1.036357 1.038017 1.040506 1.04269 1.05133 1.062066 1.066058 1.063175 1.063305 1.066082 1.06876 1.075842 1.083131 1.077412 1.074733 1.071258 1.067852 1.068795 1.078319 1.089727 1.093995 1.085522 1.072953 1.092837 1.033946 1.002657 .9596305 .7552741 .8561068 1.085546 1.212595 1.179365 .9491264 .7613869 .8533226 1.051232 1.179501 1.236347 1.256989 1.277148 1.291807 1.247936 1.184546 1.167639 1.158986 1.127271 1.103407 1.094418 1.069736 1.138382 1.207959 1.259303 1.308289 1.313763 1.26966 1.194031 1.122491 1.06524
1.005908 1.009253 1.010138 1.01559 1.022828 1.026705 1.028377 1.030608 1.033029 1.044379 1.060559 1.06512 1.066368 1.06745 1.066915 1.067916 1.061222 1.079557 1.082118 1.080691 1.075966 1.074265 1.076372 1.08226 1.087452 1.08818 1.078809 1.061944 1.060483 1.069062 1.09278 1.072694 .8592424 .7713899 .935196 1.193518 1.20112 1.013566 .7670636 .7224904 .9496586 1.145983 1.239211 1.247829 1.261603 1.27482 1.268723 1.254776 1.235933 1.174718 1.150546 1.147566 1.151638 1.12007 1.16017 1.244675 1.291842 1.319648 1.344433 1.3074 1.174207 1.062712 1.002879
1.009554 1.015291 1.007455 1.003634 1.010498 1.017062 1.020314 1.023326 1.026187 1.038157 1.054508 1.060838 1.06321 1.06766 1.067935 1.06838 1.059304 1.064919 1.075581 1.080899 1.081959 1.082235 1.083385 1.087482 1.0887 1.081988 1.070204 1.057194 1.014086 1.031856 1.083485 1.109804 .9981024 .8070526 .8334613 1.093444 1.180407 1.122674 .9405441 .7223607 .7899045 1.038001 1.153757 1.212578 1.22258 1.266633 1.281925 1.285699 1.272094 1.231768 1.200042 1.185356 1.190038 1.159896 1.174197 1.278951 1.342174 1.339028 1.360414 1.333404 1.192072 1.024372 .9581406
1.006627 1.012079 1.011202 1.005927 1.008498 1.012651 1.015193 1.018998 1.022169 1.038211 1.047789 1.055416 1.059052 1.060954 1.062668 1.069948 1.066191 1.064334 1.072191 1.079211 1.083568 1.086011 1.088295 1.092278 1.08809 1.073464 1.056834 1.047467 1.00733 .9541588 1.020069 1.083505 1.092699 .9514217 .8061085 1.004116 1.109228 1.098262 1.037101 .8929052 .8201847 .941655 1.075539 1.148282 1.176899 1.24474 1.274721 1.298526 1.297226 1.26276 1.252925 1.243588 1.247961 1.19304 1.163939 1.298019 1.404063 1.380137 1.360153 1.349151 1.185447 1.024313 .9212049
1.007765 1.003307 1.006277 1.007383 1.009203 1.012498 1.016649 1.017205 1.019472 1.033042 1.041716 1.048123 1.052145 1.055947 1.059547 1.065741 1.068458 1.069468 1.072693 1.077702 1.081885 1.085282 1.089487 1.091992 1.086032 1.061446 1.036303 1.040278 1.039251 .9694281 1.003934 1.063129 1.0719 1.068023 .8442665 .9459588 1.060353 1.086751 1.059979 .9692654 .8616898 .9217404 1.083788 1.128565 1.165162 1.212483 1.242247 1.286118 1.311558 1.300245 1.287711 1.304965 1.328267 1.248736 1.142238 1.29425 1.483676 1.443475 1.342282 1.293802 1.171424 1.041623 .9413674
1.009294 .9989992 1.000816 1.004463 1.009837 1.013871 1.017807 1.021295 1.022854 1.02227 1.030888 1.040644 1.047835 1.052602 1.06087 1.062334 1.066938 1.071414 1.073271 1.074803 1.073915 1.078225 1.083171 1.077018 1.090529 1.082725 1.034901 1.041292 1.06472 1.025784 1.030131 1.050379 1.053316 1.023651 .9304481 .9914946 1.036486 1.057553 1.063354 .9455132 .8884549 .9343662 1.069648 1.145342 1.184648 1.188003 1.210185 1.266234 1.31114 1.315065 1.313137 1.349977 1.424438 1.360573 1.147503 1.237205 1.514908 1.533057 1.372303 1.224612 1.113431 1.030174 .9560912
1.008195 1.006261 1.003136 1.00522 1.010571 1.014874 1.019399 1.022283 1.018856 1.019937 1.026152 1.035777 1.044078 1.051741 1.057613 1.062435 1.066229 1.07108 1.072756 1.071518 1.067108 1.061624 1.072942 1.080297 1.08824 1.086022 1.07041 1.047539 1.062934 1.054363 1.044092 1.053786 1.047318 .9992492 .962801 1.01509 1.024997 1.02968 1.050101 .9739986 .9040903 .9137198 .9920081 1.129366 1.195534 1.20732 1.217025 1.249047 1.301749 1.326331 1.31368 1.361693 1.49331 1.511153 1.247008 1.225753 1.485268 1.583128 1.408927 1.16487 1.047845 .98677 .9030924
