py_wake/examples/data/AJ_ParqueFicticio/Rough survey   Sector 11   Height 200m   Orographic speed.grd
DSAA
73  159
 258469   265669
 6501692   6517492
 .6968251   1.35811
[rows 112 to 139 of 159, columns 0 to 62 of 73]
1.172273 1.173637 1.16819 1.164342 1.166056 1.171372 1.178939 1.188287 1.197493 1.205081 1.211856 1.21527 1.199945 1.165787 1.125646 1.083797 1.054067 1.036106 1.011646 .985787 .9739997 .9817913 .9931558 1.026414 1.082733 1.133428 1.159193 1.169653 1.175317 1.177805 1.179379 1.176001 1.161763 1.138413 1.108769 1.079534 1.062037 1.069267 1.096692 1.121705 1.130364 1.112431 1.06511 .9996808 .9379281 .8882627 .8550968 .8387676 .8443688 .8826967 .9325014 .9693425 .9801648 .9718404 .9565942 .9412885 .9268032 .9085861 .8815697 .8403528 .7906027 .7533816 .7324572
1.195464 1.196041 1.192699 1.189144 1.191479 1.196917 1.20376 1.211188 1.217913 1.223913 1.229696 1.229212 1.211919 1.177102 1.136698 1.102277 1.081878 1.066062 1.034616 .9922745 .9579805 .9451107 .952305 .9867895 1.046196 1.103268 1.129402 1.135223 1.139195 1.145997 1.153641 1.168512 1.179557 1.172012 1.153699 1.1289 1.106416 1.100487 1.115286 1.137583 1.150358 1.13921 1.093308 1.027796 .9637293 .9099646 .8717747 .847773 .8421 .8641533 .9039194 .9390926 .9559224 .9571061 .948547 .938139 .9272373 .9131809 .8928747 .8589904 .8114024 .7681602 .7400305
1.220257 1.218445 1.215543 1.213303 1.213999 1.22089 1.228771 1.234346 1.238638 1.242571 1.246311 1.243549 1.222029 1.186061 1.148443 1.121783 1.11174 1.097661 1.062708 1.015317 .9689147 .9327132 .9213329 .9464605 1.003808 1.06317 1.096103 1.102497 1.104663 1.111139 1.120859 1.140445 1.164768 1.178362 1.181846 1.172597 1.15433 1.140338 1.141701 1.153661 1.168161 1.163257 1.124059 1.063547 1.001042 .9455357 .9025753 .8713081 .8573461 .8628155 .8860732 .9139014 .9320706 .9411811 .9390516 .9320341 .9233658 .9125295 .8978482 .8740214 .8397158 .7973222 .7632433
1.235392 1.236154 1.234625 1.233798 1.236146 1.242628 1.249362 1.254606 1.257463 1.258637 1.260358 1.254025 1.23141 1.196807 1.164563 1.144731 1.137915 1.127234 1.096248 1.051367 1.003706 .9552805 .9192345 .9176994 .9616012 1.01718 1.055868 1.066945 1.071194 1.075512 1.08564 1.10459 1.13151 1.154829 1.17604 1.190955 1.189165 1.176542 1.16612 1.168006 1.179258 1.179033 1.151589 1.10307 1.046604 .992661 .9443758 .906384 .8836898 .8781683 .8869539 .9021559 .9160736 .9255123 .9284241 .9253733 .9180352 .9085782 .8969115 .8803595 .8570221 .8254061 .7935966
1.232776 1.237839 1.241908 1.246095 1.250107 1.257889 1.263634 1.266956 1.269002 1.270149 1.268944 1.257846 1.237284 1.208 1.182916 1.166235 1.160217 1.15123 1.126372 1.089869 1.046501 .9986637 .9518981 .9226401 .9335197 .9771848 1.01378 1.031205 1.03684 1.044694 1.056104 1.070421 1.094421 1.125185 1.156538 1.185109 1.201348 1.198433 1.183178 1.170592 1.172166 1.176593 1.163472 1.130579 1.087156 1.038268 .9907787 .9478824 .9166201 .9005252 .899909 .9058297 .9123221 .9167017 .9200009 .9181992 .9123999 .9029806 .892768 .8802406 .8654473 .8429018 .8194546
1.211157 1.222688 1.233365 1.242293 1.25214 1.261506 1.268148 1.27085 1.271664 1.271387 1.264284 1.251736 1.233727 1.212819 1.19742 1.18592 1.176811 1.164499 1.142917 1.111336 1.075676 1.03786 .998421 .9602723 .9405381 .9504482 .9776433 .9975236 1.008692 1.021217 1.029671 1.04064 1.067862 1.102571 1.137148 1.173144 1.200591 1.202585 1.180149 1.15412 1.147348 1.151535 1.150518 1.132218 1.101377 1.06565 1.025387 .9838237 .9491073 .9266567 .9168076 .9168608 .9179121 .9180793 .916608 .9140241 .9088899 .8984915 .8860486 .8748721 .8668339 .8537345 .836202
1.180803 1.197189 1.212642 1.22822 1.242863 1.255185 1.263826 1.268082 1.268559 1.262102 1.247966 1.232003 1.215946 1.201945 1.199258 1.197858 1.185352 1.166594 1.142087 1.113587 1.080933 1.05229 1.030778 1.003881 .9732044 .9503028 .9503641 .9638605 .9849603 1.000942 1.00767 1.016549 1.04713 1.08132 1.115887 1.16003 1.197367 1.202945 1.172413 1.132232 1.110967 1.112789 1.120289 1.114614 1.093162 1.068503 1.038662 1.004505 .9727962 .9470249 .9333841 .9287662 .9268353 .925512 .9215459 .9175144 .9104027 .9010398 .8863373 .8717544 .8642553 .8576308 .8462667
1.154229 1.172267 1.191497 1.21127 1.229996 1.243798 1.253617 1.260435 1.261697 1.250902 1.23149 1.210581 1.192072 1.182602 1.18681 1.196221 1.191322 1.171029 1.14178 1.10902 1.075167 1.046332 1.03169 1.024194 1.004139 .9736418 .9481987 .943334 .9603166 .9786397 .9859493 .9994445 1.029287 1.062147 1.098832 1.14737 1.192316 1.206445 1.172671 1.117484 1.078088 1.071511 1.083698 1.091228 1.076642 1.056404 1.035595 1.010452 .9836 .9590315 .9413844 .9348363 .9327902 .9304046 .9276663 .9240543 .9166259 .9073164 .8936187 .879433 .8684362 .8638877 .857311
1.146223 1.161269 1.179812 1.200277 1.218004 1.231317 1.239788 1.245492 1.248057 1.243158 1.226718 1.198878 1.172414 1.160373 1.165983 1.181959 1.189616 1.177524 1.14773 1.111253 1.071532 1.035766 1.016023 1.018049 1.013835 .9918435 .9621986 .9390114 .9394471 .9539135 .9647785 .9842874 1.016835 1.048107 1.090256 1.142976 1.187036 1.206239 1.177623 1.120208 1.06536 1.039421 1.04686 1.064456 1.062448 1.047524 1.028837 1.008434 .9861137 .9636697 .9445972 .9344682 .9314238 .9309448 .9289066 .92528 .9191429 .9090203 .8994073 .889993 .8812265 .8746496 .870865
1.155576 1.165047 1.179824 1.196495 1.211173 1.220172 1.225856 1.223167 1.221047 1.229564 1.230065 1.205087 1.173531 1.151018 1.149804 1.161901 1.174094 1.173119 1.155076 1.123015 1.081841 1.037947 1.007258 1.00066 1.002084 .9919907 .9721662 .9466938 .9285026 .9309298 .9440365 .969996 1.004457 1.039505 1.089025 1.140974 1.182969 1.197591 1.176577 1.127276 1.07041 1.03039 1.022377 1.037223 1.045106 1.039324 1.026701 1.009697 .9898558 .9697213 .9499882 .9353613 .9286209 .9274032 .9258389 .9248658 .9187436 .9099122 .9022478 .8981967 .8933647 .8881971 .8846509
1.17743 1.182692 1.190642 1.202008 1.209876 1.212314 1.211255 1.197433 1.18863 1.201481 1.223166 1.219849 1.195071 1.168991 1.152876 1.150027 1.156945 1.158612 1.149456 1.129443 1.095095 1.050878 1.012182 .9919136 .986025 .9808127 .9707411 .9545884 .9303064 .9161715 .9253669 .9542339 .9921964 1.039961 1.09163 1.143077 1.179995 1.183337 1.165466 1.126979 1.081092 1.038862 1.016415 1.017758 1.023977 1.025059 1.019696 1.009614 .9949505 .9773942 .9598679 .9417412 .9305696 .9248055 .9231716 .9211016 .9161721 .9082253 .9029393 .9025942 .9014962 .899843 .8979028
1.20186 1.208644 1.212879 1.216241 1.216639 1.211457 1.196079 1.172376 1.153037 1.16222 1.195741 1.215508 1.214511 1.199302 1.179921 1.16408 1.158794 1.154402 1.145517 1.1289 1.103745 1.065919 1.025758 .996404 .9814209 .973164 .9643584 .9523156 .9302956 .9091061 .9089736 .9376755 .9836812 1.03924 1.095928 1.146593 1.1749 1.172276 1.149487 1.115085 1.08175 1.050577 1.024987 1.012716 1.009484 1.007144 1.004736 .9989374 .9927551 .9828803 .9688441 .9534881 .9400842 .9299843 .9247844 .9198496 .910778 .9044533 .8986385 .8996025 .9051484 .9071075 .9054415
1.221029 1.234084 1.238196 1.238188 1.232321 1.218844 1.188101 1.151206 1.117909 1.117586 1.151605 1.184575 1.206749 1.211977 1.204343 1.190575 1.181179 1.172476 1.160048 1.143502 1.121097 1.090035 1.053519 1.016006 .9929951 .9817604 .9698353 .9552791 .9283237 .8996408 .891461 .9222356 .9747819 1.035407 1.096844 1.145035 1.167833 1.163611 1.13779 1.101352 1.072333 1.052059 1.035076 1.01993 1.008751 .999932 .9914171 .984237 .9780501 .9764771 .9704033 .9591582 .9487612 .9388202 .9320534 .9243149 .910774 .8998017 .8887338 .8895836 .8998298 .9084282 .9098943
1.225752 1.248327 1.260078 1.259801 1.249397 1.226944 1.191254 1.143781 1.095553 1.07822 1.10231 1.138116 1.173448 1.195457 1.200649 1.195969 1.192591 1.191913 1.184583 1.169938 1.1488 1.122121 1.087535 1.049922 1.018063 1.002608 .9931077 .9762482 .9433479 .9013044 .880023 .9043061 .9606292 1.026765 1.090051 1.137533 1.159074 1.15541 1.12955 1.094567 1.064501 1.045235 1.03383 1.024646 1.014322 1.001879 .9904972 .9767057 .9630351 .958926 .9574178 .9550161 .9495839 .9444485 .9384603 .9296366 .9172014 .9019893 .8850464 .8763058 .8856773 .9020945 .9099612
1.223021 1.25149 1.268925 1.273797 1.262873 1.238569 1.204813 1.153038 1.095336 1.057176 1.060222 1.089012 1.128158 1.160975 1.177189 1.17779 1.174922 1.180666 1.186946 1.183517 1.166941 1.144801 1.116208 1.083021 1.052165 1.031783 1.02161 1.003874 .9681364 .9171095 .8815596 .8927348 .9448543 1.012383 1.076946 1.123607 1.146632 1.147377 1.123816 1.090192 1.062578 1.043472 1.029794 1.021257 1.011378 1.002169 .9930317 .9802878 .9599116 .9426252 .9396909 .9417842 .9464628 .9491342 .9456382 .9395853 .9284073 .9112303 .8887351 .8674396 .8694807 .8885981 .9037259
1.212588 1.245501 1.268426 1.276935 1.266087 1.245895 1.219155 1.173996 1.115072 1.062169 1.038064 1.048413 1.082276 1.120803 1.147662 1.154168 1.145559 1.148658 1.161334 1.166527 1.161289 1.147996 1.126918 1.104493 1.082299 1.062835 1.045919 1.025009 .9898303 .9366597 .8922586 .8912249 .937651 1.000283 1.058874 1.102364 1.127724 1.135827 1.119503 1.088497 1.060594 1.04258 1.030979 1.020096 1.008893 .9980757 .9898934 .9828413 .9664637 .9424958 .9263801 .9278694 .9401178 .953826 .9590967 .9559357 .9450899 .9283583 .901518 .867634 .8574295 .8736737 .8896672
1.193025 1.228598 1.253682 1.264174 1.258933 1.244827 1.228667 1.193653 1.140735 1.085503 1.041938 1.026097 1.043301 1.080457 1.117513 1.135491 1.12456 1.116871 1.124701 1.133871 1.137858 1.134444 1.122336 1.110578 1.101482 1.087395 1.066579 1.039338 1.003442 .9538133 .9038757 .8937436 .9317109 .9857358 1.037175 1.076603 1.104427 1.118867 1.11343 1.088748 1.061128 1.040237 1.027771 1.018424 1.008557 .9956853 .9837102 .9764385 .9684058 .9480561 .9253032 .9190564 .9363432 .960122 .9753259 .9758571 .9688963 .9544384 .9232739 .8792134 .8546859 .8602654 .8726464
1.169534 1.201441 1.225212 1.236873 1.24128 1.23985 1.233057 1.206364 1.160136 1.108434 1.059817 1.023346 1.017259 1.043687 1.087011 1.119633 1.117385 1.100158 1.093911 1.098234 1.104831 1.110438 1.107699 1.105328 1.112152 1.112019 1.093376 1.060864 1.017676 .9677473 .9173189 .8993529 .9223269 .9655296 1.009933 1.04772 1.07623 1.09745 1.103327 1.086869 1.064369 1.042237 1.026996 1.014329 1.00409 .9927588 .9793506 .9656867 .9567221 .9416637 .9220729 .9142249 .9303274 .9607043 .9857349 .9928827 .9918802 .9833596 .9539871 .907468 .8684022 .853441 .8593513
1.154199 1.173763 1.189878 1.202015 1.212266 1.22653 1.236853 1.219781 1.181381 1.132569 1.081848 1.03543 1.007725 1.016129 1.054926 1.09763 1.115083 1.099747 1.078347 1.070176 1.074311 1.082495 1.084537 1.092273 1.112753 1.128497 1.124874 1.094946 1.047741 .9924302 .9426093 .9138981 .9208212 .9466805 .9821581 1.016795 1.04551 1.072534 1.089301 1.087754 1.070223 1.04818 1.032845 1.017962 1.002297 .9864755 .9730292 .9573464 .9406115 .926378 .9107559 .9047377 .9214535 .9548679 .9861571 1.001843 1.007586 1.006822 .9874983 .9471934 .9012466 .8695325 .8564303
1.145255 1.148563 1.155922 1.167177 1.179244 1.203148 1.233094 1.235402 1.209428 1.16658 1.115085 1.061355 1.018989 1.001262 1.025801 1.07136 1.106524 1.105906 1.081065 1.059095 1.051112 1.056252 1.061301 1.071936 1.101455 1.130343 1.145605 1.128587 1.085597 1.031967 .9819738 .9500854 .9384422 .9429667 .9604197 .9864579 1.014718 1.044567 1.071501 1.082479 1.075486 1.060674 1.047071 1.033959 1.016393 .9929574 .9707099 .9491533 .9269618 .906597 .8932053 .8907719 .9089953 .9441139 .9783697 1.000834 1.013298 1.021757 1.015825 .9875558 .9418315 .8992836 .8723689
1.13875 1.123942 1.122575 1.133646 1.147313 1.17637 1.215178 1.234179 1.22808 1.194775 1.146849 1.091993 1.041383 1.006345 1.006691 1.044738 1.087383 1.103412 1.089178 1.06165 1.041522 1.038634 1.041164 1.053658 1.08402 1.121585 1.147404 1.146691 1.108352 1.063445 1.022784 .9953654 .9789386 .9669224 .9589267 .9649065 .9875812 1.016398 1.045612 1.067756 1.073188 1.068673 1.058313 1.048576 1.032811 1.009804 .9827425 .9497307 .9158514 .8893635 .8758727 .8731607 .8927391 .9285098 .9643025 .9908085 1.00998 1.025991 1.031887 1.019067 .9822862 .9385885 .9040896
1.135849 1.103294 1.090538 1.10088 1.117823 1.15061 1.191461 1.221245 1.230865 1.211578 1.169894 1.116518 1.064085 1.022134 1.002883 1.022554 1.061152 1.085577 1.086975 1.068165 1.043427 1.031152 1.028969 1.040555 1.071281 1.10767 1.133909 1.136742 1.110852 1.073462 1.040656 1.025219 1.016434 1.001112 .9814955 .9674382 .9711604 .9919509 1.019437 1.04523 1.059178 1.06035 1.055797 1.051238 1.040559 1.021496 .995275 .960495 .9174373 .8817987 .8636287 .856119 .8663077 .9004959 .9406384 .9708217 .9956211 1.019444 1.036507 1.039065 1.015204 .9788062 .9435437
1.141322 1.092327 1.066103 1.07164 1.091805 1.127985 1.168069 1.203492 1.225511 1.223986 1.195933 1.146497 1.091416 1.043329 1.011435 1.011231 1.036914 1.060447 1.071688 1.06629 1.047498 1.030478 1.023272 1.032474 1.06181 1.094125 1.11985 1.121037 1.101741 1.070857 1.042469 1.030448 1.029055 1.023007 1.005399 .984531 .9728208 .9788032 .9989085 1.025493 1.044699 1.049376 1.047113 1.043565 1.036396 1.02009 .9990551 .9688371 .9271539 .8839667 .8596941 .8473627 .8453462 .8675155 .908147 .9425623 .9701355 .9994568 1.025868 1.043714 1.039073 1.015034 .9848749
1.152815 1.095836 1.054927 1.049507 1.075589 1.112086 1.146957 1.177683 1.205693 1.216878 1.2071 1.175538 1.127899 1.076856 1.034845 1.014985 1.023078 1.039513 1.052802 1.054798 1.045543 1.032479 1.023438 1.031856 1.061144 1.09358 1.111733 1.105507 1.087806 1.0645 1.043163 1.029192 1.025798 1.026385 1.017198 .9993267 .9839289 .9799565 .9887499 1.010314 1.030626 1.041055 1.039849 1.034966 1.028162 1.01528 .9976399 .9718084 .9358335 .8939865 .8635504 .8456032 .8362358 .8432521 .8732535 .9065358 .9373598 .9682375 1.001794 1.030408 1.044881 1.038265 1.018661
1.162564 1.106797 1.057559 1.040704 1.066576 1.102082 1.129964 1.155272 1.179231 1.191547 1.193019 1.182064 1.154051 1.113361 1.072829 1.040835 1.027261 1.02915 1.038332 1.040468 1.036397 1.029878 1.023013 1.03518 1.067415 1.10163 1.115333 1.097202 1.072453 1.053209 1.041045 1.032277 1.023808 1.021391 1.018334 1.007147 .9928401 .9843652 .9854569 1.000545 1.020862 1.035545 1.037342 1.029642 1.021091 1.00976 .9938115 .9733658 .9436537 .9087201 .8759814 .8519599 .8359514 .8325763 .8463793 .8712775 .9003814 .9317009 .9665678 1.003432 1.032951 1.044346 1.038647
1.163144 1.116123 1.066455 1.041658 1.061871 1.095705 1.122354 1.1441 1.159924 1.165655 1.167237 1.165224 1.153377 1.127332 1.099502 1.073201 1.048156 1.035891 1.032118 1.030806 1.025179 1.021253 1.017529 1.034003 1.071605 1.109891 1.123749 1.098821 1.065659 1.040776 1.031967 1.030706 1.026404 1.019106 1.014277 1.007676 .9972671 .9882127 .9845675 .9937531 1.013678 1.030444 1.034837 1.029873 1.020916 1.008372 .9933494 .9808638 .958487 .9280071 .8956816 .8672252 .8448263 .8329949 .8332096 .8433318 .8631072 .8897262 .9229986 .9638253 1.00485 1.033304 1.043962
1.153383 1.114862 1.073249 1.046752 1.061717 1.092788 1.121679 1.140099 1.149906 1.15028 1.144354 1.139425 1.134784 1.119756 1.103319 1.089901 1.071872 1.054863 1.043005 1.030384 1.017373 1.011398 1.007901 1.027692 1.070375 1.111826 1.127505 1.105349 1.067985 1.034741 1.021969 1.022989 1.026795 1.022542 1.016106 1.007281 .9985108 .9899215 .9834618 .9855884 1.00379 1.02127 1.027155 1.025868 1.020501 1.010753 .9952921 .9835967 .9664007 .940136 .9140108 .8901781 .8643236 .8441386 .8339797 .833492 .8401917 .8537166 .8779716 .9155511 .9623282 1.003743 1.03134
1.138117 1.105968 1.074573 1.052951 1.064818 1.094199 1.123875 1.138402 1.145806 1.149823 1.139008 1.123895 1.115927 1.105115 1.094062 1.088875 1.080687 1.071455 1.065131 1.048174 1.022918 1.005923 1.001037 1.020316 1.062271 1.106677 1.128741 1.112409 1.074214 1.038533 1.019056 1.014487 1.020589 1.022831 1.018853 1.011771 1.004244 .9959074 .9866494 .9817741 .9937866 1.007944 1.01436 1.016308 1.014166 1.006183 .9921878 .9801869 .9656568 .9444485 .9257751 .9119079 .892753 .8686894 .8504582 .8411942 .8391953 .8386261 .8442722 .869652 .9133369 .962863 1.002745
