py_wake/examples/data/AJ_ParqueFicticio/Rough survey   Sector All   Height 200m   Weibull-k.grd
DSAA
73  159
 258469   265669
 6501692   6517492
 1.880859   2.345703
[rows 112 to 139 of 159, columns 0 to 62 of 73]
2.181641 2.181641 2.181641 2.181641 2.177734 2.166016 2.154297 2.138672 2.130859 2.115234 2.103516 2.091797 2.095703 2.111328 2.130859 2.146484 2.150391 2.142578 2.138672 2.146484 2.173828 2.201172 2.224609 2.236328 2.224609 2.212891 2.208984 2.212891 2.208984 2.193359 2.177734 2.166016 2.169922 2.185547 2.205078 2.228516 2.244141 2.248047 2.236328 2.220703 2.212891 2.216797 2.228516 2.248047 2.271484 2.283203 2.291016 2.294922 2.294922 2.294922 2.291016 2.283203 2.279297 2.275391 2.271484 2.275391 2.275391 2.283203 2.291016 2.306641 2.318359 2.326172 2.333984
2.185547 2.185547 2.185547 2.185547 2.181641 2.173828 2.166016 2.150391 2.138672 2.123047 2.111328 2.107422 2.111328 2.130859 2.150391 2.162109 2.158203 2.150391 2.150391 2.154297 2.173828 2.193359 2.220703 2.232422 2.228516 2.212891 2.212891 2.216797 2.212891 2.197266 2.185547 2.173828 2.173828 2.185547 2.205078 2.228516 2.251953 2.255859 2.248047 2.232422 2.224609 2.224609 2.240234 2.259766 2.279297 2.294922 2.298828 2.302734 2.302734 2.298828 2.291016 2.283203 2.271484 2.267578 2.267578 2.271484 2.271484 2.279297 2.283203 2.294922 2.314453 2.330078 2.341797
2.185547 2.189453 2.189453 2.189453 2.189453 2.181641 2.169922 2.158203 2.146484 2.134766 2.123047 2.123047 2.130859 2.150391 2.166016 2.173828 2.169922 2.166016 2.166016 2.173828 2.181641 2.197266 2.212891 2.224609 2.224609 2.216797 2.216797 2.220703 2.216797 2.208984 2.201172 2.193359 2.189453 2.193359 2.208984 2.232422 2.255859 2.263672 2.259766 2.248047 2.244141 2.244141 2.255859 2.279297 2.294922 2.306641 2.310547 2.310547 2.310547 2.306641 2.294922 2.287109 2.275391 2.267578 2.267578 2.267578 2.271484 2.275391 2.279297 2.287109 2.302734 2.322266 2.337891
2.177734 2.185547 2.189453 2.189453 2.185547 2.177734 2.169922 2.158203 2.150391 2.142578 2.138672 2.138672 2.150391 2.169922 2.185547 2.189453 2.189453 2.185547 2.189453 2.197266 2.205078 2.212891 2.216797 2.220703 2.224609 2.220703 2.220703 2.224609 2.224609 2.220703 2.220703 2.220703 2.212891 2.212891 2.220703 2.236328 2.255859 2.267578 2.263672 2.263672 2.259766 2.263672 2.275391 2.287109 2.302734 2.310547 2.318359 2.318359 2.318359 2.314453 2.302734 2.291016 2.279297 2.271484 2.271484 2.267578 2.271484 2.275391 2.279297 2.287109 2.298828 2.314453 2.326172
2.169922 2.173828 2.177734 2.177734 2.173828 2.166016 2.162109 2.154297 2.150391 2.146484 2.146484 2.154297 2.173828 2.189453 2.201172 2.205078 2.205078 2.205078 2.212891 2.220703 2.232422 2.236328 2.240234 2.236328 2.232422 2.228516 2.228516 2.232422 2.232422 2.232422 2.236328 2.236328 2.236328 2.232422 2.240234 2.244141 2.251953 2.255859 2.259766 2.263672 2.267578 2.271484 2.279297 2.287109 2.294922 2.302734 2.310547 2.314453 2.314453 2.314453 2.302734 2.291016 2.283203 2.275391 2.271484 2.271484 2.271484 2.279297 2.283203 2.287109 2.291016 2.302734 2.314453
2.154297 2.154297 2.158203 2.158203 2.154297 2.150391 2.146484 2.142578 2.142578 2.142578 2.150391 2.166016 2.185547 2.201172 2.212891 2.212891 2.212891 2.212891 2.220703 2.232422 2.244141 2.251953 2.255859 2.251953 2.244141 2.240234 2.240234 2.240234 2.244141 2.248047 2.251953 2.251953 2.251953 2.248047 2.248047 2.244141 2.232422 2.232422 2.236328 2.251953 2.263672 2.267578 2.271484 2.275391 2.279297 2.283203 2.291016 2.294922 2.298828 2.298828 2.294922 2.287109 2.279297 2.275391 2.271484 2.271484 2.271484 2.275391 2.279297 2.283203 2.287109 2.291016 2.302734
2.126953 2.130859 2.130859 2.134766 2.130859 2.130859 2.126953 2.126953 2.126953 2.134766 2.146484 2.166016 2.189453 2.205078 2.208984 2.205078 2.205078 2.205078 2.212891 2.224609 2.240234 2.251953 2.255859 2.251953 2.251953 2.248047 2.251953 2.255859 2.255859 2.259766 2.263672 2.263672 2.259766 2.255859 2.244141 2.224609 2.205078 2.193359 2.201172 2.224609 2.244141 2.251953 2.251953 2.251953 2.255859 2.259766 2.263672 2.267578 2.275391 2.279297 2.279297 2.275391 2.271484 2.271484 2.267578 2.267578 2.271484 2.271484 2.275391 2.275391 2.271484 2.275391 2.279297
2.103516 2.107422 2.107422 2.107422 2.107422 2.107422 2.107422 2.111328 2.115234 2.123047 2.138672 2.154297 2.177734 2.189453 2.193359 2.189453 2.185547 2.189453 2.193359 2.205078 2.220703 2.236328 2.240234 2.244141 2.244141 2.251953 2.259766 2.263672 2.267578 2.263672 2.267578 2.267578 2.259766 2.248047 2.228516 2.201172 2.173828 2.162109 2.169922 2.197266 2.224609 2.236328 2.236328 2.228516 2.228516 2.232422 2.236328 2.240234 2.248047 2.255859 2.267578 2.267578 2.267578 2.267578 2.267578 2.263672 2.263672 2.263672 2.259766 2.255859 2.251953 2.251953 2.255859
2.095703 2.091797 2.091797 2.087891 2.087891 2.087891 2.091797 2.099609 2.111328 2.123047 2.130859 2.146484 2.162109 2.169922 2.173828 2.169922 2.166016 2.166016 2.173828 2.181641 2.197266 2.216797 2.228516 2.232422 2.236328 2.244141 2.255859 2.263672 2.267578 2.267578 2.267578 2.263672 2.251953 2.236328 2.208984 2.177734 2.150391 2.138672 2.150391 2.181641 2.208984 2.224609 2.224609 2.212891 2.208984 2.208984 2.212891 2.220703 2.228516 2.244141 2.251953 2.259766 2.263672 2.263672 2.259766 2.259766 2.255859 2.248047 2.236328 2.228516 2.224609 2.232422 2.240234
2.099609 2.091797 2.083984 2.076172 2.068359 2.072266 2.076172 2.091797 2.111328 2.126953 2.134766 2.142578 2.150391 2.154297 2.154297 2.150391 2.150391 2.150391 2.154297 2.166016 2.181641 2.201172 2.212891 2.220703 2.224609 2.236328 2.244141 2.255859 2.263672 2.267578 2.267578 2.259766 2.244141 2.224609 2.193359 2.158203 2.134766 2.130859 2.150391 2.177734 2.205078 2.220703 2.216797 2.208984 2.201172 2.197266 2.201172 2.208984 2.220703 2.232422 2.244141 2.251953 2.255859 2.255859 2.251953 2.244141 2.236328 2.228516 2.208984 2.205078 2.212891 2.224609 2.244141
2.107422 2.091797 2.080078 2.068359 2.056641 2.056641 2.064453 2.087891 2.115234 2.138672 2.142578 2.146484 2.150391 2.154297 2.146484 2.142578 2.134766 2.134766 2.138672 2.150391 2.166016 2.181641 2.201172 2.208984 2.212891 2.220703 2.232422 2.244141 2.255859 2.263672 2.267578 2.259766 2.240234 2.216797 2.185547 2.150391 2.130859 2.130859 2.150391 2.173828 2.193359 2.208984 2.208984 2.201172 2.197266 2.193359 2.197266 2.205078 2.212891 2.224609 2.236328 2.244141 2.244141 2.244141 2.236328 2.228516 2.216797 2.205078 2.197266 2.205078 2.220703 2.240234 2.255859
2.107422 2.095703 2.076172 2.060547 2.048828 2.048828 2.056641 2.083984 2.115234 2.142578 2.150391 2.154297 2.158203 2.154297 2.154297 2.146484 2.138672 2.134766 2.134766 2.138672 2.150391 2.169922 2.189453 2.205078 2.212891 2.216797 2.220703 2.232422 2.248047 2.259766 2.267578 2.263672 2.244141 2.212891 2.177734 2.142578 2.126953 2.130859 2.146484 2.166016 2.181641 2.193359 2.197266 2.193359 2.193359 2.193359 2.197266 2.208984 2.216797 2.220703 2.228516 2.232422 2.232422 2.228516 2.216797 2.201172 2.197266 2.193359 2.205078 2.224609 2.244141 2.259766 2.275391
2.107422 2.091797 2.076172 2.056641 2.044922 2.044922 2.052734 2.080078 2.111328 2.138672 2.150391 2.158203 2.158203 2.158203 2.158203 2.158203 2.154297 2.150391 2.150391 2.154297 2.166016 2.177734 2.193359 2.208984 2.216797 2.216797 2.216797 2.224609 2.236328 2.255859 2.267578 2.263672 2.240234 2.208984 2.173828 2.142578 2.126953 2.126953 2.142578 2.158203 2.169922 2.177734 2.181641 2.185547 2.189453 2.193359 2.197266 2.205078 2.216797 2.220703 2.220703 2.220703 2.212891 2.201172 2.189453 2.181641 2.181641 2.201172 2.228516 2.248047 2.263672 2.275391 2.283203
2.095703 2.083984 2.068359 2.056641 2.048828 2.048828 2.056641 2.076172 2.107422 2.130859 2.146484 2.154297 2.158203 2.158203 2.162109 2.166016 2.166016 2.166016 2.166016 2.173828 2.181641 2.193359 2.205078 2.216797 2.220703 2.220703 2.220703 2.224609 2.236328 2.255859 2.271484 2.263672 2.236328 2.201172 2.166016 2.138672 2.123047 2.123047 2.134766 2.150391 2.162109 2.169922 2.173828 2.177734 2.181641 2.189453 2.197266 2.201172 2.212891 2.216797 2.212891 2.205078 2.189453 2.169922 2.162109 2.166016 2.181641 2.212891 2.248047 2.275391 2.283203 2.287109 2.291016
2.083984 2.072266 2.060547 2.052734 2.052734 2.060547 2.068359 2.083984 2.103516 2.123047 2.134766 2.146484 2.150391 2.150391 2.150391 2.158203 2.166016 2.173828 2.177734 2.185547 2.189453 2.197266 2.205078 2.212891 2.216797 2.220703 2.220703 2.224609 2.236328 2.255859 2.267578 2.259766 2.232422 2.193359 2.158203 2.138672 2.126953 2.119141 2.126953 2.142578 2.150391 2.158203 2.162109 2.169922 2.177734 2.181641 2.189453 2.193359 2.205078 2.208984 2.205078 2.185547 2.158203 2.142578 2.146484 2.158203 2.185547 2.224609 2.259766 2.287109 2.294922 2.291016 2.291016
2.064453 2.056641 2.048828 2.048828 2.056641 2.068359 2.076172 2.091797 2.107422 2.123047 2.130859 2.138672 2.142578 2.138672 2.138672 2.142578 2.158203 2.169922 2.173828 2.181641 2.185547 2.189453 2.193359 2.197266 2.205078 2.208984 2.212891 2.216797 2.228516 2.244141 2.259766 2.251953 2.220703 2.185547 2.158203 2.138672 2.123047 2.119141 2.119141 2.126953 2.138672 2.146484 2.154297 2.158203 2.166016 2.173828 2.181641 2.185547 2.197266 2.201172 2.197266 2.177734 2.150391 2.138672 2.146484 2.169922 2.205078 2.236328 2.263672 2.287109 2.298828 2.294922 2.291016
2.041016 2.037109 2.041016 2.048828 2.064453 2.076172 2.080078 2.087891 2.103516 2.119141 2.126953 2.130859 2.138672 2.134766 2.130859 2.130859 2.142578 2.154297 2.162109 2.169922 2.173828 2.173828 2.177734 2.181641 2.185547 2.185547 2.189453 2.189453 2.205078 2.224609 2.244141 2.236328 2.205078 2.177734 2.154297 2.134766 2.119141 2.107422 2.103516 2.107422 2.119141 2.134766 2.142578 2.150391 2.158203 2.169922 2.181641 2.189453 2.197266 2.201172 2.197266 2.181641 2.158203 2.154297 2.169922 2.193359 2.220703 2.236328 2.255859 2.279297 2.294922 2.291016 2.291016
2.013672 2.017578 2.033203 2.052734 2.068359 2.080078 2.080078 2.083984 2.095703 2.107422 2.119141 2.130859 2.134766 2.134766 2.130859 2.126953 2.126953 2.138672 2.146484 2.154297 2.158203 2.162109 2.162109 2.162109 2.162109 2.158203 2.158203 2.166016 2.177734 2.201172 2.216797 2.212891 2.185547 2.162109 2.142578 2.130859 2.115234 2.099609 2.091797 2.099609 2.111328 2.123047 2.134766 2.142578 2.154297 2.169922 2.181641 2.193359 2.201172 2.205078 2.201172 2.189453 2.181641 2.189453 2.201172 2.216797 2.224609 2.232422 2.244141 2.267578 2.287109 2.294922 2.294922
2.001953 2.009766 2.033203 2.056641 2.076172 2.083984 2.080078 2.080078 2.087891 2.099609 2.115234 2.126953 2.138672 2.142578 2.134766 2.126953 2.119141 2.126953 2.138672 2.146484 2.150391 2.154297 2.158203 2.154297 2.150391 2.142578 2.138672 2.146484 2.166016 2.185547 2.201172 2.193359 2.173828 2.150391 2.138672 2.126953 2.115234 2.103516 2.099609 2.099609 2.111328 2.123047 2.134766 2.142578 2.154297 2.169922 2.185547 2.201172 2.212891 2.212891 2.208984 2.208984 2.208984 2.216797 2.220703 2.224609 2.228516 2.224609 2.232422 2.255859 2.279297 2.291016 2.294922
1.998047 2.013672 2.041016 2.068359 2.087891 2.091797 2.083984 2.083984 2.087891 2.099609 2.115234 2.130859 2.142578 2.150391 2.146484 2.134766 2.123047 2.123047 2.134766 2.142578 2.150391 2.154297 2.158203 2.158203 2.146484 2.134766 2.130859 2.138672 2.158203 2.181641 2.197266 2.193359 2.173828 2.154297 2.142578 2.134766 2.130859 2.123047 2.115234 2.111328 2.119141 2.126953 2.134766 2.146484 2.158203 2.173828 2.189453 2.205078 2.216797 2.224609 2.224609 2.232422 2.240234 2.240234 2.236328 2.232422 2.228516 2.224609 2.228516 2.244141 2.263672 2.283203 2.291016
2.001953 2.025391 2.056641 2.083984 2.099609 2.099609 2.091797 2.083984 2.087891 2.099609 2.111328 2.130859 2.146484 2.158203 2.154297 2.142578 2.130859 2.126953 2.130859 2.142578 2.150391 2.154297 2.158203 2.154297 2.142578 2.130859 2.126953 2.134766 2.158203 2.181641 2.197266 2.197266 2.185547 2.169922 2.162109 2.158203 2.150391 2.142578 2.130859 2.123047 2.126953 2.130859 2.142578 2.150391 2.162109 2.173828 2.185547 2.205078 2.220703 2.232422 2.244141 2.259766 2.263672 2.259766 2.248047 2.240234 2.232422 2.224609 2.224609 2.232422 2.248047 2.267578 2.279297
2.013672 2.041016 2.072266 2.099609 2.111328 2.107422 2.095703 2.087891 2.087891 2.095703 2.107422 2.123047 2.142578 2.154297 2.158203 2.146484 2.134766 2.123047 2.126953 2.138672 2.146484 2.154297 2.158203 2.154297 2.142578 2.126953 2.123047 2.130859 2.150391 2.173828 2.193359 2.197266 2.189453 2.181641 2.177734 2.173828 2.166016 2.154297 2.142578 2.134766 2.130859 2.134766 2.142578 2.150391 2.158203 2.166016 2.177734 2.197266 2.216797 2.240234 2.255859 2.275391 2.283203 2.275391 2.259766 2.251953 2.240234 2.232422 2.224609 2.224609 2.236328 2.255859 2.271484
2.033203 2.064453 2.095703 2.115234 2.119141 2.111328 2.103516 2.095703 2.095703 2.095703 2.103516 2.119141 2.134766 2.146484 2.150391 2.142578 2.130859 2.123047 2.123047 2.130859 2.142578 2.150391 2.154297 2.150391 2.138672 2.119141 2.111328 2.119141 2.134766 2.162109 2.177734 2.185547 2.181641 2.177734 2.173828 2.177734 2.173828 2.162109 2.150391 2.134766 2.130859 2.130859 2.138672 2.146484 2.150391 2.162109 2.169922 2.185547 2.205078 2.236328 2.259766 2.279297 2.287109 2.287109 2.275391 2.263672 2.251953 2.244141 2.232422 2.224609 2.228516 2.244141 2.255859
2.060547 2.087891 2.115234 2.134766 2.130859 2.119141 2.107422 2.099609 2.095703 2.095703 2.103516 2.111328 2.126953 2.138672 2.146484 2.142578 2.130859 2.123047 2.123047 2.126953 2.138672 2.146484 2.154297 2.150391 2.130859 2.111328 2.103516 2.111328 2.126953 2.150391 2.162109 2.166016 2.166016 2.162109 2.166016 2.166016 2.169922 2.162109 2.150391 2.138672 2.134766 2.130859 2.134766 2.138672 2.146484 2.150391 2.154297 2.166016 2.193359 2.228516 2.255859 2.275391 2.287109 2.291016 2.283203 2.275391 2.263672 2.255859 2.244141 2.232422 2.224609 2.232422 2.240234
2.083984 2.111328 2.138672 2.146484 2.138672 2.123047 2.103516 2.091797 2.083984 2.087891 2.095703 2.107422 2.119141 2.130859 2.138672 2.142578 2.134766 2.126953 2.123047 2.126953 2.134766 2.146484 2.158203 2.150391 2.130859 2.107422 2.095703 2.103516 2.123047 2.138672 2.150391 2.154297 2.154297 2.150391 2.150391 2.154297 2.158203 2.158203 2.154297 2.146484 2.138672 2.130859 2.130859 2.134766 2.138672 2.142578 2.146484 2.162109 2.189453 2.220703 2.251953 2.271484 2.283203 2.287109 2.283203 2.279297 2.275391 2.267578 2.259766 2.240234 2.228516 2.224609 2.228516
2.095703 2.123047 2.150391 2.154297 2.142578 2.119141 2.095703 2.080078 2.072266 2.072266 2.083984 2.091797 2.107422 2.119141 2.130859 2.130859 2.134766 2.126953 2.123047 2.126953 2.134766 2.146484 2.154297 2.150391 2.130859 2.103516 2.091797 2.099609 2.119141 2.134766 2.142578 2.142578 2.142578 2.142578 2.142578 2.142578 2.150391 2.158203 2.158203 2.154297 2.146484 2.138672 2.134766 2.134766 2.138672 2.142578 2.154297 2.169922 2.193359 2.220703 2.244141 2.259766 2.271484 2.279297 2.275391 2.275391 2.275391 2.271484 2.267578 2.251953 2.236328 2.224609 2.220703
2.099609 2.126953 2.146484 2.158203 2.138672 2.111328 2.087891 2.076172 2.068359 2.068359 2.072266 2.080078 2.091797 2.107422 2.119141 2.123047 2.126953 2.126953 2.123047 2.126953 2.134766 2.146484 2.154297 2.150391 2.126953 2.099609 2.083984 2.091797 2.111328 2.130859 2.138672 2.138672 2.134766 2.138672 2.138672 2.142578 2.146484 2.154297 2.154297 2.158203 2.150391 2.142578 2.138672 2.138672 2.142578 2.150391 2.166016 2.181641 2.197266 2.220703 2.236328 2.248047 2.263672 2.271484 2.271484 2.267578 2.267578 2.267578 2.267578 2.259766 2.244141 2.228516 2.220703
2.099609 2.123047 2.142578 2.150391 2.134766 2.107422 2.083984 2.072266 2.072266 2.068359 2.068359 2.076172 2.083984 2.095703 2.107422 2.115234 2.119141 2.123047 2.123047 2.126953 2.138672 2.150391 2.154297 2.150391 2.126953 2.095703 2.083984 2.087891 2.107422 2.126953 2.134766 2.134766 2.134766 2.134766 2.134766 2.138672 2.142578 2.146484 2.154297 2.158203 2.150391 2.142578 2.138672 2.138672 2.146484 2.154297 2.166016 2.181641 2.197266 2.212891 2.232422 2.248047 2.259766 2.267578 2.271484 2.267578 2.259766 2.255859 2.259766 2.259766 2.251953 2.236328 2.224609
