py_wake/examples/data/AJ_ParqueFicticio/Rough survey   Sector 6   Height 30m   Weibull-A.grd
DSAA
73  159
 258469   265669
 6501692   6517492
 .2525203   10.44343
[rows 0 to 27 of 159, columns 0 to 62 of 73]
4.634333 4.607459 4.615698 4.621253 4.619162 4.614501 4.614205 4.613429 4.612448 4.605215 4.586192 4.560938 4.537684 4.522839 4.510708 4.511887 4.525745 4.54394 4.588966 4.677093 4.875923 5.096291 5.149529 5.205381 4.725001 3.876245 4.167362 4.315464 4.476696 4.554146 4.477402 4.407559 4.547974 4.772731 4.971696 5.154643 5.344332 5.282307 5.207623 5.184961 5.155045 5.11531 5.095691 4.932297 4.911906 4.989467 4.993827 4.985477 4.977493 4.953774 4.933684 4.88948 4.861807 4.832628 4.796618 4.769517 4.742918 4.712258 4.698617 4.691907 4.679699 4.68342 4.703142
4.511316 4.54249 4.586234 4.609515 4.613486 4.609783 4.609612 4.603616 4.605644 4.609517 4.599946 4.569537 4.541702 4.518763 4.504946 4.504701 4.516036 4.54151 4.596475 4.732985 4.983993 5.16907 5.282459 5.325751 5.239615 4.685028 4.037039 4.218615 4.375534 4.473453 4.47904 4.471057 4.55337 4.732718 4.918127 5.138683 5.401548 5.474005 5.362907 5.319963 5.298079 5.289218 5.308681 5.167776 4.907827 4.937669 5.020812 5.066292 5.040116 5.011465 4.989048 4.910134 4.872707 4.828516 4.789856 4.767017 4.737071 4.710209 4.683606 4.661332 4.647299 4.64359 4.656425
4.604337 4.402049 4.535961 4.58542 4.592189 4.593504 4.591954 4.587917 4.584265 4.585318 4.657787 4.611029 4.536995 4.504483 4.483778 4.486587 4.50141 4.529613 4.598098 4.703017 4.897173 4.974832 5.134796 5.418179 5.36847 4.769079 4.409872 4.346286 4.324223 4.401104 4.457954 4.44108 4.510385 4.656454 4.787395 5.101341 5.487473 5.832049 5.664003 5.57246 5.486768 5.3751 5.32452 5.366408 5.106138 4.920353 4.942432 5.024385 5.072739 5.088021 5.0453 4.977973 4.869654 4.833992 4.804109 4.775844 4.742352 4.700624 4.658186 4.624615 4.596462 4.600749 4.611935
5.0345 4.62137 4.475792 4.539996 4.56316 4.574337 4.565263 4.551679 4.54077 4.536753 4.553017 4.640717 4.612417 4.538816 4.442136 4.452112 4.459181 4.489095 4.560162 4.648438 4.741174 4.773004 4.932539 5.259656 5.406079 5.162426 4.673339 4.42059 4.351799 4.421484 4.49367 4.414736 4.461673 4.551407 4.535418 4.661051 5.120972 5.68044 6.157642 6.039505 5.840046 5.488939 5.325267 5.373171 5.300653 5.071395 5.015436 5.014969 5.044675 5.068997 5.126013 5.03459 4.957078 4.886482 4.842717 4.794968 4.745233 4.685015 4.625078 4.575316 4.544937 4.54895 4.585054
5.320359 4.908106 4.421422 4.441708 4.49828 4.533515 4.529617 4.496486 4.481056 4.4781 4.460464 4.495821 4.586982 4.562669 4.425977 4.398506 4.41045 4.450332 4.548116 4.682202 4.707717 4.624609 4.627087 4.940862 5.139663 5.13417 4.802202 4.540397 4.395609 4.395838 4.413455 4.439489 4.371686 4.330398 4.138549 3.875032 4.056063 4.694002 5.261644 5.615735 5.650636 5.577218 5.259854 5.297746 5.513508 5.412167 5.230177 5.088196 5.079484 5.13737 5.275747 5.182312 5.102615 5.008474 4.922924 4.836167 4.749882 4.668015 4.576704 4.50938 4.474532 4.490797 4.567222
5.287869 5.175187 4.845747 4.482465 4.335998 4.473055 4.463315 4.426723 4.386285 4.384287 4.406166 4.396644 4.482638 4.470149 4.42434 4.302393 4.330298 4.372742 4.536321 4.752316 4.858746 4.807562 4.675272 4.799438 4.987524 4.955449 4.729852 4.551213 4.396347 4.290847 4.192993 4.027688 4.009241 3.759431 3.64916 3.413655 3.032669 3.335314 4.058218 4.515927 4.956203 5.385496 5.235377 5.231814 5.253353 5.427624 5.273603 5.130265 5.10343 5.17587 5.280507 5.421887 5.30832 5.172073 5.021685 4.877501 4.753625 4.643955 4.518021 4.428015 4.379595 4.422334 4.590416
5.295826 5.365101 5.398453 5.126075 4.564669 4.331961 4.448893 4.533849 4.520433 4.501063 4.510517 4.427257 4.369681 4.427838 4.460074 4.367007 4.198911 4.229931 4.286874 4.50463 4.757984 4.89031 4.840326 4.87845 4.95717 4.902379 4.720882 4.521415 4.339027 4.197398 4.070437 3.879581 3.879157 3.862999 3.735787 3.576682 3.39118 3.191715 3.243032 3.960131 4.59951 5.173304 5.341383 5.297107 5.311605 5.248651 5.20059 5.12896 5.079585 5.149994 5.222908 5.295091 5.4374 5.480351 5.189794 4.941753 4.76555 4.613859 4.444474 4.295599 4.228213 4.16189 4.07937
5.29923 5.331643 5.355105 5.333625 5.08298 4.604671 4.538642 4.619042 4.625075 4.614024 4.592599 4.53066 4.462293 4.485799 4.514112 4.421414 4.191316 4.072059 4.057021 4.146602 4.480049 4.798531 4.977783 5.06955 5.162403 4.992826 4.792305 4.539948 4.380002 4.212237 4.116062 4.056793 3.976225 3.880422 3.743682 3.594145 3.499524 3.460018 3.46254 3.479502 4.127093 4.857866 5.099295 5.200666 5.073286 5.075812 5.306529 5.158809 5.104512 5.229749 5.282048 5.212449 5.239315 5.293581 5.39353 5.001424 4.778373 4.597363 4.374958 4.093341 3.811276 3.71979 3.567747
5.321012 5.348118 5.359768 5.309879 5.149281 4.843731 4.715245 4.711999 4.70399 4.705408 4.654964 4.603076 4.550161 4.580852 4.605285 4.499949 4.289196 3.92474 3.81013 3.721036 3.89134 4.227503 4.548099 4.990847 5.182163 5.193602 4.935434 4.650929 4.492472 4.335563 4.258723 4.146042 4.027572 3.897493 3.736167 3.584124 3.39413 3.415277 3.480489 3.259827 3.3478 3.979598 4.380424 4.57965 4.925245 5.000309 4.961651 4.994133 4.725428 4.610508 4.896068 4.842657 4.676877 4.955887 5.126685 5.030688 4.812314 4.623504 4.392336 4.002496 3.434572 3.154603 3.132453
5.352073 5.37465 5.383013 5.368663 5.286548 4.986973 4.772103 4.73208 4.736627 4.792617 4.731531 4.673681 4.610865 4.654845 4.739224 4.662839 4.438169 4.143565 3.762179 3.45418 3.308184 3.30565 3.547743 3.613609 4.45168 5.165875 5.152233 4.879299 4.702018 4.516698 4.369073 4.243626 4.106017 3.960057 3.80876 3.736959 3.581766 3.295911 3.352334 3.249998 2.880198 2.824828 3.091999 3.292317 4.164317 4.49098 4.484728 4.612066 4.388343 4.055517 4.26384 4.309674 4.274971 4.470562 4.81396 5.072653 4.901348 4.745987 4.542815 4.218411 3.658392 2.990681 2.883533
5.384262 5.406894 5.407066 5.452399 5.640312 5.480031 5.33952 5.032786 4.775391 4.911965 4.810037 4.703439 4.599218 4.654423 4.847816 5.046599 4.752799 4.296554 4.041638 3.712081 3.225582 3.079096 3.090046 3.160415 3.111232 4.060623 4.75222 4.979531 4.768779 4.585715 4.483118 4.351168 4.208889 4.061551 3.929747 3.834858 3.693828 3.48712 3.260068 3.336512 3.276632 3.208031 3.151049 2.945993 2.874244 3.464575 3.471358 3.760667 3.908435 3.63321 3.588522 3.802808 4.196839 4.310235 4.60291 4.989974 5.153268 5.046533 4.953915 4.621099 4.088438 3.394172 3.098789
5.422437 5.458069 5.41293 5.478355 5.465408 5.517826 5.423628 5.219952 4.931907 5.018131 4.850405 4.770799 4.510269 4.488783 4.64457 5.221754 5.425446 4.996199 4.248392 3.966946 3.516069 3.026618 2.798518 3.002608 3.139397 3.124892 4.24115 4.794711 4.709108 4.642394 4.494228 4.353961 4.25584 4.151771 4.071234 3.907276 3.767299 3.620938 3.361335 3.352266 3.374298 3.366004 3.274481 3.134397 2.901049 2.917826 2.980015 2.965406 3.025592 3.036576 2.969495 3.462152 3.984896 4.258404 4.271184 4.519491 4.789635 5.124852 5.113401 4.959441 4.506714 3.872858 3.24472
5.442858 5.496792 5.471028 5.404557 5.364806 5.388943 5.386022 5.375879 5.089266 5.126666 5.145364 5.30531 5.152222 4.361825 4.32373 4.350377 4.79077 5.286875 5.212977 4.528715 3.904026 3.515475 3.089149 3.086173 3.164816 3.254989 3.25371 4.021233 4.462201 4.419487 4.342081 4.248595 4.195732 4.123734 4.062005 3.941064 3.801216 3.691796 3.550668 3.362312 3.3496 3.383867 3.309673 3.1691 2.949073 2.972683 2.989307 3.01452 3.009676 2.992382 2.91135 2.668282 3.177789 3.636435 3.827749 3.660799 3.683769 3.552598 3.252308 2.857298 3.135451 3.047765 3.088067
5.423488 5.393333 5.344212 5.35077 5.353179 5.376561 5.395892 5.569499 5.453743 5.434619 5.431537 5.358691 5.452424 5.425478 4.872992 4.411302 4.527349 4.695132 5.061196 5.096378 4.968188 4.367585 3.495502 3.171264 3.242427 3.310539 3.428536 3.5716 3.815798 3.99608 4.051304 4.063441 4.041108 4.014132 3.921762 3.851944 3.781826 3.71874 3.643164 3.531547 3.34994 3.270769 3.236311 3.115898 2.903527 2.843492 2.839761 2.757419 2.829357 2.769674 2.75164 2.566531 2.27358 2.678416 2.68563 .4477006 .2525203 .3488452 .35162 .4389713 .780675 2.443057 2.709266
5.374801 5.338077 5.31398 5.339295 5.367136 5.378776 5.399478 5.474257 5.572117 5.528457 5.379846 5.348637 5.414581 5.472492 5.288602 4.952024 4.886174 4.992549 5.059074 5.125991 5.180036 5.005441 4.591855 3.623566 3.207359 3.342309 3.458652 3.620293 3.753399 3.85417 3.910096 3.941789 4.02371 3.967946 3.821193 3.676594 3.717797 3.669232 3.678478 3.627639 3.469167 3.293691 3.142905 3.064653 3.005955 2.843415 2.844527 2.725025 2.504528 2.546714 2.599111 2.555317 2.416118 2.152701 .4436657 .4455564 .4418043 .4030585 .6905785 3.16289 2.333756 2.283695 2.342873
5.318707 5.297893 5.302009 5.32993 5.357998 5.387124 5.417222 5.487107 5.557975 5.505131 5.333133 5.350014 5.422551 5.507771 5.513826 5.293687 5.144517 5.290091 5.309913 5.337904 5.262007 5.327775 5.364156 4.767337 3.839677 3.173932 3.397435 3.578642 3.702946 3.806948 3.856879 3.882589 3.9444 3.945968 3.806307 3.479928 3.301379 3.492004 3.613881 3.84986 3.747339 3.527852 3.270002 3.118336 3.020444 2.905423 2.810843 2.747014 2.624995 2.494391 2.469802 2.402126 2.084228 .7724947 .6100159 .643846 .6118176 .7327281 2.434964 2.752842 2.616801 2.271173 1.657422
5.284887 5.258346 5.274087 5.310378 5.347635 5.387462 5.43839 5.502666 5.540976 5.492476 5.407247 5.410941 5.486084 5.527643 5.514197 5.525583 5.436691 5.203204 5.231925 5.234369 5.204242 5.258125 5.312491 5.382483 5.16351 4.156196 3.230771 3.416373 3.609527 3.720887 3.729127 3.801754 3.937424 4.056132 4.210964 4.167268 3.640685 3.382812 3.513954 3.655632 3.70065 3.549435 3.261806 3.085826 2.949669 2.932613 2.92857 2.793417 2.420168 2.265072 2.221584 2.036064 1.206498 1.183743 2.02746 3.051672 3.666509 3.979402 4.074957 4.027765 3.71744 3.208023 2.197056
5.270082 5.270317 5.259737 5.301232 5.334544 5.384471 5.441003 5.480828 5.511879 5.501482 5.448683 5.390551 5.446464 5.396498 5.373125 5.398557 5.351058 5.257014 5.235459 5.219024 5.2131 5.259317 5.311539 5.3891 5.382531 5.275887 4.57425 3.768598 3.598977 3.80134 4.06084 4.152223 4.170238 4.310014 4.54898 4.757473 4.311598 3.868545 4.01801 4.203826 4.248989 3.934609 3.174598 2.676798 2.452743 2.65448 2.80418 3.137971 3.353717 3.432456 3.356523 3.346028 3.656525 4.021914 4.297693 4.433389 4.423258 4.485568 4.528552 4.447536 4.152905 3.784908 3.108419
5.259056 5.268988 5.288618 5.303956 5.344353 5.376011 5.424849 5.466681 5.499803 5.506931 5.46865 5.358156 5.370272 5.307793 5.327408 5.35557 5.325416 5.282669 5.256392 5.228406 5.21557 5.265894 5.375029 5.522854 5.679203 5.618871 5.391587 5.11466 4.620276 4.407804 4.349102 4.660618 5.026404 4.992615 5.031727 5.202599 4.917161 4.365499 4.387807 4.652713 4.714183 4.999026 4.866099 4.594966 4.297142 4.135637 3.899266 4.086753 4.27889 4.26335 4.05409 3.908178 4.014477 4.226694 4.443185 4.497056 4.486387 4.3999 4.305282 4.259207 4.257483 4.04234 3.569844
5.25949 5.280772 5.315668 5.321014 5.332912 5.354932 5.403717 5.439355 5.482276 5.507043 5.477486 5.470495 5.402966 5.314404 5.319909 5.339994 5.341396 5.312057 5.275751 5.236981 5.227279 5.257205 5.310838 5.352355 5.470068 5.603324 5.838076 5.707913 5.298284 5.152616 4.958154 4.666926 5.087607 5.380671 5.369792 5.298273 5.114598 4.757453 4.601704 4.825124 5.051641 5.63188 5.88633 5.972633 5.730538 5.42135 4.9501 4.81185 4.918572 4.905305 4.641771 4.351398 4.162242 4.200503 4.299641 4.343896 4.365529 4.392124 4.267087 4.130998 4.094496 4.079782 3.853988
5.206945 5.26732 5.333274 5.319336 5.304532 5.325779 5.36639 5.402851 5.443356 5.459633 5.392626 5.417256 5.391602 5.345315 5.325802 5.344818 5.367505 5.336855 5.30155 5.266096 5.260478 5.257381 5.258605 5.250342 5.333733 5.406907 5.465902 5.584454 5.574324 5.186902 5.054263 4.596478 4.538244 5.144027 5.560152 5.572089 5.198833 5.071191 4.981955 5.254452 5.526538 5.804412 6.105402 6.211365 6.240424 6.207397 5.749794 5.296062 5.172939 5.187373 4.910348 4.749605 4.406418 4.271117 4.240764 4.219889 4.203138 4.218621 4.141268 4.060086 4.002654 4.049071 4.121362
5.131376 5.122754 5.223395 5.256951 5.254877 5.279751 5.313442 5.354609 5.388086 5.373596 5.348819 5.368792 5.3727 5.345586 5.336435 5.342881 5.37427 5.37131 5.340578 5.347243 5.33039 5.283637 5.236754 5.233528 5.27433 5.304595 5.298197 5.28513 5.365602 5.450137 5.154863 4.757485 4.00256 4.380784 5.314282 5.52811 5.444704 4.987102 4.761416 5.187276 5.764305 5.854874 5.965063 5.962452 6.049878 6.062634 5.85702 5.518263 5.25615 5.088435 4.943871 4.81323 4.618363 4.327289 4.294434 4.214238 4.11259 4.14637 4.131457 4.022629 3.944168 4.056452 4.232325
5.112537 5.08913 5.100621 5.176147 5.203073 5.239758 5.267223 5.295423 5.32325 5.310628 5.316676 5.329624 5.344016 5.34106 5.334085 5.32897 5.317662 5.320348 5.344101 5.348803 5.332213 5.294688 5.262428 5.262769 5.262917 5.246865 5.186397 5.13396 5.327859 5.621472 5.515635 5.304442 4.717275 4.322775 4.887557 5.424858 5.540474 5.312286 4.671174 4.561839 5.217741 5.670583 5.779621 5.84283 5.899469 5.905077 5.82219 5.667183 5.438542 5.099959 4.901497 4.792749 4.651678 4.383455 4.355254 4.308688 4.272179 4.298477 4.393764 4.317251 4.079615 4.05384 4.203845
5.138281 5.138306 5.19029 5.175021 5.183963 5.209735 5.229538 5.255165 5.260993 5.266299 5.281028 5.303817 5.316432 5.33554 5.332566 5.321567 5.257494 5.247586 5.300288 5.344507 5.344596 5.321473 5.294162 5.29015 5.276165 5.218456 5.148163 5.072834 5.169745 5.443746 5.525126 5.561772 5.198649 4.506905 4.633718 5.099789 5.511584 5.767017 5.366335 4.388597 4.486369 4.999717 5.308123 5.593254 5.623137 5.618975 5.653611 5.604455 5.426624 5.170229 4.94572 4.754552 4.608487 4.395155 4.399241 4.529088 4.569034 4.539961 4.639199 4.695136 4.419744 4.211581 4.306231
5.144463 5.194024 5.227328 5.194881 5.189167 5.19497 5.203453 5.221406 5.225152 5.267908 5.255177 5.283043 5.303571 5.313714 5.316503 5.325484 5.316464 5.28908 5.301486 5.341125 5.363278 5.352968 5.326401 5.329452 5.286005 5.224476 5.184305 5.193324 5.282845 5.210826 5.314166 5.382738 5.452741 5.081946 4.669847 4.845168 5.255003 5.460398 5.498892 5.008043 4.630649 4.560348 4.893312 5.202056 5.295777 5.412481 5.492907 5.538226 5.430144 5.247804 5.095098 4.870487 4.710428 4.503208 4.514582 4.797008 4.93725 4.863779 4.857173 5.021638 4.769509 4.592126 4.415339
5.108181 5.152971 5.186723 5.187561 5.187712 5.181209 5.193309 5.189095 5.194983 5.255741 5.239048 5.264592 5.28132 5.28637 5.295894 5.296105 5.311592 5.318001 5.321394 5.348387 5.367288 5.384722 5.372523 5.385922 5.374258 5.307387 5.285369 5.390928 5.46761 5.239219 5.200297 5.234194 5.318266 5.558773 4.990971 4.871303 5.122722 5.326645 5.385258 5.232775 4.959987 4.950858 5.078886 5.199152 5.158937 5.272752 5.390711 5.497308 5.53592 5.40745 5.28319 5.158967 4.988673 4.694775 4.54717 5.028777 5.397166 5.147893 4.895554 4.973211 5.024379 4.868691 4.641296
5.194298 5.206979 5.204468 5.190206 5.197375 5.189133 5.192068 5.187931 5.209149 5.24425 5.245742 5.272234 5.272883 5.270311 5.291984 5.298955 5.320991 5.335914 5.341355 5.345738 5.358844 5.391886 5.403345 5.380769 5.405797 5.40598 5.41621 5.482786 5.393411 5.368348 5.164196 5.152917 5.206381 5.331698 5.272731 5.185008 5.098383 5.237134 5.373903 5.245298 5.101448 5.177974 5.151186 5.351099 5.342325 5.312596 5.322771 5.35071 5.471165 5.476527 5.428347 5.438956 5.449682 5.203822 4.636647 4.956492 5.559955 5.590373 4.91799 4.658262 4.835509 4.848186 4.745106
5.226931 5.235182 5.210498 5.210079 5.209958 5.205678 5.206523 5.208253 5.250383 5.266355 5.264354 5.280736 5.286926 5.272588 5.294001 5.314281 5.338002 5.351224 5.355356 5.349702 5.337086 5.333369 5.329776 5.375213 5.414298 5.417413 5.437145 5.375069 5.300633 5.27871 5.194514 5.170769 5.119541 5.058183 5.249289 5.112572 5.06062 5.13973 5.150201 5.234429 5.050122 4.997631 5.040541 5.329745 5.480505 5.412358 5.338536 5.368196 5.398226 5.421171 5.469893 5.652581 5.895255 5.921215 5.120351 4.849107 5.284909 5.631134 5.072576 4.642316 4.536441 4.512569 4.454565
