py_wake/examples/data/AJ_ParqueFicticio/Rough survey   Sector 8   Height 30m   Power density.grd
DSAA
73  159
 258469   265669
 6501692   6517492
 .000164093   978.4554
[rows 56 to 83 of 159, columns 0 to 62 of 73]
87.58182 86.52932 87.71865 88.98876 89.5415 90.48401 86.6649 84.22859 82.53858 81.87279 80.9507 80.4717 79.40514 77.43182 77.02748 76.27245 76.40507 77.1121 75.80988 73.77711 73.31794 72.12627 71.87312 72.88086 74.28077 72.84329 72.54617 72.14221 74.16302 82.87692 116.2547 143.7397 134.2507 153.5505 158.2953 164.777 176.5485 192.3011 196.1278 196.8482 219.7306 228.6693 244.1221 230.6806 219.2584 199.9712 204.9793 186.1918 161.6641 145.9466 155.7958 169.0524 147.8045 100.139 64.50816 72.49203 96.87701 110.1079 96.36876 74.65123 62.07656 65.91816 54.61449
88.02521 82.07924 84.48488 89.62414 90.95816 88.53073 85.51211 82.47591 80.60132 80.12614 80.06149 79.79347 79.747 77.05251 78.67937 77.87536 77.10944 76.83592 76.57339 73.64696 76.9405 75.83528 73.63918 75.71444 75.43115 74.41617 73.46524 76.80274 92.68644 114.9785 144.2101 147.4761 154.7246 167.4031 183.266 183.2285 179.2106 185.8748 209.8278 209.7139 220.0658 230.6463 195.9789 187.2658 194.6648 196.6821 184.4708 155.6299 149.713 149.4633 163.2327 160.4811 130.2039 89.85609 76.52757 99.26822 116.06 116.6607 84.05186 62.93924 55.67939 52.80521 51.20959
80.44669 74.44419 79.97636 86.71016 90.41245 84.69954 81.88568 78.72409 77.45663 77.24049 77.73804 78.32883 77.17113 73.0912 76.09537 77.70248 77.11222 75.9582 74.75439 73.22605 76.36254 77.7963 76.61877 78.74172 76.84388 74.69466 74.35552 82.42842 97.02162 113.9226 123.7472 130.1597 140.5792 150.7211 156.9498 164.8847 159.8247 164.9759 189.8609 201.4439 208.3314 204.0873 170.3626 156.9516 164.93 172.1767 152.8993 131.0002 131.0866 144.4814 151.3185 134.8663 111.638 81.02553 81.55221 101.5186 113.2359 107.4357 86.70238 69.78583 65.37849 56.60077 60.5933
75.04549 77.79865 80.43377 84.98476 87.27422 85.63351 78.94717 74.99818 73.97327 74.34541 75.21425 76.18303 76.30453 71.77522 73.92356 75.57044 76.7693 75.415 74.69898 73.52231 75.69051 80.26218 80.17188 80.3084 78.43845 75.0787 75.40452 75.89127 75.85233 89.73868 96.06586 96.76422 101.0743 111.1979 116.9239 140.8505 152.9096 157.9378 173.0313 182.1559 184.7125 169.3224 149.1048 141.8546 146.3957 153.1905 136.0775 117.5746 116.4695 122.8843 130.8486 112.1514 95.08549 75.84776 72.38593 89.37229 94.33369 100.573 87.60188 72.01123 65.17015 55.24544 67.04717
82.55301 84.5509 88.52534 91.33091 89.60577 84.36156 79.84854 71.14928 71.17425 71.9933 72.59481 72.9653 72.80257 69.87923 71.43482 74.67911 76.22915 75.46317 75.93809 76.07774 75.23061 76.78687 76.83429 79.66796 79.61875 76.55196 77.50731 74.89877 85.48045 84.86532 92.0351 90.76596 88.78377 92.26759 108.3619 134.0568 142.0656 148.5979 149.8304 155.0977 154.1278 137.5642 134.135 138.7059 141.7177 144.2315 131.8584 122.6189 114.1188 112.9712 109.4562 91.35648 80.28963 69.34164 77.53012 85.85739 89.79189 103.7115 84.98155 66.73427 55.75709 58.25951 74.85078
90.98602 92.64654 95.56422 87.9967 80.09839 78.93099 74.4621 69.98647 70.31311 71.31477 71.55578 71.17389 70.69915 72.12555 72.89586 73.9554 77.25462 75.70609 76.25938 77.7774 78.88072 80.65979 78.72768 78.8315 78.11343 78.79441 83.25566 90.65681 103.6599 112.9972 109.2028 96.54178 92.62896 112.3028 118.978 129.6187 134.6227 137.9113 138.7862 135.3768 126.3091 122.0544 132.3612 129.788 134.5008 131.3256 122.1203 120.3662 119.4165 105.04 85.11674 82.1315 80.08849 83.3732 70.58407 84.53425 95.02927 99.07401 81.14476 58.69285 51.16822 56.54777 54.67847
96.52829 98.06094 91.40694 85.8055 79.51099 74.76518 73.29488 72.53037 71.95708 72.13433 71.66057 71.54399 72.82269 73.63982 73.4571 73.84968 75.14428 73.09638 74.67982 79.2182 78.17246 78.33601 78.64176 79.83968 80.73185 85.20367 90.66293 101.9567 109.9564 117.2642 139.2502 134.0976 129.9152 134.2331 130.2767 133.091 133.2256 129.225 126.192 122.0809 118.968 118.977 127.9916 126.5432 121.2816 123.8677 122.1733 123.2023 118.7082 111.6909 94.99944 72.05711 79.92732 85.10455 90.006 89.54299 95.10868 88.73766 76.82008 57.27936 47.75966 42.61856 47.5997
98.53065 92.66549 87.90538 85.07378 80.99127 78.10141 76.31892 74.19823 72.68369 73.30661 73.317 74.04501 74.15199 73.79516 73.11698 72.28358 71.26132 68.54734 72.31461 76.66331 73.24028 73.07404 75.92951 79.56321 81.95213 89.73063 98.4278 104.3129 113.4495 124.9154 131.0823 126.7426 126.8848 130.9621 138.8197 141.6196 136.2204 126.9 123.1154 117.079 113.5453 111.4523 113.4702 111.059 115.2503 120.6032 121.1088 114.3404 114.1574 98.93837 80.01962 80.01177 84.60566 89.15044 84.33534 74.4125 75.97832 70.68137 61.9994 46.96142 38.88916 41.32027 43.07945
97.80733 89.54014 85.07504 82.65524 80.95343 78.98743 76.87726 75.04442 73.92879 73.91249 73.85826 74.02242 74.49209 73.63358 72.29842 71.12721 69.66786 70.67127 71.59184 72.56284 70.32759 70.66523 72.59648 75.29161 79.49435 90.40099 92.65466 103.9243 116.5072 127.1414 122.1908 120.5514 122.5868 131.0285 141.4985 138.1257 134.2415 126.4132 122.7717 117.4099 106.1944 95.60162 95.01316 99.19712 105.4544 114.4907 103.9411 100.897 96.76361 92.49782 83.0232 83.33585 79.65581 67.21851 68.85516 64.49101 48.43822 41.01635 32.24578 27.16096 22.36311 28.71854 37.97495
94.92635 87.60389 82.78869 80.36141 79.56296 78.78219 77.16885 76.25875 76.64074 74.94986 73.69887 73.90388 74.0791 73.43097 71.76677 69.64249 69.6101 72.53889 72.84156 73.64682 74.34996 73.30525 73.72112 77.81474 79.07101 80.97993 81.1631 92.68969 105.072 109.5572 107.5559 107.1566 112.2553 123.2701 125.9948 122.8466 119.1831 115.8569 114.2028 103.9428 97.93253 95.37096 95.07332 102.1691 110.6368 107.9567 96.89572 94.90993 97.13385 92.79 86.54584 89.93053 85.12402 72.60365 56.89027 52.29014 40.3506 34.2211 23.5504 15.56485 21.00871 26.92192 30.51901
91.35586 86.86725 80.72669 78.36058 77.50324 77.38973 77.65161 77.80552 75.48428 74.49758 74.30868 74.05708 73.51732 72.29646 70.90092 70.25669 72.47407 74.30949 75.27664 76.08359 78.59061 79.50056 80.46549 79.05363 76.10382 73.63668 78.26149 88.44746 93.21919 96.93732 95.64536 97.73914 106.5668 115.9932 115.2489 112.3425 106.7223 102.2131 95.57933 87.5099 90.23057 89.93861 91.94163 98.96004 106.3728 99.38274 88.09826 93.18881 97.05417 90.0847 87.11592 97.6057 98.94954 79.62883 65.24505 49.21942 38.44527 32.89686 27.9632 25.23108 32.14101 32.73351 36.41863
88.89955 85.31479 80.4922 77.86823 76.1803 76.59192 76.72431 77.20707 76.63698 74.06821 73.58853 73.36449 72.81686 71.06249 69.53986 70.81953 73.44431 75.15926 78.16951 79.43887 81.72949 81.09518 77.8062 75.68053 71.60153 71.85814 80.82178 85.71693 91.35378 93.83 93.17416 97.26397 106.6806 110.5945 108.2398 107.2113 104.1697 97.87782 93.56589 81.27769 76.03783 79.93825 86.74397 90.79617 89.88044 84.70192 91.0715 103.4829 110.257 91.08685 101.1219 112.6848 104.6306 90.81551 70.18053 54.40874 44.51193 35.59736 38.94601 42.50771 46.14421 51.07936 44.61441
87.73913 85.10735 80.60483 77.58344 75.71278 75.14266 76.39513 76.32988 75.93659 73.85002 72.38615 71.99162 72.14896 69.76072 70.50452 71.97787 73.4535 76.01722 78.26115 79.19772 80.38795 75.80239 69.14553 69.55847 68.02158 81.13358 88.84273 84.03146 85.10651 88.29565 90.19317 96.653 103.5939 103.9267 103.1974 104.7568 103.9526 97.39343 91.10884 82.07365 81.43253 91.81522 97.95587 92.99902 79.74143 75.99641 83.64059 93.14064 91.1353 78.32697 94.63484 111.5992 112.2723 91.37545 69.91728 57.82083 41.50095 38.10992 44.36963 47.13897 49.07211 50.05528 39.11271
84.24095 84.21309 78.60564 75.52813 74.7058 74.89706 76.81425 75.1086 74.51788 73.12152 71.47939 70.53728 71.12888 68.83021 73.71663 75.6366 75.88349 78.44867 78.71012 77.22384 74.73007 69.40329 63.93414 66.57046 75.70671 89.53452 90.07966 87.45846 87.92807 87.90113 90.06261 92.35316 98.00799 95.38654 100.5153 104.8 104.7895 101.4592 91.56805 92.73435 109.2719 118.6962 116.6063 101.3538 84.57358 82.1719 78.46021 73.9845 64.04312 61.85638 86.6116 90.98618 76.97766 56.40214 45.47719 33.24642 37.35854 37.67704 43.6124 46.37251 44.24422 43.35299 42.4791
78.94867 80.58363 78.93428 72.98926 75.02555 75.58772 74.97706 73.77165 72.59488 71.84199 70.63428 70.14208 69.77485 70.38885 77.79416 83.13139 82.99611 80.68314 78.1273 76.33566 72.59706 68.71382 68.79741 72.89474 85.94316 90.34797 87.92037 88.42462 92.84476 93.94009 90.15382 86.94444 89.73981 91.98327 102.6237 108.6346 108.419 105.2716 105.0595 110.7206 122.2548 128.7592 118.7469 104.1255 89.066 86.85244 77.7266 68.23148 57.78513 53.62201 51.12322 42.00863 33.07993 27.84996 28.08289 31.72252 38.4511 45.33205 49.8082 49.7803 47.18963 48.40506 48.37669
76.2476 75.57861 74.58919 72.04712 77.99425 74.76637 71.65368 70.11618 69.69042 69.81426 70.46619 70.80096 73.18647 76.89692 82.50343 83.1397 79.30824 77.21825 75.62723 74.59692 73.37171 73.82659 77.78834 84.56353 93.98482 90.81529 88.7076 89.41948 88.43647 91.35677 100.4389 100.998 99.09531 102.7621 109.4634 114.4579 117.6245 115.2559 114.176 117.2997 117.7875 120.6364 112.1212 100.8932 96.99134 94.92091 87.84638 77.34697 62.16352 55.25166 40.59903 30.69142 26.26077 27.58077 31.65077 31.90164 43.03276 55.92305 61.30705 60.19595 55.25142 55.5527 52.77356
78.24728 76.16066 76.35189 76.52117 77.534 75.46806 67.50372 66.60551 68.24452 72.44995 73.33373 74.07149 75.11765 76.29488 80.15338 78.77126 72.42368 71.71144 71.76215 71.84131 72.08957 71.82661 77.35373 83.48242 84.38927 88.42927 85.99049 85.01624 80.42799 96.75243 109.0179 109.3731 114.9036 122.6436 122.0804 125.1258 121.1964 115.7654 113.8387 111.3142 111.6353 114.6827 106.045 102.6949 101.426 98.14093 95.51754 87.32668 76.42676 71.92074 62.22654 55.78981 60.42141 58.04068 50.49109 48.2617 56.10022 61.69149 66.71239 68.8322 66.80604 67.29815 67.87064
82.03695 81.04497 80.72183 76.72117 73.64932 72.31741 65.75272 65.50449 69.99147 72.29726 73.67428 74.03769 74.57395 73.82935 74.08981 74.70383 66.41705 65.49618 66.16515 66.59528 66.7127 65.74642 71.87984 75.72864 78.66179 81.65913 81.29111 82.53876 95.79058 113.7446 124.7359 122.0581 129.8183 137.736 132.6182 118.8135 112.4488 113.5214 118.3279 117.4121 118.5044 124.0054 109.4098 105.0159 101.5801 95.23218 90.28179 77.56043 80.59261 79.70103 77.82237 75.39973 85.70419 93.59489 80.47695 64.92348 58.16924 60.67567 68.24954 75.84988 83.68661 88.93972 93.9984
82.74277 81.58244 80.16106 76.27409 73.18584 70.94053 66.18187 67.44694 71.22866 70.3015 71.40008 72.56401 72.36871 72.02647 72.16133 68.7958 61.71168 61.31366 61.77323 61.05311 60.01177 63.4624 69.0381 72.99082 77.17917 78.51026 79.43029 86.03409 102.7269 129.9469 130.0109 132.5172 139.4218 140.7976 128.5368 116.4628 112.1921 111.6798 112.433 116.7775 122.3286 113.2101 109.8034 110.7138 100.3898 93.85777 79.09933 62.58839 58.08211 61.83994 58.17226 64.48606 81.60171 91.88893 84.35787 57.12574 51.47676 54.14877 63.67274 73.33495 83.75801 86.72713 71.92329
79.18534 79.81498 79.5787 76.01055 71.05302 65.60697 67.56459 71.21944 70.95583 67.64364 68.24112 69.3259 70.83745 67.00627 63.93392 63.62767 60.96986 60.99615 60.53163 58.0729 60.69827 62.6346 66.26122 71.12421 73.24461 73.98739 75.04003 82.6862 94.21858 110.6619 118.5547 125.6756 124.2443 122.8171 122.0829 118.5634 115.7977 115.6602 106.7121 101.1048 91.54098 88.03618 85.79621 72.1392 69.3357 49.47572 47.48394 40.88316 46.54142 47.70883 45.48031 47.55476 47.72495 47.65246 39.89996 27.54452 35.44786 42.0432 51.42755 56.32681 61.13548 55.30739 45.05915
74.97019 76.51967 77.22476 75.69084 68.99712 68.5331 68.58825 70.12751 68.65364 65.48781 65.49658 66.01401 66.88271 62.76242 61.21466 60.42531 60.72703 61.00867 60.70644 59.25286 62.90966 61.05556 62.61531 65.28613 66.50528 66.29298 65.48708 67.90814 75.90205 96.61382 112.0945 114.7388 111.4358 110.9495 112.0107 114.4358 113.7505 109.4774 97.05692 87.57977 84.62198 68.37222 46.65497 39.30848 29.21716 30.17132 29.8476 35.28157 44.54354 47.66804 43.9814 40.20427 34.07387 24.79432 18.25875 20.95498 28.90562 30.0943 29.76353 31.07929 34.91459 28.57302 21.87898
72.88341 73.05272 73.51099 72.49171 64.60147 64.54042 65.44768 66.07018 64.99744 63.51619 63.94162 63.91429 62.83245 61.51271 61.5453 60.26281 58.60674 58.46629 59.10911 58.91846 64.35026 67.02998 68.64644 71.22246 66.58047 60.24684 56.74871 57.28173 68.16566 92.4051 116.6449 119.4462 117.1707 112.683 105.4203 96.8642 94.33752 88.05988 75.4651 70.09068 66.09065 50.62091 42.83881 38.52339 41.52346 57.48434 57.4994 58.43652 66.81708 54.16686 44.98342 37.86563 31.77921 27.31442 29.38683 36.93852 34.66721 31.21812 39.02896 42.58461 33.37458 27.24785 24.09044
71.67802 69.34599 68.59635 66.65366 59.52733 59.6598 61.44696 61.60944 61.76914 61.86699 62.81614 63.20048 61.48477 60.55974 59.95836 59.23775 56.93528 54.72067 53.54994 56.49689 63.83956 64.57137 72.43565 70.18653 64.60565 56.48875 58.0637 60.24001 81.97308 115.569 142.595 135.8743 128.0377 114.0455 104.5115 102.5837 101.0065 93.1651 77.41699 66.39838 49.5565 42.22493 42.7749 50.35117 68.91038 84.29367 88.86637 93.87589 85.03566 58.86724 43.35439 38.62264 42.11331 52.59574 67.68428 84.61104 79.13218 89.38046 98.23312 84.93806 63.64863 48.96615 38.78502
70.4632 66.66859 64.13731 60.91624 56.82362 57.57357 58.896 61.21795 61.46198 60.48419 61.04459 61.48242 57.92795 57.58924 57.9419 57.49082 55.48381 51.8774 52.59822 55.38197 57.16371 59.84697 64.97503 62.22945 61.57372 60.88054 62.56615 81.5906 120.8577 152.7676 151.0651 133.5011 121.4062 105.725 101.4025 101.6352 99.48327 89.02026 73.66341 56.81625 42.5606 41.89426 56.29393 69.48967 88.72965 98.01408 96.57517 87.28935 65.16383 60.81896 63.80688 66.67327 72.8784 86.51927 102.1227 119.6607 128.9001 142.509 127.5316 102.29 80.8969 70.71867 55.60075
68.48502 64.50383 60.90141 57.82852 59.89495 60.1916 60.51742 60.50267 59.41079 57.64389 56.87269 57.67459 53.19805 54.85989 56.80818 56.98013 56.90028 57.31186 56.34444 56.34282 58.21998 58.14327 58.72656 58.18916 58.73713 64.62217 78.00684 107.0038 148.9545 172.9471 158.2034 126.591 109.6637 96.54972 90.87495 86.11962 75.87424 64.39252 55.69221 50.01231 49.34956 67.04676 95.7302 101.8879 104.5966 106.0943 96.37988 84.12875 76.30915 80.62003 90.24882 102.5477 111.4861 123.0813 121.4696 126.4078 136.2136 123.6932 103.6255 83.29119 72.77997 61.08169 51.89878
65.68298 62.5693 60.08284 59.68559 60.25185 62.22368 58.61777 57.16388 56.02507 54.43602 52.75514 51.77156 48.92082 52.66658 57.41056 57.84844 55.81099 58.22533 60.26237 60.80385 59.76097 60.22596 58.96476 54.92271 54.45648 64.80736 81.47084 110.7931 143.7247 148.8303 130.6667 107.1794 94.49588 87.18393 84.98715 80.21899 69.0555 59.27122 52.49436 51.26721 59.91792 82.85976 96.98685 105.0354 104.6332 101.3936 100.0545 97.69942 99.13911 100.8381 105.5965 110.6694 113.5509 112.9967 111.5209 112.1795 106.1866 90.40896 76.69919 65.56647 59.87415 52.25842 44.96614
62.60632 59.36406 60.08832 58.6255 56.96806 56.17936 52.11718 51.7005 51.65943 50.79417 48.87463 47.05031 47.46856 48.73354 50.90054 50.65233 47.15853 54.14924 56.1371 57.34842 57.44332 58.40368 56.73624 52.15326 54.25115 56.64789 75.60703 106.4418 132.5983 134.3448 111.5471 95.55827 88.93612 85.88559 85.16605 77.28308 64.31866 56.0071 48.92752 48.51489 71.96484 94.63224 101.6258 104.077 100.9471 96.7978 99.99255 101.7107 102.6733 103.1864 103.5841 104.3565 103.6442 102.1197 102.0662 96.44973 84.73289 75.46546 68.79659 62.10839 57.01272 50.11864 41.64799
58.9884 56.35862 55.98541 55.89568 53.6228 50.81859 49.28775 48.50143 47.99656 46.97548 47.81139 48.06829 45.7457 45.16816 43.84891 41.78647 42.89374 49.48949 50.21468 51.35334 55.49374 56.14863 54.82247 55.64268 53.17062 64.57243 86.30023 115.6355 131.645 127.8974 110.3256 100.5437 99.61062 102.7173 97.30272 85.07803 60.19333 46.0421 43.6406 71.48804 95.74389 99.41833 95.84178 94.56344 84.82552 78.88393 85.45845 86.66485 97.58081 100.8789 97.37762 95.58318 93.74194 93.0416 89.1555 78.17143 70.65865 66.95061 63.21178 58.89481 56.24953 45.82253 36.30568
