py_wake/examples/data/AJ_ParqueFicticio/Rough survey   Sector 11   Height 30m   Weibull-A.grd
DSAA
73  159
 258469   265669
 6501692   6517492
 .2253106   10.82494
[rows 0 to 27 of 159, columns 0 to 62 of 73]
5.506415 5.568892 5.564444 5.570829 5.569592 5.566972 5.571313 5.574687 5.577253 5.573447 5.558166 5.53229 5.509311 5.485799 5.458893 5.441951 5.433683 5.431361 5.426814 5.439399 5.478384 5.911699 6.251507 6.347984 5.723878 4.438362 4.335892 4.947655 5.176566 5.023746 4.820856 4.802104 4.806566 4.973406 5.058066 5.294042 5.79551 6.211351 6.089211 6.053892 6.040196 6.065956 6.100628 5.999178 5.921059 5.984411 5.959163 5.940392 5.926218 5.899741 5.87836 5.831829 5.806539 5.786464 5.742773 5.706367 5.671377 5.627895 5.598614 5.560863 5.514266 5.476016 5.445009
5.473074 5.507067 5.540134 5.56197 5.567444 5.566718 5.566521 5.566551 5.571292 5.579335 5.577028 5.54688 5.516057 5.486177 5.452697 5.426437 5.412158 5.400536 5.353106 5.327621 5.382281 5.692598 6.335237 6.524797 6.350079 5.294859 4.038278 4.584283 4.980917 4.93727 4.870339 4.78452 4.755517 4.823424 4.84683 5.125087 5.656164 6.370427 6.196251 6.130352 6.120706 6.15671 6.255829 6.187453 5.867784 5.885576 5.952297 5.991272 5.973374 5.944405 5.941791 5.876642 5.851198 5.815422 5.767537 5.736039 5.691217 5.649893 5.591874 5.540672 5.487103 5.434975 5.390122
5.612773 5.358277 5.477952 5.535453 5.552464 5.55935 5.559892 5.55735 5.55411 5.559035 5.651483 5.605614 5.534487 5.495444 5.443619 5.425294 5.40421 5.370118 5.290768 5.184907 5.266693 5.431118 6.187347 6.696805 6.620933 5.490161 4.504781 4.554984 4.76076 4.7781 4.805079 4.726964 4.712982 4.690529 4.595031 4.888394 5.402117 6.439759 6.364568 6.234916 6.181275 6.193441 6.232629 6.41253 6.054438 5.83512 5.841009 5.925993 5.996423 6.017042 6.017487 6.000672 5.8835 5.830246 5.795008 5.764036 5.716917 5.658971 5.591599 5.522687 5.447671 5.38956 5.332873
6.224361 5.625226 5.402371 5.500834 5.533646 5.550428 5.550934 5.537954 5.517054 5.513379 5.537452 5.651127 5.666894 5.593153 5.45926 5.389252 5.35176 5.287374 5.215332 5.08955 5.121699 5.224602 5.853243 6.331574 6.632732 5.843938 4.860864 4.575253 4.638385 4.685318 4.748702 4.727091 4.682911 4.526313 4.327411 4.342013 4.843421 5.954945 6.695891 6.44075 6.413801 6.383089 6.289415 6.396282 6.378574 5.970109 5.876941 5.907547 5.968407 5.997279 6.100758 6.040063 5.946202 5.891515 5.862701 5.813778 5.754307 5.676066 5.591398 5.498405 5.408204 5.340641 5.287217
6.668252 6.039878 5.389569 5.42983 5.475272 5.526102 5.539301 5.511861 5.485296 5.481846 5.486568 5.504041 5.661325 5.665123 5.478091 5.328776 5.278007 5.220899 5.149864 5.018195 5.082974 5.152672 5.483593 5.96185 6.339047 6.010633 5.180718 4.850708 4.741213 4.718851 4.649622 4.741287 4.557955 4.330029 4.132958 3.854147 4.056572 5.20291 6.031783 6.28437 6.590453 6.739792 6.351552 6.29594 6.507297 6.217908 6.085529 5.98568 5.966985 6.016834 6.177678 6.143538 6.084357 6.027344 5.969129 5.894457 5.803123 5.700578 5.584456 5.470117 5.36675 5.270675 5.200628
6.639565 6.431885 5.997892 5.508735 5.309478 5.465404 5.541114 5.500345 5.455014 5.434787 5.451744 5.401166 5.549828 5.587264 5.474057 5.278069 5.211208 5.126298 4.962258 5.018102 5.205328 5.277701 5.478791 5.773198 6.157026 5.957873 5.42638 5.086672 4.9063 4.809206 4.689439 4.71201 4.734774 4.521045 4.382 4.069167 3.701939 4.187825 5.020178 5.490777 6.077607 6.791283 6.439139 6.250978 6.214974 6.37731 6.241703 6.067731 5.982783 5.99378 6.1133 6.351497 6.291739 6.211821 6.115077 5.998125 5.870799 5.735938 5.588648 5.450504 5.311431 5.193243 5.009341
6.59213 6.638796 6.672841 6.321695 5.575041 5.302619 5.548906 5.584983 5.539159 5.513084 5.534008 5.441829 5.370991 5.472177 5.514862 5.385678 5.135961 5.044213 4.855314 4.722002 5.015893 5.382449 5.616534 5.784405 6.098149 5.942334 5.609194 5.301179 5.036066 4.868242 4.715643 4.630414 4.727046 4.647108 4.465571 4.262185 4.084598 4.004716 4.104568 4.672022 5.554814 6.463646 6.516219 6.25742 6.245803 6.294504 6.255579 6.107175 5.918735 5.916576 6.025956 6.189445 6.43073 6.593929 6.373129 6.153637 5.965157 5.787955 5.605946 5.412244 5.23876 4.987367 4.730421
6.546446 6.56999 6.590187 6.592786 6.109919 5.549207 5.535927 5.620265 5.601067 5.588367 5.56976 5.513162 5.475838 5.530058 5.584526 5.496168 5.212414 4.966925 4.809665 4.427464 4.734418 5.169044 5.701462 5.889213 6.217182 6.055726 5.779551 5.401874 5.166003 4.944541 4.821809 4.845157 4.794457 4.684441 4.517332 4.325989 4.212526 4.209988 4.176485 3.949371 5.085302 6.120965 6.269839 6.245014 6.20189 6.162602 6.312272 6.112734 5.844897 5.805528 6.047452 6.055825 6.198248 6.514324 6.811612 6.351462 6.079752 5.872529 5.651996 5.404509 4.979858 4.738781 4.465098
6.551775 6.58026 6.607077 6.61633 6.401962 5.921744 5.749089 5.705744 5.648184 5.630084 5.607399 5.562881 5.551145 5.612084 5.688848 5.631406 5.399869 4.940059 4.682634 4.401134 4.232475 4.726031 5.332621 5.667326 6.174182 6.312311 6.039575 5.584199 5.342013 5.147907 5.019449 4.956691 4.874948 4.762099 4.594719 4.421795 4.259821 4.253792 4.310189 4.024604 4.416458 5.273657 5.606254 5.724911 6.08674 6.225813 6.046844 6.116492 5.697721 5.445638 5.861978 5.882862 5.858468 6.346788 6.679471 6.539963 6.210315 5.998702 5.803408 5.4246 4.729034 4.286397 4.140587
6.565403 6.61632 6.645321 6.664811 6.589691 6.193954 5.840458 5.704932 5.627098 5.654153 5.673639 5.656302 5.613821 5.663656 5.833408 5.838714 5.619042 5.223901 4.746515 4.350992 4.062553 4.120457 4.60898 4.68475 5.453129 6.327445 6.328171 5.889009 5.639586 5.376259 5.168977 5.083792 4.991711 4.873837 4.738702 4.645326 4.481927 4.216472 4.326518 4.283584 4.05597 3.989777 4.352863 4.446956 5.454675 5.845219 5.715559 5.912017 5.608495 5.07018 5.3885 5.60761 5.608943 5.838933 6.374136 6.666838 6.368104 6.21377 6.051163 5.715017 4.9717 4.067394 3.926871
6.591912 6.620696 6.626157 6.664874 6.732546 6.478954 6.38077 5.980317 5.594742 5.694458 5.804233 5.772117 5.617904 5.592231 5.842188 6.271071 6.085675 5.469535 5.068262 4.718112 4.195721 4.015214 4.207665 4.319984 4.239462 5.262523 6.10428 6.221336 5.855987 5.471429 5.324509 5.243067 5.147268 5.041596 4.915642 4.761228 4.636053 4.446113 4.281958 4.441578 4.455328 4.450233 4.409426 4.113049 4.027456 4.826557 4.849583 5.236361 5.358881 4.890911 4.851435 5.085492 5.46128 5.700947 6.11864 6.508996 6.620881 6.523959 6.525073 6.222459 5.548099 4.522728 4.08472
6.55313 6.592255 6.553764 6.462393 6.561769 6.555444 6.556365 6.23774 5.483969 5.789576 5.957063 5.970185 5.633818 5.361243 5.484795 6.35785 6.708711 6.19838 5.319262 4.968583 4.527839 4.071208 3.89956 4.101575 4.230075 4.254026 5.523098 6.015592 5.800693 5.558728 5.425697 5.309907 5.257327 5.199176 5.111034 4.881341 4.751941 4.617433 4.397088 4.465396 4.565226 4.61252 4.545516 4.380172 4.052483 4.090597 4.274746 4.316565 4.580273 4.509192 4.221002 4.598402 5.296527 5.723271 5.75132 5.966945 6.296644 6.718359 6.706203 6.635378 6.186037 5.268178 4.344491
6.483178 6.516351 6.507968 6.432416 6.492963 6.549599 6.593438 6.601847 5.561754 5.806291 6.123528 6.389659 6.285004 5.264669 5.178495 5.270488 6.011768 6.561604 6.460574 5.585415 4.893399 4.464744 4.165794 4.164623 4.238134 4.357359 4.421174 5.245303 5.632426 5.524335 5.399198 5.300629 5.268063 5.214133 5.148855 4.994483 4.836355 4.737286 4.626702 4.490375 4.545406 4.634957 4.607256 4.476452 4.147017 4.195776 4.267085 4.398389 4.490047 4.408987 4.135816 3.723886 4.41455 5.052603 5.308471 5.093778 5.196742 5.279227 5.372872 5.387707 5.52141 4.988011 4.387049
6.393409 6.407195 6.470804 6.475095 6.496209 6.536665 6.571934 6.649628 5.804421 5.715064 6.086095 6.426264 6.590167 6.281077 5.568152 5.307397 5.639212 5.915485 6.300107 6.224832 6.013779 5.412644 4.601958 4.215887 4.296949 4.388916 4.554128 4.766665 5.047665 5.171236 5.185269 5.165137 5.159132 5.15671 5.067673 4.986767 4.87344 4.808322 4.756031 4.69245 4.574106 4.53953 4.559721 4.471318 4.112211 4.044964 4.089228 4.044573 4.213166 4.089058 3.888356 3.443434 1.867584 2.295645 2.611591 2.615438 .2253106 .3112561 .313732 2.152013 2.706964 3.491742 3.812
6.329548 6.387607 6.439054 6.475411 6.501002 6.528036 6.541518 6.5169 6.155005 5.922958 6.235276 6.411345 6.518721 6.469573 6.199842 5.910232 5.905538 6.035869 6.189363 6.215719 6.287584 6.139904 5.781223 4.709143 4.249999 4.399499 4.526459 4.705306 4.866898 4.972186 5.022831 5.052918 5.14944 5.165867 5.075538 4.899951 4.859572 4.785789 4.813615 4.860662 4.802102 4.685889 4.542151 4.467473 4.441677 4.158002 4.235981 4.060739 3.6628 3.559903 3.537483 3.242462 2.276409 2.379663 2.556987 2.138857 .3941986 .3596278 .2351002 2.551645 2.309699 2.021351 2.575475
6.291492 6.368327 6.422598 6.445499 6.484848 6.507962 6.501997 6.476547 6.365369 6.181281 6.24834 6.355432 6.437233 6.478838 6.398169 6.109256 5.959188 6.120267 6.333084 6.373326 6.297761 6.462154 6.641696 5.951701 4.915108 4.219627 4.423642 4.607919 4.757285 4.894737 4.951314 4.976418 5.079019 5.276418 5.334214 4.870868 4.484046 4.608559 4.737182 5.091453 5.198112 4.979368 4.684794 4.611687 4.604764 4.492589 4.299314 4.144046 3.841025 3.231038 3.219038 3.181667 2.599411 2.635586 2.416329 .5744697 .5458924 2.955574 2.985378 2.611049 2.233166 1.85478 1.351524
6.273199 6.32436 6.363917 6.406362 6.451507 6.479624 6.472695 6.436113 6.372824 6.267309 6.25001 6.288688 6.346834 6.349833 6.374702 6.320444 6.183672 6.128368 6.255313 6.281903 6.276104 6.400671 6.552726 6.704928 6.475892 5.250538 4.235106 4.400424 4.640707 4.80269 4.841331 4.845597 5.070168 5.485645 5.748948 5.663277 4.798794 4.395998 4.540078 4.93636 5.283174 5.085223 4.791755 4.659187 4.62505 4.598048 4.494633 4.355923 3.818019 2.511734 2.396535 2.870613 3.498055 3.99378 4.4089 4.874142 5.343927 5.672103 5.727373 5.608777 5.17032 4.44843 3.191639
6.263375 6.299271 6.340073 6.388149 6.42207 6.459444 6.452008 6.419985 6.365352 6.339584 6.309004 6.248314 6.213213 6.305846 6.352806 6.357712 6.291131 6.238222 6.260268 6.278485 6.297545 6.387081 6.502176 6.655071 6.707564 6.582847 5.561123 4.612812 4.535791 4.779677 4.947039 5.01351 5.145357 5.471638 5.960241 6.210989 5.466157 4.612588 4.707063 5.083986 5.82986 5.862962 5.034005 4.52534 4.347043 4.318137 4.35388 4.766675 4.956906 4.928968 4.731121 4.659235 5.027467 5.485894 5.80627 5.96734 6.03427 6.118233 6.196777 6.116158 5.739696 5.247894 4.321742
6.223773 6.267735 6.334475 6.385786 6.410429 6.424914 6.420459 6.393481 6.364672 6.368192 6.363373 6.234509 6.148041 6.272288 6.328467 6.354421 6.327401 6.298245 6.288905 6.279753 6.278512 6.342375 6.473414 6.671172 6.818234 6.731374 6.41295 5.808509 5.215497 5.142022 4.959459 4.88588 5.517742 6.034534 6.244885 6.506127 6.093002 5.036508 4.49028 4.947239 6.216361 6.856695 6.678085 6.301425 5.824388 5.529352 5.099668 5.381457 5.734304 5.690397 5.297754 5.04009 5.154978 5.485939 5.864209 6.049477 6.150408 6.103699 5.995955 5.938605 5.938873 5.62675 4.907739
6.20442 6.260443 6.320699 6.364303 6.36766 6.382864 6.375569 6.366823 6.359325 6.357316 6.364222 6.326893 6.226778 6.257618 6.317519 6.350289 6.360434 6.35221 6.316744 6.278747 6.255919 6.27963 6.307126 6.41883 6.570505 6.668534 6.691979 6.354345 5.787133 5.610813 5.193714 4.610126 5.202899 6.367454 6.535812 6.629776 6.414526 5.461124 4.242287 4.759053 6.205098 7.110123 7.298459 7.326836 7.059303 6.633482 5.941996 5.861233 6.203598 6.2024 5.761743 5.41666 5.263015 5.43043 5.717665 5.944492 6.049949 6.152756 6.017045 5.809136 5.743576 5.713139 5.305801
6.181072 6.220512 6.267207 6.299607 6.314796 6.316464 6.334724 6.325199 6.319219 6.338374 6.355986 6.35742 6.297245 6.298575 6.325845 6.356366 6.382264 6.378427 6.335015 6.273819 6.253325 6.23604 6.261499 6.303605 6.409728 6.465051 6.455229 6.413669 6.422977 5.711515 5.384051 4.916336 4.522939 6.21141 6.768076 6.911129 6.392614 5.410454 4.161568 4.720966 6.167029 6.931015 7.281511 7.328146 7.354285 7.334163 6.793685 6.335248 6.369858 6.514348 6.073721 5.926723 5.573521 5.54507 5.725269 5.872448 5.958636 6.032421 5.922362 5.740149 5.617017 5.619975 5.581361
6.153601 6.156974 6.173982 6.242563 6.271062 6.278479 6.260879 6.263924 6.265778 6.307208 6.360878 6.374592 6.348229 6.338914 6.339646 6.343966 6.377141 6.397725 6.352274 6.340676 6.310842 6.276767 6.250564 6.281899 6.344566 6.37362 6.334165 6.274502 6.385195 5.937337 5.836837 5.578195 4.386112 4.96793 6.295922 6.888476 6.730248 5.468652 4.130141 4.850558 6.083186 6.839097 7.113327 7.194971 7.294489 7.348965 7.110674 6.723886 6.533974 6.454036 6.28631 6.117696 5.942213 5.693709 5.864816 5.962714 5.960534 6.02004 5.930393 5.647621 5.481962 5.533198 5.550315
6.147678 6.135779 6.140449 6.176464 6.193862 6.204491 6.20219 6.203493 6.206326 6.264288 6.347478 6.361241 6.360906 6.355976 6.343386 6.336668 6.289572 6.359255 6.369664 6.362856 6.337265 6.310378 6.297727 6.316415 6.333312 6.328146 6.264435 6.173779 6.188504 6.134249 6.364799 6.243599 4.989357 4.475611 5.444595 6.784049 6.843189 5.769887 4.383306 4.185045 5.51382 6.639278 7.065967 7.113855 7.180235 7.237565 7.185265 7.07411 6.917224 6.543655 6.370049 6.305656 6.192549 5.908839 5.993826 6.171825 6.184359 6.165075 6.229567 6.010695 5.629162 5.444685 5.376151
6.174032 6.197331 6.131706 6.090509 6.117358 6.145004 6.151932 6.159032 6.164793 6.227693 6.308911 6.336565 6.341007 6.356406 6.343552 6.330127 6.250619 6.266357 6.329113 6.369051 6.36795 6.355095 6.340882 6.350084 6.345573 6.294281 6.219553 6.139474 5.919226 5.987166 6.33974 6.48823 5.823886 4.68199 4.851973 6.255864 6.74689 6.387996 5.384359 4.192347 4.5669 5.96683 6.548558 6.883142 6.93226 7.111794 7.182496 7.17887 7.058453 6.804233 6.593721 6.440133 6.314914 6.052794 6.079232 6.426095 6.519549 6.393575 6.444336 6.451108 6.01266 5.469811 5.291495
6.161789 6.177123 6.151947 6.1014 6.105132 6.116685 6.120803 6.133652 6.142581 6.231868 6.270885 6.30357 6.3163 6.319044 6.312591 6.336957 6.311073 6.289928 6.32152 6.360514 6.380861 6.382163 6.375716 6.386661 6.346391 6.260907 6.190983 6.138196 5.883023 5.582641 5.959022 6.324731 6.377999 5.550375 4.694138 5.795775 6.374002 6.344574 5.973518 5.177392 4.753844 5.409101 6.07624 6.490806 6.636747 6.951954 7.0964 7.204506 7.158623 6.95211 6.859591 6.735983 6.589431 6.20961 6.099549 6.637377 6.91594 6.708113 6.654692 6.805931 6.261343 5.656074 5.198882
6.160691 6.120381 6.120102 6.107927 6.106956 6.116833 6.131299 6.122831 6.124321 6.198637 6.237172 6.266179 6.276026 6.284108 6.290953 6.307184 6.321922 6.321717 6.330416 6.355911 6.374188 6.389601 6.397788 6.421159 6.383287 6.250016 6.095726 6.086656 6.074173 5.673848 5.870351 6.187947 6.252166 6.182788 4.855978 5.511573 6.124211 6.288533 6.12731 5.589071 4.969007 5.343849 6.185141 6.408257 6.541533 6.769606 6.92559 7.128829 7.240509 7.145973 7.060084 7.094688 7.03512 6.467374 6.019022 6.733484 7.408154 7.048956 6.74227 6.694633 6.354454 5.827211 5.353961
6.176857 6.094146 6.087096 6.093816 6.113226 6.123326 6.135463 6.147063 6.148775 6.136474 6.174899 6.223016 6.25079 6.259957 6.293888 6.298353 6.318193 6.335989 6.339816 6.342627 6.353284 6.374661 6.389475 6.348853 6.413041 6.361716 6.068889 6.089608 6.23302 5.997705 6.025448 6.106887 6.143198 5.954895 5.352838 5.743561 6.011495 6.132628 6.160638 5.463888 5.112731 5.376155 6.147542 6.522631 6.680895 6.677536 6.761605 6.993678 7.210073 7.227158 7.210103 7.374932 7.604822 7.084998 6.056407 6.490178 7.554991 7.608112 6.832583 6.317412 6.06499 5.769588 5.465059
6.171149 6.139387 6.098404 6.096735 6.117361 6.132123 6.149539 6.156388 6.121157 6.115419 6.142151 6.191486 6.232111 6.254796 6.282777 6.303188 6.320953 6.358302 6.356786 6.339474 6.307631 6.27217 6.315553 6.363194 6.39622 6.377644 6.269847 6.132691 6.224499 6.166243 6.102937 6.129491 6.082544 5.822124 5.531633 5.882644 5.950042 5.979261 6.07673 5.614126 5.191461 5.251822 5.733477 6.44371 6.759683 6.779798 6.771657 6.911615 7.142858 7.261988 7.232717 7.491932 8.018064 7.956609 6.627779 6.379212 7.245326 7.733416 6.99132 6.125129 5.685803 5.473818 5.184108
