py_wake/examples/data/AJ_ParqueFicticio/Rough survey   Sector 4   Height 200m   Orographic turn.grd
DSAA
73  159
 258469   265669
 6501692   6517492
-10.12591   11.86711
[rows 0 to 26 of 159, columns 0 to 60 of 73]
-.3921863 -.4916382 -.5419831 -.5395097 -.5551841 -.5639848 -.5579013 -.5573188 -.5554669 -.5695124 -.5847654 -.6274479 -.6570033 -.6789914 -.7128384 -.6753907 -.6105154 -.4853903 -.2989347 -.03289242 .2188989 .3199856 -.04666959 -.6595081 -1.295532 -1.994976 -2.430685 -2.645302 -2.772395 -2.858778 -2.977435 -3.068874 -3.067956 -2.866461 -2.59944 -2.385224 -2.127696 -1.897813 -1.728062 -1.555776 -1.413929 -1.256233 -1.128768 -1.046241 -.9984239 -.9207557 -.8761325 -.7869393 -.7324867 -.6891047 -.6690586 -.7162625 -.7768535 -.8572653 -1.012691 -1.174108 -1.330575 -1.505007 -1.623816 -1.73243 -1.862268
-.1680039 -.377115 -.443919 -.4491992 -.4470972 -.4614669 -.4746518 -.5031048 -.5071705 -.4995712 -.4922327 -.5248497 -.5605982 -.615587 -.6628897 -.6481746 -.6029228 -.4811006 -.3448885 -.08863561 .09150756 .1029779 -.1569651 -.5604241 -1.110178 -1.880985 -2.631119 -2.972566 -3.066779 -3.149949 -3.228178 -3.353997 -3.453731 -3.324997 -3.109503 -2.767765 -2.317789 -1.829668 -1.495273 -1.267397 -1.044406 -.8881516 -.7628912 -.7277085 -.8744567 -.8165528 -.7437603 -.6398215 -.567666 -.5251609 -.4886592 -.5517219 -.6213471 -.7609362 -.9258131 -1.084749 -1.311851 -1.505491 -1.724724 -1.908932 -2.082261
.1473153 -.211384 -.331852 -.3596345 -.3637546 -.3746956 -.3900967 -.4154219 -.4490585 -.4689677 -.4298518 -.4200217 -.4876592 -.5459765 -.6209158 -.6502041 -.6142197 -.5384732 -.4531262 -.2890032 -.1755904 -.2273865 -.2965241 -.4731055 -.9621363 -1.823969 -2.591281 -3.0627 -3.253554 -3.362133 -3.465808 -3.634724 -3.750583 -3.72037 -3.570842 -3.138567 -2.51889 -1.814484 -1.296769 -.9389642 -.6885403 -.5813957 -.4971593 -.4446469 -.5545024 -.659138 -.6340712 -.5347148 -.4220864 -.3192263 -.2506367 -.2916332 -.4381341 -.6372505 -.8300506 -1.026801 -1.278581 -1.547235 -1.830161 -2.082247 -2.342893
.6248626 .1910078 -.1094693 -.2211826 -.2464619 -.2738231 -.3106982 -.3512618 -.3947309 -.4395915 -.4408118 -.3583843 -.3838833 -.4569393 -.5913672 -.6810029 -.6963317 -.6385692 -.5831975 -.4983819 -.4841968 -.5707395 -.6368669 -.6863852 -.9529124 -1.616121 -2.445056 -3.004922 -3.275404 -3.448738 -3.607865 -3.855806 -3.968282 -3.974954 -3.900438 -3.555026 -2.893258 -2.013259 -1.205484 -.659334 -.332758 -.2484231 -.2895992 -.2619717 -.2705579 -.4251671 -.4326603 -.3735165 -.2814617 -.1863996 -.09020168 -.1682114 -.2973227 -.4778155 -.6709567 -.9353478 -1.254449 -1.613231 -1.969884 -2.325444 -2.664113
1.096207 .6768397 .2590758 -.008025053 -.1343543 -.1671234 -.1907781 -.2709098 -.3366398 -.3884968 -.4326772 -.4181963 -.3466243 -.390042 -.5748028 -.7015793 -.7752234 -.7904437 -.7534522 -.7546905 -.793155 -.8874948 -1.020779 -1.066022 -1.20437 -1.639778 -2.271802 -2.792182 -3.15503 -3.390557 -3.663892 -3.868678 -3.930637 -3.910285 -3.925734 -3.802625 -3.341902 -2.450688 -1.494131 -.6243849 -.09253023 -.06904504 -.2537387 -.3169406 -.2211365 -.1959791 -.1509555 -.1786316 -.1405303 -.0913128 .03210917 .01515976 -.05844985 -.2009142 -.4395142 -.7766938 -1.203878 -1.648263 -2.129365 -2.60271 -3.021359
1.355885 1.181323 .8307818 .3813771 .03680708 -.03602937 -.07557493 -.1954847 -.2844431 -.3437496 -.3593964 -.425777 -.3454698 -.4231801 -.5474379 -.7094007 -.8713527 -.98955 -1.051032 -1.089228 -1.133339 -1.237618 -1.307455 -1.364201 -1.431998 -1.695132 -2.128929 -2.550353 -2.899566 -3.232767 -3.500064 -3.57941 -3.453735 -3.421252 -3.451001 -3.544318 -3.430698 -2.883304 -1.987876 -.9807088 -.3852629 -.244636 -.379196 -.4128832 -.3134883 -.06552101 -.01117783 -.08604071 -.09689384 -.003140483 .1209802 .2889946 .2833773 .1582657 -.1283633 -.5651821 -1.106896 -1.680316 -2.296399 -2.881741 -3.416141
1.531921 1.497284 1.392043 1.043609 .4998279 .1437799 .02865667 -.07266863 -.1718255 -.2361445 -.2425219 -.3149686 -.3320364 -.3793275 -.4764227 -.6396925 -.9099326 -1.186254 -1.385547 -1.490743 -1.542255 -1.556485 -1.610846 -1.57491 -1.513536 -1.62668 -1.953185 -2.278905 -2.618338 -2.890838 -3.108103 -3.21206 -3.060128 -2.965643 -3.092652 -3.1593 -3.211569 -2.968918 -2.364705 -1.685693 -1.159395 -.847348 -.6777186 -.4757813 -.2381489 -.05070044 -.03527985 -.1197463 -.1818189 -.046186 .2123436 .4636423 .6155994 .571285 .249557 -.2825578 -.9668575 -1.673775 -2.421265 -3.147032 -3.696773
1.589641 1.608987 1.547999 1.401693 .9841193 .5448968 .2483349 .07675595 -.02771416 -.08104952 -.1064504 -.1301378 -.1991968 -.2285203 -.3233359 -.5119601 -.8691244 -1.262257 -1.637236 -1.973348 -2.071216 -2.002029 -1.883049 -1.720697 -1.50958 -1.447325 -1.700273 -1.994507 -2.244912 -2.483736 -2.616465 -2.62102 -2.612772 -2.617978 -2.713581 -2.825702 -2.908996 -2.820429 -2.581062 -2.293522 -1.980641 -1.533364 -1.011723 -.5093716 -.09734624 -.04778185 -.1678678 -.2488173 -.208095 -.02037335 .2372196 .511668 .7494758 .8527816 .5772173 -.07839856 -.8289264 -1.598747 -2.438876 -3.115211 -3.531831
1.650034 1.693401 1.661385 1.553903 1.263301 .8745824 .4968837 .2938309 .1275565 .1011479 .08749061 .03777664 -.006193932 -.02389284 -.05985147 -.2562946 -.6635842 -1.237253 -1.813853 -2.351591 -2.631507 -2.478225 -2.270253 -1.967356 -1.591161 -1.315569 -1.387541 -1.633273 -1.811462 -1.961617 -2.049413 -2.08214 -2.102617 -2.154899 -2.278617 -2.367205 -2.541742 -2.621212 -2.655211 -2.648877 -2.452885 -1.990705 -1.303135 -.6460962 -.2671659 -.2537308 -.2890996 -.1468136 -.07168788 .09495115 .4032647 .6701247 .8812025 .842204 .5824234 .01248591 -.7041124 -1.434957 -2.125525 -2.653061 -2.892739
1.690352 1.748463 1.760406 1.634276 1.400275 .9918461 .5563785 .3317916 .2980053 .3173405 .3825783 .3009845 .1862921 .1708142 .2518448 .1189068 -.2976727 -.9442943 -1.698854 -2.40017 -2.940823 -3.072222 -2.744907 -2.452719 -2.075245 -1.514706 -1.239545 -1.300014 -1.35671 -1.440387 -1.520473 -1.569488 -1.575752 -1.640342 -1.731167 -1.848141 -2.137645 -2.429848 -2.542069 -2.587654 -2.466533 -2.075399 -1.506403 -1.00579 -.7533706 -.5632074 -.3677034 -.04525499 .1519487 .2320243 .4781114 .7357976 .8080909 .5565861 .1783146 -.1193855 -.6467842 -1.121833 -1.560991 -1.771352 -1.882041
1.745585 1.781687 1.789286 1.694267 1.567034 1.227378 .9421762 .630436 .5495245 .6767528 .7191169 .6009853 .3980348 .3321259 .4109808 .4624001 .2160496 -.4119443 -1.177898 -1.970978 -2.700959 -3.142598 -3.116117 -2.921332 -2.623911 -2.085934 -1.457149 -1.117386 -1.023365 -1.056541 -1.012973 -1.010072 -1.069125 -1.10482 -1.19906 -1.397999 -1.692338 -2.010848 -2.204071 -2.214241 -2.066573 -1.772027 -1.460569 -1.291451 -1.173642 -.8120722 -.3772254 .0408941 .2554481 .34616 .4427903 .4689484 .3186728 -.01207344 -.3149467 -.4935806 -.6088185 -.7294695 -.8095524 -.7524533 -.7307931
1.720965 1.7733 1.733973 1.619971 1.613177 1.506624 1.352059 1.212963 1.033155 1.147799 1.065247 .8569416 .6108268 .3940529 .4213306 .5703737 .510656 .1384459 -.4669351 -1.199501 -2.052198 -2.745594 -3.117362 -3.089909 -2.863326 -2.420761 -1.629884 -1.16408 -.9564247 -.730252 -.596795 -.5690351 -.5597704 -.6225557 -.6937526 -.9255874 -1.228683 -1.493696 -1.724552 -1.684933 -1.566518 -1.309978 -1.19027 -1.118097 -1.067848 -.7822432 -.3174973 .04277138 .3213523 .320455 .1283085 -.114227 -.3651823 -.6012924 -.7721942 -.7167243 -.5880261 -.3333084 -.1288084 .1014938 .1798136
1.666881 1.709429 1.686751 1.624387 1.638629 1.637239 1.657223 1.684747 1.610428 1.539018 1.258129 1.100284 .9737184 .6814874 .4796817 .4544851 .5050805 .5058624 .131345 -.4437167 -1.176652 -1.937471 -2.56585 -2.831005 -2.781188 -2.455577 -1.92431 -1.328495 -.8719212 -.4828736 -.2685595 -.1491718 -.1210525 -.1657717 -.2403122 -.4747826 -.767863 -.9650297 -1.093842 -1.122665 -1.000718 -.8230249 -.7153527 -.687728 -.7203717 -.5370442 -.1884769 .1195033 .2887022 .183761 -.1999944 -.6662624 -.916944 -.9524604 -.8426734 -.630385 -.230058 .08797504 .3654342 .5184847 .4498509
1.60576 1.622839 1.650919 1.665872 1.688827 1.761436 1.860399 1.941059 1.851688 1.65329 1.457048 1.362792 1.338868 1.165417 .8458818 .5322083 .5574468 .5472211 .455327 .1169632 -.3878154 -1.045771 -1.716725 -2.191338 -2.346557 -2.215298 -1.80305 -1.249775 -.670144 -.2958618 -.04345372 .1082176 .2270495 .2655731 .09744602 -.1059342 -.3606298 -.4617333 -.4869725 -.4192538 -.3328822 -.2573792 -.1778919 -.1598061 -.2219672 -.1410879 .07020341 .226949 .2685592 .1030166 -.3285202 -.7358643 -.9418682 -.8026127 -.4324194 .02151352 .3034174 .4544653 .4271116 .2577744 -.1387471
1.512453 1.564151 1.621714 1.666824 1.74623 1.819903 1.930573 1.995919 1.944921 1.79654 1.625151 1.504226 1.485588 1.350798 1.060683 .7516389 .6447671 .585201 .5565299 .4518537 .2103309 -.1972586 -.6996573 -1.283943 -1.704725 -1.758828 -1.540257 -1.109977 -.6633164 -.2588751 .01590269 .2924722 .5085303 .626945 .481155 .1595937 -.0673066 -.1015964 .06640525 .29871 .443664 .4892483 .4801457 .4529692 .4890357 .4759293 .5592391 .5166503 .4012612 .2117804 -.1149865 -.3214184 -.3624983 -.1226665 .2499668 .6344845 .7584579 .5384323 .1281811 -.4539896 -1.089513
1.451779 1.535185 1.616298 1.685899 1.757915 1.854232 1.938724 2.029842 2.030062 1.914604 1.698277 1.571829 1.518227 1.393044 1.136875 .8602907 .7404438 .7218269 .7564678 .7609675 .6293455 .4906566 .3521602 -.1102513 -.6642786 -1.092775 -1.140709 -.8857465 -.5503715 -.1717884 .142946 .4501989 .81269 1.004224 .826767 .4473034 .1261279 .1693378 .51064 .9982665 1.244607 1.211942 1.067853 1.092705 1.127005 1.135171 1.026283 .8915926 .6438392 .3826489 .2564619 .2456235 .3848982 .6525308 .8786462 .9507062 .713138 .2318565 -.3661216 -1.08473 -1.902747
1.429252 1.496886 1.588154 1.674927 1.748367 1.836052 1.941912 2.004871 2.001674 1.894638 1.754441 1.612481 1.49785 1.353464 1.213627 1.107642 1.004243 .8838978 .9071501 .9328699 .9197907 .9084189 .9362433 .8650993 .5229709 -.06416391 -.4608873 -.526422 -.3166999 -.04374262 .2677731 .6532568 1.131951 1.327008 1.027014 .7552924 .4472254 .494478 1.035953 1.725769 2.002926 1.921817 1.769762 1.659129 1.658776 1.625976 1.490801 1.213831 .9084349 .6038897 .4701811 .5925842 .8023106 .9611143 .9440995 .7058481 .2347902 -.2304225 -.8154575 -1.346386 -2.026803
1.407363 1.494001 1.573671 1.668868 1.730899 1.808148 1.899411 1.950676 1.94373 1.886433 1.755298 1.603222 1.451438 1.351767 1.301176 1.240336 1.19737 1.114507 1.124975 1.134998 1.159806 1.183083 1.237617 1.301089 1.203952 .9210781 .4904336 .1487554 .0289336 .1323671 .3893088 .8798553 1.314814 1.304236 1.092381 .9856035 .8695469 .9520599 1.548277 2.311754 2.6971 2.767833 2.569516 2.299594 2.129973 1.955096 1.728782 1.476479 1.097041 .7824365 .6281227 .7010913 .8112677 .8317562 .6087537 .1945566 -.266101 -.6578462 -.9717814 -1.340945 -1.796146
1.38659 1.475869 1.563213 1.657323 1.7209 1.783486 1.849867 1.886336 1.883684 1.847627 1.720331 1.555268 1.447434 1.415163 1.372102 1.337536 1.308012 1.278897 1.26389 1.258415 1.276639 1.34165 1.454836 1.565598 1.606239 1.49083 1.223173 .877862 .5810674 .4657904 .5966297 .9929632 1.292525 1.230448 1.169871 1.263459 1.281266 1.423318 2.002357 2.833477 3.233396 3.357756 3.21961 2.950195 2.57351 2.230545 1.981925 1.637034 1.300084 1.034508 .9045258 .8406748 .7963088 .6111928 .3449957 -.03688268 -.3863594 -.7018483 -.9779131 -1.223848 -1.553815
1.364936 1.459951 1.569612 1.667215 1.708601 1.756804 1.786757 1.795772 1.81775 1.800135 1.704791 1.626476 1.534238 1.458707 1.461332 1.433121 1.426616 1.418074 1.371679 1.346583 1.375576 1.438116 1.495462 1.612717 1.741847 1.84185 1.785331 1.533257 1.167768 1.016961 1.086733 1.07255 1.089815 1.157319 1.356739 1.574998 1.759857 1.986386 2.511935 3.074712 3.296763 3.423606 3.396636 3.233819 2.953629 2.674915 2.293967 1.905323 1.604845 1.470096 1.387065 1.218301 .9525367 .6550109 .370813 .04892913 -.2971589 -.5918115 -.8654237 -1.155866 -1.458964
1.329187 1.445506 1.570601 1.656939 1.697924 1.709072 1.737348 1.73738 1.748816 1.740163 1.687371 1.653282 1.597012 1.564346 1.520347 1.512313 1.516554 1.499661 1.439474 1.426253 1.454872 1.489837 1.549824 1.636934 1.753887 1.888444 1.909372 1.877375 1.734151 1.637904 1.496092 1.117425 .877008 1.179504 1.56294 1.895931 2.165647 2.396883 2.758728 2.891927 2.984224 3.068971 3.239842 3.268419 3.244957 3.195666 2.873379 2.402883 2.107385 2.125064 2.01069 1.776296 1.358081 1.024966 .6286803 .2870256 -.06733596 -.4201374 -.7924258 -1.243325 -1.583218
1.328422 1.391525 1.551141 1.647781 1.669229 1.670066 1.663365 1.670336 1.67344 1.677226 1.682235 1.665856 1.621972 1.598522 1.597669 1.559847 1.549548 1.547551 1.515472 1.547667 1.590319 1.603597 1.593137 1.64717 1.768529 1.886699 1.958369 2.021315 2.133077 2.212386 1.823878 1.269228 .7538058 .9739521 1.608161 2.243263 2.603663 2.641389 2.625334 2.53379 2.557322 2.829374 3.134688 3.345427 3.569124 3.619225 3.371031 3.032118 2.866857 2.859462 2.730846 2.381829 1.918243 1.460477 1.068392 .6061735 .179466 -.3251638 -.8721755 -1.452499 -1.931951
1.354457 1.420226 1.519496 1.578886 1.61354 1.620864 1.601393 1.606223 1.620071 1.633364 1.698009 1.680228 1.659274 1.624654 1.611751 1.619259 1.559842 1.566008 1.588489 1.625123 1.658232 1.686395 1.693003 1.747553 1.815579 1.936434 2.035173 2.142979 2.360465 2.441324 2.076516 1.485304 .9523548 .9195491 1.5303 2.419145 2.945503 2.88713 2.466638 2.162961 2.290617 2.728242 3.16018 3.532549 3.773683 3.886331 3.861635 3.774149 3.761284 3.675689 3.457953 3.054722 2.502832 1.964499 1.396101 .8388335 .2104722 -.4914896 -1.194938 -1.821368 -2.345777
1.386746 1.462868 1.486637 1.495875 1.507804 1.531888 1.540505 1.562037 1.580619 1.627151 1.678135 1.69502 1.660764 1.662952 1.616037 1.600589 1.54625 1.565656 1.629198 1.684348 1.724298 1.766413 1.787519 1.824363 1.902758 1.992193 2.111687 2.232122 2.349936 2.277251 1.947921 1.661079 1.340198 1.191437 1.615841 2.385439 2.999177 3.075582 2.606161 2.131177 2.226488 2.653579 3.163583 3.631238 3.944331 4.157823 4.325002 4.429607 4.465448 4.40478 4.153749 3.65591 2.95557 2.258406 1.578019 .8293929 -.01292229 -.8771657 -1.715672 -2.337463 -2.739154
1.368967 1.45911 1.455646 1.429471 1.456871 1.475145 1.480272 1.520355 1.529936 1.635869 1.642333 1.672038 1.658334 1.639782 1.609786 1.616681 1.591897 1.609973 1.674034 1.742617 1.793955 1.82395 1.863449 1.90999 1.956065 2.039686 2.151248 2.244177 2.209729 2.03142 1.865163 1.863611 1.88134 1.80325 1.884153 2.409654 2.810521 2.978232 2.788518 2.416527 2.470832 2.744408 3.214793 3.721374 4.094854 4.442662 4.732447 4.945788 5.064064 5.026739 4.748694 4.114861 3.244227 2.344516 1.41764 .5585312 -.4456911 -1.469671 -2.342319 -2.795595 -2.932806
1.369983 1.402392 1.408392 1.380849 1.38169 1.409645 1.466482 1.470599 1.508404 1.607488 1.61892 1.620441 1.620022 1.603382 1.599197 1.593454 1.621425 1.669661 1.724276 1.791055 1.812807 1.852861 1.924778 1.991579 2.018513 2.072455 2.153131 2.273532 2.239406 2.031555 2.003062 2.08576 2.211359 2.316636 2.309253 2.51698 2.74884 2.925324 2.869506 2.697906 2.661999 2.875566 3.341619 3.845577 4.269419 4.706635 5.043602 5.358843 5.524977 5.462306 5.103271 4.389209 3.351668 2.198586 1.093053 .04853392 -1.006846 -2.103138 -2.859885 -3.099258 -2.850385
1.373645 1.366209 1.358023 1.341739 1.357323 1.370288 1.4111 1.452884 1.494852 1.513165 1.524541 1.562076 1.566798 1.55943 1.595909 1.602278 1.647493 1.703797 1.752621 1.808467 1.831597 1.875464 1.925063 1.998558 2.120844 2.235934 2.253553 2.361694 2.35786 2.300272 2.224199 2.234564 2.373743 2.53929 2.669291 2.816557 2.822262 2.899649 2.908366 2.818008 2.919794 3.159941 3.578596 3.967744 4.4855 4.950107 5.387187 5.711942 5.860788 5.645858 5.233785 4.433062 3.293541 1.967605 .6251329 -.5929689 -1.662672 -2.578749 -3.106282 -3.095344 -2.535577
