py_wake/examples/data/AJ_ParqueFicticio/Rough survey   Sector 6   Height 200m   Power density.grd
DSAA
73  159
 258469   265669
 6501692   6517492
 145.3619   858.2432
[rows 0 to 27 of 159, columns 0 to 62 of 73]
328.5447 324.924 323.2277 322.1949 320.9811 319.7135 318.9585 318.1422 317.4349 316.4527 314.9854 313.0455 311.0486 309.6201 308.1051 307.6809 308.1453 308.9808 311.1477 314.0944 317.8194 322.8967 323.7106 320.2262 308.8321 292.3077 285.9475 288.5231 291.7512 292.4905 292.6761 294.1846 300.5529 311.8079 323.6462 331.7289 342.268 349.9984 353.0045 353.9997 352.8296 350.8194 347.6996 343.9834 341.817 341.0691 339.7943 338.4251 337.392 335.3143 333.1887 329.7974 326.5823 323.5737 320.4804 317.7858 315.3311 312.7629 311.9887 311.4731 310.746 311.4949 313.7205
330.7851 325.5782 323.4977 322.4763 321.3073 319.8614 319.0296 317.4587 316.7979 316.4583 315.3252 313.5023 311.469 309.4863 307.9815 307.3864 307.533 309.0261 310.7189 315.8558 322.957 327.3045 331.7992 333.3164 324.2276 305.8457 291.0273 289.4209 290.813 292.5787 293.1015 294.5215 300.247 309.8095 320.9665 331.2238 340.9218 353.6797 359.7119 361.2062 360.9474 359.1823 357.9988 354.226 346.2105 344.3963 343.0635 342.243 340.8479 338.6722 336.4956 332.6344 328.6574 324.639 321.2928 318.6996 315.4703 313.1222 311.4069 309.5578 308.5196 308.7299 310.4356
337.8302 328.8195 324.5841 322.6945 320.6646 319.3297 318.2218 317.0071 315.9608 315.0835 315.0577 313.4742 311.05 309.1438 307.3076 306.3434 306.6905 307.4872 309.1184 315.5913 322.0602 326.0904 333.7471 340.382 336.1379 316.9265 300.4752 292.1716 290.7763 291.0094 291.8991 293.2111 297.5243 304.3713 313.6902 326.2512 337.2696 351.7349 363.281 367.4615 366.8825 363.7846 362.0334 360.7214 353.9613 346.9951 344.3007 344.0119 343.5699 342.3807 340.1674 336.6762 331.9454 327.5823 323.3293 319.7328 316.1489 312.5337 309.6582 307.0857 304.8748 305.3376 306.242
350.3414 337.3803 327.2591 322.8114 320.5417 319.0111 317.0937 315.5774 314.2639 312.9188 312.3198 312.9011 311.4768 309.3228 306.151 304.3054 304.0302 304.7391 306.2386 312.8882 317.9308 321.0571 329.6668 339.2083 340.6905 327.438 308.0093 297.5447 292.4416 291.2485 290.9315 289.2637 290.4734 293.8193 296.7882 302.6411 315.5661 335.5919 355.4388 365.4672 365.8794 363.825 362.0179 363.1546 360.6052 352.8358 346.623 344.9195 344.0662 343.0631 343.4682 341.2778 336.8514 331.1626 326.3199 321.3317 316.2377 311.1204 307.0229 303.0147 300.5135 299.9898 301.3937
361.1729 346.9843 333.8563 325.2553 321.1218 318.487 317.0049 314.6531 312.809 311.3908 310.0681 309.4286 310.3478 309.3913 305.0889 301.9665 301.1361 301.3282 303.2105 309.6032 314.0797 315.6946 323.0121 331.443 335.4831 329.5553 315.25 302.6638 294.6252 291.2361 287.9228 286.8783 282.516 279.0112 274.1567 272.8529 281.4701 302.2976 324.5064 342.7772 352.6165 356.3132 356.316 359.2927 362.9768 358.8273 351.6415 346.1951 345.1305 345.1815 348.4528 347.5046 343.492 337.3543 330.4022 323.3916 315.939 309.6881 303.2357 297.6299 294.1315 292.9655 293.782
367.1029 358.267 346.461 334.4738 324.0287 319.6329 317.8926 315.2213 312.9473 311.1433 310.4102 307.6802 308.0232 307.5601 304.801 300.0923 297.5555 296.679 298.6873 304.8426 309.2583 313.4881 319.2991 325.8906 330.4998 327.7407 316.9499 305.8521 296.6024 289.2945 283.4379 279.2661 274.8784 267.4739 261.1762 255.1252 255.512 267.4357 285.9459 306.875 326.2916 341.7011 348.5449 352.6388 352.6458 352.5403 348.4303 344.8611 344.2014 345.9939 348.9705 351.2004 348.1145 342.2279 333.9597 324.7165 315.2096 306.7079 298.3712 290.9951 284.959 282.0366 280.304
372.3862 368.2983 362.7913 350.9926 334.013 322.645 321.5012 320.4077 317.6398 315.0004 313.368 309.4234 307.5251 307.7738 306.0923 300.9438 294.4408 290.6795 289.8276 293.0944 299.3046 307.9841 315.3972 322.8732 328.0968 326.6822 317.6199 307.8073 297.0549 288.0275 280.5576 272.6169 266.6494 261.8942 254.2772 248.1395 244.7462 247.739 258.9413 276.4115 299.2604 321.6259 335.48 340.1515 339.3187 338.8264 339.7155 340.3159 338.1654 339.2307 343.6602 346.9125 347.1558 344.5561 336.3313 325.6733 314.3114 303.0451 292.1219 281.4009 272.5281 266.1497 262.0157
375.9391 374.5914 371.7068 363.9289 349.4187 334.829 328.8454 327.356 324.4597 321.5408 318.518 314.7491 311.7131 310.9342 308.6152 302.4379 293.271 285.6528 281.3004 280.3687 286.171 296.6109 308.6406 318.0338 325.4548 326.335 319.1943 308.9485 298.5753 288.2839 279.781 272.9464 266.0705 259.5422 252.0546 244.6347 239.8382 239.0088 244.0169 255.4536 273.3608 294.3672 310.1088 318.195 321.8447 325.9933 329.9342 329.7385 326.9509 326.7133 329.8741 332.2448 333.9279 335.4594 333.6477 323.8002 312.1966 299.3712 285.8461 272.1772 259.3876 249.6147 241.8809
379.0058 378.8282 376.935 370.4159 359.074 347.0417 339.1594 336.1768 331.9989 328.4516 323.8266 319.9814 316.6212 315.865 314.0441 307.0981 296.3246 283.6562 274.0197 268.2351 269.4261 278.152 289.1352 301.4417 313.487 321.8165 319.6412 311.0067 300.9615 290.9778 282.802 275.1492 267.4568 259.665 251.4449 244.1148 236.2169 233.4146 234.607 239.279 247.9026 260.7938 274.0175 283.8376 295.7747 305.1701 308.3526 309.558 305.3436 302.0744 307.3194 309.8935 311.6488 316.7981 321.9915 319.0029 309.4749 296.6519 281.931 265.805 248.1513 234.3942 224.9133
381.8344 382.0205 380.7385 376.548 369.2446 357.2084 348.4638 344.0495 339.646 334.5261 330.0993 326.1059 321.7939 320.3688 320.8143 316.0211 305.1258 290.3346 274.1793 262.1247 255.048 254.9249 264.1955 274.4594 287.4661 305.1636 314.1363 310.4593 303.0523 294.3163 286.071 277.9337 269.7484 261.7282 253.3704 245.6373 237.4736 230.3802 228.1637 228.3015 229.4373 233.5923 239.3169 248.0459 260.5551 271.8014 275.5652 279.3052 277.6163 273.1754 276.8546 281.4248 285.9904 294.8858 303.7681 309.2489 304.5172 294.806 281.0436 263.9104 243.3681 225.0005 213.7417
384.6211 384.8882 383.9727 382.8195 383.9101 375.158 367.6278 357.151 346.6924 341.1047 337.2189 333.1392 327.5161 324.3102 326.2176 326.9864 319.7137 304.293 286.0792 267.8965 252.6769 243.6741 244.9041 252.3055 262.1279 276.8053 293.9556 302.1498 300.1288 293.6475 286.925 280.064 272.3072 264.071 256.0156 248.3305 239.926 232.1467 226.1186 224.1837 222.4415 222.0348 222.1241 223.9349 228.7255 236.9887 241.0598 246.2622 247.5892 245.0762 246.6616 252.1314 262.1692 273.6798 283.7361 290.7195 293.2263 289.029 278.5076 262.8142 243.1877 223.2451 209.4236
386.3547 387.6633 386.7242 386.2983 387.9588 384.4951 378.9941 368.9323 355.9124 350.4375 346.2905 343.0281 335.6445 328.2567 327.6638 333.073 334.4313 322.8184 305.6545 285.2899 263.1147 246.937 240.4057 241.7815 247.6813 257.8063 274.3459 288.0112 290.9239 288.6588 283.6614 278.2551 272.6863 265.7458 259.2025 251.1932 242.8557 235.2099 227.8336 223.5907 220.9039 219.595 216.6489 214.7939 213.3504 214.9663 217.9356 220.8394 223.5991 221.9216 221.2614 226.8132 238.2788 248.9194 256.261 262.085 264.3772 264.2108 258.5131 249.2457 235.3532 219.0994 205.5569
386.6398 388.8491 388.9272 387.8994 387.9894 386.6882 383.5925 377.5512 370.9249 365.4073 359.7828 358.3369 351.2656 338.1314 330.5963 330.8648 337.0214 337.1781 325.1983 307.9762 288.188 269.1171 253.6956 244.7328 243.3582 248.3016 258.3594 269.9893 277.0405 278.2958 277.1247 274.2503 270.5755 265.3196 259.5992 252.9088 245.3394 238.5414 231.6231 225.4768 221.7439 219.5205 215.7341 212.0793 206.5005 204.7602 204.9583 206.3667 207.6487 205.8502 203.791 204.6585 210.5477 218.1462 223.1344 222.8451 223.0974 221.384 218.9567 215.563 210.5237 203.1028 195.0456
386.2169 387.2486 387.6338 388.0481 388.0249 388.0325 386.9485 387.0922 383.1641 379.828 375.4467 371.6944 367.2478 357.2331 346.9837 339.956 340.4168 339.1639 340.2165 329.5984 314.277 295.2805 276.3183 259.1993 249.3382 247.5727 251.8774 258.8396 266.4244 269.8939 270.8534 270.2076 268.3723 264.6868 258.1758 252.4439 246.579 241.2663 235.9227 230.6837 225.2354 220.4495 215.9978 212.3071 205.2885 199.9986 198.6545 196.8663 197.435 195.0492 192.439 190.4817 189.6938 191.4017 193.0196 191.978 189.5851 187.4216 185.3187 184.2176 182.8919 181.2434 178.9261
385.4187 385.6132 386.3844 387.3732 388.7007 388.7415 388.5048 389.6665 388.7106 386.4028 381.853 377.6934 375.2756 370.0407 361.6763 353.7873 350.4397 350.6195 350.763 346.5025 337.7307 323.6315 303.6728 280.4705 263.3687 254.7816 252.998 256.5661 260.5147 264.2639 265.7898 266.7997 267.8366 265.0479 259.3827 251.8578 246.942 242.8888 240.6111 237.2213 231.9534 225.5904 219.6068 215.7482 210.365 202.6775 199.0742 195.6494 192.0674 190.4957 187.5162 184.4733 181.4379 180.3922 179.9266 179.8533 179.3583 177.782 175.9354 173.0992 171.2439 168.867 167.9413
383.4336 383.9266 385.1537 386.7193 387.8243 389.1047 389.3234 391.4619 390.7622 387.0475 383.4846 380.2861 379.6086 378.1693 374.8507 367.3637 361.8947 362.11 362.9861 359.2465 353.8956 346.851 333.5791 311.7378 288.5883 270.6362 261.483 259.3815 261.047 263.9507 266.4392 267.3431 269.0773 269.0497 265.3896 257.6734 249.1841 245.3578 244.6971 246.1379 243.6207 237.071 228.6424 223.1059 217.4466 210.6485 205.0963 201.5253 197.5766 193.2509 190.7202 188.2249 186.7427 186.2608 187.532 189.7784 191.8246 192.968 191.7941 186.8182 179.7844 172.0438 166.046
382.0222 381.7003 383.3666 385.3087 387.0079 388.6714 390.3503 392.482 392.0256 389.2426 386.1209 384.0429 383.5331 382.1489 381.8992 378.458 372.8985 367.9286 367.8825 364.8954 361.7825 358.8205 352.6607 340.7162 322.7545 299.1566 280.8341 270.3961 267.6986 269.6291 272.6342 274.3117 276.8511 280.4003 280.8197 275.7058 264.0449 256.3535 256.3474 256.9352 259.1129 253.6432 242.9238 234.9603 228.6967 223.212 218.8626 214.9473 211.2828 206.9336 202.9412 202.043 203.9315 207.4414 211.1964 215.6061 219.9366 223.1692 221.6191 216.3875 205.5463 190.6067 174.3358
381.1512 381.041 382.1599 384.3972 385.8736 387.7746 390.3023 391.6454 392.2938 391.142 388.9765 385.0299 384.5287 383.5521 383.0271 380.9832 377.5074 373.5092 372.0702 369.2661 367.6262 366.4499 363.8501 360.1945 350.4867 333.3935 313.6179 296.3944 286.411 284.8663 286.9015 288.5506 293.5446 298.1043 301.5403 299.8425 288.6605 278.9073 276.394 279.6823 284.9567 281.162 270.61 259.7943 251.679 246.354 240.9642 238.9451 236.3127 232.6956 228.0144 226.2677 229.5761 235.9181 241.5646 245.0986 247.3207 248.7899 248.1564 241.2241 229.5745 211.9926 190.9039
380.3292 380.5581 381.8916 383.5863 385.3634 386.7465 388.7621 391.0262 392.2957 391.7342 390.2449 385.8091 384.256 383.412 382.9471 382.5452 379.7014 376.9735 375.1721 372.5051 370.8361 370.8771 372.5072 374.0373 372.6701 363.7913 348.4161 330.7406 318.1331 311.7572 306.9054 305.4575 313.8963 319.1584 323.9106 324.1093 314.1783 301.946 296.4069 302.2372 311.5629 317.4691 314.3159 306.9193 296.2184 286.7344 278.177 274.3441 273.2953 268.7623 261.3928 255.3871 255.3597 259.1581 263.3099 264.9978 265.4494 264.0539 259.7705 253.6635 243.9348 229.61 209.3322
380.0123 380.5425 381.8461 382.9092 383.7189 385.0664 387.4946 389.2111 391.1484 391.5961 389.6482 388.3059 385.7264 383.117 383.2664 382.878 382.1471 379.9721 378.0504 375.7322 374.4987 374.1933 375.2878 378.8051 380.182 379.2906 372.7845 361.7073 348.0082 337.4924 326.3942 319.3521 326.8744 336.0976 342.7018 343.5914 335.3764 323.2271 316.4495 322.8251 336.8073 351.4406 358.5913 357.0624 349.3217 338.3911 323.9783 314.869 311.7235 305.0505 293.8291 283.7292 276.8759 275.1528 275.1235 275.0318 273.4971 271.8839 265.3033 258.8339 251.1949 240.835 226.0368
377.2296 379.313 380.974 381.4105 381.4258 383.1402 385.4247 386.5837 388.4403 389.0379 387.9254 387.4921 385.7506 384.4405 383.5246 383.5949 384.2985 382.6657 381.0177 379.084 378.0145 376.5651 377.1338 378.6564 381.0385 382.3106 379.9556 375.6587 367.0264 352.8304 339.5083 330.0752 329.9161 341.3521 352.632 358.5323 351.0959 339.4069 335.2175 340.7499 355.0738 371.8995 385.2148 390.5088 388.2997 379.5051 363.6179 349.6584 341.1023 332.3915 318.1052 306.2242 294.7455 287.493 283.6574 280.6461 277.9443 275.1036 269.5766 262.5943 256.7059 250.8237 242.4716
373.7986 374.6094 376.9499 378.0451 379.0087 380.4678 382.1769 384.1114 385.81 385.4974 386.1085 386.4946 386.111 384.8691 384.3846 384.1145 384.7016 384.955 383.4336 382.6989 381.8614 379.5369 378.3341 378.6573 380.5401 381.6365 379.8183 376.8689 372.3806 362.8057 353.101 342.7867 330.975 338.5578 354.7854 365.6588 362.7552 348.4691 347.8287 353.7426 363.3778 381.0511 393.4719 400.5913 403.9571 400.0552 388.9645 375.2227 361.2602 348.1079 334.1349 322.575 310.4472 298.6993 294.1126 288.9709 284.9017 281.7902 276.8912 270.5299 264.4925 262.0235 257.6996
372.6914 372.9209 373.798 375.2689 376.9749 378.6605 379.8132 381.1608 382.8652 383.0239 384.5659 384.7711 385.5707 385.1389 384.5211 384.7678 383.8654 384.3969 384.5813 384.0967 383.3318 381.393 380.4167 380.9295 380.9713 380.5934 377.8169 374.6778 372.4069 371.9124 368.7068 359.4821 344.8084 339.8569 351.7148 365.7749 369.6897 358.93 353.6698 353.6118 359.9805 377.0451 390.3495 400.3197 404.8275 405.4018 400.7498 390.5378 376.9312 360.6815 347.3971 334.7424 323.3106 310.6803 304.6236 300.8993 296.9391 293.1686 289.7514 284.475 278.0199 274.3444 271.4055
373.4484 373.9717 374.8519 374.7876 375.7648 376.9842 378.0924 379.3854 380.525 381.2814 382.4529 383.5726 383.8774 385.1275 384.7316 384.8994 382.5579 382.3474 383.8069 385.2661 384.9861 383.7408 382.6994 382.964 382.9542 380.3126 377.0735 373.3752 370.9598 373.9597 375.873 371.7989 359.2701 348.9754 349.468 361.6513 371.8065 369.6503 364.2395 353.1375 352.3408 365.0185 379.4151 391.0184 397.3649 401.6353 402.2043 397.0154 386.0551 372.6936 359.4238 347.2646 335.2668 322.4513 316.4675 315.0518 312.8668 308.8069 305.7578 303.1615 295.2094 288.801 284.7019
373.442 374.9362 375.7847 375.1408 375.6394 376.056 376.9369 378.2362 378.6478 380.4047 380.8541 382.4013 383.4266 384.1977 384.3287 385.2029 384.3243 383.6179 384.1171 385.8679 386.769 386.1274 384.9962 385.9065 384.154 382.2061 379.2668 377.1223 374.3394 374.7418 380.4538 377.7148 371.0837 361.8587 355.8955 361.0431 369.4992 372.7184 369.6746 357.332 350.4356 358.6923 370.3939 381.0471 389.7417 395.9852 399.739 400.3904 395.7598 386.7147 375.7107 362.9648 350.3496 337.6088 330.2229 331.7869 331.4189 327.9006 324.374 321.4524 313.2927 304.6353 296.9768
372.7361 373.6174 374.9055 374.7277 374.9672 374.8555 376.2554 376.8805 377.5895 379.3592 380.0399 381.4394 382.4946 382.9002 383.772 383.95 384.7325 385.0911 385.2446 386.7424 387.4133 388.2948 388.0098 388.8921 387.7837 386.0478 382.7009 382.7432 385.1143 379.9985 377.9298 378.1551 377.394 373.2083 365.6876 364.2614 368.3489 373.8439 372.5182 364.4238 356.8581 362.6879 371.7741 380.9356 387.0839 392.9761 399.4589 405.1913 406.1208 400.2949 392.8848 383.5752 372.0975 357.1239 346.9704 348.5184 351.1109 346.3902 341.0398 335.0104 326.8362 317.494 308.8737
374.8342 375.1914 375.8788 374.8277 375.3055 375.1966 376.2169 376.7628 377.9553 378.7841 379.1983 381.0594 381.9754 382.3591 383.3617 384.2609 385.5074 386.2475 386.6183 387.1166 387.6879 389.0914 390.0775 390.4216 390.4152 390.2642 386.5357 388.186 387.7357 384.5495 378.6203 377.5099 378.735 377.9227 373.8334 372.5085 369.835 373.0179 375.0059 369.8468 366.5024 367.1295 376.0556 384.3542 392.5777 397.8271 403.6087 409.6182 414.6436 414.1871 411.3596 406.9137 399.7962 384.6305 367.9025 365.0362 368.1223 364.8161 353.1661 340.7617 332.7883 324.2813 316.9254
375.248 375.8758 375.1006 375.3184 375.6855 375.7573 376.5489 377.0795 378.1577 379.3133 379.1125 380.708 382.064 382.6144 383.3379 384.6943 386.4555 387.2441 387.6557 387.7756 387.8355 387.9309 388.4218 390.0558 391.4434 391.3476 389.7912 388.0596 386.7497 383.883 380.6869 379.3868 378.2711 376.2144 377.163 375.3945 373.984 374.3575 374.8618 373.152 369.6246 367.5143 374.7021 386.6189 398.2418 405.2878 412.0448 419.6529 427.3121 430.5304 431.1549 431.6734 430.1856 419.1179 398.2157 384.5552 382.8028 379.3826 365.2335 349.7681 339.0586 330.2557 322.9316
