py_wake/examples/data/AJ_ParqueFicticio/Rough survey   Sector 1   Height 30m   Weibull-k.grd
DSAA
73  159
 258469   265669
 6501692   6517492
 .5410156   2.638672
[rows 0 to 27 of 159, columns 0 to 62 of 73]
1.767578 1.771484 1.771484 1.771484 1.775391 1.775391 1.775391 1.779297 1.779297 1.779297 1.779297 1.779297 1.775391 1.775391 1.775391 1.775391 1.775391 1.775391 1.779297 1.787109 1.783203 1.783203 1.787109 1.783203 1.763672 1.724609 1.728516 1.740234 1.740234 1.736328 1.732422 1.732422 1.728516 1.732422 1.736328 1.736328 1.748047 1.759766 1.755859 1.759766 1.763672 1.775391 1.783203 1.783203 1.783203 1.783203 1.783203 1.783203 1.783203 1.783203 1.783203 1.783203 1.783203 1.783203 1.783203 1.783203 1.783203 1.775391 1.767578 1.763672 1.755859 1.751953 1.748047
1.771484 1.771484 1.771484 1.775391 1.775391 1.779297 1.779297 1.779297 1.779297 1.783203 1.783203 1.783203 1.779297 1.779297 1.775391 1.775391 1.775391 1.775391 1.775391 1.783203 1.787109 1.787109 1.787109 1.783203 1.783203 1.751953 1.712891 1.720703 1.732422 1.732422 1.732422 1.728516 1.724609 1.724609 1.724609 1.728516 1.740234 1.763672 1.759766 1.763672 1.767578 1.779297 1.783203 1.783203 1.775391 1.779297 1.783203 1.783203 1.783203 1.783203 1.783203 1.783203 1.783203 1.783203 1.783203 1.783203 1.783203 1.775391 1.767578 1.759766 1.751953 1.748047 1.744141
1.783203 1.763672 1.771484 1.775391 1.779297 1.779297 1.783203 1.783203 1.783203 1.783203 1.783203 1.783203 1.783203 1.783203 1.779297 1.775391 1.771484 1.771484 1.771484 1.771484 1.771484 1.771484 1.783203 1.783203 1.783203 1.748047 1.724609 1.720703 1.724609 1.724609 1.728516 1.720703 1.716797 1.716797 1.708984 1.720703 1.732422 1.763672 1.767578 1.767578 1.771484 1.783203 1.783203 1.783203 1.783203 1.775391 1.779297 1.783203 1.783203 1.783203 1.783203 1.783203 1.783203 1.783203 1.783203 1.783203 1.783203 1.775391 1.763672 1.755859 1.748047 1.744141 1.740234
1.783203 1.783203 1.767578 1.775391 1.779297 1.783203 1.783203 1.783203 1.783203 1.783203 1.783203 1.783203 1.783203 1.783203 1.783203 1.775391 1.771484 1.771484 1.767578 1.763672 1.763672 1.759766 1.783203 1.783203 1.783203 1.759766 1.728516 1.716797 1.720703 1.720703 1.720703 1.720703 1.712891 1.705078 1.697266 1.701172 1.720703 1.748047 1.779297 1.771484 1.787109 1.783203 1.783203 1.783203 1.783203 1.779297 1.783203 1.783203 1.783203 1.783203 1.783203 1.783203 1.783203 1.783203 1.783203 1.783203 1.783203 1.775391 1.763672 1.751953 1.744141 1.740234 1.732422
1.787109 1.787109 1.779297 1.779297 1.779297 1.783203 1.783203 1.783203 1.783203 1.783203 1.783203 1.783203 1.783203 1.783203 1.783203 1.775391 1.767578 1.767578 1.763672 1.759766 1.759766 1.755859 1.759766 1.779297 1.783203 1.763672 1.736328 1.724609 1.720703 1.720703 1.712891 1.712891 1.705078 1.701172 1.697266 1.697266 1.705078 1.736328 1.759766 1.787109 1.783203 1.787109 1.783203 1.783203 1.783203 1.783203 1.783203 1.783203 1.783203 1.783203 1.783203 1.783203 1.783203 1.783203 1.783203 1.783203 1.783203 1.779297 1.763672 1.748047 1.740234 1.732422 1.720703
1.787109 1.787109 1.787109 1.783203 1.775391 1.783203 1.783203 1.783203 1.783203 1.783203 1.783203 1.783203 1.783203 1.783203 1.783203 1.779297 1.767578 1.759766 1.755859 1.751953 1.755859 1.751953 1.755859 1.763672 1.779297 1.763672 1.744141 1.732422 1.728516 1.724609 1.716797 1.712891 1.728516 1.736328 1.736328 1.724609 1.701172 1.728516 1.767578 1.783203 1.783203 1.783203 1.783203 1.783203 1.783203 1.783203 1.783203 1.783203 1.783203 1.783203 1.783203 1.783203 1.783203 1.783203 1.783203 1.783203 1.783203 1.783203 1.759766 1.744141 1.732422 1.716797 1.701172
1.787109 1.783203 1.783203 1.787109 1.783203 1.783203 1.783203 1.783203 1.783203 1.783203 1.783203 1.783203 1.783203 1.783203 1.783203 1.783203 1.767578 1.759766 1.751953 1.744141 1.748047 1.755859 1.755859 1.755859 1.771484 1.767578 1.751953 1.740234 1.736328 1.728516 1.724609 1.728516 1.744141 1.744141 1.740234 1.736328 1.728516 1.728516 1.748047 1.783203 1.783203 1.783203 1.783203 1.775391 1.783203 1.783203 1.783203 1.783203 1.783203 1.783203 1.783203 1.783203 1.787109 1.787109 1.783203 1.783203 1.783203 1.783203 1.759766 1.740234 1.716797 1.701172 1.701172
1.787109 1.783203 1.783203 1.783203 1.787109 1.783203 1.783203 1.783203 1.783203 1.783203 1.783203 1.783203 1.783203 1.783203 1.783203 1.783203 1.783203 1.759766 1.748047 1.736328 1.736328 1.744141 1.748047 1.751953 1.779297 1.779297 1.759766 1.748047 1.740234 1.736328 1.736328 1.744141 1.748047 1.748047 1.744141 1.740234 1.736328 1.740234 1.744141 1.724609 1.744141 1.775391 1.783203 1.783203 1.787109 1.783203 1.783203 1.783203 1.759766 1.767578 1.783203 1.783203 1.787109 1.787109 1.787109 1.783203 1.783203 1.783203 1.763672 1.736328 1.716797 1.716797 1.724609
1.783203 1.783203 1.783203 1.783203 1.787109 1.783203 1.783203 1.783203 1.779297 1.783203 1.783203 1.783203 1.783203 1.783203 1.783203 1.783203 1.783203 1.767578 1.748047 1.736328 1.724609 1.736328 1.744141 1.751953 1.779297 1.783203 1.783203 1.755859 1.751953 1.748047 1.748047 1.751953 1.755859 1.755859 1.751953 1.748047 1.751953 1.748047 1.748047 1.724609 1.724609 1.755859 1.783203 1.783203 1.783203 1.783203 1.783203 1.783203 1.783203 1.783203 1.783203 1.783203 1.787109 1.787109 1.783203 1.783203 1.783203 1.783203 1.779297 1.755859 1.740234 1.740234 1.775391
1.783203 1.783203 1.783203 1.783203 1.783203 1.787109 1.783203 1.771484 1.771484 1.783203 1.783203 1.783203 1.783203 1.783203 1.783203 1.783203 1.783203 1.783203 1.755859 1.740234 1.720703 1.720703 1.744141 1.748047 1.759766 1.783203 1.783203 1.775391 1.771484 1.767578 1.759766 1.763672 1.771484 1.775391 1.775391 1.779297 1.763672 1.748047 1.751953 1.748047 1.748047 1.783203 1.783203 1.783203 1.783203 1.783203 1.783203 1.783203 1.783203 1.783203 1.783203 1.783203 1.783203 1.783203 1.783203 1.783203 1.783203 1.783203 1.783203 1.783203 1.783203 1.783203 1.783203
1.783203 1.783203 1.783203 1.783203 1.783203 1.787109 1.787109 1.771484 1.771484 1.787109 1.787109 1.783203 1.783203 1.783203 1.787109 1.787109 1.783203 1.783203 1.771484 1.751953 1.736328 1.724609 1.740234 1.740234 1.736328 1.771484 1.783203 1.783203 1.783203 1.779297 1.779297 1.783203 1.783203 1.783203 1.783203 1.783203 1.779297 1.763672 1.759766 1.771484 1.783203 1.783203 1.783203 1.783203 1.783203 1.783203 1.783203 1.783203 1.783203 1.783203 1.783203 1.783203 1.783203 1.783203 1.783203 1.783203 1.783203 1.783203 1.783203 1.783203 1.783203 1.783203 1.783203
1.783203 1.783203 1.783203 1.787109 1.787109 1.787109 1.787109 1.787109 1.775391 1.783203 1.787109 1.783203 1.783203 1.779297 1.783203 1.787109 1.787109 1.783203 1.783203 1.771484 1.755859 1.740234 1.720703 1.732422 1.736328 1.740234 1.783203 1.783203 1.783203 1.783203 1.783203 1.783203 1.783203 1.783203 1.783203 1.783203 1.783203 1.783203 1.775391 1.783203 1.783203 1.783203 1.783203 1.783203 1.783203 1.783203 1.783203 1.783203 1.783203 1.783203 1.783203 1.783203 1.783203 1.783203 1.783203 1.783203 1.783203 1.783203 1.783203 1.783203 1.783203 1.783203 1.783203
1.783203 1.783203 1.787109 1.787109 1.787109 1.787109 1.787109 1.783203 1.783203 1.779297 1.787109 1.787109 1.787109 1.783203 1.783203 1.783203 1.783203 1.787109 1.787109 1.783203 1.771484 1.744141 1.732422 1.732422 1.740234 1.744141 1.751953 1.783203 1.783203 1.783203 1.783203 1.783203 1.783203 1.783203 1.783203 1.783203 1.783203 1.783203 1.783203 1.783203 1.783203 1.783203 1.783203 1.783203 1.783203 1.783203 1.783203 1.783203 1.783203 1.783203 1.783203 1.783203 1.783203 1.783203 1.783203 1.783203 1.783203 1.783203 1.783203 1.783203 1.783203 1.783203 1.783203
1.787109 1.787109 1.787109 1.787109 1.787109 1.787109 1.783203 1.783203 1.779297 1.783203 1.787109 1.787109 1.783203 1.783203 1.787109 1.771484 1.783203 1.783203 1.783203 1.787109 1.783203 1.783203 1.748047 1.736328 1.744141 1.748047 1.763672 1.783203 1.783203 1.783203 1.783203 1.783203 1.783203 1.783203 1.783203 1.783203 1.783203 1.783203 1.783203 1.783203 1.783203 1.783203 1.783203 1.783203 1.783203 1.783203 1.783203 1.783203 1.783203 1.783203 1.783203 1.783203 1.783203 1.783203 1.783203 1.783203 1.013672 1.333984 .9589844 1.783203 1.783203 1.783203 1.783203
1.787109 1.787109 1.787109 1.787109 1.787109 1.787109 1.783203 1.783203 1.783203 1.783203 1.787109 1.787109 1.783203 1.783203 1.787109 1.783203 1.783203 1.783203 1.783203 1.783203 1.787109 1.783203 1.783203 1.755859 1.744141 1.751953 1.763672 1.783203 1.783203 1.783203 1.783203 1.783203 1.783203 1.783203 1.783203 1.783203 1.783203 1.783203 1.783203 1.783203 1.783203 1.783203 1.783203 1.783203 1.783203 1.783203 1.783203 1.783203 1.783203 1.783203 1.783203 1.783203 1.783203 1.783203 1.783203 1.783203 .9042969 1.142578 2.107422 .5410156 1.783203 1.783203 1.783203
1.787109 1.787109 1.787109 1.787109 1.787109 1.783203 1.783203 1.783203 1.783203 1.783203 1.787109 1.787109 1.783203 1.783203 1.787109 1.787109 1.783203 1.787109 1.787109 1.787109 1.787109 1.787109 1.787109 1.783203 1.783203 1.751953 1.763672 1.783203 1.783203 1.783203 1.783203 1.783203 1.783203 1.783203 1.783203 1.783203 1.783203 1.783203 1.783203 1.783203 1.783203 1.783203 1.783203 1.783203 1.783203 1.783203 1.783203 1.783203 1.783203 1.783203 1.783203 1.783203 1.783203 1.783203 1.783203 1.275391 1.205078 1.783203 1.783203 1.783203 1.783203 1.783203 1.732422
1.787109 1.787109 1.787109 1.787109 1.787109 1.783203 1.783203 1.783203 1.783203 1.783203 1.783203 1.787109 1.787109 1.787109 1.787109 1.787109 1.787109 1.787109 1.787109 1.787109 1.787109 1.787109 1.787109 1.783203 1.787109 1.783203 1.759766 1.775391 1.783203 1.783203 1.783203 1.783203 1.783203 1.783203 1.783203 1.783203 1.783203 1.783203 1.783203 1.783203 1.783203 1.783203 1.783203 1.783203 1.783203 1.783203 1.783203 1.783203 1.783203 1.783203 1.783203 1.783203 1.783203 1.783203 1.783203 1.783203 1.783203 1.783203 1.783203 1.783203 1.783203 1.783203 1.732422
1.787109 1.787109 1.787109 1.787109 1.787109 1.783203 1.783203 1.783203 1.783203 1.783203 1.783203 1.787109 1.787109 1.787109 1.787109 1.787109 1.787109 1.787109 1.787109 1.787109 1.787109 1.787109 1.787109 1.787109 1.787109 1.787109 1.783203 1.783203 1.783203 1.783203 1.783203 1.787109 1.783203 1.783203 1.783203 1.783203 1.783203 1.771484 1.787109 1.775391 1.779297 1.783203 1.783203 1.783203 1.783203 1.783203 1.783203 1.783203 1.783203 1.783203 1.783203 1.783203 1.783203 1.783203 1.783203 1.783203 1.783203 1.783203 1.783203 1.783203 1.783203 1.783203 1.783203
1.787109 1.787109 1.787109 1.787109 1.787109 1.787109 1.783203 1.783203 1.783203 1.783203 1.783203 1.787109 1.787109 1.787109 1.787109 1.787109 1.787109 1.787109 1.787109 1.787109 1.787109 1.787109 1.787109 1.783203 1.783203 1.783203 1.787109 1.787109 1.771484 1.755859 1.763672 1.783203 1.779297 1.783203 1.783203 1.783203 1.783203 1.779297 1.783203 1.751953 1.763672 1.763672 1.771484 1.783203 1.783203 1.783203 1.783203 1.783203 1.783203 1.783203 1.783203 1.783203 1.783203 1.783203 1.783203 1.783203 1.783203 1.783203 1.783203 1.783203 1.783203 1.783203 1.783203
1.787109 1.787109 1.787109 1.787109 1.787109 1.787109 1.783203 1.783203 1.783203 1.783203 1.787109 1.787109 1.787109 1.787109 1.787109 1.787109 1.787109 1.787109 1.787109 1.787109 1.787109 1.787109 1.787109 1.787109 1.787109 1.783203 1.783203 1.783203 1.775391 1.771484 1.787109 1.759766 1.759766 1.783203 1.783203 1.783203 1.783203 1.787109 1.771484 1.740234 1.767578 1.771484 1.775391 1.775391 1.783203 1.787109 1.787109 1.783203 1.783203 1.783203 1.783203 1.783203 1.783203 1.783203 1.783203 1.783203 1.783203 1.783203 1.783203 1.783203 1.783203 1.783203 1.783203
1.787109 1.787109 1.787109 1.787109 1.787109 1.787109 1.787109 1.787109 1.787109 1.787109 1.787109 1.787109 1.787109 1.787109 1.787109 1.787109 1.787109 1.787109 1.787109 1.787109 1.787109 1.787109 1.787109 1.787109 1.787109 1.787109 1.787109 1.783203 1.787109 1.787109 1.783203 1.771484 1.740234 1.787109 1.783203 1.787109 1.783203 1.783203 1.748047 1.759766 1.779297 1.783203 1.779297 1.783203 1.779297 1.771484 1.779297 1.783203 1.783203 1.783203 1.787109 1.783203 1.783203 1.783203 1.783203 1.783203 1.783203 1.783203 1.783203 1.783203 1.783203 1.783203 1.783203
1.787109 1.787109 1.787109 1.787109 1.787109 1.787109 1.787109 1.787109 1.787109 1.787109 1.787109 1.787109 1.787109 1.787109 1.787109 1.787109 1.787109 1.787109 1.787109 1.787109 1.787109 1.787109 1.787109 1.787109 1.787109 1.787109 1.787109 1.787109 1.783203 1.763672 1.779297 1.783203 1.740234 1.751953 1.787109 1.787109 1.783203 1.779297 1.751953 1.755859 1.783203 1.783203 1.783203 1.783203 1.775391 1.771484 1.779297 1.787109 1.787109 1.787109 1.783203 1.787109 1.783203 1.783203 1.783203 1.783203 1.783203 1.783203 1.783203 1.783203 1.783203 1.783203 1.783203
1.787109 1.787109 1.787109 1.787109 1.787109 1.787109 1.787109 1.787109 1.787109 1.787109 1.787109 1.787109 1.787109 1.787109 1.787109 1.787109 1.787109 1.787109 1.787109 1.787109 1.787109 1.787109 1.787109 1.787109 1.787109 1.787109 1.787109 1.787109 1.779297 1.763672 1.779297 1.787109 1.744141 1.736328 1.783203 1.783203 1.771484 1.759766 1.751953 1.728516 1.779297 1.783203 1.783203 1.779297 1.775391 1.775391 1.779297 1.779297 1.779297 1.783203 1.783203 1.783203 1.783203 1.783203 1.783203 1.783203 1.783203 1.783203 1.783203 1.783203 1.783203 1.759766 1.755859
1.787109 1.787109 1.787109 1.787109 1.787109 1.787109 1.787109 1.787109 1.787109 1.787109 1.787109 1.787109 1.787109 1.787109 1.787109 1.787109 1.787109 1.787109 1.787109 1.787109 1.787109 1.787109 1.787109 1.787109 1.787109 1.787109 1.787109 1.787109 1.779297 1.775391 1.787109 1.787109 1.787109 1.740234 1.755859 1.787109 1.771484 1.755859 1.779297 1.732422 1.744141 1.787109 1.783203 1.775391 1.775391 1.775391 1.775391 1.771484 1.767578 1.767578 1.771484 1.783203 1.783203 1.783203 1.783203 1.783203 1.783203 1.783203 1.783203 1.783203 1.759766 1.736328 1.736328
1.787109 1.787109 1.787109 1.787109 1.787109 1.787109 1.787109 1.787109 1.787109 1.787109 1.787109 1.787109 1.787109 1.787109 1.787109 1.787109 1.787109 1.787109 1.787109 1.787109 1.787109 1.787109 1.787109 1.787109 1.787109 1.787109 1.787109 1.783203 1.783203 1.787109 1.787109 1.787109 1.783203 1.787109 1.755859 1.787109 1.783203 1.775391 1.779297 1.783203 1.775391 1.787109 1.787109 1.779297 1.779297 1.771484 1.767578 1.759766 1.755859 1.751953 1.748047 1.771484 1.783203 1.783203 1.783203 1.783203 1.783203 1.783203 1.783203 1.763672 1.744141 1.732422 1.732422
1.787109 1.787109 1.787109 1.787109 1.787109 1.787109 1.787109 1.787109 1.787109 1.787109 1.787109 1.787109 1.787109 1.787109 1.787109 1.787109 1.787109 1.787109 1.787109 1.787109 1.787109 1.787109 1.787109 1.787109 1.787109 1.787109 1.783203 1.783203 1.783203 1.787109 1.787109 1.787109 1.783203 1.779297 1.771484 1.787109 1.783203 1.779297 1.779297 1.779297 1.779297 1.787109 1.783203 1.783203 1.779297 1.771484 1.763672 1.748047 1.740234 1.728516 1.736328 1.763672 1.783203 1.783203 1.783203 1.783203 1.783203 1.783203 1.744141 1.740234 1.744141 1.744141 1.748047
1.787109 1.787109 1.787109 1.787109 1.787109 1.787109 1.787109 1.787109 1.787109 1.787109 1.787109 1.787109 1.787109 1.787109 1.787109 1.787109 1.787109 1.787109 1.787109 1.787109 1.787109 1.787109 1.787109 1.787109 1.787109 1.783203 1.783203 1.783203 1.783203 1.783203 1.787109 1.787109 1.787109 1.783203 1.779297 1.779297 1.783203 1.783203 1.783203 1.783203 1.783203 1.783203 1.783203 1.775391 1.775391 1.767578 1.755859 1.736328 1.724609 1.724609 1.736328 1.759766 1.783203 1.783203 1.783203 1.783203 1.783203 1.783203 1.744141 1.736328 1.748047 1.763672 1.783203
1.787109 1.787109 1.787109 1.787109 1.787109 1.787109 1.787109 1.787109 1.787109 1.787109 1.787109 1.787109 1.787109 1.787109 1.787109 1.787109 1.787109 1.787109 1.787109 1.787109 1.787109 1.787109 1.787109 1.787109 1.783203 1.783203 1.783203 1.783203 1.783203 1.783203 1.787109 1.787109 1.787109 1.783203 1.775391 1.779297 1.783203 1.783203 1.783203 1.779297 1.779297 1.779297 1.783203 1.775391 1.763672 1.759766 1.732422 1.724609 1.712891 1.724609 1.751953 1.767578 1.783203 1.783203 1.783203 1.783203 1.783203 1.779297 1.755859 1.744141 1.771484 1.783203 1.783203
