py_wake/examples/data/AJ_ParqueFicticio/Rough survey   Sector 11   Height 200m   Orographic turn.grd
DSAA
73  159
 258469   265669
 6501692   6517492
-11.48195   15.21141
[rows 108 to 134 of 159, columns 0 to 60 of 73]
1.039054 .6487145 .1870503 -.3389806 -.7298021 -1.078306 -1.492268 -2.011693 -2.727195 -3.701627 -4.821646 -5.82852 -6.352139 -6.264362 -5.670085 -4.719949 -3.80247 -3.014976 -2.149353 -1.284643 -.3576669 .7584427 1.796988 2.189645 1.867957 1.522943 1.351851 1.285044 1.493019 2.050807 3.029174 3.912532 4.476878 4.707582 4.77081 4.639908 4.030224 2.674196 1.014147 -.4908955 -1.564069 -2.091698 -1.876192 -1.054208 .1735688 1.322634 2.441694 3.280181 3.15965 2.222456 1.258797 1.079007 1.967026 3.666091 5.496844 7.032074 8.399804 9.604664 10.74562 11.94694 13.57449
1.727909 1.376527 .8495238 .1637357 -.4952014 -1.124644 -1.788107 -2.395023 -3.149234 -4.196434 -5.404865 -6.439487 -6.884492 -6.803371 -6.14061 -5.311798 -4.577358 -4.026711 -3.223022 -2.219197 -1.005731 .3328796 1.582691 2.069798 1.881254 1.610154 1.566033 1.772267 2.400421 3.296667 4.415996 5.236315 5.777844 5.813061 5.701497 5.40036 4.628877 3.146295 1.319503 -.1758547 -1.302798 -1.899244 -1.790012 -1.047468 .1443662 1.491958 2.779824 3.740388 3.728276 2.814357 1.704029 1.365109 2.196316 3.888408 5.716313 7.173738 8.321499 9.332989 10.36001 11.64894 13.37467
2.349304 2.052595 1.50301 .7186918 -.1698382 -1.072693 -1.987876 -2.759217 -3.596697 -4.666517 -5.853006 -6.783761 -7.074713 -6.834108 -6.212728 -5.553598 -5.036036 -4.86187 -4.406744 -3.342181 -1.854521 -.3026285 1.043455 1.678461 1.52002 1.301636 1.386572 1.984867 3.088724 4.390545 5.623211 6.391763 6.67644 6.571924 6.192753 5.766536 4.903827 3.337652 1.48833 -.02748257 -1.172321 -1.854775 -1.852103 -1.115524 .1331007 1.439533 2.709829 3.630975 3.668367 2.908963 2.013507 1.876603 2.814369 4.35444 5.985682 7.229294 8.153789 8.908913 9.859829 11.06406 12.79533
2.995689 2.577427 2.001428 1.200072 .2055951 -.8934996 -1.972193 -2.939533 -3.908897 -4.90252 -5.962283 -6.696571 -6.816485 -6.441785 -5.77467 -5.11929 -4.867654 -5.02195 -5.082437 -4.326619 -2.791551 -1.040363 .5096655 1.20055 1.078036 .8119578 1.098608 2.083965 3.634918 5.284365 6.65618 7.459057 7.548201 7.25767 6.723765 6.058916 4.995612 3.375818 1.476523 -.05878211 -1.156495 -1.822256 -1.793489 -.9879339 .2625403 1.446069 2.514716 3.176973 3.17268 2.725255 2.02893 2.269113 3.312884 4.868009 6.273398 7.25415 8.011762 8.563339 9.245896 10.42902 11.9971
3.702631 3.099359 2.430295 1.622427 .5864438 -.5209705 -1.716597 -2.859156 -3.872906 -4.808894 -5.708329 -6.216974 -6.177599 -5.606682 -4.829339 -4.215191 -4.195816 -4.653906 -4.983739 -4.648326 -3.38268 -1.775316 -.1569771 .6869919 .588365 .4438488 .9607896 2.301331 4.138713 5.944229 7.370517 8.159629 8.327358 8.056961 7.408086 6.486135 5.176457 3.361368 1.449345 -.07237828 -1.079065 -1.579836 -1.378309 -.4614172 .7369326 1.799628 2.54844 2.87954 2.742528 2.203916 2.00874 2.526033 3.684088 5.075147 6.432147 7.267426 7.831252 8.330026 8.930532 9.973096 11.28727
4.41935 3.656996 2.886384 2.026161 1.00614 -.152078 -1.304204 -2.477258 -3.529705 -4.414889 -5.165998 -5.538156 -5.340738 -4.619755 -3.721559 -3.15526 -3.376653 -4.027545 -4.412396 -4.27271 -3.479545 -2.276594 -.871357 .02803952 .1549678 .2150202 1.045892 2.600587 4.529934 6.305461 7.645561 8.395294 8.659485 8.628932 8.050498 6.987769 5.449303 3.539097 1.656128 .1943508 -.652317 -.9015383 -.4433044 .5713854 1.684581 2.540467 2.967882 3.141527 2.853869 2.305511 2.177389 2.764603 3.829007 5.171761 6.287812 7.093012 7.651186 8.116945 8.795329 9.638629 10.55426
4.82821 3.98278 3.135358 2.303438 1.275481 .121114 -1.07745 -2.122881 -3.063339 -3.900806 -4.520319 -4.668643 -4.291613 -3.424344 -2.538539 -2.140718 -2.56297 -3.119577 -3.37197 -3.271975 -2.924554 -2.208793 -1.360967 -.6360193 -.25732 .1393461 1.181139 2.916723 4.809124 6.379319 7.514665 8.170181 8.45257 8.477209 8.036548 7.052136 5.503727 3.652224 1.943751 .7662206 .2562234 .2674322 .9535058 2.063125 3.010962 3.676075 3.922235 3.964043 3.72904 3.208255 3.067853 3.411138 4.212221 5.250124 6.132627 6.832886 7.455029 7.979077 8.643993 9.38279 10.03521
4.525932 3.80587 3.035493 2.197999 1.175869 -.009187512 -1.131389 -2.053658 -2.828494 -3.486989 -3.883223 -3.759017 -3.112208 -2.095547 -1.323346 -1.137784 -1.553328 -1.892837 -1.943403 -1.69592 -1.453193 -1.215188 -.9803647 -.7526696 -.4778536 .0702455 1.272056 3.095733 4.872633 6.10146 6.998191 7.565581 7.807726 7.814362 7.291246 6.230925 4.837153 3.312973 2.042314 1.394319 1.257658 1.65967 2.591687 3.712525 4.599423 5.079171 5.204843 5.198005 5.064987 4.720077 4.443788 4.444058 4.891566 5.470421 6.071559 6.696351 7.175073 7.841118 8.421938 9.128607 9.606042
3.471251 2.933397 2.280116 1.492408 .4808317 -.6207833 -1.601608 -2.375262 -2.968203 -3.356745 -3.416858 -2.902393 -1.898476 -.857605 -.2447387 -.2562366 -.5753117 -.7026627 -.4332155 -.05097876 .3100259 .4866959 .3883429 .0715488 -.1534183 .3064963 1.473201 3.147832 4.682672 5.66807 6.37276 6.890655 7.101285 6.769938 6.0158 4.84823 3.438002 2.215906 1.444174 1.359512 1.787012 2.584254 3.720196 4.851825 5.718055 6.196535 6.430334 6.452406 6.389273 6.150521 5.773577 5.505765 5.567956 5.859354 6.175113 6.591978 7.041159 7.585488 8.16612 8.770913 9.154514
1.782048 1.383699 .8754656 .1431062 -.7998163 -1.679515 -2.509616 -3.106318 -3.505525 -3.643598 -3.246273 -2.35493 -1.143882 -.07041269 .4155978 .2425435 -.1062129 -.126718 .2518592 .840708 1.474506 1.956646 1.982671 1.538695 .9477816 .9332807 1.901205 3.318542 4.537904 5.241416 5.885734 6.390263 6.322125 5.627497 4.620407 3.210875 1.64649 .3942915 .002682537 .5167824 1.478512 2.634821 3.856531 4.952619 5.910366 6.569925 6.955984 7.186608 7.249156 7.107615 6.764145 6.41133 6.207134 6.257792 6.402709 6.617371 6.943594 7.361667 7.908646 8.448853 8.679837
-.3085131 -.6126664 -1.07677 -1.73226 -2.482378 -3.155066 -3.735488 -4.199238 -4.354978 -4.202782 -3.559044 -2.427267 -1.081504 -.03668697 .3283982 .1009711 -.2651266 -.3583184 .09034515 .7882398 1.660754 2.460537 2.804018 2.600669 2.07139 1.890849 2.464525 3.460158 4.281559 4.81121 5.455773 5.773575 5.308148 4.347615 3.137408 1.41319 -.3094962 -1.538197 -1.769735 -.9311816 .4809763 1.964512 3.198125 4.195749 5.189954 5.957331 6.638769 7.111873 7.412539 7.411399 7.234292 6.849038 6.634188 6.586532 6.623625 6.7509 6.940983 7.259648 7.685255 8.077304 8.194951
-2.186733 -2.559169 -3.046134 -3.64625 -4.261776 -4.740924 -5.084291 -5.170242 -5.017441 -4.649129 -3.997305 -2.907977 -1.754913 -.8218657 -.4755968 -.554682 -.7943264 -.7902428 -.472296 .1358978 .9998555 1.921759 2.651526 2.802335 2.632317 2.711892 3.088178 3.563267 3.984031 4.434445 5.014288 5.03101 4.160358 3.029899 1.659953 -.2559461 -2.02991 -3.075 -3.04461 -1.983469 -.429704 1.145301 2.376942 3.29093 4.26137 5.11919 5.861262 6.523016 6.936604 7.11471 7.135937 6.901375 6.788645 6.764214 6.800367 6.875574 7.012539 7.284325 7.719907 8.042736 7.89923
-3.273275 -3.914472 -4.59778 -5.270318 -5.827522 -6.153172 -6.249464 -5.982447 -5.373466 -4.666853 -4.006847 -3.216513 -2.426607 -1.859284 -1.573361 -1.4477 -1.386614 -1.194382 -.8104759 -.3127479 .3568347 1.187312 1.853379 2.224838 2.516306 2.903246 3.202027 3.478918 3.624191 3.939518 4.42161 4.143808 3.181186 1.95842 .2923211 -1.762232 -3.321667 -3.937665 -3.497226 -2.13608 -.6002471 .8058659 1.880313 2.714351 3.641432 4.501066 5.29483 5.850934 6.261716 6.595888 6.726068 6.704855 6.726947 6.738626 6.811733 6.874209 7.081626 7.427343 7.94757 8.151234 7.793331
-3.537038 -4.54283 -5.561661 -6.453633 -7.068604 -7.321692 -7.276144 -6.600947 -5.475062 -4.315751 -3.489047 -2.891331 -2.535451 -2.417014 -2.417303 -2.324865 -2.005101 -1.540101 -.9798048 -.503822 .03107971 .6377124 1.10772 1.410107 1.788314 2.398551 2.753124 2.933376 3.1379 3.451387 3.71778 3.35557 2.419641 1.116936 -.8248804 -2.856586 -4.139464 -4.248908 -3.295758 -1.670881 -.1133282 1.059373 1.853136 2.522346 3.311044 4.195682 4.918091 5.48585 5.854254 6.112604 6.287078 6.463507 6.501225 6.578163 6.66822 6.82765 7.084104 7.66635 8.170224 8.163831 7.715518
-3.508616 -4.826483 -6.114563 -7.234278 -7.948791 -8.251668 -8.008008 -6.976836 -5.4049 -3.847513 -2.800102 -2.159348 -1.912803 -2.009856 -2.382043 -2.564045 -2.382709 -1.896204 -1.263069 -.6746493 -.1918497 .2905715 .6060005 .8003364 1.085509 1.610209 2.026133 2.297588 2.55688 2.983948 3.160084 2.845751 1.93943 .3633953 -1.70349 -3.550488 -4.499859 -4.23193 -2.92991 -1.125605 .500531 1.570776 2.151025 2.479982 3.061087 3.8709 4.533471 5.144408 5.534491 5.757299 6.052428 6.255665 6.44021 6.468615 6.577847 6.731842 7.075758 7.780355 8.193952 7.974603 7.453544
-3.576254 -5.00009 -6.437459 -7.670285 -8.526514 -8.832299 -8.467036 -7.339038 -5.460335 -3.736312 -2.477151 -1.612677 -1.135912 -1.129205 -1.401029 -1.641526 -1.713941 -1.54647 -1.154941 -.6972844 -.2565604 .1528869 .4592087 .7174599 .9826533 1.214121 1.344491 1.481829 1.881984 2.456663 2.818863 2.578216 1.43508 -.3332123 -2.329943 -3.899878 -4.521085 -4.006318 -2.549193 -.7402803 .8686289 1.957283 2.436508 2.622416 2.928416 3.458789 4.130232 4.689738 5.201941 5.575754 5.973071 6.260682 6.51889 6.620307 6.639037 6.709691 7.0092 7.494251 7.751917 7.520865 7.106353
-3.946426 -5.300918 -6.679747 -7.873847 -8.69318 -8.980968 -8.63561 -7.481894 -5.764277 -4.166015 -2.806762 -1.665639 -.907683 -.5509933 -.3827759 -.2768 -.2275167 -.1547151 -.002464065 .1573212 .4640734 .7477212 1.044714 1.370207 1.601299 1.459004 1.167204 .8854625 1.066772 1.832876 2.469344 2.159817 .8670726 -.9742754 -2.768869 -3.95522 -4.23987 -3.57176 -2.169358 -.480214 1.037007 2.048386 2.582006 2.726639 2.905867 3.272213 3.587925 4.102805 4.656662 5.355742 5.881661 6.342409 6.733565 6.92933 6.947022 6.787595 6.869253 6.856754 6.934132 6.834323 6.508785
-4.805375 -5.92376 -7.008634 -7.991027 -8.567391 -8.599069 -8.206457 -7.294027 -6.016668 -4.738555 -3.55203 -2.345454 -1.38246 -.6967473 -.1630283 .377032 .8600725 1.192935 1.437665 1.546718 1.744246 2.020744 2.326453 2.644178 2.686633 2.238496 1.600116 .9352194 .8551304 1.476805 2.102009 1.641714 .1286702 -1.610671 -3.105027 -3.877781 -3.850786 -3.027754 -1.694489 -.1496623 1.161019 1.994949 2.418508 2.672188 2.878031 3.084883 3.302002 3.575043 4.061783 4.845482 5.632551 6.404768 6.965979 7.147067 6.983132 6.594684 6.246564 5.942748 5.835285 5.872986 5.759532
-5.947665 -6.798358 -7.551172 -8.10713 -8.21909 -7.832334 -7.390566 -6.714103 -5.895814 -5.149407 -4.314025 -3.28317 -2.235992 -1.458581 -.7891663 -.151593 .6175805 1.324968 1.830497 2.20469 2.595453 2.993373 3.437912 3.740823 3.550764 2.937118 1.979927 1.234089 1.014902 1.430992 1.857295 1.143369 -.5025582 -2.252968 -3.386203 -3.731211 -3.344336 -2.477783 -1.282072 .09118579 1.199323 1.810697 2.15373 2.360129 2.588594 2.861842 3.037923 3.255629 3.808317 4.431549 5.458401 6.411479 7.101859 7.178499 6.692841 6.11728 5.507007 4.962555 4.665718 4.921318 5.000705
-7.254684 -7.826914 -8.115923 -8.089993 -7.710903 -7.012567 -6.471235 -5.911258 -5.345881 -4.99692 -4.672375 -4.010679 -3.122653 -2.322438 -1.715624 -1.115906 -.4003818 .3986045 1.087502 1.818066 2.489906 3.144345 3.820808 4.175862 3.756887 2.824389 1.748776 .9532964 .7945006 1.153583 1.429163 .6158441 -1.082601 -2.670938 -3.461294 -3.477396 -2.883849 -1.990542 -.9153857 .1890264 1.101691 1.554143 1.789499 1.911586 2.190102 2.485259 2.823013 3.135248 3.74794 4.583348 5.887198 7.023806 7.586136 7.391901 6.611921 5.785932 4.957794 4.172919 3.86282 4.159214 4.251556
-8.806114 -8.932171 -8.700134 -8.12887 -7.285173 -6.28477 -5.753461 -5.324241 -4.896863 -4.701791 -4.615468 -4.327249 -3.711103 -2.972099 -2.394074 -1.999099 -1.51971 -.8772754 -.1559643 .8374901 1.800564 2.713906 3.504998 3.87635 3.311218 2.17103 1.000497 .1758599 -.01842249 .2689422 .5250105 -.2627177 -1.84035 -3.074649 -3.541822 -3.313838 -2.570769 -1.689689 -.7665029 .1449635 .7964768 1.150112 1.36858 1.52196 1.738619 2.070795 2.541918 3.046453 3.898108 5.148822 6.789735 8.074318 8.384167 7.762089 6.744095 5.814882 4.914132 4.089917 3.612852 3.641106 3.627722
-10.31146 -10.09427 -9.261546 -8.092116 -6.767892 -5.703704 -5.238039 -4.94045 -4.633612 -4.536353 -4.535362 -4.32912 -4.029847 -3.423029 -2.841045 -2.475376 -2.135993 -1.78217 -1.164714 -.2271741 .956094 2.011535 2.884005 3.253723 2.744096 1.634771 .4272156 -.4243249 -.8036547 -.7378734 -.6509553 -1.467845 -2.813866 -3.65667 -3.774939 -3.254446 -2.390404 -1.468147 -.6907636 .06702504 .5797474 .8893442 1.029965 1.148348 1.302138 1.678718 2.224306 3.013851 4.079745 5.661123 7.595317 8.951088 8.970119 7.925328 6.743775 5.841671 5.121885 4.418871 3.909926 3.624285 3.295268
-11.23576 -10.73733 -9.495199 -7.9437 -6.314034 -5.09083 -4.664303 -4.437875 -4.316861 -4.287109 -4.304113 -4.207108 -3.935452 -3.57339 -3.036037 -2.607448 -2.36171 -2.071171 -1.595768 -.729139 .3003361 1.311445 2.272365 2.63183 2.169758 1.229726 .2180567 -.530635 -.879601 -.9980525 -1.166754 -2.088031 -3.408975 -4.115137 -3.949827 -3.202749 -2.165334 -1.197586 -.4568599 .1063047 .5960934 .9305677 .9888701 .9564157 .9808423 1.358896 1.943854 2.861543 4.242129 6.050571 8.025273 9.226047 9.003094 7.700792 6.496935 5.783764 5.255151 4.707904 4.235659 3.93303 3.50993
-11.48195 -10.65527 -9.186458 -7.440496 -5.743004 -4.604009 -4.082368 -3.826594 -3.775921 -3.738854 -3.798489 -3.729502 -3.525941 -3.260498 -2.959774 -2.533376 -2.266896 -1.96534 -1.418957 -.7480662 .04012065 .8500369 1.665172 1.938258 1.542676 .8058502 .07144959 -.3766797 -.5055292 -.3393481 -.482225 -1.416458 -2.80842 -3.723361 -3.692325 -2.923481 -1.881683 -.8690888 -.14472 .3702643 .9117157 1.156172 1.285021 1.198663 1.180451 1.368455 1.902756 2.859183 4.33659 6.313424 8.067225 8.953979 8.513204 7.306512 6.305584 5.747563 5.373534 4.971074 4.723963 4.382988 3.842623
-11.33359 -10.23626 -8.502479 -6.691229 -5.183038 -4.303116 -3.818842 -3.535136 -3.391248 -3.384726 -3.317623 -3.154448 -2.978194 -2.754218 -2.623423 -2.44322 -2.124838 -1.652989 -1.112679 -.4905715 .1434228 .7076783 1.245078 1.348072 .806119 .1027907 -.452192 -.5957912 -.3564813 .2331688 .4448318 -.1734388 -1.281134 -2.225489 -2.556464 -2.152361 -1.424553 -.6606473 -.07057432 .5010462 .9941696 1.283724 1.440139 1.434816 1.483682 1.726562 2.135149 3.03947 4.582485 6.320159 7.585308 8.077953 7.70271 6.832797 6.080676 5.726437 5.452449 5.105613 4.908497 4.577343 4.174333
-10.72554 -9.476604 -7.705224 -5.987121 -4.718412 -4.094491 -3.791952 -3.50471 -3.261994 -3.156777 -3.005486 -2.778319 -2.56874 -2.417834 -2.378353 -2.410598 -2.164446 -1.667772 -.992937 -.3492905 .2628376 .6993428 .9699227 .7792068 .04910739 -.8220039 -1.370068 -1.404455 -.7280832 .1770809 .7064149 .54093 -.06849618 -.7104269 -1.055746 -.9905359 -.8119664 -.575399 -.2037966 .3240555 .6766486 .9677676 1.189806 1.323069 1.569945 1.888207 2.431372 3.304163 4.691344 6.002831 6.670569 6.89148 6.642475 6.115573 5.631484 5.448252 5.351651 5.198074 5.009645 4.763651 4.465728
-9.661899 -8.359966 -6.701376 -5.254573 -4.263583 -3.954988 -3.735775 -3.441313 -3.075635 -2.79159 -2.479639 -2.220832 -2.065924 -2.013618 -2.127341 -2.380902 -2.336727 -1.816835 -1.113339 -.4687083 .1664796 .6241163 .7511775 .3673453 -.6547348 -1.752245 -2.406612 -2.287198 -1.425747 -.3534336 .2937375 .4243339 .2522379 .05256642 -.08576135 -.1269981 -.1228854 -.1816176 -.174145 -.004019549 .2539216 .4239893 .6082662 .868025 1.252255 1.777983 2.537926 3.387287 4.531362 5.407034 5.628042 5.603589 5.444088 5.081547 4.851325 4.84759 4.982067 5.009437 4.947574 4.815801 4.710423
