py_wake/examples/data/AJ_ParqueFicticio/Rough survey   Sector 11   Height 200m   Mean speed.grd
DSAA
73  159
 258469   265669
 6501692   6517492
 5.919517   11.30186
[rows 56 to 83 of 159, columns 0 to 62 of 73]
8.704925 8.733237 8.747754 8.763918 8.774817 8.7802 8.782061 8.791893 8.790409 8.790712 8.784576 8.782011 8.78097 8.760218 8.723206 8.715896 8.716284 8.7155 8.711215 8.71308 8.698795 8.668704 8.661502 8.675466 8.677542 8.682626 8.683491 8.671791 8.720535 8.772858 8.853559 8.800945 8.658994 8.605743 8.595129 8.615998 8.595378 8.413525 8.149299 8.063313 8.092982 8.12642 8.079789 8.051852 8.031199 8.075681 8.147515 8.224148 8.423087 8.720961 9.060163 9.322402 9.368295 9.259385 9.203291 9.416445 9.722517 9.821737 9.641982 9.369271 9.185943 9.263855 9.606975
8.687057 8.726057 8.733158 8.743664 8.766473 8.780225 8.786425 8.788283 8.786018 8.77867 8.77253 8.768107 8.762073 8.771173 8.743623 8.721582 8.719942 8.719358 8.716413 8.721669 8.715707 8.692777 8.675333 8.680067 8.676132 8.654214 8.653642 8.640483 8.6607 8.754088 8.868636 8.791445 8.68073 8.618991 8.656543 8.644208 8.609139 8.511851 8.291559 8.139336 8.106888 8.136793 8.156631 8.125671 8.136897 8.190303 8.186777 8.177975 8.301942 8.5645 8.905125 9.164229 9.239693 9.169884 9.13291 9.356672 9.663524 9.790956 9.633891 9.351227 9.140338 9.156053 9.480219
8.681624 8.707468 8.713237 8.713626 8.730537 8.759356 8.766476 8.772252 8.768132 8.759332 8.749665 8.746583 8.740245 8.751658 8.743153 8.731744 8.721598 8.716381 8.717131 8.725574 8.713905 8.710905 8.694899 8.671783 8.669866 8.659895 8.647552 8.62762 8.620278 8.668308 8.76636 8.762516 8.669891 8.605581 8.58808 8.625464 8.62666 8.503543 8.330937 8.172676 8.129313 8.14057 8.138961 8.190365 8.230247 8.257442 8.209272 8.178846 8.241448 8.43045 8.721391 8.970961 9.09018 9.045033 9.025916 9.240616 9.562786 9.74658 9.654552 9.397417 9.140709 9.069737 9.338609
8.708818 8.713157 8.723291 8.717465 8.697948 8.713866 8.74037 8.749116 8.746917 8.738052 8.730575 8.720914 8.718498 8.727887 8.729281 8.724861 8.719142 8.717258 8.716597 8.717997 8.714437 8.709551 8.702081 8.690169 8.669074 8.669924 8.666593 8.647583 8.607306 8.626845 8.683486 8.668102 8.586638 8.517274 8.5117 8.546276 8.53458 8.479416 8.338056 8.193734 8.140573 8.116732 8.115431 8.187456 8.28072 8.326953 8.288951 8.21493 8.199887 8.310597 8.524133 8.758595 8.918094 8.901559 8.872305 9.091673 9.417915 9.633721 9.617627 9.435702 9.179763 9.019588 9.191213
8.740123 8.739476 8.746615 8.755175 8.711884 8.683105 8.700615 8.728415 8.727547 8.721006 8.712757 8.702136 8.696116 8.704597 8.705203 8.702907 8.708061 8.710294 8.716879 8.714135 8.713205 8.68936 8.693084 8.685816 8.674378 8.687784 8.694462 8.733446 8.718795 8.703947 8.693177 8.666958 8.571099 8.485185 8.424771 8.442031 8.448777 8.431186 8.32128 8.185018 8.090022 8.037885 8.070409 8.200584 8.329603 8.382878 8.37351 8.322678 8.259134 8.244666 8.358118 8.543095 8.736961 8.767822 8.746084 8.924516 9.257713 9.51158 9.529678 9.406505 9.19587 9.013591 9.06248
8.764508 8.769391 8.772217 8.784817 8.765505 8.720782 8.698112 8.706079 8.712726 8.715433 8.708494 8.702419 8.693007 8.685642 8.683556 8.683776 8.689869 8.699303 8.709588 8.712744 8.718043 8.697493 8.684022 8.672885 8.663486 8.69736 8.709769 8.766912 8.80829 8.839301 8.823502 8.693205 8.597426 8.523924 8.449241 8.451865 8.426686 8.370016 8.232637 8.128302 8.036649 7.988866 8.011631 8.148688 8.302957 8.393904 8.419146 8.431441 8.395649 8.296265 8.248727 8.35064 8.559679 8.666645 8.635619 8.759348 9.085777 9.37182 9.413985 9.33616 9.180515 9.018063 8.968578
8.779432 8.791897 8.805683 8.814681 8.796909 8.7679 8.730228 8.708261 8.711213 8.713569 8.712271 8.703568 8.691962 8.67604 8.670201 8.665858 8.663694 8.680809 8.683784 8.697864 8.70417 8.702547 8.678143 8.670632 8.65821 8.66518 8.703216 8.762724 8.869287 8.898857 8.880773 8.804767 8.702154 8.654047 8.557496 8.492374 8.428262 8.308126 8.188914 8.109706 8.020867 7.94275 7.955843 8.068529 8.246463 8.364141 8.419212 8.47954 8.523499 8.441796 8.290541 8.234999 8.381023 8.522341 8.568524 8.633301 8.895914 9.177611 9.285101 9.258508 9.147666 9.029197 8.937474
8.776524 8.802444 8.826448 8.83747 8.823308 8.793524 8.757866 8.729938 8.714986 8.710219 8.715855 8.705228 8.68783 8.675815 8.662802 8.654434 8.650163 8.650747 8.660864 8.668751 8.688115 8.681846 8.661064 8.643745 8.639 8.641404 8.665197 8.744394 8.83777 8.909208 8.968987 8.916274 8.830257 8.726318 8.64962 8.543541 8.453627 8.348209 8.209928 8.092227 7.988242 7.910084 7.89685 7.990307 8.154608 8.312737 8.384427 8.464075 8.559897 8.560379 8.416544 8.2551 8.241652 8.353518 8.457958 8.512524 8.698616 8.968358 9.116504 9.135392 9.060747 8.982121 8.932232
8.759917 8.79947 8.827453 8.841994 8.836483 8.816786 8.784621 8.758842 8.725872 8.711439 8.710799 8.700545 8.691853 8.676943 8.667217 8.653769 8.651291 8.644036 8.64385 8.652966 8.668507 8.671417 8.652438 8.621899 8.603955 8.606708 8.643586 8.709731 8.79481 8.917422 8.935461 8.90785 8.8493 8.795153 8.754928 8.641958 8.549917 8.408436 8.262955 8.124787 7.996677 7.886108 7.838647 7.892058 8.057524 8.212177 8.315523 8.422403 8.524281 8.589201 8.543407 8.379421 8.215943 8.188218 8.294263 8.424886 8.566607 8.793655 8.947652 8.975222 8.938624 8.860117 8.837684
8.737984 8.781294 8.811828 8.834098 8.841649 8.832857 8.812593 8.787319 8.748683 8.716614 8.707442 8.696932 8.688662 8.680479 8.672574 8.657029 8.642346 8.641572 8.644002 8.652256 8.665359 8.670115 8.657829 8.631269 8.605962 8.591385 8.604542 8.646917 8.721375 8.802639 8.855639 8.851657 8.836696 8.848193 8.80298 8.734183 8.625581 8.464994 8.30828 8.16814 8.03503 7.911604 7.819948 7.831842 7.948432 8.091898 8.212996 8.358829 8.467712 8.560225 8.638889 8.549734 8.331068 8.138453 8.13666 8.303095 8.497902 8.694791 8.840733 8.873038 8.832045 8.741879 8.677944
8.726144 8.758071 8.795269 8.82538 8.833593 8.836589 8.828347 8.810348 8.775236 8.729388 8.707273 8.702011 8.690351 8.681804 8.674759 8.661918 8.643147 8.63267 8.639909 8.650549 8.66801 8.682879 8.67751 8.663247 8.640391 8.615033 8.599925 8.635015 8.663023 8.715198 8.757129 8.793626 8.805179 8.856592 8.835919 8.781264 8.694649 8.533347 8.349751 8.203024 8.065259 7.95327 7.834758 7.797062 7.852849 7.937024 8.097984 8.279792 8.387228 8.460744 8.62836 8.681045 8.502444 8.252522 8.100091 8.182278 8.414402 8.65197 8.868817 8.962387 8.905468 8.771029 8.621403
8.714965 8.739414 8.779695 8.812558 8.832107 8.831184 8.821335 8.816233 8.783566 8.746389 8.719901 8.703892 8.695121 8.684858 8.669135 8.655364 8.640387 8.627178 8.622818 8.639224 8.655631 8.684171 8.703743 8.70367 8.688842 8.660978 8.644012 8.656176 8.693648 8.717618 8.716514 8.721613 8.744193 8.810405 8.830815 8.806979 8.752056 8.639863 8.452995 8.284084 8.116913 7.981929 7.870778 7.787494 7.763114 7.808382 7.966491 8.175629 8.305708 8.358923 8.537339 8.685979 8.60834 8.3961 8.17383 8.101303 8.289725 8.592081 8.872144 9.059322 9.076694 8.961194 8.77862
8.695296 8.729718 8.765064 8.793769 8.819589 8.823965 8.818785 8.811739 8.789685 8.757931 8.730068 8.710167 8.694952 8.691649 8.676834 8.662866 8.639771 8.619297 8.611644 8.622571 8.63645 8.659554 8.706613 8.723382 8.73879 8.734693 8.737438 8.720331 8.721652 8.709203 8.690065 8.675414 8.691697 8.74114 8.789799 8.790485 8.774097 8.709065 8.558609 8.40197 8.264493 8.114896 7.97359 7.847412 7.73925 7.723588 7.835907 8.027599 8.154928 8.216619 8.399732 8.563576 8.560585 8.428523 8.235738 8.097468 8.177634 8.460702 8.749775 8.99791 9.121085 9.109692 8.964671
8.67852 8.696071 8.730285 8.770363 8.795698 8.813601 8.810987 8.809962 8.796037 8.768827 8.736338 8.706995 8.686748 8.684743 8.676914 8.66232 8.633864 8.610633 8.606244 8.608132 8.619205 8.647684 8.696855 8.738226 8.771192 8.786566 8.801997 8.801015 8.789781 8.771169 8.716953 8.646177 8.624349 8.662527 8.726576 8.751204 8.762657 8.719872 8.631739 8.5261 8.41253 8.291586 8.141832 7.984906 7.834306 7.739922 7.772509 7.900951 8.007162 8.087874 8.22294 8.371316 8.409127 8.325375 8.185073 8.05687 8.062989 8.303953 8.601992 8.856097 9.041587 9.113231 9.068854
8.654872 8.658427 8.682527 8.726333 8.760265 8.790801 8.806287 8.814054 8.802202 8.781526 8.743567 8.704598 8.672256 8.666131 8.666242 8.663859 8.642099 8.6155 8.606231 8.605038 8.619603 8.639119 8.696889 8.750155 8.790313 8.833782 8.855505 8.861046 8.870525 8.855167 8.797968 8.692862 8.589632 8.597725 8.652911 8.699547 8.71816 8.707485 8.666217 8.628097 8.549747 8.422258 8.288983 8.126662 7.976715 7.846702 7.803351 7.861237 7.949169 8.016449 8.102195 8.184513 8.240874 8.179712 8.048946 7.949224 7.976053 8.182665 8.475475 8.730167 8.950084 9.067106 9.087007
8.664142 8.648275 8.638128 8.667696 8.704374 8.754618 8.786834 8.804473 8.804119 8.787356 8.753196 8.711613 8.676259 8.650419 8.649183 8.651653 8.65386 8.62856 8.60237 8.597944 8.599912 8.63355 8.686377 8.763299 8.809628 8.86389 8.884316 8.913297 8.938702 8.947824 8.896858 8.762509 8.639448 8.591365 8.604883 8.634227 8.66936 8.677495 8.673053 8.650462 8.611372 8.505922 8.371114 8.240403 8.109362 7.986642 7.912457 7.912205 7.974275 8.059736 8.110179 8.13159 8.156709 8.085103 7.909216 7.777866 7.828178 8.062333 8.338309 8.605925 8.843013 8.994799 9.048943
8.687301 8.668212 8.649025 8.63673 8.661175 8.703716 8.758204 8.786325 8.793633 8.785646 8.759196 8.72271 8.680005 8.646787 8.62334 8.633253 8.637371 8.625121 8.603683 8.587269 8.576526 8.605237 8.655463 8.731876 8.809503 8.852812 8.905354 8.955576 8.99428 9.010483 8.980388 8.842441 8.694715 8.623513 8.597688 8.596845 8.595065 8.612124 8.629625 8.629679 8.627011 8.552648 8.440083 8.325014 8.208565 8.088105 8.002123 7.979967 8.04484 8.138133 8.212574 8.244217 8.261419 8.178247 7.949312 7.709318 7.674977 7.881178 8.149267 8.437955 8.697128 8.877436 8.984367
8.706582 8.690847 8.6645 8.656322 8.653418 8.666874 8.715732 8.75228 8.7693 8.779134 8.759922 8.733985 8.69361 8.656189 8.61096 8.599256 8.615901 8.605222 8.586532 8.563575 8.552668 8.572914 8.612165 8.681539 8.750377 8.809098 8.883183 8.966977 9.049834 9.093042 9.054707 8.94003 8.786629 8.68383 8.628979 8.576634 8.546428 8.543326 8.562419 8.593296 8.599817 8.576722 8.505666 8.401795 8.284077 8.1608 8.034029 7.989763 8.032434 8.125641 8.205986 8.285801 8.3592 8.342546 8.094864 7.786447 7.61119 7.698513 7.920705 8.201621 8.470055 8.677537 8.816476
8.72171 8.708849 8.686652 8.684321 8.677709 8.645775 8.670626 8.707396 8.742604 8.759606 8.747425 8.733748 8.713824 8.683653 8.617406 8.574749 8.585638 8.583287 8.574986 8.553265 8.537378 8.549744 8.585862 8.642344 8.699949 8.758178 8.827137 8.934528 9.048523 9.124219 9.099107 9.002109 8.881027 8.750257 8.658181 8.582387 8.526345 8.496796 8.491658 8.512474 8.53587 8.529925 8.498979 8.439842 8.341091 8.228178 8.084695 7.987622 7.984279 8.05397 8.118783 8.208026 8.309547 8.33392 8.172566 7.890005 7.646238 7.578538 7.705356 7.935078 8.175591 8.378735 8.541538
8.719277 8.709505 8.700525 8.703486 8.703634 8.674062 8.649984 8.671828 8.70759 8.727942 8.728934 8.723969 8.713764 8.702267 8.654305 8.587421 8.569562 8.567805 8.569114 8.569261 8.547974 8.548388 8.56821 8.609619 8.65677 8.705032 8.765102 8.858044 8.981774 9.078435 9.088566 9.000108 8.879219 8.769892 8.665047 8.587545 8.532098 8.482192 8.450127 8.453243 8.446262 8.442122 8.433805 8.417131 8.324691 8.243619 8.118225 7.990076 7.938024 7.976944 8.029678 8.103858 8.188944 8.217024 8.141109 7.944677 7.693759 7.530512 7.531384 7.681104 7.869557 8.036587 8.214095
8.699125 8.693706 8.691651 8.694184 8.708868 8.691053 8.659984 8.663446 8.689745 8.700399 8.70875 8.703955 8.695982 8.70095 8.677049 8.615871 8.571283 8.559511 8.558764 8.569117 8.576279 8.573606 8.568968 8.593901 8.624999 8.666742 8.719885 8.796254 8.913774 9.012242 9.040285 8.963207 8.836807 8.731695 8.63234 8.554175 8.518215 8.4727 8.414991 8.418468 8.425048 8.394814 8.386175 8.374943 8.309783 8.243676 8.150287 8.02733 7.959908 7.939403 7.975949 8.041957 8.11305 8.137856 8.090923 7.964056 7.751087 7.549347 7.434047 7.490935 7.620314 7.759667 7.911121
8.682307 8.680279 8.675698 8.674935 8.691737 8.686419 8.667275 8.655617 8.668873 8.676394 8.687209 8.693829 8.688393 8.68358 8.670041 8.621793 8.581278 8.550056 8.549396 8.561243 8.575242 8.597266 8.611214 8.617892 8.631653 8.670937 8.720037 8.802613 8.905184 8.982785 8.998283 8.932442 8.811175 8.707791 8.602449 8.519814 8.482525 8.445456 8.389449 8.375754 8.379139 8.376899 8.35971 8.351242 8.336856 8.306302 8.264062 8.168139 8.071792 7.996596 7.99488 8.050501 8.148891 8.201797 8.163489 8.07347 7.911023 7.703406 7.562986 7.497934 7.518621 7.598001 7.710798
8.678595 8.672634 8.659944 8.655498 8.672931 8.680066 8.671997 8.659284 8.651221 8.65437 8.663144 8.669586 8.681671 8.675985 8.661051 8.633392 8.592809 8.551913 8.535406 8.539321 8.546423 8.58696 8.62323 8.640493 8.660233 8.697316 8.769026 8.857679 8.955331 9.004094 9.001722 8.898419 8.771128 8.679231 8.601873 8.544873 8.508426 8.47117 8.430322 8.388128 8.349162 8.342486 8.343695 8.364594 8.358154 8.353541 8.338965 8.306813 8.243712 8.124351 8.084933 8.122141 8.211539 8.28443 8.283134 8.229742 8.101533 7.935811 7.795638 7.675833 7.60033 7.613642 7.686416
8.690281 8.674138 8.659213 8.657518 8.660618 8.67084 8.675051 8.662936 8.642745 8.639903 8.640056 8.648176 8.656737 8.660205 8.651097 8.633823 8.607584 8.572222 8.540085 8.526862 8.524274 8.55204 8.593346 8.626398 8.658442 8.716917 8.80722 8.935084 9.028191 9.056386 9.000932 8.867253 8.724735 8.637065 8.56497 8.515755 8.502375 8.479136 8.449689 8.423136 8.363727 8.341338 8.351137 8.359358 8.371026 8.362006 8.348554 8.323599 8.299806 8.239799 8.203454 8.211088 8.262007 8.335144 8.376078 8.344527 8.246929 8.108945 7.939365 7.793167 7.714131 7.698339 7.686589
8.706883 8.695768 8.671075 8.657908 8.664389 8.673377 8.673999 8.663909 8.651808 8.642769 8.623779 8.612812 8.624575 8.628072 8.618761 8.61655 8.614341 8.58814 8.567426 8.544351 8.529885 8.544291 8.562744 8.597116 8.632694 8.699832 8.81743 8.965633 9.08651 9.116788 9.013507 8.86181 8.705949 8.608884 8.530515 8.46596 8.438976 8.416141 8.401759 8.387528 8.376204 8.366369 8.353416 8.351025 8.369659 8.35801 8.316054 8.275384 8.290978 8.293718 8.286804 8.289535 8.31346 8.361479 8.394089 8.38516 8.283051 8.137243 7.985127 7.855488 7.76307 7.706957 7.670122
8.707823 8.712017 8.69558 8.666129 8.661673 8.668915 8.679155 8.670783 8.662325 8.656353 8.628417 8.586964 8.585418 8.579511 8.581506 8.588256 8.591433 8.586815 8.58146 8.560969 8.557441 8.563127 8.568916 8.578557 8.60823 8.664822 8.778749 8.935588 9.065457 9.11046 9.017545 8.85029 8.687331 8.590567 8.519662 8.453711 8.398768 8.373143 8.365494 8.373139 8.369763 8.361205 8.343955 8.32668 8.326701 8.308506 8.274333 8.26071 8.26786 8.291145 8.305556 8.314033 8.338241 8.365898 8.388356 8.366721 8.266645 8.124633 7.990919 7.862081 7.761982 7.683873 7.629662
8.696473 8.707912 8.70173 8.685877 8.672114 8.671533 8.673634 8.681139 8.679752 8.666533 8.648823 8.603663 8.554449 8.545428 8.527673 8.518432 8.531051 8.535943 8.548879 8.560246 8.557688 8.569234 8.58002 8.603761 8.617053 8.661424 8.74186 8.876825 9.005081 9.054842 8.975251 8.844336 8.696884 8.593432 8.521497 8.446454 8.396925 8.353079 8.357118 8.376798 8.373256 8.350468 8.308303 8.264647 8.248195 8.220361 8.187378 8.176677 8.19928 8.234388 8.273297 8.309986 8.347487 8.370268 8.379844 8.350595 8.250108 8.109412 7.971784 7.842881 7.739886 7.653483 7.57732
8.698067 8.692424 8.698726 8.696455 8.688029 8.684002 8.687716 8.696096 8.686114 8.672195 8.656059 8.608812 8.566417 8.540887 8.512807 8.479396 8.459739 8.467366 8.482729 8.508748 8.531989 8.551552 8.585626 8.625687 8.664249 8.706857 8.765231 8.854584 8.937731 8.975784 8.928454 8.836929 8.722243 8.626583 8.563746 8.469484 8.411806 8.376352 8.379128 8.389323 8.380765 8.345847 8.250532 8.178225 8.154504 8.117713 8.069292 8.059787 8.065801 8.124319 8.200337 8.282458 8.333117 8.358619 8.361939 8.318949 8.220991 8.086263 7.938673 7.801729 7.689563 7.604668 7.508946
