py_wake/examples/data/AJ_ParqueFicticio/Rough survey   Sector 7   Height 30m   Orographic turn.grd
DSAA
73  159
 258469   265669
 6501692   6517492
-136.9426   66.49909
[rows 108 to 134 of 159, columns 0 to 61 of 73]
-4.634628 .8428833 2.911241 3.950673 3.287889 .5941583 -.3750196 2.812123 7.137993 9.259933 10.55385 13.84442 16.99359 18.18325 19.22059 17.45015 18.22636 14.24494 8.110426 3.919068 3.162289 3.002348 1.565869 -1.053616 -2.576609 -3.839914 -4.586538 -4.174421 -.2363605 1.004139 .2903018 .3900842 -.6641222 -1.919001 -4.140765 -5.838172 -9.244915 -8.55736 -5.504961 -.98335 3.791027 7.072313 10.83116 14.3628 14.70938 13.08883 11.39344 10.26342 11.95422 11.47576 11.26475 9.884015 9.544858 6.696741 3.966439 .7878601 -1.644277 -1.55926 -.6222841 .2229023 1.278495 2.566202
-5.628295 -1.246396 2.258266 3.587434 5.010684 4.582631 3.430205 3.870228 6.544126 9.993755 12.38204 14.80508 16.88934 19.86929 18.76579 17.99082 17.7987 20.09529 13.76262 7.718441 4.648971 3.864982 1.649636 1.092453 -2.078745 -3.692124 -3.952647 -1.848889 -2.485998 -2.209349 -3.01948 -3.863121 -4.659046 -6.794273 -7.751271 -8.118954 -8.832517 -7.193249 -5.158659 -1.118101 4.967729 9.424962 13.28089 16.16711 17.71958 15.94731 12.81298 10.65344 9.556727 9.544121 10.64113 10.11808 8.433141 5.202784 2.32865 -.9612194 -3.195118 -2.901318 -1.203475 .2785084 -.07623002 -.2350889
-4.165136 -2.252601 .7739653 2.681917 3.972417 5.359687 5.833347 4.978795 6.747784 10.41312 13.69532 16.6092 16.48033 16.90847 18.31301 19.33036 19.3742 22.24368 20.719 14.06093 7.920294 4.708122 3.000378 2.198293 -.1078032 -.996281 .5437987 -1.1542 -2.726451 -6.580134 -9.543396 -11.26908 -12.37846 -11.98787 -9.747766 -7.569725 -5.818663 -4.539563 -3.192288 -.1050177 5.397062 11.24997 14.89143 16.90491 18.46175 18.49412 15.38489 13.24657 11.2955 9.253994 8.35082 9.148735 4.572417 .9643951 -1.408948 -3.158126 -4.210452 -3.591403 -1.219295 1.146989 -.6088887 -1.597953
-2.482318 -2.847828 -1.202839 .663443 1.927974 4.358116 5.865627 6.001864 7.997183 11.01318 13.53968 15.68652 14.79668 14.89327 14.96075 15.65366 16.4735 18.02281 25.97227 24.50043 15.16405 7.41412 3.822036 2.826773 2.439093 4.336544 3.601164 2.505032 -3.985646 -10.51317 -16.08003 -18.05161 -16.83401 -13.75775 -10.30632 -5.745533 -2.689208 -.9843541 .2447373 2.175225 5.969511 12.03959 15.67725 17.04316 17.66657 18.1771 17.44355 16.45819 16.72532 12.50245 8.922205 5.474814 .4301094 -3.522161 -5.430834 -6.368682 -6.364424 -5.104449 -2.528552 .4798647 -.003173771 1.805331
-2.494885 -3.647848 -2.88365 -.8898202 .6931338 2.560033 4.862303 6.841572 9.286572 10.94131 12.79356 14.14336 13.60916 13.0767 11.92033 9.965941 10.03831 14.64176 20.88983 27.30465 22.37665 13.91695 7.905269 5.686605 5.40947 5.949251 6.636768 1.556377 -5.789966 -11.97464 -16.80023 -18.7953 -18.74917 -14.62579 -10.74009 -6.483435 -.765438 2.691868 4.287224 5.078568 7.447199 10.71705 14.43467 15.17582 15.37494 16.25025 17.48075 18.66128 20.37064 17.71551 11.0625 3.004809 -3.21164 -6.634232 -7.361784 -7.203818 -6.730762 -6.031704 -4.858873 -3.46715 1.740875 4.914224
-4.63284 -4.529957 -3.329057 -1.322186 .008288677 1.174777 3.547112 6.615646 8.800206 9.827453 11.38162 12.99519 12.67999 12.00958 8.628924 4.904628 7.121657 13.29447 16.95292 21.92231 24.43424 21.02786 15.2977 10.85377 8.829284 6.263832 4.233652 -.2210243 -6.498109 -11.49051 -15.22352 -16.55037 -15.82424 -14.52283 -12.94393 -8.854152 -2.126783 4.105226 7.040378 7.937383 8.802876 10.08714 11.44506 11.81198 11.95983 13.60353 15.93824 17.69987 19.80537 20.77725 14.67516 3.789127 -4.086815 -7.371854 -8.033143 -6.238649 -5.987751 -5.48629 -6.409657 -6.630229 -2.353132 7.347823
-6.604012 -4.746937 -3.386741 -1.953405 -.5002183 1.025779 3.228423 5.792432 7.11631 8.263249 10.90431 11.29118 11.09744 8.686407 4.399707 2.882717 6.187313 10.64214 13.9815 15.74309 22.78473 26.25331 24.25359 18.12242 12.32015 6.675568 2.212904 -2.099905 -6.809396 -10.79249 -11.64179 -11.2556 -13.08378 -13.12598 -12.83692 -10.9068 -5.072396 2.91166 7.809721 9.347717 9.03106 7.798757 7.215796 6.903338 8.292258 10.38655 12.71244 14.52047 15.87098 16.41042 13.05512 5.825551 -1.959703 -5.925078 -5.871219 -5.298654 -4.958724 -5.126925 -5.990868 -6.720078 -5.995816 .07176694
-6.664773 -4.946132 -3.80525 -2.572071 -.9256061 1.338735 3.408171 4.71116 5.604866 7.56007 9.983108 8.638796 7.509453 4.163077 1.936386 3.519763 7.35208 7.711071 8.872549 10.527 14.22477 20.35111 26.17198 26.67805 18.15717 8.419015 1.557076 -3.765541 -9.313943 -9.554518 -7.580065 -7.403508 -9.124788 -10.9962 -11.63364 -9.794264 -4.663556 2.320183 7.89782 9.035001 7.228237 5.008817 2.562215 1.71272 3.432299 5.426973 7.77321 9.995689 10.76159 9.966152 8.054502 4.028008 -.8120461 -2.863393 -3.682553 -4.067569 -3.95557 -4.322226 -4.751543 -5.546199 -4.957989 -2.24724
-6.302266 -4.984695 -4.341693 -3.217772 -.9384668 1.487224 3.216082 4.148529 5.925959 7.183963 8.589155 7.50422 3.953428 1.315476 1.939259 5.075959 6.922397 6.314365 5.687355 6.350648 7.949522 9.821179 15.99402 25.02224 24.72184 12.4815 2.431075 -4.694184 -7.959794 -6.598049 -4.977332 -4.996683 -7.735344 -8.854709 -6.930473 -4.187329 -.3652416 3.581936 8.559988 9.286993 7.847791 3.440084 -.2389282 -1.571366 -1.525821 -.1756645 1.74352 3.827848 5.212378 4.9171 3.245726 1.36806 -.003445036 -1.100561 -2.891897 -3.203132 -3.516209 -3.228833 -3.254732 -4.360967 -4.721914 -2.913813
-4.919765 -4.604339 -4.320374 -3.371699 -.7002673 1.551459 3.354165 5.584574 8.026925 9.410411 9.117706 5.809457 3.064029 1.020152 1.604403 4.996902 6.888014 6.733335 6.072766 5.529595 4.66185 3.336568 3.656499 10.65557 19.68123 17.58793 4.788769 -5.275881 -5.673426 -1.800955 -1.565862 -4.011322 -5.871389 -3.005394 -.5185546 .3795948 2.669535 7.565076 10.11996 10.81602 7.533396 2.679579 -1.847688 -3.026745 -3.831672 -4.137906 -2.947697 -1.980393 -.9543504 -.2062781 -.6894315 -1.526145 -1.459975 -2.3844 -2.290961 -3.092981 -3.267475 -2.55068 -2.216295 -2.966029 -3.144946 -4.2565
-3.198512 -3.939301 -3.61508 -1.552938 1.339604 3.76419 5.7104 8.07621 10.54572 11.94922 9.954687 7.556989 4.146802 2.092181 1.864278 3.389701 6.090161 7.796924 6.446773 5.305977 3.701097 1.531029 -1.741108 -1.985019 6.932174 14.75638 8.919523 1.831239 -1.758123 .5706032 -.1118999 -1.49381 -1.29295 1.632732 1.771127 1.624213 4.19382 8.654651 13.99353 14.387 9.427313 2.750655 -3.392147 -4.659058 -4.571464 -5.961743 -6.575684 -6.530158 -5.615905 -4.074765 -3.454438 -3.318485 -2.909135 -3.757789 -3.112707 -3.717843 -2.900431 -2.984241 -1.593266 -.4276694 -4.565763 -5.696726
-1.689556 -.9754508 .4706034 3.251015 5.993137 7.940051 9.646256 10.5539 11.36146 12.67815 12.41776 10.24365 6.456908 3.826347 1.987838 1.525938 3.621031 5.592703 6.216261 5.540421 4.450406 2.365494 -2.390258 -4.876145 -2.709185 3.514367 8.45431 7.760359 5.627339 1.97104 -.3639711 -1.602141 1.953548 2.823361 1.308673 3.342232 6.195457 8.297704 11.72181 15.97586 14.15092 5.237759 -3.640788 -6.810431 -5.984217 -6.261569 -8.701463 -9.443172 -8.483588 -6.501462 -4.306153 -3.364089 -3.964866 -3.945831 -3.99949 -4.135849 -3.198873 -3.287445 -3.378274 -4.423749 -7.856638 -11.45325
3.225299 5.18564 7.566301 9.693166 11.22296 12.4385 13.94142 13.94556 11.97219 10.00853 8.652221 10.99364 10.22675 8.606058 5.832541 2.452666 .8678206 .06364945 1.402306 2.76612 4.438707 5.328542 4.140471 -1.329727 -2.292571 -2.420977 2.505009 8.732432 8.190037 3.383179 -1.693241 1.000538 2.52102 .4789627 .5300781 5.441825 8.606794 8.482704 7.613568 8.699676 11.93862 9.587494 1.391664 -6.284443 -9.264056 -9.65712 -10.65982 -10.69386 -9.557668 -7.121514 -4.568395 -3.141887 -3.770903 -3.926848 -4.021976 -3.357703 -3.608628 -2.856098 -7.304852 -13.13165 -15.49129 -13.49016
5.250145 8.608188 11.09242 13.38392 15.3666 16.33561 18.00297 17.34525 13.78296 5.775451 1.866141 4.492902 8.31339 10.72006 13.31078 8.38247 1.66015 -2.182452 -3.638588 -2.731768 .1377976 4.1914 6.625297 6.970944 .9922643 -2.689986 -2.158735 4.300319 9.628587 5.853034 1.089577 1.706839 .5936804 -1.438875 2.160841 8.474437 12.7167 10.60702 4.533467 1.401071 3.698237 6.280828 4.586039 -3.278963 -9.972242 -11.73526 -11.73379 -10.62101 -8.713736 -6.357861 -3.274429 -2.429238 -2.221569 -3.334531 -3.233151 -4.890633 -4.664094 -8.869778 -17.57447 -21.76874 -20.34302 -18.45489
2.838562 7.426343 12.76346 15.90031 18.24086 20.63361 20.05558 19.56292 14.03002 5.300974 -1.04971 -3.473734 .1709969 7.071715 11.75158 12.8713 6.782547 1.185889 -2.793757 -5.004944 -4.209081 -1.116646 5.453444 7.549315 6.087386 .2739142 .8060079 .125849 6.396634 6.774342 5.919324 1.746666 -1.951158 -1.442012 6.526453 12.3619 13.43353 11.68751 4.49241 -1.848024 -3.548333 -.6107978 1.578492 -1.416508 -7.368616 -9.93905 -10.12402 -10.07129 -8.98356 -6.568841 -4.892918 -2.524839 -2.323575 -2.276492 -4.269809 -6.068743 -9.844052 -17.6668 -21.62776 -21.50559 -14.96001 -9.56203
.8298995 5.867537 12.22701 16.79115 20.47548 22.16639 23.1432 20.73244 14.34012 7.665778 -.4253362 -3.71311 -4.631454 -2.063272 1.590941 4.425902 5.340741 2.10258 -2.496274 -6.49888 -7.544973 -3.823808 3.797038 8.1406 5.955901 4.831634 2.645023 2.895122 5.044052 7.079189 6.846995 2.023353 .7932825 5.01845 9.658717 12.32664 12.44285 8.931941 3.910579 -2.052481 -7.158054 -8.430936 -5.309157 -3.793415 -5.235156 -5.972655 -8.002507 -7.777978 -8.013684 -7.937784 -6.815086 -5.096407 -3.973823 -4.304152 -7.090374 -12.17455 -16.80844 -22.67364 -18.05824 -11.36299 -7.834507 -6.060919
.987152 5.576436 10.91683 15.4407 19.60349 22.21935 23.58469 20.90133 16.39394 12.54635 4.290531 -1.362646 -4.205088 -4.620165 -3.95974 -3.443632 -4.1513 -3.741384 -4.193378 -3.065161 -3.994025 -1.596899 2.896134 7.365708 5.314816 1.847389 2.811001 5.879166 11.30043 12.37032 9.359054 4.151758 5.506725 8.6287 10.65008 10.9812 9.30927 4.212883 -.1215001 -2.585997 -7.218513 -9.984259 -9.277097 -6.413282 -4.673339 -5.143887 -4.682755 -4.371387 -5.150448 -7.177433 -7.648356 -6.69374 -6.341252 -8.583404 -13.59157 -20.16487 -22.68522 -15.16328 -8.11949 -4.240562 -5.255074 -3.754524
4.164823 6.640782 9.900989 14.16624 18.16921 18.69454 18.88708 18.84658 19.14406 18.66536 11.44596 3.432806 -1.79442 -2.769324 -3.922932 -3.713453 -5.210326 -6.862309 -7.552343 -4.29406 -2.169687 -1.04616 -.04399642 -.07239717 -.3352093 -1.507788 -1.429814 5.12946 10.72226 15.07464 13.98892 10.79583 9.354046 9.444779 10.03811 9.396544 5.573562 -.0699074 -3.361925 -5.724289 -6.990799 -7.926855 -8.400217 -8.244926 -6.883422 -5.538051 -5.445574 -2.614444 -.5279741 -3.68498 -6.403269 -8.435985 -11.708 -18.43862 -23.924 -22.01582 -19.7105 -12.37884 -1.958943 3.28609 -.6542003 -2.239711
7.926435 9.904266 11.54072 14.15813 15.71528 13.19081 11.18084 13.0576 17.82684 22.37676 19.18866 9.769801 3.661186 -.2865973 -3.076988 -2.465333 -3.027597 -6.771697 -5.601015 -4.239606 -3.353094 -2.958002 -4.258785 -6.191938 -5.231244 -2.946167 .5607731 2.859929 6.636412 11.62711 13.85429 14.06319 12.51314 12.71187 11.21244 7.938525 1.535673 -3.547671 -5.371236 -6.810928 -8.304758 -8.599409 -8.026251 -7.680282 -7.808252 -7.219953 -6.728067 -6.371873 -2.304369 .2375315 -5.084667 -13.35053 -25.90218 -28.34758 -25.75673 -23.49235 -20.00938 -8.493262 5.67871 7.870478 4.853651 2.237055
10.232 11.91977 13.64378 13.10097 12.11483 9.189877 6.234954 6.555695 10.43719 17.94424 21.3571 17.91129 9.085676 1.028163 -3.176203 -.4171686 1.890133 .5700783 -2.761082 -3.545738 -4.943746 -6.079787 -8.182473 -9.669217 -7.527309 -3.056236 1.693404 4.684571 4.190876 6.493676 12.18774 11.53484 13.11777 13.84319 12.28038 7.032978 -.4366042 -5.970712 -9.254913 -10.12108 -10.39899 -9.795957 -8.625778 -8.318798 -7.872124 -7.110606 -7.153133 -8.656871 -9.427458 -3.313137 -5.272759 -21.13247 -25.85473 -29.40747 -30.35412 -24.02855 -9.819942 2.92361 5.884381 9.287434 9.092036 5.802848
15.89798 15.78889 14.27785 13.35989 11.31949 6.34921 4.322891 3.515263 4.84098 8.959167 17.58332 20.29323 13.99429 3.899585 -1.943023 -.5883731 4.088092 7.529465 2.953139 -2.183184 -6.630795 -8.870255 -10.44369 -12.40229 -10.0987 -4.828324 1.913297 4.762651 3.821236 4.775935 8.251596 14.89161 15.30859 14.48846 10.9326 5.587049 -2.105382 -9.939657 -15.25863 -15.79552 -12.17638 -9.928702 -9.833093 -8.629619 -8.000648 -6.751878 -5.950472 -6.364357 -8.462298 -9.817455 -8.809597 -15.5866 -22.55072 -25.19187 -17.11196 -9.580645 -2.949885 .565889 3.134686 8.016166 10.97371 7.67551
25.41688 23.41902 19.20948 14.29867 7.927862 2.050516 .9401546 1.168654 2.21231 5.719553 11.30998 16.42958 18.16268 10.40316 2.446922 -1.760723 .972497 8.147951 8.574228 1.249329 -5.445247 -8.557063 -11.51329 -13.40464 -12.50046 -8.947682 -3.40948 1.832562 5.01067 6.419227 12.78903 18.09213 19.91408 16.48724 10.32578 3.071103 -5.778773 -15.5722 -20.47585 -20.04373 -13.50351 -10.54997 -9.565687 -8.870302 -6.495943 -6.359307 -4.638625 -3.429378 -5.390707 -8.403296 -12.73529 -15.7456 -18.82663 -15.20723 -10.30351 -5.497125 -4.865554 -6.425658 -4.575548 2.09329 11.48916 11.8944
29.22162 27.07375 22.2254 16.03116 6.498861 -2.313393 -3.298924 -3.171091 -.1011915 4.979911 9.812293 16.09416 18.96201 18.09536 7.875037 -1.334849 -3.794153 3.255763 8.200176 4.320199 -1.948037 -6.259371 -10.81437 -10.46513 -12.45945 -11.54271 -10.93998 -5.210573 2.1178 7.845388 13.08315 22.25383 27.64159 26.55902 13.17775 1.577318 -9.223277 -14.83772 -17.38206 -17.62195 -13.32357 -10.51915 -9.861681 -6.751019 -4.082463 -3.051225 -1.869038 -1.680413 -2.786132 -7.901748 -15.48103 -14.82432 -14.20331 -7.811882 -6.636195 -6.793258 -7.551128 -9.122368 -8.897425 -3.273344 6.661983 11.58711
29.33508 26.64144 20.62579 14.46624 5.901814 1.012125 -4.444851 -7.173332 -3.788074 .4830939 5.53864 10.62673 16.6071 19.11273 12.99073 1.869322 -3.907936 -3.501293 2.23669 4.01488 2.052082 -3.176867 -8.463901 -7.19299 -9.976354 -11.90534 -11.36334 -8.383777 -2.282234 1.124781 3.593459 13.10279 22.51584 28.62188 20.88543 6.835238 -3.824669 -9.987289 -12.94074 -14.15273 -14.27179 -11.82243 -10.55422 -8.658073 -5.010687 .9137651 1.431694 .6487755 -1.56021 -8.814981 -15.06728 -11.73922 -6.456688 -3.358208 -5.321487 -7.292119 -7.898874 -7.790728 -9.445992 -7.898177 -.3886071 6.460165
29.24036 26.19628 18.62423 11.82229 4.854536 2.679259 -4.338802 -5.748324 -4.584912 -1.713169 3.120414 6.156017 9.420073 14.47836 14.31226 6.764559 -1.99672 -3.98743 -5.115138 -.6953507 .4431516 -1.399876 -5.335506 -6.03844 -6.871022 -8.021321 -7.262355 -5.750328 -2.528678 -2.214874 -1.94314 -.3174135 6.680625 12.4171 19.19043 12.03721 4.831173 -1.547533 -7.547536 -12.18151 -12.77351 -11.34977 -10.13186 -9.081363 -5.841929 -4.281184 -2.113588 .2609172 -1.81321 -11.53944 -8.831189 -4.188049 -1.831343 -2.994935 -4.554888 -6.912708 -7.158195 -8.275091 -9.278624 -9.404232 -6.014244 .02300904
28.51973 26.10781 19.90758 11.15171 4.198335 2.590614 -.6066431 -3.743493 -4.419551 -2.528446 1.717152 4.853206 6.66643 10.01551 13.15361 11.85528 2.765792 -4.204209 -7.853179 -6.765543 -2.067325 -2.656003 -4.413713 -4.081175 -4.10925 -2.977917 -3.021476 -1.178255 -2.167087 -2.474194 -2.350181 -1.72248 -1.395458 -.1940462 5.248936 9.682959 8.157941 2.25567 -3.780314 -10.13205 -10.98495 -11.02559 -8.528842 -6.474037 -6.605166 -6.369733 -6.216763 -6.258098 -6.374029 -7.094561 -4.436479 .8998659 3.787193 -1.590338 -4.315759 -4.930026 -6.158659 -8.92631 -9.600055 -9.564645 -7.606113 -4.186577
23.51188 23.77269 20.10184 10.50048 4.947476 5.179529 3.714397 -.6530892 -3.441993 -3.951938 -4.12017 -.2494564 4.520198 8.038406 10.90202 14.16444 6.638181 -2.286771 -7.696115 -8.38402 -6.326201 -3.871008 -4.683831 -3.566215 -3.475861 1.093774 2.454434 2.17487 -1.894002 -2.303561 -.7791523 .04803235 -3.114918 -3.444743 -3.084383 1.160413 2.644399 2.392037 -1.117373 -7.308994 -10.98486 -9.847239 -6.617784 -5.556245 -6.257543 -7.087524 -8.521702 -11.01622 -13.32745 -5.899131 -2.395469 1.298618 6.43709 5.327141 -.6107987 -2.768379 -3.963402 -6.124147 -7.335045 -9.896596 -9.873317 -6.549803
