py_wake/examples/data/AJ_ParqueFicticio/Rough survey   Sector 8   Height 30m   Mean speed.grd
DSAA
73  159
 258469   265669
 6501692   6517492
 .05389789   10.15042
[rows 28 to 55 of 159, columns 0 to 62 of 73]
4.538254 4.564183 4.563019 4.555748 4.54682 4.535254 4.526442 4.520293 4.561986 4.568228 4.562227 4.550443 4.514199 4.484382 4.469161 4.452174 4.424222 4.403248 4.394281 4.394072 4.404516 4.407359 4.353192 4.317289 4.27686 4.201524 4.152318 4.125536 4.147028 4.134128 4.102586 4.070476 3.917326 3.747606 3.652588 4.000352 4.143868 3.991593 3.869276 3.658383 3.607545 3.714283 3.678298 3.62106 3.491559 3.401676 3.229131 3.012904 3.01661 3.201873 3.480463 3.906859 4.551057 4.963653 5.019453 5.519173 6.105339 6.325346 5.968194 5.250026 4.54878 3.792147 3.165985
4.507525 4.529073 4.547671 4.550004 4.54645 4.548365 4.544518 4.525715 4.553111 4.573018 4.576496 4.573111 4.567125 4.493247 4.470391 4.45678 4.431488 4.420099 4.418528 4.428213 4.44478 4.412877 4.356525 4.319936 4.282851 4.231411 4.187219 4.145954 4.141875 4.1453 4.134246 4.10493 4.044472 3.940551 4.055389 4.280126 4.114016 3.996587 3.926548 3.793498 3.755154 3.73721 3.697153 3.619761 3.573257 3.504006 3.555553 3.62212 3.811299 4.076638 4.255044 4.504607 4.92374 5.278591 5.602592 6.19797 6.715641 6.593493 6.045237 5.30892 4.539663 3.694178 3.19028
4.497134 4.510029 4.522423 4.538806 4.544408 4.543163 4.543162 4.51684 4.529157 4.548793 4.562753 4.565127 4.549272 4.442367 4.440176 4.446591 4.435238 4.427014 4.447574 4.448912 4.442983 4.404984 4.362845 4.319446 4.299237 4.259424 4.213436 4.186326 4.165667 4.191799 4.207968 4.210701 4.198776 4.046275 4.054106 4.061018 4.056708 4.042821 3.957834 3.90013 3.781386 3.675433 3.796345 3.767235 3.623502 3.669075 3.855224 4.202105 4.610019 5.015963 5.212359 5.41253 5.568189 5.82091 6.300972 6.656338 6.704506 6.264143 5.499409 4.708321 3.87295 3.338557 3.288363
4.486928 4.49796 4.510991 4.52608 4.530536 4.524056 4.525675 4.502238 4.514657 4.526571 4.536549 4.540161 4.529502 4.450105 4.421126 4.434705 4.442647 4.444963 4.463896 4.446314 4.43734 4.402416 4.368508 4.332138 4.304322 4.273715 4.24415 4.222749 4.224895 4.25154 4.223766 4.151059 4.008773 4.000701 4.022319 4.043009 4.00894 4.023792 3.935982 3.883256 3.817853 3.779593 3.828693 3.878847 3.852787 3.789814 3.881055 4.295169 4.752815 5.037656 5.384498 5.696759 6.018408 6.230003 6.43188 6.585602 6.402431 5.765971 4.817398 4.053647 3.527141 3.117046 3.95925
4.502026 4.51017 4.505904 4.516881 4.517319 4.512389 4.49769 4.498385 4.505956 4.509641 4.513402 4.511728 4.500519 4.470541 4.440082 4.442576 4.459567 4.466095 4.470474 4.454544 4.432663 4.400055 4.371696 4.341442 4.306555 4.289917 4.269496 4.281722 4.277846 4.254333 4.22392 4.16408 4.05654 4.025182 4.069965 4.088229 4.02981 3.953029 3.806801 3.82975 3.83028 3.754386 3.809864 3.930832 3.95714 4.068808 4.240725 4.333797 4.401181 4.497674 4.735441 5.047322 5.449766 5.777135 6.13158 6.225285 5.992643 5.236405 4.332669 3.7425 3.468569 3.591315 4.777869
4.541266 4.516732 4.510053 4.506352 4.508908 4.513072 4.507457 4.509746 4.502871 4.506742 4.500844 4.487999 4.475255 4.481122 4.476501 4.485828 4.48543 4.480092 4.474221 4.454649 4.430107 4.389115 4.358019 4.339583 4.310645 4.291612 4.296625 4.292988 4.292627 4.251423 4.218352 4.177808 4.104569 4.060033 4.07151 4.09015 4.012561 3.875425 3.830613 3.85097 3.755268 3.742701 3.680919 3.791942 4.026055 4.115416 4.317624 4.329397 4.261825 4.150674 4.160978 4.426291 4.786108 5.230798 5.619805 5.982255 5.599359 4.783274 4.176766 3.902924 3.80629 4.328262 5.458175
4.543843 4.517084 4.507069 4.498382 4.497034 4.495722 4.483846 4.486173 4.492556 4.495777 4.49518 4.496655 4.485452 4.529395 4.535679 4.523794 4.514082 4.503992 4.492386 4.464594 4.407273 4.36724 4.332739 4.318953 4.307931 4.306426 4.319488 4.304657 4.291306 4.254007 4.215992 4.18455 4.128586 4.094019 4.059411 4.050658 4.002448 3.918465 3.81075 3.743075 3.55698 3.54871 3.59521 3.740025 3.908654 4.133145 4.194984 4.196701 4.30985 4.566838 4.720727 4.951054 5.127096 5.293115 5.639796 5.825588 5.516302 5.171525 4.841585 4.545073 4.289097 4.973382 5.812073
4.508797 4.488769 4.488484 4.480618 4.479167 4.4627 4.465674 4.475144 4.479727 4.479595 4.488547 4.497468 4.509661 4.514896 4.536617 4.541807 4.545369 4.494719 4.49908 4.434508 4.361895 4.323757 4.305531 4.299946 4.302851 4.328046 4.329482 4.314195 4.296933 4.265061 4.222328 4.180491 4.13586 4.095271 4.032404 3.991953 4.028322 4.005105 3.771228 3.453943 3.384411 3.294899 3.427798 3.752453 3.98327 4.391088 4.582417 4.811736 5.107707 5.433782 5.803325 6.13519 6.38491 6.358011 6.242588 6.269778 6.072228 5.941688 5.387056 4.733557 4.607663 5.596012 6.221989
4.454159 4.442842 4.458761 4.471161 4.47623 4.48016 4.506678 4.484629 4.463721 4.462187 4.459541 4.474473 4.492782 4.48601 4.498013 4.514633 4.519819 4.477403 4.384033 4.376618 4.294885 4.277053 4.283873 4.301544 4.314294 4.33284 4.32656 4.315351 4.303127 4.277601 4.23319 4.178535 4.153201 4.188097 4.172257 4.120267 4.089386 4.00661 3.768118 3.647724 3.580985 3.574325 3.71271 4.02457 4.317051 4.543169 4.969846 5.36408 5.885452 6.371506 6.634808 6.814048 6.819118 6.773259 6.722427 6.607145 6.429085 6.131442 5.468491 4.89891 5.515094 6.688808 7.188018
4.408764 4.409411 4.432409 4.454272 4.479608 4.505344 4.45426 4.450856 4.448594 4.442875 4.434715 4.432779 4.454135 4.449497 4.463706 4.468764 4.452439 4.396195 4.311445 4.264697 4.236806 4.240593 4.277447 4.309552 4.303286 4.326527 4.321979 4.312342 4.300422 4.282841 4.247285 4.224086 4.235598 4.255662 4.275703 4.264284 4.133451 3.961692 3.902652 3.704986 3.847793 4.192691 4.423038 4.539835 4.737796 4.709893 4.925116 5.312488 5.6498 5.913339 6.006044 6.114552 6.182859 6.181864 6.363602 6.579856 6.434207 6.123494 5.699536 5.60694 6.902749 8.042801 8.436099
4.444408 4.419011 4.427861 4.436491 4.440608 4.441927 4.406988 4.423708 4.433492 4.434457 4.419089 4.404884 4.416537 4.47739 4.461143 4.436925 4.395172 4.334249 4.251175 4.206833 4.254978 4.27371 4.305857 4.327099 4.317289 4.329533 4.324266 4.312433 4.291022 4.270835 4.234085 4.245664 4.292476 4.316037 4.351723 4.262108 4.076483 4.009616 3.926237 3.85883 4.067205 4.4613 4.826168 5.123686 5.192433 5.259583 4.983197 4.77791 4.817867 4.752297 4.786509 4.933808 5.139283 5.523711 5.946311 6.333591 6.440759 6.262152 6.238433 6.917931 8.473357 8.886744 9.028298
4.457795 4.448512 4.444658 4.445951 4.43343 4.414024 4.458447 4.437274 4.438599 4.442724 4.44183 4.43465 4.520231 4.516205 4.468059 4.432504 4.388427 4.341003 4.287925 4.331217 4.380886 4.351158 4.354672 4.368354 4.35109 4.330881 4.319806 4.305914 4.286314 4.270092 4.272892 4.29505 4.334477 4.37326 4.376915 4.35414 4.214924 4.0889 3.843917 3.959566 4.242322 4.746235 5.146282 5.448623 5.666794 5.586756 5.439841 5.472588 5.076012 4.84472 4.877132 5.088582 5.40685 5.682817 6.190246 6.756654 6.709207 6.741862 7.268048 8.239484 8.88161 9.166347 8.751452
4.49898 4.469127 4.453846 4.465255 4.477355 4.494836 4.490671 4.452014 4.444676 4.455764 4.482033 4.519964 4.554593 4.484745 4.446326 4.415734 4.397761 4.385122 4.36905 4.414826 4.421703 4.373591 4.365932 4.373505 4.319766 4.294612 4.296253 4.306065 4.308888 4.333471 4.378137 4.382648 4.384429 4.413178 4.439997 4.471069 4.379838 4.176433 4.005175 4.351315 4.809039 5.371659 5.72604 5.994615 6.164979 6.178565 6.130762 6.353901 6.153466 6.065378 6.214714 6.442228 6.784221 7.07194 7.258135 7.199796 7.257174 7.403972 8.007685 8.580122 8.67944 8.464394 8.010209
4.536771 4.482613 4.451432 4.451025 4.479594 4.443858 4.424454 4.411517 4.410611 4.434653 4.472798 4.479899 4.427092 4.377919 4.381849 4.388823 4.396993 4.401421 4.38024 4.397959 4.399283 4.375877 4.32882 4.288551 4.290262 4.266231 4.31457 4.353664 4.371353 4.414832 4.447404 4.459704 4.479045 4.50488 4.521527 4.58396 4.576315 4.266475 4.490744 4.977761 5.531755 6.08356 6.35527 6.665858 6.899596 7.090837 6.958861 6.91938 7.004642 7.162082 7.517085 7.65996 7.798937 7.787354 7.634121 7.566691 7.401377 7.727647 7.929942 7.857262 7.340621 6.876568 6.754641
4.496126 4.494159 4.462186 4.421592 4.425395 4.448432 4.393095 4.343117 4.349916 4.375783 4.388303 4.372337 4.315791 4.323285 4.350043 4.362386 4.384853 4.391676 4.387908 4.356517 4.35276 4.353033 4.324838 4.314893 4.362333 4.388844 4.387227 4.410149 4.425034 4.441091 4.467345 4.493989 4.505814 4.576352 4.644173 4.676347 4.573062 4.62749 4.978369 5.356787 5.748937 5.979615 6.221529 6.633099 6.981547 7.133598 6.928097 6.532868 6.686691 7.063335 7.444418 7.679143 7.660886 7.390174 7.050185 7.164637 7.308219 7.693999 7.752078 7.273242 6.601111 6.092866 5.71872
4.474521 4.455284 4.45997 4.416458 4.420811 4.416576 4.379392 4.283443 4.312162 4.344256 4.347979 4.333272 4.349691 4.38559 4.371145 4.353752 4.354731 4.353815 4.360799 4.312081 4.304651 4.339659 4.389885 4.442886 4.453714 4.432055 4.420672 4.428467 4.434191 4.461077 4.489123 4.507878 4.57961 4.6396 4.709203 4.72655 4.718635 4.74703 4.951123 5.234013 5.362369 5.4619 5.753294 6.142109 6.273377 6.079779 5.372728 5.201513 5.58107 5.981593 6.3241 6.27146 5.966823 5.665972 5.846719 6.627566 7.392093 7.645011 7.344836 6.783674 6.16608 5.588063 4.998201
4.458541 4.439163 4.422767 4.410292 4.361032 4.32515 4.31039 4.279085 4.323323 4.357347 4.387918 4.438305 4.454211 4.429395 4.374422 4.346804 4.3188 4.300197 4.290857 4.302994 4.276873 4.326171 4.374679 4.363764 4.362671 4.356662 4.397859 4.443178 4.46961 4.523175 4.514938 4.539096 4.638522 4.679007 4.703536 4.729275 4.761023 4.756541 4.872292 4.971856 4.934142 5.078811 5.187066 5.109618 4.668792 4.035663 3.629755 3.776404 4.118688 4.455344 4.546716 4.530597 4.582272 4.987782 5.769776 6.742672 7.337149 7.536577 7.038627 6.286779 5.597748 5.003123 4.616993
4.43592 4.435798 4.410248 4.396545 4.381541 4.356091 4.368208 4.328556 4.346484 4.392085 4.451403 4.474904 4.476844 4.429419 4.369838 4.323519 4.294604 4.266418 4.242693 4.255744 4.281757 4.288837 4.285495 4.253555 4.227108 4.262754 4.336998 4.395072 4.450025 4.43408 4.455879 4.540647 4.579943 4.611604 4.637905 4.68462 4.746678 4.776814 4.846995 4.819888 4.798456 4.786373 4.544031 4.135142 3.775263 3.680868 4.185577 4.708561 5.058558 5.000555 5.025462 4.970541 5.267828 6.005695 7.003489 7.420497 7.400278 6.854251 6.272439 5.884193 5.461308 5.109865 4.960467
4.426208 4.432931 4.426636 4.370622 4.392174 4.398818 4.395956 4.362405 4.36425 4.404456 4.465036 4.446623 4.446653 4.401774 4.3155 4.283447 4.271317 4.255916 4.240092 4.321598 4.311422 4.284388 4.261592 4.222874 4.247124 4.295255 4.278921 4.304698 4.324815 4.329889 4.307027 4.370893 4.411762 4.496459 4.552785 4.618139 4.694897 4.759913 4.769763 4.891136 4.962841 4.851243 4.599415 4.728135 5.256317 5.915197 6.352287 6.707841 6.533316 6.434291 6.116665 6.130882 6.556156 7.392785 8.049835 7.924187 7.355125 6.326506 5.459953 5.065984 5.139775 5.246093 5.32047
4.40658 4.414598 4.411253 4.306736 4.307262 4.381486 4.4045 4.390414 4.383764 4.416535 4.450902 4.443777 4.425014 4.339141 4.234282 4.225034 4.240316 4.264726 4.288332 4.329824 4.284778 4.285343 4.310092 4.359672 4.371341 4.264651 4.182343 4.18067 4.187968 4.170208 4.210998 4.234026 4.244444 4.386037 4.406011 4.565202 4.655159 4.773598 4.842102 4.994949 5.207357 5.456919 5.7252 6.003644 6.406171 6.636273 6.48351 6.059309 5.575612 5.454314 5.687257 6.53886 7.605861 8.141224 8.262252 7.853782 7.224356 6.259463 5.453855 4.823342 4.480587 4.486339 4.72383
4.381162 4.367529 4.359371 4.297587 4.275139 4.346081 4.386214 4.416048 4.438885 4.398767 4.439114 4.402656 4.356966 4.277616 4.145806 4.165679 4.193259 4.23911 4.278195 4.20831 4.184652 4.216739 4.253412 4.23304 4.171885 4.099097 4.029419 4.077643 4.113118 4.149906 4.254955 4.255391 4.243896 4.339789 4.399099 4.513924 4.682099 4.773587 4.883832 5.045727 5.274681 5.510493 5.711 5.952509 5.994844 5.650817 4.944607 4.542043 4.567558 4.937529 5.868872 7.203906 7.986423 8.20229 7.802885 7.169681 6.590436 6.22092 5.515612 4.881263 4.637146 4.202239 3.874779
4.366303 4.336714 4.290802 4.265779 4.291989 4.326161 4.389691 4.419317 4.419006 4.357802 4.282901 4.31058 4.223419 4.123906 4.118165 4.145559 4.161303 4.15385 4.158274 4.123993 4.088893 4.112725 4.109292 4.052664 3.950667 3.919831 3.961233 4.010449 4.054049 4.10345 4.246661 4.355585 4.453774 4.505639 4.494183 4.615951 4.690028 4.715148 4.791042 4.874519 4.945201 4.97544 4.900794 4.838686 4.587491 4.30875 4.247504 4.663838 5.485425 6.346621 7.236089 7.712283 7.82785 7.476183 6.733458 6.066637 5.767066 5.538208 5.059204 5.044986 4.597789 4.331779 3.998859
4.343395 4.331286 4.300901 4.364233 4.365159 4.377898 4.397643 4.446151 4.406509 4.344093 4.259971 4.183828 4.145643 4.186518 4.205013 4.186669 4.183858 4.130899 4.109702 4.114377 4.079483 4.067039 4.057581 4.018385 4.03203 4.097766 4.028068 4.001032 4.014813 4.1203 4.185248 4.265635 4.312654 4.263399 4.370862 4.515478 4.571539 4.53167 4.604482 4.659673 4.632084 4.633997 4.590475 4.47977 4.424293 4.553085 5.167753 6.012793 6.768835 7.299979 7.524285 7.484452 7.272074 6.603969 5.99693 5.299426 4.968464 4.940201 4.71985 4.662851 4.650957 4.464811 4.413084
4.312831 4.341233 4.339576 4.392445 4.408328 4.419515 4.442166 4.407318 4.393089 4.356688 4.292951 4.258276 4.247867 4.238928 4.22443 4.21809 4.235714 4.19398 4.204499 4.211295 4.139555 4.077825 4.062495 4.045409 4.123598 4.155686 4.094069 4.033396 4.077164 4.128659 4.130335 4.101296 4.077086 3.996506 4.13591 4.264542 4.281812 4.231382 4.351779 4.457833 4.498561 4.710292 4.819207 5.024953 5.321045 5.800706 6.316636 6.750029 6.902737 6.894395 6.827336 6.813268 6.477328 5.848508 5.450916 5.021431 4.611342 4.366138 4.261219 4.353093 4.355725 4.552301 4.690319
4.29534 4.326549 4.321038 4.363821 4.396244 4.418931 4.43282 4.376277 4.35718 4.363973 4.337063 4.307769 4.279161 4.248558 4.219477 4.191907 4.193539 4.173459 4.13181 4.218603 4.222934 4.149643 4.117484 4.166864 4.177993 4.185315 4.178094 4.173983 4.147279 4.1191 4.099987 4.059455 3.952614 3.933691 3.924351 3.914171 3.907735 4.094374 4.201113 4.191501 4.364975 4.583439 4.770692 5.087748 5.557141 6.100056 6.417029 6.483401 6.390755 6.313615 6.360211 6.422739 6.004223 5.483286 5.164001 4.835906 4.578766 4.327219 4.113914 4.179724 4.235653 4.264026 4.345736
4.307467 4.320683 4.350867 4.379989 4.400041 4.412436 4.433894 4.39058 4.362087 4.346394 4.356438 4.329491 4.290376 4.254807 4.215044 4.179774 4.151245 4.106537 4.136595 4.202098 4.289551 4.238443 4.211872 4.226931 4.236659 4.249907 4.224948 4.215087 4.149964 4.082716 4.10989 4.143865 4.11453 4.066492 4.035522 4.187678 4.319601 4.28124 4.230608 4.510954 4.37517 4.386165 4.672229 4.930481 5.302284 5.666719 5.812446 5.891122 5.977449 6.176669 6.387414 6.375605 5.788835 5.294244 4.894863 4.542042 4.528938 4.671611 4.55387 4.284811 4.249723 3.958548 3.959223
4.342179 4.37604 4.407852 4.407312 4.4185 4.452645 4.453871 4.411465 4.374485 4.358312 4.364571 4.339824 4.295397 4.256334 4.236963 4.197118 4.211886 4.213918 4.179911 4.174303 4.209465 4.175773 4.061092 4.180643 4.265234 4.235777 4.240948 4.201408 4.034818 4.03728 4.071599 4.155864 4.154314 4.328868 4.525972 4.72369 4.80237 4.806629 4.892751 4.941435 5.108761 4.926243 4.901892 4.992191 5.213244 5.401961 5.599081 5.84089 6.07678 6.229596 6.058416 5.881563 5.529294 5.088206 4.612347 4.477441 4.634038 4.911294 4.84655 4.669168 4.159424 3.930882 4.116945
4.411777 4.446771 4.453565 4.441431 4.432158 4.469265 4.449012 4.413402 4.388054 4.361223 4.346475 4.349737 4.304477 4.269277 4.26593 4.208099 4.255 4.245175 4.207053 4.168295 4.141612 4.084488 4.06258 4.147592 4.222838 4.18584 4.208463 4.188905 4.013909 4.028927 4.298523 4.644583 4.615908 4.779249 4.990463 5.144043 5.376549 5.430634 5.440072 5.528998 5.686275 5.750835 5.664286 5.624391 5.572728 5.522742 5.667365 5.77512 5.80427 5.59701 5.384446 5.410213 5.232977 4.841318 4.337451 4.187393 4.475581 4.918346 4.850252 4.588978 4.329061 4.092982 4.031783
