py_wake/examples/data/AJ_ParqueFicticio/Rough survey   Sector 5   Height 30m   Orographic speed.grd
DSAA
73  159
 258469   265669
 6501692   6517492
 .2180282   2.038777
[rows 28 to 55 of 159, columns 0 to 62 of 73]
1.018238 1.016108 1.014227 1.013551 1.014905 1.016693 1.019883 1.021367 1.018476 1.020309 1.026216 1.033772 1.043389 1.052914 1.055855 1.061499 1.068698 1.073053 1.076118 1.074763 1.065683 1.057487 1.068112 1.077974 1.085929 1.084711 1.075789 1.058791 1.060182 1.060503 1.061363 1.061742 1.04841 .9951012 .9783465 1.002128 1.023552 1.029825 1.051393 1.020757 .9449543 .9148659 .9438289 1.055872 1.1681 1.21998 1.228692 1.262711 1.319865 1.352688 1.328945 1.347919 1.506729 1.600203 1.402778 1.334567 1.494934 1.56796 1.416051 1.178504 1.05409 .9940855 .9130554
1.015969 1.01612 1.014231 1.013832 1.013939 1.013668 1.015196 1.019929 1.021338 1.021899 1.023391 1.028645 1.03606 1.055197 1.060806 1.064533 1.068646 1.07317 1.075454 1.074286 1.064234 1.055494 1.062735 1.073063 1.081111 1.081213 1.073882 1.067544 1.065042 1.066801 1.067758 1.063086 1.036997 .9804186 .9528654 .9928862 1.030846 1.036566 1.044159 1.022377 .9566387 .9302028 .9614751 1.010439 1.08899 1.186442 1.237373 1.280776 1.357902 1.423842 1.415981 1.40309 1.49567 1.63573 1.56431 1.475549 1.519341 1.529026 1.354319 1.18089 1.088524 1.015594 .9658914
1.011338 1.011959 1.011641 1.011435 1.010557 1.011566 1.011819 1.018051 1.020458 1.018704 1.019776 1.020552 1.023962 1.048371 1.057858 1.063023 1.06775 1.071602 1.072556 1.068398 1.064065 1.061799 1.064264 1.071329 1.075389 1.077397 1.076519 1.070807 1.066152 1.065747 1.064959 1.065947 1.031314 .9743135 .9720426 1.005235 1.020491 1.026635 1.042729 1.036993 .9914394 .9487623 .9579985 1.014156 1.052248 1.093939 1.164053 1.250006 1.345657 1.453551 1.515871 1.557303 1.577842 1.66973 1.703967 1.622391 1.613757 1.476536 1.277928 1.13082 1.035158 .9799646 1.039449
1.007383 1.007691 1.007799 1.008101 1.006881 1.008168 1.008358 1.014558 1.014134 1.014584 1.014118 1.014785 1.017426 1.036358 1.053437 1.060213 1.065228 1.070042 1.068841 1.064426 1.064419 1.06517 1.066543 1.068916 1.072478 1.076093 1.074812 1.07461 1.061766 1.058337 1.05974 1.070154 1.058903 1.013652 1.007136 1.002151 1.005182 1.007357 1.029171 1.057368 1.021379 .9654309 .9542894 .9938589 1.055392 1.082726 1.088603 1.119822 1.208448 1.346899 1.49042 1.614784 1.699613 1.755417 1.816422 1.787765 1.721766 1.470821 1.225492 1.077948 .9662616 .9494402 1.03726
.9974752 1.001058 1.003674 1.005209 1.005971 1.007624 1.008802 1.008199 1.00912 1.010168 1.010184 1.010597 1.011049 1.02037 1.039205 1.049774 1.058326 1.068843 1.065289 1.062233 1.064032 1.066362 1.068006 1.06878 1.071247 1.07012 1.071245 1.070465 1.060225 1.048609 1.055783 1.060681 1.049544 1.027435 1.007262 1.006569 .9994722 .9855894 1.014387 1.046556 1.048671 .9917504 .9496186 .9519219 1.009059 1.093921 1.140143 1.118264 1.114188 1.176669 1.29254 1.451061 1.625248 1.799673 1.92508 1.922902 1.782806 1.496166 1.235923 1.042612 .9085676 .9351074 1.097787
.995542 .998821 1.001742 1.003772 1.006443 1.007028 1.009338 1.008698 1.009487 1.008718 1.008816 1.009152 1.010095 1.011401 1.025252 1.037103 1.049685 1.064578 1.060424 1.062322 1.06429 1.067462 1.068932 1.069108 1.070247 1.068652 1.060619 1.059025 1.057648 1.051556 1.053903 1.054224 1.04509 1.026515 1.010788 1.016483 1.018257 .9828086 .9934826 1.018728 1.058424 1.042984 .9797392 .9142053 .9189657 1.019611 1.14087 1.19499 1.184122 1.216107 1.268118 1.34466 1.464699 1.639442 1.896151 2.022965 1.833081 1.531052 1.259207 1.036214 .8701645 .9017984 1.180589
1.003471 1.003995 1.004613 1.003862 1.004509 1.004326 1.007959 1.009571 1.009537 1.00943 1.008516 1.008842 1.010036 1.007702 1.01652 1.029691 1.043884 1.058156 1.056113 1.05968 1.064049 1.064669 1.066602 1.066736 1.065777 1.0627 1.052754 1.052676 1.054353 1.055356 1.05434 1.052595 1.046869 1.027756 1.005117 1.002899 1.037656 1.00469 .9835732 .9981674 1.066887 1.083306 1.048551 .9412948 .8436055 .9135075 1.074221 1.190482 1.214093 1.280907 1.355251 1.454932 1.505605 1.579774 1.78048 1.997675 1.91733 1.590279 1.286322 1.084758 .9279234 .9167218 1.179893
1.005347 1.006239 1.005266 1.005988 1.005206 1.005545 1.005419 1.004907 1.005929 1.006072 1.004447 1.0038 1.00187 1.010258 1.017831 1.02369 1.032398 1.053013 1.048869 1.052903 1.058321 1.059892 1.060773 1.061722 1.061575 1.055612 1.049954 1.051412 1.052141 1.053838 1.053112 1.050477 1.04785 1.037175 1.018536 .9913378 1.008691 1.019151 .9960756 1.021271 1.064578 1.110276 1.115694 1.031193 .8407352 .7828749 .9687288 1.152545 1.2319 1.286713 1.384222 1.549629 1.646943 1.684293 1.798329 1.956123 1.905696 1.646547 1.34932 1.150544 1.055166 1.03834 1.186803
1.003475 1.00377 1.002011 1.002369 1.004707 1.009268 1.002141 1.00385 1.004911 1.004485 1.002435 .9988718 .9959645 1.004575 1.011821 1.01562 1.02229 1.03538 1.042478 1.039299 1.04984 1.052047 1.053196 1.054536 1.058259 1.050678 1.050581 1.049894 1.05001 1.051007 1.052244 1.049073 1.041792 1.041472 1.020943 .9901791 .9826074 1.014186 1.025242 1.033436 1.113458 1.191566 1.204356 1.148686 .9237067 .6914451 .7741701 1.021477 1.187244 1.289173 1.361436 1.540869 1.72979 1.825464 1.882523 1.982815 1.91463 1.638446 1.349783 1.188499 1.207502 1.229666 1.274507
.9914702 .9939419 .9956024 .9965042 .996498 .9987175 1.010157 1.00963 1.007466 1.004488 1.003314 .9995651 .993481 .9985143 1.003104 1.006515 1.011659 1.016076 1.026367 1.02516 1.032268 1.039191 1.039922 1.042911 1.05458 1.049459 1.048747 1.046971 1.046975 1.043945 1.044606 1.045474 1.042482 1.04081 1.027965 .9908331 .9487912 .9906383 1.013271 1.0275 1.118537 1.27208 1.352483 1.343002 1.163307 .7644395 .6142288 .7706627 .9934726 1.167377 1.264275 1.401865 1.633029 1.81196 1.943253 2.032237 1.954097 1.630196 1.309788 1.202744 1.268905 1.370881 1.40357
.9799197 .9875703 .9902317 .9926602 .9931263 .9926046 1.001843 1.003472 1.005636 1.007348 1.009291 1.007171 1.000408 .9873755 .9933572 .9987168 1.005333 1.011899 1.020595 1.016061 1.002604 1.01544 1.023939 1.032369 1.045632 1.043715 1.045508 1.044136 1.04079 1.035794 1.030995 1.040685 1.041735 1.036389 1.030775 1.013977 .9563463 .9425492 .96214 1.012965 1.061973 1.208389 1.38829 1.479867 1.428268 1.051802 .7171631 .7228668 .7752621 .9755799 1.151448 1.248525 1.430039 1.627726 1.875329 2.038777 1.972259 1.62359 1.27113 1.157929 1.207698 1.387643 1.472056
.9825488 .9877399 .9918 .9951633 1.000461 1.003218 .9905359 .9987001 1.004378 1.007623 1.011361 1.013181 .9916965 .9884319 .993511 .9999331 1.006451 1.014821 1.024133 1.009398 .9905471 .9983856 1.008832 1.020252 1.035597 1.041596 1.041199 1.039266 1.037721 1.029329 1.020238 1.026605 1.029542 1.028241 1.023764 1.004625 .9474622 .9189681 .9320487 .9924496 1.040164 1.125704 1.280617 1.46737 1.556911 1.342146 1.001791 .9261634 .8271254 .8744329 1.101745 1.251037 1.380594 1.517468 1.730429 1.950395 1.980293 1.646826 1.264581 1.093865 1.115609 1.241667 1.435879
.9772022 .985145 .9906216 .9942355 .9989302 .9984537 .9986797 1.002493 1.004515 1.005942 1.006039 1.002651 .9967514 .9988461 .9989526 .9992661 1.003112 1.007365 1.012636 1.013807 1.002689 1.002236 1.002351 1.005761 1.024694 1.0319 1.030972 1.029646 1.027298 1.019357 1.014599 1.020499 1.022586 1.021027 1.019446 .9931354 .9348018 .8900279 .9106699 .9683384 1.034392 1.11765 1.215214 1.398207 1.54087 1.494222 1.231357 1.165848 1.097597 .9823325 1.083183 1.249266 1.400482 1.517856 1.686209 1.897794 1.925431 1.712106 1.335101 1.077726 .9847136 1.085329 1.273751
.9865987 .990079 .9936031 .9911533 .9874247 .9932792 1.001444 1.005729 1.005825 1.001897 .995034 .994675 .9923621 .9948517 .9934058 .9931625 .9932606 .9936868 1.002602 1.011686 1.014812 1.013658 1.015116 1.005956 .9957789 1.0071 1.011434 1.013258 1.014142 1.008814 1.010876 1.015004 1.017203 1.014857 1.017601 .9952469 .9178066 .848057 .8432223 .9075555 1.000995 1.098823 1.187295 1.352123 1.492572 1.51371 1.359129 1.275646 1.284449 1.227994 1.205463 1.266317 1.389652 1.529163 1.707945 1.867408 1.894237 1.770646 1.476851 1.16166 .921538 .8937747 1.030394
1.001019 1.002703 1.00498 1.001664 .9857213 .9806212 .9937389 1.001624 .9999221 .9963402 .990925 .9868272 .9862611 .9834455 .985382 .9855136 .9840754 .9840077 .9881849 1.005906 1.015005 1.02003 1.027106 1.025297 .9880723 .9770413 .9866893 .9911327 .9956327 1.002949 1.003963 1.004051 1.008065 1.009944 1.008359 .9885473 .9361397 .8271292 .7670721 .8317385 .9288179 1.015171 1.096386 1.240633 1.344401 1.429 1.339517 1.245729 1.337598 1.331391 1.320869 1.346758 1.421994 1.513663 1.661554 1.826635 1.903436 1.829048 1.634385 1.338273 1.053919 .8200157 .8273396
1.009707 1.014145 1.019941 1.025617 .997887 .9681185 .9691432 .9949369 .9968781 .9975674 1.001082 .9948388 .9832508 .9741114 .9772596 .979695 .9797236 .9778432 .9758577 .9868038 1.004872 1.009156 1.012094 1.014858 .9982047 .9838377 .9816837 .9798108 .9775773 .9836787 .9914997 .9925885 .9882268 .9941008 .9989972 .9697666 .92308 .8449277 .7491601 .7427207 .8205456 .9175755 .9715329 1.111864 1.215436 1.259112 1.217527 1.121314 1.157153 1.220185 1.246706 1.275994 1.383086 1.451959 1.58835 1.805793 1.871375 1.856027 1.685555 1.446225 1.240426 .9842736 .7958727
1.01272 1.017573 1.022991 1.036328 1.02847 .9990453 .9689505 .9770875 .9841221 .9930756 1.003566 .9945557 .9739854 .9717813 .9761964 .9794341 .9787621 .9769101 .9744767 .9682813 .9859744 .9892929 .9897681 .997966 .9948872 .9879711 .9786846 .9702255 .9673027 .9707448 .978423 .981599 .9766411 .9823239 .991653 .9644299 .9301511 .8807096 .7896692 .7541843 .7374317 .8599136 .9609499 1.0267 1.122956 1.186223 1.173935 1.060788 1.03348 1.132236 1.158742 1.172123 1.275964 1.435571 1.545181 1.763631 1.795412 1.744098 1.661444 1.520796 1.359606 1.154709 .9499598
1.014173 1.016078 1.022614 1.036172 1.042983 1.019836 .9870198 .9767744 .9783638 .9813882 .9870684 .990238 .9838566 .9818979 .9836769 .9843647 .9831875 .9830247 .9788584 .9665174 .9684991 .9762891 .9779661 .9808336 .9761947 .9758304 .9678987 .9567364 .9438084 .9408947 .9516112 .953245 .951853 .9497131 .9848214 .9605203 .9269716 .8868744 .8599203 .8367335 .7667786 .817774 .931502 .9869891 1.101889 1.169686 1.172394 1.173673 1.127217 1.155847 1.196442 1.221997 1.257408 1.418186 1.565413 1.73091 1.759541 1.595458 1.514213 1.496426 1.458541 1.369925 1.210149
1.01046 1.013725 1.024374 1.038639 1.041845 1.029577 1.006832 .9977471 .9930115 .9766915 .9728051 .982746 .9853487 .9880698 .9889461 .9854934 .9835469 .9839919 .9840801 .9664667 .9708089 .9800946 .989094 .9917229 .9685719 .9596182 .9618849 .9511944 .9364844 .9180803 .9197272 .9224931 .9091485 .8999782 .946393 .9453829 .910033 .8694032 .868975 .890408 .8681728 .8641778 .9244251 1.008651 1.110816 1.161477 1.174568 1.21306 1.232865 1.266616 1.286813 1.336005 1.328656 1.40626 1.54643 1.712755 1.79584 1.631749 1.403707 1.339151 1.324224 1.34372 1.367087
1.00476 1.006806 1.011397 1.035891 1.039088 1.032614 1.023513 1.01925 1.019175 .9918078 .9536107 .9660566 .975216 .9814925 .9843462 .9802088 .9777542 .9761236 .9754195 .9790159 .9843897 .9852248 .9881967 .9837123 .9663922 .966298 .9623803 .9494079 .9372821 .9243965 .8984814 .9056621 .8919615 .8595393 .8957734 .9019511 .8784201 .8435298 .8214287 .872378 .8962518 .9096787 .9481968 .9937139 1.078375 1.163979 1.15586 1.17879 1.220093 1.245149 1.272726 1.376483 1.435301 1.463939 1.519219 1.626589 1.790367 1.796633 1.569052 1.364641 1.203953 1.171194 1.22571
1.003473 1.005559 1.007568 1.020885 1.033259 1.03086 1.027978 1.028226 1.033366 1.017017 .9680604 .9491748 .9567583 .9598041 .9740277 .9730703 .9713848 .9650886 .9615437 .9792597 .9843662 .9794046 .9724819 .9728135 .9666823 .9628607 .959791 .9498288 .9424039 .9311945 .9168097 .9252486 .9187149 .8668551 .8793781 .8884223 .849136 .822782 .7735709 .8115109 .8508059 .872575 .8970412 .9768217 1.059548 1.123458 1.150555 1.15449 1.180405 1.216056 1.244019 1.302089 1.419073 1.484146 1.513878 1.48604 1.627399 1.744897 1.734281 1.695625 1.436239 1.166576 1.082523
1.012568 1.016898 1.017406 1.014282 1.02176 1.026905 1.029454 1.034036 1.036194 1.034994 1.01044 .9680934 .9512113 .9567696 .9627623 .9710475 .9721324 .9676327 .9572187 .9591804 .9716374 .970043 .9694632 .9750059 .9830129 .9632035 .9576365 .9560264 .9486611 .9339211 .9195926 .9120822 .9144907 .8912495 .8873714 .8828081 .8553149 .8231024 .7658431 .7669226 .7704136 .8129537 .8341548 .883132 .9517738 1.067214 1.099054 1.177054 1.197045 1.227502 1.279093 1.31784 1.373333 1.451156 1.503431 1.394302 1.421507 1.542668 1.580914 1.743283 1.788603 1.51994 1.236559
1.017085 1.024234 1.031565 1.010674 1.014474 1.02376 1.032187 1.041094 1.038034 1.03872 1.025313 1.004115 .9753523 .9562674 .9563726 .9668717 .978047 .9900432 .9773563 .9564913 .9659989 .9720953 .9773851 .9847276 .9835332 .967512 .9676705 .9653019 .963107 .94199 .9235426 .8964819 .8802447 .8964155 .8878722 .8771185 .8473671 .820004 .7731435 .7529427 .7559617 .7899954 .8366641 .84817 .909068 .9955617 1.05031 1.107862 1.167767 1.24393 1.359873 1.417611 1.314237 1.374366 1.538733 1.428942 1.282583 1.315724 1.30242 1.515679 1.791164 1.819234 1.595569
1.01255 1.016992 1.026602 1.021506 1.0178 1.021036 1.033963 1.042438 1.040082 1.037104 1.025273 1.005722 .9789227 .9619754 .960053 .9623292 .9652166 .9842352 .9896254 .9718351 .9774851 .9812883 .9802378 .9860822 .9847204 .9823864 .9851044 .9831888 .9637092 .9617838 .9538283 .9273197 .8767647 .873321 .8776461 .8594979 .8168963 .8101723 .773438 .7284752 .7359783 .7505348 .8303292 .8564988 .8939409 .968453 1.015496 1.072149 1.159686 1.243182 1.390066 1.489085 1.329035 1.230242 1.497519 1.57728 1.337363 1.181964 1.100475 1.190391 1.534682 1.769071 1.773478
1.008139 1.011587 1.023256 1.02209 1.020727 1.020844 1.029217 1.040682 1.036671 1.033604 1.021293 1.002607 .9883045 .9760875 .9717851 .96832 .9563763 .9617071 .9844077 .9805519 .9854256 .9943938 .980737 .9811602 .9863425 .9880873 .9893513 .9835894 .9820158 .9845165 .9881527 .9665518 .926535 .8863127 .9076228 .8842428 .8218671 .7763177 .7805828 .762339 .7161882 .6583406 .729363 .777626 .8324966 .9279099 1.008254 1.047922 1.140759 1.230651 1.429684 1.539117 1.371497 1.097384 1.31457 1.649549 1.576019 1.287353 .9971175 .9488978 1.234882 1.537026 1.68431
1.010066 1.015213 1.017806 1.019244 1.022536 1.026748 1.033338 1.03059 1.030666 1.027241 1.019882 1.007504 .9952116 .9870227 .9861051 .9865617 .9710165 .9619217 .9669305 .9688299 .9674878 .9935437 .9955234 .9874198 .9895961 .9887527 .9893076 .9914728 1.001052 1.016038 1.017008 .9831383 .9341539 .9363306 .9764169 .9486061 .8415499 .7711297 .7736098 .8101848 .7906727 .6848556 .6504012 .6812611 .7481582 .8445773 .9386458 1.006562 1.1004 1.203258 1.415546 1.573494 1.446708 1.072168 1.090896 1.55196 1.723196 1.579816 1.15363 .8387424 .9675632 1.316953 1.566794
1.01821 1.01582 1.012635 1.018343 1.024089 1.030908 1.029346 1.026996 1.026763 1.024157 1.020584 1.012002 1.002196 .9920512 .9881988 .9954518 .9835145 .9671931 .9680049 .9659868 .9540764 .9600174 .992417 .9874238 .9837704 .9948655 .9922106 .9935982 1.019945 1.063567 1.060075 .9954235 .9270257 .9489412 1.009633 1.046825 .9731198 .8053476 .7046306 .8383779 .8640217 .7844461 .7074406 .6477802 .6923361 .798677 .8597681 .9243823 1.080663 1.186169 1.354416 1.559163 1.495412 1.137981 .9898763 1.305028 1.651626 1.722973 1.413145 .963554 .8513628 1.124962 1.481553
1.015054 1.016367 1.019294 1.023081 1.028613 1.033214 1.0275 1.026451 1.024652 1.022762 1.020074 1.015445 1.01023 .9963102 .9784793 .9913748 .9901317 .981399 .9812707 .985804 .971374 .9464355 .9672635 .9709722 .9749259 .9877036 .9840747 .9851458 1.032637 1.091481 1.130142 1.033898 .9141994 .9488837 .9990679 1.0803 1.067943 .9252548 .715058 .7614998 .9003816 .8804986 .8199673 .7276633 .6970466 .7849048 .8276786 .8361315 .9900443 1.129743 1.319633 1.519813 1.483959 1.170255 .9545467 1.185296 1.550363 1.666939 1.489617 1.145116 .8566682 1.023564 1.48502
