py_wake/examples/data/AJ_ParqueFicticio/Rough survey   Sector 5   Height 30m   Power density.grd
DSAA
73  159
 258469   265669
 6501692   6517492
 .01172314   1241.924
[rows 84 to 111 of 159, columns 0 to 62 of 73]
183.5182 177.3871 177.0415 176.3249 176.6438 178.4357 181.4116 184.0672 186.0035 185.2834 180.7044 171.4939 160.1435 155.391 156.077 145.4222 132.9062 125.366 123.5143 132.6516 149.2223 157.9056 165.1243 176.8507 202.1609 225.6159 225.6522 227.7681 241.7882 252.3078 233.3567 223.0513 222.4682 185.5202 177.8541 142.1569 147.7956 162.9777 166.8799 173.8223 178.5313 161.7361 130.6126 102.092 111.5692 108.9661 85.98006 79.18508 70.03625 88.27685 144.272 164.8012 175.5261 183.4883 188.0053 170.1585 146.7871 125.4311 102.8115 81.99616 67.20181 62.17582 57.54491
187.7513 181.8105 177.9436 177.6922 177.2548 181.7846 183.7343 188.7678 189.5015 188.8563 182.5274 175.7719 168.7021 154.3676 153.4676 149.903 143.3447 135.3082 118.788 116.4392 127.916 132.8272 145.4585 157.2613 202.361 256.8199 270.5432 261.2427 236.8911 223.2362 188.5471 182.4698 205.9601 183.4967 169.1884 127.0538 135.237 172.598 193.8268 201.3565 201.2246 173.1314 153.7253 120.2997 109.2223 118.7585 93.93082 75.42956 60.41051 55.09879 84.1114 150.7771 177.8858 185.7336 201.6166 197.5715 170.675 138.2178 112.6008 88.63787 65.57576 54.69717 43.53185
176.8527 176.1553 177.224 178.1879 179.7466 182.4358 186.9297 188.6669 193.3592 191.4044 186.8967 182.377 174.5646 160.5261 152.612 149.8466 150.6051 141.3819 128.2686 120.1801 114.738 115.1755 117.8014 121.5719 160.8105 243.8646 292.3942 274.9077 221.6754 187.7243 158.1839 152.9161 166.1563 167.3637 159.937 123.5937 123.8584 153.9583 182.7426 201.5132 210.28 194.8583 161.1782 140.1998 125.5133 125.6026 127.4222 98.56445 79.94568 47.84307 55.98857 91.46646 170.5781 168.5804 191.56 214.5271 177.3919 148.6502 124.1122 101.4249 69.48506 51.74152 21.23608
167.1188 170.4826 174.1601 179.6529 180.5148 180.7852 188.1693 189.1744 193.7016 196.1829 194.2754 188.9677 182.5805 168.022 153.2815 150.0257 150.7072 146.0135 140.4524 128.0742 120.2988 115.3649 109.6956 101.3047 118.093 194.227 272.6042 266.308 214.4026 159.1031 145.3577 124.9931 137.4977 145.677 156.5793 137.4376 120.9559 146.2906 182.4348 204.5234 208.0128 196.7263 181.49 147.8034 137.1544 127.486 130.5009 136.348 100.2932 58.27325 49.23169 64.69115 117.0074 166.7762 177.2079 199.9782 173.5698 144.6017 125.6165 109.1333 66.59006 23.38969 7.711293
170.8615 171.0977 174.8615 180.0042 182.1026 183.3632 184.0165 184.3657 192.5074 201.4697 200.8341 193.3499 188.2035 181.0511 161.4323 147.4759 144.768 146.1375 142.8985 136.6826 131.3444 127.4838 124.3766 110.3213 96.00897 138.2156 244.4064 278.4459 240.8055 189.5892 135.2022 122.1337 118.0441 122.4675 122.1262 123.4717 143.6786 176.2704 195.2222 208.9661 209.4749 197.2457 172.2069 146.9365 124.9081 121.5901 108.2235 128.0432 105.5539 73.40792 54.46519 52.65192 57.82451 106.8459 179.3839 200.9552 168.0954 128.9929 116.0756 104.1 48.04613 7.967611 14.83643
178.1889 177.7006 175.4266 179.2516 186.4702 188.4835 186.9381 179.9316 185.1612 191.5273 199.678 199.6599 195.1622 189.2337 177.1988 153.8573 139.7543 138.9994 138.3615 137.1286 141.2368 146.0675 151.5244 151.315 127.3924 124.228 211.2668 311.9127 300.115 209.9843 139.2342 114.2809 107.9906 101.4508 95.5094 110.2037 140.9643 180.729 213.0972 220.8435 212.9087 204.1765 167.6922 142.5893 116.6857 119.7806 98.53038 101.4422 92.56302 71.3817 61.99575 51.02204 35.23087 53.92091 113.4132 167.5051 152.1261 110.0273 96.11444 91.23036 37.32303 22.81993 37.6931
188.6871 181.9485 181.1809 179.3912 189.655 193.5622 194.1848 189.2576 182.3607 182.1564 190.1353 196.9088 198.2161 199.6227 192.7267 167.1849 144.1578 134.9883 130.1177 128.3772 142.1326 161.9476 180.7524 206.2426 194.0872 156.0076 209.4883 313.1825 318.6968 219.6284 138.8304 107.3878 104.1552 96.72382 81.15922 101.4476 106.5985 174.5506 232.6469 242.2927 232.7953 201.6413 173.2931 142.3591 146.6168 130.5781 136.7507 108.0074 93.77793 95.82978 98.36406 83.51303 55.28303 34.38072 46.02104 83.71609 114.1978 86.36509 76.24155 63.19158 39.93111 29.60053 49.14078
194.4668 188.7201 188.2532 187.0762 189.7154 199.9291 204.4982 200.3113 192.7848 183.1821 182.6986 189.9144 197.1892 203.0665 204.5142 187.6434 163.0817 146.0578 131.2865 111.9958 125.6632 170.3283 207.8698 243.6778 238.7476 197.6418 229.2729 313.5471 317.5738 214.3578 147.3884 115.7188 108.8024 76.45739 95.829 109.5877 94.85187 135.5518 225.4243 283.3008 252.9133 209.6117 161.2968 164.6961 166.4677 151.1086 144.1406 133.1043 111.7269 115.9601 142.0046 141.408 118.4688 69.59344 37.59255 40.80082 73.16844 77.66489 51.36241 37.68903 26.64573 25.5059 47.43452
201.5273 198.7859 195.4535 193.0005 195.2478 205.5914 211.3091 210.5103 207.1964 195.7358 183.0357 181.3243 191.0161 202.6609 208.273 208.0563 187.853 178.7489 159.6135 110.8792 93.12812 151.9467 228.3319 274.3332 266.1111 218.3976 248.3818 313.661 316.9655 210.7624 148.1705 126.3548 110.6057 72.16578 110.2588 137.0126 102.928 103.0135 192.209 271.1881 282.1577 212.9332 171.205 165.119 166.9461 165.2373 144.9334 113.6118 117.8282 125.4236 153.0627 165.2243 159.9069 149.7652 83.36939 64.17818 62.69693 73.87793 63.63661 34.90042 14.54148 19.22293 37.00964
212.3437 208.5508 203.0175 198.5362 198.6509 210.5336 221.4152 220.0116 216.9754 211.7017 194.2731 178.0389 183.0064 192.03 205.5958 214.5719 215.58 225.9331 225.6821 152.3229 80.2429 105.1075 224.6122 301.2968 286.5197 227.4183 251.3118 319.5926 305.826 199.9919 139.8005 114.442 95.02572 84.42977 103.3251 144.9297 119.9583 94.04861 162.7098 261.2592 284.3288 226.2985 185.5988 166.5553 183.5738 165.0024 132.4922 121.4856 110.8842 115.5555 138.079 163.9815 162.6815 182.7468 141.629 108.7191 91.07378 92.04398 75.48363 42.52206 11.54699 14.90439 24.45282
216.8492 217.7319 212.5314 208.1985 203.479 212.7823 227.1271 231.6722 226.7695 221.506 211.9852 190.6482 177.747 183.0253 186.757 198.6214 224.6373 273.2161 311.5556 235.1551 107.1537 75.87775 175.8998 311.7793 314.7545 240.2289 249.8484 307.3491 303.4426 208.1344 144.4847 109.8468 76.62403 80.82521 132.0097 160.8323 119.4375 94.72544 153.7826 222.2618 254.4028 241.0279 193.7605 172.0649 183.2764 166.7464 135.7939 127.3805 120.53 121.4845 129.0227 135.8401 142.8045 152.0651 144.2409 139.0288 113.4907 113.7107 92.35504 60.07019 15.71036 11.51209 17.80457
218.0276 227.8757 223.5579 218.5208 214.9685 211.1514 228.2196 241.6069 240.3828 232.2721 224.67 210.4338 192.7875 179.0005 172.5275 165.9717 189.8176 285.0872 367.8738 326.0322 172.6169 85.1329 136.1263 285.4475 322.7594 246.3394 234.678 279.4626 273.8289 224.1949 164.3372 115.9608 75.89626 73.81312 130.7492 176.5933 131.4831 92.84952 142.9634 218.6405 220.3777 209.5097 169.4013 173.0195 177.742 177.3249 152.363 136.3733 134.6351 126.3733 130.0381 119.7366 105.2526 120.4591 136.6148 136.1113 125.4606 118.1358 117.9242 88.45044 34.08992 9.491693 13.26676
215.9204 226.8958 233.5156 230.6059 230.3333 224.3482 220.8423 241.5204 251.0025 242.7955 234.3644 230.1994 220.6147 201.1021 171.772 146.4633 144.7701 232.0622 370.1225 393.4608 249.6795 110.1533 129.2893 259.8545 298.9997 260.2815 199.9932 220.2751 222.978 189.5304 155.9129 99.74897 56.87546 58.07042 123.4571 185.5446 150.5208 94.24652 118.4898 205.9212 204.3637 190.4509 161.5744 154.6535 164.8412 168.0699 167.8913 151.7365 144.2007 137.0611 140.3176 123.2688 86.93311 89.13921 111.6373 110.9908 111.7809 96.60876 115.3144 110.8263 64.43169 18.24637 10.32422
215.1592 227.2685 232.7842 235.5832 241.0313 249.2723 230.5751 229.6839 253.6042 254.4449 242.1581 244.1192 246.8323 247.9828 215.1105 157.5535 122.7946 165.4371 333.59 385.9126 292.7983 140.5164 146.7169 254.1074 296.6018 227.5713 185.177 191.8817 181.357 152.9736 129.7227 95.49736 49.09967 39.26286 84.30829 165.4964 158.6048 109.3392 125.2471 191.9246 212.6657 189.6863 157.5062 146.4548 145.7544 141.0997 150.2871 139.6056 146.2781 140.2682 141.1724 145.7156 97.85078 63.18622 62.75964 74.79637 59.59789 57.79579 70.70281 75.36111 68.6917 33.23508 14.89359
218.4095 231.7448 237.9473 231.0547 231.0409 262.3178 263.683 228.7301 242.6023 258.1233 249.5637 248.0131 261.5224 300.6946 297.1357 218.1654 133.8874 143.4839 287.3032 368.5707 294.6141 166.1556 166.8718 235.7213 294.0171 230.2984 180.4242 196.7714 211.0381 166.0105 128.6885 98.02065 43.30011 32.06533 58.84434 124.0691 126.2457 121.0007 136.7229 186.3625 203.2776 185.8679 151.6546 139.6544 148.3141 142.8024 137.8509 126.7571 149.2527 127.1347 140.1955 138.624 113.1901 111.1975 64.08976 48.18975 39.86063 30.06111 29.71305 42.51563 43.64277 27.17692 12.39463
241.3105 244.0161 249.5052 239.5034 218.5058 251.0795 297.7774 253.6081 236.0101 261.1165 255.2208 251.7252 259.3858 327.899 383.4623 320.4305 194.0979 168.1369 267.8129 352.7298 305.7811 196.2665 192.8971 232.2889 264.9346 227.51 187.3479 228.2465 261.5871 200.1228 140.192 95.8728 54.59885 37.29076 53.35123 90.38326 110.4158 105.2434 119.5445 186.8924 205.7626 181.8542 145.5975 135.1425 135.4243 149.1674 152.4055 129.1277 133.2561 127.0306 109.978 115.6707 126.7085 133.6493 100.4299 76.55127 57.37342 32.71801 27.49168 20.98927 23.72027 24.16233 17.78565
278.042 275.5203 272.5118 264.6223 223.8298 222.3843 305.6389 307.3381 245.5368 273.3098 269.3103 258.032 262.631 297.1927 391.378 396.9206 302.0697 242.3175 276.5591 361.9275 319.5963 226.8533 202.9756 228.3942 255.1766 238.3591 199.4489 221.6554 256.6054 221.7298 153.6704 96.80935 55.44336 49.73711 69.49123 81.1895 88.9341 83.25755 96.52629 136.2691 184.4166 186.0057 146.5944 125.6603 105.3435 127.0278 150.0139 162.0824 167.7737 161.436 128.8723 109.7154 107.306 122.8526 106.5859 82.58375 66.19727 49.94043 33.89864 29.54566 29.62278 25.61737 .01573321
286.8137 316.71 311.622 302.6488 259.4092 204.8665 270.8694 365.3237 284.863 290.5173 308.6034 261.7176 277.4924 299.2411 357.1929 408.1315 377.4672 348.5581 339.8106 375.2642 335.29 257.7965 201.7771 218.7142 254.0659 263.9742 237.0654 225.5978 243.044 218.3947 163.3723 103.3065 62.81571 55.11233 82.53377 89.8119 94.09946 92.63538 86.64191 107.0696 153.3539 167.6527 154.3531 124.3572 108.9841 84.43002 122.859 197.4076 255.9487 228.1176 168.9556 133.6995 115.3523 105.6011 98.16084 80.89913 62.47309 52.42183 39.2449 28.41741 20.87476 9.590472 .1599085
286.4398 326.7859 347.4294 350.7807 318.7314 218.8202 225.3781 369.9072 354.5449 321.2517 379.4833 307.5812 297.2484 331.9825 345.8844 394.4091 393.1052 412.8711 417.6454 434.4793 372.2776 251.3934 218.9188 220.8512 272.5018 291.5904 272.5508 245.8713 224.5665 204.9146 172.3971 116.1564 75.53228 73.77803 86.58689 94.49352 104.883 103.915 114.2649 109.8641 138.3194 156.3025 169.3461 147.0984 116.4234 74.89807 87.41702 166.8672 299.3562 317.0603 238.822 171.0397 128.3713 101.9615 82.92519 76.91418 56.47062 47.99271 34.01312 24.55758 17.04359 30.43527 .9002037
277.9787 327.466 374.1639 415.7172 390.1444 253.7197 188.4444 306.1346 380.9308 360.9157 411.9696 398.4605 330.1877 364.0927 360.337 396.4925 392.9659 422.6536 496.108 509.9733 413.6609 317.1991 252.5477 255.0172 308.0703 324.388 323.608 239.3557 198.704 175.4251 151.093 114.5647 85.53642 77.38658 82.39795 93.93179 94.70581 94.20522 117.6833 143.644 152.8804 157.4288 152.812 163.8983 115.6998 62.06232 66.21355 133.1937 280.5886 374.9234 338.4906 244.122 155.948 104.0572 72.53922 63.59996 51.75675 41.2593 31.49689 20.16798 10.8371 19.82051 30.27817
202.2662 289.5747 378.8554 468.9683 474.0229 314.0065 206.5094 251.1292 322.4955 356.0965 396.8426 441.6998 391.6553 372.5336 349.7761 371.7011 409.6111 437.4765 536.8207 575.012 504.1575 375.4055 308.0484 304.2239 378.1083 412.4802 392.2585 285.1481 214.7213 176.7753 141.0775 104.121 80.0043 82.98325 94.69611 107.8686 98.41665 96.06849 116.167 148.3912 167.9438 174.0811 154.9217 131.7701 98.82937 56.00999 42.97177 79.34344 216.0326 380.0916 445.7565 361.914 221.5141 113.7593 73.40835 56.2529 46.61325 37.91353 34.11981 25.19474 11.08984 14.06389 11.50746
129.3459 175.6065 288.6358 454.8176 509.7442 377.679 252.0312 252.2722 283.7319 322.6339 359.7553 420.552 420.1953 368.5018 310.2813 295.3951 366.456 460.0544 543.9689 581.4263 503.6375 419.262 367.1737 411.4294 511.6785 499.5099 460.4097 366.3286 270.5224 226.4131 157.776 110.5187 80.99554 85.44366 113.4733 112.5867 98.15662 106.2094 117.915 139.6136 180.3828 181.7104 148.9207 105.5793 89.4094 69.95177 32.79757 32.54567 124.7014 318.7285 500.3085 532.7798 339.8629 161.2092 102.5808 73.66405 54.47557 45.68459 41.90877 36.53724 20.70208 17.2467 9.766074
129.3444 116.2153 159.2591 303.5915 461.714 435.9538 313.4647 249.0089 261.8181 309.5577 361.5811 399.6557 418.6688 353.3976 293.0096 211.4945 283.6165 438.9272 481.8529 531.8112 484.8761 405.2033 347.4746 456.2955 642.3002 723.5037 607.8309 493.7159 368.7195 280.0338 178.9762 116.9578 90.02743 81.47722 96.72499 98.01526 105.6147 123.6323 145.579 140.6322 174.6113 199.7998 151.8902 107.9265 84.49662 86.23755 47.19627 17.695 46.55026 200.9451 424.2144 540.4902 513.1824 245.8855 159.7538 122.8165 79.99702 56.82317 48.06705 40.55849 27.87981 28.00961 15.41804
192.2494 127.8073 136.7013 182.9514 318.5071 440.0744 416.0941 298.4829 252.3914 302.9158 392.6582 443.5318 418.7317 333.8727 271.1184 157.3894 143.9299 294.6974 485.4379 517.1832 501.8772 387.5253 311.1366 406.6686 682.7747 789.7167 783.4626 678.3355 502.5942 361.5521 219.377 142.0728 104.7235 93.28857 97.53419 94.87904 102.348 155.5697 193.8333 180.8537 187.7369 209.6223 170.0913 103.7787 73.4035 89.08648 76.54945 29.17598 26.60669 100.8136 303.424 472.2998 441.7336 294.7023 203.4982 179.9967 122.259 77.75544 58.43929 47.77661 30.10917 28.90979 26.19165
295.2981 175.7932 162.2451 184.8048 221.8915 336.6015 454.7758 396.4254 287.4087 297.8772 400.6378 486.2964 427.897 354.6624 237.9901 155.1957 90.40328 160.7851 344.3763 491.4063 496.802 374.1754 268.9233 339.74 600.2952 760.895 846.7555 904.0168 672.1772 464.2551 299.3833 192.9225 146.4299 125.2652 119.2969 94.52364 106.5228 171.4765 255.331 250.5364 222.6161 229.5911 183.2186 96.18262 57.86951 75.62435 78.51076 60.72936 43.50033 88.55125 232.1973 341.0138 337.7297 214.0406 166.1934 164.8372 137.2104 95.29494 70.63721 58.28574 36.28188 34.08644 34.56989
407.4416 267.8312 194.4825 227.9707 229.9319 270.1498 394.6487 433.7942 353.2206 311.3111 398.8804 513.1091 483.0316 329.8372 220.9743 155.7 102.0593 93.19323 180.5795 340.0111 429.677 337.845 227.3948 250.2594 521.996 722.8411 854.5473 880.6669 847.8423 583.6379 381.4685 262.7256 178.2932 150.1087 125.2268 98.63024 109.2103 187.4037 318.5729 344.434 272.9602 258.8056 206.3017 106.0074 47.002 51.26597 57.01314 57.6581 69.0696 115.4208 232.6008 308.3936 306.7871 184.9193 126.3612 121.3547 118.2273 95.8574 73.25505 59.42935 41.77975 8.653002 36.23418
451.356 362.7664 258.0382 262.7682 267.395 265.1294 341.5832 406.1659 394.4459 345.2268 408.8204 502.569 491.1017 351.8898 213.7454 140.4763 101.7827 80.44424 103.111 192.7321 295.4492 293.8199 197.7159 192.0485 384.2706 597.7834 687.6274 857.5654 810.7843 679.8055 468.4095 297.4775 212.4923 155.7266 130.2823 100.2139 102.9329 188.127 353.5598 431.9425 356.1476 301.5298 234.3485 123.3084 47.27494 30.43666 32.39854 32.59396 47.72071 125.1395 274.7675 321.6106 301.6948 203.446 133.2503 109.0945 100.2902 89.76284 66.89294 44.18803 26.68585 .01382393 30.3091
420.4393 414.2958 326.1609 306.6299 324.9527 307.1853 332.178 375.4998 406.1279 395.4322 449.9898 531.0815 509.7873 373.1864 274.8487 169.2712 122.9496 123.7635 84.24312 91.07332 143.04 202.1654 168.4139 168.4802 321.9121 466.7925 601.0787 616.7468 641.8466 603.19 556.2608 430.2452 296.7582 223.4361 175.501 114.009 96.45341 165.3402 335.7358 471.1382 452.2813 370.8395 265.3114 124.06 53.98072 28.54307 20.39378 16.36133 18.27366 81.15701 243.5315 334.959 284.3027 200.5234 145.4745 125.7311 111.4059 99.08714 78.14706 41.56093 12.18083 16.9041 18.31362
