py_wake/examples/data/AJ_ParqueFicticio/Rough survey   Sector 12   Height 200m   Weibull-A.grd
DSAA
73  159
 258469   265669
 6501692   6517492
 4.983591   9.521681
[rows 56 to 83 of 159, columns 0 to 62 of 73]
6.913943 6.92115 6.914185 6.911013 6.908113 6.905474 6.89704 6.892713 6.876999 6.87322 6.863553 6.859999 6.843823 6.802855 6.769975 6.752394 6.747918 6.7382 6.723945 6.710233 6.695297 6.673734 6.657815 6.66296 6.660614 6.672222 6.67872 6.695396 6.734665 6.777119 6.803426 6.788713 6.719792 6.724104 6.716109 6.718802 6.696857 6.664288 6.615635 6.583103 6.55343 6.550715 6.48575 6.368845 6.288994 6.250933 6.230907 6.247949 6.349994 6.515689 6.732319 6.908008 6.970036 6.966064 6.975498 7.080599 7.22506 7.287434 7.229132 7.142154 7.083831 7.122971 7.276575
6.897283 6.907004 6.893661 6.892325 6.899183 6.902455 6.895588 6.882589 6.870699 6.860109 6.852299 6.843225 6.818416 6.811607 6.779345 6.758348 6.74846 6.737547 6.723695 6.715149 6.708314 6.684809 6.667503 6.666877 6.672482 6.667948 6.673146 6.681455 6.712372 6.759445 6.810279 6.803195 6.759882 6.73505 6.73691 6.733435 6.732744 6.698115 6.651582 6.611284 6.58146 6.558195 6.485365 6.395822 6.347598 6.302838 6.244916 6.202595 6.248828 6.405832 6.621855 6.803377 6.888935 6.915335 6.940766 7.063002 7.21333 7.275193 7.217974 7.113395 7.044643 7.067169 7.225657
6.8817 6.877756 6.866964 6.865091 6.865008 6.87498 6.872 6.862137 6.851238 6.839823 6.829922 6.817872 6.79279 6.784834 6.773753 6.760439 6.744989 6.731094 6.722021 6.717085 6.702816 6.695691 6.678934 6.668627 6.679785 6.675279 6.672522 6.666032 6.651403 6.671286 6.719908 6.727256 6.689382 6.669303 6.662493 6.670702 6.679486 6.632653 6.57232 6.540849 6.51031 6.471424 6.413782 6.394102 6.365433 6.322392 6.24619 6.175593 6.193965 6.297521 6.485798 6.670012 6.786946 6.824211 6.862288 6.994628 7.156485 7.257863 7.238041 7.139277 7.045232 7.027773 7.201226
6.895302 6.877868 6.867244 6.850991 6.832987 6.835087 6.844088 6.83883 6.827947 6.818192 6.806132 6.778668 6.770084 6.760656 6.755629 6.747312 6.73752 6.724364 6.71724 6.703671 6.69488 6.689568 6.684224 6.691935 6.681888 6.681786 6.682781 6.656244 6.609499 6.585787 6.592425 6.590688 6.557916 6.523346 6.520453 6.556311 6.566807 6.550933 6.496602 6.427569 6.38855 6.372755 6.350409 6.377636 6.384894 6.349797 6.276722 6.189811 6.141876 6.190628 6.337949 6.517949 6.660006 6.707959 6.745213 6.879366 7.053986 7.186153 7.210393 7.156583 7.064603 7.033105 7.12356
6.923741 6.897933 6.883634 6.874381 6.838622 6.809699 6.811514 6.817868 6.809414 6.798158 6.77369 6.754358 6.741376 6.736012 6.73137 6.724964 6.723279 6.713082 6.708859 6.69227 6.684447 6.669232 6.674324 6.687609 6.68445 6.698487 6.703809 6.696081 6.665117 6.60755 6.574499 6.534883 6.486864 6.438315 6.424903 6.431362 6.443106 6.436691 6.398951 6.346601 6.293866 6.275136 6.29154 6.345036 6.391902 6.385159 6.337747 6.273037 6.18313 6.141179 6.217073 6.368536 6.536825 6.601294 6.633083 6.759914 6.95497 7.107821 7.145656 7.124224 7.093022 7.012436 7.033481
6.93889 6.920404 6.901446 6.896655 6.869525 6.828728 6.804282 6.799042 6.79138 6.778158 6.758183 6.744636 6.727957 6.717643 6.710975 6.705125 6.703338 6.70236 6.695879 6.683477 6.681939 6.67214 6.673659 6.673772 6.677 6.696531 6.711195 6.725166 6.727959 6.694842 6.653462 6.584701 6.516523 6.460309 6.406327 6.378998 6.365867 6.347042 6.303731 6.260617 6.215299 6.183002 6.197878 6.276756 6.349856 6.383575 6.381843 6.360893 6.291483 6.18752 6.1429 6.229298 6.414517 6.531174 6.546943 6.640015 6.837946 7.013339 7.067607 7.091692 7.046606 6.978051 6.93304
6.944539 6.935448 6.929822 6.918869 6.893271 6.862123 6.828994 6.799191 6.786755 6.768987 6.755031 6.735124 6.721979 6.705709 6.694812 6.684763 6.678889 6.6798 6.660414 6.66758 6.665817 6.663163 6.662699 6.664322 6.672534 6.68055 6.699639 6.723427 6.753711 6.757688 6.735897 6.668146 6.595263 6.543321 6.45326 6.388871 6.3432 6.293107 6.234313 6.189275 6.153357 6.118248 6.131037 6.193324 6.28665 6.35883 6.377997 6.402304 6.40065 6.313107 6.195884 6.155965 6.286024 6.429776 6.498966 6.550571 6.707774 6.885668 6.96809 7.012537 6.979551 6.928276 6.872479
6.937294 6.937829 6.939238 6.93498 6.913904 6.882463 6.846356 6.809008 6.776926 6.759075 6.749028 6.733149 6.713532 6.697822 6.681875 6.668279 6.655366 6.63449 6.638003 6.639362 6.640442 6.646557 6.637402 6.639192 6.645393 6.649625 6.665445 6.6944 6.729404 6.760645 6.758486 6.724905 6.679747 6.609955 6.530969 6.436498 6.366831 6.285248 6.207173 6.144727 6.097035 6.058131 6.054978 6.107749 6.212161 6.30831 6.349001 6.385757 6.437012 6.415384 6.301315 6.184736 6.185898 6.304415 6.408731 6.458222 6.559838 6.720593 6.852758 6.877397 6.868129 6.849858 6.834888
6.9243 6.931329 6.934927 6.931589 6.918956 6.89429 6.85722 6.809487 6.770965 6.754738 6.736533 6.722415 6.710431 6.690417 6.673431 6.654742 6.63725 6.625222 6.620865 6.615966 6.632545 6.626854 6.620756 6.604875 6.599853 6.602921 6.610502 6.632794 6.666072 6.712975 6.733062 6.718988 6.69885 6.648155 6.57884 6.498301 6.404967 6.313938 6.223617 6.146132 6.070241 6.006239 5.974367 6.00113 6.118273 6.222429 6.291187 6.350484 6.414017 6.455341 6.405534 6.285319 6.171482 6.181872 6.298648 6.395158 6.456881 6.60561 6.68522 6.708847 6.707494 6.695441 6.724658
6.90835 6.911076 6.917824 6.92235 6.91713 6.898193 6.858792 6.816462 6.779568 6.751105 6.729377 6.713495 6.699278 6.683582 6.669438 6.643393 6.624075 6.619215 6.613884 6.612779 6.624967 6.617988 6.60747 6.593261 6.573377 6.551356 6.543692 6.549634 6.56876 6.60735 6.638027 6.664714 6.656358 6.634409 6.584665 6.522079 6.43974 6.334835 6.239296 6.14698 6.070403 6.000687 5.936554 5.945027 6.020002 6.124062 6.211274 6.308831 6.384031 6.450985 6.494666 6.417989 6.280298 6.163629 6.191866 6.322013 6.465141 6.557881 6.61448 6.605728 6.592532 6.572028 6.575671
6.893716 6.890475 6.902101 6.91121 6.902497 6.881364 6.857166 6.827106 6.795192 6.753387 6.726339 6.712093 6.694686 6.679575 6.656849 6.637759 6.621841 6.605802 6.609282 6.625334 6.626871 6.625419 6.616945 6.602404 6.565859 6.538007 6.513657 6.50289 6.489479 6.506624 6.54963 6.562048 6.579089 6.604134 6.57945 6.533991 6.474183 6.374799 6.250299 6.152168 6.071007 6.00543 5.931865 5.898207 5.935837 6.001419 6.123782 6.250327 6.331625 6.394146 6.507543 6.533438 6.428356 6.28709 6.210246 6.310925 6.45399 6.574137 6.679322 6.709757 6.668778 6.601334 6.536718
6.876322 6.874312 6.888942 6.896142 6.89603 6.863539 6.837323 6.823684 6.789119 6.754813 6.726389 6.705896 6.689276 6.672839 6.648916 6.626618 6.608143 6.599342 6.597227 6.614938 6.62095 6.626135 6.629355 6.612581 6.582524 6.55477 6.511997 6.485003 6.464322 6.461606 6.474028 6.486381 6.50801 6.542216 6.552586 6.541224 6.5062 6.440107 6.316149 6.209078 6.09722 6.008746 5.929738 5.868545 5.854096 5.898663 6.021806 6.17535 6.275408 6.327355 6.450444 6.551673 6.519474 6.418935 6.344045 6.307954 6.42058 6.584443 6.732034 6.839048 6.845094 6.772777 6.66549
6.854241 6.865597 6.878685 6.880898 6.867697 6.844054 6.825336 6.809797 6.781924 6.7512 6.723495 6.69962 6.682963 6.665664 6.641459 6.622727 6.600984 6.588997 6.596517 6.603026 6.604601 6.60498 6.623998 6.619249 6.606831 6.581569 6.545826 6.496245 6.464262 6.45073 6.426575 6.423087 6.444317 6.473043 6.502595 6.516172 6.515524 6.488318 6.402614 6.294971 6.208915 6.115624 6.009554 5.913617 5.840552 5.828306 5.903129 6.04262 6.139747 6.198017 6.331368 6.451052 6.478142 6.439125 6.398607 6.334768 6.382551 6.533228 6.688076 6.830797 6.909125 6.906657 6.8174
6.829961 6.839046 6.852014 6.851517 6.839504 6.824286 6.812148 6.792701 6.772902 6.743813 6.712794 6.687017 6.664106 6.649968 6.632786 6.612914 6.589757 6.579424 6.592234 6.590551 6.590777 6.5973 6.612243 6.618485 6.618042 6.600646 6.582233 6.544357 6.521935 6.476768 6.421384 6.372559 6.36699 6.397821 6.444814 6.479564 6.510403 6.506478 6.469992 6.40512 6.351727 6.268686 6.154739 6.035509 5.929703 5.86045 5.86498 5.936972 6.00296 6.064586 6.15854 6.268327 6.325653 6.354528 6.323337 6.295541 6.321651 6.455488 6.61554 6.763288 6.883239 6.941231 6.931617
6.798122 6.799321 6.806045 6.809823 6.80268 6.799463 6.798641 6.784793 6.763702 6.739279 6.698645 6.667205 6.645526 6.628242 6.614751 6.609789 6.597647 6.595044 6.58742 6.582744 6.586671 6.591851 6.605978 6.619296 6.621717 6.627289 6.606667 6.585294 6.57352 6.525141 6.469495 6.392155 6.322963 6.338789 6.38735 6.445664 6.487392 6.51217 6.511273 6.51136 6.465626 6.381199 6.284735 6.169507 6.060493 5.967637 5.913563 5.927697 5.97138 5.996437 6.03496 6.082891 6.174232 6.180347 6.179572 6.200394 6.266932 6.402488 6.568348 6.715629 6.859858 6.961793 7.001874
6.792403 6.774786 6.759779 6.758929 6.75929 6.770308 6.773168 6.767654 6.750988 6.724969 6.696227 6.666422 6.636142 6.604578 6.600678 6.595732 6.608474 6.590987 6.571199 6.568717 6.564164 6.578138 6.589812 6.619678 6.620787 6.637068 6.624903 6.63255 6.611267 6.584424 6.532674 6.44034 6.363649 6.336265 6.362947 6.407921 6.463994 6.5052 6.535193 6.534306 6.509897 6.445069 6.35852 6.276883 6.185323 6.098189 6.036613 6.01178 6.030228 6.062927 6.06195 6.083922 6.104451 6.100186 6.061466 6.069707 6.169222 6.342938 6.518058 6.683442 6.84199 6.966136 7.038005
6.808829 6.786655 6.762057 6.730114 6.723185 6.730965 6.745139 6.744718 6.729158 6.714635 6.694323 6.659448 6.616337 6.58836 6.567296 6.56834 6.583282 6.571906 6.554533 6.54651 6.533579 6.541492 6.5549 6.579032 6.608802 6.623598 6.651443 6.653038 6.638738 6.621252 6.58812 6.498033 6.401124 6.369905 6.365617 6.384123 6.413564 6.455407 6.500585 6.50955 6.519147 6.48624 6.425291 6.352168 6.273552 6.193971 6.130854 6.105921 6.130476 6.179995 6.251156 6.255449 6.262616 6.21875 6.115985 6.03437 6.065363 6.229022 6.415795 6.61113 6.790115 6.940291 7.058733
6.820692 6.7991 6.762596 6.730298 6.708239 6.692724 6.709907 6.710075 6.701638 6.699836 6.67566 6.642562 6.605983 6.574604 6.536181 6.543919 6.549957 6.536248 6.522689 6.503334 6.495341 6.493774 6.497341 6.520423 6.548996 6.57302 6.624142 6.649397 6.6698 6.670494 6.639182 6.574317 6.47398 6.419049 6.394285 6.370481 6.372261 6.408305 6.441572 6.482666 6.507856 6.516278 6.482145 6.413445 6.337115 6.250879 6.166252 6.125985 6.143216 6.243812 6.291673 6.347396 6.39933 6.396831 6.260467 6.107956 6.022147 6.090117 6.25869 6.4637 6.664608 6.838895 6.979006
6.825711 6.799692 6.765233 6.739714 6.709812 6.672532 6.675654 6.671373 6.672374 6.673813 6.640616 6.622768 6.601569 6.570703 6.518045 6.50918 6.511464 6.503204 6.489968 6.473012 6.459314 6.450112 6.45324 6.469394 6.491231 6.532896 6.564595 6.610215 6.650267 6.674798 6.65917 6.608029 6.54361 6.463099 6.412544 6.375678 6.36724 6.365856 6.379675 6.412628 6.452512 6.472845 6.466153 6.431495 6.366489 6.286818 6.18882 6.109581 6.137118 6.180029 6.221009 6.28673 6.364761 6.39028 6.312765 6.166642 6.022597 5.976482 6.070705 6.253668 6.448451 6.615084 6.755455
6.808956 6.783971 6.763659 6.744436 6.715762 6.682736 6.652693 6.643991 6.640172 6.622203 6.610557 6.599115 6.584212 6.560941 6.549297 6.506309 6.487198 6.475353 6.471755 6.46645 6.445194 6.425867 6.41486 6.422101 6.453315 6.470662 6.493211 6.517123 6.560915 6.593318 6.601315 6.566109 6.513659 6.466311 6.413033 6.381503 6.371135 6.354719 6.341173 6.351413 6.358313 6.375246 6.380971 6.367514 6.310571 6.255719 6.166075 6.082473 6.074672 6.102053 6.13399 6.180688 6.233031 6.25866 6.234984 6.139741 6.001455 5.892133 5.897365 6.024924 6.183602 6.330218 6.476946
6.774634 6.757943 6.745485 6.727728 6.708619 6.681123 6.646977 6.626833 6.600505 6.585795 6.580947 6.570829 6.550482 6.545723 6.550597 6.512083 6.476483 6.457071 6.454031 6.453966 6.443502 6.421009 6.396259 6.390782 6.408442 6.417352 6.426123 6.433164 6.462867 6.493165 6.518519 6.497529 6.453141 6.420206 6.382663 6.370043 6.360394 6.33666 6.307799 6.313655 6.33046 6.321486 6.307846 6.300491 6.254374 6.220564 6.166024 6.128523 6.084755 6.076641 6.100049 6.135466 6.167126 6.17157 6.15419 6.110608 5.997035 5.877188 5.800045 5.848847 5.967831 6.098866 6.229702
6.746697 6.734285 6.716661 6.693348 6.680685 6.655921 6.627789 6.590407 6.568141 6.555478 6.55288 6.541002 6.528077 6.53861 6.528923 6.49244 6.458706 6.434885 6.433773 6.428414 6.424663 6.423893 6.410775 6.411833 6.402277 6.399851 6.400629 6.402919 6.414542 6.432265 6.456841 6.449542 6.418502 6.38961 6.367896 6.332987 6.317485 6.304343 6.283298 6.274544 6.284317 6.294848 6.28112 6.28242 6.292149 6.301629 6.329237 6.279936 6.221684 6.167421 6.160402 6.183054 6.237704 6.273365 6.262511 6.234198 6.148211 6.028882 5.947563 5.906471 5.937743 6.0249 6.124188
6.732176 6.711052 6.685978 6.658668 6.648387 6.630765 6.598385 6.559906 6.537463 6.525621 6.520483 6.508673 6.527665 6.519748 6.505184 6.475372 6.445357 6.415249 6.401309 6.395256 6.388286 6.399433 6.419985 6.41623 6.415285 6.414034 6.423241 6.424526 6.435028 6.438819 6.446553 6.420249 6.392976 6.383255 6.368144 6.354041 6.34347 6.330214 6.323006 6.293709 6.267779 6.271048 6.278133 6.311088 6.344895 6.420235 6.452277 6.455809 6.420244 6.332853 6.294985 6.307143 6.367878 6.431601 6.460058 6.454273 6.402957 6.315204 6.232138 6.167697 6.168627 6.19299 6.299706
6.724918 6.691818 6.660028 6.639062 6.623261 6.598319 6.568365 6.54036 6.514746 6.49983 6.477651 6.474927 6.49229 6.489958 6.47296 6.459063 6.439289 6.410438 6.386284 6.365179 6.353554 6.352637 6.383097 6.391194 6.402054 6.421006 6.442912 6.474907 6.482207 6.467398 6.449373 6.406425 6.355996 6.357759 6.339102 6.330221 6.342186 6.348934 6.346032 6.335225 6.297936 6.287473 6.312096 6.343621 6.43469 6.462888 6.492839 6.509797 6.519348 6.488611 6.467612 6.471807 6.510361 6.573615 6.622617 6.630559 6.597301 6.567182 6.557827 6.53229 6.517638 6.529859 6.564756
6.723001 6.689456 6.648767 6.630423 6.605938 6.583908 6.548986 6.527934 6.5023 6.470626 6.441894 6.446981 6.447816 6.441586 6.432842 6.431054 6.428012 6.409512 6.387427 6.36055 6.340118 6.347278 6.3448 6.353523 6.368478 6.392663 6.436323 6.483058 6.513614 6.51345 6.461589 6.406812 6.363908 6.338632 6.306626 6.289458 6.291787 6.310527 6.318361 6.31538 6.319224 6.335431 6.355587 6.421237 6.463615 6.491941 6.495678 6.503556 6.553139 6.58823 6.599666 6.611268 6.628374 6.662615 6.688894 6.70259 6.672382 6.687958 6.706177 6.705506 6.703967 6.708213 6.745886
6.710884 6.685687 6.660161 6.618943 6.587885 6.557141 6.537919 6.510642 6.477533 6.452487 6.417723 6.40115 6.396267 6.383434 6.383144 6.38976 6.392091 6.388289 6.379725 6.359921 6.363116 6.349638 6.331692 6.320775 6.323615 6.335849 6.375318 6.427581 6.473493 6.49139 6.459057 6.417611 6.356375 6.322802 6.304919 6.289112 6.278461 6.28935 6.291105 6.299783 6.308578 6.33271 6.344853 6.407167 6.439367 6.467442 6.492174 6.525823 6.570583 6.61952 6.655723 6.686118 6.684225 6.69046 6.699601 6.684278 6.681522 6.709494 6.742523 6.76363 6.780109 6.808449 6.837817
6.683321 6.670167 6.645611 6.610593 6.574937 6.539562 6.510516 6.484169 6.464692 6.434931 6.424434 6.392429 6.346121 6.331135 6.315142 6.305776 6.315894 6.322214 6.331493 6.337428 6.342436 6.334507 6.321421 6.318653 6.301708 6.296578 6.307075 6.348478 6.397632 6.429784 6.444721 6.414347 6.367269 6.332858 6.316929 6.306613 6.298001 6.288569 6.290071 6.295578 6.302109 6.306112 6.343847 6.348688 6.372849 6.398799 6.432946 6.471789 6.532226 6.601835 6.672337 6.692223 6.687871 6.68969 6.675028 6.666336 6.667195 6.701336 6.743377 6.786218 6.816378 6.854796 6.894764
6.665038 6.636396 6.621675 6.59579 6.555813 6.52583 6.491562 6.4718 6.444817 6.431647 6.413033 6.367146 6.326502 6.298784 6.269829 6.241969 6.227474 6.237231 6.252026 6.285632 6.293515 6.300156 6.30899 6.314096 6.309516 6.296093 6.286176 6.299021 6.326611 6.369677 6.411588 6.415936 6.391902 6.377399 6.370287 6.354117 6.340317 6.322698 6.311215 6.316385 6.309451 6.332188 6.287606 6.269567 6.284533 6.302108 6.322225 6.364415 6.415617 6.501398 6.602369 6.649955 6.667432 6.661651 6.66014 6.644104 6.645322 6.6907 6.734986 6.78575 6.831344 6.872611 6.919579
