py_wake/examples/data/AJ_ParqueFicticio/Rough survey   Sector 9   Height 30m   Orographic turn.grd
DSAA
73  159
 258469   265669
 6501692   6517492
-148.9397   100.5022
[rows 84 to 111 of 159, columns 0 to 60 of 73]
4.134751 4.443482 4.891921 5.176407 5.588038 6.28228 6.90313 7.625519 8.331787 8.272847 7.989969 7.771847 7.892984 7.97826 8.655437 7.490491 7.225994 6.861167 5.944765 6.009499 6.535383 6.395885 6.222744 6.438689 6.556866 6.35859 5.715497 6.10372 6.467327 7.202511 6.071421 4.949626 4.753024 3.087416 4.190045 1.544397 3.6474 5.454355 4.074074 4.550708 4.835325 5.030725 3.289468 1.50895 2.974038 2.855707 -.3240867 -1.536641 -4.006082 -5.229239 -2.817222 -.8375365 .4961176 1.80068 3.514004 3.248203 1.890383 -.1044846 -2.724279 -5.764491 -9.15023
5.338168 5.218339 5.331939 5.830436 6.413897 6.884752 7.406736 8.370261 8.701087 8.843134 8.829029 9.068482 9.604198 9.249846 8.40401 7.808104 8.178778 8.383009 6.8178 6.373488 6.929959 6.397212 6.304047 5.421178 5.949627 6.980975 7.315569 7.603817 7.403221 7.634778 5.969742 4.676544 6.456334 5.146523 5.920559 2.146575 3.047637 5.707242 5.598939 4.899086 5.042745 4.424237 4.236941 2.047499 2.186541 2.818429 .5626235 -.7109019 -2.389205 -4.576339 -3.285664 -.2498984 .9892868 1.459497 2.547534 2.517053 .2408058 -2.076247 -4.124695 -6.638312 -10.19475
6.162302 5.763797 5.894334 6.63796 6.930894 7.208913 8.158633 8.640048 8.857195 9.3509 9.722729 9.694469 9.294915 9.146351 8.490298 8.202025 8.296229 7.96637 8.01416 8.389279 8.050401 7.582948 7.274005 5.979822 7.019101 9.598737 10.94595 10.86597 10.1759 8.825153 7.082994 6.289788 6.267567 5.736787 5.89022 2.618041 2.563579 5.031381 4.799705 5.113269 5.762611 5.083166 3.246305 1.269626 .01005074 -.3722912 .1268428 -1.206982 -2.770223 -7.096291 -5.831395 -2.93501 .7206069 .1936192 .9963595 1.848037 -1.617041 -3.812358 -5.573844 -6.907687 -11.13361
5.948408 6.136744 6.474952 7.523326 7.711824 7.877394 8.864756 8.586437 9.079922 9.849102 10.11336 10.34397 10.31745 10.17718 9.680191 9.125526 8.833893 8.963799 9.070605 8.941646 9.570224 10.09305 9.970588 8.937349 8.734035 11.51746 14.6453 13.86019 12.43782 9.445426 6.804858 4.316807 4.161462 3.507262 3.487287 2.004639 1.500051 3.082918 5.479337 6.107253 6.181578 5.161293 3.435753 -.004535934 -1.064213 -1.821223 -1.533643 -1.138725 -3.45719 -7.031553 -7.167647 -5.113574 -2.722788 -1.15031 -.444558 .1292285 -2.376718 -4.679183 -5.912206 -7.106558 -14.5015
6.447509 6.945792 7.84103 8.155128 8.707199 9.427686 9.625397 9.410764 10.4002 10.9388 11.0357 11.38672 11.48845 11.01564 10.45634 10.27106 9.957583 10.18758 9.926301 10.33113 10.89573 11.59344 12.50554 12.17644 10.61553 11.04603 14.44973 13.90925 11.09975 7.157422 4.133199 1.918706 1.870448 1.241103 .2530216 -.2668599 1.000423 3.915122 5.551968 6.256246 5.954358 4.41212 2.538223 .5198609 -.7133617 -.5176303 -1.303385 .7297901 -1.812784 -4.036794 -4.925595 -4.093461 -5.677308 -3.051002 -.8968118 .665273 -1.23189 -4.91648 -6.190962 -6.885328 -21.00473
7.483705 8.273542 8.086483 8.387768 9.574564 10.15008 10.73205 11.18958 11.90744 11.56113 12.11039 11.95219 12.24441 12.13891 12.15619 12.3033 11.45239 11.17301 11.32098 10.92436 11.40424 12.1275 12.70583 12.01411 9.876046 8.543213 10.49496 10.673 8.10018 4.505931 1.16035 .09205359 .2473593 -.1601544 -1.729736 -.1128654 1.782301 3.326625 5.058526 5.588038 4.911808 4.442907 2.623491 2.028162 1.479017 3.101869 2.393274 3.554871 2.162318 .4851434 .8612401 .493011 -1.053079 -.7304764 1.212693 1.983917 .9055591 -2.687043 -4.572 -5.472457 -22.10769
7.763906 7.931988 8.411944 9.270855 10.20259 10.95896 12.18076 12.09618 12.48707 12.72013 13.02163 12.82652 13.34072 13.57008 13.3196 12.81903 12.80693 13.20969 12.04926 11.2703 10.7657 11.32109 11.01099 9.949351 7.512161 4.838259 5.73947 7.247239 5.961413 2.926911 -.2598373 -1.390016 -1.120493 -1.294234 -2.735484 -.3900741 -1.598865 2.452307 4.879536 4.893628 4.847489 3.840484 3.050084 2.592099 3.131027 2.011696 1.395693 .0991599 -.8378932 1.658944 2.421572 3.903919 1.283354 -.9713076 .9093437 2.6728 5.304198 5.02915 2.031962 -3.162868 -19.26786
7.953782 8.468236 9.028315 9.611791 10.74175 12.46594 12.71174 13.00328 13.38516 13.04812 13.21823 13.6926 13.55455 14.12387 14.31232 14.39483 14.44755 14.88802 13.42622 10.36446 8.275276 8.979166 8.935654 7.663706 5.441594 2.878778 3.303354 5.413246 5.102845 1.826486 -1.027887 -2.747341 -2.743963 -6.478893 -3.831947 -2.618059 -2.907367 -.3887412 3.918627 5.384911 4.337278 3.738288 1.593644 1.505421 -.811787 -2.96755 -3.175758 -4.045253 -4.250253 -2.655592 -1.798658 -1.189474 -1.172963 -1.719876 -1.809463 2.97031 8.030341 7.454171 -.1277745 -8.002413 -22.5809
8.493483 9.350282 9.940004 10.75728 12.17791 12.50126 13.13154 13.47231 13.50866 13.73762 13.30704 13.104 13.88073 14.08131 14.30613 15.48738 15.8056 15.87493 13.766 9.341412 4.351655 4.852431 5.995285 6.159964 4.264201 1.919306 2.222599 3.975759 4.447208 .4677621 -2.684593 -4.34242 -4.793693 -8.291271 -1.965703 -.5891972 -3.735158 -4.17992 1.646362 4.850759 5.20328 2.558486 -.3112141 -2.706676 -3.85182 -4.049006 -4.040734 -6.613588 -6.221065 -6.839983 -5.634377 -4.245195 -5.075468 -3.593284 -4.912744 -2.798434 -1.85059 -1.547958 -5.962397 -11.97136 -29.84604
9.627709 10.50142 11.23969 11.61854 11.81491 13.03544 13.65798 14.03192 14.13034 14.02434 13.71231 13.56842 13.62315 14.06579 14.28077 14.48075 15.16729 15.12769 13.3886 8.327524 1.351319 -.1987814 4.231063 5.238355 3.642854 1.361564 1.115366 2.280154 2.221504 -1.003027 -3.454328 -4.545702 -6.420763 -8.022736 -4.384863 -.5858135 -2.238978 -4.483657 .3512658 3.807808 3.275611 -.5986897 -4.149021 -5.925539 -4.399663 -4.199123 -6.058722 -6.497139 -8.419318 -8.544988 -7.012342 -5.884498 -6.911579 -5.266412 -9.439953 -11.16352 -12.86872 -10.45547 -10.61156 -15.32116 -34.5021
10.52 11.46323 12.20662 12.78831 13.12722 13.28374 14.26251 14.9668 15.02199 14.55699 14.6305 14.75689 14.17368 14.07487 13.34555 12.70807 12.44293 12.43541 11.5257 7.591117 .2391065 -3.307238 1.203126 4.541281 3.22657 .3443002 -.07157528 .5955668 1.57786 -1.028532 -2.664114 -3.848176 -7.513676 -7.896764 -1.980069 -.7231233 -3.731926 -6.335634 -2.443109 -.1705839 -.388025 -2.495748 -5.093065 -5.843165 -3.87942 -4.363851 -5.305085 -6.081633 -7.38059 -7.692729 -6.490707 -5.88252 -7.349892 -7.502942 -9.848473 -10.32026 -11.82454 -10.57848 -10.69065 -14.34146 -30.91449
12.15614 12.9944 13.98614 13.82833 14.15591 14.09671 14.66812 14.79939 14.76968 14.97823 15.13389 15.15556 14.76382 14.50566 13.06914 10.85889 8.498233 9.225821 9.993126 7.758316 1.31614 -4.542525 -1.86468 2.939022 2.092185 -1.172975 -2.141304 -.2890643 .3082893 .2941457 .03996484 -2.161158 -6.128639 -8.162657 -2.475694 -.4942734 -2.676688 -6.549592 -4.891343 -1.116516 -1.878509 -2.938198 -5.452842 -5.073926 -4.046876 -3.738412 -4.870356 -7.511791 -6.696715 -6.873586 -5.373039 -5.860039 -8.741011 -8.54191 -8.667393 -8.872157 -10.83434 -11.89822 -10.89896 -14.89934 -26.35349
12.98945 14.31607 14.11977 14.13064 14.22666 14.63707 14.24226 14.73394 15.00505 15.2308 15.38761 15.40428 15.09969 14.71195 12.64485 8.760808 4.66461 6.425198 9.137113 7.352708 1.744824 -5.183648 -4.210058 1.013718 .775045 -.4231109 -1.598993 1.915572 5.36714 6.093154 5.371606 .09302583 -8.249827 -11.70904 -5.204378 -2.17169 -4.313006 -9.002061 -8.124085 -3.217113 -3.342658 -3.029905 -4.103301 -4.367166 -3.770015 -4.496967 -5.432432 -6.442621 -5.46661 -5.457542 -3.601802 -3.509922 -4.812727 -4.355857 -6.526942 -8.265574 -10.26108 -13.78994 -13.68546 -15.44004 -23.52456
14.23777 14.59228 14.68689 14.10841 13.92264 14.52371 14.38845 14.41239 14.93782 15.23902 14.87472 14.66803 14.84885 14.44406 12.04609 7.493651 3.485265 3.964655 7.776683 6.428735 2.389518 -4.204209 -4.125904 -.3074797 1.153556 1.233457 3.520321 9.173087 12.84443 11.10053 5.895382 -.7579975 -9.337337 -13.61611 -9.204806 -4.593277 -6.885765 -9.862963 -7.696958 -3.272161 -1.103248 -1.641954 -2.735336 -3.011021 -2.923505 -3.413544 -2.291773 -3.99294 -2.621089 -2.33775 -1.114894 3.77417 3.457064 4.947532 2.834178 2.210583 -4.491893 -7.68577 -9.724688 -15.64378 -21.13593
13.95405 14.9378 15.3416 14.45149 14.4503 14.83805 14.93853 14.53166 14.68847 14.99024 13.87227 13.09109 12.46153 12.25605 10.36659 6.532545 2.140096 1.318568 5.257811 5.423721 2.159858 -2.918495 -3.459379 -.8025072 2.938075 3.96217 7.102172 12.02162 11.49669 4.879266 -1.115062 -5.350024 -12.34534 -14.87071 -11.17653 -5.541553 -6.82416 -8.790457 -6.939688 -2.87948 -.310379 -.02703002 -1.479975 -2.002106 -.8680435 .3919306 2.794061 3.037034 7.075166 5.956977 8.889581 12.12668 11.59202 8.769608 2.897085 1.516078 -.6324654 -5.752078 -7.90013 -11.08779 -15.48226
15.65901 16.3051 15.45025 14.65078 13.6431 13.71115 15.33011 14.63603 13.44968 13.6977 12.48502 10.70262 8.554781 8.122705 7.657669 5.56 1.011669 -.6176301 2.250344 3.375478 1.546523 -2.989113 -3.140512 -.6583471 4.274399 7.325137 8.723377 6.522057 3.332983 -1.136069 -4.82309 -7.8507 -12.87858 -13.52903 -9.820462 -6.11209 -4.132061 -5.30689 -5.095322 -.9699597 2.060944 2.332416 1.590295 2.032641 2.488756 3.179448 6.86081 8.665352 13.27733 16.16477 13.60198 11.94287 7.660961 2.448059 -1.710124 -4.923149 -7.085708 -10.64219 -11.16602 -15.74614 -20.11609
15.82647 15.29229 14.79459 14.20924 12.33804 10.96075 14.15975 13.75265 11.49359 11.40249 9.770638 7.266156 5.558249 4.78314 5.36152 3.843624 .1769616 -1.540409 .1760458 1.883604 .450573 -2.753863 -2.539894 1.598316 7.613345 9.808401 4.741652 1.214523 -.4957867 -2.721225 -5.489522 -8.373765 -12.63706 -11.81664 -7.862759 -5.342416 -3.063733 -2.367552 -.6226309 1.120334 4.324363 8.096541 6.956708 6.309779 5.024431 6.010273 9.432177 14.75146 16.95702 15.12392 8.747469 3.705876 .03709441 -1.583179 -4.719739 -8.297563 -11.83483 -16.51867 -21.94212 -24.60249 -28.82694
13.56769 13.43349 13.75942 13.68159 11.41038 7.893042 9.447613 11.85397 8.978637 8.110888 7.492425 4.309724 2.738478 2.230556 2.22637 1.348072 -.916656 -1.596686 -.7725195 .3498968 -.1203054 -1.229963 -.6006968 4.276738 8.078508 5.012959 -.1264329 -2.720259 -2.670161 -3.227224 -4.805538 -7.70323 -11.63696 -11.61916 -7.296427 -5.333845 -3.259933 -2.31494 -.3470141 4.076326 10.0629 12.13928 12.35572 8.496396 5.447594 -.005097708 4.283516 11.79121 9.909492 6.898297 2.730991 -.4681628 -2.880729 -5.215055 -8.027241 -10.91168 -14.8911 -18.14626 -22.14358 -25.1919 -32.26617
10.29164 11.95064 12.94825 13.15298 10.25508 4.452146 3.167597 8.022576 6.341606 4.206208 4.73089 1.804088 -.0308041 -.0800465 -.7502754 -.9075092 -2.111074 -2.001185 -1.112453 .3414928 .9635845 -.1727079 1.026254 2.431711 1.930395 .006515639 -2.067336 -2.964274 -2.7849 -2.542709 -3.264752 -6.331809 -10.01192 -9.257749 -6.543101 -4.838987 -2.847708 -1.57638 3.006535 5.770901 10.79578 11.79829 9.523586 2.663146 -.7984659 -6.067647 -5.322308 -.4212013 4.419549 4.682253 1.950018 -1.15492 -4.311708 -7.238345 -9.882365 -11.46781 -14.99587 -16.45061 -19.82594 -23.62765 -37.56033
7.324345 9.371311 11.1807 11.6572 8.863319 3.48826 -.6592857 3.787475 3.501954 .982314 1.561951 .275317 -1.821639 -2.04518 -3.260319 -3.289538 -3.500608 -2.812219 -.754722 1.041745 .8931729 -.7984075 -2.631293 -3.268037 -1.923827 -1.793628 -.5673178 -.9181227 -.2394922 .05032539 -1.497404 -4.742231 -7.814895 -7.944634 -5.62928 -3.229255 -1.973601 -1.478719 3.192728 6.645072 5.518885 4.435049 .4535765 .03925639 -3.225589 -12.17746 -13.80315 -6.171847 1.456892 3.359004 2.873784 .06351999 -3.530152 -6.442415 -9.191936 -10.36741 -12.56582 -14.75437 -17.58541 -23.29381 -40.6558
4.547982 6.465392 7.642664 8.70534 8.188557 3.683595 -1.242253 .673235 1.800688 .922344 .7127066 .3402464 -2.034952 -3.437603 -5.296549 -6.04251 -5.543642 -4.357618 -2.072133 -1.01629 -2.127108 -5.388576 -7.773664 -6.812754 -3.546251 -.6781325 2.083371 2.018072 2.075556 1.222969 -1.573023 -5.091226 -8.149567 -7.565244 -5.352992 -2.779634 -2.985753 -.6828405 3.266839 4.271632 2.58488 1.68618 .8250737 .6709437 -2.293326 -7.79726 -13.84686 -12.06395 -3.450738 1.398619 2.515343 1.345892 -1.895999 -5.944924 -8.387512 -10.13348 -12.78333 -16.3584 -20.16148 -25.33322 -38.87925
2.998686 2.664692 4.708799 8.18922 9.237035 6.048199 .4024297 -.3849789 .2340664 .6687472 .5528846 .2568672 -1.79272 -4.158667 -6.878357 -8.944569 -8.350378 -6.488192 -4.550103 -3.834852 -6.549682 -9.600354 -11.64807 -8.283573 -2.816441 1.115793 3.406863 3.07392 1.085501 -.5337628 -3.944345 -6.872664 -9.604854 -9.411108 -6.401803 -5.414143 -5.266148 -.7207856 1.030902 2.210391 4.19911 4.195946 3.921432 .5156846 -1.782966 -6.290038 -13.07103 -17.24822 -10.02783 -2.792606 .3615699 .8397948 -2.091656 -7.94641 -11.94824 -14.56563 -17.84371 -21.71203 -25.30074 -28.91978 -38.27657
3.440747 1.267898 2.363318 6.644676 10.01993 7.66244 3.293534 .1468037 -.7555023 -.3946761 .006341578 -.4203345 -1.586674 -4.795281 -7.465542 -10.90479 -10.5774 -8.121141 -6.156945 -5.126409 -7.192971 -9.868268 -11.96678 -7.696604 -1.499297 3.049408 3.079191 2.177637 -.3714028 -2.425515 -5.709571 -8.858776 -10.52765 -10.478 -7.090578 -7.036817 -4.404678 1.167006 2.904543 3.25027 5.031232 7.213181 4.615305 -.4152065 -6.091983 -8.655974 -13.30503 -19.3595 -17.39732 -7.523657 -2.733274 -2.579543 -4.494812 -12.85746 -17.44408 -18.62517 -21.81578 -25.93518 -28.6663 -30.77425 -39.14412
3.490053 .03127525 1.099583 2.928581 6.133677 6.144829 3.171031 -.2936594 -2.829211 -2.484488 -1.089277 -.5955303 -1.738249 -4.635353 -6.926657 -11.75221 -13.50691 -9.700659 -6.06413 -5.069556 -5.638361 -8.249124 -11.6479 -8.423763 -1.405447 .3199238 1.477646 .975318 -1.365673 -3.188475 -6.483972 -9.419052 -10.89748 -10.17757 -8.285756 -7.890812 -4.766769 2.6771 4.510837 5.039172 5.663832 5.891497 2.065295 -5.438631 -11.52134 -12.29255 -15.20033 -21.06252 -21.17298 -12.49249 -4.740971 -3.559087 -6.454803 -13.41229 -18.64935 -19.76613 -23.33128 -27.84204 -30.418 -31.02635 -39.11894
3.146472 -1.687078 -2.516463 -.7453204 .1212864 1.567771 2.264259 -.7071518 -3.914983 -3.786574 -1.39757 -.1843116 -1.813873 -3.373597 -6.34994 -9.334147 -12.41831 -9.955819 -5.206895 -2.918837 -3.884934 -7.695688 -13.18505 -11.48439 -3.123551 -.1652408 .7224718 1.404737 -1.375103 -4.042101 -8.041315 -11.60134 -13.41946 -13.10552 -11.12779 -13.02409 -9.277296 -.1094524 5.195798 5.205598 3.678943 2.352754 -1.956191 -9.354169 -15.57331 -16.15619 -18.78904 -23.71791 -23.88291 -16.16297 -7.305558 -5.126975 -6.117987 -12.30592 -16.93917 -18.04355 -21.04537 -25.97356 -29.01292 -30.20009 -38.1529
1.768412 -2.984634 -5.832429 -4.102766 -3.672876 -2.687642 .1271955 -.3685452 -2.273496 -3.176738 -.9002478 .8888777 .2448218 -1.603024 -4.106048 -6.072338 -9.065209 -9.327096 -6.421904 -2.96402 -2.72897 -6.195833 -12.75129 -12.67962 -4.195584 -.3498564 .3444611 -.4095796 -1.249304 -5.071033 -8.837748 -11.1849 -13.34201 -11.32147 -10.52894 -13.91307 -12.69938 -2.776998 3.784265 3.779641 .9341093 -.8187276 -4.717186 -11.07257 -17.51983 -18.86061 -21.92685 -25.8212 -25.88866 -18.4703 -9.080189 -6.190349 -5.911065 -10.52204 -14.4168 -15.32865 -17.22472 -21.00621 -25.02166 -28.73538 -37.35138
-.8276879 -4.369824 -7.132333 -5.606865 -4.183227 -3.498275 -.8818461 .5301343 -.2786695 -1.368871 .1663735 2.198715 2.645736 .708154 -1.742844 -4.343812 -6.759414 -6.876895 -5.826223 -3.947107 -3.090693 -4.901017 -10.48057 -11.47896 -3.362797 -.3196186 -1.26058 -.8459346 -2.354599 -3.544965 -4.472831 -4.710374 -4.263314 -4.975363 -6.785531 -12.96147 -14.58577 -5.694112 1.431257 2.37552 -.1742151 -2.558402 -5.74737 -10.91782 -17.05577 -19.80023 -22.20667 -25.56234 -25.89358 -17.53164 -9.23707 -6.878891 -6.407063 -9.523724 -13.40641 -14.19483 -14.40611 -15.97617 -19.72083 -25.48422 -39.23848
-3.056556 -3.303093 -5.045237 -4.401328 -2.457473 -1.758875 -.005571235 1.252128 1.130403 -.001343269 1.105066 2.533087 3.02194 1.054595 -1.598234 -4.493434 -5.098479 -3.396204 -5.225978 -5.604032 -5.42278 -5.907013 -11.30734 -12.79733 -4.611014 -2.180943 -1.924014 -3.17734 -2.320571 -2.145144 .03999248 .6761613 .2999741 -2.511498 -5.515195 -12.45506 -14.77647 -8.171378 -.9538715 .8889022 -.2668874 -2.453394 -5.229714 -10.63564 -15.91393 -19.24158 -21.69271 -24.26046 -24.21003 -17.5031 -8.76703 -4.860249 -5.018837 -7.932292 -11.50545 -11.91138 -12.66447 -13.06609 -14.56558 -20.65784 -45.93168
