py_wake/examples/data/AJ_ParqueFicticio/Rough survey   Sector 3   Height 200m   Orographic speed.grd
DSAA
73  159
 258469   265669
 6501692   6517492
 .6954415   1.555917
[rows 56 to 83 of 159, columns 0 to 62 of 73]
.9663382 .9688256 .9732275 .9767478 .9794728 .9785801 .9767252 .9744086 .9731455 .9711262 .9698344 .968036 .9665695 .9645758 .9611839 .9602339 .960898 .962365 .9636558 .9651504 .963249 .9610042 .9632188 .9670232 .9694752 .971141 .9720718 .9742258 .9841734 1.005689 1.02814 1.039313 1.04059 1.048705 1.063644 1.078482 1.0913 1.094867 1.090382 1.093744 1.110882 1.12163 1.131279 1.13954 1.151908 1.170188 1.186154 1.189484 1.194699 1.203005 1.213841 1.215067 1.186272 1.135716 1.09699 1.102273 1.126151 1.129826 1.096248 1.047288 1.007444 .9968296 1.009698
.9650838 .9674285 .9726288 .9768669 .979674 .977806 .9751874 .9729217 .970838 .9696119 .9682737 .9668901 .9653104 .9635378 .9619479 .9610485 .9610762 .9623365 .9641548 .9653493 .966352 .9656287 .9665039 .968733 .9714766 .9742079 .9763994 .9806137 .9954296 1.020103 1.044263 1.05432 1.054944 1.062652 1.077163 1.09112 1.102859 1.105616 1.103318 1.104332 1.11547 1.124439 1.128968 1.134202 1.148754 1.167024 1.175778 1.173192 1.178306 1.187266 1.196225 1.193038 1.164738 1.117557 1.085335 1.095279 1.119954 1.123627 1.089132 1.039672 .9970704 .9809408 .9925036
.9620166 .9653705 .9714975 .9763668 .9788132 .9761437 .9725405 .9699527 .9682511 .9673439 .9662968 .9649052 .9641619 .9630224 .9629577 .9624283 .961979 .962331 .9632857 .9651431 .9684492 .9697267 .9704227 .9711736 .9733167 .9761275 .9807014 .9896068 1.006578 1.031125 1.055071 1.063055 1.064674 1.069611 1.082876 1.09747 1.110293 1.113376 1.110183 1.109015 1.117098 1.12025 1.120032 1.127147 1.141466 1.1575 1.162819 1.159322 1.163422 1.172205 1.177688 1.169349 1.143312 1.103033 1.077089 1.089103 1.109012 1.112806 1.083666 1.036844 .9927628 .9710301 .9807462
.9613506 .9674424 .9755402 .9789498 .9775784 .9745653 .9698324 .9669366 .9657148 .9648371 .9644 .9643584 .9630966 .9619597 .9622682 .96283 .9630439 .9636002 .9641628 .9663212 .9690549 .9720392 .974131 .9739096 .9761426 .979707 .9858773 .9974564 1.014451 1.038147 1.058266 1.066203 1.06825 1.073432 1.087692 1.103478 1.116199 1.120073 1.114922 1.110259 1.111485 1.110832 1.11084 1.118774 1.133151 1.1465 1.149981 1.148354 1.152208 1.159538 1.158287 1.146466 1.124674 1.092205 1.072043 1.079833 1.095357 1.100948 1.076833 1.033231 .9902613 .9647911 .9723904
.9650835 .9722589 .9804953 .9819595 .9776409 .972122 .9669091 .9637256 .9632863 .9634298 .9633911 .9630555 .9620368 .9604462 .9613879 .9627026 .9629788 .963973 .9657934 .9693068 .9713839 .9727017 .974479 .9759055 .9780947 .9818346 .9911423 1.005414 1.024367 1.044891 1.06311 1.070347 1.073673 1.080781 1.095287 1.11095 1.12057 1.123916 1.116804 1.109397 1.105515 1.101673 1.103171 1.112816 1.124843 1.135163 1.1382 1.13912 1.142006 1.14457 1.138134 1.1247 1.107926 1.085045 1.066945 1.070259 1.084369 1.090133 1.066664 1.025289 .9858102 .9624654 .9645764
.9708945 .9781876 .9819884 .9799737 .9743093 .9684052 .9633861 .9612582 .9627982 .9633478 .9635875 .9630457 .9619363 .961292 .9617445 .962676 .9634066 .9644573 .9674394 .971426 .9752879 .9761789 .9766179 .9777213 .9795202 .9853929 .9977596 1.015673 1.035833 1.057971 1.073095 1.07906 1.08258 1.091277 1.102769 1.114475 1.123011 1.122817 1.116298 1.107735 1.100891 1.095936 1.099387 1.106907 1.11757 1.124973 1.127132 1.130951 1.135942 1.131426 1.119601 1.106974 1.095301 1.081218 1.062041 1.061681 1.072839 1.075401 1.054195 1.016149 .9809353 .9597297 .9537091
.9739627 .9811207 .9798639 .9768886 .9712494 .965764 .9618621 .9612624 .962595 .9640732 .9643135 .9636917 .9631553 .9628148 .9625173 .9625309 .9629275 .9636344 .9680873 .9725841 .9768558 .9778035 .9787354 .9797665 .9833589 .9909773 1.003988 1.023896 1.045368 1.0659 1.081926 1.086878 1.089677 1.09895 1.109239 1.119312 1.1247 1.120978 1.112862 1.105565 1.097687 1.092574 1.093597 1.10108 1.109517 1.116732 1.120008 1.122578 1.125739 1.122788 1.107491 1.093627 1.086556 1.075461 1.061057 1.052266 1.058114 1.056836 1.038798 1.005065 .9736388 .9546884 .9476713
.9749218 .9789624 .9773848 .9741437 .9698575 .9664389 .9642375 .9637724 .9639181 .9652545 .9657174 .9648734 .9642548 .9638347 .9635496 .9630176 .9624466 .9629022 .9667407 .9717457 .9754496 .9775955 .979951 .9827979 .9876704 .9984951 1.012169 1.030048 1.05215 1.072554 1.086929 1.091022 1.094344 1.104868 1.117622 1.125855 1.126631 1.120559 1.111883 1.103789 1.094857 1.08807 1.087132 1.093111 1.102566 1.109703 1.111603 1.113017 1.114742 1.111189 1.098229 1.086697 1.079947 1.068469 1.053676 1.040231 1.037875 1.034737 1.018489 .9914466 .9643991 .9507196 .9445694
.9744263 .9760606 .9740685 .9719146 .9696949 .9673839 .9670903 .9666937 .9658313 .9655727 .9657193 .9656086 .9650653 .9649515 .9639271 .9633401 .9629691 .9649484 .9685351 .9716057 .9735419 .978628 .9817594 .9852356 .9918625 1.002967 1.017832 1.036983 1.059056 1.077576 1.088959 1.09302 1.097879 1.108339 1.121492 1.127491 1.125662 1.118978 1.11156 1.102782 1.092318 1.083401 1.081601 1.089098 1.09669 1.102666 1.101246 1.102452 1.102352 1.099273 1.093682 1.085726 1.073873 1.05552 1.038539 1.024751 1.014588 1.009623 .9977051 .976474 .9581335 .9490817 .9427788
.9721956 .9729391 .9708736 .9689949 .9684545 .9685203 .9688524 .9694937 .9680037 .9655769 .965369 .9654595 .9657704 .9658316 .9646318 .963965 .964444 .9674203 .9702688 .9732208 .9777092 .9831973 .9868294 .9897303 .9954432 1.005018 1.020034 1.040074 1.061864 1.078596 1.088823 1.091288 1.098667 1.110418 1.120993 1.123996 1.121989 1.114154 1.106449 1.099473 1.089384 1.080883 1.080351 1.086783 1.094142 1.093977 1.090568 1.092451 1.092592 1.088462 1.087602 1.084988 1.071325 1.047839 1.023828 1.005573 .9926442 .9866757 .9781758 .9654298 .9582484 .9514077 .9425742
.96874 .9691152 .9675961 .9665266 .9675231 .9684626 .969867 .9703599 .9680212 .964985 .9649941 .9649261 .9650198 .964954 .9650894 .9659293 .9667043 .969888 .9723678 .9749708 .9804475 .9883326 .9912274 .9932859 .9990398 1.007639 1.024661 1.04457 1.06332 1.07802 1.086939 1.091403 1.099601 1.111928 1.118589 1.119954 1.116912 1.108778 1.101037 1.093162 1.084959 1.081125 1.080569 1.08501 1.089737 1.085255 1.081559 1.086504 1.085974 1.079126 1.081195 1.0829 1.067618 1.03856 1.007174 .9831737 .9719663 .9681961 .9663548 .9658099 .9635526 .9578834 .9462722
.9669247 .9666324 .9649808 .9648684 .9656491 .9683989 .9702905 .9702503 .9691752 .9658558 .9650666 .9650621 .964808 .9644871 .9653304 .967496 .9697874 .971665 .9740967 .9776333 .9830329 .9891031 .9915012 .9947769 1.001965 1.013589 1.029873 1.048828 1.066543 1.080249 1.088261 1.094408 1.101335 1.112083 1.11686 1.11664 1.114572 1.107446 1.099449 1.089868 1.083244 1.082579 1.083306 1.082979 1.080498 1.07452 1.074787 1.08001 1.08005 1.071665 1.076866 1.078892 1.061503 1.029518 .9936065 .9641009 .9557208 .9547753 .9607601 .9652577 .9657084 .9606979 .946237
.9655281 .9641832 .9628072 .9635049 .9653934 .9684722 .9700381 .9702665 .969809 .9673204 .9653717 .9649187 .9649534 .9649623 .9666965 .9698305 .9721413 .9739799 .9751466 .9779835 .9817067 .985586 .9882607 .994804 1.004872 1.021047 1.037612 1.051656 1.067698 1.083142 1.092213 1.097552 1.102822 1.110948 1.116669 1.116344 1.113681 1.106534 1.097246 1.09084 1.086042 1.087124 1.088214 1.08442 1.073764 1.068003 1.070326 1.073298 1.070084 1.062921 1.070049 1.070381 1.051179 1.017963 .9810404 .950531 .9390557 .9453696 .9566894 .964935 .9665722 .9609065 .9430301
.9626091 .9612155 .959618 .9605841 .9649967 .9691101 .9702717 .9703984 .9702636 .9690526 .9670285 .9650114 .9644254 .9654732 .9710437 .9750931 .9762419 .9761093 .9764342 .97683 .9780424 .9802319 .9859852 .9962134 1.011093 1.027369 1.041917 1.05657 1.072473 1.087451 1.098002 1.101606 1.10481 1.111067 1.117028 1.116807 1.113377 1.105652 1.096699 1.093249 1.091858 1.091479 1.089045 1.081327 1.069613 1.062197 1.062713 1.06352 1.06006 1.056109 1.060428 1.055047 1.034328 1.002291 .968388 .9384373 .9284449 .9392451 .9535089 .9621798 .9635201 .9574282 .9424537
.9605703 .9593102 .9564036 .9584197 .9647369 .9693456 .9695244 .9697446 .9704885 .9698491 .9685751 .967033 .9652721 .9670576 .9741818 .9801832 .9795086 .9778441 .976743 .9770746 .977161 .979303 .9892552 1.002321 1.017558 1.031486 1.045277 1.05915 1.077467 1.095077 1.103561 1.10583 1.108278 1.113039 1.118923 1.118335 1.114684 1.105551 1.098847 1.097077 1.096754 1.094115 1.087033 1.075507 1.064854 1.056132 1.052994 1.049917 1.046084 1.044604 1.044498 1.033667 1.016575 .9913214 .9607055 .9350256 .9265697 .9379016 .9520596 .9596409 .961283 .9547811 .9402676
.9604199 .9577469 .9551073 .9562693 .9638384 .9678059 .9669647 .9679686 .9699056 .9708428 .9699576 .9688429 .9679697 .9703842 .9757997 .9811366 .9796797 .9784059 .9774212 .9764253 .9775935 .9821053 .9948146 1.008414 1.023368 1.034564 1.048126 1.06122 1.079732 1.097839 1.111124 1.114721 1.114912 1.118894 1.121585 1.120367 1.116588 1.107944 1.102666 1.100908 1.098323 1.091763 1.081214 1.069707 1.060989 1.05157 1.04421 1.038993 1.03477 1.03314 1.027604 1.017699 1.007015 .9903145 .9639724 .9386512 .9312876 .9406378 .9529885 .9592429 .9600894 .9538966 .9392895
.9607998 .9573562 .9551508 .9570692 .9616626 .9639005 .963002 .9657717 .9701929 .9731808 .9725312 .9716542 .9717304 .9726126 .9761989 .9785532 .9772719 .9766433 .9761593 .9757197 .9773744 .9836367 .9959328 1.010495 1.023762 1.035894 1.048459 1.063177 1.082517 1.104229 1.120328 1.124232 1.125687 1.126575 1.124971 1.123391 1.115764 1.107489 1.102949 1.100345 1.096588 1.088421 1.075699 1.065968 1.056376 1.045436 1.036227 1.029112 1.026144 1.022778 1.017196 1.010491 1.00629 .9975079 .975416 .9479885 .9386337 .943516 .9523342 .9591638 .9601525 .9536375 .9386898
.9606717 .9582238 .9583918 .9588326 .9594378 .9600226 .9594916 .9650618 .9724898 .9738765 .9745839 .9743075 .9754432 .9750983 .9748421 .9752619 .9736792 .9736232 .9736196 .9739539 .9761382 .9838865 .9968485 1.010719 1.023676 1.035746 1.047577 1.065745 1.089309 1.114094 1.128922 1.131791 1.132919 1.131323 1.127661 1.120685 1.113078 1.106382 1.102641 1.099484 1.095088 1.085186 1.071922 1.061483 1.050143 1.037809 1.025269 1.016408 1.014993 1.013205 1.009766 1.006703 1.008506 1.003907 .9809647 .9545816 .9407343 .9444562 .9518605 .9585165 .9598239 .9513999 .934304
.960456 .9590724 .959625 .9606733 .9611907 .957962 .9558058 .9648756 .9733933 .9740487 .9751904 .9756241 .976497 .9774339 .9751174 .9716562 .9695494 .9708788 .9719279 .9730836 .9758379 .9854333 .9986089 1.012112 1.024478 1.035617 1.04874 1.067738 1.096319 1.123913 1.138123 1.140527 1.1386 1.134535 1.127527 1.119089 1.111748 1.104155 1.09972 1.095995 1.088671 1.076201 1.065299 1.056165 1.041804 1.030589 1.016351 1.004981 1.003186 1.004765 1.002425 1.002072 1.004258 1.000605 .9806009 .9543735 .9407314 .9430202 .9511028 .9566713 .9555997 .94428 .9220176
.9590138 .9588324 .9591013 .9597722 .9602343 .9564399 .956111 .9649045 .9722417 .9728209 .973406 .9744359 .975528 .9763165 .9725653 .9679437 .9676275 .9697479 .9718118 .9743263 .9788618 .9873797 1.000993 1.013902 1.025643 1.03589 1.049076 1.071695 1.101685 1.130984 1.146434 1.148183 1.141568 1.132405 1.12481 1.116551 1.110129 1.102573 1.09354 1.08646 1.074972 1.061531 1.051696 1.040798 1.026568 1.014373 1.006303 .9968126 .9974346 .9984315 .9961599 .9962772 .9973224 .990989 .9723399 .9524364 .9431234 .9424869 .9470174 .9498962 .9458529 .9298252 .9047128
.9558458 .956373 .9570554 .9575915 .9573944 .9572085 .9580595 .9638067 .9692698 .9712486 .9717475 .9724107 .9731501 .9728385 .9710355 .9672644 .9670615 .969344 .9719432 .975543 .9826229 .9913641 1.002231 1.013733 1.024299 1.035007 1.048915 1.073726 1.105916 1.137367 1.154545 1.153255 1.142924 1.130927 1.119631 1.111674 1.105798 1.09747 1.083358 1.074704 1.063891 1.046553 1.033544 1.02351 1.012541 1.00686 1.002395 .9980589 .9983765 .9950797 .989534 .9862122 .9845531 .9775088 .9646748 .9564055 .9523914 .947363 .944972 .9434739 .9338294 .9132841 .8871651
.9536276 .9535256 .9536929 .9535882 .9541997 .9570237 .9594387 .9630791 .9664918 .9690866 .9705753 .9712096 .9712481 .9715528 .9712906 .970396 .9681699 .9687854 .9706973 .9764003 .9858423 .9965715 1.00766 1.017586 1.024646 1.034542 1.050929 1.078523 1.114764 1.147889 1.165485 1.160993 1.146967 1.132406 1.116462 1.104012 1.098129 1.08779 1.069279 1.060081 1.048976 1.032612 1.022382 1.018466 1.015369 1.013763 1.010164 1.004807 1.002095 .9928542 .9839689 .9798168 .9789551 .9772632 .972601 .9708782 .9652321 .9565998 .94956 .9406347 .9230747 .8990276 .8719784
.9520164 .9506773 .949692 .949582 .950464 .9543669 .958779 .9622511 .964329 .9673564 .9692503 .9703981 .970672 .9708489 .971485 .9718842 .9700202 .9684729 .9695257 .9760398 .9864317 .9980208 1.012132 1.019824 1.025021 1.036091 1.057135 1.09055 1.131081 1.164936 1.179958 1.168456 1.149705 1.131475 1.113833 1.102284 1.093968 1.080441 1.061705 1.048703 1.032246 1.021776 1.020852 1.024889 1.025958 1.024717 1.018145 1.010924 1.003198 .989105 .9815343 .9794037 .9823945 .9853339 .9865584 .9857528 .9773155 .9666236 .9542745 .9374353 .914161 .8908961 .8626853
.9506227 .948913 .9468468 .9459155 .9469116 .9529514 .9586609 .9632373 .9649465 .9659089 .9676036 .968426 .9688967 .9699014 .9716383 .9723971 .9715398 .9696089 .9714507 .978218 .9856045 .9972236 1.009438 1.017736 1.026287 1.041127 1.067873 1.107263 1.151596 1.183789 1.186958 1.168921 1.146256 1.124973 1.108869 1.096305 1.084869 1.0689 1.051624 1.039211 1.025585 1.022438 1.028885 1.033366 1.036673 1.033876 1.024917 1.012934 .9998255 .9896182 .9856376 .986172 .9906335 .9982778 1.002751 1.001262 .9915669 .9783027 .9580057 .9329675 .9065511 .8820894 .8531627
.9483401 .9469874 .9447044 .9431044 .9476745 .9537485 .9599399 .9622125 .9644818 .9650453 .9654472 .965582 .9659933 .9687362 .9715313 .972447 .9724086 .9733883 .9763518 .9822192 .9893816 .9988226 1.007349 1.016967 1.028415 1.048847 1.081642 1.125449 1.170732 1.195822 1.18949 1.164467 1.139007 1.117345 1.101836 1.086515 1.071825 1.052628 1.038066 1.031056 1.028636 1.033946 1.042177 1.04495 1.045151 1.038153 1.02585 1.011825 1.001636 .994424 .9932368 .9952946 1.000697 1.007338 1.013069 1.010015 .9972191 .9770616 .9502453 .9218264 .8947977 .868553 .8392393
.9447712 .9444184 .942864 .9426938 .9466253 .9536018 .9586762 .9610127 .9630747 .9642667 .964731 .9632739 .9634736 .967855 .9717087 .9728606 .9731311 .9767408 .9817699 .9865537 .9927347 1.001636 1.010518 1.019703 1.033329 1.058493 1.095935 1.142415 1.182756 1.199028 1.184487 1.156423 1.130376 1.110895 1.094559 1.078862 1.060372 1.042029 1.03108 1.031242 1.038941 1.047668 1.054065 1.054781 1.050421 1.040695 1.026616 1.014392 1.006447 1.00123 .9998678 1.001809 1.006211 1.012076 1.014777 1.008061 .9900061 .9657986 .9369525 .907963 .8808432 .8529336 .8249601
.9412586 .9417025 .9421238 .9421167 .9443119 .9488939 .9539815 .9572654 .9601339 .9628826 .9642713 .961848 .9621271 .9650686 .9677696 .9692774 .9706581 .9765149 .9830417 .987927 .9957267 1.003714 1.014224 1.024765 1.042028 1.069745 1.110821 1.156677 1.190693 1.198305 1.177616 1.14962 1.125545 1.107642 1.091028 1.070424 1.050914 1.033254 1.028306 1.037003 1.051916 1.062115 1.063844 1.059589 1.052351 1.040886 1.026914 1.016302 1.008684 1.004141 1.002288 1.004179 1.0077 1.011326 1.011429 1.001615 .9806377 .9556529 .9266357 .8974649 .8702564 .8414214 .8110848
.9383659 .9371967 .9384879 .9404763 .9421688 .945318 .9498988 .9538066 .9575624 .9610385 .962459 .9633058 .9626325 .9643422 .966588 .9674301 .9699211 .9757319 .9815009 .9889303 .9981746 1.006357 1.017277 1.032204 1.054594 1.089085 1.130934 1.171075 1.196434 1.195867 1.174053 1.148632 1.1265 1.107385 1.088528 1.063516 1.041276 1.027973 1.032066 1.049917 1.066105 1.07217 1.067633 1.059492 1.050982 1.038416 1.025146 1.015173 1.009262 1.003537 1.000815 1.002007 1.005321 1.007249 1.004127 .9928935 .9715386 .9467396 .9180965 .8882459 .8593055 .828334 .7958661
