py_wake/examples/data/AJ_ParqueFicticio/Rough survey   Sector 6   Height 200m   Weibull-k.grd
DSAA
73  159
 258469   265669
 6501692   6517492
 2.443359   2.736328
[rows 84 to 111 of 159, columns 0 to 62 of 73]
2.556641 2.556641 2.552734 2.552734 2.552734 2.552734 2.552734 2.548828 2.548828 2.548828 2.552734 2.552734 2.552734 2.556641 2.556641 2.556641 2.560547 2.564453 2.564453 2.564453 2.568359 2.568359 2.568359 2.568359 2.572266 2.576172 2.580078 2.580078 2.583984 2.583984 2.583984 2.583984 2.583984 2.583984 2.583984 2.583984 2.583984 2.580078 2.580078 2.583984 2.583984 2.583984 2.583984 2.583984 2.583984 2.583984 2.583984 2.583984 2.583984 2.583984 2.583984 2.583984 2.583984 2.583984 2.583984 2.583984 2.580078 2.576172 2.580078 2.587891 2.603516 2.611328 2.623047
2.552734 2.552734 2.552734 2.552734 2.548828 2.548828 2.548828 2.548828 2.544922 2.548828 2.548828 2.548828 2.548828 2.552734 2.552734 2.556641 2.556641 2.560547 2.564453 2.564453 2.564453 2.568359 2.568359 2.572266 2.572266 2.576172 2.576172 2.580078 2.583984 2.583984 2.583984 2.583984 2.583984 2.583984 2.583984 2.583984 2.583984 2.580078 2.583984 2.583984 2.583984 2.583984 2.583984 2.583984 2.583984 2.583984 2.583984 2.583984 2.583984 2.583984 2.583984 2.583984 2.583984 2.583984 2.583984 2.583984 2.576172 2.576172 2.583984 2.595703 2.607422 2.619141 2.630859
2.552734 2.548828 2.548828 2.548828 2.548828 2.544922 2.544922 2.544922 2.544922 2.544922 2.544922 2.544922 2.548828 2.548828 2.552734 2.552734 2.556641 2.556641 2.560547 2.560547 2.564453 2.568359 2.568359 2.572266 2.572266 2.572266 2.576172 2.576172 2.580078 2.583984 2.583984 2.583984 2.583984 2.583984 2.583984 2.583984 2.583984 2.583984 2.583984 2.583984 2.583984 2.583984 2.583984 2.583984 2.583984 2.583984 2.583984 2.583984 2.583984 2.583984 2.583984 2.583984 2.583984 2.583984 2.583984 2.580078 2.576172 2.580078 2.587891 2.599609 2.615234 2.630859 2.638672
2.548828 2.548828 2.544922 2.544922 2.544922 2.541016 2.541016 2.541016 2.541016 2.541016 2.541016 2.541016 2.544922 2.544922 2.548828 2.552734 2.552734 2.556641 2.556641 2.560547 2.560547 2.564453 2.568359 2.572266 2.572266 2.572266 2.572266 2.576172 2.580078 2.583984 2.583984 2.583984 2.583984 2.583984 2.583984 2.583984 2.583984 2.583984 2.583984 2.583984 2.583984 2.583984 2.583984 2.583984 2.583984 2.583984 2.583984 2.583984 2.583984 2.583984 2.583984 2.583984 2.583984 2.583984 2.580078 2.580078 2.576172 2.580078 2.591797 2.607422 2.623047 2.638672 2.642578
2.544922 2.544922 2.541016 2.541016 2.541016 2.537109 2.537109 2.537109 2.537109 2.537109 2.537109 2.537109 2.541016 2.541016 2.544922 2.544922 2.548828 2.552734 2.556641 2.556641 2.560547 2.560547 2.564453 2.568359 2.572266 2.576172 2.576172 2.580078 2.583984 2.583984 2.583984 2.583984 2.583984 2.583984 2.583984 2.583984 2.583984 2.583984 2.583984 2.583984 2.583984 2.583984 2.583984 2.583984 2.583984 2.583984 2.583984 2.583984 2.583984 2.583984 2.583984 2.583984 2.583984 2.583984 2.583984 2.580078 2.576172 2.580078 2.591797 2.611328 2.630859 2.646484 2.646484
2.541016 2.541016 2.537109 2.537109 2.537109 2.533203 2.533203 2.533203 2.533203 2.533203 2.533203 2.533203 2.533203 2.537109 2.541016 2.541016 2.544922 2.548828 2.552734 2.556641 2.560547 2.560547 2.568359 2.572266 2.576172 2.580078 2.583984 2.583984 2.583984 2.583984 2.583984 2.583984 2.583984 2.583984 2.583984 2.583984 2.583984 2.583984 2.583984 2.583984 2.583984 2.583984 2.583984 2.583984 2.583984 2.583984 2.583984 2.583984 2.583984 2.583984 2.583984 2.583984 2.583984 2.583984 2.583984 2.583984 2.576172 2.580078 2.595703 2.611328 2.638672 2.650391 2.650391
2.537109 2.537109 2.537109 2.533203 2.533203 2.529297 2.529297 2.529297 2.529297 2.529297 2.529297 2.529297 2.533203 2.533203 2.537109 2.537109 2.541016 2.544922 2.552734 2.556641 2.564453 2.568359 2.572266 2.576172 2.583984 2.583984 2.583984 2.583984 2.583984 2.583984 2.583984 2.583984 2.583984 2.583984 2.583984 2.583984 2.583984 2.583984 2.583984 2.583984 2.583984 2.583984 2.583984 2.583984 2.583984 2.583984 2.583984 2.583984 2.583984 2.583984 2.583984 2.583984 2.583984 2.583984 2.583984 2.583984 2.576172 2.580078 2.591797 2.615234 2.642578 2.658203 2.658203
2.537109 2.533203 2.533203 2.529297 2.529297 2.525391 2.525391 2.525391 2.525391 2.525391 2.525391 2.529297 2.529297 2.533203 2.533203 2.537109 2.541016 2.544922 2.552734 2.560547 2.568359 2.572266 2.576172 2.583984 2.583984 2.583984 2.583984 2.583984 2.583984 2.583984 2.583984 2.583984 2.583984 2.583984 2.583984 2.583984 2.583984 2.583984 2.583984 2.583984 2.583984 2.583984 2.583984 2.583984 2.583984 2.583984 2.583984 2.580078 2.576172 2.576172 2.580078 2.580078 2.580078 2.580078 2.580078 2.580078 2.576172 2.580078 2.595703 2.623047 2.650391 2.669922 2.666016
2.533203 2.529297 2.529297 2.525391 2.525391 2.521484 2.521484 2.521484 2.521484 2.525391 2.525391 2.529297 2.529297 2.529297 2.533203 2.533203 2.537109 2.544922 2.556641 2.568359 2.576172 2.583984 2.583984 2.583984 2.583984 2.583984 2.583984 2.583984 2.583984 2.583984 2.583984 2.583984 2.583984 2.583984 2.583984 2.583984 2.583984 2.583984 2.583984 2.583984 2.583984 2.583984 2.583984 2.583984 2.583984 2.580078 2.576172 2.576172 2.576172 2.576172 2.576172 2.576172 2.576172 2.576172 2.576172 2.580078 2.583984 2.591797 2.607422 2.634766 2.666016 2.681641 2.681641
2.529297 2.525391 2.525391 2.521484 2.521484 2.521484 2.521484 2.521484 2.521484 2.521484 2.525391 2.525391 2.529297 2.533203 2.533203 2.537109 2.541016 2.548828 2.560547 2.576172 2.583984 2.583984 2.583984 2.583984 2.583984 2.583984 2.583984 2.583984 2.583984 2.583984 2.583984 2.583984 2.583984 2.583984 2.583984 2.583984 2.583984 2.583984 2.583984 2.583984 2.583984 2.583984 2.583984 2.583984 2.580078 2.576172 2.576172 2.576172 2.580078 2.580078 2.580078 2.580078 2.580078 2.583984 2.587891 2.591797 2.599609 2.607422 2.623047 2.650391 2.681641 2.697266 2.693359
2.525391 2.521484 2.517578 2.517578 2.517578 2.517578 2.517578 2.517578 2.517578 2.521484 2.521484 2.525391 2.529297 2.533203 2.537109 2.544922 2.548828 2.556641 2.568359 2.580078 2.583984 2.583984 2.583984 2.583984 2.583984 2.583984 2.583984 2.583984 2.583984 2.583984 2.583984 2.583984 2.583984 2.580078 2.583984 2.583984 2.583984 2.583984 2.583984 2.583984 2.583984 2.583984 2.583984 2.580078 2.576172 2.576172 2.576172 2.580078 2.580078 2.580078 2.580078 2.580078 2.583984 2.587891 2.591797 2.599609 2.607422 2.619141 2.634766 2.658203 2.685547 2.705078 2.708984
2.517578 2.517578 2.513672 2.513672 2.513672 2.517578 2.517578 2.517578 2.517578 2.521484 2.521484 2.525391 2.529297 2.537109 2.544922 2.552734 2.560547 2.564453 2.572266 2.583984 2.583984 2.583984 2.583984 2.583984 2.583984 2.583984 2.583984 2.583984 2.583984 2.583984 2.583984 2.583984 2.583984 2.580078 2.583984 2.583984 2.583984 2.583984 2.583984 2.583984 2.583984 2.583984 2.580078 2.576172 2.576172 2.576172 2.576172 2.576172 2.576172 2.576172 2.576172 2.576172 2.580078 2.583984 2.591797 2.599609 2.611328 2.623047 2.638672 2.662109 2.689453 2.712891 2.716797
2.513672 2.513672 2.513672 2.513672 2.513672 2.513672 2.517578 2.517578 2.521484 2.521484 2.525391 2.529297 2.533203 2.541016 2.552734 2.560547 2.572266 2.576172 2.580078 2.583984 2.583984 2.583984 2.583984 2.583984 2.583984 2.583984 2.583984 2.583984 2.583984 2.583984 2.583984 2.583984 2.583984 2.576172 2.580078 2.583984 2.580078 2.580078 2.583984 2.583984 2.583984 2.583984 2.580078 2.576172 2.576172 2.576172 2.576172 2.576172 2.576172 2.576172 2.576172 2.576172 2.576172 2.580078 2.583984 2.591797 2.603516 2.623047 2.642578 2.662109 2.689453 2.708984 2.720703
2.513672 2.509766 2.513672 2.513672 2.513672 2.517578 2.517578 2.521484 2.521484 2.525391 2.529297 2.533203 2.537109 2.544922 2.556641 2.568359 2.580078 2.583984 2.583984 2.583984 2.583984 2.583984 2.583984 2.583984 2.583984 2.583984 2.583984 2.583984 2.583984 2.583984 2.583984 2.583984 2.580078 2.576172 2.576172 2.580078 2.580078 2.580078 2.580078 2.583984 2.583984 2.583984 2.583984 2.580078 2.580078 2.576172 2.576172 2.576172 2.580078 2.580078 2.580078 2.583984 2.580078 2.576172 2.576172 2.580078 2.595703 2.615234 2.634766 2.662109 2.689453 2.708984 2.720703
2.509766 2.509766 2.513672 2.513672 2.517578 2.517578 2.521484 2.521484 2.525391 2.529297 2.537109 2.541016 2.548828 2.556641 2.564453 2.576172 2.583984 2.583984 2.583984 2.583984 2.583984 2.583984 2.583984 2.583984 2.583984 2.583984 2.583984 2.583984 2.583984 2.583984 2.583984 2.583984 2.580078 2.576172 2.576172 2.580078 2.580078 2.580078 2.583984 2.583984 2.583984 2.583984 2.583984 2.583984 2.583984 2.583984 2.583984 2.583984 2.583984 2.583984 2.583984 2.583984 2.583984 2.583984 2.576172 2.580078 2.591797 2.611328 2.634766 2.662109 2.689453 2.712891 2.720703
2.509766 2.509766 2.513672 2.517578 2.521484 2.521484 2.525391 2.529297 2.533203 2.537109 2.544922 2.552734 2.560547 2.564453 2.572266 2.580078 2.583984 2.583984 2.583984 2.583984 2.583984 2.583984 2.583984 2.583984 2.583984 2.583984 2.583984 2.583984 2.583984 2.583984 2.583984 2.583984 2.576172 2.576172 2.576172 2.580078 2.583984 2.583984 2.583984 2.583984 2.583984 2.583984 2.583984 2.583984 2.583984 2.583984 2.583984 2.580078 2.576172 2.580078 2.580078 2.583984 2.583984 2.580078 2.576172 2.583984 2.599609 2.626953 2.650391 2.677734 2.701172 2.716797 2.728516
2.513672 2.513672 2.517578 2.521484 2.525391 2.529297 2.533203 2.537109 2.541016 2.548828 2.556641 2.560547 2.568359 2.576172 2.580078 2.583984 2.583984 2.583984 2.583984 2.583984 2.583984 2.583984 2.583984 2.583984 2.583984 2.583984 2.583984 2.583984 2.583984 2.583984 2.583984 2.580078 2.576172 2.576172 2.576172 2.580078 2.583984 2.583984 2.583984 2.583984 2.583984 2.583984 2.583984 2.583984 2.583984 2.583984 2.580078 2.576172 2.576172 2.580078 2.583984 2.583984 2.583984 2.576172 2.580078 2.595703 2.619141 2.646484 2.669922 2.693359 2.712891 2.724609 2.732422
2.521484 2.521484 2.521484 2.525391 2.533203 2.541016 2.544922 2.544922 2.552734 2.556641 2.564453 2.572266 2.580078 2.583984 2.583984 2.583984 2.583984 2.583984 2.583984 2.583984 2.583984 2.583984 2.583984 2.583984 2.583984 2.583984 2.583984 2.583984 2.583984 2.583984 2.583984 2.580078 2.576172 2.576172 2.576172 2.580078 2.583984 2.583984 2.583984 2.583984 2.583984 2.583984 2.583984 2.583984 2.583984 2.580078 2.576172 2.576172 2.580078 2.583984 2.583984 2.583984 2.576172 2.580078 2.587891 2.607422 2.634766 2.658203 2.681641 2.705078 2.720703 2.732422 2.736328
2.529297 2.529297 2.529297 2.533203 2.541016 2.548828 2.552734 2.556641 2.560547 2.568359 2.576172 2.580078 2.583984 2.583984 2.583984 2.583984 2.583984 2.583984 2.583984 2.583984 2.583984 2.583984 2.583984 2.583984 2.583984 2.583984 2.583984 2.583984 2.583984 2.583984 2.583984 2.576172 2.576172 2.576172 2.576172 2.576172 2.580078 2.583984 2.583984 2.583984 2.583984 2.583984 2.583984 2.583984 2.583984 2.576172 2.576172 2.576172 2.576172 2.580078 2.580078 2.580078 2.576172 2.580078 2.595703 2.615234 2.642578 2.662109 2.689453 2.708984 2.724609 2.732422 2.736328
2.537109 2.537109 2.537109 2.541016 2.548828 2.556641 2.564453 2.568359 2.572266 2.576172 2.580078 2.583984 2.583984 2.583984 2.583984 2.583984 2.583984 2.583984 2.583984 2.583984 2.583984 2.583984 2.583984 2.583984 2.583984 2.583984 2.583984 2.583984 2.583984 2.583984 2.583984 2.576172 2.576172 2.576172 2.576172 2.576172 2.576172 2.580078 2.583984 2.583984 2.583984 2.583984 2.583984 2.583984 2.576172 2.580078 2.583984 2.583984 2.576172 2.576172 2.576172 2.576172 2.576172 2.583984 2.603516 2.623047 2.646484 2.669922 2.693359 2.712891 2.728516 2.732422 2.732422
2.548828 2.548828 2.548828 2.548828 2.552734 2.560547 2.568359 2.576172 2.580078 2.583984 2.583984 2.583984 2.583984 2.583984 2.583984 2.583984 2.583984 2.583984 2.583984 2.583984 2.583984 2.580078 2.576172 2.576172 2.583984 2.583984 2.583984 2.583984 2.583984 2.583984 2.583984 2.576172 2.580078 2.580078 2.580078 2.576172 2.576172 2.576172 2.583984 2.583984 2.583984 2.583984 2.583984 2.583984 2.576172 2.583984 2.591797 2.595703 2.587891 2.580078 2.576172 2.576172 2.580078 2.591797 2.615234 2.634766 2.658203 2.677734 2.701172 2.716797 2.728516 2.728516 2.728516
2.556641 2.556641 2.556641 2.556641 2.560547 2.564453 2.572266 2.580078 2.583984 2.583984 2.583984 2.583984 2.583984 2.583984 2.583984 2.580078 2.576172 2.576172 2.576172 2.576172 2.576172 2.580078 2.580078 2.576172 2.576172 2.583984 2.583984 2.583984 2.583984 2.583984 2.576172 2.580078 2.583984 2.583984 2.583984 2.580078 2.580078 2.576172 2.580078 2.583984 2.583984 2.583984 2.583984 2.580078 2.576172 2.587891 2.603516 2.607422 2.603516 2.587891 2.583984 2.583984 2.587891 2.607422 2.630859 2.654297 2.673828 2.693359 2.708984 2.720703 2.728516 2.728516 2.728516
2.560547 2.564453 2.568359 2.564453 2.564453 2.568359 2.576172 2.583984 2.583984 2.583984 2.583984 2.583984 2.583984 2.583984 2.583984 2.580078 2.576172 2.576172 2.576172 2.576172 2.580078 2.583984 2.587891 2.583984 2.576172 2.580078 2.583984 2.583984 2.583984 2.576172 2.576172 2.583984 2.591797 2.595703 2.591797 2.587891 2.583984 2.576172 2.580078 2.583984 2.583984 2.583984 2.583984 2.576172 2.583984 2.599609 2.619141 2.626953 2.619141 2.603516 2.591797 2.591797 2.603516 2.626953 2.650391 2.669922 2.689453 2.701172 2.712891 2.724609 2.732422 2.732422 2.732422
2.564453 2.572266 2.576172 2.576172 2.572266 2.576172 2.580078 2.583984 2.583984 2.583984 2.583984 2.583984 2.583984 2.583984 2.583984 2.580078 2.576172 2.576172 2.576172 2.576172 2.580078 2.587891 2.591797 2.587891 2.580078 2.576172 2.576172 2.576172 2.576172 2.576172 2.583984 2.595703 2.603516 2.603516 2.603516 2.599609 2.587891 2.580078 2.576172 2.583984 2.583984 2.583984 2.583984 2.580078 2.595703 2.619141 2.638672 2.646484 2.642578 2.623047 2.603516 2.599609 2.611328 2.634766 2.662109 2.677734 2.693359 2.705078 2.716797 2.724609 2.732422 2.736328 2.732422
2.572266 2.576172 2.580078 2.580078 2.583984 2.583984 2.583984 2.583984 2.583984 2.583984 2.583984 2.583984 2.583984 2.583984 2.583984 2.583984 2.576172 2.576172 2.576172 2.576172 2.580078 2.583984 2.591797 2.591797 2.583984 2.576172 2.576172 2.576172 2.576172 2.583984 2.591797 2.607422 2.611328 2.615234 2.611328 2.607422 2.595703 2.583984 2.576172 2.583984 2.583984 2.583984 2.576172 2.587891 2.615234 2.634766 2.654297 2.666016 2.662109 2.638672 2.615234 2.603516 2.615234 2.634766 2.658203 2.677734 2.689453 2.701172 2.712891 2.724609 2.732422 2.736328 2.736328
2.568359 2.572266 2.576172 2.580078 2.583984 2.583984 2.583984 2.583984 2.583984 2.583984 2.583984 2.583984 2.583984 2.583984 2.583984 2.583984 2.583984 2.580078 2.580078 2.576172 2.576172 2.583984 2.591797 2.591797 2.583984 2.580078 2.576172 2.576172 2.580078 2.587891 2.599609 2.611328 2.619141 2.619141 2.615234 2.615234 2.603516 2.587891 2.576172 2.580078 2.580078 2.580078 2.576172 2.595703 2.626953 2.650391 2.669922 2.677734 2.673828 2.650391 2.623047 2.611328 2.615234 2.634766 2.654297 2.669922 2.681641 2.693359 2.705078 2.720703 2.732422 2.736328 2.736328
2.572266 2.576172 2.576172 2.576172 2.580078 2.583984 2.583984 2.583984 2.583984 2.583984 2.583984 2.583984 2.583984 2.583984 2.583984 2.583984 2.583984 2.583984 2.583984 2.580078 2.576172 2.580078 2.591797 2.591797 2.583984 2.580078 2.576172 2.580078 2.583984 2.591797 2.603516 2.611328 2.615234 2.615234 2.619141 2.615234 2.611328 2.591797 2.580078 2.576172 2.576172 2.576172 2.580078 2.599609 2.630859 2.658203 2.673828 2.681641 2.677734 2.654297 2.630859 2.615234 2.619141 2.630859 2.650391 2.662109 2.673828 2.685547 2.697266 2.712891 2.728516 2.736328 2.736328
2.580078 2.580078 2.580078 2.576172 2.576172 2.583984 2.583984 2.583984 2.583984 2.583984 2.583984 2.583984 2.583984 2.583984 2.583984 2.583984 2.583984 2.583984 2.583984 2.583984 2.576172 2.580078 2.591797 2.591797 2.583984 2.580078 2.580078 2.580078 2.587891 2.595703 2.599609 2.603516 2.607422 2.611328 2.619141 2.619141 2.615234 2.599609 2.583984 2.576172 2.576172 2.576172 2.580078 2.599609 2.630859 2.654297 2.673828 2.677734 2.673828 2.654297 2.626953 2.615234 2.615234 2.630859 2.642578 2.654297 2.666016 2.673828 2.685547 2.705078 2.724609 2.732422 2.732422
