py_wake/examples/data/AJ_ParqueFicticio/Rough survey   Sector 3   Height 30m   Power density.grd
DSAA
73  159
 258469   265669
 6501692   6517492
 .0001479314   1045.697
[rows 112 to 139 of 159, columns 0 to 62 of 73]
94.72116 91.79787 88.12383 108.4496 134.7261 164.7671 197.9732 246.5943 327.7811 391.5308 467.0249 556.4648 510.4669 428.8424 331.1848 194.1087 157.5151 223.6786 272.7983 238.4447 176.4817 148.8246 94.3937 93.51344 195.8727 287.1984 313.9524 195.3421 79.43581 33.10213 15.88013 12.25535 12.20893 17.66118 21.25495 24.62135 38.03948 76.3442 162.1001 242.6293 348.8921 436.5628 413.7542 249.1006 156.7346 102.4774 79.40164 62.25335 62.92424 121.156 169.3631 126.3086 55.03124 27.23355 17.56193 16.44995 17.32516 19.09589 20.41963 14.8384 2.153918 1.07167 1.983179
76.78271 90.76337 99.3544 122.8756 148.6716 181.3687 235.3269 315.7401 391.6147 426.0548 493.9311 587.42 538.7737 419.3095 262.1639 141.168 167.453 270.5708 299.1192 222.8609 163.8246 133.3481 98.81221 105.3128 219.6149 294.0832 241.645 117.2556 50.36969 25.93553 13.16185 14.39205 20.475 22.50603 25.82085 34.24892 58.86452 104.003 208.2616 308.5329 425.5921 488.6064 401.2371 219.4969 136.403 94.62617 81.8187 72.36891 68.83504 91.76368 109.9232 79.51615 37.4377 22.41596 16.0306 18.3814 19.31025 21.06459 17.39855 13.21382 8.115974 2.18153 3.872344
75.49345 101.2596 118.949 138.4446 163.7945 210.8052 291.9279 369.9627 409.0313 432.4866 546.2115 596.3432 504.6462 323.4004 176.2333 127.7369 203.9184 305.9249 284.0712 204.7193 176.7642 144.2952 114.3644 112.557 201.6157 251.9854 181.4021 84.68423 34.86187 19.75572 16.86241 21.21006 27.89752 29.36173 33.19368 44.50394 83.16206 164.7304 286.5916 389.3568 489.9186 499.9671 348.0748 191.9522 126.3972 99.51185 83.2316 69.14751 65.80047 65.86377 67.34148 56.98106 30.92815 21.96861 20.04389 20.90131 21.70728 21.06977 18.07952 14.66592 12.01298 9.234272 5.732269
90.5752 113.2673 131.2245 151.0677 181.8954 251.6913 334.9005 375.4423 408.1271 471.5377 584.0677 543.7868 420.7569 230.6154 147.9653 162.7135 273.1614 321.4195 283.9196 221.8355 200.9905 176.6621 123.6398 119.9358 155.7962 189.211 126.3701 55.1189 21.22873 19.49181 24.19593 29.76742 31.11202 29.86667 35.4624 64.84035 131.43 266.4508 397.5889 446.4752 473.8268 456.8385 295.6186 182.9474 126.5725 103.6297 80.72797 63.2039 54.03112 49.3748 46.82343 40.32338 28.80203 26.41159 25.82592 24.37393 23.82443 22.01187 19.80486 16.46375 15.27386 13.44671 12.29079
99.42738 118.2886 126.8367 144.7501 197.8111 278.1681 341.4991 376.2333 453.2011 509.0879 588.9297 515.5236 352.162 210.671 184.1494 237.0834 318.9465 350.1532 306.2179 259.0918 223.4068 178.3614 126.9221 106.4447 116.2271 138.5822 103.087 39.30744 22.04684 26.25163 35.09446 35.30457 26.20908 30.7808 52.24626 111.9516 248.3434 367.8577 493.1391 464.2075 449.4099 381.0583 252.8263 170.2641 122.1925 98.72438 75.81176 58.06427 44.76086 36.78788 35.37185 34.19631 30.57804 28.18257 26.09552 25.4252 23.95346 22.76042 21.15855 17.62316 16.31662 15.17709 14.66142
105.3938 113.7677 120.6609 139.3652 190.8227 265.4341 328.0681 416.5356 517.7506 604.9235 583.3602 457.0964 329.3077 227.7384 223.2152 290.026 343.2168 371.7859 331.9565 277.537 217.2041 154.5033 117.2291 91.38213 86.85661 95.9494 75.30893 28.36611 25.68914 48.68463 48.66255 33.5401 32.49377 69.16338 112.6231 192.1107 333.071 503.2065 529.5731 439.1774 340.9656 258.1842 174.9006 129.9883 99.28911 81.0761 67.33195 49.6468 36.2408 28.00638 26.5708 28.49774 29.00315 25.60851 25.75565 23.73345 23.09129 22.65338 19.63825 16.30734 17.29379 15.06015 16.23578
98.88696 101.7946 114.2753 146.0713 199.7547 273.5214 362.6964 476.7883 581.1781 639.0992 536.4415 435.968 302.5757 226.1829 238.0557 297.6744 347.9286 356.5347 285.9705 229.7146 169.8055 115.5766 90.06084 75.81039 81.60267 70.54361 51.11634 38.25821 46.11329 65.34178 53.74353 34.70406 56.50714 108.7392 118.9973 185.9749 333.2772 503.3611 536.4438 347.6439 226.7345 159.7061 96.16978 82.37303 60.6926 49.98635 40.13306 30.39356 26.90442 22.86107 22.44196 26.226 27.76035 25.04843 25.73883 23.24988 24.48408 23.61019 20.47953 16.06421 11.7256 11.63514 12.09262
78.40556 90.5462 117.714 167.6675 239.7573 346.0826 450.121 547.6038 596.405 609.0057 500.2399 361.7689 263.9106 204.7916 214.4245 249.225 298.6224 269.2246 213.3367 170.679 124.8797 80.7872 57.07878 57.2494 68.76311 67.57761 44.52481 45.1661 62.71489 74.73416 44.1767 33.58766 77.14316 103.144 95.75444 174.9318 310.8961 418.3232 414.2972 266.8258 154.2412 99.82876 63.70315 70.33879 45.26393 35.64046 27.0522 19.32731 17.21967 17.18757 20.98259 25.67194 26.26745 26.18748 25.76925 25.43591 26.89115 26.6294 20.89114 12.0794 5.176822 4.539045 4.893429
89.62361 114.597 157.3357 248.2731 348.1593 451.5329 565.983 643.6517 615.7701 531.6483 377.5157 289.6584 223.3286 191.7272 207.7313 220.5961 213.6853 173.0989 131.6614 113.0007 96.09873 71.21502 58.24781 66.38865 78.6797 63.12589 51.11459 47.27942 54.84125 58.69658 33.22789 41.80537 84.83624 69.92527 82.97129 187.8993 329.1252 385.1118 327.8009 210.1743 119.0914 71.98706 61.51746 60.10635 40.72839 26.36152 19.78303 16.81642 15.78262 15.92519 19.36128 23.3008 24.23846 25.76496 25.58536 28.14697 26.40986 26.60285 10.68503 3.176433 2.014501 3.798369 4.059338
134.7016 180.2291 250.7768 353.929 461.7922 574.1973 715.4276 718.0196 583.329 370.9729 254.173 214.3205 184.8805 174.6028 218.4803 221.8377 171.1933 146.8404 115.546 98.8318 80.86822 72.08748 58.75861 82.05445 76.10196 52.46419 48.88188 54.22541 49.56295 41.71045 32.70592 50.33718 60.47049 47.7295 98.92291 245.7817 437.6317 452.3747 285.7218 143.7966 96.74072 58.19156 54.01185 47.00943 34.3462 24.07739 19.63514 17.92566 18.07303 19.23828 24.17928 22.8451 24.84853 24.52605 26.06367 22.1101 22.77014 9.83433 1.448819 .7613991 1.67435 2.671746 5.240734
155.7942 209.4195 313.091 441.5757 570.3306 725.4564 804.5497 750.4214 434.3067 278.7078 225.1327 175.1666 146.6594 186.4014 192.0918 184.8582 133.1763 116.4235 95.67392 82.88595 73.1778 52.63276 62.66116 67.50408 70.01604 47.19958 55.57393 54.533 56.6366 35.16501 37.14228 45.5514 38.75839 58.42942 178.5579 384.0809 511.2658 453.3241 234.2004 113.8199 64.94483 45.19213 39.6961 35.71597 29.71883 24.28465 22.70402 21.45916 20.80127 22.95946 22.78761 24.77305 22.83183 23.37913 19.09341 15.21559 10.65178 2.17394 .4853309 .9522539 4.593428 9.151624 16.71289
173.1688 245.1877 399.883 547.217 726.491 827.2061 863.3761 682.1672 316.5041 227.0095 197.7023 173.1175 148.8779 147.4959 144.1987 133.5087 116.4679 91.06025 71.56857 61.13086 54.983 48.88887 59.53893 70.47453 58.82163 57.05751 49.12502 59.27666 59.7849 38.76508 32.62841 34.20795 52.77044 128.3133 282.7522 443.5016 471.6165 321.9104 160.1387 81.16886 47.94592 29.48179 25.98404 26.91917 27.17369 26.6057 23.23123 23.97325 23.7209 23.14963 22.93698 22.21066 22.33392 18.44716 11.65278 6.811693 3.575933 .7480356 1.088279 5.076437 13.38042 18.44505 28.06048
215.7578 343.8986 497.6207 650.0704 819.636 916.7202 816.2362 512.3076 246.8111 191.1749 219.708 162.1439 152.4835 149.5408 143.8979 120.3921 106.2917 94.80206 79.9618 75.05909 69.27805 72.84385 85.1339 80.57129 57.94664 47.25731 48.68342 63.63583 72.58875 47.60331 26.98585 35.01142 86.10176 189.3849 320.9485 406.2127 342.5042 203.9133 115.0574 58.94617 34.47701 27.1758 25.86193 29.31665 29.10617 25.13655 26.00609 26.50303 24.96252 23.11832 22.90207 21.40397 18.34028 10.96238 5.260459 2.301959 .9088422 2.58102 5.444172 13.13181 19.85181 28.73203 36.49038
278.6306 409.5109 568.1236 706.404 847.081 737.8303 574.8109 363.7416 207.9989 175.7538 208.8771 167.0593 149.2727 160.546 140.2009 125.897 103.2543 95.80526 86.49138 102.1312 108.5786 118.7684 106.312 67.92926 43.94189 38.29769 43.42139 87.60053 104.0336 66.05508 26.88415 43.14607 104.0255 197.4043 299.2555 326.9263 232.0902 147.451 89.81528 48.71315 30.40561 26.05446 26.29242 28.53901 30.2237 28.66518 28.18319 29.30375 29.78081 24.68206 22.1924 17.08476 9.008371 2.589851 1.279827 1.999137 2.245888 4.958497 14.69925 20.76658 24.83574 34.70808 48.72892
384.7541 502.5329 646.3843 767.0087 764.1254 560.4004 389.5279 305.5723 223.8019 173.6706 182.9007 159.1872 161.3656 146.6741 129.1934 117.2685 97.79879 87.20574 107.4614 127.8206 126.8585 119.5447 81.81028 42.2572 36.72512 46.74496 82.72768 118.6211 136.8633 76.49722 22.35245 35.16467 99.4594 203.7054 282.4328 256.2723 172.2608 120.995 77.86004 41.99236 28.97308 26.52358 25.43139 28.63906 26.79604 26.63699 27.90543 29.38109 24.6015 23.54314 16.41322 7.56252 1.222718 .9584732 1.85586 2.77898 3.758732 11.81544 41.56705 26.7703 24.53966 46.0024 51.70824
474.3076 599.3961 731.4852 751.5427 619.3463 434.3515 310.7567 268.0521 217.0025 167.3931 153.1064 156.0542 160.1302 113.1528 106.4641 118.748 106.0937 113.68 122.3693 123.5295 98.98599 81.46518 49.47333 32.06642 34.41629 59.3297 99.43921 137.2553 132.0242 80.43648 27.36258 27.54883 108.4521 221.5462 271.4615 203.0341 133.5152 100.7657 64.33087 33.71655 22.9851 25.2697 27.126 27.89396 26.87719 25.86269 24.41278 27.66522 24.58381 18.76873 8.855427 1.144003 .7314772 1.022779 2.425802 4.333144 14.27933 51.39025 60.22152 27.58212 25.49197 49.6081 46.90693
540.9655 680.8574 751.8517 727.4572 576.0674 331.8022 259.3448 220.6022 179.2021 163.4092 163.647 132.9875 131.8789 96.96766 101.9429 127.8946 115.3594 130.128 130.9082 102.3144 71.35905 60.88981 35.43123 23.82443 35.6677 58.82457 95.38897 108.8539 99.849 77.31305 26.20023 38.62608 133.7758 210.9184 219.7547 139.8545 95.60858 67.44289 45.27254 27.13918 22.82612 24.40268 24.73965 27.26645 29.51521 27.42774 25.28548 25.94605 26.97831 17.36558 6.641557 1.053461 .3500904 1.332336 8.4024 19.6872 40.2961 60.9383 57.57723 27.48077 26.90555 40.97372 39.55278
677.7029 813.499 813.207 675.2628 418.6986 211.8168 201.6322 178.5202 129.6893 128.589 144.6201 116.3766 113.2061 111.0517 107.0504 125.993 111.4073 118.6452 119.2568 78.56577 56.38407 53.387 28.3773 20.47257 35.74996 58.82768 77.97061 71.1857 66.10104 61.45315 41.89504 54.5779 126.7704 163.2414 144.7383 93.43359 58.84758 40.5224 33.58778 24.31767 24.10244 23.5901 25.32374 25.07254 30.47504 29.42451 29.76064 27.81508 25.85162 18.21651 3.903302 .9189398 .4591799 7.173338 22.91332 36.85279 40.15698 42.41156 37.54851 27.605 28.71425 31.55972 33.74093
865.4729 907.248 770.821 534.0831 259.3298 151.352 174.6053 143.1813 120.2294 115.4197 126.6306 128.9766 110.0603 120.9336 124.7403 110.4508 108.4734 99.99936 95.59279 65.55939 50.53582 49.36047 24.49841 21.4438 38.49343 58.37629 71.91214 72.06512 71.69527 72.54068 57.44821 69.01839 108.1611 129.9329 98.00315 60.89564 37.4311 33.96577 34.90943 33.75846 28.6771 24.93719 26.63756 28.99704 31.25729 31.58611 34.49396 32.31253 24.3994 12.76184 1.648407 1.21555 1.480609 18.10379 35.14237 34.95645 34.62715 37.15421 38.09433 30.80427 33.76975 34.01819 34.59112
1045.697 840.525 600.6415 395.6697 183.7613 143.7575 169.942 146.1372 144.4488 140.7056 147.8834 155.2215 136.7052 101.6247 110.2065 93.70625 111.9979 99.55168 77.79649 63.53473 50.68687 44.46101 24.95264 23.77997 38.2701 57.85498 78.17149 92.72684 95.11327 80.8764 62.29081 67.18053 97.76173 102.1842 86.09559 48.56336 36.44863 35.21031 37.7265 39.58019 29.97301 29.25307 29.33574 34.50023 39.29839 42.20014 39.45457 36.54572 25.58875 6.589243 1.252673 2.199305 8.973953 32.14774 35.03415 31.80256 32.1783 39.25423 36.54567 36.95356 41.698 35.61768 41.71039
1009.339 657.803 436.1735 304.7608 153.0138 137.4256 149.3455 151.9715 169.1631 164.333 166.7752 165.4391 137.721 96.27972 86.54194 108.9723 105.249 107.0139 72.9254 54.00459 43.16533 39.73841 27.14725 23.92252 39.24286 66.7748 100.2417 129.6631 117.8591 77.85371 57.85447 61.41534 91.75033 95.06935 86.08615 57.22418 48.41545 41.75744 41.27351 40.62142 36.28782 35.17912 33.33826 39.16495 47.23061 43.43449 39.59084 35.73895 17.62969 2.328704 4.138182 5.313689 17.02202 33.13083 34.66505 29.86945 31.6327 37.25498 39.07235 40.81122 36.0271 37.10398 43.33253
883.3246 490.3779 318.0068 217.4577 113.9506 114.0913 140.4946 155.9881 165.2254 168.7906 145.9172 135.1842 121.5704 100.2864 78.60551 107.1044 97.87173 87.11902 66.04757 51.62281 39.44148 32.0794 25.84979 26.50303 43.7281 79.62516 117.5257 141.3101 111.1665 69.3661 57.14348 66.94029 78.59956 73.89912 71.49894 56.73806 52.30815 39.14977 36.45897 36.06588 38.46988 35.5073 38.21112 47.10805 50.18003 43.99437 35.2951 27.44035 9.568213 4.495428 8.222149 10.07118 14.04121 27.31916 32.50054 32.5439 31.00679 31.77552 36.01716 43.16474 38.46114 34.35445 46.10203
711.9731 374.0912 226.7465 150.1828 104.4378 139.8629 158.0047 169.434 171.9927 179.4847 143.7971 113.5363 99.33857 88.23161 70.86805 92.21217 84.59909 66.68875 55.67464 51.34314 38.8451 31.53283 24.92356 26.85217 43.89546 86.88347 126.7478 141.4165 95.85329 62.68537 54.22917 64.42563 57.35693 64.54384 51.51337 47.20274 37.73435 36.81714 32.68808 33.50679 35.77352 37.50812 43.94383 48.11866 47.40046 38.11074 27.83588 19.88221 6.693804 5.657807 11.23276 14.78475 15.28115 23.16723 38.01257 37.07729 35.55385 33.31596 37.39977 41.04984 37.54025 38.16886 44.04084
564.8826 316.1895 169.233 111.2099 125.8604 190.3061 213.6849 185.7011 182.0378 168.8775 138.1815 106.3008 83.50386 68.15947 77.80209 74.77428 79.06213 59.00013 54.06416 48.95409 37.15965 31.0165 24.92311 27.4584 47.17403 101.3139 135.3202 139.7136 92.86596 60.46513 49.28797 52.57527 52.22955 53.2539 43.6858 33.61238 29.56282 27.26239 27.88988 33.12183 37.8702 42.80199 47.18371 45.76897 38.41592 29.01938 17.55601 11.30265 6.786781 6.151076 14.34099 18.63102 19.98163 20.04011 39.41836 40.70835 39.96512 40.36428 37.10014 39.91467 39.40971 39.65355 43.32302
453.857 271.7826 137.6843 95.06067 144.6771 189.4473 179.8052 148.2614 162.7233 152.7548 122.2931 96.92004 85.45131 65.4576 56.05918 68.25061 72.38637 50.78742 54.50999 44.98802 35.54226 33.27435 26.46974 28.15009 60.94784 120.436 152.8778 134.4084 77.88877 54.3245 47.87645 48.07556 43.32767 41.65125 34.74362 31.32833 28.25858 22.17674 27.63898 33.61823 39.35625 45.71857 49.95129 35.36227 27.55852 19.46376 12.13926 10.92193 10.4639 13.83397 19.57502 23.2024 22.85988 24.83146 35.22273 41.30576 41.24542 42.09871 40.78043 37.19055 40.90831 41.08965 42.63788
345.639 212.2378 121.9955 80.13279 137.6785 135.7349 116.2796 129.168 147.2686 130.3535 99.1746 83.96004 84.20083 64.77371 51.65119 52.5136 46.80299 46.38026 44.93018 40.13319 40.35251 39.32505 28.64589 30.00971 74.41154 129.0237 158.9281 116.8373 68.5586 45.78899 41.47868 40.89246 39.43321 32.41171 31.70817 28.63129 27.30774 25.34761 29.06683 34.69507 40.10866 47.29664 49.87428 30.60586 23.06324 18.5427 16.25492 16.98552 22.53502 19.63901 20.90367 23.87688 24.44368 28.81769 32.73733 38.071 39.72246 41.17125 38.45807 34.47081 39.50111 42.67548 42.73445
241.5273 149.6847 104.8269 67.35114 97.02921 83.8859 104.0818 128.3265 131.3713 105.127 82.86086 77.01562 78.76283 58.01876 41.98072 49.49681 43.25891 40.46725 41.34447 45.47426 42.35791 39.95697 33.73469 48.09746 85.8819 120.339 143.6254 97.92748 59.23688 39.48352 35.56929 36.93253 37.08276 34.41925 29.02401 29.08907 27.16494 29.47396 32.41685 34.62049 41.24146 48.74184 41.06847 30.2472 23.97793 21.12921 21.59897 24.07463 29.23696 19.81841 15.79629 17.56522 25.55333 31.83257 33.58065 34.94563 36.99972 37.24582 33.65757 35.99063 36.60872 42.94712 45.3521
176.8509 123.9077 96.16135 53.6199 53.39722 74.15314 115.4522 137.8685 115.0038 93.65001 82.66338 76.22294 69.31191 54.6506 41.97832 46.21435 41.31739 32.8359 43.22277 55.54007 54.73124 50.20605 46.91389 59.91596 82.89571 105.3962 113.719 84.69858 51.5062 38.37832 36.30446 33.87217 38.28905 34.03745 30.28695 29.43688 28.84279 34.04839 36.67081 33.92684 40.6669 44.27896 36.52631 23.39211 21.23409 21.81328 23.40321 24.98713 23.765 15.85798 17.52477 22.30548 30.14839 35.98397 32.05494 31.07625 34.45204 37.51347 34.89132 34.76036 40.28309 41.95844 50.09506
