py_wake/examples/data/AJ_ParqueFicticio/Rough survey   Sector 2   Height 30m   Weibull-A.grd
DSAA
73  159
 258469   265669
 6501692   6517492
 .05429767   8.191233
[rows 56 to 83 of 159, columns 0 to 62 of 73]
3.16794 3.164759 3.188125 3.21971 3.236627 3.257091 3.218759 3.197797 3.183707 3.182208 3.183587 3.183876 3.159012 3.137546 3.127821 3.127549 3.14483 3.165879 3.153276 3.136167 3.12689 3.121258 3.109925 3.138251 3.160347 3.14454 3.134099 3.156499 3.195753 3.295796 3.700833 4.009317 3.985227 4.189934 4.210621 4.257653 4.350506 4.523217 4.648546 4.686201 4.768154 4.848363 4.968745 4.86857 4.729227 4.509256 4.496035 4.362874 4.156949 4.034269 4.100115 4.230126 4.08929 3.644977 3.099968 3.233099 3.585812 3.73606 3.600591 3.255723 3.14358 3.177938 2.93512
3.175975 3.107669 3.146697 3.221339 3.255284 3.232983 3.204564 3.174545 3.159488 3.161316 3.168 3.175344 3.175986 3.126367 3.156379 3.149732 3.150804 3.15976 3.162914 3.135599 3.178338 3.169602 3.138936 3.171481 3.176093 3.168853 3.150938 3.236376 3.467556 3.697156 4.043164 4.045345 4.168626 4.326395 4.452719 4.432486 4.388048 4.466246 4.739874 4.769812 4.782184 4.833199 4.576019 4.506876 4.521128 4.48736 4.351324 4.124889 4.063547 4.061642 4.14927 4.168794 3.934651 3.482008 3.331388 3.575415 3.828588 3.830873 3.42371 3.074089 2.974554 2.951059 2.870904
3.079742 3.00792 3.087563 3.203888 3.264976 3.18527 3.158233 3.123856 3.11579 3.123979 3.138002 3.152743 3.148349 3.098423 3.126381 3.144816 3.143996 3.139943 3.135367 3.130663 3.177 3.197156 3.188337 3.222251 3.194858 3.170372 3.169843 3.288334 3.532759 3.746358 3.853936 3.91661 4.033602 4.160538 4.207753 4.265464 4.220079 4.272491 4.534281 4.661712 4.674677 4.629252 4.352545 4.221545 4.259834 4.270417 4.075855 3.871469 3.878697 3.999444 4.029394 3.91426 3.744638 3.371165 3.379068 3.636693 3.797572 3.72261 3.425277 3.182481 3.156168 3.06897 3.035098
3.006634 3.051536 3.11614 3.199639 3.244323 3.206558 3.119524 3.073624 3.068205 3.083051 3.103915 3.12438 3.133738 3.079743 3.098933 3.12878 3.14374 3.132584 3.128741 3.134 3.169751 3.231927 3.234865 3.247402 3.225129 3.178451 3.186948 3.211762 3.260046 3.435395 3.487568 3.531128 3.60373 3.729328 3.792106 4.02823 4.131069 4.195516 4.351894 4.45629 4.461995 4.34216 4.168171 4.0717 4.094101 4.118825 3.923348 3.717921 3.65918 3.695178 3.813655 3.682012 3.542266 3.31846 3.243342 3.504819 3.571026 3.649096 3.436556 3.216709 3.123657 3.057762 3.148899
3.104825 3.142442 3.222806 3.261523 3.259699 3.203336 3.12846 3.019803 3.029154 3.050396 3.067964 3.081451 3.085986 3.048711 3.083035 3.118992 3.137401 3.12918 3.146512 3.16613 3.165705 3.194711 3.195487 3.237291 3.248953 3.21365 3.216961 3.192792 3.380104 3.388747 3.433746 3.430812 3.42842 3.476342 3.641677 3.889457 3.967885 4.055223 4.111346 4.167662 4.160053 4.023843 4.019087 4.042658 4.055968 4.064546 3.941745 3.813028 3.646035 3.574267 3.569439 3.427262 3.348759 3.217107 3.349523 3.462565 3.513013 3.686745 3.406859 3.1353 2.950768 3.083101 3.292888
3.20778 3.24059 3.29511 3.201586 3.109043 3.10273 3.0527 3.000282 3.017932 3.041675 3.052861 3.057761 3.057919 3.082981 3.100831 3.127053 3.151486 3.134225 3.156171 3.187585 3.210798 3.236838 3.217619 3.228238 3.23277 3.249576 3.310818 3.40156 3.57683 3.739633 3.695904 3.536583 3.486924 3.719356 3.746776 3.822748 3.87391 3.929346 3.966324 3.958831 3.877481 3.842556 3.964936 3.945303 3.973204 3.945109 3.861564 3.841438 3.746583 3.494004 3.244183 3.258468 3.347198 3.414089 3.243328 3.446492 3.58065 3.627126 3.355589 3.002872 2.86692 2.988044 2.937985
3.261286 3.300933 3.235797 3.174978 3.102399 3.045789 3.036216 3.037682 3.039346 3.054756 3.05578 3.062643 3.090321 3.107558 3.110533 3.122646 3.142777 3.098999 3.138275 3.206639 3.198664 3.210343 3.224008 3.24459 3.277055 3.341945 3.423404 3.539287 3.657287 3.767541 4.018179 3.971719 3.938491 3.973871 3.90011 3.869677 3.8573 3.829921 3.822301 3.810797 3.797924 3.807228 3.920378 3.900105 3.83939 3.864747 3.851129 3.883349 3.821713 3.688963 3.436444 3.114714 3.303787 3.437686 3.517419 3.514624 3.577136 3.490575 3.285584 2.977938 2.801314 2.696353 2.796996
3.281561 3.234706 3.190758 3.16165 3.122388 3.092503 3.078381 3.059196 3.052103 3.069019 3.080696 3.099588 3.109746 3.112051 3.108405 3.10186 3.091893 3.059815 3.106591 3.173012 3.129569 3.133719 3.183336 3.23507 3.283481 3.395829 3.52737 3.59655 3.725339 3.862386 3.941875 3.89171 3.901708 3.952325 4.002409 3.963774 3.897908 3.811006 3.790969 3.744475 3.72062 3.713986 3.755125 3.73424 3.75938 3.828841 3.836501 3.770322 3.777098 3.611851 3.322989 3.267897 3.262128 3.436388 3.432496 3.300442 3.285772 3.238918 3.057022 2.785668 2.61492 2.668364 2.705821
3.272488 3.187876 3.150824 3.136209 3.123063 3.104584 3.087288 3.07161 3.068226 3.080035 3.085873 3.100966 3.115798 3.1112 3.099797 3.087749 3.070159 3.095586 3.116341 3.116513 3.089312 3.098536 3.13555 3.192125 3.274657 3.433705 3.465106 3.629767 3.784787 3.89987 3.849264 3.829557 3.853641 3.955771 4.040529 3.986182 3.906535 3.829125 3.801015 3.747189 3.621992 3.515261 3.500291 3.54215 3.626362 3.738541 3.647508 3.610906 3.564442 3.538416 3.402748 3.336003 3.177516 3.020821 3.190986 3.143404 2.840377 2.678939 2.483007 2.318781 2.172909 2.362108 2.593708
3.241241 3.162422 3.112791 3.101376 3.101819 3.103072 3.091622 3.08952 3.106176 3.095246 3.085929 3.096979 3.110259 3.108707 3.093756 3.067618 3.071716 3.120232 3.13532 3.132665 3.149658 3.144124 3.1663 3.232675 3.27599 3.326226 3.343914 3.504065 3.644813 3.70116 3.684244 3.689004 3.746339 3.873596 3.883361 3.838209 3.780348 3.728224 3.716411 3.591059 3.5289 3.521882 3.499262 3.565675 3.653583 3.672906 3.564154 3.533963 3.570128 3.545464 3.459188 3.4924 3.336039 3.129107 2.937087 2.923276 2.646227 2.521174 2.209496 1.92467 2.152069 2.333368 2.446064
3.196907 3.152591 3.084558 3.073241 3.075488 3.083714 3.098585 3.110911 3.090652 3.08831 3.096926 3.100816 3.099905 3.094067 3.081018 3.079086 3.116752 3.147661 3.167087 3.182736 3.211319 3.246341 3.255701 3.244956 3.226587 3.212842 3.306593 3.441603 3.485391 3.516974 3.515993 3.567576 3.688323 3.787711 3.770507 3.732956 3.65251 3.581582 3.489525 3.381938 3.435309 3.449461 3.445413 3.504504 3.579833 3.539901 3.453848 3.507633 3.545771 3.503268 3.465919 3.606436 3.623656 3.337311 3.113772 2.868439 2.594113 2.469803 2.340712 2.262975 2.480422 2.495003 2.570508
3.16478 3.132026 3.08144 3.059354 3.056172 3.069133 3.087839 3.103141 3.106972 3.082148 3.086477 3.093598 3.091293 3.07391 3.06275 3.08821 3.133881 3.164289 3.206122 3.230805 3.283857 3.268861 3.211365 3.185329 3.140013 3.17657 3.33517 3.403504 3.461938 3.47605 3.472957 3.543787 3.673677 3.710426 3.691419 3.679659 3.643901 3.560979 3.4889 3.312082 3.226035 3.247582 3.326595 3.362369 3.350184 3.360319 3.485514 3.63271 3.735033 3.529502 3.650295 3.784864 3.683237 3.49833 3.233847 3.001081 2.722798 2.535358 2.613719 2.692435 2.769716 2.864754 2.737216
3.149228 3.128706 3.084554 3.054899 3.043469 3.053554 3.081034 3.092464 3.098138 3.080628 3.070305 3.076636 3.084255 3.056231 3.075404 3.106431 3.140095 3.18796 3.217256 3.241978 3.273127 3.207898 3.088474 3.098662 3.079458 3.317238 3.440515 3.381627 3.382377 3.394192 3.414661 3.512295 3.621188 3.623076 3.612653 3.646636 3.644891 3.57634 3.498997 3.355851 3.349291 3.442739 3.459725 3.373174 3.206038 3.189623 3.2909 3.449102 3.461853 3.341344 3.56105 3.76185 3.781415 3.468768 3.184959 3.066765 2.709347 2.586627 2.729187 2.787198 2.827894 2.847096 2.621189
3.103142 3.116729 3.054184 3.02897 3.030186 3.050246 3.08459 3.07588 3.07948 3.07163 3.058203 3.055179 3.072277 3.044825 3.123734 3.164988 3.192057 3.231521 3.231949 3.213865 3.181748 3.101529 3.026385 3.05599 3.20315 3.436142 3.453099 3.427474 3.431677 3.393698 3.386451 3.420233 3.518269 3.501238 3.555458 3.636431 3.656039 3.62787 3.517655 3.528251 3.722464 3.82261 3.768561 3.552973 3.339926 3.301317 3.210801 3.107333 2.987463 2.992612 3.35058 3.464475 3.327785 2.971936 2.743337 2.510955 2.616664 2.576323 2.706911 2.771527 2.731733 2.713743 2.693868
3.032406 3.068213 3.051342 2.992327 3.035239 3.055859 3.064533 3.054764 3.054291 3.054486 3.046871 3.050886 3.052854 3.070628 3.182817 3.282427 3.274007 3.245101 3.220612 3.200089 3.144994 3.081608 3.098092 3.168851 3.374964 3.44341 3.424587 3.438147 3.49983 3.481035 3.423828 3.346931 3.381134 3.416985 3.559847 3.668255 3.693686 3.678641 3.68782 3.7552 3.879333 3.934086 3.822507 3.663507 3.458613 3.410707 3.248806 3.080335 2.907334 2.786163 2.613436 2.495938 2.399444 2.300531 2.359089 2.443904 2.654987 2.741127 2.845207 2.837003 2.791251 2.815576 2.813663
2.994798 2.999936 3.000351 2.977809 3.076163 3.045046 3.014805 3.004249 3.01089 3.02593 3.045602 3.061093 3.103198 3.164705 3.258712 3.285356 3.218323 3.196265 3.188618 3.17449 3.148126 3.156948 3.230683 3.330037 3.483721 3.443588 3.431791 3.44897 3.443551 3.478431 3.575146 3.567412 3.540115 3.548088 3.643172 3.728398 3.794358 3.795218 3.789304 3.82703 3.827655 3.856954 3.762616 3.639652 3.589862 3.559786 3.458014 3.292942 3.051525 2.899735 2.528625 2.238741 2.116302 2.145707 2.361621 2.478694 2.731363 2.943086 3.044442 3.017277 2.939918 2.947068 2.897034
3.01896 3.007712 3.017273 3.040848 3.077273 3.055292 2.955505 2.953815 2.991091 3.062604 3.088326 3.109184 3.133505 3.166163 3.246632 3.232366 3.123108 3.119138 3.131634 3.14284 3.134216 3.141789 3.251264 3.348167 3.364083 3.416116 3.38595 3.381892 3.332824 3.537483 3.660525 3.663126 3.712595 3.785212 3.788586 3.829612 3.831874 3.796015 3.780962 3.754676 3.760531 3.799143 3.708364 3.664071 3.64774 3.611379 3.57743 3.473913 3.315798 3.254054 3.098724 2.968395 3.068335 3.004209 2.780906 2.842634 3.040711 3.097026 3.144998 3.161314 3.12646 3.142038 3.151247
3.067131 3.070002 3.081543 3.042758 3.018789 3.01146 2.929731 2.939186 3.019673 3.0621 3.091966 3.110583 3.128062 3.14463 3.169802 3.185154 3.035703 3.027042 3.050117 3.070283 3.076731 3.072004 3.194423 3.259337 3.305151 3.350761 3.323176 3.335587 3.53624 3.744804 3.839264 3.819608 3.879493 3.965885 3.918254 3.776054 3.719993 3.749276 3.816308 3.821576 3.840599 3.907326 3.742471 3.696663 3.656586 3.574943 3.518081 3.341838 3.38242 3.369405 3.336947 3.251791 3.405695 3.535989 3.380415 3.187045 3.083912 3.083604 3.205542 3.304878 3.382671 3.442371 3.562121
3.074052 3.077247 3.075017 3.038258 3.011585 3.000055 2.933152 2.970366 3.043946 3.037084 3.062455 3.088199 3.097995 3.122376 3.151551 3.105698 2.967177 2.968219 2.985315 2.982923 2.971757 3.059575 3.160509 3.225963 3.292016 3.314133 3.324107 3.404345 3.626893 3.902694 3.907157 3.93809 4.016727 4.018268 3.891943 3.769701 3.715653 3.71371 3.725217 3.781579 3.864019 3.791231 3.748937 3.763768 3.637579 3.562299 3.364983 3.107997 3.02658 3.08555 3.025717 3.136229 3.376403 3.515255 3.403862 2.988344 2.952607 2.949306 3.109472 3.282422 3.436276 3.442827 3.210918
3.028446 3.052375 3.066246 3.036157 2.98184 2.915326 2.958695 3.030062 3.053142 3.000206 3.017218 3.044496 3.073393 3.030272 2.988823 3.003532 2.966396 2.976029 2.967268 2.922468 2.987205 3.052544 3.122441 3.200234 3.234804 3.248818 3.268838 3.363213 3.510431 3.653191 3.74135 3.821037 3.82195 3.841253 3.836107 3.805807 3.777758 3.762725 3.66096 3.5934 3.473866 3.463912 3.445935 3.257108 3.215444 2.866915 2.820084 2.693357 2.773706 2.786109 2.756163 2.773596 2.732337 2.754025 2.665929 2.318309 2.568676 2.673399 2.857848 2.955516 3.060393 2.989534 2.738571
2.971442 3.008447 3.035999 3.032047 2.953938 2.959506 2.977008 3.012492 3.012806 2.96993 2.980627 2.997328 3.019056 2.961757 2.94719 2.9406 2.959958 2.979277 2.972525 2.941303 3.030427 3.02266 3.06413 3.109941 3.130718 3.129506 3.120316 3.137996 3.201645 3.400201 3.591459 3.650214 3.652009 3.688124 3.71963 3.760359 3.761036 3.691102 3.557757 3.442467 3.398637 3.180771 2.807409 2.6492 2.400927 2.415452 2.376645 2.491351 2.685632 2.776932 2.727202 2.638304 2.473614 2.178627 2.028515 2.143196 2.318951 2.318079 2.265593 2.259822 2.426345 2.338157 2.175269
2.943974 2.962737 2.985367 2.989118 2.890662 2.903447 2.93066 2.957833 2.956499 2.944707 2.961588 2.966458 2.958338 2.944507 2.950471 2.94266 2.930572 2.943195 2.947295 2.952385 3.06028 3.110893 3.156701 3.206608 3.137093 3.035436 2.973592 2.963337 3.054404 3.235935 3.552498 3.663292 3.698148 3.689755 3.636789 3.531301 3.478018 3.415128 3.271476 3.150525 3.113902 2.892798 2.735834 2.639364 2.698454 3.019349 3.021033 3.036085 3.14767 2.913258 2.769112 2.619789 2.469227 2.344745 2.404284 2.590697 2.513072 2.366297 2.578918 2.619815 2.396085 2.307501 2.244788
2.923012 2.912276 2.916322 2.904383 2.812657 2.830175 2.872788 2.894074 2.9121 2.932423 2.954673 2.966151 2.938592 2.932065 2.928431 2.931952 2.912357 2.884512 2.859754 2.931479 3.069286 3.081562 3.217128 3.188776 3.107584 2.971871 3.002896 3.023956 3.24497 3.539378 3.798784 3.830295 3.81794 3.713563 3.636334 3.62819 3.606553 3.507909 3.331265 3.134739 2.858388 2.722857 2.734021 2.88588 3.209687 3.439626 3.494997 3.535686 3.429427 3.035069 2.750114 2.647234 2.720696 2.909254 3.167568 3.429446 3.353368 3.515498 3.653175 3.480246 3.164872 2.880399 2.637753
2.902275 2.871707 2.852916 2.819728 2.770901 2.79943 2.83601 2.895578 2.920211 2.918188 2.939559 2.952797 2.8853 2.886617 2.902871 2.905354 2.87756 2.813497 2.845539 2.925236 2.962304 3.01517 3.102839 3.061976 3.054733 3.043911 3.078543 3.363515 3.732263 3.901766 3.911394 3.82812 3.757686 3.628463 3.591693 3.605073 3.588998 3.477184 3.281184 3.006725 2.719616 2.715438 2.994687 3.208116 3.489771 3.615873 3.603492 3.476446 3.102205 3.038347 3.08841 3.154763 3.26181 3.454915 3.649718 3.858668 3.964808 4.132383 4.003437 3.71915 3.457538 3.293797 3.033467
2.873019 2.835973 2.802368 2.773348 2.823193 2.844605 2.872769 2.884981 2.890214 2.878964 2.881703 2.902506 2.811341 2.853043 2.897863 2.902411 2.893659 2.904255 2.913629 2.941429 2.979916 2.988107 3.000459 2.995763 3.009811 3.112255 3.322041 3.678684 4.028918 4.153094 4.037115 3.789019 3.655474 3.518586 3.446228 3.382518 3.246338 3.120478 2.980711 2.87409 2.850653 3.179459 3.588043 3.664331 3.699199 3.722021 3.60224 3.425643 3.277072 3.364997 3.515292 3.674396 3.789801 3.91916 3.886182 3.93038 4.066133 3.93285 3.708191 3.479918 3.338818 3.151364 2.994967
2.834397 2.804959 2.787367 2.803446 2.833572 2.87866 2.8389 2.832503 2.834986 2.827198 2.817198 2.812723 2.753578 2.84238 2.932838 2.919014 2.878118 2.926458 2.982351 3.004524 3.006197 3.023358 3.006733 2.939322 2.935426 3.10917 3.34196 3.653259 3.903529 3.917969 3.820631 3.620292 3.496364 3.391676 3.364891 3.3092 3.161613 3.038493 2.920402 2.898733 3.06145 3.399374 3.584339 3.691528 3.695569 3.668109 3.649187 3.611442 3.618622 3.644835 3.707953 3.764993 3.807739 3.801911 3.780242 3.788507 3.715332 3.506778 3.336302 3.20532 3.123269 3.000926 2.861974
2.790929 2.758152 2.786698 2.785569 2.781754 2.785178 2.732322 2.738638 2.756109 2.760959 2.743855 2.708349 2.742501 2.779682 2.83014 2.82691 2.736626 2.888811 2.923159 2.943605 2.968259 2.99271 2.969558 2.890277 2.9288 2.953659 3.184199 3.477895 3.701319 3.749508 3.64689 3.504111 3.428403 3.365491 3.360062 3.285224 3.108984 2.983598 2.850445 2.844499 3.20545 3.507257 3.61017 3.662931 3.644245 3.60834 3.658769 3.683917 3.687711 3.678236 3.677218 3.681776 3.679675 3.662427 3.67381 3.603849 3.421854 3.274318 3.208903 3.143909 3.074375 2.96586 2.800603
2.737895 2.71233 2.724356 2.743412 2.723788 2.694548 2.684142 2.684143 2.692681 2.694722 2.720176 2.741298 2.713852 2.712106 2.694298 2.656566 2.682626 2.819929 2.833275 2.853913 2.937865 2.956708 2.936267 2.953281 2.914501 3.073546 3.279025 3.517467 3.650165 3.693565 3.64547 3.596981 3.586829 3.640768 3.557734 3.429927 3.05058 2.771169 2.740986 3.217849 3.512267 3.560235 3.513531 3.52919 3.418159 3.355823 3.46543 3.488549 3.64291 3.668977 3.594568 3.561706 3.543494 3.55344 3.511814 3.355125 3.212418 3.138669 3.11437 3.083602 3.067012 2.883265 2.684257
