py_wake/examples/data/AJ_ParqueFicticio/Rough survey   Sector 5   Height 30m   Power density.grd
DSAA
73  159
 258469   265669
 6501692   6517492
 .01172314   1241.924
[rows 0 to 27 of 159, columns 0 to 62 of 73]
130.2588 135.1663 137.1479 138.6281 139.0729 139.6062 140.6117 141.2406 141.8678 141.8329 140.9723 138.9209 137.0575 135.2569 133.1144 131.8257 131.0347 130.9155 130.5425 129.7941 131.1467 166.5043 199.7239 221.6761 162.1675 74.57046 69.65945 105.0966 121.3115 111.3365 98.81661 98.21339 98.86811 109.9243 115.9802 133.5379 175.9899 218.9705 204.9184 201.7858 202.7832 207.8549 213.2233 205.72 197.0824 203.1042 200.2975 198.6148 197.5197 195.218 193.6096 189.4898 187.5276 186.3369 182.2868 179.0061 175.9282 171.8246 169.0379 165.2838 160.6527 156.7392 153.4739
129.2221 132.593 135.7712 138.0835 139.3691 139.9204 140.6696 141.2226 141.8003 142.5893 142.8075 140.3578 138.1843 135.8394 133.1827 131.0869 129.8112 129.3291 125.403 121.693 124.5943 148.8892 210.4389 242.0759 222.8287 127.4542 56.17397 83.49047 108.0741 105.7482 101.9897 97.17062 95.81747 100.3239 101.9989 121.0955 162.3887 233.504 216.2147 209.6133 209.583 215.0744 227.5954 223.1268 190.7223 192.5065 198.9623 202.9537 201.8465 199.2624 199.7697 194.1482 192.3954 189.5893 185.1166 182.3174 178.2659 174.3045 168.6503 163.6958 158.4766 153.2474 148.7115
140.0905 122.4665 131.3766 136.6055 138.7724 139.8524 140.5891 140.7689 140.9752 141.6227 149.0839 146.118 140.4198 137.7148 133.385 129.9239 128.1071 126.2328 121.4862 112.5372 117.4426 130.6983 199.8808 259.3247 256.6722 142.5405 78.50824 81.84797 94.28516 95.86835 98.02171 93.78434 93.34723 92.3097 86.05278 104.1074 141.0205 242.5997 234.927 221.4119 215.8103 217.6833 224.4261 247.6183 208.5091 187.1538 187.8958 196.1681 203.7544 205.9189 207.1408 207.1148 196.0941 191.0123 188.1107 185.5164 181.1955 175.6518 169.1404 162.5855 155.3866 149.4524 144.0144
189.184 142.3799 126.2369 134.3353 137.6604 139.772 140.5859 140.1149 139.4613 139.442 140.9753 150.0762 149.6755 144.6255 134.4261 128.0704 124.8599 122.1653 116.9722 107.0008 109.1277 118.437 170.3868 219.6365 257.5281 172.2973 99.06803 83.03371 87.18958 90.41492 94.65476 93.90146 90.76357 82.20063 71.81924 73.70711 102.6476 191.9612 267.6206 238.0256 235.264 235.9176 231.7672 245.5068 245.4476 199.619 190.3643 193.9745 200.846 203.8212 215.1105 210.559 201.3842 197.0895 195.0242 190.9282 185.5449 178.041 169.8672 160.9667 152.2634 145.7062 140.2719
229.4785 173.6281 126.2435 130.0774 133.9096 138.5547 140.9729 139.8505 138.1259 137.4794 136.2052 137.5818 150.8105 152.0785 137.0387 126.0361 121.693 117.9222 112.9436 102.3315 107.9662 115.222 139.8206 183.9197 226.1977 187.5718 120.5132 99.36696 93.33157 92.57492 89.01263 93.99075 83.75991 72.92875 63.71359 51.88581 60.70512 128.5993 200.3825 220.8698 252.5635 279.3557 241.9542 234.1881 257.7463 222.0378 209.6321 201.4369 199.8279 204.9085 219.7402 219.9611 214.8391 210.6369 206.031 199.5474 191.1571 181.3874 170.4086 159.4608 149.5061 139.994 132.8441
226.9272 206.1485 171.4404 136.6685 122.9241 134.9538 142.9093 140.0152 134.846 133.824 135.2404 130.8951 142.906 146.926 139.2549 124.0125 118.0015 111.9727 101.4923 104.0066 116.8983 124.1973 140.036 166.6299 207.8915 185.8363 139.0981 115.0447 103.8178 97.36234 90.77551 92.12068 95.53565 84.47244 77.23141 61.85027 47.18293 69.87379 120.7196 151.766 201.9002 300.7199 255.4804 230.3669 225.4991 239.9909 226.4109 210.4845 201.1901 201.2718 212.9552 237.228 234.913 229.6734 221.7292 211.4355 199.4041 186.6774 172.594 159.2143 145.8692 134.0738 118.9328
220.9668 225.6407 230.4411 199.7984 142.6873 123.6839 141.8322 144.7462 141.2061 139.3735 141.2935 134.4851 131.0238 139.4451 142.9619 133.0117 114.7064 107.0123 95.54517 87.97028 106.0704 132.2517 151.3821 166.6006 201.7452 185.6804 154.7337 129.2666 111.7505 101.2466 93.41936 89.49773 96.96177 91.97971 81.73908 71.18189 63.13879 61.01505 66.62359 94.42412 161.5936 261.3897 264.2119 229.6509 227.6489 232.9013 232.034 215.8195 194.6844 193.1443 204.4601 220.575 245.1364 266.2093 251.7259 230.2626 211.457 194.4558 177.0846 158.402 141.1947 119.7324 100.9465
217.4343 220.3843 223.1888 224.6635 179.4146 139.0419 139.9949 147.0588 145.7092 144.7907 143.3727 139.4948 137.6533 144.223 149.0797 142.7336 122.0351 104.1697 93.09383 72.64082 89.43606 117.3379 158.9572 176.1686 211.71 196.2638 170.4631 138.2685 120.5388 107.1705 99.74907 102.8882 100.8335 94.42392 84.95654 74.74791 69.22312 69.91722 68.11681 56.8245 125.4756 224.4626 237.0987 230.2621 220.9113 222.5152 237.6955 216.2583 185.5831 182.4066 204.014 207.4323 220.1387 257.4129 303.4161 256.6911 227.2056 206.4544 185.7035 163.4732 126.0383 106.6552 88.58198
217.9615 221.5422 225.3043 226.7763 208.0392 167.9501 157.3837 153.8382 148.8769 147.3768 146.431 145.0659 145.232 150.6375 157.9654 154.9468 137.5928 105.2544 87.97177 71.72715 64.00562 89.95617 130.1748 155.9154 205.0532 223.3082 197.2512 155.3205 135.7743 121.9054 113.1343 110.294 106.3679 100.1621 90.71246 81.27315 73.74583 73.36465 76.34064 61.92924 86.00732 149.9294 175.5368 181.4912 212.2512 235.0498 213.0914 221.5173 177.6266 153.4941 192.0455 195.0791 189.7217 242.5141 300.2573 285.3836 245.1202 223.6937 207.0873 173.9227 115.9842 85.08657 75.67914
219.1018 222.8624 227.4308 231.3936 226.6445 194.1661 165.7529 153.6001 146.6461 148.6355 152.1236 153.0277 150.5241 154.8281 168.7162 173.2768 156.3566 125.8033 94.06367 71.96551 57.60529 59.78983 88.01458 93.28426 143.1729 225.8139 229.2211 183.6291 160.9157 139.2825 123.9678 119.5472 114.8799 108.3239 100.7368 95.28788 86.12233 72.95712 79.9221 79.26276 73.71099 80.89197 98.83691 93.17583 165.8739 203.5962 186.7634 206.8302 176.7277 128.7102 155.1426 172.2946 168.2799 202.1142 269.2373 306.0474 265.8171 250.4976 238.0221 206.5152 137.4427 75.4556 65.94445
219.8628 223.61 225.7974 230.6664 238.0195 214.3367 208.3871 176.0857 144.2417 150.4391 160.7461 163.6935 151.751 148.4562 165.0874 206.5399 200.7824 146.2598 115.0953 92.04207 65.32206 57.43255 69.33858 75.85323 72.67455 136.8062 213.5571 221.217 183.4086 147.6425 136.3909 132.0435 126.7403 120.7235 112.965 102.6347 96.01389 85.94214 79.06248 90.52206 94.95557 99.12193 98.58398 80.99204 84.08344 131.1459 128.6613 156.6107 163.8765 122.4729 119.958 132.1658 163.3105 194.4748 243.3029 285.44 295.2597 285.4416 290.3383 258.1598 184.7513 98.01583 71.47555
216.705 221.1861 218.537 210.7046 222.3105 222.362 225.7107 197.0937 134.1542 155.5422 172.9319 184.9133 156.0596 130.8323 138.2493 211.2972 254.2557 206.6213 132.5257 108.0481 82.91633 61.54375 56.61334 65.55508 71.71771 74.14362 159.9455 201.0063 179.142 155.3904 145.7771 138.2188 135.8318 133.1836 127.3219 111.0812 103.8299 96.67632 85.88565 92.34029 101.0684 106.5876 105.0094 98.23959 85.98841 90.21358 97.64674 101.0872 117.6696 108.3812 86.60312 101.6231 156.8068 202.8959 207.7002 224.804 261.7456 314.3711 311.0999 303.1523 248.3965 152.544 86.88605
209.8771 214.2257 214.6544 208.9701 216.0523 223.4838 229.7686 231.3927 137.4 156.3192 186.0024 216.8369 208.1222 124.9959 118.6142 124.9708 191.3041 237.9716 227.7085 152.2709 103.2366 79.97924 67.7355 68.22652 72.00399 78.75432 84.58018 138.4541 167.0936 156.4198 146.2756 139.3098 138.0684 135.3121 130.9663 120.2059 110.2821 105.0756 99.7317 94.11607 100.2613 107.6469 109.5778 106.4335 91.11465 91.83465 95.53221 103.3624 110.676 103.9252 85.17167 63.32798 102.9167 155.5459 178.792 161.0026 174.3187 187.98 198.7464 195.7413 197.0341 142.0997 96.70295
202.0153 204.7024 211.8058 213.3122 216.851 223.1127 227.0852 233.2197 156.0307 149.5271 183.5348 217.0721 232.5254 199.1597 141.5957 127.8341 157.622 183.5904 217.074 207.302 189.593 142.2897 91.02976 70.23747 74.63445 80.37379 91.30213 106.6492 125.3455 132.2589 132.6602 131.0178 131.4705 132.5315 127.0333 121.8968 114.2188 110.5453 108.3182 106.2937 102.4371 103.0365 107.3907 108.6445 90.99208 87.02722 88.74873 86.9231 96.05402 90.09846 78.81747 60.01337 8.770045 16.29144 23.88673 26.1932 .01172314 .03090789 .03165234 24.10285 27.17278 64.57697 75.46793
196.7541 203.2253 209.246 213.735 218.4993 221.6812 222.9817 220.1667 186.0074 166.5449 196.2087 214.5638 223.7116 218.7011 194.4648 175.3801 177.3361 191.4826 208.7802 207.9118 214.5811 206.6685 176.8068 97.78542 72.54291 80.91494 88.70952 100.0774 110.6554 117.8078 121.4437 123.8423 131.193 134.668 130.5948 119.3184 114.8737 109.8167 112.0447 117.7983 117.8017 114.3967 108.2886 109.4576 110.0434 92.59657 95.90103 87.83913 71.73981 67.64522 66.61228 54.31256 15.92017 18.12017 24.28935 23.82704 .0627933 .0476758 .01331955 22.37415 16.48825 10.95858 30.00088
193.5725 201.3181 207.6978 212.3006 217.0465 219.4922 218.8425 216.2903 205.9519 189.2302 196.3722 207.8951 216.1932 220.5988 213.6197 189.0415 178.4991 193.2365 215.8472 218.6151 214.6934 233.602 255.1087 191.9541 111.0359 72.17025 82.52207 93.23811 102.7813 112.3537 116.6848 118.5509 126.2787 143.474 157.6492 125.4097 95.16168 99.41805 106.9365 131.983 146.2342 133.1508 117.1918 118.2823 118.9424 110.2859 99.07994 92.11566 80.94438 53.19001 52.31818 49.9913 22.16406 25.25075 25.87727 .1943159 .1665485 37.14013 35.47147 23.66486 14.7399 8.399667 3.219396
191.8455 197.8156 203.8374 208.9299 213.6372 216.4674 215.8493 212.5276 205.9261 197.0319 196.8206 201.2942 207.3874 208.1162 213.3309 208.4222 196.4678 195.1362 209.1374 211.7465 213.1406 227.9181 244.1768 261.0581 239.6845 134.7288 72.91575 81.3701 95.785 106.8636 110.51 109.1346 122.3636 154.5184 194.3009 187.1275 111.9224 85.09517 92.66702 117.914 154.8363 143.4307 126.4349 121.2537 120.5164 116.3484 107.6431 102.8507 80.73499 21.46464 18.61099 32.86589 62.68161 89.92773 116.8403 149.8141 191.1718 223.1703 229.9483 211.7898 171.4876 119.5708 48.93106
191.1058 196.5715 201.88 207.2926 210.9722 213.4197 213.136 210.595 206.1859 204.3955 202.5509 197.3713 196.0497 206.6315 212.2152 212.9309 207.1768 204.4843 208.7615 211.9686 214.9735 224.8525 237.674 255.0898 263.3849 250.9462 156.4513 90.47327 88.15465 103.5094 112.7211 113.1689 120.2007 152.4575 210.1641 236.839 158.8239 91.86487 93.76964 116.7766 185.1232 206.6304 146.5219 117.6114 107.4936 102.4045 98.75909 124.5719 144.43 142.6755 122.0415 111.7007 135.0566 174.0967 206.0394 225.9575 241.9419 253.931 265.1429 258.2148 219.4975 174.1952 97.07648
189.5318 194.6904 199.7455 205.8775 208.7116 210.9399 211.4346 208.8112 206.5635 207.151 208.71 198.0627 190.8823 203.9125 210.4408 213.4246 211.7666 210.8516 211.4297 212.009 212.6728 218.9549 231.5719 253.5991 269.7711 260.5698 226.4126 169.8854 127.4126 122.77 110.3795 101.7589 146.8214 199.532 231.481 262.5617 215.4458 117.1303 80.38441 109.7737 217.7648 295.6809 276.7729 242.3225 202.5946 173.6401 134.2627 158.8908 197.4559 193.0338 152.3423 129.6591 137.7833 168.1198 209.462 236.8631 256.44 259.9476 251.0045 244.3452 244.5352 208.6373 136.1593
187.8946 192.5946 199.2251 204.3337 205.7231 207.5113 207.5255 206.7514 205.7152 207.1692 209.1221 206.2004 198.0489 202.4095 209.3082 213.7131 215.7609 216.6484 214.4238 212.3181 210.2392 212.1775 214.3574 229.1223 244.5755 253.0857 256.086 220.6207 170.3947 156.4338 121.8674 85.5657 123.7172 232.717 255.7794 276.0876 250.8229 144.8854 70.49993 100.629 213.0434 323.597 348.5316 351.9696 318.7238 267.5352 192.8012 193.5502 235.9667 235.6807 186.6928 155.4244 145.0006 162.8892 195.825 228.6232 248.1441 268.318 256.6051 235.9077 227.0629 219.8686 169.3586
185.6215 189.688 194.7624 198.4183 201.0211 201.6546 203.2773 203.7703 203.5822 205.9807 209.1837 209.8669 204.9564 206.0916 210.3618 214.4186 218.0331 219.4508 216.8995 211.5101 209.4021 208.2668 212.411 218.7214 229.1975 233.574 230.8069 227.0679 229.0751 162.2561 135.52 105.1275 83.50125 214.9145 275.3707 303.0126 243.3607 140.1852 73.49113 100.221 208.1534 297.2304 342.7601 348.8888 352.2537 350.2597 279.4994 237.5457 249.8748 264.635 210.2083 198.3734 171.8199 173.0525 199.4109 225.243 246.1217 262.8833 255.4857 234.7498 217.9814 206.9662 190.8001
184.4279 186.3062 187.0636 193.6145 196.6309 197.5487 197.9657 198.669 199.2702 204.0148 210.0916 212.1039 210.2421 210.1401 211.7453 213.2094 217.3623 221.3245 217.927 216.3845 214.2933 211.8908 211.8622 216.6181 223.1101 225.8456 221.1638 214.4382 224.0447 182.3873 172.4756 155.3303 76.77551 111.7766 222.1307 296.4189 272.7199 144.8185 67.8062 102.9848 199.7782 283.005 320.4004 332.8477 345.8252 353.9544 322.5873 278.908 263.1805 252.8436 231.7646 217.8266 208.8147 188.2321 214.1828 237.3528 249.9342 266.477 261.1322 231.0685 204.2505 191.7554 180.3756
183.6383 184.9116 185.2372 187.3655 191.2007 192.7103 192.9857 193.6723 194.4939 200.3409 209.1034 211.3927 212.2867 212.7219 212.3063 212.6194 209.5517 218.7068 220.5458 219.7182 216.9071 215.4939 216.2638 219.2495 221.8784 221.8329 215.8735 206.3363 204.079 201.4173 223.4802 215.9849 112.8685 81.68435 144.904 280.8211 283.6412 171.3226 75.55042 65.39658 149.774 258.6746 316.9071 321.6089 330.6709 339.7602 333.8375 320.8722 302.1503 259.0069 240.7143 236.9518 236.6546 212.4456 227.4367 261.2066 274.3496 280.6587 292.8603 267.3386 209.3443 173.5946 158.0007
185.2619 188.2915 183.4041 181.3914 184.7287 187.6272 188.8308 189.8311 190.951 197.0374 205.5981 208.81 210.2105 212.7415 212.8918 213.1456 207.9981 210.4471 216.5968 220.0862 220.5289 220.2712 220.4202 222.519 222.8736 218.1659 210.6915 202.2885 178.9219 186.0061 223.1747 239.4579 175.6972 93.53207 102.5412 220.234 271.1974 232.0396 139.2184 66.42512 87.51735 191.8248 255.4665 291.9948 298.7619 325.802 335.3457 335.1935 319.7418 288.132 264.9402 253.9962 253.9746 231.0802 236.371 289.2506 315.5186 304.3456 315.8635 309.4039 237.8462 166.6536 145.16
183.502 186.0888 185.5871 182.8519 183.8704 185.586 186.3388 187.7934 188.9971 197.1037 202.1402 205.9165 208.0296 209.2289 210.3015 214.2749 212.392 211.1207 215.1466 219.1011 221.7045 222.8417 223.6705 225.8853 222.7632 214.1225 204.4777 198.8681 175.7911 151.4951 187.8533 222.1486 226.8438 150.917 91.51682 174.3824 229.7333 224.9915 188.6723 123.4675 95.80497 144.3225 206.5628 247.1549 264.5977 305.0045 324.0937 338.4142 332.6632 304.9283 294.1555 285.9693 287.4818 249.7736 234.585 311.1726 368.7741 343.1651 333.5148 342.8113 251.951 176.4716 133.9746
184.19 181.5928 183.2286 183.8939 184.5358 185.722 187.2706 186.9069 187.6285 194.1983 198.9043 202.2061 204.5795 206.5247 208.618 211.989 213.634 214.2456 215.7291 218.6446 221.1604 223.2605 225.0128 226.7711 223.5522 209.557 194.3985 194.4053 193.8402 159.992 178.5558 208.9073 213.9037 206.9392 101.5075 148.6091 203.3968 218.723 203.1022 154.8867 109.3082 136.3073 213.2449 237.2056 254.6293 281.258 299.6332 326.52 341.933 329.2329 318.3787 329.1609 344.0781 283.2573 223.5591 317.3565 444.6649 395.5744 334.6745 315.0662 254.2512 189.6889 144.7706
184.6166 179.2327 180.2597 182.2705 184.8255 186.6194 188.0986 189.2844 189.4578 188.6032 193.0071 198.1024 202.2364 204.7441 209.3645 210.3025 213.0084 215.4152 216.5409 217.3063 217.3492 220.196 222.8736 219.2288 226.0061 221.1315 192.744 195.0767 209.9431 187.8001 191.8473 201.388 203.2331 185.0426 135.5604 166.7342 191.0771 202.9176 206.5795 144.8149 119.1117 138.3672 207.1894 248.1196 268.1753 267.4896 277.6504 307.6627 337.0442 339.3242 338.1125 366.2574 426.4232 368.4394 226.9027 281.0134 471.3117 485.7955 351.7708 265.7096 219.9527 183.6837 151.8915
184.1232 183.2383 181.7007 182.7137 185.2726 187.1617 189.0642 189.863 187.2678 187.5453 190.5907 195.5315 200.1458 204.6108 207.8945 210.5611 212.8663 215.9778 216.8715 216.168 213.7618 211.1368 216.6619 220.8579 224.8531 222.7866 212.0369 199.4412 209.0648 204.0617 198.6508 203.0477 198.5785 173.565 149.6152 179.151 185.7843 189.0052 198.9548 157.0497 124.7327 129.1568 167.5078 238.2421 275.7337 278.8825 277.8435 296.0259 326.8845 344.5499 341.7761 383.6032 499.9589 512.912 293.7732 268.9894 428.91 519.487 377.2661 236.1478 182.1058 158.7463 125.7448
