py_wake/examples/data/AJ_ParqueFicticio/Rough survey   Sector 1   Height 200m   Weibull-A.grd
DSAA
73  159
 258469   265669
 6501692   6517492
 4.051715   8.662121
[rows 56 to 83 of 159, columns 0 to 62 of 73]
6.003778 6.017113 6.018311 6.027055 6.028691 6.037107 6.034112 6.036088 6.030573 6.035059 6.034412 6.037999 6.032182 6.019039 6.011128 6.008811 6.012246 6.015831 6.01386 6.00853 6.00841 5.998536 5.999419 6.011179 6.020413 6.022758 6.03375 6.057209 6.099639 6.15208 6.211731 6.278058 6.306929 6.358978 6.401886 6.437433 6.469311 6.483477 6.470781 6.470274 6.493856 6.516855 6.502706 6.453003 6.396383 6.355515 6.325403 6.294155 6.289217 6.283914 6.280175 6.266761 6.236172 6.193081 6.157421 6.14937 6.170359 6.182613 6.167143 6.154929 6.132273 6.110541 6.111085
5.996362 6.000827 6.00078 6.015377 6.023048 6.033066 6.032505 6.026484 6.023263 6.023149 6.024265 6.026753 6.027109 6.02562 6.019492 6.013089 6.014904 6.0161 6.016323 6.016128 6.024634 6.020218 6.014596 6.024865 6.030039 6.031416 6.043438 6.070827 6.128057 6.185962 6.262432 6.328588 6.36809 6.407979 6.454096 6.478693 6.500418 6.526957 6.516928 6.509883 6.521968 6.526695 6.492153 6.439148 6.396175 6.348692 6.283952 6.213365 6.185038 6.186852 6.196043 6.178081 6.160003 6.14243 6.134965 6.158684 6.179755 6.176054 6.140323 6.107419 6.083708 6.072243 6.094297
5.973411 5.968708 5.977174 5.990477 6.000716 6.008224 6.011613 6.007029 6.003919 6.003264 6.00588 6.011273 6.007517 6.005993 6.011702 6.015456 6.013511 6.012947 6.015661 6.019768 6.025705 6.03584 6.033613 6.036964 6.040954 6.044549 6.054938 6.069072 6.096972 6.146901 6.209902 6.268939 6.308333 6.351382 6.391901 6.423094 6.444596 6.471251 6.479014 6.471765 6.477855 6.461418 6.42143 6.381392 6.341345 6.293594 6.212404 6.125317 6.086978 6.088588 6.094283 6.067461 6.071758 6.067821 6.07967 6.121643 6.147994 6.162372 6.14458 6.108828 6.076725 6.059687 6.090368
5.975808 5.972569 5.971948 5.975734 5.976254 5.98211 5.988645 5.98454 5.980888 5.982702 5.986156 5.987152 5.992073 5.989549 5.995642 6.004457 6.01065 6.010384 6.013628 6.015547 6.026473 6.039421 6.045696 6.049953 6.051003 6.057069 6.060717 6.056771 6.047234 6.058982 6.096414 6.135817 6.170555 6.212407 6.253561 6.30562 6.34874 6.382068 6.400681 6.393755 6.386186 6.371272 6.333088 6.318765 6.286713 6.239117 6.160361 6.060533 6.001534 5.984986 5.983189 5.960497 5.968831 5.974015 5.998228 6.048293 6.081118 6.11342 6.119251 6.104319 6.075333 6.040859 6.063262
6.005737 5.998453 5.991375 5.992463 5.980454 5.967727 5.966482 5.963438 5.962697 5.964459 5.965322 5.966499 5.968683 5.971085 5.979262 5.990238 6.003782 6.00889 6.015247 6.018013 6.023195 6.025104 6.037796 6.053071 6.060154 6.075306 6.082685 6.087024 6.079523 6.058477 6.065314 6.077383 6.092065 6.119541 6.155766 6.199781 6.238896 6.274655 6.285461 6.285748 6.264868 6.245008 6.242036 6.25293 6.241767 6.205078 6.138107 6.05989 5.97296 5.913367 5.884179 5.867025 5.886025 5.898746 5.921504 5.974219 6.024527 6.068313 6.069544 6.060589 6.04376 6.00822 6.004445
6.027191 6.014915 6.009771 6.006216 5.989802 5.969455 5.952198 5.946788 5.947094 5.954527 5.956492 5.957416 5.960362 5.963441 5.970447 5.980864 5.996472 6.004987 6.009855 6.018671 6.025031 6.03094 6.035676 6.04798 6.060503 6.080352 6.10129 6.122555 6.144407 6.139287 6.131036 6.118954 6.11369 6.132586 6.127017 6.137822 6.161374 6.179245 6.182182 6.175252 6.156544 6.141663 6.149788 6.17155 6.174739 6.158027 6.111318 6.061611 5.985465 5.88709 5.8049 5.777276 5.814401 5.865115 5.86495 5.900321 5.958963 6.003846 6.005743 5.989925 5.973405 5.944012 5.905082
6.035735 6.029637 6.027943 6.020825 6.004649 5.98308 5.965202 5.948501 5.949508 5.95394 5.955688 5.955925 5.959703 5.960993 5.963307 5.970197 5.979704 5.989346 5.993384 6.008888 6.012799 6.023389 6.02954 6.045703 6.063035 6.083791 6.110237 6.143701 6.174241 6.183883 6.201258 6.189772 6.180063 6.172017 6.144132 6.127019 6.121815 6.110645 6.09803 6.087748 6.078743 6.069945 6.077227 6.094381 6.098946 6.101299 6.074599 6.048091 5.992005 5.904907 5.803601 5.732824 5.753482 5.815168 5.84402 5.84212 5.875453 5.911614 5.917472 5.903111 5.885184 5.855579 5.821626
6.032742 6.028893 6.030026 6.030339 6.018544 5.998741 5.978854 5.956761 5.949802 5.951628 5.95678 5.961406 5.957373 5.956069 5.956684 5.955611 5.961047 5.962049 5.974238 5.983995 5.990216 5.994073 6.005346 6.022946 6.045631 6.067997 6.103356 6.13766 6.166146 6.18968 6.208958 6.21608 6.210131 6.200282 6.181198 6.144169 6.111591 6.077837 6.047231 6.024962 6.010079 5.99226 5.990485 6.003251 6.024782 6.039524 6.027915 5.996908 5.968066 5.896639 5.801014 5.733447 5.718552 5.746985 5.776332 5.759281 5.747806 5.766484 5.772365 5.761699 5.756995 5.760047 5.758521
6.021147 6.01929 6.023715 6.024512 6.01772 6.003686 5.983276 5.963534 5.951201 5.951448 5.95213 5.953284 5.95636 5.951342 5.951417 5.948296 5.956851 5.958858 5.963124 5.966152 5.970946 5.973865 5.979345 5.98955 6.006804 6.035662 6.065839 6.093924 6.120573 6.148574 6.170038 6.187869 6.199306 6.200512 6.18442 6.146458 6.093567 6.055928 6.021872 5.993848 5.951535 5.915444 5.895919 5.905215 5.941301 5.969619 5.963405 5.938293 5.917471 5.886653 5.822284 5.759048 5.700472 5.674142 5.695736 5.692657 5.638643 5.615264 5.597915 5.58294 5.57909 5.602895 5.653877
6.008315 6.004578 6.009204 6.011817 6.010063 6.001702 5.988434 5.969034 5.956864 5.952875 5.94765 5.946372 5.948645 5.946465 5.948125 5.945299 5.951052 5.95577 5.964376 5.968134 5.971633 5.968953 5.966722 5.97581 5.977354 5.983908 5.994742 6.013568 6.036003 6.060959 6.08292 6.10973 6.133667 6.138997 6.126864 6.095785 6.054598 6.012126 5.981195 5.937974 5.902562 5.873262 5.844851 5.847287 5.874109 5.896994 5.896969 5.90061 5.896486 5.877232 5.863465 5.804704 5.735534 5.663301 5.623114 5.63423 5.603441 5.572913 5.529971 5.471227 5.472058 5.496059 5.535151
5.995722 5.988879 5.994148 5.997463 5.993968 5.989184 5.985327 5.975862 5.968249 5.956161 5.946681 5.94626 5.945053 5.94318 5.94351 5.950392 5.952655 5.9557 5.967962 5.976797 5.978468 5.976594 5.976954 5.972497 5.955706 5.947433 5.949314 5.958296 5.955734 5.973243 5.994555 6.021831 6.054317 6.071535 6.060992 6.037383 6.009154 5.981109 5.93129 5.88439 5.854503 5.836882 5.80677 5.795468 5.815607 5.819955 5.839177 5.865787 5.872558 5.857309 5.87517 5.864888 5.805178 5.723804 5.646563 5.610372 5.61296 5.600552 5.601296 5.575779 5.546627 5.53064 5.516866
5.980376 5.978728 5.982528 5.982981 5.983883 5.974365 5.969402 5.971302 5.965206 5.951494 5.943901 5.941194 5.940513 5.939108 5.940237 5.942786 5.948867 5.955963 5.96792 5.97488 5.977599 5.979352 5.97631 5.966424 5.947498 5.938692 5.92908 5.919362 5.913905 5.920279 5.929261 5.96051 5.993501 6.002784 6.002421 5.998366 5.98252 5.963691 5.922822 5.877847 5.833874 5.798357 5.775592 5.751302 5.736663 5.739223 5.777744 5.824292 5.841796 5.826862 5.851575 5.877831 5.845782 5.786273 5.704973 5.632243 5.629653 5.646459 5.675643 5.711083 5.704644 5.664425 5.605053
5.963727 5.970176 5.975092 5.971298 5.967755 5.95962 5.957252 5.959291 5.955594 5.945076 5.937263 5.932916 5.934706 5.937253 5.937505 5.940324 5.944602 5.952438 5.958295 5.963459 5.964339 5.957401 5.956451 5.955508 5.950782 5.949686 5.938313 5.907194 5.889289 5.875132 5.876403 5.90623 5.938087 5.950264 5.953272 5.967568 5.967455 5.96227 5.940964 5.89812 5.877975 5.858172 5.822758 5.769283 5.712771 5.682003 5.692331 5.724769 5.726766 5.718859 5.760413 5.800836 5.793541 5.760322 5.707458 5.646209 5.625236 5.65168 5.691789 5.741618 5.772864 5.764359 5.698104
5.937398 5.948635 5.954936 5.954968 5.948317 5.943042 5.948368 5.943779 5.943261 5.933637 5.923838 5.918416 5.924375 5.930433 5.936204 5.943222 5.940965 5.948295 5.952357 5.951106 5.947604 5.942193 5.945093 5.948417 5.957177 5.959254 5.955532 5.927414 5.898773 5.871989 5.852637 5.853618 5.881124 5.905609 5.924677 5.950518 5.97052 5.97662 5.97403 5.960773 5.966326 5.948087 5.897382 5.823673 5.752293 5.698678 5.664505 5.641342 5.608087 5.596892 5.608742 5.628639 5.630294 5.608103 5.596136 5.587511 5.598203 5.636141 5.681914 5.73465 5.786125 5.809503 5.796267
5.901608 5.914312 5.92626 5.926529 5.926202 5.927808 5.934896 5.933762 5.928933 5.923794 5.910627 5.905369 5.908485 5.916936 5.937178 5.952056 5.954924 5.947654 5.943871 5.941887 5.939538 5.943695 5.946547 5.954798 5.962737 5.975607 5.956837 5.940603 5.922237 5.892524 5.867485 5.842753 5.848702 5.883812 5.921083 5.954362 5.984473 6.000241 6.018 6.028708 6.031839 6.012566 5.957392 5.885299 5.80931 5.748486 5.679899 5.619148 5.566542 5.506499 5.464994 5.427585 5.417336 5.419005 5.45938 5.51424 5.574618 5.642314 5.702176 5.751866 5.813559 5.86996 5.884636
5.888436 5.889566 5.891665 5.896147 5.90521 5.910852 5.915482 5.914942 5.911141 5.908724 5.903261 5.902211 5.908608 5.914231 5.931985 5.941975 5.943701 5.932135 5.92182 5.923613 5.925983 5.935522 5.940937 5.958877 5.964259 5.972819 5.959243 5.945663 5.925133 5.909897 5.902283 5.884575 5.892134 5.910572 5.938328 5.971447 6.011343 6.038031 6.046372 6.060907 6.047197 6.023046 5.976991 5.92501 5.866817 5.808133 5.747338 5.674447 5.605337 5.534287 5.45589 5.374293 5.352857 5.366821 5.3933 5.458046 5.554549 5.654225 5.73174 5.796928 5.865093 5.928558 5.963647
5.897877 5.89858 5.894069 5.883124 5.88212 5.884127 5.891371 5.893723 5.894288 5.898747 5.901624 5.901046 5.897609 5.89648 5.90081 5.906626 5.902632 5.897651 5.890887 5.893402 5.896566 5.90114 5.911951 5.92589 5.944932 5.954404 5.953159 5.944211 5.925992 5.932024 5.942904 5.931505 5.936216 5.958211 5.964796 5.985908 6.005932 6.025076 6.04107 6.041804 6.039912 6.026701 5.988392 5.946175 5.89584 5.843239 5.786585 5.73257 5.677694 5.628868 5.58978 5.543337 5.520885 5.496034 5.47715 5.497994 5.56319 5.634103 5.723785 5.813663 5.896586 5.977039 6.0406
5.913436 5.910645 5.899448 5.877932 5.863222 5.857564 5.86655 5.870762 5.871933 5.88202 5.886743 5.888001 5.879339 5.870428 5.856004 5.859687 5.856188 5.848902 5.845821 5.845685 5.848519 5.849405 5.857409 5.87114 5.88846 5.905464 5.922652 5.93235 5.945302 5.96552 5.983805 5.98475 5.981946 5.99426 5.993474 5.977518 5.980784 5.995522 6.014311 6.033071 6.040298 6.035104 5.998941 5.949289 5.899172 5.832113 5.772964 5.709648 5.675605 5.655539 5.642438 5.645868 5.665684 5.661111 5.598458 5.567243 5.568928 5.599845 5.666716 5.768948 5.873242 5.967759 6.034984
5.915205 5.909621 5.897109 5.878922 5.857641 5.843033 5.847279 5.847612 5.847887 5.855329 5.859516 5.864439 5.860189 5.848963 5.8287 5.814236 5.808745 5.805946 5.804643 5.800949 5.799861 5.801308 5.811395 5.820638 5.836016 5.850751 5.872597 5.898942 5.930932 5.967669 5.994487 6.007446 6.021425 6.010747 5.992728 5.974352 5.965469 5.964896 5.966269 5.973958 5.984285 5.973236 5.947697 5.911274 5.846081 5.784354 5.71514 5.633965 5.597188 5.586565 5.582253 5.603501 5.642312 5.64958 5.613322 5.557118 5.524999 5.527579 5.576414 5.654105 5.753978 5.830961 5.88183
5.894859 5.892037 5.888279 5.874247 5.857586 5.842512 5.83201 5.826185 5.821284 5.824167 5.829112 5.831425 5.831645 5.823271 5.809338 5.789509 5.777139 5.77676 5.778292 5.777102 5.774796 5.765867 5.765386 5.772374 5.781034 5.790308 5.805934 5.819238 5.850452 5.884578 5.92756 5.958965 5.970176 5.978275 5.971354 5.968711 5.961287 5.944836 5.912643 5.890525 5.855994 5.829799 5.807286 5.762091 5.707336 5.651394 5.589626 5.533333 5.502867 5.509332 5.501808 5.506382 5.513551 5.510933 5.490685 5.456836 5.430098 5.422781 5.443443 5.50343 5.562371 5.623148 5.664746
5.862054 5.864098 5.863719 5.857424 5.844573 5.834093 5.815687 5.804404 5.796201 5.790792 5.795137 5.795657 5.795103 5.791966 5.789699 5.773286 5.754364 5.751716 5.755845 5.759052 5.75799 5.745745 5.734491 5.730675 5.726545 5.727746 5.731282 5.729704 5.750958 5.787207 5.848862 5.883519 5.903671 5.926459 5.930638 5.935388 5.929902 5.897793 5.850163 5.809877 5.77792 5.732585 5.673209 5.637161 5.583272 5.563779 5.540654 5.513576 5.500978 5.493419 5.47773 5.461451 5.439583 5.401978 5.380442 5.399889 5.392347 5.381474 5.367881 5.380365 5.411852 5.446068 5.474253
5.83424 5.832496 5.830345 5.825487 5.81258 5.794767 5.782358 5.768556 5.762572 5.758827 5.762439 5.764269 5.76121 5.758077 5.758373 5.740244 5.726514 5.719156 5.726517 5.728112 5.735878 5.741206 5.733233 5.721916 5.707622 5.693542 5.685281 5.679936 5.694013 5.734736 5.812409 5.851655 5.882324 5.898468 5.891401 5.871868 5.856171 5.827259 5.773318 5.722679 5.695879 5.662868 5.620439 5.60924 5.625755 5.661059 5.666658 5.65533 5.637478 5.586915 5.547132 5.51733 5.511792 5.515265 5.516126 5.540185 5.526727 5.510841 5.503922 5.482311 5.444202 5.430783 5.434713
5.812089 5.801892 5.794244 5.781631 5.76612 5.755752 5.747452 5.732646 5.725434 5.724055 5.726768 5.73171 5.732466 5.730259 5.724829 5.712343 5.697543 5.683507 5.684625 5.689048 5.699462 5.710689 5.716692 5.710886 5.70419 5.692878 5.693891 5.695526 5.725128 5.776093 5.834312 5.857182 5.886056 5.887152 5.879312 5.870983 5.855394 5.811636 5.764209 5.709142 5.647669 5.619359 5.619587 5.663371 5.726041 5.781462 5.82648 5.837674 5.811098 5.7332 5.682039 5.658334 5.680685 5.722593 5.768368 5.800476 5.807658 5.805802 5.785345 5.734486 5.670877 5.596415 5.566817
5.796338 5.774051 5.762008 5.749639 5.73197 5.722411 5.713415 5.704821 5.69705 5.690296 5.687195 5.68967 5.689003 5.689366 5.68582 5.684693 5.676779 5.663453 5.658166 5.655266 5.656168 5.658061 5.669703 5.673202 5.683936 5.699325 5.719735 5.754304 5.795378 5.830962 5.858592 5.86251 5.864554 5.86291 5.848328 5.836205 5.820582 5.788519 5.754408 5.715077 5.660094 5.648604 5.695319 5.748878 5.827852 5.879441 5.914715 5.92676 5.917684 5.889357 5.871595 5.863907 5.888705 5.941988 5.993287 6.03571 6.05388 6.053413 6.020528 5.955899 5.875486 5.79847 5.72644
5.780483 5.758009 5.736782 5.726238 5.715026 5.704703 5.69107 5.682394 5.667538 5.652234 5.637088 5.636001 5.632542 5.639026 5.644705 5.651443 5.657758 5.655355 5.649492 5.639627 5.635219 5.624851 5.624159 5.632685 5.654121 5.685009 5.734461 5.788872 5.846208 5.878159 5.870294 5.855695 5.843595 5.828717 5.797106 5.77807 5.746273 5.732181 5.706992 5.688098 5.693297 5.740969 5.810855 5.869939 5.923645 5.960313 5.966628 5.972631 5.999326 6.028252 6.047065 6.06837 6.084465 6.109788 6.135922 6.156718 6.150623 6.129468 6.093637 6.035254 5.96834 5.893358 5.826431
5.760302 5.749167 5.731117 5.709852 5.692441 5.681611 5.666879 5.647595 5.631909 5.61354 5.589811 5.572395 5.570991 5.579677 5.594363 5.609373 5.616887 5.626691 5.635462 5.632015 5.621797 5.616144 5.603785 5.598445 5.609881 5.642883 5.701272 5.766573 5.823233 5.851508 5.848122 5.830758 5.815016 5.791575 5.775802 5.756142 5.719941 5.701026 5.673268 5.674456 5.709349 5.781185 5.850306 5.91434 5.952882 5.984989 6.010597 6.037189 6.075388 6.114085 6.143328 6.168211 6.17497 6.173788 6.168982 6.152841 6.135592 6.108665 6.073077 6.030445 5.981031 5.929968 5.867465
5.728091 5.717954 5.707004 5.686501 5.663912 5.644033 5.620132 5.606878 5.592957 5.572855 5.55391 5.538331 5.518513 5.515893 5.517023 5.518409 5.532199 5.559769 5.582381 5.593869 5.589127 5.590131 5.583156 5.582296 5.583179 5.60659 5.653952 5.719087 5.768988 5.7976 5.814112 5.808536 5.802502 5.788805 5.774326 5.756998 5.724249 5.692622 5.669984 5.678333 5.730241 5.800607 5.855221 5.897082 5.9266 5.958224 6.001782 6.04132 6.092247 6.139851 6.171657 6.181874 6.178462 6.163024 6.1352 6.112961 6.094982 6.069139 6.041555 6.016343 5.981014 5.939945 5.887204
5.702592 5.682844 5.671163 5.656229 5.63209 5.608788 5.589376 5.57105 5.552748 5.533031 5.522899 5.503287 5.477583 5.463292 5.449197 5.437222 5.443072 5.47124 5.497946 5.516637 5.537768 5.551513 5.562137 5.572509 5.583829 5.606338 5.64749 5.692926 5.73153 5.763501 5.792181 5.812797 5.815934 5.824117 5.807691 5.79304 5.753739 5.712514 5.694047 5.7382 5.787368 5.816689 5.830392 5.848264 5.865452 5.889808 5.929263 5.975089 6.031773 6.092809 6.135343 6.151281 6.147194 6.123881 6.095937 6.070296 6.052125 6.035044 6.014499 5.997901 5.974155 5.926691 5.882945
