py_wake/examples/data/AJ_ParqueFicticio/Rough survey   Sector 6   Height 200m   Weibull-k.grd
DSAA
73  159
 258469   265669
 6501692   6517492
 2.443359   2.736328
[rows 0 to 27 of 159, columns 0 to 62 of 73]
2.583984 2.583984 2.583984 2.583984 2.583984 2.583984 2.583984 2.583984 2.583984 2.583984 2.583984 2.583984 2.583984 2.583984 2.583984 2.583984 2.583984 2.583984 2.583984 2.583984 2.583984 2.580078 2.580078 2.583984 2.583984 2.583984 2.583984 2.583984 2.583984 2.583984 2.583984 2.583984 2.583984 2.580078 2.580078 2.583984 2.583984 2.583984 2.583984 2.583984 2.583984 2.583984 2.583984 2.580078 2.580078 2.580078 2.580078 2.580078 2.580078 2.580078 2.580078 2.580078 2.580078 2.580078 2.580078 2.580078 2.580078 2.583984 2.583984 2.583984 2.583984 2.583984 2.583984
2.583984 2.583984 2.583984 2.583984 2.583984 2.583984 2.583984 2.583984 2.583984 2.583984 2.583984 2.583984 2.583984 2.583984 2.583984 2.583984 2.583984 2.583984 2.583984 2.583984 2.580078 2.583984 2.583984 2.583984 2.583984 2.583984 2.583984 2.583984 2.583984 2.583984 2.583984 2.583984 2.580078 2.580078 2.580078 2.580078 2.583984 2.583984 2.583984 2.583984 2.583984 2.583984 2.580078 2.580078 2.580078 2.580078 2.580078 2.580078 2.580078 2.580078 2.576172 2.576172 2.576172 2.580078 2.580078 2.580078 2.580078 2.583984 2.583984 2.583984 2.583984 2.583984 2.583984
2.583984 2.583984 2.583984 2.583984 2.583984 2.583984 2.583984 2.583984 2.583984 2.583984 2.583984 2.583984 2.583984 2.583984 2.583984 2.583984 2.583984 2.583984 2.583984 2.580078 2.580078 2.583984 2.583984 2.583984 2.583984 2.583984 2.583984 2.583984 2.583984 2.583984 2.583984 2.583984 2.580078 2.580078 2.576172 2.576172 2.580078 2.583984 2.583984 2.583984 2.583984 2.580078 2.580078 2.580078 2.580078 2.580078 2.580078 2.580078 2.576172 2.576172 2.576172 2.576172 2.576172 2.576172 2.580078 2.580078 2.580078 2.583984 2.583984 2.583984 2.583984 2.583984 2.583984
2.580078 2.580078 2.583984 2.583984 2.583984 2.583984 2.583984 2.583984 2.583984 2.583984 2.583984 2.583984 2.583984 2.583984 2.583984 2.583984 2.583984 2.583984 2.583984 2.580078 2.580078 2.583984 2.583984 2.583984 2.583984 2.583984 2.583984 2.583984 2.583984 2.583984 2.583984 2.583984 2.583984 2.580078 2.580078 2.580078 2.583984 2.583984 2.583984 2.583984 2.580078 2.580078 2.580078 2.576172 2.576172 2.580078 2.580078 2.576172 2.576172 2.576172 2.576172 2.576172 2.576172 2.576172 2.576172 2.576172 2.580078 2.583984 2.583984 2.583984 2.583984 2.583984 2.583984
2.576172 2.580078 2.580078 2.583984 2.583984 2.583984 2.583984 2.583984 2.583984 2.583984 2.583984 2.583984 2.583984 2.583984 2.583984 2.583984 2.583984 2.583984 2.583984 2.580078 2.580078 2.583984 2.583984 2.583984 2.583984 2.583984 2.583984 2.583984 2.583984 2.583984 2.583984 2.583984 2.583984 2.583984 2.583984 2.583984 2.583984 2.583984 2.583984 2.583984 2.580078 2.576172 2.576172 2.576172 2.576172 2.576172 2.576172 2.576172 2.576172 2.576172 2.576172 2.572266 2.572266 2.572266 2.576172 2.576172 2.580078 2.580078 2.583984 2.583984 2.583984 2.583984 2.583984
2.576172 2.576172 2.580078 2.580078 2.580078 2.580078 2.580078 2.583984 2.583984 2.583984 2.583984 2.583984 2.583984 2.583984 2.583984 2.583984 2.583984 2.583984 2.583984 2.580078 2.580078 2.583984 2.583984 2.583984 2.583984 2.583984 2.583984 2.583984 2.583984 2.583984 2.583984 2.583984 2.583984 2.583984 2.583984 2.583984 2.583984 2.583984 2.583984 2.583984 2.580078 2.576172 2.576172 2.576172 2.576172 2.576172 2.576172 2.576172 2.576172 2.576172 2.572266 2.572266 2.572266 2.572266 2.572266 2.572266 2.576172 2.580078 2.583984 2.583984 2.583984 2.583984 2.583984
2.576172 2.576172 2.576172 2.576172 2.580078 2.580078 2.580078 2.580078 2.580078 2.583984 2.583984 2.583984 2.583984 2.583984 2.583984 2.583984 2.583984 2.583984 2.583984 2.583984 2.583984 2.583984 2.583984 2.583984 2.583984 2.583984 2.583984 2.583984 2.583984 2.583984 2.583984 2.583984 2.583984 2.583984 2.583984 2.583984 2.583984 2.583984 2.583984 2.583984 2.580078 2.580078 2.576172 2.576172 2.576172 2.572266 2.572266 2.576172 2.576172 2.576172 2.572266 2.568359 2.568359 2.564453 2.564453 2.568359 2.572266 2.580078 2.583984 2.583984 2.583984 2.583984 2.583984
2.576172 2.576172 2.576172 2.576172 2.576172 2.580078 2.580078 2.580078 2.580078 2.580078 2.580078 2.580078 2.580078 2.580078 2.583984 2.583984 2.583984 2.583984 2.583984 2.583984 2.583984 2.583984 2.583984 2.583984 2.583984 2.583984 2.583984 2.583984 2.583984 2.583984 2.583984 2.583984 2.583984 2.583984 2.583984 2.583984 2.583984 2.583984 2.583984 2.583984 2.583984 2.580078 2.576172 2.572266 2.572266 2.572266 2.572266 2.572266 2.576172 2.572266 2.572266 2.568359 2.564453 2.560547 2.560547 2.564453 2.568359 2.576172 2.580078 2.583984 2.583984 2.583984 2.583984
2.576172 2.576172 2.576172 2.576172 2.576172 2.576172 2.580078 2.580078 2.580078 2.580078 2.580078 2.580078 2.580078 2.580078 2.580078 2.580078 2.583984 2.583984 2.583984 2.583984 2.583984 2.583984 2.583984 2.583984 2.583984 2.583984 2.583984 2.583984 2.583984 2.583984 2.583984 2.583984 2.583984 2.583984 2.583984 2.583984 2.583984 2.583984 2.583984 2.583984 2.583984 2.580078 2.576172 2.572266 2.568359 2.568359 2.568359 2.568359 2.568359 2.568359 2.564453 2.560547 2.556641 2.556641 2.552734 2.556641 2.564453 2.572266 2.576172 2.580078 2.583984 2.583984 2.580078
2.576172 2.576172 2.576172 2.576172 2.576172 2.576172 2.580078 2.580078 2.580078 2.580078 2.580078 2.580078 2.580078 2.580078 2.580078 2.580078 2.580078 2.583984 2.583984 2.583984 2.583984 2.583984 2.583984 2.583984 2.583984 2.583984 2.583984 2.583984 2.583984 2.583984 2.583984 2.583984 2.583984 2.583984 2.583984 2.583984 2.583984 2.583984 2.583984 2.583984 2.583984 2.576172 2.572266 2.568359 2.564453 2.564453 2.564453 2.560547 2.560547 2.560547 2.556641 2.552734 2.552734 2.552734 2.552734 2.556641 2.560547 2.564453 2.568359 2.568359 2.572266 2.572266 2.572266
2.576172 2.576172 2.576172 2.576172 2.576172 2.576172 2.580078 2.580078 2.580078 2.580078 2.580078 2.580078 2.580078 2.580078 2.580078 2.576172 2.576172 2.580078 2.583984 2.583984 2.583984 2.583984 2.583984 2.583984 2.583984 2.583984 2.583984 2.580078 2.580078 2.583984 2.583984 2.580078 2.580078 2.580078 2.580078 2.580078 2.583984 2.583984 2.583984 2.580078 2.576172 2.572266 2.568359 2.564453 2.564453 2.560547 2.556641 2.548828 2.548828 2.548828 2.548828 2.548828 2.548828 2.552734 2.552734 2.552734 2.556641 2.556641 2.556641 2.552734 2.556641 2.560547 2.560547
2.576172 2.576172 2.576172 2.576172 2.576172 2.576172 2.576172 2.580078 2.580078 2.580078 2.576172 2.576172 2.580078 2.580078 2.580078 2.576172 2.576172 2.580078 2.580078 2.583984 2.583984 2.583984 2.583984 2.583984 2.583984 2.583984 2.583984 2.580078 2.580078 2.580078 2.580078 2.576172 2.576172 2.576172 2.576172 2.576172 2.580078 2.580078 2.580078 2.576172 2.572266 2.568359 2.564453 2.560547 2.556641 2.552734 2.544922 2.541016 2.537109 2.541016 2.544922 2.548828 2.548828 2.548828 2.548828 2.548828 2.544922 2.541016 2.537109 2.533203 2.533203 2.544922 2.552734
2.576172 2.576172 2.576172 2.576172 2.576172 2.576172 2.576172 2.576172 2.572266 2.576172 2.576172 2.576172 2.576172 2.580078 2.580078 2.580078 2.576172 2.576172 2.580078 2.580078 2.583984 2.583984 2.583984 2.583984 2.583984 2.583984 2.583984 2.580078 2.580078 2.576172 2.576172 2.572266 2.572266 2.572266 2.572266 2.572266 2.572266 2.572266 2.572266 2.572266 2.568359 2.560547 2.556641 2.552734 2.548828 2.544922 2.537109 2.533203 2.529297 2.533203 2.537109 2.544922 2.544922 2.541016 2.537109 2.529297 2.517578 2.509766 2.501953 2.501953 2.513672 2.529297 2.548828
2.576172 2.576172 2.576172 2.576172 2.576172 2.576172 2.576172 2.572266 2.572266 2.572266 2.576172 2.576172 2.576172 2.576172 2.576172 2.580078 2.576172 2.576172 2.576172 2.580078 2.580078 2.583984 2.583984 2.583984 2.583984 2.583984 2.583984 2.580078 2.576172 2.572266 2.572266 2.572266 2.568359 2.568359 2.568359 2.568359 2.568359 2.568359 2.568359 2.564453 2.560547 2.552734 2.548828 2.544922 2.541016 2.537109 2.529297 2.525391 2.525391 2.525391 2.533203 2.537109 2.533203 2.521484 2.505859 2.486328 2.470703 2.462891 2.466797 2.478516 2.501953 2.529297 2.548828
2.576172 2.576172 2.576172 2.576172 2.576172 2.576172 2.576172 2.572266 2.572266 2.572266 2.572266 2.576172 2.576172 2.576172 2.576172 2.576172 2.576172 2.576172 2.576172 2.576172 2.580078 2.580078 2.580078 2.583984 2.583984 2.583984 2.583984 2.580078 2.576172 2.572266 2.572266 2.568359 2.564453 2.564453 2.560547 2.564453 2.564453 2.564453 2.560547 2.556641 2.548828 2.544922 2.537109 2.533203 2.529297 2.525391 2.521484 2.517578 2.513672 2.517578 2.521484 2.521484 2.513672 2.498047 2.474609 2.455078 2.443359 2.443359 2.458984 2.482422 2.513672 2.541016 2.560547
2.576172 2.576172 2.576172 2.576172 2.576172 2.576172 2.576172 2.572266 2.572266 2.572266 2.572266 2.576172 2.576172 2.576172 2.576172 2.580078 2.580078 2.580078 2.576172 2.576172 2.576172 2.576172 2.576172 2.576172 2.580078 2.580078 2.580078 2.580078 2.576172 2.572266 2.572266 2.568359 2.564453 2.560547 2.556641 2.560547 2.564453 2.564453 2.560547 2.552734 2.541016 2.537109 2.533203 2.525391 2.517578 2.513672 2.513672 2.513672 2.513672 2.513672 2.513672 2.509766 2.498047 2.482422 2.466797 2.458984 2.458984 2.470703 2.490234 2.513672 2.537109 2.556641 2.572266
2.576172 2.576172 2.576172 2.576172 2.576172 2.576172 2.572266 2.572266 2.572266 2.572266 2.572266 2.576172 2.576172 2.576172 2.576172 2.576172 2.576172 2.576172 2.576172 2.576172 2.576172 2.576172 2.572266 2.572266 2.572266 2.576172 2.576172 2.576172 2.576172 2.572266 2.572266 2.568359 2.564453 2.556641 2.556641 2.560547 2.564453 2.564453 2.556641 2.548828 2.537109 2.529297 2.525391 2.517578 2.513672 2.513672 2.513672 2.513672 2.513672 2.513672 2.513672 2.509766 2.501953 2.494141 2.490234 2.490234 2.501953 2.509766 2.521484 2.537109 2.548828 2.564453 2.576172
2.576172 2.576172 2.576172 2.576172 2.576172 2.576172 2.572266 2.572266 2.572266 2.572266 2.572266 2.576172 2.576172 2.576172 2.576172 2.576172 2.576172 2.576172 2.576172 2.576172 2.572266 2.572266 2.572266 2.572266 2.572266 2.572266 2.576172 2.576172 2.576172 2.576172 2.576172 2.572266 2.564453 2.564453 2.560547 2.560547 2.564453 2.564453 2.560547 2.548828 2.537109 2.529297 2.521484 2.517578 2.517578 2.517578 2.521484 2.521484 2.525391 2.525391 2.529297 2.525391 2.521484 2.521484 2.521484 2.525391 2.529297 2.533203 2.537109 2.544922 2.552734 2.564453 2.576172
2.576172 2.576172 2.576172 2.576172 2.576172 2.576172 2.576172 2.572266 2.572266 2.572266 2.572266 2.576172 2.576172 2.576172 2.576172 2.576172 2.576172 2.576172 2.576172 2.576172 2.572266 2.572266 2.572266 2.572266 2.572266 2.572266 2.572266 2.576172 2.576172 2.576172 2.576172 2.576172 2.572266 2.568359 2.564453 2.564453 2.564453 2.568359 2.564453 2.552734 2.541016 2.533203 2.529297 2.525391 2.529297 2.529297 2.533203 2.537109 2.537109 2.537109 2.541016 2.537109 2.537109 2.537109 2.537109 2.537109 2.537109 2.541016 2.541016 2.544922 2.552734 2.560547 2.572266
2.576172 2.576172 2.576172 2.576172 2.576172 2.576172 2.576172 2.572266 2.572266 2.572266 2.576172 2.576172 2.576172 2.576172 2.576172 2.576172 2.576172 2.576172 2.576172 2.572266 2.572266 2.572266 2.572266 2.572266 2.572266 2.568359 2.572266 2.572266 2.576172 2.576172 2.576172 2.576172 2.576172 2.572266 2.568359 2.564453 2.564453 2.564453 2.564453 2.556641 2.548828 2.541016 2.537109 2.537109 2.541016 2.541016 2.544922 2.544922 2.544922 2.544922 2.541016 2.541016 2.541016 2.541016 2.541016 2.537109 2.537109 2.537109 2.541016 2.544922 2.552734 2.560547 2.568359
2.576172 2.576172 2.576172 2.576172 2.576172 2.576172 2.576172 2.576172 2.576172 2.576172 2.576172 2.576172 2.576172 2.576172 2.576172 2.576172 2.576172 2.572266 2.572266 2.572266 2.572266 2.572266 2.572266 2.572266 2.572266 2.568359 2.572266 2.572266 2.572266 2.572266 2.576172 2.576172 2.576172 2.572266 2.568359 2.564453 2.564453 2.564453 2.564453 2.564453 2.560547 2.552734 2.548828 2.544922 2.544922 2.544922 2.544922 2.544922 2.544922 2.541016 2.541016 2.541016 2.541016 2.537109 2.537109 2.533203 2.533203 2.533203 2.537109 2.548828 2.556641 2.564453 2.572266
2.580078 2.576172 2.576172 2.576172 2.576172 2.576172 2.576172 2.576172 2.576172 2.576172 2.576172 2.576172 2.576172 2.576172 2.576172 2.576172 2.576172 2.572266 2.572266 2.572266 2.572266 2.572266 2.572266 2.572266 2.572266 2.568359 2.572266 2.572266 2.572266 2.572266 2.572266 2.576172 2.580078 2.576172 2.568359 2.564453 2.564453 2.564453 2.564453 2.564453 2.564453 2.560547 2.552734 2.548828 2.544922 2.541016 2.541016 2.541016 2.541016 2.537109 2.533203 2.533203 2.533203 2.533203 2.529297 2.529297 2.529297 2.533203 2.541016 2.552734 2.560547 2.568359 2.576172
2.580078 2.576172 2.576172 2.576172 2.576172 2.576172 2.576172 2.576172 2.576172 2.576172 2.576172 2.576172 2.576172 2.576172 2.576172 2.572266 2.576172 2.572266 2.572266 2.572266 2.572266 2.572266 2.572266 2.572266 2.572266 2.568359 2.568359 2.568359 2.568359 2.568359 2.572266 2.576172 2.580078 2.580078 2.572266 2.564453 2.560547 2.564453 2.564453 2.568359 2.568359 2.560547 2.552734 2.544922 2.541016 2.537109 2.537109 2.533203 2.529297 2.525391 2.521484 2.521484 2.525391 2.525391 2.525391 2.525391 2.529297 2.537109 2.548828 2.560547 2.572266 2.576172 2.580078
2.576172 2.576172 2.576172 2.576172 2.576172 2.576172 2.576172 2.576172 2.576172 2.576172 2.576172 2.576172 2.576172 2.576172 2.576172 2.576172 2.576172 2.572266 2.572266 2.572266 2.572266 2.572266 2.572266 2.572266 2.568359 2.568359 2.568359 2.568359 2.568359 2.568359 2.572266 2.572266 2.576172 2.576172 2.576172 2.568359 2.560547 2.564453 2.564453 2.568359 2.568359 2.560547 2.552734 2.544922 2.541016 2.533203 2.529297 2.525391 2.521484 2.513672 2.513672 2.513672 2.517578 2.521484 2.525391 2.529297 2.537109 2.548828 2.560547 2.568359 2.576172 2.583984 2.583984
2.576172 2.576172 2.576172 2.576172 2.576172 2.576172 2.576172 2.576172 2.576172 2.576172 2.576172 2.576172 2.576172 2.576172 2.576172 2.572266 2.572266 2.572266 2.572266 2.572266 2.572266 2.572266 2.572266 2.572266 2.572266 2.568359 2.568359 2.568359 2.572266 2.572266 2.572266 2.572266 2.572266 2.572266 2.572266 2.568359 2.564453 2.564453 2.564453 2.568359 2.568359 2.560547 2.552734 2.544922 2.537109 2.529297 2.525391 2.517578 2.513672 2.505859 2.505859 2.505859 2.513672 2.521484 2.529297 2.537109 2.544922 2.556641 2.568359 2.576172 2.583984 2.583984 2.583984
2.576172 2.576172 2.576172 2.576172 2.576172 2.576172 2.576172 2.576172 2.576172 2.576172 2.576172 2.576172 2.576172 2.576172 2.576172 2.576172 2.572266 2.572266 2.572266 2.572266 2.572266 2.572266 2.572266 2.572266 2.572266 2.572266 2.572266 2.572266 2.568359 2.572266 2.572266 2.572266 2.568359 2.568359 2.568359 2.568359 2.568359 2.564453 2.564453 2.564453 2.568359 2.564453 2.556641 2.544922 2.537109 2.529297 2.521484 2.513672 2.505859 2.501953 2.501953 2.505859 2.509766 2.521484 2.537109 2.544922 2.556641 2.568359 2.576172 2.580078 2.583984 2.583984 2.583984
2.576172 2.576172 2.576172 2.576172 2.576172 2.576172 2.576172 2.576172 2.576172 2.576172 2.576172 2.576172 2.576172 2.576172 2.576172 2.576172 2.572266 2.572266 2.572266 2.572266 2.572266 2.572266 2.572266 2.572266 2.572266 2.568359 2.572266 2.568359 2.568359 2.568359 2.572266 2.572266 2.568359 2.564453 2.564453 2.564453 2.568359 2.564453 2.564453 2.564453 2.564453 2.564453 2.556641 2.548828 2.537109 2.529297 2.521484 2.513672 2.505859 2.501953 2.501953 2.505859 2.513672 2.529297 2.544922 2.556641 2.564453 2.572266 2.580078 2.583984 2.583984 2.583984 2.580078
2.576172 2.576172 2.576172 2.576172 2.576172 2.576172 2.576172 2.576172 2.576172 2.576172 2.576172 2.576172 2.576172 2.576172 2.576172 2.576172 2.572266 2.572266 2.572266 2.572266 2.572266 2.572266 2.572266 2.572266 2.572266 2.568359 2.568359 2.568359 2.568359 2.568359 2.568359 2.568359 2.568359 2.564453 2.560547 2.564453 2.564453 2.564453 2.564453 2.560547 2.560547 2.560547 2.556641 2.548828 2.537109 2.529297 2.521484 2.513672 2.509766 2.505859 2.509766 2.513672 2.521484 2.533203 2.548828 2.564453 2.572266 2.576172 2.580078 2.583984 2.580078 2.580078 2.576172
