py_wake/examples/data/AJ_ParqueFicticio/Rough survey   Sector 7   Height 30m   Power density.grd
DSAA
73  159
 258469   265669
 6501692   6517492
 .06159079   576.8319
[rows 0 to 27 of 159, columns 0 to 62 of 73]
49.42679 48.46395 48.19804 47.37149 47.20293 45.70315 45.46825 44.50302 43.79719 43.66045 43.05459 42.54327 42.09279 41.79103 41.85634 41.89542 42.04251 41.76056 41.79869 43.51034 46.07572 50.73556 52.89303 54.66623 50.53547 40.43433 44.98716 49.06496 54.04363 55.66508 54.87685 53.42498 58.82466 63.96313 69.51006 76.06544 79.68832 73.01928 70.78857 68.98975 65.26728 58.61728 53.91437 47.76913 48.64423 49.85904 50.00879 49.22505 48.80146 47.89985 47.09599 45.86345 45.00325 44.19865 44.00648 44.11878 44.53927 45.71928 46.97306 48.72524 50.51939 52.5797 54.8133
44.9151 46.15154 46.96756 46.65425 46.2505 44.64835 44.63958 43.78005 43.14124 43.15124 42.28131 41.56583 41.16845 40.88269 41.24829 41.67024 41.94114 42.17223 42.76852 45.65331 51.59804 56.98001 59.9941 57.00308 55.94841 53.58566 45.03224 51.52097 53.16893 55.6666 56.05492 56.91397 61.20073 67.16062 74.10225 80.78397 85.54155 77.90585 74.31149 72.04321 67.90572 62.91217 59.89236 54.57239 51.70302 51.14848 51.61123 51.7176 50.32298 49.16516 47.59058 45.34918 44.04262 43.20842 43.09149 43.29068 43.69046 45.16882 47.33244 49.09864 51.06121 53.24543 55.78716
44.42474 44.27439 46.16288 45.67008 44.82598 43.30749 43.31046 42.5854 42.16424 42.3471 42.929 41.13037 39.71714 39.14418 39.91595 41.22384 41.95993 42.4472 43.62914 47.48129 52.74803 55.96705 53.99645 57.55193 57.53267 60.3106 55.70387 54.8448 53.35507 55.38926 56.84941 57.81138 61.5323 68.18216 75.77599 85.89707 94.9129 91.10184 82.04667 78.03185 72.11004 64.89027 60.58155 57.90828 54.10293 51.70417 50.81157 51.19189 50.93975 50.01455 47.172 44.37461 42.7186 43.22144 43.13981 43.13208 43.50354 44.8621 46.93916 48.98674 51.29398 54.181 57.18355
54.03743 44.96918 44.47614 43.62247 43.26043 42.73118 41.72721 41.07671 40.42096 40.82875 40.67759 41.1355 40.08973 38.79478 37.42042 40.33494 41.41505 42.05448 43.47306 47.05467 50.16188 51.94349 50.64827 57.02287 58.77302 66.98116 62.6224 58.25674 55.65289 57.5578 59.47203 58.62906 62.41823 67.0263 69.16328 73.90993 86.25731 92.51064 99.19709 95.26556 80.64796 65.7086 58.7877 58.7896 54.59194 54.94706 52.12582 50.3531 49.45012 48.89766 48.54333 46.89839 45.86529 44.29326 43.31683 42.93211 43.03629 44.19454 46.48737 49.06639 52.10691 55.4816 59.48564
60.64769 50.17157 39.94996 39.99081 41.47329 40.9612 39.34706 38.88675 38.22413 38.7024 38.26152 38.76104 38.60687 37.97932 36.22624 38.54142 40.52664 41.83829 43.7009 49.1879 50.61407 47.48765 49.99711 51.95977 53.94797 65.93224 64.88094 59.77055 56.58193 57.68626 59.72328 61.78258 60.93937 59.28393 52.56397 43.46771 47.60723 61.1355 70.79698 71.0568 64.66643 60.87539 54.08756 58.93066 64.31879 64.96197 56.0672 50.95848 50.67602 52.08461 55.82148 51.75242 49.41359 46.43917 44.23092 42.78585 42.2803 43.0559 45.71367 48.91211 52.74486 57.94135 64.48351
58.4866 55.6782 46.83751 39.19174 38.19429 38.92127 35.87727 36.35533 35.76139 36.12006 36.3672 36.8444 36.23956 35.87812 35.68996 34.96024 38.7568 41.42136 45.82362 54.50095 56.52423 55.27945 53.03149 53.81658 52.61575 58.2254 61.28528 58.52747 55.55461 54.23129 53.52528 49.78556 43.89874 33.95144 31.13297 28.40249 23.32948 26.66142 31.30318 32.44661 40.17928 46.81903 52.47803 58.91656 59.91697 60.81332 54.428 51.02931 52.09114 55.22035 57.89175 60.32038 54.39579 48.8829 44.60132 41.85331 40.87207 41.20198 44.554 48.63883 53.87935 61.85983 72.80599
59.75166 61.4574 61.36331 54.7359 40.67603 36.19379 36.77229 40.27763 39.76397 39.70469 38.82224 36.65588 35.24518 35.98512 36.17841 34.6292 34.90202 39.01888 42.00675 48.47816 55.16985 57.153 59.09811 60.70621 54.60003 54.8149 57.66457 56.16855 52.9668 50.23751 47.8772 40.75821 34.91774 33.92929 32.3453 29.95421 27.31182 22.87563 19.77827 25.6263 37.01541 50.10795 59.73842 64.06792 57.80444 51.58036 49.2649 51.39958 54.21856 56.92295 56.88764 56.68234 58.58104 56.62659 45.34647 40.51964 39.11505 39.22675 42.53036 48.05192 55.58111 57.41004 53.59943
60.67099 61.12912 61.49453 59.46419 55.58224 42.1814 40.10983 43.18372 43.27164 42.88303 41.3813 39.29644 37.19345 36.7047 36.56384 34.20225 31.21832 34.42674 37.80757 42.34009 51.62059 60.92363 66.62745 69.01041 59.59109 53.1665 55.16914 53.50243 51.05484 47.2811 44.21939 39.36635 35.79039 33.35105 31.21177 28.86964 27.31762 25.31322 24.88797 28.86275 40.82118 50.40817 54.80022 52.20575 43.97989 44.45996 55.52603 56.18854 64.24796 63.24946 60.1391 55.1334 52.50201 47.0583 46.01072 38.3562 37.05919 36.95984 40.01216 45.01958 41.90772 38.69933 31.97725
61.47459 61.49921 60.95884 57.45608 52.98352 47.19004 42.70306 45.07655 46.33165 45.88732 42.80188 40.63156 38.46553 38.23594 37.39816 33.96045 30.70876 28.74975 31.83545 34.27922 40.1391 47.33196 55.78062 65.20234 59.682 54.30234 49.82353 52.19717 49.29301 44.91362 42.96071 38.11196 34.01329 30.76274 28.24134 25.69647 21.78835 22.35701 24.25349 24.82795 27.56011 33.27102 32.31805 30.09317 38.88341 42.90839 47.86747 46.18874 41.02731 38.59521 41.47285 38.20271 31.03187 34.09829 34.67377 35.72172 35.77753 35.36134 36.15563 33.85149 25.90702 19.80248 13.4549
62.83274 62.3307 61.22449 59.19019 55.80194 48.61814 45.44152 50.14045 50.02776 47.5583 44.39244 40.99881 39.26514 39.63058 40.40126 35.45858 31.50632 29.33361 28.99211 27.2059 27.639 27.9906 27.62079 28.46779 44.97573 52.29155 51.20797 50.57293 46.32854 43.34403 41.53703 36.67433 31.5322 27.52564 24.28866 22.29469 22.59348 20.65981 20.48199 19.81356 14.66239 9.027099 7.50041 10.87584 22.80458 30.52074 31.36027 29.76783 25.86254 22.34926 23.46979 21.56489 20.38763 23.36363 29.83861 35.98279 36.72624 35.60942 34.11375 24.95555 17.65084 10.29032 6.014068
64.2078 63.65704 62.55992 63.85608 70.89928 68.65105 64.96414 60.08522 51.41383 50.92756 45.91209 39.80678 38.52145 40.859 46.36135 46.85724 34.1234 29.70511 30.41742 28.35765 23.46472 21.97316 19.71757 20.88273 21.41869 30.74115 37.29069 43.52707 41.41318 41.52938 38.14239 33.5493 29.72368 25.82397 22.93822 22.84886 21.64042 20.44903 17.89858 16.69926 13.67781 10.40907 8.474038 8.395912 8.523849 11.50569 9.693803 11.67878 13.70145 11.81857 11.08056 13.49354 19.48101 23.84652 30.11729 39.09889 43.84563 43.08044 36.4301 26.18277 17.23319 10.82022 8.594638
65.99297 65.90107 64.80775 67.74583 67.30951 69.98643 66.61839 61.21769 54.75663 51.14238 43.91134 38.16051 34.93795 39.43222 43.07701 54.22397 58.35358 44.79187 31.01573 28.3087 23.50522 19.04255 17.46133 19.97446 21.54481 20.78361 27.52699 38.86197 40.031 39.44032 34.39911 30.80317 28.06174 25.2661 23.49014 22.31698 20.94339 19.2794 16.90223 14.74569 13.24091 11.46687 9.686267 8.337987 6.30774 4.937416 4.693119 4.17322 4.142099 4.599291 5.238758 11.2588 18.52938 24.16688 27.62866 34.08827 36.85777 39.22274 37.29458 29.35434 19.92796 13.02656 8.881294
66.65247 68.1179 67.80441 66.10616 63.84804 64.30949 62.09303 59.4827 55.22578 51.17206 55.96321 60.60398 53.06917 35.61493 34.74088 34.5469 40.22069 53.14006 51.15224 35.45509 27.5104 26.35844 21.5914 21.07747 21.44737 21.53673 19.80405 25.31759 31.10968 28.72675 27.80916 25.91885 24.63899 23.13617 21.9481 20.82878 19.85761 18.45802 16.33432 13.43237 11.90547 11.05882 9.072388 7.12358 5.564303 5.650166 5.084479 4.597472 4.211364 4.344694 4.966133 6.668913 11.01381 14.64103 17.83565 15.26762 10.19725 6.358441 4.774142 4.344149 5.891727 5.064187 5.855607
66.75492 65.95805 64.01942 63.89541 62.67055 63.07354 62.10427 65.50096 63.55368 67.77656 68.61741 62.52358 61.73716 61.16537 48.969 39.62602 35.69416 36.00771 45.87366 49.63322 46.48877 35.08363 25.6826 22.16973 21.73543 21.1255 19.8924 17.17131 17.53196 20.19553 21.21181 21.74048 20.88864 19.82954 18.68592 18.05071 18.13521 17.35114 15.86756 13.60726 10.59951 8.937372 7.537837 5.646963 4.363506 3.848325 3.641219 2.970262 3.22169 2.931491 3.439139 3.665402 2.915334 2.645221 1.158093 .06527089 12.50203 14.52819 10.32637 .06159079 .3464654 1.429716 3.216007
65.92442 64.42747 62.77586 62.83901 62.77041 62.14021 62.55076 63.76818 67.35219 68.88958 63.51726 61.6202 61.64969 62.41368 59.53025 49.58675 45.45525 47.58155 47.34919 51.27768 52.31884 45.83657 36.22091 25.11188 20.63465 20.61985 19.89608 18.97042 18.92396 19.33103 19.62872 19.57664 20.25692 18.00717 15.31689 14.33249 16.39613 15.86048 15.12974 12.71941 9.736714 7.354701 5.826581 4.79159 4.109828 3.440116 3.370293 2.755528 1.730652 1.797302 2.111486 1.97146 1.155737 .3201184 .06358993 .06440871 4.742178 12.46733 20.38844 4.299121 .08078253 .8455313 2.774251
64.2434 63.06716 62.25868 62.32431 62.16727 62.56155 63.36739 63.77385 65.04063 64.88876 60.76819 61.62514 62.7865 64.86507 67.15698 62.52649 57.61938 62.10418 60.05236 60.31845 57.07038 56.52538 53.71367 36.9808 23.23963 18.35055 19.44976 18.79589 18.75526 18.82545 18.91079 18.69176 18.08647 15.6244 11.87918 9.844549 11.12107 13.59245 14.06536 14.73634 11.57667 9.224403 6.842735 4.889818 4.09736 3.623038 3.169744 2.823792 2.096545 1.487914 1.427125 1.27334 .7978446 .335704 .1652862 2.820673 2.666283 .2855887 .8664281 1.377897 2.399929 3.747425 4.296548
62.98057 61.70584 61.31806 61.89835 62.09711 62.95643 63.94806 64.71799 65.2712 64.69061 62.63939 63.21182 65.5527 67.63284 68.17113 68.4285 66.12937 58.66838 56.75084 55.99948 53.71138 53.51342 52.52339 52.05927 45.49112 26.36323 17.48723 17.35577 17.21788 17.11979 16.7924 17.9131 18.06931 16.92179 17.82806 18.26903 15.99041 13.98745 13.38731 12.17619 10.21121 8.766619 6.060881 4.543577 3.749028 3.825007 3.907145 3.092378 1.581565 .9031869 .7612454 .818541 .890761 1.206099 1.882928 3.743174 7.755674 11.74265 14.68833 16.97316 15.69675 12.00294 8.445368
62.36495 61.84678 60.93444 61.62452 61.97188 62.84028 64.34431 63.94249 65.18355 64.96591 63.97646 63.01958 65.41127 64.04224 63.17804 63.72752 62.15828 58.77446 56.5612 54.85773 53.40043 53.71197 53.48169 53.53951 51.8483 48.68295 34.42456 22.30875 17.89802 21.1632 26.89714 26.30717 23.38803 24.67898 27.55201 30.63567 27.08718 25.74649 25.68646 23.64416 17.93782 12.20097 5.232609 2.744045 2.185082 2.563085 3.349817 5.089487 6.194963 7.460395 8.080368 8.418656 11.08427 15.03819 19.42997 23.06562 23.7056 26.05923 25.61043 23.21711 19.45359 15.66657 12.03695
62.1371 61.65202 61.8304 61.53178 62.14199 62.58105 64.18818 64.13547 65.3356 65.35371 64.95935 62.94327 63.43558 60.90138 61.24321 62.07853 60.64639 58.35241 56.71408 55.08595 53.82968 54.83718 57.41569 60.66357 65.99333 64.12735 58.53765 53.63397 43.30252 43.31721 39.41442 40.12378 43.4717 44.8419 43.4576 44.54733 40.23832 35.4298 34.25277 28.23463 25.05253 27.46255 26.09547 22.84627 18.3139 17.68303 16.29308 18.21927 20.59838 21.36747 20.18734 18.39016 19.81621 22.75036 25.13596 25.65654 23.03586 20.79162 19.04893 18.01362 17.71065 15.7781 13.24798
62.15619 62.00158 62.43418 61.78019 61.48343 61.92232 63.99478 64.57232 65.36349 65.88907 65.73725 65.66924 63.61275 60.84386 60.70854 60.90337 60.48738 58.5001 56.96982 55.41052 54.95466 55.75314 58.0624 57.71891 60.47145 64.44499 71.00583 69.95578 64.1153 60.54534 49.45575 47.27964 61.31455 59.79431 54.09632 46.52528 42.73072 42.21438 37.52932 30.49643 36.65451 48.4524 58.08796 62.1908 58.34149 52.06213 42.73433 37.7822 38.48789 36.72315 32.26541 26.644 23.62031 23.43189 22.55209 20.27985 19.54403 18.46611 15.97906 14.81822 14.91406 14.91238 14.39472
60.48556 61.6834 62.92811 61.18399 60.33588 60.98305 61.99031 63.7598 64.83139 65.12051 63.22456 64.00897 62.73933 61.2037 60.47414 60.65335 61.20705 59.07564 57.8856 57.18429 56.93539 56.76726 56.11239 54.40017 56.41332 58.77849 61.94558 65.84699 66.28904 55.86896 47.09369 43.0486 49.88997 48.71851 57.98141 57.72182 48.2142 47.9529 43.76932 50.90042 58.62128 67.2788 74.06652 81.94389 79.86903 73.63839 63.74913 52.81857 45.77877 41.98255 37.5475 32.96502 26.71216 22.56848 19.55307 16.68685 14.65161 13.66014 12.48873 12.80062 13.61988 16.13515 19.02174
57.98991 57.14596 59.41768 59.06938 58.70568 59.58047 60.61449 62.62903 63.63198 62.81123 61.65394 61.98575 62.15538 61.02262 60.46941 60.64541 61.64799 60.73178 59.7668 59.94031 59.3213 57.12877 55.00194 53.82891 54.40244 55.20805 55.49306 55.90025 55.03962 48.99564 47.86398 42.80676 37.11659 43.22174 56.36743 54.61078 51.29901 41.87992 44.24725 62.38171 72.96178 72.68127 71.58804 68.03961 67.42799 64.45343 61.74936 55.33656 45.26638 38.27365 34.36911 32.19046 26.75138 21.26054 18.24476 14.82563 11.9336 11.58597 11.65361 12.46157 15.67064 21.56843 27.46693
56.92015 55.23285 55.47461 57.17649 57.74755 58.54884 59.46207 61.01249 61.87844 61.03276 60.29913 60.39677 61.11075 60.54916 60.21103 59.80303 60.45971 58.46111 59.03417 59.13701 58.7129 56.74781 55.05971 54.4449 53.82924 52.74134 50.56509 49.4455 52.26701 52.97659 58.17395 57.95853 53.8716 45.71553 48.7375 49.71711 49.2895 44.2636 47.97946 57.68349 59.07045 64.79084 60.5038 60.46711 60.49431 60.00419 57.3266 51.80243 43.49911 35.88623 30.77594 28.12965 24.526 19.44117 17.96636 14.95255 13.59336 14.00715 16.05631 19.29527 25.30376 33.33876 37.68726
57.36149 56.69804 58.16225 57.90779 57.53108 57.91083 58.46598 59.93917 60.098 59.59202 59.00501 59.4847 59.86105 60.07058 60.01973 59.47117 57.50695 56.23367 57.29253 58.70578 58.51822 56.93414 55.56108 54.97511 54.03643 51.55193 48.92412 46.00294 48.292 54.27607 66.37448 66.87614 57.7464 48.0891 46.8242 44.74841 50.05424 55.27299 56.44518 47.90038 45.64135 44.71955 47.21652 50.91047 51.42858 48.13863 47.57834 44.58804 38.19373 32.37991 28.24407 25.19849 21.87495 18.13669 18.04447 17.96676 17.84668 19.14635 24.82617 35.38697 43.66 46.55407 47.71486
57.51739 58.33829 59.55622 58.75104 57.80885 57.62284 57.74088 59.11446 59.0028 59.23162 58.54131 58.92099 59.71576 59.64524 59.67039 59.37519 59.31088 58.00782 57.51951 58.45507 59.00788 57.86854 56.22241 56.02916 54.32365 52.52563 51.25515 50.69084 53.08693 56.52743 61.85556 59.61837 60.4294 52.54694 49.46917 42.16045 48.13013 54.81311 56.32434 51.40504 42.26044 35.11709 36.89911 40.92303 42.24998 40.84138 40.82087 39.74741 35.5906 31.52149 27.82345 25.08423 22.40309 19.40722 21.20057 23.47255 24.9994 29.99044 43.5831 59.4814 63.85381 60.14463 53.51575
56.30042 57.28684 58.34697 58.80887 58.08846 57.42941 57.38861 58.22535 58.07629 58.82076 58.3358 58.96591 59.54596 58.84858 59.0391 58.36982 58.64758 58.72122 58.26458 58.6582 59.10216 59.37647 58.03032 58.37411 58.46719 57.55412 56.12516 56.73799 59.98259 58.39759 56.59697 53.84695 55.76208 57.95271 51.53845 46.74579 47.16502 52.06562 53.26036 50.77343 49.30404 47.63861 42.39749 42.72633 37.96028 37.28864 38.20754 37.36019 36.42213 32.34548 30.3185 29.07761 26.39343 22.11971 24.39728 32.00182 37.94598 47.20092 68.80246 74.95673 72.3319 63.81564 52.14247
58.74899 59.27528 59.11655 58.38626 58.39304 57.80693 57.41599 57.09736 58.1652 59.25288 58.93887 59.42427 59.64215 58.63739 58.64692 58.66282 59.10523 59.26181 59.01944 58.70521 59.26387 60.23923 60.46431 59.74395 58.86457 58.71696 59.52567 59.97603 58.13734 58.25813 53.37072 51.03421 52.52623 54.84184 53.43225 49.80556 47.42369 51.14712 54.96611 54.7561 51.74866 50.5317 45.53362 45.98635 42.11216 39.22428 36.42349 32.7673 33.22343 33.21788 32.86187 34.29451 35.14444 31.31873 30.25042 38.93417 51.00392 69.3016 72.27813 65.27996 60.61584 52.08538 41.60703
59.97739 60.23057 59.36616 59.04585 58.82971 58.43708 57.90777 57.72456 59.64997 60.41588 60.03115 60.06474 59.87965 58.90666 59.10826 59.28107 59.86478 59.71518 59.64819 59.29303 58.90704 59.36105 57.83426 58.79199 59.05113 58.03194 57.38608 56.50005 55.10689 54.36165 52.4954 50.9489 48.66258 47.94458 48.28585 46.79329 47.71917 50.63298 49.37675 50.27356 46.52229 44.05837 45.29589 45.33268 44.46192 39.82946 33.79129 32.59283 30.88276 31.5268 35.50794 41.4494 46.93105 47.72985 41.75211 44.08804 54.6954 72.92229 67.75002 57.27156 41.08859 33.06744 31.07473
