py_wake/examples/data/AJ_ParqueFicticio/Rough survey   Sector 8   Height 200m   Orographic speed.grd
DSAA
73  159
 258469   265669
 6501692   6517492
 .721692   1.448555
[rows 0 to 27 of 159, columns 0 to 62 of 73]
.9743633 .9737279 .9735303 .9724202 .9716628 .9706684 .9697908 .968999 .9682887 .9677553 .9667985 .9660383 .9651126 .9640896 .9635619 .961992 .9604628 .9576384 .9544036 .9498745 .9467903 .9493753 .9609156 .9758249 .9830858 .9852095 .9901479 1.000245 1.008363 1.011762 1.015193 1.019688 1.02538 1.028995 1.033064 1.038833 1.044466 1.046635 1.044869 1.040701 1.035332 1.028667 1.022354 1.016537 1.013106 1.010066 1.007375 1.00325 1.000622 .9973643 .99475 .9928928 .9916698 .9912897 .9929223 .9950277 .9973484 1.000214 1.002813 1.005605 1.008768 1.011963 1.01424
.9701586 .9710735 .9709504 .970053 .9688407 .9678542 .967437 .9667711 .966293 .9657877 .9645029 .9635849 .962607 .9622176 .9620817 .9610246 .959753 .957664 .9553438 .9523463 .9531678 .9597278 .9725109 .9863325 .9938952 .9970254 1.001909 1.010978 1.016114 1.02057 1.023472 1.028443 1.03446 1.038523 1.042611 1.046169 1.04846 1.047548 1.043371 1.037832 1.030625 1.024666 1.020382 1.016385 1.013254 1.00977 1.006317 1.002342 .9989175 .9956118 .9922262 .9904908 .9888955 .9896684 .9914336 .9936402 .9972949 1.001014 1.005647 1.009521 1.013685 1.01744 1.021094
.9684347 .9695446 .968742 .9677027 .9657775 .9647906 .9642369 .9638749 .9639 .9636438 .962697 .9609873 .9603233 .9599755 .960314 .960141 .9593561 .9578494 .9569084 .9558316 .9586087 .967783 .978283 .9907144 1.001801 1.007758 1.011979 1.016898 1.021547 1.025208 1.02938 1.034919 1.040144 1.044038 1.046991 1.048373 1.047079 1.044607 1.039962 1.032795 1.024497 1.01908 1.015853 1.013833 1.010876 1.007338 1.003952 1.000737 .996678 .9925352 .9885803 .9867677 .9867762 .9886481 .9907779 .9933517 .997346 1.00208 1.007641 1.012898 1.018578 1.023736 1.028794
.9669739 .9665287 .9651786 .9639798 .962509 .9618205 .961105 .960904 .9609164 .9609022 .9604504 .9589307 .9583569 .9580807 .9584279 .9590592 .9591407 .9579785 .9576662 .9583967 .96295 .972856 .9843338 .9960064 1.006164 1.012896 1.01674 1.021789 1.024345 1.028314 1.032817 1.038575 1.04176 1.041912 1.040972 1.03856 1.03674 1.034156 1.029456 1.0218 1.012665 1.009239 1.009766 1.01023 1.008332 1.005846 1.000067 .9963701 .9928434 .9891611 .9869477 .9875281 .9873697 .9876309 .9890274 .9923244 .9972913 1.003326 1.010002 1.017068 1.024839 1.031508 1.036506
.9636157 .9623218 .9611343 .96058 .960113 .958562 .957912 .9580384 .9581325 .9581692 .9582053 .9571546 .9563535 .9566471 .9571121 .9573796 .9585284 .958881 .9594148 .9621704 .9682443 .9768249 .9892485 1.000181 1.009161 1.016327 1.020139 1.022006 1.023985 1.027304 1.031917 1.037038 1.033353 1.027723 1.022328 1.017212 1.014819 1.012736 1.00775 .999207 .9936021 .9972108 1.003564 1.008419 1.009085 1.004202 .9959944 .9917449 .9896341 .9883235 .9879137 .9875309 .9862869 .9851863 .9864243 .9901357 .9963312 1.003467 1.011948 1.021291 1.03048 1.038985 1.043978
.9616537 .9585066 .9575475 .9585829 .9580373 .9559283 .9555096 .9567706 .9570525 .956885 .9567828 .9557934 .9540903 .9559956 .9563766 .9558463 .9577568 .9598982 .9634159 .9681628 .9750888 .9852995 .9943168 1.003958 1.011611 1.016793 1.018434 1.019076 1.019336 1.021272 1.022735 1.020427 1.011139 1.001202 .9943058 .9898961 .9880012 .987132 .9816537 .9735792 .9770383 .9894542 1.000706 1.005403 1.00232 .9946702 .989069 .9879278 .9875419 .9863881 .9854268 .9828731 .9805599 .9792747 .9806337 .9854895 .9933733 1.00273 1.01346 1.024681 1.034755 1.041071 1.04219
.9614301 .9588744 .956917 .9557925 .9551363 .954078 .9564106 .9583769 .9585324 .9580205 .9566792 .9546768 .9532585 .9550396 .9559992 .954972 .9558323 .9595219 .9638437 .9695982 .9784691 .9893656 .9998481 1.007626 1.01199 1.014065 1.014484 1.013642 1.012007 1.009949 1.007867 1.001815 .9904985 .981707 .9762548 .9707371 .9687263 .9660066 .961548 .9616268 .9728351 .9889602 .9978673 .9958022 .9875305 .9810715 .9815223 .9849426 .9845196 .9812846 .9777637 .9734586 .9696958 .96885 .9714539 .9784353 .9891341 1.000598 1.012706 1.024774 1.031874 1.030553 1.01865
.9629588 .9613484 .9605525 .9577985 .9561338 .9549794 .9576082 .9611529 .9613934 .9600993 .9577793 .9547741 .9537203 .9540035 .954675 .9534567 .9537035 .9567903 .962388 .9705075 .9802963 .9909439 1.001652 1.007459 1.009226 1.008351 1.008675 1.006496 1.002578 .9981191 .9922194 .98457 .976473 .9688655 .9627138 .9569919 .9538754 .9507019 .9501882 .9562953 .9702878 .9823486 .9831957 .9753244 .966176 .9690199 .9766311 .9788288 .974641 .9683856 .9640635 .9584462 .9532492 .9520133 .9595415 .9712166 .9839613 .9961178 1.008616 1.015435 1.012424 .9979804 .9749406
.9640108 .9627585 .9621091 .9594212 .9574991 .9572765 .9608538 .9636635 .9644672 .9618303 .9577392 .9555082 .9535576 .9533979 .952772 .9513212 .951616 .9544024 .9603239 .968852 .9783011 .9850362 .9927096 .997656 .9994826 .9997799 .9998525 .9979661 .9921817 .9854342 .9786475 .9709788 .9628469 .9553596 .9493987 .9431457 .9388891 .9381943 .9416766 .9486437 .9559215 .9597051 .9541578 .9442887 .9455159 .955353 .9595346 .9563417 .9491477 .940562 .9369455 .9317954 .9273915 .9346122 .9484947 .9644234 .9785521 .9897546 .9966233 .9947227 .9784631 .9535547 .9244411
.9654053 .9640961 .9628023 .9626944 .9629701 .9635871 .9681659 .97022 .9671164 .9616998 .9558027 .9544474 .9535105 .9526053 .9510369 .9501828 .9507469 .9534365 .9579974 .9645096 .9716564 .9761415 .9789084 .9828817 .9867922 .9889618 .9899513 .987403 .9806561 .9731982 .966337 .958769 .9497038 .9423803 .9353358 .9296894 .9286963 .929309 .9309623 .9340067 .9343715 .9295779 .9202632 .9153317 .9230242 .9305428 .928503 .9222845 .9141758 .9064482 .903264 .9005625 .9037186 .9218108 .9441934 .9603325 .9728801 .978939 .9786252 .9649813 .94156 .9110209 .8840483
.9663641 .9657576 .9649066 .9667131 .9713458 .9732533 .9749827 .974269 .9667498 .9580944 .9534928 .9531878 .9534759 .9520275 .95192 .9514281 .9512847 .9533517 .9560738 .9594018 .9630706 .9655336 .9674785 .9716306 .9750354 .9759507 .9758781 .9737992 .9679846 .9613417 .9525371 .9447726 .9381053 .9300374 .9235485 .9202142 .9192631 .9194818 .9187805 .9183496 .9137673 .9062847 .8981508 .895652 .8994069 .8989589 .8902782 .8833163 .8783134 .8720232 .8709612 .8766688 .8934382 .9183433 .9404736 .9544387 .9613898 .9611252 .9522268 .9316322 .9059799 .8792023 .8623073
.9686269 .9685264 .9689401 .9718965 .9736706 .9739221 .9735643 .9690316 .961925 .9539632 .9523091 .9553684 .9555606 .9540834 .9528589 .9543287 .9578341 .9569942 .9562448 .9559103 .9565942 .9583671 .9624488 .964106 .9650962 .9640421 .9592338 .9600359 .9566763 .9469695 .9375393 .9305495 .924417 .9188055 .9134316 .9107077 .9100512 .9090297 .90763 .9025036 .8972234 .889354 .8832363 .879595 .8771699 .8709462 .86043 .8533165 .8482019 .8459798 .8505962 .8651756 .8885357 .9108172 .9264864 .9322029 .9308775 .9225373 .9091148 .8899561 .8692 .8534347 .8488524
.9704697 .9713859 .9723051 .973328 .9731421 .9723622 .9693349 .9635679 .9563818 .9541762 .9595834 .963062 .9601351 .9556961 .9539813 .9553093 .9602396 .960568 .959656 .9581947 .9584281 .9603905 .9622047 .9599711 .9570955 .9534624 .9490977 .9450214 .9394557 .9289869 .9213886 .9145691 .9099869 .9056796 .9015656 .9005696 .9001186 .8980542 .8942679 .8887477 .8817665 .8747231 .8679029 .863449 .8579664 .8503868 .8402654 .8330942 .8297169 .8305172 .8391845 .8555658 .8727831 .8865373 .8913243 .8848638 .8724526 .8602074 .8476242 .8371288 .8313526 .8328624 .8407298
.9716758 .9725124 .9723107 .9724738 .971946 .9702363 .9667985 .9634575 .9590569 .9611946 .9665058 .9677298 .9646141 .9602264 .959209 .9618627 .9617453 .9610788 .9646357 .9642169 .9634061 .9630826 .9625865 .9574995 .9507568 .9447466 .9378087 .9298837 .9213622 .9142507 .9081162 .9031321 .8978265 .8930175 .8907357 .8901434 .8905028 .8873794 .8822553 .8747457 .8665868 .8591591 .8522164 .8480915 .8414574 .8325555 .824448 .8176554 .8174796 .8193659 .8293003 .8398861 .8474385 .8479201 .8401477 .8248532 .8129231 .8055711 .8034836 .8059481 .8145173 .8276946 .8413928
.9732146 .9728811 .972181 .9720209 .9711939 .9693056 .9663708 .9638616 .9617986 .9631381 .9668517 .9691529 .9677157 .9667878 .9672028 .9685377 .9686298 .9706709 .9717591 .9704881 .9695425 .9677805 .9622348 .9544675 .9473667 .9391473 .9308798 .9224918 .9141709 .9067628 .9008707 .8941423 .8893372 .8835114 .8813378 .8823215 .8830236 .8792205 .8718741 .8619089 .8521129 .8439814 .8373731 .8342004 .826914 .8176031 .8106776 .8076164 .806547 .8107575 .8171037 .8199585 .8189335 .8114412 .8006333 .7893685 .7855345 .7908465 .8012161 .8145961 .8297483 .8465699 .8573354
.9734273 .9723525 .9714242 .9710597 .9702737 .9688411 .9667679 .9642992 .9622409 .9619282 .96657 .9696147 .9706302 .9728385 .976941 .9781319 .9765898 .977515 .9771418 .9735541 .9725004 .9701915 .9618044 .9532782 .9451165 .9375131 .9284979 .9189095 .9110869 .9037322 .8978425 .8902777 .88224 .8772807 .8785301 .8810194 .8803819 .8745968 .8642642 .8525557 .8429613 .8369057 .8315762 .8246468 .8167021 .8081269 .80459 .8043814 .8072251 .80987 .8107104 .8080096 .8025572 .795208 .7905734 .7921376 .8033951 .8213144 .8395344 .8552766 .8696184 .8790125 .8830072
.972898 .9716285 .9707899 .970292 .9699613 .9691224 .9671045 .9656827 .9644783 .9650242 .9672266 .970705 .974216 .9773974 .9810486 .9808892 .9787753 .9778027 .977264 .9739149 .9714876 .9693308 .9627273 .9537257 .9461005 .9388615 .9300265 .9203288 .9116213 .9059834 .9008247 .8919035 .8816923 .8801404 .8898352 .8925809 .8882058 .8777136 .8623587 .844364 .8390612 .8352915 .8279624 .8220062 .8148151 .8094236 .8081234 .8116986 .8167116 .8207787 .819962 .8152128 .8116382 .812223 .8185884 .8325104 .8546465 .8748564 .8926219 .903152 .9095421 .9103283 .9048052
.9727652 .9712584 .9702774 .9697861 .9695746 .9692164 .9680604 .9669695 .9668726 .9675502 .9698223 .9717595 .9757937 .9786733 .9796396 .9794914 .977549 .976371 .9748771 .9721923 .9697416 .968071 .9643087 .9592831 .9532378 .9451126 .9375945 .9289531 .921676 .9173895 .9125613 .9006748 .893793 .8994513 .9095469 .9111496 .9027163 .8893517 .8703286 .8531301 .8477262 .8414059 .8352486 .8312804 .8275393 .8265537 .8271868 .8325537 .8416536 .8471466 .8463265 .8417836 .8428375 .8507729 .8658073 .8841347 .9033936 .9191704 .9292433 .9330543 .9324634 .9276043 .9177869
.9726628 .9711401 .9704365 .969491 .9694912 .9691018 .9687172 .9683641 .9688275 .969623 .9724219 .9740614 .9756662 .9768052 .9776288 .9782093 .9765203 .9749216 .9737714 .9715939 .9693757 .9675415 .9658576 .9642003 .9619371 .9571831 .9504265 .9433461 .9388874 .9356364 .9269993 .9148186 .9154974 .9228717 .9294793 .92743 .9171706 .9007109 .8793588 .8630305 .8605888 .8618665 .8619391 .8619637 .8624962 .8626376 .8610987 .8676131 .8770226 .8802971 .8761858 .8710833 .8729446 .8839533 .8982331 .9143878 .9276015 .9380578 .9427913 .9435927 .941979 .9351892 .925048
.9727501 .9712653 .9699848 .9687054 .9684724 .9684532 .9692529 .9697246 .9701805 .9712002 .9734225 .9745209 .9748881 .97536 .9754626 .9759115 .9754373 .9737432 .9733455 .9716852 .9698666 .9678342 .967169 .9670401 .9646922 .9608324 .9571227 .9540585 .9517266 .9458255 .9329355 .9262528 .9338385 .9415159 .9422954 .937004 .9240584 .9064862 .8863794 .8775833 .8838074 .8924184 .898702 .9017448 .9030655 .9010141 .8985344 .9011917 .9074547 .9050623 .8958065 .8903447 .8916352 .8999305 .9103262 .9220932 .9336167 .943157 .9457755 .9478108 .9478834 .9433401 .9345887
.9718822 .9705541 .9687289 .9672712 .9668 .967883 .9688607 .9698648 .970839 .9719258 .973193 .9738503 .9739379 .9736812 .9740595 .9743717 .9748551 .9735569 .9737589 .9723995 .9707522 .968495 .9673452 .9662923 .9651494 .9622075 .9599978 .9571888 .9535404 .9432101 .9347003 .9357111 .9420365 .945569 .9457082 .9416578 .9275804 .9111472 .8969546 .9002164 .9101181 .9214256 .9273391 .9304423 .9292035 .9231575 .9185225 .9195729 .9205619 .9118274 .9015557 .8971134 .8984562 .9016633 .9114618 .9207819 .9314298 .9415773 .9487938 .9560366 .9588801 .957035 .951226
.9698948 .9687107 .9662262 .9649136 .9655105 .9668781 .9683819 .9697124 .9710265 .9713985 .971806 .9726396 .9735289 .9731365 .9726889 .9734985 .9743035 .9742502 .9737864 .9722369 .9702953 .9680328 .9672886 .9660907 .9643928 .9617773 .9586265 .9544254 .9476078 .9370434 .9386011 .944205 .9466869 .9482669 .9463419 .9385661 .9264894 .9132519 .9074767 .9172983 .9294162 .9367371 .937777 .9371487 .9331989 .9281731 .9259144 .9239426 .916593 .9048375 .8955383 .8949885 .8973346 .9001189 .9085695 .9196906 .9311998 .9464405 .9605461 .9727871 .979534 .9790987 .9744661
.9682429 .9664773 .9647154 .9644177 .9652119 .9664874 .9680358 .9692325 .9702966 .9704428 .9700485 .970713 .9720215 .9726451 .9724619 .9720563 .9732746 .9732625 .972792 .971365 .9697806 .9674609 .9664336 .9653937 .9635742 .9596042 .9545688 .9490023 .941335 .9389549 .9462892 .9542502 .9549711 .9510719 .9457089 .9341616 .9234539 .91653 .9170495 .9250006 .9337892 .9362897 .9347329 .9316957 .9281175 .9249365 .9215745 .9152897 .903887 .8919696 .8860447 .8861786 .8922361 .8966269 .909147 .9246519 .9432431 .9649184 .9865636 1.001843 1.009192 1.00624 .9954639
.9676271 .9663121 .9661752 .9658221 .9664856 .9671575 .9680906 .9687825 .969532 .9690905 .968748 .9691679 .9704898 .9715709 .97251 .973034 .9725164 .9714784 .9710187 .9707875 .9694727 .9673557 .9659126 .9651406 .9626575 .9579326 .9519565 .9455746 .9404051 .9451771 .9562191 .9603675 .9578759 .9511911 .9415601 .9319332 .9241824 .9212528 .9242568 .9263709 .9284992 .9280412 .9257569 .9217311 .9176872 .9141865 .9092788 .9016132 .8911521 .8808544 .8763607 .8797023 .8896629 .8991975 .9154495 .9398015 .9680601 .9958172 1.023038 1.04038 1.040934 1.029731 1.011321
.9678319 .9669588 .9675517 .9678003 .9676543 .967844 .9685552 .9687669 .9693187 .9680676 .9683175 .9688551 .9700765 .9713854 .9723372 .9725468 .9724751 .9713842 .9700963 .9697674 .9691553 .9678831 .9658824 .9654298 .9626843 .9584119 .9528968 .9486478 .9475647 .95194 .9611115 .9601613 .9540211 .9458997 .937568 .9309465 .9277435 .9265264 .9266521 .9251639 .9206235 .9202128 .9170372 .9114558 .9073931 .9018387 .8961339 .8895455 .8818407 .8744856 .8727143 .8795329 .8946535 .9111168 .9342984 .9659394 1.002527 1.03726 1.065511 1.076007 1.065884 1.042724 1.014962
.9674911 .9671407 .9679425 .9689516 .969292 .9689293 .9686627 .9690522 .9688242 .9678735 .9682194 .9694358 .9703096 .9712592 .9721361 .9724786 .9720484 .9710965 .9697484 .9692261 .969237 .9690158 .9668581 .9658536 .9642267 .9613106 .9562998 .9532294 .954662 .9557325 .9560114 .9547672 .9499049 .9415421 .9333572 .93065 .9289314 .9290075 .9283854 .9244806 .920729 .921131 .9158241 .9085881 .9009761 .8928317 .8876963 .8821796 .8769596 .8730735 .876476 .888918 .9101239 .9336959 .9613428 1.000061 1.043235 1.080828 1.10225 1.099946 1.075014 1.041379 1.006937
.9688135 .9688007 .9693791 .9697104 .9701756 .9701742 .9700584 .9696566 .9694167 .9695581 .9700165 .970662 .9713859 .9719597 .9718866 .9725236 .9720477 .9712166 .9702061 .9691238 .9690139 .9691486 .9687235 .9670573 .9638062 .9602682 .9568141 .9542258 .9544269 .9524382 .9513041 .9504229 .9465129 .9389001 .9308178 .928288 .9285916 .9291261 .9304407 .9259017 .9202808 .9180553 .9137908 .909286 .9005517 .8911316 .8826175 .8768162 .8748408 .8791072 .8873854 .9064201 .9354219 .9662179 .9970172 1.039028 1.085116 1.118323 1.124079 1.104003 1.067806 1.027851 .9908608
.9698997 .9703949 .9706629 .9710448 .9711268 .9711841 .9713731 .9709178 .9708602 .9720318 .9725786 .9726675 .972665 .9727865 .9729027 .9723581 .9721382 .9713939 .9709782 .9703689 .9690967 .9695829 .9682585 .9665982 .9632679 .9585893 .9537882 .9517897 .9525129 .9499605 .948794 .9481367 .9418489 .9335052 .9268247 .9277098 .929635 .9300325 .9283623 .9210112 .9154064 .9118503 .9120432 .9072295 .9006547 .892961 .8828037 .8796157 .8820477 .8911552 .9083809 .9337088 .9673576 1.002364 1.036243 1.077189 1.119682 1.142289 1.130508 1.097003 1.051948 1.009672 .9760695
