py_wake/examples/data/AJ_ParqueFicticio/Rough survey   Sector 10   Height 200m   Power density.grd
DSAA
73  159
 258469   265669
 6501692   6517492
 188.6714   2388.28
[rows 56 to 83 of 159, columns 0 to 62 of 73]
863.4244 870.4341 882.4844 890.4413 897.0016 894.1654 889.3188 884.9478 881.2501 876.139 871.3443 865.108 862.5383 855.5373 841.8853 838.3473 838.3708 838.6555 838.8539 842.1494 834.3535 824.2526 825.1395 831.9355 833.2598 836.2885 836.1788 837.3704 858.9266 907.3201 950.1712 948.1085 913.9254 904.6675 921.5633 943.8112 949.6085 914.2838 853.8531 833.5499 857.6922 875.2016 881.1381 890.1968 912.9415 958.6029 1002.795 1035.56 1100.723 1200.799 1318.429 1396.249 1347.632 1215.913 1128.536 1186.069 1303.336 1332.104 1216.4 1049.925 929.6427 922.8809 1006.702
859.924 869.9161 881.5596 889.2416 896.6035 892.7194 886.2712 882.3473 876.5376 872.5369 867.0509 861.5752 856.8658 853.3631 844.7563 839.6812 838.3336 837.5778 839.7227 842.0731 840.2308 833.2454 830.8428 833.326 835.1018 839.1927 841.7737 843.8152 868.5136 923.2997 974.2853 974.5313 941.1175 927.1238 944.5303 965.155 975.2639 944.6489 891.001 858.8038 867.1404 883.5417 892.9507 904.1089 936.0799 982.468 1006.202 1012.456 1059.306 1146.434 1256.555 1323.164 1281.617 1167.862 1092.144 1156.233 1274.92 1312.53 1204.326 1037.86 908.1687 878.7064 950.5332
855.3649 866.9518 880.2973 887.6593 892.7504 889.5667 880.7384 876.4893 870.9759 867.3866 861.6816 856.0064 853.8904 852.0446 847.8469 843.4388 840.582 837.453 838.0297 841.0838 843.8738 841.8457 838.6901 835.3508 837.8534 841.7818 848.2491 859.5481 885.868 934.8897 991.8765 992.478 963.8818 948.5906 956.721 981.0477 997.559 969.2988 918.5173 881.1959 880.0255 883.4172 889.9847 916.442 954.9429 995.9671 1008.963 1007.778 1036.791 1102.425 1188.751 1244.358 1215.988 1122.045 1062.793 1126.371 1234.311 1279.658 1195.375 1038.065 899.9928 845.4797 902.2607
857.75 871.6668 891.8632 896.6744 888.6863 883.4245 874.4384 869.718 865.4946 861.6124 857.4532 854.343 850.152 848.5004 846.6528 844.619 842.1274 839.6302 839.2759 842.5753 844.5909 845.4523 845.0986 841.4939 842.0716 848.6545 861.222 880.3194 908.3368 954.8813 997.2689 1000.99 978.9113 958.2493 973.3957 997.7855 1012.011 997.2123 946.5051 902.9885 887.584 877.0038 882.4938 918.149 969.7614 1007.235 1016.39 1012.157 1024.813 1068.172 1122.099 1164.875 1154.902 1084.012 1036.25 1086.735 1182.413 1237.287 1177.082 1036.019 901.5377 828.4908 866.6514
865.5952 881.7238 902.9745 906.3654 890.2914 875.2087 864.9733 862.5978 860.2711 858.8616 855.9138 851.9026 848.1104 844.1804 843.107 842.8356 840.7471 839.1679 841.8426 847.4167 848.532 845.674 845.3479 844.0936 844.5786 852.4617 873.6478 902.8895 941.2813 981.1569 1013.37 1013.841 997.9854 981.3595 989.2313 1010.523 1019.444 1006.324 962.5651 915.8834 888.6901 883.0499 891.5129 932.002 985.1001 1020.993 1035.186 1036.802 1039.558 1039.622 1061.524 1086.1 1093.996 1053.393 1009.991 1043.767 1134.993 1193.387 1144.256 1021.921 900.142 827.7109 839.4112
878.4637 897.1157 907.3552 904.5493 890.2198 872.8816 859.5477 856.5907 859.1895 859.1174 856.7286 853.1391 848.3984 843.6329 841.0123 840.3312 839.238 838.5793 844.7523 851.0885 858.0143 852.9438 848.1294 846.0181 845.0941 857.4675 884.8777 925.8334 970.1984 1016.322 1044.734 1038.732 1021.023 1015.043 1017.772 1028.764 1032.833 1013.168 972.6076 931.4391 899.3851 877.0284 885.291 924.0306 978.6836 1015.107 1032.992 1050.391 1063.754 1047.389 1028.49 1035.151 1053.629 1040.229 996.9467 1014.974 1094.812 1151.473 1113.916 1009.438 906.658 837.1461 817.0484
886.3167 904.6254 904.8802 899.8485 885.7921 872.327 859.0299 856.2918 857.7462 859.2858 858.8906 854.6025 850.4191 845.0645 841.2148 838.6788 835.4402 835.998 844.2123 852.292 859.6109 858.2059 852.4055 849.015 851.0565 864.0441 892.5649 939.1827 993.1713 1043.26 1072.202 1064.303 1045.313 1043.391 1042.705 1045.332 1040.183 1008.169 964.1227 928.0831 893.1245 866.4893 874.4862 908.7391 964.3781 1004.634 1027.648 1051.534 1077.435 1064.635 1018.041 991.8779 1007.763 1006.337 982.9588 980.6203 1038.619 1088.174 1069.494 985.4051 898.369 844.0747 819.6525
888.4091 901.808 902.4293 896.057 884.8685 875.1973 866.225 862.6027 861.2906 861.5157 862.0034 855.8706 851.9019 847.7177 843.0211 839.8829 834.9457 833.881 840.4031 849.5506 857.2537 858.1145 856.4352 855.0584 859.3743 876.7612 902.0795 946.0638 1004.206 1060.874 1092.32 1086.871 1072.658 1074.084 1080.846 1074.708 1057.551 1019.671 973.493 934.2498 894.3331 866.7001 861.7318 889.8154 940.4333 987.0205 1009.095 1035.875 1066.285 1069.826 1032.732 985.0468 970.5463 967.8899 957.0753 947.3151 980.8013 1023.722 1015.849 956.8148 885.6259 842.7414 822.3843
886.9083 897.1262 895.4587 892.878 886.9141 880.2729 876.166 872.7049 866.9756 862.2768 860.5977 857.9009 853.2183 850.7278 845.0322 841.1316 836.408 837.0033 842.8336 849.3286 852.7931 861.5645 862.9562 860.4199 867.6004 883.9359 912.1796 957.3132 1015.65 1072.6 1101.763 1100.535 1092.69 1096.888 1109.12 1102.779 1078.777 1036.097 990.8664 944.7151 902.4705 867.0536 855.3521 877.4951 922.7021 963.8903 986.8557 1018.946 1045.012 1058.763 1046.745 1003.749 952.7408 918.4434 907.0538 907.4745 925.0491 963.6409 969.0994 928.2991 881.8098 845.785 820.0281
879.8253 889.7188 888.4689 887.6179 886.5813 884.9633 884.119 882.8096 874.6117 862.8188 859.8104 857.9199 854.9555 852.3734 847.33 842.8196 838.5537 841.8175 845.7626 851.6728 860.4759 871.0206 874.0004 872.2703 876.6854 890.5466 919.5549 965.5677 1020.258 1068.16 1098.61 1098.444 1102.003 1120.426 1132.146 1123.053 1097.802 1048.996 1000.278 958.9955 914.686 876.5448 858.4157 869.4564 903.1475 931.7087 954.7049 990.9938 1017.521 1033.736 1049.791 1032.749 971.3701 899.9019 864.4433 861.0141 877.3866 906.2853 919.8296 904.6122 881.0313 847.1484 812.4654
872.864 880.7078 881.7491 882.4518 886.1696 887.9506 889.5884 887.328 876.7631 862.9212 859.036 857.3069 853.9186 850.5142 848.9202 846.4485 841.2873 844.7285 847.8558 852.6307 864.9237 881.8173 884.6771 885.0565 893.3929 906.4212 937.3379 979.2763 1024.25 1063.323 1088.192 1095.136 1106.14 1139.322 1149.166 1139.856 1114.681 1062.384 1010.046 966.3925 924.0336 893.719 868.9876 867.4447 882.8306 894.3432 922.4421 968.9775 991.3528 998.6805 1035.189 1049.055 990.7507 898.8344 826.1564 804.2788 824.4514 859.8057 886.6712 902.377 891.4378 860.0444 815.4298
870.3625 874.4944 875.7977 879.6251 884.0817 889.9052 891.04 888.8661 880.2761 868.2524 861.401 858.3739 854.6362 850.5452 848.6541 848.4188 847.5631 847.0683 848.1492 854.8845 867.2903 882.3943 888.8131 896.2994 908.1899 930.0178 957.0628 999.0441 1039.078 1071.282 1087.909 1096.58 1108.081 1142.752 1156.666 1148.219 1131.082 1091.691 1036.042 983.9747 938.6383 910.79 887.0392 874.6366 866.5626 866.5166 896.2132 945.3954 972.2394 971.4338 1016.641 1045.555 997.763 904.0337 810.2982 757.5034 775.4325 816.4241 865.0262 896.8108 901.2489 877.2038 827.1986
867.5807 868.2348 870.2534 875.9203 884.474 891.4811 892.5162 890.5502 884.4857 874.6241 864.9609 860.4286 855.5234 852.4874 852.7148 854.5597 852.8655 850.8313 849.5342 854.141 861.4571 872.905 886.1123 901.4389 922.8693 953.9458 986.0338 1016.567 1051.825 1085.661 1099.587 1100.923 1107.507 1132.664 1153.525 1149.909 1138.124 1107.747 1055.843 1013.362 972.655 941.2436 914.1483 885.2794 851.5812 842.7482 870.4316 912.6516 940.0389 943.2791 988.113 1014.782 976.5472 892.5247 799.2889 732.3431 729.1425 778.2421 835.8354 883.5949 899.3634 885.2748 835.0419
863.8565 860.7906 860.4324 868.7587 882.0894 894.4576 893.5134 893.4927 888.8047 881.1325 872.0118 861.344 853.4675 853.2618 861.9111 865.0982 860.7302 853.7489 851.6514 850.8202 853.6464 862.7245 881.9488 906.5401 940.4543 973.5623 1005.364 1039.16 1076.315 1108.867 1121.156 1110.641 1103.983 1120.282 1143.139 1142.554 1134.171 1106.144 1067.747 1036.201 1004.147 975.9615 942.4965 904.7973 861.0754 835.6216 849.4296 882.7766 906.2429 918.6979 953.1459 968.4258 940.2286 868.4 785.0676 714.6745 697.1196 745.8019 808.8209 857.0104 879.6656 872.7756 836.1296
862.7676 856.9279 850.9881 862.1337 880.0792 892.9869 893.4971 893.3568 892.9688 886.7552 878.8629 867.5616 855.4293 855.616 865.2745 872.9352 865.7415 857.4613 853.184 851.468 852.4469 859.0797 886.0326 919.5425 954.7709 988.4469 1021.737 1056.74 1099.76 1139.08 1149.558 1132.481 1107.961 1110.633 1126.914 1131.698 1123.398 1098.186 1070.331 1055.059 1032.874 999.6666 964.0936 917.3513 876.6326 841.8725 838.7631 856.1965 877.093 898.4944 922.1519 925.0359 904.6982 847.1656 765.6146 699.832 682.212 725.7515 785.095 829.9345 856.6112 851.1561 821.7524
866.6631 856.7833 847.7171 853.5403 872.5896 886.5194 888.1956 891.3115 895.2438 892.5941 884.6421 872.9456 861.5231 860.2866 866.3538 874.3544 869.6009 862.9076 856.3496 850.9117 851.0204 862.6157 895.1478 931.7668 969.9436 1000.718 1034.811 1070.631 1120.069 1164.339 1181.387 1158.138 1123.886 1113.096 1116.973 1114.912 1107.305 1087.614 1074.161 1060.797 1047.92 1013.288 969.138 927.1657 890.8621 858.5707 839.6142 842.0211 859.159 885.1248 896.1413 893.3117 880.4219 834.8499 756.1013 685.2365 668.903 707.168 755.3028 795.7239 822.2921 823.4011 797.2149
869.1176 856.9184 849.1471 851.4194 865.0074 874.3881 878.9519 887.0952 897.0022 899.1678 891.2434 880.7803 872.067 867.3829 867.1849 871.1086 868.0272 863.954 858.3542 851.4304 850.5956 865.5012 894.7842 934.9248 973.2528 1005.265 1041.293 1084.288 1138.475 1188.758 1212.849 1188.206 1149.164 1128.094 1114.811 1105.814 1086.662 1070.202 1062.463 1064.616 1055.679 1020.27 977.7451 939.6436 902.1163 864.2319 838.6247 830.8429 846.5748 867.7069 876.3043 876.9543 876.1541 847.1404 773.6297 684.6041 648.8612 679.7139 724.3001 768.525 794.8679 796.4252 775.0597
869.7169 860.6419 858.178 859.8443 862.2064 864.4499 868.4767 883.949 902.0541 902.4806 897.2829 890.6559 885.5222 878.537 868.8889 865.412 864.0046 861.381 856.6479 850.4323 850.6241 867.0554 896.7936 935.0323 971.863 1004.427 1039.404 1093.479 1161.272 1222.619 1242.528 1221.496 1184.22 1149.515 1127.525 1102.545 1079.4 1063.993 1058.468 1054.608 1046.16 1022.012 985.8769 950.4842 911.2783 873.0781 833.9252 819.1387 829.4476 847.9619 858.3184 867.4943 871.0306 858.2682 782.68 691.7844 639.5609 655.5313 694.0184 736.4341 763.5077 762.473 741.6347
872.0555 866.2028 865.1418 868.3264 869.8636 859.1965 855.498 880.1734 902.6227 904.1266 901.3346 896.3441 894.0936 891.0068 874.2885 860.5793 857.118 857.8622 857.0183 853.066 853.9396 872.9895 902.6353 938.1926 970.3237 1001.328 1037.986 1096.321 1178.416 1249.784 1273.825 1250.716 1211.343 1170.093 1133.797 1101.958 1076.627 1055.125 1045.755 1040.787 1029.987 1005.476 981.2677 955.2941 917.2276 882.2599 828.7241 802.9623 803.6805 822.1108 829.6896 842.2058 857.8437 853.3309 793.6067 710.6562 651.6634 642.0443 668.0664 704.4684 728.2331 726.6076 701.2947
872.7221 869.2562 868.1624 870.5726 872.1856 860.4279 855.2096 877.8832 898.7322 901.4636 899.0616 898.4385 896.3942 896.056 879.2774 858.1535 854.4145 856.5189 858.8999 861.3406 865.5023 882.177 911.245 942.7394 972.5542 1000.491 1036.188 1101.483 1187.645 1268.613 1300.455 1274.277 1227.536 1176.314 1134.772 1099.912 1074.84 1044.367 1025.583 1016.872 1000.347 978.4496 954.3278 937.011 898.7385 869.5547 839.34 808.1046 801.5139 808.2546 814.512 827.0143 842.5438 836.1197 792.0259 730.5402 677.0598 648.0731 650.1647 671.6075 689.3845 682.6298 655.869
868.8846 866.7551 865.7661 867.254 869.3224 866.3499 863.8522 877.7176 893.1496 898.5681 897.3359 896.3718 894.002 892.9957 882.3532 864.0657 856.5021 858.4258 860.9636 866.5339 879.2427 896.8896 917.8736 945.1898 972.5901 1001.201 1038.617 1107.467 1199.178 1285.481 1317.715 1286.729 1227.772 1169.082 1118.43 1082.6 1063.598 1036.072 1004.291 995.7588 981.4247 949.226 932.959 917.0338 891.4932 871.2683 847.8467 820.215 807.9276 798.0709 797.2711 805.267 817.4628 814.4506 786.9498 748.2599 705.9157 664.1465 641.0341 646.6597 650.749 637.5217 612.1108
866.4963 864.0602 861.8198 860.9058 864.7227 871.861 873.6003 880.6948 888.7245 894.7468 896.407 896.9688 893.6898 892.0317 885.7814 875.9493 864.9239 859.71 860.5932 870.0851 888.7236 910.9655 935.8088 957.7831 975.735 1006.37 1051.659 1127.614 1225.644 1311.164 1337.698 1297.952 1227.753 1165.683 1108.786 1066.318 1048.997 1024.762 986.0046 974.0281 956.7018 930.6166 914.2891 907.9015 894.3497 879.1779 863.0872 836.1923 814.1771 792.3382 782.2686 789.0209 804.3818 810.5605 794.5628 771.6064 735.8687 687.84 652.2004 630.4471 614.3511 594.8506 566.9521
866.4101 861.8508 856.8163 856.6818 861.2203 871.291 878.6451 885.2972 886.9176 892.4138 894.2575 894.9451 894.5583 892.3442 888.6195 884.2909 873.8479 863.8687 861.0396 870.4592 889.1068 916.837 949.3041 967.8407 983.2525 1015.224 1072.188 1160.894 1266.619 1344.652 1363.77 1304.407 1224.026 1161.315 1106.083 1069.898 1046.67 1019.91 981.9084 956.9849 928.4031 912.5994 909.8654 913.5507 902.735 889.4255 867.3713 845.6851 822.853 788.8698 775.7507 782.085 798.9769 810.1777 804.1287 787.4235 749.0925 701.5695 659.5394 621.4651 586.9731 564.6382 534.8148
867.9722 863.1461 855.7295 853.9959 858.1061 871.9847 884.05 892.1348 890.9416 891.3478 891.6565 892.2252 893.1705 892.8354 893.1706 888.6451 881.3977 871.6594 868.3661 877.1887 890.2416 916.8275 945.0171 968.119 987.6759 1026.995 1098.256 1203.823 1317.663 1390.384 1377.065 1298.819 1208.599 1141.637 1093.615 1058.651 1034.737 1003.843 969.6741 947.5519 918.9277 908.8309 913.4626 914.0792 908.0439 891.6908 867.4174 838.9868 812.6642 787.475 776.5881 779.9651 792.5717 809.4996 816.4533 799.4239 761.6567 715.5936 662.0887 611.7167 570.0826 540.4265 506.9597
868.1094 864.6096 856.95 851.5244 862.7068 876.4413 889.7127 893.3295 895.7096 894.9818 891.9135 888.441 889.2501 892.3209 891.8074 890.041 887.0367 882.7177 883.7253 890.3171 900.2047 922.3204 942.7399 965.9171 991.1561 1040.313 1124.999 1244.119 1365.591 1426.715 1384.6 1289.414 1193.49 1125.6 1080.526 1037.171 1009.119 969.378 943.2678 929.8218 921.9679 920.499 919.6842 913.2272 907.3236 884.7294 853.5006 819.5754 801.2087 784.0306 777.5284 777.5258 787.9496 803.2997 814.3794 802.7381 763.0945 711.1143 649.3392 593.4916 549.0322 513.3748 478.1807
863.6938 863.8852 858.3536 854.0997 863.0432 878.6849 891.4611 896.9655 900.4439 901.8522 897.7398 887.9549 886.5603 890.1797 891.8199 891.2648 888.7059 891.5072 897.0119 901.4266 913.1078 931.9431 951.8703 972.5461 1002.134 1058.932 1151.04 1277.105 1391.918 1436.9 1376.461 1271.775 1177.475 1117.008 1068.381 1024.959 984.887 948.316 929.1317 928.7477 935.8489 936.5977 931.8842 916.5414 901.7347 874.4913 838.9971 810.9386 792.2005 781.6555 777.0493 777.4494 787.6407 801.9517 810.8552 796.7194 751.5352 695.272 631.7939 574.7841 528.9149 487.2865 453.0631
859.1564 862.1757 861.1693 859.0751 863.5773 874.2855 888.2956 895.7093 902.1518 906.2055 905.1302 892.4851 884.4694 886.1472 885.6793 883.6352 885.1786 891.217 900.9971 908.728 923.7012 941.0541 964.2514 988.6786 1024.518 1085.338 1181.366 1302.394 1404.689 1431.896 1358.309 1261.038 1171.354 1111.152 1061.828 1007.976 966.2092 928.6666 922.856 939.7332 956.2856 956.8478 939.6167 915.2216 892.8674 861.2914 823.5286 796.6711 779.8255 771.4034 771.9604 779.7872 791.5256 803.7256 809.6056 790.4324 741.1363 681.9955 617.8304 559.5727 512.5131 468.963 429.92
857.3754 855.4761 858.0316 862.5501 866.0676 874.3929 884.8865 895.9204 902.959 908.6261 906.2907 900.6025 893.0349 891.6105 889.3867 884.6135 883.0033 889.1517 897.578 912.7231 930.2546 946.5912 973.0822 1008.474 1058.653 1135.407 1229.776 1332.726 1407.582 1410.105 1339.003 1253.864 1175.582 1112.566 1060.209 993.2838 945.6208 920.3783 930.1056 955.7042 974.4732 970.4238 937.553 904.4153 880.6035 846.8289 808.6323 782.5681 764.5729 757.1092 761.4145 775.4468 790.4741 801.8398 800.9555 777.6659 728.5466 668.7026 603.9296 543.6185 493.0481 449.2072 406.4011
