py_wake/examples/data/AJ_ParqueFicticio/Rough survey   Sector 8   Height 200m   Mean speed.grd
DSAA
73  159
 258469   265669
 6501692   6517492
 5.227395   10.93478
[rows 28 to 55 of 159, columns 0 to 62 of 73]
7.594715 7.602202 7.601668 7.601547 7.600702 7.598237 7.599187 7.59453 7.599835 7.601072 7.600312 7.595656 7.586742 7.575159 7.567629 7.554626 7.539979 7.527163 7.518136 7.50606 7.489677 7.472884 7.446239 7.416434 7.381752 7.338671 7.300508 7.264731 7.263638 7.244699 7.219915 7.195691 7.134403 7.057329 7.026816 7.067027 7.076159 7.02479 6.986388 6.910697 6.853139 6.830772 6.798598 6.777525 6.743734 6.701469 6.666057 6.655899 6.704251 6.806976 6.959833 7.169634 7.428613 7.654248 7.833097 8.036353 8.225482 8.246507 8.093619 7.840066 7.549773 7.294261 7.115636
7.588276 7.592926 7.59976 7.601823 7.602292 7.603401 7.603725 7.596432 7.602276 7.607549 7.60814 7.597583 7.591251 7.575042 7.564372 7.557028 7.538596 7.530145 7.521441 7.508439 7.494595 7.470019 7.43902 7.411304 7.379271 7.3457 7.312646 7.278601 7.263174 7.254091 7.239819 7.213787 7.160959 7.104384 7.106429 7.133749 7.096679 7.044117 7.0029 6.936797 6.884261 6.859297 6.829733 6.793296 6.778922 6.775843 6.79745 6.862746 6.962654 7.108881 7.27642 7.474688 7.708951 7.919465 8.104233 8.279329 8.390382 8.326957 8.087828 7.798596 7.515295 7.291477 7.208966
7.584627 7.589463 7.591158 7.599026 7.602394 7.600459 7.60032 7.594704 7.595475 7.601065 7.604058 7.601608 7.58361 7.559165 7.551759 7.551387 7.541842 7.528895 7.518916 7.509173 7.49218 7.464314 7.439074 7.40556 7.383398 7.355226 7.32424 7.301408 7.275027 7.270713 7.260012 7.241953 7.198488 7.143019 7.116395 7.109164 7.092876 7.064583 7.021614 6.977613 6.917438 6.880682 6.874898 6.864985 6.843721 6.86588 6.932887 7.061484 7.209925 7.393325 7.568281 7.760176 7.972077 8.147672 8.320537 8.441815 8.445929 8.281229 7.995551 7.694932 7.434182 7.289593 7.355496
7.581662 7.585281 7.587372 7.594182 7.597143 7.593911 7.594221 7.589512 7.593249 7.59438 7.595747 7.594046 7.588048 7.552709 7.540319 7.539901 7.540797 7.533004 7.519457 7.501857 7.487464 7.459948 7.437906 7.410313 7.385237 7.358493 7.338713 7.316636 7.299265 7.287252 7.268197 7.234241 7.179827 7.143434 7.119801 7.10749 7.080829 7.056956 7.018323 6.982271 6.939436 6.908712 6.919074 6.936146 6.952479 6.980985 7.055179 7.188706 7.361884 7.519517 7.701849 7.912517 8.120732 8.280819 8.422668 8.474321 8.396454 8.172067 7.867836 7.584937 7.395918 7.356126 7.567163
7.583213 7.585297 7.585361 7.590451 7.590768 7.591015 7.586203 7.585947 7.587135 7.587313 7.587199 7.585377 7.579017 7.564297 7.542686 7.536191 7.538536 7.529934 7.52138 7.495646 7.480251 7.456203 7.434256 7.413483 7.382846 7.366356 7.347465 7.334703 7.323058 7.294569 7.272849 7.243268 7.191978 7.156367 7.141476 7.127573 7.092288 7.043298 6.998577 6.973932 6.956062 6.927952 6.933134 6.978682 7.030335 7.099573 7.181333 7.284324 7.399485 7.530264 7.696551 7.891725 8.087428 8.260603 8.399673 8.426138 8.306273 8.073263 7.798894 7.564803 7.45904 7.539128 7.831056
7.592125 7.58501 7.585163 7.585052 7.586751 7.589674 7.587228 7.585291 7.583656 7.58622 7.582391 7.577768 7.57161 7.563408 7.556804 7.542491 7.538752 7.52589 7.516279 7.492582 7.470895 7.446618 7.423586 7.407992 7.384124 7.363202 7.354244 7.343599 7.33 7.306302 7.274859 7.249404 7.209605 7.176168 7.159848 7.151568 7.112531 7.047234 6.998766 6.976965 6.954134 6.939888 6.935511 6.992714 7.089238 7.184645 7.276189 7.378459 7.474669 7.570622 7.713849 7.875965 8.046825 8.215217 8.343168 8.389655 8.254571 8.050137 7.835918 7.677121 7.642013 7.795884 8.097857
7.591999 7.583924 7.582551 7.581037 7.581242 7.580811 7.578476 7.577134 7.578082 7.579493 7.579726 7.579536 7.570435 7.566808 7.565194 7.548163 7.534724 7.525497 7.506229 7.489844 7.456303 7.432998 7.409302 7.39767 7.384919 7.371864 7.359707 7.348083 7.330277 7.306654 7.278816 7.256321 7.225842 7.200827 7.166578 7.1553 7.129133 7.074843 7.014269 6.967109 6.937891 6.939622 6.963948 7.035067 7.141817 7.276862 7.384042 7.493178 7.620205 7.760719 7.903197 8.058054 8.200443 8.314965 8.399173 8.427957 8.315456 8.177444 8.019425 7.902881 7.909428 8.089979 8.376834
7.580383 7.574437 7.576055 7.572833 7.574977 7.572904 7.569917 7.572268 7.572686 7.573544 7.577305 7.574772 7.566212 7.55887 7.559326 7.544852 7.536076 7.51394 7.494347 7.467965 7.433185 7.414103 7.395892 7.387845 7.383222 7.37975 7.36597 7.350832 7.336233 7.313801 7.291888 7.265494 7.246129 7.225514 7.197322 7.168392 7.157779 7.125479 7.051436 6.987141 6.956359 6.970152 7.034131 7.131192 7.25946 7.417979 7.57023 7.711975 7.86247 8.032902 8.193566 8.350127 8.474845 8.544749 8.577621 8.579087 8.497401 8.391142 8.264819 8.17469 8.257234 8.455803 8.692655
7.560684 7.557173 7.563429 7.56825 7.571157 7.576044 7.576932 7.572594 7.566934 7.567506 7.565826 7.563787 7.556554 7.545635 7.541147 7.538008 7.520873 7.491977 7.453366 7.433991 7.404706 7.393689 7.388858 7.383863 7.381721 7.380962 7.363969 7.353303 7.342932 7.324165 7.304242 7.28405 7.269281 7.268334 7.255882 7.229124 7.205935 7.186831 7.130073 7.091248 7.097711 7.130824 7.205332 7.320733 7.446001 7.595837 7.765945 7.926847 8.092298 8.257405 8.394142 8.525715 8.628838 8.701881 8.740127 8.737886 8.682589 8.593637 8.500359 8.517232 8.696568 8.938598 9.086634
7.544739 7.543003 7.551763 7.559638 7.567843 7.571415 7.563084 7.562244 7.562199 7.561195 7.555675 7.549241 7.543763 7.527589 7.522791 7.515427 7.491287 7.465026 7.4208 7.391273 7.379482 7.376677 7.381694 7.385523 7.373481 7.376699 7.366747 7.356833 7.347228 7.332851 7.322908 7.316398 7.307173 7.313186 7.317736 7.298028 7.258646 7.23478 7.223689 7.219326 7.265639 7.361929 7.469641 7.585235 7.700692 7.79734 7.900293 8.026221 8.146541 8.265301 8.381978 8.484813 8.588617 8.689346 8.781513 8.838709 8.811913 8.768505 8.763721 8.921481 9.198233 9.436806 9.537429
7.543165 7.540526 7.54719 7.551094 7.554087 7.55425 7.546589 7.551548 7.55522 7.555204 7.546886 7.53857 7.531587 7.526719 7.50997 7.496338 7.468491 7.440654 7.408921 7.371944 7.373246 7.379056 7.384216 7.386981 7.377784 7.374011 7.371052 7.359635 7.348871 7.33878 7.331299 7.336777 7.349412 7.359287 7.369691 7.363129 7.317747 7.303635 7.325111 7.354881 7.445571 7.58707 7.738963 7.877703 7.97541 8.044443 8.081095 8.117923 8.141761 8.202104 8.287532 8.385098 8.512509 8.650977 8.789933 8.905849 8.944736 8.969174 9.045517 9.321848 9.609982 9.807484 9.833188
7.545418 7.54542 7.546986 7.551709 7.552299 7.547618 7.549755 7.548374 7.550156 7.551796 7.547751 7.542805 7.540029 7.527919 7.507548 7.485083 7.464625 7.437239 7.414968 7.405806 7.397114 7.389338 7.389404 7.389705 7.382241 7.374032 7.372234 7.363712 7.35517 7.357417 7.356891 7.36763 7.387695 7.401009 7.416374 7.429341 7.410631 7.398566 7.429229 7.50463 7.640169 7.816245 7.991863 8.149852 8.266462 8.324239 8.35451 8.375392 8.352191 8.327883 8.393693 8.499842 8.632879 8.776725 8.918125 9.051237 9.11999 9.185112 9.317362 9.580888 9.814797 9.902447 9.846815
7.545045 7.546813 7.546447 7.551697 7.556972 7.557558 7.554389 7.546793 7.545123 7.548757 7.550143 7.551411 7.537214 7.512473 7.495452 7.475155 7.459359 7.43893 7.427312 7.420852 7.414569 7.394336 7.389182 7.384863 7.370163 7.367683 7.368627 7.37 7.375601 7.385405 7.394794 7.409023 7.426314 7.448588 7.470392 7.49825 7.49317 7.507645 7.568704 7.703753 7.878661 8.075173 8.255516 8.40277 8.529283 8.608677 8.651368 8.689705 8.691482 8.681517 8.712314 8.794203 8.924281 9.041494 9.146906 9.231321 9.30579 9.377129 9.502163 9.637894 9.709717 9.686507 9.562425
7.553994 7.545176 7.539777 7.540449 7.547851 7.540675 7.533395 7.528742 7.526991 7.533329 7.538777 7.525697 7.501712 7.477746 7.468439 7.458882 7.445975 7.433734 7.421875 7.420002 7.409584 7.400321 7.381193 7.366394 7.356981 7.358948 7.37414 7.393046 7.403016 7.411209 7.4294 7.448648 7.47183 7.501152 7.529419 7.563257 7.588999 7.618207 7.726186 7.893694 8.087048 8.283929 8.448812 8.587812 8.709165 8.806417 8.849765 8.88285 8.931439 8.988558 9.028489 9.055251 9.134297 9.214316 9.26867 9.339428 9.402287 9.465599 9.503528 9.460139 9.380987 9.258334 9.119111
7.553435 7.545115 7.539753 7.527899 7.524884 7.52924 7.515146 7.502331 7.50056 7.505912 7.504249 7.493222 7.466291 7.450706 7.448546 7.441092 7.43837 7.425094 7.410567 7.402036 7.395264 7.389816 7.377737 7.370092 7.37327 7.380858 7.39166 7.408221 7.416612 7.42826 7.446584 7.470955 7.498811 7.542764 7.585688 7.624666 7.662825 7.723793 7.852883 8.004737 8.162936 8.317534 8.451352 8.57967 8.682281 8.742912 8.759416 8.775354 8.847953 8.941075 9.004663 9.034821 9.079475 9.125601 9.187263 9.287887 9.386903 9.438287 9.391991 9.253285 9.037471 8.821035 8.647882
7.548038 7.541996 7.535463 7.522863 7.516507 7.509149 7.494782 7.481249 7.478487 7.487921 7.488075 7.477257 7.466556 7.452699 7.443322 7.430629 7.420516 7.410161 7.393035 7.378004 7.375794 7.377539 7.384748 7.388565 7.388463 7.39033 7.396317 7.409685 7.425865 7.435009 7.457757 7.483474 7.524376 7.566835 7.611042 7.660215 7.70186 7.767754 7.866868 7.988664 8.106785 8.208543 8.307782 8.38271 8.412016 8.399857 8.370292 8.407035 8.489662 8.567844 8.663449 8.736396 8.790577 8.872809 9.012131 9.190147 9.335168 9.35006 9.216878 9.020741 8.749748 8.490802 8.261388
7.537768 7.533114 7.52743 7.51587 7.501768 7.485628 7.472445 7.467712 7.475442 7.478159 7.489889 7.488749 7.476627 7.453954 7.432214 7.417889 7.400099 7.384019 7.36817 7.358303 7.355076 7.361745 7.368521 7.368851 7.357462 7.364163 7.381421 7.404322 7.423517 7.443756 7.455912 7.487131 7.533414 7.572283 7.616507 7.662004 7.711536 7.767953 7.848802 7.92204 7.992423 8.060261 8.09997 8.094319 8.037485 7.995171 7.99663 8.051445 8.168588 8.286574 8.376312 8.458508 8.580317 8.753263 8.975295 9.181124 9.282849 9.211735 9.027394 8.767319 8.492404 8.234414 8.0274
7.527578 7.525539 7.519611 7.505599 7.495933 7.485049 7.4759 7.468833 7.475002 7.474425 7.490331 7.489256 7.473732 7.449143 7.421815 7.401379 7.38219 7.365981 7.353674 7.337128 7.33915 7.339084 7.337255 7.324736 7.319459 7.322044 7.348171 7.371324 7.397105 7.408562 7.432857 7.466252 7.507919 7.549444 7.59342 7.639243 7.704412 7.75907 7.825442 7.873717 7.913119 7.947708 7.943258 7.903644 7.880998 7.916036 8.006351 8.107862 8.212071 8.299232 8.380601 8.494007 8.673807 8.912586 9.146932 9.281362 9.236342 9.048364 8.775974 8.518713 8.283973 8.078776 7.915107
7.516098 7.515613 7.511928 7.501582 7.499898 7.489772 7.486305 7.475875 7.477147 7.477534 7.477777 7.470834 7.453437 7.430106 7.399765 7.379478 7.365139 7.35366 7.346418 7.340899 7.330094 7.327977 7.322563 7.308886 7.301717 7.308038 7.311344 7.327248 7.344776 7.355833 7.375983 7.412992 7.448387 7.500946 7.550504 7.606088 7.673785 7.73769 7.803389 7.86746 7.916162 7.944718 7.960985 8.003483 8.062675 8.154277 8.245556 8.338058 8.398384 8.47176 8.566535 8.731707 8.951882 9.1788 9.346565 9.360165 9.172555 8.863417 8.534624 8.258423 8.063615 7.928585 7.823689
7.502654 7.50002 7.497456 7.482654 7.479329 7.490619 7.48828 7.484803 7.480731 7.47765 7.464568 7.451093 7.427773 7.394053 7.364711 7.350005 7.34513 7.342934 7.344487 7.336108 7.320625 7.31501 7.315902 7.314523 7.298107 7.280074 7.269181 7.271873 7.285251 7.29948 7.323384 7.362803 7.399075 7.449093 7.498029 7.566124 7.636078 7.719784 7.787383 7.865018 7.94448 8.020165 8.099705 8.169267 8.245007 8.299723 8.322067 8.34275 8.376688 8.478378 8.664801 8.930466 9.200148 9.375395 9.40965 9.28578 9.039973 8.706693 8.370983 8.066802 7.853413 7.707249 7.623712
7.489627 7.482964 7.476613 7.467068 7.469793 7.480428 7.484657 7.485977 7.480625 7.465848 7.454681 7.421785 7.391317 7.353187 7.329112 7.322195 7.317975 7.320683 7.32057 7.300175 7.286279 7.284021 7.282911 7.265661 7.242143 7.225248 7.21704 7.225234 7.244101 7.267433 7.305036 7.33281 7.367505 7.412858 7.45962 7.527742 7.602046 7.683586 7.757071 7.838414 7.919498 8.00536 8.08077 8.144984 8.183197 8.170274 8.165868 8.211831 8.326712 8.519761 8.791533 9.075026 9.29587 9.367739 9.257208 9.045983 8.790817 8.515002 8.231319 7.949275 7.729649 7.554174 7.416906
7.481226 7.474011 7.461236 7.45757 7.467298 7.477663 7.48597 7.479805 7.467991 7.448284 7.415976 7.383419 7.349495 7.314194 7.303255 7.304152 7.302001 7.289581 7.277596 7.264237 7.252157 7.245756 7.233986 7.212904 7.187982 7.17757 7.184814 7.202992 7.219481 7.246912 7.286523 7.327441 7.36488 7.395809 7.434328 7.496542 7.562038 7.625602 7.699712 7.757208 7.825713 7.880793 7.927685 7.971474 7.973954 8.010262 8.089259 8.25041 8.470948 8.718803 8.971257 9.164429 9.24452 9.168158 8.95083 8.683698 8.449231 8.232157 8.010182 7.818949 7.634799 7.474807 7.34199
7.472701 7.47112 7.468477 7.476215 7.483212 7.488233 7.490767 7.478819 7.460618 7.434044 7.398522 7.360887 7.319181 7.31148 7.306078 7.302212 7.300078 7.28074 7.265271 7.251365 7.239605 7.228113 7.220248 7.203214 7.19804 7.204793 7.195126 7.196569 7.211017 7.233921 7.260393 7.288158 7.31092 7.336007 7.383256 7.442209 7.488176 7.540666 7.6116 7.670009 7.726939 7.779555 7.824717 7.868519 7.933236 8.046239 8.222368 8.436868 8.667256 8.871856 9.032169 9.105042 9.043976 8.869292 8.624331 8.344287 8.109374 7.937006 7.781536 7.645639 7.540176 7.43788 7.342053
7.460244 7.468575 7.47684 7.488541 7.494722 7.49678 7.493676 7.477384 7.453642 7.430445 7.396762 7.365614 7.336162 7.315793 7.308849 7.300398 7.298389 7.289051 7.272964 7.267707 7.252334 7.232096 7.221119 7.213301 7.216131 7.226079 7.215752 7.206721 7.217763 7.236936 7.24751 7.249238 7.252573 7.271361 7.320063 7.37374 7.413486 7.456509 7.519831 7.593587 7.660408 7.745022 7.82309 7.923959 8.048479 8.210709 8.399079 8.579832 8.738987 8.851113 8.909698 8.917073 8.784081 8.565551 8.345854 8.094032 7.863792 7.701882 7.578262 7.487897 7.420766 7.389984 7.360452
7.452775 7.465597 7.469689 7.484085 7.491847 7.494036 7.485817 7.470575 7.45008 7.426932 7.401878 7.37464 7.345894 7.319978 7.308177 7.292237 7.277785 7.264112 7.261167 7.270975 7.272523 7.252793 7.237243 7.236167 7.237898 7.242924 7.239124 7.237754 7.236812 7.244493 7.25635 7.257047 7.252964 7.271325 7.307605 7.344441 7.382426 7.451893 7.514225 7.572903 7.645075 7.725125 7.833181 7.962398 8.123614 8.291452 8.450968 8.574997 8.663454 8.721107 8.744925 8.717594 8.54945 8.314482 8.102785 7.916616 7.730777 7.577516 7.466048 7.38527 7.323011 7.293751 7.286722
7.457638 7.46589 7.475301 7.489154 7.496779 7.492265 7.485031 7.469388 7.45144 7.429296 7.40547 7.377871 7.351246 7.329168 7.306157 7.289278 7.268647 7.249133 7.24971 7.258707 7.277402 7.270853 7.250982 7.255012 7.261554 7.264073 7.256462 7.256702 7.254202 7.262583 7.274365 7.296317 7.308502 7.355103 7.397234 7.451628 7.511498 7.540579 7.597728 7.679163 7.720222 7.77459 7.874014 7.996615 8.143979 8.276604 8.387888 8.478225 8.544049 8.587153 8.596642 8.536229 8.356748 8.117791 7.909274 7.752123 7.652531 7.560849 7.456836 7.346086 7.260417 7.198689 7.17458
7.467166 7.481056 7.491661 7.498512 7.501709 7.503399 7.488286 7.47294 7.452585 7.434308 7.402751 7.381065 7.35072 7.328156 7.306414 7.291214 7.276269 7.259943 7.255008 7.250744 7.247519 7.238211 7.228213 7.250618 7.271646 7.27223 7.265756 7.260893 7.259624 7.285882 7.33072 7.373659 7.410971 7.472015 7.551994 7.633387 7.692284 7.729211 7.767315 7.849397 7.902633 7.937496 7.984237 8.061179 8.159856 8.244601 8.326722 8.399437 8.440838 8.455456 8.415471 8.331074 8.172405 7.94754 7.744463 7.635221 7.584716 7.552295 7.459816 7.34628 7.202929 7.121255 7.09301
7.482031 7.497911 7.505642 7.509336 7.506417 7.499599 7.491568 7.469781 7.453846 7.432671 7.413003 7.380651 7.352848 7.32831 7.311071 7.290824 7.28545 7.273192 7.26723 7.255478 7.239831 7.220992 7.225255 7.244977 7.266687 7.268411 7.269933 7.269526 7.28865 7.355442 7.442581 7.525119 7.568264 7.639927 7.723365 7.814641 7.88999 7.934014 7.991986 8.059659 8.11936 8.152987 8.169658 8.178108 8.208042 8.24049 8.290173 8.317006 8.314021 8.273367 8.21249 8.145153 8.005672 7.793919 7.604386 7.530836 7.509353 7.5084 7.427538 7.307459 7.160572 7.06043 7.017267
