py_wake/examples/data/AJ_ParqueFicticio/Rough survey   Sector 5   Height 30m   Orographic turn.grd
DSAA
73  159
 258469   265669
 6501692   6517492
-42.02754   86.78766
[rows 27 to 53 of 159, columns 0 to 60 of 73]
2.006329 2.024604 1.913586 1.866744 1.783083 1.694132 1.661263 1.700063 2.030569 1.979239 1.838282 1.823501 1.755677 1.383756 1.353433 1.460436 1.611232 1.587199 1.5746 1.566937 1.633213 1.638705 1.282757 1.640475 2.066227 2.691721 3.422313 3.374335 2.343204 2.578563 1.831245 1.071994 1.199729 2.721728 6.628398 3.703093 2.079544 2.578342 1.890952 5.281582 6.601627 5.895033 3.379658 2.374384 2.225159 1.99135 2.581242 2.217609 1.466937 .6543397 .04203503 -1.17059 -4.88312 -7.339583 -9.271639 -13.21308 -17.62537 -18.08153 -18.25922 -14.67844 -9.541198
1.915772 1.896111 1.812491 1.790293 1.774906 1.719715 1.795834 1.855638 2.006639 1.901711 1.788429 1.69732 1.632747 1.477199 1.622571 1.776175 1.761473 1.674752 1.632056 1.506513 1.328622 1.441691 1.41385 1.765933 2.326103 2.952297 3.59735 3.264393 2.947295 2.679936 2.091452 1.822761 1.981346 2.837196 5.966271 3.379888 2.457081 2.868222 3.166061 4.796598 5.848991 4.80943 4.644848 2.884121 3.444846 3.999027 4.791261 4.728342 2.719479 .8555396 -.4441291 -1.714034 -4.962681 -6.611384 -8.247039 -13.30733 -18.741 -18.44858 -15.07978 -9.234005 -4.86164
1.803642 1.794365 1.698195 1.691584 1.613147 1.632653 1.73983 1.779708 1.808041 1.819216 1.705344 1.650128 1.614105 1.866126 1.939476 2.025546 1.956062 1.826597 1.736107 1.532422 1.807568 1.949803 1.902738 2.106351 2.544357 3.082167 3.533097 3.451697 3.304807 3.11391 2.949589 2.717378 3.349969 5.275525 7.177417 4.738711 4.136972 4.516261 4.671579 5.185879 5.628383 6.146178 5.636007 4.06506 4.155335 5.441171 7.079145 7.484258 5.981273 3.99266 2.196316 -1.137552 -4.661532 -6.327561 -7.711573 -13.10128 -17.45682 -17.05379 -11.9196 -4.67798 .7887716
1.71859 1.705978 1.589753 1.621929 1.578454 1.554684 1.604366 1.66965 1.696338 1.612174 1.62969 1.573543 1.465464 1.799806 2.117801 2.163027 2.021357 1.863002 1.681002 1.533312 1.936643 2.163633 2.339149 2.471543 2.892895 3.252444 3.49052 3.563121 3.641024 3.755348 3.8001 3.766347 5.031695 5.997578 6.571166 4.916066 4.659261 5.281459 5.888848 5.962845 5.916724 7.245359 6.172868 5.540174 5.136391 5.755895 7.200047 7.618857 7.267473 6.395906 5.892374 2.976737 -1.452402 -5.007768 -7.659252 -12.59668 -16.4114 -16.68934 -10.34543 -3.522832 4.098681
1.593275 1.604824 1.603951 1.641838 1.520868 1.475221 1.48727 1.588651 1.54662 1.556781 1.523054 1.454479 1.429515 1.928272 2.140442 2.180467 2.073803 1.746933 1.318635 1.662918 2.089319 2.298094 2.603972 2.833805 3.082439 3.412546 3.634306 3.566986 3.710615 4.191437 3.899348 4.102445 5.20221 6.250594 6.129647 5.087063 5.230956 6.141368 6.674365 6.215547 6.688781 7.003812 7.433506 6.423438 6.45637 6.410109 5.476937 4.059696 3.690053 4.316917 4.582628 3.044717 .8146468 -2.896776 -7.42992 -11.84541 -15.18078 -14.19027 -9.019316 -2.314395 6.87665
1.500961 1.552775 1.518592 1.559097 1.481068 1.487661 1.397375 1.411186 1.46164 1.479567 1.472749 1.414117 1.341317 2.037237 2.137266 2.113641 1.992171 1.49536 1.397646 1.924525 2.291612 2.514549 2.819612 3.048156 3.259157 3.61291 3.838403 4.015156 4.370339 4.191003 4.250082 4.750569 5.74837 6.388311 6.190232 5.585565 5.34064 6.542419 6.659258 6.108929 5.839456 6.104259 6.22644 7.15064 6.964503 6.716677 4.805995 2.312772 .2633189 -1.78062 -2.650364 -2.949814 -3.312366 -4.947763 -8.555421 -11.72738 -13.74973 -11.15436 -6.640654 -.3123846 7.676168
1.582852 1.46402 1.485173 1.376657 1.386915 1.342183 1.453911 1.390807 1.367169 1.354228 1.364315 1.286585 1.460008 2.073561 1.972233 2.005942 1.814227 1.167266 1.533305 2.082157 2.539605 2.718395 2.913678 3.212082 3.373154 3.585727 3.820383 3.611393 4.093306 4.390111 4.560513 4.969467 5.563095 6.046598 6.542136 6.811341 6.312638 7.281712 7.093046 7.095984 6.414343 5.846043 4.330747 4.923991 6.36717 5.657696 4.205583 3.074265 .9974144 -2.606712 -6.112564 -9.568704 -10.5541 -10.39213 -10.39983 -12.0796 -12.71112 -9.399848 -4.833608 .6811326 8.539409
1.669125 1.457511 1.411479 1.289997 1.271759 1.121195 1.2656 1.289608 1.226321 1.227717 1.125932 1.24033 1.406733 1.904584 1.743504 1.652669 1.429129 .9745463 1.811764 2.470798 2.795576 3.022132 3.164785 3.382676 3.531559 3.686966 3.603359 3.728512 4.076787 4.371416 4.771097 5.093953 5.381449 5.605855 6.270717 7.449508 7.056553 7.969499 7.951144 8.336954 6.691186 5.10639 3.947628 .9902072 3.745616 4.340625 3.541068 2.937205 2.479611 .7055915 -1.68596 -5.806773 -10.09422 -12.46562 -13.22096 -12.64437 -10.41325 -6.857021 -1.647212 5.579912 9.780238
1.752205 1.413544 1.291273 1.228467 1.210651 1.108407 1.078908 1.14638 1.168922 1.075829 1.022211 1.101741 1.297608 1.691221 1.442469 1.158103 .9103198 .8997138 2.186852 2.932759 3.226279 3.323045 3.376972 3.51011 3.599121 3.508546 3.598403 3.849106 4.223391 4.5502 4.883338 5.277199 5.656866 5.962786 6.841486 7.442041 7.62141 7.995099 8.8046 10.3995 7.151106 4.753615 1.508576 -.3010727 -1.743192 2.343868 4.114302 4.469368 4.770328 3.356015 2.738034 .1216771 -2.484893 -5.943813 -9.349878 -10.56521 -8.752643 -4.655592 2.427243 9.642406 9.794483
1.73498 1.450037 1.284628 1.105295 1.056201 1.103588 1.163126 1.146107 1.027058 .9826953 .8183446 .8292701 .9996049 1.429883 1.060532 .6702345 .3277728 .02942502 1.672779 3.053537 3.490614 3.498174 3.491218 3.523643 3.387556 3.346388 3.673748 3.98264 4.39463 4.771286 5.146305 5.57774 6.055762 6.513564 7.104468 7.704264 9.120844 10.05753 12.46427 12.74368 10.86049 7.218713 2.637015 -.6091467 -4.402704 -1.78845 3.44266 4.311306 5.051743 4.845557 4.388633 2.477177 .1577414 -1.740915 -5.120619 -7.923618 -7.736119 -3.807837 5.095307 12.27643 9.343261
1.660766 1.301301 1.156929 .9904619 .7960938 .8384299 1.250956 1.066427 .961763 .7753256 .7759177 .6845931 .7002438 1.144128 .7983378 .5626465 .3272137 -.04090414 .2764567 1.523789 3.175505 3.272382 3.312949 3.310291 3.001183 3.311583 3.699106 4.115526 4.549745 5.006391 5.660197 6.045406 6.269002 6.536571 6.72725 7.181736 9.891529 11.13552 12.71881 15.31428 13.48872 9.812521 6.214265 2.459619 -1.397129 -6.368515 -4.057374 -4.094029 -1.701817 -.04186603 .08935665 -.9193294 -1.419729 -2.00935 -4.250753 -6.823108 -6.667263 -3.032695 6.836764 12.07325 7.693057
1.27971 1.053504 .9114588 .8839529 .7021499 .436944 .9447657 .883754 .8239599 .7577267 .7084389 .5038815 .5650979 .8107292 .7668639 .6999719 .6217801 .5196039 .5147064 .9069628 2.616569 2.712593 2.964115 2.996556 2.817926 3.306427 3.793233 4.196651 4.536562 5.085567 5.796739 5.745637 6.224358 6.650614 7.014032 8.46428 11.03519 12.49127 14.8509 15.4531 13.86147 10.42824 7.405176 4.695024 2.546108 1.45589 -1.808146 -9.61754 -11.90207 -9.170805 -8.79794 -9.800749 -9.342655 -7.954107 -7.231454 -8.497483 -7.840604 -2.834975 5.534792 9.575262 5.355333
1.035409 .7842561 .6505004 .6322542 .7248911 .4806756 .7602214 .686082 .6604285 .5567878 .5288017 .5005117 .9629731 1.085808 .9494894 .9777094 .8621423 .9068231 1.154625 2.114328 2.773756 2.406273 2.461173 2.462316 2.909551 3.445626 3.827878 4.156831 4.582477 5.198257 5.753759 5.903703 6.205769 6.583621 6.765378 8.792719 11.32346 14.12011 17.61161 15.83246 13.76893 9.966757 7.469351 5.176665 4.121453 5.288909 7.16693 .3865153 -6.832013 -7.418167 -8.486979 -8.732385 -9.710226 -10.21565 -9.526722 -9.635727 -7.013213 -3.44789 1.46782 3.286606 2.37352
1.132557 .8608059 .5534618 .4308447 .5749035 .9116665 .9547222 .671194 .4209176 .2968449 .3455752 .4861878 1.432003 1.396455 1.164093 .9288734 .9288731 1.189 1.471307 2.356142 2.512865 2.266304 2.058771 1.890646 2.846352 3.612979 3.873437 4.31354 4.754361 5.390719 5.720847 6.01581 6.274723 6.328446 6.718091 7.860579 10.11726 15.16537 18.39017 16.47685 14.36472 11.0015 9.136925 6.635201 5.211493 7.587171 10.9027 9.977438 7.631997 3.453647 -1.285361 -2.56728 -3.608395 -4.940312 -6.664519 -7.66644 -7.207448 -4.663539 -2.706209 -3.750266 -2.303525
1.19467 .7723647 .5146531 .2818958 .2145661 .4277043 1.070685 .7927923 .3212308 -.02349739 -.2628324 -.4789377 .8956848 1.379181 1.149689 1.000465 .9895977 1.017308 1.402021 2.207735 2.181161 1.950714 1.767583 1.266812 1.584166 3.337128 3.69997 4.22049 4.540609 5.168498 5.596302 5.946359 6.315269 6.618508 6.870269 7.278961 9.981405 16.61473 17.70298 16.42672 14.26404 12.00698 11.32249 8.563579 6.989137 8.920231 13.69008 15.5198 14.76146 11.82813 6.925829 2.61887 -.3617859 -1.712562 -3.411351 -5.549146 -6.191381 -5.972895 -6.729291 -8.199534 -9.439477
1.136266 .7204173 .3450574 -.06068771 -.3773527 -.02796166 .9375907 .6944824 .1515295 -.1230883 -.435591 -.7422694 -.4510535 .6047214 .8050629 .7083276 .7170157 .6881545 1.123727 2.133931 2.151254 1.929879 1.587313 1.417177 2.365976 3.162976 3.503579 3.877121 4.199247 5.013132 5.427901 5.906978 6.068255 6.658382 6.961833 7.737509 11.45995 15.63656 17.02188 13.98648 11.94236 10.016 9.266456 6.25385 5.447574 6.50455 11.87956 15.64559 13.15463 10.16154 6.852434 3.858922 .7982701 -1.160227 -3.366261 -6.270831 -7.840269 -7.962393 -6.816123 -6.474853 -7.812987
1.13484 .7376127 .3183286 -.253097 -.9650287 -.811228 .5247195 .5034405 -.1102505 -.2960863 -.4063372 -.6029605 -.1442711 .3498288 .4517432 .4451438 .45471 .3940191 .7010137 1.885927 1.926904 1.552644 1.30724 2.196783 3.198403 3.229941 3.289451 3.547076 3.673279 4.530359 5.26294 5.406196 5.691752 6.341934 6.287712 7.300646 9.448997 11.69424 12.54524 8.002679 6.711397 4.695057 2.203437 -.04763288 -.3847305 .529875 2.921599 5.346139 3.2913 1.060902 -.4824831 -2.544482 -4.921407 -7.431621 -9.18762 -11.84021 -11.75801 -9.429219 -6.945233 -4.302423 -4.183636
1.317554 1.035903 .6897251 .06838741 .5010521 .2798638 .2320821 .0872554 -.1133678 -.1710515 -.1323837 .2766804 .6560817 .6922211 .5267847 .5286819 .3236074 .3672184 .5753118 1.302742 1.392512 .9382107 .4656192 .7088814 2.767565 2.873341 2.710336 2.644965 3.151591 4.235933 4.729692 4.629229 5.181464 5.788296 5.276367 6.214241 7.556754 8.858101 8.835454 5.243418 3.057853 -.4926571 -3.14805 -4.938463 -6.393257 -6.887131 -5.474774 -6.676403 -9.51031 -11.29641 -12.23855 -12.826 -11.39417 -10.97337 -13.58204 -16.20804 -15.20145 -12.12191 -6.12425 -2.691425 -1.56652
1.271746 1.058292 .8703501 .4379833 1.017844 1.559926 1.393252 .1592811 -.2354376 -.1767424 -.1403311 .4927996 .939153 .9636979 .7542192 .544984 .3135086 .3850147 .5440846 .9813498 .753369 .4670017 -.08011087 -.3232494 .7273421 1.826644 1.740914 1.472468 1.625333 3.601102 3.786139 2.585623 4.475547 5.415468 4.317189 5.131319 6.389144 7.547925 6.805435 5.142446 2.382104 -2.888565 -5.380234 -5.785761 -6.40197 -5.451317 -4.752288 -3.604834 -5.760131 -7.905575 -8.006326 -8.65057 -10.01811 -12.03293 -14.00529 -16.57789 -15.93076 -13.1019 -7.157269 -1.717239 1.304706
1.169554 .8741142 .8131434 1.022407 1.14802 1.294488 .8580475 -.1655819 -.7548693 -.8408214 -.6750163 .2058556 .9810741 1.133366 .7596355 .4095594 .3469797 .4987791 .8062374 1.098907 .6415338 .1722821 -.08116555 -.2120262 .5865625 1.201304 .9624308 .6190967 .4782526 1.069507 1.817037 .2210652 .6735958 3.318816 2.042118 3.694119 5.030448 6.008042 6.831161 5.996964 4.156275 1.683494 .5671105 .9701027 1.503114 1.581725 3.056101 3.737746 3.961054 2.342792 1.036981 -2.433057 -6.975948 -11.41578 -13.39807 -12.70451 -11.53662 -10.26489 -9.142602 -6.141742 -1.257789
1.082563 .7389355 .5541344 .989626 .9684507 .7619496 .4016648 -.3797257 -1.217486 -1.82742 -1.365683 -.3031669 1.018512 1.458338 .9391525 .4227547 .310869 .4319606 .695469 1.102587 .4266038 -.1921743 -.2259688 .5319895 1.604642 1.471753 .7345732 .156054 .1309298 .2503688 .2046215 -.5969138 -.9959972 .6017216 -.5250394 .4831826 2.727824 3.997752 5.755939 5.459981 5.632391 5.55495 5.238529 4.853283 3.376001 2.344239 3.182886 2.99051 1.381297 -.4755245 -1.254345 -4.140263 -7.829161 -11.0043 -12.80101 -10.51738 -6.761497 -4.001304 -3.061686 -5.51556 -7.259604
.9907797 .7059621 .4120614 .8326738 .675635 .4246562 .06091492 -.4451493 -1.316416 -.8409737 -.9195668 -.8244168 .4327795 1.566124 .8707159 .3679533 .1034037 -.07276139 .1104555 1.12791 .3207554 -.3279769 -.8230252 -1.16677 .4889453 1.55976 .2028621 -.09655318 -.09494754 .2595287 -.8246041 -1.533706 -1.492686 -.02394117 -1.24209 -1.137779 .08255446 1.243204 2.818868 2.650234 3.056646 3.597181 3.581644 3.183636 2.265061 -.2785704 -1.244118 -2.318276 -3.356652 -4.745836 -7.987986 -10.77886 -12.28152 -12.02464 -12.12295 -9.369002 -4.918052 -1.041085 2.921443 2.218101 -2.308982
.9060694 .5500938 .3263757 .5448503 .3858988 .2368961 -.1286516 -.7361488 -1.049882 -.5526266 -.08216148 -.2970682 -.1674373 .660593 .4141124 -.03085392 -.1283859 -.4038786 -.6690549 .6069739 .07611265 -.4687994 -.9379886 -.9756548 -.7249409 .2857183 -.4471559 -.7028325 -.6501505 -1.002686 -1.910074 -2.078788 -.3583631 -.3282017 -1.712218 -2.082752 -1.173755 -.9281004 -.7200559 -1.537384 -2.341499 -2.889785 -4.550599 -5.015548 -5.228796 -4.497669 -2.93576 -2.313599 -3.44494 -5.49122 -9.541086 -14.00012 -13.94096 -13.13138 -13.05301 -11.37547 -7.999203 -3.282778 2.917972 5.104572 3.339106
.9978967 .7431842 .6232483 .8682654 .3620168 .1340306 -.3528313 -.9511721 -.4716133 -.02833419 .5863546 1.08682 .9106761 .8908389 .02759578 -.2028582 -.06605168 -.1922721 .1942089 .8085618 -.03978094 -.3784228 -.5059175 -.121403 .4019344 -.07452052 -.9825504 -1.20454 -1.062314 -2.010706 -2.864317 -3.548476 -3.128222 -1.952148 -3.784129 -3.87354 -2.113664 -2.659939 -3.600312 -4.010019 -5.200973 -4.624463 -5.441563 -4.067326 -3.146169 -3.428194 -2.974119 -3.097446 -3.780286 -6.278013 -9.569162 -12.99017 -15.66858 -11.96225 -10.34297 -11.42425 -12.04827 -8.061443 -1.13145 3.333252 4.838195
1.014191 .7865989 .6883383 .6287574 .2021178 -.1833887 -.64091 -.4364218 -.09477126 .429665 1.067495 1.726781 1.797985 1.127005 .4247008 .0282962 .1756294 .9436881 1.397681 .6525415 -.01470697 -.3478235 -.1574292 .5965549 .468195 -.2996258 -1.077618 -.9689843 -1.092728 -2.294947 -3.717223 -4.764076 -5.240462 -4.981008 -7.432166 -8.101057 -5.368941 -5.621922 -6.81961 -6.740978 -8.071849 -5.528513 -4.079122 -1.835363 -.6728756 -1.88996 -3.161412 -4.257095 -5.672272 -8.029135 -11.5113 -14.96094 -15.89205 -11.24952 -7.069267 -8.276408 -11.48308 -12.91347 -6.950894 -1.142365 2.351204
.8121046 .4434661 .4001904 .3326737 .03951997 -.3680345 -.8233452 -.4301797 .06791343 .5050825 1.047675 1.40054 1.515035 1.074864 .4850512 .03662607 -.06763227 .5575561 .6829101 .2957179 .01369433 -.2740346 .5668581 1.031833 .6079 -.06979417 -.1034693 .2439886 -.49827 -1.839563 -3.25752 -2.998169 -2.906726 -5.99498 -8.680866 -10.25847 -10.82478 -10.62071 -8.426583 -9.40454 -12.50861 -10.85195 -9.838075 -5.69371 -3.931912 -4.994437 -5.4196 -6.100785 -7.717267 -9.298299 -12.89402 -15.70908 -15.20087 -9.779587 -5.827581 -4.622337 -6.43316 -11.26472 -11.65138 -6.606672 -1.554364
.4698526 .1886658 .2377909 -.001769126 -.2045248 -.4983431 -.7105582 -.3632284 .1668176 .5125002 .9233741 1.185552 1.218387 .9875076 .6005897 .03396362 -.06080771 .7184613 .3937332 .04487637 .2159766 1.195941 1.594795 1.229969 .8084422 .1693073 .6046213 .5944549 -.03974574 -1.306412 -2.313095 -2.566463 -2.12167 -3.620414 -5.485182 -7.19849 -10.28004 -12.72821 -7.882955 -9.905305 -13.0517 -15.24175 -16.20135 -14.52611 -13.0046 -12.53174 -11.45398 -9.579563 -10.18877 -11.24118 -12.90138 -12.96359 -12.91061 -8.411622 -5.825271 -4.121417 -4.156265 -6.201129 -7.882662 -4.725657 -3.966588
