py_wake/examples/data/AJ_ParqueFicticio/Rough survey   Sector 6   Height 200m   Weibull-A.grd
DSAA
73  159
 258469   265669
 6501692   6517492
 6.094818   11.28945
[rows 0 to 27 of 159, columns 0 to 62 of 73]
7.986524 7.956922 7.942935 7.934367 7.924295 7.913826 7.90768 7.901066 7.895333 7.88728 7.875094 7.858835 7.842027 7.829965 7.817156 7.813551 7.817551 7.824724 7.843099 7.867807 7.898781 7.941532 7.951912 7.930173 7.833621 7.68691 7.630566 7.657673 7.689158 7.696587 7.69891 7.71361 7.771278 7.867172 7.968108 8.040454 8.129611 8.194685 8.219377 8.228271 8.220167 8.205217 8.181519 8.149799 8.133037 8.127785 8.117841 8.106996 8.0989 8.082257 8.065151 8.03759 8.011442 7.986972 7.961743 7.939708 7.919553 7.900741 7.894462 7.890324 7.884346 7.8908 7.909676
8.004688 7.962378 7.945282 7.936799 7.927074 7.915125 7.908323 7.895466 7.890139 7.887453 7.878071 7.86279 7.845683 7.828965 7.816244 7.811143 7.812448 7.825162 7.839416 7.882409 7.939774 7.981204 8.023142 8.039372 7.965578 7.80812 7.676158 7.666426 7.681133 7.698018 7.703719 7.717497 7.766878 7.850715 7.946175 8.033702 8.118385 8.223197 8.270835 8.283301 8.282048 8.269499 8.259338 8.230758 8.167342 8.153434 8.143327 8.137115 8.126182 8.108838 8.088948 8.05776 8.025558 7.995455 7.968257 7.947152 7.920608 7.903686 7.889441 7.873929 7.865155 7.866981 7.88153
8.062338 7.988866 7.954289 7.938673 7.921872 7.91082 7.901712 7.891745 7.883199 7.87605 7.876301 7.862886 7.84229 7.82621 7.810657 7.802381 7.805327 7.812197 7.826004 7.877815 7.932899 7.971603 8.039195 8.096881 8.065261 7.904893 7.762351 7.691346 7.680899 7.684356 7.693567 7.70642 7.743496 7.804452 7.882611 7.989708 8.085182 8.207611 8.297692 8.330168 8.326191 8.301108 8.289195 8.280952 8.227998 8.172975 8.151904 8.150204 8.144564 8.135214 8.11758 8.089876 8.05183 8.016951 7.98497 7.955651 7.92621 7.898597 7.874456 7.852598 7.833675 7.837622 7.845368
8.16127 8.056726 7.976149 7.939711 7.920968 7.908332 7.892483 7.879903 7.869018 7.857897 7.853025 7.858372 7.846485 7.828281 7.801013 7.785102 7.782666 7.788753 7.801526 7.855259 7.898813 7.930332 8.00595 8.08736 8.102435 7.993856 7.829617 7.739844 7.696089 7.686896 7.685414 7.672038 7.684289 7.712003 7.738644 7.790659 7.906081 8.076094 8.236758 8.313912 8.314591 8.300081 8.288072 8.296112 8.277051 8.218716 8.169381 8.153629 8.147276 8.139514 8.143418 8.126925 8.091733 8.046165 8.007096 7.966463 7.926913 7.886523 7.851787 7.817391 7.795752 7.791134 7.803207
8.24405 8.133982 8.027016 7.959816 7.925882 7.904145 7.891901 7.872352 7.856926 7.845043 7.833963 7.828663 7.837107 7.82944 7.792313 7.765149 7.757912 7.759568 7.775778 7.827726 7.867512 7.88601 7.951052 8.02437 8.060884 8.012784 7.892848 7.785516 7.715971 7.687272 7.659029 7.651427 7.612393 7.579875 7.534917 7.521853 7.602892 7.792528 7.984412 8.132471 8.208148 8.238625 8.240582 8.265432 8.295622 8.262732 8.205731 8.162717 8.154688 8.155866 8.182918 8.173751 8.142356 8.09372 8.040428 7.983401 7.924298 7.871798 7.819056 7.770456 7.739759 7.729363 7.736351
8.289266 8.220201 8.129401 8.033009 7.947416 7.911313 7.897135 7.87751 7.858289 7.843098 7.837192 7.813831 7.817169 7.814009 7.790295 7.749121 7.727127 7.719489 7.736992 7.789107 7.828949 7.869708 7.921132 7.979257 8.020745 7.998446 7.908189 7.813756 7.733715 7.669843 7.618202 7.580937 7.53974 7.469024 7.409366 7.351233 7.3554 7.471939 7.644944 7.8283 7.992396 8.122558 8.179614 8.212951 8.213544 8.2124 8.179426 8.151476 8.146613 8.161519 8.183727 8.202428 8.178497 8.132306 8.066474 7.991572 7.915528 7.846223 7.776708 7.711919 7.658016 7.631517 7.615561
8.329318 8.298262 8.256337 8.164294 8.029914 7.936103 7.928029 7.919569 7.896422 7.876696 7.862971 7.829102 7.812854 7.815936 7.80204 7.757367 7.700167 7.667119 7.659664 7.689206 7.746254 7.824175 7.890326 7.955519 8.001343 7.989826 7.914535 7.830971 7.737538 7.657659 7.590463 7.517141 7.460806 7.415435 7.342174 7.282103 7.249135 7.279522 7.388541 7.554553 7.763152 7.961736 8.075546 8.112821 8.105078 8.09807 8.106203 8.114721 8.097535 8.106362 8.139982 8.164057 8.167027 8.145297 8.080166 7.99668 7.905347 7.814636 7.721729 7.625834 7.544584 7.483198 7.440888
8.356469 8.346309 8.324717 8.265563 8.151787 8.036725 7.988891 7.977688 7.954023 7.929757 7.904377 7.87251 7.846993 7.841014 7.82431 7.771204 7.690653 7.622785 7.583753 7.575473 7.630809 7.72698 7.834848 7.916512 7.979808 7.986995 7.927984 7.840736 7.750522 7.659029 7.581729 7.518763 7.454364 7.392121 7.319535 7.246264 7.198633 7.19101 7.242043 7.355569 7.533195 7.72758 7.862862 7.927034 7.955262 7.991514 8.026993 8.026379 8.005519 8.000395 8.027267 8.044518 8.055904 8.06697 8.055653 7.978621 7.884969 7.780331 7.663427 7.541231 7.417577 7.319311 7.237975
8.37997 8.378635 8.364626 8.31558 8.228446 8.133428 8.07363 8.050225 8.016609 7.98737 7.949013 7.917087 7.889205 7.883327 7.86856 7.809695 7.71868 7.60547 7.517811 7.464534 7.477238 7.56067 7.663671 7.774022 7.879287 7.949961 7.932008 7.858432 7.771107 7.682399 7.608356 7.538108 7.466383 7.392343 7.312624 7.240043 7.160378 7.132829 7.146866 7.195953 7.286978 7.414896 7.537189 7.622322 7.728443 7.814246 7.842631 7.853258 7.815103 7.785309 7.829963 7.849774 7.860868 7.90791 7.95342 7.933911 7.859426 7.754098 7.625695 7.477014 7.303744 7.160089 7.054672
8.401611 8.402993 8.393566 8.362659 8.307697 8.215031 8.149633 8.114907 8.079004 8.037216 8.000897 7.968518 7.933125 7.921611 7.925897 7.886317 7.793929 7.666893 7.52042 7.407465 7.340155 7.340435 7.431251 7.528234 7.650748 7.809181 7.886209 7.854189 7.789201 7.711557 7.63728 7.563114 7.487065 7.411083 7.33042 7.254326 7.173053 7.10091 7.079688 7.082895 7.096078 7.135717 7.192097 7.276334 7.401847 7.511539 7.545763 7.577727 7.56087 7.517591 7.550603 7.589884 7.631055 7.715341 7.799358 7.852153 7.81466 7.733009 7.612464 7.450001 7.246577 7.050703 6.924558
8.422819 8.424883 8.4181 8.410225 8.419491 8.354005 8.30039 8.219758 8.135454 8.08999 8.05891 8.026649 7.981064 7.954638 7.971149 7.977014 7.91695 7.78799 7.630203 7.463531 7.317595 7.229388 7.242987 7.317385 7.412803 7.553936 7.71109 7.780549 7.761331 7.705225 7.644374 7.57963 7.508173 7.430654 7.353283 7.278516 7.197661 7.119012 7.057273 7.036733 7.017424 7.011649 7.010666 7.027801 7.080521 7.165992 7.203207 7.251539 7.265268 7.238167 7.25409 7.308495 7.409375 7.526174 7.623109 7.688647 7.714139 7.677132 7.580931 7.428719 7.233895 7.023721 6.870682
8.436127 8.446069 8.439269 8.436634 8.449717 8.424572 8.384172 8.30978 8.206391 8.163338 8.128947 8.105346 8.04818 7.987343 7.982903 8.027927 8.041617 7.947834 7.80041 7.623692 7.418542 7.261779 7.197684 7.213112 7.272806 7.371902 7.531297 7.654686 7.680097 7.657891 7.611934 7.560025 7.508856 7.444136 7.381745 7.304131 7.22463 7.148003 7.072486 7.027068 6.997705 6.98238 6.949207 6.927704 6.910429 6.925963 6.953127 6.982011 7.00929 6.993762 6.989148 7.052891 7.177477 7.289124 7.363524 7.421065 7.441655 7.438111 7.379929 7.284118 7.140148 6.971268 6.823695
8.438553 8.455366 8.456538 8.449163 8.450261 8.441138 8.418159 8.372201 8.315186 8.27606 8.236675 8.228672 8.172842 8.067325 8.006483 8.009585 8.061338 8.064264 7.969353 7.822378 7.650531 7.476847 7.330652 7.243087 7.229758 7.279339 7.377285 7.487647 7.5531 7.560375 7.549066 7.51989 7.486068 7.437115 7.382952 7.318556 7.244708 7.177167 7.1071 7.043671 7.003099 6.976088 6.93386 6.892842 6.82947 6.808087 6.805845 6.819384 6.831928 6.814615 6.794715 6.810515 6.881265 6.966519 7.020241 7.012022 7.006426 6.982213 6.950052 6.91118 6.861739 6.784661 6.702761
8.435644 8.443885 8.447416 8.450819 8.450968 8.45123 8.442926 8.440653 8.40774 8.38407 8.357655 8.330767 8.297196 8.219193 8.137361 8.084839 8.087672 8.078817 8.089464 8.00629 7.879403 7.717721 7.546134 7.384583 7.289079 7.271808 7.31434 7.379338 7.448604 7.478757 7.487609 7.481655 7.462358 7.42804 7.366626 7.311701 7.254634 7.202154 7.148585 7.09306 7.034564 6.980232 6.931031 6.889873 6.810401 6.748808 6.729318 6.706521 6.714129 6.687465 6.663131 6.643895 6.634088 6.651352 6.661832 6.635037 6.596093 6.566156 6.543768 6.537582 6.535152 6.530276 6.512036
8.43012 8.432278 8.438492 8.446263 8.456328 8.456688 8.454569 8.459739 8.451104 8.433999 8.402913 8.376168 8.358541 8.319126 8.255483 8.194935 8.169333 8.172155 8.174306 8.140965 8.074273 7.960027 7.790929 7.584599 7.424298 7.342204 7.324851 7.357031 7.392485 7.425585 7.439943 7.447093 7.455063 7.429098 7.373471 7.303759 7.25631 7.216011 7.191125 7.15494 7.097069 7.029319 6.962183 6.919835 6.859692 6.771775 6.729183 6.688153 6.644872 6.630153 6.598774 6.563857 6.524041 6.503079 6.484079 6.471587 6.458657 6.439832 6.426807 6.4056 6.400006 6.384729 6.382389
8.415766 8.420016 8.42962 8.441644 8.450218 8.459643 8.460936 8.47331 8.467592 8.44015 8.41548 8.395972 8.391846 8.38184 8.358041 8.304317 8.262384 8.265551 8.270722 8.241986 8.200975 8.146676 8.040891 7.857625 7.655598 7.489988 7.404129 7.383936 7.397364 7.422698 7.446158 7.452212 7.466021 7.463849 7.4291 7.358566 7.277822 7.240378 7.231603 7.242112 7.211354 7.144069 7.055925 6.994132 6.929602 6.853452 6.792556 6.753434 6.70995 6.661118 6.632518 6.601688 6.578041 6.563632 6.569575 6.591254 6.617324 6.641424 6.641937 6.596804 6.524735 6.438138 6.365396
8.405418 8.403634 8.416507 8.431376 8.444399 8.456802 8.466249 8.481407 8.477876 8.457738 8.435726 8.424297 8.421885 8.412605 8.412083 8.386719 8.345128 8.308076 8.308564 8.285975 8.262506 8.240556 8.190316 8.096029 7.949195 7.747597 7.580814 7.485262 7.460186 7.476029 7.504029 7.51686 7.537469 7.566428 7.575332 7.532273 7.423185 7.347794 7.342282 7.343223 7.359747 7.304177 7.197021 7.112769 7.046364 6.98927 6.943568 6.902661 6.863986 6.817067 6.772934 6.760705 6.777819 6.814061 6.855552 6.907113 6.965627 7.007836 7.0005 6.953483 6.839563 6.673844 6.476841
8.399157 8.398869 8.40776 8.424827 8.436284 8.450589 8.466454 8.47615 8.480931 8.472992 8.457963 8.432349 8.429859 8.424037 8.420959 8.40635 8.380573 8.351078 8.340808 8.320031 8.305289 8.29702 8.277552 8.24982 8.174479 8.037577 7.872726 7.7209 7.631702 7.619431 7.638667 7.649025 7.6877 7.731386 7.76502 7.751798 7.652957 7.561185 7.534019 7.556831 7.600921 7.563763 7.460883 7.356777 7.279319 7.228002 7.177402 7.160161 7.139654 7.104862 7.058644 7.037563 7.071479 7.140084 7.200894 7.242382 7.269863 7.289044 7.285687 7.220681 7.104084 6.92008 6.681492
8.393181 8.395462 8.405969 8.419085 8.432738 8.443347 8.458385 8.472406 8.481905 8.478494 8.468694 8.439331 8.428418 8.423366 8.420977 8.418713 8.397955 8.37806 8.365042 8.345399 8.330468 8.331231 8.344075 8.356518 8.34711 8.278901 8.157994 8.016893 7.911121 7.858304 7.815303 7.800448 7.872406 7.91937 7.959807 7.962791 7.878287 7.77097 7.715996 7.759137 7.837675 7.886656 7.858972 7.794638 7.70536 7.622249 7.546548 7.516763 7.511539 7.470818 7.402337 7.341377 7.3427 7.382936 7.426608 7.446395 7.452765 7.443528 7.402718 7.345249 7.252977 7.108542 6.89252
8.390938 8.395482 8.405769 8.414149 8.42065 8.431132 8.449444 8.45987 8.474414 8.478418 8.468055 8.458752 8.440154 8.421791 8.423848 8.421905 8.417078 8.401423 8.387593 8.368002 8.358931 8.356914 8.365578 8.392935 8.403688 8.394178 8.348061 8.26276 8.157872 8.073514 7.97939 7.9187 7.986137 8.065078 8.116828 8.122278 8.054791 7.949922 7.887075 7.936178 8.053306 8.171191 8.227485 8.21806 8.161356 8.074421 7.957876 7.884118 7.861827 7.805469 7.70326 7.612213 7.551085 7.538408 7.541656 7.541537 7.530093 7.51708 7.457527 7.397442 7.326748 7.226155 7.07371
8.370331 8.386313 8.399104 8.40274 8.403497 8.416848 8.434398 8.443694 8.457991 8.463195 8.456078 8.453652 8.441265 8.43226 8.426402 8.427867 8.433879 8.419756 8.408161 8.393989 8.386184 8.375565 8.380439 8.392336 8.410597 8.417242 8.40215 8.369967 8.304951 8.192442 8.086537 8.010353 8.010274 8.106521 8.196143 8.241402 8.18113 8.082345 8.042358 8.09107 8.210025 8.340242 8.440132 8.479115 8.463986 8.399371 8.27878 8.172083 8.106466 8.03366 7.914052 7.814044 7.715619 7.650369 7.619483 7.592717 7.570775 7.546565 7.498053 7.438946 7.385698 7.330597 7.248918
8.347139 8.351068 8.36871 8.377398 8.385385 8.39707 8.410585 8.425714 8.439089 8.437764 8.443181 8.446899 8.444743 8.436208 8.433343 8.432258 8.437583 8.437696 8.426963 8.421721 8.415669 8.398701 8.390337 8.39328 8.407657 8.413147 8.401917 8.379433 8.34494 8.268427 8.194528 8.117476 8.022151 8.084167 8.212678 8.296139 8.272008 8.154735 8.144531 8.197414 8.280412 8.416077 8.505147 8.555709 8.578395 8.548842 8.469543 8.368679 8.263172 8.157607 8.04298 7.949813 7.849797 7.749753 7.710338 7.667999 7.633885 7.610822 7.572216 7.520335 7.466707 7.445497 7.40543
8.338593 8.338122 8.344964 8.356603 8.370233 8.383685 8.393172 8.404073 8.417562 8.419713 8.43201 8.434503 8.441276 8.438914 8.435081 8.434887 8.431736 8.43406 8.436152 8.432962 8.427542 8.413521 8.406761 8.411063 8.411687 8.406069 8.384796 8.360593 8.34187 8.33742 8.318985 8.253458 8.138173 8.097021 8.189163 8.296618 8.322702 8.238371 8.194038 8.19899 8.256311 8.386467 8.48327 8.551567 8.582908 8.586312 8.554543 8.47865 8.375343 8.248812 8.142994 8.043796 7.955719 7.850938 7.802515 7.774175 7.74551 7.720239 7.699619 7.660126 7.606087 7.570792 7.541533
8.341888 8.346328 8.35326 8.353251 8.361381 8.371371 8.380532 8.391016 8.400369 8.4069 8.416585 8.425858 8.429137 8.439283 8.43735 8.439321 8.422586 8.419091 8.430764 8.442282 8.440671 8.431856 8.424627 8.427095 8.424558 8.40451 8.379558 8.350846 8.33081 8.354746 8.376701 8.347259 8.25238 8.168438 8.172272 8.266299 8.339806 8.324823 8.281897 8.196727 8.194633 8.293637 8.401237 8.483975 8.529543 8.557277 8.56046 8.521532 8.43908 8.334149 8.234038 8.141424 8.051558 7.951104 7.907016 7.903128 7.894511 7.870477 7.85507 7.838902 7.770461 7.711903 7.669535
8.342038 8.353827 8.360899 8.356582 8.360898 8.364784 8.372179 8.382708 8.386696 8.400595 8.405034 8.417505 8.426115 8.432812 8.434789 8.439583 8.433859 8.429132 8.433534 8.447225 8.454557 8.450372 8.442479 8.449745 8.436935 8.419312 8.396572 8.379768 8.360994 8.364555 8.411235 8.391854 8.341962 8.268791 8.219399 8.260814 8.325624 8.350418 8.327262 8.234236 8.179845 8.243508 8.332344 8.409906 8.471217 8.514036 8.540624 8.541628 8.506419 8.435343 8.355324 8.26195 8.173742 8.080177 8.028804 8.053511 8.062326 8.044775 8.026543 8.007756 7.937851 7.855448 7.781304
8.336884 8.343929 8.354424 8.353999 8.356503 8.35638 8.36752 8.372919 8.378989 8.393005 8.399272 8.410757 8.419632 8.4237 8.431166 8.433454 8.437448 8.440732 8.44245 8.454161 8.459936 8.467141 8.465488 8.472482 8.464713 8.451383 8.425668 8.425737 8.441336 8.405919 8.392037 8.395172 8.387014 8.354815 8.29269 8.285735 8.319892 8.360369 8.350905 8.288499 8.232466 8.278858 8.347336 8.410678 8.452671 8.492696 8.536469 8.574287 8.577608 8.534516 8.483462 8.422333 8.344591 8.241479 8.174803 8.200546 8.238111 8.212872 8.176076 8.127146 8.054729 7.967686 7.886111
8.353137 8.356174 8.36194 8.35501 8.359451 8.359464 8.367788 8.372563 8.382143 8.389182 8.393412 8.408339 8.416272 8.420212 8.428625 8.436211 8.443637 8.44985 8.453218 8.457466 8.462379 8.473556 8.481617 8.484348 8.48471 8.480547 8.454856 8.464395 8.462434 8.438493 8.398091 8.390862 8.39753 8.387774 8.35453 8.346822 8.331713 8.355073 8.37199 8.331568 8.305775 8.31379 8.380685 8.440662 8.49522 8.529147 8.566975 8.606719 8.63973 8.636847 8.620481 8.597432 8.559651 8.465014 8.350649 8.344125 8.385142 8.370423 8.281186 8.177624 8.103517 8.024529 7.951984
8.35667 8.361977 8.356757 8.359102 8.362674 8.364078 8.370798 8.375484 8.384232 8.393866 8.393485 8.406356 8.417441 8.422664 8.429067 8.439918 8.451113 8.457738 8.461522 8.463026 8.463933 8.46542 8.46982 8.482416 8.492794 8.489025 8.477038 8.464188 8.455919 8.434933 8.411838 8.403114 8.394414 8.37507 8.377675 8.369946 8.36169 8.366153 8.371626 8.354815 8.327559 8.313854 8.370208 8.45814 8.537951 8.584791 8.628092 8.678962 8.733004 8.756634 8.769029 8.782517 8.788201 8.727182 8.588773 8.50456 8.508162 8.490726 8.379072 8.24916 8.149889 8.069386 7.998113
