py_wake/examples/data/AJ_ParqueFicticio/Rough survey   Sector 4   Height 200m   Orographic turn.grd
DSAA
73  159
 258469   265669
 6501692   6517492
-10.12591   11.86711
[rows 54 to 80 of 159, columns 0 to 60 of 73]
1.397368 1.314097 1.261225 1.201332 1.131464 1.068822 1.085726 1.106164 1.151074 1.172337 1.195094 1.192922 1.193814 1.187644 1.166015 1.169996 1.147016 1.08739 1.029269 .9577654 .8945417 .9444684 1.02894 .93448 .800702 .776953 .7776262 .7861621 .7708991 .593852 .180197 -.3885284 -.8743083 -1.268726 -1.691781 -2.257288 -3.061051 -3.915652 -4.513005 -4.836621 -5.203849 -5.839716 -6.463139 -6.978247 -7.141587 -7.048524 -6.701069 -6.188118 -5.427734 -4.632506 -3.711902 -2.90797 -2.245198 -1.525201 -.441435 .7323802 1.611052 1.789194 1.606374 1.555909 2.073692
1.312829 1.252476 1.216814 1.131215 1.09111 1.072689 1.065911 1.11506 1.145542 1.167909 1.180495 1.17762 1.193387 1.187069 1.148773 1.159531 1.115036 1.085644 .9992695 .9698813 .9414432 .9463454 .9620951 .8562163 .7573835 .7378423 .7376496 .7916252 .8157181 .5324512 .0534269 -.6119937 -1.133644 -1.57192 -1.959547 -2.388001 -3.112842 -3.996626 -4.722273 -5.107124 -5.464999 -5.852393 -6.430418 -6.929394 -7.213774 -7.223832 -7.100794 -6.607602 -5.751383 -4.672364 -3.587124 -2.657277 -1.903279 -1.105362 -.1856826 .7231223 1.47921 1.769958 1.796999 1.8497 2.233981
1.240193 1.240543 1.152442 1.086 1.034921 1.041057 1.077144 1.147923 1.161766 1.195102 1.190141 1.206919 1.237146 1.215377 1.16386 1.158417 1.131286 1.07908 1.026964 1.000517 .9908378 .9418378 .8488699 .7828254 .7090161 .6904719 .6673585 .635099 .5356869 .1826785 -.3233401 -.8985515 -1.480739 -1.93407 -2.347579 -2.678083 -3.176414 -3.930982 -4.760568 -5.300402 -5.662518 -5.818433 -6.188479 -6.517467 -6.810197 -6.968871 -7.029479 -6.681777 -5.881956 -4.767352 -3.606944 -2.580085 -1.670979 -.7968932 .04529674 .7873976 1.349346 1.675989 1.889971 2.129393 2.480278
1.211332 1.268779 1.13339 1.022645 1.003176 1.064642 1.130113 1.18582 1.217604 1.20225 1.19428 1.19366 1.201412 1.277145 1.210486 1.152048 1.136288 1.095015 1.029347 1.019392 .9502003 .8812883 .7934141 .7344366 .6360205 .5561723 .5055875 .3434509 -.02089699 -.3858124 -.7665904 -1.224582 -1.721428 -2.25763 -2.633857 -2.954006 -3.334258 -3.913827 -4.699526 -5.311763 -5.665585 -5.785635 -5.874777 -6.017298 -6.246832 -6.4345 -6.536723 -6.38385 -5.88055 -4.9208 -3.709585 -2.573351 -1.554954 -.6161364 .09496453 .7148296 1.309781 1.724524 2.084005 2.322093 2.654024
1.300483 1.292979 1.122681 .9540929 .9173932 1.055339 1.152995 1.230179 1.241117 1.211825 1.180597 1.185583 1.173846 1.240722 1.193966 1.150337 1.125224 1.091636 1.060365 1.029702 .8843167 .8201553 .7386443 .6400731 .599902 .5155353 .3673925 .05388502 -.4744516 -.9439352 -1.238205 -1.579347 -2.03141 -2.45665 -2.891479 -3.179331 -3.493679 -4.027582 -4.664647 -5.236756 -5.62692 -5.71209 -5.601381 -5.551116 -5.642297 -5.815774 -5.944274 -5.915854 -5.646608 -5.001167 -3.88719 -2.628379 -1.50413 -.653632 -.04892776 .5133027 1.246933 1.854091 2.307202 2.55865 2.778399
1.419571 1.258193 1.064397 .9245667 .8517466 .9646662 1.157619 1.250358 1.254626 1.224892 1.186339 1.134795 1.139393 1.204846 1.186231 1.133263 1.090212 1.058669 1.031442 .9741659 .8690019 .7506374 .6532822 .6251311 .5217448 .4459985 .3003651 -.07104893 -.6480701 -1.211894 -1.597558 -1.898136 -2.294263 -2.809284 -3.223696 -3.541373 -3.838324 -4.195362 -4.683396 -5.17644 -5.484847 -5.514461 -5.438772 -5.181802 -5.05249 -5.159103 -5.274208 -5.387471 -5.433902 -5.072619 -4.092968 -2.798867 -1.597928 -.8244767 -.3856868 .2145316 1.08711 1.798811 2.366804 2.779666 2.983025
1.401523 1.193742 .996224 .9660516 .9031022 .9283693 1.108571 1.282096 1.273222 1.222171 1.174439 1.127774 1.116776 1.180744 1.136959 1.070002 1.051317 1.022303 .9862491 .8812476 .8116469 .675871 .6204479 .5524719 .4680589 .4326593 .2579574 -.06321554 -.5612716 -1.141389 -1.646882 -2.038874 -2.461943 -3.013807 -3.578098 -3.93751 -4.17712 -4.464535 -4.752883 -5.117985 -5.388256 -5.378841 -5.234535 -4.958074 -4.642428 -4.585987 -4.585729 -4.693254 -4.889247 -4.89434 -4.176369 -3.023912 -1.803825 -1.086205 -.7141965 -.1113792 .8469012 1.653013 2.345085 2.93505 3.214219
1.308573 1.130987 1.028145 1.110817 1.183275 1.167884 1.214287 1.289715 1.25325 1.21764 1.165792 1.144861 1.120734 1.093629 1.049141 1.002203 .9779302 .9756184 .9272943 .8192387 .7269332 .6085091 .5324612 .4595124 .3863097 .3038057 .09419739 -.2076905 -.595382 -1.143313 -1.576763 -2.023974 -2.481765 -3.056647 -3.633451 -4.014851 -4.331161 -4.570078 -4.86363 -5.078216 -5.268302 -5.396504 -5.360955 -4.92783 -4.491695 -4.230741 -4.083556 -4.017985 -4.159637 -4.309243 -4.078723 -3.268236 -2.127035 -1.362483 -.9674519 -.4619538 .5272489 1.562101 2.345342 3.006922 3.380732
1.272295 1.117537 1.184785 1.284708 1.364785 1.40517 1.365638 1.294239 1.246367 1.195134 1.166079 1.135542 1.086004 1.014856 .9862643 .9566705 .9177412 .9482 .8342188 .7449952 .6500892 .5986626 .4646644 .3764569 .2482983 .06320886 -.1547998 -.4421788 -.7236419 -1.057698 -1.480695 -1.91501 -2.369087 -2.883797 -3.471595 -3.943966 -4.295082 -4.568067 -4.851 -5.073198 -5.232748 -5.423594 -5.376264 -5.04748 -4.439823 -4.076749 -3.84588 -3.588602 -3.371037 -3.493974 -3.596647 -3.367848 -2.576654 -1.753156 -1.196538 -.6622373 .2580768 1.442705 2.379141 3.132807 3.545863
1.234469 1.215416 1.327914 1.43459 1.486354 1.46557 1.390139 1.302573 1.232851 1.159207 1.144916 1.101159 1.041225 1.001019 .9471499 .923875 .90624 .8902328 .8069176 .6884201 .6535715 .5700477 .405933 .2305505 .06592161 -.211191 -.5061573 -.7183304 -.9577334 -1.151845 -1.444774 -1.73185 -2.123819 -2.655463 -3.236783 -3.777583 -4.104117 -4.434005 -4.749108 -5.015957 -5.219096 -5.358535 -5.365144 -5.075086 -4.562407 -4.026833 -3.716504 -3.336378 -2.911215 -2.700912 -2.825239 -3.10679 -2.953226 -2.204994 -1.382967 -.7021644 .1961887 1.407087 2.456738 3.207836 3.66129
1.201499 1.297484 1.427811 1.51931 1.54759 1.527103 1.417909 1.336526 1.229391 1.15905 1.133543 1.081743 1.045475 .9868486 .9660498 .9245083 .9042261 .8156512 .7098342 .65976 .6609969 .5344959 .3637725 .1220122 -.1304664 -.458698 -.7530876 -1.027395 -1.256672 -1.340183 -1.46446 -1.666 -2.005417 -2.462464 -2.988279 -3.40585 -3.743078 -4.09958 -4.480996 -4.808755 -5.036339 -5.235623 -5.35241 -5.267392 -4.719337 -4.185836 -3.657399 -3.166644 -2.682223 -2.275316 -2.212023 -2.591732 -2.888326 -2.473064 -1.535426 -.5557899 .4305225 1.588217 2.595259 3.283921 3.643331
1.196868 1.328134 1.475708 1.589777 1.615725 1.567058 1.480046 1.373451 1.258821 1.183821 1.14247 1.087298 1.026443 .9879948 .9744933 .9222788 .8418218 .7473289 .6651395 .6121349 .5412079 .4171261 .254881 .04063113 -.2223495 -.5526452 -.9076337 -1.249815 -1.529124 -1.629172 -1.665009 -1.751021 -1.998818 -2.307808 -2.696022 -2.981668 -3.291992 -3.685285 -4.095519 -4.447532 -4.710043 -4.985974 -5.316839 -5.394203 -5.045763 -4.392319 -3.741499 -3.137593 -2.652117 -2.114652 -1.707953 -1.90977 -2.339859 -2.437277 -1.72014 -.4760857 .8091807 1.890861 2.822571 3.382387 3.40528
1.258716 1.365663 1.5281 1.646567 1.634721 1.610458 1.526221 1.43762 1.350621 1.249392 1.157994 1.123092 1.061623 1.019566 .9834415 .8918152 .7846773 .6494052 .5883124 .5478879 .4711106 .3096688 .1974894 .07925359 -.1669423 -.4838077 -.9509172 -1.361461 -1.697554 -1.857586 -1.910044 -2.004813 -2.147307 -2.232333 -2.422151 -2.612361 -2.81893 -3.216711 -3.705775 -4.052623 -4.382802 -4.730238 -5.183243 -5.42621 -5.291583 -4.767635 -3.945202 -3.280109 -2.787492 -2.254205 -1.590654 -1.367218 -1.596849 -1.787596 -1.469366 -.3448942 1.026963 2.194814 3.098962 3.53302 3.435565
1.292307 1.380222 1.555242 1.666251 1.701622 1.621151 1.517482 1.474653 1.368382 1.308157 1.215365 1.139908 1.101354 1.059243 .9630738 .838324 .7015088 .5844303 .4800586 .4363266 .3525405 .2891232 .3020001 .2149965 -.03503173 -.395646 -.921162 -1.339149 -1.702093 -1.941561 -2.112389 -2.249166 -2.34743 -2.324625 -2.323173 -2.372524 -2.489311 -2.718965 -3.214725 -3.590225 -4.062255 -4.567093 -5.038249 -5.356034 -5.354434 -4.960859 -4.26405 -3.498972 -2.930869 -2.434478 -1.821663 -1.24751 -1.054053 -1.000602 -.8462203 -.1886538 .9331105 2.216403 3.132575 3.701667 3.788794
1.281897 1.421618 1.572889 1.6553 1.691545 1.616559 1.540027 1.484405 1.397006 1.333769 1.266416 1.190063 1.111788 1.080905 .9648603 .8149366 .6503269 .5036926 .4235893 .3794442 .3273942 .3165597 .4337181 .3316193 .08837901 -.3670512 -.8215981 -1.209535 -1.577208 -1.94348 -2.235857 -2.446029 -2.524271 -2.502794 -2.417275 -2.393771 -2.364858 -2.413083 -2.724492 -3.133467 -3.546898 -4.172345 -4.753655 -5.126098 -5.243789 -5.092926 -4.610332 -3.826114 -3.152604 -2.657505 -2.097764 -1.439144 -.9111802 -.5048071 -.2122505 .1808911 .9438142 1.924374 2.73873 3.436973 3.841061
1.335442 1.410325 1.557227 1.668858 1.642117 1.594608 1.525627 1.507315 1.435331 1.356793 1.278782 1.203723 1.113667 1.057113 .8621902 .6825811 .5317891 .4187605 .378459 .3724549 .3854505 .4396124 .4877735 .3401421 .03751532 -.3600212 -.6913512 -1.0299 -1.401693 -1.794353 -2.234549 -2.591609 -2.772491 -2.769473 -2.645406 -2.544695 -2.40311 -2.352598 -2.445873 -2.745734 -3.164386 -3.620203 -4.116616 -4.489928 -4.747446 -4.88324 -4.654142 -4.017683 -3.369613 -2.874452 -2.396866 -1.609766 -.871612 -.3034008 .09237556 .4481919 .7927728 1.486336 2.263953 2.976266 3.6009
1.362733 1.366801 1.500511 1.603727 1.555693 1.53238 1.554885 1.563615 1.485942 1.409593 1.296088 1.172013 1.066728 .9696423 .7438088 .5462837 .4578619 .3943425 .3868264 .3652785 .4184804 .4397597 .3713456 .2052034 -.07190928 -.2981616 -.5595759 -.8368387 -1.21934 -1.66187 -2.049736 -2.481524 -2.945933 -3.059092 -2.995941 -2.779263 -2.61126 -2.413939 -2.407211 -2.500004 -2.791568 -3.20923 -3.499609 -3.792158 -4.041719 -4.290555 -4.272017 -3.808345 -3.207024 -2.759272 -2.289488 -1.550108 -.8037897 -.352114 -.095895 .1751326 .5058885 1.022109 1.765062 2.518711 3.264181
1.426597 1.414659 1.426192 1.484764 1.396337 1.462655 1.587445 1.612704 1.547883 1.441422 1.319205 1.166083 1.019746 .8323793 .647791 .4836721 .5236 .4589749 .3830959 .3773964 .3467226 .3302428 .1742779 .08240006 -.1540952 -.2519428 -.4753101 -.6717072 -.9932166 -1.369706 -1.877744 -2.481007 -2.96647 -3.260588 -3.250449 -3.105029 -2.887948 -2.64405 -2.506839 -2.544395 -2.596773 -2.813649 -3.028965 -3.179599 -3.41129 -3.608372 -3.638255 -3.368821 -2.853307 -2.308997 -1.789516 -1.277423 -.8127875 -.6627585 -.7150865 -.6419383 -.2972548 .376446 1.13715 1.965735 2.801608
1.507042 1.50154 1.469377 1.366509 1.32993 1.418967 1.626973 1.640481 1.534992 1.401045 1.286734 1.148107 .9664133 .7977862 .582277 .5345275 .5870278 .5486198 .4656835 .3917015 .2846015 .2129184 .05217098 -.06140852 -.1373231 -.2676287 -.3777997 -.5429027 -.8388482 -1.306352 -1.82449 -2.449427 -3.057065 -3.352189 -3.391227 -3.351867 -3.167082 -2.889243 -2.693634 -2.600831 -2.483937 -2.525633 -2.575393 -2.73124 -2.892815 -3.036817 -3.071848 -2.880485 -2.411211 -1.824154 -1.260876 -.8354235 -.5709741 -.6268719 -.9879742 -1.301437 -1.245091 -.5204686 .3328083 1.26435 2.170142
1.571535 1.556692 1.450413 1.422771 1.396524 1.425874 1.598619 1.573725 1.428594 1.394214 1.272806 1.156502 .9659861 .8193315 .6388006 .5591439 .6682781 .6183626 .5290467 .4106885 .2879399 .1418351 -.08068141 -.185505 -.2675424 -.3684454 -.3982239 -.544991 -.8133938 -1.271729 -1.797603 -2.292698 -2.90112 -3.264228 -3.37186 -3.367748 -3.281121 -3.111613 -2.931852 -2.716913 -2.535966 -2.33163 -2.212552 -2.288381 -2.403208 -2.494674 -2.612046 -2.456672 -2.162069 -1.660612 -1.145522 -.6724292 -.4064495 -.3222695 -.6615644 -1.234339 -1.615107 -1.343492 -.620981 .3351878 1.30368
1.647093 1.621066 1.518885 1.491283 1.46535 1.431364 1.561076 1.449784 1.34929 1.364834 1.264342 1.168149 1.053171 .9045182 .7035984 .6275675 .7256199 .6647391 .590538 .4598764 .3039292 .06772517 -.1655438 -.3077973 -.420696 -.4953524 -.5865819 -.6792796 -.9764729 -1.389251 -1.835685 -2.288241 -2.724213 -3.10582 -3.253334 -3.301786 -3.305006 -3.205409 -3.069299 -2.84826 -2.55089 -2.214751 -2.001844 -1.936776 -1.863215 -1.939753 -2.061403 -2.047998 -1.933972 -1.615901 -1.224742 -.8219488 -.4692365 -.2486538 -.3201194 -.7375821 -1.394527 -1.766945 -1.464121 -.6597576 .357354
1.718566 1.66724 1.612478 1.612305 1.609632 1.595446 1.504192 1.351017 1.294522 1.335277 1.290882 1.218738 1.131086 1.06142 .9695368 .8262297 .7594142 .6785904 .6110314 .5303513 .2998597 .06387431 -.2307647 -.420148 -.5498213 -.6328657 -.7538952 -.9779088 -1.261051 -1.61854 -1.994917 -2.421154 -2.732221 -2.926608 -3.12579 -3.205353 -3.227435 -3.164895 -2.993382 -2.741664 -2.402838 -2.010888 -1.728864 -1.413225 -1.32234 -1.235054 -1.451528 -1.639844 -1.832732 -1.666622 -1.328057 -.9800863 -.616778 -.2869674 -.0381216 -.2757257 -1.117108 -1.832837 -1.967344 -1.410189 -.4680285
1.787886 1.729353 1.683746 1.669152 1.735222 1.6631 1.527233 1.390054 1.350648 1.326294 1.314695 1.26025 1.191249 1.201786 1.133486 .9928378 .8204755 .6958585 .5990989 .5233178 .3366279 .09804697 -.2102605 -.4144611 -.5613583 -.672979 -.8223947 -1.128646 -1.486807 -1.891619 -2.261089 -2.570146 -2.83483 -2.968603 -3.071549 -3.137071 -3.100754 -3.004335 -2.797226 -2.4772 -2.099319 -1.674087 -1.242305 -.9342575 -.8036292 -.8661985 -1.098592 -1.475354 -1.751813 -1.720543 -1.349283 -.9054044 -.4792078 -.08340308 .1336314 -.2155568 -1.05731 -1.8121 -2.24841 -1.933655 -1.058594
1.835373 1.812527 1.771975 1.757199 1.808793 1.722466 1.58258 1.447255 1.398197 1.345253 1.323578 1.310461 1.269831 1.222229 1.148932 .9798548 .8790556 .7236215 .6402661 .5051978 .2801097 .0632361 -.1741569 -.4006914 -.5102178 -.5838839 -.7812153 -1.143815 -1.647855 -2.17838 -2.631438 -2.822318 -2.996723 -3.051717 -3.01954 -2.995667 -2.949456 -2.776071 -2.43711 -2.157953 -1.777791 -1.267166 -.9681703 -.8300511 -.8048757 -.9254237 -.999751 -1.23917 -1.550803 -1.534056 -1.204342 -.7626427 -.2605392 .04303595 .02893423 -.3312579 -.8668898 -1.533395 -1.954416 -1.948804 -1.248789
1.910973 1.912227 1.883636 1.869027 1.916626 1.835046 1.684941 1.548951 1.451809 1.366788 1.322818 1.284074 1.300379 1.252584 1.160337 1.035067 .9230385 .7949256 .6733898 .4837109 .2002195 .02940688 -.2174663 -.3440382 -.3778051 -.4942684 -.7536063 -1.245966 -1.890146 -2.561825 -2.984486 -3.136314 -3.187773 -3.09101 -2.935186 -2.841955 -2.733974 -2.457574 -2.053685 -1.778486 -1.381089 -1.030679 -.9624619 -1.028353 -1.155251 -1.202127 -1.122702 -1.052377 -1.051995 -1.049898 -.9134989 -.6265666 -.3161331 -.1061103 -.1825493 -.420015 -.739799 -1.140949 -1.368005 -1.326444 -.8083665
2.031196 2.024334 2.014327 2.030328 2.025353 1.902323 1.762664 1.590483 1.45774 1.405039 1.33376 1.310848 1.314249 1.281085 1.181644 1.070584 .9726134 .8795157 .6823163 .4254465 .2001955 -.01287527 -.1916197 -.2696347 -.3815477 -.5579062 -.9159809 -1.439914 -2.198323 -2.874371 -3.162549 -3.244869 -3.258594 -3.064834 -2.918166 -2.763326 -2.479933 -2.095437 -1.683239 -1.358364 -1.120431 -1.086744 -1.270729 -1.410308 -1.543938 -1.546809 -1.378981 -1.144535 -.8417402 -.7507437 -.7413377 -.6865408 -.5981856 -.5409313 -.5369146 -.6617666 -.805582 -.9506763 -.9412507 -.6717305 -.1091602
2.191648 2.193025 2.172753 2.155217 2.05548 1.923529 1.766914 1.667958 1.564861 1.503017 1.400511 1.330893 1.356637 1.263714 1.114399 1.043063 1.007447 .855199 .6754276 .4163431 .1552305 -.03056726 -.1784061 -.3091822 -.5020398 -.8127544 -1.251851 -1.818655 -2.485732 -2.945424 -3.168836 -3.149519 -3.119949 -2.945582 -2.813139 -2.642165 -2.306993 -1.837901 -1.423345 -1.232552 -1.198249 -1.434378 -1.784114 -1.923565 -1.893363 -1.775912 -1.602281 -1.370558 -1.011492 -.7987233 -.7892886 -.8405266 -.8849697 -.8794909 -.915286 -.8725597 -.8939493 -.7903804 -.5068775 -.09006754 .4761891
