py_wake/examples/data/AJ_ParqueFicticio/Rough survey   Sector 7   Height 30m   Weibull-k.grd
DSAA
73  159
 258469   265669
 6501692   6517492
 .5996094   2.455078
[rows 112 to 139 of 159, columns 0 to 62 of 73]
2.248047 2.251953 2.248047 2.228516 2.220703 2.224609 2.224609 2.232422 2.240234 2.248047 2.248047 2.248047 2.248047 2.255859 2.255859 2.255859 2.255859 2.251953 2.185547 1.994141 2.119141 2.244141 2.259766 2.259766 2.248047 2.236328 2.240234 2.220703 2.259766 2.251953 2.205078 2.185547 2.181641 2.224609 2.255859 2.263672 2.259766 2.244141 2.236328 2.228516 2.236328 2.251953 2.248047 2.228516 2.220703 2.205078 2.197266 2.205078 2.228516 2.185547 2.255859 2.228516 2.240234 2.259766 2.259766 2.259766 2.255859 2.251953 2.248047 2.259766 2.259766 2.224609 2.142578
2.275391 2.263672 2.255859 2.232422 2.224609 2.220703 2.228516 2.236328 2.244141 2.248047 2.248047 2.251953 2.251953 2.255859 2.251953 2.240234 2.244141 2.255859 2.240234 2.138672 2.072266 2.138672 2.220703 2.251953 2.255859 2.240234 2.224609 2.220703 2.263672 2.255859 2.224609 2.208984 2.216797 2.228516 2.244141 2.263672 2.255859 2.248047 2.251953 2.248047 2.244141 2.248047 2.255859 2.251953 2.248047 2.232422 2.208984 2.193359 2.189453 2.150391 2.232422 2.232422 2.244141 2.259766 2.259766 2.255859 2.251953 2.248047 2.248047 2.244141 2.279297 2.193359 2.185547
2.287109 2.271484 2.255859 2.244141 2.232422 2.220703 2.228516 2.240234 2.240234 2.244141 2.248047 2.248047 2.248047 2.248047 2.232422 2.228516 2.236328 2.248047 2.251953 2.240234 2.111328 2.134766 2.212891 2.189453 2.251953 2.240234 2.220703 2.236328 2.267578 2.259766 2.255859 2.255859 2.244141 2.240234 2.244141 2.255859 2.255859 2.248047 2.259766 2.259766 2.251953 2.248047 2.251953 2.255859 2.259766 2.251953 2.240234 2.224609 2.208984 2.201172 2.244141 2.244141 2.232422 2.255859 2.259766 2.251953 2.248047 2.248047 2.248047 2.244141 2.248047 2.291016 2.240234
2.287109 2.275391 2.263672 2.248047 2.236328 2.224609 2.228516 2.232422 2.236328 2.244141 2.251953 2.240234 2.236328 2.232422 2.224609 2.236328 2.248047 2.240234 2.251953 2.255859 2.240234 2.150391 2.310547 2.310547 2.185547 2.248047 2.224609 2.248047 2.267578 2.263672 2.267578 2.267578 2.263672 2.255859 2.251953 2.259766 2.255859 2.244141 2.259766 2.259766 2.255859 2.244141 2.236328 2.248047 2.255859 2.255859 2.259766 2.255859 2.251953 2.255859 2.259766 2.248047 2.236328 2.244141 2.248047 2.248047 2.248047 2.248047 2.248047 2.248047 2.251953 2.275391 2.283203
2.279297 2.271484 2.267578 2.255859 2.228516 2.220703 2.224609 2.228516 2.236328 2.240234 2.248047 2.244141 2.232422 2.228516 2.236328 2.251953 2.255859 2.248047 2.251953 2.255859 2.259766 2.259766 2.212891 2.310547 2.103516 2.255859 2.220703 2.255859 2.267578 2.267578 2.259766 2.255859 2.267578 2.263672 2.267578 2.251953 2.232422 2.244141 2.259766 2.259766 2.259766 2.244141 2.248047 2.255859 2.259766 2.263672 2.267578 2.263672 2.259766 2.259766 2.259766 2.251953 2.248047 2.248047 2.244141 2.248047 2.248047 2.251953 2.255859 2.251953 2.251953 2.267578 2.275391
2.259766 2.259766 2.255859 2.244141 2.224609 2.220703 2.220703 2.232422 2.248047 2.251953 2.251953 2.244141 2.236328 2.240234 2.244141 2.251953 2.255859 2.255859 2.255859 2.255859 2.251953 2.255859 2.255859 2.255859 2.166016 2.197266 2.240234 2.263672 2.267578 2.244141 2.255859 2.259766 2.255859 2.251953 2.251953 2.236328 2.228516 2.251953 2.259766 2.255859 2.259766 2.240234 2.244141 2.248047 2.251953 2.251953 2.259766 2.267578 2.271484 2.271484 2.267578 2.255859 2.251953 2.248047 2.248047 2.248047 2.248047 2.251953 2.259766 2.263672 2.263672 2.255859 2.267578
2.228516 2.228516 2.228516 2.228516 2.228516 2.220703 2.224609 2.236328 2.248047 2.255859 2.251953 2.251953 2.244141 2.244141 2.240234 2.240234 2.251953 2.255859 2.255859 2.251953 2.248047 2.259766 2.259766 2.251953 2.259766 2.224609 2.259766 2.251953 2.248047 2.244141 2.255859 2.271484 2.259766 2.248047 2.248047 2.228516 2.224609 2.236328 2.251953 2.240234 2.255859 2.236328 2.244141 2.248047 2.251953 2.259766 2.259766 2.251953 2.248047 2.255859 2.259766 2.251953 2.251953 2.248047 2.248047 2.248047 2.248047 2.248047 2.255859 2.267578 2.251953 2.248047 2.248047
2.228516 2.228516 2.228516 2.228516 2.224609 2.224609 2.240234 2.244141 2.248047 2.251953 2.255859 2.255859 2.248047 2.244141 2.228516 2.224609 2.224609 2.232422 2.240234 2.236328 2.240234 2.240234 2.251953 2.263672 2.244141 2.248047 2.259766 2.263672 2.255859 2.248047 2.267578 2.271484 2.248047 2.240234 2.232422 2.224609 2.224609 2.224609 2.236328 2.244141 2.244141 2.240234 2.240234 2.248047 2.251953 2.255859 2.255859 2.255859 2.255859 2.251953 2.251953 2.251953 2.251953 2.248047 2.248047 2.248047 2.248047 2.248047 2.251953 2.251953 2.248047 2.244141 2.240234
2.228516 2.228516 2.228516 2.224609 2.232422 2.244141 2.251953 2.255859 2.251953 2.244141 2.236328 2.251953 2.251953 2.251953 2.240234 2.220703 2.228516 2.228516 2.228516 2.220703 2.228516 2.248047 2.248047 2.232422 2.240234 2.248047 2.259766 2.259766 2.259766 2.251953 2.263672 2.263672 2.240234 2.228516 2.220703 2.220703 2.224609 2.228516 2.228516 2.240234 2.255859 2.255859 2.220703 2.244141 2.255859 2.255859 2.251953 2.251953 2.255859 2.259766 2.251953 2.251953 2.251953 2.248047 2.248047 2.248047 2.248047 2.251953 2.248047 2.224609 2.201172 2.224609 2.216797
2.228516 2.228516 2.236328 2.244141 2.251953 2.251953 2.244141 2.240234 2.255859 2.228516 2.228516 2.220703 2.240234 2.251953 2.255859 2.236328 2.228516 2.228516 2.228516 2.228516 2.228516 2.240234 2.255859 2.251953 2.220703 2.244141 2.244141 2.251953 2.259766 2.259766 2.263672 2.248047 2.232422 2.228516 2.224609 2.224609 2.232422 2.224609 2.224609 2.224609 2.232422 2.255859 2.240234 2.228516 2.255859 2.251953 2.248047 2.251953 2.255859 2.259766 2.248047 2.251953 2.248047 2.248047 2.248047 2.248047 2.248047 2.255859 2.185547 2.240234 2.134766 2.162109 2.232422
2.228516 2.224609 2.248047 2.251953 2.248047 2.216797 2.224609 2.208984 2.248047 2.236328 2.228516 2.228516 2.228516 2.236328 2.248047 2.240234 2.228516 2.228516 2.228516 2.228516 2.228516 2.224609 2.240234 2.248047 2.236328 2.220703 2.232422 2.236328 2.259766 2.263672 2.259766 2.248047 2.240234 2.228516 2.236328 2.248047 2.244141 2.236328 2.220703 2.224609 2.240234 2.232422 2.228516 2.224609 2.251953 2.255859 2.255859 2.251953 2.255859 2.259766 2.255859 2.248047 2.248047 2.244141 2.248047 2.259766 2.251953 2.173828 2.326172 2.212891 2.205078 2.251953 2.248047
2.228516 2.224609 2.248047 2.251953 2.228516 2.193359 2.162109 2.201172 2.244141 2.255859 2.228516 2.236328 2.244141 2.228516 2.228516 2.220703 2.228516 2.228516 2.228516 2.228516 2.228516 2.228516 2.220703 2.248047 2.240234 2.232422 2.224609 2.228516 2.248047 2.263672 2.259766 2.259766 2.244141 2.244141 2.251953 2.248047 2.236328 2.220703 2.224609 2.224609 2.255859 2.259766 2.251953 2.240234 2.240234 2.248047 2.255859 2.259766 2.259766 2.259766 2.259766 2.251953 2.248047 2.248047 2.259766 2.240234 2.181641 2.251953 2.189453 2.240234 2.255859 2.251953 2.251953
2.228516 2.224609 2.248047 2.251953 2.232422 2.197266 2.166016 2.197266 2.224609 2.251953 2.228516 2.228516 2.244141 2.248047 2.244141 2.240234 2.240234 2.228516 2.224609 2.228516 2.228516 2.228516 2.220703 2.251953 2.248047 2.220703 2.224609 2.228516 2.255859 2.244141 2.259766 2.263672 2.255859 2.255859 2.251953 2.240234 2.224609 2.224609 2.224609 2.224609 2.251953 2.259766 2.259766 2.251953 2.244141 2.248047 2.244141 2.248047 2.255859 2.259766 2.259766 2.259766 2.259766 2.255859 2.220703 2.130859 2.185547 2.201172 2.255859 2.251953 2.248047 2.248047 2.251953
2.224609 2.224609 2.240234 2.255859 2.244141 2.244141 2.248047 2.244141 2.201172 2.193359 2.255859 2.224609 2.228516 2.232422 2.244141 2.251953 2.263672 2.267578 2.267578 2.251953 2.236328 2.232422 2.232422 2.240234 2.244141 2.232422 2.228516 2.232422 2.255859 2.220703 2.236328 2.251953 2.259766 2.255859 2.244141 2.224609 2.228516 2.224609 2.224609 2.236328 2.251953 2.255859 2.259766 2.259766 2.255859 2.251953 2.248047 2.236328 2.228516 2.248047 2.259766 2.255859 2.240234 2.162109 2.224609 2.107422 2.134766 2.232422 2.248047 2.259766 2.259766 2.248047 2.248047
2.228516 2.240234 2.244141 2.251953 2.251953 2.248047 2.232422 2.248047 2.228516 2.119141 2.197266 2.251953 2.220703 2.228516 2.224609 2.228516 2.244141 2.267578 2.263672 2.255859 2.248047 2.248047 2.255859 2.271484 2.259766 2.251953 2.240234 2.236328 2.255859 2.248047 2.240234 2.236328 2.248047 2.255859 2.244141 2.220703 2.228516 2.224609 2.224609 2.248047 2.255859 2.255859 2.255859 2.251953 2.255859 2.255859 2.251953 2.248047 2.236328 2.220703 2.251953 2.228516 2.330078 2.326172 2.123047 2.056641 2.126953 2.255859 2.251953 2.259766 2.259766 2.248047 2.244141
2.240234 2.248047 2.251953 2.244141 2.244141 2.232422 2.220703 2.224609 2.251953 2.208984 2.154297 2.212891 2.244141 2.228516 2.228516 2.228516 2.220703 2.220703 2.236328 2.248047 2.259766 2.263672 2.271484 2.267578 2.271484 2.248047 2.232422 2.244141 2.244141 2.259766 2.248047 2.251953 2.244141 2.251953 2.248047 2.220703 2.228516 2.224609 2.240234 2.255859 2.255859 2.255859 2.255859 2.251953 2.248047 2.248047 2.251953 2.251953 2.255859 2.240234 2.255859 2.130859 2.330078 2.326172 2.326172 2.037109 2.251953 2.228516 2.244141 2.255859 2.259766 2.255859 2.240234
2.251953 2.251953 2.248047 2.248047 2.240234 2.224609 2.228516 2.228516 2.224609 2.248047 2.220703 2.169922 2.251953 2.224609 2.228516 2.228516 2.220703 2.244141 2.220703 2.228516 2.255859 2.267578 2.263672 2.251953 2.267578 2.248047 2.220703 2.224609 2.224609 2.244141 2.259766 2.228516 2.224609 2.248047 2.244141 2.228516 2.228516 2.232422 2.251953 2.248047 2.255859 2.248047 2.251953 2.248047 2.248047 2.244141 2.244141 2.248047 2.255859 2.255859 2.255859 2.220703 2.326172 2.326172 2.177734 2.251953 2.240234 2.220703 2.228516 2.259766 2.248047 2.255859 2.244141
2.197266 2.205078 2.244141 2.251953 2.224609 2.228516 2.228516 2.228516 2.228516 2.224609 2.248047 2.232422 2.212891 2.251953 2.228516 2.228516 2.228516 2.232422 2.232422 2.228516 2.240234 2.259766 2.259766 2.248047 2.255859 2.259766 2.228516 2.228516 2.228516 2.228516 2.244141 2.185547 2.166016 2.244141 2.232422 2.228516 2.228516 2.248047 2.240234 2.224609 2.251953 2.248047 2.240234 2.240234 2.228516 2.240234 2.236328 2.236328 2.248047 2.255859 2.232422 1.955078 1.779297 2.201172 2.248047 2.255859 2.251953 2.251953 2.240234 2.240234 2.248047 2.248047 2.259766
2.052734 2.091797 2.201172 2.251953 2.220703 2.228516 2.228516 2.228516 2.228516 2.228516 2.228516 2.248047 2.193359 2.208984 2.236328 2.228516 2.228516 2.228516 2.232422 2.220703 2.224609 2.244141 2.263672 2.263672 2.259766 2.259766 2.251953 2.228516 2.228516 2.228516 2.251953 2.119141 2.021484 2.130859 2.232422 2.228516 2.228516 2.248047 2.248047 2.244141 2.251953 2.251953 2.240234 2.224609 2.224609 2.224609 2.224609 2.228516 2.240234 2.259766 2.216797 2.017578 1.990234 2.255859 2.255859 2.255859 2.255859 2.255859 2.255859 2.244141 2.259766 2.248047 2.251953
1.982422 2.052734 2.212891 2.251953 2.224609 2.228516 2.228516 2.228516 2.228516 2.228516 2.224609 2.251953 2.224609 2.177734 2.251953 2.228516 2.228516 2.228516 2.228516 2.220703 2.220703 2.228516 2.263672 2.267578 2.263672 2.259766 2.255859 2.244141 2.224609 2.220703 2.236328 2.251953 2.169922 2.095703 2.248047 2.228516 2.228516 2.244141 2.255859 2.251953 2.248047 2.255859 2.255859 2.248047 2.224609 2.224609 2.220703 2.220703 2.232422 2.255859 2.205078 2.099609 2.244141 2.248047 2.255859 2.255859 2.255859 2.255859 2.255859 2.255859 2.240234 2.259766 2.251953
1.978516 2.052734 2.224609 2.251953 2.228516 2.224609 2.228516 2.224609 2.228516 2.228516 2.224609 2.236328 2.255859 2.232422 2.236328 2.236328 2.228516 2.224609 2.232422 2.224609 2.220703 2.224609 2.251953 2.259766 2.255859 2.248047 2.236328 2.232422 2.228516 2.236328 2.244141 2.232422 2.244141 2.251953 2.220703 2.251953 2.220703 2.224609 2.244141 2.255859 2.251953 2.255859 2.255859 2.255859 2.244141 2.236328 2.228516 2.216797 2.236328 2.240234 2.240234 2.267578 2.271484 2.251953 2.248047 2.259766 2.259766 2.255859 2.255859 2.255859 2.251953 2.244141 2.248047
2.005859 2.044922 2.197266 2.251953 2.224609 2.228516 2.228516 2.228516 2.228516 2.228516 2.228516 2.220703 2.236328 2.255859 2.248047 2.255859 2.228516 2.224609 2.244141 2.244141 2.232422 2.236328 2.251953 2.251953 2.236328 2.228516 2.228516 2.228516 2.224609 2.240234 2.248047 2.240234 2.228516 2.220703 2.240234 2.259766 2.248047 2.220703 2.224609 2.251953 2.255859 2.255859 2.255859 2.248047 2.248047 2.248047 2.251953 2.251953 2.259766 2.240234 2.255859 2.279297 2.271484 2.255859 2.248047 2.251953 2.259766 2.255859 2.251953 2.255859 2.255859 2.251953 2.232422
2.177734 2.111328 2.177734 2.251953 2.232422 2.224609 2.228516 2.228516 2.228516 2.228516 2.228516 2.228516 2.220703 2.244141 2.255859 2.251953 2.220703 2.228516 2.240234 2.248047 2.248047 2.244141 2.251953 2.244141 2.224609 2.228516 2.228516 2.228516 2.228516 2.228516 2.228516 2.224609 2.240234 2.240234 2.236328 2.224609 2.228516 2.220703 2.224609 2.232422 2.248047 2.248047 2.232422 2.232422 2.240234 2.248047 2.255859 2.255859 2.232422 2.248047 2.255859 2.263672 2.255859 2.255859 2.240234 2.244141 2.248047 2.255859 2.255859 2.251953 2.251953 2.255859 2.244141
2.251953 2.224609 2.205078 2.255859 2.244141 2.240234 2.236328 2.224609 2.228516 2.228516 2.244141 2.251953 2.232422 2.228516 2.248047 2.255859 2.236328 2.228516 2.228516 2.236328 2.255859 2.251953 2.255859 2.248047 2.224609 2.228516 2.228516 2.228516 2.228516 2.224609 2.228516 2.224609 2.228516 2.232422 2.248047 2.248047 2.228516 2.224609 2.224609 2.224609 2.228516 2.228516 2.224609 2.224609 2.232422 2.248047 2.244141 2.208984 2.205078 2.259766 2.248047 2.251953 2.255859 2.248047 2.255859 2.240234 2.244141 2.244141 2.255859 2.255859 2.251953 2.255859 2.251953
2.244141 2.255859 2.251953 2.255859 2.251953 2.236328 2.228516 2.228516 2.228516 2.228516 2.228516 2.263672 2.263672 2.255859 2.236328 2.228516 2.240234 2.228516 2.228516 2.224609 2.244141 2.251953 2.255859 2.251953 2.228516 2.228516 2.228516 2.228516 2.228516 2.224609 2.232422 2.228516 2.228516 2.228516 2.244141 2.248047 2.240234 2.244141 2.228516 2.224609 2.224609 2.224609 2.224609 2.228516 2.240234 2.251953 2.201172 2.197266 2.240234 2.251953 2.244141 2.255859 2.259766 2.255859 2.248047 2.255859 2.244141 2.244141 2.244141 2.255859 2.255859 2.255859 2.255859
2.232422 2.232422 2.259766 2.259766 2.251953 2.220703 2.228516 2.228516 2.228516 2.228516 2.228516 2.232422 2.255859 2.263672 2.267578 2.251953 2.224609 2.228516 2.228516 2.228516 2.228516 2.228516 2.248047 2.251953 2.228516 2.228516 2.228516 2.228516 2.228516 2.228516 2.224609 2.236328 2.232422 2.232422 2.232422 2.244141 2.240234 2.240234 2.224609 2.224609 2.228516 2.224609 2.224609 2.251953 2.255859 2.251953 2.251953 2.248047 2.255859 2.255859 2.244141 2.240234 2.255859 2.255859 2.240234 2.232422 2.255859 2.251953 2.240234 2.248047 2.255859 2.255859 2.255859
2.224609 2.224609 2.236328 2.255859 2.236328 2.228516 2.228516 2.228516 2.228516 2.228516 2.228516 2.228516 2.224609 2.251953 2.267578 2.267578 2.259766 2.236328 2.228516 2.228516 2.228516 2.228516 2.224609 2.220703 2.228516 2.228516 2.228516 2.228516 2.228516 2.228516 2.228516 2.228516 2.240234 2.240234 2.244141 2.240234 2.240234 2.224609 2.224609 2.220703 2.224609 2.224609 2.240234 2.255859 2.255859 2.251953 2.255859 2.255859 2.251953 2.255859 2.259766 2.248047 2.244141 2.255859 2.251953 2.248047 2.224609 2.244141 2.255859 2.232422 2.244141 2.251953 2.251953
2.228516 2.224609 2.224609 2.240234 2.220703 2.228516 2.228516 2.228516 2.228516 2.228516 2.228516 2.228516 2.228516 2.224609 2.244141 2.259766 2.267578 2.267578 2.255859 2.228516 2.224609 2.224609 2.232422 2.244141 2.228516 2.228516 2.228516 2.228516 2.228516 2.228516 2.228516 2.228516 2.228516 2.244141 2.248047 2.248047 2.240234 2.224609 2.224609 2.224609 2.224609 2.224609 2.228516 2.255859 2.251953 2.251953 2.251953 2.248047 2.251953 2.259766 2.255859 2.255859 2.240234 2.251953 2.255859 2.255859 2.255859 2.244141 2.185547 2.251953 2.228516 2.236328 2.244141
