py_wake/examples/data/AJ_ParqueFicticio/Rough survey   Sector 10   Height 200m   Orographic turn.grd
DSAA
73  159
 258469   265669
 6501692   6517492
-10.04178   11.79341
[rows 0 to 26 of 159, columns 0 to 60 of 73]
-.3749022 -.4702288 -.5162902 -.5107991 -.5206136 -.5237054 -.5132748 -.506102 -.4958926 -.5017152 -.5106614 -.5462865 -.5698103 -.5846601 -.6125903 -.5720145 -.5042 -.37614 -.1881854 .07931682 .3324757 .4335104 .06665462 -.5466164 -1.182912 -1.882554 -2.317254 -2.53392 -2.663025 -2.750481 -2.871868 -2.964267 -2.964691 -2.76534 -2.500927 -2.290335 -2.036826 -1.812075 -1.644246 -1.474616 -1.333887 -1.179078 -1.054334 -.9742327 -.9287966 -.8522909 -.8096813 -.723155 -.6723396 -.6305964 -.6125731 -.66149 -.7254256 -.8088879 -.9673186 -1.131392 -1.289628 -1.46577 -1.588022 -1.699413 -1.83076
-.1612841 -.3640111 -.426795 -.4273327 -.4206155 -.4283342 -.4350096 -.4568219 -.454429 -.4404336 -.4267938 -.4538486 -.484091 -.533021 -.5758178 -.557479 -.5081715 -.3835057 -.2446379 .01289347 .1952629 .2061394 -.05566672 -.4588017 -1.008139 -1.777272 -2.525285 -2.867731 -2.9631 -3.04688 -3.126949 -3.254301 -3.356081 -3.228505 -3.014914 -2.676324 -2.229037 -1.744734 -1.412764 -1.186928 -.9659016 -.8130989 -.6901143 -.6573139 -.8070319 -.7518336 -.6809555 -.5793267 -.5105827 -.4700806 -.4348435 -.498577 -.5712209 -.7137358 -.8820996 -1.044357 -1.273558 -1.469898 -1.691466 -1.877202 -2.052726
.1466059 -.2064365 -.3226162 -.3456689 -.3445854 -.3496344 -.3599406 -.3794315 -.4080123 -.4214517 -.3763783 -.3625906 -.4240316 -.4769477 -.5477285 -.5723632 -.531188 -.4529656 -.3643606 -.1972729 -.08223004 -.1343672 -.2042606 -.3812253 -.8697645 -1.728867 -2.493824 -2.964498 -3.155737 -3.265641 -3.370573 -3.541861 -3.659233 -3.630515 -3.483028 -3.052899 -2.43481 -1.732033 -1.215677 -.8612174 -.6119192 -.5069039 -.4253608 -.3765684 -.4896078 -.596608 -.5735579 -.4758148 -.3664964 -.2650898 -.1988315 -.24286 -.3916705 -.5929273 -.7873009 -.9869974 -1.242856 -1.514348 -1.799121 -2.052821 -2.314231
.6148307 .186627 -.1083587 -.2140378 -.2347609 -.2566508 -.2864206 -.3227499 -.360747 -.3996792 -.3958327 -.3093615 -.3306296 -.3998573 -.5291858 -.6141104 -.6249698 -.5638606 -.5055253 -.4168531 -.4002003 -.4867413 -.5526069 -.6032704 -.8677121 -1.528499 -2.354759 -2.91288 -3.182935 -3.357127 -3.517321 -3.767153 -3.881486 -3.889161 -3.816995 -3.472847 -2.812065 -1.932851 -1.126185 -.582148 -.2583414 -.1756469 -.2201398 -.1958961 -.2075619 -.3649508 -.3742508 -.3168704 -.2273473 -.1342032 -.04133725 -.1214384 -.2525693 -.4361862 -.6308231 -.8978248 -1.219708 -1.581539 -1.941217 -2.299075 -2.639883
1.075012 .6635281 .2512447 -.01003734 -.130619 -.1574603 -.1759658 -.2518154 -.3121084 -.3595794 -.3998782 -.3812087 -.3062803 -.3465419 -.524919 -.6469128 -.7167323 -.7276323 -.6853824 -.6837233 -.719922 -.8124825 -.9448192 -.9899611 -1.125876 -1.558496 -2.18748 -2.706101 -3.06833 -3.304742 -3.578587 -3.784359 -3.847474 -3.827765 -3.844974 -3.723234 -3.263957 -2.372457 -1.418341 -.549601 -.01983613 .0006155899 -.1872222 -.2530113 -.1601455 -.1367394 -.0935955 -.1233509 -.08793864 -.04114912 .08029763 .06070868 -.0154216 -.1608026 -.4022061 -.7416899 -1.17192 -1.619262 -2.10288 -2.580058 -3.000837
1.327295 1.157111 .8125312 .3705115 .03367668 -.03473095 -.06831159 -.1836093 -.2686612 -.3238692 -.3364906 -.398336 -.3150706 -.3882421 -.5078034 -.664712 -.8225419 -.9362307 -.9938045 -1.029623 -1.069368 -1.170928 -1.240559 -1.295793 -1.361747 -1.622052 -2.052524 -2.471624 -2.820766 -3.15373 -3.420221 -3.501009 -3.374106 -3.341972 -3.37312 -3.468278 -3.35608 -2.809684 -1.915356 -.9082025 -.3149385 -.1785144 -.3172937 -.3525643 -.2551586 -.008848626 .04390074 -.03351503 -.0469822 .04333815 .1667414 .3334142 .3246736 .1975497 -.09250206 -.5327206 -1.077816 -1.654505 -2.27444 -2.863814 -3.400977
1.492685 1.464855 1.365495 1.023847 .4872429 .137289 .027672 -.0700539 -.1650465 -.2268252 -.2297107 -.2996161 -.313891 -.3571779 -.4499459 -.6091467 -.8752238 -1.146733 -1.342241 -1.443674 -1.491371 -1.502776 -1.555241 -1.517159 -1.453746 -1.564451 -1.888133 -2.211229 -2.544603 -2.815486 -3.031253 -3.134749 -2.982039 -2.888279 -3.017084 -3.085012 -3.139571 -2.898326 -2.295491 -1.6177 -1.095025 -.7868603 -.620384 -.4194086 -.1819444 .003995041 .01686484 -.07089017 -.1361121 -.002574627 .2547342 .5053448 .6563572 .6104968 .2848314 -.2518353 -.9399105 -1.650937 -2.401102 -3.130795 -3.683497
1.543697 1.567902 1.512642 1.373834 .9644486 .5320635 .2396054 .07242434 -.02961376 -.08070917 -.1032996 -.1258696 -.1922569 -.2183183 -.3084629 -.4935873 -.8455735 -1.236812 -1.605644 -1.936189 -2.030818 -1.958111 -1.836476 -1.670794 -1.457264 -1.392109 -1.641948 -1.933341 -2.181869 -2.416726 -2.548957 -2.551753 -2.54263 -2.542983 -2.639702 -2.751996 -2.838397 -2.752033 -2.514862 -2.231044 -1.922279 -1.478016 -.9579388 -.4552515 -.04354381 .003788488 -.1193223 -.2037149 -.1643245 .02105284 .2775265 .5504318 .787441 .8895553 .6119268 -.04782441 -.8035364 -1.577467 -2.421472 -3.100244 -3.519439
1.594628 1.643429 1.617382 1.518209 1.234872 .8533375 .4808915 .2815394 .11841 .09302367 .08074532 .03239594 -.01023622 -.02497799 -.05726543 -.2500361 -.6532071 -1.222846 -1.793991 -2.326185 -2.601146 -2.444075 -2.232444 -1.925756 -1.538833 -1.259965 -1.330098 -1.573582 -1.747941 -1.895854 -1.981445 -2.013488 -2.03267 -2.083946 -2.208028 -2.297793 -2.47374 -2.555434 -2.593287 -2.591192 -2.398158 -1.938452 -1.251316 -.5950279 -.2175874 -.2062133 -.2445776 -.1032135 -.02966182 .1348571 .4412198 .7069653 .9162608 .8755972 .6137238 .04049671 -.6801847 -1.414812 -2.109475 -2.639932 -2.881332
1.624695 1.68862 1.707135 1.590286 1.364141 .9633151 .5332534 .3115466 .2789241 .3002116 .3653587 .2846408 .1726861 .1603354 .2436606 .1142032 -.2987959 -.9409181 -1.689713 -2.383518 -2.918441 -3.044143 -2.712765 -2.416369 -2.033437 -1.468221 -1.189997 -1.247451 -1.300669 -1.381221 -1.458897 -1.504741 -1.510786 -1.57432 -1.664578 -1.782784 -2.073564 -2.368842 -2.48422 -2.532409 -2.413927 -2.024284 -1.456488 -.9587495 -.7076898 -.5187888 -.3244471 -.00308709 .1928578 .2710344 .5159392 .7712942 .841029 .5855706 .2047523 -.09445223 -.6247419 -1.102932 -1.545981 -1.757579 -1.870502
1.669339 1.714089 1.728476 1.641312 1.521846 1.190299 .9117846 .6028728 .5231493 .6508436 .6929218 .5750598 .3744682 .311067 .3930272 .4459732 .2026196 -.4202613 -1.179878 -1.966122 -2.688709 -3.1235 -3.091755 -2.892402 -2.589614 -2.045659 -1.413191 -1.069785 -.9720641 -1.002314 -.9553905 -.9501873 -1.00809 -1.043096 -1.136142 -1.335924 -1.632408 -1.95324 -2.1492 -2.161521 -2.015418 -1.72208 -1.413149 -1.247146 -1.131936 -.7712889 -.3367603 .07953891 .2934006 .3826385 .4778486 .5018129 .3488295 .01313613 -.292881 -.4736384 -.5901489 -.712766 -.7946385 -.7382272 -.7168843
1.636958 1.696008 1.664377 1.559672 1.560396 1.460847 1.31355 1.176768 .9984314 1.112747 1.030276 .8220285 .576962 .3627141 .3917799 .5427989 .4859799 .1188579 -.4807398 -1.206174 -2.050976 -2.736396 -3.101119 -3.067875 -2.836347 -2.387341 -1.591485 -1.121886 -.9100584 -.6808797 -.5441749 -.5141237 -.5027957 -.5639246 -.6341324 -.8662546 -1.171248 -1.438711 -1.671296 -1.633795 -1.516873 -1.262824 -1.144915 -1.075028 -1.027544 -.7432906 -.2793537 .07918318 .3563693 .3539936 .1599272 -.08492067 -.3386649 -.5791322 -.7534976 -.7005718 -.5728749 -.3184331 -.1133371 .1178415 .1952514
1.574136 1.624239 1.609925 1.55448 1.577352 1.584127 1.610668 1.641642 1.567485 1.496766 1.216154 1.056848 .9311677 .6398587 .4388259 .4158559 .4685784 .4730783 .1045925 -.4636451 -1.188141 -1.94026 -2.561419 -2.819972 -2.763706 -2.431455 -1.893712 -1.293966 -.8339825 -.4396423 -.2204067 -.09820273 -.06811705 -.1102232 -.1841141 -.4178855 -.7128355 -.9119516 -1.042234 -1.072371 -.9540804 -.7786065 -.6727732 -.6465891 -.6816293 -.4989424 -.1519015 .1535192 .320361 .2137653 -.1729721 -.6425679 -.8968096 -.9335805 -.8262147 -.6146724 -.2149952 .1029041 .380888 .5332072 .4639103
1.505926 1.528639 1.564963 1.587978 1.620077 1.700622 1.806836 1.891637 1.801806 1.603367 1.406335 1.311264 1.287532 1.11386 .7947437 .4825367 .5100581 .5031035 .4163389 .08548976 -.4108891 -1.060249 -1.723114 -2.189049 -2.338863 -2.201447 -1.781997 -1.222726 -.6386853 -.2586487 -.001147815 .1554215 .2777185 .317327 .1503531 -.05256229 -.308336 -.4112805 -.4362585 -.3702962 -.286806 -.2135763 -.1353786 -.1203702 -.1845602 -.1050073 .1045057 .2596398 .2983896 .130737 -.3041868 -.7167301 -.925017 -.7865775 -.4162779 .03697539 .3185844 .4687887 .4407254 .2702258 -.1291934
1.400879 1.45862 1.524097 1.577221 1.669043 1.751746 1.869895 1.939426 1.887008 1.737952 1.566047 1.44304 1.42465 1.29015 .9997293 .69292 .5875758 .5302698 .507714 .4104075 .1762456 -.2238676 -.7172796 -1.293151 -1.706267 -1.753391 -1.526291 -1.089561 -.6371272 -.2270403 .05297064 .3354113 .5561215 .6763496 .5306215 .2086807 -.01867191 -.05315846 .1150718 .3471278 .490381 .5329933 .5219558 .4922175 .5254631 .5104065 .5924055 .5478749 .4299489 .2368789 -.09247139 -.3021253 -.3455935 -.1072606 .2651429 .650162 .7732303 .5512765 .1388609 -.4468752 -1.085487
1.334515 1.422667 1.51133 1.589057 1.670965 1.77624 1.871424 1.969415 1.969441 1.850653 1.632283 1.505907 1.449607 1.323851 1.068011 .7920676 .6737179 .6560241 .6951079 .7069242 .5843749 .4542987 .3241268 -.1293565 -.6740968 -1.094649 -1.133763 -.8718567 -.5296695 -.1453506 .1754678 .4891574 .857164 1.050193 .8727326 .4927466 .1714627 .2155299 .556793 1.045263 1.290324 1.25563 1.108403 1.130219 1.162206 1.168271 1.057707 .9197468 .6698641 .4062055 .2774572 .2653689 .4030597 .6690863 .8936484 .9637579 .7243603 .2414701 -.3591504 -1.081763 -1.902916
1.306804 1.380277 1.477575 1.571225 1.655543 1.752443 1.866745 1.935745 1.933607 1.826595 1.685081 1.54091 1.422864 1.275604 1.135247 1.027539 .9241145 .8044615 .829029 .862396 .8571197 .8550482 .8917159 .829434 .505275 -.07279662 -.4599852 -.5180573 -.3008305 -.02213996 .296019 .6889281 1.172772 1.370154 1.068867 .7969129 .4892735 .5381931 1.080702 1.771211 2.048478 1.964455 1.809376 1.695738 1.692889 1.658448 1.520642 1.240994 .9332427 .6254018 .4904777 .6111001 .8202801 .9775754 .9569421 .7155463 .2419225 -.2256584 -.8127401 -1.34587 -2.02867
1.280836 1.371931 1.457535 1.559178 1.631164 1.717938 1.817879 1.875346 1.869868 1.811773 1.679512 1.524227 1.36895 1.266603 1.213804 1.153161 1.107973 1.025381 1.037742 1.054568 1.086282 1.11853 1.182178 1.254574 1.169039 .8984696 .4788981 .1475085 .03588223 .1497335 .4140233 .9108817 1.35279 1.343317 1.130904 1.024488 .9098379 .9946297 1.592314 2.358548 2.743346 2.810839 2.610365 2.336867 2.164593 1.987113 1.758291 1.502724 1.118485 .8009461 .6450555 .7170182 .8268113 .8450317 .6191893 .2026549 -.2608283 -.6551903 -.971287 -1.343054 -1.800395
1.256767 1.350596 1.44203 1.543357 1.615135 1.68749 1.762237 1.806245 1.804655 1.767602 1.639544 1.469752 1.35751 1.322592 1.277706 1.241755 1.211244 1.181219 1.167841 1.169497 1.195514 1.269246 1.392001 1.512903 1.565211 1.462009 1.206398 .8705103 .5828417 .4753385 .6140128 1.017345 1.324027 1.265002 1.205291 1.301116 1.320577 1.463566 2.045812 2.878395 3.277023 3.399014 3.258649 2.985608 2.606434 2.261394 2.0093 1.660375 1.320405 1.051739 .9198406 .8525518 .8073604 .6207808 .3532759 -.03052855 -.3821719 -.7003359 -.9793266 -1.228727 -1.559138
1.232836 1.330178 1.444942 1.548691 1.598817 1.655497 1.69373 1.710725 1.733259 1.716005 1.618276 1.536593 1.438665 1.361026 1.359474 1.32875 1.320769 1.311828 1.269116 1.250461 1.286896 1.358582 1.425371 1.553166 1.693547 1.805294 1.761493 1.521207 1.163537 1.022342 1.100651 1.092885 1.115589 1.188356 1.391 1.61192 1.799447 2.027502 2.556091 3.119735 3.33966 3.464647 3.434731 3.270133 2.988352 2.705545 2.319681 1.927362 1.623299 1.486752 1.401262 1.230894 .9607342 .6616312 .3769848 .05356575 -.2944201 -.5918946 -.8686569 -1.161671 -1.466333
1.195099 1.313348 1.442385 1.535114 1.583581 1.602419 1.638711 1.647155 1.65785 1.649439 1.593874 1.556862 1.496195 1.459256 1.412717 1.401095 1.402652 1.386379 1.327526 1.321968 1.357585 1.402324 1.47276 1.570656 1.699249 1.846974 1.880803 1.861202 1.727764 1.640465 1.506976 1.134551 .9001991 1.20748 1.595166 1.930197 2.202799 2.436799 2.801445 2.935299 3.025093 3.10753 3.275786 3.302443 3.276687 3.224975 2.898649 2.42518 2.126665 2.142095 2.026989 1.789424 1.367545 1.031829 .632896 .2885619 -.06749484 -.4227575 -.7973036 -1.250595 -1.592476
1.191749 1.257593 1.419641 1.522502 1.551218 1.558596 1.559292 1.573304 1.577459 1.58122 1.583124 1.563795 1.515817 1.488133 1.482882 1.442513 1.429885 1.427466 1.39745 1.435508 1.487427 1.510456 1.51076 1.576901 1.709688 1.839889 1.925581 2.001261 2.124007 2.212291 1.831347 1.282944 .7728251 .9989343 1.637407 2.276141 2.640223 2.680637 2.665735 2.572764 2.593882 2.864656 3.168731 3.377784 3.599788 3.647753 3.396174 3.053671 2.885498 2.875489 2.745932 2.394444 1.927832 1.466635 1.071617 .6058123 .1768662 -.3290085 -.8785881 -1.459947 -1.942921
1.216625 1.28466 1.385891 1.450179 1.489572 1.504081 1.492338 1.50296 1.517228 1.531208 1.592794 1.572689 1.546406 1.508965 1.492318 1.496588 1.435202 1.441139 1.46522 1.508035 1.549395 1.587524 1.605361 1.671428 1.751669 1.885269 1.997337 2.119126 2.346247 2.43623 2.079812 1.49538 .9680648 .940119 1.55546 2.447517 2.978283 2.922253 2.502549 2.197465 2.322741 2.760103 3.191756 3.563507 3.802918 3.913127 3.885467 3.795295 3.779093 3.690225 3.470694 3.065352 2.511907 1.971016 1.399133 .8389687 .2068456 -.4968199 -1.20343 -1.832817 -2.360465
1.248244 1.325072 1.352075 1.364462 1.38178 1.412213 1.426065 1.452258 1.470994 1.517136 1.567496 1.581142 1.54397 1.541149 1.491275 1.473109 1.41685 1.436061 1.500934 1.563364 1.611109 1.663191 1.694748 1.743719 1.835295 1.938711 2.070099 2.205365 2.332365 2.268258 1.947484 1.667921 1.353633 1.209707 1.637357 2.41098 3.028596 3.107674 2.638185 2.161235 2.255326 2.682004 3.192778 3.659996 3.970799 4.182132 4.347701 4.44918 4.482317 4.417339 4.163857 3.664783 2.962283 2.263348 1.580373 .8277168 -.01767503 -.8846318 -1.726889 -2.351177 -2.755659
1.229569 1.320521 1.318436 1.296389 1.32747 1.351561 1.361972 1.404321 1.416078 1.520406 1.526225 1.553221 1.535154 1.513102 1.479917 1.484264 1.458933 1.477106 1.541519 1.617572 1.677658 1.717597 1.766903 1.825307 1.885126 1.981885 2.10773 2.214098 2.18913 2.019828 1.861372 1.868261 1.892825 1.81942 1.903107 2.433018 2.836663 3.006108 2.816564 2.443566 2.497167 2.769632 3.240253 3.745888 4.117626 4.464258 4.751934 4.96382 5.080295 5.039644 4.758822 4.12281 3.248887 2.346206 1.417066 .5545799 -.4535665 -1.481087 -2.356906 -2.812891 -2.95118
1.229676 1.262842 1.268757 1.244397 1.249699 1.281809 1.340973 1.349887 1.389332 1.487625 1.497148 1.497685 1.49274 1.473418 1.465705 1.458217 1.485493 1.532732 1.587752 1.658897 1.689995 1.738798 1.820409 1.898675 1.939618 2.008074 2.104415 2.238781 2.215204 2.016595 1.996456 2.087402 2.220296 2.332002 2.327775 2.53792 2.772623 2.949182 2.893818 2.7204 2.683749 2.897087 3.362556 3.865739 4.288295 4.72466 5.060864 5.375441 5.540261 5.473667 5.112782 4.395697 3.354536 2.198101 1.088593 .03988521 -1.018379 -2.118593 -2.877069 -3.1179 -2.869414
1.233089 1.225542 1.218754 1.204087 1.222679 1.238554 1.282177 1.327418 1.370576 1.387456 1.399081 1.434297 1.436957 1.426808 1.459906 1.464088 1.507518 1.562804 1.613036 1.673208 1.704661 1.758219 1.817932 1.902878 2.038199 2.167752 2.201013 2.323095 2.329852 2.281633 2.21457 2.232767 2.379383 2.550814 2.684584 2.834927 2.841614 2.919707 2.928945 2.837465 2.93944 3.179804 3.596714 3.985469 4.501956 4.965361 5.401873 5.725601 5.872934 5.656588 5.241048 4.438036 3.294677 1.964156 .6174403 -.6044476 -1.677518 -2.595979 -3.126254 -3.116233 -2.555788
