py_wake/examples/data/AJ_ParqueFicticio/Rough survey   Sector 9   Height 30m   Mean speed.grd
DSAA
73  159
 258469   265669
 6501692   6517492
 .05389789   12.72243
[rows 28 to 55 of 159, columns 0 to 62 of 73]
5.182537 5.170032 5.162036 5.152765 5.143348 5.13871 5.122372 5.113276 5.126446 5.143532 5.155809 5.155807 5.140796 5.14585 5.115817 5.090823 5.071592 5.057318 5.040967 5.037339 5.040878 5.012732 4.976045 4.920821 4.828494 4.690832 4.564094 4.551226 4.595535 4.609574 4.673916 4.662821 4.506141 4.221923 3.835794 4.377126 4.606574 4.444734 4.346874 3.976378 3.770627 3.914327 3.921679 4.165027 4.129281 4.060954 3.857621 3.736328 3.999952 4.344743 4.643902 5.125339 6.126317 6.754725 6.713161 7.613553 9.144408 9.463195 8.435244 6.801897 5.567107 4.421022 3.390826
5.172883 5.176918 5.188156 5.181537 5.163564 5.15824 5.144307 5.129026 5.146773 5.16265 5.176305 5.180262 5.183729 5.114255 5.088687 5.066924 5.056712 5.056019 5.058182 5.0709 5.025102 4.957659 4.92049 4.876164 4.80515 4.700482 4.598865 4.561042 4.564276 4.583227 4.589111 4.580807 4.462019 4.148141 4.084879 4.48295 4.42887 4.304145 4.235019 4.058063 3.931921 3.8566 3.880462 4.003971 4.053796 3.966631 3.850237 3.891551 4.33087 4.842045 5.166726 5.664409 6.424948 7.080529 7.440069 8.511567 9.71097 9.532073 8.115314 6.456272 5.161218 3.78633 3.134585
5.169691 5.172393 5.180615 5.181173 5.165211 5.186338 5.156319 5.13617 5.148467 5.161673 5.170157 5.174174 5.170918 5.081204 5.050818 5.041217 5.045751 5.055273 5.081558 5.080951 5.013621 4.945748 4.882234 4.832021 4.77024 4.697437 4.630819 4.590408 4.550913 4.555309 4.568529 4.563775 4.401306 4.148503 4.14047 4.300558 4.328513 4.264718 4.152051 4.093787 3.95758 3.737201 3.927033 3.999283 3.95258 3.96227 4.018664 4.322548 4.775586 5.299397 5.580443 6.207161 6.832972 7.511217 8.296803 9.108108 9.665424 9.035745 7.262984 5.701586 4.231598 3.218181 3.267954
5.166156 5.161483 5.169779 5.169582 5.178568 5.160924 5.153454 5.13333 5.144763 5.154557 5.163277 5.159122 5.151323 5.055177 5.028481 5.034477 5.049816 5.074217 5.124617 5.058891 4.994173 4.933569 4.865417 4.804482 4.751907 4.690134 4.635717 4.622293 4.590355 4.559145 4.556991 4.48781 4.259908 4.125515 4.141915 4.239232 4.198491 4.169564 4.061421 4.074352 3.951521 3.860554 3.862943 4.003828 4.026432 3.995691 4.161428 4.66709 5.172091 5.485628 5.879265 6.501849 7.132621 7.777297 8.533881 9.157658 9.276727 8.138934 6.364153 4.941137 3.645643 2.974001 4.293853
5.18396 5.167435 5.163086 5.171474 5.176133 5.172443 5.151117 5.144545 5.165027 5.144337 5.146325 5.145957 5.138419 5.038787 5.023289 5.034092 5.06053 5.125055 5.120731 5.033378 4.96832 4.911395 4.846789 4.788495 4.735284 4.678659 4.63443 4.620407 4.567169 4.550514 4.52431 4.430673 4.234871 4.136383 4.179653 4.251001 4.216215 4.048546 3.915826 4.037333 4.060755 3.927928 3.93632 3.974261 4.03988 4.210547 4.578438 4.889521 5.114052 5.430948 5.847502 6.349093 6.960356 7.621156 8.480513 8.913507 8.72681 7.303514 5.6995 4.495947 3.504672 3.493855 5.561005
5.212174 5.186244 5.171255 5.172202 5.168 5.190436 5.156718 5.163162 5.159439 5.153722 5.148738 5.140562 5.106834 5.041471 5.048481 5.060144 5.086531 5.159007 5.100808 5.017642 4.945479 4.880833 4.826658 4.770749 4.725152 4.681073 4.64638 4.657503 4.606605 4.532764 4.48887 4.415737 4.291996 4.198574 4.154904 4.155225 4.127172 3.918016 3.899508 3.934531 3.926455 3.95543 4.012384 3.992316 4.100617 4.288869 4.700768 4.910221 5.022219 5.235677 5.547117 6.154447 6.745851 7.397427 8.087684 8.778625 8.222449 6.714913 5.445373 4.558109 3.750043 4.324098 6.68955
5.226604 5.20722 5.189708 5.187994 5.181391 5.186167 5.178963 5.159504 5.168467 5.168557 5.1702 5.153749 5.12184 5.093374 5.116865 5.127386 5.140437 5.187063 5.078361 4.978884 4.895316 4.83155 4.780894 4.734669 4.701005 4.675953 4.677562 4.647671 4.603875 4.54282 4.470951 4.411292 4.330827 4.264942 4.164299 4.069147 4.071135 3.911226 3.806682 3.731575 3.752295 3.926824 4.051738 4.279526 4.128158 4.323959 4.603502 4.807936 4.969541 5.420386 5.84652 6.508267 7.114241 7.593616 8.271989 8.629606 7.994366 6.966521 5.849271 4.713219 4.176395 5.162833 7.352223
5.189625 5.197223 5.195557 5.18961 5.182239 5.176696 5.177626 5.168686 5.163665 5.168274 5.174502 5.168167 5.139426 5.108408 5.151401 5.183687 5.212059 5.185402 5.032036 4.897799 4.807001 4.755491 4.729118 4.704583 4.690239 4.701618 4.683959 4.643782 4.592091 4.534771 4.464638 4.391566 4.316071 4.245725 4.105677 4.011861 4.03933 3.996695 3.720506 3.329997 3.558495 3.792332 4.187206 4.491985 4.604085 4.564567 4.806194 5.097433 5.385944 5.859375 6.352819 7.148641 7.746609 8.146862 8.535332 8.874682 8.41875 7.56174 6.004163 4.607187 4.471543 6.129401 7.887478
5.15889 5.156594 5.172846 5.190927 5.20015 5.199508 5.201327 5.184504 5.175367 5.169847 5.176614 5.174111 5.157059 5.107434 5.151449 5.198624 5.230119 5.213434 4.991331 4.825691 4.712273 4.690985 4.687633 4.695356 4.716288 4.719011 4.678383 4.631359 4.579589 4.522884 4.450202 4.361537 4.293651 4.285533 4.214253 4.110424 3.990016 3.861084 3.500291 3.369635 3.429533 3.814703 4.430568 4.88775 5.195331 4.805214 4.95156 5.512487 6.043652 6.577585 6.903342 7.394619 7.94656 8.232133 8.636538 8.964437 8.682878 7.639141 5.753359 4.604621 5.40052 7.298516 8.666383
5.118328 5.14516 5.160395 5.186254 5.22015 5.233124 5.16142 5.17759 5.181911 5.181667 5.161778 5.158165 5.158732 5.108991 5.150732 5.160131 5.157865 5.125827 5.024262 4.873382 4.678525 4.666473 4.684354 4.707409 4.740821 4.715623 4.668658 4.616527 4.563263 4.501482 4.412177 4.358051 4.349265 4.343647 4.33916 4.278026 3.985536 3.757631 3.620485 3.314753 3.512884 4.109592 4.754797 5.299104 5.588818 5.42534 5.03541 5.706379 6.229455 6.532655 6.705482 7.058987 7.451388 7.727802 8.277862 8.871736 8.618097 7.538451 5.759515 5.325028 6.779239 8.395638 9.222247
5.170845 5.173783 5.185035 5.182382 5.193921 5.210873 5.145774 5.162718 5.176569 5.182589 5.170352 5.157686 5.147896 5.145778 5.137862 5.12071 5.087304 5.029424 4.950473 4.86222 4.708866 4.720479 4.725791 4.738155 4.758159 4.712985 4.657623 4.607753 4.550814 4.479357 4.382475 4.398498 4.400391 4.38643 4.388474 4.200253 3.87374 3.745091 3.569899 3.468777 3.722071 4.291434 4.969913 5.648531 5.938821 5.677317 5.187285 5.615871 5.922411 6.05011 6.22206 6.577979 6.969904 7.465542 8.107582 8.814102 8.773782 7.636183 6.379207 6.531215 8.085167 8.906873 9.27934
5.205225 5.225004 5.226799 5.224648 5.205611 5.205098 5.208055 5.190726 5.194089 5.206353 5.209349 5.199907 5.184008 5.14927 5.123024 5.09107 5.063604 5.018865 4.942431 4.846117 4.786442 4.793093 4.795194 4.812003 4.765659 4.697215 4.647243 4.600195 4.541288 4.463797 4.413173 4.422836 4.433293 4.438597 4.426199 4.263112 4.00095 3.783672 3.436467 3.564043 3.903423 4.582769 5.187402 5.831034 6.248281 5.826932 5.372628 5.792032 5.9012 5.852155 6.250464 6.649628 7.217925 7.716277 8.424289 9.279382 8.962885 8.185802 7.627049 7.905807 8.484248 8.907109 8.682637
5.208075 5.225401 5.243157 5.261259 5.261645 5.23632 5.227969 5.226902 5.225251 5.23835 5.253103 5.267535 5.178095 5.114761 5.090054 5.07932 5.057743 5.014513 4.965048 4.898873 4.86024 4.830555 4.836844 4.856061 4.736176 4.642544 4.614181 4.577175 4.538554 4.496561 4.505526 4.488812 4.470619 4.489574 4.486442 4.428594 4.229156 3.840275 3.592993 3.958014 4.45678 5.146523 5.605065 6.087393 6.491896 6.202079 5.872898 6.082034 6.01316 6.100913 6.793163 7.423498 8.04695 8.596846 9.114882 9.428458 9.459645 9.036562 8.824462 8.768318 8.465988 8.261482 8.003154
5.24329 5.24158 5.240777 5.257536 5.281654 5.236305 5.169306 5.189452 5.218417 5.244929 5.279392 5.293071 5.125741 5.029972 5.040891 5.040654 5.033691 5.021592 4.965621 4.898169 4.893535 4.879565 4.850992 4.848931 4.796954 4.620359 4.627614 4.616273 4.599119 4.580137 4.574314 4.560472 4.550779 4.550138 4.549332 4.583636 4.420229 3.853983 3.982701 4.448451 5.048656 5.684926 6.014086 6.561954 6.943994 6.966949 6.465674 6.260627 6.379641 6.63902 7.234727 7.827139 8.466159 8.866955 9.123114 9.485122 9.437268 9.592709 9.580165 8.971342 7.990811 7.427291 7.15697
5.270287 5.264042 5.26397 5.264967 5.272169 5.261645 5.152912 5.13487 5.171963 5.205379 5.217526 5.207565 5.125898 5.048011 5.039501 5.044038 5.038498 5.028326 4.976881 4.864292 4.859105 4.876356 4.886255 4.882946 4.771498 4.706324 4.681933 4.670705 4.662679 4.617609 4.606419 4.592595 4.589282 4.612259 4.663372 4.650131 4.354404 4.152612 4.252115 4.743218 5.254312 5.640616 5.961445 6.646591 7.097941 7.193895 6.549165 5.93398 6.261016 6.7781 7.334522 7.816959 8.249935 8.418047 8.488272 9.137143 9.562929 9.871885 9.629624 8.730926 7.724647 6.846827 6.52363
5.276536 5.28063 5.27688 5.288881 5.320941 5.277756 5.147556 5.091086 5.15656 5.192769 5.201563 5.185628 5.135988 5.110579 5.080372 5.056366 5.038756 5.021362 4.976233 4.825301 4.827136 4.886901 4.945168 4.89501 4.785515 4.744208 4.723248 4.703706 4.693753 4.657799 4.633144 4.639727 4.687819 4.704372 4.775241 4.721854 4.578607 4.435686 4.423478 4.837187 5.116815 5.448967 5.940682 6.661403 6.953008 6.721796 5.785811 5.356276 5.903168 6.532432 7.048072 7.306412 7.31852 7.3466 7.864594 9.229445 10.10264 10.04221 9.240756 8.157799 7.328352 6.616012 5.999809
5.249772 5.252871 5.259726 5.273058 5.19311 5.153155 5.109334 5.097707 5.156975 5.194902 5.224076 5.222465 5.157651 5.110859 5.074255 5.04233 5.018739 4.980991 4.937492 4.847929 4.82944 4.906128 4.982409 4.954096 4.745808 4.715952 4.747183 4.780784 4.762072 4.733144 4.694852 4.726456 4.782665 4.778681 4.839226 4.789942 4.724198 4.614282 4.603345 4.817946 4.891716 5.445351 5.952641 6.139226 5.887122 5.377765 4.877917 4.959053 5.459146 6.060202 6.263414 6.310573 6.377143 6.966112 8.186269 9.846631 10.41446 10.18289 8.797794 7.530425 6.598622 5.89833 5.705917
5.237377 5.24219 5.232943 5.233786 5.186607 5.098284 5.082675 5.143955 5.185369 5.221369 5.266334 5.230109 5.162899 5.108752 5.066812 5.030832 5.004065 4.956942 4.906044 4.845273 4.873025 4.902061 4.933711 4.917946 4.802615 4.718765 4.770531 4.823892 4.8506 4.680207 4.693972 4.869932 4.766044 4.730562 4.845335 4.818319 4.776641 4.707306 4.777546 4.821562 4.879576 5.331997 5.508919 5.163976 4.992836 4.920965 5.353023 5.759415 6.244216 6.378457 6.455909 6.485961 6.947097 8.131156 9.659204 10.67876 10.58467 9.392873 7.986258 7.029032 6.325186 5.763866 5.623969
5.226732 5.251915 5.251835 5.197621 5.180461 5.16624 5.177248 5.222399 5.257892 5.280246 5.31642 5.229853 5.139464 5.078259 5.039948 5.014345 4.984101 4.942254 4.889498 4.883862 4.91467 4.931866 4.926544 4.895929 4.819773 4.782386 4.786398 4.817618 4.829534 4.762187 4.682007 4.878364 4.86487 4.734037 4.916359 4.850764 4.803821 4.763361 4.725245 4.892242 5.032043 5.107761 5.052411 5.216284 5.74079 6.366698 6.611911 6.885417 6.746321 6.844222 6.721543 7.20185 8.104117 9.51156 10.62357 10.67475 9.943827 8.521386 7.241289 6.499428 6.121508 5.841477 5.788338
5.208876 5.234328 5.244535 5.139043 5.142702 5.187277 5.227679 5.27338 5.335213 5.382033 5.3497 5.255325 5.111089 4.990088 4.952657 4.962276 4.960381 4.950655 4.924673 4.907326 4.934271 4.966019 4.982787 4.945628 4.822968 4.741618 4.733627 4.75964 4.745031 4.697886 4.707561 4.814934 4.849651 4.79368 4.952371 5.010334 4.886517 4.861246 4.788078 4.98731 5.174026 5.386411 5.66452 5.96985 6.517282 6.908636 6.692353 6.376907 6.137307 6.251909 6.57732 7.834087 9.349341 10.25577 10.69589 10.20213 9.214647 7.975132 6.867943 6.244288 5.857108 5.696061 5.642146
5.195567 5.195461 5.198111 5.127003 5.12896 5.17968 5.237752 5.302858 5.394839 5.315686 5.302984 5.245401 5.090864 4.90265 4.868956 4.907185 4.933291 4.96052 4.956024 4.812072 4.852852 4.907542 4.953031 4.951295 4.769131 4.594755 4.642631 4.687346 4.706681 4.692063 4.873592 4.932096 4.913208 4.81313 4.99185 5.092535 5.071273 5.020919 4.931217 5.125667 5.333934 5.511187 5.701416 6.034479 6.25616 6.296979 5.763848 5.483078 5.619935 6.125032 7.416831 9.066096 10.17059 10.46928 10.17424 9.181841 8.192421 7.575842 6.498997 6.014168 5.914521 5.516766 5.235185
5.1984 5.190531 5.15928 5.110942 5.150936 5.196841 5.258164 5.33084 5.354706 5.267997 5.146153 5.128988 5.013369 4.862647 4.865216 4.914535 4.919346 4.911529 4.904194 4.771648 4.774595 4.816258 4.829576 4.77963 4.67572 4.550294 4.622646 4.677214 4.698144 4.747715 4.948491 5.06954 5.003605 5.016595 5.127264 5.257362 5.190305 5.136184 5.077556 5.201317 5.319676 5.474978 5.601594 5.70134 5.572058 5.33529 5.197984 5.622021 6.546621 7.630053 8.931994 9.894544 10.11603 9.857038 9.172095 8.115095 7.466391 6.928368 5.951348 5.82495 5.755209 5.45386 5.232173
5.179693 5.181501 5.160966 5.17142 5.211826 5.247931 5.308256 5.38159 5.303195 5.215312 5.082235 4.958922 4.896566 4.891711 4.962433 4.957493 4.943018 4.904492 4.827478 4.745811 4.770073 4.77601 4.769772 4.710108 4.676818 4.741125 4.730966 4.713134 4.709954 4.846292 4.95605 5.074345 5.077232 4.957555 5.185903 5.315501 5.16213 5.126234 5.162954 5.190183 5.270245 5.307934 5.439167 5.26093 5.214379 5.434816 6.066387 6.897338 7.685525 8.590525 9.350035 9.79636 9.666137 8.741497 8.085423 7.32706 6.85083 6.518756 5.727092 5.501909 5.597798 5.516459 5.269448
5.142247 5.180552 5.195302 5.225525 5.263452 5.304318 5.370506 5.334567 5.268709 5.187711 5.068704 4.951145 4.894542 4.917608 4.958116 4.967222 4.959071 4.86949 4.824826 4.861605 4.839243 4.796697 4.75544 4.685509 4.757587 4.830126 4.822473 4.755197 4.772167 4.899238 4.990143 5.004942 4.981593 4.875424 5.191893 5.345477 5.119342 5.081829 5.209625 5.194726 5.342713 5.342411 5.495712 5.517551 5.723841 6.33869 6.947183 7.511264 8.001856 8.40949 8.950811 9.473112 8.96538 7.691231 7.15519 6.935376 6.494643 6.156418 5.49998 5.269179 5.379522 5.622774 5.564474
5.134367 5.183961 5.187842 5.224692 5.267752 5.31285 5.367375 5.301548 5.245165 5.186962 5.100949 5.011398 4.952795 4.952805 4.963313 4.950157 4.929399 4.856441 4.819281 4.905276 4.921465 4.873351 4.759294 4.747967 4.796943 4.846948 4.838909 4.801066 4.823484 4.887592 4.972033 4.887058 4.734385 4.883351 5.065041 5.145409 5.111543 5.213352 5.186245 5.205055 5.443702 5.377533 5.663691 5.698964 6.036974 6.763171 7.237082 7.458504 7.749273 7.975478 8.658032 9.172287 8.447839 7.004225 6.545505 6.557991 6.34572 6.114541 5.560442 5.233953 5.25203 5.491803 5.60152
5.163992 5.201633 5.220472 5.259234 5.292993 5.329731 5.363156 5.298162 5.231648 5.188084 5.127847 5.055433 4.994173 4.973546 4.967502 4.961435 4.910391 4.788084 4.825163 4.893657 4.941573 4.83261 4.764215 4.787369 4.828773 4.887383 4.830689 4.821708 4.817434 4.857681 4.948276 4.959194 4.845118 4.907233 5.0478 5.289828 5.521621 5.507319 5.16857 5.618933 5.654161 5.537434 5.731093 5.941341 6.341081 6.871718 7.145591 7.213272 7.524543 7.98704 8.675363 8.807474 8.012303 6.667379 6.052263 6.130087 6.345559 6.422541 5.92694 5.109324 5.129951 5.069723 5.486599
5.228302 5.259682 5.267762 5.281414 5.31956 5.381471 5.35923 5.299936 5.238839 5.192041 5.150723 5.098727 5.033302 4.978971 4.952151 4.909868 4.832912 4.825328 4.86434 4.878214 4.897569 4.810876 4.6805 4.773674 4.862362 4.85288 4.816905 4.758927 4.659437 4.819855 4.968732 5.108353 4.889675 5.050647 5.363511 5.662134 5.840105 5.757545 5.374434 5.689443 5.874702 5.966165 5.973947 6.076048 6.425398 6.866153 7.094119 7.197322 7.691042 8.06501 8.239221 8.236316 7.684939 6.383649 5.453552 5.75751 6.403392 6.749314 6.149904 5.350949 4.599095 4.722337 5.561104
5.298682 5.307836 5.316364 5.332491 5.352332 5.405927 5.340413 5.283952 5.241831 5.199337 5.164083 5.127291 5.0736 5.021405 4.957163 4.899791 4.916579 4.892878 4.90451 4.915388 4.877352 4.7153 4.692395 4.76831 4.838456 4.813469 4.782218 4.667802 4.510946 4.749951 5.200209 5.521649 5.176455 5.333746 5.634705 5.984217 6.204594 6.077485 5.541607 5.585399 6.216921 6.14188 6.296618 6.321161 6.405711 6.896456 7.219334 7.240372 7.47486 7.457965 7.486749 7.8337 7.427174 6.147414 4.975946 5.314652 6.333449 6.930975 6.330345 5.320177 4.381588 4.443104 5.498886
