py_wake/examples/data/AJ_ParqueFicticio/Rough survey   Sector 11   Height 30m   Mean speed.grd
DSAA
73  159
 258469   265669
 6501692   6517492
 .2004595   9.661083
[rows 112 to 139 of 159, columns 0 to 62 of 73]
6.752038 7.075018 6.787869 6.590151 6.662163 6.67863 6.598048 6.712591 6.885259 6.97855 7.133619 7.405712 7.260273 6.768229 6.298516 5.451858 5.113524 5.148056 4.671184 3.636691 3.648647 4.270239 4.327672 4.70428 6.215455 7.166159 7.227297 7.300871 7.282866 6.889184 6.732234 6.818009 6.773105 6.31635 5.701625 5.017404 4.449108 4.974932 6.164922 7.022272 7.37731 7.200135 6.24209 4.749699 3.808957 3.027045 2.542517 2.130578 1.916875 3.075952 4.863186 5.924117 5.867616 5.269825 4.683787 4.546902 4.5141 4.432592 4.246165 3.52268 1.79965 1.949637 1.956318
6.928945 7.282968 7.191538 6.973675 7.040193 7.216398 7.238362 7.247413 7.326708 7.356002 7.49663 7.66467 7.473044 6.850104 6.360633 5.681302 5.72926 5.718458 5.376274 4.093325 3.144925 3.127401 3.246861 3.935775 5.716123 7.140753 7.210275 6.640963 6.418462 6.259664 5.91014 6.495423 7.079402 6.873705 6.714276 6.211304 5.448733 5.218601 6.047116 6.863923 7.529318 7.602736 6.703098 5.089876 4.198034 3.365479 2.828951 2.43316 2.107539 2.483151 3.77578 4.945451 5.292991 5.045981 4.662367 4.520689 4.474391 4.452621 4.343677 3.857426 2.646044 1.943848 1.952633
7.409986 7.63495 7.588473 7.415629 7.380491 7.590071 7.81955 7.789043 7.779951 7.709176 7.799949 8.008655 7.584414 6.87689 6.337769 5.950656 6.328715 6.446422 5.710463 4.761769 3.625393 2.586723 2.218053 2.839762 4.895849 6.677641 7.071795 6.43484 5.749039 5.560238 5.454453 5.774551 6.920827 7.068704 7.276651 7.404197 7.047334 6.390387 6.445946 6.879993 7.640005 8.088887 7.148914 5.769073 4.703489 3.948314 3.335998 2.845124 2.62795 2.657873 3.28587 4.057507 4.574456 4.757006 4.619643 4.490701 4.391823 4.357141 4.262121 3.976368 3.396909 2.655464 2.174802
7.907557 7.997483 7.931734 7.82844 7.762199 7.932645 8.126144 8.107571 8.159757 8.080767 8.115983 8.324526 7.87428 7.026561 6.475478 6.262285 6.658082 7.067493 6.494837 5.529035 4.660761 3.485868 2.104452 1.962955 3.615244 5.745363 6.524065 5.984162 5.342837 5.252686 5.226283 5.563102 6.069849 6.47684 7.064454 8.001066 8.208828 7.687326 7.093346 7.066403 7.770558 8.365598 7.881474 6.918324 5.745026 4.974286 4.129139 3.447947 3.139374 3.160259 3.380792 3.779512 4.113503 4.385061 4.479198 4.423672 4.326329 4.240112 4.127732 3.926945 3.677981 3.185979 2.936848
8.021093 8.113218 8.112802 8.142904 8.080856 8.226099 8.316133 8.326418 8.360685 8.379626 8.463646 8.336504 8.161791 7.445468 6.891641 6.632137 6.91492 7.368417 7.115343 6.497717 5.790412 4.97167 3.386152 2.033819 2.510185 4.519194 5.793364 5.508694 5.124856 5.180735 5.22543 5.182585 5.414747 5.997396 6.656995 7.658545 8.427669 8.154826 7.454319 7.06234 7.379198 8.287533 8.314695 7.615864 6.778107 6.019907 5.163827 4.403444 3.83782 3.61705 3.759351 3.967719 4.025609 4.091664 4.326801 4.314566 4.263165 4.10137 3.972095 3.841849 3.769501 3.41521 3.268697
7.720869 7.8415 7.914331 8.0416 8.172626 8.292417 8.289916 8.27503 8.1974 8.294955 8.209288 8.297891 8.073138 7.662472 7.431586 7.119788 7.046104 7.315785 7.151145 6.839539 6.52995 6.133938 5.514199 3.788769 2.53359 3.179724 4.627574 5.048465 4.960624 5.087869 4.991287 4.780774 5.141747 5.992119 6.39324 7.447302 8.289985 8.060377 7.452932 6.576178 6.807354 7.491853 7.869006 7.422088 6.906003 6.502698 5.800493 5.043345 4.387736 3.932519 3.922442 4.149269 4.174505 4.161026 4.160644 4.19066 4.193223 4.004862 3.742631 3.561834 3.639465 3.577388 3.483721
6.908478 7.155132 7.376308 7.519068 7.720276 7.889136 8.003109 8.104098 8.020445 7.933044 7.832385 7.649677 7.469756 7.317195 7.522789 7.667653 7.35669 7.006069 6.738685 6.484986 6.2331 5.935503 6.141853 5.892879 4.274035 2.993037 3.412587 4.043996 4.952833 5.099247 4.885159 4.384264 5.183388 5.826041 5.977294 7.071073 8.153863 8.17333 7.071108 5.713988 5.641039 6.36643 7.154632 7.083603 6.309946 6.309723 5.967402 5.220456 4.733217 4.166231 4.064717 4.316881 4.344764 4.371461 4.287028 4.275462 4.190465 4.154427 3.720524 3.290568 3.393681 3.533382 3.588176
5.894468 6.120327 6.505585 6.894486 7.235644 7.487046 7.664845 7.944305 7.967565 7.711101 7.196869 6.74408 6.664677 6.622762 7.289272 7.925867 7.882051 7.100315 6.396712 6.037742 5.532915 5.103584 5.447754 6.307083 5.98564 4.593045 3.267455 3.382306 4.127738 5.058697 4.599447 4.355007 5.125049 5.473881 5.691436 6.70775 7.809292 8.281952 7.229049 5.267734 4.427181 5.010698 6.236776 7.022051 6.021989 5.639275 5.636111 5.234931 4.860211 4.356195 4.14022 4.287947 4.458014 4.469479 4.456646 4.47922 4.36066 4.369777 3.998241 3.418646 3.030487 3.485594 3.596103
5.539568 5.787745 6.105855 6.526635 6.882842 7.172054 7.353967 7.592495 7.853521 7.941361 7.428951 6.222715 5.754151 5.663518 6.378559 7.524248 8.029379 7.640774 6.704025 5.988546 5.216614 4.406173 4.259109 5.632653 6.240619 5.710497 4.353028 3.295701 3.552134 4.420309 4.378147 4.313447 5.18777 5.304968 5.726761 6.607558 7.527545 8.16043 7.824258 6.024986 4.329251 3.842867 4.959111 6.532651 6.346086 5.641076 5.340508 5.115748 4.860585 4.485754 4.159098 4.145337 4.309861 4.444777 4.442596 4.463793 4.414553 4.282999 3.822692 3.323133 3.229968 3.556105 3.683823
6.094913 5.890424 6.13404 6.489537 6.705628 6.968525 7.191744 7.182258 7.263737 7.977312 8.268753 7.057468 5.78749 5.275427 5.333622 6.218646 7.266973 7.675121 7.469514 6.900177 5.92127 4.640632 3.908506 4.394382 5.380199 5.509791 5.174699 4.143514 3.237165 3.573048 3.952724 4.475367 5.02246 5.143795 5.871212 6.613372 7.269268 7.842513 8.038482 6.877608 5.253491 3.948399 4.136805 5.508739 6.110922 5.864482 5.550241 5.228717 4.92762 4.635902 4.277186 4.017333 4.108886 4.269489 4.333988 4.45377 4.473902 4.099886 3.175401 3.182225 3.66169 3.745038 3.842924
6.805745 6.395281 6.267352 6.522791 6.672118 6.746384 7.074953 6.812447 6.347653 7.186936 8.638388 8.517398 7.214676 6.02469 5.399511 5.305147 5.905705 6.411876 6.675048 6.862778 6.451562 5.340904 4.263687 4.140622 4.432446 4.821775 4.826718 4.918868 3.877072 3.24913 3.43578 4.319351 4.817255 5.579156 6.04132 6.737559 7.38823 7.42077 7.420535 7.09155 6.256226 4.779539 4.183367 4.735588 5.352524 5.534911 5.531996 5.468717 5.228012 4.965785 4.647877 4.160492 4.014775 4.063076 4.181396 4.25837 4.339132 3.661783 2.865422 3.381997 4.083866 4.096786 4.10535
7.451092 7.110626 6.881481 6.795192 6.840648 6.797419 6.67244 6.472506 5.487493 6.023345 8.176103 8.685778 8.495942 7.813786 6.861793 6.099423 5.821965 5.745356 5.82579 6.059154 6.105717 5.475638 4.632193 4.130653 4.139441 4.297618 4.433457 4.627216 4.18398 3.308718 3.190344 3.874044 4.705973 5.462883 6.345389 7.101147 7.411364 7.28983 6.702305 6.342899 6.319737 5.665736 4.898926 4.673194 4.864401 4.970262 5.139304 5.222759 5.295009 5.241693 5.016422 4.580106 4.291439 4.117549 4.046623 4.02539 3.863022 3.291759 2.891646 3.612628 4.349303 4.418593 4.256432
8.023247 7.932889 7.613121 7.406059 7.246531 7.059092 6.549887 5.84932 4.778959 4.797201 6.94888 7.8907 8.461316 8.533765 8.257709 7.660042 7.459032 6.977358 6.576135 6.186235 6.199361 5.954097 5.322662 4.321113 4.115171 4.473987 4.409285 4.385106 3.756806 2.85577 2.677973 3.639644 4.593491 5.493707 6.472645 7.205614 7.417922 7.225828 6.614522 5.737442 5.600316 5.728339 5.558685 5.250215 4.939256 4.776728 4.76676 4.785947 4.849895 5.103639 5.178911 4.870129 4.560219 4.189567 4.048022 3.966816 3.427763 3.436578 3.232588 3.524774 4.326129 4.571267 4.478109
7.880112 8.188224 8.257298 7.889095 7.623027 7.187867 6.624376 5.621994 4.326563 3.941561 5.374062 6.519529 7.751848 8.231968 8.194246 7.888448 7.774955 8.008781 7.908334 7.485129 6.963767 6.788542 6.217382 5.299114 4.614799 4.751823 5.063098 4.93198 4.316142 2.85445 2.145158 2.90419 4.235478 5.526347 6.534837 7.133427 7.318428 7.127364 6.590837 5.936512 5.372457 5.260058 5.39902 5.525737 5.390041 5.097307 5.031971 4.6598 4.191749 4.514282 4.871986 4.826104 4.45929 3.98985 3.931689 4.00752 3.839503 3.726806 3.415757 3.152156 3.832238 4.580288 4.49809
7.703664 7.941542 8.303394 8.213435 7.884457 7.556677 7.181653 6.174039 4.65789 3.557249 4.097297 5.166892 6.502839 7.284362 7.609674 7.306499 7.055245 7.733059 7.983035 8.082746 7.651637 7.352039 6.834494 5.958838 5.285079 5.201417 5.520445 5.710487 5.209469 3.405548 2.150048 2.305785 3.756805 5.197488 6.275888 6.936671 7.249318 7.238251 6.655643 5.869154 5.516995 5.383381 5.196142 5.319541 5.294549 5.225504 5.20882 5.175012 4.330084 3.778552 4.161053 4.332283 4.036306 4.009447 4.201324 4.235077 4.142216 4.131813 3.617426 2.834031 3.155973 4.2368 4.495821
7.704027 7.957013 8.178904 8.452158 8.100121 7.737625 7.710117 7.175972 5.694815 4.049364 3.615644 4.010376 5.374114 6.397691 6.965616 6.753073 5.939452 6.290208 7.525819 7.770324 7.581917 7.390113 6.770939 6.211434 5.85414 5.759147 5.638201 5.613945 5.626604 4.309875 2.433142 2.458013 3.809851 5.176923 5.975804 6.562079 6.991629 7.293443 6.909278 5.911547 5.355956 5.421925 5.398691 5.341787 5.199189 5.05556 5.010583 5.393643 5.301139 4.109056 3.447135 3.375684 3.649614 4.129448 4.550826 4.530857 4.553295 4.40718 4.127848 2.687381 2.651132 3.778796 4.249187
7.035691 7.57172 8.194878 8.270995 8.088606 7.680487 7.808889 7.535977 6.469018 5.370998 4.122489 3.506684 4.28893 5.511067 6.621571 6.894884 5.747217 5.182708 6.16249 6.888692 7.061189 7.197664 6.489365 6.187076 6.422215 6.281372 5.762651 5.41321 5.390063 4.614887 2.799042 2.254366 3.842222 4.975864 5.772598 6.144767 6.48662 6.942876 6.873451 6.071458 5.362374 5.17574 5.211965 5.269309 5.326644 5.07207 4.854646 5.009566 5.433788 5.006932 3.584411 2.31903 2.992815 4.37556 5.233337 5.220462 5.201149 5.108279 4.517017 2.83481 2.471904 3.328551 3.711782
6.059216 6.710361 7.385346 7.816598 8.003626 7.718705 7.744746 7.3782 6.47978 5.766803 4.891622 3.778358 3.553558 4.487073 6.036245 7.033586 6.338932 5.051636 5.028552 5.62859 6.187212 6.692526 6.152109 6.00812 6.775558 6.943657 6.299395 5.345119 4.83546 4.296558 2.723443 2.334682 3.461536 4.439462 5.246567 5.68492 5.926654 6.47505 6.681497 6.173769 5.481905 5.114244 5.0759 5.014004 5.04359 5.117819 4.931565 4.681094 4.895198 4.893531 3.439762 2.16617 2.431823 4.816935 5.67831 5.579015 5.600549 5.929701 5.319135 3.601219 2.527391 2.586523 3.067324
5.947754 6.320724 6.684052 6.920743 7.140187 7.688245 8.101864 7.533419 6.616819 5.819713 5.089167 4.097803 3.402004 3.619321 5.108317 6.683224 6.990157 5.780321 4.721754 4.776121 5.322697 6.022471 5.669523 5.480479 6.848887 7.353097 7.451316 6.339558 5.322142 4.363578 3.303767 2.638685 2.979716 3.344246 4.355542 5.070407 5.512815 6.085087 6.563334 6.566208 5.865006 5.288083 5.195147 4.93518 4.702932 4.675539 4.730972 4.645598 4.406475 4.296552 2.659851 2.176071 2.136001 4.809721 5.704492 5.724411 5.841851 6.193914 6.109378 4.829782 3.203223 2.633257 2.728156
6.238611 6.052569 6.28217 6.432075 6.320946 6.94778 8.354539 8.541722 7.794359 6.966876 5.97815 5.009686 3.845517 3.07192 4.090639 5.856737 7.151297 6.81953 5.454701 4.656206 4.668104 5.322369 5.25258 5.035504 6.285611 7.33983 7.864479 7.722179 6.703396 5.493835 4.486065 3.437256 3.24993 2.952582 3.407345 4.190856 4.904024 5.764412 6.375138 6.650939 6.346704 5.943262 5.79094 5.684191 5.325456 4.641175 4.419622 4.355723 4.15946 3.575792 2.331248 1.961171 3.072322 4.664987 5.447752 5.652776 5.796432 6.107593 6.294248 5.996069 4.547769 3.282428 2.921851
6.149766 5.559253 5.796765 6.184658 5.994738 6.467982 7.996602 8.367633 8.395581 7.76556 6.741226 5.862665 4.868918 3.43836 3.385638 5.000901 6.723581 7.141615 6.559804 5.282393 4.59465 4.871599 4.887261 4.828171 5.767943 6.91546 7.705792 8.128416 7.309647 6.23408 5.422051 5.215958 4.681968 4.120062 3.354734 3.541379 4.212834 4.946131 5.853159 6.582725 6.57765 6.368385 6.108531 6.191819 5.980598 5.562844 5.031878 4.381123 3.686734 2.696495 2.785327 2.139795 3.469054 4.607617 5.160799 5.472692 5.623905 6.104668 6.38356 6.42087 5.574667 4.288463 3.806667
5.963634 4.985168 4.972263 5.583187 5.57199 6.145078 7.117727 7.906063 8.224188 7.908084 6.825835 5.89084 5.208216 4.270902 3.414607 4.172737 5.803985 6.689744 6.819588 6.153969 4.984471 4.746562 4.69113 4.690876 5.478765 6.297843 7.141165 7.281016 7.012244 6.151151 5.488193 5.673409 6.050784 5.716236 4.517684 3.544748 3.75535 4.31277 5.030317 5.958443 6.28275 6.214212 6.036044 6.091541 6.257511 5.969448 5.54458 5.100163 3.674738 2.65376 3.003905 2.7125 2.790767 4.090376 4.996672 5.173096 5.385879 5.970857 6.341479 6.632806 6.003788 5.15169 4.609883
6.29235 4.770668 4.289496 4.955383 5.227397 5.873527 6.670825 7.646412 8.256469 8.43771 7.931855 6.612794 5.357226 4.470286 3.69144 3.761031 4.825615 5.756021 6.32863 6.352325 5.60831 4.903259 4.660317 4.613854 5.305497 5.801772 6.363472 6.660462 6.510562 5.878767 5.169046 5.291214 5.906829 6.186165 5.702912 4.557824 3.967408 4.098533 4.517499 5.317599 5.906242 5.901916 5.770893 5.825838 5.970607 5.777922 5.488698 5.307541 4.208598 2.787158 3.134541 3.0149 2.53606 3.007065 4.456114 4.833799 5.017045 5.501777 5.960152 6.623865 6.449648 5.800601 5.365875
6.903088 5.241028 3.925547 4.242133 5.234176 5.870104 6.209748 6.793395 7.792566 8.514352 8.608645 8.028551 6.777574 5.357301 4.15112 3.656729 4.168686 4.852317 5.548499 5.942543 5.75024 5.289138 4.814233 4.753967 5.443323 5.909508 6.117052 6.103827 6.030324 5.789312 5.333381 4.975847 5.219626 5.818827 5.89896 5.272882 4.533148 4.278782 4.447334 4.996381 5.563253 5.704735 5.563918 5.379812 5.523852 5.486992 5.306097 5.067839 4.482444 3.351 3.154505 3.066033 2.78258 2.185686 3.549209 4.25187 4.602359 4.957611 5.577134 6.145633 6.495063 6.252032 5.924397
7.501582 6.096247 4.283772 3.861157 5.130742 5.952912 5.933576 6.087883 6.71585 7.339076 7.860136 8.195459 7.868868 6.777861 5.825443 4.640911 4.114831 4.463002 4.981045 5.316493 5.453675 5.363538 4.859807 4.861593 5.728021 6.326137 6.355601 5.778099 5.307322 5.422697 5.584627 5.428136 5.024974 5.155743 5.52426 5.390797 4.944599 4.565122 4.523406 4.78826 5.374141 5.665564 5.666016 5.296806 5.231071 5.158775 5.133514 4.99939 4.597788 3.912615 3.329586 2.953116 2.848495 2.51286 2.71285 3.481825 4.008378 4.441635 4.987488 5.733698 6.383054 6.391119 6.185318
7.560328 6.725204 4.811531 3.932311 5.078372 5.907458 6.054538 6.035378 6.120845 6.097237 6.413391 7.162586 7.605396 7.031707 6.645367 6.238683 5.096259 4.58608 4.588477 4.873714 4.837659 5.011785 4.714277 4.830842 5.816995 6.6216 6.869033 6.041132 4.979961 4.750346 5.156579 5.545839 5.432698 5.146736 5.121383 5.227413 5.030462 4.697631 4.49683 4.622519 5.320344 5.703506 5.854134 5.714462 5.499062 5.253348 5.05948 5.29661 5.04977 4.490212 3.851397 3.358738 2.889501 2.800686 2.519578 2.600365 3.111768 3.644643 4.24784 5.037619 5.988306 6.454854 6.41055
7.076203 6.667323 5.427001 4.183792 4.934569 5.85911 6.178707 6.215043 6.235187 5.905647 5.445164 5.749441 6.640897 6.58923 6.36758 6.66725 6.212371 5.451097 4.868463 4.576692 4.399648 4.741242 4.483597 4.634499 5.768685 6.809062 6.911045 6.328602 5.229331 4.550843 4.690234 5.146942 5.58777 5.408227 5.279769 5.081735 4.955028 4.696514 4.382807 4.354965 5.092139 5.624694 5.829359 5.725898 5.636076 5.486804 5.088207 5.078746 5.198801 4.619257 4.338621 4.14624 3.171975 2.787229 2.761989 2.715648 2.556336 2.708234 3.122157 4.048491 5.176871 6.057683 6.382543
6.638823 6.20363 5.637825 4.572411 4.983967 5.723982 6.202775 6.168313 6.430486 6.657177 5.839718 5.111769 5.538387 5.77146 5.745083 6.358108 6.324254 6.031723 6.139544 5.169931 4.23196 4.256769 4.132439 4.28603 5.5973 6.557094 7.112463 6.539299 5.450771 4.722953 4.496277 4.758803 5.209593 5.519842 5.438525 5.277199 5.139414 4.83531 4.57454 4.308073 4.686282 5.174408 5.343758 5.398746 5.425017 5.403222 5.025376 5.036666 5.0625 4.569011 4.51932 4.605175 4.405459 3.501531 2.800743 2.876204 2.973917 2.732698 2.284491 2.740334 4.025397 5.270036 6.06818
