py_wake/examples/data/AJ_ParqueFicticio/Rough survey   Sector 1   Height 30m   Orographic speed.grd
DSAA
73  159
 258469   265669
 6501692   6517492
 .01442822   2.196222
[rows 56 to 83 of 159, columns 0 to 62 of 73]
.945173 .95682 .9557289 .959133 .9583437 .9693905 .9660134 .9664019 .9627081 .96486 .9654607 .9683906 .9645023 .9537817 .9515781 .9515975 .9566541 .9600006 .9553946 .9483411 .9572778 .9467452 .9354353 .9398108 .9469422 .943244 .9481024 .9626745 .9915358 1.037054 1.095998 1.144575 1.109934 1.171798 1.166185 1.16874 1.196314 1.20825 1.219275 1.225876 1.223862 1.267058 1.278743 1.243997 1.188919 1.130591 1.112302 1.080908 1.025813 .997512 1.001797 1.034381 1.018254 .9942558 .9559616 .9354627 .9165342 .9469202 .9737484 .9908224 1.003186 .9784371 .9522145
.9410776 .9438458 .9384589 .9507723 .9574509 .9699466 .969736 .9640086 .9601437 .9588622 .9605219 .9628359 .9645029 .9665658 .9665815 .9588058 .958496 .9586213 .957836 .9569135 .9673505 .9591089 .9440584 .9515038 .9510248 .9466642 .9492844 .9720796 1.015549 1.079902 1.122424 1.158168 1.189954 1.204279 1.214391 1.20828 1.177522 1.196288 1.251878 1.244715 1.227236 1.239736 1.188416 1.163568 1.15279 1.127009 1.077402 1.025046 1.006935 1.003195 1.01179 1.024851 .9901333 .9988415 1.028604 1.051707 1.033551 1.002406 .9616992 .9095196 .9137617 .9173911 .9796744
.9136385 .9070763 .910522 .924858 .9381592 .9537725 .9597947 .9525867 .9487458 .947307 .9492356 .9534124 .9519533 .9497399 .9566942 .9592477 .9568995 .9541219 .9542811 .9552695 .9616726 .9657885 .9574809 .9623373 .9575015 .9516328 .9510612 .9627282 .9864438 1.010893 1.034867 1.079489 1.112341 1.149024 1.145796 1.150026 1.117013 1.132653 1.186654 1.203696 1.194752 1.182604 1.123405 1.099077 1.084979 1.063442 1.004636 .9552367 .9587559 .9843001 .9796923 .9578657 .9494693 .957096 .995323 1.034979 1.025633 1.036949 1.033766 .9976407 .9708681 .9584048 .9983285
.9123729 .9089389 .8982223 .9035021 .9103541 .9295718 .9464119 .939904 .9336329 .9340653 .9364905 .9374126 .9434711 .9406493 .9436957 .9505373 .9540966 .951741 .9540372 .9514957 .9578075 .9707363 .9726315 .9725797 .9661543 .9595602 .9580796 .934899 .8945472 .8799541 .873964 .9066551 .9436517 .9811805 .9914423 1.036822 1.056481 1.087224 1.132641 1.144159 1.135454 1.11422 1.078016 1.064427 1.044103 1.029554 .9663435 .9116178 .8909439 .8959948 .9236172 .9030977 .8951197 .8973755 .9253048 .9687983 .9502426 .9879929 1.020787 1.050125 1.012158 .975235 .9793133
.9545012 .9378994 .9271429 .9370686 .9301992 .9149078 .9291938 .9226956 .9196083 .9207584 .9219376 .9225724 .9236476 .9257001 .9327198 .9414191 .9503227 .9516649 .9568828 .9552031 .9503965 .9523178 .9578613 .9691019 .97227 .9752848 .9759929 .9641832 .9525825 .8864671 .8573463 .8619352 .8739023 .8856294 .911571 .9643887 .9844529 1.014957 1.051037 1.07005 1.058932 1.030686 1.044253 1.054986 1.041955 1.029315 .9936811 .9470166 .887134 .8653122 .864367 .8390684 .8517259 .8503558 .907919 .9501139 .9428569 .988809 .9943647 1.01896 1.01208 .9932276 .9630995
.9747104 .9548922 .9543654 .9518024 .9380978 .9238212 .9090284 .9078453 .9079726 .9141771 .9158383 .9171271 .9199362 .9248798 .9289147 .9371991 .9481642 .9530584 .9555413 .9592785 .9581875 .966479 .9605951 .9644901 .9677354 .9784492 .9950308 1.023075 1.041551 1.019183 .9704778 .9099134 .8934469 .9505255 .9333434 .9404116 .9537098 .9736885 .9934386 1.001946 .9855686 .9821656 1.006065 1.021117 1.011475 1.005304 .9894667 .9790853 .9182657 .8412724 .7818066 .7892944 .8520128 .8934972 .8740541 .9062678 .95214 .9880718 .9760939 .9770576 .9825248 .9641966 .8855383
.9816172 .9715883 .9684308 .9647096 .9569528 .945693 .9341561 .9163198 .9128328 .9160485 .9170357 .9188005 .9275541 .9272401 .9272185 .9312395 .9381977 .9416345 .9428978 .9552206 .9521662 .9586545 .9595163 .9663385 .9772092 .9876935 1.009101 1.03736 1.06007 1.063649 1.096533 1.078454 1.05522 1.036572 .9864951 .9549831 .9483894 .9444169 .9494327 .9574454 .963769 .9716937 .994777 .9978653 .9790494 .9812145 .9803877 .9987581 .9733425 .9105446 .8359472 .7556494 .8179854 .8978844 .9337651 .9257349 .9328416 .9631333 .970525 .981866 .9734346 .9308067 .8853159
.9757741 .965306 .9697504 .972673 .9692947 .9598287 .9449027 .9241383 .9156443 .9186894 .9253951 .9310662 .9293941 .9271272 .924243 .9228057 .9231444 .9212955 .9261866 .9346009 .9318687 .9339179 .9407599 .9554105 .9681898 .9851905 1.011693 1.029455 1.052832 1.0747 1.069178 1.078236 1.070606 1.053118 1.022826 .9811943 .9605191 .9402829 .9413286 .9351239 .9350891 .9396665 .9544109 .9563008 .9486237 .9717866 .9742478 .9587493 .9647638 .9361216 .8294666 .8001922 .7878608 .8557113 .9064431 .8726107 .828401 .8744549 .910253 .9233522 .9268101 .9427901 .913802
.9654402 .9583712 .9660076 .9697683 .9681616 .9615131 .9438219 .9254823 .9143928 .9193801 .9228294 .9270003 .929913 .9255404 .9228168 .9196525 .9228474 .9223692 .9197111 .9189681 .9202307 .916225 .9184695 .9269972 .9396406 .9660355 .9820611 1.006136 1.025248 1.054947 1.048888 1.060552 1.065701 1.065432 1.041028 1.009539 .9708241 .9511439 .9475287 .9347447 .9033565 .8837777 .8766047 .8830661 .9049718 .9363691 .9276856 .9154351 .9058782 .9329047 .8795733 .8205153 .7663007 .7283408 .8189517 .8459736 .7291647 .6826462 .6758177 .7202539 .7310497 .748495 .8562053
.9545976 .9488743 .9575545 .9619327 .9631972 .959204 .9473313 .9299764 .9191523 .922858 .92266 .9236473 .9259084 .9244274 .9226266 .916068 .9195667 .922656 .9246877 .9276596 .9314356 .9180518 .9140028 .931984 .9269206 .9263214 .9138846 .9262076 .9451216 .9603318 .9634678 1.007921 1.029303 1.030768 .9977756 .9750925 .9484819 .9286519 .928126 .8930147 .8808776 .888342 .8749271 .885772 .9026539 .9241115 .908069 .8962312 .9073743 .9405652 .9499033 .8962961 .8135085 .7622679 .7250224 .7906935 .7739946 .717899 .649971 .5736235 .5860263 .5997508 .6617916
.9478744 .9433256 .9499931 .9558707 .9546456 .9533441 .9498245 .9459044 .9436929 .9351084 .9276145 .9273716 .9261516 .9240792 .9225674 .923184 .9265427 .9263657 .9337865 .9456707 .9472316 .9381322 .9474339 .9407157 .9171921 .8985717 .889178 .8971348 .8874113 .8840539 .8907473 .9225518 .9791984 .9872878 .9687052 .9520871 .9202439 .8938766 .8660005 .837326 .8573479 .8674406 .8558447 .8640816 .8797128 .8789744 .8813524 .8865753 .8880622 .9079086 .9554632 .9638042 .9515665 .8457692 .7843947 .7754885 .8178341 .7976264 .8077689 .7786018 .6867986 .6470265 .6480968
.9415869 .9414303 .9479972 .9507667 .9518708 .94597 .9420114 .9456296 .9451253 .9358027 .9294139 .9273508 .9264366 .9221781 .9195603 .9192989 .9235157 .9274024 .9398161 .9484136 .953586 .9456495 .9490497 .9375583 .9128502 .8974209 .8842586 .8834842 .8812637 .8710546 .8719756 .8997207 .9449202 .9468641 .9454854 .9422163 .9308713 .9045032 .875011 .8239635 .7976767 .7944786 .812413 .8205347 .818365 .8361967 .8842584 .9170469 .9573876 .9449704 .9589852 1.009484 1.02526 .988556 .8735822 .8084768 .802501 .8664875 .9140197 .9371309 .945968 .8884893 .8080766
.9345912 .9430395 .9533057 .9504632 .9457734 .9360895 .9360303 .9396977 .9392044 .9320969 .9255045 .9240927 .9267058 .9247916 .9238272 .9192412 .9180453 .9263903 .9380637 .9410172 .9415579 .9325545 .9276389 .9261816 .9180163 .9257947 .9293873 .8851061 .8617194 .8445246 .8463961 .8780206 .91794 .9156883 .9104819 .92865 .9333273 .927744 .9079214 .8502516 .8491325 .8527383 .844129 .8193074 .7801772 .7815445 .8044897 .8479793 .8623496 .8652206 .9233645 .9749444 1.010965 1.016736 .9608719 .8885404 .8161767 .8271571 .867983 .9042547 .9515795 .9641404 .9265297
.9176095 .9306093 .9454645 .9469154 .937526 .9293045 .9368882 .9345082 .932412 .9256767 .9172633 .9149677 .9221185 .9241876 .9284266 .9224298 .9172364 .9331969 .9389649 .9352742 .9272243 .9202162 .9134865 .91709 .9322655 .9492154 .9438875 .9137425 .8882797 .8456038 .8295608 .8393744 .8735685 .8739092 .8828933 .9176359 .9348227 .941383 .9341556 .922271 .9611079 .9817378 .9484755 .8781811 .824828 .8150469 .7835162 .7476835 .7194386 .7293727 .817004 .862698 .8795115 .852036 .8450365 .8114031 .7866998 .7753058 .8039195 .834614 .8689966 .9246899 .9503036
.8909968 .9045152 .9293961 .9284436 .9245967 .9240886 .9360499 .9335928 .9264602 .9202231 .9099978 .9054585 .9102474 .9198436 .9369658 .9444596 .9542953 .9464437 .9393757 .9344468 .9288744 .9335039 .9271384 .9403813 .9530026 .962465 .9421024 .9352728 .9197956 .8752694 .8508577 .8182768 .8275347 .8378431 .8762673 .9176141 .9398429 .9576457 .9844704 1.010581 1.02114 1.014541 .9797211 .9418313 .8765884 .8555965 .802391 .7513621 .70509 .664183 .6124785 .5792723 .5674322 .5591697 .6606477 .7550124 .8165891 .8199969 .8261189 .8528524 .8782454 .9325711 .9590706
.8816592 .8838587 .8907146 .9002712 .9091244 .9141699 .9294491 .9260752 .9194126 .9124773 .9086976 .917014 .9285004 .9316972 .94631 .9443258 .9489514 .9388672 .9303689 .9300275 .931518 .9440421 .9476985 .974591 .9770951 .9733309 .9530513 .9477624 .9178556 .9024648 .9048524 .8905244 .8811502 .8709076 .8994462 .930782 .9623246 .9860029 .9956975 1.005238 .9972963 1.001469 .9743828 .9552001 .9367453 .9200372 .8847327 .8308495 .7646431 .7101231 .594626 .5154366 .4789056 .4882826 .5678159 .6654615 .7876168 .8645394 .8903593 .9160051 .9227859 .9625365 .9825769
.900901 .9121631 .9179519 .8993389 .8953692 .9020432 .9187331 .9176692 .9145561 .9189203 .9303274 .9316526 .9269206 .922548 .9268975 .9253808 .9224607 .9179347 .9141356 .9159632 .9208813 .9244416 .9321192 .9494084 .9563843 .9639165 .9574163 .9470708 .9137752 .9102296 .918856 .915016 .9207169 .935035 .9377894 .9514057 .9707137 .9775065 .9833673 .974777 .9785154 .9952395 .9881395 .9631613 .9545655 .9482192 .9359179 .9096712 .8665439 .8577798 .8451726 .8355541 .835308 .7629501 .675145 .7238766 .7834492 .8531942 .9017252 .9414913 .9803176 1.013868 1.056113
.9344631 .9371331 .9284556 .902133 .883512 .8839443 .9068598 .9053014 .9038287 .9164018 .9251055 .9265743 .9181296 .9056736 .8951637 .901775 .8958862 .8890558 .888215 .8883322 .8922262 .8846556 .8908767 .8980618 .9130998 .9270629 .9398636 .9531078 .9708361 .9718934 .9703087 .966266 .9668879 .9899729 .9783031 .9414861 .9334216 .9491105 .9762737 .989418 1.001563 1.037977 1.027129 .9899569 .9748779 .9384065 .9261895 .883665 .8907374 .9136907 .9239731 .9510869 .9863621 .9999535 .9270317 .8357546 .7908102 .792172 .8704414 .9324486 .9868392 1.079268 1.13658
.9392621 .9377465 .9281189 .9089305 .8853114 .8737252 .9001672 .8915338 .8894213 .9048347 .910558 .9157172 .9121414 .8975767 .882828 .8737386 .8674848 .864807 .8664432 .8620625 .8604153 .8571179 .8677697 .8722091 .886533 .8964913 .91688 .9487319 .9826401 .9961132 .9960002 1.006418 1.027337 1.014785 .977819 .9480479 .9305151 .9315727 .9365842 .9546847 .9885979 1.021517 1.028455 1.01795 .9995668 .9524447 .8962934 .8181884 .7890455 .8023908 .7908607 .8490645 .950021 .9849735 .9761645 .8852585 .7828759 .7525883 .793367 .8637934 .93415 .9819283 1.002485
.9232685 .9267955 .927565 .9179732 .9056282 .8934175 .8934789 .8868265 .8804869 .8893527 .8959078 .9008355 .904379 .890091 .8821471 .8697002 .8587707 .8568287 .8606557 .8555736 .859334 .8452071 .8453665 .8487958 .8592489 .8610603 .8734126 .8828827 .9052497 .9044402 .9265655 .9480156 .9538151 .9748198 .9696592 .9649127 .9575781 .9452214 .9199405 .9018338 .8690524 .8883019 .8963149 .8699818 .8524995 .7876865 .7292867 .7158375 .6960193 .6933601 .6940241 .6859468 .6595761 .6708572 .7358611 .7018904 .6871664 .6680936 .7129061 .7394661 .7740209 .7916335 .8076592
.9027222 .9101193 .9148197 .9150702 .9111598 .9113823 .8965604 .885258 .8773344 .8751228 .8805622 .8839521 .8851536 .8777644 .8861684 .8773327 .8606863 .8571141 .8620169 .8644516 .8664492 .8403008 .8276488 .8191242 .8235516 .8207225 .8187824 .795518 .7875586 .8107268 .8620438 .8855858 .8979182 .9237677 .9383563 .9538932 .9559637 .9253044 .8980356 .8731671 .8587587 .8141738 .730693 .6892846 .6344643 .617691 .5869618 .608754 .655246 .6879976 .6841782 .6599743 .6069826 .5148448 .5113621 .5527614 .5637384 .5582952 .5440418 .5398185 .5806156 .5759322 .5614622
.8889962 .8929632 .8963889 .8979889 .8893924 .8816195 .8751538 .8659114 .8652015 .8610318 .8677085 .8715944 .8681789 .8665909 .8739309 .8615059 .8488449 .8447497 .8543565 .852873 .8682326 .8795542 .8608046 .8529607 .8324007 .8050737 .7797992 .7499674 .7344967 .7508423 .8363622 .879621 .9045128 .9163979 .9145889 .8846985 .8594241 .848438 .8254184 .7778394 .77808 .7674232 .7351142 .7070284 .7532687 .8210993 .8093494 .7980304 .7985563 .7276824 .7090026 .678586 .6544684 .6331698 .6510665 .6639847 .6300555 .572116 .6332021 .6367683 .5779381 .5697364 .5754929
.8802958 .87697 .8758607 .8716794 .8623262 .856234 .8543199 .8451033 .8461278 .8475564 .8560048 .8641846 .8657039 .863127 .8588972 .8497948 .8353441 .822905 .8251405 .826507 .8497124 .8604927 .8676442 .8623288 .8430588 .8141344 .8010136 .7731193 .7791973 .8323026 .8981744 .9233306 .9368725 .9252757 .9204621 .9271914 .9156784 .8851311 .8690583 .7922658 .7362348 .7297325 .726224 .7570134 .8444087 .9138466 .9658426 1.008252 .966327 .8523588 .7250518 .70723 .7477656 .8265111 .8995056 .9543102 .9415504 .9600773 .9697058 .9153385 .8425411 .7665599 .7412949
.8765064 .8646483 .8591261 .8570351 .8477635 .8409706 .8392467 .8392897 .8405714 .8372321 .8414853 .8500466 .849539 .8492779 .8462298 .8423732 .8334902 .8234004 .8195765 .8099843 .81326 .8140607 .8274665 .8304498 .8377212 .8437964 .8452905 .8753031 .9084139 .9231762 .9305307 .9272103 .9240217 .9072467 .9043036 .913226 .9137222 .8997496 .8817453 .8198105 .7620923 .7331051 .7802158 .8259671 .9053122 .9467539 .9633892 .9587628 .944279 .933808 .9172736 .9011703 .9198493 .9678008 1.025861 1.071268 1.117312 1.153805 1.116964 1.066285 1.019341 .9761782 .9159691
.8735411 .8601606 .8471829 .8517625 .8495778 .8456051 .8348891 .838945 .8306374 .8219755 .8167913 .8247861 .8218663 .825783 .833773 .8391799 .8579536 .8607325 .8392361 .8199979 .8244109 .7999892 .7998422 .802128 .8193594 .8425134 .8906199 .9473253 .9892482 .9974571 .9721767 .9225221 .906617 .878742 .8594307 .841974 .8096271 .8150548 .8076358 .7979099 .8102533 .8755667 .9425676 .9602776 .9750445 .9943537 .9766644 .9598835 .9735715 1.010279 1.042734 1.063576 1.064137 1.090416 1.079638 1.096232 1.111866 1.084766 1.060629 1.031952 1.009336 .9761143 .953985
.8697268 .8658267 .866985 .8584504 .8501983 .8472661 .8348634 .8265116 .8170899 .8066142 .7910345 .7842525 .7868155 .7957381 .8187761 .8446931 .8512433 .8551962 .8549984 .8564034 .8386185 .8223189 .8048027 .7796028 .7822335 .8091444 .8505146 .8997773 .9360926 .9319655 .9247828 .8908285 .870388 .8425311 .8364998 .8263861 .796899 .803709 .7894261 .7880092 .80999 .8725989 .9183585 .9532498 .9637376 .9821431 1.007029 1.018392 1.036055 1.055523 1.072427 1.080263 1.073642 1.056837 1.042725 1.030128 1.034515 .997585 .9810488 .9763961 .9649754 .9605001 .9477255
.8536242 .8551016 .8584304 .8515989 .8388439 .8273857 .8057231 .8051003 .8014259 .79306 .778537 .7778285 .7641531 .7656649 .7712609 .7737797 .789954 .813572 .8287292 .8395619 .8256989 .8231028 .8020764 .7809399 .7666883 .7502768 .7761253 .8268369 .8713372 .884589 .8882859 .8691932 .8538451 .8325927 .8316669 .8282059 .7987325 .8013508 .7748305 .7533821 .8030439 .8727655 .9056373 .9304482 .9389333 .954469 .9973347 1.018741 1.037492 1.054085 1.05817 1.052735 1.040435 1.024305 1.004331 .9854116 .9734811 .9510835 .945702 .9571742 .9570771 .9599131 .9515221
.8375673 .8358019 .8371567 .8367815 .8248971 .8104743 .7967016 .7910771 .7844766 .7723203 .7799535 .7758257 .7536194 .7448832 .7308422 .7135121 .7212297 .7554318 .7798068 .7918953 .8058501 .8114785 .8058257 .8062887 .7835733 .7711787 .7864599 .8304111 .8572269 .8729001 .8918281 .9088061 .9061981 .9292483 .9038118 .8979839 .842333 .7905418 .7512751 .8204409 .8742412 .8857112 .871285 .88719 .8660513 .8672276 .9267217 .9449534 .9863032 1.032368 1.034916 1.026973 1.012393 .9896164 .9563915 .9246559 .9180667 .9135332 .9159406 .9294916 .947207 .9459338 .9437339
