py_wake/examples/data/AJ_ParqueFicticio/Rough survey   Sector 5   Height 200m   Orographic turn.grd
DSAA
73  159
 258469   265669
 6501692   6517492
-11.52357   15.27929
[rows 0 to 26 of 159, columns 0 to 60 of 73]
-.3741055 -.4682598 -.5336285 -.5824065 -.6371598 -.7011931 -.7629875 -.8126721 -.8510257 -.8876171 -.936516 -.9796306 -1.020568 -1.001611 -.9707191 -.8893062 -.7562367 -.6161681 -.3962258 -.1793854 -.04798914 -.2341369 -.7324412 -1.202137 -1.469086 -1.594786 -1.509906 -1.668967 -1.807499 -1.80748 -1.74113 -1.743337 -1.53648 -1.273111 -1.082447 -1.150572 -1.412955 -1.811129 -2.022974 -2.126095 -2.275821 -2.464687 -2.64961 -2.840486 -2.873179 -2.831221 -2.772581 -2.723559 -2.692493 -2.712689 -2.743725 -2.820592 -2.912308 -3.031825 -3.135573 -3.242642 -3.352639 -3.412295 -3.405068 -3.324202 -3.233792
-.420408 -.5180869 -.5493522 -.5778598 -.6322012 -.7054198 -.7591026 -.8510028 -.8878769 -.9023625 -.9380578 -.9779509 -1.0082 -1.019561 -.9771227 -.8721644 -.7377575 -.5384523 -.2854901 .01315275 .1622763 -.1022596 -.6986531 -1.176936 -1.352152 -1.463336 -1.512393 -1.713085 -1.87852 -1.850282 -1.834414 -1.759125 -1.617873 -1.37371 -1.149525 -1.135637 -1.273243 -1.535408 -1.686237 -1.773758 -1.875393 -2.066858 -2.299455 -2.507257 -2.673681 -2.653464 -2.619633 -2.565493 -2.5531 -2.569193 -2.63547 -2.758781 -2.901035 -3.060535 -3.190009 -3.31333 -3.447232 -3.513534 -3.492613 -3.461696 -3.365524
-.3603554 -.5174093 -.5380306 -.5790998 -.6724033 -.7434293 -.8039207 -.8685286 -.9260933 -.962896 -.9637273 -.9983879 -1.053551 -1.074552 -1.037824 -.9020019 -.7221332 -.512306 -.2467958 .03948218 .1360155 -.1331397 -.7114617 -1.126054 -1.393138 -1.490113 -1.514923 -1.712435 -1.887653 -1.926733 -1.930669 -1.869739 -1.756144 -1.553084 -1.308077 -1.11638 -1.122689 -1.299223 -1.359858 -1.415221 -1.519129 -1.816731 -2.086173 -2.296059 -2.432156 -2.517357 -2.500405 -2.441983 -2.43059 -2.409454 -2.478674 -2.646234 -2.84129 -3.016847 -3.192892 -3.36979 -3.527228 -3.639417 -3.689483 -3.658482 -3.585188
-.2000293 -.3764243 -.509366 -.6094382 -.684379 -.7605345 -.8617743 -.9355226 -.9929913 -1.048749 -1.053873 -1.033842 -1.082035 -1.123822 -1.122581 -.9789341 -.7967443 -.5592926 -.2891438 -.0107281 .01397957 -.2992676 -.8327519 -1.22762 -1.475733 -1.509174 -1.613863 -1.74983 -1.919964 -1.987545 -2.028805 -2.120833 -2.025214 -1.827143 -1.662261 -1.553129 -1.392004 -1.378072 -1.296675 -1.217225 -1.374301 -1.726006 -2.078577 -2.225043 -2.305636 -2.357095 -2.376497 -2.368739 -2.357355 -2.346606 -2.374299 -2.537107 -2.723717 -2.983894 -3.228011 -3.459375 -3.685597 -3.864411 -3.960362 -3.954226 -3.862075
-.01783695 -.2047392 -.4105507 -.5944903 -.6882604 -.8012325 -.891761 -1.013333 -1.077547 -1.116595 -1.146807 -1.118681 -1.11917 -1.166254 -1.201066 -1.094572 -.8907404 -.6552858 -.3724081 -.120677 -.1532541 -.5177635 -1.025053 -1.46914 -1.736142 -1.716706 -1.756933 -1.893918 -2.050851 -2.140317 -2.261621 -2.314171 -2.279355 -2.146106 -2.213223 -2.268023 -2.284562 -2.081752 -1.881417 -1.548111 -1.598552 -1.975273 -2.362252 -2.357266 -2.259592 -2.184218 -2.18766 -2.270301 -2.248301 -2.271443 -2.203897 -2.349524 -2.560091 -2.871491 -3.199834 -3.55017 -3.882837 -4.125988 -4.298588 -4.355956 -4.28064
.1069009 .03729608 -.1676784 -.4483442 -.6764709 -.7963477 -.9235546 -1.047774 -1.108097 -1.150639 -1.165959 -1.189855 -1.178526 -1.265414 -1.255255 -1.24159 -1.076577 -.8347893 -.5486878 -.367477 -.4457608 -.7765488 -1.201615 -1.646973 -1.950899 -1.996322 -2.006322 -2.077497 -2.194668 -2.367724 -2.517887 -2.620645 -2.612306 -2.737375 -2.802844 -2.987631 -3.201107 -3.144165 -2.790928 -2.328648 -2.255256 -2.543319 -2.726341 -2.589884 -2.481234 -2.322906 -2.297994 -2.343485 -2.281092 -2.18378 -2.169138 -2.182901 -2.405799 -2.756864 -3.223787 -3.721724 -4.168926 -4.513651 -4.787775 -4.892123 -4.855547
.2744637 .260439 .1693749 -.110019 -.4856921 -.7488422 -.8582178 -.9272173 -.9958225 -1.04807 -1.069494 -1.135381 -1.171752 -1.22407 -1.252758 -1.300639 -1.31629 -1.155739 -.9480781 -.7237277 -.7672278 -1.041618 -1.422716 -1.787322 -2.072544 -2.174291 -2.247897 -2.271455 -2.358387 -2.470283 -2.60469 -2.802362 -2.987474 -2.989085 -3.140389 -3.293266 -3.532833 -3.64383 -3.394039 -3.089234 -3.141922 -3.245213 -3.175165 -2.888768 -2.711866 -2.633082 -2.591699 -2.559408 -2.473676 -2.324982 -2.226115 -2.246453 -2.415977 -2.750401 -3.318341 -3.939208 -4.510166 -4.987811 -5.389393 -5.578995 -5.569312
.3826924 .3976848 .3750793 .2145433 -.1057618 -.4626657 -.664966 -.742484 -.7934312 -.8501877 -.8874092 -.9715753 -1.08421 -1.182761 -1.246205 -1.374423 -1.522349 -1.540926 -1.431788 -1.298525 -1.295045 -1.471759 -1.739264 -1.966225 -2.133366 -2.252344 -2.334136 -2.38884 -2.421996 -2.503307 -2.602528 -2.787033 -3.000616 -3.131937 -3.298612 -3.498316 -3.719227 -3.862252 -3.825378 -3.800639 -4.065072 -4.115655 -3.822833 -3.39252 -3.07593 -3.037448 -2.98644 -2.966408 -2.742711 -2.568865 -2.48466 -2.557808 -2.755017 -3.096931 -3.628484 -4.329862 -4.943696 -5.502854 -5.989796 -6.294792 -6.248092
.4685932 .4918711 .4627517 .2889364 .01862189 -.2759766 -.471228 -.5106145 -.5687881 -.5926117 -.6970825 -.8161303 -.9723418 -1.016135 -1.120848 -1.363796 -1.647512 -1.894269 -1.998778 -2.032023 -1.994708 -2.114277 -2.31354 -2.341483 -2.390546 -2.415159 -2.509465 -2.509255 -2.499541 -2.509355 -2.539281 -2.737221 -2.973014 -3.19644 -3.439852 -3.63282 -3.977768 -4.176935 -4.379699 -4.595572 -5.040504 -5.179129 -4.821691 -4.293739 -3.935138 -3.841987 -3.751312 -3.597472 -3.421408 -3.28601 -3.132782 -3.163063 -3.360992 -3.746849 -4.288306 -4.848156 -5.386366 -5.959371 -6.484834 -6.77803 -6.712614
.5472447 .5746469 .5367565 .3939946 .213019 -.1110827 -.2976683 -.3131268 -.3033694 -.3334141 -.4542384 -.6411772 -.8210173 -.880577 -.918884 -1.155499 -1.551015 -1.954897 -2.335463 -2.602011 -2.775138 -2.983749 -3.110126 -3.168471 -3.095734 -2.845312 -2.715692 -2.669466 -2.54452 -2.454572 -2.498211 -2.700409 -2.942719 -3.166529 -3.428458 -3.674571 -4.019726 -4.490931 -4.852807 -5.253905 -5.788916 -6.018388 -5.912291 -5.515667 -5.278184 -5.070113 -4.848614 -4.546481 -4.346375 -4.227458 -4.085601 -4.022558 -4.200552 -4.670772 -5.19667 -5.487258 -5.844727 -6.303275 -6.669747 -6.887944 -6.789455
.6350373 .6473555 .6245327 .5627301 .6187189 .4358265 .2966572 .1126337 -.01066218 .002137954 -.1922892 -.4933629 -.6820772 -.7054371 -.7255462 -.9026126 -1.269707 -1.725764 -2.194788 -2.685279 -3.173488 -3.577043 -3.842459 -3.889357 -3.897142 -3.666038 -3.299269 -2.926135 -2.68945 -2.512583 -2.525373 -2.668675 -2.911163 -3.151555 -3.38726 -3.630847 -4.037496 -4.511054 -5.032945 -5.504624 -5.975958 -6.311515 -6.474808 -6.506381 -6.600782 -6.350231 -6.060732 -5.731429 -5.488492 -5.284956 -5.156371 -5.099564 -5.30129 -5.755765 -6.183739 -6.33876 -6.417921 -6.600399 -6.787043 -6.843404 -6.670855
.7092987 .7325476 .6998858 .6861414 .6878343 .6221713 .528058 .556255 .507335 .4648726 .101218 -.2500969 -.4878288 -.5483136 -.5762783 -.7093287 -.9925013 -1.304721 -1.705954 -2.26555 -2.983795 -3.657672 -4.12483 -4.256857 -4.254362 -4.147593 -3.693779 -3.16152 -2.910819 -2.649696 -2.632434 -2.715577 -2.892987 -3.165423 -3.332586 -3.588162 -3.982358 -4.439995 -4.996849 -5.469009 -5.916329 -6.213185 -6.580303 -6.884312 -7.181734 -7.145196 -6.899689 -6.700031 -6.492642 -6.349235 -6.31122 -6.373268 -6.627392 -7.06846 -7.39777 -7.441759 -7.457365 -7.426147 -7.417281 -7.267092 -6.965358
.7656358 .8003144 .7649364 .7366961 .6868298 .6171787 .638616 .7821182 .9818348 .9277878 .4667856 .1222268 -.0677166 -.2632779 -.4858653 -.7333956 -.9242752 -1.037076 -1.306138 -1.702305 -2.295784 -2.994131 -3.759759 -4.185894 -4.323286 -4.288366 -4.07442 -3.624137 -3.225957 -2.953892 -2.80633 -2.807054 -2.931031 -3.162371 -3.370075 -3.62132 -3.946953 -4.328667 -4.799722 -5.306911 -5.729458 -6.091826 -6.505572 -6.935572 -7.358508 -7.41228 -7.366772 -7.257487 -7.178171 -7.210738 -7.386026 -7.706528 -8.108251 -8.511494 -8.773682 -8.973115 -9.013069 -9.049165 -8.93307 -8.584683 -8.086812
.8003716 .7712606 .7303488 .7191088 .6846392 .683875 .7764385 1.018263 1.217262 1.162779 .8372146 .5116767 .354858 .2220368 -.07572602 -.5309491 -.7969313 -.9805833 -.9881805 -1.206075 -1.662251 -2.388099 -3.110454 -3.679236 -4.033425 -4.14594 -4.097555 -3.829764 -3.365935 -3.106401 -2.923464 -2.85233 -2.935268 -3.133711 -3.462817 -3.715068 -3.953916 -4.208481 -4.525077 -4.935222 -5.431545 -5.894699 -6.325461 -6.80851 -7.252129 -7.526151 -7.566462 -7.65362 -7.661043 -7.847619 -8.17476 -8.598015 -9.206812 -9.732705 -10.05544 -10.27981 -10.47513 -10.60092 -10.58417 -10.27909 -9.801964
.7875132 .7471042 .715315 .7082608 .7278835 .7614324 .8892742 1.074418 1.240286 1.229555 .9434794 .6815988 .5549944 .4384564 .1606604 -.2398984 -.4962899 -.6366886 -.7377391 -.8312629 -1.114855 -1.650423 -2.326055 -3.051933 -3.550092 -3.794386 -3.78169 -3.570848 -3.346665 -3.10743 -2.972203 -2.890207 -2.889748 -3.111779 -3.50529 -3.882424 -4.00334 -4.093379 -4.199314 -4.507978 -5.006831 -5.559776 -6.077557 -6.538806 -6.910845 -7.245053 -7.415867 -7.676095 -8.010962 -8.248934 -8.583475 -8.987673 -9.569465 -10.06078 -10.44734 -10.6526 -10.89818 -11.20712 -11.3234 -11.286 -10.92048
.7513037 .7306553 .7315655 .7379439 .7421431 .8347062 .9566937 1.109403 1.216525 1.19113 .962561 .7711543 .6597174 .5533919 .4057741 .1550622 -.0791778 -.2092596 -.349279 -.4702455 -.7098001 -1.039587 -1.438675 -2.022903 -2.67593 -3.151355 -3.3065 -3.24885 -3.08233 -2.946226 -2.766923 -2.705203 -2.672838 -2.931549 -3.414758 -3.812044 -3.965684 -3.900343 -3.808713 -3.863935 -4.347478 -4.969089 -5.616511 -6.135494 -6.465693 -6.7457 -7.047295 -7.355194 -7.820166 -8.253363 -8.496334 -8.736923 -9.084389 -9.477757 -9.753256 -9.991693 -10.33792 -10.62786 -10.82002 -10.93651 -10.9315
.7399254 .6955988 .7262445 .750364 .7740618 .8537513 .9733763 1.11642 1.178985 1.1356 1.001714 .864198 .7585919 .6426455 .5456184 .4418136 .2755366 -.01615194 -.1836901 -.3220396 -.4911848 -.695757 -.9086357 -1.203966 -1.61734 -2.197482 -2.558604 -2.684151 -2.668146 -2.541131 -2.387083 -2.212448 -2.170889 -2.473493 -3.007384 -3.30826 -3.426065 -3.288827 -2.988814 -3.036532 -3.510183 -4.22565 -5.000563 -5.573148 -5.92228 -6.105891 -6.30175 -6.714826 -7.237064 -7.68487 -7.942737 -7.977238 -8.071911 -8.211482 -8.516099 -8.848286 -9.196593 -9.490152 -9.738776 -9.842461 -10.00114
.736054 .7257066 .7156342 .7560333 .7858524 .8568293 .9704032 1.057956 1.121635 1.087173 .9931219 .8657457 .776791 .6429935 .5409058 .4442053 .3417674 .1432538 -.002040953 -.1748677 -.2894609 -.4246474 -.5441037 -.6425804 -.8496066 -1.162059 -1.418642 -1.684214 -1.85032 -1.831836 -1.600149 -1.35353 -1.373179 -1.832486 -2.36256 -2.552615 -2.445203 -2.155259 -1.697179 -1.698994 -2.276342 -3.0557 -3.874147 -4.585726 -5.007925 -5.161071 -5.3584 -5.670123 -6.190689 -6.559743 -6.694907 -6.712192 -6.761449 -6.959743 -7.319492 -7.798834 -8.313168 -8.660062 -8.851453 -9.009154 -9.130795
.7347829 .7374423 .7619871 .7631769 .8101161 .8526745 .9316897 1.019228 1.073324 1.036535 .9407563 .8257351 .7750524 .659499 .5348415 .4631051 .3433742 .2069211 .09482511 -.05198823 -.1468568 -.1967572 -.1911259 -.1968338 -.1621342 -.1990184 -.3465436 -.5631622 -.7223366 -.7613213 -.6615689 -.457078 -.6036882 -1.174225 -1.605748 -1.76356 -1.569892 -1.029091 -.4732913 -.4102442 -1.12883 -1.777409 -2.383641 -2.908837 -3.373442 -3.719237 -3.961195 -4.356252 -4.806925 -5.147979 -5.281136 -5.441017 -5.653578 -6.062812 -6.606489 -7.256757 -7.798868 -8.247382 -8.541633 -8.647914 -8.676091
.7459715 .7576607 .784565 .7869893 .8132981 .8402342 .9103166 .9496022 1.007237 .988208 .8854313 .8446202 .7977679 .6513348 .5579824 .4566765 .3841844 .2532355 .1597875 .03191325 .003797823 -.03116744 -.01618973 .004884124 .0638688 .2217286 .3251381 .2882298 .130025 .09859864 .1741092 .1360448 -.140108 -.6646505 -.9943253 -1.134157 -.829853 -.1135354 .6638893 .6177759 -.1063468 -.7333799 -1.129268 -1.437562 -1.786197 -2.084639 -2.486665 -3.057237 -3.522066 -3.841514 -4.094008 -4.363457 -4.896842 -5.508681 -6.2183 -6.956337 -7.617365 -8.099684 -8.449677 -8.581937 -8.537754
.6900282 .7611336 .8223104 .8373291 .8226243 .8487774 .8840465 .8936076 .9242355 .9028693 .8256829 .7945753 .761655 .6688272 .5454866 .4690931 .4302619 .3059349 .2157304 .1817691 .1666198 .1218492 .09308872 .08217125 .156545 .3120612 .4758857 .5888542 .5710838 .5889091 .5431976 .2975859 .1103206 -.291734 -.5304053 -.5891618 -.2367653 .6270405 1.421628 1.307329 .5536586 -.1063551 -.3954581 -.6015996 -.7539558 -.9563416 -1.420584 -2.062961 -2.601026 -2.914356 -3.21985 -3.707381 -4.39885 -5.152248 -6.011178 -6.848261 -7.576617 -8.130557 -8.499539 -8.619953 -8.446931
.6372409 .6652947 .7826059 .8159583 .8069134 .8150648 .8292306 .8522945 .8635842 .8023893 .7569656 .7265779 .7037699 .6270537 .5634035 .4921288 .4308744 .3635591 .2946609 .3116219 .3253895 .2440539 .1630918 .1231191 .2005462 .3111622 .4612084 .6118765 .7814205 .9587147 .7557777 .4003567 .1113921 .002756977 -.1134771 -.144028 .3155955 1.013454 1.700394 1.519098 .8243703 .2518722 -.1010852 -.3090239 -.337421 -.5339295 -.910878 -1.402763 -1.923358 -2.324892 -2.734331 -3.272984 -4.032345 -4.894988 -5.741073 -6.677297 -7.479641 -8.092722 -8.46395 -8.567359 -8.306693
.6634635 .6586629 .7128783 .7814512 .7944781 .8038654 .7993599 .8000748 .8137782 .7493776 .7318357 .6717551 .6525651 .5882747 .5405853 .5020136 .4487425 .35739 .3351196 .3371915 .3608766 .2952522 .2306348 .2381135 .2627706 .3482063 .4484528 .6103781 .9208136 1.101693 .9186428 .6056598 .3458225 .2831236 .2643288 .2773343 .7183287 1.253872 1.609327 1.490255 .9226193 .3716354 -.04118924 -.1358963 -.232095 -.3966572 -.6687905 -1.007046 -1.41271 -1.879786 -2.374471 -3.044688 -3.810309 -4.651483 -5.543396 -6.478419 -7.322011 -7.992319 -8.355001 -8.391449 -7.984107
.6878573 .6970996 .754134 .7715408 .7809325 .7806824 .7766117 .7828636 .7802146 .7489493 .7077787 .6732188 .6226339 .5953537 .5276284 .4982366 .4079137 .3526095 .3614791 .3943203 .3891753 .3547376 .3171045 .3183824 .3506354 .4157191 .5396674 .691808 .9765838 1.060555 .8611006 .6995062 .6613885 .6501024 .6866874 .6008614 .8967965 1.38833 1.597099 1.401205 .9975708 .45031 .06700484 -.06319004 -.2090443 -.4008394 -.5660452 -.7948785 -1.120563 -1.547246 -2.094132 -2.807182 -3.65684 -4.531444 -5.357761 -6.30865 -7.20668 -7.905303 -8.244041 -8.079251 -7.529602
.7007954 .7385239 .7646369 .7541107 .7651942 .756807 .7607801 .7700793 .7505691 .7522439 .696915 .674633 .6362161 .6009467 .5335907 .4932674 .4420078 .4217909 .4104268 .4510984 .468082 .439904 .4033307 .4371533 .4492613 .5459395 .7021623 .8945607 1.041451 1.040342 .9971056 .8679468 .9158211 1.009234 1.087679 .9489089 .9915502 1.330058 1.525062 1.390739 1.155582 .6246647 .2244446 .05477753 -.1345566 -.2933948 -.4334376 -.6073201 -.8284519 -1.197005 -1.761507 -2.609298 -3.52595 -4.421316 -5.276362 -6.179133 -7.166684 -7.850508 -8.084481 -7.733493 -6.895732
.6853353 .72737 .7516583 .7216144 .7159599 .7029041 .7323011 .740486 .7448565 .7658266 .7025651 .6690159 .6274117 .5586255 .5290108 .4829369 .4668406 .4791078 .4780516 .5220465 .5173329 .5346238 .533879 .5792909 .6175277 .7723196 .9252454 1.085822 1.169295 1.101377 1.014057 .9573023 1.115157 1.317398 1.424461 1.252703 1.148577 1.31849 1.472411 1.494375 1.354275 1.030688 .5571558 .2565639 .02640205 -.08154356 -.1726222 -.2976922 -.525169 -.9002201 -1.464077 -2.34285 -3.400311 -4.400835 -5.250017 -6.211626 -7.194579 -7.891299 -7.953128 -7.374347 -6.255851
.7206631 .7631833 .7826621 .7298388 .7142184 .6899047 .7104284 .7162711 .7508605 .7597808 .712247 .6859154 .6196607 .5534709 .5371343 .5335895 .5284411 .5287132 .5440852 .5691245 .5903134 .6152604 .6341779 .7006601 .7500285 .9325599 1.106925 1.215918 1.191036 1.22352 1.091998 1.03749 1.219063 1.468837 1.618898 1.511247 1.352319 1.353185 1.438686 1.578059 1.642558 1.38489 .9483938 .620638 .4185163 .339627 .2466608 .05723529 -.2221107 -.6343533 -1.244224 -2.133573 -3.246527 -4.330709 -5.299609 -6.311956 -7.345487 -7.917687 -7.816654 -6.97561 -5.613839
