py_wake/examples/data/AJ_ParqueFicticio/Rough survey   Sector 12   Height 30m   Orographic turn.grd
DSAA
73  159
 258469   265669
 6501692   6517492
-60.97178   44.63027
[rows 54 to 80 of 159, columns 0 to 60 of 73]
-2.485909 -2.253713 -1.76687 -1.958751 -2.148154 -2.253742 -1.950695 -1.931063 -1.897173 -1.688721 -1.521639 -1.340797 -1.296782 -1.199394 -1.138634 -1.377951 -.8302067 -.5647049 -1.05734 -1.326942 -.9320232 -.8847156 -1.863666 -1.205131 -.8373157 -1.265209 -1.042361 -1.15559 -2.658542 -4.424356 -5.293918 -4.105939 -1.242106 -.5029764 -1.348203 -1.494888 .3650936 5.853912 10.89638 6.032777 6.192146 7.350695 10.74603 15.12048 14.17866 9.828918 8.327867 7.500646 3.284751 .742491 -5.472878 -11.35789 -11.45307 -2.870104 .006448806 -8.885775 -13.86265 -13.53195 -8.116431 1.762909 2.508369
-2.122058 -1.7719 -1.73971 -1.978666 -2.300778 -2.248683 -1.86531 -1.778972 -1.745157 -1.66327 -1.542526 -1.443367 -1.573465 -1.475746 -.8677353 -1.263811 -.9064555 -.7845989 -1.229003 -1.953259 -1.90549 -1.05207 -1.563873 -1.181656 -.9332507 -1.430101 -1.038603 -.7405217 -2.264476 -4.277374 -4.949015 -1.403566 2.560105 2.603056 2.269964 .7179698 2.197159 6.237942 14.32318 13.29308 8.494007 9.732343 10.84286 14.3495 15.78487 11.45061 10.40655 10.75243 4.375559 -1.802558 -9.106612 -14.19352 -13.43672 -5.20571 .2410009 -7.931611 -15.85959 -15.4376 -10.04798 -2.324902 5.770624
-1.735756 -1.873962 -2.035856 -2.01228 -2.329615 -1.635547 -1.676617 -1.73581 -1.837603 -1.688277 -1.546769 -1.360352 -1.529931 -1.568987 -.7995623 -.8478382 -.8473275 -.7761481 -.990469 -1.476432 -.969304 -.3129605 -.6539058 -.9627162 -.9485142 -1.242445 -.90444 .01628945 -.2168699 -1.84727 -2.489839 1.477335 5.688641 7.148639 4.788192 3.454354 2.420637 6.20971 14.14723 16.99142 12.37626 10.23641 12.86474 13.62462 14.2252 10.91009 10.34325 11.14104 5.249869 -2.407636 -8.174176 -12.15337 -11.71464 -5.684474 -1.057588 -7.341532 -16.4262 -17.30363 -12.54193 -5.462875 2.256253
-1.305921 -2.292298 -2.432634 -1.894008 -2.192091 -1.738743 -1.677204 -1.856968 -1.890693 -1.752348 -1.50823 -1.232006 -1.012948 -1.430557 -.7780941 -.6931979 -.7422595 -.7436531 -.7943385 -1.427203 -.8991426 -.611164 -.732787 -.6159423 -.8345149 -.9851478 -.8090955 1.019013 2.77192 1.143496 -1.323296 1.636753 5.781816 7.692957 6.295947 4.810572 3.162241 5.56842 12.18783 15.57404 12.98428 11.23907 8.939363 9.554304 9.400505 7.526634 7.006129 8.837291 7.087137 .9611332 -6.644663 -10.6519 -11.89119 -5.018152 1.381359 -3.380748 -13.07009 -15.58861 -13.7384 -7.171255 .1363266
-2.102524 -3.180853 -3.117152 -2.238055 -2.017735 -2.073495 -1.835685 -2.120065 -2.11795 -1.912024 -1.570528 -1.201277 -1.144341 -1.726596 -1.407112 -1.01449 -.9054958 -.8859667 -.9371254 -1.414318 -1.113073 -.9143023 -.9204262 -.1026558 -.5768323 -.8433883 -.4860468 .5238838 2.984403 1.382569 -3.595404 .3876389 3.890468 5.974444 4.757039 3.722225 1.106814 4.079005 9.260405 13.39384 12.35773 11.31948 9.036814 6.770607 5.173378 3.64019 2.14329 4.545815 5.77492 2.048659 -5.764152 -10.62789 -12.22465 -6.239582 1.808246 -3.5308 -11.84704 -14.95337 -13.17947 -7.561662 .980817
-2.841272 -3.053033 -4.019815 -3.502209 -2.187763 -1.983679 -1.943237 -2.345838 -2.398743 -2.121765 -1.780432 -1.495752 -1.175789 -1.804912 -1.755307 -1.34119 -1.067556 -1.105784 -1.008803 -1.32787 -1.110548 -.5426835 -.5692017 -.1929853 -.2956012 -.6948172 -.856841 -1.601215 -1.431951 -2.379957 -6.079424 -4.748597 -1.338461 2.96278 1.68072 1.571578 .2858626 2.464176 7.130667 10.84763 11.60509 10.10497 9.091722 5.603528 1.371446 .826569 -.8340817 .2130222 2.946939 2.022219 -4.566783 -9.733484 -12.74532 -7.234293 -.1824818 -2.952474 -12.33508 -15.20508 -13.07339 -8.333204 -1.94312
-1.676618 -2.397162 -3.308017 -3.077886 -1.86294 -1.363376 -1.517942 -2.645643 -2.681465 -2.412623 -2.158008 -1.895514 -1.657877 -1.90687 -1.751695 -1.334173 -.97921 -.9707046 -1.146281 -1.385299 -1.567147 -.8848995 -.8343874 -.328575 -.006824716 -.2823119 -1.036777 -2.112884 -2.465448 -5.100273 -6.504706 -5.426948 -3.761156 -1.229703 .7173181 .07110257 -.4756107 .7404405 4.158767 7.86967 9.594866 9.027023 8.071178 5.364756 .3190296 -.2710769 -1.032181 -1.228931 -.2027509 1.447993 -.6260411 -7.88104 -12.7508 -9.477045 .1769252 -.7806569 -10.92564 -14.08385 -12.64486 -8.695568 -4.430799
-1.569943 -2.449533 -2.546571 -2.952704 -2.97386 -2.174426 -1.904216 -2.585997 -2.830286 -2.558583 -2.385501 -2.28115 -2.000686 -1.562813 -1.446049 -1.110983 -.6841586 -.8698996 -1.262418 -1.352516 -1.556654 -.506619 -.5314396 -.2864035 .1302564 .04355908 -.06784791 -.9164325 -1.463972 -2.392022 -4.347927 -4.611125 -3.260644 .2290819 .9650583 -.8479424 -.8796823 .4119397 3.121916 5.067908 5.968853 8.441602 10.54993 4.448194 .3778803 -1.522588 -1.475286 -2.731669 -4.457645 -3.122149 -1.715928 -3.560499 -9.7571 -8.940446 -2.920243 .5173562 -9.048102 -12.98734 -12.65232 -9.452104 -5.685715
-1.469572 -2.356148 -2.370952 -2.697201 -2.648987 -2.447124 -1.803868 -1.989795 -2.369465 -2.429937 -2.467949 -2.255224 -1.623151 -1.37723 -1.305863 -1.064003 -.6335301 -.9944207 -1.431889 -1.11479 -1.731527 -1.305598 -.7545938 -.1420584 .5901221 .8120905 1.303631 .01953698 -1.317975 -2.820103 -1.997325 .02053368 1.16705 .4504319 -.1789745 -.8621582 -.9890236 -.03519714 2.361712 3.679916 5.763106 8.664784 10.51231 7.499711 -.777871 -1.469674 -1.117727 -1.734175 -5.302087 -6.409498 -1.747588 -.506471 -7.612853 -7.759367 -3.032711 1.839085 -5.27419 -12.22961 -12.15727 -9.402159 -6.21668
-1.354394 -2.662629 -2.645289 -2.541095 -2.338692 -2.047482 -1.833099 -2.121509 -2.285248 -2.185456 -2.194973 -1.712474 -1.542197 -1.483255 -1.446264 -1.357627 -1.173617 -1.17475 -1.411004 -1.202018 -2.272859 -2.162262 -1.354948 -.1615499 .3673927 .8780074 1.815318 .8311521 -.9493448 -2.307694 -2.734244 -1.421156 -.4301855 -.7272337 -1.179566 -1.081444 -1.075763 -.3041683 2.072718 3.776941 5.831418 8.463578 9.756093 6.818758 .8423682 -1.962237 -.7434955 -2.560007 -5.687426 -9.00231 -9.621778 -.2528914 -1.827141 -4.532108 -4.987442 -2.366724 -5.182759 -12.36565 -12.79056 -10.74008 -7.857
-1.298021 -2.777188 -2.709168 -2.634048 -2.46653 -2.30079 -2.418633 -2.706887 -2.495275 -2.037429 -2.096531 -1.977096 -1.702094 -1.697272 -1.682876 -1.602688 -1.35132 -1.23065 -1.49493 -1.772668 -2.265333 -2.788704 -2.230898 -.9201601 -.03220937 1.31049 .9480486 .7063773 -1.227557 -2.688555 -3.37589 -2.16632 -1.325656 -.9334426 -1.39091 -1.880353 -1.805627 -.818017 1.123481 2.875417 3.672392 4.966752 6.409624 6.741153 .08293128 -1.646452 -2.567199 -4.048933 -6.891864 -8.107101 -10.29125 -5.116671 -1.539187 -3.407146 -4.829521 -5.685296 -9.770204 -16.5087 -19.62341 -16.35205 -14.42695
-1.17472 -2.661027 -2.774027 -2.755089 -2.70861 -2.679363 -2.873125 -3.198274 -2.674848 -1.849055 -2.078838 -2.009203 -1.844569 -1.874762 -1.869831 -1.866059 -1.357033 -1.343657 -1.445424 -1.557232 -1.964036 -2.936713 -2.781479 -.8304967 -.3989986 .09651845 -.2767812 -.8062388 -2.492907 -3.925455 -5.65439 -3.01035 -2.401831 -3.135925 -3.489396 -3.941983 -4.073631 -1.971308 .1798737 -.6003483 .9666125 4.084523 5.760108 7.413904 2.787811 -.1920595 -2.078798 -4.465803 -4.5458 -4.937552 -8.806795 -9.469223 -6.045553 2.493226 -2.340953 -6.175036 -9.942104 -14.52921 -19.49343 -22.56301 -19.69099
-1.197793 -2.181389 -2.743705 -2.817993 -2.920657 -2.996466 -3.03539 -2.890307 -2.371255 -1.66773 -1.786613 -1.845019 -1.844323 -1.888722 -1.942107 -1.63521 -1.177858 -1.180557 -1.090844 -.7810662 -1.340412 -2.282414 -1.51712 -1.28789 -1.784864 -1.770216 -2.058555 -2.809007 -3.72049 -5.285723 -6.090605 -4.543269 -3.069249 -5.618539 -5.11773 -5.39239 -6.61924 -4.516663 -2.655438 -2.903494 .3472981 1.651765 3.780699 5.82306 5.610116 3.771922 -.6579329 -5.38079 -4.696411 -1.591118 -7.437427 -9.703286 -6.376529 -.683508 6.284812 .1264646 -7.800423 -11.68882 -14.22001 -16.52926 -16.93454
-1.404682 -1.922005 -2.475201 -2.816714 -2.993577 -3.219721 -3.365265 -2.966918 -2.424524 -2.097735 -1.969825 -1.918441 -1.938417 -2.020375 -1.908702 -1.909923 -1.530515 -1.107467 -.4710415 -.6222161 -.6649581 -1.795324 -2.186553 -2.434307 -3.099115 -3.059725 -2.90045 -3.969221 -4.73134 -5.898699 -5.819312 -4.506156 -2.89655 -5.971169 -6.448413 -5.880372 -6.825232 -6.861543 -3.831861 -4.337375 -2.669439 -1.691409 .6922061 3.499125 5.264382 5.183004 2.60539 -3.330438 -2.215748 .7446448 -3.598223 -8.421606 -6.363483 -2.850619 3.124253 6.630794 -1.886182 -8.781445 -9.835985 -11.07651 -10.70354
-1.45969 -1.613344 -2.104274 -2.710917 -3.221745 -3.615535 -3.492331 -3.158704 -2.85451 -2.60315 -2.411975 -2.198581 -1.951621 -2.112047 -2.002576 -2.190923 -1.89551 -1.206285 -.4297764 -.5139788 -.5300759 -1.468854 -3.108766 -3.308816 -3.639138 -3.370216 -3.368413 -4.14161 -5.89607 -7.299239 -6.813344 -4.831259 -3.147121 -5.565723 -7.921977 -6.313763 -6.542212 -7.399459 -4.948554 -5.216449 -4.390406 -1.453588 1.107172 1.38804 2.84202 3.708375 2.002856 -4.080208 -4.448404 -.5335524 -4.477948 -7.935895 -5.839822 -3.287811 .1082783 7.624868 2.518033 -6.012164 -9.314102 -10.88396 -10.68544
-1.808219 -1.413723 -1.784795 -2.600655 -3.338858 -4.074667 -3.433879 -3.484187 -3.360949 -3.229924 -3.028329 -2.604921 -1.936055 -2.042448 -2.325193 -2.498159 -2.06173 -.7569662 -.4235822 -.5092846 -.8258443 -1.448129 -3.376827 -3.579394 -3.601232 -3.244705 -3.485163 -4.854176 -6.257949 -8.392904 -8.406803 -6.19692 -3.796391 -5.733695 -7.457551 -6.437655 -6.133827 -6.058499 -4.907195 -4.128446 -1.182308 .3854483 .6525723 1.169113 1.901896 5.601386 2.603766 -4.799194 -8.395247 -5.77817 -4.886064 -9.008044 -9.341247 -7.628115 -4.662271 -.09651884 2.635365 -5.066678 -9.680019 -11.68173 -12.5703
-2.666683 -1.913446 -1.144397 -2.581911 -3.26926 -4.075212 -3.642451 -3.81374 -3.933561 -3.862428 -3.679297 -3.149052 -2.135164 -1.908678 -1.706806 -1.789729 -.6786919 -.3354948 -.4868225 -.647667 -.9561949 -.8255916 -2.678659 -2.712723 -2.916645 -3.2568 -4.144523 -4.816861 -6.391782 -8.724123 -9.232029 -8.494656 -5.350856 -5.546243 -5.753876 -5.760448 -5.219848 -4.656765 -3.61552 -2.740194 -1.885382 .2309247 -.1732724 1.035116 .5308888 4.702528 2.255876 -2.985978 -7.555769 -10.25916 -15.18113 -17.90132 -20.54553 -19.01607 -9.39925 -.6295849 2.803569 -2.171361 -7.107593 -9.734323 -11.05865
-3.526038 -2.94234 -1.961278 -2.239164 -2.492362 -3.824478 -3.863451 -4.249055 -4.521804 -4.548207 -3.965514 -2.745371 -1.436948 -.9118091 -.567608 -1.468925 -1.428468 -1.232015 -1.058191 -.8334464 -.4668088 -.5176625 -1.485474 -2.295677 -2.479055 -3.200353 -4.307854 -4.711984 -7.283232 -9.607482 -9.172368 -6.328185 -3.381192 -3.282637 -3.535096 -4.096367 -3.358183 -2.636276 -2.451798 -2.265772 -3.155351 -1.085887 -.01840477 .157392 .7714368 2.995493 4.178707 .890398 -4.726254 -9.710733 -16.93798 -20.04547 -23.79239 -22.39977 -10.1763 1.138178 3.364932 .1414162 -3.856959 -6.021819 -8.555292
-3.308869 -2.358015 -1.343427 -1.436847 -2.114281 -2.938817 -3.908172 -4.519955 -4.773459 -4.307885 -3.167863 -2.407405 -1.894957 -1.436714 -.8542857 -1.678891 -2.37685 -2.318374 -1.957057 -1.344116 -.3589339 -.933042 -1.265008 -2.446136 -3.747711 -3.434007 -4.588552 -5.614388 -8.357404 -9.804193 -9.604096 -6.501733 -2.723848 -1.729212 -1.878924 -1.949204 -1.437152 -1.745197 -2.153862 -2.68254 -3.639635 -2.20731 -.5799761 -.2844923 .8225259 2.288643 4.076313 3.931834 -1.096926 -4.101206 -6.832146 -6.785941 -7.826089 -11.70975 -5.96845 9.584109 11.33822 2.744986 -.8843391 -3.345602 -5.929152
-2.163922 -1.60875 -1.372593 -2.216395 -2.785783 -2.821046 -3.348585 -4.535451 -5.046433 -4.370534 -3.615703 -3.107829 -2.932792 -2.787174 -2.13366 -1.804181 -3.165262 -3.290302 -2.858314 -2.192755 -1.162103 -1.992357 -2.158661 -3.432119 -4.390392 -4.023324 -4.594598 -5.613388 -7.619296 -9.03322 -8.206923 -6.315988 -3.120636 -.7316896 -.9449705 -1.985722 -1.829552 -1.201536 -.8780006 -1.521988 -2.038254 -1.652966 -.9731033 -.9184484 .4059994 1.03771 5.05971 3.775877 1.783515 -.807456 -2.035361 -3.158648 -4.2244 -6.427296 -3.997433 8.636396 12.64688 8.527034 2.284636 -1.394143 -2.523592
-2.222944 -1.928356 -1.980869 -2.866697 -3.844635 -2.843696 -2.1904 -4.099591 -5.398612 -4.721124 -4.246025 -3.812531 -3.803436 -4.136512 -3.013861 -2.344095 -3.511952 -3.98075 -3.747643 -3.415028 -2.502206 -2.754941 -2.908144 -4.094448 -4.572982 -4.420295 -4.129793 -4.671552 -7.067894 -8.978038 -7.550692 -5.504876 -3.155453 -1.386127 -1.855326 -2.158598 -1.751613 -.8619977 -.9579639 -1.300491 -1.241341 -1.274864 -.774613 -1.059518 .03635372 -.9754457 2.34527 2.32997 -1.067575 -3.646046 -4.311301 -3.759401 -4.274691 -5.240202 -4.883487 1.472798 8.091491 8.720963 7.062784 .1127727 -1.676505
-2.805713 -2.452553 -2.265433 -2.800085 -3.980792 -3.412234 -2.037589 -3.233532 -5.054406 -5.049392 -4.65361 -4.333508 -4.084614 -5.130557 -4.466102 -2.995143 -3.501981 -3.88813 -3.901076 -4.152623 -2.983069 -3.40088 -3.742807 -4.707123 -5.276182 -5.199941 -4.495955 -5.490764 -8.165402 -12.36796 -10.53939 -7.863294 -5.914465 -3.587701 -2.259531 -1.636068 -1.392921 -.6895954 -1.090131 -2.842331 -4.703333 -3.982282 -3.499694 -6.484646 -4.642742 -7.745931 -7.836278 -4.937792 -5.629732 -7.346735 -8.070243 -8.789211 -12.68206 -14.28711 -12.01518 -9.941427 -.9119116 3.58772 7.724698 1.142179 -3.796337
-3.320298 -2.870105 -2.556675 -2.664596 -3.687047 -3.1105 -2.582899 -3.262975 -4.861482 -5.318776 -5.020906 -4.742899 -4.59135 -5.503543 -4.862806 -3.594981 -3.417376 -3.557866 -3.439591 -3.705767 -3.98206 -5.038638 -4.80935 -5.74007 -6.205283 -6.415314 -6.2893 -8.505519 -11.6384 -15.44736 -13.33633 -10.49511 -7.646415 -4.811149 -2.644537 -1.254496 -1.780055 -2.138839 -1.319386 -3.95435 -5.813377 -5.958373 -10.20257 -13.34288 -15.27545 -15.6711 -15.80646 -10.92945 -7.905931 -6.318897 -7.689193 -10.28586 -14.91428 -21.48056 -21.28889 -17.26001 -10.26776 -6.894219 -3.569339 -7.302769 -9.234815
-3.592293 -3.370432 -3.00671 -2.885137 -4.137509 -4.48541 -4.217815 -4.382048 -5.089121 -5.54648 -5.338703 -5.231593 -5.414268 -5.549419 -5.142236 -4.701733 -4.418705 -3.991283 -3.363722 -4.138541 -3.9992 -4.163862 -5.257033 -5.144913 -5.74496 -7.364417 -8.666958 -11.37198 -14.56568 -18.45989 -14.77789 -10.99009 -7.126749 -4.811853 -3.473623 -3.734472 -5.58624 -5.564214 -4.590515 -7.489415 -8.218632 -8.48219 -9.993506 -12.14979 -10.45803 -7.402654 -7.465718 -5.358347 -3.434005 -2.084304 -5.548576 -9.210134 -13.19162 -16.20958 -13.9141 -13.0865 -11.65018 -9.331543 -3.812468 -.8138121 -3.945979
-3.962125 -3.897197 -3.679438 -3.768679 -4.838278 -5.541116 -5.597512 -5.807302 -5.648247 -5.66975 -5.428762 -5.224175 -5.639034 -5.699918 -5.727755 -5.706635 -5.609123 -5.176378 -4.429203 -4.602324 -3.585841 -4.925345 -5.737413 -5.487862 -6.081572 -7.446183 -8.952371 -11.64761 -14.35765 -14.85031 -12.47609 -8.224427 -5.099696 -4.489616 -3.802245 -2.913951 -3.566411 -4.520818 -4.465476 -6.898502 -8.442272 -9.69421 -10.54809 -10.31875 -5.893967 -2.921122 -1.543613 -.4289032 -2.074367 -.9023892 -4.349356 -7.274799 -8.128696 -7.586707 -4.862094 -3.02411 -1.360063 3.551839 6.690289 7.461755 7.0023
-4.413451 -4.641788 -4.568094 -4.593943 -5.083626 -6.080668 -6.434466 -6.331038 -5.772751 -5.851095 -5.602624 -5.388803 -6.167977 -6.348087 -6.330895 -6.291112 -6.305663 -5.85314 -4.930573 -5.171569 -4.698399 -5.540243 -6.427167 -6.778824 -6.216164 -6.477344 -7.519218 -9.247072 -11.47326 -12.48 -10.69073 -7.200732 -4.235751 -4.554119 -3.822277 -2.635595 -3.501456 -4.184651 -4.285723 -7.490337 -8.884589 -9.852249 -8.218868 -6.248348 -3.381271 -1.284943 -.5073175 -.7154779 -2.42931 -1.100007 .006706417 .3305299 -.4755881 -1.109022 -.8714225 .804399 3.601823 5.81705 7.497605 8.380094 8.94002
-4.831823 -5.356824 -5.408195 -4.667387 -5.169814 -5.838634 -6.706291 -6.349693 -6.541714 -6.687278 -6.517434 -5.964355 -6.924821 -6.998738 -6.428594 -6.097915 -5.564038 -4.828655 -5.226186 -5.58249 -4.757478 -6.261096 -6.869763 -7.159042 -6.085328 -5.921566 -5.870442 -7.621536 -9.870599 -10.48464 -8.72284 -7.225181 -4.611132 -5.395291 -5.456699 -5.252121 -7.071987 -6.038096 -6.867692 -7.628359 -7.197723 -4.047101 -.8044295 -.1737664 -.5506606 .434105 .9238839 .6212474 -.2597191 .9807838 2.614583 3.981653 4.112667 3.603636 2.059934 1.420819 4.555285 4.506691 6.140243 7.248509 7.649907
