py_wake/examples/data/AJ_ParqueFicticio/Rough survey   Sector 4   Height 200m   Orographic speed.grd
DSAA
73  159
 258469   265669
 6501692   6517492
 .6149352   1.475263
[rows 28 to 55 of 159, columns 0 to 62 of 73]
.9846355 .9846534 .9850056 .9852201 .9858152 .9868127 .987446 .9883538 .9883307 .989489 .9917921 .9945278 .99685 .9985572 .9996958 1.000241 1.00164 1.003002 1.00349 1.00336 1.002322 1.001058 1.001542 1.000735 .9983042 .9935864 .9881675 .9852315 .9843581 .9837564 .9827487 .9799724 .9723845 .9616215 .9565353 .9618714 .966302 .9664845 .9653227 .9571636 .9514315 .9551529 .9665775 .986206 1.006334 1.022216 1.033433 1.050664 1.075717 1.102528 1.130145 1.164987 1.207981 1.242391 1.259738 1.283592 1.309301 1.306024 1.25656 1.184147 1.114639 1.060632 1.027998
.9841594 .9845947 .9851866 .9854812 .9862999 .9868228 .9871708 .9882717 .9888821 .9897476 .9915648 .9938811 .9959283 .9977736 .9987022 .9994026 1.000716 1.00236 1.003067 1.003222 1.001775 .9995379 .9989302 .9982927 .9963712 .9924967 .9878606 .9856021 .9841204 .9831378 .9814866 .9777214 .9699355 .9591218 .9541202 .9582664 .9618614 .9619461 .9617464 .9571055 .9508061 .9515803 .9608683 .9754975 .9932832 1.011292 1.027675 1.048425 1.077273 1.110169 1.143295 1.182218 1.226758 1.268029 1.29327 1.31354 1.325972 1.304395 1.243145 1.166198 1.097185 1.048805 1.031816
.9831564 .9836478 .9848101 .9850965 .9856773 .9865998 .9870736 .9879818 .9888815 .9898363 .9909852 .9921766 .9935905 .9957761 .9964979 .9980726 1.000207 1.001945 1.002531 1.002997 1.001076 .9989132 .9969722 .9962083 .9937885 .9910206 .9882408 .9854289 .9830831 .981379 .9789168 .9755818 .9667255 .9567968 .9535449 .9555525 .9577416 .9579127 .9577791 .9561618 .9514483 .948827 .956421 .9687397 .9834333 1.000391 1.020884 1.046503 1.079719 1.117299 1.156802 1.200439 1.246836 1.291202 1.32329 1.341687 1.339621 1.29728 1.223518 1.143761 1.078548 1.042778 1.049412
.9826235 .9828331 .9835807 .9840676 .9849551 .9858741 .9863524 .9870752 .9878177 .9888161 .989566 .9906266 .9915631 .9932038 .9949461 .9970927 .999569 1.002002 1.002803 1.002008 .999764 .9980748 .995522 .9935827 .9918757 .9897338 .9873141 .9854555 .9816433 .9787341 .9771038 .973672 .9650666 .9562628 .953293 .9531853 .9528904 .9520814 .9531085 .9551735 .9527329 .9498919 .953636 .9642708 .9787408 .9953707 1.016494 1.044827 1.078523 1.11958 1.164099 1.21342 1.264823 1.312788 1.350563 1.366693 1.348652 1.288685 1.205603 1.124825 1.065446 1.046962 1.074768
.981375 .9820796 .9831172 .9836196 .9845805 .9852279 .9860707 .9865726 .9870734 .9877515 .9883782 .9891845 .9896966 .9899673 .9922467 .9954017 .9986639 1.001741 1.002344 1.000071 .9981675 .9965515 .9942276 .9920377 .9903367 .9872045 .9854558 .983418 .979969 .9767195 .9747413 .9708378 .9632145 .9564898 .9529414 .9521122 .9499095 .9462193 .9484771 .9529036 .9552147 .9527182 .9545193 .9613828 .9754345 .9959772 1.020744 1.046511 1.077588 1.117179 1.164045 1.217288 1.273661 1.327317 1.37077 1.38463 1.354393 1.282343 1.194698 1.114632 1.064282 1.061478 1.104493
.9813904 .9822558 .9828803 .984063 .9849432 .9856626 .9860999 .9866819 .9871473 .9875523 .9878732 .9885814 .9881908 .9878668 .9905729 .9937147 .9976761 1.000977 1.000821 .9992068 .9966795 .9952023 .9934304 .9908116 .9889704 .9866349 .9835736 .9825423 .979381 .9753685 .9727579 .9686753 .9625251 .9561034 .951401 .9494392 .947401 .9410064 .9431522 .9488739 .9551119 .9597343 .9605811 .96298 .9723533 .9932595 1.021482 1.050503 1.081203 1.119688 1.166526 1.220442 1.27634 1.331107 1.378114 1.395912 1.357144 1.280831 1.191217 1.11484 1.07107 1.080506 1.134552
.9820442 .9829823 .9835 .9843028 .9849683 .9860907 .9863347 .9867806 .9876419 .9879699 .9885396 .9883218 .988627 .9882775 .9901028 .9940777 .9981053 1.000172 .9989582 .9966692 .9948432 .9925627 .990993 .9889781 .9871697 .98477 .9829034 .9805887 .9778506 .9751205 .9711102 .9670712 .9624087 .9559211 .9495018 .9448947 .9444268 .9394875 .9381838 .9432724 .9542258 .966085 .9724322 .9733679 .9745115 .9899169 1.016768 1.048749 1.08335 1.123995 1.172917 1.227291 1.281461 1.334677 1.377989 1.395651 1.359201 1.283301 1.194576 1.12174 1.087502 1.106063 1.159983
.9815636 .9830065 .9836777 .9846493 .9851269 .9857581 .9866801 .9867473 .9871225 .9877313 .9879336 .9878294 .9878282 .9882464 .990456 .9937551 .9971843 .9992064 .9960874 .9930813 .9909707 .9891667 .988227 .9868684 .9855052 .9837554 .9815871 .9791968 .9760538 .9730386 .9695246 .9651175 .9608271 .9552854 .9474323 .9401353 .9384032 .9367517 .9332141 .9366673 .9531657 .9708891 .986203 .9910899 .9865628 .990625 1.012488 1.046442 1.083186 1.126132 1.174378 1.232802 1.28866 1.337763 1.377546 1.392658 1.361241 1.287185 1.19932 1.131382 1.109574 1.134481 1.181374
.98054 .9818399 .9827421 .9844663 .9858314 .9866952 .9867145 .9867828 .9874125 .9876169 .9880914 .987552 .9872055 .9873353 .9898806 .9930082 .9955085 .9965428 .9938061 .9891368 .9871443 .9857307 .9853691 .9853604 .9850187 .9832924 .9807166 .9776776 .9741981 .9710081 .967782 .963211 .9586676 .953732 .9464099 .9376562 .9317079 .9297255 .9269438 .9338629 .9526302 .978288 1.001531 1.012387 1.008085 .9980395 1.00985 1.041805 1.08223 1.125589 1.174941 1.231631 1.289722 1.340448 1.378428 1.393925 1.363101 1.288993 1.203811 1.143746 1.135912 1.162154 1.197969
.9782592 .9801362 .981699 .9836088 .9854999 .9862993 .9870471 .9876475 .9878109 .9882262 .9878637 .9874803 .9867143 .9865721 .9885652 .9904128 .9918057 .9920956 .9906592 .9861839 .9831856 .9826365 .9831534 .983929 .984707 .9822456 .9795976 .9757563 .9723309 .9683769 .9649174 .9616153 .9574213 .9530241 .9462875 .9359975 .9238368 .9207192 .9208458 .9276631 .9510128 .9847441 1.016877 1.035452 1.034913 1.018819 1.013633 1.037765 1.076166 1.119085 1.168341 1.222342 1.280463 1.334519 1.378151 1.396381 1.366728 1.294446 1.211035 1.161177 1.160397 1.184401 1.209191
.9778659 .979703 .9817671 .9832113 .9845789 .9852788 .9855926 .9864993 .9877591 .9885976 .9888944 .9886203 .9873493 .9863583 .9872389 .9880217 .9886076 .988553 .9877033 .9847 .9795293 .9802144 .9816543 .982755 .9833729 .9808105 .977719 .9740922 .9704469 .9659693 .9620681 .9606385 .9571406 .9523584 .9458483 .9346729 .9179595 .9115707 .9115088 .9217488 .9476575 .985914 1.026973 1.055914 1.061065 1.044795 1.030116 1.040722 1.068572 1.107659 1.157262 1.210602 1.267982 1.324207 1.372924 1.396839 1.373605 1.304855 1.227721 1.183152 1.17985 1.196945 1.206624
.9790705 .9809813 .9830585 .9846478 .9854047 .9863362 .9857426 .9868567 .988238 .9895968 .99038 .989861 .9879504 .986508 .9867538 .9867221 .9876375 .9879635 .9870768 .9836096 .9792189 .9795691 .9808411 .9824304 .9815232 .9791968 .975996 .9726906 .9691567 .9642834 .9609276 .9586424 .9561613 .9514278 .9456871 .9332239 .9164943 .9055905 .9037296 .9181639 .9459508 .9853277 1.028833 1.065606 1.081532 1.068629 1.051063 1.053554 1.06976 1.101078 1.150515 1.203982 1.258676 1.315482 1.366566 1.396091 1.382165 1.322301 1.254472 1.209502 1.193983 1.192212 1.188262
.9787033 .9808843 .9836164 .9856215 .9868448 .9871199 .986953 .9877664 .9890821 .9902643 .9908465 .990297 .987606 .9867515 .986092 .9863148 .9866416 .9863739 .9861363 .983801 .9810313 .9802693 .9801652 .9804573 .9792764 .9761761 .9735463 .9707077 .9675422 .9642497 .9610428 .9582379 .9551218 .9514858 .9456103 .9338188 .9170677 .9009731 .9003606 .9178559 .947582 .9862729 1.028352 1.067108 1.090974 1.087109 1.069939 1.066126 1.07793 1.104314 1.148221 1.200912 1.256302 1.312025 1.361409 1.394941 1.390989 1.344942 1.285622 1.233621 1.196022 1.175426 1.162096
.9804246 .9825223 .9842175 .9853137 .985912 .9862265 .9862031 .9872206 .9890296 .9900395 .9900107 .9895553 .9865287 .9844398 .9837592 .9841507 .984514 .984822 .9843681 .9827027 .9825595 .9822195 .981447 .9797931 .9767652 .9725541 .9711804 .9692561 .967346 .964181 .9613657 .958985 .9559804 .9523412 .9469845 .9368852 .9176479 .8990319 .9020345 .9206514 .951997 .9883645 1.027609 1.066355 1.093448 1.097659 1.083715 1.077342 1.088921 1.114735 1.153032 1.202265 1.255074 1.307707 1.357586 1.394214 1.401078 1.369881 1.313976 1.251656 1.195722 1.159397 1.135486
.9831625 .9849588 .9865035 .987089 .986263 .985723 .9852592 .9860981 .9876567 .9882824 .9881921 .9874483 .9856712 .9830121 .9822714 .9831203 .9831495 .9832724 .9821778 .9810353 .9813418 .9825266 .9837444 .9817429 .9758246 .9707357 .9692585 .9680989 .9665721 .9636442 .961403 .9584593 .9568263 .9536021 .9485091 .9397085 .9227278 .9061393 .9072921 .9243222 .9529822 .9874489 1.023248 1.061451 1.089103 1.098818 1.090112 1.083631 1.099722 1.126914 1.163119 1.205519 1.252604 1.302577 1.352432 1.393628 1.410735 1.38768 1.332944 1.263992 1.198373 1.146224 1.112647
.9846627 .9872717 .9897305 .9913072 .9892293 .9854248 .9829342 .9846417 .9874012 .9889028 .989135 .987577 .9851784 .9832222 .9825696 .9827318 .9824867 .9818697 .9800344 .9785454 .97942 .9818966 .9841149 .9821679 .9770438 .972386 .9696997 .9675056 .9656914 .9630315 .9607708 .9593592 .9576111 .9552701 .951253 .9434611 .9303169 .9163134 .9141309 .9278296 .9511899 .9837768 1.019462 1.055716 1.082907 1.093767 1.091145 1.09063 1.10802 1.1364 1.168962 1.206896 1.250124 1.297651 1.350966 1.396934 1.41648 1.394219 1.338494 1.26824 1.202444 1.143741 1.101948
.9845027 .9871216 .9900847 .9929355 .9912287 .9865463 .9826122 .9833542 .9860607 .988729 .9902312 .9883304 .9848951 .9826922 .9823604 .9820903 .9819545 .9804878 .9786221 .9762388 .9773402 .9800717 .9821264 .9814153 .9765385 .9727988 .9705115 .9688727 .9668353 .9633209 .9611993 .9613313 .9597179 .9572466 .9549224 .9487162 .9383931 .9280257 .924373 .9320883 .9509978 .9825981 1.017353 1.047708 1.072593 1.085373 1.090774 1.097448 1.115692 1.143572 1.173456 1.207392 1.249804 1.301782 1.357206 1.403212 1.415769 1.385198 1.330386 1.264861 1.201589 1.146525 1.102662
.9848464 .9873884 .9896519 .9925121 .9922656 .9884096 .9849347 .9855707 .986899 .9885354 .9897383 .9879342 .9854169 .9834102 .9827356 .9822997 .9820586 .9806956 .978391 .975969 .9767477 .9789866 .98044 .9794803 .9755329 .9722687 .9710504 .969712 .9663814 .9620759 .9608007 .9631045 .960479 .9571315 .957631 .9531989 .9442407 .9370022 .9366503 .940435 .9541025 .9801867 1.009845 1.035403 1.060616 1.080043 1.093937 1.107761 1.126152 1.150811 1.179657 1.213749 1.258266 1.313157 1.366867 1.405421 1.405396 1.365844 1.310332 1.252088 1.199592 1.152796 1.113919
.9843657 .9877536 .9903108 .9920756 .9923451 .9913203 .9899603 .9910268 .9912113 .9896432 .9892472 .9875349 .9847362 .9833586 .9830278 .9824989 .9816893 .9806907 .978981 .9774565 .9779872 .9803219 .9816998 .9801165 .9759603 .972837 .9723009 .9704845 .9669966 .9623325 .9607384 .9624295 .9598068 .9572262 .9600148 .9563337 .9483895 .9426403 .942427 .94974 .9614466 .9792556 1.003193 1.029653 1.057497 1.081636 1.098982 1.115247 1.134684 1.159696 1.190471 1.229997 1.276329 1.327332 1.371047 1.39624 1.386225 1.344702 1.288072 1.234507 1.190394 1.154546 1.124633
.9831625 .9865548 .9888761 .9912057 .9924473 .9935266 .994248 .9959719 .9970144 .9940146 .9883763 .9859844 .9825076 .9806646 .9802862 .9806014 .9804822 .9803157 .9798507 .9786156 .9802815 .9821731 .9830234 .9817621 .9770974 .9745108 .973008 .9714152 .968227 .9653349 .9630607 .9629906 .9619038 .9582914 .9611204 .9588593 .9527311 .9474266 .9472703 .9547049 .9666256 .9832813 1.004398 1.029021 1.055747 1.080942 1.098574 1.114534 1.135394 1.163996 1.201646 1.248592 1.297549 1.338266 1.363264 1.368166 1.35589 1.322001 1.273228 1.226058 1.185199 1.151322 1.125451
.9831117 .9855408 .9877227 .989441 .9920455 .9943976 .9968503 .9990423 1.000716 .9969016 .9892549 .9843881 .9803196 .9768518 .9771996 .97824 .9791638 .979335 .9785594 .9777027 .9792834 .9807262 .9815496 .9812533 .9772737 .9737106 .9735574 .9722404 .9711678 .9699232 .9698017 .9711503 .9686764 .9639543 .9657102 .9641296 .9590364 .9541074 .9524235 .9578488 .9695677 .9840828 1.002952 1.025532 1.050231 1.073892 1.09292 1.112678 1.140395 1.176989 1.221144 1.268318 1.310927 1.337412 1.344851 1.335168 1.318068 1.292166 1.2565 1.224267 1.190604 1.156119 1.126779
.9846134 .9872084 .9884577 .9892638 .9920622 .995276 .9985458 1.00083 1.000994 .9978967 .9908953 .9837454 .9786439 .9753441 .9752962 .9780182 .979126 .9787062 .9776414 .9756396 .9768473 .9789269 .9800247 .9795266 .9783453 .9745933 .9748092 .9759335 .9753238 .9752293 .9754112 .9763126 .9749078 .9728549 .9738313 .9728543 .9674269 .9615951 .9575179 .9612792 .9708307 .9828804 .9992214 1.017974 1.04068 1.064688 1.088214 1.119037 1.155453 1.198887 1.245103 1.285088 1.310698 1.322203 1.321048 1.304547 1.282671 1.258048 1.229916 1.212812 1.195913 1.167799 1.138097
.9848271 .9881182 .9906242 .9905072 .9929946 .9964389 1.00024 1.001963 1.000628 .9975696 .9911462 .9839298 .9779869 .9759169 .9768319 .978943 .9805085 .9806827 .9774877 .9749521 .9765483 .9782624 .9798317 .9797546 .9790824 .9786318 .9794641 .9799458 .9801172 .9810538 .9805424 .9796421 .9783609 .9784908 .9808289 .9798892 .9730453 .96766 .9645401 .9660256 .9724429 .9825936 .9969767 1.012512 1.03389 1.061938 1.093304 1.129662 1.170392 1.215247 1.260049 1.292899 1.298758 1.297282 1.295756 1.279686 1.254883 1.228843 1.200985 1.188081 1.186965 1.178316 1.155346
.9842147 .9877623 .9910442 .9925693 .9948864 .9982194 1.001579 1.001738 1.000132 .9965377 .9907933 .984206 .9791929 .9773583 .9777325 .978575 .9793572 .9796979 .978555 .9783662 .9792716 .9797395 .9798453 .9795932 .9803076 .9825339 .984158 .9839636 .9845344 .9868999 .9886249 .9866151 .9825479 .9830465 .9874439 .9863233 .978956 .9742444 .9720186 .9718108 .9765088 .9845636 .9981043 1.01427 1.035917 1.066566 1.101357 1.138407 1.177998 1.221651 1.263744 1.290957 1.284772 1.26909 1.266365 1.261115 1.238331 1.207255 1.175945 1.160547 1.164169 1.172406 1.167103
.9840018 .987949 .9913223 .9936916 .9962028 .9987889 1.001101 1.001242 .9991555 .9962043 .9911473 .9857522 .9816518 .9799243 .9798568 .9792911 .9776821 .9768281 .9779586 .9798488 .9820535 .98266 .9806502 .9798536 .9819487 .9845859 .9862805 .9867968 .9890326 .9925687 .9956409 .9930208 .989372 .9907778 .9966024 .9948094 .9881535 .982828 .9799799 .9809342 .9826903 .9866963 .9993998 1.015724 1.039236 1.071563 1.106562 1.139624 1.177184 1.219279 1.26204 1.285332 1.269284 1.240302 1.233751 1.242841 1.233476 1.201686 1.159545 1.13502 1.138385 1.154149 1.165081
.985546 .9891254 .9919368 .9949855 .9974831 .9997222 1.00054 .9999182 .9977061 .9952061 .9914574 .9872502 .983645 .9820399 .9820026 .9816701 .9784404 .9758313 .9764118 .9791182 .9806949 .9823888 .9813583 .9813964 .983473 .9862441 .9867995 .9888088 .9933433 .9980825 1.001027 .9998038 .9964743 1.000851 1.007041 1.006846 1.001099 .9952 .9888743 .9922751 .9945542 .9960006 1.003409 1.01819 1.041898 1.072416 1.104615 1.134917 1.171531 1.213073 1.254311 1.275029 1.254942 1.215625 1.201942 1.217949 1.22984 1.208343 1.160972 1.117664 1.111009 1.130461 1.154313
.9884086 .9911971 .9929254 .9957967 .9988075 1.001001 1.000355 .999163 .9973268 .9947836 .9924122 .9891404 .9858664 .9829835 .9823998 .9820802 .9788595 .9768472 .9775105 .9786088 .9786363 .9783491 .9797567 .9812136 .9840614 .9861267 .9867264 .9889786 .99468 1.003534 1.00878 1.008495 1.003508 1.006811 1.014748 1.019096 1.016407 1.00692 .9953368 .9990358 1.004783 1.010034 1.013743 1.023744 1.044193 1.071865 1.099393 1.127405 1.163221 1.20249 1.238394 1.257815 1.239579 1.195289 1.172312 1.191685 1.218223 1.214819 1.16824 1.114076 1.087775 1.106215 1.142102
.9900135 .9927349 .9951459 .9982359 1.000795 1.001416 1.000434 .9986989 .9967418 .9947168 .9928665 .9903219 .9880313 .9843792 .9815964 .9811279 .9806917 .9796329 .9806309 .9819876 .9795121 .9759654 .9777834 .9807383 .9830343 .9851845 .9860389 .9877992 .994877 1.008583 1.019242 1.01881 1.010374 1.013335 1.020798 1.030008 1.030563 1.019339 1.00191 1.00103 1.014085 1.020088 1.026608 1.032868 1.046578 1.072758 1.097025 1.119674 1.149217 1.182553 1.218024 1.239178 1.222243 1.177168 1.148492 1.169705 1.206503 1.214313 1.172347 1.115133 1.074628 1.084757 1.126113
