py_wake/examples/data/AJ_ParqueFicticio/Rough survey   Sector 9   Height 200m   Mean speed.grd
DSAA
73  159
 258469   265669
 6501692   6517492
 5.765814   13.34246
[rows 0 to 27 of 159, columns 0 to 62 of 73]
8.580632 8.583533 8.588408 8.585398 8.584548 8.58284 8.582083 8.580261 8.577484 8.575034 8.570292 8.566421 8.558872 8.546886 8.534736 8.510144 8.48093 8.440876 8.389256 8.332526 8.303253 8.360096 8.50626 8.657976 8.726285 8.721846 8.725917 8.819187 8.896658 8.916538 8.924978 8.95382 8.968385 8.971098 8.988058 9.054834 9.153071 9.247691 9.243182 9.217876 9.209162 9.173353 9.142875 9.092142 9.083336 9.043734 9.00115 8.95249 8.917055 8.884324 8.853772 8.834103 8.82917 8.824424 8.827393 8.835524 8.846596 8.855503 8.843744 8.849474 8.852086 8.849183 8.829171
8.560487 8.57249 8.572601 8.568053 8.56361 8.562676 8.56383 8.567035 8.565552 8.561461 8.552884 8.548241 8.54038 8.534514 8.524122 8.499922 8.471762 8.430852 8.381287 8.320691 8.313148 8.413419 8.593842 8.752011 8.815154 8.815717 8.81539 8.896676 8.954765 8.979681 8.990593 9.0068 9.025223 9.02968 9.036384 9.093625 9.147165 9.198182 9.212095 9.155416 9.106986 9.10285 9.099307 9.086184 9.059837 9.020785 8.978979 8.932481 8.887326 8.85875 8.830279 8.820357 8.805602 8.812321 8.829053 8.840566 8.859746 8.873271 8.888734 8.903634 8.897294 8.896156 8.887232
8.561625 8.567218 8.557291 8.551188 8.544994 8.543706 8.544345 8.546969 8.551184 8.550907 8.543968 8.533087 8.529672 8.524007 8.517763 8.495455 8.464808 8.42613 8.383599 8.337826 8.35133 8.467388 8.63469 8.791228 8.896839 8.916101 8.90659 8.940118 8.989533 9.015106 9.037933 9.056345 9.069328 9.068449 9.059521 9.064656 9.106293 9.133992 9.121035 9.071974 9.038271 9.013564 9.021144 9.050703 9.023154 8.984714 8.946192 8.906264 8.867426 8.824386 8.789221 8.78796 8.793522 8.805272 8.82202 8.848498 8.8737 8.895702 8.923193 8.944429 8.938837 8.96599 8.949598
8.563117 8.55201 8.535598 8.529819 8.52535 8.527031 8.530651 8.534485 8.537791 8.540727 8.53577 8.524375 8.52247 8.520219 8.512437 8.49437 8.468854 8.428885 8.389438 8.356868 8.391837 8.519066 8.687551 8.838495 8.946909 8.974472 8.970291 8.991665 9.014844 9.04248 9.070217 9.107263 9.103747 9.063143 9.025947 9.009652 9.011987 9.055895 9.017365 8.955594 8.912773 8.964022 8.982396 9.003177 9.00114 8.961348 8.901853 8.855371 8.831731 8.795155 8.777291 8.782048 8.790978 8.804095 8.826962 8.858527 8.894494 8.929206 8.968352 9.0026 9.031299 9.041635 9.031013
8.543685 8.527521 8.51476 8.51482 8.512863 8.51209 8.51616 8.526195 8.529189 8.530116 8.529469 8.515889 8.513125 8.518239 8.510871 8.492801 8.472072 8.442908 8.408312 8.392824 8.446377 8.568692 8.738147 8.888827 8.995067 9.031302 9.029912 9.026856 9.036215 9.056273 9.08792 9.119525 9.064408 8.98702 8.938548 8.90293 8.909659 8.9145 8.907256 8.79769 8.793989 8.877069 8.991158 8.996201 8.989317 8.936393 8.856559 8.818614 8.792949 8.781541 8.768776 8.775145 8.777564 8.785281 8.815771 8.858413 8.915545 8.961168 8.991912 9.070254 9.109158 9.120404 9.097439
8.528074 8.496832 8.49155 8.506399 8.506489 8.497504 8.507938 8.525435 8.527438 8.527057 8.524709 8.512767 8.50134 8.523164 8.51384 8.497151 8.484177 8.4653 8.453022 8.463337 8.530817 8.661518 8.791581 8.929693 9.031885 9.068024 9.05595 9.040455 9.03077 9.043442 9.051853 9.033633 8.946808 8.859215 8.799128 8.765886 8.775331 8.791922 8.741346 8.632998 8.738865 8.875021 8.981017 9.009091 8.963694 8.870508 8.809263 8.797616 8.774183 8.750398 8.734755 8.730999 8.73358 8.752392 8.789823 8.857848 8.929157 8.99702 9.071963 9.144462 9.181818 9.178079 9.116365
8.51363 8.489853 8.477643 8.481924 8.489143 8.487969 8.513585 8.531038 8.531814 8.529305 8.518703 8.503603 8.493598 8.511717 8.515427 8.499352 8.495992 8.493359 8.493398 8.504311 8.583056 8.71527 8.853721 8.969639 9.045448 9.06803 9.060787 9.033375 9.004202 8.978017 8.957468 8.910471 8.831131 8.747207 8.692016 8.655244 8.650952 8.646918 8.609676 8.597749 8.709991 8.92976 9.005079 8.937888 8.866393 8.804505 8.781629 8.788012 8.762394 8.714353 8.684184 8.657319 8.666233 8.695662 8.762571 8.852296 8.945779 9.037767 9.11657 9.204708 9.223601 9.150519 8.981719
8.514088 8.498116 8.488656 8.476724 8.476352 8.483444 8.511859 8.539057 8.538344 8.529089 8.511416 8.494201 8.495968 8.508814 8.514411 8.505575 8.504478 8.514565 8.529596 8.563294 8.640625 8.75974 8.894805 8.983065 9.028107 9.034084 9.031619 8.999659 8.949637 8.900933 8.843262 8.786351 8.729726 8.664543 8.612206 8.56212 8.556429 8.537566 8.533234 8.598618 8.760377 8.881144 8.926278 8.831706 8.73295 8.749861 8.790253 8.789188 8.701285 8.62466 8.597287 8.57576 8.576077 8.610155 8.731626 8.862407 8.976787 9.072807 9.149062 9.191667 9.128558 8.95289 8.707589
8.513813 8.501204 8.495402 8.490359 8.490939 8.501681 8.529909 8.543437 8.543099 8.520371 8.497931 8.490432 8.492451 8.495243 8.500786 8.505234 8.513819 8.538154 8.572887 8.620906 8.679732 8.761441 8.865316 8.928846 8.968293 8.983353 8.988194 8.955897 8.889059 8.812514 8.737624 8.680129 8.623747 8.569246 8.52638 8.476974 8.454335 8.454099 8.51161 8.589421 8.710708 8.790992 8.728062 8.656003 8.645323 8.714082 8.728081 8.682817 8.590651 8.493291 8.456507 8.436246 8.438746 8.550746 8.716485 8.882608 9.000138 9.092113 9.139725 9.087141 8.878865 8.635256 8.355238
8.515287 8.502513 8.496493 8.507147 8.517377 8.540297 8.571719 8.573134 8.538909 8.49649 8.467518 8.476309 8.485066 8.483726 8.480456 8.495554 8.522713 8.549766 8.599286 8.64941 8.699446 8.753834 8.812329 8.870268 8.915182 8.928388 8.930321 8.894099 8.811139 8.714372 8.641815 8.583843 8.519287 8.465281 8.416636 8.377426 8.383427 8.413755 8.450059 8.507834 8.590783 8.607594 8.558002 8.501695 8.566875 8.618937 8.570977 8.508846 8.419008 8.331335 8.29718 8.27369 8.332376 8.531226 8.764564 8.909837 9.016193 9.07212 9.058953 8.928054 8.669087 8.35363 8.08377
8.513495 8.506418 8.501122 8.517707 8.537626 8.555296 8.568662 8.565573 8.510667 8.440768 8.433474 8.466755 8.480888 8.464759 8.471095 8.496135 8.528467 8.559556 8.58954 8.637081 8.685532 8.725864 8.774087 8.826481 8.873089 8.879877 8.863703 8.81872 8.730792 8.630276 8.544234 8.480836 8.437571 8.383334 8.337023 8.310961 8.318883 8.342974 8.372901 8.414991 8.435989 8.428458 8.396978 8.412078 8.460072 8.429724 8.379897 8.309223 8.245688 8.1624 8.138281 8.177564 8.329762 8.557651 8.806165 8.93012 8.987409 8.982898 8.913559 8.724679 8.456404 8.153051 7.941564
8.517809 8.515255 8.518538 8.535446 8.549006 8.552062 8.551064 8.493025 8.42285 8.36886 8.404188 8.468756 8.486252 8.464105 8.457394 8.500183 8.568353 8.575373 8.573871 8.591846 8.639905 8.694699 8.760471 8.789171 8.808661 8.808535 8.749453 8.717943 8.657751 8.540372 8.453408 8.392743 8.351032 8.319692 8.276716 8.254916 8.263339 8.278971 8.306441 8.312343 8.319574 8.300568 8.292595 8.296072 8.307375 8.266688 8.178327 8.145037 8.093591 8.046136 8.057476 8.169768 8.385972 8.612753 8.754115 8.811494 8.834573 8.751547 8.645195 8.485793 8.249693 8.024705 7.905396
8.519595 8.522822 8.532683 8.539224 8.545424 8.548749 8.519528 8.44509 8.338281 8.321759 8.425087 8.497655 8.489627 8.455989 8.457896 8.502852 8.578107 8.595799 8.594925 8.5881 8.614988 8.67751 8.747558 8.757469 8.746358 8.723866 8.68151 8.622313 8.54598 8.436357 8.35391 8.291187 8.258679 8.236541 8.209848 8.202642 8.204403 8.20812 8.212921 8.215068 8.206773 8.193814 8.184359 8.190331 8.179419 8.126716 8.055805 7.999916 7.966843 7.986252 8.039742 8.172708 8.353445 8.520452 8.603763 8.577664 8.485316 8.425483 8.316942 8.168231 8.036338 7.963841 7.920332
8.517467 8.529661 8.534947 8.537339 8.539229 8.528883 8.489637 8.423189 8.338911 8.349799 8.438096 8.497186 8.490447 8.457266 8.468854 8.535795 8.576191 8.594151 8.617843 8.614297 8.628416 8.670545 8.717943 8.710574 8.677321 8.637761 8.581171 8.511557 8.412564 8.333943 8.264406 8.211519 8.173069 8.150088 8.149398 8.148897 8.150447 8.136695 8.12003 8.102161 8.090993 8.079697 8.06676 8.082082 8.058565 8.008953 7.953122 7.90878 7.904524 7.916633 7.994595 8.116866 8.225262 8.276594 8.298354 8.22049 8.142776 8.095552 8.046559 8.032243 7.99401 7.983911 7.976292
8.524348 8.53108 8.53302 8.53429 8.528786 8.511484 8.471886 8.419552 8.366812 8.366467 8.43549 8.492364 8.496991 8.494905 8.518028 8.566939 8.59667 8.628403 8.64783 8.639555 8.650289 8.676767 8.678946 8.656223 8.620861 8.562433 8.49115 8.413783 8.33691 8.262599 8.204766 8.145948 8.110606 8.08796 8.098763 8.119605 8.110908 8.075536 8.029694 7.993706 7.975221 7.96879 7.96411 7.980072 7.952896 7.895618 7.852772 7.843198 7.852586 7.891539 7.945065 7.988465 8.027538 8.033625 8.005555 7.97663 7.971189 8.01346 8.072069 8.110625 8.160336 8.161323 8.126569
8.52665 8.526053 8.522259 8.521878 8.518856 8.497924 8.463446 8.420387 8.382603 8.373431 8.435872 8.48461 8.507377 8.532198 8.569653 8.596897 8.608046 8.632504 8.651599 8.635494 8.64803 8.662498 8.633565 8.600325 8.567031 8.513228 8.434267 8.350284 8.274997 8.212876 8.152683 8.093162 8.038523 8.036285 8.088697 8.120168 8.094428 8.027579 7.944659 7.884481 7.87951 7.896269 7.909807 7.907025 7.86824 7.814111 7.797594 7.811593 7.860553 7.900472 7.914753 7.90729 7.90298 7.897874 7.905892 7.950749 8.064657 8.228963 8.348464 8.412745 8.431487 8.421955 8.324074
8.522017 8.521764 8.514417 8.511601 8.509706 8.495188 8.464012 8.429158 8.406281 8.409185 8.439396 8.48105 8.518372 8.552651 8.587941 8.593467 8.591016 8.615957 8.636865 8.627843 8.628738 8.636702 8.60844 8.563993 8.517856 8.474141 8.399204 8.311742 8.237061 8.181195 8.130104 8.049041 7.984169 8.02222 8.149186 8.180385 8.118195 7.998297 7.858759 7.759522 7.798988 7.850197 7.865391 7.867381 7.838275 7.797878 7.787629 7.835784 7.907788 7.960348 7.961296 7.926933 7.92186 7.953977 8.045328 8.187574 8.381446 8.548669 8.670139 8.7325 8.720287 8.610888 8.444401
8.5196 8.512785 8.510775 8.506269 8.503131 8.493058 8.469246 8.446832 8.432746 8.439309 8.463602 8.489236 8.525479 8.563601 8.583445 8.589989 8.584931 8.595509 8.603129 8.603907 8.599449 8.60397 8.590155 8.557198 8.51462 8.454101 8.376695 8.2982 8.236209 8.192783 8.126876 8.016226 7.985528 8.094318 8.235074 8.257615 8.144836 7.981152 7.788455 7.694527 7.761978 7.822317 7.858232 7.886847 7.884946 7.869741 7.869099 7.926042 8.031463 8.089165 8.074356 8.034801 8.057688 8.15533 8.309215 8.492956 8.678641 8.81932 8.894011 8.897511 8.843822 8.723647 8.529634
8.516415 8.508672 8.504091 8.502295 8.498578 8.491899 8.478612 8.461187 8.454305 8.463988 8.492393 8.511948 8.524405 8.551275 8.571859 8.583815 8.583218 8.585918 8.58843 8.588176 8.580757 8.574608 8.561326 8.544957 8.50967 8.450569 8.380112 8.312147 8.26209 8.219393 8.128903 8.011864 8.054436 8.191682 8.302166 8.306855 8.177107 7.953255 7.722072 7.629647 7.748843 7.868829 7.944913 7.991985 8.020121 8.029067 8.016085 8.088359 8.196043 8.237468 8.19601 8.156538 8.191263 8.322704 8.492601 8.676653 8.825581 8.937336 8.980214 8.964644 8.906059 8.777 8.582014
8.513597 8.505026 8.497152 8.492306 8.488809 8.486959 8.483397 8.48023 8.474121 8.4837 8.511493 8.518791 8.520376 8.543077 8.557212 8.570993 8.574968 8.5786 8.582512 8.582137 8.566269 8.554113 8.548048 8.535213 8.502307 8.438725 8.370972 8.318172 8.283245 8.214594 8.086416 8.023512 8.122961 8.266179 8.332292 8.317944 8.162321 7.906233 7.644546 7.612063 7.794069 7.977624 8.089839 8.145203 8.178383 8.172334 8.167119 8.231936 8.319871 8.323887 8.259691 8.223707 8.275843 8.398775 8.554712 8.72019 8.86752 8.977627 9.006799 9.000978 8.953063 8.83209 8.646614
8.513915 8.497047 8.479717 8.470316 8.471478 8.476094 8.480991 8.487249 8.490232 8.501012 8.520337 8.526491 8.525271 8.533779 8.550692 8.562153 8.569423 8.571846 8.580786 8.569166 8.554829 8.539522 8.528751 8.517507 8.48875 8.435168 8.377607 8.319084 8.266962 8.15648 8.069451 8.077861 8.133767 8.240968 8.302339 8.295587 8.129421 7.858326 7.624746 7.676661 7.885879 8.093741 8.203026 8.261045 8.266582 8.235211 8.231495 8.290805 8.347812 8.311514 8.245922 8.246867 8.309429 8.404636 8.564536 8.720516 8.868263 8.985585 9.047789 9.068586 9.026133 8.913153 8.740336
8.507274 8.495133 8.463799 8.453423 8.461093 8.471227 8.480907 8.487797 8.497129 8.509735 8.520251 8.529201 8.535278 8.539067 8.542898 8.555147 8.567342 8.572532 8.5724 8.554442 8.534256 8.524016 8.514615 8.499075 8.470616 8.42851 8.368742 8.300106 8.209783 8.081772 8.088272 8.141194 8.158649 8.196729 8.24049 8.22261 8.062757 7.82899 7.650189 7.749982 7.968928 8.142361 8.230952 8.273453 8.258021 8.245309 8.258632 8.282404 8.278338 8.230024 8.189315 8.224121 8.303713 8.399277 8.548972 8.723384 8.882689 9.037905 9.142176 9.191261 9.155886 9.03376 8.860671
8.490484 8.480119 8.46173 8.450491 8.456884 8.465994 8.47862 8.488678 8.495688 8.50815 8.511468 8.523406 8.533151 8.543737 8.54498 8.545043 8.555772 8.567318 8.563766 8.54669 8.527911 8.513296 8.50126 8.482377 8.448796 8.398096 8.335267 8.258589 8.147219 8.089932 8.143758 8.206538 8.203206 8.168256 8.163429 8.125123 7.994579 7.833616 7.731113 7.787358 7.964591 8.104584 8.191113 8.208309 8.209823 8.214808 8.224053 8.210193 8.168988 8.123893 8.121414 8.178983 8.28581 8.385741 8.561275 8.768239 8.97676 9.176674 9.332367 9.393114 9.338606 9.169319 8.948268
8.484807 8.475698 8.464593 8.458449 8.462575 8.469922 8.479082 8.484702 8.492441 8.49693 8.503629 8.513575 8.527432 8.53807 8.548469 8.551988 8.554108 8.550853 8.546519 8.539338 8.524866 8.506852 8.487032 8.469319 8.434744 8.373423 8.327326 8.213917 8.121834 8.132277 8.226557 8.256423 8.201007 8.12368 8.061636 8.044827 7.970658 7.860681 7.802573 7.809854 7.897658 8.009145 8.089745 8.112456 8.125102 8.142276 8.138809 8.115169 8.075568 8.042816 8.060975 8.147517 8.287895 8.423676 8.611673 8.88166 9.163679 9.404299 9.591311 9.646353 9.524041 9.276119 8.998152
8.483094 8.474787 8.473123 8.473539 8.472053 8.476217 8.481388 8.484971 8.492855 8.488846 8.499113 8.508276 8.52288 8.53541 8.548977 8.553291 8.553101 8.541223 8.53272 8.525912 8.515048 8.500505 8.480245 8.462709 8.422421 8.361545 8.282645 8.24106 8.192191 8.166496 8.22973 8.236496 8.167517 8.063855 7.974161 7.976661 7.965761 7.903829 7.846238 7.820482 7.820519 7.917533 7.987491 8.006048 8.03121 8.037509 8.034727 8.023806 8.000936 7.989515 8.035479 8.163937 8.34646 8.526125 8.753316 9.070347 9.422148 9.705817 9.882801 9.869655 9.642784 9.307033 8.95543
8.483253 8.473774 8.475883 8.486893 8.49017 8.490374 8.487041 8.488731 8.489151 8.484322 8.497426 8.510585 8.523054 8.538087 8.547228 8.553398 8.55056 8.537124 8.524465 8.512504 8.507965 8.502733 8.469243 8.446619 8.417235 8.350549 8.277029 8.217436 8.220547 8.213567 8.232972 8.187682 8.117942 8.00993 7.912153 7.925674 7.940768 7.918144 7.872982 7.814749 7.798007 7.866813 7.929651 7.953757 7.959459 7.94183 7.94018 7.941066 7.948018 7.968916 8.055224 8.235351 8.480236 8.713925 8.95923 9.326676 9.730481 10.03042 10.13512 9.999404 9.648978 9.226364 8.812824
8.489252 8.479458 8.478957 8.489101 8.4966 8.501925 8.499838 8.497276 8.491475 8.492645 8.50456 8.515901 8.530681 8.542568 8.542726 8.545556 8.541472 8.533678 8.519938 8.506121 8.497863 8.492628 8.484116 8.435072 8.396527 8.333838 8.262843 8.206912 8.202568 8.185961 8.185331 8.180888 8.121346 7.976672 7.880634 7.881513 7.905211 7.906765 7.895445 7.81724 7.758891 7.800252 7.862628 7.905317 7.90483 7.872418 7.850341 7.861017 7.905519 7.991733 8.127064 8.361954 8.679225 8.973999 9.238501 9.61993 10.05348 10.31597 10.28065 9.978859 9.523932 9.045512 8.626857
8.495862 8.495036 8.495791 8.498713 8.503522 8.508525 8.510932 8.506705 8.502805 8.508652 8.520352 8.52922 8.535353 8.546551 8.549091 8.541699 8.532426 8.526058 8.519507 8.507742 8.490362 8.486799 8.476678 8.451831 8.402239 8.328858 8.253309 8.214375 8.187178 8.154836 8.161759 8.151751 8.072718 7.965343 7.872528 7.868413 7.898765 7.896944 7.873386 7.769181 7.702369 7.717812 7.782562 7.832208 7.844587 7.829342 7.794991 7.8243 7.908595 8.052308 8.257829 8.550794 8.921021 9.262472 9.54953 9.925961 10.32365 10.50098 10.29988 9.856661 9.324513 8.830381 8.454462
