py_wake/examples/data/AJ_ParqueFicticio/Rough survey   Sector 7   Height 30m   Orographic speed.grd
DSAA
73  159
 258469   265669
 6501692   6517492
 .01442826   2.19552
[rows 0 to 27 of 159, columns 0 to 62 of 73]
.9344089 .9310821 .9312085 .929574 .9272298 .924461 .9221138 .9200923 .9181792 .91558 .9118991 .9082228 .9046917 .9029306 .9028581 .903015 .9049037 .9051318 .9064944 .9063466 .9133482 .9447193 .9608577 1.000372 .9612305 .9050543 .9306237 .9502793 .9798514 .9912709 .9917533 .984387 1.018223 1.040905 1.067169 1.09863 1.114169 1.086431 1.075019 1.066233 1.049518 1.020647 .9993253 .959818 .9656887 .973743 .9747402 .9696302 .9668617 .9608713 .9554663 .9470456 .9410944 .935477 .9341534 .9349877 .9364872 .9401322 .9451389 .9535428 .962257 .9736472 .9864976
.9081146 .9169192 .924011 .9252932 .9225909 .9197676 .9185074 .9157911 .9147922 .9134808 .908891 .9045969 .9008206 .8984086 .8996236 .9015832 .9039586 .9068565 .9091325 .9167724 .9485465 .9824049 1.01079 1.014766 1.008677 .9740778 .9471061 .9865818 .9802743 .996024 1.000409 1.009889 1.038386 1.068841 1.102254 1.128613 1.141487 1.112977 1.094498 1.083846 1.066861 1.048151 1.035016 1.003481 .9790933 .978557 .984987 .9856982 .976773 .9692231 .9587639 .9434542 .9343097 .9284064 .9276104 .9290822 .9319801 .9373851 .9461785 .9542273 .9645889 .9769673 .9919769
.9118775 .9012601 .9175961 .9194344 .9151306 .912676 .9108742 .9092802 .9088911 .9080577 .913767 .9025286 .8918145 .8878652 .8921256 .8983797 .9028246 .9067619 .9121649 .9227437 .951431 .9748607 .9863061 1.007857 1.018539 1.013918 1.006865 1.005826 .9904084 1.002159 1.00989 1.020997 1.047192 1.086421 1.130008 1.1632 1.186569 1.171414 1.134958 1.115941 1.091227 1.061058 1.03884 1.023549 1.00051 .9797601 .9773528 .9822367 .9806653 .9746985 .9558641 .9366013 .9248061 .9284841 .9279472 .9279383 .9306408 .9353371 .9430062 .9527695 .9652873 .9825773 1.001178
.9572172 .9170613 .9063619 .9070694 .9060435 .9050266 .9010815 .8983337 .8972086 .8971819 .8976575 .9027557 .8950328 .8850626 .8761563 .8919104 .8977197 .9021623 .9087597 .9196224 .9367121 .9579828 .9745732 1.015053 1.025933 1.052582 1.038064 1.029938 1.011696 1.02122 1.030035 1.030955 1.062387 1.092931 1.11464 1.131011 1.162416 1.169943 1.199826 1.177917 1.122282 1.058874 1.028358 1.028608 1.003569 1.003058 .9880067 .976696 .9708683 .9672574 .9649987 .9540732 .9470278 .9361098 .9292203 .9265034 .9272913 .9311741 .9392179 .9518933 .9702169 .9922889 1.017908
.9796121 .9356088 .8810317 .8834817 .8933156 .8925461 .8869933 .8813177 .880801 .8812479 .8796945 .8839322 .8840194 .8786814 .8665227 .8794953 .8904966 .8988154 .9085129 .9286223 .9436302 .9364192 .9542664 .9806637 .9970552 1.049404 1.044474 1.026866 1.013803 1.024044 1.043102 1.057645 1.064398 1.055083 1.018119 .9576246 .975493 1.022532 1.075417 1.073277 1.040743 1.024975 1.000041 1.029284 1.060005 1.063377 1.012261 .9804801 .978707 .9877858 1.007301 .9859407 .9708811 .9510142 .9357197 .925445 .9218156 .9245912 .9331323 .9503607 .9756019 1.012528 1.055705
.9703193 .9559039 .912864 .8798987 .8702446 .8780973 .8603987 .8610839 .8597724 .8611428 .8651513 .8692862 .8656384 .8621146 .8620387 .8547658 .8767802 .8931701 .9207988 .9673437 .9811847 .9835247 .9717017 .9807104 .9869949 1.008692 1.021427 1.011953 1.000577 1.000004 1.00657 .9854224 .9258764 .8427555 .8188425 .8054597 .7796564 .7895952 .8216915 .8306679 .8863738 .9525975 .9899455 1.02906 1.03492 1.035566 .9980443 .9808457 .9876428 1.007133 1.023293 1.028885 .9995452 .9673872 .9382985 .9186435 .91144 .9138958 .9246154 .9489576 .9890363 1.050572 1.128671
.9767747 .9876249 .9890887 .9562566 .8889583 .857254 .8674382 .8904907 .8910264 .8888227 .8843102 .8680332 .8577476 .8631984 .8658157 .854467 .8479719 .8743685 .894065 .9399001 .9812532 .9950371 1.007388 1.017138 .993089 .9909674 1.000259 .9935918 .9795262 .9677491 .9589905 .9065337 .8480625 .8388325 .8273574 .8099501 .7920815 .7474324 .7011027 .7773663 .879674 .9743136 1.033571 1.052761 1.022149 .9783542 .9691657 .9831167 1.000763 1.016285 1.01709 1.010429 1.013582 1.001947 .943458 .9087521 .898164 .8990262 .9105804 .9483604 1.017608 1.046167 1.021228
.9826075 .9869163 .9909931 .9806121 .9632823 .9024343 .8932874 .9117284 .915912 .9120303 .9033443 .8886972 .8734714 .8693447 .8687707 .851164 .8254789 .8394136 .8639979 .9046984 .9642637 1.017117 1.047764 1.061094 1.026291 .9896597 .9881586 .975905 .9624822 .9406979 .9205109 .8812925 .8530334 .8331786 .8152755 .7965809 .7832764 .7616549 .7568034 .8051001 .8933402 .9698743 1.00379 .98755 .9196402 .9360313 1.008516 1.012634 1.042302 1.041952 1.030994 1.003459 .9772918 .939698 .9372429 .8922587 .8821252 .8813403 .8933765 .9346589 .9297817 .9038833 .8384976
.9877778 .9892365 .9888076 .9712727 .9488948 .9223003 .9126291 .9251854 .9346088 .9322578 .9135846 .8989571 .8835796 .8817241 .8752498 .8490448 .8212729 .7949812 .8168726 .8471659 .9061325 .942796 .9885626 1.040164 1.027798 .9994609 .971332 .9683915 .9488528 .9199409 .9059201 .8710199 .8391602 .8117232 .7877758 .7634387 .7228654 .7290414 .7492748 .7701342 .8012112 .8358662 .8408872 .8209693 .8860241 .9249723 .9594771 .9481779 .9111804 .8926013 .9145234 .8876103 .8175853 .8443061 .862436 .871331 .8718243 .8684227 .871822 .8430572 .7750814 .7071686 .6243671
.9947437 .99462 .9902825 .9815349 .9648627 .9308742 .9323159 .9512165 .9522334 .9452198 .9181105 .9019653 .8899246 .8927212 .8893126 .8610007 .8286856 .8089145 .7923513 .7840881 .8066023 .8128753 .785085 .7925501 .9219823 .9868221 .9802716 .9710177 .9406006 .9148861 .8985171 .8639119 .8251165 .7909214 .7585893 .7393464 .7337081 .710602 .7087107 .7017449 .6378244 .5488341 .5160204 .5840711 .7483278 .8251904 .8326559 .8183557 .7807187 .7433607 .7557617 .7261613 .7103627 .7552752 .8202113 .8734429 .8794504 .8704327 .857996 .7726237 .6877124 .5737921 .4792842
1.002259 1.002664 .9980542 1.00634 1.04474 1.03067 1.028751 1.010676 .9587275 .9484743 .9157221 .8878636 .8845274 .9008131 .9207018 .9219688 .85012 .812734 .8126414 .7886686 .7520009 .7446634 .7065058 .7199401 .7322221 .8184462 .8816507 .9283568 .9128857 .9099967 .8864529 .8505861 .8168647 .7793567 .7490786 .747299 .7316792 .7108482 .6783997 .6687413 .6301128 .5753402 .537238 .5356069 .5385384 .5954592 .5622989 .5984441 .6312335 .6006805 .587936 .6227881 .7086303 .760484 .82266 .897844 .9329213 .927461 .8768267 .7849184 .682073 .5833098 .5398195
1.011514 1.015058 1.00995 1.027384 1.029476 1.038277 1.028348 1.005329 .9633296 .9400842 .8951597 .8813826 .856495 .8900214 .91002 .9646364 .9942976 .9277157 .8246043 .7962134 .7412913 .7003164 .6955668 .71864 .7315902 .7210329 .7963439 .8936437 .9024956 .8978053 .8576535 .8266181 .8012986 .7737172 .7550771 .7414548 .7259196 .7061615 .671721 .6458794 .6232109 .5940918 .5616251 .5342978 .4868737 .4487235 .4411885 .4242793 .4232568 .4382754 .4577181 .5909745 .6984849 .7638161 .7990447 .8572615 .8800411 .8985252 .883321 .815102 .7157729 .620546 .5457453
1.017231 1.026124 1.026343 1.021441 1.013611 1.011732 1.001437 .985873 .9602571 .9409402 .9711004 1.009435 .9663407 .8619544 .8546469 .8534431 .8998816 .9640437 .9525417 .8629527 .7875252 .771964 .7368606 .7287853 .727729 .7238686 .7021021 .7742984 .8294397 .8075343 .7987936 .7801292 .7671939 .7512618 .7381536 .7246025 .7131516 .6959872 .6682001 .6260231 .6014016 .5868643 .5494071 .506898 .4668143 .4692058 .4529908 .4380524 .4254716 .4299304 .4495681 .4961212 .5869441 .6458958 .690142 .6552311 .5726444 .4891141 .444436 .4304981 .4763783 .4526424 .4749627
1.017981 1.016976 1.009505 1.011145 1.007564 1.003677 .9997734 1.020086 1.009861 1.030584 1.04194 1.011927 1.006137 1.00263 .937843 .8860341 .8644794 .8677428 .9304494 .9502138 .9413147 .862832 .7658624 .738453 .7270817 .7171102 .7047019 .6799617 .6847121 .7178123 .729678 .7354296 .726012 .713538 .6995578 .6908297 .6919059 .6817873 .6617739 .6287284 .5784976 .5465452 .5164058 .4690593 .430397 .4127197 .405182 .378568 .3890288 .377006 .3976968 .406311 .3765426 .3647514 .2769937 .1061462 .0598705 .08270834 .08336624 .1040765 .1850917 .2968634 .3889185
1.015412 1.009386 1.004303 1.006163 1.007099 1.004194 1.001852 1.009818 1.029345 1.036559 1.011551 1.005397 1.005962 1.010518 .9958918 .9564911 .9371428 .9516628 .9504403 .9652407 .9710407 .9441669 .8727323 .7591009 .7135575 .7105485 .7053409 .7029785 .7023225 .7073478 .7109903 .7103795 .7186214 .690976 .6547019 .6403717 .6690774 .6616755 .6513535 .6147453 .5623547 .5121469 .4738942 .4440458 .4219078 .397555 .3948469 .3692109 .3161861 .3202542 .3379833 .3303894 .2765442 .1802773 .1051895 .1056378 .1047482 .09556188 .06247184 .01442826 .1139249 .2491974 .3702488
1.009398 1.002889 1.001396 1.003313 1.00448 1.006596 1.006441 1.010709 1.019056 1.018031 1.001227 1.005105 1.01257 1.023727 1.03713 1.022268 1.000086 1.024466 1.012298 1.008994 1.000238 .995559 .9746104 .8789634 .7524452 .6840426 .6989918 .7008293 .7002231 .7011346 .7022321 .6995246 .6919338 .6551602 .6016408 .5651141 .5878344 .6285002 .6357063 .6457406 .5959082 .5524744 .500111 .4471294 .42152 .404531 .3868948 .3723029 .337168 .3007715 .2966453 .2856013 .2444062 .1831522 .1446298 .1526506 .1450569 .1737238 .2515833 .2936317 .3532301 .4096782 .4378037
1.0042 .9977954 .9971964 1.00067 1.004278 1.008179 1.010063 1.015346 1.02007 1.017554 1.009029 1.013212 1.027988 1.039226 1.044641 1.045347 1.036201 1.006695 .9942484 .987049 .9788067 .977261 .967179 .9623334 .9227619 .7850268 .6734424 .679785 .680598 .6793329 .675023 .6897173 .6827081 .6635638 .6892783 .6946511 .6637874 .6346023 .6253224 .5978812 .5715739 .5433382 .4804119 .4364145 .4093132 .4120414 .4149695 .3838905 .3070351 .2547517 .2406388 .2465323 .2536051 .2806558 .3257213 .4098051 .5228488 .6006801 .6473885 .6792945 .6615887 .6046025 .54375
1.00172 .9981883 .995775 .9997051 1.003142 1.00827 1.012377 1.016155 1.019462 1.019389 1.016103 1.012139 1.028579 1.024569 1.020534 1.022354 1.014812 1.000614 .989949 .9802135 .9739619 .9754075 .9724196 .9719346 .9618517 .9429747 .8565891 .742375 .6895952 .7293561 .7901743 .7709823 .7386893 .7567426 .7974621 .8259078 .7918922 .772382 .7640345 .745796 .6830438 .5988991 .4576115 .3689783 .3419979 .3606992 .3943713 .4535548 .4845063 .5156065 .5294681 .5367031 .5884178 .6517733 .7103095 .7525357 .7597737 .7843928 .779913 .7546973 .7111934 .6612605 .6049883
1.000176 .9984885 1.000233 1.000156 1.004444 1.007481 1.011843 1.01715 1.020654 1.022155 1.021751 1.013472 1.020088 1.008565 1.010599 1.014656 1.007001 .9972068 .9900447 .9813937 .97584 .9807859 .9939759 1.01269 1.042009 1.032326 1.001195 .972846 .9176774 .9105539 .8840624 .881009 .9125929 .9250091 .9288499 .9362481 .9042684 .86363 .8355077 .8139309 .77585 .8032713 .7809769 .7372512 .6957904 .6877083 .6690562 .6946868 .7241163 .7331204 .7191772 .6970316 .7147556 .7488293 .7746025 .7803264 .7530146 .7278615 .7068973 .6937221 .6896434 .6632059 .6250616
1.001086 1.00118 1.003409 1.001185 1.001571 1.004213 1.010306 1.015635 1.021304 1.025279 1.026632 1.026186 1.020151 1.007847 1.007528 1.008752 1.006303 .9972918 .9914961 .9838532 .9825928 .9862658 .9989769 .9997184 1.012996 1.034184 1.070683 1.06216 1.034039 1.013847 .9451637 .9171315 1.004035 1.021843 .9881706 .9479597 .9102696 .8990779 .8724397 .8454479 .8752266 .9585318 1.016924 1.040511 1.008728 .970145 .9096296 .8868932 .8928395 .8789957 .8415773 .7893708 .7583702 .7566512 .7474089 .7217143 .7131255 .6999354 .6669126 .6502367 .6514688 .6511733 .6430281
.9953486 .9992176 1.004031 .9982467 .9954113 .9998843 1.006364 1.01226 1.01903 1.022157 1.014802 1.018212 1.015499 1.009146 1.006474 1.007855 1.01058 1.000502 .9970913 .9940741 .993973 .9931349 .9905787 .9822466 .9923096 1.003658 1.020594 1.041559 1.044558 .9865329 .9331236 .900213 .9499673 .9474362 1.001841 .9954135 .9440904 .9391661 .9423535 .9806911 1.008835 1.054623 1.095271 1.130563 1.126475 1.106149 1.0416 .9853956 .9465776 .9113585 .8733562 .8394051 .7906713 .7475711 .7129806 .6765317 .6480402 .6332209 .6145707 .6195634 .6323453 .6688324 .70617
.9832358 .9798759 .9877149 .9864423 .9874031 .9933394 1.000044 1.007191 1.013959 1.01152 1.006965 1.011091 1.012519 1.008501 1.006203 1.007879 1.013269 1.009953 1.006734 1.007154 1.003457 .9944302 .9847971 .9790702 .9815947 .9849554 .9864736 .9881541 .9831272 .9656337 .9408981 .9136095 .8651379 .908908 .9940261 .9741524 .9557238 .9038281 .9221591 1.013109 1.080714 1.082077 1.079115 1.063617 1.068338 1.059572 1.034345 .9917613 .9321206 .8781264 .8469422 .8302446 .7915241 .7331978 .697016 .650673 .6054322 .5996802 .6009121 .6144364 .6630293 .7372721 .7987687
.9767315 .9682716 .9681029 .9772919 .9817207 .9888437 .9948266 1.000356 1.00602 1.002811 .9997382 1.002282 1.006513 1.006592 1.005377 1.003567 1.008152 .9976991 1.002294 1.003089 1.000436 .9920365 .9841559 .981302 .9778463 .9705811 .9568334 .9496875 .9701155 .9936291 1.00554 1.006102 .9771066 .9283851 .9530295 .9453263 .9567478 .9381936 .9229762 .9812715 1.005669 1.042401 1.021963 1.027393 1.032476 1.028939 1.011792 .9771368 .9225937 .8618025 .8189771 .7935887 .7639878 .7120239 .6938044 .6529145 .6327474 .6393212 .6692702 .7115699 .7785807 .8412311 .8742563
.9780136 .9747443 .9827164 .9821171 .982883 .9869446 .9909731 .9953545 .9973384 .9953021 .9932332 .996721 .9999501 1.004058 1.005153 1.003146 .9941436 .9864639 .9925746 1.000902 .9996653 .993156 .9858817 .9834463 .9780968 .9629981 .9452826 .9254876 .9438185 .9854563 1.047891 1.05054 1.005914 .9411031 .9248028 .9112292 .959579 1.010083 .9966988 .929547 .9229866 .9206147 .9383351 .9724398 .9761575 .9556268 .9561805 .9398677 .8981214 .8489868 .8060375 .7673684 .7348885 .696154 .6952186 .6946858 .6935354 .7102194 .7747696 .8720716 .92171 .9437721 .9469441
.979484 .9833207 .9917976 .9885404 .9861701 .9867283 .9885634 .9912073 .9924635 .9933074 .9907672 .9945103 .9986449 1.002062 1.003807 1.003306 1.002856 .9955317 .9931862 .999137 1.002174 .9980836 .9892977 .9890851 .9799176 .9686972 .9592068 .9565207 .9718847 .9904097 1.0304 1.011527 1.015375 .9690661 .925703 .8934248 .9364463 .9851314 .9986751 .9592266 .8942722 .8527773 .8642443 .8997616 .9109527 .9079287 .9144998 .9152946 .8889902 .856335 .8242859 .7756342 .7390538 .7126088 .7341612 .7601441 .7769177 .8258659 .9358204 1.026498 1.047047 1.027269 .9860176
.9735315 .9794763 .98668 .9891227 .9886913 .9868563 .9874933 .986674 .9873236 .9911148 .9903364 .9948949 .9973977 .9985581 1.00088 .9981522 .9996098 .9990979 .9966583 1.000229 1.00325 1.006402 .9995355 1.001956 1.002927 .9978788 .9885025 .9935981 1.011676 1.00381 .9957844 .9780039 .9883922 1.008083 .9571486 .9237928 .9285661 .9638937 .9797204 .9616302 .9464856 .9387075 .9054706 .9109675 .8791301 .8834359 .8992916 .9079059 .9088697 .8827625 .8579299 .8250136 .7801524 .7451415 .7700251 .8437675 .8940936 .9620469 1.077156 1.10937 1.090079 1.041828 .9723595
.9865901 .991297 .9920008 .9901136 .9910441 .9896156 .988871 .9872704 .9884995 .9944722 .9949118 .9981524 .9981251 .9971293 .999122 1.000105 1.002029 1.001945 1.001051 1.000327 1.004064 1.011715 1.013055 1.00982 1.004886 1.0041 1.008232 1.012248 1.001334 1.001844 .9739138 .9611657 .9692469 .9841484 .9779878 .9471791 .93115 .9569163 .9870551 .9831549 .9652193 .9603256 .9290619 .9386968 .9156453 .9019883 .8921871 .8787631 .8943784 .8946125 .8839504 .8762631 .8593639 .8378655 .8281648 .9016281 .9879955 1.094983 1.098387 1.064447 1.026252 .9800038 .9147503
.9943597 .9976417 .9948507 .9943856 .9935725 .9927293 .9922817 .9912171 .997333 1.002946 1.002562 1.003008 1.002426 .999353 1.002191 1.003154 1.005792 1.004814 1.004634 1.003886 1.00266 1.007561 .9991982 1.004299 1.005708 1.001021 .99859 .9922664 .9840019 .9797781 .9686285 .959941 .9449392 .9400594 .9513705 .9299387 .9315611 .9511654 .9435632 .9595047 .9346102 .9187531 .9267309 .937516 .9420509 .9165722 .8906527 .8875432 .8811048 .8798948 .8931231 .9235258 .9471281 .9657016 .9233687 .9407639 1.012197 1.112942 1.071491 1.011085 .9096385 .852174 .8214782
