py_wake/examples/data/AJ_ParqueFicticio/Rough survey   Sector 10   Height 30m   Power density.grd
DSAA
73  159
 258469   265669
 6501692   6517492
 .01767533   1704.689
[rows 84 to 111 of 159, columns 0 to 62 of 73]
208.5069 204.6952 202.5365 202.114 201.0223 205.7284 213.8666 218.9726 223.702 224.2462 221.2167 216.105 205.4445 195.0447 195.9207 186.9519 184.8383 178.073 166.7504 183.4618 195.8633 204.6494 207.5138 216.7172 256.5599 348.4805 448.6074 523.9827 585.2846 551.4304 442.2841 378.5664 357.6856 304.7675 291.6878 181.8373 164.8464 169.9821 210.109 289.3972 329.4795 307.7262 250.8579 197.2876 201.9118 190.7447 151.6831 139.451 119.0461 116.4964 150.2186 177.3855 199.1593 216.5028 232.2474 207.2334 177.3034 138.3676 101.6582 75.80152 51.61206 37.78338 25.17679
214.6544 211.8104 203.8879 202.4978 200.5294 210.3686 215.5207 222.2689 222.5891 226.281 225.1812 221.2018 216.4742 194.8113 198.1274 201.0836 199.0998 187.7986 171.3895 174.8933 181.9579 193.5656 203.7579 214.8136 281.5543 418.9125 527.8915 604.7059 577.4425 493.5406 394.747 340.7247 356.1671 300.0779 253.8378 161.1261 154.6099 187.2195 264.5629 325.5261 346.4986 308.2043 274.8164 210.2925 203.0774 207.6299 170.4702 151.8049 117.3713 100.3096 119.6514 167.0816 198.6116 211.7505 228.2209 225.0896 180.6661 137.3534 105.9054 76.34782 47.10143 28.33511 15.77878
206.6145 203.7018 200.0437 198.1429 203.5897 210.9516 219.4687 218.0919 222.5119 226.1408 225.5676 216.0553 212.2117 198.6342 195.4998 201.3274 198.7821 190.821 188.5823 180.1765 181.1907 185.5403 197.078 204.931 278.2864 439.995 597.5507 644.3447 573.6016 460.7643 372.3912 326.0009 309.2827 275.5647 238.4308 164.1701 144.6137 196.4097 301.8787 331.8575 343.7355 317.1729 269.6605 227.1392 205.8581 196.1319 194.5553 169.6718 139.3813 90.07482 94.82758 129.5981 199.132 198.154 217.5448 239.5885 179.182 136.6521 100.1813 74.6778 39.49897 20.83855 11.15129
193.5284 193.4662 191.1418 200.3859 205.2082 207.3018 216.6636 215.2626 219.5012 227.385 223.8684 219.9696 216.9107 212.9465 202.0796 200.8967 198.0603 197.2244 194.2683 184.7319 190.2933 193.2994 204.7203 209.2453 257.2938 414.6073 629.7127 681.9006 608.2462 490.0933 366.0868 289.3773 274.8842 247.7541 221.1395 154.2048 133.8399 226.1483 302.1166 342.179 349.8404 331.0603 303.117 239.5174 213.9653 194.0523 191.6528 197.2135 151.4771 95.40127 85.09919 111.3619 164.5988 192.3513 205.1835 234.5186 175.2035 124.2735 90.63727 69.81803 28.06416 13.2755 10.23966
193.0242 188.0743 187.9364 201.1203 206.8235 208.4417 211.0154 209.5736 217.4028 228.4945 227.5711 223.0385 219.6967 219.7845 212.4424 199.7423 190.7263 199.1365 195.3195 191.5555 193.3821 202.988 219.1238 245.8016 269.2884 369.3437 597.6757 745.9678 685.5715 520.0869 351.5525 269.8937 244.7952 218.9071 180.1088 138.5394 156.3279 246.2876 309.3694 349.2592 360.4435 349.736 305.8769 249.0554 205.42 190.3637 178.5845 203.4719 154.1611 107.4775 90.98152 107.1743 115.7787 156.9721 211.8575 223.8994 174.6308 106.0306 79.03011 58.70572 16.5929 10.78647 13.78529
195.563 187.2982 191.3966 197.4028 208.0153 209.3119 214.9296 207.2043 213.8223 217.7319 227.0902 221.8476 219.6724 224.0373 221.8583 201.1241 191.7282 190.5052 189.7389 188.531 195.845 212.9458 246.4475 300.3829 334.2252 356.6118 571.6441 821.2524 790.1382 534.9212 326.963 246.4845 218.0533 184.4011 137.7801 134.7804 169.8997 264.3666 322.7325 365.2335 375.0937 363.4854 295.0244 231.5557 187.0728 197.697 176.9996 176.2598 138.6159 108.5099 110.7243 115.6663 92.66436 118.1879 174.5968 211.7956 165.7341 93.29965 65.07713 52.52507 13.93564 10.39915 14.87609
190.9093 188.7345 195.0773 190.915 202.0834 209.8161 215.1883 209.3665 212.1947 209.5637 221.2168 218.7473 222.1705 229.7337 230.3664 212.3076 195.7393 187.6566 191.2286 179.0912 195.1872 226.5139 277.7118 380.0298 431.4066 389.7818 544.4272 837.5693 812.5477 520.7502 300.7207 221.3107 197.8869 156.6593 109.9722 140.9886 157.7952 243.5992 341.8368 384.1277 396.4058 358.9069 273.1665 211.1633 210.7634 214.9015 203.8974 167.675 124.3223 119.9552 146.7967 170.2406 124.0388 93.67588 114.3273 150.9757 137.7906 87.90791 60.01875 41.35247 14.37587 9.069224 16.29874
197.9826 191.9307 191.833 188.0101 190.452 205.3396 215.4383 218.9506 215.7356 211.625 211.9547 213.4304 217.9594 227.0061 231.8316 216.3915 196.602 192.4183 202.979 183.6934 188.8718 245.8135 329.3905 465.1328 516.9435 452.7512 565.2999 825.1592 799.8732 477.1022 286.6838 213.3912 189.5768 111.2498 107.1722 156.9933 152.5452 198.8759 333.024 442.2068 423.2685 339.0693 237.7288 218.6395 232.5947 216.7841 200.2422 151.1484 111.9472 118.5617 172.8286 195.313 177.2879 132.2137 90.1275 86.51596 103.7502 89.43672 62.97557 34.87985 10.96028 5.943568 14.71335
193.4158 191.0863 190.9421 187.1456 185.1436 204.2329 218.6292 219.6158 224.0946 220.8119 213.2071 205.9286 214.1244 221.4363 225.4196 216.689 199.0385 213.1125 244.8893 213.3179 170.7014 248.5153 399.1522 549.6877 587.2328 493.5638 601.3765 803.3094 755.6537 440.3166 272.0597 210.5423 171.5353 88.16824 122.0981 200.307 165.8641 164.1156 290.982 439.0012 427.3747 319.7622 237.2779 228.3512 240.1802 227.1302 180.7134 118.3262 109.7064 122.5289 173.8028 197.6992 176.5799 169.2303 104.3518 79.86661 82.25877 91.89577 73.39709 40.79926 6.307931 3.024386 9.323479
196.3759 193.7781 188.296 181.5986 183.9522 202.5301 219.5389 222.6148 224.906 227.2959 218.1889 201.6692 204.9068 215.7058 216.0934 211.0059 203.8817 250.4964 326.4086 286.6201 174.669 205.2867 429.6769 628.6135 646.6017 525.6646 607.8762 767.0444 681.7891 399.3273 252.2188 188.1273 119.6179 72.19579 127.9474 222.3671 190.1136 149.77 267.6603 423.4621 433.7019 324.2067 252.1568 228.5512 246.5814 206.962 140.7989 119.0368 120.3034 136.4312 164.2145 181.8243 160.2148 155.9429 103.8118 82.28471 74.42036 92.13164 78.37415 40.92933 4.108975 1.469449 3.841133
188.8041 189.0614 185.2613 183.7676 182.3248 196.9861 218.8943 227.1709 229.7676 231.5976 225.5112 207.044 204.435 212.3536 210.7372 203.5125 211.4732 297.3092 434.7249 408 232.4118 174.3248 380.3787 692.8501 721.5491 565.3888 592.472 718.2026 632.6333 371.2382 236.7728 163.5517 91.2688 75.10792 159.192 245.6449 188.444 150.5454 244.3526 387.0602 389.8262 338.8166 265.9634 229.8994 219.6415 168.2187 134.257 133.6286 141.484 148.876 162.7619 167.0915 140.2876 133.2454 104.0936 96.57342 90.14397 89.01735 74.60943 46.67199 6.894339 1.023819 .5136763
185.5967 191.4769 186.4251 188.0291 192.1642 196.0053 213.6789 231.0916 238.671 232.9261 223.7405 212.7315 212.0611 215.1254 214.9472 197.1226 216.3726 352.3827 522.3758 536.9146 344.7637 201.8971 321.1377 696.08 779.4119 604.9443 570.0445 617.7236 516.5254 348.9014 236.4629 153.9516 87.9835 76.92997 191.5238 270.8521 213.5799 158.804 254.4398 394.6968 376.8606 322.477 237.2132 207.2934 187.2788 165.5965 155.5638 141.0369 153.5365 152.2601 163.6562 155.1455 113.6344 109.474 103.7825 105.8163 95.27857 78.64468 77.40195 51.74091 14.05823 1.140837 1.43616
179.0362 186.1712 191.5261 191.7452 197.9816 202.9812 208.5239 230.5427 239.4843 230.7563 220.4778 221.1368 226.3863 233.9089 233.4237 219.321 220.9209 337.9209 575.1302 676.5659 476.1458 247.5206 306.9423 675.5445 756.0581 654.9955 495.6851 470.79 416.5725 304.4868 228.0195 148.5065 84.50757 76.73721 188.6676 280.0415 242.7663 183.5826 222.1021 378.3084 328.0959 282.7842 209.317 173.8514 175.4682 169.0401 170.2897 157.4057 160.4854 153.1436 171.8832 160.5747 110.3444 95.26379 101.7085 107.5256 90.95631 66.66744 71.48963 56.87314 24.06841 2.110435 1.759464
169.6187 186.5837 194.6861 197.094 198.0834 215.8196 217.7477 219.8437 235.2941 232.9221 222.8318 227.0673 232.4919 266.2997 289.9291 272.3433 224.2863 290.0373 621.4071 766.481 587.3033 309.8157 349.4688 644.8327 764.4966 583.0949 407.1165 356.4369 337.7616 288.6836 257.2859 174.9174 93.81407 75.30264 151.7193 274.4634 248.0454 201.7025 227.2642 325.5682 324.6468 254.3168 193.0022 168.733 166.1015 167.8238 169.7877 147.5984 154.9627 150.8111 173.0903 166.0845 100.9227 98.46992 110.4722 117.7437 86.618 66.44645 63.71959 47.5701 27.98075 7.140831 .2466384
166.016 188.1939 202.5381 200.6029 189.4461 221.086 239.7624 213.7336 223.9858 238.1985 230.0252 229.8479 241.1628 310.9322 388.256 355.9884 248.8449 286.0092 624.4896 811.3983 627.7784 366.4569 410.8543 606.548 722.5127 483.5218 299.1213 323.0795 400.2903 337.3492 263.6483 195.9298 99.00496 76.45949 128.6007 250.5126 242.7693 195.9021 208.4692 280.2131 298.6891 237.9004 179.135 161.4812 172.0783 168.3311 161.1019 143.5823 151.9166 158.8017 151.0865 141.9659 127.2436 159.9684 119.7782 105.8318 80.34351 59.09089 51.838 40.11722 26.1472 6.879717 .2621354
170.5099 191.8045 213.6736 210.8141 185.5585 207.9154 256.9608 226.534 215.8409 245.6901 244.7847 241.883 259.9049 363.3645 490.1091 456.2964 324.9782 346.8689 602.7372 813.6352 663.4075 434.7283 454.53 562.7844 568.7607 364.4318 267.3017 385.478 492.735 408.6548 291.9489 196.269 105.2265 87.44555 136.7132 214.0075 221.1588 178.3361 184.0333 264.1173 275.9421 226.2434 184.1534 154.6633 168.3801 158.7236 156.1313 116.8733 140.6061 144.6299 144.7795 146.7122 158.7966 192.6875 151.7834 123.0927 94.29491 61.1174 45.76548 31.61723 24.51592 8.375259 .4660074
192.5791 209.4554 224.5778 228.6495 199.8131 186.7393 251.6964 264.1201 217.1128 255.4469 274.1689 269.757 297.3887 383.7693 531.4176 538.866 456.3165 459.4328 602.5408 809.1462 696.7183 510.476 459.717 442.917 391.1652 344.0327 348.7301 456.4416 531.5395 445.2251 297.4484 181.0119 102.3864 100.6887 153.8665 183.3762 184.2269 152.7254 173.2448 217.5578 240.2254 221.9781 182.9722 161.3007 145.1514 134.1036 121.67 113.5797 159.1275 180.7597 163.6767 167.37 178.4441 195.6137 167.5276 133.4237 99.56695 66.76375 40.21785 32.41021 22.36395 5.142834 .03818419
206.0054 231.1597 233.1035 244.2928 228.5021 181.3197 220.3287 302.4118 239.5131 263.1563 324.0023 298.9526 345.9568 424.7318 529.0734 594.9769 568.968 587.843 673.1531 804.0316 716.8289 525.0268 375.8052 326.3766 370.733 417.5325 458.9838 493.9674 516.3458 417.1101 280.0716 166.6741 103.1115 108.0359 166.3832 172.3758 173.9394 148.9965 148.926 162.5395 196.2133 202.693 192.0785 198.5033 161.2652 101.7264 89.06532 115.1519 206.9272 242.9993 226.1822 210.6756 204.3163 192.8564 170.6619 139.5501 98.462 75.50813 52.25023 38.71855 13.50514 .07743198 4.743082
205.6556 227.8466 240.9908 268.2243 282.7017 201.3015 183.352 309.3212 285.2194 284.247 382.9124 364.717 387.7768 483.8678 536.7396 618.2065 616.2496 666.9823 757.7366 834.8455 697.9862 431.1546 318.4223 298.4969 419.736 534.2645 572.8035 530.2344 455.3666 357.005 260.0895 167.2337 115.9686 128.8501 155.824 155.8152 159.7545 140.5219 143.9713 133.3662 174.7157 206.8052 225.5774 218.3932 161.4259 71.96236 58.65278 123.1028 248.7983 303.229 295.2695 267.9076 237.9891 203.4736 169.1702 140.3633 95.45705 78.3148 53.22426 30.0542 3.245741 29.03772 19.83303
198.8762 216.0114 246.8695 314.3092 353.6687 238.3123 161.6049 282.056 332.1385 324.2569 426.8256 454.3905 439.0391 560.4849 568.8604 628.791 621.1461 669.5386 803.9744 839.4086 635.3871 407.082 298.5092 322.4631 502.2656 607.8066 658.8423 494.4304 371.829 302.4095 240.2132 173.9719 133.6033 125.6841 136.9553 140.7699 131.2502 107.4994 110.0777 126.3655 179.7067 241.8089 249.9716 251.1007 141.0667 47.82225 41.98389 109.1747 247.0126 342.0032 381.7008 369.42 294.632 216.7751 150.9603 114.4319 87.97124 67.69021 46.64572 21.24773 2.058562 12.51674 14.7026
166.0917 200.2279 254.3441 359.9047 417.8185 262.3523 175.8578 265.5459 335.1362 368.4937 458.022 545.3698 559.7378 612.543 583.8811 597.6158 605.3901 635.5004 781.5544 787.7067 608.3134 407.4519 314.1583 377.8655 569.076 667.2397 672.2613 471.4343 360.6816 308.7261 245.9436 174.7862 123.5835 118.8224 131.3241 145.3432 110.7182 93.74455 103.7767 150.194 230.3006 280.669 259.3817 200.4301 98.47825 58.4201 46.02056 81.38622 202.3562 350.4751 467.6689 502.6864 373.084 214.7256 134.6234 108.1058 88.62594 64.04401 40.81647 20.11763 3.68635 6.681479 3.360551
144.1852 170.0951 241.8001 378.8844 436.2126 305.3638 228.8109 283.6228 333.8957 396.1658 482.5878 616.5101 693.5051 661.3386 593.863 519.0118 545.4702 604.7396 721.392 725.2269 548.1605 405.7946 318.1672 408.7829 593.882 654.2498 625.4697 498.715 396.9743 356.0666 262.089 173.7309 114.4344 106.8197 133.5893 116.9059 81.32009 78.13287 105.0116 163.4839 267.2462 314.5366 254.5855 145.6879 97.55626 89.16762 65.49401 61.6002 141.757 316.7403 518.4009 615.1177 456.3987 230.696 147.6671 122.5278 89.74085 55.12733 30.56156 17.35688 4.438285 9.808161 2.736665
168.8262 151.0215 195.5472 315.5035 408.3716 363.1829 316.1831 310.6993 332.4132 418.3694 544.1318 695.3004 801.9404 705.2853 602.463 441.431 449.7249 574.8253 612.1841 630.6371 542.4135 397.6364 300.5881 367.5069 553.389 677.3636 648.8078 571.2925 472.9826 407.5578 266.9424 158.5896 106.9023 93.10894 103.506 76.46796 64.0499 84.30295 140.3356 192.6991 283.8206 317.6062 239.707 152.1012 110.4442 129.108 99.34142 55.08961 86.70976 255.2664 500.8651 614.2865 532.4126 259.7735 163.7268 136.9119 80.05194 38.22091 21.48372 14.39533 3.863701 25.49997 5.100866
218.6715 161.8932 185.731 242.6878 339.6814 413.429 425.5246 373.6447 345.2624 440.6736 633.3263 833.6974 892.9636 746.3808 599.6181 368.8416 300.4349 437.8991 580.2061 605.1824 538.1726 387.5345 237.4963 294.2463 535.3895 641.9247 677.2293 664.7414 573.9909 454.2535 260.4609 147.236 99.52125 82.84197 76.96603 60.50485 56.3015 95.92706 183.3427 243.3535 297.6268 333.48 275.5928 170.0436 123.6169 155.1553 132.3881 71.26042 70.0126 182.3508 455.2889 640.0334 560.3642 306.0597 172.4847 123.9578 63.54547 28.49739 17.17521 13.80648 3.867476 21.87036 8.181767
282.0232 192.4249 191.1346 240.5622 284.3269 392.201 512.4464 483.6732 402.1263 464.3612 697.1533 984.9958 949.9637 805.8584 555.2198 349.3024 223.4966 311.6703 494.6432 589.13 558.9493 369.9776 193.1507 218.572 487.7346 627.4327 686.9023 770.4509 678.0509 464.8289 249.219 140.9828 92.13164 73.19431 66.25883 44.59273 47.72892 106.1883 230.7452 302.3505 330.6579 379.8695 327.5835 203.2652 136.5311 155.5681 133.9338 79.4371 72.96925 155.8789 410.5933 562.8174 545.3864 262.2557 133.4144 95.38125 57.29958 30.35589 19.37099 15.28714 4.671562 32.38235 25.35307
344.7121 249.6805 201.8418 268.8639 293.2365 341.4645 512.6418 567.2977 498.1051 507.7042 752.1605 1090.136 1088.432 791.5107 500.3661 339.8207 226.6281 227.1502 332.5035 493.4443 538.3387 371.5415 166.3002 177.4158 420.6254 597.6573 714.7125 826.3271 747.7956 461.2909 248.1122 147.6918 87.66547 71.47824 58.08472 40.57146 45.29728 116.8475 278.5087 392.6065 397.3272 443.3303 399.9827 254.9675 152.6302 145.5324 111.7123 73.84059 73.10323 160.3328 396.3867 513.2262 468.4747 209.8841 97.64896 69.96288 54.11611 37.2039 25.06419 17.36853 5.788783 28.39985 34.36993
386.0701 304.5954 232.8874 281.3465 318.5615 342.4904 484.6366 573.1056 589.528 591.7958 821.1066 1148.946 1120.408 783.5056 478.2406 317.1332 229.8068 196.2565 242.8964 364.5415 430.7359 350.4531 174.7214 154.2686 356.9013 585.182 725.3205 830.978 681.3495 427.6232 235.0266 132.5878 89.51985 65.93402 60.14218 43.58499 45.97579 126.925 324.4777 500.2614 514.0542 543.9973 484.5572 306.4278 159.4422 118.582 91.19239 65.38864 68.10859 173.0152 404.1103 506.8673 363.5257 170.9442 80.96744 57.33311 48.91753 42.30671 30.51088 17.10781 3.101041 .02798751 5.75401
369.8237 346.6755 277.093 295.9673 357.8267 391.1234 478.5489 561.8721 662.6985 713.7599 910.1116 1182.229 1107.714 777.91 550.4831 333.7873 246.4845 264.1989 211.3558 229.3933 277.6664 271.9613 151.7759 133.1827 336.4405 587.5496 738.6117 694.6491 492.4977 302.9194 207.5406 146.1149 106.076 90.25471 81.76899 55.41073 50.65304 127.6813 357.3831 594.8809 669.6854 692.3242 567.0538 308.3507 162.861 104.4332 75.94298 56.99306 66.35026 157.2135 374.9333 441.3333 270.0052 133.4907 75.0396 60.69886 52.17975 48.70618 41.65861 20.31329 .5564343 .4013274 .5423158
