py_wake/examples/data/AJ_ParqueFicticio/Rough survey   Sector 8   Height 200m   Orographic speed.grd
DSAA
73  159
 258469   265669
 6501692   6517492
 .721692   1.448555
[rows 56 to 83 of 159, columns 0 to 62 of 73]
.9596134 .9617385 .9638958 .9664074 .9677416 .9681864 .9667542 .9653831 .9640695 .9634874 .9629148 .9624527 .960911 .9589798 .9575436 .9569559 .9576845 .9589165 .9595058 .9595453 .9590166 .9576623 .9592746 .9622983 .9647405 .96566 .9673508 .9708883 .9795681 .9956213 1.0148 1.030346 1.038446 1.050659 1.064363 1.076718 1.089606 1.099564 1.104787 1.111581 1.124648 1.133088 1.139481 1.141325 1.143902 1.14932 1.153866 1.148279 1.14125 1.132457 1.125803 1.115642 1.09045 1.056415 1.028752 1.020736 1.023697 1.021755 1.006228 .9867143 .9688864 .9563569 .9479034
.9586736 .9592603 .9619988 .965811 .967495 .9672801 .9655991 .9634985 .9619855 .9615738 .9612218 .9609602 .9603162 .9587483 .9581685 .9576716 .9579351 .9587305 .959833 .9601961 .9620624 .9619851 .9624118 .9647259 .9670503 .9687735 .9712365 .9771042 .9916731 1.009855 1.029672 1.043767 1.052096 1.063811 1.077498 1.088314 1.098538 1.107995 1.11401 1.119985 1.129396 1.134806 1.133991 1.132197 1.136323 1.141281 1.139655 1.129781 1.123785 1.117807 1.110879 1.097761 1.073002 1.042356 1.02168 1.020177 1.023125 1.018311 .9984899 .9769036 .9585928 .9470727 .9416903
.9544793 .9547914 .9591755 .9636117 .9656652 .9640965 .9622445 .9599982 .9588224 .9585344 .9586572 .9586525 .9580155 .9566947 .9576668 .958281 .9580978 .9583594 .9591432 .960371 .9633612 .9654442 .9661616 .9676556 .9690978 .971139 .9751043 .9826185 .9963999 1.014415 1.032374 1.044073 1.052436 1.062449 1.075685 1.087232 1.097255 1.106418 1.112381 1.117073 1.125006 1.125462 1.120069 1.118387 1.121153 1.124932 1.120453 1.109975 1.105029 1.102482 1.094713 1.077614 1.055184 1.029758 1.014646 1.016596 1.016928 1.011526 .994161 .9733746 .955178 .9437689 .9411483
.9534513 .9562224 .9603739 .9630814 .963253 .9616235 .9588168 .9563646 .9553506 .9553643 .9557902 .9562379 .9562232 .9548486 .9556814 .9572492 .9583472 .9586986 .9594043 .9607283 .9637012 .9671348 .969364 .9700084 .971752 .9742221 .9779351 .985137 .9957923 1.010565 1.025304 1.034754 1.042293 1.053014 1.066608 1.080941 1.093279 1.101633 1.106343 1.108796 1.111714 1.110209 1.105483 1.104596 1.105996 1.107903 1.10275 1.093232 1.089593 1.087628 1.07753 1.059193 1.038625 1.018059 1.00817 1.009235 1.00734 1.003225 .9885011 .969131 .9520063 .9398932 .9393777
.9581335 .961293 .9647084 .9654412 .963237 .9596952 .9559315 .952736 .9523875 .9529038 .9532353 .9535455 .9534589 .9525117 .9540092 .9561744 .9578558 .9589382 .9604441 .9627448 .9645332 .9663867 .9688348 .9715765 .9738005 .9769422 .9823954 .9909108 1.001746 1.012644 1.024608 1.031836 1.03812 1.04847 1.062953 1.077149 1.087286 1.095017 1.096039 1.096717 1.095745 1.092027 1.090869 1.093111 1.093793 1.093939 1.088588 1.08226 1.076947 1.072396 1.060104 1.042654 1.025896 1.010584 1.002019 1.001909 1.000691 .9968473 .9802933 .9601171 .9445432 .9345677 .9328693
.9631854 .9655712 .9670296 .9649422 .9604578 .9563863 .9522829 .9500458 .9506662 .9517815 .9523609 .9522911 .952386 .9526878 .9539258 .9557102 .9578094 .9590188 .9608474 .964003 .9667004 .9686929 .9700204 .9723884 .9749903 .9797785 .9881772 .9995949 1.012883 1.025723 1.034418 1.039278 1.043981 1.054402 1.063682 1.073138 1.082036 1.086055 1.08647 1.084328 1.081533 1.079256 1.08115 1.082117 1.082551 1.081449 1.076288 1.072494 1.068596 1.058602 1.04352 1.028411 1.017138 1.008621 .9971549 .9951141 .9937426 .9864317 .9695612 .9487808 .9332588 .9243158 .9182704
.9655404 .9683034 .9668285 .9638938 .9594338 .9547564 .9517783 .9501489 .9508902 .9521047 .9524321 .9523851 .9529425 .9535428 .9538957 .9548412 .9562875 .9572169 .9600326 .9639161 .9665092 .9684135 .9705961 .9734988 .9777264 .9843048 .9936954 1.007002 1.020653 1.032525 1.044031 1.048423 1.052374 1.059753 1.06652 1.07339 1.078463 1.078357 1.07646 1.074526 1.071895 1.070805 1.071498 1.07306 1.071086 1.070774 1.067427 1.063627 1.057762 1.049286 1.033885 1.019225 1.011779 1.005472 .9970447 .9878641 .9830608 .972087 .9548942 .9344609 .9193082 .9097493 .9052218
.9659898 .966662 .9649411 .9627463 .959375 .9561409 .9537438 .9517489 .9513733 .9525039 .9531308 .953631 .9533959 .9533656 .953749 .9535944 .9541024 .9543996 .9576871 .961367 .9634712 .9653229 .9688397 .9733815 .9790672 .987862 .9991252 1.011086 1.02445 1.036465 1.046489 1.05112 1.055039 1.062913 1.07145 1.076203 1.076388 1.073632 1.06997 1.06692 1.063621 1.060363 1.059863 1.060813 1.061837 1.061258 1.058101 1.05236 1.0468 1.036895 1.023277 1.014103 1.008505 1.000505 .9892809 .9753123 .9633688 .9499358 .9320644 .9139649 .9008947 .8968536 .8952368
.9649757 .9639808 .9623367 .9605909 .9586028 .9563679 .9548236 .9529938 .9521381 .952507 .9526951 .9530787 .9534318 .9532351 .9529995 .9527821 .953726 .9553113 .9577979 .959549 .9606081 .963688 .9670194 .9716719 .9782436 .988387 .9994314 1.011822 1.025047 1.035954 1.043669 1.048635 1.054444 1.062671 1.071118 1.073651 1.070815 1.067585 1.064697 1.061356 1.054902 1.049453 1.04789 1.051173 1.052565 1.052852 1.046891 1.040761 1.034761 1.027431 1.018157 1.012047 1.003634 .9900205 .976844 .9611652 .9411651 .9234902 .9052876 .8889599 .8792646 .8806847 .8846537
.9630193 .9612432 .9593351 .9577076 .956724 .9560379 .9552754 .9540831 .9531031 .9523626 .951928 .9521689 .9529074 .9528916 .9526811 .9525694 .9540445 .9562975 .9588181 .9606588 .9630527 .9658009 .9684022 .9724854 .9771947 .9844992 .9944119 1.006871 1.020053 1.030133 1.036785 1.041042 1.048346 1.05628 1.062812 1.063515 1.061372 1.057437 1.054882 1.050962 1.045662 1.041764 1.041883 1.045466 1.0479 1.043948 1.036602 1.032588 1.028318 1.020492 1.014534 1.009747 1.001606 .9853882 .9656403 .9473125 .9256426 .907876 .8892332 .8722839 .8701355 .873391 .8761643
.9600874 .9580618 .9562951 .9548639 .9545577 .9541234 .9547288 .9544297 .9534852 .9518992 .9514711 .951579 .9518958 .951898 .9521689 .9539455 .9553638 .9579168 .9605395 .9626302 .9653273 .9693599 .9714831 .9728713 .9755194 .9808341 .9918165 1.004126 1.014189 1.023237 1.02943 1.034637 1.042288 1.049842 1.053217 1.053094 1.050802 1.047989 1.044147 1.03935 1.03596 1.035797 1.036759 1.039842 1.042586 1.036125 1.028939 1.027852 1.024218 1.015686 1.011924 1.009174 .9996805 .9821561 .9591722 .9354027 .9172822 .9014166 .8904675 .8821774 .8795009 .8803034 .8782956
.9575959 .9561862 .9540191 .9525456 .9522423 .9523113 .953105 .9534807 .9532671 .9509967 .9505815 .9507911 .9508711 .9508702 .952 .9540135 .9566042 .9590327 .962044 .9643087 .9671724 .9700512 .9703384 .9712426 .9742265 .9810391 .9912378 1.001511 1.011385 1.01978 1.025343 1.031959 1.038821 1.044133 1.046144 1.046046 1.044561 1.041552 1.038344 1.03314 1.030246 1.030974 1.033427 1.033933 1.031408 1.025349 1.022854 1.022913 1.01989 1.010935 1.010245 1.007621 .9957039 .9771283 .9539768 .9293457 .9146872 .9023156 .8969012 .8952963 .8935683 .8905133 .8825718
.95551 .954161 .9524378 .9510259 .9503912 .9508818 .9513323 .9519895 .9520338 .9504697 .9493511 .9492332 .9500663 .9505097 .9520464 .9546047 .9572703 .9600591 .961834 .9637156 .9655169 .9661133 .9657024 .9687906 .9742149 .9844489 .9939099 .9999061 1.007971 1.016339 1.022964 1.029682 1.035574 1.040067 1.04217 1.043174 1.041775 1.03853 1.034997 1.031573 1.031099 1.03508 1.037439 1.034093 1.025043 1.018132 1.015727 1.013221 1.006413 .9986728 1.001215 .9985862 .9849657 .9650517 .9433612 .9224147 .908627 .903384 .902101 .901867 .9009331 .8968383 .8843079
.9513128 .9510601 .9495047 .9482644 .9485967 .949425 .9505665 .9500031 .9503488 .9494048 .9482281 .9474583 .9486405 .9500386 .9541353 .9577751 .9592811 .9611068 .9620022 .9620141 .9618547 .9613832 .9630384 .9683604 .9774962 .9875494 .9958383 1.001852 1.008842 1.016095 1.022953 1.027613 1.033004 1.037993 1.041398 1.042916 1.042164 1.038986 1.035613 1.035313 1.038708 1.040717 1.039196 1.032124 1.02252 1.015316 1.010082 1.002586 .9925492 .9858859 .9852454 .9771081 .961552 .9414653 .9241191 .9093822 .903764 .9043416 .9054309 .9056985 .9045463 .9006504 .8921881
.9465047 .9471597 .9459571 .9451405 .9470273 .9482887 .9486789 .9480081 .9482123 .9479475 .9469749 .9469294 .9475235 .9497827 .9562826 .9616755 .9625578 .9617826 .961031 .9610958 .9602771 .9611644 .9654418 .9724044 .9814202 .9900119 .9957306 1.002042 1.011111 1.01965 1.024646 1.027552 1.032821 1.039104 1.044654 1.045746 1.045634 1.041609 1.040347 1.041344 1.043884 1.044467 1.038648 1.029349 1.019629 1.012204 1.003999 .9927808 .9811951 .9715286 .9634992 .9479741 .9325373 .9185573 .9090388 .9031326 .903454 .9092212 .912459 .9120601 .9110372 .9092863 .9019022
.9444557 .9435142 .9424543 .9423352 .946019 .9467374 .945237 .9448156 .9453592 .9461437 .9462689 .9471111 .9487849 .9517614 .9570834 .9614781 .9606546 .9595754 .9588416 .958712 .9596136 .9622729 .9686915 .9761558 .984434 .990275 .9960496 1.001492 1.009745 1.019235 1.029195 1.035265 1.039907 1.045815 1.049499 1.050862 1.051184 1.048015 1.045424 1.046355 1.044406 1.041102 1.034018 1.025416 1.018078 1.010114 1.001333 .9897556 .9772223 .9657927 .9507802 .9335743 .9224541 .9160136 .9095665 .9063886 .9106443 .9178998 .9224033 .9230669 .9218245 .9196955 .9134558
.9448664 .9435664 .9423663 .9422564 .9434763 .9430493 .9409409 .9414666 .9435443 .946076 .9471028 .9479327 .9491656 .9507945 .9544623 .9562324 .9547169 .954288 .954196 .9550104 .9569516 .9602473 .9671906 .9748398 .9822428 .9889341 .9944236 1.000605 1.009122 1.023155 1.036237 1.043384 1.04943 1.054359 1.054644 1.055599 1.052644 1.04857 1.046525 1.044739 1.042001 1.037629 1.028987 1.022118 1.01457 1.006083 .9970111 .9872402 .9770128 .9665568 .9548607 .9433049 .9366668 .9314576 .9250466 .9194254 .9216001 .9253784 .9296376 .9320353 .9323663 .931016 .9261241
.9460011 .9446996 .9440666 .9416553 .9400246 .9388518 .9374902 .9393291 .9427541 .9444665 .9461502 .9471207 .9481983 .9484633 .9485686 .9497791 .9476291 .9472694 .9478056 .9490539 .951298 .955484 .9630434 .9703969 .9776198 .9847428 .9911111 1.000282 1.013307 1.0299 1.043352 1.049972 1.055508 1.059044 1.058309 1.053725 1.049999 1.047058 1.04577 1.044433 1.041785 1.035455 1.025472 1.016925 1.008273 .9973871 .9873571 .9763161 .9702379 .9639384 .9562256 .9506952 .9506455 .947583 .9362879 .9283246 .9255125 .9281423 .9326723 .9363656 .9384339 .9371815 .9301178
.9454594 .9441748 .9434533 .9415548 .9391503 .9365023 .934612 .9379996 .9411008 .941619 .9433155 .944738 .9454321 .9459227 .9449666 .9429275 .9405138 .9412087 .9421215 .9434208 .9457735 .9516007 .9596269 .9668125 .9739934 .980297 .988313 .9990116 1.016251 1.035205 1.048438 1.055619 1.060143 1.060569 1.057105 1.052136 1.048073 1.043917 1.041005 1.038329 1.033764 1.024763 1.016102 1.008307 .9955054 .9854646 .9737884 .961135 .9560094 .9532306 .948108 .9461398 .9473211 .9444753 .9342288 .9231624 .9196401 .9233807 .9293435 .9333937 .9335393 .927918 .9148414
.9420148 .941713 .9413906 .9394811 .9373483 .9342461 .933498 .9365345 .9384328 .938009 .9390638 .9400997 .9411595 .9410188 .9391391 .9369072 .9360676 .9374968 .9389741 .9404796 .9441225 .9484992 .9562418 .9635245 .9700087 .975563 .9833295 .9955907 1.013329 1.032206 1.046859 1.055343 1.056703 1.055012 1.052768 1.049621 1.046304 1.040946 1.032552 1.025373 1.014528 1.00336 .9946974 .9827409 .9708473 .9596559 .9524437 .9449238 .9439361 .9434038 .9385229 .9355974 .9330345 .9270257 .9155836 .9074937 .9093969 .9133655 .9181857 .9213672 .9179779 .9071836 .8909944
.9366917 .937207 .9372627 .9363545 .9336823 .932774 .9318824 .9333318 .9340522 .9339409 .9343201 .9350088 .9357033 .9349821 .9346889 .9330941 .9327208 .9344375 .9366782 .9389524 .9431633 .9473476 .9531675 .9590089 .9639476 .9691787 .9762993 .9888712 1.007495 1.028202 1.045384 1.051619 1.051945 1.049801 1.046127 1.043674 1.040334 1.032896 1.020615 1.010588 1.00009 .9845523 .9691465 .9585162 .9475796 .944121 .9424276 .9417728 .943298 .9409614 .933666 .9264483 .9192744 .9087501 .8996766 .9022758 .9083268 .9112278 .91193 .9103441 .9035242 .8879631 .8693165
.9323938 .9319041 .9316191 .9306346 .9282939 .9275669 .9279204 .9284176 .9288592 .929476 .9302357 .9306176 .9305031 .9305981 .9312027 .930631 .9294059 .9303778 .9326284 .9360895 .9424511 .948979 .9545364 .9592779 .9615182 .9644685 .9718703 .9858423 1.007131 1.030553 1.050454 1.054451 1.053065 1.048491 1.04055 1.033113 1.028736 1.020162 1.004468 .9936693 .9828056 .9679556 .9566931 .9526578 .952944 .9572163 .9572008 .9564186 .9565934 .9477971 .9372076 .9282952 .922392 .9190145 .9176192 .9231461 .9250669 .9255868 .9249492 .9192181 .9035926 .8840879 .8639683
.9286515 .9265236 .9251866 .9233765 .9207988 .921113 .9226145 .9229711 .9234252 .9247729 .9258875 .9269218 .926796 .9269427 .9274453 .9274899 .9263528 .9256328 .9273351 .9319871 .9395933 .9465895 .9547987 .9582914 .9598194 .9639526 .9747149 .9931428 1.019424 1.045909 1.062536 1.061481 1.056136 1.047294 1.037534 1.030988 1.02505 1.012967 .9973742 .9839863 .967391 .9569501 .9559381 .9626001 .9706988 .9763882 .9777931 .9755944 .9700082 .9567567 .9473734 .9413505 .9416491 .945016 .9510456 .9565324 .9572502 .9556705 .9504666 .9385569 .9196067 .8975263 .875335
.9251237 .9216384 .9192592 .9169092 .9146863 .9161221 .9178147 .9196373 .9203061 .9201348 .9208421 .9213715 .9211882 .9218221 .9229784 .9242244 .9240649 .922875 .9249958 .9296713 .9346898 .9411913 .9486222 .9527814 .9581819 .967104 .9831144 1.007659 1.038071 1.062575 1.069774 1.063106 1.053155 1.041909 1.032288 1.024447 1.01582 1.003005 .9886401 .9765856 .9633942 .9607114 .9697928 .9783759 .9890199 .9928027 .9912702 .9858562 .9775552 .9700836 .9667031 .9658203 .9691603 .9769621 .9839185 .988556 .9875824 .983533 .9725035 .9546804 .9333555 .9121253 .888308
.9209219 .9173636 .9140279 .9120056 .9125667 .9140007 .9154776 .9158409 .9156662 .9145191 .9138908 .9143808 .9136389 .916154 .9191904 .9208906 .9218411 .923491 .9256915 .9294058 .9342138 .9384158 .9429462 .948679 .9571254 .9712324 .9935184 1.02249 1.05413 1.072952 1.07198 1.059663 1.046795 1.034391 1.023582 1.013743 1.00186 .9882861 .9759225 .9693972 .9686692 .9779503 .9914532 .9992012 1.004222 1.003971 .99826 .9914638 .9873832 .9858867 .9872516 .9905452 .9945977 .9996731 1.004849 1.00542 1.00005 .9895205 .9740544 .9553526 .9356678 .914857 .8926915
.9160207 .91382 .9110156 .9090648 .9089207 .9109035 .9111171 .9101008 .9096267 .9084456 .9071403 .9059868 .9060676 .9103017 .9148258 .9171746 .9182036 .922062 .9267673 .9303507 .9332362 .9381189 .942197 .9471442 .9561501 .9741949 1.00086 1.032646 1.060283 1.07231 1.065733 1.051711 1.038914 1.026986 1.017062 1.006931 .9928576 .9792679 .9688614 .9684712 .977545 .991594 1.003146 1.010683 1.011888 1.009681 1.004643 1.000222 .9990779 .9992085 1.000879 1.004171 1.006779 1.0092 1.009483 1.004342 .9944301 .9807096 .9642606 .9470055 .9294617 .9110907 .891044
.9101872 .9081175 .9068967 .9046466 .9032259 .9029497 .9023463 .902087 .9019319 .9016954 .9010983 .8997893 .8999829 .9021766 .9050169 .9067987 .9088895 .915985 .9224711 .9264641 .9310374 .9359089 .9415244 .9472776 .9582452 .9776057 1.006867 1.039207 1.062093 1.068007 1.058835 1.044756 1.034057 1.02436 1.014389 1.001701 .9869853 .97329 .966914 .9724662 .9882337 1.002866 1.010795 1.013821 1.01276 1.009739 1.006659 1.004599 1.004544 1.005499 1.006102 1.007092 1.007689 1.007372 1.004032 .9965508 .9848948 .971109 .9555442 .9401694 .9243217 .906912 .8875373
.9048917 .9014782 .9000186 .8989711 .8969155 .8955231 .8953012 .8946633 .8947047 .8949335 .8954476 .8959756 .8945661 .8952134 .8964129 .8972662 .9007472 .9077973 .914099 .9199827 .9275792 .9336928 .9406009 .9500148 .9644964 .988176 1.01854 1.04687 1.064554 1.065858 1.055911 1.044657 1.034806 1.026502 1.014674 1.000259 .9832904 .9709837 .9710813 .9872923 1.003095 1.010788 1.012333 1.011354 1.008439 1.004255 1.001758 1.000706 1.002797 1.003713 1.003702 1.003402 1.003271 1.001005 .9958404 .9875821 .975629 .9630767 .9487571 .9341882 .9190203 .8998887 .8810442
