py_wake/examples/data/AJ_ParqueFicticio/Rough survey   Sector 5   Height 30m   Mean speed.grd
DSAA
73  159
 258469   265669
 6501692   6517492
 .2236509   11.06684
[rows 0 to 27 of 159, columns 0 to 62 of 73]
5.21997 5.284609 5.308546 5.3258 5.331422 5.336503 5.347609 5.355666 5.361935 5.361562 5.348972 5.322861 5.298913 5.275576 5.249269 5.233955 5.226882 5.227046 5.223822 5.213839 5.226861 5.660302 6.015007 6.214912 5.602695 4.337432 4.239944 4.865618 5.105996 4.962635 4.769605 4.760801 4.772828 4.946051 5.03691 5.281925 5.794481 6.219488 6.088423 6.058099 6.064828 6.103338 6.147658 6.057947 5.980538 6.045502 6.021779 6.006955 5.996024 5.972648 5.954187 5.911578 5.889134 5.872779 5.830131 5.795193 5.762043 5.719087 5.690113 5.651671 5.604163 5.563941 5.530587
5.202789 5.247587 5.289117 5.318896 5.333555 5.340549 5.34838 5.35375 5.361145 5.371162 5.372183 5.341242 5.311754 5.28323 5.250253 5.224215 5.210613 5.20754 5.1543 5.101355 5.139022 5.457582 6.127023 6.397753 6.231768 5.188832 3.946843 4.50679 4.913221 4.878585 4.820795 4.744467 4.723596 4.797886 4.825858 5.112367 5.640804 6.362318 6.20412 6.14306 6.141329 6.187212 6.297832 6.242064 5.923331 5.944033 6.014124 6.056323 6.043357 6.017454 6.018491 5.957353 5.935336 5.902475 5.855956 5.82657 5.783376 5.742461 5.68375 5.63147 5.576653 5.522028 5.474256
5.342108 5.107243 5.231503 5.298205 5.32427 5.338019 5.345679 5.348024 5.348997 5.357282 5.450077 5.411798 5.338584 5.302317 5.249581 5.208776 5.187726 5.165679 5.100111 4.970075 5.04068 5.227453 6.017238 6.547119 6.517645 5.388414 4.415033 4.477451 4.694749 4.72174 4.757687 4.688934 4.682751 4.666535 4.559624 4.860471 5.380578 6.451783 6.383986 6.259714 6.206771 6.21941 6.271811 6.467095 6.108327 5.891737 5.901595 5.989398 6.063867 6.087348 6.093167 6.082669 5.968714 5.917107 5.885247 5.85632 5.810784 5.753134 5.685195 5.614655 5.538029 5.475757 5.415661
5.903211 5.371339 5.162418 5.26704 5.308365 5.333632 5.342253 5.336291 5.32628 5.326115 5.345665 5.458645 5.45202 5.386396 5.256398 5.182254 5.143502 5.109519 5.036083 4.888753 4.920352 5.060173 5.710679 6.206686 6.53006 5.741752 4.772751 4.499922 4.57422 4.630715 4.702801 4.691104 4.639208 4.488867 4.291746 4.329848 4.837474 5.964487 6.666716 6.409584 6.384773 6.385352 6.3324 6.450159 6.441223 6.025891 5.932678 5.968078 6.033988 6.065786 6.172159 6.120659 6.028457 5.97929 5.954442 5.908589 5.850719 5.772924 5.687206 5.591862 5.49854 5.42749 5.369702
6.29105 5.737822 5.155893 5.205803 5.258096 5.316476 5.343745 5.326018 5.304027 5.297489 5.279359 5.300642 5.460425 5.470468 5.285165 5.151347 5.098014 5.049659 4.977623 4.815086 4.904844 5.014013 5.347736 5.845717 6.245151 5.906042 5.09642 4.778442 4.679672 4.6676 4.607558 4.692922 4.516033 4.311813 4.121556 3.848308 4.056468 5.214159 6.047203 6.247364 6.52751 6.729804 6.405592 6.348573 6.562888 6.262161 6.134233 6.044955 6.029073 6.082326 6.23082 6.221112 6.166349 6.115538 6.062356 5.991938 5.90274 5.800498 5.683004 5.566361 5.459278 5.357069 5.279608
6.265841 6.072937 5.707703 5.289572 5.105255 5.266638 5.357596 5.319483 5.254815 5.243224 5.261831 5.209864 5.359506 5.402529 5.310221 5.115235 5.042729 4.963288 4.803414 4.84382 5.037759 5.142346 5.354349 5.660172 6.069803 5.868937 5.346776 5.018222 4.849076 4.746521 4.637256 4.65726 4.707218 4.506158 4.373205 4.064933 3.707015 4.205627 5.049378 5.47896 6.02744 6.850073 6.501886 6.306585 6.270718 6.414761 6.284473 6.129504 6.044182 6.053512 6.171501 6.392365 6.361112 6.300806 6.212402 6.099734 5.975494 5.841362 5.692581 5.551419 5.406862 5.280112 5.09132
6.216975 6.262187 6.303962 6.010008 5.368273 5.114073 5.343051 5.38698 5.346056 5.32269 5.345193 5.255678 5.208328 5.312906 5.357449 5.231461 4.983943 4.885777 4.707661 4.580328 4.877054 5.251719 5.496325 5.669763 6.013581 5.861426 5.529898 5.214096 4.969492 4.808208 4.679221 4.600227 4.709835 4.633523 4.45733 4.257637 4.086945 4.018881 4.125488 4.683259 5.588973 6.529465 6.579313 6.3091 6.296111 6.333142 6.319686 6.174028 5.979417 5.973578 6.086812 6.239421 6.457387 6.627327 6.475983 6.264084 6.077678 5.901392 5.717818 5.519426 5.336928 5.074674 4.807782
6.186229 6.213956 6.240122 6.25129 5.8093 5.33099 5.334697 5.423551 5.408629 5.397008 5.379025 5.327955 5.297322 5.375278 5.433424 5.351211 5.074647 4.828017 4.665541 4.296677 4.607215 5.046599 5.587423 5.784389 6.127526 5.968734 5.700296 5.323871 5.089827 4.893354 4.778444 4.816588 4.77588 4.671975 4.509804 4.322422 4.213215 4.219071 4.187484 3.965176 5.123509 6.18815 6.334086 6.300185 6.210065 6.222529 6.376622 6.179603 5.897046 5.86643 6.088421 6.1128 6.227241 6.535089 6.876842 6.473191 6.201169 5.994597 5.772514 5.52076 5.084429 4.832475 4.551081
6.193854 6.227569 6.260573 6.26761 6.088988 5.673785 5.548434 5.510272 5.453833 5.43681 5.42118 5.400541 5.395448 5.46004 5.541902 5.49486 5.273573 4.822008 4.560483 4.277202 4.120084 4.617235 5.224113 5.55196 6.071476 6.231181 5.97063 5.52725 5.288935 5.101144 4.978071 4.927318 4.857834 4.75445 4.594639 4.425812 4.272119 4.269863 4.331081 4.047518 4.46263 5.342401 5.67517 5.784867 6.114486 6.305254 6.120929 6.196528 5.769174 5.508784 5.93173 5.955037 5.88265 6.371476 6.80764 6.674635 6.339937 6.129502 5.935627 5.557643 4.842288 4.385911 4.233552
6.207268 6.240571 6.280876 6.313028 6.265003 5.947211 5.643337 5.510794 5.434305 5.458097 5.494697 5.498442 5.462831 5.514549 5.671419 5.70671 5.500679 5.113435 4.64343 4.252199 3.962839 4.007751 4.522514 4.610533 5.365481 6.247087 6.275047 5.836962 5.589791 5.331014 5.130294 5.057843 4.978634 4.871248 4.744065 4.654789 4.497241 4.239608 4.359787 4.326501 4.117234 4.081174 4.446372 4.515862 5.538011 5.938053 5.80152 6.004862 5.69915 5.146861 5.474773 5.659223 5.617291 5.950521 6.511342 6.809926 6.502973 6.351759 6.195018 5.858088 5.097033 4.168378 4.017875
6.217061 6.250242 6.268457 6.313619 6.385109 6.167128 6.11351 5.777187 5.405078 5.478636 5.595432 5.614942 5.474814 5.445432 5.645957 6.065282 5.974954 5.36897 4.968143 4.607302 4.098346 3.926087 4.135165 4.255106 4.197487 5.223504 6.074267 6.182586 5.818944 5.431677 5.290678 5.222691 5.138941 5.043185 4.924988 4.773184 4.656414 4.474154 4.321035 4.49327 4.518881 4.527455 4.492615 4.193747 4.137774 4.940187 4.958154 5.35 5.46934 4.98538 4.949161 5.152391 5.549962 5.822319 6.256789 6.647168 6.756073 6.66166 6.667424 6.368405 5.680263 4.62105 4.168718
6.18764 6.230316 6.205361 6.132635 6.243972 6.24451 6.27366 5.998804 5.27399 5.536491 5.7247 5.833836 5.508571 5.222879 5.328568 6.126985 6.506229 6.06179 5.210655 4.866624 4.436779 3.989176 3.848613 4.055823 4.188452 4.222139 5.49419 5.982026 5.768665 5.52244 5.399632 5.295022 5.253155 5.205518 5.12376 4.897162 4.775948 4.649618 4.439838 4.5184 4.628085 4.684657 4.626802 4.47694 4.166745 4.216337 4.399374 4.447871 4.717047 4.634686 4.328891 4.688108 5.407041 5.855179 5.887275 6.098848 6.433978 6.862528 6.845272 6.777035 6.323122 5.380147 4.43768
6.124188 6.164771 6.171307 6.116405 6.185068 6.251391 6.305077 6.31462 5.311135 5.540747 5.881282 6.186107 6.09314 5.137749 5.053442 5.136014 5.894756 6.362665 6.269293 5.474179 4.793983 4.394596 4.114053 4.120574 4.198751 4.321462 4.398767 5.229158 5.612269 5.504525 5.384258 5.293211 5.269881 5.224998 5.166337 5.01681 4.86562 4.775044 4.672334 4.5446 4.610609 4.708402 4.696978 4.581571 4.26419 4.311759 4.385201 4.5211 4.623023 4.537953 4.249619 3.825607 4.534134 5.198484 5.46083 5.241745 5.361655 5.458465 5.566534 5.578227 5.689006 5.127775 4.502213
6.046862 6.074091 6.14605 6.158895 6.191008 6.248171 6.282683 6.338224 5.533443 5.461345 5.859237 6.195148 6.332506 6.014413 5.371522 5.179988 5.529641 5.810697 6.163157 6.083088 5.905996 5.340386 4.554723 4.172995 4.256281 4.355844 4.532572 4.758044 5.044121 5.165556 5.182417 5.166651 5.168797 5.174951 5.09272 5.017348 4.909713 4.850843 4.804689 4.749032 4.641106 4.61684 4.652621 4.585143 4.238199 4.172552 4.21736 4.179419 4.350919 4.230741 4.021381 3.578988 2.051093 2.522877 2.866427 2.898981 .2236509 .3089634 .3114211 2.517645 2.969873 3.645198 3.949294
5.99412 6.061593 6.119341 6.163216 6.206989 6.235008 6.246879 6.220016 5.875095 5.66236 5.989612 6.171805 6.256488 6.207151 5.972325 5.76641 5.778579 5.9274 6.091379 6.092984 6.157532 6.064406 5.727484 4.670603 4.215063 4.371043 4.505234 4.691942 4.857525 4.967695 5.024046 5.060736 5.163239 5.190784 5.111693 4.943879 4.901953 4.83061 4.86306 4.920733 4.873667 4.770873 4.635226 4.587916 4.570307 4.285858 4.361973 4.196884 3.818238 3.713428 3.688667 3.393346 2.501463 2.61191 2.830512 2.499509 .391295 .3569789 .2333685 2.802202 2.53107 2.208776 2.69561
5.963643 6.042611 6.104282 6.149496 6.193392 6.21666 6.210307 6.183728 6.079175 5.91153 5.991714 6.107681 6.188519 6.228724 6.1649 5.922367 5.809798 5.966581 6.183619 6.209761 6.168499 6.336579 6.509673 5.901723 4.882438 4.198028 4.405147 4.593225 4.748451 4.893561 4.957648 4.987649 5.09569 5.29328 5.3912 4.93738 4.536911 4.656007 4.786095 5.146736 5.271924 5.061775 4.785923 4.731559 4.731666 4.616144 4.426929 4.279207 3.998806 3.385342 3.370178 3.328841 2.793118 2.89949 2.73749 .5702384 .5418715 3.264201 3.27188 2.858679 2.440936 2.023109 1.468413
5.945854 6.007309 6.068135 6.116783 6.162853 6.190184 6.182226 6.1482 6.08173 5.994796 5.995056 6.042891 6.104214 6.111981 6.16555 6.115913 5.998373 5.984919 6.117495 6.140809 6.150362 6.281535 6.42081 6.558235 6.363809 5.224312 4.220918 4.38975 4.63673 4.807333 4.854133 4.855841 5.051931 5.43311 5.809172 5.727601 4.845819 4.435645 4.580928 4.952425 5.362389 5.180496 4.899398 4.780357 4.753533 4.722825 4.6151 4.489962 3.980702 2.763752 2.635405 2.985322 3.65332 4.15489 4.580556 5.045897 5.516693 5.847822 5.904475 5.77521 5.332344 4.610771 3.32037
5.938286 5.994742 6.048713 6.100839 6.137224 6.161212 6.156613 6.132043 6.087057 6.069652 6.053747 6.003976 5.991375 6.100199 6.155221 6.162424 6.106309 6.07793 6.114441 6.141771 6.16673 6.258165 6.368743 6.514133 6.57686 6.467998 5.529402 4.592746 4.529659 4.779625 4.944389 4.966506 5.058542 5.451981 6.011451 6.266663 5.507671 4.63018 4.677636 5.016218 5.768196 5.90313 5.153573 4.666533 4.498633 4.45627 4.473445 4.889022 5.093895 5.065807 4.851211 4.762826 5.127725 5.598541 5.928002 6.097947 6.180751 6.271041 6.356122 6.28024 5.903111 5.409895 4.447081
5.921985 5.975661 6.02745 6.087065 6.115351 6.137431 6.140525 6.115204 6.093428 6.099658 6.115615 6.013833 5.940564 6.073581 6.138461 6.167832 6.149963 6.137326 6.141206 6.142978 6.147464 6.20775 6.327328 6.518436 6.659142 6.581459 6.282396 5.713848 5.191313 5.121157 4.947797 4.807741 5.42782 6.004549 6.277563 6.545581 6.130531 5.043654 4.44466 4.90343 6.125113 6.756024 6.604608 6.306224 5.921577 5.622552 5.180422 5.472724 5.845775 5.802611 5.392392 5.127653 5.241877 5.586836 5.983348 6.185442 6.302654 6.271788 6.168777 6.112593 6.116038 5.794285 5.045437
5.904949 5.954237 6.020376 6.071828 6.085967 6.104012 6.104608 6.095462 6.08564 6.1005 6.122375 6.094046 6.012777 6.059049 6.127817 6.169182 6.187223 6.191948 6.170953 6.14881 6.128747 6.149711 6.173076 6.306517 6.443576 6.523575 6.548908 6.232123 5.724055 5.562321 5.110213 4.537372 5.141065 6.339495 6.522061 6.660972 6.447166 5.41967 4.225072 4.742847 6.127161 7.030663 7.225328 7.258494 7.020375 6.623921 5.94865 5.935215 6.300451 6.300369 5.846626 5.49683 5.349824 5.531339 5.838125 6.086505 6.208447 6.327537 6.199276 5.995827 5.925306 5.889625 5.455042
5.880987 5.924051 5.974894 6.012355 6.038995 6.045898 6.062677 6.068192 6.066892 6.091249 6.123353 6.130538 6.082555 6.096129 6.13659 6.17648 6.209632 6.219364 6.195543 6.143854 6.125425 6.114419 6.153206 6.207947 6.306041 6.347935 6.330678 6.296016 6.316236 5.627553 5.288571 4.868402 4.510748 6.163085 6.692612 6.890285 6.404667 5.353052 4.217684 4.731062 6.112783 6.88091 7.216907 7.271976 7.293663 7.272479 6.75076 6.382309 6.45868 6.575887 6.102978 5.977641 5.667321 5.648804 5.852823 6.023361 6.131912 6.223567 6.124261 5.938418 5.806334 5.790827 5.730698
5.86814 5.888325 5.896495 5.963043 5.994476 6.004465 6.009368 6.017161 6.02392 6.072042 6.132436 6.152609 6.135023 6.136379 6.150492 6.165278 6.205808 6.23991 6.208112 6.195529 6.175583 6.15053 6.146649 6.188673 6.248197 6.273658 6.233758 6.173425 6.261415 5.825994 5.735878 5.543433 4.386697 4.974082 6.244421 6.840334 6.65813 5.408583 4.147596 4.819053 6.036708 6.784759 7.060781 7.143459 7.233987 7.286085 7.066923 6.727885 6.578143 6.475927 6.289648 6.157035 6.046949 5.805232 5.999212 6.122981 6.145252 6.22519 6.142034 5.857965 5.671333 5.691082 5.684579
5.859545 5.871444 5.875103 5.898025 5.938695 5.954985 5.958522 5.966278 5.9754 6.03733 6.12287 6.145858 6.155192 6.159975 6.156452 6.159922 6.130771 6.213527 6.231444 6.225913 6.199378 6.184041 6.187692 6.214392 6.237319 6.234662 6.175719 6.086744 6.069112 6.022065 6.257335 6.19001 4.99148 4.480334 5.426355 6.715529 6.744284 5.708916 4.349127 4.157121 5.488751 6.582325 7.01676 7.055443 7.120447 7.18197 7.138544 7.035277 6.880332 6.52518 6.358051 6.31134 6.2836 6.032555 6.131711 6.337998 6.371925 6.368595 6.438502 6.219474 5.801804 5.582026 5.494209
5.876919 5.909166 5.857863 5.836684 5.872881 5.904107 5.917383 5.928486 5.940801 6.003947 6.088498 6.120812 6.135229 6.160489 6.162638 6.163645 6.111956 6.134338 6.194238 6.227939 6.232434 6.228201 6.227881 6.245931 6.247303 6.2005 6.12609 6.042655 5.808545 5.87953 6.2677 6.415224 5.788037 4.688479 4.834416 6.204552 6.651999 6.318234 5.336507 4.183535 4.588596 5.94628 6.522061 6.824226 6.876326 7.060418 7.127784 7.119761 6.995502 6.746237 6.550331 6.440084 6.410994 6.187082 6.220081 6.59429 6.711143 6.590424 6.648943 6.644986 6.171918 5.591285 5.394504
5.858386 5.88627 5.881515 5.852803 5.864079 5.882822 5.89138 5.907312 5.920578 6.002794 6.054311 6.092583 6.11414 6.126632 6.137822 6.174986 6.157358 6.143388 6.180745 6.221049 6.246156 6.255155 6.259112 6.278108 6.249049 6.166654 6.075802 6.020997 5.777974 5.504179 5.920212 6.253145 6.298557 5.499738 4.65151 5.754873 6.302942 6.274301 5.914505 5.14209 4.726077 5.408739 6.068496 6.445389 6.591556 6.894407 7.032362 7.130932 7.0804 6.875251 6.781147 6.696044 6.67244 6.34922 6.233105 6.80091 7.11059 6.90552 6.846494 6.986891 6.404935 5.765448 5.287069
5.865772 5.838411 5.856532 5.864237 5.871562 5.884622 5.901453 5.89817 5.906332 5.973234 6.023928 6.057931 6.080404 6.100404 6.121729 6.151278 6.16779 6.17415 6.188806 6.217136 6.241549 6.26183 6.276452 6.29319 6.263485 6.135392 5.982873 5.97892 5.973725 5.608644 5.818645 6.124419 6.174919 6.100433 4.80312 5.472396 6.060537 6.214602 6.067255 5.540388 4.933824 5.320226 6.151546 6.36771 6.499116 6.710849 6.856289 7.047633 7.153686 7.054314 6.972265 7.031462 7.09107 6.616534 6.149514 6.889194 7.608853 7.254914 6.921858 6.857911 6.486339 5.931104 5.437747
5.870747 5.813385 5.824935 5.847124 5.874938 5.894462 5.910529 5.92344 5.925782 5.917503 5.964041 6.016938 6.059369 6.083169 6.127387 6.137253 6.16414 6.187865 6.197106 6.204852 6.207825 6.235519 6.261364 6.227217 6.289008 6.245171 5.964734 5.98494 6.138185 5.913826 5.958345 6.048413 6.068944 5.883303 5.291444 5.678335 5.943863 6.067703 6.10749 5.42252 5.07693 5.339068 6.103998 6.470011 6.626167 6.614938 6.689971 6.905238 7.113571 7.132226 7.121121 7.304025 7.641508 7.248054 6.186882 6.635985 7.760287 7.820444 7.019022 6.471979 6.187582 5.870185 5.531117
5.865839 5.856879 5.840823 5.852167 5.879953 5.900486 5.921013 5.929876 5.903275 5.906967 5.939545 5.991225 6.03879 6.082266 6.115434 6.142132 6.165155 6.1937 6.202807 6.196562 6.173822 6.151001 6.200805 6.241117 6.278777 6.259153 6.156303 6.031706 6.130093 6.08077 6.024872 6.065685 6.018571 5.760879 5.467214 5.81705 5.891466 5.930339 6.026049 5.568249 5.154428 5.216023 5.699149 6.388008 6.69413 6.709627 6.690546 6.824066 7.041335 7.161697 7.157443 7.441423 8.08744 8.132915 6.769185 6.527277 7.457959 7.959033 7.184963 6.266057 5.802376 5.574895 5.191021
