py_wake/examples/data/AJ_ParqueFicticio/Rough survey   Sector 10   Height 30m   Power density.grd
DSAA
73  159
 258469   265669
 6501692   6517492
 .01767533   1704.689
[rows 56 to 83 of 159, columns 0 to 62 of 73]
232.2563 230.9629 237.038 241.395 249.5178 237.8876 228.6908 223.236 220.4133 216.672 215.2585 211.2922 209.0443 204.4148 187.0586 186.2353 187.2995 187.8071 187.4293 189.9531 176.0712 159.8129 164.8741 171.9352 173.0584 172.7888 164.6581 146.7603 152.8314 203.3019 305.1769 264.2313 168.3379 169.1739 217.2955 259.4714 309.3439 245.7464 140.7379 117.2398 189.4393 220.9836 201.6543 184.7179 180.8789 227.6744 248.8428 216.3971 256.1914 362.8355 560.5524 794.4824 699.571 336.9935 148.9743 283.635 680.4886 814.1012 542.4484 257.0957 101.9069 115.7484 361.0019
226.274 227.6467 236.2693 239.3711 250.87 235.2854 225.9403 223.5914 219.3686 216.1742 211.7503 207.3639 202.4213 198.5811 188.694 185.2719 184.8567 184.8926 184.6545 187.8212 183.6412 174.2938 170.9418 171.2246 172.8556 172.0367 164.8479 142.0559 145.3911 213.812 345.8404 265.0126 187.3076 176.697 224.3535 255.9255 303.4314 249.9219 170.8357 138.3932 182.0898 217.571 212.2866 196.5717 221.0068 268.0807 266.0105 202.2693 214.2378 302.8088 524.5753 689.4602 635.7858 291.9052 137.6067 283.0538 679.5637 796.8705 541.8555 246.2063 113.5365 94.40707 238.8979
220.5948 222.7549 236.0256 238.0305 244.1544 231.4359 219.1833 215.8653 212.7259 209.9029 205.3464 200.7608 198.0706 197.1791 195.1111 190.1151 185.889 182.8491 180.5313 185.2693 186.2159 184.1123 180.3984 168.6422 171.3191 169.8729 161.6702 162.8815 154.7033 219.1224 352.3498 271.8288 210.8475 187.0884 220.315 260.5532 316.8571 263.1245 196.2907 158.6082 182.4274 193.0027 186.2119 203.7009 254.2673 296.5494 289.6146 216.4541 202.4842 275.0613 455.4204 572.7682 564.8637 289.5316 143.7296 292.4735 603.3051 759.4223 574.8151 294.1397 122.8401 72.57998 170.2322
219.6931 229.6566 255.7012 257.757 239.1239 231.198 213.7003 210.3368 207.9963 204.8926 201.3501 199.1089 194.3404 194.012 195.156 193.0779 189.2205 185.6162 180.4397 184.2478 184.5419 182.8385 181.4677 172.9453 169.7554 167.584 171.2556 184.4571 182.3757 227.2021 312.6171 294.1345 241.4474 193.204 223.8362 273.7842 324.4839 288.2199 218.8765 176.7475 174.4057 173.2008 161.2635 204.7126 289.0786 313.6263 307.6554 248.8701 211.8299 234.4403 361.7854 451.1432 496.7789 286.1815 159.3554 246.4154 514.4754 701.6312 566.3007 335.7341 162.5132 67.70428 155.7812
218.7242 237.5226 266.5844 268.637 240.1836 217.5647 209.2524 206.2516 205.6295 203.9291 201.0781 197.803 193.7056 189.5649 191.5634 189.3492 184.8004 180.8848 184.4128 189.2619 189.6805 181.7371 178.9105 173.5304 166.7081 162.39 178.1933 190.1927 223.9258 266.1189 304.6908 280.4595 246.9626 216.0155 222.4158 285.9985 313.6949 305.2527 246.2206 195.7581 174.1406 155.7373 155.8621 205.5892 300.5312 318.3042 306.6609 285.5065 245.8878 221.6423 240.1398 324.0026 423.2063 303.9905 167.0149 199.482 444.5414 654.4214 520.5538 320.769 183.7734 94.25243 127.2098
237.5837 259.174 268.5015 257.7951 235.3593 216.4181 199.835 199.5719 205.2207 204.1956 201.7298 199.5823 194.307 190.0831 189.9076 187.2289 182.5649 179.6972 188.3178 192.6961 198.0503 183.2595 178.4394 172.6034 162.0745 162.8319 173.727 207.7357 251.001 296.3687 327.254 290.8242 251.6001 237.0518 238.9482 289.9662 301.3306 287.2205 244.4477 210.499 184.7666 150.3672 139.0102 206.571 283.8232 315.7585 294.3218 316.7449 337.4455 262.8257 196.053 213.6739 342.2324 346.6527 194.1057 177.5046 405.7028 584.44 496.0984 305.8582 191.7649 132.6802 118.7238
247.3877 272.1963 256.3097 247.5519 229.0233 211.322 195.8381 197.3064 201.8213 203.4084 202.3079 198.6834 191.7178 189.3859 187.5176 183.8061 179.0212 174.7755 185.9063 190.7201 197.1841 189.8185 182.0186 171.8976 159.5373 165.0211 166.1654 216.1573 264.3647 319.2938 355.4316 289.8365 257.7622 281.6346 284.6663 300.0878 301.5583 277.3348 235.3138 209.2468 177.7255 146.8409 135.0337 167.5755 276.9565 297.2464 285.9626 304.1014 375.8127 365.8699 224.207 157.6958 285.2024 325.2913 248.2614 170.8854 305.3165 500.6063 457.5327 300.8314 190.5396 165.8358 141.2338
250.7392 265.7973 253.4356 241.9928 227.1356 212.7736 204.4087 203.1914 202.3138 202.1963 202.7199 196.9768 194.4059 192.148 189.3425 184.5453 178.142 169.7481 178.479 184.8286 191.7572 188.5788 182.6283 171.3531 166.0349 174.0054 174.4183 206.0015 265.6797 326.4633 354.1304 309.1337 284.9294 301.0409 326.5813 325.3586 311.2203 276.2162 232.6647 199.8968 170.2762 142.1242 128.4528 154.0061 237.2678 300.2347 277.407 297.5945 374.5742 414.0284 331.496 174.3574 197.7489 258.5637 266.3043 194.8744 235.6627 394.4941 398.8936 281.5953 185.6208 164.8996 167.4809
246.6128 256.4196 244.8611 238.0136 230.0552 220.2435 216.8512 215.6733 208.7002 200.4584 200.6621 199.9543 196.6952 193.9357 189.972 184.1688 175.2583 175.8614 181.1058 183.1685 184.5237 192.2271 187.0501 173.9715 171.1882 172.871 182.172 211.4182 278.5412 341.4913 346.1797 311.6069 296.2373 307.1101 339.4908 339.6553 323.2709 286.0389 246.556 211.9023 182.7563 151.1959 138.8569 143.2722 227.1953 276.3544 269.9675 291.2301 341.5598 367.9462 378.651 248.5918 182.2133 171.9553 212.4832 218.3412 211.0388 294.0971 332.5263 252.2229 192.9974 181.8385 169.7724
236.5984 248.3982 238.4128 233.3801 230.3839 226.3129 224.9032 227.3862 218.4689 199.4376 199.8238 199.387 197.2258 195.5913 190.7961 182.924 174.1342 180.3735 182.1873 181.2867 189.0709 200.7147 198.6763 178.1554 174.9452 172.7954 178.9603 213.0622 272.8674 317.4709 354.743 296.0421 296.5747 342.8057 351.5609 350.469 339.0147 283.6651 243.7386 232.4979 198.9825 159.3825 144.959 144.0652 202.8724 237.3512 243.7648 281.8176 291.6783 295.0524 374.7223 384.187 266.2063 135.9898 142.1348 182.924 201.6539 244.9824 267.653 237.6762 219.3499 193.805 162.1111
226.962 235.5674 230.3768 228.1488 228.3365 228.5018 229.5006 226.3233 209.8431 194.0296 195.7698 195.7591 193.7935 192.7702 188.8541 181.614 179.2019 182.1933 182.0966 177.7602 188.8176 206.3765 194.4874 186.7687 187.3847 181.8637 198.1878 234.5674 260.524 298.9472 316.3069 295.1629 293.203 381.381 362.992 359.3322 366.3996 298.8175 244.4745 226.8278 191.2554 175.8739 158.9243 153.8873 168.2157 171.964 201.4302 295.2718 290.3735 222.0924 341.4464 442.8016 348.4514 181.866 96.52325 107.1693 168.7183 211.2207 245.3908 274.5398 272.2426 243.5738 166.6856
223.661 225.5092 224.1671 224.789 225.2052 228.6494 233.9843 226.5129 214.1788 201.0052 197.9045 196.1514 194.082 189.8631 183.2786 186.0438 185.7108 181.8767 177.4942 182.1022 188.5233 202.0431 198.5346 196.1086 195.3538 195.9536 216.1673 247.052 274.2154 300.9916 298.219 287.5 284.1894 366.6827 372.2614 354.6449 367.7358 343.8325 261.8328 233.0035 194.1242 189.6353 179.1942 160.2997 144.9998 134.8633 167.1798 282.7194 282.1656 189.3447 291.9827 463.5188 378.3392 249.9657 119.8261 67.06526 113.1723 182.2961 225.2311 276.2314 284.1632 273.561 213.8072
221.8344 219.1494 220.1787 223.7027 227.6514 233.9584 233.9997 226.7133 219.3982 208.4943 201.2808 196.3357 191.6039 187.2292 186.5321 193.2309 191.4294 185.4185 176.6206 179.6036 182.2194 185.2813 190.5423 194.1894 194.7078 226.5271 247.318 246.1614 278.3802 310.0269 304.9001 287.6254 277.9272 332.1288 386.1232 355.6469 360.932 362.5851 285.5539 256.838 240.3653 217.2909 197.2534 184.3882 146.499 133.1892 160.7749 259.9027 265.642 178.637 288.7497 432.6587 382.8886 261.0871 146.3486 60.53531 68.22375 142.993 225.4776 281.2533 297.4412 311.5729 243.4535
223.0396 216.7753 208.5344 215.8435 226.7047 241.7977 232.919 228.729 224.2952 217.0396 208.4948 198.0899 188.2737 182.9935 199.7468 206.4433 199.6114 184.8631 178.281 175.1628 173.1004 168.0908 182.8441 190.0366 215.2914 247.1156 252.9647 270.4799 297.6813 332.7048 332.3426 294.3707 270.3111 303.867 358.9864 357.16 355.0504 344.7365 290.4235 276.6643 260.5708 253.1686 243.539 204.5178 163.256 128.9728 145.7384 205.2207 226.6384 190.6484 251.8753 362.9396 336.3934 230.292 149.0095 68.92348 60.74717 126.3205 213.9026 274.7285 301.3616 291.606 253.2664
223.9407 215.706 196.3383 207.4156 225.5549 241.9171 232.2412 230.1668 229.2093 224.7749 216.6704 204.8965 186.8989 184.0816 198.8054 213.7799 193.0383 180.3567 177.0189 174.5711 169.1695 154.579 184.3829 196.5093 232.8838 250.6851 260.2107 274.7104 320.0351 366.9068 360.9468 323.7311 268.6787 280.571 320.5404 349.575 343.3396 325.6579 305.3938 302.4832 310.087 278.4199 264.007 212.7898 188.1621 141.6222 147.1773 175.0621 197.1391 208.8581 240.7551 246.8036 273.0813 219.4689 130.2683 71.31927 61.61971 118.6504 195.5373 249.5069 277.6814 268.3652 240.2013
232.1251 219.6431 200.6166 197.9164 217.8364 233.8079 225.6367 227.7353 230.8247 230.7769 220.2132 199.3745 183.7432 183.4855 190.7289 207.5041 194.9334 185.9366 179.4418 172.6105 161.7439 161.9247 187.9187 218.7574 245.4781 250.883 266.8872 276.9876 328.0814 394.5308 410.8811 336.2377 267.3087 270.9734 296.1039 326.829 325.2815 307.6847 301.72 306.3584 327.8222 287.4715 247.3154 219.9285 202.4548 170.2311 146.4656 160 186.7064 225.0387 240.6248 212.0287 235.4276 220.5766 128.2521 64.19645 66.97598 120.1451 185.2565 220.1959 259.1559 251.6278 229.0632
234.6628 211.8209 192.9956 195.6245 208.2572 217.5717 213.5654 221.5908 230.3701 232.4951 214.1092 201.8423 195.0789 189.9261 189.7837 199.4386 192.2141 188.8418 182.6388 173.5867 157.658 165.4837 184.4741 219.2475 246.3261 248.9202 265.3491 283.8484 329.4784 419.2533 453.1833 368.6624 296.5392 296.162 298.2784 308.0105 292.7318 288.2563 293.0772 297.507 321.6738 298.6754 245.6015 232.0507 211.5379 184.0594 157.8807 146.0423 182.9892 216.7807 234.7198 211.7912 245.6619 291.5759 156.3609 54.6674 52.28564 106.6261 157.4767 199.942 245.8894 235.2753 216.9967
222.9266 210.2542 204.8737 208.3553 208.9691 205.2589 197.2464 217.223 239.1105 232.6193 221.859 213.0641 210.253 205.1597 194.609 190.4822 187.9283 186.1922 180.6642 172.0636 157.7883 166.2735 184.499 214.1587 239.9795 242.2952 250.6541 274.9989 370.593 470.1449 473.2407 409.1622 343.5514 312.9116 306.0917 293.8806 276.3624 269.052 275.2984 287.8199 303.5274 310.4318 260.9668 248.909 217.4614 194.779 137.0554 129.6001 156.0474 187.9161 203.7489 214.9241 266.5744 346.3243 244.5836 71.64622 50.09345 72.11875 125.5747 188.2693 225.9219 225.1723 199.7868
225.175 217.0339 213.6141 218.5333 226.38 200.9516 177.699 212.6673 247.8632 232.5225 225.3419 219.9254 218.7663 222.9605 203.0102 181.2818 177.4842 182.2183 179.4038 171.8545 156.3775 169.1242 185.8373 213.9856 234.5698 236.1391 234.8149 265.5273 378.8446 525.7083 476.0699 423.1989 378.1399 335.6609 316.3205 293.1763 274.0753 257.6319 261.2303 278.3015 293.2954 276.5141 258.5732 266.2954 221.0834 223.7095 146.5415 116.6408 139.2297 179.0403 177.5286 191.0784 253.3341 306.785 276.8054 105.7098 58.01889 66.72343 88.07853 159.9935 211.6254 210.6231 185.8785
226.2207 220.717 216.1779 216.6111 223.6201 196.0471 178.033 206.8584 238.4327 226.0701 219.5697 216.6333 215.5635 223.2583 200.8261 175.6734 174.5391 179.2397 177.2177 172.7773 163.7914 174.9044 189.2467 216.8359 232.563 233.5693 226.1483 263.6897 361.4882 540.2729 511.2361 455.1089 398.4279 340.7438 309.6208 289.081 278.0743 265.2393 251.2716 267.3362 275.356 258.2252 245.0734 258.9377 217.6055 198.9455 183.0972 130.8554 150.475 171.6653 173.9674 186.3975 230.7588 263.6608 226.4288 141.5211 83.85576 73.33147 70.882 114.1808 174.6001 172.5453 144.5434
222.7739 218.277 214.7543 212.1268 209.9108 196.7086 187.4164 201.7591 224.3512 222.2628 216.5506 212.3466 213.1564 215.9205 200.4325 176.1349 172.8342 174.8334 170.4471 169.2197 183.6152 192.4767 192.6465 213.1234 223.9679 226.7033 222.7483 262.8996 344.5165 535.501 546.7126 475.7079 394.125 331.2818 290.78 271.979 281.7525 274.2154 231.6525 251.7908 277.4778 229.1352 214.2397 227.9495 201.3509 203.2337 189.4019 156.6964 161.0696 158.8607 164.7664 177.7155 201.5385 220.2011 189.4282 164.9364 120.5698 96.99238 76.06408 95.3016 128.2382 127.8448 112.9905
220.2306 215.4312 208.4814 203.3116 202.3343 207.0675 203.8109 207.7359 216.5838 218.8335 216.5764 213.0475 211.7528 209.3738 202.024 189.5793 179.1981 172.35 164.3221 173.8885 187.3275 197.9197 218.5359 223.7381 217.7974 223.858 229.8918 271.7159 365.632 566.7151 585.3799 496.1561 392.309 330.5184 286.2224 267.8285 292.1417 275.9486 226.5621 249.1123 251.1339 209.3267 200.9597 212.3681 208.997 224.1017 224.6942 193.5133 186.9816 136.3783 148.7117 163.558 189.0501 211.0458 189.2539 207.7848 168.0817 120.8293 106.865 95.58468 88.86074 96.6144 91.83317
217.4608 211.6075 204.9153 199.6204 198.7507 208.9962 213.2913 214.9718 211.9311 212.4224 210.8489 209.3373 210.4183 207.6035 204.4456 199.729 189.8226 176.0443 161.7001 172.4523 179.4252 202.08 238.1032 226.9662 221.2006 214.8675 242.9358 294.2392 429.8718 578.9904 617.2944 471.593 375.1563 328.1568 292.1566 271.9595 280.8407 277.2266 236.9987 233.8471 197.8771 192.8397 206.4 236.1665 235.2342 235.092 224.4236 215.5923 223.2841 141.0498 133.5973 148.5932 175.963 213.1882 220.3341 237.6382 195.8438 144.237 125.2057 103.1634 78.44275 76.66518 84.60323
223.6667 214.8631 205.2206 196.2756 191.6352 209.2816 217.8922 221.4229 212.4832 209.7549 209.1042 206.9289 206.6244 207.3867 206.1162 202.6944 194.9415 175.5225 164.236 175.1759 173.2853 192.4502 222.2015 221.1665 211.4248 214.9959 238.7704 341.8892 537.2872 667.0934 595.5675 437.7619 336.4137 306.2873 281.7139 261.9862 274.8193 263.2598 224.3988 222.3086 188.6857 194.5843 224.7075 239.6116 252.635 239.2822 222.7709 205.3255 176.18 145.4137 138.7903 143.3519 168.1937 209.4507 242.101 245.957 199.4471 182.9034 141.9783 102.65 74.8769 75.129 69.52424
223.51 219.9583 209.0328 188.8209 201.7686 213.637 227.9942 219.1472 217.2225 213.2439 206.4257 200.3024 201.0883 206.6051 203.1992 197.5626 189.3521 178.4855 180.3555 184.4326 177.297 195.4646 206.7595 210.4462 198.7909 216.5475 260.8504 397.3405 608.1387 700.1149 574.2474 425.3578 315.0067 296.6658 280.6285 261.8466 262.8455 217.3876 205.3493 199.5521 192.9888 203.3822 225.2252 229.4251 242.2467 228.2575 199.1104 177.0193 171.3342 156.6587 149.4911 151.0456 166.5262 194.8857 224.2294 247.2984 200.7357 180.9656 126.6211 89.27665 74.022 66.5929 58.19277
218.7105 217.1248 200.2015 189.5962 197.3885 211.4656 224.7208 222.4901 221.8065 221.2875 217.9707 201.5108 196.0598 202.5101 200.1239 190.6402 187.8418 189.4969 190.7256 182.8807 189.3249 205.4262 208.788 208.4933 198.7073 214.6907 274.5443 431.9921 628.7673 690.1225 551.0778 397.6507 295.0518 294.6157 283.2958 261.1693 235.9889 193.0988 190.3454 202.63 224.1272 247.0596 249.5365 239.6658 237.5544 219.3468 179.1997 163.2121 158.9328 157.5683 158.963 164.7645 176.6737 198.1139 224.9401 250.4693 187.9767 156.4366 115.6371 82.47105 70.12995 57.8676 50.54155
211.9921 211.1503 208.1569 199.4064 198.2113 205.4971 218.5545 221.2624 222.5968 223.581 222.9773 198.2725 188.858 192.3756 190.375 185.6693 180.4413 185.8154 191.8967 195.1602 199.3444 205.9255 215.5476 214.2329 215.3896 225.8151 290.5795 447.6866 620.705 665.2337 497.4999 386.3331 305.691 299.8103 295.3179 243.3481 220.5455 172.9095 184.0864 218.3411 271.7647 278.0968 257.1458 233.1314 225.7755 204.0241 165.6379 152.3146 150.6505 153.9221 161.3744 172.9375 187.9511 206.1684 233.3532 236.0719 185.5964 149.5983 110.6252 81.10206 67.738 53.40878 43.79796
214.8578 204.4002 204.6625 204.4579 202.9772 204.2871 215.1626 219.6712 221.4511 224.5186 219.4828 205.3159 196.2026 195.7825 195.8024 185.7684 176.192 179.6092 179.184 193.6666 203.292 206.0565 209.8916 221.5103 233.3705 282.5247 356.3381 476.992 595.4535 609.6793 466.1127 386.339 336.2082 292.0017 310.7087 226.1564 190.8295 162.9055 188.9529 243.4492 282.6929 284.2713 239.2203 205.6763 223.0863 194.6982 154.6667 146.8942 144.2132 145.5018 160.4106 177.0375 194.5486 213.4187 245.6693 216.8731 179.3975 145.5167 105.7769 78.14744 60.88202 48.37682 35.6776
