py_wake/examples/data/AJ_ParqueFicticio/Rough survey   Sector 6   Height 200m   Weibull-A.grd
DSAA
73  159
 258469   265669
 6501692   6517492
 6.094818   11.28945
[rows 112 to 139 of 159, columns 0 to 62 of 73]
10.60491 10.51101 10.36461 10.21235 10.04833 9.880262 9.765617 9.700351 9.654517 9.597467 9.528557 9.481975 9.38435 9.24731 9.087016 8.879616 8.673191 8.502619 8.327768 8.218224 8.385364 8.698371 9.019423 9.362123 9.698191 9.971184 10.19163 10.42967 10.68594 10.87179 11.00748 11.04189 10.94641 10.75769 10.49154 10.20543 9.968002 9.851818 9.825914 9.805367 9.755239 9.631437 9.447559 9.215364 8.966823 8.727964 8.544013 8.432732 8.434322 8.609674 8.84686 9.048484 9.162044 9.188375 9.180902 9.125659 9.059184 8.957351 8.79331 8.546092 8.234612 7.969685 7.813919
10.93225 10.81631 10.67559 10.52304 10.37474 10.21262 10.05912 9.975849 9.899958 9.828876 9.764616 9.707705 9.612012 9.474466 9.31243 9.134083 8.960065 8.781904 8.548491 8.331284 8.308952 8.435011 8.69565 9.048961 9.420929 9.730436 9.973337 10.18736 10.4344 10.65847 10.84707 11.04999 11.18882 11.16444 11.00009 10.74073 10.44523 10.22855 10.13691 10.10484 10.09204 10.00801 9.816862 9.545236 9.235188 8.927679 8.667603 8.478126 8.368014 8.400732 8.565516 8.765238 8.915564 9.025008 9.054926 9.052627 9.022559 8.958563 8.85788 8.656468 8.350901 8.033464 7.798479
11.20529 11.07722 10.93941 10.80375 10.65327 10.50974 10.34499 10.2448 10.16202 10.07495 10.01228 9.965283 9.854415 9.713733 9.556499 9.440167 9.296042 9.136047 8.894047 8.674067 8.499428 8.41978 8.474321 8.719499 9.082732 9.432908 9.724357 9.960272 10.18168 10.39741 10.60541 10.85383 11.10495 11.25375 11.28945 11.17355 10.92156 10.66808 10.51945 10.47538 10.5036 10.45591 10.28024 10.00008 9.643514 9.282209 8.952888 8.683991 8.50406 8.411478 8.460491 8.595634 8.736804 8.877802 8.943206 8.960986 8.959798 8.927563 8.875453 8.752469 8.536871 8.229123 7.934028
11.25187 11.17917 11.0774 10.95621 10.81735 10.66347 10.51581 10.42741 10.35714 10.28424 10.24144 10.19883 10.1117 9.995771 9.943704 9.865708 9.760033 9.638762 9.449655 9.241884 9.00153 8.744412 8.536345 8.520614 8.753461 9.08073 9.413953 9.68784 9.91437 10.09186 10.30221 10.54899 10.80571 11.02926 11.20082 11.26394 11.17443 10.98854 10.83067 10.80287 10.85052 10.86425 10.75208 10.50835 10.15544 9.759406 9.358599 9.019698 8.772638 8.621695 8.568954 8.591941 8.674072 8.772965 8.848458 8.887482 8.88054 8.876249 8.840175 8.774803 8.635273 8.400164 8.128633
10.97627 10.97881 10.93983 10.86638 10.74313 10.61145 10.52432 10.47275 10.43356 10.40968 10.40096 10.38491 10.3732 10.40132 10.36256 10.27601 10.19512 10.12223 10.01425 9.843351 9.603383 9.28008 8.916483 8.628446 8.580503 8.816188 9.126295 9.408654 9.623282 9.817054 10.02087 10.22124 10.46017 10.70071 10.91713 11.06559 11.09428 11.0182 10.90519 10.85029 10.90492 10.98569 10.98035 10.82691 10.5502 10.18101 9.785044 9.40204 9.093074 8.880753 8.765208 8.714663 8.716278 8.746046 8.787927 8.811719 8.81198 8.795058 8.77315 8.72969 8.64771 8.480579 8.271519
10.38383 10.44699 10.4771 10.45678 10.42697 10.42408 10.40167 10.38498 10.37667 10.38957 10.41262 10.4432 10.57082 10.6481 10.64037 10.54871 10.43421 10.35153 10.26872 10.14372 9.968534 9.723894 9.388747 9.008272 8.722715 8.697316 8.926318 9.196811 9.422383 9.623595 9.793363 9.960137 10.19478 10.42301 10.61678 10.74584 10.76764 10.66927 10.5477 10.50658 10.5795 10.70271 10.78636 10.73719 10.57946 10.33884 10.02082 9.672132 9.355387 9.111774 8.951158 8.868013 8.816398 8.793228 8.779531 8.770662 8.759803 8.718392 8.670132 8.630901 8.586675 8.476409 8.3018
9.70086 9.82487 9.930807 10.01933 10.08046 10.13684 10.17329 10.18836 10.21357 10.22279 10.22813 10.27868 10.45979 10.56984 10.61421 10.55373 10.39541 10.23592 10.14282 10.04637 9.929749 9.799449 9.633981 9.36116 9.029165 8.798905 8.814341 9.003632 9.262414 9.459973 9.603125 9.728528 9.936383 10.1101 10.23162 10.29235 10.25354 10.10759 9.953831 9.901195 9.972577 10.1334 10.28399 10.3225 10.25674 10.13525 9.955407 9.708506 9.461944 9.230274 9.077511 8.975993 8.916455 8.879259 8.837975 8.805712 8.762735 8.711305 8.624263 8.526861 8.454639 8.371268 8.222165
9.217409 9.349926 9.490979 9.614422 9.726311 9.824976 9.907077 9.990671 10.05551 10.04643 9.998298 9.995506 10.05061 10.17528 10.25587 10.27565 10.16181 9.996438 9.834899 9.704679 9.604018 9.526062 9.496989 9.443488 9.25571 9.03546 8.889193 8.900653 9.079469 9.2722 9.396212 9.510767 9.649011 9.751526 9.81126 9.798516 9.793133 9.770905 9.566534 9.36301 9.378182 9.519978 9.713327 9.841866 9.83619 9.773896 9.688788 9.559299 9.390883 9.214877 9.077198 8.996915 8.957964 8.925936 8.896858 8.864028 8.806404 8.742969 8.648155 8.526337 8.38602 8.274528 8.152354
9.032957 9.121755 9.219729 9.332012 9.444106 9.559352 9.665345 9.789549 9.912705 9.957992 9.898858 9.790668 9.701626 9.677518 9.741653 9.844047 9.872798 9.776556 9.595557 9.439048 9.296906 9.201966 9.169995 9.231733 9.248272 9.146445 8.982545 8.861023 8.885454 9.022335 9.152199 9.271364 9.393132 9.433678 9.440903 9.422293 9.528013 9.576358 9.444062 9.223927 9.096382 9.10554 9.249695 9.433058 9.501723 9.477441 9.4336 9.351233 9.246705 9.128957 9.00711 8.931033 8.911744 8.902852 8.883929 8.848827 8.799511 8.720444 8.64468 8.540084 8.402452 8.275546 8.171929
9.136485 9.118041 9.135364 9.186243 9.261819 9.35594 9.45789 9.57993 9.721276 9.886472 9.941919 9.813351 9.617393 9.462505 9.432977 9.498365 9.585669 9.601279 9.52074 9.341084 9.170103 9.018374 8.907866 8.919142 8.988945 9.016234 8.942263 8.807172 8.719988 8.775272 8.900319 9.05078 9.160324 9.200498 9.179364 9.245549 9.363363 9.442414 9.407819 9.257192 9.099067 8.983466 8.98644 9.11874 9.229763 9.293166 9.294045 9.254693 9.176941 9.080401 8.966243 8.87816 8.827642 8.819709 8.802346 8.786163 8.730857 8.663957 8.591063 8.523473 8.451446 8.35926 8.310246
9.346112 9.250527 9.18175 9.160288 9.173176 9.207589 9.28732 9.37604 9.511709 9.747166 9.96881 9.978043 9.809748 9.599203 9.406294 9.320216 9.342179 9.373294 9.358797 9.279961 9.108399 8.941661 8.782852 8.696495 8.707509 8.757688 8.776918 8.733631 8.627581 8.595823 8.697432 8.865088 9.000184 9.084794 9.057397 9.176839 9.285826 9.320115 9.332294 9.260411 9.167424 9.026893 8.908615 8.895204 8.978702 9.095662 9.16033 9.192775 9.156178 9.075924 8.990885 8.877875 8.79774 8.736436 8.702656 8.658253 8.608666 8.571022 8.541977 8.536046 8.534846 8.51827 8.504334
9.55023 9.450407 9.333708 9.238137 9.169872 9.139579 9.130229 9.14002 9.246369 9.481833 9.814282 10.01442 10.03792 9.904734 9.702153 9.51794 9.419294 9.345028 9.287346 9.214967 9.104682 8.948918 8.807797 8.691147 8.634346 8.611301 8.579104 8.561906 8.521967 8.486854 8.555285 8.737923 8.909292 9.010727 9.029664 9.152522 9.220759 9.225096 9.208351 9.146151 9.109132 9.05192 8.915712 8.815416 8.810565 8.874641 8.971702 9.038745 9.086442 9.074797 9.026506 8.935886 8.842716 8.731599 8.62735 8.537596 8.463951 8.45019 8.472655 8.538296 8.611952 8.637115 8.631991
9.671921 9.62486 9.51009 9.382459 9.264092 9.156596 9.01445 8.933956 8.930241 9.09567 9.450492 9.780696 10.0026 10.06355 10.00687 9.89349 9.783076 9.678372 9.573021 9.462776 9.366985 9.273264 9.12267 8.95352 8.824402 8.700419 8.579515 8.478412 8.392989 8.36122 8.419461 8.620482 8.819316 8.910709 8.97716 9.106357 9.162476 9.156531 9.087884 8.991462 8.944834 8.968585 8.930852 8.839432 8.776542 8.771365 8.771439 8.82184 8.882213 8.97276 8.989627 8.939225 8.859561 8.741054 8.624985 8.499589 8.388824 8.357356 8.376196 8.461487 8.573518 8.650867 8.67233
9.61877 9.662507 9.626575 9.513784 9.380472 9.225165 9.032172 8.837173 8.688059 8.723678 8.996961 9.350169 9.683834 9.907907 9.999886 10.05362 10.09744 10.12153 10.09531 10.0233 9.939672 9.823572 9.634107 9.40914 9.178465 8.981936 8.834375 8.666548 8.504883 8.369578 8.338265 8.472841 8.63797 8.729168 8.859611 9.018717 9.094036 9.086436 9.008311 8.907948 8.821623 8.828159 8.825047 8.813018 8.782543 8.742443 8.706292 8.66436 8.652077 8.728124 8.800694 8.828229 8.783615 8.687684 8.578724 8.454166 8.356662 8.313125 8.293486 8.315738 8.435531 8.567799 8.635313
9.465919 9.574449 9.612077 9.577764 9.488058 9.363868 9.170861 8.912094 8.64827 8.491588 8.589077 8.870167 9.233362 9.525867 9.7051 9.783687 9.911652 10.10645 10.2594 10.32123 10.28428 10.18577 10.027 9.805274 9.541927 9.312975 9.125526 8.943256 8.725158 8.492186 8.335096 8.33733 8.43129 8.480654 8.696229 8.894477 9.011914 9.022665 8.940935 8.83328 8.745563 8.708369 8.676429 8.667625 8.665012 8.665745 8.643449 8.594442 8.541501 8.49478 8.564328 8.62629 8.653206 8.619064 8.523417 8.443795 8.377027 8.325538 8.24917 8.19748 8.269718 8.407016 8.51515
9.236136 9.399041 9.522915 9.587191 9.553432 9.486162 9.346956 9.106865 8.793715 8.493303 8.359926 8.483127 8.780768 9.093425 9.327296 9.445535 9.493218 9.67434 9.917222 10.09637 10.16561 10.15987 10.09219 9.966228 9.745605 9.485064 9.239418 9.016205 8.8038 8.548385 8.320714 8.220703 8.259945 8.298469 8.528371 8.733751 8.874903 8.927702 8.871452 8.747728 8.646067 8.573956 8.546784 8.517231 8.517648 8.520617 8.543549 8.557375 8.538088 8.473775 8.476146 8.541511 8.624633 8.670357 8.638506 8.584964 8.519669 8.429464 8.288469 8.143368 8.11862 8.213677 8.315773
8.902125 9.136442 9.342528 9.484897 9.537238 9.538138 9.45353 9.25093 8.954081 8.621982 8.351547 8.266642 8.423972 8.714785 9.004683 9.165789 9.161152 9.20272 9.353456 9.572341 9.746776 9.861717 9.886977 9.851777 9.702073 9.436738 9.135147 8.850304 8.635199 8.423666 8.192271 8.055164 8.03667 8.10385 8.317821 8.519525 8.672202 8.758197 8.751347 8.656368 8.543127 8.45528 8.411972 8.383068 8.394607 8.404347 8.438183 8.493347 8.576994 8.588887 8.58435 8.620905 8.738973 8.852054 8.899435 8.878379 8.807879 8.669987 8.427724 8.16534 8.026457 8.035432 8.109064
8.566054 8.819157 9.088292 9.303629 9.460073 9.5266 9.486212 9.316402 9.045972 8.726006 8.4209 8.215905 8.195074 8.413013 8.737226 8.972776 8.986873 8.917991 8.947915 9.064514 9.241087 9.450925 9.558453 9.592531 9.558125 9.359921 9.054728 8.764352 8.451915 8.219757 8.002289 7.809669 7.701162 7.827992 8.035993 8.261562 8.427178 8.565294 8.625057 8.578054 8.498536 8.408113 8.341486 8.290145 8.270082 8.311175 8.363438 8.429504 8.531953 8.622602 8.667591 8.720057 8.842496 9.002992 9.118666 9.13349 9.081565 8.945382 8.68164 8.35163 8.071044 7.963542 8.010179
8.394579 8.595845 8.847466 9.081483 9.297181 9.478936 9.533233 9.404499 9.169592 8.870663 8.556536 8.284572 8.142226 8.223642 8.50426 8.799732 8.905533 8.831773 8.735102 8.755826 8.868862 9.04984 9.224311 9.330244 9.373405 9.300266 9.168301 8.914545 8.612775 8.258047 7.986797 7.685777 7.540317 7.586866 7.770393 8.006063 8.209075 8.412399 8.558661 8.592331 8.5438 8.456901 8.377509 8.298068 8.225582 8.220841 8.292036 8.368575 8.454245 8.560344 8.642673 8.723344 8.863319 9.04202 9.187506 9.252502 9.241794 9.162451 8.968292 8.6719 8.337859 8.088086 7.980447
8.367133 8.49414 8.687447 8.916323 9.136117 9.37137 9.565074 9.561448 9.398002 9.152689 8.832118 8.5116 8.273757 8.172395 8.328396 8.633035 8.850597 8.849016 8.736526 8.64344 8.656342 8.762025 8.92193 9.043566 9.141336 9.232445 9.267233 9.14787 8.909409 8.613791 8.32184 7.961769 7.685518 7.563676 7.629236 7.829389 8.051386 8.30137 8.517094 8.629372 8.643647 8.59044 8.533404 8.459953 8.370047 8.298955 8.285877 8.319029 8.37478 8.452587 8.538216 8.643179 8.795538 8.992476 9.162716 9.270664 9.318895 9.325343 9.251812 9.02595 8.662295 8.312927 8.076794
8.375231 8.407923 8.569401 8.791778 8.989398 9.225332 9.473962 9.589941 9.564874 9.364168 9.096436 8.772885 8.469717 8.257882 8.241401 8.467764 8.737161 8.849401 8.790173 8.666026 8.585593 8.609041 8.702986 8.798302 8.920912 9.090884 9.222411 9.254461 9.086754 8.920015 8.728828 8.436949 8.1191 7.892949 7.756267 7.788667 7.964931 8.185836 8.399984 8.582094 8.669858 8.687654 8.657717 8.617786 8.552678 8.488438 8.405429 8.341384 8.321455 8.331663 8.386053 8.46305 8.634781 8.857799 9.057708 9.218977 9.322108 9.383977 9.3981 9.269677 8.981482 8.62714 8.321723
8.433465 8.368667 8.453945 8.65106 8.839137 9.073219 9.327537 9.513913 9.593626 9.480783 9.251588 8.947538 8.628811 8.36379 8.21823 8.307534 8.544654 8.700503 8.751635 8.688434 8.588996 8.544698 8.561948 8.613554 8.740862 8.889099 9.024045 9.079064 9.033449 8.927505 8.861088 8.732853 8.532248 8.288482 8.078616 7.953133 7.950307 8.054097 8.229389 8.424462 8.549758 8.599498 8.622954 8.634026 8.618773 8.563299 8.502184 8.416677 8.322836 8.245205 8.217434 8.239114 8.344851 8.578028 8.837303 9.046234 9.221063 9.36284 9.453887 9.439743 9.251583 8.955394 8.632568
8.58569 8.424045 8.406232 8.536141 8.717477 8.944823 9.204684 9.43063 9.592848 9.601435 9.449774 9.164323 8.827269 8.504759 8.26174 8.198959 8.329135 8.485808 8.6025 8.625832 8.573027 8.50955 8.476517 8.502735 8.586811 8.68178 8.789378 8.846127 8.840446 8.790298 8.704842 8.664804 8.594515 8.489272 8.318823 8.14519 8.023573 8.012452 8.099853 8.254454 8.397532 8.453583 8.483069 8.508101 8.505023 8.476718 8.475524 8.41834 8.324493 8.185095 8.082401 8.043798 8.065616 8.225893 8.510147 8.770895 8.998552 9.21438 9.386646 9.480482 9.441635 9.250299 8.973209
8.819963 8.601717 8.474616 8.514728 8.675089 8.865231 9.050652 9.243752 9.434847 9.549854 9.544805 9.378808 9.093104 8.760003 8.444955 8.23186 8.218982 8.30986 8.424569 8.503574 8.514037 8.483374 8.448619 8.459408 8.517711 8.580132 8.635037 8.637316 8.646756 8.634741 8.569871 8.491191 8.447783 8.430905 8.363184 8.227947 8.109716 8.031373 8.039248 8.144144 8.267192 8.345563 8.357036 8.36082 8.36394 8.334245 8.33585 8.31759 8.261248 8.130437 7.995083 7.912985 7.872421 7.932516 8.145705 8.410995 8.67791 8.938134 9.188852 9.371535 9.459911 9.40388 9.217878
9.037806 8.826305 8.630151 8.55915 8.662797 8.798589 8.884131 8.986176 9.130102 9.269339 9.36599 9.37639 9.245214 9.020226 8.738816 8.466775 8.285233 8.236419 8.2956 8.356339 8.400646 8.434082 8.431849 8.468471 8.537735 8.596816 8.600314 8.512912 8.477399 8.467321 8.461331 8.410509 8.334839 8.303476 8.283674 8.217372 8.135199 8.070603 8.043229 8.099087 8.216064 8.297486 8.308884 8.290079 8.272079 8.24738 8.244057 8.272007 8.239901 8.152303 8.012824 7.871976 7.775599 7.742745 7.829982 8.023652 8.282701 8.55768 8.856437 9.129064 9.32162 9.3819 9.312878
9.119661 8.95616 8.762042 8.61548 8.647333 8.72599 8.764102 8.807648 8.872632 8.939561 9.027257 9.120222 9.153865 9.069869 8.921004 8.701104 8.481635 8.325224 8.256804 8.252212 8.280651 8.330446 8.362028 8.448619 8.550053 8.630136 8.617559 8.484035 8.371879 8.308397 8.313835 8.321263 8.283008 8.22449 8.191127 8.167158 8.128694 8.080921 8.039945 8.07884 8.195613 8.281314 8.318918 8.317812 8.293673 8.262733 8.29553 8.374707 8.372853 8.295494 8.124975 7.924281 7.746823 7.635962 7.61272 7.675957 7.844845 8.082427 8.388689 8.721932 9.024836 9.212492 9.270632
9.041212 8.955015 8.806818 8.657911 8.628209 8.672781 8.699648 8.737615 8.759351 8.74967 8.744517 8.807615 8.888225 8.905579 8.871196 8.810569 8.662715 8.50204 8.365978 8.254844 8.202069 8.228987 8.256216 8.358004 8.505138 8.613458 8.615877 8.492096 8.346005 8.225834 8.192704 8.219127 8.247839 8.228284 8.188905 8.143133 8.108223 8.06096 8.016742 8.020433 8.122286 8.221023 8.275388 8.305251 8.329599 8.319847 8.372434 8.424194 8.429104 8.37127 8.242168 8.063394 7.843796 7.658888 7.549287 7.498248 7.518266 7.640805 7.871171 8.199284 8.57132 8.880191 9.081803
8.903259 8.856513 8.78491 8.67134 8.635705 8.653186 8.691307 8.717822 8.751791 8.754066 8.686694 8.631445 8.656133 8.692654 8.706617 8.733786 8.706737 8.633604 8.557112 8.407613 8.256375 8.181634 8.186425 8.285808 8.41927 8.555496 8.600498 8.515179 8.367944 8.233456 8.156013 8.143814 8.190491 8.224063 8.202881 8.171656 8.123012 8.067958 8.012968 7.981288 8.031814 8.106827 8.183681 8.234406 8.273313 8.28195 8.3054 8.340626 8.371525 8.351561 8.307492 8.238123 8.088593 7.880968 7.687915 7.526684 7.427028 7.39232 7.471023 7.710469 8.061551 8.443759 8.739517
