py_wake/examples/data/AJ_ParqueFicticio/Rough survey   Sector 3   Height 30m   Weibull-A.grd
DSAA
73  159
 258469   265669
 6501692   6517492
 .05429767   11.80528
[rows 56 to 83 of 159, columns 0 to 62 of 73]
4.126297 4.111505 4.161299 4.209026 4.254859 4.239383 4.181119 4.146485 4.132448 4.11876 4.112833 4.099047 4.069954 4.049379 3.981916 3.986616 4.008002 4.036185 4.040205 4.04582 3.96776 3.903352 3.974131 4.033536 4.059558 4.050958 4.007362 3.869143 3.878086 4.186514 4.858856 5.136694 4.890296 5.027013 5.260159 5.500824 5.736361 5.768663 5.379476 5.234876 5.905561 5.983529 6.060115 5.972586 6.090545 6.518096 6.826734 6.574909 6.415803 6.203434 6.228116 6.470734 6.132958 4.987458 3.897649 4.494881 5.485792 5.765196 5.27977 4.411112 3.490032 3.686453 4.367694
4.124931 4.054869 4.134531 4.217014 4.280851 4.203413 4.150952 4.116589 4.097744 4.095292 4.09164 4.085874 4.071376 4.0024 3.984572 3.988975 3.998895 4.020781 4.03922 4.029089 4.048473 4.016307 4.016925 4.054779 4.073399 4.074962 4.030399 3.908514 4.224999 4.647694 5.303791 5.154023 5.030326 5.168511 5.517629 5.633712 5.921861 5.742261 5.585736 5.454679 5.867187 6.118183 5.851976 5.781748 6.132524 6.542034 6.619752 6.172561 6.165547 6.279835 6.475742 6.29126 5.863628 4.710194 3.879679 4.751474 5.643727 5.794129 5.09416 4.272271 3.603467 3.411878 3.980014
4.038443 3.979804 4.103538 4.216271 4.286286 4.162293 4.094278 4.060246 4.051458 4.056483 4.059616 4.059237 4.049222 3.995484 4.015676 4.022418 4.013752 4.01048 4.002745 4.02219 4.076798 4.094296 4.091197 4.063165 4.077939 4.06277 4.026121 4.174275 4.510605 5.05783 5.19739 5.198458 5.138613 5.11951 5.360498 5.64692 5.808882 5.812271 5.67418 5.605643 5.860037 5.919321 5.650533 5.639819 6.091585 6.436849 6.335315 5.983782 5.949234 6.248046 6.406324 5.939789 5.568467 4.621739 4.139881 4.839334 5.530857 5.601901 5.130582 4.421807 3.726605 3.405566 3.868791
3.955738 4.044384 4.185118 4.274505 4.27787 4.207432 4.052851 4.004409 4.006193 4.016148 4.030218 4.048083 4.038027 3.980564 4.005964 4.025136 4.030676 4.015858 3.997234 4.028791 4.069363 4.116338 4.118458 4.089713 4.075357 4.040577 4.082824 4.182755 4.316124 4.924097 5.074187 4.960154 5.019356 5.141341 5.288609 5.738544 5.954051 5.905687 5.771502 5.667984 5.75351 5.609825 5.371446 5.559423 5.917425 6.186522 6.110112 5.875882 5.995505 6.24051 6.209304 5.547175 5.297478 4.617894 4.202317 4.654788 5.233688 5.490613 5.132842 4.504567 3.857623 3.316952 3.932634
4.005836 4.129962 4.294326 4.334362 4.27552 4.177728 4.070911 3.952279 3.973558 3.993413 4.007417 4.015331 4.00857 3.953675 3.994058 4.021429 4.020712 4.002446 4.03328 4.081612 4.096161 4.108644 4.098542 4.099378 4.068371 4.000241 4.115846 4.148896 4.452211 4.688218 5.013245 4.999348 4.920743 5.040973 5.453847 5.954827 6.064784 6.074694 5.868758 5.738653 5.6729 5.379763 5.228369 5.563969 5.805922 5.956465 5.82379 5.811711 5.933151 6.136742 5.952149 5.19574 4.991549 4.59852 4.50609 4.599374 5.07388 5.489242 5.049148 4.41784 3.812818 3.383684 4.049094
4.150061 4.276794 4.354103 4.24074 4.102683 4.06779 3.988729 3.935622 3.976791 3.994323 4.001156 4.001271 3.982923 3.996271 4.014639 4.030237 4.033549 3.995154 4.058047 4.110045 4.161854 4.141108 4.116044 4.090782 4.027504 4.034032 4.133845 4.359392 4.6506 4.96121 5.071619 4.95652 4.975568 5.367241 5.67054 5.974843 6.040838 6.024154 5.905852 5.732031 5.546206 5.344334 5.335713 5.517507 5.768898 5.715574 5.545142 5.545003 5.853888 5.952762 5.609312 5.334412 4.876699 4.87341 4.341249 4.782631 5.08958 5.341458 4.969148 4.28871 3.800896 3.62213 3.68056
4.228022 4.353688 4.249076 4.168015 4.051247 3.957474 3.921293 3.958073 3.983814 4.007289 4.00878 4.006106 4.008776 4.025932 4.026681 4.028978 4.031212 3.966097 4.053309 4.137047 4.158187 4.146364 4.140156 4.104551 4.038752 4.142801 4.224891 4.529488 4.747564 4.97969 5.327433 5.334203 5.353946 5.569591 5.728115 5.994114 6.037325 5.948505 5.814 5.627299 5.454118 5.317975 5.281825 5.469012 5.560961 5.634686 5.591872 5.541287 5.418939 5.56141 5.569232 5.137991 4.869355 4.862609 4.772035 4.856767 4.963562 5.102314 4.851938 4.247803 3.740526 3.592043 3.655589
4.266031 4.268095 4.187397 4.127367 4.051779 3.996461 3.981156 3.991467 3.996873 4.015872 4.025573 4.025068 4.035624 4.038878 4.033904 4.019445 3.991646 3.936722 4.021719 4.113077 4.094047 4.092038 4.126972 4.136176 4.126958 4.328784 4.474793 4.65169 4.834115 5.090115 5.25457 5.109992 5.188767 5.400342 5.774491 6.090736 6.061718 5.909822 5.773817 5.603164 5.4505 5.299972 5.1559 5.247284 5.540755 5.580382 5.595774 5.467318 5.334045 5.180182 4.909156 5.186311 5.493347 5.148236 4.719579 4.522262 4.76367 4.74156 4.559369 4.06137 3.597807 3.541408 3.630486
4.262992 4.205385 4.128895 4.093627 4.062954 4.030065 4.030262 4.040256 4.036037 4.025821 4.032694 4.046207 4.05301 4.049748 4.03226 4.010921 3.961794 3.999907 4.051278 4.064484 4.040051 4.085604 4.114103 4.125785 4.231867 4.492179 4.519081 4.799124 5.07706 5.202191 5.153689 5.045063 5.07135 5.342218 5.754463 5.833423 5.940921 5.836013 5.742126 5.634487 5.438856 5.162354 5.160657 5.279975 5.469496 5.591048 5.287476 5.225398 5.095661 5.000723 4.937975 5.138157 5.44648 5.077571 4.482843 4.316156 4.118319 4.110775 3.877755 3.62671 3.358854 3.495849 3.593489
4.219636 4.168855 4.079624 4.052646 4.048193 4.053023 4.05738 4.090202 4.102597 4.037177 4.032042 4.045238 4.055724 4.055336 4.030863 3.993104 3.969332 4.047235 4.073254 4.069545 4.112419 4.158462 4.178802 4.175447 4.260944 4.379758 4.463629 4.830472 5.124236 5.148254 5.119927 4.91803 4.957307 5.234277 5.507813 5.536236 5.58493 5.638322 5.596124 5.459588 5.315361 5.152055 5.191308 5.363383 5.636394 5.447564 5.159059 5.094999 5.122419 4.862534 4.879129 5.052737 5.237005 5.102236 4.535765 4.026679 3.80719 3.799673 3.513419 3.085893 3.363026 3.566858 3.555162
4.155073 4.135158 4.04069 4.017366 4.027667 4.04494 4.075018 4.091267 4.030086 3.999277 4.029669 4.038485 4.037302 4.031157 4.011443 3.991012 4.028024 4.079703 4.097767 4.091189 4.165409 4.26065 4.236298 4.211432 4.21533 4.20716 4.449149 4.793287 5.014407 5.126468 5.014292 4.959545 5.001618 5.27188 5.280434 5.270706 5.253691 5.337462 5.313804 5.175921 5.179763 5.110407 5.226609 5.422744 5.614728 5.376439 4.997101 5.048169 5.236735 4.945019 4.818428 5.151781 5.054243 4.884551 4.531647 3.867821 3.62017 3.651653 3.61819 3.612315 3.806612 3.81322 3.796915
4.120467 4.09022 4.024102 4.001094 4.0033 4.042167 4.084725 4.083024 4.058736 4.010038 4.018327 4.029435 4.026272 4.005349 3.982381 4.02526 4.077153 4.100294 4.124202 4.162272 4.232568 4.266901 4.204257 4.186897 4.159271 4.209144 4.536305 4.728891 4.942832 5.069255 5.046727 5.096234 5.21906 5.254901 5.230488 5.194374 5.187252 5.093057 5.165528 4.97842 4.956328 5.15646 5.337933 5.444754 5.420809 5.057604 5.068001 5.322491 5.350863 4.803387 4.998276 5.34445 5.05915 4.624064 4.33133 3.750325 3.555859 3.568568 3.746734 3.949446 4.035975 4.139534 3.915751
4.107 4.067466 4.00243 3.988607 4.001391 4.049846 4.086981 4.082087 4.074259 4.038566 4.018297 4.018415 4.014237 3.975089 4.002618 4.069391 4.105698 4.135191 4.136016 4.171839 4.214778 4.171809 4.071352 4.099876 4.09374 4.416718 4.620182 4.641443 4.794054 4.965663 5.062036 5.203797 5.268086 5.201864 5.237538 5.185421 5.169012 5.062908 4.859283 4.812541 4.834099 5.27936 5.577644 5.577838 5.272042 5.06471 5.269645 5.351703 5.185081 4.729595 4.932103 5.349257 5.210845 4.605863 3.936253 3.567594 3.182581 3.50532 3.893507 4.071074 4.118908 4.161704 3.802195
4.069129 4.05525 3.944243 3.941782 3.995655 4.076512 4.088542 4.077688 4.07757 4.063505 4.038717 4.013633 3.99799 3.952547 4.094248 4.16658 4.181305 4.171523 4.154761 4.134925 4.108011 4.020076 3.997701 4.053124 4.267663 4.578149 4.623673 4.687688 4.820111 4.986872 5.082304 5.252169 5.327903 5.162947 5.218726 5.216901 5.175958 5.08112 4.821973 4.84659 5.287152 5.473937 5.583216 5.482284 5.163349 5.085537 5.189035 5.224243 4.792856 4.716627 5.307259 5.111329 4.751131 4.146191 3.67114 2.921001 3.078713 3.482428 3.884835 4.080394 4.084759 4.017192 3.877699
4.024985 4.032267 3.92845 3.90281 4.015183 4.090417 4.067431 4.061264 4.072407 4.073441 4.060189 4.043116 3.990217 3.995472 4.151084 4.286838 4.221658 4.167567 4.142616 4.123507 4.058966 3.92099 4.065574 4.16968 4.465259 4.577809 4.607171 4.668272 4.880721 5.081766 5.068951 5.041319 5.273893 5.292161 5.441507 5.379129 5.250587 5.086963 4.987329 5.023235 5.357904 5.600183 5.49225 5.233659 5.058951 5.038559 5.019488 4.919591 4.579826 4.572013 4.756627 4.278567 3.921661 3.65951 3.352612 3.02196 3.021537 3.575829 3.950447 4.074036 4.083154 4.046389 3.940898
4.014668 3.991209 3.935642 3.896934 4.060744 4.069353 4.004078 4.00942 4.039471 4.069245 4.072721 4.026686 4.016349 4.089739 4.197931 4.275725 4.179707 4.14648 4.127987 4.099053 4.036829 4.029525 4.20244 4.371722 4.592054 4.56884 4.616218 4.667068 4.813128 5.011976 5.208935 5.222014 5.340789 5.549283 5.602011 5.566986 5.509375 5.316691 5.231188 5.290854 5.323381 5.435557 5.325451 5.063271 5.027165 5.019814 4.92935 4.853766 4.501066 4.37728 4.161388 3.863099 3.690304 3.760722 3.686447 3.36305 3.366196 3.746845 4.070858 4.12396 4.148335 4.099092 3.958317
4.024748 3.942322 3.896642 3.965408 4.04872 4.05444 3.919253 3.949705 4.024532 4.108971 4.078834 4.071633 4.090576 4.118616 4.200343 4.217246 4.099679 4.095329 4.095835 4.081514 4.024258 4.058353 4.220423 4.405561 4.48773 4.544531 4.559524 4.606943 4.68051 5.126523 5.383144 5.341252 5.661367 5.841955 5.815273 5.826608 5.609136 5.406425 5.300515 5.264617 5.221045 5.272633 5.068307 5.08715 5.089595 5.002285 4.941808 4.79655 4.6327 4.445948 4.292307 4.099018 4.295024 4.451921 4.433899 3.852402 3.786106 4.038481 4.065876 4.18937 4.244717 4.190194 4.0805
4.006128 3.97555 3.993009 4.001174 4.004814 3.99526 3.858319 3.937402 4.092184 4.113276 4.113008 4.11341 4.141041 4.152616 4.161788 4.165667 4.023338 4.021963 4.030112 4.025267 3.987392 4.018602 4.20146 4.352576 4.453471 4.497132 4.47522 4.542375 4.929868 5.371107 5.563538 5.463143 5.840837 5.977798 5.902516 5.698297 5.540758 5.496526 5.498656 5.402695 5.366822 5.342383 4.966426 5.022013 4.99839 4.968291 4.772344 4.565359 4.675723 4.522149 4.392622 4.313771 4.571275 4.861542 4.546655 4.010008 3.798858 4.119505 4.294909 4.304256 4.452286 4.389057 4.212417
4.014419 4.003339 4.012389 4.016926 4.044316 3.978326 3.81003 3.976301 4.152065 4.100867 4.109242 4.122712 4.140714 4.185587 4.180512 4.088213 3.951752 3.973242 3.984095 3.964737 3.90953 4.045272 4.203069 4.358869 4.473506 4.490533 4.468912 4.595597 5.039131 5.646264 5.599778 5.553662 5.751626 5.915623 5.782156 5.585591 5.557353 5.540922 5.532502 5.571058 5.564381 5.112005 4.98104 5.060422 4.837272 4.84721 4.587788 4.29171 4.241866 4.285654 4.164245 4.225554 4.53599 4.773119 4.600855 3.646535 3.678601 4.089057 4.391921 4.551753 4.582664 4.469965 4.115441
3.988346 4.00225 4.012136 4.000079 3.982619 3.853382 3.852848 4.031612 4.142704 4.068718 4.069066 4.091392 4.121757 4.116386 4.024055 3.974909 3.948136 3.977086 3.966629 3.920756 3.950885 4.070937 4.203464 4.381063 4.447053 4.467762 4.454034 4.659371 5.016915 5.529492 5.6012 5.626419 5.626794 5.563507 5.62808 5.561209 5.524418 5.597884 5.442243 5.336824 5.143138 4.911801 4.793048 4.516057 4.400003 3.999621 4.011559 3.690904 4.040255 4.078589 4.005291 4.121425 4.262653 4.278434 3.894217 3.338683 3.493394 3.99583 4.238229 4.428161 4.455479 4.091972 3.693126
3.942921 3.969589 3.992772 3.988788 3.913778 3.887584 3.906859 4.00991 4.079731 4.043619 4.040679 4.050023 4.075061 4.036047 3.973853 3.908057 3.936454 3.96646 3.952682 3.925619 4.05251 4.095742 4.168798 4.308871 4.357192 4.369583 4.352505 4.546229 4.855611 5.446645 5.661214 5.605016 5.4752 5.440125 5.471092 5.49274 5.470061 5.5048 5.242729 4.980258 4.86941 4.49271 4.059415 3.935293 3.6173 3.674003 3.677345 3.796505 4.10962 4.141994 3.967281 3.911185 3.830891 3.562831 3.200594 3.297366 3.548582 3.788766 3.987755 4.183195 3.970318 3.528725 3.204422
3.925109 3.935892 3.951553 3.946835 3.853831 3.898654 3.933852 3.98633 4.015319 4.019165 4.032292 4.035845 4.032629 4.018488 4.002554 3.974917 3.94112 3.937463 3.915703 3.955787 4.094171 4.169936 4.30156 4.400643 4.332238 4.254567 4.233928 4.386765 4.820406 5.505864 5.854406 5.739985 5.680604 5.550947 5.36519 5.243966 5.269995 5.104067 4.760386 4.678899 4.557514 4.093099 3.914881 3.85798 3.87271 4.204267 4.227354 4.200406 4.565143 4.377748 3.902173 3.769365 3.656079 3.566298 3.579496 3.86401 3.751802 3.660785 4.020777 4.275408 3.998041 3.433878 3.210806
3.915486 3.898248 3.89201 3.876513 3.788945 3.855803 3.923257 3.963655 3.976971 4.00263 4.021771 4.030919 4.014681 4.008641 4.005196 4.002586 3.967892 3.90986 3.844208 3.948811 4.100945 4.168376 4.417002 4.364314 4.275348 4.137347 4.263994 4.461438 5.127896 5.855441 6.227984 6.128338 5.919185 5.557584 5.286671 5.20944 5.220603 5.106627 4.592563 4.502629 4.094388 3.886854 3.941496 4.16552 4.454921 4.663666 4.594462 4.576025 4.499391 3.956433 3.766728 3.700151 3.814486 4.052912 4.279821 4.55291 4.369157 4.564137 4.668293 4.4589 4.001024 3.853063 3.451927
3.907583 3.879575 3.845667 3.793349 3.746395 3.84209 3.913882 3.985478 3.989939 3.989109 4.007567 4.01641 3.96732 3.977646 3.994844 3.993254 3.954971 3.850272 3.846536 3.971407 4.008812 4.130676 4.302577 4.241708 4.19935 4.190039 4.288156 4.827945 5.726395 6.370169 6.438582 6.083728 5.822642 5.384881 5.276217 5.262381 5.171721 4.847374 4.450364 4.187901 3.837276 3.877535 4.256769 4.521121 4.875816 5.037113 4.908452 4.599494 4.037494 3.841372 3.895336 4.092446 4.250281 4.506944 4.75656 5.096441 4.964822 5.053588 4.78937 4.328494 3.909207 3.771867 3.472709
3.885547 3.858937 3.815308 3.727056 3.829625 3.896147 3.973335 3.972812 3.983016 3.973238 3.968081 3.971362 3.899095 3.953854 3.986523 3.978846 3.942904 3.921946 3.951883 4.007127 4.029078 4.131856 4.179897 4.178579 4.138402 4.27818 4.57753 5.240075 6.068213 6.498482 6.43862 5.905113 5.526584 5.200704 5.107975 5.045337 4.730124 4.352081 4.131134 4.001186 3.950028 4.271668 4.98287 5.106911 5.117995 5.076932 4.845467 4.496357 4.170284 4.065417 4.214426 4.468663 4.723763 4.966173 5.083408 5.174429 5.172128 4.957047 4.445988 3.986915 3.750806 3.494183 3.247019
3.832821 3.803659 3.751002 3.754806 3.829977 3.92911 3.941648 3.941532 3.950837 3.95331 3.94874 3.912814 3.843986 3.949324 4.025483 3.977497 3.934007 3.986604 4.042508 4.042846 4.079103 4.164736 4.183546 4.139085 4.105575 4.350301 4.763214 5.463817 6.141512 6.284542 5.894862 5.398572 5.196033 4.994065 4.961939 4.851245 4.547288 4.191468 4.043519 4.049543 4.283996 4.803933 5.139416 5.245595 5.181828 4.992514 4.77308 4.566877 4.502985 4.467394 4.526636 4.628668 4.761285 4.912365 5.015197 5.080979 4.808842 4.43429 4.000618 3.641036 3.485437 3.238974 2.996993
3.787417 3.757589 3.785021 3.774759 3.789941 3.833584 3.842379 3.863427 3.889515 3.90458 3.90052 3.811289 3.832466 3.886118 3.938734 3.923547 3.809006 3.957841 4.002695 4.028882 4.07795 4.12867 4.155489 4.084741 4.172059 4.293374 4.836599 5.591959 6.131021 6.142452 5.589136 5.205852 5.00556 4.96984 4.970384 4.748926 4.395179 4.05966 3.958818 4.074355 4.677781 5.263531 5.377178 5.339985 5.195379 4.972767 4.776878 4.645112 4.576483 4.527693 4.536836 4.606195 4.704959 4.814032 4.902166 4.792506 4.445293 4.160176 3.867834 3.582211 3.410062 3.168346 2.873275
3.758252 3.713611 3.736163 3.763458 3.759071 3.754083 3.792606 3.81665 3.837148 3.855122 3.871096 3.862802 3.830076 3.839769 3.839244 3.796792 3.797006 3.934619 3.918043 3.971541 4.078569 4.102968 4.097877 4.143048 4.155595 4.552911 5.151129 5.972971 6.218109 6.027649 5.531134 5.216544 5.137679 5.213094 5.055366 4.752131 4.128091 3.79333 3.870441 4.570839 5.262885 5.358257 5.368396 5.24266 4.989851 4.757852 4.699729 4.61439 4.674033 4.538287 4.469053 4.499384 4.594065 4.673473 4.671016 4.451318 4.190385 4.032151 3.780922 3.552235 3.405559 3.045327 2.687772
