py_wake/examples/data/AJ_ParqueFicticio/Rough survey   Sector 4   Height 200m   Weibull-k.grd
DSAA
73  159
 258469   265669
 6501692   6517492
 2.720703   3.060547
[rows 56 to 83 of 159, columns 0 to 62 of 73]
3.025391 3.025391 3.025391 3.025391 3.029297 3.029297 3.029297 3.025391 3.025391 3.029297 3.029297 3.029297 3.029297 3.029297 3.033203 3.033203 3.033203 3.033203 3.033203 3.033203 3.037109 3.037109 3.037109 3.041016 3.041016 3.041016 3.041016 3.044922 3.044922 3.048828 3.052734 3.052734 3.052734 3.052734 3.052734 3.048828 3.048828 3.048828 3.048828 3.048828 3.044922 3.044922 3.044922 3.041016 3.037109 3.033203 3.029297 3.029297 3.033203 3.041016 3.044922 3.041016 3.025391 3.017578 3.005859 2.982422 2.955078 2.943359 2.951172 2.966797 2.974609 2.955078 2.912109
3.025391 3.025391 3.025391 3.029297 3.029297 3.029297 3.025391 3.025391 3.025391 3.025391 3.029297 3.029297 3.029297 3.029297 3.029297 3.033203 3.033203 3.033203 3.033203 3.033203 3.037109 3.037109 3.041016 3.041016 3.044922 3.044922 3.044922 3.048828 3.056641 3.056641 3.052734 3.052734 3.052734 3.052734 3.048828 3.048828 3.048828 3.048828 3.048828 3.048828 3.044922 3.044922 3.044922 3.044922 3.041016 3.037109 3.033203 3.033203 3.033203 3.037109 3.044922 3.041016 3.025391 3.017578 3.009766 2.986328 2.958984 2.943359 2.947266 2.962891 2.970703 2.958984 2.919922
3.025391 3.021484 3.025391 3.029297 3.029297 3.025391 3.025391 3.025391 3.025391 3.025391 3.029297 3.029297 3.029297 3.029297 3.029297 3.033203 3.033203 3.033203 3.033203 3.033203 3.037109 3.041016 3.041016 3.044922 3.044922 3.044922 3.048828 3.052734 3.056641 3.052734 3.052734 3.052734 3.052734 3.048828 3.048828 3.048828 3.048828 3.048828 3.048828 3.048828 3.044922 3.044922 3.044922 3.044922 3.041016 3.041016 3.037109 3.033203 3.037109 3.037109 3.041016 3.044922 3.025391 3.017578 3.009766 2.994141 2.962891 2.943359 2.943359 2.955078 2.966797 2.966797 2.935547
3.021484 3.021484 3.025391 3.025391 3.029297 3.029297 3.025391 3.025391 3.025391 3.025391 3.025391 3.029297 3.029297 3.029297 3.029297 3.029297 3.033203 3.033203 3.033203 3.033203 3.037109 3.041016 3.041016 3.044922 3.044922 3.044922 3.048828 3.048828 3.052734 3.052734 3.048828 3.048828 3.048828 3.048828 3.048828 3.048828 3.048828 3.048828 3.048828 3.044922 3.044922 3.044922 3.044922 3.044922 3.044922 3.041016 3.041016 3.037109 3.037109 3.037109 3.041016 3.044922 3.029297 3.021484 3.017578 3.001953 2.970703 2.947266 2.943359 2.947266 2.962891 2.966797 2.947266
3.021484 3.025391 3.025391 3.025391 3.029297 3.029297 3.025391 3.021484 3.021484 3.025391 3.025391 3.029297 3.029297 3.029297 3.029297 3.033203 3.033203 3.033203 3.033203 3.037109 3.037109 3.041016 3.041016 3.044922 3.048828 3.048828 3.048828 3.048828 3.048828 3.052734 3.048828 3.048828 3.048828 3.048828 3.048828 3.048828 3.044922 3.044922 3.044922 3.044922 3.044922 3.044922 3.044922 3.044922 3.044922 3.044922 3.044922 3.041016 3.041016 3.037109 3.041016 3.044922 3.033203 3.025391 3.021484 3.009766 2.978516 2.951172 2.943359 2.943359 2.951172 2.962891 2.955078
3.021484 3.025391 3.025391 3.021484 3.021484 3.025391 3.025391 3.021484 3.021484 3.025391 3.025391 3.025391 3.029297 3.029297 3.029297 3.033203 3.033203 3.033203 3.033203 3.037109 3.037109 3.041016 3.044922 3.044922 3.048828 3.048828 3.048828 3.048828 3.048828 3.052734 3.048828 3.048828 3.048828 3.048828 3.048828 3.044922 3.044922 3.044922 3.044922 3.044922 3.044922 3.044922 3.044922 3.044922 3.044922 3.044922 3.044922 3.044922 3.041016 3.041016 3.041016 3.044922 3.041016 3.029297 3.029297 3.017578 2.986328 2.958984 2.943359 2.939453 2.943359 2.951172 2.951172
3.025391 3.025391 3.021484 3.021484 3.021484 3.017578 3.021484 3.021484 3.021484 3.025391 3.025391 3.025391 3.029297 3.029297 3.033203 3.033203 3.037109 3.033203 3.037109 3.037109 3.037109 3.041016 3.044922 3.048828 3.048828 3.052734 3.052734 3.052734 3.048828 3.048828 3.048828 3.048828 3.048828 3.048828 3.048828 3.044922 3.044922 3.044922 3.044922 3.044922 3.044922 3.041016 3.044922 3.044922 3.044922 3.044922 3.044922 3.044922 3.044922 3.044922 3.044922 3.044922 3.048828 3.041016 3.033203 3.021484 2.994141 2.962891 2.943359 2.931641 2.931641 2.935547 2.939453
3.025391 3.021484 3.021484 3.017578 3.017578 3.017578 3.021484 3.021484 3.021484 3.025391 3.025391 3.025391 3.029297 3.029297 3.033203 3.033203 3.033203 3.033203 3.037109 3.037109 3.037109 3.041016 3.044922 3.048828 3.048828 3.052734 3.052734 3.052734 3.052734 3.048828 3.048828 3.048828 3.048828 3.048828 3.048828 3.044922 3.044922 3.044922 3.044922 3.041016 3.041016 3.041016 3.041016 3.041016 3.044922 3.044922 3.044922 3.044922 3.044922 3.044922 3.044922 3.044922 3.044922 3.048828 3.037109 3.021484 2.994141 2.962891 2.935547 2.923828 2.919922 2.923828 2.927734
3.025391 3.021484 3.017578 3.017578 3.017578 3.017578 3.017578 3.017578 3.021484 3.025391 3.025391 3.025391 3.029297 3.029297 3.029297 3.033203 3.033203 3.037109 3.037109 3.037109 3.037109 3.037109 3.041016 3.044922 3.048828 3.052734 3.052734 3.052734 3.048828 3.048828 3.048828 3.048828 3.048828 3.048828 3.048828 3.044922 3.044922 3.044922 3.044922 3.041016 3.041016 3.041016 3.041016 3.041016 3.041016 3.044922 3.044922 3.044922 3.048828 3.048828 3.044922 3.048828 3.044922 3.048828 3.041016 3.017578 2.990234 2.955078 2.927734 2.912109 2.908203 2.919922 2.927734
3.025391 3.021484 3.017578 3.013672 3.013672 3.013672 3.017578 3.017578 3.021484 3.025391 3.025391 3.025391 3.029297 3.029297 3.029297 3.033203 3.033203 3.037109 3.037109 3.037109 3.037109 3.037109 3.037109 3.044922 3.044922 3.048828 3.052734 3.052734 3.048828 3.048828 3.048828 3.048828 3.048828 3.048828 3.048828 3.048828 3.044922 3.044922 3.044922 3.044922 3.044922 3.041016 3.041016 3.041016 3.041016 3.044922 3.044922 3.044922 3.048828 3.048828 3.037109 3.037109 3.048828 3.048828 3.044922 3.021484 2.986328 2.955078 2.923828 2.904297 2.904297 2.919922 2.931641
3.021484 3.017578 3.013672 3.013672 3.013672 3.013672 3.013672 3.013672 3.017578 3.021484 3.025391 3.025391 3.025391 3.029297 3.029297 3.033203 3.033203 3.037109 3.041016 3.041016 3.037109 3.037109 3.037109 3.041016 3.041016 3.044922 3.048828 3.048828 3.048828 3.048828 3.048828 3.048828 3.048828 3.048828 3.048828 3.048828 3.048828 3.044922 3.044922 3.044922 3.044922 3.041016 3.041016 3.037109 3.041016 3.041016 3.044922 3.044922 3.048828 3.048828 3.037109 3.029297 3.037109 3.048828 3.044922 3.025391 2.990234 2.958984 2.923828 2.908203 2.908203 2.923828 2.939453
3.021484 3.017578 3.013672 3.013672 3.009766 3.009766 3.013672 3.013672 3.017578 3.021484 3.021484 3.025391 3.025391 3.025391 3.029297 3.033203 3.037109 3.037109 3.041016 3.041016 3.041016 3.037109 3.037109 3.033203 3.037109 3.037109 3.044922 3.044922 3.048828 3.048828 3.048828 3.048828 3.048828 3.048828 3.048828 3.048828 3.048828 3.048828 3.044922 3.044922 3.044922 3.041016 3.041016 3.037109 3.037109 3.041016 3.044922 3.044922 3.048828 3.048828 3.041016 3.029297 3.029297 3.037109 3.041016 3.033203 3.005859 2.966797 2.935547 2.912109 2.908203 2.916016 2.927734
3.021484 3.017578 3.013672 3.013672 3.009766 3.009766 3.009766 3.013672 3.013672 3.017578 3.021484 3.021484 3.025391 3.025391 3.029297 3.033203 3.037109 3.041016 3.041016 3.041016 3.041016 3.037109 3.033203 3.029297 3.033203 3.033203 3.037109 3.041016 3.041016 3.044922 3.048828 3.048828 3.048828 3.048828 3.048828 3.048828 3.048828 3.048828 3.048828 3.044922 3.044922 3.044922 3.041016 3.041016 3.041016 3.041016 3.041016 3.044922 3.044922 3.048828 3.044922 3.033203 3.025391 3.025391 3.029297 3.029297 3.017578 2.982422 2.951172 2.927734 2.912109 2.912109 2.912109
3.017578 3.017578 3.013672 3.009766 3.009766 3.009766 3.009766 3.009766 3.013672 3.013672 3.017578 3.021484 3.025391 3.025391 3.029297 3.033203 3.037109 3.041016 3.041016 3.041016 3.041016 3.037109 3.033203 3.029297 3.029297 3.033203 3.033203 3.037109 3.037109 3.041016 3.044922 3.048828 3.044922 3.044922 3.048828 3.048828 3.048828 3.048828 3.048828 3.048828 3.048828 3.044922 3.044922 3.044922 3.041016 3.041016 3.041016 3.044922 3.044922 3.044922 3.044922 3.029297 3.017578 3.013672 3.017578 3.025391 3.025391 3.001953 2.970703 2.943359 2.927734 2.916016 2.912109
3.017578 3.017578 3.017578 3.013672 3.009766 3.009766 3.009766 3.009766 3.009766 3.013672 3.013672 3.017578 3.025391 3.025391 3.029297 3.033203 3.037109 3.037109 3.041016 3.041016 3.037109 3.037109 3.033203 3.029297 3.029297 3.029297 3.029297 3.029297 3.033203 3.037109 3.041016 3.048828 3.044922 3.044922 3.044922 3.044922 3.048828 3.048828 3.048828 3.048828 3.048828 3.048828 3.044922 3.044922 3.044922 3.044922 3.044922 3.044922 3.044922 3.044922 3.041016 3.021484 3.009766 3.005859 3.017578 3.025391 3.029297 3.017578 2.990234 2.966797 2.943359 2.931641 2.919922
3.013672 3.013672 3.017578 3.013672 3.013672 3.009766 3.005859 3.005859 3.005859 3.009766 3.013672 3.017578 3.025391 3.029297 3.033203 3.033203 3.033203 3.037109 3.037109 3.037109 3.037109 3.037109 3.033203 3.029297 3.029297 3.029297 3.025391 3.025391 3.025391 3.029297 3.037109 3.048828 3.044922 3.044922 3.044922 3.044922 3.048828 3.048828 3.048828 3.048828 3.048828 3.048828 3.048828 3.048828 3.048828 3.048828 3.044922 3.044922 3.048828 3.048828 3.033203 3.017578 3.009766 3.009766 3.025391 3.041016 3.044922 3.033203 3.013672 2.990234 2.966797 2.951172 2.939453
3.009766 3.013672 3.013672 3.017578 3.013672 3.009766 3.005859 3.005859 3.005859 3.009766 3.013672 3.017578 3.021484 3.025391 3.029297 3.029297 3.029297 3.029297 3.033203 3.033203 3.037109 3.037109 3.033203 3.029297 3.029297 3.025391 3.025391 3.021484 3.021484 3.025391 3.033203 3.044922 3.044922 3.044922 3.044922 3.044922 3.044922 3.048828 3.048828 3.048828 3.048828 3.048828 3.048828 3.048828 3.048828 3.048828 3.048828 3.048828 3.048828 3.048828 3.033203 3.021484 3.013672 3.017578 3.033203 3.052734 3.052734 3.052734 3.033203 3.013672 2.990234 2.974609 2.958984
3.009766 3.013672 3.013672 3.013672 3.013672 3.009766 3.005859 3.005859 3.005859 3.005859 3.009766 3.013672 3.017578 3.021484 3.025391 3.029297 3.025391 3.025391 3.029297 3.029297 3.033203 3.033203 3.033203 3.029297 3.025391 3.025391 3.021484 3.017578 3.017578 3.021484 3.033203 3.044922 3.044922 3.044922 3.044922 3.044922 3.044922 3.048828 3.048828 3.048828 3.048828 3.048828 3.048828 3.048828 3.048828 3.048828 3.048828 3.048828 3.048828 3.048828 3.037109 3.025391 3.017578 3.017578 3.033203 3.052734 3.052734 3.052734 3.052734 3.033203 3.017578 2.998047 2.982422
3.009766 3.009766 3.009766 3.009766 3.009766 3.009766 3.009766 3.005859 3.005859 3.005859 3.009766 3.009766 3.013672 3.017578 3.021484 3.021484 3.021484 3.021484 3.021484 3.025391 3.029297 3.029297 3.029297 3.029297 3.025391 3.025391 3.021484 3.021484 3.017578 3.021484 3.033203 3.041016 3.044922 3.044922 3.044922 3.044922 3.044922 3.044922 3.048828 3.048828 3.048828 3.048828 3.048828 3.048828 3.048828 3.048828 3.048828 3.048828 3.048828 3.044922 3.037109 3.029297 3.021484 3.017578 3.025391 3.044922 3.052734 3.048828 3.052734 3.048828 3.033203 3.017578 2.994141
3.005859 3.005859 3.009766 3.005859 3.005859 3.005859 3.009766 3.009766 3.005859 3.005859 3.005859 3.005859 3.009766 3.009766 3.013672 3.017578 3.017578 3.017578 3.021484 3.021484 3.025391 3.025391 3.025391 3.025391 3.025391 3.025391 3.021484 3.021484 3.021484 3.021484 3.029297 3.041016 3.044922 3.044922 3.044922 3.044922 3.044922 3.044922 3.048828 3.048828 3.048828 3.048828 3.044922 3.041016 3.041016 3.037109 3.041016 3.044922 3.048828 3.044922 3.037109 3.029297 3.017578 3.013672 3.009766 3.025391 3.048828 3.048828 3.048828 3.048828 3.041016 3.025391 3.001953
3.001953 3.001953 3.005859 3.005859 3.001953 3.001953 3.005859 3.005859 3.001953 3.001953 3.001953 3.005859 3.005859 3.005859 3.009766 3.013672 3.013672 3.017578 3.017578 3.017578 3.017578 3.021484 3.021484 3.021484 3.021484 3.021484 3.017578 3.017578 3.017578 3.021484 3.025391 3.037109 3.044922 3.044922 3.044922 3.044922 3.044922 3.044922 3.048828 3.048828 3.048828 3.041016 3.033203 3.025391 3.021484 3.025391 3.033203 3.041016 3.044922 3.044922 3.037109 3.025391 3.013672 3.001953 3.001953 3.017578 3.041016 3.048828 3.048828 3.048828 3.048828 3.033203 3.009766
2.998047 2.998047 3.001953 3.001953 2.998047 2.998047 2.998047 3.001953 3.001953 3.001953 3.001953 3.001953 3.001953 3.001953 3.005859 3.005859 3.009766 3.013672 3.013672 3.013672 3.017578 3.017578 3.017578 3.021484 3.017578 3.017578 3.013672 3.013672 3.013672 3.021484 3.029297 3.037109 3.044922 3.044922 3.044922 3.044922 3.044922 3.048828 3.048828 3.048828 3.041016 3.033203 3.025391 3.021484 3.025391 3.029297 3.033203 3.041016 3.048828 3.048828 3.041016 3.029297 3.017578 3.009766 3.009766 3.025391 3.041016 3.048828 3.048828 3.048828 3.052734 3.044922 3.025391
2.994141 2.994141 2.998047 2.994141 2.990234 2.990234 2.994141 2.994141 2.998047 2.998047 2.998047 2.998047 2.998047 2.998047 2.998047 3.001953 3.005859 3.005859 3.009766 3.013672 3.017578 3.017578 3.017578 3.017578 3.013672 3.013672 3.009766 3.013672 3.017578 3.025391 3.033203 3.041016 3.044922 3.044922 3.044922 3.044922 3.048828 3.048828 3.048828 3.041016 3.033203 3.029297 3.025391 3.029297 3.037109 3.041016 3.044922 3.048828 3.048828 3.048828 3.044922 3.037109 3.029297 3.025391 3.033203 3.041016 3.052734 3.052734 3.052734 3.052734 3.056641 3.060547 3.041016
2.990234 2.990234 2.990234 2.990234 2.986328 2.986328 2.986328 2.990234 2.994141 2.994141 2.994141 2.994141 2.994141 2.994141 2.994141 2.998047 3.001953 3.001953 3.005859 3.009766 3.013672 3.013672 3.013672 3.013672 3.013672 3.013672 3.013672 3.017578 3.021484 3.029297 3.037109 3.041016 3.044922 3.044922 3.044922 3.048828 3.048828 3.048828 3.041016 3.037109 3.033203 3.029297 3.037109 3.041016 3.048828 3.048828 3.048828 3.052734 3.052734 3.052734 3.052734 3.052734 3.048828 3.048828 3.052734 3.052734 3.052734 3.056641 3.056641 3.060547 3.060547 3.060547 3.052734
2.986328 2.982422 2.982422 2.986328 2.982422 2.982422 2.986328 2.986328 2.986328 2.986328 2.986328 2.990234 2.986328 2.990234 2.994141 2.994141 2.998047 3.001953 3.001953 3.005859 3.009766 3.009766 3.009766 3.009766 3.013672 3.017578 3.017578 3.021484 3.025391 3.029297 3.037109 3.044922 3.044922 3.044922 3.044922 3.048828 3.048828 3.044922 3.037109 3.033203 3.033203 3.041016 3.048828 3.048828 3.048828 3.048828 3.048828 3.052734 3.052734 3.052734 3.052734 3.052734 3.052734 3.052734 3.052734 3.052734 3.056641 3.056641 3.060547 3.060547 3.060547 3.060547 3.056641
2.982422 2.978516 2.978516 2.982422 2.982422 2.982422 2.978516 2.978516 2.978516 2.978516 2.978516 2.982422 2.982422 2.986328 2.990234 2.994141 2.994141 2.998047 3.001953 3.005859 3.005859 3.005859 3.009766 3.009766 3.013672 3.017578 3.025391 3.025391 3.029297 3.029297 3.033203 3.041016 3.044922 3.044922 3.044922 3.048828 3.048828 3.041016 3.037109 3.033203 3.041016 3.048828 3.048828 3.048828 3.048828 3.048828 3.048828 3.052734 3.052734 3.052734 3.052734 3.056641 3.052734 3.052734 3.052734 3.052734 3.056641 3.060547 3.060547 3.060547 3.060547 3.060547 3.056641
2.974609 2.974609 2.974609 2.974609 2.974609 2.974609 2.970703 2.970703 2.970703 2.970703 2.970703 2.974609 2.978516 2.982422 2.986328 2.986328 2.990234 2.994141 2.998047 2.998047 3.001953 3.001953 3.005859 3.005859 3.009766 3.017578 3.025391 3.029297 3.029297 3.029297 3.033203 3.037109 3.044922 3.044922 3.048828 3.048828 3.044922 3.041016 3.033203 3.037109 3.044922 3.048828 3.048828 3.048828 3.048828 3.048828 3.048828 3.052734 3.052734 3.052734 3.052734 3.052734 3.052734 3.052734 3.052734 3.056641 3.056641 3.060547 3.060547 3.060547 3.060547 3.060547 3.060547
2.970703 2.966797 2.966797 2.966797 2.966797 2.962891 2.962891 2.962891 2.962891 2.962891 2.962891 2.966797 2.970703 2.974609 2.974609 2.978516 2.986328 2.990234 2.994141 2.998047 2.998047 3.001953 3.001953 3.005859 3.009766 3.017578 3.029297 3.033203 3.029297 3.029297 3.033203 3.037109 3.044922 3.044922 3.048828 3.048828 3.044922 3.037109 3.037109 3.044922 3.048828 3.048828 3.048828 3.048828 3.048828 3.048828 3.048828 3.048828 3.052734 3.052734 3.052734 3.052734 3.052734 3.052734 3.052734 3.056641 3.060547 3.060547 3.060547 3.060547 3.060547 3.060547 3.060547
