py_wake/examples/data/AJ_ParqueFicticio/Rough survey   Sector 12   Height 200m   Orographic speed.grd
DSAA
73  159
 258469   265669
 6501692   6517492
 .732862   1.315491
[rows 28 to 55 of 159, columns 0 to 62 of 73]
1.006564 1.00688 1.006892 1.007133 1.007631 1.008185 1.009466 1.010278 1.011115 1.012107 1.013291 1.014923 1.016451 1.018096 1.019383 1.020921 1.02234 1.023124 1.024094 1.024332 1.023535 1.022656 1.024082 1.026323 1.028607 1.028909 1.028226 1.025152 1.025154 1.023385 1.021783 1.020366 1.016549 1.011132 1.010972 1.014006 1.015997 1.016084 1.016741 1.01322 1.008798 1.010349 1.018016 1.029753 1.045767 1.060844 1.072625 1.085069 1.094838 1.101749 1.103539 1.105538 1.107283 1.100237 1.078601 1.056753 1.045424 1.037821 1.023632 1.008792 .9966666 .9872805 .97764
1.005235 1.006013 1.005886 1.006447 1.006553 1.007265 1.008582 1.009573 1.010543 1.011736 1.012449 1.014062 1.015935 1.018302 1.020122 1.021937 1.022881 1.023834 1.024613 1.024708 1.024394 1.023481 1.024524 1.026609 1.028901 1.029978 1.029512 1.028185 1.027257 1.026964 1.026559 1.024951 1.021684 1.015928 1.016183 1.020795 1.021178 1.021895 1.022064 1.018868 1.014406 1.013904 1.021532 1.030276 1.04407 1.062571 1.08009 1.096769 1.112622 1.125403 1.131588 1.132932 1.133204 1.130189 1.112499 1.087498 1.068398 1.053431 1.037812 1.024936 1.013762 1.00428 .995155
1.003742 1.004499 1.004468 1.005306 1.005445 1.006385 1.007276 1.008282 1.009578 1.009746 1.011113 1.012371 1.013891 1.016587 1.01917 1.021503 1.022709 1.02364 1.024378 1.024311 1.024816 1.025203 1.02611 1.027459 1.02953 1.030678 1.031132 1.030373 1.030014 1.030255 1.02985 1.029878 1.026811 1.020934 1.021327 1.022798 1.023934 1.025285 1.028012 1.027081 1.021143 1.020126 1.023534 1.032267 1.043237 1.058376 1.077013 1.098442 1.119296 1.138971 1.153962 1.161657 1.162362 1.157746 1.144034 1.118866 1.091875 1.065563 1.045539 1.030162 1.020517 1.013799 1.010877
1.002257 1.003061 1.003517 1.004331 1.004098 1.005145 1.005918 1.007002 1.007425 1.00833 1.009122 1.010344 1.011899 1.014465 1.018033 1.020509 1.022296 1.022937 1.023045 1.024045 1.025363 1.025966 1.02738 1.028285 1.029749 1.031784 1.032212 1.031923 1.031632 1.031953 1.031721 1.032774 1.030852 1.027209 1.026617 1.025022 1.025636 1.027882 1.030895 1.031441 1.027529 1.024519 1.025945 1.032471 1.043572 1.055353 1.068765 1.085514 1.107265 1.129576 1.151851 1.168777 1.178005 1.178494 1.168374 1.145938 1.113488 1.079396 1.052391 1.033623 1.023202 1.019005 1.019795
1.000802 1.001617 1.002091 1.00305 1.003309 1.004482 1.004889 1.005118 1.005722 1.006689 1.007529 1.008579 1.009433 1.012032 1.015338 1.018061 1.020591 1.021933 1.022325 1.023996 1.025645 1.026689 1.028126 1.029073 1.030326 1.031752 1.032605 1.033415 1.033247 1.031868 1.032985 1.033851 1.033017 1.030649 1.028934 1.028605 1.028286 1.028683 1.031507 1.033489 1.033235 1.028172 1.025354 1.029638 1.039078 1.053082 1.065893 1.077328 1.090007 1.106681 1.125852 1.14649 1.165326 1.176873 1.178959 1.164234 1.133604 1.097136 1.065739 1.042976 1.02882 1.028253 1.029395
1.000575 1.000508 1.001232 1.001586 1.002697 1.003276 1.004344 1.004696 1.005013 1.005495 1.006199 1.006918 1.008279 1.010126 1.012806 1.015768 1.018442 1.019737 1.021272 1.0235 1.025782 1.027038 1.027864 1.029455 1.030378 1.031396 1.03166 1.031954 1.03294 1.032874 1.033744 1.034581 1.033822 1.032772 1.032019 1.033777 1.033957 1.032323 1.03421 1.036494 1.038507 1.034503 1.026933 1.022279 1.028691 1.042892 1.060625 1.076555 1.088535 1.099891 1.112884 1.128413 1.145511 1.163279 1.176699 1.17698 1.151855 1.119268 1.086174 1.060726 1.044946 1.041055 1.042511
1.001391 1.000769 1.001036 1.000761 1.001569 1.001619 1.002645 1.003506 1.003986 1.004532 1.004598 1.005815 1.006855 1.008845 1.010755 1.013592 1.015938 1.017684 1.020228 1.023025 1.024818 1.026081 1.027386 1.028916 1.029942 1.030699 1.0301 1.031019 1.032412 1.033313 1.034509 1.035325 1.035434 1.034148 1.033292 1.035606 1.039233 1.038584 1.038039 1.041305 1.044627 1.041679 1.033628 1.021773 1.017724 1.02939 1.050969 1.073821 1.09293 1.110724 1.126735 1.142258 1.154511 1.167229 1.180922 1.189116 1.175689 1.148031 1.118059 1.092443 1.072416 1.06261 1.061516
1.000379 .9997529 .9999983 1.000528 1.000898 1.000987 1.001152 1.00171 1.002359 1.002525 1.002599 1.003881 1.004905 1.00703 1.009004 1.010854 1.012649 1.015007 1.018333 1.021061 1.023107 1.024322 1.025771 1.027252 1.028854 1.029112 1.029354 1.030576 1.03224 1.033632 1.034601 1.035888 1.037191 1.036854 1.03605 1.036 1.040608 1.044578 1.045706 1.051 1.053417 1.053398 1.045705 1.031862 1.016215 1.019041 1.039881 1.068049 1.096039 1.121113 1.145243 1.167547 1.185171 1.195922 1.204345 1.210502 1.201763 1.178976 1.151925 1.127084 1.108842 1.096916 1.091259
.9986835 .9986193 .9988393 .9989439 .9997432 1.000813 1.000699 1.000939 1.000844 1.001042 1.000638 1.00082 1.002038 1.004212 1.005719 1.007255 1.008911 1.010203 1.013763 1.016715 1.019778 1.021502 1.023326 1.025424 1.026458 1.027113 1.028682 1.030092 1.032002 1.033643 1.035503 1.036822 1.037521 1.039008 1.038573 1.039002 1.042657 1.050204 1.056917 1.063475 1.070772 1.075023 1.070777 1.056107 1.032073 1.015939 1.025926 1.053146 1.086568 1.11851 1.147685 1.176843 1.202856 1.22123 1.230438 1.233833 1.223506 1.200692 1.175411 1.157559 1.149709 1.142175 1.136389
.9962204 .9961817 .9969556 .9972608 .9975348 .9992484 1.000219 1.000234 1.000271 .9992476 .9994628 .9994675 .9996435 1.00157 1.002684 1.004114 1.005589 1.005769 1.008115 1.010714 1.014243 1.017227 1.019672 1.022305 1.023952 1.025388 1.027128 1.028968 1.031303 1.032743 1.035484 1.037212 1.038664 1.039928 1.040959 1.040953 1.042436 1.051347 1.061336 1.072609 1.085987 1.0987 1.103179 1.094206 1.067846 1.034662 1.021118 1.032176 1.058652 1.090471 1.12176 1.152969 1.186574 1.216442 1.236316 1.245308 1.235948 1.21268 1.189214 1.179118 1.181091 1.184108 1.185514
.9944733 .9947167 .9951352 .9959426 .9961306 .9963652 .9974684 .9978904 .9984968 .9989139 .9992912 .9986616 .9988385 .9990139 1.000213 1.001512 1.003034 1.003847 1.005296 1.006385 1.008725 1.012272 1.015857 1.018543 1.020969 1.022837 1.025433 1.027456 1.028808 1.030893 1.033149 1.03529 1.038097 1.039851 1.042146 1.043064 1.043769 1.050503 1.062934 1.076999 1.092671 1.112219 1.128483 1.131482 1.115291 1.080027 1.046741 1.033634 1.039729 1.061208 1.089575 1.119738 1.154467 1.190456 1.221871 1.240548 1.239616 1.217773 1.195506 1.187087 1.192963 1.2086 1.220677
.9935569 .9945455 .9948916 .9953379 .9964278 .9960048 .9958574 .9965339 .9973512 .9976001 .9982064 .9988677 .9992083 .999111 .9996635 1.001156 1.001976 1.003428 1.005424 1.006714 1.007507 1.008697 1.011614 1.014554 1.017478 1.020467 1.022725 1.024762 1.027134 1.02901 1.03048 1.032979 1.035683 1.038726 1.040043 1.043168 1.043324 1.049959 1.063184 1.077291 1.094182 1.115951 1.138571 1.155573 1.15688 1.133879 1.10111 1.078021 1.06606 1.069448 1.088866 1.11596 1.146305 1.178136 1.21028 1.234912 1.240675 1.221125 1.195259 1.181824 1.184216 1.199995 1.219816
.9938668 .9945228 .9943032 .9945697 .9957504 .996483 .996226 .9960951 .9958537 .9963366 .9971836 .9978293 .9989847 .9994189 .9994 .9993179 1.000443 1.002556 1.004496 1.006799 1.007194 1.007434 1.008096 1.010048 1.013709 1.016249 1.019016 1.021902 1.024343 1.026164 1.028372 1.031374 1.034003 1.035951 1.03797 1.039618 1.040569 1.046839 1.058938 1.073485 1.093874 1.117205 1.141425 1.165734 1.180723 1.1769 1.155657 1.137469 1.121476 1.112761 1.120541 1.138017 1.162069 1.188659 1.214979 1.237019 1.242162 1.223759 1.193911 1.167154 1.15296 1.159008 1.17822
.9959662 .9948453 .9947583 .9936673 .9934931 .9941998 .9951623 .9952992 .99454 .9937518 .9935563 .9941003 .9956575 .9961497 .9966039 .9972394 .998233 .9992765 1.001744 1.004433 1.006002 1.006303 1.007072 1.005968 1.006552 1.010501 1.014087 1.017749 1.020013 1.022853 1.025193 1.028423 1.030976 1.033241 1.035228 1.036586 1.036009 1.039556 1.048702 1.063741 1.085397 1.110415 1.136158 1.162056 1.184164 1.19423 1.187126 1.175592 1.166547 1.156758 1.154371 1.16127 1.178182 1.200092 1.219551 1.237608 1.241682 1.22302 1.188777 1.150556 1.119665 1.108691 1.119152
.9982949 .9968292 .995792 .993943 .9913273 .9911685 .9925621 .992701 .9917592 .9914894 .990908 .9901412 .9905168 .9920832 .9935784 .9940665 .994791 .9958162 .9979936 1.001304 1.003496 1.00509 1.005696 1.006354 1.004935 1.006316 1.008933 1.012298 1.015278 1.018009 1.020802 1.024421 1.026414 1.029303 1.031543 1.032999 1.032158 1.03013 1.034807 1.045843 1.06416 1.085007 1.108351 1.133247 1.15661 1.170431 1.172309 1.165854 1.163808 1.161047 1.159425 1.163491 1.173106 1.18726 1.204413 1.220322 1.227461 1.215879 1.18758 1.147944 1.107053 1.076368 1.066744
.9995086 .998614 .9977681 .9965329 .9917017 .9884019 .9895951 .990409 .9899287 .9901969 .9908392 .9898683 .9896182 .9900552 .9908903 .9914073 .992096 .9922046 .9938221 .9967908 .9994669 1.000768 1.001866 1.004535 1.004786 1.004532 1.005422 1.007247 1.008337 1.010998 1.015234 1.017459 1.01942 1.022532 1.024878 1.025899 1.024189 1.019849 1.017422 1.020431 1.031671 1.047441 1.065798 1.08717 1.106824 1.119157 1.121361 1.118216 1.117288 1.119829 1.12333 1.127627 1.13768 1.151018 1.169441 1.18799 1.201804 1.201158 1.182454 1.151972 1.112153 1.071992 1.041332
1.00049 1.000221 .9997094 .9985293 .9968553 .992459 .9888739 .9881215 .9888715 .990006 .9914654 .9920743 .9904669 .9899743 .9900797 .9907348 .9898797 .9900683 .9912442 .9922012 .9942711 .9952697 .9963564 .9970475 .9998675 .9998255 1.000166 1.000423 1.002092 1.003855 1.007094 1.009261 1.011201 1.014158 1.015712 1.016141 1.014724 1.010514 1.004096 1.001318 1.004007 1.015223 1.028985 1.044666 1.059263 1.069865 1.074379 1.074088 1.074872 1.079366 1.083191 1.08966 1.103388 1.121764 1.142742 1.162193 1.176553 1.179335 1.174011 1.155051 1.1241 1.085266 1.046648
1.000377 1.000156 1.000614 .9996364 1.000594 .9973519 .9927965 .9889888 .9881461 .9890057 .9899845 .9910319 .9913015 .9912496 .9908667 .9903108 .9889732 .9892368 .9892584 .9890413 .9894078 .9905201 .9900005 .990472 .9909392 .9927703 .99305 .9923251 .9920893 .993968 .9955024 .9959497 .9996908 1.001653 1.004235 1.005033 1.004205 1.00163 .9979273 .9939474 .9918084 .9976657 1.007879 1.021062 1.037269 1.052361 1.064726 1.071431 1.073813 1.077162 1.08166 1.08764 1.097727 1.115559 1.135819 1.154812 1.165541 1.164616 1.160397 1.150481 1.133311 1.107228 1.07343
.9996009 .9994864 1.001089 1.001489 1.001573 1.000064 .9954491 .9911745 .9893128 .9873418 .9873533 .9884429 .9900652 .9905715 .9897493 .9882324 .9878131 .9882195 .9890534 .98852 .9884875 .9882123 .9881744 .9882537 .9869347 .9875256 .9869708 .9847581 .982825 .9823457 .9823605 .9819227 .9829823 .9850952 .9879082 .9907824 .9911969 .9897608 .9905891 .9916333 .9923832 .9964374 1.005786 1.023775 1.042772 1.061051 1.075665 1.086176 1.091941 1.095424 1.099153 1.104442 1.110583 1.121405 1.140689 1.16134 1.171625 1.167852 1.153762 1.139292 1.126042 1.111528 1.093143
.9986024 .9983425 .9987581 1.000545 1.000799 .9992899 .9970118 .9936122 .9916035 .9875726 .9841362 .9854506 .9878169 .9883984 .9875066 .9857648 .985736 .9862556 .9874854 .9877409 .9873524 .9861801 .9869009 .9871026 .9865468 .9848932 .9823857 .9791096 .9767119 .9744932 .9721506 .9712633 .9691089 .9699509 .9709839 .9726612 .9737979 .9751638 .9769613 .9817907 .9888136 .9978985 1.01026 1.025749 1.04471 1.062296 1.073659 1.081503 1.086272 1.090973 1.097781 1.107764 1.117632 1.128 1.141631 1.158599 1.177328 1.182075 1.170267 1.146873 1.120883 1.099946 1.084371
.9978175 .9976467 .9974028 .9983363 .9991378 .9981902 .9966152 .9951767 .9931366 .9910223 .9853896 .9827089 .9846181 .985194 .9844008 .9837758 .9834937 .9831266 .9838381 .9855036 .9846545 .9834762 .9824368 .9815212 .9823891 .9807289 .9772325 .9753582 .9733738 .971073 .9681418 .9657065 .9634398 .9601479 .959864 .9599636 .9590536 .9591805 .9594986 .9649061 .9724396 .9826292 .9940931 1.009699 1.026627 1.040374 1.05157 1.059759 1.06919 1.078113 1.087041 1.09673 1.110069 1.121592 1.130628 1.141471 1.162772 1.181134 1.186835 1.175135 1.146329 1.109852 1.078532
.9984873 .9977378 .997411 .9968528 .9973521 .9975798 .9966431 .9959024 .9941816 .9931735 .9902058 .9846657 .9819713 .9827567 .9827029 .9823158 .9824476 .9816034 .9802974 .9814456 .9814002 .9806461 .9795373 .9795077 .9790483 .9771164 .9749003 .9729303 .9707618 .9677455 .9634517 .9603897 .9602011 .9562772 .9525203 .950817 .9480203 .9442219 .9424013 .9426782 .9471934 .9544537 .9644317 .9781955 .9936441 1.012375 1.029915 1.047425 1.062259 1.074197 1.083473 1.089019 1.096377 1.105029 1.110981 1.116342 1.129691 1.150403 1.170264 1.185487 1.178614 1.148678 1.10818
.998612 .9987638 .999175 .9982226 .9971578 .9976746 .9969802 .996337 .9962854 .9955121 .9931005 .9902979 .9858608 .9834177 .982083 .9820508 .9835218 .9843802 .9829894 .9814153 .9808161 .980545 .9805229 .9813659 .980711 .9782993 .9756995 .9729264 .9709535 .9659398 .9602147 .9540552 .9498833 .9470523 .9428627 .9396271 .9356896 .9302076 .9260736 .9246143 .926251 .9320362 .9434965 .9561871 .9738848 .9960865 1.018373 1.03909 1.057462 1.071121 1.080377 1.081891 1.079118 1.087005 1.098082 1.097768 1.098091 1.110231 1.129224 1.158728 1.183186 1.181533 1.155687
.9973957 .9982863 .9986253 .9985012 .9974012 .9966738 .9971375 .9979866 .9977404 .997609 .9957059 .993444 .9891936 .9852679 .9836886 .9828349 .9832699 .9857737 .9860186 .9835955 .9828452 .9824259 .9825977 .9834952 .9829972 .9804695 .9781701 .9761298 .9719797 .9675146 .960497 .9526419 .9428724 .9369637 .9325717 .9262586 .9206869 .9157635 .9125978 .9098825 .9103991 .9177784 .9292697 .9452986 .9645365 .9865407 1.007811 1.028041 1.046199 1.059027 1.067876 1.070829 1.06434 1.069576 1.088024 1.096244 1.08572 1.078776 1.085298 1.111583 1.150124 1.178543 1.180241
.9962862 .9963732 .9972855 .9975952 .9972343 .9964345 .99613 .9975315 .9981683 .9981354 .9967464 .9936024 .9914403 .9879522 .985441 .9836566 .9822966 .9835332 .9845167 .9839482 .9841862 .9846181 .9845458 .9850414 .9845414 .9828899 .9815448 .9802012 .9769158 .9723075 .9663151 .9584153 .9483524 .9395544 .932751 .9238412 .9129349 .9073012 .9061627 .9030789 .8993478 .9008963 .9100025 .9256232 .9449361 .9664852 .9884187 1.007392 1.025474 1.041396 1.054473 1.061232 1.055164 1.055002 1.074747 1.098081 1.094649 1.074782 1.060509 1.069522 1.104276 1.143852 1.166218
.9953463 .995949 .9965195 .9962482 .9965761 .9966685 .9964706 .9967009 .9977999 .9978965 .9973013 .995141 .9925056 .9901068 .9884221 .9863304 .9839797 .9828733 .983129 .9824627 .983438 .9866047 .9872921 .9865106 .9860864 .9847043 .984383 .983812 .9820231 .9784139 .9727268 .9650574 .957217 .9520485 .9471356 .9387444 .9252307 .9129906 .9099202 .9098423 .9036129 .8958401 .8960117 .905008 .92049 .9381064 .9587152 .979552 1.000699 1.022169 1.04271 1.05479 1.049968 1.045924 1.05909 1.088648 1.104733 1.090652 1.064588 1.051836 1.06998 1.105804 1.135854
.9951141 .9953008 .9961511 .996372 .9965079 .9964948 .9971267 .9970202 .9976094 .9977384 .9974137 .9958282 .9932849 .9914877 .9900939 .9898068 .9881591 .9853828 .9840643 .9823759 .9813042 .9823158 .9850523 .9860792 .9857844 .9864108 .9869752 .9874073 .9879299 .9873621 .982662 .9736006 .9665435 .9650413 .9648548 .9611595 .9480562 .9314854 .9225324 .9244527 .9228774 .9121214 .9035733 .8997313 .9060007 .9167113 .9338657 .9549242 .9799321 1.003436 1.02635 1.042206 1.044196 1.038239 1.046036 1.071739 1.098909 1.101191 1.078391 1.056424 1.053217 1.079384 1.113872
.9945869 .9956873 .9966047 .9961896 .9961881 .996449 .9968404 .997444 .9974963 .9974051 .996989 .9959767 .994154 .9919833 .9898705 .9896573 .9892035 .9877483 .9855821 .9842978 .9822847 .980815 .9827231 .9837108 .9844039 .9852222 .9864736 .9893299 .9935632 .9953991 .9944912 .9875282 .9795645 .9787468 .9799929 .9806228 .9719739 .9549305 .9416896 .9402357 .939948 .9356951 .9250744 .9153872 .9105323 .9118516 .9190176 .933892 .955502 .9808434 1.005731 1.027416 1.034206 1.031658 1.035045 1.056485 1.083902 1.094998 1.08117 1.061417 1.051636 1.065869 1.099441
