py_wake/examples/data/AJ_ParqueFicticio/Rough survey   Sector 12   Height 30m   Weibull-k.grd
DSAA
73  159
 258469   265669
 6501692   6517492
 .6542969   2.220703
[rows 28 to 55 of 159, columns 0 to 62 of 73]
1.615234 1.615234 1.611328 1.611328 1.611328 1.607422 1.607422 1.607422 1.603516 1.603516 1.603516 1.603516 1.607422 1.607422 1.603516 1.603516 1.603516 1.599609 1.599609 1.599609 1.599609 1.599609 1.599609 1.599609 1.595703 1.591797 1.587891 1.591797 1.587891 1.591797 1.595703 1.591797 1.591797 1.587891 1.583984 1.583984 1.583984 1.583984 1.583984 1.576172 1.583984 1.583984 1.580078 1.580078 1.564453 1.556641 1.552734 1.541016 1.525391 1.525391 1.537109 1.552734 1.548828 1.552734 1.572266 1.576172 1.576172 1.576172 1.576172 1.576172 1.576172 1.576172 1.572266
1.619141 1.615234 1.615234 1.611328 1.611328 1.607422 1.607422 1.603516 1.603516 1.603516 1.603516 1.603516 1.603516 1.603516 1.603516 1.603516 1.603516 1.599609 1.599609 1.599609 1.599609 1.595703 1.599609 1.595703 1.595703 1.591797 1.587891 1.587891 1.587891 1.587891 1.587891 1.587891 1.583984 1.587891 1.607422 1.591797 1.583984 1.580078 1.580078 1.580078 1.587891 1.591797 1.583984 1.576172 1.576172 1.568359 1.556641 1.552734 1.560547 1.560547 1.564453 1.564453 1.564453 1.560547 1.572266 1.576172 1.576172 1.576172 1.576172 1.576172 1.576172 1.583984 1.587891
1.619141 1.615234 1.615234 1.611328 1.607422 1.607422 1.607422 1.607422 1.603516 1.603516 1.603516 1.603516 1.603516 1.603516 1.603516 1.603516 1.603516 1.599609 1.599609 1.599609 1.599609 1.595703 1.595703 1.591797 1.591797 1.591797 1.587891 1.587891 1.587891 1.587891 1.583984 1.583984 1.587891 1.595703 1.599609 1.587891 1.583984 1.583984 1.583984 1.583984 1.583984 1.595703 1.587891 1.580078 1.572266 1.568359 1.572266 1.576172 1.576172 1.572266 1.572266 1.576172 1.576172 1.572266 1.576172 1.576172 1.576172 1.576172 1.576172 1.576172 1.572266 1.599609 1.580078
1.619141 1.615234 1.615234 1.611328 1.607422 1.607422 1.607422 1.607422 1.607422 1.607422 1.603516 1.603516 1.603516 1.603516 1.603516 1.603516 1.599609 1.599609 1.599609 1.599609 1.599609 1.595703 1.591797 1.591797 1.591797 1.587891 1.587891 1.587891 1.587891 1.587891 1.587891 1.583984 1.583984 1.591797 1.591797 1.587891 1.587891 1.591797 1.587891 1.580078 1.583984 1.595703 1.599609 1.587891 1.580078 1.576172 1.572266 1.576172 1.576172 1.576172 1.572266 1.576172 1.576172 1.572266 1.572266 1.576172 1.576172 1.576172 1.576172 1.576172 1.583984 1.599609 1.576172
1.619141 1.615234 1.611328 1.611328 1.607422 1.607422 1.607422 1.607422 1.607422 1.607422 1.603516 1.603516 1.603516 1.599609 1.599609 1.599609 1.599609 1.599609 1.599609 1.599609 1.595703 1.591797 1.591797 1.591797 1.591797 1.587891 1.587891 1.587891 1.587891 1.587891 1.587891 1.583984 1.587891 1.591797 1.591797 1.591797 1.587891 1.591797 1.587891 1.580078 1.580078 1.583984 1.591797 1.599609 1.591797 1.583984 1.576172 1.580078 1.580078 1.580078 1.576172 1.572266 1.568359 1.560547 1.552734 1.552734 1.564453 1.568359 1.568359 1.576172 1.591797 1.611328 1.576172
1.615234 1.615234 1.611328 1.611328 1.611328 1.611328 1.607422 1.607422 1.607422 1.603516 1.603516 1.603516 1.603516 1.595703 1.599609 1.599609 1.599609 1.599609 1.599609 1.599609 1.595703 1.591797 1.591797 1.591797 1.587891 1.587891 1.587891 1.587891 1.587891 1.587891 1.587891 1.587891 1.587891 1.591797 1.595703 1.595703 1.591797 1.595703 1.591797 1.587891 1.576172 1.576172 1.576172 1.587891 1.599609 1.587891 1.576172 1.580078 1.576172 1.572266 1.560547 1.560547 1.556641 1.552734 1.529297 1.525391 1.537109 1.548828 1.564453 1.576172 1.615234 1.619141 1.572266
1.615234 1.615234 1.611328 1.615234 1.611328 1.611328 1.607422 1.607422 1.607422 1.607422 1.607422 1.607422 1.603516 1.595703 1.599609 1.599609 1.599609 1.599609 1.599609 1.595703 1.595703 1.591797 1.591797 1.587891 1.587891 1.587891 1.587891 1.587891 1.587891 1.587891 1.587891 1.587891 1.587891 1.591797 1.591797 1.599609 1.591797 1.599609 1.599609 1.595703 1.572266 1.572266 1.576172 1.583984 1.587891 1.591797 1.576172 1.576172 1.576172 1.576172 1.572266 1.568359 1.564453 1.560547 1.548828 1.521484 1.521484 1.560547 1.576172 1.587891 1.626953 1.603516 1.572266
1.611328 1.615234 1.615234 1.611328 1.611328 1.615234 1.611328 1.611328 1.611328 1.607422 1.607422 1.607422 1.603516 1.599609 1.599609 1.599609 1.599609 1.599609 1.595703 1.591797 1.591797 1.591797 1.587891 1.587891 1.587891 1.587891 1.587891 1.587891 1.587891 1.587891 1.587891 1.587891 1.587891 1.591797 1.595703 1.599609 1.599609 1.599609 1.599609 1.595703 1.568359 1.568359 1.564453 1.580078 1.580078 1.603516 1.591797 1.583984 1.583984 1.580078 1.576172 1.580078 1.576172 1.576172 1.568359 1.552734 1.552734 1.572266 1.576172 1.615234 1.623047 1.580078 1.572266
1.615234 1.615234 1.615234 1.615234 1.615234 1.615234 1.607422 1.607422 1.611328 1.607422 1.607422 1.607422 1.603516 1.599609 1.603516 1.599609 1.599609 1.599609 1.599609 1.591797 1.591797 1.591797 1.587891 1.591797 1.587891 1.587891 1.587891 1.587891 1.587891 1.587891 1.587891 1.591797 1.591797 1.595703 1.599609 1.607422 1.615234 1.615234 1.626953 1.623047 1.591797 1.560547 1.568359 1.576172 1.580078 1.603516 1.630859 1.607422 1.603516 1.603516 1.595703 1.576172 1.580078 1.576172 1.572266 1.560547 1.564453 1.576172 1.583984 1.634766 1.623047 1.583984 1.572266
1.615234 1.615234 1.615234 1.615234 1.615234 1.615234 1.611328 1.611328 1.611328 1.607422 1.607422 1.607422 1.603516 1.603516 1.603516 1.599609 1.599609 1.599609 1.599609 1.599609 1.591797 1.587891 1.591797 1.591797 1.587891 1.587891 1.587891 1.587891 1.587891 1.591797 1.591797 1.595703 1.595703 1.595703 1.599609 1.607422 1.626953 1.626953 1.634766 1.646484 1.626953 1.587891 1.568359 1.576172 1.583984 1.576172 1.626953 1.595703 1.580078 1.576172 1.572266 1.576172 1.576172 1.568359 1.564453 1.556641 1.560547 1.576172 1.599609 1.642578 1.634766 1.603516 1.583984
1.611328 1.615234 1.615234 1.615234 1.615234 1.615234 1.611328 1.611328 1.607422 1.607422 1.607422 1.603516 1.603516 1.603516 1.603516 1.599609 1.599609 1.599609 1.599609 1.603516 1.591797 1.591797 1.591797 1.591797 1.587891 1.587891 1.587891 1.587891 1.587891 1.591797 1.595703 1.591797 1.595703 1.599609 1.603516 1.611328 1.630859 1.638672 1.650391 1.650391 1.642578 1.607422 1.580078 1.572266 1.580078 1.583984 1.611328 1.576172 1.576172 1.576172 1.576172 1.576172 1.572266 1.564453 1.552734 1.548828 1.560547 1.576172 1.607422 1.654297 1.650391 1.626953 1.615234
1.615234 1.615234 1.615234 1.615234 1.615234 1.611328 1.611328 1.611328 1.607422 1.607422 1.607422 1.603516 1.599609 1.599609 1.599609 1.599609 1.599609 1.599609 1.603516 1.595703 1.591797 1.591797 1.591797 1.591797 1.587891 1.587891 1.587891 1.587891 1.587891 1.591797 1.595703 1.595703 1.595703 1.599609 1.603516 1.619141 1.638672 1.654297 1.666016 1.658203 1.642578 1.623047 1.595703 1.576172 1.572266 1.587891 1.630859 1.595703 1.576172 1.576172 1.576172 1.576172 1.576172 1.576172 1.572266 1.568359 1.564453 1.576172 1.599609 1.650391 1.650391 1.646484 1.626953
1.611328 1.615234 1.615234 1.615234 1.615234 1.611328 1.607422 1.611328 1.607422 1.607422 1.603516 1.603516 1.595703 1.599609 1.599609 1.599609 1.599609 1.599609 1.599609 1.591797 1.591797 1.591797 1.591797 1.587891 1.587891 1.587891 1.587891 1.587891 1.591797 1.595703 1.599609 1.599609 1.599609 1.599609 1.603516 1.615234 1.634766 1.662109 1.673828 1.666016 1.658203 1.642578 1.626953 1.599609 1.583984 1.599609 1.642578 1.646484 1.634766 1.623047 1.583984 1.576172 1.576172 1.576172 1.576172 1.576172 1.576172 1.576172 1.583984 1.623047 1.642578 1.642578 1.626953
1.611328 1.615234 1.615234 1.615234 1.611328 1.611328 1.611328 1.611328 1.607422 1.607422 1.603516 1.603516 1.603516 1.599609 1.599609 1.599609 1.599609 1.599609 1.595703 1.591797 1.591797 1.591797 1.591797 1.591797 1.591797 1.587891 1.587891 1.591797 1.591797 1.595703 1.599609 1.603516 1.603516 1.603516 1.607422 1.611328 1.642578 1.673828 1.681641 1.677734 1.669922 1.662109 1.650391 1.626953 1.607422 1.623047 1.658203 1.669922 1.669922 1.662109 1.646484 1.615234 1.583984 1.572266 1.576172 1.576172 1.576172 1.576172 1.576172 1.576172 1.595703 1.595703 1.599609
1.615234 1.615234 1.615234 1.615234 1.615234 1.611328 1.611328 1.611328 1.607422 1.607422 1.603516 1.603516 1.603516 1.603516 1.599609 1.599609 1.599609 1.599609 1.595703 1.591797 1.591797 1.591797 1.595703 1.591797 1.587891 1.591797 1.591797 1.591797 1.591797 1.595703 1.599609 1.599609 1.599609 1.607422 1.611328 1.619141 1.646484 1.677734 1.685547 1.677734 1.669922 1.654297 1.646484 1.623047 1.611328 1.615234 1.650391 1.669922 1.654297 1.646484 1.630859 1.615234 1.587891 1.572266 1.576172 1.576172 1.576172 1.576172 1.576172 1.576172 1.572266 1.580078 1.572266
1.615234 1.615234 1.615234 1.615234 1.615234 1.611328 1.611328 1.611328 1.607422 1.607422 1.603516 1.603516 1.603516 1.603516 1.599609 1.599609 1.599609 1.599609 1.599609 1.591797 1.591797 1.591797 1.591797 1.587891 1.587891 1.591797 1.591797 1.591797 1.591797 1.595703 1.599609 1.599609 1.603516 1.607422 1.607422 1.619141 1.638672 1.662109 1.673828 1.662109 1.650391 1.626953 1.607422 1.583984 1.576172 1.576172 1.580078 1.595703 1.587891 1.576172 1.576172 1.576172 1.576172 1.576172 1.572266 1.576172 1.576172 1.576172 1.576172 1.572266 1.572266 1.572266 1.568359
1.615234 1.615234 1.615234 1.611328 1.615234 1.611328 1.611328 1.611328 1.607422 1.607422 1.603516 1.603516 1.599609 1.599609 1.599609 1.599609 1.599609 1.599609 1.599609 1.591797 1.591797 1.595703 1.595703 1.591797 1.587891 1.587891 1.587891 1.587891 1.587891 1.595703 1.595703 1.595703 1.603516 1.607422 1.603516 1.611328 1.626953 1.642578 1.654297 1.646484 1.634766 1.591797 1.576172 1.576172 1.580078 1.564453 1.552734 1.572266 1.580078 1.576172 1.576172 1.576172 1.572266 1.568359 1.576172 1.576172 1.576172 1.576172 1.576172 1.576172 1.576172 1.572266 1.568359
1.615234 1.615234 1.615234 1.611328 1.615234 1.611328 1.607422 1.611328 1.607422 1.607422 1.603516 1.603516 1.599609 1.599609 1.599609 1.599609 1.599609 1.599609 1.599609 1.595703 1.595703 1.595703 1.595703 1.595703 1.595703 1.587891 1.587891 1.583984 1.583984 1.591797 1.591797 1.587891 1.599609 1.607422 1.595703 1.603516 1.619141 1.634766 1.634766 1.626953 1.619141 1.580078 1.576172 1.580078 1.568359 1.552734 1.572266 1.580078 1.576172 1.576172 1.576172 1.576172 1.576172 1.576172 1.576172 1.576172 1.576172 1.576172 1.572266 1.576172 1.572266 1.572266 1.572266
1.615234 1.615234 1.615234 1.615234 1.611328 1.611328 1.611328 1.611328 1.607422 1.603516 1.603516 1.603516 1.599609 1.595703 1.599609 1.599609 1.599609 1.599609 1.599609 1.591797 1.595703 1.595703 1.595703 1.595703 1.591797 1.587891 1.587891 1.587891 1.583984 1.583984 1.583984 1.580078 1.580078 1.595703 1.583984 1.595703 1.611328 1.623047 1.630859 1.623047 1.615234 1.595703 1.576172 1.576172 1.576172 1.583984 1.599609 1.607422 1.603516 1.587891 1.576172 1.576172 1.576172 1.576172 1.576172 1.576172 1.576172 1.572266 1.572266 1.572266 1.576172 1.572266 1.572266
1.615234 1.615234 1.615234 1.611328 1.611328 1.611328 1.611328 1.607422 1.607422 1.603516 1.603516 1.603516 1.599609 1.595703 1.599609 1.599609 1.599609 1.599609 1.595703 1.591797 1.599609 1.595703 1.595703 1.591797 1.587891 1.587891 1.591797 1.591797 1.591797 1.583984 1.580078 1.583984 1.583984 1.583984 1.580078 1.583984 1.599609 1.615234 1.630859 1.626953 1.626953 1.630859 1.630859 1.626953 1.619141 1.603516 1.607422 1.591797 1.576172 1.576172 1.576172 1.576172 1.576172 1.576172 1.576172 1.576172 1.576172 1.568359 1.568359 1.568359 1.572266 1.572266 1.572266
1.615234 1.615234 1.615234 1.615234 1.611328 1.611328 1.611328 1.607422 1.607422 1.603516 1.603516 1.603516 1.603516 1.591797 1.599609 1.599609 1.599609 1.599609 1.595703 1.595703 1.595703 1.595703 1.595703 1.595703 1.595703 1.587891 1.591797 1.591797 1.587891 1.587891 1.583984 1.583984 1.583984 1.580078 1.580078 1.580078 1.587891 1.599609 1.623047 1.619141 1.623047 1.626953 1.626953 1.619141 1.603516 1.576172 1.576172 1.580078 1.576172 1.576172 1.576172 1.576172 1.576172 1.576172 1.576172 1.576172 1.576172 1.572266 1.564453 1.552734 1.560547 1.568359 1.564453
1.615234 1.615234 1.611328 1.611328 1.611328 1.611328 1.611328 1.607422 1.603516 1.603516 1.603516 1.603516 1.599609 1.599609 1.599609 1.599609 1.599609 1.599609 1.599609 1.599609 1.595703 1.595703 1.595703 1.595703 1.595703 1.595703 1.591797 1.591797 1.587891 1.587891 1.583984 1.583984 1.580078 1.580078 1.580078 1.580078 1.580078 1.587891 1.599609 1.595703 1.595703 1.583984 1.576172 1.576172 1.576172 1.580078 1.576172 1.580078 1.576172 1.576172 1.576172 1.576172 1.576172 1.576172 1.576172 1.572266 1.576172 1.572266 1.564453 1.556641 1.537109 1.548828 1.556641
1.615234 1.615234 1.611328 1.615234 1.611328 1.611328 1.607422 1.607422 1.603516 1.603516 1.603516 1.603516 1.599609 1.599609 1.599609 1.599609 1.599609 1.599609 1.599609 1.599609 1.595703 1.595703 1.595703 1.595703 1.595703 1.591797 1.591797 1.591797 1.587891 1.587891 1.583984 1.583984 1.583984 1.583984 1.583984 1.580078 1.576172 1.576172 1.580078 1.580078 1.576172 1.576172 1.576172 1.576172 1.576172 1.576172 1.576172 1.572266 1.576172 1.576172 1.576172 1.576172 1.576172 1.576172 1.576172 1.572266 1.576172 1.572266 1.572266 1.560547 1.544922 1.537109 1.548828
1.615234 1.615234 1.611328 1.615234 1.611328 1.611328 1.607422 1.607422 1.603516 1.603516 1.603516 1.603516 1.595703 1.595703 1.599609 1.599609 1.599609 1.599609 1.595703 1.595703 1.595703 1.595703 1.595703 1.595703 1.595703 1.591797 1.591797 1.591797 1.587891 1.587891 1.587891 1.583984 1.583984 1.583984 1.583984 1.580078 1.580078 1.580078 1.580078 1.576172 1.576172 1.576172 1.576172 1.583984 1.591797 1.583984 1.583984 1.580078 1.572266 1.576172 1.576172 1.576172 1.576172 1.572266 1.572266 1.548828 1.564453 1.572266 1.572266 1.568359 1.548828 1.541016 1.544922
1.615234 1.615234 1.611328 1.615234 1.611328 1.607422 1.607422 1.607422 1.603516 1.603516 1.603516 1.603516 1.595703 1.599609 1.599609 1.599609 1.595703 1.599609 1.599609 1.595703 1.595703 1.595703 1.595703 1.591797 1.591797 1.591797 1.591797 1.587891 1.587891 1.587891 1.587891 1.587891 1.583984 1.583984 1.583984 1.580078 1.580078 1.580078 1.580078 1.580078 1.576172 1.576172 1.576172 1.580078 1.591797 1.583984 1.576172 1.576172 1.576172 1.576172 1.576172 1.576172 1.576172 1.572266 1.576172 1.541016 1.533203 1.560547 1.572266 1.568359 1.564453 1.541016 1.537109
1.615234 1.611328 1.611328 1.615234 1.611328 1.607422 1.607422 1.607422 1.603516 1.603516 1.603516 1.603516 1.599609 1.599609 1.599609 1.599609 1.599609 1.599609 1.599609 1.595703 1.591797 1.591797 1.587891 1.587891 1.591797 1.591797 1.587891 1.587891 1.587891 1.587891 1.587891 1.587891 1.583984 1.583984 1.583984 1.580078 1.580078 1.580078 1.580078 1.576172 1.576172 1.576172 1.576172 1.576172 1.576172 1.576172 1.576172 1.576172 1.576172 1.576172 1.576172 1.576172 1.572266 1.572266 1.572266 1.541016 1.517578 1.537109 1.572266 1.568359 1.568359 1.552734 1.517578
1.611328 1.611328 1.615234 1.611328 1.607422 1.607422 1.607422 1.603516 1.603516 1.603516 1.603516 1.599609 1.599609 1.599609 1.599609 1.599609 1.591797 1.591797 1.599609 1.595703 1.595703 1.595703 1.595703 1.591797 1.591797 1.591797 1.583984 1.583984 1.587891 1.583984 1.583984 1.583984 1.583984 1.583984 1.580078 1.580078 1.580078 1.580078 1.587891 1.576172 1.576172 1.576172 1.576172 1.576172 1.576172 1.576172 1.576172 1.576172 1.576172 1.576172 1.576172 1.572266 1.572266 1.572266 1.572266 1.564453 1.529297 1.533203 1.564453 1.568359 1.572266 1.568359 1.533203
1.615234 1.611328 1.615234 1.611328 1.607422 1.607422 1.607422 1.603516 1.603516 1.603516 1.603516 1.599609 1.599609 1.599609 1.599609 1.595703 1.591797 1.591797 1.595703 1.595703 1.595703 1.595703 1.595703 1.591797 1.591797 1.591797 1.583984 1.583984 1.583984 1.583984 1.583984 1.583984 1.580078 1.576172 1.576172 1.580078 1.576172 1.580078 1.626953 1.626953 1.587891 1.599609 1.583984 1.583984 1.576172 1.576172 1.576172 1.576172 1.576172 1.576172 1.572266 1.568359 1.568359 1.576172 1.572266 1.568359 1.525391 1.529297 1.556641 1.572266 1.611328 1.572266 1.529297
